{"sensorType":"Leap","data":[[0,{"currentFrameRate":109.522,"devices":[],"gestures":[],"hands":[{"armBasis":[[0.865401,-0.252305,-0.432924],[0.445711,0.782383,0.434993],[0.228961,-0.569402,0.78953]],"armWidth":63.72,"confidence":0.68521,"direction":[-0.0138261,0.205344,-0.978592],"elbow":[58.0737,116.628,289.509],"grabStrength":0,"id":506,"palmNormal":[-0.459167,-0.870697,-0.176216],"palmPosition":[-13.2469,281.1,23.5407],"palmVelocity":[-30.1145,-112.614,157.792],"palmWidth":90.99,"pinchStrength":0.871616,"r":[[0.56326,0.209556,0.799265],[0.555633,-0.812002,-0.178672],[0.611563,0.544737,-0.573805]],"s":1.3531,"sphereCenter":[-54.1946,283.88,-1.40651],"sphereRadius":57.2474,"stabilizedPalmPosition":[-11.0979,292.714,-5.031],"t":[1.33606,20.5542,16.1],"timeVisible":245.873,"type":"right","wrist":[-3.74585,270.367,76.3354]}],"id":1824544,"interactionBox":{"center":[0,200,0],"size":[235.247,235.247,147.751]},"pointables":[{"bases":[[[0.76542,0.639012,-0.0761277],[-0.50411,0.668913,0.546286],[0.400006,-0.379762,0.834132]],[[0.718796,0.67561,-0.163965],[-0.693239,0.714324,-0.0957126],[0.0524597,0.182465,0.981812]],[[0.718796,0.67561,-0.163965],[-0.64923,0.567953,-0.505895],[-0.248663,0.470086,0.846868]],[[0.718796,0.67561,-0.163965],[-0.422561,0.237283,-0.874722],[-0.552065,0.698032,0.456044]]],"btipPosition":[-15.1997,231.528,-7.74512],"carpPosition":[-33.9796,273.001,80.8121],"dipPosition":[-28.12,247.865,2.92795],"direction":[0.248663,-0.470086,-0.846868],"extended":false,"handId":506,"id":5060,"length":52.1164,"mcpPosition":[-33.9796,273.001,80.8121],"pipPosition":[-36.5983,263.892,31.8024],"stabilizedTipPosition":[-18.9993,247.386,-37.1891],"timeVisible":245.873,"tipPosition":[-18.4747,235.567,-5.4222],"tipVelocity":[-24.3759,-116.005,158.68],"tool":false,"touchDistance":0.419307,"touchZone":"hovering","type":0,"width":20.25},{"bases":[[[0.873311,-0.406079,-0.269124],[0.429942,0.902223,0.0338108],[0.22908,-0.145235,0.962512]],[[0.891363,-0.418215,-0.174839],[0.445226,0.735327,0.510948],[-0.0851222,-0.533283,0.841643]],[[0.891363,-0.418215,-0.174839],[0.452631,0.800391,0.393064],[-0.0244453,-0.4295,0.902736]],[[0.891363,-0.418215,-0.174839],[0.452117,0.848,0.276562],[0.032601,-0.325565,0.944957]]],"btipPosition":[-31.1477,338.158,-72.0065],"carpPosition":[-17.9853,288.619,72.9288],"dipPosition":[-30.5907,332.596,-55.8613],"direction":[0.0244453,0.4295,-0.902736],"extended":true,"handId":506,"id":5061,"length":58.8075,"mcpPosition":[-34.8386,299.303,2.11718],"pipPosition":[-31.1816,322.215,-34.0418],"stabilizedTipPosition":[-24.306,348.885,-93.7953],"timeVisible":245.873,"tipPosition":[-30.8782,337.4,-68.0146],"tipVelocity":[-65.3328,-134.453,150.432],"tool":false,"touchDistance":0.405948,"touchZone":"hovering","type":1,"width":19.3428},{"bases":[[[0.810055,-0.569785,-0.138405],[0.576321,0.817174,0.00894902],[0.108002,-0.0870148,0.990335]],[[0.810426,-0.570085,-0.134954],[0.124332,0.392482,-0.911317],[0.572495,0.721776,0.388958]],[[0.810426,-0.570085,-0.134954],[-0.560716,-0.688071,-0.460604],[0.169725,0.448956,-0.877287]],[[0.810426,-0.570085,-0.134954],[-0.529365,-0.811287,0.248163],[-0.250961,-0.129678,-0.959272]]],"btipPosition":[-41.9906,246.245,24.2731],"carpPosition":[-6.75073,285.294,69.1412],"dipPosition":[-46.7066,243.808,6.24644],"direction":[-0.169725,-0.448956,0.877287],"extended":false,"handId":506,"id":5062,"length":67.0064,"mcpPosition":[-14.2858,291.364,0.0474968],"pipPosition":[-41.8803,256.574,-18.7004],"stabilizedTipPosition":[-43.3865,257.884,-15.3729],"timeVisible":245.873,"tipPosition":[-43.0632,245.662,20.226],"tipVelocity":[-21.8599,-120.997,160.424],"tool":false,"touchDistance":0.333333,"touchZone":"none","type":2,"width":18.9972},{"bases":[[[0.771353,-0.636349,0.00856162],[0.635873,0.771187,0.0306029],[-0.0260768,-0.0181616,0.999495]],[[0.770648,-0.636589,0.029248],[0.279632,0.296566,-0.913156],[0.572631,0.711901,0.406559]],[[0.770648,-0.636589,0.029248],[-0.548448,-0.685919,-0.478247],[0.324509,0.35252,-0.877738]],[[0.770648,-0.636589,0.029248],[-0.624561,-0.745378,0.2331],[-0.126588,-0.197905,-0.972013]]],"btipPosition":[-26.9935,242.398,28.3478],"carpPosition":[3.58232,279.135,66.6448],"dipPosition":[-29.3587,238.7,10.1867],"direction":[-0.324509,-0.35252,0.877738],"extended":false,"handId":506,"id":5063,"length":64.4285,"mcpPosition":[5.21577,280.273,4.03647],"pipPosition":[-20.3692,248.465,-14.1284],"stabilizedTipPosition":[-28.2307,253.013,-11.9778],"timeVisible":245.873,"tipPosition":[-27.5791,241.526,24.0233],"tipVelocity":[-19.8326,-116.66,161.644],"tool":false,"touchDistance":0.333333,"touchZone":"none","type":3,"width":18.077},{"bases":[[[0.647412,-0.752791,0.11901],[0.743287,0.658169,0.119744],[-0.168471,0.0109346,0.985646]],[[0.661159,-0.750019,0.0184464],[0.364756,0.29986,-0.881497],[0.655608,0.589538,0.471829]],[[0.661159,-0.750019,0.0184464],[-0.622022,-0.561742,-0.545468],[0.419474,0.349167,-0.837928]],[[0.661159,-0.750019,0.0184464],[-0.743749,-0.652006,0.147395],[-0.0985222,-0.111171,-0.988906]]],"btipPosition":[-9.18091,240.444,25.9517],"carpPosition":[10.7383,266.836,66.3536],"dipPosition":[-10.8791,238.527,8.90611],"direction":[-0.419474,-0.349167,0.837928],"extended":false,"handId":506,"id":5064,"length":50.5107,"mcpPosition":[20.5071,266.202,9.20074],"pipPosition":[-2.67471,245.357,-7.48276],"stabilizedTipPosition":[-10.0543,251.097,-12.4334],"timeVisible":245.873,"tipPosition":[-9.56483,240.067,22.1319],"tipVelocity":[-19.3953,-111.638,162.93],"tool":false,"touchDistance":0.333333,"touchZone":"none","type":4,"width":16.0574}],"r":[[0.56326,0.209556,0.799265],[0.555633,-0.812002,-0.178672],[0.611563,0.544737,-0.573805]],"s":1.3531,"t":[1.33606,20.5542,16.1],"timestamp":98060345991},false],[1,{"currentFrameRate":110.496,"devices":[],"gestures":[],"hands":[{"armBasis":[[0.884604,-0.238404,-0.400798],[0.40599,0.81657,0.410349],[0.229451,-0.525716,0.81913]],"armWidth":63.72,"confidence":0.699719,"direction":[0.0194432,0.161765,-0.986638],"elbow":[59.8787,113.501,300.056],"grabStrength":0,"id":506,"palmNormal":[-0.426369,-0.891252,-0.154528],"palmPosition":[-9.75861,263.559,25.3386],"palmVelocity":[59.1398,151.379,-205.774],"palmWidth":90.99,"pinchStrength":1,"r":[[0.532528,0.279688,0.798867],[0.601015,-0.789525,-0.124222],[0.595982,0.546283,-0.588541]],"s":1.34414,"sphereCenter":[-46.9,261.512,-1.5771],"sphereRadius":55.1345,"stabilizedPalmPosition":[-14.7164,259.366,37.2366],"t":[4.01254,0.392286,21.161],"timeVisible":246.261,"type":"right","wrist":[-2.07307,255.445,78.8909]}],"id":1824587,"interactionBox":{"center":[0,200,0],"size":[235.247,235.247,147.751]},"pointables":[{"bases":[[[0.749054,0.658239,-0.0750917],[-0.544717,0.676421,0.495719],[0.377095,-0.330417,0.865231]],[[0.701896,0.691221,-0.171916],[-0.712167,0.685324,-0.152147],[0.0126512,0.229224,0.973291]],[[0.701896,0.691221,-0.171916],[-0.626717,0.484627,-0.610215],[-0.338479,0.53605,0.773358]],[[0.701896,0.691221,-0.171916],[-0.305575,0.0741968,-0.949273],[-0.643402,0.718824,0.263298]]],"btipPosition":[-6.55835,210.801,0.95589],"carpPosition":[-32.5254,257.344,82.0705],"dipPosition":[-21.6163,227.624,7.11802],"direction":[0.338479,-0.53605,-0.773358],"extended":false,"handId":506,"id":5060,"length":52.1164,"mcpPosition":[-32.5254,257.344,82.0705],"pipPosition":[-33.1569,245.901,33.4861],"stabilizedTipPosition":[-15.5609,211.647,11.7027],"timeVisible":246.261,"tipPosition":[-10.3203,214.935,1.77955],"tipVelocity":[57.7658,156.625,-215.228],"tool":false,"touchDistance":0.0584538,"touchZone":"hovering","type":0,"width":20.25},{"bases":[[[0.894766,-0.390501,-0.216568],[0.401971,0.9156,0.00982443],[0.194453,-0.0958447,0.976218]],[[0.908512,-0.397477,-0.12891],[0.406557,0.769566,0.492421],[-0.0965215,-0.49978,0.860757]],[[0.908512,-0.397477,-0.12891],[0.416078,0.83207,0.366796],[-0.0385308,-0.386875,0.921327]],[[0.908512,-0.397477,-0.12891],[0.417541,0.875565,0.242993],[0.0162848,-0.274587,0.961424]]],"btipPosition":[-26.1926,315.65,-73.3775],"carpPosition":[-16.6866,273.085,74.118],"dipPosition":[-25.9143,310.959,-56.951],"direction":[0.0385308,0.386875,-0.921327],"extended":true,"handId":506,"id":5061,"length":58.8075,"mcpPosition":[-30.9924,280.136,2.29806],"pipPosition":[-26.8456,301.608,-34.6821],"stabilizedTipPosition":[-34.8277,303.879,-53.4469],"timeVisible":246.261,"tipPosition":[-25.9123,314.826,-69.4691],"tipVelocity":[118.288,182.662,-200.239],"tool":false,"touchDistance":0.0429386,"touchZone":"hovering","type":1,"width":19.3428},{"bases":[[[0.831087,-0.550187,-0.0811668],[0.551627,0.834073,-0.00550014],[0.0707252,-0.0402027,0.996685]],[[0.831681,-0.550522,-0.0723404],[0.174739,0.383163,-0.907002],[0.527042,0.741695,0.414867]],[[0.831681,-0.550522,-0.0723404],[-0.511558,-0.709039,-0.485358],[0.215908,0.440669,-0.871318]],[[0.831681,-0.550522,-0.0723404],[-0.520979,-0.818756,0.241287],[-0.192063,-0.162986,-0.967754]]],"btipPosition":[-38.0862,227.53,24.3514],"carpPosition":[-5.21784,269.943,70.9217],"dipPosition":[-41.6955,224.467,6.16536],"direction":[-0.215908,-0.440669,0.871318],"extended":false,"handId":506,"id":5062,"length":67.0064,"mcpPosition":[-10.1522,272.748,1.38497],"pipPosition":[-35.5558,236.998,-18.6118],"stabilizedTipPosition":[-42.9837,226.379,29.4481],"timeVisible":246.261,"tipPosition":[-38.7245,226.99,20.9262],"tipVelocity":[46.3292,158.649,-243.975],"tool":false,"touchDistance":0.333333,"touchZone":"none","type":2,"width":18.9972},{"bases":[[[0.788472,-0.611407,0.0670354],[0.611568,0.790926,0.0204899],[-0.0655477,0.024841,0.99754]],[[0.787663,-0.61108,0.0785367],[0.335438,0.31842,-0.886617],[0.516786,0.7247,0.455787]],[[0.787663,-0.61108,0.0785367],[-0.488153,-0.696762,-0.525575],[0.375889,0.375638,-0.847115]],[[0.787663,-0.61108,0.0785367],[-0.612812,-0.763899,0.202285],[-0.0636182,-0.207461,-0.976172]]],"btipPosition":[-22.8275,223.536,27.9621],"carpPosition":[5.38067,264.001,69.1068],"dipPosition":[-24.0161,219.66,9.72332],"direction":[-0.375889,-0.375638,0.847115],"extended":false,"handId":506,"id":5063,"length":64.4285,"mcpPosition":[9.48658,262.445,6.62092],"pipPosition":[-13.6032,230.066,-13.7434],"stabilizedTipPosition":[-27.5317,222.466,32.2371],"timeVisible":246.261,"tipPosition":[-23.0467,222.854,24.4788],"tipVelocity":[45.8813,152.696,-235.788],"tool":false,"touchDistance":0.333333,"touchZone":"none","type":3,"width":18.077},{"bases":[[[0.663626,-0.726645,0.177726],[0.71855,0.685269,0.118716],[-0.208055,0.0489218,0.976893]],[[0.681744,-0.727777,0.0745987],[0.417031,0.302812,-0.856966],[0.601091,0.615341,0.509946]],[[0.681744,-0.727777,0.0745987],[-0.564597,-0.588231,-0.578977],[0.465248,0.352596,-0.811924]],[[0.681744,-0.727777,0.0745987],[-0.730482,-0.671553,0.124147],[-0.0402544,-0.13913,-0.989456]]],"btipPosition":[-4.7006,222.833,27.9051],"carpPosition":[12.8952,251.926,69.6464],"dipPosition":[-5.39446,220.435,10.85],"direction":[-0.465248,-0.352596,0.811924],"extended":false,"handId":506,"id":5064,"length":50.5107,"mcpPosition":[24.9593,249.09,13.001],"pipPosition":[3.70523,227.332,-5.03025],"stabilizedTipPosition":[-9.57955,227.222,24.2813],"timeVisible":246.261,"tipPosition":[-4.84274,222.399,24.5427],"tipVelocity":[46.5055,147.115,-233.005],"tool":false,"touchDistance":0.333333,"touchZone":"none","type":4,"width":16.0574}],"r":[[0.532528,0.279688,0.798867],[0.601015,-0.789525,-0.124222],[0.595982,0.546283,-0.588541]],"s":1.34414,"t":[4.01254,0.392286,21.161],"timestamp":98060734749},false],[2,{"currentFrameRate":110.574,"devices":[],"gestures":[],"hands":[{"armBasis":[[0.885902,-0.23435,-0.400322],[0.401422,0.819784,0.40843],[0.232462,-0.522527,0.820321]],"armWidth":63.72,"confidence":0.672153,"direction":[0.0278825,0.175351,-0.984111],"elbow":[60.7224,115.143,298.499],"grabStrength":0,"id":506,"palmNormal":[-0.421364,-0.890692,-0.170644],"palmPosition":[-9.26674,265.044,23.507],"palmVelocity":[58.0773,155.557,-205.749],"palmWidth":90.99,"pinchStrength":1,"r":[[0.52928,0.275656,0.80242],[0.600457,-0.789871,-0.124719],[0.599428,0.54783,-0.583582]],"s":1.34362,"sphereCenter":[-46.1912,263.25,-3.78909],"sphereRadius":55.1598,"stabilizedPalmPosition":[-14.6408,259.445,37.0461],"t":[4.53041,1.91061,19.2189],"timeVisible":246.27,"type":"right","wrist":[-2.04236,256.226,77.0123]}],"id":1824588,"interactionBox":{"center":[0,200,0],"size":[235.247,235.247,147.751]},"pointables":[{"bases":[[[0.747079,0.662099,-0.0591422],[-0.551957,0.667449,0.499854],[0.370428,-0.340787,0.864088]],[[0.700737,0.696192,-0.155837],[-0.713415,0.684627,-0.149414],[0.00266985,0.215876,0.976417]],[[0.700737,0.696192,-0.155837],[-0.623035,0.490764,-0.60908],[-0.347557,0.523897,0.777648]],[[0.700737,0.696192,-0.155837],[-0.296999,0.0860657,-0.950991],[-0.64866,0.712678,0.267077]]],"btipPosition":[-5.63216,212.645,-1.57008],"carpPosition":[-32.53,257.963,79.9353],"dipPosition":[-20.8131,229.325,4.68049],"direction":[0.347557,-0.523897,-0.777648],"extended":false,"handId":506,"id":5060,"length":52.1164,"mcpPosition":[-32.53,257.963,79.9353],"pipPosition":[-32.6633,247.187,31.1949],"stabilizedTipPosition":[-15.4722,211.714,11.5396],"timeVisible":246.27,"tipPosition":[-9.41377,216.747,-0.714713],"tipVelocity":[69.4843,169.345,-233.227],"tool":false,"touchDistance":0.0166933,"touchZone":"hovering","type":0,"width":20.25},{"bases":[[[0.898276,-0.384031,-0.21359],[0.398203,0.916927,0.0260662],[0.185836,-0.108467,0.976576]],[[0.911213,-0.392135,-0.126177],[0.399026,0.764151,0.506805],[-0.102317,-0.512155,0.852777]],[[0.911213,-0.392135,-0.126177],[0.4094,0.828148,0.382836],[-0.0456296,-0.400502,0.915159]],[[0.911213,-0.392135,-0.126177],[0.411855,0.873264,0.260356],[0.00809142,-0.289207,0.957232]]],"btipPosition":[-24.9931,318.478,-74.6124],"carpPosition":[-16.6816,273.873,72.3459],"dipPosition":[-24.8548,313.536,-58.2575],"direction":[0.0456296,0.400502,-0.915159],"extended":true,"handId":506,"id":5061,"length":58.8075,"mcpPosition":[-30.3535,281.853,0.499574],"pipPosition":[-25.9577,303.856,-36.1378],"stabilizedTipPosition":[-34.4357,304.414,-54.1383],"timeVisible":246.27,"tipPosition":[-24.7559,317.566,-70.7274],"tipVelocity":[121.769,217.608,-183.99],"tool":false,"touchDistance":0.0433441,"touchZone":"hovering","type":1,"width":19.3428},{"bases":[[[0.833991,-0.545804,-0.0809801],[0.548318,0.836197,0.0110153],[0.0617031,-0.0535895,0.996655]],[[0.834501,-0.546254,-0.0722163],[0.182004,0.396974,-0.899603],[0.52008,0.737576,0.430695]],[[0.834501,-0.546254,-0.0722163],[-0.504038,-0.703832,-0.500566],[0.222608,0.454123,-0.862681]],[[0.834501,-0.546254,-0.0722163],[-0.520004,-0.824097,0.224635],[-0.182221,-0.149905,-0.971763]]],"btipPosition":[-37.4504,228.911,21.7119],"carpPosition":[-5.1715,270.82,69.2132],"dipPosition":[-40.8746,226.094,3.45049],"direction":[-0.222608,-0.454123,0.862681],"extended":false,"handId":506,"id":5062,"length":67.0064,"mcpPosition":[-9.47641,274.559,-0.321365],"pipPosition":[-34.5445,239.007,-21.0811],"stabilizedTipPosition":[-42.9407,226.396,29.3401],"timeVisible":246.27,"tipPosition":[-38.0564,228.417,18.2677],"tipVelocity":[54.4537,159.402,-258.773],"tool":false,"touchDistance":0.333333,"touchZone":"none","type":2,"width":18.9972},{"bases":[[[0.790257,-0.609214,0.0659701],[0.608189,0.792931,0.0369671],[-0.0748306,0.0109088,0.997137]],[[0.789359,-0.609051,0.0772571],[0.343639,0.33404,-0.877684],[0.508748,0.719357,0.472971]],[[0.789359,-0.609051,0.0772571],[-0.47953,-0.69023,-0.541879],[0.383357,0.39069,-0.836898]],[[0.789359,-0.609051,0.0772571],[-0.61164,-0.7693,0.184592],[-0.052992,-0.192963,-0.979774]]],"btipPosition":[-22.206,224.903,25.3126],"carpPosition":[5.46692,264.944,67.4156],"dipPosition":[-23.1961,221.298,7.00651],"direction":[-0.383357,-0.39069,0.836898],"extended":false,"handId":506,"id":5063,"length":64.4285,"mcpPosition":[10.1543,264.261,4.95492],"pipPosition":[-12.5763,232.12,-16.1772],"stabilizedTipPosition":[-27.4864,222.48,32.138],"timeVisible":246.27,"tipPosition":[-22.3876,224.275,21.8333],"tipVelocity":[53.7824,154.816,-253.062],"tool":false,"touchDistance":0.333333,"touchZone":"none","type":3,"width":18.077},{"bases":[[[0.664859,-0.726441,0.173914],[0.714683,0.686351,0.134726],[-0.217236,0.034719,0.975501]],[[0.683911,-0.726095,0.0710814],[0.425452,0.317783,-0.847351],[0.592669,0.609755,0.526254]],[[0.683911,-0.726095,0.0710814],[-0.555596,-0.581496,-0.594286],[0.472842,0.366946,-0.801106]],[[0.683911,-0.726095,0.0710814],[-0.728972,-0.676172,0.106734],[-0.0294358,-0.124813,-0.991744]]],"btipPosition":[-4.07627,224.293,25.4501],"carpPosition":[13.0244,252.893,67.8595],"dipPosition":[-4.58365,222.142,8.35566],"direction":[-0.472842,-0.366946,0.801106],"extended":false,"handId":506,"id":5064,"length":50.5107,"mcpPosition":[25.6209,250.879,11.2949],"pipPosition":[4.66456,229.319,-7.31302],"stabilizedTipPosition":[-9.54254,227.198,24.2624],"timeVisible":246.27,"tipPosition":[-4.1802,223.907,22.0958],"tipVelocity":[54.2393,153.423,-244.895],"tool":false,"touchDistance":0.333333,"touchZone":"none","type":4,"width":16.0574}],"r":[[0.52928,0.275656,0.80242],[0.600457,-0.789871,-0.124719],[0.599428,0.54783,-0.583582]],"s":1.34362,"t":[4.53041,1.91061,19.2189],"timestamp":98060743654},false],[3,{"currentFrameRate":110.5,"devices":[],"gestures":[],"hands":[{"armBasis":[[0.889526,-0.22296,-0.398788],[0.391091,0.822824,0.412321],[0.236202,-0.522732,0.819121]],"armWidth":63.72,"confidence":0.673364,"direction":[0.0325538,0.177831,-0.983522],"elbow":[62.0304,116.191,296.56],"grabStrength":0,"id":506,"palmNormal":[-0.411819,-0.894242,-0.175319],"palmPosition":[-8.70714,266.2,21.8657],"palmVelocity":[58.8782,147.264,-198.209],"palmWidth":90.99,"pinchStrength":1,"r":[[0.52511,0.273061,0.806038],[0.601664,-0.788956,-0.124693],[0.60188,0.550442,-0.57858]],"s":1.34312,"sphereCenter":[-45.4642,264.123,-5.68294],"sphereRadius":55.1702,"stabilizedPalmPosition":[-14.6408,259.445,37.0461],"t":[5.06915,3.2476,17.4272],"timeVisible":246.279,"type":"right","wrist":[-1.74408,257.329,75.3969]}],"id":1824589,"interactionBox":{"center":[0,200,0],"size":[235.247,235.247,147.751]},"pointables":[{"bases":[[[0.741151,0.669253,-0.0528621],[-0.561446,0.661078,0.497749],[0.368066,-0.339228,0.865709]],[[0.69517,0.703091,-0.149669],[-0.718822,0.678245,-0.152574],[-0.00576106,0.21365,0.976893]],[[0.69517,0.703091,-0.149669],[-0.623754,0.486501,-0.611758],[-0.357307,0.518632,0.776757]],[[0.69517,0.703091,-0.149669],[-0.291552,0.0854575,-0.95273],[-0.657066,0.705946,0.264395]]],"btipPosition":[-4.41706,213.902,-3.30904],"carpPosition":[-32.265,258.772,78.1269],"dipPosition":[-19.7948,230.424,2.87876],"direction":[0.357307,-0.518632,-0.776757],"extended":false,"handId":506,"id":5060,"length":52.1164,"mcpPosition":[-32.265,258.772,78.1269],"pipPosition":[-31.9774,248.107,29.3628],"stabilizedTipPosition":[-15.4722,211.714,11.5396],"timeVisible":246.279,"tipPosition":[-8.23806,217.959,-2.45811],"tipVelocity":[85.6604,159.181,-221.423],"tool":false,"touchDistance":-0.06253,"touchZone":"hovering","type":0,"width":20.25},{"bases":[[[0.903221,-0.375052,-0.208632],[0.389342,0.920583,0.0306535],[0.180567,-0.108916,0.977514]],[[0.915662,-0.383223,-0.121256],[0.388566,0.766742,0.511002],[-0.102855,-0.515022,0.850984]],[[0.915662,-0.383223,-0.121256],[0.399112,0.831066,0.387348],[-0.0476687,-0.403075,0.913925]],[[0.915662,-0.383223,-0.121256],[0.401921,0.87646,0.265097],[0.00468498,-0.291475,0.956567]]],"btipPosition":[-24.3124,319.71,-76.234],"carpPosition":[-16.5192,274.848,70.675],"dipPosition":[-24.2323,314.73,-59.8905],"direction":[0.0476687,0.403075,-0.913925],"extended":true,"handId":506,"id":5061,"length":58.8075,"mcpPosition":[-29.8034,282.861,-1.24029],"pipPosition":[-25.3845,304.987,-37.8006],"stabilizedTipPosition":[-33.9523,305.089,-55.0123],"timeVisible":246.279,"tipPosition":[-24.0918,318.786,-72.3519],"tipVelocity":[108.059,194.035,-182.008],"tool":false,"touchDistance":0.0249218,"touchZone":"hovering","type":1,"width":19.3428},{"bases":[[[0.839616,-0.537723,-0.0767967],[0.540307,0.841309,0.0163941],[0.0557942,-0.0552585,0.996912]],[[0.840072,-0.538186,-0.0680774],[0.184513,0.401488,-0.897086],[0.510131,0.741055,0.436581]],[[0.840072,-0.538186,-0.0680774],[-0.493909,-0.706918,-0.506282],[0.224349,0.458937,-0.859677]],[[0.840072,-0.538186,-0.0680774],[-0.513739,-0.829586,0.218769],[-0.174214,-0.148807,-0.973399]]],"btipPosition":[-36.5478,229.792,19.7523],"carpPosition":[-4.9608,271.91,67.61],"dipPosition":[-39.8216,226.996,1.46021],"direction":[-0.224349,-0.458937,0.859677],"extended":false,"handId":506,"id":5062,"length":67.0064,"mcpPosition":[-8.85345,275.766,-1.94252],"pipPosition":[-33.442,240.047,-22.9859],"stabilizedTipPosition":[-42.8883,226.421,29.2117],"timeVisible":246.279,"tipPosition":[-37.1275,229.302,16.2979],"tipVelocity":[67.75,141.852,-246.32],"tool":false,"touchDistance":0.333333,"touchZone":"none","type":2,"width":18.9972},{"bases":[[[0.79554,-0.601875,0.0697283],[0.600416,0.79855,0.0426364],[-0.0813434,0.00794698,0.996654]],[[0.794587,-0.60175,0.0807998],[0.347181,0.341144,-0.873548],[0.498093,0.722162,0.479984]],[[0.794587,-0.60175,0.0807998],[-0.468641,-0.692472,-0.548505],[0.386014,0.397969,-0.832234]],[[0.794587,-0.60175,0.0807998],[-0.605543,-0.775758,0.177532],[-0.0441486,-0.189992,-0.980792]]],"btipPosition":[-21.2837,225.901,23.3718],"carpPosition":[5.74403,266.14,65.8681],"dipPosition":[-22.1086,222.351,5.04672],"direction":[-0.386014,-0.397969,0.832234],"extended":false,"handId":506,"id":5063,"length":64.4285,"mcpPosition":[10.8394,265.642,3.43767],"pipPosition":[-11.4152,233.376,-18.0078],"stabilizedTipPosition":[-27.4307,222.505,32.0177],"timeVisible":246.279,"tipPosition":[-21.4345,225.285,19.8981],"tipVelocity":[67.9698,142.337,-241.551],"tool":false,"touchDistance":0.333333,"touchZone":"none","type":3,"width":18.077},{"bases":[[[0.670563,-0.720525,0.176602],[0.707281,0.692759,0.140846],[-0.223826,0.0304609,0.974153]],[[0.690255,-0.719771,0.0740089],[0.429376,0.325133,-0.84257],[0.582395,0.613366,0.533477]],[[0.690255,-0.719771,0.0740089],[-0.54511,-0.584549,-0.600963],[0.475818,0.374475,-0.795843]],[[0.690255,-0.719771,0.0740089],[-0.723265,-0.683397,0.0992809],[-0.020882,-0.122057,-0.992303]]],"btipPosition":[-3.14887,225.484,23.6544],"carpPosition":[13.4121,254.159,66.3343],"dipPosition":[-3.50881,223.38,6.55026],"direction":[-0.475818,-0.374475,0.795843],"extended":false,"handId":506,"id":5064,"length":50.5107,"mcpPosition":[26.3906,252.393,9.84787],"pipPosition":[5.79761,230.704,-9.01547],"stabilizedTipPosition":[-9.49443,227.182,24.2277],"timeVisible":246.279,"tipPosition":[-3.22308,225.106,20.3091],"tipVelocity":[68.3304,147.127,-231.188],"tool":false,"touchDistance":0.333333,"touchZone":"none","type":4,"width":16.0574}],"r":[[0.52511,0.273061,0.806038],[0.601664,-0.788956,-0.124693],[0.60188,0.550442,-0.57858]],"s":1.34312,"t":[5.06915,3.2476,17.4272],"timestamp":98060752836},false],[4,{"currentFrameRate":110.569,"devices":[],"gestures":[],"hands":[{"armBasis":[[0.89487,-0.217328,-0.389841],[0.382034,0.824588,0.417258],[0.230776,-0.522325,0.820926]],"armWidth":63.72,"confidence":0.673921,"direction":[0.0393814,0.184195,-0.9821],"elbow":[60.7255,118.144,294.507],"grabStrength":0,"id":506,"palmNormal":[-0.403684,-0.896151,-0.184263],"palmPosition":[-8.16902,268.324,19.3256],"palmVelocity":[59.2696,172.03,-221.781],"palmWidth":90.99,"pinchStrength":1,"r":[[0.520013,0.270744,0.810114],[0.604005,-0.787175,-0.124634],[0.603957,0.554124,-0.572872]],"s":1.3427,"sphereCenter":[-44.7167,266.163,-8.55018],"sphereRadius":55.1899,"stabilizedPalmPosition":[-14.539,259.584,36.7672],"t":[5.60758,4.97838,15.2613],"timeVisible":246.288,"type":"right","wrist":[-1.58412,259.172,72.8573]}],"id":1824590,"interactionBox":{"center":[0,200,0],"size":[235.247,235.247,147.751]},"pointables":[{"bases":[[[0.736562,0.675031,-0.0425499],[-0.570459,0.653793,0.497123],[0.363392,-0.341889,0.866636]],[[0.691187,0.709099,-0.139423],[-0.722509,0.673893,-0.154431],[-0.0155503,0.207475,0.978117]],[[0.691187,0.709099,-0.139423],[-0.622306,0.485923,-0.613689],[-0.367417,0.510938,0.77714]],[[0.691187,0.709099,-0.139423],[-0.284158,0.0892838,-0.954611],[-0.664466,0.699433,0.263208]]],"btipPosition":[-3.28205,216.225,-6.14067],"carpPosition":[-32.1365,260.372,75.3416],"dipPosition":[-18.8329,232.595,0.0193465],"direction":[0.367417,-0.510938,-0.77714],"extended":false,"handId":506,"id":5060,"length":52.1164,"mcpPosition":[-32.1365,260.372,75.3416],"pipPosition":[-31.3603,250.015,26.5164],"stabilizedTipPosition":[-15.3266,211.854,11.2647],"timeVisible":246.288,"tipPosition":[-7.13575,220.242,-5.2864],"tipVelocity":[95.77,185.689,-247.771],"tool":false,"touchDistance":-0.10983,"touchZone":"hovering","type":0,"width":20.25},{"bases":[[[0.907687,-0.367056,-0.203407],[0.38221,0.923227,0.0395798],[0.173263,-0.11367,0.978294]],[[0.919454,-0.375672,-0.116081],[0.378642,0.766369,0.51895],[-0.105994,-0.521104,0.846886]],[[0.919454,-0.375672,-0.116081],[0.389715,0.831487,0.39592],[-0.0522158,-0.409269,0.910919]],[[0.919454,-0.375672,-0.116081],[0.393196,0.877644,0.274114],[-0.00109862,-0.297678,0.954666]]],"btipPosition":[-23.3619,322.339,-78.5647],"carpPosition":[-16.4496,276.61,68.1206],"dipPosition":[-23.3806,317.253,-62.2536],"direction":[0.0522158,0.409269,-0.910919],"extended":true,"handId":506,"id":5061,"length":58.8075,"mcpPosition":[-29.1965,284.972,-3.85211],"pipPosition":[-24.6427,307.36,-40.2364],"stabilizedTipPosition":[-33.9523,305.089,-55.0123],"timeVisible":246.288,"tipPosition":[-23.1682,321.384,-74.6902],"tipVelocity":[106.949,220.714,-203.827],"tool":false,"touchDistance":-0.0640465,"touchZone":"hovering","type":1,"width":19.3428},{"bases":[[[0.844204,-0.531013,-0.0731127],[0.533874,0.845161,0.0260903],[0.0479377,-0.0610586,0.996982]],[[0.844588,-0.531523,-0.0644531],[0.190098,0.410224,-0.891952],[0.500533,0.74108,0.447512]],[[0.844588,-0.531523,-0.0644531],[-0.483877,-0.706204,-0.516855],[0.229203,0.467717,-0.853643]],[[0.844588,-0.531523,-0.0644531],[-0.509598,-0.834946,0.207786],[-0.164258,-0.142648,-0.976049]]],"btipPosition":[-35.746,231.697,16.6227],"carpPosition":[-4.84464,273.777,65.134],"dipPosition":[-38.8328,229.017,-1.71916],"direction":[-0.229203,-0.467717,0.853643],"extended":false,"handId":506,"id":5062,"length":67.0064,"mcpPosition":[-8.18916,278.037,-4.42345],"pipPosition":[-32.3151,242.317,-25.9937],"stabilizedTipPosition":[-42.8282,226.465,29.0549],"timeVisible":246.288,"tipPosition":[-36.2895,231.232,13.17],"tipVelocity":[75.0924,162.195,-275.139],"tool":false,"touchDistance":0.333333,"touchZone":"none","type":2,"width":18.9972},{"bases":[[[0.799393,-0.596401,0.072641],[0.594081,0.802686,0.0525684],[-0.0896598,0.00113177,0.995972]],[[0.798343,-0.596351,0.0837441],[0.351909,0.349147,-0.868479],[0.48868,0.722815,0.488601]],[[0.798343,-0.596351,0.0837441],[-0.458861,-0.692463,-0.556724],[0.389993,0.40603,-0.826465]],[[0.798343,-0.596351,0.0837441],[-0.601213,-0.781317,0.167594],[-0.0345143,-0.184146,-0.982293]]],"btipPosition":[-20.4595,227.924,20.4755],"carpPosition":[5.91693,268.097,63.4458],"dipPosition":[-21.1044,224.483,2.12237],"direction":[-0.389993,-0.40603,0.826465],"extended":false,"handId":506,"id":5063,"length":64.4285,"mcpPosition":[11.5332,268.026,1.05812],"pipPosition":[-10.3008,235.731,-20.7724],"stabilizedTipPosition":[-27.3652,222.549,31.8665],"timeVisible":246.288,"tipPosition":[-20.5761,227.327,16.99],"tipVelocity":[75.8876,166.088,-264.391],"tool":false,"touchDistance":0.333333,"touchZone":"none","type":3,"width":18.077},{"bases":[[[0.674422,-0.716635,0.177735],[0.700913,0.697078,0.151011],[-0.232114,0.0227316,0.972423]],[[0.694941,-0.715101,0.0754109],[0.435148,0.334739,-0.83582],[0.572453,0.613661,0.543799]],[[0.694941,-0.715101,0.0754109],[-0.534792,-0.584105,-0.610589],[0.480681,0.383995,-0.788349]],[[0.694941,-0.715101,0.0754109],[-0.718983,-0.689436,0.087979],[-0.0109229,-0.115359,-0.993264]]],"btipPosition":[-2.32576,227.632,20.8274],"carpPosition":[13.6698,256.17,63.902],"dipPosition":[-2.51403,225.643,3.70668],"direction":[-0.480681,-0.383995,0.788349],"extended":false,"handId":506,"id":5064,"length":50.5107,"mcpPosition":[27.129,254.852,7.51582],"pipPosition":[6.88751,233.154,-11.7125],"stabilizedTipPosition":[-9.43443,227.182,24.1659],"timeVisible":246.288,"tipPosition":[-2.36588,227.275,17.4859],"tipVelocity":[76.058,173.442,-254.655],"tool":false,"touchDistance":0.333333,"touchZone":"none","type":4,"width":16.0574}],"r":[[0.520013,0.270744,0.810114],[0.604005,-0.787175,-0.124634],[0.603957,0.554124,-0.572872]],"s":1.3427,"t":[5.60758,4.97838,15.2613],"timestamp":98060761758},false],[5,{"currentFrameRate":110.427,"devices":[],"gestures":[],"hands":[{"armBasis":[[0.896874,-0.213833,-0.38716],[0.378164,0.824704,0.420542],[0.229366,-0.523583,0.820519]],"armWidth":63.72,"confidence":0.681386,"direction":[0.044862,0.194397,-0.979897],"elbow":[60.2532,118.714,293.09],"grabStrength":0,"id":506,"palmNormal":[-0.399877,-0.895381,-0.195937],"palmPosition":[-7.95907,269.764,18.0748],"palmVelocity":[48.9009,167.149,-197.103],"palmWidth":90.99,"pinchStrength":1,"r":[[0.514762,0.267504,0.814531],[0.606493,-0.785132,-0.125439],[0.605959,0.558578,-0.566395]],"s":1.34241,"sphereCenter":[-44.3748,267.828,-10.0551],"sphereRadius":55.2249,"stabilizedPalmPosition":[-14.4204,259.768,36.4304],"t":[5.98177,6.56382,13.553],"timeVisible":246.298,"type":"right","wrist":[-1.67575,260.081,71.5493]}],"id":1824591,"interactionBox":{"center":[0,200,0],"size":[235.247,235.247,147.751]},"pointables":[{"bases":[[[0.734798,0.677574,-0.0310744],[-0.575442,0.646984,0.500278],[0.35908,-0.349722,0.865307]],[[0.68997,0.712472,-0.12777],[-0.723496,0.673383,-0.152019],[-0.0222715,0.19733,0.980084]],[[0.68997,0.712472,-0.12777],[-0.620011,0.490629,-0.612266],[-0.373535,0.501663,0.78026]],[[0.68997,0.712472,-0.12777],[-0.278443,0.0983124,-0.955408],[-0.66814,0.694779,0.266216]]],"btipPosition":[-2.76171,217.952,-7.89996],"carpPosition":[-32.2462,261.167,73.8573],"dipPosition":[-18.3986,234.212,-1.66956],"direction":[0.373535,-0.501663,-0.78026],"extended":false,"handId":506,"id":5060,"length":52.1164,"mcpPosition":[-32.2462,261.167,73.8573],"pipPosition":[-31.1345,251.317,24.9339],"stabilizedTipPosition":[-15.1486,212.049,10.9127],"timeVisible":246.298,"tipPosition":[-6.62829,221.942,-7.01824],"tipVelocity":[83.9119,184.88,-230.694],"tool":false,"touchDistance":-0.138882,"touchZone":"hovering","type":0,"width":20.25},{"bases":[[[0.910006,-0.362301,-0.201559],[0.379212,0.92388,0.0514106],[0.167591,-0.123218,0.978126]],[[0.921238,-0.371754,-0.114541],[0.373264,0.761885,0.529345],[-0.109519,-0.530406,0.840639]],[[0.921238,-0.371754,-0.114541],[0.384837,0.828018,0.407782],[-0.0567527,-0.419744,0.905866]],[[0.921238,-0.371754,-0.114541],[0.388945,0.875349,0.287204],[-0.00650582,-0.309133,0.950997]]],"btipPosition":[-22.7052,324.803,-79.3195],"carpPosition":[-16.5637,277.524,66.9002],"dipPosition":[-22.8163,319.522,-63.0712],"direction":[0.0567527,0.419744,-0.905866],"extended":true,"handId":506,"id":5061,"length":58.8075,"mcpPosition":[-28.8932,286.589,-5.06012],"pipPosition":[-24.188,309.376,-41.176],"stabilizedTipPosition":[-33.1831,306.357,-56.4223],"timeVisible":246.298,"tipPosition":[-22.5429,323.773,-75.4703],"tipVelocity":[96.0284,231.818,-169.604],"tool":false,"touchDistance":-0.0944008,"touchZone":"hovering","type":1,"width":19.3428},{"bases":[[[0.846213,-0.527773,-0.0733491],[0.531188,0.846399,0.0380565],[0.0419974,-0.0711661,0.99658]],[[0.846544,-0.528367,-0.0647481],[0.19539,0.421564,-0.885498],[0.495163,0.736961,0.46011]],[[0.846544,-0.528367,-0.0647481],[-0.478083,-0.701156,-0.528977],[0.234096,0.478757,-0.846162]],[[0.846544,-0.528367,-0.0647481],[-0.508599,-0.83872,0.194616],[-0.157134,-0.13182,-0.97874]]],"btipPosition":[-35.4333,233.062,14.7038],"carpPosition":[-4.93222,274.756,63.9564],"dipPosition":[-38.3862,230.585,-3.6887],"direction":[-0.234096,-0.478757,0.846162],"extended":false,"handId":506,"id":5062,"length":67.0064,"mcpPosition":[-7.8623,279.721,-5.573],"pipPosition":[-31.7294,244.199,-27.7505],"stabilizedTipPosition":[-42.7608,226.525,28.8682],"timeVisible":246.298,"tipPosition":[-35.9515,232.637,11.2481],"tipVelocity":[64.3075,159.226,-256.022],"tool":false,"touchDistance":0.333333,"touchZone":"none","type":2,"width":18.9972},{"bases":[[[0.800703,-0.594786,0.0714465],[0.591356,0.803829,0.0644682],[-0.0957756,-0.00936951,0.995359]],[[0.799569,-0.594854,0.0826893],[0.356578,0.359416,-0.862364],[0.483261,0.719005,0.49949]],[[0.799569,-0.594854,0.0826893],[-0.453059,-0.687813,-0.567143],[0.394242,0.416007,-0.819458]],[[0.799569,-0.594854,0.0826893],[-0.599942,-0.784805,0.155404],[-0.0275478,-0.173865,-0.984384]]],"btipPosition":[-20.1428,229.311,18.703],"carpPosition":[5.85636,269.124,62.2764],"dipPosition":[-20.6575,226.062,0.310722],"direction":[-0.394242,-0.416007,0.819458],"extended":false,"handId":506,"id":5063,"length":64.4285,"mcpPosition":[11.8557,269.711,-0.0728935],"pipPosition":[-9.73617,237.586,-22.3899],"stabilizedTipPosition":[-27.2895,222.613,31.6812],"timeVisible":246.298,"tipPosition":[-20.2331,228.748,15.2039],"tipVelocity":[64.9753,162.617,-243.786],"tool":false,"touchDistance":0.333333,"touchZone":"none","type":3,"width":18.077},{"bases":[[[0.675446,-0.716458,0.174528],[0.697896,0.697526,0.162479],[-0.238147,0.0120564,0.971154]],[[0.696585,-0.713814,0.0723825],[0.439288,0.344557,-0.829643],[0.567271,0.609713,0.553583]],[[0.696585,-0.713814,0.0723825],[-0.529295,-0.57937,-0.61982],[0.484373,0.393446,-0.781398]],[[0.696585,-0.713814,0.0723825],[-0.717461,-0.692387,0.076488],[-0.00448155,-0.105212,-0.99444]]],"btipPosition":[-2.00405,229.076,19.1953],"carpPosition":[13.6417,257.216,62.6579],"dipPosition":[-2.0813,227.263,2.05433],"direction":[-0.484373,-0.393446,0.781398],"extended":false,"handId":506,"id":5064,"length":50.5107,"mcpPosition":[27.4507,256.517,6.34535],"pipPosition":[7.39245,234.958,-13.2289],"stabilizedTipPosition":[-9.36062,227.196,24.0772],"timeVisible":246.298,"tipPosition":[-2.02262,228.753,15.8477],"tipVelocity":[65.1144,169.529,-232.404],"tool":false,"touchDistance":0.333333,"touchZone":"none","type":4,"width":16.0574}],"r":[[0.514762,0.267504,0.814531],[0.606493,-0.785132,-0.125439],[0.605959,0.558578,-0.566395]],"s":1.34241,"t":[5.98177,6.56382,13.553],"timestamp":98060771064},false],[6,{"currentFrameRate":110.503,"devices":[],"gestures":[],"hands":[{"armBasis":[[0.900494,-0.209941,-0.380835],[0.372846,0.823466,0.427656],[0.223822,-0.527095,0.819802]],"armWidth":63.72,"confidence":0.686083,"direction":[0.0465881,0.1916,-0.980367],"elbow":[58.8701,118.961,292.205],"grabStrength":0,"id":506,"palmNormal":[-0.396206,-0.897387,-0.194211],"palmPosition":[-7.74751,270.776,17.3394],"palmVelocity":[42.0452,152.528,-165.886],"palmWidth":90.99,"pinchStrength":1,"r":[[0.509958,0.265741,0.818123],[0.609099,-0.783135,-0.125291],[0.607406,0.56221,-0.561228]],"s":1.34219,"sphereCenter":[-44.1133,268.638,-10.8781],"sphereRadius":55.2409,"stabilizedPalmPosition":[-14.294,259.976,36.0689],"t":[6.27464,7.86234,12.3311],"timeVisible":246.307,"type":"right","wrist":[-1.56175,261.277,70.8582]}],"id":1824592,"interactionBox":{"center":[0,200,0],"size":[235.247,235.247,147.751]},"pointables":[{"bases":[[[0.732458,0.680092,-0.0313181],[-0.578972,0.646435,0.496904],[0.358185,-0.345829,0.86724]],[[0.687792,0.714509,-0.128136],[-0.725461,0.670378,-0.155886],[-0.0254822,0.200174,0.979429]],[[0.687792,0.714509,-0.128136],[-0.620279,0.486785,-0.615056],[-0.377089,0.502511,0.778002]],[[0.687792,0.714509,-0.128136],[-0.27633,0.0944806,-0.956407],[-0.671256,0.693217,0.262423]]],"btipPosition":[-2.30261,218.911,-8.47102],"carpPosition":[-32.1415,262.26,73.0878],"dipPosition":[-18.0124,235.135,-2.32938],"direction":[0.377089,-0.502511,-0.778002],"extended":false,"handId":506,"id":5060,"length":52.1164,"mcpPosition":[-32.1415,262.26,73.0878],"pipPosition":[-30.8695,252.268,24.1971],"stabilizedTipPosition":[-14.9519,212.275,10.5298],"timeVisible":246.307,"tipPosition":[-6.18161,222.884,-7.60159],"tipVelocity":[74.5705,163.566,-185.929],"tool":false,"touchDistance":-0.14874,"touchZone":"hovering","type":0,"width":20.25},{"bases":[[[0.911784,-0.359662,-0.198227],[0.375796,0.925377,0.0495478],[0.165614,-0.11967,0.978903]],[[0.922828,-0.368806,-0.111223],[0.369283,0.764816,0.527907],[-0.10963,-0.528241,0.841988]],[[0.922828,-0.368806,-0.111223],[0.380901,0.83056,0.406306],[-0.0574704,-0.417315,0.906943]],[[0.922828,-0.368806,-0.111223],[0.385134,0.877513,0.285731],[-0.00777955,-0.306516,0.951834]]],"btipPosition":[-22.4523,325.474,-80.2553],"carpPosition":[-16.5001,278.652,66.1198],"dipPosition":[-22.5852,320.237,-63.9927],"direction":[0.0574704,0.417315,-0.906943],"extended":true,"handId":506,"id":5061,"length":58.8075,"mcpPosition":[-28.6842,287.456,-5.8977],"pipPosition":[-23.9743,310.15,-42.0715],"stabilizedTipPosition":[-32.4021,307.664,-57.8889],"timeVisible":246.307,"tipPosition":[-22.2968,324.451,-76.4047],"tipVelocity":[77.446,189.478,-151.898],"tool":false,"touchDistance":-0.116395,"touchZone":"hovering","type":1,"width":19.3428},{"bases":[[[0.848263,-0.524972,-0.0696737],[0.528079,0.848398,0.0368015],[0.0397912,-0.0680105,0.996891]],[[0.848575,-0.525541,-0.0610484],[0.196808,0.420655,-0.885616],[0.491108,0.739497,0.460388]],[[0.848575,-0.525541,-0.0610484],[-0.473884,-0.703667,-0.529421],[0.235275,0.478183,-0.84616]],[[0.848575,-0.525541,-0.0610484],[-0.506276,-0.840092,0.194755],[-0.153638,-0.134357,-0.97895]]],"btipPosition":[-35.1026,233.944,13.9291],"carpPosition":[-4.85164,275.916,63.2129],"dipPosition":[-37.9898,231.42,-4.4673],"direction":[-0.235275,-0.478183,0.84616],"extended":false,"handId":506,"id":5062,"length":67.0064,"mcpPosition":[-7.6278,280.661,-6.33814],"pipPosition":[-31.2994,245.017,-28.529],"stabilizedTipPosition":[-42.6904,226.594,28.6753],"timeVisible":246.307,"tipPosition":[-35.608,233.512,10.471],"tipVelocity":[57.3582,142.477,-209.982],"tool":false,"touchDistance":0.333333,"touchZone":"none","type":2,"width":18.9972},{"bases":[[[0.802634,-0.591711,0.0752118],[0.588333,0.806122,0.0634896],[-0.0981973,-0.0067093,0.995144]],[[0.80147,-0.591749,0.0864807],[0.357274,0.35781,-0.862744],[0.479584,0.722361,0.49819]],[[0.80147,-0.591749,0.0864807],[-0.449327,-0.691276,-0.565901],[0.394653,0.414694,-0.819925]],[[0.80147,-0.591749,0.0864807],[-0.597529,-0.786431,0.156475],[-0.0245829,-0.177085,-0.983889]]],"btipPosition":[-19.7889,230.285,18.0783],"carpPosition":[5.96101,270.318,61.5765],"dipPosition":[-20.2482,226.976,-0.304717],"direction":[-0.394653,-0.414694,0.819925],"extended":false,"handId":506,"id":5063,"length":64.4285,"mcpPosition":[12.1121,270.739,-0.759358],"pipPosition":[-9.31555,238.464,-23.0183],"stabilizedTipPosition":[-27.2072,222.69,31.4828],"timeVisible":246.307,"tipPosition":[-19.8693,229.706,14.56],"tipVelocity":[58.4774,147.661,-196.405],"tool":false,"touchDistance":0.333333,"touchZone":"none","type":3,"width":18.077},{"bases":[[[0.677557,-0.713517,0.178352],[0.695008,0.700495,0.162082],[-0.240583,0.014136,0.970526]],[[0.698909,-0.711116,0.0764197],[0.44035,0.343654,-0.829454],[0.563576,0.613365,0.553322]],[[0.698909,-0.711116,0.0764197],[-0.525541,-0.583096,-0.619521],[0.485111,0.392827,-0.781252]],[[0.698909,-0.711116,0.0764197],[-0.715209,-0.694688,0.0767162],[-0.00146635,-0.108274,-0.99412]]],"btipPosition":[-1.65254,230.115,18.5878],"carpPosition":[13.7877,258.439,62.0132],"dipPosition":[-1.67782,228.248,1.45236],"direction":[-0.485111,-0.392827,0.781252],"extended":false,"handId":506,"id":5064,"length":50.5107,"mcpPosition":[27.738,257.62,5.73705],"pipPosition":[7.81037,235.932,-13.828],"stabilizedTipPosition":[-9.27619,227.224,23.9738],"timeVisible":246.307,"tipPosition":[-1.66041,229.78,15.2368],"tipVelocity":[58.4835,154.706,-187.624],"tool":false,"touchDistance":0.333333,"touchZone":"none","type":4,"width":16.0574}],"r":[[0.509958,0.265741,0.818123],[0.609099,-0.783135,-0.125291],[0.607406,0.56221,-0.561228]],"s":1