{"sensorType":"Leap","data":[[0,{"currentFrameRate":110.37,"devices":[],"gestures":[],"hands":[{"armBasis":[[0.872291,-0.276887,-0.40304],[0.446359,0.78745,0.425071],[0.199678,-0.550687,0.810477]],"armWidth":63.72,"confidence":0.623258,"direction":[0.00119371,0.305558,-0.952173],"elbow":[44.4039,107.698,277.135],"grabStrength":0,"id":506,"palmNormal":[-0.452653,-0.848875,-0.272976],"palmPosition":[-18.1972,272.504,6.75576],"palmVelocity":[73.5085,-68.282,205.096],"palmWidth":90.99,"pinchStrength":0.810694,"r":[[0.555421,0.116673,0.823344],[0.566429,-0.777977,-0.271864],[0.608823,0.617364,-0.498192]],"s":1.36945,"sphereCenter":[-49.3678,273.252,-19.0384],"sphereRadius":51.9858,"stabilizedPalmPosition":[-24.3064,276.363,-11.1901],"t":[-4.61023,11.6443,-1.40732],"timeVisible":235.804,"type":"right","wrist":[-9.5091,256.383,58.3058]}],"id":1823449,"interactionBox":{"center":[0,200,0],"size":[235.247,235.247,147.751]},"pointables":[{"bases":[[[0.76391,0.645315,0.0031092],[-0.515657,0.607512,0.604175],[0.387994,-0.463139,0.796846]],[[0.71448,0.694085,-0.088118],[-0.698239,0.715367,-0.0266941],[0.0445087,0.0805998,0.995752]],[[0.71448,0.694085,-0.088118],[-0.627568,0.580082,-0.519291],[-0.309316,0.426323,0.850042]],[[0.71448,0.694085,-0.088118],[-0.426393,0.332106,-0.841365],[-0.554714,0.638711,0.533236]]],"btipPosition":[-18.5152,224.959,-28.6379],"carpPosition":[-39.8221,258.466,62.53],"dipPosition":[-31.4975,239.907,-16.1582],"direction":[0.309316,-0.426323,-0.850042],"extended":false,"handId":506,"id":5060,"length":52.1164,"mcpPosition":[-39.8221,258.466,62.53],"pipPosition":[-42.0438,254.443,12.8245],"stabilizedTipPosition":[-27.9087,231.699,-43.9235],"timeVisible":235.804,"tipPosition":[-22.1049,228.702,-26.0568],"tipVelocity":[92.0834,-66.0505,200.137],"tool":false,"touchDistance":0.215033,"touchZone":"hovering","type":0,"width":20.25},{"bases":[[[0.879228,-0.373903,-0.295221],[0.425611,0.89491,0.134135],[0.214042,-0.243585,0.945966]],[[0.902673,-0.409461,-0.132376],[0.399444,0.682828,0.611711],[-0.160082,-0.605052,0.779927]],[[0.902673,-0.409461,-0.132376],[0.413405,0.739708,0.530969],[-0.119491,-0.534016,0.836988]],[[0.902673,-0.409461,-0.132376],[0.422765,0.786386,0.450407],[-0.0803252,-0.462534,0.882955]]],"btipPosition":[-28.3756,339.58,-81.8465],"carpPosition":[-23.7667,274.855,56.5716],"dipPosition":[-29.748,331.677,-66.7606],"direction":[0.119491,0.534016,-0.836988],"extended":true,"handId":506,"id":5061,"length":58.8075,"mcpPosition":[-39.5137,292.775,-13.0228],"pipPosition":[-32.6362,318.77,-46.5303],"stabilizedTipPosition":[-33.5183,338.795,-95.6601],"timeVisible":235.804,"tipPosition":[-29.0298,337.585,-78.5005],"tipVelocity":[76.2585,-59.3388,211.821],"tool":false,"touchDistance":0.284952,"touchZone":"hovering","type":1,"width":19.3428},{"bases":[[[0.814537,-0.550419,-0.183215],[0.572723,0.813248,0.10303],[0.09229,-0.188853,0.977659]],[[0.813086,-0.547572,-0.197624],[0.0715854,0.430947,-0.899533],[0.577725,0.717251,0.389595]],[[0.813086,-0.547572,-0.197624],[-0.570086,-0.680228,-0.460751],[0.117865,0.487294,-0.865247]],[[0.813086,-0.547572,-0.197624],[-0.511653,-0.834118,0.206056],[-0.277672,-0.0664261,-0.958377]]],"btipPosition":[-44.8776,237.963,8.273],"carpPosition":[-12.4585,271.967,52.6466],"dipPosition":[-50.0956,236.715,-9.73681],"direction":[-0.117865,-0.487294,0.865247],"extended":false,"handId":506,"id":5062,"length":67.0064,"mcpPosition":[-18.8974,285.143,-15.5627],"pipPosition":[-46.744,250.572,-34.3413],"stabilizedTipPosition":[-53.7059,243.051,-19.9643],"timeVisible":235.804,"tipPosition":[-46.2173,237.588,3.70127],"tipVelocity":[80.6955,-73.6549,195.404],"tool":false,"touchDistance":0.333333,"touchZone":"none","type":2,"width":18.9972},{"bases":[[[0.773733,-0.631941,-0.0445898],[0.632105,0.765411,0.12079],[-0.0422024,-0.121644,0.991676]],[[0.773289,-0.633086,-0.0350163],[0.255164,0.361279,-0.896866],[0.580444,0.684602,0.440914]],[[0.773289,-0.633086,-0.0350163],[-0.557621,-0.652748,-0.512815],[0.301799,0.41608,-0.857785]],[[0.773289,-0.633086,-0.0350163],[-0.619192,-0.765899,0.173208],[-0.136474,-0.112258,-0.984263]]],"btipPosition":[-31.162,233.729,10.0314],"carpPosition":[-2.06103,266.126,49.6976],"dipPosition":[-33.7119,231.632,-8.35854],"direction":[-0.301799,-0.41608,0.857785],"extended":false,"handId":506,"id":5063,"length":64.4285,"mcpPosition":[0.58253,273.746,-12.421],"pipPosition":[-25.3515,243.158,-32.1209],"stabilizedTipPosition":[-39.4587,238.992,-17.8757],"timeVisible":235.804,"tipPosition":[-31.7841,233.131,5.69128],"tipVelocity":[80.2273,-71.694,191.511],"tool":false,"touchDistance":0.333333,"touchZone":"none","type":3,"width":18.077},{"bases":[[[0.648499,-0.759496,0.0511447],[0.738525,0.644029,0.199518],[-0.184472,-0.0916158,0.978558]],[[0.661211,-0.749693,-0.0275523],[0.335513,0.328364,-0.882954],[0.670992,0.574575,0.46865]],[[0.661211,-0.749693,-0.0275523],[-0.641882,-0.546351,-0.538041],[0.388313,0.373444,-0.842468]],[[0.661211,-0.749693,-0.0275523],[-0.741688,-0.658785,0.126096],[-0.112684,-0.0629406,-0.991635]]],"btipPosition":[-13.5323,232.717,8.51057],"carpPosition":[5.14939,253.941,48.2533],"dipPosition":[-15.4746,231.632,-8.58205],"direction":[-0.388313,-0.373444,0.842468],"extended":false,"handId":506,"id":5064,"length":50.5107,"mcpPosition":[15.846,259.253,-8.48864],"pipPosition":[-7.87971,238.936,-25.0597],"stabilizedTipPosition":[-21.7925,238.482,-19.0454],"timeVisible":235.804,"tipPosition":[-14.0571,232.409,4.48949],"tipVelocity":[83.2919,-67.0231,202.313],"tool":false,"touchDistance":0.333333,"touchZone":"none","type":4,"width":16.0574}],"r":[[0.555421,0.116673,0.823344],[0.566429,-0.777977,-0.271864],[0.608823,0.617364,-0.498192]],"s":1.36945,"t":[-4.61023,11.6443,-1.40732],"timestamp":98050277266},false],[1,{"currentFrameRate":110.438,"devices":[],"gestures":[],"hands":[{"armBasis":[[0.870058,-0.274268,-0.409606],[0.447669,0.787493,0.423613],[0.206378,-0.551935,0.807945]],"armWidth":63.72,"confidence":0.630451,"direction":[0.00249209,0.301959,-0.953318],"elbow":[46.8847,106.81,278.071],"grabStrength":0,"id":506,"palmNormal":[-0.454302,-0.848921,-0.270079],"palmPosition":[-17.4562,271.778,8.30925],"palmVelocity":[76.086,-71.8274,196.586],"palmWidth":90.99,"pinchStrength":0.812408,"r":[[0.554897,0.116137,0.823773],[0.566825,-0.777574,-0.272192],[0.608933,0.617973,-0.497303]],"s":1.36932,"sphereCenter":[-48.5707,272.456,-17.5187],"sphereRadius":51.9564,"stabilizedPalmPosition":[-24.2319,276.313,-10.9781],"t":[-3.87568,10.9034,0.335854],"timeVisible":235.813,"type":"right","wrist":[-8.83746,255.833,59.9256]}],"id":1823450,"interactionBox":{"center":[0,200,0],"size":[235.247,235.247,147.751]},"pointables":[{"bases":[[[0.765299,0.643673,0.0011934],[-0.514749,0.610898,0.601529],[0.386459,-0.460964,0.79885]],[[0.716014,0.692223,-0.0902877],[-0.696693,0.716749,-0.0298142],[0.0440755,0.0842502,0.995469]],[[0.716014,0.692223,-0.0902877],[-0.625946,0.579369,-0.522038],[-0.309057,0.430302,0.84813]],[[0.716014,0.692223,-0.0902877],[-0.424912,0.329547,-0.843118],[-0.553872,0.642049,0.530094]]],"btipPosition":[-17.8488,224.094,-26.8937],"carpPosition":[-39.1487,257.997,64.1214],"dipPosition":[-30.8114,239.12,-14.4876],"direction":[0.309057,-0.430302,-0.84813],"extended":false,"handId":506,"id":5060,"length":52.1164,"mcpPosition":[-39.1487,257.997,64.1214],"pipPosition":[-41.3488,253.792,14.4299],"stabilizedTipPosition":[-27.8376,231.657,-43.7238],"timeVisible":235.813,"tipPosition":[-21.4251,227.853,-24.3303],"tipVelocity":[87.4528,-73.8937,198.288],"tool":false,"touchDistance":0.243821,"touchZone":"hovering","type":0,"width":20.25},{"bases":[[[0.878616,-0.37691,-0.293211],[0.427452,0.894489,0.131047],[0.212881,-0.240474,0.947024]],[[0.901891,-0.411948,-0.129966],[0.400416,0.684415,0.609297],[-0.162048,-0.60156,0.782218]],[[0.901891,-0.411948,-0.129966],[0.414588,0.74103,0.528196],[-0.121281,-0.530257,0.839117]],[[0.901891,-0.411948,-0.129966],[0.424123,0.787423,0.447309],[-0.0819301,-0.458546,0.884886]]],"btipPosition":[-27.4223,338.516,-80.5667],"carpPosition":[-23.0539,274.329,58.112],"dipPosition":[-28.8222,330.682,-65.4479],"direction":[0.121281,0.530257,-0.839117],"extended":true,"handId":506,"id":5061,"length":58.8075,"mcpPosition":[-38.7155,292.021,-11.5601],"pipPosition":[-31.7536,317.865,-45.1661],"stabilizedTipPosition":[-33.4085,338.755,-95.3069],"timeVisible":235.813,"tipPosition":[-28.0781,336.55,-77.2044],"tipVelocity":[84.3759,-75.1653,193.347],"tool":false,"touchDistance":0.306408,"touchZone":"hovering","type":1,"width":19.3428},{"bases":[[[0.813469,-0.552862,-0.180585],[0.574409,0.812394,0.10035],[0.0912263,-0.185361,0.978427]],[[0.812035,-0.550068,-0.194999],[0.0730143,0.427254,-0.901178],[0.579023,0.717551,0.387108]],[[0.812035,-0.550068,-0.194999],[-0.571254,-0.680776,-0.458491],[0.119451,0.483704,-0.867042]],[[0.812035,-0.550068,-0.194999],[-0.513601,-0.83223,0.208825],[-0.277152,-0.069422,-0.958315]]],"btipPosition":[-44.2118,237.298,9.94824],"carpPosition":[-11.7494,271.402,54.2057],"dipPosition":[-49.42,235.993,-8.06041],"direction":[-0.119451,-0.483704,0.867042],"extended":false,"handId":506,"id":5062,"length":67.0064,"mcpPosition":[-18.1141,284.334,-14.0572],"pipPosition":[-46.0233,249.748,-32.716],"stabilizedTipPosition":[-53.6829,243.034,-19.8928],"timeVisible":235.813,"tipPosition":[-45.5472,236.911,5.37936],"tipVelocity":[79.0847,-74.2642,193.265],"tool":false,"touchDistance":0.333333,"touchZone":"none","type":2,"width":18.9972},{"bases":[[[0.772396,-0.633772,-0.0416804],[0.633675,0.764496,0.11833],[-0.04313,-0.11781,0.992099]],[[0.771944,-0.634879,-0.0321037],[0.257447,0.358404,-0.897367],[0.581226,0.684452,0.440115]],[[0.771944,-0.634879,-0.0321037],[-0.558173,-0.652778,-0.512176],[0.304214,0.413291,-0.85828]],[[0.771944,-0.634879,-0.0321037],[-0.621116,-0.764035,0.174542],[-0.135341,-0.114796,-0.984126]]],"btipPosition":[-30.5285,233.022,11.64],"carpPosition":[-1.3626,265.527,51.2857],"dipPosition":[-33.0572,230.877,-6.74743],"direction":[-0.304214,-0.413291,0.85828],"extended":false,"handId":506,"id":5063,"length":64.4285,"mcpPosition":[1.33906,272.907,-10.8593],"pipPosition":[-24.6299,242.326,-30.5235],"stabilizedTipPosition":[-39.4366,238.975,-17.8089],"timeVisible":235.813,"tipPosition":[-31.1369,232.425,7.33722],"tipVelocity":[77.8364,-74.0758,188.407],"tool":false,"touchDistance":0.333333,"touchZone":"none","type":3,"width":18.077},{"bases":[[[0.646823,-0.760694,0.0544496],[0.73978,0.643183,0.197589],[-0.185326,-0.0875242,0.978772]],[[0.659679,-0.751138,-0.0247914],[0.337414,0.325484,-0.883296],[0.671547,0.574327,0.46816]],[[0.659679,-0.751138,-0.0247914],[-0.642191,-0.546248,-0.537777],[0.390402,0.370681,-0.842723]],[[0.659679,-0.751138,-0.0247914],[-0.743216,-0.656909,0.126889],[-0.111597,-0.0652804,-0.991607]]],"btipPosition":[-12.889,231.963,10.1591],"carpPosition":[5.82246,253.321,49.8923],"dipPosition":[-14.8125,230.838,-6.93305],"direction":[-0.390402,-0.370681,0.842723],"extended":false,"handId":506,"id":5064,"length":50.5107,"mcpPosition":[16.5686,258.396,-6.86194],"pipPosition":[-7.17674,238.088,-23.4157],"stabilizedTipPosition":[-21.7712,238.465,-18.9818],"timeVisible":235.813,"tipPosition":[-13.4033,231.656,6.16393],"tipVelocity":[80.3481,-72.0404,197.468],"tool":false,"touchDistance":0.333333,"touchZone":"none","type":4,"width":16.0574}],"r":[[0.554897,0.116137,0.823773],[0.566825,-0.777574,-0.272192],[0.608933,0.617973,-0.497303]],"s":1.36932,"t":[-3.87568,10.9034,0.335854],"timestamp":98050286199},false],[2,{"currentFrameRate":110.161,"devices":[],"gestures":[],"hands":[{"armBasis":[[0.867323,-0.285583,-0.407668],[0.456464,0.782941,0.422663],[0.198475,-0.552671,0.809421]],"armWidth":63.72,"confidence":0.636436,"direction":[0.000177062,0.292572,-0.956243],"elbow":[45.6479,106.366,280.028],"grabStrength":0,"id":506,"palmNormal":[-0.463651,-0.847225,-0.259303],"palmPosition":[-16.6876,271.106,9.75967],"palmVelocity":[77.3103,-71.349,183.571],"palmWidth":90.99,"pinchStrength":0.815624,"r":[[0.555568,0.116287,0.823299],[0.565393,-0.778849,-0.271523],[0.609652,0.616337,-0.498451]],"s":1.36908,"sphereCenter":[-47.8978,271.775,-15.9208],"sphereRadius":51.9217,"stabilizedPalmPosition":[-24.1485,276.256,-10.7489],"t":[-3.12411,10.1973,1.93265],"timeVisible":235.822,"type":"right","wrist":[-7.94027,255.587,61.4841]}],"id":1823451,"interactionBox":{"center":[0,200,0],"size":[235.247,235.247,147.751]},"pointables":[{"bases":[[[0.771268,0.636444,-0.00919208],[-0.505779,0.621563,0.598203],[0.386436,-0.456725,0.801292]],[[0.721947,0.684555,-0.100883],[-0.690123,0.722932,-0.0331599],[0.0502318,0.0935614,0.994346]],[[0.721947,0.684555,-0.100883],[-0.623329,0.580102,-0.52435],[-0.300424,0.441436,0.845506]],[[0.721947,0.684555,-0.100883],[-0.426355,0.325254,-0.844056],[-0.54499,0.652376,0.52668]]],"btipPosition":[-17.7165,223.088,-24.9708],"carpPosition":[-38.207,258.077,65.8187],"dipPosition":[-30.4713,238.356,-12.6446],"direction":[0.300424,-0.441436,-0.845506],"extended":false,"handId":506,"id":5060,"length":52.1164,"mcpPosition":[-38.207,258.077,65.8187],"pipPosition":[-40.7144,253.407,16.1834],"stabilizedTipPosition":[-27.7656,231.607,-43.5075],"timeVisible":235.822,"tipPosition":[-21.2385,226.902,-22.423],"tipVelocity":[67.6057,-81.253,198.502],"tool":false,"touchDistance":0.275562,"touchZone":"hovering","type":0,"width":20.25},{"bases":[[[0.873469,-0.387991,-0.294133],[0.43648,0.891679,0.119973],[0.215724,-0.233176,0.948205]],[[0.89732,-0.421711,-0.130292],[0.409932,0.686821,0.600193],[-0.16362,-0.591977,0.789172]],[[0.89732,-0.421711,-0.130292],[0.424261,0.742666,0.518122],[-0.121734,-0.520199,0.845325]],[[0.89732,-0.421711,-0.130292],[0.433823,0.788266,0.436387],[-0.0813241,-0.448103,0.890275]]],"btipPosition":[-26.5025,337.014,-79.7426],"carpPosition":[-21.9931,274.197,59.5639],"dipPosition":[-27.8919,329.358,-64.5317],"direction":[0.121734,0.520199,-0.845325],"extended":true,"handId":506,"id":5061,"length":58.8075,"mcpPosition":[-37.8638,291.352,-10.1952],"pipPosition":[-30.8343,316.785,-44.0999],"stabilizedTipPosition":[-33.2502,338.671,-94.8488],"timeVisible":235.822,"tipPosition":[-27.1496,335.114,-76.3419],"tipVelocity":[87.8469,-97.5687,162.982],"tool":false,"touchDistance":0.320495,"touchZone":"hovering","type":1,"width":19.3428},{"bases":[[[0.807291,-0.562214,-0.179437],[0.582497,0.807912,0.0893078],[0.0947592,-0.176619,0.979707]],[[0.805806,-0.559548,-0.193864],[0.0720402,0.417568,-0.905785],[0.587782,0.715921,0.376788]],[[0.805806,-0.559548,-0.193864],[-0.58005,-0.679886,-0.448661],[0.119242,0.473984,-0.872422]],[[0.805806,-0.559548,-0.193864],[-0.520223,-0.825289,0.219694],[-0.282923,-0.0761782,-0.956113]]],"btipPosition":[-43.7542,236.894,11.889],"carpPosition":[-10.7376,271.127,55.6268],"dipPosition":[-49.0709,235.463,-6.07829],"direction":[-0.119242,-0.473984,0.872422],"extended":false,"handId":506,"id":5062,"length":67.0064,"mcpPosition":[-17.3487,283.449,-12.7255],"pipPosition":[-45.68,248.941,-30.8868],"stabilizedTipPosition":[-53.6589,243.016,-19.8166],"timeVisible":235.822,"tipPosition":[-45.1158,236.478,7.3336],"tipVelocity":[69.2904,-65.8676,196.314],"tool":false,"touchDistance":0.333333,"touchZone":"none","type":2,"width":18.9972},{"bases":[[[0.766213,-0.64137,-0.0395275],[0.641409,0.759638,0.107445],[-0.0388854,-0.107679,0.993425]],[[0.765804,-0.642374,-0.0299932],[0.256732,0.348159,-0.901595],[0.589604,0.682746,0.431539]],[[0.765804,-0.642374,-0.0299932],[-0.566556,-0.651884,-0.504044],[0.304233,0.402992,-0.863157]],[[0.765804,-0.642374,-0.0299932],[-0.627396,-0.756558,0.184377],[-0.14113,-0.122379,-0.982398]]],"btipPosition":[-30.1204,232.489,13.467],"carpPosition":[-0.421896,265.126,52.7098],"dipPosition":[-32.7572,230.203,-4.88813],"direction":[-0.304233,-0.402992,0.863157],"extended":false,"handId":506,"id":5063,"length":64.4285,"mcpPosition":[2.01389,271.871,-9.5183],"pipPosition":[-24.3294,241.366,-28.7993],"stabilizedTipPosition":[-39.4133,238.956,-17.7364],"timeVisible":235.822,"tipPosition":[-30.7478,231.87,9.20428],"tipVelocity":[66.9109,-69.7308,189.361],"tool":false,"touchDistance":0.333333,"touchZone":"none","type":3,"width":18.077},{"bases":[[[0.63998,-0.766161,0.0585102],[0.746803,0.638116,0.187331],[-0.180862,-0.0761924,0.980553]],[[0.65256,-0.757436,-0.0213576],[0.337469,0.315747,-0.886803],[0.67844,0.571484,0.461655]],[[0.65256,-0.757436,-0.0213576],[-0.648919,-0.54407,-0.531876],[0.391243,0.36094,-0.846553]],[[0.65256,-0.757436,-0.0213576],[-0.748801,-0.648924,0.134889],[-0.116029,-0.0720302,-0.990631]]],"btipPosition":[-12.5127,231.233,11.8502],"carpPosition":[6.64134,252.84,51.3986],"dipPosition":[-14.5127,229.991,-5.22513],"direction":[-0.391243,-0.36094,0.846553],"extended":false,"handId":506,"id":5064,"length":50.5107,"mcpPosition":[17.1287,257.258,-5.45893],"pipPosition":[-6.86045,237.051,-21.7827],"stabilizedTipPosition":[-21.7483,238.445,-18.9118],"timeVisible":235.822,"tipPosition":[-13.0315,230.914,7.91122],"tipVelocity":[67.9538,-74.0989,191.587],"tool":false,"touchDistance":0.333333,"touchZone":"none","type":4,"width":16.0574}],"r":[[0.555568,0.116287,0.823299],[0.565393,-0.778849,-0.271523],[0.609652,0.616337,-0.498451]],"s":1.36908,"t":[-3.12411,10.1973,1.93265],"timestamp":98050295768},false],[3,{"currentFrameRate":110.455,"devices":[],"gestures":[],"hands":[{"armBasis":[[0.863966,-0.296309,-0.407141],[0.464582,0.780923,0.41752],[0.194231,-0.549873,0.812351]],"armWidth":63.72,"confidence":0.643036,"direction":[-0.00235176,0.291528,-0.956559],"elbow":[45.2016,106.753,281.811],"grabStrength":0,"id":506,"palmNormal":[-0.471266,-0.844002,-0.256066],"palmPosition":[-16.1268,270.747,10.7786],"palmVelocity":[74.27,-63.6769,166.736],"palmWidth":90.99,"pinchStrength":0.818527,"r":[[0.55709,0.115753,0.822345],[0.562808,-0.780773,-0.271368],[0.610653,0.613999,-0.500107]],"s":1.36879,"sphereCenter":[-47.4305,271.584,-14.7572],"sphereRadius":51.8947,"stabilizedPalmPosition":[-24.0723,276.203,-10.5442],"t":[-2.46792,9.66454,3.24053],"timeVisible":235.831,"type":"right","wrist":[-7.24071,255.219,62.4767]}],"id":1823452,"interactionBox":{"center":[0,200,0],"size":[235.247,235.247,147.751]},"pointables":[{"bases":[[[0.775964,0.630628,-0.0137069],[-0.498144,0.625988,0.599993],[0.386953,-0.458745,0.799888]],[[0.726601,0.678969,-0.105125],[-0.684791,0.728097,-0.0305828],[0.0557765,0.0942103,0.993989]],[[0.726601,0.678969,-0.105125],[-0.621516,0.584326,-0.521805],[-0.292862,0.444481,0.846563]],[[0.726601,0.678969,-0.105125],[-0.428257,0.327925,-0.842057],[-0.537258,0.656861,0.529045]]],"btipPosition":[-17.6913,222.71,-23.9054],"carpPosition":[-37.4661,257.94,66.9577],"dipPosition":[-30.265,238.083,-11.5239],"direction":[0.292862,-0.444481,-0.846563],"extended":false,"handId":506,"id":5060,"length":52.1164,"mcpPosition":[-37.4661,257.94,66.9577],"pipPosition":[-40.2503,253.237,17.3402],"stabilizedTipPosition":[-27.7076,231.563,-43.3263],"timeVisible":235.831,"tipPosition":[-21.1601,226.544,-21.3334],"tipVelocity":[51.9231,-70.8141,179.568],"tool":false,"touchDistance":0.293531,"touchZone":"hovering","type":0,"width":20.25},{"bases":[[[0.869072,-0.394853,-0.298002],[0.443741,0.888508,0.116822],[0.21865,-0.233762,0.94739]],[[0.893507,-0.42864,-0.133843],[0.417877,0.684572,0.597277],[-0.164392,-0.589601,0.790788]],[[0.893507,-0.42864,-0.133843],[0.432279,0.740347,0.514802],[-0.121575,-0.517836,0.846797]],[[0.893507,-0.42864,-0.133843],[0.441814,0.78586,0.432695],[-0.0802886,-0.445749,0.89155]]],"btipPosition":[-25.8759,336.592,-78.7684],"carpPosition":[-21.1629,273.932,60.6049],"dipPosition":[-27.2477,328.977,-63.5358],"direction":[0.121575,0.517837,-0.846797],"extended":true,"handId":506,"id":5061,"length":58.8075,"mcpPosition":[-37.2489,291.13,-9.09418],"pipPosition":[-30.1862,316.46,-43.0683],"stabilizedTipPosition":[-33.086,338.582,-94.3932],"timeVisible":235.831,"tipPosition":[-26.5161,334.721,-75.3507],"tipVelocity":[84.1881,-84.6586,150.327],"tool":false,"touchDistance":0.336467,"touchZone":"hovering","type":1,"width":19.3428},{"bases":[[[0.802156,-0.568449,-0.182786],[0.588972,0.803614,0.0855306],[0.0982695,-0.176265,0.979425]],[[0.800621,-0.56579,-0.197203],[0.0706024,0.415916,-0.906658],[0.594998,0.711966,0.372937]],[[0.800621,-0.56579,-0.197203],[-0.587349,-0.676037,-0.444967],[0.118442,0.472077,-0.873565]],[[0.800621,-0.56579,-0.197203],[-0.525314,-0.821125,0.223155],[-0.288187,-0.0750695,-0.954627]]],"btipPosition":[-43.4379,236.739,13.0879],"carpPosition":[-9.95031,270.772,56.6158],"dipPosition":[-48.8535,235.329,-4.85145],"direction":[-0.118442,-0.472077,0.873565],"extended":false,"handId":506,"id":5062,"length":67.0064,"mcpPosition":[-16.8064,283.07,-11.7168],"pipPosition":[-45.4855,248.753,-29.6925],"stabilizedTipPosition":[-53.6392,243.002,-19.7534],"timeVisible":235.831,"tipPosition":[-44.8235,236.33,8.54188],"tipVelocity":[60.134,-53.2033,181.867],"tool":false,"touchDistance":0.333333,"touchZone":"none","type":2,"width":18.9972},{"bases":[[[0.761177,-0.647144,-0.0425872],[0.64761,0.754919,0.103431],[-0.034785,-0.106309,0.993724]],[[0.760808,-0.648135,-0.0330436],[0.255331,0.345751,-0.902919],[0.596638,0.678511,0.428539]],[[0.760808,-0.648135,-0.0330436],[-0.573649,-0.647817,-0.501258],[0.303477,0.400317,-0.864667]],[[0.760808,-0.648135,-0.0330436],[-0.632226,-0.751703,0.187703],[-0.146496,-0.121915,-0.98167]]],"btipPosition":[-29.8429,232.223,14.5554],"carpPosition":[0.305548,264.691,53.6548],"dipPosition":[-32.58,229.945,-3.78612],"direction":[-0.303477,-0.400317,0.864667],"extended":false,"handId":506,"id":5063,"length":64.4285,"mcpPosition":[2.48448,271.35,-8.59215],"pipPosition":[-24.1731,241.035,-27.7391],"stabilizedTipPosition":[-39.3936,238.94,-17.6746],"timeVisible":235.831,"tipPosition":[-30.4893,231.614,10.3128],"tipVelocity":[57.1777,-59.5491,173.239],"tool":false,"touchDistance":0.333333,"touchZone":"none","type":3,"width":18.077},{"bases":[[[0.634498,-0.770878,0.0562114],[0.752483,0.632697,0.182932],[-0.176583,-0.0737721,0.981517]],[[0.646828,-0.762247,-0.024358],[0.337125,0.314435,-0.887399],[0.684076,0.565783,0.460358]],[[0.646828,-0.762247,-0.024358],[-0.654482,-0.538418,-0.53081],[0.391493,0.359284,-0.847141]],[[0.646828,-0.762247,-0.024358],[-0.753101,-0.64345,0.137153],[-0.120217,-0.07037,-0.99025]]],"btipPosition":[-12.2643,230.809,12.7689],"carpPosition":[7.26989,252.351,52.3225],"dipPosition":[-14.3364,229.596,-4.29984],"direction":[-0.391493,-0.359284,0.847141],"extended":false,"handId":506,"id":5064,"length":50.5107,"mcpPosition":[17.5091,256.629,-4.591],"pipPosition":[-6.67928,236.623,-20.8689],"stabilizedTipPosition":[-21.7283,238.427,-18.85],"timeVisible":235.831,"tipPosition":[-12.7891,230.511,8.87944],"tipVelocity":[57.2525,-67.4851,169.613],"tool":false,"touchDistance":0.333333,"touchZone":"none","type":4,"width":16.0574}],"r":[[0.55709,0.115753,0.822345],[0.562808,-0.780773,-0.271368],[0.610653,0.613999,-0.500107]],"s":1.36879,"t":[-2.46792,9.66454,3.24053],"timestamp":98050304301},false],[4,{"currentFrameRate":110.491,"devices":[],"gestures":[],"hands":[{"armBasis":[[0.855971,-0.304884,-0.417563],[0.478088,0.774221,0.414745],[0.196837,-0.554642,0.808472]],"armWidth":63.72,"confidence":0.653284,"direction":[-0.00789545,0.285031,-0.958486],"elbow":[47.0416,104.816,282.533],"grabStrength":0,"id":506,"palmNormal":[-0.484633,-0.839513,-0.245659],"palmPosition":[-15.2919,269.86,12.5292],"palmVelocity":[79.3817,-73.2733,174.436],"palmWidth":90.99,"pinchStrength":0.821812,"r":[[0.560195,0.114997,0.82034],[0.558174,-0.784135,-0.271245],[0.612065,0.609842,-0.503457]],"s":1.36845,"sphereCenter":[-46.8066,270.884,-12.7189],"sphereRadius":51.8656,"stabilizedPalmPosition":[-23.9851,276.141,-10.3151],"t":[-1.72238,8.95483,4.76978],"timeVisible":235.84,"type":"right","wrist":[-6.1044,254.569,64.2452]}],"id":1823453,"interactionBox":{"center":[0,200,0],"size":[235.247,235.247,147.751]},"pointables":[{"bases":[[[0.783898,0.620363,-0.0255602],[-0.484123,0.636482,0.60043],[0.388753,-0.458302,0.799269]],[[0.734401,0.668621,-0.116624],[-0.675457,0.736821,-0.0291775],[0.0664222,0.100202,0.992747]],[[0.734401,0.668621,-0.116624],[-0.618809,0.589037,-0.519722],[-0.278801,0.453852,0.846338]],[[0.734401,0.668621,-0.116624],[-0.432791,0.32897,-0.839328],[-0.522826,0.666877,0.530969]]],"btipPosition":[-17.8206,221.631,-21.8396],"carpPosition":[-36.2469,257.714,68.9989],"dipPosition":[-30.0567,237.238,-9.41302],"direction":[0.278801,-0.453852,-0.846338],"extended":false,"handId":506,"id":5060,"length":52.1164,"mcpPosition":[-36.2469,257.714,68.9989],"pipPosition":[-39.5626,252.712,19.4434],"stabilizedTipPosition":[-27.6543,231.515,-43.1428],"timeVisible":235.84,"tipPosition":[-21.1957,225.511,-19.2359],"tipVelocity":[36.1073,-82.675,193.685],"tool":false,"touchDistance":0.328134,"touchZone":"hovering","type":0,"width":20.25},{"bases":[[[0.860939,-0.40815,-0.30364],[0.456331,0.883428,0.106383],[0.224824,-0.23015,0.946829]],[[0.886572,-0.44122,-0.138979],[0.432335,0.683441,0.588213],[-0.164548,-0.581579,0.796674]],[[0.886572,-0.44122,-0.138979],[0.44674,0.738669,0.504768],[-0.120054,-0.5096,0.851994]],[[0.886572,-0.44122,-0.138979],[0.456103,0.783615,0.421804],[-0.0772024,-0.437348,0.895972]]],"btipPosition":[-25.0506,335.156,-77.4076],"carpPosition":[-19.8006,273.449,62.3786],"dipPosition":[-26.3697,327.684,-62.0993],"direction":[0.120054,0.5096,-0.851994],"extended":true,"handId":506,"id":5061,"length":58.8075,"mcpPosition":[-36.3408,290.381,-7.27925],"pipPosition":[-29.2714,315.367,-41.5063],"stabilizedTipPosition":[-32.8694,338.438,-93.8188],"timeVisible":235.84,"tipPosition":[-25.6724,333.347,-73.9528],"tipVelocity":[86.6572,-104.26,151.163],"tool":false,"touchDistance":0.356827,"touchZone":"hovering","type":1,"width":19.3428},{"bases":[[[0.792906,-0.580074,-0.186585],[0.600139,0.796439,0.074279],[0.105517,-0.170873,0.979627]],[[0.791265,-0.577494,-0.200999],[0.0670483,0.408672,-0.910215],[0.607786,0.706745,0.362088]],[[0.791265,-0.577494,-0.200999],[-0.600373,-0.671377,-0.434518],[0.115985,0.464493,-0.877948]],[[0.791265,-0.577494,-0.200999],[-0.533717,-0.812682,0.233867],[-0.298405,-0.077774,-0.951265]]],"btipPosition":[-43.0171,236.226,15.3458],"carpPosition":[-8.66927,270.117,58.3033],"dipPosition":[-48.6247,234.764,-2.53033],"direction":[-0.115985,-0.464493,0.877948],"extended":false,"handId":506,"id":5062,"length":67.0064,"mcpPosition":[-16.0309,282.038,-10.0433],"pipPosition":[-45.3265,247.973,-27.496],"stabilizedTipPosition":[-53.6209,242.988,-19.6925],"timeVisible":235.84,"tipPosition":[-44.4502,235.805,10.8186],"tipVelocity":[55.1396,-54.6497,201.343],"tool":false,"touchDistance":0.333333,"touchZone":"none","type":2,"width":18.9972},{"bases":[[[0.752279,-0.657275,-0.0454565],[0.658313,0.747108,0.091949],[-0.0264748,-0.0990959,0.994726]],[[0.75199,-0.658195,-0.035915],[0.251429,0.336772,-0.907396],[0.609339,0.673323,0.418738]],[[0.75199,-0.658195,-0.035915],[-0.58658,-0.643324,-0.491993],[0.300722,0.391041,-0.869858]],[[0.75199,-0.658195,-0.035915],[-0.640158,-0.742205,0.198315],[-0.157187,-0.12614,-0.97948]]],"btipPosition":[-29.4828,231.53,16.6643],"carpPosition":[1.47762,263.882,55.2856],"dipPosition":[-32.4196,229.173,-1.6363],"direction":[-0.300722,-0.391041,0.869858],"extended":false,"handId":506,"id":5063,"length":64.4285,"mcpPosition":[3.136,270.09,-7.02404],"pipPosition":[-24.089,240.006,-25.7331],"stabilizedTipPosition":[-39.3747,238.924,-17.6128],"timeVisible":235.84,"tipPosition":[-30.171,230.91,12.4484],"tipVelocity":[51.0856,-64.9199,190.377],"tool":false,"touchDistance":0.333333,"touchZone":"none","type":3,"width":18.077},{"bases":[[[0.624976,-0.778675,0.055414],[0.762363,0.624073,0.171278],[-0.167952,-0.0647987,0.983663]],[[0.636736,-0.770636,-0.0262236],[0.334573,0.306761,-0.891044],[0.694714,0.558586,0.45316]],[[0.636736,-0.770636,-0.0262236],[-0.665201,-0.531786,-0.524128],[0.389967,0.351176,-0.851235]],[[0.636736,-0.770636,-0.0262236],[-0.760164,-0.63306,0.146238],[-0.129297,-0.0731805,-0.988902]]],"btipPosition":[-11.9562,229.843,14.6049],"carpPosition":[8.2682,251.444,53.9715],"dipPosition":[-14.1849,228.582,-2.44062],"direction":[-0.389967,-0.351176,0.851235],"extended":false,"handId":506,"id":5064,"length":50.5107,"mcpPosition":[18.0069,255.201,-3.0664],"pipPosition":[-6.55761,235.45,-19.0898],"stabilizedTipPosition":[-21.7074,238.407,-18.7834],"timeVisible":235.84,"tipPosition":[-12.5046,229.551,10.7769],"tipVelocity":[49.8544,-78.798,179.293],"tool":false,"touchDistance":0.333333,"touchZone":"none","type":4,"width":16.0574}],"r":[[0.560195,0.114997,0.82034],[0.558174,-0.784135,-0.271245],[0.612065,0.609842,-0.503457]],"s":1.36845,"t":[-1.72238,8.95483,4.76978],"timestamp":98050313287},false],[5,{"currentFrameRate":110.484,"devices":[],"gestures":[],"hands":[{"armBasis":[[0.854976,-0.311685,-0.414571],[0.482024,0.772585,0.413237],[0.191492,-0.55314,0.810781]],"armWidth":63.72,"confidence":0.660604,"direction":[-0.00773138,0.281087,-0.959651],"elbow":[46.3839,104.65,283.952],"grabStrength":0,"id":506,"palmNormal":[-0.488875,-0.838235,-0.241585],"palmPosition":[-14.4977,269.118,13.2734],"palmVelocity":[81.6553,-75.666,148.928],"palmWidth":90.99,"pinchStrength":0.825792,"r":[[0.562979,0.114529,0.818497],[0.553649,-0.787555,-0.270611],[0.613619,0.605509,-0.506786]],"s":1.36816,"sphereCenter":[-46.0008,270.131,-11.9497],"sphereRadius":51.8377,"stabilizedPalmPosition":[-23.881,276.063,-10.0564],"t":[-0.952544,8.22865,5.90646],"timeVisible":235.849,"type":"right","wrist":[-5.31883,253.998,65.0413]}],"id":1823454,"interactionBox":{"center":[0,200,0],"size":[235.247,235.247,147.751]},"pointables":[{"bases":[[[0.786774,0.616556,-0.0290831],[-0.480388,0.641238,0.598365],[0.387575,-0.456807,0.800695]],[[0.737765,0.664367,-0.119665],[-0.6717,0.740127,-0.0320976],[0.067243,0.10406,0.992295]],[[0.737765,0.664367,-0.119665],[-0.615783,0.589688,-0.52257],[-0.276613,0.459221,0.844157]],[[0.737765,0.664367,-0.119665],[-0.431816,0.328198,-0.840132],[-0.518882,0.671493,0.529017]]],"btipPosition":[-17.222,220.737,-20.8777],"carpPosition":[-35.4404,257.305,69.8183],"dipPosition":[-29.3657,236.453,-8.49675],"direction":[0.276613,-0.459221,-0.844157],"extended":false,"handId":506,"id":5060,"length":52.1164,"mcpPosition":[-35.4404,257.305,69.8183],"pipPosition":[-38.797,252.11,20.2853],"stabilizedTipPosition":[-27.597,231.462,-42.9542],"timeVisible":235.849,"tipPosition":[-20.5812,224.641,-18.2804],"tipVelocity":[45.0248,-86.3018,169.178],"tool":false,"touchDistance":0.342926,"touchZone":"hovering","type":0,"width":20.25},{"bases":[[[0.858638,-0.413453,-0.302982],[0.460609,0.881704,0.102162],[0.224901,-0.227276,0.947505]],[[0.884342,-0.446009,-0.137896],[0.436136,0.68396,0.584793],[-0.166508,-0.577299,0.799376]],[[0.884342,-0.446009,-0.137896],[0.450769,0.738961,0.500743],[-0.121436,-0.504987,0.854542]],[[0.884342,-0.446009,-0.137896],[0.460274,0.783633,0.417213],[-0.0780208,-0.432429,0.898286]]],"btipPosition":[-24.0525,334.051,-76.9402],"carpPosition":[-18.9284,272.934,63.1128],"dipPosition":[-25.3855,326.662,-61.5925],"direction":[0.121436,0.504987,-0.854542],"extended":true,"handId":506,"id":5061,"length":58.8075,"mcpPosition":[-35.4743,289.655,-6.59476],"pipPosition":[-28.3207,314.457,-40.9379],"stabilizedTipPosition":[-32.565,338.22,-93.0886],"timeVisible":235.849,"tipPosition":[-24.6721,332.276,-73.4672],"tipVelocity":[93.0404,-108.565,123.926],"tool":false,"touchDistance":0.361624,"touchZone":"hovering","type":1,"width":19.3428},{"bases":[[[0.789941,-0.584568,-0.185132],[0.603967,0.793908,0.0702457],[0.105914,-0.167303,0.9802]],[[0.788297,-0.582043,-0.199535],[0.0671838,0.403774,-0.912388],[0.611617,0.705827,0.357398]],[[0.788297,-0.582043,-0.199535],[-0.604168,-0.670813,-0.430106],[0.11649,0.459604,-0.880451]],[[0.788297,-0.582043,-0.199535],[-0.537087,-0.809137,0.238401],[-0.300211,-0.0807629,-0.950448]]],"btipPosition":[-42.3584,235.632,16.3223],"carpPosition":[-7.81786,269.533,59.038],"dipPosition":[-48,234.114,-1.53846],"direction":[-0.11649,-0.459604,0.880451],"extended":false,"handId":506,"id":5062,"length":67.0064,"mcpPosition":[-15.2073,281.205,-9.34862],"pipPosition":[-44.6874,247.184,-26.5753],"stabilizedTipPosition":[-53.6024,242.973,-19.6333],"timeVisible":235.849,"tipPosition":[-43.8017,235.199,11.7908],"tipVelocity":[59.7431,-58.0382,175.593],"tool":false,"touchDistance":0.333333,"touchZone":"none","type":2,"width":18.9972},{"bases":[[[0.749124,-0.660991,-0.0436344],[0.66193,0.744376,0.0880502],[-0.02572,-0.0948435,0.99516]],[[0.748844,-0.661868,-0.034113],[0.25216,0.332141,-0.908899],[0.612901,0.672022,0.415618]],[[0.748844,-0.661868,-0.034113],[-0.590048,-0.642379,-0.489073],[0.301788,0.386368,-0.871575]],[[0.748844,-0.661868,-0.034113],[-0.643454,-0.738411,0.201784],[-0.158744,-0.129155,-0.978836]]],"btipPosition":[-28.8714,230.864,17.5604],"carpPosition":[2.29589,263.238,56.0339],"dipPosition":[-31.8373,228.451,-0.728213],"direction":[-0.301788,-0.386368,0.871575],"extended":false,"handId":506,"id":5063,"length":64.4285,"mcpPosition":[3.90699,269.179,-6.30295],"pipPosition":[-23.4772,239.154,-24.8726],"stabilizedTipPosition":[-39.3547,238.906,-17.5498],"timeVisible":235.849,"tipPosition":[-29.5637,230.235,13.3573],"tipVelocity":[55.4029,-67.6955,165.18],"tool":false,"touchDistance":0.333333,"touchZone":"none","type":3,"width":18.077},{"bases":[[[0.621376,-0.781371,0.0578932],[0.765498,0.621183,0.167763],[-0.167048,-0.0599271,0.984126]],[[0.633161,-0.773631,-0.0245394],[0.336643,0.303789,-0.891282],[0.696978,0.556064,0.452785]],[[0.633161,-0.773631,-0.0245394],[-0.667213,-0.529447,-0.52394],[0.392344,0.348111,-0.851402]],[[0.633161,-0.773631,-0.0245394],[-0.763088,-0.629214,0.147599],[-0.129628,-0.074728,-0.988743]]],"btipPosition":[-11.3714,229.055,15.3836],"carpPosition":[9.02631,250.763,54.7633],"dipPosition":[-13.6057,227.767,-1.65918],"direction":[-0.392344,-0.348111,0.851402],"extended":false,"handId":506,"id":5064,"length":50.5107,"mcpPosition":[18.7126,254.237,-2.30145],"pipPosition":[-5.93198,234.576,-18.3116],"stabilizedTipPosition":[-21.6833,238.384,-18.7093],"timeVisible":235.849,"tipPosition":[-11.9112,228.771,11.5996],"tipVelocity":[53.8666,-81.2324,153.516],"tool":false,"touchDistance":0.333333,"touchZone":"none","type":4,"width":16.0574}],"r":[[0.562979,0.114529,0.818497],[0.553649,-0.787555,-0.270611],[0.613619,0.605509,-0.506786]],"s":1.36816,"t":[-0.952544,8.22865,5.90646],"timestamp":98050322351},false],[6,{"currentFrameRate":110.394,"devices":[],"gestures":[],"hands":[{"armBasis":[[0.854141,-0.316726,-0.412465],[0.484654,0.772385,0.410527],[0.188557,-0.55055,0.813228]],"armWidth":63.72,"confidence":0.667296,"direction":[-0.00613444,0.279889,-0.960013],"elbow":[46.1872,104.617,285.569],"grabStrength":0,"id":506,"palmNormal":[-0.491656,-0.836824,-0.240832],"palmPosition":[-13.816,268.351,14.2046],"palmVelocity":[79.4993,-77.7697,135.511],"palmWidth":90.99,"pinchStrength":0.828839,"r":[[0.565176,0.113955,0.817062],[0.549499,-0.790728,-0.269816],[0.615327,0.601468,-0.509518]],"s":1.36792,"sphereCenter":[-45.2798,269.396,-11.0481],"sphereRadius":51.8225,"stabilizedPalmPosition":[-23.7537,275.966,-9.74944],"t":[-0.226782,7.48225,6.94044],"timeVisible":235.858,"type":"right","wrist":[-4.72319,253.265,65.9976]}],"id":1823455,"interactionBox":{"center":[0,200,0],"size":[235.247,235.247,147.751]},"pointables":[{"bases":[[[0.788948,0.613758,-0.0293621],[-0.47852,0.643679,0.597241],[0.385461,-0.457141,0.801524]],[[0.740931,0.660999,-0.118748],[-0.668396,0.742998,-0.034648],[0.0653275,0.105043,0.99232]],[[0.740931,0.660999,-0.118748],[-0.611845,0.591489,-0.525154],[-0.276888,0.461759,0.842681]],[[0.740931,0.660999,-0.118748],[-0.428836,0.329588,-0.841113],[-0.516837,0.67413,0.527662]]],"btipPosition":[-16.5605,219.919,-19.864],"carpPosition":[-34.836,256.684,70.7511],"dipPosition":[-28.6563,235.696,-7.51485],"direction":[0.276888,-0.461759,-0.842681],"extended":false,"handId":506,"id":5060,"length":52.1164,"mcpPosition":[-34.836,256.684,70.7511],"pipPosition":[-38.097,251.44,21.2169],"stabilizedTipPosition":[-27.5295,231.397,-42.7422],"timeVisible":235.858,"tipPosition":[-19.9261,223.83,-17.2691],"tipVelocity":[52.8537,-86.5685,152.368],"tool":false,"touchDistance":0.357061,"touchZone":"hovering","type":0,"width":20.25},{"bases":[[[0.857376,-0.416845,-0.301904],[0.463631,0.880214,0.101336],[0.223499,-0.226855,0.947937]],[[0.882881,-0.449321,-0.1365],[0.438057,0.683291,0.58414],[-0.169197,-0.57552,0.800093]],[[0.882881,-0.449321,-0.1365],[0.452984,0.738242,0.499805],[-0.123803,-0.5031,0.855315]],[[0.882881,-0.449321,-0.1365],[0.462722,0.782837,0.415997],[-0.0800593,-0.430437,0.899063]]],"btipPosition":[-23.0785,333.176,-76.1113],"carpPosition":[-18.2651,272.246,64.0363],"dipPosition":[-24.4463,325.822,-60.7503],"direction":[0.123803,0.5031,-0.855315],"extended":true,"handId":506,"id":5061,"length":58.8075,"mcpPosition":[-34.7078,288.936,-5.70305],"pipPosition":[-27.4387,313.662,-40.077],"stabilizedTipPosition":[-32.148,337.914,-92.1561],"timeVisible":235.858,"tipPosition":[-23.7015,331.422,-72.6289],"tipVelocity":[96.3378,-104.496,114.496],"tool":false,"touchDistance":0.371275,"touchZone":"hovering","type":1,"width":19.3428},{"bases":[[[0.788005,-0.587568,-0.183881],[0.606701,0.791876,0.0696236],[0.104702,-0.166424,0.98048]],[[0.786381,-0.585059,-0.19827],[0.0685495,0.401624,-0.913236],[0.613926,0.70456,0.355935]],[[0.786381,-0.585059,-0.19827],[-0.606348,-0.669681,-0.428799],[0.118095,0.45742,-0.881374]],[[0.786381,-0.585059,-0.19827],[-0.539923,-0.806901,0.23957],[-0.300147,-0.0813426,-0.950418]]],"btipPosition":[-41.7781,234.973,17.334],"carpPosition":[-7.16394,268.801,59.973],"dipPosition":[-47.4185,233.444,-0.526244],"direction":[-0.118095,-0.45742,0.881374],"extended":false,"handId":506,"id":5062,"length":67.0064,"mcpPosition":[-14.4688,280.412,-8.43314],"pipPosition":[-44.0603,246.452,-25.5894],"stabilizedTipPosition":[-53.5821,242.957,-19.5699],"timeVisible":235.858,"tipPosition":[-43.2223,234.54,12.7958],"tipVelocity":[60.6534,-61.8847,157.152],"tool":false,"touchDistance":0.333333,"touchZone":"none","type":2,"width":18.9972},{"bases":[[[0.746831,-0.663666,-0.0423126],[0.664478,0.742164,0.0875283],[-0.0266867,-0.0934847,0.995263]],[[0.746545,-0.66452,-0.0329028],[0.254492,0.330898,-0.908703],[0.614739,0.670014,0.416145]],[[0.746545,-0.66452,-0.0329028],[-0.591634,-0.640413,-0.489735],[0.304367,0.385076,-0.87125]],[[0.746545,-0.66452,-0.0329028],[-0.646289,-0.736036,0.201401],[-0.158053,-0.12909,-0.978956]]],"btipPosition":[-28.3435,230.132,18.4731],"carpPosition":[2.92961,262.467,56.9834],"dipPosition":[-31.2966,227.72,0.182263],"direction":[-0.304367,-0.385076,0.87125],"extended":false,"handId":506,"id":5063,"length":64.4285,"mcpPosition":[4.60126,268.323,-5.3599],"pipPosition":[-22.865,238.387,-23.9531],"stabilizedTipPosition":[-39.3318,238.886,-17.4793],"timeVisible":235.858,"tipPosition":[-29.0268,229.514,14.2919],"tipVelocity":[56.0149,-70.9644,146.63],"tool":false,"touchDistance":0.333333,"touchZone":"none","type":3,"width":18.077},{"bases":[[[0.618597,-0.783469,0.059286],[0.767563,0.618711,0.167465],[-0.167884,-0.0580874,0.984094]],[[0.630529,-0.775803,-0.0237233],[0.339124,0.302856,-0.890659],[0.698161,0.553541,0.454053]],[[0.630529,-0.775803,-0.0237233],[-0.668125,-0.526952,-0.525291],[0.395021,0.347061,-0.850592]],[[0.630529,-0.775803,-0.0237233],[-0.765435,-0.626586,0.146625],[-0.128617,-0.0742927,-0.988908]]],"btipPosition":[-10.8437,228.254,16.2973],"carpPosition":[9.61708,249.967,55.733],"dipPosition":[-13.0607,226.974,-0.748291],"direction":[-0.395021,-0.347061,0.850592],"extended":false,"handId":506,"id":5064,"length":50.5107,"mcpPosition":[19.3519,253.335,-1.3299],"pipPosition":[-5.33453,233.762,-17.3848],"stabilizedTipPosition":[-21.6538,238.354,-18.6206],"timeVisible":235.858,"tipPosition":[-11.3745,227.981,12.5342],"tipVelocity":[54.9357,-82.7533,138.26],"tool":false,"touchDistance":0.333333,"touchZone":"