{"sensorType":"Leap","data":[[0,{"currentFrameRate":110.502,"devices":[],"gestures":[{"center":[-39.8552,322.028,-36.7109],"duration":9007,"handIds":[506],"id":60,"normal":[-0.925707,-0.273691,0.261073],"pointableIds":[5061],"progress":0.767648,"radius":10.2657,"state":"update","type":"circle"}],"hands":[{"armBasis":[[0.95333,-0.0291852,-0.300518],[0.170371,0.873722,0.455613],[0.249272,-0.485549,0.837917]],"armWidth":63.72,"confidence":0.721554,"direction":[0.0836992,0.17009,-0.981868],"elbow":[47.6084,143.35,309.616],"grabStrength":0,"id":506,"palmNormal":[-0.202551,-0.961851,-0.183889],"palmPosition":[-23.4877,281.111,29.212],"palmVelocity":[-5.27176,40.8829,-212.688],"palmWidth":90.99,"pinchStrength":0.80083,"r":[[0.413288,0.341972,0.843948],[0.736742,-0.670265,-0.0891934],[0.535168,0.658635,-0.528957]],"s":1.38679,"sphereCenter":[-45.4971,268.405,1.15646],"sphereRadius":50.3318,"stabilizedPalmPosition":[-12.8831,279.736,36.1099],"t":[-9.19193,18.9969,24.9673],"timeVisible":234.792,"type":"right","wrist":[-19.695,274.448,83.3783]}],"id":1823339,"interactionBox":{"center":[0,200,0],"size":[235.247,235.247,147.751]},"pointables":[{"bases":[[[0.590114,0.807274,-0.00858682],[-0.727309,0.536216,0.428362],[0.35041,-0.246537,0.903567]],[[0.530682,0.835176,-0.144421],[-0.842985,0.50239,-0.192306],[-0.0880534,0.223798,0.97065]],[[0.530682,0.835176,-0.144421],[-0.612687,0.260267,-0.746242],[-0.585655,0.484502,0.64982]],[[0.530682,0.835176,-0.144421],[-0.273072,0.00716745,-0.961967],[-0.802376,0.549936,0.231867]]],"btipPosition":[-6.84182,229.025,7.40423],"carpPosition":[-49.984,269.586,83.4393],"dipPosition":[-25.6203,241.896,12.8308],"direction":[0.585655,-0.484502,-0.64982],"extended":false,"handId":506,"id":5060,"length":52.1164,"mcpPosition":[-49.984,269.586,83.4393],"pipPosition":[-45.5886,258.415,34.9868],"stabilizedTipPosition":[-22.6476,232.866,23.8101],"timeVisible":234.792,"tipPosition":[-11.4416,232.061,8.76866],"tipVelocity":[52.8111,52.1878,-224.352],"tool":false,"touchDistance":-0.164645,"touchZone":"hovering","type":0,"width":20.25},{"bases":[[[0.97589,-0.182669,-0.119457],[0.188248,0.98142,0.0371245],[0.110456,-0.058717,0.992145]],[[0.981731,-0.189105,0.0210596],[0.149975,0.837165,0.525988],[-0.117097,-0.51322,0.850231]],[[0.981731,-0.189105,0.0210596],[0.168147,0.914039,0.369132],[-0.0890539,-0.358847,0.929138]],[[0.981731,-0.189105,0.0210596],[0.180455,0.960444,0.212091],[-0.0603339,-0.204416,0.977023]]],"btipPosition":[-37.1707,327.021,-71.7705],"carpPosition":[-37.2586,288.486,76.8999],"dipPosition":[-38.2015,323.528,-55.0774],"direction":[0.0890539,0.358847,-0.929138],"extended":true,"handId":506,"id":5061,"length":58.8075,"mcpPosition":[-45.3848,292.806,3.9082],"pipPosition":[-40.354,314.855,-32.6198],"stabilizedTipPosition":[-41.2087,328.55,-31.2876],"timeVisible":234.792,"tipPosition":[-37.5685,325.017,-68.2528],"tipVelocity":[32.5825,69.3409,-206.874],"tool":false,"touchDistance":-0.35049,"touchZone":"hovering","type":1,"width":19.3428},{"bases":[[[0.935355,-0.353536,0.011117],[0.352904,0.934881,0.0381677],[-0.0238867,-0.0317771,0.99921]],[[0.935649,-0.352407,-0.0192575],[0.069874,0.238449,-0.968638],[0.345947,0.904959,0.247728]],[[0.935649,-0.352407,-0.0192575],[-0.3368,-0.875241,-0.347159],[0.105486,0.331305,-0.937608]],[[0.935649,-0.352407,-0.0192575],[-0.331335,-0.895878,0.296007],[-0.121567,-0.270578,-0.954992]]],"btipPosition":[-40.8394,242.227,37.8785],"carpPosition":[-25.116,287.966,74.9236],"dipPosition":[-43.1239,237.142,19.9323],"direction":[-0.105486,-0.331305,0.937608],"extended":false,"handId":506,"id":5062,"length":67.0064,"mcpPosition":[-23.4495,290.183,5.21073],"pipPosition":[-40.1243,246.564,-6.72988],"stabilizedTipPosition":[-46.3337,265.511,0.794794],"timeVisible":234.792,"tipPosition":[-41.1682,241.466,34.4142],"tipVelocity":[6.3228,7.1852,-275.603],"tool":false,"touchDistance":0.333333,"touchZone":"none","type":2,"width":18.9972},{"bases":[[[0.892362,-0.423822,0.155129],[0.417887,0.905744,0.0706976],[-0.17047,0.00173841,0.985361]],[[0.895915,-0.423757,0.133291],[0.242884,0.216046,-0.945691],[0.371946,0.879633,0.296482]],[[0.895915,-0.423757,0.133291],[-0.344867,-0.852611,-0.392583],[0.280005,0.305754,-0.910006]],[[0.895915,-0.423757,0.133291],[-0.444147,-0.860106,0.250901],[0.00832325,-0.283987,-0.958792]]],"btipPosition":[-27.1965,241.937,42.4274],"carpPosition":[-13.3442,284.512,74.2741],"dipPosition":[-27.041,236.631,24.5134],"direction":[-0.280005,-0.305754,0.910006],"extended":false,"handId":506,"id":5063,"length":64.4285,"mcpPosition":[-2.66592,284.403,12.5511],"pipPosition":[-19.2843,245.101,-0.695648],"stabilizedTipPosition":[-34.8232,257.043,-1.87445],"timeVisible":234.792,"tipPosition":[-27.0221,241.167,39.0679],"tipVelocity":[8.58759,14.0838,-270.063],"tool":false,"touchDistance":0.333333,"touchZone":"none","type":3,"width":18.077},{"bases":[[[0.785239,-0.564562,0.254303],[0.534882,0.825369,0.18074],[-0.311933,-0.00590203,0.950086]],[[0.805024,-0.562786,0.187639],[0.348927,0.193382,-0.916981],[0.479778,0.803664,0.352048]],[[0.805024,-0.562786,0.187639],[-0.440749,-0.779097,-0.445811],[0.397085,0.276187,-0.875239]],[[0.805024,-0.562786,0.187639],[-0.590844,-0.78902,0.168379],[0.0532897,-0.246414,-0.967698]]],"btipPosition":[-11.0213,245.149,42.0036],"carpPosition":[-3.45918,274.379,75.744],"dipPosition":[-10.1028,240.902,25.3236],"direction":[-0.397085,-0.276187,0.875239],"extended":false,"handId":506,"id":5064,"length":50.5107,"mcpPosition":[14.6283,274.721,20.6531],"pipPosition":[-2.33626,246.304,8.20496],"stabilizedTipPosition":[-19.362,250.309,4.87491],"timeVisible":234.792,"tipPosition":[-10.7032,244.395,38.5561],"tipVelocity":[12.1188,34.0326,-243.924],"tool":false,"touchDistance":0.333333,"touchZone":"none","type":4,"width":16.0574}],"r":[[0.413288,0.341972,0.843948],[0.736742,-0.670265,-0.0891934],[0.535168,0.658635,-0.528957]],"s":1.38679,"t":[-9.19193,18.9969,24.9673],"timestamp":98049264959},false],[1,{"currentFrameRate":110.582,"devices":[],"gestures":[{"center":[-39.8552,322.028,-36.7109],"duration":9007,"handIds":[506],"id":60,"normal":[-0.925707,-0.273691,0.261073],"pointableIds":[5061],"progress":0.767648,"radius":10.2657,"state":"update","type":"circle"}],"hands":[{"armBasis":[[0.950954,-0.0273547,-0.30812],[0.172344,0.874013,0.454312],[0.256873,-0.485132,0.835861]],"armWidth":63.72,"confidence":0.70602,"direction":[0.0886371,0.163646,-0.982529],"elbow":[49.3339,144.256,306.587],"grabStrength":0,"id":506,"palmNormal":[-0.206637,-0.961931,-0.178857],"palmPosition":[-23.5558,281.591,26.6832],"palmVelocity":[-5.91705,44.4288,-232.112],"palmWidth":90.99,"pinchStrength":0.805252,"r":[[0.405091,0.344167,0.847025],[0.741802,-0.665281,-0.0844486],[0.534445,0.662534,-0.524803]],"s":1.38563,"sphereCenter":[-45.5597,268.8,-1.42974],"sphereRadius":50.3277,"stabilizedPalmPosition":[-12.8832,279.736,36.1098],"t":[-9.21634,19.4864,22.7101],"timeVisible":234.8,"type":"right","wrist":[-20.0219,275.241,80.9046]}],"id":1823340,"interactionBox":{"center":[0,200,0],"size":[235.247,235.247,147.751]},"pointables":[{"bases":[[[0.594211,0.804233,-0.0110466],[-0.726368,0.542477,0.422029],[0.345402,-0.24275,0.906515]],[[0.535778,0.831519,-0.146692],[-0.839331,0.505555,-0.199844],[-0.0920135,0.230195,0.968785]],[[0.535778,0.831519,-0.146692],[-0.607931,0.259321,-0.750448],[-0.585972,0.491252,0.644444]],[[0.535778,0.831519,-0.146692],[-0.268979,0.00340059,-0.96314],[-0.80037,0.555486,0.225483]]],"btipPosition":[-7.03133,229.292,5.25924],"carpPosition":[-50.335,270.532,80.8685],"dipPosition":[-25.7629,242.292,10.5364],"direction":[0.585972,-0.491252,-0.644444],"extended":false,"handId":506,"id":5060,"length":52.1164,"mcpPosition":[-50.335,270.532,80.8685],"pipPosition":[-45.7419,259.041,32.5091],"stabilizedTipPosition":[-22.43,232.855,23.4765],"timeVisible":234.8,"tipPosition":[-11.631,232.356,6.58526],"tipVelocity":[32.9841,47.045,-229.926],"tool":false,"touchDistance":-0.200968,"touchZone":"hovering","type":0,"width":20.25},{"bases":[[[0.975444,-0.188296,-0.114251],[0.193044,0.980671,0.0319169],[0.106033,-0.0531886,0.992939]],[[0.98066,-0.193906,0.0265823],[0.151957,0.839926,0.520993],[-0.123351,-0.506878,0.853147]],[[0.98066,-0.193906,0.0265823],[0.171024,0.915021,0.365358],[-0.0951686,-0.353746,0.930487]],[[0.98066,-0.193906,0.0265823],[0.184182,0.960241,0.209796],[-0.0662061,-0.200842,0.977384]]],"btipPosition":[-36.5572,326.998,-74.6257],"carpPosition":[-37.4873,289.327,74.2671],"dipPosition":[-37.6884,323.567,-57.9265],"direction":[0.0951686,0.353746,-0.930488],"extended":true,"handId":506,"id":5061,"length":58.8075,"mcpPosition":[-45.2881,293.24,1.21702],"pipPosition":[-39.9887,315.017,-35.4362],"stabilizedTipPosition":[-41.2069,328.549,-31.3039],"timeVisible":234.8,"tipPosition":[-36.9879,325.031,-71.0912],"tipVelocity":[41.7612,50.2229,-237.813],"tool":false,"touchDistance":-0.386581,"touchZone":"hovering","type":1,"width":19.3428},{"bases":[[[0.933504,-0.358154,0.0171929],[0.357456,0.933313,0.0339339],[-0.0281999,-0.0255317,0.999276]],[[0.93393,-0.357222,-0.0129299],[0.076877,0.236052,-0.968695],[0.349091,0.903699,0.247918]],[[0.93393,-0.357222,-0.0129299],[-0.339126,-0.874025,-0.347956],[0.112996,0.329351,-0.937422]],[[0.93393,-0.357222,-0.0129299],[-0.337592,-0.893345,0.296591],[-0.1175,-0.272631,-0.954917]]],"btipPosition":[-41.2035,242.714,35.2793],"carpPosition":[-25.3394,288.734,72.3449],"dipPosition":[-43.4115,237.591,17.3345],"direction":[-0.112996,-0.329351,0.937422],"extended":false,"handId":506,"id":5062,"length":67.0064,"mcpPosition":[-23.372,290.515,2.62738],"pipPosition":[-40.1983,246.957,-9.32235],"stabilizedTipPosition":[-46.3315,265.499,0.809101],"timeVisible":234.8,"tipPosition":[-41.5084,241.962,31.8483],"tipVelocity":[-5.9848,19.8493,-280.056],"tool":false,"touchDistance":0.333333,"touchZone":"none","type":2,"width":18.9972},{"bases":[[[0.889559,-0.427339,0.16145],[0.422156,0.90405,0.0669129],[-0.174553,0.00863402,0.98461]],[[0.89314,-0.427426,0.140028],[0.251176,0.215723,-0.943596],[0.37311,0.877936,0.30003]],[[0.89314,-0.427426,0.140028],[-0.345145,-0.850931,-0.39597],[0.288401,0.305327,-0.907524]],[[0.89314,-0.427426,0.140028],[-0.449577,-0.85768,0.249531],[0.0134432,-0.285819,-0.958189]]],"btipPosition":[-27.5594,242.332,39.7277],"carpPosition":[-13.5826,285.217,71.7658],"dipPosition":[-27.3082,236.992,21.8249],"direction":[-0.288401,-0.305327,0.907524],"extended":false,"handId":506,"id":5063,"length":64.4285,"mcpPosition":[-2.64853,284.676,10.0899],"pipPosition":[-19.3189,245.45,-3.31537],"stabilizedTipPosition":[-34.8207,257.038,-1.86166],"timeVisible":234.8,"tipPosition":[-27.363,241.579,36.4359],"tipVelocity":[-4.16596,22.085,-279.027],"tool":false,"touchDistance":0.333333,"touchZone":"none","type":3,"width":18.077},{"bases":[[[0.781315,-0.566929,0.261033],[0.538285,0.823765,0.177933],[-0.315905,0.00148799,0.94879]],[[0.801356,-0.565665,0.194555],[0.355866,0.189387,-0.915146],[0.48082,0.802593,0.353067]],[[0.801356,-0.565665,0.194555],[-0.441048,-0.778441,-0.446662],[0.40411,0.272127,-0.873294]],[[0.801356,-0.565665,0.194555],[-0.595392,-0.785654,0.168097],[0.0577656,-0.250542,-0.966381]]],"btipPosition":[-11.3383,245.574,39.577],"carpPosition":[-3.75505,275.043,73.339],"dipPosition":[-10.3426,241.256,22.9196],"direction":[-0.40411,-0.272127,0.873294],"extended":false,"handId":506,"id":5064,"length":50.5107,"mcpPosition":[14.5628,274.957,18.3232],"pipPosition":[-2.43865,246.578,5.83906],"stabilizedTipPosition":[-19.3535,250.303,4.90681],"timeVisible":234.8,"tipPosition":[-11.0055,244.817,36.1734],"tipVelocity":[-0.321053,37.2532,-251.572],"tool":false,"touchDistance":0.333333,"touchZone":"none","type":4,"width":16.0574}],"r":[[0.405091,0.344167,0.847025],[0.741802,-0.665281,-0.0844486],[0.534445,0.662534,-0.524803]],"s":1.38563,"t":[-9.21634,19.4864,22.7101],"timestamp":98049273860},false],[2,{"currentFrameRate":110.595,"devices":[],"gestures":[{"center":[-39.8552,322.028,-36.7109],"duration":9007,"handIds":[506],"id":60,"normal":[-0.925707,-0.273691,0.261073],"pointableIds":[5061],"progress":0.767648,"radius":10.2657,"state":"update","type":"circle"}],"hands":[{"armBasis":[[0.95238,-0.0322167,-0.303207],[0.173918,0.874176,0.453396],[0.25045,-0.484539,0.838151]],"armWidth":63.72,"confidence":0.710221,"direction":[0.091778,0.166013,-0.981843],"elbow":[47.2883,144.531,305.885],"grabStrength":0,"id":506,"palmNormal":[-0.208583,-0.960926,-0.181974],"palmPosition":[-23.7003,281.858,25.3705],"palmVelocity":[-8.69783,40.3575,-208.294],"palmWidth":90.99,"pinchStrength":0.809699,"r":[[0.398215,0.345231,0.849847],[0.745511,-0.661606,-0.0805638],[0.534451,0.665652,-0.520835]],"s":1.3845,"sphereCenter":[-45.7149,269.189,-2.88958],"sphereRadius":50.3294,"stabilizedPalmPosition":[-12.8833,279.736,36.1097],"t":[-9.30081,19.8647,20.9252],"timeVisible":234.809,"type":"right","wrist":[-20.3331,275.356,79.5845]}],"id":1823341,"interactionBox":{"center":[0,200,0],"size":[235.247,235.247,147.751]},"pointables":[{"bases":[[[0.596281,0.802743,-0.00727318],[-0.726155,0.54321,0.421452],[0.342268,-0.246022,0.906822]],[[0.538557,0.830459,-0.142455],[-0.837208,0.508337,-0.201686],[-0.0950765,0.227884,0.969035]],[[0.538557,0.830459,-0.142455],[-0.604885,0.26336,-0.751502],[-0.586575,0.490896,0.644167]],[[0.538557,0.830459,-0.142455],[-0.266245,0.0073197,-0.963878],[-0.799418,0.557031,0.225048]]],"btipPosition":[-7.20292,229.575,3.84989],"carpPosition":[-50.6578,270.725,79.452],"dipPosition":[-25.9122,242.612,9.11681],"direction":[0.586575,-0.490896,-0.644167],"extended":false,"handId":506,"id":5060,"length":52.1164,"mcpPosition":[-50.6578,270.725,79.452],"pipPosition":[-45.9118,259.349,31.0801],"stabilizedTipPosition":[-22.2793,232.851,23.2224],"timeVisible":234.809,"tipPosition":[-11.8065,232.645,5.17058],"tipVelocity":[18.8331,43.0149,-209.729],"tool":false,"touchDistance":-0.224496,"touchZone":"hovering","type":0,"width":20.25},{"bases":[[[0.975276,-0.190479,-0.11205],[0.195446,0.980088,0.0350469],[0.103143,-0.0560799,0.993084]],[[0.980072,-0.196486,0.0291965],[0.152511,0.838464,0.523181],[-0.127278,-0.508302,0.851721]],[[0.980072,-0.196486,0.0291965],[0.171961,0.912787,0.370473],[-0.099443,-0.358069,0.928384]],[[0.980072,-0.196486,0.0291965],[0.185605,0.958168,0.217865],[-0.0707827,-0.208104,0.975542]]],"btipPosition":[-36.2511,327.678,-75.8239],"carpPosition":[-37.7441,289.504,72.936],"dipPosition":[-37.4605,324.122,-59.1562],"direction":[0.099443,0.358069,-0.928384],"extended":true,"handId":506,"id":5061,"length":58.8075,"mcpPosition":[-45.3323,293.63,-0.124807],"pipPosition":[-39.8641,315.468,-36.7168],"stabilizedTipPosition":[-41.2052,328.549,-31.3187],"timeVisible":234.809,"tipPosition":[-36.7127,325.703,-72.2934],"tipVelocity":[39.0593,56.2624,-209.158],"tool":false,"touchDistance":-0.394339,"touchZone":"hovering","type":1,"width":19.3428},{"bases":[[[0.93254,-0.360576,0.0188281],[0.359731,0.932307,0.0373935],[-0.0310368,-0.0280978,0.999123]],[[0.933051,-0.359577,-0.0109983],[0.0829816,0.244872,-0.965998],[0.350044,0.900412,0.258316]],[[0.933051,-0.359577,-0.0109983],[-0.339359,-0.86962,-0.358602],[0.119381,0.338326,-0.933426]],[[0.933051,-0.359577,-0.0109983],[-0.341392,-0.894677,0.288106],[-0.113436,-0.265063,-0.957535]]],"btipPosition":[-41.5624,242.806,33.4253],"carpPosition":[-25.5925,288.885,71.0458],"dipPosition":[-43.6941,237.825,15.4313],"direction":[-0.119381,-0.338326,0.933426],"extended":false,"handId":506,"id":5062,"length":67.0064,"mcpPosition":[-23.4271,290.846,1.33899],"pipPosition":[-40.2994,247.445,-11.112],"stabilizedTipPosition":[-46.3301,265.491,0.818467],"timeVisible":234.809,"tipPosition":[-41.8381,242.111,30.0572],"tipVelocity":[-14.7504,18.1688,-259.904],"tool":false,"touchDistance":0.333333,"touchZone":"none","type":2,"width":18.9972},{"bases":[[[0.888019,-0.430029,0.162779],[0.424265,0.902792,0.0704739],[-0.177262,0.00647933,0.984142]],[[0.891587,-0.43007,0.141822],[0.25734,0.223478,-0.940124],[0.372625,0.874698,0.309925]],[[0.891587,-0.43007,0.141822],[-0.343873,-0.846747,-0.40592],[0.294661,0.313144,-0.902838]],[[0.891587,-0.43007,0.141822],[-0.45249,-0.858549,0.241135],[0.0180562,-0.279165,-0.960073]]],"btipPosition":[-27.8881,242.394,37.9444],"carpPosition":[-13.843,285.34,70.49],"dipPosition":[-27.5508,237.178,20.0064],"direction":[-0.294661,-0.313144,0.902838],"extended":false,"handId":506,"id":5063,"length":64.4285,"mcpPosition":[-2.73936,284.934,8.8433],"pipPosition":[-19.3881,245.853,-5.00401],"stabilizedTipPosition":[-34.819,257.034,-1.85316],"timeVisible":234.809,"tipPosition":[-27.6698,241.685,34.696],"tipVelocity":[-12.4413,18.758,-256.902],"tool":false,"touchDistance":0.333333,"touchZone":"none","type":3,"width":18.077},{"bases":[[[0.779145,-0.569605,0.261692],[0.539881,0.821918,0.181602],[-0.318531,-0.000211868,0.947912]],[[0.799336,-0.568223,0.195411],[0.361077,0.194277,-0.912074],[0.480298,0.799612,0.360465]],[[0.799336,-0.568223,0.195411],[-0.439981,-0.774962,-0.453707],[0.409243,0.276688,-0.869462]],[[0.799336,-0.568223,0.195411],[-0.597727,-0.785212,0.161754],[0.0615268,-0.246098,-0.96729]]],"btipPosition":[-11.6235,245.706,38.0314],"carpPosition":[-4.04581,275.137,72.0634],"dipPosition":[-10.563,241.464,21.3584],"direction":[-0.409243,-0.276688,0.869462],"extended":false,"handId":506,"id":5064,"length":50.5107,"mcpPosition":[14.4243,275.149,17.0985],"pipPosition":[-2.55867,246.876,4.35278],"stabilizedTipPosition":[-19.3476,250.299,4.92837],"timeVisible":234.809,"tipPosition":[-11.2792,244.975,34.6622],"tipVelocity":[-8.47728,31.563,-229.612],"tool":false,"touchDistance":0.333333,"touchZone":"none","type":4,"width":16.0574}],"r":[[0.398215,0.345231,0.849847],[0.745511,-0.661606,-0.0805638],[0.534451,0.665652,-0.520835]],"s":1.3845,"t":[-9.30081,19.8647,20.9252],"timestamp":98049282880},false],[3,{"currentFrameRate":110.571,"devices":[],"gestures":[{"center":[-39.8552,322.028,-36.7109],"duration":9007,"handIds":[506],"id":60,"normal":[-0.925707,-0.273691,0.261073],"pointableIds":[5061],"progress":0.767648,"radius":10.2657,"state":"update","type":"circle"}],"hands":[{"armBasis":[[0.95284,-0.0208909,-0.302752],[0.164503,0.873895,0.457435],[0.255017,-0.485666,0.836119]],"armWidth":63.72,"confidence":0.713103,"direction":[0.0985785,0.158741,-0.982387],"elbow":[48.1674,144.982,303.123],"grabStrength":0,"id":506,"palmNormal":[-0.202506,-0.963339,-0.175984],"palmPosition":[-23.6656,282.171,23.0827],"palmVelocity":[-5.23372,38.7004,-220.337],"palmWidth":90.99,"pinchStrength":0.81379,"r":[[0.39104,0.347779,0.852137],[0.749207,-0.658049,-0.0752398],[0.534581,0.667848,-0.517882]],"s":1.38351,"sphereCenter":[-45.5676,269.166,-5.32041],"sphereRadius":50.3872,"stabilizedPalmPosition":[-12.8834,279.736,36.1096],"t":[-9.32571,20.2101,18.8888],"timeVisible":234.819,"type":"right","wrist":[-20.6872,276.112,77.3706]}],"id":1823342,"interactionBox":{"center":[0,200,0],"size":[235.247,235.247,147.751]},"pointables":[{"bases":[[[0.592421,0.805578,-0.00901299],[-0.732025,0.542934,0.411537],[0.336419,-0.237205,0.911348]],[[0.536559,0.831688,-0.142825],[-0.837041,0.503067,-0.215142],[-0.10708,0.234986,0.966082]],[[0.536559,0.831688,-0.142825],[-0.598598,0.255823,-0.759101],[-0.594798,0.492797,0.635111]],[[0.536559,0.831688,-0.142825],[-0.258229,0.000690856,-0.966084],[-0.803382,0.555242,0.215137]]],"btipPosition":[-6.55993,229.803,2.12688],"carpPosition":[-50.9872,271.33,77.0409],"dipPosition":[-25.362,242.798,7.16185],"direction":[0.594798,-0.492797,-0.635111],"extended":false,"handId":506,"id":5060,"length":52.1164,"mcpPosition":[-50.9872,271.33,77.0409],"pipPosition":[-45.642,259.6,28.8163],"stabilizedTipPosition":[-22.166,232.851,23.0241],"timeVisible":234.819,"tipPosition":[-11.2377,232.859,3.37616],"tipVelocity":[32.5588,37.7587,-205.791],"tool":false,"touchDistance":-0.254102,"touchZone":"hovering","type":0,"width":20.25},{"bases":[[[0.977027,-0.186564,-0.103018],[0.190414,0.981281,0.0288131],[0.095714,-0.0477672,0.994262]],[[0.980752,-0.19144,0.0384202],[0.144391,0.843535,0.5173],[-0.131441,-0.501796,0.854941]],[[0.980752,-0.19144,0.0384202],[0.164541,0.916254,0.365247],[-0.105125,-0.351895,0.930117]],[[0.980752,-0.19144,0.0384202],[0.179097,0.960377,0.213544],[-0.0777787,-0.202553,0.976178]]],"btipPosition":[-35.6393,327.16,-78.5611],"carpPosition":[-38.1145,290.121,70.4766],"dipPosition":[-36.9682,323.699,-61.8825],"direction":[0.105125,0.351895,-0.930117],"extended":true,"handId":506,"id":5061,"length":58.8075,"mcpPosition":[-45.1562,293.635,-2.67087],"pipPosition":[-39.5092,315.193,-39.4012],"stabilizedTipPosition":[-41.2037,328.548,-31.331],"timeVisible":234.819,"tipPosition":[-36.1212,325.223,-75.0134],"tipVelocity":[46.0485,25.562,-234.573],"tool":false,"touchDistance":-0.424258,"touchZone":"hovering","type":1,"width":19.3428},{"bases":[[[0.934103,-0.355835,0.0288654],[0.354906,0.934326,0.0328037],[-0.0386424,-0.0203976,0.999045]],[[0.934836,-0.355081,-0.000535918],[0.0945609,0.250409,-0.963511],[0.342258,0.900674,0.267668]],[[0.934836,-0.355081,-0.000535918],[-0.330288,-0.869007,-0.368425],[0.130355,0.344594,-0.929657]],[[0.934836,-0.355081,-0.000535918],[-0.340436,-0.896707,0.282877],[-0.100925,-0.264261,-0.959156]]],"btipPosition":[-41.557,242.724,30.5426],"carpPosition":[-25.9458,289.547,68.6851],"dipPosition":[-43.4536,237.758,12.5182],"direction":[-0.130355,-0.344594,0.929657],"extended":false,"handId":506,"id":5062,"length":67.0064,"mcpPosition":[-23.2498,290.97,-1.01627],"pipPosition":[-39.7468,247.557,-13.918],"stabilizedTipPosition":[-46.3291,265.486,0.824204],"timeVisible":234.819,"tipPosition":[-41.76,242.107,27.3245],"tipVelocity":[-8.85523,10.7625,-275.996],"tool":false,"touchDistance":0.333333,"touchZone":"none","type":2,"width":18.9972},{"bases":[[[0.888805,-0.424372,0.173013],[0.419324,0.90539,0.0666129],[-0.184913,0.0133426,0.982664]],[[0.892496,-0.424559,0.152318],[0.264174,0.218298,-0.939445],[0.365599,0.87869,0.306988]],[[0.892496,-0.424559,0.152318],[-0.336091,-0.851169,-0.40318],[0.300822,0.308644,-0.902355]],[[0.892496,-0.424559,0.152318],[-0.450212,-0.859136,0.2433],[0.0275662,-0.28572,-0.957917]]],"btipPosition":[-27.7756,242.748,35.8725],"carpPosition":[-14.1753,286.055,68.2479],"dipPosition":[-27.2606,237.41,17.9748],"direction":[-0.300822,-0.308644,0.902355],"extended":false,"handId":506,"id":5063,"length":64.4285,"mcpPosition":[-2.59238,285.219,6.6938],"pipPosition":[-18.9272,245.96,-7.02229],"stabilizedTipPosition":[-34.8178,257.031,-1.84757],"timeVisible":234.819,"tipPosition":[-27.5263,242.009,32.6153],"tipVelocity":[-4.32443,23.4916,-248.629],"tool":false,"touchDistance":0.333333,"touchZone":"none","type":3,"width":18.077},{"bases":[[[0.779846,-0.5637,0.272182],[0.534466,0.82596,0.179264],[-0.325863,0.00567343,0.9454]],[[0.800543,-0.562739,0.206047],[0.368755,0.191544,-0.909577],[0.472387,0.804137,0.360852]],[[0.800543,-0.562739,0.206047],[-0.431251,-0.779708,-0.453959],[0.416116,0.274556,-0.866872]],[[0.800543,-0.562739,0.206047],[-0.594987,-0.787415,0.161149],[0.0715593,-0.251602,-0.965182]]],"btipPosition":[-11.5214,246.117,35.9903],"carpPosition":[-4.34123,275.913,69.9773],"dipPosition":[-10.288,241.78,19.3537],"direction":[-0.416116,-0.274556,0.866872],"extended":false,"handId":506,"id":5064,"length":50.5107,"mcpPosition":[14.554,275.584,15.1581],"pipPosition":[-2.14923,247.15,2.39869],"stabilizedTipPosition":[-19.3433,250.296,4.94268],"timeVisible":234.819,"tipPosition":[-11.1452,245.377,32.6518],"tipVelocity":[-1.8095,34.6919,-227.982],"tool":false,"touchDistance":0.333333,"touchZone":"none","type":4,"width":16.0574}],"r":[[0.39104,0.347779,0.852137],[0.749207,-0.658049,-0.0752398],[0.534581,0.667848,-0.517882]],"s":1.38351,"t":[-9.32571,20.2101,18.8888],"timestamp":98049291966},false],[4,{"currentFrameRate":110.483,"devices":[],"gestures":[{"center":[-39.8552,322.028,-36.7109],"duration":9007,"handIds":[506],"id":60,"normal":[-0.925707,-0.273691,0.261073],"pointableIds":[5061],"progress":0.767648,"radius":10.2657,"state":"update","type":"circle"}],"hands":[{"armBasis":[[0.954725,-0.019517,-0.296848],[0.160956,0.873068,0.460267],[0.250185,-0.487208,0.836681]],"armWidth":63.72,"confidence":0.719206,"direction":[0.103244,0.156549,-0.982259],"elbow":[46.3751,145.007,301.774],"grabStrength":0,"id":506,"palmNormal":[-0.200988,-0.963881,-0.174746],"palmPosition":[-23.8936,282.485,21.5541],"palmVelocity":[-10.7,37.4256,-205.133],"palmWidth":90.99,"pinchStrength":0.81607,"r":[[0.384402,0.350238,0.854148],[0.752284,-0.655117,-0.0699322],[0.535074,0.669444,-0.515307]],"s":1.3823,"sphereCenter":[-45.7943,269.367,-7.02408],"sphereRadius":50.4155,"stabilizedPalmPosition":[-12.8835,279.736,36.1096],"t":[-9.45215,20.5399,17.1063],"timeVisible":234.828,"type":"right","wrist":[-21.1749,276.553,75.8697]}],"id":1823343,"interactionBox":{"center":[0,200,0],"size":[235.247,235.247,147.751]},"pointables":[{"bases":[[[0.591906,0.805967,-0.00798963],[-0.734388,0.54337,0.406723],[0.332147,-0.234875,0.913516]],[[0.537512,0.8315,-0.140317],[-0.835386,0.50239,-0.223011],[-0.11494,0.23709,0.964664]],[[0.537512,0.8315,-0.140317],[-0.593544,0.254867,-0.763379],[-0.598988,0.493609,0.630526]],[[0.537512,0.8315,-0.140317],[-0.253014,0.000297042,-0.967462],[-0.804404,0.555524,0.210541]]],"btipPosition":[-6.48334,230.084,0.824421],"carpPosition":[-51.4697,271.75,75.4037],"dipPosition":[-25.3093,243.085,5.75184],"direction":[0.598988,-0.493609,-0.630526],"extended":false,"handId":506,"id":5060,"length":52.1164,"mcpPosition":[-51.4697,271.75,75.4037],"pipPosition":[-45.7321,259.915,27.25],"stabilizedTipPosition":[-22.0844,232.852,22.8728],"timeVisible":234.828,"tipPosition":[-11.208,233.136,2.03346],"tipVelocity":[25.6062,35.7547,-188.537],"tool":false,"touchDistance":-0.276222,"touchZone":"hovering","type":0,"width":20.25},{"bases":[[[0.977643,-0.18612,-0.0978389],[0.1896,0.981477,0.0274777],[0.0909124,-0.0454137,0.994823]],[[0.980676,-0.190672,0.0438111],[0.141268,0.845065,0.515663],[-0.135346,-0.499509,0.855671]],[[0.980676,-0.190672,0.0438111],[0.161979,0.916908,0.364749],[-0.109718,-0.350604,0.930075]],[[0.980676,-0.190672,0.0438111],[0.177188,0.960565,0.214289],[-0.0829423,-0.202385,0.975787]]],"btipPosition":[-35.3827,327.267,-80.2437],"carpPosition":[-38.5782,290.534,68.8588],"dipPosition":[-36.7998,323.81,-63.5718],"direction":[0.109718,0.350604,-0.930075],"extended":true,"handId":506,"id":5061,"length":58.8075,"mcpPosition":[-45.2665,293.875,-4.32989],"pipPosition":[-39.4518,315.335,-41.0916],"stabilizedTipPosition":[-41.2025,328.548,-31.3408],"timeVisible":234.828,"tipPosition":[-35.8855,325.349,-76.6894],"tipVelocity":[40.3436,21.7053,-220.116],"tool":false,"touchDistance":-0.435428,"touchZone":"hovering","type":1,"width":19.3428},{"bases":[[[0.934195,-0.355117,0.0342237],[0.354103,0.934646,0.0323758],[-0.0434843,-0.0181266,0.99889]],[[0.935065,-0.35444,0.00514183],[0.103687,0.259613,-0.96013],[0.338973,0.898317,0.279506]],[[0.935065,-0.35444,0.00514183],[-0.325977,-0.865493,-0.380343],[0.139259,0.353969,-0.924831]],[[0.935065,-0.35444,0.00514183],[-0.342105,-0.898537,0.274945],[-0.0928314,-0.258851,-0.961446]]],"btipPosition":[-41.9208,242.729,28.3314],"carpPosition":[-26.4004,289.965,67.1278],"dipPosition":[-43.6653,237.864,10.2639],"direction":[-0.139259,-0.353969,0.924831],"extended":false,"handId":506,"id":5062,"length":67.0064,"mcpPosition":[-23.3666,291.229,-2.56272],"pipPosition":[-39.7053,247.93,-16.035],"stabilizedTipPosition":[-46.3285,265.482,0.827809],"timeVisible":234.828,"tipPosition":[-42.0805,242.175,25.2159],"tipVelocity":[-16.3737,8.5987,-266.269],"tool":false,"touchDistance":0.333333,"touchZone":"none","type":2,"width":18.9972},{"bases":[[[0.888244,-0.423355,0.178307],[0.418375,0.905832,0.0665641],[-0.189696,0.015474,0.981721]],[[0.891784,-0.423576,0.159072],[0.27478,0.227695,-0.934158],[0.359467,0.876777,0.319445]],[[0.891784,-0.423576,0.159072],[-0.328648,-0.848043,-0.415707],[0.310984,0.318442,-0.895479]],[[0.891784,-0.423576,0.159072],[-0.450865,-0.861414,0.233852],[0.0379728,-0.280266,-0.959171]]],"btipPosition":[-28.1283,242.751,33.7159],"carpPosition":[-14.6256,286.48,66.7559],"dipPosition":[-27.4188,237.515,15.7948],"direction":[-0.310984,-0.318442,0.895479],"extended":false,"handId":506,"id":5063,"length":64.4285,"mcpPosition":[-2.74304,285.51,5.26087],"pipPosition":[-18.8039,246.336,-9.0118],"stabilizedTipPosition":[-34.817,257.03,-1.84393],"timeVisible":234.828,"tipPosition":[-27.8219,242.096,30.5901],"tipVelocity":[-12.4753,17.7333,-244.762],"tool":false,"touchDistance":0.333333,"touchZone":"none","type":3,"width":18.077},{"bases":[[[0.778899,-0.562529,0.277266],[0.533023,0.826742,0.179957],[-0.330459,0.00762117,0.94379]],[[0.799831,-0.561716,0.21153],[0.374049,0.190844,-0.90756],[0.469422,0.805018,0.362752]],[[0.799831,-0.561716,0.21153],[-0.42766,-0.7806,-0.455819],[0.421161,0.274116,-0.864572]],[[0.799831,-0.561716,0.21153],[-0.595209,-0.787727,0.158784],[0.0774362,-0.252905,-0.964387]]],"btipPosition":[-11.802,246.44,34.5369],"carpPosition":[-4.79311,276.349,68.5564],"dipPosition":[-10.4672,242.081,17.914],"direction":[-0.421161,-0.274116,0.864572],"extended":false,"handId":506,"id":5064,"length":50.5107,"mcpPosition":[14.3686,275.907,13.8306],"pipPosition":[-2.2298,247.442,1.00397],"stabilizedTipPosition":[-19.3403,250.294,4.95255],"timeVisible":234.828,"tipPosition":[-11.4043,245.696,31.2073],"tipVelocity":[-9.12358,34.6344,-208.257],"tool":false,"touchDistance":0.333333,"touchZone":"none","type":4,"width":16.0574}],"r":[[0.384402,0.350238,0.854148],[0.752284,-0.655117,-0.0699322],[0.535074,0.669444,-0.515307]],"s":1.3823,"t":[-9.45215,20.5399,17.1063],"timestamp":98049301173},false],[5,{"currentFrameRate":110.304,"devices":[],"gestures":[{"center":[-39.8552,322.028,-36.7109],"duration":9007,"handIds":[506],"id":60,"normal":[-0.925707,-0.273691,0.261073],"pointableIds":[5061],"progress":0.767648,"radius":10.2657,"state":"update","type":"circle"}],"hands":[{"armBasis":[[0.9578,-0.0117033,-0.287196],[0.148805,0.875043,0.460606],[0.245918,-0.483904,0.839858]],"armWidth":63.72,"confidence":0.719529,"direction":[0.109416,0.153538,-0.982066],"elbow":[44.8117,146.106,300.94],"grabStrength":0,"id":506,"palmNormal":[-0.190704,-0.966402,-0.172336],"palmPosition":[-23.9378,282.448,19.8196],"palmVelocity":[-8.99526,25.6516,-199.365],"palmWidth":90.99,"pinchStrength":0.819952,"r":[[0.377096,0.353587,0.856022],[0.756022,-0.651412,-0.0639727],[0.535004,0.671296,-0.512965]],"s":1.38097,"sphereCenter":[-45.6117,268.989,-8.95051],"sphereRadius":50.4336,"stabilizedPalmPosition":[-12.8835,279.736,36.1095],"t":[-9.53745,20.6862,15.3479],"timeVisible":234.837,"type":"right","wrist":[-21.5862,276.76,74.1785]}],"id":1823344,"interactionBox":{"center":[0,200,0],"size":[235.247,235.247,147.751]},"pointables":[{"bases":[[[0.584472,0.811386,-0.00672333],[-0.742517,0.538168,0.398802],[0.327201,-0.228097,0.917012]],[[0.531306,0.835764,-0.138609],[-0.837725,0.493921,-0.232935],[-0.126217,0.239876,0.962564]],[[0.531306,0.835764,-0.138609],[-0.589446,0.247171,-0.769065],[-0.608496,0.490311,0.623961]],[[0.531306,0.835764,-0.138609],[-0.247018,-0.00367385,-0.969004],[-0.810368,0.549076,0.204497]]],"btipPosition":[-5.81771,230.132,-0.610986],"carpPosition":[-51.8307,271.674,73.4982],"dipPosition":[-24.7832,242.983,4.17497],"direction":[0.608496,-0.490311,-0.623961],"extended":false,"handId":506,"id":5060,"length":52.1164,"mcpPosition":[-51.8307,271.674,73.4982],"pipPosition":[-45.5303,259.7,25.4493],"stabilizedTipPosition":[-22.0216,232.853,22.7547],"timeVisible":234.837,"tipPosition":[-10.5854,233.143,0.574294],"tipVelocity":[37.5272,26.0151,-179.41],"tool":false,"touchDistance":-0.298952,"touchZone":"hovering","type":0,"width":20.25},{"bases":[[[0.980053,-0.177434,-0.0895163],[0.180297,0.983297,0.0249134],[0.0836006,-0.040556,0.995674]],[[0.98202,-0.181388,0.052293],[0.12944,0.848642,0.512885],[-0.137409,-0.496895,0.856863]],[[0.98202,-0.181388,0.052293],[0.150514,0.919534,0.363046],[-0.113937,-0.348648,0.930303]],[[0.98202,-0.181388,0.052293],[0.166416,0.962598,0.213799],[-0.0891178,-0.201253,0.975477]]],"btipPosition":[-35.0335,326.748,-82.2406],"carpPosition":[-39.063,290.551,66.976],"dipPosition":[-36.5561,323.309,-65.574],"direction":[0.113937,0.348648,-0.930303],"extended":true,"handId":506,"id":5061,"length":58.8075,"mcpPosition":[-45.2135,293.535,-6.27528],"pipPosition":[-39.3101,314.882,-43.0882],"stabilizedTipPosition":[-41.2015,328.547,-31.3484],"timeVisible":234.837,"tipPosition":[-35.5494,324.85,-78.6781],"tipVelocity":[38.7191,-0.0796849,-218.075],"tool":false,"touchDistance":-0.450189,"touchZone":"hovering","type":1,"width":19.3428},{"bases":[[[0.937145,-0.346293,0.0428991],[0.345183,0.938014,0.0312747],[-0.0510702,-0.0145009,0.99859]],[[0.938227,-0.345732,0.0141213],[0.111653,0.263865,-0.958076],[0.327511,0.900469,0.286167]],[[0.938227,-0.345732,0.0141213],[-0.313659,-0.867005,-0.387195],[0.146109,0.358847,-0.92189]],[[0.938227,-0.345732,0.0141213],[-0.336459,-0.902015,0.27049],[-0.0807794,-0.258532,-0.962619]]],"btipPosition":[-41.7274,242.35,26.1833],"carpPosition":[-26.8675,290.087,65.3415],"dipPosition":[-43.2454,237.492,8.09379],"direction":[-0.146109,-0.358847,0.92189],"extended":false,"handId":506,"id":5062,"length":67.0064,"mcpPosition":[-23.3044,291.099,-4.32808],"pipPosition":[-39.0906,247.696,-18.1214],"stabilizedTipPosition":[-46.328,265.48,0.830026],"timeVisible":234.837,"tipPosition":[-41.846,241.812,23.1048],"tipVelocity":[-4.27433,-5.27876,-255.802],"tool":false,"touchDistance":0.333333,"touchZone":"none","type":2,"width":18.9972},{"bases":[[[0.89071,-0.414372,0.186902],[0.409451,0.909936,0.0660767],[-0.197449,0.0176721,0.980154]],[[0.894097,-0.414622,0.169348],[0.285524,0.236364,-0.928767],[0.345059,0.878761,0.329717]],[[0.894097,-0.414622,0.169348],[-0.312931,-0.848839,-0.426084],[0.320413,0.327966,-0.888692]],[[0.894097,-0.414622,0.169348],[-0.444692,-0.866824,0.225534],[0.0532836,-0.276957,-0.959404]]],"btipPosition":[-27.9789,242.43,31.4905],"carpPosition":[-15.0584,286.711,65.0749],"dipPosition":[-26.9834,237.256,13.565],"direction":[-0.320413,-0.327966,0.888692],"extended":false,"handId":506,"id":5063,"length":64.4285,"mcpPosition":[-2.69019,285.604,3.67805],"pipPosition":[-18.1073,246.341,-11.0536],"stabilizedTipPosition":[-34.8165,257.028,-1.84164],"timeVisible":234.837,"tipPosition":[-27.6085,241.825,28.4522],"tipVelocity":[-2.40605,3.38589,-242.636],"tool":false,"touchDistance":0.333333,"touchZone":"none","type":3,"width":18.077},{"bases":[[[0.781891,-0.554155,0.285584],[0.523941,0.832371,0.180675],[-0.337834,0.00836053,0.941169]],[[0.803569,-0.553387,0.219181],[0.380617,0.194635,-0.904018],[0.457611,0.809864,0.367031]],[[0.803569,-0.553387,0.219181],[-0.415005,-0.784878,-0.460149],[0.426671,0.2788,-0.860362]],[[0.803569,-0.553387,0.219181],[-0.588576,-0.793608,0.154158],[0.0886346,-0.252882,-0.963429]]],"btipPosition":[-11.6113,246.463,32.8752],"carpPosition":[-5.14691,276.679,66.993],"dipPosition":[-10.0835,242.105,16.2688],"direction":[-0.426671,-0.2788,0.860362],"extended":false,"handId":506,"id":5064,"length":50.5107,"mcpPosition":[14.4424,276.194,12.4191],"pipPosition":[-1.73832,247.558,-0.558836],"stabilizedTipPosition":[-19.3381,250.293,4.95907],"timeVisible":234.837,"tipPosition":[-11.183,245.742,29.5809],"tipVelocity":[0.59742,25.5007,-199.278],"tool":false,"touchDistance":0.333333,"touchZone":"none","type":4,"width":16.0574}],"r":[[0.377096,0.353587,0.856022],[0.756022,-0.651412,-0.0639727],[0.535004,0.671296,-0.512965]],"s":1.38097,"t":[-9.53745,20.6862,15.3479],"timestamp":98049310556},false],[6,{"currentFrameRate":110.415,"devices":[],"gestures":[{"center":[-39.8552,322.028,-36.7109],"duration":9007,"handIds":[506],"id":60,"normal":[-0.925707,-0.273691,0.261073],"pointableIds":[5061],"progress":0.767648,"radius":10.2657,"state":"update","type":"circle"}],"hands":[{"armBasis":[[0.959182,-0.0104718,-0.282594],[0.144016,0.878103,0.456283],[0.243369,-0.478357,0.843769]],"armWidth":63.72,"confidence":0.720387,"direction":[0.111667,0.160588,-0.980685],"elbow":[43.9973,147.389,300.818],"grabStrength":0,"id":506,"palmNormal":[-0.184386,-0.966372,-0.17924],"palmPosition":[-23.9224,282.573,18.6721],"palmVelocity":[-6.08659,22.5403,-180.445],"palmWidth":90.99,"pinchStrength":0.82796,"r":[[0.370252,0.355569,0.858187],[0.759784,-0.647443,-0.0595447],[0.534455,0.674083,-0.509873]],"s":1.3795,"sphereCenter":[-45.5658,269.167,-10.3474],"sphereRadius":50.458,"stabilizedPalmPosition":[-12.8836,279.736,36.1094],"t":[-9.57239,20.8221,13.8949],"timeVisible":234.846,"type":"right","wrist":[-21.7123,276.545,73.0003]}],"id":1823345,"interactionBox":{"center":[0,200,0],"size":[235.247,235.247,147.751]},"pointables":[{"bases":[[[0.579647,0.814868,0.000461526],[-0.746992,0.531138,0.399868],[0.325595,-0.232127,0.916572]],[[0.527068,0.839704,-0.130751],[-0.839533,0.490616,-0.23341],[-0.131847,0.232792,0.963548]],[[0.527068,0.839704,-0.130751],[-0.588341,0.249526,-0.76915],[-0.613233,0.48232,0.62555]],[[0.527068,0.839704,-0.130751],[-0.245299,0.00301755,-0.969443],[-0.813651,0.543035,0.207569]]],"btipPosition":[-5.39123,230.51,-2.09624],"carpPosition":[-51.9236,271.284,72.1881],"dipPosition":[-24.4336,243.219,2.76163],"direction":[0.613233,-0.48232,-0.62555],"extended":false,"handId":506,"id":5060,"length":52.1164,"mcpPosition":[-51.9236,271.284,72.1881],"pipPosition":[-45.3421,259.664,24.0901],"stabilizedTipPosition":[-21.9755,232.856,22.6655],"timeVisible":234.846,"tipPosition":[-10.1773,233.481,-0.880389],"tipVelocity":[39.8622,29.5206,-175.719],"tool":false,"touchDistance":-0.319421,"touchZone":"hovering","type":0,"width":20.25},{"bases":[[[0.981376,-0.171026,-0.0874691],[0.174355,0.984166,0.0318963],[0.0806291,-0.0465529,0.995656]],[[0.982897,-0.175897,0.0545374],[0.122673,0.846242,0.518484],[-0.137352,-0.502926,0.853346]],[[0.982897,-0.175897,0.0545374],[0.143582,0.917399,0.371164],[-0.115319,-0.356985,0.926964]],[[0.982897,-0.175897,0.0545374],[0.159596,0.961358,0.224322],[-0.0918876,-0.211781,0.972988]]],"btipPosition":[-34.9212,327.557,-83.1104],"carpPosition":[-39.2476,290.279,65.8306],"dipPosition":[-36.4912,323.939,-66.4864],"direction":[0.115319,0.356985,-0.926964],"extended":true,"handId":506,"id":5061,"length":58.8075,"mcpPosition":[-45.1795,293.704,-7.41946],"pipPosition":[-39.2785,315.311,-44.0813],"stabilizedTipPosition":[-41.2008,328.547,-31.3542],"timeVisible":234.846,"tipPosition":[-35.4452,325.634,-79.5609],"tipVelocity":[31.3302,23.4337,-185.895],"tool":false,"touchDistance":-0.446699,"touchZone":"hovering","type":1,"width":19.3428},{"bases":[[[0.939048,-0.340996,0.0437045],[0.339486,0.939823,0.0385011],[-0.0542033,-0.0213173,0.998302]],[[0.940202,-0.340261,0.015563],[0.117938,0.282339,-0.952037],[0.319547,0.896943,0.305586]],[[0.940202,-0.340261,0.015563],[-0.304976,-0.861293,-0.406404],[0.151688,0.377356,-0.913561]],[[0.940202,-0.340261,0.015563],[-0.332794,-0.907916,0.254825],[-0.072577,-0.244766,-0.966862]]],"btipPosition":[-41.6145,242.022,24.0017],"carpPosition":[-27.0443,289.898,64.2329],"dipPosition":[-42.9784,237.422,5.8324],"direction":[-0.151688,-0.377356,0.913561],"extended":false,"handId":506,"id":5062,"length":67.0064,"mcpPosition":[-23.2627,291.386,-5.41664],"pipPosition":[-38.6649,248.153,-20.146],"stabilizedTipPosition":[-46.3278,265.478,0.831311],"timeVisible":234.846,"tipPosition":[-41.6904,241.572,21.0185],"tipVelocity":[1.41921,-12.0781,-253.779],"tool":false,"touchDistance":0.333333,"touchZone":"none","type":2,"width":18.9972},{"bases":[[[0.892555,-0.410288,0.187109],[0.403808,0.9119,0.0733293],[-0.200711,0.0101058,0.979598]],[[0.895695,-0.410398,0.171185],[0.291455,0.25108,-0.923045],[0.335835,0.87666,0.344504]],[[0.895695,-0.410398,0.171185],[-0.302939,-0.844991,-0.440701],[0.325513,0.342875,-0.88118]],[[0.895695,-0.410398,0.171185],[-0.440299,-0.872377,0.212356],[0.0621877,-0.265579,-0.962081]]],"btipPosition":[-27.8262,242.255,29.6145],