{"sensorType":"Leap","data":[[0,{"currentFrameRate":99.4163,"devices":[],"gestures":[],"hands":[{"armBasis":[[0.945109,0.119791,-0.304004],[0.0795185,0.818083,0.569576],[0.316931,-0.562485,0.763653]],"armWidth":63.72,"confidence":0.718762,"direction":[-0.0421028,0.303014,-0.952056],"elbow":[70.2926,93.5015,275.988],"grabStrength":0,"id":506,"palmNormal":[-0.0701653,-0.951445,-0.299716],"palmPosition":[-25.4525,258.038,17.5631],"palmVelocity":[-75.7917,3.67827,94.4481],"palmWidth":90.99,"pinchStrength":0.636245,"r":[[0.79916,-0.0778954,0.59605],[0.598013,0.203688,-0.775172],[-0.0610257,0.975932,0.209361]],"s":1.3306,"sphereCenter":[-45.8443,242.521,-9.75293],"sphereRadius":49.3129,"stabilizedPalmPosition":[-12.3971,258.001,-8.28744],"t":[-10.1386,-3.64373,10.1641],"timeVisible":133.149,"type":"right","wrist":[-15.2786,245.372,69.8015]}],"id":1812386,"interactionBox":{"center":[0,200,0],"size":[235.247,235.247,147.751]},"pointables":[{"bases":[[[0.45559,0.888323,0.0576226],[-0.754285,0.350849,0.554941],[0.472749,-0.296289,0.829892]],[[0.38638,0.920586,-0.0568466],[-0.921247,0.38219,-0.072344],[-0.0448727,0.0803221,0.995758]],[[0.38638,0.920586,-0.0568466],[-0.834745,0.322805,-0.446093],[-0.392316,0.219814,0.89318]],[[0.38638,0.920586,-0.0568466],[-0.385685,0.105275,-0.916605],[-0.837829,0.376083,0.395733]]],"btipPosition":[-9.08038,215.299,-17.8504],"carpPosition":[-44.3048,235.605,71.5705],"dipPosition":[-28.6886,224.1,-8.58885],"direction":[0.392316,-0.219814,-0.89318],"extended":false,"handId":506,"id":5060,"length":52.1164,"mcpPosition":[-44.3048,235.605,71.5705],"pipPosition":[-42.0648,231.595,21.8646],"stabilizedTipPosition":[-2.56739,215.6,-34.9951],"timeVisible":133.149,"tipPosition":[-14.023,217.358,-15.888],"tipVelocity":[-54.6695,29.3487,71.795],"tool":false,"touchDistance":0.323134,"touchZone":"hovering","type":0,"width":20.25},{"bases":[[[0.975429,-0.00253656,-0.220301],[0.038409,0.986579,0.158704],[0.216942,-0.163266,0.962435]],[[0.999251,-0.0386731,-0.00142494],[0.0328032,0.826896,0.561397],[-0.0205327,-0.561023,0.827546]],[[0.999251,-0.0386731,-0.00142494],[0.0359311,0.913467,0.405323],[-0.0143735,-0.405071,0.914172]],[[0.999251,-0.0386731,-0.00142494],[0.0377899,0.967172,0.251298],[-0.00834033,-0.251164,0.967909]]],"btipPosition":[-49.9333,307.21,-78.2435],"carpPosition":[-35.345,257.014,66.749],"dipPosition":[-50.0758,302.919,-61.7062],"direction":[0.0143735,0.405071,-0.914172],"extended":true,"handId":506,"id":5061,"length":58.8075,"mcpPosition":[-51.3054,269.025,-4.05696],"pipPosition":[-50.4232,293.128,-39.6103],"stabilizedTipPosition":[-34.4398,304.674,-95.1169],"timeVisible":133.149,"tipPosition":[-49.8111,306.935,-74.0746],"tipVelocity":[-118.078,34.1011,120.251],"tool":false,"touchDistance":0.410126,"touchZone":"hovering","type":1,"width":19.3428},{"bases":[[[0.974835,-0.192721,-0.112053],[0.207517,0.968123,0.140266],[0.0814486,-0.15999,0.983753]],[[0.976432,-0.196303,-0.089698],[-0.0329399,0.27519,-0.960825],[0.213297,0.941135,0.262238]],[[0.976432,-0.196303,-0.089698],[-0.215331,-0.857978,-0.466376],[0.0145919,0.474699,-0.880027]],[[0.976432,-0.196303,-0.089698],[-0.188898,-0.978331,0.0847655],[-0.104394,-0.065824,-0.992355]]],"btipPosition":[-37.9426,212.296,26.1674],"carpPosition":[-23.5259,258.759,63.7687],"dipPosition":[-39.9043,211.059,7.5191],"direction":[-0.0145919,-0.474699,0.880027],"extended":false,"handId":506,"id":5062,"length":67.0064,"mcpPosition":[-29.2084,269.921,-4.86573],"pipPosition":[-39.4894,224.558,-17.5057],"stabilizedTipPosition":[-25.2384,211.509,-7.59937],"timeVisible":133.149,"tipPosition":[-38.4467,212.07,21.6092],"tipVelocity":[-53.0779,-5.69667,69.8236],"tool":false,"touchDistance":0.333333,"touchZone":"none","type":2,"width":18.9972},{"bases":[[[0.957759,-0.286594,0.0236829],[0.279125,0.946286,0.163191],[-0.0691802,-0.149687,0.98631]],[[0.959173,-0.282818,-0.000629605],[0.0716936,0.2453,-0.966793],[0.273581,0.927277,0.255562]],[[0.959173,-0.282818,-0.000629605],[-0.251282,-0.851193,-0.46079],[0.129784,0.442136,-0.887509]],[[0.959173,-0.282818,-0.000629605],[-0.281792,-0.95588,0.0829839],[-0.0240712,-0.0794185,-0.996551]]],"btipPosition":[-22.5243,214.587,31.7226],"carpPosition":[-11.4887,257.406,61.7181],"dipPosition":[-22.9741,213.104,13.1031],"direction":[-0.129784,-0.442136,0.887509],"extended":false,"handId":506,"id":5063,"length":64.4285,"mcpPosition":[-7.1553,266.782,-0.0643346],"pipPosition":[-19.3788,225.352,-11.4827],"stabilizedTipPosition":[-9.58925,213.504,-1.57637],"timeVisible":133.149,"tipPosition":[-22.6985,214.197,27.0497],"tipVelocity":[-53.1261,-0.941614,69.2575],"tool":false,"touchDistance":0.333333,"touchZone":"none","type":3,"width":18.077},{"bases":[[[0.883942,-0.45438,0.110387],[0.417478,0.873224,0.251381],[-0.210615,-0.176122,0.961573]],[[0.894789,-0.443248,0.0537028],[0.200482,0.291388,-0.935361],[0.398948,0.847717,0.349594]],[[0.894789,-0.443248,0.0537028],[-0.345844,-0.764131,-0.544513],[0.28239,0.468652,-0.837031]],[[0.894789,-0.443248,0.0537028],[-0.443324,-0.896292,-0.011137],[0.0530698,-0.0138425,-0.998495]]],"btipPosition":[-8.40286,220.252,26.4404],"carpPosition":[-0.070922,248.941,60.9766],"dipPosition":[-7.4881,220.013,9.22958],"direction":[-0.28239,-0.468652,0.837031],"extended":false,"handId":506,"id":5064,"length":50.5107,"mcpPosition":[12.1416,259.154,5.21961],"pipPosition":[-1.96489,229.179,-7.14175],"stabilizedTipPosition":[5.16604,219.129,-5.35242],"timeVisible":133.149,"tipPosition":[-8.13995,220.177,22.1811],"tipVelocity":[-56.6334,8.5441,70.047],"tool":false,"touchDistance":0.333333,"touchZone":"none","type":4,"width":16.0574}],"r":[[0.79916,-0.0778954,0.59605],[0.598013,0.203688,-0.775172],[-0.0610257,0.975932,0.209361]],"s":1.3306,"t":[-10.1386,-3.64373,10.1641],"timestamp":97947622887},false],[1,{"currentFrameRate":99.8881,"devices":[],"gestures":[],"hands":[{"armBasis":[[0.94445,0.122622,-0.304924],[0.0801559,0.813834,0.575542],[0.318732,-0.568012,0.758797]],"armWidth":63.72,"confidence":0.708317,"direction":[-0.0435432,0.304042,-0.951663],"elbow":[70.0779,91.9458,275.8],"grabStrength":0,"id":506,"palmNormal":[-0.0702482,-0.951141,-0.300661],"palmPosition":[-26.2312,258.028,18.7148],"palmVelocity":[-78.5313,2.36129,103.384],"palmWidth":90.99,"pinchStrength":0.637132,"r":[[0.800941,-0.0780645,0.593633],[0.595286,0.21023,-0.775525],[-0.0642583,0.97453,0.214852]],"s":1.3303,"sphereCenter":[-46.6934,242.485,-8.59429],"sphereRadius":49.3202,"stabilizedPalmPosition":[-12.555,258.001,-7.97926],"t":[-11.0274,-3.61538,11.3243],"timeVisible":133.159,"type":"right","wrist":[-15.9797,245.309,70.9249]}],"id":1812387,"interactionBox":{"center":[0,200,0],"size":[235.247,235.247,147.751]},"pointables":[{"bases":[[[0.455356,0.888421,0.0579585],[-0.753631,0.349973,0.55638],[0.474016,-0.29703,0.828904]],[[0.386234,0.920701,-0.055973],[-0.921363,0.382212,-0.0707345],[-0.0437318,0.0788915,0.995924]],[[0.386234,0.920701,-0.055973],[-0.834983,0.3232,-0.44536],[-0.391952,0.21875,0.893601]],[[0.386234,0.920701,-0.055973],[-0.386035,0.106234,-0.916347],[-0.837735,0.375532,0.396454]]],"btipPosition":[-9.84707,215.344,-16.7365],"carpPosition":[-44.9999,235.529,72.7239],"dipPosition":[-29.4531,224.132,-7.45806],"direction":[0.391952,-0.21875,-0.893601],"extended":false,"handId":506,"id":5060,"length":52.1164,"mcpPosition":[-44.9999,235.529,72.7239],"pipPosition":[-42.8169,231.591,23.0098],"stabilizedTipPosition":[-2.83565,215.64,-34.531],"timeVisible":133.159,"tipPosition":[-14.792,217.394,-14.7742],"tipVelocity":[-62.875,22.5011,85.9702],"tool":false,"touchDistance":0.340921,"touchZone":"hovering","type":0,"width":20.25},{"bases":[[[0.97512,-0.00194851,-0.221669],[0.0382821,0.986418,0.159732],[0.218347,-0.164244,0.96195]],[[0.999264,-0.0381859,-0.00367277],[0.0336676,0.827059,0.561106],[-0.0183887,-0.560817,0.827736]],[[0.999264,-0.0381859,-0.00367277],[0.0364164,0.914122,0.403801],[-0.0120621,-0.403637,0.91484]],[[0.999264,-0.0381859,-0.00367277],[0.0378997,0.967865,0.2486],[-0.00593826,-0.248556,0.968599]]],"btipPosition":[-50.9352,307.127,-77.0797],"carpPosition":[-36.0545,256.947,67.9133],"dipPosition":[-51.0367,302.88,-60.5306],"direction":[0.0120621,0.403637,-0.91484],"extended":true,"handId":506,"id":5061,"length":58.8075,"mcpPosition":[-52.1182,269.03,-2.85702],"pipPosition":[-51.3282,293.124,-38.4185],"stabilizedTipPosition":[-35.1982,304.742,-94.1141],"timeVisible":133.159,"tipPosition":[-50.7878,306.875,-72.9019],"tipVelocity":[-115.621,22.4322,122.497],"tool":false,"touchDistance":0.419945,"touchZone":"hovering","type":1,"width":19.3428},{"bases":[[[0.974745,-0.192252,-0.113629],[0.207371,0.968042,0.141037],[0.0828828,-0.161038,0.983462]],[[0.976371,-0.195848,-0.0913368],[-0.0345083,0.275935,-0.960557],[0.213326,0.941012,0.262656]],[[0.976371,-0.195848,-0.0913368],[-0.215705,-0.857741,-0.466639],[0.013047,0.475315,-0.879719]],[[0.976371,-0.195848,-0.0913368],[-0.188383,-0.978471,0.0843046],[-0.105881,-0.0651063,-0.992245]]],"btipPosition":[-38.6865,212.284,27.3064],"carpPosition":[-24.2402,258.699,64.9184],"dipPosition":[-40.6762,211.061,8.66016],"direction":[-0.013047,-0.475315,0.879719],"extended":false,"handId":506,"id":5062,"length":67.0064,"mcpPosition":[-30.0228,269.934,-3.69574],"pipPosition":[-40.3052,224.577,-16.3559],"stabilizedTipPosition":[-25.2962,211.511,-7.47212],"timeVisible":133.159,"tipPosition":[-39.1986,212.056,22.7467],"tipVelocity":[-61.2405,-4.37887,85.2048],"tool":false,"touchDistance":0.333333,"touchZone":"none","type":2,"width":18.9972},{"bases":[[[0.957893,-0.286279,0.0220278],[0.279019,0.946206,0.163837],[-0.067746,-0.150792,0.986241]],[[0.959269,-0.282485,-0.00222679],[0.0702515,0.246182,-0.966674],[0.273619,0.927144,0.256]],[[0.959269,-0.282485,-0.00222679],[-0.25164,-0.85089,-0.461155],[0.128375,0.442932,-0.887317]],[[0.959269,-0.282485,-0.00222679],[-0.281346,-0.956052,0.0825198],[-0.0254396,-0.0785322,-0.996587]]],"btipPosition":[-23.2679,214.571,32.8341],"carpPosition":[-12.2054,257.352,62.8495],"dipPosition":[-23.7433,213.103,14.2138],"direction":[-0.128375,-0.442932,0.887317],"extended":false,"handId":506,"id":5063,"length":64.4285,"mcpPosition":[-7.96182,266.798,1.07133],"pipPosition":[-20.187,225.374,-10.3666],"stabilizedTipPosition":[-9.64278,213.507,-1.45941],"timeVisible":133.159,"tipPosition":[-23.4473,214.182,28.1629],"tipVelocity":[-61.2511,-1.07336,83.9374],"tool":false,"touchDistance":0.333333,"touchZone":"none","type":3,"width":18.077},{"bases":[[[0.884256,-0.454187,0.108651],[0.417521,0.873096,0.251753],[-0.209206,-0.17725,0.961673]],[[0.895028,-0.442978,0.0519137],[0.199048,0.292562,-0.935301],[0.399129,0.847454,0.350025]],[[0.895028,-0.442978,0.0519137],[-0.346339,-0.76363,-0.544903],[0.281023,0.469724,-0.83689]],[[0.895028,-0.442978,0.0519137],[-0.44301,-0.896443,-0.0115096],[0.0516361,-0.0126969,-0.998585]]],"btipPosition":[-9.15424,220.237,27.5243],"carpPosition":[-0.785658,248.893,62.0827],"dipPosition":[-8.2642,220.018,10.3118],"direction":[-0.281023,-0.469724,0.83689],"extended":false,"handId":506,"id":5064,"length":50.5107,"mcpPosition":[11.3452,259.171,6.31988],"pipPosition":[-2.76773,229.206,-6.05673],"stabilizedTipPosition":[5.09581,219.134,-5.20855],"timeVisible":133.159,"tipPosition":[-8.89837,220.168,23.2677],"tipVelocity":[-64.0173,5.88056,83.6607],"tool":false,"touchDistance":0.333333,"touchZone":"none","type":4,"width":16.0574}],"r":[[0.800941,-0.0780645,0.593633],[0.595286,0.21023,-0.775525],[-0.0642583,0.97453,0.214852]],"s":1.3303,"t":[-11.0274,-3.61538,11.3243],"timestamp":97947631975},false],[2,{"currentFrameRate":100.254,"devices":[],"gestures":[],"hands":[{"armBasis":[[0.943155,0.126012,-0.307539],[0.0804479,0.811261,0.579124],[0.32247,-0.570944,0.755007]],"armWidth":63.72,"confidence":0.711493,"direction":[-0.0444871,0.306894,-0.950703],"elbow":[70.4396,90.9877,275.72],"grabStrength":0,"id":506,"palmNormal":[-0.0702212,-0.950252,-0.303463],"palmPosition":[-26.9294,258.016,19.7056],"palmVelocity":[-77.6487,1.32308,104.398],"palmWidth":90.99,"pinchStrength":0.638768,"r":[[0.802472,-0.0784919,0.591505],[0.592933,0.215962,-0.775752],[-0.0668523,0.973242,0.219844]],"s":1.32998,"sphereCenter":[-47.4656,242.484,-7.63787],"sphereRadius":49.3311,"stabilizedPalmPosition":[-12.7223,258.002,-7.65702],"t":[-11.8209,-3.60736,12.3998],"timeVisible":133.168,"type":"right","wrist":[-16.6274,245.143,71.868]}],"id":1812388,"interactionBox":{"center":[0,200,0],"size":[235.247,235.247,147.751]},"pointables":[{"bases":[[[0.455131,0.888385,0.0602293],[-0.753243,0.348059,0.558104],[0.474848,-0.299378,0.827582]],[[0.386167,0.920898,-0.0531246],[-0.921418,0.382409,-0.0689354],[-0.0431671,0.0755705,0.996206]],[[0.386167,0.920898,-0.0531246],[-0.834949,0.324484,-0.444489],[-0.392091,0.216003,0.894208]],[[0.386167,0.920898,-0.0531246],[-0.385688,0.108881,-0.916182],[-0.837926,0.374289,0.397225]]],"btipPosition":[-10.5091,215.451,-15.8498],"carpPosition":[-45.6429,235.348,73.6634],"dipPosition":[-30.1196,224.211,-6.55335],"direction":[0.392091,-0.216003,-0.894208],"extended":false,"handId":506,"id":5060,"length":52.1164,"mcpPosition":[-45.6429,235.348,73.6634],"pipPosition":[-43.4881,231.576,23.9352],"stabilizedTipPosition":[-3.103,215.68,-34.0742],"timeVisible":133.168,"tipPosition":[-15.4598,217.491,-13.8891],"tipVelocity":[-65.3282,19.2393,88.8452],"tool":false,"touchDistance":0.353524,"touchZone":"hovering","type":0,"width":20.25},{"bases":[[[0.974922,-0.000975105,-0.222543],[0.0381183,0.985944,0.162669],[0.219257,-0.167073,0.961256]],[[0.999273,-0.0376827,-0.00576331],[0.0344045,0.826378,0.562064],[-0.0164174,-0.561853,0.827074]],[[0.999273,-0.0376827,-0.00576331],[0.0368081,0.914437,0.403051],[-0.00991788,-0.402971,0.915159]],[[0.999273,-0.0376827,-0.00576331],[0.0379416,0.968495,0.246127],[-0.00369301,-0.246167,0.96922]]],"btipPosition":[-51.831,307.159,-76.0224],"carpPosition":[-36.7085,256.783,68.9094],"dipPosition":[-51.8941,302.953,-59.4627],"direction":[0.00991788,0.402971,-0.915159],"extended":true,"handId":506,"id":5061,"length":58.8075,"mcpPosition":[-52.8391,269.075,-1.80985],"pipPosition":[-52.1338,293.213,-37.3429],"stabilizedTipPosition":[-35.9697,304.809,-93.099],"timeVisible":133.168,"tipPosition":[-51.6536,306.941,-71.8289],"tipVelocity":[-110.037,17.3833,120.227],"tool":false,"touchDistance":0.42718,"touchZone":"hovering","type":1,"width":19.3428},{"bases":[[[0.974703,-0.191603,-0.115077],[0.207196,0.967678,0.143768],[0.0838106,-0.163975,0.982898]],[[0.976347,-0.195257,-0.0928518],[-0.0355722,0.278532,-0.959768],[0.213264,0.940369,0.264998]],[[0.976347,-0.195257,-0.0928518],[-0.215878,-0.85659,-0.468668],[0.0119749,0.477627,-0.878481]],[[0.976347,-0.195257,-0.0928518],[-0.187955,-0.97876,0.0818582],[-0.106863,-0.06247,-0.992309]]],"btipPosition":[-39.3564,212.254,28.1898],"carpPosition":[-24.8974,258.548,65.9093],"dipPosition":[-41.3646,211.08,9.54228],"direction":[-0.0119749,-0.477627,0.878481],"extended":false,"handId":506,"id":5062,"length":67.0064,"mcpPosition":[-30.7447,269.988,-2.66554],"pipPosition":[-41.0241,224.662,-15.4386],"stabilizedTipPosition":[-25.3586,211.514,-7.33719],"timeVisible":133.168,"tipPosition":[-39.8742,212.033,23.6282],"tipVelocity":[-64.493,-3.72318,88.0592],"tool":false,"touchDistance":0.333333,"touchZone":"none","type":2,"width":18.9972},{"bases":[[[0.958001,-0.286044,0.0203109],[0.278871,0.945796,0.166439],[-0.0668188,-0.153784,0.985843]],[[0.959354,-0.28218,-0.00391319],[0.069175,0.248579,-0.966138],[0.273598,0.926598,0.257995]],[[0.959354,-0.28218,-0.00391319],[-0.25186,-0.849851,-0.462948],[0.127309,0.445116,-0.886377]],[[0.959354,-0.28218,-0.00391319],[-0.280969,-0.95635,0.080318],[-0.0264065,-0.0759539,-0.996762]]],"btipPosition":[-23.9361,214.533,33.7232],"carpPosition":[-12.8641,257.211,63.8256],"dipPosition":[-24.4295,213.114,15.0997],"direction":[-0.127309,-0.445116,0.886377],"extended":false,"handId":506,"id":5063,"length":64.4285,"mcpPosition":[-8.67852,266.844,2.07238],"pipPosition":[-20.9028,225.444,-9.45472],"stabilizedTipPosition":[-9.70088,213.509,-1.33479],"timeVisible":133.168,"tipPosition":[-24.1194,214.153,29.0491],"tipVelocity":[-64.442,-1.5807,87.3104],"tool":false,"touchDistance":0.333333,"touchZone":"none","type":3,"width":18.077},{"bases":[[[0.884494,-0.454235,0.106493],[0.417474,0.872464,0.25401],[-0.208292,-0.180212,0.961321]],[[0.895252,-0.442798,0.0495285],[0.198141,0.296089,-0.934383],[0.399078,0.846322,0.352811]],[[0.895252,-0.442798,0.0495285],[-0.346493,-0.761772,-0.547399],[0.280117,0.472899,-0.835405]],[[0.895252,-0.442798,0.0495285],[-0.442667,-0.896574,-0.0141805],[0.050685,-0.00922949,-0.998672]]],"btipPosition":[-9.82796,220.192,28.359],"carpPosition":[-1.44234,248.758,63.0231],"dipPosition":[-8.95431,220.033,11.1451],"direction":[-0.280117,-0.472899,0.835405],"extended":false,"handId":506,"id":5064,"length":50.5107,"mcpPosition":[10.6355,259.208,7.28071],"pipPosition":[-3.47557,229.282,-5.19438],"stabilizedTipPosition":[5.01976,219.139,-5.0556],"timeVisible":133.168,"tipPosition":[-9.57915,220.142,24.1197],"tipVelocity":[-66.5879,3.27515,85.4728],"tool":false,"touchDistance":0.333333,"touchZone":"none","type":4,"width":16.0574}],"r":[[0.802472,-0.0784919,0.591505],[0.592933,0.215962,-0.775752],[-0.0668523,0.973242,0.219844]],"s":1.32998,"t":[-11.8209,-3.60736,12.3998],"timestamp":97947641236},false],[3,{"currentFrameRate":100.639,"devices":[],"gestures":[],"hands":[{"armBasis":[[0.942499,0.126302,-0.309423],[0.0825956,0.809095,0.581845],[0.323841,-0.573945,0.75214]],"armWidth":63.72,"confidence":0.717666,"direction":[-0.0458764,0.309501,-0.949792],"elbow":[70.3928,90.0666,275.734],"grabStrength":0,"id":506,"palmNormal":[-0.0720116,-0.949344,-0.305876],"palmPosition":[-27.4275,258.058,20.5479],"palmVelocity":[-71.0948,2.23575,100.836],"palmWidth":90.99,"pinchStrength":0.639188,"r":[[0.803896,-0.0793446,0.589454],[0.590803,0.220807,-0.776013],[-0.0685834,0.972085,0.224383]],"s":1.32965,"sphereCenter":[-48.1282,242.586,-6.80227],"sphereRadius":49.3567,"stabilizedPalmPosition":[-12.8871,258.002,-7.34097],"t":[-12.4667,-3.58226,13.3587],"timeVisible":133.177,"type":"right","wrist":[-17.0442,245.032,72.6561]}],"id":1812389,"interactionBox":{"center":[0,200,0],"size":[235.247,235.247,147.751]},"pointables":[{"bases":[[[0.456385,0.887637,0.061755],[-0.751746,0.347524,0.56045],[0.476015,-0.302205,0.825883]],[[0.387323,0.920517,-0.0512677],[-0.92102,0.383848,-0.0662071],[-0.0412658,0.0728621,0.996488]],[[0.387323,0.920517,-0.0512677],[-0.835307,0.326848,-0.442078],[-0.390183,0.214051,0.89551]],[[0.387323,0.920517,-0.0512677],[-0.387174,0.111939,-0.915186],[-0.836706,0.374323,0.399757]]],"btipPosition":[-11.1235,215.574,-15.1512],"carpPosition":[-46.0689,235.27,74.4798],"dipPosition":[-30.7054,224.334,-5.79544],"direction":[0.390183,-0.214051,-0.89551],"extended":false,"handId":506,"id":5060,"length":52.1164,"mcpPosition":[-46.0689,235.27,74.4798],"pipPosition":[-44.009,231.632,24.7375],"stabilizedTipPosition":[-3.36514,215.72,-33.6331],"timeVisible":133.177,"tipPosition":[-16.0641,217.612,-13.174],"tipVelocity":[-65.5559,17.5904,85.6758],"tool":false,"touchDistance":0.362189,"touchZone":"hovering","type":0,"width":20.25},{"bases":[[[0.974501,-0.00162603,-0.224377],[0.0396905,0.985454,0.16524],[0.220845,-0.169932,0.960391]],[[0.999209,-0.0387551,-0.00888224],[0.037027,0.825616,0.563017],[-0.0144865,-0.5629,0.826398]],[[0.999209,-0.0387551,-0.00888224],[0.0390502,0.91455,0.402584],[-0.00747893,-0.402612,0.91534]],[[0.999209,-0.0387551,-0.00888224],[0.0397507,0.968903,0.244228],[-0.000859055,-0.244388,0.969677]]],"btipPosition":[-52.5455,307.298,-75.0848],"carpPosition":[-37.1158,256.706,69.7665],"dipPosition":[-52.5601,303.122,-58.5173],"direction":[0.00747893,0.402612,-0.91534],"extended":true,"handId":506,"id":5061,"length":58.8075,"mcpPosition":[-53.3633,269.208,-0.8891],"pipPosition":[-52.7409,293.391,-36.3931],"stabilizedTipPosition":[-36.7089,304.877,-92.126],"timeVisible":133.177,"tipPosition":[-52.3336,307.099,-70.8831],"tipVelocity":[-100.674,16.9631,115.195],"tool":false,"touchDistance":0.431886,"touchZone":"hovering","type":1,"width":19.3428},{"bases":[[[0.974238,-0.192541,-0.117422],[0.208709,0.967023,0.145972],[0.0854438,-0.166719,0.982295]],[[0.975914,-0.196244,-0.0952927],[-0.037145,0.280955,-0.959002],[0.214971,0.939443,0.266898]],[[0.975914,-0.196244,-0.0952927],[-0.217889,-0.855188,-0.470296],[0.0107995,0.479732,-0.877349]],[[0.975914,-0.196244,-0.0952927],[-0.189014,-0.978724,0.0798252],[-0.10893,-0.0598909,-0.992244]]],"btipPosition":[-39.8911,212.297,28.9464],"carpPosition":[-25.3081,258.464,66.7489],"dipPosition":[-41.9381,211.172,10.3002],"direction":[-0.0107995,-0.479732,0.877349],"extended":false,"handId":506,"id":5062,"length":67.0064,"mcpPosition":[-31.2693,270.095,-1.78387],"pipPosition":[-41.631,224.814,-14.6485],"stabilizedTipPosition":[-25.4231,211.516,-7.19974],"timeVisible":133.177,"tipPosition":[-40.4194,212.084,24.385],"tipVelocity":[-63,-1.02457,86.4675],"tool":false,"touchDistance":0.333333,"touchZone":"none","type":2,"width":18.9972},{"bases":[[[0.957669,-0.287324,0.0177432],[0.280398,0.944988,0.168449],[-0.0651665,-0.156343,0.985551]],[[0.958981,-0.283396,-0.00647164],[0.0676835,0.251084,-0.965596],[0.275271,0.92555,0.259966]],[[0.958981,-0.283396,-0.00647164],[-0.25382,-0.848285,-0.464746],[0.126218,0.447325,-0.88542]],[[0.958981,-0.283396,-0.00647164],[-0.282047,-0.956201,0.0782906],[-0.0283755,-0.0732539,-0.99691]]],"btipPosition":[-24.4637,214.534,34.4431],"carpPosition":[-13.2804,257.117,64.639],"dipPosition":[-24.9939,213.166,15.8169],"direction":[-0.126218,-0.447325,0.88542],"extended":false,"handId":506,"id":5063,"length":64.4285,"mcpPosition":[-9.19839,266.911,2.90412],"pipPosition":[-21.4974,225.557,-8.71104],"stabilizedTipPosition":[-9.76131,213.512,-1.20694],"timeVisible":133.177,"tipPosition":[-24.6561,214.167,29.7694],"tipVelocity":[-62.7353,-0.748833,84.7839],"tool":false,"touchDistance":0.333333,"touchZone":"none","type":3,"width":18.077},{"bases":[[[0.884108,-0.455651,0.103613],[0.419071,0.871245,0.255563],[-0.206719,-0.182524,0.961224]],[[0.894805,-0.444033,0.046463],[0.196732,0.298735,-0.933838],[0.400774,0.844744,0.354665]],[[0.894805,-0.444033,0.046463],[-0.348457,-0.759659,-0.549087],[0.279109,0.475136,-0.834473]],[[0.894805,-0.444033,0.046463],[-0.44379,-0.895988,-0.0159766],[0.0487244,-0.00632388,-0.998792]]],"btipPosition":[-10.3544,220.182,29.0522],"carpPosition":[-1.87112,248.651,63.7924],"dipPosition":[-9.51455,220.073,11.8363],"direction":[-0.279109,-0.475136,0.834473],"extended":false,"handId":506,"id":5064,"length":50.5107,"mcpPosition":[10.1155,259.235,8.05565],"pipPosition":[-4.05552,229.366,-4.48502],"stabilizedTipPosition":[4.94109,219.145,-4.89939],"timeVisible":133.177,"tipPosition":[-10.1163,220.146,24.8237],"tipVelocity":[-64.2239,2.3875,82.6516],"tool":false,"touchDistance":0.333333,"touchZone":"none","type":4,"width":16.0574}],"r":[[0.803896,-0.0793446,0.589454],[0.590803,0.220807,-0.776013],[-0.0685834,0.972085,0.224383]],"s":1.32965,"t":[-12.4667,-3.58226,13.3587],"timestamp":97947650426},false],[4,{"currentFrameRate":100.997,"devices":[],"gestures":[],"hands":[{"armBasis":[[0.941669,0.124704,-0.312584],[0.086697,0.807576,0.583356],[0.325182,-0.576429,0.749658]],"armWidth":63.72,"confidence":0.720036,"direction":[-0.0465458,0.309173,-0.949866],"elbow":[70.3656,89.4984,275.799],"grabStrength":0,"id":506,"palmNormal":[-0.0760477,-0.949234,-0.305241],"palmPosition":[-27.8678,258.171,21.2956],"palmVelocity":[-64.5794,5.05046,95.3391],"palmWidth":90.99,"pinchStrength":0.63843,"r":[[0.805196,-0.0805418,0.587513],[0.588961,0.224171,-0.776449],[-0.0691667,0.971216,0.227937]],"s":1.32939,"sphereCenter":[-48.7805,242.736,-6.00796],"sphereRadius":49.3913,"stabilizedPalmPosition":[-13.047,258.004,-7.03526],"t":[-13.0097,-3.51313,14.212],"timeVisible":133.186,"type":"right","wrist":[-17.4334,245.134,73.391]}],"id":1812390,"interactionBox":{"center":[0,200,0],"size":[235.247,235.247,147.751]},"pointables":[{"bases":[[[0.459731,0.886,0.0604258],[-0.749414,0.350551,0.561687],[0.476473,-0.303509,0.82514]],[[0.390648,0.919049,-0.0523731],[-0.919706,0.38724,-0.0646904],[-0.0391727,0.073439,0.99653]],[[0.390648,0.919049,-0.0523731],[-0.834952,0.329796,-0.440556],[-0.38762,0.215831,0.896196]],[[0.390648,0.919049,-0.0523731],[-0.388435,0.112992,-0.914522],[-0.834573,0.377599,0.401131]]],"btipPosition":[-11.7864,215.617,-14.414],"carpPosition":[-46.49,235.479,75.2746],"dipPosition":[-31.3185,224.454,-5.02612],"direction":[0.38762,-0.215831,-0.896196],"extended":false,"handId":506,"id":5060,"length":52.1164,"mcpPosition":[-46.49,235.479,75.2746],"pipPosition":[-44.5346,231.813,25.5302],"stabilizedTipPosition":[-3.62828,215.759,-33.1975],"timeVisible":133.186,"tipPosition":[-16.7102,217.671,-12.4255],"tipVelocity":[-67.0092,14.5108,84.3278],"tool":false,"touchDistance":0.370472,"touchZone":"hovering","type":0,"width":20.25},{"bases":[[[0.974062,-0.0052929,-0.226218],[0.0435923,0.985389,0.164647],[0.222041,-0.170237,0.960061]],[[0.999038,-0.0422142,-0.0118612],[0.0415869,0.82642,0.561517],[-0.0139017,-0.56147,0.82738]],[[0.999038,-0.0422142,-0.0118612],[0.043434,0.915568,0.39981],[-0.00601795,-0.399941,0.916521]],[[0.999038,-0.0422142,-0.0118612],[0.0438279,0.969714,0.240277],[0.00135887,-0.240565,0.970632]]],"btipPosition":[-53.0839,307.303,-74.381],"carpPosition":[-37.4679,256.88,70.5331],"dipPosition":[-53.0606,303.193,-57.7971],"direction":[0.00601795,0.399941,-0.916521],"extended":true,"handId":506,"id":5061,"length":58.8075,"mcpPosition":[-53.8033,269.404,-0.0981952],"pipPosition":[-53.2061,293.526,-35.6444],"stabilizedTipPosition":[-37.4057,304.94,-91.2083],"timeVisible":133.186,"tipPosition":[-52.8393,307.122,-70.176],"tipVelocity":[-88.5947,12.8273,104.459],"tool":false,"touchDistance":0.432645,"touchZone":"hovering","type":1,"width":19.3428},{"bases":[[[0.973306,-0.196151,-0.119162],[0.212506,0.966331,0.145069],[0.0866945,-0.16652,0.98222]],[[0.975005,-0.199835,-0.0971116],[-0.0380584,0.280408,-0.959126],[0.218897,0.938849,0.265794]],[[0.975005,-0.199835,-0.0971116],[-0.221921,-0.854758,-0.469191],[0.0107537,0.479015,-0.877741]],[[0.975005,-0.199835,-0.0971116],[-0.192384,-0.977978,0.0809194],[-0.111143,-0.0602141,-0.991979]]],"btipPosition":[-40.4762,212.468,29.7545],"carpPosition":[-25.6596,258.593,67.4923],"dipPosition":[-42.5648,211.336,11.1132],"direction":[-0.0107537,-0.479015,0.877741],"extended":false,"handId":506,"id":5062,"length":67.0064,"mcpPosition":[-31.7081,270.211,-1.03519],"pipPosition":[-42.259,224.958,-13.8466],"stabilizedTipPosition":[-25.4904,211.519,-7.05822],"timeVisible":133.186,"tipPosition":[-41.0155,212.25,25.194],"tipVelocity":[-63.4422,4.4061,86.8646],"tool":false,"touchDistance":0.333333,"touchZone":"none","type":2,"width":18.9972},{"bases":[[[0.956648,-0.290802,0.0160839],[0.284156,0.944047,0.167422],[-0.0638707,-0.155594,0.985754]],[[0.957928,-0.286892,-0.00813437],[0.0667722,0.250337,-0.965854],[0.279132,0.924675,0.258961]],[[0.957928,-0.286892,-0.00813437],[-0.257787,-0.847597,-0.463816],[0.126171,0.4464,-0.885894]],[[0.957928,-0.286892,-0.00813437],[-0.285379,-0.955126,0.079333],[-0.0305294,-0.073674,-0.996815]]],"btipPosition":[-25.0363,214.644,35.208],"carpPosition":[-13.6409,257.202,65.3604],"dipPosition":[-25.6067,213.268,16.5835],"direction":[-0.126171,-0.4464,0.885894],"extended":false,"handId":506,"id":5063,"length":64.4285,"mcpPosition":[-9.64002,266.948,3.61274],"pipPosition":[-22.1115,225.634,-7.95753],"stabilizedTipPosition":[-9.8249,213.516,-1.07431],"timeVisible":133.186,"tipPosition":[-25.2387,214.275,30.5357],"tipVelocity":[-62.8618,2.75392,84.3152],"tool":false,"touchDistance":0.333333,"touchZone":"none","type":3,"width":18.077},{"bases":[[[0.882637,-0.458815,0.102181],[0.422724,0.869844,0.254313],[-0.205564,-0.181271,0.961709]],[[0.893347,-0.447157,0.0445032],[0.19521,0.296969,-0.934721],[0.404751,0.843718,0.352586]],[[0.893347,-0.447157,0.0445032],[-0.3524,-0.758583,-0.548056],[0.278827,0.473922,-0.835257]],[[0.893347,-0.447157,0.0445032],[-0.446934,-0.894434,-0.0154121],[0.0466968,-0.00612167,-0.99889]]],"btipPosition":[-10.9146,220.208,29.8189],"carpPosition":[-2.26411,248.694,64.4967],"dipPosition":[-10.1097,220.103,12.6012],"direction":[-0.278827,-0.473922,0.835257],"extended":false,"handId":506,"id":5064,"length":50.5107,"mcpPosition":[9.65555,259.205,8.73179],"pipPosition":[-4.65613,229.372,-3.73537],"stabilizedTipPosition":[4.85963,219.15,-4.73949],"timeVisible":133.186,"tipPosition":[-10.6868,220.184,25.5853],"tipVelocity":[-63.5193,2.54755,82.8105],"tool":false,"touchDistance":0.333333,"touchZone":"none","type":4,"width":16.0574}],"r":[[0.805196,-0.0805418,0.587513],[0.588961,0.224171,-0.776449],[-0.0691667,0.971216,0.227937]],"s":1.32939,"t":[-13.0097,-3.51313,14.212],"timestamp":97947659634},false],[5,{"currentFrameRate":101.322,"devices":[],"gestures":[],"hands":[{"armBasis":[[0.940898,0.123529,-0.315359],[0.0896742,0.807025,0.583668],[0.326603,-0.577452,0.748251]],"armWidth":63.72,"confidence":0.722595,"direction":[-0.0467341,0.311439,-0.949116],"elbow":[70.3842,89.1812,276.193],"grabStrength":0,"id":506,"palmNormal":[-0.0791529,-0.948321,-0.30728],"palmPosition":[-28.2546,258.277,22.1115],"palmVelocity":[-58.1944,6.85708,93.3553],"palmWidth":90.99,"pinchStrength":0.637668,"r":[[0.806322,-0.0822244,0.585734],[0.587437,0.226868,-0.77682],[-0.069011,0.970448,0.231231]],"s":1.32923,"sphereCenter":[-49.3126,242.966,-5.19915],"sphereRadius":49.4183,"stabilizedPalmPosition":[-13.1966,258.007,-6.74866],"t":[-13.4747,-3.4255,15.0467],"timeVisible":133.195,"type":"right","wrist":[-17.7985,245.093,74.1655]}],"id":1812391,"interactionBox":{"center":[0,200,0],"size":[235.247,235.247,147.751]},"pointables":[{"bases":[[[0.462371,0.884525,0.0618831],[-0.74775,0.351462,0.563333],[0.476533,-0.306742,0.823909]],[[0.393338,0.917999,-0.050634],[-0.918612,0.390135,-0.0628251],[-0.0379192,0.0712245,0.996739]],[[0.393338,0.917999,-0.050634],[-0.834516,0.333371,-0.438687],[-0.385834,0.214807,0.897212]],[[0.393338,0.917999,-0.050634],[-0.389139,0.116333,-0.913804],[-0.83298,0.379137,0.402987]]],"btipPosition":[-12.338,215.765,-13.7163],"carpPosition":[-46.8808,235.518,76.0609],"dipPosition":[-31.8328,224.639,-4.28492],"direction":[0.385834,-0.214807,-0.897212],"extended":false,"handId":506,"id":5060,"length":52.1164,"mcpPosition":[-46.8808,235.518,76.0609],"pipPosition":[-44.988,231.963,26.3061],"stabilizedTipPosition":[-3.88942,215.8,-32.769],"timeVisible":133.195,"tipPosition":[-17.2472,217.826,-11.7132],"tipVelocity":[-64.6893,15.2024,82.1497],"tool":false,"touchDistance":0.377375,"touchZone":"hovering","type":0,"width":20.25},{"bases":[[[0.973783,-0.00761105,-0.22735],[0.0466419,0.984886,0.166805],[0.222644,-0.173036,0.959421]],[[0.998894,-0.0449813,-0.0137212],[0.044894,0.825199,0.563056],[-0.0140042,-0.563049,0.826305]],[[0.998894,-0.0449813,-0.0137212],[0.0467062,0.91485,0.401084],[-0.00548839,-0.401281,0.915939]],[[0.998894,-0.0449813,-0.0137212],[0.0469637,0.969335,0.241213],[0.0024504,-0.241591,0.970375]]],"btipPosition":[-53.4894,307.65,-73.4453],"carpPosition":[-37.802,256.903,71.357],"dipPosition":[-53.4475,303.522,-56.8658],"direction":[0.00548839,0.401281,-0.915939],"extended":true,"handId":506,"id":5061,"length":58.8075,"mcpPosition":[-54.1818,269.633,0.772813],"pipPosition":[-53.5802,293.823,-34.7272],"stabilizedTipPosition":[-38.0295,305.008,-90.3709],"timeVisible":133.195,"tipPosition":[-53.2285,307.449,-69.2479],"tipVelocity":[-75.905,19.6481,103.521],"tool":false,"touchDistance":0.436734,"touchZone":"hovering","type":1,"width":19.3428},{"bases":[[[0.972596,-0.198706,-0.120721],[0.215477,0.965383,0.146991],[0.0873338,-0.168975,0.981743]],[[0.9743,-0.20242,-0.0988223],[-0.0385873,0.282245,-0.958566],[0.221925,0.937744,0.26718]],[[0.9743,-0.20242,-0.0988223],[-0.224992,-0.853322,-0.47034],[0.0108792,0.480487,-0.876934]],[[0.9743,-0.20242,-0.0988223],[-0.195049,-0.977575,0.0793861],[-0.112676,-0.0580707,-0.991933]]],"btipPosition":[-40.9742,212.606,30.5113],"carpPosition":[-25.9923,258.589,68.3065],"dipPosition":[-43.0916,211.515,11.8709],"direction":[-0.0108792,-0.480487,0.876934],"extended":false,"handId":506,"id":5062,"length":67.0064,"mcpPosition":[-32.0854,270.378,-0.187789],"pipPosition":[-42.7823,225.178,-13.066],"stabilizedTipPosition":[-25.5594,211.522,-6.9145],"timeVisible":133.195,"tipPosition":[-41.5229,212.393,25.9469],"tipVelocity":[-60.9591,7.65734,85.4695],"tool":false,"touchDistance":0.333333,"touchZone":"none","type":2,"width":18.9972},{"bases":[[[0.955817,-0.293611,0.0143316],[0.287088,0.94284,0.169211],[-0.0631948,-0.157621,0.985476]],[[0.957082,-0.28965,-0.00988795],[0.0664055,0.252377,-0.965348],[0.282108,0.92326,0.260779]],[[0.957082,-0.28965,-0.00988795],[-0.260775,-0.845783,-0.465454],[0.126456,0.448056,-0.885017]],[[0.957082,-0.28965,-0.00988795],[-0.288059,-0.95447,0.077516],[-0.0318902,-0.0713408,-0.996942]]],"btipPosition":[-25.5333,214.711,35.9195],"carpPosition":[-13.9801,257.168,66.1576],"dipPosition":[-26.1292,213.378,17.2927],"direction":[-0.126456,-0.448056,0.885017],"extended":false,"handId":506,"id":5063,"length":64.4285,"mcpPosition":[-10.0216,267.041,4.42744],"pipPosition":[-22.6261,225.79,-7.22408],"stabilizedTipPosition":[-9.89076,213.519,-0.938358],"timeVisible":133.195,"tipPosition":[-25.7417,214.354,31.2513],"tipVelocity":[-60.4873,4.31029,82.2385],"tool":false,"touchDistance":0.333333,"touchZone":"none","type":3,"width":18.077},{"bases":[[[0.881417,-0.461602,0.100136],[0.425539,0.868041,0.255776],[-0.204989,-0.182833,0.961536]],[[0.892164,-0.449751,0.042036],[0.194315,0.298112,-0.934543],[0.407781,0.841934,0.353358]],[[0.892164,-0.449751,0.042036],[-0.355453,-0.756424,-0.549068],[0.278741,0.474917,-0.83472]],[[0.892164,-0.449751,0.042036],[-0.449448,-0.893146,-0.0169474],[0.0451664,-0.00377312,-0.998972]]],"btipPosition":[-11.3919,220.237,30.5577],"carpPosition":[-2.62911,248.629,65.2618],"dipPosition":[-10.6134,220.172,13.3386],"direction":[-0.278741,-0.474917,0.83472],"extended":false,"handId":506,"id":5064,"length":50.5107,"mcpPosition":[9.25723,259.231,9.50691],"pipPosition":[-5.16156,229.46,-2.98753],"stabilizedTipPosition":[4.77755,219.156,-4.57946],"timeVisible":133.195,"tipPosition":[-11.1748,220.226,26.3198],"tipVelocity":[-60.3693,2.98356,81.9905],"tool":false,"touchDistance":0.333333,"touchZone":"none","type":4,"width":16.0574}],"r":[[0.806322,-0.0822244,0.585734],[0.587437,0.226868,-0.77682],[-0.069011,0.970448,0.231231]],"s":1.32923,"t":[-13.4747,-3.4255,15.0467],"timestamp":97947668877},false],[6,{"currentFrameRate":101.589,"devices":[],"gestures":[],"hands":[{"armBasis":[[0.940332,0.12381,-0.316933],[0.0907804,0.806398,0.584364],[0.327924,-0.578267,0.747043]],"armWidth":63.72,"confidence":0.723202,"direction":[-0.0463042,0.312653,-0.948738],"elbow":[70.4156,88.9447,276.479],"grabStrength":0,"id":506,"palmNormal":[-0.0804609,-0.947838,-0.308429],"palmPosition":[-28.5618,258.338,22.7399],"palmVelocity":[-51.0414,6.77151,85.9943],"palmWidth":90.99,"pinchStrength":0.63668,"r":[[0.807198,-0.0839302,0.584284],[0.58628,0.229054,-0.777052],[-0.0686143,0.969789,0.234098]],"s":1.32913,"sphereCenter":[-49.7159,243.095,-4.58749],"sphereRadius":49.4477,"stabilizedPalmPosition":[-13.3339,258.01,-6.48509],"t":[-13.8607,-3.3511,15.7782],"timeVisible":133.205,"type":"right","wrist":[-18.1239,245.077,74.7778]}],"id":1812392,"interactionBox":{"center":[0,200,0],"size":[235.247,235.247,147.751]},"pointables":[{"bases":[[[0.463591,0.88381,0.0629542],[-0.747264,0.35181,0.56376],[0.476109,-0.308397,0.823536]],[[0.394709,0.917479,-0.049359],[-0.918022,0.391585,-0.0624198],[-0.0379407,0.0699503,0.996829]],[[0.394709,0.917479,-0.049359],[-0.834021,0.33523,-0.438212],[-0.385503,0.214133,0.897516]],[[0.394709,0.917479,-0.049359],[-0.388993,0.118197,-0.913627],[-0.832399,0.379817,0.403547]]],"btipPosition":[-12.7004,215.858,-13.1434],"carpPosition":[-47.2194,235.539,76.6617],"dipPosition":[-32.1815,224.747,-3.69892],"direction":[0.385503,-0.214133,-0.897516],"extended":false,"handId":506,"id":5060,"length":52.1164,"mcpPosition":[-47.2194,235.539,76.6617],"pipPosition":[-45.3255,232.048,26.9024],"stabilizedTipPosition":[-4.14048,215.84,-32.3572],"timeVisible":133.205,"tipPosition":[-17.6016,217.918,-11.1334],"tipVelocity":[-57.2774,13.8072,76.3685],"tool":false,"touchDistance":0.381609,"touchZone":"hovering","type":0,"width":20.25},{"bases":[[[0.973772,-0.00867881,-0.22736],[0.0480003,0.984618,0.167998],[0.222405,-0.174505,0.95921]],[[0.998827,-0.0462391,-0.0143824],[0.0462914,0.824572,0.56386],[-0.014213,-0.563865,0.825745]],[[0.998827,-0.0462391,-0.0143824],[0.0481198,0.914511,0.401689],[-0.00542086,-0.40191,0.915663]],[[0.998827,-0.0462391,-0.0143824],[0.048345,0.969176,0.24158],[0.00276865,-0.241992,0.970274]]],"btipPosition":[-53.779,307.83,-72.7706],"carpPosition":[-38.1111,256.918,71.9837],"dipPosition":[-53.7317,303.695,-56.1929],"direction":[0.00542086,0.40191,-0.915663],"extended":true,"handId":506,"id":5061,"length":58.8075,"mcpPosition":[-54.4733,269.756,1.41501],"pipPosition":[-53.8627,293.981,-34.061],"stabilizedTipPosition":[-38.5737,305.073,-89.6305],"timeVisible":133.205,"tipPosition":[-53.5061,307.612,-68.581],"tipVelocity":[-63.1668,19.4957,94.6741],"tool":false,"touchDistance":0.436507,"touchZone":"hovering","type":1,"width":19.3428},{"bases":[[[0.972321,-0.199901,-0.120963],[0.216808,0.964906,0.14816],[0.0871004,-0.170285,0.981538]],[[0.974016,-0.203636,-0.0991198],[-0.0382506,0.283458,-0.958222],[0.223224,0.937115,0.268303]],[[0.974016,-0.203636,-0.0991198],[-0.226186,-0.852456,-0.471337],[0.0114857,0.48151,-0.876366]],[[0.974016,-0.203636,-0.0991198],[-0.19638,-0.977401,0.0782471],[-0.112814,-0.0567487,-0.991994]]],"btipPosition":[-41.342,212.676,31.0852],"carpPosition":[-26.299,258.591,68.9352],"dipPosition":[-43.462,211.61,12.4436],"direction":[-0.0114857,-0.48151,0.876366],"extended":false,"handId":506,"id":5062,"length":67.0064,"mcpPosition":[-32.3759,270.471,0.455282],"pipPosition":[-43.1354,225.302,-12.477],"stabilizedTipPosition":[-25.6286,211.526,-6.77092],"timeVisible":133.205,"tipPosition":[-41.8916,212.468,26.5224],"tipVelocity":[-54.879,7.782,78.68],"tool":false,"touchDistance":0.333333,"touchZone":"none","type":2,"width":18.9972},{"bases":[[[0.955411,-0.294947,0.0139745],[0.288388,0.942238,0.170353],[-0.0634124,-0.158727,0.985284]],[[0.956681,-0.290957,-0.0102441],[0.0668207,0.253685,-0.964976],[0.283365,0.92249,0.262138]],[[0.956681,-0.290957,-0.0102441],[-0.261893,-0.844683,-0.466822],[0.127172,0.449283,-0.884292]],[[0.956681,-0.290957,-0.0102441],[-0.289385,-0.954191,0.0760024],[-0.0318883,-0.0697456,-0.997055]]],"btipPosition":[-25.9045,214.739,36.4799],"carpPosition":[-14.2889,257.156,66.7846],"dipPosition":[-26.5003,213.436,17.8509],"direction":[-0.127172,-0.449283,0.884292],"extended":false,"handId":506,"id":5063,"length":64.4285,"mcpPosition":[-10.3167,267.098,5.06643],"pipPosition":[-22.9774,225.882,-6.64578],"stabilizedTipPosition":[-9.9575,213.523,-0.801433],"timeVisible":133.205,"tipPosition":[-26.1101,214.395,31.8247],"tipVelocity":[-54.6255,4.14899,75.9449],"tool":false,"touchDistance":0.333333,"touchZone":"none","type":3,"width":18.077},{"bases":[[[0.880779,-0.462939,0.0995758],[0.426736,0.867143,0.256827],[-0.205242,-0.183715,0.961314]],[[0.8916,-0.450953,0.0411275],[0.194033,0.298404,-0.934508],[0.409146,0.841188,0.353557]],[[0.8916,-0.450953,0.0411275],[-0.356801,-0.755553,-0.549394],[0.278825,0.475165,-0.834551]],[[0.8916,-0.450953,0.0411275],[-0.450614,-0.892544,-0.0176902],[0.0446855,-0.00276005,-0.998997]]],"btipPosition":[-11.7395,220.265,31.1772],"carpPosition":[-2.94964,248.602,65.8784],"dipPosition":[-10.9692,220.218,13.9577],"direction":[-0.278825,-0.475165,0.834551],"extended":false,"handId":506,"id":5064,"length":50.5107,"mcpPosition":[8.95133,259.255,10.1364],"pipPosition":[-5.51577,229.512,-2