{"sensorType":"Leap","data":[[0,{"currentFrameRate":100.868,"devices":[],"gestures":[],"hands":[{"armBasis":[[0.94779,0.224575,-0.226406],[-0.0169678,0.744481,0.667428],[0.318443,-0.62874,0.709422]],"armWidth":63.72,"confidence":0.675804,"direction":[0.0692919,0.237539,-0.968903],"elbow":[82.3174,114.406,275.399],"grabStrength":0,"id":506,"palmNormal":[-0.0177627,-0.97079,-0.239272],"palmPosition":[-7.60044,293.056,30.0202],"palmVelocity":[45.2881,60.7878,-206.887],"palmWidth":90.99,"pinchStrength":0.657241,"r":[[0.744581,-0.0340163,0.666665],[0.661467,0.171923,-0.730003],[-0.0897829,0.984523,0.150511]],"s":1.2998,"sphereCenter":[-32.8501,275.817,-0.240515],"sphereRadius":52.4143,"stabilizedPalmPosition":[-10.0683,262.304,-3.21469],"t":[6.29065,30.9244,25.5682],"timeVisible":142.564,"type":"right","wrist":[-3.66225,284.165,83.8552]}],"id":1813388,"interactionBox":{"center":[0,200,0],"size":[235.247,235.247,147.751]},"pointables":[{"bases":[[[0.430775,0.901055,0.0503176],[-0.821831,0.368642,0.434393],[0.372863,-0.228478,0.899317]],[[0.37359,0.92434,-0.0776315],[-0.914144,0.352681,-0.199891],[-0.157388,0.145644,0.976738]],[[0.37359,0.92434,-0.0776315],[-0.805037,0.281516,-0.522173],[-0.460811,0.257575,0.849299]],[[0.37359,0.92434,-0.0776315],[-0.423915,0.0956932,-0.900632],[-0.825062,0.369376,0.427592]]],"btipPosition":[10.3512,249.134,-4.9317],"carpPosition":[-32.5262,273.831,82.7893],"dipPosition":[-8.95817,257.779,5.07549],"direction":[0.460811,-0.257575,-0.849299],"extended":false,"handId":506,"id":5060,"length":52.1164,"mcpPosition":[-32.5262,273.831,82.7893],"pipPosition":[-24.6698,266.561,34.0328],"stabilizedTipPosition":[2.07069,220.607,-27.9162],"timeVisible":142.564,"tipPosition":[6.24054,251.05,-2.17504],"tipVelocity":[87.3782,61.2881,-193.295],"tool":false,"touchDistance":-0.126863,"touchZone":"hovering","type":0,"width":20.25},{"bases":[[[0.994913,0.00657301,-0.100527],[0.00285624,0.995628,0.0933675],[0.100701,-0.0931796,0.990544]],[[0.996676,-0.0104362,0.0807976],[-0.0328032,0.856406,0.515261],[-0.0745729,-0.516198,0.853216]],[[0.996676,-0.0104362,0.0807976],[-0.0175109,0.941138,0.337568],[-0.0795646,-0.337861,0.937827]],[[0.996676,-0.0104362,0.0807976],[-0.00286556,0.986657,0.16279],[-0.0814184,-0.16248,0.983347]]],"btipPosition":[-24.2833,335.057,-71.3902],"carpPosition":[-23.3928,295.083,77.6086],"dipPosition":[-25.6744,332.281,-54.5892],"direction":[0.0795646,0.337861,-0.937827],"extended":true,"handId":506,"id":5061,"length":58.8075,"mcpPosition":[-30.8013,301.938,4.73472],"pipPosition":[-27.5975,324.115,-31.9215],"stabilizedTipPosition":[-26.5758,309.9,-88.4249],"timeVisible":142.564,"tipPosition":[-24.4492,334.622,-67.4107],"tipVelocity":[68.8897,26.5692,-226.088],"tool":false,"touchDistance":-0.166426,"touchZone":"hovering","type":1,"width":19.3428},{"bases":[[[0.984208,-0.175904,0.0197889],[0.173227,0.980118,0.0967525],[-0.0364146,-0.0917967,0.995112]],[[0.983658,-0.17707,0.0325934],[0.0918797,0.337999,-0.936651],[0.154836,0.924339,0.348745]],[[0.983658,-0.17707,0.0325934],[-0.124558,-0.799985,-0.586949],[0.130006,0.573298,-0.808967]],[[0.983658,-0.17707,0.0325934],[-0.176082,-0.983885,-0.0310724],[0.0375702,0.0248255,-0.998986]]],"btipPosition":[-20.6539,241.995,31.5],"carpPosition":[-11.3284,296.913,75.9595],"dipPosition":[-19.9479,242.461,12.7271],"direction":[-0.130006,-0.573298,0.808967],"extended":false,"handId":506,"id":5062,"length":67.0064,"mcpPosition":[-8.78779,303.317,6.53259],"pipPosition":[-16.251,258.764,-10.277],"stabilizedTipPosition":[-23.8335,212.519,-2.77226],"timeVisible":142.564,"tipPosition":[-20.4736,242.539,28.4622],"tipVelocity":[75.2678,45.6782,-228.415],"tool":false,"touchDistance":0.333333,"touchZone":"none","type":2,"width":18.9972},{"bases":[[[0.952245,-0.260877,0.158662],[0.241853,0.96162,0.129592],[-0.18638,-0.0850303,0.978791]],[[0.955923,-0.259047,0.138224],[0.222386,0.331387,-0.916912],[0.191718,0.907236,0.374389]],[[0.955923,-0.259047,0.138224],[-0.12521,-0.785459,-0.606116],[0.265582,0.562093,-0.783273]],[[0.955923,-0.259047,0.138224],[-0.252657,-0.965552,-0.0622394],[0.149585,0.0245729,-0.988443]]],"btipPosition":[-6.15383,244.481,37.5995],"carpPosition":[0.889219,295.72,75.4722],"dipPosition":[-3.35898,244.94,19.1314],"direction":[-0.265582,-0.562093,0.783273],"extended":false,"handId":506,"id":5063,"length":64.4285,"mcpPosition":[12.5641,301.046,14.1607],"pipPosition":[3.99818,260.511,-2.56685],"stabilizedTipPosition":[-10.6862,215.573,2.5249],"timeVisible":142.564,"tipPosition":[-5.63774,245.074,34.6122],"tipVelocity":[73.887,55.1494,-221.929],"tool":false,"touchDistance":0.333333,"touchZone":"none","type":3,"width":18.077},{"bases":[[[0.871135,-0.424242,0.247272],[0.369594,0.898023,0.238653],[-0.323303,-0.116509,0.939096]],[[0.882227,-0.419764,0.213245],[0.356198,0.298876,-0.885322],[0.307893,0.857013,0.413196]],[[0.882227,-0.419764,0.213245],[-0.201722,-0.746236,-0.634381],[0.425421,0.516652,-0.743026]],[[0.882227,-0.419764,0.213245],[-0.400295,-0.907169,-0.129643],[0.247869,0.0290141,-0.968359]]],"btipPosition":[7.71423,253.354,38.86],"carpPosition":[12.4475,287.507,76.6998],"dipPosition":[11.9867,253.854,22.1685],"direction":[-0.425421,-0.516652,0.743026],"extended":false,"handId":506,"id":5064,"length":50.5107,"mcpPosition":[31.1943,294.263,22.2461],"pipPosition":[20.3074,263.959,7.63585],"stabilizedTipPosition":[5.41855,222.079,0.463064],"timeVisible":142.564,"tipPosition":[8.65548,253.739,35.8102],"tipVelocity":[68.1049,68.3335,-198.747],"tool":false,"touchDistance":0.333333,"touchZone":"none","type":4,"width":16.0574}],"r":[[0.744581,-0.0340163,0.666665],[0.661467,0.171923,-0.730003],[-0.0897829,0.984523,0.150511]],"s":1.2998,"t":[6.29065,30.9244,25.5682],"timestamp":97957037003},false],[1,{"currentFrameRate":101.221,"devices":[],"gestures":[],"hands":[{"armBasis":[[0.948649,0.223513,-0.223845],[-0.017936,0.744499,0.667383],[0.315821,-0.629097,0.710277]],"armWidth":63.72,"confidence":0.661799,"direction":[0.0679166,0.234622,-0.969711],"elbow":[82.138,114.622,274.811],"grabStrength":0,"id":506,"palmNormal":[-0.0161656,-0.971569,-0.236204],"palmPosition":[-7.14004,293.192,29.1771],"palmVelocity":[46.6211,47.9118,-174.659],"palmWidth":90.99,"pinchStrength":0.666223,"r":[[0.741891,-0.0284316,0.669917],[0.663587,0.174438,-0.727478],[-0.0961759,0.984258,0.148281]],"s":1.29864,"sphereCenter":[-32.3654,275.769,-1.0148],"sphereRadius":52.3905,"stabilizedPalmPosition":[-10.0679,262.308,-3.2102],"t":[6.73282,31.2507,24.2575],"timeVisible":142.573,"type":"right","wrist":[-3.13355,284.478,83.036]}],"id":1813389,"interactionBox":{"center":[0,200,0],"size":[235.247,235.247,147.751]},"pointables":[{"bases":[[[0.429127,0.902017,0.0470715],[-0.822106,0.368461,0.434025],[0.374154,-0.22495,0.89967]],[[0.371897,0.924765,-0.080643],[-0.914862,0.350423,-0.200579],[-0.157229,0.148372,0.976353]],[[0.371897,0.924765,-0.080643],[-0.806053,0.278622,-0.522158],[-0.460404,0.259191,0.849027]],[[0.371897,0.924765,-0.080643],[-0.425483,0.0926071,-0.900215],[-0.825019,0.369099,0.427912]]],"btipPosition":[10.8756,249.204,-5.66967],"carpPosition":[-31.9791,274.086,82.0303],"dipPosition":[-8.43278,257.843,4.34502],"direction":[0.460404,-0.259191,-0.849028],"extended":false,"handId":506,"id":5060,"length":52.1164,"mcpPosition":[-31.9791,274.086,82.0303],"pipPosition":[-24.1305,266.68,33.2931],"stabilizedTipPosition":[2.07849,220.662,-27.8724],"timeVisible":142.573,"tipPosition":[6.75212,251.119,-2.9163],"tipVelocity":[78.8921,46.2306,-161.62],"tool":false,"touchDistance":-0.139134,"touchZone":"hovering","type":0,"width":20.25},{"bases":[[[0.994802,0.00812566,-0.101506],[0.00107266,0.99592,0.0902366],[0.101826,-0.0898764,0.990734]],[[0.996746,-0.00833788,0.0801747],[-0.0339852,0.858441,0.511785],[-0.0730925,-0.512844,0.855365]],[[0.996746,-0.00833788,0.0801747],[-0.0189917,0.942343,0.334109],[-0.0783378,-0.334545,0.939118]],[[0.996746,-0.00833788,0.0801747],[-0.00457635,0.987178,0.159557],[-0.0804771,-0.159405,0.983928]]],"btipPosition":[-23.9731,334.793,-72.3721],"carpPosition":[-22.8906,295.338,76.7741],"dipPosition":[-25.3481,332.07,-55.5611],"direction":[0.0783378,0.334545,-0.939118],"extended":true,"handId":506,"id":5061,"length":58.8075,"mcpPosition":[-30.3818,301.951,3.88623],"pipPosition":[-27.2416,323.984,-32.8623],"stabilizedTipPosition":[-26.5742,309.917,-88.4109],"timeVisible":142.573,"tipPosition":[-24.1504,334.382,-68.3857],"tipVelocity":[59.1664,11.4706,-192.642],"tool":false,"touchDistance":-0.182753,"touchZone":"hovering","type":1,"width":19.3428},{"bases":[[[0.984556,-0.173992,0.0193927],[0.171476,0.980741,0.0935061],[-0.0352885,-0.0887366,0.99543]],[[0.984021,-0.175118,0.0321905],[0.0905471,0.336501,-0.93732],[0.15331,0.925257,0.346981]],[[0.984021,-0.175118,0.0321905],[-0.123464,-0.801357,-0.585306],[0.128294,0.571979,-0.810173]],[[0.984021,-0.175118,0.0321905],[-0.174234,-0.984292,-0.0285016],[0.036676,0.0224375,-0.999075]]],"btipPosition":[-20.0962,242.092,30.747],"carpPosition":[-10.8312,297.186,75.1077],"dipPosition":[-19.407,242.514,11.9724],"direction":[-0.128294,-0.571979,0.810173],"extended":false,"handId":506,"id":5062,"length":67.0064,"mcpPosition":[-8.3692,303.377,5.65854],"pipPosition":[-15.7588,258.779,-11.0661],"stabilizedTipPosition":[-23.8321,212.53,-2.76146],"timeVisible":142.573,"tipPosition":[-19.9202,242.619,27.6863],"tipVelocity":[71.0562,35.5587,-187.44],"tool":false,"touchDistance":0.333333,"touchZone":"none","type":2,"width":18.9972},{"bases":[[[0.952885,-0.258588,0.158563],[0.240167,0.962475,0.126337],[-0.185282,-0.0823033,0.979233]],[[0.956556,-0.256807,0.138023],[0.220812,0.329013,-0.918146],[0.190375,0.908736,0.371426]],[[0.956556,-0.256807,0.138023],[-0.124355,-0.787576,-0.60354],[0.263697,0.560155,-0.785296]],[[0.956556,-0.256807,0.138023],[-0.2509,-0.966218,-0.0589166],[0.148491,0.0217269,-0.988675]]],"btipPosition":[-5.59106,244.645,36.9047],"carpPosition":[1.38813,296.014,74.6123],"dipPosition":[-2.81665,245.051,18.4323],"direction":[-0.263697,-0.560155,0.785296],"extended":false,"handId":506,"id":5063,"length":64.4285,"mcpPosition":[12.9942,301.17,13.2732],"pipPosition":[4.48829,260.568,-3.32198],"stabilizedTipPosition":[-10.6831,215.589,2.54125],"timeVisible":142.573,"tipPosition":[-5.07779,245.218,33.8875],"tipVelocity":[70.1911,44.3246,-181.015],"tool":false,"touchDistance":0.333333,"touchZone":"none","type":3,"width":18.077},{"bases":[[[0.872168,-0.421826,0.247764],[0.368133,0.899461,0.235475],[-0.322183,-0.114163,0.939769]],[[0.883582,-0.417272,0.212524],[0.356324,0.304642,-0.883304],[0.303834,0.856199,0.41786]],[[0.883582,-0.417272,0.212524],[-0.197787,-0.743926,-0.638322],[0.424455,0.521976,-0.739851]],[[0.883582,-0.417272,0.212524],[-0.397191,-0.908215,-0.131853],[0.248035,0.0320903,-0.968219]]],"btipPosition":[8.32436,253.41,37.7463],"carpPosition":[12.963,287.827,75.8546],"dipPosition":[12.5997,253.963,21.0573],"direction":[-0.424455,-0.521976,0.739851],"extended":false,"handId":506,"id":5064,"length":50.5107,"mcpPosition":[31.6449,294.447,21.3619],"pipPosition":[20.9015,264.172,6.58669],"stabilizedTipPosition":[5.422,222.107,0.492699],"timeVisible":142.573,"tipPosition":[9.24623,253.834,34.7631],"tipVelocity":[67.6292,51.2864,-177.007],"tool":false,"touchDistance":0.333333,"touchZone":"none","type":4,"width":16.0574}],"r":[[0.741891,-0.0284316,0.669917],[0.663587,0.174438,-0.727478],[-0.0961759,0.984258,0.148281]],"s":1.29864,"t":[6.73282,31.2507,24.2575],"timestamp":97957046201},false],[2,{"currentFrameRate":101.467,"devices":[],"gestures":[],"hands":[{"armBasis":[[0.950661,0.221058,-0.217662],[-0.0201348,0.744098,0.667767],[0.309577,-0.630438,0.711836]],"armWidth":63.72,"confidence":0.665551,"direction":[0.0666444,0.23278,-0.970243],"elbow":[80.8908,114.462,274.413],"grabStrength":0,"id":506,"palmNormal":[-0.0131787,-0.972115,-0.234135],"palmPosition":[-6.75826,293.267,28.3417],"palmVelocity":[44.935,36.5571,-150.309],"palmWidth":90.99,"pinchStrength":0.667609,"r":[[0.739793,-0.0232107,0.672434],[0.665074,0.176579,-0.725601],[-0.101896,0.984013,0.146069]],"s":1.29757,"sphereCenter":[-31.9519,275.674,-1.81907],"sphereRadius":52.3835,"stabilizedPalmPosition":[-10.0672,262.315,-3.20358],"t":[7.14479,31.4512,23.1845],"timeVisible":142.582,"type":"right","wrist":[-2.695,284.68,82.2168]}],"id":1813390,"interactionBox":{"center":[0,200,0],"size":[235.247,235.247,147.751]},"pointables":[{"bases":[[[0.42626,0.903485,0.0449258],[-0.82305,0.366746,0.433689],[0.375355,-0.22184,0.899942]],[[0.369101,0.925733,-0.0823637],[-0.915856,0.347226,-0.201597],[-0.158026,0.149843,0.976]],[[0.369101,0.925733,-0.0823637],[-0.807278,0.275432,-0.521957],[-0.460507,0.259145,0.848986]],[[0.369101,0.925733,-0.0823637],[-0.427931,0.0906128,-0.899258],[-0.825009,0.367163,0.429595]]],"btipPosition":[11.3901,249.285,-6.47149],"carpPosition":[-31.5076,274.194,81.2488],"dipPosition":[-7.91805,257.878,3.58257],"direction":[0.460507,-0.259145,-0.848986],"extended":false,"handId":506,"id":5060,"length":52.1164,"mcpPosition":[-31.5076,274.194,81.2488],"pipPosition":[-23.6193,266.714,32.5293],"stabilizedTipPosition":[2.0917,220.745,-27.808],"timeVisible":142.582,"tipPosition":[7.251,251.186,-3.7074],"tipVelocity":[72.0529,35.2262,-139.687],"tool":false,"touchDistance":-0.152346,"touchZone":"hovering","type":0,"width":20.25},{"bases":[[[0.994716,0.011097,-0.102064],[-0.00207051,0.996107,0.0881241],[0.102644,-0.0874471,0.990867]],[[0.996783,-0.00500524,0.0799964],[-0.0365634,0.859761,0.509387],[-0.0713273,-0.510673,0.856811]],[[0.996783,-0.00500524,0.0799964],[-0.0218996,0.943066,0.331883],[-0.077103,-0.332567,0.939922]],[[0.996783,-0.00500524,0.0799964],[-0.00769357,0.987465,0.157649],[-0.0797827,-0.157757,0.98425]]],"btipPosition":[-23.7504,334.571,-73.3005],"carpPosition":[-22.4901,295.464,75.9426],"dipPosition":[-25.1135,331.875,-56.484],"direction":[0.077103,0.332567,-0.939923],"extended":true,"handId":506,"id":5061,"length":58.8075,"mcpPosition":[-30.0415,301.897,3.04497],"pipPosition":[-26.9772,323.837,-33.7657],"stabilizedTipPosition":[-26.5728,309.93,-88.4],"timeVisible":142.582,"tipPosition":[-23.9402,334.171,-69.3112],"tipVelocity":[49.1738,1.66011,-165.958],"tool":false,"touchDistance":-0.198204,"touchZone":"hovering","type":1,"width":19.3428},{"bases":[[[0.985119,-0.170795,0.019227],[0.168382,0.981481,0.0913332],[-0.0344702,-0.0867366,0.995635]],[[0.984595,-0.171895,0.0320175],[0.0891463,0.335971,-0.937644],[0.15042,0.926054,0.346119]],[[0.984595,-0.171895,0.0320175],[-0.121072,-0.802346,-0.584451],[0.126154,0.57157,-0.810797]],[[0.984595,-0.171895,0.0320175],[-0.171071,-0.98489,-0.026953],[0.0361668,0.0210606,-0.999124]]],"btipPosition":[-19.55,242.112,29.9509],"carpPosition":[-10.4376,297.346,74.2657],"dipPosition":[-18.8703,242.508,11.1754],"direction":[-0.126154,-0.57157,0.810797],"extended":false,"handId":506,"id":5062,"length":67.0064,"mcpPosition":[-8.03266,303.398,4.8023],"pipPosition":[-15.283,258.762,-11.8808],"stabilizedTipPosition":[-23.8303,212.542,-2.75035],"timeVisible":142.582,"tipPosition":[-19.3775,242.624,26.8671],"tipVelocity":[67.3399,25.8749,-158.27],"tool":false,"touchDistance":0.333333,"touchZone":"none","type":2,"width":18.9972},{"bases":[[[0.953794,-0.255197,0.158593],[0.237149,0.963506,0.124166],[-0.184492,-0.0808182,0.979506]],[[0.95751,-0.253416,0.137677],[0.219804,0.332188,-0.917244],[0.18671,0.908533,0.373775]],[[0.95751,-0.253416,0.137677],[-0.121142,-0.786637,-0.605415],[0.261723,0.563013,-0.783912]],[[0.95751,-0.253416,0.137677],[-0.247385,-0.967084,-0.0595693],[0.148241,0.0229791,-0.988684]]],"btipPosition":[-5.02034,244.657,35.8984],"carpPosition":[1.78518,296.213,73.7662],"dipPosition":[-2.25061,245.086,17.4258],"direction":[-0.261723,-0.563013,0.783912],"extended":false,"handId":506,"id":5063,"length":64.4285,"mcpPosition":[13.3418,301.276,12.41],"pipPosition":[4.99965,260.683,-4.29014],"stabilizedTipPosition":[-10.6796,215.605,2.55755],"timeVisible":142.582,"tipPosition":[-4.51062,245.231,32.8886],"tipVelocity":[67.4964,32.2499,-160.041],"tool":false,"touchDistance":0.333333,"touchZone":"none","type":3,"width":18.077},{"bases":[[[0.873648,-0.418503,0.248184],[0.365375,0.901133,0.233367],[-0.321312,-0.1132,0.940183]],[[0.885356,-0.413841,0.211851],[0.354567,0.306304,-0.883436],[0.300711,0.857271,0.417923]],[[0.885356,-0.413841,0.211851],[-0.195282,-0.744561,-0.638352],[0.421912,0.523798,-0.740018]],[[0.885356,-0.413841,0.211851],[-0.393903,-0.909767,-0.131008],[0.246952,0.0325402,-0.968481]]],"btipPosition":[8.87657,253.511,36.8928],"carpPosition":[13.3869,288.065,75.0195],"dipPosition":[13.1332,254.072,20.1993],"direction":[-0.421912,-0.523798,0.740018],"extended":false,"handId":506,"id":5064,"length":50.5107,"mcpPosition":[32.0182,294.629,20.5028],"pipPosition":[21.3853,264.317,5.72541],"stabilizedTipPosition":[5.42599,222.135,0.522036],"timeVisible":142.582,"tipPosition":[9.78308,253.937,33.8983],"tipVelocity":[65.0047,39.8254,-152.57],"tool":false,"touchDistance":0.333333,"touchZone":"none","type":4,"width":16.0574}],"r":[[0.739793,-0.0232107,0.672434],[0.665074,0.176579,-0.725601],[-0.101896,0.984013,0.146069]],"s":1.29757,"t":[7.14479,31.4512,23.1845],"timestamp":97957055583},false],[3,{"currentFrameRate":101.781,"devices":[],"gestures":[],"hands":[{"armBasis":[[0.950592,0.232106,-0.20616],[-0.0383414,0.746776,0.66397],[0.308067,-0.62326,0.718778]],"armWidth":63.72,"confidence":0.666533,"direction":[0.0783147,0.234359,-0.968991],"elbow":[80.3177,116.713,273.442],"grabStrength":0,"id":506,"palmNormal":[0.00161717,-0.972004,-0.234957],"palmPosition":[-6.22371,293.578,25.4485],"palmVelocity":[48.5873,35.7553,-196.118],"palmWidth":90.99,"pinchStrength":0.668022,"r":[[0.736127,-0.0174232,0.676619],[0.667979,0.179961,-0.722093],[-0.109184,0.98352,0.144112]],"s":1.29675,"sphereCenter":[-30.802,275.713,-5.10989],"sphereRadius":52.4031,"stabilizedPalmPosition":[-10.0662,262.323,-3.19602],"t":[7.61805,31.7069,21.2014],"timeVisible":142.591,"type":"right","wrist":[-2.86037,284.993,79.3721]}],"id":1813391,"interactionBox":{"center":[0,200,0],"size":[235.247,235.247,147.751]},"pointables":[{"bases":[[[0.414996,0.908344,0.0518544],[-0.833608,0.356779,0.421671],[0.364522,-0.218218,0.905265]],[[0.359695,0.929987,-0.0757829],[-0.916502,0.336904,-0.215687],[-0.175055,0.147037,0.973517]],[[0.359695,0.929987,-0.0757829],[-0.802598,0.266954,-0.533453],[-0.475874,0.252704,0.842428]],[[0.359695,0.929987,-0.0757829],[-0.416947,0.0875418,-0.904705],[-0.83473,0.357016,0.419244]]],"btipPosition":[12.9678,249.862,-9.16099],"carpPosition":[-31.5314,274.173,77.9696],"dipPosition":[-6.56784,258.218,0.65082],"direction":[0.475874,-0.252704,-0.842428],"extended":false,"handId":506,"id":5060,"length":52.1164,"mcpPosition":[-31.5314,274.173,77.9696],"pipPosition":[-22.7931,266.834,29.3739],"stabilizedTipPosition":[2.10952,220.831,-27.7497],"timeVisible":142.591,"tipPosition":[8.75302,251.706,-6.44959],"tipVelocity":[98.2205,41.2185,-183.973],"tool":false,"touchDistance":-0.1981,"touchZone":"hovering","type":0,"width":20.25},{"bases":[[[0.995924,0.0227547,-0.0872802],[-0.0149771,0.995941,0.0887524],[0.0889455,-0.0870834,0.992222]],[[0.995454,0.00650182,0.0950236],[-0.0542017,0.85904,0.509032],[-0.0783194,-0.511868,0.855487]],[[0.995454,0.00650182,0.0950236],[-0.0378587,0.942479,0.332116],[-0.0873984,-0.334203,0.93844]],[[0.995454,0.00650182,0.0950236],[-0.0215746,0.987128,0.15847],[-0.0927701,-0.1598,0.982781]]],"btipPosition":[-22.1658,334.757,-76.4129],"carpPosition":[-22.6844,295.551,72.8121],"dipPosition":[-23.7509,332.027,-59.6215],"direction":[0.0873984,0.334203,-0.93844],"extended":true,"handId":506,"id":5061,"length":58.8075,"mcpPosition":[-29.2281,301.958,-0.185289],"pipPosition":[-25.8633,323.949,-36.939],"stabilizedTipPosition":[-26.5706,309.943,-88.3918],"timeVisible":142.591,"tipPosition":[-22.4212,334.35,-72.4276],"tipVelocity":[82.0026,6.61774,-214.217],"tool":false,"touchDistance":-0.250174,"touchZone":"hovering","type":1,"width":19.3428},{"bases":[[[0.986647,-0.159339,0.0337324],[0.155568,0.983296,0.0944814],[-0.0482235,-0.0879722,0.994955]],[[0.985949,-0.160453,0.0464714],[0.0994695,0.34042,-0.934997],[0.134203,0.926482,0.351597]],[[0.985949,-0.160453,0.0464714],[-0.102705,-0.801662,-0.588889],[0.131743,0.575841,-0.806877]],[[0.985949,-0.160453,0.0464714],[-0.159085,-0.986753,-0.0317943],[0.0509572,0.0239546,-0.998414]]],"btipPosition":[-18.4392,242.231,26.6593],"carpPosition":[-10.6311,297.575,71.3156],"dipPosition":[-17.4816,242.681,7.8971],"direction":[-0.131743,-0.575841,0.806877],"extended":false,"handId":506,"id":5062,"length":67.0064,"mcpPosition":[-7.26667,303.713,1.89953],"pipPosition":[-13.7353,259.056,-15.0476],"stabilizedTipPosition":[-23.8282,212.553,-2.74079],"timeVisible":142.591,"tipPosition":[-18.2266,242.745,23.57],"tipVelocity":[84.1691,22.6078,-213.862],"tool":false,"touchDistance":0.333333,"touchZone":"none","type":2,"width":18.9972},{"bases":[[[0.954243,-0.244217,0.172562],[0.224045,0.966094,0.128319],[-0.198048,-0.0837858,0.976605]],[[0.958264,-0.242368,0.151619],[0.229379,0.335277,-0.91377],[0.170634,0.910411,0.376877]],[[0.958264,-0.242368,0.151619],[-0.103092,-0.787621,-0.607474],[0.266651,0.56649,-0.779735]],[[0.958264,-0.242368,0.151619],[-0.235218,-0.969852,-0.0637085],[0.162489,0.0253859,-0.986384]]],"btipPosition":[-4.03074,244.989,33.0133],"carpPosition":[1.61007,296.585,70.9967],"dipPosition":[-0.994793,245.463,14.5837],"direction":[-0.266651,-0.56649,0.779735],"extended":false,"handId":506,"id":5063,"length":64.4285,"mcpPosition":[14.0158,301.833,9.82222],"pipPosition":[6.39196,261.156,-7.01652],"stabilizedTipPosition":[-10.6756,215.621,2.57175],"timeVisible":142.591,"tipPosition":[-3.48186,245.563,29.9882],"tipVelocity":[80.517,33.6247,-202.572],"tool":false,"touchDistance":0.333333,"touchZone":"none","type":3,"width":18.077},{"bases":[[[0.874684,-0.40852,0.260843],[0.351354,0.905126,0.23937],[-0.333883,-0.117724,0.935234]],[[0.887328,-0.403489,0.22326],[0.363097,0.312875,-0.87765],[0.28427,0.859829,0.424129]],[[0.887328,-0.403489,0.22326],[-0.177275,-0.745415,-0.642596],[0.425702,0.530615,-0.732957]],[[0.887328,-0.403489,0.22326],[-0.381029,-0.914225,-0.137876],[0.259742,0.0372731,-0.964959]]],"btipPosition":[9.79143,253.974,34.1586],"carpPosition":[13.286,288.571,72.4167],"dipPosition":[14.2685,254.617,17.5258],"direction":[-0.425702,-0.530615,0.732957],"extended":false,"handId":506,"id":5064,"length":50.5107,"mcpPosition":[32.6463,295.398,18.1869],"pipPosition":[22.5948,264.995,3.19007],"stabilizedTipPosition":[5.43062,222.163,0.547575],"timeVisible":142.591,"tipPosition":[10.7195,254.414,31.1629],"tipVelocity":[76.132,43.3062,-192.485],"tool":false,"touchDistance":0.333333,"touchZone":"none","type":4,"width":16.0574}],"r":[[0.736127,-0.0174232,0.676619],[0.667979,0.179961,-0.722093],[-0.109184,0.98352,0.144112]],"s":1.29675,"t":[7.61805,31.7069,21.2014],"timestamp":97957064805},false],[4,{"currentFrameRate":102.01,"devices":[],"gestures":[],"hands":[{"armBasis":[[0.952574,0.233595,-0.195028],[-0.0485502,0.749346,0.660396],[0.300408,-0.619608,0.725149]],"armWidth":63.72,"confidence":0.669532,"direction":[0.0857217,0.235748,-0.968026],"elbow":[78.7141,118.29,271.283],"grabStrength":0,"id":506,"palmNormal":[0.00965261,-0.971753,-0.235801],"palmPosition":[-5.31982,294.199,21.5486],"palmVelocity":[62.1997,44.4557,-258.686],"palmWidth":90.99,"pinchStrength":0.666067,"r":[[0.731924,-0.012045,0.68128],[0.671361,0.18363,-0.718021],[-0.116455,0.982922,0.14249]],"s":1.29622,"sphereCenter":[-29.5703,276.227,-9.26115],"sphereRadius":52.4356,"stabilizedPalmPosition":[-10.0651,262.33,-3.19026],"t":[8.30663,32.1456,18.2599],"timeVisible":142.601,"type":"right","wrist":[-2.39616,285.584,75.493]}],"id":1813392,"interactionBox":{"center":[0,200,0],"size":[235.247,235.247,147.751]},"pointables":[{"bases":[[[0.408991,0.910791,0.0564488],[-0.839565,0.351325,0.414369],[0.357571,-0.216865,0.908357]],[[0.354853,0.932193,-0.0713875],[-0.916358,0.331651,-0.224269],[-0.185386,0.144999,0.971909]],[[0.354853,0.932193,-0.0713875],[-0.799536,0.263004,-0.539973],[-0.484584,0.248688,0.838649]],[[0.354853,0.932193,-0.0713875],[-0.410943,0.0869345,-0.907507],[-0.839765,0.351368,0.413927]]],"btipPosition":[14.4427,250.652,-12.9777],"carpPosition":[-30.9871,274.592,73.8193],"dipPosition":[-5.21085,258.875,-3.29031],"direction":[0.484584,-0.248688,-0.838649],"extended":false,"handId":506,"id":5060,"length":52.1164,"mcpPosition":[-30.9871,274.592,73.8193],"pipPosition":[-21.733,267.354,25.3039],"stabilizedTipPosition":[2.13103,220.919,-27.7029],"timeVisible":142.601,"tipPosition":[10.1896,252.463,-10.2895],"tipVelocity":[114.23,52.5445,-248.336],"tool":false,"touchDistance":-0.262189,"touchZone":"hovering","type":0,"width":20.25},{"bases":[[[0.996522,0.0288675,-0.0781723],[-0.0218241,0.995748,0.0895016],[0.0804236,-0.0874843,0.992914]],[[0.994471,0.0124232,0.104278],[-0.0641108,0.858285,0.509153],[-0.0831752,-0.513023,0.854336]],[[0.994471,0.0124232,0.104278],[-0.0466597,0.941852,0.332772],[-0.0940807,-0.335798,0.937224]],[[0.994471,0.0124232,0.104278],[-0.0290667,0.986747,0.159644],[-0.100913,-0.161792,0.981652]]],"btipPosition":[-20.5684,335.386,-80.4159],"carpPosition":[-22.2232,296.028,68.7619],"dipPosition":[-22.2926,332.622,-63.6438],"direction":[0.0940807,0.335798,-0.937224],"extended":true,"handId":506,"id":5061,"length":58.8075,"mcpPosition":[-28.14,302.465,-4.28642],"pipPosition":[-24.5666,324.505,-40.9907],"stabilizedTipPosition":[-26.5677,309.956,-88.3856],"timeVisible":142.601,"tipPosition":[-20.8653,334.966,-76.4362],"tipVelocity":[106.185,23.5685,-274.908],"tool":false,"touchDistance":-0.313602,"touchZone":"hovering","type":1,"width":19.3428},{"bases":[[[0.987247,-0.153394,0.0425879],[0.148735,0.98413,0.0967746],[-0.0567567,-0.0892062,0.994395]],[[0.986442,-0.15452,0.0552822],[0.106202,0.344241,-0.932856],[0.125115,0.926079,0.355984]],[[0.986442,-0.15452,0.0552822],[-0.092167,-0.800335,-0.592427],[0.135786,0.5793,-0.803725]],[[0.986442,-0.15452,0.0552822],[-0.152713,-0.98763,-0.0355791],[0.060096,0.0266545,-0.997837]]],"btipPosition":[-17.2307,242.739,22.448],"carpPosition":[-10.1693,298.127,67.3771],"dipPosition":[-16.1014,243.24,3.69668],"direction":[-0.135786,-0.5793,0.803725],"extended":false,"handId":506,"id":5062,"length":67.0064,"mcpPosition":[-6.20951,304.35,-1.99981],"pipPosition":[-12.2401,259.713,-19.1584],"stabilizedTipPosition":[-23.8256,212.564,-2.73296],"timeVisible":142.601,"tipPosition":[-16.9925,243.253,19.3474],"tipVelocity":[98.1127,31.9444,-280.758],"tool":false,"touchDistance":0.333333,"touchZone":"none","type":2,"width":18.9972},{"bases":[[[0.954094,-0.238598,0.18104],[0.217004,0.967311,0.13122],[-0.206431,-0.0859097,0.974682]],[[0.958318,-0.236693,0.160011],[0.235336,0.336396,-0.911841],[0.161999,0.91149,0.378077]],[[0.958318,-0.236693,0.160011],[-0.0931961,-0.788399,-0.608064],[0.270077,0.567806,-0.777596]],[[0.958318,-0.236693,0.160011],[-0.228895,-0.971225,-0.0657946],[0.17098,0.0264265,-0.98492]]],"btipPosition":[-2.90343,245.644,29.1659],"carpPosition":[2.08006,297.211,67.1691],"dipPosition":[0.291155,246.138,10.7636],"direction":[-0.270077,-0.567806,0.777596],"extended":false,"handId":506,"id":5063,"length":64.4285,"mcpPosition":[15.0109,302.592,6.11498],"pipPosition":[7.77282,261.867,-10.7773],"stabilizedTipPosition":[-10.6711,215.637,2.58368],"timeVisible":142.601,"tipPosition":[-2.32386,246.194,26.0685],"tipVelocity":[92.9444,44.0688,-261.527],"tool":false,"touchDistance":0.333333,"touchZone":"none","type":3,"width":18.077},{"bases":[[[0.874731,-0.403463,0.268445],[0.343663,0.907009,0.243373],[-0.341674,-0.120631,0.932044]],[[0.887944,-0.398205,0.230192],[0.368239,0.315575,-0.874536],[0.275602,0.861304,0.426848]],[[0.887944,-0.398205,0.230192],[-0.167517,-0.746076,-0.644444],[0.428362,0.533669,-0.72918]],[[0.887944,-0.398205,0.230192],[-0.37423,-0.916435,-0.141768],[0.267409,0.0397368,-0.962763]]],"btipPosition":[10.8704,254.684,30.4074],"carpPosition":[13.791,289.267,68.6883],"dipPosition":[15.4797,255.369,13.8124],"direction":[-0.428362,-0.533669,0.72918],"extended":false,"handId":506,"id":5064,"length":50.5107,"mcpPosition":[33.603,296.262,14.6435],"pipPosition":[23.858,265.807,-0.449478],"stabilizedTipPosition":[5.43597,222.19,0.569038],"timeVisible":142.601,"tipPosition":[11.8183,255.125,27.3823],"tipVelocity":[88.1552,52.8228,-251.314],"tool":false,"touchDistance":0.333333,"touchZone":"none","type":4,"width":16.0574}],"r":[[0.731924,-0.012045,0.68128],[0.671361,0.18363,-0.718021],[-0.116455,0.982922,0.14249]],"s":1.29622,"t":[8.30663,32.1456,18.2599],"timestamp":97957074169},false],[5,{"currentFrameRate":102.377,"devices":[],"gestures":[],"hands":[{"armBasis":[[0.954615,0.231755,-0.18708],[-0.054038,0.752463,0.656413],[0.292898,-0.616513,0.730837]],"armWidth":63.72,"confidence":0.666402,"direction":[0.0911833,0.235354,-0.967623],"elbow":[77.0118,119.396,270.54],"grabStrength":0,"id":506,"palmNormal":[0.0133363,-0.971872,-0.235131],"palmPosition":[-4.67951,294.43,19.2469],"palmVelocity":[64.5262,39.1941,-257.353],"palmWidth":90.99,"pinchStrength":0.664062,"r":[[0.727669,-0.00734276,0.685889],[0.674831,0.186807,-0.713938],[-0.122887,0.982369,0.140889]],"s":1.29589,"sphereCenter":[-28.7438,276.387,-11.7094],"sphereRadius":52.4586,"stabilizedPalmPosition":[-10.064,262.337,-3.18582],"t":[8.97107,32.4802,15.6383],"timeVisible":142.61,"type":"right","wrist":[-2.07071,285.854,73.2137]}],"id":1813393,"interactionBox":{"center":[0,200,0],"size":[235.247,235.247,147.751]},"pointables":[{"bases":[[[0.406549,0.911759,0.058416],[-0.842919,0.349654,0.408937],[0.352427,-0.215493,0.910691]],[[0.353175,0.932956,-0.0697262],[-0.915622,0.329384,-0.230529],[-0.192106,0.14526,0.970564]],[[0.353175,0.932956,-0.0697262],[-0.797304,0.261155,-0.544155],[-0.489463,0.247775,0.836082]],[[0.353175,0.932956,-0.0697262],[-0.408007,0.0865268,-0.908869],[-0.841901,0.349438,0.411211]]],"btipPosition":[15.3561,250.919,-15.2092],"carpPosition":[-30.6255,274.796,71.3696],"dipPosition":[-4.34745,259.097,-5.58534],"direction":[0.489463,-0.247775,-0.836082],"extended":false,"handId":506,"id":5060,"length":52.1164,"mcpPosition":[-30.6255,274.796,71.3696],"pipPosition":[-21.036,267.545,22.9214],"stabilizedTipPosition":[2.15292,220.999,-27.6659],"timeVisible":142.61,"tipPosition":[11.0908,252.72,-12.5261],"tipVelocity":[110.152,45.8391,-248.166],"tool":false,"touchDistance":-0.297995,"touchZone":"hovering","type":0,"width":20.25},{"bases":[[[0.996919,0.0311021,-0.0720111],[-0.0246553,0.995749,0.0887445],[0.0744651,-0.0866956,0.993448]],[[0.993744,0.0147392,0.110705],[-0.069297,0.858736,0.507711],[-0.0875834,-0.512206,0.854385]],[[0.993744,0.0147392,0.110705],[-0.0509258,0.942004,0.331716],[-0.0993957,-0.335279,0.936861]],[[0.993744,0.0147392,0.110705],[-0.0323542,0.98674,0.159053],[-0.106893,-0.16164,0.981044]]],"btipPosition":[-19.3663,335.498,-82.8468],"carpPosition":[-21.8795,296.249,66.3533],"dipPosition":[-21.1926,332.736,-66.085],"direction":[0.0993957,0.335279,-0.936861],"extended":true,"handId":506,"id":5061,"length":58.8075,"mcpPosition":[-27.3579,302.627,-6.7343],"pipPosition":[-23.5951,324.633,-43.4407],"stabilizedTipPosition":[-26.5642,309.969,-88.3807],"timeVisible":142.61,"tipPosition":[-19.6991,335.082,-78.8676],"tipVelocity":[112.763,20.4929,-273.099],"tool":false,"touchDistance":-0.347073,"touchZone":"hovering","type":1,"width":19.3428},{"bases":[[[0.987312,-0.151106,0.0488028],[0.145881,0.984527,0.097082],[-0.0627174,-0.0887308,0.994079]],[[0.986433,-0.152225,0.0614628],[0.111414,0.345804,-0.931669],[0.120569,0.925877,0.358072]],[[0.986433,-0.152225,0.0614628],[-0.0864093,-0.79979,-0.594029],[0.139583,0.580659,-0.802092]],[[0.986433,-0.152225,0.0614628],[-0.150151,-0.987967,-0.0370844],[0.0663684,0.0273526,-0.99742]]],"btipPosition":[-16.4743,242.911,19.98],"carpPosition":[-9.82204,298.374,65.042],"dipPosition":[-15.2271,243.425,1.23645],"direction":[-0.139583,-0.580659,0.802092],"extended":false,"handId":506,"id":5062,"length":67.0064,"mcpPosition":[-5.44637,304.564,-4.31295],"pipPosition":[-11.2578,259.937,-21.5722],"stabilizedTipPosition":[-23.823,212.575,-2.7266],"timeVisible":142.61,"tipPosition":[-16.2174,243.419,16.8646],"tipVelocity":[94.8805,28.4514,-278.339],"tool":false,"touchDistance":0.333333,"touchZone":"none","type":2,"width":18.9972},{"bases":[[[0.953496,-0.236302,0.1871],[0.213974,0.967885,0.13196],[-0.212273,-0.0857892,0.973437]],[[0.957885,-0.234382,0.165899],[0.239692,0.334474,-0.911414],[0.15813,0.912794,0.376567]],[[0.957885,-0.234382,0.165899],[-0.0883806,-0.790329,-0.606275],[0.273214,0.566079,-0.777759]],[[0.957885,-0.234382,0.165899],[-0.226571,-0.971836,-0.0648098],[0.176417,0.0244925,-0.984011]]],"btipPosition":[-2.20268,245.937,27.0402],"carpPosition":[2.43045,297.486,64.9104],"dipPosition":[1.09349,246.395,8.65495],"direction":[-0.273214,-0.566079,0.777759],"extended":false,"handId":506,"id":5063,"length":64.4285,"mcpPosition":[15.7273,302.86,3.93432],"pipPosition":[8.66207,262.076,-12.8905],"stabilizedTipPosition":[-10.6665,215.652,2.59368],"timeVisible":142.61,"tipPosition":[-1.59648,246.44,23.836],"tipVelocity":[89.3298,40.577,-253.923],"tool":false,"touchDistance":0.333333,"touchZone":"none","type":3,"width":18.077},{"bases":[[[0.87397,-0.401296,0.274114],[0.340073,0.907942,0.244934],[-0.34717,-0.120846,0.929983]],[[0.887592,-0.395949,0.235382],[0.372336,0.315863,-0.872695],[0.271194,0.862238,0.427784]],[[0.887592,-0.395949,0.235382],[-0.162162,-0.746882,-0.644881],[0.431143,0.534221,-0.727134]],[[0.887592,-0.395949,0.235382],[-0.371231,-0.917407,-0.143361],[0.272705,0.0398646,-0.961272]]],"btipPosition":[11.5582,254.953,28.2469],"carpPosition":[14.1498,289.57,66.5072],"dipPosition":[16.2587,255.64,11.6777],"direction":[-0.431143,-0.534221,0.727134],"extended":false,"handId":506,"id":5064,"length":50.5107,"mcpPosition":[34.2806,296.577,12.5819],"pipPosition":[24.6914,266.089,-2.54419],"stabilizedTipPosition":[5.44131,222.214,0.586726],"timeVisible":142.61,"tipPosition":[12.52,255.391,25.2049],"tipVelocity":[85.3953,46.4502,-247.531],"tool":false,"touchDistance":0.333333,"touchZone":"none","type":4,"width":16.0574}],"r":[[0.727669,-0.00734276,0.685889],[0.674831,0.186807,-0.713938],[-0.122887,0.982369,0.140889]],"s":1.29589,"t":[8.97107,32.4802,15.6383],"timestamp":97957083236},false],[6,{"currentFrameRate":102.679,"devices":[],"gestures":[],"hands":[{"armBasis":[[0.954987,0.231824,-0.185088],[-0.0562874,0.754204,0.654223],[0.291259,-0.614356,0.733304]],"armWidth":63.72,"confidence":0.668241,"direction":[0.0917986,0.235621,-0.9675],"elbow":[77.0496,120.097,269.696],"grabStrength":0,"id":506,"palmNormal":[0.0157952,-0.971825,-0.235176],"palmPosition":[-4.15464,294.547,17.7344],"palmVelocity":[62.5047,31.8204,-231.615],"palmWidth":90.99,"pinchStrength":0.6624,"r":[[0.724064,-0.00327748,0.689725],[0.677658,0.189677,-0.710495],[-0.128496,0.981841,0.139559]],"s":1.29559,"sphereCenter":[-28.1342,276.429,-13.2591],"sphereRadius":52.4489,"stabilizedPalmPosition":[-10.063,262.342,-3.18211],"t":[9.56573,32.7059,13.5712],"timeVisible":142.619,"type":"right","wrist":[-1.59039,285.973,71.7038]}],"id":1813394,"interactionBox":{"center":[0,200,0],"size":[235.247,235.247,147.751]},"pointables":[{"bases":[[[0.404433,0.912666,0.0589531],[-0.844185,0.347735,0.407962],[0.351833,-0.214761,0.911094]],[[0.351224,0.933737,-0.0691119],[-0.915969,0.327368,-0.232014],[-0.194015,0.144793,0.970254]],[[0.351224,0.933737,-0.0691119],[-0.797634,0.259738,-0.544349],[-0.490328,0.246314,0.836007]],[[0.351224,0.933737,-0.0691119],[-0.409319,0.0867388,-0.908259],[-0.84208,0.347291,0.412661]]],"btipPosition":[15.9925,251.097,-16.7694],"carpPosition":[-30.1181,274.851,69.8253],"dipPosition":[-3.71526,259.225,-7.11164],"direction":[0.490328,-0.246314,-0.836007],"extended":false,"handId":506,"id":5060,"length":52.1164,"mcpPosition":[-30.1181,274.851,69.8253],"pipPosition":[-20.4333,267.623,21.3925],"stabilizedTipPosition":[2.17478,221.074,-27.635],"timeVisible":142.619,"tipPosition":[11.7238,252.885,-14.0732],"tipVelocity":[98.7727,38.1404,-226.206],"tool":false,"touchDistance":-0.319815,"touchZone":"hovering","type":0,"width":20.25},{"bases":[[[0.996931,0.0333438,-0.0708306],[-0.0269947,0.995686,0.0887771],[0.0734851,-0.0865925,0.99353]],[[0.993522,0.0169166,0.112373],[-0.0719422,0.859096,0.506733],[-0.0879669,-0.511535,0.854748]],[[0.993522,0.0169166,0.112373],[-0.053502,0.942038,0.331212],[-0.100257,-0.335078,0.936841]],[[0.993522,0.0169166,0.112373],[-0.0347969,0.986646,0.15912],[-0.108181,-0.161999,0.980843]]],"btipPosition":[-18.7698,335.538,-84.3971],"carpPosition":[-21.4143,296.324,64.8206],"dipPosition":[-20.6181,332.77,-67.6388],"direction":[0.100257,0.335078,-0.936841],"extended":true,"handId":506,"id":5061,"length":58.8075,"mcpPosition":[-26.8206,302.695,-8.273],"pipPosition":[-23.0413,324.671,-44.995],"stabilizedTipPosition":[-26.5604,309.982,-88.3766],"timeVisible":142.619,"tipPosition":[-19.1272,335.132,-80.414],"tipVelocity":[99.3191,15.9547,-244.149],"tool":false,"touchDistance":-0.363967,"touchZone":"hovering","type":1,"width":19.3428},{"bases":[[[0.98759,-0.148894,0.0499606],[0.143557,0.984846,0.0973154],[-0.0636932,-0.0889356,0.993999]],[[0.986701,-0.150012,0.0625941],[0.11192,0.347725,-0.930893],[0.11788,0.925518,0.35989]],[[0.986701,-0.150012,0.0625941],[-0.0836968,-0.798988,-0.595494],[0.139343,0.582335,-0.800918]],[[0.986701,-0.150012,0.0625941],[-0.14782,-0.988271,-0.0383262],[0.0676093,0.0285638,-0.997303]]],"btipPosition":[-15.8312,242.974,18.344],"carpPosition":[-9.36013,298.476,63.5237],"dipPosition":[-14.5607,243.511,-0.397281],"direction":[-0.139343,-0.582335,0.800918],"extended":false,"handId":506,"id":5062,"length":67.0064,"mcpPosition":[-4.91639,304.681,-5.82563],"pipPosition":[-10.5982,260.071,-23.1725],"stabilizedTipPosition":[-23.8202,212.585,-2.72102],"timeVisible":142.619,"tipPosition":[-15.5711,243.478,15.2116],"tipVelocity":[88.1556,22.6084,-250.492],"tool":false,"touchDistance":0.333333,"touchZone":"none","type":2,"width":18.9972},{"bases":[[[0.953802,-0.234174,0.188212],[0.211645,0.968354,0.132273],[-0.213231,-0.0863282,0.97318]],[[0.958227,-0.232235,0.166939],[0.240001,0.335426,-0.910982],[0.155566,0.912993,0.377151]],[[0.958227,-0.232235,0.166939],[-0.0858439,-0.790301,-0.606675],[0.272823,0.567002,-0.777224]],[[0.958227,-0.232235,0.166939],[-0.224279,-0.972335,-0.0652912],[0.177483,0.0251229,-0.983803]]],"btipPosition":[-1.57325,246.055,25.5077],"carpPosition":[2.89446,297.616,63.4066],"dipPosition":[1.74285,246.524,7.12627],"direction":[-0.272823,-0.567002,0.777224],"extended":false,"handId":506,"id":5063,"length":64.4285,"mcpPosition":[16.2512,303.023,2.44656],"pipPosition":[9.3006,262.231,-14.4044],"stabilizedTipPosition":[-10.6618,215.666,2.60259],"timeVisible":142.619,"tipPosition":[-0.963623,246.554,22.2932],"tipVelocity":[83.7132,32.9156,-229.727],"tool":false,"touchDistance":0.333333,"touchZone":"none","type":3,"width":18.077},{"bases":[[[0.874544,-0.399351,0.275122],[0.337744,0.908687,0.245392],[-0.347997,-0.121685,0.929565]],[[0.888362,-0.393899,0.235915],[0.372151,0.31679,-0.872438],[0.268917,0.862837,0.428014]],[[0.888362,-0.393899,0.235915],[-0.160032,-0.747231,-0.645008],[0.430351,0.535247,-0.726848]],[[0.888362,-0.393899,0.235915],[-0.369001,-0.918257,-0.143671],[0.273223,0.0405787,-0.961095]]],"btipPosition":[12.1731,255.104,26.7639],"carpPosition":[14.6297,289.726,65.0167],"dipPosition":[16.8825,255.804,10.1977],"direction":[-0.430351,-0.535247,0.726848],"extended":false,"handId":506,"id":5064,"length":50.5107,"mcpPosition":[34.8084,296.782,11.1157],"pipPosition":[25.2997,266.272,-4.01856],"stabilizedTipPosition":[5.44674,222.237,0.60226],"timeVisible":142.619,"tipPosition":[13.1337,255.54,23.7038],"tipVelocity":[80.3557,38.1834,-223.615],"tool":false,"touchDistance":0.333333,"touchZone":"none","type":4,"width":16.0574}],"r":[[0.724064,-0.00327748