{"sensorType":"Leap","data":[[0,{"currentFrameRate":105.098,"devices":[],"gestures":[],"hands":[{"armBasis":[[0.971154,0.0876233,-0.221771],[0.0564811,0.819043,0.570945],[0.231668,-0.567002,0.790468]],"armWidth":63.72,"confidence":0.668435,"direction":[0.0141092,0.205265,-0.978605],"elbow":[62.5734,135.453,277.879],"grabStrength":0,"id":506,"palmNormal":[-0.0673053,-0.976287,-0.205749],"palmPosition":[-7.11049,295.934,10.7195],"palmVelocity":[22.5462,-14.6471,-53.1831],"palmWidth":90.99,"pinchStrength":0.634955,"r":[[0.777977,-0.0379271,0.627147],[0.625979,0.132378,-0.768522],[-0.0538728,0.990473,0.126729]],"s":1.28404,"sphereCenter":[-36.5879,279.985,-17.7361],"sphereRadius":53.0151,"stabilizedPalmPosition":[-8.7792,295.705,15.7813],"t":[6.97659,34.4808,5.05726],"timeVisible":131.516,"type":"right","wrist":[0.0230702,288.543,64.4527]}],"id":1812213,"interactionBox":{"center":[0,200,0],"size":[235.247,235.247,147.751]},"pointables":[{"bases":[[[0.464398,0.8856,-0.00694613],[-0.778295,0.411846,0.473962],[0.422601,-0.2147,0.880518]],[[0.405216,0.906057,-0.121905],[-0.908332,0.383899,-0.165998],[-0.103604,0.177996,0.978562]],[[0.405216,0.906057,-0.121905],[-0.832724,0.310763,-0.458254],[-0.377321,0.287205,0.880421]],[[0.405216,0.906057,-0.121905],[-0.6266,0.178154,-0.758705],[-0.665712,0.383825,0.639926]]],"btipPosition":[4.42403,251.597,-28.2621],"carpPosition":[-29.1927,279.257,65.5805],"dipPosition":[-11.156,260.58,-13.2855],"direction":[0.377321,-0.287205,-0.880421],"extended":false,"handId":506,"id":5060,"length":52.1164,"mcpPosition":[-29.1927,279.257,65.5805],"pipPosition":[-24.021,270.372,16.733],"stabilizedTipPosition":[-2.50732,253.463,-21.8728],"timeVisible":131.516,"tipPosition":[0.921764,253.68,-24.9168],"tipVelocity":[64.8209,-5.30037,-50.7571],"tool":false,"touchDistance":-0.334481,"touchZone":"touching","type":0,"width":20.25},{"bases":[[[0.985839,-0.0333276,-0.16435],[0.0437762,0.997216,0.0603682],[0.16188,-0.066708,0.984553]],[[0.998376,-0.0458724,0.0337862],[0.0239531,0.876049,0.481626],[-0.0516918,-0.480034,0.875725]],[[0.998376,-0.0458724,0.0337862],[0.0326575,0.946728,0.320375],[-0.0466827,-0.318751,0.946688]],[[0.998376,-0.0458724,0.0337862],[0.0397431,0.985679,0.163883],[-0.0408201,-0.162274,0.985901]]],"btipPosition":[-27.5423,335.997,-90.6513],"carpPosition":[-19.6794,299.989,59.1317],"dipPosition":[-28.2397,333.224,-73.8065],"direction":[0.0466827,0.318751,-0.946688],"extended":true,"handId":506,"id":5061,"length":58.8075,"mcpPosition":[-31.5889,304.897,-13.3015],"pipPosition":[-29.3681,325.52,-50.9247],"stabilizedTipPosition":[-29.8799,335.239,-82.5275],"timeVisible":131.516,"tipPosition":[-27.9606,335.785,-86.5719],"tipVelocity":[26.087,-13.2406,-53.183],"tool":false,"touchDistance":-0.333047,"touchZone":"touching","type":1,"width":19.3428},{"bases":[[[0.976642,-0.211543,-0.0376892],[0.213357,0.975518,0.0533149],[0.0254881,-0.0601108,0.997866]],[[0.976969,-0.213211,-0.00848353],[0.0766796,0.387906,-0.918504],[0.199126,0.8967,0.395321]],[[0.976969,-0.213211,-0.00848353],[-0.181657,-0.810212,-0.557276],[0.111944,0.545983,-0.830284]],[[0.976969,-0.213211,-0.00848353],[-0.211902,-0.974108,0.0788134],[-0.0250678,-0.0752006,-0.996853]]],"btipPosition":[-21.7803,248.18,10.322],"carpPosition":[-7.69192,301.32,56.6526],"dipPosition":[-22.2514,246.767,-8.41088],"direction":[-0.111944,-0.545983,0.830284],"extended":false,"handId":506,"id":5062,"length":67.0064,"mcpPosition":[-9.47017,305.514,-12.9665],"pipPosition":[-19.0681,262.292,-32.0212],"stabilizedTipPosition":[-29.3717,235.565,31.4445],"timeVisible":131.516,"tipPosition":[-21.9433,247.669,4.93046],"tipVelocity":[55.2798,-21.1211,-57.2816],"tool":false,"touchDistance":0.333333,"touchZone":"none","type":2,"width":18.9972},{"bases":[[[0.950866,-0.291016,0.105655],[0.283292,0.955498,0.0822685],[-0.124894,-0.0482952,0.990994]],[[0.954883,-0.288999,0.0683944],[0.164944,0.324574,-0.931367],[0.246965,0.900628,0.357599]],[[0.954883,-0.288999,0.0683944],[-0.211986,-0.824566,-0.52455],[0.20799,0.486385,-0.848628]],[[0.954883,-0.288999,0.0683944],[-0.294406,-0.951422,0.0901197],[0.0390275,-0.10619,-0.99358]]],"btipPosition":[-5.28333,250.957,19.4407],"carpPosition":[4.41852,299.661,55.4212],"dipPosition":[-4.55414,248.973,0.876673],"direction":[-0.20799,-0.486385,0.848628],"extended":false,"handId":506,"id":5063,"length":64.4285,"mcpPosition":[12.2419,302.687,-6.65465],"pipPosition":[1.2076,262.447,-22.632],"stabilizedTipPosition":[-9.63735,245.04,26.3487],"timeVisible":131.516,"tipPosition":[-5.1132,250.284,14.0541],"tipVelocity":[50.6028,-9.08609,-41.8254],"tool":false,"touchDistance":0.333333,"touchZone":"none","type":3,"width":18.077},{"bases":[[[0.870054,-0.448498,0.204586],[0.415584,0.890557,0.184927],[-0.265135,-0.0758737,0.961221]],[[0.892264,-0.438623,0.107118],[0.275283,0.340425,-0.899072],[0.357888,0.831697,0.424495]],[[0.892264,-0.438623,0.107118],[-0.300282,-0.753635,-0.584692],[0.337188,0.489534,-0.804152]],[[0.892264,-0.438623,0.107118],[-0.441579,-0.897212,0.00436379],[0.0941937,-0.0511949,-0.994237]]],"btipPosition":[10.2386,257.366,18.2916],"carpPosition":[15.7379,291.067,56.1723],"dipPosition":[11.8622,256.484,1.15419],"direction":[-0.337188,-0.489534,0.804152],"extended":false,"handId":506,"id":5064,"length":50.5107,"mcpPosition":[31.1118,295.467,0.435722],"pipPosition":[18.4572,266.058,-14.5741],"stabilizedTipPosition":[6.20185,249.218,30.5936],"timeVisible":131.516,"tipPosition":[10.6513,257.046,13.2964],"tipVelocity":[44.5868,1.34445,-30.7683],"tool":false,"touchDistance":0.333333,"touchZone":"none","type":4,"width":16.0574}],"r":[[0.777977,-0.0379271,0.627147],[0.625979,0.132378,-0.768522],[-0.0538728,0.990473,0.126729]],"s":1.28404,"t":[6.97659,34.4808,5.05726],"timestamp":97945989164},false],[1,{"currentFrameRate":105.192,"devices":[],"gestures":[],"hands":[{"armBasis":[[0.971588,0.0903298,-0.218762],[0.0527261,0.818468,0.572128],[0.23073,-0.567408,0.790451]],"armWidth":63.72,"confidence":0.673739,"direction":[0.0147645,0.204351,-0.978786],"elbow":[62.4108,135.316,277.519],"grabStrength":0,"id":506,"palmNormal":[-0.0636024,-0.976719,-0.204879],"palmPosition":[-6.97024,295.829,10.3472],"palmVelocity":[20.4178,-13.6857,-49.4211],"palmWidth":90.99,"pinchStrength":0.634765,"r":[[0.776802,-0.0350252,0.62877],[0.626976,0.136542,-0.766979],[-0.05899,0.990015,0.128026]],"s":1.28451,"sphereCenter":[-36.2731,279.72,-18.1277],"sphereRadius":52.968,"stabilizedPalmPosition":[-8.76829,295.706,15.7485],"t":[7.16068,34.3475,4.58711],"timeVisible":131.525,"type":"right","wrist":[0.113718,288.516,64.0976]}],"id":1812214,"interactionBox":{"center":[0,200,0],"size":[235.247,235.247,147.751]},"pointables":[{"bases":[[[0.461307,0.887211,-0.00717105],[-0.780395,0.409587,0.472465],[0.422113,-0.212355,0.88132]],[[0.402268,0.907338,-0.122138],[-0.909399,0.380602,-0.167736],[-0.105707,0.178547,0.978237]],[[0.402268,0.907338,-0.122138],[-0.833472,0.307741,-0.458934],[-0.378821,0.286413,0.880035]],[[0.402268,0.907338,-0.122138],[-0.623362,0.173741,-0.762387],[-0.670522,0.38282,0.635491]]],"btipPosition":[4.81446,251.492,-28.5157],"carpPosition":[-29.0709,279.129,65.1937],"dipPosition":[-10.8782,260.451,-13.6429],"direction":[0.378821,-0.286413,-0.880035],"extended":false,"handId":506,"id":5060,"length":52.1164,"mcpPosition":[-29.0709,279.129,65.1937],"pipPosition":[-23.7943,270.217,16.3624],"stabilizedTipPosition":[-2.21189,253.47,-22.1292],"timeVisible":131.525,"tipPosition":[1.27216,253.569,-25.2058],"tipVelocity":[57.5285,-7.15537,-44.8049],"tool":false,"touchDistance":-0.333529,"touchZone":"touching","type":0,"width":20.25},{"bases":[[[0.986179,-0.0300404,-0.162937],[0.0402043,0.997422,0.0594442],[0.160731,-0.0651734,0.984844]],[[0.998469,-0.0423668,0.0355768],[0.0200842,0.876787,0.48046],[-0.0515488,-0.479009,0.876295]],[[0.998469,-0.0423668,0.0355768],[0.0288136,0.947206,0.319327],[-0.0472274,-0.317813,0.946977]],[[0.998469,-0.0423668,0.0355768],[0.0360281,0.985967,0.163009],[-0.0419837,-0.161478,0.985983]]],"btipPosition":[-27.3726,335.702,-91.0995],"carpPosition":[-19.6212,299.888,58.7377],"dipPosition":[-28.0899,332.943,-74.2534],"direction":[0.0472274,0.317813,-0.946977],"extended":true,"handId":506,"id":5061,"length":58.8075,"mcpPosition":[-31.4461,304.682,-13.7168],"pipPosition":[-29.2314,325.262,-51.3646],"stabilizedTipPosition":[-29.8595,335.238,-82.5685],"timeVisible":131.525,"tipPosition":[-27.8004,335.488,-87.0227],"tipVelocity":[23.7106,-18.335,-51.7145],"tool":false,"touchDistance":-0.334794,"touchZone":"touching","type":1,"width":19.3428},{"bases":[[[0.977427,-0.208162,-0.0361132],[0.20987,0.976311,0.0526496],[0.024298,-0.0590403,0.99796]],[[0.97772,-0.209798,-0.00694701],[0.0764564,0.38674,-0.919014],[0.195494,0.898007,0.394164]],[[0.97772,-0.209798,-0.00694701],[-0.178136,-0.81175,-0.556173],[0.111045,0.545019,-0.831037]],[[0.97772,-0.209798,-0.00694701],[-0.208588,-0.974729,0.0799656],[-0.0235481,-0.0767349,-0.996773]]],"btipPosition":[-21.4683,248.036,10.0126],"carpPosition":[-7.63494,301.258,56.2741],"dipPosition":[-21.9108,246.594,-8.71873],"direction":[-0.111045,-0.545019,0.831037],"extended":false,"handId":506,"id":5062,"length":67.0064,"mcpPosition":[-9.33017,305.377,-13.3516],"pipPosition":[-18.7531,262.093,-32.3504],"stabilizedTipPosition":[-29.2929,235.688,31.1843],"timeVisible":131.525,"tipPosition":[-21.6224,247.519,4.63803],"tipVelocity":[49.2957,-19.6927,-50.4389],"tool":false,"touchDistance":0.333333,"touchZone":"none","type":2,"width":18.9972},{"bases":[[[0.951729,-0.287584,0.107273],[0.279834,0.956564,0.0817209],[-0.126115,-0.0477576,0.990865]],[[0.955784,-0.285594,0.0700896],[0.164948,0.323346,-0.931794],[0.243451,0.902155,0.356157]],[[0.955784,-0.285594,0.0700896],[-0.208521,-0.826266,-0.523262],[0.207353,0.485511,-0.849284]],[[0.955784,-0.285594,0.0700896],[-0.291237,-0.952296,0.0911715],[0.0407081,-0.107553,-0.993366]]],"btipPosition":[-4.99921,250.884,19.1674],"carpPosition":[4.48293,299.641,55.0613],"dipPosition":[-4.23862,248.875,0.607397],"direction":[-0.207353,-0.485511,0.849284],"extended":false,"handId":506,"id":5063,"length":64.4285,"mcpPosition":[12.3828,302.632,-7.00651],"pipPosition":[1.50547,262.324,-22.9195],"stabilizedTipPosition":[-9.49073,245.203,25.9999],"timeVisible":131.525,"tipPosition":[-4.81905,250.205,13.7956],"tipVelocity":[45.1148,-8.90423,-38.2467],"tool":false,"touchDistance":0.333333,"touchZone":"none","type":3,"width":18.077},{"bases":[[[0.871329,-0.445251,0.206247],[0.412207,0.892187,0.184628],[-0.266217,-0.0758557,0.960924]],[[0.893533,-0.435467,0.109395],[0.276854,0.34254,-0.897785],[0.353484,0.832487,0.426631]],[[0.893533,-0.435467,0.109395],[-0.295744,-0.754136,-0.586357],[0.337838,0.491577,-0.802632]],[[0.893533,-0.435467,0.109395],[-0.438412,-0.898768,0.00321587],[0.0969202,-0.0508335,-0.993993]]],"btipPosition":[10.4907,257.311,17.8638],"carpPosition":[15.8313,291.087,55.8368],"dipPosition":[12.1613,256.434,0.730574],"direction":[-0.337838,-0.491577,0.802632],"extended":false,"handId":506,"id":5064,"length":50.5107,"mcpPosition":[31.2679,295.485,0.117392],"pipPosition":[18.769,266.049,-14.9679],"stabilizedTipPosition":[6.33628,249.445,30.114],"timeVisible":131.525,"tipPosition":[10.9177,257.003,12.9659],"tipVelocity":[39.9383,-0.677176,-35.0071],"tool":false,"touchDistance":0.333333,"touchZone":"none","type":4,"width":16.0574}],"r":[[0.776802,-0.0350252,0.62877],[0.626976,0.136542,-0.766979],[-0.05899,0.990015,0.128026]],"s":1.28451,"t":[7.16068,34.3475,4.58711],"timestamp":97945998496},false],[2,{"currentFrameRate":105.443,"devices":[],"gestures":[],"hands":[{"armBasis":[[0.971977,0.0928993,-0.215942],[0.0490703,0.818185,0.572858],[0.229898,-0.567401,0.790698]],"armWidth":63.72,"confidence":0.677446,"direction":[0.0152934,0.204376,-0.978773],"elbow":[62.3082,135.247,277.303],"grabStrength":0,"id":506,"palmNormal":[-0.0598883,-0.976943,-0.20493],"palmPosition":[-6.80546,295.732,10.0555],"palmVelocity":[19.8278,-12.8877,-44.7255],"palmWidth":90.99,"pinchStrength":0.635334,"r":[[0.77571,-0.0321576,0.630269],[0.627854,0.140314,-0.765579],[-0.0638164,0.989585,0.129033]],"s":1.28473,"sphereCenter":[-35.8867,279.473,-18.453],"sphereRadius":52.8955,"stabilizedPalmPosition":[-8.75851,295.706,15.7201],"t":[7.33512,34.2322,4.20617],"timeVisible":131.534,"type":"right","wrist":[0.235582,288.445,63.8151]}],"id":1812215,"interactionBox":{"center":[0,200,0],"size":[235.247,235.247,147.751]},"pointables":[{"bases":[[[0.458178,0.888836,-0.00660879],[-0.782441,0.406839,0.471454],[0.421734,-0.210839,0.881866]],[[0.399266,0.908741,-0.121558],[-0.910478,0.377411,-0.169089],[-0.10778,0.178187,0.978076]],[[0.399266,0.908741,-0.121558],[-0.834051,0.304953,-0.459742],[-0.380717,0.284945,0.879694]],[[0.399266,0.908741,-0.121558],[-0.618956,0.169354,-0.76695],[-0.676373,0.381456,0.630088]]],"btipPosition":[5.27336,251.418,-28.6891],"carpPosition":[-28.9171,278.955,64.8742],"dipPosition":[-10.5562,260.345,-13.9427],"direction":[0.380717,-0.284945,-0.879694],"extended":false,"handId":506,"id":5060,"length":52.1164,"mcpPosition":[-28.9171,278.955,64.8742],"pipPosition":[-23.537,270.061,16.051],"stabilizedTipPosition":[-1.92049,253.47,-22.3693],"timeVisible":131.534,"tipPosition":[1.66897,253.493,-25.4311],"tipVelocity":[54.7412,-7.6633,-38.6572],"tool":false,"touchDistance":-0.331546,"touchZone":"touching","type":0,"width":20.25},{"bases":[[[0.986487,-0.0265593,-0.161675],[0.0366031,0.997559,0.0594647],[0.159701,-0.064579,0.985051]],[[0.998552,-0.0388573,0.0372042],[0.0162482,0.877121,0.479995],[-0.0512839,-0.478696,0.876482]],[[0.998552,-0.0388573,0.0372042],[0.0249768,0.947388,0.319112],[-0.0476466,-0.31772,0.946987]],[[0.998552,-0.0388573,0.0372042],[0.0322961,0.986084,0.163079],[-0.0430232,-0.161641,0.985911]]],"btipPosition":[-27.1917,335.505,-91.4298],"carpPosition":[-19.5325,299.747,58.4297],"dipPosition":[-27.9268,332.743,-74.5849],"direction":[0.0476466,0.31772,-0.946987],"extended":true,"handId":506,"id":5061,"length":58.8075,"mcpPosition":[-31.2817,304.498,-14.0401],"pipPosition":[-29.0784,325.064,-51.6959],"stabilizedTipPosition":[-29.8404,335.235,-82.6066],"timeVisible":131.534,"tipPosition":[-27.628,335.287,-87.3547],"tipVelocity":[22.5832,-19.3314,-47.5738],"tool":false,"touchDistance":-0.334607,"touchZone":"touching","type":1,"width":19.3428},{"bases":[[[0.978202,-0.204708,-0.0348573],[0.206351,0.977048,0.0528877],[0.0232307,-0.0589277,0.997992]],[[0.978463,-0.206341,-0.00569542],[0.07626,0.386986,-0.918927],[0.191817,0.898702,0.394387]],[[0.978463,-0.206341,-0.00569542],[-0.174558,-0.81239,-0.556374],[0.110176,0.545386,-0.830913]],[[0.978463,-0.206341,-0.00569542],[-0.205244,-0.975458,0.0797331],[-0.0220079,-0.076847,-0.9968]]],"btipPosition":[-21.1339,247.888,9.70381],"carpPosition":[-7.54805,301.16,55.9813],"dipPosition":[-21.5475,246.444,-9.02806],"direction":[-0.110176,-0.545386,0.830913],"extended":false,"handId":506,"id":5062,"length":67.0064,"mcpPosition":[-9.16881,305.271,-13.6466],"pipPosition":[-18.4145,261.953,-32.6562],"stabilizedTipPosition":[-29.2155,235.801,30.9368],"timeVisible":131.534,"tipPosition":[-21.2793,247.37,4.33127],"tipVelocity":[46.1381,-18.8075,-45.9884],"tool":false,"touchDistance":0.333333,"touchZone":"none","type":2,"width":18.9972},{"bases":[[[0.952601,-0.284216,0.108498],[0.276347,0.957549,0.082049],[-0.127212,-0.0481768,0.990705]],[[0.956686,-0.282219,0.0714398],[0.165309,0.324636,-0.931281],[0.239634,0.902753,0.357228]],[[0.956686,-0.282219,0.0714398],[-0.204719,-0.826652,-0.524152],[0.206982,0.486824,-0.848623]],[[0.956686,-0.282219,0.0714398],[-0.287988,-0.953357,0.0904019],[0.0425945,-0.10706,-0.99334]]],"btipPosition":[-4.69082,250.782,18.8336],"carpPosition":[4.577,299.585,54.7841],"dipPosition":[-3.89498,248.782,0.274045],"direction":[-0.206982,-0.486824,0.848623],"extended":false,"handId":506,"id":5063,"length":64.4285,"mcpPosition":[12.5456,302.603,-7.2737],"pipPosition":[1.83883,262.268,-23.2345],"stabilizedTipPosition":[-9.36034,245.337,25.7007],"timeVisible":131.534,"tipPosition":[-4.49933,250.116,13.5123],"tipVelocity":[42.3593,-9.4922,-37.9056],"tool":false,"touchDistance":0.333333,"touchZone":"none","type":3,"width":18.077},{"bases":[[[0.872633,-0.442163,0.207374],[0.408815,0.893643,0.185128],[-0.267175,-0.0767707,0.960585]],[[0.894882,-0.432333,0.110791],[0.277161,0.343769,-0.897221],[0.349812,0.833613,0.427458]],[[0.894882,-0.432333,0.110791],[-0.292072,-0.755003,-0.587081],[0.337462,0.493009,-0.801911]],[[0.894882,-0.432333,0.110791],[-0.435247,-0.900308,0.00235761],[0.0987266,-0.0503311,-0.993841]]],"btipPosition":[10.7755,257.272,17.575],"carpPosition":[15.9545,291.071,55.5743],"dipPosition":[12.4773,256.404,0.444393],"direction":[-0.337462,-0.493009,0.801911],"extended":false,"handId":506,"id":5064,"length":50.5107,"mcpPosition":[31.4467,295.523,-0.125435],"pipPosition":[19.0776,266.047,-15.24],"stabilizedTipPosition":[6.45378,249.631,29.7132],"timeVisible":131.534,"tipPosition":[11.2123,256.97,12.7071],"tipVelocity":[37.8598,-1.61593,-34.1686],"tool":false,"touchDistance":0.333333,"touchZone":"none","type":4,"width":16.0574}],"r":[[0.77571,-0.0321576,0.630269],[0.627854,0.140314,-0.765579],[-0.0638164,0.989585,0.129033]],"s":1.28473,"t":[7.33512,34.2322,4.20617],"timestamp":97946007514},false],[3,{"currentFrameRate":105.439,"devices":[],"gestures":[],"hands":[{"armBasis":[[0.972274,0.0949468,-0.213703],[0.0461091,0.818083,0.573248],[0.229255,-0.567208,0.791023]],"armWidth":63.72,"confidence":0.680748,"direction":[0.016136,0.204323,-0.978771],"elbow":[62.1663,135.246,277.202],"grabStrength":0,"id":506,"palmNormal":[-0.0570481,-0.977115,-0.204917],"palmPosition":[-6.71705,295.655,9.85542],"palmVelocity":[16.809,-11.5051,-37.9343],"palmWidth":90.99,"pinchStrength":0.635916,"r":[[0.774663,-0.0294516,0.631688],[0.628682,0.143647,-0.76428],[-0.0682307,0.989191,0.129794]],"s":1.28494,"sphereCenter":[-35.6014,279.284,-18.6788],"sphereRadius":52.838,"stabilizedPalmPosition":[-8.74933,295.706,15.6937],"t":[7.46655,34.1362,3.91568],"timeVisible":131.544,"type":"right","wrist":[0.2674,288.392,63.6256]}],"id":1812216,"interactionBox":{"center":[0,200,0],"size":[235.247,235.247,147.751]},"pointables":[{"bases":[[[0.455864,0.890029,-0.00605214],[-0.784163,0.404838,0.470313],[0.421043,-0.209653,0.882479]],[[0.397137,0.909755,-0.120947],[-0.911157,0.375062,-0.17065],[-0.109887,0.177973,0.977881]],[[0.397137,0.909755,-0.120947],[-0.834379,0.303023,-0.460422],[-0.382222,0.283767,0.879422]],[[0.397137,0.909755,-0.120947],[-0.613949,0.165399,-0.771823],[-0.682165,0.380775,0.624229]]],"btipPosition":[5.6206,251.356,-28.7624],"carpPosition":[-28.8619,278.826,64.6446],"dipPosition":[-10.3445,260.267,-14.1532],"direction":[0.382222,-0.283767,-0.879422],"extended":false,"handId":506,"id":5060,"length":52.1164,"mcpPosition":[-28.8619,278.826,64.6446],"pipPosition":[-23.3766,269.942,15.8312],"stabilizedTipPosition":[-1.61346,253.465,-22.61],"timeVisible":131.544,"tipPosition":[1.95579,253.43,-25.558],"tipVelocity":[48.5843,-7.45982,-30.7306],"tool":false,"touchDistance":-0.328299,"touchZone":"touching","type":0,"width":20.25},{"bases":[[[0.986779,-0.0239978,-0.160285],[0.0339137,0.997657,0.0594179],[0.158484,-0.0640682,0.985281]],[[0.998583,-0.036265,0.0389501],[0.0131654,0.87747,0.479451],[-0.0515648,-0.478259,0.876704]],[[0.998583,-0.036265,0.0389501],[0.0219767,0.947563,0.318812],[-0.0484693,-0.317504,0.947017]],[[0.998583,-0.036265,0.0389501],[0.0294541,0.986176,0.163063],[-0.0443251,-0.161684,0.985847]]],"btipPosition":[-27.038,335.339,-91.6743],"carpPosition":[-19.5226,299.642,58.2113],"dipPosition":[-27.7953,332.576,-74.8305],"direction":[0.0484693,0.317504,-0.947017],"extended":true,"handId":506,"id":5061,"length":58.8075,"mcpPosition":[-31.1822,304.355,-14.2754],"pipPosition":[-28.9668,324.902,-51.9407],"stabilizedTipPosition":[-29.8207,335.231,-82.6456],"timeVisible":131.544,"tipPosition":[-27.4828,335.119,-87.6008],"tipVelocity":[20.594,-18.8116,-41.3166],"tool":false,"touchDistance":-0.333151,"touchZone":"touching","type":1,"width":19.3428},{"bases":[[[0.978782,-0.202155,-0.0334617],[0.203723,0.977588,0.0530815],[0.0219811,-0.0587722,0.998029]],[[0.979006,-0.203785,-0.00430319],[0.0765378,0.387099,-0.918856],[0.188915,0.899236,0.394569]],[[0.979006,-0.203785,-0.00430319],[-0.171655,-0.812897,-0.556537],[0.109916,0.545592,-0.830812]],[[0.979006,-0.203785,-0.00430319],[-0.202806,-0.975983,0.079544],[-0.0204097,-0.0770013,-0.996822]]],"btipPosition":[-20.9198,247.774,9.4883],"carpPosition":[-7.53839,301.085,55.7796],"dipPosition":[-21.3034,246.327,-9.24399],"direction":[-0.109916,-0.545592,0.830812],"extended":false,"handId":506,"id":5062,"length":67.0064,"mcpPosition":[-9.07197,305.186,-13.8509],"pipPosition":[-18.1778,261.842,-32.8693],"stabilizedTipPosition":[-29.1347,235.916,30.6832],"timeVisible":131.544,"tipPosition":[-21.0563,247.256,4.11745],"tipVelocity":[39.5746,-16.8705,-39.3054],"tool":false,"touchDistance":0.333333,"touchZone":"none","type":2,"width":18.9972},{"bases":[[[0.953187,-0.281716,0.109866],[0.273729,0.958275,0.0823431],[-0.128479,-0.048415,0.99053]],[[0.957306,-0.279721,0.0729479],[0.165043,0.321692,-0.932349],[0.237331,0.904583,0.354123]],[[0.957306,-0.279721,0.0729479],[-0.202547,-0.829094,-0.521132],[0.206252,0.484107,-0.850353]],[[0.957306,-0.279721,0.0729479],[-0.28576,-0.953811,0.0926578],[0.0436602,-0.109547,-0.993022]]],"btipPosition":[-4.49286,250.795,18.8408],"carpPosition":[4.5924,299.542,54.5996],"dipPosition":[-3.67711,248.748,0.2872],"direction":[-0.206252,-0.484107,0.850353],"extended":false,"handId":506,"id":5063,"length":64.4285,"mcpPosition":[12.6403,302.575,-7.44719],"pipPosition":[2.03648,262.159,-23.2693],"stabilizedTipPosition":[-9.2327,245.463,25.4197],"timeVisible":131.544,"tipPosition":[-4.29567,250.106,13.5132],"tipVelocity":[36.3231,-6.71921,-26.7602],"tool":false,"touchDistance":0.333333,"touchZone":"none","type":3,"width":18.077},{"bases":[[[0.873492,-0.439863,0.208644],[0.406219,0.894725,0.185614],[-0.268324,-0.0773772,0.960216]],[[0.895823,-0.430003,0.112244],[0.277956,0.345057,-0.89648],[0.346758,0.834286,0.428632]],[[0.895823,-0.430003,0.112244],[-0.28893,-0.755433,-0.588081],[0.337669,0.494386,-0.800975]],[[0.895823,-0.430003,0.112244],[-0.43287,-0.901455,0.0013114],[0.100619,-0.0497617,-0.99368]]],"btipPosition":[10.95,257.234,17.3662],"carpPosition":[15.991,291.058,55.4067],"dipPosition":[12.6843,256.376,0.238353],"direction":[-0.337669,-0.494386,0.800975],"extended":false,"handId":506,"id":5064,"length":50.5107,"mcpPosition":[31.5498,295.545,-0.271664],"pipPosition":[19.2887,266.045,-15.4278],"stabilizedTipPosition":[6.56171,249.794,29.3541],"timeVisible":131.544,"tipPosition":[11.3955,256.94,12.5395],"tipVelocity":[32.4923,-2.23966,-30.6552],"tool":false,"touchDistance":0.333333,"touchZone":"none","type":4,"width":16.0574}],"r":[[0.774663,-0.0294516,0.631688],[0.628682,0.143647,-0.76428],[-0.0682307,0.989191,0.129794]],"s":1.28494,"t":[7.46655,34.1362,3.91568],"timestamp":97946017005},false],[4,{"currentFrameRate":105.403,"devices":[],"gestures":[],"hands":[{"armBasis":[[0.972453,0.0975229,-0.211719],[0.0428273,0.818064,0.573531],[0.229132,-0.566799,0.791352]],"armWidth":63.72,"confidence":0.682944,"direction":[0.0176859,0.204395,-0.978729],"elbow":[62.0908,135.319,277.068],"grabStrength":0,"id":506,"palmNormal":[-0.0541497,-0.977249,-0.205064],"palmPosition":[-6.66417,295.602,9.61797],"palmVelocity":[13.5527,-9.80678,-34.1556],"palmWidth":90.99,"pinchStrength":0.636747,"r":[[0.773562,-0.0269047,0.63315],[0.629581,0.146637,-0.762971],[-0.0723158,0.988824,0.130372]],"s":1.2851,"sphereCenter":[-35.3008,279.108,-18.9622],"sphereRadius":52.7598,"stabilizedPalmPosition":[-8.74148,295.705,15.6709],"t":[7.5587,34.0614,3.65171],"timeVisible":131.553,"type":"right","wrist":[0.22509,288.354,63.4026]}],"id":1812217,"interactionBox":{"center":[0,200,0],"size":[235.247,235.247,147.751]},"pointables":[{"bases":[[[0.453628,0.891177,-0.00506538],[-0.786173,0.402843,0.468669],[0.419707,-0.208619,0.88336]],[[0.395049,0.910767,-0.120168],[-0.911755,0.372703,-0.172612],[-0.112422,0.177754,0.977632]],[[0.395049,0.910767,-0.120168],[-0.834574,0.301134,-0.461307],[-0.383957,0.282528,0.879065]],[[0.395049,0.910767,-0.120168],[-0.608674,0.161521,-0.776806],[-0.688079,0.380019,0.618168]]],"btipPosition":[5.92457,251.315,-28.8808],"carpPosition":[-28.882,278.715,64.3599],"dipPosition":[-10.179,260.209,-14.4134],"direction":[0.383957,-0.282528,-0.879065],"extended":false,"handId":506,"id":5060,"length":52.1164,"mcpPosition":[-28.882,278.715,64.3599],"pipPosition":[-23.2702,269.842,15.5588],"stabilizedTipPosition":[-1.31,253.457,-22.843],"timeVisible":131.553,"tipPosition":[2.21126,253.391,-25.7273],"tipVelocity":[42.7783,-6.65396,-26.4188],"tool":false,"touchDistance":-0.326067,"touchZone":"touching","type":0,"width":20.25},{"bases":[[[0.987172,-0.0215024,-0.158203],[0.0312707,0.997737,0.0595169],[0.156565,-0.0637006,0.985611]],[[0.998567,-0.0337729,0.0415105],[0.00979583,0.87795,0.478652],[-0.0526096,-0.47756,0.877023]],[[0.998567,-0.0337729,0.0415105],[0.018829,0.947834,0.318209],[-0.0500918,-0.316972,0.947111]],[[0.998567,-0.0337729,0.0415105],[0.0265942,0.986314,0.162719],[-0.0464378,-0.161382,0.985799]]],"btipPosition":[-26.8358,335.176,-91.9782],"carpPosition":[-19.5817,299.554,57.9468],"dipPosition":[-27.6292,332.419,-75.1352],"direction":[0.0500918,0.316972,-0.947111],"extended":true,"handId":506,"id":5061,"length":58.8075,"mcpPosition":[-31.1002,304.24,-14.5642],"pipPosition":[-28.8399,324.757,-52.2432],"stabilizedTipPosition":[-29.8003,335.226,-82.6854],"timeVisible":131.553,"tipPosition":[-27.2927,334.963,-87.9033],"tipVelocity":[20.5064,-18.2627,-38.5765],"tool":false,"touchDistance":-0.332731,"touchZone":"touching","type":1,"width":19.3428},{"bases":[[[0.979357,-0.199684,-0.0314016],[0.201143,0.978098,0.0535385],[0.0200231,-0.0587495,0.998072]],[[0.979524,-0.201314,-0.00224644],[0.0774965,0.387323,-0.918681],[0.185813,0.899697,0.394993]],[[0.979524,-0.201314,-0.00224644],[-0.16843,-0.813309,-0.55692],[0.110289,0.545895,-0.830563]],[[0.979524,-0.201314,-0.00224644],[-0.20051,-0.976494,0.079092],[-0.018116,-0.0770221,-0.996865]]],"btipPosition":[-20.7452,247.685,9.21951],"carpPosition":[-7.59613,301.028,55.5405],"dipPosition":[-21.0856,246.238,-9.51357],"direction":[-0.110289,-0.545895,0.830563],"extended":false,"handId":506,"id":5062,"length":67.0064,"mcpPosition":[-8.9931,305.127,-14.093],"pipPosition":[-17.9494,261.761,-33.1318],"stabilizedTipPosition":[-29.0567,236.023,30.4415],"timeVisible":131.553,"tipPosition":[-20.869,247.167,3.85017],"tipVelocity":[33.7245,-14.7006,-36.0835],"tool":false,"touchDistance":0.333333,"touchZone":"none","type":2,"width":18.9972},{"bases":[[[0.953661,-0.279314,0.111869],[0.271136,0.95896,0.0829472],[-0.130446,-0.0487718,0.990255]],[[0.957841,-0.277314,0.0750817],[0.165553,0.319181,-0.933121],[0.234803,0.906212,0.351635]],[[0.957841,-0.277314,0.0750817],[-0.200005,-0.831246,-0.518679],[0.206248,0.481795,-0.851666]],[[0.957841,-0.277314,0.0750817],[-0.283674,-0.95427,0.0943325],[0.0454885,-0.111654,-0.992705]]],"btipPosition":[-4.34214,250.821,18.7861],"carpPosition":[4.54098,299.516,54.386],"dipPosition":[-3.49224,248.735,0.238387],"direction":[-0.206248,-0.481795,0.851666],"extended":false,"handId":506,"id":5063,"length":64.4285,"mcpPosition":[12.7121,302.571,-7.64355],"pipPosition":[2.22125,262.082,-23.3545],"stabilizedTipPosition":[-9.11244,245.579,25.162],"timeVisible":131.553,"tipPosition":[-4.13521,250.115,13.4605],"tipVelocity":[30.6258,-4.25773,-20.645],"tool":false,"touchDistance":0.333333,"touchZone":"none","type":3,"width":18.077},{"bases":[[[0.874157,-0.437664,0.210475],[0.403567,0.895741,0.186496],[-0.270154,-0.0780857,0.959645]],[[0.896685,-0.427732,0.114023],[0.279121,0.346395,-0.895601],[0.343581,0.834899,0.429996]],[[0.896685,-0.427732,0.114023],[-0.28561,-0.755815,-0.589212],[0.338206,0.495771,-0.799892]],[[0.896685,-0.427732,0.114023],[-0.430543,-0.90257,0.0000253445],[0.102903,-0.0491147,-0.993478]]],"btipPosition":[11.0868,257.217,17.1367],"carpPosition":[15.9592,291.06,55.2169],"dipPosition":[12.8605,256.37,0.012283],"direction":[-0.338206,-0.495771,0.799892],"extended":false,"handId":506,"id":5064,"length":50.5107,"mcpPosition":[31.6241,295.588,-0.42833],"pipPosition":[19.4754,266.067,-15.6326],"stabilizedTipPosition":[6.65417,249.93,29.0513],"timeVisible":131.553,"tipPosition":[11.5411,256.931,12.3438],"tipVelocity":[27.517,-2.02164,-28.7159],"tool":false,"touchDistance":0.333333,"touchZone":"none","type":4,"width":16.0574}],"r":[[0.773562,-0.0269047,0.63315],[0.629581,0.146637,-0.762971],[-0.0723158,0.988824,0.130372]],"s":1.2851,"t":[7.5587,34.0614,3.65171],"timestamp":97946026560},false],[5,{"currentFrameRate":105.835,"devices":[],"gestures":[],"hands":[{"armBasis":[[0.972503,0.106107,-0.207315],[0.0331403,0.818072,0.57416],[0.230521,-0.565243,0.792061]],"armWidth":63.72,"confidence":0.666776,"direction":[0.0210263,0.206952,-0.978125],"elbow":[62.3929,135.675,276.774],"grabStrength":0,"id":506,"palmNormal":[-0.0449655,-0.977156,-0.207714],"palmPosition":[-6.51987,295.613,9.11617],"palmVelocity":[14.384,-6.85278,-40.4897],"palmWidth":90.99,"pinchStrength":0.637725,"r":[[0.772056,-0.0238982,0.635104],[0.630828,0.150451,-0.761197],[-0.0773611,0.988329,0.131233]],"s":1.28534,"sphereCenter":[-34.6803,278.888,-19.6285],"sphereRadius":52.6604,"stabilizedPalmPosition":[-8.73542,295.705,15.653],"t":[7.67693,34.0297,3.26883],"timeVisible":131.562,"type":"right","wrist":[0.152313,288.29,62.9179]}],"id":1812218,"interactionBox":{"center":[0,200,0],"size":[235.247,235.247,147.751]},"pointables":[{"bases":[[[0.446223,0.894922,-0.000556015],[-0.791898,0.395143,0.465574],[0.416872,-0.207309,0.885009]],[[0.387959,0.914331,-0.11613],[-0.914,0.365434,-0.176245],[-0.118709,0.174518,0.977472]],[[0.387959,0.914331,-0.11613],[-0.835057,0.29537,-0.464152],[-0.390087,0.277047,0.87811]],[[0.387959,0.914331,-0.11613],[-0.60227,0.156115,-0.782879],[-0.697681,0.373666,0.611241]]],"btipPosition":[6.67595,251.505,-29.3367],"carpPosition":[-28.8782,278.407,63.7013],"dipPosition":[-9.65229,260.25,-15.0315],"direction":[0.390087,-0.277047,-0.87811],"extended":false,"handId":506,"id":5060,"length":52.1164,"mcpPosition":[-28.8782,278.407,63.7013],"pipPosition":[-22.9525,269.696,14.9082],"stabilizedTipPosition":[-1.00741,253.461,-23.0721],"timeVisible":131.562,"tipPosition":[2.90118,253.553,-26.237],"tipVelocity":[52.8972,-0.122211,-34.542],"tool":false,"touchDistance":-0.329191,"touchZone":"touching","type":0,"width":20.25},{"bases":[[[0.988119,-0.0129152,-0.153148],[0.0226668,0.997813,0.0621001],[0.152011,-0.0648337,0.98625]],[[0.998557,-0.0256207,0.047191],[-0.000153417,0.877467,0.479637],[-0.0536972,-0.478952,0.876197]],[[0.998557,-0.0256207,0.047191],[0.00922019,0.947588,0.319362],[-0.0528999,-0.318466,0.946457]],[[0.998557,-0.0256207,0.047191],[0.0175532,0.986296,0.164051],[-0.0507474,-0.162986,0.985322]]],"btipPosition":[-26.4494,335.167,-92.5256],"carpPosition":[-19.7186,299.339,57.3871],"dipPosition":[-27.3164,332.383,-75.6908],"direction":[0.0528999,0.318466,-0.946457],"extended":true,"handId":506,"id":5061,"length":58.8075,"mcpPosition":[-30.902,304.108,-15.171],"pipPosition":[-28.595,324.685,-52.8145],"stabilizedTipPosition":[-29.7808,335.221,-82.7223],"timeVisible":131.562,"tipPosition":[-26.9314,334.963,-88.4473],"tipVelocity":[26.403,-13.8753,-45.1932],"tool":false,"touchDistance":-0.33603,"touchZone":"touching","type":1,"width":19.3428},{"bases":[[[0.981132,-0.191468,-0.0268219],[0.192726,0.979599,0.0569524],[0.0153702,-0.0610471,0.998017]],[[0.981163,-0.193169,0.00233132],[0.0790075,0.390232,-0.917321],[0.176288,0.900225,0.398143]],[[0.981163,-0.193169,0.00233132],[-0.158789,-0.813295,-0.559765],[0.110025,0.548851,-0.828648]],[[0.981163,-0.193169,0.00233132],[-0.192789,-0.978318,0.0756762],[-0.0123375,-0.0747001,-0.99713]]],"btipPosition":[-20.1998,247.582,8.52789],"carpPosition":[-7.73342,300.918,55.0463],"dipPosition":[-20.4316,246.179,-10.2102],"direction":[-0.110025,-0.548851,0.828648],"extended":false,"handId":506,"id":5062,"length":67.0064,"mcpPosition":[-8.80577,305.177,-14.5833],"pipPosition":[-17.3029,261.786,-33.7739],"stabilizedTipPosition":[-28.9865,236.113,30.2323],"timeVisible":131.562,"tipPosition":[-20.2915,247.077,3.16089],"tipVelocity":[42.2765,-13.6469,-47.7669],"tool":false,"touchDistance":0.333333,"touchZone":"none","type":2,"width":18.9972},{"bases":[[[0.955361,-0.271663,0.11612],[0.262722,0.96097,0.0866761],[-0.135135,-0.0522996,0.989446]],[[0.959664,-0.269568,0.0798576],[0.16708,0.318375,-0.933125],[0.226116,0.908829,0.350572]],[[0.959664,-0.269568,0.0798576],[-0.191213,-0.834032,-0.51752],[0.206111,0.481376,-0.851936]],[[0.959664,-0.269568,0.0798576],[-0.276465,-0.956438,0.0937732],[0.0511006,-0.112069,-0.992386]]],"btipPosition":[-3.88074,250.938,18.4507],"carpPosition":[4.42163,299.509,53.9509],"dipPosition":[-2.92598,248.844,-0.0910488],"direction":[-0.206111,-0.481376,0.851936],"extended":false,"handId":506,"id":5063,"length":64.4285,"mcpPosition":[12.8865,302.785,-8.02796],"pipPosition":[2.7837,262.179,-23.6914],"stabilizedTipPosition":[-9.00204,245.677,24.9397],"timeVisible":131.562,"tipPosition":[-3.63987,250.219,13.1069],"tipVelocity":[37.3973,0.411845,-25.4167],"tool":false,"touchDistance":0.333333,"touchZone":"none","type":3,"width":18.077},{"bases":[[[0.87667,-0.430911,0.213929],[0.39514,0.898597,0.190754],[-0.274434,-0.0826967,0.958043]],[[0.899652,-0.420526,0.117405],[0.280173,0.349812,-0.893943],[0.334857,0.837131,0.432529]],[[0.899652,-0.420526,0.117405],[-0.276877,-0.757423,-0.591312],[0.337587,0.499468,-0.797851]],[[0.899652,-0.420526,0.117405],[-0.423095,-0.906079,-0.00333983],[0.107782,-0.0466686,-0.993079]]],"btipPosition":[11.5175,257.377,16.6966],"carpPosition":[15.9053,291.147,54.8203],"dipPosition":[13.3754,256.573,-0.420904],"direction":[-0.337587,-0.499468,0.797851],"extended":false,"handId":506,"id":5064,"length":50.5107,"mcpPosition":[31.8184,295.942,-0.732018],"pipPosition":[19.9782,266.342,-16.0259],"stabilizedTipPosition":[6.73317,250.038,28.808],"timeVisible":131.562,"tipPosition":[11.9931,257.101,11.9104],"tipVelocity":[34.0277,3.74465,-34.551],"tool":false,"touchDistance":0.333333,"touchZone":"none","type":4,"width":16.0574}],"r":[[0.772056,-0.0238982,0.635104],[0.630828,0.150451,-0.761197],[-0.0773611,0.988329,0.131233]],"s":1.28534,"t":[7.67693,34.0297,3.26883],"timestamp":97946035209},false],[6,{"currentFrameRate":105.831,"devices":[],"gestures":[],"hands":[{"armBasis":[[0.972684,0.112778,-0.202897],[0.0249445,0.818211,0.574377],[0.230789,-0.563748,0.793047]],"armWidth":63.72,"confidence":0.667269,"direction":[0.0238676,0.209447,-0.977529],"elbow":[62.4491,135.965,276.629],"grabStrength":0,"id":506,"palmNormal":[-0.0371771,-0.976945,-0.210229],"palmPosition":[-6.35112,295.582,8.69321],"palmVelocity":[15.3744,-5.83451,-41.7024],"palmWidth":90.99,"pinchStrength":0.638288,"r":[[0.770307,-0.0207208,0.637336],[0.632261,0.154757,-0.759142],[-0.0829022,0.987735,0.132311]],"s":1.28556,"sphereCenter":[-34.122,278.687,-20.203],"sphereRadius":52.5845,"stabilizedPalmPosition":[-8.72978,295.705,15.6365],"t":[7.82041,33.9982,2.86591],"timeVisible":131.571,"type":"right","wrist":[0.135932,288.177,62.5063]}],"id":1812219,"interactionBox":{"center":[0,200,0],"size":[235.247,235.247,147.751]},"pointables":[{"bases":[[[0.439914,0.898033,0.00353664],[-0.796697,0.38845,0.463013],[0.414427,-0.206504,0.886344]],[[0.381942,0.917326,-0.112401],[-0.915821,0.359349,-0.179276],[-0.124063,0.171412,0.977357]],[[0.381942,0.917326,-0.112401],[-0.835371,0.290651,-0.466559],[-0.395318,0.272095,0.877319]],[[0.381942,0.917326,-0.112401],[-0.598089,0.15262,-0.786763],[-0.704564,0.367723,0.606935]]],"btipPosition":[7.33336,251.649,-29.7663],"carpPosition":[-28.8275,278.088,63.1382],"dipPosition":[-9.15597,260.255,-15.5618],"direction":[0.395318,-0.272095,-0.877319],"extended":false,"handId":506,"id":5060,"length":52.1164,"mcpPosition":[-28.8275,278.088,63.1382],"pipPosition":[-22.6346,269.532,14.3509],"stabilizedTipPosition":[-0.654911,253.474,-23.3377],"timeVisible":131.571,"tipPosition":[3.52148,253.669,-26.6951],"tipVelocity":[56.5335,3.3031,-38.3605],"tool":false,"touchDistance":-0.331397,"touchZone":"touching","type":0,"width":20.25},{"bases":[[[0.988849,-0.00560576,-0.148819],[0.0153738,0.997795,0.064568],[0.148129,-0.0661359,0.986754]],[[0.998467,-0.0187541,0.052078],[-0.00862134,0.876679,0.480999],[-0.0546764,-0.480711,0.875173]],[[0.998467,-0.0187541,0.052078],[0.00104937,0.947097,0.320946],[-0.0553419,-0.320399,0.945665]],[[0.998467,-0.0187541,0.052078],[0.00987196,0.986103,0.165841],[-0.0544644,-0.165073,0.984776]]],"btipPosition":[-26.0682,335.181,-92.9631],"carpPosition":[-19.7877,299.098,56.9141],"dipPosition":[-26.9988,332.361,-76.1376],"direction":[0.0553419,0.320399,-0.945665],"extended":true,"handId":506,"id":5061,"length":58.8075,"mcpPosition":[-30.6854,303.964,-15.681],"pipPosition":[-28.3364,324.617,-53.2805],"stabilizedTipPosition":[-29.7581,335.217,-82.7636],"timeVisible":131.571,"tipPosition":[-26.5729,334.969,-88.887],"tipVelocity":[29.9402,-9.73635,-45.5655],"tool":false,"touchDistance":-0.337355,"touchZone":"touching","type":1,"width":19.3428},{"bases":[[[0.982563,-0.184506,-0.0229485],[0.185577,0.980788,0.0601272],[0.0114138,-0.0633375,0.997927]],[[0.982478,-0.186277,0.00620235],[0.0802942,0.392993,-0.916029],[0.168198,0.900476,0.401064]],[[0.982478,-0.186277,0.00620235],[-0.150601,-0.813035,-0.5624],[0.109805,0.551611,-0.826842]],[[0.982478,-0.186277,0.00620235],[-0.186233,-0.979828,0.0724949],[-0.00742692,-0.0723797,-0.997349]]],"btipPosition":[-19.6902,247.458,7.92982],"carpPosition":[-7.80377,300.768,54.63],"dipPosition":[-19.8298,246.097,-10.8124],"direction":[-0.109805,-0.551611,0.826842],"extended":false,"handId":506,"id":5062,"length":67.0064,"mcpPosition":[-8.60009,305.187,-14.9934],"pipPosition":[-16.7073,261.783,-34.3248],"stabilizedTipPosition":[-28.9104,236.204,30.0138],"timeVisible":131.571,"tipPosition":[-19.7545,246.965,2.56584],"tipVelocity":[46.2432,-13.2113,-52.2261],"tool":false,"touchDistance":0.333333,"touchZone":"none","type":2,"width":18.9972},{"bases":[[[0.956729,-0.265224,0.119688],[0.255572,0.962581,0.0901151],[-0.13911,-0.0556269,0.988713]],[[0.961172,-0.263015,0.0834963],[0.168984,0.321795,-0.931607],[0.218158,0.909545,0.353745]],[[0.961172,-0.263015,0.0834963],[-0.183043,-0.834107,-0.520347],[0.206504,0.484859,-0.849863]],[[0.961172,-0.263015,0.0834963],[-0.270148,-0.958577,0.0902827],[0.0562919,-0.109334,-0.99241]]],"btipPosition":[-3.44011,250.905,17.9318],"carpPosition":[4.36558,299.447,53.5849],"dipPosition":[-2.38835,248.862,-0.610381],"direction":[-0.206504,-0.484859,0.849863],"extended":false,"handId":506,"id":5063,"length":64.4285,"mcpPosition":[13.0794,302.932,-8.34809],"pipPosition":[3.33222,262.294,-24.1533],"stabilizedTipPosition":[-8.88516,245.773,24.7127],"timeVisible":131.571,"tipPosition":[-3.17029,250.201,12.5964],"tipVelocity":[40.7057,-0.360884,-33.8518],"tool":false,"touchDistance":0.333333,"touchZone":"none","type":3,"width":18.077},{"bases":[[[0.878731,-0.425255,0.21677],[0.387967,0.90089,0.194628],[-0.278053,-0.0869261,0.956625]],[[0.902125,-0.414435,0.120055],[0.279987,0.350573,-0.893703],[0.328294,0.839846,0.432297]],[[0.902125,-0.414435,0.120055],[-0.270505,-0.760011,-0.590941],[0.33615,0.500627,-0.797732]],[[0.902125,-0.414435,0.120055],[-0.416952,-0.908917,-0.00453923],[0.111001,-0.0459623,-0.992757]]],"btipPosition":[11.9306,257.508,16.444],"carpPosition":[15.9039,291.164,54.4851],"dipPosition":[13.8439,256.716,-0.667992],"direction":[-0.33615,-0.500627,0.797732],"extended":false,"handId":506,"id":5064,"length":50.5107,"mcpPosition":[32.0268,296.204,-0.984976],"pipPosition":[20.4186,266.508,-16.2707],"stabilizedTipPosition":[6.8177,250.147,28.5636],"timeVisible":131.