{"sensorType":"Leap","data":[[0,{"currentFrameRate":108.064,"devices":[],"gestures":[],"hands":[{"armBasis":[[0.951935,0.213879,-0.21926],[-0.0374372,0.791713,0.609745],[0.304003,-0.572229,0.761667]],"armWidth":63.72,"confidence":0.67004,"direction":[0.113299,0.165603,-0.979663],"elbow":[73.2294,101.462,267.353],"grabStrength":0,"id":506,"palmNormal":[-0.0179817,-0.985508,-0.168671],"palmPosition":[-10.3833,260.929,7.24356],"palmVelocity":[-13.9804,53.7947,234.936],"palmWidth":90.99,"pinchStrength":0.640148,"r":[[0.699474,0.0348961,0.713806],[0.704332,0.135516,-0.696815],[-0.121048,0.99016,0.0702113]],"s":1.34118,"sphereCenter":[-32.9872,243.048,-21.6396],"sphereRadius":52.5688,"stabilizedPalmPosition":[-9.74533,257.407,-7.41056],"t":[4.06695,-1.09744,-0.953875],"timeVisible":147.861,"type":"right","wrist":[-8.85135,255.964,61.7024]}],"id":1813954,"interactionBox":{"center":[0,200,0],"size":[235.247,235.247,147.751]},"pointables":[{"bases":[[[0.437933,0.899001,0.00343261],[-0.835656,0.405661,0.370295],[0.331503,-0.165033,0.928908]],[[0.386992,0.913273,-0.12716],[-0.898957,0.34299,-0.272461],[-0.205217,0.219752,0.953727]],[[0.386992,0.913273,-0.12716],[-0.771847,0.245396,-0.586543],[-0.504469,0.325136,0.799873]],[[0.386992,0.913273,-0.12716],[-0.255086,-0.0264884,-0.966555],[-0.886097,0.406486,0.222712]]],"btipPosition":[10.4288,214.233,-19.9573],"carpPosition":[-37.7531,245.801,60.1349],"dipPosition":[-10.309,223.746,-14.745],"direction":[0.504469,-0.325136,-0.799873],"extended":false,"handId":506,"id":5060,"length":52.1164,"mcpPosition":[-37.7531,245.801,60.1349],"pipPosition":[-27.5092,234.831,12.5271],"stabilizedTipPosition":[6.4856,213.007,-37.5847],"timeVisible":147.861,"tipPosition":[5.29107,216.463,-19.2259],"tipVelocity":[-8.22663,43.7942,254.702],"tool":false,"touchDistance":0.261645,"touchZone":"hovering","type":0,"width":20.25},{"bases":[[[0.998319,-0.00839988,-0.0573504],[0.00960887,0.999737,0.0208378],[0.0571602,-0.0213538,0.998137]],[[0.990647,-0.0123538,0.135886],[-0.0534715,0.881086,0.469924],[-0.125533,-0.472795,0.872185]],[[0.990647,-0.0123538,0.135886],[-0.0322994,0.946356,0.321508],[-0.132568,-0.32289,0.937106]],[[0.990647,-0.0123538,0.135886],[-0.0119682,0.984187,0.176727],[-0.13592,-0.1767,0.974835]]],"btipPosition":[-21.4626,299.254,-96.3828],"carpPosition":[-28.1771,266.547,53.8267],"dipPosition":[-23.7849,296.235,-79.7272],"direction":[0.132568,0.32289,-0.937106],"extended":true,"handId":506,"id":5061,"length":58.8075,"mcpPosition":[-32.3823,268.118,-19.6058],"pipPosition":[-26.9891,288.43,-57.077],"stabilizedTipPosition":[-21.8447,297.688,-104.928],"timeVisible":147.861,"tipPosition":[-21.9284,298.225,-92.6625],"tipVelocity":[-13.6042,15.2399,219.263],"tool":false,"touchDistance":0.137819,"touchZone":"hovering","type":1,"width":19.3428},{"bases":[[[0.980499,-0.181514,0.0753224],[0.179501,0.983213,0.0327509],[-0.0800027,-0.0185918,0.996621]],[[0.978334,-0.181903,0.0988646],[0.122894,0.125943,-0.984396],[0.166614,0.975218,0.145569]],[[0.978334,-0.181903,0.0988646],[-0.124683,-0.898889,-0.420064],[0.165279,0.398636,-0.902093]],[[0.978334,-0.181903,0.0988646],[-0.19191,-0.975948,0.103417],[0.077675,-0.120149,-0.989712]]],"btipPosition":[-24.6429,213.372,20.2778],"carpPosition":[-16.034,268.159,52.5756],"dipPosition":[-23.1832,211.114,1.67912],"direction":[-0.165279,-0.398636,0.902093],"extended":false,"handId":506,"id":5062,"length":67.0064,"mcpPosition":[-10.4524,269.456,-16.9567],"pipPosition":[-18.4832,222.45,-23.9732],"stabilizedTipPosition":[-21.5448,206.202,-6.64969],"timeVisible":147.861,"tipPosition":[-24.2792,212.783,15.6505],"tipVelocity":[-14.8758,55.7258,251.929],"tool":false,"touchDistance":0.333333,"touchZone":"none","type":2,"width":18.9972},{"bases":[[[0.941699,-0.255871,0.218478],[0.246453,0.966638,0.069802],[-0.229049,-0.0118881,0.973342]],[[0.943411,-0.255773,0.211081],[0.243984,0.104238,-0.964161],[0.224604,0.961101,0.160743]],[[0.943411,-0.255773,0.211081],[-0.145553,-0.891283,-0.429452],[0.297976,0.374427,-0.878075]],[[0.943411,-0.255773,0.211081],[-0.276755,-0.957914,0.0762032],[0.182707,-0.130309,-0.974494]]],"btipPosition":[-11.1762,216.706,27.088],"carpPosition":[-3.82037,266.84,52.7083],"dipPosition":[-7.76246,214.271,8.88059],"direction":[-0.297976,-0.374427,0.878075],"extended":false,"handId":506,"id":5063,"length":64.4285,"mcpPosition":[10.5273,267.585,-8.26188],"pipPosition":[0.492059,224.643,-15.4438],"stabilizedTipPosition":[-7.4819,209.559,0.21568],"timeVisible":147.861,"tipPosition":[-10.2322,216.07,22.636],"tipVelocity":[-17.1491,58.9557,252.48],"tool":false,"touchDistance":0.333333,"touchZone":"none","type":3,"width":18.077},{"bases":[[[0.855107,-0.411703,0.315106],[0.36871,0.9102,0.18865],[-0.364478,-0.045133,0.930118]],[[0.860503,-0.410976,0.301055],[0.387428,0.144184,-0.910555],[0.330809,0.900172,0.283294]],[[0.860503,-0.410976,0.301055],[-0.206511,-0.821611,-0.531327],[0.465713,0.395037,-0.79187]],[[0.860503,-0.410976,0.301055],[-0.415379,-0.908136,-0.0524397],[0.29495,-0.0799273,-0.952164]]],"btipPosition":[2.82971,223.09,22.9812],"carpPosition":[7.58532,258.651,55.031],"dipPosition":[7.91371,221.712,6.5689],"direction":[-0.465713,-0.395037,0.79187],"extended":false,"handId":506,"id":5064,"length":50.5107,"mcpPosition":[28.7196,261.268,1.09793],"pipPosition":[17.0225,229.438,-8.91912],"stabilizedTipPosition":[6.51769,216.693,-3.40607],"timeVisible":147.861,"tipPosition":[4.02309,222.768,18.9413],"tipVelocity":[-15.3272,56.2279,248.568],"tool":false,"touchDistance":0.333333,"touchZone":"none","type":4,"width":16.0574}],"r":[[0.699474,0.0348961,0.713806],[0.704332,0.135516,-0.696815],[-0.121048,0.99016,0.0702113]],"s":1.34118,"t":[4.06695,-1.09744,-0.953875],"timestamp":97962334824},false],[1,{"currentFrameRate":108.079,"devices":[],"gestures":[],"hands":[{"armBasis":[[0.949238,0.216271,-0.228416],[-0.0324653,0.789628,0.612726],[0.312879,-0.574207,0.756567]],"armWidth":63.72,"confidence":0.673108,"direction":[0.114088,0.162055,-0.980164],"elbow":[74.9136,101.113,269.517],"grabStrength":0,"id":506,"palmNormal":[-0.02488,-0.985831,-0.165888],"palmPosition":[-11.0811,260.972,10.7716],"palmVelocity":[-31.2688,39.9946,276.295],"palmWidth":90.99,"pinchStrength":0.641185,"r":[[0.699414,0.0357016,0.713824],[0.704752,0.131746,-0.697114],[-0.118932,0.99064,0.0669843]],"s":1.34124,"sphereCenter":[-33.8935,243.173,-18.0669],"sphereRadius":52.6122,"stabilizedPalmPosition":[-9.77014,257.473,-7.07286],"t":[3.65045,-0.870544,1.79377],"timeVisible":147.871,"type":"right","wrist":[-9.56376,256.149,65.2438]}],"id":1813955,"interactionBox":{"center":[0,200,0],"size":[235.247,235.247,147.751]},"pointables":[{"bases":[[[0.44416,0.895947,0.000748974],[-0.832686,0.41249,0.369439],[0.330689,-0.164714,0.929255]],[[0.393447,0.910187,-0.129454],[-0.896357,0.348493,-0.274037],[-0.204311,0.223856,0.952967]],[[0.393447,0.910187,-0.129454],[-0.769635,0.249075,-0.587898],[-0.502853,0.330939,0.79851]],[[0.393447,0.910187,-0.129454],[-0.253719,-0.027842,-0.966877],[-0.883644,0.41326,0.219978]]],"btipPosition":[9.48834,214.053,-16.2289],"carpPosition":[-38.5359,246.182,63.7148],"dipPosition":[-11.1921,223.724,-11.0806],"direction":[0.502853,-0.330939,-0.79851],"extended":false,"handId":506,"id":5060,"length":52.1164,"mcpPosition":[-38.5359,246.182,63.7148],"pipPosition":[-28.3372,235.008,16.145],"stabilizedTipPosition":[6.46852,213.039,-37.3653],"timeVisible":147.871,"tipPosition":[4.34771,216.319,-15.5139],"tipVelocity":[-34.1037,27.1564,296.16],"tool":false,"touchDistance":0.323539,"touchZone":"hovering","type":0,"width":20.25},{"bases":[[[0.998215,-0.0154881,-0.0576711],[0.0165521,0.999701,0.0180182],[0.0573748,-0.0189406,0.998173]],[[0.990659,-0.0188365,0.135052],[-0.0469829,0.882615,0.467742],[-0.128009,-0.469719,0.873486]],[[0.990659,-0.0188365,0.135052],[-0.0254071,0.947571,0.318535],[-0.133971,-0.318991,0.938241]],[[0.990659,-0.0188365,0.135052],[-0.00485945,0.984907,0.173017],[-0.136272,-0.172057,0.975616]]],"btipPosition":[-21.9735,299.067,-92.964],"carpPosition":[-28.8185,266.843,57.3449],"dipPosition":[-24.3018,296.127,-76.295],"direction":[0.133971,0.318991,-0.938241],"extended":true,"handId":506,"id":5061,"length":58.8075,"mcpPosition":[-33.0395,268.237,-16.0903],"pipPosition":[-27.5399,288.417,-53.6174],"stabilizedTipPosition":[-21.8575,297.701,-104.623],"timeVisible":147.871,"tipPosition":[-22.4297,298.069,-89.2345],"tipVelocity":[-25.3585,5.84763,261.79],"tool":false,"touchDistance":0.194851,"touchZone":"hovering","type":1,"width":19.3428},{"bases":[[[0.979244,-0.188101,0.075495],[0.18633,0.982032,0.0299191],[-0.0797662,-0.0152311,0.996697]],[[0.977084,-0.188408,0.0990443],[0.1234,0.122251,-0.984798],[0.173436,0.974452,0.142699]],[[0.977084,-0.188408,0.0990443],[-0.131054,-0.899149,-0.417559],[0.167727,0.39501,-0.903236]],[[0.977084,-0.188408,0.0990443],[-0.198627,-0.974318,0.10607],[0.0765162,-0.123312,-0.989414]]],"btipPosition":[-25.667,213.546,23.9472],"carpPosition":[-16.665,268.368,56.0851],"dipPosition":[-24.2291,211.229,5.35414],"direction":[-0.167727,-0.39501,0.903236],"extended":false,"handId":506,"id":5062,"length":67.0064,"mcpPosition":[-11.0999,269.43,-13.4525],"pipPosition":[-19.4595,222.461,-20.3306],"stabilizedTipPosition":[-21.5642,206.237,-6.51537],"timeVisible":147.871,"tipPosition":[-25.3087,212.945,19.3242],"tipVelocity":[-41.9841,44.9677,292.858],"tool":false,"touchDistance":0.333333,"touchZone":"none","type":2,"width":18.9972},{"bases":[[[0.939981,-0.261783,0.218873],[0.253178,0.965097,0.0669937],[-0.228771,-0.007559,0.973451]],[[0.941609,-0.261721,0.211836],[0.244685,0.0996824,-0.964465],[0.231305,0.959982,0.157901]],[[0.941609,-0.261721,0.211836],[-0.151678,-0.891392,-0.4271],[0.30061,0.37003,-0.87904]],[[0.941609,-0.261721,0.211836],[-0.283341,-0.955795,0.0785719],[0.181908,-0.134006,-0.974142]]],"btipPosition":[-12.1914,216.8,30.7374],"carpPosition":[-4.46073,266.965,56.2173],"dipPosition":[-8.79261,214.296,12.5365],"direction":[-0.30061,-0.37003,0.87904],"extended":false,"handId":506,"id":5063,"length":64.4285,"mcpPosition":[9.8695,267.438,-4.75971],"pipPosition":[-0.465107,224.547,-11.8147],"stabilizedTipPosition":[-7.50188,209.593,0.349637],"timeVisible":147.871,"tipPosition":[-11.2484,216.152,26.2934],"tipVelocity":[-43.3013,44.8042,292.652],"tool":false,"touchDistance":0.333333,"touchZone":"none","type":3,"width":18.077},{"bases":[[[0.852345,-0.416738,0.31597],[0.375085,0.908147,0.185958],[-0.364443,-0.039985,0.930367]],[[0.857744,-0.416087,0.301904],[0.387884,0.138416,-0.911256],[0.337374,0.898728,0.280119]],[[0.857744,-0.416087,0.301904],[-0.212425,-0.821666,-0.528905],[0.468135,0.389533,-0.793167]],[[0.857744,-0.416087,0.301904],[-0.421579,-0.905407,-0.0500859],[0.294186,-0.0843157,-0.952022]]],"btipPosition":[1.86475,223.077,26.63],"carpPosition":[6.88872,258.703,58.5591],"dipPosition":[6.93558,221.624,10.2202],"direction":[-0.468135,-0.389533,0.793167],"extended":false,"handId":506,"id":5064,"length":50.5107,"mcpPosition":[28.021,261.021,4.61158],"pipPosition":[16.0917,229.243,-5.29319],"stabilizedTipPosition":[6.50254,216.719,-3.292],"timeVisible":147.871,"tipPosition":[3.05822,222.741,22.5889],"tipVelocity":[-40.4504,39.5672,289.793],"tool":false,"touchDistance":0.333333,"touchZone":"none","type":4,"width":16.0574}],"r":[[0.699414,0.0357016,0.713824],[0.704752,0.131746,-0.697114],[-0.118932,0.99064,0.0669843]],"s":1.34124,"t":[3.65045,-0.870544,1.79377],"timestamp":97962344049},false],[2,{"currentFrameRate":107.996,"devices":[],"gestures":[],"hands":[{"armBasis":[[0.945503,0.219953,-0.240093],[-0.0272382,0.7882,0.614816],[0.324472,-0.574771,0.751237]],"armWidth":63.72,"confidence":0.680217,"direction":[0.114288,0.161247,-0.980274],"elbow":[77.5746,100.511,272.039],"grabStrength":0,"id":506,"palmNormal":[-0.0312905,-0.985666,-0.165782],"palmPosition":[-11.5654,260.526,14.7341],"palmVelocity":[-37.0284,15.1025,317.578],"palmWidth":90.99,"pinchStrength":0.641835,"r":[[0.699534,0.0354684,0.713718],[0.705127,0.12782,-0.697466],[-0.115965,0.991163,0.0644048]],"s":1.3413,"sphereCenter":[-34.5897,242.882,-14.0961],"sphereRadius":52.6509,"stabilizedPalmPosition":[-9.7931,257.512,-6.79399],"t":[3.20003,-0.979698,5.14881],"timeVisible":147.88,"type":"right","wrist":[-10.0327,255.699,69.2053]}],"id":1813956,"interactionBox":{"center":[0,200,0],"size":[235.247,235.247,147.751]},"pointables":[{"bases":[[[0.449851,0.893104,0.000296111],[-0.829733,0.417809,0.370107],[0.33042,-0.166739,0.928989]],[[0.399144,0.907653,-0.129807],[-0.894277,0.354133,-0.273601],[-0.202366,0.22529,0.953044]],[[0.399144,0.907653,-0.129807],[-0.768306,0.25383,-0.587602],[-0.500389,0.334269,0.79867]],[[0.399144,0.907653,-0.129807],[-0.253808,-0.0266658,-0.966887],[-0.88106,0.418873,0.219726]]],"btipPosition":[8.71368,213.47,-12.2454],"carpPosition":[-39.069,245.916,67.7017],"dipPosition":[-11.9063,223.273,-7.10306],"direction":[0.500389,-0.334269,-0.79867],"extended":false,"handId":506,"id":5060,"length":52.1164,"mcpPosition":[-39.069,245.916,67.7017],"pipPosition":[-28.9674,234.671,20.1281],"stabilizedTipPosition":[6.45159,213.057,-37.1869],"timeVisible":147.88,"tipPosition":[3.58695,215.77,-11.5282],"tipVelocity":[-47.4301,2.68219,332.375],"tool":false,"touchDistance":0.38425,"touchZone":"hovering","type":0,"width":20.25},{"bases":[[[0.998048,-0.0218421,-0.0585131],[0.022926,0.999577,0.0179176],[0.058097,-0.0192241,0.998126]],[[0.990706,-0.0251188,0.133679],[-0.0407675,0.882783,0.468009],[-0.129766,-0.469109,0.873555]],[[0.990706,-0.0251188,0.133679],[-0.0188968,0.947852,0.31815],[-0.1347,-0.31772,0.938568]],[[0.990706,-0.0251188,0.133679],[0.00177277,0.985101,0.171966],[-0.136007,-0.170131,0.975991]]],"btipPosition":[-22.3453,298.669,-89.0009],"carpPosition":[-29.2257,266.515,61.3218],"dipPosition":[-24.6691,295.762,-72.3255],"direction":[0.1347,0.31772,-0.938568],"extended":true,"handId":506,"id":5061,"length":58.8075,"mcpPosition":[-33.4999,267.929,-12.1099],"pipPosition":[-27.9248,288.083,-49.6399],"stabilizedTipPosition":[-21.871,297.705,-104.367],"timeVisible":147.88,"tipPosition":[-22.7893,297.691,-85.2649],"tipVelocity":[-29.3634,-7.63951,307.273],"tool":false,"touchDistance":0.260927,"touchZone":"hovering","type":1,"width":19.3428},{"bases":[[[0.978091,-0.19432,0.0746839],[0.192598,0.980829,0.0296766],[-0.0790189,-0.0146425,0.996766]],[[0.975944,-0.194612,0.0982865],[0.123398,0.121406,-0.984903],[0.179742,0.973338,0.1425]],[[0.975944,-0.194612,0.0982865],[-0.137071,-0.89826,-0.417541],[0.169545,0.394024,-0.903327]],[[0.975944,-0.194612,0.0982865],[-0.204719,-0.973056,0.106077],[0.0749943,-0.123646,-0.989488]]],"btipPosition":[-26.445,213.187,27.9225],"carpPosition":[-17.0638,267.962,60.0516],"dipPosition":[-25.0357,210.863,9.32804],"direction":[-0.169545,-0.394024,0.903327],"extended":false,"handId":506,"id":5062,"length":67.0064,"mcpPosition":[-11.5509,268.983,-9.49075],"pipPosition":[-20.2145,222.068,-16.3593],"stabilizedTipPosition":[-21.5808,206.26,-6.40537],"timeVisible":147.88,"tipPosition":[-26.0932,212.588,23.3053],"tipVelocity":[-53.7871,21.2194,329.798],"tool":false,"touchDistance":0.333333,"touchZone":"none","type":2,"width":18.9972},{"bases":[[[0.938482,-0.267739,0.218101],[0.259369,0.963473,0.0666962],[-0.227992,-0.00602456,0.973644]],[[0.940015,-0.267692,0.211456],[0.244845,0.0978176,-0.964615],[0.237535,0.958526,0.157493]],[[0.940015,-0.267692,0.211456],[-0.157497,-0.890402,-0.427058],[0.3026,0.368137,-0.879152]],[[0.940015,-0.267692,0.211456],[-0.289331,-0.954006,0.0784831],[0.180721,-0.134956,-0.974231]]],"btipPosition":[-12.9595,216.355,34.7046],"carpPosition":[-4.86865,266.481,60.1736],"dipPosition":[-9.58288,213.834,16.502],"direction":[-0.3026,-0.368137,0.879152],"extended":false,"handId":506,"id":5063,"length":64.4285,"mcpPosition":[9.41274,266.859,-0.815518],"pipPosition":[-1.20024,224.032,-7.85225],"stabilizedTipPosition":[-7.5189,209.615,0.459292],"timeVisible":147.88,"tipPosition":[-12.0185,215.707,30.265],"tipVelocity":[-54.3825,18.4345,329.403],"tool":false,"touchDistance":0.333333,"touchZone":"none","type":3,"width":18.077},{"bases":[[[0.849944,-0.422125,0.315286],[0.381011,0.905758,0.185562],[-0.363903,-0.0375904,0.930678]],[[0.855326,-0.421512,0.30124],[0.387976,0.135777,-0.911613],[0.343354,0.896601,0.27967]],[[0.855326,-0.421512,0.30124],[-0.218005,-0.820279,-0.528787],[0.469991,0.386613,-0.793498]],[[0.855326,-0.421512,0.30124],[-0.427284,-0.902737,-0.0499502],[0.292995,-0.0859912,-0.952239]]],"btipPosition":[1.1475,222.544,30.5855],"carpPosition":[6.42999,258.147,62.5065],"dipPosition":[6.1978,221.062,14.1719],"direction":[-0.469991,-0.386613,0.793498],"extended":false,"handId":506,"id":5064,"length":50.5107,"mcpPosition":[27.531,260.327,8.54099],"pipPosition":[15.3903,228.624,-1.34792],"stabilizedTipPosition":[6.48962,216.736,-3.19921],"timeVisible":147.88,"tipPosition":[2.3374,222.203,26.5467],"tipVelocity":[-50.7925,11.9292,326.99],"tool":false,"touchDistance":0.333333,"touchZone":"none","type":4,"width":16.0574}],"r":[[0.699534,0.0354684,0.713718],[0.705127,0.12782,-0.697466],[-0.115965,0.991163,0.0644048]],"s":1.3413,"t":[3.20003,-0.979698,5.14881],"timestamp":97962353459},false],[3,{"currentFrameRate":108.075,"devices":[],"gestures":[],"hands":[{"armBasis":[[0.948092,0.207836,-0.240678],[-0.0112853,0.778372,0.627702],[0.317796,-0.592403,0.740314]],"armWidth":63.72,"confidence":0.687714,"direction":[0.101878,0.160708,-0.98173],"elbow":[76.3298,95.4959,272.482],"grabStrength":0,"id":506,"palmNormal":[-0.0446547,-0.985131,-0.165899],"palmPosition":[-11.742,260.33,18.157],"palmVelocity":[-32.1342,4.93916,333.72],"palmWidth":90.99,"pinchStrength":0.642757,"r":[[0.701769,0.0336306,0.71161],[0.703672,0.123201,-0.699763],[-0.111205,0.991812,0.0627939]],"s":1.34133,"sphereCenter":[-35.4516,242.972,-10.3586],"sphereRadius":52.6867,"stabilizedPalmPosition":[-9.80948,257.536,-6.58421],"t":[2.88654,-1.13236,8.53779],"timeVisible":147.889,"type":"right","wrist":[-9.47507,255.445,72.5974]}],"id":1813957,"interactionBox":{"center":[0,200,0],"size":[235.247,235.247,147.751]},"pointables":[{"bases":[[[0.45972,0.888046,-0.00568454],[-0.819589,0.426729,0.38233],[0.341952,-0.171106,0.924008]],[[0.407345,0.903252,-0.134931],[-0.89409,0.364288,-0.260572],[-0.186208,0.226783,0.955979]],[[0.407345,0.903252,-0.134931],[-0.773831,0.262896,-0.576256],[-0.485032,0.339149,0.806053]],[[0.407345,0.903252,-0.134931],[-0.267845,-0.023092,-0.963185],[-0.873114,0.42849,0.232525]]],"btipPosition":[7.62942,213.075,-9.13641],"carpPosition":[-38.6371,245.987,71.5086],"dipPosition":[-12.8046,223.103,-3.69448],"direction":[0.485032,-0.339149,-0.806053],"extended":false,"handId":506,"id":5060,"length":52.1164,"mcpPosition":[-38.6371,245.987,71.5086],"pipPosition":[-29.342,234.666,23.7884],"stabilizedTipPosition":[6.43505,213.068,-37.0494],"timeVisible":147.889,"tipPosition":[2.54142,215.429,-8.33925],"tipVelocity":[-65.9898,-8.52924,336.953],"tool":false,"touchDistance":0.426827,"touchZone":"hovering","type":0,"width":20.25},{"bases":[[[0.996792,-0.0328948,-0.07297],[0.0343067,0.999246,0.0181797],[0.0723169,-0.0206247,0.997168]],[[0.992253,-0.0362286,0.118836],[-0.0239585,0.88278,0.469175],[-0.121904,-0.468387,0.875073]],[[0.992253,-0.0362286,0.118836],[-0.00353997,0.947903,0.318538],[-0.124185,-0.316491,0.940432]],[[0.992253,-0.0362286,0.118836],[0.0154178,0.985051,0.17157],[-0.123275,-0.168409,0.977978]]],"btipPosition":[-23.6338,298.647,-85.3974],"carpPosition":[-28.6585,266.479,64.9991],"dipPosition":[-25.74,295.769,-68.6881],"direction":[0.124185,0.316491,-0.940431],"extended":true,"handId":506,"id":5061,"length":58.8075,"mcpPosition":[-33.9789,267.997,-8.36221],"pipPosition":[-28.7416,288.12,-45.9575],"stabilizedTipPosition":[-21.8911,297.708,-104.163],"timeVisible":147.889,"tipPosition":[-24.0215,297.691,-81.6488],"tipVelocity":[-58.931,-6.0003,332.011],"tool":false,"touchDistance":0.321115,"touchZone":"hovering","type":1,"width":19.3428},{"bases":[[[0.976846,-0.205241,0.0603991],[0.203912,0.978604,0.0274697],[-0.0647447,-0.0145176,0.997796]],[[0.975029,-0.205528,0.0841208],[0.110558,0.12072,-0.986511],[0.192601,0.971177,0.140429]],[[0.975029,-0.205528,0.0841208],[-0.153026,-0.896305,-0.416196],[0.160938,0.392931,-0.905375]],[[0.975029,-0.205528,0.0841208],[-0.213977,-0.970829,0.108188],[0.0594313,-0.123486,-0.990565]]],"btipPosition":[-26.9606,213.141,31.5311],"carpPosition":[-16.501,267.792,63.5538],"dipPosition":[-25.8438,210.82,12.9164],"direction":[-0.160938,-0.392931,0.905375],"extended":false,"handId":506,"id":5062,"length":67.0064,"mcpPosition":[-11.9839,268.805,-6.06047],"pipPosition":[-21.2673,221.993,-12.8292],"stabilizedTipPosition":[-21.5936,206.276,-6.32103],"timeVisible":147.889,"tipPosition":[-26.6801,212.546,26.9134],"tipVelocity":[-56.6166,13.9452,348.065],"tool":false,"touchDistance":0.333333,"touchZone":"none","type":2,"width":18.9972},{"bases":[[[0.938501,-0.278324,0.204331],[0.271014,0.960478,0.0635084],[-0.213931,-0.00422613,0.97684]],[[0.939869,-0.27829,0.197991],[0.232205,0.0955625,-0.967961],[0.250454,0.955731,0.154437]],[[0.939869,-0.27829,0.197991],[-0.173391,-0.888242,-0.425396],[0.294248,0.365487,-0.883084]],[[0.939869,-0.27829,0.197991],[-0.298749,-0.950827,0.0817135],[0.165516,-0.13595,-0.976792]]],"btipPosition":[-13.3558,216.154,38.1225],"carpPosition":[-4.32253,266.176,63.4983],"dipPosition":[-10.2633,213.614,19.8721],"direction":[-0.294248,-0.365487,0.883084],"extended":false,"handId":506,"id":5063,"length":64.4285,"mcpPosition":[9.07813,266.44,2.30906],"pipPosition":[-2.11204,223.739,-4.5911],"stabilizedTipPosition":[-7.53161,209.63,0.542324],"timeVisible":147.889,"tipPosition":[-12.4816,215.504,33.6729],"tipVelocity":[-53.356,7.06364,341.779],"tool":false,"touchDistance":0.333333,"touchZone":"none","type":3,"width":18.077},{"bases":[[[0.849667,-0.431789,0.302695],[0.393714,0.901324,0.180567],[-0.350793,-0.0342461,0.935827]],[[0.854827,-0.431228,0.288641],[0.376487,0.132601,-0.916883],[0.357111,0.892446,0.275702]],[[0.854827,-0.431228,0.288641],[-0.234237,-0.81701,-0.526903],[0.463038,0.382801,-0.799412]],[[0.854827,-0.431228,0.288641],[-0.437687,-0.897983,-0.0453473],[0.27875,-0.0875701,-0.956363]]],"btipPosition":[0.767649,222.167,33.7699],"carpPosition":[6.91523,257.715,65.6625],"dipPosition":[5.5724,220.657,17.2853],"direction":[-0.463038,-0.382801,0.799412],"extended":false,"handId":506,"id":5064,"length":50.5107,"mcpPosition":[27.256,259.701,11.3984],"pipPosition":[14.6289,228.144,1.64976],"stabilizedTipPosition":[6.47993,216.747,-3.12961],"timeVisible":147.889,"tipPosition":[1.89888,221.83,29.7332],"tipVelocity":[-49.9904,-3.06786,332.762],"tool":false,"touchDistance":0.333333,"touchZone":"none","type":4,"width":16.0574}],"r":[[0.701769,0.0336306,0.71161],[0.703672,0.123201,-0.699763],[-0.111205,0.991812,0.0627939]],"s":1.34133,"t":[2.88654,-1.13236,8.53779],"timestamp":97962362568},false],[4,{"currentFrameRate":108.089,"devices":[],"gestures":[],"hands":[{"armBasis":[[0.946664,0.194082,-0.257215],[0.00914505,0.781749,0.623526],[0.322093,-0.592622,0.738279]],"armWidth":63.72,"confidence":0.695961,"direction":[0.0946677,0.172628,-0.980427],"elbow":[77.5852,94.1081,275.709],"grabStrength":0,"id":506,"palmNormal":[-0.0615654,-0.98195,-0.178841],"palmPosition":[-12.1077,259.785,22.0302],"palmVelocity":[-34.239,-13.0129,357.852],"palmWidth":90.99,"pinchStrength":0.643573,"r":[[0.705058,0.0280387,0.708595],[0.701451,0.119261,-0.702669],[-0.10421,0.992467,0.0644183]],"s":1.34132,"sphereCenter":[-36.4618,243.193,-6.49297],"sphereRadius":52.7307,"stabilizedPalmPosition":[-9.82275,257.549,-6.41899],"t":[2.54691,-1.48124,12.1689],"timeVisible":147.898,"type":"right","wrist":[-9.37985,254.116,76.3735]}],"id":1813958,"interactionBox":{"center":[0,200,0],"size":[235.247,235.247,147.751]},"pointables":[{"bases":[[[0.473362,0.880866,0.00177681],[-0.809059,0.433974,0.396347],[0.348357,-0.189053,0.918099]],[[0.419961,0.898654,-0.126706],[-0.890855,0.381552,-0.246566],[-0.173232,0.216425,0.960807]],[[0.419961,0.898654,-0.126706],[-0.775328,0.2827,-0.564753],[-0.471698,0.335413,0.815475]],[[0.419961,0.898654,-0.126706],[-0.277537,-0.00575507,-0.960698],[-0.864064,0.438621,0.246993]]],"btipPosition":[6.25795,212.619,-6.09595],"carpPosition":[-38.6944,245.124,75.4499],"dipPosition":[-13.9642,222.884,-0.315429],"direction":[0.471698,-0.335413,-0.815475],"extended":false,"handId":506,"id":5060,"length":52.1164,"mcpPosition":[-38.6944,245.124,75.4499],"pipPosition":[-30.0471,234.32,27.4887],"stabilizedTipPosition":[6.41768,213.075,-36.9332],"timeVisible":147.898,"tipPosition":[1.21743,215.039,-5.21416],"tipVelocity":[-87.6859,-18.3392,337.234],"tool":false,"touchDistance":0.464253,"touchZone":"hovering","type":0,"width":20.25},{"bases":[[[0.995393,-0.047209,-0.0834534],[0.0499807,0.998255,0.0314394],[0.0818236,-0.0354656,0.996016]],[[0.992775,-0.0530952,0.107604],[-0.00529554,0.876509,0.481356],[-0.119873,-0.478448,0.869895]],[[0.992775,-0.0530952,0.107604],[0.0146293,0.94364,0.33065],[-0.119095,-0.326687,0.937599]],[[0.992775,-0.0530952,0.107604],[0.0326856,0.982524,0.183245],[-0.115453,-0.178404,0.977161]]],"btipPosition":[-24.4824,299.657,-80.887],"carpPosition":[-28.4639,265.548,69.1198],"dipPosition":[-26.455,296.608,-64.1916],"direction":[0.119095,0.326687,-0.937599],"extended":true,"handId":506,"id":5061,"length":58.8075,"mcpPosition":[-34.4836,268.157,-4.15667],"pipPosition":[-29.3335,288.712,-41.5294],"stabilizedTipPosition":[-21.9106,297.716,-103.989],"timeVisible":147.898,"tipPosition":[-24.8275,298.688,-77.1355],"tipVelocity":[-67.263,25.1812,375.891],"tool":false,"touchDistance":0.389946,"touchZone":"hovering","type":1,"width":19.3428},{"bases":[[[0.974093,-0.221048,0.0477505],[0.219328,0.974882,0.0387377],[-0.055114,-0.0272611,0.998108]],[[0.972494,-0.221638,0.0716447],[0.102872,0.132714,-0.985801],[0.208983,0.966056,0.151864]],[[0.972494,-0.221638,0.0716447],[-0.170859,-0.887815,-0.427307],[0.158315,0.403312,-0.901263]],[[0.972494,-0.221638,0.0716447],[-0.227922,-0.968892,0.0964371],[0.0480419,-0.110114,-0.992757]]],"btipPosition":[-27.9348,212.631,34.8987],"carpPosition":[-16.3023,266.693,67.5701],"dipPosition":[-27.032,210.562,16.2428],"direction":[-0.158315,-0.403312,0.901263],"extended":false,"handId":506,"id":5062,"length":67.0064,"mcpPosition":[-12.4571,268.595,-2.06593],"pipPosition":[-22.5301,222.031,-9.38584],"stabilizedTipPosition":[-21.605,206.287,-6.25245],"timeVisible":147.898,"tipPosition":[-27.7045,212.108,30.2841],"tipVelocity":[-71.8441,-3.68773,352.519],"tool":false,"touchDistance":0.333333,"touchZone":"none","type":2,"width":18.9972},{"bases":[[[0.936041,-0.295508,0.191053],[0.286494,0.955232,0.073848],[-0.204322,-0.0143893,0.978798]],[[0.937279,-0.295414,0.185036],[0.224411,0.105181,-0.968802],[0.266736,0.949562,0.164878]],[[0.937279,-0.295414,0.185036],[-0.191106,-0.879425,-0.435993],[0.291524,0.373286,-0.880722]],[[0.937279,-0.295414,0.185036],[-0.312603,-0.947211,0.0712126],[0.154231,-0.124589,-0.980148]]],"btipPosition":[-14.2278,215.353,41.4021],"carpPosition":[-4.15149,264.891,67.3698],"dipPosition":[-11.3462,213.025,23.089],"direction":[-0.291524,-0.373286,0.880722],"extended":false,"handId":506,"id":5063,"length":64.4285,"mcpPosition":[8.64727,265.792,6.05794],"pipPosition":[-3.27037,223.366,-1.30873],"stabilizedTipPosition":[-7.54265,209.639,0.609391],"timeVisible":147.898,"tipPosition":[-13.4027,214.759,36.943],"tipVelocity":[-66.3708,-17.7753,345.171],"tool":false,"touchDistance":0.333333,"touchZone":"none","type":3,"width":18.077},{"bases":[[[0.845812,-0.44893,0.288208],[0.40941,0.892592,0.188847],[-0.342032,-0.0417337,0.938761]],[[0.850769,-0.448265,0.274317],[0.369806,0.139759,-0.918538],[0.37341,0.882908,0.284673]],[[0.850769,-0.448265,0.274317],[-0.251544,-0.805635,-0.536357],[0.461429,0.387313,-0.798168]],[[0.850769,-0.448265,0.274317],[-0.451742,-0.890504,-0.0541472],[0.268553,-0.0778537,-0.960114]]],"btipPosition":[-0.0502319,221.197,36.9656],"carpPosition":[6.97448,256.229,69.3052],"dipPosition":[4.57876,219.855,20.4163],"direction":[-0.461429,-0.387313,0.798168],"extended":false,"handId":506,"id":5064,"length":50.5107,"mcpPosition":[26.8072,258.649,14.871],"pipPosition":[13.6038,227.43,4.80514],"stabilizedTipPosition":[6.4714,216.753,-3.07297],"timeVisible":147.898,"tipPosition":[1.04146,220.91,32.9319],"tipVelocity":[-62.0576,-30.5165,336.118],"tool":false,"touchDistance":0.333333,"touchZone":"none","type":4,"width":16.0574}],"r":[[0.705058,0.0280387,0.708595],[0.701451,0.119261,-0.702669],[-0.10421,0.992467,0.0644183]],"s":1.34132,"t":[2.54691,-1.48124,12.1689],"timestamp":97962371795},false],[5,{"currentFrameRate":108.12,"devices":[],"gestures":[],"hands":[{"armBasis":[[0.945227,0.174773,-0.275682],[0.0338196,0.787595,0.615264],[0.324657,-0.590888,0.738546]],"armWidth":63.72,"confidence":0.703792,"direction":[0.0845746,0.181569,-0.979735],"elbow":[78.6164,93.4795,279.376],"grabStrength":0,"id":506,"palmNormal":[-0.0814664,-0.978706,-0.188411],"palmPosition":[-12.3959,259.326,25.7305],"palmVelocity":[-33.4312,-23.3429,370.337],"palmWidth":90.99,"pinchStrength":0.645483,"r":[[0.709637,0.0195258,0.704296],[0.698147,0.115154,-0.706633],[-0.0949005,0.993156,0.068086]],"s":1.34124,"sphereCenter":[-37.5103,243.474,-2.646],"sphereRadius":52.7666,"stabilizedPalmPosition":[-9.83286,257.556,-6.29277],"t":[2.233,-1.88534,15.8346],"timeVisible":147.908,"type":"right","wrist":[-9.04103,253.019,79.9683]}],"id":1813959,"interactionBox":{"center":[0,200,0],"size":[235.247,235.247,147.751]},"pointables":[{"bases":[[[0.488982,0.872281,0.00469766],[-0.795799,0.44389,0.411904],[0.357211,-0.205152,0.911215]],[[0.434193,0.892405,-0.122842],[-0.887131,0.399917,-0.23036],[-0.156448,0.208998,0.965321]],[[0.434193,0.892405,-0.122842],[-0.777685,0.302519,-0.551079],[-0.454623,0.334807,0.825362]],[[0.434193,0.892405,-0.122842],[-0.290337,0.0095445,-0.956877],[-0.852749,0.451135,0.263242]]],"btipPosition":[4.74646,212.151,-3.14046],"carpPosition":[-38.5211,244.557,79.348],"dipPosition":[-15.2109,222.709,3.02035],"direction":[0.454623,-0.334807,-0.825362],"extended":false,"handId":506,"id":5060,"length":52.1164,"mcpPosition":[-38.5211,244.557,79.348],"pipPosition":[-30.7116,234.125,31.1616],"stabilizedTipPosition":[6.39936,213.08,-36.8302],"timeVisible":147.908,"tipPosition":[-0.235624,214.65,-2.16318],"tipVelocity":[-107.285,-25.3833,335.494],"tool":false,"touchDistance":0.496805,"touchZone":"hovering","type":0,"width":20.25},{"bases":[[[0.993183,-0.0639051,-0.0974825],[0.0681985,0.996814,0.0413623],[0.0945287,-0.0477285,0.994377]],[[0.993093,-0.0717946,0.0928003],[0.0171625,0.871314,0.490426],[-0.116068,-0.485446,0.866528]],[[0.993093,-0.0717946,0.0928003],[0.0362443,0.939966,0.339337],[-0.111592,-0.333629,0.936076]],[[0.993093,-0.0717946,0.0928003],[0.05298,0.980102,0.191293],[-0.104688,-0.185055,0.977136]]],"btipPosition":[-25.4956,300.458,-76.6076],"carpPosition":[-28.0136,264.865,73.0968],"dipPosition":[-27.2843,297.296,-59.9126],"direction":[0.111592,0.333629,-0.936076],"extended":true,"handId":506,"id":5061,"length":58.8075,"mcpPosition":[-34.9681,268.376,-0.0591468],"pipPosition":[-29.9815,289.232,-37.2873],"stabilizedTipPosition":[-21.9292,297.725,-103.843],"timeVisible":147.908,"tipPosition":[-25.7875,299.496,-72.846],"tipVelocity":[-77.985,41.7182,400.941],"tool":false,"touchDistance":0.448474,"touchZone":"hovering","type":1,"width":19.3428},{"bases":[[[0.970547,-0.238756,0.0321444],[0.237185,0.97037,0.0461076],[-0.0422004,-0.0371254,0.998419]],[[0.969248,-0.239581,0.0562031],[0.0921774,0.141699,-0.985609],[0.22817,0.96048,0.159426]],[[0.969248,-0.239581,0.0562031],[-0.192245,-0.879752,-0.43483],[0.153622,0.410654,-0.898757]],[[0.969248,-0.239581,0.0562031],[-0.243855,-0.965757,0.0885936],[0.0330531,-0.0995746,-0.994481]]],"btipPosition":[-28.8986,212.3,38.2976],"carpPosition":[-15.8554,265.812,71.394],"dipPosition":[-28.2775,210.429,19.6093],"direction":[-0.153622,-0.410654,0.898757],"extended":false,"handId":506,"id":5062,"length":67.0064,"mcpPosition":[-12.9112,268.402,1.73632],"pipPosition":[-23.909,222.106,-5.94807],"stabilizedTipPosition":[-21.6151,206.295,-6.19578],"timeVisible":147.908,"tipPosition":[-28.7349,211.835,33.6877],"tipVelocity":[-83.0391,-11.3462,357.103],"tool":false,"touchDistance":0.333333,"touchZone":"none","type":2,"width":18.9972},{"bases":[[[0.933099,-0.314083,0.175152],[0.304454,0.949154,0.0800902],[-0.191401,-0.0214064,0.981278]],[[0.93421,-0.313952,0.169369],[0.213493,0.1117,-0.970538],[0.285784,0.942845,0.171378]],[[0.93421,-0.313952,0.169369],[-0.212405,-0.871012,-0.442969],[0.286593,0.377851,-0.880393]],[[0.93421,-0.313952,0.169369],[-0.328441,-0.94229,0.06494],[0.139207,-0.116295,-0.983411]]],"btipPosition":[-15.062,214.718,44.6477],"carpPosition":[-3.7425,263.797,71.0094],"dipPosition":[-12.4611,212.545,26.2737],"direction":[-0.286593,-0.377851,0.880393],"extended":false,"handId":506,"id":5063,"length":64.4285,"mcpPosition":[8.24686,265.138,9.54212],"pipPosition":[-4.52185,223.012,1.88504],"stabilizedTipPosition":[-7.55224,209.646,0.66453],"timeVisible":147.908,"tipPosition":[-14.3041,214.165,40.1799],"tipVelocity":[-75.1465,-31.0528,346.949],"tool":false,"touchDistance":0.333333,"touchZone":"none","type":3,"width":18.077},{"bases":[[[0.841458,-0.466931,0.27189],[0.427765,0.883103,0.192735],[-0.330101,-0.0458732,0.94283]],[[0.846184,-0.466212,0.258107],[0.360584,0.144304,-0.921496],[0.392367,0.872824,0.290216]],[[0.846184,-0.466212,0.258107],[-0.272013,-0.794384,-0.543104],[0.458238,0.389358,-0.799011]],[[0.846184,-0.466212,0.258107],[-0.467758,-0.88186,-0.0593737],[0.255295,-0.0704904,-0.96429]]],"btipPosition":[-0.84377,220.317,40.0181],"carpPosition":[7.25213,254.919,72.7011],"dipPosition":[3.55669,219.101,23.3968],"direction":[-0.458238,-0.389358,0.799011],"extended":false,"handId":506,"id":5064,"length":50.5107,"mcpPosition":[26.3931,257.579,18.0309],"pipPosition":[12.5193,226.717,7.7691],"stabilizedTipPosition":[6.46377,216.757,-3.02543],"timeVisible":147.908,"tipPosition":[0.195866,220.078,36.0039],"tipVelocity":[-70.4387,-47.8658,334.475],"tool":false,"touchDistance":0.333333,"touchZone":"none","type":4,"width":16.0574}],"r":[[0.709637,0.0195258,0.704296],[0.698147,0.115154,-0.706633],[-0.0949005,0.993156,0.068086]],"s":1.34124,"t":[2.233,-1.88534,15.8346],"timestamp":97962380988},false],[6,{"currentFrameRate":108.111,"devices":[],"gestures":[],"hands":[{"armBasis":[[0.941955,0.158747,-0.295837],[0.0602627,0.7869,0.614131],[0.330286,-0.596312,0.731658]],"armWidth":63.72,"confidence":0.716263,"direction":[0.0797458,0.177384,-0.980905],"elbow":[80.0083,92.0165,281.178],"grabStrength":0,"id":506,"palmNormal":[-0.108879,-0.976602,-0.185458],"palmPosition":[-12.8859,259.307,29.4134],"palmVelocity":[-38.9064,-17.3298,377.983],"palmWidth":90.99,"pinchStrength":0.645489,"r":[[0.714646,0.00925723,0.699425],[0.694653,0.107959,-0.711198],[-0.082093,0.994112,0.0707219]],"s":1.34111,"sphereCenter":[-38.7682,244.048,1.30303],"sphereRadius":52.799,"stabilizedPalmPosition":[-9.84111,257.56,-6.19628],"t":[1.83104,-2.09654,19.5089],"timeVisible":147.917,"type":"right","wrist":[-9.16885,253.021,83.6299]}],"id":1813960,"interactionBox":{"center":[0,200,0],"size":[235.247,235.247,147.751]},"pointables":[{"bases":[[[0.511661,0.859185,-0.00196098],[-0.779861,0.465378,0.418618],[0.360583,-0.212661,0.90816]],[[0.456188,0.880486,-0.128985],[-0.878557,0.422572,-0.222644],[-0.14153,0.214888,0.966329]],[[0.456188,0.880486,-0.128985],[-0.774855,0.321748,-0.544131],[-0.437599,0.348171,0.829026]],[[0.456188,0.880486,-0.128985],[-0.299232,0.015272,-0.954058],[-0.838065,0.473826,0.270437]]],"btipPosition":[2.73387,211.646,0.481819],"carpPosition":[-38.8649,245.333,83.314],"dipPosition":[-16.8799,222.735,6.81101],"direction":[0.437599,-0.348171,-0.829026],"extended":false,"handId":506,"id":5060,"length":52.1164,"mcpPosition":[-38.8649,245.333,83.314],"pipPosition":[-31.8001,234.606,35.0772],"stabilizedTipPosition":[6.37775,213.083,-36.7277],"timeVisible":147.917,"tipPosition":[-2.16901,214.275,1.50414],"tipVelocity":[-135.822,-29.8827,352.28],"tool":false,"touchDistance":0.535373,"touchZone":"hovering","type":0,"width":20.25},{"bases":[[[0.990174,-0.0900803,-0.106961],[0.0946574,0.994765,0.038505],[0.102932,-0.0482513,0.993517]],[[0.991795,-0.0975718,0.0825926],[0.0451405,0.871775,0.487822],[-0.1196,-0.480091,0.869027]],[[0.991795,-0.0975718,0.0825926],[0.0645456,0.939903,0.335284],[-0.110343,-0.327202,0.93849]],[[0.991795,-0.0975718,0.0825926],[0.0808531,0.979232,0.185921],[-0.099018,-0.177718,0.979087]]],"btipPosition":[-25.9666,300.467,-72.9236],"carpPosition":[-27.8911,265.346,76.9165],"dipPosition":[-27.6584,297.43,-56.1953],"direction":[0.110343,0.327202,-0.93849],"extended":true,"handId":506,"id":5061,"length":58.8075,"mcpPosition":[-35.4638,268.896,3.82386],"pipPosition":[-30.3255,289.522,-33.5116],"stabilizedTipPosition":[-21.9441,297.732,-103.726],"timeVisible":147.917,"tipPosition":[-26.2257,299.577,-69.1358],"tipVelocity":[-69.6685,31.1179,400.239],"tool":false,"touchDistance":0.492334,"touchZone":"hovering","type":1,"width":19.3428},{"bases":[[[0.964235,-0.264026,0.0232638],[0.262932,0.963914,0.0416708],[-0.0334265,-0.0340637,0.998861]],[[0.963141,-0.264774,0.047478],[0.0864206,0.137427,-0.986735],[0.254737,0.954468,0.155243]],[[0.963141,-0.264774,0.047478],[-0.219295,-0.875075,-0.431456],[0.155785,0.405141,-0.900884]],[[0.963141,-0.264774,0.047478],[-0.268173,-0.958921,0.0924877],[0.0210393,-0.101811,-0.994581]]],"btipPosition":[-30.5011,212.734,42.2307],"carpPosition":[-15.7294,265.971,75.0939],"dipPosition":[-30.1057,210.821,23.5405],"direction":[-0.155785,-0.405141,0.900884],"extended":false,"handId":506,"id":5062,"length":67.0064,"mcpPosition":[-13.3973,268.347,5.40545],"pipPosition":[-25.6757,222.341,-2.07735],"stabilizedTipPosition":[-21.6254,206.302,-6.14394],"timeVisible":147.917,"tipPosition":[-30.3898,212.266,37.6321],"tipVelocity":[-109.919,4.7333,376.059],"tool":false,"touchDistance":0.333333,"touchZone":"none","type":2,"width":18.9972},{"bases":[[[0.926224,-0.338068,0.166793],[0.329951,0.94101,0.0750467],[-0.182325,-0.0144765,0.983132]],[[0.927181,-0.337986,0.161559],[0.207762,0.105075,-0.972519],[0.311723,0.935267,0.167644]],[[0.927181,-0.337986,0.161559],[-0.238719,-0.865429,-0.440507],[0.288703,0.369862,-0.883093]],[[0.927181,-0.337986,0.161559],[-0.352203,-0.93341,0.0685552],[0.12763,-0.120465,-0.984479]]],"btipPosition":[-16.5668,214.763,48.3802],"carpPosition":[-3.67768,263.639,74.5964],"dipPosition":[-14.1821,212.512,29.9862],"direction":[-0.288703,-0.369862,0.883093],"extended":false,"handId":506,"id":5063,"length":64.4285,"mcpPosition":[7.74314,264.546,13.013],"pipPosition":[-6.1845,222.758,5.52275],"stabilizedTipPosition":[-7.5619,209.651,0.714152],"timeVisible":147.917,"tipPosition":[-15.858,214.21,43.9446],"tipVelocity":[-101.216,-21.4782,362.542],"tool":false,"touchDistance":0.333333,"touchZone":"none","type":3,"width":18.077},{"bases":[[[0.831561,-0.488275,0.264751],[0.452583,0.871972,0.186636],[-0.321985,-0.0353777,0.946084]],[[0.836162,-0.487708,0.250946],[0.355233,0.132945,-0.925276],[0.417903,0.862825,0.284414]],[[0.836162,-0.487708,0.250946],[-0.297917,-0.788002,-0.538794],[0.46052,0.375758,-0.804194]],[[0.836162,-0.487708,0.250946],[-0.491175,-0.869439,-0.0531238],[0.244091,-0.0788383,-0.966542]]],"btipPosition":[-2.22406,220.032,43.6747],"carpPosition":[7.09686,254.479,76.201],"dipPosition":[1.9833,218.673,27.0146],"direction":[-0.46052,-0.375758,0.804194],"extended":false,"handId":506,"id":5064,"length":50.5107,"mcpPosition":[25.7672,256.531,21.3422],"pipPosition":[10.9905,226.022,11.2856],"stabilizedTipPosition":[6.45594,216.76,-2.98194],"timeVisible":147.917,"tipPosition":[-1.22847,219.76,39.6533],"tipVelocity":[-93.8894,-44.0554,351.143],"tool":false,"touchDistance":0.333333,"touchZone":"none","type":4,"width":16.0574}],"r":[[0.714646,0.00925723,0.6