{"sensorType":"Leap","data":[[0,{"currentFrameRate":102.778,"devices":[],"gestures":[],"hands":[{"armBasis":[[0.952,0.177506,-0.249376],[0.0219467,0.773011,0.634012],[0.305311,-0.609053,0.732011]],"armWidth":63.72,"confidence":0.621723,"direction":[0.0538211,0.275988,-0.959653],"elbow":[72.3612,82.709,264.446],"grabStrength":0,"id":506,"palmNormal":[-0.0469427,-0.959284,-0.278514],"palmPosition":[-14.9725,258.37,13.484],"palmVelocity":[6.87787,18.9212,98.3941],"palmWidth":90.99,"pinchStrength":0.716359,"r":[[0.745678,-0.052959,0.664198],[0.658904,0.206786,-0.723246],[-0.0990443,0.976952,0.18909]],"s":1.32964,"sphereCenter":[-32.2817,242.517,-15.0809],"sphereRadius":49.3835,"stabilizedPalmPosition":[-12.5738,255.188,-13.2458],"t":[-0.771816,-3.48001,6.38448],"timeVisible":134.681,"type":"right","wrist":[-10.0728,247.153,66.8032]}],"id":1812549,"interactionBox":{"center":[0,200,0],"size":[235.247,235.247,147.751]},"pointables":[{"bases":[[[0.453859,0.887704,0.0774136],[-0.80275,0.369616,0.467949],[0.386787,-0.274527,0.880358]],[[0.392905,0.918152,-0.0511996],[-0.909461,0.379743,-0.169343],[-0.13604,0.1131,0.984226]],[[0.392905,0.918152,-0.0511996],[-0.773432,0.299832,-0.558483],[-0.497422,0.259031,0.827934]],[[0.392905,0.918152,-0.0511996],[-0.171398,0.0184176,-0.98503],[-0.903464,0.395799,0.164606]]],"btipPosition":[5.69578,213.82,-15.2349],"carpPosition":[-39.1992,237.56,65.9767],"dipPosition":[-15.4485,223.083,-11.3825],"direction":[0.497422,-0.259031,-0.827934],"extended":false,"handId":506,"id":5060,"length":52.1164,"mcpPosition":[-39.1992,237.56,65.9767],"pipPosition":[-32.4084,231.914,16.8464],"stabilizedTipPosition":[4.94944,212.26,-34.9471],"timeVisible":134.681,"tipPosition":[1.21265,215.84,-13.6577],"tipVelocity":[-9.91035,23.6451,78.4764],"tool":false,"touchDistance":0.273817,"touchZone":"hovering","type":0,"width":20.25},{"bases":[[[0.992323,-0.0128475,-0.123002],[0.0294508,0.990525,0.134135],[0.120114,-0.136728,0.9833]],[[0.995114,-0.0417053,0.0894863],[-0.0154065,0.829694,0.558006],[-0.0975181,-0.556659,0.824998]],[[0.995114,-0.0417053,0.0894863],[0.00292214,0.918441,0.395547],[-0.0986843,-0.393353,0.914076]],[[0.995114,-0.0417053,0.0894863],[0.019707,0.972064,0.233886],[-0.0967407,-0.230979,0.968137]]],"btipPosition":[-30.2697,306.215,-84.9539],"carpPosition":[-29.6607,258.786,61.4657],"dipPosition":[-31.9225,302.268,-68.4127],"direction":[0.0986843,0.393353,-0.914076],"extended":true,"handId":506,"id":5061,"length":58.8075,"mcpPosition":[-38.4974,268.845,-10.8752],"pipPosition":[-34.3078,292.761,-46.3191],"stabilizedTipPosition":[-29.0659,301.092,-104.956],"timeVisible":134.681,"tipPosition":[-30.4273,305.621,-80.9976],"tipVelocity":[10.3675,40.7904,107.939],"tool":false,"touchDistance":0.319864,"touchZone":"hovering","type":1,"width":19.3428},{"bases":[[[0.97977,-0.199873,-0.0100767],[0.199421,0.970851,0.132965],[-0.016793,-0.132284,0.99107]],[[0.979288,-0.202301,0.00837759],[0.0568857,0.235188,-0.970284],[0.194319,0.950663,0.241825]],[[0.979288,-0.202301,0.00837759],[-0.176309,-0.87235,-0.455984],[0.0995542,0.445062,-0.889949]],[[0.979288,-0.202301,0.00837759],[-0.202221,-0.975158,0.0904024],[-0.010119,-0.0902241,-0.99587]]],"btipPosition":[-28.4294,212.843,22.8369],"carpPosition":[-17.594,260.396,59.6166],"dipPosition":[-28.6196,211.147,4.1225],"direction":[-0.0995542,-0.445062,0.889949],"extended":false,"handId":506,"id":5062,"length":67.0064,"mcpPosition":[-16.4223,269.626,-9.52839],"pipPosition":[-25.7886,223.803,-21.1844],"stabilizedTipPosition":[-23.6357,207.712,-12.8017],"timeVisible":134.681,"tipPosition":[-28.4708,212.367,18.2162],"tipVelocity":[-1.89504,20.0515,88.2044],"tool":false,"touchDistance":0.333333,"touchZone":"none","type":2,"width":18.9972},{"bases":[[[0.94878,-0.289775,0.125883],[0.268274,0.949378,0.16343],[-0.166868,-0.121288,0.978491]],[[0.952774,-0.286545,0.100563],[0.16661,0.216376,-0.961989],[0.253894,0.933313,0.253899]],[[0.952774,-0.286545,0.100563],[-0.209226,-0.85941,-0.466519],[0.220103,0.423447,-0.878776]],[[0.952774,-0.286545,0.100563],[-0.293993,-0.953312,0.06903],[0.0760873,-0.0953347,-0.992533]]],"btipPosition":[-13.8333,214.884,29.0516],"carpPosition":[-5.42315,258.936,58.8],"dipPosition":[-12.4117,213.103,10.5071],"direction":[-0.220103,-0.423447,0.878776],"extended":false,"handId":506,"id":5063,"length":64.4285,"mcpPosition":[5.02948,266.533,-2.49264],"pipPosition":[-6.3144,224.833,-13.8367],"stabilizedTipPosition":[-8.74008,209.94,-6.52549],"timeVisible":134.681,"tipPosition":[-13.4591,214.362,24.3875],"tipVelocity":[-2.03191,16.7503,91.1646],"tool":false,"touchDistance":0.333333,"touchZone":"none","type":3,"width":18.077},{"bases":[[[0.865634,-0.45472,0.209541],[0.396775,0.87828,0.266821],[-0.305365,-0.147829,0.940691]],[[0.884016,-0.44389,0.146556],[0.288565,0.271547,-0.918146],[0.367759,0.853946,0.368143]],[[0.884016,-0.44389,0.146556],[-0.291942,-0.769117,-0.568533],[0.365084,0.459806,-0.809501]],[[0.884016,-0.44389,0.146556],[-0.441643,-0.895833,-0.0493455],[0.153193,-0.021103,-0.987971]]],"btipPosition":[0.875139,220.154,24.722],"carpPosition":[5.95334,250.407,59.423],"dipPosition":[3.5157,219.79,7.69251],"direction":[-0.365084,-0.459806,0.809501],"extended":false,"handId":506,"id":5064,"length":50.5107,"mcpPosition":[23.66,258.979,4.87687],"pipPosition":[10.6563,228.784,-8.14036],"stabilizedTipPosition":[6.143,215.835,-10.1492],"timeVisible":134.681,"tipPosition":[1.58458,220.032,20.6566],"tipVelocity":[-0.71046,14.1159,89.4964],"tool":false,"touchDistance":0.333333,"touchZone":"none","type":4,"width":16.0574}],"r":[[0.745678,-0.052959,0.664198],[0.658904,0.206786,-0.723246],[-0.0990443,0.976952,0.18909]],"s":1.32964,"t":[-0.771816,-3.48001,6.38448],"timestamp":97949154891},false],[1,{"currentFrameRate":103.038,"devices":[],"gestures":[],"hands":[{"armBasis":[[0.951482,0.176272,-0.252212],[0.0257735,0.77112,0.636168],[0.306624,-0.611803,0.729163]],"armWidth":63.72,"confidence":0.624099,"direction":[0.0509741,0.272909,-0.960689],"elbow":[73.0739,82.4694,265.535],"grabStrength":0,"id":506,"palmNormal":[-0.0503204,-0.960015,-0.275388],"palmPosition":[-14.7826,258.721,15.3258],"palmVelocity":[10.7242,24.3054,126.831],"palmWidth":90.99,"pinchStrength":0.713039,"r":[[0.746019,-0.0548855,0.663659],[0.658776,0.206466,-0.723454],[-0.0973162,0.976913,0.190185]],"s":1.32961,"sphereCenter":[-32.362,242.853,-13.1451],"sphereRadius":49.4189,"stabilizedPalmPosition":[-12.5741,255.188,-13.2416],"t":[-0.619713,-3.18685,7.74003],"timeVisible":134.691,"type":"right","wrist":[-9.71468,247.656,68.661]}],"id":1812550,"interactionBox":{"center":[0,200,0],"size":[235.247,235.247,147.751]},"pointables":[{"bases":[[[0.456318,0.886816,0.0730182],[-0.800116,0.373029,0.469749],[0.389343,-0.272778,0.879775]],[[0.394787,0.917076,-0.0558164],[-0.909222,0.381225,-0.167278],[-0.132128,0.116789,0.984328]],[[0.394787,0.917076,-0.0558164],[-0.775983,0.300289,-0.554687],[-0.491929,0.262296,0.830185]],[[0.394787,0.917076,-0.0558164],[-0.178303,0.0168775,-0.983831],[-0.901305,0.398356,0.170181]]],"btipPosition":[5.5945,214.037,-13.4531],"carpPosition":[-38.8674,238.132,67.9707],"dipPosition":[-15.4993,223.36,-9.47027],"direction":[0.491929,-0.262296,-0.830185],"extended":false,"handId":506,"id":5060,"length":52.1164,"mcpPosition":[-38.8674,238.132,67.9707],"pipPosition":[-32.2719,232.303,18.8354],"stabilizedTipPosition":[4.9471,212.263,-34.9346],"timeVisible":134.691,"tipPosition":[1.13164,216.077,-11.8438],"tipVelocity":[-9.86056,24.0397,111.577],"tool":false,"touchDistance":0.304013,"touchZone":"hovering","type":0,"width":20.25},{"bases":[[[0.99183,-0.0156724,-0.126598],[0.0323752,0.990856,0.130978],[0.123388,-0.134007,0.983269]],[[0.995358,-0.0438478,0.0856782],[-0.0112191,0.831269,0.555757],[-0.0955904,-0.554138,0.826918]],[[0.995358,-0.0438478,0.0856782],[0.00672846,0.919719,0.39252],[-0.096011,-0.390121,0.915744]],[[0.995358,-0.0438478,0.0856782],[0.0230463,0.972881,0.230156],[-0.0934465,-0.227113,0.969375]]],"btipPosition":[-30.347,306.297,-83.2018],"carpPosition":[-29.2934,259.321,63.3596],"dipPosition":[-31.9436,302.416,-66.6394],"direction":[0.096011,0.390121,-0.915744],"extended":true,"handId":506,"id":5061,"length":58.8075,"mcpPosition":[-38.371,269.18,-8.97914],"pipPosition":[-34.2642,292.987,-44.5055],"stabilizedTipPosition":[-29.0668,301.094,-104.942],"timeVisible":134.691,"tipPosition":[-30.4865,305.712,-79.2459],"tipVelocity":[5.50655,32.3264,131.124],"tool":false,"touchDistance":0.347566,"touchZone":"hovering","type":1,"width":19.3428},{"bases":[[[0.979233,-0.202319,-0.0130523],[0.202291,0.97076,0.129245],[-0.0134781,-0.129202,0.991527]],[[0.978813,-0.204687,0.00538999],[0.0538716,0.23204,-0.971213],[0.197544,0.950926,0.23815]],[[0.978813,-0.204687,0.00538999],[-0.180128,-0.873294,-0.452671],[0.0973627,0.442109,-0.891661]],[[0.978813,-0.204687,0.00538999],[-0.204278,-0.974382,0.0940798],[-0.014005,-0.0931875,-0.99555]]],"btipPosition":[-28.3165,213.254,24.8695],"carpPosition":[-17.2297,260.896,61.4612],"dipPosition":[-28.5797,211.503,6.1611],"direction":[-0.0973627,-0.442109,0.891661],"extended":false,"handId":506,"id":5062,"length":67.0064,"mcpPosition":[-16.2893,269.91,-7.71561],"pipPosition":[-25.811,224.075,-19.1945],"stabilizedTipPosition":[-23.6359,207.713,-12.8004],"timeVisible":134.691,"tipPosition":[-28.3761,212.766,20.2522],"tipVelocity":[1.55848,26.55,125.336],"tool":false,"touchDistance":0.333333,"touchZone":"none","type":2,"width":18.9972},{"bases":[[[0.948522,-0.291727,0.123296],[0.271203,0.949211,0.159524],[-0.163571,-0.117874,0.979464]],[[0.952332,-0.288673,0.0986445],[0.165205,0.216187,-0.962274],[0.256457,0.932701,0.253572]],[[0.952332,-0.288673,0.0986445],[-0.211998,-0.858772,-0.466442],[0.219362,0.423295,-0.879034]],[[0.952332,-0.288673,0.0986445],[-0.29604,-0.952578,0.0704007],[0.0736437,-0.0962476,-0.992629]]],"btipPosition":[-13.7306,215.186,30.8188],"carpPosition":[-5.06555,259.403,60.6046],"dipPosition":[-12.3546,213.387,12.2725],"direction":[-0.219362,-0.423295,0.879034],"extended":false,"handId":506,"id":5063,"length":64.4285,"mcpPosition":[5.18054,266.786,-0.749051],"pipPosition":[-6.27785,225.114,-12.0785],"stabilizedTipPosition":[-8.74023,209.94,-6.52441],"timeVisible":134.691,"tipPosition":[-13.3586,214.699,26.256],"tipVelocity":[1.34115,21.1089,119.343],"tool":false,"touchDistance":0.333333,"touchZone":"none","type":3,"width":18.077},{"bases":[[[0.865278,-0.456209,0.207765],[0.399907,0.878113,0.262662],[-0.30227,-0.144189,0.942254]],[[0.883347,-0.445694,0.145102],[0.285929,0.267089,-0.920276],[0.371407,0.854412,0.363369]],[[0.883347,-0.445694,0.145102],[-0.295991,-0.770459,-0.564608],[0.363438,0.455796,-0.812504]],[[0.883347,-0.445694,0.145102],[-0.444128,-0.894841,-0.0448369],[0.149827,-0.0248375,-0.9884]]],"btipPosition":[0.995773,220.51,26.6554],"carpPosition":[6.29217,250.847,61.2121],"dipPosition":[3.57831,220.082,9.61853],"direction":[-0.363438,-0.455796,0.812504],"extended":false,"handId":506,"id":5064,"length":50.5107,"mcpPosition":[23.8194,259.208,6.57535],"pipPosition":[10.6867,228.997,-6.27308],"stabilizedTipPosition":[6.14285,215.835,-10.1482],"timeVisible":134.691,"tipPosition":[1.69446,220.371,22.5795],"tipVelocity":[2.75009,20.5364,123.158],"tool":false,"touchDistance":0.333333,"touchZone":"none","type":4,"width":16.0574}],"r":[[0.746019,-0.0548855,0.663659],[0.658776,0.206466,-0.723454],[-0.0973162,0.976913,0.190185]],"s":1.32961,"t":[-0.619713,-3.18685,7.74003],"timestamp":97949164103},false],[2,{"currentFrameRate":103.289,"devices":[],"gestures":[],"hands":[{"armBasis":[[0.950989,0.176542,-0.253876],[0.0254382,0.77356,0.633212],[0.308176,-0.608636,0.731157]],"armWidth":63.72,"confidence":0.62474,"direction":[0.0495738,0.288969,-0.956054],"elbow":[73.7445,82.8534,266.943],"grabStrength":0,"id":506,"palmNormal":[-0.047911,-0.955441,-0.291268],"palmPosition":[-14.5977,259.121,16.3901],"palmVelocity":[13.3455,29.6504,123.691],"palmWidth":90.99,"pinchStrength":0.710053,"r":[[0.746403,-0.0582259,0.662943],[0.65847,0.208972,-0.723013],[-0.0964381,0.976187,0.194317]],"s":1.32964,"sphereCenter":[-32.2907,243.727,-12.3363],"sphereRadius":49.4672,"stabilizedPalmPosition":[-12.5744,255.189,-13.2378],"t":[-0.45119,-2.84049,8.94996],"timeVisible":134.7,"type":"right","wrist":[-9.46309,247.185,69.5308]}],"id":1812551,"interactionBox":{"center":[0,200,0],"size":[235.247,235.247,147.751]},"pointables":[{"bases":[[[0.453966,0.886717,0.0874488],[-0.800799,0.362997,0.476396],[0.390685,-0.286297,0.874871]],[[0.39215,0.918985,-0.0410476],[-0.910416,0.381329,-0.16041],[-0.131762,0.100275,0.986197]],[[0.39215,0.918985,-0.0410476],[-0.778657,0.307849,-0.546738],[-0.489807,0.246365,0.836297]],[[0.39215,0.918985,-0.0410476],[-0.182569,0.034017,-0.982604],[-0.901602,0.392823,0.181118]]],"btipPosition":[5.78782,214.996,-13.2803],"carpPosition":[-38.5904,237.595,68.7011],"dipPosition":[-15.3129,224.189,-9.04149],"direction":[0.489807,-0.246365,-0.836297],"extended":false,"handId":506,"id":5060,"length":52.1164,"mcpPosition":[-38.5904,237.595,68.7011],"pipPosition":[-32.0132,232.589,19.4726],"stabilizedTipPosition":[4.94447,212.266,-34.9197],"timeVisible":134.7,"tipPosition":[1.33452,216.995,-11.6071],"tipVelocity":[-1.27165,45.5748,87.3911],"tool":false,"touchDistance":0.307874,"touchZone":"hovering","type":0,"width":20.25},{"bases":[[[0.991782,-0.0108711,-0.127479],[0.029783,0.988628,0.147402],[0.124427,-0.149987,0.980827]],[[0.995555,-0.0425218,0.0840399],[-0.0130181,0.821597,0.56992],[-0.093281,-0.56848,0.817391]],[[0.995555,-0.0425218,0.0840399],[0.0045589,0.912996,0.407944],[-0.0940746,-0.405747,0.909131]],[[0.995555,-0.0425218,0.0840399],[0.0206042,0.968999,0.246204],[-0.0919036,-0.243378,0.965568]]],"btipPosition":[-30.3794,308.306,-81.311],"carpPosition":[-29.077,258.883,64.4365],"dipPosition":[-31.9496,304.148,-64.8137],"direction":[0.0940746,0.405747,-0.909131],"extended":true,"handId":506,"id":5061,"length":58.8075,"mcpPosition":[-38.231,269.918,-7.72253],"pipPosition":[-34.2234,294.341,-42.8396],"stabilizedTipPosition":[-29.068,301.099,-104.922],"timeVisible":134.7,"tipPosition":[-30.5117,307.639,-77.3738],"tipVelocity":[3.16491,82.4311,151.455],"tool":false,"touchDistance":0.37428,"touchZone":"hovering","type":1,"width":19.3428},{"bases":[[[0.979768,-0.199412,-0.0170419],[0.199751,0.969025,0.145226],[-0.0124458,-0.145692,0.989252]],[[0.979368,-0.202082,0.00132544],[0.0525468,0.248318,-0.967252],[0.195135,0.947365,0.253813]],[[0.979368,-0.202082,0.00132544],[-0.178076,-0.866088,-0.467099],[0.0955402,0.457225,-0.884204]],[[0.979368,-0.202082,0.00132544],[-0.20157,-0.976374,0.0778728],[-0.0144426,-0.0765333,-0.996962]]],"btipPosition":[-28.0015,213.46,25.1833],"carpPosition":[-17.0188,260.522,62.5569],"dipPosition":[-28.2729,212.021,6.44842],"direction":[-0.0955402,-0.457225,0.884204],"extended":false,"handId":506,"id":5062,"length":67.0064,"mcpPosition":[-16.1505,270.687,-6.46126],"pipPosition":[-25.5561,225.023,-18.6952],"stabilizedTipPosition":[-23.636,207.713,-12.7992],"timeVisible":134.7,"tipPosition":[-28.0632,213.052,20.5627],"tipVelocity":[10.6403,27.5549,99.6123],"tool":false,"touchDistance":0.333333,"touchZone":"none","type":2,"width":18.9972},{"bases":[[[0.949393,-0.291156,0.117821],[0.268742,0.947163,0.175099],[-0.162577,-0.134574,0.977476]],[[0.953159,-0.287702,0.0933593],[0.164078,0.232507,-0.958655],[0.254101,0.929068,0.268822]],[[0.953159,-0.287702,0.0933593],[-0.209944,-0.851478,-0.480529],[0.217743,0.43842,-0.871995]],[[0.953159,-0.287702,0.0933593],[-0.293437,-0.954414,0.054676],[0.073373,-0.0795099,-0.99413]]],"btipPosition":[-13.4234,215.336,31.1581],"carpPosition":[-4.85132,259.076,61.6677],"dipPosition":[-12.0525,213.85,12.5838],"direction":[-0.217743,-0.43842,0.871995],"extended":false,"handId":506,"id":5063,"length":64.4285,"mcpPosition":[5.33251,267.506,0.43863],"pipPosition":[-6.0206,225.996,-11.5722],"stabilizedTipPosition":[-8.74036,209.94,-6.52345],"timeVisible":134.7,"tipPosition":[-13.051,214.928,26.5908],"tipVelocity":[10.2694,21.9574,96.062],"tool":false,"touchDistance":0.333333,"touchZone":"none","type":3,"width":18.077},{"bases":[[[0.866653,-0.457244,0.1996],[0.39771,0.874712,0.276958],[-0.30123,-0.160644,0.939922]],[[0.884598,-0.445681,0.137312],[0.284721,0.282934,-0.915905],[0.369352,0.849304,0.377177]],[[0.884598,-0.445681,0.137312],[-0.294249,-0.76183,-0.577089],[0.361807,0.470088,-0.805055]],[[0.884598,-0.445681,0.137312],[-0.441776,-0.895155,-0.0594257],[0.149401,-0.00809353,-0.988744]]],"btipPosition":[1.28513,220.773,27.0761],"carpPosition":[6.52994,250.543,62.1257],"dipPosition":[3.86032,220.633,10.0333],"direction":[-0.361807,-0.470088,0.805055],"extended":false,"handId":506,"id":5064,"length":50.5107,"mcpPosition":[23.9968,259.858,7.62412],"pipPosition":[10.9368,229.827,-5.71256],"stabilizedTipPosition":[6.14273,215.835,-10.1472],"timeVisible":134.7,"tipPosition":[1.9832,220.702,22.9988],"tipVelocity":[10.7265,24.7805,101.437],"tool":false,"touchDistance":0.333333,"touchZone":"none","type":4,"width":16.0574}],"r":[[0.746403,-0.0582259,0.662943],[0.65847,0.208972,-0.723013],[-0.0964381,0.976187,0.194317]],"s":1.32964,"t":[-0.45119,-2.84049,8.94996],"timestamp":97949173309},false],[3,{"currentFrameRate":103.488,"devices":[],"gestures":[],"hands":[{"armBasis":[[0.951483,0.177027,-0.251677],[0.0249545,0.770838,0.636542],[0.306688,-0.61194,0.729022]],"armWidth":63.72,"confidence":0.629588,"direction":[0.0472304,0.284864,-0.957404],"elbow":[73.6888,82.7279,267.117],"grabStrength":0,"id":506,"palmNormal":[-0.047007,-0.956777,-0.286997],"palmPosition":[-14.3753,259.647,17.0995],"palmVelocity":[16.3349,37.27,110.348],"palmWidth":90.99,"pinchStrength":0.707788,"r":[[0.74699,-0.0600871,0.662114],[0.657874,0.210547,-0.723099],[-0.0959572,0.975735,0.196806]],"s":1.32967,"sphereCenter":[-32.2103,244.132,-11.5345],"sphereRadius":49.5031,"stabilizedPalmPosition":[-12.5746,255.189,-13.2335],"t":[-0.255722,-2.40413,9.90962],"timeVisible":134.709,"type":"right","wrist":[-9.11685,247.952,70.2815]}],"id":1812552,"interactionBox":{"center":[0,200,0],"size":[235.247,235.247,147.751]},"pointables":[{"bases":[[[0.452763,0.88779,0.0826729],[-0.800415,0.36384,0.476399],[0.392862,-0.281869,0.875334]],[[0.390503,0.919446,-0.0461112],[-0.911405,0.379054,-0.160184],[-0.129802,0.104578,0.98601]],[[0.390503,0.919446,-0.0461112],[-0.781446,0.30458,-0.544585],[-0.486672,0.248695,0.837437]],[[0.390503,0.919446,-0.0461112],[-0.187688,0.0304777,-0.981756],[-0.901266,0.392033,0.18447]]],"btipPosition":[5.9348,215.438,-12.5378],"carpPosition":[-38.2309,238.313,69.5516],"dipPosition":[-15.1581,224.613,-8.22052],"direction":[0.486672,-0.248695,-0.837437],"extended":false,"handId":506,"id":5060,"length":52.1164,"mcpPosition":[-38.2309,238.313,69.5516],"pipPosition":[-31.7514,233.093,20.3324],"stabilizedTipPosition":[4.94147,212.27,-34.9016],"timeVisible":134.709,"tipPosition":[1.49343,217.439,-10.8449],"tipVelocity":[3.60455,46.0266,85.8389],"tool":false,"touchDistance":0.32055,"touchZone":"hovering","type":0,"width":20.25},{"bases":[[[0.991543,-0.00989906,-0.129403],[0.0285424,0.989308,0.143024],[0.126603,-0.145508,0.981223]],[[0.995802,-0.0405908,0.0820437],[-0.0131054,0.823847,0.566661],[-0.0905927,-0.565357,0.819856]],[[0.995802,-0.0405908,0.0820437],[0.00400281,0.914756,0.403988],[-0.0914481,-0.401963,0.911078]],[[0.995802,-0.0405908,0.0820437],[0.0196347,0.97016,0.241667],[-0.089405,-0.239042,0.966885]]],"btipPosition":[-30.4431,308.391,-80.7769],"carpPosition":[-28.7589,259.597,65.1752],"dipPosition":[-31.9706,304.307,-64.2571],"direction":[0.0914481,0.401963,-0.911078],"extended":true,"handId":506,"id":5061,"length":58.8075,"mcpPosition":[-38.0731,270.302,-7.013],"pipPosition":[-34.181,294.591,-42.236],"stabilizedTipPosition":[-29.0694,301.104,-104.9],"timeVisible":134.709,"tipPosition":[-30.5644,307.731,-76.842],"tipVelocity":[0.635976,62.276,125.118],"tool":false,"touchDistance":0.378274,"touchZone":"hovering","type":1,"width":19.3428},{"bases":[[[0.98004,-0.197974,-0.0181198],[0.198536,0.969957,0.140596],[-0.0102589,-0.141387,0.989901]],[[0.979684,-0.200545,0.00012546],[0.0504053,0.245629,-0.968052],[0.194108,0.948392,0.250748]],[[0.979684,-0.200545,0.00012546],[-0.177534,-0.867562,-0.464562],[0.0932747,0.455102,-0.885541]],[[0.979684,-0.200545,0.00012546],[-0.199894,-0.976453,0.081128],[-0.0161473,-0.0795049,-0.996704]]],"btipPosition":[-27.6964,213.95,26.0265],"carpPosition":[-16.7071,261.246,63.2644],"dipPosition":[-27.9998,212.456,7.29643],"direction":[-0.0932747,-0.455102,0.885541],"extended":false,"handId":506,"id":5062,"length":67.0064,"mcpPosition":[-15.9913,271.111,-5.79902],"pipPosition":[-25.3474,225.398,-17.8852],"stabilizedTipPosition":[-23.6362,207.713,-12.7977],"timeVisible":134.709,"tipPosition":[-27.764,213.551,21.4565],"tipVelocity":[16.6813,34.2935,97.1551],"tool":false,"touchDistance":0.333333,"touchZone":"none","type":2,"width":18.9972},{"bases":[[[0.950075,-0.289174,0.117203],[0.26762,0.948332,0.170426],[-0.16043,-0.130552,0.978375]],[[0.953762,-0.285847,0.0928977],[0.161881,0.228117,-0.960082],[0.253245,0.930728,0.263842]],[[0.953762,-0.285847,0.0928977],[-0.209588,-0.854046,-0.476108],[0.215433,0.434623,-0.874466]],[[0.953762,-0.285847,0.0928977],[-0.291896,-0.954595,0.0595386],[0.0716608,-0.0839021,-0.993894]]],"btipPosition":[-13.1115,215.936,32.078],"carpPosition":[-4.53912,259.815,62.3574],"dipPosition":[-11.7726,214.369,13.508],"direction":[-0.215433,-0.434623,0.874466],"extended":false,"handId":506,"id":5063,"length":64.4285,"mcpPosition":[5.51024,267.993,1.07195],"pipPosition":[-5.80464,226.409,-10.7164],"stabilizedTipPosition":[-8.7405,209.94,-6.52225],"timeVisible":134.709,"tipPosition":[-12.7455,215.507,27.5097],"tipVelocity":[16.6206,33.4212,96.9311],"tool":false,"touchDistance":0.333333,"touchZone":"none","type":3,"width":18.077},{"bases":[[[0.867755,-0.455031,0.19987],[0.396901,0.876526,0.272344],[-0.299117,-0.156999,0.941212]],[[0.885513,-0.443748,0.137674],[0.282695,0.279437,-0.917605],[0.368713,0.851471,0.372891]],[[0.885513,-0.443748,0.137674],[-0.29408,-0.764726,-0.573333],[0.359698,0.467206,-0.807673]],[[0.885513,-0.443748,0.137674],[-0.440517,-0.89607,-0.0548039],[0.147685,-0.0121184,-0.98896]]],"btipPosition":[1.58229,221.369,27.9121],"carpPosition":[6.85624,251.302,62.83],"dipPosition":[4.12791,221.16,10.8656],"direction":[-0.359698,-0.467206,0.807673],"extended":false,"handId":506,"id":5064,"length":50.5107,"mcpPosition":[24.2006,260.406,8.25363],"pipPosition":[11.1632,230.298,-4.9315],"stabilizedTipPosition":[6.14258,215.835,-10.1459],"timeVisible":134.709,"tipPosition":[2.27375,221.283,23.8397],"tipVelocity":[16.5172,35.423,98.1884],"tool":false,"touchDistance":0.333333,"touchZone":"none","type":4,"width":16.0574}],"r":[[0.74699,-0.0600871,0.662114],[0.657874,0.210547,-0.723099],[-0.0959572,0.975735,0.196806]],"s":1.32967,"t":[-0.255722,-2.40413,9.90962],"timestamp":97949182597},false],[4,{"currentFrameRate":103.699,"devices":[],"gestures":[],"hands":[{"armBasis":[[0.951788,0.176579,-0.250838],[0.0254537,0.769428,0.638226],[0.305699,-0.613841,0.727837]],"armWidth":63.72,"confidence":0.632088,"direction":[0.0449065,0.283021,-0.958062],"elbow":[73.7523,82.7403,267.226],"grabStrength":0,"id":506,"palmNormal":[-0.0468419,-0.957378,-0.285015],"palmPosition":[-14.1706,260.064,17.5165],"palmVelocity":[17.9662,39.4648,92.0246],"palmWidth":90.99,"pinchStrength":0.703619,"r":[[0.747758,-0.0611917,0.661146],[0.657046,0.211632,-0.723534],[-0.0956452,0.975432,0.198455]],"s":1.32971,"sphereCenter":[-32.2016,244.529,-11.0547],"sphereRadius":49.5482,"stabilizedPalmPosition":[-12.5749,255.19,-13.2276],"t":[-0.0556427,-1.97757,10.5979],"timeVisible":134.718,"type":"right","wrist":[-8.7865,248.477,70.7098]}],"id":1812553,"interactionBox":{"center":[0,200,0],"size":[235.247,235.247,147.751]},"pointables":[{"bases":[[[0.452209,0.888322,0.0799411],[-0.799675,0.364117,0.477429],[0.395003,-0.279825,0.875026]],[[0.389336,0.919773,-0.0493547],[-0.912315,0.377688,-0.15822],[-0.126886,0.106628,0.98617]],[[0.389336,0.919773,-0.0493547],[-0.785192,0.303401,-0.539835],[-0.481552,0.24893,0.840322]],[[0.389336,0.919773,-0.0493547],[-0.196136,0.0304313,-0.980104],[-0.899971,0.39127,0.192248]]],"btipPosition":[5.92116,215.846,-12.3155],"carpPosition":[-37.894,238.813,70.0624],"dipPosition":[-15.1414,225.003,-7.81616],"direction":[0.481552,-0.24893,-0.840322],"extended":false,"handId":506,"id":5060,"length":52.1164,"mcpPosition":[-37.894,238.813,70.0624],"pipPosition":[-31.5602,233.491,20.8351],"stabilizedTipPosition":[4.93753,212.276,-34.8775],"timeVisible":134.718,"tipPosition":[1.5226,217.841,-10.5577],"tipVelocity":[2.38932,45.3653,69.7568],"tool":false,"touchDistance":0.324954,"touchZone":"hovering","type":0,"width":20.25},{"bases":[[[0.991266,-0.00933786,-0.131547],[0.0280364,0.98961,0.141019],[0.128864,-0.143475,0.981228]],[[0.996028,-0.0395841,0.0797612],[-0.0125038,0.824703,0.565428],[-0.0881612,-0.56418,0.820932]],[[0.996028,-0.0395841,0.0797612],[0.00416678,0.915494,0.402311],[-0.088946,-0.40038,0.912022]],[[0.996028,-0.0395841,0.0797612],[0.0193922,0.970685,0.239572],[-0.0869062,-0.237074,0.967597]]],"btipPosition":[-30.5074,308.618,-80.4102],"carpPosition":[-28.4493,260.097,65.6235],"dipPosition":[-31.9922,304.568,-63.8782],"direction":[0.088946,0.40038,-0.912022],"extended":true,"handId":506,"id":5061,"length":58.8075,"mcpPosition":[-37.9297,270.652,-6.5651],"pipPosition":[-34.1421,294.891,-41.8343],"stabilizedTipPosition":[-29.0711,301.11,-104.874],"timeVisible":134.718,"tipPosition":[-30.6183,307.954,-76.4804],"tipVelocity":[-1.19737,51.9282,101.203],"tool":false,"touchDistance":0.379323,"touchZone":"hovering","type":1,"width":19.3428},{"bases":[[[0.980161,-0.197203,-0.0198703],[0.19804,0.970394,0.138258],[-0.00798273,-0.13945,0.990197]],[[0.97985,-0.199728,-0.00170125],[0.0480626,0.244042,-0.968573],[0.193866,0.948974,0.248724]],[[0.97985,-0.199728,-0.00170125],[-0.177818,-0.868418,-0.462851],[0.0909669,0.453827,-0.886434]],[[0.97985,-0.199728,-0.00170125],[-0.198899,-0.976492,0.0830787],[-0.0182544,-0.0810663,-0.996542]]],"btipPosition":[-27.4342,214.358,26.5445],"carpPosition":[-16.403,261.752,63.6831],"dipPosition":[-27.7773,212.835,7.81749],"direction":[-0.0909669,-0.453827,0.886434],"extended":false,"handId":506,"id":5062,"length":67.0064,"mcpPosition":[-15.8461,271.481,-5.40091],"pipPosition":[-25.1905,225.74,-17.3895],"stabilizedTipPosition":[-23.6365,207.713,-12.7956],"timeVisible":134.718,"tipPosition":[-27.5116,213.958,21.9882],"tipVelocity":[19.6841,36.851,85.6279],"tool":false,"touchDistance":0.333333,"touchZone":"none","type":2,"width":18.9972},{"bases":[[[0.950567,-0.288162,0.115696],[0.267207,0.948885,0.167979],[-0.158188,-0.128761,0.978978]],[[0.954165,-0.284912,0.0916144],[0.159704,0.225837,-0.960985],[0.253107,0.93157,0.260987]],[[0.954165,-0.284912,0.0916144],[-0.20991,-0.855305,-0.473699],[0.213321,0.432757,-0.875909]],[[0.954165,-0.284912,0.0916144],[-0.291033,-0.954696,0.062099],[0.0697711,-0.0859156,-0.993856]]],"btipPosition":[-12.8487,216.39,32.602],"carpPosition":[-4.23587,260.329,62.7524],"dipPosition":[-11.5451,214.784,14.0328],"direction":[-0.213321,-0.432757,0.875909],"extended":false,"handId":506,"id":5063,"length":64.4285,"mcpPosition":[5.67302,268.395,1.42921],"pipPosition":[-5.63568,226.773,-10.2316],"stabilizedTipPosition":[-8.7407,209.94,-6.52046],"timeVisible":134.718,"tipPosition":[-12.489,215.951,28.0314],"tipVelocity":[19.6899,37.5442,85.6343],"tool":false,"touchDistance":0.333333,"touchZone":"none","type":3,"width":18.077},{"bases":[[[0.868565,-0.453924,0.198869],[0.39677,0.877386,0.269756],[-0.296933,-0.155395,0.942169]],[[0.886095,-0.442812,0.136945],[0.281013,0.278277,-0.918473],[0.368603,0.852338,0.371016]],[[0.886095,-0.442812,0.136945],[-0.294325,-0.765792,-0.571783],[0.358063,0.466347,-0.808895]],[[0.886095,-0.442812,0.136945],[-0.43988,-0.896512,-0.052653],[0.146088,-0.0135837,-0.989178]]],"btipPosition":[1.83037,221.812,28.3374],"carpPosition":[7.16753,251.826,63.2168],"dipPosition":[4.34846,221.578,11.2871],"direction":[-0.358063,-0.466347,0.808895],"extended":false,"handId":506,"id":5064,"length":50.5107,"mcpPosition":[24.3852,260.837,8.58496],"pipPosition":[11.3517,230.699,-4.53386],"stabilizedTipPosition":[6.14238,215.835,-10.144],"timeVisible":134.718,"tipPosition":[2.5163,221.724,24.2802],"tipVelocity":[19.2233,38.7425,83.5062],"tool":false,"touchDistance":0.333333,"touchZone":"none","type":4,"width":16.0574}],"r":[[0.747758,-0.0611917,0.661146],[0.657046,0.211632,-0.723534],[-0.0956452,0.975432,0.198455]],"s":1.32971,"t":[-0.0556427,-1.97757,10.5979],"timestamp":97949191841},false],[5,{"currentFrameRate":103.981,"devices":[],"gestures":[],"hands":[{"armBasis":[[0.951776,0.175707,-0.251493],[0.0269861,0.768623,0.639132],[0.305604,-0.615098,0.726816]],"armWidth":63.72,"confidence":0.637209,"direction":[0.0436216,0.281276,-0.958635],"elbow":[73.9363,82.9426,267.417],"grabStrength":0,"id":506,"palmNormal":[-0.0481531,-0.957841,-0.283235],"palmPosition":[-14.0358,260.516,17.9719],"palmVelocity":[17.099,42.3058,80.4239],"palmWidth":90.99,"pinchStrength":0.699061,"r":[[0.748572,-0.0619728,0.660151],[0.65619,0.212126,-0.724167],[-0.0951562,0.975275,0.199457]],"s":1.32976,"sphereCenter":[-32.2887,245.001,-10.5502],"sphereRadius":49.5973,"stabilizedPalmPosition":[-12.5754,255.192,-13.219],"t":[0.111794,-1.53835,11.1698],"timeVisible":134.728,"type":"right","wrist":[-8.5767,249.019,71.177]}],"id":1812554,"interactionBox":{"center":[0,200,0],"size":[235.247,235.247,147.751]},"pointables":[{"bases":[[[0.453128,0.888058,0.077635],[-0.798583,0.365681,0.478062],[0.396157,-0.278621,0.874888]],[[0.38978,0.919429,-0.0521826],[-0.91245,0.377917,-0.156887],[-0.124526,0.108765,0.986237]],[[0.38978,0.919429,-0.0521826],[-0.788473,0.303913,-0.53474],[-0.475796,0.249575,0.843404]],[[0.38978,0.919429,-0.0521826],[-0.204273,0.0310683,-0.978421],[-0.897967,0.392028,0.199925]]],"btipPosition":[5.76038,216.266,-12.0724],"carpPosition":[-37.6939,239.38,70.5935],"dipPosition":[-15.2553,225.441,-7.39345],"direction":[0.475796,-0.249575,-0.843404],"extended":false,"handId":506,"id":5060,"length":52.1164,"mcpPosition":[-37.6939,239.38,70.5935],"pipPosition":[-31.4778,233.951,21.3629],"stabilizedTipPosition":[4.93182,212.284,-34.8435],"timeVisible":134.728,"tipPosition":[1.40845,218.262,-10.2485],"tipVelocity":[-2.84125,45.7302,59.1094],"tool":false,"touchDistance":0.329693,"touchZone":"hovering","type":0,"width":20.25},{"bases":[[[0.991045,-0.0104588,-0.133119],[0.0291453,0.989834,0.139212],[0.13031,-0.141845,0.981274]],[[0.996128,-0.0403191,0.0781304],[-0.0108468,0.825504,0.564292],[-0.0872487,-0.562954,0.82187]],[[0.996128,-0.0403191,0.0781304],[0.00565447,0.916189,0.400706],[-0.0877383,-0.398713,0.912869]],[[0.996128,-0.0403191,0.0781304],[0.0206787,0.971162,0.237523],[-0.085454,-0.234987,0.968235]]],"btipPosition":[-30.495,308.92,-80.0072],"carpPosition":[-28.2372,260.647,66.1016],"dipPosition":[-31.955,304.905,-63.4643],"direction":[0.0877383,0.398713,-0.912869],"extended":true,"handId":506,"id":5061,"length":58.8075,"mcpPosition":[-37.8241,271.082,-6.09037],"pipPosition":[-34.0757,295.268,-41.3999],"stabilizedTipPosition":[-29.0729,301.117,-104.844],"timeVisible":134.728,"tipPosition":[-30.6006,308.255,-76.081],"tipVelocity":[-0.313308,46.9923,85.5416],"tool":false,"touchDistance":0.380807,"touchZone":"hovering","type":1,"width":19.3428},{"bases":[[[0.979952,-0.198115,-0.0210904],[0.199128,0.970461,0.136213],[-0.00651832,-0.137681,0.990455]],[[0.979668,-0.200603,-0.00294627],[0.0467011,0.242303,-0.969076],[0.195114,0.949235,0.246745]],[[0.979668,-0.200603,-0.00294627],[-0.179338,-0.869044,-0.461087],[0.0899351,0.452241,-0.88735]],[[0.979668,-0.200603,-0.00294627],[-0.199632,-0.976173,0.0850438],[-0.0199361,-0.0827266,-0.996373]]],"btipPosition":[-27.3252,214.835,27.1006],"carpPosition":[-16.1926,262.288,64.139],"dipPosition":[-27.6998,213.28,8.37678],"direction":[-0.0899351,-0.452241,0.88735],"extended":false,"handId":506,"id":5062,"length":67.0064,"mcpPosition":[-15.7379,271.894,-4.96305],"pipPosition":[-25.1424,226.14,-16.8563],"stabilizedTipPosition":[-23.6368,207.714,-12.7925],"timeVisible":134.728,"tipPosition":[-27.4105,214.428,22.5482],"tipVelocity":[17.3347,40.942,78.8876],"tool":false,"touchDistance":0.333333,"touchZone":"none","type":2,"width":18.9972},{"bases":[[[0.950494,-0.288806,0.114685],[0.268323,0.948943,0.165862],[-0.156732,-0.126878,0.979458]],[[0.954045,-0.285614,0.0906776],[0.158429,0.223899,-0.961649],[0.254358,0.931823,0.25886]],[[0.954045,-0.285614,0.0906776],[-0.211409,-0.855972,-0.471825],[0.212377,0.430972,-0.877017]],[[0.954045,-0.285614,0.0906776],[-0.291802,-0.95432,0.0642328],[0.0681896,-0.0877408,-0.993807]]],"btipPosition":[-12.7326,216.867,33.1357],"carpPosition":[-4.02828,260.853,63.1913],"dipPosition":[-11.4585,215.228,14.5674],"direction":[-0.212377,-0.430972,0.877017],"extended":false,"handId":506,"id":5063,"length":64.4285,"mcpPosition":[5.7894,268.8,1.83805],"pipPosition":[-5.57522,227.167,-9.72769],"stabilizedTipPosition":[-8.74099,209.941,-6.51763],"timeVisible":134.728,"tipPosition":[-12.3793,216.421,28.5672],"tipVelocity":[17.5704,41.4661,78.1934],"tool":false,"touchDistance":0.333333,"touchZone":"none","type":3,"width":18.077},{"bases":[[[0.868477,-0.454346,0.198284],[0.397984,0.877509,0.267557],[-0.295559,-0.153454,0.942919]],[[0.88583,-0.443428,0.136661],[0.280392,0.276879,-0.919086],[0.369709,0.852473,0.369602]],[[0.88583,-0.443428,0.136661],[-0.295504,-0.766192,-0.570637],[0.357745,0.465103,-0.809751]],[[0.88583,-0.443428,0.136661],[-0.440741,-0.896184,-0.051011],[0.145094,-0.0150451,-0.989304]]],"btipPosition":[1.9357,222.258,28.7986],"carpPosition":[7.36826,252.34,63.6526],"dipPosition":[4.43665,221.999,11.7462],"direction":[-0.357745,-0.465103,0.809751],"extended":false,"handId":506,"id":5064,"length":50.5107,"mcpPosition":[24.5063,261.238,8.97723],"pipPosition":[11.4337,231.095,-4.09159],"stabilizedTipPosition":[6.14205,215.836,-10.1409],"timeVisible":134.728,"tipPosition":[2.61856,222.168,24.7586],"tipVelocity":[16.9905,41.435,74.4239],"tool":false,"touchDistance":0.333333,"touchZone":"none","type":4,"width":16.0574}],"r":[[0.748572,-0.0619728,0.660151],[0.65619,0.212126,-0.724167],[-0.0951562,0.975275,0.199457]],"s":1.32976,"t":[0.111794,-1.53835,11.1698],"timestamp":97949200928},false],[6,{"currentFrameRate":104.057,"devices":[],"gestures":[],"hands":[{"armBasis":[[0.952021,0.173848,-0.251858],[0.0292849,0.767451,0.640438],[0.304627,-0.617086,0.725539]],"armWidth":63.72,"confidence":0.639382,"direction":[0.0415593,0.281159,-0.958761],"elbow":[73.9555,82.8926,267.7],"grabStrength":0,"id":506,"palmNormal":[-0.0498857,-0.957809,-0.283043],"palmPosition":[-13.8719,261.005,18.6123],"palmVelocity":[17.1606,44.9834,76.7589],"palmWidth":90.99,"pinchStrength":0.691935,"r":[[0.749534,-0.0627491,0.658985],[0.655192,0.212369,-0.724999],[-0.0944548,0.975173,0.20029]],"s":1.32988,"sphereCenter":[-32.3784,245.569,-9.86961],"sphereRadius":49.6565,"stabilizedPalmPosition":[-12.5759,255.194,-13.2049],"t":[0.277476,-1.07424,11.7759],"timeVisible":134.737,"type":"right","wrist":[-8.2939,249.506,71.8046]}],"id":1812555,"interactionBox":{"center":[0,200,0],"size":[235.247,235.247,147.751]},"pointables":[{"bases":[[[0.454277,0.887574,0.0764496],[-0.797005,0.366578,0.480003],[0.398014,-0.278985,0.873929]],[[0.390377,0.919087,-0.0537172],[-0.912601,0.378601,-0.15434],[-0.121514,0.109273,0.986557]],[[0.390377,0.919087,-0.0537172],[-0.791779,0.305386,-0.528986],[-0.469779,0.249036,0.846929]],[[0.390377,0.919087,-0.0537172],[-0.213239,0.0335035,-0.976425],[-0.89562,0.392629,0.209064]]],"btipPosition":[5.62103,216.764,-11.7222],"carpPosition":[-37.4228,239.898,71.2937],"dipPosition":[-15.3397,225.953,-6.8294],"direction":[0.469779,-0.249036,-0.846929],"extended":false,"handId":506,"id":5060,"length":52.1164,"mcpPosition":[-37.4228,239.898,71.2937],"pipPosition":[-31.3571,234.444,22.0471],"stabilizedTipPosition":[4.92283,212.299,-34.7908],"timeVisible":134.737,"tipPosition":[1.30671,218.761,-9.83065],"tipVelocity":[-5.8627,47.7781,54.2573],"tool":false,"touchDistance":0.336048,"touchZone":"hovering","type":0,"width":20.25},{"bases":[[[0.990701,-0.0115383,-0.135564],[0.0305571,0.989812,0.139065],[0.132578,-0.141915,0.98096]],[[0.996282,-0.0413735,0.0755649],[-0.00856515,0.825217,0.564751],[-0.0857232,-0.563299,0.821794]],[[0.996282,-0.0413735,0.0755649],[0.00764567,0.916134,0.4008],[-0.0858101,-0.398732,0.913044]],[[0.996282,-0.0413735,0.0755649],[0.0223421,0.971207,0.237188],[-0.0832025,-0.234618,0.96852]]],"btipPosition":[-30.5295,309.442,-79.3147],"carpPosition":[-27.9543,261.155,66.7769],"dipPosition":[-31.9511,305.433,-62.7669],"direction":[0.0858101,0.398732,-0.913044],"extended":true,"handId":506,"id":5061,"length":58.8075,"mcpPosition":[-37.708,271.595,-5.39201],"pipPosition":[-34.0252,295.796,-40.6983],"stabilizedTipPosition":[-29.0752,301.126,-104.806],"timeVisible":134.737,"tipPosition":[-30.628,308.763,-75.3967],"tipVelocity":[-1.0024,49.367,82.022],"tool":false,"touchDistance":0.386464,"touchZone":"hovering","type":1,"width":19.3428},{"bases":[[[0.979682,-0.199174,-0.0234937],[0.20051,0.970255,0.135648],[-0.00422261,-0.137602,0.990479]],[[0.979441,-0.201657,-0.00537672],[0.0445475,0.242207,-0.969201],[0.196749,0.949036,0.246211]],[[0.979441,-0.201657,-0.00537672],[-0.181416,-0.868849,-0.460641],[0.08822,0.452147,-0.88757]],[[0.979441,-0.201657,-0.00537672],[-0.200471,-0.97596,0.0855241],[-0.022494,-0.0826879,-0.996322]]],"btipPosition":[-27.1875,215.335,27.7754],"carpPosition":[-15.9128,262.783,64.7844],"dipPosition":[-27.6103,213.781,9.05255],"direction":[-0.08822,-0.452147,0.88757],"extended":false,"handId":506,"id":5062,"length":67.0064,"mcpPosition":[-15.6182,272.383,-4.31927],"pipPosition":[-25.1016,226.639,-16.1867],"stabilizedTipPosition":[-23.6373,207.715,-12.7874],"timeVisible":134.737,"tipPosition":[-27.2847,214.931,23.226],"tipVelocity":[16.1987,44.3698,76.7119],"tool":false,"touchDistance":0.333333,"touchZone":"none","type":2,"width":18.9972},{"bases":[[[0.950462,-0.289824,0.112361],[0.269755,0.948665,0.165128],[-0.154451,-0.126637,0.979851]],[[0.953946,-0.286648,0.0884248],[0.156359,0.223578,-0.962063],[0.256004,0.931582,0.258102]],[[0.953946,-0.286648,0.0884248],[-0.213474,-0.85579,-0.471223],[0.210748,0.430645,-0.87757]],[[0.953946,-0.286648,0.0884248],[-0.292688,-0.953997,0.0649949],[0.0657263,-0.0878825,-0.99396]]],"btipPosition":[-12.582,217.356,33.7787],"carpPosition":[-3.75243,261.334,63.8068],"dipPosition":[-11.3539,215.714,15.2075],"direction":[-0.210748,-0.430645,0.87757],"extended":false,"handId":506,"id":5063,"length":64.4285,"mcpPosition":[5.92238,269.267,2.42892],"pipPosition":[-5.51577,227.644,-9.10295],"stabilizedTipPosition":[-8.74146,209.942,-6.51286],"timeVisible":134.737,"tipPosition":[-12.2394,216.909,29.2111],"tipVelocity":[16.773,44.3616,75.225],"tool":false,"touchDistance":0.333333,"touchZone":"none","type":3,"width":18.077},{"bases":[[[0.868473,-0.455269,0.196174],[0.39959,0.877098,0.266508],[-0.293397,-0.153066,0.943657]],[[0.885513,-0.444507,0.135205],[0.278193,0.274189,-0.920559],[0.372123,0.85278,0.366456]],[[0.885513,-0.444507,0.135205],[-0.297868,-0.766472,-0.569031],[0.356569,0.463611,-0.811125]],[[0.885513,-0.444507,0.135205],[-0.441915,-0.895646,-0.0502883],[0.14345,-0.0152184,-0.989541]]],"btipPosition":[2.04406,222.726,29.486],"carpPosition":[7.63602,252.809,64.2406],"dipPosition":[4.51668,222.464,12.4295],"direction":[-0.356569,-0.463611,0.811125],"extended":false,"handId":506,"id":5064,"length":50.5107,"mcpPosition":[24.6487,261.685,9.52247],"pipPosition":[11.4907,231.531,-3.43514],"stabilizedTipPosition":[6.14155,215.837,-10.1359],"timeVisible":134.737,"tipPosition":[2.73007,222.639,25.4178],"tipVelocity":[15.2039,43.7072,73.8734],"tool":false,"touchDistance":0.333333,"touchZone":"none","t