{"sensorType":"Leap","data":[[0,{"currentFrameRate":108.27,"devices":[],"gestures":[],"hands":[{"armBasis":[[0.951749,0.226533,-0.20702],[-0.0306452,0.741387,0.670378],[0.305345,-0.631687,0.712556]],"armWidth":63.72,"confidence":0.659359,"direction":[0.0741201,0.246774,-0.966234],"elbow":[81.952,112.396,275.712],"grabStrength":0,"id":506,"palmNormal":[-0.00449352,-0.968807,-0.247776],"palmPosition":[-4.10973,292.265,29.5357],"palmVelocity":[63.7148,109.758,-315.31],"palmWidth":90.99,"pinchStrength":0.715405,"r":[[0.731613,-0.00864629,0.681665],[0.669921,0.194348,-0.716543],[-0.126285,0.980895,0.14798]],"s":1.27667,"sphereCenter":[-32.1813,275.229,-2.04945],"sphereRadius":53.8693,"stabilizedPalmPosition":[-11.5145,267.107,2.46354],"t":[9.56341,29.7174,26.0561],"timeVisible":141.105,"type":"right","wrist":[-0.491104,282.951,83.3217]}],"id":1813235,"interactionBox":{"center":[0,200,0],"size":[235.247,235.247,147.751]},"pointables":[{"bases":[[[0.419769,0.905544,0.0615226],[-0.829489,0.355231,0.430997],[0.368432,-0.231952,0.900253]],[[0.366159,0.928575,-0.0606369],[-0.91302,0.345907,-0.216204],[-0.179787,0.134527,0.974464]],[[0.366159,0.928575,-0.0606369],[-0.80437,0.283071,-0.522359],[-0.467885,0.240041,0.850567]],[[0.366159,0.928575,-0.0606369],[-0.455579,0.122064,-0.881787],[-0.811403,0.350499,0.467734]]],"btipPosition":[14.6944,249.188,-6.65348],"carpPosition":[-29.2226,272.291,81.9367],"dipPosition":[-4.29531,257.391,4.29319],"direction":[0.467885,-0.240041,-0.850567],"extended":false,"handId":506,"id":5060,"length":52.1164,"mcpPosition":[-29.2226,272.291,81.9367],"pipPosition":[-20.2481,265.575,33.2938],"stabilizedTipPosition":[0.975927,226.421,-17.0143],"timeVisible":141.105,"tipPosition":[10.4797,250.959,-3.68839],"tipVelocity":[65.0021,114.733,-324.598],"tool":false,"touchDistance":-0.412729,"touchZone":"hovering","type":0,"width":20.25},{"bases":[[[0.995527,0.0190492,-0.0925371],[-0.00955516,0.994741,0.101976],[0.093993,-0.100636,0.990473]],[[0.99654,0.00105199,0.0831137],[-0.0445145,0.851195,0.522959],[-0.0701958,-0.524849,0.848296]],[[0.99654,0.00105199,0.0831137],[-0.0295313,0.939165,0.342195],[-0.0776974,-0.343466,0.935946]],[[0.99654,0.00105199,0.0831137],[-0.014717,0.986355,0.163974],[-0.0818071,-0.164629,0.982957]]],"btipPosition":[-20.9221,334.759,-71.7176],"carpPosition":[-20.2986,293.692,77.0126],"dipPosition":[-22.3198,331.946,-54.9232],"direction":[0.0776974,0.343466,-0.935946],"extended":true,"handId":506,"id":5061,"length":58.8075,"mcpPosition":[-27.2136,301.095,4.14382],"pipPosition":[-24.1978,323.644,-32.301],"stabilizedTipPosition":[-28.796,310.408,-82.6185],"timeVisible":141.105,"tipPosition":[-21.1836,334.126,-67.8192],"tipVelocity":[89.0967,134.793,-309.461],"tool":false,"touchDistance":-0.398878,"touchZone":"hovering","type":1,"width":19.3428},{"bases":[[[0.986018,-0.164582,0.0261107],[0.160954,0.98119,0.106585],[-0.0431616,-0.100892,0.993961]],[[0.984644,-0.167034,0.0507518],[0.118441,0.425615,-0.897119],[0.128248,0.889354,0.438863]],[[0.984644,-0.167034,0.0507518],[-0.0931293,-0.748484,-0.656582],[0.147658,0.641773,-0.752546]],[[0.984644,-0.167034,0.0507518],[-0.162291,-0.982949,-0.086444],[0.0643255,0.07688,-0.994963]]],"btipPosition":[-16.8219,240.154,25.0725],"carpPosition":[-8.24386,295.676,75.4755],"dipPosition":[-15.6131,241.598,6.37515],"direction":[-0.147658,-0.641773,0.752546],"extended":false,"handId":506,"id":5062,"length":67.0064,"mcpPosition":[-5.23256,302.715,6.12885],"pipPosition":[-11.4142,259.848,-15.0245],"stabilizedTipPosition":[-22.3967,216.923,-4.50026],"timeVisible":141.105,"tipPosition":[-16.5574,240.897,22.3441],"tipVelocity":[64.8743,103.437,-366.371],"tool":false,"touchDistance":0.333333,"touchZone":"none","type":2,"width":18.9972},{"bases":[[[0.953961,-0.25113,0.163986],[0.229531,0.963208,0.139809],[-0.193063,-0.0957323,0.976505]],[[0.94785,-0.253846,0.192726],[0.281582,0.383689,-0.879485],[0.149307,0.887888,0.435158]],[[0.94785,-0.253846,0.192726],[-0.0706911,-0.757072,-0.649496],[0.310779,0.602001,-0.735535]],[[0.94785,-0.253846,0.192726],[-0.237966,-0.965914,-0.101893],[0.212022,0.0507167,-0.975948]]],"btipPosition":[-3.15779,243.332,33.0747],"carpPosition":[3.99033,294.63,75.0752],"dipPosition":[0.80363,244.28,14.8401],"direction":[-0.310779,-0.602001,0.735535],"extended":false,"handId":506,"id":5063,"length":64.4285,"mcpPosition":[16.0838,300.627,13.907],"pipPosition":[9.41284,260.957,-5.53573],"stabilizedTipPosition":[-9.03665,220.456,2.0458],"timeVisible":141.105,"tipPosition":[-2.27348,243.853,29.6957],"tipVelocity":[61.4054,108.904,-321.935],"tool":false,"touchDistance":0.333333,"touchZone":"none","type":3,"width":18.077},{"bases":[[[0.874078,-0.416197,0.250534],[0.357148,0.900155,0.249332],[-0.32929,-0.128458,0.93545]],[[0.884625,-0.411657,0.219038],[0.382037,0.370489,-0.846632],[0.267371,0.832632,0.485012]],[[0.884625,-0.411657,0.219038],[-0.158426,-0.707119,-0.689118],[0.438566,0.574909,-0.690752]],[[0.884625,-0.411657,0.219038],[-0.37858,-0.908281,-0.178051],[0.272244,0.0745853,-0.959333]]],"btipPosition":[12.0036,252.02,34.9782],"carpPosition":[15.6341,286.542,76.324],"dipPosition":[16.6963,253.305,18.4423],"direction":[-0.438566,-0.574909,0.690752],"extended":false,"handId":506,"id":5064,"length":50.5107,"mcpPosition":[34.7281,293.991,22.0817],"pipPosition":[25.2741,264.55,4.93206],"stabilizedTipPosition":[6.4034,227.321,0.829389],"timeVisible":141.105,"tipPosition":[13.0115,252.572,32.0187],"tipVelocity":[62.9904,108.032,-317.32],"tool":false,"touchDistance":0.333333,"touchZone":"none","type":4,"width":16.0574}],"r":[[0.731613,-0.00864629,0.681665],[0.669921,0.194348,-0.716543],[-0.126285,0.980895,0.14798]],"s":1.27667,"t":[9.56341,29.7174,26.0561],"timestamp":97955578838},false],[1,{"currentFrameRate":108.291,"devices":[],"gestures":[],"hands":[{"armBasis":[[0.953393,0.219506,-0.207025],[-0.0268851,0.745192,0.666308],[0.300532,-0.629687,0.716362]],"armWidth":63.72,"confidence":0.660041,"direction":[0.0718212,0.243857,-0.967148],"elbow":[81.1956,113.659,275.276],"grabStrength":0,"id":506,"palmNormal":[-0.00732363,-0.969497,-0.244993],"palmPosition":[-3.70413,292.842,28.0563],"palmVelocity":[58.2298,96.6257,-272.117],"palmWidth":90.99,"pinchStrength":0.715031,"r":[[0.730592,-0.00846848,0.682761],[0.67087,0.195111,-0.715448],[-0.127155,0.980745,0.148228]],"s":1.27649,"sphereCenter":[-31.9093,275.816,-3.41237],"sphereRadius":53.8684,"stabilizedPalmPosition":[-11.4951,267.171,2.5271],"t":[10.0872,30.4722,23.9411],"timeVisible":141.115,"type":"right","wrist":[0.0520253,283.674,81.8578]}],"id":1813236,"interactionBox":{"center":[0,200,0],"size":[235.247,235.247,147.751]},"pointables":[{"bases":[[[0.421912,0.904798,0.0577067],[-0.827448,0.358265,0.432407],[0.370567,-0.230187,0.89983]],[[0.367832,0.927638,-0.0647052],[-0.913065,0.347122,-0.214052],[-0.176102,0.137815,0.974677]],[[0.367832,0.927638,-0.0647052],[-0.805953,0.283325,-0.519776],[-0.463832,0.243339,0.851849]],[[0.367832,0.927638,-0.0647052],[-0.461177,0.12156,-0.878942],[-0.807475,0.353143,0.472519]]],"btipPosition":[14.7965,249.632,-8.16913],"carpPosition":[-28.7065,273.073,80.5873],"dipPosition":[-4.10131,257.896,2.88951],"direction":[0.463832,-0.243339,-0.851849],"extended":false,"handId":506,"id":5060,"length":52.1164,"mcpPosition":[-28.7065,273.073,80.5873],"pipPosition":[-19.9159,266.193,31.9338],"stabilizedTipPosition":[1.03311,226.572,-16.9456],"timeVisible":141.115,"tipPosition":[10.6307,251.421,-5.16837],"tipVelocity":[50.5701,96.5601,-279.125],"tool":false,"touchDistance":-0.422138,"touchZone":"hovering","type":0,"width":20.25},{"bases":[[[0.99529,0.0166156,-0.0955047],[-0.00709631,0.995046,0.0991621],[0.0966792,-0.0980173,0.990478]],[[0.996711,-0.000966956,0.0810304],[-0.0415396,0.852466,0.521129],[-0.0695796,-0.522781,0.849622]],[[0.996711,-0.000966956,0.0810304],[-0.0268618,0.939453,0.341624],[-0.0764546,-0.342677,0.936337]],[[0.996711,-0.000966956,0.0810304],[-0.0124363,0.986258,0.164741],[-0.0800762,-0.165207,0.983003]]],"btipPosition":[-20.6578,335.216,-73.2217],"carpPosition":[-19.7505,294.44,75.576],"dipPosition":[-22.0259,332.393,-56.4265],"direction":[0.0764546,0.342677,-0.936337],"extended":true,"handId":506,"id":5061,"length":58.8075,"mcpPosition":[-26.8631,301.651,2.70698],"pipPosition":[-23.8738,324.111,-33.7948],"stabilizedTipPosition":[-28.7559,310.532,-82.5506],"timeVisible":141.115,"tipPosition":[-20.9386,334.535,-69.3409],"tipVelocity":[72.4253,110.939,-268.646],"tool":false,"touchDistance":-0.409882,"touchZone":"hovering","type":1,"width":19.3428},{"bases":[[[0.98573,-0.166656,0.0236945],[0.163396,0.981137,0.10331],[-0.0404647,-0.0979642,0.994367]],[[0.984421,-0.169038,0.0483925],[0.117409,0.42708,-0.896559],[0.130885,0.888273,0.440273]],[[0.984421,-0.169038,0.0483925],[-0.0959662,-0.747156,-0.657684],[0.14733,0.642794,-0.751738]],[[0.984421,-0.169038,0.0483925],[-0.164495,-0.982613,-0.0861041],[0.0621059,0.0768024,-0.99511]]],"btipPosition":[-16.5383,240.691,23.4785],"carpPosition":[-7.69606,296.394,73.998],"dipPosition":[-15.3712,242.135,4.77841],"direction":[-0.14733,-0.642794,0.751738],"extended":false,"handId":506,"id":5062,"length":67.0064,"mcpPosition":[-4.87292,303.229,4.62303],"pipPosition":[-11.1816,260.413,-16.5983],"stabilizedTipPosition":[-22.3932,216.936,-4.48686],"timeVisible":141.115,"tipPosition":[-16.279,241.423,20.727],"tipVelocity":[55.0626,90.8535,-312.4],"tool":false,"touchDistance":0.333333,"touchZone":"none","type":2,"width":18.9972},{"bases":[[[0.953891,-0.25274,0.16191],[0.232031,0.9631,0.136384],[-0.190405,-0.0925277,0.977335]],[[0.947852,-0.255363,0.1907],[0.279797,0.380212,-0.881562],[0.152611,0.888948,0.431835]],[[0.947852,-0.255363,0.1907],[-0.0743667,-0.75904,-0.646783],[0.309913,0.598873,-0.738448]],[[0.947852,-0.255363,0.1907],[-0.240434,-0.965696,-0.0980931],[0.209208,0.0471268,-0.976735]]],"btipPosition":[-2.8511,243.928,31.7562],"carpPosition":[4.5346,295.32,73.5649],"dipPosition":[1.05774,244.808,13.5069],"direction":[-0.309913,-0.598873,0.738448],"extended":false,"handId":506,"id":5063,"length":64.4285,"mcpPosition":[16.4616,301.116,12.3446],"pipPosition":[9.64296,261.398,-6.94958],"stabilizedTipPosition":[-9.0293,220.481,2.07225],"timeVisible":141.115,"tipPosition":[-1.97404,244.426,28.347],"tipVelocity":[53.1905,96.0814,-272.096],"tool":false,"touchDistance":0.333333,"touchZone":"none","type":3,"width":18.077},{"bases":[[[0.873904,-0.417385,0.249162],[0.359832,0.900081,0.245713],[-0.326823,-0.125073,0.936773]],[[0.884492,-0.4129,0.217227],[0.380492,0.368933,-0.848006],[0.27,0.832708,0.483423]],[[0.884492,-0.4129,0.217227],[-0.161395,-0.707635,-0.687899],[0.437751,0.573382,-0.692537]],[[0.884492,-0.4129,0.217227],[-0.380743,-0.907891,-0.175412],[0.269646,0.0724427,-0.960231]]],"btipPosition":[12.3587,252.555,33.4867],"carpPosition":[16.1644,287.21,74.8027],"dipPosition":[17.0065,253.804,16.9354],"direction":[-0.437751,-0.573382,0.692537],"extended":false,"handId":506,"id":5064,"length":50.5107,"mcpPosition":[35.1153,294.463,20.4837],"pipPosition":[25.5684,265.019,3.39024],"stabilizedTipPosition":[6.41739,227.372,0.886856],"timeVisible":141.115,"tipPosition":[13.3536,253.1,30.5234],"tipVelocity":[55.8566,93.8539,-274.037],"tool":false,"touchDistance":0.333333,"touchZone":"none","type":4,"width":16.0574}],"r":[[0.730592,-0.00846848,0.682761],[0.67087,0.195111,-0.715448],[-0.127155,0.980745,0.148228]],"s":1.27649,"t":[10.0872,30.4722,23.9411],"timestamp":97955588035},false],[2,{"currentFrameRate":108.354,"devices":[],"gestures":[],"hands":[{"armBasis":[[0.953942,0.220873,-0.203003],[-0.0322459,0.74827,0.66261],[0.298254,-0.625545,0.720928]],"armWidth":63.72,"confidence":0.64266,"direction":[0.0798607,0.244306,-0.966404],"elbow":[80.4047,115.396,274.499],"grabStrength":0,"id":506,"palmNormal":[-0.00506775,-0.969389,-0.245479],"palmPosition":[-3.43155,293.485,26.0212],"palmVelocity":[50.3682,89.3705,-258.56],"palmWidth":90.99,"pinchStrength":0.718301,"r":[[0.728629,-0.00835846,0.684857],[0.672814,0.195813,-0.713427],[-0.128141,0.980606,0.148299]],"s":1.27634,"sphereCenter":[-31.369,276.535,-5.70276],"sphereRadius":53.8756,"stabilizedPalmPosition":[-11.4779,267.227,2.57734],"t":[10.4853,31.1709,21.866],"timeVisible":141.124,"type":"right","wrist":[-0.123829,284.293,79.8481]}],"id":1813237,"interactionBox":{"center":[0,200,0],"size":[235.247,235.247,147.751]},"pointables":[{"bases":[[[0.421223,0.90486,0.0616405],[-0.831114,0.357899,0.425627],[0.363072,-0.230514,0.902797]],[[0.368134,0.927752,-0.0612749],[-0.911351,0.347001,-0.221426],[-0.184166,0.137357,0.97325]],[[0.368134,0.927752,-0.0612749],[-0.802038,0.28353,-0.525686],[-0.470333,0.242668,0.848469]],[[0.368134,0.927752,-0.0612749],[-0.455822,0.122645,-0.881581],[-0.810373,0.35247,0.468039]]],"btipPosition":[15.3266,250.307,-10.1329],"carpPosition":[-28.8685,273.686,78.3323],"dipPosition":[-3.63909,258.556,0.820898],"direction":[0.470333,-0.242668,-0.848469],"extended":false,"handId":506,"id":5060,"length":52.1164,"mcpPosition":[-28.8685,273.686,78.3323],"pipPosition":[-19.6754,266.83,29.75],"stabilizedTipPosition":[1.08235,226.699,-16.8993],"timeVisible":141.124,"tipPosition":[11.1523,252.093,-7.15218],"tipVelocity":[52.199,90.2091,-262.185],"tool":false,"touchDistance":-0.438076,"touchZone":"hovering","type":0,"width":20.25},{"bases":[[[0.996051,0.0168656,-0.0871646],[-0.00813669,0.995,0.0995445],[0.0884076,-0.0984422,0.991208]],[[0.995904,-0.000901467,0.090415],[-0.0466474,0.851484,0.522301],[-0.0774578,-0.524379,0.847954]],[[0.995904,-0.000901467,0.090415],[-0.0305437,0.937817,0.345783],[-0.0851045,-0.347128,0.933948]],[[0.995904,-0.000901467,0.090415],[-0.0147033,0.985026,0.171776],[-0.089216,-0.172401,0.980978]]],"btipPosition":[-19.4704,336.164,-75.2818],"carpPosition":[-19.8754,295.058,73.4056],"dipPosition":[-20.9947,333.219,-58.5212],"direction":[0.0851045,0.347128,-0.933948],"extended":true,"handId":506,"id":5061,"length":58.8075,"mcpPosition":[-26.3795,302.3,0.482865],"pipPosition":[-23.0517,324.829,-35.9473],"stabilizedTipPosition":[-28.7121,310.654,-82.4961],"timeVisible":141.124,"tipPosition":[-19.8169,335.369,-71.4403],"tipVelocity":[87.3852,108.16,-257.056],"tool":false,"touchDistance":-0.428248,"touchZone":"hovering","type":1,"width":19.3428},{"bases":[[[0.985533,-0.166461,0.0318684],[0.162318,0.981124,0.105113],[-0.0487641,-0.0984194,0.99395]],[[0.984014,-0.168859,0.0565914],[0.125376,0.431167,-0.893519],[0.126478,0.886331,0.445445]],[[0.984014,-0.168859,0.0565914],[-0.0896484,-0.74424,-0.661869],[0.15388,0.646215,-0.74748]],[[0.984014,-0.168859,0.0565914],[-0.163372,-0.982397,-0.0905862],[0.0708915,0.0798927,-0.994279]]],"btipPosition":[-16.2107,241.282,21.0531],"carpPosition":[-7.80856,297.015,71.9295],"dipPosition":[-14.8785,242.784,2.36861],"direction":[-0.15388,-0.646215,0.74748],"extended":false,"handId":506,"id":5062,"length":67.0064,"mcpPosition":[-4.40639,303.881,2.58359],"pipPosition":[-10.5027,261.16,-18.887],"stabilizedTipPosition":[-22.39,216.949,-4.47622],"timeVisible":141.124,"tipPosition":[-15.927,242.013,18.2828],"tipVelocity":[50.9119,84.0398,-299.438],"tool":false,"touchDistance":0.333333,"touchZone":"none","type":2,"width":18.9972},{"bases":[[[0.952556,-0.252615,0.169774],[0.230678,0.963087,0.138752],[-0.198558,-0.0930065,0.975666]],[[0.94627,-0.255254,0.198541],[0.287044,0.380261,-0.879208],[0.148924,0.888959,0.433099]],[[0.94627,-0.255254,0.198541],[-0.0689398,-0.759081,-0.647336],[0.315943,0.598867,-0.735893]],[[0.94627,-0.255254,0.198541],[-0.239489,-0.965721,-0.100141],[0.217296,0.0472123,-0.974963]]],"btipPosition":[-2.6029,244.58,29.7338],"carpPosition":[4.42552,295.944,71.5983],"dipPosition":[1.45707,245.462,11.5175],"direction":[-0.315943,-0.598867,0.735893],"extended":false,"handId":506,"id":5063,"length":64.4285,"mcpPosition":[16.8632,301.77,10.4825],"pipPosition":[10.2093,262.052,-8.86816],"stabilizedTipPosition":[-9.02233,220.504,2.09449],"timeVisible":141.124,"tipPosition":[-1.69544,245.067,26.3021],"tipVelocity":[47.0437,89.2729,-257.928],"tool":false,"touchDistance":0.333333,"touchZone":"none","type":3,"width":18.077},{"bases":[[[0.871876,-0.417315,0.25628],[0.357572,0.900046,0.249118],[-0.334625,-0.125562,0.933949]],[[0.883126,-0.412632,0.223211],[0.387598,0.373702,-0.842683],[0.264303,0.830712,0.489961]],[[0.883126,-0.412632,0.223211],[-0.154139,-0.704591,-0.692671],[0.443091,0.57731,-0.685845]],[[0.883126,-0.412632,0.223211],[-0.378241,-0.90773,-0.18155],[0.277529,0.0759037,-0.957714]]],"btipPosition":[12.654,253.143,31.372],"carpPosition":[16.0463,287.836,72.9296],"dipPosition":[17.4377,254.452,14.8641],"direction":[-0.443091,-0.57731,0.685845],"extended":false,"handId":506,"id":5064,"length":50.5107,"mcpPosition":[35.4496,295.117,18.7744],"pipPosition":[26.1041,265.743,1.44979],"stabilizedTipPosition":[6.42996,227.416,0.932598],"timeVisible":141.124,"tipPosition":[13.6564,253.703,28.436],"tipVelocity":[50.2988,86.1285,-262.067],"tool":false,"touchDistance":0.333333,"touchZone":"none","type":4,"width":16.0574}],"r":[[0.728629,-0.00835846,0.684857],[0.672814,0.195813,-0.713427],[-0.128141,0.980606,0.148299]],"s":1.27634,"t":[10.4853,31.1709,21.866],"timestamp":97955597150},false],[3,{"currentFrameRate":108.31,"devices":[],"gestures":[],"hands":[{"armBasis":[[0.955234,0.21716,-0.200921],[-0.0347959,0.756883,0.652624],[0.293797,-0.616417,0.730556]],"armWidth":63.72,"confidence":0.644682,"direction":[0.0870413,0.256851,-0.962523],"elbow":[79.4356,118.341,273.964],"grabStrength":0,"id":506,"palmNormal":[-0.00358254,-0.966103,-0.25813],"palmPosition":[-2.79874,294.668,22.9884],"palmVelocity":[55.3387,100.015,-277.531],"palmWidth":90.99,"pinchStrength":0.713324,"r":[[0.726046,-0.0101203,0.687572],[0.675424,0.198179,-0.710301],[-0.129074,0.980114,0.150722]],"s":1.27696,"sphereCenter":[-30.5419,278.369,-9.1428],"sphereRadius":53.9416,"stabilizedPalmPosition":[-11.4609,267.281,2.61739],"t":[11.0008,32.1117,19.3121],"timeVisible":141.133,"type":"right","wrist":[0.110273,284.774,76.7137]}],"id":1813238,"interactionBox":{"center":[0,200,0],"size":[235.247,235.247,147.751]},"pointables":[{"bases":[[[0.421056,0.9038,0.076527],[-0.834101,0.352672,0.424143],[0.356352,-0.242419,0.902356]],[[0.368958,0.928292,-0.0462917],[-0.90953,0.350349,-0.223632],[-0.191378,0.124615,0.973574]],[[0.368958,0.928292,-0.0462917],[-0.798287,0.290991,-0.527316],[-0.476033,0.231512,0.848407]],[[0.368958,0.928292,-0.0462917],[-0.451103,0.135304,-0.882156],[-0.812635,0.346361,0.468677]]],"btipPosition":[16.1764,251.98,-13.6455],"carpPosition":[-28.626,274.2,74.8486],"dipPosition":[-2.84221,260.086,-2.6768],"direction":[0.476033,-0.231512,-0.848407],"extended":false,"handId":506,"id":5060,"length":52.1164,"mcpPosition":[-28.626,274.2,74.8486],"pipPosition":[-19.0728,267.979,26.2502],"stabilizedTipPosition":[1.13042,226.821,-16.8734],"timeVisible":141.133,"tipPosition":[11.9905,253.723,-10.6593],"tipVelocity":[62.8689,114.486,-294.589],"tool":false,"touchDistance":-0.47524,"touchZone":"hovering","type":0,"width":20.25},{"bases":[[[0.99667,0.0175774,-0.0796195],[-0.0085406,0.993621,0.112449],[0.0810881,-0.111395,0.990463]],[[0.99506,-0.00267822,0.099241],[-0.0512189,0.842477,0.536293],[-0.0850446,-0.538726,0.838177]],[[0.99506,-0.00267822,0.099241],[-0.0342609,0.928959,0.368594],[-0.093178,-0.370173,0.924278]],[[0.99506,-0.00267822,0.099241],[-0.0175805,0.979084,0.202697],[-0.0977081,-0.203441,0.9742]]],"btipPosition":[-17.9802,339.393,-77.5957],"carpPosition":[-19.5898,295.63,70.2673],"dipPosition":[-19.6496,335.917,-60.9509],"direction":[0.093178,0.370173,-0.924278],"extended":true,"handId":506,"id":5061,"length":58.8075,"mcpPosition":[-25.5555,303.825,-2.60065],"pipPosition":[-21.9017,326.97,-38.6108],"stabilizedTipPosition":[-28.6463,310.832,-82.4405],"timeVisible":141.133,"tipPosition":[-18.3953,338.259,-73.8578],"tipVelocity":[106.902,171.876,-255.443],"tool":false,"touchDistance":-0.448865,"touchZone":"hovering","type":1,"width":19.3428},{"bases":[[[0.985217,-0.167281,0.0369322],[0.161864,0.979601,0.119088],[-0.0561,-0.111349,0.992197]],[[0.983525,-0.169989,0.0615067],[0.131778,0.44127,-0.887646],[0.123749,0.881127,0.456401]],[[0.983525,-0.169989,0.0615067],[-0.0853757,-0.736689,-0.670821],[0.159344,0.654518,-0.739064]],[[0.983525,-0.169989,0.0615067],[-0.163126,-0.981185,-0.103278],[0.0779057,0.0915435,-0.992749]]],"btipPosition":[-15.5578,242.566,17.3552],"carpPosition":[-7.51187,297.601,68.9054],"dipPosition":[-14.0938,244.287,-1.30053],"direction":[-0.159344,-0.654518,0.739064],"extended":false,"handId":506,"id":5062,"length":67.0064,"mcpPosition":[-3.59789,305.369,-0.318162],"pipPosition":[-9.56264,262.899,-22.3169],"stabilizedTipPosition":[-22.3865,216.961,-4.46769],"timeVisible":141.133,"tipPosition":[-15.2529,243.305,14.4891],"tipVelocity":[57.2576,100.78,-326.84],"tool":false,"touchDistance":0.333333,"touchZone":"none","type":2,"width":18.9972},{"bases":[[[0.951199,-0.255211,0.173457],[0.229969,0.961098,0.15299],[-0.205753,-0.105635,0.972886]],[[0.944695,-0.258225,0.202167],[0.293587,0.391189,-0.872226],[0.146145,0.883341,0.445366]],[[0.944695,-0.258225,0.202167],[-0.0645737,-0.75085,-0.657308],[0.321531,0.607901,-0.725999]],[[0.944695,-0.258225,0.202167],[-0.239151,-0.964254,-0.114113],[0.224407,0.0594534,-0.97268]]],"btipPosition":[-2.01721,245.728,26.095],"carpPosition":[4.72397,296.529,68.6501],"dipPosition":[2.17561,246.839,7.92141],"direction":[-0.321531,-0.607901,0.725999],"extended":false,"handId":506,"id":5063,"length":64.4285,"mcpPosition":[17.6124,303.146,7.70856],"pipPosition":[11.0827,263.679,-12.1902],"stabilizedTipPosition":[-9.01515,220.527,2.11234],"timeVisible":141.133,"tipPosition":[-1.08234,246.248,22.6482],"tipVelocity":[52.4511,100.487,-295.171],"tool":false,"touchDistance":0.333333,"touchZone":"none","type":3,"width":18.077},{"bases":[[[0.869832,-0.420992,0.257213],[0.356028,0.896569,0.263454],[-0.341521,-0.137586,0.929749]],[[0.88194,-0.415579,0.222432],[0.391369,0.382611,-0.836923],[0.262703,0.825168,0.500084]],[[0.88194,-0.415579,0.222432],[-0.151597,-0.696899,-0.700964],[0.446319,0.584488,-0.677623]],[[0.88194,-0.415579,0.222432],[-0.377663,-0.905368,-0.194111],[0.282051,0.0871898,-0.955429]]],"btipPosition":[13.2551,254.265,28.0887],"carpPosition":[16.332,288.399,69.961],"dipPosition":[18.1167,255.768,11.6202],"direction":[-0.446319,-0.584488,0.677623],"extended":false,"handId":506,"id":5064,"length":50.5107,"mcpPosition":[36.1351,296.377,16.0493],"pipPosition":[26.8462,267.2,-1.63329],"stabilizedTipPosition":[6.44236,227.459,0.969068],"timeVisible":141.133,"tipPosition":[14.272,254.844,25.0603],"tipVelocity":[54.8689,97.1924,-287.374],"tool":false,"touchDistance":0.333333,"touchZone":"none","type":4,"width":16.0574}],"r":[[0.726046,-0.0101203,0.687572],[0.675424,0.198179,-0.710301],[-0.129074,0.980114,0.150722]],"s":1.27696,"t":[11.0008,32.1117,19.3121],"timestamp":97955606462},false],[4,{"currentFrameRate":108.143,"devices":[],"gestures":[],"hands":[{"armBasis":[[0.95884,0.209673,-0.191478],[-0.0368488,0.760522,0.648266],[0.281547,-0.614527,0.736945]],"armWidth":63.72,"confidence":0.64585,"direction":[0.0910622,0.252093,-0.963409],"elbow":[76.4093,119.937,272.349],"grabStrength":0,"id":506,"palmNormal":[-0.00319001,-0.96735,-0.253426],"palmPosition":[-2.29583,295.492,19.59],"palmVelocity":[54.5656,96.0679,-300.141],"palmWidth":90.99,"pinchStrength":0.710891,"r":[[0.723417,-0.010959,0.690324],[0.678096,0.199284,-0.70744],[-0.129818,0.97988,0.151597]],"s":1.27812,"sphereCenter":[-29.9873,279.211,-12.5468],"sphereRadius":54.0107,"stabilizedPalmPosition":[-11.445,267.33,2.64683],"t":[11.51,32.9943,16.3359],"timeVisible":141.143,"type":"right","wrist":[0.391633,285.859,73.3742]}],"id":1813239,"interactionBox":{"center":[0,200,0],"size":[235.247,235.247,147.751]},"pointables":[{"bases":[[[0.421346,0.903892,0.0738014],[-0.835558,0.355275,0.419074],[0.352577,-0.23824,0.904948]],[[0.369841,0.927794,-0.049152],[-0.908324,0.349943,-0.229103],[-0.19536,0.129378,0.97216]],[[0.369841,0.927794,-0.049152],[-0.796386,0.289323,-0.531095],[-0.478526,0.235565,0.845885]],[[0.369841,0.927794,-0.049152],[-0.449887,0.132547,-0.883195],[-0.812908,0.348755,0.466424]]],"btipPosition":[16.7486,252.642,-16.8393],"carpPosition":[-28.3439,275.294,71.4456],"dipPosition":[-2.27638,260.804,-5.92326],"direction":[0.478526,-0.235565,-0.845885],"extended":false,"handId":506,"id":5060,"length":52.1164,"mcpPosition":[-28.3439,275.294,71.4456],"pipPosition":[-18.592,268.836,22.9177],"stabilizedTipPosition":[1.17393,226.928,-16.8636],"timeVisible":141.143,"tipPosition":[12.5669,254.396,-13.8574],"tipVelocity":[61.9723,101.857,-306.454],"tool":false,"touchDistance":-0.504137,"touchZone":"hovering","type":0,"width":20.25},{"bases":[[[0.996992,0.0165474,-0.0757125],[-0.00833189,0.994163,0.107564],[0.0770505,-0.10661,0.991311]],[[0.994535,-0.00295613,0.104359],[-0.0534447,0.844273,0.533242],[-0.0896834,-0.535906,0.839501]],[[0.994535,-0.00295613,0.104359],[-0.0361064,0.928176,0.370386],[-0.0979581,-0.37213,0.922997]],[[0.994535,-0.00295613,0.104359],[-0.0190765,0.977624,0.209491],[-0.102643,-0.210337,0.972226]]],"btipPosition":[-16.9695,340.151,-81.1216],"carpPosition":[-19.2753,296.696,66.796],"dipPosition":[-18.7232,336.557,-64.5106],"direction":[0.0979581,0.37213,-0.922997],"extended":true,"handId":506,"id":5061,"length":58.8075,"mcpPosition":[-24.9439,304.539,-6.13436],"pipPosition":[-21.0909,327.563,-42.2013],"stabilizedTipPosition":[-28.5688,311.028,-82.4052],"timeVisible":141.143,"tipPosition":[-17.4276,338.888,-77.4258],"tipVelocity":[106.007,144.357,-288.517],"tool":false,"touchDistance":-0.485317,"touchZone":"hovering","type":1,"width":19.3428},{"bases":[[[0.98495,-0.167733,0.041693],[0.162035,0.980067,0.114953],[-0.0601434,-0.106468,0.992496]],[[0.983167,-0.170308,0.0661596],[0.13529,0.435237,-0.890093],[0.122795,0.884061,0.450952]],[[0.983167,-0.170308,0.0661596],[-0.0835695,-0.741188,-0.666075],[0.162475,0.649335,-0.742945]],[[0.983167,-0.170308,0.0661596],[-0.163479,-0.981697,-0.0977009],[0.081588,0.0852406,-0.993014]]],"btipPosition":[-15.0668,243.402,14.2798],"carpPosition":[-7.1907,298.652,65.4729],"dipPosition":[-13.5336,245.004,-4.38093],"direction":[-0.162475,-0.649335,0.742945],"extended":false,"handId":506,"id":5062,"length":67.0064,"mcpPosition":[-2.99462,306.081,-3.77153],"pipPosition":[-8.91337,263.468,-25.5076],"stabilizedTipPosition":[-22.3829,216.974,-4.46098],"timeVisible":141.143,"tipPosition":[-14.7487,244.094,11.293],"tipVelocity":[56.0532,96.1221,-325.487],"tool":false,"touchDistance":0.333333,"touchZone":"none","type":2,"width":18.9972},{"bases":[[[0.950328,-0.254973,0.178507],[0.229992,0.961685,0.149218],[-0.209715,-0.100751,0.972558]],[[0.943641,-0.257868,0.207473],[0.296328,0.379064,-0.876641],[0.147413,0.888715,0.434114]],[[0.943641,-0.257868,0.207473],[-0.0657294,-0.760388,-0.646134],[0.324377,0.596082,-0.734483]],[[0.943641,-0.257868,0.207473],[-0.241292,-0.965074,-0.102035],[0.226538,0.0462226,-0.972905]]],"btipPosition":[-1.62301,246.799,23.4792],"carpPosition":[5.04534,297.572,65.2719],"dipPosition":[2.60962,247.663,5.30142],"direction":[-0.324377,-0.596082,0.734483],"extended":false,"handId":506,"id":5063,"length":64.4285,"mcpPosition":[18.1819,303.883,4.35082],"pipPosition":[11.5955,264.175,-15.0452],"stabilizedTipPosition":[-9.00784,220.55,2.12735],"timeVisible":141.143,"tipPosition":[-0.650406,247.176,19.7577],"tipVelocity":[49.5022,102.142,-289.061],"tool":false,"touchDistance":0.333333,"touchZone":"none","type":3,"width":18.077},{"bases":[[[0.868517,-0.42029,0.262745],[0.355565,0.897616,0.260499],[-0.34533,-0.132825,0.929034]],[[0.881184,-0.414857,0.226735],[0.393686,0.37834,-0.837777],[0.261775,0.827497,0.496711]],[[0.881184,-0.414857,0.226735],[-0.150084,-0.700244,-0.69795],[0.448319,0.580993,-0.679307]],[[0.881184,-0.414857,0.226735],[-0.37749,-0.90613,-0.190868],[0.284634,0.0825995,-0.955071]]],"btipPosition":[13.7357,255.096,24.9841],"carpPosition":[16.6426,289.441,66.6688],"dipPosition":[18.6419,256.52,8.5217],"direction":[-0.448319,-0.580993,0.679307],"extended":false,"handId":506,"id":5064,"length":50.5107,"mcpPosition":[36.6666,297.143,12.7986],"pipPosition":[27.4105,267.883,-4.76472],"stabilizedTipPosition":[6.45408,227.498,0.997213],"timeVisible":141.143,"tipPosition":[14.7557,255.656,21.9208],"tipVelocity":[53.8688,93.6972,-298.22],"tool":false,"touchDistance":0.333333,"touchZone":"none","type":4,"width":16.0574}],"r":[[0.723417,-0.010959,0.690324],[0.678096,0.199284,-0.70744],[-0.129818,0.97988,0.151597]],"s":1.27812,"t":[11.51,32.9943,16.3359],"timestamp":97955616012},false],[5,{"currentFrameRate":108.269,"devices":[],"gestures":[],"hands":[{"armBasis":[[0.961356,0.192974,-0.196355],[-0.0239001,0.769027,0.63877],[0.274268,-0.609392,0.743921]],"armWidth":63.72,"confidence":0.642911,"direction":[0.0910604,0.250295,-0.963878],"elbow":[74.838,122.545,270.347],"grabStrength":0,"id":506,"palmNormal":[-0.0163933,-0.967391,-0.252756],"palmPosition":[-1.95799,296.713,15.7065],"palmVelocity":[49.8772,106.918,-336.129],"palmWidth":90.99,"pinchStrength":0.702873,"r":[[0.721736,-0.0133839,0.692039],[0.680266,0.198332,-0.705622],[-0.127809,0.980044,0.152248]],"s":1.28002,"sphereCenter":[-30.0927,280.875,-16.2689],"sphereRadius":54.1138,"stabilizedPalmPosition":[-11.4315,267.372,2.66542],"t":[11.9335,34.0462,12.9061],"timeVisible":141.152,"type":"right","wrist":[0.785613,287.081,69.4881]}],"id":1813240,"interactionBox":{"center":[0,200,0],"size":[235.247,235.247,147.751]},"pointables":[{"bases":[[[0.433103,0.898482,0.071784],[-0.829548,0.36619,0.42161],[0.352523,-0.242149,0.903931]],[[0.38147,0.922969,-0.0510752],[-0.904599,0.361367,-0.226084],[-0.190211,0.132447,0.972768]],[[0.38147,0.922969,-0.0510752],[-0.795436,0.299608,-0.526798],[-0.470916,0.241585,0.848454]],[[0.38147,0.922969,-0.0510752],[-0.455687,0.139691,-0.879111],[-0.804257,0.358629,0.473873]]],"btipPosition":[16.2848,253.641,-20.9148],"carpPosition":[-28.0888,276.883,67.6623],"dipPosition":[-2.53775,262.034,-9.82448],"direction":[0.470916,-0.241585,-0.848454],"extended":false,"handId":506,"id":5060,"length":52.1164,"mcpPosition":[-28.0888,276.883,67.6623],"pipPosition":[-18.5939,270.271,19.1041],"stabilizedTipPosition":[1.20571,227.013,-16.868],"timeVisible":141.152,"tipPosition":[12.1804,255.441,-17.871],"tipVelocity":[32.2146,105.965,-345.345],"tool":false,"touchDistance":-0.542588,"touchZone":"hovering","type":0,"width":20.25},{"bases":[[[0.996864,0.00375888,-0.0790414],[0.00472825,0.994257,0.106915],[0.0789893,-0.106953,0.991121]],[[0.994691,-0.0156672,0.101708],[-0.0411561,0.845295,0.532713],[-0.0943192,-0.53407,0.840162]],[[0.994691,-0.0156672,0.101708],[-0.0233427,0.92823,0.371274],[-0.100225,-0.371677,0.922936]],[[0.994691,-0.0156672,0.101708],[-0.00627042,0.977279,0.211865],[-0.102716,-0.211378,0.971992]]],"btipPosition":[-16.3447,341.572,-84.9586],"carpPosition":[-18.7631,298.164,62.968],"dipPosition":[-18.0997,337.961,-68.3515],"direction":[0.100225,0.371677,-0.922936],"extended":true,"handId":506,"id":5061,"length":58.8075,"mcpPosition":[-24.5744,306.032,-9.94841],"pipPosition":[-20.5222,328.977,-46.0438],"stabilizedTipPosition":[-28.4935,311.217,-82.3971],"timeVisible":141.152,"tipPosition":[-16.8249,340.3,-81.266],"tipVelocity":[95.9274,147.921,-326.311],"tool":false,"touchDistance":-0.522687,"touchZone":"hovering","type":1,"width":19.3428},{"bases":[[[0.982861,-0.180278,0.0385289],[0.174925,0.977989,0.113747],[-0.0581868,-0.105058,0.992762]],[[0.981144,-0.182793,0.0627969],[0.137115,0.429288,-0.892699],[0.136221,0.884476,0.446257]],[[0.981144,-0.182793,0.0627969],[-0.0960685,-0.743142,-0.662201],[0.167713,0.643682,-0.74669]],[[0.981144,-0.182793,0.0627969],[-0.176546,-0.979818,-0.0937496],[0.0786663,0.0808954,-0.993613]]],"btipPosition":[-15.4128,244.838,10.7357],"carpPosition":[-6.65898,299.965,61.6034],"dipPosition":[-13.9345,246.359,-7.93627],"direction":[-0.167713,-0.643682,0.74669],"extended":false,"handId":506,"id":5062,"length":67.0064,"mcpPosition":[-2.5994,307.295,-7.65969],"pipPosition":[-9.16532,264.663,-29.1695],"stabilizedTipPosition":[-22.3799,216.985,-4.45647],"timeVisible":141.152,"tipPosition":[-15.0944,245.477,7.55538],"tipVelocity":[29.7104,112.959,-344.238],"tool":false,"touchDistance":0.333333,"touchZone":"none","type":2,"width":18.9972},{"bases":[[[0.947584,-0.266981,0.175517],[0.242755,0.958763,0.147798],[-0.207738,-0.0974434,0.973319]],[[0.940805,-0.26983,0.205129],[0.295488,0.356441,-0.886361],[0.16605,0.894506,0.415073]],[[0.940805,-0.26983,0.205129],[-0.0840774,-0.772059,-0.629965],[0.328355,0.575427,-0.749044]],[[0.940805,-0.26983,0.205129],[-0.257077,-0.962468,-0.0869846],[0.220901,0.0291016,-0.974862]]],"btipPosition":[-2.06821,248.381,20.8127],"carpPosition":[5.56152,298.728,61.3623],"dipPosition":[2.05911,248.925,2.59833],"direction":[-0.328355,-0.575427,0.749044],"extended":false,"handId":506,"id":5063,"length":64.4285,"mcpPosition":[18.5743,304.832,0.393629],"pipPosition":[11.1552,264.866,-18.1517],"stabilizedTipPosition":[-9.00138,220.573,2.13923],"timeVisible":141.152,"tipPosition":[-1.04737,248.581,16.6108],"tipVelocity":[21.5799,120.098,-291.229],"tool":false,"touchDistance":0.333333,"touchZone":"none","type":3,"width":18.077},{"bases":[[[0.863948,-0.431186,0.260139],[0.36787,0.893165,0.258704],[-0.343897,-0.127809,0.930269]],[[0.87746,-0.425517,0.221357],[0.392235,0.370941,-0.841757],[0.276072,0.825432,0.492389]],[[0.87746,-0.425517,0.221357],[-0.16455,-0.70054,-0.694383],[0.450541,0.572869,-0.684715]],[[0.87746,-0.425517,0.221357],[-0.390408,-0.901703,-0.185776],[0.278649,0.0765916,-0.957334]]],"btipPosition":[13.6228,256.15,21.2675],"carpPosition":[17.0586,290.451,62.7262],"dipPosition":[18.4258,257.47,4.76614],"direction":[-0.450541,-0.572869,0.684715],"extended":false,"handId":506,"id":5064,"length":50.5107,"mcpPosition":[36.9995,297.862,8.7844],"pipPosition":[27.2378,268.675,-8.62606],"stabilizedTipPosition":[6.46325,227.53,1.01548],"timeVisible":141.152,"tipPosition":[14.6205,256.666,18.0806],"tipVelocity":[34.8962,99.3834,-329.92],"tool":false,"touchDistance":0.333333,"touchZone":"none","type":4,"width":16.0574}],"r":[[0.721736,-0.0133839,0.692039],[0.680266,0.198332,-0.705622],[-0.127809,0.980044,0.152248]],"s":1.28002,"t":[11.9335,34.0462,12.9061],"timestamp":97955625020},false],[6,{"currentFrameRate":108.193,"devices":[],"gestures":[],"hands":[{"armBasis":[[0.962817,0.184156,-0.19766],[-0.0180343,0.77384,0.633125],[0.269551,-0.606019,0.748387]],"armWidth":63.72,"confidence":0.620457,"direction":[0.0946727,0.250955,-0.963358],"elbow":[73.8067,123.946,269.501],"grabStrength":0,"id":506,"palmNormal":[-0.0236439,-0.966865,-0.254192],"palmPosition":[-1.54817,297.303,13.664],"palmVelocity":[48.1182,94.399,-302.469],"palmWidth":90.99,"pinchStrength":0.694014,"r":[[0.720125,-0.0166672,0.693644],[0.682547,0.196686,-0.703878],[-0.124699,0.980325,0.153015]],"s":1.28228,"sphereCenter":[-29.8643,281.834,-18.3349],"sphereRadius":54.2037,"stabilizedPalmPosition":[-11.4188,267.41,2.67947],"t":[12.3502,34.8671,10.1699],"timeVisible":141.161,"type":"right","wrist":[1.02801,287.571,67.436]}],"id":1813241,"interactionBox":{"center":[0,200,0],"size":[235.247,235.247,147.751]},"pointables":[{"bases":[[[0.440098,0.89491,0.07382],[-0.827327,0.372155,0.420751],[0.349062,-0.246245,0.904168]],[[0.388953,0.919959,-0.0489022],[-0.901277,0.368986,-0.227045],[-0.190828,0.132384,0.972656]],[[0.388953,0.919959,-0.0489022],[-0.793211,0.307423,-0.52565],[-0.468543,0.243243,0.849294]],[[0.388953,0.919959,-0.0489022],[-0.456461,0.146337,-0.877627],[-0.800224,0.363678,0.476844]]],"btipPosition":[16.3057,254.193,-23.1228],"carpPosition":[-27.9233,277.606,65.5469],"dipPosition":[-2.42243,262.704,-11.9629],"direction":[0.468543,-0.243243,-0.849294],"extended":false,"handId":506,"id":5060,"length":52.1164,"mcpPosition":[-27.9233,277.606,65.5469],"pipPosition":[-18.3977,270.998,16.9943],"stabilizedTipPosition":[1.23191,227.083,-16.877],"timeVisible":141.161,"tipPosition":[12.2437,256.007,-20.0485],"tipVelocity":[24.3471,93.3738,-313.595],"tool":false,"touchDistance":-0.549542,"touchZone":"hovering","type":0,"width":20.25},{"bases":[[[0.996995,-0.00404172,-0.0773628],[0.0124389,0.994033,0.108372],[0.0764631,-0.109008,0.991096]],[[0.994293,-0.0237809,0.104004],[-0.0356356,0.844826,0.533853],[-0.100561,-0.534512,0.839157]],[[0.994293,-0.0237809,0.104004],[-0.0169582,0.927219,0.374134],[-0.105332,-0.373763,0.921524]],[[0.994293,-0.0237809,0.104004],[0.000712147,0.976299,0.216426],[-0.106686,-0.215117,0.970744]]],"btipPosition":[-15.3574,342.512,-86.9268],"carpPosition":[-18.4211,298.819,60.8993],"dipPosition":[-17.1802,338.836,-70.341],"direction":[0.105332,0.373763,-0.921524],"extended":true,"handId":506,"id":5061,"length":58.8075,"mcpPosition":[-24.0465,306.839,-12.0152],"pipPosition":[-19.7261,329.802,-48.0674],"stabilizedTipPosition":[-28.4099,311.417,-82.4018],"timeVisible":141.161,"tipPosition":[-15.8714,341.216,-83.2445],"tipVelocity":[98.1073,133.895,-293.337],"tool":false,"touchDistance":-0.528348,"touchZone":"hovering","type":1,"width":19.3428},{"bases":[[[0.981333,-0.188131,0.0399155],[0.182489,0.976404,0.115465],[-0.0606963,-0.106026,0.992509]],[[0.97957,-0.190649,0.0639943],[0.141333,0.426271,-0.893487],[0.143063,0.884277,0.444507]],[[0.97957,-0.190649,0.0639943],[-0.101588,-0.743742,-0.660702],[0.173557,0.640703,-0.747915]],[[0.97957,-0.190649,0.0639943],[-0.184351,-0.978446,-0.0930467],[0.0803542,0.0793483,-0.993603]]],"btipPosition":[-15.4072,245.59,8.82658],"carpPosition":[-6.30075,300.526,59.5576],"dipPosition":[-13.8971,247.081,-9.84521],"direction":[-0.173557,-0.640703,0.747915],"extended":false,"handId":506,"id":5062,"length":67.0064,"mcpPosition":[-2.06609,307.923,-9.68781],"pipPosition":[-8.9618,265.301,-31.1132],"stabilizedTipPosition":[-22.377,216.997,-4.45282],"timeVisible":141.161,"tipPosition":[-15.0775,246.189,5.48055],"tipVelocity":[21.6532,103.426,-304.227],"tool":false,"touchDistance":0.333333,"touchZone":"none","type":2,"width":18.9972},{"bases":[[[0.945137,-0.274749,0.176718],[0.250107,0.956591,0.149602],[-0.21015,-0.0971963,0.972826]],[[0.938172,-0.277629,0.206773],[0.297622,0.341853,-0.891379],[0.176787,0.897808,0.403346]],[[0.938172,-0.277629,0.206773],[-0.0939934,-0.779178,-0.619716],[0.333163,0.561965,-0.757098]],[[0.938172,-0.277629,0.206773],[-0.266869,-0.960505,-0.0788042],[0.220484,0.0187507,-0.97521]]],"btipPosition":[-2.17386,249.249,19.5701],"carpPosition":[5.90994,299.192,59.3352],"dipPosition":[1.94567,249.599,1.34924],"direction":[-0.333163,-0.561965,0.757098],"extended":false,"handId":506,"id":5063,"length":64.4285,"mcpPosition":[19.0737,305.281,-1.60256],"pipPosition":[11.175,265.167,-19.6239],"stabilizedTipPosition":[-8.99456,220.598,2.15084],"timeVisible":141.161,"tipPosition":[-1.11612,249.325,15.0726],"tipVelocity":[12.1866,110.901,-246.132],"tool":false,"touchDistance":0.333333,"touchZone":"none","type":3,"width":18.077},{"bases":[[[0.860058,-0.438407,0.26096],[0.37451,0.889842,0.260622],[-0.346472,-0.126418,0.929503]],[[0.874629,-0.432344,0.219323],[0.392672,0.366468,-0.843511],[0.284312,0.823881,0.490293]],[[0.874629,-0.432344,0.219323],[-0.172849,-0.700778,-0.692122],[0.452932,0.56744,-0.687651]],[[0.874629,-0.432344,0.219323],[-0.398293,-0.898749,-0.18334],[0.276383,0.0729998,-0.958271]]],"btipPosition":[13.753,256.664,19.4398],"carpPosition":[17.3386,290.822,60.7064],"dipPosition":[18.517,257.922,2.92224],"direction":[-0.452932,-0.56744,0.687651],"extended":false,"handId":506,"id":5064,"length":50.5107,"mcpPosition":[37.4289,298.152,6.80896],"pipPosition":[27.3758,269.02,-10.5274],"stabilizedTipPosition":[6.47128,227.558,1.02949],"timeVisible":141.161,"tipPosition":[14.7405,257.136,16.1144],"tipVelocity":[28.6505,86.2588,-291.627],"tool":false,"touchDistance":0.333333,"touchZone":"none","type":4,"width":16.0574}],"r":[[0.720125,-0.0166672,0.693644],[0.682547,0.196686,-0.703878]