{"sensorType":"Leap","data":[[0,{"currentFrameRate":104.091,"devices":[],"gestures":[],"hands":[{"armBasis":[[0.952357,0.111134,-0.284015],[0.0844542,0.798732,0.595731],[0.293058,-0.591335,0.751292]],"armWidth":63.72,"confidence":0.663686,"direction":[0.0391523,0.259317,-0.964998],"elbow":[78.5458,109.723,277.459],"grabStrength":0,"id":506,"palmNormal":[-0.106014,-0.95921,-0.262063],"palmPosition":[-6.49749,280.1,21.2913],"palmVelocity":[20.6146,86.4567,66.5483],"palmWidth":90.99,"pinchStrength":0.594878,"r":[[0.762774,-0.0907401,0.640267],[0.646375,0.136651,-0.750684],[-0.019376,0.986455,0.162886]],"s":1.33544,"sphereCenter":[-31.8192,266.456,-6.95076],"sphereRadius":51.8274,"stabilizedPalmPosition":[-11.3022,263.104,-0.966551],"t":[7.64143,17.8866,14.7032],"timeVisible":139.158,"type":"right","wrist":[-0.579825,269.383,74.6101]}],"id":1813026,"interactionBox":{"center":[0,200,0],"size":[235.247,235.247,147.751]},"pointables":[{"bases":[[[0.502281,0.863249,0.0501431],[-0.767507,0.418361,0.485703],[0.398305,-0.282445,0.872684]],[[0.441302,0.894382,-0.0730332],[-0.891315,0.427445,-0.151157],[-0.103975,0.131801,0.985808]],[[0.441302,0.894382,-0.0730332],[-0.803289,0.357453,-0.476397],[-0.399975,0.268902,0.876192]],[[0.441302,0.894382,-0.0730332],[-0.390843,0.118309,-0.912822],[-0.807771,0.431375,0.401773]]],"btipPosition":[7.54812,235.502,-13.6913],"carpPosition":[-30.1842,261.345,74.7951],"dipPosition":[-11.3566,245.598,-4.28837],"direction":[0.399975,-0.268902,-0.876192],"extended":false,"handId":506,"id":5060,"length":52.1164,"mcpPosition":[-30.1842,261.345,74.7951],"pipPosition":[-24.994,254.766,25.5859],"stabilizedTipPosition":[0.624701,221.55,-29.4581],"timeVisible":139.158,"tipPosition":[3.37026,237.711,-11.2092],"tipVelocity":[48.9226,105.301,49.9143],"tool":false,"touchDistance":0.353623,"touchZone":"hovering","type":0,"width":20.25},{"bases":[[[0.986062,-0.0674263,-0.152104],[0.0858199,0.989322,0.117796],[0.142537,-0.129208,0.98132]],[[0.994657,-0.0918849,0.0470506],[0.0516522,0.837608,0.543824],[-0.0893792,-0.538489,0.837879]],[[0.994657,-0.0918849,0.0470506],[0.0674642,0.923574,0.377438],[-0.0781356,-0.372247,0.924839]],[[0.994657,-0.0918849,0.0470506],[0.0799096,0.973873,0.212569],[-0.0653532,-0.207673,0.976013]]],"btipPosition":[-23.3199,327.154,-77.5476],"carpPosition":[-19.6786,281.968,69.6745],"dipPosition":[-24.4365,323.606,-60.8718],"direction":[0.0781356,0.372247,-0.924839],"extended":true,"handId":506,"id":5061,"length":58.8075,"mcpPosition":[-30.165,291.474,-2.52077],"pipPosition":[-26.3251,314.608,-38.5181],"stabilizedTipPosition":[-26.8942,310.533,-91.0783],"timeVisible":139.158,"tipPosition":[-23.5504,326.748,-73.5473],"tipVelocity":[13.0311,104.285,76.6852],"tool":false,"touchDistance":0.400714,"touchZone":"hovering","type":1,"width":19.3428},{"bases":[[[0.967079,-0.251924,-0.0359635],[0.254398,0.960604,0.111902],[0.00635598,-0.117367,0.993068]],[[0.96708,-0.253428,-0.0230542],[0.0370178,0.229732,-0.97255],[0.251767,0.93968,0.23155]],[[0.96708,-0.253428,-0.0230542],[-0.235293,-0.856,-0.460328],[0.0969256,0.450598,-0.887449]],[[0.96708,-0.253428,-0.0230542],[-0.250788,-0.964516,0.0825488],[-0.0431563,-0.0740495,-0.99632]]],"btipPosition":[-22.1294,234.38,30.9577],"carpPosition":[-7.60545,282.907,67.4442],"dipPosition":[-22.9404,232.989,12.2349],"direction":[-0.0969256,-0.450598,0.887449],"extended":false,"handId":506,"id":5062,"length":67.0064,"mcpPosition":[-8.04889,291.095,-1.84016],"pipPosition":[-20.1842,245.802,-13.001],"stabilizedTipPosition":[-26.4665,212.118,-1.86272],"timeVisible":139.158,"tipPosition":[-22.3786,233.873,26.2841],"tipVelocity":[43.8643,76.5654,47.7233],"tool":false,"touchDistance":0.333333,"touchZone":"none","type":2,"width":18.9972},{"bases":[[[0.935526,-0.338142,0.102234],[0.322915,0.935919,0.140646],[-0.143241,-0.0985652,0.984767]],[[0.934105,-0.339074,0.111699],[0.182138,0.183545,-0.96599],[0.307041,0.922681,0.233209]],[[0.934105,-0.339074,0.111699],[-0.254361,-0.851674,-0.458205],[0.250497,0.399599,-0.8818]],[[0.934105,-0.339074,0.111699],[-0.348019,-0.934623,0.0732296],[0.0795664,-0.107278,-0.99104]]],"btipPosition":[-8.73098,236.672,37.1294],"carpPosition":[4.44072,280.788,66.2906],"dipPosition":[-7.24436,234.668,18.6128],"direction":[-0.250497,-0.399599,0.8818],"extended":false,"handId":506,"id":5063,"length":64.4285,"mcpPosition":[13.4134,286.962,4.60479],"pipPosition":[-0.305101,245.737,-5.81487],"stabilizedTipPosition":[-12.8407,214.694,3.93076],"timeVisible":139.158,"tipPosition":[-8.31825,236.063,32.6568],"tipVelocity":[39.3406,82.0341,52.7331],"tool":false,"touchDistance":0.333333,"touchZone":"none","type":3,"width":18.077},{"bases":[[[0.846358,-0.497239,0.190869],[0.45056,0.859523,0.241281],[-0.284031,-0.118212,0.9515]],[[0.856716,-0.492292,0.153905],[0.298349,0.229573,-0.926436],[0.420745,0.83961,0.343553]],[[0.856716,-0.492292,0.153905],[-0.338004,-0.761232,-0.553424],[0.389604,0.422107,-0.818557]],[[0.856716,-0.492292,0.153905],[-0.493161,-0.869226,-0.0351798],[0.151097,-0.0457609,-0.987459]]],"btipPosition":[6.732,241.374,32.419],"carpPosition":[15.3642,271.674,66.7091],"dipPosition":[9.33643,240.585,15.3984],"direction":[-0.389604,-0.422107,0.818557],"extended":false,"handId":506,"id":5064,"length":50.5107,"mcpPosition":[31.8338,278.529,11.5362],"pipPosition":[16.9566,248.841,-0.611589],"stabilizedTipPosition":[2.75594,220.092,-0.513198],"timeVisible":139.158,"tipPosition":[7.42453,241.018,28.3937],"tipVelocity":[38.7661,90.7985,52.9382],"tool":false,"touchDistance":0.333333,"touchZone":"none","type":4,"width":16.0574}],"r":[[0.762774,-0.0907401,0.640267],[0.646375,0.136651,-0.750684],[-0.019376,0.986455,0.162886]],"s":1.33544,"t":[7.64143,17.8866,14.7032],"timestamp":97953631343},false],[1,{"currentFrameRate":104.311,"devices":[],"gestures":[],"hands":[{"armBasis":[[0.951593,0.112937,-0.285862],[0.0851148,0.796851,0.59815],[0.295342,-0.593526,0.748665]],"armWidth":63.72,"confidence":0.666021,"direction":[0.0429537,0.257195,-0.965404],"elbow":[79.032,110.955,277.31],"grabStrength":0,"id":506,"palmNormal":[-0.108617,-0.959366,-0.260419],"palmPosition":[-6.43069,281.836,21.8126],"palmVelocity":[16.8932,115.128,63.8309],"palmWidth":90.99,"pinchStrength":0.594618,"r":[[0.761789,-0.090447,0.64148],[0.647452,0.139889,-0.749157],[-0.0219767,0.986028,0.165126]],"s":1.33537,"sphereCenter":[-31.7777,268.24,-6.47801],"sphereRadius":51.8543,"stabilizedPalmPosition":[-11.0469,264.086,0.227233],"t":[7.76288,19.0537,15.1428],"timeVisible":139.167,"type":"right","wrist":[-0.710392,271.207,75.1706]}],"id":1813027,"interactionBox":{"center":[0,200,0],"size":[235.247,235.247,147.751]},"pointables":[{"bases":[[[0.505175,0.861574,0.0498852],[-0.767473,0.422061,0.482545],[0.394693,-0.282055,0.87445]],[[0.444792,0.892628,-0.0733142],[-0.889278,0.430418,-0.154677],[-0.106513,0.133996,0.985241]],[[0.444792,0.892628,-0.0733142],[-0.800774,0.359684,-0.478945],[-0.40115,0.271739,0.874778]],[[0.444792,0.892628,-0.0733142],[-0.388391,0.118476,-0.913847],[-0.807039,0.434946,0.399387]]],"btipPosition":[7.53858,237.141,-13.0707],"carpPosition":[-30.3434,263.274,75.2833],"dipPosition":[-11.349,247.321,-3.72367],"direction":[0.40115,-0.271739,-0.874778],"extended":false,"handId":506,"id":5060,"length":52.1164,"mcpPosition":[-30.3434,263.274,75.2833],"pipPosition":[-25.0265,256.586,26.1024],"stabilizedTipPosition":[0.883537,223.356,-27.5909],"timeVisible":139.167,"tipPosition":[3.36637,239.364,-10.5989],"tipVelocity":[35.0982,126.367,54.4692],"tool":false,"touchDistance":0.360709,"touchZone":"hovering","type":0,"width":20.25},{"bases":[[[0.986268,-0.0712146,-0.149009],[0.0889608,0.989254,0.116032],[0.139145,-0.127695,0.982004]],[[0.994191,-0.0952776,0.0500699],[0.0530446,0.838499,0.542316],[-0.0936541,-0.536509,0.838681]],[[0.994191,-0.0952776,0.0500699],[0.0696656,0.92423,0.375427],[-0.0820458,-0.369758,0.925499]],[[0.994191,-0.0952776,0.0500699],[0.0827777,0.974169,0.2101],[-0.0687944,-0.204735,0.976397]]],"btipPosition":[-22.8045,328.729,-77.1773],"carpPosition":[-19.7498,283.849,70.1521],"dipPosition":[-23.9799,325.231,-60.495],"direction":[0.0820458,0.369758,-0.925499],"extended":true,"handId":506,"id":5061,"length":58.8075,"mcpPosition":[-29.9866,293.244,-2.09355],"pipPosition":[-25.963,316.294,-38.1253],"stabilizedTipPosition":[-26.5589,312.06,-89.5207],"timeVisible":139.167,"tipPosition":[-23.0433,328.332,-73.1777],"tipVelocity":[24.6609,123.435,66.5907],"tool":false,"touchDistance":0.399552,"touchZone":"hovering","type":1,"width":19.3428},{"bases":[[[0.966286,-0.255405,-0.0325496],[0.257454,0.959929,0.110701],[0.00297152,-0.115349,0.993321]],[[0.966244,-0.256876,-0.0196952],[0.0406378,0.227457,-0.97294],[0.254405,0.939297,0.230218]],[[0.966244,-0.256876,-0.0196952],[-0.236994,-0.856267,-0.458956],[0.101031,0.448131,-0.88824]],[[0.966244,-0.256876,-0.0196952],[-0.254412,-0.963427,0.0841546],[-0.0405922,-0.0763032,-0.996258]]],"btipPosition":[-22.2466,236.205,31.5376],"carpPosition":[-7.66675,284.741,67.9561],"dipPosition":[-23.0094,234.771,12.8159],"direction":[-0.101031,-0.448131,0.88824],"extended":false,"handId":506,"id":5062,"length":67.0064,"mcpPosition":[-7.87406,292.789,-1.34587],"pipPosition":[-20.1365,247.514,-12.4425],"stabilizedTipPosition":[-26.279,213.219,-0.514104],"timeVisible":139.167,"tipPosition":[-22.4852,235.686,26.8666],"tipVelocity":[28.3936,110.403,52.0504],"tool":false,"touchDistance":0.333333,"touchZone":"none","type":2,"width":18.9972},{"bases":[[[0.934016,-0.341228,0.105729],[0.325796,0.935062,0.139702],[-0.146533,-0.0960374,0.984533]],[[0.932481,-0.342185,0.115713],[0.185872,0.179863,-0.965972],[0.309728,0.922258,0.231321]],[[0.932481,-0.342185,0.115713],[-0.256013,-0.852053,-0.456578],[0.254828,0.396126,-0.882126]],[[0.932481,-0.342185,0.115713],[-0.351665,-0.933168,0.0743635],[0.082534,-0.110035,-0.990495]]],"btipPosition":[-8.88577,238.47,37.7796],"carpPosition":[4.37526,282.578,66.843],"dipPosition":[-7.3437,236.414,19.2732],"direction":[-0.254828,-0.396126,0.882126],"extended":false,"handId":506,"id":5063,"length":64.4285,"mcpPosition":[13.5541,288.594,5.17182],"pipPosition":[-0.284453,247.387,-5.1635],"stabilizedTipPosition":[-12.6696,215.619,5.10571],"timeVisible":139.167,"tipPosition":[-8.45531,237.846,33.2987],"tipVelocity":[24.0404,113.468,57.8656],"tool":false,"touchDistance":0.333333,"touchZone":"none","type":3,"width":18.077},{"bases":[[[0.844022,-0.499827,0.194421],[0.452869,0.858422,0.240874],[-0.287291,-0.115256,0.950884]],[[0.85444,-0.495028,0.157731],[0.302324,0.22683,-0.925823],[0.42253,0.838746,0.343472]],[[0.85444,-0.495028,0.157731],[-0.338832,-0.761082,-0.553125],[0.393858,0.419168,-0.81803]],[[0.85444,-0.495028,0.157731],[-0.496147,-0.867532,-0.035027],[0.154176,-0.0483291,-0.986861]]],"btipPosition":[6.62261,243.087,33.0407],"carpPosition":[15.2652,273.426,67.3128],"dipPosition":[9.28011,242.254,16.0304],"direction":[-0.393858,-0.419168,0.81803],"extended":false,"handId":506,"id":5064,"length":50.5107,"mcpPosition":[31.9238,280.11,12.1756],"pipPosition":[16.9835,250.452,0.0307186],"stabilizedTipPosition":[2.92728,220.964,0.621013],"timeVisible":139.167,"tipPosition":[7.32719,242.724,29.0276],"tipVelocity":[24.9903,117.252,57.1471],"tool":false,"touchDistance":0.333333,"touchZone":"none","type":4,"width":16.0574}],"r":[[0.761789,-0.090447,0.64148],[0.647452,0.139889,-0.749157],[-0.0219767,0.986028,0.165126]],"s":1.33537,"t":[7.76288,19.0537,15.1428],"timestamp":97953640518},false],[2,{"currentFrameRate":104.482,"devices":[],"gestures":[],"hands":[{"armBasis":[[0.951083,0.109401,-0.288916],[0.0901025,0.796311,0.598139],[0.295504,-0.594912,0.7475]],"armWidth":63.72,"confidence":0.670581,"direction":[0.0467103,0.256206,-0.965493],"elbow":[79.0144,112.019,277.632],"grabStrength":0,"id":506,"palmNormal":[-0.115516,-0.958678,-0.259987],"palmPosition":[-6.31168,283.282,22.4314],"palmVelocity":[15.761,126.691,64.691],"palmWidth":90.99,"pinchStrength":0.593942,"r":[[0.760621,-0.0913024,0.642743],[0.648802,0.141381,-0.747708],[-0.0226042,0.985736,0.166775]],"s":1.33533,"sphereCenter":[-31.7827,269.884,-5.8992],"sphereRadius":51.8856,"stabilizedPalmPosition":[-10.7503,265.289,1.61827],"t":[7.88311,20.3602,15.672],"timeVisible":139.176,"type":"right","wrist":[-0.771667,272.645,75.8069]}],"id":1813028,"interactionBox":{"center":[0,200,0],"size":[235.247,235.247,147.751]},"pointables":[{"bases":[[[0.511696,0.857696,0.0502501],[-0.765091,0.428278,0.480847],[0.390899,-0.284494,0.875363]],[[0.451876,0.889097,-0.0729003],[-0.885611,0.437275,-0.156474],[-0.107243,0.135268,0.984988]],[[0.451876,0.889097,-0.0729003],[-0.797349,0.365892,-0.479956],[-0.400054,0.275008,0.874258]],[[0.451876,0.889097,-0.0729003],[-0.387092,0.121797,-0.913961],[-0.803721,0.441216,0.399199]]],"btipPosition":[7.33837,238.486,-12.4493],"carpPosition":[-30.465,264.941,75.8701],"dipPosition":[-11.4716,248.812,-3.10655],"direction":[0.400054,-0.275008,-0.874258],"extended":false,"handId":506,"id":5060,"length":52.1164,"mcpPosition":[-30.465,264.941,75.8701],"pipPosition":[-25.1117,258.188,26.7018],"stabilizedTipPosition":[1.12539,225.345,-25.6263],"timeVisible":139.176,"tipPosition":[3.18982,240.735,-9.97242],"tipVelocity":[19.694,132.724,58.0112],"tool":false,"touchDistance":0.367279,"touchZone":"hovering","type":0,"width":20.25},{"bases":[[[0.985964,-0.0789004,-0.147139],[0.0963558,0.988618,0.115544],[0.136348,-0.1281,0.982344]],[[0.993345,-0.102871,0.0518027],[0.0585573,0.838359,0.541964],[-0.0991816,-0.535324,0.838804]],[[0.993345,-0.102871,0.0518027],[0.0761472,0.924,0.374734],[-0.0864149,-0.368296,0.925684]],[[0.993345,-0.102871,0.0518027],[0.0899396,0.973757,0.209066],[-0.07195,-0.203015,0.976529]]],"btipPosition":[-22.156,330.224,-76.6215],"carpPosition":[-19.7039,285.43,70.7449],"dipPosition":[-23.3853,326.755,-59.9369],"direction":[0.0864149,0.368296,-0.925684],"extended":true,"handId":506,"id":5061,"length":58.8075,"mcpPosition":[-29.735,294.854,-1.52575],"pipPosition":[-25.474,317.853,-37.5628],"stabilizedTipPosition":[-26.1349,313.847,-87.7985],"timeVisible":139.176,"tipPosition":[-22.3996,329.828,-72.6238],"tipVelocity":[37.0569,134.361,64.7773],"tool":false,"touchDistance":0.401275,"touchZone":"hovering","type":1,"width":19.3428},{"bases":[[[0.964351,-0.262853,-0.0305954],[0.264628,0.957994,0.110544],[0.000253476,-0.114699,0.9934]],[[0.964273,-0.264314,-0.0177498],[0.0442016,0.226597,-0.972985],[0.261196,0.937439,0.230184]],[[0.964273,-0.264314,-0.0177498],[-0.242731,-0.854722,-0.458838],[0.106106,0.446753,-0.888343]],[[0.964273,-0.264314,-0.0177498],[-0.261967,-0.961379,0.0843976],[-0.0393718,-0.0767325,-0.996274]]],"btipPosition":[-22.4952,237.783,32.1514],"carpPosition":[-7.61038,286.227,68.5706],"dipPosition":[-23.2351,236.341,13.4294],"direction":[-0.106106,-0.446753,0.888343],"extended":false,"handId":506,"id":5062,"length":67.0064,"mcpPosition":[-7.62806,294.23,-0.736911],"pipPosition":[-20.2178,249.045,-11.8319],"stabilizedTipPosition":[-26.0803,214.552,1.04524],"timeVisible":139.176,"tipPosition":[-22.7289,237.263,27.4867],"tipVelocity":[13.0219,127.247,56.0665],"tool":false,"touchDistance":0.333333,"touchZone":"none","type":2,"width":18.9972},{"bases":[[[0.931166,-0.348332,0.10768],[0.332723,0.932622,0.139686],[-0.149081,-0.0942437,0.984324]],[[0.92953,-0.349313,0.118129],[0.189201,0.17683,-0.965885],[0.316508,0.920169,0.230459]],[[0.92953,-0.349313,0.118129],[-0.261739,-0.85067,-0.45591],[0.259744,0.392863,-0.882152]],[[0.92953,-0.349313,0.118129],[-0.359087,-0.93032,0.0745692],[0.08385,-0.111733,-0.990194]]],"btipPosition":[-9.1484,239.966,38.4645],"carpPosition":[4.41666,283.971,67.4812],"dipPosition":[-7.58175,237.878,19.9637],"direction":[-0.259744,-0.392863,0.882152],"extended":false,"handId":506,"id":5063,"length":64.4285,"mcpPosition":[13.7551,289.874,5.82314],"pipPosition":[-0.386316,248.761,-4.47368],"stabilizedTipPosition":[-12.487,216.742,6.47468],"timeVisible":139.176,"tipPosition":[-8.70894,239.332,33.9758],"tipVelocity":[9.4767,126.804,62.4498],"tool":false,"touchDistance":0.333333,"touchZone":"none","type":3,"width":18.077},{"bases":[[[0.839792,-0.506174,0.19631],[0.459016,0.855075,0.241144],[-0.289921,-0.112401,0.950427]],[[0.85025,-0.501513,0.159874],[0.306141,0.224071,-0.92524],[0.428197,0.83563,0.34405]],[[0.85025,-0.501513,0.159874],[-0.343467,-0.758744,-0.553479],[0.39888,0.415684,-0.817375]],[[0.85025,-0.501513,0.159874],[-0.502766,-0.863693,-0.0355071],[0.155889,-0.050189,-0.986499]]],"btipPosition":[6.41678,244.441,33.6921],"carpPosition":[15.235,274.736,67.9772],"dipPosition":[9.10381,243.576,16.688],"direction":[-0.39888,-0.415684,0.817375],"extended":false,"handId":506,"id":5064,"length":50.5107,"mcpPosition":[32.0461,281.254,12.8665],"pipPosition":[16.9054,251.707,0.701116],"stabilizedTipPosition":[3.11413,222.023,1.94752],"timeVisible":139.176,"tipPosition":[7.12708,244.073,29.6892],"tipVelocity":[11.92,125.227,60.9175],"tool":false,"touchDistance":0.333333,"touchZone":"none","type":4,"width":16.0574}],"r":[[0.760621,-0.0913024,0.642743],[0.648802,0.141381,-0.747708],[-0.0226042,0.985736,0.166775]],"s":1.33533,"t":[7.88311,20.3602,15.672],"timestamp":97953649769},false],[3,{"currentFrameRate":104.675,"devices":[],"gestures":[],"hands":[{"armBasis":[[0.950058,0.109889,-0.292086],[0.0923428,0.795048,0.599476],[0.298098,-0.596509,0.745194]],"armWidth":63.72,"confidence":0.674026,"direction":[0.049287,0.25144,-0.966617],"elbow":[79.6103,112.863,277.65],"grabStrength":0,"id":506,"palmNormal":[-0.11955,-0.95935,-0.255645],"palmPosition":[-6.28995,284.331,23.0142],"palmVelocity":[12.0156,123.18,64.3276],"palmWidth":90.99,"pinchStrength":0.592888,"r":[[0.759412,-0.0920824,0.644061],[0.650229,0.141273,-0.746488],[-0.02225,0.985679,0.167159]],"s":1.33527,"sphereCenter":[-31.8686,270.93,-5.29696],"sphereRadius":51.919,"stabilizedPalmPosition":[-10.433,266.643,3.14016],"t":[7.95409,21.538,16.228],"timeVisible":139.186,"type":"right","wrist":[-0.876246,273.921,76.4472]}],"id":1813029,"interactionBox":{"center":[0,200,0],"size":[235.247,235.247,147.751]},"pointables":[{"bases":[[[0.515565,0.855562,0.0469684],[-0.763807,0.434049,0.477703],[0.388318,-0.282162,0.877265]],[[0.456172,0.886622,-0.0762182],[-0.883305,0.44073,-0.159779],[-0.108072,0.140211,0.984206]],[[0.456172,0.886622,-0.0762182],[-0.795322,0.367773,-0.481877],[-0.399212,0.280437,0.872918]],[[0.456172,0.886622,-0.0762182],[-0.386967,0.120509,-0.914185],[-0.801352,0.446519,0.398066]]],"btipPosition":[7.15581,239.342,-11.7051],"carpPosition":[-30.6048,266.353,76.5029],"dipPosition":[-11.5987,249.792,-2.38894],"direction":[0.399212,-0.280437,-0.872918],"extended":false,"handId":506,"id":5060,"length":52.1164,"mcpPosition":[-30.6048,266.353,76.5029],"pipPosition":[-25.2101,259.354,27.3737],"stabilizedTipPosition":[1.33106,227.31,-23.702],"timeVisible":139.186,"tipPosition":[3.02815,241.614,-9.22419],"tipVelocity":[9.02478,122.528,64.2375],"tool":false,"touchDistance":0.374955,"touchZone":"hovering","type":0,"width":20.25},{"bases":[[[0.985802,-0.0841226,-0.145318],[0.100737,0.988698,0.111035],[0.134335,-0.124097,0.983135]],[[0.992804,-0.107159,0.053458],[0.0617781,0.840717,0.537939],[-0.102588,-0.530765,0.841287]],[[0.992804,-0.107159,0.053458],[0.0800187,0.925736,0.369607],[-0.0890949,-0.36267,0.927649]],[[0.992804,-0.107159,0.053458],[0.0942671,0.97463,0.203001],[-0.0738553,-0.196501,0.977718]]],"btipPosition":[-21.8023,330.824,-76.3018],"carpPosition":[-19.7421,286.768,71.2973],"dipPosition":[-23.0642,327.467,-59.5969],"direction":[0.0890949,0.36267,-0.927649],"extended":true,"handId":506,"id":5061,"length":58.8075,"mcpPosition":[-29.6251,295.898,-1.03154],"pipPosition":[-25.2176,318.701,-37.1753],"stabilizedTipPosition":[-25.6708,315.708,-86.0373],"timeVisible":139.186,"tipPosition":[-22.0433,330.46,-72.299],"tipVelocity":[37.2239,115.843,56.532],"tool":false,"touchDistance":0.399346,"touchZone":"hovering","type":1,"width":19.3428},{"bases":[[[0.963174,-0.267423,-0.0279417],[0.268874,0.957278,0.106426],[-0.00171289,-0.11002,0.993928]],[[0.963072,-0.268821,-0.0151089],[0.0467239,0.222129,-0.973897],[0.26516,0.937227,0.226486]],[[0.963072,-0.268821,-0.0151089],[-0.245988,-0.855679,-0.455305],[0.109467,0.442208,-0.890207]],[[0.963072,-0.268821,-0.0151089],[-0.266506,-0.959755,0.088575],[-0.0383117,-0.0812775,-0.995955]]],"btipPosition":[-22.6961,238.953,32.9062],"carpPosition":[-7.64189,287.5,69.1371],"dipPosition":[-23.4161,237.426,14.1903],"direction":[-0.109467,-0.442208,0.890207],"extended":false,"handId":506,"id":5062,"length":67.0064,"mcpPosition":[-7.52238,295.176,-0.207291],"pipPosition":[-20.3032,250.001,-11.124],"stabilizedTipPosition":[-25.8828,216.028,2.73665],"timeVisible":139.186,"tipPosition":[-22.9246,238.417,28.2575],"tipVelocity":[3.41071,126.681,63.3906],"tool":false,"touchDistance":0.333333,"touchZone":"none","type":2,"width":18.9972},{"bases":[[[0.929396,-0.352096,0.110685],[0.336809,0.93173,0.135788],[-0.150939,-0.0889213,0.984536]],[[0.9277,-0.353042,0.121382],[0.191586,0.17116,-0.966436],[0.320417,0.919818,0.226423]],[[0.9277,-0.353042,0.121382],[-0.264961,-0.851692,-0.452124],[0.262999,0.387274,-0.883657]],[[0.9277,-0.353042,0.121382],[-0.363532,-0.928266,0.0785231],[0.0849524,-0.116972,-0.989495]]],"btipPosition":[-9.35795,241.113,39.2549],"carpPosition":[4.3762,285.183,68.0759],"dipPosition":[-7.7707,238.927,20.7672],"direction":[-0.262999,-0.387274,0.883657],"extended":false,"handId":506,"id":5063,"length":64.4285,"mcpPosition":[13.831,290.753,6.40458],"pipPosition":[-0.48511,249.656,-3.71191],"stabilizedTipPosition":[-12.3038,217.994,7.97048],"timeVisible":139.186,"tipPosition":[-8.9124,240.455,34.7708],"tipVelocity":[0.599155,125.551,69.119],"tool":false,"touchDistance":0.333333,"touchZone":"none","type":3,"width":18.077},{"bases":[[[0.837168,-0.509098,0.199922],[0.462597,0.854083,0.237795],[-0.291811,-0.106591,0.950518]],[[0.84764,-0.504686,0.163701],[0.308858,0.218486,-0.925673],[0.431408,0.835198,0.341073]],[[0.84764,-0.504686,0.163701],[-0.345975,-0.759681,-0.550624],[0.402253,0.410095,-0.818545]],[[0.84764,-0.504686,0.163701],[-0.506706,-0.861514,-0.0323109],[0.157338,-0.0555603,-0.985981]]],"btipPosition":[6.23811,245.486,34.4601],"carpPosition":[15.1512,275.901,68.6312],"dipPosition":[8.95011,244.529,17.4649],"direction":[-0.402253,-0.410095,0.818545],"extended":false,"handId":506,"id":5064,"length":50.5107,"mcpPosition":[32.0719,282.082,13.5152],"pipPosition":[16.8177,252.55,1.45515],"stabilizedTipPosition":[3.30348,223.197,3.39262],"timeVisible":139.186,"tipPosition":[6.95352,245.099,30.4681],"tipVelocity":[3.32896,121.352,67.3042],"tool":false,"touchDistance":0.333333,"touchZone":"none","type":4,"width":16.0574}],"r":[[0.759412,-0.0920824,0.644061],[0.650229,0.141273,-0.746488],[-0.02225,0.985679,0.167159]],"s":1.33527,"t":[7.95409,21.538,16.228],"timestamp":97953658962},false],[4,{"currentFrameRate":104.865,"devices":[],"gestures":[],"hands":[{"armBasis":[[0.949509,0.114979,-0.291911],[0.0911621,0.789172,0.607368],[0.300203,-0.603313,0.738845]],"armWidth":63.72,"confidence":0.6777,"direction":[0.0519842,0.251141,-0.966554],"elbow":[80.0228,112.469,277.083],"grabStrength":0,"id":506,"palmNormal":[-0.120364,-0.959231,-0.255712],"palmPosition":[-6.3019,285.769,24.1469],"palmVelocity":[8.29672,132.516,80.8164],"palmWidth":90.99,"pinchStrength":0.592293,"r":[[0.758105,-0.0929024,0.645482],[0.65177,0.140957,-0.745203],[-0.0217539,0.985647,0.167411]],"s":1.33523,"sphereCenter":[-31.9141,272.412,-4.22712],"sphereRadius":51.9534,"stabilizedPalmPosition":[-10.1137,268.121,4.76368],"t":[7.98361,22.8459,17.0723],"timeVisible":139.195,"type":"right","wrist":[-1.03212,275.363,77.5952]}],"id":1813030,"interactionBox":{"center":[0,200,0],"size":[235.247,235.247,147.751]},"pointables":[{"bases":[[[0.516725,0.854804,0.0480111],[-0.764306,0.435297,0.475766],[0.385788,-0.282535,0.878261]],[[0.457786,0.885884,-0.0751089],[-0.882179,0.442125,-0.162127],[-0.110418,0.140479,0.983907]],[[0.457786,0.885884,-0.0751089],[-0.793768,0.369204,-0.483343],[-0.400456,0.280887,0.872203]],[[0.457786,0.885884,-0.0751089],[-0.385411,0.121611,-0.914696],[-0.801181,0.447683,0.397101]]],"btipPosition":[7.14417,240.773,-10.565],"carpPosition":[-30.7719,267.84,77.5812],"dipPosition":[-11.6063,251.25,-1.27136],"direction":[0.400456,-0.280887,-0.872203],"extended":false,"handId":506,"id":5060,"length":52.1164,"mcpPosition":[-30.7719,267.84,77.5812],"pipPosition":[-25.2601,260.827,28.4669],"stabilizedTipPosition":[1.51518,229.258,-21.8277],"timeVisible":139.195,"tipPosition":[3.01628,243.047,-8.08687],"tipVelocity":[6.17812,132.016,80.8181],"tool":false,"touchDistance":0.387817,"touchZone":"hovering","type":0,"width":20.25},{"bases":[[[0.986022,-0.0856244,-0.142929],[0.101943,0.988572,0.11105],[0.131787,-0.124068,0.983483]],[[0.992534,-0.10859,0.0555367],[0.0619138,0.840883,0.537664],[-0.105085,-0.530212,0.841328]],[[0.992534,-0.10859,0.0555367],[0.0806856,0.926043,0.368693],[-0.0914658,-0.361459,0.927891]],[[0.992534,-0.10859,0.0555367],[0.0953819,0.974842,0.20146],[-0.076016,-0.194659,0.977921]]],"btipPosition":[-21.5377,332.207,-75.2388],"carpPosition":[-19.8664,288.237,72.397],"dipPosition":[-22.8364,328.881,-58.5304],"direction":[0.0914658,0.361459,-0.927891],"extended":true,"handId":506,"id":5061,"length":58.8075,"mcpPosition":[-29.5619,297.365,0.0425596],"pipPosition":[-25.0472,320.144,-36.1029],"stabilizedTipPosition":[-25.201,317.635,-84.2437],"timeVisible":139.195,"tipPosition":[-21.7774,331.854,-71.2326],"tipVelocity":[34.6194,125.764,73.1013],"tool":false,"touchDistance":0.408703,"touchZone":"hovering","type":1,"width":19.3428},{"bases":[[[0.962839,-0.268864,-0.0255653],[0.270043,0.956901,0.106853],[-0.00426532,-0.109786,0.993946]],[[0.962704,-0.270259,-0.012733],[0.0493947,0.221833,-0.973833],[0.266011,0.936883,0.226909]],[[0.962704,-0.270259,-0.012733],[-0.246168,-0.85542,-0.455694],[0.112263,0.441833,-0.890045]],[[0.962704,-0.270259,-0.012733],[-0.268147,-0.959335,0.0881626],[-0.0360419,-0.0814601,-0.996025]]],"btipPosition":[-22.7993,240.418,34.01],"carpPosition":[-7.75994,288.95,70.2657],"dipPosition":[-23.4766,238.888,15.2927],"direction":[-0.112263,-0.441833,0.890045],"extended":false,"handId":506,"id":5062,"length":67.0064,"mcpPosition":[-7.46236,296.61,0.9201],"pipPosition":[-20.2842,251.452,-10.017],"stabilizedTipPosition":[-25.6881,217.626,4.53013],"timeVisible":139.195,"tipPosition":[-23.0173,239.881,29.3617],"tipVelocity":[-0.380616,135.838,79.2485],"tool":false,"touchDistance":0.333333,"touchZone":"none","type":2,"width":18.9972},{"bases":[[[0.928602,-0.353454,0.112999],[0.33787,0.931259,0.136383],[-0.153437,-0.0884671,0.98419]],[[0.926784,-0.354444,0.124262],[0.19447,0.169794,-0.966101],[0.32133,0.919532,0.226291]],[[0.926784,-0.354444,0.124262],[-0.265245,-0.851877,-0.451609],[0.265926,0.385584,-0.883521]],[[0.926784,-0.354444,0.124262],[-0.365301,-0.927549,0.0787898],[0.0873324,-0.118414,-0.989116]]],"btipPosition":[-9.48683,242.604,40.4296],"carpPosition":[4.2572,286.615,69.234],"dipPosition":[-7.85511,240.391,21.949],"direction":[-0.265926,-0.385584,0.883521],"extended":false,"handId":506,"id":5063,"length":64.4285,"mcpPosition":[13.8685,292.157,7.58429],"pipPosition":[-0.488427,251.072,-2.52631],"stabilizedTipPosition":[-12.1224,219.363,9.57378],"timeVisible":139.195,"tipPosition":[-9.02866,241.929,35.9395],"tipVelocity":[-3.17693,135.64,85.5955],"tool":false,"touchDistance":0.333333,"touchZone":"none","type":3,"width":18.077},{"bases":[[[0.835926,-0.510298,0.202051],[0.463296,0.853448,0.23871],[-0.294253,-0.105935,0.949838]],[[0.846447,-0.505931,0.166019],[0.311586,0.21779,-0.924922],[0.431789,0.834627,0.341989]],[[0.846447,-0.505931,0.166019],[-0.3457,-0.75929,-0.551335],[0.404994,0.409283,-0.817599]],[[0.846447,-0.505931,0.166019],[-0.507932,-0.86075,-0.0333877],[0.159793,-0.0560653,-0.985557]]],"btipPosition":[6.13606,246.91,35.6274],"carpPosition":[15.017,277.318,69.8173],"dipPosition":[8.89038,245.944,18.6396],"direction":[-0.404994,-0.409283,0.817599],"extended":false,"handId":506,"id":5064,"length":50.5107,"mcpPosition":[32.0793,283.46,14.7408],"pipPosition":[16.8116,253.949,2.64831],"stabilizedTipPosition":[3.49199,224.475,4.93327],"timeVisible":139.195,"tipPosition":[6.86173,246.522,31.64],"tipVelocity":[-0.408553,130.696,84.0648],"tool":false,"touchDistance":0.333333,"touchZone":"none","type":4,"width":16.0574}],"r":[[0.758105,-0.0929024,0.645482],[0.65177,0.140957,-0.745203],[-0.0217539,0.985647,0.167411]],"s":1.33523,"t":[7.98361,22.8459,17.0723],"timestamp":97953668144},false],[5,{"currentFrameRate":104.97,"devices":[],"gestures":[],"hands":[{"armBasis":[[0.948866,0.115091,-0.293951],[0.0938537,0.786214,0.610786],[0.301404,-0.607142,0.73521]],"armWidth":63.72,"confidence":0.68146,"direction":[0.0538815,0.248972,-0.967011],"elbow":[80.2961,112.401,277.177],"grabStrength":0,"id":506,"palmNormal":[-0.124726,-0.959155,-0.253899],"palmPosition":[-6.2644,286.654,25.1976],"palmVelocity":[7.08544,121.842,89.8134],"palmWidth":90.99,"pinchStrength":0.591758,"r":[[0.756872,-0.09402,0.646765],[0.653243,0.139788,-0.744132],[-0.0204466,0.985708,0.167219]],"s":1.33521,"sphereCenter":[-32.007,273.383,-3.17309],"sphereRadius":51.9926,"stabilizedPalmPosition":[-9.80537,269.606,6.40051],"t":[8.01712,23.9421,18.0198],"timeVisible":139.204,"type":"right","wrist":[-1.08312,276.329,78.6702]}],"id":1813031,"interactionBox":{"center":[0,200,0],"size":[235.247,235.247,147.751]},"pointables":[{"bases":[[[0.520738,0.852438,0.0466992],[-0.76258,0.43986,0.474336],[0.383801,-0.282617,0.879104]],[[0.462164,0.883508,-0.0762807],[-0.87986,0.446114,-0.163793],[-0.110682,0.142816,0.983541]],[[0.462164,0.883508,-0.0762807],[-0.791781,0.37238,-0.484166],[-0.399359,0.284162,0.871645]],[[0.462164,0.883508,-0.0762807],[-0.384876,0.122345,-0.914824],[-0.798921,0.452157,0.396584]]],"btipPosition":[6.98074,241.547,-9.4476],"carpPosition":[-30.8583,268.947,78.6492],"dipPosition":[-11.7169,252.129,-0.166109],"direction":[0.399359,-0.284162,-0.871645],"extended":false,"handId":506,"id":5060,"length":52.1164,"mcpPosition":[-30.8583,268.947,78.6492],"pipPosition":[-25.3333,261.818,29.5531],"stabilizedTipPosition":[1.65495,231.024,-20.0864],"timeVisible":139.204,"tipPosition":[2.8631,243.841,-6.97049],"tipVelocity":[-0.160069,118.857,91.7541],"tool":false,"touchDistance":0.399088,"touchZone":"hovering","type":0,"width":20.25},{"bases":[[[0.985709,-0.0905828,-0.142028],[0.10655,0.988296,0.109166],[0.130478,-0.122739,0.983825]],[[0.991991,-0.113148,0.0561315],[0.0656694,0.841647,0.53602],[-0.107893,-0.528041,0.842337]],[[0.991991,-0.113148,0.0561315],[0.084975,0.926652,0.36619],[-0.0934482,-0.358488,0.928846]],[[0.991991,-0.113148,0.0561315],[0.100004,0.975055,0.198157],[-0.0771524,-0.190956,0.978562]]],"btipPosition":[-21.2393,332.925,-74.3056],"carpPosition":[-19.8523,289.282,73.4326],"dipPosition":[-22.5575,329.663,-57.5863],"direction":[0.0934482,0.358488,-0.928846],"extended":true,"handId":506,"id":5061,"length":58.8075,"mcpPosition":[-29.4515,298.312,1.05305],"pipPosition":[-24.8162,320.998,-35.1358],"stabilizedTipPosition":[-24.7436,319.453,-82.5204],"timeVisible":139.204,"tipPosition":[-21.4719,332.588,-70.2975],"tipVelocity":[33.7351,112.406,80.7932],"tool":false,"touchDistance":0.4152,"touchZone":"hovering","type":1,"width":19.3428},{"bases":[[[0.961571,-0.273477,-0.0243195],[0.274501,0.95582,0.105156],[-0.0055126,-0.10779,0.994158]],[[0.96142,-0.274847,-0.011469],[0.0511463,0.219565,-0.974256],[0.27029,0.936082,0.225151]],[[0.96142,-0.274847,-0.011469],[-0.249898,-0.855201,-0.454072],[0.114992,0.43942,-0.890891]],[[0.96142,-0.274847,-0.011469],[-0.272758,-0.957867,0.0899615],[-0.0357114,-0.0833625,-0.995879]]],"btipPosition":[-22.9834,241.405,35.1444],"carpPosition":[-7.74105,289.934,71.3089],"dipPosition":[-23.6545,239.839,16.4298],"direction":[-0.114992,-0.43942,0.890891],"extended":false,"handId":506,"id":5062,"length":67.0064,"mcpPosition":[-7.35645,297.454,1.94845],"pipPosition":[-20.3845,252.334,-8.90394],"stabilizedTipPosition":[-25.5123,219.24,6.34297],"timeVisible":139.204,"tipPosition":[-23.2,240.86,30.4986],"tipVelocity":[-5.81566,127.075,91.2492],"tool":false,"touchDistance":0.333333,"touchZone":"none","type":2,"width":18.9972},{"bases":[[[0.926832,-0.357629,0.114387],[0.342183,0.929915,0.134787],[-0.154574,-0.085784,0.98425]],[[0.924911,-0.358632,0.126187],[0.196266,0.166144,-0.966373],[0.325607,0.918575,0.224056]],[[0.924911,-0.358632,0.126187],[-0.269054,-0.851949,-0.449214],[0.268608,0.381532,-0.884468]],[[0.924911,-0.358632,0.126187],[-0.369942,-0.925497,0.0812309],[0.0876539,-0.121813,-0.988675]]],"btipPosition":[-9.67855,243.578,41.6005],"carpPosition":[4.26563,287.539,70.2907],"dipPosition":[-8.04083,241.302,23.1281],"direction":[-0.268608,-0.381532,0.884468],"extended":false,"handId":506,"id":5063,"length":64.4285,"mcpPosition":[13.9481,292.913,8.63725],"pipPosition":[-0.599856,251.871,-1.37347],"stabilizedTipPosition":[-11.9565,220.757,11.2076],"timeVisible":139.204,"tipPosition":[-9.21791,242.88,37.1059],"tipVelocity":[-8.05253,126.366,96.9437],"tool":false,"touchDistance":0.333333,"touchZone":"none","type":3,"width":18.077},{"bases":[[[0.833348,-0.513854,0.203681],[0.467165,0.851714,0.237361],[-0.295446,-0.102652,0.949828]],[[0.843872,-0.509628,0.167805],[0.313462,0.214453,-0.925068],[0.435455,0.83324,0.34072]],[[0.843872,-0.509628,0.167805],[-0.348816,-0.758734,-0.550137],[0.407684,0.405712,-0.818041]],[[0.843872,-0.509628,0.167805],[-0.512005,-0.858382,-0.0321114],[0.160405,-0.058819,-0.985297]]],"btipPosition":[5.97626,247.76,36.7601],"carpPosition":[14.9808,278.192,70.9004],"dipPosition":[8.74113,246.746,19.7767],"direction":[-0.407684,-0.405712,0.818041],"extended":false,"handId":506,"id":5064,"length":50.5107,"mcpPosition":[32.1123,284.144,15.8244],"pipPosition":[16.7149,254.682,3.77681],"stabilizedTipPosition":[3.66524,225.755,6.48361],"timeVisible":139.204,"tipPosition":[6.70415,247.362,32.7765],"tipVelocity":[-5.06763,119.164,94.6619],"tool":false,"touchDistance":0.333333,"touchZone":"none","type":4,"width":16.0574}],"r":[[0.756872,-0.09402,0.646765],[0.653243,0.139788,-0.744132],[-0.0204466,0.985708,0.167219]],"s":1.33521,"t":[8.01712,23.9421,18.0198],"timestamp":97953677475},false],[6,{"currentFrameRate":105.139,"devices":[],"gestures":[],"hands":[{"armBasis":[[0.948428,0.117339,-0.294475],[0.0931914,0.784703,0.612827],[0.302984,-0.608665,0.7333]],"armWidth":63.72,"confidence":0.682789,"direction":[0.0545464,0.250051,-0.966695],"elbow":[80.7392,112.459,277.309],"grabStrength":0,"id":506,"palmNormal":[-0.124438,-0.958887,-0.255053],"palmPosition":[-6.21055,287.182,25.8533],"palmVelocity":[6.74142,103.83,84.6345],"palmWidth":90.99,"pinchStrength":0.590088,"r":[[0.755792,-0.0950394,0.647878],[0.654523,0.139031,-0.743149],[-0.0194465,0.985717,0.167284]],"s":1.33525,"sphereCenter":[-31.9941,273.96,-2.55153],"sphereRadius":52.0232,"stabilizedPalmPosition":[-9.52705,270.967,7.90662],"t":[8.06079,24.7544,18.8214],"timeVisible":139.213,"type":"right","wrist":[-1.06642,276.798,79.3181]}],"id":1813032,"interactionBox":{"center":[0,200,0],"size":[235.247,235.247,147.751]},"pointables":[{"bases":[[[0.52061,0.852443,0.0480184],[-0.762968,0.439249,0.474278],[0.383203,-0.283551,0.879065]],[[0.462242,0.883599,-0.074734],[-0.879708,0.446335,-0.164007],[-0.11156,0.141555,0.983624]],[[0.462242,0.883599,-0.074734],[-0.79154,0.373149,-0.483967],[-0.399746,0.282865,0.871889]],[[0.462242,0.883599,-0.074734],[-0.384517,0.123783,-0.914781],[-0.799049,0.451586,0.396977]]],"btipPosition":[7.05829,242.134,-8.8509],"carpPosition":[-30.8407,269.413,79.2675],"dipPosition":[-11.6423,252.702,0.43979],"direction":[0.399746,-0.282865,-0.871889],"extended":false,"handId":506,"id":5060,"length":52.1164,"mcpPosition":[-30.8407,269.413,79.2675],"pipPosition":[-25.2719,262.347,30.1674],"stabilizedTipPosition":[1.7783,232.539,-18.5899],"timeVisible":139.213,"tipPosition":[2.93755,244.42,-6.37316],"tipVelocity":[2.22185,103.365,84.3028],"tool":false,"touchDistance":0.401494,"touchZone":"hovering","type":0,"width":20.25},{"bases":[[[0.985821,-0.0903165,-0.141423],[0.106362,0.988186,0.110339],[0.129787,-0.123816,0.983781]],[[0.99198,-0.113076,0.0564749],[0.0652948,0.841027,0.537038],[-0.108223,-0.529043,0.841666]],[[0.99198,-0.113076,0.0564749],[0.084715,0.926406,0.366872],[-0.0938032,-0.359145,0.928556]],[[0.99198,-0.113076,0.0564749],[0.0998443,0.975013,0.198448],[-0.0775035,-0.191217,0.978483]]],"btipPosition":[-21.1407,333.541,-73.6164],"carpPosition":[-19.8333,289.755,74.0815],"dipPosition":[-22.4649,330.274,-56.8984],"direction":[0.0938032,0.359145,-0.928556],"extended":true,"handId":506,"id":5061,"length":58.8075,"mcpPosition":[-29.3817,298.865,1.7051],"pipPosition":[-24.7321,321.594,-34.4549],"stabilizedTipPosition":[-24.3486,321.051,-80.9934],"timeVisible":139.213,"tipPosition":[-21.3687,333.199,-69.6094],"tipVelocity":[27.2579,99.6661,79.1473],"tool":false,"touchDistance":0.417348,"touchZone":"hovering","type":1,"width":19.3428},{"bases":[[[0.961619,-0.273344,-0.0239343],[0.274319,0.955733,0.106413],[-0.0062126,-0.108894,0.994034]],[[0.961458,-0.274727,-0.0111006],[0.0517322,0.220404,-0.974036],[0.27004,0.935921,0.226121]],[[0.961458,-0.274727,-0.0111006],[-0.24952,-0.85486,-0.454922],[0.11549,0.440158,-0.890462]],[[0.961458,-0.274727,-0.0111006],[-0.272705,-0.957978,0.0889383],[-0.0350679,-0.0824833,-0.995975]]],"btipPosition":[-22.9283,241.93,35.7542],"carpPosition":[-7.72059,290.41,71.9671],"dipPosition":[-23.5873,240.38,17.0378],"direction":[-0.11549,-0.440158,0.890462],"extended":false,"handId":506,"id":5062,"length":67.0064,"mcpPosition":[-7.28715,298.008,2.61537],"pipPosition":[-20.3032,252.896,-8.28375],"stabilizedTipPosition":[-25.3503,220.728,8.01518],"timeVisible":139.213,"tipPosition":[-23.1419,241.389,31.1079],"tipVelocity":[-2.42997,107.593,84.2601],"tool":false,"touchDistance":0.333333,"touchZone":"none","type":2,"width":18.9972},{"bases":[[[0.926789,-0.357653,0.114654],[0.341984,0.929803,0.136065],[-0.155269,-0.0868936,0.984043]],[[0.92478,-0.35871,0.126925],[0.197192,0.166526,-0.966118],[0.32542,0.918475,0.224735]],[[0.92478,-0.35871,0.126925],[-0.268728,-0.85187,-0.449557],[0.269384,0.381633,-0.884188]],[[0.92478,-0.35871,0.126925],[-0.370064,-0.925494,0.0807087],[0.0885173,-0.121608,-0.988623]]],"btipPosition":[-9.64283,244.125,42.2385],"carpPosition":[4.28708,288.019,70.9548],"dipPosition":[-7.98897,241.853,23.7671],"direction":[-0.269384,-0.381633,0.884188],"extended":false,"handId":506,"id":5063,"length":64.4285,"mcpPosition":[14.0131,293.462,9.31439],"pipPosition":[-0.526485,252.425,-0.726662],"stabilizedTipPosition":[-11.8034,222.055,12.7298],"timeVisible":139.213,"tipPosition":[-9.17694,243.421,37.7388],"tipVelocity":[-4.60147,107.676,89.2419],"tool":false,"touchDistance":0.333333,"touchZone":"none","type":3,"width":18.077},{"bases":[[[0.833259,-0.513988,0.203707],[0.4669,0.851502,0.238641],[-0.296115,-0.103739,0.949502]],[[0.843726,-0.50976,0.168142],[0.313794,0.214267,-0.924999],[0.4355,0.833208,0.340742]],[[0.843726,-0.50976,0.168142],[-0.348706,-0.758671,-0.550292],[0.408082,0.405663,-0.817867]],[[0.843726,-0.50976,0.168142],[-0.512038,-0.858334,-0.0328557],[0.161071,-0.0583741,-0.985215]]],"btipPosition":[6.01624,248.298,37.4349],"carpPosition":[15.0028,278.672,71.5619],"dipPosition":[8.79259,247.291,20.453],"direction":[-0.408082,-0.405663,0.817867],"extended":false,"handId":506,"id":5064,"length":50.5107,"mcpPosition":[32.1731,284.687,16.5048],"pipPosition":[16.7742,255.226,4.45646],"stabilizedTipPosition":[3.82348,226.936,7.91518],"timeVisible":139.213,"tipPosition":[6.74779,247.9,33.4334],"tipVelocity":[-2.35439,102.231,88.7189],"tool":false,"touchDistance":0.333333,"touchZone":"none","type":4,"width":16.0574}],"r":[[0.755792,-0.0950394,0.647878],[0.654523,0.139031,-0.743149],[-0.0194465,0.985717,0.167284]],"s":1.33525,"t":[8.06079,24.7544,18.8214