{"sensorType":"Leap","data":[[0,{"currentFrameRate":106.708,"devices":[],"gestures":[],"hands":[{"armBasis":[[0.948823,0.169657,-0.266369],[0.0447023,0.762804,0.645083],[0.31263,-0.623977,0.716181]],"armWidth":63.72,"confidence":0.706206,"direction":[0.0556697,0.233491,-0.970764],"elbow":[81.4687,106.427,276.642],"grabStrength":0,"id":506,"palmNormal":[-0.0776462,-0.968315,-0.237354],"palmPosition":[-7.85849,284.001,29.5541],"palmVelocity":[40.3707,55.0179,-154.552],"palmWidth":90.99,"pinchStrength":0.749907,"r":[[0.757197,-0.0667446,0.649767],[0.652223,0.131277,-0.746573],[-0.0354698,0.989096,0.142935]],"s":1.27609,"sphereCenter":[-35.1214,267.771,-0.470538],"sphereRadius":52.33,"stabilizedPalmPosition":[-11.7528,264.071,-0.989696],"t":[6.02776,21.8284,24.91],"timeVisible":144.05,"type":"right","wrist":[-2.94135,274.901,83.2734]}],"id":1813547,"interactionBox":{"center":[0,200,0],"size":[235.247,235.247,147.751]},"pointables":[{"bases":[[[0.480868,0.876001,0.0372649],[-0.788114,0.413217,0.456211],[0.384242,-0.248746,0.889091]],[[0.426945,0.900871,-0.0784161],[-0.893567,0.406991,-0.189463],[-0.138767,0.15096,0.978752]],[[0.426945,0.900871,-0.0784161],[-0.809862,0.342349,-0.476362],[-0.402295,0.266886,0.875746]],[[0.426945,0.900871,-0.0784161],[-0.438583,0.130458,-0.889171],[-0.790799,0.414019,0.450805]]],"btipPosition":[6.80287,239.845,-6.25444],"carpPosition":[-32.3481,266.169,83.012],"dipPosition":[-11.7047,249.534,4.29602],"direction":[0.402295,-0.266886,-0.875746],"extended":false,"handId":506,"id":5060,"length":52.1164,"mcpPosition":[-32.3481,266.169,83.012],"pipPosition":[-25.4212,258.634,34.1551],"stabilizedTipPosition":[0.272477,220.721,-26.6665],"timeVisible":144.05,"tipPosition":[2.76409,241.865,-3.36616],"tipVelocity":[89.5201,65.064,-155.046],"tool":false,"touchDistance":-0.0579429,"touchZone":"hovering","type":0,"width":20.25},{"bases":[[[0.990641,-0.0481284,-0.127725],[0.0601352,0.993953,0.0918781],[0.122531,-0.098699,0.987545]],[[0.995563,-0.0663959,0.0666755],[0.0233108,0.860533,0.508861],[-0.0911628,-0.505049,0.858263]],[[0.995563,-0.0663959,0.0666755],[0.03913,0.936547,0.348351],[-0.0855739,-0.344197,0.93499]],[[0.995563,-0.0663959,0.0666755],[0.0525353,0.980078,0.191539],[-0.0780647,-0.187187,0.979218]]],"btipPosition":[-23.9015,327.364,-71.3019],"carpPosition":[-22.2057,286.887,77.554],"dipPosition":[-25.2353,324.166,-54.5714],"direction":[0.0855739,0.344196,-0.93499],"extended":true,"handId":506,"id":5061,"length":58.8075,"mcpPosition":[-31.2202,294.148,4.90074],"pipPosition":[-27.3036,315.847,-31.9723],"stabilizedTipPosition":[-27.6713,308.922,-87.0516],"timeVisible":144.05,"tipPosition":[-24.2269,326.887,-67.3283],"tipVelocity":[65.8024,46.599,-162.352],"tool":false,"touchDistance":-0.0595826,"touchZone":"hovering","type":1,"width":19.3428},{"bases":[[[0.973224,-0.229755,-0.00690868],[0.229425,0.969099,0.090621],[-0.0141255,-0.0897796,0.995861]],[[0.973055,-0.230561,0.00213716],[0.0980113,0.405219,-0.908951],[0.208703,0.884669,0.416898]],[[0.973055,-0.230561,0.00213716],[-0.172211,-0.732895,-0.658186],[0.153319,0.640083,-0.752852]],[[0.973055,-0.230561,0.00213716],[-0.229124,-0.967941,-0.102916],[0.0257971,0.0996532,-0.994688]]],"btipPosition":[-24.0273,231.599,26.0995],"carpPosition":[-10.1087,288.051,75.5729],"dipPosition":[-23.5426,233.472,7.40737],"direction":[-0.153319,-0.640083,0.752852],"extended":false,"handId":506,"id":5062,"length":67.0064,"mcpPosition":[-9.12317,294.315,6.09362],"pipPosition":[-19.1827,251.673,-14.001],"stabilizedTipPosition":[-24.5139,212.512,-2.04487],"timeVisible":144.05,"tipPosition":[-23.8242,232.398,23.2159],"tipVelocity":[83.5523,35.7327,-195.929],"tool":false,"touchDistance":0.333333,"touchZone":"none","type":2,"width":18.9972},{"bases":[[[0.940455,-0.31286,0.132904],[0.297804,0.946851,0.121596],[-0.163883,-0.0747758,0.983642]],[[0.944093,-0.310989,0.109429],[0.224905,0.364843,-0.903497],[0.241053,0.877596,0.414389]],[[0.944093,-0.310989,0.109429],[-0.167419,-0.738191,-0.653487],[0.284007,0.598632,-0.748986]],[[0.944093,-0.310989,0.109429],[-0.299256,-0.947654,-0.111344],[0.138328,0.0723717,-0.987739]]],"btipPosition":[-8.94967,233.726,33.8263],"carpPosition":[2.00694,286.189,74.753],"dipPosition":[-6.36516,235.079,15.3714],"direction":[-0.284007,-0.598632,0.748986],"extended":false,"handId":506,"id":5063,"length":64.4285,"mcpPosition":[12.2726,290.873,13.1377],"pipPosition":[1.5024,251.662,-5.37701],"stabilizedTipPosition":[-9.74497,215.068,2.97599],"timeVisible":144.05,"tipPosition":[-8.35782,234.307,30.3899],"tipVelocity":[80.6498,54.4664,-152.034],"tool":false,"touchDistance":0.333333,"touchZone":"none","type":3,"width":18.077},{"bases":[[[0.852946,-0.471529,0.223927],[0.424797,0.876313,0.227208],[-0.303365,-0.0986732,0.947752]],[[0.863843,-0.467445,0.187803],[0.376274,0.350837,-0.857515],[0.334953,0.811424,0.478956]],[[0.863843,-0.467445,0.187803],[-0.214003,-0.678007,-0.703214],[0.456046,0.567276,-0.685726]],[[0.863843,-0.467445,0.187803],[-0.432611,-0.879372,-0.19888],[0.258115,0.0905553,-0.961861]]],"btipPosition":[5.50383,241.726,33.7755],"carpPosition":[13.1256,277.352,75.6752],"dipPosition":[9.9529,243.287,17.1961],"direction":[-0.456046,-0.567276,0.685726],"extended":false,"handId":506,"id":5064,"length":50.5107,"mcpPosition":[30.7163,283.074,20.7196],"pipPosition":[18.8726,254.382,3.78416],"stabilizedTipPosition":[4.67786,221.554,-1.37349],"timeVisible":144.05,"tipPosition":[6.41745,242.421,31.0013],"tipVelocity":[75.9016,62.738,-157.784],"tool":false,"touchDistance":0.333333,"touchZone":"none","type":4,"width":16.0574}],"r":[[0.757197,-0.0667446,0.649767],[0.652223,0.131277,-0.746573],[-0.0354698,0.989096,0.142935]],"s":1.27609,"t":[6.02776,21.8284,24.91],"timestamp":97958523269},false],[1,{"currentFrameRate":106.887,"devices":[],"gestures":[],"hands":[{"armBasis":[[0.949685,0.179541,-0.256639],[0.0312836,0.760919,0.648093],[0.311641,-0.623512,0.717016]],"armWidth":63.72,"confidence":0.664988,"direction":[0.0599495,0.231569,-0.97097],"elbow":[81.3123,107.328,275.482],"grabStrength":0,"id":506,"palmNormal":[-0.0653643,-0.969721,-0.235307],"palmPosition":[-7.46851,284.583,28.1109],"palmVelocity":[41.1489,57.6173,-156.014],"palmWidth":90.99,"pinchStrength":0.745083,"r":[[0.754347,-0.0610404,0.653632],[0.655049,0.135595,-0.74332],[-0.0432566,0.988882,0.14227]],"s":1.27612,"sphereCenter":[-34.2995,267.999,-2.04524],"sphereRadius":52.3191,"stabilizedPalmPosition":[-11.7528,264.071,-0.989696],"t":[6.43714,22.3983,23.3953],"timeVisible":144.059,"type":"right","wrist":[-2.8307,275.677,81.8875]}],"id":1813548,"interactionBox":{"center":[0,200,0],"size":[235.247,235.247,147.751]},"pointables":[{"bases":[[[0.470973,0.881316,0.0382991],[-0.795787,0.40573,0.449563],[0.380668,-0.24221,0.892427]],[[0.417648,0.905279,-0.0777203],[-0.896578,0.396734,-0.196851],[-0.147371,0.151897,0.977348]],[[0.417648,0.905279,-0.0777203],[-0.810333,0.332417,-0.482555],[-0.411011,0.264517,0.87241]],[[0.417648,0.905279,-0.0777203],[-0.435048,0.124145,-0.891808],[-0.797686,0.406274,0.445689]]],"btipPosition":[7.90131,240.513,-7.51993],"carpPosition":[-32.1375,266.623,81.443],"dipPosition":[-10.7674,250.021,2.9108],"direction":[0.411011,-0.264517,-0.87241],"extended":false,"handId":506,"id":5060,"length":52.1164,"mcpPosition":[-32.1375,266.623,81.443],"pipPosition":[-24.7811,259.04,32.6562],"stabilizedTipPosition":[0.272477,220.721,-26.6665],"timeVisible":144.059,"tipPosition":[3.82622,242.496,-4.6571],"tipVelocity":[97.2407,66.2633,-151.791],"tool":false,"touchDistance":-0.0794933,"touchZone":"hovering","type":0,"width":20.25},{"bases":[[[0.991984,-0.0375911,-0.12064],[0.0485993,0.994788,0.089643],[0.116642,-0.0947874,0.988641]],[[0.995689,-0.0553506,0.0744316],[0.010017,0.861913,0.506956],[-0.0922139,-0.504025,0.858752]],[[0.995689,-0.0553506,0.0744316],[0.0261659,0.93746,0.347108],[-0.0889893,-0.343664,0.934867]],[[0.995689,-0.0553506,0.0744316],[0.0402423,0.980763,0.191007],[-0.0835722,-0.187189,0.978763]]],"btipPosition":[-23.2251,327.568,-72.9458],"carpPosition":[-22.1844,287.436,76.001],"dipPosition":[-24.653,324.37,-56.223],"direction":[0.0889893,0.343664,-0.934867],"extended":true,"handId":506,"id":5061,"length":58.8075,"mcpPosition":[-30.7656,294.41,3.26714],"pipPosition":[-26.8039,316.064,-33.6269],"stabilizedTipPosition":[-27.6713,308.922,-87.0516],"timeVisible":144.059,"tipPosition":[-23.5928,327.06,-68.9884],"tipVelocity":[67.6534,40.0002,-167.839],"tool":false,"touchDistance":-0.0870103,"touchZone":"hovering","type":1,"width":19.3428},{"bases":[[[0.975706,-0.219084,0.000535484],[0.218155,0.971788,0.0896404],[-0.0201592,-0.0873459,0.995974]],[[0.97548,-0.219876,0.00966834],[0.0997446,0.402504,-0.909968],[0.196189,0.88862,0.414566]],[[0.97548,-0.219876,0.00966834],[-0.15976,-0.737622,-0.656042],[0.151379,0.638411,-0.754663]],[[0.97548,-0.219876,0.00966834],[-0.217824,-0.970798,-0.100517],[0.0314872,0.0959459,-0.994888]]],"btipPosition":[-23.0334,232.032,24.7882],"carpPosition":[-10.0871,288.727,74.1017],"dipPosition":[-22.4417,233.835,6.09227],"direction":[-0.151379,-0.638411,0.754663],"extended":false,"handId":506,"id":5062,"length":67.0064,"mcpPosition":[-8.68068,294.821,4.61462],"pipPosition":[-18.137,251.99,-15.3676],"stabilizedTipPosition":[-24.5137,212.514,-2.04226],"timeVisible":144.059,"tipPosition":[-22.8246,232.792,21.7968],"tipVelocity":[91.6086,38.6218,-182.004],"tool":false,"touchDistance":0.333333,"touchZone":"none","type":2,"width":18.9972},{"bases":[[[0.942864,-0.30218,0.140336],[0.286554,0.950373,0.121153],[-0.169982,-0.0740173,0.982663]],[[0.946677,-0.300314,0.116678],[0.226708,0.363603,-0.903546],[0.228923,0.881819,0.412298]],[[0.946677,-0.300314,0.116678],[-0.155249,-0.742536,-0.651566],[0.282312,0.598708,-0.749566]],[[0.946677,-0.300314,0.116678],[-0.288201,-0.951231,-0.110001],[0.144023,0.0705085,-0.987059]]],"btipPosition":[-8.03841,234.33,32.6032],"carpPosition":[2.05362,286.996,73.3719],"dipPosition":[-5.34749,235.648,14.161],"direction":[-0.282312,-0.598708,0.749565],"extended":false,"handId":506,"id":5063,"length":64.4285,"mcpPosition":[12.7013,291.632,11.8179],"pipPosition":[2.47311,252.233,-6.60346],"stabilizedTipPosition":[-9.74417,215.075,2.98474],"timeVisible":144.059,"tipPosition":[-7.42946,234.887,29.0974],"tipVelocity":[86.9815,57.6387,-147.387],"tool":false,"touchDistance":0.333333,"touchZone":"none","type":3,"width":18.077},{"bases":[[[0.856459,-0.461563,0.231166],[0.413565,0.881506,0.227843],[-0.308938,-0.0995361,0.945859]],[[0.867683,-0.457404,0.1947],[0.376961,0.350069,-0.857527],[0.324078,0.817456,0.476172]],[[0.867683,-0.457404,0.1947],[-0.20342,-0.684055,-0.700492],[0.453593,0.568199,-0.686588]],[[0.867683,-0.457404,0.1947],[-0.422174,-0.884802,-0.19722],[0.26248,0.0889271,-0.960831]]],"btipPosition":[6.32025,242.505,32.7033],"carpPosition":[13.2616,278.284,74.3957],"dipPosition":[10.8446,244.038,16.1416],"direction":[-0.453593,-0.568199,0.686588],"extended":false,"handId":506,"id":5064,"length":50.5107,"mcpPosition":[31.1754,284.056,19.5499],"pipPosition":[19.7163,255.151,2.71279],"stabilizedTipPosition":[4.67923,221.565,-1.35798],"timeVisible":144.059,"tipPosition":[7.25249,243.165,29.809],"tipVelocity":[80.4295,69.021,-146.919],"tool":false,"touchDistance":0.333333,"touchZone":"none","type":4,"width":16.0574}],"r":[[0.754347,-0.0610404,0.653632],[0.655049,0.135595,-0.74332],[-0.0432566,0.988882,0.14227]],"s":1.27612,"t":[6.43714,22.3983,23.3953],"timestamp":97958532297},false],[2,{"currentFrameRate":106.98,"devices":[],"gestures":[],"hands":[{"armBasis":[[0.950218,0.185753,-0.250163],[0.0233236,0.758215,0.651587],[0.310711,-0.624985,0.716137]],"armWidth":63.72,"confidence":0.667128,"direction":[0.0649312,0.227962,-0.971503],"elbow":[81.1999,108.227,273.264],"grabStrength":0,"id":506,"palmNormal":[-0.0597618,-0.970921,-0.23182],"palmPosition":[-7.03706,285.645,26.0675],"palmVelocity":[42.7848,73.839,-174.614],"palmWidth":90.99,"pinchStrength":0.738948,"r":[[0.751262,-0.0553228,0.657681],[0.658068,0.13904,-0.740009],[-0.0505045,0.98874,0.140862]],"s":1.27691,"sphereCenter":[-33.5885,268.874,-4.13565],"sphereRadius":52.3385,"stabilizedPalmPosition":[-11.7528,264.071,-0.989696],"t":[6.85755,23.2143,21.6163],"timeVisible":144.068,"type":"right","wrist":[-2.69216,276.973,79.9068]}],"id":1813549,"interactionBox":{"center":[0,200,0],"size":[235.247,235.247,147.751]},"pointables":[{"bases":[[[0.46695,0.883481,0.0376606],[-0.800268,0.404083,0.443043],[0.376203,-0.237018,0.895709]],[[0.414302,0.906735,-0.0786475],[-0.897002,0.392165,-0.203945],[-0.154081,0.155042,0.975818]],[[0.414302,0.906735,-0.0786475],[-0.808902,0.327232,-0.488464],[-0.417171,0.265989,0.869033]],[[0.414302,0.906735,-0.0786475],[-0.431728,0.119719,-0.894024],[-0.801227,0.40435,0.441063]]],"btipPosition":[8.71004,241.519,-9.34441],"carpPosition":[-31.9566,267.791,79.3187],"dipPosition":[-10.0416,250.982,0.97805],"direction":[0.417171,-0.265989,-0.869033],"extended":false,"handId":506,"id":5060,"length":52.1164,"mcpPosition":[-31.9566,267.791,79.3187],"pipPosition":[-24.2653,260.051,30.6082],"stabilizedTipPosition":[0.284983,220.791,-26.6068],"timeVisible":144.068,"tipPosition":[4.61619,243.495,-6.50309],"tipVelocity":[94.1139,78.0523,-165.669],"tool":false,"touchDistance":-0.110316,"touchZone":"hovering","type":0,"width":20.25},{"bases":[[[0.99286,-0.0337979,-0.114399],[0.0437863,0.995336,0.0859569],[0.11096,-0.0903523,0.989709]],[[0.9954,-0.050804,0.0812289],[0.00297205,0.863795,0.503834],[-0.0957619,-0.501275,0.859973]],[[0.9954,-0.050804,0.0812289],[0.0198136,0.938659,0.344276],[-0.0937369,-0.341083,0.935348]],[[0.9954,-0.050804,0.0812289],[0.0347049,0.981449,0.188557],[-0.0893014,-0.18487,0.978697]]],"btipPosition":[-22.3171,328.211,-75.2337],"carpPosition":[-22.0594,288.625,73.8546],"dipPosition":[-23.8429,325.052,-58.5121],"direction":[0.0937369,0.341083,-0.935348],"extended":true,"handId":506,"id":5061,"length":58.8075,"mcpPosition":[-30.2227,295.272,1.04214],"pipPosition":[-26.1086,316.808,-35.9044],"stabilizedTipPosition":[-27.6678,308.935,-87.0405],"timeVisible":144.068,"tipPosition":[-22.7216,327.686,-71.2893],"tipVelocity":[75.6999,48.6584,-190.585],"tool":false,"touchDistance":-0.125147,"touchZone":"hovering","type":1,"width":19.3428},{"bases":[[[0.976613,-0.214876,0.00739989],[0.213436,0.973068,0.0870869],[-0.0259135,-0.0834709,0.996173]],[[0.976329,-0.215645,0.0166911],[0.103148,0.39639,-0.912269],[0.19011,0.892397,0.409251]],[[0.976329,-0.215645,0.0166911],[-0.152992,-0.743093,-0.651465],[0.152888,0.633491,-0.758495]],[[0.976329,-0.215645,0.0166911],[-0.21313,-0.972339,-0.0955585],[0.0368362,0.0897391,-0.995284]]],"btipPosition":[-22.3517,233.07,23.0697],"carpPosition":[-9.95638,289.961,72.0245],"dipPosition":[-21.6594,234.757,4.36629],"direction":[-0.152888,-0.633491,0.758495],"extended":false,"handId":506,"id":5062,"length":67.0064,"mcpPosition":[-8.14845,295.785,2.52347],"pipPosition":[-17.3118,252.771,-17.2026],"stabilizedTipPosition":[-24.5133,212.518,-2.03852],"timeVisible":144.068,"tipPosition":[-22.1343,233.77,19.9105],"tipVelocity":[87.4748,58.5906,-183.519],"tool":false,"touchDistance":0.333333,"touchZone":"none","type":2,"width":18.9972},{"bases":[[[0.943268,-0.297556,0.147328],[0.281731,0.952072,0.119105],[-0.175707,-0.0708407,0.98189]],[[0.94737,-0.29569,0.12271],[0.22685,0.34957,-0.909032],[0.225896,0.889027,0.398249]],[[0.94737,-0.29569,0.12271],[-0.152449,-0.753725,-0.639264],[0.281513,0.586912,-0.759134]],[[0.94737,-0.29569,0.12271],[-0.284836,-0.953496,-0.0985609],[0.146147,0.0584215,-0.987536]]],"btipPosition":[-7.41978,235.645,31.5575],"carpPosition":[2.19594,288.279,71.3761],"dipPosition":[-4.68918,236.736,13.1064],"direction":[-0.281513,-0.586912,0.759134],"extended":false,"handId":506,"id":5063,"length":64.4285,"mcpPosition":[13.2023,292.716,9.87049],"pipPosition":[3.1093,252.995,-7.92313],"stabilizedTipPosition":[-9.74239,215.088,2.99937],"timeVisible":144.068,"tipPosition":[-6.79318,236.064,27.6764],"tipVelocity":[81.7935,79.9557,-138.11],"tool":false,"touchDistance":0.333333,"touchZone":"none","type":3,"width":18.077},{"bases":[[[0.856989,-0.456947,0.238263],[0.408376,0.884178,0.226846],[-0.314323,-0.0971039,0.944337]],[[0.86861,-0.452807,0.201203],[0.37871,0.344831,-0.858877],[0.319524,0.822227,0.471006]],[[0.86861,-0.452807,0.201203],[-0.198521,-0.690074,-0.695979],[0.453989,0.564591,-0.689297]],[[0.86861,-0.452807,0.201203],[-0.417919,-0.887647,-0.193459],[0.266197,0.0839535,-0.960256]]],"btipPosition":[6.89472,243.687,31.1251],"carpPosition":[13.4346,279.62,72.5035],"dipPosition":[11.4831,245.134,14.5734],"direction":[-0.453989,-0.564591,0.689297],"extended":false,"handId":506,"id":5064,"length":50.5107,"mcpPosition":[31.6607,285.25,17.746],"pipPosition":[20.3626,256.177,1.09157],"stabilizedTipPosition":[4.68172,221.582,-1.33619],"timeVisible":144.068,"tipPosition":[7.84981,244.3,28.0918],"tipVelocity":[75.8981,85.1088,-153.838],"tool":false,"touchDistance":0.333333,"touchZone":"none","type":4,"width":16.0574}],"r":[[0.751262,-0.0553228,0.657681],[0.658068,0.13904,-0.740009],[-0.0505045,0.98874,0.140862]],"s":1.27691,"t":[6.85755,23.2143,21.6163],"timestamp":97958541475},false],[3,{"currentFrameRate":107.051,"devices":[],"gestures":[],"hands":[{"armBasis":[[0.951215,0.193693,-0.240153],[0.0105254,0.757554,0.652687],[0.30835,-0.623373,0.718558]],"armWidth":63.72,"confidence":0.668032,"direction":[0.0773761,0.223216,-0.971693],"elbow":[80.0232,109.937,271.615],"grabStrength":0,"id":506,"palmNormal":[-0.0524468,-0.972354,-0.227544],"palmPosition":[-6.86903,286.624,23.666],"palmVelocity":[35.9112,82.9034,-198.719],"palmWidth":90.99,"pinchStrength":0.72821,"r":[[0.746966,-0.0494369,0.663022],[0.662369,0.141618,-0.735671],[-0.0575265,0.988686,0.138529]],"s":1.27862,"sphereCenter":[-32.9564,269.645,-6.74843],"sphereRadius":52.3971,"stabilizedPalmPosition":[-11.7502,264.082,-0.976632],"t":[7.15177,24.1115,19.526],"timeVisible":144.077,"type":"right","wrist":[-3.2314,278.248,77.6047]}],"id":1813550,"interactionBox":{"center":[0,200,0],"size":[235.247,235.247,147.751]},"pointables":[{"bases":[[[0.462644,0.885665,0.0394771],[-0.808012,0.402921,0.42985],[0.364797,-0.230765,0.902037]],[[0.411622,0.90806,-0.0774245],[-0.895666,0.387378,-0.21845],[-0.168374,0.159265,0.972772]],[[0.411622,0.90806,-0.0774245],[-0.803661,0.321607,-0.500697],[-0.429763,0.268321,0.862153]],[[0.411622,0.90806,-0.0774245],[-0.421304,0.114265,-0.899692],[-0.808128,0.402952,0.429603]]],"btipPosition":[9.52507,242.408,-11.3471],"carpPosition":[-32.4459,268.938,76.6612],"dipPosition":[-9.38803,251.839,-1.29285],"direction":[0.429763,-0.268321,-0.862153],"extended":false,"handId":506,"id":5060,"length":52.1164,"mcpPosition":[-32.4459,268.938,76.6612],"pipPosition":[-24.041,260.987,28.1028],"stabilizedTipPosition":[0.301397,220.871,-26.5478],"timeVisible":144.077,"tipPosition":[5.38976,244.378,-8.56235],"tipVelocity":[91.4052,82.9951,-182.032],"tool":false,"touchDistance":-0.144723,"touchZone":"hovering","type":0,"width":20.25},{"bases":[[[0.994479,-0.0301169,-0.100521],[0.038384,0.995946,0.0813492],[0.0976635,-0.0847585,0.991604]],[[0.994372,-0.0461139,0.095378],[-0.00772564,0.866334,0.499405],[-0.105659,-0.497331,0.861103]],[[0.994372,-0.0461139,0.095378],[0.0110243,0.940448,0.339758],[-0.105366,-0.336794,0.935664]],[[0.994372,-0.0461139,0.095378],[0.0279078,0.982516,0.184076],[-0.102199,-0.180379,0.978273]]],"btipPosition":[-20.9152,328.61,-78.0514],"carpPosition":[-22.5623,289.786,71.2253],"dipPosition":[-22.6613,325.528,-61.337],"direction":[0.105366,0.336794,-0.935664],"extended":true,"handId":506,"id":5061,"length":58.8075,"mcpPosition":[-29.7474,296.021,-1.7266],"pipPosition":[-25.2081,317.388,-38.7216],"stabilizedTipPosition":[-27.6577,308.965,-87.0202],"timeVisible":144.077,"tipPosition":[-21.3765,328.095,-74.1146],"tipVelocity":[95.5788,47.7057,-222.922],"tool":false,"touchDistance":-0.172137,"touchZone":"hovering","type":1,"width":19.3428},{"bases":[[[0.977318,-0.210632,0.0219871],[0.208095,0.974414,0.0849345],[-0.0393145,-0.0784326,0.996144]],[[0.976903,-0.211364,0.0314106],[0.113685,0.389623,-0.913931],[0.180934,0.896392,0.404653]],[[0.976903,-0.211364,0.0314106],[-0.141225,-0.748939,-0.647414],[0.160365,0.628025,-0.761491]],[[0.976903,-0.211364,0.0314106],[-0.207777,-0.9739,-0.0913626],[0.0499015,0.082726,-0.995322]]],"btipPosition":[-21.9171,234.017,20.9099],"carpPosition":[-10.441,291.164,69.5552],"dipPosition":[-20.9793,235.571,2.20585],"direction":[-0.160365,-0.628025,0.761491],"extended":false,"handId":506,"id":5062,"length":67.0064,"mcpPosition":[-7.69806,296.636,0.0562336],"pipPosition":[-16.4191,253.43,-19.4482],"stabilizedTipPosition":[-24.5126,212.523,-2.03403],"timeVisible":144.077,"tipPosition":[-21.6627,234.659,17.6113],"tipVelocity":[77.9057,70.0302,-197.786],"tool":false,"touchDistance":0.333333,"touchZone":"none","type":2,"width":18.9972},{"bases":[[[0.942394,-0.29273,0.161873],[0.276029,0.953878,0.118],[-0.188949,-0.066521,0.979731]],[[0.947022,-0.290886,0.136142],[0.232477,0.328391,-0.915486],[0.221594,0.898635,0.378617]],[[0.947022,-0.290886,0.136142],[-0.146724,-0.768923,-0.622277],[0.285695,0.569335,-0.770867]],[[0.947022,-0.290886,0.136142],[-0.281454,-0.95585,-0.0844697],[0.154702,0.0416769,-0.987082]]],"btipPosition":[-7.14358,236.997,30.5936],"carpPosition":[1.72617,289.531,69.0832],"dipPosition":[-4.25312,237.776,12.151],"direction":[-0.285695,-0.569335,0.770867],"extended":false,"handId":506,"id":5063,"length":64.4285,"mcpPosition":[13.5619,293.698,7.71287],"pipPosition":[3.66119,253.547,-9.20361],"stabilizedTipPosition":[-9.73908,215.11,3.02305],"timeVisible":144.077,"tipPosition":[-6.45832,237.243,26.259],"tipVelocity":[68.4016,96.4803,-128.677],"tool":false,"touchDistance":0.333333,"touchZone":"none","type":3,"width":18.077},{"bases":[[[0.855542,-0.452019,0.252441],[0.40146,0.887087,0.227831],[-0.326921,-0.093574,0.940408]],[[0.868011,-0.447885,0.214373],[0.385369,0.335395,-0.859651],[0.313125,0.8288,0.463728]],[[0.868011,-0.447885,0.214373],[-0.190505,-0.699079,-0.6892],[0.458546,0.557394,-0.692133]],[[0.868011,-0.447885,0.214373],[-0.413018,-0.890897,-0.188992],[0.275631,0.0755074,-0.958293]]],"btipPosition":[7.14983,244.843,29.5392],"carpPosition":[12.9847,280.926,70.4107],"dipPosition":[11.9008,246.145,13.0212],"direction":[-0.458546,-0.557394,0.692133],"extended":false,"handId":506,"id":5064,"length":50.5107,"mcpPosition":[31.9413,286.352,15.881],"pipPosition":[20.8694,257.047,-0.516042],"stabilizedTipPosition":[4.68538,221.606,-1.30836],"timeVisible":144.077,"tipPosition":[8.15642,245.379,26.2951],"tipVelocity":[63.5355,95.3935,-158.733],"tool":false,"touchDistance":0.333333,"touchZone":"none","type":4,"width":16.0574}],"r":[[0.746966,-0.0494369,0.663022],[0.662369,0.141618,-0.735671],[-0.0575265,0.988686,0.138529]],"s":1.27862,"t":[7.15177,24.1115,19.526],"timestamp":97958550687},false],[4,{"currentFrameRate":107.116,"devices":[],"gestures":[],"hands":[{"armBasis":[[0.952551,0.198719,-0.230561],[-0.00132624,0.760179,0.649712],[0.304378,-0.618578,0.724372]],"armWidth":63.72,"confidence":0.698754,"direction":[0.0881484,0.233669,-0.968312],"elbow":[78.737,112.56,269.781],"grabStrength":0,"id":506,"palmNormal":[-0.0431315,-0.970289,-0.238073],"palmPosition":[-6.45721,288.481,20.3084],"palmVelocity":[38.368,116.131,-245.106],"palmWidth":90.99,"pinchStrength":0.707416,"r":[[0.741849,-0.0451308,0.669047],[0.667431,0.146077,-0.730204],[-0.0647777,0.988243,0.138489]],"s":1.28159,"sphereCenter":[-32.1091,271.745,-10.5181],"sphereRadius":52.4983,"stabilizedPalmPosition":[-11.7461,264.102,-0.959904],"t":[7.50479,25.4887,16.8021],"timeVisible":144.087,"type":"right","wrist":[-3.44494,279.576,74.2009]}],"id":1813551,"interactionBox":{"center":[0,200,0],"size":[235.247,235.247,147.751]},"pointables":[{"bases":[[[0.456234,0.888199,0.0543507],[-0.816021,0.393235,0.423645],[0.354908,-0.237632,0.904196]],[[0.406508,0.91147,-0.0630321],[-0.895472,0.383779,-0.225484],[-0.181332,0.148104,0.972206]],[[0.406508,0.91147,-0.0630321],[-0.800077,0.321817,-0.506271],[-0.441166,0.256234,0.860068]],[[0.406508,0.91147,-0.0630321],[-0.413538,0.122039,-0.902271],[-0.814701,0.392846,0.426538]]],"btipPosition":[10.5775,244.763,-15.0449],"carpPosition":[-32.5829,270.086,72.7923],"dipPosition":[-8.48939,253.957,-5.06241],"direction":[0.441166,-0.256234,-0.860068],"extended":false,"handId":506,"id":5060,"length":52.1164,"mcpPosition":[-32.5829,270.086,72.7923],"pipPosition":[-23.5312,262.693,24.2621],"stabilizedTipPosition":[0.324375,220.972,-26.494],"timeVisible":144.087,"tipPosition":[6.42294,246.675,-12.2665],"tipVelocity":[96.7129,129.663,-243.938],"tool":false,"touchDistance":-0.206628,"touchZone":"hovering","type":0,"width":20.25},{"bases":[[[0.995846,-0.0226261,-0.0882017],[0.0307582,0.995288,0.0919588],[0.0857054,-0.0942897,0.991849]],[[0.993357,-0.0406456,0.10766],[-0.0198527,0.86099,0.508234],[-0.113351,-0.506995,0.854464]],[[0.993357,-0.0406456,0.10766],[0.000441666,0.936886,0.349635],[-0.115076,-0.347265,0.93068]],[[0.993357,-0.0406456,0.10766],[0.0190329,0.980691,0.194635],[-0.113492,-0.191293,0.97495]]],"btipPosition":[-19.4848,331.434,-81.1377],"carpPosition":[-22.7699,291.053,67.6946],"dipPosition":[-21.4239,328.165,-64.4801],"direction":[0.115076,0.347265,-0.93068],"extended":true,"handId":506,"id":5061,"length":58.8075,"mcpPosition":[-29.0752,297.99,-5.27536],"pipPosition":[-24.2053,319.772,-41.9852],"stabilizedTipPosition":[-27.6423,309.008,-87.0009],"timeVisible":144.087,"tipPosition":[-19.9961,330.863,-77.218],"tipVelocity":[110.931,118.854,-254.676],"tool":false,"touchDistance":-0.223792,"touchZone":"hovering","type":1,"width":19.3428},{"bases":[[[0.978337,-0.204496,0.0322359],[0.200549,0.974822,0.0974769],[-0.0513578,-0.0889003,0.994716]],[[0.9778,-0.205337,0.0417533],[0.122344,0.397693,-0.909325],[0.170113,0.894247,0.413986]],[[0.9778,-0.205337,0.0417533],[-0.128412,-0.744669,-0.654964],[0.165581,0.635063,-0.754506]],[[0.9778,-0.205337,0.0417533],[-0.200256,-0.974395,-0.102239],[0.0616776,0.0916079,-0.993883]]],"btipPosition":[-21.1217,235.846,16.9713],"carpPosition":[-10.6378,292.527,66.1925],"dipPosition":[-19.9627,237.568,-1.70575],"direction":[-0.165581,-0.635063,0.754506],"extended":false,"handId":506,"id":5062,"length":67.0064,"mcpPosition":[-7.05462,298.73,-3.20687],"pipPosition":[-15.2541,255.627,-23.1612],"stabilizedTipPosition":[-24.5114,212.531,-2.02922],"timeVisible":144.087,"tipPosition":[-20.8314,236.491,13.5708],"tipVelocity":[81.8037,107.194,-261.908],"tool":false,"touchDistance":0.333333,"touchZone":"none","type":2,"width":18.9972},{"bases":[[[0.942195,-0.28825,0.170825],[0.268195,0.95439,0.131191],[-0.200849,-0.0777928,0.976529]],[[0.947283,-0.28604,0.144346],[0.234839,0.313392,-0.920128],[0.217956,0.90552,0.364045]],[[0.947283,-0.28604,0.144346],[-0.142227,-0.779114,-0.610535],[0.287099,0.55782,-0.778724]],[[0.947283,-0.28604,0.144346],[-0.276884,-0.957534,-0.0803967],[0.161213,0.0361913,-0.986256]]],"btipPosition":[-6.57744,239.264,28.4225],"carpPosition":[1.54491,290.978,65.8582],"dipPosition":[-3.56534,239.94,9.99533],"direction":[-0.287099,-0.55782,0.778724],"extended":false,"handId":506,"id":5063,"length":64.4285,"mcpPosition":[14.1261,295.851,4.68849],"pipPosition":[4.38789,255.393,-11.5769],"stabilizedTipPosition":[-9.73235,215.152,3.05999],"timeVisible":144.087,"tipPosition":[-5.817,239.383,23.5643],"tipVelocity":[67.297,137.64,-158.512],"tool":false,"touchDistance":0.333333,"touchZone":"none","type":3,"width":18.077},{"bases":[[[0.855264,-0.44902,0.258659],[0.392671,0.887291,0.241918],[-0.338132,-0.105336,0.935185]],[[0.868626,-0.444234,0.219419],[0.387644,0.333512,-0.859362],[0.308579,0.83152,0.461902]],[[0.868626,-0.444234,0.219419],[-0.185581,-0.70232,-0.687245],[0.4594,0.556239,-0.692495]],[[0.868626,-0.444234,0.219419],[-0.407861,-0.89254,-0.192411],[0.281316,0.0776409,-0.956469]]],"btipPosition":[7.70376,246.922,26.7123],"carpPosition":[12.8426,282.433,67.2408],"dipPosition":[12.5527,248.26,10.2258],"direction":[-0.4594,-0.556239,0.692495],"extended":false,"handId":506,"id":5064,"length":50.5107,"mcpPosition":[32.4492,288.541,13.0139],"pipPosition":[21.5381,259.139,-3.31856],"stabilizedTipPosition":[4.69137,221.643,-1.27324],"timeVisible":144.087,"tipPosition":[8.77401,247.393,23.1374],"tipVelocity":[63.2577,132.112,-199.971],"tool":false,"touchDistance":0.333333,"touchZone":"none","type":4,"width":16.0574}],"r":[[0.741849,-0.0451308,0.669047],[0.667431,0.146077,-0.730204],[-0.0647777,0.988243,0.138489]],"s":1.28159,"t":[7.50479,25.4887,16.8021],"timestamp":97958559904},false],[5,{"currentFrameRate":107.108,"devices":[],"gestures":[],"hands":[{"armBasis":[[0.954352,0.200301,-0.221568],[-0.00981133,0.762433,0.646993],[0.298524,-0.615285,0.729595]],"armWidth":63.72,"confidence":0.584166,"direction":[0.0950775,0.235928,-0.967108],"elbow":[77.3445,114.413,268.839],"grabStrength":0,"id":506,"palmNormal":[-0.0365125,-0.970029,-0.24023],"palmPosition":[-5.86358,289.533,17.9495],"palmVelocity":[45.4922,115.099,-247.142],"palmWidth":90.99,"pinchStrength":0.694524,"r":[[0.736619,-0.0412614,0.675048],[0.672491,0.150581,-0.724625],[-0.0717503,0.987736,0.138669]],"s":1.28514,"sphereCenter":[-31.1414,272.798,-13.0012],"sphereRadius":52.5398,"stabilizedPalmPosition":[-11.7409,264.124,-0.943193],"t":[7.97812,26.7032,14.2607],"timeVisible":144.096,"type":"right","wrist":[-3.25692,280.54,71.8485]}],"id":1813552,"interactionBox":{"center":[0,200,0],"size":[235.247,235.247,147.751]},"pointables":[{"bases":[[[0.451515,0.890257,0.0598003],[-0.821386,0.388536,0.417571],[0.348511,-0.237659,0.906674]],[[0.402625,0.913524,-0.0580197],[-0.895454,0.379927,-0.231987],[-0.189883,0.145358,0.970987]],[[0.402625,0.913524,-0.0580197],[-0.79797,0.319227,-0.511213],[-0.448484,0.252125,0.857494]],[[0.402625,0.913524,-0.0580197],[-0.408644,0.122664,-0.904413],[-0.819087,0.387849,0.422694]]],"btipPosition":[11.603,245.985,-17.4189],"carpPosition":[-32.3364,270.914,70.1798],"dipPosition":[-7.56662,255.062,-7.5263],"direction":[0.448484,-0.252125,-0.857494],"extended":false,"handId":506,"id":5060,"length":52.1164,"mcpPosition":[-32.3364,270.914,70.1798],"pipPosition":[-22.858,263.658,21.7105],"stabilizedTipPosition":[0.355193,221.094,-26.4431],"timeVisible":144.096,"tipPosition":[7.43571,247.872,-14.6564],"tipVelocity":[99.6712,129.136,-247.39],"tool":false,"touchDistance":-0.246539,"touchZone":"hovering","type":0,"width":20.25},{"bases":[[[0.996641,-0.0177137,-0.0799527],[0.0252351,0.995246,0.0940654],[0.0779064,-0.0957671,0.99235]],[[0.992605,-0.0361217,0.115893],[-0.0282314,0.859834,0.509792],[-0.118063,-0.509294,0.852456]],[[0.992605,-0.0361217,0.115893],[-0.00696341,0.936187,0.351433],[-0.121192,-0.349641,0.929012]],[[0.992605,-0.0361217,0.115893],[0.012725,0.980404,0.196587],[-0.120723,-0.193658,0.973613]]],"btipPosition":[-18.2491,332.623,-83.5167],"carpPosition":[-22.5817,291.937,65.203],"dipPosition":[-20.3117,329.314,-66.882],"direction":[0.121192,0.349641,-0.929012],"extended":true,"handId":506,"id":5061,"length":58.8075,"mcpPosition":[-28.3133,298.983,-7.80385],"pipPosition":[-23.241,320.863,-44.4274],"stabilizedTipPosition":[-27.6198,309.066,-86.9824],"timeVisible":144.096,"tipPosition":[-18.7907,332.038,-79.6055],"tipVelocity":[116.09,120.936,-254.771],"tool":false,"touchDistance":-0.263531,"touchZone":"hovering","type":1,"width":19.3428},{"bases":[[[0.979001,-0.199893,0.039996],[0.19507,0.975579,0.100958],[-0.0592002,-0.0910363,0.994086]],[[0.978403,-0.200737,0.0493072],[0.124976,0.384479,-0.914635],[0.164644,0.901044,0.401263]],[[0.978403,-0.200737,0.0493072],[-0.122437,-0.754998,-0.644195],[0.166541,0.624245,-0.763271]],[[0.978403,-0.200737,0.0493072],[-0.195538,-0.976172,-0.0940939],[0.0670205,0.0824203,-0.994342]]],"btipPosition":[-20.2456,237.092,15.4985],"carpPosition":[-10.4447,293.472,63.8046],"dipPosition":[-18.9862,238.641,-3.18715],"direction":[-0.166541,-0.624245,0.763271],"extended":false,"handId":506,"id":5062,"length":67.0064,"mcpPosition":[-6.31445,299.823,-5.55078],"pipPosition":[-14.2503,256.393,-24.8918],"stabilizedTipPosition":[-24.5092,212.543,-2.02265],"timeVisible":144.096,"tipPosition":[-19.9352,237.61,11.5876],"tipVelocity":[85.8772,113.387,-232.365],"tool":false,"touchDistance":0.333333,"touchZone":"none","type":2,"width":18.9972},{"bases":[[[0.942109,-0.284082,0.178123],[0.26253,0.955406,0.135196],[-0.208586,-0.0806065,0.974677]],[[0.947504,-0.281751,0.15117],[0.236599,0.299794,-0.9242],[0.215074,0.91145,0.350718]],[[0.947504,-0.281751,0.15117],[-0.138749,-0.788256,-0.599501],[0.28807,0.547055,-0.785968]],[[0.947504,-0.281751,0.15117],[-0.273457,-0.959069,-0.0735348],[0.165701,0.028336,-0.985769]]],"btipPosition":[-5.87209,240.623,27.0363],"carpPosition":[1.74756,291.981,63.5689],"dipPosition":[-2.77614,241.153,8.61816],"direction":[-0.28807,-0.547055,0.785968],"extended":false,"handId":506,"id":5063,"length":64.4285,"mcpPosition":[14.8134,297.03,2.5152],"pipPosition":[5.20398,256.307,-13.1547],"stabilizedTipPosition":[-9.71946,215.225,3.11567],"timeVisible":144.096,"tipPosition":[-5.06889,240.642,21.9314],"tipVelocity":[70.1907,138.818,-155.543],"tool":false,"touchDistance":0.333333,"touchZone":"none","type":3,"width":18.077},{"bases":[[[0.855221,-0.445431,0.264931],[0.3864,0.88869,0.24683],[-0.345387,-0.108725,0.932141]],[[0.869568,-0.440225,0.223727],[0.388339,0.329767,-0.860492],[0.305032,0.835138,0.457712]],[[0.869568,-0.440225,0.223727],[-0.182128,-0.707029,-0.68333],[0.459,0.553454,-0.694987]],[[0.869568,-0.440225,0.223727],[-0.403872,-0.894706,-0.190761],[0.284148,0.0755227,-0.955801]]],"btipPosition":[8.44038,248.136,24.8629],"carpPosition":[13.074,283.488,65.0296],"dipPosition":[13.3382,249.438,8.38798],"direction":[-0.459,-0.553454,0.694987],"extended":false,"handId":506,"id":5064,"length":50.5107,"mcpPosition":[33.1014,289.792,10.9792],"pipPosition":[22.3157,260.263,-5.20513],"stabilizedTipPosition":[4.70103,221.697,-1.22897],"timeVisible":144.096,"tipPosition":[9.53638,248.556,21.1023],"tipVelocity":[68.0008,131.216,-199.272],"tool":false,"touchDistance":0.333333,"touchZone":"none","type":4,"width":16.0574}],"r":[[0.736619,-0.0412614,0.675048],[0.672491,0.150581,-0.724625],[-0.0717503,0.987736,0.138669]],"s":1.28514,"t":[7.97812,26.7032,14.2607],"timestamp":97958569254},false],[6,{"currentFrameRate":107.163,"devices":[],"gestures":[],"hands":[{"armBasis":[[0.955815,0.200476,-0.215006],[-0.0140794,0.761768,0.647697],[0.293632,-0.616051,0.730932]],"armWidth":63.72,"confidence":0.588015,"direction":[0.0971901,0.233273,-0.967542],"elbow":[76.4367,114.951,267.815],"grabStrength":0,"id":506,"palmNormal":[-0.0332522,-0.970841,-0.237408],"palmPosition":[-5.32169,290.109,16.5309],"palmVelocity":[49.1983,100.306,-220.922],"palmWidth":90.99,"pinchStrength":0.683255,"r":[[0.732017,-0.0373936,0.68026],[0.676815,0.154125,-0.719838],[-0.0779279,0.987343,0.138131]],"s":1.28864,"sphereCenter":[-30.4286,273.258,-14.3478],"sphereRadius":52.5584,"stabilizedPalmPosition":[-11.7349,264.148,-0.926943],"t":[8.48572,27.5983,12.2807],"timeVisible":144.105,"type":"right","wrist":[-2.84389,281.285,70.4639]}],"id":1813553,"interactionBox":{"center":[0,200,0],"size":[235.247,235.247,147.751]},"pointables":[{"bases":[[[0.448975,0.891634,0.0583928],[-0.823596,0.387598,0.414075],[0.346571,-0.234002,0.908368]],[[0.400201,0.914462,-0.0599865],[-0.896009,0.376705,-0.235078],[-0.192373,0.147827,0.970124]],[[0.400201,0.914462,-0.0599865],[-0.798401,0.315779,-0.512678],[-0.449882,0.253068,0.856483]],[[0.400201,0.914462,-0.0599865],[-0.408633,0.119477,-0.904845],[-0.820279,0.386633,0.421494]]],"btipPosition":[12.2464,246.52,-18.751],"carpPosition":[-31.8929,271.576,68.7421],"dipPosition":[-6.95107,255.569,-8.88648],"direction":[0.449882,-0.253068,-0.856483],"extended":false,"handId":506,"id":5060,"length":52.1164,"mcpPosition":[-31.8929,271.576,68.7421],"pipPosition":[-22.2901,264.197,20.3158],"stabilizedTipPosition":[0.390385,221.223,-26.3962],"timeVisible":144.105,"tipPosition":[8.09961,248.407,-15.988],"tipVelocity":[91.0701,108.978,-218.667],"tool":false,"touchDistance":-0.268848,"touchZone":"hovering","type":0,"width":20.25},{"bases":[[[0.996907,-0.0152954,-0.0770823],[0.022322,0.995588,0.0911366],[0.0753482,-0.0925754,0.992851]],[[0.992359,-0.0331293,0.118851],[-0.0319789,0.861296,0.507095],[-0.119165,-0.507022,0.853656]],[[0.992359,-0.0331293,0.118851],[-0.0104316,0.937299,0.34837],[-0.12294,-0.346948,0.929792]],[[0.992359,-0.0331293,0.118851],[0.00960862,0.981102,0.193251],[-0.123007,-0.190632,0.973924]]],"btipPosition":[-17.5306,332.847,-85.1028],"carpPosition":[-22.18,292.61,63.7295],"dipPosition":[-19.6322,329.59,-68.4627],"direction":[0.12294,0.346948,-0.929792],"extended":true,"handId":506,"id":5061,"length":58.8075,"mcpPosition":[-27.7233,299.421,-9.31415],"pipPosition":[-22.6037,321.204,-45.9893],"stabilizedTipPosition":[-27.5935,309.129,-86.9668],"timeVisible":144.105,"tipPosition":[-18.0822,332.275,-81.1911],"tipVelocity":[105.087,94.1748,-231.462],"tool":false,"touchDistance":-0.289283,"touchZone":"hovering","type":1,"width":19.3428},{"bases":[[[0.979412,-0.19716,0.0433646],[0.192189,0.976395,0.0985686],[-0.0617747,-0.0882051,0.994185]],[[0.978787,-0.197982,0.0527253],[0.124119,0.368239,-0.921409],[0.163007,0.908407,0.385001]],[[0.978787,-0.197982,0.0527253],[-0.121125,-0.766719,-0.630452],[0.165244,0.610692,-0.774435]],[[0.978787,-0.197982,0.0527253],[-0.193381,-0.977736,-0.0814614],[0.0676793,0.0695373,-0.995281]]],"btipPosition":[-19.5611,237.869,15.1668],"carpPosition":[-10.0432,294.173,62.3608],"dipPosition":[-18.2893,239.176,-3.53653],"direction":[-0.165244,-0.610692,0.774435],"extended":false,"handId":506,"id":5062,"length":67.0064,"mcpPosition":[-5.73333,300.327,-7.00147],"pipPosition":[-13.5903,256.541,-25.5587],"stabilizedTipPosition":[-24.5051,212.563,-2.01265],"timeVisible":144.105,"tipPosition":[-19.2449,238.255,10.8644],"tipVelocity":[82.6756,103.481,-177.383],"tool":false,"touchDistance":0.333333,"touchZone":"none","type":2,"width":18.9972},{"bases":[[[0.942353,-0.281031,0.18164],[0.259605,0.956505,0.133057],[-0.211132,-0.0782322,0.974322]],[[0.947874,-0.27874,0.154398],[0.235918,0.288194,-0.928056],[0.21419,0.916105,0.338931]],[[0.947874,-0.27874,0.154398],[-0.137973,-0.795795,-0.589639],[0.287225,0.537601,-0.792772]],[[0.947874,-0.27874,0.154398],[-0.271738,-0.960162,-0.0651714],[0.166413,0.0198186,-0.985857]]],"btipPosition":[-5.25695,241.421,26.3704],"carpPosition":[2.1536,292.714,62.1641],"dipPosition":[-2.14769,241.791,7.95062],"direction":[-0.287225,-0.537601,0.792772],"extended":false,"handId":506,"id":5063,"length":64.4285,"mcpPosition":[15.3789,297.615,1.13256],"pipPosition":[5.80901,256.684,-14.0107],"stabilizedTipPosition":[-9.69841,215.331,3.19298],"timeVisible":144.105,"tipPosition":[-4.44284,241.363,21.1633],"tipVelocity":[69.2873,122.997,-132.156],"tool":false,"touchDistance":0.333333,"touchZone":"none","type":3,"width":18.077},{"bases":[[[0.855648,-0.44235,0.268688],[0.383335,0.890455,0.245242],[-0.347737,-0.106843,0.931485]],[[0.870665,-0.436997,0.225778],[0.385897,0.322235,-0.864435],[0.305002,0.839761,0.449195]],[[0.870665,-0.436997,0.225778],[-0.18278,-0.713585,-0.676304],[0.456655,0.547567,-0.701168]],[[0.870665,-0.436997,0.225778],[-0.402369,-0.896779,-0.18408],[0.282916,0.0694257,-0.956629]]],"btipPosition":[9.06921,248.851,23.99],"carpPosition":[13.4984,284.256,63.6823],"dipPosition":[13.9458,250.048,7.50082],"direction":[-0.456655,-0.547567,0.701168],"extended":false,"handId":506,"id":5064,"length":50.5107,"mcpPosition":[33.662,290.451,9.66998],"pipPosition":[22.8774,260.758,-6.21319],"stabilizedTipPosition":[4.71485,221.766,-1.17502],"timeVisible":144.105,"tipPosition":[10.1729,249.217,20.0872],"tipVelocity":[67.8863,115.414,-169.997],"tool":false,"touchDistance":0.333333,"touchZone":"none","type":4,"width":16.0574}],"r":[[0.732017,-0.0373936,0.68026],[0.676815,0.154