{"sensorType":"Leap","data":[[0,{"currentFrameRate":105.013,"devices":[],"gestures":[],"hands":[{"armBasis":[[0.959028,0.0292703,-0.281794],[0.149234,0.793279,0.590286],[0.240819,-0.608155,0.756409]],"armWidth":63.72,"confidence":0.721573,"direction":[0.0472277,0.267358,-0.962439],"elbow":[68.7379,106.776,284.115],"grabStrength":0,"id":506,"palmNormal":[-0.176833,-0.946058,-0.271485],"palmPosition":[-1.99083,282.723,26.7594],"palmVelocity":[23.8303,138.775,-154.753],"palmWidth":90.99,"pinchStrength":0.684712,"r":[[0.761051,-0.142913,0.632753],[0.647748,0.114834,-0.75315],[0.0349734,0.983051,0.179966]],"s":1.30547,"sphereCenter":[-32.4564,271.908,-2.30904],"sphereRadius":53.2724,"stabilizedPalmPosition":[-5.50083,267.785,22.1165],"t":[12.1128,20.033,21.8775],"timeVisible":138.032,"type":"right","wrist":[3.71677,270.978,79.8842]}],"id":1812906,"interactionBox":{"center":[0,200,0],"size":[235.247,235.247,147.751]},"pointables":[{"bases":[[[0.562979,0.824707,0.0539749],[-0.730548,0.466037,0.499108],[0.386463,-0.320419,0.864857]],[[0.50521,0.860612,-0.0641082],[-0.858502,0.493619,-0.138979],[-0.0879618,0.12525,0.988218]],[[0.50521,0.860612,-0.0641082],[-0.779682,0.423331,-0.461397],[-0.369945,0.283087,0.884874]],[[0.50521,0.860612,-0.0641082],[-0.395152,0.164648,-0.90374],[-0.767214,0.481911,0.423254]]],"btipPosition":[8.57878,237.88,-9.08586],"carpPosition":[-26.3811,265.063,80.3196],"dipPosition":[-9.37678,249.159,0.819821],"direction":[0.369945,-0.283087,-0.884874],"extended":false,"handId":506,"id":5060,"length":52.1164,"mcpPosition":[-26.3811,265.063,80.3196],"pipPosition":[-21.9903,258.811,30.9901],"stabilizedTipPosition":[3.6051,221.714,-9.27825],"timeVisible":138.032,"tipPosition":[4.86873,240.253,-6.21346],"tipVelocity":[18.9238,148.925,-169.079],"tool":false,"touchDistance":-0.0597803,"touchZone":"hovering","type":0,"width":20.25},{"bases":[[[0.97708,-0.135524,-0.164156],[0.157297,0.979247,0.127804],[0.143429,-0.150696,0.97812]],[[0.987098,-0.159823,0.00969462],[0.126604,0.816131,0.563827],[-0.0980247,-0.555325,0.825836]],[[0.987098,-0.159823,0.00969462],[0.143665,0.910781,0.387089],[-0.0706954,-0.380702,0.921991]],[[0.987098,-0.159823,0.00969462],[0.15426,0.965473,0.209919],[-0.0429098,-0.205715,0.977671]]],"btipPosition":[-18.3877,332.608,-71.1202],"carpPosition":[-14.489,284.946,75.3086],"dipPosition":[-19.1209,329.093,-54.4161],"direction":[0.0706954,0.380702,-0.921991],"extended":true,"handId":506,"id":5061,"length":58.8075,"mcpPosition":[-25.041,296.033,3.34865],"pipPosition":[-20.8296,319.891,-32.1312],"stabilizedTipPosition":[-20.0981,324.313,-63.3083],"timeVisible":138.032,"tipPosition":[-18.2961,331.611,-67.3451],"tipVelocity":[34.7535,169.21,-141.165],"tool":false,"touchDistance":0.132574,"touchZone":"hovering","type":1,"width":19.3428},{"bases":[[[0.946247,-0.319577,-0.0498652],[0.32333,0.938691,0.119655],[0.00856915,-0.129346,0.991562]],[[0.946276,-0.321316,-0.0362941],[0.0821497,0.347441,-0.934096],[0.31275,0.880932,0.355171]],[[0.946276,-0.321316,-0.0362941],[-0.282121,-0.765529,-0.57825],[0.158017,0.557424,-0.815052]],[[0.946276,-0.321316,-0.0362941],[-0.322093,-0.946538,-0.0179451],[-0.0285877,0.0286711,-0.99918]]],"btipPosition":[-22.0328,235.224,28.6054],"carpPosition":[-2.40406,285.051,72.9504],"dipPosition":[-22.57,235.763,9.82879],"direction":[-0.158017,-0.557424,0.815052],"extended":false,"handId":506,"id":5062,"length":67.0064,"mcpPosition":[-3.00191,294.076,3.77104],"pipPosition":[-18.0766,251.614,-13.3483],"stabilizedTipPosition":[-23.0183,212.885,8.47697],"timeVisible":138.032,"tipPosition":[-21.9835,235.699,25.4485],"tipVelocity":[13.5364,132.679,-204.181],"tool":false,"touchDistance":0.333333,"touchZone":"none","type":2,"width":18.9972},{"bases":[[[0.91011,-0.404975,0.0877176],[0.390217,0.908858,0.147334],[-0.13939,-0.0998615,0.985189]],[[0.909824,-0.405178,0.0897264],[0.230723,0.314152,-0.92091],[0.344944,0.858568,0.379307]],[[0.909824,-0.405178,0.0897264],[-0.276564,-0.753193,-0.596836],[0.309406,0.5182,-0.797331]],[[0.909824,-0.405178,0.0897264],[-0.402919,-0.914234,-0.0428172],[0.0993794,0.00280372,-0.995046]]],"btipPosition":[-7.66087,235.583,33.6546],"carpPosition":[9.4477,282.096,71.635],"dipPosition":[-5.80406,235.635,15.0631],"direction":[-0.309406,-0.5182,0.797331],"extended":false,"handId":506,"id":5063,"length":64.4285,"mcpPosition":[18.1791,288.351,9.92278],"pipPosition":[2.76709,249.991,-7.02452],"stabilizedTipPosition":[-8.50278,212.366,6.60476],"timeVisible":138.032,"tipPosition":[-7.13435,235.956,30.5304],"tipVelocity":[16.3354,132.009,-196.813],"tool":false,"touchDistance":0.333333,"touchZone":"none","type":3,"width":18.077},{"bases":[[[0.810791,-0.558376,0.175595],[0.513164,0.822389,0.24564],[-0.281567,-0.109054,0.953324]],[[0.819494,-0.554547,0.144595],[0.346757,0.278925,-0.895522],[0.456278,0.784014,0.42087]],[[0.819494,-0.554547,0.144595],[-0.355382,-0.689679,-0.630909],[0.449593,0.46564,-0.762264]],[[0.819494,-0.554547,0.144595],[-0.543839,-0.832084,-0.108974],[0.180746,0.0106667,-0.983472]]],"btipPosition":[7.98251,241.535,33.5272],"carpPosition":[19.6984,272.224,71.8266],"dipPosition":[11.098,241.718,16.5753],"direction":[-0.449593,-0.46564,0.762264],"extended":false,"handId":506,"id":5064,"length":50.5107,"mcpPosition":[36.0251,278.548,16.548],"pipPosition":[19.8915,250.826,1.66632],"stabilizedTipPosition":[6.38774,219.728,4.89709],"timeVisible":138.032,"tipPosition":[8.66433,241.85,30.4122],"tipVelocity":[21.814,131.245,-180.342],"tool":false,"touchDistance":0.333333,"touchZone":"none","type":4,"width":16.0574}],"r":[[0.761051,-0.142913,0.632753],[0.647748,0.114834,-0.75315],[0.0349734,0.983051,0.179966]],"s":1.30547,"t":[12.1128,20.033,21.8775],"timestamp":97952505267},false],[1,{"currentFrameRate":105.016,"devices":[],"gestures":[],"hands":[{"armBasis":[[0.955894,0.0322064,-0.29194],[0.151652,0.797104,0.584489],[0.251531,-0.602983,0.757063]],"armWidth":63.72,"confidence":0.644539,"direction":[0.0506097,0.277239,-0.959467],"elbow":[71.6246,108.605,282.649],"grabStrength":0,"id":506,"palmNormal":[-0.1786,-0.9427,-0.281815],"palmPosition":[-1.8176,283.723,25.2273],"palmVelocity":[22.2115,129.08,-156.558],"palmWidth":90.99,"pinchStrength":0.691655,"r":[[0.760201,-0.146292,0.633003],[0.648706,0.117368,-0.751935],[0.0357078,0.982254,0.184123]],"s":1.30411,"sphereCenter":[-32.2318,273.258,-4.07649],"sphereRadius":53.2455,"stabilizedPalmPosition":[-5.27574,268.759,22.3066],"t":[12.3051,21.0706,20.4373],"timeVisible":138.041,"type":"right","wrist":[3.71129,271.41,78.2422]}],"id":1812907,"interactionBox":{"center":[0,200,0],"size":[235.247,235.247,147.751]},"pointables":[{"bases":[[[0.565024,0.82258,0.0641129],[-0.730685,0.462781,0.50193],[0.383207,-0.330449,0.862529]],[[0.507799,0.859811,-0.0535202],[-0.856704,0.497481,-0.136279],[-0.0905486,0.115053,0.989224]],[[0.507799,0.859811,-0.0535202],[-0.777229,0.430459,-0.458935],[-0.371559,0.274644,0.886857]],[[0.507799,0.859811,-0.0535202],[-0.392763,0.175774,-0.902685],[-0.766732,0.479403,0.42696]]],"btipPosition":[8.72941,239.245,-11.0767],"carpPosition":[-26.4034,265.572,78.5333],"dipPosition":[-9.21487,250.464,-1.08427],"direction":[0.371559,-0.274644,-0.886857],"extended":false,"handId":506,"id":5060,"length":52.1164,"mcpPosition":[-26.4034,265.572,78.5333],"pipPosition":[-21.8834,259.829,29.1536],"stabilizedTipPosition":[3.62096,222.034,-9.2703],"timeVisible":138.041,"tipPosition":[5.01039,241.595,-8.19186],"tipVelocity":[18.1122,146.925,-180.031],"tool":false,"touchDistance":-0.0926281,"touchZone":"hovering","type":0,"width":20.25},{"bases":[[[0.977167,-0.13644,-0.162876],[0.159552,0.977435,0.138434],[0.140313,-0.161261,0.976887]],[[0.986628,-0.162615,0.0110374],[0.127112,0.810068,0.572392],[-0.102021,-0.563335,0.819906]],[[0.986628,-0.162615,0.0110374],[0.144922,0.906232,0.397166],[-0.0745877,-0.390255,0.91768]],[[0.986628,-0.162615,0.0110374],[0.156191,0.962657,0.221123],[-0.0465832,-0.216442,0.975184]]],"btipPosition":[-17.7854,334.671,-72.1741],"carpPosition":[-14.4444,285.474,73.7624],"dipPosition":[-18.5813,330.973,-55.5125],"direction":[0.0745877,0.390255,-0.917681],"extended":true,"handId":506,"id":5061,"length":58.8075,"mcpPosition":[-24.7672,297.338,1.89327],"pipPosition":[-20.3841,321.54,-33.3318],"stabilizedTipPosition":[-19.7236,325.985,-64.1935],"timeVisible":138.041,"tipPosition":[-17.7231,333.636,-68.4072],"tipVelocity":[42.5332,181.646,-132.712],"tool":false,"touchDistance":0.121645,"touchZone":"hovering","type":1,"width":19.3428},{"bases":[[[0.945527,-0.321589,-0.0505948],[0.325498,0.936519,0.130319],[0.00547392,-0.139689,0.99018]],[[0.945513,-0.323477,-0.036992],[0.0877203,0.36251,-0.927843],[0.313545,0.874042,0.371133]],[[0.945513,-0.323477,-0.036992],[-0.281546,-0.755265,-0.591867],[0.163516,0.570033,-0.805186]],[[0.945513,-0.323477,-0.036992],[-0.324663,-0.945274,-0.0324132],[-0.0244827,0.042657,-0.99879]]],"btipPosition":[-22.0374,236.176,26.1328],"carpPosition":[-2.35275,285.571,71.4387],"dipPosition":[-22.4975,236.978,7.36359],"direction":[-0.163516,-0.570033,0.805186],"extended":false,"handId":506,"id":5062,"length":67.0064,"mcpPosition":[-2.73466,295.317,2.35575],"pipPosition":[-17.8477,253.188,-15.533],"stabilizedTipPosition":[-23.0021,213.319,8.72392],"timeVisible":138.041,"tipPosition":[-21.9721,236.697,23.0142],"tipVelocity":[10.039,125.12,-220.153],"tool":false,"touchDistance":0.333333,"touchZone":"none","type":2,"width":18.9972},{"bases":[[[0.908781,-0.408317,0.0859908],[0.392229,0.90622,0.15787],[-0.142387,-0.109741,0.983709]],[[0.908442,-0.408576,0.0883167],[0.236288,0.327634,-0.914781],[0.344822,0.851893,0.394177]],[[0.908442,-0.408576,0.0883167],[-0.27503,-0.743319,-0.609783],[0.31479,0.529662,-0.787633]],[[0.908442,-0.408576,0.0883167],[-0.404881,-0.912581,-0.0571611],[0.103951,0.0161698,-0.994451]]],"btipPosition":[-7.65519,236.435,31.2933],"carpPosition":[9.49469,282.598,70.1251],"dipPosition":[-5.71298,236.737,12.7129],"direction":[-0.31479,-0.529662,0.787633],"extended":false,"handId":506,"id":5063,"length":64.4285,"mcpPosition":[18.4138,289.472,8.50563],"pipPosition":[3.00734,251.409,-9.10606],"stabilizedTipPosition":[-8.48336,212.728,6.91103],"timeVisible":138.041,"tipPosition":[-7.11254,236.854,28.1896],"tipVelocity":[12.4002,121.512,-211.515],"tool":false,"touchDistance":0.333333,"touchZone":"none","type":3,"width":18.077},{"bases":[[[0.808809,-0.562358,0.171992],[0.514672,0.8184,0.255606],[-0.2845,-0.118218,0.951359]],[[0.818195,-0.557917,0.138876],[0.351436,0.294148,-0.888802],[0.455028,0.776019,0.436743]],[[0.818195,-0.557917,0.138876],[-0.353227,-0.678375,-0.644234],[0.453639,0.478054,-0.752114]],[[0.818195,-0.557917,0.138876],[-0.544756,-0.82952,-0.123037],[0.183845,0.0250146,-0.982637]]],"btipPosition":[8.08432,242.331,31.2823],"carpPosition":[19.7185,272.697,70.242],"dipPosition":[11.2532,242.762,14.3448],"direction":[-0.453639,-0.478054,0.752114],"extended":false,"handId":506,"id":5064,"length":50.5107,"mcpPosition":[36.2153,279.552,15.0772],"pipPosition":[20.1258,252.113,-0.365623],"stabilizedTipPosition":[6.44162,220.232,5.39666],"timeVisible":138.041,"tipPosition":[8.75999,242.711,28.2192],"tipVelocity":[18.9872,119.289,-196.238],"tool":false,"touchDistance":0.333333,"touchZone":"none","type":4,"width":16.0574}],"r":[[0.760201,-0.146292,0.633003],[0.648706,0.117368,-0.751935],[0.0357078,0.982254,0.184123]],"s":1.30411,"t":[12.3051,21.0706,20.4373],"timestamp":97952514782},false],[2,{"currentFrameRate":105.344,"devices":[],"gestures":[],"hands":[{"armBasis":[[0.956935,0.0266211,-0.289078],[0.153581,0.798596,0.581942],[0.246349,-0.601278,0.760116]],"armWidth":63.72,"confidence":0.647957,"direction":[0.0496703,0.280774,-0.958488],"elbow":[70.5046,109.44,282.355],"grabStrength":0,"id":506,"palmNormal":[-0.179576,-0.941522,-0.28511],"palmPosition":[-1.59236,284.299,24.1618],"palmVelocity":[23.065,111.635,-146.613],"palmWidth":90.99,"pinchStrength":0.694998,"r":[[0.759648,-0.14957,0.632902],[0.649312,0.119862,-0.751018],[0.0364687,0.981459,0.18817]],"s":1.30295,"sphereCenter":[-32.0338,273.937,-5.16252],"sphereRadius":53.2258,"stabilizedPalmPosition":[-5.0909,269.539,22.3997],"t":[12.5139,21.8774,19.1844],"timeVisible":138.05,"type":"right","wrist":[3.99048,271.785,77.1239]}],"id":1812908,"interactionBox":{"center":[0,200,0],"size":[235.247,235.247,147.751]},"pointables":[{"bases":[[[0.565661,0.821951,0.0665076],[-0.729777,0.461405,0.50451],[0.383996,-0.333918,0.86084]],[[0.508429,0.859609,-0.0507198],[-0.856444,0.49868,-0.133499],[-0.089464,0.111313,0.98975]],[[0.508429,0.859609,-0.0507198],[-0.777439,0.432907,-0.456268],[-0.370255,0.271411,0.888396]],[[0.508429,0.859609,-0.0507198],[-0.394193,0.179976,-0.901233],[-0.76558,0.478206,0.430356]]],"btipPosition":[8.87943,239.964,-12.3394],"carpPosition":[-26.1278,265.966,77.4288],"dipPosition":[-9.03789,251.156,-2.26752],"direction":[0.370255,-0.271411,-0.888396],"extended":false,"handId":506,"id":5060,"length":52.1164,"mcpPosition":[-26.1278,265.966,77.4288],"pipPosition":[-21.662,260.41,28.0229],"stabilizedTipPosition":[3.67104,222.936,-9.30343],"timeVisible":138.05,"tipPosition":[5.15885,242.305,-9.4435],"tipVelocity":[17.9687,128.819,-169.181],"tool":false,"touchDistance":-0.113369,"touchZone":"hovering","type":0,"width":20.25},{"bases":[[[0.976881,-0.136496,-0.164535],[0.160382,0.976804,0.141883],[0.141352,-0.164991,0.976114]],[[0.986516,-0.163379,0.00965494],[0.128217,0.808168,0.574826],[-0.101718,-0.565837,0.818219]],[[0.986516,-0.163379,0.00965494],[0.145909,0.904684,0.400322],[-0.0741391,-0.393516,0.916324]],[[0.986516,-0.163379,0.00965494],[0.157058,0.961635,0.224925],[-0.0460326,-0.220375,0.974328]]],"btipPosition":[-17.6115,335.603,-73.0419],"carpPosition":[-14.1609,285.878,72.7179],"dipPosition":[-18.398,331.838,-56.3949],"direction":[0.0741391,0.393516,-0.916324],"extended":true,"handId":506,"id":5061,"length":58.8075,"mcpPosition":[-24.56,298.017,0.905662],"pipPosition":[-20.19,322.326,-34.247],"stabilizedTipPosition":[-19.4163,327.377,-64.9923],"timeVisible":138.05,"tipPosition":[-17.564,334.565,-69.2728],"tipVelocity":[36.3626,160.331,-123.299],"tool":false,"touchDistance":0.109105,"touchZone":"hovering","type":1,"width":19.3428},{"bases":[[[0.945247,-0.32204,-0.0529061],[0.326291,0.935806,0.13342],[0.00654338,-0.143377,0.989646]],[[0.945247,-0.323984,-0.0392726],[0.0884139,0.370055,-0.924793],[0.314151,0.870686,0.378438]],[[0.945247,-0.323984,-0.0392726],[-0.281999,-0.750266,-0.597978],[0.164271,0.576312,-0.800549]],[[0.945247,-0.323984,-0.0392726],[-0.325421,-0.944792,-0.038327],[-0.0246871,0.0490086,-0.998493]]],"btipPosition":[-21.8779,236.702,24.6222],"carpPosition":[-2.07187,285.976,70.3803],"dipPosition":[-22.3419,237.623,5.8585],"direction":[-0.164271,-0.576312,0.80055],"extended":false,"handId":506,"id":5062,"length":67.0064,"mcpPosition":[-2.52839,295.979,1.33464],"pipPosition":[-17.6706,254.011,-16.9062],"stabilizedTipPosition":[-22.9872,213.665,8.89374],"timeVisible":138.05,"tipPosition":[-21.8138,237.24,21.5156],"tipVelocity":[12.1601,108.048,-206.505],"tool":false,"touchDistance":0.333333,"touchZone":"none","type":2,"width":18.9972},{"bases":[[[0.908602,-0.409252,0.083399],[0.393033,0.905359,0.160779],[-0.141305,-0.113305,0.983461]],[[0.908271,-0.409514,0.0856828],[0.235239,0.330502,-0.914019],[0.345985,0.850333,0.396519]],[[0.908271,-0.409514,0.0856828],[-0.276372,-0.741016,-0.611975],[0.314105,0.532159,-0.786222]],[[0.908271,-0.409514,0.0856828],[-0.405577,-0.91209,-0.059989],[0.102717,0.0197354,-0.994515]]],"btipPosition":[-7.45564,236.993,30.0829],"carpPosition":[9.77198,282.999,69.0418],"dipPosition":[-5.53648,237.362,11.5014],"direction":[-0.314105,-0.532159,0.786222],"extended":false,"handId":506,"id":5063,"length":64.4285,"mcpPosition":[18.6233,290.096,7.43778],"pipPosition":[3.16485,252.104,-10.2785],"stabilizedTipPosition":[-8.46541,213.026,7.14194],"timeVisible":138.05,"tipPosition":[-6.91796,237.417,26.9506],"tipVelocity":[14.9707,106.053,-191.081],"tool":false,"touchDistance":0.333333,"touchZone":"none","type":3,"width":18.077},{"bases":[[[0.808627,-0.563543,0.168944],[0.515531,0.817093,0.258043],[-0.283462,-0.121565,0.951247]],[[0.818335,-0.558786,0.134486],[0.351136,0.300831,-0.886681],[0.455008,0.772825,0.442391]],[[0.818335,-0.558786,0.134486],[-0.353407,-0.673751,-0.648971],[0.453246,0.483547,-0.748832]],[[0.818335,-0.558786,0.134486],[-0.544942,-0.828732,-0.127439],[0.182664,0.0310007,-0.982686]]],"btipPosition":[8.32347,242.822,29.8935],"carpPosition":[19.9891,273.091,69.1097],"dipPosition":[11.472,243.356,12.9551],"direction":[-0.453246,-0.483547,0.748832],"extended":false,"handId":506,"id":5064,"length":50.5107,"mcpPosition":[36.4257,280.14,13.9514],"pipPosition":[20.337,252.814,-1.69114],"stabilizedTipPosition":[6.48768,220.634,5.76079],"timeVisible":138.05,"tipPosition":[8.98617,243.224,26.8387],"tipVelocity":[20.9981,102.61,-185.407],"tool":false,"touchDistance":0.333333,"touchZone":"none","type":4,"width":16.0574}],"r":[[0.759648,-0.14957,0.632902],[0.649312,0.119862,-0.751018],[0.0364687,0.981459,0.18817]],"s":1.30295,"t":[12.5139,21.8774,19.1844],"timestamp":97952523666},false],[3,{"currentFrameRate":105.456,"devices":[],"gestures":[],"hands":[{"armBasis":[[0.958489,0.0239279,-0.284124],[0.151353,0.801798,0.57811],[0.241643,-0.597115,0.764893]],"armWidth":63.72,"confidence":0.63517,"direction":[0.0522594,0.284711,-0.957188],"elbow":[69.3571,111.516,281.49],"grabStrength":0,"id":506,"palmNormal":[-0.17707,-0.940668,-0.289465],"palmPosition":[-1.32125,285.455,22.0398],"palmVelocity":[24.8005,115.282,-169.751],"palmWidth":90.99,"pinchStrength":0.695613,"r":[[0.758848,-0.152445,0.633175],[0.650237,0.122675,-0.749762],[0.0366222,0.980669,0.192217]],"s":1.30212,"sphereCenter":[-31.6242,275.145,-7.43009],"sphereRadius":53.2087,"stabilizedPalmPosition":[-5.0909,269.539,22.3997],"t":[12.7538,22.8586,17.497],"timeVisible":138.06,"type":"right","wrist":[4.11339,272.737,74.9689]}],"id":1812909,"interactionBox":{"center":[0,200,0],"size":[235.247,235.247,147.751]},"pointables":[{"bases":[[[0.564054,0.822626,0.071622],[-0.732166,0.458145,0.504019],[0.381806,-0.336733,0.860718]],[[0.507236,0.860608,-0.0454399],[-0.856778,0.497886,-0.134319],[-0.0929717,0.107063,0.989896]],[[0.507236,0.860608,-0.0454399],[-0.776675,0.433644,-0.456869],[-0.373481,0.267033,0.888372]],[[0.507236,0.860608,-0.0454399],[-0.392096,0.183503,-0.901436],[-0.767445,0.475058,0.43052]]],"btipPosition":[9.34017,241.3,-14.6246],"carpPosition":[-25.9958,266.867,75.1539],"dipPosition":[-8.62082,252.418,-4.54891],"direction":[0.373481,-0.267033,-0.888372],"extended":false,"handId":506,"id":5060,"length":52.1164,"mcpPosition":[-25.9958,266.867,75.1539],"pipPosition":[-21.3549,261.522,25.7407],"stabilizedTipPosition":[3.74066,223.883,-9.4394],"timeVisible":138.06,"tipPosition":[5.59982,243.621,-11.7336],"tipVelocity":[26.5935,132.569,-190.894],"tool":false,"touchDistance":-0.151441,"touchZone":"hovering","type":0,"width":20.25},{"bases":[[[0.977632,-0.134192,-0.161951],[0.158275,0.976494,0.14632],[0.138509,-0.16868,0.975891]],[[0.986737,-0.161832,0.012657],[0.124837,0.806381,0.57807],[-0.103756,-0.568823,0.815889]],[[0.986737,-0.161832,0.012657],[0.142941,0.90321,0.404698],[-0.0769248,-0.397521,0.914363]],[[0.986737,-0.161832,0.012657],[0.154615,0.960752,0.230327],[-0.0494345,-0.225315,0.973031]]],"btipPosition":[-17.0761,337.123,-75.0123],"carpPosition":[-14.0476,286.817,70.5614],"dipPosition":[-17.9207,333.273,-58.3875],"direction":[0.0769248,0.397521,-0.914363],"extended":true,"handId":506,"id":5061,"length":58.8075,"mcpPosition":[-24.2376,299.227,-1.23444],"pipPosition":[-19.78,323.665,-36.287],"stabilizedTipPosition":[-19.0857,328.742,-65.9467],"timeVisible":138.06,"tipPosition":[-17.0625,336.072,-71.2442],"tipVelocity":[41.9736,160.736,-148.56],"tool":false,"touchDistance":0.0761791,"touchZone":"hovering","type":1,"width":19.3428},{"bases":[[[0.945955,-0.320237,-0.0511708],[0.324279,0.935808,0.138224],[0.00362178,-0.147347,0.989078]],[[0.945914,-0.32224,-0.037515],[0.0919646,0.377241,-0.921538],[0.311108,0.868246,0.386473]],[[0.945914,-0.32224,-0.037515],[-0.278196,-0.746219,-0.604785],[0.166891,0.582511,-0.795505]],[[0.945914,-0.32224,-0.037515],[-0.323747,-0.945054,-0.0453927],[-0.0208264,0.055083,-0.998265]]],"btipPosition":[-21.554,237.775,22.0095],"carpPosition":[-1.95138,286.944,68.2629],"dipPosition":[-21.9454,238.81,3.25008],"direction":[-0.166891,-0.582511,0.795505],"extended":false,"handId":506,"id":5062,"length":67.0064,"mcpPosition":[-2.20406,297.224,-0.743069],"pipPosition":[-17.1996,255.375,-19.3712],"stabilizedTipPosition":[-22.9699,213.978,9.00671],"timeVisible":138.06,"tipPosition":[-21.4805,238.327,18.903],"tipVelocity":[19.0783,110.992,-227.646],"tool":false,"touchDistance":0.333333,"touchZone":"none","type":2,"width":18.9972},{"bases":[[[0.909022,-0.408057,0.0846647],[0.390985,0.905364,0.165674],[-0.144257,-0.117499,0.98254]],[[0.908719,-0.408302,0.0867168],[0.236545,0.332562,-0.912934],[0.343914,0.850113,0.398787]],[[0.908719,-0.408302,0.0867168],[-0.274073,-0.740344,-0.61382],[0.314824,0.534023,-0.784669]],[[0.908719,-0.408302,0.0867168],[-0.404003,-0.912572,-0.0631888],[0.104935,0.0223869,-0.994227]]],"btipPosition":[-7.10987,238.159,27.8995],"carpPosition":[9.90172,283.993,66.9504],"dipPosition":[-5.14925,238.577,9.32337],"direction":[-0.314824,-0.534023,0.784669],"extended":false,"handId":506,"id":5063,"length":64.4285,"mcpPosition":[18.938,291.353,5.40413],"pipPosition":[3.57201,253.37,-12.4135],"stabilizedTipPosition":[-8.44511,213.309,7.3272],"timeVisible":138.06,"tipPosition":[-6.57488,238.558,24.651],"tipVelocity":[21.5433,111.917,-203.522],"tool":false,"touchDistance":0.333333,"touchZone":"none","type":3,"width":18.077},{"bases":[[[0.809035,-0.562859,0.169268],[0.51332,0.816913,0.262975],[-0.286295,-0.125867,0.949838]],[[0.819043,-0.557835,0.134124],[0.353276,0.306151,-0.884007],[0.452067,0.771422,0.44782]],[[0.819043,-0.557835,0.134124],[-0.34999,-0.67103,-0.653625],[0.454616,0.488405,-0.744839]],[[0.819043,-0.557835,0.134124],[-0.542905,-0.829157,-0.133236],[0.185534,0.0363097,-0.981967]]],"btipPosition":[8.66172,243.945,27.5943],"carpPosition":[20.1353,274.102,67.0113],"dipPosition":[11.8597,244.571,10.6683],"direction":[-0.454616,-0.488405,0.744839],"extended":false,"handId":506,"id":5064,"length":50.5107,"mcpPosition":[36.7362,281.401,11.9347],"pipPosition":[20.7515,254.124,-3.89982],"stabilizedTipPosition":[6.53347,221.003,6.04312],"timeVisible":138.06,"tipPosition":[9.32929,244.365,24.5304],"tipVelocity":[25.7005,108.468,-202.914],"tool":false,"touchDistance":0.333333,"touchZone":"none","type":4,"width":16.0574}],"r":[[0.758848,-0.152445,0.633175],[0.650237,0.122675,-0.749762],[0.0366222,0.980669,0.192217]],"s":1.30212,"t":[12.7538,22.8586,17.497],"timestamp":97952532942},false],[4,{"currentFrameRate":105.569,"devices":[],"gestures":[],"hands":[{"armBasis":[[0.959603,0.0234779,-0.280377],[0.148348,0.804523,0.575096],[0.239072,-0.593457,0.76854]],"armWidth":63.72,"confidence":0.64018,"direction":[0.0542263,0.287864,-0.956135],"elbow":[68.9271,113.595,280.251],"grabStrength":0,"id":506,"palmNormal":[-0.173743,-0.940217,-0.292925],"palmPosition":[-0.940059,286.699,19.8416],"palmVelocity":[29.4004,120.63,-188.756],"palmWidth":90.99,"pinchStrength":0.692779,"r":[[0.757928,-0.154741,0.63372],[0.651338,0.125738,-0.748297],[0.0361097,0.979921,0.196089]],"s":1.30179,"sphereCenter":[-31.0922,276.395,-9.73651],"sphereRadius":53.1977,"stabilizedPalmPosition":[-5.06272,269.656,22.3823],"t":[13.0644,23.9712,15.5542],"timeVisible":138.069,"type":"right","wrist":[4.37771,273.829,72.7457]}],"id":1812910,"interactionBox":{"center":[0,200,0],"size":[235.247,235.247,147.751]},"pointables":[{"bases":[[[0.561658,0.823889,0.0758175],[-0.734814,0.454612,0.503365],[0.380249,-0.33843,0.860741]],[[0.505167,0.862042,-0.0411068],[-0.857642,0.496137,-0.135272],[-0.0962153,0.10359,0.989955]],[[0.505167,0.862042,-0.0411068],[-0.776492,0.433213,-0.457587],[-0.376652,0.263077,0.888214]],[[0.505167,0.862042,-0.0411068],[-0.390458,0.185816,-0.901673],[-0.769642,0.471546,0.43046]]],"btipPosition":[9.94123,242.701,-16.9484],"carpPosition":[-25.7162,267.878,72.8263],"dipPosition":[-8.07117,253.737,-6.8741],"direction":[0.376652,-0.263077,-0.888214],"extended":false,"handId":506,"id":5060,"length":52.1164,"mcpPosition":[-25.7162,267.878,72.8263],"pipPosition":[-20.9133,262.707,23.4101],"stabilizedTipPosition":[3.82282,224.736,-9.6467],"timeVisible":138.069,"tipPosition":[6.18042,245.003,-14.0632],"tipVelocity":[37.0079,137.273,-207.771],"tool":false,"touchDistance":-0.190176,"touchZone":"hovering","type":0,"width":20.25},{"bases":[[[0.978443,-0.131089,-0.15958],[0.15526,0.976444,0.14984],[0.136179,-0.171386,0.975747]],[[0.987101,-0.159341,0.0155553],[0.120843,0.805276,0.580454],[-0.105017,-0.571087,0.814144]],[[0.987101,-0.159341,0.0155553],[0.13922,0.902284,0.408045],[-0.0790537,-0.400616,0.912829]],[[0.987101,-0.159341,0.0155553],[0.15131,0.96025,0.234576],[-0.0523146,-0.229196,0.971973]]],"btipPosition":[-16.5103,338.618,-77.1024],"carpPosition":[-13.808,287.875,68.3307],"dipPosition":[-17.4041,334.702,-60.4957],"direction":[0.0790537,0.400616,-0.912829],"extended":true,"handId":506,"id":5061,"length":58.8075,"mcpPosition":[-23.8267,300.484,-3.45462],"pipPosition":[-19.3149,325.019,-38.4322],"stabilizedTipPosition":[-18.7543,329.997,-66.9727],"timeVisible":138.069,"tipPosition":[-16.5305,337.563,-73.3321],"tipVelocity":[47.0047,160.451,-170.367],"tool":false,"touchDistance":0.0412752,"touchZone":"hovering","type":1,"width":19.3428},{"bases":[[[0.946945,-0.317565,-0.0494765],[0.321394,0.936225,0.14209],[0.00119829,-0.150453,0.988616]],[[0.946871,-0.319615,-0.035804],[0.0945098,0.38293,-0.91893],[0.307414,0.866724,0.392792]],[[0.946871,-0.319615,-0.035804],[-0.274008,-0.743411,-0.610131],[0.16839,0.587526,-0.791491]],[[0.946871,-0.319615,-0.035804],[-0.321134,-0.94566,-0.0509967],[-0.0175591,0.0597852,-0.998057]]],"btipPosition":[-21.0652,238.931,19.4233],"carpPosition":[-1.70571,288.041,66.0671],"dipPosition":[-21.3952,240.054,0.667791],"direction":[-0.16839,-0.587526,0.791491],"extended":false,"handId":506,"id":5062,"length":67.0064,"mcpPosition":[-1.78932,298.538,-2.90665],"pipPosition":[-16.6068,256.761,-21.8394],"stabilizedTipPosition":[-22.95,214.253,9.07335],"timeVisible":138.069,"tipPosition":[-20.9852,239.492,16.3094],"tipVelocity":[28.9854,115.483,-242.116],"tool":false,"touchDistance":0.333333,"touchZone":"none","type":2,"width":18.9972},{"bases":[[[0.909859,-0.405911,0.0859763],[0.388102,0.90587,0.169634],[-0.14674,-0.120976,0.98175]],[[0.909561,-0.406155,0.0879625],[0.235868,0.330278,-0.913938],[0.342148,0.85203,0.396207]],[[0.909561,-0.406155,0.0879625],[-0.272623,-0.742923,-0.611344],[0.31365,0.532074,-0.786461]],[[0.909561,-0.406155,0.0879625],[-0.40191,-0.913555,-0.062334],[0.105676,0.0213435,-0.994172]]],"btipPosition":[-6.59957,239.497,25.9417],"carpPosition":[10.1589,285.125,64.7792],"dipPosition":[-4.62512,239.895,7.36657],"direction":[-0.31365,-0.532074,0.786461],"extended":false,"handId":506,"id":5063,"length":64.4285,"mcpPosition":[19.3507,292.703,3.28239],"pipPosition":[4.06361,254.635,-14.42],"stabilizedTipPosition":[-8.42122,213.582,7.47617],"timeVisible":138.069,"tipPosition":[-6.07425,239.827,22.4527],"tipVelocity":[31.0775,120.928,-205.714],"tool":false,"touchDistance":0.333333,"touchZone":"none","type":3,"width":18.077},{"bases":[[[0.810044,-0.561243,0.169807],[0.510395,0.817438,0.267006],[-0.288662,-0.129618,0.948617]],[[0.820433,-0.55591,0.13362],[0.35308,0.308809,-0.88316],[0.449694,0.771752,0.449638]],[[0.820433,-0.55591,0.13362],[-0.347702,-0.670647,-0.655238],[0.453865,0.491118,-0.743511]],[[0.820433,-0.55591,0.13362],[-0.540437,-0.830307,-0.136085],[0.186597,0.039435,-0.981645]]],"btipPosition":[9.16246,245.204,25.3962],"carpPosition":[20.4185,275.262,64.8382],"dipPosition":[12.3788,245.883,8.47583],"direction":[-0.453865,-0.491118,0.743511],"extended":false,"handId":506,"id":5064,"length":50.5107,"mcpPosition":[37.1567,282.777,9.83247],"pipPosition":[21.2558,255.489,-6.06636],"stabilizedTipPosition":[6.58011,221.34,6.2572],"timeVisible":138.069,"tipPosition":[9.82802,245.62,22.2589],"tipVelocity":[33.8061,116.539,-212.542],"tool":false,"touchDistance":0.333333,"touchZone":"none","type":4,"width":16.0574}],"r":[[0.757928,-0.154741,0.63372],[0.651338,0.125738,-0.748297],[0.0361097,0.979921,0.196089]],"s":1.30179,"t":[13.0644,23.9712,15.5542],"timestamp":97952542206},false],[5,{"currentFrameRate":105.623,"devices":[],"gestures":[],"hands":[{"armBasis":[[0.960723,0.0269102,-0.276202],[0.143622,0.803413,0.577841],[0.237454,-0.594814,0.767992]],"armWidth":63.72,"confidence":0.643848,"direction":[0.0633073,0.286016,-0.956131],"elbow":[68.2393,115.15,277.402],"grabStrength":0,"id":506,"palmNormal":[-0.172161,-0.94056,-0.292757],"palmPosition":[-0.691797,288.527,17.0696],"palmVelocity":[28.5777,141.8,-219.194],"palmWidth":90.99,"pinchStrength":0.690534,"r":[[0.755993,-0.156521,0.635591],[0.653613,0.127755,-0.745969],[0.0355594,0.979377,0.198886]],"s":1.3013,"sphereCenter":[-30.4968,278.153,-12.7817],"sphereRadius":53.1369,"stabilizedPalmPosition":[-4.91191,270.307,22.199],"t":[13.3438,25.4416,13.1968],"timeVisible":138.078,"type":"right","wrist":[4.12675,275.749,70.044]}],"id":1812911,"interactionBox":{"center":[0,200,0],"size":[235.247,235.247,147.751]},"pointables":[{"bases":[[[0.561908,0.823378,0.079424],[-0.738852,0.456401,0.495777],[0.371963,-0.337264,0.86481]],[[0.506589,0.861351,-0.0379746],[-0.855743,0.49694,-0.144067],[-0.105221,0.105479,0.988839]],[[0.506589,0.861351,-0.0379746],[-0.771741,0.433368,-0.465412],[-0.384426,0.265079,0.884279]],[[0.506589,0.861351,-0.0379746],[-0.382264,0.184907,-0.905364],[-0.772814,0.473164,0.422936]]],"btipPosition":[10.4727,244.457,-19.5484],"carpPosition":[-25.9736,269.834,69.8603],"dipPosition":[-7.61397,255.53,-9.65022],"direction":[0.384426,-0.265079,-0.884279],"extended":false,"handId":506,"id":5060,"length":52.1164,"mcpPosition":[-25.9736,269.834,69.8603],"pipPosition":[-20.7212,264.568,20.4998],"stabilizedTipPosition":[3.91376,225.549,-9.92522],"timeVisible":138.078,"tipPosition":[6.68347,246.768,-16.7053],"tipVelocity":[42.0928,151.771,-228.824],"tool":false,"touchDistance":-0.234185,"touchZone":"hovering","type":0,"width":20.25},{"bases":[[[0.979706,-0.13252,-0.150379],[0.15503,0.976541,0.149442],[0.127047,-0.169723,0.977268]],[[0.986705,-0.160529,0.0253894],[0.116306,0.806556,0.579603],[-0.113521,-0.568944,0.814503]],[[0.986705,-0.160529,0.0253894],[0.136388,0.902821,0.407815],[-0.0883881,-0.39893,0.912712]],[[0.986705,-0.160529,0.0253894],[0.150186,0.960308,0.23506],[-0.0621155,-0.228122,0.971649]]],"btipPosition":[-15.2734,340.278,-80.1153],"carpPosition":[-14.0013,289.808,65.4367],"dipPosition":[-16.3347,336.38,-63.5141],"direction":[0.0883881,0.39893,-0.912712],"extended":true,"handId":506,"id":5061,"length":58.8075,"mcpPosition":[-23.3482,302.295,-6.46051],"pipPosition":[-18.471,326.738,-41.4535],"stabilizedTipPosition":[-18.7543,329.997,-66.9727],"timeVisible":138.078,"tipPosition":[-15.3518,339.235,-76.3399],"tipVelocity":[69.9918,165.34,-213.373],"tool":false,"touchDistance":-0.0589615,"touchZone":"hovering","type":1,"width":19.3428},{"bases":[[[0.946984,-0.318753,-0.0402221],[0.321181,0.936115,0.143287],[-0.00802071,-0.148609,0.988863]],[[0.946783,-0.320777,-0.0265509],[0.103357,0.381105,-0.918736],[0.304828,0.867099,0.393978]],[[0.946783,-0.320777,-0.0265509],[-0.269294,-0.744237,-0.611221],[0.176305,0.585844,-0.791014]],[[0.946783,-0.320777,-0.0265509],[-0.321765,-0.945382,-0.0521597],[-0.0083691,0.0579271,-0.998286]]],"btipPosition":[-20.8681,240.782,16.5561],"carpPosition":[-1.87864,289.956,63.2837],"dipPosition":[-21.0254,241.871,-2.20365],"direction":[-0.176305,-0.585844,0.791014],"extended":false,"handId":506,"id":5062,"length":67.0064,"mcpPosition":[-1.31905,300.324,-5.70734],"pipPosition":[-16.0119,258.53,-24.6972],"stabilizedTipPosition":[-22.9294,214.522,9.10516],"timeVisible":138.078,"tipPosition":[-20.7598,241.335,13.436],"tipVelocity":[27.9349,138.574,-260.315],"tool":false,"touchDistance":0.333333,"touchZone":"none","type":2,"width":18.9972},{"bases":[[[0.908557,-0.406803,0.0950494],[0.387598,0.905735,0.171497],[-0.155855,-0.118974,0.980589]],[[0.908218,-0.40706,0.0971698],[0.247617,0.335508,-0.908912],[0.33738,0.849551,0.405509]],[[0.908218,-0.40706,0.0971698],[-0.265137,-0.739319,-0.618959],[0.323793,0.536386,-0.77939]],[[0.908218,-0.40706,0.0971698],[-0.401791,-0.913081,-0.0696194],[0.117063,0.0241877,-0.99283]]],"btipPosition":[-6.47434,241.208,22.7083],"carpPosition":[9.9938,287.024,62.1097],"dipPosition":[-4.28713,241.66,4.15831],"direction":[-0.323793,-0.536386,0.77939],"extended":false,"handId":506,"id":5063,"length":64.4285,"mcpPosition":[19.7566,294.477,0.685651],"pipPosition":[4.68257,256.519,-17.4323],"stabilizedTipPosition":[-8.39723,213.854,7.58358],"timeVisible":138.078,"tipPosition":[-5.90859,241.578,19.3307],"tipVelocity":[27.5319,138.859,-245.151],"tool":false,"touchDistance":0.333333,"touchZone":"none","type":3,"width":18.077},{"bases":[[[0.807797,-0.561863,0.178251],[0.508891,0.817343,0.270147],[-0.297479,-0.127514,0.946175]],[[0.81881,-0.556448,0.141123],[0.35987,0.306014,-0.88139],[0.447263,0.772477,0.450817]],[[0.81881,-0.556448,0.141123],[-0.343676,-0.672064,-0.655909],[0.459823,0.488564,-0.741531]],[[0.81881,-0.556448,0.141123],[-0.540256,-0.830058,-0.138298],[0.194096,0.0369976,-0.980285]]],"btipPosition":[9.33624,247.035,22.8767],"carpPosition":[20.2409,277.149,62.2809],"dipPosition":[12.6818,247.673,5.97969],"direction":[-0.459823,-0.488564,0.741531],"extended":false,"handId":506,"id":5064,"length":50.5107,"mcpPosition":[37.4902,284.543,7.41676],"pipPosition":[21.6754,257.229,-8.52376],"stabilizedTipPosition":[6.62629,221.679,6.42399],"timeVisible":138.078,"tipPosition":[10.0215,247.431,19.68],"tipVelocity":[30.3751,138.686,-228.409],"tool":false,"touchDistance":0.333333,"touchZone":"none","type":4,"width":16.0574}],"r":[[0.755993,-0.156521,0.635591],[0.653613,0.127755,-0.745969],[0.0355594,0.979377,0.198886]],"s":1.3013,"t":[13.3438,25.4416,13.1968],"timestamp":97952551573},false],[6,{"currentFrameRate":105.8,"devices":[],"gestures":[],"hands":[{"armBasis":[[0.961925,0.0226878,-0.27237],[0.143769,0.805532,0.574846],[0.232445,-0.592118,0.7716]],"armWidth":63.72,"confidence":0.649431,"direction":[0.0649963,0.276826,-0.958719],"elbow":[67.1031,117.667,276.381],"grabStrength":0,"id":506,"palmNormal":[-0.173543,-0.942975,-0.284045],"palmPosition":[-0.387671,289.823,14.9503],"palmVelocity":[29.8985,141.855,-222.828],"palmWidth":90.99,"pinchStrength":0.689417,"r":[[0.754226,-0.157021,0.637563],[0.655658,0.12771,-0.744179],[0.0354287,0.979303,0.199275]],"s":1.30066,"sphereCenter":[-30.0736,279.155,-14.8557],"sphereRadius":53.0646,"stabilizedPalmPosition":[-4.77623,270.892,21.9816],"t":[13.6356,26.8246,10.9584],"timeVisible":138.087,"type":"right","wrist":[4.34295,277.539,68.0492]}],"id":1812912,"interactionBox":{"center":[0,200,0],"size":[235.247,235.247,147.751]},"pointables":[{"bases":[[[0.563332,0.82306,0.0723116],[-0.738609,0.462435,0.490521],[0.370289,-0.329736,0.868424]],[[0.508267,0.860001,-0.045429],[-0.854619,0.497172,-0.149822],[-0.106261,0.114974,0.987669]],[[0.508267,0.860001,-0.045429],[-0.770355,0.430436,-0.470402],[-0.384992,0.274086,0.881282]],[[0.508267,0.860001,-0.045429],[-0.381044,0.177267,-0.907404],[-0.772315,0.478513,0.417797]]],"btipPosition":[10.7378,245.394,-21.2433],"carpPosition":[-25.768,271.677,67.8846],"dipPosition":[-7.33719,256.592,-11.4654],"direction":[0.384992,-0.274086,-0.881282],"extended":false,"handId":506,"id":5060,"length":52.1164,"mcpPosition":[-25.768,271.677,67.8846],"pipPosition":[-20.4637,265.938,18.5825],"stabilizedTipPosition":[3.99846,226.261,-10.2132],"timeVisible":138.087,"tipPosition":[6.94552,247.739,-18.4303],"tipVelocity":[38.553,139.012,-217.704],"tool":false,"touchDistance":-0.262894,"touchZone":"hovering","type":0,"width":20.25},{"bases":[[[0.979642,-0.135737,-0.14791],[0.156652,0.977627,0.140375],[0.125547,-0.160687,0.978988]],[[0.986346,-0.162169,0.0286926],[0.116941,0.812344,0.571334],[-0.115961,-0.560178,0.820216]],[[0.986346,-0.162169,0.0286926],[0.137427,0.906492,0.399231],[-0.0907526,-0.389837,0.916401]],[[0.986346,-0.162169,0.0286926],[0.151592,0.962112,0.22663],[-0.0643578,-0.219185,0.973558]]],"btipPosition":[-14.7149,340.642,-82.7591],"carpPosition":[-13.7535,291.587,63.2867],"dipPosition":[-15.8145,336.897,-66.1253],"direction":[0.0907526,0.389837,-0.916401],"extended":true,"handId":506,"id":5061,"length":58.8075,"mcpPosition":[-22.99,303.408,-8.73706],"pipPosition":[-18.008,327.475,-43.9755],"stabilizedTipPosition":[-18.7543,329.997,-66.9727],"timeVisible":138.087,"tipPosition":[-14.8226,339.653,-78.9647],"tipVelocity":[67.284,131.577,-234.364],"tool":false,"touchDistance":-0.102899,"touchZone":"hovering","type":1,"width":19.3428},{"bases":[[[0.946442,-0.320858,-0.0360342],[0.322735,0.93684,0.134807],[-0.00949565,-0.139217,0.990216]],[[0.94622,-0.322751,-0.0223466],[0.105174,0.372192,-0.922178],[0.305951,0.870233,0.38612]],[[0.94622,-0.322751,-0.0223466],[-0.269928,-0.749504,-0.604469],[0.178344,0.577993,-0.796315]],[[0.94622,-0.322751,-0.0223466],[-0.323447,-0.945242,-0.0435882],[-0.00705479,0.0484719,-0.9988]]],"btipPosition":[-20.6513,242.112,14.8645],"carpPosition":[-1.62797,291.692,61.1473],"dipPosition":[-20.7839,243.023,-3.90496],"direction":[-0.178344,-0.577993,0.796315],"extended":false,"handId":506,"id":5062,"length":67.0064,"mcpPosition":[-0.965475,301.405,-7.93814],"pipPosition":[-15.7124,259.459,-26.5493],"stabilizedTipPosition":[-22.9086,214.779,9.11851],"timeVisible":138.087,"tipPosition":[-20.5387,242.635,11.7364],"tipVelocity":[26.9469,139.337,-239.574],"tool":false,"touchDistance":0.333333,"touchZone":"none","type":2,"width":18.9972},{"bases":[[[0.907688,-0.407552,0.100018],[0.389062,0.906607,0.163385],[-0.157265,-0.10939,0.981479]],[[0.907325,-0.407801,0.102268],[0.252146,0.333166,-0.908528],[0.336427,0.850117,0.405115]],[[0.907325,-0.407801,0.102268],[-0.263143,-0.740541,-0.618348],[0.327897,0.534132,-0.779222]],[[0.907325,-0.407801,0.102268],[-0.402808,-0.912872,-0.0664179],[0.120443,0.0190683,-0.992537]]],"btipPosition":[-6.27363,242.444,20.5661],"carpPosition":[10.2405,288.727,60.0158],"dipPosition":[-4.02328,242.8,2.02153],"direction":[-0.327897,-0.534132,0.779222],"extended":false,"handId":506,"id":5063,"length":64.4285,"mcpPosition":[20.0915,295.579,-1.46408],"pipPosition":[5.06012,257.597,-19.5645],"stabilizedTipPosition":[-8.37362,214.11,7.66151],"timeVisible":138.087,"tipPosition":[-5.69749,242.815,17.2609],"tipVelocity":[26.4368,137.227,-242.235],"tool":false,"touchDistance":0.333333,"touchZone":"none","type":3,"width":18.077},{"bases":[[[0.806541,-0.561631,0.184561],[0.510072,0.818931,0.263018],[-0.298862,-0.117995,0.946973]],[[0.81774,-0.556519,0.146928],[0.360756,0.296642,-0.884227],[0.448505,0.776073,0.443344]],[[0.81774,-0.556519,0.146928],[-0.344684,-0.677905,-0.649336],[0.460971,0.480344,-0.746174]],[[0.81774,-0.556519,0.146928],[-0.541683,-0.830392,-0.130497],[0.194632,0.0271243,-0.980501]]],"btipPosition":[9.569,248.373,21.2013],"carpPosition":[20.4691,278.835,60.2931],"dipPosition":[12.9238,248.841,4.30063],"direction":[-0.460971,-0.480344,0.746174],"extended":false,"handId":506,"id":5064,"length":50.5107,"mcpPosition":[37.7986,285.677,5.38267],"pipPosition":[21.9399,258.236,-10.2936],"stabilizedTipPosition":[6.67198,222.008,6.55795],"timeVisible":138.087,"tipPosition":[10.255,248.728,17.9664],"tipVelocity":[29.0887,139.706,-215.993],"tool":false,"touchDistance":0.333333,"touchZone":"none","type":4,"width":16.0574}],"r":[[0.754226,-0.157021,0.637563],[0.655658,0.12771,-0.744179],[0.0354287,0.979303,0.199275]],"s":1.30066,"t":[13.6356,26.8246,10.9584],"timestamp":9795256069