{"sensorType":"Leap","data":[[0,{"currentFrameRate":104.311,"devices":[],"gestures":[],"hands":[{"armBasis":[[0.947211,0.116215,-0.298807],[0.0836761,0.81008,0.580317],[0.309499,-0.574686,0.757592]],"armWidth":63.72,"confidence":0.702321,"direction":[0.0495901,0.198992,-0.978746],"elbow":[75.12,95.539,273.796],"grabStrength":0,"id":506,"palmNormal":[-0.113226,-0.972514,-0.203461],"palmPosition":[-13.8203,258.17,15.3193],"palmVelocity":[-42.9318,31.1898,320.606],"palmWidth":90.99,"pinchStrength":0.657729,"r":[[0.738063,-0.0131196,0.674604],[0.671659,0.109597,-0.732709],[-0.0643218,0.993889,0.0897015]],"s":1.34249,"sphereCenter":[-39.655,243.65,-12.1391],"sphereRadius":52.5321,"stabilizedPalmPosition":[-11.3646,253.54,-12.6048],"t":[0.91404,-3.65052,5.76604],"timeVisible":145.028,"type":"right","wrist":[-8.44479,250.704,69.2464]}],"id":1813651,"interactionBox":{"center":[0,200,0],"size":[235.247,235.247,147.751]},"pointables":[{"bases":[[[0.510261,0.860019,0.00133635],[-0.767339,0.454569,0.452281],[0.388362,-0.231806,0.891875]],[[0.452963,0.883489,-0.119464],[-0.884256,0.428134,-0.186527],[-0.113648,0.190126,0.97516]],[[0.452963,0.883489,-0.119464],[-0.790715,0.336221,-0.511591],[-0.411819,0.326194,0.850883]],[[0.452963,0.883489,-0.119464],[-0.269748,0.00809808,-0.962897],[-0.849741,0.468382,0.241988]]],"btipPosition":[1.47449,211.393,-13.6867],"carpPosition":[-38.1268,242.967,69.6657],"dipPosition":[-18.4125,222.355,-8.02328],"direction":[0.411819,-0.326194,-0.850883],"extended":false,"handId":506,"id":5060,"length":52.1164,"mcpPosition":[-38.1268,242.967,69.6657],"pipPosition":[-32.4537,233.476,20.9881],"stabilizedTipPosition":[3.79664,209.677,-39.2682],"timeVisible":145.028,"tipPosition":[-3.38662,213.932,-12.7775],"tipVelocity":[-108.818,35.6326,288.25],"tool":false,"touchDistance":0.332248,"touchZone":"hovering","type":0,"width":20.25},{"bases":[[[0.98657,-0.0857818,-0.139002],[0.0945097,0.993865,0.0574439],[0.133222,-0.0698095,0.988625]],[[0.993955,-0.0974417,0.050581],[0.0579342,0.856871,0.512266],[-0.0932574,-0.506239,0.857336]],[[0.993955,-0.0974417,0.050581],[0.0719359,0.92607,0.370432],[-0.0829371,-0.364554,0.927481]],[[0.993955,-0.0974417,0.050581],[0.0832929,0.969431,0.230792],[-0.0715236,-0.225184,0.971687]]],"btipPosition":[-29.9465,302.681,-85.2071],"carpPosition":[-27.3787,263.137,63.3783],"dipPosition":[-31.1686,298.834,-68.6052],"direction":[0.0829371,0.364554,-0.927481],"extended":true,"handId":506,"id":5061,"length":58.8075,"mcpPosition":[-37.1797,268.273,-9.35443],"pipPosition":[-33.1732,290.022,-46.1876],"stabilizedTipPosition":[-25.3614,294.464,-109.112],"timeVisible":145.028,"tipPosition":[-30.1186,301.392,-81.5452],"tipVelocity":[-74.9259,103.663,356.817],"tool":false,"touchDistance":0.33433,"touchZone":"hovering","type":1,"width":19.3428},{"bases":[[[0.964834,-0.262589,-0.0118998],[0.262842,0.963281,0.0548081],[-0.0029292,-0.0560085,0.998426]],[[0.964707,-0.263322,0.00158864],[0.0466323,0.164899,-0.985208],[0.259165,0.95051,0.171358]],[[0.964707,-0.263322,0.00158864],[-0.236123,-0.8677,-0.437427],[0.116563,0.421614,-0.899253]],[[0.964707,-0.263322,0.00158864],[-0.262352,-0.960602,0.091732],[-0.022629,-0.0889113,-0.995782]]],"btipPosition":[-30.4559,211.599,27.5671],"carpPosition":[-15.279,263.825,61.2005],"dipPosition":[-30.8811,209.929,8.85433],"direction":[-0.116563,-0.421614,0.899253],"extended":false,"handId":506,"id":5062,"length":67.0064,"mcpPosition":[-15.0747,267.733,-8.45764],"pipPosition":[-27.5665,221.918,-16.7172],"stabilizedTipPosition":[-24.2577,204.687,-8.84317],"timeVisible":145.028,"tipPosition":[-30.616,210.945,22.775],"tipVelocity":[-86.1931,44.0701,305.044],"tool":false,"touchDistance":0.333333,"touchZone":"none","type":2,"width":18.9972},{"bases":[[[0.931309,-0.339833,0.131059],[0.330876,0.939782,0.0856176],[-0.152263,-0.0363721,0.987671]],[[0.933724,-0.339178,0.114531],[0.166446,0.128068,-0.977698],[0.316946,0.931964,0.176035]],[[0.933724,-0.339178,0.114531],[-0.258628,-0.860313,-0.439287],[0.247529,0.380552,-0.891016]],[[0.933724,-0.339178,0.114531],[-0.348797,-0.933974,0.077681],[0.0806211,-0.112481,-0.990378]]],"btipPosition":[-16.2317,213.726,33.7396],"carpPosition":[-3.24508,261.528,60.2853],"dipPosition":[-14.7254,211.625,15.2354],"direction":[-0.247529,-0.380552,0.891016],"extended":false,"handId":506,"id":5063,"length":64.4285,"mcpPosition":[6.29265,263.807,-1.58237],"pipPosition":[-7.86836,222.167,-9.44756],"stabilizedTipPosition":[-10.2531,207.712,-1.96982],"timeVisible":145.028,"tipPosition":[-15.8618,212.93,29.0968],"tipVelocity":[-79.2949,25.5192,295.657],"tool":false,"touchDistance":0.333333,"touchZone":"none","type":3,"width":18.077},{"bases":[[[0.839869,-0.492335,0.22853],[0.45694,0.868555,0.19188],[-0.29296,-0.056729,0.95444]],[[0.853236,-0.488958,0.181408],[0.29524,0.166123,-0.94087],[0.429909,0.856343,0.286102]],[[0.853236,-0.488958,0.181408],[-0.331717,-0.777223,-0.534685],[0.402433,0.396036,-0.82535]],[[0.853236,-0.488958,0.181408],[-0.491206,-0.870321,-0.0354758],[0.17523,-0.0588396,-0.982768]]],"btipPosition":[-1.52031,218.635,28.9826],"carpPosition":[7.5851,252.357,61.3597],"dipPosition":[1.50009,217.621,12.0428],"direction":[-0.402433,-0.396036,0.82535],"extended":false,"handId":506,"id":5064,"length":50.5107,"mcpPosition":[24.5724,255.647,6.01631],"pipPosition":[9.37119,225.367,-4.10003],"stabilizedTipPosition":[4.56068,214.39,-5.20802],"timeVisible":145.028,"tipPosition":[-0.787421,218.16,24.7156],"tipVelocity":[-76.9717,11.1689,285.763],"tool":false,"touchDistance":0.333333,"touchZone":"none","type":4,"width":16.0574}],"r":[[0.738063,-0.0131196,0.674604],[0.671659,0.109597,-0.732709],[-0.0643218,0.993889,0.0897015]],"s":1.34249,"t":[0.91404,-3.65052,5.76604],"timestamp":97959501402},false],[1,{"currentFrameRate":104.532,"devices":[],"gestures":[],"hands":[{"armBasis":[[0.946693,0.116363,-0.300386],[0.0872155,0.805069,0.586734],[0.310106,-0.581655,0.752005]],"armWidth":63.72,"confidence":0.704571,"direction":[0.0485277,0.200541,-0.978483],"elbow":[75.2325,93.6116,273.624],"grabStrength":0,"id":506,"palmNormal":[-0.117262,-0.971718,-0.20497],"palmPosition":[-13.9433,258.24,16.6786],"palmVelocity":[-34.7151,24.6364,272.671],"palmWidth":90.99,"pinchStrength":0.65746,"r":[[0.741532,-0.0211546,0.670584],[0.668545,0.107273,-0.735894],[-0.0563679,0.994005,0.093689]],"s":1.34233,"sphereCenter":[-39.9326,243.864,-10.759],"sphereRadius":52.5466,"stabilizedPalmPosition":[-11.3705,253.551,-12.5377],"t":[0.64289,-3.51268,8.10722],"timeVisible":145.037,"type":"right","wrist":[-8.49609,250.658,70.5824]}],"id":1813652,"interactionBox":{"center":[0,200,0],"size":[235.247,235.247,147.751]},"pointables":[{"bases":[[[0.513495,0.85809,0.0019098],[-0.764784,0.456648,0.454508],[0.389137,-0.234848,0.890741]],[[0.455912,0.882029,-0.119035],[-0.883133,0.431706,-0.183593],[-0.110546,0.188826,0.975769]],[[0.455912,0.882029,-0.119035],[-0.790876,0.340138,-0.508744],[-0.408239,0.326085,0.852649]],[[0.455912,0.882029,-0.119035],[-0.271229,0.0103063,-0.96246],[-0.84769,0.471083,0.243931]]],"btipPosition":[1.07022,211.463,-12.4454],"carpPosition":[-38.2062,243.032,71.0431],"dipPosition":[-18.7688,222.488,-6.7365],"direction":[0.408239,-0.326085,-0.852649],"extended":false,"handId":506,"id":5060,"length":52.1164,"mcpPosition":[-38.2062,243.032,71.0431],"pipPosition":[-32.6879,233.606,22.3351],"stabilizedTipPosition":[3.76297,209.697,-39.1382],"timeVisible":145.037,"tipPosition":[-3.75097,214.016,-11.5085],"tipVelocity":[-90.4747,28.2981,246.055],"tool":false,"touchDistance":0.351133,"touchZone":"hovering","type":0,"width":20.25},{"bases":[[[0.985981,-0.0892441,-0.140985],[0.0983557,0.993399,0.0590259],[0.134787,-0.0720651,0.988251]],[[0.993704,-0.101237,0.0479871],[0.0624011,0.855867,0.513417],[-0.0930475,-0.50719,0.856797]],[[0.993704,-0.101237,0.0479871],[0.0764084,0.925652,0.370581],[-0.0819359,-0.364581,0.92756]],[[0.993704,-0.101237,0.0479871],[0.0876446,0.96926,0.2299],[-0.0697864,-0.224247,0.97203]]],"btipPosition":[-30.1398,302.908,-83.7711],"carpPosition":[-27.3939,263.173,64.7714],"dipPosition":[-31.3321,299.077,-67.1633],"direction":[0.0819359,0.364581,-0.92756],"extended":true,"handId":506,"id":5061,"length":58.8075,"mcpPosition":[-37.3101,268.475,-7.93381],"pipPosition":[-33.3126,290.265,-44.7438],"stabilizedTipPosition":[-25.3928,294.511,-108.931],"timeVisible":145.037,"tipPosition":[-30.293,301.668,-80.0899],"tipVelocity":[-59.7301,81.8147,301.173],"tool":false,"touchDistance":0.355792,"touchZone":"hovering","type":1,"width":19.3428},{"bases":[[[0.963816,-0.266194,-0.0141557],[0.266567,0.962187,0.0560234],[-0.00129265,-0.0577697,0.998329]],[[0.963711,-0.266947,-0.000725492],[0.0453587,0.166428,-0.98501],[0.263066,0.949232,0.172496]],[[0.963711,-0.266947,-0.000725492],[-0.240247,-0.866129,-0.438295],[0.116373,0.422564,-0.898831]],[[0.963711,-0.266947,-0.000725492],[-0.26578,-0.959745,0.0908308],[-0.0249433,-0.0873418,-0.995866]]],"btipPosition":[-30.726,211.722,28.8804],"carpPosition":[-15.2958,263.819,62.5724],"dipPosition":[-31.1947,210.08,10.1661],"direction":[-0.116373,-0.422564,0.898831],"extended":false,"handId":506,"id":5062,"length":67.0064,"mcpPosition":[-15.2056,267.85,-7.07903],"pipPosition":[-27.8855,222.096,-15.3934],"stabilizedTipPosition":[-24.2654,204.695,-8.80379],"timeVisible":145.037,"tipPosition":[-30.8988,211.076,24.093],"tipVelocity":[-70.7095,35.7163,260.034],"tool":false,"touchDistance":0.333333,"touchZone":"none","type":2,"width":18.9972},{"bases":[[[0.930265,-0.343565,0.128728],[0.334569,0.938378,0.0866649],[-0.150571,-0.0375528,0.987886]],[[0.932645,-0.342891,0.112246],[0.165173,0.129188,-0.977767],[0.320767,0.930449,0.177123]],[[0.932645,-0.342891,0.112246],[-0.262684,-0.858597,-0.440237],[0.247327,0.3811,-0.890838]],[[0.932645,-0.342891,0.112246],[-0.352185,-0.932771,0.0768359],[0.0783531,-0.111192,-0.990705]]],"btipPosition":[-16.4877,213.779,35.0241],"carpPosition":[-3.27227,261.479,61.6308],"dipPosition":[-15.0237,211.702,16.5138],"direction":[-0.247327,-0.3811,0.890838],"extended":false,"handId":506,"id":5063,"length":64.4285,"mcpPosition":[6.15948,263.831,-0.250403],"pipPosition":[-8.17227,222.259,-8.16419],"stabilizedTipPosition":[-10.2588,207.718,-1.93823],"timeVisible":145.037,"tipPosition":[-16.1296,212.99,30.3835],"tipVelocity":[-65.2944,20.1889,252.354],"tool":false,"touchDistance":0.333333,"touchZone":"none","type":3,"width":18.077},{"bases":[[[0.838431,-0.495895,0.226099],[0.46056,0.866489,0.192566],[-0.291405,-0.0573215,0.954881]],[[0.851712,-0.492488,0.179003],[0.294166,0.16667,-0.94111],[0.43365,0.854211,0.286828]],[[0.851712,-0.492488,0.179003],[-0.335605,-0.77502,-0.535456],[0.402436,0.39598,-0.825375]],[[0.851712,-0.492488,0.179003],[-0.494545,-0.868401,-0.0361244],[0.173237,-0.0577575,-0.983185]]],"btipPosition":[-1.7683,218.635,30.2482],"carpPosition":[7.52528,252.265,62.6688],"dipPosition":[1.21775,217.64,13.3012],"direction":[-0.402436,-0.39598,0.825375],"extended":false,"handId":506,"id":5064,"length":50.5107,"mcpPosition":[24.4225,255.589,7.29988],"pipPosition":[9.08893,225.385,-2.84214],"stabilizedTipPosition":[4.55605,214.394,-5.18212],"timeVisible":145.037,"tipPosition":[-1.04462,218.167,25.9814],"tipVelocity":[-63.3196,8.19181,244.631],"tool":false,"touchDistance":0.333333,"touchZone":"none","type":4,"width":16.0574}],"r":[[0.741532,-0.0211546,0.670584],[0.668545,0.107273,-0.735894],[-0.0563679,0.994005,0.093689]],"s":1.34233,"t":[0.64289,-3.51268,8.10722],"timestamp":97959510555},false],[2,{"currentFrameRate":104.569,"devices":[],"gestures":[],"hands":[{"armBasis":[[0.94216,0.103291,-0.31885],[0.108433,0.806229,0.581581],[0.317138,-0.582516,0.748397]],"armWidth":63.72,"confidence":0.710541,"direction":[0.041749,0.192398,-0.980428],"elbow":[77.0485,94.4318,276.235],"grabStrength":0,"id":506,"palmNormal":[-0.137715,-0.97081,-0.196375],"palmPosition":[-14.4628,258.999,20.2693],"palmVelocity":[-40.4605,40.5018,302.987],"palmWidth":90.99,"pinchStrength":0.65749,"r":[[0.745568,-0.0294001,0.665781],[0.664838,0.101826,-0.740015],[-0.0460374,0.994368,0.0954645]],"s":1.34216,"sphereCenter":[-41.0845,244.918,-6.78481],"sphereRadius":52.575,"stabilizedPalmPosition":[-11.3758,253.56,-12.4821],"t":[0.247577,-3.06463,11.0732],"timeVisible":145.047,"type":"right","wrist":[-8.57887,251.711,74.1678]}],"id":1813653,"interactionBox":{"center":[0,200,0],"size":[235.247,235.247,147.751]},"pointables":[{"bases":[[[0.529532,0.848231,-0.0100231],[-0.751122,0.474335,0.459153],[0.394222,-0.235608,0.8883]],[[0.471083,0.872371,-0.130576],[-0.876813,0.446942,-0.177317],[-0.0963267,0.198022,0.975453]],[[0.471083,0.872371,-0.130576],[-0.789938,0.351349,-0.502545],[-0.392528,0.339887,0.854634]],[[0.471083,0.872371,-0.130576],[-0.281078,0.00814318,-0.95965],[-0.836108,0.488777,0.24904]]],"btipPosition":[-0.660608,211.738,-8.65811],"carpPosition":[-38.4204,244.651,75.0018],"dipPosition":[-20.2285,223.178,-2.82967],"direction":[0.392528,-0.339887,-0.854634],"extended":false,"handId":506,"id":5060,"length":52.1164,"mcpPosition":[-38.4204,244.651,75.0018],"pipPosition":[-33.612,234.766,26.3096],"stabilizedTipPosition":[3.7259,209.716,-39.006],"timeVisible":145.047,"tipPosition":[-5.41233,214.386,-7.68367],"tipVelocity":[-114.967,31.3727,290.795],"tool":false,"touchDistance":0.406575,"touchZone":"hovering","type":0,"width":20.25},{"bases":[[[0.982553,-0.108881,-0.150781],[0.117649,0.991771,0.0504801],[0.144044,-0.0673386,0.987278]],[[0.992116,-0.119597,0.0374576],[0.0843716,0.85839,0.506012],[-0.0926705,-0.498862,0.861713]],[[0.992116,-0.119597,0.0374576],[0.0981299,0.927231,0.361405],[-0.0779546,-0.35488,0.931656]],[[0.992116,-0.119597,0.0374576],[0.108609,0.969617,0.219195],[-0.0625344,-0.213398,0.974962]]],"btipPosition":[-30.9627,303.147,-80.3674],"carpPosition":[-27.2995,264.537,68.4638],"dipPosition":[-32.0312,299.501,-63.7096],"direction":[0.0779546,0.35488,-0.931656],"extended":true,"handId":506,"id":5061,"length":58.8075,"mcpPosition":[-37.8967,269.491,-4.16984],"pipPosition":[-33.9154,290.924,-41.1911],"stabilizedTipPosition":[-25.4215,294.55,-108.771],"timeVisible":145.047,"tipPosition":[-31.0775,301.989,-76.6556],"tipVelocity":[-66.6093,66.8369,317.991],"tool":false,"touchDistance":0.404774,"touchZone":"hovering","type":1,"width":19.3428},{"bases":[[[0.958431,-0.284444,-0.0223913],[0.285202,0.957367,0.0459253],[0.00837349,-0.0504023,0.998694]],[[0.958457,-0.285092,-0.00904791],[0.0377102,0.158093,-0.986704],[0.282732,0.945372,0.162277]],[[0.958457,-0.285092,-0.00904791],[-0.261292,-0.864835,-0.428704],[0.114395,0.413258,-0.9034]],[[0.958457,-0.285092,-0.00904791],[-0.282754,-0.953814,0.101431],[-0.0375472,-0.0946589,-0.994801]]],"btipPosition":[-31.9752,212.915,33.0166],"carpPosition":[-15.2157,264.939,66.1315],"dipPosition":[-32.6807,211.137,14.3222],"direction":[-0.114395,-0.413258,0.9034],"extended":false,"handId":506,"id":5062,"length":67.0064,"mcpPosition":[-15.7999,268.455,-3.54539],"pipPosition":[-29.4278,222.888,-11.3672],"stabilizedTipPosition":[-24.2738,204.703,-8.76372],"timeVisible":145.047,"tipPosition":[-32.2143,212.235,28.2408],"tipVelocity":[-89.8412,60.6208,310.622],"tool":false,"touchDistance":0.333333,"touchZone":"none","type":2,"width":18.9972},{"bases":[[[0.924972,-0.360117,0.121421],[0.35307,0.932503,0.076021],[-0.140602,-0.0274472,0.989686]],[[0.927183,-0.35961,0.104935],[0.157113,0.119006,-0.980384],[0.340068,0.925483,0.16684]],[[0.927183,-0.35961,0.104935],[-0.283498,-0.856693,-0.430937],[0.244866,0.369808,-0.89626]],[[0.927183,-0.35961,0.104935],[-0.368827,-0.92535,0.087721],[0.0655564,-0.120036,-0.990603]]],"btipPosition":[-17.6442,214.732,38.9681],"carpPosition":[-3.24921,262.365,65.0798],"dipPosition":[-16.4193,212.49,20.4597],"direction":[-0.244866,-0.369808,0.89626],"extended":false,"handId":506,"id":5063,"length":64.4285,"mcpPosition":[5.55809,264.084,3.08588],"pipPosition":[-9.63603,222.734,-4.36848],"stabilizedTipPosition":[-10.2647,207.723,-1.90758],"timeVisible":145.047,"tipPosition":[-17.3515,213.905,34.338],"tipVelocity":[-83.1933,42.0777,299.208],"tool":false,"touchDistance":0.333333,"touchZone":"none","type":3,"width":18.077},{"bases":[[[0.831344,-0.509966,0.220909],[0.47882,0.859027,0.181117],[-0.28213,-0.0447946,0.95833]],[[0.844136,-0.507169,0.173824],[0.287263,0.154111,-0.945373],[0.452676,0.847956,0.275781]],[[0.844136,-0.507169,0.173824],[-0.35579,-0.772467,-0.52603],[0.40106,0.382196,-0.832513]],[[0.844136,-0.507169,0.173824],[-0.511165,-0.859137,-0.0243661],[0.161697,-0.0682844,-0.984475]]],"btipPosition":[-2.89452,219.273,34.0043],"carpPosition":[7.38372,252.957,66.0725],"dipPosition":[-0.107386,218.096,17.0351],"direction":[-0.40106,-0.382196,0.832513],"extended":false,"handId":506,"id":5064,"length":50.5107,"mcpPosition":[23.7431,255.554,10.5036],"pipPosition":[7.73686,225.571,0.752171],"stabilizedTipPosition":[4.55131,214.397,-5.15757],"timeVisible":145.047,"tipPosition":[-2.22356,218.761,29.7388],"tipVelocity":[-80.5902,23.8688,287.852],"tool":false,"touchDistance":0.333333,"touchZone":"none","type":4,"width":16.0574}],"r":[[0.745568,-0.0294001,0.665781],[0.664838,0.101826,-0.740015],[-0.0460374,0.994368,0.0954645]],"s":1.34216,"t":[0.247577,-3.06463,11.0732],"timestamp":97959520049},false],[3,{"currentFrameRate":104.871,"devices":[],"gestures":[],"hands":[{"armBasis":[[0.94028,0.0946249,-0.326985],[0.121071,0.80481,0.581053],[0.318143,-0.585942,0.74529]],"armWidth":63.72,"confidence":0.716933,"direction":[0.0360437,0.189467,-0.981225],"elbow":[77.3181,94.29,278.057],"grabStrength":0,"id":506,"palmNormal":[-0.149317,-0.96982,-0.19275],"palmPosition":[-14.8115,259.706,22.9591],"palmVelocity":[-40.0239,50.9893,302.093],"palmWidth":90.99,"pinchStrength":0.657527,"r":[[0.749678,-0.0372341,0.660754],[0.660847,0.0957442,-0.744388],[-0.0355468,0.994709,0.0963834]],"s":1.342,"sphereCenter":[-41.8645,245.848,-3.85149],"sphereRadius":52.6061,"stabilizedPalmPosition":[-11.3799,253.567,-12.4394],"t":[-0.124474,-2.48707,13.901],"timeVisible":145.056,"type":"right","wrist":[-8.58058,252.494,76.8287]}],"id":1813654,"interactionBox":{"center":[0,200,0],"size":[235.247,235.247,147.751]},"pointables":[{"bases":[[[0.538209,0.842652,-0.0163861],[-0.742533,0.48328,0.463774],[0.398719,-0.23744,0.885802]],[[0.478972,0.867118,-0.136723],[-0.873578,0.455523,-0.171347],[-0.0862974,0.201509,0.975678]],[[0.478972,0.867118,-0.136723],[-0.790422,0.358262,-0.496872],[-0.381864,0.346056,0.856986]],[[0.478972,0.867118,-0.136723],[-0.288172,0.0081972,-0.957544],[-0.829182,0.498036,0.253805]]],"btipPosition":[-1.7528,212.233,-5.94819],"carpPosition":[-38.4863,245.747,77.9147],"dipPosition":[-21.1586,223.889,-0.00823092],"direction":[0.381864,-0.346056,-0.856986],"extended":false,"handId":506,"id":5060,"length":52.1164,"mcpPosition":[-38.4863,245.747,77.9147],"pipPosition":[-34.1785,235.688,29.2112],"stabilizedTipPosition":[3.69126,209.734,-38.8861],"timeVisible":145.056,"tipPosition":[-6.45418,214.931,-4.93821],"tipVelocity":[-115.675,39.3984,294.64],"tool":false,"touchDistance":0.440284,"touchZone":"hovering","type":0,"width":20.25},{"bases":[[[0.980156,-0.119471,-0.158179],[0.128325,0.99062,0.0469623],[0.151085,-0.0663288,0.986293]],[[0.991111,-0.129776,0.0292625],[0.0975937,0.858752,0.503011],[-0.0904081,-0.495684,0.863785]],[[0.991111,-0.129776,0.0292625],[0.110886,0.927403,0.35725],[-0.0735007,-0.35083,0.93355]],[[0.991111,-0.129776,0.0292625],[0.120611,0.969364,0.213978],[-0.0561353,-0.208547,0.9764]]],"btipPosition":[-31.7068,303.718,-77.6803],"carpPosition":[-27.2113,265.5,71.2378],"dipPosition":[-32.6659,300.155,-60.9979],"direction":[0.0735007,0.35083,-0.93355],"extended":true,"handId":506,"id":5061,"length":58.8075,"mcpPosition":[-38.3265,270.379,-1.32338],"pipPosition":[-34.4424,291.675,-38.4336],"stabilizedTipPosition":[-25.4457,294.581,-108.641],"timeVisible":145.056,"tipPosition":[-31.7825,302.606,-73.9509],"tipVelocity":[-70.306,66.533,313.08],"tool":false,"touchDistance":0.438021,"touchZone":"hovering","type":1,"width":19.3428},{"bases":[[[0.955223,-0.294448,-0.0291457],[0.295471,0.954464,0.0411867],[0.0156912,-0.0479541,0.998726]],[[0.955347,-0.295059,-0.0158849],[0.0314543,0.155002,-0.987413],[0.293807,0.942823,0.157362]],[[0.955347,-0.295059,-0.0158849],[-0.273691,-0.863338,-0.423959],[0.111379,0.409376,-0.905542]],[[0.955347,-0.295059,-0.0158849],[-0.291795,-0.950519,0.106625],[-0.0465595,-0.0972288,-0.994172]]],"btipPosition":[-32.6914,213.857,35.9788],"carpPosition":[-15.1428,265.77,68.81],"dipPosition":[-33.5663,212.03,17.2963],"direction":[-0.111379,-0.409376,0.905542],"extended":false,"handId":506,"id":5062,"length":67.0064,"mcpPosition":[-16.2375,269.115,-0.86914],"pipPosition":[-30.3991,223.671,-8.45404],"stabilizedTipPosition":[-24.2817,204.711,-8.72676],"timeVisible":145.056,"tipPosition":[-32.9774,213.165,31.2112],"tipVelocity":[-88.2829,72.4181,316.038],"tool":false,"touchDistance":0.333333,"touchZone":"none","type":2,"width":18.9972},{"bases":[[[0.922111,-0.369404,0.115121],[0.363312,0.928972,0.0708153],[-0.133104,-0.0234746,0.990824]],[[0.924195,-0.368963,0.0986419],[0.150713,0.115014,-0.981864],[0.350926,0.922301,0.161903]],[[0.924195,-0.368963,0.0986419],[-0.295736,-0.854789,-0.426469],[0.241669,0.364968,-0.899108]],[[0.924195,-0.368963,0.0986419],[-0.377717,-0.921226,0.0931281],[0.0565106,-0.123327,-0.990756]]],"btipPosition":[-18.3043,215.525,41.7908],"carpPosition":[-3.21219,263.069,67.6714],"dipPosition":[-17.2485,213.221,23.2795],"direction":[-0.241669,-0.364968,0.899108],"extended":false,"handId":506,"id":5063,"length":64.4285,"mcpPosition":[5.12545,264.539,5.60621],"pipPosition":[-10.5538,223.331,-1.62753],"stabilizedTipPosition":[-10.27,207.728,-1.88056],"timeVisible":145.056,"tipPosition":[-18.0571,214.686,37.1681],"tipVelocity":[-81.7426,54.3191,303.388],"tool":false,"touchDistance":0.333333,"touchZone":"none","type":3,"width":18.077},{"bases":[[[0.827718,-0.518019,0.215731],[0.489114,0.85446,0.175116],[-0.275047,-0.0394292,0.960622]],[[0.840128,-0.515485,0.168703],[0.281571,0.148662,-0.947954],[0.463576,0.843905,0.270041]],[[0.840128,-0.515485,0.168703],[-0.367831,-0.770071,-0.52124],[0.398605,0.375853,-0.83657]],[[0.840128,-0.515485,0.168703],[-0.520242,-0.853826,-0.0181674],[0.153408,-0.0725035,-0.985499]]],"btipPosition":[-3.55352,219.898,36.7044],"carpPosition":[7.33003,253.553,68.6055],"dipPosition":[-0.909251,218.649,19.7176],"direction":[-0.398605,-0.375853,0.83657],"extended":false,"handId":506,"id":5064,"length":50.5107,"mcpPosition":[23.2787,255.84,12.9037],"pipPosition":[6.88697,226,3.35527],"stabilizedTipPosition":[4.54715,214.4,-5.13651],"timeVisible":145.056,"tipPosition":[-2.91932,219.371,32.4399],"tipVelocity":[-79.633,35.9083,291.296],"tool":false,"touchDistance":0.333333,"touchZone":"none","type":4,"width":16.0574}],"r":[[0.749678,-0.0372341,0.660754],[0.660847,0.0957442,-0.744388],[-0.0355468,0.994709,0.0963834]],"s":1.342,"t":[-0.124474,-2.48707,13.901],"timestamp":97959529023},false],[4,{"currentFrameRate":104.999,"devices":[],"gestures":[],"hands":[{"armBasis":[[0.939922,0.0933546,-0.328376],[0.124794,0.801358,0.585022],[0.317761,-0.590855,0.741565]],"armWidth":63.72,"confidence":0.721289,"direction":[0.0346907,0.18866,-0.98143],"elbow":[77.0302,93.609,279.226],"grabStrength":0,"id":506,"palmNormal":[-0.153408,-0.969377,-0.191765],"palmPosition":[-15.0827,260.338,25.1426],"palmVelocity":[-36.9734,55.8182,283.236],"palmWidth":90.99,"pinchStrength":0.657809,"r":[[0.753131,-0.0440077,0.656397],[0.657342,0.0903059,-0.748162],[-0.0263516,0.994941,0.0969403]],"s":1.34187,"sphereCenter":[-42.2907,246.582,-1.60066],"sphereRadius":52.6254,"stabilizedPalmPosition":[-11.3834,253.574,-12.4036],"t":[-0.446057,-1.88208,16.4067],"timeVisible":145.065,"type":"right","wrist":[-8.76537,253.14,79.004]}],"id":1813655,"interactionBox":{"center":[0,200,0],"size":[235.247,235.247,147.751]},"pointables":[{"bases":[[[0.54137,0.840589,-0.0181028],[-0.73971,0.486414,0.465006],[0.399684,-0.238349,0.885123]],[[0.481815,0.865239,-0.138625],[-0.872324,0.458602,-0.169512],[-0.0830943,0.202599,0.97573]],[[0.481815,0.865239,-0.138625],[-0.790404,0.360829,-0.495039],[-0.378307,0.348087,0.857741]],[[0.481815,0.865239,-0.138625],[-0.2898,0.00804198,-0.957053],[-0.826965,0.501296,0.254621]]],"btipPosition":[-2.29371,212.793,-3.75261],"carpPosition":[-38.6941,246.507,80.1577],"dipPosition":[-21.6477,224.525,2.20644],"direction":[0.378307,-0.348087,-0.857741],"extended":false,"handId":506,"id":5060,"length":52.1164,"mcpPosition":[-38.6941,246.507,80.1577],"pipPosition":[-34.5463,236.393,31.4516],"stabilizedTipPosition":[3.65869,209.752,-38.7722],"timeVisible":145.065,"tipPosition":[-6.96642,215.511,-2.73016],"tipVelocity":[-99.1286,45.8283,278.382],"tool":false,"touchDistance":0.462588,"touchZone":"hovering","type":0,"width":20.25},{"bases":[[[0.979359,-0.123303,-0.160164],[0.132187,0.990157,0.0460081],[0.152914,-0.06623,0.986018]],[[0.990687,-0.133501,0.0267651],[0.102135,0.858632,0.502315],[-0.090041,-0.494903,0.86427]],[[0.990687,-0.133501,0.0267651],[0.115359,0.927398,0.355844],[-0.0723275,-0.349442,0.934162]],[[0.990687,-0.133501,0.0267651],[0.124893,0.969285,0.211866],[-0.0542275,-0.20655,0.976932]]],"btipPosition":[-32.0651,304.322,-75.4992],"carpPosition":[-27.3583,266.212,73.4434],"dipPosition":[-32.9916,300.793,-58.8077],"direction":[0.0723275,0.349442,-0.934162],"extended":true,"handId":506,"id":5061,"length":58.8075,"mcpPosition":[-38.6082,271.085,0.902493],"pipPosition":[-34.7398,292.347,-36.2286],"stabilizedTipPosition":[-25.4666,294.608,-108.528],"timeVisible":145.065,"tipPosition":[-32.124,303.234,-71.7615],"tipVelocity":[-61.1405,66.3541,291.114],"tool":false,"touchDistance":0.4603,"touchZone":"hovering","type":1,"width":19.3428},{"bases":[[[0.954034,-0.298096,-0.0309576],[0.299181,0.953362,0.0399048],[0.0176184,-0.0473324,0.998724]],[[0.954183,-0.298693,-0.0178287],[0.0296406,0.153642,-0.987682],[0.297752,0.941901,0.155456]],[[0.954183,-0.298693,-0.0178287],[-0.278026,-0.862984,-0.421853],[0.110619,0.407482,-0.906489]],[[0.954183,-0.298693,-0.0178287],[-0.295111,-0.949241,0.108864],[-0.0494406,-0.0986146,-0.993897]]],"btipPosition":[-33.0915,214.603,38.2725],"carpPosition":[-15.294,266.435,70.99],"dipPosition":[-34.0206,212.75,19.5952],"direction":[-0.110619,-0.407482,0.906489],"extended":false,"handId":506,"id":5062,"length":67.0064,"mcpPosition":[-16.5232,269.737,1.311],"pipPosition":[-30.875,224.337,-6.18203],"stabilizedTipPosition":[-24.2893,204.719,-8.6906],"timeVisible":145.065,"tipPosition":[-33.395,213.902,33.5061],"tipVelocity":[-75.9227,74.4686,296.631],"tool":false,"touchDistance":0.333333,"touchZone":"none","type":2,"width":18.9972},{"bases":[[[0.920942,-0.372827,0.113431],[0.366987,0.927633,0.0694078],[-0.131099,-0.022293,0.991119]],[[0.922992,-0.372405,0.0969563],[0.149098,0.113801,-0.982252],[0.354762,0.921066,0.160563]],[[0.922992,-0.372405,0.0969563],[-0.299874,-0.853944,-0.425271],[0.241168,0.363447,-0.899858]],[[0.922992,-0.372405,0.0969563],[-0.381018,-0.919719,0.0945618],[0.0539573,-0.124222,-0.990786]]],"btipPosition":[-18.7038,216.184,44.0103],"carpPosition":[-3.3762,263.688,69.8281],"dipPosition":[-17.6956,213.863,25.4984],"direction":[-0.241168,-0.363447,0.899858],"extended":false,"handId":506,"id":5063,"length":64.4285,"mcpPosition":[4.83586,265.084,7.74443],"pipPosition":[-11.0148,223.931,0.570557],"stabilizedTipPosition":[-10.2751,207.733,-1.85505],"timeVisible":145.065,"tipPosition":[-18.4693,215.343,39.3907],"tipVelocity":[-71.1606,58.8932,285.251],"tool":false,"touchDistance":0.333333,"touchZone":"none","type":3,"width":18.077},{"bases":[[[0.826197,-0.521014,0.214342],[0.492726,0.852714,0.173494],[-0.273165,-0.0377286,0.961227]],[[0.838399,-0.518591,0.16778],[0.280661,0.146871,-0.948503],[0.467243,0.842314,0.268685]],[[0.838399,-0.518591,0.16778],[-0.371648,-0.769075,-0.520002],[0.398703,0.373614,-0.837525]],[[0.838399,-0.518591,0.16778],[-0.523586,-0.851813,-0.0164976],[0.151472,-0.0740156,-0.985686]]],"btipPosition":[-3.95914,220.505,38.8802],"carpPosition":[7.13174,254.133,70.7465],"dipPosition":[-1.34824,219.229,21.8901],"direction":[-0.398703,-0.373614,0.837525],"extended":false,"handId":506,"id":5064,"length":50.5107,"mcpPosition":[22.9713,256.32,15.0096],"pipPosition":[6.44992,226.537,5.5091],"stabilizedTipPosition":[4.54333,214.403,-5.11712],"timeVisible":145.065,"tipPosition":[-3.33056,219.973,34.6259],"tipVelocity":[-69.7341,44.0329,275.222],"tool":false,"touchDistance":0.333333,"touchZone":"none","type":4,"width":16.0574}],"r":[[0.753131,-0.0440077,0.656397],[0.657342,0.0903059,-0.748162],[-0.0263516,0.994941,0.0969403]],"s":1.34187,"t":[-0.446057,-1.88208,16.4067],"timestamp":97959538307},false],[5,{"currentFrameRate":105.179,"devices":[],"gestures":[],"hands":[{"armBasis":[[0.938172,0.0962433,-0.33252],[0.131976,0.788583,0.600599],[0.320024,-0.60735,0.727125]],"armWidth":63.72,"confidence":0.730738,"direction":[0.0310925,0.186566,-0.98195],"elbow":[77.4771,89.6817,278.724],"grabStrength":0,"id":506,"palmNormal":[-0.162021,-0.968491,-0.189139],"palmPosition":[-15.4684,260.814,28.5592],"palmVelocity":[-38.3906,54.7332,308.124],"palmWidth":90.99,"pinchStrength":0.657487,"r":[[0.75643,-0.0503925,0.65213],[0.653845,0.084668,-0.751877],[-0.0173256,0.995134,0.0969943]],"s":1.34176,"sphereCenter":[-42.9724,247.245,1.9823],"sphereRadius":52.6484,"stabilizedPalmPosition":[-11.3864,253.579,-12.3742],"t":[-0.799739,-1.34138,19.3678],"timeVisible":145.074,"type":"right","wrist":[-8.92921,253.666,82.4007]}],"id":1813656,"interactionBox":{"center":[0,200,0],"size":[235.247,235.247,147.751]},"pointables":[{"bases":[[[0.547866,0.836264,-0.0224857],[-0.733442,0.493086,0.467898],[0.402374,-0.239854,0.883496]],[[0.487739,0.861196,-0.143011],[-0.869666,0.465037,-0.165594],[-0.0761029,0.205138,0.97577]],[[0.487739,0.861196,-0.143011],[-0.790365,0.366045,-0.491258],[-0.370721,0.352637,0.859193]],[[0.487739,0.861196,-0.143011],[-0.294356,0.00801025,-0.955662],[-0.821867,0.50821,0.257405]]],"btipPosition":[-3.2294,213.114,-0.305513],"carpPosition":[-38.9029,247.271,83.7215],"dipPosition":[-22.464,225.008,5.71869],"direction":[0.370721,-0.352637,-0.859193],"extended":false,"handId":506,"id":5060,"length":52.1164,"mcpPosition":[-38.9029,247.271,83.7215],"pipPosition":[-35.104,237.031,35.0134],"stabilizedTipPosition":[3.62932,209.768,-38.6687],"timeVisible":145.074,"tipPosition":[-7.86061,215.871,0.740003],"tipVelocity":[-99.0936,43.9326,306.009],"tool":false,"touchDistance":0.501594,"touchZone":"hovering","type":0,"width":20.25},{"bases":[[[0.977516,-0.13131,-0.164984],[0.14021,0.989168,0.043454],[0.157491,-0.0656094,0.985338]],[[0.989744,-0.141234,0.0214466],[0.111674,0.858578,0.500373],[-0.089083,-0.492846,0.865544]],[[0.989744,-0.141234,0.0214466],[0.124661,0.927231,0.353132],[-0.06976,-0.346837,0.935328]],[[0.989744,-0.141234,0.0214466],[0.133736,0.968851,0.208429],[-0.0502156,-0.203423,0.977802]]],"btipPosition":[-32.6625,304.734,-72.0789],"carpPosition":[-27.4473,266.874,76.9115],"dipPosition":[-33.5205,301.258,-55.3725],"direction":[0.06976,0.346837,-0.935328],"extended":true,"handId":506,"id":5061,"length":58.8075,"mcpPosition":[-39.0339,271.701,4.42058],"pipPosition":[-35.2066,292.875,-32.7653],"stabilizedTipPosition":[-25.484,294.63,-108.433],"timeVisible":145.074,"tipPosition":[-32.6988,303.667,-68.3344],"tipVelocity":[-61.7723,60.7366,314.022],"tool":false,"touchDistance":0.498959,"touchZone":"hovering","type":1,"width":19.3428},{"bases":[[[0.951486,-0.305659,-0.0353191],[0.306876,0.951047,0.0365582],[0.0224158,-0.0456232,0.998707]],[[0.951698,-0.306231,-0.0222294],[0.0256671,0.151496,-0.988125],[0.305962,0.939825,0.152038]],[[0.951698,-0.306231,-0.0222294],[-0.287034,-0.861656,-0.418523],[0.10901,0.404687,-0.907934]],[[0.951698,-0.306231,-0.0222294],[-0.30198,-0.946652,0.112507],[-0.0554967,-0.10036,-0.993402]]],"btipPosition":[-33.7628,215.259,41.8757],"carpPosition":[-15.3944,266.997,74.3954],"dipPosition":[-34.8057,213.373,23.2077],"direction":[-0.10901,-0.404687,0.907934],"extended":false,"handId":506,"id":5062,"length":67.0064,"mcpPosition":[-16.9583,270.18,4.71761],"pipPosition":[-31.7058,224.88,-2.61069],"stabilizedTipPosition":[-24.2964,204.727,-8.65679],"timeVisible":145.074,"tipPosition":[-34.0974,214.55,37.1175],"tipVelocity":[-75.9524,73.4031,323.522],"tool":false,"touchDistance":0.333333,"touchZone":"none","type":2,"width":18.9972},{"bases":[[[0.918555,-0.37986,0.109379],[0.374629,0.92484,0.0657594],[-0.126138,-0.019427,0.991823]],[[0.920528,-0.379484,0.0928416],[0.14478,0.110641,-0.983259],[0.362859,0.918559,0.156789]],[[0.920528,-0.379484,0.0928416],[-0.308852,-0.852413,-0.421904],[0.239245,0.3597,-0.901875]],[[0.920528,-0.379484,0.0928416],[-0.387748,-0.916495,0.0984274],[0.0477373,-0.126604,-0.990804]]],"btipPosition":[-19.3354,216.732,47.5401],"carpPosition":[-3.5048,264.154,73.1772],"dipPosition":[-18.4435,214.366,29.0279],"direction":[-0.239245,-0.3597,0.901875],"extended":false,"handId":506,"id":5063,"length":64.4285,"mcpPosition":[4.39646,265.371,11.0495],"pipPosition":[-11.8159,224.33,4.04418],"stabilizedTipPosition":[-10.2796,207.737,-1.8319],"timeVisible":145.074,"tipPosition":[-19.1332,215.882,42.9223],"tipVelocity":[-71.3294,58.8013,313.019],"tool":false,"touchDistance":0.333333,"touchZone":"none","type":3,"width":18.077},{"bases":[[[0.823171,-0.527109,0.211058],[0.500312,0.849125,0.169336],[-0.268473,-0.0337983,0.962694]],[[0.834969,-0.524915,0.165197],[0.277386,0.142198,-0.950177],[0.475272,0.839192,0.264336]],[[0.834969,-0.524915,0.165197],[-0.38031,-0.767403,-0.516194],[0.397731,0.36818,-0.840389]],[[0.834969,-0.524915,0.165197],[-0.530512,-0.847595,-0.0118303],[0.14623,-0.0777613,-0.98619]]],"btipPosition":[-4.60519,220.945,42.3265],"carpPosition":[6.93225,254.519,74.0595],"dipPosition":[-2.08465,219.604,25.3278],"direction":[-0.397731,-0.36818,0.840389],"extended":false,"handId":506,"id":5064,"length":50.5107,"mcpPosition":[22.4997,256.478,18.2375],"pipPosition":[5.6945,226.805,8.89075],"stabilizedTipPosition":[4.53993,214.405,-5.09985],"timeVisible":145.074,"tipPosition":[-3.99552,220.394,38.0738],"tipVelocity":[-70.5582,44.6545,303.192],"tool":false,"touchDistance":0.333333,"touchZone":"none","type":4,"width":16.0574}],"r":[[0.75643,-0.0503925,0.65213],[0.653845,0.084668,-0.751877],[-0.0173256,0.995134,0.0969943]],"s":1.34176,"t":[-0.799739,-1.34138,19.3678],"timestamp":97959547481},false],[6,{"currentFrameRate":108.014,"devices":[],"gestures":[],"hands":[{"armBasis":[[0.948701,0.186729,-0.255145],[0.0227377,0.76459,0.644115],[0.315357,-0.616874,0.721122]],"armWidth":63.72,"confidence":0.629747,"direction":[0.076154,0.262976,-0.961792],"elbow":[81.1794,109.395,277.091],"grabStrength":0,"id":506,"palmNormal":[-0.0599218,-0.961643,-0.267679],"palmPosition":[-7.7003,286.592,28.8567],"palmVelocity":[41.9433,107.774,-208.771],"palmWidth":90.99,"pinchStrength":0.720544,"r":[[0.743041,-0.0665495,0.665928],[0.666145,0.169213,-0.726373],[-0.0643443,0.98333,0.170064]],"s":1.29924,"sphereCenter":[-34.8934,271.804,-1.75852],"sphereRadius":53.0747,"stabilizedPalmPosition":[-11.5046,255.244,-7.45761],"t":[6.24265,23.9867,24.3955],"timeVisible":145.536,"type":"right","wrist":[-3.96688,275.951,82.388]}],"id":1813706,"interactionBox":{"center":[0,200,0],"size":[235.247,235.247,147.751]},"pointables":[{"bases":[[[0.468959,0.880041,0.0748705],[-0.803929,0.390218,0.448808],[0.365753,-0.270663,0.890486]],[[0.415177,0.908563,-0.0462661],[-0.895967,0.399546,-0.193924],[-0.157707,0.121966,0.979925]],[[0.415177,0.908563,-0.0462661],[-0.803576,0.342411,-0.486848],[-0.42649,0.239306,0.872261]],[[0.415177,0.908563,-0.0462661],[-0.294038,0.0858895,-0.951927],[-0.860912,0.408822,0.302812]]],"btipPosition":[9.31367,243.074,-4.59286],"carpPosition":[-33.2485,266.889,81.1498],"dipPosition":[-10.8348,252.642,2.49402],"direction":[0.42649,-0.239306,-0.872261],"extended":false,"handId":506,"id":5060,"length":52.1164,"mcpPosition":[-33.2485,266.889,81.1498],"pipPosition":[-25.3762,260.801,32.2343],"stabilizedTipPosition":[2.52149,213.09,-29.7589],"timeVisible":145.536,"tipPosition":[4.86979,245.158,-2.65191],"tipVelocity":[73.1204,107.192,-196.677],"tool":false,"touchDistance":-0.221877,"touchZone":"hovering","type":0,"width":20.25},{"bases":[[[0.993951,-0.0327556,-0.104828],[0.0456058,0.991403,0.122639],[0.0999094,-0.126678,0.9869]],[[0.996218,-0.0542251,0.0678872],[0.00821663,0.836639,0.547693],[-0.0864958,-0.545064,0.833921]],[[0.996218,-0.0542251,0.0678872],[0.0248528,0.926541,0.375373],[-0.0832549,-0.372266,0.924385]],[[0.996218,-0.0542251,0.0678872],[0.0393291,0.978147,0.204159],[-0.0774742,-0.200717,0.976581]]],"btipPosition":[-23.5328,333.041,-70.9055],"carpPosition":[-23.2346,287.877,76.5557],"dipPosition":[-24.8565,329.612,-54.2201],"direction":[0.0832549,0.372266,-0.924385],"extended":true,"handId":506,"id":5061,"length":58.8075,"mcpPosition":[-30.5849,297.197,3.94993],"pipPosition":[-26.8688,320.614,-31.8773],"stabilizedTipPosition":[-26.5041,298.798,-98.5135],"timeVisible":145.536,"tipPosition":[-23.7695,332.813,-66.7946],"tipVelocity":[91.1428,80.2567,-229.602],"tool":false,"touchDistance":-0.202877,"touchZone":"hovering","type":1,"width":19.3428},{"bases":[[[0.975875,-0.218096,0.0101091],[0.215171,0.968571,0.124788],[-0.0370073,-0.119603,0.992132]],[[0.975473,-0.219238,0.0196699],[0.0990096,0.357202,-0.928765],[0.196595,0.907932,0.370148]],[[0.975473,-0.219238,0.0196699],[-0.162057,-0.775768,-0.609853],[0.148963,0.591708,-0.79227]],[[0.975473,-0.219238,0.0196699],[-0.217611,-0.973951,-0.0637566],[0.0331354,0.0579124,-0.997772]]],"btipPosition":[-22.8613,235.908,29.1254],"carpPosition":[-11.1087,289.24,74.9063],"dipPosition":[-22.2386,236.996,10.3752],"direction":[-0.148963,-0.591708,0.79227],"extended":false,"handId":506,"id":5062,"length":67.0064,"mcpPosition":[-8.52674,297.585,5.6872],"pipPosition":[-18.0027,253.822,-12.1541],"stabilizedTipPosition":[-24.493,205.381,-6.49968],"timeVisible":145.536,"tipPosition":[-22.6592,236.55,26.061],"tipVelocity":[55.6669,95.8383,-237.017],"tool":false,"touchDistance":0.333333,"touchZone":"none","type":2,"width":18.9972},{"bases":[[[0.940777,-0.30571,0.146563],[0.283054,0.946207,0.156755],[-0.186601,-0.105986,0.976702]],[[0.945018,-0.303054,0.122877],[0.226031,0.333774,-0.915153],[0.236328,0.89261,0.383922]],[[0.945018,-0.303054,0.122877],[-0.165524,-0.767343,-0.619505],[0.282033,0.565104,-0.775316]],[[0.945018,-0.303054,0.122877],[-0.294015,-0.951883,-0.0864523],[0.143165,0.0455712,-0.988649]]],"btipPosition":[-8.31282,237.796,35.9439],"carpPosition":[1.0453,287.544,74.3283],"dipPosition":[-5.63793,238.647,17.4719],"direction":[-0.282033,-0.565104,0.775316],"extended":false,"handId":506,"id":5063,"length":64.4285,"mcpPosition":[12.734,294.183,13.1476],"pipPosition":[2.17494,254.302,-4.00586],"stabilizedTipPosition":[-10.4232,208.252,-0.0468809],"timeVisible":145.536,"tipPosition":[-7.7116,238.38,32.7455],"tipVelocity":[53.2141,103.82,-215.066],"tool":false,"touchDistance":0.333333,"touchZone":"none","type":3,"width":18.077},{"bases":[[[0.853069,-0.468032,0.230692],[0.408328,0.874034,0.263312],[-0.324871,-0.130426,0.936722]],[[0.856629,-0.466553,0.220261],[0.387947,0.301037,-0.871134],[0.340123,0.831688,0.438875]],[[0.856629,-0.466553,0.220261],[-0.220832,-0.717401,-0.660734],[0.466283,0.517363,-0.717576]],[[0.856629,-0.466553,0.220261],[-0.437932,-0.883235,-0.167667],[0.272768,0.0471691,-0.960923]]],"btipPosition":[5.23663,246.037,36.0246],"carpPosition":[12.247,278.815,75.2607],"dipPosition":[9.93827,246.85,19.4613],"direction":[-0.466283,-0.517363,0.717576],"extended":false,"handId":506,"id":5064,"length":50.5107,"mcpPosition":[31.0847,286.377,20.9447],"pipPosition":[19.0582,256.969,5.42641],"stabilizedTipPosition":[4.33019,215.303,-2.24932],"timeVisible":145.536,"tipPosition":[6.42123,246.389,32.9899],"tipVelocity":[49.4111,110.21,-203.864],"tool":false,"touchDistance":0.333333,"touchZone