{"sensorType":"Leap","data":[[0,{"currentFrameRate":108.051,"devices":[],"gestures":[],"hands":[{"armBasis":[[0.946485,0.15042,-0.285552],[0.0645625,0.778629,0.624154],[0.316225,-0.609188,0.72725]],"armWidth":63.72,"confidence":0.644571,"direction":[0.0584648,0.241025,-0.968756],"elbow":[76.0856,80.0551,273.698],"grabStrength":0,"id":506,"palmNormal":[-0.0974272,-0.964406,-0.245822],"palmPosition":[-14.1322,254.214,23.7149],"palmVelocity":[3.25052,5.21528,26.5922],"palmWidth":90.99,"pinchStrength":0.651528,"r":[[0.748224,-0.0740456,0.659301],[0.661992,0.149091,-0.734533],[-0.0439069,0.986047,0.160571]],"s":1.33093,"sphereCenter":[-34.7902,238.636,-4.51094],"sphereRadius":50.1162,"stabilizedPalmPosition":[-14.0334,252.442,-7.66002],"t":[0.15431,-7.45651,17.3833],"timeVisible":136.204,"type":"right","wrist":[-9.29506,244.536,77.3405]}],"id":1812712,"interactionBox":{"center":[0,200,0],"size":[235.247,235.247,147.751]},"pointables":[{"bases":[[[0.498341,0.86586,0.0440739],[-0.778828,0.424758,0.461528],[0.380898,-0.264324,0.88603]],[[0.4401,0.89434,-0.0804205],[-0.888697,0.420992,-0.181612],[-0.128567,0.151397,0.980076]],[[0.4401,0.89434,-0.0804205],[-0.769653,0.32957,-0.546825],[-0.462544,0.302553,0.833376]],[[0.4401,0.89434,-0.0804205],[-0.289397,0.056487,-0.955541],[-0.850036,0.443807,0.28368]]],"btipPosition":[3.21156,208.136,-6.91389],"carpPosition":[-38.8708,236.396,77.0627],"dipPosition":[-16.6823,218.523,-0.274762],"direction":[0.462544,-0.302553,-0.833376],"extended":false,"handId":506,"id":5060,"length":52.1164,"mcpPosition":[-38.8708,236.396,77.0627],"pipPosition":[-32.453,228.839,28.1397],"stabilizedTipPosition":[0.152408,210.151,-35.0585],"timeVisible":136.204,"tipPosition":[-1.36531,210.52,-5.12021],"tipVelocity":[-1.32391,7.84119,16.5304],"tool":false,"touchDistance":0.382526,"touchZone":"hovering","type":0,"width":20.25},{"bases":[[[0.989236,-0.0667427,-0.130222],[0.0801535,0.991691,0.100618],[0.122424,-0.109972,0.986366]],[[0.992472,-0.0887766,0.0843682],[0.0314519,0.85053,0.524985],[-0.118364,-0.518379,0.84692]],[[0.992472,-0.0887766,0.0843682],[0.0533333,0.933419,0.354802],[-0.110249,-0.347631,0.931127]],[[0.992472,-0.0887766,0.0843682],[0.0717411,0.979737,0.186999],[-0.0992598,-0.179539,0.978731]]],"btipPosition":[-27.8879,298.787,-76.4116],"carpPosition":[-28.327,256.955,71.7686],"dipPosition":[-29.5838,295.719,-59.6894],"direction":[0.110249,0.347631,-0.931127],"extended":true,"handId":506,"id":5061,"length":58.8075,"mcpPosition":[-37.3337,265.046,-0.797966],"pipPosition":[-32.2485,287.317,-37.1837],"stabilizedTipPosition":[-29.8002,299.005,-100.207],"timeVisible":136.204,"tipPosition":[-28.0812,298.239,-72.4961],"tipVelocity":[12.612,14.0009,30.0193],"tool":false,"touchDistance":0.38713,"touchZone":"hovering","type":1,"width":19.3428},{"bases":[[[0.968425,-0.249061,-0.0109948],[0.24891,0.963476,0.0987846],[-0.0140102,-0.0984022,0.995048]],[[0.968129,-0.250432,0.00312123],[0.0567381,0.207168,-0.976659],[0.24394,0.945709,0.214774]],[[0.968129,-0.250432,0.00312123],[-0.223307,-0.868777,-0.441995],[0.113401,0.427211,-0.897012]],[[0.968129,-0.250432,0.00312123],[-0.249408,-0.962883,0.103204],[-0.0228402,-0.100693,-0.994655]]],"btipPosition":[-29.7891,208.921,34.1973],"carpPosition":[-16.213,257.895,69.7726],"dipPosition":[-30.2183,207.029,15.5057],"direction":[-0.113401,-0.427211,0.897012],"extended":false,"handId":506,"id":5062,"length":67.0064,"mcpPosition":[-15.2355,264.761,0.350116],"pipPosition":[-26.9935,219.177,-10.0021],"stabilizedTipPosition":[-27.2545,203.829,-7.92083],"timeVisible":136.204,"tipPosition":[-29.9047,208.452,29.8078],"tipVelocity":[2.29473,5.48037,22.3854],"tool":false,"touchDistance":0.333333,"touchZone":"none","type":2,"width":18.9972},{"bases":[[[0.93427,-0.332745,0.128139],[0.31689,0.939591,0.129416],[-0.163461,-0.0803037,0.983276]],[[0.932083,-0.333753,0.140816],[0.204678,0.164501,-0.964907],[0.298877,0.928196,0.221641]],[[0.932083,-0.333753,0.140816],[-0.241288,-0.861969,-0.445859],[0.270186,0.3816,-0.883958]],[[0.932083,-0.333753,0.140816],[-0.347272,-0.933885,0.0852102],[0.103067,-0.128325,-0.986362]]],"btipPosition":[-16.6635,211.184,40.3322],"carpPosition":[-4.1386,255.799,68.9108],"dipPosition":[-14.7378,208.786,21.903],"direction":[-0.270186,-0.3816,0.883958],"extended":false,"handId":506,"id":5063,"length":64.4285,"mcpPosition":[6.10061,260.829,7.31842],"pipPosition":[-7.25308,219.357,-2.5844],"stabilizedTipPosition":[-13.3497,206.442,-1.77863],"timeVisible":136.204,"tipPosition":[-16.0918,210.509,35.9677],"tipVelocity":[1.05848,5.08928,23.5468],"tool":false,"touchDistance":0.333333,"touchZone":"none","type":3,"width":18.077},{"bases":[[[0.843784,-0.490446,0.217925],[0.442651,0.865589,0.234129],[-0.303461,-0.10109,0.947466]],[[0.851706,-0.487523,0.192142],[0.322766,0.199206,-0.925278],[0.412818,0.850081,0.327021]],[[0.851706,-0.487523,0.192142],[-0.324097,-0.778205,-0.53792],[0.411774,0.395877,-0.820806]],[[0.851706,-0.487523,0.192142],[-0.492459,-0.86999,-0.024514],[0.179113,-0.0737434,-0.981061]]],"btipPosition":[-1.33873,216.066,36.193],"carpPosition":[6.80308,246.734,69.7309],"dipPosition":[1.7486,214.795,19.2827],"direction":[-0.411774,-0.395877,0.820806],"extended":false,"handId":506,"id":5064,"length":50.5107,"mcpPosition":[24.3993,252.596,14.7919],"pipPosition":[9.80241,222.538,3.22868],"stabilizedTipPosition":[2.21424,212.11,-6.08053],"timeVisible":136.204,"tipPosition":[-0.504857,215.644,32.2059],"tipVelocity":[1.19749,5.10355,24.5699],"tool":false,"touchDistance":0.333333,"touchZone":"none","type":4,"width":16.0574}],"r":[[0.748224,-0.0740456,0.659301],[0.661992,0.149091,-0.734533],[-0.0439069,0.986047,0.160571]],"s":1.33093,"t":[0.15431,-7.45651,17.3833],"timestamp":97950677901},false],[1,{"currentFrameRate":108.137,"devices":[],"gestures":[],"hands":[{"armBasis":[[0.946469,0.148387,-0.286667],[0.0667963,0.778822,0.623679],[0.315808,-0.609441,0.727219]],"armWidth":63.72,"confidence":0.646284,"direction":[0.0600771,0.236144,-0.969859],"elbow":[76.1198,80.6538,274.464],"grabStrength":0,"id":506,"palmNormal":[-0.101048,-0.965184,-0.241265],"palmPosition":[-13.9107,254.643,24.44],"palmVelocity":[9.09904,16.8229,41.3145],"palmWidth":90.99,"pinchStrength":0.650303,"r":[[0.747825,-0.0744267,0.65971],[0.662507,0.147894,-0.734311],[-0.0429148,0.986199,0.159907]],"s":1.3309,"sphereCenter":[-34.6408,239.022,-3.73369],"sphereRadius":50.1229,"stabilizedPalmPosition":[-14.0334,252.442,-7.65857],"t":[0.279331,-7.21458,17.7965],"timeVisible":136.214,"type":"right","wrist":[-9.14841,245.203,78.1148]}],"id":1812713,"interactionBox":{"center":[0,200,0],"size":[235.247,235.247,147.751]},"pointables":[{"bases":[[[0.501711,0.864098,0.040274],[-0.777469,0.430022,0.458936],[0.379247,-0.261565,0.887556]],[[0.44351,0.892258,-0.0847074],[-0.886989,0.423388,-0.184372],[-0.128643,0.156905,0.9792]],[[0.44351,0.892258,-0.0847074],[-0.768454,0.329918,-0.548299],[-0.461278,0.30827,0.831981]],[[0.44351,0.892258,-0.0847074],[-0.290329,0.0536079,-0.955424],[-0.847944,0.448333,0.282823]]],"btipPosition":[3.23831,208.342,-6.01008],"carpPosition":[-38.7557,237.178,77.8552],"dipPosition":[-16.6066,218.835,0.609009],"direction":[0.461278,-0.30827,-0.831981],"extended":false,"handId":506,"id":5060,"length":52.1164,"mcpPosition":[-38.7557,237.178,77.8552],"pipPosition":[-32.3342,229.346,28.9759],"stabilizedTipPosition":[0.152237,210.151,-35.055],"timeVisible":136.214,"tipPosition":[-1.31567,210.755,-4.21296],"tipVelocity":[0.200652,12.6884,39.3426],"tool":false,"touchDistance":0.391095,"touchZone":"hovering","type":0,"width":20.25},{"bases":[[[0.989055,-0.0712512,-0.129202],[0.0839819,0.99184,0.0959187],[0.121314,-0.10572,0.986968]],[[0.992054,-0.0922712,0.0855273],[0.0344001,0.852828,0.521058],[-0.121019,-0.513975,0.849226]],[[0.992054,-0.0922712,0.0855273],[0.0567602,0.934927,0.35027],[-0.112282,-0.342633,0.932736]],[[0.992054,-0.0922712,0.0855273],[0.0754941,0.980392,0.18202],[-0.100646,-0.174117,0.979568]]],"btipPosition":[-27.4199,298.786,-75.9067],"carpPosition":[-28.1276,257.67,72.47],"dipPosition":[-29.1394,295.811,-59.1702],"direction":[0.112282,0.342633,-0.932736],"extended":true,"handId":506,"id":5061,"length":58.8075,"mcpPosition":[-37.0526,265.448,-0.140864],"pipPosition":[-31.8533,287.529,-36.6256],"stabilizedTipPosition":[-29.7986,299.004,-100.185],"timeVisible":136.214,"tipPosition":[-27.6206,298.258,-71.99],"tipVelocity":[23.2088,10.7458,37.1828],"tool":false,"touchDistance":0.389372,"touchZone":"hovering","type":1,"width":19.3428},{"bases":[[[0.967446,-0.252913,-0.00911728],[0.252627,0.962953,0.0943401],[-0.0150803,-0.0935722,0.995498]],[[0.967135,-0.254213,0.0049865],[0.0581909,0.202207,-0.977613],[0.247514,0.945774,0.210354]],[[0.967135,-0.254213,0.0049865],[-0.226439,-0.870061,-0.437858],[0.115648,0.422339,-0.89903]],[[0.967135,-0.254213,0.0049865],[-0.253255,-0.961375,0.107795],[-0.022609,-0.105515,-0.994161]]],"btipPosition":[-29.7505,209.467,35.1325],"carpPosition":[-16.0086,258.553,70.4781],"dipPosition":[-30.1753,207.485,16.4502],"direction":[-0.115648,-0.422339,0.89903],"extended":false,"handId":506,"id":5062,"length":67.0064,"mcpPosition":[-14.9565,265.081,1.02417],"pipPosition":[-26.8867,219.494,-9.115],"stabilizedTipPosition":[-27.2546,203.83,-7.92025],"timeVisible":136.214,"tipPosition":[-29.8657,208.976,30.7446],"tipVelocity":[2.86558,19.9769,44.737],"tool":false,"touchDistance":0.333333,"touchZone":"none","type":2,"width":18.9972},{"bases":[[[0.932867,-0.335793,0.130392],[0.320492,0.93895,0.125134],[-0.164451,-0.0749436,0.983534]],[[0.930614,-0.336754,0.14337],[0.20689,0.160875,-0.965047],[0.301918,0.927748,0.219383]],[[0.930614,-0.336754,0.14337],[-0.243787,-0.862502,-0.443461],[0.272994,0.377739,-0.884753]],[[0.930614,-0.336754,0.14337],[-0.35096,-0.932201,0.088482],[0.103853,-0.13266,-0.985706]]],"btipPosition":[-16.6332,211.662,41.1507],"carpPosition":[-3.94193,256.405,69.6349],"dipPosition":[-14.6928,209.184,22.7338],"direction":[-0.272994,-0.377739,0.884753],"extended":false,"handId":506,"id":5063,"length":64.4285,"mcpPosition":[6.35927,261.099,8.0263],"pipPosition":[-7.13033,219.648,-1.77566],"stabilizedTipPosition":[-13.3497,206.442,-1.77823],"timeVisible":136.214,"tipPosition":[-16.061,210.988,36.8378],"tipVelocity":[1.78978,17.6796,42.0435],"tool":false,"touchDistance":0.333333,"touchZone":"none","type":3,"width":18.077},{"bases":[[[0.8417,-0.492705,0.220869],[0.445889,0.864957,0.230289],[-0.304507,-0.0953514,0.947726]],[[0.849621,-0.489949,0.195179],[0.324235,0.193367,-0.926003],[0.415953,0.850035,0.323147]],[[0.849621,-0.489949,0.195179],[-0.326802,-0.77956,-0.53431],[0.413938,0.390175,-0.822446]],[[0.849621,-0.489949,0.195179],[-0.495895,-0.868138,-0.020601],[0.179536,-0.0792854,-0.980551]]],"btipPosition":[-1.27816,216.509,37.1135],"carpPosition":[6.96347,247.301,70.5061],"dipPosition":[1.81647,215.142,20.2119],"direction":[-0.413938,-0.390175,0.822446],"extended":false,"handId":506,"id":5064,"length":50.5107,"mcpPosition":[24.6204,252.83,15.552],"pipPosition":[9.91261,222.774,4.12582],"stabilizedTipPosition":[2.21422,212.11,-6.08023],"timeVisible":136.214,"tipPosition":[-0.443478,216.064,33.1287],"tipVelocity":[2.76217,16.517,45.8637],"tool":false,"touchDistance":0.333333,"touchZone":"none","type":4,"width":16.0574}],"r":[[0.747825,-0.0744267,0.65971],[0.662507,0.147894,-0.734311],[-0.0429148,0.986199,0.159907]],"s":1.3309,"t":[0.279331,-7.21458,17.7965],"timestamp":97950686994},false],[2,{"currentFrameRate":108.097,"devices":[],"gestures":[],"hands":[{"armBasis":[[0.946708,0.145437,-0.287388],[0.0696973,0.778612,0.623623],[0.314461,-0.610419,0.726982]],"armWidth":63.72,"confidence":0.651525,"direction":[0.0609097,0.231555,-0.970913],"elbow":[76.0196,81.0291,275.055],"grabStrength":0,"id":506,"palmNormal":[-0.105103,-0.965824,-0.236935],"palmPosition":[-13.6161,255.062,25.0543],"palmVelocity":[15.4622,24.7876,48.2647],"palmWidth":90.99,"pinchStrength":0.648502,"r":[[0.747463,-0.0747636,0.660083],[0.663019,0.145727,-0.734281],[-0.0412945,0.986496,0.158495]],"s":1.33079,"sphereCenter":[-34.4409,239.415,-3.05431],"sphereRadius":50.1233,"stabilizedPalmPosition":[-14.0334,252.443,-7.65451],"t":[0.48911,-6.88395,18.3103],"timeVisible":136.223,"type":"right","wrist":[-8.88492,245.842,78.7701]}],"id":1812714,"interactionBox":{"center":[0,200,0],"size":[235.247,235.247,147.751]},"pointables":[{"bases":[[[0.505309,0.862173,0.0363431],[-0.775601,0.435302,0.457115],[0.378292,-0.259172,0.888665]],[[0.446832,0.89013,-0.089501],[-0.885525,0.425843,-0.185751],[-0.127229,0.162255,0.978512]],[[0.446832,0.89013,-0.089501],[-0.768172,0.330474,-0.548361],[-0.458534,0.313777,0.831439]],[[0.446832,0.89013,-0.089501],[-0.292781,0.0509662,-0.95482],[-0.845352,0.452848,0.283387]]],"btipPosition":[3.24388,208.544,-5.27532],"carpPosition":[-38.5254,237.94,78.5503],"dipPosition":[-16.5404,219.142,1.35695],"direction":[0.458535,-0.313777,-0.831439],"extended":false,"handId":506,"id":5060,"length":52.1164,"mcpPosition":[-38.5254,237.94,78.5503],"pipPosition":[-32.1744,229.84,29.7053],"stabilizedTipPosition":[0.152061,210.152,-35.0512],"timeVisible":136.223,"tipPosition":[-1.26389,210.987,-3.4609],"tipVelocity":[0.73603,15.9457,50.6],"tool":false,"touchDistance":0.396385,"touchZone":"hovering","type":0,"width":20.25},{"bases":[[[0.98873,-0.0759452,-0.129017],[0.0881248,0.991901,0.0914731],[0.121025,-0.101812,0.987414]],[[0.991675,-0.0960175,0.0858034],[0.038009,0.854907,0.517386],[-0.123032,-0.509818,0.851439]],[[0.991675,-0.0960175,0.0858034],[0.0607338,0.936322,0.345851],[-0.113547,-0.33776,0.934358]],[[0.991675,-0.0960175,0.0858034],[0.0796679,0.980982,0.176996],[-0.101166,-0.168686,0.980464]]],"btipPosition":[-26.9579,298.802,-75.4871],"carpPosition":[-27.8129,258.363,73.0721],"dipPosition":[-28.6864,295.92,-58.7352],"direction":[0.113547,0.33776,-0.934358],"extended":true,"handId":506,"id":5061,"length":58.8075,"mcpPosition":[-36.7167,265.853,0.428458],"pipPosition":[-31.4309,287.756,-36.1514],"stabilizedTipPosition":[-29.7952,299.003,-100.144],"timeVisible":136.223,"tipPosition":[-27.1622,298.297,-71.5684],"tipVelocity":[30.5971,8.85266,39.5056],"tool":false,"touchDistance":0.390117,"touchZone":"hovering","type":1,"width":19.3428},{"bases":[[[0.966383,-0.256977,-0.00811827],[0.256648,0.962305,0.0900007],[-0.0153158,-0.0890587,0.995909]],[[0.96607,-0.258211,0.00597316],[0.0588496,0.197544,-0.978526],[0.251486,0.945676,0.206037]],[[0.96607,-0.258211,0.00597316],[-0.230149,-0.871114,-0.433812],[0.117218,0.417718,-0.900984]],[[0.96607,-0.258211,0.00597316],[-0.257231,-0.959806,0.112275],[-0.0232575,-0.110002,-0.993659]]],"btipPosition":[-29.64,210.007,35.9546],"carpPosition":[-15.6906,259.186,71.0747],"dipPosition":[-30.0771,207.94,17.2818],"direction":[-0.117218,-0.417718,0.900984],"extended":false,"handId":506,"id":5062,"length":67.0064,"mcpPosition":[-14.6221,265.4,1.59211],"pipPosition":[-26.7438,219.818,-8.33893],"stabilizedTipPosition":[-27.2547,203.83,-7.91896],"timeVisible":136.223,"tipPosition":[-29.7588,209.494,31.5686],"tipVelocity":[5.32028,30.1,57.0951],"tool":false,"touchDistance":0.333333,"touchZone":"none","type":2,"width":18.9972},{"bases":[[[0.931481,-0.339088,0.131765],[0.324417,0.938157,0.120892],[-0.164609,-0.069862,0.983882]],[[0.929205,-0.339989,0.144864],[0.208274,0.157951,-0.965232],[0.305287,0.92707,0.21758]],[[0.929205,-0.339989,0.144864],[-0.24683,-0.862682,-0.441424],[0.275051,0.374417,-0.885528]],[[0.929205,-0.339989,0.144864],[-0.354734,-0.930467,0.0916198],[0.103641,-0.136522,-0.985201]]],"btipPosition":[-16.518,212.118,41.8261],"carpPosition":[-3.63316,256.984,70.2394],"dipPosition":[-14.5816,209.567,23.4186],"direction":[-0.275051,-0.374417,0.885528],"extended":false,"handId":506,"id":5063,"length":64.4285,"mcpPosition":[6.67797,261.361,8.60907],"pipPosition":[-6.96213,219.939,-1.11232],"stabilizedTipPosition":[-13.3498,206.442,-1.7773],"timeVisible":136.223,"tipPosition":[-15.9532,211.451,37.5694],"tipVelocity":[4.75142,26.009,50.7086],"tool":false,"touchDistance":0.333333,"touchZone":"none","type":3,"width":18.077},{"bases":[[[0.839676,-0.495213,0.222955],[0.449521,0.864113,0.22636],[-0.304755,-0.0898464,0.948184]],[[0.847544,-0.492627,0.197455],[0.325075,0.187772,-0.926859],[0.419519,0.849742,0.319285]],[[0.847544,-0.492627,0.197455],[-0.330084,-0.780624,-0.530727],[0.415589,0.384637,-0.824221]],[[0.847544,-0.492627,0.197455],[-0.499557,-0.866122,-0.0166027],[0.179199,-0.0845687,-0.980171]]],"btipPosition":[-1.14545,216.938,37.8953],"carpPosition":[7.23438,247.84,71.1498],"dipPosition":[1.94337,215.48,21.0003],"direction":[-0.415589,-0.384638,0.824221],"extended":false,"handId":506,"id":5064,"length":50.5107,"mcpPosition":[24.9056,253.05,16.1692],"pipPosition":[10.0718,223.003,4.87954],"stabilizedTipPosition":[2.21418,212.11,-6.07963],"timeVisible":136.223,"tipPosition":[-0.312311,216.471,33.914],"tipVelocity":[5.96695,24.2255,56.6596],"tool":false,"touchDistance":0.333333,"touchZone":"none","type":4,"width":16.0574}],"r":[[0.747463,-0.0747636,0.660083],[0.663019,0.145727,-0.734281],[-0.0412945,0.986496,0.158495]],"s":1.33079,"t":[0.48911,-6.88395,18.3103],"timestamp":97950696317},false],[3,{"currentFrameRate":108.17,"devices":[],"gestures":[],"hands":[{"armBasis":[[0.946851,0.143635,-0.287822],[0.0714649,0.778478,0.62359],[0.313632,-0.611017,0.726838]],"armWidth":63.72,"confidence":0.658629,"direction":[0.0613988,0.228753,-0.971546],"elbow":[75.9574,81.2578,275.415],"grabStrength":0,"id":506,"palmNormal":[-0.107577,-0.966196,-0.234292],"palmPosition":[-13.4367,255.317,25.4286],"palmVelocity":[16.6375,25.6909,46.2705],"palmWidth":90.99,"pinchStrength":0.647448,"r":[[0.747146,-0.0750518,0.660408],[0.663485,0.143256,-0.734347],[-0.0394935,0.986836,0.156829]],"s":1.33066,"sphereCenter":[-34.3585,239.693,-2.64557],"sphereRadius":50.143,"stabilizedPalmPosition":[-14.0332,252.443,-7.64609],"t":[0.683742,-6.59087,18.7543],"timeVisible":136.232,"type":"right","wrist":[-8.72341,246.232,79.1688]}],"id":1812715,"interactionBox":{"center":[0,200,0],"size":[235.247,235.247,147.751]},"pointables":[{"bases":[[[0.5075,0.860983,0.0339458],[-0.774448,0.438513,0.456001],[0.377723,-0.257709,0.889332]],[[0.448879,0.888806,-0.0923689],[-0.884585,0.427333,-0.186805],[-0.126561,0.165561,0.978045]],[[0.448879,0.888806,-0.0923689],[-0.767935,0.330834,-0.548475],[-0.456929,0.317132,0.831049]],[[0.448879,0.888806,-0.0923689],[-0.294859,0.0497449,-0.954245],[-0.843544,0.455576,0.284402]]],"btipPosition":[3.25498,208.665,-4.83938],"carpPosition":[-38.3839,238.404,78.9734],"dipPosition":[-16.487,219.327,1.81665],"direction":[0.456929,-0.317132,-0.831049],"extended":false,"handId":506,"id":5060,"length":52.1164,"mcpPosition":[-38.3839,238.404,78.9734],"pipPosition":[-32.0663,230.14,30.1518],"stabilizedTipPosition":[0.151892,210.152,-35.0475],"timeVisible":136.232,"tipPosition":[-1.22833,211.127,-3.0104],"tipVelocity":[1.16628,15.665,50.0011],"tool":false,"touchDistance":0.396701,"touchZone":"hovering","type":0,"width":20.25},{"bases":[[[0.988521,-0.0788056,-0.128903],[0.090651,0.991919,0.0887614],[0.120866,-0.0994277,0.987677]],[[0.99144,-0.0982968,0.0859323],[0.0400647,0.855464,0.51631],[-0.124264,-0.508447,0.85208]],[[0.99144,-0.0982968,0.0859323],[0.0630693,0.936852,0.343993],[-0.114319,-0.335629,0.935032]],[[0.99144,-0.0982968,0.0859323],[0.0821774,0.981253,0.174324],[-0.101457,-0.165771,0.980932]]],"btipPosition":[-26.677,298.889,-75.1917],"carpPosition":[-27.6201,258.785,73.4386],"dipPosition":[-28.4104,296.057,-58.4319],"direction":[0.114319,0.335629,-0.935032],"extended":true,"handId":506,"id":5061,"length":58.8075,"mcpPosition":[-36.5122,266.1,0.77562],"pipPosition":[-31.1736,287.944,-35.8318],"stabilizedTipPosition":[-29.7893,299.001,-100.083],"timeVisible":136.232,"tipPosition":[-26.89,298.361,-71.2886],"tipVelocity":[30.6288,9.38733,37.5945],"tool":false,"touchDistance":0.388897,"touchZone":"hovering","type":1,"width":19.3428},{"bases":[[[0.965727,-0.25945,-0.0075091],[0.259099,0.961892,0.0873537],[-0.015441,-0.0863055,0.996149]],[[0.965413,-0.260644,0.00656869],[0.059222,0.194681,-0.979077],[0.253911,0.945603,0.203384]],[[0.965413,-0.260644,0.00656869],[-0.232424,-0.871757,-0.431299],[0.118142,0.414855,-0.902185]],[[0.965413,-0.260644,0.00656869],[-0.259648,-0.958825,0.115054],[-0.02369,-0.112781,-0.993337]]],"btipPosition":[-29.5717,210.338,36.4569],"carpPosition":[-15.496,259.573,71.4377],"dipPosition":[-30.0169,208.219,17.7901],"direction":[-0.118142,-0.414855,0.902185],"extended":false,"handId":506,"id":5062,"length":67.0064,"mcpPosition":[-14.4187,265.594,1.93842],"pipPosition":[-26.6574,220.016,-7.86475],"stabilizedTipPosition":[-27.2548,203.83,-7.91666],"timeVisible":136.232,"tipPosition":[-29.693,209.812,32.0719],"tipVelocity":[5.86793,31.4694,56.5907],"tool":false,"touchDistance":0.333333,"touchZone":"none","type":2,"width":18.9972},{"bases":[[[0.930631,-0.341091,0.132601],[0.326809,0.937657,0.118305],[-0.164687,-0.0667628,0.984084]],[[0.928338,-0.341956,0.14579],[0.209584,0.157552,-0.965014],[0.307023,0.926414,0.21793]],[[0.928338,-0.341956,0.14579],[-0.248302,-0.862274,-0.441396],[0.276648,0.373565,-0.88539]],[[0.928338,-0.341956,0.14579],[-0.356952,-0.929507,0.0927461],[0.103797,-0.13814,-0.984959]]],"btipPosition":[-16.449,212.36,42.1574],"carpPosition":[-3.44425,257.338,70.6074],"dipPosition":[-14.5097,209.779,23.7544],"direction":[-0.276648,-0.373565,0.88539],"extended":false,"handId":506,"id":5063,"length":64.4285,"mcpPosition":[6.87171,261.52,8.96435],"pipPosition":[-6.84594,220.128,-0.772666],"stabilizedTipPosition":[-13.3499,206.443,-1.77552],"timeVisible":136.232,"tipPosition":[-15.89,211.715,37.9633],"tipVelocity":[5.55491,25.9587,46.759],"tool":false,"touchDistance":0.333333,"touchZone":"none","type":3,"width":18.077},{"bases":[[[0.838439,-0.496733,0.224224],[0.451736,0.863583,0.223962],[-0.304886,-0.0864886,0.948454]],[[0.846249,-0.494258,0.198926],[0.325743,0.184519,-0.927278],[0.421609,0.849507,0.31715]],[[0.846249,-0.494258,0.198926],[-0.331987,-0.781199,-0.52869],[0.41671,0.381362,-0.825176]],[[0.846249,-0.494258,0.198926],[-0.501786,-0.864875,-0.014254],[0.179091,-0.0877557,-0.979911]]],"btipPosition":[-1.06606,217.199,38.3612],"carpPosition":[7.40014,248.168,71.5417],"dipPosition":[2.0209,215.686,21.4707],"direction":[-0.41671,-0.381362,0.825176],"extended":false,"handId":506,"id":5064,"length":50.5107,"mcpPosition":[25.079,253.183,16.5454],"pipPosition":[10.1712,223.145,5.33123],"stabilizedTipPosition":[2.21412,212.11,-6.07862],"timeVisible":136.232,"tipPosition":[-0.234029,216.72,34.387],"tipVelocity":[6.71583,25.0623,55.1564],"tool":false,"touchDistance":0.333333,"touchZone":"none","type":4,"width":16.0574}],"r":[[0.747146,-0.0750518,0.660408],[0.663485,0.143256,-0.734347],[-0.0394935,0.986836,0.156829]],"s":1.33066,"t":[0.683742,-6.59087,18.7543],"timestamp":97950705429},false],[4,{"currentFrameRate":108.198,"devices":[],"gestures":[],"hands":[{"armBasis":[[0.946941,0.142485,-0.288097],[0.0725909,0.77839,0.62357],[0.313101,-0.611398,0.726747]],"armWidth":63.72,"confidence":0.66517,"direction":[0.0617032,0.226966,-0.971946],"elbow":[75.9172,81.4035,275.644],"grabStrength":0,"id":506,"palmNormal":[-0.109155,-0.966426,-0.232607],"palmPosition":[-13.3223,255.48,25.667],"palmVelocity":[15.4636,23.4593,40.5867],"palmWidth":90.99,"pinchStrength":0.646654,"r":[[0.746878,-0.0752938,0.660685],[0.66389,0.140809,-0.734454],[-0.0377306,0.98717,0.155154]],"s":1.33045,"sphereCenter":[-34.3257,239.873,-2.39505],"sphereRadius":50.1587,"stabilizedPalmPosition":[-14.0329,252.445,-7.63099],"t":[0.838231,-6.36294,19.0956],"timeVisible":136.241,"type":"right","wrist":[-8.62014,246.481,79.4227]}],"id":1812716,"interactionBox":{"center":[0,200,0],"size":[235.247,235.247,147.751]},"pointables":[{"bases":[[[0.508893,0.860219,0.0324178],[-0.773707,0.440556,0.455288],[0.377366,-0.256775,0.889754]],[[0.450269,0.887929,-0.0940212],[-0.883903,0.428352,-0.187699],[-0.126389,0.167621,0.977716]],[[0.450269,0.887929,-0.0940212],[-0.767744,0.331244,-0.548494],[-0.45588,0.319154,0.830851]],[[0.450269,0.887929,-0.0940212],[-0.296236,0.0492203,-0.953846],[-0.84232,0.457339,0.285199]]],"btipPosition":[3.27262,208.748,-4.56552],"carpPosition":[-38.2932,238.7,79.2428],"dipPosition":[-16.4407,219.451,2.10916],"direction":[0.45588,-0.319154,-0.830851],"extended":false,"handId":506,"id":5060,"length":52.1164,"mcpPosition":[-38.2932,238.7,79.2428],"pipPosition":[-31.9842,230.333,30.4375],"stabilizedTipPosition":[0.151724,210.152,-35.0437],"timeVisible":136.241,"tipPosition":[-1.19958,211.22,-2.72674],"tipVelocity":[1.57707,14.1022,44.4815],"tool":false,"touchDistance":0.394537,"touchZone":"hovering","type":0,"width":20.25},{"bases":[[[0.988384,-0.0806279,-0.128829],[0.0922609,0.991924,0.0870329],[0.120772,-0.0979078,0.98784]],[[0.991287,-0.0997494,0.0860218],[0.04134,0.855683,0.515846],[-0.125063,-0.507796,0.852351]],[[0.991287,-0.0997494,0.0860218],[0.0645702,0.937223,0.342701],[-0.114806,-0.334161,0.935498]],[[0.991287,-0.0997494,0.0860218],[0.0838262,0.981499,0.172143],[-0.101601,-0.163432,0.981309]]],"btipPosition":[-26.4982,298.943,-74.9998],"carpPosition":[-27.4969,259.055,73.6719],"dipPosition":[-28.2342,296.15,-58.2335],"direction":[0.114806,0.334161,-0.935498],"extended":true,"handId":506,"id":5061,"length":58.8075,"mcpPosition":[-36.3821,266.258,0.99688],"pipPosition":[-31.0091,288.074,-35.6222],"stabilizedTipPosition":[-29.7805,298.999,-99.9937],"timeVisible":136.241,"tipPosition":[-26.7184,298.401,-71.1078],"tipVelocity":[27.4838,8.68,32.9648],"tool":false,"touchDistance":0.386241,"touchZone":"hovering","type":1,"width":19.3428},{"bases":[[[0.965306,-0.261024,-0.00712087],[0.26066,0.961622,0.0856665],[-0.0155134,-0.0845505,0.996298]],[[0.964994,-0.262182,0.00683202],[0.0597717,0.194484,-0.979083],[0.25537,0.945218,0.203347]],[[0.964994,-0.262182,0.00683202],[-0.233738,-0.871534,-0.43104],[0.118965,0.414354,-0.902307]],[[0.964994,-0.262182,0.00683202],[-0.261183,-0.958292,0.116014],[-0.0238698,-0.113738,-0.993224]]],"btipPosition":[-29.5327,210.512,36.6808],"carpPosition":[-15.3717,259.819,71.6689],"dipPosition":[-29.9812,208.375,18.0161],"direction":[-0.118965,-0.414354,0.902307],"extended":false,"handId":506,"id":5062,"length":67.0064,"mcpPosition":[-14.2894,265.718,2.15913],"pipPosition":[-26.5983,220.158,-7.64226],"stabilizedTipPosition":[-27.255,203.831,-7.91287],"timeVisible":136.241,"tipPosition":[-29.6527,209.996,32.3361],"tipVelocity":[5.39145,27.8481,47.5917],"tool":false,"touchDistance":0.333333,"touchZone":"none","type":2,"width":18.9972},{"bases":[[[0.930087,-0.342365,0.133133],[0.328333,0.937331,0.116655],[-0.164728,-0.0647874,0.984209]],[[0.927778,-0.343208,0.146408],[0.21076,0.158233,-0.964646],[0.307908,0.925835,0.21914]],[[0.927778,-0.343208,0.146408],[-0.248986,-0.861688,-0.442153],[0.277909,0.373766,-0.88491]],[[0.927778,-0.343208,0.146408],[-0.35832,-0.928954,0.0930091],[0.104085,-0.138753,-0.984842]]],"btipPosition":[-16.4056,212.494,42.3142],"carpPosition":[-3.32361,257.563,70.8416],"dipPosition":[-14.4609,209.901,23.9134],"direction":[-0.277909,-0.373766,0.88491],"extended":false,"handId":506,"id":5063,"length":64.4285,"mcpPosition":[6.99495,261.621,9.19075],"pipPosition":[-6.76225,220.255,-0.600344],"stabilizedTipPosition":[-13.3501,206.443,-1.77241],"timeVisible":136.241,"tipPosition":[-15.8516,211.871,38.1769],"tipVelocity":[5.35976,22.6692,38.4721],"tool":false,"touchDistance":0.333333,"touchZone":"none","type":3,"width":18.077},{"bases":[[[0.837649,-0.497699,0.225032],[0.453147,0.863239,0.222433],[-0.304961,-0.0843483,0.948622]],[[0.8454,-0.495301,0.199939],[0.326199,0.182346,-0.927547],[0.422957,0.849368,0.315722]],[[0.8454,-0.495301,0.199939],[-0.333213,-0.781604,-0.527317],[0.417454,0.379172,-0.825809]],[[0.8454,-0.495301,0.199939],[-0.50323,-0.864059,-0.0126999],[0.179049,-0.0898787,-0.979726]]],"btipPosition":[-1.01732,217.368,38.6606],"carpPosition":[7.506,248.377,71.7911],"dipPosition":[2.06892,215.819,21.7732],"direction":[-0.417454,-0.379172,0.825809],"extended":false,"handId":506,"id":5064,"length":50.5107,"mcpPosition":[25.1892,253.268,16.7851],"pipPosition":[10.2338,223.235,5.62139],"stabilizedTipPosition":[2.21402,212.11,-6.07704],"timeVisible":136.241,"tipPosition":[-0.185472,216.881,34.69],"tipVelocity":[6.31559,22.9519,48.8628],"tool":false,"touchDistance":0.333333,"touchZone":"none","type":4,"width":16.0574}],"r":[[0.746878,-0.0752938,0.660685],[0.66389,0.140809,-0.734454],[-0.0377306,0.98717,0.155154]],"s":1.33045,"t":[0.838231,-6.36294,19.0956],"timestamp":97950714622},false],[5,{"currentFrameRate":108.112,"devices":[],"gestures":[],"hands":[{"armBasis":[[0.946849,0.142815,-0.288236],[0.0724038,0.778431,0.62354],[0.313423,-0.611268,0.726717]],"armWidth":63.72,"confidence":0.665346,"direction":[0.0636092,0.22561,-0.972139],"elbow":[76.0262,81.7,275.671],"grabStrength":0,"id":506,"palmNormal":[-0.109972,-0.966595,-0.231519],"palmPosition":[-13.1992,255.677,25.6823],"palmVelocity":[14.7868,22.7309,29.4837],"palmWidth":90.99,"pinchStrength":0.646551,"r":[[0.746422,-0.0754985,0.661176],[0.664491,0.138492,-0.734351],[-0.036125,0.987482,0.153541]],"s":1.33024,"sphereCenter":[-34.2335,240.089,-2.4078],"sphereRadius":50.1809,"stabilizedPalmPosition":[-14.0321,252.448,-7.59981],"t":[0.977018,-6.15068,19.2738],"timeVisible":136.251,"type":"right","wrist":[-8.59805,246.742,79.4575]}],"id":1812717,"interactionBox":{"center":[0,200,0],"size":[235.247,235.247,147.751]},"pointables":[{"bases":[[[0.509911,0.859627,0.0321382],[-0.773916,0.442118,0.453415],[0.375559,-0.256074,0.89072]],[[0.451572,0.887231,-0.0943546],[-0.882994,0.429209,-0.190004],[-0.12808,0.169115,0.977239]],[[0.451572,0.887231,-0.0943546],[-0.76645,0.331598,-0.550088],[-0.456768,0.320723,0.829759]],[[0.451572,0.887231,-0.0943546],[-0.294885,0.0486005,-0.954296],[-0.842096,0.458758,0.283578]]],"btipPosition":[3.39477,208.885,-4.47105],"carpPosition":[-38.2805,238.999,79.2382],"dipPosition":[-16.3133,219.622,2.1657],"direction":[0.456768,-0.320723,-0.829759],"extended":false,"handId":506,"id":5060,"length":52.1164,"mcpPosition":[-38.2805,238.999,79.2382],"pipPosition":[-31.8871,230.557,30.4568],"stabilizedTipPosition":[0.151516,210.152,-35.0385],"timeVisible":136.251,"tipPosition":[-1.08064,211.365,-2.64231],"tipVelocity":[4.86577,14.4637,34.4042],"tool":false,"touchDistance":0.389703,"touchZone":"hovering","type":0,"width":20.25},{"bases":[[[0.988496,-0.0820279,-0.127071],[0.0933525,0.991922,0.0858837],[0.119,-0.0967581,0.988168]],[[0.99103,-0.10086,0.0876769],[0.0414688,0.855763,0.515704],[-0.127044,-0.507442,0.852269]],[[0.99103,-0.10086,0.0876769],[0.0651618,0.937476,0.341896],[-0.116679,-0.333116,0.935639]],[[0.99103,-0.10086,0.0876769],[0.0848138,0.98168,0.170617],[-0.103279,-0.16165,0.981429]]],"btipPosition":[-26.1614,299.065,-75.0391],"carpPosition":[-27.4495,259.332,73.6587],"dipPosition":[-27.926,296.303,-58.2708],"direction":[0.116679,0.333116,-0.935639],"extended":true,"handId":506,"id":5061,"length":58.8075,"mcpPosition":[-36.2043,266.45,0.959501],"pipPosition":[-30.7462,288.251,-35.656],"stabilizedTipPosition":[-29.7625,298.996,-99.8325],"timeVisible":136.251,"tipPosition":[-26.3908,298.51,-71.1568],"tipVelocity":[29.6592,10.1129,22.3949],"tool":false,"touchDistance":0.380368,"touchZone":"hovering","type":1,"width":19.3428},{"bases":[[[0.96499,-0.262235,-0.00516444],[0.261716,0.961409,0.0848386],[-0.0172825,-0.08322,0.996381]],[[0.964659,-0.263361,0.00861747],[0.0620455,0.195238,-0.978791],[0.256093,0.944735,0.204678]],[[0.964659,-0.263361,0.00861747],[-0.233935,-0.871013,-0.431985],[0.121274,0.414702,-0.90184]],[[0.964659,-0.263361,0.00861747],[-0.26256,-0.957936,0.115851],[-0.0222556,-0.114019,-0.993229]]],"btipPosition":[-29.4884,210.698,36.6036],"carpPosition":[-15.32,260.078,71.6749],"dipPosition":[-29.9066,208.555,17.9389],"direction":[-0.121274,-0.414702,0.90184],"extended":false,"handId":506,"id":5062,"length":67.0064,"mcpPosition":[-14.1142,265.884,2.15939],"pipPosition":[-26.458,220.348,-7.70619],"stabilizedTipPosition":[-27.2555,203.832,-7.90499],"timeVisible":136.251,"tipPosition":[-29.5989,210.198,32.3087],"tipVelocity":[5.40834,25.4971,31.6924],"tool":false,"touchDistance":0.333333,"touchZone":"none","type":2,"width":18.9972},{"bases":[[[0.929436,-0.343347,0.135137],[0.329307,0.937074,0.115972],[-0.166452,-0.0632871,0.984017]],[[0.927101,-0.344171,0.148423],[0.212845,0.15749,-0.96431],[0.308512,0.925604,0.219264]],[[0.927101,-0.344171,0.148423],[-0.249109,-0.861683,-0.442094],[0.280049,0.372893,-0.884604]],[[0.927101,-0.344171,0.148423],[-0.359594,-0.928439,0.0932354],[0.105713,-0.139811,-0.984519]]],"btipPosition":[-16.3641,212.697,42.3353],"carpPosition":[-3.27338,257.806,70.8707],"dipPosition":[-14.389,210.085,23.9406],"direction":[-0.280049,-0.372893,0.884604],"extended":false,"handId":506,"id":5063,"length":64.4285,"mcpPosition":[7.15316,261.771,9.23195],"pipPosition":[-6.63104,220.415,-0.564695],"stabilizedTipPosition":[-13.3505,206.444,-1.76584],"timeVisible":136.251,"tipPosition":[-15.807,212.078,38.214],"tipVelocity":[5.30174,22.2491,28.1914],"tool":false,"touchDistance":0.333333,"touchZone":"none","type":3,"width":18.077},{"bases":[[[0.836651,-0.498444,0.227086],[0.453851,0.862966,0.222056],[-0.30665,-0.0827202,0.948221]],[[0.844374,-0.496114,0.202244],[0.328224,0.180665,-0.927162],[0.42344,0.849253,0.315385]],[[0.844374,-0.496114,0.202244],[-0.333239,-0.781928,-0.526821],[0.419504,0.377439,-0.825564]],[[0.844374,-0.496114,0.202244],[-0.504345,-0.863414,-0.0123409],[0.180743,-0.0915805,-0.979257]]],"btipPosition":[-0.968587,217.573,38.7422],"carpPosition":[7.54316,248.609,71.8504],"dipPosition":[2.14684,215.994,21.8629],"direction":[-0.419504,-0.377439,0.825564],"extended":false,"handId":506,"id":5064,"length":50.5107,"mcpPosition":[25.3243,253.405,16.8676],"pipPosition":[10.3518,223.376,5.71587],"stabilizedTipPosition":[2.21384,212.11,-6.07408],"timeVisible":136.251,"tipPosition":[-0.129837,217.078,34.7766],"tipVelocity":[6.19598,22.3962,37.4681],"tool":false,"touchDistance":0.333333,"touchZone":"none","type":4,"width":16.0574}],"r":[[0.746422,-0.0754985,0.661176],[0.664491,0.138492,-0.734351],[-0.036125,0.987482,0.153541]],"s":1.33024,"t":[0.977018,-6.15068,19.2738],"timestamp":97950724026},false],[6,{"currentFrameRate":108.202,"devices":[],"gestures":[],"hands":[{"armBasis":[[0.946644,0.143229,-0.288705],[0.0720263,0.779135,0.622704],[0.314129,-0.610274,0.727247]],"armWidth":63.72,"confidence":0.665711,"direction":[0.0666559,0.225232,-0.972022],"elbow":[76.2129,82.2508,275.731],"grabStrength":0,"id":506,"palmNormal":[-0.110865,-0.966485,-0.231551],"palmPosition":[-13.0402,255.951,25.5835],"palmVelocity":[15.5416,24.8026,18.3179],"palmWidth":90.99,"pinchStrength":0.646284,"r":[[0.745668,-0.0758602,0.661986],[0.665419,0.136385,-0.733906],[-0.0346104,0.987747,0.152176]],"s":1.33012,"sphereCenter":[-34.1375,240.465,-2.57273],"sphereRadius":50.236,"stabilizedPalmPosition":[-14.03,252.455,-7.52784],"t":[1.12592,-5.90737,19.3136],"timeVisible":136.26,"type":"right","wrist":[-8.60197,247.025,79.3738]}],"id":1812718,"interactionBox":{"center":[0,200,0],"size":[235.247,235.247,147.751]},"pointables":[{"bases":[[[0.511184,0.858826,0.0333076],[-0.774465,0.443474,0.451148],[0.372687,-0.256415,0.891827]],[[0.453294,0.886471,-0.0932438],[-0.881715,0.430581,-0.192816],[-0.130777,0.169617,0.976794]],[[0.453294,0.886471,-0.0932438],[-0.764456,0.332828,-0.552116],[-0.4584,0.321552,0.828537]],[[0.453294,0.886471,-0.0932438],[-0.292095,0.0488952,-0.955139],[-0.842143,0.460195,0.281097]]],"btipPosition":[3.57075,209.128,-4.51285],"carpPosition":[-38.2959,239.328,79.0745],"dipPosition":[-16.1384,219.898,2.06584],"direction":[0.4584,-0.321552,-0.828537],"extended":false,"handId":506,"id":5060,"length":52.1164,"mcpPosition":[-38.2959,239.328,79.0745],"pipPosition":[-31.7679,230.861,30.3153],"stabilizedTipPosition":[0.151051,210.153,-35.0251],"timeVisible":136.26,"tipPosition":[-0.909604,211.614,-2.70037],"tipVelocity":[8.87359,18.0865,23.2067],"tool":false,"touchDistance":0.383238,"touchZone":"hovering","type":0,"width":20.25},{"bases":[[[0.988712,-0.083632,-0.124313],[0.0946888,0.991797,0.0858634],[0.116112,-0.0966653,0.988521]],[[0.990664,-0.102374,0.090026],[0.0413179,0.854776,0.51735],[-0.129916,-0.508801,0.851025]],[[0.990664,-0.102374,0.090026],[0.0656856,0.937101,0.342822],[-0.11946,-0.333708,0.935077]],[[0.990664,-0.102374,0.090026],[0.0859302,0.981581,0.170628],[-0.105836,-0.161299,0.981214]]],"btipPosition":[-25.6825,299.435,-75.1338],"carpPosition":[-27.4173,259.643,73.5192],"dipPosition":[-27.4908,296.679,-58.3691],"direction":[0.11946,0.333708,-0.935077],"extended":true,"handId":506,"id":5061,"length":58.8075,"mcpPosition":[-35.9597,266.754,0.794143],"pipPosition":[-30.3782,288.613,-35.7679],"stabilizedTipPosition":[-29.7247,298.994,-99.5381],"timeVisible":136.26,"tipPosition":[-25.9206,298.838,-71.2721],"tipVelocity":[35.7391,18.6455,13.2897],"tool":false,"touchDistance":0.374232,"touchZone":"hovering","type":1,"width":19.3428},{"bases":[[[0.964583,-0.263767,-0.00242127],[0.263005,0.961017,0.0852926],[-0.0201705,-0.0829087,0.996353]],[[0.964217,-0.264877,0.0112154],[0.0653974,0.19664,-0.978292],[0.256921,0.94402,0.206926]],[[0.964217,-0.264877,0.0112154],[-0.233974,-0.870093,-0.433814],[0.124666,0.415667,-0.900932]],[[0.964217,-0.264877,0.0112154],[-0.264388,-0.957588,0.114564],[-0.0196056,-0.11343,-0.993353]]],"btipPosition":[-29.4343,210.963,36.3677],"carpPosition":[-15.2812,260.369,71.5688],"dipPosition":[-29.8027,208.831,17.7007],"direction":[-0.124666,-0.415667,0.900932],"extended":false,"handId":506,"id":5062,"length":67.0064,"mcpPosition":[-13.874,266.153,2.05529],"pipPosition":[-26.2577,220.651,-7.91861],"stabilizedTipPosition":[-27.2567,203.836,-7.88295],"timeVisible":136.26,"tipPosition":[-29.5314,210.48,32.1121],"tipVelocity":[5.9094,26.597,15.7218],"tool":false,"touchDistance":0.333333,"touchZone":"none","type":2,"width":18.9972},{"bases":[[[0.928512,-0.344782,0.137804],[0.330471,0.936583,0.11662],[-0.169273,-0.0627427,0.98357]],[[0.926135,-0.3456,0.151111],[0.215694,0.156588,-0.963824],[0.309436,0.925225,0.219566]],[[0.926135,-0.3456,0.151111],[-0.249356,-0.861564,-0.442186],[0.283012,0.371844,-0.884102]],[[0.926135,-0.3456,0.151111],[-0.361365,-0.927792,0.092828],[0.108118,-0.140578,-0.984149]]],"btipPosition":[-16.3183,212.995,42.2569],"carpPosition":[-3.23602,258.078,70.7986],"dipPosition":[-14.2982,210.369,23.8691],"direction":[-0.283012,-0.371844,0.884102],"extended":false,"handId":506,"id":5063,"length":64.4285,"mcpPosition":[7.36726,262.008,9.18782],"pipPosition":[-6.45821,220.669,-0.622294],"stabilizedTipPosition":[-13.3516,206.447,-1.74904],"timeVisible":136.26,"tipPosition":[-15.7534,212.368,38.1285],"tipVelocity":[5.54623,25.0659,18.0525],"tool":false,"touchDistance":0.333333,"touchZone":"none","type":3,"width":18.077},{"bases":[[[0.835228,-0.499706,0.229539],[0.454604,0.862308,0.223069],[-0.309402,-0.0819635,0.947392]],[[0.842889,-0.49744,0.205164],[0.331372,0.179463,-0.926275],[0.423947,0.848732,0.316105]],[[0.842889,-0.49744,0.205164],[-0.333019,-0.78174,-0.527239],[0.422654,0.37608,-0.824577]],[[0.842889,-0.49744,0.205164],[-0.505812,-0.862542,-0.0132549],[0.183556,-0.0926019,-0.978638]]],"btipPosition":[-0.917012,217.846,38.6952],"carpPosition":[7.56316,248.863,71.8108],"dipPosition":[2.2469,216.25,21.8266],"direction":[-0.422654,-0.37608,0.824577],"extended":false,"handId":506,"id":5064,"length":50.5107,"mcpPosition":[25.5039,253.616,16.8761],"pipPosition":[10.5135,223.605,5.69887],"stabilizedTipPosition":[2.21342,212.111,-6.0669],"timeVisible":136.26,"tipPosition":[-0.0655268,217.344,34.7309],"tipVelocity":[6.39322,24.4057,25.7466],"tool":false,"touchDistance":0.333333,"touchZone":"none","type":4,"width":16.0574}],"r":[[0.745668,-0.0758602,0.661986],[0.665419,0.136385,-0.733906],[-0.0346104,0.987747,0.152176]],