{"sensorType":"Leap","data":[[0,{"currentFrameRate":105.987,"devices":[],"gestures":[],"hands":[{"armBasis":[[0.964245,0.174477,-0.199471],[0.0140179,0.718055,0.695845],[0.26464,-0.673761,0.689936]],"armWidth":63.72,"confidence":0.644888,"direction":[-0.0543301,0.355215,-0.933204],"elbow":[61.7573,89.2007,262.715],"grabStrength":0,"id":506,"palmNormal":[0.00810522,-0.934397,-0.356141],"palmPosition":[-20.2056,286.056,24.8663],"palmVelocity":[-2.35633,8.3157,-120.752],"palmWidth":90.99,"pinchStrength":0.685558,"r":[[0.8291,-0.0891451,0.551947],[0.545034,0.348912,-0.762363],[-0.12462,0.932906,0.33787]],"s":1.22881,"sphereCenter":[-44.4524,268.906,-5.36092],"sphereRadius":49.5737,"stabilizedPalmPosition":[-21.9618,263.321,145.743],"t":[-5.9333,24.5006,19.6116],"timeVisible":106.749,"type":"right","wrist":[-9.69553,271.116,76.4328]}],"id":1809618,"interactionBox":{"center":[0,200,0],"size":[235.247,235.247,147.751]},"pointables":[{"bases":[[[0.383939,0.915894,0.117174],[-0.786,0.257588,0.562007],[0.484556,-0.307875,0.818791]],[[0.32056,0.947122,0.0142217],[-0.944197,0.320698,-0.0751307],[-0.0757188,0.0106558,0.997072]],[[0.32056,0.947122,0.0142217],[-0.924592,0.316126,-0.212589],[-0.205844,0.0549983,0.977038]],[[0.32056,0.947122,0.0142217],[-0.712196,0.250892,-0.655614],[-0.624514,0.200035,0.754962]]],"btipPosition":[-12.4732,251.953,-23.6079],"carpPosition":[-37.8871,259.042,77.1451],"dipPosition":[-27.089,256.635,-5.9391],"direction":[0.205844,-0.0549983,-0.977038],"extended":false,"handId":506,"id":5060,"length":52.1164,"mcpPosition":[-37.8871,259.042,77.1451],"pipPosition":[-34.1074,258.51,27.3736],"stabilizedTipPosition":[-39.0307,237.399,138.525],"timeVisible":106.749,"tipPosition":[-16.0364,253.303,-19.7678],"tipVelocity":[49.9392,-16.796,-99.827],"tool":false,"touchDistance":-0.450158,"touchZone":"touching","type":0,"width":20.25},{"bases":[[[0.975193,0.0861722,-0.203894],[-0.0408295,0.975334,0.216927],[0.217558,-0.20322,0.954657]],[[0.998461,0.0316712,0.04553],[-0.0522241,0.813268,0.579541],[-0.0186733,-0.581027,0.81367]],[[0.998461,0.0316712,0.04553],[-0.0461111,0.9302,0.364144],[-0.0308191,-0.365683,0.930229]],[[0.998461,0.0316712,0.04553],[-0.0381782,0.987947,0.15001],[-0.0402302,-0.151518,0.987636]]],"btipPosition":[-44.3449,332.671,-70.8125],"carpPosition":[-30.5738,281.331,73.7369],"dipPosition":[-45.0322,330.082,-53.9381],"direction":[0.0308191,0.365683,-0.930229],"extended":true,"handId":506,"id":5061,"length":58.8075,"mcpPosition":[-46.5794,296.281,3.50311],"pipPosition":[-45.7771,321.244,-31.4541],"stabilizedTipPosition":[-70.1509,320.058,99.5018],"timeVisible":106.749,"tipPosition":[-44.4742,331.291,-67.0024],"tipVelocity":[28.4007,-44.8156,-158.724],"tool":false,"touchDistance":-0.523563,"touchZone":"hovering","type":1,"width":19.3428},{"bases":[[[0.988196,-0.109618,-0.107015],[0.129413,0.971162,0.20024],[0.081979,-0.211725,0.973885]],[[0.988089,-0.109342,-0.10828],[-0.0266127,0.571625,-0.820083],[0.151565,0.813197,0.561907]],[[0.988089,-0.109342,-0.10828],[-0.153671,-0.664138,-0.731646],[0.00808696,0.739571,-0.67303]],[[0.988089,-0.109342,-0.10828],[-0.12587,-0.979071,-0.159926],[-0.0885272,0.17165,-0.981172]]],"btipPosition":[-30.4842,235.479,13.6068],"carpPosition":[-18.8928,284.16,71.0602],"dipPosition":[-32.1478,238.705,-4.83142],"direction":[-0.00808696,-0.739571,0.67303],"extended":false,"handId":506,"id":5062,"length":67.0064,"mcpPosition":[-24.6123,298.932,3.11416],"pipPosition":[-31.9178,259.735,-23.97],"stabilizedTipPosition":[-43.699,215.928,138.381],"timeVisible":106.749,"tipPosition":[-30.986,236.247,8.25881],"tipVelocity":[40.4268,-4.45335,-102.352],"tool":false,"touchDistance":0.333333,"touchZone":"none","type":2,"width":18.9972},{"bases":[[[0.976903,-0.212476,0.0226784],[0.202231,0.953605,0.223025],[-0.0690139,-0.213288,0.974549]],[[0.975578,-0.216098,0.0393658],[0.143496,0.491321,-0.859077],[0.166304,0.843745,0.510331]],[[0.975578,-0.216098,0.0393658],[-0.12957,-0.710875,-0.691281],[0.177368,0.669297,-0.721513]],[[0.975578,-0.216098,0.0393658],[-0.209484,-0.969246,-0.129144],[0.0660629,0.117744,-0.990844]]],"btipPosition":[-16.0181,238.79,23.7864],"carpPosition":[-6.76301,283.868,69.1332],"dipPosition":[-14.7838,240.99,5.2735],"direction":[-0.177368,-0.669297,0.721513],"extended":false,"handId":506,"id":5063,"length":64.4285,"mcpPosition":[-2.43998,297.229,8.08751],"pipPosition":[-9.87036,259.53,-14.7139],"stabilizedTipPosition":[-27.4463,217.096,146.979],"timeVisible":106.749,"tipPosition":[-15.6753,239.248,17.8479],"tipVelocity":[31.2892,13.2824,-13.7624],"tool":false,"touchDistance":0.333333,"touchZone":"none","type":3,"width":18.077},{"bases":[[[0.915416,-0.390357,0.0981554],[0.344817,0.886333,0.309055],[-0.20764,-0.249068,0.945965]],[[0.925988,-0.375132,0.042697],[0.255409,0.539112,-0.802574],[0.278052,0.754079,0.595023]],[[0.925988,-0.375132,0.042697],[-0.213034,-0.612501,-0.761222],[0.31171,0.695786,-0.647084]],[[0.925988,-0.375132,0.042697],[-0.356853,-0.906535,-0.225502],[0.123299,0.193575,-0.973307]]],"btipPosition":[-0.72329,247.206,21.6269],"carpPosition":[5.29034,276.373,68.0855],"dipPosition":[1.40199,250.543,4.85019],"direction":[-0.31171,-0.695786,0.647084],"extended":false,"handId":506,"id":5064,"length":50.5107,"mcpPosition":[17.3304,290.815,13.2335],"pipPosition":[7.49867,264.152,-7.80601],"stabilizedTipPosition":[-12.2454,224.756,149.59],"timeVisible":106.749,"tipPosition":[0.0159194,247.92,16.7489],"tipVelocity":[17.5927,22.0996,-52.839],"tool":false,"touchDistance":0.333333,"touchZone":"none","type":4,"width":16.0574}],"r":[[0.8291,-0.0891451,0.551947],[0.545034,0.348912,-0.762363],[-0.12462,0.932906,0.33787]],"s":1.22881,"t":[-5.9333,24.5006,19.6116],"timestamp":97921222100},false],[1,{"currentFrameRate":105.888,"devices":[],"gestures":[],"hands":[{"armBasis":[[0.963455,0.178819,-0.199443],[0.0099129,0.720244,0.69365],[0.267685,-0.670278,0.69215]],"armWidth":63.72,"confidence":0.651573,"direction":[-0.0515907,0.348269,-0.935974],"elbow":[62.6207,90.3636,262.683],"grabStrength":0,"id":506,"palmNormal":[0.0116329,-0.936949,-0.349273],"palmPosition":[-20.002,285.877,24.0881],"palmVelocity":[4.47549,0.499181,-109.15],"palmWidth":90.99,"pinchStrength":0.670305,"r":[[0.826477,-0.0824082,0.556906],[0.547491,0.348031,-0.761005],[-0.131108,0.933854,0.332758]],"s":1.23243,"sphereCenter":[-43.9112,268.484,-6.01654],"sphereRadius":49.5297,"stabilizedPalmPosition":[-21.9616,263.323,145.731],"t":[-5.81012,24.3813,18.7347],"timeVisible":106.758,"type":"right","wrist":[-9.65424,271.339,75.802]}],"id":1809619,"interactionBox":{"center":[0,200,0],"size":[235.247,235.247,147.751]},"pointables":[{"bases":[[[0.381362,0.917623,0.111939],[-0.788736,0.259835,0.557119],[0.482139,-0.300755,0.822854]],[[0.317688,0.948165,0.00754866],[-0.944948,0.317249,-0.0801635],[-0.0784031,0.0183339,0.996753]],[[0.317688,0.948165,0.00754866],[-0.92484,0.31161,-0.218105],[-0.209152,0.0623081,0.975896]],[[0.317688,0.948165,0.00754866],[-0.707929,0.242477,-0.663356],[-0.630802,0.205397,0.748266]]],"btipPosition":[-12.0124,251.357,-24.0462],"carpPosition":[-37.8202,259.204,76.4952],"dipPosition":[-26.7754,256.164,-6.53404],"direction":[0.209152,-0.0623081,-0.975896],"extended":false,"handId":506,"id":5060,"length":52.1164,"mcpPosition":[-37.8202,259.204,76.4952],"pipPosition":[-33.9065,258.289,26.7397],"stabilizedTipPosition":[-39.0149,237.409,138.419],"timeVisible":106.758,"tipPosition":[-15.592,252.752,-20.2504],"tipVelocity":[48.3146,-29.0411,-85.1321],"tool":false,"touchDistance":-0.440589,"touchZone":"touching","type":0,"width":20.25},{"bases":[[[0.975762,0.0869719,-0.20081],[-0.0439203,0.976792,0.20964],[0.214382,-0.195739,0.956936]],[[0.998206,0.03436,0.0490314],[-0.056288,0.81766,0.572943],[-0.0204046,-0.574675,0.818127]],[[0.998206,0.03436,0.0490314],[-0.0496661,0.932544,0.357623],[-0.033436,-0.359417,0.932578]],[[0.998206,0.03436,0.0490314],[-0.0411107,0.988711,0.144087],[-0.043527,-0.145844,0.98835]]],"btipPosition":[-43.8892,331.753,-72.0253],"carpPosition":[-30.5457,281.484,72.9521],"dipPosition":[-44.6329,329.261,-55.1387],"direction":[0.033436,0.359417,-0.932578],"extended":true,"handId":506,"id":5061,"length":58.8075,"mcpPosition":[-46.3177,295.884,2.55074],"pipPosition":[-45.441,320.574,-32.598],"stabilizedTipPosition":[-70.1503,320.058,99.4981],"timeVisible":106.758,"tipPosition":[-44.028,330.403,-68.2024],"tipVelocity":[33.5122,-58.8381,-149.124],"tool":false,"touchDistance":-0.51769,"touchZone":"hovering","type":1,"width":19.3428},{"bases":[[[0.988849,-0.108075,-0.102454],[0.126394,0.972899,0.193631],[0.078751,-0.204421,0.97571]],[[0.9887,-0.10769,-0.104288],[-0.0276219,0.552891,-0.832796],[0.147344,0.826265,0.543668]],[[0.9887,-0.10769,-0.104288],[-0.149786,-0.681318,-0.716498],[0.00610649,0.724022,-0.68975]],[[0.9887,-0.10769,-0.104288],[-0.122049,-0.98219,-0.14285],[-0.0870473,0.153964,-0.984235]]],"btipPosition":[-29.9953,235.275,14.1306],"carpPosition":[-18.8611,284.322,70.2993],"dipPosition":[-31.6311,238.169,-4.36511],"direction":[-0.00610649,-0.724022,0.68975],"extended":false,"handId":506,"id":5062,"length":67.0064,"mcpPosition":[-24.3554,298.584,2.22593],"pipPosition":[-31.4575,258.757,-23.9791],"stabilizedTipPosition":[-43.6782,215.959,138.18],"timeVisible":106.758,"tipPosition":[-30.5077,235.963,8.58773],"tipVelocity":[43.6277,-11.6168,-57.1913],"tool":false,"touchDistance":0.333333,"touchZone":"none","type":2,"width":18.9972},{"bases":[[[0.9773,-0.210011,0.027943],[0.199165,0.955679,0.216821],[-0.0722393,-0.206334,0.975811]],[[0.975911,-0.213533,0.0447417],[0.143767,0.475173,-0.868068],[0.164101,0.853589,0.494426]],[[0.975911,-0.213533,0.0447417],[-0.127229,-0.723617,-0.678374],[0.177231,0.65634,-0.733353]],[[0.975911,-0.213533,0.0447417],[-0.20721,-0.971368,-0.116225],[0.0682786,0.104155,-0.992215]]],"btipPosition":[-15.7157,238.703,24.059],"carpPosition":[-6.72347,284.044,68.4207],"dipPosition":[-14.44,240.649,5.52045],"direction":[-0.177231,-0.65634,0.733353],"extended":false,"handId":506,"id":5063,"length":64.4285,"mcpPosition":[-2.1984,296.969,7.29584],"pipPosition":[-9.53035,258.831,-14.7949],"stabilizedTipPosition":[-27.3422,217.287,145.878],"timeVisible":106.758,"tipPosition":[-15.3562,239.088,18.0967],"tipVelocity":[31.6128,5.03634,-1.71254],"tool":false,"touchDistance":0.333333,"touchZone":"none","type":3,"width":18.077},{"bases":[[[0.915938,-0.38748,0.104483],[0.341577,0.889372,0.303881],[-0.210672,-0.242647,0.946963]],[[0.925912,-0.37392,0.0535865],[0.257447,0.52086,-0.813896],[0.276421,0.767391,0.578535]],[[0.925912,-0.37392,0.0535865],[-0.211215,-0.630103,-0.747233],[0.31317,0.680554,-0.662398]],[[0.925912,-0.37392,0.0535865],[-0.355656,-0.910757,-0.209836],[0.127266,0.175231,-0.976267]]],"btipPosition":[-0.525912,247.174,21.8906],"carpPosition":[5.35116,276.57,67.4735],"dipPosition":[1.66775,250.195,5.06285],"direction":[-0.31317,-0.680554,0.662398],"extended":false,"handId":506,"id":5064,"length":50.5107,"mcpPosition":[17.567,290.64,12.5637],"pipPosition":[7.79299,263.505,-7.89285],"stabilizedTipPosition":[-12.2286,224.788,149.408],"timeVisible":106.758,"tipPosition":[0.238056,247.803,16.8939],"tipVelocity":[18.9132,12.5053,-29.8765],"tool":false,"touchDistance":0.333333,"touchZone":"none","type":4,"width":16.0574}],"r":[[0.826477,-0.0824082,0.556906],[0.547491,0.348031,-0.761005],[-0.131108,0.933854,0.332758]],"s":1.23243,"t":[-5.81012,24.3813,18.7347],"timestamp":97921231727},false],[2,{"currentFrameRate":105.928,"devices":[],"gestures":[],"hands":[{"armBasis":[[0.963616,0.178582,-0.198876],[0.00893909,0.722102,0.691729],[0.267139,-0.668339,0.694233]],"armWidth":63.72,"confidence":0.658093,"direction":[-0.0497416,0.34205,-0.938365],"elbow":[62.4598,91.0988,262.95],"grabStrength":0,"id":506,"palmNormal":[0.0121084,-0.939252,-0.343015],"palmPosition":[-19.9143,285.747,23.6777],"palmVelocity":[5.86314,-3.59545,-90.5933],"palmWidth":90.99,"pinchStrength":0.658926,"r":[[0.824116,-0.0762996,0.561258],[0.54976,0.346306,-0.760155],[-0.136368,0.935014,0.327343]],"s":1.23706,"sphereCenter":[-43.6211,268.237,-6.23791],"sphereRadius":49.526,"stabilizedPalmPosition":[-21.9615,263.325,145.723],"t":[-5.70468,24.2565,18.0911],"timeVisible":106.768,"type":"right","wrist":[-9.66778,271.55,75.5067]}],"id":1809620,"interactionBox":{"center":[0,200,0],"size":[235.247,235.247,147.751]},"pointables":[{"bases":[[[0.381333,0.918275,0.106563],[-0.789741,0.263681,0.553878],[0.480514,-0.295369,0.82575]],[[0.317347,0.948309,0.00103101],[-0.944988,0.316326,-0.0832837],[-0.0793048,0.0254555,0.996525]],[[0.317347,0.948309,0.00103101],[-0.924567,0.309643,-0.222031],[-0.210873,0.0695077,0.975039]],[[0.317347,0.948309,0.00103101],[-0.703676,0.23621,-0.670108],[-0.635713,0.211931,0.742263]]],"btipPosition":[-11.811,250.825,-24.1333],"carpPosition":[-37.8375,259.426,76.227],"dipPosition":[-26.6889,255.785,-6.76171],"direction":[0.210873,-0.0695077,-0.975039],"extended":false,"handId":506,"id":5060,"length":52.1164,"mcpPosition":[-37.8375,259.426,76.227],"pipPosition":[-33.8788,258.155,26.4828],"stabilizedTipPosition":[-38.9891,237.424,138.248],"timeVisible":106.768,"tipPosition":[-15.413,252.271,-20.3826],"tipVelocity":[39.8976,-35.857,-64.5762],"tool":false,"touchDistance":-0.426656,"touchZone":"touching","type":0,"width":20.25},{"bases":[[[0.976159,0.0854515,-0.199527],[-0.0441224,0.978172,0.203059],[0.212523,-0.189414,0.958622]],[[0.998122,0.0345175,0.0506035],[-0.0571612,0.821794,0.566911],[-0.0220173,-0.568739,0.822224]],[[0.998122,0.0345175,0.0506035],[-0.0501742,0.934598,0.35215],[-0.0351385,-0.354028,0.934574]],[[0.998122,0.0345175,0.0506035],[-0.0412942,0.989339,0.139657],[-0.0452433,-0.141484,0.988906]]],"btipPosition":[-43.6188,331.024,-72.7855],"carpPosition":[-30.5517,281.681,72.5497],"dipPosition":[-44.3918,328.607,-55.8894],"direction":[0.0351385,0.354028,-0.934574],"extended":true,"handId":506,"id":5061,"length":58.8075,"mcpPosition":[-46.187,295.616,2.0243],"pipPosition":[-45.2411,320.05,-33.3004],"stabilizedTipPosition":[-70.149,320.059,99.4899],"timeVisible":106.768,"tipPosition":[-43.7619,329.699,-68.952],"tipVelocity":[31.9897,-63.6991,-129.754],"tool":false,"touchDistance":-0.505625,"touchZone":"hovering","type":1,"width":19.3428},{"bases":[[[0.989021,-0.10894,-0.0998527],[0.126221,0.97414,0.1874],[0.0768552,-0.197946,0.977195]],[[0.988839,-0.108479,-0.102124],[-0.0280721,0.537518,-0.842785],[0.146318,0.836246,0.528473]],[[0.988839,-0.108479,-0.102124],[-0.148889,-0.694671,-0.703751],[0.00540008,0.711101,-0.703069]],[[0.988839,-0.108479,-0.102124],[-0.121255,-0.984259,-0.128573],[-0.0865686,0.139521,-0.986428]]],"btipPosition":[-29.803,235.158,14.7804],"carpPosition":[-18.8616,284.498,69.9003],"dipPosition":[-31.4298,237.78,-3.75654],"direction":[-0.00540008,-0.711101,0.703069],"extended":false,"handId":506,"id":5062,"length":67.0064,"mcpPosition":[-24.2236,298.308,1.72333],"pipPosition":[-31.2762,258.001,-23.7493],"stabilizedTipPosition":[-43.6436,216.01,137.853],"timeVisible":106.768,"tipPosition":[-30.3222,235.769,9.14257],"tipVelocity":[37.1318,-13.7688,-21.5334],"tool":false,"touchDistance":0.333333,"touchZone":"none","type":2,"width":18.9972},{"bases":[[[0.977203,-0.210004,0.031197],[0.198945,0.957061,0.210843],[-0.0741353,-0.19983,0.977022]],[[0.976068,-0.212782,0.0448771],[0.138454,0.448931,-0.882775],[0.167692,0.867862,0.467648]],[[0.976068,-0.212782,0.0448771],[-0.132103,-0.744096,-0.654881],[0.17274,0.63328,-0.754398]],[[0.976068,-0.212782,0.0448771],[-0.207997,-0.973708,-0.0928978],[0.0634642,0.0813403,-0.994664]]],"btipPosition":[-15.54,238.885,25.4343],"carpPosition":[-6.72043,284.206,68.0467],"dipPosition":[-14.3543,240.404,6.85002],"direction":[-0.17274,-0.63328,0.754398],"extended":false,"handId":506,"id":5063,"length":64.4285,"mcpPosition":[-2.0766,296.723,6.84599],"pipPosition":[-9.56903,257.947,-14.0483],"stabilizedTipPosition":[-27.2548,217.446,144.975],"timeVisible":106.768,"tipPosition":[-15.2168,239.125,19.272],"tipVelocity":[27.3338,6.14457,40.1561],"tool":false,"touchDistance":0.333333,"touchZone":"none","type":3,"width":18.077},{"bases":[[[0.91566,-0.386949,0.108798],[0.341177,0.891307,0.298612],[-0.21252,-0.236308,0.948153]],[[0.92505,-0.374788,0.0617708],[0.257985,0.50056,-0.826367],[0.278793,0.780367,0.559733]],[[0.92505,-0.374788,0.0617708],[-0.213337,-0.647182,-0.731876],[0.314276,0.663844,-0.678632]],[[0.92505,-0.374788,0.0617708],[-0.357239,-0.913681,-0.193822],[0.129081,0.157228,-0.97909]]],"btipPosition":[-0.552205,247.138,22.5512],"carpPosition":[5.35446,276.723,67.1722],"dipPosition":[1.67274,249.848,5.67486],"direction":[-0.314276,-0.663844,0.678632],"extended":false,"handId":506,"id":5064,"length":50.5107,"mcpPosition":[17.6775,290.426,12.1934],"pipPosition":[7.81959,262.832,-7.59837],"stabilizedTipPosition":[-12.1932,224.855,149.029],"timeVisible":106.768,"tipPosition":[0.227073,247.693,17.4248],"tipVelocity":[12.9625,5.70272,-1.69849],"tool":false,"touchDistance":0.333333,"touchZone":"none","type":4,"width":16.0574}],"r":[[0.824116,-0.0762996,0.561258],[0.54976,0.346306,-0.760155],[-0.136368,0.935014,0.327343]],"s":1.23706,"t":[-5.70468,24.2565,18.0911],"timestamp":97921241094},false],[3,{"currentFrameRate":105.843,"devices":[],"gestures":[],"hands":[{"armBasis":[[0.963633,0.17674,-0.200434],[0.0106205,0.724127,0.689585],[0.267016,-0.666636,0.695916]],"armWidth":63.72,"confidence":0.663614,"direction":[-0.0485159,0.335027,-0.940958],"elbow":[62.5175,91.7518,263.086],"grabStrength":0,"id":506,"palmNormal":[0.00997785,-0.941858,-0.335862],"palmPosition":[-19.7671,285.57,23.2489],"palmVelocity":[8.60751,-7.88282,-77.2704],"palmWidth":90.99,"pinchStrength":0.639016,"r":[[0.822109,-0.0709455,0.564892],[0.551814,0.343511,-0.759935],[-0.140133,0.936465,0.321552]],"s":1.24172,"sphereCenter":[-43.1909,267.92,-6.47911],"sphereRadius":49.4295,"stabilizedPalmPosition":[-21.9614,263.326,145.717],"t":[-5.57838,24.1058,17.5549],"timeVisible":106.777,"type":"right","wrist":[-9.57695,271.743,75.1888]}],"id":1809621,"interactionBox":{"center":[0,200,0],"size":[235.247,235.247,147.751]},"pointables":[{"bases":[[[0.383512,0.918133,0.0997502],[-0.789334,0.269793,0.55151],[0.479448,-0.290247,0.828183]],[[0.319148,0.94768,-0.00682329],[-0.944425,0.317437,-0.0854092],[-0.0787747,0.0337023,0.996323]],[[0.319148,0.94768,-0.00682329],[-0.923661,0.309431,-0.226061],[-0.212122,0.0784493,0.974089]],[[0.319148,0.94768,-0.00682329],[-0.698577,0.23038,-0.677433],[-0.640418,0.220968,0.735553]]],"btipPosition":[-11.6235,250.164,-24.172],"carpPosition":[-37.7762,259.693,75.9887],"dipPosition":[-26.6116,255.336,-6.95744],"direction":[0.212122,-0.0784493,-0.974089],"extended":false,"handId":506,"id":5060,"length":52.1164,"mcpPosition":[-37.7762,259.693,75.9887],"pipPosition":[-33.844,258.01,26.2547],"stabilizedTipPosition":[-38.9378,237.454,137.907],"timeVisible":106.777,"tipPosition":[-15.2708,251.676,-20.4789],"tipVelocity":[33.2235,-43.9491,-48.1074],"tool":false,"touchDistance":-0.413446,"touchZone":"touching","type":0,"width":20.25},{"bases":[[[0.976448,0.0815705,-0.19974],[-0.0418382,0.979791,0.1956],[0.211658,-0.182637,0.960127]],[[0.998193,0.0325384,0.0505204],[-0.0552958,0.826485,0.560237],[-0.0235251,-0.562018,0.826791]],[[0.998193,0.0325384,0.0505204],[-0.0481009,0.936564,0.347181],[-0.0360189,-0.348983,0.936436]],[[0.998193,0.0325384,0.0505204],[-0.0391951,0.989805,0.136927],[-0.04555,-0.13866,0.989292]]],"btipPosition":[-43.3471,330.288,-73.5481],"carpPosition":[-30.435,281.901,72.1457],"dipPosition":[-44.1254,327.919,-56.6454],"direction":[0.0360189,0.348983,-0.936436],"extended":true,"handId":506,"id":5061,"length":58.8075,"mcpPosition":[-46.0067,295.338,1.50951],"pipPosition":[-44.996,319.483,-34.0114],"stabilizedTipPosition":[-70.1461,320.06,99.4713],"timeVisible":106.777,"tipPosition":[-43.4856,328.97,-69.7093],"tipVelocity":[30.8789,-67.1404,-115.108],"tool":false,"touchDistance":-0.494812,"touchZone":"hovering","type":1,"width":19.3428},{"bases":[[[0.988796,-0.112088,-0.0985855],[0.128501,0.975228,0.180048],[0.0759622,-0.190699,0.978705]],[[0.988581,-0.111557,-0.101307],[-0.0297291,0.514686,-0.856863],[0.147731,0.85009,0.505492]],[[0.988581,-0.111557,-0.101307],[-0.150637,-0.713392,-0.684383],[0.00407593,0.691828,-0.722051]],[[0.988581,-0.111557,-0.101307],[-0.12243,-0.986546,-0.108341],[-0.0878581,0.119507,-0.988938]]],"btipPosition":[-29.6223,235.082,15.9495],"carpPosition":[-18.737,284.67,69.4801],"dipPosition":[-31.2733,237.327,-2.63461],"direction":[-0.00407593,-0.691828,0.722051],"extended":false,"handId":506,"id":5062,"length":67.0064,"mcpPosition":[-24.0367,297.975,1.19779],"pipPosition":[-31.1574,257,-23.1671],"stabilizedTipPosition":[-43.5911,216.086,137.367],"timeVisible":106.777,"tipPosition":[-30.1672,235.592,10.1179],"tipVelocity":[31.6519,-14.6974,19.6918],"tool":false,"touchDistance":0.333333,"touchZone":"none","type":2,"width":18.9972},{"bases":[[[0.976678,-0.212125,0.0332231],[0.201174,0.958152,0.203652],[-0.0750324,-0.192218,0.97848]],[[0.97564,-0.214562,0.0457125],[0.139908,0.44806,-0.882988],[0.168974,0.867874,0.467164]],[[0.97564,-0.214562,0.0457125],[-0.132669,-0.743021,-0.655987],[0.174715,0.633943,-0.753386]],[[0.97564,-0.214562,0.0457125],[-0.209699,-0.973336,-0.0929727],[0.064442,0.081122,-0.994619]]],"btipPosition":[-15.4894,238.522,24.9232],"carpPosition":[-6.5958,284.335,67.6341],"dipPosition":[-14.2854,240.037,6.33972],"direction":[-0.174715,-0.633943,0.753386],"extended":false,"handId":506,"id":5063,"length":64.4285,"mcpPosition":[-1.89577,296.375,6.34212],"pipPosition":[-9.44544,257.599,-14.5306],"stabilizedTipPosition":[-27.1511,217.631,143.904],"timeVisible":106.777,"tipPosition":[-15.1729,238.823,19.0633],"tipVelocity":[21.0617,-6.62038,13.0792],"tool":false,"touchDistance":0.333333,"touchZone":"none","type":3,"width":18.077},{"bases":[[[0.914674,-0.388326,0.112139],[0.343209,0.892723,0.291981],[-0.213493,-0.22858,0.949827]],[[0.922914,-0.37827,0.0717079],[0.256338,0.464758,-0.84752],[0.287264,0.80057,0.525897]],[[0.922914,-0.37827,0.0717079],[-0.221732,-0.674484,-0.704207],[0.314746,0.634022,-0.706365]],[[0.922914,-0.37827,0.0717079],[-0.3628,-0.916804,-0.166871],[0.128864,0.127991,-0.983368]]],"btipPosition":[-0.693956,247.156,23.9164],"carpPosition":[5.4613,276.816,66.8218],"dipPosition":[1.52725,249.362,6.96626],"direction":[-0.314746,-0.634022,0.706365],"extended":false,"handId":506,"id":5064,"length":50.5107,"mcpPosition":[17.8407,290.071,11.7459],"pipPosition":[7.6833,261.763,-6.84939],"stabilizedTipPosition":[-12.1694,224.9,148.773],"timeVisible":106.777,"tipPosition":[0.110091,247.592,18.509],"tipVelocity":[4.89618,1.0926,39.5099],"tool":false,"touchDistance":0.333333,"touchZone":"none","type":4,"width":16.0574}],"r":[[0.822109,-0.0709455,0.564892],[0.551814,0.343511,-0.759935],[-0.140133,0.936465,0.321552]],"s":1.24172,"t":[-5.57838,24.1058,17.5549],"timestamp":97921250697},false],[4,{"currentFrameRate":105.933,"devices":[],"gestures":[],"hands":[{"armBasis":[[0.963757,0.175656,-0.200791],[0.0104843,0.727124,0.686426],[0.266575,-0.663653,0.69893]],"armWidth":63.72,"confidence":0.671057,"direction":[-0.0473688,0.334898,-0.941063],"elbow":[62.565,92.4719,263.51],"grabStrength":0,"id":506,"palmNormal":[0.00940011,-0.941929,-0.33568],"palmPosition":[-19.5414,285.485,22.8475],"palmVelocity":[13.0357,-8.25818,-67.6973],"palmWidth":90.99,"pinchStrength":0.60112,"r":[[0.820371,-0.0667815,0.567919],[0.553659,0.34115,-0.759657],[-0.143014,0.937634,0.316843]],"s":1.24637,"sphereCenter":[-42.7258,267.935,-6.78174],"sphereRadius":49.3852,"stabilizedPalmPosition":[-21.9613,263.327,145.712],"t":[-5.4024,23.9878,17.0861],"timeVisible":106.787,"type":"right","wrist":[-9.41028,271.658,74.7989]}],"id":1809622,"interactionBox":{"center":[0,200,0],"size":[235.247,235.247,147.751]},"pointables":[{"bases":[[[0.384277,0.917795,0.0999215],[-0.789572,0.270629,0.550759],[0.478442,-0.290539,0.828662]],[[0.319755,0.947473,-0.00716076],[-0.944196,0.318,-0.0858493],[-0.0790628,0.0342119,0.996282]],[[0.319755,0.947473,-0.00716076],[-0.923196,0.309844,-0.227388],[-0.213226,0.0793194,0.973778]],[[0.319755,0.947473,-0.00716076],[-0.695459,0.229559,-0.680911],[-0.643501,0.222705,0.732331]]],"btipPosition":[-11.3445,250.01,-24.4967],"carpPosition":[-37.6215,259.634,75.5761],"dipPosition":[-26.4048,255.222,-7.35751],"direction":[0.213226,-0.0793194,-0.973778],"extended":false,"handId":506,"id":5060,"length":52.1164,"mcpPosition":[-37.6215,259.634,75.5761],"pipPosition":[-33.6748,257.926,25.844],"stabilizedTipPosition":[-38.862,237.498,137.41],"timeVisible":106.787,"tipPosition":[-15.0119,251.537,-20.8281],"tipVelocity":[31.8328,-35.9846,-44.9434],"tool":false,"touchDistance":-0.405565,"touchZone":"touching","type":0,"width":20.25},{"bases":[[[0.9767,0.0806256,-0.198888],[-0.0411007,0.979865,0.195383],[0.210636,-0.182656,0.960349]],[[0.998191,0.0316811,0.0510954],[-0.0549162,0.826359,0.56046],[-0.0244672,-0.562252,0.826604]],[[0.998191,0.0316811,0.0510954],[-0.0477266,0.934399,0.353018],[-0.0365595,-0.354818,0.93422]],[[0.998191,0.0316811,0.0510954],[-0.0389594,0.988158,0.148409],[-0.0457886,-0.150131,0.987605]]],"btipPosition":[-43.0355,330.57,-73.8842],"carpPosition":[-30.2562,281.835,71.7354],"dipPosition":[-43.8178,328.005,-57.0104],"direction":[0.0365595,0.354818,-0.93422],"extended":true,"handId":506,"id":5061,"length":58.8075,"mcpPosition":[-45.7526,295.273,1.08297],"pipPosition":[-44.7014,319.428,-34.4299],"stabilizedTipPosition":[-70.142,320.061,99.4452],"timeVisible":106.787,"tipPosition":[-43.1649,329.152,-70.0742],"tipVelocity":[31.6179,-41.0351,-93.0955],"tool":false,"touchDistance":-0.478805,"touchZone":"hovering","type":1,"width":19.3428},{"bases":[[[0.988778,-0.113026,-0.0976868],[0.129248,0.975142,0.179982],[0.0749158,-0.190588,0.978807]],[[0.988554,-0.112466,-0.100556],[-0.0337024,0.485056,-0.873833],[0.147052,0.867221,0.475714]],[[0.988554,-0.112466,-0.100556],[-0.150865,-0.736798,-0.659066],[0.0000333459,0.666693,-0.745333]],[[0.988554,-0.112466,-0.100556],[-0.121249,-0.988893,-0.0859605],[-0.0897714,0.0971689,-0.991211]]],"btipPosition":[-29.1819,235.305,17.6821],"carpPosition":[-18.5532,284.593,69.0797],"dipPosition":[-30.8689,237.131,-0.944754],"direction":[-0.0000333459,-0.666693,0.745332],"extended":false,"handId":506,"id":5062,"length":67.0064,"mcpPosition":[-23.78,297.89,0.790271],"pipPosition":[-30.8679,256.089,-22.1393],"stabilizedTipPosition":[-43.5469,216.147,136.976],"timeVisible":106.787,"tipPosition":[-29.7688,235.712,11.4988],"tipVelocity":[35.8593,-6.71023,66.4615],"tool":false,"touchDistance":0.333333,"touchZone":"none","type":2,"width":18.9972},{"bases":[[[0.97645,-0.213027,0.0341295],[0.201884,0.958002,0.203654],[-0.0760799,-0.191967,0.978448]],[[0.97543,-0.215394,0.0462761],[0.140695,0.447398,-0.883199],[0.169532,0.868009,0.466711]],[[0.97543,-0.215394,0.0462761],[-0.133008,-0.743211,-0.655703],[0.175628,0.633438,-0.753599]],[[0.97543,-0.215394,0.0462761],[-0.210491,-0.973176,-0.0928597],[0.0650362,0.0808374,-0.994603]]],"btipPosition":[-15.3001,238.43,24.5615],"carpPosition":[-6.41071,284.245,67.2445],"dipPosition":[-14.0849,239.94,5.97831],"direction":[-0.175628,-0.633438,0.753599],"extended":false,"handId":506,"id":5063,"length":64.4285,"mcpPosition":[-1.64507,296.27,5.95456],"pipPosition":[-9.21969,257.488,-14.8979],"stabilizedTipPosition":[-27.0186,217.861,142.554],"timeVisible":106.787,"tipPosition":[-14.983,238.732,18.7206],"tipVelocity":[20.9578,-7.58502,-1.58673],"tool":false,"touchDistance":0.333333,"touchZone":"none","type":3,"width":18.077},{"bases":[[[0.914212,-0.389155,0.113023],[0.34378,0.892458,0.292121],[-0.214549,-0.228206,0.949679]],[[0.922508,-0.3791,0.0725405],[0.25766,0.464915,-0.847033],[0.287385,0.800086,0.526567]],[[0.922508,-0.3791,0.0725405],[-0.22144,-0.673756,-0.704994],[0.316138,0.6343,-0.705493]],[[0.922508,-0.3791,0.0725405],[-0.363375,-0.91638,-0.167949],[0.130144,0.128575,-0.983123]]],"btipPosition":[-0.507492,247.035,23.5026],"carpPosition":[5.64011,276.716,66.4444],"dipPosition":[1.73577,249.252,6.55665],"direction":[-0.316138,-0.6343,0.705493],"extended":false,"handId":506,"id":5064,"length":50.5107,"mcpPosition":[18.0808,289.948,11.377],"pipPosition":[7.91905,261.658,-7.24195],"stabilizedTipPosition":[-12.1478,224.94,148.544],"timeVisible":106.787,"tipPosition":[0.299227,247.48,18.1332],"tipVelocity":[9.33373,-2.81806,15.8441],"tool":false,"touchDistance":0.333333,"touchZone":"none","type":4,"width":16.0574}],"r":[[0.820371,-0.0667815,0.567919],[0.553659,0.34115,-0.759657],[-0.143014,0.937634,0.316843]],"s":1.24637,"t":[-5.4024,23.9878,17.0861],"timestamp":97921259972},false],[5,{"currentFrameRate":105.873,"devices":[],"gestures":[],"hands":[{"armBasis":[[0.963935,0.172819,-0.202392],[0.0126278,0.729923,0.683413],[0.265837,-0.661321,0.701416]],"armWidth":63.72,"confidence":0.67425,"direction":[-0.0478055,0.331053,-0.9424],"elbow":[62.6583,93.2258,263.639],"grabStrength":0,"id":506,"palmNormal":[0.00725333,-0.943339,-0.331751],"palmPosition":[-19.2817,285.411,22.2589],"palmVelocity":[17.1213,-8.1004,-65.9365],"palmWidth":90.99,"pinchStrength":0.57697,"r":[[0.819071,-0.0632746,0.570192],[0.555095,0.338419,-0.75983],[-0.144886,0.938866,0.312313]],"s":1.25064,"sphereCenter":[-42.3268,267.803,-7.18987],"sphereRadius":49.3344,"stabilizedPalmPosition":[-21.9612,263.328,145.707],"t":[-5.18454,23.8919,16.5574],"timeVisible":106.796,"type":"right","wrist":[-9.11772,271.783,74.2562]}],"id":1809623,"interactionBox":{"center":[0,200,0],"size":[235.247,235.247,147.751]},"pointables":[{"bases":[[[0.386111,0.91748,0.0956533],[-0.78844,0.274411,0.55051],[0.478833,-0.287975,0.82933]],[[0.321271,0.946913,-0.0118812],[-0.943826,0.319149,-0.0856547],[-0.0773157,0.0387321,0.996254]],[[0.321271,0.946913,-0.0118812],[-0.92296,0.310287,-0.227742],[-0.211965,0.0841328,0.973649]],[[0.321271,0.946913,-0.0118812],[-0.694369,0.227019,-0.682872],[-0.643923,0.227637,0.730441]]],"btipPosition":[-11.1939,249.685,-24.9074],"carpPosition":[-37.3505,259.815,75.1153],"dipPosition":[-26.264,255.013,-7.81244],"direction":[0.211965,-0.0841328,-0.973649],"extended":false,"handId":506,"id":5060,"length":52.1164,"mcpPosition":[-37.3505,259.815,75.1153],"pipPosition":[-33.4911,257.881,25.3847],"stabilizedTipPosition":[-38.7589,237.555,136.735],"timeVisible":106.796,"tipPosition":[-14.8579,251.242,-21.2523],"tipVelocity":[27.1238,-34.5937,-44.6847],"tool":false,"touchDistance":-0.399655,"touchZone":"touching","type":0,"width":20.25},{"bases":[[[0.976624,0.0779573,-0.20032],[-0.0390414,0.980749,0.191332],[0.21138,-0.179039,0.960866]],[[0.998316,0.0300631,0.0496064],[-0.0526199,0.829235,0.556418],[-0.0244077,-0.558091,0.829421]],[[0.998316,0.0300631,0.0496064],[-0.0456277,0.935047,0.351576],[-0.0358148,-0.353247,0.934844]],[[0.998316,0.0300631,0.0496064],[-0.0372018,0.987999,0.149916],[-0.0445041,-0.151509,0.987453]]],"btipPosition":[-42.8244,330.261,-74.6176],"carpPosition":[-29.948,281.986,71.1737],"dipPosition":[-43.5848,327.672,-57.7463],"direction":[0.0358148,0.353247,-0.934844],"extended":true,"handId":506,"id":5061,"length":58.8075,"mcpPosition":[-45.4991,295.157,0.483142],"pipPosition":[-44.4505,319.134,-35.1508],"stabilizedTipPosition":[-70.1363,320.063,99.4098],"timeVisible":106.796,"tipPosition":[-42.9447,328.84,-70.8041],"tipVelocity":[29.0174,-38.6746,-88.3924],"tool":false,"touchDistance":-0.470267,"touchZone":"hovering","type":1,"width":19.3428},{"bases":[[[0.988453,-0.115292,-0.0983247],[0.131281,0.97564,0.17576],[0.0756658,-0.186639,0.97951]],[[0.98822,-0.114726,-0.10129],[-0.0371271,0.462356,-0.885917],[0.14847,0.879241,0.452649]],[[0.98822,-0.114726,-0.10129],[-0.153012,-0.75364,-0.639229],[-0.00299949,0.647197,-0.762317]],[[0.98822,-0.114726,-0.10129],[-0.121877,-0.990249,-0.0674681],[-0.0925615,0.0790182,-0.992567]]],"btipPosition":[-28.8535,235.463,18.6668],"carpPosition":[-18.2429,284.71,68.4933],"dipPosition":[-30.5929,236.948,0.0144698],"direction":[0.00299949,-0.647197,0.762317],"extended":false,"handId":506,"id":5062,"length":67.0064,"mcpPosition":[-23.5219,297.732,0.154813],"pipPosition":[-30.6782,255.352,-21.6631],"stabilizedTipPosition":[-43.5096,216.199,136.656],"timeVisible":106.796,"tipPosition":[-29.4651,235.757,12.4032],"tipVelocity":[35.0642,-2.36444,76.8529],"tool":false,"touchDistance":0.333333,"touchZone":"none","type":2,"width":18.9972},{"bases":[[[0.976087,-0.214718,0.0339221],[0.203911,0.958463,0.199421],[-0.0753325,-0.187736,0.979326]],[[0.975191,-0.216789,0.0447884],[0.138631,0.440344,-0.887062],[0.172583,0.871263,0.459473]],[[0.975191,-0.216789,0.0447884],[-0.13647,-0.748066,-0.649441],[0.174296,0.627217,-0.759092]],[[0.975191,-0.216789,0.0447884],[-0.212446,-0.973394,-0.085852],[0.0622085,0.0742069,-0.995301]]],"btipPosition":[-15.0858,238.403,24.3964],"carpPosition":[-6.1031,284.332,66.646],"dipPosition":[-13.9235,239.789,5.80024],"direction":[-0.174296,-0.627217,0.759092],"extended":false,"handId":506,"id":5063,"length":64.4285,"mcpPosition":[-1.38427,296.092,5.30094],"pipPosition":[-9.09519,257.164,-15.2281],"stabilizedTipPosition":[-26.8546,218.142,140.908],"timeVisible":106.796,"tipPosition":[-14.7956,238.661,18.5742],"tipVelocity":[21.0125,-7.07752,-6.2074],"tool":false,"touchDistance":0.333333,"touchZone":"none","type":3,"width":18.077},{"bases":[[[0.913608,-0.390398,0.113621],[0.345784,0.893022,0.288002],[-0.213902,-0.223833,0.950865]],[[0.921896,-0.380501,0.0729802],[0.257422,0.460788,-0.849357],[0.289553,0.801806,0.522749]],[[0.921896,-0.380501,0.0729802],[-0.223548,-0.676255,-0.70193],[0.316438,0.630792,-0.708497]],[[0.921896,-0.380501,0.0729802],[-0.365251,-0.916376,-0.163853],[0.129223,0.124399,-0.983782]]],"btipPosition":[-0.319105,246.923,23.0582],"carpPosition":[5.93267,276.777,65.8637],"dipPosition":[1.90829,249.067,6.10099],"direction":[-0.316438,-0.630792,0.708497],"extended":false,"handId":506,"id":5064,"length":50.5107,"mcpPosition":[18.3358,289.756,10.7276],"pipPosition":[8.09744,261.404,-7.75636],"stabilizedTipPosition":[-12.1055,225.017,148.101],"timeVisible":106.796,"tipPosition":[0.478721,247.347,17.7021],"tipVelocity":[12.2218,-5.90908,-2.23992],"tool":false,"touchDistance":0.333333,"touchZone":"none","type":4,"width":16.0574}],"r":[[0.819071,-0.0632746,0.570192],[0.555095,0.338419,-0.75983],[-0.144886,0.938866,0.312313]],"s":1.25064,"t":[-5.18454,23.8919,16.5574],"timestamp":97921269527},false],[6,{"currentFrameRate":105.984,"devices":[],"gestures":[],"hands":[{"armBasis":[[0.964722,0.167992,-0.202706],[0.0153158,0.732839,0.68023],[0.262824,-0.659337,0.704413]],"armWidth":63.72,"confidence":0.683605,"direction":[-0.0488591,0.328953,-0.943082],"elbow":[62.1484,93.8455,264.033],"grabStrength":0,"id":506,"palmNormal":[0.00467914,-0.944124,-0.329558],"palmPosition":[-19.0457,285.395,21.8315],"palmVelocity":[19.4892,-6.3212,-60.4257],"palmWidth":90.99,"pinchStrength":0.564392,"r":[[0.81821,-0.0605363,0.571724],[0.556106,0.335648,-0.76032],[-0.145871,0.94004,0.308295]],"s":1.25423,"sphereCenter":[-42.0529,267.788,-7.4935],"sphereRadius":49.3019,"stabilizedPalmPosition":[-21.9611,263.329,145.701],"t":[-4.95763,23.8358,16.0793],"timeVisible":106.805,"type":"right","wrist":[-8.814,271.867,73.8417]}],"id":1809624,"interactionBox":{"center":[0,200,0],"size":[235.247,235.247,147.751]},"pointables":[{"bases":[[[0.388193,0.916894,0.0927973],[-0.786849,0.277337,0.55132],[0.479766,-0.287036,0.829117]],[[0.322973,0.946288,-0.0150712],[-0.943444,0.320662,-0.0841974],[-0.0748422,0.0414124,0.996335]],[[0.322973,0.946288,-0.0150712],[-0.922825,0.311353,-0.226834],[-0.209958,0.0871696,0.973817]],[[0.322973,0.946288,-0.0150712],[-0.69409,0.226011,-0.683489],[-0.643371,0.23121,0.729805]]],"btipPosition":[-11.1182,249.509,-25.2368],"carpPosition":[-37.07,259.959,74.7808],"dipPosition":[-26.1754,254.92,-8.1567],"direction":[0.209958,-0.0871696,-0.973817],"extended":false,"handId":506,"id":5060,"length":52.1164,"mcpPosition":[-37.07,259.959,74.7808],"pipPosition":[-33.334,257.892,25.0462],"stabilizedTipPosition":[-38.6445,237.617,135.987],"timeVisible":106.805,"tipPosition":[-14.7714,251.088,-21.5861],"tipVelocity":[21.9055,-29.6558,-42.2618],"tool":false,"touchDistance":-0.393015,"touchZone":"touching","type":0,"width":20.25},{"bases":[[[0.976412,0.0754553,-0.202302],[-0.0366489,0.981271,0.189112],[0.212783,-0.177237,0.960891]],[[0.998473,0.0281282,0.0475459],[-0.0497952,0.830946,0.55412],[-0.0239217,-0.555641,0.831078]],[[0.998473,0.0281282,0.0475459],[-0.0430883,0.935147,0.351628],[-0.0345718,-0.35314,0.934931]],[[0.998473,0.0281282,0.0475459],[-0.0350872,0.987676,0.152526],[-0.0426697,-0.153961,0.987155]]],"btipPosition":[-42.6906,330.183,-75.0875],"carpPosition":[-29.6287,282.106,70.7737],"dipPosition":[-43.4196,327.552,-58.2214],"direction":[0.0345718,0.35314,-0.934931],"extended":true,"handId":506,"id":5061,"length":58.8075,"mcpPosition":[-45.283,295.145,0.0814099],"pipPosition":[-44.2553,319.017,-35.6237],"stabilizedTipPosition":[-70.13,320.066,99.3702],"timeVisible":106.805,"tipPosition":[-42.8022,328.752,-71.2747],"tipVelocity":[25.1622,-30.5003,-77.9105],"tool":false,"touchDistance":-0.458641,"touchZone":"hovering","type":1,"width":19.3428},{"bases":[[[0.988028,-0.11758,-0.0998772],[0.133633,0.975772,0.173238],[0.0770881,-0.184511,0.979803]],[[0.987786,-0.117011,-0.102893],[-0.0396046,0.450117,-0.892091],[0.150698,0.88527,0.439985]],[[0.987786,-0.117011,-0.102893],[-0.155738,-0.762278,-0.628234],[-0.0049225,0.636585,-0.771191]],[[0.987786,-0.117011,-0.102893],[-0.123333,-0.990706,-0.0573702],[-0.0952234,0.0693595,-0.993037]]],"btipPosition":[-28.6355,235.597,19.0901],"carpPosition":[-17.9229,284.8,68.0654],"dipPosition":[-30.4249,236.9,0.428993],"direction":[0.0049225,-0.636585,0.771191],"extended":false,"handId":506,"id":5062,"length":67.0064,"mcpPosition":[-23.3012,297.673,-0.293449],"pipPosition":[-30.5649,255.002,-21.5009],"stabilizedTipPosition":[-43.4797,216.239,136.405],"timeVisible":106.805,"tipPosition":[-29.262,235.826,12.8483],"tipVelocity":[31.5031,1.09237,68.0951],"tool":false,"touchDistance":0.333333,"touchZone":"none","type":2,"width":18.9972},{"bases":[[[0.975699,-0.216671,0.0326241],[0.206271,0.958499,0.196805],[-0.0739122,-0.185293,0.9799]],[[0.974838,-0.218674,0.0432814],[0.137733,0.438197,-0.888264],[0.175275,0.871874,0.45729]],[[0.974838,-0.218674,0.0432814],[-0.139287,-0.749118,-0.647628],[0.174042,0.625304,-0.760726]],[[0.974838,-0.218674,0.0432814],[-0.214591,-0.973138,-0.0833819],[0.0603522,0.071996,-0.995577]]],"btipPosition":[-14.9376,238.377,24.0592],"carpPosition":[-5.78736,284.392,66.1966],"dipPosition":[-13.81,239.722,5.45779],"direction":[-0.174042,-0.625304,0.760727],"extended":false,"handId":506,"id":5063,"length":64.4285,"mcpPosition":[-1.1575,295.999,4.81568],"pipPosition":[-8.9887,257.044,-15.6159],"stabilizedTipPosition":[-26.6983,218.406,139.353],"timeVisible":106.805,"tipPosition":[-14.6607,238.625,18.2621],"tipVelocity":[19.3788,-6.17417,-14.752],"tool":false,"touchDistance":0.333333,"touchZone":"none","type":3,"width":18.077},{"bases":[[[0.913003,-0.392034,0.112848],[0.348171,0.892969,0.285277],[-0.212608,-0.221168,0.951778]],[[0.92131,-0.382148,0.0717651],[0.255339,0.455425,-0.852872],[0.29324,0.804084,0.517165]],[[0.92131,-0.382148,0.0717651],[-0.227506,-0.67948,-0.69753],[0.315323,0.626314,-0.712953]],[[0.92131,-0.382148,0.0717651],[-0.367654,-0.916249,-0.159119],[0.126562,0.120213,-0.984648]]],"btipPosition":[-0.158246,246.88,22.8509],"carpPosition":[6.2312,276.81,65.4098],"dipPosition":[2.02327,248.952,5.87874],"direction":[-0.315323,-0.626314,0.712953],"extended":false,"handId":506,"id":5064,"length":50.5107,"mcpPosition":[18.5593,289.634,10.2208],"pipPosition":[8.19061,261.202,-8.06576],"stabilizedTipPosition":[-12.0511,225.115,147.536],"timeVisible":106.805,"tipPosition":[0.611472,247.288,17.5114],"tipVelocity":[13.3607,-6.04158,-8.01641],"tool":false,"touchDistance":0.333333,"touchZone":"none","type":4,"wi