{"sensorType":"Leap","data":[[0,{"currentFrameRate":100.146,"devices":[],"gestures":[],"hands":[{"armBasis":[[0.947976,0.0851293,-0.306748],[0.119044,0.798875,0.589599],[0.295245,-0.595443,0.74718]],"armWidth":63.72,"confidence":0.717942,"direction":[0.0222865,0.223198,-0.974518],"elbow":[73.7848,103.394,282.552],"grabStrength":0,"id":506,"palmNormal":[-0.13904,-0.964596,-0.224105],"palmPosition":[-12.8754,273.12,27.294],"palmVelocity":[13.1967,92.1657,-179.16],"palmWidth":90.99,"pinchStrength":0.831238,"r":[[0.785206,-0.102955,0.610616],[0.619154,0.114638,-0.776857],[0.0099813,0.988058,0.153759]],"s":1.30763,"sphereCenter":[-45.8782,258.848,-0.942916],"sphereRadius":54.9927,"stabilizedPalmPosition":[-2.17403,259.442,8.38784],"t":[1.26328,10.6138,22.7182],"timeVisible":116.663,"type":"right","wrist":[-5.93141,264.163,80.8134]}],"id":1810650,"interactionBox":{"center":[0,200,0],"size":[235.247,235.247,147.751]},"pointables":[{"bases":[[[0.527098,0.84978,0.00644781],[-0.743292,0.457341,0.488217],[0.411928,-0.262131,0.872698]],[[0.470574,0.876171,-0.10433],[-0.877568,0.452427,-0.158696],[-0.0918436,0.166235,0.9818]],[[0.470574,0.876171,-0.10433],[-0.804173,0.377206,-0.459371],[-0.363134,0.300067,0.882096]],[[0.470574,0.876171,-0.10433],[-0.282651,0.0376755,-0.958483],[-0.835864,0.480526,0.26538]]],"btipPosition":[0.79478,227.212,-3.29584],"carpPosition":[-35.7333,256.987,81.9997],"dipPosition":[-18.7674,238.458,2.91501],"direction":[0.363134,-0.300067,-0.882096],"extended":false,"handId":506,"id":5060,"length":52.1164,"mcpPosition":[-35.7333,256.987,81.9997],"pipPosition":[-31.1487,248.689,32.9906],"stabilizedTipPosition":[1.60089,218.111,-10.227],"timeVisible":116.663,"tipPosition":[-3.78925,229.735,-1.75884],"tipVelocity":[34.8747,112.506,-206.418],"tool":false,"touchDistance":0.0486582,"touchZone":"hovering","type":0,"width":20.25},{"bases":[[[0.979723,-0.101022,-0.173024],[0.116103,0.990062,0.0793544],[0.163288,-0.0978339,0.981716]],[[0.993185,-0.11491,-0.0194512],[0.108015,0.844914,0.523882],[-0.0437646,-0.522413,0.851569]],[[0.993185,-0.11491,-0.0194512],[0.113814,0.920402,0.374041],[-0.0250781,-0.373706,0.927208]],[[0.993185,-0.11491,-0.0194512],[0.116323,0.967102,0.226234],[-0.00718525,-0.226955,0.973879]]],"btipPosition":[-34.1951,319.655,-71.9832],"carpPosition":[-24.7912,277.103,75.877],"dipPosition":[-34.3178,315.778,-55.3439],"direction":[0.0250781,0.373706,-0.927208],"extended":true,"handId":506,"id":5061,"length":58.8075,"mcpPosition":[-36.8042,284.301,3.65255],"pipPosition":[-34.924,306.745,-32.9329],"stabilizedTipPosition":[-25.9164,306.83,-75.5334],"timeVisible":116.663,"tipPosition":[-34.0198,318.755,-68.1573],"tipVelocity":[21.843,135.016,-161.241],"tool":false,"touchDistance":0.109372,"touchZone":"hovering","type":1,"width":19.3428},{"bases":[[[0.958533,-0.280602,-0.0497759],[0.283622,0.956342,0.0704943],[0.0278219,-0.0816886,0.996269]],[[0.958611,-0.280843,-0.0468239],[0.0506931,0.330181,-0.942555],[0.280171,0.90117,0.330752]],[[0.958611,-0.280843,-0.0468239],[-0.237197,-0.69677,-0.676941],[0.157489,0.66003,-0.734546]],[[0.958611,-0.280843,-0.0468239],[-0.284368,-0.936221,-0.206456],[0.0141442,0.211226,-0.977335]]],"btipPosition":[-32.9455,217.14,27.13],"carpPosition":[-12.7559,277.616,73.3262],"dipPosition":[-32.6797,221.109,8.76393],"direction":[-0.157489,-0.66003,0.734546],"extended":false,"handId":506,"id":5062,"length":67.0064,"mcpPosition":[-14.6969,283.315,3.81845],"pipPosition":[-28.2013,239.878,-12.1239],"stabilizedTipPosition":[-22.8989,207.314,18.959],"timeVisible":116.663,"tipPosition":[-32.6945,218.46,24.3441],"tipVelocity":[28.5301,73.3591,-266.27],"tool":false,"touchDistance":0.333333,"touchZone":"none","type":2,"width":18.9972},{"bases":[[[0.928053,-0.360854,0.0922044],[0.352122,0.930759,0.0984809],[-0.121357,-0.0589283,0.990858]],[[0.929465,-0.360108,0.080101],[0.197287,0.301733,-0.932757],[0.311724,0.882768,0.351495]],[[0.929465,-0.360108,0.080101],[-0.20784,-0.69055,-0.692779],[0.304789,0.627266,-0.716687]],[[0.929465,-0.360108,0.080101],[-0.334092,-0.913744,-0.231204],[0.15645,0.188135,-0.969602]]],"btipPosition":[-18.4977,218.471,32.1615],"carpPosition":[-0.805462,275.113,71.9638],"dipPosition":[-15.5746,221.987,14.0455],"direction":[-0.304789,-0.627266,0.716687],"extended":false,"handId":506,"id":5063,"length":64.4285,"mcpPosition":[6.79636,278.805,9.89646],"pipPosition":[-7.13135,239.363,-5.80821],"stabilizedTipPosition":[-6.17691,207.596,18.2112],"timeVisible":116.663,"tipPosition":[-17.7852,219.735,29.4132],"tipVelocity":[32.9315,77.443,-253.251],"tool":false,"touchDistance":0.333333,"touchZone":"none","type":3,"width":18.077},{"bases":[[[0.836746,-0.514044,0.188718],[0.480067,0.854415,0.198774],[-0.263422,-0.0757259,0.961704]],[[0.851903,-0.508137,0.12672],[0.302897,0.280689,-0.910751],[0.427217,0.814255,0.393033]],[[0.851903,-0.508137,0.12672],[-0.272088,-0.636203,-0.721952],[0.44747,0.580554,-0.680241]],[[0.851903,-0.508137,0.12672],[-0.457863,-0.840129,-0.290766],[0.25421,0.189684,-0.948366]]],"btipPosition":[-3.09685,226.687,32.4449],"carpPosition":[9.86838,265.712,72.4554],"dipPosition":[1.28491,229.957,16.0981],"direction":[-0.44747,-0.580554,0.680241],"extended":false,"handId":506,"id":5064,"length":50.5107,"mcpPosition":[25.1429,270.103,16.6908],"pipPosition":[10.0369,241.312,2.79342],"stabilizedTipPosition":[9.66621,213.615,11.2013],"timeVisible":116.663,"tipPosition":[-2.17965,227.787,29.6376],"tipVelocity":[31.7836,90.4215,-217.292],"tool":false,"touchDistance":0.333333,"touchZone":"none","type":4,"width":16.0574}],"r":[[0.785206,-0.102955,0.610616],[0.619154,0.114638,-0.776857],[0.0099813,0.988058,0.153759]],"s":1.30763,"t":[1.26328,10.6138,22.7182],"timestamp":97931136733},false],[1,{"currentFrameRate":100.441,"devices":[],"gestures":[],"hands":[{"armBasis":[[0.950781,0.0845442,-0.298108],[0.113738,0.799685,0.589548],[0.288235,-0.594437,0.75071]],"armWidth":63.72,"confidence":0.668477,"direction":[0.0200779,0.218296,-0.975676],"elbow":[72.3083,104.854,281.836],"grabStrength":0,"id":506,"palmNormal":[-0.132721,-0.966654,-0.219009],"palmPosition":[-12.5581,273.985,25.5848],"palmVelocity":[19.0613,92.1836,-180.023],"palmWidth":90.99,"pinchStrength":0.830086,"r":[[0.784538,-0.101581,0.611704],[0.620052,0.119012,-0.775481],[0.00597416,0.987683,0.156355]],"s":1.3064,"sphereCenter":[-45.5162,259.348,-2.57234],"sphereRadius":55.0005,"stabilizedPalmPosition":[-2.18453,259.457,8.40523],"t":[1.51009,11.4918,21.0364],"timeVisible":116.673,"type":"right","wrist":[-5.51521,265.352,79.1445]}],"id":1810651,"interactionBox":{"center":[0,200,0],"size":[235.247,235.247,147.751]},"pointables":[{"bases":[[[0.521383,0.853321,0.00165262],[-0.745991,0.454862,0.486413],[0.414314,-0.25484,0.873728]],[[0.464701,0.878729,-0.109039],[-0.880641,0.44581,-0.160391],[-0.0923298,0.170558,0.981012]],[[0.464701,0.878729,-0.109039],[-0.807048,0.369656,-0.460464],[-0.364316,0.301977,0.880956]],[[0.464701,0.878729,-0.109039],[-0.285421,0.0320815,-0.957865],[-0.838205,0.476242,0.265716]]],"btipPosition":[1.38011,228.027,-4.83462],"carpPosition":[-35.2674,257.982,80.3906],"dipPosition":[-18.2369,239.173,1.38408],"direction":[0.364316,-0.301977,-0.880956],"extended":false,"handId":506,"id":5060,"length":52.1164,"mcpPosition":[-35.2674,257.982,80.3906],"pipPosition":[-30.6585,249.469,31.4208],"stabilizedTipPosition":[1.58749,218.146,-10.2076],"timeVisible":116.673,"tipPosition":[-3.20823,230.523,-3.28132],"tipVelocity":[42.3187,104.512,-194.31],"tool":false,"touchDistance":0.0230419,"touchZone":"hovering","type":0,"width":20.25},{"bases":[[[0.980253,-0.0953373,-0.173246],[0.109508,0.991217,0.0741463],[0.164656,-0.091654,0.982084]],[[0.993921,-0.108343,-0.0195658],[0.102698,0.848331,0.519411],[-0.0396763,-0.518263,0.8543]],[[0.993921,-0.108343,-0.0195658],[0.107886,0.923034,0.369281],[-0.0219491,-0.369147,0.929112]],[[0.993921,-0.108343,-0.0195658],[0.109981,0.968975,0.221341],[-0.00502199,-0.222148,0.975]]],"btipPosition":[-34.2578,319.866,-73.9141],"carpPosition":[-24.465,278.14,74.1556],"dipPosition":[-34.3436,316.071,-57.2557],"direction":[0.0219491,0.369147,-0.929112],"extended":true,"handId":506,"id":5061,"length":58.8075,"mcpPosition":[-36.5787,284.883,1.90412],"pipPosition":[-34.8741,307.149,-34.7987],"stabilizedTipPosition":[-25.9714,306.91,-75.4976],"timeVisible":116.673,"tipPosition":[-34.0777,318.985,-70.0844],"tipVelocity":[13.9878,103.595,-173.79],"tool":false,"touchDistance":0.077262,"touchZone":"hovering","type":1,"width":19.3428},{"bases":[[[0.960359,-0.274416,-0.0490551],[0.277243,0.958576,0.065333],[0.0290947,-0.0763433,0.996657]],[[0.960442,-0.274642,-0.0460848],[0.0486694,0.328478,-0.943257],[0.274196,0.9037,0.328851]],[[0.960442,-0.274642,-0.0460848],[-0.232518,-0.699792,-0.675445],[0.153256,0.659441,-0.735969]],[[0.960442,-0.274642,-0.0460848],[-0.278195,-0.938722,-0.203493],[0.0126268,0.208263,-0.977991]]],"btipPosition":[-32.2769,217.822,25.5142],"carpPosition":[-12.4353,278.72,71.593],"dipPosition":[-32.0396,221.735,7.13583],"direction":[-0.153256,-0.659441,0.735969],"extended":false,"handId":506,"id":5062,"length":67.0064,"mcpPosition":[-14.4652,284.046,2.05826],"pipPosition":[-27.6815,240.487,-13.7925],"stabilizedTipPosition":[-22.9045,207.321,18.9604],"timeVisible":116.673,"tipPosition":[-32.0384,219.126,22.7013],"tipVelocity":[40.4869,72.7713,-239.616],"tool":false,"touchDistance":0.333333,"touchZone":"none","type":2,"width":18.9972},{"bases":[[[0.930523,-0.354135,0.0933613],[0.345934,0.933598,0.0933992],[-0.120238,-0.0546132,0.991242]],[[0.931943,-0.353429,0.08105],[0.195359,0.301091,-0.93337],[0.305477,0.885682,0.349645]],[[0.931943,-0.353429,0.08105],[-0.20291,-0.693561,-0.691231],[0.300515,0.627743,-0.718074]],[[0.931943,-0.353429,0.08105],[-0.327829,-0.916767,-0.22818],[0.15495,0.18608,-0.97024]]],"btipPosition":[-17.8062,219.273,30.5412],"carpPosition":[-0.469367,276.291,70.2345],"dipPosition":[-14.9111,222.75,12.4132],"direction":[-0.300515,-0.627743,0.718074],"extended":false,"handId":506,"id":5063,"length":64.4285,"mcpPosition":[7.06233,279.712,8.14313],"pipPosition":[-6.58626,240.14,-7.47889],"stabilizedTipPosition":[-6.18176,207.602,18.2148],"timeVisible":116.673,"tipPosition":[-17.1065,220.521,27.761],"tipVelocity":[44.3346,79.465,-230.435],"tool":false,"touchDistance":0.333333,"touchZone":"none","type":3,"width":18.077},{"bases":[[[0.840317,-0.507432,0.190735],[0.474462,0.858635,0.193988],[-0.262207,-0.0725146,0.962283]],[[0.855374,-0.501752,0.128763],[0.300399,0.277965,-0.912412],[0.422013,0.819134,0.38849]],[[0.855374,-0.501752,0.128763],[-0.268319,-0.641787,-0.718411],[0.443102,0.579961,-0.683598]],[[0.855374,-0.501752,0.128763],[-0.452431,-0.844692,-0.28601],[0.252271,0.186389,-0.949536]]],"btipPosition":[-2.46503,227.649,30.969],"carpPosition":[10.2677,266.964,70.7665],"dipPosition":[1.88331,230.862,14.602],"direction":[-0.443102,-0.579961,0.683598],"extended":false,"handId":506,"id":5064,"length":50.5107,"mcpPosition":[25.4719,271.169,14.9683],"pipPosition":[10.5499,242.205,1.23164],"stabilizedTipPosition":[9.65948,213.624,11.211],"timeVisible":116.673,"tipPosition":[-1.55626,228.737,28.1487],"tipVelocity":[41.6649,93.4586,-200.382],"tool":false,"touchDistance":0.333333,"touchZone":"none","type":4,"width":16.0574}],"r":[[0.784538,-0.101581,0.611704],[0.620052,0.119012,-0.775481],[0.00597416,0.987683,0.156355]],"s":1.3064,"t":[1.51009,11.4918,21.0364],"timestamp":97931146114},false],[2,{"currentFrameRate":100.739,"devices":[],"gestures":[],"hands":[{"armBasis":[[0.948066,0.0773576,-0.308523],[0.124449,0.802434,0.583619],[0.292717,-0.591705,0.751134]],"armWidth":63.72,"confidence":0.680713,"direction":[0.0190918,0.210648,-0.977376],"elbow":[73.5558,106.889,280.56],"grabStrength":0,"id":506,"palmNormal":[-0.144029,-0.966778,-0.211177],"palmPosition":[-12.6109,274.952,24.154],"palmVelocity":[12.0549,95.3664,-172.371],"palmWidth":90.99,"pinchStrength":0.831798,"r":[[0.784188,-0.101269,0.612205],[0.620503,0.119968,-0.774973],[0.00503643,0.987599,0.156915]],"s":1.30525,"sphereCenter":[-45.8627,260.464,-3.79911],"sphereRadius":55.0055,"stabilizedPalmPosition":[-2.19597,259.474,8.42251],"t":[1.6071,12.4142,19.4801],"timeVisible":116.682,"type":"right","wrist":[-5.47781,266.649,77.754]}],"id":1810652,"interactionBox":{"center":[0,200,0],"size":[235.247,235.247,147.751]},"pointables":[{"bases":[[[0.530676,0.847549,-0.00661603],[-0.739294,0.466684,0.485439],[0.414521,-0.25272,0.874246]],[[0.473893,0.872734,-0.117305],[-0.876284,0.454232,-0.160619],[-0.0868945,0.178909,0.980021]],[[0.473893,0.872734,-0.117305],[-0.80488,0.375257,-0.459728],[-0.357201,0.312278,0.880278]],[[0.473893,0.872734,-0.117305],[-0.291142,0.0295633,-0.956223],[-0.83106,0.4873,0.268099]]],"btipPosition":[0.662108,228.633,-6.05181],"carpPosition":[-35.3042,259.615,79.1566],"dipPosition":[-18.7877,240.037,0.222679],"direction":[0.357201,-0.312278,-0.880278],"extended":false,"handId":506,"id":5060,"length":52.1164,"mcpPosition":[-35.3042,259.615,79.1566],"pipPosition":[-30.9667,250.685,30.2363],"stabilizedTipPosition":[1.57276,218.182,-10.1924],"timeVisible":116.682,"tipPosition":[-3.86561,231.187,-4.46167],"tipVelocity":[9.70847,95.0664,-175.74],"tool":false,"touchDistance":0.00296923,"touchZone":"hovering","type":0,"width":20.25},{"bases":[[[0.978549,-0.107378,-0.175816],[0.120585,0.990493,0.0662109],[0.167035,-0.0859914,0.982194]],[[0.992606,-0.11937,-0.0220156],[0.113723,0.851121,0.512503],[-0.0424397,-0.511217,0.858403]],[[0.992606,-0.11937,-0.0220156],[0.119216,0.924585,0.361843],[-0.022838,-0.361792,0.931979]],[[0.992606,-0.11937,-0.0220156],[0.121312,0.969357,0.213611],[-0.00415784,-0.214702,0.976671]]],"btipPosition":[-34.1463,320.308,-75.6204],"carpPosition":[-24.3039,279.605,72.7316],"dipPosition":[-34.2173,316.639,-58.9334],"direction":[0.022838,0.361792,-0.931979],"extended":true,"handId":506,"id":5061,"length":58.8075,"mcpPosition":[-36.5926,285.932,0.472003],"pipPosition":[-34.7693,307.895,-36.4071],"stabilizedTipPosition":[-26.0186,306.982,-75.4762],"timeVisible":116.682,"tipPosition":[-33.9672,319.455,-71.7838],"tipVelocity":[13.5059,88.4929,-176.061],"tool":false,"touchDistance":0.0489344,"touchZone":"hovering","type":1,"width":19.3428},{"bases":[[[0.957129,-0.285279,-0.0501959],[0.287922,0.955951,0.0570817],[0.0317006,-0.069087,0.997107]],[[0.95722,-0.285485,-0.0472108],[0.0497145,0.322982,-0.945098],[0.28506,0.90232,0.323358]],[[0.95722,-0.285485,-0.0472108],[-0.242085,-0.700721,-0.671107],[0.158509,0.653826,-0.739855]],[[0.95722,-0.285485,-0.0472108],[-0.289112,-0.936799,-0.197031],[0.0120224,0.202251,-0.97926]]],"btipPosition":[-32.9626,218.969,24.4131],"carpPosition":[-12.2775,280.034,70.1241],"dipPosition":[-32.7366,222.77,6.01085],"direction":[-0.158509,-0.653826,0.739855],"extended":false,"handId":506,"id":5062,"length":67.0064,"mcpPosition":[-14.4892,284.854,0.557994],"pipPosition":[-28.2292,241.362,-15.028],"stabilizedTipPosition":[-22.9103,207.328,18.9611],"timeVisible":116.682,"tipPosition":[-32.722,220.244,21.5666],"tipVelocity":[8.12993,86.1456,-205.235],"tool":false,"touchDistance":0.333333,"touchZone":"none","type":2,"width":18.9972},{"bases":[[[0.926915,-0.363583,0.0929244],[0.356433,0.930437,0.085106],[-0.117403,-0.0457648,0.992029]],[[0.928325,-0.362976,0.0803855],[0.196438,0.295334,-0.934981],[0.315635,0.883757,0.345468]],[[0.928325,-0.362976,0.0803855],[-0.211858,-0.694182,-0.687915],[0.305499,0.621578,-0.721326]],[[0.928325,-0.362976,0.0803855],[-0.338261,-0.914381,-0.222457],[0.15425,0.179321,-0.971623]]],"btipPosition":[-18.4368,220.275,29.3038],"carpPosition":[-0.343582,277.464,68.7439],"dipPosition":[-15.5548,223.626,11.15],"direction":[-0.305499,-0.621578,0.721326],"extended":false,"handId":506,"id":5063,"length":64.4285,"mcpPosition":[7.01057,280.331,6.60317],"pipPosition":[-7.09189,240.845,-8.8322],"stabilizedTipPosition":[-6.18688,207.608,18.2178],"timeVisible":116.682,"tipPosition":[-17.7349,221.494,26.5025],"tipVelocity":[12.5449,86.4428,-202.804],"tool":false,"touchDistance":0.333333,"touchZone":"none","type":3,"width":18.077},{"bases":[[[0.835377,-0.51514,0.191769],[0.484481,0.854837,0.18583],[-0.259659,-0.0623301,0.963687]],[[0.8503,-0.510087,0.129619],[0.301554,0.270342,-0.91432],[0.431341,0.816533,0.38369]],[[0.8503,-0.510087,0.129619],[-0.276488,-0.642502,-0.714664],[0.447822,0.571841,-0.687353]],[[0.8503,-0.510087,0.129619],[-0.462122,-0.841477,-0.279929],[0.251859,0.178124,-0.95123]]],"btipPosition":[-3.00283,228.512,29.7043],"carpPosition":[10.2928,268.025,69.3109],"dipPosition":[1.33843,231.582,13.3081],"direction":[-0.447822,-0.571841,0.687353],"extended":false,"handId":506,"id":5064,"length":50.5107,"mcpPosition":[25.3492,271.639,13.4313],"pipPosition":[10.0973,242.767,-0.135685],"stabilizedTipPosition":[9.65191,213.634,11.2205],"timeVisible":116.682,"tipPosition":[-2.08579,229.569,26.8801],"tipVelocity":[13.4897,92.1458,-182.124],"tool":false,"touchDistance":0.333333,"touchZone":"none","type":4,"width":16.0574}],"r":[[0.784188,-0.101269,0.612205],[0.620503,0.119968,-0.774973],[0.00503643,0.987599,0.156915]],"s":1.30525,"t":[1.6071,12.4142,19.4801],"timestamp":97931155463},false],[3,{"currentFrameRate":100.9,"devices":[],"gestures":[],"hands":[{"armBasis":[[0.950019,0.0684936,-0.304587],[0.128289,0.803806,0.580893],[0.284616,-0.590935,0.754844]],"armWidth":63.72,"confidence":0.686607,"direction":[0.0186648,0.219726,-0.975383],"elbow":[71.5991,107.62,280.089],"grabStrength":0,"id":506,"palmNormal":[-0.147014,-0.964346,-0.220053],"palmPosition":[-12.4131,275.996,22.7685],"palmVelocity":[14.5334,99.2518,-164.239],"palmWidth":90.99,"pinchStrength":0.832208,"r":[[0.783982,-0.102612,0.612245],[0.620765,0.121827,-0.774473],[0.00488212,0.987233,0.159208]],"s":1.30411,"sphereCenter":[-45.7382,261.867,-5.30665],"sphereRadius":54.99,"stabilizedPalmPosition":[-2.20921,259.495,8.4411],"t":[1.75449,13.3975,18.0092],"timeVisible":116.692,"type":"right","wrist":[-5.24735,267.172,76.2808]}],"id":1810653,"interactionBox":{"center":[0,200,0],"size":[235.247,235.247,147.751]},"pointables":[{"bases":[[[0.53309,0.846058,0.000736929],[-0.737445,0.464227,0.49058],[0.414717,-0.262067,0.871396]],[[0.476264,0.872439,-0.109649],[-0.875166,0.458242,-0.155235],[-0.0851877,0.169894,0.981773]],[[0.476264,0.872439,-0.109649],[-0.80459,0.382094,-0.454576],[-0.354694,0.30472,0.883933]],[[0.476264,0.872439,-0.109649],[-0.294597,0.0408269,-0.954749],[-0.828484,0.487015,0.276462]]],"btipPosition":[0.643108,229.942,-7.96649],"carpPosition":[-35.0923,260.21,77.6497],"dipPosition":[-18.7464,241.34,-1.49628],"direction":[0.354694,-0.30472,-0.883933],"extended":false,"handId":506,"id":5060,"length":52.1164,"mcpPosition":[-35.0923,260.21,77.6497],"pipPosition":[-30.8399,251.73,28.642],"stabilizedTipPosition":[1.57276,218.182,-10.1924],"timeVisible":116.692,"tipPosition":[-3.85086,232.49,-6.3121],"tipVelocity":[6.73861,107.004,-181.254],"tool":false,"touchDistance":-0.0781917,"touchZone":"hovering","type":0,"width":20.25},{"bases":[[[0.978053,-0.108516,-0.177869],[0.123486,0.989482,0.0753402],[0.167823,-0.095651,0.981166]],[[0.992241,-0.122008,-0.0239231],[0.11657,0.845998,0.520287],[-0.0432405,-0.519039,0.853656]],[[0.992241,-0.122008,-0.0239231],[0.122143,0.920615,0.370877],[-0.0232261,-0.370921,0.928374]],[[0.992241,-0.122008,-0.0239231],[0.124262,0.966719,0.223637],[-0.00415869,-0.224875,0.974379]]],"btipPosition":[-33.8981,322.372,-76.546],"carpPosition":[-24.0416,280.228,71.4001],"dipPosition":[-33.9692,318.53,-59.8982],"direction":[0.0232261,0.370921,-0.928374],"extended":true,"handId":506,"id":5061,"length":58.8075,"mcpPosition":[-36.3883,287.265,-0.783887],"pipPosition":[-34.5306,309.564,-37.459],"stabilizedTipPosition":[-26.0724,307.081,-75.4574],"timeVisible":116.692,"tipPosition":[-33.7336,321.47,-72.7213],"tipVelocity":[17.0848,123.965,-153.243],"tool":false,"touchDistance":0.0333567,"touchZone":"hovering","type":1,"width":19.3428},{"bases":[[[0.956256,-0.287523,-0.0538949],[0.290714,0.954551,0.0657076],[0.0325529,-0.0785013,0.996382]],[[0.956352,-0.287764,-0.0508266],[0.0503184,0.333505,-0.941405],[0.287853,0.897757,0.333427]],[[0.956352,-0.287764,-0.0508266],[-0.244566,-0.693004,-0.678184],[0.159934,0.661013,-0.733133]],[[0.956352,-0.287764,-0.0508266],[-0.291985,-0.934086,-0.205495],[0.0116575,0.211366,-0.977337]]],"btipPosition":[-32.9296,220.083,22.4106],"carpPosition":[-12.0168,280.647,68.7838],"dipPosition":[-32.7105,224.055,4.04447],"direction":[-0.159934,-0.661013,0.733133],"extended":false,"handId":506,"id":5062,"length":67.0064,"mcpPosition":[-14.2879,286.124,-0.731842],"pipPosition":[-28.1626,242.852,-16.8032],"stabilizedTipPosition":[-22.9164,207.337,18.9607],"timeVisible":116.692,"tipPosition":[-32.6956,221.361,19.5494],"tipVelocity":[6.72129,96.0057,-205.958],"tool":false,"touchDistance":0.333333,"touchZone":"none","type":2,"width":18.9972},{"bases":[[[0.925969,-0.367076,0.0885195],[0.359181,0.928581,0.0934182],[-0.116489,-0.0547079,0.991684]],[[0.927388,-0.366344,0.0757827],[0.198364,0.309795,-0.929881],[0.317179,0.877394,0.359969]],[[0.927388,-0.366344,0.0757827],[-0.212576,-0.682739,-0.699055],[0.307834,0.632186,-0.71104]],[[0.927388,-0.366344,0.0757827],[-0.34042,-0.910402,-0.235122],[0.155128,0.192251,-0.969007]]],"btipPosition":[-18.3923,221.176,26.9664],"carpPosition":[-0.0917109,278.056,67.3666],"dipPosition":[-15.4939,224.769,8.86151],"direction":[-0.307834,-0.632186,0.71104],"extended":false,"handId":506,"id":5063,"length":64.4285,"mcpPosition":[7.20517,281.483,5.24755],"pipPosition":[-6.96627,242.281,-10.8357],"stabilizedTipPosition":[-6.19213,207.614,18.2199],"timeVisible":116.692,"tipPosition":[-17.6874,222.434,24.2045],"tipVelocity":[10.3662,90.2708,-214.256],"tool":false,"touchDistance":0.333333,"touchZone":"none","type":3,"width":18.077},{"bases":[[[0.834103,-0.51929,0.186041],[0.487118,0.851677,0.193293],[-0.258821,-0.0706019,0.963341]],[[0.849139,-0.513614,0.123139],[0.301568,0.280068,-0.911383],[0.433612,0.811026,0.392706]],[[0.849139,-0.513614,0.123139],[-0.27869,-0.633749,-0.721591],[0.448659,0.578414,-0.68128]],[[0.849139,-0.513614,0.123139],[-0.464633,-0.837271,-0.288257],[0.251154,0.187556,-0.949602]]],"btipPosition":[-2.91046,229.452,27.7816],"carpPosition":[10.5182,268.581,67.8338],"dipPosition":[1.41863,232.685,11.4135],"direction":[-0.448659,-0.578414,0.68128],"extended":false,"handId":506,"id":5064,"length":50.5107,"mcpPosition":[25.526,272.675,11.9743],"pipPosition":[10.1939,243.998,-1.9115],"stabilizedTipPosition":[9.64361,213.646,11.2297],"timeVisible":116.692,"tipPosition":[-1.99838,230.531,24.9581],"tipVelocity":[12.2837,94.9506,-187.192],"tool":false,"touchDistance":0.333333,"touchZone":"none","type":4,"width":16.0574}],"r":[[0.783982,-0.102612,0.612245],[0.620765,0.121827,-0.774473],[0.00488212,0.987233,0.159208]],"s":1.30411,"t":[1.75449,13.3975,18.0092],"timestamp":97931165063},false],[4,{"currentFrameRate":101.053,"devices":[],"gestures":[],"hands":[{"armBasis":[[0.951894,0.0603741,-0.300422],[0.131796,0.804418,0.579259],[0.276637,-0.590988,0.757763]],"armWidth":63.72,"confidence":0.688469,"direction":[0.0153405,0.225306,-0.974167],"elbow":[69.8938,107.983,279.887],"grabStrength":0,"id":506,"palmNormal":[-0.148872,-0.962908,-0.225046],"palmPosition":[-12.1498,276.688,21.8567],"palmVelocity":[18.2718,91.3725,-144.158],"palmWidth":90.99,"pinchStrength":0.836106,"r":[[0.784243,-0.104557,0.611581],[0.620433,0.12407,-0.774383],[0.00508834,0.98675,0.162171]],"s":1.30293,"sphereCenter":[-45.5783,262.756,-6.20418],"sphereRadius":54.9648,"stabilizedPalmPosition":[-2.20921,259.495,8.4411],"t":[1.95984,14.2351,16.8179],"timeVisible":116.701,"type":"right","wrist":[-4.79819,267.549,75.2909]}],"id":1810654,"interactionBox":{"center":[0,200,0],"size":[235.247,235.247,147.751]},"pointables":[{"bases":[[[0.534014,0.845468,0.00364245],[-0.735139,0.462192,0.495933],[0.417612,-0.267513,0.868353]],[[0.476815,0.872543,-0.10638],[-0.875239,0.460092,-0.14924],[-0.0812735,0.164267,0.983062]],[[0.476815,0.872543,-0.10638],[-0.806084,0.385782,-0.448777],[-0.350538,0.299734,0.887289]],[[0.476815,0.872543,-0.10638],[-0.300211,0.0479061,-0.952669],[-0.826148,0.486183,0.284789]]],"btipPosition":[0.698112,230.814,-9.26079],"carpPosition":[-34.6455,260.612,76.7291],"dipPosition":[-18.6367,242.192,-2.5957],"direction":[0.350538,-0.299734,-0.887289],"extended":false,"handId":506,"id":5060,"length":52.1164,"mcpPosition":[-34.6455,260.612,76.7291],"pipPosition":[-30.5885,252.412,27.657],"stabilizedTipPosition":[1.57276,218.182,-10.1924],"timeVisible":116.701,"tipPosition":[-3.76607,233.354,-7.54605],"tipVelocity":[6.82572,102.167,-166.438],"tool":false,"touchDistance":-0.0990164,"touchZone":"hovering","type":0,"width":20.25},{"bases":[[[0.977277,-0.108542,-0.182068],[0.124843,0.9889,0.0805667],[0.171303,-0.101466,0.97998]],[[0.992022,-0.122978,-0.0277218],[0.119152,0.842869,0.524761],[-0.0411683,-0.523877,0.850798]],[[0.992022,-0.122978,-0.0277218],[0.124323,0.917947,0.37672],[-0.0208812,-0.377161,0.925912]],[[0.992022,-0.122978,-0.0277218],[0.126053,0.964823,0.230709],[-0.00162552,-0.232363,0.972628]]],"btipPosition":[-33.8974,323.711,-77.0926],"carpPosition":[-23.5959,280.653,70.554],"dipPosition":[-33.9252,319.741,-60.4747],"direction":[0.0208812,0.377161,-0.925912],"extended":true,"handId":506,"id":5061,"length":58.8075,"mcpPosition":[-36.1986,288.118,-1.54268],"pipPosition":[-34.4299,310.625,-38.095],"stabilizedTipPosition":[-26.1402,307.217,-75.4384],"timeVisible":116.701,"tipPosition":[-33.7476,322.762,-73.2811],"tipVelocity":[12.4542,127.586,-125.528],"tool":false,"touchDistance":0.0241321,"touchZone":"hovering","type":1,"width":19.3428},{"bases":[[[0.955738,-0.288235,-0.0590448],[0.291996,0.953845,0.0701217],[0.0361081,-0.0842588,0.995789]],[[0.955848,-0.288502,-0.0558652],[0.0485111,0.342414,-0.938296],[0.289829,0.894158,0.341292]],[[0.955848,-0.288502,-0.0558652],[-0.247224,-0.686718,-0.683593],[0.158854,0.667222,-0.727723]],[[0.955848,-0.288502,-0.0558652],[-0.293727,-0.93223,-0.211357],[0.00889793,0.218435,-0.975811]]],"btipPosition":[-32.7538,220.776,21.0028],"carpPosition":[-11.5802,281.074,67.8961],"dipPosition":[-32.5866,224.881,2.66533],"direction":[-0.158854,-0.667222,0.727723],"extended":false,"handId":506,"id":5062,"length":67.0064,"mcpPosition":[-14.0994,286.953,-1.57809],"pipPosition":[-28.0693,243.854,-18.0285],"stabilizedTipPosition":[-22.9227,207.346,18.9593],"timeVisible":116.701,"tipPosition":[-32.5306,222.059,18.1443],"tipVelocity":[9.72146,90.0167,-188.563],"tool":false,"touchDistance":0.333333,"touchZone":"none","type":2,"width":18.9972},{"bases":[[[0.925885,-0.368572,0.0830205],[0.360535,0.927643,0.0974319],[-0.112924,-0.0602789,0.991773]],[[0.927274,-0.367757,0.0701243],[0.196928,0.319819,-0.926788],[0.318406,0.873195,0.368982]],[[0.927274,-0.367757,0.0701243],[-0.214322,-0.675017,-0.705987],[0.306967,0.639614,-0.704744]],[[0.927274,-0.367757,0.0701243],[-0.341742,-0.90794,-0.242607],[0.152889,0.200998,-0.967587]]],"btipPosition":[-18.1761,221.766,25.4111],"carpPosition":[0.336736,278.479,66.4205],"dipPosition":[-15.3195,225.522,7.33273],"direction":[-0.306967,-0.639615,0.704744],"extended":false,"handId":506,"id":5063,"length":64.4285,"mcpPosition":[7.4103,282.254,4.29585],"pipPosition":[-6.81595,243.24,-12.1901],"stabilizedTipPosition":[-6.19723,207.621,18.2213],"timeVisible":116.701,"tipPosition":[-17.4788,223.045,22.6572],"tipVelocity":[13.5991,83.0464,-198.924],"tool":false,"touchDistance":0.333333,"touchZone":"none","type":3,"width":18.077},{"bases":[[[0.834208,-0.521244,0.180002],[0.488753,0.850029,0.196394],[-0.255376,-0.0758571,0.963861]],[[0.849294,-0.515074,0.115754],[0.299517,0.289565,-0.909088],[0.434729,0.806753,0.4002]],[[0.849294,-0.515074,0.115754],[-0.280628,-0.626194,-0.727412],[0.447156,0.585303,-0.676367]],[[0.849294,-0.515074,0.115754],[-0.465959,-0.83444,-0.294266],[0.248159,0.195982,-0.948688]]],"btipPosition":[-2.64901,230.036,26.3353],"carpPosition":[10.9379,268.99,66.7945],"dipPosition":[1.62845,233.415,9.98298],"direction":[-0.447156,-0.585303,0.676367],"extended":false,"handId":506,"id":5064,"length":50.5107,"mcpPosition":[25.746,273.389,10.9048],"pipPosition":[10.3743,244.862,-3.24595],"stabilizedTipPosition":[9.63521,213.659,11.2381],"timeVisible":116.701,"tipPosition":[-1.75075,231.145,23.5369],"tipVelocity":[16.2598,86.0794,-176.49],"tool":false,"touchDistance":0.333333,"touchZone":"none","type":4,"width":16.0574}],"r":[[0.784243,-0.104557,0.611581],[0.620433,0.12407,-0.774383],[0.00508834,0.98675,0.162171]],"s":1.30293,"t":[1.95984,14.2351,16.8179],"timestamp":97931174663},false],[5,{"currentFrameRate":101.373,"devices":[],"gestures":[],"hands":[{"armBasis":[[0.953298,0.0501791,-0.297835],[0.137706,0.805437,0.576461],[0.268814,-0.590553,0.760912]],"armWidth":63.72,"confidence":0.688798,"direction":[0.0147799,0.229146,-0.97328],"elbow":[67.9554,109.443,278.306],"grabStrength":0,"id":506,"palmNormal":[-0.154479,-0.961176,-0.228642],"palmPosition":[-12.024,278.285,19.4766],"palmVelocity":[16.9614,114.236,-175.967],"palmWidth":90.99,"pinchStrength":0.844602,"r":[[0.784561,-0.107449,0.610671],[0.620019,0.125818,-0.774433],[0.00637894,0.986217,0.165332]],"s":1.30169,"sphereCenter":[-45.5427,264.65,-8.60193],"sphereRadius":54.9304,"stabilizedPalmPosition":[-2.21504,259.506,8.44766],"t":[2.12544,15.4527,15.0321],"timeVisible":116.711,"type":"right","wrist":[-4.62435,268.892,72.8599]}],"id":1810655,"interactionBox":{"center":[0,200,0],"size":[235.247,235.247,147.751]},"pointables":[{"bases":[[[0.538577,0.842554,0.00605767],[-0.731727,0.464145,0.499144],[0.417744,-0.27326,0.866498]],[[0.481324,0.870381,-0.103748],[-0.873023,0.465426,-0.145637],[-0.0784723,0.160673,0.983883]],[[0.481324,0.870381,-0.103748],[-0.805024,0.392118,-0.445173],[-0.346789,0.297792,0.889414]],[[0.481324,0.870381,-0.103748],[-0.303542,0.0544716,-0.95126],[-0.822307,0.489356,0.290416]]],"btipPosition":[0.480048,232.483,-11.9098],"carpPosition":[-34.506,262.11,74.3252],"dipPosition":[-18.7649,243.936,-5.11297],"direction":[0.346789,-0.297792,-0.889414],"extended":false,"handId":506,"id":5060,"length":52.1164,"mcpPosition":[-34.506,262.11,74.3252],"pipPosition":[-30.5889,254.089,25.2121],"stabilizedTipPosition":[1.55578,218.234,-10.1928],"timeVisible":116.711,"tipPosition":[-3.94962,235.037,-10.1523],"tipVelocity":[-1.08906,124.697,-199.234],"tool":false,"touchDistance":-0.142661,"touchZone":"hovering","type":0,"width":20.25},{"bases":[[[0.976343,-0.113075,-0.184307],[0.130327,0.98788,0.0843134],[0.172539,-0.106339,0.979246]],[[0.991306,-0.12828,-0.0292829],[0.124298,0.839957,0.528225],[-0.0431641,-0.527272,0.848599]],[[0.991306,-0.12828,-0.0292829],[0.129695,0.915082,0.381843],[-0.0221864,-0.382321,0.923763]],[[0.991306,-0.12828,-0.0292829],[0.13156,0.962465,0.23739],[-0.00226848,-0.239178,0.970973]]],"btipPosition":[-33.6238,325.92,-79.2075],"carpPosition":[-23.3596,282.116,68.2105],"dipPosition":[-33.6626,321.833,-62.6178],"direction":[0.0221864,0.382321,-0.923763],"extended":true,"handId":506,"id":5061,"length":58.8075,"mcpPosition":[-36.0533,289.939,-3.83224],"pipPosition":[-34.1989,312.592,-40.2901],"stabilizedTipPosition":[-26.1402,307.217,-75.4384],"timeVisible":116.711,"tipPosition":[-33.5108,324.912,-75.4137],"tipVelocity":[17.189,158.018,-154.709],"tool":false,"touchDistance":-0.0612241,"touchZone":"hovering","type":1,"width":19.3428},{"bases":[[[0.954058,-0.293143,-0.0619676],[0.297269,0.951967,0.073419],[0.0374689,-0.088467,0.995374]],[[0.954177,-0.293435,-0.0586634],[0.0498468,0.349161,-0.935736],[0.295061,0.889934,0.347788]],[[0.954177,-0.293435,-0.0586634],[-0.251628,-0.680686,-0.688004],[0.161953,0.671239,-0.723332]],[[0.954177,-0.293435,-0.0586634],[-0.299111,-0.929456,-0.215972],[0.00884881,0.223623,-0.974636]]],"btipPosition":[-32.9546,222.47,18.2076],"carpPosition":[-11.3467,282.483,65.5321],"dipPosition":[-32.7883,226.672,-0.107708],"direction":[-0.161953,-0.671239,0.723332],"extended":false,"handId":506,"id":5062,"length":67.0064,"mcpPosition":[-13.9609,288.655,-3.91312],"pipPosition":[-28.1829,245.76,-20.6767],"stabilizedTipPosition":[-22.9298,207.357,18.9557],"timeVisible":116.711,"tipPosition":[-32.732,223.753,15.3445],"tipVelocity":[0.882757,116.879,-220.349],"tool":false,"touchDistance":0.333333,"touchZone":"none","type":2,"width":18.9972},{"bases":[[[0.924031,-0.37389,0.0798282],[0.365716,0.925285,0.100497],[-0.111439,-0.0636679,0.99173]],[[0.925413,-0.373023,0.0668169],[0.198166,0.326048,-0.92435],[0.323019,0.868646,0.37565]],[[0.925413,-0.373023,0.0668169],[-0.218104,-0.66845,-0.71106],[0.309906,0.643451,-0.69995]],[[0.925413,-0.373023,0.0668169],[-0.346693,-0.904548,-0.248186],[0.153018,0.20651,-0.966405]]],"btipPosition":[-18.3425,223.323,22.5646],"carpPosition":[0.55333,279.829,64.0241],"dipPosition":[-15.4835,227.182,4.5083],"direction":[-0.309906,-0.643451,0.69995],"extended":false,"handId":506,"id":5063,"length":64.4285,"mcpPosition":[7.53385,283.817,1.90215],"pipPosition":[-6.8985,245.006,-14.8817],"stabilizedTipPosition":[-6.2027,207.629,18.2214],"timeVisible":116.711,"tipPosition":[-17.6429,224.609,19.8043],"tipVelocity":[4.74033,107.73,-229.36],"tool":false,"touchDistance":0.333333,"touchZone":"none","type":3,"width":18.077},{"bases":[[[0.831709,-0.526456,0.176364],[0.493693,0.846583,0.198909],[-0.254024,-0.0783651,0.964018]],[[0.847086,-0.519892,0.110259],[0.301646,0.299524,-0.905149],[0.437555,0.799999,0.410546]],[[0.847086,-0.519892,0.110259],[-0.2825,-0.616207,-0.735175],[0.450154,0.591609,-0.66885]],[[0.847086,-0.519892,0.110259],[-0.469759,-0.82948,-0.30214],[0.248537,0.204143,-0.946866]]],"btipPosition":[-2.72664,231.449,23.3278],"carpPosition":[11.1038,270.282,64.3403],"dipPosition":[1.55734,234.968,7.00685],"direction":[-0.450154,-0.591609,0.66885],"extended":false,"handId":506,"id":5064,"length":50.5107,"mcpPosition":[25.8334,274.826,8.44153],"pipPosition":[10.3618,246.539,-6.07506],"stabilizedTipPosition":[9.62662,213.673,11.2444],"timeVisible":116.711,"tipPosition":[-1.83005,232.596,20.5976],"tipVelocity":[9.3783,105.784,-218.056],"tool":false,"touchDistance":0.333333,"touchZone":"none","type":4,"width":16.0574}],"r":[[0.784561,-0.107449,0.610671],[0.620019,0.125818,-0.774433],[0.00637894,0.986217,0.165332]],"s":1.30169,"t":[2.12544,15.4527,15.0321],"timestamp":97931183911},false],[6,{"currentFrameRate":101.405,"devices":[],"gestures":[],"hands":[{"armBasis":[[0.953676,0.0476702,-0.297036],[0.13884,0.806183,0.575146],[0.266882,-0.589743,0.762218]],"armWidth":63.72,"confidence":0.691253,"direction":[0.0147876,0.234887,-0.97191],"elbow":[67.6037,110.649,276.477],"grabStrength":0,"id":506,"palmNormal":[-0.155136,-0.959707,-0.234298],"palmPosition":[-11.8558,279.593,17.3519],"palmVelocity":[17.0214,119.913,-188.02],"palmWidth":90.99,"pinchStrength":0.850943,"r":[[0.784816,-0.110584,0.609783],[0.619683,0.128052,-0.774336],[0.00754565,0.985583,0.169024]],"s":1.30021,"sphereCenter":[-45.365,266.125,-10.8426],"sphereRadius":54.8892,"stabilizedPalmPosition":[-2.23518,259.548,8.46626],"t":[2.29234,16.7154,13.0769],"timeVisible":116.72,"type":"right","wrist":[-4.45451,269.88,70.6776]}],"id":1810656,"interactionBox":{"center":[0,200,0],"size":[235.247,235.247,147.751]},"pointables":[{"bases":[[[0.539124,0.842155,0.010959],[-0.731354,0.46166,0.501988],[0.417693,-0.278649,0.864805]],[[0.481874,0.870667,-0.0986709],[-0.872752,0.466864,-0.142627],[-0.0781145,0.154843,0.984846]],[[0.481874,0.870667,-0.0986709],[-0.805036,0.395436,-0.442207],[-0.345997,0.292522,0.891469]],[[0.481874,0.870667,-0.0986709],[-0.305365,0.0613145,-0.950259],[-0.82131,0.488036,0.295417]]],"btipPosition":[0.577511,233.983,-14.3629],"carpPosition":[-34.3404,263.108,72.1073],"dipPosition":[-18.6441,245.405,-7.44906],"direction":[0.345997,-0.292522,-0.891469],"extended":false,"handId":506,"id":5060,"length":52.1164,"mcpPosition":[-34.3404,263.108,72.1073],"pipPosition":[-30.4411,255.379,22.9461],"stabilizedTipPosition":[1.53683,218.298,-10.2019],"timeVisible":116.72,"tipPosition":[-3.83429,236.527,-12.5681],"tipVelocity":[2.32756,132.859,-213.499],"tool":false,"touchDistance":-0.183098,"touchZone":"hovering","type":0,"width":20.25},{"bases":[[[0.976242,-0.112615,-0.185117],[0.13098,0.987279,0.0901332],[0.172612,-0.112238,0.978574]],[[0.991225,-0.128785,-0.0297732],[0.12474,0.836872,0.532997],[-0.0437256,-0.532034,0.845593]],[[0.991225,-0.128785,-0.0297732],[0.130208,0.912549,0.387686],[-0.0227587,-0.388161,0.92131]],[[0.991225,-0.128785,-0.0297732],[0.132151,0.960686,0.244168],[-0.00284252,-0.24596,0.969276]]],"btipPosition":[-33.4037,327.842,-81.0419],"carpPosition":[-23.1819,283.143,66.1092],"dipPosition":[-33.4523,323.64,-64.4812],"direction":[0.0227587,0.388161,-0.92131],"extended":true,"handId":506,"id":5061,"length":58.8075,"mcpPosition":[-35.8809,291.4,-5.88407],"pipPosition":[-34.0023,314.258,-42.2128],"stabilizedTipPosition":[-26.2218,307.437,-75.4585],"timeVisible":116.72,"tipPosition":[-33.3093,326.805,-77.2554],"tipVelocity":[18.678,168.484,-164.495],"tool":false,"touchDistance":-0.0919087,"touchZone":"hovering","type":1,"width":19.3428},{"bases":[[[0.953859,-0.29339,-0.0638415],[0.297897,0.951323,0.0790018],[0.0375556,-0.0943748,0.994828]],[[0.953983,-0.293714,-0.0604],[0.0514409,0.358742,-0.932018],[0.295415,0.886023,0.357343]],[[0.953983,-0.293714,-0.0604],[-0.251436,-0.673776,-0.694842],[0.163389,0.678055,-0.716621]],[[0.953983,-0.293714,-0.0604],[-0.299705,-0.927456,-0.223611],[0.00965951,0.231424,-0.972805]]],"btipPosition":[-32.8562,223.765,15.4592],"carpPosition":[-11.1692,283.518,63.4313],"dipPosition":[-32.6747,228.114,-2.82177],"direction":[-0.163389,-0.678055,0.716621],"extended":false,"handId":506,"id":5062,"length":67.0064,"mcpPosition":[-13.7893,290.102,-5.97583],"pipPosition":[-28.0285,247.396,-23.1999],"stabilizedTipPosition":[-22.9383,207.372,18.9491],"timeVisible":116.72,"tipPosition":[-32.6325,225.061,12.6051],"tipVelocity":[3.69018,122.415,-237.848],"tool":false,"touchDistance":0.333333,"touchZone":"none","type":2,"width":18.9972},{"bases":[[[0.9238,-0.374954,0.0774789],[0.36633,0.924438,0.105911],[-0.111336,-0.0694581,0.991353]],[[0.925182,-0.37401,0.0644545],[0.201381,0.339834,-0.918672],[0.321689,0.862919,0.389727]],[[0.925182,-0.37401,0.0644545],[-0.215872,-0.658279,-0.721157],[0.312149,0.653288,-0.689766]],[[0.925182,-0.37401,0.0644545],[-0.34646,-0.901643,-0.258855],[0.154929,0.217157,-0.963763]]],"btipPosition":[-18.2117,224.507,19.5096],"carpPosition":[0.728977,280.865,61.9059],"dipPosition":[-15.317,228.564,1.50262],"direction":[-0.312149,-0.653288,0.689766],"extended":false,"handId":506,"id":5063,"length":64.4285,"mcpPosition":[7.70308,285.216,-0.192453],"pipPosition":[-6.66983,246.661,-17.6053],"stabilizedTipPosition":[-6.20885,207.638,18.2198],"timeVisible":116.72,"tipPosition":[-17.5072,225.826,16.8176],"tipVelocity":[7.52713,112.958,-253.326],"tool":false,"touchDistance":0.333333,"touchZone":"none","type":3,"width":18.077},{"bases":[[[0.831393,-0.528028,0.173125],[0.49427,0.845072,0.203838],[-0.253935,-0.0838989,0.963576]],[[0.847086,-0.520887,0.105465],[0.30328,0.310822,-0.900783],[0.436425,0.795026,0.421268]],[[0.847086,-0.520887,0.105465],[-0.280889,-0.607267,-0.743188],[0.451162,0.59992,-0.660719]],[[0.847086,-0.520887,0.105465],[-0.469392,-0.826345,-0.311168],[0.249233,0.214082,-0.944485]]],"btipPosition":[-2.55407,232.639,20.598],"carpPosition":[11.2733,271.31,62.1641],"dipPosition":[1.74191,236.33,4.3181],"direction":[-0.451162,-0.59992,0.660719],"extended":false,"handId":506,"id":5064,"length":50.5107,"mcpPosition":[25.9977,276.175,6.29093],"pipPosition":[10.5661,248.063,-8.60476],"stabilizedTipPosition":[9.61719,213.69,11.2491],"timeVisible":116.72,"tipPosition":[-1.65906,233.821,17.9057],"tipVelocity":[11.8897,111.611,-235.624],"tool":false,"touchDistance":0.333333,"touchZone":"none","type":4,"width":16.0574}],"r":[[0.784816,-0.110584,0.609783],[0.619683,0.128052,-0.7