{"sensorType":"Leap","data":[[0,{"currentFrameRate":103.452,"devices":[],"gestures":[],"hands":[{"armBasis":[[0.959466,0.0463747,-0.277984],[0.109604,0.847317,0.519654],[0.259639,-0.529059,0.807889]],"armWidth":63.72,"confidence":0.725138,"direction":[0.0244049,0.15631,-0.987406],"elbow":[70.1357,123.767,277.219],"grabStrength":0,"id":506,"palmNormal":[-0.128351,-0.979036,-0.158157],"palmPosition":[-6.76081,271.82,5.05645],"palmVelocity":[-1.8012,-8.94566,28.9178],"palmWidth":90.99,"pinchStrength":0.608149,"r":[[0.781514,-0.0519565,0.621721],[0.623652,0.0924425,-0.776216],[-0.0171439,0.994362,0.104648]],"s":1.3349,"sphereCenter":[-41.3944,256.401,-21.8132],"sphereRadius":56.1501,"stabilizedPalmPosition":[-5.43499,271.462,0.493977],"t":[7.55258,10.3095,-1.46676],"timeVisible":113.229,"type":"right","wrist":[0.0332078,266.613,59.0888]}],"id":1810292,"interactionBox":{"center":[0,200,0],"size":[235.247,235.247,147.751]},"pointables":[{"bases":[[[0.518511,0.853627,-0.0496734],[-0.750019,0.481938,0.452997],[0.41063,-0.197628,0.890127]],[[0.458992,0.872379,-0.16817],[-0.88393,0.429357,-0.185256],[-0.0894087,0.233681,0.968194]],[[0.458992,0.872379,-0.16817],[-0.816663,0.339747,-0.466512],[-0.34984,0.351463,0.868381]],[[0.458992,0.872379,-0.16817],[-0.485155,0.0875405,-0.870035],[-0.744279,0.480927,0.463419]]],"btipPosition":[4.10968,224.324,-28.1332],"carpPosition":[-29.7002,259.228,60.6504],"dipPosition":[-13.3091,235.579,-17.2875],"direction":[0.34984,-0.351463,-0.868381],"extended":false,"handId":506,"id":5060,"length":52.1164,"mcpPosition":[-29.7002,259.228,60.6504],"pipPosition":[-25.2371,247.563,12.3205],"stabilizedTipPosition":[-0.660728,227.373,-28.9236],"timeVisible":113.229,"tipPosition":[-0.286746,226.838,-25.8969],"tipVelocity":[14.4607,-10.8218,46.3912],"tool":false,"touchDistance":0.116386,"touchZone":"hovering","type":0,"width":20.25},{"bases":[[[0.981451,-0.102496,-0.162011],[0.105807,0.994315,0.0119191],[0.159868,-0.0288399,0.986717]],[[0.994358,-0.105705,-0.00888923],[0.098483,0.888778,0.447631],[-0.0394163,-0.445981,0.894174]],[[0.994358,-0.105705,-0.00888923],[0.103938,0.954129,0.280774],[-0.0211977,-0.280114,0.959733]],[[0.994358,-0.105705,-0.00888923],[0.106008,0.987157,0.119515],[-0.00385831,-0.119783,0.992793]]],"btipPosition":[-28.4229,309.089,-97.9597],"carpPosition":[-18.9332,278.99,53.2081],"dipPosition":[-28.4888,307.043,-80.9973],"direction":[0.0211977,0.280114,-0.959733],"extended":true,"handId":506,"id":5061,"length":58.8075,"mcpPosition":[-30.6946,281.112,-19.3843],"pipPosition":[-29.0012,300.272,-57.8001],"stabilizedTipPosition":[-27.7803,309.607,-96.6548],"timeVisible":113.229,"tipPosition":[-28.34,309.044,-93.9],"tipVelocity":[-1.35045,-31.4859,19.6516],"tool":false,"touchDistance":0.11979,"touchZone":"hovering","type":1,"width":19.3428},{"bases":[[[0.961513,-0.273445,-0.0268548],[0.273694,0.961798,0.0060179],[0.0241833,-0.0131363,0.999621]],[[0.961439,-0.273406,-0.0297483],[0.0131163,0.153629,-0.988041],[0.274706,0.949551,0.151291]],[[0.961439,-0.273406,-0.0297483],[-0.250911,-0.827724,-0.501912],[0.112602,0.490022,-0.864407]],[[0.961439,-0.273406,-0.0297483],[-0.273852,-0.961696,-0.0120638],[-0.0253105,0.0197453,-0.999485]]],"btipPosition":[-24.5469,220.294,17.0028],"carpPosition":[-6.89232,279.451,50.6737],"dipPosition":[-25.0225,220.665,-1.77955],"direction":[-0.112602,-0.490022,0.864407],"extended":false,"handId":506,"id":5062,"length":67.0064,"mcpPosition":[-8.57954,280.368,-19.0679],"pipPosition":[-21.8205,234.599,-26.3602],"stabilizedTipPosition":[-20.7273,218.444,8.06502],"timeVisible":113.229,"tipPosition":[-24.5186,220.832,13.1572],"tipVelocity":[-6.42703,-14.4502,17.2771],"tool":false,"touchDistance":0.333333,"touchZone":"none","type":2,"width":18.9972},{"bases":[[[0.931205,-0.344119,0.120164],[0.342322,0.938895,0.0359466],[-0.125191,0.00766104,0.992103]],[[0.933437,-0.344202,0.101094],[0.154363,0.130993,-0.979292],[0.323832,0.929713,0.175406]],[[0.933437,-0.344202,0.101094],[-0.244739,-0.817038,-0.522065],[0.262294,0.462573,-0.846893]],[[0.933437,-0.344202,0.101094],[-0.341864,-0.938891,-0.0401636],[0.108741,0.00292981,-0.994066]]],"btipPosition":[-10.8359,222.097,21.5821],"carpPosition":[5.08856,276.985,49.5307],"dipPosition":[-8.80422,222.152,3.00898],"direction":[-0.262294,-0.462573,0.846893],"extended":false,"handId":506,"id":5063,"length":64.4285,"mcpPosition":[12.9305,276.505,-12.6146],"pipPosition":[-1.53816,234.966,-20.4517],"stabilizedTipPosition":[-6.71076,220.816,13.4553],"timeVisible":113.229,"tipPosition":[-10.2635,222.63,17.9442],"tipVelocity":[-5.56301,-18.6377,9.69104],"tool":false,"touchDistance":0.333333,"touchZone":"none","type":3,"width":18.077},{"bases":[[[0.841009,-0.49129,0.226579],[0.470577,0.870906,0.141707],[-0.266948,-0.0125538,0.963629]],[[0.829974,-0.491406,0.263939],[0.35038,0.091108,-0.932166],[0.434025,0.866152,0.247796]],[[0.829974,-0.491406,0.263939],[-0.276521,-0.773412,-0.570412],[0.484438,0.400443,-0.777795]],[[0.829974,-0.491406,0.263939],[-0.476106,-0.870629,-0.123805],[0.290632,-0.022908,-0.956561]]],"btipPosition":[1.50156,230.414,17.7669],"carpPosition":[15.8539,267.75,50.7042],"dipPosition":[6.51112,230.019,1.27883],"direction":[-0.484438,-0.400443,0.777795],"extended":false,"handId":506,"id":5064,"length":50.5107,"mcpPosition":[31.3329,268.478,-5.17204],"pipPosition":[15.9861,237.852,-13.9339],"stabilizedTipPosition":[8.29417,227.198,5.82331],"timeVisible":113.229,"tipPosition":[2.85122,230.598,14.2102],"tipVelocity":[-3.61284,-11.4783,26.9741],"tool":false,"touchDistance":0.333333,"touchZone":"none","type":4,"width":16.0574}],"r":[[0.781514,-0.0519565,0.621721],[0.623652,0.0924425,-0.776216],[-0.0171439,0.994362,0.104648]],"s":1.3349,"t":[7.55258,10.3095,-1.46676],"timestamp":97927702818},false],[1,{"currentFrameRate":103.584,"devices":[],"gestures":[],"hands":[{"armBasis":[[0.958722,0.0479105,-0.280281],[0.110111,0.846241,0.521299],[0.26216,-0.530642,0.806034]],"armWidth":63.72,"confidence":0.726972,"direction":[0.0240484,0.154374,-0.98772],"elbow":[70.8471,123.301,277.213],"grabStrength":0,"id":506,"palmNormal":[-0.129055,-0.979259,-0.156194],"palmPosition":[-6.75193,271.68,5.54471],"palmVelocity":[-1.01881,-10.6196,35.4717],"palmWidth":90.99,"pinchStrength":0.610892,"r":[[0.78143,-0.0523228,0.621796],[0.623778,0.0916559,-0.776209],[-0.0163778,0.994415,0.104261]],"s":1.33369,"sphereCenter":[-41.2533,256.082,-21.2779],"sphereRadius":56.0307,"stabilizedPalmPosition":[-5.44019,271.463,0.513928],"t":[7.55783,10.1874,-1.07614],"timeVisible":113.239,"type":"right","wrist":[0.0637468,266.574,59.584]}],"id":1810293,"interactionBox":{"center":[0,200,0],"size":[235.247,235.247,147.751]},"pointables":[{"bases":[[[0.519038,0.853194,-0.0515729],[-0.749499,0.483302,0.452405],[0.410915,-0.196161,0.89032]],[[0.459406,0.871766,-0.170206],[-0.883793,0.429519,-0.185534],[-0.0886356,0.235662,0.967785]],[[0.459406,0.871766,-0.170206],[-0.816475,0.339017,-0.467372],[-0.349737,0.353682,0.867521]],[[0.459406,0.871766,-0.170206],[-0.481111,0.0831469,-0.872708],[-0.746645,0.482815,0.457614]]],"btipPosition":[4.14945,224.089,-27.4243],"carpPosition":[-29.6737,259.211,61.1736],"dipPosition":[-13.3247,235.388,-16.7145],"direction":[0.349737,-0.353682,-0.867521],"extended":false,"handId":506,"id":5060,"length":52.1164,"mcpPosition":[-29.6737,259.211,61.1736],"pipPosition":[-25.2492,247.447,12.8642],"stabilizedTipPosition":[-0.649209,227.363,-28.8659],"timeVisible":113.239,"tipPosition":[-0.2647,226.626,-25.2446],"tipVelocity":[11.1587,-14.5567,53.7023],"tool":false,"touchDistance":0.127679,"touchZone":"hovering","type":0,"width":20.25},{"bases":[[[0.98131,-0.103444,-0.162265],[0.106453,0.994268,0.00993647],[0.160307,-0.0270243,0.986697]],[[0.994283,-0.106361,-0.00938522],[0.099487,0.890927,0.443116],[-0.0387685,-0.441516,0.896415]],[[0.994283,-0.106361,-0.00938522],[0.104824,0.955633,0.275277],[-0.0203098,-0.274687,0.961319]],[[0.994283,-0.106361,-0.00938522],[0.106738,0.987806,0.113342],[-0.00278435,-0.113696,0.993512]]],"btipPosition":[-28.487,308.491,-97.6254],"carpPosition":[-18.8974,278.952,53.6879],"dipPosition":[-28.5346,306.548,-80.6506],"direction":[0.0203098,0.274687,-0.961319],"extended":true,"handId":506,"id":5061,"length":58.8075,"mcpPosition":[-30.6911,280.94,-18.903],"pipPosition":[-29.0255,299.909,-57.4151],"stabilizedTipPosition":[-27.8268,309.505,-96.4646],"timeVisible":113.239,"tipPosition":[-28.3901,308.53,-93.5407],"tipVelocity":[-2.77962,-39.9232,24.2685],"tool":false,"touchDistance":0.12541,"touchZone":"hovering","type":1,"width":19.3428},{"bases":[[[0.961324,-0.274116,-0.0267668],[0.274316,0.961631,0.00402099],[0.0246376,-0.011208,0.999634]],[[0.961248,-0.274082,-0.029693],[0.0130024,0.152658,-0.988193],[0.275379,0.949513,0.150306]],[[0.961248,-0.274082,-0.029693],[-0.251559,-0.827956,-0.501206],[0.112787,0.489252,-0.864819]],[[0.961248,-0.274082,-0.029693],[-0.274501,-0.961524,-0.0110114],[-0.0255325,0.0187355,-0.999498]]],"btipPosition":[-24.5772,220.151,17.5347],"carpPosition":[-6.8574,279.401,51.1471],"dipPosition":[-25.057,220.503,-1.24784],"direction":[-0.112787,-0.489252,0.864819],"extended":false,"handId":506,"id":5062,"length":67.0064,"mcpPosition":[-8.57632,280.183,-18.5953],"pipPosition":[-21.8497,234.416,-25.8402],"stabilizedTipPosition":[-20.8962,218.52,8.28464],"timeVisible":113.239,"tipPosition":[-24.5507,220.682,13.6941],"tipVelocity":[-5.54309,-14.7797,28.4711],"tool":false,"touchDistance":0.333333,"touchZone":"none","type":2,"width":18.9972},{"bases":[[[0.931039,-0.344485,0.120403],[0.342943,0.938742,0.0339624],[-0.124727,0.00967093,0.992144]],[[0.933256,-0.344607,0.101385],[0.155027,0.131792,-0.97908],[0.324036,0.92945,0.176419]],[[0.933256,-0.344607,0.101385],[-0.244668,-0.816469,-0.522987],[0.263003,0.463276,-0.846289]],[[0.933256,-0.344607,0.101385],[-0.342249,-0.938742,-0.0403546],[0.109081,0.0029623,-0.994028]]],"btipPosition":[-10.8673,221.902,21.9895],"carpPosition":[5.12135,276.925,50.0034],"dipPosition":[-8.82926,221.958,3.41708],"direction":[-0.263003,-0.463276,0.846289],"extended":false,"handId":506,"id":5063,"length":64.4285,"mcpPosition":[12.9342,276.319,-12.1445],"pipPosition":[-1.54356,234.792,-20.0268],"stabilizedTipPosition":[-6.95789,220.889,13.7409],"timeVisible":113.239,"tipPosition":[-10.2944,222.434,18.3756],"tipVelocity":[-4.88478,-19.2239,19.279],"tool":false,"touchDistance":0.333333,"touchZone":"none","type":3,"width":18.077},{"bases":[[[0.840797,-0.49139,0.227146],[0.471203,0.870876,0.139795],[-0.26651,-0.0105078,0.963775]],[[0.829809,-0.491428,0.264416],[0.349978,0.0892245,-0.932499],[0.434663,0.866336,0.246028]],[[0.829809,-0.491428,0.264416],[-0.277231,-0.774244,-0.568937],[0.484314,0.398804,-0.778714]],[[0.829809,-0.491428,0.264416],[-0.476671,-0.870567,-0.122058],[0.290175,-0.0247545,-0.956653]]],"btipPosition":[1.49126,230.288,18.3261],"carpPosition":[15.8813,267.685,51.1898],"dipPosition":[6.49295,229.861,1.83649],"direction":[-0.484314,-0.398804,0.778714],"extended":false,"handId":506,"id":5064,"length":50.5107,"mcpPosition":[31.3349,268.294,-4.69485],"pipPosition":[15.9655,237.661,-13.3942],"stabilizedTipPosition":[8.26073,227.216,5.87484],"timeVisible":113.239,"tipPosition":[2.83621,230.463,14.7676],"tipVelocity":[-2.9501,-12.2607,36.222],"tool":false,"touchDistance":0.333333,"touchZone":"none","type":4,"width":16.0574}],"r":[[0.78143,-0.0523228,0.621796],[0.623778,0.0916559,-0.776209],[-0.0163778,0.994415,0.104261]],"s":1.33369,"t":[7.55783,10.1874,-1.07614],"timestamp":97927712223},false],[2,{"currentFrameRate":103.693,"devices":[],"gestures":[],"hands":[{"armBasis":[[0.958674,0.0482597,-0.280384],[0.110273,0.845442,0.522559],[0.262267,-0.531883,0.805181]],"armWidth":63.72,"confidence":0.729177,"direction":[0.0238532,0.152976,-0.987942],"elbow":[70.894,122.934,277.36],"grabStrength":0,"id":506,"palmNormal":[-0.129375,-0.979441,-0.154783],"palmPosition":[-6.74528,271.574,5.91598],"palmVelocity":[-0.526024,-10.799,36.5756],"palmWidth":90.99,"pinchStrength":0.612846,"r":[[0.78139,-0.0524857,0.621832],[0.623846,0.090772,-0.776258],[-0.0157025,0.994488,0.103671]],"s":1.33244,"sphereCenter":[-41.13,255.786,-20.8728],"sphereRadius":55.9193,"stabilizedPalmPosition":[-5.44415,271.464,0.53031],"t":[7.56379,10.0732,-0.695191],"timeVisible":113.248,"type":"right","wrist":[0.0820457,266.542,59.9607]}],"id":1810294,"interactionBox":{"center":[0,200,0],"size":[235.247,235.247,147.751]},"pointables":[{"bases":[[[0.519271,0.852971,-0.0529004],[-0.74925,0.484155,0.451905],[0.411074,-0.195026,0.890496]],[[0.459412,0.871427,-0.171919],[-0.883862,0.429354,-0.185589],[-0.0879137,0.237214,0.967471]],[[0.459412,0.871427,-0.171919],[-0.816644,0.338279,-0.46761],[-0.349332,0.355222,0.867055]],[[0.459412,0.871427,-0.171919],[-0.478536,0.0797692,-0.874437],[-0.748294,0.483996,0.453656]]],"btipPosition":[4.15477,223.91,-26.9058],"carpPosition":[-29.6571,259.19,61.568],"dipPosition":[-13.358,235.237,-16.2886],"direction":[0.349332,-0.355222,-0.867055],"extended":false,"handId":506,"id":5060,"length":52.1164,"mcpPosition":[-29.6571,259.19,61.568],"pipPosition":[-25.2687,247.349,13.2741],"stabilizedTipPosition":[-0.640711,227.354,-28.8177],"timeVisible":113.248,"tipPosition":[-0.257735,226.464,-24.7603],"tipVelocity":[7.8615,-15.6175,53.4086],"tool":false,"touchDistance":0.135965,"touchZone":"hovering","type":0,"width":20.25},{"bases":[[[0.981241,-0.103955,-0.162356],[0.106741,0.99425,0.00851014],[0.160538,-0.0256807,0.986695]],[[0.994247,-0.106657,-0.00984189],[0.100147,0.893093,0.438584],[-0.0379883,-0.437047,0.898636]],[[0.994247,-0.106657,-0.00984189],[0.105367,0.957425,0.268768],[-0.019243,-0.268258,0.963155]],[[0.994247,-0.106657,-0.00984189],[0.1071,0.988664,0.105226],[-0.00149279,-0.105675,0.9944]]],"btipPosition":[-28.565,307.873,-97.4163],"carpPosition":[-18.8769,278.917,54.0519],"dipPosition":[-28.5905,306.067,-80.4263],"direction":[0.019243,0.268258,-0.963155],"extended":true,"handId":506,"id":5061,"length":58.8075,"mcpPosition":[-30.6877,280.807,-18.5389],"pipPosition":[-29.0556,299.583,-57.1465],"stabilizedTipPosition":[-27.8849,309.345,-96.2337],"timeVisible":113.248,"tipPosition":[-28.4487,308.026,-93.3003],"tipVelocity":[-4.19295,-46.2769,23.7691],"tool":false,"touchDistance":0.128953,"touchZone":"hovering","type":1,"width":19.3428},{"bases":[[[0.961238,-0.274431,-0.0266136],[0.274594,0.961557,0.00259997],[0.0248769,-0.00980711,0.999642]],[[0.961161,-0.274401,-0.0295683],[0.0130215,0.152104,-0.988279],[0.275682,0.94951,0.149769]],[[0.961161,-0.274401,-0.0295683],[-0.251816,-0.828079,-0.500873],[0.112955,0.488865,-0.865016]],[[0.961161,-0.274401,-0.0295683],[-0.274802,-0.961444,-0.010419],[-0.0255693,0.0181398,-0.999508]]],"btipPosition":[-24.5926,220.034,17.9262],"carpPosition":[-6.83746,279.359,51.5075],"dipPosition":[-25.0731,220.375,-0.856607],"direction":[-0.112955,-0.488865,0.865016],"extended":false,"handId":506,"id":5062,"length":67.0064,"mcpPosition":[-8.57307,280.043,-18.2356],"pipPosition":[-21.8611,234.276,-25.4545],"stabilizedTipPosition":[-21.0158,218.57,8.45185],"timeVisible":113.248,"tipPosition":[-24.5675,220.557,14.0888],"tipVelocity":[-4.43033,-14.1851,32.1852],"tool":false,"touchDistance":0.333333,"touchZone":"none","type":2,"width":18.9972},{"bases":[[[0.930969,-0.344583,0.120662],[0.343221,0.93869,0.032557],[-0.124483,0.0111043,0.99216]],[[0.933176,-0.344732,0.101694],[0.155612,0.132468,-0.978896],[0.323986,0.929307,0.17726]],[[0.933176,-0.344732,0.101694],[-0.244393,-0.816063,-0.523749],[0.263542,0.463897,-0.845781]],[[0.933176,-0.344732,0.101694],[-0.342349,-0.938696,-0.0405863],[0.109451,0.00305948,-0.993987]]],"btipPosition":[-10.8832,221.753,22.2971],"carpPosition":[5.14031,276.878,50.3644],"dipPosition":[-8.83826,221.81,3.7254],"direction":[-0.263542,-0.463897,0.845781],"extended":false,"handId":506,"id":5063,"length":64.4285,"mcpPosition":[12.9379,276.182,-11.7845],"pipPosition":[-1.53763,234.661,-19.7044],"stabilizedTipPosition":[-7.14423,220.937,13.972],"timeVisible":113.248,"tipPosition":[-10.3104,222.28,18.6954],"tipVelocity":[-3.92237,-18.2405,23.0874],"tool":false,"touchDistance":0.333333,"touchZone":"none","type":3,"width":18.077},{"bases":[[[0.840711,-0.491312,0.227634],[0.471488,0.870936,0.138454],[-0.266279,-0.00907349,0.963853]],[[0.829798,-0.491296,0.264696],[0.34976,0.088245,-0.932674],[0.434861,0.866511,0.245061]],[[0.829798,-0.491296,0.264696],[-0.277447,-0.774724,-0.568177],[0.48421,0.398033,-0.779173]],[[0.829798,-0.491296,0.264696],[-0.476832,-0.870613,-0.121099],[0.289943,-0.0257279,-0.956698]]],"btipPosition":[1.49349,230.182,18.7369],"carpPosition":[15.8979,267.637,51.5612],"dipPosition":[6.49119,229.739,2.2465],"direction":[-0.48421,-0.398033,0.779173],"extended":false,"handId":506,"id":5064,"length":50.5107,"mcpPosition":[31.3381,268.163,-4.32803],"pipPosition":[15.9618,237.524,-12.9932],"stabilizedTipPosition":[8.23635,227.228,5.9142],"timeVisible":113.248,"tipPosition":[2.83184,230.353,15.1794],"tipVelocity":[-2.06718,-12.0791,38.3025],"tool":false,"touchDistance":0.333333,"touchZone":"none","type":4,"width":16.0574}],"r":[[0.78139,-0.0524857,0.621832],[0.623846,0.090772,-0.776258],[-0.0157025,0.994488,0.103671]],"s":1.33244,"t":[7.56379,10.0732,-0.695191],"timestamp":97927721662},false],[3,{"currentFrameRate":103.808,"devices":[],"gestures":[],"hands":[{"armBasis":[[0.9588,0.0484208,-0.279923],[0.110251,0.844707,0.523751],[0.261814,-0.533035,0.804567]],"armWidth":63.72,"confidence":0.725993,"direction":[0.0238009,0.15218,-0.988066],"elbow":[70.7792,122.589,277.498],"grabStrength":0,"id":506,"palmNormal":[-0.1295,-0.97955,-0.153988],"palmPosition":[-6.74101,271.498,6.21704],"palmVelocity":[-0.246611,-10.0424,35.2628],"palmWidth":90.99,"pinchStrength":0.616781,"r":[[0.781365,-0.0525345,0.621859],[0.623891,0.0899256,-0.776321],[-0.0151374,0.994562,0.10304]],"s":1.33118,"sphereCenter":[-40.9894,255.523,-20.5506],"sphereRadius":55.8039,"stabilizedPalmPosition":[-5.44715,271.464,0.543481],"t":[7.5689,9.97779,-0.354186],"timeVisible":113.258,"type":"right","wrist":[0.0895643,266.508,60.2653]}],"id":1810295,"interactionBox":{"center":[0,200,0],"size":[235.247,235.247,147.751]},"pointables":[{"bases":[[[0.519367,0.852867,-0.0536215],[-0.749161,0.484605,0.45157],[0.411115,-0.194359,0.890623]],[[0.459338,0.871262,-0.172951],[-0.883928,0.429139,-0.185771],[-0.0876349,0.238207,0.967252]],[[0.459338,0.871262,-0.172951],[-0.816678,0.33766,-0.467999],[-0.349351,0.356215,0.86664]],[[0.459338,0.871262,-0.172951],[-0.475129,0.076485,-0.876586],[-0.750507,0.484823,0.449094]]],"btipPosition":[4.20007,223.778,-26.4614],"carpPosition":[-29.6504,259.16,61.8806],"dipPosition":[-13.3645,235.124,-15.951],"direction":[0.349351,-0.356215,-0.86664],"extended":false,"handId":506,"id":5060,"length":52.1164,"mcpPosition":[-29.6504,259.16,61.8806],"pipPosition":[-25.2758,247.27,13.5976],"stabilizedTipPosition":[-0.634107,227.346,-28.7783],"timeVisible":113.258,"tipPosition":[-0.222512,226.35,-24.3583],"tipVelocity":[6.63032,-15.0311,50.8936],"tool":false,"touchDistance":0.142963,"touchZone":"hovering","type":0,"width":20.25},{"bases":[[[0.981217,-0.1042,-0.162343],[0.106858,0.994244,0.00770497],[0.160605,-0.0249079,0.986704]],[[0.994231,-0.106779,-0.0101168],[0.100546,0.895034,0.434516],[-0.0373421,-0.433026,0.900608]],[[0.994231,-0.106779,-0.0101168],[0.105673,0.959032,0.26285],[-0.0183645,-0.262403,0.964784]],[[0.994231,-0.106779,-0.0101168],[0.107256,0.989407,0.0978233],[-0.00043581,-0.0983441,0.995152]]],"btipPosition":[-28.6284,307.34,-97.2578],"carpPosition":[-18.8684,278.881,54.3479],"dipPosition":[-28.6359,305.66,-80.255],"direction":[0.0183645,0.262403,-0.964784],"extended":true,"handId":506,"id":5061,"length":58.8075,"mcpPosition":[-30.6841,280.713,-18.2436],"pipPosition":[-29.0797,299.317,-56.9358],"stabilizedTipPosition":[-27.9535,309.125,-95.968],"timeVisible":113.258,"tipPosition":[-28.4971,307.596,-93.1139],"tipVelocity":[-4.79306,-48.3516,21.8784],"tool":false,"touchDistance":0.131643,"touchZone":"hovering","type":1,"width":19.3428},{"bases":[[[0.961204,-0.274565,-0.0264616],[0.274707,0.961526,0.00180913],[0.0249468,-0.00900811,0.999648]],[[0.961126,-0.274537,-0.0294415],[0.0131584,0.152051,-0.988285],[0.275797,0.949479,0.149752]],[[0.961126,-0.274537,-0.0294415],[-0.251857,-0.828002,-0.500979],[0.113159,0.488919,-0.864959]],[[0.961126,-0.274537,-0.0294415],[-0.274934,-0.961407,-0.0103578],[-0.0254617,0.0180496,-0.999513]]],"btipPosition":[-24.6024,219.94,18.2199],"carpPosition":[-6.82904,279.319,51.8023],"dipPosition":[-25.0809,220.279,-0.562985],"direction":[-0.113159,-0.488919,0.864959],"extended":false,"handId":506,"id":5062,"length":67.0064,"mcpPosition":[-8.56953,279.947,-17.9412],"pipPosition":[-21.8631,234.182,-25.1593],"stabilizedTipPosition":[-21.1004,218.603,8.57646],"timeVisible":113.258,"tipPosition":[-24.5783,220.458,14.3846],"tipVelocity":[-3.4506,-13.0048,31.9013],"tool":false,"touchDistance":0.333333,"touchZone":"none","type":2,"width":18.9972},{"bases":[[[0.930937,-0.344595,0.120873],[0.343334,0.938676,0.0317796],[-0.124411,0.0119148,0.992159]],[[0.933125,-0.344759,0.102069],[0.156059,0.132604,-0.978806],[0.323918,0.929278,0.177539]],[[0.933125,-0.344759,0.102069],[-0.24418,-0.816012,-0.523929],[0.263919,0.463968,-0.845624]],[[0.933125,-0.344759,0.102069],[-0.342388,-0.938687,-0.0404651],[0.109762,0.0028117,-0.993954]]],"btipPosition":[-10.8929,221.664,22.5756],"carpPosition":[5.14835,276.835,50.6603],"dipPosition":[-8.8421,221.716,4.00458],"direction":[-0.263919,-0.463968,0.845624],"extended":false,"handId":506,"id":5063,"length":64.4285,"mcpPosition":[12.9415,276.089,-11.4885],"pipPosition":[-1.53102,234.569,-19.4209],"stabilizedTipPosition":[-7.2801,220.967,14.1517],"timeVisible":113.258,"tipPosition":[-10.3194,222.18,18.9716],"tipVelocity":[-3.05535,-15.7732,24.9447],"tool":false,"touchDistance":0.333333,"touchZone":"none","type":3,"width":18.077},{"bases":[[[0.84067,-0.491228,0.227968],[0.471599,0.870992,0.137722],[-0.266212,-0.00826911,0.963879]],[[0.829844,-0.491184,0.264758],[0.350194,0.089044,-0.932435],[0.434422,0.866493,0.245902]],[[0.829844,-0.491184,0.264758],[-0.276792,-0.774344,-0.569015],[0.484504,0.398911,-0.77854]],[[0.829844,-0.491184,0.264758],[-0.476529,-0.870692,-0.121715],[0.290307,-0.0251601,-0.956603]]],"btipPosition":[1.50013,230.066,18.9943],"carpPosition":[15.9049,267.594,51.8638],"dipPosition":[6.50409,229.633,2.50548],"direction":[-0.484504,-0.398911,0.77854],"extended":false,"handId":506,"id":5064,"length":50.5107,"mcpPosition":[31.3412,268.073,-4.02693],"pipPosition":[15.9804,237.435,-12.7218],"stabilizedTipPosition":[8.21823,227.237,5.94434],"timeVisible":113.258,"tipPosition":[2.82929,230.246,15.4559],"tipVelocity":[-1.23275,-12.0709,35.184],"tool":false,"touchDistance":0.333333,"touchZone":"none","type":4,"width":16.0574}],"r":[[0.781365,-0.0525345,0.621859],[0.623891,0.0899256,-0.776321],[-0.0151374,0.994562,0.10304]],"s":1.33118,"t":[7.5689,9.97779,-0.354186],"timestamp":97927731078},false],[4,{"currentFrameRate":103.907,"devices":[],"gestures":[],"hands":[{"armBasis":[[0.958744,0.0492019,-0.27998],[0.109869,0.844237,0.524587],[0.262181,-0.533706,0.804002]],"armWidth":63.72,"confidence":0.730971,"direction":[0.0239343,0.151206,-0.988212],"elbow":[70.8978,122.362,277.603],"grabStrength":0,"id":506,"palmNormal":[-0.129294,-0.979726,-0.153039],"palmPosition":[-6.71363,271.397,6.46798],"palmVelocity":[0.653085,-10.2038,32.7822],"palmWidth":90.99,"pinchStrength":0.620012,"r":[[0.781327,-0.0524213,0.621916],[0.623948,0.0891179,-0.776368],[-0.0147256,0.994641,0.102338]],"s":1.3299,"sphereCenter":[-40.8195,255.219,-20.2818],"sphereRadius":55.6902,"stabilizedPalmPosition":[-5.44949,271.464,0.554415],"t":[7.58515,9.88001,-0.0582158],"timeVisible":113.267,"type":"right","wrist":[0.109031,266.463,60.5223]}],"id":1810296,"interactionBox":{"center":[0,200,0],"size":[235.247,235.247,147.751]},"pointables":[{"bases":[[[0.519218,0.85291,-0.054381],[-0.749325,0.484913,0.450968],[0.411005,-0.193401,0.890882]],[[0.459119,0.871189,-0.173896],[-0.884032,0.428704,-0.186281],[-0.087736,0.239254,0.966985]],[[0.459119,0.871189,-0.173896],[-0.816732,0.336916,-0.46844],[-0.349511,0.357096,0.866213]],[[0.459119,0.871189,-0.173896],[-0.472697,0.0738319,-0.878127],[-0.752175,0.485364,0.445706]]],"btipPosition":[4.27019,223.634,-26.0948],"carpPosition":[-29.6298,259.111,62.1399],"dipPosition":[-13.3334,234.993,-15.6637],"direction":[0.349511,-0.357096,-0.866213],"extended":false,"handId":506,"id":5060,"length":52.1164,"mcpPosition":[-29.6298,259.111,62.1399],"pipPosition":[-25.2502,247.168,13.8704],"stabilizedTipPosition":[-0.628602,227.339,-28.7456],"timeVisible":113.267,"tipPosition":[-0.156412,226.215,-24.0185],"tipVelocity":[6.58672,-15.0139,46.8956],"tool":false,"touchDistance":0.14877,"touchZone":"hovering","type":0,"width":20.25},{"bases":[[[0.981263,-0.104179,-0.162079],[0.106673,0.994271,0.00673806],[0.160449,-0.0239013,0.986755]],[[0.994252,-0.106603,-0.00997303],[0.100501,0.89708,0.430287],[-0.0369234,-0.428816,0.902637]],[[0.994252,-0.106603,-0.00997303],[0.105588,0.960805,0.256328],[-0.0177432,-0.255907,0.966538]],[[0.994252,-0.106603,-0.00997303],[0.107068,0.990225,0.0893913],[0.000346139,-0.0899452,0.995947]]],"btipPosition":[-28.6451,306.73,-97.1631],"carpPosition":[-18.8502,278.826,54.5895],"dipPosition":[-28.6392,305.193,-80.1467],"direction":[0.0177432,0.255907,-0.966538],"extended":true,"handId":506,"id":5061,"length":58.8075,"mcpPosition":[-30.6544,280.585,-18.0057],"pipPosition":[-29.0681,299.007,-56.7851],"stabilizedTipPosition":[-28.0285,308.827,-95.6727],"timeVisible":113.267,"tipPosition":[-28.505,307.094,-92.9931],"tipVelocity":[-3.8353,-52.0089,18.588],"tool":false,"touchDistance":0.133274,"touchZone":"hovering","type":1,"width":19.3428},{"bases":[[[0.96126,-0.274413,-0.0260327],[0.274528,0.961579,0.000902023],[0.024785,-0.0080138,0.999661]],[[0.961181,-0.274387,-0.0290351],[0.0134606,0.151736,-0.988329],[0.275591,0.949572,0.149539]],[[0.961181,-0.274387,-0.0290351],[-0.251541,-0.828144,-0.500903],[0.113396,0.488762,-0.865016]],[[0.961181,-0.274387,-0.0290351],[-0.274771,-0.961457,-0.0101018],[-0.0251442,0.0176877,-0.999527]]],"btipPosition":[-24.5754,219.822,18.4743],"carpPosition":[-6.81056,279.264,52.0454],"dipPosition":[-25.0479,220.154,-0.308778],"direction":[-0.113396,-0.488762,0.865016],"extended":false,"handId":506,"id":5062,"length":67.0064,"mcpPosition":[-8.53976,279.823,-17.6989],"pipPosition":[-21.8233,234.053,-24.9067],"stabilizedTipPosition":[-21.1609,218.625,8.67069],"timeVisible":113.267,"tipPosition":[-24.5516,220.334,14.6399],"tipVelocity":[-1.6045,-12.897,30.4871],"tool":false,"touchDistance":0.333333,"touchZone":"none","type":2,"width":18.9972},{"bases":[[[0.930981,-0.344303,0.121366],[0.343154,0.93877,0.0309063],[-0.124576,0.012874,0.992127]],[[0.933158,-0.344484,0.102694],[0.156467,0.132052,-0.978816],[0.323625,0.929458,0.177126]],[[0.933158,-0.344484,0.102694],[-0.243755,-0.816376,-0.523559],[0.264195,0.463531,-0.845778]],[[0.933158,-0.344484,0.102694],[-0.342169,-0.93879,-0.0399287],[0.110163,0.00212101,-0.993911]]],"btipPosition":[-10.8656,221.567,22.8471],"carpPosition":[5.16748,276.781,50.9079],"dipPosition":[-8.80727,221.606,4.2769],"direction":[-0.264195,-0.463531,0.845778],"extended":false,"handId":506,"id":5063,"length":64.4285,"mcpPosition":[12.9709,275.975,-11.2389],"pipPosition":[-1.48854,234.447,-19.1528],"stabilizedTipPosition":[-7.37753,220.986,14.2902],"timeVisible":113.267,"tipPosition":[-10.2909,222.072,19.2365],"tipVelocity":[-1.30176,-14.2937,26.0426],"tool":false,"touchDistance":0.333333,"touchZone":"none","type":3,"width":18.077},{"bases":[[[0.840723,-0.490846,0.228592],[0.471415,0.871215,0.136937],[-0.266368,-0.00736419,0.963843]],[[0.82991,-0.490768,0.265321],[0.351017,0.0896879,-0.932064],[0.433631,0.866662,0.246701]],[[0.82991,-0.490768,0.265321],[-0.275685,-0.774209,-0.569735],[0.485022,0.399684,-0.777821]],[[0.82991,-0.490768,0.265321],[-0.475947,-0.870936,-0.122246],[0.291072,-0.0248256,-0.956379]]],"btipPosition":[1.53446,229.936,19.2087],"carpPosition":[15.9255,267.543,52.1223],"dipPosition":[6.55161,229.508,2.72374],"direction":[-0.485022,-0.399684,0.777821],"extended":false,"handId":506,"id":5064,"length":50.5107,"mcpPosition":[31.3709,267.97,-3.76637],"pipPosition":[16.0381,237.326,-12.4895],"stabilizedTipPosition":[8.20413,227.244,5.9685],"timeVisible":113.267,"tipPosition":[2.85782,230.121,15.6898],"tipVelocity":[0.251152,-12.5188,31.6463],"tool":false,"touchDistance":0.333333,"touchZone":"none","type":4,"width":16.0574}],"r":[[0.781327,-0.0524213,0.621916],[0.623948,0.0891179,-0.776368],[-0.0147256,0.994641,0.102338]],"s":1.3299,"t":[7.58515,9.88001,-0.0582158],"timestamp":97927740517},false],[5,{"currentFrameRate":104.009,"devices":[],"gestures":[],"hands":[{"armBasis":[[0.958946,0.0510714,-0.278952],[0.108057,0.843641,0.525922],[0.262195,-0.534473,0.803488]],"armWidth":63.72,"confidence":0.723825,"direction":[0.0244032,0.150921,-0.988245],"elbow":[70.9026,122.057,277.783],"grabStrength":0,"id":506,"palmNormal":[-0.127666,-0.979975,-0.152811],"palmPosition":[-6.68176,271.272,6.78043],"palmVelocity":[1.43213,-11.1024,32.8906],"palmWidth":90.99,"pinchStrength":0.62378,"r":[[0.781224,-0.0520479,0.622077],[0.624077,0.0886143,-0.776322],[-0.014719,0.994705,0.10171]],"s":1.32863,"sphereCenter":[-40.6171,254.868,-19.9806],"sphereRadius":55.5833,"stabilizedPalmPosition":[-5.45138,271.463,0.563938],"t":[7.60921,9.76822,0.245995],"timeVisible":113.277,"type":"right","wrist":[0.11007,266.365,60.8412]}],"id":1810297,"interactionBox":{"center":[0,200,0],"size":[235.247,235.247,147.751]},"pointables":[{"bases":[[[0.517934,0.853696,-0.0542906],[-0.750396,0.483897,0.450276],[0.41067,-0.192474,0.891237]],[[0.457821,0.871854,-0.173984],[-0.88461,0.427206,-0.186976],[-0.0886885,0.23951,0.966835]],[[0.457821,0.871854,-0.173984],[-0.816999,0.335413,-0.469053],[-0.350589,0.356887,0.865863]],[[0.457821,0.871854,-0.173984],[-0.469732,0.0710626,-0.879944],[-0.754819,0.484583,0.442072]]],"btipPosition":[4.42768,223.503,-25.6902],"carpPosition":[-29.6185,258.968,62.4401],"dipPosition":[-13.2378,234.844,-15.3441],"direction":[0.350589,-0.356887,-0.865863],"extended":false,"handId":506,"id":5060,"length":52.1164,"mcpPosition":[-29.6185,258.968,62.4401],"pipPosition":[-25.1913,247.012,14.178],"stabilizedTipPosition":[-0.623423,227.333,-28.7173],"timeVisible":113.277,"tipPosition":[-0.00825459,226.085,-23.6425],"tipVelocity":[9.04634,-14.8097,45.1751],"tool":false,"touchDistance":0.155187,"touchZone":"hovering","type":0,"width":20.25},{"bases":[[[0.981538,-0.10271,-0.161347],[0.105127,0.994438,0.00648884],[0.159783,-0.023331,0.986876]],[[0.994421,-0.105064,-0.00939405],[0.0990114,0.898989,0.426633],[-0.0363785,-0.425183,0.904376]],[[0.994421,-0.105064,-0.00939405],[0.10405,0.962386,0.250973],[-0.0173275,-0.25055,0.967948]],[[0.994421,-0.105064,-0.00939405],[0.105481,0.990975,0.0827206],[0.000618326,-0.08325,0.996529]]],"btipPosition":[-28.6481,306.159,-96.9894],"carpPosition":[-18.8641,278.697,54.8909],"dipPosition":[-28.6376,304.736,-79.9631],"direction":[0.0173275,0.25055,-0.967948],"extended":true,"handId":506,"id":5061,"length":58.8075,"mcpPosition":[-30.6193,280.414,-17.7132],"pipPosition":[-29.0564,298.68,-56.5674],"stabilizedTipPosition":[-28.1047,308.457,-95.3518],"timeVisible":113.277,"tipPosition":[-28.5025,306.612,-92.7974],"tipVelocity":[-2.79985,-53.6606,18.6135],"tool":false,"touchDistance":0.136207,"touchZone":"hovering","type":1,"width":19.3428},{"bases":[[[0.961702,-0.272931,-0.0252594],[0.273037,0.962003,0.000782879],[0.0240859,-0.00764963,0.999681]],[[0.961625,-0.272906,-0.0282819],[0.0140788,0.152026,-0.988276],[0.274006,0.949953,0.150034]],[[0.961625,-0.272906,-0.0282819],[-0.249827,-0.828338,-0.50144],[0.113419,0.489263,-0.86473]],[[0.961625,-0.272906,-0.0282819],[-0.273288,-0.961874,-0.0105651],[-0.0243203,0.0178888,-0.999544]]],"btipPosition":[-24.4792,219.649,18.7511],"carpPosition":[-6.82332,279.153,52.3552],"dipPosition":[-24.9362,219.985,-0.0323732],"direction":[-0.113419,-0.489263,0.86473],"extended":false,"handId":506,"id":5062,"length":67.0064,"mcpPosition":[-8.50375,279.686,-17.3905],"pipPosition":[-21.711,233.898,-24.6222],"stabilizedTipPosition":[-21.205,218.639,8.74488],"timeVisible":113.277,"tipPosition":[-24.4543,220.157,14.9169],"tipVelocity":[1.87701,-14.4263,30.1659],"tool":false,"touchDistance":0.333333,"touchZone":"none","type":2,"width":18.9972},{"bases":[[[0.931427,-0.34282,0.122141],[0.341677,0.939311,0.0308434],[-0.125302,0.0130042,0.992033]],[[0.933605,-0.343003,0.103586],[0.157198,0.132317,-0.978663],[0.321978,0.929968,0.177451]],[[0.933605,-0.343003,0.103586],[-0.241951,-0.816748,-0.523814],[0.264273,0.463973,-0.845511]],[[0.933605,-0.343003,0.103586],[-0.340651,-0.939332,-0.040161],[0.111077,0.00220796,-0.993809]]],"btipPosition":[-10.7738,221.429,23.1483],"carpPosition":[5.15936,276.689,51.227],"dipPosition":[-8.69849,221.47,4.57994],"direction":[-0.264273,-0.463973,0.845511],"extended":false,"handId":506,"id":5063,"length":64.4285,"mcpPosition":[13.0083,275.874,-10.914],"pipPosition":[-1.37759,234.323,-18.8424],"stabilizedTipPosition":[-7.44624,220.997,14.3981],"timeVisible":113.277,"tipPosition":[-10.1969,221.927,19.532],"tipVelocity":[1.96682,-14.375,27.7451],"tool":false,"touchDistance":0.333333,"touchZone":"none","type":3,"width":18.077},{"bases":[[[0.84132,-0.489468,0.22935],[0.469967,0.871989,0.136987],[-0.267042,-0.00746304,0.963656]],[[0.830522,-0.489396,0.26594],[0.35236,0.0918699,-0.931344],[0.431365,0.867209,0.248744]],[[0.830522,-0.489396,0.26594],[-0.273028,-0.773876,-0.571465],[0.485478,0.402005,-0.77634]],[[0.830522,-0.489396,0.26594],[-0.474025,-0.871753,-0.12388],[0.292461,-0.023177,-0.955997]]],"btipPosition":[1.62618,229.773,19.4415],"carpPosition":[15.9309,267.467,52.4521],"dipPosition":[6.66727,229.373,2.96318],"direction":[-0.485478,-0.402005,0.77634],"extended":false,"handId":506,"id":5064,"length":50.5107,"mcpPosition":[31.4153,267.9,-3.42571],"pipPosition":[16.1626,237.236,-12.2211],"stabilizedTipPosition":[8.19251,227.249,5.98926],"timeVisible":113.277,"tipPosition":[2.94403,229.97,15.9482],"tipVelocity":[3.12474,-13.6931,29.7136],"tool":false,"touchDistance":0.333333,"touchZone":"none","type":4,"width":16.0574}],"r":[[0.781224,-0.0520479,0.622077],[0.624077,0.0886143,-0.776322],[-0.014719,0.994705,0.10171]],"s":1.32863,"t":[7.60921,9.76822,0.245995],"timestamp":97927749939},false],[6,{"currentFrameRate":104.077,"devices":[],"gestures":[],"hands":[{"armBasis":[[0.958843,0.0534138,-0.278867],[0.106175,0.843445,0.526619],[0.263338,-0.534553,0.80306]],"armWidth":63.72,"confidence":0.730716,"direction":[0.0248905,0.15176,-0.988104],"elbow":[71.2127,121.922,277.853],"grabStrength":0,"id":506,"palmNormal":[-0.125823,-0.980075,-0.153696],"palmPosition":[-6.64778,271.189,6.96471],"palmVelocity":[2.04943,-10.4078,29.0313],"palmWidth":90.99,"pinchStrength":0.625337,"r":[[0.781066,-0.051574,0.622316],[0.624267,0.0885562,-0.776176],[-0.0150795,0.994735,0.101364]],"s":1.3275,"sphereCenter":[-40.4719,254.662,-19.8375],"sphereRadius":55.5268,"stabilizedPalmPosition":[-5.45297,271.463,0.572443],"t":[7.63823,9.67118,0.49024],"timeVisible":113.286,"type":"right","wrist":[0.111472,266.251,61.0267]}],"id":1810298,"interactionBox":{"center":[0,200,0],"size":[235.247,235.247,147.751]},"pointables":[{"bases":[[[0.51647,0.854651,-0.0532088],[-0.751591,0.482212,0.450092],[0.410329,-0.192468,0.891396]],[[0.456327,0.872813,-0.173098],[-0.885284,0.425732,-0.187148],[-0.0896514,0.238642,0.966961]],[[0.456327,0.872813,-0.173098],[-0.817357,0.334271,-0.469245],[-0.351701,0.355612,0.865937]],[[0.456327,0.872813,-0.173098],[-0.466121,0.0687697,-0.882044],[-0.757956,0.483185,0.438218]]],"btipPosition":[4.60034,223.455,-25.4519],"carpPosition":[-29.6052,258.801,62.5969],"dipPosition":[-13.1386,234.763,-15.196],"direction":[0.351701,-0.355612,-0.865937],"extended":false,"handId":506,"id":5060,"length":52.1164,"mcpPosition":[-29.6052,258.801,62.5969],"pipPosition":[-25.13,246.888,14.3286],"stabilizedTipPosition":[-0.618301,227.327,-28.6921],"timeVisible":113.286,"tipPosition":[0.153341,226.035,-23.4368],"tipVelocity":[11.1653,-12.2407,38.7967],"tool":false,"touchDistance":0.158812,"touchZone":"hovering","type":0,"width":20.25},{"bases":[[[0.981841,-0.100852,-0.16068],[0.10337,0.994616,0.00736852],[0.159072,-0.0238442,0.986979]],[[0.99461,-0.103303,-0.00893189],[0.0972585,0.899602,0.425742],[-0.0359453,-0.424316,0.9048]],[[0.99461,-0.103303,-0.00893189],[0.102262,0.963039,0.249196],[-0.0171409,-0.248766,0.968412]],[[0.99461,-0.103303,-0.00893189],[0.103687,0.99137,0.0802114],[0.000568728,-0.0807052,0.996738]]],"btipPosition":[-28.6338,305.93,-96.849],"carpPosition":[-18.8799,278.555,55.0718],"dipPosition":[-28.6241,304.551,-79.8192],"direction":[0.0171409,0.248766,-0.968412],"extended":true,"handId":506,"id":5061,"length":58.8075,"mcpPosition":[-30.5827,280.309,-17.5399],"pipPosition":[-29.0384,298.538,-56.4123],"stabilizedTipPosition":[-28.176,308.072,-95.0242],"timeVisible":113.286,"tipPosition":[-28.4864,306.407,-92.6526],"tipVelocity":[-1.56956,-44.8811,17.5459],"tool":false,"touchDistance":0.13856,"touchZone":"hovering","type":1,"width":19.3428},{"bases":[[[0.9622,-0.271216,-0.0247444],[0.271341,0.962482,0.00176471],[0.0233374,-0.00841216,0.999692]],[[0.962127,-0.27119,-0.0277089],[0.0154291,0.155657,-0.987691],[0.272165,0.949856,0.153946]],[[0.962127,-0.27119,-0.0277089],[-0.247606,-0.82686,-0.504968],[0.114031,0.492705,-0.862693]],[[0.962127,-0.27119,-0.0277089],[-0.271636,-0.962302,-0.0137658],[-0.0229311,0.0207712,-0.999521]]],"btipPosition":[-24.3963,219.436,18.6938],"carpPosition":[-6.83797,279.033,52.5457],"dipPosition":[-24.8273,219.826,-0.0891904],"direction":[-0.114031,-0.492705,0.862693],"extended":false,"handId":506,"id":5062,"length":67.0064,"mcpPosition":[-8.46617,279.62,-17.2008],"pipPosition":[-21.5846,233.837,-24.6211],"stabilizedTipPosition":[-21.2443,218.65,8.81212],"timeVisible":113.286,"tipPosition":[-24.3631,219.96,14.898],"tipVelocity":[4.027,-16.3701,19.7819],"tool":false,"touchDistance":0.333333,"touchZone":"none","type":2,"width":18.9972},{"bases":[[[0.931936,-0.341277,0.122576],[0.339998,0.939886,0.0318594],[-0.126081,0.0119847,0.991948]],[[0.934123,-0.341441,0.104081],[0.157778,0.133402,-0.978422],[0.320189,0.930388,0.178486]],[[0.934123,-0.341441,0.104081],[-0.240072,-0.816737,-0.524696],[0.26416,0.465143,-0.844903]],[[0.934123,-0.341441,0.104081],[-0.338959,-0.939898,-0.0412167],[0.111899,0.00322213,-0.993714]]],"btipPosition":[-10.6668,221.326,23.2864],"carpPosition":[5.14989,276.591,51.4247],"dipPosition":[-8.57608,221.386,4.71988],"direction":[-0.26416,-0.465143,0.844903],"extended":false,"handId":506,"id":5063,"length":64.4285,"mcpPosition":[13.0476,275.841,-10.7109],"pipPosition":[-1.25833,234.271,-18.6856],"stabilizedTipPosition":[-7.49681,221.003,14.4834],"timeVisible":113.286,"tipPosition":[-10.0878,221.824,19.6663],"tipVelocity":[4.74911,-13.2507,23.9788],"tool":false,"touchDistance":0.333333,"touchZone":"none","type":3,"width":18.077},{"bases":[[[0.842006,-0.48817,0.229599],[0.468325,0.872705,0.138047],[-0.267763,-0.00870929,0.963446]],[[0.831202,-0.488147,0.266113],[0.352843,0.0932633,-0.931023],[0.429658,0.867764,0.24976]],[[0.831202,-0.488147,0.266113],[-0.271236,-0.77386,-0.572338],[0.48532,0.403549,-0.775637]],[[0.831202,-0.488147,0.266113],[-0.472372,-0.872489,-0.125012],[0.293205,-0.0217938,-0.955801]]],"btipPosition":[1.7244,229.692,19.5991],"carpPosition":[15.9367,267.388,52.6505],"dipPosition":[6.77832,229.317,3.12417],"direction":[-0.48532,-0.403549,0.775637],"extended":false,"handId":506,"id":5064,"length":50.5107,"mcpPosition":[31.463,267.893,-3.21505],"pipPosition":[16.2706,237.21,-12.0464],"stabilizedTipPosition":[8.18251,227.254,6.00777],"timeVisible":113.286,"tipPosition":[3.04289,229