{"sensorType":"Leap","data":[[0,{"currentFrameRate":105.626,"devices":[],"gestures":[],"hands":[{"armBasis":[[0.93747,0.0081562,-0.34797],[0.207868,0.788745,0.578509],[0.279178,-0.614667,0.737729]],"armWidth":63.72,"confidence":0.736,"direction":[-0.00292598,0.200464,-0.979697],"elbow":[69.7453,93.3406,279.352],"grabStrength":0,"id":506,"palmNormal":[-0.226509,-0.95437,-0.194606],"palmPosition":[-14.1938,267.69,26.7879],"palmVelocity":[8.82705,214.028,-188.702],"palmWidth":90.99,"pinchStrength":0.777811,"r":[[0.802221,-0.15523,0.576494],[0.589898,0.0573097,-0.805442],[0.0919902,0.986215,0.137545]],"s":1.31339,"sphereCenter":[-46.0731,255.348,0.398812],"sphereRadius":53.2433,"stabilizedPalmPosition":[-11.7765,255.563,29.3131],"t":[0.0244648,3.94337,22.5667],"timeVisible":119.588,"type":"right","wrist":[-5.63272,259.301,80.1648]}],"id":1810956,"interactionBox":{"center":[0,200,0],"size":[235.247,235.247,147.751]},"pointables":[{"bases":[[[0.593961,0.803665,-0.0365053],[-0.681433,0.526707,0.508162],[0.427619,-0.276953,0.860488]],[[0.537171,0.831515,-0.141527],[-0.842614,0.521442,-0.13454],[-0.0380739,0.191523,0.980749]],[[0.537171,0.831515,-0.141527],[-0.767614,0.412385,-0.490619],[-0.349594,0.372184,0.859804]],[[0.537171,0.831515,-0.141527],[-0.381113,0.0895878,-0.920177],[-0.752462,0.54823,0.365026]]],"btipPosition":[-4.40551,219.537,-4.02546],"carpPosition":[-35.836,254.617,82.7896],"dipPosition":[-22.0158,232.367,4.51745],"direction":[0.349594,-0.372184,-0.859804],"extended":false,"handId":506,"id":5060,"length":52.1164,"mcpPosition":[-35.836,254.617,82.7896],"pipPosition":[-33.9354,245.057,33.833],"stabilizedTipPosition":[-10.0382,211.724,6.63317],"timeVisible":119.588,"tipPosition":[-8.54896,222.461,-1.76393],"tipVelocity":[23.2607,210.93,-183.404],"tool":false,"touchDistance":0.0522147,"touchZone":"hovering","type":0,"width":20.25},{"bases":[[[0.959686,-0.18454,-0.212008],[0.199316,0.978639,0.0503876],[0.198181,-0.0906128,0.975968]],[[0.979331,-0.197123,-0.0453158],[0.193241,0.845678,0.49748],[-0.0597425,-0.495955,0.866291]],[[0.979331,-0.197123,-0.0453158],[0.200586,0.917702,0.342911],[-0.0260093,-0.344913,0.938274]],[[0.979331,-0.197123,-0.0453158],[0.202181,0.960482,0.191301],[0.00581509,-0.196509,0.980485]]],"btipPosition":[-35.0667,313.306,-72.7273],"carpPosition":[-23.5826,273.638,75.7229],"dipPosition":[-34.9674,309.949,-55.9751],"direction":[0.0260093,0.344913,-0.938274],"extended":true,"handId":506,"id":5061,"length":58.8075,"mcpPosition":[-38.1627,280.305,3.92131],"pipPosition":[-35.596,301.612,-33.2966],"stabilizedTipPosition":[-36.0893,307.135,-63.8031],"timeVisible":119.588,"tipPosition":[-35.0534,312.713,-68.8174],"tipVelocity":[39.3366,202.694,-201.241],"tool":false,"touchDistance":0.168959,"touchZone":"hovering","type":1,"width":19.3428},{"bases":[[[0.929504,-0.359197,-0.0836648],[0.362995,0.931125,0.0352347],[0.0652461,-0.0631207,0.995871]],[[0.930011,-0.359706,-0.0754459],[0.0270392,0.271684,-0.962007],[0.366537,0.892636,0.262395]],[[0.930011,-0.359706,-0.0754459],[-0.341617,-0.770307,-0.538446],[0.135566,0.526534,-0.839276]],[[0.930011,-0.359706,-0.0754459],[-0.360609,-0.932716,0.00177058],[-0.0710065,0.0255598,-0.997148]]],"btipPosition":[-36.4103,219.035,33.1283],"carpPosition":[-11.6703,273.11,72.6513],"dipPosition":[-37.7446,219.516,14.3898],"direction":[-0.135566,-0.526534,0.839276],"extended":false,"handId":506,"id":5062,"length":67.0064,"mcpPosition":[-16.2224,277.514,3.17139],"pipPosition":[-33.8896,234.488,-9.47614],"stabilizedTipPosition":[-25.9329,205.055,19.4727],"timeVisible":119.588,"tipPosition":[-36.6109,219.242,29.9027],"tipVelocity":[5.80429,205.705,-230.241],"tool":false,"touchDistance":0.333333,"touchZone":"none","type":2,"width":18.9972},{"bases":[[[0.898948,-0.433734,0.0613813],[0.430371,0.900595,0.0608954],[-0.0816921,-0.028325,0.996255]],[[0.900241,-0.433171,0.04391],[0.168358,0.253326,-0.952618],[0.401523,0.864979,0.300983]],[[0.900241,-0.433171,0.04391],[-0.331759,-0.747781,-0.575117],[0.281959,0.503177,-0.816892]],[[0.900241,-0.433171,0.04391],[-0.43177,-0.901182,-0.0380094],[0.0560356,0.0152586,-0.998312]]],"btipPosition":[-21.7145,218.512,36.272],"carpPosition":[-0.0339981,269.609,70.8432],"dipPosition":[-20.6675,218.797,17.6196],"direction":[-0.281959,-0.503177,0.816892],"extended":false,"handId":506,"id":5063,"length":64.4285,"mcpPosition":[5.0832,271.383,8.43783],"pipPosition":[-12.8567,232.736,-5.00997],"stabilizedTipPosition":[-13.2128,204.982,28.5118],"timeVisible":119.588,"tipPosition":[-21.3945,218.702,33.1241],"tipVelocity":[8.08824,209.71,-217.985],"tool":false,"touchDistance":0.333333,"touchZone":"none","type":3,"width":18.077},{"bases":[[[0.799901,-0.5769,0.165363],[0.556032,0.816106,0.157477],[-0.225803,-0.0340188,0.973579]],[[0.811084,-0.574165,0.111701],[0.287914,0.225655,-0.930691],[0.509164,0.787029,0.348335]],[[0.811084,-0.574165,0.111701],[-0.395293,-0.678799,-0.61885],[0.431145,0.457785,-0.777526]],[[0.811084,-0.574165,0.111701],[-0.563512,-0.818209,-0.113968],[0.156832,0.0294927,-0.987185]]],"btipPosition":[-6.19181,224.058,34.5613],"carpPosition":[9.85456,259.376,71.1079],"dipPosition":[-3.48853,224.567,17.5454],"direction":[-0.431145,-0.457785,0.777526],"extended":false,"handId":506,"id":5064,"length":50.5107,"mcpPosition":[22.9478,261.349,14.6547],"pipPosition":[4.94414,233.52,2.33791],"stabilizedTipPosition":[-0.250224,210.935,28.6],"timeVisible":119.588,"tipPosition":[-5.68847,224.199,31.3786],"tipVelocity":[14.0172,212.401,-199.903],"tool":false,"touchDistance":0.333333,"touchZone":"none","type":4,"width":16.0574}],"r":[[0.802221,-0.15523,0.576494],[0.589898,0.0573097,-0.805442],[0.0919902,0.986215,0.137545]],"s":1.31339,"t":[0.0244648,3.94337,22.5667],"timestamp":97934060954},false],[1,{"currentFrameRate":105.671,"devices":[],"gestures":[],"hands":[{"armBasis":[[0.937424,0.0138424,-0.347915],[0.200213,0.796071,0.571127],[0.284871,-0.605045,0.743484]],"armWidth":63.72,"confidence":0.736228,"direction":[0.00185085,0.22056,-0.975372],"elbow":[71.0049,96.8008,278.781],"grabStrength":0,"id":506,"palmNormal":[-0.217319,-0.951974,-0.215681],"palmPosition":[-14.1897,269.58,24.7908],"palmVelocity":[6.4412,210.449,-195.587],"palmWidth":90.99,"pinchStrength":0.782896,"r":[[0.800442,-0.15558,0.578868],[0.592859,0.0630898,-0.802831],[0.0883835,0.985807,0.142736]],"s":1.31201,"sphereCenter":[-45.8111,257.549,-2.08805],"sphereRadius":53.2395,"stabilizedPalmPosition":[-11.9638,256.65,28.9621],"t":[0.0748745,5.95387,20.5636],"timeVisible":119.597,"type":"right","wrist":[-5.91031,260.163,78.0406]}],"id":1810957,"interactionBox":{"center":[0,200,0],"size":[235.247,235.247,147.751]},"pointables":[{"bases":[[[0.587517,0.809054,-0.0159944],[-0.689092,0.51057,0.514266],[0.424235,-0.291118,0.857482]],[[0.531252,0.838573,-0.120695],[-0.845953,0.517281,-0.129552],[-0.046206,0.170927,0.9842]],[[0.531252,0.838573,-0.120695],[-0.767644,0.416171,-0.487365],[-0.358461,0.351564,0.864817]],[[0.531252,0.838573,-0.120695],[-0.37631,0.105924,-0.920419],[-0.759054,0.534393,0.371836]]],"btipPosition":[-3.79735,222.155,-6.95244],"carpPosition":[-36.0904,255.181,80.3652],"dipPosition":[-21.5619,234.662,1.74985],"direction":[0.358461,-0.351564,-0.864817],"extended":false,"handId":506,"id":5060,"length":52.1164,"mcpPosition":[-36.0904,255.181,80.3652],"pipPosition":[-33.7839,246.649,31.2363],"stabilizedTipPosition":[-9.7855,213.284,5.27495],"timeVisible":119.597,"tipPosition":[-7.97868,224.998,-4.65593],"tipVelocity":[34.0069,228.08,-218.871],"tool":false,"touchDistance":0.00404263,"touchZone":"hovering","type":0,"width":20.25},{"bases":[[[0.962553,-0.172319,-0.209281],[0.190874,0.978984,0.0718117],[0.192509,-0.109069,0.975215]],[[0.981208,-0.188178,-0.042667],[0.18288,0.836439,0.516648],[-0.0615335,-0.514742,0.855134]],[[0.981208,-0.188178,-0.042667],[0.190653,0.911458,0.364549],[-0.0297111,-0.365833,0.930206]],[[0.981208,-0.188178,-0.042667],[0.192954,0.957423,0.214733],[0.000442335,-0.21893,0.97574]]],"btipPosition":[-34.7573,317.164,-73.8662],"carpPosition":[-23.9487,274.443,73.7732],"dipPosition":[-34.7497,313.424,-57.1951],"direction":[0.0297111,0.365833,-0.930206],"extended":true,"handId":506,"id":5061,"length":58.8075,"mcpPosition":[-38.1115,282.467,2.02698],"pipPosition":[-35.4678,304.581,-34.7116],"stabilizedTipPosition":[-35.7371,309.557,-65.4479],"timeVisible":119.597,"tipPosition":[-34.7763,316.438,-69.9876],"tipVelocity":[36.8925,259.338,-179.11],"tool":false,"touchDistance":0.166406,"touchZone":"hovering","type":1,"width":19.3428},{"bases":[[[0.932974,-0.349822,-0.0847573],[0.355038,0.933126,0.0567896],[0.0592229,-0.0830753,0.994782]],[[0.933427,-0.350489,-0.0766259],[0.0323082,0.294832,-0.955003],[0.35731,0.88895,0.286528]],[[0.933427,-0.350489,-0.0766259],[-0.331342,-0.76028,-0.558738],[0.137574,0.54693,-0.825797]],[[0.933427,-0.350489,-0.0766259],[-0.35296,-0.935401,-0.021078],[-0.0642883,0.0467206,-0.996837]]],"btipPosition":[-36.0708,220.592,29.7723],"carpPosition":[-12.0125,274.074,70.7717],"dipPosition":[-37.2789,221.47,11.0397],"direction":[-0.137574,-0.54693,0.825797],"extended":false,"handId":506,"id":5062,"length":67.0064,"mcpPosition":[-16.1443,279.87,1.36776],"pipPosition":[-33.3668,237.023,-12.443],"stabilizedTipPosition":[-26.1397,205.368,19.5916],"timeVisible":119.597,"tipPosition":[-36.2471,220.876,26.5536],"tipVelocity":[15.3242,197.18,-266.465],"tool":false,"touchDistance":0.333333,"touchZone":"none","type":2,"width":18.9972},{"bases":[[[0.902084,-0.427575,0.0585187],[0.422494,0.902624,0.0822715],[-0.0879976,-0.049492,0.99489]],[[0.903462,-0.426662,0.0414211],[0.175203,0.279343,-0.944072],[0.391229,0.86019,0.327128]],[[0.903462,-0.426662,0.0414211],[-0.320265,-0.736061,-0.59636],[0.284932,0.525523,-0.801648]],[[0.903462,-0.426662,0.0414211],[-0.423912,-0.903612,-0.061517],[0.0636755,0.0380194,-0.997246]]],"btipPosition":[-21.3867,220.105,32.8745],"carpPosition":[-0.335977,270.706,68.9706],"dipPosition":[-20.1969,220.815,14.2419],"direction":[-0.284932,-0.525523,0.801648],"extended":false,"handId":506,"id":5063,"length":64.4285,"mcpPosition":[5.17619,273.806,6.65066],"pipPosition":[-12.3037,235.373,-7.96531],"stabilizedTipPosition":[-13.4325,205.407,28.514],"timeVisible":119.597,"tipPosition":[-21.0404,220.381,29.7592],"tipVelocity":[16.722,201.333,-258.857],"tool":false,"touchDistance":0.333333,"touchZone":"none","type":3,"width":18.077},{"bases":[[[0.803544,-0.573652,0.15887],[0.548212,0.81719,0.177943],[-0.231904,-0.0558905,0.971132]],[[0.815345,-0.569586,0.103841],[0.293603,0.252182,-0.922064],[0.499008,0.782289,0.372848]],[[0.815345,-0.569586,0.103841],[-0.384557,-0.66685,-0.6383],[0.432813,0.480502,-0.762752]],[[0.815345,-0.569586,0.103841],[-0.555685,-0.820216,-0.135867],[0.16256,0.0530756,-0.98527]]],"btipPosition":[-5.82989,225.818,31.4983],"carpPosition":[9.63497,260.551,69.0917],"dipPosition":[-3.02787,226.733,14.5154],"direction":[-0.432813,-0.480502,0.762752],"extended":false,"handId":506,"id":5064,"length":50.5107,"mcpPosition":[23.082,263.792,12.7805],"pipPosition":[5.43744,236.131,-0.403131],"stabilizedTipPosition":[-0.495112,211.684,28.55],"timeVisible":119.597,"tipPosition":[-5.3169,226.053,28.356],"tipVelocity":[21.6912,208.192,-235.684],"tool":false,"touchDistance":0.333333,"touchZone":"none","type":4,"width":16.0574}],"r":[[0.800442,-0.15558,0.578868],[0.592859,0.0630898,-0.802831],[0.0883835,0.985807,0.142736]],"s":1.31201,"t":[0.0748745,5.95387,20.5636],"timestamp":97934070334},false],[2,{"currentFrameRate":105.678,"devices":[],"gestures":[],"hands":[{"armBasis":[[0.940043,0.00733288,-0.340976],[0.198354,0.801539,0.564084],[0.277442,-0.597897,0.752027]],"armWidth":63.72,"confidence":0.74013,"direction":[0.000643386,0.233925,-0.972254],"elbow":[69.2588,100.083,278.665],"grabStrength":0,"id":506,"palmNormal":[-0.212929,-0.949927,-0.228694],"palmPosition":[-13.9837,271.623,22.5032],"palmVelocity":[10.8379,212.104,-208.882],"palmWidth":90.99,"pinchStrength":0.788503,"r":[[0.799177,-0.156714,0.580307],[0.595117,0.0704652,-0.800544],[0.0845652,0.985127,0.149578]],"s":1.31087,"sphereCenter":[-45.5839,259.881,-4.55406],"sphereRadius":53.2554,"stabilizedPalmPosition":[-12.1242,257.84,28.449],"t":[0.203122,7.98092,18.4183],"timeVisible":119.606,"type":"right","wrist":[-5.65061,261.516,75.6178]}],"id":1810958,"interactionBox":{"center":[0,200,0],"size":[235.247,235.247,147.751]},"pointables":[{"bases":[[[0.583744,0.811922,-0.00496573],[-0.691364,0.500255,0.521306],[0.425744,-0.300876,0.853355]],[[0.527382,0.842589,-0.109142],[-0.848332,0.515121,-0.122409],[-0.0469193,0.157145,0.98646]],[[0.527382,0.842589,-0.109142],[-0.76955,0.419276,-0.481664],[-0.360084,0.338011,0.869533]],[[0.527382,0.842589,-0.109142],[-0.37747,0.117277,-0.918565],[-0.761173,0.525633,0.379902]]],"btipPosition":[-3.37317,224.691,-9.90254],"carpPosition":[-35.8067,256.362,77.8775],"dipPosition":[-21.1874,236.993,-1.01147],"direction":[0.360084,-0.338011,-0.869533],"extended":false,"handId":506,"id":5060,"length":52.1164,"mcpPosition":[-35.8067,256.362,77.8775],"pipPosition":[-33.4646,248.518,28.6358],"stabilizedTipPosition":[-9.7855,213.284,5.27495],"timeVisible":119.606,"tipPosition":[-7.5663,227.482,-7.56362],"tipVelocity":[36.7733,238.167,-244.248],"tool":false,"touchDistance":-0.094402,"touchZone":"hovering","type":0,"width":20.25},{"bases":[[[0.963305,-0.164951,-0.211743],[0.186332,0.978785,0.0852117],[0.193195,-0.121539,0.973604]],[[0.982071,-0.183028,-0.0451331],[0.178902,0.829443,0.529168],[-0.0594174,-0.527755,0.847316]],[[0.982071,-0.183028,-0.0451331],[0.186317,0.905989,0.380091],[-0.0286773,-0.381686,0.923847]],[[0.982071,-0.183028,-0.0451331],[0.18851,0.954068,0.232847],[0.000442417,-0.237181,0.971465]]],"btipPosition":[-34.731,320.662,-75.4093],"carpPosition":[-23.756,275.768,71.5489],"dipPosition":[-34.7234,316.609,-58.8112],"direction":[0.0286773,0.381686,-0.923847],"extended":true,"handId":506,"id":5061,"length":58.8075,"mcpPosition":[-37.9693,284.71,-0.0787522],"pipPosition":[-35.4166,307.384,-36.4815],"stabilizedTipPosition":[-35.4508,312.446,-67.1932],"timeVisible":119.606,"tipPosition":[-34.7699,319.786,-71.575],"tipVelocity":[27.1305,288.846,-175.087],"tool":false,"touchDistance":0.165745,"touchZone":"hovering","type":1,"width":19.3428},{"bases":[[[0.934576,-0.34428,-0.0896623],[0.350704,0.933901,0.0695419],[0.0597938,-0.0964371,0.993541]],[[0.935033,-0.345056,-0.0815498],[0.0322481,0.311811,-0.949597],[0.353092,0.885274,0.302681]],[[0.935033,-0.345056,-0.0815498],[-0.327512,-0.752429,-0.571478],[0.135832,0.561059,-0.816555]],[[0.935033,-0.345056,-0.0815498],[-0.348671,-0.936598,-0.0348158],[-0.064366,0.0609879,-0.996061]]],"btipPosition":[-35.6626,222.454,26.5723],"carpPosition":[-11.8188,275.497,68.5412],"dipPosition":[-36.8722,223.6,7.85432],"direction":[-0.135832,-0.561059,0.816555],"extended":false,"handId":506,"id":5062,"length":67.0064,"mcpPosition":[-15.9905,282.225,-0.776212],"pipPosition":[-33.0096,239.555,-15.3656],"stabilizedTipPosition":[-26.3382,205.719,19.6458],"timeVisible":119.606,"tipPosition":[-35.8365,222.787,23.3691],"tipVelocity":[23.2873,199.001,-287.002],"tool":false,"touchDistance":0.333333,"touchZone":"none","type":2,"width":18.9972},{"bases":[[[0.904074,-0.424135,0.0525373],[0.418306,0.903367,0.0945947],[-0.0875813,-0.0635439,0.994129]],[[0.905423,-0.423002,0.0357519],[0.17504,0.295284,-0.939238],[0.386743,0.856666,0.341399]],[[0.905423,-0.423002,0.0357519],[-0.316273,-0.728347,-0.60785],[0.283162,0.539054,-0.793247]],[[0.905423,-0.423002,0.0357519],[-0.419682,-0.904611,-0.074468],[0.0638417,0.0524206,-0.996582]]],"btipPosition":[-20.9574,222.001,29.7615],"carpPosition":[-0.127063,272.208,66.6926],"dipPosition":[-19.7646,222.98,11.1413],"direction":[-0.283162,-0.539054,0.793247],"extended":false,"handId":506,"id":5063,"length":64.4285,"mcpPosition":[5.35903,276.189,4.42039],"pipPosition":[-11.9205,237.913,-10.8332],"stabilizedTipPosition":[-13.6362,205.88,28.4287],"timeVisible":119.606,"tipPosition":[-20.612,222.32,26.6363],"tipVelocity":[24.9545,202.991,-278.952],"tool":false,"touchDistance":0.333333,"touchZone":"none","type":3,"width":18.077},{"bases":[[[0.806234,-0.572032,0.150887],[0.544438,0.817215,0.189069],[-0.231461,-0.0702856,0.970302]],[[0.818353,-0.566963,0.0940823],[0.293674,0.271812,-0.916447],[0.494019,0.777606,0.38894]],[[0.818353,-0.566963,0.0940823],[-0.380509,-0.657191,-0.650625],[0.430711,0.496641,-0.753549]],[[0.818353,-0.566963,0.0940823],[-0.551572,-0.82079,-0.148564],[0.161452,0.0696842,-0.984417]]],"btipPosition":[-5.36287,227.764,28.3642],"carpPosition":[9.89104,262.099,66.6732],"dipPosition":[-2.57996,228.965,11.396],"direction":[-0.43071,-0.496641,0.753549],"extended":false,"handId":506,"id":5064,"length":50.5107,"mcpPosition":[23.3123,266.175,10.4101],"pipPosition":[5.84422,238.679,-3.34254],"stabilizedTipPosition":[-0.703728,212.491,28.3482],"timeVisible":119.606,"tipPosition":[-4.86361,228.071,25.2596],"tipVelocity":[29.4914,209.532,-263.033],"tool":false,"touchDistance":0.333333,"touchZone":"none","type":4,"width":16.0574}],"r":[[0.799177,-0.156714,0.580307],[0.595117,0.0704652,-0.800544],[0.0845652,0.985127,0.149578]],"s":1.31087,"t":[0.203122,7.98092,18.4183],"timestamp":97934079785},false],[3,{"currentFrameRate":105.579,"devices":[],"gestures":[],"hands":[{"armBasis":[[0.939098,0.0032906,-0.343635],[0.201779,0.804151,0.55913],[0.278174,-0.594416,0.754512]],"armWidth":63.72,"confidence":0.742676,"direction":[0.00161044,0.226253,-0.974067],"elbow":[69.3196,103.235,277.356],"grabStrength":0,"id":506,"palmNormal":[-0.217119,-0.950753,-0.221197],"palmPosition":[-14.0794,273.453,20.445],"palmVelocity":[4.79304,205.519,-210.139],"palmWidth":90.99,"pinchStrength":0.790665,"r":[[0.798026,-0.157422,0.581698],[0.596967,0.0745723,-0.798792],[0.0823686,0.984712,0.153486]],"s":1.30991,"sphereCenter":[-45.767,261.678,-6.53917],"sphereRadius":53.2687,"stabilizedPalmPosition":[-12.1242,257.84,28.449],"t":[0.219397,9.90916,16.3165],"timeVisible":119.616,"type":"right","wrist":[-5.78746,263.727,73.6374]}],"id":1810959,"interactionBox":{"center":[0,200,0],"size":[235.247,235.247,147.751]},"pointables":[{"bases":[[[0.587309,0.809283,-0.0113792],[-0.689124,0.507383,0.517368],[0.424471,-0.296014,0.855687]],[[0.531133,0.839353,-0.115694],[-0.846025,0.517918,-0.126506],[-0.0462627,0.165072,0.985196]],[[0.531133,0.839353,-0.115694],[-0.767622,0.418881,-0.485072],[-0.358684,0.346447,0.866787]],[[0.531133,0.839353,-0.115694],[-0.377485,0.112168,-0.919197],[-0.758553,0.531889,0.37642]]],"btipPosition":[-3.67408,226.224,-11.6033],"carpPosition":[-35.9658,258.724,75.9385],"dipPosition":[-21.427,238.672,-2.79377],"direction":[0.358684,-0.346447,-0.866787],"extended":false,"handId":506,"id":5060,"length":52.1164,"mcpPosition":[-35.9658,258.724,75.9385],"pipPosition":[-33.6565,250.484,26.7599],"stabilizedTipPosition":[-9.55431,215.085,3.58209],"timeVisible":119.616,"tipPosition":[-7.85378,229.05,-9.28348],"tipVelocity":[17.4067,216.049,-224.984],"tool":false,"touchDistance":-0.123061,"touchZone":"hovering","type":0,"width":20.25},{"bases":[[[0.962557,-0.170849,-0.210465],[0.19064,0.978597,0.0774924],[0.192721,-0.114714,0.974525]],[[0.981257,-0.187704,-0.0436153],[0.182506,0.832548,0.523026],[-0.0618624,-0.521182,0.8512]],[[0.981257,-0.187704,-0.0436153],[0.190235,0.907417,0.374707],[-0.030757,-0.375981,0.926117]],[[0.981257,-0.187704,-0.0436153],[0.192701,0.954296,0.228441],[-0.00125753,-0.232564,0.97258]]],"btipPosition":[-34.586,321.919,-77.81],"carpPosition":[-23.8303,278.027,69.4568],"dipPosition":[-34.6075,317.945,-61.1929],"direction":[0.030757,0.375981,-0.926117],"extended":true,"handId":506,"id":5061,"length":58.8075,"mcpPosition":[-38.0086,286.467,-2.23865],"pipPosition":[-35.3509,308.858,-38.8083],"stabilizedTipPosition":[-35.21,314.843,-69.0959],"timeVisible":119.616,"tipPosition":[-34.64,321.021,-73.9859],"tipVelocity":[23.4012,243.19,-196.391],"tool":false,"touchDistance":0.135213,"touchZone":"hovering","type":1,"width":19.3428},{"bases":[[[0.933047,-0.349083,-0.0869741],[0.354812,0.932868,0.0621719],[0.0594322,-0.0888687,0.994269]],[[0.933506,-0.349806,-0.0787484],[0.035518,0.308756,-0.950478],[0.356797,0.88448,0.30065]],[[0.933506,-0.349806,-0.0787484],[-0.330308,-0.753504,-0.568443],[0.139508,0.556657,-0.818945]],[[0.933506,-0.349806,-0.0787484],[-0.352861,-0.935242,-0.0284993],[-0.0636795,0.0543915,-0.996487]]],"btipPosition":[-36.0092,224.396,24.6052],"carpPosition":[-11.8945,277.679,66.451],"dipPosition":[-37.2059,225.418,5.87924],"direction":[-0.139508,-0.556657,0.818945],"extended":false,"handId":506,"id":5062,"length":67.0064,"mcpPosition":[-16.041,283.88,-2.91714],"pipPosition":[-33.2388,241.247,-17.4086],"stabilizedTipPosition":[-26.5523,206.126,19.6599],"timeVisible":119.616,"tipPosition":[-36.1747,224.71,21.4204],"tipVelocity":[6.13601,198.765,-262.807],"tool":false,"touchDistance":0.333333,"touchZone":"none","type":2,"width":18.9972},{"bases":[[[0.902203,-0.42768,0.0558511],[0.422281,0.902236,0.0874625],[-0.0877968,-0.0553241,0.994601]],[[0.903538,-0.426701,0.0393083],[0.177175,0.288485,-0.940949],[0.390164,0.857148,0.336258]],[[0.903538,-0.426701,0.0393083],[-0.319095,-0.731223,-0.602902],[0.286002,0.532201,-0.796847]],[[0.903538,-0.426701,0.0393083],[-0.423657,-0.903307,-0.0674718],[0.0642978,0.0443101,-0.996947]]],"btipPosition":[-21.2745,223.922,28.0036],"carpPosition":[-0.217517,274.325,64.628],"dipPosition":[-20.0731,224.75,9.37663],"direction":[-0.286002,-0.532201,0.796847],"extended":false,"handId":506,"id":5063,"length":64.4285,"mcpPosition":[5.28208,277.79,2.32624],"pipPosition":[-12.1503,239.493,-12.6976],"stabilizedTipPosition":[-13.8537,206.418,28.2896],"timeVisible":119.616,"tipPosition":[-20.9285,224.211,24.8588],"tipVelocity":[8.17754,200.789,-250.783],"tool":false,"touchDistance":0.333333,"touchZone":"none","type":3,"width":18.077},{"bases":[[[0.80372,-0.574366,0.155366],[0.548039,0.816276,0.182609],[-0.231706,-0.0616203,0.970832]],[[0.816085,-0.56968,0.0973121],[0.295141,0.266044,-0.917667],[0.496888,0.777615,0.38525]],[[0.816085,-0.56968,0.0973121],[-0.383326,-0.659569,-0.646552],[0.432512,0.490339,-0.756638]],[[0.816085,-0.56968,0.0973121],[-0.555144,-0.81953,-0.142077],[0.160688,0.0619243,-0.985061]]],"btipPosition":[-5.60718,229.591,26.5502],"carpPosition":[9.75603,264.172,64.688],"dipPosition":[-2.83742,230.659,9.5709],"direction":[-0.432512,-0.490339,0.756638],"extended":false,"handId":506,"id":5064,"length":50.5107,"mcpPosition":[23.1915,267.745,8.3941],"pipPosition":[5.62199,240.249,-5.22803],"stabilizedTipPosition":[-0.916937,213.358,28.0632],"timeVisible":119.616,"tipPosition":[-5.11872,229.877,23.4409],"tipVelocity":[13.4372,202.696,-241.223],"tool":false,"touchDistance":0.333333,"touchZone":"none","type":4,"width":16.0574}],"r":[[0.798026,-0.157422,0.581698],[0.596967,0.0745723,-0.798792],[0.0823686,0.984712,0.153486]],"s":1.30991,"t":[0.219397,9.90916,16.3165],"timestamp":97934089439},false],[4,{"currentFrameRate":105.511,"devices":[],"gestures":[],"hands":[{"armBasis":[[0.941476,-0.00325171,-0.337064],[0.202741,0.804326,0.558531],[0.269293,-0.59418,0.757913]],"armWidth":63.72,"confidence":0.72908,"direction":[0.000830051,0.226744,-0.973954],"elbow":[67.0724,104.752,276.84],"grabStrength":0,"id":506,"palmNormal":[-0.217763,-0.95054,-0.221479],"palmPosition":[-13.9724,274.937,19.0232],"palmVelocity":[6.63322,190.745,-192.134],"palmWidth":90.99,"pinchStrength":0.792317,"r":[[0.797194,-0.158126,0.582647],[0.598301,0.0778797,-0.797477],[0.0807254,0.984343,0.156692]],"s":1.30901,"sphereCenter":[-45.7071,263.217,-7.96293],"sphereRadius":53.2676,"stabilizedPalmPosition":[-12.2141,258.671,27.9909],"t":[0.281014,11.6155,14.5548],"timeVisible":119.626,"type":"right","wrist":[-5.63667,265.181,72.2031]}],"id":1810960,"interactionBox":{"center":[0,200,0],"size":[235.247,235.247,147.751]},"pointables":[{"bases":[[[0.587675,0.809015,-0.0115049],[-0.688418,0.507442,0.518251],[0.425111,-0.296643,0.855151]],[[0.531471,0.839143,-0.115662],[-0.84586,0.518422,-0.125537],[-0.0453817,0.164553,0.985324]],[[0.531471,0.839143,-0.115662],[-0.767767,0.419513,-0.484296],[-0.357871,0.346191,0.867226]],[[0.531471,0.839143,-0.115662],[-0.378715,0.113251,-0.918558],[-0.757702,0.53199,0.377986]]],"btipPosition":[-3.61511,227.723,-13.0707],"carpPosition":[-35.8153,260.191,74.5291],"dipPosition":[-21.3481,240.173,-4.22443],"direction":[0.357871,-0.346191,-0.867226],"extended":false,"handId":506,"id":5060,"length":52.1164,"mcpPosition":[-35.8153,260.191,74.5291],"pipPosition":[-33.5499,251.977,25.3441],"stabilizedTipPosition":[-9.34982,216.789,1.97549],"timeVisible":119.626,"tipPosition":[-7.79042,230.549,-10.743],"tipVelocity":[14.2777,198.673,-203.794],"tool":false,"touchDistance":-0.147376,"touchZone":"hovering","type":0,"width":20.25},{"bases":[[[0.962285,-0.17119,-0.211426],[0.191166,0.978469,0.0778128],[0.193553,-0.115296,0.974292]],[[0.981133,-0.188151,-0.0444581],[0.183286,0.832059,0.52353],[-0.0615108,-0.521801,0.850846]],[[0.981133,-0.188151,-0.0444581],[0.190906,0.906548,0.376464],[-0.0305286,-0.377849,0.925364]],[[0.981133,-0.188151,-0.0444581],[0.193329,0.953444,0.231449],[-0.00115891,-0.235677,0.971831]]],"btipPosition":[-34.5159,323.551,-79.1572],"carpPosition":[-23.6766,279.491,68.0462],"dipPosition":[-34.5357,319.524,-62.5529],"direction":[0.0305286,0.377849,-0.925364],"extended":true,"handId":506,"id":5061,"length":58.8075,"mcpPosition":[-37.9162,287.974,-3.63209],"pipPosition":[-35.2736,310.391,-40.1865],"stabilizedTipPosition":[-35.0262,316.917,-70.7597],"timeVisible":119.626,"tipPosition":[-34.5779,322.61,-75.3466],"tipVelocity":[18.7431,221.576,-180.21],"tool":false,"touchDistance":0.119389,"touchZone":"hovering","type":1,"width":19.3428},{"bases":[[[0.932805,-0.349473,-0.0879988],[0.355302,0.932672,0.0623199],[0.0602948,-0.0893985,0.994169]],[[0.933276,-0.350208,-0.079689],[0.0363495,0.312837,-0.949111],[0.357316,0.882886,0.304693]],[[0.933276,-0.350208,-0.079689],[-0.330741,-0.751509,-0.570828],[0.140021,0.559096,-0.817194]],[[0.933276,-0.350208,-0.079689],[-0.353379,-0.935015,-0.0294998],[-0.0641793,0.0556919,-0.996383]]],"btipPosition":[-35.9488,225.876,22.9439],"carpPosition":[-11.7438,279.14,65.0293],"dipPosition":[-37.1549,226.923,4.21986],"direction":[-0.140021,-0.559096,0.817194],"extended":false,"handId":506,"id":5062,"length":67.0064,"mcpPosition":[-15.9504,285.377,-4.33187],"pipPosition":[-33.1732,242.821,-19.0182],"stabilizedTipPosition":[-26.767,206.57,19.6372],"timeVisible":119.626,"tipPosition":[-36.113,226.195,19.7653],"tipVelocity":[6.11427,185.991,-236.749],"tool":false,"touchDistance":0.333333,"touchZone":"none","type":2,"width":18.9972},{"bases":[[[0.902054,-0.428128,0.0548147],[0.42278,0.901995,0.0875337],[-0.0869182,-0.0557856,0.994652]],[[0.903347,-0.427165,0.0386503],[0.178515,0.292513,-0.939451],[0.389995,0.85555,0.340496]],[[0.903347,-0.427165,0.0386503],[-0.318866,-0.729114,-0.605571],[0.286859,0.534717,-0.794852]],[[0.903347,-0.427165,0.0386503],[-0.424063,-0.903014,-0.0688139],[0.0642966,0.0457727,-0.996881]]],"btipPosition":[-21.1981,225.381,26.3205],"carpPosition":[-0.0699854,275.78,63.1941],"dipPosition":[-19.9968,226.236,7.69479],"direction":[-0.286859,-0.534717,0.794852],"extended":false,"handId":506,"id":5063,"length":64.4285,"mcpPosition":[5.37457,279.275,0.889043],"pipPosition":[-12.0502,241.049,-14.3242],"stabilizedTipPosition":[-14.0653,206.992,28.1024],"timeVisible":119.626,"tipPosition":[-20.8506,225.678,23.1863],"tipVelocity":[8.11131,186.807,-228.873],"tool":false,"touchDistance":0.333333,"touchZone":"none","type":3,"width":18.077},{"bases":[[[0.803593,-0.574818,0.154345],[0.548585,0.815929,0.182523],[-0.230852,-0.0620029,0.971011]],[[0.816068,-0.570024,0.0954205],[0.294754,0.268463,-0.917087],[0.497144,0.776531,0.387101]],[[0.816068,-0.570024,0.0954205],[-0.384101,-0.65827,-0.647415],[0.431855,0.491684,-0.75614]],[[0.816068,-0.570024,0.0954205],[-0.555623,-0.81922,-0.141989],[0.159108,0.0628551,-0.985258]]],"btipPosition":[-5.48283,231.06,25.0199],"carpPosition":[9.89888,265.623,63.2398],"dipPosition":[-2.74032,232.144,8.03716],"direction":[-0.431855,-0.491684,0.75614],"extended":false,"handId":506,"id":5064,"length":50.5107,"mcpPosition":[23.2849,269.218,6.93555],"pipPosition":[5.70624,241.761,-6.75203],"stabilizedTipPosition":[-1.11039,214.241,27.7216],"timeVisible":119.626,"tipPosition":[-5.00479,231.351,21.9064],"tipVelocity":[13.1064,188.391,-217.505],"tool":false,"touchDistance":0.333333,"touchZone":"none","type":4,"width":16.0574}],"r":[[0.797194,-0.158126,0.582647],[0.598301,0.0778797,-0.797477],[0.0807254,0.984343,0.156692]],"s":1.30901,"t":[0.281014,11.6155,14.5548],"timestamp":97934099042},false],[5,{"currentFrameRate":105.724,"devices":[],"gestures":[],"hands":[{"armBasis":[[0.944341,-0.00503965,-0.328929],[0.2008,0.800835,0.564219],[0.260574,-0.598864,0.757273]],"armWidth":63.72,"confidence":0.707223,"direction":[0.00221024,0.231932,-0.972729],"elbow":[64.6737,105.148,274.9],"grabStrength":0,"id":506,"palmNormal":[-0.216328,-0.949587,-0.226906],"palmPosition":[-13.9387,276.872,17.2948],"palmVelocity":[5.82789,197.008,-191.722],"palmWidth":90.99,"pinchStrength":0.796083,"r":[[0.796368,-0.159136,0.583501],[0.599613,0.0815063,-0.796129],[0.079134,0.983886,0.160329]],"s":1.3082,"sphereCenter":[-45.6324,265.309,-9.82801],"sphereRadius":53.2737,"stabilizedPalmPosition":[-12.3439,260.041,27.1859],"t":[0.328678,13.436,12.8097],"timeVisible":119.635,"type":"right","wrist":[-5.68127,266.842,70.436]}],"id":1810961,"interactionBox":{"center":[0,200,0],"size":[235.247,235.247,147.751]},"pointables":[{"bases":[[[0.586789,0.809716,-0.00620525],[-0.689853,0.503909,0.519788],[0.424007,-0.300725,0.854273]],[[0.530776,0.840316,-0.11021],[-0.846191,0.518191,-0.124254],[-0.0473033,0.159209,0.986111]],[[0.530776,0.840316,-0.11021],[-0.767328,0.421266,-0.483469],[-0.359839,0.34118,0.868396]],[[0.530776,0.840316,-0.11021],[-0.377715,0.118135,-0.918355],[-0.758689,0.529068,0.380103]]],"btipPosition":[-3.47189,229.844,-15.044],"carpPosition":[-35.8581,261.806,72.6846],"dipPosition":[-21.2279,242.226,-6.14821],"direction":[0.359839,-0.34118,-0.868396],"extended":false,"handId":506,"id":5060,"length":52.1164,"mcpPosition":[-35.8581,261.806,72.6846],"pipPosition":[-33.4969,253.858,23.4603],"stabilizedTipPosition":[-9.16692,218.41,0.448919],"timeVisible":119.635,"tipPosition":[-7.65334,232.652,-12.706],"tipVelocity":[14.5358,207.938,-207.278],"tool":false,"touchDistance":-0.180075,"touchZone":"hovering","type":0,"width":20.25},{"bases":[[[0.962829,-0.168994,-0.210715],[0.189941,0.978251,0.0833464],[0.192048,-0.120272,0.973988]],[[0.981422,-0.186842,-0.0436035],[0.181344,0.82913,0.528827],[-0.0626539,-0.526909,0.847609]],[[0.981422,-0.186842,-0.0436035],[0.189103,0.90359,0.384402],[-0.0324226,-0.385506,0.922136]],[[0.981422,-0.186842,-0.0436035],[0.191826,0.951158,0.241872],[-0.00371803,-0.245743,0.969328]]],"btipPosition":[-34.3201,326.156,-80.5962],"carpPosition":[-23.7302,281.154,66.3249],"dipPosition":[-34.3836,321.957,-64.0347],"direction":[0.0324226,0.385506,-0.922136],"extended":true,"handId":506,"id":5061,"length":58.8075,"mcpPosition":[-37.8591,290.002,-5.33096],"pipPosition":[-35.1673,312.64,-41.7463],"stabilizedTipPosition":[-34.8518,319.004,-72.2802],"timeVisible":119.635,"tipPosition":[-34.4065,325.119,-76.8154],"tipVelocity":[19.2251,238.549,-174.574],"tool":false,"touchDistance":0.110409,"touchZone":"hovering","type":1,"width":19.3428},{"bases":[[[0.933341,-0.347965,-0.0882891],[0.354155,0.93272,0.0678861],[0.0587271,-0.0946288,0.993779]],[[0.933803,-0.348749,-0.0799178],[0.0387716,0.320685,-0.946392],[0.355682,0.880645,0.312978]],[[0.933803,-0.348749,-0.0799178],[-0.328608,-0.747622,-0.577129],[0.141525,0.565187,-0.812733]],[[0.933803,-0.348749,-0.0799178],[-0.352327,-0.935195,-0.0357241],[-0.06228,0.0615164,-0.996161]]],"btipPosition":[-35.8873,227.758,20.7378],"carpPosition":[-11.7919,280.832,63.3264],"dipPosition":[-37.0577,228.914,2.01795],"direction":[-0.141525,-0.565187,0.812733],"extended":false,"handId":506,"id":5062,"length":67.0064,"mcpPosition":[-15.8892,287.434,-6.00758],"pipPosition":[-33.0332,244.986,-21.0932],"stabilizedTipPosition":[-26.9738,207.042,19.5666],"timeVisible":119.635,"tipPosition":[-36.0444,228.095,17.5579],"tipVelocity":[6.55038,192.735,-238.539],"tool":false,"touchDistance":0.333333,"touchZone":"none","type":2,"width":18.9972},{"bases":[[[0.902439,-0.427413,0.0540513],[0.421624,0.901984,0.0930496],[-0.088524,-0.0611823,0.994193]],[[0.903736,-0.426383,0.0381947],[0.181744,0.301365,-0.936028],[0.387596,0.852864,0.349846]],[[0.903736,-0.426383,0.0381947],[-0.315973,-0.724582,-0.612488],[0.28883,0.541459,-0.789556]],[[0.903736,-0.426383,0.0381947],[-0.422866,-0.903043,-0.0754805],[0.0666751,0.0520632,-0.996416]]],"btipPosition":[-21.1308,227.25,24.075],"carpPosition":[-0.111336,277.495,61.4929],"dipPosition":[-19.885,228.223,5.45792],"direction":[-0.28883,-0.541459,0.789556],"extended":false,"handId":506,"id":5063,"length":64.4285,"mcpPosition":[5.43381,281.328,-0.783366],"pipPosition":[-11.8838,243.222,-16.4144],"stabilizedTipPosition":[-14.2621,207.586,27.8612],"timeVisible":119.635,"tipPosition":[-20.7763,227.569,20.9508],"tipVelocity":[8.23501,192.964,-234.011],"tool":false,"touchDistance":0.333333,"touchZone":"none","type":3,"width":18.077},{"bases":[[[0.803975,-0.574741,0.152633],[0.547365,0.815553,0.18779],[-0.232411,-0.0674331,0.970277]],[[0.816767,-0.569494,0.0925609],[0.297029,0.2775,-0.913656],[0.494636,0.773738,0.395809]],[[0.816767,-0.569494,0.0925609],[-0.381575,-0.653503,-0.653708],[0.432771,0.498608,-0.751065]],[[0.816767,-0.569494,0.0925609],[-0.554287,-0.819036,-0.148145],[0.160178,0.0696944,-0.984625]]],"btipPosition":[-5.37021,232.946,22.9058],"carpPosition":[9.86879,267.349,61.5013],"dipPosition":[-2.60925,234.148,5.93405],"direction":[-0.432771,-0.498608,0.751065],"extended":false,"handId":506,"id":5064,"length":50.5107,"mcpPosition":[23.3452,271.259,5.23961],"pipPosition":[5.85524,243.9,-8.75588],"stabilizedTipPosition":[-1.27896,215.123,27.3161],"timeVisible":119.635,"tipPosition":[-4.89411,233.268,19.8112],"tipVelocity":[13.0466,194.646,-221.76],"tool":false,"touchDistance":0.333333,"touchZone":"none","type":4,"width":16.0574}],"r":[[0.796368,-0.159136,0.583501],[0.599613,0.0815063,-0.796129],[0.079134,0.983886,0.160329]],"s":1.3082,"t":[0.328678,13.436,12.8097],"timestamp":97934108108},false],[6,{"currentFrameRate":105.666,"devices":[],"gestures":[],"hands":[{"armBasis":[[0.947455,-0.00212212,-0.319881],[0.193955,0.799013,0.569174],[0.254381,-0.60131,0.757441]],"armWidth":63.72,"confidence":0.694358,"direction":[0.00348083,0.22955,-0.973291],"elbow":[62.9775,106.805,272.999],"grabStrength":0,"id":506,"palmNormal":[-0.210146,-0.951395,-0.225138],"palmPosition":[-13.8778,279.009,15.3022],"palmVelocity":[5.98238,204.62,-196.491],"palmWidth":90.99,"pinchStrength":0.799734,"r":[[0.795579,-0.158727,0.584688],[0.600986,0.0847168,-0.794757],[0.0766162,0.983681,0.162791]],"s":1.30742,"sphereCenter":[-45.4456,267.223,-11.8968],"sphereRadius":53.2749,"stabilizedPalmPosition":[-12.4673,261.568,26.2292],"t":[0.382953,15.415,10.9408],"timeVisible":119.644,"type":"right","wrist":[-5.70545,269.158,68.4901]}],"id":1810962,"interactionBox":{"center":[0,200,0],"size":[235.247,235.247,147.751]},"pointables":[{"bases":[[[0.582049,0.813127,-0.00663015],[-0.694196,0.50113,0.516683],[0.423451,-0.296132,0.856151]],[[0.526189,0.843122,-0.110774],[-0.848838,0.512956,-0.127868],[-0.0509863,0.161312,0.985586]],[[0.526189,0.843122,-0.110774],[-0.768379,0.415598,-0.486695],[-0.364306,0.34121,0.86652]],[[0.526189,0.843122,-0.110774],[-0.376338,0.114071,-0.919434],[-0.762558,0.525484,0.377321]]],"btipPosition":[-3.0453,231.967,-16.9033],"carpPosition":[-35.8582,263.951,70.6699],"dipPosition":[-20.8919,244.265,-8.07267],"direction":[0.364305,-0.34121,-0.86652],"extended":false,"handId":506,"id":5060,"length":52.1164,"mcpPosition":[-35.8582,263.951,70.6699],"pipPosition":[-33.3131,255.899,21.4719],"stabilizedTipPosition":[-8.95166,220.159,-1.18627],"timeVisible":119.644,"tipPosition":[-7.24847,234.756,-14.5813],"tipVelocity":[22.5933,211.377,-203.975],"tool":false,"touchDistance":-0.211314,"touchZone":"hovering","type":0,"width":20.25},{"bases":[[[0.964369,-0.16386,-0.207707],[0.18398,0.979551,0.081437],[0.190115,-0.116749,0.974795]],[[0.982618,-0.181201,-0.0403542],[0.174965,0.831318,0.527539],[-0.0620435,-0.52543,0.848572]],[[0.982618,-0.181201,-0.0403542],[0.182657,0.90489,0.384462],[-0.0331489,-0.385151,0.922258]],[[0.982618,-0.181201,-0.0403542],[0.185554,0.952028,0.243338],[-0.00567486,-0.246596,0.969102]]],"btipPosition":[-34.2497,328.04,-82.7259],"carpPosition":[-23.8267,283.354,64.2951],"dipPosition":[-34.3467,323.826,-66.1682],"direction":[0.0331489,0.385151,-0.922258],"extended":true,"handId":506,"id":5061,"length":58.8075,"mcpPosition":[-37.8134,291.943,-7.42019],"pipPosition":[-35.1479,314.517,-43.8769],"stabilizedTipPosition":[-34.7048,321.048,-73.9623],"timeVisible":119.644,"tipPosition":[-34.3514,326.966,-78.9573],"tipVelocity":[15.5599,226.379,-188.471],"tool":false,"touchDistance":0.0817131,"touchZone":"hovering","type":1,"width":19.3428},{"bases":[[[0.935599,-0.3427,-0.0849183],[0.348499,0.934945,0.0665309],[0.0565938,-0.0918402,0.994164]],[[0.936045,-0.343466,-0.0764887],[0.0404376,0.320929,-0.94624],[0.349548,0.88263,0.314293]],[[0.936045,-0.343466,-0.0764887],[-0.322377,-0.74993,-0.577649],[0.141041,0.565363,-0.812694]],[[0.936045,-0.343466,-0.0764887],[-0.346778,-0.937297,-0.03491],[-0.0597023,0.0592019,-0.996459]]],"btipPosition":[-35.5643,229.769,18.6551],"carpPosition":[-11.8787,283.094,61.3295],"dipPosition":[-36.6862,230.882,-0.0703328],"direction":[-0.141041,-0.565363,0.812694],"extended":false,"handId":506,"id":5062,"length":67.0064,"mcpPosition":[-15.8272,289.502,-8.03139],"pipPosition":[-32.6755,246.959,-23.1804],"stabilizedTipPosition":[-27.195,207.617,19.4362],"timeVisible":119.644,"tipPosition":[-35.7137,230.098,15.4657],"tipVelocity":[14.7525,197.468,-232.531],"tool":false,"touchDistance":0.333333,"touchZone":"none","type":2,"width":18.9972},{"bases":[[[0.904779,-0.421978,0.0575346],[0.416079,0.904667,0.0919518],[-0.0908513,-0.059257,0.9941]],[[0.906076,-0.421011,0.0421495],[0.184359,0.303167,-0.934934],[0.380839,0.854892,0.352309]],[[0.906076,-0.421011,0.0421495],[-0.309054,-0.726566,-0.613667],[0.288985,0.543002,-0.788439]],[[0.906076,-0.421011,0.0421495],[-0.417303,-0.905639,-0.0753466],[0.0698939,0.0506807,-0.996266]]],"btipPosition":[-20.81,229.349,21.9798],"carpPosition":[-0.173871,279.822,59.5356],"dipPosition":[-19.5041,230.296,3.36553],"direction":[-0.288985,-0.543002,0.788439],"extended":false,"handId":506,"id":5063,"length":64.4285,"mcpPosition":[5.51705,283.534,-2.73477],"pipPosition":[-11.4987,245.338,-18.4758],"stabilizedTipPosition":[-14.4643,208.298,27.5323],"timeVisible":119.644,"tipPosition":[-20.4451,229.664,18.8541],"tipVelocity":[15.9633,200.405,-229.631],"tool":false,"touchDistance":0.333333,"touchZone":"none","type":3,"width":18.077},{"bases":[[[0.806914,-0.569638,0.156215],[0.542068,0.819208,0.187244],[-0.234634,-0.0664106,0.969813]],[[0.819976,-0.564387,0.0954274],[0.299188,0.280469,-0.912043],[0.487981,0.776404,0.398836]],[[0.819976,-0.564387,0.0954274],[-0.375146,-0.655804,-0.655124],[0.432325,0.501387,-0.749471]],[[0.819976,-0.564387,0.0954274],[-0.548929,-0.8226,-0.148345],[0.162223,0.0692564,-0.984321]]],"btipPosition":[-5.03583,235.132,20.884],"carpPosition":[9.86548,269.734,59.596],"dipPosition":[-2.23963,236.326,3.91745],"direction":[-0.432325,-0.501387,0.749471],"extended":false,"handId":506,"id":5064,"length":50.5107,"mcpPosition":[23.4708,273.585,3.36123],"pipPosition":[6.21613,246.132,-10.7413],"stabilizedTipPosition":[-1.43679,216.151,26.7923],"timeVisible":119.644,"tipPosition":[-4.55532,235.456,17.802],"tipVelocity":[19.6229,204.342,-218.69],"to