{"sensorType":"Leap","data":[[0,{"currentFrameRate":105.198,"devices":[],"gestures":[],"hands":[{"armBasis":[[0.946028,0.0220237,-0.323335],[0.172298,0.81083,0.559346],[0.274489,-0.584867,0.763273]],"armWidth":63.72,"confidence":0.709033,"direction":[-0.0122795,0.205097,-0.978665],"elbow":[71.1125,86.1444,275.256],"grabStrength":0,"id":506,"palmNormal":[-0.181445,-0.962947,-0.199526],"palmPosition":[-11.9419,252.309,15.8363],"palmVelocity":[-8.50302,25.4022,54.7101],"palmWidth":90.99,"pinchStrength":0.73039,"r":[[0.79835,-0.116863,0.590746],[0.601107,0.0957274,-0.793415],[0.0361706,0.988524,0.146671]],"s":1.3354,"sphereCenter":[-40.3005,238.602,-9.94272],"sphereRadius":52.3824,"stabilizedPalmPosition":[-5.9565,247.803,0.931655],"t":[2.37742,-9.58633,9.14407],"timeVisible":120.673,"type":"right","wrist":[-2.99937,244.059,69.1724]}],"id":1811069,"interactionBox":{"center":[0,200,0],"size":[235.247,235.247,147.751]},"pointables":[{"bases":[[[0.55558,0.830838,-0.0322406],[-0.705437,0.49154,0.510635],[0.440102,-0.260955,0.859193]],[[0.490931,0.858504,-0.148185],[-0.870467,0.476399,-0.123822],[-0.0357067,0.189778,0.981178]],[[0.490931,0.858504,-0.148185],[-0.787371,0.364428,-0.497231],[-0.372872,0.360782,0.85487]],[[0.490931,0.858504,-0.148185],[-0.284311,-0.0029022,-0.958728],[-0.823501,0.512799,0.242657]]],"btipPosition":[0.818941,204.174,-12.04],"carpPosition":[-32.9496,237.949,71.7644],"dipPosition":[-18.454,216.175,-6.3609],"direction":[0.372872,-0.360782,-0.85487],"extended":false,"handId":506,"id":5060,"length":52.1164,"mcpPosition":[-32.9496,237.949,71.7644],"pipPosition":[-31.1672,228.476,22.7864],"stabilizedTipPosition":[-2.05189,205.423,-15.3611],"timeVisible":120.673,"tipPosition":[-3.56227,206.856,-10.3923],"tipVelocity":[-3.86267,24.183,55.9252],"tool":false,"touchDistance":0.237898,"touchZone":"hovering","type":0,"width":20.25},{"bases":[[[0.967303,-0.138201,-0.212662],[0.15315,0.986647,0.0554253],[0.202162,-0.0861823,0.975553]],[[0.987852,-0.15136,-0.0351978],[0.148322,0.850791,0.504138],[-0.0463604,-0.503234,0.862905]],[[0.987852,-0.15136,-0.0351978],[0.15381,0.920046,0.360358],[-0.0221603,-0.361395,0.93215]],[[0.987852,-0.15136,-0.0351978],[0.155397,0.963191,0.21935],[0.000701325,-0.222155,0.975011]]],"btipPosition":[-33.9599,298.052,-83.2344],"carpPosition":[-21.6023,257.56,64.7982],"dipPosition":[-33.948,294.256,-66.5758],"direction":[0.0221603,0.361395,-0.93215],"extended":true,"handId":506,"id":5061,"length":58.8075,"mcpPosition":[-36.4753,263.901,-6.97286],"pipPosition":[-34.4836,285.521,-44.0453],"stabilizedTipPosition":[-28.3179,293.677,-90.2504],"timeVisible":120.673,"tipPosition":[-33.9281,297.426,-79.3002],"tipVelocity":[-10.6782,17.7347,51.9162],"tool":false,"touchDistance":0.330222,"touchZone":"hovering","type":1,"width":19.3428},{"bases":[[[0.945346,-0.314735,-0.0852177],[0.318881,0.946947,0.040079],[0.0680824,-0.0650629,0.995556]],[[0.946044,-0.315438,-0.0741515],[-0.0109789,0.197502,-0.980241],[0.323851,0.928166,0.183383]],[[0.946044,-0.315438,-0.0741515],[-0.3127,-0.828721,-0.464156],[0.0849618,0.4623,-0.882644]],[[0.946044,-0.315438,-0.0741515],[-0.311372,-0.948298,0.0614704],[-0.0897079,-0.035065,-0.995351]]],"btipPosition":[-30.7681,204.921,27.2342],"carpPosition":[-9.67815,257.607,61.7274],"dipPosition":[-32.4539,204.262,8.52959],"direction":[-0.0849618,-0.4623,0.882644],"extended":false,"handId":506,"id":5062,"length":67.0064,"mcpPosition":[-14.4281,262.147,-7.73051],"pipPosition":[-30.0379,217.409,-16.5696],"stabilizedTipPosition":[-20.4395,199.546,4.21117],"timeVisible":120.673,"tipPosition":[-31.1335,204.83,22.8506],"tipVelocity":[-6.72655,20.8089,50.4323],"tool":false,"touchDistance":0.333333,"touchZone":"none","type":2,"width":18.9972},{"bases":[[[0.918315,-0.391362,0.0594382],[0.387614,0.919484,0.0656039],[-0.0803274,-0.037206,0.996074]],[[0.918382,-0.391331,0.0586069],[0.126699,0.150503,-0.980457],[0.374863,0.907859,0.1878]],[[0.918382,-0.391331,0.0586069],[-0.320621,-0.822732,-0.469376],[0.231899,0.412276,-0.881051]],[[0.918382,-0.391331,0.0586069],[-0.39417,-0.917745,0.0487305],[0.0347164,-0.0678542,-0.997091]]],"btipPosition":[-16.68,206.28,32.1566],"carpPosition":[2.10976,254.666,59.905],"dipPosition":[-16.0313,205.013,13.527],"direction":[-0.231899,-0.412276,0.881051],"extended":false,"handId":506,"id":5063,"length":64.4285,"mcpPosition":[7.14147,256.996,-2.48906],"pipPosition":[-9.60726,216.433,-10.8799],"stabilizedTipPosition":[-6.42481,202.101,10.1049],"timeVisible":120.673,"tipPosition":[-16.5228,206.133,27.9655],"tipVelocity":[-3.98209,26.1815,61.1643],"tool":false,"touchDistance":0.333333,"touchZone":"none","type":3,"width":18.077},{"bases":[[[0.826093,-0.539548,0.162661],[0.517098,0.840496,0.161791],[-0.22401,-0.049543,0.973327]],[[0.83763,-0.535796,0.106295],[0.231434,0.171842,-0.957554],[0.494787,0.826676,0.267941]],[[0.83763,-0.535796,0.106295],[-0.40439,-0.739077,-0.538734],[0.367212,0.408275,-0.835744]],[[0.83763,-0.535796,0.106295],[-0.534982,-0.843988,-0.0384573],[0.110317,-0.0246532,-0.993591]]],"btipPosition":[-1.12195,210.989,27.6803],"carpPosition":[12.4678,244.907,60.1205],"dipPosition":[0.779562,210.564,10.5539],"direction":[-0.367212,-0.408275,0.835744],"extended":false,"handId":506,"id":5064,"length":50.5107,"mcpPosition":[25.4571,247.78,3.68198],"pipPosition":[7.96178,218.55,-5.79221],"stabilizedTipPosition":[8.92503,207.164,6.80473],"timeVisible":120.673,"tipPosition":[-0.590769,210.872,23.6217],"tipVelocity":[-5.64948,26.9382,58.765],"tool":false,"touchDistance":0.333333,"touchZone":"none","type":4,"width":16.0574}],"r":[[0.79835,-0.116863,0.590746],[0.601107,0.0957274,-0.793415],[0.0361706,0.988524,0.146671]],"s":1.3354,"t":[2.37742,-9.58633,9.14407],"timestamp":97935145956},false],[1,{"currentFrameRate":105.358,"devices":[],"gestures":[],"hands":[{"armBasis":[[0.945862,0.0210841,-0.323885],[0.174422,0.808532,0.562008],[0.273721,-0.588075,0.761082]],"armWidth":63.72,"confidence":0.714314,"direction":[-0.0136432,0.20341,-0.978999],"elbow":[71.11,85.8096,275.335],"grabStrength":0,"id":506,"palmNormal":[-0.183512,-0.962968,-0.197522],"palmPosition":[-11.8166,252.763,16.5084],"palmVelocity":[-2.31488,32.1106,59.8498],"palmWidth":90.99,"pinchStrength":0.729718,"r":[[0.798853,-0.116663,0.590105],[0.600405,0.0947602,-0.794062],[0.0367193,0.988641,0.145744]],"s":1.3354,"sphereCenter":[-40.2704,239.068,-9.20427],"sphereRadius":52.3907,"stabilizedPalmPosition":[-5.99721,247.837,1.03986],"t":[2.43791,-9.21931,9.71113],"timeVisible":120.682,"type":"right","wrist":[-2.79455,244.59,69.8429]}],"id":1811070,"interactionBox":{"center":[0,200,0],"size":[235.247,235.247,147.751]},"pointables":[{"bases":[[[0.557002,0.829787,-0.0346726],[-0.703656,0.493688,0.511018],[0.441154,-0.26024,0.85887]],[[0.492266,0.857347,-0.150437],[-0.869781,0.477741,-0.123468],[-0.0339847,0.191626,0.980879]],[[0.492266,0.857347,-0.150437],[-0.787716,0.365237,-0.496091],[-0.370377,0.36271,0.855139]],[[0.492266,0.857347,-0.150437],[-0.286517,-0.00360019,-0.958068],[-0.821938,0.514727,0.243872]]],"btipPosition":[0.809932,204.56,-11.3286],"carpPosition":[-32.751,238.539,72.4985],"dipPosition":[-18.4264,216.606,-5.62113],"direction":[0.370377,-0.36271,-0.855139],"extended":false,"handId":506,"id":5060,"length":52.1164,"mcpPosition":[-32.751,238.539,72.4985],"pipPosition":[-31.0546,228.973,23.5353],"stabilizedTipPosition":[-2.09309,205.473,-15.2202],"timeVisible":120.682,"tipPosition":[-3.56422,207.253,-9.67359],"tipVelocity":[-2.80075,29.4801,62.118],"tool":false,"touchDistance":0.249862,"touchZone":"hovering","type":0,"width":20.25},{"bases":[[[0.966678,-0.140298,-0.214126],[0.155006,0.986468,0.0534305],[0.203732,-0.0848408,0.975344]],[[0.987517,-0.153185,-0.0366596],[0.150705,0.851222,0.502702],[-0.0458009,-0.501952,0.863682]],[[0.987517,-0.153185,-0.0366596],[0.156079,0.920368,0.358555],[-0.0211849,-0.359801,0.932789]],[[0.987517,-0.153185,-0.0366596],[0.157497,0.963336,0.217205],[0.00204292,-0.220268,0.975437]]],"btipPosition":[-33.9247,298.384,-82.5954],"carpPosition":[-21.3811,258.117,65.4779],"dipPosition":[-33.8898,294.62,-65.9294],"direction":[0.0211849,0.359801,-0.932789],"extended":true,"handId":506,"id":5061,"length":58.8075,"mcpPosition":[-36.3696,264.359,-6.27771],"pipPosition":[-34.4019,285.924,-43.3836],"stabilizedTipPosition":[-28.4287,293.753,-90.0231],"timeVisible":120.682,"tipPosition":[-33.8889,297.757,-78.6648],"tipVelocity":[-6.46146,23.105,56.884],"tool":false,"touchDistance":0.340144,"touchZone":"hovering","type":1,"width":19.3428},{"bases":[[[0.944632,-0.31657,-0.0863346],[0.320638,0.946445,0.0378613],[0.0697252,-0.0634472,0.995547]],[[0.94535,-0.317257,-0.0752375],[-0.0121673,0.196264,-0.980476],[0.325829,0.927808,0.181678]],[[0.94535,-0.317257,-0.0752375],[-0.314936,-0.828718,-0.462647],[0.0844275,0.461059,-0.883344]],[[0.94535,-0.317257,-0.0752375],[-0.312993,-0.947646,0.0632631],[-0.0913693,-0.036257,-0.995157]]],"btipPosition":[-30.7158,205.414,27.992],"carpPosition":[-9.46233,258.137,62.3861],"dipPosition":[-32.4328,204.732,9.291],"direction":[-0.0844275,-0.461059,0.883344],"extended":false,"handId":506,"id":5062,"length":67.0064,"mcpPosition":[-14.3269,262.564,-7.07117],"pipPosition":[-30.032,217.843,-15.8281],"stabilizedTipPosition":[-20.4885,199.572,4.3006],"timeVisible":120.682,"tipPosition":[-31.0858,205.321,23.623],"tipVelocity":[-3.47514,29.8067,59.3994],"tool":false,"touchDistance":0.333333,"touchZone":"none","type":2,"width":18.9972},{"bases":[[[0.91772,-0.392897,0.0585024],[0.389368,0.918904,0.0633129],[-0.0786335,-0.0353246,0.996278]],[[0.917817,-0.392852,0.0572595],[0.125838,0.151086,-0.980478],[0.376532,0.907105,0.188105]],[[0.917817,-0.392852,0.0572595],[-0.322441,-0.821789,-0.469782],[0.23161,0.412711,-0.880923]],[[0.917817,-0.392852,0.0572595],[-0.395611,-0.917104,0.0491201],[0.033216,-0.0677357,-0.99715]]],"btipPosition":[-16.6173,206.688,32.7708],"carpPosition":[2.31709,255.172,60.548],"dipPosition":[-15.9967,205.422,14.1401],"direction":[-0.23161,-0.412711,0.880923],"extended":false,"handId":506,"id":5063,"length":64.4285,"mcpPosition":[7.2427,257.384,-1.85878],"pipPosition":[-9.5806,216.855,-10.2633],"stabilizedTipPosition":[-6.46528,202.118,10.1789],"timeVisible":120.682,"tipPosition":[-16.4635,206.563,28.6289],"tipVelocity":[-1.15804,31.2694,62.7322],"tool":false,"touchDistance":0.333333,"touchZone":"none","type":3,"width":18.077},{"bases":[[[0.825416,-0.540737,0.162147],[0.518879,0.839853,0.15941],[-0.222378,-0.0474449,0.973805]],[[0.836862,-0.537103,0.105747],[0.229928,0.169574,-0.95832],[0.496785,0.826296,0.265405]],[[0.836862,-0.537103,0.105747],[-0.406717,-0.739355,-0.536596],[0.366392,0.406048,-0.837187]],[[0.836862,-0.537103,0.105747],[-0.536557,-0.843096,-0.0359873],[0.108484,-0.026623,-0.993742]]],"btipPosition":[-1.04932,211.446,28.4148],"carpPosition":[12.6581,245.395,60.7623],"dipPosition":[0.820599,210.987,11.2859],"direction":[-0.366392,-0.406048,0.837187],"extended":false,"handId":506,"id":5064,"length":50.5107,"mcpPosition":[25.5527,248.146,4.29605],"pipPosition":[7.98679,218.929,-5.08846],"stabilizedTipPosition":[8.88416,207.181,6.8804],"timeVisible":120.682,"tipPosition":[-0.526891,211.321,24.3535],"tipVelocity":[-2.082,33.0709,64.6534],"tool":false,"touchDistance":0.333333,"touchZone":"none","type":4,"width":16.0574}],"r":[[0.798853,-0.116663,0.590105],[0.600405,0.0947602,-0.794062],[0.0367193,0.988641,0.145744]],"s":1.3354,"t":[2.43791,-9.21931,9.71113],"timestamp":97935155151},false],[2,{"currentFrameRate":105.353,"devices":[],"gestures":[],"hands":[{"armBasis":[[0.943846,0.0193625,-0.329817],[0.179824,0.807351,0.562003],[0.27716,-0.589753,0.758534]],"armWidth":63.72,"confidence":0.718571,"direction":[-0.0134955,0.20417,-0.978842],"elbow":[72.2661,85.6655,276.163],"grabStrength":0,"id":506,"palmNormal":[-0.189406,-0.961731,-0.197989],"palmPosition":[-11.5981,253.162,18.0397],"palmVelocity":[4.96089,34.9633,88.9731],"palmWidth":90.99,"pinchStrength":0.729412,"r":[[0.799244,-0.117529,0.589403],[0.599781,0.0933879,-0.794696],[0.0383563,0.988669,0.145131]],"s":1.33509,"sphereCenter":[-40.1751,239.637,-7.674],"sphereRadius":52.3771,"stabilizedPalmPosition":[-6.03014,247.869,1.13981],"t":[2.5774,-8.83611,10.7603],"timeVisible":120.691,"type":"right","wrist":[-2.56707,244.899,71.3588]}],"id":1811071,"interactionBox":{"center":[0,200,0],"size":[235.247,235.247,147.751]},"pointables":[{"bases":[[[0.561853,0.826509,-0.0347011],[-0.70018,0.497476,0.512119],[0.440534,-0.263438,0.858214]],[[0.497232,0.854509,-0.15025],[-0.867026,0.48299,-0.122425],[-0.0320436,0.191144,0.981039]],[[0.497232,0.854509,-0.15025],[-0.786341,0.370662,-0.494244],[-0.366644,0.363902,0.85624]],[[0.497232,0.854509,-0.15025],[-0.288442,-0.000516548,-0.957497],[-0.818267,0.519437,0.24622]]],"btipPosition":[0.695004,204.917,-9.88502],"carpPosition":[-32.5559,239.023,74.0425],"dipPosition":[-18.4554,217.074,-4.12259],"direction":[0.366644,-0.363902,-0.85624],"extended":false,"handId":506,"id":5060,"length":52.1164,"mcpPosition":[-32.5559,239.023,74.0425],"pipPosition":[-30.9563,229.481,25.0714],"stabilizedTipPosition":[-2.1265,205.519,-15.0825],"timeVisible":120.691,"tipPosition":[-3.65452,207.633,-8.21362],"tipVelocity":[-4.87478,32.5843,88.3182],"tool":false,"touchDistance":0.274133,"touchZone":"hovering","type":0,"width":20.25},{"bases":[[[0.965602,-0.145852,-0.215266],[0.160883,0.985498,0.0539443],[0.204277,-0.0867215,0.975064]],[[0.986556,-0.158985,-0.0378392],[0.156263,0.849886,0.503265],[-0.0478525,-0.502412,0.863303]],[[0.986556,-0.158985,-0.0378392],[0.161898,0.919187,0.359005],[-0.0222951,-0.360305,0.932568]],[[0.986556,-0.158985,-0.0378392],[0.163416,0.96228,0.217516],[0.00183011,-0.220775,0.975323]]],"btipPosition":[-33.5432,298.984,-81.006],"carpPosition":[-21.0782,258.539,67.0232],"dipPosition":[-33.512,295.212,-64.342],"direction":[0.0222951,0.360305,-0.932568],"extended":true,"handId":506,"id":5061,"length":58.8075,"mcpPosition":[-36.1067,264.919,-4.71186],"pipPosition":[-34.0508,286.504,-41.8014],"stabilizedTipPosition":[-28.5114,293.824,-89.815],"timeVisible":120.691,"tipPosition":[-33.507,298.352,-77.0777],"tipVelocity":[6.91164,34.5729,88.6038],"tool":false,"touchDistance":0.363298,"touchZone":"hovering","type":1,"width":19.3428},{"bases":[[[0.942653,-0.32208,-0.0875733],[0.32626,0.944509,0.0381686],[0.0704205,-0.0645514,0.995427]],[[0.943381,-0.322781,-0.0764481],[-0.0118786,0.197445,-0.980242],[0.331497,0.92565,0.182432]],[[0.943381,-0.322781,-0.0764481],[-0.320263,-0.826282,-0.463347],[0.0863918,0.461596,-0.882873]],[[0.943381,-0.322781,-0.0764481],[-0.318553,-0.945839,0.0625531],[-0.0924985,-0.0346587,-0.995109]]],"btipPosition":[-30.7726,205.903,29.4822],"carpPosition":[-9.16278,258.491,63.9186],"dipPosition":[-32.5109,205.252,10.7821],"direction":[-0.0863918,-0.461596,0.882873],"extended":false,"handId":506,"id":5062,"length":67.0064,"mcpPosition":[-14.0759,262.994,-5.53037],"pipPosition":[-30.0542,218.378,-14.3237],"stabilizedTipPosition":[-20.5295,199.596,4.38083],"timeVisible":120.691,"tipPosition":[-31.1448,205.821,25.1264],"tipVelocity":[-4.34229,36.2467,87.4141],"tool":false,"touchDistance":0.333333,"touchZone":"none","type":2,"width":18.9972},{"bases":[[[0.915447,-0.398347,0.0572399],[0.394853,0.916545,0.0635269],[-0.0777688,-0.0355542,0.996337]],[[0.915612,-0.39827,0.0551001],[0.128146,0.159175,-0.978898],[0.381095,0.903352,0.196779]],[[0.915612,-0.39827,0.0551001],[-0.326081,-0.815746,-0.477734],[0.235215,0.419451,-0.876775]],[[0.915612,-0.39827,0.0551001],[-0.40068,-0.915211,0.0429412],[0.0333261,-0.0613949,-0.997557]]],"btipPosition":[-16.6974,206.85,33.7899],"carpPosition":[2.59694,255.457,62.0657],"dipPosition":[-16.0747,205.703,15.1516],"direction":[-0.235215,-0.419451,0.876775],"extended":false,"handId":506,"id":5063,"length":64.4285,"mcpPosition":[7.46838,257.684,-0.344853],"pipPosition":[-9.55879,217.323,-9.13687],"stabilizedTipPosition":[-6.49808,202.133,10.2417],"timeVisible":120.691,"tipPosition":[-16.5282,206.824,29.8023],"tipVelocity":[-3.23404,28.0106,75.4777],"tool":false,"touchDistance":0.333333,"touchZone":"none","type":3,"width":18.077},{"bases":[[[0.822384,-0.545712,0.160882],[0.523999,0.836664,0.159429],[-0.221607,-0.0468102,0.974012]],[[0.833793,-0.542106,0.104458],[0.230105,0.169255,-0.958334],[0.501838,0.823088,0.265865]],[[0.833793,-0.542106,0.104458],[-0.411461,-0.736349,-0.537114],[0.36809,0.404861,-0.837017]],[[0.833793,-0.542106,0.104458],[-0.541516,-0.839902,-0.0364101],[0.107473,-0.0262073,-0.993863]]],"btipPosition":[-1.06633,211.763,29.8851],"carpPosition":[12.8803,245.62,62.2621],"dipPosition":[0.78616,211.311,12.7541],"direction":[-0.36809,-0.404861,0.837017],"extended":false,"handId":506,"id":5064,"length":50.5107,"mcpPosition":[25.7302,248.334,5.78382],"pipPosition":[7.98556,219.23,-3.61696],"stabilizedTipPosition":[8.85143,207.197,6.9459],"timeVisible":120.691,"tipPosition":[-0.548777,211.644,25.8339],"tipVelocity":[-2.11947,33.2017,90.5349],"tool":false,"touchDistance":0.333333,"touchZone":"none","type":4,"width":16.0574}],"r":[[0.799244,-0.117529,0.589403],[0.599781,0.0933879,-0.794696],[0.0383563,0.988669,0.145131]],"s":1.33509,"t":[2.5774,-8.83611,10.7603],"timestamp":97935164652},false],[3,{"currentFrameRate":105.417,"devices":[],"gestures":[],"hands":[{"armBasis":[[0.942635,0.017013,-0.333392],[0.18405,0.806713,0.561552],[0.278505,-0.590699,0.757304]],"armWidth":63.72,"confidence":0.724162,"direction":[-0.0145424,0.205037,-0.978646],"elbow":[72.942,85.5895,276.814],"grabStrength":0,"id":506,"palmNormal":[-0.193488,-0.960827,-0.198428],"palmPosition":[-11.3534,253.421,19.0465],"palmVelocity":[10.9711,32.874,94.2265],"palmWidth":90.99,"pinchStrength":0.73277,"r":[[0.799685,-0.118936,0.588522],[0.599053,0.0919599,-0.795411],[0.040483,0.988634,0.144788]],"s":1.33448,"sphereCenter":[-40.0333,240.001,-6.64958],"sphereRadius":52.3528,"stabilizedPalmPosition":[-6.05506,247.895,1.22366],"t":[2.7695,-8.5152,11.7883],"timeVisible":120.701,"type":"right","wrist":[-2.25439,245.078,72.3417]}],"id":1811072,"interactionBox":{"center":[0,200,0],"size":[235.247,235.247,147.751]},"pointables":[{"bases":[[[0.564973,0.824364,-0.0350728],[-0.697293,0.499747,0.513844],[0.441122,-0.265852,0.857167]],[[0.500358,0.852675,-0.15029],[-0.865307,0.486504,-0.120658],[-0.0297657,0.190419,0.981252]],[[0.500358,0.852675,-0.15029],[-0.785894,0.374433,-0.492108],[-0.363334,0.364342,0.857463]],[[0.500358,0.852675,-0.15029],[-0.290757,0.00197765,-0.956795],[-0.815538,0.522438,0.248911]]],"btipPosition":[0.699883,205.161,-8.96601],"carpPosition":[-32.2606,239.316,75.0769],"dipPosition":[-18.3866,217.388,-3.14059],"direction":[0.363334,-0.364342,-0.857463],"extended":false,"handId":506,"id":5060,"length":52.1164,"mcpPosition":[-32.2606,239.316,75.0769],"pipPosition":[-30.7747,229.81,26.0951],"stabilizedTipPosition":[-2.15054,205.557,-14.9679],"timeVisible":120.701,"tipPosition":[-3.63593,207.891,-7.27957],"tipVelocity":[-2.89673,31.2125,91.5363],"tool":false,"touchDistance":0.289691,"touchZone":"hovering","type":0,"width":20.25},{"bases":[[[0.964627,-0.149397,-0.2172],[0.164787,0.984825,0.0544569],[0.205768,-0.0883224,0.974607]],[[0.985861,-0.162756,-0.039864],[0.160497,0.848775,0.503808],[-0.0481623,-0.503082,0.862896]],[[0.985861,-0.162756,-0.039864],[0.166131,0.918264,0.359433],[-0.0218943,-0.360973,0.932319]],[[0.985861,-0.162756,-0.039864],[0.167542,0.961505,0.217803],[0.00288068,-0.221402,0.975178]]],"btipPosition":[-33.3099,299.412,-79.9174],"carpPosition":[-20.7208,258.793,68.0521],"dipPosition":[-33.2607,295.629,-63.2559],"direction":[0.0218943,0.360973,-0.932319],"extended":true,"handId":506,"id":5061,"length":58.8075,"mcpPosition":[-35.8591,265.291,-3.6493],"pipPosition":[-33.7899,286.905,-40.7214],"stabilizedTipPosition":[-28.5735,293.885,-89.637],"timeVisible":120.701,"tipPosition":[-33.2678,298.773,-75.9916],"tipVelocity":[12.1481,37.6474,96.4251],"tool":false,"touchDistance":0.376621,"touchZone":"hovering","type":1,"width":19.3428},{"bases":[[[0.941237,-0.325641,-0.0896098],[0.329974,0.943211,0.0383368],[0.0720369,-0.0656529,0.995239]],[[0.941985,-0.326356,-0.0784601],[-0.0127866,0.198692,-0.979979],[0.335411,0.924128,0.182992]],[[0.941985,-0.326356,-0.0784601],[-0.324266,-0.824437,-0.463847],[0.086694,0.462379,-0.882434]],[[0.941985,-0.326356,-0.0784601],[-0.322119,-0.944666,0.0620162],[-0.0943579,-0.0331448,-0.994986]]],"btipPosition":[-30.6964,206.213,30.46],"carpPosition":[-8.81152,258.702,64.9251],"dipPosition":[-32.4696,205.59,11.7622],"direction":[-0.086694,-0.462379,0.882434],"extended":false,"handId":506,"id":5062,"length":67.0064,"mcpPosition":[-13.8374,263.282,-4.51077],"pipPosition":[-30.0044,218.739,-13.3311],"stabilizedTipPosition":[-20.5616,199.615,4.44684],"timeVisible":120.701,"tipPosition":[-31.0744,206.14,26.1162],"tipVelocity":[-1.04279,35.5612,92.2486],"tool":false,"touchDistance":0.333333,"touchZone":"none","type":2,"width":18.9972},{"bases":[[[0.914008,-0.401924,0.0551912],[0.398506,0.914962,0.0635431],[-0.0760373,-0.0360849,0.996452]],[[0.914246,-0.401807,0.0520123],[0.129413,0.167956,-0.977263],[0.383935,0.90019,0.205553]],[[0.914246,-0.401807,0.0520123],[-0.328408,-0.810107,-0.48567],[0.237281,0.426941,-0.872593]],[[0.914246,-0.401807,0.0520123],[-0.403836,-0.914086,0.0369089],[0.0327135,-0.0547483,-0.997964]]],"btipPosition":[-16.6426,206.86,34.2644],"carpPosition":[2.93291,255.624,63.0476],"dipPosition":[-16.0313,205.837,15.6184],"direction":[-0.237281,-0.426941,0.872593],"extended":false,"handId":506,"id":5063,"length":64.4285,"mcpPosition":[7.69589,257.884,0.629881],"pipPosition":[-9.45818,217.664,-8.55413],"stabilizedTipPosition":[-6.52225,202.144,10.2894],"timeVisible":120.701,"tipPosition":[-16.4639,206.924,30.4182],"tipVelocity":[-0.733249,21.223,68.3729],"tool":false,"touchDistance":0.333333,"touchZone":"none","type":3,"width":18.077},{"bases":[[[0.820571,-0.549015,0.158886],[0.527523,0.834503,0.159137],[-0.219959,-0.0467671,0.974387]],[[0.831901,-0.5454,0.102369],[0.230578,0.171938,-0.957743],[0.504752,0.820351,0.268792]],[[0.831901,-0.5454,0.102369],[-0.414034,-0.732864,-0.539894],[0.36948,0.406754,-0.835485]],[[0.831901,-0.5454,0.102369],[-0.544548,-0.837842,-0.038571],[0.106806,-0.0236576,-0.993998]]],"btipPosition":[-0.982302,211.904,30.6867],"carpPosition":[13.1785,245.747,63.2166],"dipPosition":[0.858685,211.496,13.5533],"direction":[-0.36948,-0.406754,0.835485],"extended":false,"handId":506,"id":5064,"length":50.5107,"mcpPosition":[25.9329,248.459,6.71651],"pipPosition":[8.08528,219.452,-2.78777],"stabilizedTipPosition":[8.82727,207.209,6.99674],"timeVisible":120.701,"tipPosition":[-0.465293,211.819,26.6973],"tipVelocity":[0.95001,28.3421,89.1069],"tool":false,"touchDistance":0.333333,"touchZone":"none","type":4,"width":16.0574}],"r":[[0.799685,-0.118936,0.588522],[0.599053,0.0919599,-0.795411],[0.040483,0.988634,0.144788]],"s":1.33448,"t":[2.7695,-8.5152,11.7883],"timestamp":97935174020},false],[4,{"currentFrameRate":105.441,"devices":[],"gestures":[],"hands":[{"armBasis":[[0.942,0.0134461,-0.335344],[0.188383,0.805758,0.561486],[0.277756,-0.592092,0.756491]],"armWidth":63.72,"confidence":0.731596,"direction":[-0.0151051,0.205641,-0.978511],"elbow":[73.0143,85.358,277.319],"grabStrength":0,"id":506,"palmNormal":[-0.197931,-0.959872,-0.198668],"palmPosition":[-11.1216,253.634,19.789],"palmVelocity":[14.8552,29.9431,89.7793],"palmWidth":90.99,"pinchStrength":0.737447,"r":[[0.800105,-0.12082,0.587566],[0.59831,0.090389,-0.79615],[0.0430811,0.988551,0.144608]],"s":1.3336,"sphereCenter":[-39.9108,240.331,-5.89784],"sphereRadius":52.3289,"stabilizedPalmPosition":[-6.07463,247.917,1.29535],"t":[2.98145,-8.24798,12.6735],"timeVisible":120.71,"type":"right","wrist":[-1.97983,245.223,73.0661]}],"id":1811073,"interactionBox":{"center":[0,200,0],"size":[235.247,235.247,147.751]},"pointables":[{"bases":[[[0.568477,0.821935,-0.0354582],[-0.694366,0.502469,0.515151],[0.441237,-0.268231,0.856366]],[[0.503881,0.850569,-0.150456],[-0.863333,0.490367,-0.119148],[-0.0275649,0.18993,0.981411]],[[0.503881,0.850569,-0.150456],[-0.785226,0.378483,-0.490073],[-0.359896,0.36508,0.858599]],[[0.503881,0.850569,-0.150456],[-0.293007,0.00445578,-0.9561],[-0.812558,0.525845,0.251468]]],"btipPosition":[0.657098,205.353,-8.30676],"carpPosition":[-32.0065,239.589,75.8426],"dipPosition":[-18.3597,217.66,-2.42151],"direction":[0.359896,-0.36508,-0.858599],"extended":false,"handId":506,"id":5060,"length":52.1164,"mcpPosition":[-32.0065,239.589,75.8426],"pipPosition":[-30.6306,230.108,26.8529],"stabilizedTipPosition":[-2.1689,205.588,-14.8739],"timeVisible":120.71,"tipPosition":[-3.65547,208.098,-6.60387],"tipVelocity":[-2.87874,28.6733,85.7521],"tool":false,"touchDistance":0.300908,"touchZone":"hovering","type":0,"width":20.25},{"bases":[[[0.96365,-0.153442,-0.218712],[0.169121,0.984073,0.0547527],[0.206827,-0.0897513,0.974252]],[[0.985086,-0.166987,-0.0414912],[0.164931,0.847676,0.504225],[-0.0490278,-0.503548,0.862575]],[[0.985086,-0.166987,-0.0414912],[0.170652,0.917336,0.359683],[-0.022001,-0.3614,0.932151]],[[0.985086,-0.166987,-0.0414912],[0.172029,0.960699,0.21786],[0.00348086,-0.221748,0.975098]]],"btipPosition":[-33.0306,299.78,-79.1128],"carpPosition":[-20.3931,259.02,68.8115],"dipPosition":[-32.9712,295.992,-62.4526],"direction":[0.022001,0.3614,-0.932151],"extended":true,"handId":506,"id":5061,"length":58.8075,"mcpPosition":[-35.6093,265.623,-2.86387],"pipPosition":[-33.5029,287.256,-39.9222],"stabilizedTipPosition":[-28.6226,293.94,-89.4784],"timeVisible":120.71,"tipPosition":[-32.9837,299.135,-75.1901],"tipVelocity":[17.2043,37.9926,93.22],"tool":false,"touchDistance":0.384357,"touchZone":"hovering","type":1,"width":19.3428},{"bases":[[[0.939688,-0.329655,-0.0911839],[0.334103,0.941756,0.0383649],[0.0732258,-0.0665158,0.995095]],[[0.94045,-0.33038,-0.0800112],[-0.0132214,0.199646,-0.979779],[0.339674,0.922491,0.183389]],[[0.94045,-0.33038,-0.0800112],[-0.328463,-0.822571,-0.464208],[0.0875505,0.462846,-0.882105]],[[0.94045,-0.33038,-0.0800112],[-0.32614,-0.943309,0.0616474],[-0.0958423,-0.0318815,-0.994886]]],"btipPosition":[-30.6588,206.492,31.1812],"carpPosition":[-8.489,258.879,65.6667],"dipPosition":[-32.4598,205.893,12.4853],"direction":[-0.0875505,-0.462846,0.882105],"extended":false,"handId":506,"id":5062,"length":67.0064,"mcpPosition":[-13.5978,263.519,-3.7591],"pipPosition":[-29.9702,219.055,-12.5985],"stabilizedTipPosition":[-20.5875,199.632,4.50221],"timeVisible":120.71,"tipPosition":[-31.0409,206.427,26.8483],"tipVelocity":[0.202004,34.0144,87.7353],"tool":false,"touchDistance":0.333333,"touchZone":"none","type":2,"width":18.9972},{"bases":[[[0.912344,-0.405899,0.0536154],[0.402549,0.913196,0.0634541],[-0.0747174,-0.0363091,0.996544]],[[0.912644,-0.405746,0.0495111],[0.131462,0.176667,-0.975452],[0.387039,0.896749,0.214574]],[[0.912644,-0.405746,0.0495111],[-0.330769,-0.804246,-0.49374],[0.240152,0.434232,-0.868199]],[[0.912644,-0.405746,0.0495111],[-0.407446,-0.912709,0.0308042],[0.0326906,-0.0482864,-0.998298]]],"btipPosition":[-16.6367,206.832,34.4626],"carpPosition":[3.23923,255.751,63.7701],"dipPosition":[-16.0259,205.93,15.8104],"direction":[-0.240152,-0.434232,0.868199],"extended":false,"handId":506,"id":5063,"length":64.4285,"mcpPosition":[7.91952,258.026,1.34666],"pipPosition":[-9.37323,217.959,-8.24041],"stabilizedTipPosition":[-6.5402,202.152,10.3252],"timeVisible":120.71,"tipPosition":[-16.4448,206.979,30.7486],"tipVelocity":[-0.349775,15.1619,54.7878],"tool":false,"touchDistance":0.333333,"touchZone":"none","type":3,"width":18.077},{"bases":[[[0.818426,-0.552643,0.157368],[0.531359,0.832128,0.158812],[-0.218716,-0.0463573,0.974687]],[[0.829676,-0.54905,0.100902],[0.232383,0.17534,-0.956689],[0.507578,0.81719,0.273065]],[[0.829676,-0.54905,0.100902],[-0.41613,-0.728761,-0.543823],[0.37212,0.409209,-0.833112]],[[0.829676,-0.54905,0.100902],[-0.547858,-0.835533,-0.0416753],[0.107189,-0.0207031,-0.994023]]],"btipPosition":[-0.948755,211.976,31.1741],"carpPosition":[13.4423,245.83,63.9185],"dipPosition":[0.898841,211.619,14.0404],"direction":[-0.37212,-0.409209,0.833112],"extended":false,"handId":506,"id":5064,"length":50.5107,"mcpPosition":[26.1246,248.518,7.40107],"pipPosition":[8.17706,219.623,-2.2543],"stabilizedTipPosition":[8.8092,207.218,7.03586],"timeVisible":120.71,"tipPosition":[-0.424888,211.933,27.2674],"tipVelocity":[1.74043,22.7812,78.3952],"tool":false,"touchDistance":0.333333,"touchZone":"none","type":4,"width":16.0574}],"r":[[0.800105,-0.12082,0.587566],[0.59831,0.090389,-0.79615],[0.0430811,0.988551,0.144608]],"s":1.3336,"t":[2.98145,-8.24798,12.6735],"timestamp":97935183459},false],[5,{"currentFrameRate":105.433,"devices":[],"gestures":[],"hands":[{"armBasis":[[0.94206,0.00970835,-0.335303],[0.191916,0.804223,0.562489],[0.275119,-0.594249,0.755763]],"armWidth":63.72,"confidence":0.718283,"direction":[-0.0162333,0.20847,-0.977894],"elbow":[72.5732,84.8118,277.735],"grabStrength":0,"id":506,"palmNormal":[-0.201211,-0.958696,-0.201037],"palmPosition":[-10.9207,253.85,20.4427],"palmVelocity":[16.6645,27.8536,83.7554],"palmWidth":90.99,"pinchStrength":0.74201,"r":[[0.800573,-0.123148,0.586444],[0.597481,0.0892227,-0.796904],[0.0458134,0.988369,0.145008]],"s":1.33264,"sphereCenter":[-39.8258,240.703,-5.24906],"sphereRadius":52.3203,"stabilizedPalmPosition":[-6.09043,247.936,1.35777],"t":[3.18789,-8.00669,13.443],"timeVisible":120.72,"type":"right","wrist":[-1.70905,245.259,73.6791]}],"id":1811074,"interactionBox":{"center":[0,200,0],"size":[235.247,235.247,147.751]},"pointables":[{"bases":[[[0.570915,0.820299,-0.0341474],[-0.691906,0.503111,0.517827],[0.441953,-0.272008,0.854803]],[[0.506261,0.849438,-0.148846],[-0.862009,0.493386,-0.116235],[-0.0252956,0.187151,0.982005]],[[0.506261,0.849438,-0.148846],[-0.785157,0.382621,-0.48696],[-0.356691,0.363396,0.860648]],[[0.506261,0.849438,-0.148846],[-0.295491,0.00871473,-0.955306],[-0.810176,0.527617,0.255413]]],"btipPosition":[0.637537,205.627,-7.84754],"carpPosition":[-31.7478,239.708,76.4937],"dipPosition":[-18.3235,217.976,-1.86995],"direction":[0.356691,-0.363396,-0.860648],"extended":false,"handId":506,"id":5060,"length":52.1164,"mcpPosition":[-31.7478,239.708,76.4937],"pipPosition":[-30.4851,230.366,27.4744],"stabilizedTipPosition":[-2.18343,205.615,-14.7954],"timeVisible":120.72,"tipPosition":[-3.65552,208.378,-6.12174],"tipVelocity":[-2.25519,29.014,75.6442],"tool":false,"touchDistance":0.308916,"touchZone":"hovering","type":0,"width":20.25},{"bases":[[[0.962784,-0.15575,-0.220883],[0.172217,0.983394,0.0572434],[0.2083,-0.093153,0.973619]],[[0.984492,-0.169856,-0.0438733],[0.168462,0.845559,0.506607],[-0.0489526,-0.506141,0.86106]],[[0.984492,-0.169856,-0.0438733],[0.174128,0.915707,0.36216],[-0.0213399,-0.364183,0.931083]],[[0.984492,-0.169856,-0.0438733],[0.175368,0.959529,0.220341],[0.00467146,-0.224618,0.974436]]],"btipPosition":[-32.8732,300.362,-78.2785],"carpPosition":[-20.0878,259.124,69.4969],"dipPosition":[-32.7934,296.525,-61.6297],"direction":[0.0213399,0.364183,-0.931083],"extended":true,"handId":506,"id":5061,"length":58.8075,"mcpPosition":[-35.4123,265.977,-2.13185],"pipPosition":[-33.3092,287.722,-39.1251],"stabilizedTipPosition":[-28.6655,293.997,-89.326],"timeVisible":120.72,"tipPosition":[-32.8189,299.693,-74.3634],"tipVelocity":[17.1641,44.3394,91.5903],"tool":false,"touchDistance":0.391729,"touchZone":"hovering","type":1,"width":19.3428},{"bases":[[[0.938514,-0.332251,-0.0938135],[0.33704,0.940622,0.0404381],[0.0748074,-0.0695706,0.994768]],[[0.939296,-0.333012,-0.0826216],[-0.0142237,0.202803,-0.979116],[0.342814,0.920855,0.185755]],[[0.939296,-0.333012,-0.0826216],[-0.331755,-0.820057,-0.466311],[0.0875328,0.465414,-0.880754]],[[0.939296,-0.333012,-0.0826216],[-0.328934,-0.942492,0.0592518],[-0.0976018,-0.028478,-0.994818]]],"btipPosition":[-30.5877,206.724,31.7139],"carpPosition":[-8.18984,258.956,66.3303],"dipPosition":[-32.4219,206.189,13.0193],"direction":[-0.0875328,-0.465414,0.880754],"extended":false,"handId":506,"id":5062,"length":67.0064,"mcpPosition":[-13.409,263.809,-3.07272],"pipPosition":[-29.9328,219.424,-12.0262],"stabilizedTipPosition":[-20.6089,199.646,4.54931],"timeVisible":120.72,"tipPosition":[-30.9756,206.676,27.3908],"tipVelocity":[2.06259,31.6953,78.6463],"tool":false,"touchDistance":0.333333,"touchZone":"none","type":2,"width":18.9972},{"bases":[[[0.911197,-0.408824,0.0508177],[0.405444,0.911783,0.0653226],[-0.0730402,-0.0389181,0.996569]],[[0.911537,-0.408633,0.0460433],[0.132272,0.185342,-0.973731],[0.389365,0.893682,0.222996]],[[0.911537,-0.408633,0.0460433],[-0.332753,-0.798752,-0.501269],[0.241612,0.441604,-0.864066]],[[0.911537,-0.408633,0.0460433],[-0.409973,-0.91177,0.0244524],[0.0319889,-0.0411657,-0.99864]]],"btipPosition":[-16.5869,206.842,34.6102],"carpPosition":[3.52539,255.798,64.4037],"dipPosition":[-15.9892,206.073,15.9516],"direction":[-0.241612,-0.441604,0.864066],"extended":false,"handId":506,"id":5063,"length":64.4285,"mcpPosition":[8.10062,258.236,1.97862],"pipPosition":[-9.29605,218.306,-7.98477],"stabilizedTipPosition":[-6.55359,202.158,10.3522],"timeVisible":120.72,"tipPosition":[-16.3894,207.046,30.975],"tipVelocity":[1.1678,12.0233,43.4623],"tool":false,"touchDistance":0.333333,"touchZone":"none","type":3,"width":18.077},{"bases":[[[0.817019,-0.555576,0.154322],[0.534176,0.830052,0.160218],[-0.217108,-0.0484659,0.974944]],[[0.828186,-0.551853,0.097802],[0.23354,0.181176,-0.955319],[0.509477,0.814023,0.278928]],[[0.828186,-0.551853,0.097802],[-0.417559,-0.723962,-0.549111],[0.373834,0.413928,-0.830007]],[[0.828186,-0.551853,0.097802],[-0.550122,-0.833798,-0.0463245],[0.107111,-0.0154378,-0.994127]]],"btipPosition":[-0.88519,212.042,31.48],"carpPosition":[13.6984,245.845,64.5055],"dipPosition":[0.961069,211.776,14.3445],"direction":[-0.373834,-0.413928,0.830007],"extended":false,"handId":506,"id":5064,"length":50.5107,"mcpPosition":[26.2875,248.655,7.97318],"pipPosition":[8.27281,219.872,-1.88948],"stabilizedTipPosition":[8.79559,207.225,7.06594],"timeVisible":120.72,"tipPosition":[-0.358255,212.047,27.6479],"tipVelocity":[3.15405,18.8711,65.1079],"tool":false,"touchDistance":0.333333,"touchZone":"none","type":4,"width":16.0574}],"r":[[0.800573,-0.123148,0.586444],[0.597481,0.0892227,-0.796904],[0.0458134,0.988369,0.145008]],"s":1.33264,"t":[3.18789,-8.00669,13.443],"timestamp":97935192958},false],[6,{"currentFrameRate":105.496,"devices":[],"gestures":[],"hands":[{"armBasis":[[0.94177,0.00730222,-0.336178],[0.194821,0.803015,0.563215],[0.274069,-0.595914,0.754833]],"armWidth":63.72,"confidence":0.721475,"direction":[-0.0157813,0.206964,-0.978221],"elbow":[72.4987,84.5745,277.769],"grabStrength":0,"id":506,"palmNormal":[-0.204724,-0.958285,-0.199443],"palmPosition":[-10.6968,254.01,20.7171],"palmVelocity":[18.7208,24.8071,68.2931],"palmWidth":90.99,"pinchStrength":0.74145,"r":[[0.800888,-0.125401,0.585537],[0.59683,0.0876065,-0.797571],[0.0487196,0.988231,0.145006]],"s":1.33174,"sphereCenter":[-39.7008,240.921,-4.96812],"sphereRadius":52.3232,"stabilizedPalmPosition":[-6.10395,247.954,1.41458],"t":[3.40304,-7.80587,13.9649],"timeVisible":120.729,"type":"right","wrist":[-1.49991,245.471,73.9644]}],"id":1811075,"interactionBox":{"center":[0,200,0],"size":[235.247,235.247,147.751]},"pointables":[{"bases":[[[0.573855,0.818182,-0.0356305],[-0.689931,0.506427,0.517229],[0.441232,-0.272232,0.855105]],[[0.509327,0.847352,-0.150265],[-0.860227,0.496354,-0.116798],[-0.0243843,0.188751,0.981722]],[[0.509327,0.847352,-0.150265],[-0.78411,0.384991,-0.486778],[-0.354622,0.365754,0.860504]],[[0.509327,0.847352,-0.150265],[-0.296453,0.0088364,-0.955007],[-0.807899,0.530958,0.255701]]],"btipPosition":[0.658434,205.714,-7.53209],"carpPosition":[-31.5576,240.033,76.7969],"dipPosition":[-18.2493,218.14,-1.54777],"direction":[0.354622,-0.365754,-0.860504],"extended":false,"handId":506,"id":5060,"length":52.1164,"mcpPosition":[-31.5576,240.033,76.7969],"pipPosition":[-30.3404,230.611,27.7916],"stabilizedTipPosition":[-2.19451,205.636,-14.7319],"timeVisible":120.729,"tipPosition":[-3.61715,208.48,-5.80328],"tipVelocity":[-0.60967,23.949,63.7779],"tool":false,"touchDistance":0.314199,"touchZone":"hovering","type":0,"width":20.25},{"bases":[[[0.962149,-0.15957,-0.220923],[0.175776,0.982858,0.0556189],[0.20826,-0.0923465,0.973704]],[[0.983857,-0.173464,-0.0440058],[0.171706,0.845701,0.505278],[-0.0504319,-0.504677,0.861834]],[[0.983857,-0.173464,-0.0440058],[0.177569,0.915656,0.360616],[-0.0222598,-0.362609,0.931676]],[[0.983857,-0.173464,-0.0440058],[0.178908,0.959269,0.218619],[0.00429086,-0.222963,0.974818]]],"btipPosition":[-32.5201,300.445,-78.0703],"carpPosition":[-19.8299,259.396,69.7655],"dipPosition":[-32.4468,296.636,-61.4149],"direction":[0.0222599,0.362609,-0.931676],"extended":true,"handId":506,"id":5061,"length":58.8075,"mcpPosition":[-35.1515,266.189,-1.86951],"pipPosition":[-32.9848,287.872,-38.896],"stabilizedTipPosition":[-28.7025,294.05,-89.1804],"timeVisible":120.729,"tipPosition":[-32.4639,299.779,-74.1557],"tipVelocity":[22.9519,34.4693,71.9447],"tool":false,"touchDistance":0.389036,"touchZone":"hovering","type":1,"width":19.3428},{"bases":[[[0.937282,-0.335779,-0.0935635],[0.340438,0.939465,0.0388326],[0.0748605,-0.0682496,0.994856]],[[0.938066,-0.336527,-0.0823482],[-0.0124887,0.204688,-0.978748],[0.346231,0.919159,0.187808]],[[0.938066,-0.336527,-0.0823482],[-0.334497,-0.817819,-0.468278],[0.0902423,0.466821,-0.879735]],[[0.938066,-0.336527,-0.0823482],[-0.332571,-0.941281,0.0582025],[-0.0970995,-0.0272112,-0.994903]]],"btipPosition":[-30.5864,206.874,31.8468],"carpPosition":[-7.93357,259.179,66.5956],"dipPosition":[-32.4111,206.362,13.1506],"direction":[-0.0902423,-0.466821,0.879735],"extended":false,"handId":506,"id":5062,"length":67.0064,"mcpPosition":[-13.1564,263.941,-2.81351],"pipPosition":[-29.8449,219.637,-11.8659],"stabilizedTipPosition":[-20.6274,199.659,4.59026],"timeVisible":120.729,"tipPosition":[-30.954,206.861,27.6069],"tipVelocity":[1.58467,27.3974,60.3333],"tool":false,"touchDistance":0.333333,"touchZone":"none","type":2,"width":18.9972},{"bases":[[[0.909734,-0.412022,0.0511981],[0.408745,0.91042,0.0637427],[-0.0728752,-0.0370619,0.996652]],[[0.910106,-0.411821,0.0459476],[0.13409,0.187772,-0.973017],[0.392081,0.891709,0.226114]],[[0.910106,-0.411821,0.0459476],[-0.33481,-0.796151,-0.504029],[0.244151,0.443336,-0.862463]],[[0.910106,-0.411821,0.0459476],[-0.413106,-0.910396,0.0228428],[0.0324234,-0.0397706,-0.998683]]],"btipPosition":[-16.5528,206.918,34.689],"carpPosition":[3.76961,255.976,64.6706],"dipPosition":[-15.947,206.175,16.0296],"direction":[-0.244151,-0.443336,0.862463],"extended":false,"handId":506,"id":5063,"length":64.4285,"mcpPosition":[8.33451,258.298,2.24028],"pipPosition":[-9.18351,218.457,-7.86238],"stabilizedTipPosition":[-6.56405,202.163,10.3735],"timeVisible":120.729,"tipPosition":[-16.3485,207.142,31.0981],"tipVelocity":[1.92615,11.1071,33.5051],"tool":false,"touchDistance":0.333333,"touchZone":"none","type":3,"width":18.077},{"bases":[[[0.81506,-0.558268,0.154965],[0.537211,0.828377,0.15873],[-0.216983,-0.0461252,0.975085]],[[0.826207,-0.554684,0.0985293],[0.23401,0.178807,-0.95565],[0.512466,0.812622,0.277533]],[[0.826207,-0.554684,0.0985293],[-0.420235,-0.723281,-0.547966],[0.375212,0.411328,-0.830678]],[[0.826207,-0.554684,0.0985293],[-0.553124,-0.831882,-0.0450216],[0.106937,-0.0173018,-0.994115]]],"btipPosition":[-0.813747,212.181,31.8138],"carpPosition":[13.9068,245.987,64.7852],"dipPosition":[1.02951,211.883,14.6784],"direction":[-0.375212,-0.411328,0.830678],"extended":false,"handId":506,"id":5064,"length":50.5107,"mcpPosition":[26.4886,248.662,8.2447],"pipPosition":[8.36821,219.928,-1.56864],"stabilizedTipPosition":[8.78521,207.23,7.08946],"timeVisible":120.729,"tipPosition":[-0.287058,212.179,27.9816],"tipVelocity":[4.40389,17.5022,56.7428],"tool":false,"touchDistance":0.333333,"touchZone":"