{"sensorType":"Leap","data":[[0,{"currentFrameRate":105.738,"devices":[],"gestures":[{"center":[-17.207,310.581,-110.052],"duration":103641,"handIds":[506],"id":17,"normal":[-0.919239,0.110368,-0.377913],"pointableIds":[5061],"progress":0.85765,"radius":15.9247,"state":"update","type":"circle"}],"hands":[{"armBasis":[[0.956611,-0.0104584,-0.291182],[0.166868,0.8389,0.518075],[0.238854,-0.544185,0.804246]],"armWidth":63.72,"confidence":0.652579,"direction":[0.0407068,0.181483,-0.982551],"elbow":[70.1189,123.324,277.852],"grabStrength":0,"id":506,"palmNormal":[-0.193344,-0.963349,-0.185946],"palmPosition":[-0.481245,277.398,6.81313],"palmVelocity":[4.2846,8.65271,17.4428],"palmWidth":90.99,"pinchStrength":0.537768,"r":[[0.77337,-0.12798,0.620903],[0.631548,0.0702665,-0.772146],[0.0551909,0.989284,0.135168]],"s":1.34767,"sphereCenter":[-42.5954,268.837,-20.8156],"sphereRadius":60.7698,"stabilizedPalmPosition":[-0.300839,273.884,2.73035],"t":[13.8029,15.7467,0.463925],"timeVisible":111.598,"type":"right","wrist":[5.62831,270.254,60.7056]}],"id":1810123,"interactionBox":{"center":[0,200,0],"size":[235.247,235.247,147.751]},"pointables":[{"bases":[[[0.57534,0.817569,-0.0237521],[-0.718349,0.518976,0.463292],[0.3911,-0.249488,0.885887]],[[0.518055,0.843535,-0.141661],[-0.851896,0.493974,-0.173966],[-0.076769,0.210804,0.974509]],[[0.518055,0.843535,-0.141661],[-0.770323,0.388127,-0.505925],[-0.371783,0.371222,0.850865]],[[0.518055,0.843535,-0.141661],[-0.55999,0.209293,-0.801628],[-0.646553,0.494616,0.580797]]],"btipPosition":[7.09478,230.104,-29.3066],"carpPosition":[-24.5452,264.86,61.9421],"dipPosition":[-8.03688,241.68,-15.7139],"direction":[0.371783,-0.371222,-0.850865],"extended":false,"handId":506,"id":5060,"length":52.1164,"mcpPosition":[-24.5452,264.86,61.9421],"pipPosition":[-20.713,254.337,13.2969],"stabilizedTipPosition":[2.87105,231.986,-27.5462],"timeVisible":111.598,"tipPosition":[2.88831,232.896,-26.3349],"tipVelocity":[10.8562,9.24181,17.6288],"tool":false,"touchDistance":0.143222,"touchZone":"hovering","type":0,"width":20.25},{"bases":[[[0.973205,-0.164264,-0.160905],[0.172742,0.98415,0.0401031],[0.151767,-0.0668235,0.986155]],[[0.983442,-0.170066,-0.0626067],[0.178504,0.849409,0.49663],[-0.0312814,-0.499582,0.865702]],[[0.983442,-0.170066,-0.0626067],[0.181196,0.928792,0.323285],[0.0031687,-0.329276,0.944228]],[[0.983442,-0.170066,-0.0626067],[0.177817,0.972214,0.152253],[0.034974,-0.160864,0.986357]]],"btipPosition":[-22.9184,321.132,-94.3211],"carpPosition":[-12.4227,284.046,55.0974],"dipPosition":[-22.3208,318.384,-77.4686],"direction":[-0.0031687,0.329276,-0.944228],"extended":true,"handId":506,"id":5061,"length":58.8075,"mcpPosition":[-23.5881,288.962,-17.4536],"pipPosition":[-22.2442,310.425,-54.6462],"stabilizedTipPosition":[-23.2118,320.091,-91.6467],"timeVisible":111.598,"tipPosition":[-22.4707,320.594,-90.4252],"tipVelocity":[5.31012,1.44753,13.9276],"tool":false,"touchDistance":0.258974,"touchZone":"hovering","type":1,"width":19.3428},{"bases":[[[0.940958,-0.337133,-0.0306553],[0.338077,0.940505,0.033964],[0.0173811,-0.0423225,0.998953]],[[0.940938,-0.337085,-0.0317674],[0.0386613,0.200181,-0.978996],[0.336364,0.919946,0.20139]],[[0.940938,-0.337085,-0.0317674],[-0.310752,-0.822544,-0.476293],[0.134421,0.458034,-0.878713]],[[0.940938,-0.337085,-0.0317674],[-0.334884,-0.940388,0.0593539],[-0.049881,-0.0452099,-0.997731]]],"btipPosition":[-20.6742,230.195,16.9596],"carpPosition":[-0.363621,283.759,52.6248],"dipPosition":[-21.6116,229.345,-1.78976],"direction":[-0.134421,-0.458034,0.878713],"extended":false,"handId":506,"id":5062,"length":67.0064,"mcpPosition":[-1.57626,286.712,-17.0701],"pipPosition":[-17.7892,242.37,-26.7772],"stabilizedTipPosition":[-18.722,222.777,4.19545],"timeVisible":111.598,"tipPosition":[-20.8301,230.13,12.87],"tipVelocity":[5.61605,3.94978,9.89242],"tool":false,"touchDistance":0.333333,"touchZone":"none","type":2,"width":18.9972},{"bases":[[[0.905079,-0.40962,0.11421],[0.404822,0.912187,0.0635142],[-0.130198,-0.0112504,0.991424]],[[0.907229,-0.409359,0.0967536],[0.166393,0.137998,-0.976355],[0.386328,0.901877,0.19331]],[[0.907229,-0.409359,0.0967536],[-0.321485,-0.82312,-0.468104],[0.271262,0.393573,-0.87836]],[[0.907229,-0.409359,0.0967536],[-0.415446,-0.908033,0.0536777],[0.065882,-0.0888939,-0.99386]]],"btipPosition":[-6.42129,231.687,23.6229],"carpPosition":[11.4295,280.519,51.4611],"dipPosition":[-5.19035,230.026,5.05364],"direction":[-0.271262,-0.393573,0.87836],"extended":false,"handId":506,"id":5063,"length":64.4285,"mcpPosition":[19.5851,281.224,-10.6417],"pipPosition":[2.32416,240.929,-19.2787],"stabilizedTipPosition":[-4.18341,224.306,10.954],"timeVisible":111.598,"tipPosition":[-6.09582,231.345,19.3509],"tipVelocity":[8.1726,13.9987,32.3188],"tool":false,"touchDistance":0.333333,"touchZone":"none","type":3,"width":18.077},{"bases":[[[0.804514,-0.55322,0.216115],[0.527563,0.83277,0.167844],[-0.272828,-0.0210185,0.961833]],[[0.821731,-0.550366,0.147834],[0.275816,0.157091,-0.948287],[0.498681,0.820012,0.280886]],[[0.821731,-0.550366,0.147834],[-0.397441,-0.739384,-0.543463],[0.40841,0.387825,-0.826313]],[[0.821731,-0.550366,0.147834],[-0.550729,-0.833615,-0.0422231],[0.146475,-0.0467207,-0.98811]]],"btipPosition":[9.21279,235.991,19.9086],"carpPosition":[21.5385,270.547,52.419],"dipPosition":[11.7376,235.185,2.87672],"direction":[-0.40841,-0.387825,0.826313],"extended":false,"handId":506,"id":5064,"length":50.5107,"mcpPosition":[37.3585,271.766,-3.35306],"pipPosition":[19.7256,242.771,-13.285],"stabilizedTipPosition":[11.4573,228.448,7.99868],"timeVisible":111.598,"tipPosition":[9.8183,235.819,15.991],"tipVelocity":[5.92078,10.5798,20.7755],"tool":false,"touchDistance":0.333333,"touchZone":"none","type":4,"width":16.0574}],"r":[[0.77337,-0.12798,0.620903],[0.631548,0.0702665,-0.772146],[0.0551909,0.989284,0.135168]],"s":1.34767,"t":[13.8029,15.7467,0.463925],"timestamp":97926070994},false],[1,{"currentFrameRate":105.825,"devices":[],"gestures":[{"center":[-17.207,310.581,-110.052],"duration":103641,"handIds":[506],"id":17,"normal":[-0.919239,0.110368,-0.377913],"pointableIds":[5061],"progress":0.85765,"radius":15.9247,"state":"update","type":"circle"}],"hands":[{"armBasis":[[0.956789,-0.0062504,-0.290718],[0.163309,0.838757,0.519438],[0.240595,-0.544469,0.803534]],"armWidth":63.72,"confidence":0.656672,"direction":[0.0421903,0.181447,-0.982495],"elbow":[70.5142,123.217,277.837],"grabStrength":0,"id":506,"palmNormal":[-0.190253,-0.963918,-0.186187],"palmPosition":[-0.466624,277.343,6.97687],"palmVelocity":[3.52004,4.52955,17.4941],"palmWidth":90.99,"pinchStrength":0.535982,"r":[[0.772956,-0.12703,0.621612],[0.632152,0.0707145,-0.771611],[0.0540608,0.989375,0.134961]],"s":1.34823,"sphereCenter":[-42.5741,268.718,-20.7085],"sphereRadius":60.8412,"stabilizedPalmPosition":[-0.303635,273.942,2.80197],"t":[13.8256,15.737,0.605284],"timeVisible":111.607,"type":"right","wrist":[5.55359,270.224,60.8828]}],"id":1810124,"interactionBox":{"center":[0,200,0],"size":[235.247,235.247,147.751]},"pointables":[{"bases":[[[0.573083,0.819183,-0.0227128],[-0.720746,0.517021,0.461751],[0.390002,-0.248251,0.886719]],[[0.516096,0.84493,-0.140492],[-0.85283,0.491676,-0.175883],[-0.0795326,0.210589,0.974334]],[[0.516096,0.84493,-0.140492],[-0.770578,0.386402,-0.506856],[-0.373971,0.369846,0.850505]],[[0.516096,0.84493,-0.140492],[-0.560823,0.209367,-0.801027],[-0.647397,0.492198,0.581909]]],"btipPosition":[7.26525,230.104,-29.1949],"carpPosition":[-24.607,264.745,62.0588],"dipPosition":[-7.88617,241.623,-15.5761],"direction":[0.373971,-0.369846,-0.850505],"extended":false,"handId":506,"id":5060,"length":52.1164,"mcpPosition":[-24.607,264.745,62.0588],"pipPosition":[-20.6369,254.233,13.4224],"stabilizedTipPosition":[2.92229,232.029,-27.4626],"timeVisible":111.607,"tipPosition":[3.09936,232.862,-26.1882],"tipVelocity":[12.8317,6.22413,16.2304],"tool":false,"touchDistance":0.145184,"touchZone":"hovering","type":0,"width":20.25},{"bases":[[[0.973988,-0.161547,-0.158903],[0.169888,0.984639,0.0402988],[0.149952,-0.0662463,0.986471]],[[0.984044,-0.167308,-0.0605353],[0.175078,0.849943,0.496935],[-0.0316898,-0.499605,0.865674]],[[0.984044,-0.167308,-0.0605353],[0.17791,0.929326,0.323575],[0.00212033,-0.329182,0.944264]],[[0.984044,-0.167308,-0.0605353],[0.174766,0.972727,0.152512],[0.0333678,-0.160658,0.986446]]],"btipPosition":[-22.8166,321.003,-94.2072],"carpPosition":[-12.5248,283.964,55.2358],"dipPosition":[-22.2464,318.258,-77.3532],"direction":[-0.00212033,0.329182,-0.944264],"extended":true,"handId":506,"id":5061,"length":58.8075,"mcpPosition":[-23.5567,288.837,-17.3385],"pipPosition":[-22.1952,310.302,-54.5299],"stabilizedTipPosition":[-23.1954,320.099,-91.6056],"timeVisible":111.607,"tipPosition":[-22.3811,320.463,-90.3115],"tipVelocity":[6.71131,-2.8544,13.467],"tool":false,"touchDistance":0.260878,"touchZone":"hovering","type":1,"width":19.3428},{"bases":[[[0.941964,-0.334486,-0.0286922],[0.335358,0.941459,0.0345022],[0.015472,-0.042122,0.998993]],[[0.941949,-0.334447,-0.0296181],[0.0386989,0.19577,-0.979886],[0.333518,0.921856,0.197348]],[[0.941949,-0.334447,-0.0296181],[-0.307989,-0.825554,-0.472867],[0.133698,0.454539,-0.880636]],[[0.941949,-0.334447,-0.0296181],[-0.332236,-0.94118,0.0616396],[-0.0484912,-0.0482211,-0.997659]]],"btipPosition":[-20.5057,230.197,17.3678],"carpPosition":[-0.45992,283.711,52.7877],"dipPosition":[-21.417,229.291,-1.38016],"direction":[-0.133698,-0.454539,0.880636],"extended":false,"handId":506,"id":5062,"length":67.0064,"mcpPosition":[-1.53937,286.65,-16.91],"pipPosition":[-17.6151,242.216,-26.4223],"stabilizedTipPosition":[-18.7473,222.869,4.30819],"timeVisible":111.607,"tipPosition":[-20.6742,230.075,13.158],"tipVelocity":[9.33104,2.49323,19.5061],"tool":false,"touchDistance":0.333333,"touchZone":"none","type":2,"width":18.9972},{"bases":[[[0.905995,-0.407052,0.116112],[0.402122,0.913333,0.0641922],[-0.132178,-0.0114667,0.99116]],[[0.90818,-0.406787,0.0986527],[0.165415,0.132286,-0.977312],[0.384508,0.903894,0.187428]],[[0.90818,-0.406787,0.0986527],[-0.320056,-0.826748,-0.462657],[0.269764,0.388602,-0.881031]],[[0.90818,-0.406787,0.0986527],[-0.413305,-0.908772,0.0575619],[0.0662374,-0.0930502,-0.993456]]],"btipPosition":[-6.26595,231.81,24.1561],"carpPosition":[11.3446,280.504,51.6485],"dipPosition":[-5.02837,230.072,5.59434],"direction":[-0.269764,-0.388602,0.881031],"extended":false,"handId":506,"id":5063,"length":64.4285,"mcpPosition":[19.6243,281.223,-10.4378],"pipPosition":[2.44464,240.837,-18.812],"stabilizedTipPosition":[-4.19886,224.367,11.0308],"timeVisible":111.607,"tipPosition":[-5.95457,231.388,19.7482],"tipVelocity":[10.63,13.2628,39.4426],"tool":false,"touchDistance":0.333333,"touchZone":"none","type":3,"width":18.077},{"bases":[[[0.805628,-0.55092,0.217834],[0.524874,0.834278,0.168783],[-0.27472,-0.0216408,0.961281]],[[0.822905,-0.548047,0.149908],[0.277437,0.157331,-0.947774],[0.49584,0.821518,0.281517]],[[0.822905,-0.548047,0.149908],[-0.394237,-0.740743,-0.543946],[0.409152,0.388516,-0.825621]],[[0.822905,-0.548047,0.149908],[-0.548346,-0.835141,-0.0430927],[0.148811,-0.0467405,-0.98776]]],"btipPosition":[9.30938,235.974,20.1082],"carpPosition":[21.4797,270.561,52.6284],"dipPosition":[11.8744,235.168,3.08234],"direction":[-0.409152,-0.388516,0.825621],"extended":false,"handId":506,"id":5064,"length":50.5107,"mcpPosition":[37.4094,271.815,-3.11162],"pipPosition":[19.8769,242.767,-13.0658],"stabilizedTipPosition":[11.4448,228.506,8.06402],"timeVisible":111.607,"tipPosition":[9.92649,235.799,16.1881],"tipVelocity":[7.46459,7.08327,21.0173],"tool":false,"touchDistance":0.333333,"touchZone":"none","type":4,"width":16.0574}],"r":[[0.772956,-0.12703,0.621612],[0.632152,0.0707145,-0.771611],[0.0540608,0.989375,0.134961]],"s":1.34823,"t":[13.8256,15.737,0.605284],"timestamp":97926080284},false],[2,{"currentFrameRate":105.862,"devices":[],"gestures":[{"center":[-17.207,310.581,-110.052],"duration":103641,"handIds":[506],"id":17,"normal":[-0.919239,0.110368,-0.377913],"pointableIds":[5061],"progress":0.85765,"radius":15.9247,"state":"update","type":"circle"}],"hands":[{"armBasis":[[0.957043,-0.00158851,-0.289942],[0.159408,0.838177,0.521583],[0.242194,-0.545396,0.802425]],"armWidth":63.72,"confidence":0.660873,"direction":[0.0436482,0.18115,-0.982486],"elbow":[70.8286,122.933,277.764],"grabStrength":0,"id":506,"palmNormal":[-0.186924,-0.964576,-0.186152],"palmPosition":[-0.49532,277.267,7.18837],"palmVelocity":[1.64937,0.948419,18.9324],"palmWidth":90.99,"pinchStrength":0.53613,"r":[[0.772447,-0.125743,0.622507],[0.632906,0.0713928,-0.77093],[0.0524965,0.989491,0.134731]],"s":1.34898,"sphereCenter":[-42.4832,268.521,-20.5462],"sphereRadius":60.8413,"stabilizedPalmPosition":[-0.305818,273.98,2.85191],"t":[13.8227,15.6944,0.781716],"timeVisible":111.616,"type":"right","wrist":[5.43618,270.19,61.1096]}],"id":1810125,"interactionBox":{"center":[0,200,0],"size":[235.247,235.247,147.751]},"pointables":[{"bases":[[[0.570621,0.820921,-0.0218996],[-0.723268,0.515015,0.460047],[0.388941,-0.246673,0.887624]],[[0.513812,0.846439,-0.13978],[-0.853955,0.488999,-0.17788],[-0.0822119,0.210763,0.974074]],[[0.513812,0.846439,-0.13978],[-0.770651,0.383797,-0.508721],[-0.376954,0.369108,0.849509]],[[0.513812,0.846439,-0.13978],[-0.559676,0.207234,-0.802382],[-0.6502,0.490505,0.580211]]],"btipPosition":[7.46341,230.034,-28.9407],"carpPosition":[-24.7099,264.62,62.2263],"dipPosition":[-7.75361,241.514,-15.3616],"direction":[0.376954,-0.369108,-0.849509],"extended":false,"handId":506,"id":5060,"length":52.1164,"mcpPosition":[-24.7099,264.62,62.2263],"pipPosition":[-20.6061,254.099,13.6029],"stabilizedTipPosition":[2.97427,232.061,-27.3805],"timeVisible":111.616,"tipPosition":[3.2879,232.781,-25.945],"tipVelocity":[14.7337,2.07342,19.0453],"tool":false,"touchDistance":0.149268,"touchZone":"hovering","type":0,"width":20.25},{"bases":[[[0.974801,-0.158637,-0.156838],[0.166795,0.985171,0.0402137],[0.148132,-0.06536,0.986805]],[[0.984679,-0.164331,-0.0583285],[0.171401,0.85061,0.497075],[-0.03207,-0.499457,0.865745]],[[0.984679,-0.164331,-0.0583285],[0.174373,0.92994,0.323736],[0.00104213,-0.328947,0.944348]],[[0.984679,-0.164331,-0.0583285],[0.171474,0.973285,0.152687],[0.031679,-0.16035,0.986552]]],"btipPosition":[-22.7592,320.829,-94.0548],"carpPosition":[-12.6725,283.872,55.4196],"dipPosition":[-22.2179,318.089,-77.199],"direction":[-0.00104213,0.328947,-0.944348],"extended":true,"handId":506,"id":5061,"length":58.8075,"mcpPosition":[-23.5705,288.681,-17.1793],"pipPosition":[-22.1927,310.139,-54.3738],"stabilizedTipPosition":[-23.1795,320.102,-91.5651],"timeVisible":111.616,"tipPosition":[-22.341,320.284,-90.1606],"tipVelocity":[6.3418,-7.28413,14.2696],"tool":false,"touchDistance":0.263424,"touchZone":"hovering","type":1,"width":19.3428},{"bases":[[[0.943039,-0.331617,-0.0266166],[0.332407,0.942495,0.0347748],[0.0135541,-0.0416416,0.999041]],[[0.943029,-0.33159,-0.027274],[0.0384015,0.189906,-0.981051],[0.330486,0.924113,0.191821]],[[0.943029,-0.33159,-0.027274],[-0.305155,-0.829353,-0.468033],[0.132575,0.449691,-0.88329]],[[0.943029,-0.33159,-0.027274],[-0.329332,-0.941965,0.0651297],[-0.0472875,-0.052437,-0.997504]]],"btipPosition":[-20.3584,230.216,17.9121],"carpPosition":[-0.601931,283.655,52.9963],"dipPosition":[-21.2471,229.23,-0.832984],"direction":[-0.132575,-0.449691,0.88329],"extended":false,"handId":506,"id":5062,"length":67.0064,"mcpPosition":[-1.54758,286.561,-16.7047],"pipPosition":[-17.4771,242.018,-25.9506],"stabilizedTipPosition":[-18.7643,222.935,4.39528],"timeVisible":111.616,"tipPosition":[-20.5426,230.022,13.5639],"tipVelocity":[11.3005,1.80789,30.4804],"tool":false,"touchDistance":0.333333,"touchZone":"none","type":2,"width":18.9972},{"bases":[[[0.906995,-0.40423,0.118145],[0.399196,0.914586,0.0646138],[-0.134173,-0.0114412,0.990892]],[[0.909216,-0.403966,0.100685],[0.164954,0.127501,-0.978025],[0.382251,0.905845,0.182562]],[[0.909216,-0.403966,0.100685],[-0.318053,-0.830035,-0.45813],[0.268641,0.384516,-0.883164]],[[0.909216,-0.403966,0.100685],[-0.410893,-0.909654,0.0608034],[0.0670263,-0.0966544,-0.993059]]],"btipPosition":[-6.15379,231.882,24.6761],"carpPosition":[11.2147,280.484,51.8827],"dipPosition":[-4.90147,230.076,6.12181],"direction":[-0.268641,-0.384516,0.883164],"extended":false,"handId":506,"id":5063,"length":64.4285,"mcpPosition":[19.6193,281.201,-10.1868],"pipPosition":[2.54044,240.728,-18.3436],"stabilizedTipPosition":[-4.20946,224.412,11.0904],"timeVisible":111.616,"tipPosition":[-5.85058,231.397,20.171],"tipVelocity":[11.1109,11.1924,44.0464],"tool":false,"touchDistance":0.333333,"touchZone":"none","type":3,"width":18.077},{"bases":[[[0.80686,-0.548359,0.219725],[0.521975,0.835952,0.169491],[-0.276621,-0.0220641,0.960726]],[[0.824244,-0.54547,0.151938],[0.278972,0.157692,-0.947263],[0.492744,0.823162,0.282148]],[[0.824244,-0.54547,0.151938],[-0.390822,-0.742204,-0.544419],[0.409733,0.389353,-0.824938]],[[0.824244,-0.54547,0.151938],[-0.54571,-0.836825,-0.0438644],[0.151072,-0.046759,-0.987416]]],"btipPosition":[9.37711,235.936,20.3581],"carpPosition":[21.3781,270.572,52.8878],"dipPosition":[11.9811,235.13,3.33817],"direction":[-0.409733,-0.389353,0.824938],"extended":false,"handId":506,"id":5064,"length":50.5107,"mcpPosition":[37.418,271.851,-2.82012],"pipPosition":[19.995,242.745,-12.7966],"stabilizedTipPosition":[11.436,228.55,8.11413],"timeVisible":111.616,"tipPosition":[10.004,235.76,16.4394],"tipVelocity":[7.66739,3.90361,22.6594],"tool":false,"touchDistance":0.333333,"touchZone":"none","type":4,"width":16.0574}],"r":[[0.772447,-0.125743,0.622507],[0.632906,0.0713928,-0.77093],[0.0524965,0.989491,0.134731]],"s":1.34898,"t":[13.8227,15.6944,0.781716],"timestamp":97926089662},false],[3,{"currentFrameRate":105.843,"devices":[],"gestures":[{"center":[-17.207,310.581,-110.052],"duration":103641,"handIds":[506],"id":17,"normal":[-0.919239,0.110368,-0.377913],"pointableIds":[5061],"progress":0.85765,"radius":15.9247,"state":"update","type":"circle"}],"hands":[{"armBasis":[[0.957343,0.00483525,-0.288914],[0.153799,0.837936,0.52365],[0.244623,-0.545747,0.801448]],"armWidth":63.72,"confidence":0.665039,"direction":[0.0455323,0.181912,-0.98226],"elbow":[71.3164,122.725,277.821],"grabStrength":0,"id":506,"palmNormal":[-0.181795,-0.965352,-0.187208],"palmPosition":[-0.546126,277.156,7.49578],"palmVelocity":[-0.361431,-2.6709,22.8021],"palmWidth":90.99,"pinchStrength":0.535814,"r":[[0.771806,-0.124046,0.62364],[0.633871,0.0726271,-0.770021],[0.0502251,0.989615,0.134683]],"s":1.34979,"sphereCenter":[-42.3833,268.244,-20.3343],"sphereRadius":60.8405,"stabilizedPalmPosition":[-0.30767,274.005,2.88771],"t":[13.7958,15.6178,1.02364],"timeVisible":111.626,"type":"right","wrist":[5.26817,270.077,61.4295]}],"id":1810126,"interactionBox":{"center":[0,200,0],"size":[235.247,235.247,147.751]},"pointables":[{"bases":[[[0.566755,0.823647,-0.0198473],[-0.727003,0.511297,0.458304],[0.387629,-0.245317,0.888574]],[[0.510137,0.848965,-0.137905],[-0.855794,0.485009,-0.179954],[-0.08589,0.20982,0.97396]],[[0.510137,0.848965,-0.137905],[-0.77107,0.380381,-0.510648],[-0.381066,0.366835,0.848658]],[[0.510137,0.848965,-0.137905],[-0.558609,0.205117,-0.803669],[-0.654,0.487016,0.578877]]],"btipPosition":[7.73208,229.984,-28.6424],"carpPosition":[-24.854,264.363,62.4587],"dipPosition":[-7.57388,241.381,-15.0946],"direction":[0.381066,-0.366835,-0.848658],"extended":false,"handId":506,"id":5060,"length":52.1164,"mcpPosition":[-24.854,264.363,62.4587],"pipPosition":[-20.5666,253.889,13.8409],"stabilizedTipPosition":[3.03,232.086,-27.297],"timeVisible":111.626,"tipPosition":[3.54659,232.706,-25.6525],"tipVelocity":[18.0167,-0.631297,22.3881],"tool":false,"touchDistance":0.15412,"touchZone":"hovering","type":0,"width":20.25},{"bases":[[[0.975982,-0.153895,-0.154194],[0.161977,0.985933,0.0412253],[0.145681,-0.065211,0.98718]],[[0.985622,-0.159607,-0.0554492],[0.165844,0.851059,0.498191],[-0.0323243,-0.500224,0.865293]],[[0.985622,-0.159607,-0.0554492],[0.168965,0.930488,0.325026],[-0.000281722,-0.329722,0.944078]],[[0.985622,-0.159607,-0.0554492],[0.166386,0.973945,0.1541],[0.029409,-0.16111,0.986498]]],"btipPosition":[-22.7142,320.687,-93.7788],"carpPosition":[-12.8896,283.676,55.6963],"dipPosition":[-22.2117,317.934,-76.9239],"direction":[0.000281722,0.329722,-0.944078],"extended":true,"handId":506,"id":5061,"length":58.8075,"mcpPosition":[-23.6073,288.474,-16.9301],"pipPosition":[-22.2185,309.964,-54.1052],"stabilizedTipPosition":[-23.1651,320.101,-91.5239],"timeVisible":111.626,"tipPosition":[-22.3196,320.132,-89.8867],"tipVelocity":[5.61252,-9.59379,18.5218],"tool":false,"touchDistance":0.268021,"touchZone":"hovering","type":1,"width":19.3428},{"bases":[[[0.944682,-0.327098,-0.0241582],[0.327805,0.94405,0.0362268],[0.0109569,-0.042142,0.999052]],[[0.944678,-0.327083,-0.0245011],[0.0389268,0.185971,-0.981784],[0.325681,0.926516,0.188415]],[[0.944678,-0.327083,-0.0245011],[-0.300389,-0.83274,-0.465092],[0.131721,0.446722,-0.884923]],[[0.944678,-0.327083,-0.0245011],[-0.324903,-0.943385,0.0668046],[-0.0449646,-0.0551484,-0.997465]]],"btipPosition":[-20.1745,230.133,18.4317],"carpPosition":[-0.811429,283.518,53.3068],"dipPosition":[-21.0195,229.097,-0.312707],"direction":[-0.131721,-0.446722,0.884923],"extended":false,"handId":506,"id":5062,"length":67.0064,"mcpPosition":[-1.57587,286.458,-16.395],"pipPosition":[-17.2738,241.8,-25.4767],"stabilizedTipPosition":[-18.7755,222.984,4.46288],"timeVisible":111.626,"tipPosition":[-20.3632,229.886,13.9781],"tipVelocity":[13.9272,-1.56691,37.4609],"tool":false,"touchDistance":0.333333,"touchZone":"none","type":2,"width":18.9972},{"bases":[[[0.90858,-0.399964,0.120462],[0.394643,0.916444,0.0662374],[-0.136889,-0.0126424,0.990506]],[[0.910845,-0.39968,0.103045],[0.165571,0.125121,-0.978228],[0.378085,0.908075,0.180141]],[[0.910845,-0.39968,0.103045],[-0.313901,-0.83288,-0.455825],[0.268008,0.38284,-0.884085]],[[0.910845,-0.39968,0.103045],[-0.406914,-0.911365,0.061931],[0.0691587,-0.0983398,-0.992747]]],"btipPosition":[-6.0112,231.855,25.1699],"carpPosition":[11.0233,280.404,52.2245],"dipPosition":[-4.71904,230.018,6.62144],"direction":[-0.268008,-0.38284,0.884085],"extended":false,"handId":506,"id":5063,"length":64.4285,"mcpPosition":[19.598,281.196,-9.82082],"pipPosition":[2.70532,240.624,-17.8695],"stabilizedTipPosition":[-4.2164,224.445,11.1357],"timeVisible":111.626,"tipPosition":[-5.70581,231.33,20.599],"tipVelocity":[12.5147,6.95815,46.3905],"tool":false,"touchDistance":0.333333,"touchZone":"none","type":3,"width":18.077},{"bases":[[[0.80885,-0.544627,0.221681],[0.517502,0.838337,0.171414],[-0.2792,-0.023928,0.959935]],[[0.826367,-0.541628,0.15413],[0.280922,0.159285,-0.94642],[0.488057,0.825389,0.283783]],[[0.826367,-0.541628,0.15413],[-0.385763,-0.743867,-0.545755],[0.410248,0.391536,-0.823648]],[[0.826367,-0.541628,0.15413],[-0.541622,-0.839377,-0.045748],[0.154152,-0.0456756,-0.986991]]],"btipPosition":[9.48217,235.872,20.6783],"carpPosition":[21.231,270.54,53.2525],"dipPosition":[12.1392,235.084,3.66575],"direction":[-0.410248,-0.391536,0.823648],"extended":false,"handId":506,"id":5064,"length":50.5107,"mcpPosition":[37.4205,271.927,-2.40946],"pipPosition":[20.1632,242.742,-12.4438],"stabilizedTipPosition":[11.4301,228.581,8.1526],"timeVisible":111.626,"tipPosition":[10.1224,235.698,16.7582],"tipVelocity":[9.01567,0.974656,25.8989],"tool":false,"touchDistance":0.333333,"touchZone":"none","type":4,"width":16.0574}],"r":[[0.771806,-0.124046,0.62364],[0.633871,0.0726271,-0.770021],[0.0502251,0.989615,0.134683]],"s":1.34979,"t":[13.7958,15.6178,1.02364],"timestamp":97926099145},false],[4,{"currentFrameRate":105.858,"devices":[],"gestures":[{"center":[-17.207,310.581,-110.052],"duration":103641,"handIds":[506],"id":17,"normal":[-0.919239,0.110368,-0.377913],"pointableIds":[5061],"progress":0.85765,"radius":15.9247,"state":"update","type":"circle"}],"hands":[{"armBasis":[[0.957491,0.0106218,-0.288267],[0.148871,0.837762,0.52535],[0.247079,-0.545932,0.800568]],"armWidth":63.72,"confidence":0.667449,"direction":[0.0472754,0.182338,-0.982099],"elbow":[71.7959,122.6,277.857],"grabStrength":0,"id":506,"palmNormal":[-0.177336,-0.966047,-0.187895],"palmPosition":[-0.621995,277.07,7.7572],"palmVelocity":[-2.55674,-4.53099,24.2158],"palmWidth":90.99,"pinchStrength":0.535723,"r":[[0.771074,-0.122083,0.624932],[0.634969,0.0741762,-0.768968],[0.047523,0.989744,0.134715]],"s":1.35062,"sphereCenter":[-42.3061,268.002,-20.1549],"sphereRadius":60.8284,"stabilizedPalmPosition":[-0.309352,274.021,2.91377],"t":[13.7444,15.5362,1.2753],"timeVisible":111.635,"type":"right","wrist":[5.0845,270.002,61.7039]}],"id":1810127,"interactionBox":{"center":[0,200,0],"size":[235.247,235.247,147.751]},"pointables":[{"bases":[[[0.563401,0.825982,-0.0182153],[-0.730267,0.508183,0.456575],[0.38638,-0.243933,0.889498]],[[0.506981,0.851095,-0.136408],[-0.857327,0.481521,-0.182011],[-0.0892252,0.209222,0.973789]],[[0.506981,0.851095,-0.136408],[-0.771328,0.377321,-0.512524],[-0.384737,0.365055,0.847769]],[[0.506981,0.851095,-0.136408],[-0.557411,0.203014,-0.805033],[-0.657467,0.484172,0.577334]]],"btipPosition":[7.9425,229.94,-28.3709],"carpPosition":[-25.0163,264.163,62.6552],"dipPosition":[-7.44459,241.272,-14.8592],"direction":[0.384737,-0.365055,-0.847769],"extended":false,"handId":506,"id":5060,"length":52.1164,"mcpPosition":[-25.0163,264.163,62.6552],"pipPosition":[-20.5624,253.719,14.046],"stabilizedTipPosition":[3.08468,232.104,-27.216],"timeVisible":111.635,"tipPosition":[3.73939,232.645,-25.3907],"tipVelocity":[18.6857,-2.21927,23.9739],"tool":false,"touchDistance":0.158506,"touchZone":"hovering","type":0,"width":20.25},{"bases":[[[0.976997,-0.149831,-0.15175],[0.157804,0.986583,0.0418668],[0.143441,-0.0648506,0.987532]],[[0.986423,-0.155542,-0.0526942],[0.160931,0.851582,0.498908],[-0.0327278,-0.500615,0.865051]],[[0.986423,-0.155542,-0.0526942],[0.164217,0.93102,0.325935],[-0.00163722,-0.330163,0.943923]],[[0.986423,-0.155542,-0.0526942],[0.161955,0.974522,0.155171],[0.0272161,-0.161598,0.986481]]],"btipPosition":[-22.6869,320.547,-93.5588],"carpPosition":[-13.1146,283.527,55.9278],"dipPosition":[-22.2219,317.786,-76.7042],"direction":[0.00163722,0.330163,-0.943923],"extended":true,"handId":506,"id":5061,"length":58.8075,"mcpPosition":[-23.6675,288.298,-16.7245],"pipPosition":[-22.2615,309.805,-53.8892],"stabilizedTipPosition":[-23.1526,320.097,-91.4844],"timeVisible":111.635,"tipPosition":[-22.3172,319.985,-89.668],"tipVelocity":[4.57735,-11.1563,19.8992],"tool":false,"touchDistance":0.271686,"touchZone":"hovering","type":1,"width":19.3428},{"bases":[[[0.946081,-0.323193,-0.021835],[0.323816,0.945385,0.0372798],[0.00859396,-0.0423402,0.999066]],[[0.946082,-0.323199,-0.0216926],[0.0393826,0.181236,-0.982651],[0.321523,0.928814,0.184193]],[[0.946082,-0.323199,-0.0216926],[-0.296283,-0.836333,-0.461263],[0.130937,0.442819,-0.886998]],[[0.946082,-0.323199,-0.0216926],[-0.321071,-0.944509,0.0693973],[-0.042918,-0.0586907,-0.997353]]],"btipPosition":[-20.0439,230.115,18.9531],"carpPosition":[-1.02985,283.419,53.5689],"dipPosition":[-20.8504,229.012,0.210882],"direction":[-0.130937,-0.442819,0.886998],"extended":false,"handId":506,"id":5062,"length":67.0064,"mcpPosition":[-1.62943,286.373,-16.134],"pipPosition":[-17.127,241.604,-25.0122],"stabilizedTipPosition":[-18.7828,223.018,4.51404],"timeVisible":111.635,"tipPosition":[-20.2368,229.807,14.3939],"tipVelocity":[14.18,-2.13788,42.5856],"tool":false,"touchDistance":0.333333,"touchZone":"none","type":2,"width":18.9972},{"bases":[[[0.909913,-0.396243,0.122676],[0.390691,0.918047,0.0674536],[-0.13935,-0.0134485,0.990152]],[[0.912233,-0.395943,0.105168],[0.166308,0.123305,-0.978334],[0.374397,0.909959,0.178331]],[[0.912233,-0.395943,0.105168],[-0.310092,-0.835115,-0.454341],[0.267721,0.381853,-0.884598]],[[0.912233,-0.395943,0.105168],[-0.403417,-0.912888,0.0623623],[0.0713146,-0.0993155,-0.992497]]],"btipPosition":[-5.92755,231.818,25.5739],"carpPosition":[10.8203,280.354,52.5159],"dipPosition":[-4.5951,229.962,7.03012],"direction":[-0.267721,-0.381853,0.884598],"extended":false,"handId":506,"id":5063,"length":64.4285,"mcpPosition":[19.5492,281.197,-9.50724],"pipPosition":[2.82129,240.54,-17.475],"stabilizedTipPosition":[-4.22098,224.467,11.1688],"timeVisible":111.635,"tipPosition":[-5.61691,231.271,20.9604],"tipVelocity":[11.759,3.69818,45.4266],"tool":false,"touchDistance":0.333333,"touchZone":"none","type":3,"width":18.077},{"bases":[[[0.810524,-0.541341,0.223608],[0.513603,0.840422,0.172924],[-0.281536,-0.0253134,0.959217]],[[0.828157,-0.538265,0.15629],[0.282769,0.160475,-0.945669],[0.48394,0.827356,0.285103]],[[0.828157,-0.538265,0.15629],[-0.381281,-0.745398,-0.546815],[0.41083,0.393258,-0.822537]],[[0.828157,-0.538265,0.15629],[-0.538066,-0.841576,-0.0472726],[0.156975,-0.0449454,-0.986579]]],"btipPosition":[9.53809,235.828,20.9595],"carpPosition":[21.066,270.532,53.5676],"dipPosition":[12.2438,235.053,3.95402],"direction":[-0.41083,-0.393258,0.822537],"extended":false,"handId":506,"id":5064,"length":50.5107,"mcpPosition":[37.3909,272,-2.0528],"pipPosition":[20.2792,242.745,-12.1338],"stabilizedTipPosition":[11.426,228.604,8.18122],"timeVisible":111.635,"tipPosition":[10.1909,235.656,17.0395],"tipVelocity":[8.47671,-0.528452,27.0771],"tool":false,"touchDistance":0.333333,"touchZone":"none","type":4,"width":16.0574}],"r":[[0.771074,-0.122083,0.624932],[0.634969,0.0741762,-0.768968],[0.047523,0.989744,0.134715]],"s":1.35062,"t":[13.7444,15.5362,1.2753],"timestamp":97926108563},false],[5,{"currentFrameRate":105.843,"devices":[],"gestures":[{"center":[-17.207,310.581,-110.052],"duration":103641,"handIds":[506],"id":17,"normal":[-0.919239,0.110368,-0.377913],"pointableIds":[5061],"progress":0.85765,"radius":15.9247,"state":"update","type":"circle"}],"hands":[{"armBasis":[[0.957373,0.0179046,-0.288298],[0.143058,0.837684,0.527086],[0.25094,-0.545861,0.799415]],"armWidth":63.72,"confidence":0.674603,"direction":[0.0495819,0.180801,-0.982269],"elbow":[72.5781,122.621,277.929],"grabStrength":0,"id":506,"palmNormal":[-0.17237,-0.967173,-0.186723],"palmPosition":[-0.742091,276.949,8.10978],"palmVelocity":[-5.45834,-6.87203,27.9426],"palmWidth":90.99,"pinchStrength":0.534886,"r":[[0.770193,-0.119594,0.626498],[0.636265,0.0757178,-0.767746],[0.0443805,0.989931,0.134411]],"s":1.35144,"sphereCenter":[-42.2472,267.646,-19.8937],"sphereRadius":60.8117,"stabilizedPalmPosition":[-0.311095,274.033,2.93469],"t":[13.6587,15.4352,1.57743],"timeVisible":111.645,"type":"right","wrist":[4.82426,270.003,62.0869]}],"id":1810128,"interactionBox":{"center":[0,200,0],"size":[235.247,235.247,147.751]},"pointables":[{"bases":[[[0.55972,0.828489,-0.0179065],[-0.734007,0.505687,0.453338],[0.38464,-0.240599,0.891159]],[[0.503588,0.853128,-0.136275],[-0.85889,0.477339,-0.185622],[-0.0933101,0.210522,0.973126]],[[0.503588,0.853128,-0.136275],[-0.771374,0.372965,-0.515636],[-0.389078,0.364787,0.845901]],[[0.503588,0.853128,-0.136275],[-0.555746,0.199118,-0.807154],[-0.661472,0.482208,0.574396]]],"btipPosition":[8.1517,229.798,-27.9076],"carpPosition":[-25.2528,264.03,62.953],"dipPosition":[-7.32911,241.083,-14.4646],"direction":[0.389078,-0.364787,-0.845901],"extended":false,"handId":506,"id":5060,"length":52.1164,"mcpPosition":[-25.2528,264.03,62.953],"pipPosition":[-20.595,253.521,14.3769],"stabilizedTipPosition":[3.13534,232.114,-27.1353],"timeVisible":111.645,"tipPosition":[3.9319,232.487,-24.944],"tipVelocity":[19.0065,-6.21414,30.644],"tool":false,"touchDistance":0.165965,"touchZone":"hovering","type":0,"width":20.25},{"bases":[[[0.978142,-0.14568,-0.148374],[0.153211,0.987359,0.0405973],[0.140584,-0.0624424,0.988098]],[[0.987291,-0.151187,-0.0489737],[0.155356,0.853262,0.497804],[-0.033474,-0.499085,0.865906]],[[0.987291,-0.151187,-0.0489737],[0.158884,0.932351,0.324773],[-0.0034408,-0.328427,0.944523]],[[0.987291,-0.151187,-0.0489737],[0.157023,0.975513,0.154009],[0.0244904,-0.159742,0.986855]]],"btipPosition":[-22.6571,320.139,-93.3571],"carpPosition":[-13.4173,283.436,56.2287],"dipPosition":[-22.2387,317.41,-76.4961],"direction":[0.0034408,0.328427,-0.944523],"extended":true,"handId":506,"id":5061,"length":58.8075,"mcpPosition":[-23.76,288.03,-16.4652],"pipPosition":[-22.3218,309.471,-53.6666],"stabilizedTipPosition":[-23.1384,320.083,-91.4364],"timeVisible":111.645,"tipPosition":[-22.3127,319.586,-89.4631],"tipVelocity":[3.84257,-20.0733,20.3414],"tool":false,"touchDistance":0.275072,"touchZone":"hovering","type":1,"width":19.3428},{"bases":[[[0.947596,-0.318949,-0.0182463],[0.319421,0.946905,0.0366121],[0.00560011,-0.0405218,0.999163]],[[0.947599,-0.318971,-0.0176913],[0.0405012,0.174883,-0.983756],[0.316884,0.93149,0.178638]],[[0.947599,-0.318971,-0.0176913],[-0.291514,-0.840719,-0.456301],[0.130674,0.437548,-0.88965]],[[0.947599,-0.318971,-0.0176913],[-0.316932,-0.945608,0.0733443],[-0.0401237,-0.063894,-0.99715]]],"btipPosition":[-19.9512,230.066,19.6253],"carpPosition":[-1.32467,283.379,53.9084],"dipPosition":[-20.7052,228.865,0.88685],"direction":[-0.130674,-0.437548,0.88965],"extended":false,"handId":506,"id":5062,"length":67.0064,"mcpPosition":[-1.71538,286.206,-15.8012],"pipPosition":[-16.9893,241.308,-24.4116],"stabilizedTipPosition":[-18.7876,223.043,4.55278],"timeVisible":111.645,"tipPosition":[-20.1421,229.698,14.978],"tipVelocity":[13.2839,-3.68151,50.743],"tool":false,"touchDistance":0.333333,"touchZone":"none","type":2,"width":18.9972},{"bases":[[[0.911298,-0.391904,0.12628],[0.386322,0.919924,0.0670474],[-0.142444,-0.0123154,0.989726]],[[0.913686,-0.391623,0.108666],[0.167733,0.119815,-0.978524],[0.370193,0.912291,0.175162]],[[0.913686,-0.391623,0.108666],[-0.305617,-0.838305,-0.45149],[0.267909,0.37931,-0.885635]],[[0.913686,-0.391623,0.108666],[-0.399596,-0.914429,0.0643662],[0.0741604,-0.102233,-0.991992]]],"btipPosition":[-5.88211,231.779,26.1443],"carpPosition":[10.5425,280.365,52.8986],"dipPosition":[-4.49649,229.868,7.60989],"direction":[-0.267909,-0.37931,0.885635],"extended":false,"handId":506,"id":5063,"length":64.4285,"mcpPosition":[19.4652,281.137,-9.09781],"pipPosition":[2.92513,240.376,-16.924],"stabilizedTipPosition":[-4.22403,224.483,11.1932],"timeVisible":111.645,"tipPosition":[-5.56277,231.202,21.496],"tipVelocity":[10.1322,1.0751,49.7268],"tool":false,"touchDistance":0.333333,"touchZone":"none","type":3,"width":18.077},{"bases":[[[0.812245,-0.53727,0.227156],[0.509247,0.843043,0.173047],[-0.284475,-0.0248783,0.958361]],[[0.829983,-0.53426,0.160292],[0.284969,0.159108,-0.945239],[0.4795,0.830211,0.284304]],[[0.829983,-0.53426,0.160292],[-0.376279,-0.748417,-0.546155],[0.411755,0.392985,-0.822205]],[[0.829983,-0.53426,0.160292],[-0.534181,-0.844047,-0.0472829],[0.160556,-0.0463811,-0.985936]]],"btipPosition":[9.54877,235.792,21.4528],"carpPosition":[20.8291,270.591,54.0006],"dipPosition":[12.3162,234.992,4.45839],"direction":[-0.411755,-0.392985,0.822205],"extended":false,"handId":506,"id":5064,"length":50.5107,"mcpPosition":[37.3244,272.034,-1.57017],"pipPosition":[20.3697,242.678,-11.623],"stabilizedTipPosition":[11.4232,228.62,8.20222],"timeVisible":111.645,"tipPosition":[10.2198,235.609,17.5222],"tipVelocity":[6.79869,-1.65746,34.3192],"tool":false,"touchDistance":0.333333,"touchZone":"none","type":4,"width":16.0574}],"r":[[0.770193,-0.119594,0.626498],[0.636265,0.0757178,-0.767746],[0.0443805,0.989931,0.134411]],"s":1.35144,"t":[13.6587,15.4352,1.57743],"timestamp":97926118038},false],[6,{"currentFrameRate":105.866,"devices":[],"gestures":[{"center":[-17.207,310.581,-110.052],"duration":103641,"handIds":[506],"id":17,"normal":[-0.919239,0.110368,-0.377913],"pointableIds":[5061],"progress":0.85765,"radius":15.9247,"state":"update","type":"circle"}],"hands":[{"armBasis":[[0.958237,0.0231609,-0.285035],[0.137303,0.837057,0.529606],[0.250856,-0.546625,0.798919]],"armWidth":63.72,"confidence":0.676603,"direction":[0.0506257,0.179306,-0.98249],"elbow":[72.3129,122.437,278.192],"grabStrength":0,"id":506,"palmNormal":[-0.167113,-0.968361,-0.185339],"palmPosition":[-0.912113,276.848,8.48336],"palmVelocity":[-9.05472,-7.99457,31.2995],"palmWidth":90.99,"pinchStrength":0.533257,"r":[[0.769349,-0.116603,0.628097],[0.637523,0.0773247,-0.766541],[0.0408134,0.990164,0.133827]],"s":1.35218,"sphereCenter":[-42.2219,267.261,-19.5648],"sphereRadius":60.7602,"stabilizedPalmPosition":[-0.313021,274.042,2.95248],"t":[13.5308,15.3339,1.91528],"timeVisible":111.654,"type":"right","wrist":[4.58167,270.026,62.4838]}],"id":1810129,"interactionBox":{"center":[0,200,0],"size":[235.247,235.247,147.751]},"pointables":[{"bases":[[[0.555565,0.831273,-0.0182743],[-0.737452,0.502776,0.450978],[0.384073,-0.237071,0.892348]],[[0.499552,0.855417,-0.136785],[-0.860913,0.472673,-0.188173],[-0.0963119,0.211762,0.972564]],[[0.499552,0.855417,-0.136785],[-0.772211,0.368158,-0.517832],[-0.392604,0.364311,0.844476]],[[0.499552,0.855417,-0.136785],[-0.555159,0.19491,-0.808585],[-0.665016,0.479867,0.572259]]],"btipPosition":[8.29099,229.679,-27.4331],"carpPosition":[-25.4665,263.902,63.3008],"dipPosition":[-7.27278,240.91,-14.0402],"direction":[0.392604,-0.364311,-0.844476],"extended":false,"handId":506,"id":5060,"length":52.1164,"mcpPosition":[-25.4665,263.902,63.3008],"pipPosition":[-20.6588,253.331,14.7527],"stabilizedTipPosition":[3.17731,232.118,-27.0612],"timeVisible":111.654,"tipPosition":[4.05541,232.351,-24.4815],"tipVelocity":[17.2325,-8.42788,35.939],"tool":false,"touchDistance":0.173681,"touchZone":"hovering","type":0,"width":20.25},{"bases":[[[0.979159,-0.141,-0.146173],[0.148143,0.988191,0.0391394],[0.138928,-0.0599783,0.988484]],[[0.988161,-0.146311,-0.0461564],[0.149797,0.855156,0.496255],[-0.0331366,-0.497294,0.866949]],[[0.988161,-0.146311,-0.0461564],[0.153363,0.933916,0.322925],[-0.00414128,-0.326181,0.945298]],[[0.988161,-0.146311,-0.0461564],[0.151708,0.976676,0.151953],[0.0228475,-0.157156,0.987309]]],"btipPosition":[-22.8032,319.702,-93.1202],"carpPosition":[-13.7157,283.355,56.5654],"dipPosition":[-22.4129,317.017,-76.2514],"direction":[0.00414128,0.326181,-0.945298],"extended":true,"handId":506,"id":5061,"length":58.8075,"mcpPosition":[-23.9366,287.768,-16.157],"pipPosition":[-22.513,309.133,-53.4032],"stabilizedTipPosition":[-23.1264,320.055,-91.3744],"timeVisible":111.654,"tipPosition":[-22.4886,319.174,-89.2182],"tipVelocity":[-1.87658,-27.2905,21.7781],"tool":false,"touchDistance":0.279051,"touchZone":"hovering","type":1,"width":19.3428},{"bases":[[[0.949229,-0.31419,-0.0157974],[0.314563,0.94857,0.0355561],[0.00381361,-0.0387202,0.999243]],[[0.949232,-0.314223,-0.0149267],[0.0406832,0.169674,-0.98466],[0.311936,0.934063,0.173843]],[[0.949232,-0.314223,-0.0149267],[-0.286722,-0.844681,-0.452001],[0.129421,0.433334,-0.891892]],[[0.949232,-0.314223,-0.0149267],[-0.312237,-0.946886,0.0769065],[-0.0382996,-0.0683414,-0.996927]]],"btipPosition":[-19.8804,229.996,20.2712],"carpPosition":[-1.6184,283.355,54.2692],"dipPosition":[-20.6002,228.712,1.53696],"direction":[-0.129421,-0.433334,0.891892],"extended":false,"handId":506,"id":5062,"length":67.0064,"mcpPosition":[-1.88447,286.057,-15.4459],"pipPosition":[-16.9199,241.034,-23.8253],"stabilizedTipPosition":[-18.7908,223.059,4.58132],"timeVisible":111.654,"tipPosition":[-20.0699,229.581,15.5653],"tipVelocity":[11.881,-5.32974,55.8834],"tool":false,"touchDistance":0.333333,"touchZone":"none","type":2,"width":18.9972},{"bases":[[[0.913012,-0.38707,0.128786],[0.381539,0.921981,0.0661722],[-0.144352,-0.0112789,0.989462]],[[0.915453,-0.386806,0.111027],[0.168327,0.117456,-0.978708],[0.36553,0.91465,0.172635]],[[0.915453,-0.386806,0.111027],[-0.300979,-0.841243,-0.449135],[0.267129,0.377746,-0.886539]],[[0.915453,-0.386806,0.111027],[-0.395168,-0.916213,0.0662973],[0.0760799,-0.104566,-0.991604]]],"btipPosition":[-5.84516,231.73,26.6812],"carpPosition":[10.2658,280.4,