{"sensorType":"Leap","data":[[0,{"currentFrameRate":101.783,"devices":[],"gestures":[],"hands":[{"armBasis":[[0.971321,-0.00136638,-0.237769],[0.129817,0.840838,0.52549],[0.199207,-0.541285,0.816901]],"armWidth":63.72,"confidence":0.580503,"direction":[0.0411852,0.372067,-0.927292],"elbow":[66.3095,106.739,279.623],"grabStrength":0,"id":506,"palmNormal":[-0.138779,-0.916953,-0.374083],"palmPosition":[6.60569,270.114,7.47558],"palmVelocity":[10.7755,73.6198,29.4806],"palmWidth":90.99,"pinchStrength":0.40926,"r":[[0.772285,-0.193145,0.605203],[0.63501,0.262298,-0.72661],[-0.0184028,0.94546,0.325218]],"s":1.34855,"sphereCenter":[-33.538,265.406,-21.741],"sphereRadius":59.7369,"stabilizedPalmPosition":[6.26773,267.38,6.18955],"t":[20.8131,7.88829,1.06975],"timeVisible":108.343,"type":"right","wrist":[12.5237,252.886,59.0596]}],"id":1809783,"interactionBox":{"center":[0,200,0],"size":[235.247,235.247,147.751]},"pointables":[{"bases":[[[0.530323,0.834766,0.148064],[-0.750326,0.380836,0.540347],[0.394675,-0.397654,0.828313]],[[0.469469,0.882441,0.0299606],[-0.878198,0.470189,-0.0876946],[-0.0914724,0.0148585,0.995697]],[[0.469469,0.882441,0.0299606],[-0.843477,0.458255,-0.280265],[-0.261047,0.106305,0.959455]],[[0.469469,0.882441,0.0299606],[-0.641799,0.364355,-0.674788],[-0.606377,0.297563,0.737403]]],"btipPosition":[10.3342,234.487,-41.0858],"carpPosition":[-17.3239,245.817,58.5881],"dipPosition":[-3.85723,241.451,-23.8279],"direction":[0.261047,-0.106305,-0.959455],"extended":false,"handId":506,"id":5060,"length":52.1164,"mcpPosition":[-17.3239,245.817,58.5881],"pipPosition":[-12.7578,245.076,8.88532],"stabilizedTipPosition":[7.08736,235.578,-37.2185],"timeVisible":108.343,"tipPosition":[6.69167,236.157,-37.2155],"tipVelocity":[-7.77022,77.8335,25.8828],"tool":false,"touchDistance":-0.0188575,"touchZone":"touching","type":0,"width":20.25},{"bases":[[[0.982335,-0.0795789,-0.169367],[0.118622,0.964806,0.234687],[0.14473,-0.250632,0.957202]],[[0.992798,-0.11924,-0.0116076],[0.0989686,0.761681,0.64035],[-0.067514,-0.636886,0.767996]],[[0.992798,-0.11924,-0.0116076],[0.10911,0.859911,0.498646],[-0.049477,-0.496321,0.866728]],[[0.992798,-0.11924,-0.0116076],[0.115568,0.927657,0.3551],[-0.0315742,-0.353884,0.934756]]],"btipPosition":[-12.201,330.41,-84.4676],"carpPosition":[-6.18917,266.566,55.8684],"dipPosition":[-12.7405,324.363,-68.4967],"direction":[0.049477,0.496321,-0.866728],"extended":true,"handId":506,"id":5061,"length":58.8075,"mcpPosition":[-16.8369,285.005,-14.5526],"pipPosition":[-13.9364,312.367,-47.5476],"stabilizedTipPosition":[-12.8083,323.805,-83.6161],"timeVisible":108.343,"tipPosition":[-11.869,329.085,-80.7084],"tipVelocity":[14.5439,88.1144,36.7716],"tool":false,"touchDistance":0.440825,"touchZone":"hovering","type":1,"width":19.3428},{"bases":[[[0.958145,-0.276011,-0.0759989],[0.286138,0.931726,0.223633],[0.00908495,-0.23602,0.971706]],[[0.958166,-0.276626,-0.0734612],[0.0271748,0.343432,-0.938784],[0.284921,0.897515,0.336582]],[[0.958166,-0.276626,-0.0734612],[-0.266357,-0.767882,-0.58259],[0.10475,0.577785,-0.80944]],[[0.958166,-0.276626,-0.0734612],[-0.28206,-0.956197,-0.0782881],[-0.0485869,0.0957334,-0.994221]]],"btipPosition":[-10.5397,222.363,11.3246],"carpPosition":[5.89316,267.387,53.641],"dipPosition":[-11.4527,224.162,-7.35883],"direction":[-0.10475,-0.577785,0.80944],"extended":false,"handId":506,"id":5062,"length":67.0064,"mcpPosition":[5.25932,283.853,-14.153],"pipPosition":[-8.474,240.593,-30.3764],"stabilizedTipPosition":[-10.2009,216.751,4.31784],"timeVisible":108.343,"tipPosition":[-10.6693,222.949,7.13209],"tipVelocity":[-8.04229,77.3508,21.811],"tool":false,"touchDistance":0.333333,"touchZone":"none","type":2,"width":18.9972},{"bases":[[[0.924724,-0.377181,0.0511832],[0.354006,0.901626,0.248494],[-0.139875,-0.211669,0.96728]],[[0.927159,-0.373192,0.033239],[0.161239,0.317348,-0.934501],[0.3382,0.87179,0.354405]],[[0.927159,-0.373192,0.033239],[-0.279663,-0.748365,-0.601447],[0.24933,0.548341,-0.798221]],[[0.927159,-0.373192,0.033239],[-0.368158,-0.923921,-0.104061],[0.0695451,0.0842441,-0.994015]]],"btipPosition":[3.3013,222.588,16.3754],"carpPosition":[17.8565,265.045,52.1161],"dipPosition":[4.60068,224.162,-2.19673],"direction":[-0.24933,-0.548341,0.798221],"extended":false,"handId":506,"id":5063,"length":64.4285,"mcpPosition":[26.6183,278.304,-8.47437],"pipPosition":[11.5076,239.353,-24.309],"stabilizedTipPosition":[4.04097,216.78,8.84117],"timeVisible":108.343,"tipPosition":[3.59169,223.134,12.1159],"tipVelocity":[-6.02207,76.7647,39.9477],"tool":false,"touchDistance":0.333333,"touchZone":"none","type":3,"width":18.077},{"bases":[[[0.831031,-0.5429,0.121025],[0.479767,0.809719,0.337904],[-0.281444,-0.222745,0.933367]],[[0.839317,-0.535771,0.0921777],[0.306442,0.326207,-0.894249],[0.449044,0.778806,0.437974]],[[0.839317,-0.535771,0.0921777],[-0.344177,-0.654921,-0.672771],[0.42082,0.532942,-0.734087]],[[0.839317,-0.535771,0.0921777],[-0.511458,-0.835668,-0.200174],[0.184277,0.120864,-0.975415]]],"btipPosition":[17.5159,228.479,12.8876],"carpPosition":[28.4813,255.609,51.3246],"dipPosition":[20.6923,230.563,-3.92539],"direction":[-0.42082,-0.532942,0.734087],"extended":false,"handId":506,"id":5064,"length":50.5107,"mcpPosition":[44.8009,268.524,-2.79683],"pipPosition":[28.923,240.987,-18.2832],"stabilizedTipPosition":[18.7243,222.023,5.38482],"timeVisible":108.343,"tipPosition":[18.3963,229.059,9.05743],"tipVelocity":[-4.23768,68.8555,23.0018],"tool":false,"touchDistance":0.333333,"touchZone":"none","type":4,"width":16.0574}],"r":[[0.772285,-0.193145,0.605203],[0.63501,0.262298,-0.72661],[-0.0184028,0.94546,0.325218]],"s":1.34855,"t":[20.8131,7.88829,1.06975],"timestamp":97922816443},false],[1,{"currentFrameRate":102.042,"devices":[],"gestures":[],"hands":[{"armBasis":[[0.971438,-0.00404581,-0.237257],[0.131918,0.840316,0.5258],[0.197244,-0.542081,0.816849]],"armWidth":63.72,"confidence":0.590964,"direction":[0.0418067,0.372562,-0.927065],"elbow":[65.8207,106.939,279.673],"grabStrength":0,"id":506,"palmNormal":[-0.141002,-0.91639,-0.374631],"palmPosition":[6.67339,270.576,7.55253],"palmVelocity":[9.78723,66.8506,23.4907],"palmWidth":90.99,"pinchStrength":0.409475,"r":[[0.772466,-0.196326,0.603948],[0.63488,0.261168,-0.727131],[-0.0149774,0.945118,0.326386]],"s":1.34869,"sphereCenter":[-33.5811,266.002,-21.6632],"sphereRadius":59.7917,"stabilizedPalmPosition":[6.36381,268.137,6.51238],"t":[20.9008,8.42475,1.19603],"timeVisible":108.352,"type":"right","wrist":[12.5648,253.301,59.124]}],"id":1809784,"interactionBox":{"center":[0,200,0],"size":[235.247,235.247,147.751]},"pointables":[{"bases":[[[0.532296,0.83344,0.148457],[-0.7493,0.38223,0.540786],[0.393967,-0.399097,0.827956]],[[0.471523,0.88133,0.030402],[-0.877128,0.472281,-0.087164],[-0.0911785,0.0144334,0.99573]],[[0.471523,0.88133,0.030402],[-0.842488,0.460392,-0.279739],[-0.260539,0.10629,0.959595]],[[0.471523,0.88133,0.030402],[-0.64112,0.366271,-0.674397],[-0.605501,0.298502,0.737743]]],"btipPosition":[10.3064,234.972,-41.0324],"carpPosition":[-17.2991,246.302,58.6558],"dipPosition":[-3.8645,241.958,-23.7666],"direction":[0.260539,-0.10629,-0.959595],"extended":false,"handId":506,"id":5060,"length":52.1164,"mcpPosition":[-17.2991,246.302,58.6558],"pipPosition":[-12.7477,245.582,8.95138],"stabilizedTipPosition":[7.06339,236.174,-37.1249],"timeVisible":108.352,"tipPosition":[6.66988,236.647,-37.16],"tipVelocity":[-6.27526,70.7171,20.2479],"tool":false,"touchDistance":-0.017938,"touchZone":"touching","type":0,"width":20.25},{"bases":[[[0.982104,-0.0817484,-0.169675],[0.12092,0.964378,0.235271],[0.144398,-0.251578,0.957005]],[[0.992524,-0.121418,-0.0124263],[0.101127,0.761084,0.640721],[-0.0683374,-0.637188,0.767673]],[[0.992524,-0.121418,-0.0124263],[0.111367,0.859275,0.499243],[-0.0499393,-0.496895,0.866373]],[[0.992524,-0.121418,-0.0124263],[0.117864,0.927052,0.355924],[-0.0316956,-0.354728,0.934432]]],"btipPosition":[-12.0558,330.981,-84.347],"carpPosition":[-6.11708,267.027,55.9464],"dipPosition":[-12.5974,324.92,-68.3817],"direction":[0.0499393,0.496895,-0.866373],"extended":true,"handId":506,"id":5061,"length":58.8075,"mcpPosition":[-16.7404,285.535,-14.4601],"pipPosition":[-13.8044,312.91,-47.4411],"stabilizedTipPosition":[-12.6984,324.818,-83.1011],"timeVisible":108.352,"tipPosition":[-11.7226,329.648,-80.5914],"tipVelocity":[14.8288,80.478,30.0082],"tool":false,"touchDistance":0.431865,"touchZone":"hovering","type":1,"width":19.3428},{"bases":[[[0.957483,-0.278183,-0.0764254],[0.288356,0.930917,0.224152],[0.00879036,-0.23666,0.971553]],[[0.957503,-0.27881,-0.0738465],[0.0279181,0.344424,-0.938399],[0.28707,0.896458,0.337571]],[[0.957503,-0.27881,-0.0738465],[-0.268195,-0.766474,-0.5836],[0.106112,0.578604,-0.808676]],[[0.957503,-0.27881,-0.0738465],[-0.284334,-0.955427,-0.0794596],[-0.0484007,0.0970799,-0.994099]]],"btipPosition":[-10.5915,222.845,11.3389],"carpPosition":[5.96654,267.821,53.7164],"dipPosition":[-11.5011,224.669,-7.34217],"direction":[-0.106112,-0.578604,0.808676],"extended":false,"handId":506,"id":5062,"length":67.0064,"mcpPosition":[5.35325,284.332,-14.0669],"pipPosition":[-8.48363,241.122,-30.338],"stabilizedTipPosition":[-10.283,217.643,4.69077],"timeVisible":108.352,"tipPosition":[-10.7188,223.436,7.15809],"tipVelocity":[-7.32098,70.2877,16.1039],"tool":false,"touchDistance":0.333333,"touchZone":"none","type":2,"width":18.9972},{"bases":[[[0.92386,-0.379357,0.0507009],[0.356161,0.900645,0.248976],[-0.140114,-0.211961,0.967182]],[[0.926233,-0.37548,0.0332814],[0.162733,0.31866,-0.933795],[0.340016,0.870328,0.356257]],[[0.926233,-0.37548,0.0332814],[-0.280924,-0.746451,-0.603236],[0.251346,0.549387,-0.796868]],[[0.926233,-0.37548,0.0332814],[-0.370304,-0.922853,-0.105908],[0.0704801,0.0857709,-0.993819]]],"btipPosition":[3.22933,223.022,16.3285],"carpPosition":[17.924,265.452,52.1868],"dipPosition":[4.54618,224.624,-2.23999],"direction":[-0.251346,-0.549387,0.796868],"extended":false,"handId":506,"id":5063,"length":64.4285,"mcpPosition":[26.7007,278.73,-8.39743],"pipPosition":[11.509,239.844,-24.3148],"stabilizedTipPosition":[3.98214,217.545,9.21313],"timeVisible":108.352,"tipPosition":[3.53564,223.577,12.1051],"tipVelocity":[-6.38399,68.4438,27.2675],"tool":false,"touchDistance":0.333333,"touchZone":"none","type":3,"width":18.077},{"bases":[[[0.829801,-0.544903,0.120461],[0.481731,0.808388,0.338294],[-0.281717,-0.222687,0.933298]],[[0.838094,-0.537777,0.0916244],[0.307065,0.326222,-0.89403],[0.450899,0.777416,0.438537]],[[0.838094,-0.537777,0.0916244],[-0.345785,-0.65359,-0.673241],[0.421938,0.532557,-0.733725]],[[0.838094,-0.537777,0.0916244],[-0.513425,-0.834337,-0.200692],[0.184373,0.121156,-0.97536]]],"btipPosition":[17.4881,228.911,12.9257],"carpPosition":[28.5267,255.992,51.3866],"dipPosition":[20.6661,230.999,-3.88642],"direction":[-0.421938,-0.532557,0.733725],"extended":false,"handId":506,"id":5064,"length":50.5107,"mcpPosition":[44.8621,268.904,-2.73088],"pipPosition":[28.9187,241.416,-18.2372],"stabilizedTipPosition":[18.6677,222.848,5.7964],"timeVisible":108.352,"tipPosition":[18.367,229.49,9.0989],"tipVelocity":[-3.87481,62.5452,17.6669],"tool":false,"touchDistance":0.333333,"touchZone":"none","type":4,"width":16.0574}],"r":[[0.772466,-0.196326,0.603948],[0.63488,0.261168,-0.727131],[-0.0149774,0.945118,0.326386]],"s":1.34869,"t":[20.9008,8.42475,1.19603],"timestamp":97922825747},false],[2,{"currentFrameRate":102.216,"devices":[],"gestures":[],"hands":[{"armBasis":[[0.970522,-0.00435608,-0.240973],[0.134447,0.839598,0.526307],[0.200028,-0.543191,0.815434]],"armWidth":63.72,"confidence":0.59865,"direction":[0.0419362,0.371431,-0.927513],"elbow":[66.5966,107.056,279.434],"grabStrength":0,"id":506,"palmNormal":[-0.143712,-0.916433,-0.373492],"palmPosition":[6.69599,270.951,7.68142],"palmVelocity":[7.67137,59.0738,20.6724],"palmWidth":90.99,"pinchStrength":0.411472,"r":[[0.772608,-0.199136,0.602845],[0.634776,0.259775,-0.72772],[-0.0116886,0.944913,0.327111]],"s":1.3488,"sphereCenter":[-33.6839,266.474,-21.4916],"sphereRadius":59.8489,"stabilizedPalmPosition":[6.44531,268.828,6.79919],"t":[20.9559,8.8804,1.32361],"timeVisible":108.362,"type":"right","wrist":[12.5891,253.717,59.2667]}],"id":1809785,"interactionBox":{"center":[0,200,0],"size":[235.247,235.247,147.751]},"pointables":[{"bases":[[[0.534586,0.832221,0.147059],[-0.747821,0.384765,0.541036],[0.393678,-0.399204,0.828042]],[[0.473833,0.880137,0.0290103],[-0.875978,0.474458,-0.0869014],[-0.0902493,0.0157643,0.995794]],[[0.473833,0.880137,0.0290103],[-0.841542,0.462267,-0.279493],[-0.259402,0.108019,0.959709]],[[0.473833,0.880137,0.0290103],[-0.640751,0.36718,-0.674253],[-0.604087,0.300895,0.73793]]],"btipPosition":[10.194,235.284,-40.8668],"carpPosition":[-17.2933,246.795,58.833],"dipPosition":[-3.94377,242.326,-23.5966],"direction":[0.259402,-0.108019,-0.959709],"extended":false,"handId":506,"id":5060,"length":52.1164,"mcpPosition":[-17.2933,246.795,58.833],"pipPosition":[-12.7883,246.009,9.1253],"stabilizedTipPosition":[6.98822,236.627,-36.9819],"timeVisible":108.362,"tipPosition":[6.56657,236.973,-36.9928],"tipVelocity":[-7.65196,60.3183,19.5005],"tool":false,"touchDistance":-0.0151607,"touchZone":"touching","type":0,"width":20.25},{"bases":[[[0.981735,-0.0844789,-0.170466],[0.123629,0.964321,0.234098],[0.144608,-0.250897,0.957152]],[[0.992201,-0.123903,-0.0135917],[0.103864,0.76155,0.63973],[-0.0689139,-0.636152,0.76848]],[[0.992201,-0.123903,-0.0135917],[0.114151,0.859438,0.498334],[-0.050064,-0.495999,0.866879]],[[0.992201,-0.123903,-0.0135917],[0.120626,0.926994,0.35515],[-0.0314049,-0.35402,0.93471]]],"btipPosition":[-11.9914,331.314,-84.2653],"carpPosition":[-6.06004,267.488,56.0906],"dipPosition":[-12.528,325.265,-68.2952],"direction":[0.050064,0.495999,-0.866879],"extended":true,"handId":506,"id":5061,"length":58.8075,"mcpPosition":[-16.6988,285.946,-14.3266],"pipPosition":[-13.7381,313.277,-47.3424],"stabilizedTipPosition":[-12.5925,325.744,-82.646],"timeVisible":108.362,"tipPosition":[-11.6568,329.977,-80.5119],"tipVelocity":[12.5711,67.6182,23.9318],"tool":false,"touchDistance":0.423255,"touchZone":"hovering","type":1,"width":19.3428},{"bases":[[[0.95669,-0.280746,-0.076978],[0.290968,0.930413,0.222866],[0.00905263,-0.235612,0.971805]],[[0.956711,-0.28138,-0.0743603],[0.0281409,0.343737,-0.938644],[0.289676,0.895919,0.336775]],[[0.956711,-0.28138,-0.0743603],[-0.270618,-0.766037,-0.583054],[0.107097,0.577938,-0.809023]],[[0.956711,-0.28138,-0.0743603],[-0.286913,-0.954716,-0.0787325],[-0.0488392,0.0966592,-0.994119]]],"btipPosition":[-10.6982,223.252,11.5025],"carpPosition":[6.02358,268.248,53.8489],"dipPosition":[-11.616,225.068,-7.17901],"direction":[-0.107097,-0.577938,0.809023],"extended":false,"handId":506,"id":5062,"length":67.0064,"mcpPosition":[5.392,284.686,-13.952],"pipPosition":[-8.5705,241.503,-30.1847],"stabilizedTipPosition":[-10.3708,218.487,5.04318],"timeVisible":108.362,"tipPosition":[-10.8258,223.843,7.33092],"tipVelocity":[-8.5126,62.4532,16.4452],"tool":false,"touchDistance":0.333333,"touchZone":"none","type":2,"width":18.9972},{"bases":[[[0.92292,-0.381693,0.0502901],[0.358716,0.899993,0.247662],[-0.139791,-0.210532,0.96754]],[[0.925233,-0.377936,0.0332874],[0.162535,0.315563,-0.934881],[0.342821,0.870393,0.353397]],[[0.925233,-0.377936,0.0332874],[-0.283609,-0.747242,-0.600995],[0.252011,0.54662,-0.798559]],[[0.925233,-0.377936,0.0332874],[-0.372901,-0.922048,-0.103786],[0.069917,0.0836132,-0.994042]]],"btipPosition":[3.12536,223.441,16.6092],"carpPosition":[17.9735,265.847,52.3112],"dipPosition":[4.43169,225.004,-1.96346],"direction":[-0.252011,-0.54662,0.798559],"extended":false,"handId":506,"id":5063,"length":64.4285,"mcpPosition":[26.73,279.035,-8.29551],"pipPosition":[11.4129,240.146,-24.0851],"stabilizedTipPosition":[3.91862,218.259,9.56982],"timeVisible":108.362,"tipPosition":[3.43371,223.971,12.3459],"tipVelocity":[-7.77898,61.28,27.9365],"tool":false,"touchDistance":0.333333,"touchZone":"none","type":3,"width":18.077},{"bases":[[[0.828496,-0.546917,0.120317],[0.484128,0.80751,0.336969],[-0.281452,-0.220929,0.933796]],[[0.836797,-0.539829,0.0914064],[0.307897,0.325923,-0.893853],[0.452737,0.776117,0.438943]],[[0.836797,-0.539829,0.0914064],[-0.347297,-0.652408,-0.673609],[0.423268,0.531929,-0.733414]],[[0.836797,-0.539829,0.0914064],[-0.515518,-0.833073,-0.200575],[0.184425,0.120719,-0.975405]]],"btipPosition":[17.405,229.241,13.0024],"carpPosition":[28.5509,256.358,51.5119],"dipPosition":[20.5839,231.322,-3.81042],"direction":[-0.423268,-0.531929,0.733414],"extended":false,"handId":506,"id":5064,"length":50.5107,"mcpPosition":[44.871,269.169,-2.63443],"pipPosition":[28.8625,241.726,-18.1551],"stabilizedTipPosition":[18.6062,223.642,6.18232],"timeVisible":108.362,"tipPosition":[18.2786,229.822,9.20692],"tipVelocity":[-5.27443,54.6004,14.9315],"tool":false,"touchDistance":0.333333,"touchZone":"none","type":4,"width":16.0574}],"r":[[0.772608,-0.199136,0.602845],[0.634776,0.259775,-0.72772],[-0.0116886,0.944913,0.327111]],"s":1.3488,"t":[20.9559,8.8804,1.32361],"timestamp":97922835196},false],[3,{"currentFrameRate":102.38,"devices":[],"gestures":[],"hands":[{"armBasis":[[0.969184,-0.010607,-0.246108],[0.142441,0.839243,0.524768],[0.200978,-0.543653,0.814892]],"armWidth":63.72,"confidence":0.607714,"direction":[0.0406614,0.370476,-0.927952],"elbow":[66.8992,107.146,279.733],"grabStrength":0,"id":506,"palmNormal":[-0.151576,-0.915684,-0.37222],"palmPosition":[6.64771,271.17,8.13946],"palmVelocity":[4.01336,48.7757,28.6217],"palmWidth":90.99,"pinchStrength":0.409047,"r":[[0.772933,-0.202364,0.601351],[0.634443,0.25768,-0.728754],[-0.00748213,0.944801,0.327558]],"s":1.34901,"sphereCenter":[-33.9617,266.984,-20.8584],"sphereRadius":59.9066,"stabilizedPalmPosition":[6.49237,269.372,7.11083],"t":[20.9593,9.21746,1.61642],"timeVisible":108.371,"type":"right","wrist":[12.6351,253.932,59.7126]}],"id":1809786,"interactionBox":{"center":[0,200,0],"size":[235.247,235.247,147.751]},"pointables":[{"bases":[[[0.54092,0.828615,0.144236],[-0.742903,0.390302,0.543837],[0.394336,-0.401325,0.826703]],[[0.480023,0.876858,0.0264245],[-0.873025,0.480445,-0.0836683],[-0.0860607,0.0170934,0.996143]],[[0.480023,0.876858,0.0264245],[-0.839449,0.467874,-0.276439],[-0.254761,0.110515,0.960668]],[[0.480023,0.876858,0.0264245],[-0.640892,0.371097,-0.671971],[-0.599029,0.305626,0.740106]]],"btipPosition":[9.70572,235.442,-40.3933],"carpPosition":[-17.2959,247.216,59.4075],"dipPosition":[-4.31372,242.595,-23.0722],"direction":[0.254761,-0.110515,-0.960668],"extended":false,"handId":506,"id":5060,"length":52.1164,"mcpPosition":[-17.2959,247.216,59.4075],"pipPosition":[-12.9999,246.363,9.68241],"stabilizedTipPosition":[6.68057,236.906,-36.6345],"timeVisible":108.371,"tipPosition":[6.10751,237.159,-36.506],"tipVelocity":[-19.4211,48.6273,28.6078],"tool":false,"touchDistance":-0.00707382,"touchZone":"touching","type":0,"width":20.25},{"bases":[[[0.980416,-0.0913753,-0.174459],[0.131247,0.96361,0.232874],[0.146831,-0.251211,0.956731]],[[0.991263,-0.130667,-0.0179852],[0.111937,0.761253,0.63872],[-0.0697686,-0.635153,0.769229]],[[0.991263,-0.130667,-0.0179852],[0.122237,0.858844,0.497439],[-0.0495526,-0.495291,0.867313]],[[0.991263,-0.130667,-0.0179852],[0.128523,0.92621,0.354424],[-0.0296535,-0.353639,0.934912]]],"btipPosition":[-12.0321,331.611,-83.7675],"carpPosition":[-5.93156,267.829,56.6035],"dipPosition":[-12.5387,325.569,-67.794],"direction":[0.0495526,0.495291,-0.867313],"extended":true,"handId":506,"id":5061,"length":58.8075,"mcpPosition":[-16.7339,286.31,-13.7828],"pipPosition":[-13.7364,313.598,-46.8307],"stabilizedTipPosition":[-12.5156,326.52,-82.2037],"timeVisible":108.371,"tipPosition":[-11.6908,330.266,-80.0193],"tipVelocity":[7.94982,57.3114,32.1735],"tool":false,"touchDistance":0.421741,"touchZone":"hovering","type":1,"width":19.3428},{"bases":[[[0.954403,-0.287399,-0.0807229],[0.298301,0.92854,0.220976],[0.0114463,-0.23498,0.971933]],[[0.954431,-0.288039,-0.0780704],[0.026792,0.343247,-0.938863],[0.297227,0.893988,0.335323]],[[0.954431,-0.288039,-0.0780704],[-0.278229,-0.764219,-0.581857],[0.107935,0.577064,-0.809535]],[[0.954431,-0.288039,-0.0780704],[-0.29385,-0.952715,-0.0773697],[-0.0520934,0.096785,-0.993941]]],"btipPosition":[-11.0677,223.579,12.0372],"carpPosition":[6.14764,268.504,54.3113],"dipPosition":[-12.0467,225.398,-6.64095],"direction":[-0.107935,-0.577064,0.809536],"extended":false,"handId":506,"id":5062,"length":67.0064,"mcpPosition":[5.34906,284.898,-13.4985],"pipPosition":[-8.97738,241.808,-29.6612],"stabilizedTipPosition":[-10.4937,219.222,5.40269],"timeVisible":108.371,"tipPosition":[-11.207,224.171,7.87431],"tipVelocity":[-17.6896,54.5007,27.9497],"tool":false,"touchDistance":0.333333,"touchZone":"none","type":2,"width":18.9972},{"bases":[[[0.920464,-0.38802,0.046758],[0.365939,0.89767,0.245514],[-0.137238,-0.208877,0.968265]],[[0.922682,-0.384381,0.0301469],[0.160724,0.312376,-0.936263],[0.350464,0.868719,0.350003]],[[0.922682,-0.384381,0.0301469],[-0.291419,-0.746453,-0.598233],[0.252452,0.543194,-0.800755]],[[0.922682,-0.384381,0.0301469],[-0.379787,-0.919564,-0.100817],[0.0664742,0.0815727,-0.994448]]],"btipPosition":[2.77672,223.718,17.1987],"carpPosition":[18.0742,266.02,52.726],"dipPosition":[4.01873,225.242,-1.38152],"direction":[-0.252452,-0.543194,0.800755],"extended":false,"handId":506,"id":5063,"length":64.4285,"mcpPosition":[26.6708,279.104,-7.92605],"pipPosition":[11.0122,240.29,-23.564],"stabilizedTipPosition":[3.82986,218.861,9.91769],"timeVisible":108.371,"tipPosition":[3.07455,224.224,12.9019],"tipVelocity":[-16.5551,51.8415,37.7338],"tool":false,"touchDistance":0.333333,"touchZone":"none","type":3,"width":18.077},{"bases":[[[0.825193,-0.552538,0.117297],[0.491078,0.804387,0.334371],[-0.279105,-0.218319,0.935114]],[[0.833324,-0.54562,0.0887125],[0.305624,0.321032,-0.8964],[0.460614,0.774104,0.434279]],[[0.833324,-0.54562,0.0887125],[-0.3555,-0.651864,-0.669846],[0.42331,0.526661,-0.737182]],[[0.833324,-0.54562,0.0887125],[-0.522426,-0.829802,-0.196213],[0.180672,0.117163,-0.97654]]],"btipPosition":[17.0859,229.425,13.5624],"carpPosition":[28.5825,256.457,51.89],"dipPosition":[20.2001,231.444,-3.27005],"direction":[-0.42331,-0.526661,0.737182],"extended":false,"handId":506,"id":5064,"length":50.5107,"mcpPosition":[44.7665,269.117,-2.3327],"pipPosition":[28.4795,241.745,-17.6884],"stabilizedTipPosition":[18.5199,224.313,6.55906],"timeVisible":108.371,"tipPosition":[17.942,229.976,9.71472],"tipVelocity":[-13.8776,44.0877,27.473],"tool":false,"touchDistance":0.333333,"touchZone":"none","type":4,"width":16.0574}],"r":[[0.772933,-0.202364,0.601351],[0.634443,0.25768,-0.728754],[-0.00748213,0.944801,0.327558]],"s":1.34901,"t":[20.9593,9.21746,1.61642],"timestamp":97922844652},false],[4,{"currentFrameRate":102.573,"devices":[],"gestures":[],"hands":[{"armBasis":[[0.967997,-0.0145725,-0.250539],[0.148156,0.838967,0.523625],[0.202563,-0.543987,0.814277]],"armWidth":63.72,"confidence":0.616327,"direction":[0.040376,0.368354,-0.928808],"elbow":[67.3504,107.254,279.948],"grabStrength":0,"id":506,"palmNormal":[-0.157401,-0.915615,-0.369964],"palmPosition":[6.63725,271.294,8.49968],"palmVelocity":[2.55511,38.6717,31.4012],"palmWidth":90.99,"pinchStrength":0.409788,"r":[[0.773256,-0.205531,0.59986],[0.634087,0.255025,-0.729997],[-0.00294189,0.944838,0.327524]],"s":1.34919,"sphereCenter":[-34.136,267.284,-20.3914],"sphereRadius":59.9552,"stabilizedPalmPosition":[6.52209,269.766,7.39572],"t":[20.9558,9.44813,1.94294],"timeVisible":108.381,"type":"right","wrist":[12.6584,254.13,60.0934]}],"id":1809787,"interactionBox":{"center":[0,200,0],"size":[235.247,235.247,147.751]},"pointables":[{"bases":[[[0.545711,0.82599,0.141211],[-0.739463,0.395399,0.544843],[0.3942,-0.401747,0.826562]],[[0.484904,0.874248,0.0236612],[-0.87054,0.485087,-0.0827682],[-0.0838377,0.0195366,0.996288]],[[0.484904,0.874248,0.0236612],[-0.837375,0.471918,-0.275856],[-0.252332,0.11395,0.960908]],[[0.484904,0.874248,0.0236612],[-0.639682,0.372991,-0.672074],[-0.596385,0.310756,0.740105]]],"btipPosition":[9.43704,235.441,-39.941],"carpPosition":[-17.3089,247.574,59.8751],"dipPosition":[-4.52051,242.714,-22.6199],"direction":[0.252332,-0.11395,-0.960908],"extended":false,"handId":506,"id":5060,"length":52.1164,"mcpPosition":[-17.3089,247.574,59.8751],"pipPosition":[-13.1239,246.599,10.1428],"stabilizedTipPosition":[6.43193,237.02,-36.2634],"timeVisible":108.381,"tipPosition":[5.84665,237.189,-36.0579],"tipVelocity":[-21.6107,35.6045,34.1809],"tool":false,"touchDistance":0.0504637,"touchZone":"hovering","type":0,"width":20.25},{"bases":[[[0.979481,-0.0969979,-0.176661],[0.136988,0.963365,0.23057],[0.147824,-0.25004,0.956885]],[[0.990507,-0.135905,-0.0206501],[0.117839,0.762098,0.636648],[-0.0707863,-0.633038,0.770878]],[[0.990507,-0.135905,-0.0206501],[0.128213,0.859178,0.495353],[-0.0495788,-0.493298,0.868446]],[[0.990507,-0.135905,-0.0206501],[0.13442,0.926133,0.352433],[-0.0287726,-0.351863,0.935609]]],"btipPosition":[-11.9853,331.647,-83.4915],"carpPosition":[-5.84101,268.12,57.001],"dipPosition":[-12.4769,325.635,-67.5061],"direction":[0.0495788,0.493298,-0.868446],"extended":true,"handId":506,"id":5061,"length":58.8075,"mcpPosition":[-16.7163,286.515,-13.3966],"pipPosition":[-13.6752,313.712,-46.5154],"stabilizedTipPosition":[-12.4506,327.103,-81.8317],"timeVisible":108.381,"tipPosition":[-11.6376,330.305,-79.7413],"tipVelocity":[7.21324,42.2978,31.4738],"tool":false,"touchDistance":0.417082,"touchZone":"hovering","type":1,"width":19.3428},{"bases":[[[0.952646,-0.292687,-0.0824587],[0.303821,0.927374,0.218337],[0.0125658,-0.23305,0.972383]],[[0.952677,-0.293329,-0.0797735],[0.0264844,0.341522,-0.939501],[0.302827,0.892928,0.333129]],[[0.952677,-0.293329,-0.0797735],[-0.28368,-0.763589,-0.58005],[0.109232,0.575231,-0.810665]],[[0.952677,-0.293329,-0.0797735],[-0.299179,-0.951231,-0.0751726],[-0.0538327,0.0954817,-0.993974]]],"btipPosition":[-11.3316,223.794,12.5109],"carpPosition":[6.236,268.725,54.678],"dipPosition":[-12.3432,225.588,-6.16782],"direction":[-0.109232,-0.575231,0.810665],"extended":false,"handId":506,"id":5062,"length":67.0064,"mcpPosition":[5.35931,284.985,-13.1633],"pipPosition":[-9.23709,241.945,-29.2202],"stabilizedTipPosition":[-10.6211,219.815,5.73749],"timeVisible":108.381,"tipPosition":[-11.4765,224.38,8.35464],"tipVelocity":[-20.8863,45.3326,34.3573],"tool":false,"touchDistance":0.333333,"touchZone":"none","type":2,"width":18.9972},{"bases":[[[0.91848,-0.392863,0.0453113],[0.371352,0.896191,0.242774],[-0.135984,-0.206156,0.969024]],[[0.920626,-0.389361,0.0291007],[0.160108,0.308487,-0.937657],[0.35611,0.867891,0.346341]],[[0.920626,-0.389361,0.0291007],[-0.297007,-0.746739,-0.59512],[0.253447,0.53924,-0.80311]],[[0.920626,-0.389361,0.0291007],[-0.385067,-0.917745,-0.0973036],[0.0645932,0.0783745,-0.994829]]],"btipPosition":[2.52452,223.908,17.7299],"carpPosition":[18.1451,266.174,53.0688],"dipPosition":[3.73138,225.372,-0.857535],"direction":[-0.253447,-0.53924,0.80311],"extended":false,"handId":506,"id":5063,"length":64.4285,"mcpPosition":[26.6632,279.087,-7.63091],"pipPosition":[10.7524,240.31,-23.1053],"stabilizedTipPosition":[3.73903,219.337,10.2303],"timeVisible":108.381,"tipPosition":[2.81784,224.386,13.4073],"tipVelocity":[-19.737,42.442,43.0523],"tool":false,"touchDistance":0.333333,"touchZone":"none","type":3,"width":18.077},{"bases":[[[0.8225,-0.556723,0.116421],[0.496206,0.802419,0.331517],[-0.277981,-0.214904,0.936239]],[[0.830598,-0.549907,0.0878007],[0.305108,0.317493,-0.897835],[0.465849,0.772529,0.43149]],[[0.830598,-0.549907,0.0878007],[-0.360646,-0.651327,-0.667614],[0.424312,0.522854,-0.739313]],[[0.830598,-0.549907,0.0878007],[-0.527348,-0.82738,-0.19325],[0.178914,0.114211,-0.977213]]],"btipPosition":[16.8637,229.504,13.9858],"carpPosition":[28.5999,256.553,52.2268],"dipPosition":[19.9476,231.472,-2.85825],"direction":[-0.424312,-0.522854,0.739313],"extended":false,"handId":506,"id":5064,"length":50.5107,"mcpPosition":[44.7187,269.015,-2.06116],"pipPosition":[28.2466,241.699,-17.3183],"stabilizedTipPosition":[18.4326,224.834,6.88677],"timeVisible":108.381,"tipPosition":[17.7123,230.042,10.1336],"tipVelocity":[-16.8776,33.594,32.4133],"tool":false,"touchDistance":0.333333,"touchZone":"none","type":4,"width":16.0574}],"r":[[0.773256,-0.205531,0.59986],[0.634087,0.255025,-0.729997],[-0.00294189,0.944838,0.327524]],"s":1.34919,"t":[20.9558,9.44813,1.94294],"timestamp":97922854034},false],[5,{"currentFrameRate":102.658,"devices":[],"gestures":[],"hands":[{"armBasis":[[0.967485,-0.0165032,-0.25239],[0.151002,0.838208,0.524028],[0.202907,-0.5451,0.813446]],"armWidth":63.72,"confidence":0.624124,"direction":[0.0403739,0.367661,-0.929083],"elbow":[67.432,107.14,279.904],"grabStrength":0,"id":506,"palmNormal":[-0.160377,-0.915401,-0.369216],"palmPosition":[6.61665,271.466,8.67533],"palmVelocity":[1.19305,32.6803,27.6202],"palmWidth":90.99,"pinchStrength":0.407576,"r":[[0.773519,-0.208424,0.598521],[0.633772,0.252455,-0.731164],[0.00129269,0.944895,0.327372]],"s":1.34932,"sphereCenter":[-34.3023,267.575,-20.1746],"sphereRadius":60.0216,"stabilizedPalmPosition":[6.53953,270.08,7.63173],"t":[20.9437,9.64953,2.19402],"timeVisible":108.39,"type":"right","wrist":[12.6471,254.318,60.2731]}],"id":1809788,"interactionBox":{"center":[0,200,0],"size":[235.247,235.247,147.751]},"pointables":[{"bases":[[[0.54818,0.824545,0.140087],[-0.737745,0.397809,0.545417],[0.393993,-0.402335,0.826375]],[[0.487538,0.872802,0.0228638],[-0.869143,0.487652,-0.0823815],[-0.0830523,0.0202922,0.996339]],[[0.487538,0.872802,0.0228638],[-0.836161,0.474287,-0.275477],[-0.251281,0.115188,0.961036]],[[0.487538,0.872802,0.0228638],[-0.638836,0.374452,-0.672067],[-0.595143,0.313052,0.740137]]],"btipPosition":[9.30316,235.579,-39.7316],"carpPosition":[-17.3387,247.846,60.0922],"dipPosition":[-4.62533,242.906,-22.4097],"direction":[0.251281,-0.115188,-0.961036],"extended":false,"handId":506,"id":5060,"length":52.1164,"mcpPosition":[-17.3387,247.846,60.0922],"pipPosition":[-13.1929,246.833,10.3574],"stabilizedTipPosition":[6.27273,237.137,-36.0163],"timeVisible":108.39,"tipPosition":[5.71572,237.336,-35.8495],"tipVelocity":[-19.1994,29.8333,30.6214],"tool":false,"touchDistance":0.0539571,"touchZone":"hovering","type":0,"width":20.25},{"bases":[[[0.979008,-0.0998525,-0.177689],[0.139943,0.96312,0.229815],[0.148188,-0.249857,0.956876]],[[0.990105,-0.138548,-0.0222786],[0.120984,0.762356,0.635749],[-0.0710976,-0.632154,0.771574]],[[0.990105,-0.138548,-0.0222786],[0.131344,0.859074,0.494713],[-0.0494026,-0.492744,0.868771]],[[0.990105,-0.138548,-0.0222786],[0.137473,0.925802,0.352125],[-0.0281607,-0.351704,0.935688]]],"btipPosition":[-11.9888,331.817,-83.3385],"carpPosition":[-5.81646,268.357,57.1925],"dipPosition":[-12.47,325.808,-67.3517],"direction":[0.0494026,0.492744,-0.868771],"extended":true,"handId":506,"id":5061,"length":58.8075,"mcpPosition":[-16.7186,286.739,-13.2045],"pipPosition":[-13.6641,313.898,-46.3532],"stabilizedTipPosition":[-12.4005,327.579,-81.5218],"timeVisible":108.39,"tipPosition":[-11.6348,330.473,-79.5882],"tipVelocity":[5.09048,35.2054,26.9967],"tool":false,"touchDistance":0.411006,"touchZone":"hovering","type":1,"width":19.3428},{"bases":[[[0.95173,-0.295407,-0.0833343],[0.306661,0.926654,0.217418],[0.0129952,-0.232479,0.972515]],[[0.951763,-0.296059,-0.0806013],[0.0266247,0.341382,-0.939548],[0.305677,0.892081,0.332797]],[[0.951763,-0.296059,-0.0806013],[-0.286359,-0.762704,-0.579897],[0.110209,0.575006,-0.810693]],[[0.951763,-0.296059,-0.0806013],[-0.301969,-0.95037,-0.0749082],[-0.0544238,0.0956339,-0.993928]]],"btipPosition":[-11.492,224,12.6954],"carpPosition":[6.2596,268.928,54.8556],"dipPosition":[-12.5148,225.797,-5.98253],"direction":[-0.110209,-0.575006,0.810693],"extended":false,"handId":506,"id":5062,"length":67.0064,"mcpPosition":[5.35295,285.147,-12.9948],"pipPosition":[-9.38081,242.148,-29.0357],"stabilizedTipPosition":[-10.742,220.317,6.02832],"timeVisible":108.39,"tipPosition":[-11.6375,224.588,8.55049],"tipVelocity":[-19.7651,38.4739,29.9917],"tool":false,"touchDistance":0.333333,"touchZone":"none","type":2,"width":18.9972},{"bases":[[[0.917426,-0.395407,0.0445363],[0.374132,0.895298,0.2418],[-0.135483,-0.205171,0.969304]],[[0.919494,-0.392043,0.0288796],[0.161144,0.308898,-0.937345],[0.358558,0.866536,0.347205]],[[0.919494,-0.392043,0.0288796],[-0.299044,-0.745275,-0.595935],[0.255155,0.539322,-0.802513]],[[0.919494,-0.392043,0.0288796],[-0.387732,-0.916579,-0.0977061],[0.0647754,0.0786426,-0.994796]]],"btipPosition":[2.34757,224.067,17.8226],"carpPosition":[18.1597,266.341,53.2348],"dipPosition":[3.55783,225.536,-0.764124],"direction":[-0.255155,-0.539322,0.802513],"extended":false,"handId":506,"id":5063,"length":64.4285,"mcpPosition":[26.6464,279.193,-7.48238],"pipPosition":[10.6261,240.477,-22.9954],"stabilizedTipPosition":[3.65069,219.739,10.4935],"timeVisible":108.39,"tipPosition":[2.65311,224.55,13.5465],"tipVelocity":[-19.3475,35.0027,33.4004],"tool":false,"touchDistance":0.333333,"touchZone":"none","type":3,"width":18.077},{"bases":[[[0.821066,-0.558953,0.115855],[0.498821,0.801231,0.330463],[-0.27754,-0.213541,0.936681]],[[0.829367,-0.55198,0.0864184],[0.303137,0.314645,-0.899503],[0.469317,0.772215,0.428282]],[[0.829367,-0.55198,0.0864184],[-0.364396,-0.651667,-0.665241],[0.423516,0.520239,-0.74161]],[[0.829367,-0.55198,0.0864184],[-0.529989,-0.826222,-0.190967],[0.176811,0.112581,-0.977785]]],"btipPosition":[16.754,229.653,14.2888],"carpPosition":[28.5866,256.691,52.3873],"dipPosition":[19.8016,231.593,-2.5651],"direction":[-0.423516,-0.520239,0.74161],"extended":false,"handId":506,"id":5064,"length":50.5107,"mcpPosition":[44.6798,269.074,-1.92641],"pipPosition":[28.0851,241.769,-17.0701],"stabilizedTipPosition":[18.3552,225.25,7.16555],"timeVisible":108.39,"tipPosition":[17.5822,230.181,10.3907],"tipVelocity":[-15.5601,28.1836,32.1189],"tool":false,"touchDistance":0.333333,"touchZone":"none","type":4,"width":16.0574}],"r":[[0.773519,-0.208424,0.598521],[0.633772,0.252455,-0.731164],[0.00129269,0.944895,0.327372]],"s":1.34932,"t":[20.9437,9.64953,2.19402],"timestamp":97922863613},false],[6,{"currentFrameRate":102.893,"devices":[],"gestures":[],"hands":[{"armBasis":[[0.966858,-0.0176974,-0.2547],[0.1534,0.837723,0.524107],[0.204093,-0.545808,0.812674]],"armWidth":63.72,"confidence":0.62626,"direction":[0.0400274,0.36672,-0.92947],"elbow":[67.7553,107.152,279.839],"grabStrength":0,"id":506,"palmNormal":[-0.162834,-0.915386,-0.368176],"palmPosition":[6.59338,271.634,8.81077],"palmVelocity":[0.15058,28.585,23.9551],"palmWidth":90.99,"pinchStrength":0.407629,"r":[[0.773776,-0.210968,0.597297],[0.633438,0.249989,-0.732299],[0.00517427,0.944986,0.32707]],"s":1.34927,"sphereCenter":[-34.4944,267.833,-19.9971],"sphereRadius":60.0938,"stabilizedPalmPosition":[6.54814,270.328,7.8202],"t":[20.9261,9.83433,2.38728],"timeVisible":108.399,"type":"right","wrist":[12.6502,254.52,60.4168]}],"id":1809789,"interactionBox":{"center":[0,200,0],"size":[235.247,235.247,147.751]},"pointables":[{"bases":[[[0.550154,0.823472,0.138652],[-0.736199,0.399921,0.545962],[0.394135,-0.402438,0.826257]],[[0.489627,0.871661,0.0217373],[-0.868057,0.489648,-0.0819913],[-0.0821122,0.021276,0.996396]],[[0.489627,0.871661,0.0217373],[-0.835379,0.476098,-0.274721],[-0.249813,0.116352,0.961278]],[[0.489627,0.871661,0.0217373],[-0.638489,0.375406,-0.671865],[-0.593798,0.315084,0.740355]]],"btipPosition":[9.16355,235.71,-39.5611],"carpPosition":[-17.3498,248.114,60.2789],"dipPosition":[-4.73347,243.084,-22.2342],"direction":[0.249813,-0.116352,-0.961278],"extended":false,"handId":506,"id":5060,"length":52.1164,"mcpPosition":[-17.3498,248.114,60.2789],"pipPosition":[-13.251,247.052,10.5412],"stabilizedTipPosition":[6.14842,237.247,-35.8371],"timeVisible":108.399,"tipPosition":[5.58413,237.472,-35.6767],"tipVelocity":[-17.8127,25.754,27.2104],"tool":false,"touchDistance":0.0568177,"touchZone":"hovering","type":0,"width":20.25},{"bases":[[[0.978567,-0.102156,-0.178806],[0.142332,0.963022,0.228757],[0.148826,-0.249303,0.956922]],[[0.989778,-0.140582,-0.0240124],[0.123745,0.762829,0.634649],[-0.070903,-0.631133,0.772427]],[[0.989778,-0.140582,-0.0240124],[0.134013,0.859184,0.493805],[-0.048789,-0.491975,0.869241]],[[0.989778,-0.140582,-0.0240124],[0.140003,0.925666,0.351485],[-0.0271851,-0.351254,0.935886]]],"btipPosition":[-12.0456,331.946,-83.2396],"carpPosition":[-5.78643,268.597,57.3461],"dipPosition":[-12.5101,325.944,-67.2495],"direction":[0.0487891,0.491975,-0.869241],"extended":true,"handId":506,"id":5061,"length":58.8075,"mcpPosition":[-16.7355,286.938,-13.0542],"pipPosition":[-13.6893,314.053,-46.2396],"stabilizedTipPosition":[-12.3694,327.953,-81.276],"timeVisible":108.399,"tipPosition":[-11.6833,330.6,-79.4894],"tipVelocity":[2.04989,29.2623,22.4202],"tool":false,"touchDistance":0.404734,"touchZone":"hovering","type":1,"width":19.3428},{"bases":[[[0.950978,-0.297563,-0.0842387],[0.308954,0.926181,0.216187],[0.0136908,-0.231615,0.972711]],[[0.951013,-0.298216,-0.0814923],[0.0262668,0.340592,-0.939844],[0.308032,0.891664,0.331741]],[[0.951013,-0.298216,-0.0814923],[-0.288711,-0.762473,-0.579034],[0.110542,0.574197,-0.81122]],[[0.951013,-0.298216,-0.0814923],[-0.304152,-0.949754,-0.0738829],[-0.0553646,0.0950497,-0.993932]]],"btipPosition":[-11.6175,224.205,12.8858],"carpPosition":[6.28795,269.139,54.9938],"dipPosition":[-12.6579,225.992,-5.79219],"direction":[-0.110542,-0.574197,0.81122],"extended":false,"handId":506,"id":5062,"length":67.0064,"mcpPosition":[5.33277,285.298,-12.8703],"pipPosition":[-9.5145,242.32,-28.8604],"stabilizedTipPosition":[-10.8485,220.728,6.27305],"timeVisible":108.399,"tipPosition":[-11.7667,224.79,8.74242],"tipVelocity":[-18.1329,33.7916,27.328],"tool":false,"touchDistance":0.333333,"touchZone":"none","type":2,"width":18.9972},{"bases":[[[0.916614,-0.397371,0.0437661],[0.376387,0.894699,0.240514],[-0.134731,-0.203986,0.969658]],[[0.91857,-0.3942,0.02891],[0.162856,0.310813,-0.936415],[0.36015,0.864871,0.349701]],[[0.91857,-0.3942,0.02891],[-0.300071,-0.743095,-0.598136],[0.257268,0.540755,-0.800873]],[[0.91857,-0.3942,0.02891],[-0.389785,-0.915553,-0.0991446],[0.0655515,0.0798025,-0.994653]]],"btipPosition":[2.17699,224.19,17.7666],"carpPosition":[18.1804,266.525,53.3606],"dipPosition":[3.40176,225.681,-0.817499],"direction":[-0.257268,-0.540755,0.800873],"extended":false,"handId":506,"id":5063,"length":64.4285,"mcpPosition":[26.6199,279.303,-7.37878],"pipPosition":[10.5286,240.661,-23.0033],"stabilizedTipPosition":[3.56477,220.085,10.7097],"timeVisible":108.399,"tipPosition":[2.50349,224.689,13.579],"tipVelocity":[-18.9779,29.0201,22.311],"tool":false,"touchDistance":0.333333,"touchZone":"none","type":3,"width":18.077},{"bases":[[[0.819985,-0.560641,0.115354],[0.50098,0.800441,0.329109],[-0.276846,-0.212075,0.93722]],[[0.828351,-0.553634,0.0855778],[0.302413,0.313322,-0.900209],[0.471573,0.771569,0.426967]],[[0.828351,-0.553634,0.0855778],[-0.366761,-0.651416,-0.664187],[0.423463,0.518793,-0.742652]],[[0.828351,-0.553634,0.0855778],[-0.531989,-0.825264,-0.189541],[0.175561,0.11148,-0.978136]]],"btipPosition":[16.6551,229.798,14.4523],"carpPosition":[28.585,256.852,52.5091],"dipPosition":[19.6812,231.72,-2.40761],"direction":[-0.423463,-0.518793,0.742652],"extended":false,"handId":506,"id":5064,"length":50.5107,"mcpPosition":[44.638,269.149,-1.83579],"pipPosition":[27.9636,241.867,-16.933],"stabilizedTipPosition":[18.2895,225.577,7.38873],"timeVisible":108.399,"tipPosition":[17.4737,230.322,10.5521],"tipVelocity":[-14.3323,24.5284,27.9985],"tool":false,"touchDistance":0.333333,"touchZone":"none","type":4,"width":16.0574}],"r":[[0.773776,-0.210968,0.597297],[0.633438,0.249989,-0.732299],[0.00517427,0.944986,0.32707]],"s":1.34927,"t":[20.9261,9.83433,2.38728],"timestamp":97922872886},false],[7,{"c