{"sensorType":"Leap","data":[[0,{"currentFrameRate":105.941,"devices":[],"gestures":[],"hands":[{"armBasis":[[0.955494,0.236297,-0.176618],[-0.0641889,0.750867,0.657326],[0.287941,-0.616735,0.732617]],"armWidth":63.72,"confidence":0.677397,"direction":[0.0702179,0.165284,-0.983743],"elbow":[73.788,108.787,281.737],"grabStrength":0,"id":506,"palmNormal":[0.0319839,-0.986043,-0.163388],"palmPosition":[-7.62624,279.818,29.5347],"palmVelocity":[42.8406,117.609,-300.275],"palmWidth":90.99,"pinchStrength":0.79921,"r":[[0.752256,0.0300671,0.658185],[0.644061,0.177053,-0.744202],[-0.13891,0.983742,0.113825]],"s":1.28399,"sphereCenter":[-38.9977,259.456,-0.746067],"sphereRadius":56.5753,"stabilizedPalmPosition":[-7.95098,267.529,31.5335],"t":[6.26533,17.0771,26.2939],"timeVisible":115.211,"type":"right","wrist":[-3.95615,275.305,83.9308]}],"id":1810500,"interactionBox":{"center":[0,200,0],"size":[235.247,235.247,147.751]},"pointables":[{"bases":[[[0.386292,0.922241,-0.0158336],[-0.844102,0.360379,0.397013],[0.371847,-0.139998,0.917677]],[[0.33689,0.932501,-0.130183],[-0.92049,0.297117,-0.253811],[-0.198,0.205338,0.958453]],[[0.33689,0.932501,-0.130183],[-0.850263,0.241918,-0.467471],[-0.404423,0.268176,0.87437]],[[0.33689,0.932501,-0.130183],[-0.312524,-0.0196774,-0.949706],[-0.888163,0.360632,0.284799]]],"btipPosition":[12.1849,235.687,-0.91322],"carpPosition":[-32.2741,263.52,83.408],"dipPosition":[-8.60136,244.127,5.75211],"direction":[0.404423,-0.268176,-0.87437],"extended":false,"handId":506,"id":5060,"length":52.1164,"mcpPosition":[-32.2741,263.52,83.408],"pipPosition":[-22.3904,253.27,35.5643],"stabilizedTipPosition":[-3.93148,226.349,16.6926],"timeVisible":115.211,"tipPosition":[7.73636,237.552,1.18223],"tipVelocity":[87.904,113.58,-277.571],"tool":false,"touchDistance":-0.272649,"touchZone":"hovering","type":0,"width":20.25},{"bases":[[[0.994655,0.0474589,-0.091706],[-0.0461941,0.998806,0.0158665],[0.0923496,-0.0115454,0.99566]],[[0.996596,0.0449945,0.0690801],[-0.0723161,0.879454,0.470459],[-0.0395847,-0.473853,0.879714]],[[0.996596,0.0449945,0.0690801],[-0.064942,0.94464,0.321616],[-0.0507849,-0.325008,0.944347]],[[0.996596,0.0449945,0.0690801],[-0.0565967,0.982682,0.176444],[-0.0599447,-0.179753,0.981884]]],"btipPosition":[-26.9486,316.865,-73.9689],"carpPosition":[-24.1068,284.731,76.6773],"dipPosition":[-27.9728,313.794,-57.1928],"direction":[0.0507849,0.325008,-0.944347],"extended":true,"handId":506,"id":5061,"length":58.8075,"mcpPosition":[-30.9009,285.58,3.42701],"pipPosition":[-29.2003,305.938,-34.3676],"stabilizedTipPosition":[-31.8984,307.199,-60.8633],"timeVisible":115.211,"tipPosition":[-27.3339,315.861,-70.1931],"tipVelocity":[91.7589,77.5948,-324.482],"tool":false,"touchDistance":-0.326732,"touchZone":"hovering","type":1,"width":19.3428},{"bases":[[[0.99119,-0.125509,0.0423022],[0.124668,0.991955,0.0219897],[-0.0447218,-0.0165223,0.998863]],[[0.991178,-0.125514,0.0425801],[0.0845058,0.350969,-0.932566],[0.102106,0.927937,0.358479]],[[0.991178,-0.125514,0.0425801],[-0.0606473,-0.715155,-0.696329],[0.117851,0.687604,-0.716458]],[[0.991178,-0.125514,0.0425801],[-0.114084,-0.971463,-0.207953],[0.067466,0.20126,-0.977212]]],"btipPosition":[-18.5446,220.107,26.7705],"carpPosition":[-12.1241,287.016,75.0007],"dipPosition":[-17.2768,223.889,8.40671],"direction":[-0.117851,-0.687604,0.716458],"extended":false,"handId":506,"id":5062,"length":67.0064,"mcpPosition":[-9.00398,288.169,5.31207],"pipPosition":[-13.9255,243.442,-11.9668],"stabilizedTipPosition":[-24.8836,213.961,34.096],"timeVisible":115.211,"tipPosition":[-18.2683,221.474,24.1171],"tipVelocity":[83.1309,99.0945,-321.007],"tool":false,"touchDistance":0.333333,"touchZone":"none","type":2,"width":18.9972},{"bases":[[[0.961568,-0.200991,0.187053],[0.193676,0.979421,0.0567862],[-0.194617,-0.0183761,0.980707]],[[0.966786,-0.200377,0.158665],[0.218245,0.324113,-0.9205],[0.133022,0.924554,0.357079]],[[0.966786,-0.200377,0.158665],[-0.0366992,-0.72318,-0.689683],[0.25294,0.660953,-0.706514]],[[0.966786,-0.200377,0.158665],[-0.163896,-0.962378,-0.216719],[0.196121,0.183516,-0.963254]]],"btipPosition":[-4.28189,224.492,34.9019],"carpPosition":[0.141903,286.388,74.7182],"dipPosition":[-0.617563,227.921,16.9044],"direction":[-0.25294,-0.660953,0.706514],"extended":false,"handId":506,"id":5063,"length":64.4285,"mcpPosition":[12.3327,287.539,13.2867],"pipPosition":[6.38938,246.231,-2.66743],"stabilizedTipPosition":[-9.92378,215.192,39.3135],"timeVisible":115.211,"tipPosition":[-3.5533,225.71,31.9078],"tipVelocity":[76.172,119.302,-276.933],"tool":false,"touchDistance":0.333333,"touchZone":"none","type":3,"width":18.077},{"bases":[[[0.887273,-0.360814,0.287331],[0.322917,0.930739,0.171607],[-0.329348,-0.0594783,0.942333]],[[0.898983,-0.358334,0.251847],[0.368418,0.307722,-0.877255],[0.236852,0.881421,0.408654]],[[0.898983,-0.358334,0.251847],[-0.073314,-0.690015,-0.720073],[0.431805,0.628869,-0.646582]],[[0.898983,-0.358334,0.251847],[-0.283374,-0.914308,-0.289379],[0.33396,0.18878,-0.92349]]],"btipPosition":[8.58534,235.598,36.1574],"carpPosition":[12.0649,278.869,76.6841],"dipPosition":[14.3417,238.852,20.2394],"direction":[-0.431805,-0.628869,0.646582],"extended":false,"handId":506,"id":5064,"length":50.5107,"mcpPosition":[31.1622,282.318,22.0427],"pipPosition":[22.7873,251.152,7.59303],"stabilizedTipPosition":[5.57633,223.068,30.1491],"timeVisible":115.211,"tipPosition":[9.58668,236.796,33.563],"tipVelocity":[71.8955,125.978,-280.093],"tool":false,"touchDistance":0.333333,"touchZone":"none","type":4,"width":16.0574}],"r":[[0.752256,0.0300671,0.658185],[0.644061,0.177053,-0.744202],[-0.13891,0.983742,0.113825]],"s":1.28399,"t":[6.26533,17.0771,26.2939],"timestamp":97929683958},false],[1,{"currentFrameRate":105.886,"devices":[],"gestures":[],"hands":[{"armBasis":[[0.956487,0.234358,-0.173809],[-0.0648076,0.751455,0.656594],[0.284488,-0.616759,0.733945]],"armWidth":63.72,"confidence":0.687958,"direction":[0.0708055,0.164203,-0.983882],"elbow":[73.1262,109.481,280.423],"grabStrength":0,"id":506,"palmNormal":[0.0323375,-0.986217,-0.162266],"palmPosition":[-7.32197,280.457,27.8546],"palmVelocity":[39.6771,102.981,-264.423],"palmWidth":90.99,"pinchStrength":0.795399,"r":[[0.74851,0.035898,0.662151],[0.647011,0.179244,-0.741113],[-0.145291,0.98315,0.110939]],"s":1.28396,"sphereCenter":[-38.5936,260.069,-2.41202],"sphereRadius":56.5365,"stabilizedPalmPosition":[-7.94903,267.569,31.5221],"t":[6.62919,17.9595,23.9591],"timeVisible":115.22,"type":"right","wrist":[-3.68555,276.006,82.2579]}],"id":1810501,"interactionBox":{"center":[0,200,0],"size":[235.247,235.247,147.751]},"pointables":[{"bases":[[[0.386069,0.92232,-0.0166163],[-0.844447,0.360608,0.39607],[0.371295,-0.138879,0.91807]],[[0.336625,0.932446,-0.131255],[-0.920501,0.296487,-0.254508],[-0.198399,0.206494,0.958122]],[[0.336625,0.932446,-0.131255],[-0.849961,0.240892,-0.468548],[-0.405278,0.269286,0.873633]],[[0.336625,0.932446,-0.131255],[-0.312475,-0.0208757,-0.949696],[-0.888281,0.360705,0.284339]]],"btipPosition":[12.5106,236.282,-2.53856],"carpPosition":[-32.0002,264.213,81.7302],"dipPosition":[-8.27836,244.724,4.116],"direction":[0.405278,-0.269286,-0.873633],"extended":false,"handId":506,"id":5060,"length":52.1164,"mcpPosition":[-32.0002,264.213,81.7302],"pipPosition":[-22.0965,253.905,33.903],"stabilizedTipPosition":[-3.74512,226.539,16.4097],"timeVisible":115.22,"tipPosition":[8.05792,238.156,-0.454401],"tipVelocity":[72.3681,98.8162,-246.688],"tool":false,"touchDistance":-0.298134,"touchZone":"hovering","type":0,"width":20.25},{"bases":[[[0.994701,0.0476085,-0.0911228],[-0.0464566,0.998812,0.0147217],[0.0917154,-0.0104104,0.995731]],[[0.99651,0.0453162,0.070105],[-0.0730624,0.879682,0.469916],[-0.0403753,-0.473398,0.879923]],[[0.99651,0.0453162,0.070105],[-0.0655714,0.944659,0.321434],[-0.0516592,-0.324909,0.944333]],[[0.99651,0.0453162,0.070105],[-0.0571094,0.982623,0.176611],[-0.0608834,-0.179998,0.981781]]],"btipPosition":[-26.5579,317.451,-75.6773],"carpPosition":[-23.8339,285.418,74.9811],"dipPosition":[-27.5982,314.375,-58.903],"direction":[0.0516592,0.324909,-0.944333],"extended":true,"handId":506,"id":5061,"length":58.8075,"mcpPosition":[-30.5814,286.184,1.72556],"pipPosition":[-28.8468,306.522,-36.078],"stabilizedTipPosition":[-31.881,307.232,-60.9006],"timeVisible":115.22,"tipPosition":[-26.9518,316.433,-71.9075],"tipVelocity":[76.9803,72.8878,-282.51],"tool":false,"touchDistance":-0.348023,"touchZone":"hovering","type":1,"width":19.3428},{"bases":[[[0.991195,-0.125211,0.0430762],[0.124403,0.99201,0.0209618],[-0.0453567,-0.0154185,0.998852]],[[0.991186,-0.125214,0.0432594],[0.0847934,0.348756,-0.93337],[0.101784,0.928812,0.356299]],[[0.991186,-0.125214,0.0432594],[-0.0602359,-0.716816,-0.694655],[0.11799,0.685927,-0.718041]],[[0.991186,-0.125214,0.0432594],[-0.113783,-0.971896,-0.206086],[0.0678485,0.199348,-0.977577]]],"btipPosition":[-18.2226,220.759,25.2371],"carpPosition":[-11.8508,287.704,73.3096],"dipPosition":[-16.9475,224.505,6.86646],"direction":[-0.11799,-0.685927,0.718041],"extended":false,"handId":506,"id":5062,"length":67.0064,"mcpPosition":[-8.68632,288.78,3.62173],"pipPosition":[-13.5923,244.011,-13.552],"stabilizedTipPosition":[-24.8734,213.972,34.0768],"timeVisible":115.22,"tipPosition":[-17.9449,222.093,22.4799],"tipVelocity":[68.9289,89.9849,-274.784],"tool":false,"touchDistance":0.333333,"touchZone":"none","type":2,"width":18.9972},{"bases":[[[0.961499,-0.200539,0.187892],[0.193392,0.979533,0.0558164],[-0.19524,-0.0173305,0.980602]],[[0.966728,-0.199956,0.159547],[0.219025,0.324779,-0.92008],[0.132158,0.924411,0.357768]],[[0.966728,-0.199956,0.159547],[-0.0356129,-0.722826,-0.690111],[0.253317,0.661468,-0.705897]],[[0.966728,-0.199956,0.159547],[-0.163281,-0.962451,-0.216858],[0.196918,0.183592,-0.963077]]],"btipPosition":[-3.9559,225.108,33.1747],"carpPosition":[0.4156,287.079,73.0356],"dipPosition":[-0.276681,228.539,15.1805],"direction":[-0.253317,-0.661468,0.705897],"extended":false,"handId":506,"id":5063,"length":64.4285,"mcpPosition":[12.6454,288.165,11.6107],"pipPosition":[6.74069,246.863,-4.37424],"stabilizedTipPosition":[-9.90024,215.229,39.278],"timeVisible":115.22,"tipPosition":[-3.22428,226.32,30.1741],"tipVelocity":[64.1509,103.519,-249.215],"tool":false,"touchDistance":0.333333,"touchZone":"none","type":3,"width":18.077},{"bases":[[[0.88718,-0.360269,0.288301],[0.322572,0.931012,0.170774],[-0.329936,-0.0585096,0.942188]],[[0.899358,-0.357716,0.251385],[0.366862,0.304652,-0.878976],[0.237839,0.882738,0.405224]],[[0.899358,-0.357716,0.251385],[-0.074821,-0.692413,-0.717611],[0.430763,0.62658,-0.649492]],[[0.899358,-0.357716,0.251385],[-0.283826,-0.915027,-0.28665],[0.332563,0.186451,-0.924466]]],"btipPosition":[8.90328,236.276,34.6943],"carpPosition":[12.3392,279.565,75.0175],"dipPosition":[14.6356,239.49,18.7595],"direction":[-0.430763,-0.62658,0.649492],"extended":false,"handId":506,"id":5064,"length":50.5107,"mcpPosition":[31.4706,282.958,20.3846],"pipPosition":[23.0608,251.745,6.05617],"stabilizedTipPosition":[5.60382,223.15,30.1543],"timeVisible":115.22,"tipPosition":[9.91802,237.433,31.9779],"tipVelocity":[60.5942,109.86,-243.62],"tool":false,"touchDistance":0.333333,"touchZone":"none","type":4,"width":16.0574}],"r":[[0.74851,0.035898,0.662151],[0.647011,0.179244,-0.741113],[-0.145291,0.98315,0.110939]],"s":1.28396,"t":[6.62919,17.9595,23.9591],"timestamp":97929693503},false],[2,{"currentFrameRate":106.002,"devices":[],"gestures":[],"hands":[{"armBasis":[[0.957438,0.230289,-0.174008],[-0.0629479,0.754942,0.652763],[0.28169,-0.614027,0.737307]],"armWidth":63.72,"confidence":0.697134,"direction":[0.0695561,0.165349,-0.983779],"elbow":[72.6432,110.564,280.25],"grabStrength":0,"id":506,"palmNormal":[0.0312488,-0.986045,-0.16352],"palmPosition":[-7.12279,280.873,26.784],"palmVelocity":[34.6106,86.7481,-222.851],"palmWidth":90.99,"pinchStrength":0.795618,"r":[[0.74567,0.0402642,0.665098],[0.64917,0.18108,-0.738775],[-0.150182,0.982644,0.108888]],"s":1.28383,"sphereCenter":[-38.3899,260.562,-3.46476],"sphereRadius":56.4989,"stabilizedPalmPosition":[-7.94689,267.603,31.5098],"t":[6.91071,18.6085,22.2565],"timeVisible":115.229,"type":"right","wrist":[-3.41326,276.351,81.1767]}],"id":1810502,"interactionBox":{"center":[0,200,0],"size":[235.247,235.247,147.751]},"pointables":[{"bases":[[[0.386849,0.922004,-0.0160326],[-0.843571,0.360856,0.397707],[0.372473,-0.140328,0.917372]],[[0.33721,0.932316,-0.130677],[-0.920636,0.297557,-0.252761],[-0.196769,0.20554,0.958663]],[[0.33721,0.932316,-0.130677],[-0.85035,0.242075,-0.46723],[-0.403972,0.268676,0.874425]],[[0.33721,0.932316,-0.130677],[-0.31415,-0.0194155,-0.949175],[-0.887468,0.361123,0.28634]]],"btipPosition":[12.627,236.712,-3.69498],"carpPosition":[-31.7389,264.584,80.6746],"dipPosition":[-8.14293,245.163,3.00639],"direction":[0.403972,-0.268676,-0.874425],"extended":false,"handId":506,"id":5060,"length":52.1164,"mcpPosition":[-31.7389,264.584,80.6746],"pipPosition":[-21.9166,254.324,32.8204],"stabilizedTipPosition":[-3.5971,226.694,16.1727],"timeVisible":115.229,"tipPosition":[8.17591,238.59,-1.60609],"tipVelocity":[55.7561,84.2446,-212.37],"tool":false,"touchDistance":-0.313839,"touchZone":"hovering","type":0,"width":20.25},{"bases":[[[0.994612,0.0468555,-0.0924731],[-0.0455657,0.998833,0.0160117],[0.0931154,-0.0117118,0.995586]],[[0.996612,0.0443541,0.069258],[-0.071892,0.878824,0.471699],[-0.0399438,-0.47508,0.879036]],[[0.996612,0.0443541,0.069258],[-0.0645234,0.943846,0.324025],[-0.0509971,-0.327396,0.94351]],[[0.996612,0.0443541,0.069258],[-0.0562108,0.982073,0.179926],[-0.060036,-0.18321,0.981239]]],"btipPosition":[-26.4397,318.106,-76.6405],"carpPosition":[-23.5637,285.79,73.9399],"dipPosition":[-27.4655,314.975,-59.8755],"direction":[0.0509971,0.327396,-0.94351],"extended":true,"handId":506,"id":5061,"length":58.8075,"mcpPosition":[-30.4142,286.652,0.695028],"pipPosition":[-28.6981,307.062,-37.0704],"stabilizedTipPosition":[-31.8665,307.26,-60.9338],"timeVisible":115.229,"tipPosition":[-26.836,317.056,-72.8811],"tipVelocity":[59.0985,71.9854,-232.672],"tool":false,"touchDistance":-0.356035,"touchZone":"hovering","type":1,"width":19.3428},{"bases":[[[0.991145,-0.126125,0.0415189],[0.125297,0.991875,0.0220015],[-0.0439565,-0.0166045,0.998895]],[[0.99114,-0.126127,0.0416233],[0.0835913,0.348834,-0.933449],[0.103214,0.928658,0.356287]],[[0.99114,-0.126127,0.0416233],[-0.0620212,-0.716633,-0.694687],[0.117448,0.685951,-0.718107]],[[0.99114,-0.126127,0.0416233],[-0.114984,-0.971687,-0.206405],[0.0664781,0.199791,-0.977581]]],"btipPosition":[-18.0782,221.204,24.1813],"carpPosition":[-11.5809,288.068,72.2543],"dipPosition":[-16.8289,224.959,5.81055],"direction":[-0.117448,-0.685951,0.718107],"extended":false,"handId":506,"id":5062,"length":67.0064,"mcpPosition":[-8.51419,289.226,2.56337],"pipPosition":[-13.4891,244.465,-14.6098],"stabilizedTipPosition":[-24.8643,213.982,34.0585],"timeVisible":115.229,"tipPosition":[-17.8035,222.515,21.3398],"tipVelocity":[53.8183,78.3426,-229.861],"tool":false,"touchDistance":0.333333,"touchZone":"none","type":2,"width":18.9972},{"bases":[[[0.961589,-0.201605,0.186285],[0.194324,0.979295,0.056743],[-0.193867,-0.0183639,0.980856]],[[0.966742,-0.200997,0.158146],[0.218866,0.330272,-0.91816],[0.132316,0.922237,0.363279]],[[0.966742,-0.200997,0.158146],[-0.0358113,-0.718645,-0.694454],[0.253234,0.665695,-0.701942]],[[0.966742,-0.200997,0.158146],[-0.1637,-0.961392,-0.221195],[0.1965,0.18795,-0.962322]]],"btipPosition":[-3.77,225.425,31.7154],"carpPosition":[0.684473,287.433,71.9622],"dipPosition":[-0.0985996,228.937,13.7354],"direction":[-0.253234,-0.665695,0.701942],"extended":false,"handId":506,"id":5063,"length":64.4285,"mcpPosition":[12.8283,288.583,10.5214],"pipPosition":[6.91648,247.378,-5.7098],"stabilizedTipPosition":[-9.87961,215.262,39.2434],"timeVisible":115.229,"tipPosition":[-3.0394,226.651,28.7417],"tipVelocity":[51.7668,84.7016,-223.621],"tool":false,"touchDistance":0.333333,"touchZone":"none","type":3,"width":18.077},{"bases":[[[0.887273,-0.361393,0.286602],[0.323625,0.930521,0.171458],[-0.328653,-0.0593787,0.942582]],[[0.899575,-0.358763,0.249108],[0.365447,0.305911,-0.879129],[0.239194,0.881878,0.406298]],[[0.899575,-0.358763,0.249108],[-0.0766379,-0.691151,-0.718635],[0.429991,0.627375,-0.649237]],[[0.899575,-0.358763,0.249108],[-0.285034,-0.914368,-0.287552],[0.330939,0.18767,-0.924802]]],"btipPosition":[9.08922,236.661,33.5347],"carpPosition":[12.6043,279.906,73.918],"dipPosition":[14.7936,239.896,17.5941],"direction":[-0.429991,-0.627375,0.649237],"extended":false,"handId":506,"id":5064,"length":50.5107,"mcpPosition":[31.6614,283.349,19.2622],"pipPosition":[23.2037,252.167,4.89579],"stabilizedTipPosition":[5.62817,223.223,30.1529],"timeVisible":115.229,"tipPosition":[10.0993,237.817,30.8055],"tipVelocity":[49.0672,90.913,-210.626],"tool":false,"touchDistance":0.333333,"touchZone":"none","type":4,"width":16.0574}],"r":[[0.74567,0.0402642,0.665098],[0.64917,0.18108,-0.738775],[-0.150182,0.982644,0.108888]],"s":1.28383,"t":[6.91071,18.6085,22.2565],"timestamp":97929702724},false],[3,{"currentFrameRate":105.907,"devices":[],"gestures":[],"hands":[{"armBasis":[[0.958539,0.225072,-0.174773],[-0.0593648,0.757586,0.65003],[0.278709,-0.612704,0.739537]],"armWidth":63.72,"confidence":0.706978,"direction":[0.067656,0.167568,-0.983536],"elbow":[72.0778,111.368,279.738],"grabStrength":0,"id":506,"palmNormal":[0.0285251,-0.985717,-0.165977],"palmPosition":[-6.99902,281.46,25.6906],"palmVelocity":[28.2987,79.2912,-191.162],"palmWidth":90.99,"pinchStrength":0.80032,"r":[[0.743709,0.0430792,0.667114],[0.650624,0.182606,-0.737118],[-0.153573,0.982242,0.107777]],"s":1.2835,"sphereCenter":[-38.3012,261.315,-4.53844],"sphereRadius":56.451,"stabilizedPalmPosition":[-7.94464,267.636,31.496],"t":[7.11336,19.2266,20.8584],"timeVisible":115.239,"type":"right","wrist":[-3.1735,276.798,80.0634]}],"id":1810503,"interactionBox":{"center":[0,200,0],"size":[235.247,235.247,147.751]},"pointables":[{"bases":[[[0.388999,0.921121,-0.0147062],[-0.841782,0.361889,0.400548],[0.374275,-0.143434,0.916158]],[[0.339064,0.931832,-0.129327],[-0.920558,0.300293,-0.249793],[-0.193929,0.203749,0.959624]],[[0.339064,0.931832,-0.129327],[-0.850791,0.245058,-0.464867],[-0.401486,0.26765,0.875884]],[[0.339064,0.931832,-0.129327],[-0.317132,-0.0162105,-0.948243],[-0.885699,0.362529,0.290018]]],"btipPosition":[12.5699,237.318,-4.95439],"carpPosition":[-31.5281,265.099,79.599],"dipPosition":[-8.15869,245.803,1.83307],"direction":[0.401486,-0.26765,-0.875884],"extended":false,"handId":506,"id":5060,"length":52.1164,"mcpPosition":[-31.5281,265.099,79.599],"pipPosition":[-21.8476,254.928,31.6969],"stabilizedTipPosition":[-3.47338,226.83,15.9604],"timeVisible":115.239,"tipPosition":[8.12541,239.206,-2.85175],"tipVelocity":[38.129,78.3253,-188.138],"tool":false,"touchDistance":-0.329383,"touchZone":"hovering","type":0,"width":20.25},{"bases":[[[0.994502,0.0447222,-0.0946827],[-0.0431552,0.998896,0.0185338],[0.0954071,-0.0143458,0.995335]],[[0.996824,0.0418081,0.0677778],[-0.0690854,0.877335,0.474879],[-0.03961,-0.478053,0.877437]],[[0.996824,0.0418081,0.0677778],[-0.0618772,0.942393,0.328736],[-0.0501294,-0.331886,0.941987]],[[0.996824,0.0418081,0.0677778],[-0.0537963,0.98107,0.186031],[-0.0587172,-0.189086,0.980203]]],"btipPosition":[-26.4207,319.148,-77.5423],"carpPosition":[-23.3183,286.302,72.8965],"dipPosition":[-27.424,315.917,-60.7949],"direction":[0.0501294,0.331886,-0.941987],"extended":true,"handId":506,"id":5061,"length":58.8075,"mcpPosition":[-30.3374,287.357,-0.329882],"pipPosition":[-28.6356,307.895,-38.0267],"stabilizedTipPosition":[-31.8526,307.289,-60.9676],"timeVisible":115.239,"tipPosition":[-26.8209,318.04,-73.8005],"tipVelocity":[42.6693,81.858,-192.466],"tool":false,"touchDistance":-0.362352,"touchZone":"hovering","type":1,"width":19.3428},{"bases":[[[0.990937,-0.128574,0.0388982],[0.127704,0.991519,0.0241076],[-0.0416679,-0.0189217,0.998952]],[[0.990935,-0.128575,0.0389311],[0.0820734,0.349997,-0.933148],[0.106354,0.927885,0.357377]],[[0.990935,-0.128575,0.0389311],[-0.0655035,-0.715454,-0.695582],[0.117288,0.686727,-0.717391]],[[0.990935,-0.128575,0.0389311],[-0.117828,-0.97104,-0.20784],[0.0645268,0.201369,-0.977388]]],"btipPosition":[-18.1011,221.839,23.0349],"carpPosition":[-11.3341,288.555,71.1884],"dipPosition":[-16.8885,225.623,4.6678],"direction":[-0.117288,-0.686727,0.717391],"extended":false,"handId":506,"id":5062,"length":67.0064,"mcpPosition":[-8.427,289.875,1.49351],"pipPosition":[-13.5533,245.151,-15.7322],"stabilizedTipPosition":[-24.8555,213.993,34.0396],"timeVisible":115.239,"tipPosition":[-17.8303,223.132,20.118],"tipVelocity":[37.2444,74.9671,-197.711],"tool":false,"touchDistance":0.333333,"touchZone":"none","type":2,"width":18.9972},{"bases":[[[0.961539,-0.204334,0.18355],[0.196782,0.978691,0.0586572],[-0.191624,-0.020282,0.981259]],[[0.966584,-0.203677,0.155664],[0.218648,0.338034,-0.915383],[0.133823,0.91883,0.371271]],[[0.966584,-0.203677,0.155664],[-0.0372428,-0.71236,-0.700826],[0.253631,0.671609,-0.696141]],[[0.966584,-0.203677,0.155664],[-0.165506,-0.959538,-0.227803],[0.195763,0.194427,-0.961184]]],"btipPosition":[-3.73049,225.872,30.0551],"carpPosition":[0.929069,287.892,70.8661],"dipPosition":[-0.0728443,229.504,12.0963],"direction":[-0.253631,-0.671609,0.696141],"extended":false,"handId":506,"id":5063,"length":64.4285,"mcpPosition":[12.9324,289.162,9.40006],"pipPosition":[6.95323,248.109,-7.1882],"stabilizedTipPosition":[-9.86142,215.291,39.2087],"timeVisible":115.239,"tipPosition":[-3.0017,227.124,27.125],"tipVelocity":[37.8339,74.4349,-208.679],"tool":false,"touchDistance":0.333333,"touchZone":"none","type":3,"width":18.077},{"bases":[[[0.887078,-0.364189,0.283654],[0.326233,0.929333,0.172952],[-0.326596,-0.0608844,0.943201]],[[0.900113,-0.361284,0.243456],[0.362818,0.312301,-0.87797],[0.241164,0.878602,0.412186]],[[0.900113,-0.361284,0.243456],[-0.0794494,-0.685583,-0.723646],[0.428351,0.632021,-0.645806]],[[0.900113,-0.361284,0.243456],[-0.287075,-0.912214,-0.292323],[0.327696,0.193233,-0.924812]]],"btipPosition":[9.21942,237.104,32.0816],"carpPosition":[12.8355,280.332,72.7758],"dipPosition":[14.8679,240.434,16.1408],"direction":[-0.428351,-0.632021,0.645806],"extended":false,"handId":506,"id":5064,"length":50.5107,"mcpPosition":[31.7733,283.863,18.0841],"pipPosition":[23.2459,252.796,3.50957],"stabilizedTipPosition":[5.65027,223.289,30.145],"timeVisible":115.239,"tipPosition":[10.2064,238.283,29.3668],"tipVelocity":[38.3639,78.5452,-193.349],"tool":false,"touchDistance":0.333333,"touchZone":"none","type":4,"width":16.0574}],"r":[[0.743709,0.0430792,0.667114],[0.650624,0.182606,-0.737118],[-0.153573,0.982242,0.107777]],"s":1.2835,"t":[7.11336,19.2266,20.8584],"timestamp":97929712340},false],[4,{"currentFrameRate":106.02,"devices":[],"gestures":[],"hands":[{"armBasis":[[0.96029,0.216269,-0.176268],[-0.0519468,0.759323,0.648638],[0.274125,-0.613724,0.740404]],"armWidth":63.72,"confidence":0.712891,"direction":[0.0622,0.1666,-0.984061],"elbow":[71.3134,111.589,279.29],"grabStrength":0,"id":506,"palmNormal":[0.02323,-0.985944,-0.165451],"palmPosition":[-6.84701,281.936,25.0301],"palmVelocity":[24.9853,71.5349,-157.642],"palmWidth":90.99,"pinchStrength":0.806803,"r":[[0.743008,0.0447839,0.667783],[0.651016,0.18316,-0.736635],[-0.155301,0.982063,0.106934]],"s":1.28289,"sphereCenter":[-38.3155,261.885,-4.98992],"sphereRadius":56.3809,"stabilizedPalmPosition":[-7.94235,267.666,31.4825],"t":[7.29069,19.7737,19.8292],"timeVisible":115.248,"type":"right","wrist":[-2.70023,277.295,79.3811]}],"id":1810504,"interactionBox":{"center":[0,200,0],"size":[235.247,235.247,147.751]},"pointables":[{"bases":[[[0.392869,0.919422,-0.0178038],[-0.837681,0.365795,0.405567],[0.3794,-0.144421,0.913892]],[[0.342191,0.930275,-0.132266],[-0.920862,0.304022,-0.244099],[-0.186867,0.205327,0.960688]],[[0.342191,0.930275,-0.132266],[-0.852561,0.248212,-0.459925],[-0.395026,0.270147,0.878052]],[[0.342191,0.930275,-0.132266],[-0.32358,-0.0154875,-0.946074],[-0.882157,0.366536,0.295719]]],"btipPosition":[12.3349,237.68,-5.71073],"carpPosition":[-31.1074,265.718,79.1031],"dipPosition":[-8.31076,246.258,1.21014],"direction":[0.395026,-0.270147,-0.878052],"extended":false,"handId":506,"id":5060,"length":52.1164,"mcpPosition":[-31.1074,265.718,79.1031],"pipPosition":[-21.7794,255.469,31.1478],"stabilizedTipPosition":[-3.37914,226.939,15.7893],"timeVisible":115.248,"tipPosition":[7.90901,239.593,-3.58596],"tipVelocity":[20.8775,68.0091,-157.448],"tool":false,"touchDistance":-0.335663,"touchZone":"hovering","type":0,"width":20.25},{"bases":[[[0.994072,0.0403628,-0.100955],[-0.0387289,0.999086,0.0180929],[0.101593,-0.0140757,0.994726]],[[0.997363,0.0375374,0.0621072],[-0.0626056,0.877874,0.474782],[-0.0367002,-0.477418,0.87791]],[[0.997363,0.0375374,0.0621072],[-0.0559776,0.942588,0.329232],[-0.046183,-0.33184,0.942204]],[[0.997363,0.0375374,0.0621072],[-0.0485789,0.981135,0.18712],[-0.0539116,-0.189644,0.980372]]],"btipPosition":[-26.7085,319.688,-78.0883],"carpPosition":[-22.8485,286.881,72.3341],"dipPosition":[-27.6297,316.448,-61.3381],"direction":[0.046183,0.33184,-0.942204],"extended":true,"handId":506,"id":5061,"length":58.8075,"mcpPosition":[-30.3226,287.916,-0.847501],"pipPosition":[-28.7459,308.427,-38.5646],"stabilizedTipPosition":[-31.8409,307.317,-60.9992],"timeVisible":115.248,"tipPosition":[-27.1023,318.575,-74.3462],"tipVelocity":[22.5335,75.2618,-155.084],"tool":false,"touchDistance":-0.362631,"touchZone":"hovering","type":1,"width":19.3428},{"bases":[[[0.990598,-0.132825,0.0327687],[0.132128,0.990975,0.0225993],[-0.0354747,-0.0180572,0.999207]],[[0.990599,-0.132825,0.032741],[0.0775702,0.348238,-0.934191],[0.112682,0.927948,0.355267]],[[0.990599,-0.132825,0.032741],[-0.0730913,-0.716196,-0.694061],[0.115637,0.685143,-0.719171]],[[0.990599,-0.132825,0.032741],[-0.123363,-0.970775,-0.205858],[0.0591272,0.199883,-0.978034]]],"btipPosition":[-18.2214,222.374,22.5424],"carpPosition":[-10.8656,289.081,70.5492],"dipPosition":[-17.1102,226.131,4.16314],"direction":[-0.115637,-0.685143,0.719171],"extended":false,"handId":506,"id":5062,"length":67.0064,"mcpPosition":[-8.39061,290.341,0.836528],"pipPosition":[-13.8219,245.614,-16.2875],"stabilizedTipPosition":[-24.8475,214.004,34.0214],"timeVisible":115.248,"tipPosition":[-17.9641,223.644,19.5566],"tipVelocity":[22.4391,70.0335,-157.336],"tool":false,"touchDistance":0.333333,"touchZone":"none","type":2,"width":18.9972},{"bases":[[[0.961782,-0.208358,0.177656],[0.201366,0.977872,0.0567238],[-0.185543,-0.0187821,0.982457]],[[0.966614,-0.207748,0.149994],[0.215513,0.342499,-0.914466],[0.138606,0.916261,0.375837]],[[0.966614,-0.207748,0.149994],[-0.0428275,-0.708124,-0.704788],[0.252633,0.674834,-0.69338]],[[0.966614,-0.207748,0.149994],[-0.170093,-0.958026,-0.230771],[0.191641,0.197554,-0.961377]]],"btipPosition":[-3.75718,226.218,28.9875],"carpPosition":[1.3923,288.365,70.1504],"dipPosition":[-0.176566,229.909,11.0251],"direction":[-0.252633,-0.674834,0.69338],"extended":false,"handId":506,"id":5063,"length":64.4285,"mcpPosition":[13.0147,289.541,8.60935],"pipPosition":[6.82188,248.603,-8.18289],"stabilizedTipPosition":[-9.84697,215.316,39.1788],"timeVisible":115.248,"tipPosition":[-3.03903,227.485,26.0914],"tipVelocity":[25.8772,64.4891,-182.648],"tool":false,"touchDistance":0.333333,"touchZone":"none","type":3,"width":18.077},{"bases":[[[0.887263,-0.367821,0.278339],[0.331318,0.928034,0.170239],[-0.320926,-0.0588274,0.945276]],[[0.900894,-0.364777,0.235218],[0.357585,0.316601,-0.878577],[0.246015,0.875615,0.415662]],[[0.900894,-0.364777,0.235218],[-0.0859498,-0.681126,-0.727104],[0.425444,0.634826,-0.644975]],[[0.900894,-0.364777,0.235218],[-0.291779,-0.910183,-0.293994],[0.321334,0.196226,-0.926413]]],"btipPosition":[9.32792,237.406,31.0646],"carpPosition":[13.2778,280.755,71.9908],"dipPosition":[14.8667,240.789,15.0962],"direction":[-0.425444,-0.634826,0.644975],"extended":false,"handId":506,"id":5064,"length":50.5107,"mcpPosition":[31.8867,284.166,17.1788],"pipPosition":[23.1879,253.205,2.48128],"stabilizedTipPosition":[5.66833,223.343,30.135],"timeVisible":115.248,"tipPosition":[10.2836,238.603,28.3708],"tipVelocity":[30.1393,66.0863,-170.245],"tool":false,"touchDistance":0.333333,"touchZone":"none","type":4,"width":16.0574}],"r":[[0.743008,0.0447839,0.667783],[0.651016,0.18316,-0.736635],[-0.155301,0.982063,0.106934]],"s":1.28289,"t":[7.29069,19.7737,19.8292],"timestamp":97929721564},false],[5,{"currentFrameRate":105.949,"devices":[],"gestures":[],"hands":[{"armBasis":[[0.960474,0.212888,-0.179355],[-0.0486252,0.762708,0.644912],[0.274089,-0.6107,0.742913]],"armWidth":63.72,"confidence":0.698028,"direction":[0.0708491,0.159084,-0.98472],"elbow":[70.5497,114.311,276.841],"grabStrength":0,"id":506,"palmNormal":[0.0140022,-0.987262,-0.158487],"palmPosition":[-7.17093,283.507,21.8445],"palmVelocity":[7.97226,98.3083,-208.324],"palmWidth":90.99,"pinchStrength":0.812785,"r":[[0.741593,0.0455109,0.669305],[0.652753,0.181222,-0.735576],[-0.15477,0.982389,0.104686]],"s":1.28228,"sphereCenter":[-38.5542,263.563,-8.24936],"sphereRadius":56.3307,"stabilizedPalmPosition":[-7.94078,267.698,31.463],"t":[7.21739,20.8326,17.7217],"timeVisible":115.258,"type":"right","wrist":[-3.45443,279.201,76.2542]}],"id":1810505,"interactionBox":{"center":[0,200,0],"size":[235.247,235.247,147.751]},"pointables":[{"bases":[[[0.402648,0.915106,-0.0213529],[-0.836604,0.377372,0.397094],[0.371441,-0.142025,0.91753]],[[0.352752,0.925701,-0.136542],[-0.915988,0.311812,-0.252466],[-0.191133,0.214129,0.957923]],[[0.352752,0.925701,-0.136542],[-0.846617,0.2536,-0.467896],[-0.398505,0.28065,0.873172]],[[0.352752,0.925701,-0.136542],[-0.317872,-0.0186944,-0.947949],[-0.88007,0.377794,0.28766]]],"btipPosition":[11.7457,238.821,-8.46619],"carpPosition":[-31.9793,267.921,75.8546],"dipPosition":[-8.85113,247.663,-1.73392],"direction":[0.398505,-0.28065,-0.873172],"extended":false,"handId":506,"id":5060,"length":52.1164,"mcpPosition":[-31.9793,267.921,75.8546],"pipPosition":[-22.4384,257.232,28.0374],"stabilizedTipPosition":[-3.30428,227.04,15.6256],"timeVisible":115.258,"tipPosition":[7.32441,240.804,-6.39034],"tipVelocity":[-2.62501,84.674,-196.496],"tool":false,"touchDistance":-0.372412,"touchZone":"hovering","type":0,"width":20.25},{"bases":[[[0.995125,0.0292337,-0.0941868],[-0.0283283,0.999539,0.010936],[0.0944631,-0.00821457,0.995494]],[[0.997216,0.0275041,0.0693154],[-0.056868,0.881759,0.46826],[-0.0482403,-0.470898,0.880867]],[[0.997216,0.0275041,0.0693154],[-0.048502,0.945255,0.322707],[-0.056645,-0.32517,0.943957]],[[0.997216,0.0275041,0.0693154],[-0.0396699,0.982724,0.180776],[-0.0631458,-0.183022,0.981079]]],"btipPosition":[-25.8797,320.77,-81.6617],"carpPosition":[-23.4507,288.948,68.9987],"dipPosition":[-26.9586,317.643,-64.8994],"direction":[0.056645,0.32517,-0.943957],"extended":true,"handId":506,"id":5061,"length":58.8075,"mcpPosition":[-30.4003,289.552,-4.23939],"pipPosition":[-28.3278,309.783,-42.0836],"stabilizedTipPosition":[-31.8283,307.345,-61.0362],"timeVisible":115.258,"tipPosition":[-26.319,319.686,-77.9152],"tipVelocity":[39.9661,86.9692,-218.138],"tool":false,"touchDistance":-0.408261,"touchZone":"hovering","type":1,"width":19.3428},{"bases":[[[0.988889,-0.142973,0.040699],[0.142398,0.989668,0.0167084],[-0.0426674,-0.0107273,0.999032]],[[0.988893,-0.142972,0.0406154],[0.0876375,0.340188,-0.936265],[0.120043,0.929425,0.348939]],[[0.988893,-0.142972,0.0406154],[-0.075898,-0.720712,-0.689067],[0.127789,0.678331,-0.723558]],[[0.988893,-0.142972,0.0406154],[-0.132181,-0.970936,-0.199529],[0.067962,0.191944,-0.97905]]],"btipPosition":[-19.1534,224.064,19.7379],"carpPosition":[-11.4331,291.01,67.2837],"dipPosition":[-17.8762,227.671,1.3396],"direction":[-0.127789,-0.678331,0.723558],"extended":false,"handId":506,"id":5062,"length":67.0064,"mcpPosition":[-8.45626,291.759,-2.41679],"pipPosition":[-14.2424,246.96,-19.2358],"stabilizedTipPosition":[-24.84,214.018,33.9982],"timeVisible":115.258,"tipPosition":[-18.8624,225.29,16.684],"tipVelocity":[-11.0595,99.7939,-196.719],"tool":false,"touchDistance":0.333333,"touchZone":"none","type":2,"width":18.9972},{"bases":[[[0.958265,-0.217189,0.185895],[0.211253,0.976078,0.0514119],[-0.192614,-0.00999533,0.981224]],[[0.963301,-0.216822,0.158235],[0.225635,0.334778,-0.914884],[0.145394,0.917012,0.371415]],[[0.963301,-0.216822,0.158235],[-0.0450954,-0.711849,-0.700883],[0.264607,0.668026,-0.695503]],[[0.963301,-0.216822,0.158235],[-0.178418,-0.95764,-0.226038],[0.200542,0.189511,-0.961181]]],"btipPosition":[-4.68873,227.77,26.1436],"carpPosition":[0.819106,290.162,66.9766],"dipPosition":[-0.941798,231.311,8.18494],"direction":[-0.264607,-0.668026,0.695503],"extended":false,"handId":506,"id":5063,"length":64.4285,"mcpPosition":[12.8845,290.789,5.51279],"pipPosition":[6.38834,249.817,-11.0819],"stabilizedTipPosition":[-9.83532,215.342,39.1456],"timeVisible":115.258,"tipPosition":[-3.93466,229,23.2147],"tipVelocity":[-8.59895,91.7158,-215.744],"tool":false,"touchDistance":0.333333,"touchZone":"none","type":3,"width":18.077},{"bases":[[[0.881366,-0.375157,0.287144],[0.339874,0.925672,0.166185],[-0.328147,-0.0488768,0.943361]],[[0.896189,-0.372358,0.241235],[0.365932,0.312902,-0.876462],[0.250875,0.873752,0.416677]],[[0.896189,-0.372358,0.241235],[-0.0871097,-0.680814,-0.727258],[0.435036,0.630747,-0.642575]],[[0.896189,-0.372358,0.241235],[-0.29826,-0.908159,-0.293749],[0.328459,0.191304,-0.924942]]],"btipPosition":[8.59716,238.746,28.0301],"carpPosition":[12.6106,282.442,68.9535],"dipPosition":[14.2587,242.044,12.0871],"direction":[-0.435036,-0.630747,0.642575],"extended":false,"handId":506,"id":5064,"length":50.5107,"mcpPosition":[31.6383,285.276,14.2525],"pipPosition":[22.7675,254.381,-0.480878],"stabilizedTipPosition":[5.68179,223.395,30.1166],"timeVisible":115.258,"tipPosition":[9.56735,239.934,25.3543],"tipVelocity":[0.195797,86.8817,-212.537],"tool":false,"touchDistance":0.333333,"touchZone":"none","type":4,"width":16.0574}],"r":[[0.741593,0.0455109,0.669305],[0.652753,0.181222,-0.735576],[-0.15477,0.982389,0.104686]],"s":1.28228,"t":[7.21739,20.8326,17.7217],"timestamp":97929731133},false],[6,{"currentFrameRate":105.963,"devices":[],"gestures":[],"hands":[{"armBasis":[[0.962061,0.206185,-0.178679],[-0.0450534,0.765966,0.6413],[0.269088,-0.60892,0.746196]],"armWidth":63.72,"confidence":0.698839,"direction":[0.0698258,0.153848,-0.985624],"elbow":[69.5026,116.581,274.256],"grabStrength":0,"id":506,"palmNormal":[0.0104312,-0.988094,-0.153495],"palmPosition":[-6.93935,285.031,18.3583],"palmVelocity":[12.7154,116.476,-254.541],"palmWidth":90.99,"pinchStrength":0.812902,"r":[[0.7407,0.0462755,0.67024],[0.654031,0.178485,-0.73511],[-0.153645,0.982854,0.101938]],"s":1.28177,"sphereCenter":[-38.4049,265.036,-11.5931],"sphereRadius":56.3086,"stabilizedPalmPosition":[-7.93889,267.731,31.4382],"t":[7.29653,22.1244,14.9249],"timeVisible":115.267,"type":"right","wrist":[-3.15128,280.989,72.7833]}],"id":1810506,"interactionBox":{"center":[0,200,0],"size":[235.247,235.247,147.751]},"pointables":[{"bases":[[[0.405689,0.913623,-0.0266284],[-0.834701,0.382199,0.396481],[0.372412,-0.138621,0.917657]],[[0.35549,0.923811,-0.142131],[-0.91546,0.313451,-0.252351],[-0.188573,0.219823,0.95714]],[[0.35549,0.923811,-0.142131],[-0.846521,0.253746,-0.46799],[-0.396269,0.286682,0.872229]],[[0.35549,0.923811,-0.142131],[-0.320324,-0.0224419,-0.947042],[-0.878077,0.382192,0.287941]]],"btipPosition":[11.7598,240.111,-11.7705],"carpPosition":[-31.7145,269.803,72.4856],"dipPosition":[-8.79034,249.056,-5.03169],"direction":[0.396269,-0.286682,-0.872229],"extended":false,"handId":506,"id":5060,"length":52.1164,"mcpPosition":[-31.7145,269.803,72.4856],"pipPosition":[-22.3014,258.83,24.7075],"stabilizedTipPosition":[-3.24365,227.128,15.474],"timeVisible":115.267,"tipPosition":[7.34926,242.128,-9.70139],"tipVelocity":[-1.12261,100.327,-240.532],"tool":false,"touchDistance":-0.413047,"touchZone":"hovering","type":0,"width":20.25},{"bases":[[[0.995068,0.025401,-0.0958911],[-0.0249494,0.999671,0.00590586],[0.0960096,-0.00348431,0.995374]],[[0.997393,0.0244915,0.0678797],[-0.0532801,0.884338,0.463797],[-0.0486695,-0.466205,0.883337]],[[0.997393,0.0244915,0.0678797],[-0.0449035,0.946989,0.318111],[-0.0564904,-0.32033,0.94562]],[[0.997393,0.0244915,0.0678797],[-0.0361458,0.983693,0.176186],[-0.0624578,-0.17818,0.982014]]],"btipPosition":[-25.666,321.839,-85.3041],"carpPosition":[-23.1261,290.767,65.5098],"dipPosition":[-26.7331,318.795,-68.5258],"direction":[0.0564904,0.32033,-0.94562],"extended":true,"handId":506,"id":5061,"length":58.8075,"mcpPosition":[-30.1895,291.023,-7.71953],"pipPosition":[-28.0985,311.052,-45.6698],"stabilizedTipPosition":[-31.8173,307.371,-61.0742],"timeVisible":115.267,"tipPosition":[-26.1076,320.78,-81.5503],"tipVelocity":[35.1277,95.1466,-266.179],"tool":false,"touchDistance":-0.450349,"touchZone":"hovering","type":1,"width":19.3428},{"bases":[[[0.988466,-0.146098,0.0398768],[0.145752,0.989255,0.0114611],[-0.0411228,-0.00551681,0.999139]],[[0.988469,-0.146097,0.0397969],[0.0877508,0.338506,-0.936864],[0.123402,0.929553,0.347423]],[[0.988469,-0.146097,0.0397969],[-0.0789279,-0.721421,-0.687984],[0.129223,0.67691,-0.724634]],[[0.988469,-0.146097,0.0397969],[-0.13558,-0.97098,-0.197016],[0.0674254,0.189348,-0.979592]]],"btipPosition":[-19.125,225.553,16.3261],"carpPosition":[-11.1043,292.78,63.7654],"dipPosition":[-17.8579,229.111,-2.08244],"direction":[-0.129223,-0.67691,0.724634],"extended":false,"handId":506,"id":5062,"length":67.0064,"mcpPosition":[-8.23529,293.165,-5.94249],"pipPosition":[-14.1833,248.36,-22.6884],"stabilizedTipPosition":[-24.8325,214.033,33.9707],"timeVisible":115.267,"tipPosition":[-18.8334,226.769,13.2773],"tipVelocity":[-7.11549,116.111,-244.065],"tool":false,"touchDistance":0.333333,"touchZone":"none","type":2,"width":18.9972},{"bases":[[[0.957822,-0.219473,0.185496],[0.214616,0.975609,0.0461254],[-0.191094,-0.00436968,0.981562]],[[0.962818,-0.219263,0.157817],[0.225317,0.329459,-0.916891],[0.149046,0.918357,0.366613]],[[0.962818,-0.219263,0.157817],[-0.0485882,-0.715197,-0.697232],[0.265747,0.663639,-0.699258]],[[0.962818,-0.219263,0.157817],[-0.181994,-0.958164,-0.22091],[0.199652,0.183974,-0.962441]]],"btipPosition":[-4.63678,229.31,22.9315],"carpPosition":[1.14442,291.889,63.4435],"dipPosition":[-0.90649,232.747,4.94925],"direction":[-0.265747,-0.663639,0.699258],"extended":false,"handId":506,"id":5063,"length":64.4285,"mcpPosition":[13.1146,292.163,1.95851],"pipPosition":[6.45524,251.131,-14.4216],"stabilizedTipPosition":[-9.82452,215.368,39.1093],"timeVisible":115.267,"tipPosition":[-3.88247,230.517,19.9838],"tipVelocity":[-4.6888,111.476,-251.707],"tool":false,"touchDistance":0.333333,"touchZone":"none","type":3,"width":18.077},{"bases":[[[0.880552,-0.376665,0.287666],[0.343248,0.925352,0.160951],[-0.326817,-0.0429856,0.94411]],[[0.895525,-0.374103,0.241001],[0.365068,0.3079,-0.878591],[0.254479,0.874783,0.412305]],[[0.895525,-0.374103,0.241001],[-0.0907626,-0.683724,-0.724074],[0.435656,0.626553,-0.646247]],[[0.895525,-0.374103,0.241001],[-0.301759,-0.908527,-0.289],[0.327072,0.186082,-0.926497]]],"btipPosition":[8.70675,240.238,24.7276],"carpPosition":[12.913,284.139,65.4411],"dipPosition":[14.3444,243.445,8.75776],"direction":[-0.435656,-0.626553,0.646247],"extended":false,"handId":506,"id":5064,"length":50.5107,"mcpPosition":[31.8635,286.631,10.6967],"pipPosition":[22.8653,255.7,-3.88205],"stabilizedTipPosition":[5.69368,223.443,30.0917],"timeVisible":115.267,"tipPosition":[9.67722,241.403,22.0233],"tipVelocity":[3.29384,106.656,-252.176],"tool":false,"touchDistance":0.333333,"touchZone":"none","type":4,"width":16.0574}],"r":[[0.7407,0.0462755,0.67024],[0.654031,0.178485,-0.73511],[-0.153645,0.982854,0.101938]],"s":1.2817