{"sensorType":"Leap","data":[[0,{"currentFrameRate":105.762,"devices":[],"gestures":[],"hands":[{"armBasis":[[0.940125,0.006991,-0.340759],[0.200897,0.796281,0.570593],[0.275329,-0.604886,0.747199]],"armWidth":63.72,"confidence":0.745321,"direction":[0.00113101,0.207119,-0.978315],"elbow":[71.7526,98.8355,281.041],"grabStrength":0,"id":506,"palmNormal":[-0.218966,-0.954523,-0.202335],"palmPosition":[-10.9089,270.85,25.9312],"palmVelocity":[39.1696,123.106,-266.388],"palmWidth":90.99,"pinchStrength":0.729762,"r":[[0.797809,-0.146484,0.584844],[0.597894,0.0673649,-0.798739],[0.0776049,0.986917,0.141327]],"s":1.3063,"sphereCenter":[-47.9321,261.975,-0.951038],"sphereRadius":56.2325,"stabilizedPalmPosition":[-6.51636,259.252,18.5551],"t":[3.01673,7.89589,22.6643],"timeVisible":122.409,"type":"right","wrist":[-2.58629,262.155,79.2969]}],"id":1811251,"interactionBox":{"center":[0,200,0],"size":[235.247,235.247,147.751]},"pointables":[{"bases":[[[0.588702,0.807874,-0.0277419],[-0.68778,0.51863,0.507919],[0.424723,-0.279933,0.860958]],[[0.532653,0.835931,-0.132288],[-0.845154,0.51712,-0.135288],[-0.044683,0.183865,0.981935]],[[0.532653,0.835931,-0.132288],[-0.794322,0.439823,-0.419058],[-0.29212,0.328291,0.898271]],[[0.532653,0.835931,-0.132288],[-0.446095,0.144474,-0.883248],[-0.719222,0.529477,0.449859]]],"btipPosition":[-3.74835,224.488,-8.44976],"carpPosition":[-32.7712,257.251,81.7215],"dipPosition":[-20.5807,236.879,2.07857],"direction":[0.29212,-0.328291,-0.898271],"extended":false,"handId":506,"id":5060,"length":52.1164,"mcpPosition":[-32.7712,257.251,81.7215],"pipPosition":[-30.5408,248.073,32.7057],"stabilizedTipPosition":[-9.75549,219.902,4.46603],"timeVisible":122.409,"tipPosition":[-7.30361,227.107,-5.50848],"tipVelocity":[45.2278,123.792,-268.273],"tool":false,"touchDistance":-0.104028,"touchZone":"hovering","type":0,"width":20.25},{"bases":[[[0.96207,-0.176627,-0.207905],[0.192407,0.979592,0.0581361],[0.193394,-0.0959334,0.97642]],[[0.980671,-0.189798,-0.0475434],[0.185817,0.82731,0.530123],[-0.0612828,-0.528711,0.846587]],[[0.980671,-0.189798,-0.0475434],[0.193025,0.898709,0.39378],[-0.0320108,-0.395346,0.917974]],[[0.980671,-0.189798,-0.0475434],[0.195619,0.946025,0.2584],[-0.00406643,-0.262706,0.964867]]],"btipPosition":[-31.3598,320.218,-72.027],"carpPosition":[-20.608,276.402,74.8523],"dipPosition":[-31.4293,315.73,-55.5417],"direction":[0.0320108,0.395346,-0.917974],"extended":true,"handId":506,"id":5061,"length":58.8075,"mcpPosition":[-34.8359,283.459,3.01753],"pipPosition":[-32.203,306.174,-33.3539],"stabilizedTipPosition":[-36.8007,309.983,-52.2033],"timeVisible":122.409,"tipPosition":[-31.1968,318.797,-68.3846],"tipVelocity":[74.6818,122.859,-274.761],"tool":false,"touchDistance":-0.0566973,"touchZone":"hovering","type":1,"width":19.3428},{"bases":[[[0.932361,-0.352355,-0.0809199],[0.356486,0.933284,0.0435733],[0.0601679,-0.0694729,0.995768]],[[0.933064,-0.353227,-0.0679933],[0.0514289,0.318078,-0.946669],[0.356016,0.879805,0.314953]],[[0.933064,-0.353227,-0.0679933],[-0.329107,-0.761992,-0.557725],[0.145193,0.54277,-0.827237]],[[0.933064,-0.353227,-0.0679933],[-0.353451,-0.935409,0.0091073],[-0.0668185,0.0155346,-0.997644]]],"btipPosition":[-32.9066,222.688,29.4615],"carpPosition":[-8.67556,275.974,71.8437],"dipPosition":[-34.1622,222.98,10.7137],"direction":[-0.145193,-0.54277,0.827237],"extended":false,"handId":506,"id":5062,"length":67.0064,"mcpPosition":[-12.8734,280.821,2.37095],"pipPosition":[-30.0335,238.414,-12.8099],"stabilizedTipPosition":[-22.9398,210.554,16.8492],"timeVisible":122.409,"tipPosition":[-32.9601,223.152,26.4758],"tipVelocity":[31.4949,114.92,-312.176],"tool":false,"touchDistance":0.333333,"touchZone":"none","type":2,"width":18.9972},{"bases":[[[0.901509,-0.428084,0.0634446],[0.423924,0.903035,0.0694013],[-0.0870023,-0.0356703,0.995569]],[[0.902263,-0.427742,0.0543922],[0.197997,0.298941,-0.933505],[0.383039,0.853036,0.354415]],[[0.902263,-0.427742,0.0543922],[-0.315025,-0.740061,-0.594196],[0.294416,0.518986,-0.802479]],[[0.902263,-0.427742,0.0543922],[-0.426655,-0.903889,-0.0308251],[0.0623498,0.00460567,-0.998044]]],"btipPosition":[-17.9911,222.222,32.7569],"carpPosition":[2.99397,272.564,70.0768],"dipPosition":[-16.8261,222.308,14.1094],"direction":[-0.294416,-0.518986,0.802479],"extended":false,"handId":506,"id":5063,"length":64.4285,"mcpPosition":[8.44379,274.798,7.71429],"pipPosition":[-8.67024,236.685,-8.12084],"stabilizedTipPosition":[-8.4003,211.465,22.904],"timeVisible":122.409,"tipPosition":[-17.57,222.69,29.8409],"tipVelocity":[33.3886,112.588,-309.045],"tool":false,"touchDistance":0.333333,"touchZone":"none","type":3,"width":18.077},{"bases":[[[0.802861,-0.572619,0.165899],[0.549618,0.818736,0.166106],[-0.230943,-0.0421788,0.972053]],[[0.806612,-0.571833,0.149614],[0.339329,0.240728,-0.909344],[0.483976,0.784256,0.388214]],[[0.806612,-0.571833,0.149614],[-0.373484,-0.68926,-0.62083],[0.458134,0.444891,-0.769536]],[[0.806612,-0.571833,0.149614],[-0.564597,-0.820299,-0.0913209],[0.174948,-0.0108109,-0.984518]]],"btipPosition":[-2.74788,228.597,32.2566],"carpPosition":[12.9499,262.397,70.3271],"dipPosition":[0.267667,228.41,15.2867],"direction":[-0.458134,-0.444891,0.769536],"extended":false,"handId":506,"id":5064,"length":50.5107,"mcpPosition":[26.3412,264.842,13.9624],"pipPosition":[9.22821,237.112,0.2355],"stabilizedTipPosition":[6.75369,216.745,16.6627],"timeVisible":122.409,"tipPosition":[-2.12527,228.934,29.3011],"tipVelocity":[41.753,114.066,-284.599],"tool":false,"touchDistance":0.333333,"touchZone":"none","type":4,"width":16.0574}],"r":[[0.797809,-0.146484,0.584844],[0.597894,0.0673649,-0.798739],[0.0776049,0.986917,0.141327]],"s":1.3063,"t":[3.01673,7.89589,22.6643],"timestamp":97936881995},false],[1,{"currentFrameRate":106.02,"devices":[],"gestures":[],"hands":[{"armBasis":[[0.939707,0.0121832,-0.341764],[0.195939,0.799887,0.567264],[0.280284,-0.600027,0.749272]],"armWidth":63.72,"confidence":0.745817,"direction":[0.00537513,0.204258,-0.978902],"elbow":[73.3105,101.209,279.519],"grabStrength":0,"id":506,"palmNormal":[-0.215156,-0.955753,-0.200609],"palmPosition":[-10.4496,271.731,23.7837],"palmVelocity":[42.4836,116.332,-259.114],"palmWidth":90.99,"pinchStrength":0.729057,"r":[[0.795868,-0.145894,0.58763],[0.60062,0.0676417,-0.796668],[0.0764806,0.986985,0.141461]],"s":1.30473,"sphereCenter":[-47.323,262.649,-3.28966],"sphereRadius":56.2118,"stabilizedPalmPosition":[-6.51899,259.26,18.5586],"t":[3.4411,9.0059,20.1089],"timeVisible":122.418,"type":"right","wrist":[-2.36624,263.216,77.2152]}],"id":1811252,"interactionBox":{"center":[0,200,0],"size":[235.247,235.247,147.751]},"pointables":[{"bases":[[[0.586457,0.809523,-0.0272023],[-0.691811,0.518082,0.50298],[0.421267,-0.276158,0.86387]],[[0.530725,0.837152,-0.132315],[-0.84608,0.514139,-0.140749],[-0.0497999,0.186648,0.981164]],[[0.530725,0.837152,-0.132315],[-0.793847,0.436321,-0.423592],[-0.296879,0.329849,0.896137]],[[0.530725,0.837152,-0.132315],[-0.443583,0.141335,-0.885019],[-0.722195,0.528395,0.446356]]],"btipPosition":[-3.03817,225.3,-10.4732],"carpPosition":[-32.5483,258.23,79.5048],"dipPosition":[-19.9401,237.667,-0.0268683],"direction":[0.296879,-0.329849,-0.896137],"extended":false,"handId":506,"id":5060,"length":52.1164,"mcpPosition":[-32.5483,258.23,79.5048],"pipPosition":[-30.0624,248.913,30.5275],"stabilizedTipPosition":[-9.75031,219.918,4.44308],"timeVisible":122.418,"tipPosition":[-6.60332,227.921,-7.55214],"tipVelocity":[54.0553,114.58,-257.271],"tool":false,"touchDistance":-0.138066,"touchZone":"hovering","type":0,"width":20.25},{"bases":[[[0.963604,-0.174394,-0.202619],[0.189238,0.980321,0.0562071],[0.188829,-0.0925046,0.977643]],[[0.981453,-0.18705,-0.0419728],[0.180726,0.829789,0.528004],[-0.0639348,-0.525797,0.848204]],[[0.981453,-0.18705,-0.0419728],[0.1884,0.900686,0.391498],[-0.0354256,-0.392145,0.919221]],[[0.981453,-0.18705,-0.0419728],[0.19153,0.9475,0.256048],[-0.00812472,-0.259338,0.965752]]],"btipPosition":[-30.5577,320.701,-74.4444],"carpPosition":[-20.4074,277.397,72.6397],"dipPosition":[-30.6965,316.27,-57.944],"direction":[0.0354256,0.392145,-0.919221],"extended":true,"handId":506,"id":5061,"length":58.8075,"mcpPosition":[-34.2995,284.202,0.714846],"pipPosition":[-31.5527,306.792,-35.726],"stabilizedTipPosition":[-36.7793,310.016,-52.2667],"timeVisible":122.418,"tipPosition":[-30.4151,319.324,-70.7821],"tipVelocity":[78.2655,104.408,-273.331],"tool":false,"touchDistance":-0.0969295,"touchZone":"hovering","type":1,"width":19.3428},{"bases":[[[0.933782,-0.349837,-0.0752659],[0.353523,0.934456,0.0425932],[0.055432,-0.0663809,0.996253]],[[0.93443,-0.350679,-0.0621742],[0.0573045,0.320341,-0.945567],[0.351507,0.880003,0.319432]],[[0.93443,-0.350679,-0.0621742],[-0.323369,-0.762244,-0.560729],[0.149244,0.544067,-0.825662]],[[0.93443,-0.350679,-0.0621742],[-0.350868,-0.936389,0.00820882],[-0.0610979,0.0141444,-0.998032]]],"btipPosition":[-32.365,223.473,27.0219],"carpPosition":[-8.45902,276.996,69.6914],"dipPosition":[-33.5132,223.739,8.26686],"direction":[-0.149244,-0.544067,0.825662],"extended":false,"handId":506,"id":5062,"length":67.0064,"mcpPosition":[-12.3264,281.627,0.184774],"pipPosition":[-29.2692,239.21,-15.212],"stabilizedTipPosition":[-22.9512,210.569,16.8561],"timeVisible":122.418,"tipPosition":[-32.4049,223.918,24.0431],"tipVelocity":[40.173,107.295,-301.35],"tool":false,"touchDistance":0.333333,"touchZone":"none","type":2,"width":18.9972},{"bases":[[[0.902437,-0.425234,0.0691661],[0.420921,0.904481,0.0688436],[-0.0918341,-0.0330136,0.995227]],[[0.90324,-0.424914,0.0600528],[0.20409,0.302239,-0.931128],[0.377498,0.853288,0.359715]],[[0.90324,-0.424914,0.0600528],[-0.308367,-0.739981,-0.597778],[0.298442,0.521418,-0.799409]],[[0.90324,-0.424914,0.0600528],[-0.423662,-0.905224,-0.0328626],[0.068325,0.00424066,-0.997654]]],"btipPosition":[-17.4289,223.035,30.3648],"carpPosition":[3.22909,273.615,67.9923],"dipPosition":[-16.1523,223.114,11.7246],"direction":[-0.298442,-0.521418,0.799409],"extended":false,"handId":506,"id":5063,"length":64.4285,"mcpPosition":[8.98158,275.683,5.65129],"pipPosition":[-7.8849,237.558,-10.4207],"stabilizedTipPosition":[-8.41262,211.482,22.9084],"timeVisible":122.418,"tipPosition":[-17.0003,223.491,27.46],"tipVelocity":[42.2067,106.565,-297.524],"tool":false,"touchDistance":0.333333,"touchZone":"none","type":3,"width":18.077},{"bases":[[[0.803706,-0.569759,0.171556],[0.54638,0.820837,0.166417],[-0.235637,-0.0400157,0.971017]],[[0.807707,-0.568971,0.154537],[0.342867,0.240059,-0.908193],[0.479637,0.786539,0.388979]],[[0.807707,-0.568971,0.154537],[-0.368613,-0.691897,-0.620809],[0.460146,0.444467,-0.76858]],[[0.807707,-0.568971,0.154537],[-0.561744,-0.822254,-0.0913351],[0.179036,-0.0130382,-0.983756]]],"btipPosition":[-2.16853,229.518,30.2525],"carpPosition":[13.2135,263.478,68.3218],"dipPosition":[0.917478,229.293,13.2957],"direction":[-0.460146,-0.444467,0.76858],"extended":false,"handId":506,"id":5064,"length":50.5107,"mcpPosition":[26.877,265.798,12.0172],"pipPosition":[9.91738,237.987,-1.73677],"stabilizedTipPosition":[6.73682,216.771,16.6826],"timeVisible":122.418,"tipPosition":[-1.54255,229.838,27.2779],"tipVelocity":[48.5194,110.743,-267.874],"tool":false,"touchDistance":0.333333,"touchZone":"none","type":4,"width":16.0574}],"r":[[0.795868,-0.145894,0.58763],[0.60062,0.0676417,-0.796668],[0.0764806,0.986985,0.141461]],"s":1.30473,"t":[3.4411,9.0059,20.1089],"timestamp":97936890951},false],[2,{"currentFrameRate":105.787,"devices":[],"gestures":[],"hands":[{"armBasis":[[0.941655,0.00913301,-0.336456],[0.19426,0.801584,0.565444],[0.274862,-0.597813,0.753041]],"armWidth":63.72,"confidence":0.701702,"direction":[0.00653974,0.202633,-0.979233],"elbow":[72.0248,102.4,279.435],"grabStrength":0,"id":506,"palmNormal":[-0.213736,-0.956341,-0.199323],"palmPosition":[-10.2045,272.226,22.6567],"palmVelocity":[37.2285,96.6445,-216.009],"palmWidth":90.99,"pinchStrength":0.736074,"r":[[0.794173,-0.145037,0.59013],[0.603008,0.0677418,-0.794854],[0.0753069,0.987104,0.141257]],"s":1.30305,"sphereCenter":[-47.0414,263.016,-4.48781],"sphereRadius":56.1862,"stabilizedPalmPosition":[-6.53029,259.3,18.5712],"t":[3.77582,9.80833,18.2676],"timeVisible":122.427,"type":"right","wrist":[-2.18786,263.81,76.1138]}],"id":1811253,"interactionBox":{"center":[0,200,0],"size":[235.247,235.247,147.751]},"pointables":[{"bases":[[[0.585537,0.810172,-0.0277112],[-0.693146,0.518098,0.501122],[0.420352,-0.274217,0.864933]],[[0.529763,0.837616,-0.133231],[-0.846607,0.512779,-0.142527],[-0.0510647,0.188299,0.980783]],[[0.529763,0.837616,-0.133231],[-0.794192,0.434772,-0.424537],[-0.297674,0.330715,0.895554]],[[0.529763,0.837616,-0.133231],[-0.444347,0.140298,-0.884801],[-0.722431,0.527935,0.446517]]],"btipPosition":[-2.76134,225.761,-11.5745],"carpPosition":[-32.3672,258.792,78.3684],"dipPosition":[-19.6688,238.116,-1.12437],"direction":[0.297674,-0.330715,-0.895554],"extended":false,"handId":506,"id":5060,"length":52.1164,"mcpPosition":[-32.3672,258.792,78.3684],"pipPosition":[-29.8182,249.392,29.4101],"stabilizedTipPosition":[-9.73267,219.967,4.36562],"timeVisible":122.427,"tipPosition":[-6.3169,228.386,-8.65413],"tipVelocity":[46.2783,94.3011,-213.913],"tool":false,"touchDistance":-0.156406,"touchZone":"hovering","type":0,"width":20.25},{"bases":[[[0.9641,-0.173588,-0.200945],[0.187997,0.980637,0.0548431],[0.187534,-0.0906511,0.978066]],[[0.981739,-0.185967,-0.0400642],[0.178963,0.831441,0.526002],[-0.0645081,-0.523566,0.849539]],[[0.981739,-0.185967,-0.0400642],[0.186742,0.901942,0.389395],[-0.0362792,-0.389766,0.920199]],[[0.981739,-0.185967,-0.0400642],[0.19001,0.94837,0.253949],[-0.00923053,-0.256924,0.966387]]],"btipPosition":[-30.23,320.934,-75.7183],"carpPosition":[-20.2392,277.961,71.4888],"dipPosition":[-30.3877,316.545,-59.207],"direction":[0.0362792,0.389766,-0.920199],"extended":true,"handId":506,"id":5061,"length":58.8075,"mcpPosition":[-34.036,284.63,-0.467185],"pipPosition":[-31.2646,307.124,-36.9654],"stabilizedTipPosition":[-36.698,310.14,-52.512],"timeVisible":122.427,"tipPosition":[-30.0981,319.609,-72.0332],"tipVelocity":[64.7311,80.6931,-230.341],"tool":false,"touchDistance":-0.118119,"touchZone":"hovering","type":1,"width":19.3428},{"bases":[[[0.934303,-0.348854,-0.0733423],[0.352354,0.934944,0.0415414],[0.0540791,-0.0646547,0.996441]],[[0.934938,-0.349681,-0.0601131],[0.0600698,0.322975,-0.944499],[0.349689,0.879437,0.322967]],[[0.934938,-0.349681,-0.0601131],[-0.321034,-0.761563,-0.562991],[0.151087,0.54566,-0.824274]],[[0.934938,-0.349681,-0.0601131],[-0.349873,-0.936766,0.00765568],[-0.0589889,0.0138743,-0.998162]]],"btipPosition":[-32.1021,223.914,25.6683],"carpPosition":[-8.28614,277.569,68.5583],"dipPosition":[-33.2106,224.174,6.91081],"direction":[-0.151087,-0.54566,0.824274],"extended":false,"handId":506,"id":5062,"length":67.0064,"mcpPosition":[-12.0591,282.08,-0.961432],"pipPosition":[-28.9143,239.691,-16.5286],"stabilizedTipPosition":[-22.9619,210.585,16.8612],"timeVisible":122.427,"tipPosition":[-32.1404,224.342,22.6822],"tipVelocity":[36.4136,88.6192,-252.524],"tool":false,"touchDistance":0.333333,"touchZone":"none","type":2,"width":18.9972},{"bases":[[[0.902839,-0.424047,0.0711702],[0.41975,0.905094,0.0679385],[-0.0932247,-0.0314639,0.995148]],[[0.90366,-0.423739,0.0620031],[0.207055,0.305571,-0.929384],[0.37487,0.852685,0.363869]],[[0.90366,-0.423739,0.0620031],[-0.305317,-0.73899,-0.600563],[0.300302,0.523774,-0.79717]],[[0.90366,-0.423739,0.0620031],[-0.422386,-0.905772,-0.0341632],[0.0706369,0.00468266,-0.997491]]],"btipPosition":[-17.1398,223.476,29.0083],"carpPosition":[3.4084,274.2,66.8816],"dipPosition":[-15.82,223.563,10.3712],"direction":[-0.300302,-0.523774,0.79717],"extended":false,"handId":506,"id":5063,"length":64.4285,"mcpPosition":[9.248,276.17,4.54556],"pipPosition":[-7.50105,238.073,-11.712],"stabilizedTipPosition":[-8.42407,211.498,22.9109],"timeVisible":122.427,"tipPosition":[-16.7135,223.92,26.097],"tipVelocity":[38.657,88.2209,-249.881],"tool":false,"touchDistance":0.333333,"touchZone":"none","type":3,"width":18.077},{"bases":[[[0.804133,-0.568518,0.173659],[0.545168,0.821761,0.165831],[-0.236984,-0.038677,0.970743]],[[0.808541,-0.567669,0.154962],[0.346557,0.246546,-0.905049],[0.475563,0.785472,0.396072]],[[0.808541,-0.567669,0.154962],[-0.364231,-0.689636,-0.62589],[0.462166,0.449616,-0.764361]],[[0.808541,-0.567669,0.154962],[-0.559831,-0.823192,-0.094569],[0.181248,-0.01029,-0.983384]]],"btipPosition":[-1.83317,229.927,28.8492],"carpPosition":[13.4043,264.075,67.2424],"dipPosition":[1.29096,229.75,11.8988],"direction":[-0.462166,-0.449616,0.764361],"extended":false,"handId":506,"id":5064,"length":50.5107,"mcpPosition":[27.1459,266.318,10.9536],"pipPosition":[10.3304,238.544,-3.05115],"stabilizedTipPosition":[6.72084,216.798,16.6994],"timeVisible":122.427,"tipPosition":[-1.2098,230.266,25.9251],"tipVelocity":[44.4482,90.4685,-230.426],"tool":false,"touchDistance":0.333333,"touchZone":"none","type":4,"width":16.0574}],"r":[[0.794173,-0.145037,0.59013],[0.603008,0.0677418,-0.794854],[0.0753069,0.987104,0.141257]],"s":1.30305,"t":[3.77582,9.80833,18.2676],"timestamp":97936900835},false],[3,{"currentFrameRate":106.033,"devices":[],"gestures":[],"hands":[{"armBasis":[[0.941526,0.0117285,-0.336736],[0.190969,0.8048,0.561986],[0.277596,-0.593431,0.7555]],"armWidth":63.72,"confidence":0.705676,"direction":[0.0116824,0.208939,-0.977859],"elbow":[72.8101,103.988,278.502],"grabStrength":0,"id":506,"palmNormal":[-0.211166,-0.955355,-0.206654],"palmPosition":[-9.87261,272.963,21.0711],"palmVelocity":[37.1573,92.6507,-205.22],"palmWidth":90.99,"pinchStrength":0.738732,"r":[[0.792194,-0.144875,0.592824],[0.605777,0.0690261,-0.792635],[0.0739128,0.987039,0.142444]],"s":1.30143,"sphereCenter":[-46.5698,263.869,-6.36824],"sphereRadius":56.179,"stabilizedPalmPosition":[-6.54273,259.351,18.5805],"t":[4.10912,10.5779,16.5542],"timeVisible":122.436,"type":"right","wrist":[-2.1409,264.215,74.5169]}],"id":1811254,"interactionBox":{"center":[0,200,0],"size":[235.247,235.247,147.751]},"pointables":[{"bases":[[[0.584447,0.811204,-0.0192383],[-0.696713,0.513831,0.500568],[0.415948,-0.279152,0.865483]],[[0.529092,0.83929,-0.125115],[-0.846681,0.512327,-0.143712],[-0.0565159,0.18197,0.981679]],[[0.529092,0.83929,-0.125115],[-0.792835,0.436388,-0.425415],[-0.302448,0.32428,0.896308]],[[0.529092,0.83929,-0.125115],[-0.441139,0.146097,-0.885467],[-0.724885,0.523687,0.447542]]],"btipPosition":[-2.22649,226.741,-13.4664],"carpPosition":[-32.3247,259.137,76.5709],"dipPosition":[-19.1914,238.997,-2.99231],"direction":[0.302448,-0.32428,-0.896308],"extended":false,"handId":506,"id":5060,"length":52.1164,"mcpPosition":[-32.3247,259.137,76.5709],"pipPosition":[-29.5036,250.054,27.5678],"stabilizedTipPosition":[-9.70994,220.027,4.26835],"timeVisible":122.436,"tipPosition":[-5.78975,229.345,-10.5432],"tipVelocity":[49.5198,97.688,-212.879],"tool":false,"touchDistance":-0.187846,"touchZone":"hovering","type":0,"width":20.25},{"bases":[[[0.965467,-0.170857,-0.196676],[0.186194,0.980543,0.0621915],[0.182224,-0.0966639,0.978494]],[[0.982231,-0.184253,-0.0356727],[0.174737,0.828499,0.53203],[-0.0684731,-0.52881,0.845974]],[[0.982231,-0.184253,-0.0356727],[0.183167,0.899756,0.396093],[-0.0408846,-0.395589,0.917517]],[[0.982231,-0.184253,-0.0356727],[0.187126,0.946984,0.261163],[-0.0143385,-0.263197,0.964635]]],"btipPosition":[-29.419,322.257,-77.1083],"carpPosition":[-20.1878,278.369,69.8823],"dipPosition":[-29.6639,317.761,-60.6269],"direction":[0.0408846,0.395589,-0.917517],"extended":true,"handId":506,"id":5061,"length":58.8075,"mcpPosition":[-33.5939,285.48,-2.10513],"pipPosition":[-30.6521,308.199,-38.4502],"stabilizedTipPosition":[-36.5647,310.344,-52.896],"timeVisible":122.436,"tipPosition":[-29.3114,320.921,-73.4251],"tipVelocity":[71.1367,98.2117,-209.865],"tool":false,"touchDistance":-0.141401,"touchZone":"hovering","type":1,"width":19.3428},{"bases":[[[0.935227,-0.346985,-0.0703712],[0.350693,0.935181,0.0495132],[0.0486294,-0.0709848,0.996291]],[[0.935798,-0.347911,-0.056922],[0.0666664,0.333193,-0.940499],[0.346176,0.876322,0.334995]],[[0.935798,-0.347911,-0.056922],[-0.316118,-0.756642,-0.572331],[0.15605,0.55358,-0.818045]],[[0.935798,-0.347911,-0.056922],[-0.348545,-0.937291,-0.00129425],[-0.0529022,0.021051,-0.998378]]],"btipPosition":[-31.7399,224.589,23.3837],"carpPosition":[-8.21798,278.013,67.0161],"dipPosition":[-32.7341,224.985,4.62217],"direction":[-0.15605,-0.55358,0.818045],"extended":false,"handId":506,"id":5062,"length":67.0064,"mcpPosition":[-11.6108,282.966,-2.49319],"pipPosition":[-28.2966,240.727,-18.6401],"stabilizedTipPosition":[-22.9701,210.598,16.8632],"timeVisible":122.436,"tipPosition":[-31.7651,225.018,20.3996],"tipVelocity":[38.2936,85.9115,-253.092],"tool":false,"touchDistance":0.333333,"touchZone":"none","type":2,"width":18.9972},{"bases":[[[0.903074,-0.423153,0.0734774],[0.417986,0.905261,0.0760934],[-0.0987153,-0.0380054,0.99439]],[[0.903934,-0.42279,0.0644373],[0.214007,0.316716,-0.924063],[0.370276,0.849082,0.37677]],[[0.903934,-0.42279,0.0644373],[-0.299325,-0.733051,-0.61077],[0.305463,0.532808,-0.789182]],[[0.903934,-0.42279,0.0644373],[-0.420632,-0.90613,-0.0446876],[0.077282,0.0132903,-0.996921]]],"btipPosition":[-16.7753,224.108,26.7489],"carpPosition":[3.49083,274.672,65.383],"dipPosition":[-15.3314,224.356,8.12242],"direction":[-0.305463,-0.532808,0.789182],"extended":false,"handId":506,"id":5063,"length":64.4285,"mcpPosition":[9.67436,277.053,3.09445],"pipPosition":[-6.86943,239.116,-13.7395],"stabilizedTipPosition":[-8.43278,211.512,22.9104],"timeVisible":122.436,"tipPosition":[-16.3357,224.566,23.8482],"tipVelocity":[40.061,84.4675,-250.303],"tool":false,"touchDistance":0.333333,"touchZone":"none","type":3,"width":18.077},{"bases":[[[0.804019,-0.568427,0.174484],[0.542984,0.821487,0.174147],[-0.242326,-0.0452752,0.969138]],[[0.808898,-0.567359,0.154234],[0.35185,0.256954,-0.900098],[0.471048,0.782354,0.407474]],[[0.808898,-0.567359,0.154234],[-0.358836,-0.684198,-0.634909],[0.465748,0.458232,-0.757035]],[[0.808898,-0.567359,0.154234],[-0.557669,-0.823469,-0.104422],[0.186252,-0.00154479,-0.982501]]],"btipPosition":[-1.42442,230.586,26.8727],"carpPosition":[13.5,264.56,65.7344],"dipPosition":[1.78596,230.559,9.93752],"direction":[-0.465748,-0.458232,0.757035],"extended":false,"handId":506,"id":5064,"length":50.5107,"mcpPosition":[27.5513,267.185,9.53878],"pipPosition":[10.8954,239.522,-4.86919],"stabilizedTipPosition":[6.70845,216.821,16.7099],"timeVisible":122.436,"tipPosition":[-0.79738,230.947,23.9543],"tipVelocity":[45.3509,86.8437,-227.512],"tool":false,"touchDistance":0.333333,"touchZone":"none","type":4,"width":16.0574}],"r":[[0.792194,-0.144875,0.592824],[0.605777,0.0690261,-0.792635],[0.0739128,0.987039,0.142444]],"s":1.30143,"t":[4.10912,10.5779,16.5542],"timestamp":97936909812},false],[4,{"currentFrameRate":105.913,"devices":[],"gestures":[],"hands":[{"armBasis":[[0.94368,0.00525008,-0.330818],[0.191378,0.80697,0.558725],[0.269893,-0.590569,0.760517]],"armWidth":63.72,"confidence":0.707667,"direction":[0.0146625,0.207097,-0.978211],"elbow":[71.0188,106.052,277.469],"grabStrength":0,"id":506,"palmNormal":[-0.212551,-0.955311,-0.205435],"palmPosition":[-9.42665,274.17,18.6468],"palmVelocity":[39.7794,102.069,-218.53],"palmWidth":90.99,"pinchStrength":0.744378,"r":[[0.790233,-0.144847,0.595442],[0.608429,0.0695149,-0.790558],[0.073118,0.987009,0.143062]],"s":1.29964,"sphereCenter":[-46.1045,265.08,-8.91745],"sphereRadius":56.1633,"stabilizedPalmPosition":[-6.55333,259.405,18.5807],"t":[4.49874,11.5664,14.4854],"timeVisible":122.446,"type":"right","wrist":[-1.85248,265.506,72.1289]}],"id":1811255,"interactionBox":{"center":[0,200,0],"size":[235.247,235.247,147.751]},"pointables":[{"bases":[[[0.586131,0.809989,-0.0192107],[-0.696982,0.516162,0.497787],[0.413118,-0.278379,0.867086]],[[0.530869,0.838078,-0.125712],[-0.845452,0.513567,-0.14649],[-0.0582091,0.18405,0.981192]],[[0.530869,0.838078,-0.125712],[-0.791394,0.43721,-0.42725],[-0.303107,0.326301,0.895351]],[[0.530869,0.838078,-0.125712],[-0.441289,0.146736,-0.885287],[-0.723493,0.525447,0.447732]]],"btipPosition":[-1.87913,227.883,-15.8716],"carpPosition":[-32.0517,260.493,74.1132],"dipPosition":[-18.8115,240.18,-5.39309],"direction":[0.303107,-0.326301,-0.895351],"extended":false,"handId":506,"id":5060,"length":52.1164,"mcpPosition":[-32.0517,260.493,74.1132],"pipPosition":[-29.1461,251.306,25.1345],"stabilizedTipPosition":[-9.68612,220.092,4.16106],"timeVisible":122.446,"tipPosition":[-5.42066,230.503,-12.9441],"tipVelocity":[45.7889,103.945,-223.352],"tool":false,"touchDistance":-0.227916,"touchZone":"hovering","type":0,"width":20.25},{"bases":[[[0.965631,-0.173165,-0.193829],[0.188009,0.98028,0.0608613],[0.179467,-0.0952111,0.979146]],[[0.981953,-0.186312,-0.0325043],[0.174966,0.829673,0.530123],[-0.0718,-0.526242,0.847298]],[[0.981953,-0.186312,-0.0325043],[0.183892,0.900424,0.394234],[-0.0441827,-0.393096,0.918435]],[[0.981953,-0.186312,-0.0325043],[0.18831,0.947219,0.259452],[-0.0175503,-0.260891,0.965209]]],"btipPosition":[-28.6095,323.26,-79.7067],"carpPosition":[-19.8586,279.688,67.4208],"dipPosition":[-28.9093,318.802,-63.2155],"direction":[0.0441827,0.393096,-0.918435],"extended":true,"handId":506,"id":5061,"length":58.8075,"mcpPosition":[-33.0619,286.692,-4.61459],"pipPosition":[-29.9772,309.301,-41.0165],"stabilizedTipPosition":[-36.4303,310.547,-53.2883],"timeVisible":122.446,"tipPosition":[-28.5235,321.966,-76.0038],"tipVelocity":[74.4399,100.086,-227.006],"tool":false,"touchDistance":-0.184669,"touchZone":"hovering","type":1,"width":19.3428},{"bases":[[[0.934706,-0.348996,-0.067277],[0.352448,0.934563,0.0486982],[0.0458791,-0.0692302,0.996545]],[[0.935248,-0.349914,-0.0535856],[0.0731087,0.339038,-0.937928],[0.346362,0.873277,0.342667]],[[0.935248,-0.349914,-0.0535856],[-0.314928,-0.753324,-0.577341],[0.161653,0.556833,-0.814743]],[[0.935248,-0.349914,-0.0535856],[-0.350581,-0.936527,-0.00328473],[-0.049035,0.0218581,-0.998558]]],"btipPosition":[-31.4531,225.796,20.4762],"carpPosition":[-7.88206,279.303,64.5866],"dipPosition":[-32.3745,226.206,1.71129],"direction":[-0.161653,-0.556833,0.814743],"extended":false,"handId":506,"id":5062,"length":67.0064,"mcpPosition":[-11.083,284.133,-4.94038],"pipPosition":[-27.7777,242.041,-21.4571],"stabilizedTipPosition":[-22.978,210.611,16.8626],"timeVisible":122.446,"tipPosition":[-31.4646,226.214,17.5351],"tipVelocity":[36.2891,97.3621,-267.05],"tool":false,"touchDistance":0.333333,"touchZone":"none","type":2,"width":18.9972},{"bases":[[[0.902023,-0.424832,0.0766278],[0.419611,0.904558,0.07551],[-0.101393,-0.0359579,0.994196]],[[0.902907,-0.424488,0.0675933],[0.219031,0.319064,-0.922076],[0.369843,0.847354,0.381061]],[[0.902907,-0.424488,0.0675933],[-0.298019,-0.731546,-0.613209],[0.309747,0.533526,-0.787024]],[[0.902907,-0.424488,0.0675933],[-0.422234,-0.905348,-0.0454303],[0.08048,0.0124791,-0.996678]]],"btipPosition":[-16.4333,225.315,24.1124],"carpPosition":[3.82422,275.935,62.9904],"dipPosition":[-14.9296,225.548,5.49044],"direction":[-0.309747,-0.533526,0.787024],"extended":false,"handId":506,"id":5063,"length":64.4285,"mcpPosition":[10.1755,278.187,0.71396],"pipPosition":[-6.34895,240.328,-16.3117],"stabilizedTipPosition":[-8.44102,211.527,22.9071],"timeVisible":122.446,"tipPosition":[-15.9943,225.75,21.2052],"tipVelocity":[39.1164,96.1573,-256.843],"tool":false,"touchDistance":0.333333,"touchZone":"none","type":3,"width":18.077},{"bases":[[[0.802411,-0.569718,0.177643],[0.544183,0.820715,0.174046],[-0.244951,-0.0429856,0.968582]],[[0.808015,-0.568534,0.154534],[0.35609,0.262302,-0.896882],[0.469373,0.779723,0.414393]],[[0.808015,-0.568534,0.154534],[-0.35657,-0.680705,-0.639921],[0.469009,0.461963,-0.752742]],[[0.808015,-0.568534,0.154534],[-0.558199,-0.82266,-0.107912],[0.188481,0.000933756,-0.982076]]],"btipPosition":[-1.00312,231.674,24.2214],"carpPosition":[13.812,265.803,63.3868],"dipPosition":[2.24568,231.69,7.29353],"direction":[-0.469009,-0.461963,0.752742],"extended":false,"handId":506,"id":5064,"length":50.5107,"mcpPosition":[28.0156,268.296,7.2234],"pipPosition":[11.4189,240.726,-7.42921],"stabilizedTipPosition":[6.69694,216.845,16.7159],"timeVisible":122.446,"tipPosition":[-0.385552,232.056,21.3385],"tipVelocity":[45.1069,94.65,-241.124],"tool":false,"touchDistance":0.333333,"touchZone":"none","type":4,"width":16.0574}],"r":[[0.790233,-0.144847,0.595442],[0.608429,0.0695149,-0.790558],[0.073118,0.987009,0.143062]],"s":1.29964,"t":[4.49874,11.5664,14.4854],"timestamp":97936919475},false],[5,{"currentFrameRate":105.983,"devices":[],"gestures":[],"hands":[{"armBasis":[[0.943296,0.00313935,-0.331938],[0.191956,0.810655,0.553165],[0.270824,-0.585516,0.764085]],"armWidth":63.72,"confidence":0.709856,"direction":[0.0175034,0.219697,-0.975411],"elbow":[71.6876,107.924,276.114],"grabStrength":0,"id":506,"palmNormal":[-0.212304,-0.952498,-0.218346],"palmPosition":[-8.8545,275.37,16.4242],"palmVelocity":[45.9096,109.659,-224.266],"palmWidth":90.99,"pinchStrength":0.742554,"r":[[0.788311,-0.146423,0.597601],[0.610995,0.0718989,-0.788363],[0.072468,0.986606,0.146143]],"s":1.29799,"sphereCenter":[-45.5316,266.677,-11.4049],"sphereRadius":56.1841,"stabilizedPalmPosition":[-6.56115,259.46,18.5734],"t":[4.97964,12.6607,12.3397],"timeVisible":122.455,"type":"right","wrist":[-1.43474,266.014,69.8112]}],"id":1811256,"interactionBox":{"center":[0,200,0],"size":[235.247,235.247,147.751]},"pointables":[{"bases":[[[0.586467,0.809942,-0.00709986],[-0.698207,0.509966,0.502436],[0.410565,-0.289705,0.864585]],[[0.531317,0.839503,-0.113742],[-0.84501,0.515575,-0.141915],[-0.0604959,0.171515,0.983322]],[[0.531317,0.839503,-0.113742],[-0.790495,0.442999,-0.422929],[-0.304663,0.314622,0.898996]],[[0.531317,0.839503,-0.113742],[-0.441043,0.159471,-0.883205],[-0.723314,0.519427,0.454986]]],"btipPosition":[-1.30563,229.542,-18.7399],"carpPosition":[-31.6412,260.987,71.6453],"dipPosition":[-18.2338,241.698,-8.09161],"direction":[0.304663,-0.314622,-0.898996],"extended":false,"handId":506,"id":5060,"length":52.1164,"mcpPosition":[-31.6412,260.987,71.6453],"pipPosition":[-28.6214,252.426,22.5602],"stabilizedTipPosition":[-9.66133,220.16,4.04805],"timeVisible":122.455,"tipPosition":[-4.83598,232.129,-15.7751],"tipVelocity":[50.2917,123.953,-246.139],"tool":false,"touchDistance":-0.275071,"touchZone":"hovering","type":0,"width":20.25},{"bases":[[[0.966115,-0.171024,-0.193319],[0.18818,0.97934,0.074038],[0.176662,-0.107908,0.978339]],[[0.981978,-0.186268,-0.0319948],[0.173716,0.822878,0.541012],[-0.0744453,-0.53682,0.840406]],[[0.981978,-0.186268,-0.0319948],[0.183045,0.895189,0.406363],[-0.0470509,-0.404896,0.913151]],[[0.981978,-0.186268,-0.0319948],[0.187873,0.943628,0.272526],[-0.0205716,-0.273625,0.961616]]],"btipPosition":[-27.7324,325.725,-81.3473],"carpPosition":[-19.4225,280.262,65.2356],"dipPosition":[-28.0839,321.05,-64.9175],"direction":[0.0470509,0.404896,-0.913151],"extended":true,"handId":506,"id":5061,"length":58.8075,"mcpPosition":[-32.4194,288.2,-6.74037],"pipPosition":[-29.2211,311.263,-42.8462],"stabilizedTipPosition":[-36.2843,310.786,-53.6996],"timeVisible":122.455,"tipPosition":[-27.6641,324.39,-77.6575],"tipVelocity":[79.6746,145.128,-213.111],"tool":false,"touchDistance":-0.212247,"touchZone":"hovering","type":1,"width":19.3428},{"bases":[[[0.93477,-0.348461,-0.0691343],[0.352637,0.933721,0.0617506],[0.0430344,-0.0821019,0.995694]],[[0.935281,-0.349576,-0.0551944],[0.0799166,0.360543,-0.929313],[0.344765,0.864757,0.365146]],[[0.935281,-0.349576,-0.0551944],[-0.311906,-0.740507,-0.595285],[0.167225,0.573974,-0.801617]],[[0.935281,-0.349576,-0.0551944],[-0.351115,-0.936099,-0.0209002],[-0.0443612,0.0389271,-0.998257]]],"btipPosition":[-30.98,226.902,16.9171],"carpPosition":[-7.43811,279.909,62.4305],"dipPosition":[-31.8137,227.634,-1.84215],"direction":[-0.167225,-0.573974,0.801617],"extended":false,"handId":506,"id":5062,"length":67.0064,"mcpPosition":[-10.4405,285.637,-7.03706],"pipPosition":[-27.0584,243.956,-24.6373],"stabilizedTipPosition":[-22.9847,210.625,16.8591],"timeVisible":122.455,"tipPosition":[-30.9701,227.373,14.0471],"tipVelocity":[41.0102,105.688,-299.607],"tool":false,"touchDistance":0.333333,"touchZone":"none","type":2,"width":18.9972},{"bases":[[[0.901654,-0.426135,0.0736869],[0.419713,0.903345,0.0883625],[-0.104219,-0.0487451,0.993359]],[[0.902538,-0.425688,0.0649203],[0.223253,0.333661,-0.915876],[0.368216,0.841106,0.396179]],[[0.902538,-0.425688,0.0649203],[-0.295609,-0.722126,-0.625419],[0.313114,0.545273,-0.777584]],[[0.902538,-0.425688,0.0649203],[-0.422349,-0.904495,-0.0592501],[0.0839422,0.0260564,-0.99613]]],"btipPosition":[-15.8943,226.438,21.0513],"carpPosition":[4.27145,276.557,60.8241],"dipPosition":[-14.3259,226.925,2.43964],"direction":[-0.313114,-0.545273,0.777584],"extended":false,"handId":506,"id":5063,"length":64.4285,"mcpPosition":[10.7997,279.611,-1.39989],"pipPosition":[-5.65201,242.03,-19.101],"stabilizedTipPosition":[-8.44802,211.542,22.901],"timeVisible":122.455,"tipPosition":[-15.4498,226.895,18.1328],"tipVelocity":[44.8786,104.867,-277.134],"tool":false,"touchDistance":0.333333,"touchZone":"none","type":3,"width":18.077},{"bases":[[[0.801705,-0.572274,0.172542],[0.543976,0.81819,0.186159],[-0.247707,-0.055386,0.967251]],[[0.80746,-0.570768,0.149107],[0.358473,0.27399,-0.892427],[0.468515,0.77405,0.425841]],[[0.80746,-0.570768,0.149107],[-0.355291,-0.67229,-0.649457],[0.470933,0.471434,-0.745636]],[[0.80746,-0.570768,0.149107],[-0.558259,-0.821003,-0.119586],[0.190673,0.0133206,-0.981563]]],"btipPosition":[-0.445935,232.809,21.4771],"carpPosition":[14.2545,266.418,61.118],"dipPosition":[2.84066,233.039,4.55808],"direction":[-0.470933,-0.471434,0.745636],"extended":false,"handId":506,"id":5064,"length":50.5107,"mcpPosition":[28.6179,269.629,5.03174],"pipPosition":[12.0515,242.26,-10.0257],"stabilizedTipPosition":[6.68723,216.87,16.7172],"timeVisible":122.455,"tipPosition":[0.174813,233.218,18.5806],"tipVelocity":[49.5417,103.86,-256.25],"tool":false,"touchDistance":0.333333,"touchZone":"none","type":4,"width":16.0574}],"r":[[0.788311,-0.146423,0.597601],[0.610995,0.0718989,-0.788363],[0.072468,0.986606,0.146143]],"s":1.29799,"t":[4.97964,12.6607,12.3397],"timestamp":97936928781},false],[6,{"currentFrameRate":105.936,"devices":[],"gestures":[],"hands":[{"armBasis":[[0.951559,0.00766696,-0.307372],[0.172301,0.814676,0.553728],[0.254654,-0.579865,0.773891]],"armWidth":63.72,"confidence":0.707855,"direction":[0.0243031,0.230991,-0.972652],"elbow":[67.5672,110.474,275.77],"grabStrength":0,"id":506,"palmNormal":[-0.192628,-0.953625,-0.231285],"palmPosition":[-8.18692,276.863,13.4597],"palmVelocity":[52.8706,123.208,-249.303],"palmWidth":90.99,"pinchStrength":0.740713,"r":[[0.785949,-0.146196,0.600759],[0.614534,0.0777592,-0.785049],[0.0680562,0.986195,0.150957]],"s":1.29648,"sphereCenter":[-44.451,267.847,-14.9181],"sphereRadius":56.1993,"stabilizedPalmPosition":[-6.56676,259.52,18.5557],"t":[5.55387,13.9542,9.78457],"timeVisible":122.465,"type":"right","wrist":[-1.18944,267.038,66.8195]}],"id":1811257,"interactionBox":{"center":[0,200,0],"size":[235.247,235.247,147.751]},"pointables":[{"bases":[[[0.571774,0.820367,0.00849296],[-0.712818,0.491637,0.500183],[0.406159,-0.292046,0.865878]],[[0.517106,0.850206,-0.0987443],[-0.85271,0.501743,-0.145394],[-0.0740703,0.159384,0.984434]],[[0.517106,0.850206,-0.0987443],[-0.794074,0.433481,-0.426075],[-0.319448,0.298737,0.899283]],[[0.517106,0.850206,-0.0987443],[-0.436145,0.162473,-0.885088],[-0.736464,0.500751,0.454829]]],"btipPosition":[0.506519,231.589,-22.189],"carpPosition":[-31.3186,261.45,68.2578],"dipPosition":[-16.7294,243.308,-11.5444],"direction":[0.319448,-0.298737,-0.899283],"extended":false,"handId":506,"id":5060,"length":52.1164,"mcpPosition":[-31.3186,261.45,68.2578],"pipPosition":[-27.6212,253.494,19.1172],"stabilizedTipPosition":[-9.62427,220.244,3.90595],"timeVisible":122.465,"tipPosition":[-3.08769,234.082,-19.2248],"tipVelocity":[88.461,147.099,-279.552],"tool":false,"touchDistance":-0.327646,"touchZone":"hovering","type":0,"width":20.25},{"bases":[[[0.971125,-0.151458,-0.184327],[0.169618,0.98166,0.087022],[0.167766,-0.115774,0.979005]],[[0.985479,-0.168255,-0.022819],[0.152759,0.819888,0.551769],[-0.0741289,-0.547242,0.833685]],[[0.985479,-0.168255,-0.022819],[0.162268,0.893674,0.41835],[-0.0499968,-0.415978,0.907999]],[[0.985479,-0.168255,-0.022819],[0.167715,0.943603,0.285457],[-0.0264975,-0.285139,0.95812]]],"btipPosition":[-26.8767,327.966,-83.9584],"carpPosition":[-19.3801,281.012,62.2004],"dipPosition":[-27.3294,323.094,-67.5884],"direction":[0.0499968,0.415978,-0.907999],"extended":true,"handId":506,"id":5061,"length":58.8075,"mcpPosition":[-31.7226,289.529,-9.82458],"pipPosition":[-28.5379,313.04,-45.6417],"stabilizedTipPosition":[-36.1103,311.086,-54.1952],"timeVisible":122.465,"tipPosition":[-26.834,326.598,-80.2794],"tipVelocity":[81.8927,169.722,-231.092],"tool":false,"touchDistance":-0.255996,"touchZone":"hovering","type":1,"width":19.3428},{"bases":[[[0.941623,-0.330822,-0.0624813],[0.334999,0.939142,0.0760793],[0.0335101,-0.0925692,0.995142]],[[0.942004,-0.332105,-0.0483273],[0.087247,0.381392,-0.920287],[0.324063,0.862697,0.388248]],[[0.942004,-0.332105,-0.0483273],[-0.290235,-0.733869,-0.614166],[0.168501,0.592573,-0.787696]],[[0.942004,-0.332105,-0.0483273],[-0.334057,-0.941697,-0.0401615],[-0.0321719,0.0539763,-0.998024]]],"btipPosition":[-29.506,227.917,12.5379],"carpPosition":[-7.36109,280.906,59.5266],"dipPosition":[-30.1106,228.931,-6.21694],"direction":[-0.168501,-0.592573,0.787696],"extended":false,"handId":506,"id":5062,"length":67.0064,"mcpPosition":[-9.69903,287.364,-9.90248],"pipPosition":[-25.319,245.782,-28.6162],"stabilizedTipPosition":[-22.9901,210.639,16.8522],"timeVisible":122.465,"tipPosition":[-29.4617,228.437,9.7197],"tipVelocity":[75.3623,107.897,-345.686],"tool":false,"touchDistance":0.333333,"touchZone":"none","type":2,"width":18.9972},{"bases":[[[0.90834,-0.410687,0.0790869],[0.402315,0.909677,0.103105],[-0.114288,-0.0618366,0.991521]],[[0.90929,-0.41014,0.0705468],[0.22845,0.350233,-0.908376],[0.347853,0.842094,0.412159]],[[0.90929,-0.41014,0.0705468],[-0.274828,-0.719086,-0.638267],[0.312508,0.560982,-0.766576]],[[0.90929,-0.41014,0.0705468],[-0.405184,-0.91117,-0.074805],[0.0949606,0.039435,-0.9947]]],"btipPosition":[-14.3901,227.755,17.3115],"carpPosition":[4.42417,277.783,58.0149],"dipPosition":[-12.6159,228.492,-1.27346],"direction":[-0.312508,-0.560982,0.766576],"extended":false,"handId":506,"id":5063,"length":64.4285,"mcpPosition":[11.5831,281.657,-4.09403],"pipPosition":[-3.95881,244.032,-22.5091],"stabilizedTipPosition":[-8.45388,211.559,22.8906],"timeVisible":122.465,"tipPosition":[-13.924,228.24,14.3819],"tipVelocity":[78.8649,116.217,-310.198],"tool":false,"touchDistance":0.333333,"touchZone":"none","type":3,"width":18.077},{"bases":[[[0.809963,-0.559706,0.175183],[0.527009,0.825665,0.201342],[-0.257334,-0.0707564,0.963728]],[[0.81604,-0.557799,0.151455],[0.362942,0.29058,-0.885346],[0.449835,0.777447,0.439573]],[[0.81604,-0.557799,0.151455],[-0.336273,-0.6713,-0.660513],[0.470105,0.488075,-0.73538]],[[0.81604,-0.557799,0.151455],[-0.542075,-0.829519,-0.134359],[0.200581,0.0275424,-0.97929]]],"btipPosition":[0.948776,234.414,18.1464],"carpPosition":[14.585,267.822,58.3083],"dipPosition":[4.40614,234.889,1.26656],"direction":[-0.470105,-0.488075,0.73538],"extended":false,"handId":506,"id":5064,"length":50.5107,"mcpPosition":[29.5066,271.925,2.42636],"pipPosition":[13.6008,244.435,-13.1166],"stabilizedTipPosition":[6.67889,216.899,16.7131],"timeVisible":122.465,"tipPosition":[1.58943,234.855,15.2366],"tipVelocity":[78.6321,124.172,-282.873],"tool":false,"touchDistance":0.333333,"touchZone":"none","type":4,"width":16.0574}],"r":[[0.785949