{"sensorType":"Leap","data":[[0,{"currentFrameRate":105.569,"devices":[],"gestures":[],"hands":[{"armBasis":[[0.950517,-0.0644646,-0.30391],[0.221253,0.827186,0.516537],[0.218092,-0.558218,0.800518]],"armWidth":63.72,"confidence":0.712,"direction":[0.0252239,0.173809,-0.984456],"elbow":[64.2205,111.248,281.83],"grabStrength":0,"id":506,"palmNormal":[-0.246778,-0.95321,-0.174615],"palmPosition":[-1.7528,269.12,11.9191],"palmVelocity":[-17.1537,44.1132,65.3339],"palmWidth":90.99,"pinchStrength":0.470395,"r":[[0.780365,-0.163823,0.603484],[0.61706,0.0453631,-0.785607],[0.101325,0.985446,0.136488]],"s":1.34298,"sphereCenter":[-47.5374,263.67,-14.6662],"sphereRadius":62.2351,"stabilizedPalmPosition":[0.683455,262.785,3.47057],"t":[12.6818,7.1734,5.14174],"timeVisible":109.975,"type":"right","wrist":[5.33568,261.967,65.6904]}],"id":1809954,"interactionBox":{"center":[0,200,0],"size":[235.247,235.247,147.751]},"pointables":[{"bases":[[[0.615467,0.786961,-0.0435032],[-0.679121,0.55752,0.477458],[0.399995,-0.264316,0.877577]],[[0.557187,0.814996,-0.159133],[-0.829071,0.535209,-0.161843],[-0.0467317,0.22211,0.973901]],[[0.557187,0.814996,-0.159133],[-0.799476,0.474704,-0.368096],[-0.224455,0.332322,0.916069]],[[0.557187,0.814996,-0.159133],[-0.613302,0.2747,-0.740541],[-0.559824,0.510217,0.652898]]],"btipPosition":[-1.94527,223.77,-27.4182],"carpPosition":[-25.0328,258.129,67.7107],"dipPosition":[-15.0472,235.711,-12.1381],"direction":[0.224455,-0.332322,-0.916069],"extended":false,"handId":506,"id":5060,"length":52.1164,"mcpPosition":[-25.0328,258.129,67.7107],"pipPosition":[-22.7001,247.042,19.0958],"stabilizedTipPosition":[-3.71054,222.538,-31.4171],"timeVisible":109.975,"tipPosition":[-5.51918,226.634,-24.0085],"tipVelocity":[7.06397,31.9311,81.5489],"tool":false,"touchDistance":0.308185,"touchZone":"hovering","type":0,"width":20.25},{"bases":[[[0.959226,-0.214652,-0.183873],[0.223608,0.974242,0.0291915],[0.172871,-0.0691168,0.982516]],[[0.973768,-0.222005,-0.0498915],[0.218451,0.850757,0.478008],[-0.0636744,-0.476368,0.876937]],[[0.973768,-0.222005,-0.0498915],[0.226527,0.925151,0.304599],[-0.0214651,-0.30791,0.951173]],[[0.973768,-0.222005,-0.0498915],[0.226813,0.964562,0.134819],[0.018193,-0.142599,0.989613]]],"btipPosition":[-21.8988,312.062,-89.4182],"carpPosition":[-12.1244,276.632,60.4388],"dipPosition":[-21.588,309.625,-72.5101],"direction":[0.0214651,0.30791,-0.951173],"extended":true,"handId":506,"id":5061,"length":58.8075,"mcpPosition":[-24.8424,281.717,-11.8445],"pipPosition":[-22.1068,302.183,-49.5199],"stabilizedTipPosition":[-19.4795,307.073,-91.9926],"timeVisible":109.975,"tipPosition":[-21.8008,310.88,-85.7673],"tipVelocity":[-21.6296,30.0665,59.8732],"tool":false,"touchDistance":0.238297,"touchZone":"hovering","type":1,"width":19.3428},{"bases":[[[0.921494,-0.384935,-0.0517053],[0.386299,0.922173,0.0192492],[0.0402715,-0.0377117,0.998477]],[[0.921661,-0.385095,-0.047362],[0.0232116,0.176575,-0.984014],[0.387302,0.905827,0.17168]],[[0.921661,-0.385095,-0.047362],[-0.359679,-0.802226,-0.476513],[0.145508,0.456218,-0.877891]],[[0.921661,-0.385095,-0.047362],[-0.383446,-0.92268,0.0403818],[-0.0592508,-0.0190575,-0.998061]]],"btipPosition":[-24.6634,222.072,23.4528],"carpPosition":[-0.161364,275.717,57.67],"dipPosition":[-25.7769,221.713,4.69726],"direction":[-0.145508,-0.456218,0.877891],"extended":false,"handId":506,"id":5062,"length":67.0064,"mcpPosition":[-2.97103,278.348,-11.9917],"pipPosition":[-21.6391,234.687,-20.2668],"stabilizedTipPosition":[-18.5793,211.541,5.79605],"timeVisible":109.975,"tipPosition":[-24.7877,222.285,19.6304],"tipVelocity":[-18.8112,39.5948,61.3587],"tool":false,"touchDistance":0.333333,"touchZone":"none","type":2,"width":18.9972},{"bases":[[[0.885616,-0.454704,0.0944894],[0.452235,0.890642,0.0473253],[-0.105675,0.00081933,0.9944]],[[0.885312,-0.4547,0.097318],[0.173873,0.129602,-0.976202],[0.431266,0.881165,0.193799]],[[0.885312,-0.4547,0.097318],[-0.35291,-0.793305,-0.496106],[0.302782,0.404865,-0.862791]],[[0.885312,-0.4547,0.097318],[-0.458011,-0.888842,0.0136351],[0.0803004,-0.0566441,-0.99516]]],"btipPosition":[-11.1188,222.294,27.7826],"carpPosition":[11.4185,271.872,56.2361],"dipPosition":[-9.6185,221.235,9.18904],"direction":[-0.302782,-0.404865,0.862791],"extended":false,"handId":506,"id":5063,"length":64.4285,"mcpPosition":[18.038,271.821,-6.05314],"pipPosition":[-1.23082,232.451,-14.712],"stabilizedTipPosition":[-3.94835,211.526,9.89868],"timeVisible":109.975,"tipPosition":[-10.6328,222.4,24.1634],"tipVelocity":[-18.1063,38.3686,56.898],"tool":false,"touchDistance":0.333333,"touchZone":"none","type":3,"width":18.077},{"bases":[[[0.780455,-0.59242,0.199818],[0.573351,0.805627,0.149112],[-0.249316,-0.001809,0.968421]],[[0.788338,-0.59203,0.167403],[0.290299,0.118039,-0.949628],[0.542448,0.797224,0.264921]],[[0.788338,-0.59203,0.167403],[-0.420099,-0.71677,-0.556559],[0.44949,0.36843,-0.813768]],[[0.788338,-0.59203,0.167403],[-0.588921,-0.804875,-0.0731291],[0.178034,-0.040937,-0.983173]]],"btipPosition":[4.44304,226.817,24.3517],"carpPosition":[21.0272,261.402,57.0101],"dipPosition":[7.51177,226.111,7.40499],"direction":[-0.44949,-0.36843,0.813768],"extended":false,"handId":506,"id":5064,"length":50.5107,"mcpPosition":[35.4838,261.507,0.856057],"pipPosition":[16.3032,233.317,-8.51133],"stabilizedTipPosition":[12.6479,214.894,3.80947],"timeVisible":109.975,"tipPosition":[5.10196,226.825,20.6636],"tipVelocity":[-16.1051,41.4067,61.9718],"tool":false,"touchDistance":0.333333,"touchZone":"none","type":4,"width":16.0574}],"r":[[0.780365,-0.163823,0.603484],[0.61706,0.0453631,-0.785607],[0.101325,0.985446,0.136488]],"s":1.34298,"t":[12.6818,7.1734,5.14174],"timestamp":97924448321},false],[1,{"currentFrameRate":105.573,"devices":[],"gestures":[],"hands":[{"armBasis":[[0.950994,-0.061368,-0.303057],[0.218193,0.827652,0.517093],[0.219093,-0.557877,0.800482]],"armWidth":63.72,"confidence":0.712908,"direction":[0.0262126,0.172662,-0.984632],"elbow":[64.3578,111.542,282.279],"grabStrength":0,"id":506,"palmNormal":[-0.244055,-0.95406,-0.173798],"palmPosition":[-1.82559,269.237,12.3589],"palmVelocity":[-14.443,35.0203,59.9311],"palmWidth":90.99,"pinchStrength":0.479495,"r":[[0.780515,-0.163021,0.603507],[0.616838,0.0440535,-0.785856],[0.101524,0.985639,0.134942]],"s":1.34227,"sphereCenter":[-47.4901,263.571,-14.299],"sphereRadius":62.1861,"stabilizedPalmPosition":[0.586004,263.035,3.81579],"t":[12.5856,7.39779,5.63522],"timeVisible":109.984,"type":"right","wrist":[5.20279,262.169,66.1493]}],"id":1809955,"interactionBox":{"center":[0,200,0],"size":[235.247,235.247,147.751]},"pointables":[{"bases":[[[0.613492,0.788498,-0.0435771],[-0.681258,0.556347,0.475779],[0.399395,-0.262199,0.878485]],[[0.555751,0.816095,-0.158525],[-0.82986,0.533169,-0.164509],[-0.0497341,0.222979,0.973554]],[[0.555751,0.816095,-0.158525],[-0.798804,0.471366,-0.3738],[-0.230333,0.33437,0.913862]],[[0.555751,0.816095,-0.158525],[-0.611728,0.272307,-0.742724],[-0.562966,0.509743,0.650563]]],"btipPosition":[-1.64724,223.793,-26.8516],"carpPosition":[-25.1586,258.254,68.13],"dipPosition":[-14.8227,235.723,-11.6261],"direction":[0.230333,-0.33437,-0.913862],"extended":false,"handId":506,"id":5060,"length":52.1164,"mcpPosition":[-25.1586,258.254,68.13],"pipPosition":[-22.676,247.124,19.5326],"stabilizedTipPosition":[-3.73406,222.635,-31.2209],"timeVisible":109.984,"tipPosition":[-5.27239,226.662,-23.4712],"tipVelocity":[13.5501,23.414,74.9577],"tool":false,"touchDistance":0.317419,"touchZone":"hovering","type":0,"width":20.25},{"bases":[[[0.960046,-0.212394,-0.182209],[0.221044,0.974853,0.028315],[0.171613,-0.0674599,0.982852]],[[0.974399,-0.219532,-0.0485101],[0.215673,0.851766,0.477473],[-0.0635012,-0.475711,0.877306]],[[0.974399,-0.219532,-0.0485101],[0.223776,0.926158,0.303571],[-0.0217155,-0.306655,0.951573]],[[0.974399,-0.219532,-0.0485101],[0.22414,0.965396,0.133313],[0.017565,-0.140773,0.989886]]],"btipPosition":[-21.96,312,-89.0577],"carpPosition":[-12.2874,276.782,60.8542],"dipPosition":[-21.6599,309.595,-72.145],"direction":[0.0217155,0.306655,-0.951573],"extended":true,"handId":506,"id":5061,"length":58.8075,"mcpPosition":[-24.913,281.745,-11.4539],"pipPosition":[-22.1848,302.183,-49.1451],"stabilizedTipPosition":[-19.5935,307.279,-91.6702],"timeVisible":109.984,"tipPosition":[-21.8539,310.839,-85.4008],"tipVelocity":[-17.3608,19.8007,53.6649],"tool":false,"touchDistance":0.244323,"touchZone":"hovering","type":1,"width":19.3428},{"bases":[[[0.922562,-0.382611,-0.0498865],[0.383883,0.923193,0.0186741],[0.0389099,-0.0363786,0.99858]],[[0.92272,-0.382764,-0.0456005],[0.0246274,0.176594,-0.983976],[0.384683,0.906811,0.172374]],[[0.92272,-0.382764,-0.0456005],[-0.356736,-0.803121,-0.477217],[0.146039,0.456605,-0.877602]],[[0.92272,-0.382764,-0.0456005],[-0.381168,-0.92364,0.0400101],[-0.0574328,-0.0195367,-0.998158]]],"btipPosition":[-24.6482,222.107,23.8397],"carpPosition":[-0.318087,275.894,58.1039],"dipPosition":[-25.7274,221.739,5.08234],"direction":[-0.146039,-0.456605,0.877602],"extended":false,"handId":506,"id":5062,"length":67.0064,"mcpPosition":[-3.03275,278.432,-11.565],"pipPosition":[-21.5746,234.724,-19.8735],"stabilizedTipPosition":[-18.7416,211.811,6.14882],"timeVisible":109.984,"tipPosition":[-24.7656,222.319,20.0253],"tipVelocity":[-12.7224,29.2504,55.4796],"tool":false,"touchDistance":0.333333,"touchZone":"none","type":2,"width":18.9972},{"bases":[[[0.886651,-0.452293,0.0963417],[0.44986,0.891868,0.0468853],[-0.10713,0.00176937,0.994243]],[[0.886341,-0.452286,0.0991787],[0.174967,0.128837,-0.976108],[0.428702,0.882518,0.193329]],[[0.886341,-0.452286,0.0991787],[-0.35013,-0.794832,-0.495633],[0.302998,0.404574,-0.862851]],[[0.886341,-0.452286,0.0991787],[-0.45573,-0.890007,0.0140694],[0.0819063,-0.057669,-0.99497]]],"btipPosition":[-11.0939,222.407,28.2671],"carpPosition":[11.2737,272.078,56.6917],"dipPosition":[-9.56351,221.329,9.67709],"direction":[-0.302998,-0.404574,0.862851],"extended":false,"handId":506,"id":5063,"length":64.4285,"mcpPosition":[17.9844,271.967,-5.58774],"pipPosition":[-1.16986,232.537,-14.2256],"stabilizedTipPosition":[-4.10265,211.768,10.2188],"timeVisible":109.984,"tipPosition":[-10.6032,222.509,24.6458],"tipVelocity":[-11.9539,30.6619,55.2886],"tool":false,"touchDistance":0.333333,"touchZone":"none","type":3,"width":18.077},{"bases":[[[0.781693,-0.590151,0.201687],[0.571046,0.807292,0.148953],[-0.250725,-0.00126282,0.968058]],[[0.789776,-0.589766,0.168612],[0.294161,0.122944,-0.947815],[0.53826,0.798161,0.270584]],[[0.789776,-0.589766,0.168612],[-0.414964,-0.716139,-0.561205],[0.451729,0.373258,-0.81032]],[[0.789776,-0.589766,0.168612],[-0.585978,-0.806674,-0.0768525],[0.18134,-0.0381069,-0.982682]]],"btipPosition":[4.45325,226.841,24.5792],"carpPosition":[20.9083,261.633,57.4926],"dipPosition":[7.57897,226.184,7.64086],"direction":[-0.451729,-0.373258,0.81032],"extended":false,"handId":506,"id":5064,"length":50.5107,"mcpPosition":[35.4467,261.707,1.35961],"pipPosition":[16.4143,233.484,-8.20804],"stabilizedTipPosition":[12.5224,215.092,4.09281],"timeVisible":109.984,"tipPosition":[5.13075,226.89,20.9755],"tipVelocity":[-10.7854,30.5991,51.1604],"tool":false,"touchDistance":0.333333,"touchZone":"none","type":4,"width":16.0574}],"r":[[0.780515,-0.163021,0.603507],[0.616838,0.0440535,-0.785856],[0.101524,0.985639,0.134942]],"s":1.34227,"t":[12.5856,7.39779,5.63522],"timestamp":97924457785},false],[2,{"currentFrameRate":105.577,"devices":[],"gestures":[],"hands":[{"armBasis":[[0.951239,-0.0595511,-0.302652],[0.216418,0.827997,0.517285],[0.21979,-0.557561,0.800511]],"armWidth":63.72,"confidence":0.714765,"direction":[0.026708,0.169909,-0.985098],"elbow":[64.3974,111.939,282.787],"grabStrength":0,"id":506,"palmNormal":[-0.24268,-0.954867,-0.171274],"palmPosition":[-1.94404,269.388,12.8342],"palmVelocity":[-13.8903,29.5432,57.1465],"palmWidth":90.99,"pinchStrength":0.483086,"r":[[0.78059,-0.161833,0.60373],[0.616763,0.0427221,-0.785989],[0.101406,0.985893,0.133161]],"s":1.3416,"sphereCenter":[-47.5002,263.505,-13.861],"sphereRadius":62.1273,"stabilizedPalmPosition":[0.504792,263.239,4.10527],"t":[12.4783,7.58525,6.1196],"timeVisible":109.994,"type":"right","wrist":[5.05418,262.481,66.6495]}],"id":1809956,"interactionBox":{"center":[0,200,0],"size":[235.247,235.247,147.751]},"pointables":[{"bases":[[[0.612492,0.789175,-0.0453622],[-0.682333,0.556799,0.473705],[0.399094,-0.259188,0.879514]],[[0.555328,0.816199,-0.159466],[-0.829999,0.531947,-0.167731],[-0.0520741,0.225502,0.97285]],[[0.555328,0.816199,-0.159466],[-0.797429,0.468183,-0.380673],[-0.236046,0.338561,0.910856]],[[0.555328,0.816199,-0.159466],[-0.610923,0.270278,-0.744126],[-0.564255,0.510655,0.648728]]],"btipPosition":[-1.45041,223.781,-26.182],"carpPosition":[-25.3035,258.532,68.6191],"dipPosition":[-14.656,235.732,-10.9994],"direction":[0.236046,-0.338561,-0.910856],"extended":false,"handId":506,"id":5060,"length":52.1164,"mcpPosition":[-25.3035,258.532,68.6191],"pipPosition":[-22.7041,247.276,20.0568],"stabilizedTipPosition":[-3.74744,222.704,-31.0694],"timeVisible":109.994,"tipPosition":[-5.12441,226.665,-22.8253],"tipVelocity":[15.4161,16.481,73.4534],"tool":false,"touchDistance":0.328415,"touchZone":"hovering","type":0,"width":20.25},{"bases":[[[0.960456,-0.211651,-0.180907],[0.219748,0.975218,0.0257159],[0.170981,-0.064453,0.983164]],[[0.974704,-0.218378,-0.0475651],[0.214369,0.85327,0.475369],[-0.0632243,-0.473541,0.8785]],[[0.974704,-0.218378,-0.0475651],[0.222463,0.927505,0.300407],[-0.0214855,-0.30339,0.952624]],[[0.974704,-0.218378,-0.0475651],[0.222792,0.966271,0.129164],[0.0177541,-0.136494,0.990482]]],"btipPosition":[-22.098,311.808,-88.7215],"carpPosition":[-12.4513,277.056,61.3002],"dipPosition":[-21.7947,309.476,-71.7985],"direction":[0.0214855,0.30339,-0.952624],"extended":true,"handId":506,"id":5061,"length":58.8075,"mcpPosition":[-25.0303,281.798,-11.0307],"pipPosition":[-22.314,302.142,-48.7732],"stabilizedTipPosition":[-19.6794,307.42,-91.4287],"timeVisible":109.994,"tipPosition":[-21.9777,310.69,-85.0521],"tipVelocity":[-16.5424,8.81182,48.5394],"tool":false,"touchDistance":0.249967,"touchZone":"hovering","type":1,"width":19.3428},{"bases":[[[0.923098,-0.381542,-0.0481306],[0.382661,0.923744,0.01634],[0.038226,-0.0335012,0.998707]],[[0.923251,-0.381681,-0.0438941],[0.025492,0.174855,-0.984264],[0.38335,0.907604,0.171165]],[[0.923251,-0.381681,-0.0438941],[-0.355188,-0.804401,-0.476215],[0.146454,0.455257,-0.878233]],[[0.923251,-0.381681,-0.0438941],[-0.380033,-0.92404,0.0415239],[-0.0564088,-0.0216558,-0.998173]]],"btipPosition":[-24.7279,222.228,24.3646],"carpPosition":[-0.478749,276.176,58.5613],"dipPosition":[-25.7879,221.821,5.60698],"direction":[-0.146454,-0.455257,0.878233],"extended":false,"handId":506,"id":5062,"length":67.0064,"mcpPosition":[-3.1457,278.514,-11.1166],"pipPosition":[-21.6233,234.767,-19.3668],"stabilizedTipPosition":[-18.8657,212.016,6.42564],"timeVisible":109.994,"tipPosition":[-24.8416,222.432,20.5552],"tipVelocity":[-11.3567,24.2589,55.4717],"tool":false,"touchDistance":0.333333,"touchZone":"none","type":2,"width":18.9972},{"bases":[[[0.887171,-0.450856,0.0982681],[0.448658,0.892585,0.0446878],[-0.10786,0.00444303,0.994156]],[[0.886866,-0.450842,0.101042],[0.176899,0.129311,-0.975697],[0.42682,0.883187,0.194435]],[[0.886866,-0.450842,0.101042],[-0.347731,-0.795317,-0.496541],[0.304222,0.40523,-0.862112]],[[0.886866,-0.450842,0.101042],[-0.454384,-0.890696,0.0140023],[0.0836848,-0.05833,-0.994784]]],"btipPosition":[-11.1858,222.497,28.6758],"carpPosition":[11.1191,272.371,57.1682],"dipPosition":[-9.62222,221.407,10.0893],"direction":[-0.304222,-0.40523,0.862112],"extended":false,"handId":506,"id":5063,"length":64.4285,"mcpPosition":[17.8755,272.093,-5.10569],"pipPosition":[-1.19466,232.632,-13.793],"stabilizedTipPosition":[-4.22316,211.956,10.473],"timeVisible":109.994,"tipPosition":[-10.6894,222.609,25.0838],"tipVelocity":[-11.0805,24.5141,51.8429],"tool":false,"touchDistance":0.333333,"touchZone":"none","type":3,"width":18.077},{"bases":[[[0.782316,-0.588554,0.203927],[0.56988,0.808457,0.147083],[-0.251432,0.00114864,0.967874]],[[0.790474,-0.588247,0.170636],[0.294972,0.121457,-0.947755],[0.53679,0.799508,0.269525]],[[0.790474,-0.588247,0.170636],[-0.41334,-0.717917,-0.56013],[0.451997,0.372237,-0.810641]],[[0.790474,-0.588247,0.170636],[-0.584765,-0.807685,-0.075466],[0.182212,-0.0401279,-0.98244]]],"btipPosition":[4.38438,227.016,25.1425],"carpPosition":[20.7668,261.941,58.0058],"dipPosition":[7.52514,226.324,8.20837],"direction":[-0.451997,-0.372237,0.810641],"extended":false,"handId":506,"id":5064,"length":50.5107,"mcpPosition":[35.3461,261.875,1.8834],"pipPosition":[16.3657,233.605,-7.64679],"stabilizedTipPosition":[12.422,215.251,4.32516],"timeVisible":109.994,"tipPosition":[5.06498,227.058,21.5436],"tipVelocity":[-9.67516,26.8994,53.5843],"tool":false,"touchDistance":0.333333,"touchZone":"none","type":4,"width":16.0574}],"r":[[0.78059,-0.161833,0.60373],[0.616763,0.0427221,-0.785989],[0.101406,0.985893,0.133161]],"s":1.3416,"t":[12.4783,7.58525,6.1196],"timestamp":97924467250},false],[3,{"currentFrameRate":105.668,"devices":[],"gestures":[],"hands":[{"armBasis":[[0.951148,-0.0566687,-0.303488],[0.214559,0.828159,0.5178],[0.221994,-0.557621,0.799861]],"armWidth":63.72,"confidence":0.719637,"direction":[0.0271775,0.167803,-0.985446],"elbow":[64.895,112.183,283.083],"grabStrength":0,"id":506,"palmNormal":[-0.241174,-0.955588,-0.16937],"palmPosition":[-2.01237,269.52,13.2856],"palmVelocity":[-12.0453,25.2265,54.7259],"palmWidth":90.99,"pinchStrength":0.489405,"r":[[0.780608,-0.160393,0.60409],[0.616805,0.0414932,-0.786022],[0.101007,0.986181,0.131321]],"s":1.34085,"sphereCenter":[-47.3755,263.386,-13.4522],"sphereRadius":62.0081,"stabilizedPalmPosition":[0.440677,263.399,4.33911],"t":[12.3905,7.74519,6.5875],"timeVisible":110.003,"type":"right","wrist":[4.95675,262.74,67.1209]}],"id":1809957,"interactionBox":{"center":[0,200,0],"size":[235.247,235.247,147.751]},"pointables":[{"bases":[[[0.611382,0.78996,-0.0466378],[-0.683482,0.55684,0.471998],[0.398829,-0.256695,0.880365]],[[0.554973,0.816426,-0.159545],[-0.83007,0.530886,-0.170716],[-0.0546769,0.227176,0.972318]],[[0.554973,0.816426,-0.159545],[-0.79559,0.464895,-0.388471],[-0.242986,0.342523,0.907544]],[[0.554973,0.816426,-0.159545],[-0.608666,0.267794,-0.746869],[-0.567037,0.511601,0.645548]]],"btipPosition":[-1.11183,223.76,-25.51],"carpPosition":[-25.3966,258.752,69.0772],"dipPosition":[-14.3825,235.734,-10.4018],"direction":[0.242986,-0.342523,-0.907544],"extended":false,"handId":506,"id":5060,"length":52.1164,"mcpPosition":[-25.3966,258.752,69.0772],"pipPosition":[-22.6673,247.412,20.5414],"stabilizedTipPosition":[-3.75289,222.754,-30.9513],"timeVisible":110.003,"tipPosition":[-4.86025,226.662,-22.1973],"tipVelocity":[20.8899,11.3552,72.6066],"tool":false,"touchDistance":0.33873,"touchZone":"hovering","type":0,"width":20.25},{"bases":[[[0.960893,-0.210653,-0.179752],[0.218318,0.975589,0.023751],[0.17036,-0.0620653,0.983425]],[[0.975039,-0.217057,-0.0467446],[0.212928,0.854421,0.473948],[-0.0629343,-0.472071,0.879311]],[[0.975039,-0.217057,-0.0467446],[0.221013,0.928639,0.297965],[-0.0212667,-0.300859,0.953431]],[[0.975039,-0.217057,-0.0467446],[0.22131,0.967063,0.125745],[0.017911,-0.132952,0.990961]]],"btipPosition":[-22.1874,311.67,-88.3762],"carpPosition":[-12.5659,277.279,61.7273],"dipPosition":[-21.8814,309.398,-71.4451],"direction":[0.0212667,0.300859,-0.953431],"extended":true,"handId":506,"id":5061,"length":58.8075,"mcpPosition":[-25.0992,281.845,-10.6229],"pipPosition":[-22.3954,302.126,-48.4003],"stabilizedTipPosition":[-19.7414,307.515,-91.2521],"timeVisible":110.003,"tipPosition":[-22.0548,310.586,-84.698],"tipVelocity":[-14.5685,2.56286,45.3803],"tool":false,"touchDistance":0.255752,"touchZone":"hovering","type":1,"width":19.3428},{"bases":[[[0.923683,-0.380309,-0.0466323],[0.381313,0.924331,0.0146051],[0.0375492,-0.031272,0.998805]],[[0.923833,-0.380437,-0.0424387],[0.0262772,0.173629,-0.98446],[0.381894,0.908362,0.170401]],[[0.923833,-0.380437,-0.0424387],[-0.353549,-0.805487,-0.475598],[0.146751,0.454377,-0.878638]],[[0.923833,-0.380437,-0.0424387],[-0.378763,-0.924515,0.0425475],[-0.0554218,-0.0232326,-0.998193]]],"btipPosition":[-24.7489,222.324,24.8441],"carpPosition":[-0.590106,276.41,58.9988],"dipPosition":[-25.7903,221.888,6.0861],"direction":[-0.146751,-0.454377,0.878638],"extended":false,"handId":506,"id":5062,"length":67.0064,"mcpPosition":[-3.20984,278.592,-10.6858],"pipPosition":[-21.6173,234.809,-18.8992],"stabilizedTipPosition":[-18.9559,212.167,6.63346],"timeVisible":110.003,"tipPosition":[-24.8593,222.522,21.0379],"tipVelocity":[-8.65895,20.1406,54.3727],"tool":false,"touchDistance":0.333333,"touchZone":"none","type":2,"width":18.9972},{"bases":[[[0.88775,-0.449356,0.099891],[0.447334,0.893329,0.0430684],[-0.108589,0.00645065,0.994066]],[[0.88744,-0.449336,0.102699],[0.179529,0.131753,-0.97489],[0.424523,0.883594,0.197591]],[[0.88744,-0.449336,0.102699],[-0.344681,-0.794878,-0.499364],[0.306015,0.407757,-0.860284]],[[0.88744,-0.449336,0.102699],[-0.452812,-0.891523,0.0121712],[0.0860895,-0.0573045,-0.994638]]],"btipPosition":[-11.237,222.511,28.9413],"carpPosition":[11.0142,272.619,57.6225],"dipPosition":[-9.62851,221.441,10.3575],"direction":[-0.306015,-0.407757,0.860284],"extended":false,"handId":506,"id":5063,"length":64.4285,"mcpPosition":[17.8162,272.215,-4.64577],"pipPosition":[-1.15127,232.736,-13.4741],"stabilizedTipPosition":[-4.3133,212.095,10.6655],"timeVisible":110.003,"tipPosition":[-10.7288,222.649,25.3965],"tipVelocity":[-9.19504,18.1775,45.2942],"tool":false,"touchDistance":0.333333,"touchZone":"none","type":3,"width":18.077},{"bases":[[[0.783018,-0.586975,0.205773],[0.568603,0.8096,0.145734],[-0.252136,0.00289117,0.967687]],[[0.791329,-0.586719,0.171928],[0.296142,0.121814,-0.947344],[0.534882,0.800576,0.270147]],[[0.791329,-0.586719,0.171928],[-0.411192,-0.718841,-0.560526],[0.45246,0.372865,-0.810093]],[[0.791329,-0.586719,0.171928],[-0.583271,-0.808771,-0.0753958],[0.183286,-0.0406176,-0.98222]]],"btipPosition":[4.3747,227.137,25.6008],"carpPosition":[20.6764,262.205,58.4897],"dipPosition":[7.53397,226.437,8.67045],"direction":[-0.45246,-0.372865,0.810093],"extended":false,"handId":506,"id":5064,"length":50.5107,"mcpPosition":[35.2965,262.037,2.37819],"pipPosition":[16.3835,233.73,-7.174],"stabilizedTipPosition":[12.3458,215.373,4.50613],"timeVisible":110.003,"tipPosition":[5.0584,227.185,22.0231],"tipVelocity":[-7.10976,22.9233,52.4031],"tool":false,"touchDistance":0.333333,"touchZone":"none","type":4,"width":16.0574}],"r":[[0.780608,-0.160393,0.60409],[0.616805,0.0414932,-0.786022],[0.101007,0.986181,0.131321]],"s":1.34085,"t":[12.3905,7.74519,6.5875],"timestamp":97924476545},false],[4,{"currentFrameRate":105.665,"devices":[],"gestures":[],"hands":[{"armBasis":[[0.951163,-0.0539222,-0.303942],[0.212453,0.828676,0.517841],[0.223946,-0.557125,0.799662]],"armWidth":63.72,"confidence":0.706161,"direction":[0.0277447,0.166396,-0.985669],"elbow":[65.3244,112.523,283.448],"grabStrength":0,"id":506,"palmNormal":[-0.239289,-0.956274,-0.168169],"palmPosition":[-2.07489,269.635,13.6876],"palmVelocity":[-10.4853,21.4586,51.2084],"palmWidth":90.99,"pinchStrength":0.501756,"r":[[0.780574,-0.158778,0.604561],[0.616963,0.0405017,-0.78595],[0.100306,0.986483,0.129575]],"s":1.33997,"sphereCenter":[-47.0063,263.124,-13.1027],"sphereRadius":61.7298,"stabilizedPalmPosition":[0.38908,263.527,4.53085],"t":[12.3153,7.88235,7.02245],"timeVisible":110.013,"type":"right","wrist":[4.85889,262.947,67.539]}],"id":1809958,"interactionBox":{"center":[0,200,0],"size":[235.247,235.247,147.751]},"pointables":[{"bases":[[[0.609988,0.791,-0.047267],[-0.684909,0.556294,0.470571],[0.398516,-0.254669,0.881095]],[[0.554589,0.816889,-0.158505],[-0.830102,0.52984,-0.173781],[-0.0579774,0.227952,0.971945]],[[0.554589,0.816889,-0.158505],[-0.792446,0.460355,-0.400129],[-0.253893,0.347513,0.902648]],[[0.554589,0.816889,-0.158505],[-0.603173,0.263416,-0.752858],[-0.573249,0.513132,0.638813]]],"btipPosition":[-0.522137,223.67,-24.7696],"carpPosition":[-25.4889,258.907,69.4744],"dipPosition":[-13.9382,235.679,-9.81908],"direction":[0.253893,-0.347513,-0.902648],"extended":false,"handId":506,"id":5060,"length":52.1164,"mcpPosition":[-25.4889,258.907,69.4744],"pipPosition":[-22.5948,247.528,20.9572],"stabilizedTipPosition":[-3.7513,222.794,-30.846],"timeVisible":110.013,"tipPosition":[-4.41128,226.613,-21.5535],"tipVelocity":[31.7399,5.61631,73.1096],"tool":false,"touchDistance":0.348752,"touchZone":"hovering","type":0,"width":20.25},{"bases":[[[0.961432,-0.209172,-0.178592],[0.216525,0.976018,0.0225004],[0.169603,-0.0603022,0.983666]],[[0.975458,-0.215342,-0.0459392],[0.2111,0.855299,0.473181],[-0.062604,-0.471266,0.879767]],[[0.975458,-0.215342,-0.0459392],[0.219184,0.929754,0.295832],[-0.0209929,-0.298641,0.954135]],[[0.975458,-0.215342,-0.0459392],[0.219439,0.967935,0.122264],[0.0181376,-0.129344,0.991434]]],"btipPosition":[-22.2758,311.557,-88.0575],"carpPosition":[-12.6853,277.446,62.1084],"dipPosition":[-21.9659,309.347,-71.1182],"direction":[0.0209929,0.298641,-0.954135],"extended":true,"handId":506,"id":5061,"length":58.8075,"mcpPosition":[-25.1629,281.882,-10.2595],"pipPosition":[-22.4733,302.129,-48.0564],"stabilizedTipPosition":[-19.7878,307.582,-91.1183],"timeVisible":110.013,"tipPosition":[-22.1292,310.518,-84.3682],"tipVelocity":[-13.041,-1.156,42.0791],"tool":false,"touchDistance":0.261096,"touchZone":"hovering","type":1,"width":19.3428},{"bases":[[[0.924413,-0.378698,-0.0452547],[0.379621,0.925043,0.0135741],[0.0367221,-0.0297277,0.998883]],[[0.924558,-0.378819,-0.0410997],[0.0271224,0.173014,-0.984546],[0.380075,0.909155,0.170236]],[[0.924558,-0.378819,-0.0410997],[-0.35155,-0.806414,-0.475509],[0.146988,0.454084,-0.87875]],[[0.924558,-0.378819,-0.0410997],[-0.377154,-0.925155,0.0429392],[-0.0542897,-0.0241988,-0.998232]]],"btipPosition":[-24.747,222.389,25.2436],"carpPosition":[-0.705594,276.595,59.3918],"dipPosition":[-25.7672,221.935,6.48482],"direction":[-0.146988,-0.454084,0.87875],"extended":false,"handId":506,"id":5062,"length":67.0064,"mcpPosition":[-3.26762,278.669,-10.2983],"pipPosition":[-21.5874,234.847,-18.5037],"stabilizedTipPosition":[-19.022,212.278,6.79019],"timeVisible":110.013,"tipPosition":[-24.854,222.583,21.4391],"tipVelocity":[-5.97258,16.2097,50.8747],"tool":false,"touchDistance":0.333333,"touchZone":"none","type":2,"width":18.9972},{"bases":[[[0.888476,-0.447594,0.101339],[0.445673,0.894203,0.0421414],[-0.10948,0.0077223,0.993959]],[[0.888157,-0.44757,0.104201],[0.182247,0.134899,-0.973955],[0.421856,0.884015,0.20138]],[[0.888157,-0.44757,0.104201],[-0.341288,-0.794274,-0.502645],[0.307733,0.410865,-0.85819]],[[0.888157,-0.44757,0.104201],[-0.450919,-0.892511,0.00984641],[0.0885938,-0.0557315,-0.994507]]],"btipPosition":[-11.2638,222.501,29.1271],"carpPosition":[10.9068,272.823,58.0313],"dipPosition":[-9.60855,221.46,10.5458],"direction":[-0.307733,-0.410865,0.85819],"extended":false,"handId":506,"id":5063,"length":64.4285,"mcpPosition":[17.7646,272.339,-4.23024],"pipPosition":[-1.08373,232.841,-13.2278],"stabilizedTipPosition":[-4.38114,212.2,10.8121],"timeVisible":110.013,"tipPosition":[-10.7452,222.661,25.6235],"tipVelocity":[-7.04598,12.8577,37.9532],"tool":false,"touchDistance":0.333333,"touchZone":"none","type":3,"width":18.077},{"bases":[[[0.7839,-0.585246,0.207332],[0.567003,0.810846,0.145038],[-0.252997,0.00386299,0.967459]],[[0.792405,-0.585013,0.172783],[0.298298,0.124556,-0.946311],[0.532083,0.801402,0.273207]],[[0.792405,-0.585013,0.172783],[-0.407898,-0.718782,-0.563003],[0.453557,0.375648,-0.808192]],[[0.792405,-0.585013,0.172783],[-0.581226,-0.810073,-0.0771876],[0.185122,-0.039262,-0.981931]]],"btipPosition":[4.38121,227.196,25.8964],"carpPosition":[20.5871,262.427,58.9225],"dipPosition":[7.57212,226.519,8.97105],"direction":[-0.453557,-0.375648,0.808192],"extended":false,"handId":506,"id":5064,"length":50.5107,"mcpPosition":[35.2572,262.204,2.82418],"pipPosition":[16.4432,233.867,-6.83621],"stabilizedTipPosition":[12.2872,215.468,4.64772],"timeVisible":110.013,"tipPosition":[5.07276,227.267,22.3645],"tipVelocity":[-4.65474,18.304,46.3662],"tool":false,"touchDistance":0.333333,"touchZone":"none","type":4,"width":16.0574}],"r":[[0.780574,-0.158778,0.604561],[0.616963,0.0405017,-0.78595],[0.100306,0.986483,0.129575]],"s":1.33997,"t":[12.3153,7.88235,7.02245],"timestamp":97924486014},false],[5,{"currentFrameRate":105.652,"devices":[],"gestures":[],"hands":[{"armBasis":[[0.951547,-0.0509432,-0.303255],[0.209893,0.828321,0.519451],[0.22473,-0.557933,0.798879]],"armWidth":63.72,"confidence":0.709372,"direction":[0.0293881,0.16368,-0.986076],"elbow":[65.326,112.614,283.801],"grabStrength":0,"id":506,"palmNormal":[-0.237694,-0.957059,-0.165948],"palmPosition":[-2.1919,269.784,14.2207],"palmVelocity":[-11.0149,19.8117,52.635],"palmWidth":90.99,"pinchStrength":0.508648,"r":[[0.780359,-0.156939,0.605318],[0.617376,0.0394349,-0.785679],[0.0994328,0.986821,0.127664]],"s":1.33912,"sphereCenter":[-46.7393,262.935,-12.6542],"sphereRadius":61.5065,"stabilizedPalmPosition":[0.347675,263.628,4.6863],"t":[12.2192,8.02554,7.50649],"timeVisible":110.022,"type":"right","wrist":[4.64887,263.256,68.1035]}],"id":1809959,"interactionBox":{"center":[0,200,0],"size":[235.247,235.247,147.751]},"pointables":[{"bases":[[[0.60902,0.791681,-0.0483247],[-0.68654,0.556688,0.46772],[0.397187,-0.251674,0.882555]],[[0.554511,0.816958,-0.15842],[-0.829877,0.528725,-0.178196],[-0.0618179,0.230281,0.971159]],[[0.554511,0.816958,-0.15842],[-0.789218,0.455895,-0.411455],[-0.263918,0.353184,0.897557]],[[0.554511,0.816958,-0.15842],[-0.598328,0.259088,-0.758206],[-0.578378,0.515221,0.632476]]],"btipPosition":[-0.0767812,223.585,-23.8899],"carpPosition":[-25.6971,259.18,69.9929],"dipPosition":[-13.6129,235.643,-9.08771],"direction":[0.263918,-0.353184,-0.897557],"extended":false,"handId":506,"id":5060,"length":52.1164,"mcpPosition":[-25.6971,259.18,69.9929],"pipPosition":[-22.6113,247.685,21.515],"stabilizedTipPosition":[-3.74613,222.827,-30.7504],"timeVisible":110.022,"tipPosition":[-4.05903,226.565,-20.7507],"tipVelocity":[35.266,1.77519,77.7011],"tool":false,"touchDistance":0.359894,"touchZone":"hovering","type":0,"width":20.25},{"bases":[[[0.962047,-0.208382,-0.176191],[0.21518,0.976366,0.0201821],[0.167821,-0.0573289,0.984149]],[[0.975818,-0.214155,-0.0437763],[0.209172,0.856756,0.471397],[-0.0634462,-0.469155,0.880834]],[[0.975818,-0.214155,-0.0437763],[0.217478,0.931106,0.292821],[-0.0219486,-0.295261,0.955165]],[[0.975818,-0.214155,-0.0437763],[0.217912,0.968797,0.118096],[0.0171195,-0.12478,0.992037]]],"btipPosition":[-22.2871,311.358,-87.6831],"carpPosition":[-12.9044,277.716,62.5994],"dipPosition":[-21.9946,309.226,-70.7335],"direction":[0.0219486,0.295261,-0.955164],"extended":true,"handId":506,"id":5061,"length":58.8075,"mcpPosition":[-25.2509,281.933,-9.8041],"pipPosition":[-22.5251,302.089,-47.6468],"stabilizedTipPosition":[-19.821,307.626,-91.0183],"timeVisible":110.022,"tipPosition":[-22.1347,310.363,-83.9821],"tipVelocity":[-9.75873,-6.30215,41.3956],"tool":false,"touchDistance":0.267375,"touchZone":"hovering","type":1,"width":19.3428},{"bases":[[[0.925001,-0.377585,-0.0424503],[0.37836,0.925585,0.0117064],[0.0348712,-0.0268899,0.99903]],[[0.925137,-0.377692,-0.0383291],[0.0290092,0.171001,-0.984844],[0.378522,0.910004,0.169156]],[[0.925137,-0.377692,-0.0383291],[-0.34947,-0.807843,-0.474616],[0.148295,0.45248,-0.879358]],[[0.925137,-0.377692,-0.0383291],[-0.376028,-0.925551,0.0442448],[-0.0521864,-0.0265197,-0.998285]]],"btipPosition":[-24.8325,222.518,25.8197],"carpPosition":[-0.918388,276.873,59.9078],"dipPosition":[-25.8132,222.02,7.05992],"direction":[-0.148295,-0.45248,0.879358],"extended":false,"handId":506,"id":5062,"length":67.0064,"mcpPosition":[-3.35128,278.749,-9.7925],"pipPosition":[-21.5962,234.887,-17.9459],"stabilizedTipPosition":[-19.07,212.358,6.90716],"timeVisible":110.022,"tipPosition":[-24.9324,222.701,22.0155],"tipVelocity":[-6.5696,15.1527,53.6906],"tool":false,"touchDistance":0.333333,"touchZone":"none","type":2,"width":18.9972},{"bases":[[[0.888879,-0.446119,0.104267],[0.444399,0.894914,0.0404845],[-0.111371,0.0103503,0.993725]],[[0.888566,-0.446089,0.107033],[0.185765,0.136555,-0.973059],[0.419455,0.88451,0.204206]],[[0.888566,-0.446089,0.107033],[-0.337892,-0.79422,-0.505018],[0.31029,0.412576,-0.856447]],[[0.888566,-0.446089,0.107033],[-0.449459,-0.893261,0.00841084],[0.091856,-0.0555803,-0.99422]]],"btipPosition":[-11.3751,222.554,29.5103],"carpPosition":[10.7016,273.113,58.5798],"dipPosition":[-9.65884,221.516,10.9343],"direction":[-0.31029,-0.412576,0.856447],"extended":false,"handId":506,"id":5063,"length":64.4285,"mcpPosition":[17.6779,272.465,-3.66711],"pipPosition":[-1.06318,232.945,-12.791],"stabilizedTipPosition":[-4.43149,212.278,10.9221],"timeVisible":110.022,"tipPosition":[-10.8459,222.73,26.0419],"tipVelocity":[-7.96473,10.8019,38.687],"tool":false,"touchDistance":0.333333,"touchZone":"none","type":3,"width":18.077},{"bases":[[[0.784287,-0.583615,0.210447],[0.565645,0.812007,0.143842],[-0.254833,0.00622486,0.966965]],[[0.792885,-0.583465,0.17579],[0.300031,0.122701,-0.946005],[0.530392,0.802816,0.272345]],[[0.792885,-0.583465,0.17579],[-0.405766,-0.72074,-0.56204],[0.45463,0.374303,-0.808214]],[[0.792885,-0.583465,0.17579],[-0.579958,-0.811075,-0.0761972],[0.187037,-0.0415353,-0.981474]]],"btipPosition":[4.3004,227.381,26.5439],"carpPosition":[20.394,262.733,59.5183],"dipPosition":[7.52432,226.665,9.62641],"direction":[-0.45463,-0.374303,0.808213],"extended":false,"handId":506,"id":5064,"length":50.5107,"mcpPosition":[35.1706,262.372,3.44864],"pipPosition":[16.4163,233.986,-6.18127],"stabilizedTipPosition":[12.2432,215.539,4.75727],"timeVisible":110.022,"tipPosition":[4.99848,227.441,23.0114],"tipVelocity":[-5.53352,18.3559,52.6988],"tool":false,"touchDistance":0.333333,"touchZone":"none","type":4,"width":16.0574}],"r":[[0.780359,-0.156939,0.605318],[0.617376,0.0394349,-0.785679],[0.0994328,0.986821,0.127664]],"s":1.33912,"t":[12.2192,8.02554,7.50649],"timestamp":97924495504},false],[6,{"currentFrameRate":105.594,"devices":[],"gestures":[],"hands":[{"armBasis":[[0.951541,-0.0484917,-0.303673],[0.208249,0.828214,0.520283],[0.226277,-0.55831,0.798178]],"armWidth":63.72,"confidence":0.717323,"direction":[0.0304112,0.161909,-0.986337],"elbow":[65.6181,112.736,284.045],"grabStrength":0,"id":506,"palmNormal":[-0.236638,-0.957574,-0.164483],"palmPosition":[-2.25944,269.903,14.6346],"palmVelocity":[-9.86867,17.6882,49.9112],"palmWidth":90.99,"pinchStrength":0.515431,"r":[[0.78007,-0.155105,0.606163],[0.617886,0.0384067,-0.785329],[0.0985277,0.987151,0.125797]],"s":1.33821,"sphereCenter":[-46.4975,262.788,-12.3077],"sphereRadius":61.3148,"stabilizedPalmPosition":[0.315018,263.706,4.81091],"t":[12.1374,8.15685,7.95544],"timeVisible":110.032,"type":"right","wrist":[4.52324,263.48,68.5373]}],"id":1809960,"interactionBox":{"center":[0,200,0],"size":[235.247,235.247,147.751]},"pointables":[{"bases":[[[0.608367,0.792139,-0.0490473],[-0.687593,0.556922,0.46589],[0.396365,-0.249707,0.883482]],[[0.554623,0.816957,-0.158032],[-0.829581,0.528107,-0.18138],[-0.0647217,0.231698,0.970632]],[[0.554623,0.816957,-0.158032],[-0.786421,0.452575,-0.420378],[-0.271909,0.357432,0.893481]],[[0.554623,0.816957,-0.158032],[-0.593809,0.255546,-0.762946],[-0.582909,0.516989,0.626849]]],"btipPosition":[0.322514,223.528,-23.1877],"carpPosition":[-25.8213,259.38,70.3982],"dipPosition":[-13.3197,235.628,-8.51721],"direction":[0.271909,-0.357432,-0.893481],"extended":false,"handId":506,"id":5060,"length":52.1164,"mcpPosition":[-25.8213,259.38,70.3982],"pipPosition":[-22.5906,247.815,21.9465],"stabilizedTipPosition":[-3.73861,222.855,-30.6621],"timeVisible":110.032,"tipPosition":[-3.73233,226.534,-20.1148],"tipVelocity":[36.3899,-0.170535,75.521],"tool":false,"touchDistance":0.367316,"touchZone":"hovering","type":0,"width":20.25},{"bases":[[[0.962442,-0.207838,-0.17467],[0.21428,0.976594,0.0186557],[0.166704,-0.0553834,0.98445]],[[0.976054,-0.213351,-0.0424238],[0.207916,0.857675,0.470281],[-0.063949,-0.46784,0.881497]],[[0.976054,-0.213351,-0.0424238],[0.216356,0.931938,0.291002],[-0.0225494,-0.293213,0.955781]],[[0.976054,-0.213351,-0.0424238],[0.216905,0.969322,0.115615],[0.0164556,-0.122049,0.992388]]],"btipPosition":[-22.2895,311.26,-87.368],"carpPosition":[-13.0364,277.914,62.986],"dipPosition":[-22.0084,309.175,-70.4125],"direction":[0.0225494,0.293213,-0.955781],"extended":true,"handId":506,"id":5061,"length":58.8075,"mcpPosition":[-25.3008,281.988,-9.43964],"pipPosition":[-22.5534,302.088,-47.3109],"stabilizedTipPosition":[-19.8446,307.657,-90.9441],"timeVisible":110.032,"tipPosition":[-22.1342,310.29,-83.6609],"tipVelocity":[-7.08789,-7.10938,38.98],"tool":false,"touchDistance":0.272649,"touchZone":"hovering","type":1,"width":19.3428},{"bases":[[[0.92539,-0.376829,-0.0406653],[0.377515,0.925944,0.010466],[0.0337099,-0.0250369,0.999118]],[[0.925518,-0.376927,-0.0366322],[0.031496,0.173008,-0.984417],[0.377391,0.909942,0.171994]],[[0.925518,-0.376927,-0.0366322],[-0.347596,-0.807118,-0.477218],[0.15031,0.454407,-0.878021]],[[0.925518,-0.376927,-0.0366322],[-0.37539,-0.925886,0.0426335],[-0.049987,-0.0257067,-0.998419]]],"btipPosition":[-24.9237,222.526,26.0436],"carpPosition":[-1.0465,277.077,60.3102],"dipPosition":[-25.8631,222.043,7.28132],"direction":[-0.15031,-0.454407,0.878021],"extended":false,"handId":506,"id":5062,"length":67.0064,"mcpPosition":[-3.39837,278.824,-9.39628],"pipPosition":[-21.5888,234.964,-17.6864],"stabilizedTipPosition":[-19.1051,212.416,6.99294],"timeVisible":110.032,"tipPosition":[-25.0056,222.731,22.2922],"tipVelocity":[-7.13748,11.1016,44.904],"tool":false,"touchDistance":0.333333,"touchZone":"none","type":2,"width":18.9972},{"bases":[[[0.889155,-0.445129,0.106134],[0.443548,0.895385,0.0393783],[-0.112559,0.0120621,0.993572]],[[0.888857,-0.445096,0.108734],[0.188546,0.139032,-0.972173],[0.417593,0.884624,0.207501]],[[0.888857,-0.445096,0.108734],[-0.335287,-0.793601,-0.507721],[0.312276,0.414834,-0.854632]],[[0.888857,-0.445096,0.108734],[-0.448395,-0.893811,0.00668795],[0.0942108,-0.0547004,-0.994048]]],"btipPosition":[-11.4396,222.575,29.7422],"carpPosition":[10.5784,273.325,59.0028],"dipPosition":[-9.67939,221.553,11.1694],"direction":[-0.312276,-0.414834,0.854632],"extended":false,"handId":506,"id":5063,"length":64.4285,"mcpPosition":[17.6291,272.569,-3.23453],"pipPosition":[-1.02873,233.045,-12.5056],"stabilizedTipPosition":[-4.46867,212.334,11.004],"timeVisible":110.032,"tipPosition":[-10.9049,222.765,26.305],"tipVelocity":[-7.30465,8.41274,34.5234],"tool":false,"touchDistance":0.333333,"touchZone":"none","type":3,"width":18.077},{"bases":[[[0.78456,-0.582525,0.212441],[0.564746,0.812776,0.143031],[-0.255985,0.00775879,0.96665]],[[0.793263,-0.582427,0.177518],[0.301297,0.122131,-0.945677],[0.529107,0.803656,0.272366]],[[0.793263,-0.582427,0.177518],[-0.404162,-0.721734,-0.561919],[0.455398,0.374003,-0.80792]],[[0.793263,-0.582427,0.177518],[-0.57902,-0.811769,-0.0759382],[0.188332,-0.0425477,-0.981183]]],"btipPosition":[4.26033,227.508,27.0041],"carpPosition":[20.279,262.956,59.9717],"dipPosition":[7.50658,226.774,10.0917],"direction":[-0.455398,-0.374003,0.80792],"extended":false,"handId":506,"id":5064,"length":50.5107,"mcpPosition":[35.1224,262.506,3.92034],"pipPosition":[16.4136,234.089,-5.71029],"stabilizedTipPosition":[12.2101,215.593,4.84115],"timeVisible":110.032,"tipPosition":[4.96258,227.565,23.4767],"tipVelocity":[-4.98786,16.761,51.3916],"tool":false,"touchDistance":0.333333,"touchZone":"none","type":4,"width":16.0574}],"r":[[0.78007,-0.155105,0.606163],[0.617886,0.0384067,-0.785329],[0.0985277,0.987151,0.125797]],"s":1.3382