{"sensorType":"Leap","data":[[0,{"currentFrameRate":104.971,"devices":[],"gestures":[{"center":[-43.6036,299.968,-44.4966],"duration":28050,"handIds":[506],"id":20,"normal":[0.166794,0.661344,0.731303],"pointableIds":[5061],"progress":0.827383,"radius":5.90234,"state":"update","type":"circle"}],"hands":[{"armBasis":[[0.941915,0.0325058,-0.334274],[0.181809,0.787506,0.58888],[0.282385,-0.615449,0.735855]],"armWidth":63.72,"confidence":0.686819,"direction":[0.00847815,0.239093,-0.97096],"elbow":[72.8668,95.3379,277.364],"grabStrength":0,"id":506,"palmNormal":[-0.200228,-0.950924,-0.235907],"palmPosition":[-11.2523,271.809,25.5361],"palmVelocity":[38.6114,204.301,-267.464],"palmWidth":90.99,"pinchStrength":0.864391,"r":[[0.795717,-0.15107,0.586526],[0.603281,0.111787,-0.789656],[0.0537273,0.982182,0.180088]],"s":1.30966,"sphereCenter":[-45.2261,260.846,-1.98328],"sphereRadius":54.937,"stabilizedPalmPosition":[-12.4917,253.665,35.5596],"t":[2.69817,8.0137,22.1707],"timeVisible":118.22,"type":"right","wrist":[-3.37706,261.509,78.6836]}],"id":1810813,"interactionBox":{"center":[0,200,0],"size":[235.247,235.247,147.751]},"pointables":[{"bases":[[[0.574977,0.818151,0.00551644],[-0.702231,0.490029,0.516472],[0.419849,-0.300833,0.856286]],[[0.522061,0.847664,-0.0944348],[-0.850554,0.509197,-0.131443],[-0.0633337,0.148943,0.986815]],[[0.522061,0.847664,-0.0944348],[-0.776911,0.426932,-0.462751],[-0.35194,0.314952,0.881444]],[[0.522061,0.847664,-0.0944348],[-0.30619,0.0829248,-0.948352],[-0.796053,0.524012,0.302838]]],"btipPosition":[0.293338,225.583,-5.80704],"carpPosition":[-33.4982,256.02,80.5933],"dipPosition":[-18.3372,237.847,1.28047],"direction":[0.35194,-0.314952,-0.881444],"extended":false,"handId":506,"id":5060,"length":52.1164,"mcpPosition":[-33.4982,256.02,80.5933],"pipPosition":[-30.3368,248.585,31.3338],"stabilizedTipPosition":[-8.83572,210.767,14.6328],"timeVisible":118.22,"tipPosition":[-4.2389,228.384,-4.12009],"tipVelocity":[35.0799,203.61,-270.305],"tool":false,"touchDistance":-0.218205,"touchZone":"hovering","type":0,"width":20.25},{"bases":[[[0.967228,-0.153481,-0.202272],[0.174851,0.980259,0.0923011],[0.184112,-0.124644,0.97497]],[[0.984142,-0.171159,-0.0465695],[0.167903,0.814207,0.555765],[-0.0572067,-0.554771,0.830034]],[[0.984142,-0.171159,-0.0465695],[0.174635,0.888904,0.4235],[-0.0310897,-0.424917,0.904698]],[[0.984142,-0.171159,-0.0465695],[0.177274,0.939948,0.291671],[-0.00614907,-0.295301,0.955384]]],"btipPosition":[-31.8215,323.908,-71.0834],"carpPosition":[-21.5907,275.588,74.4953],"dipPosition":[-31.9266,318.863,-54.7601],"direction":[0.0310897,0.424917,-0.904698],"extended":true,"handId":506,"id":5061,"length":58.8075,"mcpPosition":[-35.1357,284.758,2.7671],"pipPosition":[-32.678,308.592,-32.8931],"stabilizedTipPosition":[-36.0569,309.729,-53.7964],"timeVisible":118.22,"tipPosition":[-31.783,322.343,-67.4968],"tipVelocity":[68.4552,218.419,-267.615],"tool":false,"touchDistance":-0.113627,"touchZone":"hovering","type":1,"width":19.3428},{"bases":[[[0.939135,-0.333756,-0.0814416],[0.339855,0.937225,0.0781587],[0.0502431,-0.10108,0.993609]],[[0.93953,-0.334608,-0.0729398],[0.0440444,0.329276,-0.943206],[0.339622,0.882958,0.324102]],[[0.93953,-0.334608,-0.0729398],[-0.300409,-0.70298,-0.64465],[0.16443,0.62758,-0.76099]],[[0.93953,-0.334608,-0.0729398],[-0.342081,-0.927039,-0.153558],[-0.0162364,0.169224,-0.985444]]],"btipPosition":[-33.8658,218.928,26.8285],"carpPosition":[-9.61985,275.461,71.6142],"dipPosition":[-34.1709,222.108,8.31008],"direction":[-0.16443,-0.62758,0.76099],"extended":false,"handId":506,"id":5062,"length":67.0064,"mcpPosition":[-13.1252,282.513,2.29211],"pipPosition":[-29.4951,239.954,-13.3297],"stabilizedTipPosition":[-26.5366,199.829,25.7048],"timeVisible":118.22,"tipPosition":[-33.7401,219.958,23.7759],"tipVelocity":[28.139,204.096,-292.115],"tool":false,"touchDistance":0.333333,"touchZone":"none","type":2,"width":18.9972},{"bases":[[[0.907983,-0.414689,0.0600052],[0.407512,0.907284,0.103775],[-0.0974759,-0.0697728,0.992789]],[[0.909458,-0.41349,0.0437307],[0.189799,0.319264,-0.928465],[0.369949,0.8527,0.368837]],[[0.909458,-0.41349,0.0437307],[-0.275076,-0.677196,-0.68245],[0.311801,0.608631,-0.729623]],[[0.909458,-0.41349,0.0437307],[-0.39797,-0.896106,-0.196505],[0.12044,0.161309,-0.979527]]],"btipPosition":[-19.1854,218.706,29.7195],"carpPosition":[2.12565,272.307,69.8738],"dipPosition":[-16.9351,221.719,11.418],"direction":[-0.311801,-0.608631,0.729623],"extended":false,"handId":506,"id":5063,"length":64.4285,"mcpPosition":[8.23154,276.678,7.68552],"pipPosition":[-8.29763,238.58,-8.79397],"stabilizedTipPosition":[-11.2697,200.969,29.9762],"timeVisible":118.22,"tipPosition":[-18.5363,219.747,26.8258],"tipVelocity":[28.9597,201.07,-289.054],"tool":false,"touchDistance":0.333333,"touchZone":"none","type":3,"width":18.077},{"bases":[[[0.810701,-0.564148,0.156529],[0.533552,0.821988,0.199145],[-0.241012,-0.07793,0.967388]],[[0.818482,-0.561147,0.123295],[0.33087,0.284936,-0.899631],[0.469694,0.777127,0.418881]],[[0.818482,-0.561147,0.123295],[-0.316031,-0.618947,-0.719047],[0.479804,0.549562,-0.683937]],[[0.818482,-0.561147,0.123295],[-0.518024,-0.813596,-0.264033],[0.248473,0.152236,-0.956601]]],"btipPosition":[-4.04835,225.974,28.8693],"carpPosition":[12.2518,262.307,69.909],"dipPosition":[0.234532,228.598,12.3805],"direction":[-0.479804,-0.549562,0.683937],"extended":false,"handId":506,"id":5064,"length":50.5107,"mcpPosition":[26.2269,266.825,13.8148],"pipPosition":[9.61892,239.347,-0.996465],"stabilizedTipPosition":[2.63054,207.746,26.8413],"timeVisible":118.22,"tipPosition":[-3.07627,226.85,26.0558],"tipVelocity":[34.1895,197.972,-281.254],"tool":false,"touchDistance":0.333333,"touchZone":"none","type":4,"width":16.0574}],"r":[[0.795717,-0.15107,0.586526],[0.603281,0.111787,-0.789656],[0.0537273,0.982182,0.180088]],"s":1.30966,"t":[2.69817,8.0137,22.1707],"timestamp":97932693295},false],[1,{"currentFrameRate":105.042,"devices":[],"gestures":[{"center":[-43.6036,299.968,-44.4966],"duration":28050,"handIds":[506],"id":20,"normal":[0.166794,0.661344,0.731303],"pointableIds":[5061],"progress":0.827383,"radius":5.90234,"state":"update","type":"circle"}],"hands":[{"armBasis":[[0.944534,0.0235919,-0.327566],[0.18469,0.786593,0.589204],[0.271561,-0.617021,0.738607]],"armWidth":63.72,"confidence":0.689362,"direction":[0.00724125,0.23649,-0.971607],"elbow":[70.4989,96.6885,276.13],"grabStrength":0,"id":506,"palmNormal":[-0.203147,-0.951023,-0.232994],"palmPosition":[-10.7728,273.464,23.547],"palmVelocity":[42.1605,196.316,-251.653],"palmWidth":90.99,"pinchStrength":0.86175,"r":[[0.794832,-0.152519,0.58735],[0.604339,0.111351,-0.788908],[0.0549215,0.982008,0.180678]],"s":1.30935,"sphereCenter":[-44.7968,262.506,-3.87627],"sphereRadius":54.9213,"stabilizedPalmPosition":[-12.4502,254.143,35.2698],"t":[3.1202,9.93104,19.7438],"timeVisible":118.229,"type":"right","wrist":[-2.82263,263.284,76.7066]}],"id":1810814,"interactionBox":{"center":[0,200,0],"size":[235.247,235.247,147.751]},"pointables":[{"bases":[[[0.577109,0.816664,0.0022432],[-0.699967,0.493225,0.516504],[0.420704,-0.299649,0.856282]],[[0.523838,0.846149,-0.0981068],[-0.849672,0.510872,-0.130643],[-0.0604234,0.151794,0.986563]],[[0.523838,0.846149,-0.0981068],[-0.776947,0.4274,-0.462258],[-0.349208,0.318372,0.881302]],[[0.523838,0.846149,-0.0981068],[-0.309836,0.0819861,-0.947249],[-0.79347,0.526602,0.305115]]],"btipPosition":[0.538464,227.122,-7.74783],"carpPosition":[-32.9543,257.879,78.6884],"dipPosition":[-18.0316,239.446,-0.607036],"direction":[0.349208,-0.318372,-0.881302],"extended":false,"handId":506,"id":5060,"length":52.1164,"mcpPosition":[-32.9543,257.879,78.6884],"pipPosition":[-29.9381,250.302,29.4415],"stabilizedTipPosition":[-8.69466,211.297,14.0596],"timeVisible":118.229,"tipPosition":[-3.9514,229.94,-6.03409],"tipVelocity":[32.95,192.748,-251.851],"tool":false,"touchDistance":-0.250347,"touchZone":"hovering","type":0,"width":20.25},{"bases":[[[0.966437,-0.156533,-0.203706],[0.177572,0.980042,0.0893589],[0.185653,-0.122532,0.974946]],[[0.983604,-0.173842,-0.0479866],[0.171081,0.815271,0.553231],[-0.0570528,-0.55237,0.831644]],[[0.983604,-0.173842,-0.0479866],[0.177751,0.889558,0.420821],[-0.0304696,-0.422451,0.905873]],[[0.983604,-0.173842,-0.0479866],[0.180271,0.940226,0.288924],[-0.00510892,-0.292837,0.956149]]],"btipPosition":[-31.3912,325.359,-73.1719],"carpPosition":[-21.0076,277.399,72.5156],"dipPosition":[-31.4784,320.356,-56.8355],"direction":[0.0304695,0.422451,-0.905873],"extended":true,"handId":506,"id":5061,"length":58.8075,"mcpPosition":[-34.666,286.414,0.789235],"pipPosition":[-32.2149,310.145,-34.9402],"stabilizedTipPosition":[-35.5489,311.312,-55.5042],"timeVisible":118.229,"tipPosition":[-31.3502,323.804,-69.5805],"tipVelocity":[62.1459,200.549,-254.685],"tool":false,"touchDistance":-0.148385,"touchZone":"hovering","type":1,"width":19.3428},{"bases":[[[0.938107,-0.336413,-0.0823434],[0.342436,0.936541,0.0750165],[0.0518815,-0.0985709,0.993777]],[[0.938516,-0.337243,-0.0738532],[0.0434862,0.327698,-0.943781],[0.342485,0.882543,0.322215]],[[0.938516,-0.337243,-0.0738532],[-0.303295,-0.703224,-0.643031],[0.164922,0.625894,-0.762271]],[[0.938516,-0.337243,-0.0738532],[-0.344793,-0.926436,-0.151107],[-0.0174606,0.16728,-0.985755]]],"btipPosition":[-33.5319,220.63,24.9479],"carpPosition":[-9.04268,277.233,69.6121],"dipPosition":[-33.8601,223.773,6.42359],"direction":[-0.164922,-0.625894,0.762271],"extended":false,"handId":506,"id":5062,"length":67.0064,"mcpPosition":[-12.6623,284.11,0.278262],"pipPosition":[-29.1703,241.571,-15.2526],"stabilizedTipPosition":[-26.5773,199.952,25.6759],"timeVisible":118.229,"tipPosition":[-33.4126,221.647,21.8729],"tipVelocity":[30.0914,197.356,-266.045],"tool":false,"touchDistance":0.333333,"touchZone":"none","type":2,"width":18.9972},{"bases":[[[0.907016,-0.416889,0.0593773],[0.410064,0.906493,0.100583],[-0.0957571,-0.0668818,0.993155]],[[0.908454,-0.415745,0.0432084],[0.189572,0.317682,-0.929053],[0.372523,0.852193,0.367414]],[[0.908454,-0.415745,0.0432084],[-0.277567,-0.677325,-0.681313],[0.312519,0.606948,-0.730716]],[[0.908454,-0.415745,0.0432084],[-0.400531,-0.895416,-0.194436],[0.119525,0.15933,-0.979963]]],"btipPosition":[-18.8453,220.368,27.7825],"carpPosition":[2.69124,274.045,67.8577],"dipPosition":[-16.6121,223.345,9.47285],"direction":[-0.312519,-0.606948,0.730716],"extended":false,"handId":506,"id":5063,"length":64.4285,"mcpPosition":[8.68947,278.234,5.64645],"pipPosition":[-7.95472,240.159,-10.7694],"stabilizedTipPosition":[-11.3075,201.077,29.9419],"timeVisible":118.229,"tipPosition":[-18.2,221.396,24.8633],"tipVelocity":[30.9097,193.992,-265.58],"tool":false,"touchDistance":0.333333,"touchZone":"none","type":3,"width":18.077},{"bases":[[[0.809531,-0.565838,0.156484],[0.536065,0.821123,0.195939],[-0.239362,-0.074733,0.96805]],[[0.818898,-0.562186,0.115554],[0.323572,0.285931,-0.901967],[0.474033,0.776009,0.416056]],[[0.818898,-0.562186,0.115554],[-0.323559,-0.618493,-0.716084],[0.474042,0.549011,-0.688383]],[[0.818898,-0.562186,0.115554],[-0.521689,-0.813037,-0.25848],[0.239264,0.151385,-0.959081]]],"btipPosition":[-3.48636,227.565,27.0517],"carpPosition":[12.7914,264.018,67.9002],"dipPosition":[0.637782,230.174,10.5202],"direction":[-0.474042,-0.549011,0.688383],"extended":false,"handId":506,"id":5064,"length":50.5107,"mcpPosition":[26.6709,268.351,11.7677],"pipPosition":[9.90948,240.912,-2.94373],"stabilizedTipPosition":[2.58899,207.91,26.8125],"timeVisible":118.229,"tipPosition":[-2.60749,228.441,24.1436],"tipVelocity":[40.3895,189.755,-256.62],"tool":false,"touchDistance":0.333333,"touchZone":"none","type":4,"width":16.0574}],"r":[[0.794832,-0.152519,0.58735],[0.604339,0.111351,-0.788908],[0.0549215,0.982008,0.180678]],"s":1.30935,"t":[3.1202,9.93104,19.7438],"timestamp":97932702682},false],[2,{"currentFrameRate":105.062,"devices":[],"gestures":[{"center":[-43.6036,299.968,-44.4966],"duration":28050,"handIds":[506],"id":20,"normal":[0.166794,0.661344,0.731303],"pointableIds":[5061],"progress":0.827383,"radius":5.90234,"state":"update","type":"circle"}],"hands":[{"armBasis":[[0.941537,0.0218831,-0.336197],[0.189949,0.789688,0.583363],[0.278257,-0.613119,0.739364]],"armWidth":63.72,"confidence":0.690006,"direction":[0.00862879,0.240884,-0.970516],"elbow":[72.3355,98.87,274.706],"grabStrength":0,"id":506,"palmNormal":[-0.208323,-0.948823,-0.237352],"palmPosition":[-10.683,274.878,21.9643],"palmVelocity":[32.782,182.784,-227.348],"palmWidth":90.99,"pinchStrength":0.864529,"r":[[0.793944,-0.155083,0.58788],[0.605318,0.111059,-0.788198],[0.0569463,0.981639,0.182049]],"s":1.30905,"sphereCenter":[-44.7312,264.213,-5.51015],"sphereRadius":54.9013,"stabilizedPalmPosition":[-12.4057,254.666,34.9343],"t":[3.37613,11.5968,17.7389],"timeVisible":118.239,"type":"right","wrist":[-2.79376,264.412,75.0773]}],"id":1810815,"interactionBox":{"center":[0,200,0],"size":[235.247,235.247,147.751]},"pointables":[{"bases":[[[0.581567,0.813477,0.00601634],[-0.697309,0.49468,0.518702],[0.418975,-0.305855,0.854934]],[[0.528254,0.843803,-0.0945756],[-0.847026,0.515937,-0.127895],[-0.0591233,0.147669,0.987268]],[[0.528254,0.843803,-0.0945756],[-0.774789,0.433465,-0.460228],[-0.347346,0.316393,0.882749]],[[0.528254,0.843803,-0.0945756],[-0.311107,0.0887101,-0.946226],[-0.790038,0.52927,0.309375]]],"btipPosition":[0.329327,228.617,-9.5882],"carpPosition":[-32.9547,259.163,77.0322],"dipPosition":[-18.1604,241.004,-2.34772],"direction":[0.347346,-0.316393,-0.882749],"extended":false,"handId":506,"id":5060,"length":52.1164,"mcpPosition":[-32.9547,259.163,77.0322],"pipPosition":[-30.0034,251.791,27.7501],"stabilizedTipPosition":[-8.56096,211.863,13.4436],"timeVisible":118.239,"tipPosition":[-4.11728,231.452,-7.83976],"tipVelocity":[17.726,183.117,-234.59],"tool":false,"touchDistance":-0.280638,"touchZone":"hovering","type":0,"width":20.25},{"bases":[[[0.965587,-0.160884,-0.20435],[0.18292,0.978638,0.0938488],[0.184885,-0.127999,0.974389]],[[0.982643,-0.178999,-0.0487002],[0.175483,0.811824,0.556909],[-0.0601501,-0.555789,0.829144]],[[0.982643,-0.178999,-0.0487002],[0.182568,0.886628,0.424923],[-0.0328818,-0.426439,0.903918]],[[0.982643,-0.178999,-0.0487002],[0.185379,0.93786,0.293349],[-0.00683523,-0.297286,0.954764]]],"btipPosition":[-31.0071,327.327,-74.5187],"carpPosition":[-20.9009,278.646,70.9495],"dipPosition":[-31.1239,322.248,-58.206],"direction":[0.0328818,0.426439,-0.903918],"extended":true,"handId":506,"id":5061,"length":58.8075,"mcpPosition":[-34.5028,288.063,-0.735854],"pipPosition":[-31.9186,311.941,-36.3579],"stabilizedTipPosition":[-35.0714,312.883,-57.1185],"timeVisible":118.239,"tipPosition":[-30.9756,325.757,-70.9335],"tipVelocity":[55.7328,202.027,-222.532],"tool":false,"touchDistance":-0.170922,"touchZone":"hovering","type":1,"width":19.3428},{"bases":[[[0.936262,-0.341159,-0.083812],[0.347546,0.934302,0.0793197],[0.0512451,-0.103392,0.99332]],[[0.936665,-0.342028,-0.075337],[0.0457176,0.332676,-0.941933],[0.347231,0.878831,0.327242]],[[0.936665,-0.342028,-0.075337],[-0.306919,-0.698008,-0.646982],[0.1687,0.629128,-0.758774]],[[0.936665,-0.342028,-0.075337],[-0.34985,-0.923734,-0.155949],[-0.0162523,0.172429,-0.984888]]],"btipPosition":[-33.7405,222.15,23.0559],"carpPosition":[-8.93674,278.427,68.0462],"dipPosition":[-34.0459,225.391,4.54784],"direction":[-0.1687,-0.629128,0.758774],"extended":false,"handId":506,"id":5062,"length":67.0064,"mcpPosition":[-12.512,285.641,-1.25576],"pipPosition":[-29.2487,243.281,-17.029],"stabilizedTipPosition":[-26.6277,200.112,25.628],"timeVisible":118.239,"tipPosition":[-33.6183,223.177,19.9664],"tipVelocity":[15.3045,187.424,-246.856],"tool":false,"touchDistance":0.333333,"touchZone":"none","type":2,"width":18.9972},{"bases":[[[0.904717,-0.42211,0.0575373],[0.415006,0.903768,0.104753],[-0.0962179,-0.0708939,0.992832]],[[0.906154,-0.420909,0.04148],[0.19192,0.321806,-0.92715],[0.376897,0.848102,0.372387]],[[0.906154,-0.420909,0.04148],[-0.280785,-0.672017,-0.68524],[0.316299,0.609286,-0.727135]],[[0.906154,-0.420909,0.04148],[-0.4053,-0.892193,-0.199309],[0.120899,0.163792,-0.979058]]],"btipPosition":[-19.0538,221.792,25.8848],"carpPosition":[2.77974,275.183,66.2781],"dipPosition":[-16.7949,224.852,7.59206],"direction":[-0.316299,-0.609286,0.727135],"extended":false,"handId":506,"id":5063,"length":64.4285,"mcpPosition":[8.80682,279.624,4.08706],"pipPosition":[-8.03279,241.731,-12.551],"stabilizedTipPosition":[-11.3539,201.214,29.8889],"timeVisible":118.239,"tipPosition":[-18.4036,222.825,22.947],"tipVelocity":[15.9113,182.006,-246.692],"tool":false,"touchDistance":0.333333,"touchZone":"none","type":3,"width":18.077},{"bases":[[[0.806409,-0.570966,0.153956],[0.540528,0.817275,0.199728],[-0.239862,-0.0778448,0.967681]],[[0.817514,-0.566295,0.104788],[0.320415,0.296052,-0.899826],[0.478544,0.769197,0.423476]],[[0.817514,-0.566295,0.104788],[-0.329087,-0.608669,-0.721959],[0.472622,0.555727,-0.683956]],[[0.817514,-0.566295,0.104788],[-0.526028,-0.808314,-0.264429],[0.234446,0.161053,-0.958695]]],"btipPosition":[-3.47262,228.771,25.0928],"carpPosition":[12.8249,265.101,66.2755],"dipPosition":[0.568485,231.547,8.56793],"direction":[-0.472622,-0.555727,0.683956],"extended":false,"handId":506,"id":5064,"length":50.5107,"mcpPosition":[26.7334,269.614,10.1643],"pipPosition":[9.81241,242.416,-4.80942],"stabilizedTipPosition":[2.54316,208.102,26.7632],"timeVisible":118.239,"tipPosition":[-2.66522,229.713,22.1809],"tipVelocity":[28.6387,172.972,-242.226],"tool":false,"touchDistance":0.333333,"touchZone":"none","type":4,"width":16.0574}],"r":[[0.793944,-0.155083,0.58788],[0.605318,0.111059,-0.788198],[0.0569463,0.981639,0.182049]],"s":1.30905,"t":[3.37613,11.5968,17.7389],"timestamp":97932712163},false],[3,{"currentFrameRate":105.139,"devices":[],"gestures":[{"center":[-43.6036,299.968,-44.4966],"duration":28050,"handIds":[506],"id":20,"normal":[0.166794,0.661344,0.731303],"pointableIds":[5061],"progress":0.827383,"radius":5.90234,"state":"update","type":"circle"}],"hands":[{"armBasis":[[0.944122,0.0167264,-0.329172],[0.187875,0.793266,0.579165],[0.270809,-0.608645,0.745797]],"armWidth":63.72,"confidence":0.667902,"direction":[0.016008,0.24832,-0.968546],"elbow":[70.2389,101.035,274.086],"grabStrength":0,"id":506,"palmNormal":[-0.207652,-0.946724,-0.246157],"palmPosition":[-10.3677,276.252,19.6338],"palmVelocity":[33.0303,172.54,-233.433],"palmWidth":90.99,"pinchStrength":0.868878,"r":[[0.792329,-0.158223,0.58922],[0.60728,0.111889,-0.786569],[0.0585261,0.981043,0.184739]],"s":1.30875,"sphereCenter":[-44.1978,265.828,-8.1688],"sphereRadius":54.8847,"stabilizedPalmPosition":[-12.3554,255.198,34.557],"t":[3.66174,13.1169,15.5712],"timeVisible":118.248,"type":"right","wrist":[-2.87946,265.37,72.7211]}],"id":1810816,"interactionBox":{"center":[0,200,0],"size":[235.247,235.247,147.751]},"pointables":[{"bases":[[[0.582427,0.812715,0.0165242],[-0.700528,0.49151,0.517376],[0.412357,-0.312909,0.855599]],[[0.529702,0.843959,-0.0845479],[-0.845636,0.517761,-0.129702],[-0.0656876,0.1402,0.987942]],[[0.529702,0.843959,-0.0845479],[-0.771115,0.437656,-0.462427],[-0.353266,0.310144,0.882617]],[[0.529702,0.843959,-0.0845479],[-0.305669,0.0969607,-0.947188],[-0.79119,0.527571,0.309333]]],"btipPosition":[0.780675,230.221,-12.2337],"carpPosition":[-33.0598,260.141,74.4149],"dipPosition":[-17.736,242.568,-4.99418],"direction":[0.353266,-0.310144,-0.882617],"extended":false,"handId":506,"id":5060,"length":52.1164,"mcpPosition":[-33.0598,260.141,74.4149],"pipPosition":[-29.7808,253.143,25.0992],"stabilizedTipPosition":[-8.4237,212.435,12.7951],"timeVisible":118.248,"tipPosition":[-3.65129,233.048,-10.4769],"tipVelocity":[26.1881,179.465,-248.176],"tool":false,"touchDistance":-0.320593,"touchZone":"hovering","type":0,"width":20.25},{"bases":[[[0.966874,-0.160457,-0.198513],[0.183335,0.977671,0.102706],[0.1776,-0.135698,0.974702]],[[0.98277,-0.179786,-0.0428865],[0.17232,0.807326,0.564385],[-0.0668455,-0.562051,0.824397]],[[0.98277,-0.179786,-0.0428865],[0.180434,0.882899,0.433513],[-0.0400753,-0.433782,0.900126]],[[0.98277,-0.179786,-0.0428865],[0.184273,0.93505,0.30286],[-0.0143492,-0.305545,0.95207]]],"btipPosition":[-29.9201,329.491,-76.5791],"carpPosition":[-20.9397,279.656,68.5705],"dipPosition":[-30.1652,324.271,-60.3124],"direction":[0.0400753,0.433782,-0.900126],"extended":true,"handId":506,"id":5061,"length":58.8075,"mcpPosition":[-34.0057,289.639,-3.13792],"pipPosition":[-31.1339,313.786,-38.556],"stabilizedTipPosition":[-34.5452,314.474,-58.7418],"timeVisible":118.248,"tipPosition":[-29.9205,327.89,-73.0067],"tipVelocity":[71.9652,209.283,-222.117],"tool":false,"touchDistance":-0.205439,"touchZone":"hovering","type":1,"width":19.3428},{"bases":[[[0.936464,-0.341617,-0.0795827],[0.348012,0.933252,0.0890408],[0.0438528,-0.111079,0.992844]],[[0.936803,-0.342551,-0.0711218],[0.0532927,0.340637,-0.938683],[0.345774,0.875571,0.337366]],[[0.936803,-0.342551,-0.0711218],[-0.302823,-0.692124,-0.655182],[0.175208,0.635314,-0.752116]],[[0.936803,-0.342551,-0.0711218],[-0.349749,-0.921999,-0.166112],[-0.00867253,0.180489,-0.983539]]],"btipPosition":[-33.5002,223.535,20.0934],"carpPosition":[-8.95493,279.446,65.7531],"dipPosition":[-33.6632,226.927,1.61074],"direction":[-0.175208,-0.635314,0.752116],"extended":false,"handId":506,"id":5062,"length":67.0064,"mcpPosition":[-12.0145,287.195,-3.51558],"pipPosition":[-28.6809,244.993,-19.7767],"stabilizedTipPosition":[-26.6792,200.293,25.555],"timeVisible":118.248,"tipPosition":[-33.3571,224.581,16.9945],"tipVelocity":[19.2364,177.22,-266.384],"tool":false,"touchDistance":0.333333,"touchZone":"none","type":2,"width":18.9972},{"bases":[[[0.903793,-0.423614,0.0609055],[0.41525,0.902444,0.114732],[-0.103566,-0.0784028,0.991528]],[[0.905341,-0.422299,0.0449591],[0.199512,0.329473,-0.922845],[0.374904,0.844459,0.382539]],[[0.905341,-0.422299,0.0449591],[-0.276159,-0.665832,-0.693112],[0.322636,0.615087,-0.719427]],[[0.905341,-0.422299,0.0449591],[-0.404747,-0.890045,-0.209763],[0.128598,0.17171,-0.976718]]],"btipPosition":[-18.8331,223.135,23.0235],"carpPosition":[2.7705,276.201,64.0459],"dipPosition":[-16.4303,226.343,4.77449],"direction":[-0.322636,-0.615087,0.719427],"extended":false,"handId":506,"id":5063,"length":64.4285,"mcpPosition":[9.25786,281.112,1.9366],"pipPosition":[-7.49268,243.382,-15.1551],"stabilizedTipPosition":[-11.4012,201.369,29.8133],"timeVisible":118.248,"tipPosition":[-18.1612,224.184,20.0766],"tipVelocity":[19.0873,172.049,-263.072],"tool":false,"touchDistance":0.333333,"touchZone":"none","type":3,"width":18.077},{"bases":[[[0.804614,-0.573089,0.155455],[0.539975,0.815074,0.209954],[-0.247029,-0.0849897,0.965274]],[[0.817746,-0.5671,0.0984317],[0.323274,0.31103,-0.893731],[0.47622,0.762665,0.437672]],[[0.817746,-0.5671,0.0984317],[-0.325915,-0.597174,-0.732913],[0.474416,0.567257,-0.673164]],[[0.817746,-0.5671,0.0984317],[-0.524627,-0.804723,-0.277824],[0.236765,0.17555,-0.955576]]],"btipPosition":[-3.07075,229.947,22.2293],"carpPosition":[12.804,266.107,64.0393],"dipPosition":[1.01032,232.973,5.75823],"direction":[-0.474416,-0.567257,0.673164],"extended":false,"handId":506,"id":5064,"length":50.5107,"mcpPosition":[27.1281,271.035,8.0677],"pipPosition":[10.2893,244.068,-7.40804],"stabilizedTipPosition":[2.50149,208.303,26.689],"timeVisible":118.248,"tipPosition":[-2.30477,230.973,19.3407],"tipVelocity":[32.9676,161.253,-259.87],"tool":false,"touchDistance":0.333333,"touchZone":"none","type":4,"width":16.0574}],"r":[[0.792329,-0.158223,0.58922],[0.60728,0.111889,-0.786569],[0.0585261,0.981043,0.184739]],"s":1.30875,"t":[3.66174,13.1169,15.5712],"timestamp":97932721531},false],[4,{"currentFrameRate":105.206,"devices":[],"gestures":[{"center":[-43.6036,299.968,-44.4966],"duration":28050,"handIds":[506],"id":20,"normal":[0.166794,0.661344,0.731303],"pointableIds":[5061],"progress":0.827383,"radius":5.90234,"state":"update","type":"circle"}],"hands":[{"armBasis":[[0.945039,0.00197512,-0.326953],[0.197184,0.794219,0.574748],[0.260807,-0.607628,0.750178]],"armWidth":63.72,"confidence":0.672903,"direction":[0.0146137,0.24888,-0.968424],"elbow":[67.9451,103.161,272.711],"grabStrength":0,"id":506,"palmNormal":[-0.216581,-0.944746,-0.246063],"palmPosition":[-10.0603,278.205,17.1103],"palmVelocity":[32.9549,182.683,-243.546],"palmWidth":90.99,"pinchStrength":0.867793,"r":[[0.791184,-0.162164,0.589688],[0.60847,0.111624,-0.785687],[0.0615868,0.98043,0.186987]],"s":1.30851,"sphereCenter":[-44.0892,268.092,-10.5763],"sphereRadius":54.8871,"stabilizedPalmPosition":[-12.2984,255.769,34.1239],"t":[3.95823,14.8535,13.2256],"timeVisible":118.258,"type":"right","wrist":[-2.47284,267.221,70.1626]}],"id":1810817,"interactionBox":{"center":[0,200,0],"size":[235.247,235.247,147.751]},"pointables":[{"bases":[[[0.58937,0.807725,0.0149797],[-0.694449,0.497068,0.520254],[0.412776,-0.317024,0.85388]],[[0.536429,0.839543,-0.0860876],[-0.841776,0.52495,-0.125861],[-0.0604739,0.139982,0.988306]],[[0.536429,0.839543,-0.0860876],[-0.769422,0.444599,-0.458608],[-0.346747,0.312248,0.884459]],[[0.536429,0.839543,-0.0860876],[-0.310662,0.101589,-0.945076],[-0.784687,0.53371,0.315309]]],"btipPosition":[0.515534,232.123,-14.9073],"carpPosition":[-32.6902,262.248,71.9621],"dipPosition":[-17.849,244.614,-7.52794],"direction":[0.346747,-0.312248,-0.884459],"extended":false,"handId":506,"id":5060,"length":52.1164,"mcpPosition":[-32.6902,262.248,71.9621],"pipPosition":[-29.6715,255.26,22.6282],"stabilizedTipPosition":[-8.29852,213.034,12.1048],"timeVisible":118.258,"tipPosition":[-3.8511,234.979,-13.0972],"tipVelocity":[11.7647,187.095,-257.674],"tool":false,"touchDistance":-0.356489,"touchZone":"hovering","type":0,"width":20.25},{"bases":[[[0.964751,-0.168522,-0.202127],[0.192009,0.976002,0.102722],[0.179966,-0.137911,0.973957]],[[0.981046,-0.188101,-0.0465558],[0.181222,0.805541,0.564148],[-0.0686142,-0.561892,0.82436]],[[0.981046,-0.188101,-0.0465558],[0.189493,0.881021,0.433468],[-0.0405192,-0.434074,0.899966]],[[0.981046,-0.188101,-0.0465558],[0.193302,0.933171,0.303027],[-0.0135552,-0.306283,0.951844]]],"btipPosition":[-29.5072,331.674,-78.9981],"carpPosition":[-20.4259,281.663,66.0874],"dipPosition":[-29.7388,326.441,-62.7352],"direction":[0.0405192,0.434074,-0.899966],"extended":true,"handId":506,"id":5061,"length":58.8075,"mcpPosition":[-33.6659,291.809,-5.56621],"pipPosition":[-30.7181,315.95,-40.9827],"stabilizedTipPosition":[-34.038,316.102,-60.4225],"timeVisible":118.258,"tipPosition":[-29.5091,330.076,-75.4234],"tipVelocity":[64.1122,215.854,-232.308],"tool":false,"touchDistance":-0.24577,"touchZone":"hovering","type":1,"width":19.3428},{"bases":[[[0.933232,-0.349504,-0.083214],[0.356252,0.930196,0.0884293],[0.0464989,-0.11217,0.9926]],[[0.933594,-0.350446,-0.0747639],[0.0530668,0.34156,-0.938361],[0.354381,0.872081,0.337476]],[[0.933594,-0.350446,-0.0747639],[-0.310936,-0.688576,-0.65512],[0.178103,0.634863,-0.751817]],[[0.933594,-0.350446,-0.0747639],[-0.358177,-0.918789,-0.165941],[-0.0105387,0.181701,-0.983297]]],"btipPosition":[-33.6456,225.677,17.5654],"carpPosition":[-8.45362,281.353,63.2265],"dipPosition":[-33.8437,229.091,-0.912771],"direction":[-0.178103,-0.634863,0.751817],"extended":false,"handId":506,"id":5062,"length":67.0064,"mcpPosition":[-11.6978,289.179,-6.02527],"pipPosition":[-28.7791,247.145,-22.2917],"stabilizedTipPosition":[-26.7384,200.514,25.4518],"timeVisible":118.258,"tipPosition":[-33.5077,226.72,14.4487],"tipVelocity":[9.11301,191.912,-267.235],"tool":false,"touchDistance":0.333333,"touchZone":"none","type":2,"width":18.9972},{"bases":[[[0.900374,-0.431322,0.0573346],[0.423317,0.898799,0.113855],[-0.10064,-0.0782414,0.991842]],[[0.901873,-0.430011,0.041415],[0.199194,0.328865,-0.92313],[0.383337,0.840796,0.38225]],[[0.901873,-0.430011,0.041415],[-0.284159,-0.662705,-0.692875],[0.32539,0.613117,-0.719867]],[[0.901873,-0.430011,0.041415],[-0.413024,-0.886385,-0.209124],[0.126635,0.171498,-0.977012]]],"btipPosition":[-18.9657,225.156,20.463],"carpPosition":[3.23756,278.01,61.4745],"dipPosition":[-16.5996,228.36,2.20852],"direction":[-0.32539,-0.613117,0.719867],"extended":false,"handId":506,"id":5063,"length":64.4285,"mcpPosition":[9.54167,282.911,-0.654454],"pipPosition":[-7.58565,245.345,-17.7332],"stabilizedTipPosition":[-11.4546,201.556,29.7103],"timeVisible":118.258,"tipPosition":[-18.298,226.196,17.4945],"tipVelocity":[9.38385,184.37,-265.917],"tool":false,"touchDistance":0.333333,"touchZone":"none","type":3,"width":18.077},{"bases":[[[0.800271,-0.580018,0.152139],[0.54764,0.810304,0.208563],[-0.244249,-0.0835899,0.966103]],[[0.813984,-0.573652,0.0913983],[0.320074,0.311624,-0.894675],[0.48475,0.757505,0.437268]],[[0.813984,-0.573652,0.0913983],[-0.335039,-0.592168,-0.732861],[0.47453,0.565915,-0.674211]],[[0.813984,-0.573652,0.0913983],[-0.532549,-0.799793,-0.27699],[0.231996,0.176791,-0.956516]]],"btipPosition":[-3.07282,231.778,19.6174],"carpPosition":[13.1848,267.831,61.4245],"dipPosition":[0.926046,234.825,3.13012],"direction":[-0.47453,-0.565915,0.674211],"extended":false,"handId":506,"id":5064,"length":50.5107,"mcpPosition":[27.3477,272.678,5.40482],"pipPosition":[10.2073,245.894,-10.0566],"stabilizedTipPosition":[2.45867,208.525,26.589],"timeVisible":118.258,"tipPosition":[-2.33668,232.814,16.695],"tipVelocity":[22.9567,171.035,-265.26],"tool":false,"touchDistance":0.333333,"touchZone":"none","type":4,"width":16.0574}],"r":[[0.791184,-0.162164,0.589688],[0.60847,0.111624,-0.785687],[0.0615868,0.98043,0.186987]],"s":1.30851,"t":[3.95823,14.8535,13.2256],"timestamp":97932730912},false],[5,{"currentFrameRate":105.257,"devices":[],"gestures":[{"center":[-43.6036,299.968,-44.4966],"duration":28050,"handIds":[506],"id":20,"normal":[0.166794,0.661344,0.731303],"pointableIds":[5061],"progress":0.827383,"radius":5.90234,"state":"update","type":"circle"}],"hands":[{"armBasis":[[0.945143,-0.00456608,-0.326625],[0.201471,0.795217,0.571874],[0.257126,-0.606308,0.752514]],"armWidth":63.72,"confidence":0.674926,"direction":[0.0123977,0.249475,-0.968302],"elbow":[67.4054,104.445,272.013],"grabStrength":0,"id":506,"palmNormal":[-0.219997,-0.943967,-0.246022],"palmPosition":[-9.73505,279.189,15.8125],"palmVelocity":[33.4179,160.428,-213.457],"palmWidth":90.99,"pinchStrength":0.86714,"r":[[0.79052,-0.16584,0.589555],[0.609009,0.111166,-0.785334],[0.0647012,0.979867,0.188877]],"s":1.30826,"sphereCenter":[-43.8816,269.189,-11.7817],"sphereRadius":54.884,"stabilizedPalmPosition":[-12.2354,256.345,33.6738],"t":[4.2691,16.2138,11.404],"timeVisible":118.267,"type":"right","wrist":[-2.01875,268.148,68.8345]}],"id":1810818,"interactionBox":{"center":[0,200,0],"size":[235.247,235.247,147.751]},"pointables":[{"bases":[[[0.591698,0.806043,0.0137257],[-0.691466,0.498689,0.52267],[0.41445,-0.318754,0.852425]],[[0.538437,0.838127,-0.0873476],[-0.840756,0.527349,-0.122605],[-0.0566959,0.139453,0.988604]],[[0.538437,0.838127,-0.0873476],[-0.769884,0.44714,-0.45535],[-0.342584,0.312425,0.886017]],[[0.538437,0.838127,-0.0873476],[-0.315374,0.104305,-0.943218],[-0.781425,0.53541,0.320485]]],"btipPosition":[0.554367,233.116,-16.3366],"carpPosition":[-32.2445,263.26,70.7219],"dipPosition":[-17.7338,245.646,-8.8361],"direction":[0.342584,-0.312425,-0.886017],"extended":false,"handId":506,"id":5060,"length":52.1164,"mcpPosition":[-32.2445,263.26,70.7219],"pipPosition":[-29.4144,256.299,21.3732],"stabilizedTipPosition":[-8.17937,213.623,11.4197],"timeVisible":118.267,"tipPosition":[-3.76796,235.976,-14.481],"tipVelocity":[10.1203,164.121,-226.699],"tool":false,"touchDistance":-0.370195,"touchZone":"hovering","type":0,"width":20.25},{"bases":[[[0.963656,-0.171119,-0.205147],[0.195082,0.975387,0.102776],[0.182511,-0.139062,0.97332]],[[0.980365,-0.19085,-0.0496139],[0.185208,0.804785,0.563931],[-0.0676975,-0.562047,0.82433]],[[0.980365,-0.19085,-0.0496139],[0.193285,0.880184,0.433494],[-0.0390628,-0.434572,0.89979]],[[0.980365,-0.19085,-0.0496139],[0.19685,0.932335,0.303316],[-0.011631,-0.307127,0.951597]]],"btipPosition":[-29.319,332.773,-80.2059],"carpPosition":[-19.9431,282.644,64.8229],"dipPosition":[-29.5177,327.526,-63.9473],"direction":[0.0390628,0.434572,-0.89979],"extended":true,"handId":506,"id":5061,"length":58.8075,"mcpPosition":[-33.3703,292.875,-6.78381],"pipPosition":[-30.4619,317.022,-42.199],"stabilizedTipPosition":[-33.5798,317.618,-61.9953],"timeVisible":118.267,"tipPosition":[-29.3159,331.178,-76.629],"tipVelocity":[51.7694,187.525,-202.725],"tool":false,"touchDistance":-0.265916,"touchZone":"hovering","type":1,"width":19.3428},{"bases":[[[0.931983,-0.352089,-0.0862572],[0.35915,0.929126,0.0879582],[0.0491746,-0.112955,0.992383]],[[0.932368,-0.353037,-0.0778168],[0.0514544,0.342657,-0.93805],[0.357831,0.870604,0.337647]],[[0.932368,-0.353037,-0.0778168],[-0.314746,-0.686838,-0.655125],[0.177836,0.63531,-0.751502]],[[0.932368,-0.353037,-0.0778168],[-0.361283,-0.917586,-0.165865],[-0.0128471,0.182761,-0.983073]]],"btipPosition":[-33.4744,226.719,16.2583],"carpPosition":[-7.98037,282.302,61.9257],"dipPosition":[-33.7158,230.153,-2.2156],"direction":[-0.177836,-0.63531,0.751502],"extended":false,"handId":506,"id":5062,"length":67.0064,"mcpPosition":[-11.4112,290.183,-7.31087],"pipPosition":[-28.6588,248.219,-23.5856],"stabilizedTipPosition":[-26.8015,200.765,25.3268],"timeVisible":118.267,"tipPosition":[-33.3457,227.76,13.1245],"tipVelocity":[11.4026,168.934,-230.645],"tool":false,"touchDistance":0.333333,"touchZone":"none","type":2,"width":18.9972},{"bases":[[[0.899318,-0.433907,0.0543366],[0.426203,0.897522,0.113161],[-0.0978696,-0.0786092,0.99209]],[[0.900765,-0.432597,0.0385004],[0.198209,0.330595,-0.922724],[0.38644,0.838789,0.383534]],[[0.900765,-0.432597,0.0385004],[-0.287457,-0.660297,-0.693813],[0.325563,0.613895,-0.719126]],[[0.900765,-0.432597,0.0385004],[-0.416006,-0.884873,-0.209619],[0.124749,0.172801,-0.977025]]],"btipPosition":[-18.789,226.14,19.0316],"carpPosition":[3.69596,278.927,60.1362],"dipPosition":[-16.4582,229.368,0.776833],"direction":[-0.325563,-0.613895,0.719126],"extended":false,"handId":506,"id":5063,"length":64.4285,"mcpPosition":[9.82651,283.851,-2.00826],"pipPosition":[-7.43947,246.375,-19.1444],"stabilizedTipPosition":[-11.5102,201.763,29.5886],"timeVisible":118.267,"tipPosition":[-18.1286,227.177,16.0483],"tipVelocity":[11.8159,161.803,-233.504],"tool":false,"touchDistance":0.333333,"touchZone":"none","type":3,"width":18.077},{"bases":[[[0.79908,-0.582381,0.149346],[0.550559,0.808613,0.207436],[-0.24157,-0.0835342,0.966781]],[[0.813277,-0.5756,0.0852342],[0.316065,0.314003,-0.895268],[0.488553,0.75504,0.437299]],[[0.813277,-0.5756,0.0852342],[-0.340104,-0.589083,-0.733014],[0.472133,0.567155,-0.674852]],[[0.813277,-0.5756,0.0852342],[-0.535724,-0.797867,-0.276421],[0.227113,0.179144,-0.95725]]],"btipPosition":[-2.80228,232.686,18.2273],"carpPosition":[13.6142,268.72,60.0496],"dipPosition":[1.11242,235.774,1.72736],"direction":[-0.472133,-0.567155,0.674852],"extended":false,"handId":506,"id":5064,"length":50.5107,"mcpPosition":[27.6216,273.564,3.99059],"pipPosition":[10.3468,246.866,-11.4719],"stabilizedTipPosition":[2.41804,208.757,26.4758],"timeVisible":118.267,"tipPosition":[-2.09741,233.735,15.2808],"tipVelocity":[24.0247,150.085,-231.868],"tool":false,"touchDistance":0.333333,"touchZone":"none","type":4,"width":16.0574}],"r":[[0.79052,-0.16584,0.589555],[0.609009,0.111166,-0.785334],[0.0647012,0.979867,0.188877]],"s":1.30826,"t":[4.2691,16.2138,11.404],"timestamp":97932740318},false],[6,{"currentFrameRate":105.256,"devices":[],"gestures":[{"center":[-43.6036,299.968,-44.4966],"duration":28050,"handIds":[506],"id":20,"normal":[0.166794,0.661344,0.731303],"pointableIds":[5061],"progress":0.827383,"radius":5.90234,"state":"update","type":"circle"}],"hands":[{"armBasis":[[0.949073,-0.00966672,-0.314907],[0.197852,0.79614,0.571853],[0.245182,-0.605035,0.757508]],"armWidth":63.72,"confidence":0.679173,"direction":[0.0144468,0.250865,-0.967914],"elbow":[64.3992,106.311,271.085],"grabStrength":0,"id":506,"palmNormal":[-0.216704,-0.944222,-0.247959],"palmPosition":[-9.39675,280.764,13.5293],"palmVelocity":[34.0461,161.958,-221.169],"palmWidth":90.99,"pinchStrength":0.861149,"r":[[0.789739,-0.168509,0.589845],[0.609823,0.111351,-0.784677],[0.0665449,0.979391,0.190699]],"s":1.30809,"sphereCenter":[-43.4442,270.71,-14.184],"sphereRadius":54.884,"stabilizedPalmPosition":[-12.1663,256.939,33.1833],"t":[4.59369,17.6814,9.35154],"timeVisible":118.276,"type":"right","wrist":[-1.79992,269.67,66.5575]}],"id":1810819,"interactionBox":{"center":[0,200,0],"size":[235.247,235.247,147.751]},"pointables":[{"bases":[[[0.589437,0.807645,0.0165229],[-0.694309,0.496055,0.521406],[0.412915,-0.318808,0.853149]],[[0.536281,0.839767,-0.0848198],[-0.841938,0.525151,-0.123921],[-0.0595215,0.137869,0.98866]],[[0.536281,0.839767,-0.0848198],[-0.770126,0.445715,-0.456338],[-0.345412,0.310047,0.885755]],[[0.536281,0.839767,-0.0848198],[-0.314883,0.105818,-0.943213],[-0.783104,0.532536,0.321176]]],"btipPosition":[1.0583,234.779,-18.716],"carpPosition":[-32.0174,264.696,68.3526],"dipPosition":[-17.2691,247.243,-11.1993],"direction":[0.345412,-0.310047,-0.885755],"extended":false,"handId":506,"id":5060,"length":52.1164,"mcpPosition":[-32.0174,264.696,68.3526],"pipPosition":[-29.0462,257.814,19.0011],"stabilizedTipPosition":[-8.05348,214.225,10.7077],"timeVisible":118.276,"tipPosition":[-3.25077,237.619,-16.8427],"tipVelocity":[22.1829,166.803,-233.401],"tool":false,"touchDistance":-0.397143,"touchZone":"hovering","type":0,"width":20.25},{"bases":[[[0.964699,-0.168183,-0.202659],[0.192106,0.975774,0.104687],[0.180143,-0.139924,0.973638]],[[0.981024,-0.188092,-0.0470466],[0.181392,0.804676,0.565326],[-0.0684763,-0.563132,0.823525]],[[0.981024,-0.188092,-0.0470466],[0.189617,0.880099,0.435284],[-0.0404679,-0.435944,0.899063]],[[0.981024,-0.188092,-0.0470466],[0.19341,0.932348,0.305484],[-0.0135955,-0.308787,0.951034]]],"btipPosition":[-28.8534,334.423,-82.475],"carpPosition":[-19.7527,284.122,62.5154],"dipPosition":[-29.0857,329.147,-66.226],"direction":[0.0404679,0.435944,-0.899063],"extended":true,"handId":506,"id":5061,"length":58.8075,"mcpPosition":[-33.0057,294.417,-9.11467],"pipPosition":[-30.0638,318.61,-44.4953],"stabilizedTipPosition":[-33.1448,319.069,-63.5541],"timeVisible":118.276,"tipPosition":[-28.8582,332.829,-78.896],"tipVelocity":[50.7413,183.33,-213.163],"tool":false,"touchDistance":-0.301728,"touchZone":"hovering","type":1,"width":19.3428},{"bases":[[[0.933188,-0.349406,-0.084111],[0.356343,0.929985,0.0902687],[0.0466814,-0.11421,0.992359]],[[0.933559,-0.350386,-0.0754768],[0.0545121,0.34693,-0.936306],[0.354254,0.869982,0.34298]],[[0.933559,-0.350386,-0.0754768],[-0.310331,-0.684807,-0.659344],[0.179338,0.63896,-0.748043]],[[0.933559,-0.350386,-0.0754768],[-0.358293,-0.917967,-0.170182],[-0.0096558,0.185918,-0.982518]]],"btipPosition":[-33.0313,228.189,13.62],"carpPosition":[-7.78092,283.817,59.6516],"dipPosition":[-33.2127,231.682,-4.84348],"direction":[-0.179338,-0.63896,0.748043],"extended":false,"handId":506,"id":5062,"length":67.0064,"mcpPosition":[-11.0378,291.785,-9.58336],"pipPosition":[-28.113,249.852,-26.1151],"stabilizedTipPosition":[-26.8632,201.042,25.1698],"timeVisible":118.276,"tipPosition":[-32.8909,229.239,10.495],"tipVelocity":[21.9472,165.243,-244.087],"tool":false,"touchDistance":0.333333,"touchZone":"none","type":2,"width":18.9972},{"bases":[[[0.900351,-0.43151,0.0562757],[0.423411,0.89853,0.115617],[-0.100455,-0.080268,0.991698]],[[0.901832,-0.430182,0.0405243],[0.200687,0.333961,-0.920975],[0.382653,0.838698,0.387508]],[[0.901832,-0.430182,0.0405243],[-0.283072,-0.659069,-0.696777],[0.326449,0.616905,-0.716142]],[[0.901832,-0.430182,0.0405243],[-0.412831,-0.885531,-0.213084],[0.12755,0.175436,-0.976193]]],"btipPosition":[-18.321,227.665,16.5345],"carpPosition":[3.90966,280.477,57.8905],"dip