{"sensorType":"Leap","data":[[0,{"currentFrameRate":104.454,"devices":[],"gestures":[],"hands":[{"armBasis":[[0.956554,-0.09484,-0.2757],[0.22279,0.847736,0.481361],[0.188069,-0.521871,0.832034]],"armWidth":63.72,"confidence":0.713464,"direction":[0.0584257,0.235711,-0.970065],"elbow":[57.2647,100.83,303.812],"grabStrength":0,"id":506,"palmNormal":[-0.245702,-0.938438,-0.242825],"palmPosition":[1.20406,252.335,25.7536],"palmVelocity":[5.82257,24.0444,203.723],"palmWidth":90.99,"pinchStrength":0.591723,"r":[[0.180071,0.488227,0.853937],[0.558394,-0.765426,0.319873],[0.809797,0.419234,-0.410454]],"s":1.54157,"sphereCenter":[-20.2004,241.797,-1.79703],"sphereRadius":49.3353,"stabilizedPalmPosition":[2.17161,243.163,-9.64873],"t":[15.4358,-9.44883,17.8217],"timeVisible":271.94,"type":"right","wrist":[6.48615,241.735,79.1626]}],"id":1827379,"interactionBox":{"center":[0,200,0],"size":[235.247,235.247,147.751]},"pointables":[{"bases":[[[0.620516,0.78374,0.026656],[-0.691625,0.530931,0.48966],[0.369614,-0.322278,0.871506]],[[0.5665,0.819325,-0.0882242],[-0.820459,0.550782,-0.153251],[-0.0769704,0.159201,0.984241]],[[0.5665,0.819325,-0.0882242],[-0.677805,0.402389,-0.615356],[-0.468677,0.408398,0.783296]],[[0.5665,0.819325,-0.0882242],[-0.452565,0.219857,-0.864204],[-0.688667,0.529499,0.495347]]],"btipPosition":[11.988,203.729,-7.48322],"carpPosition":[-23.9513,237.993,79.9476],"dipPosition":[-4.1293,216.121,4.10968],"direction":[0.468677,-0.408398,-0.783296],"extended":false,"handId":506,"id":5060,"length":52.1164,"mcpPosition":[-23.9513,237.993,79.9476],"pipPosition":[-20.1091,230.046,30.8166],"stabilizedTipPosition":[10.8557,197.594,-39.5525],"timeVisible":271.94,"tipPosition":[8.18658,206.544,-4.6216],"tipVelocity":[9.54929,24.6474,201.772],"tool":false,"touchDistance":0.51685,"touchZone":"hovering","type":0,"width":20.25},{"bases":[[[0.963657,-0.209373,-0.165918],[0.227429,0.968815,0.098358],[0.14015,-0.132518,0.981222]],[[0.97056,-0.23374,0.058132],[0.163765,0.817372,0.552344],[-0.17662,-0.526563,0.831587]],[[0.97056,-0.23374,0.058132],[0.190878,0.893613,0.406228],[-0.146899,-0.383173,0.911921]],[[0.97056,-0.23374,0.058132],[0.211272,0.942062,0.260543],[-0.115663,-0.240591,0.963711]]],"btipPosition":[-7.91388,302.572,-72.1316],"carpPosition":[-10.7179,256.828,74.2906],"dipPosition":[-9.89006,298.461,-55.666],"direction":[0.146899,0.383173,-0.911921],"extended":true,"handId":506,"id":5061,"length":58.8075,"mcpPosition":[-21.0287,266.577,2.10247],"pipPosition":[-13.4407,289.199,-33.6245],"stabilizedTipPosition":[-7.28589,294.755,-103.075],"timeVisible":271.94,"tipPosition":[-8.34704,302.01,-68.1669],"tipVelocity":[0.596958,3.91201,193.818],"tool":false,"touchDistance":0.457449,"touchZone":"hovering","type":1,"width":19.3428},{"bases":[[[0.920746,-0.387423,-0.0461461],[0.390094,0.916326,0.0904102],[0.0072579,-0.101246,0.994835]],[[0.920702,-0.389419,-0.0257211],[0.0577723,0.201178,-0.97785],[0.385968,0.898822,0.207722]],[[0.920702,-0.389419,-0.0257211],[-0.377132,-0.870824,-0.315335],[0.100399,0.30003,-0.948632]],[[0.920702,-0.389419,-0.0257211],[-0.36576,-0.883995,0.291157],[-0.136119,-0.258661,-0.956329]]],"btipPosition":[-18.0824,216.074,37.3861],"carpPosition":[1.32482,256.005,71.859],"dipPosition":[-20.6403,211.213,19.4147],"direction":[-0.100399,-0.30003,0.948632],"extended":false,"handId":506,"id":5062,"length":67.0064,"mcpPosition":[0.818452,263.068,2.45134],"pipPosition":[-17.7853,219.745,-7.56095],"stabilizedTipPosition":[-16.0073,200.274,-12.1754],"timeVisible":271.94,"tipPosition":[-18.6997,214.729,32.7532],"tipVelocity":[10.7229,25.0576,214.558],"tool":false,"touchDistance":0.333333,"touchZone":"none","type":2,"width":18.9972},{"bases":[[[0.879735,-0.466066,0.0940717],[0.454913,0.88261,0.118549],[-0.13828,-0.0614976,0.988482]],[[0.881321,-0.4653,0.0822762],[0.174528,0.158739,-0.971773],[0.439105,0.870803,0.221108]],[[0.881321,-0.4653,0.0822762],[-0.416773,-0.847521,-0.328647],[0.22265,0.255353,-0.940862]],[[0.881321,-0.4653,0.0822762],[-0.469115,-0.840748,0.270323],[-0.0566078,-0.276839,-0.959248]]],"btipPosition":[-3.14131,215.22,42.7489],"carpPosition":[12.926,252.177,70.5601],"dipPosition":[-4.19897,210.048,24.8264],"direction":[-0.22265,-0.255353,0.940862],"extended":false,"handId":506,"id":5063,"length":64.4285,"mcpPosition":[21.5879,256.029,8.6416],"pipPosition":[1.96888,217.122,-1.23741],"stabilizedTipPosition":[-0.0998745,198.415,-8.44347],"timeVisible":271.94,"tipPosition":[-3.39784,213.764,38.1657],"tipVelocity":[10.8385,26.1081,210.261],"tool":false,"touchDistance":0.333333,"touchZone":"none","type":3,"width":18.077},{"bases":[[[0.770479,-0.609434,0.186956],[0.57219,0.790451,0.218599],[-0.281001,-0.0614516,0.957738]],[[0.752194,-0.612026,0.244188],[0.383569,0.105356,-0.917483],[0.535797,0.783788,0.314003]],[[0.752194,-0.612026,0.244188],[-0.48953,-0.767085,-0.414658],[0.441094,0.192366,-0.876602]],[[0.752194,-0.612026,0.244188],[-0.653934,-0.738928,0.162342],[0.0810797,-0.281795,-0.956043]]],"btipPosition":[9.77502,218.554,37.9649],"carpPosition":[22.4513,241.61,70.978],"dipPosition":[11.1726,213.697,21.4857],"direction":[-0.441094,-0.192366,0.876602],"extended":false,"handId":506,"id":5064,"length":50.5107,"mcpPosition":[38.7452,245.173,15.4433],"pipPosition":[19.7998,217.459,4.34045],"stabilizedTipPosition":[14.4067,202.385,-10.8012],"timeVisible":271.94,"tipPosition":[10.4148,217.05,34.0209],"tipVelocity":[8.09364,29.3727,209.886],"tool":false,"touchDistance":0.333333,"touchZone":"none","type":4,"width":16.0574}],"r":[[0.180071,0.488227,0.853937],[0.558394,-0.765426,0.319873],[0.809797,0.419234,-0.410454]],"s":1.54157,"t":[15.4358,-9.44883,17.8217],"timestamp":98086413020},false],[1,{"currentFrameRate":109.925,"devices":[],"gestures":[{"center":[-12.4691,306.935,-53.2188],"duration":27101,"handIds":[506],"id":69,"normal":[-0.797419,-0.601624,-0.0466067],"pointableIds":[5061],"progress":0.853399,"radius":12.2098,"state":"update","type":"circle"}],"hands":[{"armBasis":[[0.970139,0.0206369,-0.241671],[0.104083,0.864552,0.491646],[0.219083,-0.502119,0.836588]],"armWidth":63.72,"confidence":0.704219,"direction":[0.0808126,0.263469,-0.961277],"elbow":[58.1197,121.245,304.9],"grabStrength":0,"id":506,"palmNormal":[-0.126782,-0.95388,-0.2721],"palmPosition":[-4.75272,268.02,25.6041],"palmVelocity":[-25.5306,93.3926,-273.066],"palmWidth":90.99,"pinchStrength":0.692667,"r":[[0.0966719,0.487636,0.867678],[0.619488,-0.711803,0.331014],[0.779031,0.505517,-0.370896]],"s":1.49313,"sphereCenter":[-27.9656,255.172,-4.88012],"sphereRadius":50.1678,"stabilizedPalmPosition":[1.5246,245.942,1.10257],"t":[9.77441,5.59616,21.9037],"timeVisible":272.374,"type":"right","wrist":[-1.0328,256.817,79.0215]}],"id":1827427,"interactionBox":{"center":[0,200,0],"size":[235.247,235.247,147.751]},"pointables":[{"bases":[[[0.52699,0.846698,0.0733749],[-0.770486,0.439545,0.461684],[0.358655,-0.299837,0.884005]],[[0.476057,0.878419,-0.041824],[-0.867472,0.46125,-0.18639],[-0.144437,0.125013,0.981585]],[[0.476057,0.878419,-0.041824],[-0.725452,0.365386,-0.583277],[-0.49708,0.308015,0.811196]],[[0.476057,0.878419,-0.041824],[-0.43453,0.193612,-0.879601],[-0.764561,0.436914,0.47387]]],"btipPosition":[11.189,222.747,-9.61989],"carpPosition":[-30.8626,249.715,78.127],"dipPosition":[-6.70443,232.972,1.47037],"direction":[0.49708,-0.308015,-0.811196],"extended":false,"handId":506,"id":5060,"length":52.1164,"mcpPosition":[-30.8626,249.715,78.127],"pipPosition":[-23.6527,243.474,29.1286],"stabilizedTipPosition":[9.84956,203.014,-20.8301],"timeVisible":272.374,"tipPosition":[7.3777,224.962,-6.79564],"tipVelocity":[6.85528,93.6488,-260.916],"tool":false,"touchDistance":-0.178294,"touchZone":"hovering","type":0,"width":20.25},{"bases":[[[0.988167,-0.0975826,-0.118338],[0.112573,0.985438,0.12743],[0.10418,-0.139243,0.984763]],[[0.98845,-0.124156,0.0869076],[0.0547251,0.827173,0.559276],[-0.141325,-0.54806,0.824414]],[[0.98845,-0.124156,0.0869076],[0.0810789,0.917713,0.388883],[-0.128038,-0.377345,0.917179]],[[0.98845,-0.124156,0.0869076],[0.102674,0.97041,0.218548],[-0.11147,-0.207101,0.971948]]],"btipPosition":[-16.1387,316.474,-73.1287],"carpPosition":[-19.5452,270.025,73.5136],"dipPosition":[-18.0433,312.936,-56.5224],"direction":[0.128038,0.377345,-0.917179],"extended":true,"handId":506,"id":5061,"length":58.8075,"mcpPosition":[-27.2097,280.269,1.06501],"pipPosition":[-21.138,303.815,-34.3538],"stabilizedTipPosition":[-9.44538,298.931,-84.2451],"timeVisible":272.374,"tipPosition":[-16.3814,316.214,-69.0106],"tipVelocity":[-4.16255,71.4398,-286.777],"tool":false,"touchDistance":-0.167821,"touchZone":"hovering","type":1,"width":19.3428},{"bases":[[[0.95939,-0.282052,-0.00418305],[0.280274,0.951458,0.127178],[-0.0318907,-0.123186,0.991871]],[[0.958472,-0.28466,0.0173528],[0.13346,0.393933,-0.909398],[0.252033,0.873948,0.415564]],[[0.958472,-0.28466,0.0173528],[-0.234197,-0.820362,-0.521687],[0.162739,0.495958,-0.852961]],[[0.958472,-0.28466,0.0173528],[-0.284402,-0.949544,0.132219],[-0.0211603,-0.131664,-0.991069]]],"btipPosition":[-21.5314,225.437,25.3571],"carpPosition":[-7.37823,270.596,71.709],"dipPosition":[-21.9291,222.962,6.73289],"direction":[-0.162739,-0.495958,0.852961],"extended":false,"handId":506,"id":5062,"length":67.0064,"mcpPosition":[-5.15328,279.19,2.50812],"pipPosition":[-17.3014,237.066,-17.5222],"stabilizedTipPosition":[-16.0543,200.529,-11.1142],"timeVisible":272.374,"tipPosition":[-21.5123,225.356,22.4711],"tipVelocity":[-8.16107,78.1549,-304.731],"tool":false,"touchDistance":0.333333,"touchZone":"none","type":2,"width":18.9972},{"bases":[[[0.920364,-0.368022,0.132249],[0.346943,0.924463,0.158108],[-0.180447,-0.099634,0.978525]],[[0.921113,-0.367601,0.128143],[0.267118,0.357354,-0.894956],[0.283194,0.858585,0.427356]],[[0.921113,-0.367601,0.128143],[-0.24919,-0.809645,-0.531393],[0.299091,0.457541,-0.837377]],[[0.921113,-0.367601,0.128143],[-0.381504,-0.9179,0.109154],[0.0774972,-0.14943,-0.985731]]],"btipPosition":[-6.45457,226.103,32.1841],"carpPosition":[4.62862,268.106,70.9586],"dipPosition":[-5.00661,223.311,13.7667],"direction":[-0.299091,-0.457541,0.837377],"extended":false,"handId":506,"id":5063,"length":64.4285,"mcpPosition":[15.9318,274.347,9.6638],"pipPosition":[3.27881,235.985,-9.43029],"stabilizedTipPosition":[-0.142844,198.624,-7.62285],"timeVisible":272.374,"tipPosition":[-6.07837,225.928,29.1088],"tipVelocity":[-9.38203,85.4947,-288.658],"tool":false,"touchDistance":0.333333,"touchZone":"none","type":3,"width":18.077},{"bases":[[[0.823232,-0.524736,0.21666],[0.468555,0.84351,0.262578],[-0.320539,-0.114645,0.940272]],[[0.793256,-0.532537,0.295212],[0.485303,0.260156,-0.834745],[0.367731,0.805434,0.464812]],[[0.793256,-0.532537,0.295212],[-0.308134,-0.769268,-0.559715],[0.525166,0.353032,-0.774318]],[[0.793256,-0.532537,0.295212],[-0.564435,-0.824987,0.0284722],[0.228383,-0.189214,-0.955007]]],"btipPosition":[6.61611,233.175,32.3417],"carpPosition":[15.2405,258.65,71.6929],"dipPosition":[10.5527,229.913,15.8804],"direction":[-0.525166,-0.353032,0.774318],"extended":false,"handId":506,"id":5064,"length":50.5107,"mcpPosition":[33.827,265.298,17.171],"pipPosition":[20.8243,236.818,0.735647],"stabilizedTipPosition":[14.1897,203.252,-7.84878],"timeVisible":272.374,"tipPosition":[7.51148,232.733,29.3702],"tipVelocity":[-9.47758,95.0214,-271.351],"tool":false,"touchDistance":0.333333,"touchZone":"none","type":4,"width":16.0574}],"r":[[0.0966719,0.487636,0.867678],[0.619488,-0.711803,0.331014],[0.779031,0.505517,-0.370896]],"s":1.49313,"t":[9.77441,5.59616,21.9037],"timestamp":98086846959},false],[2,{"currentFrameRate":110.035,"devices":[],"gestures":[{"center":[-12.7201,307.504,-53.7962],"duration":35995,"handIds":[506],"id":69,"normal":[-0.796901,-0.601234,-0.0588715],"pointableIds":[5061],"progress":0.856003,"radius":12.7719,"state":"update","type":"circle"}],"hands":[{"armBasis":[[0.970592,0.0242739,-0.239502],[0.0999639,0.864427,0.49272],[0.218992,-0.502171,0.83658]],"armWidth":63.72,"confidence":0.681404,"direction":[0.0820099,0.266038,-0.960468],"elbow":[58.0192,121.441,303.693],"grabStrength":0,"id":506,"palmNormal":[-0.12268,-0.95369,-0.274635],"palmPosition":[-4.74945,268.344,24.4173],"palmVelocity":[-18.4906,77.8954,-235.109],"palmWidth":90.99,"pinchStrength":0.694298,"r":[[0.0922377,0.487899,0.868013],[0.620982,-0.709626,0.332884],[0.778378,0.508317,-0.368431]],"s":1.49232,"sphereCenter":[-27.8153,255.466,-6.15515],"sphereRadius":50.1479,"stabilizedPalmPosition":[1.51559,245.974,1.13606],"t":[9.66999,6.16229,20.0454],"timeVisible":272.382,"type":"right","wrist":[-1.10872,257.028,77.8164]}],"id":1827428,"interactionBox":{"center":[0,200,0],"size":[235.247,235.247,147.751]},"pointables":[{"bases":[[[0.523723,0.848441,0.076562],[-0.773124,0.435634,0.460979],[0.357761,-0.300617,0.884102]],[[0.472961,0.880237,-0.0386198],[-0.868711,0.458552,-0.187275],[-0.147137,0.122123,0.981548]],[[0.472961,0.880237,-0.0386198],[-0.725517,0.364209,-0.583932],[-0.499933,0.304196,0.810883]],[[0.472961,0.880237,-0.0386198],[-0.431733,0.19332,-0.881041],[-0.768059,0.433372,0.47146]]],"btipPosition":[11.4553,223.208,-10.8402],"carpPosition":[-30.9103,249.819,76.8378],"dipPosition":[-6.52002,233.351,0.193706],"direction":[0.499933,-0.304196,-0.810883],"extended":false,"handId":506,"id":5060,"length":52.1164,"mcpPosition":[-30.9103,249.819,76.8378],"pipPosition":[-23.5655,243.722,27.8413],"stabilizedTipPosition":[9.84469,203.058,-20.8059],"timeVisible":272.382,"tipPosition":[7.61146,225.41,-8.0462],"tipVelocity":[12.5547,81.711,-227.683],"tool":false,"touchDistance":-0.198848,"touchZone":"hovering","type":0,"width":20.25},{"bases":[[[0.988781,-0.0936923,-0.116337],[0.108681,0.985539,0.130008],[0.102474,-0.141193,0.984664]],[[0.988691,-0.120759,0.0889232],[0.0503997,0.82602,0.561383],[-0.141245,-0.550553,0.822764]],[[0.988691,-0.120759,0.0889232],[0.0767947,0.91699,0.391449],[-0.128813,-0.380194,0.915893]],[[0.988691,-0.120759,0.0889232],[0.0985778,0.970171,0.221475],[-0.113016,-0.210205,0.971103]]],"btipPosition":[-16.0832,317.003,-74.2207],"carpPosition":[-19.6569,270.181,72.298],"dipPosition":[-18.0141,313.411,-57.6288],"direction":[0.128813,0.380194,-0.915893],"extended":true,"handId":506,"id":5061,"length":58.8075,"mcpPosition":[-27.1958,280.569,-0.143401],"pipPosition":[-21.1276,304.222,-35.4913],"stabilizedTipPosition":[-9.46061,298.968,-84.2153],"timeVisible":272.382,"tipPosition":[-16.3405,316.716,-70.1112],"tipVelocity":[-1.51898,67.8021,-242.299],"tool":false,"touchDistance":-0.186077,"touchZone":"hovering","type":1,"width":19.3428},{"bases":[[[0.960422,-0.278535,-0.00268272],[0.276505,0.952171,0.130055],[-0.0336705,-0.12565,0.991503]],[[0.959464,-0.281198,0.0188531],[0.134067,0.396556,-0.908168],[0.247899,0.873883,0.41818]],[[0.959464,-0.281198,0.0188531],[-0.230025,-0.819998,-0.52411],[0.162838,0.498528,-0.851442]],[[0.959464,-0.281198,0.0188531],[-0.281225,-0.950879,0.129391],[-0.0184574,-0.129448,-0.991414]]],"btipPosition":[-21.3714,225.702,24.0331],"carpPosition":[-7.48805,270.801,70.5221],"dipPosition":[-21.7183,223.269,5.40242],"direction":[-0.162838,-0.498528,0.851442],"extended":false,"handId":506,"id":5062,"length":67.0064,"mcpPosition":[-5.13893,279.567,1.34695],"pipPosition":[-17.0878,237.446,-18.8095],"stabilizedTipPosition":[-16.0546,200.53,-11.1128],"timeVisible":272.382,"tipPosition":[-21.3463,225.624,21.1376],"tipVelocity":[-0.695591,65.306,-262.406],"tool":false,"touchDistance":0.333333,"touchZone":"none","type":2,"width":18.9972},{"bases":[[[0.921404,-0.36497,0.133458],[0.343202,0.925348,0.161072],[-0.182281,-0.102609,0.977878]],[[0.922209,-0.364508,0.129088],[0.268576,0.363603,-0.891998],[0.278204,0.857279,0.433216]],[[0.922209,-0.364508,0.129088],[-0.243972,-0.807464,-0.537103],[0.300013,0.463828,-0.83358]],[[0.922209,-0.364508,0.129088],[-0.378108,-0.919956,0.103518],[0.0810224,-0.144274,-0.986215]]],"btipPosition":[-6.30721,226.327,30.7011],"carpPosition":[4.52949,268.356,69.793],"dipPosition":[-4.79338,223.632,12.2747],"direction":[-0.300013,-0.463828,0.83358],"extended":false,"handId":506,"id":5063,"length":64.4285,"mcpPosition":[15.9476,274.784,8.53876],"pipPosition":[3.51757,236.481,-10.8172],"stabilizedTipPosition":[-0.143226,198.625,-7.62061],"timeVisible":272.382,"tipPosition":[-5.92557,226.167,27.6181],"tipVelocity":[-1.86464,69.7994,-255.581],"tool":false,"touchDistance":0.333333,"touchZone":"none","type":3,"width":18.077},{"bases":[[[0.824657,-0.522237,0.217279],[0.464875,0.844592,0.265625],[-0.322231,-0.118042,0.939273]],[[0.794664,-0.530309,0.295434],[0.486272,0.264764,-0.83273],[0.363383,0.805402,0.468273]],[[0.794664,-0.530309,0.295434],[-0.303522,-0.768572,-0.563179],[0.525721,0.357868,-0.771718]],[[0.794664,-0.530309,0.295434],[-0.561157,-0.827353,0.0243003],[0.231541,-0.185095,-0.955054]]],"btipPosition":[6.73639,233.495,31.0632],"carpPosition":[15.1742,258.938,70.5289],"dipPosition":[10.7274,230.305,14.6011],"direction":[-0.525721,-0.357868,0.771718],"extended":false,"handId":506,"id":5064,"length":50.5107,"mcpPosition":[33.8588,265.782,16.065],"pipPosition":[21.0099,237.304,-0.492763],"stabilizedTipPosition":[14.1878,203.26,-7.83869],"timeVisible":272.382,"tipPosition":[7.63944,233.069,28.0835],"tipVelocity":[-2.84248,79.472,-236.669],"tool":false,"touchDistance":0.333333,"touchZone":"none","type":4,"width":16.0574}],"r":[[0.0922377,0.487899,0.868013],[0.620982,-0.709626,0.332884],[0.778378,0.508317,-0.368431]],"s":1.49232,"t":[9.66999,6.16229,20.0454],"timestamp":98086855853},false],[3,{"currentFrameRate":109.842,"devices":[],"gestures":[{"center":[-12.7201,307.504,-53.7962],"duration":35995,"handIds":[506],"id":69,"normal":[-0.796901,-0.601234,-0.0588715],"pointableIds":[5061],"progress":0.856003,"radius":12.7719,"state":"update","type":"circle"}],"hands":[{"armBasis":[[0.973142,0.0302249,-0.228213],[0.0880786,0.867027,0.490415],[0.212689,-0.497344,0.841078]],"armWidth":63.72,"confidence":0.691688,"direction":[0.0853685,0.265973,-0.960193],"elbow":[56.2696,123.176,302.532],"grabStrength":0,"id":506,"palmNormal":[-0.110998,-0.955173,-0.274451],"palmPosition":[-4.57371,268.686,22.0082],"palmVelocity":[-7.88002,65.9828,-240.81],"palmWidth":90.99,"pinchStrength":0.699056,"r":[[0.0865654,0.488451,0.868287],[0.623213,-0.706519,0.335317],[0.777247,0.5121,-0.365569]],"s":1.49182,"sphereCenter":[-27.288,255.543,-8.69097],"sphereRadius":50.1463,"stabilizedPalmPosition":[1.50844,246.001,1.16056],"t":[9.70565,6.61655,17.9117],"timeVisible":272.392,"type":"right","wrist":[-1.15645,257.459,75.4408]}],"id":1827429,"interactionBox":{"center":[0,200,0],"size":[235.247,235.247,147.751]},"pointables":[{"bases":[[[0.514371,0.853917,0.0790443],[-0.780541,0.427998,0.455603],[0.355217,-0.296046,0.886667]],[[0.464034,0.885067,-0.0364547],[-0.872221,0.449342,-0.193193],[-0.154608,0.121445,0.980483]],[[0.464034,0.885067,-0.0364547],[-0.725549,0.356147,-0.588844],[-0.508183,0.299694,0.807424]],[[0.464034,0.885067,-0.0364547],[-0.427029,0.187453,-0.884595],[-0.776092,0.426049,0.464934]]],"btipPosition":[12.3333,223.688,-13.0746],"carpPosition":[-30.8745,249.939,74.2795],"dipPosition":[-5.83008,233.659,-2.1935],"direction":[0.508183,-0.299694,-0.807424],"extended":false,"handId":506,"id":5060,"length":52.1164,"mcpPosition":[-30.8745,249.939,74.2795],"pipPosition":[-23.1569,243.877,25.3361],"stabilizedTipPosition":[9.84188,203.096,-20.7889],"timeVisible":272.392,"tipPosition":[8.43739,225.855,-10.3264],"tipVelocity":[34.2391,71.657,-231.283],"tool":false,"touchDistance":-0.236675,"touchZone":"hovering","type":0,"width":20.25},{"bases":[[[0.990424,-0.0835063,-0.109938],[0.097593,0.986738,0.129706],[0.0976484,-0.139193,0.985439]],[[0.989274,-0.110414,0.0956282],[0.038064,0.826929,0.561016],[-0.141022,-0.551359,0.822263]],[[0.989274,-0.110414,0.0956282],[0.0645692,0.917805,0.391746],[-0.131022,-0.381369,0.91509]],[[0.989274,-0.110414,0.0956282],[0.0868789,0.971066,0.222448],[-0.117423,-0.211754,0.970243]]],"btipPosition":[-15.757,317.177,-76.7291],"carpPosition":[-19.8048,270.413,69.791],"dipPosition":[-17.7632,313.559,-60.1519],"direction":[0.131022,0.381369,-0.915091],"extended":true,"handId":506,"id":5061,"length":58.8075,"mcpPosition":[-26.9887,280.654,-2.70739],"pipPosition":[-20.9301,304.341,-38.0338],"stabilizedTipPosition":[-9.47177,298.996,-84.1967],"timeVisible":272.392,"tipPosition":[-16.0545,316.854,-72.6388],"tipVelocity":[8.26815,53.509,-249.051],"tool":false,"touchDistance":-0.227939,"touchZone":"hovering","type":1,"width":19.3428},{"bases":[[[0.963265,-0.268527,0.00371941],[0.265751,0.955119,0.130856],[-0.0386909,-0.125061,0.991394]],[[0.962195,-0.271186,0.0252984],[0.136355,0.399221,-0.906658],[0.235773,0.875831,0.421106]],[[0.962195,-0.271186,0.0252984],[-0.217677,-0.821505,-0.527017],[0.163702,0.501586,-0.849478]],[[0.962195,-0.271186,0.0252984],[-0.272171,-0.953869,0.126715],[-0.010232,-0.12881,-0.991616]]],"btipPosition":[-20.7598,225.825,21.4176],"carpPosition":[-7.63199,271.158,68.0921],"dipPosition":[-20.9521,223.404,2.78315],"direction":[-0.163702,-0.501586,0.849478],"extended":false,"handId":506,"id":5062,"length":67.0064,"mcpPosition":[-4.9326,279.883,-1.07547],"pipPosition":[-16.297,237.668,-21.373],"stabilizedTipPosition":[-16.0547,200.531,-11.1117],"timeVisible":272.392,"tipPosition":[-20.7143,225.742,18.4992],"tipVelocity":[19.1014,50.4401,-266.575],"tool":false,"touchDistance":0.333333,"touchZone":"none","type":2,"width":18.9972},{"bases":[[[0.92428,-0.355236,0.139696],[0.332524,0.92902,0.162324],[-0.187443,-0.103581,0.976799]],[[0.925135,-0.354754,0.135187],[0.268829,0.360726,-0.893089],[0.268061,0.86257,0.429088]],[[0.925135,-0.354754,0.135187],[-0.233892,-0.813091,-0.533082],[0.299032,0.461554,-0.835193]],[[0.925135,-0.354754,0.135187],[-0.369454,-0.92323,0.105598],[0.0873474,-0.147637,-0.985177]]],"btipPosition":[-5.73648,226.759,28.6275],"carpPosition":[4.41474,268.838,67.4421],"dipPosition":[-4.10448,224.001,10.2204],"direction":[-0.299032,-0.461554,0.835193],"extended":false,"handId":506,"id":5063,"length":64.4285,"mcpPosition":[16.1562,275.326,6.25541],"pipPosition":[4.17931,236.787,-12.9161],"stabilizedTipPosition":[-0.143551,198.627,-7.61862],"timeVisible":272.392,"tipPosition":[-5.33666,226.524,25.3474],"tipVelocity":[16.7736,62.4761,-245.133],"tool":false,"touchDistance":0.333333,"touchZone":"none","type":3,"width":18.077},{"bases":[[[0.82864,-0.513422,0.223057],[0.45436,0.849633,0.267732],[-0.326976,-0.120505,0.937318]],[[0.798642,-0.521652,0.300084],[0.489438,0.272866,-0.828248],[0.350175,0.808346,0.473238]],[[0.798642,-0.521652,0.300084],[-0.289728,-0.770329,-0.568023],[0.527474,0.366704,-0.766354]],[[0.798642,-0.521652,0.300084],[-0.551604,-0.833903,0.0184168],[0.240634,-0.180236,-0.953735]]],"btipPosition":[7.26525,233.871,28.5997],"carpPosition":[15.1519,259.531,68.2553],"dipPosition":[11.413,230.764,12.1604],"direction":[-0.527474,-0.366704,0.766354],"extended":false,"handId":506,"id":5064,"length":50.5107,"mcpPosition":[34.1117,266.519,13.9047],"pipPosition":[21.7298,237.936,-2.82861],"stabilizedTipPosition":[14.1863,203.268,-7.83025],"timeVisible":272.392,"tipPosition":[8.18418,233.478,25.6355],"tipVelocity":[15.0765,68.7032,-243.412],"tool":false,"touchDistance":0.333333,"touchZone":"none","type":4,"width":16.0574}],"r":[[0.0865654,0.488451,0.868287],[0.623213,-0.706519,0.335317],[0.777247,0.5121,-0.365569]],"s":1.49182,"t":[9.70565,6.61655,17.9117],"timestamp":98086865299},false],[4,{"currentFrameRate":110.079,"devices":[],"gestures":[{"center":[-12.7201,307.504,-53.7962],"duration":35995,"handIds":[506],"id":69,"normal":[-0.796901,-0.601234,-0.0588715],"pointableIds":[5061],"progress":0.856003,"radius":12.7719,"state":"update","type":"circle"}],"hands":[{"armBasis":[[0.972579,0.0469421,-0.227785],[0.0727052,0.868963,0.489508],[0.220915,-0.492646,0.841722]],"armWidth":63.72,"confidence":0.693345,"direction":[0.098891,0.270811,-0.95754],"elbow":[57.4346,124.783,299.719],"grabStrength":0,"id":506,"palmNormal":[-0.0976053,-0.954977,-0.280166],"palmPosition":[-4.84284,269.219,19.0182],"palmVelocity":[-14.0433,64.8074,-268.544],"palmWidth":90.99,"pinchStrength":0.693817,"r":[[0.0782324,0.488297,0.869164],[0.625142,-0.70316,0.338768],[0.776581,0.516848,-0.360265]],"s":1.49171,"sphereCenter":[-26.9019,256.027,-12.0972],"sphereRadius":50.1491,"stabilizedPalmPosition":[1.50313,246.02,1.1755],"t":[9.58892,7.11033,15.3498],"timeVisible":272.401,"type":"right","wrist":[-2.21249,257.797,72.454]}],"id":1827430,"interactionBox":{"center":[0,200,0],"size":[235.247,235.247,147.751]},"pointables":[{"bases":[[[0.505092,0.858244,0.0911065],[-0.79193,0.418905,0.444257],[0.343116,-0.296541,0.891255]],[[0.456414,0.889414,-0.0250574],[-0.872989,0.442187,-0.20582],[-0.171979,0.115814,0.978269]],[[0.456414,0.889414,-0.0250574],[-0.718918,0.352037,-0.599355],[-0.524254,0.291569,0.800091]],[[0.456414,0.889414,-0.0250574],[-0.413031,0.18684,-0.891345],[-0.788094,0.417172,0.452632]]],"btipPosition":[13.0672,224.525,-15.9395],"carpPosition":[-31.8366,250.011,70.7662],"dipPosition":[-5.37704,234.289,-5.34624],"direction":[0.524254,-0.291569,-0.800091],"extended":false,"handId":506,"id":5060,"length":52.1164,"mcpPosition":[-31.8366,250.011,70.7662],"pipPosition":[-23.2518,244.23,21.9333],"stabilizedTipPosition":[9.84056,203.126,-20.7795],"timeVisible":272.401,"tipPosition":[9.09662,226.649,-13.2641],"tipVelocity":[45.675,76.8558,-259.74],"tool":false,"touchDistance":-0.285306,"touchZone":"hovering","type":0,"width":20.25},{"bases":[[[0.992845,-0.0739771,-0.0937322],[0.0863217,0.987031,0.135347],[0.0825039,-0.14247,0.986355]],[[0.988489,-0.101797,0.111923],[0.020935,0.824697,0.565188],[-0.149837,-0.556339,0.817335]],[[0.988489,-0.101797,0.111923],[0.0493919,0.916381,0.397249],[-0.143002,-0.387148,0.91086]],[[0.988489,-0.101797,0.111923],[0.0740197,0.970596,0.229049],[-0.131948,-0.218128,0.966959]]],"btipPosition":[-14.8044,318.072,-79.6706],"carpPosition":[-20.8828,270.605,66.5467],"dipPosition":[-17.0588,314.345,-63.1495],"direction":[0.143002,0.387148,-0.91086],"extended":true,"handId":506,"id":5061,"length":58.8075,"mcpPosition":[-26.9525,281.086,-6.01897],"pipPosition":[-20.5152,304.988,-41.1336],"stabilizedTipPosition":[-9.47874,299.018,-84.1867],"timeVisible":272.401,"tipPosition":[-15.1815,317.691,-75.6055],"tipVelocity":[33.5494,65.9783,-273.502],"tool":false,"touchDistance":-0.277179,"touchZone":"hovering","type":1,"width":19.3428},{"bases":[[[0.965503,-0.259719,0.0186989],[0.254722,0.956947,0.139174],[-0.05404,-0.12961,0.990091]],[[0.964095,-0.262483,0.0402859],[0.148248,0.406114,-0.901717],[0.220325,0.875314,0.430445]],[[0.964095,-0.262483,0.0402859],[-0.20088,-0.820069,-0.535849],[0.173689,0.508516,-0.843352]],[[0.964095,-0.262483,0.0402859],[-0.265439,-0.95704,0.116694],[0.00792499,-0.123197,-0.992351]]],"btipPosition":[-20.6282,226.175,17.8602],"carpPosition":[-8.69074,271.468,65.0544],"dipPosition":[-20.4793,223.86,-0.788042],"direction":[-0.173689,-0.508516,0.843352],"extended":false,"handId":506,"id":5062,"length":67.0064,"mcpPosition":[-4.92047,280.51,-4.02232],"pipPosition":[-15.5402,238.32,-24.7699],"stabilizedTipPosition":[-16.0549,200.531,-11.111],"timeVisible":272.401,"tipPosition":[-20.5324,226.1,14.9179],"tipVelocity":[20.4683,48.5069,-304.967],"tool":false,"touchDistance":0.333333,"touchZone":"none","type":2,"width":18.9972},{"bases":[[[0.92506,-0.347356,0.15365],[0.321199,0.931326,0.171646],[-0.202721,-0.10943,0.973103]],[[0.926008,-0.346835,0.149049],[0.279539,0.364642,-0.888197],[0.253708,0.864142,0.434615]],[[0.926008,-0.346835,0.149049],[-0.218304,-0.814101,-0.53813],[0.307983,0.465774,-0.829579]],[[0.926008,-0.346835,0.149049],[-0.36276,-0.926814,0.0970639],[0.104475,-0.143951,-0.984054]]],"btipPosition":[-5.73491,227.293,25.5895],"carpPosition":[3.38602,269.261,64.596],"dipPosition":[-3.78289,224.603,7.20341],"direction":[-0.307983,-0.465774,0.829579],"extended":false,"handId":506,"id":5063,"length":64.4285,"mcpPosition":[16.0844,276.115,3.64084],"pipPosition":[4.74884,237.506,-15.7776],"stabilizedTipPosition":[-0.143807,198.629,-7.61718],"timeVisible":272.401,"tipPosition":[-5.27766,227.036,22.2069],"tipVelocity":[14.6217,62.7182,-273.042],"tool":false,"touchDistance":0.333333,"touchZone":"none","type":3,"width":18.077},{"bases":[[[0.829507,-0.506762,0.234756],[0.441989,0.852611,0.278747],[-0.341414,-0.127463,0.93123]],[[0.799219,-0.515402,0.309208],[0.497021,0.277458,-0.822185],[0.337963,0.810789,0.477915]],[[0.799219,-0.515402,0.309208],[-0.276327,-0.771948,-0.572486],[0.533753,0.372099,-0.759375]],[[0.799219,-0.515402,0.309208],[-0.544217,-0.838903,0.00833142],[0.255102,-0.174935,-0.950958]]],"btipPosition":[7.20364,234.509,25.898],"carpPosition":[14.1935,260.049,65.5503],"dipPosition":[11.6008,231.494,9.50649],"direction":[-0.533753,-0.372099,0.759375],"extended":false,"handId":506,"id":5064,"length":50.5107,"mcpPosition":[33.9904,267.44,11.5527],"pipPosition":[22.0403,238.772,-5.34598],"stabilizedTipPosition":[14.1851,203.274,-7.82419],"timeVisible":272.401,"tipPosition":[8.1747,234.109,22.8077],"tipVelocity":[10.9384,70.6726,-261.271],"tool":false,"touchDistance":0.333333,"touchZone":"none","type":4,"width":16.0574}],"r":[[0.0782324,0.488297,0.869164],[0.625142,-0.70316,0.338768],[0.776581,0.516848,-0.360265]],"s":1.49171,"t":[9.58892,7.11033,15.3498],"timestamp":98086873962},false],[5,{"currentFrameRate":109.741,"devices":[],"gestures":[{"center":[-12.7201,307.504,-53.7962],"duration":35995,"handIds":[506],"id":69,"normal":[-0.796901,-0.601234,-0.0588715],"pointableIds":[5061],"progress":0.856003,"radius":12.7719,"state":"update","type":"circle"}],"hands":[{"armBasis":[[0.974424,0.0456892,-0.220022],[0.0701236,0.868396,0.490889],[0.213495,-0.493763,0.842982]],"armWidth":63.72,"confidence":0.6948,"direction":[0.102928,0.26887,-0.957661],"elbow":[55.56,125.978,295.968],"grabStrength":0,"id":506,"palmNormal":[-0.0963036,-0.955558,-0.27863],"palmPosition":[-4.48813,270.606,14.8931],"palmVelocity":[0.761362,87.639,-314.256],"palmWidth":90.99,"pinchStrength":0.690149,"r":[[0.0708109,0.488494,0.869689],[0.62638,-0.700314,0.342358],[0.776295,0.520513,-0.355573]],"s":1.49196,"sphereCenter":[-26.3717,257.371,-16.2612],"sphereRadius":50.1452,"stabilizedPalmPosition":[1.49859,246.039,1.18588],"t":[9.70791,8.05069,12.0064],"timeVisible":272.41,"type":"right","wrist":[-2.08356,259.294,68.3628]}],"id":1827431,"interactionBox":{"center":[0,200,0],"size":[235.247,235.247,147.751]},"pointables":[{"bases":[[[0.504601,0.85849,0.0915018],[-0.79386,0.419712,0.440033],[0.33936,-0.294681,0.893308]],[[0.456379,0.889434,-0.0250098],[-0.872215,0.441632,-0.210244],[-0.175953,0.117765,0.977329]],[[0.456379,0.889434,-0.0250098],[-0.716515,0.350696,-0.603007],[-0.527564,0.29312,0.797343]],[[0.456379,0.889434,-0.0250098],[-0.408125,0.184271,-0.894136],[-0.790666,0.418272,0.447097]]],"btipPosition":[13.5759,225.839,-19.8705],"carpPosition":[-31.6993,251.5,66.565],"dipPosition":[-4.92852,235.628,-9.40683],"direction":[0.527564,-0.29312,-0.797343],"extended":false,"handId":506,"id":5060,"length":52.1164,"mcpPosition":[-31.6993,251.5,66.565],"pipPosition":[-22.9162,245.622,17.7791],"stabilizedTipPosition":[9.83991,203.158,-20.7754],"timeVisible":272.41,"tipPosition":[9.58571,227.973,-17.2359],"tipVelocity":[47.2179,94.1121,-303.08],"tool":false,"touchDistance":-0.344522,"touchZone":"hovering","type":0,"width":20.25},{"bases":[[[0.993243,-0.0740448,-0.0893615],[0.0856318,0.987315,0.1337],[0.0783281,-0.140449,0.986985]],[[0.987985,-0.101476,0.116572],[0.0182999,0.82576,0.563725],[-0.153465,-0.554818,0.817695]],[[0.987985,-0.101476,0.116572],[0.0474381,0.916957,0.396156],[-0.147092,-0.385867,0.910753]],[[0.987985,-0.101476,0.116572],[0.0727683,0.970847,0.228387],[-0.136349,-0.21716,0.966566]]],"btipPosition":[-14.0145,319.292,-83.9197],"carpPosition":[-20.73,272.087,62.3502],"dipPosition":[-16.3441,315.582,-67.4053],"direction":[0.147092,0.385867,-0.910753],"extended":true,"handId":506,"id":5061,"length":58.8075,"mcpPosition":[-26.4926,282.419,-10.2619],"pipPosition":[-19.8994,306.256,-45.3921],"stabilizedTipPosition":[-9.48427,299.039,-84.1823],"timeVisible":272.41,"tipPosition":[-14.4222,318.888,-79.8705],"tipVelocity":[47.0138,83.5582,-321.548],"tool":false,"touchDistance":-0.341554,"touchZone":"hovering","type":1,"width":19.3428},{"bases":[[[0.965445,-0.25956,0.0233309],[0.254017,0.95726,0.138304],[-0.058232,-0.127599,0.990115]],[[0.963946,-0.26228,0.044907],[0.151914,0.403867,-0.902116],[0.21847,0.876414,0.42915]],[[0.963946,-0.26228,0.044907],[-0.198593,-0.82142,-0.534631],[0.177111,0.506438,-0.843891]],[[0.963946,-0.26228,0.044907],[-0.265822,-0.9568,0.117784],[0.0120747,-0.125475,-0.992023]]],"btipPosition":[-20.2628,227.564,13.7836],"carpPosition":[-8.53189,272.948,60.9078],"dipPosition":[-20.0359,225.206,-4.85846],"direction":[-0.177111,-0.506438,0.843891],"extended":false,"handId":506,"id":5062,"length":67.0064,"mcpPosition":[-4.46916,281.85,-8.1705],"pipPosition":[-14.9995,239.607,-28.8557],"stabilizedTipPosition":[-16.055,200.532,-11.1104],"timeVisible":272.41,"tipPosition":[-20.1562,227.47,10.801],"tipVelocity":[26.0309,75.8713,-338.509],"tool":false,"touchDistance":0.333333,"touchZone":"none","type":2,"width":18.9972},{"bases":[[[0.924439,-0.346927,0.158287],[0.320359,0.931714,0.17111],[-0.206841,-0.107472,0.972454]],[[0.925471,-0.34638,0.153378],[0.281726,0.358659,-0.88994],[0.253247,0.866824,0.429513]],[[0.925471,-0.34638,0.153378],[-0.217592,-0.817494,-0.533251],[0.310093,0.460135,-0.831936]],[[0.925471,-0.34638,0.153378],[-0.363322,-0.926225,0.100517],[0.107245,-0.148751,-0.983042]]],"btipPosition":[-5.40547,228.777,21.8138],"carpPosition":[3.54696,270.742,60.5053],"dipPosition":[-3.4017,225.998,3.44661],"direction":[-0.310093,-0.460135,0.831936],"extended":false,"handId":506,"id":5063,"length":64.4285,"mcpPosition":[16.5035,277.474,-0.409214],"pipPosition":[5.1885,238.744,-19.5997],"stabilizedTipPosition":[-0.144082,198.63,-7.61573],"timeVisible":272.41,"tipPosition":[-4.93577,228.449,18.2693],"tipVelocity":[20.6297,88.4738,-306.775],"tool":false,"touchDistance":0.333333,"touchZone":"none","type":3,"width":18.077},{"bases":[[[0.82856,-0.506179,0.239312],[0.440702,0.853232,0.278884],[-0.345354,-0.125607,0.930029]],[[0.798667,-0.514525,0.312083],[0.497792,0.273476,-0.823051],[0.338133,0.812696,0.474543]],[[0.798667,-0.514525,0.312083],[-0.276218,-0.774188,-0.569506],[0.534635,0.368643,-0.760439]],[[0.798667,-0.514525,0.312083],[-0.544244,-0.83887,0.00977243],[0.256769,-0.177654,-0.950005]]],"btipPosition":[7.53792,235.933,22.0652],"carpPosition":[14.3513,261.534,61.5243],"dipPosition":[11.9638,232.87,5.69018],"direction":[-0.534635,-0.368643,0.760439],"extended":false,"handId":506,"id":5064,"length":50.5107,"mcpPosition":[34.3767,268.817,7.59636],"pipPosition":[22.4206,240.081,-9.1831],"stabilizedTipPosition":[14.1839,203.281,-7.81865],"timeVisible":272.41,"tipPosition":[8.51877,235.499,18.8721],"tipVelocity":[18.0112,92.5654,-300.187],"tool":false,"touchDistance":0.333333,"touchZone":"none","type":4,"width":16.0574}],"r":[[0.0708109,0.488494,0.869689],[0.62638,-0.700314,0.342358],[0.776295,0.520513,-0.355573]],"s":1.49196,"t":[9.70791,8.05069,12.0064],"timestamp":98086883676},false],[6,{"currentFrameRate":110.091,"devices":[],"gestures":[{"center":[-12.7201,307.504,-53.7962],"duration":35995,"handIds":[506],"id":69,"normal":[-0.796901,-0.601234,-0.0588715],"pointableIds":[5061],"progress":0.856003,"radius":12.7719,"state":"update","type":"circle"}],"hands":[{"armBasis":[[0.97636,0.0382065,-0.212747],[0.0732871,0.867439,0.492116],[0.203347,-0.496074,0.844133]],"armWidth":63.72,"confidence":0.66923,"direction":[0.104458,0.265646,-0.958395],"elbow":[52.9721,126.473,293.635],"grabStrength":0,"id":506,"palmNormal":[-0.100462,-0.955919,-0.275909],"palmPosition":[-4.26719,271.582,12.2162],"palmVelocity":[7.36539,94.8507,-314.81],"palmWidth":90.99,"pinchStrength":0.683365,"r":[[0.0652431,0.489072,0.8698],[0.626696,-0.698394,0.345686],[0.776528,0.522546,-0.352065]],"s":1.49238,"sphereCenter":[-26.1698,258.377,-18.8896],"sphereRadius":50.142,"stabilizedPalmPosition":[1.49532,246.054,1.19215],"t":[9.87787,9.00875,8.99616],"timeVisible":272.419,"type":"right","wrist":[-1.93168,260.413,65.7192]}],"id":1827432,"interactionBox":{"center":[0,200,0],"size":[235.247,235.247,147.751]},"pointables":[{"bases":[[[0.508388,0.856495,0.0892085],[-0.792135,0.424511,0.438534],[0.337732,-0.293611,0.894276]],[[0.46032,0.887328,-0.0274667],[-0.870204,0.444883,-0.211717],[-0.175643,0.121359,0.976945]],[[0.46032,0.887328,-0.0274667],[-0.714802,0.352115,-0.604213],[-0.526464,0.297764,0.796349]],[[0.46032,0.887328,-0.0274667],[-0.406653,0.183255,-0.895015],[-0.789138,0.423162,0.44519]]],"btipPosition":[13.6052,226.633,-22.4047],"carpPosition":[-31.5812,252.747,63.9331],"dipPosition":[-4.86345,236.536,-11.9856],"direction":[0.526464,-0.297764,-0.796349],"extended":false,"handId":506,"id":5060,"length":52.1164,"mcpPosition":[-31.5812,252.747,63.9331],"pipPosition":[-22.8135,246.689,15.1664],"stabilizedTipPosition":[9.83946,203.182,-20.7746],"timeVisible":272.419,"tipPosition":[9.62152,228.795,-19.7844],"tipVelocity":[36.0735,94.8538,-302.467],"tool":false,"touchDistance":-0.37657,"touchZone":"hovering","type":0,"width":20.25},{"bases":[[[0.992935,-0.0787252,-0.0887886],[0.0899825,0.987306,0.130884],[0.0773577,-0.137948,0.987414]],[[0.987462,-0.105557,0.117375],[0.0216857,0.827207,0.561479],[-0.156361,-0.551893,0.819125]],[[0.987462,-0.105557,0.117375],[0.0512739,0.917704,0.393942],[-0.149299,-0.382984,0.91161]],[[0.987462,-0.105557,0.117375],[0.0768987,0.971016,0.226307],[-0.137861,-0.214443,0.966958]]],"btipPosition":[-13.5284,320.052,-86.7273],"carpPosition":[-20.5189,273.272,59.6629],"dipPosition":[-15.8838,316.388,-70.2063],"direction":[0.149299,0.382984,-0.91161],"extended":true,"handId":506,"id":5061,"length":58.8075,"mcpPosition":[-26.2101,283.42,-12.9807],"pipPosition":[-19.4924,307.131,-48.1723],"stabilizedTipPosition":[-9.48797,299.056,-84.1813],"timeVisible":272.419,"tipPosition":[-13.9483,319.638,-82.6884],"tipVelocity":[49.5512,85.4963,-324.18],"tool":false,"touchDistance":-0.377824,"touchZone":"hovering","type":1,"width":19.3428},{"bases":[[[0.964271,-0.263789,0.0244281],[0.258231,0.956514,0.135635],[-0.0591449,-0.124481,0.990458]],[[0.962754,-0.266438,0.0459955],[0.153746,0.399538,-0.903732],[0.222411,0.877143,0.425621]],[[0.962754,-0.266438,0.0459955],[-0.202274,-0.822634,-0.531374],[0.179416,0.502278,-0.845888]],[[0.962754,-0.266438,0.0459955],[-0.270127,-0.955179,0.121097],[0.0116691,-0.129012,-0.991574]]],"btipPosition":[-20.2316,228.622,11.2929],"carpPosition":[-8.31651,274.075,58.2225],"dipPosition":[-20.0123,226.198,-7.34081],"direction":[-0.179416,-0.502278,0.845888],"extended":false,"handId":506,"id":5062,"length":67.0064,"mcpPosition":[-4.19009,282.759,-10.8797],"pipPosition":[-14.9104,240.481,-31.3948],"stabilizedTipPosition":[-16.0551,200.533,-11.1099],"timeVisible":272.419,"tipPosition":[-20.1273,228.496,8.23769],"tipVelocity":[20.1561,88.2273,-326.954],"tool":false,"touchDistance":0.333333,"touchZone":"none","type":2,"width":18.9972},{"bases":[[[0.922829,-0.350583,0.159621],[0.324447,0.930768,0.168538],[-0.207657,-0.103744,0.972685]],[[0.923873,-0.35005,0.15467],[0.283587,0.354819,-0.890889],[0.256976,0.866931,0.427077]],[[0.923873,-0.35005,0.15467],[-0.221055,-0.818039,-0.530987],[0.312398,0.456374,-0.833145]],[[0.923873,-0.35005,0.15467],[-0.367463,-0.924316,0.103008],[0.106906,-0.152002,-0.982582]]],"btipPosition":[-5.37293,229.775,19.2584],"carpPosition":[3.75252,271.813,57.8307],"dipPosition":[-3.3755,226.935,0.899872],"direction":[-0.312398,-0.456374,0.833145],"extended":false,"handId":506,"id":5063,"length":64.4285,"mcpPosition":[16.7602,278.312,-3.09827],"pipPosition":[5.27856,239.577,-22.1799],"stabilizedTipPosition":[-0.144337,198.632,-7.61452],"timeVisible":272.419,"t