{"sensorType":"Leap","data":[[0,{"currentFrameRate":109.309,"devices":[],"gestures":[],"hands":[{"armBasis":[[0.95757,-0.0596067,-0.281969],[0.19533,0.853616,0.482893],[0.21191,-0.517481,0.82904]],"armWidth":63.72,"confidence":0.687323,"direction":[0.0553806,0.295091,-0.953863],"elbow":[56.3016,106.322,300.663],"grabStrength":0,"id":506,"palmNormal":[-0.210452,-0.930417,-0.300056],"palmPosition":[-6.27277,259.614,24.0979],"palmVelocity":[-29.8382,66.2166,-166.709],"palmWidth":90.99,"pinchStrength":0.57059,"r":[[0.149453,0.442488,0.884233],[0.585013,-0.760528,0.281705],[0.797135,0.475186,-0.372525]],"s":1.50832,"sphereCenter":[-35.2488,251.522,-5.31636],"sphereRadius":52.085,"stabilizedPalmPosition":[-0.796817,253.809,28.6232],"t":[8.25722,-2.65103,19.468],"timeVisible":275.691,"type":"right","wrist":[-0.914108,246.042,76.8222]}],"id":1827788,"interactionBox":{"center":[0,200,0],"size":[235.247,235.247,147.751]},"pointables":[{"bases":[[[0.591794,0.802307,0.0779931],[-0.713002,0.475862,0.514959],[0.376041,-0.360359,0.853659]],[[0.535104,0.843889,-0.0389253],[-0.840528,0.52722,-0.124709],[-0.0847188,0.0994503,0.991429]],[[0.535104,0.843889,-0.0389253],[-0.761718,0.462049,-0.4542],[-0.365309,0.272694,0.890049]],[[0.535104,0.843889,-0.0389253],[-0.608522,0.353079,-0.710659],[-0.585974,0.403963,0.702459]]],"btipPosition":[-0.803086,217.464,-19.1295],"carpPosition":[-31.2014,241.18,77.1471],"dipPosition":[-14.517,226.918,-2.6894],"direction":[0.365309,-0.272694,-0.890049],"extended":false,"handId":506,"id":5060,"length":52.1164,"mcpPosition":[-31.2014,241.18,77.1471],"pipPosition":[-26.9724,236.216,27.6574],"stabilizedTipPosition":[0.506647,215.321,-5.46383],"timeVisible":275.691,"tipPosition":[-3.72618,219.476,-15.0599],"tipVelocity":[-24.8122,58.3855,-157.52],"tool":false,"touchDistance":0.105972,"touchZone":"hovering","type":0,"width":20.25},{"bases":[[[0.971477,-0.164728,-0.170581],[0.191913,0.96869,0.157512],[0.139293,-0.185756,0.972673]],[[0.978911,-0.200393,0.0396983],[0.139446,0.797478,0.587013],[-0.149292,-0.569098,0.808604]],[[0.978911,-0.200393,0.0396983],[0.164987,0.890114,0.424825],[-0.120468,-0.409316,0.904405]],[[0.978911,-0.200393,0.0396983],[0.183366,0.947576,0.261682],[-0.0900563,-0.248884,0.964337]]],"btipPosition":[-18.005,313.039,-71.9126],"carpPosition":[-18.6217,260.777,72.7222],"dipPosition":[-19.5437,308.786,-55.4364],"direction":[0.120468,0.409316,-0.904405],"extended":true,"handId":506,"id":5061,"length":58.8075,"mcpPosition":[-28.8694,274.443,1.16302],"pipPosition":[-22.4555,298.893,-33.5765],"stabilizedTipPosition":[-15.6683,308.765,-57.1531],"timeVisible":275.691,"tipPosition":[-18.4951,312.384,-67.9669],"tipVelocity":[-13.8938,49.6339,-178.117],"tool":false,"touchDistance":0.102979,"touchZone":"hovering","type":1,"width":19.3428},{"bases":[[[0.934318,-0.351018,-0.0619367],[0.356401,0.922581,0.147722],[0.00528842,-0.160094,0.987088]],[[0.934319,-0.351064,-0.0616522],[0.0906813,0.401395,-0.911405],[0.344709,0.845953,0.406866]],[[0.934319,-0.351064,-0.0616522],[-0.327988,-0.779076,-0.534289],[0.139538,0.519418,-0.843051]],[[0.934319,-0.351064,-0.0616522],[-0.344759,-0.934,0.0937307],[-0.0904886,-0.0663193,-0.993687]]],"btipPosition":[-25.7952,217.399,24.508],"carpPosition":[-6.54362,260.529,70.3395],"dipPosition":[-27.4956,216.153,5.83459],"direction":[-0.139538,-0.519418,0.843051],"extended":false,"handId":506,"id":5062,"length":67.0064,"mcpPosition":[-6.91258,271.699,1.47237],"pipPosition":[-23.5277,230.923,-18.1387],"stabilizedTipPosition":[-16.8192,209.398,18.3714],"timeVisible":275.691,"tipPosition":[-26.0025,217.431,21.4047],"tipVelocity":[-37.3098,60.0284,-196.142],"tool":false,"touchDistance":0.333333,"touchZone":"none","type":2,"width":18.9972},{"bases":[[[0.895369,-0.439294,0.073038],[0.42223,0.889571,0.174311],[-0.141546,-0.125234,0.981978]],[[0.896263,-0.438478,0.0667108],[0.244676,0.363357,-0.898947],[0.369929,0.822015,0.432948]],[[0.896263,-0.438478,0.0667108],[-0.330598,-0.760733,-0.558561],[0.295666,0.478563,-0.826777]],[[0.896263,-0.438478,0.0667108],[-0.442431,-0.894434,0.0651321],[0.0311095,-0.0878904,-0.995644]]],"btipPosition":[-11.2388,216.702,29.5564],"carpPosition":[5.19477,257.2,68.9055],"dipPosition":[-10.6576,215.06,10.9538],"direction":[-0.295666,-0.478563,0.826777],"extended":false,"handId":506,"id":5063,"length":64.4285,"mcpPosition":[14.0612,265.045,7.39442],"pipPosition":[-2.46705,228.317,-11.9495],"stabilizedTipPosition":[-0.207343,206.835,15.2991],"timeVisible":275.691,"tipPosition":[-10.8769,216.667,26.5513],"tipVelocity":[-38.2821,61.0168,-190.383],"tool":false,"touchDistance":0.333333,"touchZone":"none","type":3,"width":18.077},{"bases":[[[0.790814,-0.59174,0.156389],[0.542178,0.795834,0.269615],[-0.284001,-0.128425,0.950184]],[[0.805841,-0.583373,0.101473],[0.350706,0.332143,-0.875606],[0.477101,0.741186,0.472247]],[[0.805841,-0.583373,0.101473],[-0.420744,-0.684708,-0.595105],[0.416647,0.436866,-0.797216]],[[0.805841,-0.583373,0.101473],[-0.586232,-0.810141,-0.00200872],[0.083379,-0.0578679,-0.994836]]],"btipPosition":[5.10269,220.664,29.7142],"carpPosition":[15.0911,246.972,68.7687],"dipPosition":[6.53988,219.667,12.5664],"direction":[-0.416647,-0.436866,0.797216],"extended":false,"handId":506,"id":5064,"length":50.5107,"mcpPosition":[31.5589,254.419,13.6721],"pipPosition":[14.689,228.211,-3.02619],"stabilizedTipPosition":[13.8772,211.434,14.8505],"timeVisible":275.691,"tipPosition":[5.2942,220.862,26.6805],"tipVelocity":[-29.5882,57.4193,-182.409],"tool":false,"touchDistance":0.333333,"touchZone":"none","type":4,"width":16.0574}],"r":[[0.149453,0.442488,0.884233],[0.585013,-0.760528,0.281705],[0.797135,0.475186,-0.372525]],"s":1.50832,"t":[8.25722,-2.65103,19.468],"timestamp":98090164008},false],[1,{"currentFrameRate":109.286,"devices":[],"gestures":[],"hands":[{"armBasis":[[0.957528,-0.0654603,-0.280812],[0.199106,0.854532,0.479721],[0.20856,-0.515258,0.831271]],"armWidth":63.72,"confidence":0.691665,"direction":[0.0550002,0.292158,-0.954787],"elbow":[55.3487,107.665,299.751],"grabStrength":0,"id":506,"palmNormal":[-0.21418,-0.930525,-0.297071],"palmPosition":[-6.35181,260.225,22.5528],"palmVelocity":[-23.9019,66.2785,-167.102],"palmWidth":90.99,"pinchStrength":0.572252,"r":[[0.149678,0.443877,0.883499],[0.584163,-0.760632,0.283182],[0.797715,0.473721,-0.373146]],"s":1.50693,"sphereCenter":[-35.4185,252.144,-6.81153],"sphereRadius":52.0807,"stabilizedPalmPosition":[-0.840769,253.86,28.5752],"t":[8.11022,-2.02076,17.8953],"timeVisible":275.7,"type":"right","wrist":[-0.96252,246.785,75.3078]}],"id":1827789,"interactionBox":{"center":[0,200,0],"size":[235.247,235.247,147.751]},"pointables":[{"bases":[[[0.594736,0.800432,0.0748131],[-0.710552,0.479851,0.514645],[0.376039,-0.359236,0.854133]],[[0.538015,0.841881,-0.0421461],[-0.838851,0.529822,-0.124969],[-0.0828793,0.10259,0.991265]],[[0.538015,0.841881,-0.0421461],[-0.760736,0.463407,-0.454461],[-0.363071,0.276569,0.889769]],[[0.538015,0.841881,-0.0421461],[-0.608368,0.353205,-0.710729],[-0.583463,0.408023,0.702203]]],"btipPosition":[-1.09481,217.931,-20.5613],"carpPosition":[-31.2662,242.031,75.6916],"dipPosition":[-14.7499,227.48,-4.12723],"direction":[0.363071,-0.276569,-0.889769],"extended":false,"handId":506,"id":5060,"length":52.1164,"mcpPosition":[-31.2662,242.031,75.6916],"pipPosition":[-27.1291,236.91,26.21],"stabilizedTipPosition":[0.454286,215.374,-5.5888],"timeVisible":275.7,"tipPosition":[-4.00586,219.966,-16.4945],"tipVelocity":[-26.3377,56.9352,-157.077],"tool":false,"touchDistance":0.0820852,"touchZone":"hovering","type":0,"width":20.25},{"bases":[[[0.970634,-0.168646,-0.171544],[0.195563,0.968453,0.154445],[0.140086,-0.183458,0.972995]],[[0.978251,-0.203745,0.038904],[0.143088,0.798634,0.584559],[-0.150171,-0.566279,0.810418]],[[0.978251,-0.203745,0.038904],[0.168732,0.890729,0.422056],[-0.120645,-0.406312,0.905735]],[[0.978251,-0.203745,0.038904],[0.187087,0.947666,0.258703],[-0.0895776,-0.245798,0.965173]]],"btipPosition":[-18.0319,313.417,-73.5912],"carpPosition":[-18.6241,261.571,71.1917],"dipPosition":[-19.5624,309.217,-57.1006],"direction":[0.120645,0.406312,-0.905735],"extended":true,"handId":506,"id":5061,"length":58.8075,"mcpPosition":[-28.9301,275.068,-0.39114],"pipPosition":[-22.4784,299.396,-35.2086],"stabilizedTipPosition":[-15.7072,308.818,-57.3342],"timeVisible":275.7,"tipPosition":[-18.5196,312.77,-69.6455],"tipVelocity":[-10.7696,47.6276,-179.278],"tool":false,"touchDistance":0.0750579,"touchZone":"hovering","type":1,"width":19.3428},{"bases":[[[0.932981,-0.354491,-0.0623106],[0.359873,0.921737,0.144545],[0.00619407,-0.157281,0.987534]],[[0.932983,-0.35454,-0.0620028],[0.091427,0.40007,-0.911913],[0.348115,0.84513,0.405673]],[[0.932983,-0.35454,-0.0620028],[-0.331313,-0.778681,-0.532811],[0.140622,0.517645,-0.84396]],[[0.932983,-0.35454,-0.0620028],[-0.347968,-0.93254,0.0963668],[-0.0919861,-0.0683335,-0.993413]]],"btipPosition":[-26.0322,218.075,23.0074],"carpPosition":[-6.55055,261.273,68.7919],"dipPosition":[-27.7608,216.791,4.33919],"direction":[-0.140622,-0.517645,0.84396],"extended":false,"handId":506,"id":5062,"length":67.0064,"mcpPosition":[-6.9827,272.246,-0.106396],"pipPosition":[-23.762,231.511,-19.66],"stabilizedTipPosition":[-16.84,209.416,18.3721],"timeVisible":275.7,"tipPosition":[-26.2482,218.088,19.8885],"tipVelocity":[-34.2865,63.5369,-186.916],"tool":false,"touchDistance":0.333333,"touchZone":"none","type":2,"width":18.9972},{"bases":[[[0.893922,-0.442242,0.0729745],[0.425624,0.888571,0.17113],[-0.140524,-0.121917,0.982542]],[[0.894634,-0.441608,0.0679126],[0.246228,0.360464,-0.899687],[0.372829,0.821613,0.43122]],[[0.894634,-0.441608,0.0679126],[-0.333271,-0.760798,-0.556882],[0.297591,0.475572,-0.827811]],[[0.894634,-0.441608,0.0679126],[-0.44574,-0.892604,0.0676302],[0.030753,-0.0907756,-0.995396]]],"btipPosition":[-11.5,217.348,28.067],"carpPosition":[5.17388,257.899,67.3501],"dipPosition":[-10.9254,215.652,9.46898],"direction":[-0.297591,-0.475572,0.827811],"extended":false,"handId":506,"id":5063,"length":64.4285,"mcpPosition":[13.9763,265.535,5.8037],"pipPosition":[-2.68155,228.826,-13.463],"stabilizedTipPosition":[-0.222499,206.849,15.3106],"timeVisible":275.7,"tipPosition":[-11.1323,217.289,25.0391],"tipVelocity":[-35.5712,63.2187,-182.434],"tool":false,"touchDistance":0.333333,"touchZone":"none","type":3,"width":18.077},{"bases":[[[0.788954,-0.594078,0.156917],[0.545382,0.794684,0.266526],[-0.283037,-0.124697,0.950968]],[[0.804137,-0.585781,0.10111],[0.352563,0.333036,-0.874521],[0.478605,0.738883,0.474331]],[[0.804137,-0.585781,0.10111],[-0.421902,-0.682238,-0.597118],[0.418762,0.437507,-0.795755]],[[0.804137,-0.585781,0.10111],[-0.588592,-0.808427,-0.00249961],[0.0832045,-0.0575027,-0.994872]]],"btipPosition":[4.898,221.174,28.0264],"carpPosition":[15.0338,247.636,67.2281],"dipPosition":[6.33218,220.183,10.878],"direction":[-0.418762,-0.437507,0.795755],"extended":false,"handId":506,"id":5064,"length":50.5107,"mcpPosition":[31.4457,254.866,12.086],"pipPosition":[14.5227,228.74,-4.68601],"stabilizedTipPosition":[13.8662,211.446,14.8622],"timeVisible":275.7,"tipPosition":[5.09987,221.37,25.0102],"tipVelocity":[-27.5641,56.9185,-182.756],"tool":false,"touchDistance":0.333333,"touchZone":"none","type":4,"width":16.0574}],"r":[[0.149678,0.443877,0.883499],[0.584163,-0.760632,0.283182],[0.797715,0.473721,-0.373146]],"s":1.50693,"t":[8.11022,-2.02076,17.8953],"timestamp":98090173199},false],[2,{"currentFrameRate":109.424,"devices":[],"gestures":[],"hands":[{"armBasis":[[0.957127,-0.0628064,-0.282779],[0.197065,0.85667,0.476741],[0.212306,-0.512027,0.832319]],"armWidth":63.72,"confidence":0.69526,"direction":[0.0575007,0.303414,-0.951122],"elbow":[56.307,108.716,297.992],"grabStrength":0,"id":506,"palmNormal":[-0.211073,-0.927468,-0.308629],"palmPosition":[-6.26043,261.007,20.6541],"palmVelocity":[-14.6128,72.1649,-179.72],"palmWidth":90.99,"pinchStrength":0.567564,"r":[[0.149068,0.442991,0.884046],[0.583635,-0.761114,0.282978],[0.798217,0.473777,-0.372002]],"s":1.506,"sphereCenter":[-35.2466,253.226,-8.90018],"sphereRadius":52.1011,"stabilizedPalmPosition":[-0.874011,253.903,28.5266],"t":[8.0824,-1.31466,16.1596],"timeVisible":275.709,"type":"right","wrist":[-1.01553,246.963,73.2663]}],"id":1827790,"interactionBox":{"center":[0,200,0],"size":[235.247,235.247,147.751]},"pointables":[{"bases":[[[0.59266,0.800833,0.0861403],[-0.713345,0.472214,0.517834],[0.374022,-0.368347,0.851133]],[[0.53623,0.84352,-0.0305216],[-0.839639,0.529364,-0.121569],[-0.0863885,0.0908159,0.992114]],[[0.53623,0.84352,-0.0305216],[-0.760255,0.466957,-0.451623],[-0.366701,0.265378,0.891687]],[[0.53623,0.84352,-0.0305216],[-0.606846,0.360137,-0.708547],[-0.586682,0.398466,0.705003]]],"btipPosition":[-0.76377,219.23,-22.9329],"carpPosition":[-31.3094,242.138,73.4932],"dipPosition":[-14.4942,228.556,-6.43328],"direction":[0.366701,-0.265378,-0.891687],"extended":false,"handId":506,"id":5060,"length":52.1164,"mcpPosition":[-31.3094,242.138,73.4932],"pipPosition":[-26.9971,237.604,23.9693],"stabilizedTipPosition":[0.416714,215.425,-5.70513],"timeVisible":275.709,"tipPosition":[-3.69402,221.212,-18.8536],"tipVelocity":[-9.59087,79.6113,-186.413],"tool":false,"touchDistance":0.0428099,"touchZone":"hovering","type":0,"width":20.25},{"bases":[[[0.97158,-0.164457,-0.170256],[0.192843,0.967018,0.166394],[0.137276,-0.194498,0.97125]],[[0.978569,-0.202014,0.0399083],[0.139264,0.792029,0.594387],[-0.151683,-0.576091,0.803189]],[[0.978569,-0.202014,0.0399083],[0.165257,0.886075,0.433083],[-0.12285,-0.417207,0.90047]],[[0.978569,-0.202014,0.0399083],[0.184046,0.944968,0.270487],[-0.0923542,-0.257346,0.961896]]],"btipPosition":[-17.7324,315.297,-74.8965],"carpPosition":[-18.697,261.757,69.2641],"dipPosition":[-19.3103,310.9,-58.462],"direction":[0.12285,0.417207,-0.90047],"extended":true,"handId":506,"id":5061,"length":58.8075,"mcpPosition":[-28.7963,276.066,-2.19033],"pipPosition":[-22.2796,300.816,-36.6972],"stabilizedTipPosition":[-15.7351,308.882,-57.4956],"timeVisible":275.709,"tipPosition":[-18.234,314.597,-70.9645],"tipVelocity":[0.978967,90.7749,-170.845],"tool":false,"touchDistance":0.0530872,"touchZone":"hovering","type":1,"width":19.3428},{"bases":[[[0.933987,-0.35165,-0.0633259],[0.357291,0.920788,0.156498],[0.00327728,-0.168793,0.985646]],[[0.933988,-0.351706,-0.0629989],[0.0941258,0.412279,-0.906182],[0.344683,0.840434,0.418168]],[[0.933988,-0.351706,-0.0629989],[-0.327582,-0.772475,-0.544033],[0.142675,0.528758,-0.836695]],[[0.933988,-0.351706,-0.0629989],[-0.346208,-0.934405,0.0838307],[-0.0883502,-0.0564862,-0.994487]]],"btipPosition":[-25.8543,218.807,20.4599],"carpPosition":[-6.6149,261.514,66.9014],"dipPosition":[-27.5145,217.746,1.77154],"direction":[-0.142675,-0.528758,0.836695],"extended":false,"handId":506,"id":5062,"length":67.0064,"mcpPosition":[-6.84355,273.291,-1.86518],"pipPosition":[-23.4574,232.782,-22.0211],"stabilizedTipPosition":[-16.8559,209.432,18.3683],"timeVisible":275.709,"tipPosition":[-26.0639,218.846,17.3238],"tipVelocity":[-19.0494,70.2104,-214.121],"tool":false,"touchDistance":0.333333,"touchZone":"none","type":2,"width":18.9972},{"bases":[[[0.89468,-0.441062,0.0707942],[0.42303,0.887462,0.182914],[-0.143504,-0.133702,0.980577]],[[0.895119,-0.440647,0.0677687],[0.248839,0.367679,-0.896042],[0.369921,0.818927,0.438767]],[[0.895119,-0.440647,0.0677687],[-0.330027,-0.757115,-0.563791],[0.299741,0.482294,-0.823133]],[[0.895119,-0.440647,0.0677687],[-0.44445,-0.893925,0.0579918],[0.0350262,-0.0820293,-0.996014]]],"btipPosition":[-11.3748,218.141,25.8442],"carpPosition":[5.1219,258.183,65.4595],"dipPosition":[-10.7204,216.608,7.2347],"direction":[-0.299741,-0.482294,0.823133],"extended":false,"handId":506,"id":5063,"length":64.4285,"mcpPosition":[14.111,266.558,4.03619],"pipPosition":[-2.41697,229.969,-15.5677],"stabilizedTipPosition":[-0.234834,206.861,15.3176],"timeVisible":275.709,"tipPosition":[-10.9934,218.062,22.6656],"tipVelocity":[-21.5165,71.4265,-200.87],"tool":false,"touchDistance":0.333333,"touchZone":"none","type":3,"width":18.077},{"bases":[[[0.78978,-0.594103,0.152607],[0.542684,0.792735,0.277607],[-0.285904,-0.136431,0.948496]],[[0.80518,-0.585085,0.096753],[0.355156,0.345091,-0.868778],[0.474921,0.733885,0.485657]],[[0.80518,-0.585085,0.096753],[-0.417914,-0.675569,-0.607416],[0.420753,0.448644,-0.78847]],[[0.80518,-0.585085,0.096753],[-0.586632,-0.809722,-0.0145922],[0.0868807,-0.0450091,-0.995201]]],"btipPosition":[5.06392,221.907,25.655],"carpPosition":[15.0055,247.945,65.2506],"dipPosition":[6.56147,221.131,8.5009],"direction":[-0.420753,-0.448644,0.78847],"extended":false,"handId":506,"id":5064,"length":50.5107,"mcpPosition":[31.5837,255.856,10.2518],"pipPosition":[14.7909,229.906,-6.92062],"stabilizedTipPosition":[13.8577,211.456,14.8691],"timeVisible":275.709,"tipPosition":[5.27948,222.131,22.6284],"tipVelocity":[-14.5557,65.3585,-205.608],"tool":false,"touchDistance":0.333333,"touchZone":"none","type":4,"width":16.0574}],"r":[[0.149068,0.442991,0.884046],[0.583635,-0.761114,0.282978],[0.798217,0.473777,-0.372002]],"s":1.506,"t":[8.0824,-1.31466,16.1596],"timestamp":98090182091},false],[3,{"currentFrameRate":109.515,"devices":[],"gestures":[],"hands":[{"armBasis":[[0.958659,-0.0690614,-0.276051],[0.199002,0.856133,0.4769],[0.203401,-0.512119,0.834483]],"armWidth":63.72,"confidence":0.699958,"direction":[0.0582321,0.302783,-0.951279],"elbow":[53.8704,109.51,296.915],"grabStrength":0,"id":506,"palmNormal":[-0.213245,-0.92713,-0.308151],"palmPosition":[-6.25882,261.81,18.9845],"palmVelocity":[-10.5629,76.9287,-181.482],"palmWidth":90.99,"pinchStrength":0.570125,"r":[[0.148783,0.442305,0.884438],[0.582853,-0.761743,0.282896],[0.798841,0.473407,-0.371133]],"s":1.50522,"sphereCenter":[-35.2643,254.078,-10.579],"sphereRadius":52.0945,"stabilizedPalmPosition":[-0.901308,253.943,28.4782],"t":[8.0693,-0.559953,14.4569],"timeVisible":275.718,"type":"right","wrist":[-1.04796,247.782,71.6041]}],"id":1827791,"interactionBox":{"center":[0,200,0],"size":[235.247,235.247,147.751]},"pointables":[{"bases":[[[0.594538,0.799484,0.0857361],[-0.712245,0.474158,0.517573],[0.373139,-0.368782,0.851333]],[[0.538218,0.842237,-0.0309338],[-0.838386,0.531282,-0.121853],[-0.0861949,0.0915182,0.992066]],[[0.538218,0.842237,-0.0309338],[-0.75909,0.468483,-0.452002],[-0.366201,0.266757,0.89148]],[[0.538218,0.842237,-0.0309338],[-0.606007,0.36123,-0.708709],[-0.585727,0.400186,0.704822]]],"btipPosition":[-0.856494,219.998,-24.5796],"carpPosition":[-31.3531,243.027,71.8329],"dipPosition":[-14.5646,229.364,-8.08422],"direction":[0.366201,-0.266757,-0.89148],"extended":false,"handId":506,"id":5060,"length":52.1164,"mcpPosition":[-31.3531,243.027,71.8329],"pipPosition":[-27.0505,238.459,22.3113],"stabilizedTipPosition":[0.385412,215.473,-5.81178],"timeVisible":275.718,"tipPosition":[-3.78512,221.99,-20.504],"tipVelocity":[-9.63866,81.5211,-185.672],"tool":false,"touchDistance":0.0153485,"touchZone":"hovering","type":0,"width":20.25},{"bases":[[[0.971194,-0.166827,-0.17015],[0.195111,0.966649,0.165895],[0.136799,-0.194314,0.971354]],[[0.97808,-0.204314,0.0401819],[0.141045,0.792019,0.59398],[-0.153183,-0.575293,0.803476]],[[0.97808,-0.204314,0.0401819],[0.167284,0.885902,0.432658],[-0.123995,-0.416452,0.900662]],[[0.97808,-0.204314,0.0401819],[0.186238,0.94466,0.270062],[-0.0931356,-0.256659,0.962004]]],"btipPosition":[-17.5894,316.077,-76.5933],"carpPosition":[-18.6945,262.615,67.5938],"dipPosition":[-19.1806,311.692,-60.1569],"direction":[0.123995,0.416452,-0.900662],"extended":true,"handId":506,"id":5061,"length":58.8075,"mcpPosition":[-28.7588,276.91,-3.86829],"pipPosition":[-22.1777,301.626,-38.3875],"stabilizedTipPosition":[-15.7572,308.943,-57.6478],"timeVisible":275.718,"tipPosition":[-18.0957,315.375,-72.6638],"tipVelocity":[4.98171,89.8163,-175.853],"tool":false,"touchDistance":0.0248145,"touchZone":"hovering","type":1,"width":19.3428},{"bases":[[[0.93316,-0.353875,-0.0631232],[0.35945,0.920028,0.156026],[0.00286123,-0.168287,0.985734]],[[0.933161,-0.353934,-0.0627787],[0.0956312,0.412798,-0.905788],[0.346504,0.839243,0.419054]],[[0.933161,-0.353934,-0.0627787],[-0.329216,-0.771398,-0.544575],[0.144316,0.528844,-0.836359]],[[0.933161,-0.353934,-0.0627787],[-0.348445,-0.933568,0.0838879],[-0.0882989,-0.056406,-0.994496]]],"btipPosition":[-25.9588,219.653,18.7318],"carpPosition":[-6.61301,262.343,65.2314],"dipPosition":[-27.6181,218.593,0.0432243],"direction":[-0.144316,-0.528844,0.836359],"extended":false,"handId":506,"id":5062,"length":67.0064,"mcpPosition":[-6.81264,274.084,-3.54123],"pipPosition":[-23.5143,233.632,-23.7398],"stabilizedTipPosition":[-16.8697,209.446,18.3626],"timeVisible":275.718,"tipPosition":[-26.1721,219.682,15.5781],"tipVelocity":[-17.0186,76.8352,-208.252],"tool":false,"touchDistance":0.333333,"touchZone":"none","type":2,"width":18.9972},{"bases":[[[0.89364,-0.443125,0.0710425],[0.425109,0.886561,0.182461],[-0.143837,-0.132854,0.980643]],[[0.893888,-0.442895,0.069345],[0.251639,0.367709,-0.895247],[0.371001,0.817701,0.44014]],[[0.893888,-0.442895,0.069345],[-0.330708,-0.755924,-0.564988],[0.30265,0.482103,-0.82218]],[[0.893888,-0.442895,0.069345],[-0.446797,-0.892803,0.0572371],[0.0365614,-0.0821467,-0.995949]]],"btipPosition":[-11.5174,218.95,24.0831],"carpPosition":[5.11596,258.983,63.7916],"dipPosition":[-10.8343,217.415,5.47483],"direction":[-0.30265,-0.482103,0.82218],"extended":false,"handId":506,"id":5063,"length":64.4285,"mcpPosition":[14.1259,267.305,2.36409],"pipPosition":[-2.4503,230.77,-17.3012],"stabilizedTipPosition":[-0.245953,206.873,15.3221],"timeVisible":275.718,"tipPosition":[-11.1242,218.861,20.8973],"tipVelocity":[-19.7766,76.5534,-199.625],"tool":false,"touchDistance":0.333333,"touchZone":"none","type":3,"width":18.077},{"bases":[[[0.78838,-0.595877,0.152933],[0.544539,0.791602,0.277206],[-0.286242,-0.135265,0.948561]],[[0.803804,-0.586922,0.0970618],[0.355951,0.343777,-0.868974],[0.476653,0.733035,0.485245]],[[0.803804,-0.586922,0.0970618],[-0.419513,-0.674922,-0.607033],[0.42179,0.447217,-0.788727]],[[0.803804,-0.586922,0.0970618],[-0.588533,-0.80835,-0.0141466],[0.0867628,-0.045753,-0.995178]]],"btipPosition":[4.97406,222.687,24.008],"carpPosition":[14.9755,248.721,63.5882],"dipPosition":[6.46957,221.898,6.85433],"direction":[-0.42179,-0.447217,0.788727],"extended":false,"handId":506,"id":5064,"length":50.5107,"mcpPosition":[31.5733,256.565,8.58566],"pipPosition":[14.7193,230.645,-8.57222],"stabilizedTipPosition":[13.8503,211.466,14.8736],"timeVisible":275.718,"tipPosition":[5.19066,222.906,20.9752],"tipVelocity":[-13.3281,71.1793,-199.588],"tool":false,"touchDistance":0.333333,"touchZone":"none","type":4,"width":16.0574}],"r":[[0.148783,0.442305,0.884438],[0.582853,-0.761743,0.282896],[0.798841,0.473407,-0.371133]],"s":1.50522,"t":[8.0693,-0.559953,14.4569],"timestamp":98090191060},false],[4,{"currentFrameRate":109.472,"devices":[],"gestures":[],"hands":[{"armBasis":[[0.957176,-0.0685038,-0.281285],[0.200705,0.857232,0.474205],[0.208642,-0.510353,0.834271]],"armWidth":63.72,"confidence":0.704603,"direction":[0.0591154,0.29972,-0.952194],"elbow":[55.4701,111.032,294.908],"grabStrength":0,"id":506,"palmNormal":[-0.215131,-0.927623,-0.305342],"palmPosition":[-6.03095,262.704,16.991],"palmVelocity":[-0.677371,82.5526,-191.261],"palmWidth":90.99,"pinchStrength":0.568724,"r":[[0.148696,0.442239,0.884485],[0.581889,-0.762318,0.283331],[0.799559,0.472542,-0.370688]],"s":1.50477,"sphereCenter":[-35.026,254.942,-12.5471],"sphereRadius":52.0879,"stabilizedPalmPosition":[-0.901308,253.943,28.4782],"t":[8.17669,0.264231,12.6088],"timeVisible":275.727,"type":"right","wrist":[-0.863201,248.827,69.655]}],"id":1827792,"interactionBox":{"center":[0,200,0],"size":[235.247,235.247,147.751]},"pointables":[{"bases":[[[0.596209,0.798483,0.0834223],[-0.71137,0.477262,0.515921],[0.37214,-0.366941,0.852565]],[[0.540008,0.840997,-0.033398],[-0.837232,0.532678,-0.123684],[-0.0862272,0.094752,0.99176]],[[0.540008,0.840997,-0.033398],[-0.757955,0.468668,-0.453712],[-0.365918,0.270322,0.890522]],[[0.540008,0.840997,-0.033398],[-0.605141,0.360372,-0.709884],[-0.584975,0.403553,0.703526]]],"btipPosition":[-0.707427,220.746,-26.4436],"carpPosition":[-31.1784,244.137,69.8906],"dipPosition":[-14.3979,230.191,-9.97854],"direction":[0.365918,-0.270322,-0.890522],"extended":false,"handId":506,"id":5060,"length":52.1164,"mcpPosition":[-31.1784,244.137,69.8906],"pipPosition":[-26.8742,239.408,20.3843],"stabilizedTipPosition":[0.385412,215.473,-5.81178],"timeVisible":275.727,"tipPosition":[-3.63314,222.758,-22.3755],"tipVelocity":[-2.28466,81.9934,-190.553],"tool":false,"touchDistance":-0.0658342,"touchZone":"hovering","type":0,"width":20.25},{"bases":[[[0.970882,-0.169409,-0.169381],[0.197116,0.966741,0.16296],[0.13614,-0.191603,0.971985]],[[0.977622,-0.206287,0.0412444],[0.14249,0.793557,0.591577],[-0.154765,-0.572462,0.805193]],[[0.977622,-0.206287,0.0412444],[0.169009,0.886911,0.429913],[-0.125266,-0.413322,0.901928]],[[0.977622,-0.206287,0.0412444],[0.188163,0.945127,0.267077],[-0.0940757,-0.253339,0.962792]]],"btipPosition":[-17.2089,316.694,-78.757],"carpPosition":[-18.4773,263.685,65.5944],"dipPosition":[-18.8163,312.366,-62.3071],"direction":[0.125266,0.413322,-0.901928],"extended":true,"handId":506,"id":5061,"length":58.8075,"mcpPosition":[-28.493,277.781,-5.91415],"pipPosition":[-21.844,302.375,-40.5072],"stabilizedTipPosition":[-15.7572,308.943,-57.6478],"timeVisible":275.727,"tipPosition":[-17.721,316.002,-74.8278],"tipVelocity":[15.04,83.8065,-192.288],"tool":false,"touchDistance":-0.0611951,"touchZone":"hovering","type":1,"width":19.3428},{"bases":[[[0.932424,-0.356045,-0.0617869],[0.361359,0.919742,0.153279],[0.002254,-0.165248,0.986249]],[[0.932425,-0.356106,-0.0614215],[0.0959613,0.407874,-0.907981],[0.34839,0.84073,0.414484]],[[0.932425,-0.356106,-0.0614215],[-0.331117,-0.773875,-0.539888],[0.144725,0.523743,-0.839493]],[[0.932425,-0.356106,-0.0614215],[-0.350248,-0.932426,0.0889305],[-0.0889396,-0.0614083,-0.994142]]],"btipPosition":[-25.7896,220.646,17.0031],"carpPosition":[-6.39577,263.38,63.236],"dipPosition":[-27.461,219.492,-1.67881],"direction":[-0.144725,-0.523743,0.839493],"extended":false,"handId":506,"id":5062,"length":67.0064,"mcpPosition":[-6.55302,274.909,-5.57265],"pipPosition":[-23.3455,234.385,-25.551],"stabilizedTipPosition":[-16.8821,209.461,18.3551],"timeVisible":275.727,"tipPosition":[-26.0243,220.624,13.7352],"tipVelocity":[-7.19383,84.8338,-202.437],"tool":false,"touchDistance":0.333333,"touchZone":"none","type":2,"width":18.9972},{"bases":[[[0.892681,-0.444796,0.0726434],[0.426941,0.886217,0.179834],[-0.144367,-0.12952,0.981011]],[[0.892728,-0.444754,0.0723277],[0.253465,0.362944,-0.896675],[0.372549,0.818819,0.43674]],[[0.892728,-0.444754,0.0723277],[-0.331957,-0.757693,-0.561877],[0.304699,0.477594,-0.824052]],[[0.892728,-0.444754,0.0723277],[-0.449025,-0.891474,0.0604277],[0.0376028,-0.0864224,-0.995549]]],"btipPosition":[-11.4191,219.904,22.2744],"carpPosition":[5.32643,259.991,61.8096],"dipPosition":[-10.7165,218.289,3.67356],"direction":[-0.304699,-0.477594,0.824052],"extended":false,"handId":506,"id":5063,"length":64.4285,"mcpPosition":[14.3696,268.104,0.359034],"pipPosition":[-2.27575,231.52,-19.1543],"stabilizedTipPosition":[-0.256347,206.885,15.3246],"timeVisible":275.727,"tipPosition":[-11.0174,219.779,19.0285],"tipVelocity":[-11.1133,83.5561,-198.655],"tool":false,"touchDistance":0.333333,"touchZone":"none","type":3,"width":18.077},{"bases":[[[0.787076,-0.59707,0.154978],[0.546145,0.791299,0.274902],[-0.28677,-0.131729,0.9489]],[[0.802539,-0.588318,0.0990653],[0.356706,0.340074,-0.870121],[0.478218,0.733643,0.482779]],[[0.802539,-0.588318,0.0990653],[-0.420986,-0.6761,-0.604698],[0.422732,0.443588,-0.79027]],[[0.802539,-0.588318,0.0990653],[-0.590267,-0.807127,-0.0114538],[0.0866967,-0.0492829,-0.995015]]],"btipPosition":[5.12073,223.578,22.1552],"carpPosition":[15.1643,249.708,61.6404],"dipPosition":[6.6151,222.729,5.00435],"direction":[-0.422732,-0.443588,0.79027],"extended":false,"handId":506,"id":5064,"length":50.5107,"mcpPosition":[31.7927,257.346,6.61829],"pipPosition":[14.8832,231.405,-10.4524],"stabilizedTipPosition":[13.8437,211.475,14.8762],"timeVisible":275.727,"tipPosition":[5.3393,223.777,19.0978],"tipVelocity":[-5.14476,77.93,-200],"tool":false,"touchDistance":0.333333,"touchZone":"none","type":4,"width":16.0574}],"r":[[0.148696,0.442239,0.884485],[0.581889,-0.762318,0.283331],[0.799559,0.472542,-0.370688]],"s":1.50477,"t":[8.17669,0.264231,12.6088],"timestamp":98090200272},false],[5,{"currentFrameRate":109.624,"devices":[],"gestures":[],"hands":[{"armBasis":[[0.958905,-0.0770818,-0.273057],[0.203564,0.857305,0.472853],[0.197645,-0.509005,0.837765]],"armWidth":63.72,"confidence":0.706874,"direction":[0.0579878,0.29943,-0.952354],"elbow":[52.7501,111.97,294.672],"grabStrength":0,"id":506,"palmNormal":[-0.217736,-0.9272,-0.304779],"palmPosition":[-5.85,263.281,15.8191],"palmVelocity":[5.04059,77.8668,-175.333],"palmWidth":90.99,"pinchStrength":0.568641,"r":[[0.149152,0.44215,0.884453],[0.580889,-0.763023,0.283486],[0.800201,0.471486,-0.370647]],"s":1.50444,"sphereCenter":[-34.8918,255.57,-13.6652],"sphereRadius":52.0737,"stabilizedPalmPosition":[-0.901308,253.943,28.4782],"t":[8.32086,0.965021,11.0989],"timeVisible":275.736,"type":"right","wrist":[-0.614004,249.402,68.4757]}],"id":1827793,"interactionBox":{"center":[0,200,0],"size":[235.247,235.247,147.751]},"pointables":[{"bases":[[[0.598114,0.797188,0.0821679],[-0.709353,0.478907,0.517171],[0.372932,-0.367613,0.851929]],[[0.541833,0.839779,-0.0344673],[-0.836258,0.534544,-0.122212],[-0.0842065,0.0950419,0.991905]],[[0.541833,0.839779,-0.0344673],[-0.757602,0.470232,-0.452682],[-0.363946,0.271391,0.891005]],[[0.541833,0.839779,-0.0344673],[-0.605753,0.361751,-0.70866],[-0.58265,0.404854,0.704708]]],"btipPosition":[-0.690501,221.306,-27.6167],"carpPosition":[-30.9389,244.779,68.7689],"dipPosition":[-14.3266,230.781,-11.124],"direction":[0.363946,-0.271391,-0.891005],"extended":false,"handId":506,"id":5060,"length":52.1164,"mcpPosition":[-30.9389,244.779,68.7689],"pipPosition":[-26.7355,240.035,19.2554],"stabilizedTipPosition":[0.385412,215.473,-5.81178],"timeVisible":275.736,"tipPosition":[-3.61068,223.326,-23.5474],"tipVelocity":[-0.765617,77.145,-174.659],"tool":false,"touchDistance":-0.0852799,"touchZone":"hovering","type":0,"width":20.25},{"bases":[[[0.970189,-0.171566,-0.17117],[0.199541,0.966334,0.162425],[0.137541,-0.191738,0.971761]],[[0.977222,-0.208467,0.0397268],[0.145197,0.793309,0.591251],[-0.154772,-0.572016,0.805508]],[[0.977222,-0.208467,0.0397268],[0.171663,0.886562,0.42958],[-0.124773,-0.412976,0.902154]],[[0.977222,-0.208467,0.0397268],[0.190688,0.944714,0.266748],[-0.0931385,-0.253097,0.962947]]],"btipPosition":[-17.0654,317.285,-79.911],"carpPosition":[-18.203,264.298,64.4455],"dipPosition":[-18.6567,312.961,-63.4585],"direction":[0.124773,0.412976,-0.902154],"extended":true,"handId":506,"id":5061,"length":58.8075,"mcpPosition":[-28.3219,278.404,-7.04651],"pipPosition":[-21.6725,302.979,-41.6531],"stabilizedTipPosition":[-15.7572,308.943,-57.6478],"timeVisible":275.736,"tipPosition":[-17.5785,316.586,-75.9864],"tipVelocity":[15.4727,79.2297,-175.517],"tool":false,"touchDistance":-0.0804192,"touchZone":"hovering","type":1,"width":19.3428},{"bases":[[[0.931524,-0.358099,-0.0634728],[0.363661,0.918973,0.152443],[0.00373998,-0.165087,0.986272]],[[0.931525,-0.358162,-0.063097],[0.0952515,0.407718,-0.908126],[0.350982,0.839932,0.413915]],[[0.931525,-0.358162,-0.063097],[-0.333797,-0.773153,-0.539271],[0.144363,0.523406,-0.839765]],[[0.931525,-0.358162,-0.063097],[-0.352129,-0.931641,0.089718],[-0.0909173,-0.0613563,-0.993967]]],"btipPosition":[-25.7017,221.268,15.862],"carpPosition":[-6.12667,263.966,62.0646],"dipPosition":[-27.4102,220.115,-2.81662],"direction":[-0.144363,-0.523406,0.839765],"extended":false,"handId":506,"id":5062,"length":67.0064,"mcpPosition":[-6.3876,275.484,-6.74563],"pipPosition":[-23.3051,234.999,-26.6965],"stabilizedTipPosition":[-16.8929,209.474,18.3471],"timeVisible":275.736,"tipPosition":[-25.9443,221.242,12.5852],"tipVelocity":[-2.81821,80.8955,-182.519],"tool":false,"touchDistance":0.333333,"touchZone":"none","type":2,"width":18.9972},{"bases":[[[0.891838,-0.44674,0.071047],[0.429219,0.885309,0.178882],[-0.142812,-0.129039,0.981302]],[[0.891745,-0.446824,0.0716843],[0.253406,0.361801,-0.897154],[0.374934,0.818198,0.435862]],[[0.891745,-0.446824,0.0716843],[-0.334378,-0.757325,-0.560937],[0.304928,0.476243,-0.824749]],[[0.891745,-0.446824,0.0716843],[-0.451082,-0.89035,0.0616682],[0.0362693,-0.0873278,-0.995519]]],"btipPosition":[-11.3456,220.516,21.1213],"carpPosition":[5.58538,260.551,60.6168],"dipPosition":[-10.6679,218.884,2.52107],"direction":[-0.304928,-0.476243,0.824749],"extended":false,"handId":506,"id":5063,"length":64.4285,"mcpPosition":[14.5311,268.634,-0.851988],"pipPosition":[-2.22079,232.077,-20.3261],"stabilizedTipPosition":[-0.26563,206.896,15.3259],"timeVisible":275.736,"tipPosition":[-10.945,220.374,17.8493],"tipVelocity":[-6.03128,79.5363,-180.145],"tool":false,"touchDistance":0.333333,"touchZone":"none","type":3,"width":18.077},{"bases":[[[0.786054,-0.598769,0.153605],[0.548393,0.790146,0.273743],[-0.285279,-0.130941,0.949458]],[[0.801434,-0.590057,0.0976489],[0.355804,0.339147,-0.870852],[0.480735,0.732674,0.481749]],[[0.801434,-0.590057,0.0976489],[-0.423613,-0.675283,-0.603776],[0.422203,0.442521,-0.791151]],[[0.801434,-0.590057,0.0976489],[-0.592055,-0.805833,-0.0101861],[0.0846991,-0.0496501,-0.995169]]],"btipPosition":[5.22612,224.133,20.9697],"carpPosition":[15.4003,250.246,60.431],"dipPosition":[6.68606,223.277,3.81615],"direction":[-0.422203,-0.442521,0.791151],"extended":false,"handId":506,"id":5064,"length":50.5107,"mcpPosition":[31.9423,257.839,5.37645],"pipPosition":[14.9438,231.932,-11.6578],"stabilizedTipPosition":[13.8379,211.484,14.8777],"timeVisible":275.736,"tipPosition":[5.43961,224.329,17.908],"tipVelocity":[-0.770795,73.7405,-182.142],"tool":false,"touchDistance":0.333333,"touchZone":"none","type":4,"width":16.0574}],"r":[[0.149152,0.44215,0.884453],[0.580889,-0.763023,0.283486],[0.800201,0.471486,-0.370647]],"s":1.50444,"t":[8.32086,0.965021,11.0989],"timestamp":98090209122},false],[6,{"currentFrameRate":109.645,"devices":[],"gestures":[],"hands":[{"armBasis":[[0.959241,-0.081543,-0.27057],[0.205673,0.85806,0.470565],[0.193794,-0.507034,0.839858]],"armWidth":63.72,"confidence":0.709909,"direction":[0.0553726,0.298455,-0.952816],"elbow":[51.9653,112.877,294.487],"grabStrength":0,"id":506,"palmNormal":[-0.219306,-0.927342,-0.30322],"palmPosition":[-5.74153,263.607,15.0713],"palmVelocity":[6.95048,66.2665,-149.601],"palmWidth":90.99,"pinchStrength":0.568644,"r":[[0.150106,0.442231,0.884251],[0.580147,-0.763613,0.283415],[0.800561,0.470453,-0.371182]],"s":1.50417,"sphereCenter":[-34.8424,255.877,-14.3217],"sphereRadius":52.0539,"stabilizedPalmPosition":[-0.901308,253.943,28.4782],"t":[8.44717,1.47863,9.96997],"timeVisible":275.745,"type":"right","wrist":[-0.359056,249.776,67.7258]}],"id":1827794,"interactionBox":{"center":[0,200,0],"size":[235.247,235.247,147.751]},"pointables":[{"bases":[[[0.598927,0.796837,0.0796077],[-0.70747,0.479924,0.518805],[0.375198,-0.367046,0.851178]],[[0.542377,0.839329,-0.0368138],[-0.836199,0.535079,-0.120258],[-0.0812374,0.0960086,0.99206]],[[0.542377,0.839329,-0.0368138],[-0.758433,0.470311,-0.451206],[-0.361396,0.272644,0.89166]],[[0.542377,0.839329,-0.0368138],[-0.607671,0.361666,-0.70706],[-0.580141,0.405863,0.706195]]],"btipPosition":[-0.731717,221.588,-28.3369],"carpPosition":[-30.6863,245.175,68.1136],"dipPosition":[-14.3091,231.087,-11.8094],"direction":[0.361396,-0.272644,-0.89166],"extended":false,"handId":506,"id":5060,"length":52.1164,"mcpPosition":[-30.6863,245.175,68.1136],"pipPosition":[-26.6311,240.383,18.5923],"stabilizedTipPosition":[0.385412,215.473,-5.81178],"timeVisible":275.745,"tipPosition":[-3.6449,223.616,-24.265],"tipVelocity":[-1.39811,64.5496,-148.029],"tool":false,"touchDistance":-0.0971496,"touchZone":"hovering","type":0,"width":20.25},{"bases":[[[0.969552,-0.172432,-0.173883],[0.200716,0.966349,0.160882],[0.14029,-0.190885,0.971536]],[[0.977163,-0.209182,0.0373604],[0.147365,0.793785,0.590075],[-0.153089,-0.571094,0.806483]],[[0.977163,-0.209182,0.0373604],[0.17346,0.886802,0.428361],[-0.122737,-0.412098,0.902835]],[[0.977163,-0.209182,0.0373604],[0.192094,0.944768,0.265544],[-0.0908438,-0.252303,0.963375]]],"btipPosition":[-17.1746,317.531,-80.6725],"carpPosition":[-17.9493,264.681,63.7332],"dipPosition":[-18.7267,313.22,-64.2126],"direction":[0.122737,0.412098,-0.902835],"extended":true,"handId":506,"id":5061,"length":58.8075,"mcpPosition":[-28.2704,278.724,-7.74228],"pipPosition":[-21.6933,303.26,-42.3907],"stabilizedTipPosition":[-15.7572,308.943,-57.6478],"timeVisible":275.745,"tipPosition":[-17.6849,316.827,-76.7513],"tipVelocity":[8.13743,64.8908,-150.098],"tool":false,"touchDistance":-0.0930814,"touchZone":"hovering","type":1,"width":19.3428},{"bases":[[[0.931074,-0.358832,-0.065888],[0.364772,0.91886,0.15046],[0.00655211,-0.164123,0.986418]],[[0.931076,-0.358896,-0.0654987],[0.092973,0.40703,-0.908671],[0.352779,0.839952,0.412344]],[[0.931076,-0.358896,-0.0654987],[-0.335917,-0.773332,-0.537697],[0.142325,0.522639,-0.84059]],[[0.931076,-0.358896,-0.0654987],[-0.352536,-0.9313,0.0916413],[-0.0938887,-0.0622344,-0.993636]]],"btipPosition":[-25.6244,221.61,15.1969],"carpPosition":[-5.8803,264.338,61.3167],"dipPosition":[-27.3887,220.44,-3.47546],"direction":[-0.142325,-0.522639,0.84059],"extended":false,"handId":506,"id":5062,"length":67.0064,"mcpPosition":[-6.33742,275.788,-7.50368],"pipPosition":[-23.3415,235.302,-27.3788],"stabilizedTipPosition":[-16.9029,209.487,18.339],"timeVisible":275.745,"tipPosition":[-25.8791,221.576,11.9084],"tipVelocity":[-0.0733139,68.8172,-152.234],"tool":false,"touchDistance":0.333333,"touchZone":"none","type":2,"width":18.9972},{"bases":[[[0.891725,-0.447312,0.0688361],[0.430384,0.885175,0.176736],[-0.139988,-0.127974,0.981848]],[[0.891511,-0.447506,0.0703253],[0.251761,0.360405,-0.898178],[0.376595,0.818442,0.43397]],[[0.891511,-0.447506,0.0703253],[-0.336325,-0.75787,-0.559033],[0.303468,0.474732,-0.826158]],[[0.891511,-0.447506,0.0703253],[-0.45173,-0.889845,0.0641542],[0.0338692,-0.0889623,-0.995459]]],"btipPosition":[-11.2718,220.873,20.4303],"carpPosition":[5.82494,260.913,59.8375],"dipPosition":[-10.639,219.211,1.83113],"direction":[-0.303468,-0.474732,0.826158],"extended":false,"handId":506,"id":5063,"length":64.4285,"mcpPosition":[14.5938,268.929,-1.66549],"pipPosition":[-2.2323,232.362,-21.0551],"stabilizedTipPosition":[-0.274425,206.907,15.3266],"timeVisible":275.745,"tipPosition":[-10.8773,220.712,17.1348],"tipVelocity":[-2.42858,68.1895,-151.345],"tool":false,"touchDistance":0.333333,"touchZone":"none","type":3,"width":18.077},{"bases":[[[0.786078,-0.599184,0.151857],[0.54977,0.790019,0.271336],[-0.28255,-0.129805,0.950429]],[[0.801289,-0.590545,0.0958822],[0.353721,0.338372,-0.872001],[0.482512,0.73264,0.480022]],[[0.801289,-0.590545,0.0958822],[-0.425728,-0.675419,-0.602134],[0.420348,0.441664,-0.792617]],[[0.801289,-0.590545,0.0958822],[-0.592659,-0.805416,-0.00775621],[0.0818055,-0.0506104,-0.995362]]],"btipPosition":[5.32284,224.456,20.2081],"carpPosition":[15.6319,250.601,59.6326],"dipPosition":[6.7329,223.584,3.05125],"direction":[-0.420348,-0.441664,0.792617],"extended":false,"handId":506,"id":5064,"length":50.5107,"mcpPosition":[32.0156,258.128,4.5218],"pipPosition":[14.9544,232.222,-12.4514],"stabilizedTipPosition":[13.8327,211.492,14.8786],"timeVisible":275.745,"tipPosition":[5.52958,224.641,17.1358],"tipVelocity":[2.0397,63.0773,-154.969],"tool":false,"touchDistance":0.333333,"touchZone":"none","type":4,"width":16.0574}],"r":[[0.150106,0.44