{"sensorType":"Leap","data":[[0,{"currentFrameRate":109.61,"devices":[],"gestures":[],"hands":[{"armBasis":[[0.966575,-0.0322302,-0.254349],[0.152029,0.870883,0.467386],[0.206444,-0.490432,0.846674]],"armWidth":63.72,"confidence":0.700992,"direction":[0.0483011,0.294972,-0.954284],"elbow":[61.159,97.3541,297.69],"grabStrength":0,"id":506,"palmNormal":[-0.163535,-0.940172,-0.298888],"palmPosition":[-0.190193,242.937,16.2872],"palmVelocity":[-40.8879,23.9429,103.288],"palmWidth":90.99,"pinchStrength":0.57018,"r":[[0.10144,0.448777,0.887868],[0.608722,-0.733902,0.301407],[0.786872,0.50989,-0.347627]],"s":1.54242,"sphereCenter":[-28.6294,234.148,-12.1987],"sphereRadius":52.9345,"stabilizedPalmPosition":[7.78059,233.27,-5.51805],"t":[14.4209,-18.7714,9.30395],"timeVisible":282.614,"type":"right","wrist":[5.41913,229.771,69.0882]}],"id":1828542,"interactionBox":{"center":[0,200,0],"size":[235.247,235.247,147.751]},"pointables":[{"bases":[[[0.552199,0.829867,0.0799837],[-0.738723,0.442554,0.508365],[0.386478,-0.339804,0.857419]],[[0.491559,0.869787,-0.0428862],[-0.866797,0.483939,-0.120271],[-0.0838555,0.0962938,0.991814]],[[0.491559,0.869787,-0.0428862],[-0.779813,0.417721,-0.466263],[-0.387635,0.262639,0.883606]],[[0.491559,0.869787,-0.0428862],[-0.381582,0.17086,-0.908406],[-0.782793,0.4629,0.415883]]],"btipPosition":[11.1198,198.873,-20.1629],"carpPosition":[-24.6029,223.468,69.2064],"dipPosition":[-7.20036,209.706,-10.4297],"direction":[0.387635,-0.262639,-0.883606],"extended":false,"handId":506,"id":5060,"length":52.1164,"mcpPosition":[-24.6029,223.468,69.2064],"pipPosition":[-20.417,218.661,19.6974],"stabilizedTipPosition":[11.0875,197.76,-26.218],"timeVisible":282.614,"tipPosition":[7.18088,201.279,-17.6285],"tipVelocity":[-44.2143,20.4474,104.819],"tool":false,"touchDistance":0.333915,"touchZone":"hovering","type":0,"width":20.25},{"bases":[[[0.979476,-0.118548,-0.163013],[0.144247,0.977152,0.156102],[0.140783,-0.176412,0.974197]],[[0.98904,-0.147393,0.00870913],[0.11382,0.798673,0.590903],[-0.0940508,-0.583436,0.806695]],[[0.98904,-0.147393,0.00870913],[0.129813,0.89615,0.424339],[-0.0703493,-0.418558,0.905461]],[[0.98904,-0.147393,0.00870913],[0.140273,0.956399,0.256172],[-0.0460874,-0.252143,0.966592]]],"btipPosition":[-16.77,296.102,-79.9125],"carpPosition":[-12.9412,243.633,64.8165],"dipPosition":[-17.5575,291.794,-63.3977],"direction":[0.0703493,0.418558,-0.905461],"extended":true,"handId":506,"id":5061,"length":58.8075,"mcpPosition":[-23.2985,256.611,-6.85473],"pipPosition":[-19.2578,281.677,-41.5123],"stabilizedTipPosition":[-11.0658,290.59,-87.7448],"timeVisible":282.614,"tipPosition":[-16.7563,295.678,-75.8116],"tipVelocity":[-45.2455,-2.92245,89.2326],"tool":false,"touchDistance":0.401219,"touchZone":"hovering","type":1,"width":19.3428},{"bases":[[[0.950453,-0.306124,-0.0541038],[0.310818,0.938932,0.147646],[0.00560184,-0.157147,0.987559]],[[0.950467,-0.307372,-0.0462019],[0.0432929,0.278109,-0.959574],[0.307795,0.910043,0.27764]],[[0.950467,-0.307372,-0.0462019],[-0.297646,-0.857233,-0.420188],[0.089548,0.413127,-0.90626]],[[0.950467,-0.307372,-0.0462019],[-0.295789,-0.940114,0.169395],[-0.0955021,-0.147338,-0.984465]]],"btipPosition":[-16.8261,202.076,24.5112],"carpPosition":[-0.847714,243.956,62.5227],"dipPosition":[-18.6208,199.308,6.01111],"direction":[-0.0895479,-0.413127,0.90626],"extended":false,"handId":506,"id":5062,"length":67.0064,"mcpPosition":[-1.23854,254.92,-6.3773],"pipPosition":[-16.0744,211.055,-19.7597],"stabilizedTipPosition":[-6.66197,187.553,-8.40293],"timeVisible":282.614,"tipPosition":[-17.3087,201.393,19.9333],"tipVelocity":[-40.4129,25.085,111.018],"tool":false,"touchDistance":0.333333,"touchZone":"none","type":2,"width":18.9972},{"bases":[[[0.914765,-0.395817,0.0808383],[0.37795,0.909173,0.174809],[-0.142688,-0.129356,0.981278]],[[0.915029,-0.395575,0.0790052],[0.179241,0.223253,-0.958139],[0.361377,0.890887,0.275186]],[[0.915029,-0.395575,0.0790052],[-0.329529,-0.84598,-0.4192],[0.232662,0.357545,-0.90445]],[[0.915029,-0.395575,0.0790052],[-0.403289,-0.901397,0.157613],[0.0088673,-0.176083,-0.984335]]],"btipPosition":[-2.77244,202.872,30.868],"carpPosition":[11.0466,241.188,61.1841],"dipPosition":[-2.60676,199.582,12.4767],"direction":[-0.232662,-0.357545,0.90445],"extended":false,"handId":506,"id":5063,"length":64.4285,"mcpPosition":[19.9846,249.291,-0.283189],"pipPosition":[3.83843,209.486,-12.5784],"stabilizedTipPosition":[7.515,189.003,-2.06759],"timeVisible":282.614,"tipPosition":[-2.87066,202.165,26.4507],"tipVelocity":[-39.8121,25.2407,112.147],"tool":false,"touchDistance":0.333333,"touchZone":"none","type":3,"width":18.077},{"bases":[[[0.816995,-0.552872,0.163865],[0.501527,0.821517,0.271256],[-0.284588,-0.139432,0.948456]],[[0.825478,-0.548252,0.134188],[0.311025,0.24344,-0.918695],[0.47101,0.800098,0.371475]],[[0.825478,-0.548252,0.134188],[-0.418575,-0.754099,-0.506093],[0.378657,0.361601,-0.851976]],[[0.825478,-0.548252,0.134188],[-0.558895,-0.827168,0.0585665],[0.0788867,-0.123342,-0.989224]]],"btipPosition":[12.5024,206.293,26.7323],"carpPosition":[21.4209,231.445,61.1491],"dipPosition":[13.8622,204.166,9.68126],"direction":[-0.378657,-0.361601,0.851976],"extended":false,"handId":506,"id":5064,"length":50.5107,"mcpPosition":[37.9228,239.53,6.15267],"pipPosition":[21.2683,211.239,-6.98238],"stabilizedTipPosition":[23.3005,192.955,-4.52786],"timeVisible":282.614,"tipPosition":[12.8359,205.778,22.6147],"tipVelocity":[-41.1054,24.5898,107.938],"tool":false,"touchDistance":0.333333,"touchZone":"none","type":4,"width":16.0574}],"r":[[0.10144,0.448777,0.887868],[0.608722,-0.733902,0.301407],[0.786872,0.50989,-0.347627]],"s":1.54242,"t":[14.4209,-18.7714,9.30395],"timestamp":98097087426},false],[1,{"currentFrameRate":109.621,"devices":[],"gestures":[],"hands":[{"armBasis":[[0.966496,-0.0294081,-0.254991],[0.150263,0.870224,0.469182],[0.208101,-0.491778,0.845487]],"armWidth":63.72,"confidence":0.703329,"direction":[0.0499879,0.291457,-0.955277],"elbow":[61.1792,97.2377,298.126],"grabStrength":0,"id":506,"palmNormal":[-0.162481,-0.941357,-0.295713],"palmPosition":[-0.522476,242.986,16.9841],"palmVelocity":[-39.6733,18.7802,95.8795],"palmWidth":90.99,"pinchStrength":0.57014,"r":[[0.101541,0.449789,0.887344],[0.608797,-0.733531,0.302156],[0.786801,0.509531,-0.348314]],"s":1.54225,"sphereCenter":[-28.8823,234.035,-11.5258],"sphereRadius":52.9154,"stabilizedPalmPosition":[7.69324,233.373,-5.28132],"t":[14.1067,-18.7004,10.0289],"timeVisible":282.623,"type":"right","wrist":[4.99189,230.018,69.8442]}],"id":1828543,"interactionBox":{"center":[0,200,0],"size":[235.247,235.247,147.751]},"pointables":[{"bases":[[[0.551622,0.830442,0.0779675],[-0.739924,0.444055,0.505299],[0.385,-0.336424,0.859415]],[[0.491272,0.869842,-0.0450297],[-0.866752,0.483115,-0.123859],[-0.0859833,0.0998781,0.991278]],[[0.491272,0.869842,-0.0450297],[-0.779114,0.415741,-0.469192],[-0.389402,0.265584,0.881947]],[[0.491272,0.869842,-0.0450297],[-0.380471,0.167804,-0.909441],[-0.783514,0.463915,0.413387]]],"btipPosition":[10.8789,198.802,-19.2994],"carpPosition":[-25.0271,223.7,69.928],"dipPosition":[-7.4581,209.659,-9.6247],"direction":[0.389402,-0.265584,-0.881947],"extended":false,"handId":506,"id":5060,"length":52.1164,"mcpPosition":[-25.0271,223.7,69.928],"pipPosition":[-20.735,218.714,20.4458],"stabilizedTipPosition":[10.9178,197.896,-25.8675],"timeVisible":282.623,"tipPosition":[6.93016,201.213,-16.7773],"tipVelocity":[-39.4118,12.7853,101.65],"tool":false,"touchDistance":0.346607,"touchZone":"hovering","type":0,"width":20.25},{"bases":[[[0.979848,-0.118647,-0.160688],[0.14345,0.977798,0.152754],[0.138997,-0.172727,0.975113]],[[0.989093,-0.146861,0.0112304],[0.112321,0.801395,0.587495],[-0.0952802,-0.579826,0.80915]],[[0.989093,-0.146861,0.0112304],[0.128649,0.898525,0.419646],[-0.0717206,-0.413625,0.907618]],[[0.989093,-0.146861,0.0112304],[0.139412,0.958065,0.250352],[-0.0475265,-0.246056,0.96809]]],"btipPosition":[-16.9541,295.674,-79.4937],"carpPosition":[-13.3672,243.854,65.4859],"dipPosition":[-17.7661,291.47,-62.9533],"direction":[0.0717206,0.413625,-0.907618],"extended":true,"handId":506,"id":5061,"length":58.8075,"mcpPosition":[-23.5931,256.562,-6.2528],"pipPosition":[-19.4997,281.473,-41.0158],"stabilizedTipPosition":[-11.2954,290.745,-87.2891],"timeVisible":282.623,"tipPosition":[-16.953,295.286,-75.3847],"tipVelocity":[-38.4816,-14.41,77.4289],"tool":false,"touchDistance":0.4008,"touchZone":"hovering","type":1,"width":19.3428},{"bases":[[[0.950711,-0.305833,-0.0511405],[0.310056,0.939633,0.14476],[0.0037808,-0.153482,0.988144]],[[0.950711,-0.307045,-0.0432755],[0.0448116,0.274146,-0.960643],[0.306824,0.911355,0.274393]],[[0.950711,-0.307045,-0.0432755],[-0.296444,-0.859076,-0.417263],[0.0909416,0.409526,-0.907755]],[[0.950711,-0.307045,-0.0432755],[-0.295614,-0.939619,0.17242],[-0.093603,-0.151128,-0.984073]]],"btipPosition":[-17.1494,202.151,25.3534],"carpPosition":[-1.26951,244.176,63.2142],"dipPosition":[-18.9084,199.311,6.86073],"direction":[-0.0909416,-0.409526,0.907755],"extended":false,"handId":506,"id":5062,"length":67.0064,"mcpPosition":[-1.53329,254.884,-5.72668],"pipPosition":[-16.3223,210.956,-18.9525],"stabilizedTipPosition":[-6.71089,187.616,-8.27042],"timeVisible":282.623,"tipPosition":[-17.6229,201.449,20.7748],"tipVelocity":[-38.8059,19.8915,105.946],"tool":false,"touchDistance":0.333333,"touchZone":"none","type":2,"width":18.9972},{"bases":[[[0.914808,-0.395043,0.0840644],[0.37715,0.91001,0.172163],[-0.144511,-0.125791,0.981475]],[[0.915089,-0.394796,0.0821431],[0.180859,0.21975,-0.958645],[0.360418,0.892102,0.272493]],[[0.915089,-0.394796,0.0821431],[-0.328335,-0.847722,-0.416609],[0.23411,0.354264,-0.905367]],[[0.915089,-0.394796,0.0821431],[-0.403108,-0.901013,0.160246],[0.0107476,-0.179752,-0.983653]]],"btipPosition":[-3.10851,202.974,31.7132],"carpPosition":[10.6288,241.409,61.9087],"dipPosition":[-2.90771,199.616,13.3346],"direction":[-0.23411,-0.354264,0.905367],"extended":false,"handId":506,"id":5063,"length":64.4285,"mcpPosition":[19.681,249.288,0.429062],"pipPosition":[3.57762,209.429,-11.7458],"stabilizedTipPosition":[7.47776,189.049,-1.96354],"timeVisible":282.623,"tipPosition":[-3.19814,202.25,27.2985],"tipVelocity":[-38.7651,20.8846,106.89],"tool":false,"touchDistance":0.333333,"touchZone":"none","type":3,"width":18.077},{"bases":[[[0.816959,-0.55184,0.167485],[0.500586,0.822776,0.269172],[-0.286342,-0.136062,0.948417]],[[0.825469,-0.547341,0.137906],[0.31286,0.240317,-0.918894],[0.469808,0.801664,0.369615]],[[0.825469,-0.547341,0.137906],[-0.417062,-0.756073,-0.504393],[0.380342,0.358846,-0.85239]],[[0.825469,-0.547341,0.137906],[-0.558588,-0.827255,0.0602354],[0.0811139,-0.126755,-0.988612]]],"btipPosition":[12.1625,206.38,27.5785],"carpPosition":[21.0081,231.671,61.9297],"dipPosition":[13.5606,204.195,10.538],"direction":[-0.380342,-0.358846,0.85239],"extended":false,"handId":506,"id":5064,"length":50.5107,"mcpPosition":[37.6117,239.56,6.93556],"pipPosition":[20.9997,211.214,-6.13373],"stabilizedTipPosition":[23.2531,193.012,-4.40431],"timeVisible":282.623,"tipPosition":[12.5068,205.854,23.4709],"tipVelocity":[-39.7957,20.0359,103.862],"tool":false,"touchDistance":0.333333,"touchZone":"none","type":4,"width":16.0574}],"r":[[0.101541,0.449789,0.887344],[0.608797,-0.733531,0.302156],[0.786801,0.509531,-0.348314]],"s":1.54225,"t":[14.1067,-18.7004,10.0289],"timestamp":98097096528},false],[2,{"currentFrameRate":109.615,"devices":[],"gestures":[],"hands":[{"armBasis":[[0.966526,-0.0280745,-0.255026],[0.149672,0.869031,0.471576],[0.208386,-0.493961,0.844143]],"armWidth":63.72,"confidence":0.706644,"direction":[0.0517081,0.286649,-0.956639],"elbow":[60.9149,96.9298,298.419],"grabStrength":0,"id":506,"palmNormal":[-0.16282,-0.942684,-0.291268],"palmPosition":[-0.771238,243.008,17.5677],"palmVelocity":[-36.2149,14.2321,86.9866],"palmWidth":90.99,"pinchStrength":0.570454,"r":[[0.101424,0.451466,0.886505],[0.608641,-0.733033,0.303674],[0.786937,0.508764,-0.349128]],"s":1.54204,"sphereCenter":[-29.0927,233.882,-10.9486],"sphereRadius":52.902,"stabilizedPalmPosition":[7.61849,233.458,-5.07955],"t":[13.8252,-18.6539,10.6832],"timeVisible":282.632,"type":"right","wrist":[4.6506,230.299,70.5003]}],"id":1828544,"interactionBox":{"center":[0,200,0],"size":[235.247,235.247,147.751]},"pointables":[{"bases":[[[0.552203,0.830358,0.0746803],[-0.740328,0.447188,0.501934],[0.383389,-0.332457,0.861676]],[[0.492271,0.869104,-0.0482363],[-0.865978,0.483389,-0.128131],[-0.0880426,0.104847,0.990583]],[[0.492271,0.869104,-0.0482363],[-0.777759,0.414296,-0.472705],[-0.390846,0.270215,0.879899]],[[0.492271,0.869104,-0.0482363],[-0.379716,0.16455,-0.910351],[-0.783253,0.466455,0.411017]]],"btipPosition":[10.6781,198.643,-18.4984],"carpPosition":[-25.3738,224.007,70.5691],"dipPosition":[-7.65279,209.56,-8.87911],"direction":[0.390846,-0.270215,-0.879899],"extended":false,"handId":506,"id":5060,"length":52.1164,"mcpPosition":[-25.3738,224.007,70.5691],"pipPosition":[-20.9789,218.773,21.1216],"stabilizedTipPosition":[10.7897,197.99,-25.592],"timeVisible":282.632,"tipPosition":[6.71056,201.069,-15.9902],"tipVelocity":[-34.523,4.82192,97.3832],"tool":false,"touchDistance":0.357104,"touchZone":"hovering","type":0,"width":20.25},{"bases":[[[0.979994,-0.120267,-0.158579],[0.14404,0.978427,0.1481],[0.137346,-0.167979,0.976176]],[[0.988952,-0.147625,0.0134515],[0.112228,0.804917,0.582678],[-0.0968453,-0.574731,0.812592]],[[0.988952,-0.147625,0.0134515],[0.128971,0.901607,0.412882],[-0.0730798,-0.406585,0.910685]],[[0.988952,-0.147625,0.0134515],[0.140037,0.960154,0.241856],[-0.0486196,-0.237301,0.970219]]],"btipPosition":[-17.0368,295.061,-79.2715],"carpPosition":[-13.69,244.129,66.0446],"dipPosition":[-17.8675,291.006,-62.6948],"direction":[0.0730798,0.406585,-0.910685],"extended":true,"handId":506,"id":5061,"length":58.8075,"mcpPosition":[-23.7945,256.487,-5.77223],"pipPosition":[-19.6338,281.179,-40.6831],"stabilizedTipPosition":[-11.5014,290.863,-86.8784],"timeVisible":282.632,"tipPosition":[-17.0418,294.73,-75.1468],"tipVelocity":[-30.4283,-28.023,62.9184],"tool":false,"touchDistance":0.397512,"touchZone":"hovering","type":1,"width":19.3428},{"bases":[[[0.95053,-0.30688,-0.0481443],[0.310626,0.940083,0.140554],[0.00212645,-0.148556,0.988902]],[[0.950517,-0.308052,-0.0402783],[0.0464847,0.26921,-0.961959],[0.307176,0.912486,0.270208]],[[0.950517,-0.308052,-0.0402783],[-0.29653,-0.860912,-0.413401],[0.0926727,0.404888,-0.909658]],[[0.950517,-0.308052,-0.0402783],[-0.296676,-0.938507,0.176604],[-0.0922045,-0.155915,-0.983458]]],"btipPosition":[-17.4456,202.227,26.1208],"carpPosition":[-1.58859,244.429,63.7901],"dipPosition":[-19.1783,199.297,7.63963],"direction":[-0.0926727,-0.404888,0.909658],"extended":false,"handId":506,"id":5062,"length":67.0064,"mcpPosition":[-1.73695,254.793,-5.20363],"pipPosition":[-16.543,210.811,-18.2278],"stabilizedTipPosition":[-6.7515,187.667,-8.16048],"timeVisible":282.632,"tipPosition":[-17.9118,201.505,21.5463],"tipVelocity":[-36.8471,16.0718,99.9275],"tool":false,"touchDistance":0.333333,"touchZone":"none","type":2,"width":18.9972},{"bases":[[[0.914343,-0.395385,0.0874478],[0.377653,0.910541,0.168208],[-0.146131,-0.120775,0.981865]],[[0.914635,-0.395141,0.0854729],[0.182444,0.214759,-0.959475],[0.360772,0.893164,0.268517]],[[0.914635,-0.395141,0.0854729],[-0.328438,-0.849534,-0.41282],[0.235734,0.349507,-0.906793]],[[0.914635,-0.395141,0.0854729],[-0.4041,-0.899866,0.164149],[0.0120523,-0.184676,-0.982726]]],"btipPosition":[-3.4116,203.073,32.4967],"carpPosition":[10.3094,241.645,62.5168],"dipPosition":[-3.18641,199.623,14.1355],"direction":[-0.235734,-0.349507,0.906793],"extended":false,"handId":506,"id":5063,"length":64.4285,"mcpPosition":[19.463,249.211,1.01275],"pipPosition":[3.3439,209.305,-10.9845],"stabilizedTipPosition":[7.44646,189.087,-1.87621],"timeVisible":282.632,"tipPosition":[-3.49467,202.326,28.0857],"tipVelocity":[-37.0422,17.4449,101.141],"tool":false,"touchDistance":0.333333,"touchZone":"none","type":3,"width":18.077},{"bases":[[[0.816233,-0.551682,0.171497],[0.500865,0.823688,0.265841],[-0.28792,-0.131091,0.94864]],[[0.824752,-0.547361,0.142058],[0.314819,0.235746,-0.919409],[0.469759,0.803007,0.366751]],[[0.824752,-0.547361,0.142058],[-0.416668,-0.758047,-0.501748],[0.382324,0.354627,-0.853269]],[[0.824752,-0.547361,0.142058],[-0.559383,-0.826509,0.0630285],[0.0829128,-0.131448,-0.98785]]],"btipPosition":[11.8582,206.436,28.3437],"carpPosition":[20.6804,231.899,62.6024],"dipPosition":[13.2874,204.171,11.3163],"direction":[-0.382324,-0.354627,0.853269],"extended":false,"handId":506,"id":5064,"length":50.5107,"mcpPosition":[37.3755,239.5,7.59539],"pipPosition":[20.7652,211.107,-5.37263],"stabilizedTipPosition":[23.2135,193.058,-4.3011],"timeVisible":282.632,"tipPosition":[12.2121,205.895,24.2512],"tipVelocity":[-37.7755,15.6054,98.3673],"tool":false,"touchDistance":0.333333,"touchZone":"none","type":4,"width":16.0574}],"r":[[0.101424,0.451466,0.886505],[0.608641,-0.733033,0.303674],[0.786937,0.508764,-0.349128]],"s":1.54204,"t":[13.8252,-18.6539,10.6832],"timestamp":98097105662},false],[3,{"currentFrameRate":109.733,"devices":[],"gestures":[],"hands":[{"armBasis":[[0.966159,-0.0270824,-0.25652],[0.150036,0.867941,0.473463],[0.209822,-0.495928,0.842633]],"armWidth":63.72,"confidence":0.709875,"direction":[0.0537846,0.281119,-0.958165],"elbow":[60.8817,96.7256,298.922],"grabStrength":0,"id":506,"palmNormal":[-0.164251,-0.943993,-0.286181],"palmPosition":[-1.08343,243.046,18.3988],"palmVelocity":[-35.9022,11.5108,88.7164],"palmWidth":90.99,"pinchStrength":0.570421,"r":[[0.101231,0.453769,0.885351],[0.608127,-0.73253,0.30591],[0.787359,0.507438,-0.350104]],"s":1.54181,"sphereCenter":[-29.4108,233.779,-10.1199],"sphereRadius":52.9092,"stabilizedPalmPosition":[7.55612,233.526,-4.91128],"t":[13.5284,-18.6117,11.4259],"timeVisible":282.641,"type":"right","wrist":[4.2298,230.626,71.411]}],"id":1828545,"interactionBox":{"center":[0,200,0],"size":[235.247,235.247,147.751]},"pointables":[{"bases":[[[0.553747,0.829665,0.0708495],[-0.740218,0.451501,0.498221],[0.381368,-0.328333,0.86415]],[[0.494361,0.867708,-0.0518574],[-0.864559,0.48462,-0.132971],[-0.0902486,0.110569,0.989762]],[[0.494361,0.867708,-0.0518574],[-0.77576,0.413487,-0.476682],[-0.392178,0.275882,0.877545]],[[0.494361,0.867708,-0.0518574],[-0.379336,0.161674,-0.911024],[-0.78212,0.470046,0.409079]]],"btipPosition":[10.3738,198.468,-17.4329],"carpPosition":[-25.8072,224.394,71.468],"dipPosition":[-7.93066,209.469,-7.85902],"direction":[0.392178,-0.275882,-0.877545],"extended":false,"handId":506,"id":5060,"length":52.1164,"mcpPosition":[-25.8072,224.394,71.468],"pipPosition":[-21.3022,218.875,22.0614],"stabilizedTipPosition":[10.6927,198.053,-25.3747],"timeVisible":282.641,"tipPosition":[6.38626,200.913,-14.9338],"tipVelocity":[-34.2459,-1.26132,103.129],"tool":false,"touchDistance":0.370552,"touchZone":"hovering","type":0,"width":20.25},{"bases":[[[0.979999,-0.123118,-0.156345],[0.145767,0.978961,0.142784],[0.135476,-0.162718,0.977328]],[[0.988638,-0.149497,0.0156955],[0.113078,0.808438,0.577617],[-0.0990408,-0.569279,0.816157]],[[0.988638,-0.149497,0.0156955],[0.130336,0.904549,0.40596],[-0.0748871,-0.399302,0.913756]],[[0.988638,-0.149497,0.0156955],[0.141768,0.962017,0.233292],[-0.0499758,-0.228416,0.97228]]],"btipPosition":[-17.124,294.45,-78.8154],"carpPosition":[-14.0761,244.467,66.8481],"dipPosition":[-17.9779,290.547,-62.2035],"direction":[0.0748871,0.399302,-0.913756],"extended":true,"handId":506,"id":5061,"length":58.8075,"mcpPosition":[-24.043,256.438,-5.05355],"pipPosition":[-19.788,280.896,-40.1176],"stabilizedTipPosition":[-11.6941,290.952,-86.4848],"timeVisible":282.641,"tipPosition":[-17.1328,294.168,-74.6813],"tipVelocity":[-24.9799,-38.0033,59.9854],"tool":false,"touchDistance":0.398057,"touchZone":"hovering","type":1,"width":19.3428},{"bases":[[[0.949988,-0.309043,-0.0449018],[0.312288,0.940243,0.135718],[0.000275735,-0.142953,0.989729]],[[0.94996,-0.310171,-0.0370214],[0.0484811,0.263478,-0.963446],[0.308588,0.91344,0.265331]],[[0.94996,-0.310171,-0.0370214],[-0.297615,-0.862703,-0.408863],[0.0948791,0.399421,-0.911845]],[[0.94996,-0.310171,-0.0370214],[-0.298831,-0.936891,0.181483],[-0.0909757,-0.161338,-0.982697]]],"btipPosition":[-17.8522,202.349,27.1669],"carpPosition":[-1.97053,244.73,64.611],"dipPosition":[-19.5618,199.317,8.70007],"direction":[-0.0948791,-0.399421,0.911845],"extended":false,"handId":506,"id":5062,"length":67.0064,"mcpPosition":[-1.98977,254.704,-4.44046],"pipPosition":[-16.8638,210.675,-17.2295],"stabilizedTipPosition":[-6.785,187.707,-8.06989],"timeVisible":282.641,"tipPosition":[-18.3119,201.602,22.5965],"tipVelocity":[-39.0873,14.7008,104.81],"tool":false,"touchDistance":0.333333,"touchZone":"none","type":2,"width":18.9972},{"bases":[[[0.913411,-0.396706,0.0911321],[0.379212,0.910724,0.163645],[-0.147915,-0.114917,0.982301]],[[0.913732,-0.396454,0.0889888],[0.184484,0.20966,-0.960213],[0.362023,0.893794,0.264713]],[[0.913732,-0.396454,0.0889888],[-0.329338,-0.850908,-0.409259],[0.237974,0.344645,-0.908068]],[[0.913732,-0.396454,0.0889888],[-0.4061,-0.898247,0.168033],[0.0133167,-0.189675,-0.981757]]],"btipPosition":[-3.82697,203.176,33.5122],"carpPosition":[9.92382,241.916,63.3723],"dipPosition":[-3.57816,199.632,15.169],"direction":[-0.237974,-0.344645,0.908068],"extended":false,"handId":506,"id":5063,"length":64.4285,"mcpPosition":[19.1892,249.114,1.84096],"pipPosition":[3.01419,209.18,-9.98629],"stabilizedTipPosition":[7.42026,189.118,-1.8034],"timeVisible":282.641,"tipPosition":[-3.90053,202.414,29.1249],"tipVelocity":[-39.4914,15.2001,104.782],"tool":false,"touchDistance":0.333333,"touchZone":"none","type":3,"width":18.077},{"bases":[[[0.814855,-0.552328,0.17591],[0.502096,0.824181,0.261964],[-0.289672,-0.125139,0.94891]],[[0.823367,-0.548224,0.146686],[0.31707,0.230018,-0.920086],[0.470673,0.804078,0.363214]],[[0.823367,-0.548224,0.146686],[-0.417188,-0.759934,-0.498452],[0.384735,0.349214,-0.854417]],[[0.823367,-0.548224,0.146686],[-0.561171,-0.825027,0.066465],[0.0845819,-0.137041,-0.986948]]],"btipPosition":[11.4463,206.506,29.387],"carpPosition":[20.2751,232.149,63.5296],"dipPosition":[12.9042,204.144,12.3752],"direction":[-0.384735,-0.349214,0.854417],"extended":false,"handId":506,"id":5064,"length":50.5107,"mcpPosition":[37.0718,239.406,8.50682],"pipPosition":[20.4292,210.974,-4.33615],"stabilizedTipPosition":[23.1808,193.095,-4.21594],"timeVisible":282.641,"tipPosition":[11.8098,205.943,25.3073],"tipVelocity":[-39.8839,12.8069,103.599],"tool":false,"touchDistance":0.333333,"touchZone":"none","type":4,"width":16.0574}],"r":[[0.101231,0.453769,0.885351],[0.608127,-0.73253,0.30591],[0.787359,0.507438,-0.350104]],"s":1.54181,"t":[13.5284,-18.6117,11.4259],"timestamp":98097114565},false],[4,{"currentFrameRate":109.8,"devices":[],"gestures":[],"hands":[{"armBasis":[[0.966072,-0.0273166,-0.256825],[0.150794,0.866962,0.475015],[0.209682,-0.497626,0.841666]],"armWidth":63.72,"confidence":0.713426,"direction":[0.0560914,0.277033,-0.959222],"elbow":[60.5639,96.5566,299.333],"grabStrength":0,"id":506,"palmNormal":[-0.166002,-0.944775,-0.282568],"palmPosition":[-1.24331,243.129,19.0116],"palmVelocity":[-30.9341,10.8858,83.084],"palmWidth":90.99,"pinchStrength":0.568535,"r":[[0.10099,0.45629,0.884081],[0.607263,-0.732157,0.30851],[0.788057,0.505713,-0.351029]],"s":1.54165,"sphereCenter":[-29.595,233.802,-9.5236],"sphereRadius":52.9311,"stabilizedPalmPosition":[7.50408,233.583,-4.76978],"t":[13.3001,-18.5492,12.1036],"timeVisible":282.65,"type":"right","wrist":[3.9497,230.916,72.0837]}],"id":1828546,"interactionBox":{"center":[0,200,0],"size":[235.247,235.247,147.751]},"pointables":[{"bases":[[[0.555593,0.828638,0.0683799],[-0.739995,0.455305,0.49508],[0.379108,-0.325664,0.866152]],[[0.496654,0.866248,-0.0543052],[-0.863043,0.486237,-0.136862],[-0.0921511,0.114841,0.9891]],[[0.496654,0.866248,-0.0543052],[-0.773771,0.413552,-0.479848],[-0.393209,0.280338,0.875669]],[[0.496654,0.866248,-0.0543052],[-0.378898,0.160096,-0.911485],[-0.780878,0.473269,0.407732]]],"btipPosition":[10.1799,198.388,-16.6578],"carpPosition":[-26.1021,224.755,72.1146],"dipPosition":[-8.09542,209.464,-7.11538],"direction":[0.393209,-0.280338,-0.875669],"extended":false,"handId":506,"id":5060,"length":52.1164,"mcpPosition":[-26.1021,224.755,72.1146],"pipPosition":[-21.5021,219.023,22.7411],"stabilizedTipPosition":[10.6184,198.098,-25.2029],"timeVisible":282.65,"tipPosition":[6.18622,200.85,-14.161],"tipVelocity":[-30.5636,-2.82054,98.2763],"tool":false,"touchDistance":0.378349,"touchZone":"hovering","type":0,"width":20.25},{"bases":[[[0.97997,-0.126082,-0.154149],[0.147846,0.979194,0.138995],[0.133417,-0.159002,0.978222]],[[0.988261,-0.151738,0.0177736],[0.114156,0.810743,0.574164],[-0.101532,-0.565395,0.818547]],[[0.988261,-0.151738,0.0177736],[0.131973,0.906508,0.401032],[-0.0769637,-0.393978,0.915892]],[[0.988261,-0.151738,0.0177736],[0.14381,0.963215,0.227016],[-0.0515667,-0.221795,0.973729]]],"btipPosition":[-17.0275,294.082,-78.4762],"carpPosition":[-14.3154,244.781,67.4322],"dipPosition":[-17.9085,290.292,-61.8395],"direction":[0.0769637,0.393978,-0.915892],"extended":true,"handId":506,"id":5061,"length":58.8075,"mcpPosition":[-24.1308,256.479,-4.53525],"pipPosition":[-19.7688,280.769,-39.702],"stabilizedTipPosition":[-11.8744,291.025,-86.0993],"timeVisible":282.65,"tipPosition":[-17.0387,293.829,-74.3393],"tipVelocity":[-15.3727,-38.0257,54.0581],"tool":false,"touchDistance":0.396758,"touchZone":"hovering","type":1,"width":19.3428},{"bases":[[[0.949327,-0.311474,-0.0419918],[0.314287,0.940053,0.132377],[-0.00175729,-0.138866,0.99031]],[[0.949282,-0.31257,-0.034105],[0.0507594,0.259389,-0.964438],[0.3103,0.913793,0.2621]],[[0.949282,-0.31257,-0.034105],[-0.29896,-0.863669,-0.405831],[0.0973949,0.395444,-0.913312]],[[0.949282,-0.31257,-0.034105],[-0.301368,-0.935427,0.184809],[-0.0896685,-0.165158,-0.982182]]],"btipPosition":[-18.124,202.508,27.9181],"carpPosition":[-2.20549,245.006,65.2149],"dipPosition":[-19.8091,199.404,9.46092],"direction":[-0.097395,-0.395444,0.913312],"extended":false,"handId":506,"id":5062,"length":67.0064,"mcpPosition":[-2.08288,254.694,-3.87707],"pipPosition":[-17.0395,210.649,-16.5104],"stabilizedTipPosition":[-6.81349,187.742,-7.99279],"timeVisible":282.65,"tipPosition":[-18.5772,201.743,23.3515],"tipVelocity":[-36.4879,15.0044,99.0543],"tool":false,"touchDistance":0.333333,"touchZone":"none","type":2,"width":18.9972},{"bases":[[[0.912309,-0.398487,0.0943393],[0.381092,0.910492,0.16054],[-0.149868,-0.11051,0.982511]],[[0.912643,-0.398238,0.0921347],[0.186653,0.20549,-0.960695],[0.363653,0.893969,0.261871]],[[0.912643,-0.398238,0.0921347],[-0.330603,-0.851706,-0.406568],[0.240383,0.340591,-0.908963]],[[0.912643,-0.398238,0.0921347],[-0.408497,-0.896631,0.170829],[0.0145804,-0.193542,-0.980984]]],"btipPosition":[-4.10737,203.32,34.2723],"carpPosition":[9.68425,242.158,64.0083],"dipPosition":[-3.83495,199.704,15.9436],"direction":[-0.240383,-0.340591,0.908963],"extended":false,"handId":506,"id":5063,"length":64.4285,"mcpPosition":[19.072,249.081,2.46379],"pipPosition":[2.82413,209.139,-9.23651],"stabilizedTipPosition":[7.39771,189.145,-1.74074],"timeVisible":282.65,"tipPosition":[-4.1728,202.543,29.8957],"tipVelocity":[-37.0508,14.8964,99.3399],"tool":false,"touchDistance":0.333333,"touchZone":"none","type":3,"width":18.077},{"bases":[[[0.81324,-0.553524,0.179589],[0.503603,0.824064,0.259426],[-0.291591,-0.120534,0.948918]],[[0.82165,-0.549645,0.150939],[0.318989,0.223954,-0.920918],[0.472374,0.80482,0.359343]],[[0.82165,-0.549645,0.150939],[-0.418318,-0.761355,-0.495327],[0.387172,0.343845,-0.855493]],[[0.82165,-0.549645,0.150939],[-0.563402,-0.823309,0.0688499],[0.0864263,-0.14161,-0.986143]]],"btipPosition":[11.1549,206.615,30.2247],"carpPosition":[20.012,232.368,64.2236],"dipPosition":[12.6446,204.174,13.2267],"direction":[-0.387172,-0.343845,0.855493],"extended":false,"handId":506,"id":5064,"length":50.5107,"mcpPosition":[36.92,239.357,9.2004],"pipPosition":[20.2173,210.9,-3.50567],"stabilizedTipPosition":[23.1533,193.126,-4.1439],"timeVisible":282.65,"tipPosition":[11.5344,206.031,26.1335],"tipVelocity":[-37.6128,12.0798,100.843],"tool":false,"touchDistance":0.333333,"touchZone":"none","type":4,"width":16.0574}],"r":[[0.10099,0.45629,0.884081],[0.607263,-0.732157,0.30851],[0.788057,0.505713,-0.351029]],"s":1.54165,"t":[13.3001,-18.5492,12.1036],"timestamp":98097123553},false],[5,{"currentFrameRate":109.827,"devices":[],"gestures":[],"hands":[{"armBasis":[[0.965938,-0.0282675,-0.257225],[0.152306,0.865712,0.476808],[0.209204,-0.499744,0.840529]],"armWidth":63.72,"confidence":0.715136,"direction":[0.0578181,0.271686,-0.960648],"elbow":[60.1969,96.332,299.687],"grabStrength":0,"id":506,"palmNormal":[-0.168588,-0.94578,-0.277628],"palmPosition":[-1.39514,243.205,19.6018],"palmVelocity":[-27.0215,10.2116,78.1368],"palmWidth":90.99,"pinchStrength":0.567076,"r":[[0.100911,0.459196,0.882585],[0.60607,-0.731882,0.311493],[0.788984,0.503475,-0.35216]],"s":1.5415,"sphereCenter":[-29.8108,233.8,-8.91786],"sphereRadius":52.9562,"stabilizedPalmPosition":[7.4613,233.63,-4.65262],"t":[13.11,-18.4797,12.7376],"timeVisible":282.659,"type":"right","wrist":[3.71169,231.263,72.7439]}],"id":1828547,"interactionBox":{"center":[0,200,0],"size":[235.247,235.247,147.751]},"pointables":[{"bases":[[[0.558027,0.827317,0.0644379],[-0.739078,0.460195,0.491919],[0.377319,-0.322129,0.868253]],[[0.49945,0.864383,-0.0582452],[-0.861328,0.488212,-0.140582],[-0.0930806,0.120382,0.988354]],[[0.49945,0.864383,-0.0582452],[-0.771881,0.413458,-0.482962],[-0.393382,0.286174,0.873702]],[[0.49945,0.864383,-0.0582452],[-0.379355,0.157762,-0.911702],[-0.778871,0.477445,0.406701]]],"btipPosition":[9.92877,198.253,-15.8643],"carpPosition":[-26.3586,225.193,72.7796],"dipPosition":[-8.29961,209.427,-6.34605],"direction":[0.393382,-0.286174,-0.873702],"extended":false,"handId":506,"id":5060,"length":52.1164,"mcpPosition":[-26.3586,225.193,72.7796],"pipPosition":[-21.7122,219.184,23.4433],"stabilizedTipPosition":[10.5604,198.131,-25.0659],"timeVisible":282.659,"tipPosition":[5.93595,200.737,-13.3663],"tipVelocity":[-29.4517,-5.47858,95.1586],"tool":false,"touchDistance":0.385666,"touchZone":"hovering","type":0,"width":20.25},{"bases":[[[0.979728,-0.129862,-0.15254],[0.15067,0.97948,0.133855],[0.132028,-0.154125,0.979191]],[[0.987798,-0.154564,0.0191308],[0.116302,0.813752,0.569457],[-0.103585,-0.560283,0.821799]],[[0.987798,-0.154564,0.0191308],[0.134566,0.908859,0.394801],[-0.0784093,-0.387409,0.918567]],[[0.987798,-0.154564,0.0191308],[0.146673,0.96453,0.219473],[-0.0523749,-0.213989,0.975431]]],"btipPosition":[-16.9801,293.588,-78.2126],"carpPosition":[-14.5072,245.158,68.0004],"dipPosition":[-17.875,289.932,-61.5468],"direction":[0.0784093,0.387409,-0.918567],"extended":true,"handId":506,"id":5061,"length":58.8075,"mcpPosition":[-24.2204,256.497,-4.03823],"pipPosition":[-19.7701,280.568,-39.3447],"stabilizedTipPosition":[-12.0576,291.085,-85.6951],"timeVisible":282.659,"tipPosition":[-16.9858,293.369,-74.0717],"tipVelocity":[-9.78108,-41.6362,47.3717],"tool":false,"touchDistance":0.39447,"touchZone":"hovering","type":1,"width":19.3428},{"bases":[[[0.948421,-0.314553,-0.0394149],[0.316998,0.939803,0.127605],[-0.00309634,-0.133518,0.991042]],[[0.948367,-0.315606,-0.0315282],[0.05246,0.254114,-0.965751],[0.312808,0.914232,0.25755]],[[0.948367,-0.315606,-0.0315282],[-0.301175,-0.864888,-0.401575],[0.0994709,0.390336,-0.915283]],[[0.948367,-0.315606,-0.0315282],[-0.304369,-0.933526,0.189445],[-0.0892224,-0.170067,-0.981385]]],"btipPosition":[-18.408,202.679,28.706],"carpPosition":[-2.39458,245.334,65.7934],"dipPosition":[-20.0846,199.484,10.2638],"direction":[-0.0994709,-0.390336,0.915283],"extended":false,"handId":506,"id":5062,"length":67.0064,"mcpPosition":[-2.17855,254.65,-3.34959],"pipPosition":[-17.256,210.583,-15.7636],"stabilizedTipPosition":[-6.83791,187.771,-7.92662],"timeVisible":282.659,"tipPosition":[-18.8579,201.894,24.1489],"tipVelocity":[-35.0103,15.4498,95.826],"tool":false,"touchDistance":0.333333,"touchZone":"none","type":2,"width":18.9972},{"bases":[[[0.911015,-0.400718,0.0973481],[0.383688,0.910193,0.15599],[-0.151114,-0.104758,0.98295]],[[0.911369,-0.40047,0.0950262],[0.188299,0.200381,-0.961453],[0.365991,0.894132,0.258029]],[[0.911369,-0.40047,0.0950262],[-0.332643,-0.852628,-0.402956],[0.242394,0.335632,-0.910273]],[[0.911369,-0.40047,0.0950262],[-0.411315,-0.894582,0.174762],[0.0150217,-0.198359,-0.980014]]],"btipPosition":[-4.39442,203.466,35.0398],"carpPosition":[9.48763,242.445,64.6134],"dipPosition":[-4.11375,199.76,16.7292],"direction":[-0.242394,-0.335632,0.910273],"extended":false,"handId":506,"id":5063,"length":64.4285,"mcpPosition":[18.9534,249.007,3.04142],"pipPosition":[2.60104,209.057,-8.4872],"stabilizedTipPosition":[7.37817,189.167,-1.68646],"timeVisible":282.659,"tipPosition":[-4.45379,202.674,30.685],"tipVelocity":[-35.5131,14.6045,95.4334],"tool":false,"touchDistance":0.333333,"touchZone":"none","type":3,"width":18.077},{"bases":[[[0.811399,-0.554995,0.183338],[0.505845,0.823931,0.255457],[-0.292835,-0.114537,0.949278]],[[0.819746,-0.551344,0.155035],[0.32047,0.217213,-0.922018],[0.474674,0.805505,0.354749]],[[0.819746,-0.551344,0.155035],[-0.420252,-0.76296,-0.491202],[0.389106,0.337507,-0.857138]],[[0.819746,-0.551344,0.155035],[-0.566054,-0.821147,0.0727979],[0.0871696,-0.147434,-0.985223]]],"btipPosition":[10.8687,206.724,31.0503],"carpPosition":[19.7856,232.625,64.8913],"dipPosition":[12.3712,204.183,14.0682],"direction":[-0.389106,-0.337507,0.857138],"extended":false,"handId":506,"id":5064,"length":50.5107,"mcpPosition":[36.7658,239.266,9.84721],"pipPosition":[19.9817,210.784,-2.69641],"stabilizedTipPosition":[23.1301,193.151,-4.08308],"timeVisible":282.659,"tipPosition":[11.2552,206.113,26.957],"tipVelocity":[-35.8631,11.3583,98.2765],"tool":false,"touchDistance":0.333333,"touchZone":"none","type":4,"width":16.0574}],"r":[[0.100911,0.459196,0.882585],[0.60607,-0.731882,0.311493],[0.788984,0.503475,-0.35216]],"s":1.5415,"t":[13.11,-18.4797,12.7376],"timestamp":98097132611},false],[6,{"currentFrameRate":109.792,"devices":[],"gestures":[],"hands":[{"armBasis":[[0.966132,-0.0313127,-0.256142],[0.15459,0.865011,0.477345],[0.206619,-0.500775,0.840555]],"armWidth":63.72,"confidence":0.718737,"direction":[0.0565197,0.265788,-0.962373],"elbow":[59.4288,96.4023,300.394],"grabStrength":0,"id":506,"palmNormal":[-0.171291,-0.947041,-0.271613],"palmPosition":[-1.54399,243.247,20.2421],"palmVelocity":[-24.0125,8.62655,75.8179],"palmWidth":90.99,"pinchStrength":0.566534,"r":[[0.101411,0.462528,0.880786],[0.604905,-0.731554,0.314514],[0.789814,0.500896,-0.353973]],"s":1.54133,"sphereCenter":[-30.0801,233.718,-8.17564],"sphereRadius":52.9709,"stabilizedPalmPosition":[7.42673,233.666,-4.55706],"t":[12.9405,-18.4242,13.3747],"timeVisible":282.668,"type":"right","wrist":[3.64164,231.612,73.4446]}],"id":1828548,"interactionBox":{"center":[0,200,0],"size":[235.247,235.247,147.751]},"pointables":[{"bases":[[[0.560033,0.826412,0.0583665],[-0.737048,0.464824,0.490611],[0.378317,-0.317778,0.869422]],[[0.501466,0.8628,-0.0640947],[-0.86034,0.489469,-0.14225],[-0.0913612,0.126477,0.987753]],[[0.501466,0.8628,-0.0640947],[-0.771435,0.412364,-0.484608],[-0.391689,0.292459,0.87238]],[[0.501466,0.8628,-0.0640947],[-0.38224,0.154481,-0.911059],[-0.77616,0.481365,0.407264]]],"btipPosition":[9.63815,198.06,-15.0058],"carpPosition":[-26.4422,225.611,73.5763],"dipPosition":[-8.52679,209.326,-5.47431],"direction":[0.391689,-0.292459,-0.87238],"extended":false,"handId":506,"id":5060,"length":52.1164,"mcpPosition":[-26.4422,225.611,73.5763],"pipPosition":[-21.8817,219.298,24.27],"stabilizedTipPosition":[10.5137,198.154,-24.9538],"timeVisible":282.668,"tipPosition":[5.64051,200.569,-12.5055],"tipVelocity":[-29.6339,-9.16365,94.827],"tool":false,"touchDistance":0.393357,"touchZone":"hovering","type":0,"width":20.25},{"bases":[[[0.979124,-0.133013,-0.153699],[0.153163,0.979918,0.127676],[0.133629,-0.148552,0.979834]],[[0.987492,-0.156662,0.0177723],[0.119488,0.817142,0.563917],[-0.102867,-0.55474,0.825641]],[[0.987492,-0.156662,0.0177723],[0.1376,0.911346,0.387962],[-0.0769758,-0.380664,0.921504]],[[0.987492,-0.156662,0.0177723],[0.149423,0.965865,0.211607],[-0.0503165,-0.206305,0.977193]]],"btipPosition":[-17.2465,293.007,-77.8727],"carpPosition":[-14.555,245.52,68.6539],"dipPosition":[-18.1061,289.482,-61.1767],"direction":[0.0769758,0.380664,-0.921504],"extended":true,"handId":506,"id":5061,"length":58.8075,"mcpPosition":[-24.3861,256.449,-3.43211],"pipPosition":[-19.9667,280.282,-38.9036],"stabilizedTipPosition":[-12.2703,291.129,-85.2345],"timeVisible":282.668,"tipPosition":[-17.2371,292.819,-73.7298],"tipVelocity":[-14.9098,-46.7741,44.7112],"tool":false,"touchDistance":0.39356,"touchZone":"hovering","type":1,"width":19.3428},{"bases":[[[0.947623,-0.31695,-0.0394048],[0.319387,0.939824,0.121335],[-0.00142348,-0.127565,0.991829]],[[0.947582,-0.317953,-0.0315257],[0.0511275,0.248286,-0.967337],[0.315395,0.915019,0.251528]],[[0.947582,-0.317953,-0.0315257],[-0.30393,-0.866534,-0.39591],[0.0985628,0.384739,-0.917748]],[[0.947582,-0.317953,-0.0315257],[-0.306119,-0.931699,0.19552],[-0.0915388,-0.175621,-0.980193]]],"btipPosition":[-18.6319,202.81,29.6174],"carpPosition":[-2.44647,245.655,66.4219],"dipPosition":[-20.3521,199.51,11.1977],"direction":[-0.0985628,-0.384739,0.917748],"extended":false,"handId":506,"id":5062,"length":67.0064,"mcpPosition":[-2.34716,254.555,-2.77605],"pipPosition":[-17.5493,210.451,-14.8998],"stabilizedTipPosition":[-6.85836,187.795,-7.87074],"timeVisible":282.668,"tipPosition":[-19.0913,202.002,25.0719],"tipVelocity":[-32.3623,14.3961,96.9823],"tool":false,"touchDistance":0.333333,"touchZone":"none","type":2,"width":18.9972},{"bases":[[[0.910294,-0.402208,0.0979467],[0.386066,0.910233,0.149765],[-0.149391,-0.0985162,0.983858]],[[0.91066,-0.401964,0.0955175],[0.187368,0.19575,-0.962588],[0.368228,0.894487,0.253577]],[[0.91066,-0.401964,0.0955175],[-0.33496,-0.853643,-0.398868],[0.241868,0.331239,-0.91202]],[[0.91066,-0.401964,0.0955175],[-0.41295,-0.892853,0.179681],[0.013058,-0.203072,-0.979077]]],"btipPosition":[-4.61187,203.555,35.835],"carpPosition":[9.42676,242.731,65.2357],"dipPosition":[-4.36789,199.761,17.5419],"direction":[-0.241868,-0.331239,0.91202],"extended":false,"handId":506,"id":5063,"length":64.4285,"mcpPosition":[18.7846,248.902,3.60685],"pipPosition":[2.33234,208.937,-7.72285],"stabilizedTipPosition":[7.36158,189.186,-1.64015],"timeVisible":282.668,"tipPosition":[-4.67123,202.759,31.5247],"tipVelocity":[-32.4791,12.6369,93.1283],"tool":false,"touchDistance":0.333333,"touchZone":"none","type":3,"width":18.077},{"bases":[[[0.810499,-0.555738,0.185058],[0.508225,0.82429,0.249505],[-0.291201,-0.108173,0.950526]],[[0.818701,-0.552322,0.157066],[0.319285,0.210517,-0.92398],[0.477269,0.806612,0.348698]],[[0.818701,-0.552322,0.157066],[-0.42294,-0.765026,-0.48565],[0.388395,0.331173,-0.859927]],[[0.818701,-0.552322,0.157066],[-0.567869,-0.819339,0.0787945],[0.0851706,-0.153702,-0.98444]]],"btipPosition":[10.6479,206.813,31.8937],"carpPosition":[19.703,232.89,65.5521],"dipPosition":[12.1159,204.164,14.9251],"direction":[-0.388395,-0.331173,0.859927],"extended":false,"handId":506,"id":5064,"length":50.5107,"mcpPosition":[36.5883,239.162,10.4357],"pipPosition":[19.7125,210.641,-1.89401],"stabilizedTipPosition":[23.1109,193.171,-4.03239],"timeVisible":282.668,"tipPosition":[11.0295,206.175,27.8033],"tipVelocity":[-32.8188,10.1325,96.617],"tool":false,"touchDistance":0.333333,"touchZone":"none","type":4,"width":16.0574}],"r":[[0.101411,0.462528,0.880786],[0.604905,-0.731554,0.314514],[0.789814,0.500896,-0.353973]],"s":1.54133,"t":[12.9405,-18.4242,13.3747],"timest