{"sensorType":"Leap","data":[[0,{"currentFrameRate":108.69,"devices":[],"gestures":[],"hands":[{"armBasis":[[0.961733,-0.0647103,-0.266238],[0.188571,0.861286,0.471834],[0.198775,-0.503983,0.840529]],"armWidth":63.72,"confidence":0.663153,"direction":[0.0674034,0.316291,-0.946265],"elbow":[58.0285,95.5173,299.848],"grabStrength":0,"id":506,"palmNormal":[-0.202094,-0.924434,-0.323389],"palmPosition":[-0.321647,246.303,20.4216],"palmVelocity":[-14.2164,-4.20405,134.907],"palmWidth":90.99,"pinchStrength":0.477372,"r":[[0.127686,0.429589,0.893952],[0.577513,-0.764974,0.285121],[0.806334,0.479863,-0.34577]],"s":1.54405,"sphereCenter":[-27.9791,239.645,-8.5669],"sphereRadius":52.3049,"stabilizedPalmPosition":[5.19085,238.273,-4.3851],"t":[14.0714,-15.154,12.9542],"timeVisible":279.062,"type":"right","wrist":[4.35937,231.593,72.9046]}],"id":1828155,"interactionBox":{"center":[0,200,0],"size":[235.247,235.247,147.751]},"pointables":[{"bases":[[[0.587071,0.802833,0.103953],[-0.722245,0.46143,0.515214],[0.365664,-0.377547,0.850734]],[[0.530199,0.847722,-0.015975],[-0.842898,0.524957,-0.11808],[-0.0917128,0.0760712,0.992876]],[[0.530199,0.847722,-0.015975],[-0.746985,0.458115,-0.481814],[-0.401126,0.267391,0.876128]],[[0.530199,0.847722,-0.015975],[-0.555404,0.333013,-0.76199],[-0.640636,0.412879,0.647392]]],"btipPosition":[7.34038,204.023,-21.8893],"carpPosition":[-25.9075,226.6,72.696],"dipPosition":[-7.65281,213.686,-6.73803],"direction":[0.401126,-0.267391,-0.876128],"extended":false,"handId":506,"id":5060,"length":52.1164,"mcpPosition":[-25.9075,226.6,72.696],"pipPosition":[-21.3294,222.802,23.1341],"stabilizedTipPosition":[5.93587,203.249,-32.0956],"timeVisible":279.062,"tipPosition":[3.76791,206.397,-18.4763],"tipVelocity":[-13.6727,-3.96843,134.15],"tool":false,"touchDistance":0.400105,"touchZone":"hovering","type":0,"width":20.25},{"bases":[[[0.974491,-0.156902,-0.160467],[0.18538,0.965765,0.181475],[0.1265,-0.206593,0.970215]],[[0.979999,-0.195296,0.0382254],[0.13211,0.782125,0.608956],[-0.148823,-0.591726,0.792283]],[[0.979999,-0.195296,0.0382254],[0.157801,0.879667,0.448648],[-0.121245,-0.433643,0.892891]],[[0.979999,-0.195296,0.0382254],[0.176508,0.941753,0.286264],[-0.0919049,-0.273791,0.957388]]],"btipPosition":[-11.7664,302.122,-74.4749],"carpPosition":[-13.3545,246.342,68.8809],"dipPosition":[-13.3367,297.444,-58.1173],"direction":[0.121245,0.433643,-0.892891],"extended":true,"handId":506,"id":5061,"length":58.8075,"mcpPosition":[-22.661,261.541,-2.49742],"pipPosition":[-16.2672,286.963,-36.5358],"stabilizedTipPosition":[-7.69154,296.823,-88.0938],"timeVisible":279.062,"tipPosition":[-11.9699,301.708,-70.3337],"tipVelocity":[-18.6563,-17.8313,127.261],"tool":false,"touchDistance":0.43874,"touchZone":"hovering","type":1,"width":19.3428},{"bases":[[[0.936645,-0.345696,-0.0564826],[0.350193,0.920565,0.17299],[-0.00780611,-0.18181,0.983303]],[[0.936271,-0.349463,-0.0356767],[0.0723519,0.291228,-0.953914],[0.343748,0.89054,0.297952]],[[0.936271,-0.349463,-0.0356767],[-0.332849,-0.850094,-0.408107],[0.11229,0.393974,-0.912237]],[[0.936271,-0.349463,-0.0356767],[-0.336388,-0.921201,0.195529],[-0.101196,-0.171067,-0.980049]]],"btipPosition":[-18.5589,207.968,28.057],"carpPosition":[-1.2433,246.196,66.6637],"dipPosition":[-20.4606,204.753,9.63992],"direction":[-0.11229,-0.393974,0.912237],"extended":false,"handId":506,"id":5062,"length":67.0064,"mcpPosition":[-0.698685,258.881,-1.93939],"pipPosition":[-17.2675,215.956,-16.3008],"stabilizedTipPosition":[-11.9023,195.221,-5.97042],"timeVisible":279.062,"tipPosition":[-19.0572,207.096,23.3334],"tipVelocity":[-13.575,-3.25629,138.653],"tool":false,"touchDistance":0.333333,"touchZone":"none","type":2,"width":18.9972},{"bases":[[[0.896205,-0.437089,0.0759553],[0.41579,0.887249,0.19977],[-0.154708,-0.147453,0.976894]],[[0.898487,-0.434761,0.0608662],[0.182515,0.243843,-0.952485],[0.399261,0.866905,0.298441]],[[0.898487,-0.434761,0.0608662],[-0.374976,-0.832136,-0.408585],[0.228286,0.344285,-0.910689]],[[0.898487,-0.434761,0.0608662],[-0.438195,-0.879781,0.18431],[-0.026582,-0.192272,-0.980982]]],"btipPosition":[-3.44652,207.507,34.3519],"carpPosition":[10.5287,242.948,65.3222],"dipPosition":[-3.94318,203.914,16.0233],"direction":[-0.228286,-0.344285,0.910689],"extended":false,"handId":506,"id":5063,"length":64.4285,"mcpPosition":[20.2196,252.185,4.12957],"pipPosition":[2.38079,213.452,-9.20463],"stabilizedTipPosition":[3.81031,194.367,-0.635897],"timeVisible":279.062,"tipPosition":[-3.6548,206.605,29.7417],"tipVelocity":[-13.5823,-4.08544,136.703],"tool":false,"touchDistance":0.333333,"touchZone":"none","type":3,"width":18.077},{"bases":[[[0.791174,-0.591768,0.154451],[0.534808,0.791929,0.294668],[-0.296689,-0.150532,0.943035]],[[0.777404,-0.597799,0.195652],[0.384905,0.206103,-0.89965],[0.497485,0.774698,0.390321]],[[0.777404,-0.597799,0.195652],[-0.448388,-0.744829,-0.494144],[0.441126,0.296421,-0.847079]],[[0.777404,-0.597799,0.195652],[-0.62001,-0.780685,0.0782249],[0.10598,-0.182118,-0.977549]]],"btipPosition":[9.62955,211.445,30.0339],"carpPosition":[20.4713,232.767,65.0998],"dipPosition":[11.4563,208.305,13.1841],"direction":[-0.441126,-0.296421,0.847079],"extended":false,"handId":506,"id":5064,"length":50.5107,"mcpPosition":[37.6749,241.496,10.4177],"pipPosition":[20.0842,214.103,-3.38376],"stabilizedTipPosition":[17.892,198.196,-4.71664],"timeVisible":279.062,"tipPosition":[10.2487,210.508,25.9918],"tipVelocity":[-13.7041,-4.52884,135.938],"tool":false,"touchDistance":0.333333,"touchZone":"none","type":4,"width":16.0574}],"r":[[0.127686,0.429589,0.893952],[0.577513,-0.764974,0.285121],[0.806334,0.479863,-0.34577]],"s":1.54405,"t":[14.0714,-15.154,12.9542],"timestamp":98093535463},false],[1,{"currentFrameRate":108.838,"devices":[],"gestures":[],"hands":[{"armBasis":[[0.960832,-0.0694805,-0.268279],[0.193354,0.861581,0.469353],[0.198533,-0.502843,0.841269]],"armWidth":63.72,"confidence":0.666974,"direction":[0.0656478,0.313988,-0.947155],"elbow":[58.1441,95.8194,300.933],"grabStrength":0,"id":506,"palmNormal":[-0.206652,-0.924345,-0.320749],"palmPosition":[-0.249137,246.202,21.2908],"palmVelocity":[-8.12608,-6.14962,124.685],"palmWidth":90.99,"pinchStrength":0.476317,"r":[[0.128242,0.429511,0.893909],[0.577287,-0.765238,0.284868],[0.806408,0.47951,-0.346087]],"s":1.544,"sphereCenter":[-28.0271,239.565,-7.59442],"sphereRadius":52.305,"stabilizedPalmPosition":[5.18154,238.287,-4.34119],"t":[14.0686,-15.2838,14.0074],"timeVisible":279.071,"type":"right","wrist":[4.54002,231.587,73.7907]}],"id":1828156,"interactionBox":{"center":[0,200,0],"size":[235.247,235.247,147.751]},"pointables":[{"bases":[[[0.59047,0.800794,0.100374],[-0.71885,0.465312,0.516469],[0.36688,-0.377113,0.850403]],[[0.533394,0.845643,-0.0194741],[-0.841245,0.527935,-0.116579],[-0.0883029,0.0785648,0.992991]],[[0.533394,0.845643,-0.0194741],[-0.74671,0.459926,-0.480512],[-0.397385,0.270843,0.876772]],[[0.533394,0.845643,-0.0194741],[-0.556625,0.333573,-0.760853],[-0.636914,0.416674,0.648632]]],"btipPosition":[7.11671,203.802,-20.9545],"carpPosition":[-25.7463,226.71,73.6876],"dipPosition":[-7.78938,213.553,-5.77415],"direction":[0.397385,-0.270843,-0.876772],"extended":false,"handId":506,"id":5060,"length":52.1164,"mcpPosition":[-25.7463,226.71,73.6876],"pipPosition":[-21.3384,222.788,24.1199],"stabilizedTipPosition":[5.92297,203.265,-32.0116],"timeVisible":279.071,"tipPosition":[3.56562,206.195,-17.5336],"tipVelocity":[-16.1666,-9.01257,126.345],"tool":false,"touchDistance":0.407551,"touchZone":"hovering","type":0,"width":20.25},{"bases":[[[0.973373,-0.160991,-0.163174],[0.189652,0.965434,0.178799],[0.128749,-0.204984,0.97026]],[[0.979379,-0.198927,0.0352922],[0.13725,0.783291,0.606315],[-0.148257,-0.588968,0.794441]],[[0.979379,-0.198927,0.0352922],[0.162842,0.880649,0.444904],[-0.119583,-0.429982,0.894883]],[[0.979379,-0.198927,0.0352922],[0.181248,0.942282,0.281519],[-0.0892571,-0.269318,0.958906]]],"btipPosition":[-11.8168,301.773,-73.7355],"carpPosition":[-13.1296,246.395,69.7904],"dipPosition":[-13.3418,297.172,-57.352],"direction":[0.119583,0.429982,-0.894883],"extended":true,"handId":506,"id":5061,"length":58.8075,"mcpPosition":[-22.6017,261.476,-1.59123],"pipPosition":[-16.2322,286.779,-35.7223],"stabilizedTipPosition":[-7.71776,296.845,-87.9876],"timeVisible":279.071,"tipPosition":[-11.9995,301.377,-69.5906],"tipVelocity":[-14.7925,-23.0751,115.34],"tool":false,"touchDistance":0.43938,"touchZone":"hovering","type":1,"width":19.3428},{"bases":[[[0.93513,-0.349414,-0.0586625],[0.354263,0.919583,0.169897],[-0.00541917,-0.179657,0.983714]],[[0.934809,-0.353116,-0.0379547],[0.0701109,0.288252,-0.954984],[0.348161,0.890067,0.294218]],[[0.934809,-0.353116,-0.0379547],[-0.337482,-0.84993,-0.40463],[0.110622,0.391061,-0.913693]],[[0.934809,-0.353116,-0.0379547],[-0.339235,-0.919438,0.198879],[-0.105124,-0.173039,-0.979289]]],"btipPosition":[-18.5998,207.962,29.1073],"carpPosition":[-1.02615,246.198,67.5356],"dipPosition":[-20.5753,204.711,10.7045],"direction":[-0.110622,-0.391061,0.913693],"extended":false,"handId":506,"id":5062,"length":67.0064,"mcpPosition":[-0.648061,258.733,-1.09614],"pipPosition":[-17.4295,215.831,-15.2776],"stabilizedTipPosition":[-11.907,195.229,-5.94991],"timeVisible":279.071,"tipPosition":[-19.1184,207.082,24.3858],"tipVelocity":[-11.6404,-2.79467,133.045],"tool":false,"touchDistance":0.333333,"touchZone":"none","type":2,"width":18.9972},{"bases":[[[0.894756,-0.440365,0.0740991],[0.419815,0.886074,0.196543],[-0.152208,-0.14475,0.977691]],[[0.897031,-0.438042,0.0587688],[0.180057,0.240769,-0.953735],[0.403626,0.866112,0.29485]],[[0.897031,-0.438042,0.0587688],[-0.379573,-0.831669,-0.405279],[0.226405,0.341241,-0.912302]],[[0.897031,-0.438042,0.0587688],[-0.440903,-0.877705,0.187717],[-0.0306463,-0.1943,-0.980463]]],"btipPosition":[-3.4698,207.449,35.3396],"carpPosition":[10.729,242.902,66.1644],"dipPosition":[-4.0424,203.819,17.0207],"direction":[-0.226405,-0.341241,0.912302],"extended":false,"handId":506,"id":5063,"length":64.4285,"mcpPosition":[20.2633,251.969,4.92186],"pipPosition":[2.22949,213.272,-8.25193],"stabilizedTipPosition":[3.80593,194.375,-0.617108],"timeVisible":279.071,"tipPosition":[-3.69798,206.539,30.7315],"tipVelocity":[-11.1246,-5.00006,129.681],"tool":false,"touchDistance":0.333333,"touchZone":"none","type":3,"width":18.077},{"bases":[[[0.789378,-0.594469,0.153258],[0.538764,0.790501,0.291275],[-0.294305,-0.147356,0.944283]],[[0.775928,-0.60028,0.193905],[0.38191,0.202367,-0.901772],[0.502075,0.773765,0.386275]],[[0.775928,-0.60028,0.193905],[-0.453281,-0.744332,-0.490413],[0.438715,0.292632,-0.849644]],[[0.775928,-0.60028,0.193905],[-0.622613,-0.778179,0.0823997],[0.10143,-0.184664,-0.977554]]],"btipPosition":[9.61505,211.327,30.9881],"carpPosition":[20.6318,232.683,65.933],"dipPosition":[11.3634,208.144,14.1382],"direction":[-0.438715,-0.292632,0.849644],"extended":false,"handId":506,"id":5064,"length":50.5107,"mcpPosition":[37.6971,241.227,11.1785],"pipPosition":[19.9441,213.867,-2.47987],"stabilizedTipPosition":[17.8869,198.204,-4.69623],"timeVisible":279.071,"tipPosition":[10.2039,210.386,26.9351],"tipVelocity":[-10.9624,-7.19919,128.031],"tool":false,"touchDistance":0.333333,"touchZone":"none","type":4,"width":16.0574}],"r":[[0.128242,0.429511,0.893909],[0.577287,-0.765238,0.284868],[0.806408,0.47951,-0.346087]],"s":1.544,"t":[14.0686,-15.2838,14.0074],"timestamp":98093544386},false],[2,{"currentFrameRate":108.933,"devices":[],"gestures":[],"hands":[{"armBasis":[[0.960916,-0.0715624,-0.26743],[0.194276,0.86251,0.467261],[0.197223,-0.500954,0.842703]],"armWidth":63.72,"confidence":0.66857,"direction":[0.0640643,0.31401,-0.947256],"elbow":[58.0168,96.2145,302.103],"grabStrength":0,"id":506,"palmNormal":[-0.20713,-0.924351,-0.320425],"palmPosition":[-0.110072,246.088,22.0817],"palmVelocity":[-1.6508,-7.93502,114.548],"palmWidth":90.99,"pinchStrength":0.475085,"r":[[0.128977,0.429447,0.893835],[0.577209,-0.765445,0.284472],[0.806347,0.479239,-0.346605]],"s":1.54401,"sphereCenter":[-27.9372,239.446,-6.75385],"sphereRadius":52.3083,"stabilizedPalmPosition":[5.17532,238.296,-4.31013],"t":[14.1368,-15.4057,14.9294],"timeVisible":279.08,"type":"right","wrist":[4.76669,231.472,74.5734]}],"id":1828157,"interactionBox":{"center":[0,200,0],"size":[235.247,235.247,147.751]},"pointables":[{"bases":[[[0.590589,0.800825,0.0994136],[-0.718021,0.465261,0.517665],[0.368306,-0.377109,0.849788]],[[0.533306,0.845678,-0.0203531],[-0.841475,0.527884,-0.115148],[-0.0866344,0.0785359,0.99314]],[[0.533306,0.845678,-0.0203531],[-0.747529,0.459875,-0.479286],[-0.395962,0.27082,0.877423]],[[0.533306,0.845678,-0.0203531],[-0.558162,0.333708,-0.759667],[-0.635642,0.416495,0.649994]]],"btipPosition":[7.18193,203.692,-20.1833],"carpPosition":[-25.5195,226.593,74.5203],"dipPosition":[-7.69438,213.439,-4.97115],"direction":[0.395962,-0.27082,-0.877423],"extended":false,"handId":506,"id":5060,"length":52.1164,"mcpPosition":[-25.5195,226.593,74.5203],"pipPosition":[-21.1949,222.673,24.9451],"stabilizedTipPosition":[5.91433,203.276,-31.9504],"timeVisible":279.08,"tipPosition":[3.64111,206.082,-16.752],"tipVelocity":[-9.52548,-9.91969,115.37],"tool":false,"touchDistance":0.411806,"touchZone":"hovering","type":0,"width":20.25},{"bases":[[[0.973112,-0.160933,-0.164786],[0.189892,0.965442,0.178504],[0.130364,-0.204996,0.970042]],[[0.979455,-0.198853,0.0335542],[0.13828,0.783358,0.605994],[-0.146788,-0.588903,0.794762]],[[0.979455,-0.198853,0.0335542],[0.163614,0.880845,0.444233],[-0.117893,-0.429616,0.895283]],[[0.979455,-0.198853,0.0335542],[0.181739,0.942491,0.280504],[-0.0874034,-0.268643,0.959266]]],"btipPosition":[-11.852,301.636,-72.9369],"carpPosition":[-12.9104,246.28,70.6026],"dipPosition":[-13.3454,297.046,-56.5472],"direction":[0.117893,0.429616,-0.895283],"extended":true,"handId":506,"id":5061,"length":58.8075,"mcpPosition":[-22.5013,261.361,-0.76301],"pipPosition":[-16.1949,286.662,-34.9079],"stabilizedTipPosition":[-7.73718,296.862,-87.906],"timeVisible":279.08,"tipPosition":[-12.0261,301.234,-68.7957],"tipVelocity":[-11.579,-20.8598,108.048],"tool":false,"touchDistance":0.440776,"touchZone":"hovering","type":1,"width":19.3428},{"bases":[[[0.935052,-0.34936,-0.0602149],[0.354491,0.9196,0.169329],[-0.00378294,-0.179677,0.983718]],[[0.934768,-0.353045,-0.039607],[0.0681743,0.287679,-0.955297],[0.348657,0.890281,0.292982]],[[0.934768,-0.353045,-0.039607],[-0.338191,-0.850168,-0.403537],[0.108794,0.390608,-0.914106]],[[0.934768,-0.353045,-0.039607],[-0.338788,-0.919424,0.199703],[-0.10692,-0.173258,-0.979056]]],"btipPosition":[-18.4366,207.856,29.9662],"carpPosition":[-0.810638,246.083,68.3278],"dipPosition":[-20.4458,204.6,11.5678],"direction":[-0.108794,-0.390608,0.914106],"extended":false,"handId":506,"id":5062,"length":67.0064,"mcpPosition":[-0.54671,258.619,-0.304261],"pipPosition":[-17.3521,215.707,-14.4261],"stabilizedTipPosition":[-11.9102,195.234,-5.93549],"timeVisible":279.08,"tipPosition":[-18.965,206.976,25.245],"tipVelocity":[-3.70049,-5.31406,122.712],"tool":false,"touchDistance":0.333333,"touchZone":"none","type":2,"width":18.9972},{"bases":[[[0.894902,-0.440315,0.0726115],[0.420089,0.886094,0.195866],[-0.150583,-0.144778,0.977939]],[[0.897164,-0.437979,0.0571895],[0.178369,0.2408,-0.954044],[0.40408,0.866135,0.294159]],[[0.897164,-0.437979,0.0571895],[-0.380216,-0.83168,-0.404652],[0.224793,0.341295,-0.912681]],[[0.897164,-0.437979,0.0571895],[-0.440512,-0.877751,0.188421],[-0.0323262,-0.194237,-0.980422]]],"btipPosition":[-3.30235,207.333,36.1374],"carpPosition":[10.9425,242.788,66.9371],"dipPosition":[-3.90633,203.704,17.8192],"direction":[-0.224793,-0.341295,0.912681],"extended":false,"handId":506,"id":5063,"length":64.4285,"mcpPosition":[20.375,251.857,5.67904],"pipPosition":[2.32087,213.158,-7.46385],"stabilizedTipPosition":[3.80298,194.38,-0.603884],"timeVisible":279.08,"tipPosition":[-3.53856,206.425,31.5323],"tipVelocity":[-3.17959,-7.16176,118.384],"tool":false,"touchDistance":0.333333,"touchZone":"none","type":3,"width":18.077},{"bases":[[[0.789664,-0.594428,0.151942],[0.5392,0.790526,0.2904],[-0.292735,-0.147391,0.944765]],[[0.776545,-0.600141,0.191856],[0.379291,0.202125,-0.902931],[0.503107,0.773935,0.384587]],[[0.776545,-0.600141,0.191856],[-0.454569,-0.744498,-0.488968],[0.436286,0.292494,-0.850942]],[[0.776545,-0.600141,0.191856],[-0.622242,-0.778314,0.08392],[0.0989603,-0.184549,-0.977829]]],"btipPosition":[9.79123,211.21,31.806],"carpPosition":[20.8454,232.569,66.6891],"dipPosition":[11.497,208.029,14.9514],"direction":[-0.436286,-0.292494,0.850942],"extended":false,"handId":506,"id":5064,"length":50.5107,"mcpPosition":[37.8197,241.115,11.9067],"pipPosition":[20.0302,213.75,-1.69204],"stabilizedTipPosition":[17.8835,198.21,-4.6818],"timeVisible":279.08,"tipPosition":[10.3584,210.277,27.7402],"tipVelocity":[-2.87433,-8.77282,117.764],"tool":false,"touchDistance":0.333333,"touchZone":"none","type":4,"width":16.0574}],"r":[[0.128977,0.429447,0.893835],[0.577209,-0.765445,0.284472],[0.806347,0.479239,-0.346605]],"s":1.54401,"t":[14.1368,-15.4057,14.9294],"timestamp":98093553395},false],[3,{"currentFrameRate":109.002,"devices":[],"gestures":[],"hands":[{"armBasis":[[0.961124,-0.072554,-0.266414],[0.19426,0.863359,0.465697],[0.196223,-0.499346,0.84389]],"armWidth":63.72,"confidence":0.673571,"direction":[0.0631405,0.31389,-0.947357],"elbow":[57.906,96.6021,303.156],"grabStrength":0,"id":506,"palmNormal":[-0.206826,-0.924528,-0.320111],"palmPosition":[-0.000419417,246.029,22.815],"palmVelocity":[2.14718,-7.5259,105.296],"palmWidth":90.99,"pinchStrength":0.474519,"r":[[0.129653,0.42944,0.89374],[0.577282,-0.765531,0.284091],[0.806186,0.479107,-0.347161]],"s":1.54403,"sphereCenter":[-27.8545,239.363,-5.99703],"sphereRadius":52.3128,"stabilizedPalmPosition":[5.17116,238.302,-4.2883],"t":[14.2257,-15.4958,15.7571],"timeVisible":279.089,"type":"right","wrist":[4.92586,231.425,75.3053]}],"id":1828158,"interactionBox":{"center":[0,200,0],"size":[235.247,235.247,147.751]},"pointables":[{"bases":[[[0.590188,0.801195,0.0988217],[-0.717897,0.464918,0.518146],[0.369192,-0.376747,0.849564]],[[0.532775,0.845998,-0.0209258],[-0.84189,0.527354,-0.114542],[-0.0858667,0.078642,0.993198]],[[0.532775,0.845998,-0.0209258],[-0.748179,0.459329,-0.478795],[-0.395448,0.270746,0.877678]],[[0.532775,0.845998,-0.0209258],[-0.559098,0.333319,-0.759149],[-0.635264,0.416155,0.65058]]],"btipPosition":[7.27931,203.632,-19.4524],"carpPosition":[-25.3574,226.528,75.2765],"dipPosition":[-7.58816,213.372,-4.2265],"direction":[0.395448,-0.270746,-0.877678],"extended":false,"handId":506,"id":5060,"length":52.1164,"mcpPosition":[-25.3574,226.528,75.2765],"pipPosition":[-21.0712,222.603,25.6984],"stabilizedTipPosition":[5.9087,203.283,-31.9065],"timeVisible":279.089,"tipPosition":[3.74323,206.018,-16.016],"tipVelocity":[-3.8669,-9.05706,105.916],"tool":false,"touchDistance":0.41497,"touchZone":"hovering","type":0,"width":20.25},{"bases":[[[0.973079,-0.160379,-0.165516],[0.189454,0.965584,0.178196],[0.131241,-0.204756,0.969975]],[[0.979609,-0.198236,0.0326766],[0.138367,0.783594,0.605668],[-0.145671,-0.588797,0.795046]],[[0.979609,-0.198236,0.0326766],[0.163532,0.881222,0.443515],[-0.116716,-0.429128,0.895671]],[[0.979609,-0.198236,0.0326766],[0.181482,0.942871,0.279388],[-0.0861946,-0.267761,0.959622]]],"btipPosition":[-11.8664,301.529,-72.2164],"carpPosition":[-12.7632,246.222,71.3458],"dipPosition":[-13.339,296.954,-55.8207],"direction":[0.116716,0.429128,-0.895671],"extended":true,"handId":506,"id":5061,"length":58.8075,"mcpPosition":[-22.4185,261.285,-0.0148634],"pipPosition":[-16.1601,286.582,-34.1719],"stabilizedTipPosition":[-7.75133,296.873,-87.8443],"timeVisible":279.089,"tipPosition":[-12.0339,301.123,-68.0786],"tipVelocity":[-8.67661,-18.261,100.242],"tool":false,"touchDistance":0.440859,"touchZone":"hovering","type":1,"width":19.3428},{"bases":[[[0.935213,-0.348811,-0.0608836],[0.354073,0.91984,0.1689],[-0.00291117,-0.179515,0.983751]],[[0.934949,-0.352482,-0.0403353],[0.0671616,0.287476,-0.95543],[0.348367,0.890569,0.292449]],[[0.934949,-0.352482,-0.0403353],[-0.338017,-0.850457,-0.403072],[0.107772,0.390486,-0.914279]],[[0.934949,-0.352482,-0.0403353],[-0.338063,-0.919602,0.200116],[-0.10763,-0.173462,-0.978942]]],"btipPosition":[-18.2955,207.787,30.7262],"carpPosition":[-0.665048,246.032,69.0616],"dipPosition":[-20.318,204.527,12.3299],"direction":[-0.107772,-0.390486,0.914279],"extended":false,"handId":506,"id":5062,"length":67.0064,"mcpPosition":[-0.461942,258.557,0.427279],"pipPosition":[-17.2534,215.631,-13.6689],"stabilizedTipPosition":[-11.9123,195.238,-5.92544],"timeVisible":279.089,"tipPosition":[-18.8273,206.908,26.009],"tipVelocity":[1.52831,-5.97745,112.038],"tool":false,"touchDistance":0.333333,"touchZone":"none","type":2,"width":18.9972},{"bases":[[[0.895221,-0.439768,0.0719891],[0.419711,0.886377,0.195393],[-0.149737,-0.144705,0.978079]],[[0.897478,-0.437425,0.0565113],[0.177422,0.240744,-0.954235],[0.403801,0.866431,0.293671]],[[0.897478,-0.437425,0.0565113],[-0.380047,-0.831974,-0.404208],[0.223826,0.34129,-0.91292]],[[0.897478,-0.437425,0.0565113],[-0.439823,-0.877993,0.188903],[-0.0330144,-0.194391,-0.980368]]],"btipPosition":[-3.15682,207.274,36.8812],"carpPosition":[11.0889,242.744,67.6623],"dipPosition":[-3.77367,203.642,18.564],"direction":[-0.223826,-0.34129,0.91292],"extended":false,"handId":506,"id":5063,"length":64.4285,"mcpPosition":[20.4684,251.808,6.39544],"pipPosition":[2.42677,213.096,-6.72567],"stabilizedTipPosition":[3.80101,194.383,-0.594642],"timeVisible":279.089,"tipPosition":[-3.39619,206.366,32.2785],"tipVelocity":[2.04356,-7.00662,108.402],"tool":false,"touchDistance":0.333333,"touchZone":"none","type":3,"width":18.077},{"bases":[[[0.790137,-0.59393,0.151427],[0.538953,0.790897,0.289849],[-0.291913,-0.147409,0.945017]],[[0.777286,-0.599557,0.190678],[0.377717,0.202331,-0.903544],[0.503147,0.774334,0.383732]],[[0.777286,-0.599557,0.190678],[-0.454764,-0.744849,-0.488252],[0.434761,0.292798,-0.851618]],[[0.777286,-0.599557,0.190678],[-0.621515,-0.778808,0.0847221],[0.0977054,-0.184362,-0.97799]]],"btipPosition":[9.946,211.149,32.5569],"carpPosition":[20.9978,232.531,67.4083],"dipPosition":[11.6301,207.971,15.6994],"direction":[-0.434761,-0.292798,0.851618],"extended":false,"handId":506,"id":5064,"length":50.5107,"mcpPosition":[37.9244,241.078,12.6113],"pipPosition":[20.1335,213.698,-0.957173],"stabilizedTipPosition":[17.8812,198.214,-4.67168],"timeVisible":279.089,"tipPosition":[10.4986,210.225,28.4872],"tipVelocity":[2.48499,-8.17988,108.142],"tool":false,"touchDistance":0.333333,"touchZone":"none","type":4,"width":16.0574}],"r":[[0.129653,0.42944,0.89374],[0.577282,-0.765531,0.284091],[0.806186,0.479107,-0.347161]],"s":1.54403,"t":[14.2257,-15.4958,15.7571],"timestamp":98093562446},false],[4,{"currentFrameRate":110.234,"devices":[],"gestures":[],"hands":[{"armBasis":[[0.966995,-0.0744824,-0.243664],[0.185726,0.860739,0.473956],[0.17443,-0.503568,0.846164]],"armWidth":63.72,"confidence":0.726104,"direction":[0.0765845,0.262048,-0.962011],"elbow":[55.7952,104.611,307.389],"grabStrength":0,"id":506,"palmNormal":[-0.20718,-0.939603,-0.272438],"palmPosition":[4.50516,252.344,25.6641],"palmVelocity":[0.803755,83.0723,-99.0125],"palmWidth":90.99,"pinchStrength":0.507938,"r":[[0.128454,0.468309,0.874177],[0.570288,-0.756036,0.321219],[0.811339,0.457271,-0.364187]],"s":1.52789,"sphereCenter":[-24.9741,244.108,-3.69214],"sphereRadius":52.9064,"stabilizedPalmPosition":[4.92686,241.87,7.70152],"t":[18.7874,-10.1606,20.6676],"timeVisible":279.415,"type":"right","wrist":[8.69909,240.574,78.9243]}],"id":1828194,"interactionBox":{"center":[0,200,0],"size":[235.247,235.247,147.751]},"pointables":[{"bases":[[[0.59271,0.802943,0.0630654],[-0.722151,0.49513,0.483058],[0.356642,-0.331856,0.873314]],[[0.53866,0.840636,-0.0563716],[-0.836294,0.525358,-0.15688],[-0.102264,0.131648,0.986008]],[[0.53866,0.840636,-0.0563716],[-0.743042,0.442453,-0.50212],[-0.397158,0.312358,0.862959]],[[0.53866,0.840636,-0.0563716],[-0.564745,0.310604,-0.764584],[-0.625227,0.443686,0.642055]]],"btipPosition":[11.6742,208.201,-14.8983],"carpPosition":[-21.6045,235.807,78.7703],"dipPosition":[-2.95835,218.585,0.128074],"direction":[0.397158,-0.312358,-0.862959],"extended":false,"handId":506,"id":5060,"length":52.1164,"mcpPosition":[-21.6045,235.807,78.7703],"pipPosition":[-16.4997,229.235,29.5512],"stabilizedTipPosition":[6.49697,204.609,-24.0064],"timeVisible":279.415,"tipPosition":[8.29095,210.552,-11.3604],"tipVelocity":[15.7793,73.2093,-84.2362],"tool":false,"touchDistance":0.284357,"touchZone":"hovering","type":0,"width":20.25},{"bases":[[[0.974314,-0.17305,-0.144106],[0.191796,0.973012,0.128304],[0.118014,-0.152647,0.981209]],[[0.978757,-0.199282,0.0481833],[0.139254,0.818648,0.557157],[-0.150476,-0.538612,0.829008]],[[0.978757,-0.199282,0.0481833],[0.166266,0.909009,0.382176],[-0.11996,-0.366046,0.922833]],[[0.978757,-0.199282,0.0481833],[0.185346,0.960502,0.207565],[-0.087644,-0.194225,0.977034]]],"btipPosition":[-6.68829,301.744,-72.8559],"carpPosition":[-8.86778,255.207,73.9459],"dipPosition":[-8.18574,298.425,-56.1627],"direction":[0.11996,0.366046,-0.922833],"extended":true,"handId":506,"id":5061,"length":58.8075,"mcpPosition":[-17.55,266.438,1.75873],"pipPosition":[-11.0852,289.578,-33.8574],"stabilizedTipPosition":[-7.49622,297.514,-70.1236],"timeVisible":279.415,"tipPosition":[-6.79722,301.373,-68.7989],"tipVelocity":[13.6988,59.9057,-113.384],"tool":false,"touchDistance":0.245727,"touchZone":"hovering","type":1,"width":19.3428},{"bases":[[[0.934232,-0.355404,-0.0299636],[0.356298,0.926161,0.123605],[-0.0161787,-0.126152,0.991879]],[[0.933823,-0.357493,-0.0131365],[0.097541,0.289778,-0.952111],[0.344179,0.887822,0.305472]],[[0.933823,-0.357493,-0.0131365],[-0.329771,-0.846014,-0.41894],[0.138655,0.395548,-0.907919]],[[0.933823,-0.357493,-0.0131365],[-0.347512,-0.915243,0.203879],[-0.0849085,-0.185822,-0.978908]]],"btipPosition":[-14.5509,213.098,32.1193],"carpPosition":[3.25715,254.846,71.831],"dipPosition":[-16.1465,209.606,13.7236],"direction":[-0.138655,-0.395548,0.907919],"extended":false,"handId":506,"id":5062,"length":67.0064,"mcpPosition":[4.3859,263.647,2.62955],"pipPosition":[-12.2037,220.854,-12.0943],"stabilizedTipPosition":[-12.3002,197.049,-0.647654],"timeVisible":279.415,"tipPosition":[-14.8146,212.604,28.5636],"tipVelocity":[-2.77931,68.8484,-129.851],"tool":false,"touchDistance":0.333333,"touchZone":"none","type":2,"width":18.9972},{"bases":[[[0.892134,-0.438895,0.107094],[0.421437,0.893908,0.152704],[-0.162753,-0.0910994,0.982452]],[[0.893436,-0.438134,0.0990469],[0.233935,0.265604,-0.935269],[0.383466,0.858774,0.339795]],[[0.893436,-0.438134,0.0990469],[-0.352155,-0.820078,-0.451063],[0.278853,0.368117,-0.886979]],[[0.893436,-0.438134,0.0990469],[-0.448999,-0.877506,0.16847],[0.0131017,-0.194989,-0.980718]]],"btipPosition":[0.104205,212.221,36.9343],"carpPosition":[15.012,251.438,70.7622],"dipPosition":[0.348998,208.578,18.6106],"direction":[-0.278853,-0.368117,0.886979],"extended":false,"handId":506,"id":5063,"length":64.4285,"mcpPosition":[25.2069,257.145,9.22142],"pipPosition":[8.07377,218.775,-5.9605],"stabilizedTipPosition":[3.48836,195.576,3.0186],"timeVisible":279.415,"tipPosition":[0.303104,211.781,33.6393],"tipVelocity":[-2.27434,71.6512,-125.281],"tool":false,"touchDistance":0.333333,"touchZone":"none","type":3,"width":18.077},{"bases":[[[0.785321,-0.588115,0.193369],[0.53902,0.803178,0.253696],[-0.304512,-0.0950029,0.947759]],[[0.782011,-0.5891,0.203521],[0.391387,0.210026,-0.895938],[0.485052,0.780289,0.394809]],[[0.782011,-0.5891,0.203521],[-0.433792,-0.748913,-0.500953],[0.447531,0.303465,-0.841204]],[[0.782011,-0.5891,0.203521],[-0.61363,-0.784913,0.0858532],[0.109171,-0.192025,-0.975299]]],"btipPosition":[14.7457,216.479,35.5344],"carpPosition":[24.8744,241.186,71.1865],"dipPosition":[16.6274,213.169,18.7234],"direction":[-0.447531,-0.303465,0.841204],"extended":false,"handId":506,"id":5064,"length":50.5107,"mcpPosition":[42.5316,246.695,16.2305],"pipPosition":[25.3806,219.104,2.27043],"stabilizedTipPosition":[17.5425,199.788,-0.0956071],"timeVisible":279.415,"tipPosition":[15.1112,216.006,32.1308],"tipVelocity":[5.31495,74.5053,-108.626],"tool":false,"touchDistance":0.333333,"touchZone":"none","type":4,"width":16.0574}],"r":[[0.128454,0.468309,0.874177],[0.570288,-0.756036,0.321219],[0.811339,0.457271,-0.364187]],"s":1.52789,"t":[18.7874,-10.1606,20.6676],"timestamp":98093888047},false],[5,{"currentFrameRate":110.272,"devices":[],"gestures":[],"hands":[{"armBasis":[[0.968409,-0.080071,-0.236162],[0.185905,0.863022,0.469715],[0.166203,-0.49878,0.850644]],"armWidth":63.72,"confidence":0.728786,"direction":[0.0774772,0.259162,-0.962721],"elbow":[53.811,107.133,307.052],"grabStrength":0,"id":506,"palmNormal":[-0.207304,-0.940331,-0.269818],"palmPosition":[4.79084,253.417,24.0792],"palmVelocity":[9.29858,92.9827,-120.177],"palmWidth":90.99,"pinchStrength":0.51046,"r":[[0.127273,0.470456,0.873197],[0.570193,-0.755051,0.323693],[0.811592,0.456694,-0.364349]],"s":1.5265,"sphereCenter":[-24.7245,245.115,-5.30734],"sphereRadius":52.927,"stabilizedPalmPosition":[4.92369,242.139,8.08308],"t":[18.9466,-9.17947,19.2583],"timeVisible":279.424,"type":"right","wrist":[8.93635,241.804,77.3776]}],"id":1828195,"interactionBox":{"center":[0,200,0],"size":[235.247,235.247,147.751]},"pointables":[{"bases":[[[0.592956,0.802908,0.0611717],[-0.722365,0.496829,0.480987],[0.355797,-0.329393,0.874591]],[[0.539043,0.840253,-0.0583725],[-0.835957,0.525236,-0.15907],[-0.103,0.134543,0.98554]],[[0.539043,0.840253,-0.0583725],[-0.742424,0.441265,-0.504075],[-0.397793,0.315055,0.861685]],[[0.539043,0.840253,-0.0583725],[-0.563612,0.308333,-0.766337],[-0.625919,0.445988,0.639781]]],"btipPosition":[11.9844,209.151,-16.336],"carpPosition":[-21.3688,237.047,77.2126],"dipPosition":[-2.66434,219.589,-1.36286],"direction":[0.397793,-0.315055,-0.861685],"extended":false,"handId":506,"id":5060,"length":52.1164,"mcpPosition":[-21.3688,237.047,77.2126],"pipPosition":[-16.2273,230.331,28.0168],"stabilizedTipPosition":[6.54837,204.777,-23.7367],"timeVisible":279.424,"tipPosition":[8.59532,211.514,-12.8145],"tipVelocity":[20.7967,82.4569,-105.341],"tool":false,"touchDistance":0.260191,"touchZone":"hovering","type":0,"width":20.25},{"bases":[[[0.974368,-0.173837,-0.142785],[0.192052,0.973318,0.125573],[0.117146,-0.149777,0.981755]],[[0.978655,-0.199481,0.0494222],[0.139139,0.820123,0.555012],[-0.151246,-0.536288,0.830373]],[[0.978655,-0.199481,0.0494222],[0.166212,0.909713,0.380521],[-0.120867,-0.364184,0.923451]],[[0.978655,-0.199481,0.0494222],[0.185396,0.960718,0.206515],[-0.0886766,-0.192944,0.977194]]],"btipPosition":[-6.30495,302.587,-74.5771],"carpPosition":[-8.62094,256.428,72.3412],"dipPosition":[-7.82004,299.29,-57.8812],"direction":[0.120867,0.364184,-0.923451],"extended":true,"handId":506,"id":5061,"length":58.8075,"mcpPosition":[-17.2393,267.447,0.113808],"pipPosition":[-10.7414,290.487,-35.561],"stabilizedTipPosition":[-7.48381,297.577,-70.1326],"timeVisible":279.424,"tipPosition":[-6.42479,302.188,-70.5343],"tipVelocity":[21.5085,69.326,-134.742],"tool":false,"touchDistance":0.21705,"touchZone":"hovering","type":1,"width":19.3428},{"bases":[[[0.934124,-0.355837,-0.028135],[0.35654,0.926392,0.12115],[-0.0170455,-0.1232,0.992235]],[[0.933712,-0.357836,-0.0116357],[0.100901,0.294189,-0.950406],[0.343513,0.886231,0.310794]],[[0.933712,-0.357836,-0.0116357],[-0.328677,-0.843834,-0.424165],[0.141963,0.399873,-0.90551]],[[0.933712,-0.357836,-0.0116357],[-0.348359,-0.915523,0.201154],[-0.0826329,-0.183766,-0.979491]]],"btipPosition":[-14.3467,214.017,30.1867],"carpPosition":[3.50559,256.056,70.2374],"dipPosition":[-15.8995,210.564,11.7801],"direction":[-0.141963,-0.399873,0.90551],"extended":false,"handId":506,"id":5062,"length":67.0064,"mcpPosition":[4.69482,264.651,1.01107],"pipPosition":[-11.8626,221.935,-13.9693],"stabilizedTipPosition":[-12.3146,197.146,-0.488661],"timeVisible":279.424,"tipPosition":[-14.5902,213.565,26.7181],"tipVelocity":[4.51416,78.2579,-153.23],"tool":false,"touchDistance":0.333333,"touchZone":"none","type":2,"width":18.9972},{"bases":[[[0.891881,-0.438905,0.109135],[0.421643,0.894202,0.150398],[-0.163599,-0.0881214,0.982583]],[[0.893183,-0.438173,0.101134],[0.234944,0.262933,-0.935771],[0.383438,0.859576,0.337793]],[[0.893183,-0.438173,0.101134],[-0.352004,-0.8212,-0.449137],[0.279851,0.365562,-0.887721]],[[0.893183,-0.438173,0.101134],[-0.449476,-0.87686,0.170551],[0.0139498,-0.19779,-0.980145]]],"btipPosition":[0.363003,213.324,35.4516],"carpPosition":[15.2601,252.641,69.1885],"dipPosition":[0.623642,209.629,17.1386],"direction":[-0.279851,-0.365562,0.887721],"extended":false,"handId":506,"id":5063,"length":64.4285,"mcpPosition":[25.5079,258.161,7.63945],"pipPosition":[8.37608,219.755,-7.45302],"stabilizedTipPosition":[3.4779,195.634,3.1149],"timeVisible":279.424,"tipPosition":[0.562728,212.868,32.1434],"tipVelocity":[6.35699,85.2694,-136.037],"tool":false,"touchDistance":0.333333,"touchZone":"none","type":3,"width":18.077},{"bases":[[[0.784942,-0.587828,0.195765],[0.539109,0.803729,0.251756],[-0.305331,-0.0920755,0.947784]],[[0.782005,-0.588677,0.204764],[0.392447,0.209835,-0.895519],[0.484205,0.780659,0.395117]],[[0.782005,-0.588677,0.204764],[-0.432774,-0.749272,-0.501297],[0.448526,0.3034,-0.840698]],[[0.782005,-0.588677,0.204764],[-0.613482,-0.784998,0.0861295],[0.110037,-0.192973,-0.975015]]],"btipPosition":[15.0326,217.514,33.9721],"carpPosition":[25.1183,242.386,69.6514],"dipPosition":[16.9293,214.188,17.1659],"direction":[-0.448526,-0.3034,0.840698],"extended":false,"handId":506,"id":5064,"length":50.5107,"mcpPosition":[42.823,247.725,14.6939],"pipPosition":[25.7019,220.122,0.722902],"stabilizedTipPosition":[17.5268,199.917,0.13405],"timeVisible":279.424,"tipPosition":[15.3963,217.046,30.5804],"tipVelocity":[12.7141,85.5084,-126.426],"tool":false,"touchDistance":0.333333,"touchZone":"none","type":4,"width":16.0574}],"r":[[0.127273,0.470456,0.873197],[0.570193,-0.755051,0.323693],[0.811592,0.456694,-0.364349]],"s":1.5265,"t":[18.9466,-9.17947,19.2583],"timestamp":98093897048},false],[6,{"currentFrameRate":110.165,"devices":[],"gestures":[],"hands":[{"armBasis":[[0.968408,-0.0824501,-0.235348],[0.186924,0.864694,0.466222],[0.165064,-0.495485,0.852788]],"armWidth":63.72,"confidence":0.730004,"direction":[0.0785532,0.256625,-0.963314],"elbow":[53.5152,108.928,306.674],"grabStrength":0,"id":506,"palmNormal":[-0.20838,-0.940727,-0.2676],"palmPosition":[4.85811,254.193,23.0904],"palmVelocity":[8.72446,90.3801,-116.381],"palmWidth":90.99,"pinchStrength":0.512025,"r":[[0.126326,0.472577,0.872188],[0.569861,-0.75425,0.326137],[0.811973,0.455827,-0.364585]],"s":1.52522,"sphereCenter":[-24.6923,245.857,-6.33047],"sphereRadius":52.937,"stabilizedPalmPosition":[4.92227,242.399,8.4073],"t":[19.0599,-8.30086,18.0592],"timeVisible":279.433,"type":"right","wrist":[8.94777,242.709,76.421]}],"id":1828196,"interactionBox":{"center":[0,200,0],"size":[235.247,235.247,147.751]},"pointables":[{"bases":[[[0.594001,0.802254,0.0595926],[-0.72205,0.499023,0.479186],[0.354691,-0.327666,0.875688]],[[0.540299,0.839335,-0.0599448],[-0.835067,0.526049,-0.161046],[-0.103638,0.137071,0.985125]],[[0.540299,0.839335,-0.0599448],[-0.741332,0.441085,-0.505837],[-0.398126,0.317742,0.860544]],[[0.540299,0.839335,-0.0599448],[-0.562037,0.306942,-0.76805],[-0.626252,0.448668,0.637578]]],"btipPosition":[12.0405,209.816,-17.1923],"carpPosition":[-21.3637,237.993,76.2452],"dipPosition":[-2.61604,220.317,-2.27065],"direction":[0.398126,-0.317742,-0.860544],"extended":false,"handId":506,"id":5060,"length":52.1164,"mcpPosition":[-21.3637,237.993,76.2452],"pipPosition":[-16.1904,231.15,27.0701],"stabilizedTipPosition":[6.59556,204.943,-23.5148],"timeVisible":279.433,"tipPosition":[8.64351,212.194,-13.6887],"tipVelocity":[16.5921,79.8913,-102.054],"tool":false,"touchDistance":0.245723,"touchZone":"hovering","type":0,"width":20.25},{"bases":[[[0.974238,-0.17552,-0.14161],[0.193281,0.97337,0.123261],[0.116205,-0.147456,0.982219]],[[0.978356,-0.200667,0.0505109],[0.139865,0.821182,0.553262],[-0.1525,-0.534222,0.831475]],[[0.978356,-0.200667,0.0505109],[0.167109,0.910159,0.379059],[-0.122038,-0.362414,0.923993]],[[0.978356,-0.200667,0.0505109],[0.18645,0.960748,0.205427],[-0.0897506,-0.191563,0.977368]]],"btipPosition":[-6.10005,303.177,-75.6813],"carpPosition":[-8.58583,257.344,71.3345],"dipPosition":[-7.63349,299.904,-58.9824],"direction":[0.122038,0.362414,-0.923993],"extended":true,"handId":506,"id":5061,"length":58.8075,"mcpPosition":[-17.135,268.193,-0.926968],"pipPosition":[-10.5832,291.144,-36.6491],"stabilizedTipPosition":[-7.47098,297.638,-70.1539],"timeVisible":279.433,"tipPosition":[-6.22955,302.756,-71.6508],"tipVelocity":[21.5492,67.9045,-130.329],"tool":false,"touchDistance":0.198658,"touchZone":"hovering","type":1,"width":19.3428},{"bases":[[[0.93366,-0.357175,-0.0265313],[0.357709,0.92621,0.11908],[-0.0179589,-0.120671,0.99253]],[[0.933241,-0.359103,-0.0102814],[0.103895,0.29718,-0.949152],[0.343899,0.88472,0.314649]],[[0.933241,-0.359103,-0.0102814],[-0.328677,-0.841919,-0.427952],[0.145023,0.402762,-0.903743]],[[0.933241,-0.359103,-0.0102814],[-0.350006,-0.915306,0.199275],[-0.0809709,-0.182373,-0.97989]]],"btipPosition":[-14.3836,214.699,28.941],"carpPosition":[3.54176,256.95,69.2407],"dipPosition":[-15.9053,211.272,10.5269],"direction":[-0.145023,-0.402762,0.903743],"extended":false,"handId":506,"id":5062,"length":67.0064,"mcpPosition":[4.79472,265.369,-0.00609403],"pipPosition":[-11.7813,222.725,-15.1723],"stabilizedTipPosition":[-12.3277,197.236,-0.352554],"timeVisible":279.433,"tipPosition":[-14.6146,214.27,25.523],"tipVelocity":[2.33972,77.1381,-147.985],"tool":false,"touchDistance":0.333333,"touchZone":"none","type":2,"width":18.9972},{"bases":[[[0.891201,-0.439838,0.110916],[0.422746,0.894006,0.148459],[-0.164458,-0.0854177,0.982679]],[[0.892458,-0.439158,0.103239],[0.237842,0.263572,-0.934859],[0.38334,0.858877,0.339677]],[[0.892458,-0.439158,0.103239],[-0.351525,-0.820391,-0.450986],[0.282751,0.366195,-0.88654]],[[0.892458,-0.439158,0.103239],[-0.45085,-0.876299,0.169807],[0.0158963,-0.198091,-0.980055]]],"btipPosition":[0.336756,214.05,34.348],"carpPosition":[15.2924,253.517,68.2094],"dipPosition":[0.633762,210.349,16.0367],"direction":[-0.282751,-0.366195,0.88654],"extended":false,"handId":506,"id":5063,"length":64.4285,"mcpPosition":[25.594,258.867,6.65436],"pipPosition":[8.46652,220.493,-8.52228],"stabilizedTipPosition":[3.46729,195.694,3.20819],"timeVisible":279.433,"tipPosition":[0.54565,213.598,31.0575],"tipVelocity":[4.02448,83.2687,-131.253],"tool":false,"touchDistance":0.333333,"touchZone":"none","type":3,"width":18.077},{"bases":[[[0.783995,-0.588397,0.19784],[0.540012,0.803629,0.250134],[-0.306168,-0.0892672,0.947783]],[[0.781349,-0.589139,0.205934],[0.393268,0.208568,-0.895455],[0.484596,0.78065,0.394654]],[[0.781349,-0.589139,0.205934],[-0.43293,-0.749328,-0.501077],[0.449516,0.302361,-0.840543]],[[0.781349,-0.589139,0.205934],[-0.614227,-0.784368,0.0865521],[0.110537,-0.194117,-0.974731]]],"btipPosition":[15.0573,218.255,33.0348],"carpPosition":[25.1363,243.25,68.7056],"dipPosition":[16.9626,214.909,16.2336],"direction":[-0.449516,-0.302361,0.840543],"extended":false,"handId":506,"id":5064,"length":50.5107,"mcpPosition":[42.8895,248.426,13.7482],"pipPosition":[25.7546,220.823,-0.206436],"stabilizedTipPosition":[17.5115,200.049,0.351783],"timeVisible":279.433,"tipPosition":[15.4206,217.788,29.6437],"tipVelocity":[9.94637,83.8102,-119.271],"tool":false,"touchDistance":0.333333,"touchZone":"none","type":4,"width":16.0574}],"r":[[0.126326,0.472577,0.872188],[0.569861,-0.75425,0.326137],[0.811973,0.455827,-0.364585]],"s":1.52522,"t":[19.0599,-8.30086,18.0592],"timestamp