{"sensorType":"Leap","data":[[0,{"currentFrameRate":110.555,"devices":[],"gestures":[],"hands":[{"armBasis":[[0.976026,0.00512021,-0.217594],[0.105868,0.862325,0.495164],[0.190172,-0.506329,0.84111]],"armWidth":63.72,"confidence":0.70037,"direction":[0.0533813,0.293633,-0.954427],"elbow":[54.3937,119.151,304.168],"grabStrength":0,"id":506,"palmNormal":[-0.120052,-0.94697,-0.298053],"palmPosition":[-2.14548,268.62,24.1249],"palmVelocity":[20.1492,88.8657,-234.896],"palmWidth":90.99,"pinchStrength":0.618699,"r":[[0.112547,0.451213,0.885291],[0.634881,-0.718025,0.285248],[0.764369,0.529951,-0.367278]],"s":1.50705,"sphereCenter":[-23.4831,255.764,-5.66691],"sphereRadius":49.3498,"stabilizedPalmPosition":[1.89487,252.332,16.9252],"t":[11.9304,6.16428,20.1536],"timeVisible":274.01,"type":"right","wrist":[3.04722,255.86,77.0681]}],"id":1827606,"interactionBox":{"center":[0,200,0],"size":[235.247,235.247,147.751]},"pointables":[{"bases":[[[0.516703,0.851784,0.0865037],[-0.764962,0.413922,0.49346],[0.384515,-0.321144,0.865456]],[[0.459339,0.887666,-0.0325208],[-0.880733,0.450384,-0.146501],[-0.115397,0.0959356,0.988676]],[[0.459339,0.887666,-0.0325208],[-0.738184,0.361111,-0.56981],[-0.494057,0.285742,0.821133]],[[0.459339,0.887666,-0.0325208],[-0.542673,0.251455,-0.801421],[-0.703217,0.385772,0.597216]]],"btipPosition":[12.3703,224.788,-14.6473],"carpPosition":[-26.6929,248.348,76.679],"dipPosition":[-4.08745,233.817,-0.67032],"direction":[0.494057,-0.285742,-0.821133],"extended":false,"handId":506,"id":5060,"length":52.1164,"mcpPosition":[-26.6929,248.348,76.679],"pipPosition":[-20.9326,243.559,27.3267],"stabilizedTipPosition":[7.36401,213.21,-10.8679],"timeVisible":274.01,"tipPosition":[8.96194,226.661,-10.903],"tipVelocity":[53.8572,77.8869,-213.378],"tool":false,"touchDistance":0.00690253,"touchZone":"hovering","type":0,"width":20.25},{"bases":[[[0.986221,-0.0793369,-0.145168],[0.101839,0.982682,0.154804],[0.130372,-0.167455,0.977222]],[[0.990509,-0.114604,0.0758809],[0.0497236,0.813453,0.579501],[-0.128138,-0.570228,0.811431]],[[0.990509,-0.114604,0.0758809],[0.0737481,0.909005,0.410209],[-0.115988,-0.40072,0.908829]],[[0.990509,-0.114604,0.0758809],[0.0933949,0.966227,0.240173],[-0.100843,-0.230807,0.96776]]],"btipPosition":[-15.3388,319.401,-72.8388],"carpPosition":[-15.7789,268.954,72.4175],"dipPosition":[-17.0617,315.458,-56.3041],"direction":[0.115988,0.40072,-0.908829],"extended":true,"handId":506,"id":5061,"length":58.8075,"mcpPosition":[-25.3703,281.274,0.523752],"pipPosition":[-19.8652,305.772,-34.3373],"stabilizedTipPosition":[-11.9274,310.297,-67.4314],"timeVisible":274.01,"tipPosition":[-15.826,318.932,-68.8279],"tipVelocity":[49.7784,40.3765,-266.094],"tool":false,"touchDistance":-0.0972556,"touchZone":"hovering","type":1,"width":19.3428},{"bases":[[[0.96286,-0.267584,-0.0360561],[0.269943,0.951207,0.149451],[-0.00569379,-0.153633,0.988112]],[[0.962667,-0.269847,-0.0213098],[0.0893339,0.391034,-0.91603],[0.255521,0.879929,0.400542]],[[0.962667,-0.269847,-0.0213098],[-0.24145,-0.820437,-0.518251],[0.122365,0.504049,-0.854963]],[[0.962667,-0.269847,-0.0213098],[-0.265709,-0.95706,0.115913],[-0.0516735,-0.105923,-0.993031]]],"btipPosition":[-18.0969,225.722,25.0654],"carpPosition":[-3.66935,269.759,70.3371],"dipPosition":[-19.0679,223.732,6.40435],"direction":[-0.122365,-0.504049,0.854963],"extended":false,"handId":506,"id":5062,"length":67.0064,"mcpPosition":[-3.2721,280.478,1.39858],"pipPosition":[-15.5883,238.065,-17.9077],"stabilizedTipPosition":[-15.1108,206.49,5.07353],"timeVisible":274.01,"tipPosition":[-18.1853,225.671,21.9721],"tipVelocity":[37.0495,74.6946,-245.103],"tool":false,"touchDistance":0.333333,"touchZone":"none","type":2,"width":18.9972},{"bases":[[[0.92842,-0.358216,0.0985827],[0.337726,0.924277,0.177915],[-0.15485,-0.131886,0.979095]],[[0.930144,-0.356671,0.0872834],[0.221308,0.354848,-0.908353],[0.293011,0.864216,0.408994]],[[0.930144,-0.356671,0.0872834],[-0.261137,-0.809638,-0.525636],[0.258147,0.466124,-0.84622]],[[0.930144,-0.356671,0.0872834],[-0.364308,-0.92613,0.097788],[0.0459577,-0.122755,-0.991372]]],"btipPosition":[-3.05255,226.5,31.5809],"carpPosition":[8.34913,267.471,69.2203],"dipPosition":[-2.19388,224.207,13.0581],"direction":[-0.258147,-0.466124,0.84622],"extended":false,"handId":506,"id":5063,"length":64.4285,"mcpPosition":[18.0489,275.732,7.88976],"pipPosition":[4.95731,237.119,-10.3839],"stabilizedTipPosition":[0.275018,203.721,8.06529],"timeVisible":274.01,"tipPosition":[-2.81002,226.358,28.3099],"tipVelocity":[35.8126,87.8854,-220.892],"tool":false,"touchDistance":0.333333,"touchZone":"none","type":3,"width":18.077},{"bases":[[[0.835608,-0.518833,0.180479],[0.463001,0.842002,0.27688],[-0.295618,-0.147801,0.943803]],[[0.842098,-0.515347,0.159024],[0.361173,0.319886,-0.875915],[0.40053,0.795042,0.455505]],[[0.842098,-0.515347,0.159024],[-0.349491,-0.746004,-0.566863],[0.410764,0.421777,-0.808318]],[[0.842098,-0.515347,0.159024],[-0.5252,-0.850625,0.0245454],[0.12262,-0.104189,-0.98697]]],"btipPosition":[11.9389,232.16,31.3963],"carpPosition":[19.1075,258.155,69.4072],"dipPosition":[14.0525,230.364,14.3841],"direction":[-0.410764,-0.421777,0.808318],"extended":false,"handId":506,"id":5064,"length":50.5107,"mcpPosition":[36.249,266.725,14.6806],"pipPosition":[22.0866,238.613,-1.42566],"stabilizedTipPosition":[14.3713,208.071,5.83893],"timeVisible":274.01,"tipPosition":[12.2478,232.11,28.1481],"tipVelocity":[35.5573,93.408,-215.609],"tool":false,"touchDistance":0.333333,"touchZone":"none","type":4,"width":16.0574}],"r":[[0.112547,0.451213,0.885291],[0.634881,-0.718025,0.285248],[0.764369,0.529951,-0.367278]],"s":1.50705,"t":[11.9304,6.16428,20.1536],"timestamp":98088482965},false],[1,{"currentFrameRate":110.594,"devices":[],"gestures":[],"hands":[{"armBasis":[[0.974634,0.011127,-0.223527],[0.104141,0.861499,0.496965],[0.198098,-0.507637,0.838488]],"armWidth":63.72,"confidence":0.702154,"direction":[0.0618022,0.292182,-0.954364],"elbow":[56.2097,120.022,300.993],"grabStrength":0,"id":506,"palmNormal":[-0.120343,-0.947034,-0.297731],"palmPosition":[-2.01196,269.786,21.6016],"palmVelocity":[18.7055,100.121,-247.573],"palmWidth":90.99,"pinchStrength":0.619654,"r":[[0.106569,0.454074,0.884568],[0.63536,-0.715412,0.290696],[0.764827,0.53104,-0.364741]],"s":1.50675,"sphereCenter":[-23.1339,256.939,-8.3399],"sphereRadius":49.3407,"stabilizedPalmPosition":[1.89126,252.348,16.9296],"t":[12.1167,7.1678,17.7625],"timeVisible":274.019,"type":"right","wrist":[2.72327,257.084,74.6016]}],"id":1827607,"interactionBox":{"center":[0,200,0],"size":[235.247,235.247,147.751]},"pointables":[{"bases":[[[0.518395,0.850447,0.0894741],[-0.767696,0.416738,0.486798],[0.376709,-0.321043,0.86892]],[[0.462066,0.886335,-0.0300821],[-0.878299,0.452652,-0.153938],[-0.122824,0.0975505,0.987622]],[[0.462066,0.886335,-0.0300821],[-0.732765,0.36246,-0.575915],[-0.49955,0.288154,0.816956]],[[0.462066,0.886335,-0.0300821],[-0.535909,0.252033,-0.805779],[-0.706609,0.388444,0.591451]]],"btipPosition":[12.6668,225.87,-17.0107],"carpPosition":[-27.0339,249.655,73.9857],"dipPosition":[-3.87037,234.961,-3.16863],"direction":[0.49955,-0.288154,-0.816956],"extended":false,"handId":506,"id":5060,"length":52.1164,"mcpPosition":[-27.0339,249.655,73.9857],"pipPosition":[-20.9028,244.786,24.686],"stabilizedTipPosition":[7.36401,213.21,-10.8679],"timeVisible":274.019,"tipPosition":[9.23447,227.758,-13.3014],"tipVelocity":[47.5969,89.9988,-228.016],"tool":false,"touchDistance":-0.0830047,"touchZone":"hovering","type":0,"width":20.25},{"bases":[[[0.987118,-0.0823016,-0.137204],[0.103371,0.982603,0.154294],[0.122119,-0.166489,0.978452]],[[0.98954,-0.11729,0.0839893],[0.0473939,0.814205,0.57864],[-0.136253,-0.568607,0.811247]],[[0.98954,-0.11729,0.0839893],[0.0730467,0.909432,0.409387],[-0.124399,-0.39897,0.908487]],[[0.98954,-0.11729,0.0839893],[0.0942172,0.966333,0.239424],[-0.109244,-0.229006,0.967275]]],"btipPosition":[-14.2855,320.458,-75.5387],"carpPosition":[-16.0283,270.225,69.7837],"dipPosition":[-16.152,316.545,-59.0122],"direction":[0.124399,0.39897,-0.908487],"extended":true,"handId":506,"id":5061,"length":58.8075,"mcpPosition":[-25.0125,282.473,-2.20063],"pipPosition":[-19.1588,306.902,-37.0538],"stabilizedTipPosition":[-11.9333,310.317,-67.4405],"timeVisible":274.019,"tipPosition":[-14.8062,319.994,-71.5321],"tipVelocity":[67.2847,61.7804,-275.674],"tool":false,"touchDistance":-0.142286,"touchZone":"hovering","type":1,"width":19.3428},{"bases":[[[0.962358,-0.270334,-0.0280301],[0.271423,0.950649,0.150321],[-0.0139901,-0.152271,0.98824]],[[0.962044,-0.272568,-0.0133321],[0.0975766,0.389204,-0.915969],[0.254853,0.879901,0.401028]],[[0.962044,-0.272568,-0.0133321],[-0.239694,-0.820639,-0.518747],[0.130453,0.502253,-0.854824]],[[0.962044,-0.272568,-0.0133321],[-0.269296,-0.956133,0.11528],[-0.0441689,-0.107314,-0.993244]]],"btipPosition":[-18.0879,226.939,22.4946],"carpPosition":[-3.90034,270.993,67.7987],"dipPosition":[-18.9179,224.923,3.82959],"direction":[-0.130453,-0.502253,0.854824],"extended":false,"handId":506,"id":5062,"length":67.0064,"mcpPosition":[-2.92428,281.616,-1.14882],"pipPosition":[-15.2083,239.205,-20.4785],"stabilizedTipPosition":[-15.1122,206.498,5.07932],"timeVisible":274.019,"tipPosition":[-18.1561,226.873,19.3664],"tipVelocity":[28.1655,91.1948,-256.461],"tool":false,"touchDistance":0.333333,"touchZone":"none","type":2,"width":18.9972},{"bases":[[[0.926593,-0.360685,0.106451],[0.338901,0.923567,0.179361],[-0.163008,-0.130118,0.978007]],[[0.928414,-0.359158,0.0951442],[0.229484,0.352918,-0.907075],[0.292205,0.863976,0.410075]],[[0.928414,-0.359158,0.0951442],[-0.25924,-0.809628,-0.526591],[0.26616,0.464229,-0.844778]],[[0.928414,-0.359158,0.0951442],[-0.367675,-0.924976,0.0960934],[0.0534935,-0.124197,-0.990815]]],"btipPosition":[-3.09729,227.678,29.1107],"carpPosition":[8.12015,268.669,66.7806],"dipPosition":[-2.09782,225.357,10.5983],"direction":[-0.26616,-0.464229,0.844778],"extended":false,"handId":506,"id":5063,"length":64.4285,"mcpPosition":[18.331,276.819,5.51826],"pipPosition":[5.27536,238.217,-12.8037],"stabilizedTipPosition":[0.27216,203.742,8.08056],"timeVisible":274.019,"tipPosition":[-2.82938,227.528,25.8311],"tipVelocity":[25.6262,99.5661,-235.711],"tool":false,"touchDistance":0.333333,"touchZone":"none","type":3,"width":18.077},{"bases":[[[0.83268,-0.520929,0.187821],[0.463153,0.841076,0.27943],[-0.303535,-0.145686,0.941617]],[[0.839507,-0.517404,0.165893],[0.369086,0.318966,-0.872947],[0.398752,0.794074,0.458741]],[[0.839507,-0.517404,0.165893],[-0.346635,-0.745115,-0.569779],[0.418415,0.420829,-0.80488]],[[0.839507,-0.517404,0.165893],[-0.527506,-0.849302,0.0205722],[0.130249,-0.10478,-0.985929]]],"btipPosition":[11.9227,233.268,28.9819],"carpPosition":[18.8505,259.323,67.0657],"dipPosition":[14.1677,231.462,11.9876],"direction":[-0.418415,-0.420829,0.80488],"extended":false,"handId":506,"id":5064,"length":50.5107,"mcpPosition":[36.451,267.771,12.4659],"pipPosition":[22.3514,239.693,-3.75484],"stabilizedTipPosition":[14.3675,208.121,5.87729],"timeVisible":274.019,"tipPosition":[12.2594,233.215,25.7333],"tipVelocity":[26.2439,101.588,-230.117],"tool":false,"touchDistance":0.333333,"touchZone":"none","type":4,"width":16.0574}],"r":[[0.106569,0.454074,0.884568],[0.63536,-0.715412,0.290696],[0.764827,0.53104,-0.364741]],"s":1.50675,"t":[12.1167,7.1678,17.7625],"timestamp":98088491939},false],[2,{"currentFrameRate":110.424,"devices":[],"gestures":[],"hands":[{"armBasis":[[0.976262,0.00902696,-0.216403],[0.101608,0.863278,0.494395],[0.191279,-0.504647,0.841869]],"armWidth":63.72,"confidence":0.706808,"direction":[0.0655551,0.295875,-0.952975],"elbow":[54.4035,121.463,300.087],"grabStrength":0,"id":506,"palmNormal":[-0.117919,-0.94604,-0.301834],"palmPosition":[-1.76435,270.616,19.8106],"palmVelocity":[20.9066,96.8612,-231.634],"palmWidth":90.99,"pinchStrength":0.621588,"r":[[0.100913,0.455703,0.884393],[0.635636,-0.713378,0.295055],[0.765364,0.532378,-0.361651]],"s":1.50651,"sphereCenter":[-22.7358,257.849,-10.2684],"sphereRadius":49.3357,"stabilizedPalmPosition":[1.87947,252.407,16.9389],"t":[12.3337,8.08423,15.6714],"timeVisible":274.028,"type":"right","wrist":[2.75813,257.718,72.782]}],"id":1827608,"interactionBox":{"center":[0,200,0],"size":[235.247,235.247,147.751]},"pointables":[{"bases":[[[0.51698,0.850718,0.0949284],[-0.770285,0.413974,0.485063],[0.373354,-0.32389,0.869311]],[[0.461108,0.886999,-0.0247603],[-0.878203,0.452185,-0.155845],[-0.127038,0.093606,0.987471]],[[0.461108,0.886999,-0.0247603],[-0.730863,0.36382,-0.577472],[-0.503209,0.284373,0.816035]],[[0.461108,0.886999,-0.0247603],[-0.533052,0.254584,-0.806872],[-0.709391,0.385254,0.590207]]],"btipPosition":[13.1138,226.871,-18.9185],"carpPosition":[-26.9871,250.256,72.0098],"dipPosition":[-3.48849,235.888,-5.10556],"direction":[0.503209,-0.284373,-0.816035],"extended":false,"handId":506,"id":5060,"length":52.1164,"mcpPosition":[-26.9871,250.256,72.0098],"pipPosition":[-20.6457,245.583,22.7176],"stabilizedTipPosition":[7.36463,213.215,-10.8694],"timeVisible":274.028,"tipPosition":[9.66342,228.743,-15.2218],"tipVelocity":[47.1919,94.3085,-221.373],"tool":false,"touchDistance":-0.114913,"touchZone":"hovering","type":0,"width":20.25},{"bases":[[[0.987797,-0.080606,-0.133263],[0.101521,0.982132,0.158461],[0.118109,-0.170056,0.978331]],[[0.989307,-0.116434,0.0878313],[0.0439276,0.812131,0.581819],[-0.139074,-0.57174,0.808562]],[[0.989307,-0.116434,0.0878313],[0.070189,0.907984,0.413085],[-0.127847,-0.402503,0.906447]],[[0.989307,-0.116434,0.0878313],[0.0920187,0.965529,0.243487],[-0.113154,-0.232801,0.965919]]],"btipPosition":[-13.6792,321.635,-77.1924],"carpPosition":[-15.9884,270.854,67.9332],"dipPosition":[-15.6125,317.657,-60.6891],"direction":[0.127847,0.402503,-0.906447],"extended":true,"handId":506,"id":5061,"length":58.8075,"mcpPosition":[-24.6776,283.365,-4.04219],"pipPosition":[-18.7026,307.929,-38.7799],"stabilizedTipPosition":[-11.9376,310.337,-67.4522],"timeVisible":274.028,"tipPosition":[-14.2162,321.152,-73.191],"tipVelocity":[66.112,79.4927,-247.761],"tool":false,"touchDistance":-0.169937,"touchZone":"hovering","type":1,"width":19.3428},{"bases":[[[0.962795,-0.269081,-0.0249096],[0.269627,0.950394,0.15509],[-0.0180579,-0.156037,0.987586]],[[0.962421,-0.271369,-0.0102391],[0.100987,0.392646,-0.914129],[0.252086,0.878743,0.405295]],[[0.962421,-0.271369,-0.0102391],[-0.236495,-0.819014,-0.522768],[0.133477,0.505544,-0.852414]],[[0.962421,-0.271369,-0.0102391],[-0.26863,-0.956879,0.110544],[-0.0397958,-0.10364,-0.993818]]],"btipPosition":[-17.7915,227.747,20.4815],"carpPosition":[-3.85292,271.645,66.0034],"dipPosition":[-18.5393,225.799,1.80568],"direction":[-0.133477,-0.505544,0.852414],"extended":false,"handId":506,"id":5062,"length":67.0064,"mcpPosition":[-2.59305,282.531,-2.89852],"pipPosition":[-14.7437,240.175,-22.4339],"stabilizedTipPosition":[-15.1134,206.508,5.08426],"timeVisible":274.028,"tipPosition":[-17.8482,227.687,17.3324],"tipVelocity":[29.7364,90.2944,-244.812],"tool":false,"touchDistance":0.333333,"touchZone":"none","type":2,"width":18.9972},{"bases":[[[0.926561,-0.359984,0.109073],[0.337013,0.923282,0.184317],[-0.167057,-0.134022,0.976796]],[[0.928438,-0.358404,0.0977248],[0.232744,0.356162,-0.904975],[0.28954,0.862957,0.414091]],[[0.928438,-0.358404,0.0977248],[-0.256128,-0.80812,-0.530415],[0.269076,0.467427,-0.842087]],[[0.928438,-0.358404,0.0977248],[-0.366963,-0.925759,0.0911465],[0.0578024,-0.120485,-0.991031]]],"btipPosition":[-2.8314,228.48,27.1843],"carpPosition":[8.17463,269.339,65.0283],"dipPosition":[-1.75142,226.229,8.6679],"direction":[-0.269076,-0.467427,0.842087],"extended":false,"handId":506,"id":5063,"length":64.4285,"mcpPosition":[18.6391,277.734,3.84182],"pipPosition":[5.70253,239.177,-14.6596],"stabilizedTipPosition":[0.269543,203.764,8.09417],"timeVisible":274.028,"tipPosition":[-2.55014,228.332,23.8702],"tipVelocity":[26.9795,96.1214,-227.272],"tool":false,"touchDistance":0.333333,"touchZone":"none","type":3,"width":18.077},{"bases":[[[0.832492,-0.520647,0.18943],[0.460932,0.84056,0.284607],[-0.307407,-0.149619,0.939742]],[[0.839658,-0.516891,0.166728],[0.372596,0.324868,-0.869272],[0.395154,0.792013,0.465369]],[[0.839658,-0.516891,0.166728],[-0.342493,-0.74218,-0.57608],[0.421512,0.426607,-0.800209]],[[0.839658,-0.516891,0.166728],[-0.52611,-0.850311,0.0134062],[0.134841,-0.0989739,-0.985912]]],"btipPosition":[12.1991,234.038,27.0231],"carpPosition":[18.9149,260.005,65.3242],"dipPosition":[14.5233,232.332,10.0291],"direction":[-0.421512,-0.426607,0.800209],"extended":false,"handId":506,"id":5064,"length":50.5107,"mcpPosition":[36.7399,268.681,10.8331],"pipPosition":[22.7676,240.676,-5.62201],"stabilizedTipPosition":[14.3643,208.169,5.91011],"timeVisible":274.028,"tipPosition":[12.5527,234.005,23.7788],"tipVelocity":[27.7326,96.7969,-224.221],"tool":false,"touchDistance":0.333333,"touchZone":"none","type":4,"width":16.0574}],"r":[[0.100913,0.455703,0.884393],[0.635636,-0.713378,0.295055],[0.765364,0.532378,-0.361651]],"s":1.50651,"t":[12.3337,8.08423,15.6714],"timestamp":98088501296},false],[3,{"currentFrameRate":110.644,"devices":[],"gestures":[],"hands":[{"armBasis":[[0.977684,0.00457733,-0.210029],[0.101784,0.864261,0.492638],[0.183775,-0.503022,0.844509]],"armWidth":63.72,"confidence":0.712733,"direction":[0.0672585,0.300238,-0.95149],"elbow":[52.6615,122.662,298.428],"grabStrength":0,"id":506,"palmNormal":[-0.117837,-0.944585,-0.306389],"palmPosition":[-1.38707,271.622,17.4923],"palmVelocity":[26.9367,102.027,-241.307],"palmWidth":90.99,"pinchStrength":0.621522,"r":[[0.0961354,0.456172,0.884684],[0.63568,-0.712076,0.298093],[0.765943,0.533718,-0.358435]],"s":1.5064,"sphereCenter":[-22.3074,259.003,-12.6739],"sphereRadius":49.3349,"stabilizedPalmPosition":[1.87079,252.458,16.9403],"t":[12.6308,9.04542,13.4667],"timeVisible":274.037,"type":"right","wrist":[3.04228,258.478,70.4109]}],"id":1827609,"interactionBox":{"center":[0,200,0],"size":[235.247,235.247,147.751]},"pointables":[{"bases":[[[0.517197,0.850039,0.0997041],[-0.770902,0.412078,0.485697],[0.371776,-0.328063,0.868422]],[[0.461526,0.886903,-0.0199322],[-0.877771,0.45329,-0.155068],[-0.128495,0.0890639,0.987703]],[[0.461526,0.886903,-0.0199322],[-0.729876,0.36685,-0.576804],[-0.504257,0.280758,0.816639]],[[0.461526,0.886903,-0.0199322],[-0.531879,0.258657,-0.806351],[-0.709999,0.382754,0.591102]]],"btipPosition":[13.5187,228.056,-21.4261],"carpPosition":[-26.705,251.033,69.5553],"dipPosition":[-3.09786,237.014,-7.59221],"direction":[0.504257,-0.280758,-0.816639],"extended":false,"handId":506,"id":5060,"length":52.1164,"mcpPosition":[-26.705,251.033,69.5553],"pipPosition":[-20.2908,246.587,20.2516],"stabilizedTipPosition":[7.37593,213.297,-10.9052],"timeVisible":274.037,"tipPosition":[10.0629,229.914,-17.7311],"tipVelocity":[46.9918,105.24,-239.43],"tool":false,"touchDistance":-0.156626,"touchZone":"hovering","type":0,"width":20.25},{"bases":[[[0.98798,-0.0804329,-0.132004],[0.101692,0.981345,0.163157],[0.116419,-0.17462,0.977729]],[[0.989103,-0.11729,0.0889802],[0.0433248,0.809526,0.585483],[-0.140703,-0.575248,0.805787]],[[0.989103,-0.11729,0.0889802],[0.0698973,0.906056,0.417346],[-0.129571,-0.406578,0.904381]],[[0.989103,-0.11729,0.0889802],[0.092026,0.964333,0.24818],[-0.114916,-0.237288,0.964619]]],"btipPosition":[-13.1151,323.087,-79.2981],"carpPosition":[-15.6904,271.645,65.5919],"dipPosition":[-15.0785,319.033,-62.817],"direction":[0.129571,0.406578,-0.904381],"extended":true,"handId":506,"id":5061,"length":58.8075,"mcpPosition":[-24.2553,284.491,-6.33922],"pipPosition":[-18.2103,309.205,-40.9577],"stabilizedTipPosition":[-11.9405,310.359,-67.4666],"timeVisible":274.037,"tipPosition":[-13.6596,322.583,-75.3009],"tipVelocity":[65.6642,102.416,-246.783],"tool":false,"touchDistance":-0.205116,"touchZone":"hovering","type":1,"width":19.3428},{"bases":[[[0.962717,-0.269394,-0.0245631],[0.269789,0.949547,0.159917],[-0.019757,-0.160582,0.986825]],[[0.962317,-0.271749,-0.00990746],[0.102664,0.396808,-0.912142],[0.251805,0.876753,0.409754]],[[0.962317,-0.271749,-0.00990746],[-0.235992,-0.816484,-0.526936],[0.135105,0.509418,-0.849847]],[[0.962317,-0.271749,-0.00990746],[-0.269233,-0.957261,0.105668],[-0.0381993,-0.099019,-0.994352]]],"btipPosition":[-17.4342,228.757,17.9392],"carpPosition":[-3.55144,272.438,63.6858],"dipPosition":[-18.152,226.896,-0.746697],"direction":[-0.135105,-0.509418,0.849847],"extended":false,"handId":506,"id":5062,"length":67.0064,"mcpPosition":[-2.17303,283.642,-5.16299],"pipPosition":[-14.3101,241.382,-24.9133],"stabilizedTipPosition":[-15.1145,206.517,5.08779],"timeVisible":274.037,"tipPosition":[-17.4861,228.71,14.7856],"tipVelocity":[33.0201,97.9347,-257.933],"tool":false,"touchDistance":0.333333,"touchZone":"none","type":2,"width":18.9972},{"bases":[[[0.926221,-0.360898,0.108939],[0.337114,0.922271,0.18913],[-0.168728,-0.138451,0.97589]],[[0.928128,-0.359257,0.097538],[0.233777,0.358586,-0.90375],[0.289703,0.861598,0.416799]],[[0.928128,-0.359257,0.097538],[-0.256183,-0.806505,-0.532841],[0.270092,0.469557,-0.840575]],[[0.928128,-0.359257,0.097538],[-0.367586,-0.925851,0.087636],[0.0588218,-0.117191,-0.991366]]],"btipPosition":[-2.47911,229.49,24.776],"carpPosition":[8.47669,270.132,62.7199],"dipPosition":[-1.38008,227.301,6.25334],"direction":[-0.270092,-0.469557,0.840575],"extended":false,"handId":506,"id":5063,"length":64.4285,"mcpPosition":[19.0458,278.804,1.59014],"pipPosition":[6.102,240.308,-17.0323],"stabilizedTipPosition":[0.267458,203.785,8.10455],"timeVisible":274.037,"tipPosition":[-2.19723,229.324,21.3776],"tipVelocity":[30.7651,102.06,-240.908],"tool":false,"touchDistance":0.333333,"touchZone":"none","type":3,"width":18.077},{"bases":[[[0.831949,-0.521888,0.188398],[0.460832,0.839031,0.289241],[-0.309024,-0.153814,0.938534]],[[0.839267,-0.517965,0.165358],[0.373933,0.329068,-0.867115],[0.394721,0.789574,0.46986]],[[0.839267,-0.517965,0.165358],[-0.341845,-0.739163,-0.580328],[0.422816,0.430524,-0.797418]],[[0.839267,-0.517965,0.165358],[-0.526369,-0.850215,0.00836301],[0.136258,-0.094058,-0.986198]]],"btipPosition":[12.5557,234.993,24.551],"carpPosition":[19.2123,260.792,62.9904],"dipPosition":[14.9043,233.372,7.55206],"direction":[-0.422816,-0.430524,0.797418],"extended":false,"handId":506,"id":5064,"length":50.5107,"mcpPosition":[37.1311,269.711,8.56938],"pipPosition":[23.1741,241.792,-8.04449],"stabilizedTipPosition":[14.3623,208.213,5.93416],"timeVisible":274.037,"tipPosition":[12.9146,234.974,21.298],"tipVelocity":[31.4876,101.016,-240.616],"tool":false,"touchDistance":0.333333,"touchZone":"none","type":4,"width":16.0574}],"r":[[0.0961354,0.456172,0.884684],[0.63568,-0.712076,0.298093],[0.765943,0.533718,-0.358435]],"s":1.5064,"t":[12.6308,9.04542,13.4667],"timestamp":98088509944},false],[4,{"currentFrameRate":110.398,"devices":[],"gestures":[],"hands":[{"armBasis":[[0.978954,0.00236937,-0.204066],[0.100685,0.86416,0.493041],[0.177514,-0.503211,0.845735]],"armWidth":63.72,"confidence":0.714389,"direction":[0.0686452,0.298666,-0.951886],"elbow":[51.1138,123.41,296.628],"grabStrength":0,"id":506,"palmNormal":[-0.117182,-0.945118,-0.304993],"palmPosition":[-1.1666,272.332,15.3326],"palmVelocity":[25.8705,94.2178,-237.341],"palmWidth":90.99,"pinchStrength":0.620737,"r":[[0.0920243,0.456839,0.884776],[0.635639,-0.710908,0.300953],[0.766482,0.534704,-0.355806]],"s":1.50619,"sphereCenter":[-22.0167,259.636,-14.8531],"sphereRadius":49.3164,"stabilizedPalmPosition":[1.86316,252.508,16.9363],"t":[12.8896,9.88125,11.2846],"timeVisible":274.046,"type":"right","wrist":[3.1849,259.277,68.2798]}],"id":1827610,"interactionBox":{"center":[0,200,0],"size":[235.247,235.247,147.751]},"pointables":[{"bases":[[[0.516874,0.850309,0.099074],[-0.771722,0.41273,0.483838],[0.370521,-0.326541,0.869532]],[[0.461366,0.886967,-0.0207329],[-0.877652,0.45285,-0.157018],[-0.129881,0.0906389,0.987378]],[[0.461366,0.886967,-0.0207329],[-0.729201,0.365784,-0.578333],[-0.505379,0.281942,0.815537]],[[0.461366,0.886967,-0.0207329],[-0.53098,0.257323,-0.80737],[-0.710775,0.383502,0.589682]]],"btipPosition":[13.7897,228.712,-23.5031],"carpPosition":[-26.5595,251.825,67.3914],"dipPosition":[-2.84499,237.687,-9.7024],"direction":[0.505379,-0.281942,-0.815537],"extended":false,"handId":506,"id":5060,"length":52.1164,"mcpPosition":[-26.5595,251.825,67.3914],"pipPosition":[-20.0762,247.3,18.1038],"stabilizedTipPosition":[7.38769,213.376,-10.948],"timeVisible":274.046,"tipPosition":[10.3277,230.576,-19.8212],"tipVelocity":[41.5689,94.9701,-233.733],"tool":false,"touchDistance":-0.191369,"touchZone":"hovering","type":0,"width":20.25},{"bases":[[[0.988196,-0.0804524,-0.130368],[0.101248,0.981636,0.161676],[0.114967,-0.172967,0.978195]],[[0.988982,-0.116953,0.09076],[0.0422951,0.810752,0.58386],[-0.141868,-0.573588,0.806765]],[[0.988982,-0.116953,0.09076],[0.0690776,0.906822,0.415815],[-0.130934,-0.404964,0.904909]],[[0.988982,-0.116953,0.09076],[0.0914323,0.964732,0.246846],[-0.116428,-0.235828,0.964795]]],"btipPosition":[-12.7521,323.618,-81.5717],"carpPosition":[-15.5431,272.432,63.4104],"dipPosition":[-14.7414,319.588,-65.0876],"direction":[0.130934,0.404964,-0.904909],"extended":true,"handId":506,"id":5061,"length":58.8075,"mcpPosition":[-24.0011,285.158,-8.555],"pipPosition":[-17.9061,309.8,-43.2156],"stabilizedTipPosition":[-11.9428,310.381,-67.4851],"timeVisible":274.046,"tipPosition":[-13.303,323.117,-77.5747],"tipVelocity":[57.6073,89.2336,-244.671],"tool":false,"touchDistance":-0.242998,"touchZone":"hovering","type":1,"width":19.3428},{"bases":[[[0.962807,-0.26924,-0.0226506],[0.269356,0.949867,0.158745],[-0.0212254,-0.158942,0.98706]],[[0.962386,-0.271569,-0.00799704],[0.103997,0.395418,-0.912595],[0.250995,0.877437,0.408787]],[[0.962386,-0.271569,-0.00799704],[-0.235003,-0.817309,-0.526098],[0.136336,0.508189,-0.850386]],[[0.962386,-0.271569,-0.00799704],[-0.269207,-0.957156,0.106675],[-0.036624,-0.10051,-0.994262]]],"btipPosition":[-17.2072,229.459,15.8186],"carpPosition":[-3.40138,273.225,61.5214],"dipPosition":[-17.8955,227.571,-2.86555],"direction":[-0.136336,-0.508189,0.850386],"extended":false,"handId":506,"id":5062,"length":67.0064,"mcpPosition":[-1.92052,284.314,-7.34379],"pipPosition":[-14.0186,242.022,-27.0475],"stabilizedTipPosition":[-15.1154,206.527,5.0906],"timeVisible":274.046,"tipPosition":[-17.2552,229.405,12.6521],"tipVelocity":[30.6091,90.8679,-247.997],"tool":false,"touchDistance":0.333333,"touchZone":"none","type":2,"width":18.9972},{"bases":[[[0.926126,-0.360528,0.110948],[0.336642,0.922653,0.188106],[-0.170184,-0.13686,0.975862]],[[0.928052,-0.358904,0.0995363],[0.236183,0.36046,-0.902378],[0.287989,0.860963,0.419292]],[[0.928052,-0.358904,0.0995363],[-0.254085,-0.805488,-0.535378],[0.272325,0.471568,-0.838727]],[[0.928052,-0.358904,0.0995363],[-0.367357,-0.926114,0.0857956],[0.0613896,-0.116188,-0.991328]]],"btipPosition":[-2.26917,230.132,22.4722],"carpPosition":[8.62867,270.92,60.5776],"dipPosition":[-1.12216,227.962,3.95025],"direction":[-0.272325,-0.471568,0.838727],"extended":false,"handId":506,"id":5063,"length":64.4285,"mcpPosition":[19.289,279.492,-0.550352],"pipPosition":[6.42178,241.025,-19.2842],"stabilizedTipPosition":[0.265528,203.807,8.11312],"timeVisible":274.046,"tipPosition":[-1.9773,229.977,19.0958],"tipVelocity":[28.6147,92.3018,-241.413],"tool":false,"touchDistance":0.333333,"touchZone":"none","type":3,"width":18.077},{"bases":[[[0.831766,-0.521405,0.190532],[0.460223,0.839605,0.288543],[-0.31042,-0.152313,0.938318]],[[0.839258,-0.517439,0.167043],[0.37462,0.327602,-0.867373],[0.39409,0.790527,0.468786]],[[0.839258,-0.517439,0.167043],[-0.341136,-0.74031,-0.579282],[0.423407,0.429182,-0.797828]],[[0.839258,-0.517439,0.167043],[-0.526131,-0.850353,0.0092979],[0.137234,-0.0956896,-0.985906]]],"btipPosition":[12.784,235.717,22.494],"carpPosition":[19.3657,261.582,60.8801],"dipPosition":[15.1495,234.068,5.50017],"direction":[-0.423407,-0.429182,0.797828],"extended":false,"handId":506,"id":5064,"length":50.5107,"mcpPosition":[37.3655,270.414,6.47151],"pipPosition":[23.4308,242.462,-10.1044],"stabilizedTipPosition":[14.3606,208.256,5.95452],"timeVisible":274.046,"tipPosition":[13.1462,235.685,19.2193],"tipVelocity":[29.4694,93.7127,-233.705],"tool":false,"touchDistance":0.333333,"touchZone":"none","type":4,"width":16.0574}],"r":[[0.0920243,0.456839,0.884776],[0.635639,-0.710908,0.300953],[0.766482,0.534704,-0.355806]],"s":1.50619,"t":[12.8896,9.88125,11.2846],"timestamp":98088519437},false],[5,{"currentFrameRate":110.61,"devices":[],"gestures":[],"hands":[{"armBasis":[[0.976891,0.0055747,-0.213664],[0.102422,0.8652,0.490856],[0.187598,-0.501396,0.844635]],"armWidth":63.72,"confidence":0.705315,"direction":[0.0753448,0.299872,-0.951],"elbow":[53.5164,124.742,294.124],"grabStrength":0,"id":506,"palmNormal":[-0.119876,-0.94407,-0.307184],"palmPosition":[-1.13028,273.279,13.1232],"palmVelocity":[20.1055,98.2022,-242.017],"palmWidth":90.99,"pinchStrength":0.622446,"r":[[0.0881744,0.456997,0.885087],[0.634598,-0.710663,0.303716],[0.767796,0.534895,-0.352672]],"s":1.50584,"sphereCenter":[-21.841,260.693,-17.2082],"sphereRadius":49.2918,"stabilizedPalmPosition":[1.8571,252.55,16.9286],"t":[13.0372,10.7724,9.08877],"timeVisible":274.055,"type":"right","wrist":[2.86492,260.119,66.0724]}],"id":1827611,"interactionBox":{"center":[0,200,0],"size":[235.247,235.247,147.751]},"pointables":[{"bases":[[[0.520266,0.847729,0.10334],[-0.77248,0.415547,0.480203],[0.364139,-0.329662,0.871049]],[[0.465588,0.884843,-0.0167352],[-0.874667,0.457188,-0.161047],[-0.13485,0.0896194,0.986805]],[[0.465588,0.884843,-0.0167352],[-0.724363,0.370146,-0.581627],[-0.508454,0.282921,0.813283]],[[0.465588,0.884843,-0.0167352],[-0.525499,0.261194,-0.809709],[-0.712094,0.385785,0.586593]]],"btipPosition":[13.8246,229.658,-25.7106],"carpPosition":[-26.9084,252.806,65.0061],"dipPosition":[-2.84099,238.686,-11.9822],"direction":[0.508454,-0.282921,-0.813284],"extended":false,"handId":506,"id":5060,"length":52.1164,"mcpPosition":[-26.9084,252.806,65.0061],"pipPosition":[-20.177,248.333,15.7472],"stabilizedTipPosition":[7.39708,213.442,-10.9899],"timeVisible":274.055,"tipPosition":[10.3504,231.533,-22.0495],"tipVelocity":[31.3669,99.1047,-239.82],"tool":false,"touchDistance":-0.228439,"touchZone":"hovering","type":0,"width":20.25},{"bases":[[[0.988523,-0.0848511,-0.124991],[0.104912,0.980892,0.16384],[0.108701,-0.175073,0.978537]],[[0.987897,-0.12172,0.0961401],[0.0428793,0.809983,0.584884],[-0.149064,-0.573683,0.805399]],[[0.987897,-0.12172,0.0961401],[0.0709979,0.905932,0.417427],[-0.137906,-0.40555,0.90361]],[[0.987897,-0.12172,0.0961401],[0.0945241,0.963871,0.249035],[-0.122979,-0.236933,0.963711]]],"btipPosition":[-11.9326,324.746,-83.7785],"carpPosition":[-15.7741,273.369,61.1202],"dipPosition":[-14.0338,320.698,-67.3129],"direction":[0.137906,0.40555,-0.90361],"extended":true,"handId":506,"id":5061,"length":58.8075,"mcpPosition":[-23.7712,286.249,-10.8704],"pipPosition":[-17.3671,310.895,-45.4722],"stabilizedTipPosition":[-11.9435,310.402,-67.5053],"timeVisible":274.055,"tipPosition":[-12.5073,324.241,-79.7835],"tipVelocity":[66.6416,99.9888,-247.446],"tool":false,"touchDistance":-0.279848,"touchZone":"hovering","type":1,"width":19.3428},{"bases":[[[0.961654,-0.273691,-0.017725],[0.272885,0.948344,0.161794],[-0.0274721,-0.160427,0.986665]],[[0.961141,-0.276042,-0.0030783],[0.110873,0.396209,-0.911442],[0.252815,0.875682,0.411418]],[[0.961141,-0.276042,-0.0030783],[-0.235894,-0.815459,-0.528565],[0.143396,0.508751,-0.848887]],[[0.961141,-0.276042,-0.0030783],[-0.274247,-0.956049,0.103723],[-0.0315748,-0.0988478,-0.994601]]],"btipPosition":[-17.372,230.483,13.4618],"carpPosition":[-3.61855,274.108,59.3002],"dipPosition":[-17.9653,228.625,-5.22872],"direction":[-0.143396,-0.508751,0.848887],"extended":false,"handId":506,"id":5062,"length":67.0064,"mcpPosition":[-1.70188,285.301,-9.53751],"pipPosition":[-13.8877,243.092,-29.368],"stabilizedTipPosition":[-15.1164,206.536,5.0922],"timeVisible":274.055,"tipPosition":[-17.4046,230.427,10.2732],"tipVelocity":[18.0845,98.3295,-254.405],"tool":false,"touchDistance":0.333333,"touchZone":"none","type":2,"width":18.9972},{"bases":[[[0.923804,-0.365022,0.115518],[0.339878,0.92077,0.191484],[-0.176262,-0.137632,0.974674]],[[0.925828,-0.363365,0.103961],[0.243842,0.364122,-0.898864],[0.288762,0.857544,0.425718]],[[0.925828,-0.363365,0.103961],[-0.253713,-0.801409,-0.54164],[0.280128,0.475089,-0.834158]],[[0.925828,-0.363365,0.103961],[-0.371895,-0.924885,0.0792587],[0.0673521,-0.112043,-0.991418]]],"btipPosition":[-2.47353,230.987,19.9767],"carpPosition":[8.40571,271.748,58.4197],"dipPosition":[-1.21513,228.893,1.45304],"direction":[-0.280128,-0.475089,0.834158],"extended":false,"handId":506,"id":5063,"length":64.4285,"mcpPosition":[19.4467,280.369,-2.63388],"pipPosition":[6.54499,242.054,-21.6548],"stabilizedTipPosition":[0.263791,203.826,8.11852],"timeVisible":274.055,"tipPosition":[-2.16025,230.854,16.6185],"tipVelocity":[15.5215,94.5131,-253.796],"tool":false,"touchDistance":0.333333,"touchZone":"none","type":3,"width":18.077},{"bases":[[[0.828253,-0.525584,0.194312],[0.46251,0.836985,0.292473],[-0.316356,-0.152371,0.936324]],[[0.836206,-0.521441,0.16988],[0.380881,0.329319,-0.86399],[0.394575,0.787177,0.473985]],[[0.836206,-0.521441,0.16988],[-0.340742,-0.736715,-0.584077],[0.429715,0.430523,-0.793722]],[[0.836206,-0.521441,0.16988],[-0.529665,-0.848199,0.00366943],[0.142179,-0.0930479,-0.985458]]],"btipPosition":[12.634,236.545,20.2244],"carpPosition":[19.0973,262.36,58.7667],"dipPosition":[15.0847,234.941,3.23829],"direction":[-0.429715,-0.430523,0.793722],"extended":false,"handId":506,"id":5064,"length":50.5107,"mcpPosition":[37.4413,271.195,4.47377],"pipPosition":[23.4894,243.361,-12.286],"stabilizedTipPosition":[14.3591,208.293,5.96813],"timeVisible":274.055,"tipPosition":[13.0123,236.524,16.955],"tipVelocity":[17.6331,94.5084,-241.139],"tool":false,"touchDistance":0.333333,"touchZone":"none","type":4,"width":16.0574}],"r":[[0.0881744,0.456997,0.885087],[0.634598,-0.710663,0.303716],[0.767796,0.534895,-0.352672]],"s":1.50584,"t":[13.0372,10.7724,9.08877],"timestamp":98088528104},false],[6,{"currentFrameRate":110.603,"devices":[],"gestures":[],"hands":[{"armBasis":[[0.978205,-0.00524569,-0.207575],[0.107884,0.866996,0.486497],[0.177414,-0.498287,0.848666]],"armWidth":63.72,"confidence":0.649735,"direction":[0.0770538,0.302634,-0.949987],"elbow":[50.9202,126.365,293.291],"grabStrength":0,"id":506,"palmNormal":[-0.124949,-0.942377,-0.310344],"palmPosition":[-0.900705,274.26,11.2459],"palmVelocity":[21.5547,101.027,-232.449],"palmWidth":90.99,"pinchStrength":0.629649,"r":[[0.0855727,0.456439,0.88563],[0.632985,-0.711354,0.305459],[0.76942,0.534452,-0.349792]],"s":1.50529,"sphereCenter":[-21.65,261.851,-19.1415],"sphereRadius":49.2645,"stabilizedPalmPosition":[1.85177,252.592,16.9176],"t":[13.2258,11.7089,7.05222],"timeVisible":274.064,"type":"right","wrist":[3.01834,260.902,64.1511]}],"id":1827612,"interactionBox":{"center":[0,200,0],"size":[235.247,235.247,147.751]},"pointables":[{"bases":[[[0.524831,0.844554,0.10621],[-0.770268,0.418111,0.48153],[0.36227,-0.334532,0.86997]],[[0.470356,0.88237,-0.0137657],[-0.872191,0.462442,-0.159466],[-0.134342,0.0870122,0.987107]],[[0.470356,0.88237,-0.0137657],[-0.722408,0.376034,-0.58028],[-0.506845,0.282882,0.814301]],[[0.470356,0.88237,-0.0137657],[-0.52424,0.266835,-0.808685],[-0.709886,0.387586,0.58808]]],"btipPosition":[13.8071,230.695,-27.7431],"carpPosition":[-26.794,253.755,63.0582],"dipPosition":[-2.80679,239.766,-13.9799],"direction":[0.506845,-0.282882,-0.814301],"extended":false,"handId":506,"id":5060,"length":52.1164,"mcpPosition":[-26.794,253.755,63.0582],"pipPosition":[-20.088,249.411,13.7841],"stabilizedTipPosition":[7.40571,213.507,-11.0351],"timeVisible":274.064,"tipPosition":[10.3421,232.578,-24.0805],"tipVelocity":[22.5399,103.678,-235.345],"tool":false,"touchDistance":-0.262181,"touchZone":"hovering","type":0,"width":20.25},{"bases":[[[0.988062,-0.0897757,-0.125199],[0.110198,0.979758,0.167123],[0.107661,-0.178925,0.977955]],[[0.987208,-0.12739,0.0958748],[0.0472281,0.807997,0.587291],[-0.152281,-0.575251,0.803677]],[[0.987208,-0.12739,0.0958748],[0.0758599,0.904206,0.420307],[-0.140233,-0.407657,0.902303]],[[0.987208,-0.12739,0.0958748],[0.0996985,0.962499,0.2523],[-0.12442,-0.239514,0.962888]]],"btipPosition":[-11.4113,326.092,-85.4944],"carpPosition":[-15.5484,274.269,59.2418],"dipPosition":[-13.5371,322,-69.0428],"direction":[0.140233,0.407657,-0.902303],"extended":true,"handId":506,"id":5061,"length":58.8075,"mcpPosition":[-23.4689,287.433,-12.7059],"pipPosition":[-16.9266,312.147,-47.2338],"stabilizedTipPosition":[-11.9435,310.429,-67.5312],"timeVisible":274.064,"tipPosition":[-11.9891,325.575,-81.5015],"tipVelocity":[63.9692,113.127,-231.558],"tool":false,"touchDistance":-0.305984,"touchZone":"hovering","type":1,"width":19.3428},{"bases":[[[0.960163,-0.278824,-0.0185662],[0.277992,0.94631,0.164981],[-0.0284314,-0.16357,0.986122]],[[0.959636,-0.281216,-0.00396116],[0.113311,0.399483,-0.909711],[0.257408,0.872543,0.415223]],[[0.959636,-0.281216,-0.00396116],[-0.240113,-0.811877,-0.532167],[0.146438,0.511638,-0.84663]],[[0.959636,-0.281216,-0.00396116],[-0.279434,-0.954963,0.0998139],[-0.031852,-0.0946781,-0.994998]]],"btipPosition":[-17.3779,231.534,11.3846],"carpPosition":[-3.38878,274.949,57.4252],"dipPosition":[-17.9765,229.755,-7.31338],"direction":[-0.146438,-0.511638,0.84663],"extended":false,"handId":506,"id":5062,"length":67.0064,"mcpPosition":[-1.40518,286.361,-11.3746],"pipPosition":[-13.8123,244.304,-31.3885],"stabilizedTipPosition":[-15.1174,206.546,5.09305],"timeVisible":274.064,"tipPosition":[-17.4119,231.485,8.17921],"tipVelocity":[12.8755,103.784,-247.563],"tool":false,"touchDistance":0.333333,"touchZone":"none","type":2,"width":18.9972},{"bases":[[[0.921807,-0.370394,0.114368],[0.344833,0.918274,0.194584],[-0.177094,-0.139931,0.974195]],[[0.923884,-0.368672,0.102563],[0.246411,0.368086,-0.896546],[0.29278,0.853577,0.430914]],[[0.923884,-0.368672,0.102563],[-0.25733,-0.79691,-0.546549],[0.283231,0.478555,-0.831123]],[[0.923884,-0.368672,0.102563],[-0.376716,-0.923334,0.0744335],[0.067258,-0.107405,-0.991938]]],"btipPosition":[-2.46817,231.904,17.8182],"carpPosition":[8.62263,272.527,56.5378],"dipPosition":[-1.21152,229.898,-0.715156],"direction":[-0.283231,-0.478555,0.831123],"extended":false,"handId":506,"id":5063,"length":64.4285,"mcpPosition":[19.7158,281.292,-4.48585],"pipPosition":[6.63454,243.154,-23.7389],"stabilizedTipPosition":[0.262102,203.845,8.12228],"timeVisible":274.064,"tipPosition":[-2.15729,231.786,14.4592],"tipVelocity":[11.3891,97.007,-249.615],"tool":false,"touchDistance":0.333333,"touchZone":"none","type":3,"width":18.077},{"bases":[[[0.825382,-0.5307,0.192619],[0.467,0.833491,0.295302],[-0.317263,-0.153784,0.935786]],[[0.834119,-0.526084,0.165772],[0.383544,0.337204,-0.85976],[0.396407,0.780724,0.483044]],[[0.834119,-0.526084,0.165772],[-0.342062,-0.72913,-0.592758],[0.43271,0.437727,-0.788135]],[[0.834119,-0.526084,0.165772],[-0.532881,-0.84618,-0.0040762],[0.142417,-0.0849366,-0.986156]]],"btipPosition":[12.7251,237.294,17.9256],"carpPosition":[19.2633,263.08,56.8542],"dipPosition":[15.18,235.83,0.927397],"direction":[-0.43271,-0.437727,0.788135],"extended":false,"handId":506,"id":5064,"length":50.5107,"mcpPosition":[37.6599,271.998,2.59248],"pipPosition":[23.6432,244.392,-14.4876],"stabilizedTipPosition":[14.3578,208.328,5.97785],"timeVisible":274.064,"tipPosition":[13.0994,237.322,14.7113],"tipVelocity":[15.5724,92.2587,-244.747],"tool":false,"touchDistance":0.333333,"touchZone":"none","type":4,"width":16.0574}],"r":[[0.0855727,0.456439,0.88563],[0.632985,-0.711354,0.305459],[0.76942,0.534452,-0.349792]],"s":1.50529,"t":[13.2258,11.7089,7.05222],"timestamp":98