{"sensorType":"Leap","data":[[0,{"currentFrameRate":110.607,"devices":[],"gestures":[],"hands":[{"armBasis":[[0.973407,0.0116433,-0.228786],[0.0959687,0.88612,0.45341],[0.208011,-0.463309,0.861438]],"armWidth":63.72,"confidence":0.647168,"direction":[0.0328164,0.215227,-0.976012],"elbow":[50.7472,125.29,311.305],"grabStrength":0,"id":506,"palmNormal":[-0.107506,-0.970113,-0.217541],"palmPosition":[-11.6826,258.669,25.0057],"palmVelocity":[-32.0168,153.497,-277.904],"palmWidth":90.99,"pinchStrength":0.624683,"r":[[0.109297,0.520876,0.846607],[0.668725,-0.668681,0.325074],[0.735433,0.530617,-0.421407]],"s":1.52593,"sphereCenter":[-33.0518,245.524,-2.52386],"sphereRadius":49.8729,"stabilizedPalmPosition":[-0.43467,233.862,2.67776],"t":[2.98015,-4.31752,21.6612],"timeVisible":268.361,"type":"right","wrist":[-5.41583,250.383,78.7164]}],"id":1826991,"interactionBox":{"center":[0,200,0],"size":[235.247,235.247,147.751]},"pointables":[{"bases":[[[0.502407,0.864598,0.00762249],[-0.764423,0.440042,0.471191],[0.404036,-0.242556,0.881998]],[[0.445782,0.888748,-0.106795],[-0.888082,0.424154,-0.177209],[-0.112196,0.173839,0.978362]],[[0.445782,0.888748,-0.106795],[-0.790684,0.33502,-0.512426],[-0.419639,0.312872,0.852065]],[[0.445782,0.888748,-0.106795],[-0.356807,0.0670036,-0.931772],[-0.820955,0.453473,0.346981]]],"btipPosition":[4.10511,212.406,-6.55083],"carpPosition":[-35.0166,242.365,79.4589],"dipPosition":[-15.1082,223.019,1.56976],"direction":[0.419639,-0.312872,-0.852065],"extended":false,"handId":506,"id":5060,"length":52.1164,"mcpPosition":[-35.0166,242.365,79.4589],"pipPosition":[-29.416,233.687,30.6214],"stabilizedTipPosition":[2.40418,191.888,20.5954],"timeVisible":268.361,"tipPosition":[0.0672785,214.73,-4.0276],"tipVelocity":[-34.6675,133.857,-251.737],"tool":false,"touchDistance":-0.380393,"touchZone":"hovering","type":0,"width":20.25},{"bases":[[[0.985066,-0.0743381,-0.1553],[0.0863667,0.993644,0.0721906],[0.148947,-0.0845253,0.985226]],[[0.993014,-0.0917065,0.0742526],[0.0352511,0.831091,0.555018],[-0.112609,-0.548524,0.828517]],[[0.993014,-0.0917065,0.0742526],[0.0545268,0.914683,0.400477],[-0.104644,-0.393631,0.913293]],[[0.993014,-0.0917065,0.0742526],[0.0710184,0.967026,0.244575],[-0.0942333,-0.237593,0.966783]]],"btipPosition":[-26.5298,306.091,-73.3316],"carpPosition":[-24.5491,262.733,73.3389],"dipPosition":[-28.1398,302.031,-56.8135],"direction":[0.104644,0.393631,-0.913293],"extended":true,"handId":506,"id":5061,"length":58.8075,"mcpPosition":[-35.5071,268.951,0.856224],"pipPosition":[-30.6691,292.517,-34.7389],"stabilizedTipPosition":[-18.3605,288.338,-57.2651],"timeVisible":268.361,"tipPosition":[-26.9128,304.911,-69.6296],"tipVelocity":[1.3263,110.327,-307.111],"tool":false,"touchDistance":-0.394214,"touchZone":"hovering","type":1,"width":19.3428},{"bases":[[[0.96688,-0.25337,-0.030781],[0.25491,0.964675,0.0665089],[0.0128423,-0.0721525,0.997311]],[[0.966759,-0.252832,-0.0381167],[0.0253922,0.243272,-0.969626],[0.254425,0.936426,0.241605]],[[0.966759,-0.252832,-0.0381167],[-0.250199,-0.904701,-0.344843],[0.0527032,0.342917,-0.937886]],[[0.966759,-0.252832,-0.0381167],[-0.232128,-0.930371,0.283772],[-0.10721,-0.265492,-0.958134]]],"btipPosition":[-25.1343,218.704,34.4392],"carpPosition":[-12.4909,263.568,70.9897],"dipPosition":[-27.149,213.715,16.434],"direction":[-0.0527032,-0.342917,0.937886],"extended":false,"handId":506,"id":5062,"length":67.0064,"mcpPosition":[-13.3869,268.602,1.40934],"pipPosition":[-25.6503,223.466,-10.2361],"stabilizedTipPosition":[-19.9797,196.121,18.704],"timeVisible":268.361,"tipPosition":[-25.3959,217.927,30.9642],"tipVelocity":[-46.4205,150.297,-276.6],"tool":false,"touchDistance":0.333333,"touchZone":"none","type":2,"width":18.9972},{"bases":[[[0.936245,-0.333222,0.111391],[0.323617,0.941316,0.095898],[-0.13681,-0.0537359,0.989139]],[[0.938676,-0.332141,0.0925787],[0.172142,0.218781,-0.96047],[0.298757,0.917506,0.26254]],[[0.938676,-0.332141,0.0925787],[-0.27864,-0.888857,-0.36372],[0.203095,0.315619,-0.926896]],[[0.938676,-0.332141,0.0925787],[-0.34479,-0.901995,0.259856],[-0.00280314,-0.275841,-0.961199]]],"btipPosition":[-10.8044,220.181,39.8012],"carpPosition":[-0.452018,261.399,69.8551],"dipPosition":[-10.8567,215.028,21.8422],"direction":[-0.203095,-0.315619,0.926896],"extended":false,"handId":506,"id":5063,"length":64.4285,"mcpPosition":[8.11775,264.765,7.89548],"pipPosition":[-5.23058,223.771,-3.83469],"stabilizedTipPosition":[-4.21651,195.697,17.4062],"timeVisible":268.361,"tipPosition":[-10.7197,219.35,36.1785],"tipVelocity":[-43.4712,158.322,-253.166],"tool":false,"touchDistance":0.333333,"touchZone":"none","type":3,"width":18.077},{"bases":[[[0.847691,-0.488123,0.207738],[0.451931,0.869558,0.199065],[-0.277809,-0.0748622,0.957715]],[[0.854766,-0.485964,0.182248],[0.319721,0.216413,-0.922466],[0.408845,0.846761,0.340355]],[[0.854766,-0.485964,0.182248],[-0.37318,-0.819497,-0.434928],[0.360711,0.30375,-0.88183]],[[0.854766,-0.485964,0.182248],[-0.514129,-0.840865,0.169165],[0.0710376,-0.238296,-0.968591]]],"btipPosition":[3.84881,224.879,36.9909],"carpPosition":[10.476,252.313,70.6159],"dipPosition":[5.07327,220.772,20.2955],"direction":[-0.360711,-0.30375,0.88183],"extended":false,"handId":506,"id":5064,"length":50.5107,"mcpPosition":[26.5848,256.654,15.0826],"pipPosition":[12.1283,226.713,3.04793],"stabilizedTipPosition":[11.0155,197.499,13.5282],"timeVisible":268.361,"tipPosition":[4.36229,224.138,33.6632],"tipVelocity":[-45.5759,150.466,-265.444],"tool":false,"touchDistance":0.333333,"touchZone":"none","type":4,"width":16.0574}],"r":[[0.109297,0.520876,0.846607],[0.668725,-0.668681,0.325074],[0.735433,0.530617,-0.421407]],"s":1.52593,"t":[2.98015,-4.31752,21.6612],"timestamp":98082833912},false],[1,{"currentFrameRate":110.565,"devices":[],"gestures":[],"hands":[{"armBasis":[[0.972524,-0.00232942,-0.23279],[0.107298,0.891892,0.439335],[0.2066,-0.452242,0.867637]],"armWidth":63.72,"confidence":0.649552,"direction":[0.0352326,0.2164,-0.975669],"elbow":[50.1847,129.424,310.173],"grabStrength":0,"id":506,"palmNormal":[-0.118702,-0.968458,-0.219087],"palmPosition":[-11.7716,259.973,22.2138],"palmVelocity":[-25.8375,150.581,-285.748],"palmWidth":90.99,"pinchStrength":0.626971,"r":[[0.10953,0.523283,0.845091],[0.66599,-0.669779,0.328412],[0.737876,0.526851,-0.421862]],"s":1.52592,"sphereCenter":[-33.5119,247.215,-5.34491],"sphereRadius":49.9774,"stabilizedPalmPosition":[-0.500802,234.014,2.79172],"t":[2.76178,-2.97983,18.8224],"timeVisible":268.37,"type":"right","wrist":[-5.5973,251.53,75.9107]}],"id":1826992,"interactionBox":{"center":[0,200,0],"size":[235.247,235.247,147.751]},"pointables":[{"bases":[[[0.512346,0.858732,0.0089664],[-0.759266,0.448073,0.47196],[0.40127,-0.248615,0.881574]],[[0.455999,0.883717,-0.105403],[-0.883144,0.43466,-0.176428],[-0.110098,0.173537,0.978654]],[[0.455999,0.883717,-0.105403],[-0.786858,0.344987,-0.511702],[-0.415837,0.316272,0.852673]],[[0.455999,0.883717,-0.105403],[-0.356633,0.0729336,-0.931394],[-0.815401,0.462304,0.34842]]],"btipPosition":[3.46882,213.586,-9.43591],"carpPosition":[-35.2885,243.851,76.6428],"dipPosition":[-15.6145,224.405,-1.28164],"direction":[0.415837,-0.316272,-0.852673],"extended":false,"handId":506,"id":5060,"length":52.1164,"mcpPosition":[-35.2885,243.851,76.6428],"pipPosition":[-29.7927,235.189,27.7908],"stabilizedTipPosition":[2.38352,192.038,20.4204],"timeVisible":268.37,"tipPosition":[-0.544074,215.952,-6.9119],"tipVelocity":[-43.5053,134.046,-269.45],"tool":false,"touchDistance":-0.413847,"touchZone":"hovering","type":0,"width":20.25},{"bases":[[[0.984133,-0.0854452,-0.155502],[0.097826,0.992465,0.0737763],[0.148027,-0.0878179,0.985077]],[[0.992007,-0.10318,0.0726322],[0.0454975,0.82939,0.556815],[-0.117693,-0.54906,0.827455]],[[0.992007,-0.10318,0.0726322],[0.0653254,0.912434,0.403977],[-0.107954,-0.396003,0.911881]],[[0.992007,-0.10318,0.0726322],[0.0820654,0.964823,0.249765],[-0.095848,-0.241808,0.965579]]],"btipPosition":[-26.1742,307.86,-76.0046],"carpPosition":[-24.5872,264.107,70.5546],"dipPosition":[-27.8118,303.728,-59.5071],"direction":[0.107954,0.396003,-0.911881],"extended":true,"handId":506,"id":5061,"length":58.8075,"mcpPosition":[-35.4775,270.568,-1.91709],"pipPosition":[-30.4211,294.157,-37.4665],"stabilizedTipPosition":[-18.3826,288.388,-57.3055],"timeVisible":268.37,"tipPosition":[-26.5305,306.631,-72.3151],"tipVelocity":[11.5911,133.058,-303.371],"tool":false,"touchDistance":-0.423292,"touchZone":"hovering","type":1,"width":19.3428},{"bases":[[[0.963891,-0.264455,-0.0312685],[0.266023,0.961563,0.068034],[0.0120747,-0.0738955,0.997193]],[[0.963776,-0.263904,-0.0386034],[0.0281287,0.244504,-0.96924],[0.265225,0.933045,0.243071]],[[0.963776,-0.263904,-0.0386034],[-0.26064,-0.901204,-0.346263],[0.0565908,0.343782,-0.937343]],[[0.963776,-0.263904,-0.0386034],[-0.242824,-0.928085,0.282301],[-0.110328,-0.262701,-0.958549]]],"btipPosition":[-25.6827,220.151,31.5852],"carpPosition":[-12.5203,264.808,68.2058],"dipPosition":[-27.756,215.214,13.5722],"direction":[-0.0565908,-0.343782,0.937343],"extended":false,"handId":506,"id":5062,"length":67.0064,"mcpPosition":[-13.3628,269.963,-1.36639],"pipPosition":[-26.1467,224.99,-13.0825],"stabilizedTipPosition":[-20.0024,196.205,18.736],"timeVisible":268.37,"tipPosition":[-25.954,219.382,28.1071],"tipVelocity":[-50.6391,152.985,-286.754],"tool":false,"touchDistance":0.333333,"touchZone":"none","type":2,"width":18.9972},{"bases":[[[0.932347,-0.344176,0.110778],[0.334458,0.937366,0.0973798],[-0.137356,-0.053741,0.989063]],[[0.934805,-0.343085,0.0918289],[0.173987,0.216965,-0.960549],[0.309626,0.913903,0.262512]],[[0.934805,-0.343085,0.0918289],[-0.289231,-0.88544,-0.363788],[0.206119,0.313511,-0.926944]],[[0.934805,-0.343085,0.0918289],[-0.355103,-0.898166,0.25923],[-0.00646035,-0.274939,-0.96144]]],"btipPosition":[-11.3266,221.487,37.0246],"carpPosition":[-0.507355,262.501,67.0667],"dipPosition":[-11.4473,216.35,19.0611],"direction":[-0.206119,-0.313511,0.926944],"extended":false,"handId":506,"id":5063,"length":64.4285,"mcpPosition":[8.0966,265.867,5.11179],"pipPosition":[-5.73736,225.035,-6.61715],"stabilizedTipPosition":[-4.24542,195.796,17.469],"timeVisible":268.37,"tipPosition":[-11.2606,220.631,33.3498],"tipVelocity":[-47.7799,154.22,-267.448],"tool":false,"touchDistance":0.333333,"touchZone":"none","type":3,"width":18.077},{"bases":[[[0.842019,-0.4982,0.206884],[0.461943,0.863968,0.200421],[-0.278591,-0.0731893,0.957617]],[[0.848857,-0.496169,0.182369],[0.323971,0.215683,-0.921153],[0.417714,0.841009,0.343829]],[[0.848857,-0.496169,0.182369],[-0.381438,-0.813755,-0.438528],[0.365988,0.302685,-0.88002]],[[0.848857,-0.496169,0.182369],[-0.523964,-0.835422,0.165928],[0.0700264,-0.236404,-0.969128]]],"btipPosition":[3.33398,225.949,34.0436],"carpPosition":[10.3152,253.288,67.812],"dipPosition":[4.54101,221.875,17.339],"direction":[-0.365988,-0.302685,0.88002],"extended":false,"handId":506,"id":5064,"length":50.5107,"mcpPosition":[26.4693,257.532,12.2843],"pipPosition":[11.6993,227.795,0.126838],"stabilizedTipPosition":[10.9749,197.65,13.6196],"timeVisible":268.37,"tipPosition":[3.84605,225.216,30.727],"tipVelocity":[-48.7192,141.504,-281.544],"tool":false,"touchDistance":0.333333,"touchZone":"none","type":4,"width":16.0574}],"r":[[0.10953,0.523283,0.845091],[0.66599,-0.669779,0.328412],[0.737876,0.526851,-0.421862]],"s":1.52592,"t":[2.76178,-2.97983,18.8224],"timestamp":98082843031},false],[2,{"currentFrameRate":110.611,"devices":[],"gestures":[],"hands":[{"armBasis":[[0.972631,-0.0150197,-0.231869],[0.116003,0.896034,0.428564],[0.201325,-0.443732,0.873253]],"armWidth":63.72,"confidence":0.652802,"direction":[0.0344361,0.216465,-0.975683],"elbow":[48.6275,133.146,309.55],"grabStrength":0,"id":506,"palmNormal":[-0.126695,-0.96744,-0.219107],"palmPosition":[-11.9748,261.464,20.0936],"palmVelocity":[-24.9742,154.899,-272.322],"palmWidth":90.99,"pinchStrength":0.628866,"r":[[0.110955,0.524977,0.843853],[0.66293,-0.671685,0.330702],[0.740414,0.522722,-0.42255]],"s":1.52613,"sphereCenter":[-34.1626,249.011,-7.42267],"sphereRadius":50.1177,"stabilizedPalmPosition":[-0.566445,234.172,2.8907],"t":[2.55099,-1.56575,16.3429],"timeVisible":268.379,"type":"right","wrist":[-5.73029,252.954,73.7719]}],"id":1826993,"interactionBox":{"center":[0,200,0],"size":[235.247,235.247,147.751]},"pointables":[{"bases":[[[0.518953,0.854765,0.0079583],[-0.754607,0.453731,0.474022],[0.401567,-0.252001,0.880477]],[[0.462514,0.880222,-0.106255],[-0.88022,0.441505,-0.174032],[-0.106274,0.17402,0.978991]],[[0.462514,0.880222,-0.106255],[-0.785521,0.351251,-0.509489],[-0.411141,0.319112,0.853891]],[[0.462514,0.880222,-0.106255],[-0.358926,0.0763052,-0.930242],[-0.810711,0.468388,0.351227]]],"btipPosition":[2.81889,214.975,-11.6264],"carpPosition":[-35.4777,245.504,74.5764],"dipPosition":[-16.1547,225.937,-3.40643],"direction":[0.411141,-0.319112,-0.853891],"extended":false,"handId":506,"id":5060,"length":52.1164,"mcpPosition":[-35.4777,245.504,74.5764],"pipPosition":[-30.1728,236.817,25.7075],"stabilizedTipPosition":[2.36,192.191,20.2399],"timeVisible":268.379,"tipPosition":[-1.1716,217.372,-9.09477],"tipVelocity":[-50.6776,140.798,-262.164],"tool":false,"touchDistance":-0.433426,"touchZone":"hovering","type":0,"width":20.25},{"bases":[[[0.983052,-0.0929529,-0.158013],[0.105638,0.991658,0.0738581],[0.149829,-0.0892986,0.984671]],[[0.991507,-0.110706,0.0682518],[0.0541331,0.828477,0.557401],[-0.118252,-0.548973,0.827433]],[[0.991507,-0.110706,0.0682518],[0.073658,0.910524,0.406842],[-0.107185,-0.39836,0.910945]],[[0.991507,-0.110706,0.0682518],[0.0899414,0.962749,0.254999],[-0.0939392,-0.246695,0.964529]]],"btipPosition":[-26.3832,309.677,-78.0199],"carpPosition":[-24.6364,265.679,68.4679],"dipPosition":[-27.9882,305.462,-61.5404],"direction":[0.107185,0.39836,-0.910945],"extended":true,"handId":506,"id":5061,"length":58.8075,"mcpPosition":[-35.6593,272.249,-3.97394],"pipPosition":[-30.5789,295.834,-39.5225],"stabilizedTipPosition":[-18.4057,288.444,-57.3522],"timeVisible":268.379,"tipPosition":[-26.69,308.386,-74.3433],"tipVelocity":[2.27009,151.568,-282.048],"tool":false,"touchDistance":-0.439588,"touchZone":"hovering","type":1,"width":19.3428},{"bases":[[[0.961748,-0.271845,-0.0337877],[0.273578,0.959466,0.0676812],[0.0140193,-0.0743358,0.997135]],[[0.961619,-0.271292,-0.0411143],[0.0275242,0.244455,-0.96927],[0.273005,0.930936,0.24254]],[[0.961619,-0.271292,-0.0411143],[-0.268437,-0.899096,-0.345787],[0.0568434,0.343552,-0.937412]],[[0.961619,-0.271292,-0.0411143],[-0.249238,-0.926281,0.282639],[-0.114761,-0.261544,-0.958345]]],"btipPosition":[-26.1673,221.748,29.4961],"carpPosition":[-12.5704,266.288,66.0889],"dipPosition":[-28.3239,216.833,11.4869],"direction":[-0.0568434,-0.343552,0.937412],"extended":false,"handId":506,"id":5062,"length":67.0064,"mcpPosition":[-13.5485,271.474,-3.47924],"pipPosition":[-26.7075,226.602,-15.1697],"stabilizedTipPosition":[-20.0287,196.302,18.7622],"timeVisible":268.379,"tipPosition":[-26.4564,220.977,26.0057],"tipVelocity":[-52.1702,160.052,-272.075],"tool":false,"touchDistance":0.333333,"touchZone":"none","type":2,"width":18.9972},{"bases":[[[0.92995,-0.351371,0.108312],[0.341899,0.934733,0.0968462],[-0.135272,-0.0530304,0.989388]],[[0.932385,-0.350284,0.0892193],[0.172202,0.213426,-0.961663],[0.317813,0.912004,0.259315]],[[0.932385,-0.350284,0.0892193],[-0.297542,-0.883899,-0.360819],[0.20525,0.309876,-0.928359]],[[0.932385,-0.350284,0.0892193],[-0.361278,-0.895073,0.261385],[-0.011701,-0.275944,-0.961103]]],"btipPosition":[-11.772,223.035,35.032],"carpPosition":[-0.578455,263.889,64.9187],"dipPosition":[-11.9906,217.879,17.0747],"direction":[-0.20525,-0.309876,0.928358],"extended":false,"handId":506,"id":5063,"length":64.4285,"mcpPosition":[7.89496,267.211,2.94342],"pipPosition":[-6.30481,226.463,-8.64265],"stabilizedTipPosition":[-4.27892,195.912,17.5284],"timeVisible":268.379,"tipPosition":[-11.7348,222.134,31.2785],"tipVelocity":[-48.9987,159.165,-255.087],"tool":false,"touchDistance":0.333333,"touchZone":"none","type":3,"width":18.077},{"bases":[[[0.838683,-0.50473,0.204594],[0.469075,0.860321,0.199541],[-0.276731,-0.0713815,0.958293]],[[0.845256,-0.502815,0.180884],[0.324854,0.214751,-0.92106],[0.424278,0.837293,0.344861]],[[0.845256,-0.502815,0.180884],[-0.387774,-0.810076,-0.439783],[0.367659,0.301587,-0.8797]],[[0.845256,-0.502815,0.180884],[-0.530107,-0.831653,0.165348],[0.0672929,-0.235649,-0.969506]]],"btipPosition":[2.86807,227.289,31.7899],"carpPosition":[10.1748,254.593,65.6336],"dipPosition":[4.02798,223.228,15.0787],"direction":[-0.367659,-0.301587,0.8797],"extended":false,"handId":506,"id":5064,"length":50.5107,"mcpPosition":[26.2211,258.732,10.0668],"pipPosition":[11.2189,229.126,-2.12715],"stabilizedTipPosition":[10.9333,197.802,13.6956],"timeVisible":268.379,"tipPosition":[3.37158,226.559,28.48],"tipVelocity":[-49.9487,143.801,-273.389],"tool":false,"touchDistance":0.333333,"touchZone":"none","type":4,"width":16.0574}],"r":[[0.110955,0.524977,0.843853],[0.66293,-0.671685,0.330702],[0.740414,0.522722,-0.42255]],"s":1.52613,"t":[2.55099,-1.56575,16.3429],"timestamp":98082851990},false],[3,{"currentFrameRate":110.543,"devices":[],"gestures":[],"hands":[{"armBasis":[[0.972837,-0.0306468,-0.229454],[0.126712,0.90002,0.417023],[0.193733,-0.43477,0.879456]],"armWidth":63.72,"confidence":0.655788,"direction":[0.0319769,0.218422,-0.97533],"elbow":[46.2529,136.686,310.037],"grabStrength":0,"id":506,"palmNormal":[-0.136227,-0.96577,-0.220748],"palmPosition":[-12.4645,262.763,18.9542],"palmVelocity":[-32.9088,151.24,-231.045],"palmWidth":90.99,"pinchStrength":0.630504,"r":[[0.113787,0.525738,0.843002],[0.659583,-0.674516,0.331632],[0.742969,0.518294,-0.423519]],"s":1.52654,"sphereCenter":[-35.1469,250.703,-8.49077],"sphereRadius":50.2559,"stabilizedPalmPosition":[-0.640585,234.35,2.9908],"t":[2.20074,-0.208936,14.5334],"timeVisible":268.388,"type":"right","wrist":[-6.05504,254.074,72.5843]}],"id":1826994,"interactionBox":{"center":[0,200,0],"size":[235.247,235.247,147.751]},"pointables":[{"bases":[[[0.526523,0.850127,0.00757755],[-0.748433,0.459275,0.478451],[0.403264,-0.257587,0.878082]],[[0.469803,0.876346,-0.106318],[-0.877052,0.449674,-0.169034],[-0.100324,0.172659,0.979859]],[[0.469803,0.876346,-0.106318],[-0.784708,0.359406,-0.505036],[-0.404375,0.320696,0.856525]],[[0.469803,0.876346,-0.106318],[-0.362896,0.0819352,-0.92822],[-0.804731,0.474663,0.356516]]],"btipPosition":[1.76563,216.223,-12.9541],"carpPosition":[-35.8633,246.885,73.5056],"dipPosition":[-17.068,227.332,-4.61035],"direction":[0.404375,-0.320696,-0.856525],"extended":false,"handId":506,"id":5060,"length":52.1164,"mcpPosition":[-35.8633,246.885,73.5056],"pipPosition":[-30.8554,238.266,24.5934],"stabilizedTipPosition":[2.32774,192.365,20.0351],"timeVisible":268.388,"tipPosition":[-2.19444,218.651,-10.4024],"tipVelocity":[-67.6102,140.535,-228.584],"tool":false,"touchDistance":-0.437906,"touchZone":"hovering","type":0,"width":20.25},{"bases":[[[0.981474,-0.101266,-0.162649],[0.114735,0.990511,0.0756501],[0.153445,-0.0929101,0.98378]],[[0.990909,-0.119501,0.0618042],[0.064744,0.826257,0.55956],[-0.117934,-0.550471,0.826482]],[[0.990909,-0.119501,0.0618042],[0.0838062,0.907641,0.411295],[-0.105246,-0.402376,0.909404]],[[0.990909,-0.119501,0.0618042],[0.0994464,0.959995,0.261763],[-0.0906127,-0.253237,0.963151]]],"btipPosition":[-27.0015,311.515,-78.9261],"carpPosition":[-24.8714,266.978,67.3946],"dipPosition":[-28.5497,307.188,-62.4701],"direction":[0.105246,0.402376,-0.909404],"extended":true,"handId":506,"id":5061,"length":58.8075,"mcpPosition":[-36.1603,273.813,-4.98172],"pipPosition":[-31.0936,297.463,-40.4894],"stabilizedTipPosition":[-18.4366,288.52,-57.4136],"timeVisible":268.388,"tipPosition":[-27.2609,310.158,-75.2656],"tipVelocity":[-16.7785,164.425,-231.128],"tool":false,"touchDistance":-0.437636,"touchZone":"hovering","type":1,"width":19.3428},{"bases":[[[0.959145,-0.280251,-0.0387384],[0.282354,0.956851,0.0686437],[0.0178294,-0.0767772,0.996889]],[[0.958989,-0.279683,-0.046021],[0.0252388,0.245977,-0.968947],[0.282318,0.928048,0.242948]],[[0.958989,-0.279683,-0.046021],[-0.277938,-0.896034,-0.346229],[0.0555979,0.34482,-0.937021]],[[0.958989,-0.279683,-0.046021],[-0.25614,-0.924641,0.281837],[-0.121378,-0.25849,-0.958358]]],"btipPosition":[-26.9632,223.162,28.3564],"carpPosition":[-12.8114,267.485,64.9626],"dipPosition":[-29.2441,218.304,10.347],"direction":[-0.0555979,-0.34482,0.937021],"extended":false,"handId":506,"id":5062,"length":67.0064,"mcpPosition":[-14.0553,272.842,-4.58832],"pipPosition":[-27.6631,228.109,-16.2985],"stabilizedTipPosition":[-20.0648,196.426,18.7886],"timeVisible":268.388,"tipPosition":[-27.2807,222.388,24.8397],"tipVelocity":[-62.7045,158.83,-230.877],"tool":false,"touchDistance":0.333333,"touchZone":"none","type":2,"width":18.9972},{"bases":[[[0.927282,-0.359824,0.103321],[0.350583,0.931448,0.0974443],[-0.131301,-0.0541358,0.989863]],[[0.929673,-0.358696,0.0839397],[0.168149,0.210447,-0.963036],[0.327772,0.909422,0.255962]],[[0.929673,-0.358696,0.0839397],[-0.30786,-0.881625,-0.357714],[0.202314,0.306716,-0.930051]],[[0.929673,-0.358696,0.0839397],[-0.367865,-0.891814,0.26333],[-0.0195971,-0.27569,-0.961047]]],"btipPosition":[-12.5048,224.396,34.0122],"carpPosition":[-0.846416,264.984,63.733],"dipPosition":[-12.871,219.245,16.056],"direction":[-0.202314,-0.306716,0.930051],"extended":false,"handId":506,"id":5063,"length":64.4285,"mcpPosition":[7.37825,268.375,1.72798],"pipPosition":[-7.26649,227.742,-9.70829],"stabilizedTipPosition":[-4.3242,196.06,17.5957],"timeVisible":268.388,"tipPosition":[-12.5118,223.445,30.1537],"tipVelocity":[-58.6623,156.245,-214.971],"tool":false,"touchDistance":0.333333,"touchZone":"none","type":3,"width":18.077},{"bases":[[[0.835094,-0.512594,0.199662],[0.477555,0.855677,0.199395],[-0.273055,-0.0711641,0.959363]],[[0.841388,-0.510745,0.176651],[0.32399,0.215089,-0.921285],[0.432546,0.832392,0.34645]],[[0.841388,-0.510745,0.176651],[-0.396,-0.805095,-0.441596],[0.367763,0.3016,-0.879652]],[[0.841388,-0.510745,0.176651],[-0.536838,-0.827512,0.164403],[0.0622126,-0.23316,-0.970446]]],"btipPosition":[2.10056,228.405,30.4316],"carpPosition":[9.82727,255.591,64.3783],"dipPosition":[3.17291,224.386,13.7042],"direction":[-0.367763,-0.3016,0.879652],"extended":false,"handId":506,"id":5064,"length":50.5107,"mcpPosition":[25.6604,259.718,8.74943],"pipPosition":[10.3659,230.285,-3.50077],"stabilizedTipPosition":[10.885,197.969,13.7681],"timeVisible":268.388,"tipPosition":[2.5869,227.682,27.1232],"tipVelocity":[-59.983,137.944,-238.59],"tool":false,"touchDistance":0.333333,"touchZone":"none","type":4,"width":16.0574}],"r":[[0.113787,0.525738,0.843002],[0.659583,-0.674516,0.331632],[0.742969,0.518294,-0.423519]],"s":1.52654,"t":[2.20074,-0.208936,14.5334],"timestamp":98082861156},false],[4,{"currentFrameRate":101.217,"devices":[],"gestures":[],"hands":[{"armBasis":[[0.973781,-0.0485165,-0.222254],[0.133895,0.912075,0.387546],[0.18391,-0.407143,0.894657]],"armWidth":63.72,"confidence":0.672754,"direction":[0.0273352,0.216024,-0.976005],"elbow":[41.9265,149.132,310.22],"grabStrength":0,"id":506,"palmNormal":[-0.140989,-0.965777,-0.217709],"palmPosition":[-14.4058,267.648,15.0486],"palmVelocity":[-56.9093,169.249,-177.206],"palmWidth":90.99,"pinchStrength":0.632582,"r":[[0.117381,0.526642,0.841944],[0.656768,-0.677094,0.331963],[0.744901,0.513996,-0.42536]],"s":1.52705,"sphereCenter":[-37.6756,255.794,-12.2549],"sphereRadius":50.4515,"stabilizedPalmPosition":[-1.16676,235.623,3.45171],"t":[1.05497,2.91219,11.6759],"timeVisible":268.415,"type":"right","wrist":[-7.72912,259.061,68.6625]}],"id":1826995,"interactionBox":{"center":[0,200,0],"size":[235.247,235.247,147.751]},"pointables":[{"bases":[[[0.529664,0.848203,0.00264175],[-0.744067,0.463136,0.481528],[0.40721,-0.257014,0.876427]],[[0.472409,0.874363,-0.110991],[-0.876331,0.452505,-0.165175],[-0.0941986,0.175295,0.979999]],[[0.472409,0.874363,-0.110991],[-0.786259,0.361166,-0.501354],[-0.398279,0.324111,0.858094]],[[0.472409,0.874363,-0.110991],[-0.368451,0.0815159,-0.926066],[-0.800671,0.478377,0.360669]]],"btipPosition":[-0.537576,220.987,-16.8507],"carpPosition":[-37.5579,251.984,69.7667],"dipPosition":[-19.2762,232.183,-8.40972],"direction":[0.398279,-0.324111,-0.858094],"extended":false,"handId":506,"id":5060,"length":52.1164,"mcpPosition":[-37.5579,251.984,69.7667],"pipPosition":[-32.8557,243.234,20.8475],"stabilizedTipPosition":[2.03828,193.623,18.6254],"timeVisible":268.415,"tipPosition":[-4.47788,223.436,-14.2877],"tipVelocity":[-77.8874,162.856,-175.551],"tool":false,"touchDistance":-0.480562,"touchZone":"hovering","type":0,"width":20.25},{"bases":[[[0.980174,-0.105248,-0.167873],[0.118778,0.990258,0.0726756],[0.158588,-0.0911743,0.983126]],[[0.99096,-0.122823,0.053965],[0.0720741,0.826691,0.558021],[-0.11315,-0.549088,0.82807]],[[0.99096,-0.122823,0.053965],[0.0898392,0.906297,0.412983],[-0.0996319,-0.404401,0.909139]],[[0.99096,-0.122823,0.053965],[0.104214,0.958081,0.266872],[-0.0844807,-0.258836,0.96222]]],"btipPosition":[-29.4814,316.517,-82.7712],"carpPosition":[-26.5268,272.022,63.5472],"dipPosition":[-30.9248,312.094,-66.3311],"direction":[0.0996319,0.404401,-0.909139],"extended":true,"handId":506,"id":5061,"length":58.8075,"mcpPosition":[-38.1941,278.73,-8.78097],"pipPosition":[-33.3329,302.32,-44.3568],"stabilizedTipPosition":[-18.7735,289.319,-58.0526],"timeVisible":268.415,"tipPosition":[-29.6666,315.076,-79.1299],"tipVelocity":[-62.5364,176.418,-175.938],"tool":false,"touchDistance":-0.479937,"touchZone":"hovering","type":1,"width":19.3428},{"bases":[[[0.957882,-0.283861,-0.0434188],[0.286231,0.955966,0.0648151],[0.0231084,-0.074513,0.996952]],[[0.957687,-0.283308,-0.0507131],[0.0204475,0.242732,-0.969878],[0.287084,0.927803,0.238254]],[[0.957687,-0.283308,-0.0507131],[-0.283185,-0.896089,-0.341806],[0.0513928,0.341704,-0.938401]],[[0.957687,-0.283308,-0.0507131],[-0.257893,-0.922936,0.285799],[-0.127774,-0.260627,-0.956947]]],"btipPosition":[-28.9888,228.138,24.6754],"carpPosition":[-14.4787,272.479,61.047],"dipPosition":[-31.3899,223.241,6.69242],"direction":[-0.0513928,-0.341704,0.938401],"extended":false,"handId":506,"id":5062,"length":67.0064,"mcpPosition":[-16.091,277.678,-8.50839],"pipPosition":[-29.9285,232.957,-19.9923],"stabilizedTipPosition":[-20.4217,197.578,18.8545],"timeVisible":268.415,"tipPosition":[-29.3406,227.337,21.1176],"tipVelocity":[-70.8054,174.014,-171.868],"tool":false,"touchDistance":0.333333,"touchZone":"none","type":2,"width":18.9972},{"bases":[[[0.926521,-0.362984,0.0990026],[0.354526,0.93038,0.093295],[-0.125975,-0.0513408,0.990704]],[[0.928812,-0.361908,0.0795651],[0.163524,0.207642,-0.96444],[0.332517,0.908795,0.252041]],[[0.928812,-0.361908,0.0795651],[-0.313071,-0.881298,-0.353977],[0.198227,0.303868,-0.931864]],[[0.928812,-0.361908,0.0795651],[-0.369638,-0.889859,0.267431],[-0.0259836,-0.277803,-0.960286]]],"btipPosition":[-14.5016,229.315,30.1943],"carpPosition":[-2.53007,269.931,59.7567],"dipPosition":[-14.987,224.125,12.2523],"direction":[-0.198227,-0.303868,0.931864],"extended":false,"handId":506,"id":5063,"length":64.4285,"mcpPosition":[5.36098,273.147,-2.30105],"pipPosition":[-9.49575,232.542,-13.5621],"stabilizedTipPosition":[-4.73421,197.338,17.9333],"timeVisible":268.415,"tipPosition":[-14.5345,228.354,26.3373],"tipVelocity":[-68.6025,171.706,-169.009],"tool":false,"touchDistance":0.333333,"touchZone":"none","type":3,"width":18.077},{"bases":[[[0.834314,-0.515189,0.196215],[0.481787,0.854381,0.194715],[-0.267958,-0.0679197,0.961034]],[[0.840245,-0.513494,0.174103],[0.32142,0.213122,-0.922642],[0.436666,0.831206,0.344122]],[[0.840245,-0.513494,0.174103],[-0.400256,-0.804031,-0.439693],[0.365764,0.299764,-0.881112]],[[0.840245,-0.513494,0.174103],[-0.539128,-0.825399,0.167503],[0.0576926,-0.234608,-0.970377]]],"btipPosition":[0.0617082,233.23,26.4307],"carpPosition":[8.11262,260.501,60.3646],"dipPosition":[1.05614,229.186,9.70448],"direction":[-0.365764,-0.299764,0.881112],"extended":false,"handId":506,"id":5064,"length":50.5107,"mcpPosition":[23.6502,264.44,4.63886],"pipPosition":[8.21005,235.049,-7.52901],"stabilizedTipPosition":[10.5221,199.145,14.0701],"timeVisible":268.415,"tipPosition":[0.531435,232.502,23.1263],"tipVelocity":[-69.8504,162.665,-182.249],"tool":false,"touchDistance":0.333333,"touchZone":"none","type":4,"width":16.0574}],"r":[[0.117381,0.526642,0.841944],[0.656768,-0.677094,0.331963],[0.744901,0.513996,-0.42536]],"s":1.52705,"t":[1.05497,2.91219,11.6759],"timestamp":98082888251},false],[5,{"currentFrameRate":101.692,"devices":[],"gestures":[],"hands":[{"armBasis":[[0.972922,-0.0479581,-0.226103],[0.134046,0.913999,0.382934],[0.188293,-0.402873,0.895678]],"armWidth":63.72,"confidence":0.67559,"direction":[0.0273658,0.215641,-0.976089],"elbow":[42.6929,151.018,309.96],"grabStrength":0,"id":506,"palmNormal":[-0.140905,-0.965873,-0.217335],"palmPosition":[-14.8211,268.359,14.5091],"palmVelocity":[-54.0891,144.842,-145.403],"palmWidth":90.99,"pinchStrength":0.633175,"r":[[0.120242,0.52742,0.841053],[0.654515,-0.679111,0.332294],[0.746426,0.510526,-0.426862]],"s":1.52749,"sphereCenter":[-38.2095,256.552,-12.794],"sphereRadius":50.5142,"stabilizedPalmPosition":[-1.37443,236.12,3.61988],"t":[0.274458,4.82807,9.97738],"timeVisible":268.424,"type":"right","wrist":[-8.14631,259.793,68.1266]}],"id":1826996,"interactionBox":{"center":[0,200,0],"size":[235.247,235.247,147.751]},"pointables":[{"bases":[[[0.5296,0.848244,0.00233279],[-0.744125,0.46327,0.48131],[0.407187,-0.256637,0.876548]],[[0.472349,0.874355,-0.111311],[-0.876358,0.452377,-0.165385],[-0.0942507,0.175668,0.979927]],[[0.472349,0.874355,-0.111311],[-0.786284,0.360928,-0.501487],[-0.398302,0.324399,0.857975]],[[0.472349,0.874355,-0.111311],[-0.368627,0.0812536,-0.926019],[-0.800625,0.478437,0.360691]]],"btipPosition":[-0.951971,221.688,-17.378],"carpPosition":[-37.9746,252.714,69.2323],"dipPosition":[-19.6895,232.885,-8.93653],"direction":[0.398302,-0.324399,-0.857975],"extended":false,"handId":506,"id":5060,"length":52.1164,"mcpPosition":[-37.9746,252.714,69.2323],"pipPosition":[-33.2698,243.946,20.3166],"stabilizedTipPosition":[1.92108,194.115,18.0785],"timeVisible":268.424,"tipPosition":[-4.89371,224.138,-14.8178],"tipVelocity":[-69.317,139.895,-143.823],"tool":false,"touchDistance":-0.468747,"touchZone":"hovering","type":0,"width":20.25},{"bases":[[[0.98019,-0.10524,-0.167784],[0.1187,0.990295,0.0722909],[0.158548,-0.0907747,0.98317]],[[0.991017,-0.122674,0.0532591],[0.0723551,0.826738,0.557915],[-0.112473,-0.54905,0.828187]],[[0.991017,-0.122674,0.0532591],[0.0898668,0.905776,0.414119],[-0.0990423,-0.405612,0.908663]],[[0.991017,-0.122674,0.0532591],[0.104042,0.957418,0.269308],[-0.0840282,-0.261347,0.96158]]],"btipPosition":[-29.9474,317.287,-83.2988],"carpPosition":[-26.9448,272.751,63.0054],"dipPosition":[-31.3831,312.821,-66.8697],"direction":[0.0990423,0.405612,-0.908663],"extended":true,"handId":506,"id":5061,"length":58.8075,"mcpPosition":[-38.6091,279.429,-9.326],"pipPosition":[-33.777,303.017,-44.9069],"stabilizedTipPosition":[-18.918,289.658,-58.3222],"timeVisible":268.424,"tipPosition":[-30.1166,315.816,-79.6651],"tipVelocity":[-59.6792,151.57,-144.195],"tool":false,"touchDistance":-0.46823,"touchZone":"hovering","type":1,"width":19.3428},{"bases":[[[0.957905,-0.283806,-0.0432608],[0.286156,0.956013,0.0644519],[0.0230661,-0.0741182,0.996983]],[[0.957711,-0.283255,-0.0505589],[0.0203882,0.242079,-0.970042],[0.287009,0.927989,0.237617]],[[0.957711,-0.283255,-0.0505589],[-0.283115,-0.896329,-0.341234],[0.0513389,0.341118,-0.938618]],[[0.957711,-0.283255,-0.0505589],[-0.257821,-0.922812,0.286261],[-0.127741,-0.26112,-0.956817]]],"btipPosition":[-29.3992,228.856,24.1662],"carpPosition":[-14.8966,273.208,60.5055],"dipPosition":[-31.7997,223.949,6.18571],"direction":[-0.0513389,-0.341118,0.938618],"extended":false,"handId":506,"id":5062,"length":67.0064,"mcpPosition":[-16.5058,278.379,-9.05195],"pipPosition":[-30.3398,233.65,-20.5052],"stabilizedTipPosition":[-20.5709,198.05,18.8729],"timeVisible":268.424,"tipPosition":[-29.7544,228.048,20.5951],"tipVelocity":[-64.0447,148.473,-140.575],"tool":false,"touchDistance":0.333333,"touchZone":"none","type":2,"width":18.9972},{"bases":[[[0.926544,-0.362875,0.0991902],[0.354452,0.930443,0.0929452],[-0.126018,-0.0509597,0.990718]],[[0.928845,-0.361801,0.0796707],[0.163357,0.206969,-0.964613],[0.332509,0.908991,0.251344]],[[0.928845,-0.361801,0.0796707],[-0.313073,-0.881554,-0.353339],[0.198072,0.303254,-0.932097]],[[0.928845,-0.361801,0.0796707],[-0.369552,-0.889743,0.267932],[-0.0260517,-0.27831,-0.960138]]],"btipPosition":[-14.9105,230.038,29.6884],"carpPosition":[-2.94765,270.66,59.2168],"dipPosition":[-15.3972,224.838,11.7492],"direction":[-0.198072,-0.303254,0.932097],"extended":false,"handId":506,"id":5063,"length":64.4285,"mcpPosition":[4.94614,273.852,-2.84179],"pipPosition":[-9.91023,233.239,-14.0718],"stabilizedTipPosition":[-4.90297,197.855,18.0584],"timeVisible":268.424,"tipPosition":[-14.9462,229.07,25.8208],"tipVelocity":[-62.4112,146.941,-138.394],"tool":false,"touchDistance":0.333333,"touchZone":"none","type":3,"width":18.077},{"bases":[[[0.834344,-0.515048,0.196458],[0.481713,0.854494,0.194402],[-0.267999,-0.067561,0.961047]],[[0.840205,-0.513384,0.174619],[0.321967,0.213181,-0.922437],[0.436339,0.831258,0.344409]],[[0.840205,-0.513384,0.174619],[-0.399841,-0.80405,-0.440035],[0.366309,0.2999,-0.880839]],[[0.840205,-0.513384,0.174619],[-0.539129,-0.825446,0.16727],[0.0582646,-0.234683,-0.970324]]],"btipPosition":[-0.361793,233.936,25.8778],"carpPosition":[7.69572,261.231,59.829],"dipPosition":[0.642502,229.891,9.15256],"direction":[-0.366309,-0.2999,0.880839],"extended":false,"handId":506,"id":5064,"length":50.5107,"mcpPosition":[23.2357,265.149,4.10243],"pipPosition":[7.80707,235.756,-8.0756],"stabilizedTipPosition":[10.377,199.607,14.1785],"timeVisible":268.424,"tipPosition":[0.109192,233.208,22.5746],"tipVelocity":[-63.6864,139.907,-149.472],"tool":false,"touchDistance":0.333333,"touchZone":"none","type":4,"width":16.0574}],"r":[[0.120242,0.52742,0.841053],[0.654515,-0.679111,0.332294],[0.746426,0.510526,-0.426862]],"s":1.52749,"t":[0.274458,4.82807,9.97738],"timestamp":98082897170},false],[6,{"currentFrameRate":102.133,"devices":[],"gestures":[],"hands":[{"armBasis":[[0.973117,-0.0450118,-0.225871],[0.130165,0.916553,0.378137],[0.190002,-0.397372,0.897772]],"armWidth":63.72,"confidence":0.654353,"direction":[0.0283595,0.222126,-0.974605],"elbow":[42.7521,153.126,309.856],"grabStrength":0,"id":506,"palmNormal":[-0.136525,-0.965,-0.22391],"palmPosition":[-15.1552,269.305,13.8844],"palmVelocity":[-49.5136,134.146,-124.747],"palmWidth":90.99,"pinchStrength":0.634184,"r":[[0.12177,0.527037,0.841073],[0.653132,-0.680617,0.331932],[0.747389,0.508912,-0.427104]],"s":1.5281,"sphereCenter":[-38.793,257.793,-13.5503],"sphereRadius":50.7049,"stabilizedPalmPosition":[-1.62419,236.722,3.80592],"t":[-0.282875,6.2589,8.8158],"timeVisible":268.433,"type":"right","wrist":[-8.54858,260.416,67.4579]}],"id":1826997,"interactionBox":{"center":[0,200,0],"size":[235.247,235.247,147.751]},"pointables":[{"bases":[[[0.526112,0.850369,0.00890325],[-0.746943,0.457068,0.482871],[0.406549,-0.260694,0.875646]],[[0.468975,0.876986,-0.104675],[-0.877886,0.449867,-0.164119],[-0.0968402,0.168861,0.980871]],[[0.468975,0.876986,-0.104675],[-0.78683,0.361017,-0.500565],[-0.401199,0.317114,0.859348]],[[0.468975,0.876986,-0.104675],[-0.367579,0.0860398,-0.926004],[-0.803086,0.472749,0.362713]]],"btipPosition":[-1.0414,222.903,-18.2924],"carpPosition":[-38.3497,253.208,68.4591],"dipPosition":[-19.8365,233.967,-9.80364],"direction":[0.401199,-0.317114,-0.859348],"extended":false,"handId":506,"id":5060,"length":52.1164,"mcpPosition":[-38.3497,253.208,68.4591],"pipPosition":[-33.5156,244.779,19.4963],"stabilizedTipPosition":[1.78385,194.706,17.4302],"timeVisible":268.433,"tipPosition":[-5.00031,225.321,-15.7273],"tipVelocity":[-53.5126,137.843,-132.116],"tool":false,"touchDistance":-0.463759,"touchZone":"hovering","type":0,"width":20.25},{"bases":[[[0.980935,-0.100134,-0.166555],[0.114498,0.990278,0.0789853],[0.157027,-0.0965497,0.982864]],[[0.991536,-0.118818,0.0523329],[0.0687301,0.822334,0.564839],[-0.110148,-0.556461,0.82354]],[[0.991536,-0.118818,0.0523329],[0.0854028,0.900493,0.426402],[-0.0977896,-0.418323,0.903019]],[[0.991536,-0.118818,0.0523329],[0.0990365,0.952826,0.286905],[-0.0839536,-0.279294,0.956529]]],"btipPosition":[-30.4123,319.223,-83.4747],"carpPosition":[-27.3901,273.33,62.3847],"dipPosition":[-31.8467,314.451,-67.1318],"direction":[0.0977896,0.418323,-0.903019],"extended":true,"handId":506,"id":5061,"length":58.8075,"mcpPosition":[-38.9425,280.433,-9.92422],"pipPosition":[-34.2103,304.34,-45.3055],"stabilizedTipPosition":[-19.1962,290.327,-58.8255],"timeVisible":268.433,"tipPosition":[-30.5517,317.588,-79.8961],"tipVelocity":[-57.559,167.127,-110.771],"tool":false,"touchDistance":-0.452675,"touchZone":"touching","type":1,"width":19.3428},{"bases":[[[0.959143,-0.279598,-0.0432436],[0.282108,0.956733,0.0712495],[0.0214514,-0.0805378,0.996521]],[[0.95896,-0.279001,-0.0505404],[0.0212491,0.248461,-0.968409],[0.282745,0.927591,0.244193]],[[0.95896,-0.279001,-0.0505404],[-0.27878,-0.895228,-0.347633],[0.0517447,0.347455,-0.936268]],[[0.95896,-0.279001,-0.0505404],[-0.254589,-0.925719,0.279693],[-0.124821,-0.255348,-0.958758]]],"btipPosition":[-29.5899,229.68,23.257],"carpPosition":[-15.3391,273.853,59.9114],"dipPosition":[-31.9356,224.881,5.24],"direction":[-0.0517447,-0.347455,0.936268],"extended":false,"handId":506,"id":5062,"length":67.0064,"mcpPosition":[-16.8357,279.472,-9.61391],"pipPosition":[-30.4641,234.761,-21.3841],"stabilizedTipPosition":[-20.7462,198.61,18.8773],"timeVisible":268.433,"tipPosition":[-29.9362,228.891,19.6753],"tipVelocity":[-51.985,133.8,-130.185],"tool":false,"touchDistance":0.333333,"touchZone":"none","type":2,"width":18.9972},{"bases":[[[0.927831,-0.359725,0.0986267],[0.350454,0.931257,0.0997085],[-0.127714,-0.0579485,0.990117]],[[0.930178,-0.358507,0.0790085],[0.164145,0.213655,-0.96302],[0.328369,0.908749,0.257584]],[[0.930178,-0.358507,0.0790085],[-0.308864,-0.880582,-0.359413],[0.198426,0.309915,-0.929828]],[[0.930178,-0.358507,0.0790085],[-0.366375,-0.892951,0.261549],[-0.0232163,-0.272234,-0.961951]]],"btipPosition":[-15.1118,230.891,28.8308],"carpPosition":[-3.37739,271.362,58.6293],"dipPosition":[-15.5455,225.804,10.8577],"direction":[-0.198426,-0.309915,0.929828],"extended":false,"handId":506,"id":5063,"length":64.4285,"mcpPosition":[4.62264,274.992,-3.39159],"pipPosition":[-10.0487,234.39,-14.9003],"stabilizedTipPosition":[-5.10113,198.467,18.186],"timeVisible":268.433,"tipPosition":[-15.1398,229.941,24.9449],"tipVelocity":[-51.1322,133.623,-127.004],"tool":false,"touchDistance":0.333333,"touchZone":"none","type":3,"width":18.077},{"bases":[[[0.836069,-0.512906,0.19472],[0.47783,0.855168,0.200915],[-0.269568,-0.0749359,0.960061]],[[0.841843,-0.511118,0.173376],[0.323761,0.221211,-0.919915],[0.431833,0.830556,0.351705]],[[0.841843,-0.511118,0.173376],[-0.395113,-0.802456,-0.447159],[0.367677,0.307934,-0.877491]],[[0.841843,-0.511118,0.173376],[-0.536153,-0.828837,0.159901],[0.0619722,-0.227568,-0.971788]]],"btipPosition":[-0.594452,234.85,25.0085],"carpPosition":[7.30336,261.973,59.2007],"dipPosition":[0.47375,230.928,8.25798],"direction":[-0.367677,-0.307934,0.877491],"extended":false,"handId":506,"id":5064,"length":50.5107,"mcpPosition":[22.9343,266.318,3.53133],"pipPosition":[7.66508,236.951,-8.90469],"stabilizedTipPosition":[10.2073,200.15,14.2889],"timeVisible":268.433,"tipPosition":[-0.112719,234.147,21.7018],"tipVelocity":[-52.9406,130.465,-135.354],"tool":false,"touchDistance":0.333333,"touchZone":"none","type":4,"width":16.0574}],"r":[[0.1217