{"sensorType":"Leap","data":[[0,{"currentFrameRate":110.302,"devices":[],"gestures":[{"center":[-25.4411,297.699,-38.9805],"duration":36161,"handIds":[506],"id":67,"normal":[-0.955536,-0.231481,-0.182667],"pointableIds":[5061],"progress":0.880366,"radius":6.89574,"state":"update","type":"circle"}],"hands":[{"armBasis":[[0.959625,-0.0448376,-0.277685],[0.17317,0.872121,0.457621],[0.221656,-0.487231,0.844674]],"armWidth":63.72,"confidence":0.6841,"direction":[0.0361151,0.346088,-0.937507],"elbow":[58.9219,113.601,301.374],"grabStrength":0,"id":506,"palmNormal":[-0.17885,-0.920734,-0.346786],"palmPosition":[-7.24241,261.238,21.4065],"palmVelocity":[38.189,115.184,-219.45],"palmWidth":90.99,"pinchStrength":0.633968,"r":[[0.161845,0.409152,0.897999],[0.612162,-0.755366,0.233836],[0.773992,0.511876,-0.372719]],"s":1.50119,"sphereCenter":[-32.4044,252.579,-8.23386],"sphereRadius":50.2319,"stabilizedPalmPosition":[-3.60215,246.29,14.9642],"t":[6.66359,-1.45132,17.232],"timeVisible":270.675,"type":"right","wrist":[-0.925206,245.153,73.3116]}],"id":1827243,"interactionBox":{"center":[0,200,0],"size":[235.247,235.247,147.751]},"pointables":[{"bases":[[[0.562658,0.818552,0.11571],[-0.725394,0.421721,0.544017],[0.396509,-0.390031,0.831058]],[[0.505766,0.862652,0.00566271],[-0.858589,0.503999,-0.0938622],[-0.0838244,0.0426103,0.995569]],[[0.505766,0.862652,0.00566271],[-0.76735,0.452871,-0.453962],[-0.394176,0.225253,0.891003]],[[0.505766,0.862652,0.00566271],[-0.524354,0.312623,-0.792035],[-0.685021,0.397615,0.61045]]],"btipPosition":[2.64605,220.049,-20.7714],"carpPosition":[-31.0099,239.162,73.591],"dipPosition":[-13.3859,229.355,-6.48467],"direction":[0.394176,-0.225253,-0.891003],"extended":false,"handId":506,"id":5060,"length":52.1164,"mcpPosition":[-31.0099,239.162,73.591],"pipPosition":[-26.8256,237.035,23.8946],"stabilizedTipPosition":[1.92424,203.619,-5.37549],"timeVisible":270.675,"tipPosition":[-0.413534,221.851,-16.8213],"tipVelocity":[52.9328,125.763,-228.336],"tool":false,"touchDistance":-0.356583,"touchZone":"hovering","type":0,"width":20.25},{"bases":[[[0.975319,-0.119531,-0.185648],[0.157664,0.965646,0.206567],[0.154579,-0.230739,0.960659]],[[0.985052,-0.168493,0.0358088],[0.107363,0.763108,0.63729],[-0.134705,-0.62392,0.769791]],[[0.985052,-0.168493,0.0358088],[0.131471,0.869714,0.475723],[-0.111299,-0.463904,0.878866]],[[0.985052,-0.168493,0.0358088],[0.149354,0.939,0.309794],[-0.0858226,-0.299816,0.950129]]],"btipPosition":[-20.625,319.531,-71.1143],"carpPosition":[-19.1964,259.416,70.1091],"dipPosition":[-22.0913,314.409,-54.8808],"direction":[0.111299,0.463904,-0.878866],"extended":true,"handId":506,"id":5061,"length":58.8075,"mcpPosition":[-30.5687,276.391,-0.5662],"pipPosition":[-24.7814,303.196,-33.6383],"stabilizedTipPosition":[-22.1655,302.291,-53.1406],"timeVisible":270.675,"tipPosition":[-21.1382,318.401,-67.3619],"tipVelocity":[50.1715,123.118,-216.009],"tool":false,"touchDistance":-0.264543,"touchZone":"hovering","type":1,"width":19.3428},{"bases":[[[0.945972,-0.312461,-0.0866291],[0.323639,0.926236,0.193248],[0.0198564,-0.210844,0.977318]],[[0.946138,-0.314875,-0.0753372],[0.0780886,0.447759,-0.890738],[0.314204,0.836878,0.44823]],[[0.946138,-0.314875,-0.0753372],[-0.301734,-0.773194,-0.557788],[0.117383,0.550477,-0.826557]],[[0.946138,-0.314875,-0.0753372],[-0.309686,-0.948027,0.0730669],[-0.0944287,-0.0458005,-0.994478]]],"btipPosition":[-25.2324,219.319,20.0356],"carpPosition":[-7.13883,259.739,67.6335],"dipPosition":[-27.0069,218.458,1.34735],"direction":[-0.117383,-0.550477,0.826557],"extended":false,"handId":506,"id":5062,"length":67.0064,"mcpPosition":[-8.52417,274.449,-0.552074],"pipPosition":[-23.6689,234.112,-22.157],"stabilizedTipPosition":[-18.644,204.253,0.455022],"timeVisible":270.675,"tipPosition":[-25.439,219.391,16.8744],"tipVelocity":[46.2775,106.002,-256.524],"tool":false,"touchDistance":0.333333,"touchZone":"none","type":2,"width":18.9972},{"bases":[[[0.911477,-0.409012,0.0438158],[0.390866,0.894352,0.217621],[-0.128196,-0.181231,0.975049]],[[0.911759,-0.408608,0.0416473],[0.221966,0.404883,-0.887018],[0.34558,0.817991,0.459853]],[[0.911759,-0.408608,0.0416473],[-0.314408,-0.759596,-0.569352],[0.264277,0.506018,-0.821038]],[[0.911759,-0.408608,0.0416473],[-0.410444,-0.910188,0.0556194],[0.0151804,-0.0678054,-0.997583]]],"btipPosition":[-10.3142,218.98,25.7068],"carpPosition":[4.70059,256.926,65.9466],"dipPosition":[-10.0306,217.713,7.06791],"direction":[-0.264277,-0.506018,0.821038],"extended":false,"handId":506,"id":5063,"length":64.4285,"mcpPosition":[12.7308,268.279,4.86955],"pipPosition":[-2.70956,231.731,-15.6765],"stabilizedTipPosition":[-4.20871,203.547,5.35009],"timeVisible":270.675,"tipPosition":[-10.1926,219.035,22.4844],"tipVelocity":[48.9141,111.485,-232.874],"tool":false,"touchDistance":0.333333,"touchZone":"none","type":3,"width":18.077},{"bases":[[[0.813318,-0.569351,0.119809],[0.515004,0.8003,0.30707],[-0.270714,-0.188043,0.944115]],[[0.81063,-0.571163,0.12904],[0.386631,0.356579,-0.85051],[0.439767,0.73934,0.509883]],[[0.81063,-0.571163,0.12904],[-0.386068,-0.687012,-0.615603],[0.440262,0.449208,-0.77742]],[[0.81063,-0.571163,0.12904],[-0.573628,-0.818849,-0.0208944],[0.117599,-0.0570835,-0.991419]]],"btipPosition":[4.47299,224.053,24.7281],"carpPosition":[14.9634,247.094,65.2075],"dipPosition":[6.50001,223.069,7.63917],"direction":[-0.440262,-0.449208,0.77742],"extended":false,"handId":506,"id":5064,"length":50.5107,"mcpPosition":[30.6608,257.997,10.4628],"pipPosition":[15.111,231.855,-7.56623],"stabilizedTipPosition":[11.2498,206.48,3.26258],"timeVisible":270.675,"tipPosition":[4.97406,224.097,21.6678],"tipVelocity":[48.8689,114.673,-231.055],"tool":false,"touchDistance":0.333333,"touchZone":"none","type":4,"width":16.0574}],"r":[[0.161845,0.409152,0.897999],[0.612162,-0.755366,0.233836],[0.773992,0.511876,-0.372719]],"s":1.50119,"t":[6.66359,-1.45132,17.232],"timestamp":98085148267},false],[1,{"currentFrameRate":110.481,"devices":[],"gestures":[{"center":[-25.4411,297.699,-38.9805],"duration":36161,"handIds":[506],"id":67,"normal":[-0.955536,-0.231481,-0.182667],"pointableIds":[5061],"progress":0.880366,"radius":6.89574,"state":"update","type":"circle"}],"hands":[{"armBasis":[[0.962098,-0.0483866,-0.268376],[0.17141,0.872722,0.457139],[0.212098,-0.485815,0.847938]],"armWidth":63.72,"confidence":0.684499,"direction":[0.0358256,0.345722,-0.937653],"elbow":[56.7472,114.567,301.039],"grabStrength":0,"id":506,"palmNormal":[-0.177033,-0.921221,-0.346427],"palmPosition":[-6.84683,261.786,20.1805],"palmVelocity":[40.0904,101.15,-198.281],"palmWidth":90.99,"pinchStrength":0.63298,"r":[[0.159114,0.408772,0.898659],[0.613314,-0.75423,0.234484],[0.773646,0.513851,-0.370714]],"s":1.50071,"sphereCenter":[-32.0039,253.065,-9.47344],"sphereRadius":50.2366,"stabilizedPalmPosition":[-3.61248,246.339,14.9808],"t":[7.06589,-0.640169,15.5911],"timeVisible":270.684,"type":"right","wrist":[-0.519253,245.737,72.0954]}],"id":1827244,"interactionBox":{"center":[0,200,0],"size":[235.247,235.247,147.751]},"pointables":[{"bases":[[[0.561112,0.819636,0.11554],[-0.726367,0.42064,0.543556],[0.396917,-0.38892,0.831383]],[[0.50423,0.863552,0.00554166],[-0.859446,0.502439,-0.0943811],[-0.0842873,0.0428271,0.995521]],[[0.50423,0.863552,0.00554166],[-0.768384,0.451572,-0.453508],[-0.39413,0.224414,0.891235]],[[0.50423,0.863552,0.00554166],[-0.524992,0.311627,-0.792006],[-0.685665,0.396444,0.610489]]],"btipPosition":[3.09954,220.623,-22.0023],"carpPosition":[-30.593,239.691,72.3665],"dipPosition":[-12.9475,229.901,-7.71468],"direction":[0.39413,-0.224414,-0.891235],"extended":false,"handId":506,"id":5060,"length":52.1164,"mcpPosition":[-30.593,239.691,72.3665],"pipPosition":[-26.3856,237.553,22.6725],"stabilizedTipPosition":[1.91187,203.713,-5.44107],"timeVisible":270.684,"tipPosition":[0.0295984,222.421,-18.0622],"tipVelocity":[52.556,109.49,-204.935],"tool":false,"touchDistance":-0.367719,"touchZone":"hovering","type":0,"width":20.25},{"bases":[[[0.975605,-0.117826,-0.185234],[0.155816,0.966029,0.20618],[0.154648,-0.230012,0.960822]],[[0.98533,-0.166716,0.0364871],[0.105653,0.76379,0.63676],[-0.134027,-0.623563,0.770198]],[[0.98533,-0.166716,0.0364871],[0.129647,0.87025,0.475243],[-0.110984,-0.463541,0.879098]],[[0.98533,-0.166716,0.0364871],[0.147491,0.93942,0.309414],[-0.0858611,-0.299493,0.950227]]],"btipPosition":[-20.2851,319.997,-72.3806],"carpPosition":[-18.8154,259.964,68.8796],"dipPosition":[-21.7521,314.88,-56.1454],"direction":[0.110984,0.463541,-0.879098],"extended":true,"handId":506,"id":5061,"length":58.8075,"mcpPosition":[-30.1928,276.886,-1.8077],"pipPosition":[-24.4347,303.676,-34.8973],"stabilizedTipPosition":[-22.1552,302.402,-53.2447],"timeVisible":270.684,"tipPosition":[-20.8011,318.872,-68.6249],"tipVelocity":[47.1519,104.469,-196.985],"tool":false,"touchDistance":-0.28541,"touchZone":"hovering","type":1,"width":19.3428},{"bases":[[[0.946576,-0.310765,-0.086137],[0.321868,0.926917,0.19294],[0.0198829,-0.210357,0.977422]],[[0.946743,-0.313199,-0.0747223],[0.0787455,0.450232,-0.889432],[0.312212,0.83618,0.450917]],[[0.946743,-0.313199,-0.0747223],[-0.299642,-0.772038,-0.56051],[0.117863,0.553049,-0.82477]],[[0.946743,-0.313199,-0.0747223],[-0.308235,-0.948662,0.0709365],[-0.0931034,-0.0441267,-0.994678]]],"btipPosition":[-24.7954,219.783,18.6265],"carpPosition":[-6.75754,260.309,66.4082],"dipPosition":[-26.545,218.954,-0.0654919],"direction":[-0.117863,-0.553049,0.82477],"extended":false,"handId":506,"id":5062,"length":67.0064,"mcpPosition":[-8.14473,274.985,-1.78457],"pipPosition":[-23.1934,234.681,-23.519],"stabilizedTipPosition":[-18.649,204.265,0.465449],"timeVisible":270.684,"tipPosition":[-24.9976,219.863,15.4631],"tipVelocity":[47.4574,92.0904,-231.07],"tool":false,"touchDistance":0.333333,"touchZone":"none","type":2,"width":18.9972},{"bases":[[[0.912209,-0.407318,0.0443398],[0.389144,0.895168,0.217353],[-0.128223,-0.181017,0.975086]],[[0.912507,-0.406893,0.0420553],[0.221096,0.404095,-0.887594],[0.344161,0.819234,0.458702]],[[0.912507,-0.406893,0.0420553],[-0.312959,-0.760634,-0.568764],[0.263415,0.50584,-0.821425]],[[0.912507,-0.406893,0.0420553],[-0.408761,-0.910942,0.055677],[0.0156554,-0.0679962,-0.997563]]],"btipPosition":[-9.84707,219.51,24.5466],"carpPosition":[5.08764,257.517,64.7271],"dipPosition":[-9.55457,218.24,5.90818],"direction":[-0.263415,-0.50584,0.821425],"extended":false,"handId":506,"id":5063,"length":64.4285,"mcpPosition":[13.1195,268.856,3.64772],"pipPosition":[-2.25745,232.253,-16.8469],"stabilizedTipPosition":[-4.21442,203.563,5.36536],"timeVisible":270.684,"tipPosition":[-9.72429,219.559,21.2727],"tipVelocity":[50.1996,97.8642,-206.092],"tool":false,"touchDistance":0.333333,"touchZone":"none","type":3,"width":18.077},{"bases":[[[0.814317,-0.567802,0.120371],[0.513421,0.801385,0.30689],[-0.270716,-0.188105,0.944102]],[[0.811668,-0.56959,0.12947],[0.386054,0.356763,-0.850695],[0.438357,0.740465,0.509466]],[[0.811668,-0.56959,0.12947],[-0.384728,-0.688086,-0.615241],[0.439521,0.44956,-0.777635]],[[0.811668,-0.56959,0.12947],[-0.572099,-0.819926,-0.0205973],[0.117888,-0.0573516,-0.991369]]],"btipPosition":[4.93785,224.623,23.5357],"carpPosition":[15.3688,247.703,63.9963],"dipPosition":[6.96986,223.635,6.44764],"direction":[-0.439521,-0.44956,0.777635],"extended":false,"handId":506,"id":5064,"length":50.5107,"mcpPosition":[31.0663,258.61,9.25233],"pipPosition":[15.5664,232.428,-8.76197],"stabilizedTipPosition":[11.2404,206.509,3.28878],"timeVisible":270.684,"tipPosition":[5.43815,224.664,20.4575],"tipVelocity":[50.0698,101.432,-205.746],"tool":false,"touchDistance":0.333333,"touchZone":"none","type":4,"width":16.0574}],"r":[[0.159114,0.408772,0.898659],[0.613314,-0.75423,0.234484],[0.773646,0.513851,-0.370714]],"s":1.50071,"t":[7.06589,-0.640169,15.5911],"timestamp":98085157001},false],[2,{"currentFrameRate":101.027,"devices":[],"gestures":[{"center":[-25.4411,297.699,-38.9805],"duration":36161,"handIds":[506],"id":67,"normal":[-0.955536,-0.231481,-0.182667],"pointableIds":[5061],"progress":0.880366,"radius":6.89574,"state":"update","type":"circle"}],"hands":[{"armBasis":[[0.969147,-0.0574945,-0.239685],[0.163525,0.877575,0.45069],[0.18443,-0.475979,0.859901]],"armWidth":63.72,"confidence":0.69165,"direction":[0.0367885,0.362688,-0.931184],"elbow":[51.0555,117.65,300.511],"grabStrength":0,"id":506,"palmNormal":[-0.167798,-0.916343,-0.363537],"palmPosition":[-4.98817,263.084,16.6906],"palmVelocity":[57.4285,67.6608,-154.172],"palmWidth":90.99,"pinchStrength":0.628197,"r":[[0.155478,0.405519,0.900767],[0.615302,-0.753118,0.232843],[0.772806,0.518042,-0.36661]],"s":1.5002,"sphereCenter":[-29.9295,254.674,-13.2481],"sphereRadius":50.2161,"stabilizedPalmPosition":[-3.62488,246.49,14.9962],"t":[8.19637,0.414324,13.0257],"timeVisible":270.711,"type":"right","wrist":[1.25957,246.164,68.3381]}],"id":1827245,"interactionBox":{"center":[0,200,0],"size":[235.247,235.247,147.751]},"pointables":[{"bases":[[[0.553678,0.822118,0.132529],[-0.732146,0.40477,0.547835],[0.396741,-0.400354,0.826022]],[[0.496955,0.867466,0.0232166],[-0.863221,0.496907,-0.0890658],[-0.088798,0.0242206,0.995755]],[[0.496955,0.867466,0.0232166],[-0.770828,0.453565,-0.447329],[-0.398573,0.204406,0.894068]],[[0.496955,0.867466,0.0232166],[-0.524836,0.32176,-0.788047],[-0.691074,0.379439,0.615177]]],"btipPosition":[5.43295,222.804,-26.2146],"carpPosition":[-28.7628,239.863,68.3723],"dipPosition":[-10.7407,231.684,-11.8172],"direction":[0.398573,-0.204406,-0.894068],"extended":false,"handId":506,"id":5060,"length":52.1164,"mcpPosition":[-28.7628,239.863,68.3723],"pipPosition":[-24.3302,238.653,18.6665],"stabilizedTipPosition":[1.90864,204.057,-5.72518],"timeVisible":270.711,"tipPosition":[2.32257,224.505,-22.269],"tipVelocity":[72.2728,88.8247,-172.553],"tool":false,"touchDistance":-0.422086,"touchZone":"hovering","type":0,"width":20.25},{"bases":[[[0.977326,-0.106321,-0.18311],[0.146785,0.963467,0.22402],[0.152602,-0.245818,0.957228]],[[0.986494,-0.159229,0.0384291],[0.0962428,0.75329,0.650609],[-0.132544,-0.638123,0.75844]],[[0.986494,-0.159229,0.0384291],[0.119987,0.862165,0.492214],[-0.111507,-0.480955,0.869626]],[[0.986494,-0.159229,0.0384291],[0.137979,0.934225,0.328914],[-0.0882741,-0.31917,0.943577]]],"btipPosition":[-18.4718,322.871,-74.8505],"carpPosition":[-17.1427,260.293,65.2976],"dipPosition":[-19.98,317.418,-58.7289],"direction":[0.111507,0.480955,-0.869626],"extended":true,"handId":506,"id":5061,"length":58.8075,"mcpPosition":[-28.3696,278.378,-5.12535],"pipPosition":[-22.6752,305.793,-37.7097],"stabilizedTipPosition":[-22.0556,302.975,-53.7787],"timeVisible":270.711,"tipPosition":[-19.0121,321.649,-71.13],"tipVelocity":[58.8409,103.048,-131.051],"tool":false,"touchDistance":-0.322643,"touchZone":"hovering","type":1,"width":19.3428},{"bases":[[[0.949519,-0.301234,-0.0875902],[0.313215,0.925991,0.210799],[0.017608,-0.227592,0.973597]],[[0.949661,-0.303908,-0.0760552],[0.0803034,0.470805,-0.878575],[0.302813,0.828241,0.47151]],[[0.949661,-0.303908,-0.0760552],[-0.290056,-0.761226,-0.580002],[0.118372,0.572866,-0.811057]],[[0.949661,-0.303908,-0.0760552],[-0.300884,-0.952413,0.0487629],[-0.0872555,-0.0234245,-0.995911]]],"btipPosition":[-22.6286,220.89,14.0104],"carpPosition":[-5.07807,260.783,62.8846],"dipPosition":[-24.2683,220.45,-4.70476],"direction":[-0.118372,-0.572866,0.811057],"extended":false,"handId":506,"id":5062,"length":67.0064,"mcpPosition":[-6.30655,276.661,-5.04135],"pipPosition":[-20.9023,236.74,-27.7683],"stabilizedTipPosition":[-18.6597,204.305,0.488141],"timeVisible":270.711,"tipPosition":[-22.8131,221.04,10.8436],"tipVelocity":[67.7967,61.9283,-192.291],"tool":false,"touchDistance":0.333333,"touchZone":"none","type":2,"width":18.9972},{"bases":[[[0.915429,-0.400385,0.0409973],[0.380656,0.894376,0.234931],[-0.13073,-0.199457,0.971147]],[[0.915759,-0.399876,0.0385243],[0.223199,0.426716,-0.876411],[0.334017,0.81118,0.480021]],[[0.915759,-0.399876,0.0385243],[-0.302338,-0.749167,-0.589356],[0.26453,0.528061,-0.806954]],[[0.915759,-0.399876,0.0385243],[-0.401105,-0.915462,0.0322994],[0.0223518,-0.0450307,-0.998736]]],"btipPosition":[-7.68329,220.584,19.9397],"carpPosition":[6.79716,258.121,61.2049],"dipPosition":[-7.26567,219.743,1.27933],"direction":[-0.26453,-0.528061,0.806954],"extended":false,"handId":506,"id":5063,"length":64.4285,"mcpPosition":[14.9861,270.615,0.372231],"pipPosition":[0.0623551,234.371,-21.0749],"stabilizedTipPosition":[-4.22597,203.621,5.40056],"timeVisible":270.711,"tipPosition":[-7.53293,220.724,16.6906],"tipVelocity":[68.8406,63.5744,-182.665],"tool":false,"touchDistance":0.333333,"touchZone":"none","type":3,"width":18.077},{"bases":[[[0.818583,-0.563015,0.113737],[0.505349,0.800055,0.323317],[-0.273028,-0.207185,0.939431]],[[0.816265,-0.564733,0.12161],[0.383875,0.372951,-0.844717],[0.431685,0.736196,0.521213]],[[0.816265,-0.564733,0.12161],[-0.378028,-0.681369,-0.626762],[0.436814,0.465632,-0.769663]],[[0.816265,-0.564733,0.12161],[-0.564905,-0.824353,-0.0364003],[0.120806,-0.0389859,-0.99191]]],"btipPosition":[7.10556,225.955,19.5919],"carpPosition":[17.1639,248.407,60.3436],"dipPosition":[9.18787,225.283,2.49452],"direction":[-0.436814,-0.465632,0.769663],"extended":false,"handId":506,"id":5064,"length":50.5107,"mcpPosition":[32.9955,260.421,5.87053],"pipPosition":[17.7314,234.39,-12.5592],"stabilizedTipPosition":[11.2194,206.62,3.36012],"timeVisible":270.711,"tipPosition":[7.60992,226.042,16.3977],"tipVelocity":[68.4894,70.1861,-167.368],"tool":false,"touchDistance":0.333333,"touchZone":"none","type":4,"width":16.0574}],"r":[[0.155478,0.405519,0.900767],[0.615302,-0.753118,0.232843],[0.772806,0.518042,-0.36661]],"s":1.5002,"t":[8.19637,0.414324,13.0257],"timestamp":98085184371},false],[3,{"currentFrameRate":101.756,"devices":[],"gestures":[{"center":[-25.4411,297.699,-38.9805],"duration":36161,"handIds":[506],"id":67,"normal":[-0.955536,-0.231481,-0.182667],"pointableIds":[5061],"progress":0.880366,"radius":6.89574,"state":"update","type":"circle"}],"hands":[{"armBasis":[[0.967627,-0.0470771,-0.247955],[0.157773,0.879651,0.448688],[0.196991,-0.473283,0.858602]],"armWidth":63.72,"confidence":0.669561,"direction":[0.0438593,0.36469,-0.930095],"elbow":[54.2422,118.873,298.151],"grabStrength":0,"id":506,"palmNormal":[-0.162356,-0.916013,-0.366824],"palmPosition":[-4.79254,263.669,14.6636],"palmVelocity":[48.5514,68.1327,-176.605],"palmWidth":90.99,"pinchStrength":0.627421,"r":[[0.150822,0.402606,0.902863],[0.616873,-0.752004,0.232288],[0.772477,0.521917,-0.361776]],"s":1.49977,"sphereCenter":[-29.4446,255.254,-15.5125],"sphereRadius":50.2076,"stabilizedPalmPosition":[-3.62781,246.533,14.9954],"t":[8.85943,1.23422,10.7296],"timeVisible":270.719,"type":"right","wrist":[1.05461,246.659,66.3284]}],"id":1827246,"interactionBox":{"center":[0,200,0],"size":[235.247,235.247,147.751]},"pointables":[{"bases":[[[0.55044,0.823231,0.138947],[-0.73784,0.401806,0.542351],[0.39065,-0.401052,0.828583]],[[0.494563,0.868648,0.0292804],[-0.863666,0.494944,-0.095451],[-0.0974055,0.0219181,0.995003]],[[0.494563,0.868648,0.0292804],[-0.76826,0.452664,-0.452627],[-0.406428,0.201358,0.891219]],[[0.494563,0.868648,0.0292804],[-0.519014,0.322187,-0.79172],[-0.69716,0.376358,0.610182]]],"btipPosition":[6.08476,223.515,-28.2432],"carpPosition":[-28.9509,240.282,66.0921],"dipPosition":[-10.2313,232.323,-13.9628],"direction":[0.406428,-0.201358,-0.891219],"extended":false,"handId":506,"id":5060,"length":52.1164,"mcpPosition":[-28.9509,240.282,66.0921],"pipPosition":[-24.0887,239.188,16.4239],"stabilizedTipPosition":[1.9107,204.161,-5.81896],"timeVisible":270.719,"tipPosition":[2.93353,225.2,-24.3249],"tipVelocity":[72.5877,87.1541,-191.097],"tool":false,"touchDistance":-0.439044,"touchZone":"hovering","type":0,"width":20.25},{"bases":[[[0.979127,-0.103491,-0.174929],[0.142422,0.963371,0.227228],[0.145005,-0.247399,0.958002]],[[0.986507,-0.156883,0.0468087],[0.0886473,0.752234,0.652905],[-0.137641,-0.639946,0.755992]],[[0.986507,-0.156883,0.0468087],[0.113461,0.861256,0.495344],[-0.118025,-0.483349,0.867435]],[[0.986507,-0.156883,0.0468087],[0.132681,0.933618,0.332795],[-0.0959113,-0.322094,0.941837]]],"btipPosition":[-17.6197,323.629,-76.8584],"carpPosition":[-17.3565,260.748,63.1587],"dipPosition":[-19.2584,318.125,-60.7665],"direction":[0.118025,0.483349,-0.867435],"extended":true,"handId":506,"id":5061,"length":58.8075,"mcpPosition":[-28.0245,278.949,-7.32107],"pipPosition":[-22.1111,306.443,-39.8003],"stabilizedTipPosition":[-22.0174,303.158,-53.9613],"timeVisible":270.719,"tipPosition":[-18.195,322.388,-73.1497],"tipVelocity":[68.897,99.287,-159.108],"tool":false,"touchDistance":-0.348933,"touchZone":"hovering","type":1,"width":19.3428},{"bases":[[[0.950994,-0.298669,-0.0800474],[0.309054,0.92634,0.215361],[0.00982958,-0.229546,0.973248]],[[0.951043,-0.301376,-0.0684757],[0.0870626,0.473844,-0.876295],[0.296541,0.827432,0.476885]],[[0.951043,-0.301376,-0.0684757],[-0.282953,-0.759955,-0.585154],[0.124313,0.575883,-0.808026]],[[0.951043,-0.301376,-0.0684757],[-0.298971,-0.953282,0.0432507],[-0.0783113,-0.0206611,-0.996715]]],"btipPosition":[-22.3155,221.418,11.6704],"carpPosition":[-5.27294,261.273,60.8504],"dipPosition":[-23.7871,221.029,-7.05985],"direction":[-0.124313,-0.575883,0.808026],"extended":false,"handId":506,"id":5062,"length":67.0064,"mcpPosition":[-5.95873,277.288,-7.05116],"pipPosition":[-20.2521,237.405,-30.0372],"stabilizedTipPosition":[-18.6625,204.317,0.493004],"timeVisible":270.719,"tipPosition":[-22.4725,221.577,8.49805],"tipVelocity":[61.0393,62.4836,-214.583],"tool":false,"touchDistance":0.333333,"touchZone":"none","type":2,"width":18.9972},{"bases":[[[0.916053,-0.398169,0.0480411],[0.376364,0.894845,0.240006],[-0.138552,-0.201778,0.969582]],[[0.916411,-0.397643,0.0455166],[0.230137,0.430474,-0.872771],[0.327457,0.810292,0.486003]],[[0.916411,-0.397643,0.0455166],[-0.294854,-0.747637,-0.595063],[0.270652,0.531902,-0.802389]],[[0.916411,-0.397643,0.0455166],[-0.398991,-0.916601,0.0254846],[0.0315868,-0.041515,-0.998638]]],"btipPosition":[-7.41655,221.121,17.7046],"carpPosition":[6.62296,258.644,59.2673],"dipPosition":[-6.82638,220.345,-0.953934],"direction":[-0.270652,-0.531902,0.802389],"extended":false,"handId":506,"id":5063,"length":64.4285,"mcpPosition":[15.3019,271.284,-1.46728],"pipPosition":[0.671229,235.08,-23.1817],"stabilizedTipPosition":[-4.22898,203.638,5.40846],"timeVisible":270.719,"tipPosition":[-7.23509,221.275,14.4594],"tipVelocity":[60.4149,64.0685,-204.104],"tool":false,"touchDistance":0.333333,"touchZone":"none","type":3,"width":18.077},{"bases":[[[0.818997,-0.561191,0.119616],[0.500533,0.800656,0.329268],[-0.280553,-0.209798,0.936629]],[[0.816676,-0.562888,0.12727],[0.389763,0.375356,-0.840947],[0.425587,0.736387,0.525937]],[[0.816676,-0.562888,0.12727],[-0.371113,-0.681136,-0.631133],[0.441945,0.4682,-0.765163]],[[0.816676,-0.562888,0.12727],[-0.562438,-0.825725,-0.0429068],[0.129242,-0.0365406,-0.99094]]],"btipPosition":[7.36909,226.558,17.6143],"carpPosition":[17.0212,248.959,58.4753],"dipPosition":[9.59681,225.929,0.533649],"direction":[-0.441945,-0.4682,0.765163],"extended":false,"handId":506,"id":5064,"length":50.5107,"mcpPosition":[33.2892,261.124,4.1647],"pipPosition":[18.2407,235.086,-14.432],"stabilizedTipPosition":[11.2137,206.654,3.37774],"timeVisible":270.719,"tipPosition":[7.90026,226.652,14.4049],"tipVelocity":[59.8638,70.8696,-184.739],"tool":false,"touchDistance":0.333333,"touchZone":"none","type":4,"width":16.0574}],"r":[[0.150822,0.402606,0.902863],[0.616873,-0.752004,0.232288],[0.772477,0.521917,-0.361776]],"s":1.49977,"t":[8.85943,1.23422,10.7296],"timestamp":98085192795},false],[4,{"currentFrameRate":102.055,"devices":[],"gestures":[{"center":[-25.4411,297.699,-38.9805],"duration":36161,"handIds":[506],"id":67,"normal":[-0.955536,-0.231481,-0.182667],"pointableIds":[5061],"progress":0.880366,"radius":6.89574,"state":"update","type":"circle"}],"hands":[{"armBasis":[[0.9702,-0.0415204,-0.238722],[0.148878,0.879456,0.452098],[0.191174,-0.474165,0.85943]],"armWidth":63.72,"confidence":0.671988,"direction":[0.0554176,0.367375,-0.928421],"elbow":[52.8239,120.668,294.348],"grabStrength":0,"id":506,"palmNormal":[-0.154381,-0.915515,-0.371483],"palmPosition":[-3.98703,265.825,10.6076],"palmVelocity":[59.4175,114.549,-250.352],"palmWidth":90.99,"pinchStrength":0.627053,"r":[[0.144366,0.399858,0.905136],[0.617968,-0.750843,0.233133],[0.772835,0.525689,-0.355496]],"s":1.49911,"sphereCenter":[-28.1266,257.394,-19.952],"sphereRadius":50.1582,"stabilizedPalmPosition":[-3.62878,246.585,14.9835],"t":[9.59371,2.72211,7.55349],"timeVisible":270.729,"type":"right","wrist":[1.20685,248.692,62.3016]}],"id":1827247,"interactionBox":{"center":[0,200,0],"size":[235.247,235.247,147.751]},"pointables":[{"bases":[[[0.545843,0.824588,0.148693],[-0.74648,0.397977,0.533274],[0.380555,-0.402081,0.832772]],[[0.491365,0.870104,0.0384662],[-0.863839,0.492509,-0.105913],[-0.1111,0.0188133,0.993631]],[[0.491365,0.870104,0.0384662],[-0.763753,0.451694,-0.461144],[-0.418618,0.197211,0.886491]],[[0.491365,0.870104,0.0384662],[-0.509449,0.322957,-0.797597],[-0.706415,0.372315,0.601963]]],"btipPosition":[7.57948,225.844,-32.2762],"carpPosition":[-28.7721,242.221,61.6371],"dipPosition":[-8.95317,234.558,-18.1881],"direction":[0.418618,-0.197211,-0.886491],"extended":false,"handId":506,"id":5060,"length":52.1164,"mcpPosition":[-28.7721,242.221,61.6371],"pipPosition":[-23.2262,241.282,12.0374],"stabilizedTipPosition":[1.92123,204.295,-5.94999],"timeVisible":270.729,"tipPosition":[4.36351,227.51,-28.4051],"tipVelocity":[96.146,132.854,-261.424],"tool":false,"touchDistance":-0.484631,"touchZone":"hovering","type":0,"width":20.25},{"bases":[[[0.981757,-0.099907,-0.161779],[0.136207,0.963191,0.231755],[0.13267,-0.249562,0.959228]],[[0.986205,-0.15404,0.060587],[0.0769349,0.750656,0.656199],[-0.146561,-0.642486,0.752152]],[[0.986205,-0.15404,0.060587],[0.103471,0.859397,0.50073],[-0.129201,-0.487554,0.86348]],[[0.986205,-0.15404,0.060587],[0.12468,0.932048,0.340208],[-0.108875,-0.327961,0.938396]]],"btipPosition":[-15.6851,326.082,-80.8699],"carpPosition":[-17.2043,262.731,58.918],"dipPosition":[-17.5453,320.478,-64.8369],"direction":[0.129201,0.487554,-0.86348],"extended":true,"handId":506,"id":5061,"length":58.8075,"mcpPosition":[-26.9648,281.091,-11.652],"pipPosition":[-20.6682,308.694,-43.9662],"stabilizedTipPosition":[-21.9506,303.403,-54.224],"timeVisible":270.729,"tipPosition":[-16.3262,324.787,-77.1938],"tipVelocity":[106.824,145.306,-236.821],"tool":false,"touchDistance":-0.402749,"touchZone":"hovering","type":1,"width":19.3428},{"bases":[[[0.952954,-0.295432,-0.0678183],[0.303104,0.926721,0.222071],[-0.00275824,-0.232179,0.972669]],[[0.952853,-0.298173,-0.0562455],[0.0975247,0.476476,-0.873762],[0.287331,0.827082,0.483091]],[[0.952853,-0.298173,-0.0562455],[-0.27247,-0.759223,-0.59105],[0.133532,0.578509,-0.804671]],[[0.952853,-0.298173,-0.0562455],[-0.296484,-0.95434,0.0364918],[-0.0645583,-0.0180954,-0.99775]]],"btipPosition":[-21.333,223.523,7.26221],"carpPosition":[-5.09197,263.301,56.7769],"dipPosition":[-22.5462,223.183,-11.4875],"direction":[-0.133532,-0.578509,0.804672],"extended":false,"handId":506,"id":5062,"length":67.0064,"mcpPosition":[-4.89953,279.5,-11.0843],"pipPosition":[-18.749,239.634,-34.3695],"stabilizedTipPosition":[-18.6649,204.333,0.495034],"timeVisible":270.729,"tipPosition":[-21.4479,223.69,4.07821],"tipVelocity":[75.5891,109.292,-288.519],"tool":false,"touchDistance":0.333333,"touchZone":"none","type":2,"width":18.9972},{"bases":[[[0.916582,-0.395393,0.0595108],[0.370171,0.895372,0.247552],[-0.151165,-0.204872,0.967045]],[[0.916984,-0.394843,0.0569198],[0.244205,0.442771,-0.862738],[0.315444,0.805017,0.502437]],[[0.916984,-0.394843,0.0569198],[-0.280925,-0.740443,-0.610594],[0.283234,0.543914,-0.789896]],[[0.916984,-0.394843,0.0569198],[-0.395962,-0.918218,0.00947633],[0.0485231,-0.0312277,-0.998334]]],"btipPosition":[-6.54486,223.095,12.86],"carpPosition":[6.83286,260.714,55.3498],"dipPosition":[-5.63825,222.512,-5.79291],"direction":[-0.283234,-0.543914,0.789896],"extended":false,"handId":506,"id":5063,"length":64.4285,"mcpPosition":[16.3018,273.547,-5.22594],"pipPosition":[2.20791,237.579,-27.6746],"stabilizedTipPosition":[-4.23126,203.659,5.41188],"timeVisible":270.729,"tipPosition":[-6.29972,223.31,9.71968],"tipVelocity":[72.1776,107.453,-294.069],"tool":false,"touchDistance":0.333333,"touchZone":"none","type":3,"width":18.077},{"bases":[[[0.819079,-0.558917,0.12931],[0.493408,0.801333,0.338251],[-0.292675,-0.213252,0.932129]],[[0.816685,-0.560624,0.136844],[0.400012,0.379029,-0.834462],[0.415951,0.736232,0.533804]],[[0.816685,-0.560624,0.136844],[-0.360146,-0.680424,-0.638215],[0.450911,0.471937,-0.757598]],[[0.816685,-0.560624,0.136844],[-0.55908,-0.827409,-0.0531476],[0.143022,-0.0331019,-0.989166]]],"btipPosition":[8.25056,228.737,13.6174],"carpPosition":[17.272,251.064,54.6742],"dipPosition":[10.7158,228.166,-3.43269],"direction":[-0.450911,-0.471937,0.757598],"extended":false,"handId":506,"id":5064,"length":50.5107,"mcpPosition":[34.2428,263.429,0.624489],"pipPosition":[19.5351,237.397,-18.2504],"stabilizedTipPosition":[11.2089,206.698,3.39028],"timeVisible":270.729,"tipPosition":[8.82605,228.842,10.4084],"tipVelocity":[71.5266,117.621,-254.195],"tool":false,"touchDistance":0.333333,"touchZone":"none","type":4,"width":16.0574}],"r":[[0.144366,0.399858,0.905136],[0.617968,-0.750843,0.233133],[0.772835,0.525689,-0.355496]],"s":1.49911,"t":[9.59371,2.72211,7.55349],"timestamp":98085202022},false],[5,{"currentFrameRate":102.408,"devices":[],"gestures":[{"center":[-25.4411,297.699,-38.9805],"duration":36161,"handIds":[506],"id":67,"normal":[-0.955536,-0.231481,-0.182667],"pointableIds":[5061],"progress":0.880366,"radius":6.89574,"state":"update","type":"circle"}],"hands":[{"armBasis":[[0.971597,-0.041019,-0.233058],[0.146205,0.878457,0.454904],[0.186071,-0.476058,0.859504]],"armWidth":63.72,"confidence":0.632432,"direction":[0.0600842,0.367628,-0.92803],"elbow":[51.8502,121.603,291.716],"grabStrength":0,"id":506,"palmNormal":[-0.152262,-0.915454,-0.372505],"palmPosition":[-3.32224,267.284,7.93418],"palmVelocity":[63.2157,127.254,-262.469],"palmWidth":90.99,"pinchStrength":0.632822,"r":[[0.138251,0.397597,0.907085],[0.618632,-0.749897,0.234411],[0.773422,0.528744,-0.34964]],"s":1.49851,"sphereCenter":[-27.2615,258.845,-22.7575],"sphereRadius":50.1354,"stabilizedPalmPosition":[-3.62794,246.642,14.9642],"t":[10.2932,4.19522,4.62873],"timeVisible":270.738,"type":"right","wrist":[1.61092,250.139,59.6496]}],"id":1827248,"interactionBox":{"center":[0,200,0],"size":[235.247,235.247,147.751]},"pointables":[{"bases":[[[0.544882,0.824676,0.151699],[-0.749294,0.397665,0.529548],[0.376381,-0.402208,0.834605]],[[0.490992,0.870186,0.04127],[-0.86338,0.492377,-0.110185],[-0.116202,0.0184682,0.993054]],[[0.490992,0.870186,0.04127],[-0.761769,0.451838,-0.464274],[-0.422652,0.196516,0.88473]],[[0.490992,0.870186,0.04127],[-0.505694,0.323266,-0.799858],[-0.709366,0.371853,0.598769]]],"btipPosition":[8.45014,227.335,-34.9197],"carpPosition":[-28.3627,243.66,58.8299],"dipPosition":[-8.15158,236.038,-20.9063],"direction":[0.422652,-0.196516,-0.88473],"extended":false,"handId":506,"id":5060,"length":52.1164,"mcpPosition":[-28.3627,243.66,58.8299],"pipPosition":[-22.5622,242.738,9.25907],"stabilizedTipPosition":[1.93725,204.443,-6.10209],"timeVisible":270.738,"tipPosition":[5.20824,229,-31.0724],"tipVelocity":[95.5614,141.411,-270.085],"tool":false,"touchDistance":-0.504411,"touchZone":"hovering","type":0,"width":20.25},{"bases":[[[0.982595,-0.0996365,-0.156776],[0.134794,0.963163,0.232698],[0.127815,-0.24978,0.95983]],[[0.985846,-0.153987,0.066304],[0.0730562,0.750521,0.656796],[-0.150901,-0.642656,0.751147]],[[0.985846,-0.153987,0.066304],[0.100259,0.858455,0.502994],[-0.134373,-0.489227,0.861743]],[[0.985846,-0.153987,0.066304],[0.122252,0.930891,0.344232],[-0.114729,-0.331254,0.93654]]],"btipPosition":[-14.4982,327.645,-83.5399],"carpPosition":[-16.7859,264.174,56.1755],"dipPosition":[-16.4584,321.985,-67.5386],"direction":[0.134373,0.489227,-0.861743],"extended":true,"handId":506,"id":5061,"length":58.8075,"mcpPosition":[-26.1893,282.55,-14.4388],"pipPosition":[-19.7062,310.16,-46.7099],"stabilizedTipPosition":[-21.8656,303.681,-54.5351],"timeVisible":270.738,"tipPosition":[-15.1765,326.31,-79.8867],"tipVelocity":[112.702,152.281,-252.802],"tool":false,"touchDistance":-0.430967,"touchZone":"hovering","type":1,"width":19.3428},{"bases":[[[0.953357,-0.295193,-0.0630147],[0.301746,0.926734,0.223859],[-0.00768371,-0.232432,0.972582]],[[0.953198,-0.297946,-0.0514019],[0.102381,0.47804,-0.872351],[0.284486,0.82626,0.486171]],[[0.953198,-0.297946,-0.0514019],[-0.268959,-0.757931,-0.594307],[0.138112,0.580317,-0.802594]],[[0.953198,-0.297946,-0.0514019],[-0.296555,-0.954445,0.0330264],[-0.0589003,-0.0162373,-0.998132]]],"btipPosition":[-20.6598,224.94,4.38755],"carpPosition":[-4.66295,264.747,54.0965],"dipPosition":[-21.7666,224.635,-14.3693],"direction":[-0.138112,-0.580317,0.802594],"extended":false,"handId":506,"id":5062,"length":67.0064,"mcpPosition":[-4.12687,280.963,-13.7586],"pipPosition":[-17.8392,241.137,-37.1922],"stabilizedTipPosition":[-18.667,204.352,0.494653],"timeVisible":270.738,"tipPosition":[-20.7568,225.116,1.18945],"tipVelocity":[75.9122,122.439,-296.247],"tool":false,"touchDistance":0.333333,"touchZone":"none","type":2,"width":18.9972},{"bases":[[[0.916358,-0.395195,0.0641007],[0.368689,0.895394,0.249675],[-0.156066,-0.205158,0.966206]],[[0.916746,-0.39468,0.0616814],[0.248649,0.442932,-0.861385],[0.312651,0.805009,0.504193]],[[0.916746,-0.39468,0.0616814],[-0.277484,-0.740237,-0.612415],[0.287367,0.544313,-0.788127]],[[0.916746,-0.39468,0.0616814],[-0.395809,-0.918308,0.0067757],[0.0539683,-0.0306256,-0.998073]]],"btipPosition":[-5.89253,224.541,10.1602],"carpPosition":[7.26963,262.163,52.7298],"dipPosition":[-4.88419,223.968,-8.48776],"direction":[-0.287367,-0.544313,0.788127],"extended":false,"handId":506,"id":5063,"length":64.4285,"mcpPosition":[17.0456,275.014,-7.79331],"pipPosition":[3.07645,239.047,-30.3204],"stabilizedTipPosition":[-4.23288,203.683,5.4124],"timeVisible":270.738,"tipPosition":[-5.62705,224.752,6.99185],"tipVelocity":[72.7755,121.803,-294.846],"tool":false,"touchDistance":0.333333,"touchZone":"none","type":3,"width":18.077},{"bases":[[[0.818537,-0.55876,0.133357],[0.491482,0.80136,0.34098],[-0.297393,-0.213562,0.930564]],[[0.8165,-0.560196,0.139668],[0.405631,0.384472,-0.829244],[0.410841,0.733731,0.541154]],[[0.8165,-0.560196,0.139668],[-0.354016,-0.676889,-0.645364],[0.45607,0.477495,-0.750998]],[[0.8165,-0.560196,0.139668],[-0.557582,-0.827882,-0.0609328],[0.149763,-0.0281246,-0.988322]]],"btipPosition":[8.93012,230.101,10.7356],"carpPosition":[17.7143,252.516,52.1052],"dipPosition":[11.5116,229.616,-6.29987],"direction":[-0.45607,-0.477495,0.750998],"extended":false,"handId":506,"id":5064,"length":50.5107,"mcpPosition":[34.9587,264.899,-1.85372],"pipPosition":[20.4317,238.955,-20.9885],"stabilizedTipPosition":[11.2054,206.746,3.39744],"timeVisible":270.738,"tipPosition":[9.51958,230.24,7.57386],"tipVelocity":[73.2357,127.195,-271.49],"tool":false,"touchDistance":0.333333,"touchZone":"none","type":4,"width":16.0574}],"r":[[0.138251,0.397597,0.907085],[0.618632,-0.749897,0.234411],[0.773422,0.528744,-0.34964]],"s":1.49851,"t":[10.2932,4.19522,4.62873],"timestamp":98085211112},false],[6,{"currentFrameRate":102.846,"devices":[],"gestures":[{"center":[-25.4411,297.699,-38.9805],"duration":36161,"handIds":[506],"id":67,"normal":[-0.955536,-0.231481,-0.182667],"pointableIds":[5061],"progress":0.880366,"radius":6.89574,"state":"update","type":"circle"}],"hands":[{"armBasis":[[0.968651,-0.0676547,-0.239036],[0.172468,0.875675,0.451052],[0.178802,-0.478138,0.859892]],"armWidth":63.72,"confidence":0.642591,"direction":[0.0595741,0.353552,-0.933516],"elbow":[50.36,123.163,289.652],"grabStrength":0,"id":506,"palmNormal":[-0.179417,-0.916155,-0.358427],"palmPosition":[-2.96,268.834,5.59071],"palmVelocity":[57.1085,140.067,-262.77],"palmWidth":90.99,"pinchStrength":0.632489,"r":[[0.137248,0.397552,0.907257],[0.615796,-0.751663,0.236216],[0.77586,0.526265,-0.347976]],"s":1.4983,"sphereCenter":[-27.3967,260.63,-24.7237],"sphereRadius":50.1352,"stabilizedPalmPosition":[-3.62603,246.705,14.9375],"t":[10.8241,5.70708,1.99461],"timeVisible":270.747,"type":"right","wrist":[2.08337,252.261,57.4815]}],"id":1827249,"interactionBox":{"center":[0,200,0],"size":[235.247,235.247,147.751]},"pointables":[{"bases":[[[0.567242,0.812434,0.134864],[-0.733293,0.423717,0.531737],[0.374857,-0.400519,0.836102]],[[0.513402,0.857799,0.0244672],[-0.851675,0.512818,-0.108017],[-0.105204,0.0346181,0.993848]],[[0.513402,0.857799,0.0244672],[-0.75517,0.465152,-0.4619],[-0.407599,0.218664,0.886594]],[[0.513402,0.857799,0.0244672],[-0.506171,0.325726,-0.798557],[-0.692971,0.397597,0.601421]]],"btipPosition":[7.3147,228.051,-36.8575],"carpPosition":[-28.0522,246.54,57.0573],"dipPosition":[-8.90333,237.356,-22.7821],"direction":[0.407599,-0.218664,-0.886594],"extended":false,"handId":506,"id":5060,"length":52.1164,"mcpPosition":[-28.0522,246.54,57.0573],"pipPosition":[-22.8007,244.812,7.44685],"stabilizedTipPosition":[1.94617,204.583,-6.25113],"timeVisible":270.747,"tipPosition":[4.15172,229.85,-33.0062],"tipVelocity":[37.5841,129.101,-255.483],"tool":false,"touchDistance":-0.511157,"touchZone":"hovering","type":0,"width":20.25},{"bases":[[[0.97803,-0.126799,-0.165468],[0.161687,0.962424,0.218169],[0.131586,-0.24013,0.961781]],[[0.982176,-0.178414,0.059153],[0.0985993,0.756964,0.645975],[-0.160028,-0.628628,0.761063]],[[0.982176,-0.178414,0.059153],[0.126736,0.860995,0.492571],[-0.138812,-0.476295,0.868259]],[[0.982176,-0.178414,0.059153],[0.148844,0.930424,0.334899],[-0.114788,-0.320125,0.940396]]],"btipPosition":[-13.4758,328.369,-86.503],"carpPosition":[-15.9866,266.714,54.0053],"dipPosition":[-15.437,322.9,-70.4358],"direction":[0.138812,0.476295,-0.868259],"extended":true,"handId":506,"id":5061,"length":58.8075,"mcpPosition":[-25.6674,284.38,-16.7525],"pipPosition":[-18.7922,311.387,-49.4496],"stabilizedTipPosition":[-21.7718,303.958,-54.8691],"timeVisible":270.747,"tipPosition":[-14.1745,327.041,-82.8542],"tipVelocity":[113.316,134.383,-274.206],"tool":false,"touchDistance":-0.460422,"touchZone":"hovering","type":1,"width":19.3428},{"bases":[[[0.944826,-0.320275,-0.0687582],[0.327556,0.921626,0.208117],[-0.0032854,-0.219157,0.975684]],[[0.944719,-0.322877,-0.0570695],[0.105746,0.464789,-0.879084],[0.310361,0.824453,0.473238]],[[0.944719,-0.322877,-0.0570695],[-0.294123,-0.757593,-0.582705],[0.144906,0.567278,-0.810678]],[[0.944719,-0.322877,-0.0570695],[-0.320469,-0.946068,0.0474884],[-0.0693245,-0.0265742,-0.99724]]],"btipPosition":[-21.4238,226.868,2.70571],"carpPosition":[-3.87566,266.949,51.7946],"dipPosition":[-22.7266,226.369,-16.0344],"direction":[-0.144906,-0.567278,0.810678],"extended":false,"handId":506,"id":5062,"length":67.0064,"mcpPosition":[-3.64644,282.239,-16.2769],"pipPosition":[-18.606,242.5,-39.0872],"stabilizedTipPosition":[-18.6702,204.375,0.492424],"timeVisible":270.747,"tipPosition":[-21.5493,227.01,-0.50912],"tipVelocity":[30.5511,146.733,-267.028],"tool":false,"touchDistance":0.333333,"touchZone":"none","type":2,"width":18.9972},{"bases":[[[0.906645,-0.417594,0.0600794],[0.393951,0.888933,0.233669],[-0.150985,-0.188187,0.970458]],[[0.906965,-0.417192,0.0580098],[0.249601,0.421399,-0.87185],[0.339283,0.805217,0.486325]],[[0.906965,-0.417192,0.0580098],[-0.303458,-0.74271,-0.596905],[0.292108,0.523768,-0.800212]],[[0.906965,-0.417192,0.0580098],[-0.419059,-0.907631,0.0244114],[0.0424673,-0.0464499,-0.998018]]],"btipPosition":[-6.61449,226.213,8.6371],"carpPosition":[7.97226,264.043,50.341],"dipPosition":[-5.82