{"sensorType":"Leap","data":[[0,{"currentFrameRate":110.518,"devices":[],"gestures":[],"hands":[{"armBasis":[[0.957832,-0.0386956,-0.28471],[0.1685,0.878264,0.447505],[0.232734,-0.476609,0.847749]],"armWidth":63.72,"confidence":0.685577,"direction":[0.143152,0.0525652,-0.988304],"elbow":[53.3013,153.939,310.32],"grabStrength":0,"id":506,"palmNormal":[-0.238893,-0.967226,-0.0860469],"palmPosition":[-10.1598,283.177,26.7278],"palmVelocity":[3.28995,-25.3785,6.13831],"palmWidth":90.99,"pinchStrength":0,"r":[[0.153159,0.534637,0.831087],[0.55037,-0.744651,0.377607],[0.820753,0.399571,-0.408299]],"s":1.69801,"sphereCenter":[-58.1869,265.486,-8.39629],"sphereRadius":66.1544,"stabilizedPalmPosition":[-13.4174,287.49,29.8381],"t":[4.15895,21.6512,20.3889],"timeVisible":261.265,"type":"right","wrist":[-9.53688,282.623,81.4277]}],"id":1826220,"interactionBox":{"center":[0,200,0],"size":[235.247,235.247,147.751]},"pointables":[{"bases":[[[0.628083,0.775408,-0.0652244],[-0.721984,0.611967,0.322855],[0.29026,-0.155689,0.944198]],[[0.687117,0.688967,0.230639],[-0.660639,0.460359,0.59298],[0.302367,-0.559817,0.771479]],[[0.687117,0.688967,0.230639],[-0.688261,0.718931,-0.0971346],[-0.232736,-0.0919973,0.968179]],[[0.687117,0.688967,0.230639],[-0.0767412,0.384493,-0.919933],[-0.722482,0.614402,0.317064]]],"btipPosition":[-30.2364,295.781,1.34959],"carpPosition":[-39.987,279.079,80.2911],"dipPosition":[-47.1451,310.16,8.77003],"direction":[0.232736,0.0919973,-0.968179],"extended":true,"handId":506,"id":5060,"length":52.1164,"mcpPosition":[-39.987,279.079,80.2911],"pipPosition":[-55.0804,307.024,41.7807],"stabilizedTipPosition":[-38.1389,307.973,-14.3985],"timeVisible":261.265,"tipPosition":[-34.508,298.658,2.12835],"tipVelocity":[2.86854,-13.0944,16.6912],"tool":false,"touchDistance":0.362506,"touchZone":"hovering","type":0,"width":20.25},{"bases":[[[0.970837,-0.236064,-0.0418224],[0.233263,0.970399,-0.0625651],[0.0553538,0.0509849,0.997164]],[[0.970229,-0.236567,-0.0518812],[0.233996,0.860399,0.452725],[-0.062461,-0.451387,0.89014]],[[0.970229,-0.236567,-0.0518812],[0.240256,0.91313,0.329349],[-0.0305387,-0.332009,0.942782]],[[0.970229,-0.236567,-0.0518812],[0.242189,0.947661,0.208044],[-0.000050395,-0.214415,0.976743]]],"btipPosition":[-26.6877,323.88,-78.6655],"carpPosition":[-26.0378,296.55,72.4137],"dipPosition":[-26.6885,320.217,-61.9772],"direction":[0.0305387,0.332009,-0.942782],"extended":true,"handId":506,"id":5061,"length":58.8075,"mcpPosition":[-30.1101,292.799,-0.947276],"pipPosition":[-27.4266,312.192,-39.1898],"stabilizedTipPosition":[-28.3173,331.352,-75.8641],"timeVisible":261.265,"tipPosition":[-27.6378,323.212,-74.7321],"tipVelocity":[5.6283,-34.4106,5.13841],"tool":false,"touchDistance":0.319705,"touchZone":"hovering","type":1,"width":19.3428},{"bases":[[[0.915304,-0.388953,0.104565],[0.395195,0.917403,-0.0468272],[-0.077715,0.0841848,0.993415]],[[0.914904,-0.388527,0.109531],[0.333555,0.574805,-0.747221],[0.227357,0.720171,0.655487]],[[0.914904,-0.388527,0.109531],[0.169027,0.122316,-0.977992],[0.366579,0.913283,0.177579]],[[0.914904,-0.388527,0.109531],[0.0453235,-0.170751,-0.984271],[0.401119,0.905478,-0.138611]]],"btipPosition":[-37.3464,211.725,-32.1379],"carpPosition":[-13.8477,295.297,71.2104],"dipPosition":[-29.8086,228.74,-34.7427],"direction":[-0.366579,-0.913283,-0.177579],"extended":false,"handId":506,"id":5062,"length":67.0064,"mcpPosition":[-8.42567,289.423,1.90178],"pipPosition":[-19.3844,254.711,-29.693],"stabilizedTipPosition":[-35.6901,218.526,-33.3557],"timeVisible":261.265,"tipPosition":[-35.7399,215.825,-32.8622],"tipVelocity":[-6.15559,-20.7099,-3.22545],"tool":false,"touchDistance":0.346552,"touchZone":"hovering","type":2,"width":18.9972},{"bases":[[[0.861478,-0.440369,0.252845],[0.4569,0.889486,-0.00754508],[-0.22158,0.122025,0.967477]],[[0.880958,-0.451313,0.142233],[0.409335,0.576028,-0.707557],[0.2374,0.681549,0.692194]],[[0.880958,-0.451313,0.142233],[0.220707,0.126012,-0.967166],[0.418571,0.883424,0.21062]],[[0.880958,-0.451313,0.142233],[0.0717034,-0.16979,-0.982868],[0.467731,0.876064,-0.117217]]],"btipPosition":[-19.3002,212.363,-23.5427],"carpPosition":[-2.23871,291.299,71.6315],"dipPosition":[-10.5611,228.731,-25.7328],"direction":[-0.418571,-0.883424,-0.21062],"extended":false,"handId":506,"id":5063,"length":64.4285,"mcpPosition":[11.641,283.655,11.0287],"pipPosition":[1.03412,253.204,-19.8982],"stabilizedTipPosition":[-19.3349,224.037,-30.2128],"timeVisible":261.265,"tipPosition":[-17.0838,216.457,-24.7544],"tipVelocity":[-14.8104,-29.3844,13.9292],"tool":false,"touchDistance":0.345735,"touchZone":"hovering","type":3,"width":18.077},{"bases":[[[0.742628,-0.564161,0.360869],[0.563946,0.817427,0.117378],[-0.361204,0.116343,0.925201]],[[0.74768,-0.565755,0.3477],[0.484557,0.106785,-0.868217],[0.45407,0.817629,0.353982]],[[0.74768,-0.565755,0.3477],[-0.122322,-0.631976,-0.765274],[0.652696,0.529648,-0.54172]],[[0.74768,-0.565755,0.3477],[-0.399902,-0.801614,-0.444403],[0.530144,0.193225,-0.825597]]],"btipPosition":[-9.96071,231.648,33.4583],"carpPosition":[7.05429,280.995,74.7967],"dipPosition":[-0.82272,234.978,19.2276],"direction":[-0.652696,-0.529648,0.54172],"extended":false,"handId":506,"id":5064,"length":50.5107,"mcpPosition":[27.9988,274.248,21.1487],"pipPosition":[11.9432,245.338,8.6322],"stabilizedTipPosition":[-11.7403,239.997,-2.75412],"timeVisible":261.265,"tipPosition":[-7.52674,232.309,29.3027],"tipVelocity":[-6.40915,-25.5279,16.3206],"tool":false,"touchDistance":0.333333,"touchZone":"none","type":4,"width":16.0574}],"r":[[0.153159,0.534637,0.831087],[0.55037,-0.744651,0.377607],[0.820753,0.399571,-0.408299]],"s":1.69801,"t":[4.15895,21.6512,20.3889],"timestamp":98075738728},false],[1,{"currentFrameRate":110.485,"devices":[],"gestures":[],"hands":[{"armBasis":[[0.957667,-0.0401619,-0.285062],[0.169983,0.878056,0.447352],[0.232334,-0.47687,0.847712]],"armWidth":63.72,"confidence":0.688111,"direction":[0.142009,0.0514895,-0.988525],"elbow":[53.2592,153.879,310.403],"grabStrength":0,"id":506,"palmNormal":[-0.24026,-0.96699,-0.0848829],"palmPosition":[-10.1603,283.139,26.8209],"palmVelocity":[2.3629,-19.4844,7.26931],"palmWidth":90.99,"pinchStrength":0,"r":[[0.15494,0.535076,0.830474],[0.550158,-0.744949,0.37733],[0.820561,0.398428,-0.409798]],"s":1.69838,"sphereCenter":[-58.1082,265.42,-8.23824],"sphereRadius":66.0913,"stabilizedPalmPosition":[-13.3406,287.387,29.767],"t":[4.15683,21.5876,20.4898],"timeVisible":261.274,"type":"right","wrist":[-9.471,282.634,81.5204]}],"id":1826221,"interactionBox":{"center":[0,200,0],"size":[235.247,235.247,147.751]},"pointables":[{"bases":[[[0.629014,0.774528,-0.0666923],[-0.720788,0.613199,0.323188],[0.291214,-0.155219,0.943982]],[[0.688318,0.688181,0.229401],[-0.659238,0.461473,0.593673],[0.302693,-0.559866,0.771315]],[[0.688318,0.688181,0.229401],[-0.687743,0.719665,-0.0953507],[-0.23071,-0.0921373,0.96865]],[[0.688318,0.688181,0.229401],[-0.0789869,0.385458,-0.919338],[-0.721096,0.614678,0.319675]]],"btipPosition":[-30.2943,295.832,1.4138],"carpPosition":[-39.9271,279.129,80.4243],"dipPosition":[-47.1705,310.217,8.89535],"direction":[0.23071,0.0921373,-0.96865],"extended":true,"handId":506,"id":5060,"length":52.1164,"mcpPosition":[-39.9271,279.129,80.4243],"pipPosition":[-55.0367,307.076,41.9221],"stabilizedTipPosition":[-38.0954,307.876,-14.2062],"timeVisible":261.274,"tipPosition":[-34.5278,298.698,2.2599],"tipVelocity":[0.537489,-7.8852,14.4445],"tool":false,"touchDistance":0.360763,"touchZone":"hovering","type":0,"width":20.25},{"bases":[[[0.970476,-0.23737,-0.0427991],[0.234452,0.970037,-0.0637249],[0.0566431,0.0518092,0.997049]],[[0.969975,-0.237789,-0.05103],[0.234756,0.860622,0.451906],[-0.0635409,-0.450317,0.890605]],[[0.969975,-0.237789,-0.05103],[0.241176,0.913441,0.32781],[-0.0313367,-0.330274,0.943365]],[[0.969975,-0.237789,-0.05103],[0.243203,0.947895,0.205785],[-0.000562326,-0.212017,0.977266]]],"btipPosition":[-26.635,323.715,-78.5996],"carpPosition":[-25.9647,296.575,72.5141],"dipPosition":[-26.6447,320.093,-61.9024],"direction":[0.0313367,0.330274,-0.943365],"extended":true,"handId":506,"id":5061,"length":58.8075,"mcpPosition":[-30.1319,292.763,-0.838417],"pipPosition":[-27.4021,312.11,-39.1009],"stabilizedTipPosition":[-28.226,330.891,-75.8041],"timeVisible":261.274,"tipPosition":[-27.583,323.067,-74.6637],"tipVelocity":[5.60782,-29.6121,5.78109],"tool":false,"touchDistance":0.320836,"touchZone":"hovering","type":1,"width":19.3428},{"bases":[[[0.914923,-0.390054,0.103794],[0.396334,0.916844,-0.0481377],[-0.0763868,0.0851795,0.993433]],[[0.914334,-0.389414,0.111127],[0.335584,0.57501,-0.746155],[0.226664,0.719527,0.656433]],[[0.914334,-0.389414,0.111127],[0.171254,0.123149,-0.9775],[0.366967,0.912793,0.179288]],[[0.914334,-0.389414,0.111127],[0.0472458,-0.169963,-0.984317],[0.402195,0.905245,-0.137005]]],"btipPosition":[-37.367,211.712,-32.1769],"carpPosition":[-13.7778,295.304,71.297],"dipPosition":[-29.809,228.723,-34.7515],"direction":[-0.366967,-0.912793,-0.179288],"extended":false,"handId":506,"id":5062,"length":67.0064,"mcpPosition":[-8.44844,289.361,1.98711],"pipPosition":[-19.3737,254.68,-29.6532],"stabilizedTipPosition":[-35.6829,218.185,-33.2868],"timeVisible":261.274,"tipPosition":[-35.7959,215.781,-32.8032],"tipVelocity":[-4.93413,-15.3887,-3.30811],"tool":false,"touchDistance":0.344749,"touchZone":"hovering","type":2,"width":18.9972},{"bases":[[[0.861212,-0.441266,0.252186],[0.458051,0.888881,-0.00890607],[-0.220234,0.123184,0.967638]],[[0.880541,-0.452335,0.141567],[0.409216,0.574834,-0.708596],[0.239145,0.681879,0.691267]],[[0.880541,-0.452335,0.141567],[0.219672,0.124811,-0.967557],[0.41999,0.883072,0.209267]],[[0.880541,-0.452335,0.141567],[0.0702588,-0.170815,-0.982795],[0.468734,0.875337,-0.118629]]],"btipPosition":[-19.4554,212.291,-23.3715],"carpPosition":[-2.17353,291.291,71.7075],"dipPosition":[-10.6976,228.646,-25.588],"direction":[-0.41999,-0.883072,-0.209267],"extended":false,"handId":506,"id":5063,"length":64.4285,"mcpPosition":[11.6219,283.575,11.0946],"pipPosition":[0.937004,253.109,-19.7909],"stabilizedTipPosition":[-19.2333,223.609,-29.8731],"timeVisible":261.274,"tipPosition":[-17.2365,216.379,-24.5854],"tipVelocity":[-15.2962,-23.5104,15.094],"tool":false,"touchDistance":0.346972,"touchZone":"hovering","type":3,"width":18.077},{"bases":[[[0.742333,-0.564806,0.360467],[0.565156,0.816795,0.11595],[-0.359917,0.117646,0.925537]],[[0.747346,-0.566412,0.347348],[0.483474,0.104982,-0.869041],[0.45577,0.817408,0.352303]],[[0.747346,-0.566412,0.347348],[-0.124,-0.632485,-0.764583],[0.652761,0.528337,-0.54292]],[[0.747346,-0.566412,0.347348],[-0.401246,-0.801419,-0.443542],[0.529599,0.192108,-0.826208]]],"btipPosition":[-10.0318,231.608,33.606],"carpPosition":[7.10989,280.978,74.8705],"dipPosition":[-0.903166,234.919,19.3648],"direction":[-0.652761,-0.528337,0.54292],"extended":false,"handId":506,"id":5064,"length":50.5107,"mcpPosition":[27.9797,274.156,21.2031],"pipPosition":[11.8641,245.253,8.74592],"stabilizedTipPosition":[-11.6758,239.868,-2.1931],"timeVisible":261.274,"tipPosition":[-7.60283,232.269,29.4598],"tipVelocity":[-6.86071,-19.7917,16.2176],"tool":false,"touchDistance":0.333333,"touchZone":"none","type":4,"width":16.0574}],"r":[[0.15494,0.535076,0.830474],[0.550158,-0.744949,0.37733],[0.820561,0.398428,-0.409798]],"s":1.69838,"t":[4.15683,21.5876,20.4898],"timestamp":98075747837},false],[2,{"currentFrameRate":110.588,"devices":[],"gestures":[],"hands":[{"armBasis":[[0.957531,-0.0413527,-0.285348],[0.171188,0.877886,0.447226],[0.232009,-0.477081,0.847682]],"armWidth":63.72,"confidence":0.689619,"direction":[0.141077,0.0506175,-0.988704],"elbow":[53.2251,153.831,310.47],"grabStrength":0,"id":506,"palmNormal":[-0.241369,-0.966797,-0.0839367],"palmPosition":[-10.1607,283.109,26.8965],"palmVelocity":[1.71084,-15.1393,7.61134],"palmWidth":90.99,"pinchStrength":0,"r":[[0.156642,0.535513,0.829873],[0.549905,-0.745248,0.377108],[0.820407,0.39728,-0.411218]],"s":1.69871,"sphereCenter":[-58.0341,265.374,-8.1084],"sphereRadius":66.0341,"stabilizedPalmPosition":[-13.2732,287.296,29.7061],"t":[4.15557,21.5405,20.578],"timeVisible":261.283,"type":"right","wrist":[-9.41738,282.642,81.5956]}],"id":1826222,"interactionBox":{"center":[0,200,0],"size":[235.247,235.247,147.751]},"pointables":[{"bases":[[[0.629767,0.773812,-0.067885],[-0.719816,0.614199,0.323458],[0.291991,-0.154839,0.943804]],[[0.689301,0.687497,0.228499],[-0.658045,0.462206,0.594426],[0.303052,-0.560101,0.771003]],[[0.689301,0.687497,0.228499],[-0.687207,0.720326,-0.0942195],[-0.22937,-0.0920809,0.968974]],[[0.689301,0.687497,0.228499],[-0.0820903,0.387487,-0.918213],[-0.719809,0.614167,0.323532]]],"btipPosition":[-30.3392,295.893,1.43622],"carpPosition":[-39.8782,279.169,80.5324],"dipPosition":[-47.1853,310.267,9.00804],"direction":[0.22937,0.0920809,-0.968974],"extended":true,"handId":506,"id":5060,"length":52.1164,"mcpPosition":[-39.8782,279.169,80.5324],"pipPosition":[-55.0058,307.128,42.0458],"stabilizedTipPosition":[-38.0655,307.809,-14.0724],"timeVisible":261.283,"tipPosition":[-34.5401,298.747,2.36086],"tipVelocity":[-0.770038,-3.94051,11.851],"tool":false,"touchDistance":0.358668,"touchZone":"hovering","type":0,"width":20.25},{"bases":[[[0.970181,-0.238429,-0.0435925],[0.235416,0.969741,-0.0646674],[0.0576921,0.0524767,0.996954]],[[0.969791,-0.238761,-0.0499905],[0.235181,0.860713,0.451512],[-0.0647762,-0.449629,0.890863]],[[0.969791,-0.238761,-0.0499905],[0.241787,0.913676,0.326702],[-0.0323288,-0.32892,0.943804]],[[0.969791,-0.238761,-0.0499905],[0.243935,0.948103,0.203951],[-0.00129958,-0.209985,0.977704]]],"btipPosition":[-26.5631,323.588,-78.5403],"carpPosition":[-25.9053,296.594,72.5956],"dipPosition":[-26.5854,320.001,-61.8357],"direction":[0.0323288,0.32892,-0.943804],"extended":true,"handId":506,"id":5061,"length":58.8075,"mcpPosition":[-30.1497,292.733,-0.749933],"pipPosition":[-27.3668,312.051,-39.0236],"stabilizedTipPosition":[-28.1423,330.481,-75.7482],"timeVisible":261.283,"tipPosition":[-27.5125,322.951,-74.6054],"tipVelocity":[6.1984,-25.2154,6.07953],"tool":false,"touchDistance":0.321853,"touchZone":"hovering","type":1,"width":19.3428},{"bases":[[[0.914613,-0.390948,0.103168],[0.397257,0.916388,-0.0492026],[-0.0753059,0.0859853,0.993446]],[[0.913896,-0.390156,0.112126],[0.336783,0.574477,-0.746025],[0.226653,0.719551,0.65641]],[[0.913896,-0.390156,0.112126],[0.172603,0.123461,-0.977224],[0.367427,0.912434,0.180172]],[[0.913896,-0.390156,0.112126],[0.0485249,-0.169234,-0.984381],[0.403038,0.905062,-0.13573]]],"btipPosition":[-37.4139,211.674,-32.1556],"carpPosition":[-13.7209,295.31,71.3672],"dipPosition":[-29.84,228.682,-34.7062],"direction":[-0.367427,-0.912434,-0.180172],"extended":false,"handId":506,"id":5062,"length":67.0064,"mcpPosition":[-8.467,289.311,2.05647],"pipPosition":[-19.3917,254.628,-29.5828],"stabilizedTipPosition":[-35.6817,217.891,-33.2252],"timeVisible":261.283,"tipPosition":[-35.8603,215.73,-32.7273],"tipVelocity":[-4.92031,-12.4056,-1.59086],"tool":false,"touchDistance":0.34401,"touchZone":"hovering","type":2,"width":18.9972},{"bases":[[[0.860995,-0.441995,0.251651],[0.458983,0.888388,-0.010012],[-0.219138,0.124124,0.967766]],[[0.880201,-0.453164,0.141027],[0.409115,0.573861,-0.709442],[0.240564,0.682148,0.69051]],[[0.880201,-0.453164,0.141027],[0.218827,0.123831,-0.967874],[0.421142,0.882784,0.208161]],[[0.880201,-0.453164,0.141027],[0.0690808,-0.171652,-0.982733],[0.469547,0.874744,-0.119784]]],"btipPosition":[-19.5815,212.233,-23.2319],"carpPosition":[-2.12053,291.285,71.7691],"dipPosition":[-10.8085,228.577,-25.4699],"direction":[-0.421142,-0.882784,-0.208161],"extended":false,"handId":506,"id":5063,"length":64.4285,"mcpPosition":[11.6063,283.51,11.1482],"pipPosition":[0.857996,253.032,-19.7035],"stabilizedTipPosition":[-19.1547,223.25,-29.5847],"timeVisible":261.283,"tipPosition":[-17.3608,216.316,-24.4468],"tipVelocity":[-14.9007,-18.9943,15.1231],"tool":false,"touchDistance":0.347628,"touchZone":"hovering","type":3,"width":18.077},{"bases":[[[0.742093,-0.565329,0.360139],[0.566136,0.81628,0.11479],[-0.358869,0.118703,0.925809]],[[0.747073,-0.566944,0.347068],[0.482572,0.103472,-0.869723],[0.457173,0.817232,0.350892]],[[0.747073,-0.566944,0.347068],[-0.125352,-0.632894,-0.764024],[0.652816,0.527276,-0.543885]],[[0.747073,-0.566944,0.347068],[-0.402308,-0.80125,-0.442884],[0.529179,0.191239,-0.826678]]],"btipPosition":[-10.0907,231.575,33.727],"carpPosition":[7.15511,280.964,74.9305],"dipPosition":[-0.969378,234.871,19.4777],"direction":[-0.652816,-0.527276,0.543885],"extended":false,"handId":506,"id":5064,"length":50.5107,"mcpPosition":[27.9642,274.081,21.2472],"pipPosition":[11.7989,245.184,8.83997],"stabilizedTipPosition":[-11.6216,239.757,-1.71328],"timeVisible":261.283,"tipPosition":[-7.66613,232.235,29.5902],"tipVelocity":[-6.85613,-15.5465,15.4674],"tool":false,"touchDistance":0.333333,"touchZone":"none","type":4,"width":16.0574}],"r":[[0.156642,0.535513,0.829873],[0.549905,-0.745248,0.377108],[0.820407,0.39728,-0.411218]],"s":1.69871,"t":[4.15557,21.5405,20.578],"timestamp":98075756698},false],[3,{"currentFrameRate":110.554,"devices":[],"gestures":[],"hands":[{"armBasis":[[0.957419,-0.0426441,-0.285536],[0.172375,0.877829,0.446881],[0.231595,-0.477071,0.847801]],"armWidth":63.72,"confidence":0.675126,"direction":[0.140311,0.0502111,-0.988833],"elbow":[53.1455,153.816,310.551],"grabStrength":0,"id":506,"palmNormal":[-0.24235,-0.966592,-0.0834701],"palmPosition":[-10.1731,283.077,26.9458],"palmVelocity":[0.860137,-11.9166,7.00297],"palmWidth":90.99,"pinchStrength":0,"r":[[0.158242,0.535877,0.829334],[0.549623,-0.74557,0.376882],[0.820289,0.396182,-0.412511]],"s":1.6993,"sphereCenter":[-58.1448,265.391,-8.08779],"sphereRadius":66.1389,"stabilizedPalmPosition":[-13.212,287.213,29.6517],"t":[4.14877,21.501,20.6468],"timeVisible":261.292,"type":"right","wrist":[-9.38517,282.625,81.6444]}],"id":1826223,"interactionBox":{"center":[0,200,0],"size":[235.247,235.247,147.751]},"pointables":[{"bases":[[[0.630441,0.773199,-0.0686175],[-0.71897,0.614967,0.32388],[0.292621,-0.154853,0.943607]],[[0.690527,0.685034,0.232167],[-0.657589,0.460885,0.595954],[0.301246,-0.564193,0.768724]],[[0.690527,0.685034,0.232167],[-0.685503,0.722219,-0.0921158],[-0.230778,-0.095543,0.968304]],[[0.690527,0.685034,0.232167],[-0.0811296,0.392309,-0.916249],[-0.718743,0.613858,0.326476]]],"btipPosition":[-30.1979,296.234,1.57875],"carpPosition":[-39.8501,279.18,80.6073],"dipPosition":[-47.0191,310.6,9.21948],"direction":[0.230778,0.095543,-0.968304],"extended":true,"handId":506,"id":5060,"length":52.1164,"mcpPosition":[-39.8501,279.18,80.6073],"pipPosition":[-54.8876,307.343,42.2344],"stabilizedTipPosition":[-38.0401,307.757,-13.9616],"timeVisible":261.292,"tipPosition":[-34.4212,298.999,2.56379],"tipVelocity":[3.92116,7.46812,13.3886],"tool":false,"touchDistance":0.35851,"touchZone":"hovering","type":0,"width":20.25},{"bases":[[[0.969919,-0.239357,-0.0443245],[0.236277,0.969501,-0.0651298],[0.0585619,0.0526978,0.996892]],[[0.969642,-0.239595,-0.0488802],[0.235426,0.860658,0.451489],[-0.0661054,-0.44929,0.890937]],[[0.969642,-0.239595,-0.0488802],[0.242242,0.913893,0.325757],[-0.0333786,-0.327709,0.944189]],[[0.969642,-0.239595,-0.0488802],[0.244522,0.948357,0.202059],[-0.00205656,-0.207877,0.978153]]],"btipPosition":[-26.4937,323.488,-78.4974],"carpPosition":[-25.8673,296.59,72.6541],"dipPosition":[-26.5289,319.936,-61.785],"direction":[0.0333786,0.327709,-0.944189],"extended":true,"handId":506,"id":5061,"length":58.8075,"mcpPosition":[-30.1757,292.713,-0.686829],"pipPosition":[-27.3357,312.015,-38.9636],"stabilizedTipPosition":[-28.0616,330.097,-75.6944],"timeVisible":261.292,"tipPosition":[-27.4422,322.868,-74.5613],"tipVelocity":[6.50287,-21.0368,5.75663],"tool":false,"touchDistance":0.322599,"touchZone":"hovering","type":1,"width":19.3428},{"bases":[[[0.914328,-0.391782,0.102524],[0.39808,0.915999,-0.0497834],[-0.0744072,0.086331,0.993484]],[[0.913354,-0.390702,0.114614],[0.340399,0.578251,-0.741454],[0.223411,0.716225,0.661143]],[[0.913354,-0.390702,0.114614],[0.177736,0.129318,-0.975544],[0.366325,0.911388,0.187555]],[[0.913354,-0.390702,0.114614],[0.0535795,-0.163716,-0.985051],[0.403626,0.905842,-0.128597]]],"btipPosition":[-37.2644,211.809,-32.6814],"carpPosition":[-13.6852,295.293,71.4161],"dipPosition":[-29.6794,228.831,-35.098],"direction":[-0.366325,-0.911388,-0.187555],"extended":false,"handId":506,"id":5062,"length":67.0064,"mcpPosition":[-8.49394,289.27,2.10269],"pipPosition":[-19.2625,254.748,-29.7647],"stabilizedTipPosition":[-35.6686,217.717,-33.2262],"timeVisible":261.292,"tipPosition":[-35.7739,215.798,-33.014],"tipVelocity":[1.07594,-4.75338,-16.2265],"tool":false,"touchDistance":0.335517,"touchZone":"hovering","type":2,"width":18.9972},{"bases":[[[0.860785,-0.442737,0.251065],[0.459813,0.887952,-0.0106359],[-0.218225,0.124598,0.967912]],[[0.879888,-0.453955,0.140435],[0.40907,0.573258,-0.709956],[0.241783,0.682129,0.690102]],[[0.879888,-0.453955,0.140435],[0.218135,0.123315,-0.968096],[0.422154,0.88245,0.207527]],[[0.879888,-0.453955,0.140435],[0.0680929,-0.172035,-0.982735],[0.470277,0.874259,-0.120461]]],"btipPosition":[-19.7026,212.195,-23.1522],"carpPosition":[-2.08826,291.258,71.8095],"dipPosition":[-10.9159,228.53,-25.4028],"direction":[-0.422154,-0.88245,-0.207527],"extended":false,"handId":506,"id":5063,"length":64.4285,"mcpPosition":[11.5813,283.453,11.1795],"pipPosition":[0.778582,252.976,-19.6539],"stabilizedTipPosition":[-19.0906,222.933,-29.3276],"timeVisible":261.292,"tipPosition":[-17.4803,216.273,-24.3659],"tipVelocity":[-14.3617,-14.9414,13.2695],"tool":false,"touchDistance":0.347351,"touchZone":"hovering","type":3,"width":18.077},{"bases":[[[0.741856,-0.565929,0.359686],[0.567001,0.815777,0.114098],[-0.357995,0.119298,0.926071]],[[0.746773,-0.567537,0.346744],[0.481791,0.102224,-0.870303],[0.458484,0.816977,0.349772]],[[0.746773,-0.567537,0.346744],[-0.126509,-0.633055,-0.7637],[0.652936,0.526444,-0.544547]],[[0.746773,-0.567537,0.346744],[-0.403183,-0.800948,-0.442635],[0.528936,0.190747,-0.826948]]],"btipPosition":[-10.1608,231.539,33.8047],"carpPosition":[7.18024,280.929,74.9661],"dipPosition":[-1.04364,234.827,19.5507],"direction":[-0.652936,-0.526444,0.544547],"extended":false,"handId":506,"id":5064,"length":50.5107,"mcpPosition":[27.9386,274.011,21.2677],"pipPosition":[11.727,245.124,8.90004],"stabilizedTipPosition":[-11.5741,239.657,-1.28278],"timeVisible":261.292,"tipPosition":[-7.7393,232.201,29.6785],"tipVelocity":[-7.11831,-12.3857,13.5113],"tool":false,"touchDistance":0.333333,"touchZone":"none","type":4,"width":16.0574}],"r":[[0.158242,0.535877,0.829334],[0.549623,-0.74557,0.376882],[0.820289,0.396182,-0.412511]],"s":1.6993,"t":[4.14877,21.501,20.6468],"timestamp":98075765802},false],[4,{"currentFrameRate":110.509,"devices":[],"gestures":[],"hands":[{"armBasis":[[0.957336,-0.0441485,-0.285586],[0.173648,0.877825,0.446397],[0.230987,-0.476943,0.848039]],"armWidth":63.72,"confidence":0.678065,"direction":[0.139249,0.0501825,-0.988985],"elbow":[53.0597,153.822,310.635],"grabStrength":0,"id":506,"palmNormal":[-0.243198,-0.966395,-0.0832785],"palmPosition":[-10.1552,283.053,26.9671],"palmVelocity":[1.16504,-9.32151,5.70439],"palmWidth":90.99,"pinchStrength":0,"r":[[0.15979,0.536129,0.828875],[0.549364,-0.74592,0.376567],[0.820162,0.395183,-0.413721]],"s":1.69968,"sphereCenter":[-57.9836,265.318,-8.03541],"sphereRadius":66.0589,"stabilizedPalmPosition":[-13.1574,287.139,29.6037],"t":[4.1543,21.4694,20.6918],"timeVisible":261.302,"type":"right","wrist":[-9.30672,282.596,81.6648]}],"id":1826224,"interactionBox":{"center":[0,200,0],"size":[235.247,235.247,147.751]},"pointables":[{"bases":[[[0.630968,0.772712,-0.0692572],[-0.718128,0.615502,0.32473],[0.293551,-0.155159,0.943268]],[[0.691325,0.684447,0.231521],[-0.656568,0.461309,0.596752],[0.301642,-0.564559,0.768301]],[[0.691325,0.684447,0.231521],[-0.684931,0.72282,-0.0916618],[-0.230085,-0.0952074,0.968502]],[[0.691325,0.684447,0.231521],[-0.0832689,0.39376,-0.915434],[-0.717729,0.613584,0.32921]]],"btipPosition":[-30.1904,296.242,1.58318],"carpPosition":[-39.7755,279.175,80.6612],"dipPosition":[-46.9878,310.602,9.28787],"direction":[0.230085,0.0952074,-0.968502],"extended":true,"handId":506,"id":5060,"length":52.1164,"mcpPosition":[-39.7755,279.175,80.6612],"pipPosition":[-54.8327,307.356,42.3095],"stabilizedTipPosition":[-38.0195,307.714,-13.8719],"timeVisible":261.302,"tipPosition":[-34.4031,299.018,2.61694],"tipVelocity":[3.2273,5.60531,10.2503],"tool":false,"touchDistance":0.356279,"touchZone":"hovering","type":0,"width":20.25},{"bases":[[[0.969682,-0.240111,-0.0454245],[0.236962,0.969321,-0.0653144],[0.0597136,0.0525703,0.99683]],[[0.969529,-0.240242,-0.0479285],[0.235556,0.860496,0.451731],[-0.0672824,-0.449256,0.890866]],[[0.969529,-0.240242,-0.0479285],[0.242564,0.914045,0.32509],[-0.0342915,-0.32681,0.944468]],[[0.969529,-0.240242,-0.0479285],[0.244961,0.948584,0.200453],[-0.00269314,-0.206086,0.97853]]],"btipPosition":[-26.4156,323.428,-78.4632],"carpPosition":[-25.788,296.575,72.6939],"dipPosition":[-26.4616,319.907,-61.7444],"direction":[0.0342915,0.32681,-0.944468],"extended":true,"handId":506,"id":5061,"length":58.8075,"mcpPosition":[-30.1811,292.707,-0.642471],"pipPosition":[-27.2905,312.008,-38.9162],"stabilizedTipPosition":[-27.9855,329.749,-75.6443],"timeVisible":261.302,"tipPosition":[-27.3662,322.824,-74.526],"tipVelocity":[6.99816,-16.7866,5.24339],"tool":false,"touchDistance":0.323193,"touchZone":"hovering","type":1,"width":19.3428},{"bases":[[[0.914135,-0.392505,0.101473],[0.39874,0.915692,-0.0501526],[-0.0732329,0.0863076,0.993573]],[[0.912874,-0.391103,0.117041],[0.344,0.582554,-0.736407],[0.219828,0.712509,0.666338]],[[0.912874,-0.391103,0.117041],[0.182534,0.134591,-0.973944],[0.36516,0.910453,0.194254]],[[0.912874,-0.391103,0.117041],[0.0579761,-0.159592,-0.985479],[0.404103,0.906404,-0.123013]]],"btipPosition":[-37.0724,211.981,-33.2074],"carpPosition":[-13.6082,295.269,71.4422],"dipPosition":[-29.4785,229.014,-35.519],"direction":[-0.36516,-0.910453,-0.194254],"extended":false,"handId":506,"id":5062,"length":67.0064,"mcpPosition":[-8.49892,289.247,2.12261],"pipPosition":[-19.0947,254.904,-29.9952],"stabilizedTipPosition":[-35.6495,217.615,-33.2548],"timeVisible":261.302,"tipPosition":[-35.6431,215.905,-33.3469],"tipVelocity":[6.68293,1.88758,-26.9933],"tool":false,"touchDistance":0.327153,"touchZone":"hovering","type":2,"width":18.9972},{"bases":[[[0.860718,-0.44343,0.25007],[0.460494,0.887594,-0.0110761],[-0.217049,0.124689,0.968165]],[[0.879688,-0.454653,0.139424],[0.408724,0.572976,-0.710383],[0.243091,0.681901,0.689868]],[[0.879688,-0.454653,0.139424],[0.21714,0.123184,-0.968337],[0.423082,0.882109,0.207087]],[[0.879688,-0.454653,0.139424],[0.0668471,-0.172052,-0.982817],[0.470829,0.873893,-0.12096]]],"btipPosition":[-19.7965,212.183,-23.1231],"carpPosition":[-2.01403,291.224,71.8224],"dipPosition":[-10.9995,228.51,-25.3831],"direction":[-0.423082,-0.882109,-0.207087],"extended":false,"handId":506,"id":5063,"length":64.4285,"mcpPosition":[11.5819,283.414,11.1766],"pipPosition":[0.7207,252.947,-19.6464],"stabilizedTipPosition":[-19.0383,222.655,-29.1017],"timeVisible":261.302,"tipPosition":[-17.5737,216.257,-24.3349],"tipVelocity":[-13.1568,-11.2253,10.401],"tool":false,"touchDistance":0.346353,"touchZone":"hovering","type":3,"width":18.077},{"bases":[[[0.741814,-0.566538,0.358813],[0.567764,0.815324,0.113533],[-0.356869,0.119501,0.926479]],[[0.746657,-0.56813,0.346024],[0.480686,0.101227,-0.87103],[0.459831,0.816689,0.348674]],[[0.746657,-0.56813,0.346024],[-0.12785,-0.633036,-0.763491],[0.652808,0.525827,-0.545296]],[[0.746657,-0.56813,0.346024],[-0.404087,-0.80057,-0.442494],[0.528411,0.190567,-0.827325]]],"btipPosition":[-10.1924,231.512,33.8427],"carpPosition":[7.24991,280.888,74.9679],"dipPosition":[-1.08434,234.796,19.5823],"direction":[-0.652808,-0.525827,0.545296],"extended":false,"handId":506,"id":5064,"length":50.5107,"mcpPosition":[27.9431,273.958,21.2458],"pipPosition":[11.6838,245.081,8.91694],"stabilizedTipPosition":[-11.5327,239.569,-0.903031],"timeVisible":261.302,"tipPosition":[-7.7754,232.176,29.7262],"tipVelocity":[-6.16686,-9.80223,10.8694],"tool":false,"touchDistance":0.333333,"touchZone":"none","type":4,"width":16.0574}],"r":[[0.15979,0.536129,0.828875],[0.549364,-0.74592,0.376567],[0.820162,0.395183,-0.413721]],"s":1.69968,"t":[4.1543,21.4694,20.6918],"timestamp":98075774931},false],[5,{"currentFrameRate":110.588,"devices":[],"gestures":[],"hands":[{"armBasis":[[0.957351,-0.0456033,-0.285307],[0.174762,0.877746,0.446116],[0.230083,-0.476951,0.848281]],"armWidth":63.72,"confidence":0.681025,"direction":[0.137566,0.0506948,-0.989194],"elbow":[52.9567,153.737,310.821],"grabStrength":0,"id":506,"palmNormal":[-0.243597,-0.966284,-0.0833974],"palmPosition":[-10.1079,283.001,27.0894],"palmVelocity":[2.29378,-8.36835,7.89226],"palmWidth":90.99,"pinchStrength":0,"r":[[0.16134,0.536228,0.82851],[0.549247,-0.74627,0.376043],[0.819937,0.394385,-0.414925]],"s":1.70007,"sphereCenter":[-57.911,265.286,-7.85264],"sphereRadius":66.0253,"stabilizedPalmPosition":[-13.1123,287.078,29.5665],"t":[4.18072,21.4277,20.7755],"timeVisible":261.31,"type":"right","wrist":[-9.16572,282.514,81.7854]}],"id":1826225,"interactionBox":{"center":[0,200,0],"size":[235.247,235.247,147.751]},"pointables":[{"bases":[[[0.631053,0.772583,-0.0699106],[-0.717406,0.615511,0.326303],[0.295127,-0.15576,0.942676]],[[0.692051,0.683418,0.23239],[-0.655664,0.460467,0.598394],[0.301946,-0.566489,0.766759]],[[0.692051,0.683418,0.23239],[-0.68446,0.723537,-0.0894935],[-0.229304,-0.0971279,0.968497]],[[0.692051,0.683418,0.23239],[-0.086513,0.398143,-0.913235],[-0.716646,0.6119,0.33466]]],"btipPosition":[-30.1191,296.37,1.70372],"carpPosition":[-39.6371,279.101,80.8322],"dipPosition":[-46.8912,310.69,9.53596],"direction":[0.229304,0.0971279,-0.968497],"extended":true,"handId":506,"id":5060,"length":52.1164,"mcpPosition":[-39.6371,279.101,80.8322],"pipPosition":[-54.7095,307.379,42.5574],"stabilizedTipPosition":[-38.0018,307.679,-13.7959],"timeVisible":261.31,"tipPosition":[-34.3317,299.112,2.81936],"tipVelocity":[4.70568,7.69838,12.0414],"tool":false,"touchDistance":0.356233,"touchZone":"hovering","type":0,"width":20.25},{"bases":[[[0.969539,-0.240342,-0.0472209],[0.237106,0.969294,-0.065183],[0.0614371,0.052001,0.996755]],[[0.969515,-0.240362,-0.0476092],[0.235488,0.8603,0.452138],[-0.0677187,-0.449566,0.890676]],[[0.969515,-0.240362,-0.0476092],[0.242589,0.914192,0.32466],[-0.0345121,-0.326312,0.944632]],[[0.969515,-0.240362,-0.0476092],[0.245017,0.948843,0.199157],[-0.00269605,-0.20475,0.978811]]],"btipPosition":[-26.3889,323.376,-78.3016],"carpPosition":[-25.6586,296.501,72.8506],"dipPosition":[-26.435,319.877,-61.5781],"direction":[0.0345121,0.326312,-0.944632],"extended":true,"handId":506,"id":5061,"length":58.8075,"mcpPosition":[-30.1785,292.676,-0.480334],"pipPosition":[-27.2692,311.99,-38.7459],"stabilizedTipPosition":[-27.9216,329.46,-75.5964],"timeVisible":261.31,"tipPosition":[-27.3396,322.786,-74.3622],"tipVelocity":[5.90883,-13.6686,8.78672],"tool":false,"touchDistance":0.325904,"touchZone":"hovering","type":1,"width":19.3428},{"bases":[[[0.914204,-0.392803,0.0996872],[0.398896,0.915614,-0.0503284],[-0.0715058,0.0857753,0.993745]],[[0.912912,-0.391347,0.115927],[0.34332,0.582668,-0.736634],[0.220733,0.712282,0.666282]],[[0.912912,-0.391347,0.115927],[0.181447,0.134708,-0.974131],[0.365607,0.91033,0.193985]],[[0.912912,-0.391347,0.115927],[0.0567822,-0.15949,-0.985565],[0.404187,0.906317,-0.123379]]],"btipPosition":[-37.124,211.959,-33.0671],"carpPosition":[-13.4814,295.193,71.5772],"dipPosition":[-29.5285,228.99,-35.3857],"direction":[-0.365607,-0.91033,-0.193985],"extended":false,"handId":506,"id":5062,"length":67.0064,"mcpPosition":[-8.49257,289.209,2.24563],"pipPosition":[-19.132,254.877,-29.8694],"stabilizedTipPosition":[-35.6393,217.55,-33.2678],"timeVisible":261.31,"tipPosition":[-35.694,215.887,-33.2225],"tipVelocity":[3.29914,0.678391,-15.4108],"tool":false,"touchDistance":0.329465,"touchZone":"hovering","type":2,"width":18.9972},{"bases":[[[0.861028,-0.443796,0.248347],[0.46071,0.887478,-0.0113735],[-0.215355,0.124209,0.968604]],[[0.879805,-0.454962,0.137669],[0.407655,0.573242,-0.710782],[0.244461,0.681471,0.689809]],[[0.879805,-0.454962,0.137669],[0.2155,0.123626,-0.968647],[0.423678,0.881888,0.206811]],[[0.879805,-0.454962,0.137669],[0.0650999,-0.171566,-0.983019],[0.470856,0.873827,-0.121327]]],"btipPosition":[-19.8545,212.16,-23.0206],"carpPosition":[-1.88763,291.145,71.9353],"dipPosition":[-11.057,228.487,-25.2875],"direction":[-0.423678,-0.881888,-0.206811],"extended":false,"handId":506,"id":5063,"length":64.4285,"mcpPosition":[11.6022,283.365,11.262],"pipPosition":[0.679763,252.917,-19.5584],"stabilizedTipPosition":[-18.9969,222.424,-28.9109],"timeVisible":261.31,"tipPosition":[-17.6339,216.233,-24.2301],"tipVelocity":[-11.3445,-8.85776,10.6538],"tool":false,"touchDistance":0.346564,"touchZone":"hovering","type":3,"width":18.077},{"bases":[[[0.742278,-0.566933,0.357226],[0.568175,0.815111,0.113011],[-0.355248,0.119081,0.927156]],[[0.747022,-0.568494,0.344634],[0.478497,0.0999001,-0.872388],[0.461519,0.816599,0.34665]],[[0.747022,-0.568494,0.344634],[-0.129745,-0.633107,-0.763113],[0.652016,0.525347,-0.546704]],[[0.747022,-0.568494,0.344634],[-0.404916,-0.800234,-0.442345],[0.527259,0.190894,-0.827984]]],"btipPosition":[-10.1817,231.46,34.0052],"carpPosition":[7.37895,280.805,75.0591],"dipPosition":[-1.0935,234.75,19.7334],"direction":[-0.652016,-0.525347,0.546704],"extended":false,"handId":506,"id":5064,"length":50.5107,"mcpPosition":[27.9781,273.9,21.2978],"pipPosition":[11.6592,245.025,9.04051],"stabilizedTipPosition":[-11.4996,239.499,-0.59951],"timeVisible":261.31,"tipPosition":[-7.77006,232.129,29.8918],"tipVelocity":[-4.30153,-8.67728,12.7969],"tool":false,"touchDistance":0.333333,"touchZone":"none","type":4,"width":16.0574}],"r":[[0.16134,0.536228,0.82851],[0.549247,-0.74627,0.376043],[0.819937,0.394385,-0.414925]],"s":1.70007,"t":[4.18072,21.4277,20.7755],"timestamp":98075783835},false],[6,{"currentFrameRate":110.507,"devices":[],"gestures":[],"hands":[{"armBasis":[[0.95679,-0.0500283,-0.286444],[0.178998,0.877657,0.44461],[0.229157,-0.476672,0.848688]],"armWidth":63.72,"confidence":0.68576,"direction":[0.135119,0.0526983,-0.989427],"elbow":[52.8956,153.633,311.123],"grabStrength":0,"id":506,"palmNormal":[-0.246353,-0.96544,-0.0850635],"palmPosition":[-10.0602,282.954,27.2855],"palmVelocity":[3.10324,-7.45138,11.6499],"palmWidth":90.99,"pinchStrength":0,"r":[[0.163295,0.535826,0.828387],[0.548955,-0.747018,0.374982],[0.819746,0.393515,-0.416129]],"s":1.70033,"sphereCenter":[-57.6999,265.375,-7.55024],"sphereRadius":65.847,"stabilizedPalmPosition":[-13.0761,287.029,29.5394],"t":[4.21778,21.3835,20.9154],"timeVisible":261.32,"type":"right","wrist":[-8.97672,282.334,81.9775]}],"id":1826226,"interactionBox":{"center":[0,200,0],"size":[235.247,235.247,147.751]},"pointables":[{"bases":[[[0.632897,0.77109,-0.0697177],[-0.714933,0.616609,0.329643],[0.297173,-0.158787,0.941528]],[[0.694344,0.681546,0.231045],[-0.652847,0.461469,0.600697],[0.302782,-0.567928,0.765363]],[[0.694344,0.681546,0.231045],[-0.682947,0.725268,-0.0870088],[-0.22687,-0.0973774,0.969045]],[[0.694344,0.681546,0.231045],[-0.092076,0.402552,-0.910754],[-0.713728,0.611103,0.342264]]],"btipPosition":[-30.1344,296.371,1.84036],"carpPosition":[-39.4593,279.003,81.0958],"dipPosition":[-46.8382,310.673,9.85057],"direction":[0.22687,0.0973774,-0.969045],"extended":true,"handId":506,"id":5060,"length":52.1164,"mcpPosition":[-39.4593,279.003,81.0958],"pipPosition":[-54.5735,307.353,42.8907],"stabilizedTipPosition":[-37.9879,307.651,-13.7357],"timeVisible":261.32,"tipPosition":[-34.3056,299.169,3.0792],"tipVelocity":[3.40234,5.45302,14.0758],"tool":false,"touchDistance":0.356606,"touchZone":"hovering","type":0,"width":20.25},{"bases":[[[0.968778,-0.24277,-0.0503269],[0.239483,0.968822,-0.0634918],[0.0641717,0.049457,0.996713]],[[0.96893,-0.24265,-0.0479182],[0.237496,0.858653,0.454214],[-0.0690699,-0.451482,0.889603]],[[0.96893,-0.24265,-0.0479182],[0.244748,0.912673,0.327301],[-0.0356858,-0.328859,0.943704]],[[0.96893,-0.24265,-0.0479182],[0.247309,0.947583,0.202301],[-0.00368192,-0.207866,0.97815]]],"btipPosition":[-26.2843,323.644,-77.95],"carpPosition":[-25.456,296.386,73.1192],"dipPosition":[-26.3472,320.093,-61.2378],"direction":[0.0356858,0.328859,-0.943704],"extended":true,"handId":506,"id":5061,"length":58.8075,"mcpPosition":[-30.1771,292.748,-0.208558],"pipPosition":[-27.2097,312.144,-38.428],"stabilizedTipPosition":[-27.8733,329.262,-75.552],"timeVisible":261.32,"tipPosition":[-27.2545,323.023,-74.0207],"tipVelocity":[7.32235,-2.04569,16.9438],"tool":false,"touchDistance":0.331721,"touchZone":"hovering","type":1,"width":19.3428},{"bases":[[[0.913425,-0.395436,0.0963615],[0.401169,0.914682,-0.0491881],[-0.0686894,0.0835869,0.99413]],[[0.912063,-0.393891,0.113977],[0.343574,0.582363,-0.736757],[0.223826,0.711128,0.666482]],[[0.912063,-0.393891,0.113977],[0.180051,0.13497,-0.974353],[0.368406,0.909193,0.194022]],[[0.912063,-0.393891,0.113977],[0.054623,-0.158774,-0.985803],[0.406396,0.90534,-0.123296]]],"btipPosition":[-37.395,212.073,-32.8725],"carpPosition":[-13.2857,295.049,71.8109],"dipPosition":[-29.758,229.086,-35.1895],"direction":[-0.368406,-0.909193,-0.194022],"extended":false,"handId":506,"id":5062,"length":67.0064,"mcpPosition":[-8.49333,289.217,2.45246],"pipPosition":[-19.2818,254.941,-29.6722],"stabilizedTipPosition":[-35.6393,217.493,-33.2728],"timeVisible":261.32,"tipPosition":[-35.9503,216.018,-33.0794],"tipVelocity":[-5.57206,3.8464,-5.17479],"tool":false,"touchDistance":0.332714,"touchZone":"hovering","type":2,"width":18.9972},{"bases":[[[0.860502,-0.446645,0.245038],[0.46301,0.886291,-0.010462],[-0.212502,0.122458,0.969457]],[[0.878961,-0.457596,0.134291],[0.407303,0.573849,-0.710494],[0.248056,0.679194,0.690771]],[[0.878961,-0.457596,0.134291],[0.213287,0.125337,-0.968917],[0.42654,0.880282,0.207765]],[[0.878961,-0.457596,0.134291],[0.0620699,-0.169429,-0.983586],[0.472837,0.872869,-0.120518]]],"btipPosition":[-20.1241,212.259,-22.9648],"carpPosition":[-1.70167,290.97,72.1291],"dipPosition":[-11.2896,228.567,-25.2166],"direction":[-0.42654,-0.880282,-0.207765],"extended":false,"handId":506,"id":5063,"length":64.4285,"mcpPosition":[11.6094,283.299,11.4023],"pipPosition":[0.526404,252.953,-19.4611],"stabilizedTipPosition":[-18.9671,222.213,-28.7324],"timeVisible":261.32,"tipPosition":[-17.8972,216.326,-24.1664],"tipVelocity":[-16.1151,-3.51902,9.47891],"tool":false,"touchDistance":0.346131,"touchZone":"hovering","type":3,"width":18.077},{"bases":[[[0.741714,-0.56973,0.353933],[0.570608,0.813346,0.113468],[-0.352516,0.117796,0.928362]],[[0.746289,-0.571232,0.341682],[0.475036,0.0975039,-0.874548],[0.466254,0.814977,0.344122]],[[0.746289,-0.571232,0.341682],[-0.134676,-0.632295,-0.762932],[0.651855,0.523352,-0.548806]],[[0.746289,-0.571232,0.341682],[-0.408427,-0.798319,-0.442576],[0.525585,0.190738,-0.829084]]],"btipPosition":[-10.3088,231.426,34.2296],"carpPosition":[7.5458,280.597,75.204],"dipPosition":[-1.24936,234.714,19.9388],"direction":[-0.651855,-0.523352,0.548806],"extended":false,"handId":506,"id":5064,"length":50.5107,"mcpPosition":[27.9865,273.767,21.3727],"pipPosition":[11.5001,244.95,9.20483],"stabilizedTipPosition":[-11.4738,239.441,-0.350849],"timeVisible":261.32,"tipPosition":[-7.90241,232.092,30.1029],"tipVelocity":[-7.16354,-7.29446,15.9115],"tool":false,"touchDistance":0.333333,"touchZone":"none","type":4,"width":16.0574}],"r":[[0.163295,0.535826,0.828387],[0.548955,-0.747018,0.374982],[0.819746,0.393515,-0.416129]],"s":1.70033,"t":[4.21778,21.3835,20.9154],"timestamp":98075793026}