{"sensorType":"Leap","data":[[0,{"currentFrameRate":110.585,"devices":[],"gestures":[{"center":[-5.03848,288.175,-105.406],"duration":36097,"handIds":[506],"id":78,"normal":[-0.941202,-0.00919782,-0.337719],"pointableIds":[5061],"progress":0.814707,"radius":20.2308,"state":"update","type":"circle"}],"hands":[{"armBasis":[[0.969039,-0.0624191,-0.238887],[0.173063,0.86178,0.476848],[0.176104,-0.503427,0.845901]],"armWidth":63.72,"confidence":0.698909,"direction":[0.0737899,0.254547,-0.964241],"elbow":[53.0273,105.411,289.989],"grabStrength":0,"id":506,"palmNormal":[-0.194982,-0.944534,-0.264266],"palmPosition":[1.16633,252.583,8.2322],"palmVelocity":[-30.7839,101.296,63.2994],"palmWidth":90.99,"pinchStrength":0.511453,"r":[[0.101298,0.480963,0.870869],[0.573105,-0.743742,0.344091],[0.813197,0.464244,-0.350982]],"s":1.54576,"sphereCenter":[-32.2386,246.578,-20.8026],"sphereRadius":55.7447,"stabilizedPalmPosition":[2.0413,249.685,6.34618],"t":[15.7283,-9.81881,1.62225],"timeVisible":284.268,"type":"right","wrist":[5.47925,241.336,61.5958]}],"id":1828723,"interactionBox":{"center":[0,200,0],"size":[235.247,235.247,147.751]},"pointables":[{"bases":[[[0.582352,0.810986,0.0562861],[-0.728709,0.490071,0.478344],[0.360347,-0.319581,0.876367]],[[0.525764,0.847927,-0.0677652],[-0.845003,0.511478,-0.156078],[-0.0976826,0.139322,0.985417]],[[0.525764,0.847927,-0.0677652],[-0.760148,0.432591,-0.484809],[-0.381768,0.306407,0.871991]],[[0.525764,0.847927,-0.0677652],[-0.470686,0.223643,-0.853486],[-0.708539,0.480629,0.516691]]],"btipPosition":[9.71431,207.53,-29.5438],"carpPosition":[-24.7607,236.18,61.4693],"dipPosition":[-6.86804,218.778,-17.4514],"direction":[0.381768,-0.306407,-0.871991],"extended":false,"handId":506,"id":5060,"length":52.1164,"mcpPosition":[-24.7607,236.18,61.4693],"pipPosition":[-19.8846,229.225,12.2796],"stabilizedTipPosition":[6.26401,209.174,-27.3479],"timeVisible":284.268,"tipPosition":[5.88882,210.08,-26.5849],"tipVelocity":[-30.1828,99.5492,64.6934],"tool":false,"touchDistance":-0.0472003,"touchZone":"touching","type":0,"width":20.25},{"bases":[[[0.976532,-0.161825,-0.142118],[0.179256,0.976476,0.119837],[0.119382,-0.1425,0.982569]],[[0.983185,-0.182124,0.0133325],[0.141806,0.807452,0.572636],[-0.115056,-0.561117,0.819701]],[[0.983185,-0.182124,0.0133325],[0.159336,0.891251,0.424597],[-0.0892119,-0.415333,0.905284]],[[0.983185,-0.182124,0.0133325],[0.171441,0.945724,0.27607],[-0.0628878,-0.269143,0.961045]]],"btipPosition":[-12.8795,304.927,-89.324],"carpPosition":[-12.2705,255.699,56.4806],"dipPosition":[-13.954,300.328,-72.904],"direction":[0.0892119,0.415333,-0.905284],"extended":true,"handId":506,"id":5061,"length":58.8075,"mcpPosition":[-21.0533,266.182,-15.8066],"pipPosition":[-16.1103,290.289,-51.0229],"stabilizedTipPosition":[-11.7906,300.296,-88.024],"timeVisible":284.268,"tipPosition":[-13.0896,304.217,-85.3762],"tipVelocity":[-33.2182,89.8957,58.1884],"tool":false,"touchDistance":0.469193,"touchZone":"hovering","type":1,"width":19.3428},{"bases":[[[0.93872,-0.343668,-0.0263956],[0.344347,0.931695,0.115628],[-0.0151451,-0.117632,0.992942]],[[0.93868,-0.343954,-0.0239743],[0.0629263,0.239266,-0.968913],[0.338998,0.907991,0.246239]],[[0.93868,-0.343954,-0.0239743],[-0.327488,-0.867673,-0.374025],[0.107846,0.358942,-0.927109]],[[0.93868,-0.343954,-0.0239743],[-0.330002,-0.916394,0.226539],[-0.099889,-0.204737,-0.973707]]],"btipPosition":[-16.6135,213.556,17.8918],"carpPosition":[-0.140663,255.474,54.3747],"dipPosition":[-18.4906,209.708,-0.406058],"direction":[-0.107846,-0.358942,0.927109],"extended":false,"handId":506,"id":5062,"length":67.0064,"mcpPosition":[0.91598,263.681,-14.9009],"pipPosition":[-15.4238,219.915,-26.7697],"stabilizedTipPosition":[-15.2656,206.133,9.15241],"timeVisible":284.268,"tipPosition":[-17.157,212.452,13.2045],"tipVelocity":[-29.788,101.398,63.9485],"tool":false,"touchDistance":0.333333,"touchZone":"none","type":2,"width":18.9972},{"bases":[[[0.897613,-0.426483,0.111371],[0.409876,0.900536,0.145041],[-0.162151,-0.0845422,0.983138]],[[0.894838,-0.42781,0.127451],[0.22711,0.190515,-0.955052],[0.3843,0.883562,0.26764]],[[0.894838,-0.42781,0.127451],[-0.35157,-0.851359,-0.389342],[0.275071,0.30359,-0.912233]],[[0.894838,-0.42781,0.127451],[-0.445779,-0.871366,0.204944],[0.0233791,-0.240206,-0.97044]]],"btipPosition":[-3.41261,214.104,23.2021],"carpPosition":[11.6575,252.208,53.3415],"dipPosition":[-2.9758,209.616,5.07036],"direction":[-0.275071,-0.30359,0.912233],"extended":false,"handId":506,"id":5063,"length":64.4285,"mcpPosition":[21.8146,257.504,-8.24225],"pipPosition":[4.64422,218.026,-20.2003],"stabilizedTipPosition":[-1.28966,206.019,14.5232],"timeVisible":284.268,"tipPosition":[-3.30068,213.08,19.2062],"tipVelocity":[-30.5992,98.3938,54.3619],"tool":false,"touchDistance":0.333333,"touchZone":"none","type":3,"width":18.077},{"bases":[[[0.792668,-0.576295,0.198904],[0.528552,0.812208,0.246882],[-0.303828,-0.0905643,0.948413]],[[0.775354,-0.580301,0.249153],[0.399579,0.145274,-0.905115],[0.489044,0.80134,0.344515]],[[0.775354,-0.580301,0.249153],[-0.432648,-0.775492,-0.459813],[0.460046,0.248722,-0.852347]],[[0.775354,-0.580301,0.249153],[-0.617308,-0.779668,0.105115],[0.133258,-0.235306,-0.962743]]],"btipPosition":[10.6804,218.195,19.9504],"carpPosition":[21.65,242.087,53.8606],"dipPosition":[12.9773,214.139,3.35579],"direction":[-0.460046,-0.248722,0.852347],"extended":false,"handId":506,"id":5064,"length":50.5107,"mcpPosition":[39.2675,247.338,-1.13333],"pipPosition":[21.9753,219.003,-13.3151],"stabilizedTipPosition":[13.1641,209.454,10.6454],"timeVisible":284.268,"tipPosition":[10.9786,217.318,15.9529],"tipVelocity":[-26.2468,100.725,66.2482],"tool":false,"touchDistance":0.333333,"touchZone":"none","type":4,"width":16.0574}],"r":[[0.101298,0.480963,0.870869],[0.573105,-0.743742,0.344091],[0.813197,0.464244,-0.350982]],"s":1.54576,"t":[15.7283,-9.81881,1.62225],"timestamp":98098741594},false],[1,{"currentFrameRate":110.641,"devices":[],"gestures":[{"center":[-5.03848,288.175,-105.406],"duration":36097,"handIds":[506],"id":78,"normal":[-0.941202,-0.00919782,-0.337719],"pointableIds":[5061],"progress":0.814707,"radius":20.2308,"state":"update","type":"circle"}],"hands":[{"armBasis":[[0.968435,-0.0637993,-0.240964],[0.17468,0.863321,0.473459],[0.177823,-0.500605,0.847215]],"armWidth":63.72,"confidence":0.704871,"direction":[0.0735285,0.254099,-0.964379],"elbow":[53.316,106.735,290.604],"grabStrength":0,"id":506,"palmNormal":[-0.19618,-0.944418,-0.263797],"palmPosition":[0.973235,253.13,8.49065],"palmVelocity":[-28.2779,90.3532,53.9137],"palmWidth":90.99,"pinchStrength":0.510459,"r":[[0.101632,0.480713,0.870968],[0.573374,-0.743762,0.343598],[0.812966,0.46447,-0.351218]],"s":1.54551,"sphereCenter":[-32.4618,247.144,-20.5292],"sphereRadius":55.7469,"stabilizedPalmPosition":[1.76751,250.568,6.8959],"t":[15.5083,-9.15189,1.94134],"timeVisible":284.277,"type":"right","wrist":[5.30377,241.899,61.8561]}],"id":1828724,"interactionBox":{"center":[0,200,0],"size":[235.247,235.247,147.751]},"pointables":[{"bases":[[[0.583284,0.81036,0.0556493],[-0.727894,0.491062,0.478569],[0.360486,-0.319648,0.876285]],[[0.526842,0.847236,-0.0680359],[-0.844363,0.512518,-0.156126],[-0.0974059,0.139701,0.985391]],[[0.526842,0.847236,-0.0680359],[-0.759674,0.433464,-0.484774],[-0.381226,0.307084,0.871989]],[[0.526842,0.847236,-0.0680359],[-0.4724,0.22533,-0.852094],[-0.706594,0.481059,0.518948]]],"btipPosition":[9.45528,208.074,-29.316],"carpPosition":[-24.942,236.776,61.7486],"dipPosition":[-7.08157,219.332,-17.1708],"direction":[0.381226,-0.307084,-0.871989],"extended":false,"handId":506,"id":5060,"length":52.1164,"mcpPosition":[-24.942,236.776,61.7486],"pipPosition":[-20.0797,229.802,12.5602],"stabilizedTipPosition":[6.00064,209.815,-26.9929],"timeVisible":284.277,"tipPosition":[5.6359,210.621,-26.337],"tipVelocity":[-29.535,89.061,54.363],"tool":false,"touchDistance":-0.0432006,"touchZone":"touching","type":0,"width":20.25},{"bases":[[[0.976272,-0.162964,-0.142607],[0.180408,0.976322,0.119365],[0.119778,-0.14226,0.982556]],[[0.98298,-0.183244,0.0131276],[0.142904,0.807576,0.572188],[-0.115451,-0.560573,0.820018]],[[0.98298,-0.183244,0.0131276],[0.160533,0.891501,0.423622],[-0.0893293,-0.414304,0.905744]],[[0.98298,-0.183244,0.0131276],[0.172672,0.945939,0.274563],[-0.0627298,-0.267623,0.961479]]],"btipPosition":[-13.0539,305.415,-89.0904],"carpPosition":[-12.4329,256.279,56.7454],"dipPosition":[-14.1257,300.843,-72.6629],"direction":[0.0893293,0.414304,-0.905744],"extended":true,"handId":506,"id":5061,"length":58.8075,"mcpPosition":[-21.2449,266.745,-15.5408],"pipPosition":[-16.2848,290.829,-50.7707],"stabilizedTipPosition":[-12.0795,301.074,-87.5051],"timeVisible":284.277,"tipPosition":[-13.2699,304.715,-85.1411],"tipVelocity":[-29.4583,80.4562,49.4933],"tool":false,"touchDistance":0.459137,"touchZone":"hovering","type":1,"width":19.3428},{"bases":[[[0.938323,-0.344721,-0.0267942],[0.345447,0.931355,0.11508],[-0.0147155,-0.117238,0.992995]],[[0.938285,-0.345,-0.0244214],[0.0630068,0.239932,-0.968743],[0.340076,0.907418,0.246862]],[[0.938285,-0.345,-0.0244214],[-0.328596,-0.867183,-0.37419],[0.107918,0.359121,-0.927031]],[[0.938285,-0.345,-0.0244214],[-0.330885,-0.915964,0.22699],[-0.100681,-0.204901,-0.973591]]],"btipPosition":[-16.8464,214.12,18.1118],"carpPosition":[-0.304507,256.04,54.6328],"dipPosition":[-18.7384,210.269,-0.183928],"direction":[-0.107918,-0.359121,0.927031],"extended":false,"handId":506,"id":5062,"length":67.0064,"mcpPosition":[0.722163,264.219,-14.6465],"pipPosition":[-15.6696,220.481,-26.5453],"stabilizedTipPosition":[-15.5138,207.007,9.73752],"timeVisible":284.277,"tipPosition":[-17.3889,213.026,13.467],"tipVelocity":[-28.8757,90.9275,53.2249],"tool":false,"touchDistance":0.333333,"touchZone":"none","type":2,"width":18.9972},{"bases":[[[0.897201,-0.427438,0.111027],[0.410958,0.900135,0.144467],[-0.16169,-0.0839888,0.983261]],[[0.894429,-0.428758,0.127135],[0.226846,0.189979,-0.955222],[0.385406,0.883218,0.267185]],[[0.894429,-0.428758,0.127135],[-0.352715,-0.851103,-0.388866],[0.274935,0.30297,-0.91248]],[[0.894429,-0.428758,0.127135],[-0.446639,-0.870786,0.205534],[0.0225834,-0.240619,-0.970357]]],"btipPosition":[-3.64032,214.663,23.4726],"carpPosition":[11.4894,252.76,53.5942],"dipPosition":[-3.21837,210.167,5.3425],"direction":[-0.274935,-0.30297,0.91248],"extended":false,"handId":506,"id":5063,"length":64.4285,"mcpPosition":[21.6176,258.022,-7.99731],"pipPosition":[4.39787,218.56,-19.935],"stabilizedTipPosition":[-1.57471,206.981,15.1277],"timeVisible":284.277,"tipPosition":[-3.53171,213.636,19.4773],"tipVelocity":[-29.3052,88.5272,47.797],"tool":false,"touchDistance":0.333333,"touchZone":"none","type":3,"width":18.077},{"bases":[[[0.792139,-0.577099,0.198676],[0.529593,0.811714,0.246275],[-0.303393,-0.0898666,0.948618]],[[0.775175,-0.581012,0.248051],[0.398445,0.144941,-0.905668],[0.490251,0.800885,0.343856]],[[0.775175,-0.581012,0.248051],[-0.434079,-0.775131,-0.459071],[0.458998,0.248187,-0.853067]],[[0.775175,-0.581012,0.248051],[-0.617896,-0.779058,0.106169],[0.131561,-0.23557,-0.962912]]],"btipPosition":[10.4832,218.727,20.2297],"carpPosition":[21.471,242.628,54.1115],"dipPosition":[12.7509,214.666,3.63215],"direction":[-0.458998,-0.248187,0.853067],"extended":false,"handId":506,"id":5064,"length":50.5107,"mcpPosition":[39.0633,247.839,-0.894357],"pipPosition":[21.7284,219.521,-13.0528],"stabilizedTipPosition":[12.9284,210.364,11.275],"timeVisible":284.277,"tipPosition":[10.7709,217.851,16.2309],"tipVelocity":[-25.3093,89.4546,56.6729],"tool":false,"touchDistance":0.333333,"touchZone":"none","type":4,"width":16.0574}],"r":[[0.101632,0.480713,0.870968],[0.573374,-0.743762,0.343598],[0.812966,0.46447,-0.351218]],"s":1.54551,"t":[15.5083,-9.15189,1.94134],"timestamp":98098750532},false],[2,{"currentFrameRate":110.606,"devices":[],"gestures":[{"center":[-5.03848,288.175,-105.406],"duration":36097,"handIds":[506],"id":78,"normal":[-0.941202,-0.00919782,-0.337719],"pointableIds":[5061],"progress":0.814707,"radius":20.2308,"state":"update","type":"circle"}],"hands":[{"armBasis":[[0.968526,-0.0654605,-0.24015],[0.175112,0.864859,0.470483],[0.176898,-0.497728,0.849102]],"armWidth":63.72,"confidence":0.696777,"direction":[0.0748759,0.253398,-0.96446],"elbow":[52.776,108.172,291.337],"grabStrength":0,"id":506,"palmNormal":[-0.19658,-0.944445,-0.263401],"palmPosition":[0.755383,253.758,8.70177],"palmVelocity":[-27.0721,84.4068,45.3947],"palmWidth":90.99,"pinchStrength":0.509284,"r":[[0.101763,0.480614,0.871008],[0.573394,-0.743819,0.343441],[0.812935,0.464482,-0.351274]],"s":1.54531,"sphereCenter":[-32.6716,247.777,-20.3616],"sphereRadius":55.7574,"stabilizedPalmPosition":[1.49724,251.42,7.37813],"t":[15.2893,-8.50477,2.20644],"timeVisible":284.286,"type":"right","wrist":[5.01349,242.558,62.0798]}],"id":1828725,"interactionBox":{"center":[0,200,0],"size":[235.247,235.247,147.751]},"pointables":[{"bases":[[[0.58383,0.809955,0.055807],[-0.728095,0.491932,0.477368],[0.359194,-0.319335,0.876929]],[[0.527749,0.846706,-0.0676027],[-0.84362,0.513224,-0.157819],[-0.0989306,0.14032,0.985151]],[[0.527749,0.846706,-0.0676027],[-0.758528,0.433976,-0.486108],[-0.382252,0.307821,0.87128]],[[0.527749,0.846706,-0.0676027],[-0.473086,0.226904,-0.851296],[-0.705458,0.481252,0.520313]]],"btipPosition":[9.24578,208.696,-29.1209],"carpPosition":[-25.236,237.459,61.9395],"dipPosition":[-7.26448,219.959,-16.9437],"direction":[0.382252,-0.307821,-0.87128],"extended":false,"handId":506,"id":5060,"length":52.1164,"mcpPosition":[-25.236,237.459,61.9395],"pipPosition":[-20.2976,230.454,12.7631],"stabilizedTipPosition":[5.75495,210.47,-26.6936],"timeVisible":284.286,"tipPosition":[5.43053,211.238,-26.1234],"tipVelocity":[-27.5401,83.3436,45.4565],"tool":false,"touchDistance":-0.039826,"touchZone":"touching","type":0,"width":20.25},{"bases":[[[0.976318,-0.163798,-0.141328],[0.181005,0.976265,0.118929],[0.118493,-0.141693,0.982793]],[[0.982815,-0.184008,0.014683],[0.142724,0.807935,0.571727],[-0.117065,-0.559806,0.820313]],[[0.982815,-0.184008,0.014683],[0.160667,0.891882,0.422768],[-0.0908883,-0.413144,0.906119]],[[0.982815,-0.184008,0.014683],[0.173074,0.946224,0.273323],[-0.0641869,-0.266084,0.96181]]],"btipPosition":[-13.1007,305.956,-88.9423],"carpPosition":[-12.7061,256.949,56.9383],"dipPosition":[-14.1974,301.41,-72.5092],"direction":[0.0908883,0.413144,-0.906119],"extended":true,"handId":506,"id":5061,"length":58.8075,"mcpPosition":[-21.4236,267.373,-15.3654],"pipPosition":[-16.3942,291.424,-50.608],"stabilizedTipPosition":[-12.3297,301.828,-87.0449],"timeVisible":284.286,"tipPosition":[-13.3287,305.263,-84.9922],"tipVelocity":[-22.8907,74.8023,40.3185],"tool":false,"touchDistance":0.448797,"touchZone":"hovering","type":1,"width":19.3428},{"bases":[[[0.938093,-0.345449,-0.0254397],[0.346015,0.93117,0.114872],[-0.0159935,-0.116563,0.993055]],[[0.938053,-0.345721,-0.0231106],[0.0646735,0.240226,-0.96856],[0.340403,0.907066,0.247704]],[[0.938053,-0.345721,-0.0231106],[-0.328743,-0.866945,-0.374613],[0.109476,0.359004,-0.926893]],[[0.938053,-0.345721,-0.0231106],[-0.331844,-0.915583,0.22713],[-0.0996834,-0.205391,-0.97359]]],"btipPosition":[-17.107,214.761,18.2707],"carpPosition":[-0.575414,256.699,54.8403],"dipPosition":[-18.9803,210.902,-0.0249866],"direction":[-0.109476,-0.359004,0.926893],"extended":false,"handId":506,"id":5062,"length":67.0064,"mcpPosition":[0.540422,264.831,-14.4431],"pipPosition":[-15.8672,221.11,-26.3825],"stabilizedTipPosition":[-15.7741,207.89,10.2938],"timeVisible":284.286,"tipPosition":[-17.6403,213.675,13.6631],"tipVelocity":[-28.6748,85.1909,43.3077],"tool":false,"touchDistance":0.333333,"touchZone":"none","type":2,"width":18.9972},{"bases":[[[0.896743,-0.428043,0.112387],[0.411467,0.89992,0.144358],[-0.162931,-0.0832089,0.983122]],[[0.893944,-0.429353,0.128533],[0.228245,0.189324,-0.955019],[0.385706,0.88307,0.267242]],[[0.893944,-0.429353,0.128533],[-0.352849,-0.85106,-0.388837],[0.276338,0.302245,-0.912297]],[[0.893944,-0.429353,0.128533],[-0.447557,-0.870312,0.20555],[0.0236106,-0.241276,-0.970169]]],"btipPosition":[-3.90619,215.302,23.6941],"carpPosition":[11.2172,253.41,53.8181],"dipPosition":[-3.46505,210.794,5.56745],"direction":[-0.276338,-0.302245,0.912297],"extended":false,"handId":506,"id":5063,"length":64.4285,"mcpPosition":[21.4232,258.622,-7.76471],"pipPosition":[4.19006,219.167,-19.705],"stabilizedTipPosition":[-1.86636,207.934,15.7028],"timeVisible":284.286,"tipPosition":[-3.79323,214.273,19.701],"tipVelocity":[-29.1427,83.3759,41.3134],"tool":false,"touchDistance":0.333333,"touchZone":"none","type":3,"width":18.077},{"bases":[[[0.791463,-0.577566,0.20001],[0.529912,0.811478,0.246367],[-0.304597,-0.0890027,0.948314]],[[0.774639,-0.581398,0.248819],[0.399134,0.144286,-0.905469],[0.490536,0.800723,0.343825]],[[0.774639,-0.581398,0.248819],[-0.434346,-0.775096,-0.458879],[0.45965,0.247392,-0.852947]],[[0.774639,-0.581398,0.248819],[-0.618489,-0.778572,0.106285],[0.13193,-0.236224,-0.962701]]],"btipPosition":[10.2434,219.352,20.485],"carpPosition":[21.1905,243.271,54.3541],"dipPosition":[12.5174,215.28,3.89117],"direction":[-0.45965,-0.247392,0.852947],"extended":false,"handId":506,"id":5064,"length":50.5107,"mcpPosition":[38.8526,248.432,-0.634066],"pipPosition":[21.5076,220.119,-12.7915],"stabilizedTipPosition":[12.687,211.263,11.8773],"timeVisible":284.286,"tipPosition":[10.5313,218.473,16.4866],"tipVelocity":[-25.5523,83.6003,48.7626],"tool":false,"touchDistance":0.333333,"touchZone":"none","type":4,"width":16.0574}],"r":[[0.101763,0.480614,0.871008],[0.573394,-0.743819,0.343441],[0.812935,0.464482,-0.351274]],"s":1.54531,"t":[15.2893,-8.50477,2.20644],"timestamp":98098759636},false],[3,{"currentFrameRate":110.67,"devices":[],"gestures":[{"center":[-5.03848,288.175,-105.406],"duration":36097,"handIds":[506],"id":78,"normal":[-0.941202,-0.00919782,-0.337719],"pointableIds":[5061],"progress":0.814707,"radius":20.2308,"state":"update","type":"circle"}],"hands":[{"armBasis":[[0.96738,-0.0657737,-0.244643],[0.177032,0.86629,0.467121],[0.181208,-0.495193,0.849675]],"armWidth":63.72,"confidence":0.703476,"direction":[0.0752068,0.250333,-0.965234],"elbow":[53.7359,109.6,291.814],"grabStrength":0,"id":506,"palmNormal":[-0.198526,-0.944839,-0.260511],"palmPosition":[0.56445,254.349,8.99113],"palmVelocity":[-25.5262,79.4632,41.8619],"palmWidth":90.99,"pinchStrength":0.507706,"r":[[0.102092,0.48102,0.870745],[0.573124,-0.743888,0.343744],[0.813084,0.463951,-0.351629]],"s":1.54516,"sphereCenter":[-32.9192,248.358,-20.0574],"sphereRadius":55.7799,"stabilizedPalmPosition":[1.24791,252.203,7.80927],"t":[15.0844,-7.88558,2.48367],"timeVisible":284.295,"type":"right","wrist":[4.80991,243.302,62.402]}],"id":1828726,"interactionBox":{"center":[0,200,0],"size":[235.247,235.247,147.751]},"pointables":[{"bases":[[[0.585467,0.808945,0.0532553],[-0.727016,0.494835,0.47601],[0.358713,-0.317406,0.877826]],[[0.529627,0.845348,-0.0698727],[-0.842435,0.514608,-0.159632],[-0.0989873,0.143409,0.984701]],[[0.529627,0.845348,-0.0698727],[-0.757439,0.434251,-0.487558],[-0.381814,0.311148,0.87029]],[[0.529627,0.845348,-0.0698727],[-0.474993,0.227325,-0.850121],[-0.702764,0.483436,0.521931]]],"btipPosition":[8.95682,209.181,-28.7595],"carpPosition":[-25.4498,238.263,62.2826],"dipPosition":[-7.49039,220.496,-16.5444],"direction":[0.381814,-0.311148,-0.87029],"extended":false,"handId":506,"id":5060,"length":52.1164,"mcpPosition":[-25.4498,238.263,62.2826],"pipPosition":[-20.5086,231.104,13.1287],"stabilizedTipPosition":[5.49789,211.051,-26.3646],"timeVisible":284.295,"tipPosition":[5.1528,211.73,-25.7407],"tipVelocity":[-28.4182,75.8236,44.3736],"tool":false,"touchDistance":-0.0336574,"touchZone":"touching","type":0,"width":20.25},{"bases":[[[0.975961,-0.166187,-0.141007],[0.182988,0.976254,0.115946],[0.11839,-0.138962,0.983196]],[[0.98244,-0.185957,0.0152329],[0.144378,0.809401,0.569232],[-0.118182,-0.557036,0.822036]],[[0.98244,-0.185957,0.0152329],[0.162502,0.892919,0.419866],[-0.0916789,-0.410018,0.907458]],[[0.98244,-0.185957,0.0152329],[0.175022,0.946791,0.270099],[-0.0646492,-0.26269,0.962712]]],"btipPosition":[-13.1937,306.266,-88.8118],"carpPosition":[-12.8817,257.713,57.2202],"dipPosition":[-14.2983,301.778,-72.3633],"direction":[0.0916789,0.410018,-0.907458],"extended":true,"handId":506,"id":5061,"length":58.8075,"mcpPosition":[-21.5916,267.936,-15.1131],"pipPosition":[-16.5142,291.868,-50.4297],"stabilizedTipPosition":[-12.5467,302.489,-86.6535],"timeVisible":284.295,"tipPosition":[-13.4273,305.586,-84.8609],"tipVelocity":[-19.5474,64.3071,33.4238],"tool":false,"touchDistance":0.439261,"touchZone":"hovering","type":1,"width":19.3428},{"bases":[[[0.937392,-0.347409,-0.0245636],[0.347907,0.930816,0.111996],[-0.0160443,-0.11353,0.993405]],[[0.937352,-0.34767,-0.0222718],[0.0652628,0.238033,-0.969062],[0.342215,0.906899,0.245811]],[[0.937352,-0.34767,-0.0222718],[-0.330501,-0.867201,-0.372466],[0.110181,0.356493,-0.927778]],[[0.937352,-0.34767,-0.0222718],[-0.333636,-0.914242,0.229889],[-0.100287,-0.208057,-0.972962]]],"btipPosition":[-17.376,215.413,18.6314],"carpPosition":[-0.751908,257.432,55.1209],"dipPosition":[-19.2606,211.503,0.347472],"direction":[-0.110181,-0.356493,0.927778],"extended":false,"handId":506,"id":5062,"length":67.0064,"mcpPosition":[0.367468,265.353,-14.187],"pipPosition":[-16.1274,221.64,-26.0352],"stabilizedTipPosition":[-16.0347,208.738,10.8229],"timeVisible":284.295,"tipPosition":[-17.9084,214.322,14.0591],"tipVelocity":[-29.1561,81.5142,42.6044],"tool":false,"touchDistance":0.333333,"touchZone":"none","type":2,"width":18.9972},{"bases":[[[0.895902,-0.429503,0.11352],[0.413301,0.899523,0.141565],[-0.162916,-0.0799109,0.983398]],[[0.893085,-0.430766,0.129767],[0.22883,0.186605,-0.955414],[0.387344,0.882961,0.265226]],[[0.893085,-0.430766,0.129767],[-0.354431,-0.851341,-0.386778],[0.277087,0.299432,-0.912997]],[[0.893085,-0.430766,0.129767],[-0.449291,-0.868844,0.207962],[0.0231645,-0.244031,-0.969491]]],"btipPosition":[-4.17608,215.936,24.0619],"carpPosition":[11.0339,254.117,54.1064],"dipPosition":[-3.74327,211.377,5.94798],"direction":[-0.277087,-0.299432,0.912997],"extended":false,"handId":506,"id":5063,"length":64.4285,"mcpPosition":[21.239,259.122,-7.49365],"pipPosition":[3.93259,219.672,-19.3439],"stabilizedTipPosition":[-2.1511,208.83,16.243],"timeVisible":284.295,"tipPosition":[-4.06382,214.9,20.0818],"tipVelocity":[-29.503,79.6649,41.3796],"tool":false,"touchDistance":0.333333,"touchZone":"none","type":3,"width":18.077},{"bases":[[[0.790338,-0.578549,0.201613],[0.531588,0.811151,0.24382],[-0.3046,-0.085525,0.948633]],[[0.773732,-0.582165,0.249847],[0.398571,0.140782,-0.906268],[0.492423,0.80079,0.340962]],[[0.773732,-0.582165,0.249847],[-0.436352,-0.775651,-0.456028],[0.459278,0.243822,-0.854175]],[[0.773732,-0.582165,0.249847],[-0.619917,-0.777027,0.109234],[0.130546,-0.239402,-0.962104]]],"btipPosition":[10.0044,219.96,20.8987],"carpPosition":[20.9869,243.959,54.6713],"dipPosition":[12.2545,215.834,4.31514],"direction":[-0.459278,-0.243822,0.854175],"extended":false,"handId":506,"id":5064,"length":50.5107,"mcpPosition":[38.6492,248.918,-0.33537],"pipPosition":[21.2375,220.603,-12.3915],"stabilizedTipPosition":[12.4514,212.106,12.4438],"timeVisible":284.295,"tipPosition":[10.2862,219.067,16.8982],"tipVelocity":[-26.0571,79.0264,48.1819],"tool":false,"touchDistance":0.333333,"touchZone":"none","type":4,"width":16.0574}],"r":[[0.102092,0.48102,0.870745],[0.573124,-0.743888,0.343744],[0.813084,0.463951,-0.351629]],"s":1.54516,"t":[15.0844,-7.88558,2.48367],"timestamp":98098768558},false],[4,{"currentFrameRate":110.643,"devices":[],"gestures":[{"center":[-5.03848,288.175,-105.406],"duration":36097,"handIds":[506],"id":78,"normal":[-0.941202,-0.00919782,-0.337719],"pointableIds":[5061],"progress":0.814707,"radius":20.2308,"state":"update","type":"circle"}],"hands":[{"armBasis":[[0.966782,-0.0658477,-0.246973],[0.177983,0.866923,0.465582],[0.183449,-0.494074,0.849845]],"armWidth":63.72,"confidence":0.706711,"direction":[0.0752476,0.249195,-0.965526],"elbow":[54.2287,110.432,292.114],"grabStrength":0,"id":506,"palmNormal":[-0.199437,-0.944946,-0.259426],"palmPosition":[0.451716,254.823,9.233],"palmVelocity":[-21.8942,71.9,37.6415],"palmWidth":90.99,"pinchStrength":0.506425,"r":[[0.102477,0.481518,0.870424],[0.572785,-0.743971,0.344129],[0.813275,0.463301,-0.352047]],"s":1.54502,"sphereCenter":[-33.0766,248.834,-19.8138],"sphereRadius":55.7982,"stabilizedPalmPosition":[1.02973,252.921,8.19941],"t":[14.9256,-7.33907,2.74322],"timeVisible":284.304,"type":"right","wrist":[4.69747,243.832,62.6553]}],"id":1828727,"interactionBox":{"center":[0,200,0],"size":[235.247,235.247,147.751]},"pointables":[{"bases":[[[0.586214,0.80847,0.0522465],[-0.726473,0.496024,0.475602],[0.358594,-0.31676,0.878108]],[[0.530615,0.844681,-0.070446],[-0.841777,0.515403,-0.160532],[-0.0992902,0.14448,0.984514]],[[0.530615,0.844681,-0.070446],[-0.756629,0.434558,-0.48854],[-0.382048,0.312528,0.869693]],[[0.530615,0.844681,-0.070446],[-0.477655,0.229325,-0.84809],[-0.70021,0.483658,0.525149]]],"btipPosition":[8.80308,209.632,-28.5404],"carpPosition":[-25.5668,238.82,62.5472],"dipPosition":[-7.58435,220.952,-16.25],"direction":[0.382048,-0.312528,-0.869693],"extended":false,"handId":506,"id":5060,"length":52.1164,"mcpPosition":[-25.5668,238.82,62.5472],"pipPosition":[-20.6105,231.607,13.4027],"stabilizedTipPosition":[5.28757,211.588,-26.0695],"timeVisible":284.304,"tipPosition":[5.00559,212.177,-25.4905],"tipVelocity":[-24.8158,68.6029,39.2908],"tool":false,"touchDistance":-0.0297177,"touchZone":"touching","type":0,"width":20.25},{"bases":[[[0.975781,-0.167232,-0.141011],[0.1839,0.976215,0.11483],[0.118454,-0.137981,0.983326]],[[0.982265,-0.186859,0.0154666],[0.145128,0.809935,0.568282],[-0.118715,-0.555958,0.822689]],[[0.982265,-0.186859,0.0154666],[0.163354,0.893356,0.418605],[-0.0920374,-0.408655,0.908037]],[[0.982265,-0.186859,0.0154666],[0.175934,0.947063,0.26855],[-0.0648289,-0.261067,0.963141]]],"btipPosition":[-13.2641,306.627,-88.6301],"carpPosition":[-12.982,258.252,57.4609],"dipPosition":[-14.3717,302.166,-72.1742],"direction":[0.0920374,0.408655,-0.908037],"extended":true,"handId":506,"id":5061,"length":58.8075,"mcpPosition":[-21.6966,268.404,-14.882],"pipPosition":[-16.5963,292.289,-50.2266],"stabilizedTipPosition":[-12.7384,303.103,-86.2971],"timeVisible":284.304,"tipPosition":[-13.5038,305.952,-84.6794],"tipVelocity":[-16.3016,57.6756,29.7592],"tool":false,"touchDistance":0.43142,"touchZone":"hovering","type":1,"width":19.3428},{"bases":[[[0.93707,-0.34829,-0.0243596],[0.348776,0.930622,0.110898],[-0.015955,-0.112415,0.993533]],[[0.937032,-0.348544,-0.0221025],[0.0655533,0.23769,-0.969126],[0.343037,0.906653,0.245572]],[[0.937032,-0.348544,-0.0221025],[-0.331313,-0.867122,-0.371929],[0.110468,0.355832,-0.927998]],[[0.937032,-0.348544,-0.0221025],[-0.334419,-0.913699,0.230906],[-0.100676,-0.208975,-0.972725]]],"btipPosition":[-17.5237,215.909,18.8744],"carpPosition":[-0.852889,257.958,55.3595],"dipPosition":[-19.4156,211.982,0.594975],"direction":[-0.110468,-0.355832,0.927998],"extended":false,"handId":506,"id":5062,"length":67.0064,"mcpPosition":[0.260262,265.801,-13.9573],"pipPosition":[-16.2743,222.1,-25.7939],"stabilizedTipPosition":[-16.287,209.56,11.3274],"timeVisible":284.304,"tipPosition":[-18.0543,214.822,14.3324],"tipVelocity":[-25.6348,73.9448,38.2458],"tool":false,"touchDistance":0.333333,"touchZone":"none","type":2,"width":18.9972},{"bases":[[[0.895532,-0.430193,0.113822],[0.414148,0.899302,0.140489],[-0.162798,-0.0786735,0.983518]],[[0.892695,-0.431444,0.130196],[0.22936,0.186273,-0.955351],[0.387929,0.882699,0.265241]],[[0.892695,-0.431444,0.130196],[-0.354992,-0.851179,-0.38662],[0.277625,0.298916,-0.913003]],[[0.892695,-0.431444,0.130196],[-0.45007,-0.868293,0.208576],[0.0230593,-0.244792,-0.969301]]],"btipPosition":[-4.32673,216.413,24.2905],"carpPosition":[10.9297,254.631,54.3465],"dipPosition":[-3.89589,211.84,6.18008],"direction":[-0.277625,-0.298916,0.913003],"extended":false,"handId":506,"id":5063,"length":64.4285,"mcpPosition":[21.1274,259.559,-7.26106],"pipPosition":[3.79488,220.12,-19.1119],"stabilizedTipPosition":[-2.42254,209.683,16.7504],"timeVisible":284.304,"tipPosition":[-4.21337,215.38,20.3265],"tipVelocity":[-25.939,72.0405,36.9123],"tool":false,"touchDistance":0.333333,"touchZone":"none","type":3,"width":18.077},{"bases":[[[0.78985,-0.579045,0.202101],[0.532373,0.810936,0.242819],[-0.304494,-0.084197,0.948786]],[[0.773424,-0.582565,0.249867],[0.398099,0.139653,-0.90665],[0.493287,0.800697,0.339929]],[[0.773424,-0.582565,0.249867],[-0.437313,-0.775729,-0.454975],[0.458881,0.242618,-0.854731]],[[0.773424,-0.582565,0.249867],[-0.620485,-0.776404,0.110429],[0.129666,-0.240447,-0.961963]]],"btipPosition":[9.87721,220.434,21.1842],"carpPosition":[20.8735,244.465,54.9207],"dipPosition":[12.1122,216.29,4.60304],"direction":[-0.458881,-0.242618,0.854731],"extended":false,"handId":506,"id":5064,"length":50.5107,"mcpPosition":[38.5297,249.347,-0.094835],"pipPosition":[21.0874,221.035,-12.1145],"stabilizedTipPosition":[12.2265,212.911,12.9817],"timeVisible":284.304,"tipPosition":[10.1548,219.538,17.1847],"tipVelocity":[-22.8234,71.4529,43.5571],"tool":false,"touchDistance":0.333333,"touchZone":"none","type":4,"width":16.0574}],"r":[[0.102477,0.481518,0.870424],[0.572785,-0.743971,0.344129],[0.813275,0.463301,-0.352047]],"s":1.54502,"t":[14.9256,-7.33907,2.74322],"timestamp":98098777645},false],[5,{"currentFrameRate":110.661,"devices":[],"gestures":[{"center":[-5.03848,288.175,-105.406],"duration":36097,"handIds":[506],"id":78,"normal":[-0.941202,-0.00919782,-0.337719],"pointableIds":[5061],"progress":0.814707,"radius":20.2308,"state":"update","type":"circle"}],"hands":[{"armBasis":[[0.967337,-0.0678069,-0.244255],[0.178119,0.867413,0.464615],[0.180366,-0.492947,0.851159]],"armWidth":63.72,"confidence":0.714103,"direction":[0.0750731,0.248808,-0.965639],"elbow":[53.3609,111.12,292.632],"grabStrength":0,"id":506,"palmNormal":[-0.199457,-0.945055,-0.259011],"palmPosition":[0.406688,255.185,9.39261],"palmVelocity":[-17.2538,63.2035,32.1714],"palmWidth":90.99,"pinchStrength":0.505292,"r":[[0.102813,0.481988,0.870125],[0.57253,-0.744006,0.344477],[0.813412,0.462756,-0.352446]],"s":1.5449,"sphereCenter":[-33.1564,249.185,-19.6562],"sphereRadius":55.8137,"stabilizedPalmPosition":[0.859697,253.539,8.52505],"t":[14.8236,-6.88466,2.95281],"timeVisible":284.313,"type":"right","wrist":[4.66202,244.216,62.8186]}],"id":1828728,"interactionBox":{"center":[0,200,0],"size":[235.247,235.247,147.751]},"pointables":[{"bases":[[[0.586202,0.808506,0.051819],[-0.726403,0.496196,0.475529],[0.358755,-0.316397,0.878173]],[[0.530787,0.844571,-0.0704643],[-0.841623,0.515499,-0.161031],[-0.099678,0.144778,0.984431]],[[0.530787,0.844571,-0.0704643],[-0.756273,0.434483,-0.489159],[-0.382514,0.312929,0.869344]],[[0.530787,0.844571,-0.0704643],[-0.480204,0.231198,-0.846139],[-0.698333,0.482957,0.528284]]],"btipPosition":[8.75909,210.003,-28.4272],"carpPosition":[-25.6022,239.203,62.7178],"dipPosition":[-7.58442,221.306,-16.0634],"direction":[0.382514,-0.312929,-0.869344],"extended":false,"handId":506,"id":5060,"length":52.1164,"mcpPosition":[-25.6022,239.203,62.7178],"pipPosition":[-20.6265,231.976,13.5774],"stabilizedTipPosition":[5.15577,212.053,-25.8467],"timeVisible":284.313,"tipPosition":[4.9657,212.54,-25.349],"tipVelocity":[-19.0333,60.9622,32.4682],"tool":false,"touchDistance":-0.0275488,"touchZone":"touching","type":0,"width":20.25},{"bases":[[[0.975761,-0.167263,-0.141114],[0.183894,0.976266,0.114405],[0.118629,-0.137582,0.983361]],[[0.982266,-0.186847,0.0155515],[0.14513,0.810222,0.567871],[-0.118705,-0.555544,0.82297]],[[0.982266,-0.186847,0.0155515],[0.163381,0.893683,0.417896],[-0.0919808,-0.407944,0.908362]],[[0.982266,-0.186847,0.0155515],[0.175968,0.947341,0.267546],[-0.0647227,-0.260064,0.96342]]],"btipPosition":[-13.3173,306.927,-88.4968],"carpPosition":[-13.0187,258.634,57.6215],"dipPosition":[-14.4231,302.483,-72.0362],"direction":[0.0919808,0.407944,-0.908362],"extended":true,"handId":506,"id":5061,"length":58.8075,"mcpPosition":[-21.7462,268.756,-14.7239],"pipPosition":[-16.6463,292.623,-50.0807],"stabilizedTipPosition":[-12.9005,303.648,-85.9885],"timeVisible":284.313,"tipPosition":[-13.5608,306.256,-84.5459],"tipVelocity":[-13.434,51.103,25.6846],"tool":false,"touchDistance":0.423627,"touchZone":"hovering","type":1,"width":19.3428},{"bases":[[[0.937075,-0.348275,-0.0243824],[0.348771,0.930675,0.110463],[-0.0157793,-0.112016,0.993581]],[[0.937037,-0.348525,-0.0221562],[0.0656115,0.238005,-0.969045],[0.34301,0.906578,0.245887]],[[0.937037,-0.348525,-0.0221562],[-0.331312,-0.867111,-0.371956],[0.110424,0.355877,-0.927986]],[[0.937037,-0.348525,-0.0221562],[-0.33435,-0.91363,0.231279],[-0.100849,-0.209309,-0.972635]]],"btipPosition":[-17.5672,216.27,19.0124],"carpPosition":[-0.889976,258.339,55.5181],"dipPosition":[-19.4624,212.337,0.734671],"direction":[-0.110424,-0.355877,0.927986],"extended":false,"handId":506,"id":5062,"length":67.0064,"mcpPosition":[0.210914,266.154,-13.8021],"pipPosition":[-16.3223,222.457,-25.6539],"stabilizedTipPosition":[-16.5106,210.316,11.7809],"timeVisible":284.313,"tipPosition":[-18.0954,215.189,14.4964],"tipVelocity":[-19.9444,64.6208,31.9623],"tool":false,"touchDistance":0.333333,"touchZone":"none","type":2,"width":18.9972},{"bases":[[[0.895563,-0.430124,0.11384],[0.414149,0.899369,0.140055],[-0.162625,-0.0782818,0.983578]],[[0.892714,-0.431375,0.1303],[0.229647,0.186722,-0.955195],[0.387717,0.882639,0.265753]],[[0.892714,-0.431375,0.1303],[-0.354788,-0.851107,-0.386966],[0.277826,0.299221,-0.912841]],[[0.892714,-0.431375,0.1303],[-0.450029,-0.868304,0.20862],[0.0231463,-0.244877,-0.969278]]],"btipPosition":[-4.37249,216.765,24.4169],"carpPosition":[10.8925,255.012,54.5044],"dipPosition":[-3.94002,212.19,6.30687],"direction":[-0.277826,-0.299221,0.912841],"extended":false,"handId":506,"id":5063,"length":64.4285,"mcpPosition":[21.0794,259.915,-7.10694],"pipPosition":[3.75632,220.479,-18.9807],"stabilizedTipPosition":[-2.66112,210.461,17.2018],"timeVisible":284.313,"tipPosition":[-4.25776,215.738,20.4656],"tipVelocity":[-20.1985,62.9817,30.6308],"tool":false,"touchDistance":0.333333,"touchZone":"none","type":3,"width":18.077},{"bases":[[[0.7899,-0.578943,0.202196],[0.532394,0.811048,0.242399],[-0.304326,-0.083823,0.948873]],[[0.773615,-0.582423,0.249607],[0.39761,0.13947,-0.906893],[0.493382,0.800832,0.339473]],[[0.773615,-0.582423,0.249607],[-0.437517,-0.775911,-0.454469],[0.458366,0.242377,-0.855076]],[[0.773615,-0.582423,0.249607],[-0.620362,-0.776413,0.111058],[0.129115,-0.240763,-0.961958]]],"btipPosition":[9.84693,220.799,21.3622],"carpPosition":[20.8367,244.846,55.0809],"dipPosition":[12.0725,216.649,4.78112],"direction":[-0.458366,-0.242377,0.855076],"extended":false,"handId":506,"id":5064,"length":50.5107,"mcpPosition":[38.4831,249.706,0.0603651],"pipPosition":[21.0375,221.39,-11.9431],"stabilizedTipPosition":[12.0276,213.65,13.4681],"timeVisible":284.313,"tipPosition":[10.122,219.901,17.3633],"tipVelocity":[-17.5446,62.9212,37.0235],"tool":false,"touchDistance":0.333333,"touchZone":"none","type":4,"width":16.0574}],"r":[[0.102813,0.481988,0.870125],[0.57253,-0.744006,0.344477],[0.813412,0.462756,-0.352446]],"s":1.5449,"t":[14.8236,-6.88466,2.95281],"timestamp":98098786649},false],[6,{"currentFrameRate":110.588,"devices":[],"gestures":[{"center":[-5.03848,288.175,-105.406],"duration":36097,"handIds":[506],"id":78,"normal":[-0.941202,-0.00919782,-0.337719],"pointableIds":[5061],"progress":0.814707,"radius":20.2308,"state":"update","type":"circle"}],"hands":[{"armBasis":[[0.966581,-0.0688157,-0.246954],[0.180514,0.866702,0.465019],[0.182035,-0.494057,0.850159]],"armWidth":63.72,"confidence":0.723859,"direction":[0.0737825,0.245563,-0.966569],"elbow":[53.8925,111.723,292.447],"grabStrength":0,"id":506,"palmNormal":[-0.202095,-0.945419,-0.255617],"palmPosition":[0.410098,255.927,9.45155],"palmVelocity":[-12.3359,68.1401,24.9877],"palmWidth":90.99,"pinchStrength":0.503357,"r":[[0.103634,0.48287,0.869538],[0.57212,-0.744074,0.34501],[0.813596,0.461726,-0.353371]],"s":1.54479,"sphereCenter":[-33.2454,249.911,-19.5228],"sphereRadius":55.8235,"stabilizedPalmPosition":[0.730802,254.223,8.79067],"t":[14.7744,-6.28646,3.08706],"timeVisible":284.322,"type":"right","wrist":[4.74314,245.118,62.904]}],"id":1828729,"interactionBox":{"center":[0,200,0],"size":[235.247,235.247,147.751]},"pointables":[{"bases":[[[0.588131,0.807333,0.0481211],[-0.724363,0.499356,0.475334],[0.359723,-0.314416,0.878489]],[[0.532694,0.843075,-0.0739076],[-0.840642,0.517017,-0.16129],[-0.0977678,0.148048,0.984136]],[[0.532694,0.843075,-0.0739076],[-0.755951,0.43474,-0.489427],[-0.380493,0.316586,0.868907]],[[0.532694,0.843075,-0.0739076],[-0.485056,0.232581,-0.842987],[-0.693512,0.484903,0.532832]]],"btipPosition":[8.55169,210.641,-28.3447],"carpPosition":[-25.5325,240.174,62.877],"dipPosition":[-7.67898,221.989,-15.8746],"direction":[0.380493,-0.316586,-0.868906],"extended":false,"handId":506,"id":5060,"length":52.1164,"mcpPosition":[-25.5325,240.174,62.877],"pipPosition":[-20.6521,232.783,13.7513],"stabilizedTipPosition":[4.99213,212.635,-25.667],"timeVisible":284.322,"tipPosition":[4.7926,213.183,-25.22],"tipVelocity":[-19.2423,63.6617,26.6607],"tool":false,"touchDistance":-0.0257673,"touchZone":"touching","type":0,"width":20.25},{"bases":[[[0.975107,-0.169927,-0.142446],[0.186325,0.976204,0.110942],[0.120205,-0.134721,0.983565]],[[0.981854,-0.189071,0.0146686],[0.147884,0.811798,0.564903],[-0.118714,-0.552482,0.825027]],[[0.981854,-0.189071,0.0146686],[0.16613,0.894861,0.414276],[-0.0914539,-0.404322,0.910033]],[[0.981854,-0.189071,0.0146686],[0.178619,0.948013,0.263376],[-0.0637027,-0.255976,0.964582]]],"btipPosition":[-13.3591,307.353,-88.5872],"carpPosition":[-12.9148,259.56,57.6948],"dipPosition":[-14.4475,302.98,-72.1067],"direction":[0.0914539,0.404322,-0.910033],"extended":true,"handId":506,"id":5061,"length":58.8075,"mcpPosition":[-21.7582,269.471,-14.6657],"pipPosition":[-16.658,293.207,-50.1109],"stabilizedTipPosition":[-13.0457,304.201,-85.7443],"timeVisible":284.322,"tipPosition":[-13.6073,306.701,-84.6333],"tipVelocity":[-10.8358,50.3089,15.9074],"tool":false,"touchDistance":0.41331,"touchZone":"hovering","type":1,"width":19.3428},{"bases":[[[0.936235,-0.350479,-0.0250649],[0.35109,0.930228,0.106829],[-0.0141253,-0.108817,0.993961]],[[0.936202,-0.350719,-0.0228665],[0.0645057,0.235417,-0.969751],[0.345493,0.906408,0.243021]],[[0.936202,-0.350719,-0.0228665],[-0.333949,-0.867381,-0.368955],[0.109566,0.353053,-0.929166]],[[0.936202,-0.350719,-0.0228665],[-0.335971,-0.912141,0.234779],[-0.103199,-0.212118,-0.97178]]],"btipPosition":[-17.6346,217.08,19.1926],"carpPosition":[-0.790849,259.231,55.5691],"dipPosition":[-19.5739,213.094,0.930877],"direction":[-0.109566,-0.353053,0.929166],"extended":false,"handId":506,"id":5062,"length":67.0064,"mcpPosition":[0.194645,266.823,-13.7776],"pipPosition":[-16.4583,223.134,-25.4913],"stabilizedTipPosition":[-16.7231,211.108,12.2156],"timeVisible":284.322,"tipPosition":[-18.1708,215.993,14.7041],"tipVelocity":[-16.7387,70.8568,28.6364],"tool":false,"touchDistance":0.333333,"touchZone":"none","type":2,"width":18.9972},{"bases":[[[0.894804,-0.431793,0.113496],[0.416454,0.898867,0.136396],[-0.160913,-0.0747819,0.984131]],[[0.891969,-0.43299,0.130039],[0.228612,0.183832,-0.956003],[0.390035,0.882454,0.262959]],[[0.891969,-0.43299,0.130039],[-0.357259,-0.851339,-0.384173],[0.27705,0.296213,-0.914058]],[[0.891969,-0.43299,0.130039],[-0.451611,-0.866674,0.211951],[0.0209285,-0.247781,-0.96859]]],"btipPosition":[-4.43074,217.554,24.567],"carpPosition":[10.9821,255.873,54.5435],"dipPosition":[-4.03971,212.924,6.46982],"direction