{"sensorType":"Leap","data":[[0,{"currentFrameRate":103.782,"devices":[],"gestures":[],"hands":[{"armBasis":[[0.947665,0.0629817,-0.312993],[0.05439,0.934171,0.352657],[0.3146,-0.351224,0.881855]],"armWidth":63.72,"confidence":0.579133,"direction":[0.0435567,0.746368,-0.664107],"elbow":[95.779,143.228,275.214],"grabStrength":0.484307,"id":506,"palmNormal":[-0.0385478,-0.662987,-0.747638],"palmPosition":[5.41276,275.942,-1.97921],"palmVelocity":[-15.7688,8.93942,11.4162],"palmWidth":90.99,"pinchStrength":0.585149,"r":[[0.98315,-0.0825503,0.163098],[0.0800295,0.99655,0.0219771],[-0.16435,-0.00855418,0.986365]],"s":1.15593,"sphereCenter":[12.4316,253.744,-47.0463],"sphereRadius":46.2783,"stabilizedPalmPosition":[7.98091,271.596,-5.98344],"t":[19.8949,14.2789,-8.30591],"timeVisible":35.2419,"type":"right","wrist":[10.8371,238.059,37.1132]}],"id":1802253,"interactionBox":{"center":[0,200,0],"size":[235.247,235.247,147.751]},"pointables":[{"bases":[[[0.444694,0.715229,0.539161],[-0.803191,0.0520266,0.593445],[0.396399,-0.696951,0.597601]],[[0.357363,0.83911,0.410105],[-0.879052,0.153845,0.45122],[0.31553,-0.521753,0.7926]],[[0.357363,0.83911,0.410105],[-0.912079,0.408047,-0.0401186],[-0.201006,-0.359711,0.911155]],[[0.357363,0.83911,0.410105],[-0.933958,0.322793,0.153385],[-0.00367227,-0.437835,0.899048]]],"btipPosition":[-26.9993,278.559,-60.3638],"carpPosition":[-18.1881,230.003,31.3082],"dipPosition":[-27.0852,268.312,-39.3229],"direction":[0.201006,0.359711,-0.911155],"extended":false,"handId":506,"id":5060,"length":52.1164,"mcpPosition":[-18.1881,230.003,31.3082],"pipPosition":[-33.9386,256.048,-8.25648],"stabilizedTipPosition":[-26.6208,275.923,-55.6486],"timeVisible":35.2419,"tipPosition":[-26.8881,276.504,-55.1582],"tipVelocity":[-26.4364,21.1799,10.6982],"tool":false,"touchDistance":-0.128136,"touchZone":"touching","type":0,"width":20.25},{"bases":[[[0.991448,0.0679778,-0.1114],[0.0196263,0.766246,0.642248],[0.129018,-0.638942,0.758358]],[[0.974338,0.129409,-0.184169],[-0.127703,0.991587,0.0211463],[0.185356,0.00291535,0.982667]],[[0.974338,0.129409,-0.184169],[-0.166647,0.964735,-0.203753],[0.151307,0.229215,0.961544]],[[0.974338,0.129409,-0.184169],[-0.186511,0.922218,-0.338715],[0.126011,0.364372,0.922688]]],"btipPosition":[-32.1819,285.6,-98.1938],"carpPosition":[-8.9166,250.484,38.8216],"dipPosition":[-30.0289,291.825,-82.4292],"direction":[-0.151307,-0.229215,-0.961544],"extended":true,"handId":506,"id":5061,"length":58.8075,"mcpPosition":[-18.4084,297.491,-16.9705],"pipPosition":[-26.3717,297.365,-59.1883],"stabilizedTipPosition":[-30.6717,286.718,-95.7964],"timeVisible":35.2419,"tipPosition":[-31.8952,288.416,-94.6546],"tipVelocity":[-22.1206,10.2192,22.1648],"tool":false,"touchDistance":-0.0840721,"touchZone":"touching","type":1,"width":19.3428},{"bases":[[[0.981794,-0.150599,-0.115763],[0.189788,0.752493,0.630662],[-0.00786658,-0.641151,0.767375]],[[0.981516,-0.129282,-0.141114],[-0.00313728,0.726375,-0.687292],[0.191357,0.67503,0.712543]],[[0.981516,-0.129282,-0.141114],[-0.1863,-0.476627,-0.859139],[0.0438125,0.869548,-0.491902]],[[0.981516,-0.129282,-0.141114],[-0.181293,-0.864323,-0.469126],[-0.0613187,0.486037,-0.871784]]],"btipPosition":[-5.65072,231.327,-19.4013],"carpPosition":[3.11747,252.993,38.1112],"dipPosition":[-6.80302,240.461,-35.7839],"direction":[-0.0438125,-0.869547,0.491902],"extended":false,"handId":506,"id":5062,"length":67.0064,"mcpPosition":[3.66631,297.724,-15.427],"pipPosition":[-5.55715,265.188,-49.7718],"stabilizedTipPosition":[-3.9499,230.29,-24.3407],"timeVisible":35.2419,"tipPosition":[-5.94895,233.155,-23.3362],"tipVelocity":[-27.1239,25.9541,0.105754],"tool":false,"touchDistance":0.333333,"touchZone":"none","type":2,"width":18.9972},{"bases":[[[0.952816,-0.299603,-0.0487861],[0.2591,0.718988,0.644921],[-0.158144,-0.627131,0.762691]],[[0.958001,-0.276263,-0.0768903],[0.150463,0.712508,-0.685342],[0.24412,0.644989,0.724151]],[[0.958001,-0.276263,-0.0768903],[-0.199625,-0.449979,-0.870442],[0.205872,0.849234,-0.486229]],[[0.958001,-0.276263,-0.0768903],[-0.278176,-0.830155,-0.483178],[0.0696534,0.484274,-0.872139]]],"btipPosition":[7.29152,230.247,-13.7308],"carpPosition":[15.297,252.355,36.6343],"dipPosition":[8.59293,239.295,-30.0259],"direction":[-0.205872,-0.849234,0.486229],"extended":false,"handId":506,"id":5063,"length":64.4285,"mcpPosition":[25.2032,291.639,-11.1406],"pipPosition":[14.296,262.821,-43.4954],"stabilizedTipPosition":[9.40258,229.232,-19.5216],"timeVisible":35.2419,"tipPosition":[7.48781,232.053,-18.0205],"tipVelocity":[-22.5524,20.4364,16.4436],"tool":false,"touchDistance":0.333333,"touchZone":"none","type":3,"width":18.077},{"bases":[[[0.872112,-0.484825,-0.0660695],[0.389147,0.605387,0.694313],[-0.296623,-0.63123,0.716634]],[[0.894795,-0.427509,-0.128758],[0.263791,0.738876,-0.620061],[0.360218,0.520862,0.773916]],[[0.894795,-0.427509,-0.128758],[-0.297575,-0.356045,-0.885822],[0.332853,0.830944,-0.445803]],[[0.894795,-0.427509,-0.128758],[-0.430802,-0.750954,-0.500478],[0.117268,0.503294,-0.856121]]],"btipPosition":[22.7017,238.22,-12.8418],"carpPosition":[26.7705,244.962,32.6012],"dipPosition":[24.723,246.895,-27.5986],"direction":[-0.332853,-0.830944,0.445803],"extended":false,"handId":506,"id":5064,"length":50.5107,"mcpPosition":[43.9702,281.564,-8.95292],"pipPosition":[31.2332,263.147,-36.318],"stabilizedTipPosition":[24.6056,237.583,-17.7701],"timeVisible":35.2419,"tipPosition":[23.0168,239.975,-16.521],"tipVelocity":[-17.6265,18.1238,18.8132],"tool":false,"touchDistance":0.333333,"touchZone":"none","type":4,"width":16.0574}],"r":[[0.98315,-0.0825503,0.163098],[0.0800295,0.99655,0.0219771],[-0.16435,-0.00855418,0.986365]],"s":1.15593,"t":[19.8949,14.2789,-8.30591],"timestamp":97849715259},false],[1,{"currentFrameRate":103.73,"devices":[],"gestures":[],"hands":[{"armBasis":[[0.947348,0.0603756,-0.314464],[0.056832,0.934768,0.350683],[0.315123,-0.35009,0.882119]],"armWidth":63.72,"confidence":0.579626,"direction":[0.0439972,0.747631,-0.662655],"elbow":[95.7027,143.458,275.29],"grabStrength":0.490253,"id":506,"palmNormal":[-0.0409849,-0.661388,-0.748923],"palmPosition":[5.20925,275.955,-1.88962],"palmVelocity":[-17.2739,6.70154,10.7661],"palmWidth":90.99,"pinchStrength":0.589115,"r":[[0.983251,-0.0843857,0.161546],[0.0815676,0.996379,0.02401],[-0.162987,-0.0104309,0.986573]],"s":1.15532,"sphereCenter":[12.207,253.836,-46.9768],"sphereRadius":46.2567,"stabilizedPalmPosition":[7.87636,271.761,-5.82902],"t":[19.7096,14.3093,-8.21288],"timeVisible":35.2516,"type":"right","wrist":[10.6194,237.982,37.1173]}],"id":1802254,"interactionBox":{"center":[0,200,0],"size":[235.247,235.247,147.751]},"pointables":[{"bases":[[[0.446913,0.713263,0.539931],[-0.802179,0.0523835,0.594781],[0.395952,-0.698937,0.595575]],[[0.359179,0.838086,0.410612],[-0.878678,0.15541,0.451413],[0.31451,-0.522933,0.792228]],[[0.359179,0.838086,0.410612],[-0.911466,0.409558,-0.0386386],[-0.200552,-0.36038,0.910991]],[[0.359179,0.838086,0.410612],[-0.933267,0.321817,0.159517],[0.00154671,-0.440506,0.897748]]],"btipPosition":[-27.3281,278.694,-60.2769],"carpPosition":[-18.4303,229.994,31.3405],"dipPosition":[-27.2919,268.385,-39.2664],"direction":[0.200552,0.36038,-0.910991],"extended":false,"handId":506,"id":5060,"length":52.1164,"mcpPosition":[-18.4303,229.994,31.3405],"pipPosition":[-34.1298,256.098,-8.20558],"stabilizedTipPosition":[-26.8964,276.081,-55.5681],"timeVisible":35.2516,"tipPosition":[-27.1857,276.638,-55.0667],"tipVelocity":[-27.7414,18.6125,9.96715],"tool":false,"touchDistance":-0.126804,"touchZone":"touching","type":0,"width":20.25},{"bases":[[[0.991407,0.0662727,-0.112782],[0.0221038,0.764897,0.643773],[0.128931,-0.640734,0.75686]],[[0.97437,0.127704,-0.185187],[-0.126223,0.991804,0.0198179],[0.1862,0.00406477,0.982504]],[[0.97437,0.127704,-0.185187],[-0.165499,0.964531,-0.205645],[0.152356,0.231023,0.960945]],[[0.97437,0.127704,-0.185187],[-0.185551,0.92168,-0.340699],[0.127174,0.366329,0.921754]]],"btipPosition":[-32.4477,285.563,-97.9864],"carpPosition":[-9.10733,250.442,38.8813],"dipPosition":[-30.2748,291.822,-82.2377],"direction":[-0.152356,-0.231023,-0.960945],"extended":true,"handId":506,"id":5061,"length":58.8075,"mcpPosition":[-18.5927,297.58,-16.8006],"pipPosition":[-26.5923,297.406,-59.0113],"stabilizedTipPosition":[-30.8217,286.752,-95.628],"timeVisible":35.2516,"tipPosition":[-32.1601,288.388,-94.451],"tipVelocity":[-23.5013,6.34071,21.8005],"tool":false,"touchDistance":-0.0806763,"touchZone":"touching","type":1,"width":19.3428},{"bases":[[[0.98132,-0.152276,-0.117574],[0.19222,0.750837,0.631898],[-0.00794395,-0.642694,0.766082]],[[0.981054,-0.131172,-0.14257],[-0.00194988,0.729189,-0.68431],[0.193723,0.671623,0.715118]],[[0.981054,-0.131172,-0.14257],[-0.188417,-0.474829,-0.859672],[0.0450685,0.870248,-0.490548]],[[0.981054,-0.131172,-0.14257],[-0.183642,-0.864055,-0.468706],[-0.0617071,0.486008,-0.871773]]],"btipPosition":[-5.97474,231.516,-19.4276],"carpPosition":[2.93051,252.928,38.1576],"dipPosition":[-7.13434,240.649,-35.8099],"direction":[-0.0450685,-0.870248,0.490548],"extended":false,"handId":506,"id":5062,"length":67.0064,"mcpPosition":[3.48474,297.768,-15.2904],"pipPosition":[-5.85276,265.395,-49.7594],"stabilizedTipPosition":[-4.17421,230.615,-24.2286],"timeVisible":35.2516,"tipPosition":[-6.27068,233.316,-23.3364],"tipVelocity":[-28.979,24.0089,-0.71484],"tool":false,"touchDistance":0.333333,"touchZone":"none","type":2,"width":18.9972},{"bases":[[[0.952154,-0.301359,-0.0508558],[0.261488,0.717168,0.645982],[-0.158201,-0.628373,0.761656]],[[0.957325,-0.278058,-0.0788178],[0.15077,0.713144,-0.684613],[0.246571,0.643514,0.724633]],[[0.957325,-0.278058,-0.0788178],[-0.202572,-0.451053,-0.869204],[0.206138,0.848077,-0.488131]],[[0.957325,-0.278058,-0.0788178],[-0.280895,-0.83098,-0.480177],[0.0680212,0.481825,-0.873623]]],"btipPosition":[7.01818,230.384,-13.5808],"carpPosition":[15.1065,252.27,36.6607],"dipPosition":[8.28908,239.386,-29.9036],"direction":[-0.206138,-0.848077,0.488131],"extended":false,"handId":506,"id":5063,"length":64.4285,"mcpPosition":[25.0162,291.631,-11.0495],"pipPosition":[13.9995,262.879,-43.4258],"stabilizedTipPosition":[9.26773,229.439,-19.3806],"timeVisible":35.2516,"tipPosition":[7.20074,232.167,-17.9003],"tipVelocity":[-24.3829,18.2367,15.9471],"tool":false,"touchDistance":0.333333,"touchZone":"none","type":3,"width":18.077},{"bases":[[[0.871062,-0.486388,-0.0683917],[0.391389,0.603214,0.694944],[-0.296757,-0.632108,0.715804]],[[0.893794,-0.428887,-0.131105],[0.263531,0.738801,-0.620262],[0.362883,0.519836,0.773361]],[[0.893794,-0.428887,-0.131105],[-0.301989,-0.359434,-0.882955],[0.331565,0.828772,-0.450779]],[[0.893794,-0.428887,-0.131105],[-0.433986,-0.753418,-0.493981],[0.113086,0.498415,-0.859531]]],"btipPosition":[22.5014,238.334,-12.6241],"carpPosition":[26.5594,244.863,32.595],"dipPosition":[24.4507,246.925,-27.4397],"direction":[-0.331565,-0.828772,0.450779],"extended":false,"handId":506,"id":5064,"length":50.5107,"mcpPosition":[43.7669,281.516,-8.911],"pipPosition":[30.9357,263.135,-36.2564],"stabilizedTipPosition":[24.4936,237.767,-17.6524],"timeVisible":35.2516,"tipPosition":[22.7822,240.059,-16.3785],"tipVelocity":[-18.988,15.6791,19.4436],"tool":false,"touchDistance":0.333333,"touchZone":"none","type":4,"width":16.0574}],"r":[[0.983251,-0.0843857,0.161546],[0.0815676,0.996379,0.02401],[-0.162987,-0.0104309,0.986573]],"s":1.15532,"t":[19.7096,14.3093,-8.21288],"timestamp":97849724997},false],[2,{"currentFrameRate":103.804,"devices":[],"gestures":[],"hands":[{"armBasis":[[0.946572,0.0578787,-0.317255],[0.0597409,0.935265,0.34887],[0.31691,-0.349184,0.881838]],"armWidth":63.72,"confidence":0.588161,"direction":[0.0450961,0.748076,-0.662079],"elbow":[95.9481,143.613,275.245],"grabStrength":0.496777,"id":506,"palmNormal":[-0.0436359,-0.660646,-0.749429],"palmPosition":[5.02137,275.913,-1.81915],"palmVelocity":[-17.9963,3.50962,9.80569],"palmWidth":90.99,"pinchStrength":0.594146,"r":[[0.983323,-0.0863868,0.160039],[0.083321,0.996189,0.0257817],[-0.161656,-0.0120172,0.986774]],"s":1.15447,"sphereCenter":[12.0136,253.806,-46.8992],"sphereRadius":46.2261,"stabilizedPalmPosition":[7.77134,271.913,-5.68151],"t":[19.523,14.3036,-8.13112],"timeVisible":35.2611,"type":"right","wrist":[10.3824,237.893,37.1489]}],"id":1802255,"interactionBox":{"center":[0,200,0],"size":[235.247,235.247,147.751]},"pointables":[{"bases":[[[0.449433,0.711648,0.539969],[-0.801293,0.0539523,0.595835],[0.394892,-0.700461,0.594486]],[[0.361302,0.837445,0.410057],[-0.878545,0.158378,0.450638],[0.31244,-0.52307,0.792956]],[[0.361302,0.837445,0.410057],[-0.910558,0.411603,-0.0383072],[-0.200861,-0.35954,0.911255]],[[0.361302,0.837445,0.410057],[-0.932423,0.321221,0.16554],[0.00691158,-0.442157,0.896911]]],"btipPosition":[-27.6046,278.703,-60.2412],"carpPosition":[-18.6951,229.985,31.402],"dipPosition":[-27.4429,268.354,-39.2503],"direction":[0.200861,0.35954,-0.911255],"extended":false,"handId":506,"id":5060,"length":52.1164,"mcpPosition":[-18.6951,229.985,31.402],"pipPosition":[-34.2913,256.096,-8.18047],"stabilizedTipPosition":[-27.1553,276.174,-55.5084],"timeVisible":35.2611,"tipPosition":[-27.4387,276.657,-55.0179],"tipVelocity":[-27.2654,13.2415,8.04812],"tool":false,"touchDistance":-0.126284,"touchZone":"touching","type":0,"width":20.25},{"bases":[[[0.991433,0.0638066,-0.113974],[0.0248902,0.764292,0.644389],[0.128226,-0.641705,0.756156]],[[0.974499,0.125242,-0.186187],[-0.124266,0.992104,0.0169492],[0.18684,0.00661979,0.982368]],[[0.974499,0.125242,-0.186187],[-0.163985,0.963865,-0.209935],[0.153167,0.235113,0.959824]],[[0.974499,0.125242,-0.186187],[-0.184263,0.920163,-0.345467],[0.128055,0.370964,0.919776]]],"btipPosition":[-32.6604,285.307,-97.801],"carpPosition":[-9.30982,250.402,38.9483],"dipPosition":[-30.4725,291.645,-82.0861],"direction":[-0.153167,-0.235113,-0.959824],"extended":true,"handId":506,"id":5061,"length":58.8075,"mcpPosition":[-18.7434,297.612,-16.6819],"pipPosition":[-26.7704,297.328,-58.8867],"stabilizedTipPosition":[-30.9722,286.753,-95.4656],"timeVisible":35.2611,"tipPosition":[-32.3708,288.162,-94.2792],"tipVelocity":[-23.0836,-2.66497,20.9135],"tool":false,"touchDistance":-0.0777153,"touchZone":"touching","type":1,"width":19.3428},{"bases":[[[0.980774,-0.154711,-0.118939],[0.194954,0.749803,0.632289],[-0.00864172,-0.64332,0.765549]],[[0.98054,-0.13381,-0.143652],[-0.000221493,0.730973,-0.682407],[0.196319,0.669159,0.716718]],[[0.98054,-0.13381,-0.143652],[-0.19063,-0.474104,-0.859584],[0.0469154,0.870241,-0.490386]],[[0.98054,-0.13381,-0.143652],[-0.186395,-0.864247,-0.467262],[-0.061626,0.484945,-0.87237]]],"btipPosition":[-6.30226,231.628,-19.4071],"carpPosition":[2.73349,252.859,38.2115],"dipPosition":[-7.46034,240.741,-35.8006],"direction":[-0.0469154,-0.870241,0.490386],"extended":false,"handId":506,"id":5062,"length":67.0064,"mcpPosition":[3.3364,297.742,-15.1993],"pipPosition":[-6.12623,265.488,-49.7455],"stabilizedTipPosition":[-4.40345,230.913,-24.1279],"timeVisible":35.2611,"tipPosition":[-6.59584,233.401,-23.2999],"tipVelocity":[-30.5535,20.3856,0.0331281],"tool":false,"touchDistance":0.333333,"touchZone":"none","type":2,"width":18.9972},{"bases":[[[0.951307,-0.303775,-0.0523093],[0.264153,0.715943,0.646257],[-0.158866,-0.628606,0.761325]],[[0.956492,-0.28052,-0.0801911],[0.151885,0.713434,-0.684064],[0.249105,0.642122,0.725001]],[[0.956492,-0.28052,-0.0801911],[-0.20494,-0.450367,-0.869005],[0.207658,0.847631,-0.488262]],[[0.956492,-0.28052,-0.0801911],[-0.283737,-0.830371,-0.47956],[0.0679379,0.481448,-0.873837]]],"btipPosition":[6.70545,230.38,-13.5308],"carpPosition":[14.9059,252.17,36.6987],"dipPosition":[7.9748,239.375,-29.8576],"direction":[-0.207658,-0.847631,0.488262],"extended":false,"handId":506,"id":5063,"length":64.4285,"mcpPosition":[24.8572,291.546,-10.9907],"pipPosition":[13.7273,262.856,-43.3834],"stabilizedTipPosition":[9.12708,229.626,-19.2508],"timeVisible":35.2611,"tipPosition":[6.88683,232.159,-17.8423],"tipVelocity":[-26.8516,12.8356,12.8499],"tool":false,"touchDistance":0.333333,"touchZone":"none","type":3,"width":18.077},{"bases":[[[0.869716,-0.488578,-0.0698991],[0.39382,0.601612,0.694959],[-0.29749,-0.631945,0.715644]],[[0.892552,-0.430977,-0.132705],[0.264001,0.737975,-0.621045],[0.365589,0.519281,0.772459]],[[0.892552,-0.430977,-0.132705],[-0.306105,-0.362948,-0.880096],[0.331136,0.826153,-0.455874]],[[0.892552,-0.430977,-0.132705],[-0.437364,-0.755661,-0.487534],[0.109836,0.49319,-0.86296]]],"btipPosition":[22.2877,238.36,-12.4069],"carpPosition":[26.3344,244.737,32.6123],"dipPosition":[24.1809,246.861,-27.2816],"direction":[-0.331136,-0.826153,0.455874],"extended":false,"handId":506,"id":5064,"length":50.5107,"mcpPosition":[43.5844,281.381,-8.88441],"pipPosition":[30.6575,263.019,-36.1979],"stabilizedTipPosition":[24.3924,237.913,-17.5482],"timeVisible":35.2611,"tipPosition":[22.5403,240.054,-16.2229],"tipVelocity":[-20.3915,11.316,20.0196],"tool":false,"touchDistance":0.333333,"touchZone":"none","type":4,"width":16.0574}],"r":[[0.983323,-0.0863868,0.160039],[0.083321,0.996189,0.0257817],[-0.161656,-0.0120172,0.986774]],"s":1.15447,"t":[19.523,14.3036,-8.13112],"timestamp":97849734491},false],[3,{"currentFrameRate":103.82,"devices":[],"gestures":[],"hands":[{"armBasis":[[0.946072,0.0550844,-0.319239],[0.0626873,0.935684,0.347227],[0.317833,-0.348514,0.881771]],"armWidth":63.72,"confidence":0.588242,"direction":[0.0454305,0.74953,-0.660409],"elbow":[96.0352,143.761,275.198],"grabStrength":0.502492,"id":506,"palmNormal":[-0.0467174,-0.658774,-0.750889],"palmPosition":[4.86515,275.984,-1.74739],"palmVelocity":[-17.4951,4.62673,9.12901],"palmWidth":90.99,"pinchStrength":0.598849,"r":[[0.983403,-0.0885114,0.158377],[0.0851935,0.995981,0.027631],[-0.160186,-0.0136797,0.986992]],"s":1.15354,"sphereCenter":[11.8336,253.955,-46.8696],"sphereRadius":46.2123,"stabilizedPalmPosition":[7.66293,272.065,-5.53476],"t":[19.3516,14.3361,-8.05437],"timeVisible":35.2707,"type":"right","wrist":[10.2203,237.86,37.1198]}],"id":1802256,"interactionBox":{"center":[0,200,0],"size":[235.247,235.247,147.751]},"pointables":[{"bases":[[[0.452192,0.709341,0.540701],[-0.799921,0.0543819,0.597637],[0.394524,-0.702764,0.592008]],[[0.363589,0.836206,0.410563],[-0.877941,0.160222,0.451163],[0.311484,-0.524488,0.792395]],[[0.363589,0.836206,0.410563],[-0.909982,0.413122,-0.0355507],[-0.19934,-0.360679,0.911139]],[[0.363589,0.836206,0.410563],[-0.931462,0.319948,0.173241],[0.0135059,-0.445412,0.895224]]],"btipPosition":[-27.9552,278.935,-60.1566],"carpPosition":[-18.8872,230.032,31.4151],"dipPosition":[-27.6391,268.511,-39.2052],"direction":[0.19934,0.360679,-0.911139],"extended":false,"handId":506,"id":5060,"length":52.1164,"mcpPosition":[-18.8872,230.032,31.4151],"pipPosition":[-34.4358,256.213,-8.13935],"stabilizedTipPosition":[-27.4374,276.315,-55.4422],"timeVisible":35.2707,"tipPosition":[-27.7378,276.879,-54.9298],"tipVelocity":[-28.8745,15.9001,7.99405],"tool":false,"touchDistance":-0.125026,"touchZone":"touching","type":0,"width":20.25},{"bases":[[[0.991336,0.0618041,-0.115899],[0.0279903,0.762711,0.646133],[0.128331,-0.643779,0.754373]],[[0.97445,0.123288,-0.187744],[-0.122441,0.992344,0.0161472],[0.188298,0.00725294,0.982085]],[[0.97445,0.123288,-0.187744],[-0.162801,0.963562,-0.212235],[0.154738,0.237377,0.959014]],[[0.97445,0.123288,-0.187744],[-0.183421,0.919239,-0.348364],[0.129633,0.373899,0.918365]]],"btipPosition":[-32.9254,285.335,-97.5725],"carpPosition":[-9.4394,250.41,38.9898],"dipPosition":[-30.7105,291.723,-81.8817],"direction":[-0.154738,-0.237377,-0.959014],"extended":true,"handId":506,"id":5061,"length":58.8075,"mcpPosition":[-18.8807,297.772,-16.5092],"pipPosition":[-26.9704,297.461,-58.7019],"stabilizedTipPosition":[-31.1335,286.759,-95.2978],"timeVisible":35.2707,"tipPosition":[-32.6316,288.202,-94.0589],"tipVelocity":[-24.2022,-0.698226,21.5816],"tool":false,"touchDistance":-0.0739994,"touchZone":"touching","type":1,"width":19.3428},{"bases":[[[0.980166,-0.156676,-0.121356],[0.197995,0.74786,0.633642],[-0.00851971,-0.645103,0.764048]],[[0.979935,-0.13591,-0.145793],[0.000540461,0.733273,-0.679934],[0.199316,0.666212,0.718634]],[[0.979935,-0.13591,-0.145793],[-0.193469,-0.472702,-0.859722],[0.0479282,0.870678,-0.489512]],[[0.979935,-0.13591,-0.145793],[-0.189253,-0.863952,-0.466659],[-0.0625344,0.484888,-0.872338]]],"btipPosition":[-6.59252,231.865,-19.3981],"carpPosition":[2.60795,252.84,38.2335],"dipPosition":[-7.76767,240.977,-35.7911],"direction":[-0.0479282,-0.870678,0.489512],"extended":false,"handId":506,"id":5062,"length":67.0064,"mcpPosition":[3.20235,297.848,-15.0726],"pipPosition":[-6.40476,265.736,-49.711],"stabilizedTipPosition":[-4.64071,231.207,-24.0354],"timeVisible":35.2707,"tipPosition":[-6.89095,233.618,-23.2911],"tipVelocity":[-30.5771,21.6141,0.298032],"tool":false,"touchDistance":0.333333,"touchZone":"none","type":2,"width":18.9972},{"bases":[[[0.950496,-0.305829,-0.055016],[0.267145,0.71381,0.647386],[-0.158719,-0.630035,0.760174]],[[0.955668,-0.282565,-0.0828015],[0.152241,0.714884,-0.682469],[0.252035,0.639608,0.726209]],[[0.955668,-0.282565,-0.0828015],[-0.20786,-0.44824,-0.869411],[0.20855,0.848079,-0.487102]],[[0.955668,-0.282565,-0.0828015],[-0.286717,-0.829016,-0.480131],[0.0670243,0.482586,-0.87328]]],"btipPosition":[6.4273,230.505,-13.5603],"carpPosition":[14.7755,252.127,36.6937],"dipPosition":[7.67958,239.522,-29.8767],"direction":[-0.20855,-0.848079,0.487102],"extended":false,"handId":506,"id":5063,"length":64.4285,"mcpPosition":[24.7177,291.593,-10.9236],"pipPosition":[13.4568,263.015,-43.3704],"stabilizedTipPosition":[8.97302,229.815,-19.1271],"timeVisible":35.2707,"tipPosition":[6.6033,232.288,-17.8591],"tipVelocity":[-27.5831,13.0496,8.3056],"tool":false,"touchDistance":0.333333,"touchZone":"none","type":3,"width":18.077},{"bases":[[[0.868444,-0.490403,-0.07287],[0.396651,0.599067,0.695547],[-0.297445,-0.632948,0.714775]],[[0.891355,-0.432478,-0.135826],[0.263843,0.738621,-0.620344],[0.368609,0.51711,0.77248]],[[0.891355,-0.432478,-0.135826],[-0.310183,-0.363401,-0.87848],[0.330563,0.825169,-0.458066]],[[0.891355,-0.432478,-0.135826],[-0.440587,-0.756061,-0.484],[0.106626,0.491259,-0.864463]]],"btipPosition":[22.0888,238.488,-12.335],"carpPosition":[26.1784,244.678,32.5659],"dipPosition":[23.9267,246.956,-27.2355],"direction":[-0.330563,-0.825169,0.458066],"extended":false,"handId":506,"id":5064,"length":50.5107,"mcpPosition":[43.4258,281.38,-8.88048],"pipPosition":[30.3921,263.095,-36.1947],"stabilizedTipPosition":[24.2929,238.046,-17.4537],"timeVisible":35.2707,"tipPosition":[22.317,240.17,-16.1798],"tipVelocity":[-20.8682,11.6774,16.2071],"tool":false,"touchDistance":0.333333,"touchZone":"none","type":4,"width":16.0574}],"r":[[0.983403,-0.0885114,0.158377],[0.0851935,0.995981,0.027631],[-0.160186,-0.0136797,0.986992]],"s":1.15354,"t":[19.3516,14.3361,-8.05437],"timestamp":97849744094},false],[4,{"currentFrameRate":103.807,"devices":[],"gestures":[],"hands":[{"armBasis":[[0.945537,0.0523367,-0.321279],[0.0658823,0.935794,0.346336],[0.318777,-0.34864,0.88138]],"armWidth":63.72,"confidence":0.592841,"direction":[0.0459995,0.749963,-0.659879],"elbow":[96.1195,143.727,275.079],"grabStrength":0.50956,"id":506,"palmNormal":[-0.0500097,-0.658021,-0.751337],"palmPosition":[4.71243,276.03,-1.71771],"palmVelocity":[-17.0061,4.68521,7.36482],"palmWidth":90.99,"pinchStrength":0.603938,"r":[[0.983482,-0.0907476,0.156617],[0.0872244,0.99576,0.0292379],[-0.158606,-0.0150941,0.987227]],"s":1.15248,"sphereCenter":[11.6528,254.008,-46.844],"sphereRadius":46.1904,"stabilizedPalmPosition":[7.54983,272.217,-5.38844],"t":[19.1895,14.3756,-8.00115],"timeVisible":35.2803,"type":"right","wrist":[10.0496,237.86,37.1064]}],"id":1802257,"interactionBox":{"center":[0,200,0],"size":[235.247,235.247,147.751]},"pointables":[{"bases":[[[0.455173,0.707707,0.540341],[-0.798521,0.0559653,0.59936],[0.393931,-0.704286,0.590593]],[[0.366218,0.835381,0.409905],[-0.87723,0.162996,0.451553],[0.310406,-0.524948,0.792513]],[[0.366218,0.835381,0.409905],[-0.909185,0.415038,-0.0335566],[-0.198159,-0.360391,0.911511]],[[0.366218,0.835381,0.409905],[-0.930325,0.319486,0.180066],[0.0194648,-0.447289,0.894178]]],"btipPosition":[-28.284,279.073,-60.1095],"carpPosition":[-19.0901,230.113,31.4563],"dipPosition":[-27.8285,268.605,-39.1826],"direction":[0.198159,0.360391,-0.911511],"extended":false,"handId":506,"id":5060,"length":52.1164,"mcpPosition":[-19.0901,230.113,31.4563],"pipPosition":[-34.5848,256.317,-8.10406],"stabilizedTipPosition":[-27.7254,276.451,-55.3856],"timeVisible":35.2803,"tipPosition":[-28.0243,277.013,-54.8784],"tipVelocity":[-29.4145,15.124,6.91586],"tool":false,"touchDistance":-0.124335,"touchZone":"touching","type":0,"width":20.25},{"bases":[[[0.991249,0.0593178,-0.117929],[0.031334,0.762094,0.646708],[0.128234,-0.644744,0.753566]],[[0.974383,0.120874,-0.189651],[-0.120594,0.992616,0.0130611],[0.18983,0.0101443,0.981765]],[[0.974383,0.120874,-0.189651],[-0.161611,0.962769,-0.216696],[0.156397,0.241795,0.95764]],[[0.974383,0.120874,-0.189651],[-0.182578,0.917541,-0.353248],[0.131314,0.378825,0.916105]]],"btipPosition":[-33.1867,285.141,-97.3892],"carpPosition":[-9.57329,250.46,39.0281],"dipPosition":[-30.9432,291.613,-81.737],"direction":[-0.156397,-0.241795,-0.95764],"extended":true,"handId":506,"id":5061,"length":58.8075,"mcpPosition":[-19.0074,297.893,-16.4115],"pipPosition":[-27.163,297.457,-58.5904],"stabilizedTipPosition":[-31.3076,286.744,-95.1269],"timeVisible":35.2803,"tipPosition":[-32.8852,288.04,-93.8909],"tipVelocity":[-24.8384,-5.77593,20.5568],"tool":false,"touchDistance":-0.0710923,"touchZone":"touching","type":1,"width":19.3428},{"bases":[[[0.979497,-0.159128,-0.123544],[0.201273,0.746811,0.633848],[-0.00859934,-0.645718,0.763527]],[[0.979274,-0.138465,-0.147818],[0.00135219,0.734272,-0.678854],[0.202536,0.664584,0.71924]],[[0.979274,-0.138465,-0.147818],[-0.196507,-0.472724,-0.859021],[0.0490675,0.870264,-0.490135]],[[0.979274,-0.138465,-0.147818],[-0.19236,-0.864297,-0.464746],[-0.0634075,0.483548,-0.873018]]],"btipPosition":[-6.88738,232.043,-19.3454],"carpPosition":[2.47874,252.859,38.2486],"dipPosition":[-8.07893,241.129,-35.7512],"direction":[-0.0490675,-0.870264,0.490135],"extended":false,"handId":506,"id":5062,"length":67.0064,"mcpPosition":[3.0787,297.91,-15.0212],"pipPosition":[-6.68363,265.877,-49.6889],"stabilizedTipPosition":[-4.88292,231.488,-23.9473],"timeVisible":35.2803,"tipPosition":[-7.19272,233.776,-23.2484],"tipVelocity":[-30.6791,20.4962,1.71235],"tool":false,"touchDistance":0.333333,"touchZone":"none","type":2,"width":18.9972},{"bases":[[[0.949577,-0.308258,-0.057266],[0.270363,0.712569,0.647418],[-0.158766,-0.630256,0.759981]],[[0.954749,-0.285002,-0.0850224],[0.152798,0.715298,-0.681911],[0.255162,0.638062,0.726477]],[[0.954749,-0.285002,-0.0850224],[-0.211048,-0.447802,-0.868868],[0.209556,0.847495,-0.487687]],[[0.954749,-0.285002,-0.0850224],[-0.290002,-0.828679,-0.478738],[0.0659848,0.481731,-0.873832]]],"btipPosition":[6.14776,230.609,-13.5447],"carpPosition":[14.6412,252.116,36.6826],"dipPosition":[7.38062,239.61,-29.8714],"direction":[-0.209556,-0.847495,0.487687],"extended":false,"handId":506,"id":5063,"length":64.4285,"mcpPosition":[24.5863,291.595,-10.9226],"pipPosition":[13.1857,263.087,-43.3813],"stabilizedTipPosition":[8.80598,230.003,-19.007],"timeVisible":35.2803,"tipPosition":[6.31557,232.381,-17.8373],"tipVelocity":[-28.1161,12.2671,6.28382],"tool":false,"touchDistance":0.333333,"touchZone":"none","type":3,"width":18.077},{"bases":[[[0.867007,-0.492603,-0.0751013],[0.399669,0.597449,0.695212],[-0.297594,-0.632769,0.714871]],[[0.889973,-0.434578,-0.138169],[0.264203,0.738347,-0.620517],[0.37168,0.515738,0.771925]],[[0.889973,-0.434578,-0.138169],[-0.313878,-0.363984,-0.876924],[0.330801,0.823807,-0.46034]],[[0.889973,-0.434578,-0.138169],[-0.443896,-0.756214,-0.480725],[0.104427,0.489165,-0.865917]]],"btipPosition":[21.8596,238.551,-12.2925],"carpPosition":[26.0159,244.641,32.5247],"dipPosition":[23.6596,246.983,-27.2182],"direction":[-0.330801,-0.823807,0.46034],"extended":false,"handId":506,"id":5064,"length":50.5107,"mcpPosition":[43.272,281.332,-8.92725],"pipPosition":[30.1297,263.096,-36.2219],"stabilizedTipPosition":[24.1894,238.172,-17.3651],"timeVisible":35.2803,"tipPosition":[22.0725,240.223,-16.153],"tipVelocity":[-21.9655,9.93521,12.5905],"tool":false,"touchDistance":0.333333,"touchZone":"none","type":4,"width":16.0574}],"r":[[0.983482,-0.0907476,0.156617],[0.0872244,0.99576,0.0292379],[-0.158606,-0.0150941,0.987227]],"s":1.15248,"t":[19.1895,14.3756,-8.00115],"timestamp":97849753750},false],[5,{"currentFrameRate":103.808,"devices":[],"gestures":[],"hands":[{"armBasis":[[0.945379,0.0503228,-0.322065],[0.0677713,0.936081,0.345196],[0.31885,-0.348168,0.88154]],"armWidth":63.72,"confidence":0.598556,"direction":[0.0462327,0.74959,-0.660286],"elbow":[95.9907,143.897,275.124],"grabStrength":0.516597,"id":506,"palmNormal":[-0.0520198,-0.658289,-0.750965],"palmPosition":[4.56865,276.062,-1.72599],"palmVelocity":[-16.4011,4.29224,4.97322],"palmWidth":90.99,"pinchStrength":0.608829,"r":[[0.983553,-0.092816,0.154947],[0.0891585,0.995553,0.030405],[-0.15708,-0.0160901,0.987455]],"s":1.15137,"sphereCenter":[11.5239,254,-46.8194],"sphereRadius":46.1664,"stabilizedPalmPosition":[7.4307,272.371,-5.24208],"t":[19.0366,14.4114,-7.97868],"timeVisible":35.29,"type":"right","wrist":[9.90107,237.902,37.1084]}],"id":1802258,"interactionBox":{"center":[0,200,0],"size":[235.247,235.247,147.751]},"pointables":[{"bases":[[[0.456971,0.707269,0.539396],[-0.797622,0.0574428,0.600417],[0.393672,-0.704607,0.590383]],[[0.367702,0.835394,0.408549],[-0.876945,0.165298,0.45127],[0.309456,-0.524208,0.793375]],[[0.367702,0.835394,0.408549],[-0.908774,0.416004,-0.032723],[-0.197295,-0.359246,0.91215]],[[0.367702,0.835394,0.408549],[-0.929609,0.318417,0.185572],[0.0249366,-0.448026,0.893673]]],"btipPosition":[-28.5619,279.098,-60.1174],"carpPosition":[-19.2579,230.196,31.5014],"dipPosition":[-27.9783,268.612,-39.2022],"direction":[0.197295,0.359246,-0.91215],"extended":false,"handId":506,"id":5060,"length":52.1164,"mcpPosition":[-19.2579,230.196,31.5014],"pipPosition":[-34.7052,256.364,-8.10192],"stabilizedTipPosition":[-27.9969,276.542,-55.3551],"timeVisible":35.29,"tipPosition":[-28.2631,277.035,-54.8826],"tipVelocity":[-28.361,11.3468,4.58663],"tool":false,"touchDistance":-0.124511,"touchZone":"touching","type":0,"width":20.25},{"bases":[[[0.991176,0.0577709,-0.119301],[0.0333588,0.762343,0.646313],[0.128286,-0.64459,0.753688]],[[0.974297,0.119343,-0.191055],[-0.119911,0.992747,0.00862682],[0.190699,0.0145046,0.981541]],[[0.974297,0.119343,-0.191055],[-0.161402,0.961482,-0.22249],[0.157144,0.247608,0.956032]],[[0.974297,0.119343,-0.191055],[-0.182575,0.915148,-0.359403],[0.131952,0.385047,0.913415]]],"btipPosition":[-33.3838,284.768,-97.2809],"carpPosition":[-9.70023,250.532,39.0509],"dipPosition":[-31.1293,291.346,-81.6747],"direction":[-0.157144,-0.247608,-0.956032],"extended":true,"handId":506,"id":5061,"length":58.8075,"mcpPosition":[-19.1382,297.954,-16.3976],"pipPosition":[-27.3311,297.331,-58.567],"stabilizedTipPosition":[-31.4962,286.688,-94.9531],"timeVisible":35.29,"tipPosition":[-33.0779,287.703,-93.802],"tipVelocity":[-23.4884,-14.6196,17.5282],"tool":false,"touchDistance":-0.0694641,"touchZone":"touching","type":1,"width":19.3428},{"bases":[[[0.979088,-0.16066,-0.124799],[0.203257,0.746798,0.63323],[-0.00853502,-0.645354,0.763836]],[[0.978867,-0.140117,-0.148955],[0.00185218,0.734429,-0.678682],[0.204492,0.664064,0.719168]],[[0.978867,-0.140117,-0.148955],[-0.198386,-0.473863,-0.857961],[0.0496307,0.86938,-0.491646]],[[0.978867,-0.140117,-0.148955],[-0.19418,-0.865307,-0.462101],[-0.0641434,0.48126,-0.874228]]],"btipPosition":[-7.11271,232.164,-19.2924],"carpPosition":[2.35433,252.913,38.254],"dipPosition":[-8.31809,241.208,-35.7209],"direction":[-0.0496307,-0.86938,0.491646],"extended":false,"handId":506,"id":5062,"length":67.0064,"mcpPosition":[2.94981,297.938,-15.0373],"pipPosition":[-6.90677,265.93,-49.7015],"stabilizedTipPosition":[-5.11935,231.748,-23.8647],"timeVisible":35.29,"tipPosition":[-7.42344,233.874,-23.2035],"tipVelocity":[-28.656,17.9113,2.6575],"tool":false,"touchDistance":0.333333,"touchZone":"none","type":2,"width":18.9972},{"bases":[[[0.949034,-0.309714,-0.0584119],[0.272313,0.712458,0.646722],[-0.158683,-0.629667,0.760486]],[[0.954205,-0.286463,-0.086204],[0.15283,0.714521,-0.682717],[0.257168,0.638277,0.72558]],[[0.954205,-0.286463,-0.086204],[-0.213452,-0.450073,-0.867106],[0.209596,0.845797,-0.490608]],[[0.954205,-0.286463,-0.086204],[-0.292114,-0.830091,-0.474993],[0.0645108,0.478422,-0.875757]]],"btipPosition":[5.9517,230.706,-13.4302],"carpPosition":[14.5135,252.151,36.6718],"dipPosition":[7.15702,239.645,-29.7928],"direction":[-0.209596,-0.845797,0.490608],"extended":false,"handId":506,"id":5063,"length":64.4285,"mcpPosition":[24.4534,291.593,-10.965],"pipPosition":[12.9632,263.075,-43.3836],"stabilizedTipPosition":[8.63681,230.184,-18.8879],"timeVisible":35.29,"tipPosition":[6.10732,232.456,-17.7422],"tipVelocity":[-26.0498,11.2038,7.665],"tool":false,"touchDistance":0.333333,"touchZone":"none","type":3,"width":18.077},{"bases":[[[0.866162,-0.493943,-0.0760503],[0.401512,0.597165,0.694393],[-0.297576,-0.631992,0.715566]],[[0.889129,-0.435981,-0.139176],[0.264369,0.737523,-0.621425],[0.373575,0.515734,0.771013]],[[0.889129,-0.435981,-0.139176],[-0.316345,-0.365724,-0.875312],[0.330719,0.822294,-0.463096]],[[0.889129,-0.435981,-0.139176],[-0.445987,-0.757187,-0.477245],[0.102687,0.486403,-0.867679]]],"btipPosition":[21.6785,238.599,-12.239],"carpPosition":[25.8713,244.656,32.5019],"dipPosition":[23.4485,246.983,-27.1951],"direction":[-0.330719,-0.822294,0.463096],"extended":false,"handId":506,"id":5064,"length":50.5107,"mcpPosition":[43.1263,281.302,-8.99027],"pipPosition":[29.917,263.067,-36.2527],"stabilizedTipPosition":[24.0841,238.29,-17.2807],"timeVisible":35.29,"tipPosition":[21.881,240.257,-16.1132],"tipVelocity":[-21.2532,8.16755,10.3336],"tool":false,"touchDistance":0.333333,"touchZone":"none","type":4,"width":16.0574}],"r":[[0.983553,-0.092816,0.154947],[0.0891585,0.995553,0.030405],[-0.15708,-0.0160901,0.987455]],"s":1.15137,"t":[19.0366,14.4114,-7.97868],"timestamp":97849763383},false],[6,{"currentFrameRate":103.831,"devices":[],"gestures":[],"hands":[{"armBasis":[[0.945043,0.0489255,-0.323264],[0.0692533,0.936349,0.344173],[0.319527,-0.347645,0.881502]],"armWidth":63.72,"confidence":0.600233,"direction":[0.0464108,0.749302,-0.6606],"elbow":[96.0351,144.072,275.123],"grabStrength":0.52239,"id":506,"palmNormal":[-0.053598,-0.658492,-0.750677],"palmPosition":[4.43401,276.09,-1.72496],"palmVelocity":[-15.7184,3.87478,3.56408],"palmWidth":90.99,"pinchStrength":0.612967,"r":[[0.983616,-0.09469,0.153406],[0.0909479,0.995365,0.0312466],[-0.155653,-0.0167827,0.987669]],"s":1.15034,"sphereCenter":[11.3984,254.003,-46.7858],"sphereRadius":46.1449,"stabilizedPalmPosition":[7.30603,272.526,-5.09577],"t":[18.8928,14.443,-7.96693],"timeVisible":35.2996,"type":"right","wrist":[9.76294,237.937,37.1172]}],"id":1802259,"interactionBox":{"center":[0,200,0],"size":[235.247,235.247,147.751]},"pointables":[{"bases":[[[0.45838,0.706919,0.538658],[-0.796911,0.0585947,0.601248],[0.393471,-0.704863,0.590211]],[[0.368795,0.835478,0.40739],[-0.876806,0.167204,0.450837],[0.308547,-0.523469,0.794216]],[[0.368795,0.835478,0.40739],[-0.908495,0.416663,-0.032067],[-0.196536,-0.358286,0.912691]],[[0.368795,0.835478,0.40739],[-0.929023,0.317118,0.190662],[0.0301034,-0.44879,0.89313]]],"btipPosition":[-28.8165,279.113,-60.1225],"carpPosition":[-19.4111,230.263,31.5441],"dipPosition":[-28.112,268.61,-39.22],"direction":[0.196536,0.358286,-0.912691],"extended":false,"handId":506,"id":5060,"length":52.1164,"mcpPosition":[-19.4111,230.263,31.5441],"pipPosition":[-34.813,256.394,-8.10126],"stabilizedTipPosition":[-28.2488,276.601,-55.3397],"timeVisible":35.2996,"tipPosition":[-28.4799,277.049,-54.8857],"tipVelocity":[-26.9984,8.40144,3.01596],"tool":false,"touchDistance":-0.124645,"touchZone":"touching","type":0,"width":20.25},{"bases":[[[0.991115,0.0565602,-0.12038],[0.0349479,0.76253,0.646008],[0.128331,-0.644475,0.753779]],[[0.974197,0.118227,-0.192255],[-0.119498,0.992822,0.00501334],[0.191467,0.0180901,0.981332]],[[0.974197,0.118227,-0.192255],[-0.161386,0.960386,-0.227187],[0.157779,0.252353,0.954685]],[[0.974197,0.118227,-0.192255],[-0.182728,0.913145,-0.364385],[0.132476,0.390113,0.911187]]],"btipPosition":[-33.5656,284.462,-97.1827],"carpPosition":[-9.82138,250.591,39.0762],"dipPosition":[-31.3022,291.128,-81.6145],"direction":[-0.157779,-0.252353,-0.954685],"extended":true,"handId":506,"id":5061,"length":58.8075,"mcpPosition":[-19.2627,298.004,-16.379],"pipPosition":[-27.4886,297.227,-58.5394],"stabilizedTipPosition":[-31.7017,286.596,-94.7739],"timeVisible":35.2996,"tipPosition":[-33.2521,287.414,-93.7195],"tipVelocity":[-22.1156,-19.0035,15.1542],"tool":false,"touchDistance":-0.0679732,"touchZone":"touching","type":1,"width":19.3428},{"bases":[[[0.978764,-0.161858,-0.125788],[0.204814,0.74678,0.632748],[-0.0084796,-0.645074,0.764073]],[[0.978544,-0.141397,-0.149864],[0.00221442,0.734531,-0.678572],[0.206028,0.66368,0.719084]],[[0.978544,-0.141397,-0.149864],[-0.19991,-0.47545,-0.856728],[0.049886,0.868305,-0.493515]],[[0.978544,-0.141397,-0.149864],[-0.195529,-0.866625,-0.459053],[-0.0649674,0.478506,-0.875678]]],"btipPosition":[-7.30161,232.29,-19.2129],"carpPosition":[2.23513,252.957,38.2655],"dipPosition":[-8.52248,241.282,-35.6686],"direction":[-0.049886,-0.868305,0.493515],"extended":false,"handId":506,"id":5062,"length":67.0064,"mcpPosition":[2.82673,297.963,-15.0423],"pipPosition":[-7.1039,265.973,-49.7024],"stabilizedTipPosition":[-5.34475,231.987,-23.7853],"timeVisible":35.2996,"tipPosition":[-7.62042,233.974,-23.1419],"tipVelocity":[-26.1711,16.15,4.09988],"tool":false,"touchDistance":0.333333,"touchZone":"none","type":2,"width":18.9972},{"bases":[[[0.948605,-0.310854,-0.0593159],[0.273844,0.712364,0.646179],[-0.158613,-0.629212,0.760877]],[[0.953787,-0.287552,-0.0872005],[0.152672,0.713704,-0.683606],[0.258808,0.638702,0.724623]],[[0.953787,-0.287552,-0.0872005],[-0.215526,-0.452466,-0.865346],[0.209377,0.84415,-0.493531]],[[0.953787,-0.287552,-0.0872005],[-0.293798,-0.831559,-0.471373],[0.0630319,0.475209,-0.877612]]],"btipPosition":[5.78591,230.794,-13.2975],"carpPosition":[14.3917,252.18,36.6707],"dipPosition":[6.9636,239.672,-29.6948],"direction":[-0.209377,-0.84415,0.493531],"extended":false,"handId":506,"id":5063,"length":64.4285,"mcpPosition":[24.3272,291.594,-10.9907],"pipPosition":[12.7637,263.057,-43.3666],"stabilizedTipPosition":[8.47233,230.353,-18.772],"timeVisible":35.2996,"tipPosition":[5.92938,232.526,-17.6316],"tipVelocity":[-23.7058,10.1801,9.21315],"tool":false,"touchDistance":0.333333,"touchZone":"none","type":3,"width":18.077},{"bases":[[[0.865498,-0.49499,-0.0768006],[0.402957,0.596936,0.693753],[-0.297556,-0.631389,0.716106]],[[0.888487,-0.437011,-0.140041],[0.264269,0.736735,-0.622401],[0.37517,0.515987,0.770068]],[[0.888487,-0.437011,-0.140041],[-0.318696,-0.368027,-0.873493],[0.330187,0.820718,-0.466261]],[[0.888487,-0.437011,-0.140041],[-0.447737,-0.758617,-0.473319],[0.100608,0.48324,-0.869688]]],"btipPosition":[21.5321,238.655,-12.1511],"carpPosition":[25.7362,244.671,32.4913],"dipPosition":[23.2663,246.985,-27.1418],"direction":[-0.330187,-0.820718,0.466261],"extended":false,"handId":506,"id":5064,"length":50.5107,"mcpPosition":[42.99,281.282,-9.03227],"pipPosition":[29.7243,263.037,-36.2613],"stabilizedTipPosition":[23.9797,238.4,-17.1992],"timeVisible":35.2996,"tipPosition":[21.7213,240.298,-16.0464],"tipVelocity":[-19.7702,7.10613,9.75602],"tool":false,"touchDistance":0.333333,"to