{"sensorType":"Leap","data":[[0,{"currentFrameRate":98.1291,"devices":[],"gestures":[],"hands":[{"armBasis":[[0.885949,-0.18407,-0.42569],[0.342674,0.878308,0.333392],[0.31252,-0.441241,0.841212]],"armWidth":63.72,"confidence":0.443059,"direction":[0.141639,0.798252,-0.585434],"elbow":[88.7104,94.875,261.746],"grabStrength":0.400986,"id":506,"palmNormal":[-0.317397,-0.523552,-0.790666],"palmPosition":[3.45986,257.124,0.956021],"palmVelocity":[-7.96244,-21.8363,4.09474],"palmWidth":90.99,"pinchStrength":0.505232,"r":[[0.944189,-0.327419,-0.0361158],[0.329289,0.935264,0.12981],[-0.00872449,-0.134458,0.990881]],"s":1.11667,"sphereCenter":[0.0676151,238.525,-48.6078],"sphereRadius":47.6583,"stabilizedPalmPosition":[6.33653,256.236,-5.58105],"t":[17.8595,-4.2258,-5.3175],"timeVisible":24.3558,"type":"right","wrist":[4.33001,214.01,34.6191]}],"id":1801154,"interactionBox":{"center":[0,200,0],"size":[235.247,235.247,147.751]},"pointables":[{"bases":[[[0.688837,0.504209,0.520843],[-0.667952,0.162282,0.726295],[0.281681,-0.848197,0.448573]],[[0.612443,0.674309,0.412579],[-0.747466,0.324083,0.579884],[0.257311,-0.663535,0.702505]],[[0.612443,0.674309,0.412579],[-0.786878,0.570017,0.23644],[-0.0757437,-0.469456,0.879701]],[[0.612443,0.674309,0.412579],[-0.760363,0.645256,0.0741117],[-0.216245,-0.359099,0.907902]]],"btipPosition":[-31.5142,271.647,-53.1174],"carpPosition":[-26.3133,214.114,33.1921],"dipPosition":[-36.5751,263.242,-31.8692],"direction":[0.0757437,0.469456,-0.879701],"extended":false,"handId":506,"id":5060,"length":52.1164,"mcpPosition":[-26.3133,214.114,33.1921],"pipPosition":[-39.1576,247.236,-1.87529],"stabilizedTipPosition":[-31.5786,270.505,-48.9199],"timeVisible":24.3558,"tipPosition":[-32.321,269.507,-48.3503],"tipVelocity":[-19.4614,-24.741,8.14503],"tool":false,"touchDistance":0.111788,"touchZone":"hovering","type":0,"width":20.25},{"bases":[[[0.948126,-0.159548,-0.274958],[0.311244,0.641909,0.700771],[0.0646915,-0.749998,0.658269]],[[0.947679,-0.154604,-0.279289],[0.207141,0.963515,0.169501],[0.242894,-0.218485,0.945128]],[[0.947679,-0.154604,-0.279289],[0.161382,0.986891,0.00129457],[0.275428,-0.0462992,0.960206]],[[0.947679,-0.154604,-0.279289],[0.129676,0.985902,-0.105743],[0.2917,0.0639937,0.954367]]],"btipPosition":[-37.8647,295.08,-87.6056],"carpPosition":[-11.029,230.491,40.9424],"dipPosition":[-32.8809,296.174,-71.2997],"direction":[-0.275428,0.0462992,-0.960206],"extended":true,"handId":506,"id":5061,"length":58.8075,"mcpPosition":[-15.7883,285.668,-7.48616],"pipPosition":[-26.2237,295.055,-48.0911],"stabilizedTipPosition":[-36.3399,296.011,-83.9775],"timeVisible":24.3558,"tipPosition":[-36.7775,296.331,-83.6513],"tipVelocity":[-16.5921,-30.1267,5.04602],"tool":false,"touchDistance":0.151616,"touchZone":"hovering","type":1,"width":19.3428},{"bases":[[[0.881104,-0.366485,-0.298904],[0.4684,0.589073,0.658479],[-0.0652466,-0.720196,0.690696]],[[0.878087,-0.392883,-0.273143],[0.185899,0.806087,-0.56184],[0.440914,0.442567,0.780851]],[[0.878087,-0.392883,-0.273143],[-0.289667,0.0179023,-0.95696],[0.380863,0.919414,-0.0980856]],[[0.878087,-0.392883,-0.273143],[-0.429404,-0.395124,-0.812089],[0.211131,0.830373,-0.515659]]],"btipPosition":[-30.4864,217.247,-34.948],"carpPosition":[1.01166,230.082,38.3984],"dipPosition":[-26.5188,232.852,-44.6383],"direction":[-0.380863,-0.919414,0.0980856],"extended":false,"handId":506,"id":5062,"length":67.0064,"mcpPosition":[5.56379,280.329,-9.79013],"pipPosition":[-15.6885,258.997,-47.4275],"stabilizedTipPosition":[-25.8418,219.173,-42.6934],"timeVisible":24.3558,"tipPosition":[-29.5871,221.176,-37.7224],"tipVelocity":[-27.8501,-21.6581,20.8464],"tool":false,"touchDistance":0.333333,"touchZone":"none","type":2,"width":18.9972},{"bases":[[[0.824065,-0.511831,-0.242788],[0.527835,0.538125,0.657124],[-0.205686,-0.669664,0.713613]],[[0.823911,-0.512331,-0.242254],[0.258209,0.719886,-0.644276],[0.504478,0.468274,0.725411]],[[0.823911,-0.512331,-0.242254],[-0.37243,-0.167285,-0.912859],[0.42716,0.842338,-0.328635]],[[0.823911,-0.512331,-0.242254],[-0.531058,-0.54873,-0.645657],[0.197858,0.660615,-0.724182]]],"btipPosition":[-12.9275,212.071,-19.7067],"carpPosition":[12.2582,226.723,34.7705],"dipPosition":[-9.23069,224.414,-33.2374],"direction":[-0.42716,-0.842338,0.328635],"extended":false,"handId":506,"id":5063,"length":64.4285,"mcpPosition":[25.1424,268.671,-9.93015],"pipPosition":[2.60251,247.749,-42.3412],"stabilizedTipPosition":[-9.51228,212.705,-31.5812],"timeVisible":24.3558,"tipPosition":[-12.4045,214.794,-23.7216],"tipVelocity":[-22.0522,-20.6516,27.2429],"tool":false,"touchDistance":0.333333,"touchZone":"none","type":3,"width":18.077},{"bases":[[[0.696103,-0.667728,-0.263779],[0.629322,0.390674,0.671809],[-0.345534,-0.63365,0.692166]],[[0.677811,-0.698804,-0.228572],[0.441976,0.635706,-0.632878],[0.587562,0.327948,0.739743]],[[0.677811,-0.698804,-0.228572],[-0.383636,-0.0709411,-0.920756],[0.627213,0.711786,-0.316171]],[[0.677811,-0.698804,-0.228572],[-0.637019,-0.402933,-0.657154],[0.367123,0.591031,-0.718264]]],"btipPosition":[1.36185,218.441,-19.6267],"carpPosition":[20.6973,217.403,28.1009],"dipPosition":[7.68988,228.628,-32.0073],"direction":[-0.627213,-0.711786,0.316171],"extended":false,"handId":506,"id":5064,"length":50.5107,"mcpPosition":[40.7332,254.146,-12.0345],"pipPosition":[19.9574,242.55,-38.1912],"stabilizedTipPosition":[5.60301,217.637,-30.4507],"timeVisible":24.3558,"tipPosition":[2.50805,220.691,-23.1288],"tipVelocity":[-19.6119,-26.0683,17.0331],"tool":false,"touchDistance":0.333333,"touchZone":"none","type":4,"width":16.0574}],"r":[[0.944189,-0.327419,-0.0361158],[0.329289,0.935264,0.12981],[-0.00872449,-0.134458,0.990881]],"s":1.11667,"t":[17.8595,-4.2258,-5.3175],"timestamp":97838829216},false],[1,{"currentFrameRate":98.2893,"devices":[],"gestures":[],"hands":[{"armBasis":[[0.885253,-0.187125,-0.425807],[0.344965,0.878226,0.331237],[0.311972,-0.440117,0.842004]],"armWidth":63.72,"confidence":0.443524,"direction":[0.141554,0.797357,-0.586673],"elbow":[88.5146,95.0304,262.041],"grabStrength":0.400154,"id":506,"palmNormal":[-0.320233,-0.523891,-0.789296],"palmPosition":[3.40227,256.94,0.990563],"palmVelocity":[-7.33419,-20.9034,3.91984],"palmWidth":90.99,"pinchStrength":0.505057,"r":[[0.943394,-0.32953,-0.0376522],[0.331605,0.93478,0.127373],[-0.00677667,-0.132648,0.99114]],"s":1.11713,"sphereCenter":[-0.0922088,238.272,-48.5604],"sphereRadius":47.69,"stabilizedPalmPosition":[6.17579,256.275,-5.22106],"t":[17.7884,-4.45058,-5.27858],"timeVisible":24.3657,"type":"right","wrist":[4.282,213.862,34.6996]}],"id":1801155,"interactionBox":{"center":[0,200,0],"size":[235.247,235.247,147.751]},"pointables":[{"bases":[[[0.690974,0.503615,0.518583],[-0.665884,0.164228,0.727755],[0.281342,-0.848175,0.448826]],[[0.614483,0.673927,0.410162],[-0.745621,0.326207,0.581067],[0.257799,-0.662881,0.702943]],[[0.614483,0.673927,0.410162],[-0.785515,0.570961,0.238685],[-0.07333,-0.468856,0.880225]],[[0.614483,0.673927,0.410162],[-0.759623,0.645797,0.0769356],[-0.213032,-0.358844,0.908762]]],"btipPosition":[-31.7473,271.49,-53.0215],"carpPosition":[-26.3645,214.016,33.3478],"dipPosition":[-36.733,263.092,-31.7532],"direction":[0.07333,0.468856,-0.880225],"extended":false,"handId":506,"id":5060,"length":52.1164,"mcpPosition":[-26.3645,214.016,33.3478],"pipPosition":[-39.2332,247.106,-1.74138],"stabilizedTipPosition":[-31.7823,270.359,-48.7976],"timeVisible":24.3657,"tipPosition":[-32.5275,269.35,-48.2421],"tipVelocity":[-20.1824,-22.074,8.7544],"tool":false,"touchDistance":0.113464,"touchZone":"hovering","type":0,"width":20.25},{"bases":[[[0.947173,-0.161469,-0.277112],[0.31406,0.642158,0.699285],[0.0650369,-0.749373,0.658946]],[[0.946779,-0.157108,-0.28094],[0.209754,0.963168,0.168255],[0.244158,-0.218229,0.944861]],[[0.946779,-0.157108,-0.28094],[0.163846,0.986486,0.000503952],[0.277064,-0.0465081,0.959725]],[[0.946779,-0.157108,-0.28094],[0.13201,0.985537,-0.106254],[0.29357,0.0635126,0.953825]]],"btipPosition":[-38.0203,294.922,-87.5233],"carpPosition":[-11.0334,230.376,41.0423],"dipPosition":[-33.0045,296.007,-71.2266],"direction":[-0.277064,0.0465081,-0.959725],"extended":true,"handId":506,"id":5061,"length":58.8075,"mcpPosition":[-15.8181,285.507,-7.43613],"pipPosition":[-26.3077,294.883,-48.0296],"stabilizedTipPosition":[-36.4863,295.777,-83.9212],"timeVisible":24.3657,"tipPosition":[-36.9412,296.112,-83.5757],"tipVelocity":[-16.1316,-26.0233,5.96323],"tool":false,"touchDistance":0.152953,"touchZone":"hovering","type":1,"width":19.3428},{"bases":[[[0.879741,-0.368318,-0.300662],[0.471021,0.589007,0.656666],[-0.0647701,-0.719314,0.691659]],[[0.876742,-0.394683,-0.274862],[0.185875,0.805132,-0.563216],[0.443592,0.442705,0.779255]],[[0.876742,-0.394683,-0.274862],[-0.292001,0.0173063,-0.956261],[0.382177,0.918654,-0.100075]],[[0.876742,-0.394683,-0.274862],[-0.432078,-0.395312,-0.810578],[0.211265,0.82943,-0.51712]]],"btipPosition":[-30.7,217.08,-34.7836],"carpPosition":[1.00031,229.944,38.469],"dipPosition":[-26.7299,232.667,-44.5013],"direction":[-0.382177,-0.918655,0.100075],"extended":false,"handId":506,"id":5062,"length":67.0064,"mcpPosition":[5.51919,280.129,-9.78666],"pipPosition":[-15.8621,258.79,-47.3471],"stabilizedTipPosition":[-25.8883,219.19,-42.6265],"timeVisible":24.3657,"tipPosition":[-29.8008,221.003,-37.5619],"tipVelocity":[-25.9995,-20.3866,19.4228],"tool":false,"touchDistance":0.333333,"touchZone":"none","type":2,"width":18.9972},{"bases":[[[0.822593,-0.513504,-0.244242],[0.530366,0.537957,0.655221],[-0.205066,-0.668518,0.714865]],[[0.822418,-0.514073,-0.243634],[0.257825,0.718577,-0.64589],[0.507104,0.468377,0.723512]],[[0.822418,-0.514073,-0.243634],[-0.375531,-0.168892,-0.911291],[0.427322,0.840955,-0.331951]],[[0.822418,-0.514073,-0.243634],[-0.533949,-0.549778,-0.642373],[0.196282,0.658387,-0.726636]]],"btipPosition":[-13.0847,211.913,-19.5159],"carpPosition":[12.2322,226.562,34.8173],"dipPosition":[-9.41732,224.215,-33.0923],"direction":[-0.427322,-0.840955,0.331951],"extended":false,"handId":506,"id":5063,"length":64.4285,"mcpPosition":[25.0775,268.438,-9.96183],"pipPosition":[2.42035,247.511,-42.288],"stabilizedTipPosition":[-9.51537,212.707,-31.571],"timeVisible":24.3657,"tipPosition":[-12.5676,214.624,-23.5299],"tipVelocity":[-20.4468,-19.5676,24.5908],"tool":false,"touchDistance":0.333333,"touchZone":"none","type":3,"width":18.077},{"bases":[[[0.694315,-0.669206,-0.264744],[0.631638,0.39035,0.669821],[-0.344905,-0.63229,0.693722]],[[0.676188,-0.700005,-0.229702],[0.441276,0.634495,-0.63458],[0.589954,0.327733,0.737933]],[[0.676188,-0.700005,-0.229702],[-0.386761,-0.0719163,-0.919372],[0.627045,0.710508,-0.319364]],[[0.676188,-0.700005,-0.229702],[-0.639842,-0.403434,-0.654097],[0.365202,0.589266,-0.72069]]],"btipPosition":[1.21889,218.241,-19.5122],"carpPosition":[20.6389,217.22,28.1373],"dipPosition":[7.5138,228.399,-31.9346],"direction":[-0.627045,-0.710508,0.319364],"extended":false,"handId":506,"id":5064,"length":50.5107,"mcpPosition":[40.6383,253.884,-12.0883],"pipPosition":[19.7781,242.295,-38.181],"stabilizedTipPosition":[5.58265,217.657,-30.3947],"timeVisible":24.3657,"tipPosition":[2.35449,220.486,-23.0154],"tipVelocity":[-18.3274,-24.5395,15.1374],"tool":false,"touchDistance":0.333333,"touchZone":"none","type":4,"width":16.0574}],"r":[[0.943394,-0.32953,-0.0376522],[0.331605,0.93478,0.127373],[-0.00677667,-0.132648,0.99114]],"s":1.11713,"t":[17.7884,-4.45058,-5.27858],"timestamp":97838839072},false],[2,{"currentFrameRate":98.4058,"devices":[],"gestures":[],"hands":[{"armBasis":[[0.884723,-0.189418,-0.425893],[0.346683,0.878162,0.32961],[0.311569,-0.439264,0.842598]],"armWidth":63.72,"confidence":0.440732,"direction":[0.141485,0.796683,-0.587603],"elbow":[88.3698,95.1493,262.262],"grabStrength":0.40009,"id":506,"palmNormal":[-0.322364,-0.524143,-0.788262],"palmPosition":[3.35897,256.801,1.01654],"palmVelocity":[-6.4471,-18.8283,3.53074],"palmWidth":90.99,"pinchStrength":0.505283,"r":[[0.942653,-0.331468,-0.0391709],[0.333739,0.934323,0.125139],[-0.00488144,-0.131036,0.991366]],"s":1.11758,"sphereCenter":[-0.201985,238.077,-48.528],"sphereRadius":47.7186,"stabilizedPalmPosition":[6.01322,256.305,-4.86106],"t":[17.7312,-4.63222,-5.24614],"timeVisible":24.3756,"type":"right","wrist":[4.24617,213.751,34.76]}],"id":1801156,"interactionBox":{"center":[0,200,0],"size":[235.247,235.247,147.751]},"pointables":[{"bases":[[[0.692576,0.503165,0.516879],[-0.664324,0.165688,0.728849],[0.281091,-0.848158,0.449016]],[[0.61596,0.673726,0.408272],[-0.7442,0.327664,0.582067],[0.258378,-0.662366,0.703215]],[[0.61596,0.673726,0.408272],[-0.784572,0.571346,0.240854],[-0.0709954,-0.468675,0.880513]],[[0.61596,0.673726,0.408272],[-0.75903,0.646288,0.0786507],[-0.210872,-0.358336,0.909466]]],"btipPosition":[-31.9444,271.373,-52.9443],"carpPosition":[-26.4026,213.943,33.4649],"dipPosition":[-36.8795,262.987,-31.6595],"direction":[0.0709954,0.468675,-0.880513],"extended":false,"handId":506,"id":5060,"length":52.1164,"mcpPosition":[-26.4026,213.943,33.4649],"pipPosition":[-39.3002,247.007,-1.6379],"stabilizedTipPosition":[-31.9798,270.219,-48.6836],"timeVisible":24.3756,"tipPosition":[-32.7016,269.236,-48.1562],"tipVelocity":[-19.7329,-18.9237,8.57527],"tool":false,"touchDistance":0.114813,"touchZone":"hovering","type":0,"width":20.25},{"bases":[[[0.946451,-0.162912,-0.27873],[0.316175,0.642342,0.698162],[0.0653013,-0.748904,0.659454]],[[0.946093,-0.158953,-0.28221],[0.211606,0.962981,0.167004],[0.245217,-0.217719,0.944705]],[[0.946093,-0.158953,-0.28221],[0.165546,0.986202,-0.000489718],[0.278394,-0.0462554,0.959353]],[[0.946093,-0.158953,-0.28221],[0.133592,0.985236,-0.107069],[0.295062,0.0635962,0.953359]]],"btipPosition":[-38.1458,294.771,-87.462],"carpPosition":[-11.0363,230.29,41.1172],"dipPosition":[-33.1045,295.858,-71.1733],"direction":[-0.278394,0.0462554,-0.959353],"extended":true,"handId":506,"id":5061,"length":58.8075,"mcpPosition":[-15.8405,285.386,-7.39853],"pipPosition":[-26.3756,294.74,-47.9853],"stabilizedTipPosition":[-36.6194,295.576,-83.8664],"timeVisible":24.3756,"tipPosition":[-37.0696,295.934,-83.5186],"tipVelocity":[-14.9136,-22.7712,5.97035],"tool":false,"touchDistance":0.153944,"touchZone":"hovering","type":1,"width":19.3428},{"bases":[[[0.878711,-0.369694,-0.301981],[0.472989,0.588954,0.655297],[-0.0644064,-0.718651,0.692382]],[[0.875726,-0.396034,-0.276154],[0.185849,0.804411,-0.564255],[0.445605,0.44281,0.778046]],[[0.875726,-0.396034,-0.276154],[-0.29376,0.0168554,-0.955731],[0.383156,0.918081,-0.101578]],[[0.875726,-0.396034,-0.276154],[-0.434087,-0.395454,-0.809435],[0.211357,0.828718,-0.518223]]],"btipPosition":[-30.8602,216.955,-34.6592],"carpPosition":[0.992006,229.84,38.522],"dipPosition":[-26.8884,232.528,-44.3977],"direction":[-0.383156,-0.918081,0.101578],"extended":false,"handId":506,"id":5062,"length":67.0064,"mcpPosition":[5.48551,279.979,-9.78407],"pipPosition":[-15.9928,258.635,-47.2862],"stabilizedTipPosition":[-25.9378,219.207,-42.5566],"timeVisible":24.3756,"tipPosition":[-29.9612,220.872,-37.44],"tipVelocity":[-23.0466,-18.1714,17.2204],"tool":false,"touchDistance":0.333333,"touchZone":"none","type":2,"width":18.9972},{"bases":[[[0.821483,-0.514759,-0.245334],[0.532266,0.537827,0.653785],[-0.204594,-0.667656,0.715804]],[[0.82129,-0.515389,-0.244659],[0.257526,0.717572,-0.647125],[0.509081,0.468471,0.722061]],[[0.82129,-0.515389,-0.244659],[-0.377939,-0.170255,-0.910041],[0.427371,0.839874,-0.334614]],[[0.82129,-0.515389,-0.244659],[-0.536165,-0.550719,-0.639716],[0.194964,0.656569,-0.728633]]],"btipPosition":[-13.1987,211.798,-19.3638],"carpPosition":[12.2128,226.44,34.8524],"dipPosition":[-9.55599,224.065,-32.9775],"direction":[-0.427371,-0.839874,0.334614],"extended":false,"handId":506,"id":5063,"length":64.4285,"mcpPosition":[25.0286,268.262,-9.98564],"pipPosition":[2.28302,247.331,-42.247],"stabilizedTipPosition":[-9.51963,212.71,-31.5575],"timeVisible":24.3756,"tipPosition":[-12.6856,214.499,-23.3749],"tipVelocity":[-17.9435,-17.4398,21.5668],"tool":false,"touchDistance":0.333333,"touchZone":"none","type":3,"width":18.077},{"bases":[[[0.692968,-0.670314,-0.265468],[0.633376,0.390103,0.668322],[-0.344426,-0.631267,0.69489]],[[0.674965,-0.700907,-0.230549],[0.440737,0.63358,-0.635868],[0.591755,0.327577,0.736559]],[[0.674965,-0.700907,-0.230549],[-0.389018,-0.0725414,-0.918369],[0.626967,0.709554,-0.321628]],[[0.674965,-0.700907,-0.230549],[-0.641879,-0.403677,-0.651947],[0.363887,0.588026,-0.722365]]],"btipPosition":[1.10785,218.09,-19.4309],"carpPosition":[20.5952,217.082,28.1647],"dipPosition":[7.3801,228.226,-31.8821],"direction":[-0.626967,-0.709554,0.321628],"extended":false,"handId":506,"id":5064,"length":50.5107,"mcpPosition":[40.5668,253.687,-12.1287],"pipPosition":[19.6428,242.104,-38.1728],"stabilizedTipPosition":[5.55809,217.68,-30.3291],"timeVisible":24.3756,"tipPosition":[2.23747,220.331,-22.9323],"tipVelocity":[-16.3523,-21.9184,12.8667],"tool":false,"touchDistance":0.333333,"touchZone":"none","type":4,"width":16.0574}],"r":[[0.942653,-0.331468,-0.0391709],[0.333739,0.934323,0.125139],[-0.00488144,-0.131036,0.991366]],"s":1.11758,"t":[17.7312,-4.63222,-5.24614],"timestamp":97838849003},false],[3,{"currentFrameRate":98.6431,"devices":[],"gestures":[],"hands":[{"armBasis":[[0.884312,-0.191183,-0.425958],[0.348004,0.87811,0.328353],[0.311263,-0.438602,0.843056]],"armWidth":63.72,"confidence":0.443596,"direction":[0.141428,0.796164,-0.58832],"elbow":[88.2596,95.2422,262.432],"grabStrength":0.400277,"id":506,"palmNormal":[-0.324006,-0.524334,-0.787461],"palmPosition":[3.32559,256.695,1.03656],"palmVelocity":[-5.57381,-16.5581,3.10503],"palmWidth":90.99,"pinchStrength":0.505442,"r":[[0.941978,-0.333209,-0.0406086],[0.33566,0.933901,0.123133],[-0.00310474,-0.12962,0.991559]],"s":1.11797,"sphereCenter":[-0.288222,237.927,-48.5007],"sphereRadius":47.7374,"stabilizedPalmPosition":[5.85763,256.328,-4.51964],"t":[17.6859,-4.77643,-5.2199],"timeVisible":24.3853,"type":"right","wrist":[4.21871,213.665,34.8066]}],"id":1801157,"interactionBox":{"center":[0,200,0],"size":[235.247,235.247,147.751]},"pointables":[{"bases":[[[0.693809,0.502817,0.515563],[-0.663118,0.166813,0.72969],[0.280898,-0.848144,0.449163]],[[0.61711,0.673545,0.406832],[-0.743099,0.328794,0.582836],[0.258803,-0.661991,0.703413]],[[0.61711,0.673545,0.406832],[-0.783828,0.571648,0.242552],[-0.0691948,-0.468568,0.880713]],[[0.61711,0.673545,0.406832],[-0.75834,0.647048,0.0790578],[-0.209991,-0.357304,0.910076]]],"btipPosition":[-32.0767,271.27,-52.885],"carpPosition":[-26.4317,213.887,33.5552],"dipPosition":[-36.9912,262.908,-31.5859],"direction":[0.0691947,0.468568,-0.880713],"extended":false,"handId":506,"id":5060,"length":52.1164,"mcpPosition":[-26.4317,213.887,33.5552],"pipPosition":[-39.3505,246.932,-1.55749],"stabilizedTipPosition":[-32.1565,270.094,-48.5832],"timeVisible":24.3853,"tipPosition":[-32.8259,269.141,-48.0902],"tipVelocity":[-17.8259,-16.3456,7.96241],"tool":false,"touchDistance":0.115856,"touchZone":"hovering","type":0,"width":20.25},{"bases":[[[0.945891,-0.164023,-0.279977],[0.317804,0.642481,0.697294],[0.0655078,-0.748542,0.659844]],[[0.945558,-0.160354,-0.283207],[0.21298,0.962868,0.165908],[0.246087,-0.217193,0.9446]],[[0.945558,-0.160354,-0.283207],[0.166788,0.985992,-0.00141064],[0.279466,-0.0459016,0.959058]],[[0.945558,-0.160354,-0.283207],[0.134735,0.984994,-0.107862],[0.296253,0.0638319,0.952974]]],"btipPosition":[-38.2467,294.643,-87.4148],"carpPosition":[-11.0384,230.223,41.1749],"dipPosition":[-33.1851,295.733,-71.1326],"direction":[-0.279466,0.0459016,-0.959058],"extended":true,"handId":506,"id":5061,"length":58.8075,"mcpPosition":[-15.8578,285.293,-7.36956],"pipPosition":[-26.4303,294.624,-47.9518],"stabilizedTipPosition":[-36.734,295.407,-83.8178],"timeVisible":24.3853,"tipPosition":[-37.171,295.789,-83.4747],"tipVelocity":[-13.4668,-19.9785,5.60721],"tool":false,"touchDistance":0.154706,"touchZone":"hovering","type":1,"width":19.3428},{"bases":[[[0.877915,-0.370754,-0.302998],[0.474504,0.588912,0.654239],[-0.0641229,-0.71814,0.692938]],[[0.874941,-0.397074,-0.277148],[0.185823,0.803852,-0.565059],[0.447156,0.442892,0.777108]],[[0.874941,-0.397074,-0.277148],[-0.295118,0.016505,-0.955318],[0.383907,0.917638,-0.102743]],[[0.874941,-0.397074,-0.277148],[-0.435636,-0.395564,-0.808548],[0.211424,0.828167,-0.519075]]],"btipPosition":[-30.9836,216.858,-34.5629],"carpPosition":[0.985746,229.76,38.5628],"dipPosition":[-27.0106,232.421,-44.3174],"direction":[-0.383907,-0.917638,0.102743],"extended":false,"handId":506,"id":5062,"length":67.0064,"mcpPosition":[5.45947,279.863,-9.78207],"pipPosition":[-16.0936,258.515,-47.239],"stabilizedTipPosition":[-25.9875,219.222,-42.4874],"timeVisible":24.3853,"tipPosition":[-30.0847,220.771,-37.3449],"tipVelocity":[-20.039,-15.8661,14.9929],"tool":false,"touchDistance":0.333333,"touchZone":"none","type":2,"width":18.9972},{"bases":[[[0.820625,-0.515726,-0.246175],[0.533729,0.537725,0.652676],[-0.204227,-0.666992,0.716528]],[[0.820415,-0.516408,-0.245441],[0.25729,0.716784,-0.648091],[0.510608,0.468555,0.720927]],[[0.820415,-0.516408,-0.245441],[-0.379847,-0.171413,-0.909029],[0.427358,0.839012,-0.336785]],[[0.820415,-0.516408,-0.245441],[-0.537902,-0.55155,-0.637538],[0.193857,0.655069,-0.730277]]],"btipPosition":[-13.2838,211.71,-19.2406],"carpPosition":[12.1979,226.347,34.8793],"dipPosition":[-9.66176,223.95,-32.8851],"direction":[-0.427358,-0.839012,0.336785],"extended":false,"handId":506,"id":5063,"length":64.4285,"mcpPosition":[24.9907,268.127,-10.004],"pipPosition":[2.17692,247.192,-42.2147],"stabilizedTipPosition":[-9.52484,212.713,-31.5411],"timeVisible":24.3853,"tipPosition":[-12.7732,214.405,-23.2476],"tipVelocity":[-15.4202,-15.1742,18.7789],"tool":false,"touchDistance":0.333333,"touchZone":"none","type":3,"width":18.077},{"bases":[[[0.691929,-0.671167,-0.266024],[0.634715,0.389911,0.667163],[-0.344052,-0.630479,0.69579]],[[0.674088,-0.701493,-0.231328],[0.440244,0.633027,-0.63676],[0.593119,0.327391,0.735544]],[[0.674088,-0.701493,-0.231328],[-0.39078,-0.0729234,-0.917591],[0.626814,0.708936,-0.323286]],[[0.674088,-0.701493,-0.231328],[-0.643437,-0.403854,-0.650301],[0.362758,0.587205,-0.723599]]],"btipPosition":[1.02675,217.971,-19.3724],"carpPosition":[20.5616,216.976,28.1857],"dipPosition":[7.27955,228.092,-31.8449],"direction":[-0.626814,-0.708936,0.323286],"extended":false,"handId":506,"id":5064,"length":50.5107,"mcpPosition":[40.5115,253.535,-12.1598],"pipPosition":[19.5393,241.958,-38.168],"stabilizedTipPosition":[5.53064,217.703,-30.2573],"timeVisible":24.3853,"tipPosition":[2.15053,220.211,-22.8691],"tipVelocity":[-14.1645,-19.216,10.7305],"tool":false,"touchDistance":0.333333,"touchZone":"none","type":4,"width":16.0574}],"r":[[0.941978,-0.333209,-0.0406086],[0.33566,0.933901,0.123133],[-0.00310474,-0.12962,0.991559]],"s":1.11797,"t":[17.6859,-4.77643,-5.2199],"timestamp":97838858671},false],[4,{"currentFrameRate":89.7584,"devices":[],"gestures":[],"hands":[{"armBasis":[[0.883883,-0.193325,-0.425883],[0.349543,0.878054,0.326864],[0.310758,-0.437774,0.843673]],"armWidth":63.72,"confidence":0.452714,"direction":[0.140004,0.795442,-0.589636],"elbow":[88.0689,95.3253,262.653],"grabStrength":0.399931,"id":506,"palmNormal":[-0.326758,-0.525023,-0.785863],"palmPosition":[3.18805,256.517,1.04751],"palmVelocity":[-4.97806,-9.6845,1.32479],"palmWidth":90.99,"pinchStrength":0.504858,"r":[[0.941371,-0.334713,-0.0422742],[0.33737,0.933549,0.12111],[-0.00107191,-0.128271,0.991739]],"s":1.11837,"sphereCenter":[-0.542301,237.679,-48.4672],"sphereRadius":47.7607,"stabilizedPalmPosition":[5.39692,256.361,-3.55888],"t":[17.5945,-4.93711,-5.20131],"timeVisible":24.4148,"type":"right","wrist":[4.16429,213.524,34.8618]}],"id":1801158,"interactionBox":{"center":[0,200,0],"size":[235.247,235.247,147.751]},"pointables":[{"bases":[[[0.695693,0.503009,0.512828],[-0.660733,0.167969,0.731586],[0.281855,-0.847802,0.44921]],[[0.618545,0.673998,0.403893],[-0.741296,0.330115,0.584384],[0.260542,-0.660872,0.703823]],[[0.618545,0.673998,0.403893],[-0.783016,0.571566,0.245354],[-0.0654834,-0.468017,0.88129]],[[0.618545,0.673998,0.403893],[-0.757571,0.647968,0.0788888],[-0.208539,-0.354774,0.911398]]],"btipPosition":[-32.3821,271.011,-52.8048],"carpPosition":[-26.4897,213.761,33.7064],"dipPosition":[-37.2627,262.708,-31.4748],"direction":[0.0654834,0.468017,-0.88129],"extended":false,"handId":506,"id":5060,"length":52.1164,"mcpPosition":[-26.4897,213.761,33.7064],"pipPosition":[-39.4954,246.75,-1.42669],"stabilizedTipPosition":[-32.6293,269.746,-48.3432],"timeVisible":24.4148,"tipPosition":[-33.1325,268.916,-47.9897],"tipVelocity":[-12.7839,-11.1222,4.70369],"tool":false,"touchDistance":0.117311,"touchZone":"hovering","type":0,"width":20.25},{"bases":[[[0.944919,-0.164838,-0.282767],[0.320336,0.643075,0.695586],[0.0671807,-0.747853,0.660457]],[[0.944633,-0.161747,-0.285493],[0.2145,0.962815,0.164245],[0.248311,-0.216389,0.944202]],[[0.944633,-0.161747,-0.285493],[0.168047,0.985776,-0.00246433],[0.281831,-0.0456484,0.958378]],[[0.944633,-0.161747,-0.285493],[0.135824,0.984772,-0.108516],[0.298698,0.0637311,0.952217]]],"btipPosition":[-38.5898,294.428,-87.3285],"carpPosition":[-11.0639,230.097,41.2598],"dipPosition":[-33.4863,295.517,-71.0593],"direction":[-0.281831,0.0456484,-0.958378],"extended":true,"handId":506,"id":5061,"length":58.8075,"mcpPosition":[-16.0063,285.117,-7.32972],"pipPosition":[-26.6744,294.413,-47.8949],"stabilizedTipPosition":[-37.0852,295.032,-83.6987],"timeVisible":24.4148,"tipPosition":[-37.5186,295.522,-83.3953],"tipVelocity":[-12.0528,-11.7217,3.79385],"tool":false,"touchDistance":0.156094,"touchZone":"hovering","type":1,"width":19.3428},{"bases":[[[0.87676,-0.371558,-0.305346],[0.476872,0.589374,0.652098],[-0.0623291,-0.717345,0.693925]],[[0.873853,-0.397849,-0.279458],[0.184461,0.803116,-0.56655],[0.449838,0.443532,0.775193]],[[0.873853,-0.397849,-0.279458],[-0.298122,0.0155824,-0.9544],[0.384062,0.917319,-0.104991]],[[0.873853,-0.397849,-0.279458],[-0.438391,-0.396239,-0.806727],[0.210223,0.827472,-0.520668]]],"btipPosition":[-31.2539,216.659,-34.3979],"carpPosition":[0.951735,229.625,38.6105],"dipPosition":[-27.3034,232.209,-44.1823],"direction":[-0.384062,-0.917319,0.104991],"extended":false,"handId":506,"id":5062,"length":67.0064,"mcpPosition":[5.30031,279.673,-9.80322],"pipPosition":[-16.3821,258.294,-47.1678],"stabilizedTipPosition":[-26.1502,219.259,-42.2694],"timeVisible":24.4148,"tipPosition":[-30.3616,220.566,-37.1833],"tipVelocity":[-13.0675,-9.98859,8.71902],"tool":false,"touchDistance":0.333333,"touchZone":"none","type":2,"width":18.9972},{"bases":[[[0.819572,-0.516436,-0.248185],[0.536064,0.538154,0.650405],[-0.202331,-0.666096,0.717898]],[[0.819351,-0.517161,-0.247403],[0.255401,0.715638,-0.650103],[0.513259,0.469475,0.718442]],[[0.819351,-0.517161,-0.247403],[-0.383491,-0.173642,-0.907074],[0.426144,0.838089,-0.3406]],[[0.819351,-0.517161,-0.247403],[-0.54058,-0.553263,-0.633777],[0.190886,0.653027,-0.732884]]],"btipPosition":[-13.4793,211.532,-19.0448],"carpPosition":[12.1504,226.202,34.8956],"dipPosition":[-9.91277,223.733,-32.738],"direction":[-0.426144,-0.838089,0.3406],"extended":false,"handId":506,"id":5063,"length":64.4285,"mcpPosition":[24.8245,267.926,-10.0736],"pipPosition":[1.89227,246.95,-42.1733],"stabilizedTipPosition":[-9.5523,212.727,-31.4592],"timeVisible":24.4148,"tipPosition":[-12.9774,214.22,-23.0481],"tipVelocity":[-9.97371,-9.42134,10.6244],"tool":false,"touchDistance":0.333333,"touchZone":"none","type":3,"width":18.077},{"bases":[[[0.690731,-0.671831,-0.267459],[0.637016,0.390301,0.664738],[-0.342202,-0.62953,0.69756]],[[0.673329,-0.701559,-0.233328],[0.437997,0.632754,-0.638577],[0.595639,0.327776,0.733333]],[[0.673329,-0.701559,-0.233328],[-0.39465,-0.0741783,-0.915832],[0.625203,0.70874,-0.326817]],[[0.673329,-0.701559,-0.233328],[-0.646236,-0.405146,-0.646711],[0.359175,0.586235,-0.72617]]],"btipPosition":[0.850083,217.766,-19.2832],"carpPosition":[20.488,216.82,28.186],"dipPosition":[7.04111,227.871,-31.8],"direction":[-0.625203,-0.70874,0.326817],"extended":false,"handId":506,"id":5064,"length":50.5107,"mcpPosition":[40.3306,253.323,-12.2621],"pipPosition":[19.2693,241.733,-38.1922],"stabilizedTipPosition":[5.41722,217.786,-29.9754],"timeVisible":24.4148,"tipPosition":[1.95457,220.008,-22.7753],"tipVelocity":[-9.15199,-11.3029,5.48685],"tool":false,"touchDistance":0.333333,"touchZone":"none","type":4,"width":16.0574}],"r":[[0.941371,-0.334713,-0.0422742],[0.33737,0.933549,0.12111],[-0.00107191,-0.128271,0.991739]],"s":1.11837,"t":[17.5945,-4.93711,-5.20131],"timestamp":97838888192},false],[5,{"currentFrameRate":90.3185,"devices":[],"gestures":[],"hands":[{"armBasis":[[0.883765,-0.193912,-0.425862],[0.349964,0.878039,0.326453],[0.31062,-0.437544,0.843842]],"armWidth":63.72,"confidence":0.457376,"direction":[0.139611,0.795244,-0.589996],"elbow":[88.0168,95.3487,262.714],"grabStrength":0.399775,"id":506,"palmNormal":[-0.327512,-0.525211,-0.785423],"palmPosition":[3.15029,256.469,1.05051],"palmVelocity":[-4.6373,-8.27521,1.02229],"palmWidth":90.99,"pinchStrength":0.504571,"r":[[0.940864,-0.335947,-0.0437462],[0.338783,0.933261,0.119374],[0.000723408,-0.127135,0.991885]],"s":1.11864,"sphereCenter":[-0.602944,237.607,-48.4584],"sphereRadius":47.7676,"stabilizedPalmPosition":[5.25966,256.367,-3.27726],"t":[17.5299,-5.04178,-5.19051],"timeVisible":24.4247,"type":"right","wrist":[4.14941,213.486,34.8769]}],"id":1801159,"interactionBox":{"center":[0,200,0],"size":[235.247,235.247,147.751]},"pointables":[{"bases":[[[0.696209,0.503061,0.512076],[-0.660077,0.168286,0.732105],[0.282118,-0.847708,0.449222]],[[0.618847,0.674273,0.40297],[-0.740921,0.330672,0.584544],[0.260892,-0.660312,0.704219]],[[0.618847,0.674273,0.40297],[-0.782887,0.571335,0.2463],[-0.0641574,-0.467901,0.881449]],[[0.618847,0.674273,0.40297],[-0.757241,0.648483,0.0778251],[-0.208843,-0.353307,0.911898]]],"btipPosition":[-32.4535,270.91,-52.8002],"carpPosition":[-26.5056,213.727,33.7479],"dipPosition":[-37.3412,262.641,-31.4585],"direction":[0.0641574,0.467901,-0.881449],"extended":false,"handId":506,"id":5060,"length":52.1164,"mcpPosition":[-26.5056,213.727,33.7479],"pipPosition":[-39.5286,246.688,-1.40502],"stabilizedTipPosition":[-32.7533,269.649,-48.2841],"timeVisible":24.4247,"tipPosition":[-33.2149,268.841,-47.9707],"tipVelocity":[-11.1874,-10.6145,3.5269],"tool":false,"touchDistance":0.117432,"touchZone":"hovering","type":0,"width":20.25},{"bases":[[[0.94465,-0.165062,-0.283532],[0.32103,0.643237,0.695116],[0.067641,-0.747664,0.660624]],[[0.944387,-0.162225,-0.286035],[0.214997,0.96278,0.1638],[0.248816,-0.216187,0.944115]],[[0.944387,-0.162225,-0.286035],[0.168505,0.985697,-0.00269423],[0.282381,-0.0456541,0.958215]],[[0.944387,-0.162225,-0.286035],[0.136255,0.984702,-0.108609],[0.299279,0.0635952,0.952044]]],"btipPosition":[-38.6755,294.373,-87.3069],"carpPosition":[-11.0708,230.063,41.2831],"dipPosition":[-33.5622,295.46,-71.0407],"direction":[-0.282381,0.0456541,-0.958215],"extended":true,"handId":506,"id":5061,"length":58.8075,"mcpPosition":[-16.0471,285.068,-7.31876],"pipPosition":[-26.7369,294.356,-47.8802],"stabilizedTipPosition":[-37.1696,294.949,-83.6716],"timeVisible":24.4247,"tipPosition":[-37.6085,295.448,-83.3754],"tipVelocity":[-10.9885,-9.90222,3.29726],"tool":false,"touchDistance":0.156443,"touchZone":"hovering","type":1,"width":19.3428},{"bases":[[[0.876442,-0.371778,-0.305991],[0.47752,0.5895,0.651509],[-0.0618354,-0.717127,0.694194]],[[0.873554,-0.398061,-0.280091],[0.184085,0.802913,-0.566959],[0.450574,0.443709,0.774665]],[[0.873554,-0.398061,-0.280091],[-0.298948,0.0153282,-0.954146],[0.384102,0.917231,-0.105609]],[[0.873554,-0.398061,-0.280091],[-0.439146,-0.396425,-0.806224],[0.209892,0.827281,-0.521105]]],"btipPosition":[-31.328,216.604,-34.3524],"carpPosition":[0.942446,229.588,38.6235],"dipPosition":[-27.3837,232.151,-44.145],"direction":[-0.384102,-0.917231,0.105609],"extended":false,"handId":506,"id":5062,"length":67.0064,"mcpPosition":[5.25658,279.62,-9.80899],"pipPosition":[-16.4613,258.233,-47.1482],"stabilizedTipPosition":[-26.204,219.271,-42.198],"timeVisible":24.4247,"tipPosition":[-30.4375,220.509,-37.1385],"tipVelocity":[-11.4634,-8.69402,7.44437],"tool":false,"touchDistance":0.333333,"touchZone":"none","type":2,"width":18.9972},{"bases":[[[0.819282,-0.516631,-0.248736],[0.536703,0.538271,0.64978],[-0.201809,-0.665851,0.718273]],[[0.819059,-0.517366,-0.247943],[0.254886,0.715333,-0.65064],[0.51398,0.469715,0.717769]],[[0.819059,-0.517366,-0.247943],[-0.384452,-0.174175,-0.906565],[0.42584,0.837852,-0.341561]],[[0.819059,-0.517366,-0.247943],[-0.541289,-0.553655,-0.632828],[0.190129,0.652533,-0.733521]]],"btipPosition":[-13.5347,211.482,-18.9953],"carpPosition":[12.1374,226.162,34.8999],"dipPosition":[-9.98229,223.674,-32.7004],"direction":[-0.42584,-0.837852,0.341561],"extended":false,"handId":506,"id":5063,"length":64.4285,"mcpPosition":[24.7788,267.871,-10.0927],"pipPosition":[1.81433,246.884,-42.1623],"stabilizedTipPosition":[-9.56269,212.732,-31.4287],"timeVisible":24.4247,"tipPosition":[-13.0344,214.169,-22.9959],"tipVelocity":[-8.77902,-8.19641,8.8796],"tool":false,"touchDistance":0.333333,"touchZone":"none","type":3,"width":18.077},{"bases":[[[0.690402,-0.672012,-0.267852],[0.637646,0.390408,0.66407],[-0.341692,-0.62927,0.698044]],[[0.673107,-0.701599,-0.233851],[0.43738,0.632642,-0.639111],[0.596344,0.327908,0.732701]],[[0.673107,-0.701599,-0.233851],[-0.395707,-0.0745412,-0.915347],[0.624775,0.708663,-0.327802]],[[0.673107,-0.701599,-0.233851],[-0.646998,-0.405492,-0.645732],[0.35822,0.585948,-0.726872]]],"btipPosition":[0.800265,217.71,-19.2575],"carpPosition":[20.4679,216.777,28.186],"dipPosition":[6.97483,227.81,-31.7865],"direction":[-0.624775,-0.708663,0.327802],"extended":false,"handId":506,"id":5064,"length":50.5107,"mcpPosition":[40.2809,253.265,-12.2902],"pipPosition":[19.1947,241.67,-38.1979],"stabilizedTipPosition":[5.37755,217.814,-29.8781],"timeVisible":24.4247,"tipPosition":[1.90044,219.952,-22.7483],"tipVelocity":[-8.0498,-9.67835,4.54768],"tool":false,"touchDistance":0.333333,"touchZone":"none","type":4,"width":16.0574}],"r":[[0.940864,-0.335947,-0.0437462],[0.338783,0.933261,0.119374],[0.000723408,-0.127135,0.991885]],"s":1.11864,"t":[17.5299,-5.04178,-5.19051],"timestamp":97838898054},false],[6,{"currentFrameRate":90.838,"devices":[],"gestures":[],"hands":[{"armBasis":[[0.883584,-0.194807,-0.425828],[0.350606,0.878017,0.325826],[0.310411,-0.437192,0.844102]],"armWidth":63.72,"confidence":0.458054,"direction":[0.139011,0.794943,-0.590544],"elbow":[87.9378,95.3847,262.807],"grabStrength":0.398953,"id":506,"palmNormal":[-0.328663,-0.525498,-0.78475],"palmPosition":[3.09268,256.395,1.0551],"palmVelocity":[-4.99008,-8.04523,0.856149],"palmWidth":90.99,"pinchStrength":0.503248,"r":[[0.940429,-0.336981,-0.0451388],[0.339983,0.933024,0.117808],[0.00241637,-0.126137,0.99201]],"s":1.11884,"sphereCenter":[-0.693657,237.499,-48.4453],"sphereRadius":47.7805,"stabilizedPalmPosition":[5.12808,256.369,-3.01419],"t":[17.4688,-5.13121,-5.18282],"timeVisible":24.4345,"type":"right","wrist":[4.12676,213.427,34.8998]}],"id":1801160,"interactionBox":{"center":[0,200,0],"size":[235.247,235.247,147.751]},"pointables":[{"bases":[[[0.696994,0.503141,0.510929],[-0.659076,0.168769,0.732896],[0.282521,-0.847565,0.449239]],[[0.619229,0.674821,0.401463],[-0.740422,0.331612,0.584644],[0.2614,-0.659281,0.704996]],[[0.619229,0.674821,0.401463],[-0.782784,0.570693,0.24811],[-0.0616822,-0.467896,0.881629]],[[0.619229,0.674821,0.401463],[-0.756355,0.649948,0.0741265],[-0.210908,-0.34955,0.912871]]],"btipPosition":[-32.539,270.718,-52.8047],"carpPosition":[-26.5296,213.674,33.8111],"dipPosition":[-37.475,262.537,-31.4403],"direction":[0.0616822,0.467896,-0.881629],"extended":false,"handId":506,"id":5060,"length":52.1164,"mcpPosition":[-26.5296,213.674,33.8111],"pipPosition":[-39.5781,246.584,-1.38063],"stabilizedTipPosition":[-32.8717,269.545,-48.2336],"timeVisible":24.4345,"tipPosition":[-33.3358,268.708,-47.9468],"tipVelocity":[-10.7647,-12.6275,2.5004],"tool":false,"touchDistance":0.117445,"touchZone":"hovering","type":0,"width":20.25},{"bases":[[[0.94424,-0.165402,-0.284699],[0.322088,0.643484,0.694398],[0.0683443,-0.747376,0.660877]],[[0.944026,-0.163117,-0.286718],[0.215964,0.962629,0.163416],[0.249347,-0.216189,0.943975]],[[0.944026,-0.163117,-0.286718],[0.169568,0.985516,-0.0023659],[0.282951,-0.0463846,0.958012]],[[0.944026,-0.163117,-0.286718],[0.137377,0.98463,-0.107851],[0.299903,0.0624259,0.951925]]],"btipPosition":[-38.785,294.337,-87.2772],"carpPosition":[-11.0813,230.01,41.3184],"dipPosition":[-33.661,295.404,-71.013],"direction":[-0.282951,0.0463846,-0.958012],"extended":true,"handId":506,"id":5061,"length":58.8075,"mcpPosition":[-16.1094,284.995,-7.30201],"pipPosition":[-26.8219,294.283,-47.8574],"stabilizedTipPosition":[-37.2539,294.878,-83.6455],"timeVisible":24.4345,"tipPosition":[-37.7306,295.349,-83.3495],"tipVelocity":[-10.9385,-8.17981,3.1963],"tool":false,"touchDistance":0.15693,"touchZone":"hovering","type":1,"width":19.3428},{"bases":[[[0.875956,-0.372113,-0.306973],[0.478508,0.589692,0.65061],[-0.061081,-0.716795,0.694604]],[[0.873096,-0.398385,-0.281058],[0.183508,0.802602,-0.567587],[0.451696,0.443981,0.773855]],[[0.873096,-0.398385,-0.281058],[-0.300208,0.0149364,-0.953757],[0.38416,0.917097,-0.106557]],[[0.873096,-0.398385,-0.281058],[-0.440299,-0.39671,-0.805455],[0.209383,0.826989,-0.521775]]],"btipPosition":[-31.441,216.521,-34.2826],"carpPosition":[0.928312,229.531,38.6433],"dipPosition":[-27.5062,232.062,-44.0878],"direction":[-0.38416,-0.917097,0.106557],"extended":false,"handId":506,"id":5062,"length":67.0064,"mcpPosition":[5.18981,279.541,-9.81779],"pipPosition":[-16.5821,258.141,-47.1179],"stabilizedTipPosition":[-26.2588,219.281,-42.1265],"timeVisible":24.4345,"tipPosition":[-30.5532,220.423,-37.0692],"tipVelocity":[-11.515,-8.65602,7.24108],"tool":false,"touchDistance":0.333333,"touchZone":"none","type":2,"width":18.9972},{"bases":[[[0.818839,-0.516927,-0.249577],[0.537678,0.538449,0.648826],[-0.201012,-0.665476,0.718843]],[[0.818611,-0.517679,-0.248765],[0.254088,0.714853,-0.651478],[0.515087,0.470099,0.716723]],[[0.818611,-0.517679,-0.248765],[-0.385949,-0.175052,-0.905759],[0.425346,0.837475,-0.343097]],[[0.818611,-0.517679,-0.248765],[-0.542386,-0.55431,-0.631314],[0.188925,0.651727,-0.734547]]],"btipPosition":[-13.6177,211.406,-18.9159],"carpPosition":[12.1176,226.101,34.9066],"dipPosition":[-10.0878,223.583,-32.6402],"direction":[-0.425346,-0.837475,0.343097],"extended":false,"handId":506,"id":5063,"length":64.4285,"mcpPosition":[24.709,267.787,-10.1218],"pipPosition":[1.69511,246.783,-42.1447],"stabilizedTipPosition":[-9.57449,212.738,-31.3946],"timeVisible":24.4345,"tipPosition":[-13.1193,214.092,-22.9108],"tipVelocity":[-8.81974,-8.14324,8.49211],"tool":false,"touchDistance":0.333333,"touchZone":"none","type":3,"width":18.077},{"bases":[[[0.689899,-0.672289,-0.268453],[0.638606,0.39057,0.663052],[-0.340912,-0.628874,0.698782]],[[0.672779,-0.701638,-0.234676],[0.436407,0.632492,-0.639925],[0.597426,0.328114,0.731727]],[[0.672779,-0.701638,-0.234676],[-0.397368,-0.0751262,-0.914579],[0.624073,0.708562,-0.329352]],[[0.672779,-0.701638,-0.234676],[-0.648184,-0.406065,-0.644181],[0.356688,0.585504,-0.727983]]],"btipPosition":[0.726226,217.624,-19.2164],"carpPosition":[20.4371,216.711,28.186],"dipPosition":[6.87438,227.716,-31.7645],"direction":[-0.624073,-0.708562,0.329352],"extended":false,"handId":506,"id":5064,"length":50.5107,"mcpPosition":[40.205,253.176,-12.333],"pipPosition":[19.0805,241.575,-38.2062],"stabilizedTipPosition":[5.33547,217.842,-29.7771],"timeVisible":24.4345,"tipPosition":[1.82,219.867,-22.704],"tipVelocity":[-8.06412,-9.44621,4.29814],"tool":false,"touchDistance":0