{"sensorType":"Leap","data":[[0,{"currentFrameRate":103.884,"devices":[],"gestures":[],"hands":[{"armBasis":[[0.946152,0.024115,-0.322824],[0.0945075,0.933203,0.346699],[0.309621,-0.358539,0.880673]],"armWidth":63.72,"confidence":0.522172,"direction":[0.0614006,0.769802,-0.635323],"elbow":[94.4962,139.678,272.947],"grabStrength":0.506028,"id":506,"palmNormal":[-0.0735937,-0.6313,-0.772039],"palmPosition":[6.30865,276.043,-2.34116],"palmVelocity":[-55.5045,3.70437,57.3756],"palmWidth":90.99,"pinchStrength":0.590478,"r":[[0.978619,-0.142563,0.14826],[0.135668,0.989189,0.0556745],[-0.154594,-0.0343699,0.98738]],"s":1.15761,"sphereCenter":[13.798,254.827,-48.746],"sphereRadius":47.0437,"stabilizedPalmPosition":[10.6225,273.564,-6.80707],"t":[21.1223,14.4857,-9.09612],"timeVisible":36.6187,"type":"right","wrist":[10.8986,236.484,35.1651]}],"id":1802394,"interactionBox":{"center":[0,200,0],"size":[235.247,235.247,147.751]},"pointables":[{"bases":[[[0.47835,0.676975,0.559362],[-0.792139,0.0576788,0.607609],[0.379073,-0.733742,0.56385]],[[0.387937,0.816138,0.42828],[-0.873814,0.177864,0.452562],[0.293178,-0.549803,0.782153]],[[0.387937,0.816138,0.42828],[-0.90768,0.418992,0.023741],[-0.16007,-0.397951,0.903334]],[[0.387937,0.816138,0.42828],[-0.921326,0.356362,0.15545],[-0.0257544,-0.45489,0.890175]]],"btipPosition":[-27.0575,281.375,-61.1651],"carpPosition":[-18.4832,229.716,29.5112],"dipPosition":[-27.6602,270.729,-40.3318],"direction":[0.16007,0.397951,-0.903334],"extended":false,"handId":506,"id":5060,"length":52.1164,"mcpPosition":[-18.4832,229.716,29.5112],"pipPosition":[-33.1179,257.16,-9.53204],"stabilizedTipPosition":[-25.8473,278.857,-57.7818],"timeVisible":36.6187,"tipPosition":[-27.1569,278.849,-56.209],"tipVelocity":[-63.7783,10.833,64.7884],"tool":false,"touchDistance":-0.139526,"touchZone":"touching","type":0,"width":20.25},{"bases":[[[0.991575,0.0364284,-0.124308],[0.0569664,0.739232,0.671037],[0.116338,-0.672465,0.730929]],[[0.976335,0.0992024,-0.192168],[-0.0915391,0.994626,0.0483766],[0.195934,-0.0296409,0.980169]],[[0.976335,0.0992024,-0.192168],[-0.126753,0.982454,-0.136815],[0.175224,0.157935,0.971778]],[[0.976335,0.0992024,-0.192168],[-0.146318,0.95734,-0.249182],[0.159251,0.271403,0.9492]]],"btipPosition":[-32.2918,291.829,-97.9259],"carpPosition":[-8.35892,249.537,37.6646],"dipPosition":[-29.5709,296.466,-81.7082],"direction":[-0.175224,-0.157935,-0.971778],"extended":true,"handId":506,"id":5061,"length":58.8075,"mcpPosition":[-16.9178,299.01,-16.1096],"pipPosition":[-25.3356,300.284,-58.22],"stabilizedTipPosition":[-30.1563,293.071,-95.7392],"timeVisible":36.6187,"tipPosition":[-31.8939,293.863,-94.1857],"tipVelocity":[-71.1645,-1.37955,70.653],"tool":false,"touchDistance":-0.0926768,"touchZone":"touching","type":1,"width":19.3428},{"bases":[[[0.973839,-0.181317,-0.136976],[0.226324,0.719805,0.656245],[-0.0203925,-0.670078,0.742011]],[[0.974001,-0.160374,-0.160005],[0.0171684,0.756515,-0.65375],[0.22589,0.634007,0.7396]],[[0.974001,-0.160374,-0.160005],[-0.215078,-0.432792,-0.875461],[0.0711521,0.887114,-0.456033]],[[0.974001,-0.160374,-0.160005],[-0.219965,-0.838445,-0.498623],[-0.0541891,0.520855,-0.851924]]],"btipPosition":[-6.72252,232.812,-21.5782],"carpPosition":[3.74773,251.636,36.8621],"dipPosition":[-7.74084,242.6,-37.5876],"direction":[-0.0711522,-0.887114,0.456033],"extended":false,"handId":506,"id":5062,"length":67.0064,"mcpPosition":[5.17047,298.386,-14.9065],"pipPosition":[-5.71753,267.826,-50.5555],"stabilizedTipPosition":[-3.57543,232.79,-28.4189],"timeVisible":36.6187,"tipPosition":[-6.95996,234.949,-25.19],"tipVelocity":[-50.8809,5.80321,44.4355],"tool":false,"touchDistance":0.333333,"touchZone":"none","type":2,"width":18.9972},{"bases":[[[0.940373,-0.331691,-0.0753684],[0.294557,0.683284,0.668101],[-0.170105,-0.650464,0.740244]],[[0.946263,-0.306213,-0.104022],[0.169288,0.743074,-0.647443],[0.275552,0.595041,0.754982]],[[0.946263,-0.306213,-0.104022],[-0.223084,-0.38518,-0.895472],[0.234138,0.870557,-0.432793]],[[0.946263,-0.306213,-0.104022],[-0.31311,-0.786978,-0.531628],[0.080928,0.53563,-0.840566]]],"btipPosition":[6.21891,230.652,-17.237],"carpPosition":[15.8732,250.617,35.1697],"dipPosition":[7.73097,240.66,-32.9422],"direction":[-0.234138,-0.870557,0.432793],"extended":false,"handId":506,"id":5063,"length":64.4285,"mcpPosition":[26.5286,291.362,-11.1991],"pipPosition":[14.2171,264.776,-44.9314],"stabilizedTipPosition":[9.67467,230.68,-23.6129],"timeVisible":36.6187,"tipPosition":[6.5738,232.926,-20.692],"tipVelocity":[-48.1927,5.25615,41.9452],"tool":false,"touchDistance":0.333333,"touchZone":"none","type":3,"width":18.077},{"bases":[[[0.852682,-0.513054,-0.0985334],[0.42104,0.563207,0.711002],[-0.309288,-0.647745,0.696252]],[[0.876609,-0.454009,-0.159475],[0.281868,0.753065,-0.594512],[0.390008,0.476204,0.788114]],[[0.876609,-0.454009,-0.159475],[-0.322916,-0.309307,-0.894457],[0.356765,0.835587,-0.417748]],[[0.876609,-0.454009,-0.159475],[-0.465107,-0.714409,-0.522776],[0.123415,0.532443,-0.83742]]],"btipPosition":[22.047,238.179,-14.9613],"carpPosition":[27.0084,242.979,30.6731],"dipPosition":[24.1743,247.357,-29.3957],"direction":[-0.356765,-0.835587,0.417748],"extended":false,"handId":506,"id":5064,"length":50.5107,"mcpPosition":[44.9425,280.538,-9.69928],"pipPosition":[31.1522,263.7,-37.5664],"stabilizedTipPosition":[25.6241,237.578,-21.113],"timeVisible":36.6187,"tipPosition":[22.4992,240.258,-18.3014],"tipVelocity":[-47.9034,12.8446,43.7312],"tool":false,"touchDistance":0.333333,"touchZone":"none","type":4,"width":16.0574}],"r":[[0.978619,-0.142563,0.14826],[0.135668,0.989189,0.0556745],[-0.154594,-0.0343699,0.98738]],"s":1.15761,"t":[21.1223,14.4857,-9.09612],"timestamp":97851092114},false],[1,{"currentFrameRate":103.882,"devices":[],"gestures":[],"hands":[{"armBasis":[[0.945496,0.0265815,-0.324547],[0.0933128,0.932749,0.348241],[0.311978,-0.359545,0.87943]],"armWidth":63.72,"confidence":0.528449,"direction":[0.0579963,0.770679,-0.634579],"elbow":[94.7695,139.366,272.912],"grabStrength":0.514715,"id":506,"palmNormal":[-0.0742075,-0.630562,-0.772583],"palmPosition":[5.75784,276.037,-1.98191],"palmVelocity":[-55.995,2.42218,51.5395],"palmWidth":90.99,"pinchStrength":0.596362,"r":[[0.979284,-0.140223,0.146083],[0.133024,0.989415,0.0579841],[-0.152667,-0.0373504,0.987572]],"s":1.15614,"sphereCenter":[13.3458,254.84,-48.4278],"sphereRadius":47.0396,"stabilizedPalmPosition":[10.439,273.657,-6.62499],"t":[20.5976,14.4536,-8.65413],"timeVisible":36.6283,"type":"right","wrist":[10.5355,236.443,35.4657]}],"id":1802395,"interactionBox":{"center":[0,200,0],"size":[235.247,235.247,147.751]},"pointables":[{"bases":[[[0.478299,0.677397,0.558895],[-0.790664,0.0551862,0.609758],[0.382205,-0.733544,0.561989]],[[0.387186,0.81656,0.428155],[-0.873083,0.175461,0.454907],[0.296334,-0.549948,0.780861]],[[0.387186,0.81656,0.428155],[-0.908493,0.417082,0.0261206],[-0.157247,-0.39909,0.903328]],[[0.387186,0.81656,0.428155],[-0.921752,0.353629,0.159125],[-0.0214728,-0.456264,0.889585]]],"btipPosition":[-27.7741,281.353,-60.7165],"carpPosition":[-18.8458,229.616,29.8812],"dipPosition":[-28.2766,270.675,-39.897],"direction":[0.157247,0.39909,-0.903328],"extended":false,"handId":506,"id":5060,"length":52.1164,"mcpPosition":[-18.8458,229.616,29.8812],"pipPosition":[-33.638,257.068,-9.0975],"stabilizedTipPosition":[-26.303,278.866,-57.3682],"timeVisible":36.6283,"tipPosition":[-27.8527,278.825,-55.7639],"tipVelocity":[-66.1724,6.81494,59.3977],"tool":false,"touchDistance":-0.132103,"touchZone":"touching","type":0,"width":20.25},{"bases":[[[0.991159,0.0388056,-0.126874],[0.0570716,0.738575,0.671751],[0.119774,-0.673054,0.729831]],[[0.975757,0.101129,-0.194089],[-0.0942094,0.994554,0.0445834],[0.197541,-0.0252176,0.97997]],[[0.975757,0.101129,-0.194089],[-0.130259,0.98101,-0.143706],[0.175871,0.165504,0.970401]],[[0.975757,0.101129,-0.194089],[-0.150155,0.954533,-0.257526],[0.159221,0.280427,0.946578]]],"btipPosition":[-33.0145,291.259,-97.3919],"carpPosition":[-8.74469,249.451,38.0312],"dipPosition":[-30.2941,296.05,-81.219],"direction":[-0.175871,-0.165504,-0.970401],"extended":true,"handId":506,"id":5061,"length":58.8075,"mcpPosition":[-17.5564,298.967,-15.6622],"pipPosition":[-26.0432,300.051,-57.7641],"stabilizedTipPosition":[-30.675,292.906,-95.2589],"timeVisible":36.6283,"tipPosition":[-32.6325,293.421,-93.6704],"tipVelocity":[-72.295,-17.1215,65.9205],"tool":false,"touchDistance":-0.0839487,"touchZone":"touching","type":1,"width":19.3428},{"bases":[[[0.97388,-0.178965,-0.139751],[0.226433,0.719547,0.656491],[-0.0169316,-0.670988,0.741275]],[[0.973953,-0.158977,-0.161684],[0.0156144,0.75838,-0.651626],[0.226211,0.632129,0.741109]],[[0.973953,-0.158977,-0.161684],[-0.215698,-0.429683,-0.876839],[0.0699246,0.888875,-0.452782]],[[0.973953,-0.158977,-0.161684],[-0.219821,-0.836908,-0.501263],[-0.055625,0.523748,-0.850055]]],"btipPosition":[-7.31022,232.803,-21.39],"carpPosition":[3.35506,251.577,37.1993],"dipPosition":[-8.35553,242.646,-37.3642],"direction":[-0.0699246,-0.888875,0.452782],"extended":false,"handId":506,"id":5062,"length":67.0064,"mcpPosition":[4.53634,298.391,-14.518],"pipPosition":[-6.36712,267.922,-50.2397],"stabilizedTipPosition":[-3.75772,232.895,-28.265],"timeVisible":36.6283,"tipPosition":[-7.52389,234.956,-24.9421],"tipVelocity":[-54.0165,4.23135,37.4432],"tool":false,"touchDistance":0.333333,"touchZone":"none","type":2,"width":18.9972},{"bases":[[[0.940914,-0.329485,-0.0782315],[0.294779,0.683165,0.668125],[-0.166692,-0.651709,0.739925]],[[0.946667,-0.303981,-0.106848],[0.165968,0.744259,-0.646941],[0.276181,0.594705,0.755017]],[[0.946667,-0.303981,-0.106848],[-0.224049,-0.382696,-0.896296],[0.231567,0.872433,-0.430392]],[[0.946667,-0.303981,-0.106848],[-0.312502,-0.785389,-0.534328],[0.0785084,0.539221,-0.838497]]],"btipPosition":[5.69854,230.597,-17.0197],"carpPosition":[15.4783,250.588,35.4738],"dipPosition":[7.16539,240.672,-32.6862],"direction":[-0.231567,-0.872433,0.430392],"extended":false,"handId":506,"id":5063,"length":64.4285,"mcpPosition":[25.9199,291.411,-10.8751],"pipPosition":[13.5803,264.84,-44.6089],"stabilizedTipPosition":[9.48558,230.796,-23.4576],"timeVisible":36.6283,"tipPosition":[6.05405,232.909,-20.4424],"tipVelocity":[-50.2037,2.53295,36.5791],"tool":false,"touchDistance":0.333333,"touchZone":"none","type":3,"width":18.077},{"bases":[[[0.853571,-0.511018,-0.101378],[0.421644,0.563323,0.710552],[-0.305996,-0.649252,0.696304]],[[0.877231,-0.451769,-0.162391],[0.278541,0.75448,-0.594285],[0.391,0.476093,0.787689]],[[0.877231,-0.451769,-0.162391],[-0.324537,-0.308808,-0.894043],[0.353754,0.836984,-0.417512]],[[0.877231,-0.451769,-0.162391],[-0.464825,-0.71474,-0.522575],[0.120016,0.533902,-0.836986]]],"btipPosition":[21.5488,238.219,-14.6955],"carpPosition":[26.6188,242.98,30.9389],"dipPosition":[23.6175,247.422,-29.1224],"direction":[-0.353754,-0.836984,0.417512],"extended":false,"handId":506,"id":5064,"length":50.5107,"mcpPosition":[44.362,280.627,-9.43638],"pipPosition":[30.5365,263.793,-37.2884],"stabilizedTipPosition":[25.4285,237.728,-20.9446],"timeVisible":36.6283,"tipPosition":[21.9877,240.305,-18.0308],"tipVelocity":[-49.4206,10.4983,39.093],"tool":false,"touchDistance":0.333333,"touchZone":"none","type":4,"width":16.0574}],"r":[[0.979284,-0.140223,0.146083],[0.133024,0.989415,0.0579841],[-0.152667,-0.0373504,0.987572]],"s":1.15614,"t":[20.5976,14.4536,-8.65413],"timestamp":97851101745},false],[2,{"currentFrameRate":103.811,"devices":[],"gestures":[],"hands":[{"armBasis":[[0.944755,0.0266781,-0.326691],[0.093759,0.933042,0.347334],[0.314083,-0.358776,0.878995]],"armWidth":63.72,"confidence":0.531202,"direction":[0.0554093,0.770545,-0.634973],"elbow":[95.0716,139.457,272.937],"grabStrength":0.523776,"id":506,"palmNormal":[-0.0762265,-0.63083,-0.772168],"palmPosition":[5.34326,275.906,-1.83426],"palmVelocity":[-52.0113,-2.23653,40.8268],"palmWidth":90.99,"pinchStrength":0.602437,"r":[[0.979921,-0.138196,0.143725],[0.130807,0.989609,0.0596965],[-0.150481,-0.0396977,0.987815]],"s":1.15413,"sphereCenter":[12.8893,254.673,-48.2663],"sphereRadius":46.9734,"stabilizedPalmPosition":[10.254,273.739,-6.45113],"t":[20.1279,14.372,-8.35931],"timeVisible":36.6381,"type":"right","wrist":[10.2693,236.326,35.6088]}],"id":1802396,"interactionBox":{"center":[0,200,0],"size":[235.247,235.247,147.751]},"pointables":[{"bases":[[[0.479598,0.677896,0.557174],[-0.788747,0.0547864,0.612271],[0.384531,-0.733114,0.560964]],[[0.387549,0.817459,0.426106],[-0.872376,0.17583,0.456118],[0.297935,-0.548493,0.781274]],[[0.387549,0.817459,0.426106],[-0.908371,0.41739,0.0254379],[-0.157058,-0.396921,0.904315]],[[0.387549,0.817459,0.426106],[-0.921733,0.350945,0.165062],[-0.0146088,-0.456726,0.889487]]],"btipPosition":[-28.3001,281.078,-60.5295],"carpPosition":[-19.1248,229.476,30.1202],"dipPosition":[-28.642,270.389,-39.7123],"direction":[0.157058,0.396921,-0.904315],"extended":false,"handId":506,"id":5060,"length":52.1164,"mcpPosition":[-19.1248,229.476,30.1202],"pipPosition":[-33.997,256.856,-8.87915],"stabilizedTipPosition":[-26.7469,278.813,-57.0203],"timeVisible":36.6381,"tipPosition":[-28.38,278.592,-55.5573],"tipVelocity":[-61.4385,-3.56592,47.542],"tool":false,"touchDistance":-0.128996,"touchZone":"touching","type":0,"width":20.25},{"bases":[[[0.99072,0.0394833,-0.130058],[0.0586901,0.738802,0.671362],[0.122594,-0.672765,0.729628]],[[0.975185,0.101379,-0.196813],[-0.0954904,0.994658,0.0392095],[0.199737,-0.0194427,0.979657]],[[0.975185,0.101379,-0.196813],[-0.132416,0.979542,-0.151538],[0.177424,0.173838,0.968659]],[[0.975185,0.101379,-0.196813],[-0.152701,0.951691,-0.266395],[0.160299,0.289838,0.943556]]],"btipPosition":[-33.6396,290.497,-97.0686],"carpPosition":[-9.01194,249.321,38.2323],"dipPosition":[-30.9008,295.449,-80.9474],"direction":[-0.177424,-0.173838,-0.968659],"extended":true,"handId":506,"id":5061,"length":58.8075,"mcpPosition":[-18.0312,298.816,-15.4461],"pipPosition":[-26.6123,299.651,-57.5345],"stabilizedTipPosition":[-31.2153,292.612,-94.8196],"timeVisible":36.6381,"tipPosition":[-33.2617,292.77,-93.3687],"tipVelocity":[-69.7291,-33.9199,55.9094],"tool":false,"touchDistance":-0.078759,"touchZone":"touching","type":1,"width":19.3428},{"bases":[[[0.973556,-0.178303,-0.142819],[0.228015,0.719891,0.655565],[-0.014075,-0.670794,0.74151]],[[0.973566,-0.159358,-0.163626],[0.0150766,0.759663,-0.650142],[0.227906,0.63049,0.741985]],[[0.973566,-0.159358,-0.163626],[-0.217356,-0.42629,-0.878085],[0.0701777,0.890439,-0.449659]],[[0.973566,-0.159358,-0.163626],[-0.221347,-0.834977,-0.503805],[-0.0563388,0.526706,-0.848179]]],"btipPosition":[-7.85652,232.647,-21.4108],"carpPosition":[3.08355,251.456,37.3612],"dipPosition":[-8.91524,242.545,-37.3498],"direction":[-0.0701777,-0.890439,0.449659],"extended":false,"handId":506,"id":5062,"length":67.0064,"mcpPosition":[4.06553,298.256,-14.3725],"pipPosition":[-6.91964,267.866,-50.1364],"stabilizedTipPosition":[-3.96356,232.991,-28.1139],"timeVisible":36.6381,"tipPosition":[-8.03961,234.821,-24.8846],"tipVelocity":[-54.675,-1.3402,26.0472],"tool":false,"touchDistance":0.333333,"touchZone":"none","type":2,"width":18.9972},{"bases":[[[0.940896,-0.32883,-0.0811533],[0.296424,0.683562,0.66699],[-0.163853,-0.651624,0.740634]],[[0.946535,-0.303348,-0.109774],[0.163411,0.744245,-0.647608],[0.27815,0.595046,0.754024]],[[0.946535,-0.303348,-0.109774],[-0.22617,-0.381355,-0.896335],[0.230039,0.87324,-0.429574]],[[0.946535,-0.303348,-0.109774],[-0.313438,-0.78425,-0.535453],[0.0763382,0.541232,-0.837401]]],"btipPosition":[5.23919,230.403,-16.9396],"carpPosition":[15.2019,250.474,35.5972],"dipPosition":[6.6655,240.515,-32.5856],"direction":[-0.230039,-0.87324,0.429574],"extended":false,"handId":506,"id":5063,"length":64.4285,"mcpPosition":[25.4657,291.292,-10.7962],"pipPosition":[13.038,264.706,-44.4857],"stabilizedTipPosition":[9.2847,230.895,-23.3079],"timeVisible":36.6381,"tipPosition":[5.59499,232.743,-20.3381],"tipVelocity":[-49.5527,-3.79988,28.3744],"tool":false,"touchDistance":0.333333,"touchZone":"none","type":3,"width":18.077},{"bases":[[[0.85361,-0.510432,-0.103971],[0.423511,0.563823,0.709043],[-0.303298,-0.649279,0.697458]],[[0.877064,-0.451084,-0.165173],[0.276002,0.754621,-0.59529],[0.393169,0.476519,0.786351]],[[0.877064,-0.451084,-0.165173],[-0.327137,-0.309078,-0.893002],[0.351767,0.837254,-0.418647]],[[0.877064,-0.451084,-0.165173],[-0.46592,-0.715098,-0.521108],[0.116948,0.534003,-0.837356]]],"btipPosition":[21.1219,238.092,-14.5967],"carpPosition":[26.3333,242.873,31.0287],"dipPosition":[23.1378,247.297,-29.0301],"direction":[-0.351767,-0.837254,0.418647],"extended":false,"handId":506,"id":5064,"length":50.5107,"mcpPosition":[43.92,280.522,-9.41356],"pipPosition":[30.0179,263.672,-37.2183],"stabilizedTipPosition":[25.2268,237.858,-20.7857],"timeVisible":36.6381,"tipPosition":[21.5486,240.18,-17.93],"tipVelocity":[-48.108,3.58461,30.5234],"tool":false,"touchDistance":0.333333,"touchZone":"none","type":4,"width":16.0574}],"r":[[0.979921,-0.138196,0.143725],[0.130807,0.989609,0.0596965],[-0.150481,-0.0396977,0.987815]],"s":1.15413,"t":[20.1279,14.372,-8.35931],"timestamp":97851111511},false],[3,{"currentFrameRate":103.874,"devices":[],"gestures":[],"hands":[{"armBasis":[[0.944396,0.0261039,-0.327773],[0.0942157,0.933563,0.345808],[0.315024,-0.357461,0.879194]],"armWidth":63.72,"confidence":0.534014,"direction":[0.0527768,0.770905,-0.63476],"elbow":[95.0381,139.634,273.111],"grabStrength":0.53406,"id":506,"palmNormal":[-0.0782769,-0.630496,-0.772235],"palmPosition":[4.90471,275.743,-1.67785],"palmVelocity":[-50.3165,-6.52239,33.8149],"palmWidth":90.99,"pinchStrength":0.6086,"r":[[0.980535,-0.13644,0.141189],[0.128929,0.989771,0.0610856],[-0.14808,-0.0416931,0.988096]],"s":1.15192,"sphereCenter":[12.4611,254.5,-48.1219],"sphereRadius":46.9421,"stabilizedPalmPosition":[10.0671,273.809,-6.28431],"t":[19.6738,14.2497,-8.13369],"timeVisible":36.6476,"type":"right","wrist":[9.98162,236.148,35.7289]}],"id":1802397,"interactionBox":{"center":[0,200,0],"size":[235.247,235.247,147.751]},"pointables":[{"bases":[[[0.480912,0.677967,0.555953],[-0.78679,0.0538979,0.614863],[0.386892,-0.733113,0.559338]],[[0.388113,0.817794,0.424949],[-0.871282,0.175294,0.45841],[0.300394,-0.548165,0.780563]],[[0.388113,0.817794,0.424949],[-0.908393,0.417269,0.0266358],[-0.155535,-0.396359,0.904825]],[[0.388113,0.817794,0.424949],[-0.921571,0.348709,0.170612],[-0.00865779,-0.457838,0.888994]]],"btipPosition":[-28.9144,280.871,-60.2875],"carpPosition":[-19.4251,229.279,30.3326],"dipPosition":[-29.117,270.156,-39.4818],"direction":[0.155535,0.396359,-0.904825],"extended":false,"handId":506,"id":5060,"length":52.1164,"mcpPosition":[-19.4251,229.279,30.3326],"pipPosition":[-34.4201,256.642,-8.63126],"stabilizedTipPosition":[-27.2024,278.73,-56.708],"timeVisible":36.6476,"tipPosition":[-28.9742,278.401,-55.3124],"tipVelocity":[-61.3785,-8.96958,41.109],"tool":false,"touchDistance":-0.125006,"touchZone":"touching","type":0,"width":20.25},{"bases":[[[0.990262,0.0402772,-0.133262],[0.0603332,0.738506,0.671542],[0.125462,-0.673042,0.728885]],[[0.974575,0.101856,-0.199572],[-0.0970152,0.994705,0.0339154],[0.20197,-0.0136916,0.979296]],[[0.974575,0.101856,-0.199572],[-0.134772,0.978041,-0.15897],[0.178998,0.181825,0.966902]],[[0.974575,0.101856,-0.199572],[-0.155414,0.948904,-0.274641],[0.161401,0.298675,0.940608]]],"btipPosition":[-34.2919,289.733,-96.7161],"carpPosition":[-9.30048,249.127,38.4218],"dipPosition":[-31.5342,294.836,-80.6453],"direction":[-0.178998,-0.181825,-0.966902],"extended":true,"handId":506,"id":5061,"length":58.8075,"mcpPosition":[-18.5307,298.642,-15.202],"pipPosition":[-27.2078,299.231,-57.2749],"stabilizedTipPosition":[-31.7828,292.216,-94.4014],"timeVisible":36.6476,"tipPosition":[-33.9164,292.119,-93.0368],"tipVelocity":[-69.2731,-46.2348,50.1403],"tool":false,"touchDistance":-0.073077,"touchZone":"touching","type":1,"width":19.3428},{"bases":[[[0.973216,-0.177515,-0.146077],[0.22962,0.719728,0.655184],[-0.0111691,-0.671178,0.741212]],[[0.973156,-0.15903,-0.166362],[0.0131752,0.760167,-0.649594],[0.229768,0.629965,0.741856]],[[0.973156,-0.15903,-0.166362],[-0.219583,-0.425117,-0.8781],[0.068921,0.891059,-0.448625]],[[0.973156,-0.15903,-0.166362],[-0.222569,-0.834257,-0.504458],[-0.0585649,0.527943,-0.847258]]],"btipPosition":[-8.36444,232.474,-21.2794],"carpPosition":[2.79054,251.271,37.5123],"dipPosition":[-9.46499,242.395,-37.201],"direction":[-0.068921,-0.891059,0.448625],"extended":false,"handId":506,"id":5062,"length":67.0064,"mcpPosition":[3.56979,298.098,-14.2005],"pipPosition":[-7.50512,267.733,-49.9583],"stabilizedTipPosition":[-4.18549,233.075,-27.9626],"timeVisible":36.6476,"tipPosition":[-8.5456,234.659,-24.7397],"tipVelocity":[-54.6033,-6.03035,22.6514],"tool":false,"touchDistance":0.333333,"touchZone":"none","type":2,"width":18.9972},{"bases":[[[0.940868,-0.328097,-0.0843818],[0.298092,0.683444,0.666368],[-0.160963,-0.652117,0.740833]],[[0.946389,-0.302631,-0.11297],[0.16078,0.744625,-0.64783],[0.280174,0.594936,0.753362]],[[0.946389,-0.302631,-0.11297],[-0.228095,-0.378419,-0.897091],[0.228737,0.874765,-0.42716]],[[0.946389,-0.302631,-0.11297],[-0.314287,-0.781822,-0.538497],[0.074643,0.545132,-0.83502]]],"btipPosition":[4.73737,230.149,-16.9226],"carpPosition":[14.9038,250.3,35.7084],"dipPosition":[6.132,240.334,-32.5241],"direction":[-0.228737,-0.874765,0.42716],"extended":false,"handId":506,"id":5063,"length":64.4285,"mcpPosition":[24.9865,291.148,-10.6974],"pipPosition":[12.4685,264.567,-44.3573],"stabilizedTipPosition":[9.06885,230.977,-23.1651],"timeVisible":36.6476,"tipPosition":[5.1009,232.538,-20.2825],"tipVelocity":[-50.6995,-9.8779,21.0371],"tool":false,"touchDistance":0.333333,"touchZone":"none","type":3,"width":18.077},{"bases":[[[0.853641,-0.509752,-0.107007],[0.425403,0.563777,0.707946],[-0.300549,-0.649853,0.698113]],[[0.876895,-0.450224,-0.168386],[0.273366,0.755236,-0.595726],[0.395381,0.476358,0.785339]],[[0.876895,-0.450224,-0.168386],[-0.329746,-0.308544,-0.892227],[0.349747,0.837913,-0.41902]],[[0.876895,-0.450224,-0.168386],[-0.466997,-0.714953,-0.520342],[0.113882,0.534921,-0.837192]]],"btipPosition":[20.6693,237.938,-14.5232],"carpPosition":[26.0258,242.709,31.0999],"dipPosition":[22.6322,247.159,-28.9538],"direction":[-0.349747,-0.837913,0.41902],"extended":false,"handId":506,"id":5064,"length":50.5107,"mcpPosition":[43.4532,280.391,-9.38033],"pipPosition":[29.4729,263.547,-37.1493],"stabilizedTipPosition":[25.0177,237.97,-20.6358],"timeVisible":36.6476,"tipPosition":[21.0844,240.033,-17.851],"tipVelocity":[-48.331,-1.98819,23.9866],"tool":false,"touchDistance":0.333333,"touchZone":"none","type":4,"width":16.0574}],"r":[[0.980535,-0.13644,0.141189],[0.128929,0.989771,0.0610856],[-0.14808,-0.0416931,0.988096]],"s":1.15192,"t":[19.6738,14.2497,-8.13369],"timestamp":97851121020},false],[4,{"currentFrameRate":103.884,"devices":[],"gestures":[],"hands":[{"armBasis":[[0.943913,0.0259081,-0.329177],[0.0941876,0.934373,0.343622],[0.316477,-0.355354,0.879526]],"armWidth":63.72,"confidence":0.540272,"direction":[0.0504675,0.771735,-0.633939],"elbow":[95.0479,139.892,273.276],"grabStrength":0.541876,"id":506,"palmNormal":[-0.0795839,-0.629622,-0.772815],"palmPosition":[4.39179,275.473,-1.54121],"palmVelocity":[-51.2084,-12.7786,28.1308],"palmWidth":90.99,"pinchStrength":0.613491,"r":[[0.981115,-0.134877,0.138643],[0.12727,0.989905,0.0623805],[-0.145657,-0.0435573,0.988376]],"s":1.14968,"sphereCenter":[11.9539,254.266,-48.0094],"sphereRadius":46.906,"stabilizedPalmPosition":[9.86003,273.869,-6.11127],"t":[19.1903,14.0536,-7.95256],"timeVisible":36.6572,"type":"right","wrist":[9.59917,235.837,35.8041]}],"id":1802398,"interactionBox":{"center":[0,200,0],"size":[235.247,235.247,147.751]},"pointables":[{"bases":[[[0.481636,0.677745,0.555597],[-0.785317,0.0523862,0.616873],[0.388977,-0.733428,0.557476]],[[0.388102,0.817974,0.424613],[-0.87066,0.174335,0.459955],[0.302206,-0.548203,0.779837]],[[0.388102,0.817974,0.424613],[-0.908536,0.416915,0.0272705],[-0.154721,-0.39636,0.904964]],[[0.388102,0.817974,0.424613],[-0.921611,0.346064,0.175707],[-0.00322014,-0.45952,0.888162]]],"btipPosition":[-29.549,280.58,-60.097],"carpPosition":[-19.8142,228.947,30.472],"dipPosition":[-29.6243,269.826,-39.3108],"direction":[0.154721,0.39636,-0.904964],"extended":false,"handId":506,"id":5060,"length":52.1164,"mcpPosition":[-19.8142,228.947,30.472],"pipPosition":[-34.8996,256.312,-8.45553],"stabilizedTipPosition":[-27.7042,278.597,-56.4126],"timeVisible":36.6572,"tipPosition":[-29.5946,278.125,-55.118],"tipVelocity":[-61.8519,-15.4343,34.7991],"tool":false,"touchDistance":-0.121906,"touchZone":"touching","type":0,"width":20.25},{"bases":[[[0.98989,0.0413924,-0.135661],[0.0612877,0.737738,0.672299],[0.12791,-0.673817,0.727743]],[[0.974061,0.102789,-0.20159],[-0.0985996,0.994652,0.03074],[0.203672,-0.0100659,0.978987]],[[0.974061,0.102789,-0.20159],[-0.137017,0.976909,-0.163937],[0.180085,0.187306,0.965653]],[[0.974061,0.102789,-0.20159],[-0.157931,0.946822,-0.28033],[0.162056,0.304896,0.938497]]],"btipPosition":[-34.9707,289.063,-96.4138],"carpPosition":[-9.68862,248.794,38.5606],"dipPosition":[-32.2019,294.272,-80.379],"direction":[-0.180085,-0.187306,-0.965653],"extended":true,"handId":506,"id":5061,"length":58.8075,"mcpPosition":[-19.0989,298.367,-14.9791],"pipPosition":[-27.8492,298.799,-57.0387],"stabilizedTipPosition":[-32.4148,291.732,-93.9863],"timeVisible":36.6572,"tipPosition":[-34.5942,291.51,-92.7499],"tipVelocity":[-69.5982,-52.3249,44.4745],"tool":false,"touchDistance":-0.0681757,"touchZone":"touching","type":1,"width":19.3428},{"bases":[[[0.973021,-0.1764,-0.148703],[0.230551,0.719142,0.6555],[-0.00869193,-0.672099,0.74041]],[[0.972899,-0.158115,-0.168721],[0.0110758,0.760697,-0.649012],[0.230964,0.629555,0.741833]],[[0.972899,-0.158115,-0.168721],[-0.221228,-0.424216,-0.878122],[0.06727,0.89165,-0.447699]],[[0.972899,-0.158115,-0.168721],[-0.2231,-0.833652,-0.505224],[-0.0607711,0.529173,-0.846335]]],"btipPosition":[-8.89898,232.198,-21.1544],"carpPosition":[2.39805,250.951,37.6239],"dipPosition":[-10.041,242.142,-37.0587],"direction":[-0.06727,-0.89165,0.447699],"extended":false,"handId":506,"id":5062,"length":67.0064,"mcpPosition":[3.00446,297.842,-14.033],"pipPosition":[-8.12808,267.497,-49.7897],"stabilizedTipPosition":[-4.43553,233.146,-27.8043],"timeVisible":36.6572,"tipPosition":[-9.0857,234.397,-24.619],"tipVelocity":[-55.1924,-12.4532,19.9736],"tool":false,"touchDistance":0.333333,"touchZone":"none","type":2,"width":18.9972},{"bases":[[[0.94097,-0.327089,-0.0871128],[0.299086,0.68291,0.666469],[-0.158505,-0.653182,0.740426]],[[0.946373,-0.301705,-0.115548],[0.158803,0.745872,-0.646883],[0.281352,0.593843,0.753785]],[[0.946373,-0.301705,-0.115548],[-0.22879,-0.373339,-0.89904],[0.228106,0.877264,-0.422345]],[[0.946373,-0.301705,-0.115548],[-0.314429,-0.777935,-0.544014],[0.0742426,0.551172,-0.831082]]],"btipPosition":[4.15964,229.776,-17.0425],"carpPosition":[14.5077,249.994,35.7888],"dipPosition":[5.54678,240.074,-32.5704],"direction":[-0.228106,-0.877264,0.422345],"extended":false,"handId":506,"id":5063,"length":64.4285,"mcpPosition":[24.4365,290.909,-10.5914],"pipPosition":[11.8658,264.376,-44.2702],"stabilizedTipPosition":[8.81619,231.041,-23.0246],"timeVisible":36.6572,"tipPosition":[4.54243,232.228,-20.3337],"tipVelocity":[-53.4894,-17.4845,11.8241],"tool":false,"touchDistance":0.333333,"touchZone":"none","type":3,"width":18.077},{"bases":[[[0.853861,-0.5088,-0.109746],[0.426614,0.563315,0.707586],[-0.298198,-0.650999,0.698053]],[[0.876961,-0.449002,-0.171279],[0.270987,0.756383,-0.595358],[0.396869,0.475692,0.784992]],[[0.876961,-0.449002,-0.171279],[-0.331466,-0.307097,-0.892088],[0.34795,0.8391,-0.418141]],[[0.876961,-0.449002,-0.171279],[-0.467434,-0.714251,-0.520913],[0.111555,0.536882,-0.836249]]],"btipPosition":[20.1553,237.681,-14.4974],"carpPosition":[25.6256,242.419,31.1435],"dipPosition":[22.0782,246.936,-28.9116],"direction":[-0.34795,-0.8391,0.418141],"extended":false,"handId":506,"id":5064,"length":50.5107,"mcpPosition":[42.9166,280.167,-9.33329],"pipPosition":[28.8837,263.347,-37.09],"stabilizedTipPosition":[24.7824,238.068,-20.4855],"timeVisible":36.6572,"tipPosition":[20.5639,239.79,-17.8123],"tipVelocity":[-50.1078,-8.9316,17.9216],"tool":false,"touchDistance":0.333333,"touchZone":"none","type":4,"width":16.0574}],"r":[[0.981115,-0.134877,0.138643],[0.12727,0.989905,0.0623805],[-0.145657,-0.0435573,0.988376]],"s":1.14968,"t":[19.1903,14.0536,-7.95256],"timestamp":97851130627},false],[5,{"currentFrameRate":103.881,"devices":[],"gestures":[],"hands":[{"armBasis":[[0.94359,0.0262506,-0.330074],[0.0937851,0.934843,0.342453],[0.317557,-0.354091,0.879646]],"armWidth":63.72,"confidence":0.546326,"direction":[0.0479724,0.771667,-0.634215],"elbow":[95.0522,139.935,273.375],"grabStrength":0.549603,"id":506,"palmNormal":[-0.0805877,-0.629886,-0.772495],"palmPosition":[3.96503,275.16,-1.4708],"palmVelocity":[-49.2,-18.4929,22.0766],"palmWidth":90.99,"pinchStrength":0.618422,"r":[[0.981671,-0.133362,0.13615],[0.125718,0.990043,0.0633188],[-0.143239,-0.0450418,0.988663]],"s":1.14749,"sphereCenter":[11.5638,253.921,-47.9413],"sphereRadius":46.8897,"stabilizedPalmPosition":[9.63091,273.919,-5.93091],"t":[18.7352,13.7994,-7.82679],"timeVisible":36.6669,"type":"right","wrist":[9.31181,235.539,35.8703]}],"id":1802399,"interactionBox":{"center":[0,200,0],"size":[235.247,235.247,147.751]},"pointables":[{"bases":[[[0.482065,0.678486,0.55432],[-0.783929,0.0514973,0.618711],[0.391241,-0.732806,0.55671]],[[0.387918,0.818709,0.423362],[-0.869935,0.173464,0.461654],[0.304522,-0.547381,0.779513]],[[0.387918,0.818709,0.423362],[-0.908944,0.415944,0.0284832],[-0.152775,-0.395861,0.905513]],[[0.387918,0.818709,0.423362],[-0.921693,0.343915,0.179455],[0.00132088,-0.459823,0.888009]]],"btipPosition":[-30.1281,280.192,-59.959],"carpPosition":[-20.1051,228.61,30.609],"dipPosition":[-30.0972,269.431,-39.1764],"direction":[0.152775,0.395861,-0.905513],"extended":false,"handId":506,"id":5060,"length":52.1164,"mcpPosition":[-20.1051,228.61,30.609],"pipPosition":[-35.3061,255.933,-8.3024],"stabilizedTipPosition":[-28.2439,278.401,-56.1371],"timeVisible":36.6669,"tipPosition":[-30.1488,277.744,-54.9796],"tipVelocity":[-60.6095,-22.7077,28.8205],"tool":false,"touchDistance":-0.11962,"touchZone":"touching","type":0,"width":20.25},{"bases":[[[0.989513,0.0426475,-0.138002],[0.0619145,0.737958,0.672001],[0.130499,-0.673498,0.727579]],[[0.97347,0.103948,-0.203841],[-0.100711,0.99457,0.0262167],[0.205459,-0.0049921,0.978653]],[[0.97347,0.103948,-0.203841],[-0.139865,0.975371,-0.170557],[0.181091,0.194542,0.964033]],[[0.97347,0.103948,-0.203841],[-0.161074,0.944042,-0.287819],[0.162516,0.313017,0.93574]]],"btipPosition":[-35.5677,288.185,-96.192],"carpPosition":[-9.98623,248.472,38.6696],"dipPosition":[-32.791,293.533,-80.2044],"direction":[-0.181091,-0.194542,-0.964033],"extended":true,"handId":506,"id":5061,"length":58.8075,"mcpPosition":[-19.587,298.021,-14.858],"pipPosition":[-28.414,298.235,-56.9033],"stabilizedTipPosition":[-33.0914,291.108,-93.5904],"timeVisible":36.6669,"tipPosition":[-35.1869,290.703,-92.55],"tipVelocity":[-67.3269,-62.6292,37.9077],"tool":false,"touchDistance":-0.0646611,"touchZone":"touching","type":1,"width":19.3428},{"bases":[[[0.972896,-0.175169,-0.150959],[0.231162,0.719578,0.654806],[-0.00607545,-0.671954,0.740568]],[[0.97271,-0.157101,-0.170749],[0.00878355,0.760309,-0.649502],[0.231859,0.630277,0.74094]],[[0.97271,-0.157101,-0.170749],[-0.222631,-0.424657,-0.877555],[0.0653552,0.89162,-0.448043]],[[0.97271,-0.157101,-0.170749],[-0.223287,-0.833858,-0.5048],[-0.0630754,0.52915,-0.846181]]],"btipPosition":[-9.32959,231.847,-21.0354],"carpPosition":[2.09539,250.644,37.704],"dipPosition":[-10.5149,241.791,-36.9368],"direction":[-0.0653552,-0.89162,0.448043],"extended":false,"handId":506,"id":5062,"length":67.0064,"mcpPosition":[2.51926,297.525,-13.9639],"pipPosition":[-8.65644,267.146,-49.6775],"stabilizedTipPosition":[-4.70691,233.198,-27.6409],"timeVisible":36.6669,"tipPosition":[-9.52261,234.055,-24.507],"tipVelocity":[-52.4425,-19.4104,17.7791],"tool":false,"touchDistance":0.333333,"touchZone":"none","type":2,"width":18.9972},{"bases":[[[0.941185,-0.325887,-0.0892623],[0.299769,0.683437,0.665621],[-0.155912,-0.653231,0.740932]],[[0.946479,-0.300558,-0.117654],[0.156575,0.746305,-0.646926],[0.282244,0.59388,0.753422]],[[0.946479,-0.300558,-0.117654],[-0.229463,-0.370231,-0.900153],[0.226989,0.878973,-0.419383]],[[0.946479,-0.300558,-0.117654],[-0.314324,-0.775491,-0.547553],[0.0733321,0.555229,-0.828458]]],"btipPosition":[3.69956,229.363,-17.1374],"carpPosition":[14.202,249.702,35.8406],"dipPosition":[5.0697,239.737,-32.6163],"direction":[-0.226989,-0.878973,0.419383],"extended":false,"handId":506,"id":5063,"length":64.4285,"mcpPosition":[23.9683,290.621,-10.5714],"pipPosition":[11.3577,264.086,-44.234],"stabilizedTipPosition":[8.53264,231.083,-22.8872],"timeVisible":36.6669,"tipPosition":[4.09343,231.858,-20.3759],"tipVelocity":[-51.9417,-24.3448,5.86288],"tool":false,"touchDistance":0.333333,"touchZone":"none","type":3,"width":18.077},{"bases":[[[0.854259,-0.507715,-0.111652],[0.427548,0.564016,0.706462],[-0.295708,-0.651239,0.698889]],[[0.87719,-0.447733,-0.173417],[0.268404,0.75673,-0.596087],[0.398118,0.476335,0.783969]],[[0.87719,-0.447733,-0.173417],[-0.333046,-0.307216,-0.891459],[0.345859,0.839734,-0.418602]],[[0.87719,-0.447733,-0.173417],[-0.467599,-0.714583,-0.52031],[0.10904,0.5375,-0.836184]]],"btipPosition":[19.7441,237.372,-14.4746],"carpPosition":[25.3186,242.141,31.1706],"dipPosition":[21.6236,246.636,-28.8878],"direction":[-0.345859,-0.839734,0.418602],"extended":false,"handId":506,"id":5064,"length":50.5107,"mcpPosition":[42.4653,279.903,-9.35461],"pipPosition":[28.3882,263.061,-37.0751],"stabilizedTipPosition":[24.525,238.148,-20.3348],"timeVisible":36.6669,"tipPosition":[20.1443,239.488,-17.7828],"tipVelocity":[-48.2523,-15.6148,13.4051],"tool":false,"touchDistance":0.333333,"touchZone":"none","type":4,"width":16.0574}],"r":[[0.981671,-0.133362,0.13615],[0.125718,0.990043,0.0633188],[-0.143239,-0.0450418,0.988663]],"s":1.14749,"t":[18.7352,13.7994,-7.82679],"timestamp":97851140260},false],[6,{"currentFrameRate":103.892,"devices":[],"gestures":[],"hands":[{"armBasis":[[0.942904,0.0268554,-0.33198],[0.0936177,0.93519,0.341549],[0.319636,-0.353127,0.87928]],"armWidth":63.72,"confidence":0.552177,"direction":[0.0459789,0.77187,-0.634116],"elbow":[95.2813,139.932,273.305],"grabStrength":0.554968,"id":506,"palmNormal":[-0.0815734,-0.629766,-0.77249],"palmPosition":[3.52073,274.902,-1.42115],"palmVelocity":[-48.3463,-20.9305,17.1721],"palmWidth":90.99,"pinchStrength":0.622362,"r":[[0.982188,-0.131973,0.133752],[0.124321,0.990171,0.0640717],[-0.140893,-0.0463023,0.988941]],"s":1.14544,"sphereCenter":[11.1037,253.667,-47.8926],"sphereRadius":46.8555,"stabilizedPalmPosition":[9.37578,273.96,-5.74261],"t":[18.2855,13.5431,-7.73909],"timeVisible":36.6765,"type":"right","wrist":[8.97952,235.277,35.899]}],"id":1802400,"interactionBox":{"center":[0,200,0],"size":[235.247,235.247,147.751]},"pointables":[{"bases":[[[0.482563,0.67879,0.553514],[-0.782721,0.0506214,0.620311],[0.393041,-0.732586,0.555731]],[[0.387772,0.819253,0.422443],[-0.86946,0.172922,0.46275],[0.30606,-0.546739,0.779361]],[[0.387772,0.819253,0.422443],[-0.90914,0.415498,0.0287419],[-0.151977,-0.395205,0.905934]],[[0.387772,0.819253,0.422443],[-0.921734,0.341507,0.183793],[0.00630515,-0.460649,0.88756]]],"btipPosition":[-30.6852,279.868,-59.8687],"carpPosition":[-20.4416,228.321,30.6956],"dipPosition":[-30.5376,269.088,-39.0966],"direction":[0.151977,0.395205,-0.905934],"extended":false,"handId":506,"id":5060,"length":52.1164,"mcpPosition":[-20.4416,228.321,30.6956],"pipPosition":[-35.7194,255.613,-8.20827],"stabilizedTipPosition":[-28.8146,278.161,-55.8891],"timeVisible":36.6765,"tipPosition":[-30.6869,277.435,-54.885],"tipVelocity":[-59.0434,-26.027,23.1147],"tool":false,"touchDistance":-0.118155,"touchZone":"touching","type":0,"width":20.25},{"bases":[[[0.989192,0.0435917,-0.139995],[0.0625974,0.737846,0.67206],[0.132591,-0.67356,0.727143]],[[0.972979,0.104836,-0.205724],[-0.102182,0.994488,0.0235111],[0.207054,-0.00185445,0.978328]],[[0.972979,0.104836,-0.205724],[-0.142034,0.974215,-0.175302],[0.182041,0.199785,0.962781]],[[0.972979,0.104836,-0.205724],[-0.163537,0.941872,-0.293482],[0.162998,0.319195,0.933566]]],"btipPosition":[-36.1598,287.541,-96.0075],"carpPosition":[-10.3247,248.191,38.7407],"dipPosition":[-33.3749,292.995,-80.057],"direction":[-0.182041,-0.199785,-0.962781],"extended":true,"handId":506,"id":5061,"length":58.8075,"mcpPosition":[-20.0793,297.744,-14.7549],"pipPosition":[-28.9749,297.824,-56.7862],"stabilizedTipPosition":[-33.7991,290.434,-93.2255],"timeVisible":36.6765,"tipPosition":[-35.7732,290.095,-92.3828],"tipVelocity":[-65.6212,-63.1695,32.2263],"tool":false,"touchDistance":-0.0617281,"touchZone":"touching","type":1,"width":19.3428},{"bases":[[[0.972749,-0.174237,-0.152973],[0.231827,0.719626,0.654518],[-0.00395826,-0.672145,0.740409]],[[0.972512,-0.156362,-0.172543],[0.00697745,0.760233,-0.649613],[0.232747,0.630553,0.740427]],[[0.972512,-0.156362,-0.172543],[-0.223911,-0.424613,-0.87725],[0.0639046,0.891771,-0.447953]],[[0.972512,-0.156362,-0.172543],[-0.223617,-0.833761,-0.504815],[-0.0649255,0.529522,-0.845808]]],"btipPosition":[-9.78653,231.566,-20.962],"carpPosition":[1.75296,250.375,37.7512],"dipPosition":[-11.0066,241.517,-36.8564],"direction":[-0.0639046,-0.891771,0.447953],"extended":false,"handId":506,"id":5062,"length":67.0064,"mcpPosition":[2.02912,297.269,-13.9057],"pipPosition":[-9.18939,266.876,-49.5946],"stabilizedTipPosition":[-5.00035,233.234,-27.4754],"timeVisible":36.6765,"tipPosition":[-9.98436,233.783,-24.4391],"tipVelocity":[-51.2714,-22.2206,14.8871],"tool":false,"touchDistance":0.333333,"touchZone":"none","type":2,"width":18.9972},{"bases":[[[0.941302,-0.324999,-0.0912505],[0.300489,0.683546,0.665186],[-0.153811,-0.65356,0.741081]],[[0.946507,-0.299703,-0.119596],[0.154792,0.746905,-0.646662],[0.283134,0.593558,0.753342]],[[0.946507,-0.299703,-0.119596],[-0.230172,-0.367305,-0.90117],[0.226156,0.880491,-0.41664]],[[0.946507,-0.299703,-0.119596],[-0.314418,-0.773226,-0.550692],[0.0725697,0.558837,-0.826096]]],"btipPosition":[3.22016,229.03,-17.2409],"carpPosition":[13.8566,249.444,35.863],"dipPosition":[4.57605,239.472,-32.6756],"direction":[-0.226156,-0.880491,0.41664],"extended":false,"handId":506,"id":5063,"length":64.4285,"mcpPosition":[23.4913,290.383,-10.5584],"pipPosition":[10.841,263.863,-44.2174],"stabilizedTipPosition":[8.21995,231.105,-22.7561],"timeVisible":36.6765,"tipPosition":[3.62186,231.56,-20.4392],"tipVelocity":[-51.4517,-26.8629,1.34319],"tool":false,"touchDistance":0.333333,"touchZone":"none","type":3,"width":18.077},{"bases":[[[0.854498,-0.506902,-0.11351],[0.42846,0.564231,0.705737],[-0.293693,-0.651686,0.699321]],[[0.877314,-0.446668,-0.175518],[0.266222,0.757252,-0.596402],[0.399306,0.476505,0.783261]],[[0.877314,-0.446668,-0.175518],[-0.334548,-0.306986,-0.890976],[0.344089,0.840385,-0.418755]],[[0.877314,-0.446668,-0.175518],[-0.46788,-0.714661,-0.51995],[0.106809,0.538281,-0.83597]]],"btipPosition":[19.3104,237.118,-14.4774],"carpPosition":[24.9707,241.894,31.1686],"dipPosition":[21.1515,246.397,-28.8869],"direction":[-0.344089,-0.840385,0.418755],"extended":false,"handId":506,"id":5064,"length":50.5107,"mcpPosition":[42.0006,279.682,-9.38172],"pipPosition":[27.8815,262.834,-37.0772],"stabilizedTipPosition":[24.2443,238.213,-20.1858],"timeVisible":36.6765,"tipPosition":[19.7016,239.243,-17.781],"tipVelocity":[-47.6193,-18.6381,9.45806],"tool":false,"touchDistance":0.333333,"touchZone":"none","type":4,"width":16.0574}],"r":[[0.982188,-0.131973,0.1