{"sensorType":"Leap","data":[[0,{"currentFrameRate":100.655,"devices":[],"gestures":[],"hands":[{"armBasis":[[0.942793,-0.03604,-0.331425],[0.158103,0.923568,0.34932],[0.293504,-0.381736,0.876432]],"armWidth":63.72,"confidence":0.503033,"direction":[0.108062,0.774081,-0.623795],"elbow":[87.9753,132.394,265.964],"grabStrength":0.590823,"id":506,"palmNormal":[-0.119559,-0.612797,-0.781144],"palmPosition":[6.52496,275.828,-7.53183],"palmVelocity":[-5.96651,-1.48829,11.3872],"palmWidth":90.99,"pinchStrength":0.655973,"r":[[0.971912,-0.193273,0.134285],[0.183217,0.979502,0.0837083],[-0.147711,-0.0567539,0.987401]],"s":1.13912,"sphereCenter":[12.8445,254.962,-53.7177],"sphereRadius":46.4537,"stabilizedPalmPosition":[8.28209,273.596,-11.9942],"t":[20.8974,14.2466,-13.8569],"timeVisible":39.4014,"type":"right","wrist":[8.72923,235.463,29.327]}],"id":1802677,"interactionBox":{"center":[0,200,0],"size":[235.247,235.247,147.751]},"pointables":[{"bases":[[[0.52516,0.635172,0.566359],[-0.782979,0.0999103,0.613973],[0.333393,-0.765881,0.549795]],[[0.442318,0.783418,0.43659],[-0.857681,0.227186,0.46127],[0.26218,-0.578483,0.772411]],[[0.442318,0.783418,0.43659],[-0.875259,0.483258,0.0195835],[-0.195644,-0.390791,0.899447]],[[0.442318,0.783418,0.43659],[-0.896638,0.397057,0.195922],[-0.0198627,-0.478123,0.878068]]],"btipPosition":[-27.0192,284.119,-65.9983],"carpPosition":[-21.0672,230.729,23.7758],"dipPosition":[-27.484,272.929,-45.4483],"direction":[0.195644,0.390791,-0.899447],"extended":false,"handId":506,"id":5060,"length":52.1164,"mcpPosition":[-21.0672,230.729,23.7758],"pipPosition":[-34.1546,259.605,-14.7811],"stabilizedTipPosition":[-26.0177,281.234,-62.6952],"timeVisible":39.4014,"tipPosition":[-27.2244,281.785,-61.0647],"tipVelocity":[-15.7925,-1.0365,17.5173],"tool":false,"touchDistance":-0.1816,"touchZone":"touching","type":0,"width":20.25},{"bases":[[[0.991062,-0.026765,-0.130691],[0.109457,0.723174,0.681937],[0.0762602,-0.690147,0.71964]],[[0.977216,0.0472198,-0.206927],[-0.0447972,0.998862,0.0163805],[0.207465,-0.00673754,0.978219]],[[0.977216,0.0472198,-0.206927],[-0.0925973,0.972113,-0.21546],[0.190983,0.229712,0.954336]],[[0.977216,0.0472198,-0.206927],[-0.119092,0.928989,-0.350422],[0.175686,0.367082,0.913447]]],"btipPosition":[-31.7547,288.951,-101.481],"carpPosition":[-9.61321,249.712,32.1625],"dipPosition":[-28.753,295.223,-85.8744],"direction":[-0.190983,-0.229712,-0.954336],"extended":true,"handId":506,"id":5061,"length":58.8075,"mcpPosition":[-15.2236,300.485,-20.7811],"pipPosition":[-24.1369,300.775,-62.8078],"stabilizedTipPosition":[-29.7048,290.802,-99.3635],"timeVisible":39.4014,"tipPosition":[-31.1202,291.538,-98.0049],"tipVelocity":[-22.4748,-10.8393,20.1504],"tool":false,"touchDistance":-0.154619,"touchZone":"touching","type":1,"width":19.3428},{"bases":[[[0.958975,-0.242649,-0.146589],[0.27708,0.692911,0.665659],[-0.0599483,-0.678967,0.731717]],[[0.96054,-0.217271,-0.173658],[0.0530125,0.755908,-0.652528],[0.273045,0.617573,0.737598]],[[0.96054,-0.217271,-0.173658],[-0.254894,-0.437721,-0.862224],[0.111323,0.872464,-0.475829]],[[0.96054,-0.217271,-0.173658],[-0.274858,-0.837132,-0.472929],[-0.0426205,0.501999,-0.863818]]],"btipPosition":[-8.74293,234.383,-25.5317],"carpPosition":[2.60015,251.023,31.3075],"dipPosition":[-9.54385,243.816,-41.7646],"direction":[-0.111323,-0.872464,0.475829],"extended":false,"handId":506,"id":5062,"length":67.0064,"mcpPosition":[6.78262,298.393,-19.7429],"pipPosition":[-6.37824,268.626,-55.2954],"stabilizedTipPosition":[-6.10266,234.497,-32.969],"timeVisible":39.4014,"tipPosition":[-8.93804,236.668,-29.4163],"tipVelocity":[-16.8173,-0.393391,17.3307],"tool":false,"touchDistance":0.333333,"touchZone":"none","type":2,"width":18.9972},{"bases":[[[0.916066,-0.391459,-0.0870736],[0.342834,0.651807,0.676471],[-0.208056,-0.649544,0.731304]],[[0.922717,-0.368749,-0.112327],[0.216981,0.737697,-0.639314],[0.318609,0.565533,0.760697]],[[0.922717,-0.368749,-0.112327],[-0.260288,-0.381076,-0.887148],[0.284329,0.847824,-0.447606]],[[0.922717,-0.368749,-0.112327],[-0.3723,-0.776958,-0.50767],[0.0999292,0.510255,-0.854198]]],"btipPosition":[3.67578,231.637,-21.9226],"carpPosition":[14.6221,249.238,29.5145],"dipPosition":[5.54285,241.171,-37.8824],"direction":[-0.284329,-0.847824,0.447606],"extended":false,"handId":506,"id":5063,"length":64.4285,"mcpPosition":[27.6547,289.925,-16.2943],"pipPosition":[13.4193,264.657,-50.282],"stabilizedTipPosition":[6.48561,232.324,-28.4261],"timeVisible":39.4014,"tipPosition":[4.11614,233.87,-25.5274],"tipVelocity":[-15.5234,-0.4047,16.3559],"tool":false,"touchDistance":0.333333,"touchZone":"none","type":3,"width":18.077},{"bases":[[[0.816506,-0.566286,-0.112416],[0.461405,0.523022,0.716626],[-0.34702,-0.636999,0.688338]],[[0.845586,-0.503708,-0.176811],[0.322703,0.746145,-0.58235],[0.425261,0.43537,0.793478]],[[0.845586,-0.503708,-0.176811],[-0.362086,-0.297787,-0.883299],[0.392272,0.810926,-0.43419]],[[0.845586,-0.503708,-0.176811],[-0.519169,-0.698826,-0.492043],[0.124285,0.507859,-0.852427]]],"btipPosition":[20.4744,237.885,-19.9622],"carpPosition":[25.2039,240.957,24.8226],"dipPosition":[22.6167,246.639,-34.6554],"direction":[-0.392272,-0.810926,0.43419],"extended":false,"handId":506,"id":5064,"length":50.5107,"mcpPosition":[45.3259,277.894,-15.0909],"pipPosition":[30.2891,262.499,-43.1476],"stabilizedTipPosition":[23.3379,238.7,-25.9539],"timeVisible":39.4014,"tipPosition":[20.921,239.877,-23.3711],"tipVelocity":[-14.0654,-4.4793,11.399],"tool":false,"touchDistance":0.333333,"touchZone":"none","type":4,"width":16.0574}],"r":[[0.971912,-0.193273,0.134285],[0.183217,0.979502,0.0837083],[-0.147711,-0.0567539,0.987401]],"s":1.13912,"t":[20.8974,14.2466,-13.8569],"timestamp":97853874840},true],[1,{"currentFrameRate":100.809,"devices":[],"gestures":[],"hands":[{"armBasis":[[0.94205,-0.0384691,-0.333259],[0.160853,0.923559,0.348087],[0.294394,-0.381521,0.876227]],"armWidth":63.72,"confidence":0.498545,"direction":[0.108009,0.773494,-0.624533],"elbow":[88.1426,132.402,266.017],"grabStrength":0.592907,"id":506,"palmNormal":[-0.122786,-0.613019,-0.780469],"palmPosition":[6.43828,275.76,-7.44198],"palmVelocity":[-6.8505,-3.11572,10.7923],"palmWidth":90.99,"pinchStrength":0.657619,"r":[[0.97187,-0.194786,0.132389],[0.184976,0.979243,0.0828665],[-0.145782,-0.0560467,0.987728]],"s":1.13866,"sphereCenter":[12.6254,254.849,-53.6229],"sphereRadius":46.4436,"stabilizedPalmPosition":[8.27791,273.601,-11.9839],"t":[20.8254,14.1957,-13.7645],"timeVisible":39.4111,"type":"right","wrist":[8.65637,235.412,29.4352]}],"id":1802678,"interactionBox":{"center":[0,200,0],"size":[235.247,235.247,147.751]},"pointables":[{"bases":[[[0.527879,0.634456,0.564632],[-0.781201,0.10184,0.615917],[0.33327,-0.766221,0.549397]],[[0.444997,0.782795,0.434981],[-0.856049,0.229193,0.463304],[0.262978,-0.578535,0.772101]],[[0.444997,0.782795,0.434981],[-0.874183,0.485131,0.021267],[-0.194375,-0.389717,0.900188]],[[0.444997,0.782795,0.434981],[-0.895354,0.398589,0.198668],[-0.0178624,-0.477869,0.87825]]],"btipPosition":[-27.2455,284.085,-65.8249],"carpPosition":[-21.1636,230.734,23.9632],"dipPosition":[-27.6635,272.901,-45.2707],"direction":[0.194375,0.389717,-0.900188],"extended":false,"handId":506,"id":5060,"length":52.1164,"mcpPosition":[-21.1636,230.734,23.9632],"pipPosition":[-34.2909,259.613,-14.5783],"stabilizedTipPosition":[-26.0883,281.249,-62.6099],"timeVisible":39.4111,"tipPosition":[-27.4371,281.75,-60.8922],"tipVelocity":[-17.712,-1.73321,17.6924],"tool":false,"touchDistance":-0.178694,"touchZone":"touching","type":0,"width":20.25},{"bases":[[[0.990668,-0.0288247,-0.133214],[0.11265,0.723358,0.681222],[0.0767256,-0.689872,0.719854]],[[0.976747,0.0452461,-0.209565],[-0.0431217,0.998962,0.0146976],[0.210012,-0.00531909,0.977684]],[[0.976747,0.0452461,-0.209565],[-0.0918608,0.971528,-0.21839],[0.193717,0.232563,0.953094]],[[0.976747,0.0452461,-0.209565],[-0.118903,0.927697,-0.353894],[0.1784,0.370583,0.911505]]],"btipPosition":[-32.0478,288.729,-101.264],"carpPosition":[-9.65023,249.699,32.3092],"dipPosition":[-28.9997,295.06,-85.6905],"direction":[-0.193717,-0.232563,-0.953094],"extended":true,"handId":506,"id":5061,"length":58.8075,"mcpPosition":[-15.2949,300.453,-20.6502],"pipPosition":[-24.3175,300.681,-62.6539],"stabilizedTipPosition":[-29.8628,290.743,-99.2017],"timeVisible":39.4111,"tipPosition":[-31.3996,291.323,-97.8],"tipVelocity":[-24.4747,-13.9866,20.6212],"tool":false,"touchDistance":-0.151128,"touchZone":"touching","type":1,"width":19.3428},{"bases":[[[0.958109,-0.244654,-0.148902],[0.28017,0.692749,0.664532],[-0.0594288,-0.678412,0.732274]],[[0.959655,-0.219281,-0.176004],[0.0529286,0.755638,-0.652847],[0.276152,0.617193,0.736759]],[[0.959655,-0.219281,-0.176004],[-0.25797,-0.437606,-0.861367],[0.111861,0.872019,-0.476519]],[[0.959655,-0.219281,-0.176004],[-0.277734,-0.836908,-0.471645],[-0.0438763,0.501499,-0.864045]]],"btipPosition":[-8.9573,234.347,-25.3916],"carpPosition":[2.5635,250.986,31.4221],"dipPosition":[-9.78182,243.771,-41.6287],"direction":[-0.111861,-0.872019,0.476519],"extended":false,"handId":506,"id":5062,"length":67.0064,"mcpPosition":[6.70973,298.317,-19.6672],"pipPosition":[-6.60091,268.568,-55.1792],"stabilizedTipPosition":[-6.13942,234.521,-32.9226],"timeVisible":39.4111,"tipPosition":[-9.15818,236.623,-29.2688],"tipVelocity":[-18.5685,-1.4208,16.4963],"tool":false,"touchDistance":0.333333,"touchZone":"none","type":2,"width":18.9972},{"bases":[[[0.915056,-0.393343,-0.0891872],[0.345869,0.65152,0.675201],[-0.207478,-0.648693,0.732223]],[[0.921688,-0.370658,-0.114473],[0.216891,0.737021,-0.640124],[0.321636,0.565166,0.759695]],[[0.921688,-0.370658,-0.114473],[-0.263377,-0.381237,-0.886167],[0.284823,0.846919,-0.449004]],[[0.921688,-0.370658,-0.114473],[-0.375196,-0.776744,-0.505863],[0.0985856,0.509198,-0.854985]]],"btipPosition":[3.47087,231.583,-21.7971],"carpPosition":[14.5772,249.175,29.5994],"dipPosition":[5.31284,241.097,-37.7716],"direction":[-0.284823,-0.846919,0.449004],"extended":false,"handId":506,"id":5063,"length":64.4285,"mcpPosition":[27.5736,289.809,-16.267],"pipPosition":[13.203,264.558,-50.2099],"stabilizedTipPosition":[6.45079,232.344,-28.3864],"timeVisible":39.4111,"tipPosition":[3.90306,233.804,-25.4069],"tipVelocity":[-17.3749,-2.06891,15.2921],"tool":false,"touchDistance":0.333333,"touchZone":"none","type":3,"width":18.077},{"bases":[[[0.815082,-0.567985,-0.11417],[0.464285,0.522522,0.715129],[-0.346526,-0.635896,0.689606]],[[0.844203,-0.505295,-0.178881],[0.322396,0.745253,-0.58366],[0.428232,0.435057,0.79205]],[[0.844203,-0.505295,-0.178881],[-0.365337,-0.298198,-0.88182],[0.392238,0.809787,-0.436342]],[[0.844203,-0.505295,-0.178881],[-0.521882,-0.698659,-0.489403],[0.122316,0.50651,-0.853514]]],"btipPosition":[20.3018,237.791,-19.8617],"carpPosition":[25.1304,240.871,24.8853],"dipPosition":[22.4102,246.522,-34.5736],"direction":[-0.392238,-0.809787,0.436342],"extended":false,"handId":506,"id":5064,"length":50.5107,"mcpPosition":[45.2238,277.743,-15.1017],"pipPosition":[30.0819,262.36,-43.1079],"stabilizedTipPosition":[23.2962,238.718,-25.9096],"timeVisible":39.4111,"tipPosition":[20.7343,239.776,-23.2827],"tipVelocity":[-15.4262,-6.16914,10.9929],"tool":false,"touchDistance":0.333333,"touchZone":"none","type":4,"width":16.0574}],"r":[[0.97187,-0.194786,0.132389],[0.184976,0.979243,0.0828665],[-0.145782,-0.0560467,0.987728]],"s":1.13866,"t":[20.8254,14.1957,-13.7645],"timestamp":97853884461},true],[2,{"currentFrameRate":100.927,"devices":[],"gestures":[],"hands":[{"armBasis":[[0.94144,-0.038756,-0.334946],[0.161868,0.923367,0.348125],[0.295787,-0.381956,0.875568]],"armWidth":63.72,"confidence":0.503375,"direction":[0.107209,0.77296,-0.625332],"elbow":[88.4105,132.237,266.023],"grabStrength":0.596667,"id":506,"palmNormal":[-0.124486,-0.613571,-0.779765],"palmPosition":[6.28045,275.685,-7.28443],"palmVelocity":[-9.61055,-4.48109,12.393],"palmWidth":90.99,"pinchStrength":0.660114,"r":[[0.971862,-0.196064,0.130548],[0.186499,0.97903,0.0819699],[-0.143881,-0.0553165,0.988048]],"s":1.13804,"sphereCenter":[12.4215,254.726,-53.4471],"sphereRadius":46.4297,"stabilizedPalmPosition":[8.27296,273.607,-11.9722],"t":[20.7104,14.1326,-13.6396],"timeVisible":39.4207,"type":"right","wrist":[8.54812,235.365,29.62]}],"id":1802679,"interactionBox":{"center":[0,200,0],"size":[235.247,235.247,147.751]},"pointables":[{"bases":[[[0.529194,0.63466,0.563171],[-0.780027,0.102667,0.617267],[0.333935,-0.765941,0.549382]],[[0.446142,0.782933,0.433559],[-0.855114,0.229971,0.464644],[0.264079,-0.57804,0.772096]],[[0.446142,0.782933,0.433559],[-0.873855,0.485682,0.0221591],[-0.193223,-0.388754,0.900853]],[[0.446142,0.782933,0.433559],[-0.89483,0.398561,0.201069],[-0.0153759,-0.477667,0.878406]]],"btipPosition":[-27.5182,283.984,-65.6079],"carpPosition":[-21.2839,230.696,24.2063],"dipPosition":[-27.878,272.805,-45.05],"direction":[0.193223,0.388754,-0.900853],"extended":false,"handId":506,"id":5060,"length":52.1164,"mcpPosition":[-21.2839,230.696,24.2063],"pipPosition":[-34.4661,259.55,-14.3349],"stabilizedTipPosition":[-26.1685,281.258,-62.5182],"timeVisible":39.4207,"tipPosition":[-27.6925,281.646,-60.6776],"tipVelocity":[-20.362,-4.23906,19.0969],"tool":false,"touchDistance":-0.175064,"touchZone":"touching","type":0,"width":20.25},{"bases":[[[0.99041,-0.0293697,-0.135005],[0.114218,0.723837,0.680451],[0.0777369,-0.689345,0.72025]],[[0.976344,0.044791,-0.211533],[-0.0432683,0.998994,0.0118241],[0.21185,-0.00239176,0.977299]],[[0.976344,0.044791,-0.211533],[-0.0928011,0.970426,-0.222847],[0.195296,0.237206,0.951627]],[[0.976344,0.044791,-0.211533],[-0.120237,0.92557,-0.358976],[0.17971,0.375918,0.90906]]],"btipPosition":[-32.3583,288.323,-100.992],"carpPosition":[-9.74684,249.662,32.5164],"dipPosition":[-29.2879,294.746,-85.4604],"direction":[-0.195296,-0.237206,-0.951627],"extended":true,"handId":506,"id":5061,"length":58.8075,"mcpPosition":[-15.4659,300.377,-20.4721],"pipPosition":[-24.5675,300.479,-62.4592],"stabilizedTipPosition":[-30.0487,290.645,-99.0166],"timeVisible":39.4207,"tipPosition":[-31.7041,290.95,-97.5449],"tipVelocity":[-26.5376,-21.4909,22.5112],"tool":false,"touchDistance":-0.146756,"touchZone":"touching","type":1,"width":19.3428},{"bases":[[[0.957726,-0.245196,-0.150464],[0.281694,0.693141,0.663479],[-0.0583895,-0.677816,0.73291]],[[0.959235,-0.219832,-0.177603],[0.0521432,0.755316,-0.653283],[0.277759,0.617391,0.735988]],[[0.959235,-0.219832,-0.177603],[-0.259733,-0.438054,-0.860609],[0.111389,0.871655,-0.477294]],[[0.959235,-0.219832,-0.177603],[-0.27896,-0.837194,-0.470412],[-0.0452768,0.500779,-0.86439]]],"btipPosition":[-9.16522,234.276,-25.1864],"carpPosition":[2.46581,250.942,31.606],"dipPosition":[-10.0161,243.687,-41.4301],"direction":[-0.111389,-0.871655,0.477294],"extended":false,"handId":506,"id":5062,"length":67.0064,"mcpPosition":[6.53953,298.232,-19.5277],"pipPosition":[-6.84855,268.474,-55.0026],"stabilizedTipPosition":[-6.17795,234.544,-32.8748],"timeVisible":39.4207,"tipPosition":[-9.37251,236.542,-29.0574],"tipVelocity":[-19.6004,-3.23343,17.8226],"tool":false,"touchDistance":0.333333,"touchZone":"none","type":2,"width":18.9972},{"bases":[[[0.914716,-0.393819,-0.0905554],[0.347394,0.651891,0.674059],[-0.206425,-0.648031,0.733106]],[[0.921313,-0.371156,-0.115873],[0.216117,0.736556,-0.640921],[0.323229,0.565446,0.758811]],[[0.921313,-0.371156,-0.115873],[-0.265218,-0.381956,-0.885307],[0.284328,0.846376,-0.450338]],[[0.921313,-0.371156,-0.115873],[-0.376507,-0.777186,-0.504206],[0.0970838,0.508159,-0.855774]]],"btipPosition":[3.27373,231.513,-21.5979],"carpPosition":[14.4753,249.125,29.7627],"dipPosition":[5.08764,241.007,-37.5872],"direction":[-0.284328,-0.846376,0.450338],"extended":false,"handId":506,"id":5063,"length":64.4285,"mcpPosition":[27.4058,289.718,-16.1591],"pipPosition":[12.9641,264.454,-50.0624],"stabilizedTipPosition":[6.41473,232.361,-28.3457],"timeVisible":39.4207,"tipPosition":[3.69715,233.724,-25.2126],"tipVelocity":[-18.4424,-3.70455,16.7321],"tool":false,"touchDistance":0.333333,"touchZone":"none","type":3,"width":18.077},{"bases":[[[0.814619,-0.568437,-0.115219],[0.465826,0.522872,0.713871],[-0.345546,-0.635205,0.690734]],[[0.843734,-0.505593,-0.180247],[0.321311,0.744733,-0.584921],[0.429967,0.435602,0.790809]],[[0.843734,-0.505593,-0.180247],[-0.367579,-0.299536,-0.880434],[0.391151,0.809107,-0.438574]],[[0.843734,-0.505593,-0.180247],[-0.523174,-0.699544,-0.486751],[0.120007,0.504989,-0.854742]]],"btipPosition":[20.1305,237.713,-19.668],"carpPosition":[25.0162,240.812,25.0357],"dipPosition":[22.199,246.417,-34.401],"direction":[-0.391151,-0.809107,0.438574],"extended":false,"handId":506,"id":5064,"length":50.5107,"mcpPosition":[45.0528,277.645,-15.0166],"pipPosition":[29.8495,262.242,-42.979],"stabilizedTipPosition":[23.253,238.734,-25.8638],"timeVisible":39.4207,"tipPosition":[20.5467,239.689,-23.1044],"tipVelocity":[-16.3653,-6.91526,13.4794],"tool":false,"touchDistance":0.333333,"touchZone":"none","type":4,"width":16.0574}],"r":[[0.971862,-0.196064,0.130548],[0.186499,0.97903,0.0819699],[-0.143881,-0.0553165,0.988048]],"s":1.13804,"t":[20.7104,14.1326,-13.6396],"timestamp":97853894142},true],[3,{"currentFrameRate":101.08,"devices":[],"gestures":[],"hands":[{"armBasis":[[0.941052,-0.0382026,-0.336098],[0.161748,0.923467,0.347917],[0.297084,-0.381771,0.87521]],"armWidth":63.72,"confidence":0.49632,"direction":[0.105976,0.775505,-0.622383],"elbow":[88.5894,132.157,266.089],"grabStrength":0.597013,"id":506,"palmNormal":[-0.124961,-0.610559,-0.78205],"palmPosition":[6.03988,275.7,-6.95941],"palmVelocity":[-14.0908,-2.72955,18.6174],"palmWidth":90.99,"pinchStrength":0.66042,"r":[[0.971908,-0.197058,0.128699],[0.187603,0.978817,0.0819844],[-0.142128,-0.0555371,0.988289]],"s":1.13757,"sphereCenter":[12.1356,254.934,-53.2052],"sphereRadius":46.4195,"stabilizedPalmPosition":[8.26743,273.612,-11.9598],"t":[20.5327,14.1085,-13.4146],"timeVisible":39.4303,"type":"right","wrist":[8.37671,235.235,29.7822]}],"id":1802680,"interactionBox":{"center":[0,200,0],"size":[235.247,235.247,147.751]},"pointables":[{"bases":[[[0.529407,0.63278,0.565081],[-0.779392,0.0996905,0.618555],[0.335076,-0.767887,0.545961]],[[0.446089,0.781537,0.436124],[-0.85477,0.227601,0.466439],[0.265277,-0.580859,0.769565]],[[0.446089,0.781537,0.436124],[-0.874095,0.485125,0.0247216],[-0.192254,-0.392242,0.899547]],[[0.446089,0.781537,0.436124],[-0.894889,0.396757,0.204346],[-0.013331,-0.481439,0.876378]]],"btipPosition":[-27.8333,284.204,-65.2119],"carpPosition":[-21.4583,230.567,24.3839],"dipPosition":[-28.1453,272.936,-44.7015],"direction":[0.192254,0.392242,-0.899547],"extended":false,"handId":506,"id":5060,"length":52.1164,"mcpPosition":[-21.4583,230.567,24.3839],"pipPosition":[-34.7003,259.563,-14.0309],"stabilizedTipPosition":[-26.254,281.275,-62.4186],"timeVisible":39.4303,"tipPosition":[-27.9961,281.844,-60.2926],"tipVelocity":[-23.6454,3.01494,25.1921],"tool":false,"touchDistance":-0.168646,"touchZone":"touching","type":0,"width":20.25},{"bases":[[[0.990275,-0.0281633,-0.136245],[0.114506,0.721211,0.683186],[0.079021,-0.692143,0.717422]],[[0.976059,0.0463388,-0.212512],[-0.044018,0.998908,0.0156419],[0.213004,-0.0059131,0.977033]],[[0.976059,0.0463388,-0.212512],[-0.0938602,0.971123,-0.21934],[0.196211,0.234035,0.952223]],[[0.976059,0.0463388,-0.212512],[-0.121446,0.926662,-0.355737],[0.180442,0.37303,0.910104]]],"btipPosition":[-32.7147,288.653,-100.565],"carpPosition":[-9.92455,249.508,32.7561],"dipPosition":[-29.6318,295.026,-85.0156],"direction":[-0.196211,-0.234035,-0.952223],"extended":true,"handId":506,"id":5061,"length":58.8075,"mcpPosition":[-15.7381,300.429,-20.0243],"pipPosition":[-24.8893,300.683,-62],"stabilizedTipPosition":[-30.2383,290.594,-98.8202],"timeVisible":39.4303,"tipPosition":[-32.0567,291.247,-97.1081],"tipVelocity":[-29.5238,-5.64891,29.0048],"tool":false,"touchDistance":-0.139572,"touchZone":"touching","type":1,"width":19.3428},{"bases":[[[0.957719,-0.243949,-0.152524],[0.281983,0.690696,0.665902],[-0.0570986,-0.680756,0.730282]],[[0.95918,-0.218472,-0.179567],[0.0509322,0.75804,-0.650216],[0.278173,0.614529,0.738224]],[[0.95918,-0.218472,-0.179567],[-0.260491,-0.435381,-0.861735],[0.110085,0.873334,-0.474519]],[[0.95918,-0.218472,-0.179567],[-0.278882,-0.836042,-0.472503],[-0.0468969,0.503293,-0.862842]]],"btipPosition":[-9.38735,234.383,-24.9879],"carpPosition":[2.28619,250.801,31.8369],"dipPosition":[-10.2686,243.841,-41.2025],"direction":[-0.110085,-0.873334,0.474519],"extended":false,"handId":506,"id":5062,"length":67.0064,"mcpPosition":[6.26985,298.296,-19.1134],"pipPosition":[-7.13822,268.675,-54.6961],"stabilizedTipPosition":[-6.21755,234.568,-32.8265],"timeVisible":39.4303,"tipPosition":[-9.60531,236.647,-28.8554],"tipVelocity":[-20.8395,1.2481,18.8541],"tool":false,"touchDistance":0.333333,"touchZone":"none","type":2,"width":18.9972},{"bases":[[[0.914877,-0.392838,-0.0931557],[0.347723,0.649449,0.676244],[-0.205154,-0.651072,0.730764]],[[0.92143,-0.370067,-0.118393],[0.214957,0.739358,-0.638078],[0.323667,0.562495,0.760815]],[[0.92143,-0.370067,-0.118393],[-0.266016,-0.378761,-0.88644],[0.2832,0.848287,-0.447446]],[[0.92143,-0.370067,-0.118393],[-0.376596,-0.775639,-0.506517],[0.0956149,0.511306,-0.854063]]],"btipPosition":[3.05272,231.598,-21.4428],"carpPosition":[14.2948,248.999,29.9727],"dipPosition":[4.83919,241.151,-37.4001],"direction":[-0.2832,-0.848287,0.447446],"extended":false,"handId":506,"id":5063,"length":64.4285,"mcpPosition":[27.1457,289.782,-15.8023],"pipPosition":[12.6844,264.65,-49.7953],"stabilizedTipPosition":[6.3772,232.38,-28.3046],"timeVisible":39.4303,"tipPosition":[3.46763,233.816,-25.0515],"tipVelocity":[-19.9624,0.330829,16.7881],"tool":false,"touchDistance":0.333333,"touchZone":"none","type":3,"width":18.077},{"bases":[[[0.81487,-0.567423,-0.118397],[0.466287,0.520353,0.715409],[-0.344331,-0.638172,0.688602]],[[0.843929,-0.504145,-0.183363],[0.319951,0.747376,-0.582288],[0.430599,0.432743,0.792034]],[[0.843929,-0.504145,-0.183363],[-0.368604,-0.296607,-0.880997],[0.389764,0.811087,-0.436145]],[[0.843929,-0.504145,-0.183363],[-0.523273,-0.698306,-0.48842],[0.118191,0.50814,-0.853126]]],"btipPosition":[19.9159,237.793,-19.4979],"carpPosition":[24.8359,240.712,25.2009],"dipPosition":[21.9531,246.551,-34.203],"direction":[-0.389764,-0.811087,0.436145],"extended":false,"handId":506,"id":5064,"length":50.5107,"mcpPosition":[44.802,277.717,-14.7278],"pipPosition":[29.5764,262.415,-42.7335],"stabilizedTipPosition":[23.2093,238.751,-25.8184],"timeVisible":39.4303,"tipPosition":[20.3211,239.78,-22.9311],"tipVelocity":[-18.3215,-2.11845,14.9034],"tool":false,"touchDistance":0.333333,"touchZone":"none","type":4,"width":16.0574}],"r":[[0.971908,-0.197058,0.128699],[0.187603,0.978817,0.0819844],[-0.142128,-0.0555371,0.988289]],"s":1.13757,"t":[20.5327,14.1085,-13.4146],"timestamp":97853903739},false],[4,{"currentFrameRate":101.225,"devices":[],"gestures":[],"hands":[{"armBasis":[[0.939787,-0.0379802,-0.339645],[0.162642,0.923757,0.346729],[0.30058,-0.381092,0.874311]],"armWidth":63.72,"confidence":0.503793,"direction":[0.105766,0.77787,-0.619461],"elbow":[89.227,132.142,266.031],"grabStrength":0.597572,"id":506,"palmNormal":[-0.125989,-0.607452,-0.784302],"palmPosition":[5.71857,275.645,-6.61467],"palmVelocity":[-19.7101,-3.60069,23.6321],"palmWidth":90.99,"pinchStrength":0.661025,"r":[[0.971946,-0.198046,0.126883],[0.188596,0.978565,0.0827206],[-0.140546,-0.0564703,0.988462]],"s":1.13714,"sphereCenter":[11.7329,255.072,-52.9298],"sphereRadius":46.3902,"stabilizedPalmPosition":[8.26079,273.617,-11.9459],"t":[20.2831,14.0689,-13.1298],"timeVisible":39.4399,"type":"right","wrist":[8.07037,235.036,29.9671]}],"id":1802681,"interactionBox":{"center":[0,200,0],"size":[235.247,235.247,147.751]},"pointables":[{"bases":[[[0.530242,0.630324,0.567041],[-0.778763,0.0976559,0.61967],[0.335218,-0.770166,0.542654]],[[0.446696,0.779872,0.438478],[-0.854398,0.226428,0.46769],[0.265455,-0.58355,0.767466]],[[0.446696,0.779872,0.438478],[-0.873723,0.485717,0.026209],[-0.192536,-0.394815,0.89836]],[[0.446696,0.779872,0.438478],[-0.894623,0.395154,0.208573],[-0.0106058,-0.485441,0.874205]]],"btipPosition":[-28.21,284.356,-64.821],"carpPosition":[-21.772,230.404,24.5787],"dipPosition":[-28.4582,272.995,-44.3615],"direction":[0.192536,0.394815,-0.89836],"extended":false,"handId":506,"id":5060,"length":52.1164,"mcpPosition":[-21.772,230.404,24.5787],"pipPosition":[-35.0228,259.533,-13.7314],"stabilizedTipPosition":[-26.3479,281.297,-62.3112],"timeVisible":39.4399,"tipPosition":[-28.3575,281.982,-59.9093],"tipVelocity":[-27.7227,6.08735,29.3415],"tool":false,"touchDistance":-0.162326,"touchZone":"touching","type":0,"width":20.25},{"bases":[[[0.990133,-0.0281064,-0.137285],[0.115494,0.718493,0.685879],[0.0793604,-0.694966,0.714649]],[[0.975882,0.0466975,-0.213246],[-0.0435928,0.998864,0.0192409],[0.213902,-0.00948091,0.976809]],[[0.975882,0.0466975,-0.213246],[-0.0937085,0.971883,-0.216013],[0.197163,0.230786,0.952819]],[[0.975882,0.0466975,-0.213246],[-0.121457,0.927842,-0.352645],[0.181391,0.37004,0.911136]]],"btipPosition":[-33.1142,288.942,-100.126],"carpPosition":[-10.2212,249.307,33.0137],"dipPosition":[-30.015,295.264,-84.5589],"direction":[-0.197163,-0.230786,-0.952819],"extended":true,"handId":506,"id":5061,"length":58.8075,"mcpPosition":[-16.0597,300.435,-19.5628],"pipPosition":[-25.2495,300.842,-61.5289],"stabilizedTipPosition":[-30.4321,290.576,-98.6163],"timeVisible":39.4399,"tipPosition":[-32.4518,291.508,-96.6595],"tipVelocity":[-32.9157,4.35972,33.9807],"tool":false,"touchDistance":-0.132186,"touchZone":"touching","type":1,"width":19.3428},{"bases":[[[0.957458,-0.243811,-0.154371],[0.28294,0.687965,0.668318],[-0.0567416,-0.683564,0.727681]],[[0.958904,-0.218263,-0.181283],[0.0508403,0.760765,-0.647033],[0.279137,0.611226,0.740598]],[[0.958904,-0.218263,-0.181283],[-0.261593,-0.432687,-0.862758],[0.109869,0.874724,-0.472002]],[[0.958904,-0.218263,-0.181283],[-0.279664,-0.834857,-0.474133],[-0.0478596,0.505347,-0.861588]]],"btipPosition":[-9.73141,234.456,-24.765],"carpPosition":[1.98928,250.597,32.088],"dipPosition":[-10.6308,243.952,-40.956],"direction":[-0.109869,-0.874724,0.472002],"extended":false,"handId":506,"id":5062,"length":67.0064,"mcpPosition":[5.94802,298.288,-18.6809],"pipPosition":[-7.50651,268.826,-54.378],"stabilizedTipPosition":[-6.26156,234.592,-32.7752],"timeVisible":39.4399,"tipPosition":[-9.95788,236.71,-28.6305],"tipVelocity":[-25.3151,3.35987,20.2856],"tool":false,"touchDistance":0.333333,"touchZone":"none","type":2,"width":18.9972},{"bases":[[[0.9146,-0.39291,-0.0955429],[0.34867,0.646647,0.678438],[-0.204782,-0.653812,0.728419]],[[0.921141,-0.370043,-0.120699],[0.214778,0.741846,-0.635244],[0.324608,0.559226,0.762821]],[[0.921141,-0.370043,-0.120699],[-0.267075,-0.375314,-0.887587],[0.283145,0.849828,-0.444546]],[[0.921141,-0.370043,-0.120699],[-0.37748,-0.773677,-0.508854],[0.0949154,0.514288,-0.852349]]],"btipPosition":[2.70241,231.614,-21.265],"carpPosition":[13.9953,248.796,30.2056],"dipPosition":[4.47581,241.223,-37.1903],"direction":[-0.283145,-0.849828,0.444546],"extended":false,"handId":506,"id":5063,"length":64.4285,"mcpPosition":[26.8228,289.751,-15.4226],"pipPosition":[12.3195,264.765,-49.5051],"stabilizedTipPosition":[6.33424,232.399,-28.2602],"timeVisible":39.4399,"tipPosition":[3.11228,233.84,-24.8676],"tipVelocity":[-24.846,1.12899,17.5125],"tool":false,"touchDistance":0.333333,"touchZone":"none","type":3,"width":18.077},{"bases":[[[0.814485,-0.567348,-0.12137],[0.467208,0.517343,0.716989],[-0.343993,-0.640682,0.686437]],[[0.843568,-0.503689,-0.186254],[0.319605,0.749598,-0.579617],[0.431562,0.429419,0.793318]],[[0.843568,-0.503689,-0.186254],[-0.369774,-0.293286,-0.881618],[0.389436,0.812576,-0.433658]],[[0.843568,-0.503689,-0.186254],[-0.524085,-0.696474,-0.490163],[0.117169,0.511099,-0.851499]]],"btipPosition":[19.5782,237.787,-19.3038],"carpPosition":[24.5279,240.523,25.3916],"dipPosition":[21.5978,246.596,-33.9809],"direction":[-0.389436,-0.812576,0.433658],"extended":false,"handId":506,"id":5064,"length":50.5107,"mcpPosition":[44.4744,277.673,-14.4116],"pipPosition":[29.2147,262.489,-42.4627],"stabilizedTipPosition":[23.1615,238.767,-25.771],"timeVisible":39.4399,"tipPosition":[19.9758,239.784,-22.7332],"tipVelocity":[-23.331,-1.3299,16.6408],"tool":false,"touchDistance":0.333333,"touchZone":"none","type":4,"width":16.0574}],"r":[[0.971946,-0.198046,0.126883],[0.188596,0.978565,0.0827206],[-0.140546,-0.0564703,0.988462]],"s":1.13714,"t":[20.2831,14.0689,-13.1298],"timestamp":97853913338},false],[5,{"currentFrameRate":101.342,"devices":[],"gestures":[],"hands":[{"armBasis":[[0.940226,-0.03373,-0.338875],[0.158083,0.924605,0.346578],[0.301636,-0.379432,0.87467]],"armWidth":63.72,"confidence":0.508086,"direction":[0.101694,0.782364,-0.614463],"elbow":[89.3917,132.391,266.469],"grabStrength":0.59926,"id":506,"palmNormal":[-0.122964,-0.603043,-0.788175],"palmPosition":[5.38524,275.667,-6.01222],"palmVelocity":[-24.0339,-1.86392,34.9365],"palmWidth":90.99,"pinchStrength":0.662502,"r":[[0.972179,-0.197999,0.125158],[0.18839,0.978447,0.0845611],[-0.139203,-0.0586301,0.988527]],"s":1.13662,"sphereCenter":[11.4806,255.438,-52.4369],"sphereRadius":46.3521,"stabilizedPalmPosition":[8.25367,273.622,-11.9312],"t":[19.9917,14.0605,-12.6861],"timeVisible":39.4496,"type":"right","wrist":[7.95003,234.838,30.3078]}],"id":1802682,"interactionBox":{"center":[0,200,0],"size":[235.247,235.247,147.751]},"pointables":[{"bases":[[[0.527067,0.629385,0.571029],[-0.779179,0.0896742,0.620354],[0.339235,-0.771902,0.537668]],[[0.44242,0.77977,0.442971],[-0.855709,0.219237,0.468718],[0.268377,-0.586425,0.764251]],[[0.44242,0.77977,0.442971],[-0.876101,0.48133,0.0277182],[-0.191601,-0.400351,0.896107]],[[0.44242,0.77977,0.442971],[-0.89679,0.387785,0.213049],[-0.00564799,-0.491509,0.870854]]],"btipPosition":[-28.6006,284.513,-64.1915],"carpPosition":[-21.8688,230.087,24.8925],"dipPosition":[-28.7328,273.01,-43.8104],"direction":[0.191601,0.400351,-0.896107],"extended":false,"handId":506,"id":5060,"length":52.1164,"mcpPosition":[-21.8688,230.087,24.8925],"pipPosition":[-35.2655,259.36,-13.2571],"stabilizedTipPosition":[-26.4434,281.321,-62.1938],"timeVisible":39.4496,"tipPosition":[-28.7213,282.122,-59.29],"tipVelocity":[-30.6381,8.07288,39.2557],"tool":false,"touchDistance":-0.152135,"touchZone":"touching","type":0,"width":20.25},{"bases":[[[0.990247,-0.0221386,-0.137551],[0.111887,0.714658,0.690468],[0.0830158,-0.699124,0.710165]],[[0.975598,0.0530948,-0.213046],[-0.0489531,0.998496,0.0246727],[0.214036,-0.0136413,0.976731]],[[0.975598,0.0530948,-0.213046],[-0.0990866,0.972361,-0.211416],[0.195933,0.227367,0.953894]],[[0.975598,0.0530948,-0.213046],[-0.126667,0.928673,-0.3486],[0.179341,0.367079,0.912737]]],"btipPosition":[-33.5171,289.247,-99.4123],"carpPosition":[-10.4142,248.994,33.4476],"dipPosition":[-30.4529,295.519,-83.8177],"direction":[-0.195933,-0.227367,-0.953894],"extended":true,"handId":506,"id":5061,"length":58.8075,"mcpPosition":[-16.5217,300.428,-18.799],"pipPosition":[-25.7172,301.014,-60.7617],"stabilizedTipPosition":[-30.6204,290.585,-98.3956],"timeVisible":39.4496,"tipPosition":[-32.8689,291.791,-95.9333],"tipVelocity":[-35.74,11.9517,45.8259],"tool":false,"touchDistance":-0.120183,"touchZone":"touching","type":1,"width":19.3428},{"bases":[[[0.958678,-0.237894,-0.156019],[0.279485,0.685104,0.672697],[-0.0531414,-0.688505,0.723282]],[[0.959989,-0.212206,-0.182726],[0.0470956,0.765557,-0.641642],[0.276048,0.607364,0.744921]],[[0.959989,-0.212206,-0.182726],[-0.259493,-0.428784,-0.865337],[0.10528,0.878131,-0.466694]],[[0.959989,-0.212206,-0.182726],[-0.275392,-0.833738,-0.478582],[-0.0507877,0.509755,-0.858819]]],"btipPosition":[-9.84805,234.563,-24.4283],"carpPosition":[1.78937,250.353,32.5291],"dipPosition":[-10.8025,244.142,-40.5672],"direction":[-0.10528,-0.878131,0.466694],"extended":false,"handId":506,"id":5062,"length":67.0064,"mcpPosition":[5.49693,298.388,-17.9328],"pipPosition":[-7.80867,269.113,-53.8383],"stabilizedTipPosition":[-6.30268,234.616,-32.7251],"timeVisible":39.4496,"tipPosition":[-10.0893,236.818,-28.2752],"tipVelocity":[-21.8497,6.19178,24.9052],"tool":false,"touchDistance":0.333333,"touchZone":"none","type":2,"width":18.9972},{"bases":[[[0.916594,-0.387585,-0.0981456],[0.345427,0.64406,0.682545],[-0.201333,-0.659519,0.724224]],[[0.923014,-0.364523,-0.123157],[0.210947,0.747109,-0.63034],[0.321785,0.555833,0.766488]],[[0.923014,-0.364523,-0.123157],[-0.265294,-0.371099,-0.88989],[0.278682,0.854054,-0.439236]],[[0.923014,-0.364523,-0.123157],[-0.373596,-0.772509,-0.513474],[0.092033,0.519955,-0.849221]]],"btipPosition":[2.59891,231.73,-20.9431],"carpPosition":[13.8042,248.626,30.6341],"dipPosition":[4.31846,241.445,-36.8099],"direction":[-0.278682,-0.854054,0.439236],"extended":false,"handId":506,"id":5063,"length":64.4285,"mcpPosition":[26.4157,289.939,-14.7313],"pipPosition":[12.0385,265.104,-48.9776],"stabilizedTipPosition":[6.29414,232.417,-28.2162],"timeVisible":39.4496,"tipPosition":[2.99437,233.975,-24.5335],"tipVelocity":[-21.1127,5.03364,22.5381],"tool":false,"touchDistance":0.333333,"touchZone":"none","type":3,"width":18.077},{"bases":[[[0.817373,-0.562366,-0.125083],[0.464633,0.515121,0.720254],[-0.340614,-0.646834,0.68234]],[[0.846193,-0.497949,-0.189746],[0.315574,0.755201,-0.57453],[0.429383,0.426285,0.796186]],[[0.846193,-0.497949,-0.189746],[-0.368672,-0.289967,-0.883176],[0.384757,0.817292,-0.428948]],[[0.846193,-0.497949,-0.189746],[-0.520617,-0.6966,-0.493667],[0.113644,0.516522,-0.848699]]],"btipPosition":[19.4623,237.984,-18.9333],"carpPosition":[24.3786,240.438,25.7662],"dipPosition":[21.4212,246.887,-33.5622],"direction":[-0.384757,-0.817292,0.428948],"extended":false,"handId":506,"id":5064,"length":50.5107,"mcpPosition":[44.1292,277.945,-13.7994],"pipPosition":[28.9465,262.872,-41.9519],"stabilizedTipPosition":[23.1184,238.783,-25.7249],"timeVisible":39.4496,"tipPosition":[19.8393,239.997,-22.3546],"tipVelocity":[-20.4601,5.65027,23.3118],"tool":false,"touchDistance":0.333333,"touchZone":"none","type":4,"width":16.0574}],"r":[[0.972179,-0.197999,0.125158],[0.18839,0.978447,0.0845611],[-0.139203,-0.0586301,0.988527]],"s":1.13662,"t":[19.9917,14.0605,-12.6861],"timestamp":97853922981},false],[6,{"currentFrameRate":101.395,"devices":[],"gestures":[],"hands":[{"armBasis":[[0.941194,-0.0328596,-0.336264],[0.156081,0.924982,0.346478],[0.299653,-0.378587,0.875717]],"armWidth":63.72,"confidence":0.475239,"direction":[0.100222,0.785117,-0.611184],"elbow":[88.8672,132.395,267.11],"grabStrength":0.600532,"id":506,"palmNormal":[-0.121417,-0.600035,-0.790706],"palmPosition":[5.32072,275.588,-5.48553],"palmVelocity":[-18.9113,-3.71573,40.5294],"palmWidth":90.99,"pinchStrength":0.663889,"r":[[0.97244,-0.197646,0.123678],[0.187803,0.978359,0.0868563],[-0.138169,-0.0612354,0.988514]],"s":1.13603,"sphereCenter":[11.4341,255.586,-51.9663],"sphereRadius":46.306,"stabilizedPalmPosition":[8.24771,273.626,-11.9181],"t":[19.8137,14.0165,-12.2009],"timeVisible":39.4593,"type":"right","wrist":[7.96094,234.614,30.666]}],"id":1802683,"interactionBox":{"center":[0,200,0],"size":[235.247,235.247,147.751]},"pointables":[{"bases":[[[0.525534,0.62814,0.573806],[-0.779571,0.0854394,0.620459],[0.340709,-0.773395,0.534582]],[[0.44014,0.779523,0.445668],[-0.856567,0.215596,0.468841],[0.269388,-0.5881,0.762606]],[[0.44014,0.779523,0.445668],[-0.877076,0.479571,0.0273732],[-0.192392,-0.402933,0.89478]],[[0.44014,0.779523,0.445668],[-0.897927,0.383132,0.216649],[-0.00186666,-0.495533,0.868587]]],"btipPosition":[-28.6897,284.513,-63.6825],"carpPosition":[-21.8459,229.821,25.2211],"dipPosition":[-28.7334,272.916,-43.3545],"direction":[0.192392,0.402933,-0.89478],"extended":false,"handId":506,"id":5060,"length":52.1164,"mcpPosition":[-21.8459,229.821,25.2211],"pipPosition":[-35.2931,259.178,-12.8464],"stabilizedTipPosition":[-26.5195,281.339,-62.0863],"timeVisible":39.4593,"tipPosition":[-28.7828,282.122,-58.7834],"tipVelocity":[-23.7007,5.06075,42.6784],"tool":false,"touchDistance":-0.143855,"touchZone":"touching","type":0,"width":20.25},{"bases":[[[0.990337,-0.0194526,-0.137309],[0.110133,0.71203,0.693458],[0.0842787,-0.701879,0.707292]],[[0.975548,0.056077,-0.212513],[-0.0512744,0.998291,0.0280479],[0.213722,-0.0164656,0.976756]],[[0.975548,0.056077,-0.212513],[-0.101381,0.972706,-0.208721],[0.195008,0.225162,0.954607]],[[0.975548,0.056077,-0.212513],[-0.128858,0.929222,-0.346327],[0.178051,0.365243,0.913726]]],"btipPosition":[-33.5725,289.379,-98.8256],"carpPosition":[-10.4346,248.718,33.8582],"dipPosition":[-30.5304,295.62,-83.214],"direction":[-0.195008,-0.225162,-0.954607],"extended":true,"handId":506,"id":5061,"length":58.8075,"mcpPosition":[-16.6349,300.355,-18.177],"pipPosition":[-25.8169,301.062,-60.1408],"stabilizedTipPosition":[-30.7638,290.6,-98.1943],"timeVisible":39.4593,"tipPosition":[-32.9316,291.901,-95.3385],"tipVelocity":[-27.0529,12.2021,50.1439],"tool":false,"touchDistance":-0.110339,"touchZone":"touching","type":1,"width":19.3428},{"bases":[[[0.959236,-0.235197,-0.156681],[0.277799,0.682908,0.675621],[-0.0519052,-0.691606,0.720408]],[[0.960499,-0.209477,-0.183198],[0.0460363,0.768848,-0.637772],[0.27445,0.604146,0.748121]],[[0.960499,-0.209477,-0.183198],[-0.258285,-0.425996,-0.867074],[0.103591,0.88014,-0.463273]],[[0.960499,-0.209477,-0.183198],[-0.273422,-0.8329,-0.481164],[-0.0517923,0.512248,-0.857275]]],"btipPosition":[-9.81336,234.584,-24.0879],"carpPosition":[1.76639,250.106,32.9495],"dipPosition":[-10.7866,244.21,-40.1978],"direction":[-0.103591,-0.88014,0.463273],"extended":false,"handId":506,"id":5062,"length":67.0064,"mcpPosition":[5.38771,298.358,-17.3119],"pipPosition":[-7.84089,269.238,-53.3716],"stabilizedTipPosition":[-6.33448,234.634,-32.6831],"timeVisible":39.4593,"tipPosition":[-10.0599,236.829,-27.9181],"tipVelocity":[-14.5116,5.32189,28.0358],"tool":false,"touchDistance":0.333333,"touchZone":"none","type":2,"width":18.9972},{"bases":[[[0.917453,-0.385216,-0.0994419],[0.343826,0.641965,0.685321],[-0.200158,-0.66294,0.72142]],[[0.923832,-0.362035,-0.124357],[0.209611,0.750264,-0.627031],[0.320307,0.553205,0.769004]],[[0.923832,-0.362035,-0.124357],[-0.264249,-0.368097,-0.891447],[0.276959,0.856409,-0.435727]],[[0.923832,-0.362035,-0.124357],[-0.371806,-0.771351,-0.516505],[0.0910698,0.523401,-0.847206]]],"btipPosition":[2.63839,231.719,-20.5975],"carpPosition":[13.7856,248.413,31.0514],"dipPosition":[4.33994,241.499,-36.4267],"direction":[-0.276959,-0.856409,0.435727],"extended":false,"handId":506,"id":5063,"length":64.4285,"mcpPosition":[26.3235,289.94,-14.1384],"pipPosition":[12.0123,265.223,-48.4972],"stabilizedTipPosition":[6.26371,232.432,-28.1791],"timeVisible":39.4593,"tipPosition":[3.02787,233.974,-24.1804],"tipVelocity":[-13.8409,3.67042,26.5827],"tool":false,"touchDistance":0.333333,"touchZone":"none","type":3,"width":18.077},{"bases":[[[0.818614,-0.560095,-0.127136],[0.463295,0.513126,0.722537],[-0.339453,-0.65038,0.679542]],[[0.847376,-0.495193,-0.19167],[0.314144,0.75854,-0.570903],[0.428097,0.423557,0.798331]],[[0.847376,-0.495193,-0.19167],[-0.36808,-0.287625,-0.884188],[0.382714,0.81979,-0.425997]],[[0.847376,-0.495193,-0.19167],[-0.519057,-0.696379,-0.495616],[0.11195,0.519461,-0.847129]]],"btipPosition":[19.51,238.016,-18.5448],"carpPosition":[24.379,240.268,26.1531],"dipPosition":[21.4397,246.97,-33.1466],"direction":[-0.382714,-0.81979,0.425997],"extended":false,"handId":506,"id":5064,"length":50.5107,"mcpPosition":[44.0622,277.98,-13.2502],"pipPosition":[28.9251,263.004,-41.4786],"stabilizedTipPosition":[23.0866,238.796,-25.6865],"timeVisible":39.4593,"tipPosition":[19.8731,240.032,-21.9626],"tipVelocity":[-13.2107,5.31173,28.3488],"tool":false,"touchDistance":0.333333,"touchZone":"none","type":4