{"sensorType":"Leap","data":[[0,{"currentFrameRate":100.784,"devices":[],"gestures":[],"hands":[{"armBasis":[[0.951684,0.0516251,-0.302707],[0.0421533,0.954472,0.295306],[0.304171,-0.293799,0.90618]],"armWidth":63.72,"confidence":0.5429,"direction":[0.0214525,0.762038,-0.647176],"elbow":[94.849,164.495,278.11],"grabStrength":0.669777,"id":506,"palmNormal":[-0.0363136,-0.646304,-0.762215],"palmPosition":[6.10854,282.483,-4.69325],"palmVelocity":[-31.7147,0.631352,17.7463],"palmWidth":90.99,"pinchStrength":0.703609,"r":[[0.985666,-0.0772264,0.149992],[0.0703787,0.996244,0.0504452],[-0.153325,-0.0391659,0.987399]],"s":1.11921,"sphereCenter":[15.4321,261.152,-49.6474],"sphereRadius":45.4209,"stabilizedPalmPosition":[10.0803,279.855,-8.11062],"t":[20.7223,20.9197,-11.0819],"timeVisible":33.7398,"type":"right","wrist":[12.7229,243.821,33.4418]}],"id":1802099,"interactionBox":{"center":[0,200,0],"size":[235.247,235.247,147.751]},"pointables":[{"bases":[[[0.438705,0.710734,0.549905],[-0.79621,0.0237129,0.604555],[0.416638,-0.703061,0.576296]],[[0.332964,0.851477,0.405121],[-0.900796,0.16022,0.403604],[0.278751,-0.499317,0.820354]],[[0.332964,0.851477,0.405121],[-0.927329,0.373543,-0.0229463],[-0.170868,-0.36804,0.913975]],[[0.332964,0.851477,0.405121],[-0.92703,0.217005,0.305816],[0.172482,-0.477385,0.861599]]],"btipPosition":[-28.3508,284.015,-64.4591],"carpPosition":[-16.2254,235.369,27.8181],"dipPosition":[-24.3141,272.842,-44.2945],"direction":[0.170868,0.36804,-0.913975],"extended":false,"handId":506,"id":5060,"length":52.1164,"mcpPosition":[-16.2254,235.369,27.8181],"pipPosition":[-30.1399,260.294,-13.132],"stabilizedTipPosition":[-26.6147,281.562,-60.2899],"timeVisible":33.7398,"tipPosition":[-27.2584,281.385,-59.7583],"tipVelocity":[-40.4461,-1.96955,23.4708],"tool":false,"touchDistance":-0.142786,"touchZone":"touching","type":0,"width":20.25},{"bases":[[[0.988528,0.0886607,-0.122274],[0.0141644,0.751583,0.659487],[0.150369,-0.653653,0.741705]],[[0.970101,0.149487,-0.191198],[-0.164271,0.984345,-0.0638729],[0.178657,0.0933715,0.979471]],[[0.970101,0.149487,-0.191198],[-0.201625,0.934907,-0.292056],[0.135094,0.321874,0.937095]],[[0.970101,0.149487,-0.191198],[-0.218532,0.880724,-0.4202],[0.105579,0.44942,0.88706]]],"btipPosition":[-31.0349,284.458,-98.7678],"carpPosition":[-7.22759,255.839,35.6855],"dipPosition":[-29.231,292.137,-83.6118],"direction":[-0.135094,-0.321874,-0.937095],"extended":true,"handId":506,"id":5061,"length":58.8075,"mcpPosition":[-18.2902,303.928,-18.8814],"pipPosition":[-25.9657,299.917,-60.9618],"stabilizedTipPosition":[-29.7037,286.618,-95.8612],"timeVisible":33.7398,"tipPosition":[-30.9227,287.389,-95.4657],"tipVelocity":[-44.5431,-16.652,28.6392],"tool":false,"touchDistance":-0.11426,"touchZone":"touching","type":1,"width":19.3428},{"bases":[[[0.98276,-0.1299,-0.131565],[0.184381,0.741218,0.645445],[0.0136755,-0.658575,0.752391]],[[0.981699,-0.107046,-0.157507],[-0.0280885,0.736637,-0.675705],[0.188357,0.667763,0.720149]],[[0.981699,-0.107046,-0.157507],[-0.189623,-0.472921,-0.860459],[0.0176201,0.874578,-0.484564]],[[0.981699,-0.107046,-0.157507],[-0.170262,-0.863851,-0.474102],[-0.0853121,0.492242,-0.866267]]],"btipPosition":[-4.18182,238.225,-22.2643],"carpPosition":[4.74905,258.584,34.8818],"dipPosition":[-5.785,247.475,-38.5432],"direction":[-0.0176201,-0.874578,0.484564],"extended":false,"handId":506,"id":5062,"length":67.0064,"mcpPosition":[3.79493,304.531,-17.611],"pipPosition":[-5.28395,272.345,-52.3224],"stabilizedTipPosition":[-1.45455,236.673,-29.5865],"timeVisible":33.7398,"tipPosition":[-4.684,239.99,-26.6566],"tipVelocity":[-32.2429,4.74136,27.1117],"tool":false,"touchDistance":0.333333,"touchZone":"none","type":2,"width":18.9972},{"bases":[[[0.957346,-0.280903,-0.0676903],[0.254465,0.708672,0.658051],[-0.136878,-0.647208,0.749924]],[[0.961758,-0.256748,-0.0954088],[0.130931,0.736903,-0.663197],[0.240582,0.625343,0.742338]],[[0.961758,-0.256748,-0.0954088],[-0.195561,-0.39978,-0.895507],[0.191777,0.879919,-0.434701]],[[0.961758,-0.256748,-0.0954088],[-0.26676,-0.798992,-0.538934],[0.0621395,0.543775,-0.836927]]],"btipPosition":[8.2692,236.269,-19.2261],"carpPosition":[16.9179,258.203,33.2374],"dipPosition":[9.43021,246.429,-34.8632],"direction":[-0.191777,-0.879919,0.434701],"extended":false,"handId":506,"id":5063,"length":64.4285,"mcpPosition":[25.4919,298.744,-13.7379],"pipPosition":[14.7428,270.804,-46.9053],"stabilizedTipPosition":[11.3851,235.792,-25.3148],"timeVisible":33.7398,"tipPosition":[8.40536,238.399,-23.246],"tipVelocity":[-32.6226,0.610045,19.6869],"tool":false,"touchDistance":0.333333,"touchZone":"none","type":3,"width":18.077},{"bases":[[[0.879776,-0.467128,-0.0882321],[0.387171,0.596372,0.703164],[-0.275848,-0.652788,0.705532]],[[0.902292,-0.401944,-0.155913],[0.237003,0.764542,-0.59942],[0.360136,0.503901,0.785103]],[[0.902292,-0.401944,-0.155913],[-0.299481,-0.324208,-0.897329],[0.310128,0.856347,-0.412905]],[[0.902292,-0.401944,-0.155913],[-0.419792,-0.736739,-0.530085],[0.098197,0.543743,-0.833487]]],"btipPosition":[23.9719,245.029,-17.3381],"carpPosition":[28.4693,251.116,28.8904],"dipPosition":[25.6646,254.402,-31.7048],"direction":[-0.310128,-0.856347,0.412905],"extended":false,"handId":506,"id":5064,"length":50.5107,"mcpPosition":[44.4644,288.968,-12.0201],"pipPosition":[31.7303,271.151,-39.7807],"stabilizedTipPosition":[26.8927,244.565,-22.3767],"timeVisible":33.7398,"tipPosition":[24.1974,246.972,-20.8718],"tipVelocity":[-33.058,2.70596,11.0836],"tool":false,"touchDistance":0.333333,"touchZone":"none","type":4,"width":16.0574}],"r":[[0.985666,-0.0772264,0.149992],[0.0703787,0.996244,0.0504452],[-0.153325,-0.0391659,0.987399]],"s":1.11921,"t":[20.7223,20.9197,-11.0819],"timestamp":97848213155},false],[1,{"currentFrameRate":100.918,"devices":[],"gestures":[],"hands":[{"armBasis":[[0.950615,0.0522989,-0.305933],[0.0433471,0.953669,0.297719],[0.30733,-0.296278,0.904305]],"armWidth":63.72,"confidence":0.54381,"direction":[0.0213268,0.761035,-0.64836],"elbow":[95.4877,163.795,277.756],"grabStrength":0.672131,"id":506,"palmNormal":[-0.0377982,-0.64743,-0.761187],"palmPosition":[5.88149,282.4,-4.59232],"palmVelocity":[-29.3316,-2.051,15.6245],"palmWidth":90.99,"pinchStrength":0.704682,"r":[[0.985974,-0.076771,0.148192],[0.069961,0.996264,0.05064],[-0.151526,-0.0395621,0.987661]],"s":1.11856,"sphereCenter":[15.1134,261.008,-49.4991],"sphereRadius":45.3814,"stabilizedPalmPosition":[9.89326,279.968,-7.95392],"t":[20.4594,20.8522,-10.9522],"timeVisible":33.7494,"type":"right","wrist":[12.5087,243.79,33.5934]}],"id":1802100,"interactionBox":{"center":[0,200,0],"size":[235.247,235.247,147.751]},"pointables":[{"bases":[[[0.439987,0.711188,0.548291],[-0.795455,0.0253226,0.605484],[0.416728,-0.702546,0.576859]],[[0.334094,0.851904,0.403288],[-0.9004,0.161959,0.403794],[0.278677,-0.498026,0.821163]],[[0.334094,0.851904,0.403288],[-0.926924,0.374527,-0.0232617],[-0.170859,-0.366046,0.914777]],[[0.334094,0.851904,0.403288],[-0.92599,0.216837,0.309069],[0.175849,-0.476699,0.861298]]],"btipPosition":[-28.6546,283.853,-64.3202],"carpPosition":[-16.4537,235.355,28.0177],"dipPosition":[-24.5391,272.696,-44.1627],"direction":[0.170859,0.366046,-0.914777],"extended":false,"handId":506,"id":5060,"length":52.1164,"mcpPosition":[-16.4537,235.355,28.0177],"pipPosition":[-30.3646,260.215,-12.9728],"stabilizedTipPosition":[-26.9157,281.486,-60.1231],"timeVisible":33.7494,"tipPosition":[-27.5508,281.236,-59.6184],"tipVelocity":[-37.2894,-6.18484,20.7796],"tool":false,"touchDistance":-0.140498,"touchZone":"touching","type":0,"width":20.25},{"bases":[[[0.988456,0.0876171,-0.123607],[0.0156155,0.752572,0.658325],[0.150703,-0.652655,0.742516]],[[0.970132,0.147998,-0.192197],[-0.163362,0.984314,-0.0666303],[0.179321,0.0960378,0.979092]],[[0.970132,0.147998,-0.192197],[-0.200947,0.934132,-0.294987],[0.13588,0.324798,0.935972]],[[0.970132,0.147998,-0.192197],[-0.217984,0.879489,-0.423062],[0.106423,0.452322,0.885482]]],"btipPosition":[-31.3225,284.14,-98.5994],"carpPosition":[-7.42868,255.829,35.8431],"dipPosition":[-29.5042,291.869,-83.4705],"direction":[-0.13588,-0.324798,-0.935972],"extended":true,"handId":506,"id":5061,"length":58.8075,"mcpPosition":[-18.5159,303.845,-18.7835],"pipPosition":[-26.2199,299.719,-60.8476],"stabilizedTipPosition":[-30.0551,286.413,-95.6441],"timeVisible":33.7494,"tipPosition":[-31.2095,287.066,-95.3029],"tipVelocity":[-40.152,-21.0566,25.1918],"tool":false,"touchDistance":-0.111558,"touchZone":"touching","type":1,"width":19.3428},{"bases":[[[0.982486,-0.130952,-0.132559],[0.185806,0.742038,0.644093],[0.0140185,-0.657442,0.753374]],[[0.981416,-0.108172,-0.158494],[-0.0282774,0.735421,-0.67702],[0.189795,0.66892,0.718696]],[[0.981416,-0.108172,-0.158494],[-0.191081,-0.475182,-0.858889],[0.0175939,0.873213,-0.487021]],[[0.981416,-0.108172,-0.158494],[-0.17146,-0.865195,-0.47121],[-0.086157,0.489628,-0.867664]]],"btipPosition":[-4.45813,238.156,-22.0279],"carpPosition":[4.54934,258.562,35.0207],"dipPosition":[-6.07719,247.357,-38.333],"direction":[-0.0175939,-0.873213,0.487021],"extended":false,"handId":506,"id":5062,"length":67.0064,"mcpPosition":[3.5713,304.431,-17.5407],"pipPosition":[-5.57688,272.189,-52.1822],"stabilizedTipPosition":[-1.57781,236.804,-29.4474],"timeVisible":33.7494,"tipPosition":[-4.96396,239.912,-26.4232],"tipVelocity":[-31.3029,0.959542,26.1682],"tool":false,"touchDistance":0.333333,"touchZone":"none","type":2,"width":18.9972},{"bases":[[[0.95702,-0.281836,-0.0684235],[0.255877,0.70945,0.656664],[-0.136528,-0.645948,0.751073]],[[0.961423,-0.257697,-0.0962186],[0.130627,0.735553,-0.664755],[0.242079,0.626542,0.740839]],[[0.961423,-0.257697,-0.0962186],[-0.197062,-0.401199,-0.894542],[0.191918,0.878994,-0.436505]],[[0.961423,-0.257697,-0.0962186],[-0.268105,-0.799628,-0.537322],[0.0615271,0.54239,-0.837871]]],"btipPosition":[7.98588,236.153,-19.0388],"carpPosition":[16.7158,258.169,33.362],"dipPosition":[9.13545,246.288,-34.6936],"direction":[-0.191918,-0.878994,0.436505],"extended":false,"handId":506,"id":5063,"length":64.4285,"mcpPosition":[25.268,298.631,-13.6852],"pipPosition":[14.452,270.637,-46.7856],"stabilizedTipPosition":[11.2257,235.929,-25.1787],"timeVisible":33.7494,"tipPosition":[8.12103,238.285,-23.0608],"tipVelocity":[-31.753,-3.23171,19.4836],"tool":false,"touchDistance":0.333333,"touchZone":"none","type":3,"width":18.077},{"bases":[[[0.879264,-0.468025,-0.088588],[0.38854,0.597104,0.701786],[-0.275557,-0.651475,0.706858]],[[0.90175,-0.402978,-0.156381],[0.237116,0.76364,-0.600525],[0.361418,0.504443,0.784165]],[[0.90175,-0.402978,-0.156381],[-0.300706,-0.324934,-0.896657],[0.310519,0.855585,-0.414188]],[[0.90175,-0.402978,-0.156381],[-0.421049,-0.737021,-0.528694],[0.0977958,0.542594,-0.834283]]],"btipPosition":[23.6955,244.918,-17.2216],"carpPosition":[28.2558,251.065,29.0118],"dipPosition":[25.3812,254.27,-31.6019],"direction":[-0.310519,-0.855585,0.414188],"extended":false,"handId":506,"id":5064,"length":50.5107,"mcpPosition":[44.234,288.841,-11.9755],"pipPosition":[31.4546,271.004,-39.703],"stabilizedTipPosition":[26.6715,244.762,-22.2312],"timeVisible":33.7494,"tipPosition":[23.9227,246.857,-20.7458],"tipVelocity":[-31.8213,-1.59113,11.2775],"tool":false,"touchDistance":0.333333,"touchZone":"none","type":4,"width":16.0574}],"r":[[0.985974,-0.076771,0.148192],[0.069961,0.996264,0.05064],[-0.151526,-0.0395621,0.987661]],"s":1.11856,"t":[20.4594,20.8522,-10.9522],"timestamp":97848222804},false],[2,{"currentFrameRate":101.045,"devices":[],"gestures":[],"hands":[{"armBasis":[[0.949702,0.0525202,-0.30872],[0.044663,0.953041,0.299529],[0.309954,-0.298252,0.902759]],"armWidth":63.72,"confidence":0.549018,"direction":[0.0213578,0.760202,-0.649336],"elbow":[96.0186,163.229,277.461],"grabStrength":0.676104,"id":506,"palmNormal":[-0.0393238,-0.648343,-0.760332],"palmPosition":[5.69936,282.325,-4.51075],"palmVelocity":[-26.2847,-3.70065,13.5353],"palmWidth":90.99,"pinchStrength":0.706399,"r":[[0.986236,-0.0765693,0.146545],[0.0698404,0.996278,0.050531],[-0.149869,-0.0396007,0.987912]],"s":1.11782,"sphereCenter":[14.8924,260.87,-49.3833],"sphereRadius":45.3586,"stabilizedPalmPosition":[9.7121,280.07,-7.80519],"t":[20.2369,20.7812,-10.8466],"timeVisible":33.7591,"type":"right","wrist":[12.331,243.757,33.7157]}],"id":1802101,"interactionBox":{"center":[0,200,0],"size":[235.247,235.247,147.751]},"pointables":[{"bases":[[[0.441334,0.711426,0.546898],[-0.794737,0.0268872,0.606358],[0.416675,-0.702247,0.577263]],[[0.335383,0.852104,0.401793],[-0.899883,0.163546,0.404305],[0.278798,-0.497163,0.821645]],[[0.335383,0.852104,0.401793],[-0.926516,0.375548,-0.0230685],[-0.170549,-0.36453,0.91544]],[[0.335383,0.852104,0.401793],[-0.925131,0.21735,0.311275],[0.177909,-0.476107,0.861203]]],"btipPosition":[-28.912,283.733,-64.1987],"carpPosition":[-16.6463,235.344,28.1836],"dipPosition":[-24.7482,272.59,-44.0434],"direction":[0.170549,0.36453,-0.91544],"extended":false,"handId":506,"id":5060,"length":52.1164,"mcpPosition":[-16.6463,235.344,28.1836],"pipPosition":[-30.5632,260.161,-12.8309],"stabilizedTipPosition":[-27.1898,281.403,-59.9753],"timeVisible":33.7591,"tipPosition":[-27.7986,281.123,-59.4973],"tipVelocity":[-33.8607,-7.89468,18.3781],"tool":false,"touchDistance":-0.138481,"touchZone":"touching","type":0,"width":20.25},{"bases":[[[0.988402,0.086459,-0.124844],[0.0171303,0.753378,0.657364],[0.15089,-0.651879,0.743159]],[[0.970192,0.146427,-0.193096],[-0.162493,0.984218,-0.0700844],[0.179787,0.0993721,0.978674]],[[0.970192,0.146427,-0.193096],[-0.200287,0.933073,-0.298762],[0.136426,0.328532,0.934588]],[[0.970192,0.146427,-0.193096],[-0.217427,0.877835,-0.426769],[0.107016,0.456032,0.883506]]],"btipPosition":[-31.5424,283.776,-98.4317],"carpPosition":[-7.59155,255.819,35.973],"dipPosition":[-29.714,291.568,-83.3365],"direction":[-0.136426,-0.328532,-0.934588],"extended":true,"handId":506,"id":5061,"length":58.8075,"mcpPosition":[-18.6924,303.778,-18.7009],"pipPosition":[-26.4165,299.508,-60.7471],"stabilizedTipPosition":[-30.3658,286.167,-95.4448],"timeVisible":33.7591,"tipPosition":[-31.4302,286.715,-95.1453],"tipVelocity":[-35.0236,-25.4781,22.6824],"tool":false,"touchDistance":-0.108892,"touchZone":"touching","type":1,"width":19.3428},{"bases":[[[0.982201,-0.132115,-0.133516],[0.187293,0.742654,0.642951],[0.0142124,-0.656514,0.75418]],[[0.981127,-0.109402,-0.159438],[-0.0281824,0.734841,-0.677654],[0.191298,0.669358,0.717889]],[[0.981127,-0.109402,-0.159438],[-0.192525,-0.476027,-0.858098],[0.017981,0.872599,-0.488106]],[[0.981127,-0.109402,-0.159438],[-0.172868,-0.865716,-0.469737],[-0.0866376,0.488434,-0.868289]]],"btipPosition":[-4.70716,238.087,-21.8898],"carpPosition":[4.38829,258.539,35.1336],"dipPosition":[-6.33525,247.265,-38.2067],"direction":[-0.017981,-0.872599,0.488106],"extended":false,"handId":506,"id":5062,"length":67.0064,"mcpPosition":[3.39671,304.342,-17.4841],"pipPosition":[-5.82394,272.079,-52.0866],"stabilizedTipPosition":[-1.69687,236.92,-29.3181],"timeVisible":33.7591,"tipPosition":[-5.21272,239.838,-26.2703],"tipVelocity":[-29.7631,-1.57418,22.6326],"tool":false,"touchDistance":0.333333,"touchZone":"none","type":2,"width":18.9972},{"bases":[[[0.956655,-0.282892,-0.0691624],[0.257346,0.710011,0.655483],[-0.136325,-0.644869,0.752037]],[[0.961055,-0.258765,-0.097025],[0.130485,0.734375,-0.666083],[0.243612,0.627482,0.73954]],[[0.961055,-0.258765,-0.097025],[-0.198553,-0.402331,-0.893704],[0.192223,0.878163,-0.438041]],[[0.961055,-0.258765,-0.097025],[-0.269527,-0.800072,-0.535947],[0.0610571,0.541225,-0.838658]]],"btipPosition":[7.74165,236.051,-18.8843],"carpPosition":[16.5525,258.131,33.4615],"dipPosition":[8.88245,246.163,-34.5538],"direction":[-0.192223,-0.878163,0.438041],"extended":false,"handId":506,"id":5063,"length":64.4285,"mcpPosition":[25.0919,298.526,-13.6461],"pipPosition":[14.2074,270.49,-46.6884],"stabilizedTipPosition":[11.072,236.045,-25.0503],"timeVisible":33.7591,"tipPosition":[7.87631,238.184,-22.9077],"tipVelocity":[-29.9352,-5.54251,18.3681],"tool":false,"touchDistance":0.333333,"touchZone":"none","type":3,"width":18.077},{"bases":[[[0.878687,-0.469027,-0.0890051],[0.389946,0.597587,0.700594],[-0.27541,-0.65031,0.707987]],[[0.901168,-0.404067,-0.156927],[0.237253,0.762767,-0.60158],[0.362777,0.504893,0.783247]],[[0.901168,-0.404067,-0.156927],[-0.301996,-0.325545,-0.896002],[0.310958,0.854839,-0.415397]],[[0.901168,-0.404067,-0.156927],[-0.422377,-0.737165,-0.527433],[0.0974373,0.541588,-0.834978]]],"btipPosition":[23.461,244.811,-17.1237],"carpPosition":[28.0803,251.01,29.107],"dipPosition":[25.1405,254.146,-31.5161],"direction":[-0.310958,-0.854839,0.415397],"extended":false,"handId":506,"id":5064,"length":50.5107,"mcpPosition":[44.05,288.719,-11.9458],"pipPosition":[31.2225,270.866,-39.6407],"stabilizedTipPosition":[26.4592,244.927,-22.0961],"timeVisible":33.7591,"tipPosition":[23.6885,246.749,-20.6431],"tipVelocity":[-29.6741,-4.46454,10.8625],"tool":false,"touchDistance":0.333333,"touchZone":"none","type":4,"width":16.0574}],"r":[[0.986236,-0.0765693,0.146545],[0.0698404,0.996278,0.050531],[-0.149869,-0.0396007,0.987912]],"s":1.11782,"t":[20.2369,20.7812,-10.8466],"timestamp":97848232456},false],[3,{"currentFrameRate":101.199,"devices":[],"gestures":[],"hands":[{"armBasis":[[0.949468,0.0512632,-0.309648],[0.0463912,0.952814,0.29999],[0.310415,-0.299196,0.902288]],"armWidth":63.72,"confidence":0.547673,"direction":[0.0215292,0.759373,-0.650299],"elbow":[95.9725,162.913,277.449],"grabStrength":0.680604,"id":506,"palmNormal":[-0.0412483,-0.649222,-0.75948],"palmPosition":[5.53033,282.227,-4.43392],"palmVelocity":[-23.7805,-5.6006,11.9375],"palmWidth":90.99,"pinchStrength":0.7084,"r":[[0.986462,-0.0766446,0.14498],[0.0700327,0.996282,0.0501799],[-0.148287,-0.0393472,0.988161]],"s":1.11692,"sphereCenter":[14.6699,260.707,-49.2718],"sphereRadius":45.328,"stabilizedPalmPosition":[9.53758,280.16,-7.6645],"t":[20.0411,20.6965,-10.7554],"timeVisible":33.7686,"type":"right","wrist":[12.1604,243.696,33.831]}],"id":1802102,"interactionBox":{"center":[0,200,0],"size":[235.247,235.247,147.751]},"pointables":[{"bases":[[[0.443056,0.711486,0.545425],[-0.793878,0.0287315,0.607398],[0.416485,-0.702112,0.577563]],[[0.337058,0.852179,0.400229],[-0.899266,0.165534,0.40487],[0.27877,-0.496377,0.82213]],[[0.337058,0.852179,0.400229],[-0.925936,0.376985,-0.0228964],[-0.170392,-0.362869,0.916129]],[[0.337058,0.852179,0.400229],[-0.924093,0.21812,0.313809],[0.180124,-0.475621,0.861011]]],"btipPosition":[-29.1574,283.599,-64.0771],"carpPosition":[-16.8359,235.317,28.3484],"dipPosition":[-24.9418,272.467,-43.9263],"direction":[0.170392,0.362869,-0.916129],"extended":false,"handId":506,"id":5060,"length":52.1164,"mcpPosition":[-16.8359,235.317,28.3484],"pipPosition":[-30.7514,260.095,-12.6903],"stabilizedTipPosition":[-27.4414,281.311,-59.8409],"timeVisible":33.7686,"tipPosition":[-28.0392,280.996,-59.3758],"tipVelocity":[-31.1101,-9.5918,16.6991],"tool":false,"touchDistance":-0.136472,"touchZone":"touching","type":0,"width":20.25},{"bases":[[[0.988351,0.0849383,-0.126286],[0.0190606,0.754161,0.656413],[0.150995,-0.651173,0.743757]],[[0.97031,0.144375,-0.19405],[-0.161199,0.984157,-0.0738204],[0.180318,0.102909,0.97821]],[[0.97031,0.144375,-0.19405],[-0.199255,0.931937,-0.302969],[0.137101,0.332639,0.933035]],[[0.97031,0.144375,-0.19405],[-0.21653,0.876009,-0.430956],[0.10777,0.460178,0.881262]]],"btipPosition":[-31.753,283.372,-98.2525],"carpPosition":[-7.74238,255.789,36.1004],"dipPosition":[-29.9116,291.234,-83.1956],"direction":[-0.137101,-0.332639,-0.933035],"extended":true,"handId":506,"id":5061,"length":58.8075,"mcpPosition":[-18.851,303.695,-18.6175],"pipPosition":[-26.5979,299.274,-60.6438],"stabilizedTipPosition":[-30.6445,285.882,-95.2553],"timeVisible":33.7686,"tipPosition":[-31.6442,286.329,-94.9781],"tipVelocity":[-31.1541,-29.8191,21.2626],"tool":false,"touchDistance":-0.106052,"touchZone":"touching","type":1,"width":19.3428},{"bases":[[[0.981836,-0.133637,-0.13468],[0.189189,0.743184,0.641783],[0.0143261,-0.655605,0.754968]],[[0.980762,-0.111002,-0.160576],[-0.0278032,0.734772,-0.677744],[0.193217,0.66917,0.71755]],[[0.980762,-0.111002,-0.160576],[-0.194313,-0.476482,-0.857442],[0.0186661,0.872149,-0.488885]],[[0.980762,-0.111002,-0.160576],[-0.174688,-0.866195,-0.468177],[-0.0871214,0.487221,-0.868922]]],"btipPosition":[-4.96621,238.02,-21.7865],"carpPosition":[4.24006,258.491,35.2414],"dipPosition":[-6.6034,247.176,-38.1153],"direction":[-0.0186661,-0.872149,0.488885],"extended":false,"handId":506,"id":5062,"length":67.0064,"mcpPosition":[3.24055,304.231,-17.4312],"pipPosition":[-6.0726,271.977,-52.0174],"stabilizedTipPosition":[-1.81561,237.024,-29.1951],"timeVisible":33.7686,"tipPosition":[-5.46856,239.763,-26.1312],"tipVelocity":[-29.0349,-3.28609,19.1163],"tool":false,"touchDistance":0.333333,"touchZone":"none","type":2,"width":18.9972},{"bases":[[[0.956169,-0.2843,-0.0701072],[0.259214,0.710459,0.65426],[-0.136198,-0.643756,0.753013]],[[0.960569,-0.260186,-0.0980355],[0.130478,0.733177,-0.667404],[0.245527,0.628295,0.738215]],[[0.960569,-0.260186,-0.0980355],[-0.200377,-0.403352,-0.892836],[0.192761,0.877274,-0.439583]],[[0.960569,-0.260186,-0.0980355],[-0.271356,-0.800399,-0.534534],[0.060611,0.540059,-0.839442]]],"btipPosition":[7.49047,235.924,-18.7371],"carpPosition":[16.4014,258.064,33.5534],"dipPosition":[8.62293,246.015,-34.4212],"direction":[-0.192761,-0.877274,0.439583],"extended":false,"handId":506,"id":5063,"length":64.4285,"mcpPosition":[24.9328,298.389,-13.6154],"pipPosition":[13.9628,270.317,-46.5985],"stabilizedTipPosition":[10.923,236.144,-24.929],"timeVisible":33.7686,"tipPosition":[7.62449,238.059,-22.7616],"tipVelocity":[-28.9141,-7.90616,17.3972],"tool":false,"touchDistance":0.333333,"touchZone":"none","type":3,"width":18.077},{"bases":[[[0.877917,-0.470351,-0.0896154],[0.391719,0.597907,0.69933],[-0.275349,-0.649058,0.709159]],[[0.900406,-0.405467,-0.157687],[0.237491,0.761789,-0.602723],[0.364508,0.505246,0.782215]],[[0.900406,-0.405467,-0.157687],[-0.303613,-0.326051,-0.895271],[0.311588,0.853983,-0.416684]],[[0.900406,-0.405467,-0.157687],[-0.42408,-0.737138,-0.526102],[0.0970797,0.540578,-0.835674]]],"btipPosition":[23.2233,244.672,-17.0329],"carpPosition":[27.9135,250.922,29.1921],"dipPosition":[24.8966,253.99,-31.4373],"direction":[-0.311588,-0.853983,0.416684],"extended":false,"handId":506,"id":5064,"length":50.5107,"mcpPosition":[43.8796,288.558,-11.9286],"pipPosition":[30.9909,270.693,-39.5871],"stabilizedTipPosition":[26.2555,245.062,-21.9711],"timeVisible":33.7686,"tipPosition":[23.4507,246.608,-20.5489],"tipVelocity":[-28.3059,-7.48853,10.3775],"tool":false,"touchDistance":0.333333,"touchZone":"none","type":4,"width":16.0574}],"r":[[0.986462,-0.0766446,0.14498],[0.0700327,0.996282,0.0501799],[-0.148287,-0.0393472,0.988161]],"s":1.11692,"t":[20.0411,20.6965,-10.7554],"timestamp":97848242040},false],[4,{"currentFrameRate":101.315,"devices":[],"gestures":[],"hands":[{"armBasis":[[0.949314,0.0474936,-0.31072],[0.0499154,0.953198,0.298199],[0.31034,-0.298594,0.902514]],"armWidth":63.72,"confidence":0.547705,"direction":[0.023017,0.759708,-0.649857],"elbow":[95.7109,162.929,277.583],"grabStrength":0.682548,"id":506,"palmNormal":[-0.0444857,-0.648607,-0.759822],"palmPosition":[5.35664,282.125,-4.32674],"palmVelocity":[-22.0997,-7.04494,11.697],"palmWidth":90.99,"pinchStrength":0.709382,"r":[[0.986633,-0.0773623,0.143423],[0.0708464,0.996233,0.0500021],[-0.146751,-0.0391727,0.988398]],"s":1.1161,"sphereCenter":[14.313,260.625,-49.1603],"sphereRadius":45.2736,"stabilizedPalmPosition":[9.36804,280.24,-7.52915],"t":[19.8564,20.6032,-10.6562],"timeVisible":33.7783,"type":"right","wrist":[11.9191,243.549,33.9042]}],"id":1802103,"interactionBox":{"center":[0,200,0],"size":[235.247,235.247,147.751]},"pointables":[{"bases":[[[0.446173,0.709705,0.545205],[-0.792872,0.0309203,0.608603],[0.415071,-0.70382,0.576501]],[[0.340239,0.851013,0.400018],[-0.898519,0.168772,0.405192],[0.277312,-0.497286,0.822074]],[[0.340239,0.851013,0.400018],[-0.924594,0.380283,-0.022606],[-0.171358,-0.362163,0.916228]],[[0.340239,0.851013,0.400018],[-0.922337,0.219184,0.318202],[0.183116,-0.477216,0.859496]]],"btipPosition":[-29.3982,283.607,-63.9309],"carpPosition":[-17.1124,235.267,28.4597],"dipPosition":[-25.1126,272.439,-43.8156],"direction":[0.171358,0.362163,-0.916228],"extended":false,"handId":506,"id":5060,"length":52.1164,"mcpPosition":[-17.1124,235.267,28.4597],"pipPosition":[-30.9551,260.091,-12.5762],"stabilizedTipPosition":[-27.6756,281.245,-59.7115],"timeVisible":33.7783,"tipPosition":[-28.2814,281.014,-59.2305],"tipVelocity":[-28.8352,-6.79331,16.0044],"tool":false,"touchDistance":-0.134171,"touchZone":"touching","type":0,"width":20.25},{"bases":[[[0.988431,0.0818169,-0.127712],[0.022484,0.753683,0.656854],[0.149996,-0.652126,0.743124]],[[0.97064,0.14093,-0.19493],[-0.157868,0.984669,-0.0741996],[0.181484,0.102794,0.978007]],[[0.97064,0.14093,-0.19493],[-0.196316,0.93241,-0.303433],[0.138991,0.332792,0.932701]],[[0.97064,0.14093,-0.19493],[-0.213887,0.876446,-0.431387],[0.11005,0.460415,0.880856]]],"btipPosition":[-32.0129,283.355,-98.0717],"carpPosition":[-7.94105,255.705,36.2109],"dipPosition":[-30.1327,291.221,-83.0217],"direction":[-0.138991,-0.332792,-0.932701],"extended":true,"handId":506,"id":5061,"length":58.8075,"mcpPosition":[-18.9762,303.681,-18.4604],"pipPosition":[-26.7732,299.265,-60.478],"stabilizedTipPosition":[-30.909,285.679,-95.073],"timeVisible":33.7783,"tipPosition":[-31.8951,286.292,-94.7935],"tipVelocity":[-29.6599,-21.6221,20.4819],"tool":false,"touchDistance":-0.103065,"touchZone":"touching","type":1,"width":19.3428},{"bases":[[[0.981196,-0.136731,-0.136232],[0.192554,0.742164,0.641962],[0.0133306,-0.656123,0.754537]],[[0.980159,-0.11412,-0.162062],[-0.0261696,0.735961,-0.676518],[0.196476,0.667337,0.718372]],[[0.980159,-0.11412,-0.162062],[-0.197107,-0.475001,-0.857627],[0.0208926,0.872554,-0.48807]],[[0.980159,-0.11412,-0.162062],[-0.178182,-0.865464,-0.468212],[-0.0868268,0.487799,-0.868627]]],"btipPosition":[-5.31394,238,-21.7305],"carpPosition":[4.04878,258.368,35.3356],"dipPosition":[-6.94559,247.167,-38.0537],"direction":[-0.0208926,-0.872554,0.48807],"extended":false,"handId":506,"id":5062,"length":67.0064,"mcpPosition":[3.11873,304.145,-17.3069],"pipPosition":[-6.35148,271.979,-51.9327],"stabilizedTipPosition":[-1.94481,237.127,-29.0714],"timeVisible":33.7783,"tipPosition":[-5.8108,239.745,-26.0386],"tipVelocity":[-31.0383,-2.87124,15.2804],"tool":false,"touchDistance":0.333333,"touchZone":"none","type":2,"width":18.9972},{"bases":[[[0.955137,-0.287351,-0.071715],[0.262491,0.709205,0.654314],[-0.137157,-0.643784,0.752815]],[[0.959586,-0.263151,-0.0997296],[0.131467,0.732527,-0.667923],[0.248819,0.627818,0.737518]],[[0.959586,-0.263151,-0.0997296],[-0.203445,-0.403847,-0.891918],[0.194434,0.876162,-0.441063]],[[0.959586,-0.263151,-0.0997296],[-0.274847,-0.800247,-0.532976],[0.0604449,0.538847,-0.840232]]],"btipPosition":[7.16495,235.84,-18.5619],"carpPosition":[16.2061,257.903,33.6292],"dipPosition":[8.2943,245.908,-34.2608],"direction":[-0.194434,-0.876162,0.441063],"extended":false,"handId":506,"id":5063,"length":64.4285,"mcpPosition":[24.7976,298.23,-13.5271],"pipPosition":[13.6805,270.179,-46.4791],"stabilizedTipPosition":[10.7722,236.231,-24.8102],"timeVisible":33.7783,"tipPosition":[7.29647,237.976,-22.6081],"tipVelocity":[-30.3426,-8.30406,17.516],"tool":false,"touchDistance":0.333333,"touchZone":"none","type":3,"width":18.077},{"bases":[[[0.876254,-0.473135,-0.0912221],[0.394698,0.596196,0.699116],[-0.27639,-0.648609,0.709165]],[[0.898859,-0.408254,-0.159314],[0.239083,0.761493,-0.602468],[0.367276,0.503444,0.782082]],[[0.898859,-0.408254,-0.159314],[-0.305913,-0.324216,-0.895154],[0.313799,0.853354,-0.416314]],[[0.898859,-0.408254,-0.159314],[-0.427209,-0.735247,-0.526216],[0.0976951,0.541055,-0.835294]]],"btipPosition":[22.9069,244.519,-16.9882],"carpPosition":[27.6885,250.727,29.2462],"dipPosition":[24.5909,253.845,-31.386],"direction":[-0.313799,-0.853354,0.416314],"extended":false,"handId":506,"id":5064,"length":50.5107,"mcpPosition":[43.715,288.337,-11.8748],"pipPosition":[30.7284,270.535,-39.5286],"stabilizedTipPosition":[26.0487,245.174,-21.8543],"timeVisible":33.7783,"tipPosition":[23.139,246.461,-20.4948],"tipVelocity":[-29.5391,-9.88677,8.75042],"tool":false,"touchDistance":0.333333,"touchZone":"none","type":4,"width":16.0574}],"r":[[0.986633,-0.0773623,0.143423],[0.0708464,0.996233,0.0500021],[-0.146751,-0.0391727,0.988398]],"s":1.1161,"t":[19.8564,20.6032,-10.6562],"timestamp":97848251686},false],[5,{"currentFrameRate":101.363,"devices":[],"gestures":[],"hands":[{"armBasis":[[0.9484,0.0438986,-0.314021],[0.0541659,0.953381,0.296868],[0.312414,-0.298559,0.901809]],"armWidth":63.72,"confidence":0.551437,"direction":[0.0247815,0.759532,-0.649998],"elbow":[96.098,162.786,277.425],"grabStrength":0.684955,"id":506,"palmNormal":[-0.048403,-0.648524,-0.759654],"palmPosition":[5.26383,281.994,-4.28714],"palmVelocity":[-18.3905,-8.92625,9.447],"palmWidth":90.99,"pinchStrength":0.710644,"r":[[0.986759,-0.0787009,0.141817],[0.0722908,0.996139,0.0498066],[-0.145189,-0.0388951,0.988639]],"s":1.11535,"sphereCenter":[14.0416,260.468,-49.1071],"sphereRadius":45.2336,"stabilizedPalmPosition":[9.20385,280.31,-7.39945],"t":[19.7176,20.4909,-10.5868],"timeVisible":33.7881,"type":"right","wrist":[11.7462,243.397,33.9367]}],"id":1802104,"interactionBox":{"center":[0,200,0],"size":[235.247,235.247,147.751]},"pointables":[{"bases":[[[0.449931,0.708031,0.544293],[-0.791628,0.0340814,0.610052],[0.413385,-0.705359,0.575831]],[[0.344149,0.849869,0.399103],[-0.897464,0.172852,0.405809],[0.275899,-0.497839,0.822214]],[[0.344149,0.849869,0.399103],[-0.923098,0.383956,-0.0216214],[-0.171613,-0.36097,0.916651]],[[0.344149,0.849869,0.399103],[-0.920386,0.221335,0.322335],[0.185607,-0.47826,0.858381]]],"btipPosition":[-29.5921,283.579,-63.8393],"carpPosition":[-17.3272,235.228,28.5466],"dipPosition":[-25.2482,272.386,-43.7501],"direction":[0.171613,0.36097,-0.916651],"extended":false,"handId":506,"id":5060,"length":52.1164,"mcpPosition":[-17.3272,235.228,28.5466],"pipPosition":[-31.0995,260.079,-12.4963],"stabilizedTipPosition":[-27.8891,281.189,-59.5968],"timeVisible":33.7881,"tipPosition":[-28.471,280.992,-59.1387],"tipVelocity":[-25.7843,-5.80751,13.8714],"tool":false,"touchDistance":-0.132744,"touchZone":"touching","type":0,"width":20.25},{"bases":[[[0.988506,0.0779535,-0.129534],[0.0266216,0.753671,0.656713],[0.148819,-0.652613,0.742933]],[[0.97101,0.136619,-0.196152],[-0.15388,0.985196,-0.0755635],[0.182925,0.103557,0.977658]],[[0.97101,0.136619,-0.196152],[-0.192833,0.932621,-0.305015],[0.141265,0.333997,0.931928]],[[0.97101,0.136619,-0.196152],[-0.210772,0.876429,-0.432953],[0.112764,0.461745,0.879816]]],"btipPosition":[-32.2107,283.232,-97.9388],"carpPosition":[-8.06222,255.63,36.2782],"dipPosition":[-30.2841,291.121,-82.9066],"direction":[-0.141265,-0.333997,-0.931928],"extended":true,"handId":506,"id":5061,"length":58.8075,"mcpPosition":[-19.0108,303.643,-18.379],"pipPosition":[-26.8697,299.194,-60.3816],"stabilizedTipPosition":[-31.1459,285.504,-94.9097],"timeVisible":33.7881,"tipPosition":[-32.0846,286.16,-94.6619],"tipVelocity":[-26.5671,-18.8096,18.3313],"tool":false,"touchDistance":-0.100919,"touchZone":"touching","type":1,"width":19.3428},{"bases":[[[0.980405,-0.140566,-0.138013],[0.196618,0.741489,0.641511],[0.0121608,-0.656076,0.754597]],[[0.979412,-0.117996,-0.163796],[-0.024295,0.736594,-0.675899],[0.200405,0.665963,0.718562]],[[0.979412,-0.117996,-0.163796],[-0.200492,-0.473848,-0.85748],[0.0235646,0.872666,-0.487749]],[[0.979412,-0.117996,-0.163796],[-0.182427,-0.864784,-0.467835],[-0.0864459,0.488084,-0.868505]]],"btipPosition":[-5.61736,237.933,-21.7102],"carpPosition":[3.93626,258.247,35.3807],"dipPosition":[-7.24186,247.105,-38.0312],"direction":[-0.0235646,-0.872666,0.487749],"extended":false,"handId":506,"id":5062,"length":67.0064,"mcpPosition":[3.08783,304.02,-17.266],"pipPosition":[-6.57176,271.921,-51.901],"stabilizedTipPosition":[-2.08811,237.23,-28.9436],"timeVisible":33.7881,"tipPosition":[-6.10823,239.682,-25.9819],"tipVelocity":[-30.9914,-3.99735,11.4101],"tool":false,"touchDistance":0.333333,"touchZone":"none","type":2,"width":18.9972},{"bases":[[[0.953878,-0.291075,-0.0734284],[0.266448,0.708259,0.653739],[-0.138281,-0.643152,0.753149]],[[0.958375,-0.266869,-0.101486],[0.132786,0.73128,-0.669028],[0.252757,0.627703,0.736276]],[[0.958375,-0.266869,-0.101486],[-0.207119,-0.405171,-0.890471],[0.19652,0.874424,-0.443579]],[[0.958375,-0.266869,-0.101486],[-0.27908,-0.800566,-0.530291],[0.0602718,0.53654,-0.84172]]],"btipPosition":[6.88727,235.728,-18.4071],"carpPosition":[16.0886,257.735,33.652],"dipPosition":[8.01339,245.753,-34.1338],"direction":[-0.19652,-0.874424,0.443579],"extended":false,"handId":506,"id":5063,"length":64.4285,"mcpPosition":[24.7505,298.022,-13.5253],"pipPosition":[13.4574,269.976,-46.4218],"stabilizedTipPosition":[10.6202,236.306,-24.6934],"timeVisible":33.7881,"tipPosition":[7.01604,237.856,-22.4795],"tipVelocity":[-29.797,-9.52725,16.8316],"tool":false,"touchDistance":0.333333,"touchZone":"none","type":3,"width":18.077},{"bases":[[[0.874238,-0.476553,-0.0927665],[0.398297,0.594742,0.698313],[-0.277611,-0.64744,0.709756]],[[0.896973,-0.411757,-0.16092],[0.240946,0.76052,-0.602955],[0.370654,0.502062,0.781377]],[[0.896973,-0.411757,-0.16092],[-0.308793,-0.323061,-0.894583],[0.316364,0.852108,-0.416924]],[[0.896973,-0.411757,-0.16092],[-0.431022,-0.733607,-0.525396],[0.0982836,0.540626,-0.835502]]],"btipPosition":[22.6444,244.318,-16.9793],"carpPosition":[27.5348,250.513,29.2489],"dipPosition":[24.3385,253.636,-31.3807],"direction":[-0.316364,-0.852108,0.416924],"extended":false,"handId":506,"id":5064,"length":50.5107,"mcpPosition":[43.6322,288.055,-11.9064],"pipPosition":[30.5262,270.302,-39.5352],"stabilizedTipPosition":[25.8391,245.263,-21.7457],"timeVisible":33.7881,"tipPosition":[22.8789,246.261,-20.4834],"tipVelocity":[-28.683,-13.0791,6.41871],"tool":false,"touchDistance":0.333333,"touchZone":"none","type":4,"width":16.0574}],"r":[[0.986759,-0.0787009,0.141817],[0.0722908,0.996139,0.0498066],[-0.145189,-0.0388951,0.988639]],"s":1.11535,"t":[19.7176,20.4909,-10.5868],"timestamp":97848261459},false],[6,{"currentFrameRate":101.554,"devices":[],"gestures":[],"hands":[{"armBasis":[[0.948214,0.0386557,-0.315271],[0.058826,0.954024,0.2939],[0.312137,-0.297226,0.902345]],"armWidth":63.72,"confidence":0.552081,"direction":[0.0264284,0.759813,-0.649604],"elbow":[95.8563,162.915,277.541],"grabStrength":0.68692,"id":506,"palmNormal":[-0.0528974,-0.647858,-0.759922],"palmPosition":[5.16841,281.812,-4.27762],"palmVelocity":[-16.0022,-11.87,7.02481],"palmWidth":90.99,"pinchStrength":0.711833,"r":[[0.986856,-0.0806135,0.140059],[0.0743018,0.995995,0.0497325],[-0.143507,-0.0386722,0.988893]],"s":1.1147,"sphereCenter":[13.7405,260.29,-49.1053],"sphereRadius":45.2006,"stabilizedPalmPosition":[9.04719,280.368,-7.27826],"t":[19.6005,20.3438,-10.5473],"timeVisible":33.7975,"type":"right","wrist":[11.5792,243.166,33.908]}],"id":1802105,"interactionBox":{"center":[0,200,0],"size":[235.247,235.247,147.751]},"pointables":[{"bases":[[[0.454163,0.705817,0.543653],[-0.790043,0.0370206,0.611932],[0.411786,-0.707426,0.574439]],[[0.348523,0.848301,0.398644],[-0.896094,0.176842,0.407115],[0.274859,-0.499111,0.821791]],[[0.348523,0.848301,0.398644],[-0.921527,0.387819,-0.0196032],[-0.171231,-0.360529,0.916896]],[[0.348523,0.848301,0.398644],[-0.918236,0.223668,0.326827],[0.188084,-0.479956,0.856894]]],"btipPosition":[-29.8246,283.561,-63.7569],"carpPosition":[-17.5407,235.121,28.5815],"dipPosition":[-25.4228,272.328,-43.7025],"direction":[0.171231,0.360529,-0.916896],"extended":false,"handId":506,"id":5060,"length":52.1164,"mcpPosition":[-17.5407,235.121,28.5815],"pipPosition":[-31.261,260.035,-12.4404],"stabilizedTipPosition":[-28.0915,281.143,-59.4976],"timeVisible":33.7975,"tipPosition":[-28.6954,280.973,-59.0588],"tipVelocity":[-25.021,-4.98491,12.1426],"tool":false,"touchDistance":-0.131505,"touchZone":"touching","type":0,"width":20.25},{"bases":[[[0.988516,0.0739011,-0.131813],[0.0313138,0.753157,0.657095],[0.147836,-0.653676,0.742194]],[[0.971274,0.132229,-0.197846],[-0.149664,0.985822,-0.07587],[0.185009,0.103301,0.977292]],[[0.971274,0.132229,-0.197846],[-0.189309,0.933111,-0.305722],[0.144187,0.334394,0.931338]],[[0.971274,0.132229,-0.197846],[-0.207722,0.876744,-0.433789],[0.116101,0.462424,0.879025]]],"btipPosition":[-32.4657,283.149,-97.8159],"carpPosition":[-8.17236,255.48,36.3034],"dipPosition":[-30.4821,291.05,-82.7972],"direction":[-0.144187,-0.334394,-0.931338],"extended":true,"handId":506,"id":5061,"length":58.8075,"mcpPosition":[-19.0486,303.571,-18.2995],"pipPosition":[-26.997,299.133,-60.2864],"stabilizedTipPosition":[-31.3712,285.364,-94.7668],"timeVisible":33.7975,"tipPosition":[-32.3268,286.066,-94.5389],"tipVelocity":[-26.2642,-15.8258,16.6991],"tool":false,"touchDistance":-0.0989215,"touchZone":"touching","type":1,"width":19.3428},{"bases":[[[0.979482,-0.144577,-0.140402],[0.201222,0.740274,0.641486],[0.0111916,-0.656576,0.754177]],[[0.978525,-0.12202,-0.166133],[-0.0226183,0.737541,-0.674924],[0.204884,0.664187,0.718942]],[[0.978525,-0.12202,-0.166133],[-0.204457,-0.4721,-0.857508],[0.0262015,0.87306,-0.486909]],[[0.978525,-0.12202,-0.166133],[-0.187158,-0.863674,-0.468016],[-0.0863778,0.489058,-0.867964]]],"btipPosition":[-5.94337,237.824,-21.7349],"carpPosition":[3.83481,258.047,35.3791],"dipPosition":[-7.56659,247.014,-38.0457],"direction":[-0.0262015,-0.87306,0.486909],"extended":false,"handId":506,"id":5062,"length":67.0064,"mcpPosition":[3.05399,303.855,-17.2383],"pipPosition":[-6.82151,271.841,-51.8916],"stabilizedTipPosition":[-2.24331,237.329,-28.8167],"timeVisible":33.7975,"tipPosition":[-6.43118,239.582,-25.9766],"tipVelocity":[-31.9572,-6.02432,7.46069],"tool":false,"touchDistance":0.333333,"touchZone":"none","type":2,"width":18.9972},{"bases":[[[0.952478,-0.295013,-0.0758441],[0.270941,0.706746,0.65353],[-0.139197,-0.643023,0.753091]],[[0.957009,-0.270816,-0.103889],[0.133935,0.730278,-0.669892],[0.257286,0.627178,0.735154]],[[0.957009,-0.270816,-0.103889],[-0.211452,-0.406202,-0.888981],[0.198551,0.87273,-0.446003]],[[0.957009,-0.270816,-0.103889],[-0.283847,-0.800648,-0.527631],[0.0597125,0.534436,-0.843097]]],"btipPosition":[6.58874,235.58,-18.2908],"carpPosition":[15.9808,257.485,33.6216],"dipPosition":[7.70441,245.565,-34.0432],"direction":[-0.198551,-0.87273,0.446003],"extended":false,"handId":506,"id":5063,"length":64.4285,"mcpPosition":[24.7001,297.764,-13.552],"pipPosition":[13.2047,269.742,-46.3984],"stabilizedTipPosition":[10.4697,236.369,-24.5825],"timeVisible":33.7975,"tipPosition":[6.71294,237.702,-22.3951],"tipVelocity":[-30.3557,-11.5526,15.3414],"tool":false,"touchDistance":0.333333,"touchZone":"none","type":3,"width":18.077},{"bases":[[[0.872018,-0.480145,-0.0951048],[0.402419,0.592652,0.697727],[-0.278646,-0.646702,0.710023]],[[0.894868,-0.415388,-0.163289],[0.242698,0.759895,-0.60304],[0.374578,0.500011,0.78082]],[[0.894868,-0.415388,-0.163289],[-0.312242,-0.321211,-0.894052],[0.318929,0.851044,-0.417143]],[[0.894868,-0.415388,-0.163289],[-0.435312,-0.731486,-0.524815],[0.0985588,0.540722,-0.835408]]],"btipPosition":[22.3623,244.072,-17.0341],"carpPosition":[27.3864,250.218,29.1873],"dipPosition":[24.0611,253.392,-31.4338],"direction":[-0.318929,-0.851044,0.417143],"extended":false,"handId":506,"id":5064,"length":50.5107,"mcpPosition":[43.5437,287.717,-11.9835],"pipPosition":[30.299,270.037,-39.5927],"stabilizedTipPosition":[25.6321,245.327,-21.6518],"timeVisible":33.7975,"tipPosition":[22.5971,246.017,-20.5361],"tipVelocity":[-28.958,-16.7602,2.93131],"tool":false,"touchDistance":0.333