{"sensorType":"Leap","data":[[0,{"currentFrameRate":99.9947,"devices":[],"gestures":[],"hands":[{"armBasis":[[0.858217,-0.0854342,-0.506126],[0.343827,0.827821,0.443277],[0.381111,-0.554448,0.739825]],"armWidth":63.72,"confidence":0.732524,"direction":[0.152837,0.260147,-0.953396],"elbow":[92.7823,126.384,272.896],"grabStrength":0,"id":506,"palmNormal":[-0.371952,-0.878649,-0.299378],"palmPosition":[-10.4507,289.389,20.0806],"palmVelocity":[-17.3822,16.8823,-19.8698],"palmWidth":90.99,"pinchStrength":0.705094,"r":[[0.922687,-0.342764,0.176527],[0.383653,0.770898,-0.508455],[0.0381959,0.53687,0.8428]],"s":1.11178,"sphereCenter":[-75.7203,290.605,-12.2085],"sphereRadius":71.371,"stabilizedPalmPosition":[-8.98405,284.553,24.4406],"t":[4.06903,27.5994,14.0829],"timeVisible":22.5066,"type":"right","wrist":[-10.1177,276.085,73.1434]}],"id":1800969,"interactionBox":{"center":[0,200,0],"size":[235.247,235.247,147.751]},"pointables":[{"bases":[[[0.730935,0.675542,0.0968344],[-0.630161,0.613636,0.475761],[0.261975,-0.408772,0.874228]],[[0.667326,0.74126,-0.0721812],[-0.744515,0.666474,-0.03885],[0.0193089,0.0796656,0.996635]],[[0.667326,0.74126,-0.0721812],[-0.722439,0.667826,0.179139],[0.180993,-0.0673978,0.981172]],[[0.667326,0.74126,-0.0721812],[-0.744316,0.667152,-0.0300439],[0.0258855,0.0737747,0.996939]]],"btipPosition":[-48.5001,273.714,-34.4325],"carpPosition":[-40.7593,277.119,72.1027],"dipPosition":[-47.8943,275.441,-11.1005],"direction":[-0.180993,0.0673978,-0.981172],"extended":true,"handId":506,"id":5060,"length":52.1164,"mcpPosition":[-40.7593,277.119,72.1027],"pipPosition":[-41.7232,273.143,22.3531],"stabilizedTipPosition":[-48.505,273.213,-27.9029],"timeVisible":22.5066,"tipPosition":[-49.4407,275.101,-28.5971],"tipVelocity":[4.69139,28.1177,-36.2575],"tool":false,"touchDistance":-0.351934,"touchZone":"touching","type":0,"width":20.25},{"bases":[[[0.928247,-0.35101,-0.123082],[0.367382,0.916943,0.155712],[0.0582028,-0.189757,0.980104]],[[0.917606,-0.330026,-0.221545],[0.366914,0.917629,0.152749],[0.152885,-0.221451,0.963112]],[[0.917606,-0.330026,-0.221545],[0.331717,0.942881,-0.0306456],[0.219004,-0.0453698,0.974668]],[[0.917606,-0.330026,-0.221545],[0.295029,0.938988,-0.176805],[0.266378,0.0968751,0.958988]]],"btipPosition":[-45.1614,316.77,-85.3691],"carpPosition":[-24.4665,293.854,68.0575],"dipPosition":[-40.6102,318.425,-68.9842],"direction":[-0.219004,0.0453698,-0.974669],"extended":true,"handId":506,"id":5061,"length":58.8075,"mcpPosition":[-28.7485,307.815,-4.04843],"pipPosition":[-35.3168,317.329,-45.4261],"stabilizedTipPosition":[-43.2293,317.362,-81.4141],"timeVisible":22.5066,"tipPosition":[-43.2969,319.376,-81.1685],"tipVelocity":[-44.9807,-14.1398,-9.11895],"tool":false,"touchDistance":-0.297537,"touchZone":"touching","type":1,"width":19.3428},{"bases":[[[0.851255,-0.524559,-0.0142644],[0.520213,0.840011,0.154142],[-0.0688742,-0.138634,0.987946]],[[0.847826,-0.529675,0.0251885],[0.388359,0.587882,-0.709628],[0.361065,0.611424,0.704126]],[[0.847826,-0.529675,0.0251885],[-0.0998955,-0.206188,-0.9734],[0.520779,0.822758,-0.227724]],[[0.847826,-0.529675,0.0251885],[-0.36147,-0.612038,-0.703384],[0.387981,0.587242,-0.710364]]],"btipPosition":[-47.2669,237.021,-16.7954],"carpPosition":[-12.5686,291.252,66.2459],"dipPosition":[-39.9759,248.057,-30.1446],"direction":[-0.520779,-0.822758,0.227724],"extended":false,"handId":506,"id":5062,"length":67.0064,"mcpPosition":[-7.76337,300.924,-2.68108],"pipPosition":[-25.1668,271.453,-36.6202],"stabilizedTipPosition":[-41.2395,236.807,-31.705],"timeVisible":22.5066,"tipPosition":[-45.1851,239.983,-21.4526],"tipVelocity":[-28.3655,31.9279,49.5049],"tool":false,"touchDistance":0.333333,"touchZone":"none","type":2,"width":18.9972},{"bases":[[[0.790187,-0.601064,0.119696],[0.577242,0.79554,0.184144],[-0.205905,-0.0764142,0.975584]],[[0.789867,-0.601181,0.121207],[0.502432,0.521007,-0.69001],[0.351671,0.605915,0.713579]],[[0.789867,-0.601181,0.121207],[-0.0343922,-0.240749,-0.969978],[0.612313,0.761985,-0.210835]],[[0.789867,-0.601181,0.121207],[-0.354646,-0.608995,-0.709473],[0.500336,0.517403,-0.694231]]],"btipPosition":[-30.7625,232.648,-8.78159],"carpPosition":[-1.63729,285.709,65.3998],"dipPosition":[-21.4142,242.315,-21.7526],"direction":[-0.612313,-0.761985,0.210836],"extended":false,"handId":506,"id":5063,"length":64.4285,"mcpPosition":[11.2606,290.496,4.28925],"pipPosition":[-4.45191,263.424,-27.5932],"stabilizedTipPosition":[-28.2972,234.387,-11.4916],"timeVisible":22.5066,"tipPosition":[-28.0623,235.293,-13.2182],"tipVelocity":[-24.5549,34.8063,-11.4452],"tool":false,"touchDistance":0.333333,"touchZone":"none","type":3,"width":18.077},{"bases":[[[0.654733,-0.728996,0.199723],[0.672643,0.68247,0.285982],[-0.344784,-0.0528992,0.93719]],[[0.677381,-0.723464,0.133249],[0.618505,0.462045,-0.635584],[0.398255,0.512948,0.760446]],[[0.677381,-0.723464,0.133249],[-0.0278132,-0.206193,-0.978116],[0.735106,0.658851,-0.159793]],[[0.677381,-0.723464,0.133249],[-0.415414,-0.525682,-0.742354],[0.607113,0.447503,-0.656624]]],"btipPosition":[-12.8265,238.105,-0.949829],"carpPosition":[6.10553,273.775,65.8386],"dipPosition":[-2.36184,245.819,-12.2679],"direction":[-0.735106,-0.658851,0.159793],"extended":false,"handId":506,"id":5064,"length":50.5107,"mcpPosition":[26.0979,276.843,11.4955],"pipPosition":[12.016,258.705,-15.3933],"stabilizedTipPosition":[-8.62842,238.537,-5.29839],"timeVisible":22.5066,"tipPosition":[-9.55888,240.4,-5.53738],"tipVelocity":[-37.2879,30.3236,30.3963],"tool":false,"touchDistance":0.333333,"touchZone":"none","type":4,"width":16.0574}],"r":[[0.922687,-0.342764,0.176527],[0.383653,0.770898,-0.508455],[0.0381959,0.53687,0.8428]],"s":1.11178,"t":[4.06903,27.5994,14.0829],"timestamp":97836979956},false],[1,{"currentFrameRate":100.011,"devices":[],"gestures":[],"hands":[{"armBasis":[[0.85761,-0.086362,-0.506998],[0.344653,0.828204,0.441919],[0.381733,-0.553733,0.740041]],"armWidth":63.72,"confidence":0.731324,"direction":[0.153882,0.268245,-0.950981],"elbow":[92.7029,126.278,272.638],"grabStrength":0,"id":506,"palmNormal":[-0.370898,-0.876385,-0.30722],"palmPosition":[-10.6389,289.534,19.8777],"palmVelocity":[-17.8322,16.1765,-20.0154],"palmWidth":90.99,"pinchStrength":0.704878,"r":[[0.922641,-0.34379,0.17476],[0.383876,0.775157,-0.501767],[0.0370363,0.530038,0.847165]],"s":1.10932,"sphereCenter":[-74.8762,290.15,-12.4214],"sphereRadius":70.3536,"stabilizedPalmPosition":[-8.99965,284.6,24.3976],"t":[3.87257,27.7591,13.8652],"timeVisible":22.5165,"type":"right","wrist":[-10.3651,275.786,72.8274]}],"id":1800970,"interactionBox":{"center":[0,200,0],"size":[235.247,235.247,147.751]},"pointables":[{"bases":[[[0.730298,0.67525,0.103451],[-0.631243,0.609156,0.480063],[0.261144,-0.415892,0.871113]],[[0.666442,0.742629,-0.0660121],[-0.745274,0.666011,-0.0315562],[0.0205303,0.0702275,0.99732]],[[0.666442,0.742629,-0.0660121],[-0.72303,0.665368,0.185778],[0.181886,-0.0760813,0.980372]],[[0.666442,0.742629,-0.0660121],[-0.745555,0.664022,-0.0567745],[0.00167107,0.0870526,0.996202]]],"btipPosition":[-48.2715,273.857,-34.7695],"carpPosition":[-41.0061,276.806,71.7554],"dipPosition":[-48.2324,275.894,-11.4548],"direction":[-0.181886,0.0760813,-0.980372],"extended":true,"handId":506,"id":5060,"length":52.1164,"mcpPosition":[-41.0061,276.806,71.7554],"pipPosition":[-42.0309,273.3,21.9716],"stabilizedTipPosition":[-48.4738,273.356,-28.0965],"timeVisible":22.5165,"tipPosition":[-49.3203,275.342,-28.954],"tipVelocity":[6.23574,26.1404,-35.6436],"tool":false,"touchDistance":-0.350189,"touchZone":"touching","type":0,"width":20.25},{"bases":[[[0.928671,-0.349275,-0.124805],[0.366487,0.915878,0.163874],[0.0570691,-0.197925,0.978555]],[[0.918159,-0.3275,-0.222998],[0.364517,0.918792,0.151485],[0.155277,-0.220373,0.962977]],[[0.918159,-0.3275,-0.222998],[0.32901,0.943803,-0.0314429],[0.220763,-0.0444989,0.974312]],[[0.918159,-0.3275,-0.222998],[0.292306,0.939848,-0.176757],[0.267472,0.0971073,0.95866]]],"btipPosition":[-45.4961,317.032,-85.4205],"carpPosition":[-24.7206,293.586,67.8719],"dipPosition":[-40.9262,318.691,-69.0413],"direction":[-0.220763,0.0444989,-0.974312],"extended":true,"handId":506,"id":5061,"length":58.8075,"mcpPosition":[-28.9192,308.148,-4.11996],"pipPosition":[-35.5903,317.615,-45.4918],"stabilizedTipPosition":[-43.6253,317.379,-81.492],"timeVisible":22.5165,"tipPosition":[-43.6509,319.577,-81.2398],"tipVelocity":[-41.4396,-2.03248,-7.97438],"tool":false,"touchDistance":-0.296908,"touchZone":"touching","type":1,"width":19.3428},{"bases":[[[0.851668,-0.523787,-0.0175471],[0.519378,0.839076,0.161859],[-0.0700566,-0.146964,0.986658]],[[0.848304,-0.529101,0.0207956],[0.384192,0.587995,-0.711799],[0.364386,0.611812,0.702075]],[[0.848304,-0.529101,0.0207956],[-0.105893,-0.207996,-0.972381],[0.518813,0.822672,-0.232472]],[[0.848304,-0.529101,0.0207956],[-0.364831,-0.612492,-0.701251],[0.38377,0.587287,-0.712611]]],"btipPosition":[-47.4592,237.341,-16.6212],"carpPosition":[-12.8184,291.008,66.0542],"dipPosition":[-40.2474,248.378,-30.0126],"direction":[-0.518813,-0.822672,0.232472],"extended":false,"handId":506,"id":5062,"length":67.0064,"mcpPosition":[-7.93068,301.261,-2.78295],"pipPosition":[-25.4942,271.771,-36.6232],"stabilizedTipPosition":[-41.4065,236.919,-31.2656],"timeVisible":22.5165,"tipPosition":[-45.4041,240.31,-21.3454],"tipVelocity":[-26.1989,31.9891,39.6316],"tool":false,"touchDistance":0.333333,"touchZone":"none","type":2,"width":18.9972},{"bases":[[[0.790484,-0.601458,0.115688],[0.5764,0.794397,0.191562],[-0.207118,-0.0847443,0.974639]],[[0.79016,-0.601589,0.117206],[0.501701,0.525017,-0.687498],[0.352056,0.602036,0.716666]],[[0.79016,-0.601589,0.117206],[-0.0352841,-0.235564,-0.971218],[0.611884,0.763282,-0.20736]],[[0.79016,-0.601589,0.117206],[-0.354792,-0.604895,-0.712898],[0.49977,0.52172,-0.691403]]],"btipPosition":[-30.9258,232.998,-9.23327],"carpPosition":[-1.88182,285.48,65.176],"dipPosition":[-21.5881,242.746,-22.1515],"direction":[-0.611884,-0.763282,0.20736],"extended":false,"handId":506,"id":5063,"length":64.4285,"mcpPosition":[11.0921,290.789,4.1246],"pipPosition":[-4.63765,263.89,-27.8957],"stabilizedTipPosition":[-28.5017,234.749,-11.7948],"timeVisible":22.5165,"tipPosition":[-28.2449,235.655,-13.6328],"tipVelocity":[-22.1819,35.4547,-21.2138],"tool":false,"touchDistance":0.333333,"touchZone":"none","type":3,"width":18.077},{"bases":[[[0.655022,-0.730158,0.194461],[0.671755,0.680549,0.292573],[-0.345965,-0.0610116,0.936262]],[[0.67835,-0.723825,0.126169],[0.615151,0.4656,-0.636244],[0.401785,0.509209,0.761101]],[[0.67835,-0.723825,0.126169],[-0.034746,-0.20313,-0.978535],[0.733917,0.659405,-0.162943]],[[0.67835,-0.723825,0.126169],[-0.420529,-0.523299,-0.741157],[0.602492,0.449706,-0.659369]]],"btipPosition":[-13.0161,238.433,-1.12402],"carpPosition":[5.86942,273.549,65.5248],"dipPosition":[-2.63104,246.185,-12.4894],"direction":[-0.733917,-0.659405,0.162943],"extended":false,"handId":506,"id":5064,"length":50.5107,"mcpPosition":[25.9303,277.087,11.2355],"pipPosition":[11.7235,259.082,-15.6764],"stabilizedTipPosition":[-8.94419,238.803,-5.05193],"timeVisible":22.5165,"tipPosition":[-9.80482,240.71,-5.69112],"tipVelocity":[-32.3709,31.3515,15.7465],"tool":false,"touchDistance":0.333333,"touchZone":"none","type":4,"width":16.0574}],"r":[[0.922641,-0.34379,0.17476],[0.383876,0.775157,-0.501767],[0.0370363,0.530038,0.847165]],"s":1.10932,"t":[3.87257,27.7591,13.8652],"timestamp":97836989924},false],[2,{"currentFrameRate":100.166,"devices":[],"gestures":[],"hands":[{"armBasis":[[0.856005,-0.0869873,-0.509597],[0.345791,0.829111,0.439321],[0.384297,-0.552275,0.739803]],"armWidth":63.72,"confidence":0.733901,"direction":[0.155423,0.275826,-0.948559],"elbow":[93.0753,126.335,272.3],"grabStrength":0,"id":506,"palmNormal":[-0.370014,-0.874068,-0.314793],"palmPosition":[-10.8725,289.616,19.714],"palmVelocity":[-19.6706,13.9332,-19.1081],"palmWidth":90.99,"pinchStrength":0.705707,"r":[[0.922574,-0.344803,0.173115],[0.384159,0.77934,-0.495025],[0.0357709,0.523201,0.851458]],"s":1.10777,"sphereCenter":[-74.1631,289.886,-12.5919],"sphereRadius":69.4454,"stabilizedPalmPosition":[-9.0156,284.642,24.3577],"t":[3.65756,27.8801,13.6745],"timeVisible":22.5262,"type":"right","wrist":[-10.685,275.449,72.5537]}],"id":1800971,"interactionBox":{"center":[0,200,0],"size":[235.247,235.247,147.751]},"pointables":[{"bases":[[[0.729848,0.674692,0.110062],[-0.632318,0.605092,0.483774],[0.2598,-0.422676,0.868245]],[[0.665901,0.743643,-0.0597624],[-0.745739,0.66577,-0.0249856],[0.0212076,0.0612051,0.9979]],[[0.665901,0.743643,-0.0597624],[-0.723545,0.663269,0.191196],[0.18182,-0.084077,0.979731]],[[0.665901,0.743643,-0.0597624],[-0.745695,0.661015,-0.083658],[-0.0227079,0.100272,0.994701]]],"btipPosition":[-48.0509,273.931,-35.0604],"carpPosition":[-41.3244,276.466,71.4365],"dipPosition":[-48.5823,276.277,-11.7808],"direction":[-0.18182,0.084077,-0.979731],"extended":true,"handId":506,"id":5060,"length":52.1164,"mcpPosition":[-41.3244,276.466,71.4365],"pipPosition":[-42.3831,273.411,21.6237],"stabilizedTipPosition":[-48.4429,273.47,-28.2617],"timeVisible":22.5262,"tipPosition":[-49.2179,275.51,-29.274],"tipVelocity":[7.11124,22.8781,-34.2532],"tool":false,"touchDistance":-0.347987,"touchZone":"touching","type":0,"width":20.25},{"bases":[[[0.929026,-0.347917,-0.125953],[0.365836,0.914693,0.171757],[0.0554516,-0.205645,0.977054]],[[0.918697,-0.325404,-0.223847],[0.362585,0.919586,0.151303],[0.156612,-0.220165,0.962808]],[[0.918697,-0.325404,-0.223847],[0.327109,0.944494,-0.0305041],[0.221349,-0.0451984,0.974147]],[[0.918697,-0.325404,-0.223847],[0.290678,0.940757,-0.17459],[0.267398,0.0953282,0.958859]]],"btipPosition":[-45.7658,317.335,-85.46],"carpPosition":[-25.039,293.283,67.7143],"dipPosition":[-41.1971,318.964,-69.0773],"direction":[-0.221349,0.0451984,-0.974147],"extended":true,"handId":506,"id":5061,"length":58.8075,"mcpPosition":[-29.1186,308.412,-4.16722],"pipPosition":[-35.847,317.871,-45.5318],"stabilizedTipPosition":[-43.9614,317.481,-81.5537],"timeVisible":22.5262,"tipPosition":[-43.9441,319.815,-81.2903],"tipVelocity":[-37.4817,7.48748,-6.81177],"tool":false,"touchDistance":-0.29613,"touchZone":"touching","type":1,"width":19.3428},{"bases":[[[0.851907,-0.523303,-0.0202142],[0.518761,0.837969,0.169399],[-0.0717083,-0.154799,0.98534]],[[0.848553,-0.528825,0.0173715],[0.381382,0.588549,-0.712852],[0.36675,0.611518,0.7011]],[[0.848553,-0.528825,0.0173715],[-0.110078,-0.208553,-0.971797],[0.517533,0.822709,-0.23518]],[[0.848553,-0.528825,0.0173715],[-0.367083,-0.612033,-0.700475],[0.381061,0.588014,-0.713465]]],"btipPosition":[-47.6848,237.603,-16.5465],"carpPosition":[-13.1326,290.723,65.8969],"dipPosition":[-40.5239,248.653,-29.9539],"direction":[-0.517533,-0.822709,0.23518],"extended":false,"handId":506,"id":5062,"length":67.0064,"mcpPosition":[-8.12966,301.523,-2.84833],"pipPosition":[-25.8071,272.048,-36.6416],"stabilizedTipPosition":[-41.6137,237.063,-30.745],"timeVisible":22.5262,"tipPosition":[-45.6513,240.58,-21.2994],"tipVelocity":[-25.707,30.6399,30.2025],"tool":false,"touchDistance":0.333333,"touchZone":"none","type":2,"width":18.9972},{"bases":[[[0.790522,-0.60205,0.112295],[0.57575,0.793078,0.198846],[-0.208774,-0.0925389,0.973576]],[[0.79024,-0.602174,0.113608],[0.496287,0.520146,-0.695088],[0.359471,0.605668,0.709892]],[[0.79024,-0.602174,0.113608],[-0.0453795,-0.242388,-0.969117],[0.611115,0.76068,-0.218871]],[[0.79024,-0.602174,0.113608],[-0.361054,-0.607326,-0.707669],[0.495137,0.51821,-0.697351]]],"btipPosition":[-31.356,233.189,-8.61607],"carpPosition":[-2.19232,285.207,64.9939],"dipPosition":[-22.1048,242.871,-21.6454],"direction":[-0.611115,-0.76068,0.218871],"extended":false,"handId":506,"id":5063,"length":64.4285,"mcpPosition":[10.8853,291.004,4.00913],"pipPosition":[-5.17575,263.943,-27.7085],"stabilizedTipPosition":[-28.8162,235.038,-11.716],"timeVisible":22.5262,"tipPosition":[-28.6626,235.847,-13.2195],"tipVelocity":[-29.2822,30.3987,2.82475],"tool":false,"touchDistance":0.333333,"touchZone":"none","type":3,"width":18.077},{"bases":[[[0.654976,-0.731422,0.189812],[0.670974,0.67847,0.299118],[-0.347563,-0.0685567,0.935147]],[[0.679524,-0.724084,0.118102],[0.607455,0.465031,-0.644007],[0.411395,0.509361,0.755848]],[[0.679524,-0.724084,0.118102],[-0.0494907,-0.205853,-0.977331],[0.731982,0.658275,-0.175718]],[[0.679524,-0.724084,0.118102],[-0.430555,-0.52393,-0.734929],[0.594028,0.448553,-0.667781]]],"btipPosition":[-13.3858,238.635,-0.741837],"carpPosition":[5.56309,273.277,65.2618],"dipPosition":[-3.14664,246.367,-12.2522],"direction":[-0.731982,-0.658275,0.175718],"extended":false,"handId":506,"id":5064,"length":50.5107,"mcpPosition":[25.7166,277.252,11.0371],"pipPosition":[11.17,259.242,-15.6891],"stabilizedTipPosition":[-9.28437,239.065,-4.78085],"timeVisible":22.5262,"tipPosition":[-10.2199,240.886,-5.37473],"tipVelocity":[-35.0829,28.1459,21.6706],"tool":false,"touchDistance":0.333333,"touchZone":"none","type":4,"width":16.0574}],"r":[[0.922574,-0.344803,0.173115],[0.384159,0.77934,-0.495025],[0.0357709,0.523201,0.851458]],"s":1.10777,"t":[3.65756,27.8801,13.6745],"timestamp":97836999604},false],[3,{"currentFrameRate":100.284,"devices":[],"gestures":[],"hands":[{"armBasis":[[0.854534,-0.0875368,-0.511965],[0.346729,0.830045,0.436811],[0.386717,-0.550783,0.739654]],"armWidth":63.72,"confidence":0.738587,"direction":[0.156782,0.282066,-0.946498],"elbow":[93.4725,126.436,272.025],"grabStrength":0,"id":506,"palmNormal":[-0.369213,-0.872125,-0.32106],"palmPosition":[-11.0526,289.659,19.5726],"palmVelocity":[-19.3228,11.1409,-17.7586],"palmWidth":90.99,"pinchStrength":0.704056,"r":[[0.922493,-0.345763,0.171626],[0.384473,0.783313,-0.488467],[0.034457,0.516593,0.855538]],"s":1.10676,"sphereCenter":[-73.3889,289.485,-12.7399],"sphereRadius":68.5284,"stabilizedPalmPosition":[-9.03183,284.682,24.3196],"t":[3.46,27.9621,13.5084],"timeVisible":22.5359,"type":"right","wrist":[-10.9412,275.148,72.3189]}],"id":1800972,"interactionBox":{"center":[0,200,0],"size":[235.247,235.247,147.751]},"pointables":[{"bases":[[[0.729433,0.674216,0.115587],[-0.633281,0.601699,0.486738],[0.258618,-0.428242,0.865867]],[[0.665387,0.744498,-0.0546231],[-0.746182,0.665453,-0.0196152],[0.0217457,0.0538105,0.998314]],[[0.665387,0.744498,-0.0546231],[-0.724092,0.661478,0.19529],[0.181525,-0.0903911,0.979223]],[[0.665387,0.744498,-0.0546231],[-0.745289,0.658362,-0.105376],[-0.0424907,0.110826,0.992931]]],"btipPosition":[-47.8595,273.963,-35.2976],"carpPosition":[-41.5793,276.161,71.1613],"dipPosition":[-48.854,276.557,-12.0594],"direction":[-0.181525,0.0903911,-0.979223],"extended":true,"handId":506,"id":5060,"length":52.1164,"mcpPosition":[-41.5793,276.161,71.1613],"pipPosition":[-42.6648,273.475,21.3278],"stabilizedTipPosition":[-48.4134,273.561,-28.4024],"timeVisible":22.5359,"tipPosition":[-49.1113,275.608,-29.548],"tipVelocity":[7.58173,18.8518,-31.6323],"tool":false,"touchDistance":-0.345223,"touchZone":"touching","type":0,"width":20.25},{"bases":[[[0.929345,-0.34676,-0.126791],[0.36524,0.913682,0.178285],[0.054024,-0.211998,0.975776]],[[0.919218,-0.323712,-0.224163],[0.360591,0.920742,0.149026],[0.158154,-0.217818,0.96309]],[[0.919218,-0.323712,-0.224163],[0.325068,0.945153,-0.0318912],[0.222191,-0.0435532,0.97403]],[[0.919218,-0.323712,-0.224163],[0.288848,0.941278,-0.174822],[0.267591,0.0959508,0.958743]]],"btipPosition":[-46.0059,317.376,-85.5135],"carpPosition":[-25.2942,293.008,67.5739],"dipPosition":[-41.4339,319.015,-69.1328],"direction":[-0.222191,0.0435532,-0.97403],"extended":true,"handId":506,"id":5061,"length":58.8075,"mcpPosition":[-29.2687,308.604,-4.2135],"pipPosition":[-36.0634,317.962,-45.5902],"stabilizedTipPosition":[-44.2586,317.562,-81.6112],"timeVisible":22.5359,"tipPosition":[-44.2064,319.823,-81.3566],"tipVelocity":[-33.6902,6.59436,-6.44],"tool":false,"touchDistance":-0.295661,"touchZone":"touching","type":1,"width":19.3428},{"bases":[[[0.852127,-0.52286,-0.0223172],[0.518196,0.837028,0.175663],[-0.0731669,-0.161252,0.984197]],[[0.848802,-0.528514,0.0144324],[0.377944,0.587443,-0.71559],[0.369721,0.612849,0.698371]],[[0.848802,-0.528514,0.0144324],[-0.115004,-0.211204,-0.970653],[0.516052,0.822232,-0.240051]],[[0.848802,-0.528514,0.0144324],[-0.369711,-0.612834,-0.69839],[0.377953,0.587459,-0.715572]]],"btipPosition":[-47.8772,237.754,-16.2958],"carpPosition":[-13.3841,290.464,65.7582],"dipPosition":[-40.7747,248.793,-29.7429],"direction":[-0.516052,-0.822232,0.240051],"extended":false,"handId":506,"id":5062,"length":67.0064,"mcpPosition":[-8.2794,301.714,-2.90727],"pipPosition":[-26.1001,272.175,-36.5691],"stabilizedTipPosition":[-41.8563,237.233,-30.1498],"timeVisible":22.5359,"tipPosition":[-45.863,240.737,-21.0953],"tipVelocity":[-24.363,26.1185,28.6148],"tool":false,"touchDistance":0.333333,"touchZone":"none","type":2,"width":18.9972},{"bases":[[[0.790567,-0.602491,0.109581],[0.575156,0.791966,0.204904],[-0.210237,-0.0989646,0.972629]],[[0.79031,-0.602612,0.110767],[0.492304,0.51692,-0.700307],[0.364755,0.607991,0.705195]],[[0.79031,-0.602612,0.110767],[-0.0526725,-0.246936,-0.967599],[0.610439,0.758869,-0.226897]],[[0.79031,-0.602612,0.110767],[-0.365488,-0.60876,-0.704151],[0.491761,0.516014,-0.701357]]],"btipPosition":[-31.6668,233.329,-8.20753],"carpPosition":[-2.44046,284.958,64.8361],"dipPosition":[-22.4787,242.97,-21.3117],"direction":[-0.610439,-0.758869,0.226897],"extended":false,"handId":506,"id":5063,"length":64.4285,"mcpPosition":[10.7288,291.157,3.91066],"pipPosition":[-5.56833,263.993,-27.5972],"stabilizedTipPosition":[-29.1318,235.256,-11.5043],"timeVisible":22.5359,"tipPosition":[-28.9915,235.97,-12.8872],"tipVelocity":[-30.4873,25.4281,13.7861],"tool":false,"touchDistance":0.333333,"touchZone":"none","type":3,"width":18.077},{"bases":[[[0.654949,-0.732414,0.186043],[0.670267,0.67674,0.304573],[-0.348976,-0.074781,0.934143]],[[0.680791,-0.724074,0.110639],[0.599561,0.464091,-0.652032],[0.420773,0.510233,0.750075]],[[0.680791,-0.724074,0.110639],[-0.0633687,-0.208703,-0.975924],[0.729731,0.657389,-0.187967]],[[0.680791,-0.724074,0.110639],[-0.439483,-0.524624,-0.729126],[0.585985,0.447758,-0.675377]]],"btipPosition":[-13.6971,238.748,-0.332746],"carpPosition":[5.31886,273.029,65.0381],"dipPosition":[-3.59656,246.466,-11.9741],"direction":[-0.729731,-0.657389,0.187967],"extended":false,"handId":506,"id":5064,"length":50.5107,"mcpPosition":[25.5543,277.365,10.8716],"pipPosition":[10.6761,259.324,-15.6505],"stabilizedTipPosition":[-9.62338,239.302,-4.49359],"timeVisible":22.5359,"tipPosition":[-10.5848,240.976,-4.9936],"tipVelocity":[-35.1235,23.195,26.7275],"tool":false,"touchDistance":0.333333,"touchZone":"none","type":4,"width":16.0574}],"r":[[0.922493,-0.345763,0.171626],[0.384473,0.783313,-0.488467],[0.034457,0.516593,0.855538]],"s":1.10676,"t":[3.46,27.9621,13.5084],"timestamp":97837009347},false],[4,{"currentFrameRate":100.209,"devices":[],"gestures":[],"hands":[{"armBasis":[[0.852894,-0.087949,-0.514622],[0.347762,0.830904,0.434351],[0.389401,-0.549422,0.739258]],"armWidth":63.72,"confidence":0.740767,"direction":[0.158349,0.286831,-0.944804],"elbow":[93.9913,126.529,271.744],"grabStrength":0,"id":506,"palmNormal":[-0.368818,-0.870433,-0.326067],"palmPosition":[-11.1711,289.651,19.4718],"palmVelocity":[-17.0138,7.50879,-15.3961],"palmWidth":90.99,"pinchStrength":0.70039,"r":[[0.922365,-0.346722,0.170375],[0.384896,0.786933,-0.482277],[0.033142,0.510412,0.859291]],"s":1.10596,"sphereCenter":[-72.6046,288.98,-12.8734],"sphereRadius":67.6686,"stabilizedPalmPosition":[-9.04807,284.72,24.2828],"t":[3.30197,27.9989,13.375],"timeVisible":22.5461,"type":"right","wrist":[-11.1469,274.872,72.144]}],"id":1800973,"interactionBox":{"center":[0,200,0],"size":[235.247,235.247,147.751]},"pointables":[{"bases":[[[0.729341,0.673513,0.120175],[-0.63398,0.599322,0.488756],[0.25716,-0.432659,0.864104]],[[0.665256,0.744906,-0.0504938],[-0.746287,0.665446,-0.0154008],[0.0221288,0.0479284,0.998606]],[[0.665256,0.744906,-0.0504938],[-0.724396,0.660357,0.197938],[0.180789,-0.0951022,0.978913]],[[0.665256,0.744906,-0.0504938],[-0.744328,0.65641,-0.122887],[-0.0583946,0.119335,0.991135]]],"btipPosition":[-47.685,273.953,-35.4787],"carpPosition":[-41.7829,275.896,70.9421],"dipPosition":[-49.0516,276.746,-12.2826],"direction":[-0.180789,0.0951022,-0.978913],"extended":true,"handId":506,"id":5060,"length":52.1164,"mcpPosition":[-41.7829,275.896,70.9421],"pipPosition":[-42.8875,273.504,21.0941],"stabilizedTipPosition":[-48.3853,273.631,-28.5205],"timeVisible":22.5461,"tipPosition":[-48.9926,275.646,-29.7666],"tipVelocity":[7.94573,14.2138,-27.7568],"tool":false,"touchDistance":-0.341896,"touchZone":"touching","type":0,"width":20.25},{"bases":[[[0.929499,-0.346253,-0.127045],[0.365081,0.912713,0.183498],[0.0524189,-0.216943,0.974776]],[[0.91958,-0.322793,-0.224003],[0.359012,0.92196,0.145256],[0.159634,-0.213995,0.963703]],[[0.91958,-0.322793,-0.224003],[0.323419,0.945611,-0.0349402],[0.223098,-0.0403163,0.973962]],[[0.91958,-0.322793,-0.224003],[0.287373,0.941361,-0.176795],[0.267935,0.0982048,0.958419]]],"btipPosition":[-46.1746,317.209,-85.5667],"carpPosition":[-25.4897,292.758,67.4664],"dipPosition":[-41.5968,318.887,-69.1915],"direction":[-0.223098,0.0403163,-0.973962],"extended":true,"handId":506,"id":5061,"length":58.8075,"mcpPosition":[-29.3461,308.719,-4.2475],"pipPosition":[-36.2044,317.912,-45.6505],"stabilizedTipPosition":[-44.5134,317.572,-81.6671],"timeVisible":22.5461,"tipPosition":[-44.3918,319.633,-81.4273],"tipVelocity":[-28.49,-0.12814,-6.11775],"tool":false,"touchDistance":-0.295245,"touchZone":"touching","type":1,"width":19.3428},{"bases":[[[0.852087,-0.522868,-0.0235894],[0.51803,0.83605,0.180734],[-0.0747782,-0.166221,0.983249]],[[0.848789,-0.528588,0.012324],[0.374634,0.5848,-0.719485],[0.373104,0.615308,0.694399]],[[0.848789,-0.528588,0.012324],[-0.120124,-0.215485,-0.969091],[0.514905,0.821073,-0.246397]],[[0.848789,-0.528588,0.012324],[-0.372607,-0.614532,-0.695352],[0.375128,0.585615,-0.718564]]],"btipPosition":[-48.0351,237.808,-15.9027],"carpPosition":[-13.577,290.222,65.657],"dipPosition":[-40.9857,248.813,-29.406],"direction":[-0.514905,-0.821073,0.246397],"extended":false,"handId":506,"id":5062,"length":67.0064,"mcpPosition":[-8.35991,301.819,-2.94232],"pipPosition":[-26.3437,272.161,-36.4126],"stabilizedTipPosition":[-42.1043,237.402,-29.5436],"timeVisible":22.5461,"tipPosition":[-46.0386,240.789,-20.7494],"tipVelocity":[-22.0706,19.5737,31.3236],"tool":false,"touchDistance":0.333333,"touchZone":"none","type":2,"width":18.9972},{"bases":[[[0.790304,-0.603157,0.107804],[0.574936,0.790832,0.209839],[-0.211821,-0.103856,0.971775]],[[0.79006,-0.603276,0.10892],[0.490396,0.51534,-0.702806],[0.367855,0.608673,0.702994]],[[0.79006,-0.603276,0.10892],[-0.0567593,-0.248898,-0.966865],[0.610396,0.757699,-0.230886]],[[0.79006,-0.603276,0.10892],[-0.368056,-0.608884,-0.702706],[0.490245,0.515091,-0.703094]]],"btipPosition":[-31.8688,233.416,-8.02412],"carpPosition":[-2.63269,284.719,64.7247],"dipPosition":[-22.709,243.04,-21.1607],"direction":[-0.610396,-0.757699,0.230886],"extended":false,"handId":506,"id":5063,"length":64.4285,"mcpPosition":[10.6358,291.225,3.85274],"pipPosition":[-5.79985,264.03,-27.5567],"stabilizedTipPosition":[-29.3975,235.413,-11.3109],"timeVisible":22.5461,"tipPosition":[-29.216,236.038,-12.7064],"tipVelocity":[-27.4899,20.197,14.875],"tool":false,"touchDistance":0.333333,"touchZone":"none","type":3,"width":18.077},{"bases":[[[0.654544,-0.733445,0.183388],[0.669871,0.675089,0.309076],[-0.350494,-0.0794571,0.933188]],[[0.681235,-0.724386,0.105754],[0.595199,0.463957,-0.656111],[0.426213,0.509911,0.747217]],[[0.681235,-0.724386,0.105754],[-0.0723077,-0.210335,-0.974952],[0.728485,0.656524,-0.195666]],[[0.681235,-0.724386,0.105754],[-0.445797,-0.525078,-0.724954],[0.580676,0.446719,-0.68063]]],"btipPosition":[-13.8798,238.824,-0.0944964],"carpPosition":[5.1246,272.788,64.8788],"dipPosition":[-3.8708,246.524,-11.8264],"direction":[-0.728485,-0.656524,0.195666],"extended":false,"handId":506,"id":5064,"length":50.5107,"mcpPosition":[25.448,277.395,10.7676],"pipPosition":[10.3775,259.365,-15.6534],"stabilizedTipPosition":[-9.93807,239.51,-4.21974],"timeVisible":22.5461,"tipPosition":[-10.8307,241.018,-4.73425],"tipVelocity":[-30.5786,18.3291,25.1359],"tool":false,"touchDistance":0.333333,"touchZone":"none","type":4,"width":16.0574}],"r":[[0.922365,-0.346722,0.170375],[0.384896,0.786933,-0.482277],[0.033142,0.510412,0.859291]],"s":1.10596,"t":[3.30197,27.9989,13.375],"timestamp":97837019471},false],[5,{"currentFrameRate":100.3,"devices":[],"gestures":[],"hands":[{"armBasis":[[0.851675,-0.0882774,-0.516581],[0.348528,0.831543,0.43251],[0.391378,-0.548401,0.738972]],"armWidth":63.72,"confidence":0.746989,"direction":[0.159512,0.290359,-0.943529],"elbow":[94.3727,126.6,271.536],"grabStrength":0,"id":506,"palmNormal":[-0.36852,-0.869161,-0.329775],"palmPosition":[-11.259,289.644,19.3969],"palmVelocity":[-14.6441,5.10434,-13.1097],"palmWidth":90.99,"pinchStrength":0.699531,"r":[[0.922215,-0.34763,0.16933],[0.38536,0.790146,-0.476621],[0.0318924,0.5048,0.862647]],"s":1.10486,"sphereCenter":[-71.859,288.421,-12.9826],"sphereRadius":66.8778,"stabilizedPalmPosition":[-9.06293,284.753,24.25],"t":[3.179,28.0141,13.2708],"timeVisible":22.5559,"type":"right","wrist":[-11.2995,274.668,72.0133]}],"id":1800974,"interactionBox":{"center":[0,200,0],"size":[235.247,235.247,147.751]},"pointables":[{"bases":[[[0.729269,0.672975,0.123578],[-0.634501,0.597553,0.490244],[0.256077,-0.43593,0.86278]],[[0.665112,0.74523,-0.0475289],[-0.7464,0.665388,-0.0120493],[0.0226457,0.0434897,0.998797]],[[0.665112,0.74523,-0.0475289],[-0.724848,0.6596,0.198804],[0.179505,-0.0977758,0.978886]],[[0.665112,0.74523,-0.0475289],[-0.742952,0.653987,-0.142556],[-0.0751539,0.130128,0.988645]]],"btipPosition":[-47.4258,273.817,-35.5926],"carpPosition":[-41.934,275.7,70.7785],"dipPosition":[-49.1847,276.863,-12.4548],"direction":[-0.179505,0.0977758,-0.978886],"extended":true,"handId":506,"id":5060,"length":52.1164,"mcpPosition":[-41.934,275.7,70.7785],"pipPosition":[-43.0644,273.529,20.9209],"stabilizedTipPosition":[-48.3565,273.677,-28.6115],"timeVisible":22.5559,"tipPosition":[-48.8145,275.579,-29.9229],"tipVelocity":[10.6891,7.67942,-23.4063],"tool":false,"touchDistance":-0.33795,"touchZone":"touching","type":0,"width":20.25},{"bases":[[[0.929613,-0.345878,-0.127231],[0.364959,0.911976,0.187362],[0.0512274,-0.220608,0.974016]],[[0.919854,-0.322124,-0.223842],[0.357551,0.923231,0.140721],[0.161328,-0.209478,0.964413]],[[0.919854,-0.322124,-0.223842],[0.321825,0.946001,-0.038858],[0.224272,-0.0362943,0.97385]],[[0.919854,-0.322124,-0.223842],[0.285883,0.941258,-0.179733],[0.26859,0.101335,0.95791]]],"btipPosition":[-46.3444,316.949,-85.6106],"carpPosition":[-25.6348,292.573,67.3857],"dipPosition":[-41.7554,318.68,-69.2442],"direction":[-0.224272,0.0362943,-0.97385],"extended":true,"handId":506,"id":5061,"length":58.8075,"mcpPosition":[-29.4036,308.803,-4.27232],"pipPosition":[-36.3346,317.803,-45.7058],"stabilizedTipPosition":[-44.7261,317.51,-81.7162],"timeVisible":22.5559,"tipPosition":[-44.5749,319.355,-81.4908],"tipVelocity":[-25.1241,-7.54929,-5.69622],"tool":false,"touchDistance":-0.294742,"touchZone":"touching","type":1,"width":19.3428},{"bases":[[[0.852059,-0.522871,-0.0245322],[0.517903,0.835307,0.184494],[-0.0759744,-0.169905,0.982528]],[[0.848737,-0.528697,0.0111677],[0.372208,0.582252,-0.722802],[0.375641,0.617626,0.690965]],[[0.848737,-0.528697,0.0111677],[-0.123913,-0.219365,-0.967742],[0.514092,0.819975,-0.251696]],[[0.848737,-0.528697,0.0111677],[-0.374707,-0.616165,-0.692774],[0.373149,0.583799,-0.721068]]],"btipPosition":[-48.1568,237.839,-15.5651],"carpPosition":[-13.7202,290.043,65.5811],"dipPosition":[-41.1446,248.81,-29.1154],"direction":[-0.514092,-0.819975,0.251696],"extended":false,"handId":506,"id":5062,"length":67.0064,"mcpPosition":[-8.41966,301.897,-2.96792],"pipPosition":[-26.5257,272.127,-36.2727],"stabilizedTipPosition":[-42.3169,237.543,-29.0235],"timeVisible":22.5559,"tipPosition":[-46.1792,240.812,-20.4272],"tipVelocity":[-19.4849,14.5023,31.927],"tool":false,"touchDistance":0.333333,"touchZone":"none","type":2,"width":18.9972},{"bases":[[[0.790109,-0.603646,0.106485],[0.57477,0.789974,0.213496],[-0.212996,-0.107481,0.971123]],[[0.789874,-0.603764,0.107556],[0.489313,0.51473,-0.704007],[0.369692,0.608705,0.702001]],[[0.789874,-0.603764,0.107556],[-0.0591737,-0.249596,-0.966541],[0.610408,0.75708,-0.232876]],[[0.789874,-0.603764,0.107556],[-0.369559,-0.608565,-0.702193],[0.489414,0.514895,-0.703816]]],"btipPosition":[-32.0047,233.485,-7.95385],"carpPosition":[-2.77537,284.542,64.6412],"dipPosition":[-22.8605,243.105,-21.104],"direction":[-0.610408,-0.75708,0.232876],"extended":false,"handId":506,"id":5063,"length":64.4285,"mcpPosition":[10.5667,291.275,3.81005],"pipPosition":[-5.95099,264.078,-27.5551],"stabilizedTipPosition":[-29.5956,235.525,-11.1802],"timeVisible":22.5559,"tipPosition":[-29.3729,236.092,-12.6132],"tipVelocity":[-23.5847,16.3009,12.5113],"tool":false,"touchDistance":0.333333,"touchZone":"none","type":3,"width":18.077},{"bases":[[[0.654244,-0.734202,0.181416],[0.669573,0.673848,0.312412],[-0.35162,-0.0829219,0.932463]],[[0.681417,-0.724667,0.102612],[0.593347,0.464885,-0.657132],[0.428498,0.508665,0.746759]],[[0.681417,-0.724667,0.102612],[-0.0766596,-0.210097,-0.97467],[0.72787,0.656291,-0.198716]],[[0.681417,-0.724667,0.102612],[-0.449088,-0.52469,-0.723202],[0.57792,0.44672,-0.682971]]],"btipPosition":[-13.9799,238.895,-0.055202],"carpPosition":[4.98044,272.609,64.7598],"dipPosition":[-4.01841,246.595,-11.8274],"direction":[-0.72787,-0.656291,0.198716],"extended":false,"handId":506,"id":5064,"length":50.5107,"mcpPosition":[25.3692,277.418,10.6907],"pipPosition":[10.2179,259.432,-15.7141],"stabilizedTipPosition":[-10.2056,239.687,-3.99707],"timeVisible":22.5559,"tipPosition":[-10.9823,241.064,-4.64526],"tipVelocity":[-24.9054,15.0601,18.6284],"tool":false,"touchDistance":0.333333,"touchZone":"none","type":4,"width":16.0574}],"r":[[0.922215,-0.34763,0.16933],[0.38536,0.790146,-0.476621],[0.0318924,0.5048,0.862647]],"s":1.10486,"t":[3.179,28.0141,13.2708],"timestamp":97837029265},false],[6,{"currentFrameRate":100.471,"devices":[],"gestures":[],"hands":[{"armBasis":[[0.850686,-0.0885577,-0.518161],[0.34915,0.832062,0.431007],[0.392973,-0.547568,0.738743]],"armWidth":63.72,"confidence":0.749151,"direction":[0.160455,0.293215,-0.942486],"elbow":[94.6796,126.66,271.367],"grabStrength":0,"id":506,"palmNormal":[-0.368277,-0.868119,-0.332777],"palmPosition":[-11.3303,289.639,19.3362],"palmVelocity":[-12.542,3.46674,-11.1333],"palmWidth":90.99,"pinchStrength":0.699974,"r":[[0.922058,-0.348471,0.168456],[0.385831,0.79297,-0.471522],[0.0307313,0.499766,0.865615]],"s":1.10288,"sphereCenter":[-70.8427,287.495,-13.0875],"sphereRadius":65.8239,"stabilizedPalmPosition":[-9.07666,284.783,24.2202],"t":[3.08188,28.0191,13.1884],"timeVisible":22.5655,"type":"right","wrist":[-11.4232,274.503,71.9067]}],"id":1800975,"interactionBox":{"center":[0,200,0],"size":[235.247,235.247,147.751]},"pointables":[{"bases":[[[0.729208,0.672529,0.126334],[-0.634924,0.596117,0.491444],[0.2552,-0.438577,0.861698]],[[0.665041,0.745449,-0.0450195],[-0.74645,0.665377,-0.00922067],[0.0230814,0.0397369,0.998944]],[[0.665041,0.745449,-0.0450195],[-0.725131,0.658982,0.199822],[0.178624,-0.100245,0.978797]],[[0.665041,0.745449,-0.0450195],[-0.741359,0.651719,-0.160154],[-0.0900466,0.139885,0.986065]]],"btipPosition":[-47.1914,273.702,-35.6697],"carpPosition":[-42.0564,275.541,70.6453],"dipPosition":[-49.2988,276.976,-12.5922],"direction":[-0.178624,0.100245,-0.978797],"extended":true,"handId":506,"id":5060,"length":52.1164,"mcpPosition":[-42.0564,275.541,70.6453],"pipPosition":[-43.2086,273.558,20.7804],"stabilizedTipPosition":[-48.3272,273.711,-28.6869],"timeVisible":22.5655,"tipPosition":[-48.6494,275.513,-30.0435],"tipVelocity":[12.2408,3.54737,-19.354],"tool":false,"touchDistance":-0.333853,"touchZone":"touching","type":0,"width":20.25},{"bases":[[[0.929706,-0.345575,-0.12738],[0.364858,0.911368,0.190492],[0.0502611,-0.223577,0.97339]],[[0.920145,-0.321712,-0.223236],[0.355303,0.925579,0.130625],[0.164599,-0.19951,0.965972]],[[0.920145,-0.321712,-0.223236],[0.319035,0.946476,-0.0489797],[0.227045,-0.0261517,0.973533]],[[0.920145,-0.321712,-0.223236],[0.28292,0.940339,-0.188997],[0.27072,0.110746,0.956267]]],"btipPosition":[-46.6349,316.183,-85.6617],"carpPosition":[-25.7524,292.423,67.3197],"dipPosition":[-42.0095,318.075,-69.3233],"direction":[-0.227045,0.0261517,-0.973533],"extended":true,"handId":506,"id":5061,"length":58.8075,"mcpPosition":[-29.4501,308.872,-4.29217],"pipPosition":[-36.5217,317.443,-45.7927],"stabilizedTipPosition":[-44.9482,317.276,-81.7656],"timeVisible":22.5655,"tipPosition":[-44.8565,318.671,-81.5636],"tipVelocity":[-26.3441,-27.3576,-5.77988],"tool":false,"touchDistance":-0.294465,"touchZone":"touching","type":1,"width":19.3428},{"bases":[[[0.852036,-0.522872,-0.0252959],[0.517798,0.834694,0.187538],[-0.0769444,-0.172888,0.981931]],[[0.848703,-0.528773,0.0101679],[0.37068,0.581025,-0.724573],[0.377227,0.618716,0.689123]],[[0.848703,-0.528773,0.0101679],[-0.126307,-0.221322,-0.966987],[0.513566,0.8194,-0.254625]],[[0.848703,-0.528773,0.0101679],[-0.376016,-0.616818,-0.691482],[0.371908,0.583039,-0.722322]]],"btipPosition":[-48.2435,237.88,-15.3899],"carpPosition":[-13.8364,289.897,65.519],"dipPosition":[-41.2546,248.836,-28.9638],"direction":[-0.513566,-0.8194,0.254625],"extended":false,"handId":506,"id":5062,"length":67.0064,"mcpPosition":[-8.4681,301.959,-2.98841],"pipPosition":[-26.6506,272.137,-36.2044],"stabilizedTipPosition":[-42.4991,237.664,-28.5801],"timeVisible":22.5655,"tipPosition":[-46.2845,240.84,-20.2294],"tipVelocity":[-16.6025,11.4196,27.7772],"tool":false,"touchDistance":0.333333,"touchZone":"none","type":2,"width":18.9972},{"bases":[[[0.789951,-0.60404,0.105414],[0.574632,0.789268,0.216458],[-0.213949,-0.110417,0.970584]],[[0.789722,-0.604158,0.106453],[0.48862,0.514541,-0.704626],[0.370931,0.608474,0.701548]],[[0.789722,-0.604158,0.106453],[-0.060794,-0.249748,-0.966401],[0.610445,0.756716,-0.23396]],[[0.789722,-0.604158,0.106453],[-0.370559,-0.608083,-0.702083],[0.488902,0.515003,-0.704093]]],"btipPosition":[-32.1075,233.544,-7.93281],"carpPosition":[-2.89106,284.398,64.573],"dipPosition":[-22.9729,243.166,-21.0881],"direction":[-0.610445,-0.756716,0.23396],"extended":false,"handId":506,"id":5063,"length":64.4285,"mcpPosition":[10.5107,291.315,3.77563],"pipPosition":[-6.06232,264.129,-27.5692],"stabilizedTipPosition":[-29.7493,235.612,-11.0973],"timeVisible":22.5655,"tipPosition":[-29.4948,236.138,-12.5603],"tipVelocity":[-19.9037,13.352,9.47659],"tool":false,"touchDistance":0.333333,"touchZone":"none","type":3,"width":18.077},{"bases":[[[0.654002,-0.734811,0.179816],[0.669329,0.672833,0.315112],[-0.352534,-0.0857276,0.931864]],[[0.679903,-0.725696,0.105339],[0.595524,0.462611,-0.656767],[0.427883,0.50927,0.7467]],[[0.679903,-0.725696,0.105339],[-0.0764548,-0.21302,-0.974052],[0.729305,0.654207,-0.200316]],[[0.679903,-0.725696,0.105339],[-0.449846,-0.526208,-0.721626],[0.579112,0.443249,-0.684222]]],"btipPosition":[-14.0706,238.993,-0.0625267],"carpPosition":[4.86356,272.465,64.6628],"dipPosition":[-4.08862,246.633,-11.8563],"direction":[-0.729305,-0.654207,0.200316],"extended":false,"handId":506,"id":5064,"length":50.5107,"mcpPosition":[25.3053,277.436,10.6284],"pipPosition":[10.1757,259.428,-15.7743],"stabilizedTipPosition":[-10.4439,239.848,-3.8115],"timeVisible":22.5655,"tipPosition":[-11.1032,241.123,-4.60454],"tipVelocity":[-20.2683,13.2061,12.8465],"tool":false,"touchDistance":0.333333,"touchZone":"none","type":4,"width":16.0574}],"r":[[0.922058,-0.348471,0.168456],[0.385831,0.79297,-0.471522