{"sensorType":"Leap","data":[[0,{"currentFrameRate":97.8376,"devices":[],"gestures":[],"hands":[{"armBasis":[[0.937,-0.00867708,-0.349223],[0.144504,0.919779,0.364864],[0.318042,-0.392342,0.863086]],"armWidth":63.72,"confidence":0.48801,"direction":[0.0715082,0.800129,-0.595551],"elbow":[91.7219,129.437,269.908],"grabStrength":0.551046,"id":506,"palmNormal":[-0.125705,-0.58509,-0.801167],"palmPosition":[1.62648,277.056,1.70158],"palmVelocity":[-18.7767,-4.74911,4.13682],"palmWidth":90.99,"pinchStrength":0.629217,"r":[[0.97823,-0.183267,0.0973578],[0.172642,0.979019,0.10824],[-0.115152,-0.0890759,0.989346]],"s":1.15029,"sphereCenter":[7.56758,257.893,-45.8815],"sphereRadius":47.2137,"stabilizedPalmPosition":[4.58893,275.452,-0.654062],"t":[16.0974,15.4825,-4.56467],"timeVisible":38.0535,"type":"right","wrist":[5.8507,235.369,36.8746]}],"id":1802539,"interactionBox":{"center":[0,200,0],"size":[235.247,235.247,147.751]},"pointables":[{"bases":[[[0.524554,0.626273,0.576737],[-0.768023,0.0557547,0.63799],[0.3674,-0.777608,0.510239]],[[0.434157,0.77767,0.454684],[-0.847976,0.182447,0.497644],[0.304047,-0.601617,0.738656]],[[0.434157,0.77767,0.454684],[-0.891855,0.442159,0.0953443],[-0.126896,-0.446907,0.885535]],[[0.434157,0.77767,0.454684],[-0.896855,0.420544,0.137088],[-0.0846054,-0.467304,0.880039]]],"btipPosition":[-32.8306,286.285,-55.7263],"carpPosition":[-23.96,230.08,31.9345],"dipPosition":[-34.8107,275.349,-35.1302],"direction":[0.126896,0.446907,-0.885535],"extended":false,"handId":506,"id":5060,"length":52.1164,"mcpPosition":[-23.96,230.08,31.9345],"pipPosition":[-39.1373,260.111,-4.93738],"stabilizedTipPosition":[-32.9729,283.869,-51.0247],"timeVisible":38.0535,"tipPosition":[-33.4381,284.165,-50.6583],"tipVelocity":[-17.7257,-6.31754,2.07005],"tool":false,"touchDistance":-0.104377,"touchZone":"touching","type":0,"width":20.25},{"bases":[[[0.987446,0.00406566,-0.157902],[0.110126,0.698914,0.706676],[0.113233,-0.715194,0.689693]],[[0.96886,0.0831579,-0.233229],[-0.06598,0.994566,0.0805251],[0.238658,-0.0626291,0.969082]],[[0.96886,0.0831579,-0.233229],[-0.116395,0.984317,-0.132562],[0.218547,0.15558,0.963344]],[[0.96886,0.0831579,-0.233229],[-0.144565,0.954686,-0.260144],[0.201027,0.28576,0.936979]]],"btipPosition":[-40.0571,295.681,-90.9142],"carpPosition":[-12.7563,249.016,40.7536],"dipPosition":[-36.6225,300.563,-74.9053],"direction":[-0.218547,-0.15558,-0.963344],"extended":true,"handId":506,"id":5061,"length":58.8075,"mcpPosition":[-21.0868,301.633,-9.98681],"pipPosition":[-31.3401,304.323,-51.6209],"stabilizedTipPosition":[-39.016,297.027,-87.3684],"timeVisible":38.0535,"tipPosition":[-39.3373,297.956,-87.2638],"tipVelocity":[-18.5951,-17.482,9.16694],"tool":false,"touchDistance":-0.0808731,"touchZone":"touching","type":1,"width":19.3428},{"bases":[[[0.960327,-0.211805,-0.181412],[0.27794,0.673668,0.684778],[-0.022828,-0.708032,0.705811]],[[0.960565,-0.188959,-0.203984],[0.0200654,0.778802,-0.626949],[0.27733,0.598132,0.751881]],[[0.960565,-0.188959,-0.203984],[-0.265134,-0.401404,-0.876686],[0.0837777,0.896197,-0.435674]],[[0.960565,-0.188959,-0.203984],[-0.269229,-0.815423,-0.512446],[-0.0695018,0.547156,-0.83414]]],"btipPosition":[-13.4587,235.478,-17.7929],"carpPosition":[-0.607621,250.677,39.6269],"dipPosition":[-14.7647,245.76,-33.4681],"direction":[-0.0837777,-0.896197,0.435674],"extended":false,"handId":506,"id":5062,"length":67.0064,"mcpPosition":[0.98504,300.075,-9.6161],"pipPosition":[-12.3824,271.245,-45.8571],"stabilizedTipPosition":[-12.1479,237.297,-22.8117],"timeVisible":38.0535,"tipPosition":[-13.9162,237.631,-21.8063],"tipVelocity":[-12.2367,-0.973606,6.56578],"tool":false,"touchDistance":0.333333,"touchZone":"none","type":2,"width":18.9972},{"bases":[[[0.922798,-0.363866,-0.12667],[0.344971,0.6339,0.692218],[-0.171578,-0.682475,0.710485]],[[0.928477,-0.338557,-0.152678],[0.175245,0.761832,-0.62362],[0.327445,0.55226,0.766673]],[[0.928477,-0.338557,-0.152678],[-0.274555,-0.348866,-0.896054],[0.250101,0.873883,-0.416866]],[[0.928477,-0.338557,-0.152678],[-0.365254,-0.75798,-0.540423],[0.067237,0.557536,-0.827425]]],"btipPosition":[-0.665862,232.725,-14.3051],"carpPosition":[11.4012,249.275,37.4467],"dipPosition":[0.590395,243.142,-29.7647],"direction":[-0.250101,-0.873883,0.416866],"extended":false,"handId":506,"id":5063,"length":64.4285,"mcpPosition":[22.1488,292.025,-7.0581],"pipPosition":[7.51869,267.35,-41.3128],"stabilizedTipPosition":[1.20961,234.502,-18.7749],"timeVisible":38.0535,"tipPosition":[-0.47071,234.945,-18.1242],"tipVelocity":[-14.7615,-2.35622,-2.48886],"tool":false,"touchDistance":0.333333,"touchZone":"none","type":3,"width":18.077},{"bases":[[[0.826968,-0.540113,-0.15621],[0.467777,0.506787,0.724121],[-0.311942,-0.671896,0.671749]],[[0.85273,-0.474252,-0.218946],[0.287918,0.77647,-0.560533],[0.435839,0.414945,0.798665]],[[0.85273,-0.474252,-0.218946],[-0.372307,-0.257815,-0.891582],[0.366387,0.841794,-0.396414]],[[0.85273,-0.474252,-0.218946],[-0.512539,-0.678799,-0.525866],[0.100773,0.56064,-0.821905]]],"btipPosition":[15.827,239.619,-13.1175],"carpPosition":[22.053,241.459,32.1538],"dipPosition":[17.564,249.283,-27.2845],"direction":[-0.366387,-0.841794,0.396414],"extended":false,"handId":506,"id":5064,"length":50.5107,"mcpPosition":[40.141,280.419,-6.79771],"pipPosition":[24.7301,265.747,-35.0379],"stabilizedTipPosition":[17.5247,241.1,-17.0649],"timeVisible":38.0535,"tipPosition":[15.984,241.683,-16.5817],"tipVelocity":[-12.6579,1.36485,0.792032],"tool":false,"touchDistance":0.333333,"touchZone":"none","type":4,"width":16.0574}],"r":[[0.97823,-0.183267,0.0973578],[0.172642,0.979019,0.10824],[-0.115152,-0.0890759,0.989346]],"s":1.15029,"t":[16.0974,15.4825,-4.56467],"timestamp":97852526880},false],[1,{"currentFrameRate":98.1553,"devices":[],"gestures":[],"hands":[{"armBasis":[[0.936683,-0.00800301,-0.350088],[0.143979,0.920128,0.364191],[0.319211,-0.391537,0.86302]],"armWidth":63.72,"confidence":0.492226,"direction":[0.0715705,0.801608,-0.59355],"elbow":[91.9184,129.534,269.853],"grabStrength":0.553291,"id":506,"palmNormal":[-0.125069,-0.583167,-0.802667],"palmPosition":[1.51287,277.02,1.76471],"palmVelocity":[-16.7875,-4.4717,4.85015],"palmWidth":90.99,"pinchStrength":0.631474,"r":[[0.978444,-0.18234,0.0969492],[0.171557,0.979024,0.109909],[-0.114956,-0.0909072,0.989202]],"s":1.14955,"sphereCenter":[7.57999,257.955,-45.8655],"sphereRadius":47.233,"stabilizedPalmPosition":[4.40878,275.544,-0.512411],"t":[15.9626,15.4436,-4.51509],"timeVisible":38.063,"type":"right","wrist":[5.73155,235.249,36.8379]}],"id":1802540,"interactionBox":{"center":[0,200,0],"size":[235.247,235.247,147.751]},"pointables":[{"bases":[[[0.524028,0.625032,0.578558],[-0.768393,0.053938,0.637701],[0.367377,-0.778734,0.508535]],[[0.433403,0.777024,0.456503],[-0.848371,0.180892,0.497539],[0.304022,-0.602919,0.737604]],[[0.433403,0.777024,0.456503],[-0.892287,0.441055,0.0964044],[-0.126435,-0.449114,0.884483]],[[0.433403,0.777024,0.456503],[-0.897215,0.419617,0.137573],[-0.0846591,-0.469206,0.879021]]],"btipPosition":[-32.9585,286.351,-55.6802],"carpPosition":[-24.0746,229.961,31.8684],"dipPosition":[-34.9399,275.37,-35.108],"direction":[0.126435,0.449114,-0.884483],"extended":false,"handId":506,"id":5060,"length":52.1164,"mcpPosition":[-24.0746,229.961,31.8684],"pipPosition":[-39.2507,260.058,-4.95099],"stabilizedTipPosition":[-33.1378,283.853,-50.9963],"timeVisible":38.063,"tipPosition":[-33.5456,284.216,-50.6199],"tipVelocity":[-16.4808,-2.80155,2.69868],"tool":false,"touchDistance":-0.103701,"touchZone":"touching","type":0,"width":20.25},{"bases":[[[0.987532,0.004779,-0.157346],[0.109505,0.697218,0.708446],[0.11309,-0.716843,0.688002]],[[0.969028,0.0838312,-0.232285],[-0.0664768,0.994448,0.0815712],[0.237834,-0.0636032,0.969221]],[[0.969028,0.0838312,-0.232285],[-0.117043,0.984169,-0.133085],[0.217451,0.156151,0.9635]],[[0.969028,0.0838312,-0.232285],[-0.145238,0.954208,-0.261519],[0.199725,0.287156,0.93683]]],"btipPosition":[-40.0883,295.67,-90.8105],"carpPosition":[-12.8821,248.88,40.74],"dipPosition":[-36.6759,300.576,-74.8042],"direction":[-0.217451,-0.156151,-0.9635],"extended":true,"handId":506,"id":5061,"length":58.8075,"mcpPosition":[-21.2021,301.618,-9.87599],"pipPosition":[-31.42,304.35,-51.5161],"stabilizedTipPosition":[-39.1332,296.933,-87.2709],"timeVisible":38.063,"tipPosition":[-39.3827,297.945,-87.16],"tipVelocity":[-14.3223,-12.5985,9.63368],"tool":false,"touchDistance":-0.0791557,"touchZone":"touching","type":1,"width":19.3428},{"bases":[[[0.960497,-0.211042,-0.1814],[0.277338,0.672081,0.686579],[-0.0229817,-0.709766,0.704062]],[[0.960738,-0.187966,-0.204086],[0.0198332,0.780202,-0.625214],[0.276747,0.596619,0.753297]],[[0.960738,-0.187966,-0.204086],[-0.264669,-0.400124,-0.877412],[0.0832643,0.896978,-0.434163]],[[0.960738,-0.187966,-0.204086],[-0.268553,-0.814824,-0.513753],[-0.0697257,0.548389,-0.833311]]],"btipPosition":[-13.5268,235.497,-17.8005],"carpPosition":[-0.73337,250.547,39.6241],"dipPosition":[-14.837,245.802,-33.4601],"direction":[-0.0832643,-0.896978,0.434163],"extended":false,"handId":506,"id":5062,"length":67.0064,"mcpPosition":[0.870016,300.066,-9.49691],"pipPosition":[-12.4693,271.309,-45.8061],"stabilizedTipPosition":[-12.2295,237.325,-22.7432],"timeVisible":38.063,"tipPosition":[-13.9875,237.659,-21.8132],"tipVelocity":[-10.7902,0.0371591,4.54729],"tool":false,"touchDistance":0.333333,"touchZone":"none","type":2,"width":18.9972},{"bases":[[[0.922988,-0.36325,-0.127052],[0.344379,0.632317,0.693958],[-0.171743,-0.684269,0.708717]],[[0.928671,-0.337883,-0.152985],[0.175347,0.763412,-0.621656],[0.326838,0.550488,0.768205]],[[0.928671,-0.337883,-0.152985],[-0.273905,-0.346635,-0.897118],[0.250091,0.875031,-0.414458]],[[0.928671,-0.337883,-0.152985],[-0.364693,-0.756658,-0.542649],[0.0675943,0.559735,-0.82591]]],"btipPosition":[-0.758888,232.723,-14.3575],"carpPosition":[11.2771,249.154,37.4471],"dipPosition":[0.504043,243.181,-29.7888],"direction":[-0.250091,-0.875031,0.414458],"extended":false,"handId":506,"id":5063,"length":64.4285,"mcpPosition":[22.0351,292.017,-6.94696],"pipPosition":[7.43207,267.422,-41.2701],"stabilizedTipPosition":[1.09248,234.545,-18.7143],"timeVisible":38.063,"tipPosition":[-0.559877,234.956,-18.1654],"tipVelocity":[-13.2633,-1.44204,-3.15514],"tool":false,"touchDistance":0.333333,"touchZone":"none","type":3,"width":18.077},{"bases":[[[0.827233,-0.539455,-0.157076],[0.46721,0.505167,0.725618],[-0.312089,-0.673643,0.66993]],[[0.853058,-0.473277,-0.219776],[0.287879,0.778125,-0.558254],[0.435222,0.412954,0.800032]],[[0.853058,-0.473277,-0.219776],[-0.371916,-0.25602,-0.892262],[0.36602,0.842889,-0.394419]],[[0.853058,-0.473277,-0.219776],[-0.512043,-0.678081,-0.527274],[0.10052,0.56233,-0.820781]]],"btipPosition":[15.7503,239.636,-13.1315],"carpPosition":[21.9344,241.356,32.1409],"dipPosition":[17.483,249.329,-27.2792],"direction":[-0.36602,-0.842889,0.394419],"extended":false,"handId":506,"id":5064,"length":50.5107,"mcpPosition":[40.031,280.417,-6.70506],"pipPosition":[24.6419,265.815,-34.9935],"stabilizedTipPosition":[17.4173,241.16,-17.0119],"timeVisible":38.063,"tipPosition":[15.9056,241.706,-16.59],"tipVelocity":[-11.3512,1.69237,0.272633],"tool":false,"touchDistance":0.333333,"touchZone":"none","type":4,"width":16.0574}],"r":[[0.978444,-0.18234,0.0969492],[0.171557,0.979024,0.109909],[-0.114956,-0.0909072,0.989202]],"s":1.14955,"t":[15.9626,15.4436,-4.51509],"timestamp":97852536436},false],[2,{"currentFrameRate":98.3737,"devices":[],"gestures":[],"hands":[{"armBasis":[[0.936435,-0.00771607,-0.350756],[0.14384,0.920314,0.363774],[0.319999,-0.391103,0.862924]],"armWidth":63.72,"confidence":0.495565,"direction":[0.0716959,0.801504,-0.593675],"elbow":[92.0046,129.525,269.865],"grabStrength":0.557075,"id":506,"palmNormal":[-0.124829,-0.583317,-0.802595],"palmPosition":[1.39379,276.888,1.79366],"palmVelocity":[-15.4526,-7.14289,4.30016],"palmWidth":90.99,"pinchStrength":0.63469,"r":[[0.978611,-0.181585,0.0966827],[0.170676,0.97903,0.111217],[-0.114851,-0.0923372,0.989082]],"s":1.14875,"sphereCenter":[7.58993,257.788,-45.8312],"sphereRadius":47.2486,"stabilizedPalmPosition":[4.22873,275.624,-0.374692],"t":[15.8357,15.3581,-4.47583],"timeVisible":38.0728,"type":"right","wrist":[5.60482,235.123,36.8755]}],"id":1802541,"interactionBox":{"center":[0,200,0],"size":[235.247,235.247,147.751]},"pointables":[{"bases":[[[0.523847,0.625158,0.578586],[-0.768567,0.0540203,0.637485],[0.367273,-0.778626,0.508774]],[[0.433057,0.777378,0.456229],[-0.84857,0.180928,0.497186],[0.303956,-0.602453,0.738012]],[[0.433057,0.777378,0.456229],[-0.89252,0.440562,0.0965064],[-0.125976,-0.448987,0.884614]],[[0.433057,0.777378,0.456229],[-0.897373,0.419423,0.137134],[-0.0847481,-0.468795,0.879232]]],"btipPosition":[-33.094,286.186,-55.6794],"carpPosition":[-24.1998,229.833,31.899],"dipPosition":[-35.0774,275.215,-35.1022],"direction":[0.125976,0.448987,-0.884614],"extended":false,"handId":506,"id":5060,"length":52.1164,"mcpPosition":[-24.1998,229.833,31.899],"pipPosition":[-39.3726,259.906,-4.94078],"stabilizedTipPosition":[-33.2949,283.78,-50.9774],"timeVisible":38.0728,"tipPosition":[-33.6659,284.05,-50.6211],"tipVelocity":[-15.7434,-6.88698,1.96655],"tool":false,"touchDistance":-0.103668,"touchZone":"touching","type":0,"width":20.25},{"bases":[[[0.987574,0.00479251,-0.157082],[0.109285,0.69735,0.70835],[0.112936,-0.716715,0.688161]],[[0.969135,0.083677,-0.231897],[-0.0669402,0.994613,0.0791395],[0.23727,-0.0611736,0.969516]],[[0.969135,0.083677,-0.231897],[-0.117845,0.983449,-0.137628],[0.216542,0.160708,0.962955]],[[0.969135,0.083677,-0.231897],[-0.146148,0.952532,-0.267066],[0.198542,0.292714,0.935361]]],"btipPosition":[-40.1389,295.225,-90.7665],"carpPosition":[-13.0105,248.754,40.7702],"dipPosition":[-36.7467,300.226,-74.7853],"direction":[-0.216542,-0.160708,-0.962955],"extended":true,"handId":506,"id":5061,"length":58.8075,"mcpPosition":[-21.3191,301.482,-9.85757],"pipPosition":[-31.5128,304.111,-51.5103],"stabilizedTipPosition":[-39.2272,296.701,-87.1958],"timeVisible":38.0728,"tipPosition":[-39.4467,297.536,-87.1259],"tipVelocity":[-11.7857,-21.6467,7.96141],"tool":false,"touchDistance":-0.078518,"touchZone":"touching","type":1,"width":19.3428},{"bases":[[[0.960555,-0.211034,-0.181104],[0.277126,0.672216,0.686532],[-0.0231406,-0.709641,0.704184]],[[0.960799,-0.187806,-0.203947],[0.0196818,0.779964,-0.625515],[0.276546,0.59698,0.753085]],[[0.960799,-0.187806,-0.203947],[-0.264551,-0.400994,-0.87705],[0.0829338,0.896623,-0.434959]],[[0.960799,-0.187806,-0.203947],[-0.26827,-0.815438,-0.512926],[-0.0699753,0.547531,-0.833854]]],"btipPosition":[-13.62,235.371,-17.7328],"carpPosition":[-0.86149,250.422,39.6572],"dipPosition":[-14.935,245.66,-33.4026],"direction":[-0.0829338,-0.896623,0.434959],"extended":false,"handId":506,"id":5062,"length":67.0064,"mcpPosition":[0.752983,299.932,-9.47229],"pipPosition":[-12.5767,271.157,-45.7713],"stabilizedTipPosition":[-12.3124,237.345,-22.6744],"timeVisible":38.0728,"tipPosition":[-14.0837,237.533,-21.7493],"tipVelocity":[-10.4688,-3.86445,5.18258],"tool":false,"touchDistance":0.333333,"touchZone":"none","type":2,"width":18.9972},{"bases":[[[0.923038,-0.363234,-0.126739],[0.344166,0.632457,0.693937],[-0.171904,-0.684149,0.708794]],[[0.928728,-0.337863,-0.152684],[0.175438,0.763257,-0.62182],[0.326627,0.550715,0.768133]],[[0.928728,-0.337863,-0.152684],[-0.273764,-0.347191,-0.896946],[0.250034,0.874818,-0.41494]],[[0.928728,-0.337863,-0.152684],[-0.36455,-0.75708,-0.542156],[0.0675805,0.559177,-0.826289]]],"btipPosition":[-0.865008,232.597,-14.302],"carpPosition":[11.1496,249.029,37.4837],"dipPosition":[0.397667,243.044,-29.7404],"direction":[-0.250034,-0.874818,0.41494],"extended":false,"handId":506,"id":5063,"length":64.4285,"mcpPosition":[21.9177,291.884,-6.9152],"pipPosition":[7.32412,267.279,-41.2351],"stabilizedTipPosition":[0.972466,234.578,-18.6523],"timeVisible":38.0728,"tipPosition":[-0.666437,234.828,-18.1134],"tipVelocity":[-12.5732,-4.90861,-0.60755],"tool":false,"touchDistance":0.333333,"touchZone":"none","type":3,"width":18.077},{"bases":[[[0.827298,-0.539449,-0.156756],[0.466994,0.505317,0.725652],[-0.312241,-0.673535,0.669967]],[[0.853168,-0.473183,-0.21955],[0.28796,0.778174,-0.558144],[0.434952,0.412969,0.800171]],[[0.853168,-0.473183,-0.21955],[-0.371709,-0.256194,-0.892298],[0.365973,0.842889,-0.394464]],[[0.853168,-0.473183,-0.21955],[-0.511859,-0.678311,-0.527157],[0.100519,0.562132,-0.820916]]],"btipPosition":[15.6439,239.507,-13.0946],"carpPosition":[21.8087,241.23,32.1818],"dipPosition":[17.3765,249.197,-27.2446],"direction":[-0.365973,-0.842889,0.394464],"extended":false,"handId":506,"id":5064,"length":50.5107,"mcpPosition":[39.914,280.285,-6.66639],"pipPosition":[24.5345,265.683,-34.9598],"stabilizedTipPosition":[17.3093,241.205,-16.9598],"timeVisible":38.0728,"tipPosition":[15.8,241.576,-16.5498],"tipVelocity":[-11.2307,-2.71995,1.28992],"tool":false,"touchDistance":0.333333,"touchZone":"none","type":4,"width":16.0574}],"r":[[0.978611,-0.181585,0.0966827],[0.170676,0.97903,0.111217],[-0.114851,-0.0923372,0.989082]],"s":1.14875,"t":[15.8357,15.3581,-4.47583],"timestamp":97852546168},false],[3,{"currentFrameRate":98.6423,"devices":[],"gestures":[],"hands":[{"armBasis":[[0.93615,-0.00747677,-0.351522],[0.143785,0.920494,0.36334],[0.320858,-0.390684,0.862795]],"armWidth":63.72,"confidence":0.504229,"direction":[0.0717183,0.801377,-0.593844],"elbow":[92.1197,129.517,269.868],"grabStrength":0.559528,"id":506,"palmNormal":[-0.124751,-0.583495,-0.802478],"palmPosition":[1.27858,276.759,1.82197],"palmVelocity":[-14.449,-8.95735,3.90757],"palmWidth":90.99,"pinchStrength":0.63683,"r":[[0.978743,-0.180972,0.0964932],[0.169963,0.979039,0.112225],[-0.11478,-0.0934388,0.988987]],"s":1.14797,"sphereCenter":[7.54377,257.639,-45.7887],"sphereRadius":47.2476,"stabilizedPalmPosition":[4.05496,275.691,-0.245302],"t":[15.7147,15.251,-4.44204],"timeVisible":38.0824,"type":"right","wrist":[5.48813,235.002,36.9132]}],"id":1802542,"interactionBox":{"center":[0,200,0],"size":[235.247,235.247,147.751]},"pointables":[{"bases":[[[0.523785,0.625299,0.57849],[-0.768617,0.0541371,0.637415],[0.367257,-0.778505,0.508971]],[[0.432621,0.777994,0.455592],[-0.848768,0.181048,0.496805],[0.304028,-0.60162,0.738661]],[[0.432621,0.777994,0.455592],[-0.892719,0.440311,0.095807],[-0.126065,-0.448164,0.885018]],[[0.432621,0.777994,0.455592],[-0.897531,0.419458,0.135988],[-0.0853035,-0.46774,0.87974]]],"btipPosition":[-33.1976,285.969,-55.7009],"carpPosition":[-24.316,229.711,31.9356],"dipPosition":[-35.194,275.022,-35.1118],"direction":[0.126065,0.448164,-0.885018],"extended":false,"handId":506,"id":5060,"length":52.1164,"mcpPosition":[-24.316,229.711,31.9356],"pipPosition":[-39.4923,259.742,-4.93662],"stabilizedTipPosition":[-33.4316,283.656,-50.9729],"timeVisible":38.0824,"tipPosition":[-33.7694,283.85,-50.6362],"tipVelocity":[-14.397,-11.2765,0.828819],"tool":false,"touchDistance":-0.103981,"touchZone":"touching","type":0,"width":20.25},{"bases":[[[0.987586,0.00478634,-0.157008],[0.109211,0.697507,0.708207],[0.112904,-0.716562,0.688325]],[[0.969178,0.0835651,-0.231758],[-0.0672421,0.994724,0.0774717],[0.237009,-0.0594999,0.969684]],[[0.969178,0.0835651,-0.231758],[-0.118338,0.982993,-0.140433],[0.216081,0.16353,0.962583]],[[0.969178,0.0835651,-0.231758],[-0.1467,0.951507,-0.270394],[0.197924,0.296059,0.934439]]],"btipPosition":[-40.221,294.896,-90.7277],"carpPosition":[-13.1278,248.633,40.8035],"dipPosition":[-36.8394,299.954,-74.7623],"direction":[-0.216081,-0.16353,-0.962583],"extended":true,"handId":506,"id":5061,"length":58.8075,"mcpPosition":[-21.4341,301.35,-9.83633],"pipPosition":[-31.6166,303.907,-51.4963],"stabilizedTipPosition":[-39.3179,296.431,-87.1369],"timeVisible":38.0824,"tipPosition":[-39.5348,297.211,-87.093],"tipVelocity":[-10.9199,-24.9103,6.71306],"tool":false,"touchDistance":-0.0779324,"touchZone":"touching","type":1,"width":19.3428},{"bases":[[[0.960575,-0.211046,-0.180985],[0.277055,0.672373,0.686407],[-0.023174,-0.709488,0.704336]],[[0.960819,-0.187715,-0.203938],[0.0195007,0.779721,-0.625823],[0.276491,0.597326,0.752831]],[[0.960819,-0.187715,-0.203938],[-0.26454,-0.401392,-0.876871],[0.0827432,0.896464,-0.435323]],[[0.960819,-0.187715,-0.203938],[-0.268164,-0.815649,-0.512644],[-0.0701104,0.547247,-0.834029]]],"btipPosition":[-13.7244,235.233,-17.6837],"carpPosition":[-0.978823,250.301,39.6911],"dipPosition":[-15.0419,245.517,-33.3568],"direction":[-0.0827432,-0.896464,0.435323],"extended":false,"handId":506,"id":5062,"length":67.0064,"mcpPosition":[0.637983,299.801,-9.44904],"pipPosition":[-12.689,271.009,-45.7358],"stabilizedTipPosition":[-12.3953,237.357,-22.6074],"timeVisible":38.0824,"tipPosition":[-14.1886,237.399,-21.6985],"tipVelocity":[-10.6017,-6.94713,5.14049],"tool":false,"touchDistance":0.333333,"touchZone":"none","type":2,"width":18.9972},{"bases":[[[0.923058,-0.363235,-0.12659],[0.344095,0.632617,0.693825],[-0.171939,-0.684,0.70893]],[[0.928755,-0.337841,-0.152569],[0.175386,0.763073,-0.62206],[0.326579,0.550983,0.767961]],[[0.928755,-0.337841,-0.152569],[-0.274051,-0.34862,-0.896304],[0.24962,0.874258,-0.416368]],[[0.928755,-0.337841,-0.152569],[-0.364608,-0.758276,-0.540443],[0.066895,0.557567,-0.827432]]],"btipPosition":[-0.953532,232.5,-14.2068],"carpPosition":[11.0325,248.908,37.5188],"dipPosition":[0.296335,242.918,-29.6665],"direction":[-0.24962,-0.874258,0.416368],"extended":false,"handId":506,"id":5063,"length":64.4285,"mcpPosition":[21.8027,291.754,-6.88859],"pipPosition":[7.21131,267.137,-41.2008],"stabilizedTipPosition":[0.856692,234.601,-18.5894],"timeVisible":38.0824,"tipPosition":[-0.76262,234.72,-18.0345],"tipVelocity":[-11.6881,-6.60464,2.29535],"tool":false,"touchDistance":0.333333,"touchZone":"none","type":3,"width":18.077},{"bases":[[[0.827326,-0.539459,-0.156576],[0.466924,0.505488,0.725578],[-0.312272,-0.673398,0.67009]],[[0.853228,-0.473114,-0.219465],[0.287932,0.778178,-0.558152],[0.434853,0.41304,0.800188]],[[0.853228,-0.473114,-0.219465],[-0.371663,-0.256369,-0.892268],[0.36588,0.842875,-0.39458]],[[0.853228,-0.473114,-0.219465],[-0.51178,-0.678505,-0.526983],[0.100415,0.561955,-0.82105]]],"btipPosition":[15.5363,239.379,-13.0601],"carpPosition":[21.6922,241.108,32.2194],"dipPosition":[17.2671,249.065,-27.2124],"direction":[-0.36588,-0.842875,0.39458],"extended":false,"handId":506,"id":5064,"length":50.5107,"mcpPosition":[39.7994,280.155,-6.63589],"pipPosition":[24.4233,265.551,-34.9299],"stabilizedTipPosition":[17.2048,241.235,-16.9109],"timeVisible":38.0824,"tipPosition":[15.6929,241.447,-16.5123],"tipVelocity":[-11.233,-5.83621,1.94077],"tool":false,"touchDistance":0.333333,"touchZone":"none","type":4,"width":16.0574}],"r":[[0.978743,-0.180972,0.0964932],[0.169963,0.979039,0.112225],[-0.11478,-0.0934388,0.988987]],"s":1.14797,"t":[15.7147,15.251,-4.44204],"timestamp":97852555774},false],[4,{"currentFrameRate":98.9171,"devices":[],"gestures":[],"hands":[{"armBasis":[[0.936024,-0.00731428,-0.35186],[0.143755,0.920521,0.363285],[0.321237,-0.390625,0.862681]],"armWidth":63.72,"confidence":0.506847,"direction":[0.0716484,0.801977,-0.593043],"elbow":[92.1056,129.413,269.847],"grabStrength":0.559641,"id":506,"palmNormal":[-0.124767,-0.582695,-0.803057],"palmPosition":[1.15802,276.673,1.8737],"palmVelocity":[-13.9149,-8.95529,4.34131],"palmWidth":90.99,"pinchStrength":0.637637,"r":[[0.978851,-0.180491,0.0962951],[0.169385,0.979024,0.113225],[-0.114711,-0.0945197,0.988892]],"s":1.14736,"sphereCenter":[7.43312,257.606,-45.7458],"sphereRadius":47.2397,"stabilizedPalmPosition":[3.88725,275.748,-0.122634],"t":[15.5939,15.1546,-4.39928],"timeVisible":38.0919,"type":"right","wrist":[5.37144,234.881,36.9227]}],"id":1802543,"interactionBox":{"center":[0,200,0],"size":[235.247,235.247,147.751]},"pointables":[{"bases":[[[0.523787,0.624742,0.57909],[-0.768585,0.0534604,0.63751],[0.367321,-0.778999,0.508169]],[[0.432154,0.77816,0.455752],[-0.848989,0.18066,0.496568],[0.304073,-0.601522,0.738722]],[[0.432154,0.77816,0.455752],[-0.892924,0.439965,0.0954855],[-0.126212,-0.448216,0.884971]],[[0.432154,0.77816,0.455752],[-0.897795,0.418822,0.136205],[-0.0848894,-0.468033,0.879624]]],"btipPosition":[-33.3213,285.856,-55.6938],"carpPosition":[-24.4327,229.594,31.9414],"dipPosition":[-35.308,274.902,-35.1074],"direction":[0.126212,0.448216,-0.884971],"extended":false,"handId":506,"id":5060,"length":52.1164,"mcpPosition":[-24.4327,229.594,31.9414],"pipPosition":[-39.6113,259.62,-4.93383],"stabilizedTipPosition":[-33.5615,283.536,-50.9676],"timeVisible":38.0919,"tipPosition":[-33.8862,283.748,-50.6229],"tipVelocity":[-13.905,-11.488,0.785684],"tool":false,"touchDistance":-0.103872,"touchZone":"touching","type":0,"width":20.25},{"bases":[[[0.987577,0.00499082,-0.157056],[0.109217,0.6968,0.708901],[0.112975,-0.717248,0.687599]],[[0.969164,0.0838331,-0.231716],[-0.0672913,0.994648,0.0784067],[0.237049,-0.0603966,0.969619]],[[0.969164,0.0838331,-0.231716],[-0.118465,0.983065,-0.139819],[0.216071,0.162957,0.962683]],[[0.969164,0.0838331,-0.231716],[-0.146863,0.951599,-0.269982],[0.197867,0.295688,0.934568]]],"btipPosition":[-40.3439,294.879,-90.6519],"carpPosition":[-13.245,248.508,40.8277],"dipPosition":[-36.9632,299.931,-74.6842],"direction":[-0.216071,-0.162957,-0.962683],"extended":true,"handId":506,"id":5061,"length":58.8075,"mcpPosition":[-21.5565,301.275,-9.75866],"pipPosition":[-31.7407,303.87,-51.4158],"stabilizedTipPosition":[-39.4209,296.27,-87.0716],"timeVisible":38.0919,"tipPosition":[-39.6571,297.175,-87.0157],"tipVelocity":[-11.482,-18.2448,7.07988],"tool":false,"touchDistance":-0.0766596,"touchZone":"touching","type":1,"width":19.3428},{"bases":[[[0.960575,-0.210819,-0.181249],[0.27706,0.671697,0.687067],[-0.0231025,-0.710196,0.703624]],[[0.960815,-0.187366,-0.204274],[0.0192404,0.780252,-0.62517],[0.276521,0.596742,0.753283]],[[0.960815,-0.187366,-0.204274],[-0.264629,-0.400707,-0.877158],[0.0824953,0.896843,-0.434588]],[[0.960815,-0.187366,-0.204274],[-0.268114,-0.815231,-0.513335],[-0.0703493,0.547989,-0.833522]]],"btipPosition":[-13.8366,235.162,-17.661],"carpPosition":[-1.09609,250.177,39.7164],"dipPosition":[-15.1586,245.46,-33.3245],"direction":[-0.0824953,-0.896843,0.434588],"extended":false,"handId":506,"id":5062,"length":67.0064,"mcpPosition":[0.515727,299.726,-9.37411],"pipPosition":[-12.8127,270.963,-45.6826],"stabilizedTipPosition":[-12.4803,237.366,-22.542],"timeVisible":38.0919,"tipPosition":[-14.3016,237.337,-21.6713],"tipVelocity":[-10.9569,-6.98611,4.40746],"tool":false,"touchDistance":0.333333,"touchZone":"none","type":2,"width":18.9972},{"bases":[[[0.923068,-0.363064,-0.127004],[0.344103,0.631936,0.694442],[-0.171868,-0.68472,0.708252]],[[0.928767,-0.337622,-0.15298],[0.175316,0.763764,-0.621232],[0.326582,0.55016,0.76855]],[[0.928767,-0.337622,-0.15298],[-0.274446,-0.348967,-0.896048],[0.249141,0.874204,-0.416768]],[[0.928767,-0.337622,-0.15298],[-0.364734,-0.758911,-0.539465],[0.0660374,0.556834,-0.827994]]],"btipPosition":[-1.04613,232.476,-14.1458],"carpPosition":[10.9151,248.787,37.542],"dipPosition":[0.187715,242.88,-29.6161],"direction":[-0.249141,-0.874204,0.416768],"extended":false,"handId":506,"id":5063,"length":64.4285,"mcpPosition":[21.681,291.678,-6.82289],"pipPosition":[7.08942,267.097,-41.1614],"stabilizedTipPosition":[0.745909,234.619,-18.5289],"timeVisible":38.0919,"tipPosition":[-0.864212,234.685,-17.9852],"tipVelocity":[-11.2185,-5.51378,3.40074],"tool":false,"touchDistance":0.333333,"touchZone":"none","type":3,"width":18.077},{"bases":[[[0.827343,-0.539263,-0.157163],[0.46694,0.504781,0.72606],[-0.312204,-0.674086,0.66943]],[[0.853276,-0.472737,-0.220091],[0.287827,0.77892,-0.557172],[0.434829,0.412073,0.8007]],[[0.853276,-0.472737,-0.220091],[-0.371779,-0.255552,-0.892454],[0.365651,0.843334,-0.39381]],[[0.853276,-0.472737,-0.220091],[-0.511772,-0.678199,-0.527385],[0.100049,0.562641,-0.820625]]],"btipPosition":[15.4268,239.317,-13.0475],"carpPosition":[21.575,240.993,32.2342],"dipPosition":[17.1513,249.015,-27.1925],"direction":[-0.365651,-0.843334,0.39381],"extended":false,"handId":506,"id":5064,"length":50.5107,"mcpPosition":[39.6782,280.08,-6.58281],"pipPosition":[24.303,265.509,-34.8949],"stabilizedTipPosition":[17.1027,241.258,-16.8657],"timeVisible":38.0919,"tipPosition":[15.5821,241.388,-16.4946],"tipVelocity":[-11.3396,-5.93843,1.81139],"tool":false,"touchDistance":0.333333,"touchZone":"none","type":4,"width":16.0574}],"r":[[0.978851,-0.180491,0.0962951],[0.169385,0.979024,0.113225],[-0.114711,-0.0945197,0.988892]],"s":1.14736,"t":[15.5939,15.1546,-4.39928],"timestamp":97852565341},false],[5,{"currentFrameRate":99.1216,"devices":[],"gestures":[],"hands":[{"armBasis":[[0.935794,-0.00786931,-0.352459],[0.144384,0.920617,0.362792],[0.321625,-0.390388,0.862644]],"armWidth":63.72,"confidence":0.507906,"direction":[0.0717911,0.802515,-0.592297],"elbow":[92.1167,129.381,269.824],"grabStrength":0.559608,"id":506,"palmNormal":[-0.125431,-0.581851,-0.803565],"palmPosition":[1.07,276.614,1.9034],"palmVelocity":[-12.5047,-8.13581,3.96886],"palmWidth":90.99,"pinchStrength":0.638429,"r":[[0.978928,-0.180226,0.096013],[0.169033,0.978972,0.1142],[-0.114576,-0.0955644,0.988807]],"s":1.14692,"sphereCenter":[7.32838,257.592,-45.7282],"sphereRadius":47.2352,"stabilizedPalmPosition":[3.7254,275.797,-0.00623663],"t":[15.4894,15.0766,-4.36305],"timeVisible":38.1016,"type":"right","wrist":[5.27786,234.786,36.9099]}],"id":1802544,"interactionBox":{"center":[0,200,0],"size":[235.247,235.247,147.751]},"pointables":[{"bases":[[[0.52437,0.623911,0.579457],[-0.768268,0.0532362,0.637911],[0.367152,-0.77968,0.507246]],[[0.432222,0.778211,0.455601],[-0.848994,0.180871,0.496482],[0.303962,-0.601393,0.738873]],[[0.432222,0.778211,0.455601],[-0.892911,0.43997,0.0955801],[-0.126069,-0.448123,0.885038]],[[0.432222,0.778211,0.455601],[-0.897861,0.418362,0.137184],[-0.0838482,-0.46836,0.87955]]],"btipPosition":[-33.4436,285.778,-55.7063],"carpPosition":[-24.5312,229.518,31.937],"dipPosition":[-35.4059,274.817,-35.1216],"direction":[0.126069,0.448123,-0.885038],"extended":false,"handId":506,"id":5060,"length":52.1164,"mcpPosition":[-24.5312,229.518,31.937],"pipPosition":[-39.7043,259.538,-4.94572],"stabilizedTipPosition":[-33.6861,283.432,-50.9692],"timeVisible":38.1016,"tipPosition":[-33.9936,283.683,-50.6259],"tipVelocity":[-13.3607,-10.5241,0.168637],"tool":false,"touchDistance":-0.104087,"touchZone":"touching","type":0,"width":20.25},{"bases":[[[0.987508,0.00463625,-0.1575],[0.109897,0.696056,0.709527],[0.112919,-0.717973,0.686851]],[[0.969103,0.0835568,-0.232072],[-0.0667366,0.994605,0.0794205],[0.237456,-0.0614789,0.969451]],[[0.969103,0.0835568,-0.232072],[-0.118023,0.983259,-0.138828],[0.216587,0.161929,0.962741]],[[0.969103,0.0835568,-0.232072],[-0.146501,0.951924,-0.269031],[0.198435,0.294718,0.934754]]],"btipPosition":[-40.4642,294.931,-90.5853],"carpPosition":[-13.3298,248.418,40.8366],"dipPosition":[-37.0738,299.966,-74.6145],"direction":[-0.216587,-0.161929,-0.962741],"extended":true,"handId":506,"id":5061,"length":58.8075,"mcpPosition":[-21.6371,301.239,-9.69475],"pipPosition":[-31.8388,303.88,-51.3447],"stabilizedTipPosition":[-39.5268,296.197,-87.0075],"timeVisible":38.1016,"tipPosition":[-39.7745,297.219,-86.9473],"tipVelocity":[-11.6892,-11.483,7.04045],"tool":false,"touchDistance":-0.0755385,"touchZone":"touching","type":1,"width":19.3428},{"bases":[[[0.960384,-0.211136,-0.18189],[0.277717,0.670887,0.687593],[-0.0231478,-0.710867,0.702945]],[[0.960625,-0.187567,-0.204984],[0.0191768,0.780754,-0.624544],[0.277186,0.596022,0.753609]],[[0.960625,-0.187567,-0.204984],[-0.265291,-0.399895,-0.877328],[0.0825854,0.897164,-0.433908]],[[0.960625,-0.187567,-0.204984],[-0.268728,-0.814676,-0.513895],[-0.0706062,0.548746,-0.833002]]],"btipPosition":[-13.9476,235.125,-17.6534],"carpPosition":[-1.18054,250.082,39.7214],"dipPosition":[-15.2745,245.437,-33.3072],"direction":[-0.0825854,-0.897164,0.433908],"extended":false,"handId":506,"id":5062,"length":67.0064,"mcpPosition":[0.434443,299.678,-9.32175],"pipPosition":[-12.926,270.949,-45.646],"stabilizedTipPosition":[-12.5692,237.372,-22.4774],"timeVisible":38.1016,"tipPosition":[-14.4139,237.309,-21.6592],"tipVelocity":[-11.1396,-5.9605,3.41558],"tool":false,"touchDistance":0.333333,"touchZone":"none","type":2,"width":18.9972},{"bases":[[[0.922824,-0.363414,-0.127776],[0.344743,0.631085,0.694898],[-0.171898,-0.685318,0.707665]],[[0.928528,-0.337931,-0.153749],[0.175426,0.764329,-0.620506],[0.327203,0.549185,0.768982]],[[0.928528,-0.337931,-0.153749],[-0.275358,-0.349064,-0.89573],[0.249027,0.874046,-0.417168]],[[0.928528,-0.337931,-0.153749],[-0.365486,-0.759243,-0.538489],[0.0652392,0.556195,-0.828487]]],"btipPosition":[-1.14005,232.474,-14.1099],"carpPosition":[10.829,248.688,37.5402],"dipPosition":[0.0788793,242.866,-29.5894],"direction":[-0.249027,-0.874046,0.417168],"extended":false,"handId":506,"id":5063,"length":64.4285,"mcpPosition":[21.5967,291.617,-6.78796],"pipPosition":[6.97741,267.079,-41.1458],"stabilizedTipPosition":[0.638682,234.635,-18.4715],"timeVisible":38.1016,"tipPosition":[-0.966195,234.674,-17.9587],"tipVelocity":[-10.8774,-4.04053,3.42599],"tool":false,"touchDistance":0.333333,"touchZone":"none","type":3,"width":18.077},{"bases":[[[0.826994,-0.539534,-0.158062],[0.467529,0.503836,0.726337],[-0.312247,-0.674575,0.668917]],[[0.852994,-0.472769,-0.221111],[0.287822,0.779506,-0.556353],[0.435384,0.410926,0.800988]],[[0.852994,-0.472769,-0.221111],[-0.372545,-0.254824,-0.892342],[0.365528,0.843537,-0.393491]],[[0.852994,-0.472769,-0.221111],[-0.512375,-0.677881,-0.527209],[0.0993613,0.562997,-0.820464]]],"btipPosition":[15.3313,239.276,-13.0512],"carpPosition":[21.4824,240.894,32.22],"dipPosition":[17.044,248.98,-27.1934],"direction":[-0.365528,-0.843537,0.393491],"extended":false,"handId":506,"id":5064,"length":50.5107,"mcpPosition":[39.5881,280.009,-6.56732],"pipPosition":[24.1933,265.479,-34.8896],"stabilizedTipPosition":[17.002,241.277,-16.8247],"timeVisible":38.1016,"tipPosition":[15.4824,241.348,-16.4969],"tipVelocity":[-10.9886,-5.38758,1.19023],"tool":false,"touchDistance":0.333333,"touchZone":"none","type":4,"width":16.0574}],"r":[[0.978928,-0.180226,0.096013],[0.169033,0.978972,0.1142],[-0.114576,-0.0955644,0.988807]],"s":1.14692,"t":[15.4894,15.0766,-4.36305],"timestamp":97852575027},false],[6,{"currentFrameRate":99.3735,"devices":[],"gestures":[],"hands":[{"armBasis":[[0.935643,-0.00850803,-0.352846],[0.144979,0.92074,0.362241],[0.321798,-0.390083,0.862717]],"armWidth":63.72,"confidence":0.510429,"direction":[0.0718294,0.802895,-0.591777],"elbow":[92.1011,129.428,269.814],"grabStrength":0.559573,"id":506,"palmNormal":[-0.12612,-0.581236,-0.803902],"palmPosition":[1.00773,276.605,1.90539],"palmVelocity":[-10.7708,-6.05914,2.88122],"palmWidth":90.99,"pinchStrength":0.639107,"r":[[0.978984,-0.180113,0.0956573],[0.168851,0.978898,0.115098],[-0.114369,-0.0965274,0.988738]],"s":1.14664,"sphereCenter":[7.24367,257.617,-45.7351],"sphereRadius":47.2324,"stabilizedPalmPosition":[3.57394,275.842,0.100303],"t":[15.4061,15.0331,-4.34395],"timeVisible":38.1112,"type":"right","wrist":[5.21582,234.75,36.8805]}],"id":1802545,"interactionBox":{"center":[0,200,0],"size":[235.247,235.247,147.751]},"pointables":[{"bases":[[[0.524958,0.623275,0.57961],[-0.767902,0.0531328,0.63836],[0.367078,-0.780196,0.506506]],[[0.432369,0.778287,0.45533],[-0.848905,0.181097,0.496552],[0.304001,-0.601226,0.738993]],[[0.432369,0.778287,0.45533],[-0.892875,0.440004,0.09576],[-0.125818,-0.447957,0.885158]],[[0.432369,0.778287,0.45533],[-0.897939,0.41769,0.13871],[-0.0822304,-0.468833,0.879451]]],"btipPosition":[-33.559,285.757,-55.7311],"carpPosition":[-24.5983,229.499,31.92],"dipPosition":[-35.4834,274.784,-35.1488],"direction":[0.125818,0.447957,-0.885158],"extended":false,"handId":506,"id":5060,"length":52.1164,"mcpPosition":[-24.5983,229.499,31.92],"pipPosition":[-39.7733,259.511,-4.96876],"stabilizedTipPosition":[-33.8009,283.36,-50.9794],"timeVisible":38.1112,"tipPosition":[-34.088,283.666,-50.6456],"tipVelocity":[-12.722,-8.21159,-0.646361],"tool":false,"touchDistance":-0.104509,"touchZone":"touching","type":0,"width":20.25},{"bases":[[[0.987425,0.00430803,-0.158027],[0.110586,0.695513,0.709952],[0.112969,-0.7185,0.686291]],[[0.969016,0.083287,-0.232532],[-0.0662462,0.994578,0.0801684],[0.237949,-0.0622801,0.969279]],[[0.969016,0.083287,-0.232532],[-0.117663,0.983405,-0.138098],[0.217172,0.161179,0.962734]],[[0.969016,0.083287,-0.232532],[-0.146229,0.952164,-0.26833],[0.199061,0.294019,0.934841]]],"btipPosition":[-40.5677,295.004,-90.548],"carpPosition":[-13.3837,248.388,40.8267],"dipPosition":[-37.1667,300.028,-74.5757],"direction":[-0.217172,-0.161179,-0.962735],"extended":true,"handId":506,"id":5061,"length":58.8075,"mcpPosition":[-21.6947,301.248,-9.66345],"pipPosition":[-31.9175,303.924,-51.306],"stabilizedTipPosition":[-39.6243,296.183,-86.9573],"timeVisible":38.1112,"tipPosition":[-39.875,297.287,-86.9088],"tipVelocity":[-11.3643,-6.02513,6.14389],"tool":false,"touchDistance":-0.0749103,"touchZone":"touching","type":1,"width":19.3428},{"bases":[[[0.960193,-0.211435,-0.182553],[0.278383,0.670285,0.68791],[-0.0230861,-0.711346,0.702463]],[[0.96043,-0.187762,-0.205716],[0.0190194,0.781092,-0.624126],[0.27787,0.595517,0.753756]],[[0.96043,-0.187762,-0.205716],[-0.265994,-0.39933,-0.877373],[0.0825886,0.897375,-0.433472]],[[0.96043,-0.187762,-0.205716],[-0.269329,-0.814275,-0.514216],[-0.070959,0.549274,-0.832624]]],"btipPosition":[-14.0321,235.133,-17.6617],"carpPosition":[-1.23428,250.048,39.7061],"dipPosition":[-15.3656,245.455,-33.3083],"direction":[-0.0825886,-0.897375,0.433472],"extended":false,"handId":506,"id":5062,"length":67.0064,"mcpPosition":[0.376386,299.677,-9.30337],"pipPosition":[-13.0171,270.973,-45.6347],"stabilizedTipPosition":[-12.6586,237.379,-22.4158],"timeVisible":38.1112,"tipPosition":[-14.5,237.324,-21.6634],"tipVelocity":[-10.518,-3.94522,2.22794],"tool":false,"touchDistance":0.333333,"touchZone":"none","type":2,"width":18.9972},{"bases":[[[0.922594,-0.363734,-0.128524],[0.345396,0.630449,0.695152],[-0.171823,-0.685734,0.70728]],[[0.928298,-0.338218,-0.1545],[0.175432,0.764728,-0.620012],[0.32785,0.548452,0.76923]],[[0.928298,-0.338218,-0.1545],[-0.276279,-0.349292,-0.895358],[0.248861,0.873844,-0.41769]],[[0.928298,-0.338218,-0.1545],[-0.366213,-0.759619,-0.537463],[0.0644187,0.555506,-0.829014]]],"btipPosition":[-1.20931,232.514,-14.0953],"carpPosition":[10.7735,248.65,37.5175],"dipPosition":[-0.00570981,242.893,-29.5846],"direction":[-0.248861,-0.873844,0.41769],"extended":false,"handId":506,"id":5063,"length":64.4285,"mcpPosition":[21.5364,291.604,-6.78656],"pipPosition":[6.88824,267.1,-41.1555],"stabilizedTipPosition":[0.538561,234.652,-18.4197],"timeVisible":38.1112,"tipPosition":[-1.04278,234.705,-17.9519],"tipVelocity":[-9.9319,-1.78108,2.8084],"tool":false,"touchDistance":0.333333,"touchZone":"none","type":3,"width":18.077},{"bases":[[[0.82667,-0.539791,-0.158881],[0.468142,0.503123,0.726437],[-0.312187,-0.674902,0.668615]],[[0.852747,-0.47274,-0.222125],[0.287664,0.780014,-0.555722],[0.435973,0.409993,0.801145]],[[0.852747,-0.47274,-0.222125],[-0.373499,-0.254609,-0.892005],[0.365132,0.843618,-0.393686]],[[0.852747,-0.47274,-0.222125],[-0.512999,-0.678014,-0.52643],[0.0982611,0.562862,-0.82069]]],"btipPosition":[15.2719,239.289,-13.0654],"carpPosition":[21.4205,240.854,32.1862],"dipPosition":[16.9656,248.991,-27.2115],"direction":[-0.365132,-0.843618,0.393686],"extended":false,"handId":506,"id":5064,"length":50.5107,"mcpPosition":[39.5228,279.989,-6.58365],"pipPosition":[24.1071,265.492,-34.9115],"stabilizedTipPosition":[16.9074,241.294,-16.789],"timeVisible":38.1112,"tipPosition":[15.4154,241.36,-16.5131],"tipVelocity":[-9.73909,-3.43992,0.389484],"tool":false,"touchDistance":0.333333,"touchZone"