{"sensorType":"Leap","data":[[0,{"currentFrameRate":101.826,"devices":[],"gestures":[],"hands":[{"armBasis":[[0.949418,-0.042986,-0.311058],[0.18228,0.882051,0.434466],[0.255693,-0.46919,0.845271]],"armWidth":63.72,"confidence":0.415504,"direction":[0.125143,0.870066,-0.476786],"elbow":[74.6011,88.3617,248.259],"grabStrength":0.313712,"id":506,"palmNormal":[-0.134551,-0.461241,-0.877014],"palmPosition":[4.24766,261.36,-9.0467],"palmVelocity":[-13.044,4.28473,0.816122],"palmWidth":90.99,"pinchStrength":0.463546,"r":[[0.973306,-0.207147,0.0988238],[0.177142,0.951792,0.250424],[-0.145934,-0.226234,0.963079]],"s":1.21439,"sphereCenter":[1.60787,252.907,-56.5078],"sphereRadius":46.2433,"stabilizedPalmPosition":[6.24253,257.799,-11.3125],"t":[18.6887,-0.266676,-15.2257],"timeVisible":29.1853,"type":"right","wrist":[5.56416,215.043,20.0361]}],"id":1801636,"interactionBox":{"center":[0,200,0],"size":[235.247,235.247,147.751]},"pointables":[{"bases":[[[0.540311,0.512346,0.667507],[-0.779756,0.00667438,0.626047],[0.316298,-0.858753,0.403111]],[[0.484132,0.640466,0.59617],[-0.816822,0.0865235,0.570365],[0.313717,-0.763097,0.565036]],[[0.484132,0.640466,0.59617],[-0.866849,0.443825,0.227141],[-0.119119,-0.626755,0.770058]],[[0.484132,0.640466,0.59617],[-0.836773,0.538065,0.101474],[-0.255787,-0.547986,0.79642]]],"btipPosition":[-29.9521,284.328,-59.2122],"carpPosition":[-24.3399,212.042,13.8877],"dipPosition":[-35.9384,271.503,-40.5731],"direction":[0.119119,0.626755,-0.770058],"extended":false,"handId":506,"id":5060,"length":52.1164,"mcpPosition":[-24.3399,212.042,13.8877],"pipPosition":[-39.9999,250.134,-14.3175],"stabilizedTipPosition":[-31.2267,281.272,-54.7722],"timeVisible":29.1853,"tipPosition":[-31.5036,281.892,-54.1824],"tipVelocity":[-14.0019,20.149,-3.29731],"tool":false,"touchDistance":-0.130556,"touchZone":"touching","type":0,"width":20.25},{"bases":[[[0.99003,-0.0253493,-0.138558],[0.12688,0.587703,0.799066],[0.061175,-0.808679,0.58506]],[[0.975269,0.0730626,-0.208595],[0.00513453,0.936037,0.351864],[0.22096,-0.344233,0.912513]],[[0.975269,0.0730626,-0.208595],[-0.0418866,0.987777,0.150142],[0.217015,-0.137691,0.966409]],[[0.975269,0.0730626,-0.208595],[-0.0714578,0.997327,0.0152292],[0.20915,0.0000531602,0.977884]]],"btipPosition":[-35.2542,306.579,-96.8568],"carpPosition":[-12.4419,228.968,25.4558],"dipPosition":[-31.6808,306.579,-80.1491],"direction":[-0.217015,0.137691,-0.966409],"extended":true,"handId":506,"id":5061,"length":58.8075,"mcpPosition":[-16.9425,288.462,-17.5868],"pipPosition":[-26.4355,303.251,-56.7906],"stabilizedTipPosition":[-33.8652,306.34,-93.4577],"timeVisible":29.1853,"tipPosition":[-34.1892,307.941,-92.6743],"tipVelocity":[-26.0504,13.8336,22.0897],"tool":false,"touchDistance":-0.0618222,"touchZone":"touching","type":1,"width":19.3428},{"bases":[[[0.95296,-0.234187,-0.192418],[0.293742,0.55706,0.776789],[-0.0747257,-0.796769,0.599646]],[[0.953236,-0.23117,-0.194686],[0.0998785,0.848929,-0.518984],[0.285248,0.475269,0.832318]],[[0.953236,-0.23117,-0.194686],[-0.279166,-0.426675,-0.860241],[0.115794,0.874362,-0.471257]],[[0.953236,-0.23117,-0.194686],[-0.293642,-0.860853,-0.415579],[-0.0715267,0.453312,-0.888477]]],"btipPosition":[-10.6867,229.435,-27.0734],"carpPosition":[-0.202519,230.136,24.7836],"dipPosition":[-12.0309,237.953,-43.7697],"direction":[-0.115794,-0.874362,0.471257],"extended":false,"handId":506,"id":5062,"length":67.0064,"mcpPosition":[5.01094,285.725,-17.0524],"pipPosition":[-8.73811,262.817,-57.1705],"stabilizedTipPosition":[-8.86645,229.67,-31.5383],"timeVisible":29.1853,"tipPosition":[-11.2903,230.904,-31.5987],"tipVelocity":[-40.7436,24.5625,5.69953],"tool":false,"touchDistance":0.333333,"touchZone":"none","type":2,"width":18.9972},{"bases":[[[0.906703,-0.390208,-0.160084],[0.358544,0.513221,0.779776],[-0.222116,-0.764422,0.605246]],[[0.908414,-0.384213,-0.164817],[0.249069,0.813995,-0.524763],[0.335781,0.435651,0.83514]],[[0.908414,-0.384213,-0.164817],[-0.32442,-0.399172,-0.857562],[0.263696,0.832491,-0.48726]],[[0.908414,-0.384213,-0.164817],[-0.417632,-0.81588,-0.399905],[0.0191783,0.432112,-0.901616]]],"btipPosition":[3.02058,225.712,-22.2437],"carpPosition":[11.773,228.429,22.6388],"dipPosition":[3.37891,233.786,-39.0895],"direction":[-0.263696,-0.832491,0.48726],"extended":false,"handId":506,"id":5063,"length":64.4285,"mcpPosition":[25.6864,276.312,-15.2738],"pipPosition":[10.6838,256.847,-52.5875],"stabilizedTipPosition":[5.53855,226.04,-26.8513],"timeVisible":29.1853,"tipPosition":[2.74512,227.201,-26.9655],"tipVelocity":[-39.157,13.4808,4.98142],"tool":false,"touchDistance":0.333333,"touchZone":"none","type":3,"width":18.077},{"bases":[[[0.803112,-0.555458,-0.215584],[0.474163,0.376717,0.795772],[-0.360804,-0.741316,0.565924]],[[0.830328,-0.491906,-0.261885],[0.346654,0.823871,-0.448406],[0.436333,0.28154,0.854604]],[[0.830328,-0.491906,-0.261885],[-0.416957,-0.236595,-0.877593],[0.369733,0.837885,-0.401555]],[[0.830328,-0.491906,-0.261885],[-0.555267,-0.690426,-0.46367],[0.0472697,0.530415,-0.846419]]],"btipPosition":[19.6024,228.379,-24.0959],"carpPosition":[22.1558,220.879,16.494],"dipPosition":[20.4172,237.521,-38.6854],"direction":[-0.369733,-0.837885,0.401555],"extended":false,"handId":506,"id":5064,"length":50.5107,"mcpPosition":[43.0771,263.864,-16.3212],"pipPosition":[27.6487,253.909,-46.5394],"stabilizedTipPosition":[22.435,229.807,-27.2141],"timeVisible":29.1853,"tipPosition":[19.3337,230.358,-27.8904],"tipVelocity":[-38.8804,-2.3367,-10.0155],"tool":false,"touchDistance":0.333333,"touchZone":"none","type":4,"width":16.0574}],"r":[[0.973306,-0.207147,0.0988238],[0.177142,0.951792,0.250424],[-0.145934,-0.226234,0.963079]],"s":1.21439,"t":[18.6887,-0.266676,-15.2257],"timestamp":97843658720},false],[1,{"currentFrameRate":101.905,"devices":[],"gestures":[],"hands":[{"armBasis":[[0.94782,-0.0488417,-0.315043],[0.188826,0.882218,0.431319],[0.25687,-0.468301,0.845407]],"armWidth":63.72,"confidence":0.42063,"direction":[0.127974,0.869875,-0.476383],"elbow":[74.6408,88.5758,248.191],"grabStrength":0.322954,"id":506,"palmNormal":[-0.140477,-0.459591,-0.876951],"palmPosition":[4.10576,261.37,-9.09833],"palmVelocity":[-13.5228,3.36394,-0.979574],"palmWidth":90.99,"pinchStrength":0.469652,"r":[[0.972448,-0.21347,0.0936811],[0.184276,0.95003,0.251965],[-0.142787,-0.22776,0.963191]],"s":1.21284,"sphereCenter":[1.52909,252.862,-56.5967],"sphereRadius":46.2392,"stabilizedPalmPosition":[6.14713,257.959,-11.2136],"t":[18.5547,-0.255731,-15.2771],"timeVisible":29.195,"type":"right","wrist":[5.28588,215.017,19.9316]}],"id":1801637,"interactionBox":{"center":[0,200,0],"size":[235.247,235.247,147.751]},"pointables":[{"bases":[[[0.545683,0.508723,0.665906],[-0.77725,0.0102312,0.629109],[0.313229,-0.860869,0.400988]],[[0.489261,0.638502,0.594087],[-0.815151,0.0925965,0.5718],[0.310085,-0.76403,0.565779]],[[0.489261,0.638502,0.594087],[-0.863979,0.447799,0.230254],[-0.119014,-0.625932,0.770743]],[[0.489261,0.638502,0.594087],[-0.833464,0.542906,0.102906],[-0.256828,-0.545498,0.797792]]],"btipPosition":[-30.0679,284.431,-59.2949],"carpPosition":[-24.6578,212.184,13.8976],"dipPosition":[-36.0786,271.664,-40.6237],"direction":[0.119014,0.625932,-0.770743],"extended":false,"handId":506,"id":5060,"length":52.1164,"mcpPosition":[-24.6578,212.184,13.8976],"pipPosition":[-40.1365,250.322,-14.3447],"stabilizedTipPosition":[-31.3372,281.382,-54.885],"timeVisible":29.195,"tipPosition":[-31.6377,282.021,-54.24],"tipVelocity":[-13.5845,17.7673,-4.6085],"tool":false,"touchDistance":-0.131811,"touchZone":"touching","type":0,"width":20.25},{"bases":[[[0.989328,-0.0305508,-0.142468],[0.133184,0.586174,0.799163],[0.0590957,-0.809609,0.583987]],[[0.97479,0.0681683,-0.212454],[0.0102319,0.937527,0.347763],[0.222888,-0.34117,0.913195]],[[0.97479,0.0681683,-0.212454],[-0.0376072,0.98876,0.144704],[0.21993,-0.133067,0.966397]],[[0.97479,0.0681683,-0.212454],[-0.0677364,0.99766,0.00931961],[0.212592,0.00530619,0.977127]]],"btipPosition":[-35.4947,306.379,-96.8135],"carpPosition":[-12.6232,229.034,25.4362],"dipPosition":[-31.8625,306.47,-80.1187],"direction":[-0.21993,0.133067,-0.966397],"extended":true,"handId":506,"id":5061,"length":58.8075,"mcpPosition":[-16.9709,288.596,-17.5275],"pipPosition":[-26.5467,303.254,-56.7605],"stabilizedTipPosition":[-34.0794,306.356,-93.3272],"timeVisible":29.195,"tipPosition":[-34.4318,307.79,-92.6263],"tipVelocity":[-25.3042,4.41054,16.8658],"tool":false,"touchDistance":-0.0611507,"touchZone":"touching","type":1,"width":19.3428},{"bases":[[[0.950919,-0.239129,-0.196395],[0.29979,0.554653,0.7762],[-0.0766804,-0.79698,0.599119]],[[0.951204,-0.236088,-0.198678],[0.102444,0.84899,-0.518383],[0.29106,0.472734,0.831749]],[[0.951204,-0.236088,-0.198678],[-0.284945,-0.425028,-0.859161],[0.118394,0.87385,-0.47156]],[[0.951204,-0.236088,-0.198678],[-0.299806,-0.859439,-0.414102],[-0.0729871,0.453461,-0.888283]]],"btipPosition":[-11.055,229.583,-27.0706],"carpPosition":[-0.380498,230.136,24.7172],"dipPosition":[-12.4266,238.105,-43.7632],"direction":[-0.118394,-0.87385,0.47156],"extended":false,"handId":506,"id":5062,"length":67.0064,"mcpPosition":[4.96934,285.74,-17.0821],"pipPosition":[-9.05987,262.954,-57.1727],"stabilizedTipPosition":[-9.22341,229.937,-31.4487],"timeVisible":29.195,"tipPosition":[-11.6667,231.058,-31.5838],"tipVelocity":[-40.1674,21.9086,4.14717],"tool":false,"touchDistance":0.333333,"touchZone":"none","type":2,"width":18.9972},{"bases":[[[0.903947,-0.394932,-0.16404],[0.364365,0.510463,0.778888],[-0.223871,-0.763843,0.60533]],[[0.905669,-0.388949,-0.168767],[0.251507,0.813298,-0.524681],[0.341332,0.432741,0.834403]],[[0.905669,-0.388949,-0.168767],[-0.329915,-0.396474,-0.856717],[0.266307,0.831581,-0.487394]],[[0.905669,-0.388949,-0.168767],[-0.423606,-0.813254,-0.398968],[0.0179272,0.432823,-0.9013]]],"btipPosition":[2.63763,225.755,-22.3333],"carpPosition":[11.5771,228.366,22.5237],"dipPosition":[2.97258,233.842,-39.1732],"direction":[-0.266307,-0.831581,0.487394],"extended":false,"handId":506,"id":5063,"length":64.4285,"mcpPosition":[25.6004,276.213,-15.3942],"pipPosition":[10.3498,256.879,-52.675],"stabilizedTipPosition":[5.2109,226.222,-26.7764],"timeVisible":29.195,"tipPosition":[2.35618,227.252,-27.0364],"tipVelocity":[-39.4586,10.9501,0.866044],"tool":false,"touchDistance":0.333333,"touchZone":"none","type":3,"width":18.077},{"bases":[[[0.799248,-0.559562,-0.219302],[0.479307,0.37332,0.794291],[-0.362585,-0.739948,0.566577]],[[0.826671,-0.495985,-0.265732],[0.349125,0.822478,-0.449045],[0.441278,0.278439,0.85308]],[[0.826671,-0.495985,-0.265732],[-0.421733,-0.233509,-0.876136],[0.3725,0.836345,-0.402208]],[[0.826671,-0.495985,-0.265732],[-0.560744,-0.686973,-0.462205],[0.0466964,0.531099,-0.846022]]],"btipPosition":[19.2256,228.315,-24.2374],"carpPosition":[21.8948,220.767,16.3304],"dipPosition":[20.0305,237.47,-38.8201],"direction":[-0.3725,-0.836345,0.402208],"extended":false,"handId":506,"id":5064,"length":50.5107,"mcpPosition":[42.9194,263.673,-16.5226],"pipPosition":[27.3162,253.828,-46.6868],"stabilizedTipPosition":[22.1292,229.869,-27.2523],"timeVisible":29.195,"tipPosition":[18.9575,230.305,-28.0245],"tipVelocity":[-38.9841,-3.48265,-11.3193],"tool":false,"touchDistance":0.333333,"touchZone":"none","type":4,"width":16.0574}],"r":[[0.972448,-0.21347,0.0936811],[0.184276,0.95003,0.251965],[-0.142787,-0.22776,0.963191]],"s":1.21284,"t":[18.5547,-0.255731,-15.2771],"timestamp":97843668382},false],[2,{"currentFrameRate":102.025,"devices":[],"gestures":[],"hands":[{"armBasis":[[0.946447,-0.0544928,-0.318228],[0.194584,0.882803,0.427546],[0.257635,-0.466571,0.84613]],"armWidth":63.72,"confidence":0.424254,"direction":[0.130498,0.871695,-0.472354],"elbow":[74.5776,89.0115,248.051],"grabStrength":0.329853,"id":506,"palmNormal":[-0.145553,-0.454422,-0.878815],"palmPosition":[3.95867,261.492,-9.19282],"palmVelocity":[-14.0566,6.07697,-3.55123],"palmWidth":90.99,"pinchStrength":0.474663,"r":[[0.971568,-0.219523,0.0886892],[0.191044,0.948145,0.254014],[-0.139852,-0.229849,0.963126]],"s":1.21126,"sphereCenter":[1.42848,253.142,-56.7557],"sphereRadius":46.2341,"stabilizedPalmPosition":[6.04877,258.118,-11.1228],"t":[18.4142,-0.189267,-15.3501],"timeVisible":29.2046,"type":"right","wrist":[5.01624,214.986,19.5957]}],"id":1801638,"interactionBox":{"center":[0,200,0],"size":[235.247,235.247,147.751]},"pointables":[{"bases":[[[0.550284,0.502729,0.666672],[-0.775102,0.0106602,0.631746],[0.31049,-0.864378,0.395532]],[[0.49338,0.63482,0.594626],[-0.813958,0.095934,0.572948],[0.306674,-0.766682,0.564048]],[[0.49338,0.63482,0.594626],[-0.8616,0.450409,0.234043],[-0.11925,-0.627802,0.769184]],[[0.49338,0.63482,0.594626],[-0.830943,0.546075,0.106473],[-0.257119,-0.546632,0.796921]]],"btipPosition":[-30.1853,284.794,-59.3852],"carpPosition":[-24.9603,212.324,13.6473],"dipPosition":[-36.2028,272.001,-40.7344],"direction":[0.11925,0.627802,-0.769184],"extended":false,"handId":506,"id":5060,"length":52.1164,"mcpPosition":[-24.9603,212.324,13.6473],"pipPosition":[-40.2687,250.595,-14.5086],"stabilizedTipPosition":[-31.4501,281.61,-54.9874],"timeVisible":29.2046,"tipPosition":[-31.7648,282.398,-54.3042],"tipVelocity":[-13.2503,23.419,-6.14818],"tool":false,"touchDistance":-0.133395,"touchZone":"touching","type":0,"width":20.25},{"bases":[[[0.988695,-0.0344725,-0.145926],[0.138599,0.581435,0.8017],[0.0572099,-0.812862,0.57964]],[[0.974369,0.0647742,-0.215428],[0.0148125,0.937096,0.348758],[0.224467,-0.34301,0.912117]],[[0.974369,0.0647742,-0.215428],[-0.0335406,0.988775,0.145599],[0.222441,-0.134641,0.965604]],[[0.974369,0.0647742,-0.215428],[-0.0640519,0.997893,0.0103399],[0.215644,0.00372368,0.976465]]],"btipPosition":[-35.7216,306.787,-96.6215],"carpPosition":[-12.8082,229.058,25.2316],"dipPosition":[-32.0372,306.851,-79.938],"direction":[-0.222441,0.134641,-0.965604],"extended":true,"handId":506,"id":5061,"length":58.8075,"mcpPosition":[-17.0171,288.86,-17.4122],"pipPosition":[-26.6607,303.596,-56.599],"stabilizedTipPosition":[-34.2912,306.475,-93.1825],"timeVisible":29.2046,"tipPosition":[-34.6579,308.186,-92.4311],"tipVelocity":[-24.48,15.2714,17.7125],"tool":false,"touchDistance":-0.0579933,"touchZone":"touching","type":1,"width":19.3428},{"bases":[[[0.949123,-0.242588,-0.200791],[0.304977,0.549249,0.77802],[-0.0784541,-0.799673,0.595289]],[[0.949417,-0.239517,-0.203074],[0.104744,0.85121,-0.514266],[0.296035,0.466982,0.833241]],[[0.949417,-0.239517,-0.203074],[-0.289894,-0.419958,-0.859998],[0.120702,0.875367,-0.46815]],[[0.949417,-0.239517,-0.203074],[-0.30513,-0.856443,-0.416414],[-0.0741832,0.457314,-0.886206]]],"btipPosition":[-11.3965,229.903,-27.2512],"carpPosition":[-0.562803,230.107,24.4774],"dipPosition":[-12.7905,238.497,-43.9048],"direction":[-0.120702,-0.875367,0.46815],"extended":false,"handId":506,"id":5062,"length":67.0064,"mcpPosition":[4.91078,285.898,-17.0547],"pipPosition":[-9.3582,263.389,-57.2173],"stabilizedTipPosition":[-9.5707,230.207,-31.3976],"timeVisible":29.2046,"tipPosition":[-12.0144,231.402,-31.7467],"tipVelocity":[-39.0253,25.7445,-2.23698],"tool":false,"touchDistance":0.333333,"touchZone":"none","type":2,"width":18.9972},{"bases":[[[0.901523,-0.398332,-0.169076],[0.369352,0.504742,0.780266],[-0.225465,-0.765877,0.602162]],[[0.903247,-0.392372,-0.173748],[0.253794,0.814947,-0.521009],[0.346025,0.426504,0.83568]],[[0.903247,-0.392372,-0.173748],[-0.334529,-0.390253,-0.857784],[0.268765,0.832914,-0.483755]],[[0.903247,-0.392372,-0.173748],[-0.428781,-0.809139,-0.401797],[0.017068,0.437422,-0.899094]]],"btipPosition":[2.27767,225.964,-22.6227],"carpPosition":[11.379,228.292,22.2349],"dipPosition":[2.59657,234.137,-39.4214],"direction":[-0.268765,-0.832914,0.483755],"extended":false,"handId":506,"id":5063,"length":64.4285,"mcpPosition":[25.5021,276.266,-15.4845],"pipPosition":[10.0419,257.21,-52.8224],"stabilizedTipPosition":[4.89037,226.404,-26.7439],"timeVisible":29.2046,"tipPosition":[1.99579,227.489,-27.2928],"tipVelocity":[-39.0353,14.6853,-7.84237],"tool":false,"touchDistance":0.333333,"touchZone":"none","type":3,"width":18.077},{"bases":[[[0.795866,-0.562183,-0.224829],[0.483695,0.366983,0.794583],[-0.364193,-0.74113,0.563994]],[[0.823503,-0.498317,-0.27115],[0.35126,0.823194,-0.446058],[0.445487,0.272086,0.852942]],[[0.823503,-0.498317,-0.27115],[-0.425863,-0.227223,-0.875791],[0.374811,0.83669,-0.399334]],[[0.823503,-0.498317,-0.27115],[-0.565436,-0.682135,-0.463652],[0.0460854,0.535137,-0.843507]]],"btipPosition":[18.8806,228.441,-24.5444],"carpPosition":[21.6401,220.676,15.9685],"dipPosition":[19.675,237.665,-39.0837],"direction":[-0.374811,-0.83669,0.399334],"extended":false,"handId":506,"id":5064,"length":50.5107,"mcpPosition":[42.7579,263.651,-16.7349],"pipPosition":[27.0058,254.03,-46.8942],"stabilizedTipPosition":[21.8474,229.933,-27.3108],"timeVisible":29.2046,"tipPosition":[18.6118,230.454,-28.3169],"tipVelocity":[-38.2072,1.80701,-17.019],"tool":false,"touchDistance":0.333333,"touchZone":"none","type":4,"width":16.0574}],"r":[[0.971568,-0.219523,0.0886892],[0.191044,0.948145,0.254014],[-0.139852,-0.229849,0.963126]],"s":1.21126,"t":[18.4142,-0.189267,-15.3501],"timestamp":97843677953},false],[3,{"currentFrameRate":102.079,"devices":[],"gestures":[],"hands":[{"armBasis":[[0.944923,-0.0600049,-0.321746],[0.200505,0.883114,0.424155],[0.258687,-0.465306,0.846506]],"armWidth":63.72,"confidence":0.426993,"direction":[0.133153,0.87357,-0.46813],"elbow":[74.5636,89.3491,247.757],"grabStrength":0.335161,"id":506,"palmNormal":[-0.150776,-0.448983,-0.880727],"palmPosition":[3.79016,261.647,-9.33481],"palmVelocity":[-15.0288,8.95439,-6.79495],"palmWidth":90.99,"pinchStrength":0.478897,"r":[[0.970659,-0.225392,0.0837807],[0.197558,0.946137,0.256507],[-0.137083,-0.23243,0.962904]],"s":1.20973,"sphereCenter":[1.26373,253.481,-56.9548],"sphereRadius":46.2253,"stabilizedPalmPosition":[5.94859,258.274,-11.0435],"t":[18.2597,-0.078869,-15.4576],"timeVisible":29.2142,"type":"right","wrist":[4.71816,214.982,19.2006]}],"id":1801639,"interactionBox":{"center":[0,200,0],"size":[235.247,235.247,147.751]},"pointables":[{"bases":[[[0.555012,0.496453,0.667455],[-0.77288,0.0110523,0.634456],[0.307601,-0.867994,0.389832]],[[0.49751,0.631179,0.59506],[-0.812801,0.0995401,0.573974],[0.303048,-0.769224,0.562545]],[[0.49751,0.631179,0.59506],[-0.859161,0.453187,0.237622],[-0.119692,-0.629472,0.767749]],[[0.49751,0.631179,0.59506],[-0.828228,0.549587,0.109509],[-0.257918,-0.547328,0.796185]]],"btipPosition":[-30.3015,285.168,-59.5501],"carpPosition":[-25.2912,212.499,13.3413],"dipPosition":[-36.3377,272.359,-40.9165],"direction":[0.119692,0.629472,-0.767749],"extended":false,"handId":506,"id":5060,"length":52.1164,"mcpPosition":[-25.2912,212.499,13.3413],"pipPosition":[-40.4186,250.896,-14.7396],"stabilizedTipPosition":[-31.5645,281.902,-55.1196],"timeVisible":29.2142,"tipPosition":[-31.8972,282.795,-54.4369],"tipVelocity":[-13.0093,27.7471,-9.44141],"tool":false,"touchDistance":-0.136209,"touchZone":"touching","type":0,"width":20.25},{"bases":[[[0.98801,-0.0385135,-0.149508],[0.144182,0.576441,0.804318],[0.0552055,-0.816231,0.575082]],[[0.9739,0.0613298,-0.218535],[0.0197678,0.936227,0.350839],[0.226115,-0.346002,0.910579]],[[0.9739,0.0613298,-0.218535],[-0.0289787,0.988521,0.148276],[0.22512,-0.138073,0.964498]],[[0.9739,0.0613298,-0.218535],[-0.0598235,0.998118,0.0135093],[0.218952,-0.0000831949,0.975736]]],"btipPosition":[-35.9758,307.364,-96.4395],"carpPosition":[-13.0178,229.11,24.9731],"dipPosition":[-32.2349,307.362,-79.7685],"direction":[-0.22512,0.138073,-0.964498],"extended":true,"handId":506,"id":5061,"length":58.8075,"mcpPosition":[-17.0792,289.16,-17.3355],"pipPosition":[-26.7936,304.025,-56.4562],"stabilizedTipPosition":[-34.5212,306.723,-93.0214],"timeVisible":29.2142,"tipPosition":[-34.9032,308.728,-92.2493],"tipVelocity":[-24.5966,27.7435,17.9367],"tool":false,"touchDistance":-0.0550077,"touchZone":"touching","type":1,"width":19.3428},{"bases":[[[0.947232,-0.246136,-0.205349],[0.310318,0.543571,0.779893],[-0.0803381,-0.802463,0.591268]],[[0.947535,-0.243036,-0.207631],[0.107169,0.853494,-0.509963],[0.301151,0.460956,0.834762]],[[0.947535,-0.243036,-0.207631],[-0.294974,-0.414548,-0.860895],[0.123156,0.876974,-0.464489]],[[0.947535,-0.243036,-0.207631],[-0.310648,-0.853214,-0.418955],[-0.0753321,0.461474,-0.883949]]],"btipPosition":[-11.7671,230.261,-27.4855],"carpPosition":[-0.770048,230.103,24.1824],"dipPosition":[-13.1827,238.933,-44.0967],"direction":[-0.123156,-0.876974,0.464489],"extended":false,"handId":506,"id":5062,"length":67.0064,"mcpPosition":[4.83498,286.089,-17.0692],"pipPosition":[-9.68061,263.871,-57.3051],"stabilizedTipPosition":[-9.91696,230.489,-31.385],"timeVisible":29.2142,"tipPosition":[-12.3911,231.786,-31.9629],"tipVelocity":[-38.9425,29.5508,-8.35591],"tool":false,"touchDistance":0.333333,"touchZone":"none","type":2,"width":18.9972},{"bases":[[[0.898979,-0.401814,-0.174304],[0.374481,0.498739,0.78168],[-0.227158,-0.767988,0.598828]],[[0.900705,-0.395875,-0.178921],[0.256189,0.816634,-0.517181],[0.350852,0.41999,0.836966]],[[0.900705,-0.395875,-0.178921],[-0.339273,-0.383752,-0.858853],[0.271337,0.834277,-0.479957]],[[0.900705,-0.395875,-0.178921],[-0.434127,-0.804813,-0.404733],[0.0162256,0.44222,-0.89676]]],"btipPosition":[1.88847,226.21,-22.9659],"carpPosition":[11.155,228.242,21.8891],"dipPosition":[2.19163,234.473,-39.7209],"direction":[-0.271337,-0.834277,0.479957],"extended":false,"handId":506,"id":5063,"length":64.4285,"mcpPosition":[25.3841,276.349,-15.6214],"pipPosition":[9.70821,257.584,-53.0167],"stabilizedTipPosition":[4.57588,226.587,-26.752],"timeVisible":29.2142,"tipPosition":[1.60609,227.765,-27.6034],"tipVelocity":[-39.4698,18.4392,-15.596],"tool":false,"touchDistance":0.333333,"touchZone":"none","type":3,"width":18.077},{"bases":[[[0.79233,-0.564845,-0.230569],[0.488196,0.360348,0.794867],[-0.365892,-0.74236,0.56127]],[[0.820201,-0.500659,-0.276786],[0.353482,0.823946,-0.442904],[0.4498,0.265432,0.852775]],[[0.820201,-0.500659,-0.276786],[-0.43015,-0.22076,-0.875349],[0.377148,0.837022,-0.396426]],[[0.820201,-0.500659,-0.276786],[-0.570273,-0.677181,-0.464988],[0.0453662,0.539227,-0.840937]]],"btipPosition":[18.5104,228.605,-24.9034],"carpPosition":[21.3572,220.61,15.5468],"dipPosition":[19.2924,237.899,-39.3984],"direction":[-0.377148,-0.837022,0.396426],"extended":false,"handId":506,"id":5064,"length":50.5107,"mcpPosition":[42.5735,263.656,-16.9986],"pipPosition":[26.669,254.271,-47.152],"stabilizedTipPosition":[21.5854,230,-27.3877],"timeVisible":29.2142,"tipPosition":[18.2404,230.641,-28.6612],"tipVelocity":[-38.2877,6.70423,-22.5624],"tool":false,"touchDistance":0.333333,"touchZone":"none","type":4,"width":16.0574}],"r":[[0.970659,-0.225392,0.0837807],[0.197558,0.946137,0.256507],[-0.137083,-0.23243,0.962904]],"s":1.20973,"t":[18.2597,-0.078869,-15.4576],"timestamp":97843687647},false],[4,{"currentFrameRate":102.156,"devices":[],"gestures":[],"hands":[{"armBasis":[[0.943537,-0.0631346,-0.325195],[0.204635,0.883057,0.422296],[0.260505,-0.464999,0.846117]],"armWidth":63.72,"confidence":0.427274,"direction":[0.13506,0.875595,-0.46378],"elbow":[74.8397,89.4595,247.322],"grabStrength":0.339963,"id":506,"palmNormal":[-0.154383,-0.443756,-0.882749],"palmPosition":[3.66911,261.829,-9.41378],"palmVelocity":[-14.3092,11.8445,-7.20118],"palmWidth":90.99,"pinchStrength":0.483423,"r":[[0.969772,-0.230823,0.0791416],[0.20354,0.944081,0.259389],[-0.134589,-0.235439,0.962525]],"s":1.20824,"sphereCenter":[1.24772,253.832,-57.1031],"sphereRadius":46.2289,"stabilizedPalmPosition":[5.85078,258.427,-10.9736],"t":[18.1219,0.0673736,-15.5508],"timeVisible":29.2239,"type":"right","wrist":[4.50347,215.009,18.8703]}],"id":1801640,"interactionBox":{"center":[0,200,0],"size":[235.247,235.247,147.751]},"pointables":[{"bases":[[[0.55828,0.490978,0.668779],[-0.771348,0.010314,0.63633],[0.305526,-0.871111,0.384473]],[[0.499945,0.628516,0.595837],[-0.812587,0.102424,0.57377],[0.299596,-0.771023,0.56193]],[[0.499945,0.628516,0.595837],[-0.857872,0.453756,0.241166],[-0.118788,-0.631722,0.76604]],[[0.499945,0.628516,0.595837],[-0.826299,0.552224,0.110806],[-0.259392,-0.547737,0.795424]]],"btipPosition":[-30.3622,285.506,-59.7159],"carpPosition":[-25.5279,212.66,13.0686],"dipPosition":[-36.4329,272.687,-41.1001],"direction":[0.118788,0.631722,-0.76604],"extended":false,"handId":506,"id":5060,"length":52.1164,"mcpPosition":[-25.5279,212.66,13.0686],"pipPosition":[-40.483,251.148,-14.9816],"stabilizedTipPosition":[-31.6529,282.201,-55.263],"timeVisible":29.2239,"tipPosition":[-31.9706,283.158,-54.5651],"tipVelocity":[-11.2956,29.8025,-11.8231],"tool":false,"touchDistance":-0.139041,"touchZone":"touching","type":0,"width":20.25},{"bases":[[[0.987519,-0.0411007,-0.152045],[0.148048,0.571642,0.807036],[0.0537453,-0.819473,0.570592]],[[0.973596,0.0591305,-0.220487],[0.0231741,0.935278,0.353154],[0.227098,-0.348939,0.909213]],[[0.973596,0.0591305,-0.220487],[-0.0258527,0.988216,0.150865],[0.226809,-0.141181,0.963652]],[[0.973596,0.0591305,-0.220487],[-0.0569214,0.998245,0.0163651],[0.221067,-0.00338256,0.975253]]],"btipPosition":[-36.14,307.917,-96.235],"carpPosition":[-13.1702,229.167,24.7598],"dipPosition":[-32.3629,307.859,-79.5722],"direction":[-0.226809,0.141181,-0.963652],"extended":true,"handId":506,"id":5061,"length":58.8075,"mcpPosition":[-17.1242,289.456,-17.2184],"pipPosition":[-26.8809,304.447,-56.2803],"stabilizedTipPosition":[-34.7375,307.063,-92.843],"timeVisible":29.2239,"tipPosition":[-35.0694,309.251,-92.0432],"tipVelocity":[-22.1443,35.983,18.8328],"tool":false,"touchDistance":-0.0516307,"touchZone":"touching","type":1,"width":19.3428},{"bases":[[[0.945896,-0.248281,-0.208895],[0.314013,0.538333,0.782044],[-0.0817119,-0.805328,0.587171]],[[0.946206,-0.245153,-0.211173],[0.10892,0.855884,-0.505568],[0.304681,0.45537,0.836545]],[[0.946206,-0.245153,-0.211173],[-0.2985,-0.409506,-0.862092],[0.124869,0.878752,-0.460655]],[[0.946206,-0.245153,-0.211173],[-0.314476,-0.850368,-0.421875],[-0.0761503,0.46559,-0.881718]]],"btipPosition":[-12.0257,230.622,-27.6734],"carpPosition":[-0.921002,230.123,23.9455],"dipPosition":[-13.4567,239.371,-44.2427],"direction":[-0.124869,-0.878752,0.460655],"extended":false,"handId":506,"id":5062,"length":67.0064,"mcpPosition":[4.77987,286.309,-17.0203],"pipPosition":[-9.90588,264.36,-57.342],"stabilizedTipPosition":[-10.238,230.771,-31.3981],"timeVisible":29.2239,"tipPosition":[-12.6529,232.172,-32.1334],"tipVelocity":[-35.5227,32.3735,-11.3045],"tool":false,"touchDistance":0.333333,"touchZone":"none","type":2,"width":18.9972},{"bases":[[[0.897181,-0.403957,-0.178567],[0.378025,0.493273,0.78344],[-0.228394,-0.77039,0.595261]],[[0.898907,-0.398034,-0.183129],[0.257957,0.818638,-0.513118],[0.354154,0.414006,0.838555]],[[0.898907,-0.398034,-0.183129],[-0.342519,-0.37776,-0.86022],[0.273218,0.835982,-0.475905]],[[0.898907,-0.398034,-0.183129],[-0.437858,-0.801097,-0.408073],[0.015723,0.447004,-0.894394]]],"btipPosition":[1.61282,226.482,-23.2448],"carpPosition":[10.9921,228.233,21.6142],"dipPosition":[1.90659,234.834,-39.9557],"direction":[-0.273218,-0.835982,0.475905],"extended":false,"handId":506,"id":5063,"length":64.4285,"mcpPosition":[25.2987,276.49,-15.6729],"pipPosition":[9.47526,257.992,-53.1392],"stabilizedTipPosition":[4.28933,226.767,-26.7853],"timeVisible":29.2239,"tipPosition":[1.33243,228.066,-27.8517],"tipVelocity":[-36.3697,21.9058,-19.1708],"tool":false,"touchDistance":0.333333,"touchZone":"none","type":3,"width":18.077},{"bases":[[[0.78984,-0.566319,-0.235448],[0.491295,0.354425,0.795621],[-0.367127,-0.744088,0.558168]],[[0.817905,-0.501768,-0.281532],[0.354988,0.825179,-0.43939],[0.452786,0.259438,0.853039]],[[0.817905,-0.501768,-0.281532],[-0.433132,-0.214889,-0.875339],[0.378719,0.837885,-0.393091]],[[0.817905,-0.501768,-0.281532],[-0.573605,-0.673008,-0.466945],[0.0448249,0.543405,-0.838273]]],"btipPosition":[18.251,228.818,-25.1836],"carpPosition":[21.1532,220.6,15.2072],"dipPosition":[19.0236,238.184,-39.6327],"direction":[-0.378719,-0.837885,0.393091],"extended":false,"handId":506,"id":5064,"length":50.5107,"mcpPosition":[42.4411,263.746,-17.1583],"pipPosition":[26.4309,254.572,-47.3211],"stabilizedTipPosition":[21.3555,230.071,-27.4692],"timeVisible":29.2239,"tipPosition":[17.9811,230.878,-28.9268],"tipVelocity":[-35.0413,11.6845,-24.1365],"tool":false,"touchDistance":0.333333,"touchZone":"none","type":4,"width":16.0574}],"r":[[0.969772,-0.230823,0.0791416],[0.20354,0.944081,0.259389],[-0.134589,-0.235439,0.962525]],"s":1.20824,"t":[18.1219,0.0673736,-15.5508],"timestamp":97843697288},false],[5,{"currentFrameRate":102.237,"devices":[],"gestures":[],"hands":[{"armBasis":[[0.943437,-0.0657898,-0.324959],[0.206842,0.882786,0.421788],[0.25912,-0.465145,0.846461]],"armWidth":63.72,"confidence":0.430184,"direction":[0.135699,0.876298,-0.462263],"elbow":[74.3462,89.4646,247.259],"grabStrength":0.344697,"id":506,"palmNormal":[-0.156634,-0.441735,-0.883366],"palmPosition":[3.57758,261.931,-9.47408],"palmVelocity":[-12.9144,11.4961,-6.92886],"palmWidth":90.99,"pinchStrength":0.487202,"r":[[0.968977,-0.235499,0.0749889],[0.208725,0.942233,0.261975],[-0.132352,-0.238196,0.962157]],"s":1.20697,"sphereCenter":[1.26214,253.961,-57.2038],"sphereRadius":46.2424,"stabilizedPalmPosition":[5.75665,258.572,-10.9115],"t":[18.0073,0.191731,-15.6275],"timeVisible":29.2335,"type":"right","wrist":[4.38377,215.054,18.7149]}],"id":1801641,"interactionBox":{"center":[0,200,0],"size":[235.247,235.247,147.751]},"pointables":[{"bases":[[[0.560239,0.488722,0.668792],[-0.770231,0.010306,0.637681],[0.304757,-0.872379,0.382203]],[[0.501367,0.627762,0.595437],[-0.812238,0.104333,0.57392],[0.298162,-0.771381,0.562201]],[[0.501367,0.627762,0.595437],[-0.857288,0.453476,0.243756],[-0.116996,-0.632672,0.765531]],[[0.501367,0.627762,0.595437],[-0.825812,0.552549,0.112801],[-0.258196,-0.548274,0.795444]]],"btipPosition":[-30.5132,285.674,-59.8207],"carpPosition":[-25.6614,212.766,12.9605],"dipPosition":[-36.5559,272.843,-41.2045],"direction":[0.116996,0.632672,-0.765531],"extended":false,"handId":506,"id":5060,"length":52.1164,"mcpPosition":[-25.6614,212.766,12.9605],"pipPosition":[-40.5449,251.271,-15.1032],"stabilizedTipPosition":[-31.7611,282.427,-55.3824],"timeVisible":29.2335,"tipPosition":[-32.0942,283.318,-54.6646],"tipVelocity":[-12.3776,26.1375,-11.5482],"tool":false,"touchDistance":-0.140786,"touchZone":"touching","type":0,"width":20.25},{"bases":[[[0.987186,-0.042416,-0.153833],[0.150379,0.569782,0.80792],[0.0533825,-0.8207,0.56886]],[[0.973325,0.057905,-0.222004],[0.0247196,0.935527,0.35239],[0.228096,-0.348478,0.90914]],[[0.973325,0.057905,-0.222004],[-0.0246082,0.988393,0.149912],[0.228108,-0.14045,0.963452]],[[0.973325,0.057905,-0.222004],[-0.0558673,0.998319,0.0154531],[0.222525,-0.00263809,0.974923]]],"btipPosition":[-36.2987,308.019,-96.1905],"carpPosition":[-13.2564,229.229,24.6633],"dipPosition":[-32.4967,307.974,-79.5334],"direction":[-0.228108,0.14045,-0.963452],"extended":true,"handId":506,"id":5061,"length":58.8075,"mcpPosition":[-17.1837,289.608,-17.1875],"pipPosition":[-26.9833,304.579,-56.2464],"stabilizedTipPosition":[-34.9414,307.344,-92.6993],"timeVisible":29.2335,"tipPosition":[-35.2359,309.343,-92.0009],"tipVelocity":[-20.3266,28.6908,14.6624],"tool":false,"touchDistance":-0.0509116,"touchZone":"touching","type":1,"width":19.3428},{"bases":[[[0.945125,-0.249414,-0.211025],[0.316246,0.536252,0.782574],[-0.0820224,-0.806366,0.585701]],[[0.945451,-0.246125,-0.213411],[0.109158,0.856594,-0.504313],[0.30693,0.453508,0.836734]],[[0.945451,-0.246125,-0.213411],[-0.300958,-0.409191,-0.861387],[0.124683,0.878627,-0.460943]],[[0.945451,-0.246125,-0.213411],[-0.316301,-0.85032,-0.420606],[-0.0779458,0.465165,-0.881786]]],"btipPosition":[-12.1595,230.839,-27.6864],"carpPosition":[-1.0071,230.166,23.8297],"dipPosition":[-13.6243,239.58,-44.2569],"direction":[-0.124683,-0.878627,0.460943],"extended":false,"handId":506,"id":5062,"length":67.0064,"mcpPosition":[4.71545,286.425,-17.0335],"pipPosition":[-10.0787,264.565,-57.3645],"stabilizedTipPosition":[-10.5247,231.035,-31.4107],"timeVisible":29.2335,"tipPosition":[-12.797,232.393,-32.149],"tipVelocity":[-29.4743,29.4638,-8.4188],"tool":false,"touchDistance":0.333333,"touchZone":"none","type":2,"width":18.9972},{"bases":[[[0.896206,-0.405069,-0.180924],[0.380186,0.491084,0.78377],[-0.228633,-0.771204,0.594114]],[[0.897925,-0.399173,-0.185452],[0.258579,0.819367,-0.511639],[0.356185,0.411459,0.838948]],[[0.897925,-0.399173,-0.185452],[-0.344543,-0.375254,-0.860508],[0.2739,0.836568,-0.474482]],[[0.897925,-0.399173,-0.185452],[-0.439894,-0.799511,-0.408993],[0.0149883,0.448824,-0.893494]]],"btipPosition":[1.4386,226.625,-23.387],"carpPosition":[10.8989,228.261,21.474],"dipPosition":[1.71864,235.011,-40.081],"direction":[-0.2739,-0.836568,0.474482],"extended":false,"handId":506,"id":5063,"length":64.4285,"mcpPosition":[25.2204,276.57,-15.7413],"pipPosition":[9.30622,258.186,-53.2252],"stabilizedTipPosition":[4.03547,226.93,-26.8255],"timeVisible":29.2335,"tipPosition":[1.16003,228.221,-27.9697],"tipVelocity":[-31.1555,20.0944,-17.7746],"tool":false,"touchDistance":0.333333,"touchZone":"none","type":3,"width":18.077},{"bases":[[[0.788501,-0.567141,-0.237943],[0.493248,0.352026,0.795477],[-0.367386,-0.7446,0.557314]],[[0.816686,-0.502297,-0.284116],[0.355277,0.8256,-0.438364],[0.454755,0.257066,0.852711]],[[0.816686,-0.502297,-0.284116],[-0.435175,-0.212703,-0.87486],[0.379007,0.838126,-0.392299]],[[0.816686,-0.502297,-0.284116],[-0.575417,-0.671431,-0.466985],[0.0438011,0.544866,-0.837379]]],"btipPosition":[18.0916,228.926,-25.3263],"carpPosition":[21.0363,220.625,15.0342],"dipPosition":[18.8466,238.318,-39.7601],"direction":[-0.379007,-0.838126,0.392299],"extended":false,"handId":506,"id":5064,"length":50.5107,"mcpPosition":[42.3393,263.8,-17.2818],"pipPosition":[26.2595,254.711,-47.4329],"stabilizedTipPosition":[21.157,230.136,-27.5447],"timeVisible":29.2335,"tipPosition":[17.8199,230.996,-29.0615],"tipVelocity":[-29.7936,11.7347,-21.3242],"tool":false,"touchDistance":0.333333,"touchZone":"none","type":4,"width":16.0574}],"r":[[0.968977,-0.235499,0.0749889],[0.208725,0.942233,0.261975],[-0.132352,-0.238196,0.962157]],"s":1.20697,"t":[18.0073,0.191731,-15.6275],"timestamp":97843706914},false],[6,{"currentFrameRate":102.319,"devices":[],"gestures":[],"hands":[{"armBasis":[[0.942222,-0.0687795,-0.327852],[0.210874,0.882231,0.420953],[0.260288,-0.465767,0.845761]],"armWidth":63.72,"confidence":0.409052,"direction":[0.136385,0.876363,-0.461939],"elbow":[74.5198,89.403,246.854],"grabStrength":0.352019,"id":506,"palmNormal":[-0.16117,-0.440455,-0.883189],"palmPosition":[3.45954,262.066,-9.64254],"palmVelocity":[-12.7283,12.2408,-10.0034],"palmWidth":90.99,"pinchStrength":0.491764,"r":[[0.968237,-0.239775,0.0708834],[0.213591,0.940563,0.264047],[-0.129982,-0.24052,0.961902]],"s":1.2057,"sphereCenter":[1.20049,254.049,-57.4105],"sphereRadius":46.259,"stabilizedPalmPosition":[5.66884,258.705,-10.863],"t":[17.8909,0.321522,-15.7502],"timeVisible":29.2431,"type":"right","wrist":[4.24192,215.16,18.4988]}],"id":1801642,"interactionBox":{"center":[0,200,0],"size":[235.247,235.247,147.751]},"pointables":[{"bases":[[[0.564094,0.486533,0.667146],[-0.767801,0.0118222,0.64058],[0.303776,-0.873582,0.380229]],[[0.504958,0.626546,0.593681],[-0.810414,0.107432,0.575923],[0.297062,-0.771944,0.562011]],[[0.504958,0.626546,0.593681],[-0.85546,0.454854,0.247581],[-0.114918,-0.632888,0.765668]],[[0.504958,0.626546,0.593681],[-0.824077,0.55454,0.115683],[-0.256739,-0.547654,0.796342]]],"btipPosition":[-30.7327,285.89,-59.9423],"carpPosition":[-25.8308,212.961,12.8551],"dipPosition":[-36.7413,273.073,-41.305],"direction":[0.114918,0.632888,-0.765668],"extended":false,"handId":506,"id":5060,"length":52.1164,"mcpPosition":[-25.8308,212.961,12.8551],"pipPosition":[-40.6595,251.494,-15.1991],"stabilizedTipPosition":[-31.9064,282.638,-55.4947],"timeVisible":29.2431,"tipPosition":[-32.2981,283.53,-54.7836],"tipVelocity":[-15.1737,25.16,-11.7181],"tool":false,"touchDistance":-0.142731,"touchZone":"touching","type":0,"width":20.25},{"bases":[[[0.986481,-0.0449944,-0.15758],[0.154986,0.568591,0.807888],[0.0532481,-0.821389,0.567878]],[[0.972713,0.0550891,-0.225377],[0.0278473,0.936659,0.349135],[0.230335,-0.345884,0.909566]],[[0.972713,0.0550891,-0.225377],[-0.0222424,0.98907,0.145762],[0.230944,-0.136772,0.963306]],[[0.972713,0.0550891,-0.225377],[-0.0539909,0.99848,0.0110378],[0.225643,0.00143169,0.974209]]],"btipPosition":[-36.587,307.949,-96.2573],"carpPosition":[-13.3365,229.378,24.5268],"dipPosition":[-32.7317,307.974,-79.6123],"direction":[-0.230944,0.136772,-0.963306],"extended":true,"handId":506,"id":5061,"length":58.8075,"mcpPosition":[-17.254,289.808,-17.2517],"pipPosition":[-27.1497,304.668,-56.3288],"stabilizedTipPosition":[-35.1788,307.535,-92.6147],"timeVisible":29.2431,"tipPosition":[-35.5331,309.304,-92.0652],"tipVelocity":[-22.7583,18.7274,8.30464],"tool":false,"touchDistance":-0.052071,"touchZone":"touching","type":1,"width":19.3428},{"bases":[[[0.943633,-0.251821,-0.21481],[0.320662,0.534627,0.781889],[-0.0820525,-0.806697,0.585241]],[[0.943973,-0.248387,-0.217297],[0.10936,0.856663,-0.504152],[0.311375,0.452142,0.835831]],[[0.943973,-0.248387,-0.217297],[-0.305591,-0.409261,-0.85972],[0.124612,0.877957,-0.462237]],[[0.943973,-0.248387,-0.217297],[-0.319946,-0.850234,-0.418015],[-0.0809239,0.464118,-0.882069]]],"btipPosition":[-12.3945,231.083,-27.7502],"carpPosition":[-1.0879,230.282,23.6481],"dipPosition":[-13.9152,239.804,-44.326],"direction":[-0.124612,-0.877957,0.462237],"extended":false,"handId":506,"id":5062,"length":67.0064,"mcpPosition":[4.63674,286.564,-17.183],"pipPosition":[-10.3717,264.77,-57.4704],"stabilizedTipPosition":[-10.7961,231.286,-31.4293],"timeVisible":29.2431,"tipPosition":[-13.0481,232.639,-32.2129],"tipVelocity":[-28.3988,28.1322,-7.93844],"tool":false,"touchDistance":0.333333,"touchZone":"none","type":2,"width":18.9972},{"bases":[[[0.894397,-0.407369,-0.184672],[0.384482,0.489281,0.782801],[-0.228532,-0.771138,0.594238]],[[0.896106,-0.401504,-0.189178],[0.259076,0.819259,-0.51156],[0.360379,0.409401,0.838163]],[[0.896106,-0.401504,-0.189178],[-0.348733,-0.373269,-0.859684],[0.274552,0.836341,-0.474506]],[[0.896106,-0.401504,-0.189178],[-0.443651,-0.797855,-0.408168],[0.0129445,0.449691,-0.89309]]],"btipPosition":[1.17003,226.789,-23.5947],"carpPosition":[10.8038,228.347,21.2459],"dipPosition":[1.41189,235.191,-40.2812],"direction":[-0.274552,-0.83634,0.474506],"extended":false,"handId":506,"id":5063,"length":64.4285,"mcpPosition":[25.1191,276.651,-15.9771],"pipPosition":[9.01753,258.359,-53.4259],"stabilizedTipPosition":[3.80125,227.079,-26.8761],"timeVisible":29.2431,"tipPosition":[0.885547,228.393,-28.1556],"tipVelocity":[-30.4831,19.3071,-18.8317],"tool":false,"touchDistance":0.333333,"touchZone":"none","type":3,"width":18.077},{"bases":[[[0.786031,-0.569088,-0.24144],[0.497202,0.349901,0.793952],[-0.367349,-0.744116,0.557985]],[[0.814354,-0.503929,-0.287893],[0.3554,0.82517,-0.439073],[0.458822,0.255243,0.851077]],[[0.814354,-0.503929,-0.287893],[-0.43947,-0.211436,-0.873018],[0.379069,0.837466,-0.393646]],[[0.814354,-0.503929,-0.287893],[-0.578904,-0.670093,-0.464592],[0.0412063,0.545005,-0.83742]]],"btipPosition":[17.8487,229.037,-25.5538],"carpPosition":[20.8959,220.688,14.7608],"dipPosition":[18.5589,238.431,-39.9882],"direction":[-0.379069,-0.837466,0.393646],"extended":false,"handId":506,"id":5064,"length":50.5107,"mcpPosition":[42.1967,263.836,-17.594],"pipPosition":[25.9731,254.811,-47.6874],"stabilizedTipPosition":[20.9794,230.196,-27.6198],"timeVisible":29.2431,"tipPosition":[17.5679,231.112,-29.2866],"tipVelocity":[-28.7873,11.684,-22.0041],"tool":false,"touchDistance":0.333333,"touchZone":"none","type":4,"width":16.0574}],