{"sensorType":"Leap","data":[[0,{"currentFrameRate":99.0219,"devices":[],"gestures":[],"hands":[{"armBasis":[[0.920216,-0.106361,-0.376683],[0.253807,0.894767,0.367388],[0.297967,-0.433681,0.850374]],"armWidth":63.72,"confidence":0.425465,"direction":[0.12774,0.815111,-0.565046],"elbow":[85.9016,83.2498,255.688],"grabStrength":0.210967,"id":506,"palmNormal":[-0.219866,-0.532265,-0.817528],"palmPosition":[4.02637,243.803,-7.1094],"palmVelocity":[-4.88862,-14.3196,1.13216],"palmWidth":90.99,"pinchStrength":0.360777,"r":[[0.96231,-0.270012,0.0324578],[0.262485,0.953382,0.148875],[-0.0711428,-0.134744,0.988323]],"s":1.20917,"sphereCenter":[-5.11573,231.772,-53.4708],"sphereRadius":46.1889,"stabilizedPalmPosition":[9.32706,247.717,-13.2767],"t":[18.3844,-17.6634,-13.3645],"timeVisible":27.7988,"type":"right","wrist":[5.45042,200.344,26.087]}],"id":1801497,"interactionBox":{"center":[0,200,0],"size":[235.247,235.247,147.751]},"pointables":[{"bases":[[[0.610751,0.543113,0.576205],[-0.729866,0.103956,0.67564],[0.307048,-0.8332,0.459891]],[[0.55756,0.662368,0.500396],[-0.763036,0.171503,0.623188],[0.32696,-0.729285,0.601033]],[[0.55756,0.662368,0.500396],[-0.819289,0.536192,0.203133],[-0.133759,-0.523228,0.84163]],[[0.55756,0.662368,0.500396],[-0.778343,0.626707,0.0376959],[-0.288633,-0.410497,0.864976]]],"btipPosition":[-29.9377,262.176,-56.5796],"carpPosition":[-24.9323,198.325,22.362],"dipPosition":[-36.6928,252.569,-36.336],"direction":[0.133759,0.523228,-0.84163],"extended":false,"handId":506,"id":5060,"length":52.1164,"mcpPosition":[-24.9323,198.325,22.362],"pipPosition":[-41.2534,234.729,-7.64014],"stabilizedTipPosition":[-30.203,260.759,-52.8602],"timeVisible":27.7988,"tipPosition":[-31.5827,260.314,-51.5879],"tipVelocity":[-5.88527,-7.8964,-7.00367],"tool":false,"touchDistance":-0.0555231,"touchZone":"touching","type":0,"width":20.25},{"bases":[[[0.974849,-0.0885606,-0.204517],[0.212026,0.651269,0.728624],[0.0686682,-0.753661,0.653666]],[[0.965078,-0.0221591,-0.261026],[0.10598,0.944261,0.311673],[0.23957,-0.328452,0.913633]],[[0.965078,-0.0221591,-0.261026],[0.0645283,0.985822,0.154888],[0.253893,-0.166323,0.952825]],[[0.965078,-0.0221591,-0.261026],[0.035916,0.998199,0.0480507],[0.259491,-0.0557477,0.964135]]],"btipPosition":[-37.3807,290.14,-95.4407],"carpPosition":[-11.466,215.61,31.4041],"dipPosition":[-32.9471,289.188,-78.9679],"direction":[-0.253893,0.166323,-0.952825],"extended":true,"handId":506,"id":5061,"length":58.8075,"mcpPosition":[-16.5179,271.057,-16.6858],"pipPosition":[-26.8104,285.168,-55.9377],"stabilizedTipPosition":[-36.2631,290.082,-91.9477],"timeVisible":27.7988,"tipPosition":[-36.0504,290.515,-91.5282],"tipVelocity":[2.00273,-0.566577,6.4402],"tool":false,"touchDistance":-0.0222655,"touchZone":"touching","type":1,"width":19.3428},{"bases":[[[0.924639,-0.299288,-0.23552],[0.375239,0.610216,0.697733],[-0.0651049,-0.733527,0.676534]],[[0.923868,-0.307324,-0.228078],[0.111749,0.786608,-0.607256],[0.366032,0.535537,0.761065]],[[0.923868,-0.307324,-0.228078],[-0.342202,-0.396514,-0.851865],[0.171362,0.86506,-0.471494]],[[0.923868,-0.307324,-0.228078],[-0.379913,-0.808387,-0.44964],[-0.0461905,0.502058,-0.8636]]],"btipPosition":[-16.3767,207.414,-24.4796],"carpPosition":[0.728906,216.084,29.7682],"dipPosition":[-17.2447,216.848,-40.7083],"direction":[-0.171362,-0.86506,0.471494],"extended":false,"handId":506,"id":5062,"length":67.0064,"mcpPosition":[5.27115,267.261,-17.4323],"pipPosition":[-12.3717,241.448,-54.1159],"stabilizedTipPosition":[-10.9564,211.516,-33.7305],"timeVisible":27.7988,"tipPosition":[-16.8122,209.275,-28.6787],"tipVelocity":[-7.73619,-6.46199,-2.51839],"tool":false,"touchDistance":0.333333,"touchZone":"none","type":2,"width":18.9972},{"bases":[[[0.874044,-0.449114,-0.185319],[0.438075,0.56358,0.700334],[-0.210088,-0.693307,0.68934]],[[0.872959,-0.452651,-0.181794],[0.261326,0.748672,-0.60926],[0.411886,0.484352,0.77185]],[[0.872959,-0.452651,-0.181794],[-0.354805,-0.333463,-0.87345],[0.334746,0.826988,-0.451703]],[[0.872959,-0.452651,-0.181794],[-0.480215,-0.732051,-0.483213],[0.0856442,0.509126,-0.85642]]],"btipPosition":[-3.69265,202.943,-22.1896],"carpPosition":[12.4237,213.576,26.9622],"dipPosition":[-2.09247,212.455,-38.1909],"direction":[-0.334746,-0.826988,0.451703],"extended":false,"handId":506,"id":5063,"length":64.4285,"mcpPosition":[25.5836,257.005,-16.2181],"pipPosition":[7.18067,235.364,-50.704],"stabilizedTipPosition":[1.79029,207.633,-29.7218],"timeVisible":27.7988,"tipPosition":[-3.5666,204.818,-26.2743],"tipVelocity":[-9.40955,-9.65813,-5.06273],"tool":false,"touchDistance":0.333333,"touchZone":"none","type":3,"width":18.077},{"bases":[[[0.759376,-0.613243,-0.217441],[0.548394,0.423385,0.721116],[-0.350158,-0.666842,0.657807]],[[0.777128,-0.57645,-0.252542],[0.366568,0.740788,-0.562904],[0.511566,0.344875,0.786995]],[[0.777128,-0.57645,-0.252542],[-0.434622,-0.201356,-0.877815],[0.455166,0.791935,-0.407017]],[[0.777128,-0.57645,-0.252542],[-0.613163,-0.603108,-0.510189],[0.141788,0.551331,-0.82215]]],"btipPosition":[12.8435,206.454,-22.9867],"carpPosition":[21.9745,204.974,20.852],"dipPosition":[15.2874,215.957,-37.1579],"direction":[-0.455166,-0.791935,0.407017],"extended":false,"handId":506,"id":5064,"length":50.5107,"mcpPosition":[42.2785,243.641,-17.2911],"pipPosition":[24.1899,231.446,-45.1186],"stabilizedTipPosition":[17.8644,211.474,-28.7974],"timeVisible":27.7988,"tipPosition":[13.1675,208.648,-26.5003],"tipVelocity":[-10.2299,-12.591,-4.74508],"tool":false,"touchDistance":0.333333,"touchZone":"none","type":4,"width":16.0574}],"r":[[0.96231,-0.270012,0.0324578],[0.262485,0.953382,0.148875],[-0.0711428,-0.134744,0.988323]],"s":1.20917,"t":[18.3844,-17.6634,-13.3645],"timestamp":97842272186},false],[1,{"currentFrameRate":99.1682,"devices":[],"gestures":[],"hands":[{"armBasis":[[0.919295,-0.109053,-0.378159],[0.256434,0.894863,0.365325],[0.298561,-0.432815,0.850607]],"armWidth":63.72,"confidence":0.430035,"direction":[0.130026,0.81575,-0.5636],"elbow":[85.929,83.2228,255.674],"grabStrength":0.211279,"id":506,"palmNormal":[-0.221572,-0.530145,-0.818445],"palmPosition":[4.01489,243.606,-7.10773],"palmVelocity":[-3.79252,-16.0311,0.848614],"palmWidth":90.99,"pinchStrength":0.363027,"r":[[0.961938,-0.271392,0.0319522],[0.263822,0.952797,0.150253],[-0.0712214,-0.136105,0.988131]],"s":1.20902,"sphereCenter":[-5.02774,231.63,-53.516],"sphereRadius":46.1975,"stabilizedPalmPosition":[9.19443,247.615,-13.1227],"t":[18.3572,-17.8362,-13.3512],"timeVisible":27.8086,"type":"right","wrist":[5.31759,200.083,26.01]}],"id":1801498,"interactionBox":{"center":[0,200,0],"size":[235.247,235.247,147.751]},"pointables":[{"bases":[[[0.612443,0.540282,0.577069],[-0.729437,0.104876,0.675961],[0.304689,-0.834923,0.458332]],[[0.558721,0.661465,0.500294],[-0.763613,0.174912,0.621531],[0.323613,-0.729294,0.602831]],[[0.558721,0.661465,0.500294],[-0.818524,0.536971,0.204157],[-0.133601,-0.52357,0.841442]],[[0.558721,0.661465,0.500294],[-0.778345,0.626502,0.0409128],[-0.286373,-0.412261,0.864888]]],"btipPosition":[-29.9682,262.064,-56.7358],"carpPosition":[-25.0716,198.16,22.2871],"dipPosition":[-36.6704,252.416,-36.4943],"direction":[0.133601,0.52357,-0.841442],"extended":false,"handId":506,"id":5060,"length":52.1164,"mcpPosition":[-25.0716,198.16,22.2871],"pipPosition":[-41.2256,234.564,-7.80482],"stabilizedTipPosition":[-30.3262,260.673,-52.7866],"timeVisible":27.8086,"tipPosition":[-31.5726,260.211,-51.6904],"tipVelocity":[-4.70146,-9.21754,-9.65546],"tool":false,"touchDistance":-0.0581348,"touchZone":"touching","type":0,"width":20.25},{"bases":[[[0.974548,-0.0910472,-0.204857],[0.214064,0.649331,0.729757],[0.0665776,-0.755036,0.652295]],[[0.96496,-0.0245098,-0.261249],[0.108753,0.943445,0.313184],[0.238798,-0.330621,0.913053]],[[0.96496,-0.0245098,-0.261249],[0.0674604,0.985334,0.156733],[0.253576,-0.168865,0.952462]],[[0.96496,-0.0245098,-0.261249],[0.0389137,0.997986,0.0501046],[0.259494,-0.0585151,0.96397]]],"btipPosition":[-37.2732,290.222,-95.3496],"carpPosition":[-11.5531,215.389,31.3578],"dipPosition":[-32.8396,289.223,-78.8796],"direction":[-0.253576,0.168865,-0.952462],"extended":true,"handId":506,"id":5061,"length":58.8075,"mcpPosition":[-16.4512,270.937,-16.6313],"pipPosition":[-26.7105,285.141,-55.8582],"stabilizedTipPosition":[-36.2623,290.075,-91.9168],"timeVisible":27.8086,"tipPosition":[-35.9432,290.581,-91.437],"tipVelocity":[4.64854,1.74393,7.26442],"tool":false,"touchDistance":-0.0207577,"touchZone":"touching","type":1,"width":19.3428},{"bases":[[[0.923716,-0.30157,-0.23623],[0.377151,0.607856,0.698762],[-0.0671319,-0.734551,0.675224]],[[0.922927,-0.309577,-0.228839],[0.113874,0.787357,-0.605889],[0.367748,0.533133,0.761926]],[[0.922927,-0.309577,-0.228839],[-0.343616,-0.394405,-0.852275],[0.17359,0.865221,-0.470383]],[[0.922927,-0.309577,-0.228839],[-0.382315,-0.806801,-0.450452],[-0.0451777,0.503223,-0.862975]]],"btipPosition":[-16.4863,207.321,-24.5207],"carpPosition":[0.642871,215.83,29.7205],"dipPosition":[-17.3353,216.777,-40.7377],"direction":[-0.17359,-0.865221,0.470383],"extended":false,"handId":506,"id":5062,"length":67.0064,"mcpPosition":[5.32653,267.078,-17.3886],"pipPosition":[-12.3991,241.381,-54.1137],"stabilizedTipPosition":[-11.1237,211.457,-33.5703],"timeVisible":27.8086,"tipPosition":[-16.9173,209.192,-28.7144],"tipVelocity":[-8.62525,-7.2012,-2.93185],"tool":false,"touchDistance":0.333333,"touchZone":"none","type":2,"width":18.9972},{"bases":[[[0.872692,-0.451338,-0.186289],[0.43985,0.561032,0.701267],[-0.211994,-0.693929,0.688128]],[[0.871596,-0.454879,-0.182769],[0.263421,0.749011,-0.60794],[0.413436,0.481733,0.77266]],[[0.871596,-0.454879,-0.182769],[-0.355985,-0.330965,-0.873921],[0.337038,0.826769,-0.450398]],[[0.871596,-0.454879,-0.182769],[-0.482464,-0.72988,-0.484255],[0.0868776,0.510254,-0.855624]]],"btipPosition":[-3.82294,202.801,-22.2553],"carpPosition":[12.3297,213.293,26.9078],"dipPosition":[-2.19972,212.334,-38.2418],"direction":[-0.337038,-0.826769,0.450398],"extended":false,"handId":506,"id":5063,"length":64.4285,"mcpPosition":[25.6091,256.761,-16.1966],"pipPosition":[7.13691,235.237,-50.7187],"stabilizedTipPosition":[1.65379,207.564,-29.623],"timeVisible":27.8086,"tipPosition":[-3.69093,204.684,-26.3341],"tipVelocity":[-10.3974,-10.9374,-5.44606],"tool":false,"touchDistance":0.333333,"touchZone":"none","type":3,"width":18.077},{"bases":[[[0.757538,-0.615072,-0.218686],[0.549762,0.420476,0.721776],[-0.351992,-0.666998,0.65667]],[[0.775347,-0.578367,-0.253633],[0.368708,0.740619,-0.561728],[0.51273,0.342017,0.787485]],[[0.775347,-0.578367,-0.253633],[-0.435299,-0.19846,-0.878139],[0.45755,0.791269,-0.405637]],[[0.775347,-0.578367,-0.253633],[-0.615025,-0.600272,-0.511291],[0.143464,0.552418,-0.821128]]],"btipPosition":[12.7128,206.258,-23.0542],"carpPosition":[21.8542,204.674,20.7803],"dipPosition":[15.1857,215.78,-37.2079],"direction":[-0.45755,-0.791269,0.405637],"extended":false,"handId":506,"id":5064,"length":50.5107,"mcpPosition":[42.2646,243.35,-17.2968],"pipPosition":[24.1348,231.256,-45.1416],"stabilizedTipPosition":[17.7341,211.388,-28.7267],"timeVisible":27.8086,"tipPosition":[13.0485,208.458,-26.5608],"tipVelocity":[-10.9455,-14.6333,-5.25847],"tool":false,"touchDistance":0.333333,"touchZone":"none","type":4,"width":16.0574}],"r":[[0.961938,-0.271392,0.0319522],[0.263822,0.952797,0.150253],[-0.0712214,-0.136105,0.988131]],"s":1.20902,"t":[18.3572,-17.8362,-13.3512],"timestamp":97842281982},false],[2,{"currentFrameRate":99.3298,"devices":[],"gestures":[],"hands":[{"armBasis":[[0.919101,-0.109255,-0.378573],[0.256774,0.894836,0.365151],[0.298866,-0.432818,0.850498]],"armWidth":63.72,"confidence":0.434455,"direction":[0.130457,0.815661,-0.563629],"elbow":[85.9506,82.996,255.734],"grabStrength":0.21393,"id":506,"palmNormal":[-0.221695,-0.530095,-0.818444],"palmPosition":[3.97753,243.379,-7.02097],"palmVelocity":[-3.80401,-18.1628,3.21299],"palmWidth":90.99,"pinchStrength":0.365582,"r":[[0.961615,-0.272579,0.0315747],[0.26497,0.952304,0.151351],[-0.0713238,-0.137175,0.987976]],"s":1.20885,"sphereCenter":[-4.91908,231.34,-53.4591],"sphereRadius":46.2042,"stabilizedPalmPosition":[9.0674,247.511,-12.9741],"t":[18.3249,-18.0362,-13.3012],"timeVisible":27.8183,"type":"right","wrist":[5.2568,199.857,26.0994]}],"id":1801499,"interactionBox":{"center":[0,200,0],"size":[235.247,235.247,147.751]},"pointables":[{"bases":[[[0.612603,0.540047,0.57712],[-0.729481,0.105234,0.675858],[0.304263,-0.83503,0.45842]],[[0.558308,0.662444,0.499459],[-0.764542,0.177067,0.619776],[0.32213,-0.727884,0.605325]],[[0.558308,0.662444,0.499459],[-0.818959,0.536324,0.204114],[-0.132658,-0.522995,0.841949]],[[0.558308,0.662444,0.499459],[-0.779603,0.624813,0.0427561],[-0.283745,-0.413251,0.865282]]],"btipPosition":[-30.0489,261.784,-56.8013],"carpPosition":[-25.1327,197.947,22.3725],"dipPosition":[-36.6896,252.113,-36.5506],"direction":[0.132658,0.522995,-0.841949],"extended":false,"handId":506,"id":5060,"length":52.1164,"mcpPosition":[-25.1327,197.947,22.3725],"pipPosition":[-41.2126,234.281,-7.84382],"stabilizedTipPosition":[-30.4349,260.576,-52.7307],"timeVisible":27.8183,"tipPosition":[-31.6169,259.932,-51.7194],"tipVelocity":[-5.32622,-15.0897,-8.72805],"tool":false,"touchDistance":-0.0591907,"touchZone":"touching","type":0,"width":20.25},{"bases":[[[0.974535,-0.0914849,-0.204722],[0.214251,0.649279,0.729749],[0.0661607,-0.755028,0.652346]],[[0.964973,-0.0248917,-0.261165],[0.108709,0.943941,0.311701],[0.238765,-0.329174,0.913584]],[[0.964973,-0.0248917,-0.261165],[0.0676557,0.985428,0.156059],[0.253474,-0.168262,0.952596]],[[0.964973,-0.0248917,-0.261165],[0.039295,0.997972,0.0500732],[0.259389,-0.0585818,0.963995]]],"btipPosition":[-37.2916,289.928,-95.2936],"carpPosition":[-11.6079,215.171,31.4441],"dipPosition":[-32.8598,288.927,-78.8232],"direction":[-0.253474,0.168262,-0.952596],"extended":true,"handId":506,"id":5061,"length":58.8075,"mcpPosition":[-16.4753,270.718,-16.5488],"pipPosition":[-26.7333,284.86,-55.7985],"stabilizedTipPosition":[-36.2631,290.048,-91.8871],"timeVisible":27.8183,"tipPosition":[-35.9693,290.293,-91.3768],"tipVelocity":[2.71373,-7.64142,6.82087],"tool":false,"touchDistance":-0.0198226,"touchZone":"touching","type":1,"width":19.3428},{"bases":[[[0.923615,-0.301988,-0.23609],[0.377324,0.607731,0.698777],[-0.0675428,-0.734484,0.675257]],[[0.922829,-0.309929,-0.228759],[0.114191,0.787262,-0.605952],[0.367896,0.533068,0.7619]],[[0.922829,-0.309929,-0.228759],[-0.343797,-0.394795,-0.852022],[0.173753,0.864917,-0.470881]],[[0.922829,-0.309929,-0.228759],[-0.382547,-0.807051,-0.449806],[-0.0452121,0.502605,-0.863333]]],"btipPosition":[-16.5232,207.116,-24.4129],"carpPosition":[0.588471,215.607,29.8084],"dipPosition":[-17.3728,216.561,-40.6367],"direction":[-0.173753,-0.864917,0.470881],"extended":false,"handId":506,"id":5062,"length":67.0064,"mcpPosition":[5.3008,266.85,-17.303],"pipPosition":[-12.4319,241.156,-54.0268],"stabilizedTipPosition":[-11.2859,211.394,-33.4131],"timeVisible":27.8183,"tipPosition":[-16.9538,208.987,-28.6055],"tipVelocity":[-7.20681,-11.3384,1.12877],"tool":false,"touchDistance":0.333333,"touchZone":"none","type":2,"width":18.9972},{"bases":[[[0.872519,-0.45173,-0.186148],[0.440002,0.560879,0.701294],[-0.212389,-0.693797,0.68814]],[[0.871421,-0.455272,-0.182626],[0.263841,0.748872,-0.60793],[0.413537,0.481579,0.772702]],[[0.871421,-0.455272,-0.182626],[-0.356058,-0.330971,-0.873888],[0.337413,0.82655,-0.450518]],[[0.871421,-0.455272,-0.182626],[-0.482738,-0.729804,-0.484097],[0.0871148,0.510013,-0.855744]]],"btipPosition":[-3.87269,202.581,-22.1627],"carpPosition":[12.2746,213.065,26.9974],"dipPosition":[-2.24504,212.11,-38.1515],"direction":[-0.337413,-0.82655,0.450518],"extended":false,"handId":506,"id":5063,"length":64.4285,"mcpPosition":[25.5787,256.524,-16.1077],"pipPosition":[7.10198,235.007,-50.6317],"stabilizedTipPosition":[1.5184,207.491,-29.5236],"timeVisible":27.8183,"tipPosition":[-3.73812,204.465,-26.239],"tipVelocity":[-8.81147,-14.3701,-1.07269],"tool":false,"touchDistance":0.333333,"touchZone":"none","type":3,"width":18.077},{"bases":[[[0.757298,-0.615416,-0.21855],[0.54985,0.420277,0.721826],[-0.352371,-0.666806,0.656661]],[[0.775085,-0.578814,-0.253411],[0.369123,0.74029,-0.561889],[0.512827,0.341972,0.787441]],[[0.775085,-0.578814,-0.253411],[-0.435234,-0.198334,-0.8782],[0.458054,0.790973,-0.405646]],[[0.775085,-0.578814,-0.253411],[-0.615228,-0.599929,-0.511449],[0.144006,0.552322,-0.821098]]],"btipPosition":[12.6541,206.023,-22.9612],"carpPosition":[21.7961,204.441,20.8717],"dipPosition":[15.1363,215.543,-37.1143],"direction":[-0.458054,-0.790973,0.405646],"extended":false,"handId":506,"id":5064,"length":50.5107,"mcpPosition":[42.2285,243.106,-17.205],"pipPosition":[24.0953,231.014,-45.0483],"stabilizedTipPosition":[17.6056,211.297,-28.6551],"timeVisible":27.8183,"tipPosition":[12.9975,208.224,-26.4658],"tipVelocity":[-9.4348,-17.4364,-0.907375],"tool":false,"touchDistance":0.333333,"touchZone":"none","type":4,"width":16.0574}],"r":[[0.961615,-0.272579,0.0315747],[0.26497,0.952304,0.151351],[-0.0713238,-0.137175,0.987976]],"s":1.20885,"t":[18.3249,-18.0362,-13.3012],"timestamp":97842291732},false],[3,{"currentFrameRate":99.441,"devices":[],"gestures":[],"hands":[{"armBasis":[[0.918847,-0.109849,-0.379016],[0.257471,0.894753,0.364863],[0.299046,-0.432839,0.850424]],"armWidth":63.72,"confidence":0.438091,"direction":[0.130633,0.815442,-0.563905],"elbow":[85.962,82.815,255.773],"grabStrength":0.218846,"id":506,"palmNormal":[-0.222414,-0.530178,-0.818195],"palmPosition":[3.94818,243.196,-6.97272],"palmVelocity":[-3.56121,-18.2953,3.71359],"palmWidth":90.99,"pinchStrength":0.368474,"r":[[0.961328,-0.273636,0.0311875],[0.266012,0.951886,0.152152],[-0.0713213,-0.137972,0.987865]],"s":1.20861,"sphereCenter":[-4.84308,231.082,-53.435],"sphereRadius":46.2096,"stabilizedPalmPosition":[8.94481,247.408,-12.8304],"t":[18.294,-18.2277,-13.2521],"timeVisible":27.8282,"type":"right","wrist":[5.21961,199.682,26.1582]}],"id":1801500,"interactionBox":{"center":[0,200,0],"size":[235.247,235.247,147.751]},"pointables":[{"bases":[[[0.613205,0.539847,0.576668],[-0.729075,0.105822,0.676203],[0.304022,-0.835085,0.458479]],[[0.558685,0.662732,0.498655],[-0.76454,0.178478,0.619375],[0.321481,-0.727277,0.606398]],[[0.558685,0.662732,0.498655],[-0.818901,0.536061,0.205038],[-0.131424,-0.5229,0.842201]],[[0.558685,0.662732,0.498655],[-0.77999,0.624224,0.04427],[-0.281933,-0.413679,0.865669]]],"btipPosition":[-30.1412,261.602,-56.7978],"carpPosition":[-25.1729,197.788,22.4473],"dipPosition":[-36.7394,251.92,-36.538],"direction":[0.131424,0.5229,-0.842201],"extended":false,"handId":506,"id":5060,"length":52.1164,"mcpPosition":[-25.1729,197.788,22.4473],"pipPosition":[-41.2204,234.092,-7.82262],"stabilizedTipPosition":[-30.5399,260.473,-52.6798],"timeVisible":27.8282,"tipPosition":[-31.6817,259.737,-51.7076],"tipVelocity":[-6.2318,-16.1828,-5.97629],"tool":false,"touchDistance":-0.0590972,"touchZone":"touching","type":0,"width":20.25},{"bases":[[[0.974379,-0.0920919,-0.205196],[0.214993,0.649344,0.729472],[0.0660644,-0.754898,0.652506]],[[0.964806,-0.0254118,-0.261731],[0.108638,0.944927,0.308724],[0.239471,-0.326293,0.914432]],[[0.964806,-0.0254118,-0.261731],[0.0676663,0.985794,0.153723],[0.254106,-0.166023,0.95282]],[[0.964806,-0.0254118,-0.261731],[0.0394056,0.998053,0.048357],[0.259992,-0.0569688,0.963929]]],"btipPosition":[-37.3662,289.549,-95.2827],"carpPosition":[-11.6337,215.007,31.5075],"dipPosition":[-32.9241,288.575,-78.8133],"direction":[-0.254106,0.166023,-0.95282],"extended":true,"handId":506,"id":5061,"length":58.8075,"mcpPosition":[-16.494,270.544,-16.4971],"pipPosition":[-26.7823,284.563,-55.7833],"stabilizedTipPosition":[-36.2695,289.991,-91.8562],"timeVisible":27.8282,"tipPosition":[-36.0501,289.953,-91.356],"tipVelocity":[-0.261422,-16.6007,5.12325],"tool":false,"touchDistance":-0.0196447,"touchZone":"touching","type":1,"width":19.3428},{"bases":[[[0.923322,-0.302574,-0.236484],[0.378026,0.607696,0.698428],[-0.0676157,-0.734272,0.67548]],[[0.922544,-0.310432,-0.229225],[0.114209,0.787049,-0.606226],[0.368604,0.533091,0.761542]],[[0.922544,-0.310432,-0.229225],[-0.34457,-0.39524,-0.851503],[0.173735,0.864533,-0.471592]],[[0.922544,-0.310432,-0.229225],[-0.383174,-0.807295,-0.448835],[-0.0457199,0.501903,-0.863715]]],"btipPosition":[-16.5685,206.952,-24.3267],"carpPosition":[0.562136,215.435,29.8655],"dipPosition":[-17.4277,216.384,-40.5576],"direction":[-0.173735,-0.864533,0.471592],"extended":false,"handId":506,"id":5062,"length":67.0064,"mcpPosition":[5.27955,266.664,-17.2614],"pipPosition":[-12.4873,240.968,-53.968],"stabilizedTipPosition":[-11.4422,211.329,-33.2604],"timeVisible":27.8282,"tipPosition":[-17.0012,208.823,-28.5173],"tipVelocity":[-6.50281,-12.9912,3.33833],"tool":false,"touchDistance":0.333333,"touchZone":"none","type":2,"width":18.9972},{"bases":[[[0.872167,-0.452274,-0.186477],[0.440679,0.560809,0.700925],[-0.212432,-0.6935,0.688426]],[[0.871068,-0.455816,-0.182953],[0.263968,0.748576,-0.608239],[0.414199,0.481525,0.772381]],[[0.871068,-0.455816,-0.182953],[-0.356736,-0.331101,-0.873562],[0.337608,0.826198,-0.451018]],[[0.871068,-0.455816,-0.182953],[-0.483419,-0.729757,-0.483489],[0.0868711,0.509594,-0.856018]]],"btipPosition":[-3.92965,202.403,-22.0956],"carpPosition":[12.2454,212.886,27.0492],"dipPosition":[-2.30655,211.925,-38.0895],"direction":[-0.337608,-0.826198,0.451018],"extended":false,"handId":506,"id":5063,"length":64.4285,"mcpPosition":[25.5521,256.326,-16.0738],"pipPosition":[7.04587,234.812,-50.5835],"stabilizedTipPosition":[1.383,207.413,-29.4236],"timeVisible":27.8282,"tipPosition":[-3.7949,204.288,-26.1698],"tipVelocity":[-7.94867,-15.5173,1.22899],"tool":false,"touchDistance":0.333333,"touchZone":"none","type":3,"width":18.077},{"bases":[[[0.756836,-0.615902,-0.218779],[0.550458,0.420149,0.721437],[-0.352415,-0.666437,0.657012]],[[0.774603,-0.579373,-0.253608],[0.369245,0.739845,-0.562394],[0.513467,0.341988,0.787017]],[[0.774603,-0.579373,-0.253608],[-0.435776,-0.198321,-0.877934],[0.458356,0.790566,-0.406097]],[[0.774603,-0.579373,-0.253608],[-0.61583,-0.599634,-0.511069],[0.144028,0.552055,-0.821274]]],"btipPosition":[12.5905,205.827,-22.9056],"carpPosition":[21.7589,204.255,20.9208],"dipPosition":[15.073,215.343,-37.0617],"direction":[-0.458356,-0.790566,0.406097],"extended":false,"handId":506,"id":5064,"length":50.5107,"mcpPosition":[42.1937,242.898,-17.1762],"pipPosition":[24.0379,230.806,-45.0045],"stabilizedTipPosition":[17.4774,211.203,-28.5832],"timeVisible":27.8282,"tipPosition":[12.938,208.029,-26.4089],"tipVelocity":[-8.55466,-18.1887,1.0141],"tool":false,"touchDistance":0.333333,"touchZone":"none","type":4,"width":16.0574}],"r":[[0.961328,-0.273636,0.0311875],[0.266012,0.951886,0.152152],[-0.0713213,-0.137972,0.987865]],"s":1.20861,"t":[18.294,-18.2277,-13.2521],"timestamp":97842301570},false],[4,{"currentFrameRate":99.5197,"devices":[],"gestures":[],"hands":[{"armBasis":[[0.918208,-0.112022,-0.379928],[0.259639,0.894591,0.363723],[0.299136,-0.432617,0.850506]],"armWidth":63.72,"confidence":0.441628,"direction":[0.131996,0.816391,-0.562212],"elbow":[85.911,82.6842,255.743],"grabStrength":0.22106,"id":506,"palmNormal":[-0.22417,-0.527896,-0.819191],"palmPosition":[3.9434,243.08,-6.92773],"palmVelocity":[-2.64586,-16.3279,3.96144],"palmWidth":90.99,"pinchStrength":0.370625,"r":[[0.960982,-0.274913,0.0306148],[0.267283,0.951367,0.153171],[-0.0712347,-0.139012,0.987725]],"s":1.20842,"sphereCenter":[-4.78559,231.033,-53.4382],"sphereRadius":46.2202,"stabilizedPalmPosition":[8.82854,247.308,-12.6932],"t":[18.2762,-18.3812,-13.205],"timeVisible":27.8381,"type":"right","wrist":[5.14432,199.491,26.1067]}],"id":1801501,"interactionBox":{"center":[0,200,0],"size":[235.247,235.247,147.751]},"pointables":[{"bases":[[[0.614803,0.537243,0.577397],[-0.728346,0.105925,0.676973],[0.302538,-0.83675,0.456422]],[[0.560046,0.661262,0.499079],[-0.764365,0.180093,0.619123],[0.319522,-0.728216,0.606306]],[[0.560046,0.661262,0.499079],[-0.818094,0.536428,0.207284],[-0.130651,-0.524383,0.8414]],[[0.560046,0.661262,0.499079],[-0.779836,0.624129,0.0481506],[-0.27965,-0.416167,0.865218]]],"btipPosition":[-30.2053,261.641,-56.7884],"carpPosition":[-25.2549,197.671,22.4142],"dipPosition":[-36.7501,251.901,-36.5392],"direction":[0.130651,0.524383,-0.841399],"extended":false,"handId":506,"id":5060,"length":52.1164,"mcpPosition":[-25.2549,197.671,22.4142],"pipPosition":[-41.2047,234.022,-7.85116],"stabilizedTipPosition":[-30.6385,260.383,-52.6337],"timeVisible":27.8381,"tipPosition":[-31.7111,259.758,-51.6803],"tipVelocity":[-5.93534,-10.5959,-3.99064],"tool":false,"touchDistance":-0.0589816,"touchZone":"touching","type":0,"width":20.25},{"bases":[[[0.974025,-0.0937634,-0.206118],[0.216943,0.647272,0.730735],[0.0648983,-0.75647,0.6508]],[[0.964556,-0.0269372,-0.2625],[0.110605,0.944444,0.309502],[0.23958,-0.327566,0.913949]],[[0.964556,-0.0269372,-0.2625],[0.069766,0.985411,0.155234],[0.254489,-0.168046,0.952363]],[[0.964556,-0.0269372,-0.2625],[0.0415851,0.997863,0.0504057],[0.260582,-0.0595352,0.963614]]],"btipPosition":[-37.3423,289.646,-95.1254],"carpPosition":[-11.6716,214.841,31.5021],"dipPosition":[-32.8901,288.629,-78.6614],"direction":[-0.254489,0.168046,-0.952363],"extended":true,"handId":506,"id":5061,"length":58.8075,"mcpPosition":[-16.4461,270.494,-16.377],"pipPosition":[-26.739,284.567,-55.6424],"stabilizedTipPosition":[-36.2729,289.95,-91.8201],"timeVisible":27.8381,"tipPosition":[-36.0317,290.04,-91.1965],"tipVelocity":[0.603776,-9.04832,8.28973],"tool":false,"touchDistance":-0.0170439,"touchZone":"touching","type":1,"width":19.3428},{"bases":[[[0.922487,-0.304064,-0.23783],[0.379863,0.605337,0.69948],[-0.0687196,-0.735603,0.673918]],[[0.921706,-0.311847,-0.230671],[0.115366,0.788166,-0.604554],[0.370335,0.53061,0.762434]],[[0.921706,-0.311847,-0.230671],[-0.346146,-0.392903,-0.851945],[0.175045,0.865089,-0.470086]],[[0.921706,-0.311847,-0.230671],[-0.385204,-0.805727,-0.449913],[-0.0455543,0.503543,-0.862768]]],"btipPosition":[-16.6535,206.929,-24.3348],"carpPosition":[0.523925,215.246,29.852],"dipPosition":[-17.5096,216.392,-40.548],"direction":[-0.175045,-0.865089,0.470086],"extended":false,"handId":506,"id":5062,"length":67.0064,"mcpPosition":[5.31836,266.568,-17.1659],"pipPosition":[-12.5319,240.992,-53.9155],"stabilizedTipPosition":[-11.5938,211.267,-33.1147],"timeVisible":27.8381,"tipPosition":[-17.0861,208.811,-28.5174],"tipVelocity":[-7.10265,-9.60708,2.22434],"tool":false,"touchDistance":0.333333,"touchZone":"none","type":2,"width":18.9972},{"bases":[[[0.871041,-0.453762,-0.188113],[0.442415,0.558308,0.701827],[-0.213437,-0.694544,0.687061]],[[0.869938,-0.457311,-0.184594],[0.265163,0.749342,-0.606775],[0.415809,0.478909,0.773142]],[[0.869938,-0.457311,-0.184594],[-0.358141,-0.32851,-0.873966],[0.339033,0.826407,-0.449565]],[[0.869938,-0.457311,-0.184594],[-0.485381,-0.72774,-0.484562],[0.0872593,0.511138,-0.855058]]],"btipPosition":[-4.03121,202.343,-22.13],"carpPosition":[12.1995,212.677,27.0215],"dipPosition":[-2.40086,211.893,-38.1059],"direction":[-0.339033,-0.826406,0.449565],"extended":false,"handId":506,"id":5063,"length":64.4285,"mcpPosition":[25.5692,256.184,-16.016],"pipPosition":[6.99104,234.786,-50.5597],"stabilizedTipPosition":[1.24779,207.336,-29.3265],"timeVisible":27.8381,"tipPosition":[-3.89417,204.237,-26.1976],"tipVelocity":[-8.58732,-12.5199,-0.04499],"tool":false,"touchDistance":0.333333,"touchZone":"none","type":3,"width":18.077},{"bases":[[[0.75533,-0.617068,-0.220688],[0.551902,0.417365,0.721949],[-0.353384,-0.667108,0.65581]],[[0.773134,-0.580541,-0.255415],[0.370438,0.740206,-0.561133],[0.51482,0.339216,0.787333]],[[0.773134,-0.580541,-0.255415],[-0.436821,-0.195422,-0.878065],[0.459838,0.790432,-0.40468]],[[0.773134,-0.580541,-0.255415],[-0.617504,-0.597087,-0.512031],[0.14475,0.553589,-0.820114]]],"btipPosition":[12.4882,205.725,-22.9484],"carpPosition":[21.6897,204.039,20.8672],"dipPosition":[14.9832,215.267,-37.0845],"direction":[-0.459838,-0.790432,0.40468],"extended":false,"handId":506,"id":5064,"length":50.5107,"mcpPosition":[42.1807,242.722,-17.1601],"pipPosition":[23.9771,230.727,-44.9995],"stabilizedTipPosition":[17.35,211.108,-28.5144],"timeVisible":27.8381,"tipPosition":[12.8422,207.935,-26.4447],"tipVelocity":[-8.99974,-15.6696,-0.435741],"tool":false,"touchDistance":0.333333,"touchZone":"none","type":4,"width":16.0574}],"r":[[0.960982,-0.274913,0.0306148],[0.267283,0.951367,0.153171],[-0.0712347,-0.139012,0.987725]],"s":1.20842,"t":[18.2762,-18.3812,-13.205],"timestamp":97842311464},false],[5,{"currentFrameRate":99.6116,"devices":[],"gestures":[],"hands":[{"armBasis":[[0.917327,-0.114523,-0.381307],[0.262243,0.894428,0.362253],[0.299565,-0.432299,0.850516]],"armWidth":63.72,"confidence":0.443495,"direction":[0.133794,0.816789,-0.561209],"elbow":[85.8952,82.5999,255.712],"grabStrength":0.222873,"id":506,"palmNormal":[-0.226151,-0.526193,-0.819742],"palmPosition":[3.90562,242.958,-6.90266],"palmVelocity":[-2.99746,-15.1778,3.54093],"palmWidth":90.99,"pinchStrength":0.372864,"r":[[0.96056,-0.276456,0.0299481],[0.268829,0.950764,0.154204],[-0.0711042,-0.140071,0.987585]],"s":1.20828,"sphereCenter":[-4.7625,230.941,-53.4516],"sphereRadius":46.2319,"stabilizedPalmPosition":[8.71839,247.21,-12.5636],"t":[18.2484,-18.5194,-13.169],"timeVisible":27.8479,"type":"right","wrist":[5.01263,199.321,26.0725]}],"id":1801502,"interactionBox":{"center":[0,200,0],"size":[235.247,235.247,147.751]},"pointables":[{"bases":[[[0.61664,0.534819,0.577689],[-0.727591,0.106967,0.677621],[0.300611,-0.838169,0.455089]],[[0.561636,0.660083,0.498854],[-0.764235,0.182843,0.618477],[0.317034,-0.7286,0.60715]],[[0.561636,0.660083,0.498854],[-0.817092,0.537303,0.208966],[-0.130101,-0.524972,0.841117]],[[0.561636,0.660083,0.498854],[-0.779641,0.624065,0.0519975],[-0.276995,-0.418131,0.865125]]],"btipPosition":[-30.301,261.643,-56.8342],"carpPosition":[-25.3939,197.588,22.3987],"dipPosition":[-36.7837,251.857,-36.5872],"direction":[0.130101,0.524972,-0.841117],"extended":false,"handId":506,"id":5060,"length":52.1164,"mcpPosition":[-25.3939,197.588,22.3987],"pipPosition":[-41.2195,233.958,-7.90879],"stabilizedTipPosition":[-30.7305,260.304,-52.5972],"timeVisible":27.8479,"tipPosition":[-31.7681,259.746,-51.7022],"tipVelocity":[-6.62441,-7.72653,-4.20081],"tool":false,"touchDistance":-0.0597538,"touchZone":"touching","type":0,"width":20.25},{"bases":[[[0.973627,-0.0960947,-0.206921],[0.219182,0.645707,0.731451],[0.0633219,-0.757514,0.64974]],[[0.964292,-0.0291356,-0.263234],[0.113068,0.944087,0.309703],[0.239492,-0.328407,0.91367]],[[0.964292,-0.0291356,-0.263234],[0.0723819,0.985082,0.156121],[0.254758,-0.169599,0.952016]],[[0.964292,-0.0291356,-0.263234],[0.0442842,0.997675,0.051798],[0.261113,-0.0616055,0.963341]]],"btipPosition":[-37.3249,289.699,-95.0243],"carpPosition":[-11.7583,214.708,31.5002],"dipPosition":[-32.8637,288.647,-78.565],"direction":[-0.254758,0.169599,-0.952016],"extended":true,"handId":506,"id":5061,"length":58.8075,"mcpPosition":[-16.4169,270.438,-16.301],"pipPosition":[-26.7061,284.548,-55.5544],"stabilizedTipPosition":[-36.2742,289.925,-91.7898],"timeVisible":27.8479,"tipPosition":[-36.0169,290.083,-91.0946],"tipVelocity":[1.01054,-5.00111,8.83957],"tool":false,"touchDistance":-0.015377,"touchZone":"touching","type":1,"width":19.3428},{"bases":[[[0.921504,-0.306214,-0.238879],[0.381967,0.603378,0.700026],[-0.0702236,-0.736321,0.672979]],[[0.920717,-0.31392,-0.231807],[0.116954,0.788701,-0.60355],[0.372293,0.528588,0.762885]],[[0.920717,-0.31392,-0.231807],[-0.34787,-0.391094,-0.852075],[0.176825,0.865159,-0.46929]],[[0.920717,-0.31392,-0.231807],[-0.387619,-0.804325,-0.450347],[-0.0450757,0.504495,-0.862237]]],"btipPosition":[-16.7895,206.894,-24.3336],"carpPosition":[0.43705,215.083,29.8421],"dipPosition":[-17.6365,216.375,-40.5367],"direction":[-0.176825,-0.865159,0.46929],"extended":false,"handId":506,"id":5062,"length":67.0064,"mcpPosition":[5.33641,266.455,-17.1103],"pipPosition":[-12.6083,240.977,-53.8817],"stabilizedTipPosition":[-11.7413,211.207,-32.9764],"timeVisible":27.8479,"tipPosition":[-17.2206,208.784,-28.5098],"tipVelocity":[-9.02269,-7.69303,1.67234],"tool":false,"touchDistance":0.333333,"touchZone":"none","type":2,"width":18.9972},{"bases":[[[0.869692,-0.45584,-0.189328],[0.444395,0.556178,0.702267],[-0.214821,-0.694892,0.686277]],[[0.868581,-0.459392,-0.185811],[0.26676,0.749452,-0.605938],[0.41762,0.476739,0.773507]],[[0.868581,-0.459392,-0.185811],[-0.359665,-0.326476,-0.874102],[0.340893,0.826058,-0.448798]],[[0.868581,-0.459392,-0.185811],[-0.487681,-0.725882,-0.485039],[0.0879466,0.511912,-0.854524]]],"btipPosition":[-4.18552,202.267,-22.1499],"carpPosition":[12.1038,212.487,27],"dipPosition":[-2.54233,211.831,-38.1158],"direction":[-0.340893,-0.826058,0.448798],"extended":false,"handId":506,"id":5063,"length":64.4285,"mcpPosition":[25.5602,256.015,-15.9884],"pipPosition":[6.9011,234.715,-50.5484],"stabilizedTipPosition":[1.11343,207.26,-29.2333],"timeVisible":27.8479,"tipPosition":[-4.04505,204.167,-26.2126],"tipVelocity":[-10.5928,-11.0052,-0.5616],"tool":false,"touchDistance":0.333333,"touchZone":"none","type":3,"width":18.077},{"bases":[[[0.753522,-0.618791,-0.222041],[0.553518,0.414916,0.722124],[-0.354716,-0.66704,0.65516]],[[0.771385,-0.582295,-0.256703],[0.372012,0.739905,-0.560489],[0.516306,0.336856,0.787373]],[[0.771385,-0.582295,-0.256703],[-0.43795,-0.193095,-0.878017],[0.461697,0.789713,-0.403967]],[[0.771385,-0.582295,-0.256703],[-0.619458,-0.594707,-0.512441],[0.145729,0.554306,-0.819456]]],"btipPosition":[12.3364,205.599,-22.9771],"carpPosition":[21.5665,203.832,20.8275],"dipPosition":[14.8483,215.153,-37.1019],"direction":[-0.461697,-0.789713,0.403967],"extended":false,"handId":506,"id":5064,"length":50.5107,"mcpPosition":[42.1347,242.51,-17.1621],"pipPosition":[23.8786,230.599,-45.003],"stabilizedTipPosition":[17.2236,211.014,-28.4492],"timeVisible":27.8479,"tipPosition":[12.6972,207.813,-26.4693],"tipVelocity":[-10.7777,-14.7352,-1.09123],"tool":false,"touchDistance":0.333333,"touchZone":"none","type":4,"width":16.0574}],"r":[[0.96056,-0.276456,0.0299481],[0.268829,0.950764,0.154204],[-0.0711042,-0.140071,0.987585]],"s":1.20828,"t":[18.2484,-18.5194,-13.169],"timestamp":97842321323},false],[6,{"currentFrameRate":99.7151,"devices":[],"gestures":[],"hands":[{"armBasis":[[0.916809,-0.116373,-0.381994],[0.264124,0.894176,0.361507],[0.2995,-0.432327,0.850525]],"armWidth":63.72,"confidence":0.432459,"direction":[0.134494,0.817275,-0.560333],"elbow":[85.8486,82.4699,255.713],"grabStrength":0.22356,"id":506,"palmNormal":[-0.227985,-0.524779,-0.82014],"palmPosition":[3.9104,242.878,-6.847],"palmVelocity":[-1.96745,-13.0749,4.16879],"palmWidth":90.99,"pinchStrength":0.374966,"r":[[0.960135,-0.278017,0.0291181],[0.270418,0.95015,0.155206],[-0.0708164,-0.141144,0.987453]],"s":1.20819,"sphereCenter":[-4.70248,230.882,-53.4277],"sphereRadius":46.2431,"stabilizedPalmPosition":[8.61667,247.119,-12.4427],"t":[18.2369,-18.628,-13.1231],"timeVisible":27.8577,"type":"right","wrist":[4.98347,199.198,26.0717]}],"id":1801503,"interactionBox":{"center":[0,200,0],"size":[235.247,235.247,147.751]},"pointables":[{"bases":[[[0.618204,0.533062,0.57764],[-0.726618,0.107318,0.678608],[0.29975,-0.839242,0.453677]],[[0.562606,0.65986,0.498056],[-0.764223,0.185311,0.617756],[0.315337,-0.728179,0.608537]],[[0.562606,0.65986,0.498056],[-0.81667,0.537262,0.210711],[-0.128547,-0.525295,0.841155]],[[0.562606,0.65986,0.498056],[-0.780275,0.622913,0.0561227],[-0.273213,-0.420196,0.865327]]],"btipPosition":[-30.394,261.613,-56.8768],"carpPosition":[-25.4302,197.52,22.4313],"dipPosition":[-36.7882,251.779,-36.625],"direction":[0.128547,0.525295,-0.841155],"extended":false,"handId":506,"id":5060,"length":52.1164,"mcpPosition":[-25.4302,197.52,22.4313],"pipPosition":[-41.1711,233.869,-7.94538],"stabilizedTipPosition":[-30.8157,260.232,-52.5688],"timeVisible":27.8577,"tipPosition":[-31.8186,259.714,-51.7082],"tipVelocity":[-6.85285,-6.65653,-4.20777],"tool":false,"touchDistance":-0.0604456,"touchZone":"touching","type":0,"width":20.25},{"bases":[[[0.973223,-0.09745,-0.208185],[0.221112,0.644416,0.732009],[0.0628233,-0.75844,0.648708]],[[0.963937,-0.0304222,-0.264387],[0.114913,0.943641,0.310382],[0.240044,-0.32957,0.913106]],[[0.963937,-0.0304222,-0.264387],[0.0742207,0.984759,0.15729],[0.255572,-0.171241,0.951504]],[[0.963937,-0.0304222,-0.264387],[0.0461026,0.997513,0.053306],[0.262108,-0.0635725,0.962942]]],"btipPosition":[-37.3458,289.789,-94.8666],"carpPosition":[-11.7555,214.607,31.5384],"dipPosition":[-32.8675,288.703,-78.4142],"direction":[-0.255572,0.171241,-0.951504],"extended":true,"handId":506,"id":5061,"length":58.8075,"mcpPosition":[-16.3774,270.405,-16.1867],"pipPosition":[-26.6903,284.564,-55.416],"stabilizedTipPosition":[-36.2757,289.912,-91.7657],"timeVisible":27.8577,"tipPosition":[-36.0374,290.158,-90.9383],"tipVelocity":[0.201703,-1.05911,10.9221],"tool":false,"touchDistance":-0.0127758,"touchZone":"touching","type":1,"width":19.3428},{"bases":[[[0.920713,-0.307442,-0.240347],[0.383789,0.601856,0.700339],[-0.0706595,-0.737054,0.67213]],[[0.91993,-0.315076,-0.233357],[0.11746,0.789303,-0.602664],[0.374074,0.526999,0.763113]],[[0.91993,-0.315076,-0.233357],[-0.349596,-0.389685,-0.852014],[0.177514,0.865374,-0.468633]],[[0.91993,-0.315076,-0.233357],[-0.389433,-0.803334,-0.450552],[-0.0455049,0.505353,-0.861712]]],"btipPosition":[-16.855,206.88,-24.2894],"carpPosition":[0.438525,214.963,29.8665],"dipPosition":[-17.7101,216.376,-40.4827],"direction":[-0.177514,-0.865374,0.468633],"extended":false,"handId":506,"id":5062,"length":67.0064,"mcpPosition":[5.3683,266.386,-17.0266],"pipPosition":[-12.6622,240.985,-53.809],"stabilizedTipPosition":[-11.8805,211.151,-32.8463],"timeVisible":27.8577,"tipPosition":[-17.2884,208.776,-28.4594],"tipVelocity":[-8.38143,-5.74085,2.5739],"tool":false,"touchDistance":0.333333,"touchZone":"none","type":2,"width":18.9972},{"bases":[[[0.868711,-0.457044,-0.190924],[0.446141,0.55455,0.702447],[-0.215173,-0.695402,0.68565]],[[0.867597,-0.460601,-0.187409],[0.267306,0.749783,-0.605288],[0.419312,0.47505,0.773631]],[[0.867597,-0.460601,-0.187409],[-0.36127,-0.324868,-0.874039],[0.3417,0.826019,-0.448256]],[[0.867597,-0.460601,-0.187409],[-0.489471,-0.724549,-0.485229],[0.0877098,0.512715,-0.854067]]],"btipPosition":[-4.26323,202.224,-22.1322],"carpPosition":[12.0976,212.351,27.0075],"dipPosition":[-2.62446,211.804,-38.0896],"direction":[-0.3417,-0.826019,0.448256],"extended":false,"handId":506,"id":5063,"length":64.4285,"mcpPosition":[25.576,255.911,-15.9416],"pipPosition":[6.8413,234.686,-50.5072],"stabilizedTipPosition":[0.982523,207.186,-29.1435],"timeVisible":27.8577,"tipPosition":[-4.12321,204.131,-26.1903],"tipVelocity":[-9.82996,-8.91774,0.195653],"tool":false,"touchDistance":0.333333,"touchZone":"none","type":3,"width":18.077},{"bases":[[[0.752231,-0.619761,-0.223706],[0.555052,0.413082,0.721998],[-0.355057,-0.667278,0.654733]],[[0.770071,-0.583349,-0.258253],[0.372612,0.739862,-0.560147],[0.517833,0.335124,0.787109]],[[0.770071,-0.583349,-0.258253],[-0.439281,-0.191303,-0.877745],[0.462627,0.789371,-0.403571]],[[0.770071,-0.583349,-0.258253],[-0.621064,-0.592962,-0.512519],[0.145843,0.555068,-0.81892]]],"btipPosition":[12.2542,205.524,-22.9745],"carpPosition":[21.5386,203.688,20.813],"dipPosition":[14.7681,215.092,-37.09],"direction":[-0.462627,-0.789371,0.403571],"extended":false,"handId":506,"id":5064,"length":50.5107,"mcpPosition":[42.1267,242.38,-17.1518],"pipPosition":[23.8165,230.531,-44.9834],"stabilizedTipPosition":[17.1007,210.922,-28.3869],"timeVisible":27.8577,"tipPosition":[12.6199,207.742,-26.463],"tipVelocity":[-10.051,-12.544,-0.626306],"tool":false,"touchDistance":0.3333