{"sensorType":"Leap","data":[[0,{"currentFrameRate":102.61,"devices":[],"gestures":[],"hands":[{"armBasis":[[0.945484,0.0590446,-0.320271],[0.0455568,0.949779,0.309589],[0.322467,-0.307302,0.895311]],"armWidth":63.72,"confidence":0.539934,"direction":[0.034369,0.7427,-0.668742],"elbow":[99.4933,176.179,278.621],"grabStrength":0.70902,"id":506,"palmNormal":[-0.0327627,-0.66794,-0.743494],"palmPosition":[6.52757,296.733,-2.42659],"palmVelocity":[-14.439,17.1115,32.8644],"palmWidth":90.99,"pinchStrength":0.74346,"r":[[0.984173,-0.0758596,0.160154],[0.073764,0.997095,0.0189982],[-0.16113,-0.00688389,0.986909]],"s":1.1075,"sphereCenter":[15.2554,274.528,-46.0429],"sphereRadius":44.3701,"stabilizedPalmPosition":[10.013,291.21,-9.36526],"t":[20.9492,35.0768,-8.9308],"timeVisible":32.2667,"type":"right","wrist":[12.4273,259.151,36.8869]}],"id":1801949,"interactionBox":{"center":[0,200,0],"size":[235.247,235.247,147.751]},"pointables":[{"bases":[[[0.437954,0.723249,0.533954],[-0.802647,0.0470604,0.594595],[0.404912,-0.688981,0.601124]],[[0.322602,0.872739,0.366408],[-0.917927,0.194008,0.34608],[0.230952,-0.447982,0.863697]],[[0.322602,0.872739,0.366408],[-0.934322,0.355596,-0.0243649],[-0.151557,-0.334483,0.930135]],[[0.322602,0.872739,0.366408],[-0.922383,0.202973,0.328651],[0.212455,-0.443992,0.870479]]],"btipPosition":[-27.8534,294.906,-64.0148],"carpPosition":[-16.52,250.749,31.1848],"dipPosition":[-22.8811,284.515,-43.6424],"direction":[0.151557,0.334483,-0.930135],"extended":false,"handId":506,"id":5060,"length":52.1164,"mcpPosition":[-16.52,250.749,31.1848],"pipPosition":[-28.0486,273.111,-11.9289],"stabilizedTipPosition":[-25.3687,290.564,-61.5082],"timeVisible":32.2667,"tipPosition":[-26.574,292.498,-59.2378],"tipVelocity":[-23.1441,28.3802,36.457],"tool":false,"touchDistance":-0.108085,"touchZone":"touching","type":0,"width":20.25},{"bases":[[[0.990462,0.0779117,-0.11364],[0.0125476,0.770341,0.637509],[0.137211,-0.632855,0.762016]],[[0.97569,0.130073,-0.176378],[-0.152265,0.981184,-0.118714],[0.157618,0.142684,0.977138]],[[0.97569,0.130073,-0.176378],[-0.183975,0.923469,-0.336688],[0.119086,0.360953,0.92495]],[[0.97569,0.130073,-0.176378],[-0.198211,0.867093,-0.457015],[0.0934912,0.480865,0.871796]]],"btipPosition":[-28.7973,294.862,-96.7373],"carpPosition":[-7.45539,271.374,38.5556],"dipPosition":[-27.1999,303.078,-81.8422],"direction":[-0.119086,-0.360953,-0.92495],"extended":true,"handId":506,"id":5061,"length":58.8075,"mcpPosition":[-17.5499,317.932,-17.5056],"pipPosition":[-24.3216,311.802,-59.4858],"stabilizedTipPosition":[-27.3977,295.355,-94.7278],"timeVisible":32.2667,"tipPosition":[-28.4775,297.501,-93.5339],"tipVelocity":[-27.7806,35.832,38.1938],"tool":false,"touchDistance":-0.0911823,"touchZone":"touching","type":1,"width":19.3428},{"bases":[[[0.983145,-0.140779,-0.116647],[0.182826,0.758341,0.625694],[0.000373897,-0.636474,0.771298]],[[0.982678,-0.121331,-0.140082],[-0.0104342,0.718463,-0.695487],[0.185028,0.684901,0.704752]],[[0.982678,-0.121331,-0.140082],[-0.182419,-0.500031,-0.846577],[0.0326706,0.857466,-0.513502]],[[0.982678,-0.121331,-0.140082],[-0.171821,-0.879721,-0.443361],[-0.0694398,0.45975,-0.885329]]],"btipPosition":[-4.01883,252.377,-18.7342],"carpPosition":[4.5498,274.007,37.8077],"dipPosition":[-5.32375,261.017,-35.3714],"direction":[-0.0326706,-0.857466,0.513502],"extended":false,"handId":506,"id":5062,"length":67.0064,"mcpPosition":[4.52371,318.412,-16.0042],"pipPosition":[-4.39471,285.4,-49.9735],"stabilizedTipPosition":[-1.84886,248.84,-29.5425],"timeVisible":32.2667,"tipPosition":[-4.35513,254.567,-22.7053],"tipVelocity":[-22.3942,16.7005,30.5949],"tool":false,"touchDistance":0.333333,"touchZone":"none","type":2,"width":18.9972},{"bases":[[[0.955886,-0.289671,-0.0487066],[0.252519,0.725669,0.64003],[-0.150053,-0.624095,0.766805]],[[0.958087,-0.28001,-0.0605283],[0.166105,0.715119,-0.67898],[0.233406,0.640468,0.731657]],[[0.958087,-0.28001,-0.0605283],[-0.183497,-0.437575,-0.880259],[0.219996,0.854472,-0.470616]],[[0.958087,-0.28001,-0.0605283],[-0.272127,-0.823516,-0.497763],[0.0895329,0.493372,-0.865198]]],"btipPosition":[7.93651,251.079,-15.2081],"carpPosition":[16.7328,273.491,36.3123],"dipPosition":[9.60935,260.298,-31.3735],"direction":[-0.219996,-0.854472,0.470616],"extended":false,"handId":506,"id":5063,"length":64.4285,"mcpPosition":[26.1322,312.584,-11.7203],"pipPosition":[15.7037,283.968,-44.4105],"stabilizedTipPosition":[10.553,247.706,-24.6802],"timeVisible":32.2667,"tipPosition":[8.31754,253.41,-18.719],"tipVelocity":[-22.677,15.3426,23.3332],"tool":false,"touchDistance":0.333333,"touchZone":"none","type":3,"width":18.077},{"bases":[[[0.877143,-0.475849,-0.0647074],[0.383864,0.613774,0.689877],[-0.288562,-0.62996,0.721029]],[[0.899492,-0.417423,-0.129124],[0.262636,0.752696,-0.603715],[0.349195,0.509124,0.786674]],[[0.899492,-0.417423,-0.129124],[-0.292842,-0.356602,-0.887175],[0.324281,0.835819,-0.442999]],[[0.899492,-0.417423,-0.129124],[-0.424047,-0.762713,-0.488316],[0.10535,0.49399,-0.863061]]],"btipPosition":[24.5044,259.861,-13.7808],"carpPosition":[28.2778,266.197,32.3034],"dipPosition":[26.3203,268.375,-28.6572],"direction":[-0.324281,-0.835819,0.442999],"extended":false,"handId":506,"id":5064,"length":50.5107,"mcpPosition":[45.0101,302.725,-9.5056],"pipPosition":[32.6628,284.723,-37.3218],"stabilizedTipPosition":[27.1314,256.631,-21.5489],"timeVisible":32.2667,"tipPosition":[25.0097,261.795,-16.9482],"tipVelocity":[-22.2397,17.166,24.0507],"tool":false,"touchDistance":0.333333,"touchZone":"none","type":4,"width":16.0574}],"r":[[0.984173,-0.0758596,0.160154],[0.073764,0.997095,0.0189982],[-0.16113,-0.00688389,0.986909]],"s":1.1075,"t":[20.9492,35.0768,-8.9308],"timestamp":97846740138},false],[1,{"currentFrameRate":102.773,"devices":[],"gestures":[],"hands":[{"armBasis":[[0.945024,0.0587605,-0.321679],[0.0469269,0.949171,0.311244],[0.323617,-0.309229,0.894231]],"armWidth":63.72,"confidence":0.542389,"direction":[0.034875,0.743355,-0.667987],"elbow":[99.6001,175.697,278.689],"grabStrength":0.708801,"id":506,"palmNormal":[-0.0340638,-0.667121,-0.74417],"palmPosition":[6.34583,296.82,-2.02361],"palmVelocity":[-15.8244,14.8493,35.6937],"palmWidth":90.99,"pinchStrength":0.743457,"r":[[0.984346,-0.0763838,0.158836],[0.0740663,0.997043,0.020468],[-0.15993,-0.00838318,0.987093]],"s":1.1076,"sphereCenter":[15.0114,274.649,-45.6701],"sphereRadius":44.372,"stabilizedPalmPosition":[9.95701,291.296,-9.25313],"t":[20.805,35.1406,-8.59232],"timeVisible":32.2762,"type":"right","wrist":[12.2234,259.189,37.2468]}],"id":1801950,"interactionBox":{"center":[0,200,0],"size":[235.247,235.247,147.751]},"pointables":[{"bases":[[[0.439192,0.722145,0.534432],[-0.802214,0.04744,0.595149],[0.40443,-0.690114,0.600149]],[[0.323715,0.872153,0.366822],[-0.917432,0.194536,0.347093],[0.231358,-0.448893,0.863115]],[[0.323715,0.872153,0.366822],[-0.933929,0.356664,-0.023824],[-0.15161,-0.334873,0.929986]],[[0.323715,0.872153,0.366822],[-0.921757,0.203226,0.330249],[0.21348,-0.445027,0.8697]]],"btipPosition":[-28.1138,295.07,-63.593],"carpPosition":[-16.738,250.829,31.5542],"dipPosition":[-23.1176,284.654,-43.2388],"direction":[0.15161,0.334873,-0.929986],"extended":false,"handId":506,"id":5060,"length":52.1164,"mcpPosition":[-16.738,250.829,31.5542],"pipPosition":[-28.2868,273.237,-11.5304],"stabilizedTipPosition":[-25.5383,290.788,-61.2324],"timeVisible":32.2762,"tipPosition":[-26.8203,292.668,-58.822],"tipVelocity":[-24.2618,25.0554,38.7052],"tool":false,"touchDistance":-0.101124,"touchZone":"touching","type":0,"width":20.25},{"bases":[[[0.990487,0.0767951,-0.114183],[0.0139098,0.769658,0.638305],[0.1369,-0.633821,0.761268]],[[0.975723,0.129092,-0.176919],[-0.151154,0.981507,-0.117454],[0.158485,0.141345,0.977192]],[[0.975723,0.129092,-0.176919],[-0.183106,0.924035,-0.335606],[0.120156,0.359853,0.92524]],[[0.975723,0.129092,-0.176919],[-0.197501,0.867757,-0.456061],[0.0946494,0.479931,0.872186]]],"btipPosition":[-29.045,295.095,-96.313],"carpPosition":[-7.64299,271.435,38.9409],"dipPosition":[-27.4278,303.294,-81.4112],"direction":[-0.120156,-0.359853,-0.92524],"extended":true,"handId":506,"id":5061,"length":58.8075,"mcpPosition":[-17.7147,318.065,-17.0653],"pipPosition":[-24.5236,311.992,-59.0478],"stabilizedTipPosition":[-27.624,295.643,-94.4009],"timeVisible":32.2762,"tipPosition":[-28.7176,297.721,-93.1052],"tipVelocity":[-27.2178,32.5342,40.1943],"tool":false,"touchDistance":-0.0840852,"touchZone":"touching","type":1,"width":19.3428},{"bases":[[[0.982895,-0.141883,-0.117414],[0.184165,0.757459,0.62637],[0.000064972,-0.63728,0.770632]],[[0.982431,-0.12228,-0.140984],[-0.0102418,0.718976,-0.694959],[0.186343,0.684194,0.705092]],[[0.982431,-0.12228,-0.140984],[-0.183627,-0.498503,-0.847217],[0.0333165,0.85822,-0.512199]],[[0.982431,-0.12228,-0.140984],[-0.17322,-0.878607,-0.445021],[-0.0694524,0.461624,-0.884353]]],"btipPosition":[-4.26361,252.458,-18.3792],"carpPosition":[4.365,274.054,38.1882],"dipPosition":[-5.56876,261.132,-34.9979],"direction":[-0.0333165,-0.858221,0.512199],"extended":false,"handId":506,"id":5062,"length":67.0064,"mcpPosition":[4.36047,318.516,-15.5773],"pipPosition":[-4.62136,285.537,-49.563],"stabilizedTipPosition":[-1.89101,248.927,-29.4285],"timeVisible":32.2762,"tipPosition":[-4.59978,254.663,-22.3397],"tipVelocity":[-23.4204,14.6216,32.7483],"tool":false,"touchDistance":0.333333,"touchZone":"none","type":2,"width":18.9972},{"bases":[[[0.955493,-0.290812,-0.0496116],[0.253826,0.724685,0.640628],[-0.150349,-0.624708,0.766247]],[[0.957731,-0.280989,-0.0616104],[0.166286,0.715542,-0.67849],[0.234733,0.639566,0.732022]],[[0.957731,-0.280989,-0.0616104],[-0.184541,-0.435847,-0.880899],[0.22067,0.855034,-0.469278]],[[0.957731,-0.280989,-0.0616104],[-0.273329,-0.822125,-0.499401],[0.0896746,0.495132,-0.864177]]],"btipPosition":[7.6881,251.143,-14.8734],"carpPosition":[16.5465,273.524,36.6846],"dipPosition":[9.36358,260.394,-31.0197],"direction":[-0.22067,-0.855034,0.469278],"extended":false,"handId":506,"id":5063,"length":64.4285,"mcpPosition":[25.9643,312.656,-11.3132],"pipPosition":[15.4766,284.08,-44.0196],"stabilizedTipPosition":[10.4859,247.857,-24.5155],"timeVisible":32.2762,"tipPosition":[8.07079,253.487,-18.3786],"tipVelocity":[-23.7127,13.1198,26.9484],"tool":false,"touchDistance":0.333333,"touchZone":"none","type":3,"width":18.077},{"bases":[[[0.876508,-0.476875,-0.0657571],[0.385064,0.612573,0.690275],[-0.288894,-0.630352,0.720553]],[[0.898822,-0.418623,-0.129899],[0.263459,0.752838,-0.603178],[0.350297,0.507926,0.786958]],[[0.898822,-0.418623,-0.129899],[-0.293735,-0.355315,-0.887396],[0.325329,0.835767,-0.442329]],[[0.898822,-0.418623,-0.129899],[-0.425367,-0.761586,-0.488927],[0.105747,0.494713,-0.862599]]],"btipPosition":[24.2593,259.937,-13.427],"carpPosition":[28.0797,266.22,32.6608],"dipPosition":[26.082,268.465,-28.2954],"direction":[-0.325329,-0.835767,0.442329],"extended":false,"handId":506,"id":5064,"length":50.5107,"mcpPosition":[44.8313,302.771,-9.12062],"pipPosition":[32.4451,284.811,-36.9468],"stabilizedTipPosition":[27.0326,256.843,-21.3594],"timeVisible":32.2762,"tipPosition":[24.7687,261.875,-16.5964],"tipVelocity":[-23.2695,14.6814,27.9624],"tool":false,"touchDistance":0.333333,"touchZone":"none","type":4,"width":16.0574}],"r":[[0.984346,-0.0763838,0.158836],[0.0740663,0.997043,0.020468],[-0.15993,-0.00838318,0.987093]],"s":1.1076,"t":[20.805,35.1406,-8.59232],"timestamp":97846749558},false],[2,{"currentFrameRate":102.824,"devices":[],"gestures":[],"hands":[{"armBasis":[[0.943434,0.0637924,-0.325366],[0.0438366,0.948703,0.313115],[0.32865,-0.309666,0.892242]],"armWidth":63.72,"confidence":0.546751,"direction":[0.0343917,0.75333,-0.656743],"elbow":[100.573,175.175,278.7],"grabStrength":0.708424,"id":506,"palmNormal":[-0.0305609,-0.656031,-0.754115],"palmPosition":[5.94811,296.981,-0.924069],"palmVelocity":[-23.2305,15.4141,58.511],"palmWidth":90.99,"pinchStrength":0.74374,"r":[[0.98445,-0.0767494,0.158009],[0.0737687,0.996971,0.0246521],[-0.159422,-0.0126127,0.98713]],"s":1.10779,"sphereCenter":[14.7491,275.5,-44.8692],"sphereRadius":44.3735,"stabilizedPalmPosition":[9.9095,291.363,-9.15442],"t":[20.5341,35.2533,-7.87331],"timeVisible":32.2858,"type":"right","wrist":[11.8377,258.785,37.7943]}],"id":1801951,"interactionBox":{"center":[0,200,0],"size":[235.247,235.247,147.751]},"pointables":[{"bases":[[[0.436017,0.715259,0.546164],[-0.803696,0.0364135,0.593925],[0.404922,-0.697911,0.590728]],[[0.320018,0.867937,0.379834],[-0.918756,0.186449,0.348029],[0.231247,-0.460351,0.857089]],[[0.320018,0.867937,0.379834],[-0.934963,0.3541,-0.021407],[-0.153079,-0.34828,0.924807]],[[0.320018,0.867937,0.379834],[-0.922993,0.195181,0.331644],[0.213709,-0.456717,0.863561]]],"btipPosition":[-28.4135,295.977,-62.6158],"carpPosition":[-17.088,250.433,31.9103],"dipPosition":[-23.4119,285.288,-42.4053],"direction":[0.153079,0.34828,-0.924807],"extended":false,"handId":506,"id":5060,"length":52.1164,"mcpPosition":[-17.088,250.433,31.9103],"pipPosition":[-28.6313,273.413,-10.8735],"stabilizedTipPosition":[-25.7063,291.054,-60.9143],"timeVisible":32.2858,"tipPosition":[-27.109,293.541,-57.8725],"tipVelocity":[-26.2202,43.2528,55.9552],"tool":false,"touchDistance":-0.0853887,"touchZone":"touching","type":0,"width":20.25},{"bases":[[[0.990534,0.0811328,-0.110722],[0.0103718,0.760082,0.649744],[0.136874,-0.644743,0.752046]],[[0.97574,0.134412,-0.172813],[-0.153606,0.982759,-0.102913],[0.156001,0.126961,0.979564]],[[0.97574,0.134412,-0.172813],[-0.184951,0.928452,-0.322133],[0.11715,0.34628,0.930788]],[[0.97574,0.134412,-0.172813],[-0.198939,0.873893,-0.443548],[0.0914018,0.467167,0.879432]]],"btipPosition":[-29.2307,296.578,-95.3106],"carpPosition":[-8.06558,270.951,39.6246],"dipPosition":[-27.669,304.56,-80.285],"direction":[-0.11715,-0.34628,-0.930788],"extended":true,"handId":506,"id":5061,"length":58.8075,"mcpPosition":[-18.1353,318.384,-15.7031],"pipPosition":[-24.8375,312.93,-57.7875],"stabilizedTipPosition":[-27.8413,296.126,-93.9574],"timeVisible":32.2858,"tipPosition":[-28.9138,299.142,-92.06],"tipVelocity":[-25.2983,66.3497,59.6313],"tool":false,"touchDistance":-0.0669035,"touchZone":"touching","type":1,"width":19.3428},{"bases":[[[0.983541,-0.137492,-0.117233],[0.180687,0.748516,0.638025],[0.0000269389,-0.648706,0.761039]],[[0.983073,-0.117444,-0.14062],[-0.0108543,0.72884,-0.684598],[0.182892,0.674536,0.715228]],[[0.983073,-0.117444,-0.14062],[-0.180373,-0.485776,-0.85527],[0.0321363,0.866157,-0.498737]],[[0.983073,-0.117444,-0.14062],[-0.169886,-0.87171,-0.45963],[-0.0685994,0.47574,-0.876907]]],"btipPosition":[-4.50508,252.788,-17.9704],"carpPosition":[3.93698,273.613,38.939],"dipPosition":[-5.7942,261.728,-34.4492],"direction":[-0.0321363,-0.866157,0.498737],"extended":false,"handId":506,"id":5062,"length":67.0064,"mcpPosition":[3.9351,318.872,-14.1572],"pipPosition":[-4.88036,286.359,-48.6315],"stabilizedTipPosition":[-1.93324,249.013,-29.3173],"timeVisible":32.2858,"tipPosition":[-4.83635,255.069,-21.8902],"tipVelocity":[-23.7907,22.1956,36.5416],"tool":false,"touchDistance":0.333333,"touchZone":"none","type":2,"width":18.9972},{"bases":[[[0.956386,-0.287489,-0.0517228],[0.250403,0.71572,0.651954],[-0.15041,-0.636471,0.756493]],[[0.958656,-0.277335,-0.0637412],[0.165634,0.725956,-0.667498],[0.231394,0.629343,0.741879]],[[0.958656,-0.277335,-0.0637412],[-0.181298,-0.422595,-0.888],[0.219337,0.862844,-0.455403]],[[0.958656,-0.277335,-0.0637412],[-0.269834,-0.814794,-0.513127],[0.0903724,0.509113,-0.855942]]],"btipPosition":[7.44174,251.473,-14.4696],"carpPosition":[16.1232,273.138,37.4559],"dipPosition":[9.13025,260.985,-30.462],"direction":[-0.219337,-0.862844,0.455403],"extended":false,"handId":506,"id":5063,"length":64.4285,"mcpPosition":[25.5449,313.007,-9.93075],"pipPosition":[15.2063,284.888,-43.0776],"stabilizedTipPosition":[10.4201,248.001,-24.3576],"timeVisible":32.2858,"tipPosition":[7.82696,253.88,-17.9354],"tipVelocity":[-24.1665,21.0824,32.3732],"tool":false,"touchDistance":0.333333,"touchZone":"none","type":3,"width":18.077},{"bases":[[[0.877941,-0.4735,-0.0708253],[0.381829,0.60323,0.700228],[-0.288834,-0.641803,0.710397]],[[0.89988,-0.415419,-0.132824],[0.262804,0.759533,-0.595016],[0.348065,0.500537,0.792662]],[[0.89988,-0.415419,-0.132824],[-0.291373,-0.34602,-0.891836],[0.324526,0.841247,-0.432419]],[[0.89988,-0.415419,-0.132824],[-0.422749,-0.755945,-0.49983],[0.107231,0.505939,-0.855878]]],"btipPosition":[23.9305,260.268,-12.6597],"carpPosition":[27.6854,265.926,33.3505],"dipPosition":[25.7788,268.988,-27.4124],"direction":[-0.324526,-0.841247,0.432419],"extended":false,"handId":506,"id":5064,"length":50.5107,"mcpPosition":[44.4335,303.141,-7.84204],"pipPosition":[32.1262,285.442,-35.8699],"stabilizedTipPosition":[26.9422,257.027,-21.1803],"timeVisible":32.2858,"tipPosition":[24.46,262.272,-15.881],"tipVelocity":[-26.2529,21.7251,43.7986],"tool":false,"touchDistance":0.333333,"touchZone":"none","type":4,"width":16.0574}],"r":[[0.98445,-0.0767494,0.158009],[0.0737687,0.996971,0.0246521],[-0.159422,-0.0126127,0.98713]],"s":1.10779,"t":[20.5341,35.2533,-7.87331],"timestamp":97846759187},false],[3,{"currentFrameRate":102.877,"devices":[],"gestures":[],"hands":[{"armBasis":[[0.942219,0.0622736,-0.329158],[0.0459892,0.949222,0.311228],[0.331825,-0.308383,0.891511]],"armWidth":63.72,"confidence":0.551568,"direction":[0.0359323,0.758543,-0.650632],"elbow":[101.002,175.093,278.901],"grabStrength":0.708321,"id":506,"palmNormal":[-0.0319819,-0.649846,-0.759393],"palmPosition":[5.59747,296.877,-0.215119],"palmVelocity":[-27.0701,7.7832,62.9213],"palmWidth":90.99,"pinchStrength":0.74454,"r":[[0.984504,-0.0777071,0.157206],[0.0739512,0.996822,0.0296103],[-0.159007,-0.017526,0.987122]],"s":1.10792,"sphereCenter":[14.3502,275.741,-44.3304],"sphereRadius":44.3807,"stabilizedPalmPosition":[9.87085,291.413,-9.0743],"t":[20.2233,35.2574,-7.15933],"timeVisible":32.2954,"type":"right","wrist":[11.4092,258.356,38.1926]}],"id":1801952,"interactionBox":{"center":[0,200,0],"size":[235.247,235.247,147.751]},"pointables":[{"bases":[[[0.437548,0.709903,0.551896],[-0.803583,0.0332946,0.594261],[0.403493,-0.703512,0.585034]],[[0.321093,0.864932,0.385735],[-0.918436,0.185031,0.349628],[0.231031,-0.466535,0.853797]],[[0.321093,0.864932,0.385735],[-0.934427,0.355616,-0.0195617],[-0.154093,-0.35416,0.922402]],[[0.321093,0.864932,0.385735],[-0.922787,0.19414,0.332827],[0.212986,-0.462819,0.860485]]],"btipPosition":[-28.7975,296.308,-61.9642],"carpPosition":[-17.5342,250.113,32.2436],"dipPosition":[-23.8129,285.477,-41.8258],"direction":[0.154093,0.35416,-0.922402],"extended":false,"handId":506,"id":5060,"length":52.1164,"mcpPosition":[-17.5342,250.113,32.2436],"pipPosition":[-29.0668,273.402,-10.3759],"stabilizedTipPosition":[-25.8741,291.292,-60.6053],"timeVisible":32.2954,"tipPosition":[-27.4946,293.886,-57.2228],"tipVelocity":[-30.3162,39.7211,58.8748],"tool":false,"touchDistance":-0.0748055,"touchZone":"touching","type":0,"width":20.25},{"bases":[[[0.990696,0.0799484,-0.110139],[0.0120048,0.754779,0.655869],[0.135566,-0.651089,0.746797]],[[0.975994,0.133804,-0.171847],[-0.151591,0.983879,-0.0948809],[0.156381,0.118654,0.980544]],[[0.975994,0.133804,-0.171847],[-0.183088,0.931386,-0.31464],[0.117956,0.33855,0.933526]],[[0.975994,0.133804,-0.171847],[-0.197207,0.8778,-0.436552],[0.0924348,0.459961,0.883115]]],"btipPosition":[-29.5908,297.31,-94.5975],"carpPosition":[-8.46837,270.549,40.1228],"dipPosition":[-28.0114,305.169,-79.5089],"direction":[-0.117956,-0.33855,-0.933526],"extended":true,"handId":506,"id":5061,"length":58.8075,"mcpPosition":[-18.4419,318.449,-14.8187],"pipPosition":[-25.1604,313.351,-56.9452],"stabilizedTipPosition":[-28.0723,296.624,-93.4857],"timeVisible":32.2954,"tipPosition":[-29.2667,299.841,-91.3254],"tipVelocity":[-28.6988,68.314,64.2796],"tool":false,"touchDistance":-0.0547766,"touchZone":"touching","type":1,"width":19.3428},{"bases":[[[0.983243,-0.138602,-0.118416],[0.182294,0.742952,0.644043],[-0.00128813,-0.654837,0.755769]],[[0.98281,-0.118227,-0.141797],[-0.00943833,0.734873,-0.678139],[0.184377,0.66782,0.721125]],[[0.98281,-0.118227,-0.141797],[-0.181432,-0.47642,-0.860295],[0.0341554,0.871233,-0.48968]],[[0.98281,-0.118227,-0.141797],[-0.171886,-0.866264,-0.469085],[-0.0673751,0.485395,-0.871695]]],"btipPosition":[-4.96263,252.792,-17.7235],"carpPosition":[3.5397,273.191,39.4578],"dipPosition":[-6.22874,261.914,-34.1044],"direction":[-0.0341554,-0.871233,0.48968],"extended":false,"handId":506,"id":5062,"length":67.0064,"mcpPosition":[3.62958,318.878,-13.2707],"pipPosition":[-5.25749,286.688,-48.0292],"stabilizedTipPosition":[-1.97978,249.095,-29.2076],"timeVisible":32.2954,"tipPosition":[-5.28203,255.122,-21.5753],"tipVelocity":[-30.5355,17.1283,34.0613],"tool":false,"touchDistance":0.333333,"touchZone":"none","type":2,"width":18.9972},{"bases":[[[0.955778,-0.289066,-0.0541193],[0.251943,0.709897,0.657701],[-0.1517,-0.642251,0.751333]],[[0.958097,-0.278686,-0.0662108],[0.166874,0.730917,-0.66175],[0.232815,0.622972,0.746795]],[[0.958097,-0.278686,-0.0662108],[-0.182189,-0.414518,-0.891618],[0.221036,0.866319,-0.447922]],[[0.958097,-0.278686,-0.0662108],[-0.271454,-0.809578,-0.520477],[0.0914471,0.516641,-0.851304]]],"btipPosition":[6.99348,251.448,-14.1458],"carpPosition":[15.7248,272.703,37.97],"dipPosition":[8.70208,261.1,-30.0516],"direction":[-0.221036,-0.866319,0.447922],"extended":false,"handId":506,"id":5063,"length":64.4285,"mcpPosition":[25.2273,312.933,-9.09342],"pipPosition":[14.8252,285.099,-42.4599],"stabilizedTipPosition":[10.3515,248.129,-24.2094],"timeVisible":32.2954,"tipPosition":[7.38433,253.89,-17.5893],"tipVelocity":[-30.5418,15.1646,33.3472],"tool":false,"touchDistance":0.333333,"touchZone":"none","type":3,"width":18.077},{"bases":[[[0.876942,-0.474752,-0.0747193],[0.383135,0.596746,0.705054],[-0.290137,-0.646919,0.705206]],[[0.898681,-0.417241,-0.135209],[0.263728,0.760372,-0.593534],[0.350456,0.497739,0.79337]],[[0.898681,-0.417241,-0.135209],[-0.293077,-0.341912,-0.892862],[0.326309,0.842025,-0.429554]],[[0.898681,-0.417241,-0.135209],[-0.424875,-0.75164,-0.504498],[0.108869,0.51083,-0.85276]]],"btipPosition":[23.4447,260.138,-12.0385],"carpPosition":[27.2716,265.499,33.8055],"dipPosition":[25.3212,268.943,-26.7374],"direction":[-0.326309,-0.842025,0.429554],"extended":false,"handId":506,"id":5064,"length":50.5107,"mcpPosition":[44.0953,303.011,-7.08601],"pipPosition":[31.7034,285.412,-35.1389],"stabilizedTipPosition":[26.8588,257.166,-21.0235],"timeVisible":32.2954,"tipPosition":[23.9943,262.197,-15.3343],"tipVelocity":[-33.101,12.0743,50.2065],"tool":false,"touchDistance":0.333333,"touchZone":"none","type":4,"width":16.0574}],"r":[[0.984504,-0.0777071,0.157206],[0.0739512,0.996822,0.0296103],[-0.159007,-0.017526,0.987122]],"s":1.10792,"t":[20.2233,35.2574,-7.15933],"timestamp":97846768807},false],[4,{"currentFrameRate":102.916,"devices":[],"gestures":[],"hands":[{"armBasis":[[0.94212,0.0603968,-0.32979],[0.0473913,0.949775,0.309323],[0.331909,-0.307049,0.89194]],"armWidth":63.72,"confidence":0.555093,"direction":[0.0367919,0.761866,-0.646689],"elbow":[100.821,175.174,279.229],"grabStrength":0.7081,"id":506,"palmNormal":[-0.0329813,-0.645849,-0.762752],"palmPosition":[5.43692,296.804,0.198995],"palmVelocity":[-24.0373,3.32116,57.1075],"palmWidth":90.99,"pinchStrength":0.745844,"r":[[0.984532,-0.0788899,0.156438],[0.0743601,0.996631,0.034609],[-0.158641,-0.022441,0.987081]],"s":1.10789,"sphereCenter":[14.1632,275.892,-44.0247],"sphereRadius":44.3847,"stabilizedPalmPosition":[9.84081,291.449,-9.01147],"t":[19.9876,35.2231,-6.59528],"timeVisible":32.305,"type":"right","wrist":[11.2061,258.077,38.4049]}],"id":1801953,"interactionBox":{"center":[0,200,0],"size":[235.247,235.247,147.751]},"pointables":[{"bases":[[[0.438584,0.706455,0.555487],[-0.80342,0.0312537,0.594592],[0.402691,-0.707068,0.581287]],[[0.321245,0.863556,0.388679],[-0.918344,0.183882,0.350473],[0.231182,-0.469529,0.852113]],[[0.321245,0.863556,0.388679],[-0.934194,0.356239,-0.0193644],[-0.155185,-0.356881,0.92117]],[[0.321245,0.863556,0.388679],[-0.923128,0.193991,0.331966],[0.211271,-0.465443,0.859492]]],"btipPosition":[-28.9427,296.401,-61.6395],"carpPosition":[-17.7493,249.903,32.419],"dipPosition":[-23.9982,285.508,-41.5242],"direction":[0.155185,0.356881,-0.92117],"extended":false,"handId":506,"id":5060,"length":52.1164,"mcpPosition":[-17.7493,249.903,32.419],"pipPosition":[-29.2893,273.34,-10.1164],"stabilizedTipPosition":[-26.0185,291.487,-60.3367],"timeVisible":32.305,"tipPosition":[-27.6666,294.029,-56.8767],"tipVelocity":[-26.1541,30.5419,51.3813],"tool":false,"touchDistance":-0.0694815,"touchZone":"touching","type":0,"width":20.25},{"bases":[[[0.990777,0.0792281,-0.109926],[0.0131204,0.751345,0.659779],[0.134866,-0.655136,0.743376]],[[0.976106,0.133504,-0.171443],[-0.150396,0.984558,-0.0895901],[0.156835,0.113234,0.981112]],[[0.976106,0.133504,-0.171443],[-0.182043,0.933232,-0.30974],[0.118645,0.33355,0.935237]],[[0.976106,0.133504,-0.171443],[-0.196272,0.880257,-0.432],[0.0932404,0.455328,0.885428]]],"btipPosition":[-29.776,297.777,-94.1714],"carpPosition":[-8.6552,270.285,40.4025],"dipPosition":[-28.1829,305.556,-79.0433],"direction":[-0.118645,-0.33355,-0.935237],"extended":true,"handId":506,"id":5061,"length":58.8075,"mcpPosition":[-18.5772,318.483,-14.2873],"pipPosition":[-25.3152,313.618,-56.4383],"stabilizedTipPosition":[-28.285,297.092,-93.0413],"timeVisible":32.305,"tipPosition":[-29.4449,300.28,-90.8844],"tipVelocity":[-25.8414,61.9772,58.7056],"tool":false,"touchDistance":-0.047524,"touchZone":"touching","type":1,"width":19.3428},{"bases":[[[0.983038,-0.139266,-0.119338],[0.183392,0.739357,0.647857],[-0.0019915,-0.658753,0.752356]],[[0.982621,-0.118636,-0.142763],[-0.00854852,0.739364,-0.673252],[0.185426,0.662772,0.7255]],[[0.982621,-0.118636,-0.142763],[-0.18219,-0.469169,-0.86411],[0.035535,0.875103,-0.48263]],[[0.982621,-0.118636,-0.142763],[-0.17327,-0.862108,-0.476179],[-0.0665849,0.49264,-0.867682]]],"btipPosition":[-5.20171,252.787,-17.6813],"carpPosition":[3.35618,272.915,39.7487],"dipPosition":[-6.45297,262.044,-33.9868],"direction":[-0.035535,-0.875103,0.48263],"extended":false,"handId":506,"id":5062,"length":67.0064,"mcpPosition":[3.49512,318.875,-12.7416],"pipPosition":[-5.44249,286.929,-47.711],"stabilizedTipPosition":[-2.03007,249.179,-29.0961],"timeVisible":32.305,"tipPosition":[-5.50986,255.147,-21.458],"tipVelocity":[-28.7612,12.92,25.9459],"tool":false,"touchDistance":0.333333,"touchZone":"none","type":2,"width":18.9972},{"bases":[[[0.95539,-0.290026,-0.0558179],[0.253,0.706141,0.661329],[-0.152387,-0.645948,0.748017]],[[0.957746,-0.279463,-0.0679984],[0.167472,0.73407,-0.658099],[0.23383,0.618904,0.749854]],[[0.957746,-0.279463,-0.0679984],[-0.182864,-0.409179,-0.893942],[0.222,0.868604,-0.442993]],[[0.957746,-0.279463,-0.0679984],[-0.272504,-0.806068,-0.525354],[0.0920056,0.521685,-0.848162]]],"btipPosition":[6.7696,251.419,-13.9841],"carpPosition":[15.5404,272.419,38.2559],"dipPosition":[8.48864,261.166,-29.8312],"direction":[-0.222,-0.868604,0.442993],"extended":false,"handId":506,"id":5063,"length":64.4285,"mcpPosition":[25.0859,312.881,-8.59982],"pipPosition":[14.6385,285.229,-42.103],"stabilizedTipPosition":[10.2849,248.244,-24.0719],"timeVisible":32.305,"tipPosition":[7.16367,253.886,-17.4127],"tipVelocity":[-28.3374,10.5526,28.9293],"tool":false,"touchDistance":0.333333,"touchZone":"none","type":3,"width":18.077},{"bases":[[[0.876307,-0.4755,-0.0773661],[0.384054,0.592575,0.708066],[-0.29084,-0.650196,0.701895]],[[0.897889,-0.41841,-0.136851],[0.263801,0.760268,-0.593634],[0.352426,0.496917,0.793013]],[[0.897889,-0.41841,-0.136851],[-0.294579,-0.340052,-0.893077],[0.327136,0.842198,-0.428584]],[[0.897889,-0.41841,-0.136851],[-0.426336,-0.749023,-0.507151],[0.109692,0.513709,-0.850923]]],"btipPosition":[23.1907,260.026,-11.6384],"carpPosition":[27.0769,265.222,34.0517],"dipPosition":[25.0814,268.881,-26.3056],"direction":[-0.327136,-0.842198,0.428584],"extended":false,"handId":506,"id":5064,"length":50.5107,"mcpPosition":[43.9413,302.924,-6.64788],"pipPosition":[31.4798,285.353,-34.6882],"stabilizedTipPosition":[26.7881,257.273,-20.8922],"timeVisible":32.305,"tipPosition":[23.7519,262.127,-14.9971],"tipVelocity":[-31.0339,5.54615,47.8907],"tool":false,"touchDistance":0.333333,"touchZone":"none","type":4,"width":16.0574}],"r":[[0.984532,-0.0788899,0.156438],[0.0743601,0.996631,0.034609],[-0.158641,-0.022441,0.987081]],"s":1.10789,"t":[19.9876,35.2231,-6.59528],"timestamp":97846778450},false],[5,{"currentFrameRate":102.958,"devices":[],"gestures":[],"hands":[{"armBasis":[[0.941901,0.0558529,-0.331214],[0.0510362,0.950831,0.305475],[0.33199,-0.304631,0.892739]],"armWidth":63.72,"confidence":0.557377,"direction":[0.039471,0.765856,-0.6418],"elbow":[100.537,175.404,279.577],"grabStrength":0.707138,"id":506,"palmNormal":[-0.0354305,-0.640824,-0.76687],"palmPosition":[5.26623,296.647,0.581484],"palmVelocity":[-22.2009,-2.39031,52.0492],"palmWidth":90.99,"pinchStrength":0.747134,"r":[[0.984501,-0.0807481,0.155685],[0.0754136,0.996354,0.0398818],[-0.158338,-0.0275229,0.987001]],"s":1.10771,"sphereCenter":[13.8914,275.999,-43.7707],"sphereRadius":44.3755,"stabilizedPalmPosition":[9.81716,291.476,-8.96188],"t":[19.7844,35.1273,-6.12201],"timeVisible":32.3147,"type":"right","wrist":[10.8999,257.655,38.5375]}],"id":1801954,"interactionBox":{"center":[0,200,0],"size":[235.247,235.247,147.751]},"pointables":[{"bases":[[[0.441223,0.701283,0.559933],[-0.80322,0.0303596,0.594908],[0.400199,-0.712236,0.57668]],[[0.323149,0.861181,0.392354],[-0.917959,0.184457,0.35118],[0.230057,-0.473649,0.850136]],[[0.323149,0.861181,0.392354],[-0.93317,0.358921,-0.0192239],[-0.157379,-0.359921,0.919613]],[[0.323149,0.861181,0.392354],[-0.923112,0.195536,0.331105],[0.208422,-0.469183,0.858153]]],"btipPosition":[-29.0815,296.52,-61.3714],"carpPosition":[-18.0858,249.624,32.504],"dipPosition":[-24.2037,285.539,-41.2875],"direction":[0.157379,0.359921,-0.919613],"extended":false,"handId":506,"id":5060,"length":52.1164,"mcpPosition":[-18.0858,249.624,32.504],"pipPosition":[-29.5697,273.268,-9.93274],"stabilizedTipPosition":[-26.1435,291.648,-60.1058],"timeVisible":32.3147,"tipPosition":[-27.8424,294.202,-56.5829],"tipVelocity":[-23.2031,24.633,44.3167],"tool":false,"touchDistance":-0.0651337,"touchZone":"touching","type":0,"width":20.25},{"bases":[[[0.991043,0.0763328,-0.109574],[0.0159389,0.747049,0.664578],[0.132586,-0.660372,0.739141]],[[0.976491,0.131268,-0.170978],[-0.146975,0.985681,-0.0826474],[0.15768,0.105834,0.981802]],[[0.976491,0.131268,-0.170978],[-0.178917,0.935964,-0.30325],[0.120222,0.326712,0.937446]],[[0.976491,0.131268,-0.170978],[-0.193395,0.883828,-0.425964],[0.0951993,0.449017,0.888437]]],"btipPosition":[-29.9776,298.39,-93.7803],"carpPosition":[-8.91665,269.922,40.6165],"dipPosition":[-28.3511,306.062,-78.6009],"direction":[-0.120222,-0.326712,-0.937446],"extended":true,"handId":506,"id":5061,"length":58.8075,"mcpPosition":[-18.671,318.505,-13.7618],"pipPosition":[-25.4453,313.959,-55.9424],"stabilizedTipPosition":[-28.4892,297.566,-92.6152],"timeVisible":32.3147,"tipPosition":[-29.6273,300.835,-90.4695],"tipVelocity":[-24.1826,61.72,53.798],"tool":false,"touchDistance":-0.0408094,"touchZone":"touching","type":1,"width":19.3428},{"bases":[[[0.982509,-0.142067,-0.120384],[0.186164,0.734519,0.652552],[-0.00428192,-0.66355,0.74812]],[[0.982161,-0.121203,-0.143769],[-0.00584373,0.744516,-0.667579],[0.187951,0.65651,0.730526]],[[0.982161,-0.121203,-0.143769],[-0.183958,-0.460815,-0.868222],[0.0389803,0.879181,-0.474891]],[[0.982161,-0.121203,-0.143769],[-0.176602,-0.857152,-0.483842],[-0.0645888,0.5006,-0.863266]]],"btipPosition":[-5.55118,252.755,-17.7021],"carpPosition":[3.10411,272.513,39.9777],"dipPosition":[-6.76493,262.162,-33.9246],"direction":[-0.0389802,-0.879181,0.474891],"extended":false,"handId":506,"id":5062,"length":67.0064,"mcpPosition":[3.40285,318.807,-12.2171],"pipPosition":[-5.65648,287.163,-47.4288],"stabilizedTipPosition":[-2.09102,249.271,-28.9733],"timeVisible":32.3147,"tipPosition":[-5.84314,255.146,-21.4126],"tipVelocity":[-30.6875,9.24964,18.3499],"tool":false,"touchDistance":0.333333,"touchZone":"none","type":2,"width":18.9972},{"bases":[[[0.954322,-0.29313,-0.0578273],[0.255653,0.700965,0.6658],[-0.154631,-0.650171,0.743886]],[[0.956739,-0.282382,-0.070071],[0.169842,0.737607,-0.653521],[0.236227,0.613348,0.753658]],[[0.956739,-0.282382,-0.070071],[-0.184428,-0.402348,-0.896718],[0.225024,0.870848,-0.437021]],[[0.956739,-0.282382,-0.070071],[-0.275398,-0.801279,-0.531138],[0.0938374,0.527458,-0.844383]]],"btipPosition":[6.43087,251.325,-13.9076],"carpPosition":[15.2862,271.982,38.4798],"dipPosition":[8.18413,261.18,-29.684],"direction":[-0.225024,-0.870848,0.437021],"extended":false,"handId":506,"id":5063,"length":64.4285,"mcpPosition":[24.9723,312.708,-8.11725],"pipPosition":[14.4177,285.304,-41.7904],"stabilizedTipPosition":[10.2137,248.355,-23.937],"timeVisible":32.3147,"tipPosition":[6.83411,253.818,-17.3183],"tipVelocity":[-30.0856,5.38333,23.319],"tool":false,"touchDistance":0.333333,"touchZone":"none","type":3,"width":18.077},{"bases":[[[0.874564,-0.478173,-0.0805511],[0.3863,0.586626,0.711788],[-0.293105,-0.653621,0.69776]],[[0.896195,-0.421259,-0.139197],[0.265918,0.761177,-0.591521],[0.355137,0.493103,0.794183]],[[0.896195,-0.421259,-0.139197],[-0.296378,-0.334983,-0.894398],[0.330144,0.842809,-0.425061]],[[0.896195,-0.421259,-0.139197],[-0.429302,-0.744228,-0.511687],[0.111958,0.518329,-0.847821]]],"btipPosition":[22.8473,259.816,-11.3864],"carpPosition":[26.7959,264.77,34.2276],"dipPosition":[24.7771,268.75,-26.0002],"direction":[-0.330144,-0.842809,0.425061],"extended":false,"handId":506,"id":5064,"length":50.5107,"mcpPosition":[43.7917,302.671,-6.23216],"pipPosition":[31.2343,285.235,-34.3138],"stabilizedTipPosition":[26.7235,257.358,-20.7786],"timeVisible":32.3147,"tipPosition":[23.4245,261.958,-14.7728],"tipVelocity":[-32.1061,-1.85443,41.9437],"tool":false,"touchDistance":0.333333,"touchZone":"none","type":4,"width":16.0574}],"r":[[0.984501,-0.0807481,0.155685],[0.0754136,0.996354,0.0398818],[-0.158338,-0.0275229,0.987001]],"s":1.10771,"t":[19.7844,35.1273,-6.12201],"timestamp":97846788082},false],[6,{"currentFrameRate":102.981,"devices":[],"gestures":[],"hands":[{"armBasis":[[0.942178,0.0562179,-0.330363],[0.0503675,0.950873,0.305456],[0.331305,-0.304433,0.893061]],"armWidth":63.72,"confidence":0.562124,"direction":[0.0383424,0.764728,-0.643211],"elbow":[100.282,175.538,279.871],"grabStrength":0.706988,"id":506,"palmNormal":[-0.0353818,-0.642242,-0.765685],"palmPosition":[5.13436,296.653,0.721573],"palmVelocity":[-19.7046,-1.49828,41.096],"palmWidth":90.99,"pinchStrength":0.748071,"r":[[0.98451,-0.081999,0.15497],[0.0760847,0.996142,0.0437278],[-0.157957,-0.0312596,0.986951]],"s":1.10748,"sphereCenter":[13.7551,275.936,-43.6],"sphereRadius":44.38,"stabilizedPalmPosition":[9.79783,291.498,-8.92191],"t":[19.6169,35.0827,-5.81533],"timeVisible":32.3243,"type":"right","wrist":[10.8291,257.735,38.7442]}],"id":1801955,"interactionBox":{"center":[0,200,0],"size":[235.247,235.247,147.751]},"pointables":[{"bases":[[[0.440978,0.70269,0.558359],[-0.802838,0.030716,0.595405],[0.401235,-0.710832,0.577692]],[[0.3218,0.86303,0.38939],[-0.918037,0.183799,0.351319],[0.23163,-0.470529,0.85144]],[[0.3218,0.86303,0.38939],[-0.933766,0.357311,-0.0202467],[-0.156606,-0.357083,0.920851]],[[0.3218,0.86303,0.38939],[-0.923443,0.195285,0.330329],[0.209042,-0.465879,0.859801]]],"btipPosition":[-29.2686,296.234,-61.2761],"carpPosition":[-18.1535,249.668,32.7452],"dipPosition":[-24.3763,285.33,-41.1536],"direction":[0.156606,0.357083,-0.920851],"extended":false,"handId":506,"id":5060,"length":52.1164,"mcpPosition":[-18.1535,249.668,32.7452],"pipPosition":[-29.7159,273.155,-9.75667],"stabilizedTipPosition":[-26.2519,291.761,-59.9184],"timeVisible":32.3243,"tipPosition":[-28.0271,293.975,-56.4646],"tipVelocity":[-21.9799,9.34427,34.5353],"tool":false,"touchDistance":-0.0633973,"touchZone":"touching","type":0,"width":20.25},{"bases":[[[0.990899,0.077023,-0.110394],[0.0157246,0.748264,0.663215],[0.133687,-0.658915,0.740243]],[[0.976232,0.131904,-0.171965],[-0.147979,0.985397,-0.0842272],[0.158344,0.107673,0.981496]],[[0.976232,0.131904,-0.171965],[-0.18006,0.935231,-0.304828],[0.120619,0.328547,0.936754]],[[0.976232,0.131904,-0.171965],[-0.194588,0.882824,-0.427501],[0.0954261,0.450802,0.887508]]],"btipPosition":[-30.181,298.195,-93.6175],"carpPosition":[-8.99702,269.988,40.8146],"dipPosition":[-28.5506,305.897,-78.4539],"direction":[-0.120619,-0.328547,-0.936754],"extended":true,"handId":506,"id":5061,"length":58.8075,"mcpPosition":[-18.8323,318.464,-13.6448],"pipPosition":[-25.6351,313.839,-55.8122],"stabilizedTipPosition":[-28.6764,297.908,-92.2619],"timeVisible":32.3243,"tipPosition":[-29.8282,300.639,-90.31],"tipVelocity":[-23.2376,38.053,42.9113],"tool":false,"touchDistance":-0.0381561,"touchZone":"touching","type":1,"width":19.3428},{"bases":[[[0.982554,-0.141404,-0.120803],[0.185953,0.735865,0.651094],[-0.0031722,-0.662199,0.749322]],[[0.982167,-0.120513,-0.144304],[-0.00687728,0.744,-0.668144],[0.187882,0.657221,0.729904]],[[0.982167,-0.120513,-0.144304],[-0.184097,-0.46074,-0.868232],[0.038146,0.879315,-0.47471]],[[0.982167,-0.120513,-0.144304],[-0.176282,-0.857125,-0.484006],[-0.065358,0.500813,-0.863084]]],"btipPosition":[-5.67023,252.695,-17.5794],"carpPosition":[3.02097,272.588,40.1628],"dipPosition":[-6.89844,262.106,-33.7985],"direction":[-0.038146,-0.879315,0.47471],"extended":false,"handId":506,"id":5062,"length":67.0064,"mcpPosition":[3.24229,318.789,-12.1158],"pipPosition":[-5.8137,287.11,-47.2975],"stabilizedTipPosition":[-2.15675,249.366,-28.8428],"timeVisible":32.3243,"tipPosition":[-5.96021,255.083,-21.2527],"tipVelocity":[-25.4298,4.75374,16.7247],"tool":false,"touchDistance":0.333333,"touchZone":"none","type":2,"width":18.9972},{"bases":[[[0.954545,-0.292378,-0.057954],[0.255481,0.702398,0.664354],[-0.153536,-0.648962,0.745167]],[[0.956967,-0.281544,-0.0703402],[0.168539,0.736527,-0.655075],[0.23624,0.61503,0.752283]],[[0.956967,-0.281544,-0.0703402],[-0.184644,-0.403738,-0.896048],[0.223878,0.870476,-0.43835]],[[0.956967,-0.281544,-0.0703402],[-0.274949,-0.802106,-0.530122],[0.0928323,0.526649,-0.844999]]],"btipPosition":[6.32859,251.283,-13.7003],"carpPosition":[15.2025,272.066,38.6575],"dipPosition":[8.06306,261.123,-29.4883],"direction":[-0.223878,-0.870476,0.43835],"extended":false,"handId":506,"id":5063,"length":64.4285,"mcpPosition":[24.82,312.717,-8.01977],"pipPosition":[14.2649,285.237,-41.6315],"stabilizedTipPosition":[10.1465,248.455,-23.8098],"timeVisible":32.3243,"tipPosition":[6.72785,253.777,-17.1141],"tipVelocity":[-24.5276,2.46063,22.6907],"tool":false,"touchDistance":0.333333,"touchZone":"none","type":3,"width":18.077},{"bases":[[[0.874937,-0.477534,-0.080288],[0.386262,0.588259,0.710459],[-0.292038,-0.652619,0.699143]],[[0.896323,-0.421196,-0.138563],[0.264365,0.758522,-0.595613],[0.355973,0.49723,0.79123]],[[0.896323,-0.421196,-0.138563],[-0.296915,-0.338053,-0.893063],[0.329313,0.841614,-0.428064]],[[0.896323,-0.421196,-0.138563],[-0.429087,-0.745181,-0.510479],[0.111757,0.51701,-0.848653]]],"btipPosition":[22.6955,259.745,-11.1063],"carpPosition":[26.7158,264.857,34.4105],"dipPosition":[24.6218,268.657,-25.7343],"direction":[-0.329313,-0.841614,0.428064],"extended":false,"handId":506,"id":5064,"length":50.5107,"mcpPosition":[43.6497,302.699,-6.12948],"pipPosition":[31.0628,285.118,-34.1068],"stabilizedTipPosition":[26.6678,257.427,-20.6805],"timeVisible":32.3243,"tipPosition":[23.281,261.905,-14.5267],"tipVelocity":[-27.3465,-3.61785,38.0636],"tool":false,"touchDistance":0.333333,"touchZone":"none","type":4,"width":16.0574}],"r":[[0.98451,-0.081999,0.15497],[0.0760