{"sensorType":"Leap","data":[[0,{"currentFrameRate":109.223,"devices":[],"gestures":[],"hands":[{"armBasis":[[0.851102,-0.284729,-0.441083],[0.451288,0.826078,0.337541],[0.268261,-0.486338,0.831572]],"armWidth":63.72,"confidence":0.553014,"direction":[0.267604,0.617378,-0.739752],"elbow":[58.0209,135.408,291.481],"grabStrength":0.480388,"id":506,"palmNormal":[-0.37782,-0.63903,-0.669994],"palmPosition":[-8.3478,300.794,24.5898],"palmVelocity":[-2.51386,21.9701,-94.7187],"palmWidth":90.99,"pinchStrength":0.533187,"r":[[0.433336,-0.36271,0.825022],[0.713684,-0.420907,-0.559903],[0.55034,0.831432,0.0764663]],"s":1.17606,"sphereCenter":[-22.5255,279.104,-17.4054],"sphereRadius":43.3464,"stabilizedPalmPosition":[-15.0705,276.089,202.478],"t":[5.93438,38.9512,19.2616],"timeVisible":188.461,"type":"right","wrist":[-14.4097,266.719,66.9563]}],"id":1818298,"interactionBox":{"center":[0,200,0],"size":[235.247,235.247,147.751]},"pointables":[{"bases":[[[0.746821,0.507422,0.429862],[-0.64881,0.414071,0.638429],[0.14596,-0.75569,0.638457]],[[0.694762,0.664579,0.275028],[-0.712418,0.583331,0.390111],[0.098827,-0.466969,0.878734]],[[0.694762,0.664579,0.275028],[-0.683863,0.728836,-0.0336224],[-0.222795,-0.164722,0.960848]],[[0.694762,0.664579,0.275028],[-0.716884,0.670782,0.190076],[-0.0581636,-0.329221,0.94246]]],"btipPosition":[-40.65,307.415,-34.6555],"carpPosition":[-44.6744,270.784,64.0264],"dipPosition":[-42.0113,299.71,-12.5986],"direction":[0.222795,0.164722,-0.960848],"extended":false,"handId":506,"id":5060,"length":52.1164,"mcpPosition":[-44.6744,270.784,64.0264],"pipPosition":[-49.6076,294.094,20.1621],"stabilizedTipPosition":[-58.71,291.239,135.36],"timeVisible":188.461,"tipPosition":[-40.7813,305.438,-29.4657],"tipVelocity":[16.3862,10.1096,-103.614],"tool":false,"touchDistance":-0.422009,"touchZone":"touching","type":0,"width":20.25},{"bases":[[[0.918712,-0.348614,-0.185573],[0.390697,0.733669,0.555955],[-0.0576645,-0.583265,0.810233]],[[0.918039,-0.266246,-0.293797],[0.258869,0.963758,-0.0644819],[0.300318,-0.0168582,0.95369]],[[0.918039,-0.266246,-0.293797],[0.224652,0.959869,-0.167877],[0.326704,0.0881155,0.94101]],[[0.918039,-0.266246,-0.293797],[0.201962,0.951676,-0.231354],[0.341197,0.153056,0.927447]]],"btipPosition":[-49.6606,325.075,-70.4627],"carpPosition":[-27.2744,286.185,68.7093],"dipPosition":[-43.831,327.69,-54.6167],"direction":[-0.326704,-0.0881155,-0.94101],"extended":true,"handId":506,"id":5061,"length":58.8075,"mcpPosition":[-23.0321,329.095,9.10076],"pipPosition":[-35.9344,329.82,-31.8721],"stabilizedTipPosition":[-56.2727,319.311,24.923],"timeVisible":188.461,"tipPosition":[-47.8416,325.486,-66.9394],"tipVelocity":[-2.87636,62.3984,-90.5962],"tool":false,"touchDistance":-0.41305,"touchZone":"touching","type":1,"width":19.3428},{"bases":[[[0.822319,-0.544141,-0.166441],[0.53903,0.651186,0.534231],[-0.182313,-0.529025,0.828791]],[[0.814895,-0.563617,-0.13521],[0.301341,0.61125,-0.731825],[0.495116,0.555616,0.667945]],[[0.814895,-0.563617,-0.13521],[-0.327889,-0.255911,-0.909395],[0.477949,0.785395,-0.393344]],[[0.814895,-0.563617,-0.13521],[-0.516998,-0.601353,-0.60917],[0.26203,0.566312,-0.781428]]],"btipPosition":[-45.0451,260.683,2.7695],"carpPosition":[-15.3847,283.531,66.9179],"dipPosition":[-40.121,271.325,-11.9151],"direction":[-0.477949,-0.785395,0.393344],"extended":false,"handId":506,"id":5062,"length":67.0064,"mcpPosition":[-2.6651,320.44,9.09484],"pipPosition":[-26.5299,293.659,-23.1004],"stabilizedTipPosition":[-60.3608,249.253,196.255],"timeVisible":188.461,"tipPosition":[-43.7786,263.291,-0.588702],"tipVelocity":[13.3725,16.0841,-105.741],"tool":false,"touchDistance":0.333333,"touchZone":"none","type":2,"width":18.9972},{"bases":[[[0.743537,-0.663591,-0.0824592],[0.590317,0.59345,0.547122],[-0.31413,-0.455483,0.832981]],[[0.739584,-0.669189,-0.0721214],[0.396453,0.519719,-0.756781],[0.543913,0.531111,0.649677]],[[0.739584,-0.669189,-0.0721214],[-0.333264,-0.270996,-0.903048],[0.584765,0.691915,-0.423441]],[[0.739584,-0.669189,-0.0721214],[-0.568507,-0.563736,-0.599167],[0.360299,0.484136,-0.797369]]],"btipPosition":[-32.2528,254.488,10.1072],"carpPosition":[-4.69715,277.899,64.6843],"dipPosition":[-25.521,263.534,-4.79082],"direction":[-0.584765,-0.691916,0.423441],"extended":false,"handId":506,"id":5063,"length":64.4285,"mcpPosition":[14.98,306.431,12.5063],"pipPosition":[-9.32183,282.701,-16.521],"stabilizedTipPosition":[-47.198,239.558,199.541],"timeVisible":188.461,"tipPosition":[-30.524,256.585,6.65829],"tipVelocity":[14.1631,20.5909,-108.354],"tool":false,"touchDistance":0.333333,"touchZone":"none","type":3,"width":18.077},{"bases":[[[0.594356,-0.80072,-0.0747558],[0.668691,0.440425,0.599065],[-0.446759,-0.406046,0.797203]],[[0.602017,-0.793555,-0.0885746],[0.511741,0.468598,-0.720095],[0.612941,0.388182,0.688199]],[[0.602017,-0.793555,-0.0885746],[-0.351721,-0.163956,-0.921635],[0.716846,0.585993,-0.377814]],[[0.602017,-0.793555,-0.0885746],[-0.645925,-0.418776,-0.638285],[0.469422,0.441471,-0.764687]]],"btipPosition":[-15.4936,256.975,10.6777],"carpPosition":[2.38608,266.227,60.6675],"dipPosition":[-7.40228,264.584,-2.50309],"direction":[-0.716846,-0.585993,0.377814],"extended":false,"handId":506,"id":5064,"length":50.5107,"mcpPosition":[28.2915,289.771,14.4415],"pipPosition":[6.61836,276.046,-9.89269],"stabilizedTipPosition":[-30.715,239.669,191.502],"timeVisible":188.461,"tipPosition":[-13.5339,258.803,7.75472],"tipVelocity":[14.4325,24.0753,-101.634],"tool":false,"touchDistance":0.333333,"touchZone":"none","type":4,"width":16.0574}],"r":[[0.433336,-0.36271,0.825022],[0.713684,-0.420907,-0.559903],[0.55034,0.831432,0.0764663]],"s":1.17606,"t":[5.93438,38.9512,19.2616],"timestamp":98002933998},false],[1,{"currentFrameRate":109.481,"devices":[],"gestures":[],"hands":[{"armBasis":[[0.851157,-0.285936,-0.440196],[0.4518,0.825997,0.337055],[0.267224,-0.485768,0.832238]],"armWidth":63.72,"confidence":0.55426,"direction":[0.268738,0.617655,-0.739109],"elbow":[57.8147,135.607,290.802],"grabStrength":0.469615,"id":506,"palmNormal":[-0.377735,-0.63829,-0.670747],"palmPosition":[-8.21001,300.863,23.7593],"palmVelocity":[2.382,18.2317,-94.9949],"palmWidth":90.99,"pinchStrength":0.527727,"r":[[0.43331,-0.363333,0.824762],[0.715415,-0.41789,-0.559955],[0.54811,0.832681,0.0788581]],"s":1.1771,"sphereCenter":[-22.6698,279.457,-18.2228],"sphereRadius":43.3341,"stabilizedPalmPosition":[-15.0704,276.089,202.477],"t":[6.01969,39.0993,18.3954],"timeVisible":188.469,"type":"right","wrist":[-14.3358,266.764,66.0979]}],"id":1818299,"interactionBox":{"center":[0,200,0],"size":[235.247,235.247,147.751]},"pointables":[{"bases":[[[0.746843,0.50655,0.430851],[-0.649043,0.41416,0.638134],[0.144806,-0.756226,0.638085]],[[0.695032,0.663872,0.27605],[-0.712324,0.583705,0.389722],[0.097594,-0.467506,0.878586]],[[0.695032,0.663872,0.27605],[-0.683316,0.729351,-0.0335778],[-0.223628,-0.165292,0.960557]],[[0.695032,0.663872,0.27605],[-0.716549,0.671131,0.190108],[-0.059058,-0.329935,0.942155]]],"btipPosition":[-40.4595,307.549,-35.5133],"carpPosition":[-44.5948,270.855,63.1442],"dipPosition":[-41.8417,299.828,-13.4634],"direction":[0.223628,0.165292,-0.960557],"extended":false,"handId":506,"id":5060,"length":52.1164,"mcpPosition":[-44.5948,270.855,63.1442],"pipPosition":[-49.4664,294.192,19.2873],"stabilizedTipPosition":[-58.71,291.239,135.36],"timeVisible":188.469,"tipPosition":[-40.5962,305.57,-30.3247],"tipVelocity":[17.7239,11.4196,-102.409],"tool":false,"touchDistance":-0.421032,"touchZone":"touching","type":0,"width":20.25},{"bases":[[[0.918599,-0.349215,-0.184998],[0.390786,0.732994,0.556781],[-0.0588335,-0.583754,0.809796]],[[0.917992,-0.265894,-0.294262],[0.2608,0.963697,-0.0571903],[0.298786,-0.0242434,0.954012]],[[0.917992,-0.265894,-0.294262],[0.226243,0.960489,-0.162096],[0.325736,0.0822284,0.941878]],[[0.917992,-0.265894,-0.294262],[0.203226,0.952525,-0.226706],[0.340572,0.148313,0.928447]]],"btipPosition":[-49.3871,325.706,-71.3392],"carpPosition":[-27.1868,286.239,67.8525],"dipPosition":[-43.5682,328.24,-55.4761],"direction":[-0.325736,-0.0822284,-0.941878],"extended":true,"handId":506,"id":5061,"length":58.8075,"mcpPosition":[-22.8584,329.186,8.27611],"pipPosition":[-35.695,330.228,-32.7105],"stabilizedTipPosition":[-56.2717,319.312,24.9116],"timeVisible":188.469,"tipPosition":[-47.6304,325.956,-67.7862],"tipVelocity":[6.20375,64.5842,-93.261],"tool":false,"touchDistance":-0.413167,"touchZone":"touching","type":1,"width":19.3428},{"bases":[[[0.822036,-0.544678,-0.16608],[0.539074,0.650409,0.535133],[-0.183455,-0.529428,0.828281]],[[0.814558,-0.564197,-0.134823],[0.302309,0.611244,-0.73143],[0.49508,0.555034,0.668456]],[[0.814558,-0.564197,-0.134823],[-0.327501,-0.255452,-0.909663],[0.478789,0.785128,-0.392855]],[[0.814558,-0.564197,-0.134823],[-0.517039,-0.600776,-0.609704],[0.262995,0.566348,-0.781079]]],"btipPosition":[-44.9186,260.793,1.9119],"carpPosition":[-15.2976,283.577,66.0698],"dipPosition":[-39.9764,271.435,-12.7661],"direction":[-0.478789,-0.785128,0.392855],"extended":false,"handId":506,"id":5062,"length":67.0064,"mcpPosition":[-2.49828,320.514,8.28231],"pipPosition":[-26.3613,293.762,-23.9375],"stabilizedTipPosition":[-60.3608,249.253,196.255],"timeVisible":188.469,"tipPosition":[-43.6514,263.398,-1.4569],"tipVelocity":[13.824,15.1656,-103.87],"tool":false,"touchDistance":0.333333,"touchZone":"none","type":2,"width":18.9972},{"bases":[[[0.743087,-0.664121,-0.0822463],[0.590304,0.592623,0.548031],[-0.315218,-0.455785,0.832404]],[[0.738992,-0.6699,-0.0715868],[0.39749,0.519328,-0.756505],[0.54396,0.530596,0.650058]],[[0.738992,-0.6699,-0.0715868],[-0.332983,-0.270807,-0.903209],[0.585673,0.691301,-0.42319]],[[0.738992,-0.6699,-0.0715868],[-0.568646,-0.563231,-0.59951],[0.361292,0.483741,-0.797159]]],"btipPosition":[-32.1459,254.594,9.27302],"carpPosition":[-4.61252,277.939,63.8418],"dipPosition":[-25.3955,263.632,-5.62111],"direction":[-0.585673,-0.691301,0.42319],"extended":false,"handId":506,"id":5063,"length":64.4285,"mcpPosition":[15.1328,306.489,11.7],"pipPosition":[-9.17115,282.782,-17.3443],"stabilizedTipPosition":[-47.198,239.558,199.541],"timeVisible":188.469,"tipPosition":[-30.4155,256.687,5.80805],"tipVelocity":[13.8076,18.3017,-105.088],"tool":false,"touchDistance":0.333333,"touchZone":"none","type":3,"width":18.077},{"bases":[[[0.593791,-0.801138,-0.0747643],[0.668512,0.439503,0.599941],[-0.447777,-0.406221,0.796543]],[[0.601757,-0.793695,-0.0890931],[0.511802,0.468842,-0.719893],[0.613146,0.387603,0.688343]],[[0.601757,-0.793695,-0.0890931],[-0.352193,-0.163581,-0.921521],[0.716832,0.585909,-0.37797]],[[0.601757,-0.793695,-0.0890931],[-0.646297,-0.418368,-0.638176],[0.469243,0.441607,-0.764718]]],"btipPosition":[-15.3595,257.041,9.87046],"carpPosition":[2.46504,266.263,59.8235],"dipPosition":[-7.27127,264.653,-3.31083],"direction":[-0.716832,-0.585909,0.37797],"extended":false,"handId":506,"id":5064,"length":50.5107,"mcpPosition":[28.4295,289.818,13.6358],"pipPosition":[6.74911,276.113,-10.7035],"stabilizedTipPosition":[-30.715,239.669,191.502],"timeVisible":188.469,"tipPosition":[-13.4089,258.874,6.92225],"tipVelocity":[14.6841,19.7213,-99.3593],"tool":false,"touchDistance":0.333333,"touchZone":"none","type":4,"width":16.0574}],"r":[[0.43331,-0.363333,0.824762],[0.715415,-0.41789,-0.559955],[0.54811,0.832681,0.0788581]],"s":1.1771,"t":[6.01969,39.0993,18.3954],"timestamp":98002942671},false],[2,{"currentFrameRate":109.517,"devices":[],"gestures":[],"hands":[{"armBasis":[[0.851138,-0.286012,-0.440183],[0.451646,0.82636,0.336371],[0.267544,-0.485105,0.832522]],"armWidth":63.72,"confidence":0.556394,"direction":[0.268905,0.620105,-0.736994],"elbow":[57.8859,135.734,289.894],"grabStrength":0.456493,"id":506,"palmNormal":[-0.377075,-0.636324,-0.672983],"palmPosition":[-8.21492,300.947,22.8863],"palmVelocity":[1.57413,15.7582,-95.3499],"palmWidth":90.99,"pinchStrength":0.520535,"r":[[0.433226,-0.364316,0.824372],[0.716894,-0.415057,-0.56017],[0.546241,0.833667,0.0813623]],"s":1.17872,"sphereCenter":[-23.0049,279.969,-19.123],"sphereRadius":43.3281,"stabilizedPalmPosition":[-15.0704,276.09,202.476],"t":[6.0599,39.2154,17.5257],"timeVisible":188.478,"type":"right","wrist":[-14.3509,266.712,65.1132]}],"id":1818300,"interactionBox":{"center":[0,200,0],"size":[235.247,235.247,147.751]},"pointables":[{"bases":[[[0.746378,0.505499,0.432886],[-0.649589,0.411864,0.639063],[0.144756,-0.758181,0.635773]],[[0.69458,0.663311,0.278528],[-0.712823,0.582247,0.390988],[0.0971748,-0.470114,0.87724]],[[0.69458,0.663311,0.278528],[-0.683736,0.729063,-0.0311863],[-0.223751,-0.168778,0.959922]],[[0.69458,0.663311,0.278528],[-0.716979,0.670084,0.192169],[-0.059169,-0.333176,0.941006]]],"btipPosition":[-40.4469,307.818,-36.387],"carpPosition":[-44.6098,270.799,62.1548],"dipPosition":[-41.8316,300.021,-14.364],"direction":[0.223751,0.168778,-0.959922],"extended":false,"handId":506,"id":5060,"length":52.1164,"mcpPosition":[-44.6098,270.799,62.1548],"pipPosition":[-49.4605,294.266,18.3651],"stabilizedTipPosition":[-58.71,291.239,135.36],"timeVisible":188.478,"tipPosition":[-40.5826,305.822,-31.2057],"tipVelocity":[13.193,15.9357,-100.923],"tool":false,"touchDistance":-0.42046,"touchZone":"touching","type":0,"width":20.25},{"bases":[[[0.918854,-0.34824,-0.185568],[0.390152,0.731393,0.559326],[-0.0590562,-0.586339,0.80791]],[[0.918188,-0.263767,-0.295563],[0.262029,0.963952,-0.0462389],[0.297105,-0.0349901,0.954204]],[[0.918188,-0.263767,-0.295563],[0.227371,0.961865,-0.152045],[0.324396,0.0724037,0.943146]],[[0.918188,-0.263767,-0.295563],[0.204184,0.95447,-0.217478],[0.339469,0.139336,0.93024]]],"btipPosition":[-49.2715,326.685,-72.2006],"carpPosition":[-27.2111,286.176,66.9219],"dipPosition":[-43.4715,329.066,-56.3069],"direction":[-0.324396,-0.0724037,-0.943146],"extended":true,"handId":506,"id":5061,"length":58.8075,"mcpPosition":[-22.8664,329.313,7.48424],"pipPosition":[-35.6307,330.816,-33.5106],"stabilizedTipPosition":[-56.2691,319.314,24.8824],"timeVisible":188.478,"tipPosition":[-47.5927,326.732,-68.6096],"tipVelocity":[7.87917,75.5078,-93.5245],"tool":false,"touchDistance":-0.412999,"touchZone":"touching","type":1,"width":19.3428},{"bases":[[[0.822363,-0.543803,-0.167325],[0.538488,0.648939,0.537503],[-0.183712,-0.532125,0.826495]],[[0.814865,-0.563448,-0.136094],[0.302339,0.613462,-0.729558],[0.494557,0.553345,0.670241]],[[0.814865,-0.563448,-0.136094],[-0.327048,-0.253063,-0.910494],[0.478576,0.786438,-0.390487]],[[0.814865,-0.563448,-0.136094],[-0.516521,-0.599268,-0.611624],[0.263062,0.568686,-0.779355]]],"btipPosition":[-44.8928,260.928,0.918629],"carpPosition":[-15.3197,283.525,65.1377],"dipPosition":[-39.9494,271.615,-13.727],"direction":[-0.478576,-0.786438,0.390487],"extended":false,"handId":506,"id":5062,"length":67.0064,"mcpPosition":[-2.50253,320.65,7.47484],"pipPosition":[-26.3404,293.978,-24.831],"stabilizedTipPosition":[-60.3608,249.253,196.255],"timeVisible":188.478,"tipPosition":[-43.6287,263.541,-2.45281],"tipVelocity":[10.7976,15.4168,-105.208],"tool":false,"touchDistance":0.333333,"touchZone":"none","type":2,"width":18.9972},{"bases":[[[0.743416,-0.663544,-0.0839153],[0.589735,0.591135,0.550247],[-0.315508,-0.45855,0.830774]],[[0.739135,-0.669611,-0.0728097],[0.397452,0.520864,-0.755468],[0.543794,0.529454,0.651127]],[[0.739135,-0.669611,-0.0728097],[-0.33307,-0.2694,-0.903597],[0.585443,0.692131,-0.422151]],[[0.739135,-0.669611,-0.0728097],[-0.568541,-0.562276,-0.600505],[0.361166,0.48525,-0.796299]]],"btipPosition":[-32.13,254.726,8.33877],"carpPosition":[-4.63098,277.898,62.8981],"dipPosition":[-25.382,263.792,-6.53928],"direction":[-0.585443,-0.692131,0.422151],"extended":false,"handId":506,"id":5063,"length":64.4285,"mcpPosition":[15.1325,306.621,10.8584],"pipPosition":[-9.16402,282.965,-18.2337],"stabilizedTipPosition":[-47.198,239.558,199.541],"timeVisible":188.478,"tipPosition":[-30.4046,256.823,4.84302],"tipVelocity":[10.4586,17.4642,-104.406],"tool":false,"touchDistance":0.333333,"touchZone":"none","type":3,"width":18.077},{"bases":[[[0.594174,-0.800647,-0.0769538],[0.667977,0.437884,0.601718],[-0.448067,-0.408928,0.794993]],[[0.602591,-0.792722,-0.0920654],[0.510627,0.471647,-0.718895],[0.613306,0.386189,0.688995]],[[0.602591,-0.792722,-0.0920654],[-0.353006,-0.161305,-0.921611],[0.715731,0.587855,-0.377036]],[[0.602591,-0.792722,-0.0920654],[-0.646373,-0.417143,-0.6389],[0.468066,0.444504,-0.763761]]],"btipPosition":[-15.3177,257.135,8.92599],"carpPosition":[2.45385,266.238,58.847],"dipPosition":[-7.24975,264.797,-4.2388],"direction":[-0.715731,-0.587855,0.377036],"extended":false,"handId":506,"id":5064,"length":50.5107,"mcpPosition":[28.4351,289.95,12.7491],"pipPosition":[6.74909,276.294,-11.6132],"stabilizedTipPosition":[-30.7149,239.669,191.502],"timeVisible":188.478,"tipPosition":[-13.3804,258.987,5.95218],"tipVelocity":[11.7585,17.4777,-100.569],"tool":false,"touchDistance":0.333333,"touchZone":"none","type":4,"width":16.0574}],"r":[[0.433226,-0.364316,0.824372],[0.716894,-0.415057,-0.56017],[0.546241,0.833667,0.0813623]],"s":1.17872,"t":[6.0599,39.2154,17.5257],"timestamp":98002951739},false],[3,{"currentFrameRate":109.538,"devices":[],"gestures":[],"hands":[{"armBasis":[[0.850428,-0.288823,-0.43972],[0.453827,0.825529,0.335475],[0.266109,-0.484854,0.833128]],"armWidth":63.72,"confidence":0.557275,"direction":[0.266246,0.620744,-0.737421],"elbow":[57.7207,135.791,288.718],"grabStrength":0.445888,"id":506,"palmNormal":[-0.380562,-0.635191,-0.67209],"palmPosition":[-8.14609,300.981,21.5612],"palmVelocity":[3.23501,12.4355,-109.308],"palmWidth":90.99,"pinchStrength":0.513892,"r":[[0.433813,-0.365372,0.823596],[0.717512,-0.412783,-0.561059],[0.544961,0.834334,0.0830884]],"s":1.18061,"sphereCenter":[-23.4781,280.354,-20.3548],"sphereRadius":43.3167,"stabilizedPalmPosition":[-15.0704,276.09,202.476],"t":[6.11441,39.2906,16.4283],"timeVisible":188.487,"type":"right","wrist":[-14.1287,266.702,63.7738]}],"id":1818301,"interactionBox":{"center":[0,200,0],"size":[235.247,235.247,147.751]},"pointables":[{"bases":[[[0.748701,0.504327,0.430234],[-0.646439,0.411676,0.642371],[0.146848,-0.759064,0.634238]],[[0.696366,0.662378,0.276278],[-0.710631,0.582536,0.394532],[0.100387,-0.47107,0.876365]],[[0.696366,0.662378,0.276278],[-0.683267,0.729662,-0.0271755],[-0.21959,-0.169848,0.960693]],[[0.696366,0.662378,0.276278],[-0.715557,0.670425,0.196235],[-0.0552417,-0.334345,0.940831]]],"btipPosition":[-40.6277,307.95,-37.5683],"carpPosition":[-44.3965,270.819,60.952],"dipPosition":[-41.9206,300.125,-15.5495],"direction":[0.21959,0.169848,-0.960693],"extended":false,"handId":506,"id":5060,"length":52.1164,"mcpPosition":[-44.3965,270.819,60.952],"pipPosition":[-49.4076,294.334,17.2059],"stabilizedTipPosition":[-58.7099,291.239,135.359],"timeVisible":188.487,"tipPosition":[-40.7448,305.949,-32.388],"tipVelocity":[4.6745,15.3258,-108.99],"tool":false,"touchDistance":-0.424482,"touchZone":"touching","type":0,"width":20.25},{"bases":[[[0.91773,-0.348828,-0.189976],[0.393229,0.730384,0.55849],[-0.0560613,-0.587247,0.807464]],[[0.916569,-0.263422,-0.30085],[0.263868,0.963732,-0.0399352],[0.300459,-0.0427816,0.952835]],[[0.916569,-0.263422,-0.30085],[0.228925,0.962532,-0.145343],[0.327865,0.0643441,0.942531]],[[0.916569,-0.263422,-0.30085],[0.205502,0.955701,-0.210722],[0.343032,0.131316,0.930099]]],"btipPosition":[-49.5332,327.417,-73.352],"carpPosition":[-26.9637,286.175,65.6615],"dipPosition":[-43.6723,329.661,-57.4607],"direction":[-0.327865,-0.0643441,-0.942531],"extended":true,"handId":506,"id":5061,"length":58.8075,"mcpPosition":[-22.8392,329.378,6.2567],"pipPosition":[-35.7477,331.216,-34.6794],"stabilizedTipPosition":[-56.2646,319.319,24.8294],"timeVisible":188.487,"tipPosition":[-47.8992,327.303,-69.7393],"tipVelocity":[-1.8487,75.9337,-102.717],"tool":false,"touchDistance":-0.417313,"touchZone":"touching","type":1,"width":19.3428},{"bases":[[[0.821146,-0.544327,-0.171545],[0.541394,0.647825,0.535924],[-0.180587,-0.532945,0.826655]],[[0.813757,-0.564026,-0.140269],[0.299583,0.613863,-0.730358],[0.498046,0.552311,0.668507]],[[0.813757,-0.564026,-0.140269],[-0.331394,-0.252011,-0.909213],[0.47747,0.786362,-0.39199]],[[0.813757,-0.564026,-0.140269],[-0.519787,-0.598271,-0.60983],[0.260041,0.569163,-0.78002]]],"btipPosition":[-44.9536,261.019,-0.26894],"carpPosition":[-15.0825,283.515,63.8225],"dipPosition":[-40.0669,271.714,-14.9271],"direction":[-0.47747,-0.786362,0.39199],"extended":false,"handId":506,"id":5062,"length":67.0064,"mcpPosition":[-2.48333,320.697,6.14845],"pipPosition":[-26.4894,294.076,-26.0739],"stabilizedTipPosition":[-60.3608,249.253,196.254],"timeVisible":188.487,"tipPosition":[-43.7054,263.631,-3.65302],"tipVelocity":[5.55864,13.9662,-112.337],"tool":false,"touchDistance":0.333333,"touchZone":"none","type":2,"width":18.9972},{"bases":[[[0.742456,-0.664098,-0.0879347],[0.592646,0.589961,0.548377],[-0.312298,-0.45926,0.831595]],[[0.73804,-0.670423,-0.0763581],[0.394566,0.520599,-0.757162],[0.54737,0.528687,0.648749]],[[0.73804,-0.670423,-0.0763581],[-0.337794,-0.269139,-0.90192],[0.584116,0.691446,-0.4251]],[[0.73804,-0.670423,-0.0763581],[-0.572074,-0.561699,-0.597683],[0.35781,0.484797,-0.798088]]],"btipPosition":[-32.169,254.815,7.14039],"carpPosition":[-4.40859,277.881,61.5297],"dipPosition":[-25.4837,263.873,-7.77108],"direction":[-0.584116,-0.691446,0.4251],"extended":false,"handId":506,"id":5063,"length":64.4285,"mcpPosition":[15.1538,306.649,9.43864],"pipPosition":[-9.30251,283.028,-19.5472],"stabilizedTipPosition":[-47.198,239.558,199.54],"timeVisible":188.487,"tipPosition":[-30.4632,256.906,3.6108],"tipVelocity":[5.93391,15.2988,-112.232],"tool":false,"touchDistance":0.333333,"touchZone":"none","type":3,"width":18.077},{"bases":[[[0.593124,-0.801078,-0.0804865],[0.670975,0.43658,0.599325],[-0.444967,-0.409479,0.796449]],[[0.601455,-0.793169,-0.0955749],[0.506559,0.471132,-0.722103],[0.617778,0.385898,0.685152]],[[0.601455,-0.793169,-0.0955749],[-0.358455,-0.16101,-0.919558],[0.713976,0.587332,-0.381155]],[[0.601455,-0.793169,-0.0955749],[-0.649981,-0.416264,-0.635806],[0.464517,0.444531,-0.765908]]],"btipPosition":[-15.3657,257.169,7.68206],"carpPosition":[2.64824,266.22,57.434],"dipPosition":[-7.35889,264.831,-5.51975],"direction":[-0.713976,-0.587332,0.381155],"extended":false,"handId":506,"id":5064,"length":50.5107,"mcpPosition":[28.4497,289.964,11.2517],"pipPosition":[6.60562,276.319,-12.9747],"stabilizedTipPosition":[-30.7149,239.669,191.501],"timeVisible":188.487,"tipPosition":[-13.4378,259.027,4.65947],"tipVelocity":[6.61203,13.6767,-110.87],"tool":false,"touchDistance":0.333333,"touchZone":"none","type":4,"width":16.0574}],"r":[[0.433813,-0.365372,0.823596],[0.717512,-0.412783,-0.561059],[0.544961,0.834334,0.0830884]],"s":1.18061,"t":[6.11441,39.2906,16.4283],"timestamp":98002960830},false],[4,{"currentFrameRate":109.615,"devices":[],"gestures":[],"hands":[{"armBasis":[[0.849363,-0.290083,-0.440947],[0.455132,0.825584,0.333565],[0.267278,-0.484007,0.833247]],"armWidth":63.72,"confidence":0.517586,"direction":[0.268606,0.62097,-0.736374],"elbow":[57.7667,135.956,287.583],"grabStrength":0.444779,"id":506,"palmNormal":[-0.380589,-0.63385,-0.67334],"palmPosition":[-8.28281,300.947,20.4367],"palmVelocity":[-1.82422,8.00154,-113.649],"palmWidth":90.99,"pinchStrength":0.513252,"r":[[0.433875,-0.366533,0.823047],[0.718043,-0.411114,-0.561605],[0.544212,0.834649,0.084814]],"s":1.18216,"sphereCenter":[-23.6642,280.459,-21.5048],"sphereRadius":43.3101,"stabilizedPalmPosition":[-15.0704,276.09,202.475],"t":[6.07331,39.3114,15.3174],"timeVisible":188.496,"type":"right","wrist":[-14.3982,266.638,62.6061]}],"id":1818302,"interactionBox":{"center":[0,200,0],"size":[235.247,235.247,147.751]},"pointables":[{"bases":[[[0.748894,0.502551,0.431973],[-0.646764,0.41223,0.641687],[0.144408,-0.75994,0.633748]],[[0.697105,0.660843,0.278085],[-0.710258,0.583578,0.393661],[0.0978636,-0.471936,0.876185]],[[0.697105,0.660843,0.278085],[-0.681907,0.730919,-0.0275507],[-0.221465,-0.170423,0.960161]],[[0.697105,0.660843,0.278085],[-0.714695,0.671362,0.196173],[-0.0570562,-0.3355,0.940311]]],"btipPosition":[-40.6526,308.034,-38.7433],"carpPosition":[-44.6538,270.813,59.7376],"dipPosition":[-41.988,300.182,-16.7367],"direction":[0.221465,0.170423,-0.960161],"extended":false,"handId":506,"id":5060,"length":52.1164,"mcpPosition":[-44.6538,270.813,59.7376],"pipPosition":[-49.5389,294.371,16.0006],"stabilizedTipPosition":[-58.7099,291.239,135.359],"timeVisible":188.496,"tipPosition":[-40.7822,306.029,-33.5651],"tipVelocity":[2.33378,13.5033,-115.046],"tool":false,"touchDistance":-0.428035,"touchZone":"touching","type":0,"width":20.25},{"bases":[[[0.917412,-0.350311,-0.188779],[0.393619,0.729129,0.559853],[-0.0584783,-0.587922,0.806801]],[[0.916542,-0.264357,-0.30011],[0.265488,0.963373,-0.0377982],[0.29911,-0.045032,0.953155]],[[0.916542,-0.264357,-0.30011],[0.230684,0.962425,-0.143255],[0.326704,0.0620685,0.943086]],[[0.916542,-0.264357,-0.30011],[0.207331,0.955751,-0.208696],[0.342001,0.129056,0.930795]]],"btipPosition":[-49.4891,327.615,-74.5126],"carpPosition":[-27.201,286.133,64.4912],"dipPosition":[-43.6458,329.82,-58.6095],"direction":[-0.326704,-0.0620685,-0.943086],"extended":true,"handId":506,"id":5061,"length":58.8075,"mcpPosition":[-22.8988,329.386,5.13516],"pipPosition":[-35.7493,331.321,-35.8147],"stabilizedTipPosition":[-56.2591,319.325,24.7655],"timeVisible":188.496,"tipPosition":[-47.8636,327.496,-70.8979],"tipVelocity":[-0.1201,60.8867,-109.885],"tool":false,"touchDistance":-0.421283,"touchZone":"touching","type":1,"width":19.3428},{"bases":[[[0.820442,-0.545652,-0.170698],[0.541672,0.646323,0.537455],[-0.182937,-0.533413,0.825836]],[[0.812957,-0.565388,-0.139421],[0.301805,0.613838,-0.729463],[0.498011,0.550944,0.669661]],[[0.812957,-0.565388,-0.139421],[-0.330483,-0.250824,-0.909873],[0.479461,0.785763,-0.39076]],[[0.812957,-0.565388,-0.139421],[-0.519926,-0.596909,-0.611045],[0.262256,0.569242,-0.779221]]],"btipPosition":[-45.1253,261.071,-1.47043],"carpPosition":[-15.3216,283.453,62.6694],"dipPosition":[-40.197,271.768,-16.1136],"direction":[-0.479461,-0.785763,0.39076],"extended":false,"handId":506,"id":5062,"length":67.0064,"mcpPosition":[-2.55849,320.668,5.05254],"pipPosition":[-26.5628,294.113,-27.2254],"stabilizedTipPosition":[-60.3608,249.253,196.254],"timeVisible":188.496,"tipPosition":[-43.87,263.682,-4.85916],"tipVelocity":[-0.91375,11.7473,-118.091],"tool":false,"touchDistance":0.333333,"touchZone":"none","type":2,"width":18.9972},{"bases":[[[0.741396,-0.665361,-0.0873359],[0.592797,0.588354,0.549938],[-0.314522,-0.459494,0.830627]],[[0.73683,-0.671853,-0.0754687],[0.396897,0.520225,-0.7562],[0.547316,0.527238,0.649974]],[[0.73683,-0.671853,-0.0754687],[-0.336904,-0.268103,-0.902561],[0.586155,0.69046,-0.423896]],[[0.73683,-0.671853,-0.0754687],[-0.572243,-0.560322,-0.598813],[0.360027,0.48441,-0.797325]]],"btipPosition":[-32.3707,254.85,5.95806],"carpPosition":[-4.65413,277.802,60.3891],"dipPosition":[-25.644,263.901,-8.93917],"direction":[-0.586155,-0.69046,0.423896],"extended":false,"handId":506,"id":5063,"length":64.4285,"mcpPosition":[15.0476,306.585,8.35862],"pipPosition":[-9.4063,283.028,-20.6819],"stabilizedTipPosition":[-47.198,239.558,199.54],"timeVisible":188.496,"tipPosition":[-30.6572,256.935,2.42446],"tipVelocity":[-1.55716,12.125,-117.436],"tool":false,"touchDistance":0.333333,"touchZone":"none","type":3,"width":18.077},{"bases":[[[0.591803,-0.802076,-0.0802699],[0.670763,0.434782,0.600868],[-0.447042,-0.409438,0.795308]],[[0.60041,-0.793938,-0.0957667],[0.50666,0.470315,-0.722565],[0.618712,0.385314,0.684638]],[[0.60041,-0.793938,-0.0957667],[-0.359348,-0.160874,-0.919233],[0.714407,0.58633,-0.38189]],[[0.60041,-0.793938,-0.0957667],[-0.650624,-0.415344,-0.635749],[0.464969,0.444018,-0.765932]]],"btipPosition":[-15.5545,257.128,6.64107],"carpPosition":[2.38836,266.132,56.2939],"dipPosition":[-7.53992,264.781,-6.56115],"direction":[-0.714407,-0.58633,0.38189],"extended":false,"handId":506,"id":5064,"length":50.5107,"mcpPosition":[28.3102,289.874,10.1778],"pipPosition":[6.43302,276.249,-14.0305],"stabilizedTipPosition":[-30.7149,239.669,191.501],"timeVisible":188.496,"tipPosition":[-13.6274,258.993,3.56785],"tipVelocity":[-0.908353,8.61424,-112.238],"tool":false,"touchDistance":0.333333,"touchZone":"none","type":4,"width":16.0574}],"r":[[0.433875,-0.366533,0.823047],[0.718043,-0.411114,-0.561605],[0.544212,0.834649,0.084814]],"s":1.18216,"t":[6.07331,39.3114,15.3174],"timestamp":98002969816},false],[5,{"currentFrameRate":109.654,"devices":[],"gestures":[],"hands":[{"armBasis":[[0.848749,-0.290813,-0.441649],[0.455884,0.825614,0.332462],[0.267947,-0.483517,0.833316]],"armWidth":63.72,"confidence":0.519609,"direction":[0.269963,0.621097,-0.735771],"elbow":[57.7925,136.052,286.93],"grabStrength":0.449008,"id":506,"palmNormal":[-0.380601,-0.633079,-0.674057],"palmPosition":[-8.36142,300.928,19.7902],"palmVelocity":[-3.71729,5.20624,-102.008],"palmWidth":90.99,"pinchStrength":0.515709,"r":[[0.433691,-0.367642,0.822649],[0.718489,-0.409865,-0.561947],[0.54377,0.834776,0.0863921]],"s":1.18317,"sphereCenter":[-23.7359,280.487,-22.1581],"sphereRadius":43.2885,"stabilizedPalmPosition":[-15.0704,276.09,202.475],"t":[6.01346,39.3121,14.4387],"timeVisible":188.505,"type":"right","wrist":[-14.5532,266.602,61.9346]}],"id":1818303,"interactionBox":{"center":[0,200,0],"size":[235.247,235.247,147.751]},"pointables":[{"bases":[[[0.749002,0.501529,0.432972],[-0.646952,0.412549,0.641293],[0.143005,-0.760442,0.633465]],[[0.697526,0.659961,0.279123],[-0.710091,0.584411,0.392727],[0.0960619,-0.47214,0.876274]],[[0.697526,0.659961,0.279123],[-0.681152,0.731619,-0.0276518],[-0.222461,-0.170837,0.959857]],[[0.697526,0.659961,0.279123],[-0.714245,0.671636,0.196871],[-0.0575416,-0.336685,0.939858]]],"btipPosition":[-40.6652,308.083,-39.4251],"carpPosition":[-44.8016,270.81,59.0393],"dipPosition":[-42.0119,300.203,-17.4291],"direction":[0.222461,0.170837,-0.959857],"extended":false,"handId":506,"id":5060,"length":52.1164,"mcpPosition":[-44.8016,270.81,59.0393],"pipPosition":[-49.5968,294.378,15.2978],"stabilizedTipPosition":[-58.7099,291.239,135.359],"timeVisible":188.505,"tipPosition":[-40.8019,306.076,-34.2465],"tipVelocity":[1.22683,11.0769,-104.168],"tool":false,"touchDistance":-0.423828,"touchZone":"touching","type":0,"width":20.25},{"bases":[[[0.917227,-0.351164,-0.18809],[0.39384,0.728408,0.560636],[-0.0598682,-0.588308,0.806418]],[[0.916467,-0.264361,-0.300334],[0.265064,0.963434,-0.0391958],[0.299714,-0.0436863,0.953028]],[[0.916467,-0.264361,-0.300334],[0.230305,0.962358,-0.144316],[0.327181,0.063092,0.942853]],[[0.916467,-0.264361,-0.300334],[0.207013,0.955647,-0.209484],[0.342393,0.129812,0.930546]]],"btipPosition":[-49.5675,327.524,-75.1421],"carpPosition":[-27.3374,286.109,63.8182],"dipPosition":[-43.7175,329.742,-59.2432],"direction":[-0.327181,-0.063092,-0.942853],"extended":true,"handId":506,"id":5061,"length":58.8075,"mcpPosition":[-22.933,329.39,4.49035],"pipPosition":[-35.8094,331.267,-36.454],"stabilizedTipPosition":[-56.254,319.331,24.7038],"timeVisible":188.505,"tipPosition":[-47.9139,327.506,-71.5395],"tipVelocity":[-2.42864,41.4059,-98.7914],"tool":false,"touchDistance":-0.416945,"touchZone":"touching","type":1,"width":19.3428},{"bases":[[[0.820037,-0.546414,-0.170211],[0.541828,0.64546,0.538334],[-0.184288,-0.533679,0.825363]],[[0.812488,-0.566188,-0.138905],[0.303031,0.613716,-0.729057],[0.498031,0.550258,0.67021]],[[0.812488,-0.566188,-0.138905],[-0.330099,-0.250413,-0.910125],[0.480518,0.785318,-0.390356]],[[0.812488,-0.566188,-0.138905],[-0.520095,-0.596331,-0.611466],[0.263371,0.569052,-0.778983]]],"btipPosition":[-45.2205,261.104,-2.14294],"carpPosition":[-15.4592,283.418,62.0064],"dipPosition":[-40.2712,271.797,-16.7816],"direction":[-0.480518,-0.785318,0.390356],"extended":false,"handId":506,"id":5062,"length":67.0064,"mcpPosition":[-2.60172,320.652,4.42247],"pipPosition":[-26.607,294.129,-27.8819],"stabilizedTipPosition":[-60.3608,249.254,196.254],"timeVisible":188.505,"tipPosition":[-43.9644,263.71,-5.54169],"tipVelocity":[-3.41716,9.47342,-105.985],"tool":false,"touchDistance":0.333333,"touchZone":"none","type":2,"width":18.9972},{"bases":[[[0.740785,-0.666086,-0.0869916],[0.59288,0.58743,0.550834],[-0.315801,-0.459625,0.830069]],[[0.736081,-0.672744,-0.0748277],[0.398235,0.519793,-0.755794],[0.547351,0.526527,0.65052]],[[0.736081,-0.672744,-0.0748277],[-0.336445,-0.267698,-0.902853],[0.587358,0.689748,-0.423389]],[[0.736081,-0.672744,-0.0748277],[-0.572376,-0.559598,-0.599362],[0.361344,0.484009,-0.796973]]],"btipPosition":[-32.4913,254.872,5.29203],"carpPosition":[-4.79535,277.757,59.7332],"dipPosition":[-25.74,263.916,-9.59861],"direction":[-0.587358,-0.689748,0.423389],"extended":false,"handId":506,"id":5063,"length":64.4285,"mcpPosition":[14.9864,306.548,7.73767],"pipPosition":[-9.46898,283.023,-21.3273],"stabilizedTipPosition":[-47.198,239.558,199.54],"timeVisible":188.505,"tipPosition":[-30.7732,256.953,1.75178],"tipVelocity":[-4.63188,9.39861,-105.299],"tool":false,"touchDistance":0.333333,"touchZone":"none","type":3,"width":18.077},{"bases":[[[0.591043,-0.802648,-0.0801454],[0.670637,0.433749,0.601754],[-0.448234,-0.409411,0.79465]],[[0.599936,-0.794255,-0.0961062],[0.505923,0.469689,-0.723488],[0.619774,0.385424,0.683615]],[[0.599936,-0.794255,-0.0961062],[-0.360454,-0.161096,-0.918761],[0.714248,0.585839,-0.38294]],[[0.599936,-0.794255,-0.0961062],[-0.651135,-0.414935,-0.635493],[0.464866,0.443833,-0.766102]]],"btipPosition":[-15.6675,257.085,6.08324],"carpPosition":[2.23891,266.082,55.6383],"dipPosition":[-7.65467,264.735,-7.1219],"direction":[-0.714248,-0.585839,0.38294],"extended":false,"handId":506,"id":5064,"length":50.5107,"mcpPosition":[28.2299,289.822,9.56033],"pipPosition":[6.31515,276.193,-14.6117],"stabilizedTipPosition":[-30.7149,239.669,191.501],"timeVisible":188.505,"tipPosition":[-13.7413,258.959,2.96753],"tipVelocity":[-4.11406,4.90796,-98.3021],"tool":false,"touchDistance":0.333333,"touchZone":"none","type":4,"width":16.0574}],"r":[[0.433691,-0.367642,0.822649],[0.718489,-0.409865,-0.561947],[0.54377,0.834776,0.0863921]],"s":1.18317,"t":[6.01346,39.3121,14.4387],"timestamp":98002978865},false],[6,{"currentFrameRate":109.733,"devices":[],"gestures":[],"hands":[{"armBasis":[[0.847832,-0.289708,-0.444128],[0.455661,0.826416,0.330772],[0.271208,-0.482811,0.832671]],"armWidth":63.72,"confidence":0.524161,"direction":[0.27234,0.622479,-0.733724],"elbow":[58.541,136.296,285.956],"grabStrength":0.450189,"id":506,"palmNormal":[-0.3788,-0.631608,-0.676448],"palmPosition":[-8.35736,301.064,19.0777],"palmVelocity":[-2.57527,7.9174,-95.8172],"palmWidth":90.99,"pinchStrength":0.516424,"r":[[0.433033,-0.368886,0.822439],[0.719153,-0.408686,-0.561957],[0.543417,0.834805,0.0883109]],"s":1.18385,"sphereCenter":[-23.6761,280.763,-22.9316],"sphereRadius":43.2607,"stabilizedPalmPosition":[-15.0704,276.09,202.475],"t":[5.98556,39.3803,13.6431],"timeVisible":188.514,"type":"right","wrist":[-14.685,266.655,61.1348]}],"id":1818304,"interactionBox":{"center":[0,200,0],"size":[235.247,235.247,147.751]},"pointables":[{"bases":[[[0.747872,0.500422,0.436194],[-0.648721,0.411475,0.640195],[0.140885,-0.761752,0.632365]],[[0.696883,0.659219,0.282461],[-0.711146,0.584159,0.39119],[0.0928776,-0.473484,0.875892]],[[0.696883,0.659219,0.282461],[-0.680908,0.731832,-0.0280572],[-0.22521,-0.172777,0.958868]],[[0.696883,0.659219,0.282461],[-0.714722,0.670973,0.197403],[-0.0593916,-0.339448,0.938748]]],"btipPosition":[-40.491,308.35,-40.2274],"carpPosition":[-44.9234,270.879,58.1583],"dipPosition":[-41.8809,300.405,-18.2573],"direction":[0.22521,0.172777,-0.958868],"extended":false,"handId":506,"id":5060,"length":52.1164,"mcpPosition":[-44.9234,270.879,58.1583],"pipPosition":[-49.5596,294.514,14.4359],"stabilizedTipPosition":[-58.7099,291.239,135.359],"timeVisible":188.514,"tipPosition":[-40.6385,306.331,-35.0511],"tipVelocity":[5.90577,15.7334,-100.308],"tool":false,"touchDistance":-0.421902,"touchZone":"touching","type":0,"width":20.25},{"bases":[[[0.91767,-0.351082,-0.186071],[0.392405,0.727159,0.563257],[-0.0624461,-0.589899,0.805059]],[[0.917226,-0.263645,-0.298642],[0.264904,0.963563,-0.0370386],[0.297525,-0.0451388,0.953646]],[[0.917226,-0.263645,-0.298642],[0.230471,0.962663,-0.142],[0.324929,0.0614176,0.943742]],[[0.917226,-0.263645,-0.298642],[0.207398,0.956091,-0.207064],[0.34012,0.127987,0.931632]]],"btipPosition":[-49.3217,327.829,-75.9074],"carpPosition":[-27.4686,286.163,63.0195],"dipPosition":[-43.5105,330.016,-59.9899],"direction":[-0.324929,-0.0614176,-0.943742],"extended":true,"handId":506,"id":5061,"length":58.8075,"mcpPosition":[-22.8745,329.561,3.79164],"pipPosition":[-35.6569,331.5,-37.1793],"stabilizedTipPosition":[-56.249,319.336,24.6455],"timeVisible":188.514,"tipPosition":[-47.6702,327.836,-72.3043],"tipVelocity":[5.46692,39.1503,-94.9631],"tool":false,"touchDistance":-0.414999,"touchZone":"touching","type":1,"width":19.3428},{"bases":[[[0.820366,-0.546336,-0.168871],[0.540432,0.644209,0.541228],[-0.186905,-0.535268,0.823744]],[[0.812715,-0.566176,-0.137617],[0.304642,0.614235,-0.727948],[0.496676,0.549691,0.671679]],[[0.812715,-0.566176,-0.137617],[-0.328387,-0.249984,-0.910862],[0.481307,0.785463,-0.38909]],[[0.812715,-0.566176,-0.137617],[-0.518894,-0.59586,-0.612944],[0.265034,0.569558,-0.77805]]],"btipPosition":[-45.153,261.282,-2.92318],"carpPosition":[-15.5858,283.471,61.2376],"dipPosition":[-40.1725,271.985,-17.5443],"direction":[-0.481307,-0.785463,0.38909],"extended":false,"handId":506,"id":5062,"length":67.0064,"mcpPosition":[-2.54587,320.816,3.76659],"pipPosition":[-26.4858,294.321,-28.6086],"stabilizedTipPosition":[-60.3608,249.254,196.254],"timeVisible":188.514,"tipPosition":[-43.8976,263.89,-6.36005],"tipVelocity":[-0.200809,12.3805,-100.65],"tool":false,"touchDistance":0.333333,"touchZone":"none","type":2,"width":18.9972},{"bases":[[[0.740829,-0.666149,-0.0861256],[0.591429,0.586138,0.553764],[-0.318407,-0.461182,0.828208]],[[0.735975,-0.672985,-0.0737055],[0.400582,0.52065,-0.753961],[0.545779,0.525372,0.652771]],[[0.735975,-0.672985,-0.0737055],[-0.334112,-0.266365,-0.904112],[0.588821,0.69003,-0.42089]],[[0.735975,-0.672985,-0.0737055],[-0.570955,-0.558493,-0.601744],[0.3638,0.484951,-0.795281]]],"btipPosition":[-32.466,255.051,4.45872],"carpPosition":[-4.91712,277.812,58.9847],"dipPosition":[-25.6688,264.111,-10.4003],"direction":[-0.588821,-0.69003,0.42089],"extended":false,"handId":506,"id":5063,"length":64.4285,"mcpPosition":[15.0279,306.7,7.10574],"pipPosition":[-9.35727,283.227,-22.0598],"stabilizedTipPosition":[-47.198,239.558,199.54],"timeVisible":188.514,"tipPosition":[-30.7389,257.135,0.913614],"tipVelocity":[-2.2689,12.3906,-101.672],"tool":false,"touchDistance":0.333333,"touchZone":"none","type":3,"width":18.077},{"bases":[[[0.591025,-0.802677,-0.0799967],[0.668986,0.432329,0.604607],[-0.450719,-0.410854,0.792497]],[[0.600079,-0.794145,-0.0961154],[0.51022,0.472511,-0.718616],[0.616101,0.382187,0.688732]],[[0.600079,-0.794145,-0.0961154],[-0.355498,-0.15711,-0.921378],[0.716607,0.587069,-0.376596]],[[0.600079,-0.794145,-0.0961154],[-0.648376,-0.412485,-0.639894],[0.468523,0.446306,-0.762428]]],"btipPosition":[-15.6161,257.277,5.08879],"carpPosition":[2.12557,266.142,54.8873],"dipPosition":[-7.54024,264.97,-8.05304],"direction":[-0.716607,-0.587069,0.376596],"extended":false,"handId":506,"id":5064,"length":50.5107,"mcpPosition":[28.2606,289.966,8.93423],"pipPosition":[6.47574,276.452,-15.4188],"stabilizedTipPosition":[-30.7149,239.669,191.501],"timeVisible":188.514,"tipPosition":[-13.6881,259.144,2.05596],"tipVelocity":[-0.976025,9.72434,-101.288],"tool":false,"touchDistance":0.333333,"touchZone":"none","type":4,"width":16.0574}],"r":[[0.433033,-0.368886,0.822439],[0.719153,-0.408686,-0.561