{"sensorType":"Leap","data":[[0,{"currentFrameRate":108.86,"devices":[],"gestures":[{"center":[-55.0472,315.836,-29.1392],"duration":36256,"handIds":[506],"id":54,"normal":[-0.079131,0.963791,0.254649],"pointableIds":[5061],"progress":0.843729,"radius":9.81238,"state":"update","type":"circle"}],"hands":[{"armBasis":[[0.777665,-0.399351,-0.485548],[0.563891,0.784561,0.257858],[0.277966,-0.474323,0.835316]],"armWidth":63.72,"confidence":0.610846,"direction":[0.0870492,0.474933,-0.875706],"elbow":[64.8623,147.044,300.026],"grabStrength":0,"id":506,"palmNormal":[-0.557643,-0.705188,-0.437887],"palmPosition":[-14.1895,301.724,26.8622],"palmVelocity":[-18.3472,121.803,-254.954],"palmWidth":90.99,"pinchStrength":1,"r":[[0.614248,-0.243768,0.750517],[0.540387,-0.563145,-0.62518],[0.575049,0.789586,-0.214182]],"s":0.967507,"sphereCenter":[-51.8215,286.43,-5.93775],"sphereRadius":46.1921,"stabilizedPalmPosition":[-15.1396,291.068,36.5141],"t":[0.419538,38.8528,22.8511],"timeVisible":203.32,"type":"right","wrist":[-10.1885,275.111,74.4911]}],"id":1819911,"interactionBox":{"center":[0,200,0],"size":[235.247,235.247,147.751]},"pointables":[{"bases":[[[0.847937,0.511573,0.138908],[-0.448947,0.553703,0.701327],[0.281866,-0.657044,0.699175]],[[0.801031,0.597198,0.0412799],[-0.597198,0.792467,0.123896],[0.0412776,-0.123897,0.991436]],[[0.801031,0.597198,0.0412799],[-0.58136,0.759638,0.291498],[0.142724,-0.257497,0.95568]],[[0.801031,0.597198,0.0412799],[-0.534065,0.744094,-0.40137],[-0.270414,0.299464,0.914985]]],"btipPosition":[-40.6405,288.834,-24.9299],"carpPosition":[-40.0424,280.878,78.5587],"dipPosition":[-46.9692,295.842,-3.51592],"direction":[-0.142724,0.257497,-0.95568],"extended":true,"handId":506,"id":5060,"length":52.1164,"mcpPosition":[-40.0424,280.878,78.5587],"pipPosition":[-42.1029,287.063,29.0686],"stabilizedTipPosition":[-43.8194,274.301,-3.51049],"timeVisible":203.32,"tipPosition":[-41.5189,290.313,-19.8681],"tipVelocity":[-15.9006,133.738,-262.188],"tool":false,"touchDistance":-0.416906,"touchZone":"hovering","type":0,"width":20.25},{"bases":[[[0.828401,-0.439233,-0.347601],[0.543642,0.77995,0.310051],[0.134927,-0.445817,0.884896]],[[0.839078,-0.513861,-0.17859],[0.525639,0.850404,0.0227482],[0.140184,-0.112961,0.983661]],[[0.839078,-0.513861,-0.17859],[0.508313,0.857527,-0.0791498],[0.193818,-0.0243669,0.980735]],[[0.839078,-0.513861,-0.17859],[0.492341,0.856939,-0.152501],[0.231405,0.040033,0.972033]]],"btipPosition":[-46.1368,333.06,-71.565],"carpPosition":[-21.5492,295.503,76.1094],"dipPosition":[-42.1831,333.744,-54.9572],"direction":[-0.193818,0.0243669,-0.980735],"extended":true,"handId":506,"id":5061,"length":58.8075,"mcpPosition":[-31.4758,328.302,11.0079],"pipPosition":[-37.4984,333.155,-31.2525],"stabilizedTipPosition":[-55.9275,320.392,-42.3707],"timeVisible":203.32,"tipPosition":[-44.9566,334.088,-67.6802],"tipVelocity":[8.20959,144.339,-256.282],"tool":false,"touchDistance":-0.39902,"touchZone":"hovering","type":1,"width":19.3428},{"bases":[[[0.734117,-0.62191,-0.272582],[0.678697,0.684487,0.266174],[0.0210427,-0.380403,0.924581]],[[0.733625,-0.615033,-0.289012],[0.417049,0.743271,-0.523086],[0.53653,0.263217,0.801781]],[[0.733625,-0.615033,-0.289012],[-0.513948,-0.223924,-0.828079],[0.444579,0.756037,-0.480372]],[[0.733625,-0.615033,-0.289012],[-0.670635,-0.723935,-0.161762],[-0.109737,0.312494,-0.94356]]],"btipPosition":[-48.5218,278.224,0.120927],"carpPosition":[-10.6127,291.743,71.8819],"dipPosition":[-50.5839,284.097,-17.6104],"direction":[-0.444579,-0.756037,0.480372],"extended":false,"handId":506,"id":5062,"length":67.0064,"mcpPosition":[-12.0808,318.283,7.37567],"pipPosition":[-37.9417,305.596,-31.2705],"stabilizedTipPosition":[-44.2086,262.566,1.66612],"timeVisible":203.32,"tipPosition":[-49.1144,279.201,-3.42159],"tipVelocity":[-14.5994,137.715,-273.762],"tool":false,"touchDistance":0.333333,"touchZone":"none","type":2,"width":18.9972},{"bases":[[[0.675946,-0.720929,-0.152835],[0.729737,0.62583,0.275357],[-0.102863,-0.297656,0.949115]],[[0.680375,-0.7045,-0.201912],[0.51959,0.658004,-0.545029],[0.516832,0.265913,0.813742]],[[0.680375,-0.7045,-0.201912],[-0.483107,-0.223975,-0.846429],[0.551087,0.673435,-0.492736]],[[0.680375,-0.7045,-0.201912],[-0.732809,-0.657366,-0.175675],[-0.00896711,0.267487,-0.96352]]],"btipPosition":[-32.7915,268.18,3.87268],"carpPosition":[-1.04442,285.069,68.0307],"dipPosition":[-32.9591,273.178,-14.1297],"direction":[-0.551087,-0.673435,0.492736],"extended":false,"handId":506,"id":5063,"length":64.4285,"mcpPosition":[5.39895,303.714,8.57816],"pipPosition":[-17.6929,291.833,-27.7795],"stabilizedTipPosition":[-25.2525,253.122,1.21388],"timeVisible":203.32,"tipPosition":[-32.9689,269.1,0.122885],"tipVelocity":[-17.9584,130.165,-265.433],"tool":false,"touchDistance":0.333333,"touchZone":"none","type":3,"width":18.077},{"bases":[[[0.52957,-0.843962,-0.0853404],[0.814014,0.477308,0.330996],[-0.238615,-0.244754,0.939765]],[[0.54735,-0.821056,-0.162097],[0.64738,0.538128,-0.539738],[0.530384,0.190487,0.82608]],[[0.54735,-0.821056,-0.162097],[-0.481798,-0.150766,-0.863215],[0.684309,0.550578,-0.478105]],[[0.54735,-0.821056,-0.162097],[-0.831126,-0.510558,-0.220362],[0.0981695,0.255338,-0.961855]]],"btipPosition":[-15.6003,264.718,6.61726],"carpPosition":[4.39395,272.431,64.3888],"dipPosition":[-13.9082,269.119,-9.96205],"direction":[-0.684309,-0.550578,0.478105],"extended":false,"handId":506,"id":5064,"length":50.5107,"mcpPosition":[18.2301,286.623,9.89631],"pipPosition":[-0.523883,279.887,-19.3132],"stabilizedTipPosition":[-9.08811,251.499,5.86335],"timeVisible":203.32,"tipPosition":[-15.4302,265.574,3.31982],"tipVelocity":[-18.4383,127.86,-264.831],"tool":false,"touchDistance":0.333333,"touchZone":"none","type":4,"width":16.0574}],"r":[[0.614248,-0.243768,0.750517],[0.540387,-0.563145,-0.62518],[0.575049,0.789586,-0.214182]],"s":0.967507,"t":[0.419538,38.8528,22.8511],"timestamp":98017793016},false],[1,{"currentFrameRate":109.046,"devices":[],"gestures":[{"center":[-55.0472,315.836,-29.1392],"duration":36256,"handIds":[506],"id":54,"normal":[-0.079131,0.963791,0.254649],"pointableIds":[5061],"progress":0.843729,"radius":9.81238,"state":"update","type":"circle"}],"hands":[{"armBasis":[[0.77607,-0.415272,-0.47462],[0.572277,0.779951,0.25333],[0.264979,-0.468216,0.842947]],"armWidth":63.72,"confidence":0.61384,"direction":[0.093261,0.468865,-0.878332],"elbow":[60.8014,150.251,298.768],"grabStrength":0,"id":506,"palmNormal":[-0.564967,-0.701477,-0.434445],"palmPosition":[-14.3969,303.049,23.3857],"palmVelocity":[-19.7325,129.387,-292.375],"palmWidth":90.99,"pinchStrength":1,"r":[[0.612102,-0.246204,0.751475],[0.53962,-0.56461,-0.624521],[0.57805,0.787781,-0.212743]],"s":0.967511,"sphereCenter":[-52.1865,288.037,-9.35127],"sphereRadius":46.1959,"stabilizedPalmPosition":[-15.1389,291.079,36.5021],"t":[0.168834,40.1432,20.0033],"timeVisible":203.328,"type":"right","wrist":[-10.743,276.669,71.1719]}],"id":1819912,"interactionBox":{"center":[0,200,0],"size":[235.247,235.247,147.751]},"pointables":[{"bases":[[[0.853416,0.502925,0.136921],[-0.443526,0.562698,0.697607],[0.273799,-0.656077,0.703276]],[[0.807554,0.588522,0.0387196],[-0.588511,0.79973,0.118691],[0.0388868,-0.118636,0.992176]],[[0.807554,0.588522,0.0387196],[-0.573168,0.767619,0.286776],[0.139052,-0.25378,0.957215]],[[0.807554,0.588522,0.0387196],[-0.525431,0.747696,-0.406045],[-0.267917,0.307559,0.913032]]],"btipPosition":[-40.9474,290.167,-28.36],"carpPosition":[-40.5354,282.79,75.1721],"dipPosition":[-47.2176,297.365,-6.99176],"direction":[-0.139052,0.25378,-0.957215],"extended":true,"handId":506,"id":5060,"length":52.1164,"mcpPosition":[-40.5354,282.79,75.1721],"pipPosition":[-42.4766,288.712,25.6451],"stabilizedTipPosition":[-43.8172,274.328,-3.54165],"timeVisible":203.328,"tipPosition":[-41.8206,291.682,-23.3107],"tipVelocity":[-20.5783,139.695,-296.557],"tool":false,"touchDistance":-0.455159,"touchZone":"hovering","type":0,"width":20.25},{"bases":[[[0.823846,-0.450403,-0.344115],[0.551935,0.775649,0.306164],[0.129015,-0.442161,0.887608]],[[0.833512,-0.52417,-0.174654],[0.535032,0.844629,0.0184735],[0.137835,-0.108844,0.984456]],[[0.833512,-0.52417,-0.174654],[0.5179,0.851358,-0.0834833],[0.192453,-0.0208692,0.981084]],[[0.833512,-0.52417,-0.174654],[0.502003,0.850525,-0.156848],[0.230763,0.043058,0.972057]]],"btipPosition":[-45.886,334.169,-75.2574],"carpPosition":[-21.8783,297.194,72.6596],"dipPosition":[-41.9433,334.905,-58.6492],"direction":[-0.192453,0.0208692,-0.981084],"extended":true,"handId":506,"id":5061,"length":58.8075,"mcpPosition":[-31.3699,329.724,7.35859],"pipPosition":[-37.2916,334.4,-34.936],"stabilizedTipPosition":[-55.8693,320.466,-42.5252],"timeVisible":203.328,"tipPosition":[-44.7018,335.199,-71.3776],"tipVelocity":[13.5834,139.614,-299.947],"tool":false,"touchDistance":-0.442836,"touchZone":"hovering","type":1,"width":19.3428},{"bases":[[[0.727459,-0.631585,-0.26815],[0.685969,0.67844,0.262993],[0.0158213,-0.375259,0.926785]],[[0.727046,-0.624596,-0.285103],[0.427112,0.736562,-0.524453],[0.537568,0.25953,0.802287]],[[0.727046,-0.624596,-0.285103],[-0.513952,-0.21976,-0.829192],[0.455255,0.74939,-0.480788]],[[0.727046,-0.624596,-0.285103],[-0.678784,-0.716316,-0.161693],[-0.103231,0.311082,-0.94476]]],"btipPosition":[-49.0003,279.805,-3.43841],"carpPosition":[-10.9796,293.289,68.4663],"dipPosition":[-50.9403,285.651,-21.1923],"direction":[-0.455255,-0.74939,0.480788],"extended":false,"handId":506,"id":5062,"length":67.0064,"mcpPosition":[-12.0835,319.47,3.80634],"pipPosition":[-37.9944,306.961,-34.8642],"stabilizedTipPosition":[-44.2164,262.593,1.65245],"timeVisible":203.328,"tipPosition":[-49.5492,280.789,-6.95017],"tipVelocity":[-24.4328,148.638,-308.791],"tool":false,"touchDistance":0.333333,"touchZone":"none","type":2,"width":18.9972},{"bases":[[[0.668063,-0.729258,-0.1479],[0.736344,0.619275,0.272573],[-0.107185,-0.291001,0.9507]],[[0.672735,-0.713128,-0.19717],[0.525563,0.648157,-0.551069],[0.520779,0.267099,0.810831]],[[0.672735,-0.713128,-0.19717],[-0.486405,-0.225461,-0.844143],[0.557528,0.663789,-0.498545]],[[0.672735,-0.713128,-0.19717],[-0.739858,-0.650569,-0.171376],[-0.00605916,0.261169,-0.965274]]],"btipPosition":[-33.3676,269.513,0.731104],"carpPosition":[-1.48197,286.487,64.6647],"dipPosition":[-33.4808,274.393,-17.3041],"direction":[-0.557528,-0.663789,0.498545],"extended":false,"handId":506,"id":5063,"length":64.4285,"mcpPosition":[5.23208,304.715,5.11284],"pipPosition":[-18.0361,292.781,-31.1148],"stabilizedTipPosition":[-25.2618,253.142,1.20858],"timeVisible":203.328,"tipPosition":[-33.5156,270.451,-3.10781],"tipVelocity":[-30.3422,134.932,-290.006],"tool":false,"touchDistance":0.333333,"touchZone":"none","type":3,"width":18.077},{"bases":[[[0.520257,-0.850267,-0.0798635],[0.818907,0.470151,0.329165],[-0.24233,-0.236651,0.940889]],[[0.538115,-0.828398,-0.155529],[0.653059,0.52643,-0.544414],[0.532866,0.191388,0.824272]],[[0.538115,-0.828398,-0.155529],[-0.484139,-0.152736,-0.861557],[0.689957,0.538915,-0.483249]],[[0.538115,-0.828398,-0.155529],[-0.836814,-0.502992,-0.216197],[0.100867,0.246488,-0.963883]]],"btipPosition":[-16.2039,265.934,3.46467],"carpPosition":[3.81964,273.768,61.1019],"dipPosition":[-14.4653,270.183,-13.1496],"direction":[-0.689957,-0.538915,0.483249],"extended":false,"handId":506,"id":5064,"length":50.5107,"mcpPosition":[17.8712,287.491,6.54425],"pipPosition":[-0.970518,280.723,-22.6014],"stabilizedTipPosition":[-9.09448,251.514,5.85745],"timeVisible":203.328,"tipPosition":[-16.0102,266.776,0.094718],"tipVelocity":[-31.5917,129.431,-289.919],"tool":false,"touchDistance":0.333333,"touchZone":"none","type":4,"width":16.0574}],"r":[[0.612102,-0.246204,0.751475],[0.53962,-0.56461,-0.624521],[0.57805,0.787781,-0.212743]],"s":0.967511,"t":[0.168834,40.1432,20.0033],"timestamp":98017801854},false],[2,{"currentFrameRate":109.084,"devices":[],"gestures":[{"center":[-55.0472,315.836,-29.1392],"duration":36256,"handIds":[506],"id":54,"normal":[-0.079131,0.963791,0.254649],"pointableIds":[5061],"progress":0.843729,"radius":9.81238,"state":"update","type":"circle"}],"hands":[{"armBasis":[[0.775646,-0.420925,-0.470314],[0.574867,0.778771,0.251085],[0.260579,-0.465121,0.846027]],"armWidth":63.72,"confidence":0.619898,"direction":[0.0952504,0.466699,-0.879272],"elbow":[59.3224,151.807,297.901],"grabStrength":0,"id":506,"palmNormal":[-0.567227,-0.700415,-0.433212],"palmPosition":[-14.5765,303.682,21.6311],"palmVelocity":[-19.7346,112.832,-264.797],"palmWidth":90.99,"pinchStrength":1,"r":[[0.610144,-0.248258,0.752391],[0.538658,-0.566417,-0.623714],[0.581009,0.785837,-0.21187]],"s":0.96743,"sphereCenter":[-52.4276,288.756,-11.0901],"sphereRadius":46.2077,"stabilizedPalmPosition":[-15.1384,291.09,36.4883],"t":[-0.0463162,41.1052,17.7021],"timeVisible":203.338,"type":"right","wrist":[-11.0339,277.39,69.4739]}],"id":1819913,"interactionBox":{"center":[0,200,0],"size":[235.247,235.247,147.751]},"pointables":[{"bases":[[[0.855104,0.500239,0.136224],[-0.441851,0.565696,0.696244],[0.271227,-0.655552,0.704761]],[[0.809554,0.585828,0.0377758],[-0.585804,0.801985,0.11685],[0.0381582,-0.116725,0.992431]],[[0.809554,0.585828,0.0377758],[-0.57061,0.770138,0.285117],[0.137937,-0.252373,0.957748]],[[0.809554,0.585828,0.0377758],[-0.522646,0.748555,-0.408052],[-0.267326,0.310597,0.912177]]],"btipPosition":[-41.1579,290.786,-30.0941],"carpPosition":[-40.8065,283.623,73.4489],"dipPosition":[-47.4143,298.055,-8.74586],"direction":[-0.137937,0.252373,-0.957748],"extended":true,"handId":506,"id":5060,"length":52.1164,"mcpPosition":[-40.8065,283.623,73.4489],"pipPosition":[-42.7113,289.45,23.9091],"stabilizedTipPosition":[-43.8152,274.357,-3.57557],"timeVisible":203.338,"tipPosition":[-42.0331,292.317,-25.0523],"tipVelocity":[-21.1911,120.326,-267.335],"tool":false,"touchDistance":-0.464056,"touchZone":"hovering","type":0,"width":20.25},{"bases":[[[0.822415,-0.453985,-0.34283],[0.554505,0.774363,0.304771],[0.127113,-0.440749,0.888585]],[[0.831755,-0.527422,-0.173233],[0.53796,0.8428,0.0169671],[0.137052,-0.107305,0.984735]],[[0.831755,-0.527422,-0.173233],[0.520889,0.849379,-0.0850262],[0.191986,-0.0195144,0.981204]],[[0.831755,-0.527422,-0.173233],[0.505016,0.848449,-0.158408],[0.230527,0.0442708,0.972058]]],"btipPosition":[-45.9172,334.708,-77.0896],"carpPosition":[-22.0984,297.957,70.914],"dipPosition":[-41.9785,335.465,-60.4814],"direction":[-0.191986,0.0195144,-0.981204],"extended":true,"handId":506,"id":5061,"length":58.8075,"mcpPosition":[-31.45,330.383,5.5412],"pipPosition":[-37.3381,334.993,-36.7654],"stabilizedTipPosition":[-55.8178,320.534,-42.6711],"timeVisible":203.338,"tipPosition":[-44.7329,335.734,-73.2121],"tipVelocity":[8.84129,117.498,-272.635],"tool":false,"touchDistance":-0.454369,"touchZone":"hovering","type":1,"width":19.3428},{"bases":[[[0.725366,-0.634671,-0.266526],[0.688218,0.676599,0.261859],[0.0141371,-0.373371,0.927574]],[[0.724972,-0.627533,-0.283933],[0.430728,0.734728,-0.524068],[0.537484,0.257637,0.802954]],[[0.724972,-0.627533,-0.283933],[-0.513149,-0.217112,-0.830386],[0.459449,0.747706,-0.479418]],[[0.724972,-0.627533,-0.283933],[-0.681477,-0.71337,-0.163379],[-0.100023,0.311939,-0.944822]]],"btipPosition":[-49.2903,280.512,-5.29625],"carpPosition":[-11.2116,294.005,66.7334],"dipPosition":[-51.1699,286.374,-23.0514],"direction":[-0.459449,-0.747706,0.479418],"extended":false,"handId":506,"id":5062,"length":67.0064,"mcpPosition":[-12.1979,320.055,2.01842],"pipPosition":[-38.1049,307.636,-36.6843],"stabilizedTipPosition":[-44.2249,262.623,1.63547],"timeVisible":203.338,"tipPosition":[-49.8081,281.515,-8.78897],"tipVelocity":[-26.0723,129.112,-279.816],"tool":false,"touchDistance":0.333333,"touchZone":"none","type":2,"width":18.9972},{"bases":[[[0.665582,-0.731885,-0.146097],[0.738383,0.617279,0.271583],[-0.108585,-0.288637,0.951261]],[[0.670331,-0.715874,-0.195401],[0.528046,0.645175,-0.552192],[0.521368,0.266971,0.810495]],[[0.670331,-0.715874,-0.195401],[-0.486833,-0.225521,-0.84388],[0.560045,0.660806,-0.499685]],[[0.670331,-0.715874,-0.195401],[-0.742047,-0.648345,-0.170336],[-0.00474786,0.259178,-0.965818]]],"btipPosition":[-33.6545,270.166,-0.962005],"carpPosition":[-1.73612,287.162,62.95],"dipPosition":[-33.7432,275.008,-19.0073],"direction":[-0.560045,-0.660806,0.499685],"extended":false,"handId":506,"id":5063,"length":64.4285,"mcpPosition":[5.06563,305.242,3.36298],"pipPosition":[-18.2289,293.314,-32.8496],"stabilizedTipPosition":[-25.2718,253.164,1.20108],"timeVisible":203.338,"tipPosition":[-33.7974,271.096,-4.8033],"tipVelocity":[-30.5026,117.158,-261.282],"tool":false,"touchDistance":0.333333,"touchZone":"none","type":3,"width":18.077},{"bases":[[[0.517328,-0.852237,-0.0778688],[0.820403,0.467988,0.328521],[-0.243536,-0.233837,0.941281]],[[0.535149,-0.830804,-0.152903],[0.654996,0.522388,-0.545978],[0.533475,0.192029,0.823729]],[[0.535149,-0.830804,-0.152903],[-0.484621,-0.153679,-0.861118],[0.691923,0.534927,-0.484867]],[[0.535149,-0.830804,-0.152903],[-0.838568,-0.500583,-0.214989],[0.102073,0.24327,-0.964573]]],"btipPosition":[-16.5117,266.531,1.81884],"carpPosition":[3.52266,274.418,59.416],"dipPosition":[-14.7523,270.724,-14.8073],"direction":[-0.691923,-0.534927,0.484867],"extended":false,"handId":506,"id":5064,"length":50.5107,"mcpPosition":[17.6441,287.977,4.83566],"pipPosition":[-1.21911,281.187,-24.2907],"stabilizedTipPosition":[-9.10132,251.529,5.84978],"timeVisible":203.338,"tipPosition":[-16.3053,267.368,-1.57795],"tipVelocity":[-32.0675,111.362,-259.792],"tool":false,"touchDistance":0.333333,"touchZone":"none","type":4,"width":16.0574}],"r":[[0.610144,-0.248258,0.752391],[0.538658,-0.566417,-0.623714],[0.581009,0.785837,-0.21187]],"s":0.96743,"t":[-0.0463162,41.1052,17.7021],"timestamp":98017810952},false],[3,{"currentFrameRate":109.173,"devices":[],"gestures":[{"center":[-55.0472,315.836,-29.1392],"duration":36256,"handIds":[506],"id":54,"normal":[-0.079131,0.963791,0.254649],"pointableIds":[5061],"progress":0.843729,"radius":9.81238,"state":"update","type":"circle"}],"hands":[{"armBasis":[[0.773583,-0.415972,-0.478055],[0.571855,0.78329,0.243802],[0.273041,-0.461979,0.843815]],"armWidth":63.72,"confidence":0.570995,"direction":[0.0957065,0.464469,-0.880403],"elbow":[62.2982,153.217,294.332],"grabStrength":0,"id":506,"palmNormal":[-0.564193,-0.70336,-0.4324],"palmPosition":[-14.9433,304.096,18.5765],"palmVelocity":[-25.5052,94.473,-285.273],"palmWidth":90.99,"pinchStrength":1,"r":[[0.608405,-0.249097,0.753521],[0.538488,-0.567893,-0.622517],[0.582987,0.784505,-0.211373]],"s":0.967453,"sphereCenter":[-52.7139,289.022,-14.1692],"sphereRadius":46.222,"stabilizedPalmPosition":[-15.1382,291.101,36.474],"t":[-0.337279,41.7931,15.0242],"timeVisible":203.347,"type":"right","wrist":[-11.4229,277.952,66.5018]}],"id":1819914,"interactionBox":{"center":[0,200,0],"size":[235.247,235.247,147.751]},"pointables":[{"bases":[[[0.853302,0.503207,0.136595],[-0.445029,0.566347,0.693686],[0.271708,-0.652712,0.707207]],[[0.807711,0.588364,0.037822],[-0.588455,0.800554,0.113282],[0.0363725,-0.113756,0.992843]],[[0.807711,0.588364,0.037822],[-0.573523,0.769228,0.28171],[0.136654,-0.249232,0.958754]],[[0.807711,0.588364,0.037822],[-0.524011,0.745807,-0.41132],[-0.270214,0.312409,0.910706]]],"btipPosition":[-41.3734,290.971,-33.1673],"carpPosition":[-41.2225,284.106,70.3961],"dipPosition":[-47.6974,298.282,-11.8535],"direction":[-0.136654,0.249232,-0.958754],"extended":true,"handId":506,"id":5060,"length":52.1164,"mcpPosition":[-41.2225,284.106,70.3961],"pipPosition":[-43.0381,289.785,20.8357],"stabilizedTipPosition":[-43.814,274.381,-3.60776],"timeVisible":203.347,"tipPosition":[-42.269,292.515,-28.1328],"tipVelocity":[-22.4207,93.2296,-287.925],"tool":false,"touchDistance":-0.492202,"touchZone":"hovering","type":0,"width":20.25},{"bases":[[[0.824504,-0.452476,-0.339791],[0.551521,0.776903,0.303721],[0.126558,-0.437822,0.89011]],[[0.833713,-0.525313,-0.170202],[0.535415,0.84443,0.0164112],[0.135103,-0.104811,0.985273]],[[0.833713,-0.525313,-0.170202],[0.518584,0.85074,-0.0855083],[0.189716,-0.0169747,0.981692]],[[0.833713,-0.525313,-0.170202],[0.502905,0.849619,-0.158854],[0.228055,0.0468432,0.972521]]],"btipPosition":[-46.1494,334.812,-80.2991],"carpPosition":[-22.5523,298.489,67.8596],"dipPosition":[-42.2529,335.613,-63.683],"direction":[-0.189716,0.0169747,-0.981692],"extended":true,"handId":506,"id":5061,"length":58.8075,"mcpPosition":[-31.8631,330.7,2.37461],"pipPosition":[-37.6674,335.203,-39.9551],"stabilizedTipPosition":[-55.7793,320.587,-42.7943],"timeVisible":203.347,"tipPosition":[-44.9943,335.794,-76.4232],"tipVelocity":[-0.967039,88.7186,-295.627],"tool":false,"touchDistance":-0.48538,"touchZone":"hovering","type":1,"width":19.3428},{"bases":[[[0.72784,-0.633236,-0.263175],[0.685618,0.679421,0.261372],[0.0132966,-0.370674,0.928668]],[[0.727455,-0.626074,-0.280784],[0.429582,0.734651,-0.525117],[0.535041,0.261379,0.803376]],[[0.727455,-0.626074,-0.280784],[-0.510621,-0.220606,-0.831023],[0.45834,0.747907,-0.480167]],[[0.727455,-0.626074,-0.280784],[-0.67902,-0.715716,-0.163346],[-0.0986951,0.309485,-0.945769]]],"btipPosition":[-49.5405,280.737,-8.37384],"carpPosition":[-11.6448,294.558,63.7134],"dipPosition":[-51.3952,286.553,-26.1467],"direction":[-0.45834,-0.747907,0.480167],"extended":false,"handId":506,"id":5062,"length":67.0064,"mcpPosition":[-12.5725,320.419,-1.07792],"pipPosition":[-38.3617,307.821,-39.801],"stabilizedTipPosition":[-44.2324,262.648,1.61699],"timeVisible":203.347,"tipPosition":[-50.0473,281.74,-11.8765],"tipVelocity":[-26.3716,100.193,-296.994],"tool":false,"touchDistance":0.333333,"touchZone":"none","type":2,"width":18.9972},{"bases":[[[0.668094,-0.730286,-0.142595],[0.735942,0.62028,0.271372],[-0.10973,-0.286243,0.951853]],[[0.672899,-0.714398,-0.191942],[0.527288,0.645204,-0.552883],[0.51882,0.270826,0.810851]],[[0.672899,-0.714398,-0.191942],[-0.484334,-0.22936,-0.844283],[0.559131,0.661081,-0.500344]],[[0.672899,-0.714398,-0.191942],[-0.739726,-0.651057,-0.170086],[-0.0034556,0.256435,-0.966555]]],"btipPosition":[-33.8724,270.458,-3.96336],"carpPosition":[-2.14076,287.733,59.9696],"dipPosition":[-33.937,275.249,-22.0225],"direction":[-0.559131,-0.661081,0.500344],"extended":false,"handId":506,"id":5063,"length":64.4285,"mcpPosition":[4.73274,305.663,0.345492],"pipPosition":[-18.4479,293.563,-35.883],"stabilizedTipPosition":[-25.2805,253.183,1.19159],"timeVisible":203.347,"tipPosition":[-34.0089,271.378,-7.80877],"tipVelocity":[-28.6048,93.545,-281.196],"tool":false,"touchDistance":0.333333,"touchZone":"none","type":3,"width":18.077},{"bases":[[[0.520059,-0.850889,-0.0743351],[0.818291,0.471401,0.32891],[-0.244825,-0.23188,0.941431]],[[0.537804,-0.829869,-0.148609],[0.654341,0.522025,-0.547109],[0.531606,0.196997,0.823764]],[[0.537804,-0.829869,-0.148609],[-0.482343,-0.158303,-0.86156],[0.691457,0.535031,-0.485417]],[[0.537804,-0.829869,-0.148609],[-0.836614,-0.503557,-0.215656],[0.104133,0.240309,-0.965095]]],"btipPosition":[-16.7561,266.868,-1.10413],"carpPosition":[3.1639,274.994,56.4832],"dipPosition":[-14.9611,271.01,-17.7393],"direction":[-0.691457,-0.535031,0.485417],"extended":false,"handId":506,"id":5064,"length":50.5107,"mcpPosition":[17.3601,288.44,1.89418],"pipPosition":[-1.43708,281.474,-27.2335],"stabilizedTipPosition":[-9.10743,251.543,5.84069],"timeVisible":203.347,"tipPosition":[-16.525,267.704,-4.52684],"tipVelocity":[-30.4676,90.6936,-277.69],"tool":false,"touchDistance":0.333333,"touchZone":"none","type":4,"width":16.0574}],"r":[[0.608405,-0.249097,0.753521],[0.538488,-0.567893,-0.622517],[0.582987,0.784505,-0.211373]],"s":0.967453,"t":[-0.337279,41.7931,15.0242],"timestamp":98017819953},false],[4,{"currentFrameRate":109.165,"devices":[],"gestures":[{"center":[-55.0472,315.836,-29.1392],"duration":36256,"handIds":[506],"id":54,"normal":[-0.079131,0.963791,0.254649],"pointableIds":[5061],"progress":0.843729,"radius":9.81238,"state":"update","type":"circle"}],"hands":[{"armBasis":[[0.774317,-0.413679,-0.478856],[0.56957,0.785338,0.242558],[0.275723,-0.460559,0.84372]],"armWidth":63.72,"confidence":0.576334,"direction":[0.0959767,0.462964,-0.881166],"elbow":[62.7686,153.861,292.737],"grabStrength":0,"id":506,"palmNormal":[-0.561817,-0.705568,-0.431898],"palmPosition":[-15.1842,304.253,16.9507],"palmVelocity":[-25.7179,72.8919,-255.117],"palmWidth":90.99,"pinchStrength":1,"r":[[0.606894,-0.249176,0.754712],[0.538818,-0.569059,-0.621166],[0.584255,0.783635,-0.211098]],"s":0.96746,"sphereCenter":[-52.8977,289.073,-15.8114],"sphereRadius":46.2322,"stabilizedPalmPosition":[-15.1383,291.11,36.4608],"t":[-0.60325,42.2157,12.8723],"timeVisible":203.356,"type":"right","wrist":[-11.6765,278.212,64.933]}],"id":1819915,"interactionBox":{"center":[0,200,0],"size":[235.247,235.247,147.751]},"pointables":[{"bases":[[[0.851872,0.50553,0.136943],[-0.447483,0.566638,0.691867],[0.272162,-0.650662,0.708919]],[[0.806247,0.59036,0.0379577],[-0.590543,0.79938,0.110687],[0.0350025,-0.111657,0.99313]],[[0.806247,0.59036,0.0379577],[-0.575863,0.768518,0.278858],[0.135455,-0.246687,0.959582]],[[0.806247,0.59036,0.0379577],[-0.52474,0.743307,-0.414901],[-0.273156,0.314595,0.909074]]],"btipPosition":[-41.4698,290.924,-34.7995],"carpPosition":[-41.4969,284.302,68.7683],"dipPosition":[-47.8626,298.287,-13.5239],"direction":[-0.135455,0.246687,-0.959582],"extended":true,"handId":506,"id":5060,"length":52.1164,"mcpPosition":[-41.4969,284.302,68.7683],"pipPosition":[-43.2442,289.876,19.1936],"stabilizedTipPosition":[-43.8131,274.4,-3.63499],"timeVisible":203.356,"tipPosition":[-42.4081,292.498,-29.7786],"tipVelocity":[-19.5768,66.1507,-257.492],"tool":false,"touchDistance":-0.49593,"touchZone":"hovering","type":0,"width":20.25},{"bases":[[[0.826125,-0.451157,-0.337601],[0.549171,0.778826,0.303054],[0.126207,-0.435762,0.89117]],[[0.83525,-0.52354,-0.168117],[0.533344,0.845746,0.0160231],[0.133796,-0.103048,0.985637]],[[0.83525,-0.52354,-0.168117],[0.516665,0.851867,-0.0859032],[0.188187,-0.0151096,0.982017]],[[0.83525,-0.52354,-0.168117],[0.501108,0.850604,-0.159263],[0.226381,0.0487793,0.972817]]],"btipPosition":[-46.3071,334.743,-82.0324],"carpPosition":[-22.8575,298.725,66.2328],"dipPosition":[-42.4392,335.576,-65.4113],"direction":[-0.188187,0.0151096,-0.982017],"extended":true,"handId":506,"id":5061,"length":58.8075,"mcpPosition":[-32.1425,330.784,0.669801],"pipPosition":[-37.8907,335.211,-41.6755],"stabilizedTipPosition":[-55.751,320.626,-42.891],"timeVisible":203.356,"tipPosition":[-45.1687,335.693,-78.1588],"tipVelocity":[-5.6937,62.0783,-265.819],"tool":false,"touchDistance":-0.491158,"touchZone":"hovering","type":1,"width":19.3428},{"bases":[[[0.729775,-0.631998,-0.260781],[0.683569,0.681584,0.261108],[0.0127241,-0.368812,0.929417]],[[0.729395,-0.624784,-0.278616],[0.428291,0.734646,-0.526177],[0.533431,0.264462,0.803437]],[[0.729395,-0.624784,-0.278616],[-0.509516,-0.22439,-0.830688],[0.456482,0.747859,-0.482007]],[[0.729395,-0.624784,-0.278616],[-0.676847,-0.718222,-0.161353],[-0.0992975,0.306271,-0.946751]]],"btipPosition":[-49.6481,280.774,-9.9602],"carpPosition":[-11.9341,294.812,62.1115],"dipPosition":[-51.5141,286.53,-27.7515],"direction":[-0.456482,-0.747859,0.482007],"extended":false,"handId":506,"id":5062,"length":67.0064,"mcpPosition":[-12.8218,320.543,-2.73211],"pipPosition":[-38.5334,307.796,-41.4581],"stabilizedTipPosition":[-44.2387,262.669,1.60024],"timeVisible":203.356,"tipPosition":[-50.1658,281.772,-13.5043],"tipVelocity":[-22.3634,72.9449,-262.498],"tool":false,"touchDistance":0.333333,"touchZone":"none","type":2,"width":18.9972},{"bases":[[[0.670073,-0.728954,-0.140103],[0.734018,0.622584,0.271304],[-0.110542,-0.284632,0.952242]],[[0.674919,-0.713149,-0.189482],[0.526625,0.6454,-0.553285],[0.516866,0.273637,0.811155]],[[0.674919,-0.713149,-0.189482],[-0.482422,-0.232148,-0.844616],[0.55835,0.661457,-0.500719]],[[0.674919,-0.713149,-0.189482],[-0.737888,-0.653161,-0.170006],[-0.00252222,0.254557,-0.967055]]],"btipPosition":[-33.997,270.526,-5.55508],"carpPosition":[-2.40769,288.002,58.3961],"dipPosition":[-34.0441,275.282,-23.6235],"direction":[-0.55835,-0.661457,0.500719],"extended":false,"handId":506,"id":5063,"length":64.4285,"mcpPosition":[4.51665,305.832,-1.25238],"pipPosition":[-18.5767,293.606,-37.4945],"stabilizedTipPosition":[-25.2879,253.198,1.18245],"timeVisible":203.356,"tipPosition":[-34.1286,271.44,-9.40372],"tipVelocity":[-24.2902,69.2574,-251.208],"tool":false,"touchDistance":0.333333,"touchZone":"none","type":3,"width":18.077},{"bases":[[[0.522221,-0.849779,-0.0718385],[0.816634,0.474018,0.329265],[-0.24575,-0.230615,0.941501]],[[0.539847,-0.829132,-0.145276],[0.653844,0.521732,-0.547982],[0.530145,0.200838,0.823778]],[[0.539847,-0.829132,-0.145276],[-0.480547,-0.161866,-0.861902],[0.691115,0.535107,-0.485819]],[[0.539847,-0.829132,-0.145276],[-0.835088,-0.505839,-0.216229],[0.105796,0.238049,-0.965474]]],"btipPosition":[-16.9035,266.972,-2.63429],"carpPosition":[2.9331,275.27,54.9432],"dipPosition":[-15.0799,271.075,-19.276],"direction":[-0.691115,-0.535107,0.485819],"extended":false,"handId":506,"id":5064,"length":50.5107,"mcpPosition":[17.183,288.642,0.350128],"pipPosition":[-1.56253,281.541,-28.778],"stabilizedTipPosition":[-9.11261,251.554,5.83205],"timeVisible":203.356,"tipPosition":[-16.6518,267.808,-6.07923],"tipVelocity":[-26.2489,68.2724,-246.787],"tool":false,"touchDistance":0.333333,"touchZone":"none","type":4,"width":16.0574}],"r":[[0.606894,-0.249176,0.754712],[0.538818,-0.569059,-0.621166],[0.584255,0.783635,-0.211098]],"s":0.96746,"t":[-0.60325,42.2157,12.8723],"timestamp":98017829127},false],[5,{"currentFrameRate":109.297,"devices":[],"gestures":[{"center":[-55.0472,315.836,-29.1392],"duration":36256,"handIds":[506],"id":54,"normal":[-0.079131,0.963791,0.254649],"pointableIds":[5061],"progress":0.843729,"radius":9.81238,"state":"update","type":"circle"}],"hands":[{"armBasis":[[0.780736,-0.415268,-0.466909],[0.565902,0.786751,0.246532],[0.264964,-0.456701,0.849245]],"armWidth":63.72,"confidence":0.579223,"direction":[0.0973587,0.465029,-0.879926],"elbow":[59.4646,155.004,293.22],"grabStrength":0,"id":506,"palmNormal":[-0.557771,-0.706738,-0.435216],"palmPosition":[-15.5111,304.436,15.9798],"palmVelocity":[-28.7014,58.6288,-215.307],"palmWidth":90.99,"pinchStrength":1,"r":[[0.605339,-0.249094,0.755987],[0.53992,-0.569362,-0.61993],[0.584851,0.783441,-0.210166]],"s":0.967152,"sphereCenter":[-52.9675,289.174,-16.9543],"sphereRadius":46.2041,"stabilizedPalmPosition":[-15.1385,291.117,36.4495],"t":[-0.89967,42.5184,11.311],"timeVisible":203.365,"type":"right","wrist":[-12.0757,278.314,63.9232]}],"id":1819916,"interactionBox":{"center":[0,200,0],"size":[235.247,235.247,147.751]},"pointables":[{"bases":[[[0.849565,0.508322,0.140881],[-0.451916,0.56367,0.69141],[0.272049,-0.651065,0.708593]],[[0.803481,0.593918,0.0409777],[-0.594408,0.796506,0.110707],[0.0331121,-0.113309,0.993008]],[[0.803481,0.593918,0.0409777],[-0.580933,0.767146,0.272037],[0.130132,-0.242382,0.961414]],[[0.803481,0.593918,0.0409777],[-0.522743,0.73678,-0.428829],[-0.284881,0.323135,0.902456]]],"btipPosition":[-41.3536,290.647,-35.8024],"carpPosition":[-41.931,284.289,67.6668],"dipPosition":[-48.0208,298.209,-14.6817],"direction":[-0.130132,0.242382,-0.961414],"extended":true,"handId":506,"id":5060,"length":52.1164,"mcpPosition":[-41.931,284.289,67.6668],"pipPosition":[-43.5839,289.945,18.0983],"stabilizedTipPosition":[-43.8124,274.413,-3.65522],"timeVisible":203.365,"tipPosition":[-42.4676,292.429,-30.8361],"tipVelocity":[-12.6237,41.0719,-219.101],"tool":false,"touchDistance":-0.490248,"touchZone":"hovering","type":0,"width":20.25},{"bases":[[[0.82891,-0.447521,-0.335609],[0.545308,0.780202,0.306472],[0.12469,-0.437048,0.890754]],[[0.837726,-0.519994,-0.166797],[0.530366,0.847492,0.0216494],[0.130102,-0.1066,0.985753]],[[0.837726,-0.519994,-0.166797],[0.514136,0.853965,-0.0800466],[0.184063,-0.0186994,0.982737]],[[0.837726,-0.519994,-0.166797],[0.498928,0.852972,-0.153331],[0.222004,0.0452292,0.973996]]],"btipPosition":[-46.3398,335.197,-83.053],"carpPosition":[-23.335,298.784,65.2241],"dipPosition":[-42.5467,335.969,-66.4117],"direction":[-0.184063,0.0186994,-0.982737],"extended":true,"handId":506,"id":5061,"length":58.8075,"mcpPosition":[-32.5084,330.938,-0.30826],"pipPosition":[-38.0979,335.517,-42.6586],"stabilizedTipPosition":[-55.7303,320.656,-42.9643],"timeVisible":203.365,"tipPosition":[-45.2583,336.021,-79.1741],"tipVelocity":[-5.66848,58.6037,-224.472],"tool":false,"touchDistance":-0.485615,"touchZone":"hovering","type":1,"width":19.3428},{"bases":[[[0.732947,-0.628857,-0.259475],[0.6802,0.683526,0.264803],[0.0108343,-0.370581,0.928737]],[[0.732596,-0.621512,-0.277535],[0.426778,0.73706,-0.524026],[0.530248,0.265454,0.805215]],[[0.732596,-0.621512,-0.277535],[-0.506672,-0.225668,-0.83208],[0.454517,0.750198,-0.480226]],[[0.732596,-0.621512,-0.277535],[-0.673526,-0.720811,-0.16369],[-0.098315,0.306846,-0.946668]]],"btipPosition":[-49.7747,280.879,-11.029],"carpPosition":[-12.3833,294.919,61.1331],"dipPosition":[-51.6222,286.645,-28.8188],"direction":[-0.454517,-0.750198,0.480226],"extended":false,"handId":506,"id":5062,"length":67.0064,"mcpPosition":[-13.1392,320.773,-3.66301],"pipPosition":[-38.6974,307.978,-42.4747],"stabilizedTipPosition":[-44.2436,262.685,1.58655],"timeVisible":203.365,"tipPosition":[-50.2916,281.894,-14.6199],"tipVelocity":[-20.0116,56.3527,-223.657],"tool":false,"touchDistance":0.333333,"touchZone":"none","type":2,"width":18.9972},{"bases":[[[0.673177,-0.726263,-0.139194],[0.730826,0.624689,0.275059],[-0.112813,-0.28689,0.951298]],[[0.678129,-0.710374,-0.188438],[0.526091,0.648233,-0.550474],[0.513194,0.274157,0.813308]],[[0.678129,-0.710374,-0.188438],[-0.47948,-0.233308,-0.845971],[0.556992,0.66403,-0.498823]],[[0.678129,-0.710374,-0.188438],[-0.734941,-0.656015,-0.171773],[-0.00159545,0.254975,-0.966946]]],"btipPosition":[-34.0824,270.713,-6.60515],"carpPosition":[-2.81968,288.15,57.4376],"dipPosition":[-34.1122,275.477,-24.6716],"direction":[-0.556992,-0.66403,0.498823],"extended":false,"handId":506,"id":5063,"length":64.4285,"mcpPosition":[4.24689,306.121,-2.15172],"pipPosition":[-18.6824,293.872,-38.49],"stabilizedTipPosition":[-25.2936,253.21,1.17465],"timeVisible":203.365,"tipPosition":[-34.2196,271.626,-10.4846],"tipVelocity":[-20.1628,56.1656,-214.866],"tool":false,"touchDistance":0.333333,"touchZone":"none","type":3,"width":18.077},{"bases":[[[0.525526,-0.847753,-0.0716776],[0.813776,0.476307,0.333018],[-0.248177,-0.233339,0.940192]],[[0.543234,-0.827041,-0.144571],[0.653974,0.524805,-0.544884],[0.526513,0.201453,0.825954]],[[0.543234,-0.827041,-0.144571],[-0.476794,-0.162158,-0.863928],[0.691061,0.538246,-0.482418]],[[0.543234,-0.827041,-0.144571],[-0.832518,-0.508326,-0.22027],[0.108683,0.240016,-0.964666]]],"btipPosition":[-17.0373,267.187,-3.6805],"carpPosition":[2.57888,275.444,53.9785],"dipPosition":[-15.164,271.324,-20.3083],"direction":[-0.691061,-0.538246,0.482418],"extended":false,"handId":506,"id":5064,"length":50.5107,"mcpPosition":[16.9694,288.974,-0.53868],"pipPosition":[-1.64763,281.851,-29.7438],"stabilizedTipPosition":[-9.11679,251.564,5.82462],"timeVisible":203.365,"tipPosition":[-16.7699,268.031,-7.12924],"tipVelocity":[-22.8391,56.4833,-211.449],"tool":false,"touchDistance":0.333333,"touchZone":"none","type":4,"width":16.0574}],"r":[[0.605339,-0.249094,0.755987],[0.53992,-0.569362,-0.61993],[0.584851,0.783441,-0.210166]],"s":0.967152,"t":[-0.89967,42.5184,11.311],"timestamp":98017838040},false],[6,{"currentFrameRate":109.258,"devices":[],"gestures":[{"center":[-55.0472,315.836,-29.1392],"duration":36256,"handIds":[506],"id":54,"normal":[-0.079131,0.963791,0.254649],"pointableIds":[5061],"progress":0.843729,"radius":9.81238,"state":"update","type":"circle"}],"hands":[{"armBasis":[[0.784569,-0.409489,-0.465586],[0.559129,0.791807,0.245796],[0.268004,-0.453166,0.850185]],"armWidth":63.72,"confidence":0.572237,"direction":[0.0966246,0.47026,-0.877223],"elbow":[59.8794,156.137,291.057],"grabStrength":0,"id":506,"palmNormal":[-0.551145,-0.708611,-0.440579],"palmPosition":[-15.9626,304.834,13.688],"palmVelocity":[-34.3782,54.2862,-224.609],"palmWidth":90.99,"pinchStrength":1,"r":[[0.603988,-0.248906,0.757129],[0.542034,-0.568165,-0.619184],[0.584292,0.784369,-0.208249]],"s":0.966276,"sphereCenter":[-52.963,289.379,-19.4812],"sphereRadius":46.1184,"stabilizedPalmPosition":[-15.1388,291.123,36.439],"t":[-1.27362,42.8687,9.38437],"timeVisible":203.374,"type":"right","wrist":[-12.4817,278.491,61.5076]}],"id":1819917,"interactionBox":{"center":[0,200,0],"size":[235.247,235.247,147.751]},"pointables":[{"bases":[[[0.845319,0.513884,0.146149],[-0.45824,0.556735,0.692866],[0.274686,-0.652664,0.7061]],[[0.797999,0.600986,0.044864],[-0.601743,0.790474,0.114263],[0.0332065,-0.118178,0.992437]],[[0.797999,0.600986,0.044864],[-0.589984,0.763861,0.261602],[0.122949,-0.235227,0.964133]],[[0.797999,0.600986,0.044864],[-0.519741,0.723979,-0.453567],[-0.305068,0.338628,0.890092]]],"btipPosition":[-41.102,290.22,-38.0561],"carpPosition":[-42.3921,284.226,65.188],"dipPosition":[-48.2417,298.145,-17.2248],"direction":[-0.122949,0.235227,-0.964133],"extended":true,"handId":506,"id":5060,"length":52.1164,"mcpPosition":[-42.3921,284.226,65.188],"pipPosition":[-44.0497,290.125,15.6479],"stabilizedTipPosition":[-43.8118,274.422,-3.67064],"timeVisible":203.374,"tipPosition":[-42.5064,292.359,-33.1848],"tipVelocity":[-4.74028,19.1195,-228.204],"tool":false,"touchDistance":-0.50436,"touchZone":"hovering","type":0,"width":20.25},{"bases":[[[0.833254,-0.439622,-0.335292],[0.538534,0.782642,0.312174],[0.125175,-0.440686,0.888891]],[[0.842111,-0.512585,-0.167647],[0.52421,0.851019,0.0311533],[0.126702,-0.114117,0.985355]],[[0.842111,-0.512585,-0.167647],[0.508443,0.858237,-0.0701139],[0.17982,-0.0261953,0.983351]],[[0.842111,-0.512585,-0.167647],[0.493619,0.857801,-0.143241],[0.217231,0.0378707,0.975385]]],"btipPosition":[-46.6072,336.181,-85.2836],"carpPosition":[-23.8969,298.871,62.8779],"dipPosition":[-42.8957,336.828,-68.6186],"direction":[-0.17982,0.0261953,-0.983351],"extended":true,"handId":506,"id":5061,"length":58.8075,"mcpPosition":[-33.1059,331.292,-2.51742],"pipPosition":[-38.5494,336.195,-44.8506],"stabilizedTipPosition":[-55.7135,320.682,-43.0289],"timeVisible":203.374,"tipPosition":[-45.6028,336.818,-81.3972],"tipVelocity":[-12.7781,71.2116,-229.178],"tool":false,"touchDistance":-0.498764,"touchZone":"hovering","type":1,"width":19.3428},{"bases":[[[0.738407,-0.622055,-0.260389],[0.67427,0.687186,0.270434],[0.0107108,-0.375263,0.926856]],[[0.738052,-0.614533,-0.278619],[0.422213,0.742712,-0.519726],[0.526323,0.265948,0.807624]],[[0.738052,-0.614533,-0.278619],[-0.503036,-0.225926,-0.834214],[0.449704,0.755849,-0.475877]],[[0.738052,-0.614533,-0.278619],[-0.667538,-0.725198,-0.168761],[-0.0983453,0.310543,-0.945458]]],"btipPosition":[-49.9603,281.141,-13.4919],"carpPosition":[-12.9042,295.108,58.8016],"dipPosition":[-51.8084,286.977,-31.2589],"direction":[-0.449704,-0.755849,0.475877],"extended":false,"handId":506,"id":5062,"length":67.0064,"mcpPosition":[-13.6514,321.289,-5.86335],"pipPosition":[-39.0204,308.47,-44.7911],"stabilizedTipPosition":[-44.2475,262.698,1.57431],"timeVisible":203.374,"tipPosition":[-50.474,282.189,-17.1191],"tipVelocity":[-20.0453,49.0008,-235.659],"tool":false,"touchDistance":0.333333,"touchZone":"none","type":2,"width":18.9972},{"bases":[[[0.67899,-0.720519,-0.140797],[0.725301,0.628674,0.280548],[-0.113625,-0.29261,0.949457]],[[0.68397,-0.704371,-0.18986],[0.522846,0.65481,-0.545762],[0.508741,0.274017,0.816148]],[[0.68397,-0.704371,-0.18986],[-0.475902,-0.233567,-0.847917],[0.552903,0.670305,-0.494964]],[[0.68397,-0.704371,-0.18986],[-0.729507,-0.661092,-0.175431],[-0.00194663,0.258494,-0.966011]]],"btipPosition":[-34.172,271.117,-9.07725],"carpP