{"sensorType":"Leap","data":[[0,{"currentFrameRate":110.506,"devices":[],"gestures":[],"hands":[{"armBasis":[[0.740078,-0.499897,-0.449875],[0.632356,0.744972,0.212467],[0.228933,-0.441723,0.86745]],"armWidth":63.72,"confidence":0.558716,"direction":[0.167384,0.475346,-0.86373],"elbow":[67.7915,133.692,286.484],"grabStrength":0,"id":506,"palmNormal":[-0.60985,-0.638444,-0.469545],"palmPosition":[6.4788,280.482,4.99724],"palmVelocity":[-86.3715,27.9399,124.061],"palmWidth":90.99,"pinchStrength":1,"r":[[0.53898,-0.319187,0.7795],[0.507973,-0.615031,-0.603076],[0.671911,0.721011,-0.169352]],"s":0.971492,"sphereCenter":[-27.703,265.942,-29.9049],"sphereRadius":44.6006,"stabilizedPalmPosition":[8.99715,279.628,1.54858],"t":[21.8538,18.5325,-2.71655],"timeVisible":214.12,"type":"right","wrist":[5.97951,252.957,52.2719]}],"id":1821088,"interactionBox":{"center":[0,200,0],"size":[235.247,235.247,147.751]},"pointables":[{"bases":[[[0.889841,0.42021,0.177784],[-0.416016,0.587184,0.694367],[0.187388,-0.691837,0.697314]],[[0.84839,0.5255,0.0639115],[-0.528759,0.835397,0.150087],[0.025479,-0.161126,0.986605]],[[0.84839,0.5255,0.0639115],[-0.52651,0.825093,0.204959],[0.0549731,-0.207535,0.976682]],[[0.84839,0.5255,0.0639115],[-0.405331,0.722501,-0.560088],[-0.340502,0.449268,0.825964]]],"btipPosition":[-18.4403,266.297,-46.5059],"carpPosition":[-23.2631,261.693,55.3742],"dipPosition":[-26.4093,276.812,-27.1753],"direction":[-0.0549731,0.207535,-0.976682],"extended":false,"handId":506,"id":5060,"length":52.1164,"mcpPosition":[-23.2631,261.693,55.3742],"pipPosition":[-24.535,269.736,6.12522],"stabilizedTipPosition":[-18.1484,267.763,-44.7106],"timeVisible":214.12,"tipPosition":[-20.1314,268.536,-42.1109],"tipVelocity":[-97.8591,40.9159,129.968],"tool":false,"touchDistance":-0.171885,"touchZone":"touching","type":0,"width":20.25},{"bases":[[[0.791746,-0.516935,-0.325448],[0.608286,0.715969,0.342602],[0.055908,-0.469219,0.88131]],[[0.789615,-0.589696,-0.169608],[0.603765,0.795981,0.0433678],[0.109431,-0.136647,0.984557]],[[0.789615,-0.589696,-0.169608],[0.586728,0.806523,-0.0726002],[0.179605,-0.0421876,0.982834]],[[0.789615,-0.589696,-0.169608],[0.569399,0.807197,-0.155619],[0.228675,0.0263047,0.973147]]],"btipPosition":[-20.3624,315.342,-93.682],"carpPosition":[-3.29969,274.381,53.8369],"dipPosition":[-16.4554,315.791,-77.0552],"direction":[-0.179605,0.0421876,-0.982834],"extended":true,"handId":506,"id":5061,"length":58.8075,"mcpPosition":[-7.41283,308.901,-11.0007],"pipPosition":[-12.1142,314.772,-53.2997],"stabilizedTipPosition":[-17.5943,314.665,-91.9649],"timeVisible":214.12,"tipPosition":[-19.4681,314.825,-89.8706],"tipVelocity":[-118.177,44.9587,136.746],"tool":false,"touchDistance":-0.178457,"touchZone":"touching","type":1,"width":19.3428},{"bases":[[[0.676644,-0.690006,-0.256992],[0.734463,0.607793,0.301915],[-0.0521246,-0.39304,0.918043]],[[0.678041,-0.676011,-0.288565],[0.47899,0.704164,-0.524138],[0.55752,0.217168,0.801255]],[[0.678041,-0.676011,-0.288565],[-0.532688,-0.181426,-0.826637],[0.506462,0.714209,-0.483117]],[[0.678041,-0.676011,-0.288565],[-0.731326,-0.659795,-0.172719],[-0.0736336,0.328146,-0.941753]]],"btipPosition":[-28.9073,260.057,-21.2986],"carpPosition":[7.34698,269.579,49.9367],"dipPosition":[-30.291,266.224,-38.996],"direction":[-0.506462,-0.714209,0.483117],"extended":false,"handId":506,"id":5062,"length":67.0064,"mcpPosition":[10.9836,297.001,-14.1133],"pipPosition":[-15.8891,286.533,-52.7341],"stabilizedTipPosition":[-25.6234,260.04,-28.9955],"timeVisible":214.12,"tipPosition":[-29.2264,261.062,-24.3501],"tipVelocity":[-95.2863,40.2962,91.7002],"tool":false,"touchDistance":0.333333,"touchZone":"none","type":2,"width":18.9972},{"bases":[[[0.604293,-0.784166,-0.141117],[0.778893,0.544103,0.311893],[-0.167794,-0.29839,0.939579]],[[0.611599,-0.769064,-0.185708],[0.584393,0.597362,-0.549221],[0.533321,0.227376,0.814782]],[[0.611599,-0.769064,-0.185708],[-0.502255,-0.19605,-0.842202],[0.611299,0.608363,-0.50617]],[[0.611599,-0.769064,-0.185708],[-0.79082,-0.587288,-0.17233],[0.0234683,0.252259,-0.967375]]],"btipPosition":[-14.3678,248.98,-16.8493],"carpPosition":[16.3229,262.014,46.3137],"dipPosition":[-13.9293,253.693,-34.9237],"direction":[-0.611299,-0.608363,0.50617],"extended":false,"handId":506,"id":5063,"length":64.4285,"mcpPosition":[26.8335,280.705,-12.5415],"pipPosition":[3.0049,270.546,-48.9456],"stabilizedTipPosition":[-10.82,248.928,-26.2607],"timeVisible":214.12,"tipPosition":[-14.4305,249.787,-20.3112],"tipVelocity":[-88.2507,31.5011,116.715],"tool":false,"touchDistance":0.333333,"touchZone":"none","type":3,"width":18.077},{"bases":[[[0.443753,-0.89248,-0.0810038],[0.845496,0.386999,0.367924],[-0.297016,-0.231756,0.926321]],[[0.469214,-0.867353,-0.165942],[0.681646,0.475196,-0.55637],[0.561424,0.147943,0.814196]],[[0.469214,-0.867353,-0.165942],[-0.512008,-0.114098,-0.851369],[0.719504,0.484438,-0.497629]],[[0.469214,-0.867353,-0.165942],[-0.875046,-0.431362,-0.219594],[0.118885,0.248244,-0.961375]]],"btipPosition":[1.82783,243.389,-13.5483],"carpPosition":[20.5786,248.936,42.6499],"dipPosition":[3.87702,247.668,-30.1193],"direction":[-0.719504,-0.484438,0.497629],"extended":false,"handId":506,"id":5064,"length":50.5107,"mcpPosition":[37.8012,262.374,-11.063],"pipPosition":[17.9497,257.143,-39.8523],"stabilizedTipPosition":[5.60497,243.172,-22.5791],"timeVisible":214.12,"tipPosition":[2.21699,244.113,-16.6479],"tipVelocity":[-85.2003,34.1133,111.968],"tool":false,"touchDistance":0.333333,"touchZone":"none","type":4,"width":16.0574}],"r":[[0.53898,-0.319187,0.7795],[0.507973,-0.615031,-0.603076],[0.671911,0.721011,-0.169352]],"s":0.971492,"t":[21.8538,18.5325,-2.71655],"timestamp":98028593856},false],[1,{"currentFrameRate":110.493,"devices":[],"gestures":[{"center":[-20.0158,314.913,-92.9996],"duration":0,"handIds":[506],"id":59,"normal":[-0.134775,-0.97893,0.153401],"pointableIds":[5061],"progress":0.785156,"radius":6.01159,"state":"start","type":"circle"}],"hands":[{"armBasis":[[0.744729,-0.491802,-0.451121],[0.626782,0.747571,0.219733],[0.22918,-0.446396,0.86499]],"armWidth":63.72,"confidence":0.563907,"direction":[0.157268,0.482698,-0.86155],"elbow":[66.9468,132.379,287.587],"grabStrength":0,"id":506,"palmNormal":[-0.60686,-0.641015,-0.469916],"palmPosition":[5.00022,280.751,6.95005],"palmVelocity":[-107.547,28.4008,149.267],"palmWidth":90.99,"pinchStrength":1,"r":[[0.541981,-0.319209,0.777408],[0.507881,-0.612606,-0.605617],[0.669562,0.723063,-0.1699]],"s":0.969853,"sphereCenter":[-29.4571,266.279,-27.8253],"sphereRadius":44.6779,"stabilizedPalmPosition":[8.37478,279.803,2.38965],"t":[20.5845,18.8342,-0.998361],"timeVisible":214.13,"type":"right","wrist":[5.06821,252.906,54.0393]}],"id":1821089,"interactionBox":{"center":[0,200,0],"size":[235.247,235.247,147.751]},"pointables":[{"bases":[[[0.886985,0.427403,0.174881],[-0.416991,0.578546,0.701002],[0.198434,-0.694702,0.691385]],[[0.843952,0.532788,0.0623076],[-0.535414,0.829564,0.158607],[0.0328159,-0.167217,0.985374]],[[0.843952,0.532788,0.0623076],[-0.53243,0.817867,0.218203],[0.0652968,-0.217328,0.973912]],[[0.843952,0.532788,0.0623076],[-0.416514,0.724065,-0.54977],[-0.338025,0.438027,0.832989]]],"btipPosition":[-20.1879,266.849,-44.4992],"carpPosition":[-24.2345,261.343,57.3894],"dipPosition":[-28.0989,277.1,-25.0042],"direction":[-0.0652968,0.217328,-0.973912],"extended":false,"handId":506,"id":5060,"length":52.1164,"mcpPosition":[-24.2345,261.343,57.3894],"pipPosition":[-25.8726,269.69,8.20188],"stabilizedTipPosition":[-19.1161,268.125,-43.5332],"timeVisible":214.13,"tipPosition":[-21.8493,268.979,-40.0617],"tipVelocity":[-123.65,44.5574,156.334],"tool":false,"touchDistance":-0.13781,"touchZone":"touching","type":0,"width":20.25},{"bases":[[[0.79444,-0.507226,-0.334047],[0.603739,0.719373,0.343514],[0.0660656,-0.474578,0.87773]],[[0.794022,-0.580981,-0.178859],[0.596498,0.801347,0.045094],[0.117129,-0.142494,0.982841]],[[0.794022,-0.580981,-0.178859],[0.578611,0.812537,-0.0706612],[0.186382,-0.047383,0.981334]],[[0.794022,-0.580981,-0.178859],[0.560739,0.81363,-0.153551],[0.234735,0.0216297,0.971819]]],"btipPosition":[-22.8099,316.041,-91.3135],"carpPosition":[-4.40187,274.229,55.8093],"dipPosition":[-18.7994,316.411,-74.7094],"direction":[-0.186382,0.047383,-0.981334],"extended":true,"handId":506,"id":5061,"length":58.8075,"mcpPosition":[-9.26229,309.144,-8.76496],"pipPosition":[-14.2944,315.266,-50.9902],"stabilizedTipPosition":[-19.1267,315.187,-90.3692],"timeVisible":214.13,"tipPosition":[-21.8863,315.511,-87.5118],"tipVelocity":[-159.359,53.282,170.952],"tool":false,"touchDistance":-0.139069,"touchZone":"touching","type":1,"width":19.3428},{"bases":[[[0.68142,-0.681833,-0.266025],[0.730661,0.61267,0.301281],[-0.0424377,-0.399673,0.915675]],[[0.682485,-0.667496,-0.297763],[0.473436,0.714103,-0.51567],[0.556841,0.210966,0.803381]],[[0.682485,-0.667496,-0.297763],[-0.531121,-0.173045,-0.829437],[0.50212,0.724227,-0.472622]],[[0.682485,-0.667496,-0.297763],[-0.726865,-0.662587,-0.180681],[-0.0766905,0.339746,-0.937385]]],"btipPosition":[-30.4526,260.292,-19.745],"carpPosition":[6.26389,269.555,51.808],"dipPosition":[-31.8938,266.676,-37.3604],"direction":[-0.50212,-0.724227,0.472622],"extended":false,"handId":506,"id":5062,"length":67.0064,"mcpPosition":[9.22468,297.439,-12.0768],"pipPosition":[-17.6153,287.271,-50.8],"stabilizedTipPosition":[-26.0125,260.169,-28.6035],"timeVisible":214.13,"tipPosition":[-30.7478,261.339,-22.72],"tipVelocity":[-116.433,37.8304,114.262],"tool":false,"touchDistance":0.333333,"touchZone":"none","type":2,"width":18.9972},{"bases":[[[0.610716,-0.77745,-0.150326],[0.775753,0.549338,0.310541],[-0.15885,-0.306268,0.938598]],[[0.617638,-0.761849,-0.195216],[0.577209,0.607714,-0.545447],[0.534184,0.224209,0.815094]],[[0.617638,-0.761849,-0.195216],[-0.502759,-0.191601,-0.842925],[0.604778,0.618769,-0.501366]],[[0.617638,-0.761849,-0.195216],[-0.786255,-0.592455,-0.175498],[0.0180464,0.261884,-0.964931]]],"btipPosition":[-15.7207,249.232,-15.2182],"carpPosition":[15.2868,262.099,48.076],"dipPosition":[-15.3835,254.125,-33.247],"direction":[-0.604778,-0.618769,0.501366],"extended":false,"handId":506,"id":5063,"length":64.4285,"mcpPosition":[25.2371,281.284,-10.7178],"pipPosition":[1.37002,271.266,-47.1359],"stabilizedTipPosition":[-11.0118,248.985,-25.9866],"timeVisible":214.13,"tipPosition":[-15.7808,250.08,-18.6294],"tipVelocity":[-105.788,31.7414,134.467],"tool":false,"touchDistance":0.333333,"touchZone":"none","type":3,"width":18.077},{"bases":[[[0.451598,-0.887679,-0.0899133],[0.844196,0.392498,0.365074],[-0.288778,-0.240771,0.926626]],[[0.476197,-0.861833,-0.174585],[0.673571,0.485136,-0.557625],[0.565276,0.147944,0.811526]],[[0.476197,-0.861833,-0.174585],[-0.516454,-0.113423,-0.84877],[0.711696,0.494347,-0.499109]],[[0.476197,-0.861833,-0.174585],[-0.872393,-0.438127,-0.216739],[0.110303,0.255517,-0.960492]]],"btipPosition":[0.577425,243.744,-11.8115],"carpPosition":[19.6415,249.087,44.2962],"dipPosition":[2.47869,248.148,-28.3673],"direction":[-0.711696,-0.494347,0.499109],"extended":false,"handId":506,"id":5064,"length":50.5107,"mcpPosition":[36.3863,263.048,-9.43437],"pipPosition":[16.3986,257.817,-38.1293],"stabilizedTipPosition":[5.43377,243.231,-22.3196],"timeVisible":214.13,"tipPosition":[0.940434,244.493,-14.9166],"tipVelocity":[-100.784,36.3693,134.041],"tool":false,"touchDistance":0.333333,"touchZone":"none","type":4,"width":16.0574}],"r":[[0.541981,-0.319209,0.777408],[0.507881,-0.612606,-0.605617],[0.669562,0.723063,-0.1699]],"s":0.969853,"t":[20.5845,18.8342,-0.998361],"timestamp":98028602929},false],[2,{"currentFrameRate":110.555,"devices":[],"gestures":[{"center":[-19.5047,315.227,-91.6947],"duration":8935,"handIds":[506],"id":59,"normal":[-0.146024,-0.971919,0.18453],"pointableIds":[5061],"progress":0.805034,"radius":6.49014,"state":"update","type":"circle"}],"hands":[{"armBasis":[[0.751157,-0.479568,-0.453628],[0.616153,0.755958,0.221094],[0.236894,-0.44558,0.863331]],"armWidth":63.72,"confidence":0.569868,"direction":[0.150058,0.49811,-0.854031],"elbow":[67.9594,132.213,288.534],"grabStrength":0,"id":506,"palmNormal":[-0.598064,-0.642114,-0.479593],"palmPosition":[3.51628,281.086,8.78193],"palmVelocity":[-123.521,30.8848,164.483],"palmWidth":90.99,"pinchStrength":1,"r":[[0.545323,-0.320093,0.774702],[0.509458,-0.607358,-0.609564],[0.665639,0.727088,-0.168133]],"s":0.96875,"sphereCenter":[-30.8628,266.789,-26.1742],"sphereRadius":44.7128,"stabilizedPalmPosition":[7.69503,279.982,3.28399],"t":[19.2079,19.1526,0.776674],"timeVisible":214.138,"type":"right","wrist":[3.998,252.52,55.4351]}],"id":1821090,"interactionBox":{"center":[0,200,0],"size":[235.247,235.247,147.751]},"pointables":[{"bases":[[[0.881003,0.437031,0.18121],[-0.424694,0.561746,0.709983],[0.208491,-0.702456,0.680505]],[[0.836607,0.543231,0.0706273],[-0.546686,0.819705,0.170935],[0.0349636,-0.181616,0.982748]],[[0.836607,0.543231,0.0706273],[-0.543277,0.80623,0.234186],[0.0702753,-0.234292,0.969623]],[[0.836607,0.543231,0.0706273],[-0.4272,0.727683,-0.536635],[-0.342911,0.418781,0.840854]]],"btipPosition":[-21.5343,267.747,-42.8716],"carpPosition":[-25.4183,260.493,58.9237],"dipPosition":[-29.5597,277.547,-23.1926],"direction":[-0.0702753,0.234292,-0.969623],"extended":false,"handId":506,"id":5060,"length":52.1164,"mcpPosition":[-25.4183,260.493,58.9237],"pipPosition":[-27.1636,269.559,9.86728],"stabilizedTipPosition":[-20.0905,268.554,-42.3477],"timeVisible":214.138,"tipPosition":[-23.2152,269.746,-38.3924],"tipVelocity":[-131.831,56.6596,164.675],"tool":false,"touchDistance":-0.109978,"touchZone":"touching","type":0,"width":20.25},{"bases":[[[0.801294,-0.490825,-0.34208],[0.593782,0.722364,0.354418],[0.0731488,-0.487114,0.87027]],[[0.801998,-0.566903,-0.188201],[0.585253,0.808793,0.0577313],[0.119487,-0.156446,0.980432]],[[0.801998,-0.566903,-0.188201],[0.567187,0.821564,-0.0577275],[0.187345,-0.0604477,0.980433]],[[0.801998,-0.566903,-0.188201],[0.549289,0.823732,-0.140528],[0.234693,0.00932659,0.972025]]],"btipPosition":[-24.8218,317.539,-88.9149],"carpPosition":[-5.76879,273.679,57.5373],"dipPosition":[-20.812,317.698,-72.3073],"direction":[-0.187345,0.0604477,-0.980433],"extended":true,"handId":506,"id":5061,"length":58.8075,"mcpPosition":[-11.1503,309.516,-6.48812],"pipPosition":[-16.2838,316.237,-48.6098],"stabilizedTipPosition":[-20.6625,315.955,-88.6722],"timeVisible":214.138,"tipPosition":[-23.8949,316.963,-85.1216],"tipVelocity":[-177.324,82.9982,197.583],"tool":false,"touchDistance":-0.0990794,"touchZone":"touching","type":1,"width":19.3428},{"bases":[[[0.690765,-0.668029,-0.276732],[0.722164,0.618115,0.310504],[-0.0363733,-0.414331,0.909399]],[[0.691614,-0.653154,-0.308318],[0.463321,0.728676,-0.504345],[0.55408,0.205962,0.806583]],[[0.691614,-0.653154,-0.308318],[-0.528607,-0.166846,-0.832308],[0.492184,0.738615,-0.460655]],[[0.691614,-0.653154,-0.308318],[-0.717698,-0.66942,-0.191799],[-0.08112,0.35393,-0.931747]]],"btipPosition":[-31.6814,260.542,-18.2547],"carpPosition":[4.95933,269.217,53.4611],"dipPosition":[-33.2058,267.193,-35.7641],"direction":[-0.492184,-0.738615,0.460655],"extended":false,"handId":506,"id":5062,"length":67.0064,"mcpPosition":[7.49703,298.124,-9.98585],"pipPosition":[-19.2098,288.196,-48.8635],"stabilizedTipPosition":[-26.4264,260.3,-28.1688],"timeVisible":214.138,"tipPosition":[-31.984,261.652,-21.2374],"tipVelocity":[-122.773,37.0197,129.343],"tool":false,"touchDistance":0.333333,"touchZone":"none","type":2,"width":18.9972},{"bases":[[[0.621465,-0.766403,-0.162505],[0.768143,0.555285,0.31877],[-0.15407,-0.322932,0.933797]],[[0.628169,-0.749947,-0.207325],[0.568696,0.624383,-0.535473],[0.531027,0.218462,0.818709]],[[0.628169,-0.749947,-0.207325],[-0.499589,-0.184477,-0.846392],[0.596503,0.635254,-0.490548]],[[0.628169,-0.749947,-0.207325],[-0.777931,-0.600171,-0.186061],[0.0151051,0.278162,-0.960415]]],"btipPosition":[-16.7978,249.619,-13.9275],"carpPosition":[14.0838,261.947,49.6116],"dipPosition":[-16.5156,254.817,-31.8719],"direction":[-0.596503,-0.635254,0.490548],"extended":false,"handId":506,"id":5063,"length":64.4285,"mcpPosition":[23.7348,282.175,-8.88145],"pipPosition":[0.00874097,272.414,-45.4611],"stabilizedTipPosition":[-11.2181,249.051,-25.7005],"timeVisible":214.138,"tipPosition":[-16.8532,250.536,-17.3292],"tipVelocity":[-110.202,37.0484,137.787],"tool":false,"touchDistance":0.333333,"touchZone":"none","type":3,"width":18.077},{"bases":[[[0.463936,-0.879771,-0.103757],[0.838803,0.398595,0.370853],[-0.284908,-0.259084,0.922877]],[[0.487968,-0.852502,-0.187422],[0.666966,0.502679,-0.549973],[0.563066,0.143365,0.813882]],[[0.487968,-0.852502,-0.187422],[-0.514708,-0.107616,-0.850585],[0.704956,0.511526,-0.491302]],[[0.487968,-0.852502,-0.187422],[-0.866302,-0.44673,-0.223504],[0.106811,0.271427,-0.956514]]],"btipPosition":[-0.399881,244.328,-10.565],"carpPosition":[18.6184,249.057,45.6299],"dipPosition":[1.44119,249.006,-27.0523],"direction":[-0.704956,-0.511526,0.491302],"extended":false,"handId":506,"id":5064,"length":50.5107,"mcpPosition":[35.1389,264.08,-7.88333],"pipPosition":[15.2293,259.011,-36.6615],"stabilizedTipPosition":[5.25121,243.304,-22.0509],"timeVisible":214.138,"tipPosition":[-0.0450502,245.129,-13.6657],"tipVelocity":[-103.552,46.1908,136.015],"tool":false,"touchDistance":0.333333,"touchZone":"none","type":4,"width":16.0574}],"r":[[0.545323,-0.320093,0.774702],[0.509458,-0.607358,-0.609564],[0.665639,0.727088,-0.168133]],"s":0.96875,"t":[19.2079,19.1526,0.776674],"timestamp":98028611864},false],[3,{"currentFrameRate":110.554,"devices":[],"gestures":[{"center":[-19.5047,315.227,-91.6947],"duration":8935,"handIds":[506],"id":59,"normal":[-0.146024,-0.971919,0.18453],"pointableIds":[5061],"progress":0.805034,"radius":6.49014,"state":"update","type":"circle"}],"hands":[{"armBasis":[[0.755177,-0.47177,-0.455127],[0.608385,0.762931,0.218642],[0.244082,-0.442006,0.863166]],"armWidth":63.72,"confidence":0.53558,"direction":[0.142819,0.512431,-0.846769],"elbow":[68.8134,133.049,289.47],"grabStrength":0,"id":506,"palmNormal":[-0.592532,-0.641016,-0.487856],"palmPosition":[2.0207,281.648,10.1986],"palmVelocity":[-135.047,39.5073,162.306],"palmWidth":90.99,"pinchStrength":1,"r":[[0.549023,-0.321965,0.771306],[0.511658,-0.600233,-0.614757],[0.660894,0.73216,-0.164805]],"s":0.96806,"sphereCenter":[-32.4195,267.651,-24.8536],"sphereRadius":44.7515,"stabilizedPalmPosition":[6.92249,280.209,4.22539],"t":[17.7718,19.5929,2.37252],"timeVisible":214.148,"type":"right","wrist":[2.9114,252.391,56.415]}],"id":1821091,"interactionBox":{"center":[0,200,0],"size":[235.247,235.247,147.751]},"pointables":[{"bases":[[[0.87686,0.443399,0.185779],[-0.428778,0.546557,0.719322],[0.217408,-0.710403,0.669374]],[[0.831346,0.55034,0.0773921],[-0.554437,0.811708,0.183654],[0.0382525,-0.195589,0.97994]],[[0.831346,0.55034,0.0773921],[-0.550469,0.796253,0.250929],[0.0764725,-0.251211,0.964907]],[[0.831346,0.55034,0.0773921],[-0.436504,0.732791,-0.521997],[-0.343988,0.400178,0.849429]]],"btipPosition":[-23.0437,268.967,-41.6052],"carpPosition":[-26.5774,260.004,60.0898],"dipPosition":[-31.0943,278.332,-21.7255],"direction":[-0.0764725,0.251211,-0.964907],"extended":false,"handId":506,"id":5060,"length":52.1164,"mcpPosition":[-26.5774,260.004,60.0898],"pipPosition":[-28.4869,269.767,11.1736],"stabilizedTipPosition":[-21.1665,269.129,-41.1575],"timeVisible":214.148,"tipPosition":[-24.7275,270.834,-37.0779],"tipVelocity":[-141.664,75.1836,159.272],"tool":false,"touchDistance":-0.0881016,"touchZone":"touching","type":0,"width":20.25},{"bases":[[[0.80551,-0.477263,-0.351245],[0.587116,0.723092,0.363914],[0.0802999,-0.499358,0.862666]],[[0.80738,-0.555601,-0.198605],[0.577008,0.813817,0.0690177],[0.123282,-0.17032,0.977646]],[[0.80738,-0.555601,-0.198605],[0.558563,0.828178,-0.0461407],[0.190116,-0.0736803,0.978993]],[[0.80738,-0.555601,-0.198605],[0.540465,0.831442,-0.128845],[0.236715,-0.00331195,0.971573]]],"btipPosition":[-26.9128,319.305,-86.8729],"carpPosition":[-7.06914,273.413,58.8577],"dipPosition":[-22.8684,319.248,-70.273],"direction":[-0.190116,0.0736803,-0.978993],"extended":true,"handId":506,"id":5061,"length":58.8075,"mcpPosition":[-12.9768,310.15,-4.6083],"pipPosition":[-18.2733,317.468,-46.6103],"stabilizedTipPosition":[-22.2856,316.973,-86.9585],"timeVisible":214.148,"tipPosition":[-25.9784,318.684,-83.0899],"tipVelocity":[-191.921,112.442,205.287],"tool":false,"touchDistance":-0.0650754,"touchZone":"touching","type":1,"width":19.3428},{"bases":[[[0.696983,-0.65657,-0.288324],[0.716465,0.620856,0.318144],[-0.0298761,-0.428315,0.903135]],[[0.697601,-0.641194,-0.319724],[0.454424,0.740955,-0.494454],[0.553942,0.199642,0.808265]],[[0.697601,-0.641194,-0.319724],[-0.5289,-0.159813,-0.833502],[0.48334,0.750554,-0.450613]],[[0.697601,-0.641194,-0.319724],[-0.711182,-0.673871,-0.200296],[-0.0870238,0.367109,-0.926098]]],"btipPosition":[-33.0301,261.142,-17.061],"carpPosition":[3.69478,269.124,54.6906],"dipPosition":[-34.6655,268.041,-34.4643],"direction":[-0.48334,-0.750554,0.450613],"extended":false,"handId":506,"id":5062,"length":67.0064,"mcpPosition":[5.77918,299.007,-8.31938],"pipPosition":[-20.921,289.384,-47.2781],"stabilizedTipPosition":[-26.8915,260.462,-27.6954],"timeVisible":214.148,"tipPosition":[-33.351,262.301,-20.0395],"tipVelocity":[-130.807,46.8532,130.804],"tool":false,"touchDistance":0.333333,"touchZone":"none","type":2,"width":18.9972},{"bases":[[[0.628983,-0.757366,-0.175435],[0.763113,0.55839,0.32536],[-0.148455,-0.338523,0.929174]],[[0.635425,-0.740113,-0.220153],[0.56115,0.638465,-0.526758],[0.530421,0.211176,0.821011]],[[0.635425,-0.740113,-0.220153],[-0.499029,-0.176043,-0.848516],[0.589241,0.649031,-0.4812]],[[0.635425,-0.740113,-0.220153],[-0.772087,-0.604989,-0.194602],[0.0108373,0.293633,-0.955857]]],"btipPosition":[-18.0406,250.312,-12.9851],"carpPosition":[12.8848,262.008,50.7114],"dipPosition":[-17.8381,255.798,-30.8443],"direction":[-0.589241,-0.649031,0.4812],"extended":false,"handId":506,"id":5063,"length":64.4285,"mcpPosition":[22.1841,283.213,-7.49207],"pipPosition":[-1.51493,273.778,-44.1745],"stabilizedTipPosition":[-11.4618,249.142,-25.3909],"timeVisible":214.148,"tipPosition":[-18.0997,251.294,-16.3765],"tipVelocity":[-118.253,49.9799,129.113],"tool":false,"touchDistance":0.333333,"touchZone":"none","type":3,"width":18.077},{"bases":[[[0.472781,-0.873237,-0.118045],[0.835519,0.401678,0.374916],[-0.279974,-0.275882,0.919513]],[[0.49611,-0.84479,-0.200512],[0.661227,0.517271,-0.543332],[0.562721,0.136968,0.815221]],[[0.49611,-0.84479,-0.200512],[-0.514691,-0.10015,-0.851506],[0.699263,0.525642,-0.484491]],[[0.49611,-0.84479,-0.200512],[-0.862164,-0.451993,-0.228856],[0.102705,0.286412,-0.952586]]],"btipPosition":[-1.56689,245.164,-9.72237],"carpPosition":[17.5431,249.228,46.5257],"dipPosition":[0.203415,250.101,-26.1419],"direction":[-0.699263,-0.525642,0.484491],"extended":false,"handId":506,"id":5064,"length":50.5107,"mcpPosition":[33.7775,265.225,-6.7924],"pipPosition":[13.8802,260.382,-35.618],"stabilizedTipPosition":[5.03363,243.406,-21.7606],"timeVisible":214.148,"tipPosition":[-1.22098,246.015,-12.8179],"tipVelocity":[-111.065,60.7629,124.665],"tool":false,"touchDistance":0.333333,"touchZone":"none","type":4,"width":16.0574}],"r":[[0.549023,-0.321965,0.771306],[0.511658,-0.600233,-0.614757],[0.660894,0.73216,-0.164805]],"s":0.96806,"t":[17.7718,19.5929,2.37252],"timestamp":98028620911},false],[4,{"currentFrameRate":110.525,"devices":[],"gestures":[{"center":[-19.5047,315.227,-91.6947],"duration":8935,"handIds":[506],"id":59,"normal":[-0.146024,-0.971919,0.18453],"pointableIds":[5061],"progress":0.805034,"radius":6.49014,"state":"update","type":"circle"}],"hands":[{"armBasis":[[0.755589,-0.463527,-0.462848],[0.60545,0.763896,0.223368],[0.250031,-0.449006,0.857834]],"armWidth":63.72,"confidence":0.544275,"direction":[0.139883,0.516987,-0.844486],"elbow":[68.7625,131.799,289.584],"grabStrength":0,"id":506,"palmNormal":[-0.590289,-0.641207,-0.490318],"palmPosition":[0.197886,282.501,11.8908],"palmVelocity":[-153.14,54.5268,168.866],"palmWidth":90.99,"pinchStrength":1,"r":[[0.552396,-0.323688,0.768169],[0.513764,-0.593487,-0.619532],[0.656434,0.736885,-0.161541]],"s":0.967564,"sphereCenter":[-34.3452,268.647,-23.155],"sphereRadius":44.788,"stabilizedPalmPosition":[5.97928,280.531,5.30056],"t":[16.1424,20.2393,4.01655],"timeVisible":214.157,"type":"right","wrist":[1.25418,253.031,57.9687]}],"id":1821092,"interactionBox":{"center":[0,200,0],"size":[235.247,235.247,147.751]},"pointables":[{"bases":[[[0.875164,0.446203,0.187059],[-0.4304,0.541376,0.722266],[0.221007,-0.712611,0.665838]],[[0.829425,0.552884,0.0798404],[-0.557272,0.809012,0.186944],[0.0387664,-0.199549,0.979121]],[[0.829425,0.552884,0.0798404],[-0.552922,0.792179,0.258321],[0.0795738,-0.258404,0.962754]],[[0.829425,0.552884,0.0798404],[-0.439895,0.734533,-0.516675],[-0.344306,0.393421,0.852451]]],"btipPosition":[-24.8532,270.067,-39.9455],"carpPosition":[-28.2629,260.503,61.7059],"dipPosition":[-32.9112,279.275,-19.9951],"direction":[-0.0795738,0.258404,-0.962754],"extended":false,"handId":506,"id":5060,"length":52.1164,"mcpPosition":[-28.2629,260.503,61.7059],"pipPosition":[-30.198,270.464,12.8306],"stabilizedTipPosition":[-22.3776,269.797,-39.8895],"timeVisible":214.157,"tipPosition":[-26.5484,271.874,-35.4024],"tipVelocity":[-157.567,86.7501,166.177],"tool":false,"touchDistance":-0.0601697,"touchZone":"touching","type":0,"width":20.25},{"bases":[[[0.80718,-0.472225,-0.35421],[0.584414,0.723838,0.366767],[0.083194,-0.503053,0.860242]],[[0.809521,-0.551261,-0.201958],[0.573654,0.815896,0.0723565],[0.124889,-0.174428,0.976718]],[[0.809521,-0.551261,-0.201958],[0.555038,0.830726,-0.042744],[0.191335,-0.077492,0.978461]],[[0.809521,-0.551261,-0.201958],[0.536844,0.834304,-0.125438],[0.237643,-0.0068753,0.971328]]],"btipPosition":[-28.9832,320.493,-84.9764],"carpPosition":[-8.8122,273.999,60.519],"dipPosition":[-24.9229,320.375,-68.3806],"direction":[-0.191335,0.077492,-0.978461],"extended":true,"handId":506,"id":5061,"length":58.8075,"mcpPosition":[-14.9328,311.009,-2.76869],"pipPosition":[-20.2983,318.502,-44.7308],"stabilizedTipPosition":[-23.9704,317.994,-85.2634],"timeVisible":214.157,"tipPosition":[-28.0427,319.862,-81.197],"tipVelocity":[-201.68,117.035,206.13],"tool":false,"touchDistance":-0.0357323,"touchZone":"touching","type":1,"width":19.3428},{"bases":[[[0.699464,-0.652279,-0.292032],[0.714149,0.622362,0.320401],[-0.0272414,-0.432663,0.901144]],[[0.699989,-0.636732,-0.3234],[0.450702,0.745143,-0.491559],[0.553971,0.198328,0.808568]],[[0.699989,-0.636732,-0.3234],[-0.5292,-0.158392,-0.833582],[0.479545,0.754641,-0.447832]],[[0.699989,-0.636732,-0.3234],[-0.708496,-0.67605,-0.202461],[-0.089721,0.370848,-0.924349]]],"btipPosition":[-34.7858,261.974,-15.4172],"carpPosition":[1.96575,269.776,56.322],"dipPosition":[-36.4718,268.943,-32.7876],"direction":[-0.479545,-0.754641,0.447832],"extended":false,"handId":506,"id":5062,"length":67.0064,"mcpPosition":[3.86633,299.962,-6.549],"pipPosition":[-22.8353,290.402,-45.5223],"stabilizedTipPosition":[-27.4431,260.669,-27.1437],"timeVisible":214.157,"tipPosition":[-35.1184,263.153,-18.4147],"tipVelocity":[-148.384,59.6889,144.851],"tool":false,"touchDistance":0.333333,"touchZone":"none","type":2,"width":18.9972},{"bases":[[[0.631992,-0.753887,-0.179555],[0.761065,0.56006,0.327281],[-0.146172,-0.343492,0.927711]],[[0.638335,-0.736349,-0.224318],[0.558203,0.643468,-0.523793],[0.530035,0.20914,0.82178]],[[0.638335,-0.736349,-0.224318],[-0.498486,-0.173382,-0.849383],[0.586549,0.65401,-0.477735]],[[0.638335,-0.736349,-0.224318],[-0.769699,-0.606968,-0.197872],[0.00954933,0.298966,-0.954216]]],"btipPosition":[-19.7707,251.186,-11.4646],"carpPosition":[11.1819,262.717,52.3012],"dipPosition":[-19.5923,256.772,-29.2932],"direction":[-0.586549,-0.65401,0.477735],"extended":false,"handId":506,"id":5063,"length":64.4285,"mcpPosition":[20.3381,284.233,-5.81063],"pipPosition":[-3.34367,274.889,-42.5274],"stabilizedTipPosition":[-11.7736,249.267,-25.0204],"timeVisible":214.157,"tipPosition":[-19.8248,252.195,-14.8559],"tipVelocity":[-138.345,63.4317,139.854],"tool":false,"touchDistance":0.333333,"touchZone":"none","type":3,"width":18.077},{"bases":[[[0.476331,-0.870681,-0.122567],[0.834174,0.403423,0.376037],[-0.277962,-0.28136,0.918463]],[[0.499322,-0.841967,-0.204374],[0.659,0.522209,-0.54131],[0.562491,0.135605,0.815607]],[[0.499322,-0.841967,-0.204374],[-0.514508,-0.0983573,-0.851826],[0.697108,0.530488,-0.482311]],[[0.499322,-0.841967,-0.204374],[-0.860472,-0.454317,-0.230617],[0.101321,0.29101,-0.95134]]],"btipPosition":[-3.26273,246.104,-8.21357],"carpPosition":[15.8899,249.976,48.0514],"dipPosition":[-1.51628,251.12,-24.6116],"direction":[-0.697108,-0.530488,0.482311],"extended":false,"handId":506,"id":5064,"length":50.5107,"mcpPosition":[32.0075,266.291,-5.20583],"pipPosition":[12.1183,261.496,-34.045],"stabilizedTipPosition":[4.74997,243.545,-21.4094],"timeVisible":214.157,"tipPosition":[-2.91726,246.972,-11.3126],"tipVelocity":[-132.104,73.1109,136.221],"tool":false,"touchDistance":0.333333,"touchZone":"none","type":4,"width":16.0574}],"r":[[0.552396,-0.323688,0.768169],[0.513764,-0.593487,-0.619532],[0.656434,0.736885,-0.161541]],"s":0.967564,"t":[16.1424,20.2393,4.01655],"timestamp":98028630010},false],[5,{"currentFrameRate":110.551,"devices":[],"gestures":[{"center":[-19.5047,315.227,-91.6947],"duration":8935,"handIds":[506],"id":59,"normal":[-0.146024,-0.971919,0.18453],"pointableIds":[5061],"progress":0.805034,"radius":6.49014,"state":"update","type":"circle"}],"hands":[{"armBasis":[[0.755839,-0.451347,-0.474335],[0.599569,0.768217,0.22441],[0.263105,-0.454015,0.851262]],"armWidth":63.72,"confidence":0.549553,"direction":[0.13633,0.519625,-0.843448],"elbow":[70.5326,131.409,289.15],"grabStrength":0,"id":506,"palmNormal":[-0.585252,-0.644697,-0.491777],"palmPosition":[-1.7653,283.541,13.2871],"palmVelocity":[-170.985,71.2977,165.099],"palmWidth":90.99,"pinchStrength":1,"r":[[0.555522,-0.324494,0.765571],[0.516351,-0.587047,-0.623505],[0.651749,0.741674,-0.158565]],"s":0.967262,"sphereCenter":[-36.3387,269.655,-21.7439],"sphereRadius":44.8245,"stabilizedPalmPosition":[4.91527,280.944,6.39782],"t":[14.346,21.0828,5.53673],"timeVisible":214.166,"type":"right","wrist":[-0.505885,253.993,59.3096]}],"id":1821093,"interactionBox":{"center":[0,200,0],"size":[235.247,235.247,147.751]},"pointables":[{"bases":[[[0.871707,0.452417,0.188268],[-0.43475,0.536753,0.72311],[0.226094,-0.71219,0.66458]],[[0.825651,0.55818,0.082072],[-0.562879,0.805107,0.187003],[0.0383046,-0.200596,0.978925]],[[0.825651,0.55818,0.082072],[-0.558143,0.7869,0.263181],[0.0823199,-0.263104,0.961249]],[[0.825651,0.55818,0.082072],[-0.444824,0.733534,-0.513868],[-0.347033,0.387768,0.853935]]],"btipPosition":[-26.6769,271.145,-38.5764],"carpPosition":[-30.0799,261.236,63.0487],"dipPosition":[-34.7987,280.22,-18.5913],"direction":[-0.0823199,0.263104,-0.961249],"extended":false,"handId":506,"id":5060,"length":52.1164,"mcpPosition":[-30.0799,261.236,63.0487],"pipPosition":[-31.9919,271.249,14.1831],"stabilizedTipPosition":[-23.7151,270.542,-38.6079],"timeVisible":214.166,"tipPosition":[-28.4011,272.893,-34.0253],"tipVelocity":[-170.39,94.8728,162.561],"tool":false,"touchDistance":-0.0391224,"touchZone":"touching","type":0,"width":20.25},{"bases":[[[0.810851,-0.465468,-0.354767],[0.578805,0.727516,0.36838],[0.0866298,-0.504043,0.859323]],[[0.813729,-0.544748,-0.202718],[0.567466,0.820045,0.0742167],[0.125809,-0.175428,0.976421]],[[0.813729,-0.544748,-0.202718],[0.548776,0.834968,-0.0409054],[0.191546,-0.077961,0.978382]],[[0.813729,-0.544748,-0.202718],[0.530579,0.838571,-0.123633],[0.237343,-0.00695388,0.971401]]],"btipPosition":[-31.194,321.502,-83.5189],"carpPosition":[-10.7307,274.88,61.8954],"dipPosition":[-27.1388,321.383,-66.9219],"direction":[-0.191546,0.077961,-0.978382],"extended":true,"handId":506,"id":5061,"length":58.8075,"mcpPosition":[-17.104,311.962,-1.32466],"pipPosition":[-22.5091,319.499,-43.274],"stabilizedTipPosition":[-25.7599,318.984,-83.6812],"timeVisible":214.166,"tipPosition":[-30.2497,320.876,-79.7404],"tipVelocity":[-213.787,115.68,194.005],"tool":false,"touchDistance":-0.0240676,"touchZone":"touching","type":1,"width":19.3428},{"bases":[[[0.704468,-0.646445,-0.292975],[0.709318,0.627107,0.321876],[-0.0243485,-0.434564,0.900312]],[[0.704888,-0.630814,-0.324356],[0.445265,0.749469,-0.489934],[0.552151,0.200925,0.809171]],[[0.704888,-0.630814,-0.324356],[-0.527749,-0.160876,-0.834027],[0.473934,0.759074,-0.446311]],[[0.704888,-0.630814,-0.324356],[-0.703282,-0.681068,-0.203814],[-0.0923398,0.371779,-0.923717]]],"btipPosition":[-36.5765,262.808,-14.0705],"carpPosition":[0.0803759,270.746,57.6949],"dipPosition":[-38.3118,269.794,-31.429],"direction":[-0.473934,-0.759074,0.446311],"extended":false,"handId":506,"id":5062,"length":67.0064,"mcpPosition":[1.77912,301.064,-5.11805],"pipPosition":[-24.8348,291.38,-44.1204],"stabilizedTipPosition":[-28.0947,260.926,-26.523],"timeVisible":214.166,"tipPosition":[-36.9204,263.994,-17.0796],"tipVelocity":[-162.621,68.8608,146.249],"tool":false,"touchDistance":0.333333,"touchZone":"none","type":2,"width":18.9972},{"bases":[[[0.637717,-0.748771,-0.180719],[0.756699,0.565146,0.328658],[-0.143957,-0.34634,0.926998]],[[0.643959,-0.731055,-0.225553],[0.553758,0.648812,-0.521915],[0.527891,0.21119,0.822636]],[[0.643959,-0.731055,-0.225553],[-0.496305,-0.174813,-0.850366],[0.582235,0.659544,-0.475399]],[[0.643959,-0.731055,-0.225553],[-0.765013,-0.612055,-0.200357],[0.00842124,0.301573,-0.953406]]],"btipPosition":[-21.5039,252.118,-10.1747],"carpPosition":[9.35096,263.764,53.6645],"dipPosition":[-21.3466,257.752,-27.9882],"direction":[-0.582235,-0.659544,0.475399],"extended":false,"handId":506,"id":5063,"length":64.4285,"mcpPosition":[18.3684,285.459,-4.4026],"pipPosition":[-5.21751,276.023,-41.1577],"stabilizedTipPosition":[-12.1699,249.437,-24.581],"timeVisible":214.166,"tipPosition":[-21.5535,253.145,-13.5689],"tipVelocity":[-153.386,74.7858,140.914],"tool":false,"touchDistance":0.333333,"touchZone":"none","type":3,"width":18.077},{"bases":[[[0.482916,-0.86684,-0.124017],[0.830965,0.408972,0.377147],[-0.276207,-0.285184,0.917813]],[[0.505499,-0.838148,-0.204887],[0.654273,0.527155,-0.542249],[0.562492,0.140054,0.814854]],[[0.505499,-0.838148,-0.204887],[-0.514465,-0.102153,-0.851405],[0.692674,0.535791,-0.482836]],[[0.505499,-0.838148,-0.204887],[-0.857082,-0.460412,-0.231154],[0.0994091,0.292453,-0.951099]]],"btipPosition":[-4.97836,247.131,-6.80191],"carpPosition":[14.1564,251.067,49.3926],"dipPosition":[-3.26487,252.172,-23.1958],"direction":[-0.692674,-0.535791,0.482836],"extended":false,"handId":506,"id":5064,"length":50.5107,"mcpPosition":[30.1723,267.603,-3.82692],"pipPosition":[10.283,262.651,-32.6395],"stabilizedTipPosition":[4.38484,243.73,-20.9855],"timeVisible":214.166,"tipPosition":[-4.62254,248.028,-9.96109],"tipVelocity":[-148.404,84.5336,141.915],"tool":false,"touchDistance":0.333333,"touchZone":"none","type":4,"width":16.0574}],"r":[[0.555522,-0.324494,0.765571],[0.516351,-0.587047,-0.623505],[0.651749,0.741674,-0.158565]],"s":0.967262,"t":[14.346,21.0828,5.53673],"timestamp":98028639010},false],[6,{"currentFrameRate":110.529,"devices":[],"gestures":[{"center":[-19.5047,315.227,-91.6947],"duration":8935,"handIds":[506],"id":59,"normal":[-0.146024,-0.971919,0.18453],"pointableIds":[5061],"progress":0.805034,"radius":6.49014,"state":"update","type":"circle"}],"hands":[{"armBasis":[[0.748131,-0.452362,-0.485456],[0.605807,0.76414,0.221555],[0.270734,-0.459845,0.845722]],"armWidth":63.72,"confidence":0.553437,"direction":[0.130952,0.513129,-0.848263],"elbow":[71.0977,130.904,289.794],"grabStrength":0,"id":506,"palmNormal":[-0.593013,-0.645138,-0.481802],"palmPosition":[-3.54684,284.3,15.2366],"palmVelocity":[-177.925,74.6571,178.784],"palmWidth":90.99,"pinchStrength":1,"r":[[0.559123,-0.324608,0.762896],[0.516641,-0.583254,-0.626815],[0.648431,0.74461,-0.158406]],"s":0.967028,"sphereCenter":[-38.6808,270.503,-19.322],"sphereRadius":44.8738,"stabilizedPalmPosition":[3.76397,281.401,7.60037],"t":[12.5571,21.8836,7.27155],"timeVisible":214.175,"type":"right","wrist":[-2.00034,255.062,61.4486]}],"id":1821094,"interactionBox":{"center":[0,200,0],"size":[235.247,235.247,147.751]},"pointables":[{"bases":[[[0.875653,0.44935,0.176962],[-0.42529,0.543871,0.723418],[0.228823,-0.708723,0.667346]],[[0.829525,0.553908,0.0712362],[-0.556652,0.809786,0.185432],[0.0450264,-0.193475,0.980072]],[[0.829525,0.553908,0.0712362],[-0.550923,0.79073,0.266891],[0.0915044,-0.260638,0.96109]],[[0.829525,0.553908,0.0712362],[-0.446021,0.733849,-0.512377],[-0.336087,0.393257,0.855801]]],"btipPosition":[-29.0038,271.819,-36.3064],"carpPosition":[-31.5019,262.478,65.4142],"dipPosition":[-36.8694,281.022,-16.2775],"direction":[-0.0915044,0.260638,-0.96109],"extended":false,"handId":506,"id":5060,"length":52.1164,"mcpPosition":[-31.5019,262.478,65.4142],"pipPosition":[-33.7495,272.136,16.4914],"stabilizedTipPosition":[-25.247,271.274,-37.1168],"timeVisible":214.175,"tipPosition":[-30.6797,273.563,-31.7411],"tipVelocity":[-192.313,90.0459,187.022],"tool":false,"touchDistance":-0.00128264,"touchZone":"touching","type":0,"width":20.25},{"bases":[[[0.805182,-0.471931,-0.359115],[0.585814,0.727138,0.357901],[0.0922212,-0.49855,0.861942]],[[0.809099,-0.550173,-0.206565],[0.572161,0.817701,0.0632152],[0.134129,-0.169336,0.976389]],[[0.809099,-0.550173,-0.206565],[0.552458,0.831926,-0.0518469],[0.200372,-0.0721693,0.977058]],[[0.809099,-0.550173,-0.206565],[0.533497,0.83505,-0.134437],[0.246456,-0.0014286,0.969153]]],"btipPosition":[-33.6987,321.739,-81.5497],"carpPosition":[-12.0976,276.017,63.9854],"dipPosition":[-29.4878,321.715,-64.9911],"direction":[-0.200372,0.0721693,-0.977058],"extended":true,"handId":506,"id":5061,"length":58.8075,"mcpPosition":[-18.8822,312.695,0.572742],"pipPosition":[-24.6447,319.97,-41.3753],"stabilizedTipPosition":[-27.7203,319.758,-82.0106],"timeVisible":214.175,"tipPosition":[-32.7213,321.138,-77.7759],"tipVelocity":[-229.817,91.5388,200.02],"tool":false,"touchDistance":0.0586051,"touchZone":"hovering","type":1,"width":19.3428},{"bases":[[[0.698495,-0.651946,-0.295078],[0.715388,0.625762,0.310873],[-0.0180239,-0.428239,0.903486]],[[0.698697,-0.63648,-0.326674],[0.444716,0.74408,-0.498571],[0.560402,0.203072,0.802939]],[[0.698697,-0.63648,-0.326674],[-0.536021,-0.163312,-0.828258],[0.47382,0.753805,-0.455272]],[[0.698697,-0.63648,-0.326674],[-0.708545,-0.678774,-0.19295],[-0.0989291,0.366277,-0.925232]]],"btipPosition":[-38.7157,263.571,-11.6905],"carpPosition":[-1.34688,271.8,59.7126],"dipPosition":[-40.5747,270.454,-29.0775],"direction":[-0.47382,-0.753805,0.455272],"extended":false,"handId":506,"id":5062,"length":67.0064,"mcpPosition":[-0.0893902,301.678,-3.32179],"pipPosition":[-27.101,291.889,-42.0238],"stabilizedTipPosition":[-28.8855,261.228,-25.7476],"timeVisible":214.175,"tipPosition":[-39.0829,264.744,-14.7176],"tipVelocity":[-183.637,72.319,178.067],"tool":false,"touchDistance":0.333333,"touchZone":"none","type":2,"width":18.9972},{"bases":[[[0.632299,-0.753164,-0.181496],[0.762525,0.563614,0.317639],[-0.136941,-0.339239,0.93068]],[[0.638219,-0.735749,-0.226608],[0.552202,0.6426,-0.531167],[0.536424,0.213868,0.816401]],[[0.638219,-0.735749,-0.226608],[-0.504652,-0.177539,-0.844871],[0.581381,0.65357,-0.484606]],[[0.638219,-0.735749,-0.226608],[-0.769854,-0.609321,-0.189878],[0.0016258,0.295639,-0.955298]]],"btipPosition":[-23.674,252.81,-7.85685],"carpPosition":[7.85097,264.745,55.644],"dipPosition":[-23.6437,258.334,-25.7057],"direction":[-0.581381,-0.65357,0.484606],"extended":false,"handId":506,"id":5063,"length":64.4285,"mcpPosition":[16.4289,285.995,-2.65373],"pipPosition":[-7.53826,276.439,-39.1302],"stabiliz