{"sensorType":"Leap","data":[[0,{"currentFrameRate":109.618,"devices":[],"gestures":[],"hands":[{"armBasis":[[0.784153,-0.373158,-0.495839],[0.55547,0.778312,0.292716],[0.276688,-0.504958,0.817594]],"armWidth":63.72,"confidence":0.579786,"direction":[0.306442,0.586113,-0.750043],"elbow":[58.149,134.486,287.244],"grabStrength":0.351981,"id":506,"palmNormal":[-0.471589,-0.590975,-0.654486],"palmPosition":[-8.34915,304.147,23.8906],"palmVelocity":[-5.40519,33.9642,-293.047],"palmWidth":90.99,"pinchStrength":0.496262,"r":[[0.42343,-0.409726,0.80798],[0.656668,-0.475603,-0.585311],[0.624095,0.778413,0.0676694]],"s":1.20661,"sphereCenter":[-37.4431,296.893,-13.8443],"sphereRadius":43.0632,"stabilizedPalmPosition":[9.42177,289.942,10.4903],"t":[5.92102,42.2362,20.1044],"timeVisible":190.783,"type":"right","wrist":[-16.5568,270.825,66.4938]}],"id":1818550,"interactionBox":{"center":[0,200,0],"size":[235.247,235.247,147.751]},"pointables":[{"bases":[[[0.814325,0.419915,0.400682],[-0.574144,0.48163,0.662111],[0.0850503,-0.769223,0.633295]],[[0.774602,0.581498,0.248699],[-0.63236,0.718696,0.289132],[-0.0106094,-0.381229,0.92442]],[[0.774602,0.581498,0.248699],[-0.627934,0.754016,0.192765],[-0.0754307,-0.305483,0.949205]],[[0.774602,0.581498,0.248699],[-0.630427,0.74134,0.230168],[-0.0505282,-0.335075,0.940836]]],"btipPosition":[-41.9868,315.526,-35.8185],"carpPosition":[-46.2708,278.238,64.7089],"dipPosition":[-43.1693,307.684,-13.7996],"direction":[0.0754307,0.305483,-0.949205],"extended":false,"handId":506,"id":5060,"length":52.1164,"mcpPosition":[-46.2708,278.238,64.7089],"pipPosition":[-45.7412,297.268,18.5641],"stabilizedTipPosition":[-30.5159,307.898,-30.686],"timeVisible":190.783,"tipPosition":[-42.2564,314.052,-30.6064],"tipVelocity":[-11.1337,35.9259,-288.412],"tool":false,"touchDistance":-0.387626,"touchZone":"hovering","type":0,"width":20.25},{"bases":[[[0.866574,-0.447996,-0.219885],[0.49059,0.683952,0.539936],[-0.0914985,-0.575768,0.812477]],[[0.87119,-0.37169,-0.32074],[0.391056,0.920356,-0.00437344],[0.29682,-0.121617,0.947157]],[[0.87119,-0.37169,-0.32074],[0.359179,0.927925,-0.0997291],[0.334691,-0.0283198,0.941902]],[[0.87119,-0.37169,-0.32074],[0.336741,0.92781,-0.160541],[0.357257,0.0318553,0.933463]]],"btipPosition":[-47.3158,339.319,-70.4688],"carpPosition":[-27.1017,291.595,68.7118],"dipPosition":[-41.2119,339.863,-54.5201],"direction":[-0.334691,0.0283198,-0.941902],"extended":true,"handId":506,"id":5061,"length":58.8075,"mcpPosition":[-20.3702,333.954,8.93823],"pipPosition":[-33.1223,339.179,-31.7539],"stabilizedTipPosition":[-35.3779,339.728,-61.2194],"timeVisible":190.783,"tipPosition":[-45.9868,339.456,-66.735],"tipVelocity":[-4.83608,55.9288,-290.542],"tool":false,"touchDistance":-0.384161,"touchZone":"hovering","type":1,"width":19.3428},{"bases":[[[0.749829,-0.631655,-0.196898],[0.627904,0.58556,0.512696],[-0.208551,-0.508067,0.835688]],[[0.742752,-0.647629,-0.169986],[0.350092,0.592041,-0.725894],[0.570749,0.479649,0.66647]],[[0.742752,-0.647629,-0.169986],[-0.420204,-0.253206,-0.871387],[0.521294,0.718654,-0.460206]],[[0.742752,-0.647629,-0.169986],[-0.62925,-0.588395,-0.507775],[0.228831,0.484115,-0.844553]]],"btipPosition":[-47.7411,270.436,5.00301],"carpPosition":[-15.657,287.641,66.474],"dipPosition":[-43.4409,279.533,-10.8678],"direction":[-0.521294,-0.718654,0.460206],"extended":false,"handId":506,"id":5062,"length":67.0064,"mcpPosition":[-1.10683,323.088,8.1697],"pipPosition":[-28.6172,299.969,-23.9544],"stabilizedTipPosition":[-29.0824,255.602,-18.3692],"timeVisible":190.783,"tipPosition":[-46.6193,272.508,1.94684],"tipVelocity":[-19.3523,43.7759,-299.095],"tool":false,"touchDistance":0.333333,"touchZone":"none","type":2,"width":18.9972},{"bases":[[[0.661484,-0.741869,-0.109858],[0.672903,0.52244,0.523697],[-0.33112,-0.420341,0.844792]],[[0.651135,-0.754279,-0.0841807],[0.462695,0.48243,-0.743757],[0.601611,0.445336,0.663128]],[[0.651135,-0.754279,-0.0841807],[-0.409647,-0.255908,-0.875614],[0.638915,0.604628,-0.475619]],[[0.651135,-0.754279,-0.0841807],[-0.678378,-0.528673,-0.510204],[0.340332,0.389318,-0.855924]]],"btipPosition":[-35.9505,263.273,10.4646],"carpPosition":[-5.75411,280.864,63.843],"dipPosition":[-29.5917,270.547,-5.52751],"direction":[-0.638915,-0.604628,0.475619],"extended":false,"handId":506,"id":5063,"length":64.4285,"mcpPosition":[14.9872,307.194,10.9252],"pipPosition":[-11.8925,287.296,-18.7031],"stabilizedTipPosition":[-17.0537,245.032,-17.6605],"timeVisible":190.783,"tipPosition":[-34.4176,264.936,7.59066],"tipVelocity":[-18.3405,40.8315,-301.664],"tool":false,"touchDistance":0.333333,"touchZone":"none","type":3,"width":18.077},{"bases":[[[0.498378,-0.861589,-0.0963543],[0.735681,0.36149,0.572799],[-0.458686,-0.356356,0.814013]],[[0.495667,-0.863673,-0.0915576],[0.540108,0.389082,-0.746256],[0.680145,0.320444,0.659332]],[[0.495667,-0.863673,-0.0915576],[-0.458601,-0.170745,-0.872084],[0.737563,0.474252,-0.480714]],[[0.495667,-0.863673,-0.0915576],[-0.762798,-0.382504,-0.521373],[0.415275,0.328268,-0.848403]]],"btipPosition":[-19.206,262.887,13.0851],"carpPosition":[-0.169717,268.489,59.5733],"dipPosition":[-12.0479,268.545,-1.53865],"direction":[-0.737563,-0.474252,0.480714],"extended":false,"handId":506,"id":5064,"length":50.5107,"mcpPosition":[26.4273,289.152,12.3726],"pipPosition":[2.3779,277.821,-10.9408],"stabilizedTipPosition":[-0.551304,244.975,-12.2287],"timeVisible":190.783,"tipPosition":[-17.4706,264.181,9.79565],"tipVelocity":[-18.2691,34.5263,-293.959],"tool":false,"touchDistance":0.333333,"touchZone":"none","type":4,"width":16.0574}],"r":[[0.42343,-0.409726,0.80798],[0.656668,-0.475603,-0.585311],[0.624095,0.778413,0.0676694]],"s":1.20661,"t":[5.92102,42.2362,20.1044],"timestamp":98005256451},false],[1,{"currentFrameRate":109.502,"devices":[],"gestures":[],"hands":[{"armBasis":[[0.790991,-0.369217,-0.487865],[0.549455,0.779432,0.300973],[0.269133,-0.506127,0.819392]],"armWidth":63.72,"confidence":0.582389,"direction":[0.305498,0.59138,-0.746285],"elbow":[55.7834,134.13,285.92],"grabStrength":0.345288,"id":506,"palmNormal":[-0.465713,-0.590815,-0.658824],"palmPosition":[-8.72847,304.35,22.2626],"palmVelocity":[-15.3805,30.4816,-259.404],"palmWidth":90.99,"pinchStrength":0.490986,"r":[[0.423463,-0.41032,0.807661],[0.656524,-0.475322,-0.585701],[0.624224,0.778272,0.0681033]],"s":1.20658,"sphereCenter":[-37.7556,297.214,-15.6003],"sphereRadius":43.1233,"stabilizedPalmPosition":[9.42163,289.942,10.4904],"t":[5.75379,42.4853,18.0684],"timeVisible":190.792,"type":"right","wrist":[-16.8826,270.784,64.6845]}],"id":1818551,"interactionBox":{"center":[0,200,0],"size":[235.247,235.247,147.751]},"pointables":[{"bases":[[[0.810362,0.422993,0.40545],[-0.579358,0.475116,0.662275],[0.0875013,-0.771584,0.630081]],[[0.770186,0.58504,0.254051],[-0.63772,0.71338,0.290521],[-0.0112686,-0.385769,0.922527]],[[0.770186,0.58504,0.254051],[-0.633093,0.749618,0.193044],[-0.0775026,-0.309518,0.94773]],[[0.770186,0.58504,0.254051],[-0.635688,0.736626,0.230829],[-0.0520967,-0.339278,0.939242]]],"btipPosition":[-42.2103,315.776,-37.5164],"carpPosition":[-46.6345,278.025,62.829],"dipPosition":[-43.4295,307.835,-15.5348],"direction":[0.0775026,0.309518,-0.94773],"extended":false,"handId":506,"id":5060,"length":52.1164,"mcpPosition":[-46.6345,278.025,62.829],"pipPosition":[-46.072,297.282,16.7786],"stabilizedTipPosition":[-30.516,307.899,-30.686],"timeVisible":190.792,"tipPosition":[-42.4962,314.278,-32.313],"tipVelocity":[-15.0146,32.6371,-258.462],"tool":false,"touchDistance":-0.402793,"touchZone":"hovering","type":0,"width":20.25},{"bases":[[[0.870035,-0.441739,-0.218875],[0.484549,0.684428,0.544767],[-0.0908405,-0.580022,0.80952]],[[0.874548,-0.365194,-0.319059],[0.386859,0.922126,0.00492646],[0.292414,-0.127739,0.947722]],[[0.874548,-0.365194,-0.319059],[0.355798,0.930265,-0.089527],[0.329504,-0.0352249,0.943497]],[[0.874548,-0.365194,-0.319059],[0.333911,0.930607,-0.149911],[0.351665,0.024567,0.935803]]],"btipPosition":[-47.4131,340.071,-72.1059],"carpPosition":[-27.5608,291.479,66.96],"dipPosition":[-41.4047,340.491,-56.1172],"direction":[-0.329504,0.0352249,-0.943497],"extended":true,"handId":506,"id":5061,"length":58.8075,"mcpPosition":[-20.8777,334.151,7.40395],"pipPosition":[-33.4405,339.639,-33.3125],"stabilizedTipPosition":[-35.3781,339.728,-61.2195],"timeVisible":190.792,"tipPosition":[-46.1547,340.056,-68.3551],"tipVelocity":[-7.08416,62.0182,-257.605],"tool":false,"touchDistance":-0.398496,"touchZone":"hovering","type":1,"width":19.3428},{"bases":[[[0.754326,-0.626203,-0.197135],[0.622551,0.586993,0.517561],[-0.208382,-0.513136,0.832627]],[[0.747252,-0.642343,-0.170322],[0.349566,0.59792,-0.721315],[0.56517,0.479465,0.671338]],[[0.747252,-0.642343,-0.170322],[-0.414962,-0.250834,-0.874579],[0.519057,0.724208,-0.453984]],[[0.747252,-0.642343,-0.170322],[-0.623645,-0.58932,-0.513584],[0.229523,0.489997,-0.840965]]],"btipPosition":[-47.8611,270.493,3.008],"carpPosition":[-16.0847,287.605,64.7444],"dipPosition":[-43.5479,279.702,-12.7954],"direction":[-0.519057,-0.724208,0.453984],"extended":false,"handId":506,"id":5062,"length":67.0064,"mcpPosition":[-1.54629,323.406,6.65368],"pipPosition":[-28.7877,300.295,-25.7051],"stabilizedTipPosition":[-29.0826,255.602,-18.3691],"timeVisible":190.792,"tipPosition":[-46.7398,272.587,-0.0281844],"tipVelocity":[-17.4171,33.9016,-274.401],"tool":false,"touchDistance":0.333333,"touchZone":"none","type":2,"width":18.9972},{"bases":[[[0.666347,-0.737347,-0.11091],[0.667893,0.524096,0.528433],[-0.331511,-0.426196,0.841699]],[[0.656019,-0.749896,-0.0854095],[0.464096,0.49004,-0.737886],[0.595192,0.444429,0.669499]],[[0.656019,-0.749896,-0.0854095],[-0.402956,-0.252312,-0.879753],[0.638173,0.611551,-0.467696]],[[0.656019,-0.749896,-0.0854095],[-0.672536,-0.52945,-0.517085],[0.34254,0.396659,-0.851662]]],"btipPosition":[-36.0375,263.387,8.34895],"carpPosition":[-6.13173,280.9,62.1174],"dipPosition":[-29.6375,270.798,-7.5635],"direction":[-0.638173,-0.611551,0.467696],"extended":false,"handId":506,"id":5063,"length":64.4285,"mcpPosition":[14.6341,307.596,9.39334],"pipPosition":[-11.9588,287.74,-20.5196],"stabilizedTipPosition":[-17.0538,245.032,-17.6604],"timeVisible":190.792,"tipPosition":[-34.5027,265.073,5.51413],"tipVelocity":[-15.4959,33.6864,-279.815],"tool":false,"touchDistance":0.333333,"touchZone":"none","type":3,"width":18.077},{"bases":[[[0.503924,-0.858111,-0.0985242],[0.731474,0.363306,0.577022],[-0.459354,-0.362843,0.810764]],[[0.501307,-0.860157,-0.0939185],[0.540472,0.396044,-0.74232],[0.675708,0.32137,0.663431]],[[0.501307,-0.860157,-0.0939185],[-0.45417,-0.169187,-0.874703],[0.736492,0.48115,-0.475472]],[[0.501307,-0.860157,-0.0939185],[-0.758431,-0.384565,-0.526205],[0.416501,0.335021,-0.845155]]],"btipPosition":[-19.2984,263.069,11.2078],"carpPosition":[-0.457583,268.578,57.8111],"dipPosition":[-12.1192,268.844,-3.35994],"direction":[-0.736493,-0.48115,0.475472],"extended":false,"handId":506,"id":5064,"length":50.5107,"mcpPosition":[26.1782,289.618,10.7988],"pipPosition":[2.28566,278.254,-12.6596],"stabilizedTipPosition":[-0.551426,244.975,-12.2286],"timeVisible":190.792,"tipPosition":[-17.5602,264.392,7.9386],"tipVelocity":[-15.7496,31.0683,-267.228],"tool":false,"touchDistance":0.333333,"touchZone":"none","type":4,"width":16.0574}],"r":[[0.423463,-0.41032,0.807661],[0.656524,-0.475322,-0.585701],[0.624224,0.778272,0.0681033]],"s":1.20658,"t":[5.75379,42.4853,18.0684],"timestamp":98005265791},false],[2,{"currentFrameRate":109.702,"devices":[],"gestures":[],"hands":[{"armBasis":[[0.798077,-0.35947,-0.483584],[0.538359,0.785851,0.304315],[0.270633,-0.503208,0.820694]],"armWidth":63.72,"confidence":0.583846,"direction":[0.305456,0.596858,-0.741928],"elbow":[55.5786,134.87,284.008],"grabStrength":0.343261,"id":506,"palmNormal":[-0.4532,-0.59413,-0.664545],"palmPosition":[-9.33921,304.511,20.1639],"palmVelocity":[-29.9635,27.2428,-254.097],"palmWidth":90.99,"pinchStrength":0.489303,"r":[[0.422972,-0.410288,0.807935],[0.658511,-0.473306,-0.585102],[0.622461,0.779516,0.0699839]],"s":1.20632,"sphereCenter":[-37.9085,297.107,-18.0052],"sphereRadius":43.1146,"stabilizedPalmPosition":[9.42152,289.942,10.4904],"t":[5.3648,42.6905,16.0011],"timeVisible":190.801,"type":"right","wrist":[-17.4924,270.737,62.4203]}],"id":1818552,"interactionBox":{"center":[0,200,0],"size":[235.247,235.247,147.751]},"pointables":[{"bases":[[[0.801942,0.430888,0.413793],[-0.590499,0.46674,0.658381],[0.0905543,-0.772327,0.628737]],[[0.761298,0.592896,0.262488],[-0.648232,0.705228,0.28714],[-0.0148698,-0.388752,0.921223]],[[0.761298,0.592896,0.262488],[-0.643033,0.742353,0.188204],[-0.0832735,-0.312067,0.946403]],[[0.761298,0.592896,0.262488],[-0.645862,0.729202,0.226112],[-0.0573456,-0.34167,0.938069]]],"btipPosition":[-42.3824,315.692,-39.8879],"carpPosition":[-47.306,277.65,60.3197],"dipPosition":[-43.7245,307.696,-17.9337],"direction":[0.0832735,0.312067,-0.946403],"extended":false,"handId":506,"id":5060,"length":52.1164,"mcpPosition":[-47.306,277.65,60.3197],"pipPosition":[-46.5638,297.056,14.3345],"stabilizedTipPosition":[-30.516,307.899,-30.686],"timeVisible":190.801,"tipPosition":[-42.7125,314.184,-34.691],"tipVelocity":[-17.1257,20.9308,-261.959],"tool":false,"touchDistance":-0.426514,"touchZone":"hovering","type":0,"width":20.25},{"bases":[[[0.876839,-0.431362,-0.212323],[0.471996,0.688269,0.550914],[-0.0915082,-0.583278,0.807102]],[[0.88139,-0.354731,-0.311959],[0.376977,0.926145,0.0119608],[0.284676,-0.128143,0.95002]],[[0.88139,-0.354731,-0.311959],[0.346732,0.934305,-0.0827682],[0.320825,-0.0352152,0.946484]],[[0.88139,-0.354731,-0.311959],[0.325408,0.934638,-0.143396],[0.342435,0.0248744,0.939212]]],"btipPosition":[-47.5251,340.148,-74.4603],"carpPosition":[-28.4217,291.305,64.6569],"dipPosition":[-41.6743,340.573,-58.4133],"direction":[-0.320825,0.0352152,-0.946484],"extended":true,"handId":506,"id":5061,"length":58.8075,"mcpPosition":[-21.6895,334.216,5.27877],"pipPosition":[-33.9199,339.722,-35.5364],"stabilizedTipPosition":[-35.3783,339.728,-61.2197],"timeVisible":190.801,"tipPosition":[-46.3171,340.107,-70.6963],"tipVelocity":[-9.72326,47.7765,-260.204],"tool":false,"touchDistance":-0.422094,"touchZone":"hovering","type":1,"width":19.3428},{"bases":[[[0.763017,-0.617169,-0.192114],[0.611317,0.59246,0.524673],[-0.209992,-0.517777,0.829343]],[[0.755887,-0.633462,-0.165409],[0.349662,0.604203,-0.716013],[0.553508,0.483388,0.678207]],[[0.755887,-0.633462,-0.165409],[-0.403811,-0.252229,-0.879384],[0.515336,0.731509,-0.446456]],[[0.755887,-0.633462,-0.165409],[-0.612209,-0.59436,-0.521475],[0.232022,0.495441,-0.837081]]],"btipPosition":[-47.9267,270.279,0.407539],"carpPosition":[-16.8837,287.566,62.533],"dipPosition":[-43.5666,279.589,-15.3229],"direction":[-0.515336,-0.731509,0.446456],"extended":false,"handId":506,"id":5062,"length":67.0064,"mcpPosition":[-2.23297,323.69,4.67138],"pipPosition":[-28.9123,300.391,-28.0185],"stabilizedTipPosition":[-29.0827,255.603,-18.369],"timeVisible":190.801,"tipPosition":[-46.8013,272.394,-2.60878],"tipVelocity":[-14.4251,18.9481,-279.929],"tool":false,"touchDistance":0.333333,"touchZone":"none","type":2,"width":18.9972},{"bases":[[[0.675529,-0.729532,-0.106977],[0.657264,0.530045,0.535777],[-0.334164,-0.432245,0.837555]],[[0.665143,-0.742236,-0.0816683],[0.466405,0.498373,-0.730815],[0.583138,0.448006,0.677672]],[[0.665143,-0.742236,-0.0816683],[-0.390698,-0.252726,-0.885147],[0.636348,0.620657,-0.458089]],[[0.665143,-0.742236,-0.0816683],[-0.661293,-0.534723,-0.526083],[0.346808,0.403927,-0.846503]]],"btipPosition":[-36.0636,263.298,5.7399],"carpPosition":[-6.83331,280.979,59.9765],"dipPosition":[-29.5838,270.845,-10.0762],"direction":[-0.636348,-0.620657,0.458089],"extended":false,"handId":506,"id":5063,"length":64.4285,"mcpPosition":[14.0987,308.055,7.51199],"pipPosition":[-11.9557,288.038,-22.7661],"stabilizedTipPosition":[-17.0539,245.033,-17.6604],"timeVisible":190.801,"tipPosition":[-34.5215,265.008,2.93807],"tipVelocity":[-11.5743,22.87,-283.99],"tool":false,"touchDistance":0.333333,"touchZone":"none","type":3,"width":18.077},{"bases":[[[0.514366,-0.85214,-0.0963655],[0.72221,0.369839,0.584493],[-0.46243,-0.370239,0.805656]],[[0.511913,-0.854085,-0.0921039],[0.544124,0.405349,-0.734589],[0.664736,0.32593,0.672232]],[[0.511913,-0.854085,-0.0921039],[-0.44207,-0.169987,-0.880726],[0.736559,0.491571,-0.464584]],[[0.511913,-0.854085,-0.0921039],[-0.748166,-0.390586,-0.536368],[0.42213,0.343483,-0.838944]]],"btipPosition":[-19.3562,263.143,8.74912],"carpPosition":[-0.983419,268.734,55.6874],"dipPosition":[-12.0801,269.063,-5.71158],"direction":[-0.736559,-0.491571,0.464584],"extended":false,"handId":506,"id":5064,"length":50.5107,"mcpPosition":[25.8307,290.203,8.97127],"pipPosition":[2.32612,278.678,-14.7983],"stabilizedTipPosition":[-0.551513,244.975,-12.2285],"timeVisible":190.801,"tipPosition":[-17.5993,264.5,5.55672],"tipVelocity":[-12.6128,26.0277,-270.099],"tool":false,"touchDistance":0.333333,"touchZone":"none","type":4,"width":16.0574}],"r":[[0.422972,-0.410288,0.807935],[0.658511,-0.473306,-0.585102],[0.622461,0.779516,0.0699839]],"s":1.20632,"t":[5.3648,42.6905,16.0011],"timestamp":98005274549},false],[3,{"currentFrameRate":109.433,"devices":[],"gestures":[],"hands":[{"armBasis":[[0.809859,-0.345677,-0.473957],[0.520461,0.796148,0.308656],[0.270644,-0.496644,0.824679]],"armWidth":63.72,"confidence":0.579064,"direction":[0.302614,0.602813,-0.738269],"elbow":[55.2992,136.765,281.746],"grabStrength":0.341383,"id":506,"palmNormal":[-0.434649,-0.602073,-0.669767],"palmPosition":[-9.77717,304.801,16.9312],"palmVelocity":[-34.4845,28.0954,-277.905],"palmWidth":90.99,"pinchStrength":0.487554,"r":[[0.422287,-0.408756,0.809068],[0.663148,-0.469196,-0.583172],[0.617987,0.782798,0.0729305]],"s":1.20599,"sphereCenter":[-37.7153,296.825,-21.5885],"sphereRadius":43.1042,"stabilizedPalmPosition":[9.42142,289.943,10.4905],"t":[4.95133,42.9382,13.351],"timeVisible":190.811,"type":"right","wrist":[-17.7748,270.859,59.0828]}],"id":1818553,"interactionBox":{"center":[0,200,0],"size":[235.247,235.247,147.751]},"pointables":[{"bases":[[[0.78914,0.445456,0.42288],[-0.606374,0.455364,0.651885],[0.0978219,-0.770852,0.629459]],[[0.747202,0.606742,0.271207],[-0.664361,0.692783,0.280492],[-0.0177014,-0.389763,0.920745]],[[0.747202,0.606742,0.271207],[-0.658577,0.730777,0.179558],[-0.0892458,-0.312777,0.945625]],[[0.747202,0.606742,0.271207],[-0.661624,0.717658,0.217301],[-0.062788,-0.341805,0.937671]]],"btipPosition":[-42.2901,315.34,-43.4969],"carpPosition":[-47.6861,277.22,56.651],"dipPosition":[-43.7596,307.34,-21.552],"direction":[0.0892458,0.312777,-0.945625],"extended":false,"handId":506,"id":5060,"length":52.1164,"mcpPosition":[-47.6861,277.22,56.651],"pipPosition":[-46.8025,296.676,10.6896],"stabilizedTipPosition":[-30.516,307.899,-30.686],"timeVisible":190.811,"tipPosition":[-42.6758,313.838,-38.3029],"tipVelocity":[-10.2494,4.19126,-294.911],"tool":false,"touchDistance":-0.466363,"touchZone":"hovering","type":0,"width":20.25},{"bases":[[[0.887004,-0.414923,-0.20264],[0.452966,0.696605,0.556385],[-0.0896969,-0.585304,0.805837]],[[0.891256,-0.338404,-0.301904],[0.360085,0.932756,0.0174891],[0.275685,-0.124299,0.953178]],[[0.891256,-0.338404,-0.301904],[0.330784,0.940503,-0.0776949],[0.310234,-0.0306191,0.950167]],[[0.891256,-0.338404,-0.301904],[0.310137,0.940524,-0.138671],[0.330875,0.0299594,0.943199]]],"btipPosition":[-47.5046,339.849,-78.1133],"carpPosition":[-29.1078,291.22,61.2036],"dipPosition":[-41.8514,340.361,-61.9982],"direction":[-0.310234,0.0306191,-0.950167],"extended":true,"handId":506,"id":5061,"length":58.8075,"mcpPosition":[-22.5089,334.281,1.91851],"pipPosition":[-34.3529,339.621,-39.0323],"stabilizedTipPosition":[-35.3785,339.728,-61.2199],"timeVisible":190.811,"tipPosition":[-46.3531,339.805,-74.3344],"tipVelocity":[-7.65392,25.4788,-294.457],"tool":false,"touchDistance":-0.462779,"touchZone":"hovering","type":1,"width":19.3428},{"bases":[[[0.776428,-0.602819,-0.183766],[0.594324,0.603409,0.531673],[-0.209616,-0.522022,0.826773]],[[0.769303,-0.619255,-0.157148],[0.346789,0.611335,-0.711342],[0.536572,0.49274,0.685053]],[[0.769303,-0.619255,-0.157148],[-0.3887,-0.258458,-0.884371],[0.507035,0.741433,-0.439537]],[[0.769303,-0.619255,-0.157148],[-0.595014,-0.604891,-0.529212],[0.232659,0.50063,-0.83381]]],"btipPosition":[-47.5083,269.875,-3.32658],"carpPosition":[-17.4794,287.697,59.2077],"dipPosition":[-43.1362,279.283,-18.9955],"direction":[-0.507035,-0.741433,0.439537],"extended":false,"handId":506,"id":5062,"length":67.0064,"mcpPosition":[-2.85494,324.117,1.52542],"pipPosition":[-28.7179,300.367,-31.4944],"stabilizedTipPosition":[-29.0828,255.603,-18.3689],"timeVisible":190.811,"tipPosition":[-46.3882,272.013,-6.32679],"tipVelocity":[2.48025,1.93869,-310.948],"tool":false,"touchDistance":0.333333,"touchZone":"none","type":2,"width":18.9972},{"bases":[[[0.690091,-0.716829,-0.0996501],[0.641293,0.54185,0.54327],[-0.335436,-0.438811,0.833623]],[[0.679685,-0.729709,-0.07452],[0.466347,0.508312,-0.723975],[0.56617,0.457323,0.685789]],[[0.679685,-0.729709,-0.07452],[-0.374635,-0.258007,-0.890551],[0.630616,0.633212,-0.448738]],[[0.679685,-0.729709,-0.07452],[-0.64476,-0.545921,-0.535028],[0.349732,0.411698,-0.841541]]],"btipPosition":[-35.569,263.119,2.05699],"carpPosition":[-7.28071,281.299,56.7616],"dipPosition":[-29.0346,270.812,-13.6664],"direction":[-0.630616,-0.633212,0.448738],"extended":false,"handId":506,"id":5063,"length":64.4285,"mcpPosition":[13.731,308.786,4.54348],"pipPosition":[-11.5653,288.353,-26.0973],"stabilizedTipPosition":[-17.0539,245.033,-17.6603],"timeVisible":190.811,"tipPosition":[-34.027,264.86,-0.7183],"tipVelocity":[7.09919,11.8492,-312.066],"tool":false,"touchDistance":0.333333,"touchZone":"none","type":3,"width":18.077},{"bases":[[[0.53112,-0.842408,-0.0908824],[0.708649,0.38285,0.592657],[-0.464465,-0.379176,0.800311]],[[0.528689,-0.844376,-0.0867039],[0.544669,0.415819,-0.728307],[0.651018,0.337823,0.679744]],[[0.528689,-0.844376,-0.0867039],[-0.428773,-0.17751,-0.885801],[0.732558,0.505489,-0.455893]],[[0.528689,-0.844376,-0.0867039],[-0.734581,-0.403963,-0.545164],[0.425298,0.351913,-0.833834]]],"btipPosition":[-18.9033,263.255,5.38225],"carpPosition":[-1.15723,269.167,52.5343],"dipPosition":[-11.5726,269.321,-8.99037],"direction":[-0.732558,-0.505489,0.455893],"extended":false,"handId":506,"id":5064,"length":50.5107,"mcpPosition":[25.7749,291.153,6.12811],"pipPosition":[2.7554,279.208,-17.9071],"stabilizedTipPosition":[-0.551577,244.975,-12.2284],"timeVisible":190.811,"tipPosition":[-17.1347,264.65,2.21201],"tipVelocity":[5.10399,22.8749,-292.699],"tool":false,"touchDistance":0.333333,"touchZone":"none","type":4,"width":16.0574}],"r":[[0.422287,-0.408756,0.809068],[0.663148,-0.469196,-0.583172],[0.617987,0.782798,0.0729305]],"s":1.20599,"t":[4.95133,42.9382,13.351],"timestamp":98005284168},false],[4,{"currentFrameRate":109.774,"devices":[],"gestures":[],"hands":[{"armBasis":[[0.818753,-0.333061,-0.467668],[0.50472,0.805799,0.309752],[0.273681,-0.489652,0.827853]],"armWidth":63.72,"confidence":0.576036,"direction":[0.296172,0.607129,-0.737344],"elbow":[56.0968,138.296,280.489],"grabStrength":0.339977,"id":506,"palmNormal":[-0.420197,-0.610438,-0.671416],"palmPosition":[-10.1573,304.528,14.8178],"palmVelocity":[-37.1586,12.3294,-270.234],"palmWidth":90.99,"pinchStrength":0.486523,"r":[[0.42224,-0.405842,0.810559],[0.669128,-0.463696,-0.580735],[0.61154,0.787577,0.0757687]],"s":1.20559,"sphereCenter":[-37.6848,295.963,-23.8767],"sphereRadius":43.0953,"stabilizedPalmPosition":[9.42135,289.943,10.4905],"t":[4.55454,42.9253,10.9693],"timeVisible":190.819,"type":"right","wrist":[-17.797,270.502,56.9684]}],"id":1818554,"interactionBox":{"center":[0,200,0],"size":[235.247,235.247,147.751]},"pointables":[{"bases":[[[0.778781,0.459769,0.426747],[-0.61797,0.445442,0.647838],[0.107765,-0.768241,0.631025]],[[0.734895,0.620072,0.274664],[-0.677994,0.681241,0.276107],[-0.015906,-0.38913,0.921046]],[[0.734895,0.620072,0.274664],[-0.672236,0.719545,0.174224],[-0.0896017,-0.312675,0.945625]],[[0.734895,0.620072,0.274664],[-0.675273,0.706512,0.211772],[-0.0627395,-0.341103,0.93793]]],"btipPosition":[-42.4837,314.402,-45.81],"carpPosition":[-47.8011,276.333,54.359],"dipPosition":[-43.9521,306.419,-23.859],"direction":[0.0896017,0.312675,-0.945625],"extended":false,"handId":506,"id":5060,"length":52.1164,"mcpPosition":[-47.8011,276.333,54.359],"pipPosition":[-47.0071,295.758,8.38262],"stabilizedTipPosition":[-30.5161,307.899,-30.686],"timeVisible":190.819,"tipPosition":[-42.8821,312.901,-40.6175],"tipVelocity":[-13.5171,-25.6476,-288.891],"tool":false,"touchDistance":-0.482735,"touchZone":"hovering","type":0,"width":20.25},{"bases":[[[0.89529,-0.399525,-0.197066],[0.437496,0.705137,0.558014],[-0.083982,-0.5858,0.806093]],[[0.898772,-0.323301,-0.296117],[0.343966,0.938789,0.0190316],[0.271839,-0.118959,0.954962]],[[0.898772,-0.323301,-0.296117],[0.315096,0.945976,-0.0764415],[0.304834,-0.0246018,0.952088]],[[0.898772,-0.323301,-0.296117],[0.294799,0.945596,-0.13763],[0.324503,0.0364031,0.945184]]],"btipPosition":[-47.9103,338.844,-80.4947],"carpPosition":[-29.4977,290.663,58.9981],"dipPosition":[-42.366,339.466,-64.3456],"direction":[-0.304834,0.0246018,-0.952088],"extended":true,"handId":506,"id":5061,"length":58.8075,"mcpPosition":[-23.3191,333.76,-0.305823],"pipPosition":[-34.998,338.871,-41.3333],"stabilizedTipPosition":[-35.3786,339.728,-61.22],"timeVisible":190.819,"tipPosition":[-46.7917,338.809,-76.7076],"tipVelocity":[-18.9035,-11.3323,-290.459],"tool":false,"touchDistance":-0.480437,"touchZone":"hovering","type":1,"width":19.3428},{"bases":[[[0.787925,-0.589311,-0.178569],[0.580607,0.614409,0.534226],[-0.205111,-0.524609,0.826266]],[[0.780934,-0.605848,-0.151953],[0.340868,0.617228,-0.709111],[0.523403,0.501973,0.688529]],[[0.780934,-0.605848,-0.151953],[-0.378132,-0.264932,-0.887033],[0.49715,0.750172,-0.435985]],[[0.780934,-0.605848,-0.151953],[-0.580937,-0.615134,-0.533031],[0.229465,0.504537,-0.832339]]],"btipPosition":[-47.1654,268.934,-5.7224],"carpPosition":[-17.7981,287.342,57.0727],"dipPosition":[-42.8533,278.416,-21.3637],"direction":[-0.49715,-0.750172,0.435985],"extended":false,"handId":506,"id":5062,"length":67.0064,"mcpPosition":[-3.48788,323.943,-0.574202],"pipPosition":[-28.7161,299.748,-33.7616],"stabilizedTipPosition":[-29.0828,255.603,-18.3689],"timeVisible":190.819,"tipPosition":[-46.0638,271.086,-8.70119],"tipVelocity":[11.9575,-26.9957,-303.126],"tool":false,"touchDistance":0.333333,"touchZone":"none","type":2,"width":18.9972},{"bases":[[[0.703127,-0.704717,-0.0947918],[0.628582,0.553699,0.54617],[-0.33241,-0.443612,0.832293]],[[0.692824,-0.717726,-0.0697464],[0.462275,0.516294,-0.720931],[0.55344,0.467237,0.689488]],[[0.692824,-0.717726,-0.0697464],[-0.363951,-0.264539,-0.893061],[0.622522,0.644119,-0.444496]],[[0.692824,-0.717726,-0.0697464],[-0.631588,-0.557298,-0.538995],[0.347981,0.41748,-0.839416]]],"btipPosition":[-35.127,262.39,-0.250947],"carpPosition":[-7.47483,281.122,54.6929],"dipPosition":[-28.6253,270.19,-15.9346],"direction":[-0.622522,-0.644119,0.444496],"extended":false,"handId":506,"id":5063,"length":64.4285,"mcpPosition":[13.3473,308.909,2.55802],"pipPosition":[-11.3802,288.034,-28.248],"stabilizedTipPosition":[-17.0539,245.033,-17.6603],"timeVisible":190.819,"tipPosition":[-33.5997,264.154,-3.0165],"tipVelocity":[18.6093,-12.9316,-301.162],"tool":false,"touchDistance":0.333333,"touchZone":"none","type":3,"width":18.077},{"bases":[[[0.546339,-0.833059,-0.0867572],[0.698439,0.395967,0.596149],[-0.462274,-0.386294,0.798173]],[[0.543974,-0.835018,-0.0826849],[0.541657,0.424696,-0.725424],[0.640859,0.349825,0.683317]],[[0.543974,-0.835018,-0.0826849],[-0.419962,-0.185618,-0.888357],[0.726447,0.517967,-0.451647]],[[0.543974,-0.835018,-0.0826849],[-0.7239,-0.417175,-0.549485],[0.424336,0.358761,-0.831402]]],"btipPosition":[-18.4931,262.809,3.23701],"carpPosition":[-1.11534,269.094,50.5164],"dipPosition":[-11.1789,268.993,-11.0937],"direction":[-0.726447,-0.517967,0.451647],"extended":false,"handId":506,"id":5064,"length":50.5107,"mcpPosition":[25.6897,291.493,4.23418],"pipPosition":[3.02948,279.123,-19.9274],"stabilizedTipPosition":[-0.551617,244.975,-12.2284],"timeVisible":190.819,"tipPosition":[-16.7294,264.233,0.0864514],"tipVelocity":[16.2724,3.98468,-281.841],"tool":false,"touchDistance":0.333333,"touchZone":"none","type":4,"width":16.0574}],"r":[[0.42224,-0.405842,0.810559],[0.669128,-0.463696,-0.580735],[0.61154,0.787577,0.0757687]],"s":1.20559,"t":[4.55454,42.9253,10.9693],"timestamp":98005292670},false],[5,{"currentFrameRate":109.719,"devices":[],"gestures":[],"hands":[{"armBasis":[[0.820057,-0.334277,-0.464505],[0.503303,0.807592,0.307378],[0.272381,-0.485855,0.830514]],"armWidth":63.72,"confidence":0.578635,"direction":[0.290167,0.604459,-0.741911],"elbow":[55.9068,139.473,278.408],"grabStrength":0.336205,"id":506,"palmNormal":[-0.421809,-0.615109,-0.666122],"palmPosition":[-10.3372,304.496,11.8118],"palmVelocity":[-32.2222,7.92757,-285.938],"palmWidth":90.99,"pinchStrength":0.482586,"r":[[0.423321,-0.402431,0.811695],[0.673549,-0.459398,-0.579039],[0.605914,0.791835,0.0765839]],"s":1.20511,"sphereCenter":[-38.0853,295.686,-26.6973],"sphereRadius":43.114,"stabilizedPalmPosition":[9.42128,289.943,10.4905],"t":[4.26618,42.9032,8.27547],"timeVisible":190.828,"type":"right","wrist":[-17.6361,270.654,54.1697]}],"id":1818555,"interactionBox":{"center":[0,200,0],"size":[235.247,235.247,147.751]},"pointables":[{"bases":[[[0.779558,0.464413,0.42025],[-0.61592,0.446598,0.648993],[0.113718,-0.764768,0.634191]],[[0.734452,0.623524,0.267953],[-0.678583,0.680678,0.276048],[-0.0102673,-0.384572,0.923038]],[[0.734452,0.623524,0.267953],[-0.673183,0.719398,0.171148],[-0.0860501,-0.306081,0.948109]],[[0.734452,0.623524,0.267953],[-0.676107,0.70646,0.209268],[-0.0588145,-0.334862,0.94043]]],"btipPosition":[-42.85,313.844,-48.7169],"carpPosition":[-47.673,276.374,51.6947],"dipPosition":[-44.2265,306.007,-26.7075],"direction":[0.0860501,0.306081,-0.948109],"extended":false,"handId":506,"id":5060,"length":52.1164,"mcpPosition":[-47.673,276.374,51.6947],"pipPosition":[-47.1604,295.571,5.61888],"stabilizedTipPosition":[-30.5161,307.899,-30.6861],"timeVisible":190.828,"tipPosition":[-43.2843,312.397,-43.5098],"tipVelocity":[-20.2254,-34.4014,-295.95],"tool":false,"touchDistance":-0.506197,"touchZone":"hovering","type":0,"width":20.25},{"bases":[[[0.895524,-0.397555,-0.199965],[0.43818,0.709305,0.552164],[-0.0776797,-0.582097,0.8094]],[[0.898247,-0.322333,-0.298754],[0.342014,0.939582,0.0145754],[0.276006,-0.11527,0.954219]],[[0.898247,-0.322333,-0.298754],[0.312777,0.946394,-0.0806809],[0.308745,-0.0209721,0.950913]],[[0.898247,-0.322333,-0.298754],[0.29224,0.945779,-0.141764],[0.328251,0.0400313,0.943742]]],"btipPosition":[-48.606,338.386,-83.4872],"carpPosition":[-29.3921,290.786,56.164],"dipPosition":[-42.9977,339.07,-67.3628],"direction":[-0.308745,0.0209721,-0.950913],"extended":true,"handId":506,"id":5061,"length":58.8075,"mcpPosition":[-23.6773,333.611,-3.38328],"pipPosition":[-35.5351,338.563,-44.3788],"stabilizedTipPosition":[-35.3786,339.728,-61.2201],"timeVisible":190.828,"tipPosition":[-47.501,338.317,-79.699],"tipVelocity":[-34.3124,-21.6332,-300.262],"tool":false,"touchDistance":-0.5057,"touchZone":"hovering","type":1,"width":19.3428},{"bases":[[[0.788888,-0.587599,-0.179954],[0.581459,0.61893,0.528045],[-0.198899,-0.521204,0.829931]],[[0.782092,-0.604038,-0.153202],[0.335803,0.615608,-0.712926],[0.524946,0.506127,0.6843]],[[0.782092,-0.604038,-0.153202],[-0.381135,-0.269155,-0.884473],[0.49302,0.750129,-0.440724]],[[0.782092,-0.604038,-0.153202],[-0.581446,-0.6189,-0.528094],[0.224172,0.502097,-0.835252]]],"btipPosition":[-47.3504,268.696,-8.46611],"carpPosition":[-17.6922,287.494,54.1914],"dipPosition":[-43.1378,278.131,-24.1622],"direction":[-0.49302,-0.750129,0.440724],"extended":false,"handId":506,"id":5062,"length":67.0064,"mcpPosition":[-3.81543,323.858,-3.71124],"pipPosition":[-29.1181,299.462,-36.6948],"stabilizedTipPosition":[-29.0829,255.603,-18.3689],"timeVisible":190.828,"tipPosition":[-46.2703,270.835,-11.4468],"tipVelocity":[2.28907,-27.0103,-302.029],"tool":false,"touchDistance":0.333333,"touchZone":"none","type":2,"width":18.9972},{"bases":[[[0.704927,-0.702868,-0.0951526],[0.629699,0.558437,0.540026],[-0.32643,-0.440596,0.836253]],[[0.694855,-0.715724,-0.0701125],[0.457753,0.515374,-0.724467],[0.554653,0.471305,0.685735]],[[0.694855,-0.715724,-0.0701125],[-0.366559,-0.26861,-0.890776],[0.618717,0.64466,-0.449001]],[[0.694855,-0.715724,-0.0701125],[-0.632098,-0.561338,-0.534182],[0.34297,0.415497,-0.842457]]],"btipPosition":[-35.2434,262.216,-3.05649],"carpPosition":[-7.36154,281.296,51.786],"dipPosition":[-28.8353,269.979,-18.797],"direction":[-0.618717,-0.64466,0.449001],"extended":false,"handId":506,"id":5063,"length":64.4285,"mcpPosition":[13.086,308.895,-0.596824],"pipPosition":[-11.6956,287.837,-31.2352],"stabilizedTipPosition":[-17.054,245.033,-17.6603],"timeVisible":190.828,"tipPosition":[-33.738,263.971,-5.82908],"tipVelocity":[9.20443,-14.8698,-302.509],"tool":false,"touchDistance":0.333333,"touchZone":"none","type":3,"width":18.077},{"bases":[[[0.548609,-0.831682,-0.085637],[0.700346,0.401183,0.590397],[-0.456666,-0.383873,0.802557]],[[0.54632,-0.83359,-0.0816244],[0.536433,0.423073,-0.730239],[0.643253,0.355158,0.678298]],[[0.54632,-0.83359,-0.0816244],[-0.423795,-0.191052,-0.885379],[0.722449,0.518292,-0.457647]],[[0.54632,-0.83359,-0.0816244],[-0.725251,-0.422053,-0.543951],[0.418983,0.356369,-0.835137]]],"btipPosition":[-18.6023,262.689,0.459723],"carpPosition":[-0.98507,269.268,47.6341],"dipPosition":[-11.3803,268.832,-13.9354],"direction":[-0.722449,-0.518292,0.457647],"extended":false,"handId":506,"id":5064,"length":50.5107,"mcpPosition":[25.4948,291.527,1.09767],"pipPosition":[2.74989,278.969,-22.8864],"stabilizedTipPosition":[-0.551647,244.975,-12.2284],"timeVisible":190.828,"tipPosition":[-16.8595,264.106,-2.7013],"tipVelocity":[7.75275,-1.0481,-287.792],"tool":false,"touchDistance":0.333333,"touchZone":"none","type":4,"width":16.0574}],"r":[[0.423321,-0.402431,0.811695],[0.673549,-0.459398,-0.579039],[0.605914,0.791835,0.0765839]],"s":1.20511,"t":[4.26618,42.9032,8.27547],"timestamp":98005301882},false],[6,{"currentFrameRate":109.883,"devices":[],"gestures":[],"hands":[{"armBasis":[[0.814572,-0.343701,-0.46727],[0.509447,0.809096,0.292965],[0.277374,-0.476691,0.834164]],"armWidth":63.72,"confidence":0.579818,"direction":[0.289938,0.612773,-0.73515],"elbow":[56.9265,141.444,276.066],"grabStrength":0.330989,"id":506,"palmNormal":[-0.426368,-0.605001,-0.672446],"palmPosition":[-10.681,304.502,8.89353],"palmVelocity":[-34.0592,5.95719,-298.175],"palmWidth":90.99,"pinchStrength":0.477779,"r":[[0.424436,-0.402073,0.81129],[0.67632,-0.454968,-0.579306],[0.602034,0.79457,0.0788246]],"s":1.20472,"sphereCenter":[-38.6744,296.37,-29.6198],"sphereRadius":43.1519,"stabilizedPalmPosition":[9.42124,289.943,10.4905],"t":[3.95009,42.8949,5.46938],"timeVisible":190.837,"type":"right","wrist":[-17.9644,270.15,50.8421]}],"id":1818556,"interactionBox":{"center":[0,200,0],"size":[235.247,235.247,147.751]},"pointables":[{"bases":[[[0.782715,0.456118,0.423455],[-0.612041,0.440588,0.656725],[0.112975,-0.7732,0.624018]],[[0.737834,0.617004,0.273692],[-0.674917,0.680016,0.286471],[-0.00936151,-0.396087,0.918165]],[[0.737834,0.617004,0.273692],[-0.669411,0.720879,0.179505],[-0.086544,-0.315657,0.944918]],[[0.737834,0.617004,0.273692],[-0.672397,0.707328,0.218105],[-0.0590187,-0.344955,0.936762]]],"btipPosition":[-43.1884,314.621,-51.4309],"carpPosition":[-47.9877,276.013,48.5429],"dipPosition":[-44.5696,306.547,-29.5073],"direction":[0.086544,0.315657,-0.944918],"extended":false,"handId":506,"id":5060,"length":52.1164,"mcpPosition":[-47.9877,276.013,48.5429],"pipPosition":[-47.5204,295.785,2.71031],"stabilizedTipPosition":[-30.5161,307.899,-30.6861],"timeVisible":190.837,"tipPosition":[-43.6751,313.136,-46.2363],"tipVelocity":[-25.1627,-3.0193,-299.837],"tool":false,"touchDistance":-0.524916,"touchZone":"hovering","type":0,"width":20.25},{"bases":[[[0.893341,-0.398308,-0.208068],[0.442709,0.700579,0.559641],[-0.0771412,-0.592063,0.802191]],[[0.896054,-0.322613,-0.304973],[0.347078,0.937414,0.0281278],[0.276811,-0.131053,0.951946]],[[0.896054,-0.322613,-0.304973],[0.317747,0.94581,-0.0669303],[0.310039,-0.036931,0.950006]],[[0.896054,-0.322613,-0.304973],[0.297097,0.946223,-0.128042],[0.32988,0.0241259,0.943715]]],"btipPosition":[-48.9849,339.968,-85.8681],"carpPosition":[-29.6378,290.299,53.1326],"dipPosition":[-43.3487,340.38,-69.7442],"direction":[-0.310039,0.036931,-0.950006],"extended":true,"handId":506,"id":5061,"length":58.8075,"mcpPosition":[-23.9625,333.857,-5.88426],"pipPosition":[-35.855,339.488,-46.7821],"stabilizedTipPosition":[-35.3787,339.728,-61.2203],"timeVisible":190.837,"tipPosition":[-47.9143,339.773,-82.0753],"tipVelocity":[-36.4641,30.6963,-292.192],"tool":false,"touchDistance":-0.519179,"touchZone":"hovering","type":1,"width":19.3428},{"bases":[[[0.786058,-0.588193,-0.190112],[0.585564,0.609986,0.533883],[-0.198061,-0.530986,0.823909]],[[0.779295,-0.604935,-0.163566],[0.336279,0.623941,-0.705418],[0.528787,0.494724,0.689661]],[[0.779295,-0.604935,-0.163566],[-0.384627,-0.255666,-0.886959],[0.494734,0.754115,-0.431914]],[[0.779295,-0.604935,-0.163566],[-0.585407,-0.609626,-0.534466],[0.223603,0.51226,-0.829212]]],"btipPosition":[-47.8969,269.118,-11.7815],"carpPosition":[-17.9571,286.989,51.0783],"dipPosition":[-43.695,278.745,-27.3641],"direction":[-0.494734,-0.754115,0.431914],"extended":false,"handId":506,"id":5062,"length":67.0064,"mcpPosition":[-4.13877,324.035,-6.40421],"pipPosition":[-29.6265,300.189,-39.6461],"stabilizedTipPosition":[-29.0829,255.603,-18.3689],"timeVisible":190.837,"tipPosition":[-46.8221,271.288,-14.7349],"tipVelocity":[-15.1318,-5.45293,-321.282],"tool":false,"touchDistance":0.333333,"touchZone":"none","type":2,"width":18.9972},{"bases":[[[0.70195,-0.704219,-0.106497],[0.633616,0.549166,0.544929],[-0.325265,-0.449991,0.831692]],[[0.691963,-0.717295,-0.0817078],[0.45751,0.52325,-0.718954],[0.558455,0.460107,0.690239]],[[0.691963,-0.717295,-0.0817078],[-0.370146,-0.255329,-0.893196],[0.619822,0.648302,-0.442182]],[[0.691963,-0.717295,-0.0817078],[-0.635797,-0.551874,-0.539627],[0.341979,0.425351,-0.83793]]],"btipPosition":[-35.7948,262.507,-6.47262],"carpPosition":[-7.65796,280.783,48.5589],"dipPosition":[-29.4052,270.454,-22.1285],"direction":[-0.619822,-0.648302,0.442182],"extended":false,"handId":506,"id":5063,"length":64.4285,"mcpPosition":[12.7166,308.971,-3.53823],"pipPosition":[-12.2349,288.413,-34.3778],"stabilizedTipPosition":[-17.054,245.033,-17.6603],"timeVisible":190.837,"tipPosition":[-34.2929,264.295,-9.23586],"tipVelocity":[-10.2841,-0.652079,-324.92],"tool":false,"touchDistance":0.333333,"touchZone":"none","type":3,"width":18.077},{"bases":[[[0.545181,-0.832561,-0.0980863],[0.703839,0.391021,0.593054],[-0.455399,-0.392358,0.799166]],[[0.543018,-0.834409,-0.0943015],[0.535994,0.430864,-0.725993],[0.646406,0.343683,0.681206]],[[0.543018,-0.834409,-0.0943015],[-0.426585,-0.177382,-0.886882],[0.723295,0.521821,-0.452269]],[[0.543018,-0.834409,-0.0943015],[-0.728135,-0.411943,-0.547835],[0.418271,0.366148,-0.831255]]],"btipPosition":[-19.1473,262.867,-3.02015],"carpPosition":[-1.34088,268.786,44.2325],"dipPosition":[-11.9377,269.178,-17.3483],"direction":[-0.723295,-0.521821,0.452269],"extended":false,"handId":506,"id":5064,"length":50.5107,"mcpPosition":[25.0655,291.537,-2.10727],"pipPosition":[2.20913,279.385,-26.1942],"stabilizedTipPosition":[-0.551667,244.975,-12.2284],"timeVisible":190.837,"tipPosition":[-17.4083,264.322,-6.14941],"tipVelocity":[-11.1071,5.86316,-316.246],"tool