{"sensorType":"Leap","data":[[0,{"currentFrameRate":110.607,"devices":[],"gestures":[],"hands":[{"armBasis":[[0.753108,-0.437525,-0.491326],[0.604836,0.754281,0.255411],[0.258849,-0.489523,0.832685]],"armWidth":63.72,"confidence":0.567439,"direction":[0.118821,0.423037,-0.898288],"elbow":[70.1205,146.657,303.226],"grabStrength":0,"id":506,"palmNormal":[-0.593436,-0.695077,-0.405834],"palmPosition":[-1.98418,303.101,29.4247],"palmVelocity":[7.59771,96.4141,-233.892],"palmWidth":90.99,"pinchStrength":1,"r":[[0.597248,-0.238545,0.765762],[0.512693,-0.620676,-0.593218],[0.616799,0.746899,-0.248397]],"s":0.962174,"sphereCenter":[-39.3522,286.504,-3.28309],"sphereRadius":45.8421,"stabilizedPalmPosition":[4.50715,288.727,26.8403],"t":[12.3766,40.4921,25.4016],"timeVisible":195.872,"type":"right","wrist":[0.231304,278.829,78.4014]}],"id":1819104,"interactionBox":{"center":[0,200,0],"size":[235.247,235.247,147.751]},"pointables":[{"bases":[[[0.874304,0.470331,0.119918],[-0.421645,0.613577,0.667637],[0.240431,-0.63428,0.734766]],[[0.835907,0.548348,0.0239691],[-0.548581,0.833248,0.0689714],[0.0178481,-0.0708026,0.997331]],[[0.835907,0.548348,0.0239691],[-0.532938,0.800421,0.274414],[0.131289,-0.242158,0.961313]],[[0.835907,0.548348,0.0239691],[-0.516764,0.800975,-0.302316],[-0.184973,0.240321,0.952906]]],"btipPosition":[-30.3169,292.612,-22.9677],"carpPosition":[-29.2786,286.446,81.8946],"dipPosition":[-34.6459,298.237,-0.666292],"direction":[-0.131289,0.242158,-0.961313],"extended":true,"handId":506,"id":5060,"length":52.1164,"mcpPosition":[-29.2786,286.446,81.8946],"pipPosition":[-30.1695,289.98,32.1103],"stabilizedTipPosition":[-24.2646,271.999,-10.5223],"timeVisible":195.872,"tipPosition":[-30.8673,293.439,-17.6329],"tipVelocity":[10.0532,128.297,-243.597],"tool":false,"touchDistance":-0.426086,"touchZone":"hovering","type":0,"width":20.25},{"bases":[[[0.804712,-0.502017,-0.316888],[0.584419,0.763728,0.274179],[0.104374,-0.405831,0.907969]],[[0.808641,-0.576242,-0.118509],[0.576001,0.816481,-0.0397656],[0.119675,-0.0361054,0.992156]],[[0.808641,-0.576242,-0.118509],[0.560754,0.815896,-0.140958],[0.177917,0.0475295,0.982897]],[[0.808641,-0.576242,-0.118509],[0.546162,0.810196,-0.212813],[0.218648,0.107364,0.969879]]],"btipPosition":[-30.8393,328.3,-70.893],"carpPosition":[-9.98299,299.875,78.8593],"dipPosition":[-27.1036,330.134,-54.3221],"direction":[-0.177917,-0.0475295,-0.982897],"extended":true,"handId":506,"id":5061,"length":58.8075,"mcpPosition":[-17.6617,329.732,12.0604],"pipPosition":[-22.8033,331.283,-30.5651],"stabilizedTipPosition":[-37.3679,315.102,-45.8272],"timeVisible":195.872,"tipPosition":[-29.527,329.032,-67.1031],"tipVelocity":[22.8477,137.112,-228.477],"tool":false,"touchDistance":-0.41386,"touchZone":"hovering","type":1,"width":19.3428},{"bases":[[[0.699916,-0.675023,-0.233372],[0.714201,0.658766,0.236526],[-0.00592327,-0.332223,0.943182]],[[0.699861,-0.666999,-0.255553],[0.463457,0.696283,-0.548085],[0.543509,0.265146,0.796427]],[[0.699861,-0.666999,-0.255553],[-0.517611,-0.227046,-0.824941],[0.492213,0.709621,-0.504147]],[[0.699861,-0.666999,-0.255553],[-0.709323,-0.691076,-0.138836],[-0.0840028,0.278435,-0.956774]]],"btipPosition":[-37.4499,280.286,3.05498],"carpPosition":[0.752433,295.299,74.9312],"dipPosition":[-39.0285,285.519,-14.9247],"direction":[-0.492213,-0.709621,0.504147],"extended":false,"handId":506,"id":5062,"length":67.0064,"mcpPosition":[1.16569,318.478,9.12723],"pipPosition":[-25.0317,305.698,-29.2609],"stabilizedTipPosition":[-28.8451,257.218,-10.8349],"timeVisible":195.872,"tipPosition":[-38.0565,281.281,-1.1879],"tipVelocity":[13.2824,109.245,-229.279],"tool":false,"touchDistance":0.333333,"touchZone":"none","type":2,"width":18.9972},{"bases":[[[0.635571,-0.764282,-0.109193],[0.761829,0.597929,0.249194],[-0.125165,-0.241567,0.962278]],[[0.641113,-0.751009,-0.157984],[0.572833,0.605281,-0.552718],[0.510721,0.263857,0.818256]],[[0.641113,-0.751009,-0.157984],[-0.471752,-0.223283,-0.852992],[0.605329,0.621394,-0.49744]],[[0.641113,-0.751009,-0.157984],[-0.766916,-0.619297,-0.168259],[0.0285247,0.229033,-0.973001]]],"btipPosition":[-22.3236,269.763,6.64059],"carpPosition":[9.95665,287.913,71.5174],"dipPosition":[-21.7906,274.042,-11.539],"direction":[-0.605329,-0.621394,0.49744],"extended":false,"handId":506,"id":5063,"length":64.4285,"mcpPosition":[17.797,303.045,11.2403],"pipPosition":[-5.02182,291.256,-25.319],"stabilizedTipPosition":[-12.2724,247.616,-9.95214],"timeVisible":195.872,"tipPosition":[-22.6378,270.353,2.55934],"tipVelocity":[10.106,111.528,-249.941],"tool":false,"touchDistance":0.333333,"touchZone":"none","type":3,"width":18.077},{"bases":[[[0.482141,-0.875322,-0.0367487],[0.837338,0.44807,0.313207],[-0.257691,-0.181781,0.948974]],[[0.50688,-0.850936,-0.137773],[0.680547,0.493126,-0.541925],[0.529083,0.18093,0.829057]],[[0.50688,-0.850936,-0.137773],[-0.469163,-0.138248,-0.872223],[0.723159,0.50675,-0.469303]],[[0.50688,-0.850936,-0.137773],[-0.851728,-0.469771,-0.232109],[0.132788,0.234997,-0.962883]]],"btipPosition":[-5.49536,265.001,10.0186],"carpPosition":[14.7033,274.82,68.5838],"dipPosition":[-3.20652,269.052,-6.57842],"direction":[-0.723159,-0.50675,0.469303],"extended":false,"handId":506,"id":5064,"length":50.5107,"mcpPosition":[29.6455,285.361,13.5574],"pipPosition":[10.9376,278.963,-15.7574],"stabilizedTipPosition":[5.7942,245.575,-7.44378],"timeVisible":195.872,"tipPosition":[-5.41622,265.609,6.42992],"tipVelocity":[9.07872,109.286,-253.047],"tool":false,"touchDistance":0.333333,"touchZone":"none","type":4,"width":16.0574}],"r":[[0.597248,-0.238545,0.765762],[0.512693,-0.620676,-0.593218],[0.616799,0.746899,-0.248397]],"s":0.962174,"t":[12.3766,40.4921,25.4016],"timestamp":98010345150},false],[1,{"currentFrameRate":110.464,"devices":[],"gestures":[],"hands":[{"armBasis":[[0.75512,-0.444013,-0.482335],[0.606744,0.751982,0.257653],[0.248306,-0.487212,0.837239]],"armWidth":63.72,"confidence":0.573933,"direction":[0.119029,0.425818,-0.896945],"elbow":[67.1987,147.715,303.127],"grabStrength":0,"id":506,"palmNormal":[-0.59534,-0.692355,-0.407695],"palmPosition":[-2.04525,303.706,28.1802],"palmVelocity":[3.59805,87.5346,-205.602],"palmWidth":90.99,"pinchStrength":1,"r":[[0.595922,-0.241618,0.765832],[0.512323,-0.619984,-0.59426],[0.618387,0.746485,-0.245676]],"s":0.963608,"sphereCenter":[-39.4409,287.3,-4.51407],"sphereRadius":45.8038,"stabilizedPalmPosition":[4.50407,288.734,26.841],"t":[12.3232,41.2913,23.6758],"timeVisible":195.881,"type":"right","wrist":[0.15614,279.262,77.0723]}],"id":1819105,"interactionBox":{"center":[0,200,0],"size":[235.247,235.247,147.751]},"pointables":[{"bases":[[[0.875463,0.467949,0.120781],[-0.419704,0.612254,0.67007],[0.23961,-0.637314,0.732406]],[[0.837256,0.546224,0.0253296],[-0.546504,0.834338,0.0722019],[0.018305,-0.0742942,0.997068]],[[0.837256,0.546224,0.0253296],[-0.530665,0.800489,0.278587],[0.131895,-0.246691,0.960077]],[[0.837256,0.546224,0.0253296],[-0.515256,0.803602,-0.297884],[-0.183066,0.236354,0.954266]]],"btipPosition":[-30.46,293.522,-24.2228],"carpPosition":[-29.3336,286.934,80.6161],"dipPosition":[-34.7444,299.054,-1.88957],"direction":[-0.131895,0.246691,-0.960077],"extended":true,"handId":506,"id":5060,"length":52.1164,"mcpPosition":[-29.3336,286.934,80.6161],"pipPosition":[-30.2473,290.643,30.8448],"stabilizedTipPosition":[-24.2723,272.023,-10.5314],"timeVisible":195.881,"tipPosition":[-31.0118,294.32,-18.8906],"tipVelocity":[3.18227,119.023,-212.665],"tool":false,"touchDistance":-0.430527,"touchZone":"hovering","type":0,"width":20.25},{"bases":[[[0.803313,-0.50275,-0.319266],[0.586369,0.761473,0.276281],[0.104212,-0.409148,0.906498]],[[0.807279,-0.577487,-0.121695],[0.57766,0.815417,-0.0374687],[0.12087,-0.040051,0.99186]],[[0.807279,-0.577487,-0.121695],[0.562247,0.815232,-0.138836],[0.179386,0.0436562,0.98281]],[[0.807279,-0.577487,-0.121695],[0.547512,0.809804,-0.210828],[0.2203,0.103567,0.969918]]],"btipPosition":[-30.9697,329.327,-72.0197],"carpPosition":[-10.0102,300.33,77.6102],"dipPosition":[-27.2058,331.096,-55.4481],"direction":[-0.179386,-0.0436562,-0.98281],"extended":true,"handId":506,"id":5061,"length":58.8075,"mcpPosition":[-17.6771,330.431,10.9195],"pipPosition":[-22.87,332.152,-31.6932],"stabilizedTipPosition":[-37.3506,315.137,-45.8804],"timeVisible":195.881,"tipPosition":[-29.6484,330.027,-68.2309],"tipVelocity":[12.6329,129.097,-198.134],"tool":false,"touchDistance":-0.417705,"touchZone":"hovering","type":1,"width":19.3428},{"bases":[[[0.698196,-0.675802,-0.236249],[0.715882,0.656347,0.238163],[-0.00588936,-0.335411,0.942053]],[[0.698135,-0.667513,-0.258908],[0.45805,0.694347,-0.555043],[0.55027,0.268903,0.790502]],[[0.698135,-0.667513,-0.258908],[-0.525982,-0.232832,-0.818005],[0.485748,0.707259,-0.513648]],[[0.698135,-0.667513,-0.258908],[-0.709968,-0.692147,-0.129916],[-0.0924815,0.274515,-0.957125]]],"btipPosition":[-37.4758,280.913,2.42247],"carpPosition":[0.711558,295.743,73.6576],"dipPosition":[-39.2137,286.071,-15.5638],"direction":[-0.485748,-0.707259,0.513648],"extended":false,"handId":506,"id":5062,"length":67.0064,"mcpPosition":[1.12245,319.144,7.9324],"pipPosition":[-25.4008,306.183,-30.1701],"stabilizedTipPosition":[-28.8531,257.24,-10.8269],"timeVisible":195.881,"tipPosition":[-38.1061,281.988,-2.03782],"tipVelocity":[7.6311,96.8795,-183.762],"tool":false,"touchDistance":0.333333,"touchZone":"none","type":2,"width":18.9972},{"bases":[[[0.633753,-0.765337,-0.11232],[0.763383,0.59536,0.250585],[-0.12491,-0.244552,0.961557]],[[0.639281,-0.751923,-0.161031],[0.573493,0.605704,-0.551568],[0.512274,0.260257,0.818438]],[[0.639281,-0.751923,-0.161031],[-0.473344,-0.219751,-0.853027],[0.606024,0.621547,-0.496401]],[[0.639281,-0.751923,-0.161031],[-0.768468,-0.617113,-0.169198],[0.0278501,0.231912,-0.972338]]],"btipPosition":[-22.476,270.487,5.3301],"carpPosition":[9.89624,288.348,70.2111],"dipPosition":[-21.9556,274.82,-12.8371],"direction":[-0.606024,-0.621547,0.496401],"extended":false,"handId":506,"id":5063,"length":64.4285,"mcpPosition":[17.7206,303.667,9.97914],"pipPosition":[-5.16757,292.039,-26.5884],"stabilizedTipPosition":[-12.2794,247.633,-9.94442],"timeVisible":195.881,"tipPosition":[-22.7834,271.102,1.23671],"tipVelocity":[2.53811,102.396,-219.033],"tool":false,"touchDistance":0.333333,"touchZone":"none","type":3,"width":18.077},{"bases":[[[0.480134,-0.876277,-0.0401253],[0.838607,0.445114,0.314024],[-0.257312,-0.184423,0.948567]],[[0.504696,-0.851802,-0.140411],[0.681529,0.49296,-0.54084],[0.529906,0.177266,0.829323]],[[0.504696,-0.851802,-0.140411],[-0.469902,-0.134614,-0.872394],[0.724206,0.506273,-0.468203]],[[0.504696,-0.851802,-0.140411],[-0.853004,-0.466998,-0.233017],[0.132913,0.237374,-0.962283]]],"btipPosition":[-5.66146,265.687,8.64613],"carpPosition":[14.6109,275.255,67.229],"dipPosition":[-3.37047,269.778,-7.94055],"direction":[-0.724206,-0.506273,0.468203],"extended":false,"handId":506,"id":5064,"length":50.5107,"mcpPosition":[29.5312,285.948,12.2262],"pipPosition":[10.7941,279.68,-17.098],"stabilizedTipPosition":[5.78913,245.584,-7.43808],"timeVisible":195.881,"tipPosition":[-5.57736,266.305,5.05758],"tipVelocity":[1.48775,99.5059,-223.158],"tool":false,"touchDistance":0.333333,"touchZone":"none","type":4,"width":16.0574}],"r":[[0.595922,-0.241618,0.765832],[0.512323,-0.619984,-0.59426],[0.618387,0.746485,-0.245676]],"s":0.963608,"t":[12.3232,41.2913,23.6758],"timestamp":98010354456},false],[2,{"currentFrameRate":110.6,"devices":[],"gestures":[],"hands":[{"armBasis":[[0.761255,-0.43084,-0.484632],[0.59627,0.75882,0.262019],[0.25486,-0.488435,0.834552]],"armWidth":63.72,"confidence":0.5875,"direction":[0.119047,0.428664,-0.895586],"elbow":[68.5138,148.351,300.754],"grabStrength":0,"id":506,"palmNormal":[-0.584717,-0.698732,-0.412166],"palmPosition":[-2.51279,304.723,26.5588],"palmVelocity":[-11.6836,95.1009,-199.849],"palmWidth":90.99,"pinchStrength":1,"r":[[0.594562,-0.242897,0.766483],[0.514181,-0.618021,-0.5947],[0.618153,0.747698,-0.242559]],"s":0.964876,"sphereCenter":[-39.6457,288.047,-6.34764],"sphereRadius":45.8505,"stabilizedPalmPosition":[4.50071,288.742,26.8408],"t":[12.0627,42.1996,22.0022],"timeVisible":195.89,"type":"right","wrist":[-0.298457,280.228,75.4245]}],"id":1819106,"interactionBox":{"center":[0,200,0],"size":[235.247,235.247,147.751]},"pointables":[{"bases":[[[0.869122,0.478145,0.126507],[-0.430777,0.606121,0.668616],[0.243017,-0.635606,0.732767]],[[0.830737,0.555778,0.0313989],[-0.556513,0.827872,0.0701467],[0.0129918,-0.0757474,0.997042]],[[0.830737,0.555778,0.0313989],[-0.541234,0.793234,0.279009],[0.13016,-0.248777,0.959775]],[[0.830737,0.555778,0.0313989],[-0.523491,0.799167,-0.295447],[-0.189296,0.229002,0.954843]]],"btipPosition":[-30.5534,294.446,-26.029],"carpPosition":[-29.8972,287.542,78.8119],"dipPosition":[-34.9836,299.806,-3.68221],"direction":[-0.13016,0.248777,-0.959775],"extended":true,"handId":506,"id":5060,"length":52.1164,"mcpPosition":[-29.8972,287.542,78.8119],"pipPosition":[-30.5457,291.323,29.0419],"stabilizedTipPosition":[-24.2803,272.049,-10.5428],"timeVisible":195.89,"tipPosition":[-31.1434,295.182,-20.7004],"tipVelocity":[-1.56248,114.038,-210.57],"tool":false,"touchDistance":-0.442853,"touchZone":"hovering","type":0,"width":20.25},{"bases":[[[0.811051,-0.492628,-0.315458],[0.57567,0.767951,0.280811],[0.103921,-0.409352,0.906439]],[[0.814819,-0.567479,-0.11848],[0.567986,0.822386,-0.0327569],[0.116025,-0.0406042,0.992416]],[[0.814819,-0.567479,-0.11848],[0.553099,0.822216,-0.134324],[0.173642,0.0439182,0.983829]],[[0.814819,-0.567479,-0.11848],[0.538792,0.81674,-0.206489],[0.213946,0.104415,0.971249]]],"btipPosition":[-31.2007,330.187,-73.7596],"carpPosition":[-10.7181,301.172,75.9372],"dipPosition":[-27.5453,331.971,-57.1652],"direction":[-0.173642,-0.0439182,-0.983829],"extended":true,"handId":506,"id":5061,"length":58.8075,"mcpPosition":[-18.3636,331.288,9.25088],"pipPosition":[-23.3483,333.033,-33.3857],"stabilizedTipPosition":[-37.3337,315.174,-45.9386],"timeVisible":195.89,"tipPosition":[-29.9092,330.878,-69.9636],"tipVelocity":[1.39555,120.761,-197.862],"tool":false,"touchDistance":-0.430288,"touchZone":"hovering","type":1,"width":19.3428},{"bases":[[[0.707534,-0.667054,-0.233313],[0.706642,0.664437,0.243269],[-0.00725157,-0.33699,0.94148]],[[0.707503,-0.658717,-0.255992],[0.453102,0.700788,-0.550995],[0.542345,0.27384,0.794275]],[[0.707503,-0.658717,-0.255992],[-0.518263,-0.237344,-0.821628],[0.480462,0.713974,-0.50931]],[[0.707503,-0.658717,-0.255992],[-0.700955,-0.70022,-0.135476],[-0.0900097,0.275288,-0.957139]]],"btipPosition":[-37.5266,281.556,0.53864],"carpPosition":[0.0799155,296.72,72.0387],"dipPosition":[-39.218,286.729,-17.4479],"direction":[-0.480462,-0.713974,0.50931],"extended":false,"handId":506,"id":5062,"length":67.0064,"mcpPosition":[0.585843,320.231,6.35353],"pipPosition":[-25.5554,307.032,-31.9309],"stabilizedTipPosition":[-28.8606,257.261,-10.8208],"timeVisible":195.89,"tipPosition":[-38.1384,282.632,-3.90888],"tipVelocity":[4.34826,90.5839,-191.929],"tool":false,"touchDistance":0.333333,"touchZone":"none","type":2,"width":18.9972},{"bases":[[[0.643459,-0.757552,-0.109894],[0.754795,0.604,0.255866],[-0.127456,-0.247587,0.960446]],[[0.6491,-0.744005,-0.158514],[0.569145,0.613242,-0.54773],[0.504721,0.265314,0.821502]],[[0.6491,-0.744005,-0.158514],[-0.46617,-0.22438,-0.855768],[0.601128,0.629374,-0.492478]],[[0.6491,-0.744005,-0.158514],[-0.760101,-0.626055,-0.174075],[0.0302743,0.233479,-0.97189]]],"btipPosition":[-22.4134,271.298,3.5679],"carpPosition":[9.37155,289.44,68.6332],"dipPosition":[-21.8478,275.66,-14.5909],"direction":[-0.601128,-0.629373,0.492478],"extended":false,"handId":506,"id":5063,"length":64.4285,"mcpPosition":[17.3554,304.949,8.47087],"pipPosition":[-5.19532,293.095,-28.2335],"stabilizedTipPosition":[-12.2861,247.649,-9.93813],"timeVisible":195.89,"tipPosition":[-22.6967,271.925,-0.538967],"tipVelocity":[4.08903,99.8289,-213.914],"tool":false,"touchDistance":0.333333,"touchZone":"none","type":3,"width":18.077},{"bases":[[[0.490764,-0.870431,-0.0387496],[0.831442,0.454558,0.3195],[-0.260489,-0.189017,0.946794]],[[0.515285,-0.84593,-0.137418],[0.679215,0.500878,-0.536459],[0.522636,0.183093,0.832664]],[[0.515285,-0.84593,-0.137418],[-0.463099,-0.139917,-0.875193],[0.721125,0.514612,-0.463846]],[[0.515285,-0.84593,-0.137418],[-0.846189,-0.476779,-0.238005],[0.135818,0.238922,-0.961494]]],"btipPosition":[-5.56211,266.712,6.96071],"carpPosition":[14.2588,276.409,65.6577],"dipPosition":[-3.22105,270.83,-9.61236],"direction":[-0.721125,-0.514612,0.463846],"extended":false,"handId":506,"id":5064,"length":50.5107,"mcpPosition":[29.3633,287.369,10.7577],"pipPosition":[10.8833,280.895,-18.6846],"stabilizedTipPosition":[5.78389,245.595,-7.43295],"timeVisible":195.89,"tipPosition":[-5.45719,267.333,3.36246],"tipVelocity":[4.4809,104.264,-214.54],"tool":false,"touchDistance":0.333333,"touchZone":"none","type":4,"width":16.0574}],"r":[[0.594562,-0.242897,0.766483],[0.514181,-0.618021,-0.5947],[0.618153,0.747698,-0.242559]],"s":0.964876,"t":[12.0627,42.1996,22.0022],"timestamp":98010363256},false],[3,{"currentFrameRate":110.312,"devices":[],"gestures":[],"hands":[{"armBasis":[[0.764679,-0.427492,-0.4822],[0.592059,0.761498,0.263793],[0.254425,-0.487207,0.835402]],"armWidth":63.72,"confidence":0.599024,"direction":[0.117778,0.432541,-0.893888],"elbow":[68.1163,149.173,299.205],"grabStrength":0,"id":506,"palmNormal":[-0.58062,-0.700261,-0.415349],"palmPosition":[-2.86763,305.38,24.868],"palmVelocity":[-19.0251,87.4489,-193.119],"palmWidth":90.99,"pinchStrength":1,"r":[[0.593561,-0.243862,0.766953],[0.51644,-0.615476,-0.595382],[0.617232,0.74948,-0.239383]],"s":0.965679,"sphereCenter":[-40.0806,288.823,-8.12185],"sphereRadius":45.9436,"stabilizedPalmPosition":[4.49669,288.751,26.8397],"t":[11.755,42.9825,20.32],"timeVisible":195.899,"type":"right","wrist":[-0.578375,280.719,73.6466]}],"id":1819107,"interactionBox":{"center":[0,200,0],"size":[235.247,235.247,147.751]},"pointables":[{"bases":[[[0.86648,0.482203,0.129202],[-0.434654,0.601426,0.670345],[0.245537,-0.636999,0.730715]],[[0.827931,0.55976,0.0346233],[-0.560702,0.824844,0.0724236],[0.011981,-0.0793751,0.996773]],[[0.827931,0.55976,0.0346233],[-0.545261,0.788967,0.283235],[0.131227,-0.253378,0.958425]],[[0.827931,0.55976,0.0346233],[-0.527888,0.79866,-0.288923],[-0.18938,0.220931,0.956726]]],"btipPosition":[-30.8587,295.297,-27.7974],"carpPosition":[-30.2185,287.867,77.028],"dipPosition":[-35.2908,300.468,-5.40657],"direction":[-0.131227,0.253378,-0.958425],"extended":true,"handId":506,"id":5060,"length":52.1164,"mcpPosition":[-30.2185,287.867,77.028],"pipPosition":[-30.8166,291.829,27.2715],"stabilizedTipPosition":[-24.2898,272.08,-10.5579],"timeVisible":195.899,"tipPosition":[-31.4518,295.971,-22.4678],"tipVelocity":[-10.3475,105.455,-202.777],"tool":false,"touchDistance":-0.453276,"touchZone":"hovering","type":0,"width":20.25},{"bases":[[[0.81395,-0.487241,-0.316358],[0.571354,0.769912,0.284238],[0.105076,-0.412107,0.905056]],[[0.817944,-0.562571,-0.12034],[0.563603,0.825552,-0.0285562],[0.115412,-0.0444667,0.992322]],[[0.817944,-0.562571,-0.12034],[0.548804,0.825762,-0.130121],[0.172575,0.0403882,0.984168]],[[0.817944,-0.562571,-0.12034],[0.534588,0.820537,-0.202324],[0.212565,0.101157,0.971897]]],"btipPosition":[-31.5994,331.132,-75.3862],"carpPosition":[-11.1077,301.607,74.2241],"dipPosition":[-27.9676,332.86,-58.7808],"direction":[-0.172575,-0.0403882,-0.984168],"extended":true,"handId":506,"id":5061,"length":58.8075,"mcpPosition":[-18.838,331.926,7.6395],"pipPosition":[-23.7964,333.836,-34.993],"stabilizedTipPosition":[-37.3154,315.22,-46.01],"timeVisible":195.899,"tipPosition":[-30.325,331.775,-71.586],"tipVelocity":[-11.219,113.967,-189.689],"tool":false,"touchDistance":-0.439953,"touchZone":"hovering","type":1,"width":19.3428},{"bases":[[[0.711254,-0.662503,-0.234962],[0.702904,0.667219,0.246463],[-0.00651098,-0.340454,0.940239]],[[0.711202,-0.654028,-0.257758],[0.453591,0.707056,-0.54252],[0.537072,0.268925,0.799521]],[[0.711202,-0.654028,-0.257758],[-0.51208,-0.230778,-0.827355],[0.481628,0.720409,-0.499044]],[[0.711202,-0.654028,-0.257758],[-0.697753,-0.701405,-0.145508],[-0.0856265,0.283337,-0.95519]]],"btipPosition":[-37.8018,282.206,-1.67352],"carpPosition":[-0.282356,297.225,70.3213],"dipPosition":[-39.4109,287.53,-19.6235],"direction":[-0.481628,-0.720409,0.499044],"extended":false,"handId":506,"id":5062,"length":67.0064,"mcpPosition":[0.171902,320.978,4.72274],"pipPosition":[-25.7152,308.016,-33.8145],"stabilizedTipPosition":[-28.8685,257.283,-10.8166],"timeVisible":195.899,"tipPosition":[-38.3518,283.294,-5.94168],"tipVelocity":[-4.65454,85.0541,-202.988],"tool":false,"touchDistance":0.333333,"touchZone":"none","type":2,"width":18.9972},{"bases":[[[0.647519,-0.753783,-0.111944],[0.751358,0.606988,0.258893],[-0.127201,-0.251748,0.959397]],[[0.653142,-0.740027,-0.160515],[0.566728,0.618303,-0.544537],[0.502219,0.264692,0.823234]],[[0.653142,-0.740027,-0.160515],[-0.463958,-0.223559,-0.857184],[0.598455,0.634335,-0.489358]],[[0.653142,-0.740027,-0.160515],[-0.756639,-0.629389,-0.177107],[0.0300374,0.237128,-0.971014]]],"btipPosition":[-22.5599,271.947,1.7197],"carpPosition":[9.05079,290.007,66.8995],"dipPosition":[-21.9987,276.377,-16.4227],"direction":[-0.598455,-0.634335,0.489358],"extended":false,"handId":506,"id":5063,"length":64.4285,"mcpPosition":[17.0186,305.776,6.80285],"pipPosition":[-5.42032,293.95,-29.9789],"stabilizedTipPosition":[-12.2934,247.667,-9.93275],"timeVisible":195.899,"tipPosition":[-22.8375,272.591,-2.38102],"tipVelocity":[-1.55156,91.0301,-207.757],"tool":false,"touchDistance":0.333333,"touchZone":"none","type":3,"width":18.077},{"bases":[[[0.495338,-0.867714,-0.0413792],[0.828715,0.457716,0.322067],[-0.260522,-0.193823,0.945812]],[[0.519316,-0.843434,-0.137584],[0.677819,0.504575,-0.534757],[0.520454,0.184451,0.83373]],[[0.519316,-0.843434,-0.137584],[-0.461394,-0.141211,-0.875885],[0.719323,0.518342,-0.462489]],[[0.519316,-0.843434,-0.137584],[-0.843708,-0.480419,-0.239487],[0.135894,0.24045,-0.961102]]],"btipPosition":[-5.69876,267.446,5.17085],"carpPosition":[14.0091,277.012,63.8819],"dipPosition":[-3.35638,271.59,-11.3955],"direction":[-0.719323,-0.518342,0.462489],"extended":false,"handId":506,"id":5064,"length":50.5107,"mcpPosition":[29.1156,288.251,9.03883],"pipPosition":[10.7127,281.729,-20.4412],"stabilizedTipPosition":[5.77778,245.608,-7.42805],"timeVisible":195.899,"tipPosition":[-5.57954,268.077,1.55053],"tipVelocity":[-0.935184,96.4628,-206.506],"tool":false,"touchDistance":0.333333,"touchZone":"none","type":4,"width":16.0574}],"r":[[0.593561,-0.243862,0.766953],[0.51644,-0.615476,-0.595382],[0.617232,0.74948,-0.239383]],"s":0.965679,"t":[11.755,42.9825,20.32],"timestamp":98010372831},false],[4,{"currentFrameRate":110.608,"devices":[],"gestures":[],"hands":[{"armBasis":[[0.768257,-0.425813,-0.47798],[0.589514,0.76165,0.269002],[0.249509,-0.488439,0.836166]],"armWidth":63.72,"confidence":0.602892,"direction":[0.115343,0.43553,-0.892754],"elbow":[66.469,149.266,298.275],"grabStrength":0,"id":506,"palmNormal":[-0.578522,-0.701138,-0.416795],"palmPosition":[-3.32427,305.937,23.8055],"palmVelocity":[-28.0859,81.6606,-175.203],"palmWidth":90.99,"pinchStrength":1,"r":[[0.593088,-0.244653,0.767067],[0.518566,-0.612721,-0.596374],[0.615903,0.751477,-0.236529]],"s":0.966523,"sphereCenter":[-40.6976,289.526,-9.16665],"sphereRadius":46.0252,"stabilizedPalmPosition":[4.49265,288.76,26.8382],"t":[11.3729,43.6522,18.9476],"timeVisible":195.908,"type":"right","wrist":[-0.898404,281.144,72.5105]}],"id":1819108,"interactionBox":{"center":[0,200,0],"size":[235.247,235.247,147.751]},"pointables":[{"bases":[[[0.864877,0.484929,0.12974],[-0.436138,0.597935,0.672501],[0.248539,-0.638215,0.728636]],[[0.826115,0.562366,0.0357506],[-0.563354,0.822785,0.0752134],[0.0128824,-0.0822752,0.996526]],[[0.826115,0.562366,0.0357506],[-0.547244,0.785536,0.288889],[0.134378,-0.25822,0.956695]],[[0.826115,0.562366,0.0357506],[-0.532211,0.799518,-0.278429],[-0.185162,0.210988,0.959791]]],"btipPosition":[-31.4518,296.149,-28.8842],"carpPosition":[-30.5606,288.176,75.9417],"dipPosition":[-35.7853,301.087,-6.42163],"direction":[-0.134378,0.25822,-0.956695],"extended":true,"handId":506,"id":5060,"length":52.1164,"mcpPosition":[-30.5606,288.176,75.9417],"pipPosition":[-31.2036,292.283,26.1975],"stabilizedTipPosition":[-24.2998,272.11,-10.574],"timeVisible":195.908,"tipPosition":[-32.0124,296.727,-23.5442],"tipVelocity":[-25.1832,102.368,-182.57],"tool":false,"touchDistance":-0.452336,"touchZone":"hovering","type":0,"width":20.25},{"bases":[[[0.815373,-0.483411,-0.318559],[0.568877,0.771131,0.285893],[0.107447,-0.414331,0.903762]],[[0.819888,-0.559023,-0.123598],[0.560457,0.827771,-0.0261353],[0.116921,-0.0478432,0.991988]],[[0.819888,-0.559023,-0.123598],[0.545521,0.828315,-0.127676],[0.173752,0.0372552,0.984085]],[[0.819888,-0.559023,-0.123598],[0.531224,0.823313,-0.199892],[0.213504,0.0982311,0.971991]]],"btipPosition":[-32.2773,331.951,-76.3418],"carpPosition":[-11.5018,301.992,73.1586],"dipPosition":[-28.6294,333.629,-59.7347],"direction":[-0.173752,-0.0372552,-0.984085],"extended":true,"handId":506,"id":5061,"length":58.8075,"mcpPosition":[-19.4066,332.474,6.6692],"pipPosition":[-24.4298,334.53,-35.949],"stabilizedTipPosition":[-37.2994,315.266,-46.0822],"timeVisible":195.908,"tipPosition":[-31.0068,332.546,-72.5414],"tipVelocity":[-29.0171,108.963,-169.37],"tool":false,"touchDistance":-0.438619,"touchZone":"hovering","type":1,"width":19.3428},{"bases":[[[0.713387,-0.659273,-0.237568],[0.700757,0.66902,0.247694],[-0.0043602,-0.343179,0.93926]],[[0.713282,-0.650724,-0.260361],[0.452234,0.711106,-0.538343],[0.535457,0.266246,0.801498]],[[0.713282,-0.650724,-0.260361],[-0.509906,-0.226931,-0.829758],[0.480859,0.724611,-0.493673]],[[0.713282,-0.650724,-0.260361],[-0.695729,-0.702321,-0.150689],[-0.0848004,0.288624,-0.95368]]],"btipPosition":[-38.2501,282.741,-2.97042],"carpPosition":[-0.664743,297.661,69.2326],"dipPosition":[-39.8437,288.165,-20.892],"direction":[-0.480859,-0.724611,0.493673],"extended":false,"handId":506,"id":5062,"length":67.0064,"mcpPosition":[-0.360541,321.604,3.70226],"pipPosition":[-26.1698,308.77,-34.9303],"stabilizedTipPosition":[-28.8755,257.302,-10.8139],"timeVisible":195.908,"tipPosition":[-38.7691,283.849,-7.14913],"tipVelocity":[-17.1133,79.9488,-189.495],"tool":false,"touchDistance":0.333333,"touchZone":"none","type":2,"width":18.9972},{"bases":[[[0.6501,-0.751134,-0.11475],[0.749438,0.608927,0.259903],[-0.125347,-0.254961,0.958792]],[[0.655627,-0.737217,-0.163293],[0.564151,0.621991,-0.543011],[0.501883,0.263891,0.823696]],[[0.655627,-0.737217,-0.163293],[-0.463905,-0.222639,-0.857452],[0.595773,0.637921,-0.487967]],[[0.655627,-0.737217,-0.163293],[-0.75456,-0.631601,-0.178102],[0.0281637,0.239983,-0.970369]]],"btipPosition":[-22.9117,272.51,0.567654],"carpPosition":[8.69077,290.485,65.7808],"dipPosition":[-22.3855,276.994,-17.5627],"direction":[-0.595773,-0.637921,0.487967],"extended":false,"handId":506,"id":5063,"length":64.4285,"mcpPosition":[16.5425,306.456,5.72204],"pipPosition":[-5.88142,294.665,-31.0804],"stabilizedTipPosition":[-12.3001,247.684,-9.92873],"timeVisible":195.908,"tipPosition":[-23.1914,273.167,-3.52727],"tipVelocity":[-12.2139,84.8749,-188.674],"tool":false,"touchDistance":0.333333,"touchZone":"none","type":3,"width":18.077},{"bases":[[[0.498398,-0.865812,-0.0443648],[0.827391,0.459752,0.32257],[-0.258889,-0.197475,0.945505]],[[0.521977,-0.841467,-0.139545],[0.675958,0.507865,-0.533999],[0.520212,0.184409,0.83389]],[[0.521977,-0.841467,-0.139545],[-0.461472,-0.141008,-0.875877],[0.717345,0.521584,-0.461917]],[[0.521977,-0.841467,-0.139545],[-0.842307,-0.482739,-0.239752],[0.134379,0.242685,-0.960753]]],"btipPosition":[-6.03666,268.062,4.00479],"carpPosition":[13.6926,277.517,62.721],"dipPosition":[-3.72039,272.245,-12.5555],"direction":[-0.717345,-0.521584,0.461917],"extended":false,"handId":506,"id":5064,"length":50.5107,"mcpPosition":[28.7043,288.967,7.89564],"pipPosition":[10.31,282.447,-21.59],"stabilizedTipPosition":[5.77185,245.62,-7.42404],"timeVisible":195.908,"tipPosition":[-5.91775,268.702,0.381831],"tipVelocity":[-11.2683,90.4249,-188.225],"tool":false,"touchDistance":0.333333,"touchZone":"none","type":4,"width":16.0574}],"r":[[0.593088,-0.244653,0.767067],[0.518566,-0.612721,-0.596374],[0.615903,0.751477,-0.236529]],"s":0.966523,"t":[11.3729,43.6522,18.9476],"timestamp":98010381349},false],[5,{"currentFrameRate":110.469,"devices":[],"gestures":[],"hands":[{"armBasis":[[0.771263,-0.435479,-0.464232],[0.590978,0.76082,0.268137],[0.236429,-0.481156,0.844151]],"armWidth":63.72,"confidence":0.607995,"direction":[0.112888,0.441405,-0.890179],"elbow":[62.517,151.899,297.971],"grabStrength":0,"id":506,"palmNormal":[-0.580324,-0.697927,-0.419669],"palmPosition":[-3.87787,306.931,21.5197],"palmVelocity":[-36.965,88.7774,-195.145],"palmWidth":90.99,"pinchStrength":1,"r":[[0.593153,-0.246393,0.766459],[0.519805,-0.609788,-0.598299],[0.614794,0.753292,-0.233621]],"s":0.967684,"sphereCenter":[-41.5156,290.979,-11.3926],"sphereRadius":46.0821,"stabilizedPalmPosition":[4.48754,288.771,26.8349],"t":[10.905,44.4839,17.1185],"timeVisible":195.917,"type":"right","wrist":[-1.31892,281.811,70.0503]}],"id":1819109,"interactionBox":{"center":[0,200,0],"size":[235.247,235.247,147.751]},"pointables":[{"bases":[[[0.865629,0.483438,0.130287],[-0.433613,0.593736,0.677833],[0.250334,-0.643246,0.723579]],[[0.826624,0.561542,0.0369224],[-0.562529,0.822655,0.082468],[0.0159349,-0.08894,0.99591]],[[0.826624,0.561542,0.0369224],[-0.545673,0.783765,0.29657],[0.137598,-0.2653,0.954297]],[[0.826624,0.561542,0.0369224],[-0.532978,0.802259,-0.268915],[-0.180629,0.202613,0.962456]]],"btipPosition":[-32.2247,297.584,-31.1552],"carpPosition":[-30.9652,288.841,73.6205],"dipPosition":[-36.4521,302.326,-8.63027],"direction":[-0.137598,0.2653,-0.954297],"extended":true,"handId":506,"id":5060,"length":52.1164,"mcpPosition":[-30.9652,288.841,73.6205],"pipPosition":[-31.7606,293.28,23.9071],"stabilizedTipPosition":[-24.3136,272.152,-10.5979],"timeVisible":195.917,"tipPosition":[-32.7635,298.117,-25.8106],"tipVelocity":[-40.7966,115.67,-199.549],"tool":false,"touchDistance":-0.469286,"touchZone":"hovering","type":0,"width":20.25},{"bases":[[[0.814028,-0.481849,-0.324315],[0.570324,0.7688,0.289269],[0.10995,-0.420437,0.900635]],[[0.819171,-0.558368,-0.131088],[0.560849,0.827661,-0.0206547],[0.12003,-0.056601,0.991155]],[[0.819171,-0.558368,-0.131088],[0.54561,0.829106,-0.122041],[0.17683,0.0284492,0.98383]],[[0.819171,-0.558368,-0.131088],[0.531092,0.824754,-0.194223],[0.216563,0.0894819,0.972159]]],"btipPosition":[-33.1249,333.809,-78.3607],"carpPosition":[-11.905,302.662,70.8705],"dipPosition":[-29.4248,335.337,-61.7508],"direction":[-0.17683,-0.0284492,-0.98383],"extended":true,"handId":506,"id":5061,"length":58.8075,"mcpPosition":[-19.994,333.593,4.61117],"pipPosition":[-25.1507,336.025,-37.9712],"stabilizedTipPosition":[-37.281,315.336,-46.1867],"timeVisible":195.917,"tipPosition":[-31.8677,334.295,-74.5578],"tipVelocity":[-46.1932,133.556,-182.839],"tool":false,"touchDistance":-0.453365,"touchZone":"hovering","type":1,"width":19.3428},{"bases":[[[0.712165,-0.658176,-0.244183],[0.70201,0.666853,0.249978],[-0.00169504,-0.349445,0.936955]],[[0.711996,-0.649498,-0.266859],[0.451782,0.714659,-0.534],[0.537545,0.259644,0.802266]],[[0.711996,-0.649498,-0.266859],[-0.51178,-0.219789,-0.830526],[0.480772,0.727905,-0.488889]],[[0.711996,-0.649498,-0.266859],[-0.696842,-0.700352,-0.154658],[-0.0864453,0.296074,-0.951245]]],"btipPosition":[-38.922,283.951,-5.37902],"carpPosition":[-1.08339,298.349,66.882],"dipPosition":[-40.5465,289.515,-23.2548],"direction":[-0.480772,-0.727905,0.488889],"extended":false,"handId":506,"id":5062,"length":67.0064,"mcpPosition":[-0.965135,322.729,1.51248],"pipPosition":[-26.875,310.214,-37.1571],"stabilizedTipPosition":[-28.8839,257.325,-10.8129],"timeVisible":195.917,"tipPosition":[-39.4361,285.092,-9.51611],"tipVelocity":[-32.8947,95.0969,-208.812],"tool":false,"touchDistance":0.333333,"touchZone":"none","type":2,"width":18.9972},{"bases":[[[0.649193,-0.750811,-0.121786],[0.750685,0.606646,0.261634],[-0.122557,-0.261274,0.957453]],[[0.65457,-0.736605,-0.170153],[0.560508,0.623886,-0.544607],[0.507316,0.261111,0.82125]],[[0.65457,-0.736605,-0.170153],[-0.469088,-0.219227,-0.855509],[0.59287,0.639807,-0.489032]],[[0.65457,-0.736605,-0.170153],[-0.755617,-0.630271,-0.178332],[0.0241181,0.245301,-0.969147]]],"btipPosition":[-23.6079,273.583,-1.65997],"carpPosition":[8.25613,291.19,63.3533],"dipPosition":[-23.1573,278.166,-19.7675],"direction":[-0.59287,-0.639807,0.489032],"extended":false,"handId":506,"id":5063,"length":64.4285,"mcpPosition":[15.9331,307.556,3.37845],"pipPosition":[-6.7336,295.89,-33.3147],"stabilizedTipPosition":[-12.3083,247.704,-9.92573],"timeVisible":195.917,"tipPosition":[-23.8559,274.326,-5.83564],"tipVelocity":[-30.4282,94.1863,-202.889],"tool":false,"touchDistance":0.333333,"touchZone":"none","type":3,"width":18.077},{"bases":[[[0.497626,-0.86585,-0.0516972],[0.828723,0.457,0.323061],[-0.256097,-0.203606,0.944965]],[[0.520632,-0.841304,-0.145433],[0.675214,0.509974,-0.532928],[0.522522,0.179261,0.833569]],[[0.520632,-0.841304,-0.145433],[-0.464077,-0.135877,-0.875311],[0.716642,0.523207,-0.461171]],[[0.520632,-0.841304,-0.145433],[-0.843541,-0.480566,-0.239782],[0.131839,0.247517,-0.959872]]],"btipPosition":[-6.67633,269.207,1.48811],"carpPosition":[13.239,278.239,60.1913],"dipPosition":[-4.40384,273.473,-15.057],"direction":[-0.716642,-0.523207,0.461171],"extended":false,"handId":506,"id":5064,"length":50.5107,"mcpPosition":[28.0888,290.045,5.39736],"pipPosition":[9.61281,283.707,-24.077],"stabilizedTipPosition":[5.76439,245.636,-7.42085],"timeVisible":195.917,"tipPosition":[-6.56118,269.867,-2.14039],"tipVelocity":[-27.8118,100.234,-211.395],"tool":false,"touchDistance":0.333333,"touchZone":"none","type":4,"width":16.0574}],"r":[[0.593153,-0.246393,0.766459],[0.519805,-0.609788,-0.598299],[0.614794,0.753292,-0.233621]],"s":0.967684,"t":[10.905,44.4839,17.1185],"timestamp":98010390646},false],[6,{"currentFrameRate":110.666,"devices":[],"gestures":[],"hands":[{"armBasis":[[0.762002,-0.452512,-0.463233],[0.603066,0.756496,0.253034],[0.235933,-0.472172,0.849346]],"armWidth":63.72,"confidence":0.543861,"direction":[0.110999,0.450158,-0.886023],"elbow":[61.5983,155.087,295.672],"grabStrength":0,"id":506,"palmNormal":[-0.592763,-0.685602,-0.422591],"palmPosition":[-4.75103,308.281,18.1317],"palmVelocity":[-53.8953,106.532,-247.058],"palmWidth":90.99,"pinchStrength":1,"r":[[0.593891,-0.251043,0.764377],[0.518211,-0.607386,-0.602112],[0.615428,0.753697,-0.230628]],"s":0.969379,"sphereCenter":[-43.032,293.476,-14.5445],"sphereRadius":46.1319,"stabilizedPalmPosition":[4.48178,288.783,26.8295],"t":[10.2345,45.5749,14.51],"timeVisible":195.926,"type":"right","wrist":[-2.10364,282.573,66.3486]}],"id":1819110,"interactionBox":{"center":[0,200,0],"size":[235.247,235.247,147.751]},"pointables":[{"bases":[[[0.872831,0.470846,0.128333],[-0.420204,0.591359,0.688275],[0.248181,-0.654674,0.714009]],[[0.834094,0.550427,0.0363078],[-0.551142,0.828812,0.0965013],[0.0230246,-0.100502,0.99467]],[[0.834094,0.550427,0.0363078],[-0.533013,0.787254,0.310044],[0.142073,-0.277958,0.950029]],[[0.834094,0.550427,0.0363078],[-0.524886,0.812187,-0.254649],[-0.169655,0.193344,0.966352]]],"btipPosition":[-33.6488,299.907,-34.4054],"carpPosition":[-31.626,289.938,70.2541],"dipPosition":[-37.6194,304.432,-11.7893],"direction":[-0.142073,0.277958,-0.950029],"extended":true,"handId":506,"id":5060,"length":52.1164,"mcpPosition":[-31.626,289.938,70.2541],"pipPosition":[-32.7753,294.955,20.6025],"stabilizedTipPosition":[-24.3331,272.207,-10.6334],"timeVisible":195.926,"tipPosition":[-34.1461,300.392,-29.0505],"tipVelocity":[-71.7923,154.57,-245.418],"tool":false,"touchDistance":-0.499129,"touchZone":"hovering","type":0,"width":20.25},{"bases":[[[0.805004,-0.488404,-0.336793],[0.582569,0.758094,0.293099],[0.11217,-0.432151,0.894798]],[[0.810882,-0.566743,-0.145854],[0.571132,0.82074,-0.0139076],[0.12759,-0.0720244,0.989208]],[[0.810882,-0.566743,-0.145854],[0.555076,0.823802,-0.115066],[0.185368,0.0123449,0.982592]],[[0.810882,-0.566743,-0.145854],[0.539901,0.820651,-0.187188],[0.225782,0.0730406,0.971436]]],"btipPosition":[-34.486,336.888,-81.178],"carpPosition":[-12.4141,303.547,67.4979],"dipPosition":[-30.6284,338.136,-64.5804],"direction":[-0.185368,-0.0123449,-0.982592],"extended":true,"handId":506,"id":5061,"length":58.8075,"mcpPosition":[-20.6664,335.34,1.66796],"pipPosition":[-26.148,338.434,-40.8308],"stabilizedTipPosition":[-37.2628,315.443,-46.34],"timeVisible":195.926,"tipPosition":[-33.2213,337.222,-77.3781],"tipVelocity":[-74.5191,190.421,-220.613],"tool":false,"touchDistance":-0.478664,"touchZone":"hovering","type":1,"width":19.3428},{"bases":[[[0.70157,-0.664332,-0.257804],[0.712599,0.654938,0.251514],[0.00175716,-0.360166,0.932887]],[[0.701321,-0.655411,-0.280329],[0.456612,0.715022,-0.529385],[0.547407,0.243268,0.800729]],[[0.701321,-0.655411,-0.280329],[-0.521369,-0.20343,-0.828729],[0.486131,0.72736,-0.484381]],[[0.701321,-0.655411,-0.280329],[-0.707075,-0.68953,-0.15682],[-0.0905133,0.308195,-0.947007]]],"btipPosition":[-40.3135,286.07,-8.74356],"carpPosition":[-1.68282,299.142,63.3673],"dipPosition":[-42.0144,291.861,-26.5397],"direction":[-0.486131,-0.72736,0.484381],"extended":false,"handId":506,"id":5062,"length":67.0064,"mcpPosition":[-1.80541,324.27,-1.71832],"pipPosition":[-28.1906,312.545,-40.3138],"stabilizedTipPosition":[-28.8953,257.354,-10.8148],"timeVisible":195.926,"tipPosition":[-40.8444,287.264,-12.8548],"tipVelocity":[-67.3478,136.334,-255.801],"tool":false,"touchDistance":0.333333,"touchZone":"none","type":2,"width":18.9972},{"bases":[[[0.638453,-0.757561,-0.135934],[0.760594,0.593986,0.262063],[-0.117785,-0.270706,0.955429]],[[0.643584,-0.742936,-0.183975],[0.55867,0.620297,-0.550563],[0.523152,0.251552,0.814269]],[[0.643584,-0.742936,-0.183975],[-0.484238,-0.209097,-0.849584],[0.592717,0.635866,-0.494329]],[[0.643584,-0.742936,-0.183975],[-0.765208,-0.619538,-0.175015],[0.0160455,0.253416,-0.967224]]],"btipPosition":[-25.1815,275.274,-4.78694],"carpPosition":[7.53388,291.906,59.6768],"dipPosition":[-24.8817,280.009,-22.8586],"direction":[-0.592717,-0.635866,0.494329],"extended":false,"handId":506,"id":5063,"length":64.4285,"mcpPosition":[14.912,308.863,-0.171259],"pipPosition":[-8.46226,297.624,-36.5525],"stabilizedTipPosition":[-12.3191,247.728,-9.92489],"timeVisible":195.926,"tipPosition":[-25.3935,276.162,-9.11582],"tipVelocity":[-71.647,122.039,-244.478],"tool":false,"touchDistance":0.333333,"touchZone":"none","type":3,"width":18.077},{"bases":[[[0.486023,-0.871461,-0.0658593],[0.837224,0.442661,0.321103],[-0.250676,-0.211202,0.944751]],[[0.50779,-0.847237,-0.15601],[0.677442,0.504581,-0.53523],[0.532186,0.166097,0.830175]],[[0.50779,-0.847237,-0.15601],[-0.473427,-0.123145,-0.872182],[0.719733,0.516745,-0.463637]],[[0.50779,-0.847237,-0.15601],[-0.851956,-0.467018,-0.23678],[0.127749,0.253148,-0.958956]]],"btipPosition":[-8.23809,270.833,-2.21391],"carpPosition":[12.3232,278.93,56.3245],"dipPosition":[-6.0361,275.197,-18.7432],"direction":[-0.719733,-0.516745,0.463637],"extended":false,"handId":506,"id":5064,"length":50.5107,"mcpPosition":[26.8587,291.177,1.5429],"pipPosition":[8.04102,285.304,-27.8114],"stabilizedTipPosition":[5.75495,245.654,-7.41986],"timeVisible":195.926,"tipPosition":[-8.11272,271.539,-5.87918],"tipVelocity":[-68.7981,124.088,-268.497],"tool":false,"touchDistance":0.333333,"touchZone":"none","type":4,"width":16.0574}],"r":[[0.593891,-0.251043,0.764377],[0.518211,-0.607386,-0.602112],[0.615428,0.753697,-0.230628]],"s":0.969379,"t":