{"sensorType":"Leap","data":[[0,{"currentFrameRate":108.823,"devices":[],"gestures":[],"hands":[{"armBasis":[[0.719605,-0.48015,-0.501622],[0.629272,0.75635,0.178751],[0.293575,-0.444286,0.846418]],"armWidth":63.72,"confidence":0.628307,"direction":[0.178076,0.540567,-0.822239],"elbow":[63.426,148.072,297.676],"grabStrength":0.106429,"id":506,"palmNormal":[-0.606696,-0.597562,-0.524252],"palmPosition":[-14.7496,299.152,24.1664],"palmVelocity":[-51.6176,58.0713,-242.464],"palmWidth":90.99,"pinchStrength":1,"r":[[0.539058,-0.395967,0.743389],[0.497738,-0.562245,-0.660407],[0.679466,0.72601,-0.105995]],"s":0.980084,"sphereCenter":[-36.6722,273.942,-15.7365],"sphereRadius":43.9988,"stabilizedPalmPosition":[-17.4412,282.149,54.2726],"t":[0.149093,36.9476,20.4096],"timeVisible":211.337,"type":"right","wrist":[-15.8392,268.029,69.1432]}],"id":1820784,"interactionBox":{"center":[0,200,0],"size":[235.247,235.247,147.751]},"pointables":[{"bases":[[[0.889144,0.401656,0.219309],[-0.421673,0.532877,0.733644],[0.177808,-0.744792,0.643172]],[[0.820531,0.568587,0.0586237],[-0.556844,0.771979,0.306551],[0.129044,-0.284179,0.950047]],[[0.820531,0.568587,0.0586237],[-0.571441,0.818403,0.0605972],[-0.013523,-0.0832219,0.996439]],[[0.820531,0.568587,0.0586237],[-0.533865,0.798967,-0.276837],[-0.204245,0.195857,0.959127]]],"btipPosition":[-46.2874,289.047,-31.2344],"carpPosition":[-45.0869,276.608,72.6109],"dipPosition":[-51.0675,293.631,-8.78739],"direction":[0.013523,0.0832219,-0.996439],"extended":false,"handId":506,"id":5060,"length":52.1164,"mcpPosition":[-45.0869,276.608,72.6109],"pipPosition":[-51.5285,290.794,25.1868],"stabilizedTipPosition":[-43.0677,282.992,6.22999],"timeVisible":211.337,"tipPosition":[-47.9047,291.184,-26.0609],"tipVelocity":[-19.8699,28.2022,-247.828],"tool":false,"touchDistance":-0.510899,"touchZone":"touching","type":0,"width":20.25},{"bases":[[[0.793633,-0.493036,-0.356459],[0.606729,0.68475,0.40373],[0.0450319,-0.536687,0.842579]],[[0.788189,-0.584132,-0.193773],[0.588765,0.807365,-0.0389619],[0.179205,-0.0833777,0.980272]],[[0.788189,-0.584132,-0.193773],[0.569328,0.811627,-0.130871],[0.233718,-0.00716925,0.972278]],[[0.788189,-0.584132,-0.193773],[0.553189,0.81042,-0.192879],[0.269705,0.0448317,0.961899]]],"btipPosition":[-46.3392,331.774,-71.7615],"carpPosition":[-25.07,289.3,72.2766],"dipPosition":[-41.7311,332.54,-55.3268],"direction":[-0.233718,0.00716925,-0.972278],"extended":true,"handId":506,"id":5061,"length":58.8075,"mcpPosition":[-28.383,328.784,10.2884],"pipPosition":[-36.0821,332.366,-31.8265],"stabilizedTipPosition":[-44.4626,319.43,-38.2678],"timeVisible":211.337,"tipPosition":[-46.0222,331.009,-67.7851],"tipVelocity":[-22.2788,37.0689,-263.963],"tool":false,"touchDistance":-0.505215,"touchZone":"touching","type":1,"width":19.3428},{"bases":[[[0.677281,-0.670472,-0.302914],[0.733008,0.579589,0.356055],[-0.0631587,-0.463188,0.884007]],[[0.679013,-0.65462,-0.332285],[0.453459,0.729951,-0.511416],[0.577335,0.196581,0.79249]],[[0.679013,-0.65462,-0.332285],[-0.555867,-0.162798,-0.815174],[0.479534,0.73822,-0.474424]],[[0.679013,-0.65462,-0.332285],[-0.728165,-0.658122,-0.191444],[-0.0933608,0.371951,-0.923545]]],"btipPosition":[-49.6997,279.635,-0.90205],"carpPosition":[-14.3966,284.777,68.1255],"dipPosition":[-51.4542,286.625,-18.2573],"direction":[-0.479534,-0.73822,0.474424],"extended":false,"handId":506,"id":5062,"length":67.0064,"mcpPosition":[-9.99017,317.092,6.45014],"pipPosition":[-37.8179,307.617,-31.7482],"stabilizedTipPosition":[-50.8968,257.481,34.2873],"timeVisible":211.337,"tipPosition":[-50.2116,280.503,-3.61264],"tipVelocity":[-28.6429,43.1589,-259.43],"tool":false,"touchDistance":0.333333,"touchZone":"none","type":2,"width":18.9972},{"bases":[[[0.603408,-0.773098,-0.195497],[0.777137,0.515145,0.361502],[-0.178767,-0.370061,0.911645]],[[0.609568,-0.758981,-0.228856],[0.558139,0.615913,-0.555996],[0.562946,0.211184,0.799058]],[[0.609568,-0.758981,-0.228856],[-0.527572,-0.172923,-0.831725],[0.591689,0.62773,-0.505825]],[[0.609568,-0.758981,-0.228856],[-0.792526,-0.576847,-0.197863],[0.0181597,0.301985,-0.95314]]],"btipPosition":[-36.0897,268.195,3.03158],"carpPosition":[-5.40522,277.482,64.0178],"dipPosition":[-35.7504,273.838,-14.7769],"direction":[-0.591689,-0.62773,0.505825],"extended":false,"handId":506,"id":5063,"length":64.4285,"mcpPosition":[5.79272,300.663,6.91232],"pipPosition":[-19.3595,291.227,-28.7893],"stabilizedTipPosition":[-33.8558,246.764,30.8311],"timeVisible":211.337,"tipPosition":[-36.2381,269.024,0.224215],"tipVelocity":[-26.0854,43.43,-244.288],"tool":false,"touchDistance":0.333333,"touchZone":"none","type":3,"width":18.077},{"bases":[[[0.441906,-0.885151,-0.145695],[0.842661,0.353898,0.405806],[-0.307638,-0.3021,0.902272]],[[0.468988,-0.852659,-0.230267],[0.649443,0.509624,-0.564365],[0.59856,0.115135,0.792761]],[[0.468988,-0.852659,-0.230267],[-0.550268,-0.0781589,-0.831322],[0.690837,0.516589,-0.505846]],[[0.468988,-0.852659,-0.230267],[-0.878086,-0.422114,-0.225356],[0.0949526,0.307883,-0.946674]]],"btipPosition":[-19.6246,262.749,5.25182],"carpPosition":[-1.14981,264.713,59.3902],"dipPosition":[-17.9879,268.056,-11.0658],"direction":[-0.690837,-0.516589,0.505846],"extended":false,"handId":506,"id":5064,"length":50.5107,"mcpPosition":[16.6887,282.231,7.07182],"pipPosition":[-4.47596,278.16,-20.9596],"stabilizedTipPosition":[-16.8768,243.699,32.1873],"timeVisible":211.337,"tipPosition":[-19.4948,263.582,2.81166],"tipVelocity":[-22.2479,54.7293,-248.238],"tool":false,"touchDistance":0.333333,"touchZone":"none","type":4,"width":16.0574}],"r":[[0.539058,-0.395967,0.743389],[0.497738,-0.562245,-0.660407],[0.679466,0.72601,-0.105995]],"s":0.980084,"t":[0.149093,36.9476,20.4096],"timestamp":98025809963},false],[1,{"currentFrameRate":108.825,"devices":[],"gestures":[],"hands":[{"armBasis":[[0.723908,-0.47524,-0.500104],[0.622722,0.762122,0.177168],[0.296943,-0.439679,0.847648]],"armWidth":63.72,"confidence":0.631011,"direction":[0.175979,0.538857,-0.823811],"elbow":[63.8202,149.976,296.096],"grabStrength":0.0993142,"id":506,"palmNormal":[-0.600505,-0.604357,-0.523589],"palmPosition":[-15.3916,299.65,22.1388],"palmVelocity":[-56.7226,56.9755,-236.39],"palmWidth":90.99,"pinchStrength":1,"r":[[0.539213,-0.391857,0.745451],[0.501357,-0.561854,-0.657998],[0.676676,0.728538,-0.106499]],"s":0.980082,"sphereCenter":[-37.1075,274.212,-17.713],"sphereRadius":44.0089,"stabilizedPalmPosition":[-17.4379,282.178,54.2195],"t":[-0.463739,37.491,18.1591],"timeVisible":211.346,"type":"right","wrist":[-16.3544,268.689,67.2306]}],"id":1820785,"interactionBox":{"center":[0,200,0],"size":[235.247,235.247,147.751]},"pointables":[{"bases":[[[0.885324,0.409558,0.220146],[-0.427876,0.532268,0.730488],[0.182,-0.740914,0.646469]],[[0.816794,0.573763,0.0603581],[-0.562951,0.76974,0.300977],[0.126229,-0.279815,0.951719]],[[0.816794,0.573763,0.0603581],[-0.576751,0.814664,0.0606781],[-0.0143567,-0.084373,0.996331]],[[0.816794,0.573763,0.0603581],[-0.536074,0.793457,-0.288186],[-0.213242,0.203032,0.95567]]],"btipPosition":[-46.4997,289.14,-33.2564],"carpPosition":[-45.6788,277.048,70.5878],"dipPosition":[-51.4904,293.892,-10.8903],"direction":[0.0143567,0.084373,-0.996331],"extended":false,"handId":506,"id":5060,"length":52.1164,"mcpPosition":[-45.6788,277.048,70.5878],"pipPosition":[-51.9799,291.015,23.0802],"stabilizedTipPosition":[-43.0682,282.993,6.22643],"timeVisible":211.346,"tipPosition":[-48.2027,291.21,-28.1162],"tipVelocity":[-22.2497,24.3272,-240.653],"tool":false,"touchDistance":-0.518752,"touchZone":"touching","type":0,"width":20.25},{"bases":[[[0.79849,-0.488037,-0.352468],[0.600168,0.691087,0.402738],[0.0470351,-0.533122,0.84473]],[[0.793345,-0.578509,-0.189555],[0.583132,0.811568,-0.0362657],[0.174817,-0.0817642,0.9812]],[[0.793345,-0.578509,-0.189555],[0.563951,0.815664,-0.129041],[0.229265,-0.00452534,0.973354]],[[0.793345,-0.578509,-0.189555],[0.547937,0.814247,-0.191746],[0.265271,0.048257,0.962965]]],"btipPosition":[-46.8074,331.917,-74.0219],"carpPosition":[-25.7628,289.898,70.2585],"dipPosition":[-42.2751,332.741,-57.569],"direction":[-0.229265,0.00452534,-0.973354],"extended":true,"handId":506,"id":5061,"length":58.8075,"mcpPosition":[-29.2231,329.119,8.11202],"pipPosition":[-36.7337,332.632,-34.0427],"stabilizedTipPosition":[-44.4673,319.475,-38.3828],"timeVisible":211.346,"tipPosition":[-46.5015,331.147,-70.0449],"tipVelocity":[-30.8237,31.4822,-258.837],"tool":false,"touchDistance":-0.516871,"touchZone":"touching","type":1,"width":19.3428},{"bases":[[[0.683411,-0.666192,-0.298559],[0.727409,0.586757,0.355799],[-0.0618485,-0.460332,0.88559]],[[0.685091,-0.650502,-0.327868],[0.449035,0.731516,-0.51308],[0.5736,0.204282,0.793254]],[[0.685091,-0.650502,-0.327868],[-0.552792,-0.171125,-0.815559],[0.474416,0.739975,-0.476829]],[[0.685091,-0.650502,-0.327868],[-0.722257,-0.665168,-0.189464],[-0.0948405,0.366605,-0.92553]]],"btipPosition":[-50.0837,279.782,-2.91605],"carpPosition":[-15.0425,285.443,66.1531],"dipPosition":[-51.866,286.671,-20.3086],"direction":[-0.474416,-0.739975,0.476829],"extended":false,"handId":506,"id":5062,"length":67.0064,"mcpPosition":[-10.7275,317.56,4.36724],"pipPosition":[-38.3753,307.713,-33.8679],"stabilizedTipPosition":[-50.8965,257.502,34.2505],"timeVisible":211.346,"tipPosition":[-50.6077,280.647,-5.68421],"tipVelocity":[-32.514,34.8699,-248.465],"tool":false,"touchDistance":0.333333,"touchZone":"none","type":2,"width":18.9972},{"bases":[[[0.610068,-0.768996,-0.19095],[0.772035,0.522687,0.361608],[-0.178268,-0.368026,0.912567]],[[0.616296,-0.754727,-0.224871],[0.554843,0.618771,-0.556123],[0.558864,0.217968,0.8001]],[[0.616296,-0.754727,-0.224871],[-0.52448,-0.180356,-0.832101],[0.587453,0.630761,-0.506992]],[[0.616296,-0.754727,-0.224871],[-0.787337,-0.584438,-0.196295],[0.0167258,0.298025,-0.954412]]],"btipPosition":[-36.3715,268.478,1.06264],"carpPosition":[-5.98231,278.205,62.0971],"dipPosition":[-36.059,274.046,-16.7696],"direction":[-0.587452,-0.630761,0.506992],"extended":false,"handId":506,"id":5063,"length":64.4285,"mcpPosition":[5.18441,301.258,4.93389],"pipPosition":[-19.7854,291.52,-30.8143],"stabilizedTipPosition":[-33.8567,246.772,30.8186],"timeVisible":211.346,"tipPosition":[-36.5369,269.297,-1.79224],"tipVelocity":[-27.5558,39.3809,-236.088],"tool":false,"touchDistance":0.333333,"touchZone":"none","type":3,"width":18.077},{"bases":[[[0.44933,-0.882144,-0.141153],[0.838721,0.362136,0.406699],[-0.307651,-0.30113,0.902592]],[[0.476454,-0.84965,-0.226023],[0.646919,0.512886,-0.564308],[0.595388,0.122649,0.794021]],[[0.476454,-0.84965,-0.226023],[-0.547444,-0.0855376,-0.83246],[0.687966,0.520364,-0.50589]],[[0.476454,-0.84965,-0.226023],[-0.874079,-0.430055,-0.225919],[0.0947497,0.305202,-0.947562]]],"btipPosition":[-19.9151,263.14,3.34405],"carpPosition":[-1.61293,265.454,57.5294],"dipPosition":[-18.282,268.4,-12.9889],"direction":[-0.687966,-0.520364,0.50589],"extended":false,"handId":506,"id":5064,"length":50.5107,"mcpPosition":[16.2263,282.915,5.19246],"pipPosition":[-4.82618,278.578,-22.8835],"stabilizedTipPosition":[-16.8775,243.705,32.1784],"timeVisible":211.346,"tipPosition":[-19.7866,263.97,0.883514],"tipVelocity":[-24.8938,51.0013,-237.015],"tool":false,"touchDistance":0.333333,"touchZone":"none","type":4,"width":16.0574}],"r":[[0.539213,-0.391857,0.745451],[0.501357,-0.561854,-0.657998],[0.676676,0.728538,-0.106499]],"s":0.980082,"t":[-0.463739,37.491,18.1591],"timestamp":98025819149},false],[2,{"currentFrameRate":108.867,"devices":[],"gestures":[],"hands":[{"armBasis":[[0.729698,-0.467981,-0.498533],[0.614894,0.76801,0.179072],[0.299076,-0.437213,0.848173]],"armWidth":63.72,"confidence":0.624304,"direction":[0.172676,0.536537,-0.826021],"elbow":[64.0548,151.127,294.536],"grabStrength":0.0912842,"id":506,"palmNormal":[-0.593117,-0.612891,-0.522089],"palmPosition":[-15.9279,299.922,20.2879],"palmVelocity":[-57.3188,49.462,-227.173],"palmWidth":90.99,"pinchStrength":1,"r":[[0.539723,-0.386751,0.747745],[0.505696,-0.561165,-0.65526],[0.673031,0.731791,-0.107295]],"s":0.980409,"sphereCenter":[-37.4012,274.198,-19.4727],"sphereRadius":44.014,"stabilizedPalmPosition":[-17.4357,282.204,54.1704],"t":[-1.03831,37.8989,16.1084],"timeVisible":211.355,"type":"right","wrist":[-16.6958,269.175,65.5295]}],"id":1820786,"interactionBox":{"center":[0,200,0],"size":[235.247,235.247,147.751]},"pointables":[{"bases":[[[0.880632,0.41946,0.220318],[-0.435014,0.531546,0.726788],[0.187749,-0.735875,0.650568]],[[0.811792,0.580735,0.0611639],[-0.570584,0.766572,0.294622],[0.124211,-0.274071,0.953655]],[[0.811792,0.580735,0.0611639],[-0.583751,0.809766,0.0592681],[-0.0151094,-0.0838179,0.996367]],[[0.811792,0.580735,0.0611639],[-0.539771,0.786216,-0.300852],[-0.222803,0.211215,0.951707]]],"btipPosition":[-46.5813,288.852,-35.0767],"carpPosition":[-46.1105,277.257,68.7726],"dipPosition":[-51.7957,293.795,-12.8033],"direction":[0.0151094,0.0838179,-0.996367],"extended":false,"handId":506,"id":5060,"length":52.1164,"mcpPosition":[-46.1105,277.257,68.7726],"pipPosition":[-52.3108,290.938,21.1684],"stabilizedTipPosition":[-43.0685,282.993,6.2238],"timeVisible":211.355,"tipPosition":[-48.3756,290.878,-29.9736],"tipVelocity":[-20.1276,10.1443,-229.972],"tool":false,"touchDistance":-0.522834,"touchZone":"touching","type":0,"width":20.25},{"bases":[[[0.80421,-0.481759,-0.348073],[0.59222,0.699019,0.40081],[0.0502157,-0.528471,0.847465]],[[0.799575,-0.571396,-0.184896],[0.575855,0.816841,-0.0340768],[0.170502,-0.0792262,0.982167]],[[0.799575,-0.571396,-0.184896],[0.557056,0.820674,-0.127215],[0.224429,-0.00127964,0.97449]],[[0.799575,-0.571396,-0.184896],[0.541292,0.819022,-0.190281],[0.26016,0.0520618,0.964161]]],"btipPosition":[-47.212,331.728,-76.1417],"carpPosition":[-26.323,290.303,68.4293],"dipPosition":[-42.767,332.617,-59.6685],"direction":[-0.224429,0.00127965,-0.97449],"extended":true,"handId":506,"id":5061,"length":58.8075,"mcpPosition":[-30.0173,329.183,6.0816],"pipPosition":[-37.3425,332.586,-36.1147],"stabilizedTipPosition":[-44.4716,319.507,-38.4687],"timeVisible":211.355,"tipPosition":[-46.9246,330.939,-72.1602],"tipVelocity":[-35.2062,17.4453,-251.442],"tool":false,"touchDistance":-0.525244,"touchZone":"touching","type":1,"width":19.3428},{"bases":[[[0.690779,-0.660787,-0.293571],[0.720614,0.595736,0.354702],[-0.0594919,-0.456572,0.887695]],[[0.692371,-0.645297,-0.322823],[0.442929,0.733298,-0.515837],[0.569593,0.214163,0.793535]],[[0.692371,-0.645297,-0.322823],[-0.549523,-0.181644,-0.815494],[0.467597,0.742023,-0.48037]],[[0.692371,-0.645297,-0.322823],[-0.714957,-0.673863,-0.186399],[-0.0972558,0.359861,-0.927923]]],"btipPosition":[-50.3216,279.605,-4.71135],"carpPosition":[-15.5485,285.936,64.3725],"dipPosition":[-52.1492,286.367,-22.1489],"direction":[-0.467597,-0.742023,0.48037],"extended":false,"handId":506,"id":5062,"length":67.0064,"mcpPosition":[-11.3978,317.79,2.43982],"pipPosition":[-38.8525,307.468,-35.8089],"stabilizedTipPosition":[-50.8964,257.517,34.2235],"timeVisible":211.355,"tipPosition":[-50.8599,280.464,-7.54378],"tipVelocity":[-31.0555,18.912,-234.521],"tool":false,"touchDistance":0.333333,"touchZone":"none","type":2,"width":18.9972},{"bases":[[[0.618194,-0.76379,-0.185638],[0.765862,0.532145,0.360939],[-0.176895,-0.365303,0.913927]],[[0.624447,-0.749414,-0.220101],[0.550159,0.622044,-0.557124],[0.554429,0.226804,0.80073]],[[0.624447,-0.749414,-0.220101],[-0.521049,-0.189758,-0.832166],[0.581871,0.634326,-0.508976]],[[0.624447,-0.749414,-0.220101],[-0.780929,-0.593734,-0.193985],[0.0146936,0.293016,-0.955995]]],"btipPosition":[-36.4907,268.471,-0.688457],"carpPosition":[-6.40622,278.769,60.3748],"dipPosition":[-36.2162,273.946,-18.5503],"direction":[-0.581871,-0.634326,0.508976],"extended":false,"handId":506,"id":5063,"length":64.4285,"mcpPosition":[4.67448,301.652,3.12641],"pipPosition":[-20.0972,291.518,-32.6499],"stabilizedTipPosition":[-33.8574,246.779,30.8091],"timeVisible":211.355,"tipPosition":[-36.6729,269.276,-3.58951],"tipVelocity":[-23.8055,27.5985,-224.124],"tool":false,"touchDistance":0.333333,"touchZone":"none","type":3,"width":18.077},{"bases":[[[0.458468,-0.878293,-0.135682],[0.834033,0.372492,0.406987],[-0.306913,-0.299753,0.903301]],[[0.485534,-0.845868,-0.220824],[0.64316,0.516709,-0.565117],[0.592117,0.132358,0.794908]],[[0.485534,-0.845868,-0.220824],[-0.544563,-0.0950349,-0.833318],[0.683892,0.524857,-0.506771]],[[0.485534,-0.845868,-0.220824],[-0.869168,-0.439965,-0.225784],[0.0938284,0.301559,-0.948819]]],"btipPosition":[-20.032,263.277,1.66204],"carpPosition":[-1.89825,266.04,55.881],"dipPosition":[-18.4147,268.475,-14.6926],"direction":[-0.683892,-0.524857,0.506771],"extended":false,"handId":506,"id":5064,"length":50.5107,"mcpPosition":[15.8982,283.421,3.50291],"pipPosition":[-5.03858,278.741,-24.6044],"stabilizedTipPosition":[-16.8781,243.709,32.1714],"timeVisible":211.355,"tipPosition":[-19.9062,264.101,-0.816834],"tipVelocity":[-21.657,40.6046,-222.635],"tool":false,"touchDistance":0.333333,"touchZone":"none","type":4,"width":16.0574}],"r":[[0.539723,-0.386751,0.747745],[0.505696,-0.561165,-0.65526],[0.673031,0.731791,-0.107295]],"s":0.980409,"t":[-1.03831,37.8989,16.1084],"timestamp":98025828259},false],[3,{"currentFrameRate":108.897,"devices":[],"gestures":[],"hands":[{"armBasis":[[0.73267,-0.464748,-0.497197],[0.611123,0.770779,0.180077],[0.299539,-0.435786,0.848745]],"armWidth":63.72,"confidence":0.587026,"direction":[0.170115,0.53323,-0.82869],"elbow":[63.7516,152.026,293.342],"grabStrength":0.0840074,"id":506,"palmNormal":[-0.589766,-0.618617,-0.519124],"palmPosition":[-16.5033,300.209,18.7845],"palmVelocity":[-58.9044,44.4598,-209.809],"palmWidth":90.99,"pinchStrength":1,"r":[[0.540464,-0.381335,0.749988],[0.509781,-0.560723,-0.652467],[0.669344,0.734964,-0.108653]],"s":0.980756,"sphereCenter":[-37.9781,274.327,-20.8195],"sphereRadius":44.0032,"stabilizedPalmPosition":[-17.4344,282.227,54.124],"t":[-1.61328,38.2464,14.3313],"timeVisible":211.364,"type":"right","wrist":[-17.1239,269.689,64.1813]}],"id":1820787,"interactionBox":{"center":[0,200,0],"size":[235.247,235.247,147.751]},"pointables":[{"bases":[[[0.878372,0.425157,0.218415],[-0.437986,0.532955,0.723967],[0.191394,-0.731574,0.654345]],[[0.809616,0.583889,0.0599666],[-0.573916,0.766063,0.289425],[0.123054,-0.268739,0.95532]],[[0.809616,0.583889,0.0599666],[-0.586784,0.807639,0.058335],[-0.0143703,-0.0824164,0.996494]],[[0.809616,0.583889,0.0599666],[-0.539564,0.780565,-0.315576],[-0.231069,0.22314,0.947003]]],"btipPosition":[-46.826,288.636,-36.451],"carpPosition":[-46.5813,277.633,67.3757],"dipPosition":[-52.2339,293.858,-14.2877],"direction":[0.0143703,0.0824164,-0.996494],"extended":false,"handId":506,"id":5060,"length":52.1164,"mcpPosition":[-46.5813,277.633,67.3757],"pipPosition":[-52.7238,291.048,19.6884],"stabilizedTipPosition":[-43.0688,282.994,6.22182],"timeVisible":211.364,"tipPosition":[-48.7099,290.669,-31.3915],"tipVelocity":[-23.3387,2.69209,-208.667],"tool":false,"touchDistance":-0.519878,"touchZone":"touching","type":0,"width":20.25},{"bases":[[[0.806809,-0.479322,-0.345413],[0.588455,0.704121,0.397409],[0.0527258,-0.523893,0.850151]],[[0.802629,-0.568001,-0.182104],[0.572216,0.819408,-0.0337557],[0.168391,-0.0771095,0.9827]],[[0.802629,-0.568001,-0.182104],[0.553541,0.823027,-0.127355],[0.222214,0.00141679,0.974997]],[[0.802629,-0.568001,-0.182104],[0.537826,0.821173,-0.190835],[0.257933,0.0552294,0.964583]]],"btipPosition":[-47.7533,331.659,-77.8396],"carpPosition":[-26.8618,290.781,66.9713],"dipPosition":[-43.3463,332.602,-61.3591],"direction":[-0.222214,-0.00141679,-0.974997],"extended":true,"handId":506,"id":5061,"length":58.8075,"mcpPosition":[-30.7409,329.324,4.42608],"pipPosition":[-37.9753,332.636,-37.7931],"stabilizedTipPosition":[-44.4758,319.53,-38.5344],"timeVisible":211.364,"tipPosition":[-47.4671,330.861,-73.8571],"tipVelocity":[-42.1657,10.8654,-233.2],"tool":false,"touchDistance":-0.526496,"touchZone":"touching","type":1,"width":19.3428},{"bases":[[[0.694297,-0.65866,-0.290032],[0.717399,0.601276,0.35186],[-0.0573665,-0.452364,0.889986]],[[0.695815,-0.643335,-0.319316],[0.43937,0.732976,-0.519326],[0.568151,0.221057,0.792678]],[[0.695815,-0.643335,-0.319316],[-0.548303,-0.188646,-0.814725],[0.463903,0.741979,-0.484005]],[[0.695815,-0.643335,-0.319316],[-0.711378,-0.678552,-0.183052],[-0.0989085,0.354524,-0.929801]]],"btipPosition":[-50.7794,279.594,-6.12417],"carpPosition":[-16.0636,286.45,62.9396],"dipPosition":[-52.6381,286.256,-23.597],"direction":[-0.463903,-0.741979,0.484005],"extended":false,"handId":506,"id":5062,"length":67.0064,"mcpPosition":[-12.0612,318.01,0.847032],"pipPosition":[-39.4464,307.355,-37.3603],"stabilizedTipPosition":[-50.8965,257.528,34.2033],"timeVisible":211.364,"tipPosition":[-51.3215,280.442,-8.97553],"tipVelocity":[-36.5794,12.6195,-212.602],"tool":false,"touchDistance":0.333333,"touchZone":"none","type":2,"width":18.9972},{"bases":[[[0.622218,-0.76149,-0.181596],[0.762976,0.537955,0.358431],[-0.175251,-0.361576,0.915724]],[[0.628479,-0.747069,-0.216569],[0.54717,0.622517,-0.559533],[0.552828,0.233154,0.800013]],[[0.628479,-0.747069,-0.216569],[-0.520267,-0.196772,-0.831026],[0.578218,0.634956,-0.512342]],[[0.628479,-0.747069,-0.216569],[-0.777732,-0.599216,-0.18993],[0.0121186,0.2878,-0.957614]]],"btipPosition":[-36.8496,268.575,-2.03957],"carpPosition":[-6.88297,279.31,58.9807],"dipPosition":[-36.6232,273.952,-19.9316],"direction":[-0.578218,-0.634956,0.512342],"extended":false,"handId":506,"id":5063,"length":64.4285,"mcpPosition":[4.09475,301.959,1.61973],"pipPosition":[-20.6054,291.542,-34.1245],"stabilizedTipPosition":[-33.858,246.783,30.8019],"timeVisible":211.364,"tipPosition":[-37.0487,269.366,-4.98312],"tipVelocity":[-28.4525,22.4029,-203.181],"tool":false,"touchDistance":0.333333,"touchZone":"none","type":3,"width":18.077},{"bases":[[[0.463076,-0.876569,-0.131101],[0.831965,0.378895,0.405307],[-0.305606,-0.29676,0.904731]],[[0.490051,-0.844359,-0.216581],[0.640656,0.517356,-0.567364],[0.591109,0.139283,0.794475]],[[0.490051,-0.844359,-0.216581],[-0.543896,-0.102018,-0.832928],[0.681195,0.525975,-0.509238]],[[0.490051,-0.844359,-0.216581],[-0.8668,-0.44573,-0.223566],[0.0922334,0.297292,-0.950321]]],"btipPosition":[-20.4011,263.453,0.340305],"carpPosition":[-2.30745,266.582,54.5527],"dipPosition":[-18.8113,268.577,-16.0402],"direction":[-0.681195,-0.525975,0.509238],"extended":false,"handId":506,"id":5064,"length":50.5107,"mcpPosition":[15.4132,283.789,2.09172],"pipPosition":[-5.48796,278.864,-26.0003],"stabilizedTipPosition":[-16.8786,243.712,32.1657],"timeVisible":211.364,"tipPosition":[-20.2801,264.269,-2.15951],"tipVelocity":[-27.0688,34.1371,-201.18],"tool":false,"touchDistance":0.333333,"touchZone":"none","type":4,"width":16.0574}],"r":[[0.540464,-0.381335,0.749988],[0.509781,-0.560723,-0.652467],[0.669344,0.734964,-0.108653]],"s":0.980756,"t":[-1.61328,38.2464,14.3313],"timestamp":98025837388},false],[4,{"currentFrameRate":109.144,"devices":[],"gestures":[],"hands":[{"armBasis":[[0.737728,-0.461205,-0.492998],[0.60662,0.773336,0.184289],[0.296259,-0.435018,0.850288]],"armWidth":63.72,"confidence":0.59085,"direction":[0.16704,0.529585,-0.831647],"elbow":[62.2319,153.034,292.085],"grabStrength":0.0774707,"id":506,"palmNormal":[-0.585611,-0.625301,-0.515808],"palmPosition":[-17.3139,300.754,16.9375],"palmVelocity":[-68.0104,49.2801,-210.35],"palmWidth":90.99,"pinchStrength":1,"r":[[0.541456,-0.37545,0.752238],[0.513806,-0.560433,-0.649552],[0.665454,0.738208,-0.110542]],"s":0.980436,"sphereCenter":[-38.9257,274.833,-22.4383],"sphereRadius":43.9182,"stabilizedPalmPosition":[-17.4343,282.25,54.0782],"t":[-2.30608,38.6927,12.5193],"timeVisible":211.373,"type":"right","wrist":[-17.7579,270.489,62.5069]}],"id":1820788,"interactionBox":{"center":[0,200,0],"size":[235.247,235.247,147.751]},"pointables":[{"bases":[[[0.875561,0.431978,0.216306],[-0.441654,0.534259,0.72077],[0.195793,-0.72661,0.658561]],[[0.806818,0.587884,0.0586212],[-0.578313,0.765577,0.28186],[0.120822,-0.261311,0.957663]],[[0.806818,0.587884,0.0586212],[-0.590608,0.805103,0.0546963],[-0.0150411,-0.0787521,0.996781]],[[0.806818,0.587884,0.0586212],[-0.538317,0.772402,-0.337061],[-0.243432,0.240391,0.939656]]],"btipPosition":[-47.0877,288.367,-38.1358],"carpPosition":[-47.2665,278.263,65.6456],"dipPosition":[-52.7848,293.993,-16.1445],"direction":[0.0150411,0.0787521,-0.996781],"extended":false,"handId":506,"id":5060,"length":52.1164,"mcpPosition":[-47.2665,278.263,65.6456],"pipPosition":[-53.2977,291.307,17.8414],"stabilizedTipPosition":[-43.069,282.994,6.22033],"timeVisible":211.373,"tipPosition":[-49.1245,290.495,-33.1318],"tipVelocity":[-27.1614,-3.43349,-205.756],"tool":false,"touchDistance":-0.522089,"touchZone":"touching","type":0,"width":20.25},{"bases":[[[0.80998,-0.476127,-0.342396],[0.583803,0.710103,0.393609],[0.0557284,-0.518707,0.853134]],[[0.806316,-0.563834,-0.178732],[0.5676,0.822588,-0.0343416],[0.166386,-0.0737581,0.983298]],[[0.806316,-0.563834,-0.178732],[0.54901,0.82587,-0.128557],[0.220094,0.00553172,0.975463]],[[0.806316,-0.563834,-0.178732],[0.533319,0.823711,-0.192535],[0.255781,0.059923,0.964876]]],"btipPosition":[-48.5693,331.706,-79.8989],"carpPosition":[-27.6311,291.534,65.1735],"dipPosition":[-44.1991,332.73,-63.4134],"direction":[-0.220094,-0.00553172,-0.975463],"extended":true,"handId":506,"id":5061,"length":58.8075,"mcpPosition":[-31.731,329.695,2.40877],"pipPosition":[-38.8793,332.864,-39.8361],"stabilizedTipPosition":[-44.4801,319.547,-38.5866],"timeVisible":211.373,"tipPosition":[-48.2836,330.915,-75.9149],"tipVelocity":[-56.1691,9.99501,-233.963],"tool":false,"touchDistance":-0.533052,"touchZone":"touching","type":1,"width":19.3428},{"bases":[[[0.698591,-0.655861,-0.286037],[0.713417,0.607824,0.348691],[-0.0548327,-0.447656,0.892523]],[[0.700022,-0.640703,-0.315387],[0.434928,0.732794,-0.523307],[0.566398,0.229155,0.791632]],[[0.700022,-0.640703,-0.315387],[-0.546793,-0.19682,-0.813805],[0.459333,0.742133,-0.488111]],[[0.700022,-0.640703,-0.315387],[-0.70696,-0.684144,-0.179317],[-0.100881,0.348492,-0.931867]]],"btipPosition":[-51.445,279.783,-7.86448],"carpPosition":[-16.8039,287.249,61.1703],"dipPosition":[-53.3407,286.332,-25.3761],"direction":[-0.459333,-0.742133,0.488111],"extended":false,"handId":506,"id":5062,"length":67.0064,"mcpPosition":[-12.9783,318.481,-1.09927],"pipPosition":[-40.2789,307.435,-39.2562],"stabilizedTipPosition":[-50.8969,257.536,34.1876],"timeVisible":211.373,"tipPosition":[-51.9919,280.616,-10.7324],"tipVelocity":[-47.466,14.2487,-209.401],"tool":false,"touchDistance":0.333333,"touchZone":"none","type":2,"width":18.9972},{"bases":[[[0.627126,-0.758531,-0.177043],[0.759394,0.544833,0.355638],[-0.173303,-0.357475,0.917702]],[[0.633431,-0.743951,-0.212843],[0.545663,0.624478,-0.55882],[0.54865,0.237833,0.80151]],[[0.633431,-0.743951,-0.212843],[-0.517356,-0.202626,-0.831436],[0.57542,0.636773,-0.513237]],[[0.633431,-0.743951,-0.212843],[-0.773734,-0.605392,-0.186642],[0.00999861,0.282909,-0.959095]]],"btipPosition":[-37.3613,268.986,-3.90332],"carpPosition":[-7.57645,280.146,57.2553],"dipPosition":[-37.1745,274.272,-21.823],"direction":[-0.57542,-0.636773,0.513237],"extended":false,"handId":506,"id":5063,"length":64.4285,"mcpPosition":[3.27926,302.538,-0.22959],"pipPosition":[-21.2342,291.911,-36.0407],"stabilizedTipPosition":[-33.8585,246.787,30.7961],"timeVisible":211.373,"tipPosition":[-37.581,269.75,-6.85775],"tipVelocity":[-36.813,28.3552,-206.203],"tool":false,"touchDistance":0.333333,"touchZone":"none","type":3,"width":18.077},{"bases":[[[0.468701,-0.874332,-0.125951],[0.829376,0.386484,0.403442],[-0.304064,-0.293554,0.906295]],[[0.49558,-0.842325,-0.21187],[0.637744,0.518488,-0.569608],[0.589647,0.147168,0.79414]],[[0.49558,-0.842325,-0.21187],[-0.54296,-0.110047,-0.832517],[0.677934,0.527616,-0.511886]],[[0.49558,-0.842325,-0.21187],[-0.863863,-0.45267,-0.220974],[0.090225,0.292537,-0.951988]]],"btipPosition":[-20.9512,263.878,-1.30935],"carpPosition":[-2.91822,267.421,52.9014],"dipPosition":[-19.396,268.92,-17.7186],"direction":[-0.677934,-0.527616,0.511886],"extended":false,"handId":506,"id":5064,"length":50.5107,"mcpPosition":[14.713,284.443,0.349702],"pipPosition":[-6.13645,279.24,-27.7305],"stabilizedTipPosition":[-16.879,243.715,32.161],"timeVisible":211.373,"tipPosition":[-20.838,264.685,-3.83609],"tipVelocity":[-36.9403,37.4647,-198.182],"tool":false,"touchDistance":0.333333,"touchZone":"none","type":4,"width":16.0574}],"r":[[0.541456,-0.37545,0.752238],[0.513806,-0.560433,-0.649552],[0.665454,0.738208,-0.110542]],"s":0.980436,"t":[-2.30608,38.6927,12.5193],"timestamp":98025846107},false],[5,{"currentFrameRate":108.908,"devices":[],"gestures":[],"hands":[{"armBasis":[[0.739941,-0.468925,-0.482282],[0.608847,0.771703,0.183793],[0.285993,-0.429632,0.856519]],"armWidth":63.72,"confidence":0.598244,"direction":[0.168497,0.523464,-0.835221],"elbow":[58.6286,155.247,291.766],"grabStrength":0.0684312,"id":506,"palmNormal":[-0.58717,-0.627292,-0.511602],"palmPosition":[-18.0626,301.2,14.7314],"palmVelocity":[-70.8923,48.4438,-215.958],"palmWidth":90.99,"pinchStrength":1,"r":[[0.542011,-0.369982,0.754544],[0.51675,-0.561328,-0.646437],[0.662717,0.740286,-0.113058]],"s":0.979364,"sphereCenter":[-40.2323,275.572,-24.3375],"sphereRadius":43.7928,"stabilizedPalmPosition":[-17.4351,282.276,54.0255],"t":[-3.02681,39.1386,10.5102],"timeVisible":211.382,"type":"right","wrist":[-18.5896,271.247,60.5062]}],"id":1820789,"interactionBox":{"center":[0,200,0],"size":[235.247,235.247,147.751]},"pointables":[{"bases":[[[0.876651,0.431181,0.213462],[-0.440349,0.540305,0.717052],[0.193845,-0.722602,0.663529]],[[0.809645,0.58414,0.0570577],[-0.575588,0.771242,0.271817],[0.114774,-0.252917,0.960656]],[[0.809645,0.58414,0.0570577],[-0.586666,0.80832,0.0494076],[-0.01726,-0.0734765,0.997148]],[[0.809645,0.58414,0.0570577],[-0.528722,0.768113,-0.361185],[-0.254809,0.262264,0.930747]]],"btipPosition":[-47.2557,288.112,-40.1467],"carpPosition":[-48.0784,279.119,63.5881],"dipPosition":[-53.2192,294.25,-18.3639],"direction":[0.01726,0.0734765,-0.997148],"extended":false,"handId":506,"id":5060,"length":52.1164,"mcpPosition":[-48.0784,279.119,63.5881],"pipPosition":[-53.8077,291.744,15.6345],"stabilizedTipPosition":[-43.0692,282.994,6.21905],"timeVisible":211.382,"tipPosition":[-49.4548,290.376,-35.2027],"tipVelocity":[-26.2073,-6.57697,-208.25],"tool":false,"touchDistance":-0.529097,"touchZone":"touching","type":0,"width":20.25},{"bases":[[[0.808784,-0.480543,-0.339038],[0.585594,0.711262,0.388826],[0.0542969,-0.513015,0.856661]],[[0.804897,-0.567031,-0.174976],[0.570545,0.82054,-0.034531],[0.163155,-0.0720379,0.983967]],[[0.804897,-0.567031,-0.174976],[0.552111,0.823662,-0.129443],[0.21752,0.00758217,0.976027]],[[0.804897,-0.567031,-0.174976],[0.536434,0.821337,-0.194022],[0.253731,0.0623042,0.965266]]],"btipPosition":[-49.0055,331.925,-82.353],"carpPosition":[-28.4087,292.336,63.0279],"dipPosition":[-44.6704,332.99,-65.8608],"direction":[-0.21752,-0.00758217,-0.976027],"extended":true,"handId":506,"id":5061,"length":58.8075,"mcpPosition":[-32.4033,330.078,0.00369247],"pipPosition":[-39.4128,333.173,-42.2699],"stabilizedTipPosition":[-44.4842,319.562,-38.6334],"timeVisible":211.382,"tipPosition":[-48.7392,331.121,-78.3641],"tipVelocity":[-53.2939,13.9864,-240.164],"tool":false,"touchDistance":-0.544869,"touchZone":"touching","type":1,"width":19.3428},{"bases":[[[0.696924,-0.6596,-0.281467],[0.714948,0.608345,0.344624],[-0.0560846,-0.441411,0.895551]],[[0.698395,-0.644681,-0.310855],[0.437392,0.728236,-0.527599],[0.566509,0.232507,0.790575]],[[0.698395,-0.644681,-0.310855],[-0.546811,-0.200393,-0.81292],[0.461781,0.737719,-0.492473]],[[0.698395,-0.644681,-0.310855],[-0.708761,-0.683358,-0.175154],[-0.0995074,0.342649,-0.934179]]],"btipPosition":[-52.2467,280.168,-9.97219],"carpPosition":[-17.5922,287.995,59.0554],"dipPosition":[-54.1166,286.607,-27.5273],"direction":[-0.461781,-0.737719,0.492473],"extended":false,"handId":506,"id":5062,"length":67.0064,"mcpPosition":[-13.6793,318.792,-3.4254],"pipPosition":[-40.9852,307.585,-41.5314],"stabilizedTipPosition":[-50.8974,257.543,34.1726],"timeVisible":211.382,"tipPosition":[-52.7858,280.996,-12.8655],"tipVelocity":[-57.7296,20.9693,-212.614],"tool":false,"touchDistance":0.333333,"touchZone":"none","type":2,"width":18.9972},{"bases":[[[0.625183,-0.761339,-0.171785],[0.760761,0.545284,0.352006],[-0.174324,-0.350755,0.920099]],[[0.631688,-0.746617,-0.208649],[0.550939,0.621712,-0.556723],[0.545378,0.236722,0.804068]],[[0.631688,-0.746617,-0.208649],[-0.51496,-0.202945,-0.832844],[0.579471,0.633543,-0.512675]],[[0.631688,-0.746617,-0.208649],[-0.77514,-0.604379,-0.184075],[0.0113305,0.27801,-0.960511]]],"btipPosition":[-38.0945,269.492,-6.22205],"carpPosition":[-8.3827,280.842,55.1901],"dipPosition":[-37.8828,274.686,-24.1682],"direction":[-0.579471,-0.633543,0.512675],"extended":false,"handId":506,"id":5063,"length":64.4285,"mcpPosition":[2.53697,302.813,-2.44492],"pipPosition":[-21.8303,292.236,-38.3704],"stabilizedTipPosition":[-33.8591,246.79,30.7903],"timeVisible":211.382,"tipPosition":[-38.3185,270.23,-9.16405],"tipVelocity":[-48.1047,34.772,-216.599],"tool":false,"touchDistance":0.333333,"touchZone":"none","type":3,"width":18.077},{"bases":[[[0.466454,-0.876379,-0.119923],[0.830329,0.387085,0.400898],[-0.304918,-0.286576,0.908239]],[[0.493488,-0.844938,-0.206273],[0.639638,0.513272,-0.572202],[0.58935,0.150435,0.793748]],[[0.493488,-0.844938,-0.206273],[-0.542926,-0.113981,-0.832009],[0.679485,0.522578,-0.514987]],[[0.493488,-0.844938,-0.206273],[-0.865007,-0.452052,-0.217743],[0.0907333,0.285881,-0.95396]]],"btipPosition":[-21.769,264.225,-3.29129],"carpPosition":[-3.7569,268.076,50.9237],"dipPosition":[-20.205,269.153,-19.7345],"direction":[-0.679485,-0.522578,0.514987],"extended":false,"handId":506,"id":5064,"length":50.5107,"mcpPosition":[13.9239,284.693,-1.74074],"pipPosition":[-6.91509,279.374,-29.807],"stabilizedTipPosition":[-16.8796,243.718,32.1559],"timeVisible":211.382,"tipPosition":[-21.6564,265.019,-5.84885],"tipVelocity":[-50.86,36.3064,-200.785],"tool":false,"touchDistance":0.333333,"touchZone":"none","type":4,"width":16.0574}],"r":[[0.542011,-0.369982,0.754544],[0.51675,-0.561328,-0.646437],[0.662717,0.740286,-0.113058]],"s":0.979364,"t":[-3.02681,39.1386,10.5102],"timestamp":98025855712},false],[6,{"currentFrameRate":109.133,"devices":[],"gestures":[],"hands":[{"armBasis":[[0.739315,-0.471099,-0.481122],[0.610427,0.770512,0.183551],[0.28424,-0.429392,0.857222]],"armWidth":63.72,"confidence":0.60247,"direction":[0.16599,0.516994,-0.839741],"elbow":[57.8887,155.664,290.522],"grabStrength":0.058275,"id":506,"palmNormal":[-0.589374,-0.63072,-0.504808],"palmPosition":[-18.4654,301.204,13.0697],"palmVelocity":[-64.2061,35.5743,-208.903],"palmWidth":90.99,"pinchStrength":1,"r":[[0.542901,-0.36453,0.756555],[0.518581,-0.56308,-0.64344],[0.660555,0.741659,-0.116658]],"s":0.978287,"sphereCenter":[-41.1046,275.638,-25.6622],"sphereRadius":43.7472,"stabilizedPalmPosition":[-17.4363,282.297,53.9797],"t":[-3.58859,39.3637,8.67486],"timeVisible":211.391,"type":"right","wrist":[-18.856,271.6,59.0719]}],"id":1820790,"interactionBox":{"center":[0,200,0],"size":[235.247,235.247,147.751]},"pointables":[{"bases":[[[0.877687,0.432142,0.20717],[-0.437493,0.546048,0.714445],[0.195617,-0.717694,0.668318]],[[0.811116,0.582623,0.0513935],[-0.573538,0.77508,0.26515],[0.114648,-0.244544,0.962837]],[[0.811116,0.582623,0.0513935],[-0.584703,0.80992,0.0463972],[-0.0145925,-0.0676834,0.9976]],[[0.811116,0.582623,0.0513935],[-0.524089,0.763003,-0.378361],[-0.259655,0.27996,0.92423]]],"btipPosition":[-47.477,287.479,-41.5112],"carpPosition":[-48.3284,279.517,62.1954],"dipPosition":[-53.5539,294.032,-19.8809],"direction":[0.0145925,0.0676834,-0.9976],"extended":false,"handId":506,"id":5060,"length":52.1164,"mcpPosition":[-48.3284,279.517,62.1954],"pipPosition":[-54.0514,291.724,14.1329],"stabilizedTipPosition":[-43.0693,282.994,6.21806],"timeVisible":211.391,"tipPosition":[-49.7451,289.828,-36.6157],"tipVelocity":[-26.7517,-21.2625,-195.234],"tool":false,"touchDistance":-0.525514,"touchZone":"touching","type":0,"width":20.25},{"bases":[[[0.80727,-0.483694,-0.338164],[0.587435,0.713758,0.381406],[0.0568833,-0.506546,0.860334]],[[0.803903,-0.568863,-0.173596],[0.57195,0.819467,-0.0367048],[0.163136,-0.0697809,0.984133]],[[0.803903,-0.568863,-0.173596],[0.553495,0.822374,-0.131695],[0.217677,0.00978548,0.975972]],[[0.803903,-0.568863,-0.173596],[0.537754,0.819893,-0.196459],[0.254088,0.0645819,0.965023]]],"btipPosition":[-49.4476,331.638,-84.1855],"carpPosition":[-28.6514,292.714,61.4673],"dipPosition":[-45.1063,332.742,-67.6975],"direction":[-0.217677,-0.00978548,-0.975972],"extended":true,"handId":506,"id":5061,"length":58.8075,"mcpPosition":[-32.8363,329.98,-1.82714],"pipPosition":[-39.845,332.978,-44.1078],"stabilizedTipPosition":[-44.4876,319.572,-38.6685],"timeVisible":211.391,"tipPosition":[-49.2,330.806,-80.1871],"tipVelocity":[-52.4889,1.72252,-231.874],"tool":false,"touchDistance":-0.546217,"touchZone":"touching","type":1,"width":19.3428},{"bases":[[[0.695482,-0.662227,-0.278853],[0.716563,0.610414,0.33754],[-0.0533126,-0.434569,0.899059]],[[0.696869,-0.647436,-0.308545],[0.436677,0.724301,-0.533574],[0.568935,0.237097,0.787463]],[[0.696869,-0.647436,-0.308545],[-0.549642,-0.20575,-0.809667],[0.460725,0.733821,-0.499239]],[[0.696869,-0.647436,-0.308545],[-0.709765,-0.684343,-0.167058],[-0.102991,0.335412,-0.936425]]],"btipPosition":[-52.721,280.056,-11.3971],"carpPosition":[-17.8517,288.336,57.4906],"dipPosition":[-54.6564,286.359,-28.9944],"direction":[-0.460725,-0.733821,0.499239],"extended":false,"handId":506,"id":5062,"length":67.0064,"mcpPosition":[-14.1322,318.655,-5.23493],"pipPosition":[-41.555,307.226,-43.191],"stabilizedTipPosition":[-50.898,257.549,34.1605],"timeVisible":211.391,"tipPosition":[-53.2778,280.868,-14.32],"tipVelocity":[-57.2277,10.9689,-199.502],"tool":false,"touchDistance":0.333333,"touchZone":"none","type":2,"width":18.9972},{"bases":[[[0.624047,-0.763079,-0.168156],[0.762356,0.547377,0.345243],[-0.171403,-0.343642,0.923326]],[[0.630548,-0.748352,-0.20586],[0.552089,0.618879,-0.558736],[0.545534,0.238657,0.80339]],[[0.630548,-0.748352,-0.20586],[-0.515904,-0.205953,-0.83152],[0.579873,0.630517,-0.515941]],[[0.630548,-0.748352,-0.20586],[-0.776103,-0.604994,-0.177895],[0.00858456,0.27194,-0.962276]]],"btipPosition":[-38.5223,269.461,-7.81248],"carpPosition":[-8.66066,281.146,53.6481],"dipPosition":[-38.3619,274.542,-25.7916],"direction":[-0.579873,-0.630517,0.515941],"extended":false,"handId":506,"id":5063,"length":64.4285,"mcpPosition":[2.076,302.672,-4.18909],"pipPosition":[-22.2982,292.009,-40.0842],"stabilizedTipPosition":[-33.8596,246.792,30.7857],"timeVisible":211.391,"tipPosition":[-38.7582,270.177,-10.7594],"tipVelocity":[-48.659,23.7122,-207.421],"tool":false,"touchDistance":0.333333,"touchZone":"none","type":3,"width":18.077},{"bases":[[[0.465416,-0.877605,-0.114878],[0.831979,0.389502,0.395094],[-0.301991,-0.279459,0.91143]],[[0.492231,-0.846762,-0.201751],[0.639117,0.50892,-0.576654],[0.590964,0.154904,0.791686]],[[0.492231,-0.846762,-0.201751],[-0.54509,-0.119139,-0.829869],[0.678665,0.51846,-0.520205]],[[0.492231,-0.846762,-0.201751],[-0.866046,-0.453072,-0.211399],[0.0875967,0.278783,-0.956351]]],"btipPosition":[-22.2274,264.127,-4.72105],"carpPosition":[-4.05864,268.345,49.4627],"dipPosition":[-20.7175,268.932,-21.2055],"direction":[-0.678665,-0.51846,0.520205],"extended":false,"handId":506,"id":5064,"length":50.5107,"mcpPosition":[13.4524,284.55,-3.3867],"pipPosition":[-7.44364,279.072,-31.3801],"stabilizedTipPosition":[-16.8801,243.72,32.1516],"timeVisible":211.391,"tipPosition":[-22.126,264.903,-7.30772],"tipVelocity":[-51.6346,22.6753,-190.988],"tool":false,"touchDistance":