{"sensorType":"Leap","data":[[0,{"currentFrameRate":110.399,"devices":[],"gestures":[],"hands":[{"armBasis":[[0.781376,-0.372415,-0.500758],[0.548562,0.792463,0.266612],[0.297541,-0.483021,0.823504]],"armWidth":63.72,"confidence":0.652241,"direction":[0.0814404,0.474442,-0.876512],"elbow":[66.717,142.589,296.444],"grabStrength":0,"id":506,"palmNormal":[-0.542909,-0.716392,-0.438215],"palmPosition":[-17.9382,299.43,26.3916],"palmVelocity":[-53.2591,85.598,-191.67],"palmWidth":90.99,"pinchStrength":1,"r":[[0.619521,-0.235002,0.748978],[0.552417,-0.547359,-0.628676],[0.5577,0.803226,-0.209281]],"s":0.968268,"sphereCenter":[-55.8148,283.715,-6.64112],"sphereRadius":46.6587,"stabilizedPalmPosition":[-0.224467,285.297,30.9364],"t":[-3.17678,37.1001,21.9475],"timeVisible":197.996,"type":"right","wrist":[-13.6192,273.005,74.0976]}],"id":1819332,"interactionBox":{"center":[0,200,0],"size":[235.247,235.247,147.751]},"pointables":[{"bases":[[[0.837821,0.527491,0.140744],[-0.46166,0.546919,0.698391],[0.291419,-0.650103,0.701742]],[[0.793498,0.606554,0.0495294],[-0.607928,0.786283,0.110371],[0.0280019,-0.11769,0.992656]],[[0.793498,0.606554,0.0495294],[-0.590263,0.747257,0.305282],[0.148159,-0.271476,0.950973]],[[0.793498,0.606554,0.0495294],[-0.579988,0.778369,-0.240323],[-0.184321,0.16197,0.969428]]],"btipPosition":[-45.7249,289.568,-26.619],"carpPosition":[-43.5893,278.228,78.0441],"dipPosition":[-50.0387,293.359,-3.93089],"direction":[-0.148159,0.271476,-0.950973],"extended":true,"handId":506,"id":5060,"length":52.1164,"mcpPosition":[-43.5893,278.228,78.0441],"pipPosition":[-44.9871,284.103,28.4931],"stabilizedTipPosition":[-32.5975,272.877,-5.59875],"timeVisible":197.996,"tipPosition":[-46.3271,290.068,-21.4542],"tipVelocity":[-49.9293,97.5477,-195.564],"tool":false,"touchDistance":-0.181651,"touchZone":"hovering","type":0,"width":20.25},{"bases":[[[0.837642,-0.424633,-0.343575],[0.527994,0.790587,0.310153],[0.139925,-0.441203,0.886432]],[[0.848666,-0.50471,-0.158223],[0.515157,0.856538,0.0309221],[0.119918,-0.107752,0.986919]],[[0.848666,-0.50471,-0.158223],[0.499781,0.863111,-0.0725154],[0.173163,-0.0175357,0.984737]],[[0.848666,-0.50471,-0.158223],[0.485157,0.861943,-0.147232],[0.210689,0.0481877,0.976365]]],"btipPosition":[-48.5922,329.876,-72.4714],"carpPosition":[-25.3609,293.187,75.6267],"dipPosition":[-44.9925,330.699,-55.7896],"direction":[-0.173163,0.0175357,-0.984737],"extended":true,"handId":506,"id":5061,"length":58.8075,"mcpPosition":[-35.6551,325.646,10.4123],"pipPosition":[-40.8071,330.275,-31.9882],"stabilizedTipPosition":[-39.5488,310.734,-52.9448],"timeVisible":197.996,"tipPosition":[-48.0745,329.959,-68.5778],"tipVelocity":[-26.4171,91.2819,-197.614],"tool":false,"touchDistance":-0.173872,"touchZone":"hovering","type":1,"width":19.3428},{"bases":[[[0.746479,-0.608849,-0.268462],[0.66495,0.697537,0.266989],[0.0247063,-0.377815,0.925551]],[[0.745226,-0.595801,-0.29943],[0.40517,0.761241,-0.50631],[0.529599,0.255995,0.808698]],[[0.745226,-0.595801,-0.29943],[-0.509457,-0.219011,-0.832159],[0.430223,0.772693,-0.466747]],[[0.745226,-0.595801,-0.29943],[-0.655689,-0.736435,-0.166542],[-0.121285,0.320444,-0.939471]]],"btipPosition":[-51.5467,275.646,-1.17882],"carpPosition":[-14.3414,289.62,71.4474],"dipPosition":[-53.8259,281.668,-18.8334],"direction":[-0.430223,-0.772693,0.466747],"extended":false,"handId":506,"id":5062,"length":67.0064,"mcpPosition":[-16.0651,315.979,6.87358],"pipPosition":[-41.5919,303.64,-32.106],"stabilizedTipPosition":[-30.9822,261.036,-7.91327],"timeVisible":197.996,"tipPosition":[-52.1461,277.004,-5.36631],"tipVelocity":[-41.8413,83.2089,-163.885],"tool":false,"touchDistance":0.333333,"touchZone":"none","type":2,"width":18.9972},{"bases":[[[0.689714,-0.708651,-0.148691],[0.717032,0.639856,0.276495],[-0.100797,-0.297318,0.949443]],[[0.693996,-0.692366,-0.197481],[0.529698,0.676772,-0.511272],[0.487637,0.250216,0.836422]],[[0.693996,-0.692366,-0.197481],[-0.450448,-0.203566,-0.869286],[0.561664,0.692235,-0.453149]],[[0.693996,-0.692366,-0.197481],[-0.719852,-0.662116,-0.208363],[0.0135085,0.28676,-0.957907]]],"btipPosition":[-35.9225,266.025,1.25319],"carpPosition":[-4.6374,283.115,67.6466],"dipPosition":[-35.6701,271.383,-16.6443],"direction":[-0.561664,-0.692235,0.453149],"extended":false,"handId":506,"id":5063,"length":64.4285,"mcpPosition":[1.67655,301.739,8.17352],"pipPosition":[-20.1109,290.559,-29.1975],"stabilizedTipPosition":[-15.4093,250.993,-1.44677],"timeVisible":197.996,"tipPosition":[-35.9137,266.957,-1.98402],"tipVelocity":[-51.9073,89.1425,-195.607],"tool":false,"touchDistance":0.333333,"touchZone":"none","type":3,"width":18.077},{"bases":[[[0.545393,-0.834216,-0.0814311],[0.803838,0.493048,0.332789],[-0.237469,-0.246958,0.939479]],[[0.567125,-0.804021,-0.178658],[0.647733,0.56937,-0.50622],[0.508735,0.171367,0.843696]],[[0.567125,-0.804021,-0.178658],[-0.457813,-0.127411,-0.879871],[0.684672,0.580789,-0.440349]],[[0.567125,-0.804021,-0.178658],[-0.81669,-0.520852,-0.248456],[0.10671,0.286814,-0.952025]]],"btipPosition":[-18.4025,262.529,4.76855],"carpPosition":[1.04696,270.571,64.0543],"dipPosition":[-16.5632,267.472,-11.6413],"direction":[-0.684672,-0.580789,0.440349],"extended":false,"handId":506,"id":5064,"length":50.5107,"mcpPosition":[14.8166,284.891,9.57839],"pipPosition":[-3.17183,278.832,-20.254],"stabilizedTipPosition":[1.5658,248.083,2.34813],"timeVisible":197.996,"tipPosition":[-18.1073,263.336,1.92303],"tipVelocity":[-52.6302,89.0966,-199.283],"tool":false,"touchDistance":0.333333,"touchZone":"none","type":4,"width":16.0574}],"r":[[0.619521,-0.235002,0.748978],[0.552417,-0.547359,-0.628676],[0.5577,0.803226,-0.209281]],"s":0.968268,"t":[-3.17678,37.1001,21.9475],"timestamp":98012469316},false],[1,{"currentFrameRate":110.436,"devices":[],"gestures":[],"hands":[{"armBasis":[[0.779886,-0.375513,-0.500767],[0.55018,0.792757,0.262371],[0.298463,-0.480132,0.82486]],"armWidth":63.72,"confidence":0.659131,"direction":[0.0851637,0.472877,-0.877003],"elbow":[66.3635,143.679,295.163],"grabStrength":0,"id":506,"palmNormal":[-0.543941,-0.715397,-0.43856],"palmPosition":[-18.3358,299.681,24.6948],"palmVelocity":[-50.7835,69.7913,-190.874],"palmWidth":90.99,"pinchStrength":1,"r":[[0.617534,-0.236395,0.750179],[0.552727,-0.54814,-0.627723],[0.559593,0.802285,-0.207833]],"s":0.968919,"sphereCenter":[-56.2719,284.123,-8.39589],"sphereRadius":46.703,"stabilizedPalmPosition":[-0.281471,285.342,30.9167],"t":[-3.59878,37.5829,20.206],"timeVisible":198.005,"type":"right","wrist":[-14.2214,273.315,72.4513]}],"id":1819333,"interactionBox":{"center":[0,200,0],"size":[235.247,235.247,147.751]},"pointables":[{"bases":[[[0.839051,0.525156,0.142141],[-0.461813,0.549364,0.696368],[0.287614,-0.649931,0.703468]],[[0.79527,0.604122,0.0508102],[-0.605746,0.788373,0.10742],[0.0248372,-0.116206,0.992915]],[[0.79527,0.604122,0.0508102],[-0.588608,0.74933,0.303389],[0.145211,-0.271184,0.951511]],[[0.79527,0.604122,0.0508102],[-0.576445,0.779462,-0.245255],[-0.187769,0.165755,0.968126]]],"btipPosition":[-45.9821,289.802,-28.3521],"carpPosition":[-44.1857,278.635,76.3118],"dipPosition":[-50.3765,293.682,-5.69449],"direction":[-0.145211,0.271184,-0.951511],"extended":true,"handId":506,"id":5060,"length":52.1164,"mcpPosition":[-44.1857,278.635,76.3118],"pipPosition":[-45.4255,284.436,26.7479],"stabilizedTipPosition":[-32.7473,273.062,-5.78132],"timeVisible":198.005,"tipPosition":[-46.6236,290.336,-23.1977],"tipVelocity":[-44.6469,78.561,-195.021],"tool":false,"touchDistance":-0.210653,"touchZone":"hovering","type":0,"width":20.25},{"bases":[[[0.837239,-0.427688,-0.340755],[0.529585,0.789445,0.310349],[0.136275,-0.440295,0.887451]],[[0.847541,-0.507477,-0.155374],[0.517664,0.855017,0.0311509],[0.117039,-0.106833,0.987364]],[[0.847541,-0.507477,-0.155374],[0.502571,0.861502,-0.0723606],[0.170576,-0.0167577,0.985202]],[[0.847541,-0.507477,-0.155374],[0.488131,0.860279,-0.147135],[0.208333,0.0488607,0.976837]]],"btipPosition":[-48.642,330.087,-74.2919],"carpPosition":[-25.9056,293.534,73.9196],"dipPosition":[-45.0825,330.922,-57.6021],"direction":[-0.170576,0.0167577,-0.985202],"extended":true,"handId":506,"id":5061,"length":58.8075,"mcpPosition":[-35.9313,325.927,8.63017],"pipPosition":[-40.9596,330.517,-33.7894],"stabilizedTipPosition":[-39.6078,310.873,-53.0695],"timeVisible":198.005,"tipPosition":[-48.1278,330.17,-70.3985],"tipVelocity":[-20.9707,72.7719,-198.905],"tool":false,"touchDistance":-0.204183,"touchZone":"hovering","type":1,"width":19.3428},{"bases":[[[0.745322,-0.611514,-0.265605],[0.66637,0.695916,0.267681],[0.0211482,-0.3765,0.926175]],[[0.744196,-0.598566,-0.296464],[0.411795,0.760585,-0.501931],[0.525926,0.251453,0.812511]],[[0.744196,-0.598566,-0.296464],[-0.504602,-0.212975,-0.836671],[0.437664,0.772244,-0.460533]],[[0.744196,-0.598566,-0.296464],[-0.658248,-0.7326,-0.173228],[-0.113502,0.324062,-0.939202]]],"btipPosition":[-52.0241,276.026,-3.26094],"carpPosition":[-14.8861,289.928,69.7744],"dipPosition":[-54.157,282.116,-20.9104],"direction":[-0.437664,-0.772244,0.460533],"extended":false,"handId":506,"id":5062,"length":67.0064,"mcpPosition":[-16.3616,316.196,5.15703],"pipPosition":[-41.7114,304.076,-34.0063],"stabilizedTipPosition":[-31.0905,261.119,-7.91028],"timeVisible":198.005,"tipPosition":[-52.558,277.373,-7.31712],"tipVelocity":[-43.9035,72.4616,-182.432],"tool":false,"touchDistance":0.333333,"touchZone":"none","type":2,"width":18.9972},{"bases":[[[0.687942,-0.710963,-0.145834],[0.718251,0.638091,0.277409],[-0.104172,-0.295586,0.949619]],[[0.692397,-0.69478,-0.194594],[0.531533,0.67356,-0.513605],[0.487913,0.252185,0.835669]],[[0.692397,-0.69478,-0.194594],[-0.450383,-0.205485,-0.868868],[0.563686,0.689243,-0.455194]],[[0.692397,-0.69478,-0.194594],[-0.721341,-0.660626,-0.207944],[0.0159218,0.284349,-0.958589]]],"btipPosition":[-36.3793,266.23,-0.29282],"carpPosition":[-5.19212,283.388,66.0086],"dipPosition":[-36.0818,271.543,-18.2031],"direction":[-0.563686,-0.689243,0.455194],"extended":false,"handId":506,"id":5063,"length":64.4285,"mcpPosition":[1.33322,301.903,6.52449],"pipPosition":[-20.4665,290.636,-30.8129],"stabilizedTipPosition":[-15.4862,251.053,-1.45769],"timeVisible":198.005,"tipPosition":[-36.3489,267.196,-3.63794],"tipVelocity":[-51.2908,70.6152,-189.218],"tool":false,"touchDistance":0.333333,"touchZone":"none","type":3,"width":18.077},{"bases":[[[0.543065,-0.835988,-0.0787637],[0.804463,0.491104,0.334149],[-0.240663,-0.244827,0.939224]],[[0.564978,-0.806302,-0.175149],[0.65103,0.566036,-0.50573],[0.506912,0.171699,0.844725]],[[0.564978,-0.806302,-0.175149],[-0.455685,-0.127947,-0.880898],[0.68786,0.5775,-0.439706]],[[0.564978,-0.806302,-0.175149],[-0.817668,-0.518687,-0.249764],[0.110538,0.284325,-0.952334]]],"btipPosition":[-18.8647,262.751,3.1353],"carpPosition":[0.463427,270.822,62.4498],"dipPosition":[-16.9594,267.652,-13.2799],"direction":[-0.68786,-0.5775,0.439706],"extended":false,"handId":506,"id":5064,"length":50.5107,"mcpPosition":[14.4183,285.018,7.98876],"pipPosition":[-3.50567,278.947,-21.88],"stabilizedTipPosition":[1.50909,248.127,2.33965],"timeVisible":198.005,"tipPosition":[-18.5532,263.556,0.27122],"tipVelocity":[-51.834,71.1421,-194.496],"tool":false,"touchDistance":0.333333,"touchZone":"none","type":4,"width":16.0574}],"r":[[0.617534,-0.236395,0.750179],[0.552727,-0.54814,-0.627723],[0.559593,0.802285,-0.207833]],"s":0.968919,"t":[-3.59878,37.5829,20.206],"timestamp":98012478305},false],[2,{"currentFrameRate":110.47,"devices":[],"gestures":[],"hands":[{"armBasis":[[0.774244,-0.387339,-0.500514],[0.55855,0.790074,0.252597],[0.297602,-0.475134,0.828059]],"armWidth":63.72,"confidence":0.563358,"direction":[0.0908973,0.472324,-0.876726],"elbow":[65.3416,145.733,293.058],"grabStrength":0,"id":506,"palmNormal":[-0.551571,-0.709125,-0.439217],"palmPosition":[-18.8058,300.452,21.7357],"palmVelocity":[-51.1884,74.162,-228.788],"palmWidth":90.99,"pinchStrength":1,"r":[[0.615328,-0.238942,0.751184],[0.551828,-0.549927,-0.626951],[0.562901,0.800305,-0.206531]],"s":0.96938,"sphereCenter":[-57.0266,285.473,-11.3458],"sphereRadius":46.7594,"stabilizedPalmPosition":[-0.33079,285.382,30.8923],"t":[-4.04476,38.2098,17.8557],"timeVisible":198.014,"type":"right","wrist":[-15.0109,274.019,69.4817]}],"id":1819334,"interactionBox":{"center":[0,200,0],"size":[235.247,235.247,147.751]},"pointables":[{"bases":[[[0.844729,0.515771,0.142875],[-0.456107,0.554109,0.696369],[0.279999,-0.653409,0.703319]],[[0.802105,0.594917,0.0519803],[-0.596768,0.795258,0.106924],[0.0222733,-0.116785,0.992907]],[[0.802105,0.594917,0.0519803],[-0.580125,0.755581,0.304224],[0.141713,-0.274174,0.951181]],[[0.802105,0.594917,0.0519803],[-0.566742,0.785765,-0.247745],[-0.188232,0.169258,0.96743]]],"btipPosition":[-46.455,290.885,-31.3083],"carpPosition":[-44.9167,279.668,73.3277],"dipPosition":[-50.8603,294.846,-8.66697],"direction":[-0.141713,0.274174,-0.951181],"extended":true,"handId":506,"id":5060,"length":52.1164,"mcpPosition":[-44.9167,279.668,73.3277],"pipPosition":[-46.0286,285.498,23.7641],"stabilizedTipPosition":[-32.8741,273.224,-5.95628],"timeVisible":198.014,"tipPosition":[-47.1413,291.451,-26.1622],"tipVelocity":[-46.9037,90.6089,-231.823],"tool":false,"touchDistance":-0.259985,"touchZone":"hovering","type":0,"width":20.25},{"bases":[[[0.832652,-0.436764,-0.340483],[0.538109,0.783388,0.311033],[0.130882,-0.442199,0.887316]],[[0.841975,-0.516644,-0.155423],[0.527063,0.849209,0.0323964],[0.115249,-0.109195,0.987317]],[[0.841975,-0.516644,-0.155423],[0.512117,0.855972,-0.0710516],[0.169746,-0.0197711,0.985289]],[[0.841975,-0.516644,-0.155423],[0.497719,0.854995,-0.145804],[0.208215,0.045406,0.977029]]],"btipPosition":[-48.7122,331.292,-77.2518],"carpPosition":[-26.4716,294.366,70.9532],"dipPosition":[-45.1547,332.068,-60.5586],"direction":[-0.169746,0.0197711,-0.985289],"extended":true,"handId":506,"id":5061,"length":58.8075,"mcpPosition":[-36.1005,326.898,5.67369],"pipPosition":[-41.0519,331.59,-36.7438],"stabilizedTipPosition":[-39.6578,310.997,-53.1922],"timeVisible":198.014,"tipPosition":[-48.1915,331.349,-73.3602],"tipVelocity":[-17.3737,89.1555,-234.615],"tool":false,"touchDistance":-0.253501,"touchZone":"hovering","type":1,"width":19.3428},{"bases":[[[0.738663,-0.619597,-0.265474],[0.673875,0.688371,0.268398],[0.0164461,-0.377152,0.926005]],[[0.737698,-0.606623,-0.296327],[0.421782,0.756826,-0.499314],[0.527164,0.243358,0.814172]],[[0.737698,-0.606623,-0.296327],[-0.50493,-0.20438,-0.838615],[0.44816,0.768269,-0.457073]],[[0.737698,-0.606623,-0.296327],[-0.666531,-0.724233,-0.176703],[-0.107418,0.327865,-0.938598]]],"btipPosition":[-52.7726,277.215,-6.40072],"carpPosition":[-15.4903,290.64,66.8126],"dipPosition":[-54.7912,283.376,-24.0389],"direction":[-0.44816,-0.768269,0.457073],"extended":false,"handId":506,"id":5062,"length":67.0064,"mcpPosition":[-16.6377,316.953,2.20704],"pipPosition":[-42.0472,305.223,-37.0364],"stabilizedTipPosition":[-31.1876,261.196,-7.92145],"timeVisible":198.014,"tipPosition":[-53.2674,278.569,-10.3993],"tipVelocity":[-53.8946,89.3621,-228.096],"tool":false,"touchDistance":0.333333,"touchZone":"none","type":2,"width":18.9972},{"bases":[[[0.680116,-0.718463,-0.145784],[0.725108,0.629971,0.278128],[-0.107985,-0.294868,0.949417]],[[0.684776,-0.70232,-0.194497],[0.537896,0.667169,-0.515318],[0.49168,0.248259,0.834636]],[[0.684776,-0.70232,-0.194497],[-0.453516,-0.201778,-0.868107],[0.570443,0.682666,-0.456686]],[[0.684776,-0.70232,-0.194497],[-0.728512,-0.652838,-0.207543],[0.0187865,0.283813,-0.958696]]],"btipPosition":[-37.2244,267.159,-3.15014],"carpPosition":[-5.86702,283.995,63.0492],"dipPosition":[-36.8734,272.462,-21.0624],"direction":[-0.570443,-0.682666,0.456686],"extended":false,"handId":506,"id":5063,"length":64.4285,"mcpPosition":[0.897128,302.465,3.57771],"pipPosition":[-21.071,291.373,-33.7135],"stabilizedTipPosition":[-15.5565,251.11,-1.47655],"timeVisible":198.014,"tipPosition":[-37.1728,268.16,-6.58603],"tipVelocity":[-62.6279,79.5271,-224.495],"tool":false,"touchDistance":0.333333,"touchZone":"none","type":3,"width":18.077},{"bases":[[[0.533827,-0.841909,-0.0788571],[0.809655,0.482013,0.334846],[-0.2439,-0.242597,0.938967]],[[0.55563,-0.813276,-0.172794],[0.658111,0.557208,-0.506368],[0.508099,0.167636,0.844827]],[[0.55563,-0.813276,-0.172794],[-0.45628,-0.124531,-0.881079],[0.695042,0.568396,-0.440275]],[[0.55563,-0.813276,-0.172794],[-0.823409,-0.509457,-0.249903],[0.115209,0.281134,-0.952728]]],"btipPosition":[-19.7523,263.545,0.20211],"carpPosition":[-0.348825,271.368,59.4875],"dipPosition":[-17.7664,268.391,-16.2199],"direction":[-0.695042,-0.568396,0.440275],"extended":false,"handId":506,"id":5064,"length":50.5107,"mcpPosition":[13.7937,285.435,5.0413],"pipPosition":[-4.17224,279.508,-24.8311],"stabilizedTipPosition":[1.45716,248.169,2.32489],"timeVisible":198.014,"tipPosition":[-19.416,264.351,-2.70736],"tipVelocity":[-64.1275,75.4633,-230.673],"tool":false,"touchDistance":0.333333,"touchZone":"none","type":4,"width":16.0574}],"r":[[0.615328,-0.238942,0.751184],[0.551828,-0.549927,-0.626951],[0.562901,0.800305,-0.206531]],"s":0.96938,"t":[-4.04476,38.2098,17.8557],"timestamp":98012487298},false],[3,{"currentFrameRate":110.464,"devices":[],"gestures":[],"hands":[{"armBasis":[[0.780029,-0.382935,-0.494889],[0.552132,0.793364,0.256365],[0.294456,-0.473216,0.830278]],"armWidth":63.72,"confidence":0.569035,"direction":[0.0896787,0.471195,-0.877458],"elbow":[64.1725,146.745,291.828],"grabStrength":0,"id":506,"palmNormal":[-0.545177,-0.714076,-0.439178],"palmPosition":[-19.1969,300.82,19.8433],"palmVelocity":[-48.9709,64.8985,-223.267],"palmWidth":90.99,"pinchStrength":1,"r":[[0.613523,-0.239757,0.7524],[0.552239,-0.550797,-0.625823],[0.564465,0.799462,-0.205523]],"s":0.969703,"sphereCenter":[-57.3383,285.616,-13.2688],"sphereRadius":46.808,"stabilizedPalmPosition":[-0.372445,285.416,30.8679],"t":[-4.46333,38.7073,15.7344],"timeVisible":198.023,"type":"right","wrist":[-15.3308,274.514,67.6533]}],"id":1819335,"interactionBox":{"center":[0,200,0],"size":[235.247,235.247,147.751]},"pointables":[{"bases":[[[0.840523,0.522291,0.143991],[-0.461992,0.55214,0.69405],[0.282993,-0.649887,0.70538]],[[0.797796,0.60057,0.0532761],[-0.602605,0.791354,0.103084],[0.0197488,-0.114344,0.993245]],[[0.797796,0.60057,0.0532761],[-0.586192,0.751941,0.301601],[0.141072,-0.271846,0.951944]],[[0.797796,0.60057,0.0532761],[-0.570825,0.780811,-0.253954],[-0.194116,0.172192,0.965748]]],"btipPosition":[-46.5401,290.896,-33.229],"carpPosition":[-45.2873,279.949,71.4105],"dipPosition":[-51.0831,294.926,-10.627],"direction":[-0.141072,0.271846,-0.951944],"extended":true,"handId":506,"id":5060,"length":52.1164,"mcpPosition":[-45.2873,279.949,71.4105],"pipPosition":[-46.2731,285.657,21.8301],"stabilizedTipPosition":[-32.9719,273.347,-6.10309],"timeVisible":198.023,"tipPosition":[-47.3025,291.508,-28.0938],"tipVelocity":[-37.5054,66.3993,-226.602],"tool":false,"touchDistance":-0.291266,"touchZone":"hovering","type":0,"width":20.25},{"bases":[[[0.836735,-0.43129,-0.337437],[0.5315,0.787976,0.310807],[0.131844,-0.439411,0.888558]],[[0.846178,-0.510636,-0.152423],[0.520689,0.853126,0.0325317],[0.113424,-0.106893,0.98778]],[[0.846178,-0.510636,-0.152423],[0.505967,0.859627,-0.0709793],[0.167272,-0.01706,0.985763]],[[0.846178,-0.510636,-0.152423],[0.49177,0.858433,-0.14579],[0.205291,0.0484067,0.977503]]],"btipPosition":[-49.0684,331.283,-79.2824],"carpPosition":[-26.9451,294.778,69.0533],"dipPosition":[-45.5609,332.11,-62.5812],"direction":[-0.167272,0.01706,-0.985763],"extended":true,"handId":506,"id":5061,"length":58.8075,"mcpPosition":[-36.6448,327.105,3.68248],"pipPosition":[-41.5178,331.698,-38.7549],"stabilizedTipPosition":[-39.6972,311.091,-53.2943],"timeVisible":198.023,"tipPosition":[-48.5513,331.336,-75.3916],"tipVelocity":[-23.7798,64.6194,-231.643],"tool":false,"touchDistance":-0.286916,"touchZone":"hovering","type":1,"width":19.3428},{"bases":[[[0.743905,-0.61466,-0.262295],[0.668074,0.693879,0.268718],[0.0168307,-0.375133,0.926818]],[[0.742922,-0.601738,-0.29322],[0.417914,0.759147,-0.499043],[0.52289,0.248209,0.815462]],[[0.742922,-0.601738,-0.29322],[-0.500731,-0.208882,-0.840022],[0.444225,0.770895,-0.456492]],[[0.742922,-0.601738,-0.29322],[-0.660806,-0.729178,-0.177864],[-0.106782,0.325901,-0.939354]]],"btipPosition":[-52.9292,277.287,-8.38579],"carpPosition":[-15.9259,291.125,64.9487],"dipPosition":[-54.9358,283.412,-26.0381],"direction":[-0.444225,-0.770895,0.456492],"extended":false,"handId":506,"id":5062,"length":67.0064,"mcpPosition":[-17.1002,317.297,0.286462],"pipPosition":[-42.3037,305.333,-39.0191],"stabilizedTipPosition":[-31.2656,261.257,-7.93735],"timeVisible":198.023,"tipPosition":[-53.4164,278.629,-12.3695],"tipVelocity":[-43.6956,66.6234,-225.692],"tool":false,"touchDistance":0.333333,"touchZone":"none","type":2,"width":18.9972},{"bases":[[[0.68578,-0.713712,-0.142553],[0.719711,0.635879,0.278699],[-0.108265,-0.293723,0.94974]],[[0.690444,-0.697645,-0.191255],[0.533162,0.669463,-0.517261],[0.488902,0.25517,0.834184]],[[0.690444,-0.697645,-0.191255],[-0.450913,-0.208324,-0.867916],[0.565654,0.685487,-0.458413]],[[0.690444,-0.697645,-0.191255],[-0.72315,-0.658903,-0.207127],[0.0184825,0.281316,-0.959437]]],"btipPosition":[-37.3215,267.296,-4.9138],"carpPosition":[-6.24413,284.543,61.2238],"dipPosition":[-36.9762,272.552,-22.8399],"direction":[-0.565654,-0.685487,0.458413],"extended":false,"handId":506,"id":5063,"length":64.4285,"mcpPosition":[0.537566,302.942,1.73211],"pipPosition":[-21.3064,291.541,-35.5389],"stabilizedTipPosition":[-15.6139,251.156,-1.49656],"timeVisible":198.023,"tipPosition":[-37.2617,268.317,-8.42711],"tipVelocity":[-48.3284,61.3929,-216.335],"tool":false,"touchDistance":0.333333,"touchZone":"none","type":3,"width":18.077},{"bases":[[[0.540233,-0.838099,-0.0757493],[0.805202,0.488665,0.33594],[-0.244535,-0.242479,0.938833]],[[0.561691,-0.810142,-0.167849],[0.655873,0.559681,-0.506545],[0.504315,0.174434,0.845718]],[[0.561691,-0.810142,-0.167849],[-0.452715,-0.131151,-0.881957],[0.692497,0.571376,-0.44043]],[[0.561691,-0.810142,-0.167849],[-0.819123,-0.51601,-0.250543],[0.116364,0.278217,-0.953444]]],"btipPosition":[-19.8265,263.872,-1.59135],"carpPosition":[-0.623606,271.951,57.7024],"dipPosition":[-17.8208,268.668,-18.0257],"direction":[-0.692497,-0.571376,0.44043],"extended":false,"handId":506,"id":5064,"length":50.5107,"mcpPosition":[13.5558,286.011,3.26396],"pipPosition":[-4.2764,279.843,-26.6399],"stabilizedTipPosition":[1.41407,248.203,2.30896],"timeVisible":198.023,"tipPosition":[-19.4798,264.674,-4.53266],"tipVelocity":[-48.539,64.2381,-221.704],"tool":false,"touchDistance":0.333333,"touchZone":"none","type":4,"width":16.0574}],"r":[[0.613523,-0.239757,0.7524],[0.552239,-0.550797,-0.625823],[0.564465,0.799462,-0.205523]],"s":0.969703,"t":[-4.46333,38.7073,15.7344],"timestamp":98012496361},false],[4,{"currentFrameRate":110.494,"devices":[],"gestures":[],"hands":[{"armBasis":[[0.785696,-0.381477,-0.486988],[0.545998,0.797707,0.256026],[0.290806,-0.467053,0.835041]],"armWidth":63.72,"confidence":0.574104,"direction":[0.0882214,0.473726,-0.876242],"elbow":[63.0671,148.441,290.725],"grabStrength":0,"id":506,"palmNormal":[-0.539288,-0.716883,-0.441868],"palmPosition":[-19.4003,300.929,17.5031],"palmVelocity":[-41.734,50.3968,-233.381],"palmWidth":90.99,"pinchStrength":1,"r":[[0.612096,-0.239885,0.753521],[0.553593,-0.550453,-0.624929],[0.564689,0.799661,-0.204131]],"s":0.970244,"sphereCenter":[-57.443,285.653,-15.6883],"sphereRadius":46.8424,"stabilizedPalmPosition":[-0.404572,285.442,30.8453],"t":[-4.77431,39.0104,13.5037],"timeVisible":198.032,"type":"right","wrist":[-15.4506,274.545,65.2637]}],"id":1819336,"interactionBox":{"center":[0,200,0],"size":[235.247,235.247,147.751]},"pointables":[{"bases":[[[0.836572,0.527801,0.146882],[-0.467257,0.547397,0.694282],[0.28604,-0.649448,0.704556]],[[0.793625,0.605778,0.056499],[-0.608139,0.787091,0.103225],[0.0180614,-0.116281,0.993052]],[[0.793625,0.605778,0.056499],[-0.591844,0.747162,0.302439],[0.140997,-0.273462,0.951493]],[[0.793625,0.605778,0.056499],[-0.575229,0.777352,-0.254626],[-0.198167,0.169578,0.965388]]],"btipPosition":[-46.5231,290.924,-35.6359],"carpPosition":[-45.452,279.764,68.9701],"dipPosition":[-51.1609,294.893,-13.0424],"direction":[-0.140997,0.273462,-0.951493],"extended":true,"handId":506,"id":5060,"length":52.1164,"mcpPosition":[-45.452,279.764,68.9701],"pipPosition":[-46.3535,285.569,19.3994],"stabilizedTipPosition":[-33.0418,273.436,-6.21951],"timeVisible":198.032,"tipPosition":[-47.3271,291.534,-30.5046],"tipVelocity":[-27.3574,48.5971,-237.895],"tool":false,"touchDistance":-0.326606,"touchZone":"hovering","type":0,"width":20.25},{"bases":[[[0.840411,-0.424728,-0.336624],[0.525364,0.790967,0.31363],[0.133051,-0.440428,0.887874]],[[0.850034,-0.504296,-0.152077],[0.514782,0.856518,0.0371112],[0.111541,-0.109832,0.987672]],[[0.850034,-0.504296,-0.152077],[0.500342,0.863301,-0.0660941],[0.164619,-0.019908,0.986156]],[[0.850034,-0.504296,-0.152077],[0.486403,0.862322,-0.14076],[0.202124,0.0456802,0.978294]]],"btipPosition":[-49.2214,331.547,-81.6203],"carpPosition":[-27.2084,294.725,66.6835],"dipPosition":[-45.7679,332.327,-64.9055],"direction":[-0.164619,0.019908,-0.986156],"extended":true,"handId":506,"id":5061,"length":58.8075,"mcpPosition":[-36.997,327.127,1.36299],"pipPosition":[-41.789,331.846,-41.0698],"stabilizedTipPosition":[-39.7265,311.16,-53.3764],"timeVisible":198.032,"tipPosition":[-48.7201,331.542,-77.7287],"tipVelocity":[-22.2994,54.6015,-239.291],"tool":false,"touchDistance":-0.321579,"touchZone":"hovering","type":1,"width":19.3428},{"bases":[[[0.748702,-0.608902,-0.262075],[0.662675,0.697913,0.271621],[0.0175151,-0.377034,0.926034]],[[0.74769,-0.595887,-0.293049],[0.413129,0.762923,-0.497266],[0.519888,0.250734,0.816608]],[[0.74769,-0.595887,-0.293049],[-0.498234,-0.211661,-0.84081],[0.439001,0.774673,-0.455149]],[[0.74769,-0.595887,-0.293049],[-0.655183,-0.733854,-0.179425],[-0.108138,0.326155,-0.939111]]],"btipPosition":[-52.8879,277.219,-10.7838],"carpPosition":[-16.1556,291.158,62.594],"dipPosition":[-54.92,283.348,-28.4315],"direction":[-0.439001,-0.774673,0.455149],"extended":false,"handId":506,"id":5062,"length":67.0064,"mcpPosition":[-17.3776,317.463,-2.01349],"pipPosition":[-42.4364,305.377,-41.3743],"stabilizedTipPosition":[-31.3221,261.302,-7.95502],"timeVisible":198.032,"tipPosition":[-53.3861,278.568,-14.7936],"tipVelocity":[-30.6188,46.283,-236.87],"tool":false,"touchDistance":0.333333,"touchZone":"none","type":2,"width":18.9972},{"bases":[[[0.691019,-0.708617,-0.142671],[0.714694,0.640252,0.281585],[-0.10819,-0.296546,0.94887]],[[0.69567,-0.692421,-0.191302],[0.528629,0.673762,-0.51633],[0.48641,0.258068,0.83475]],[[0.69567,-0.692421,-0.191302],[-0.448608,-0.210758,-0.868523],[0.561065,0.690025,-0.457243]],[[0.69567,-0.692421,-0.191302],[-0.718137,-0.663689,-0.209276],[0.0179416,0.282968,-0.958962]]],"btipPosition":[-37.2539,267.295,-7.27467],"carpPosition":[-6.42057,284.652,58.8751],"dipPosition":[-36.9187,272.582,-25.1919],"direction":[-0.561065,-0.690025,0.457243],"extended":false,"handId":506,"id":5063,"length":64.4285,"mcpPosition":[0.356475,303.227,-0.562191],"pipPosition":[-21.3761,291.697,-37.8585],"stabilizedTipPosition":[-15.6559,251.19,-1.51585],"timeVisible":198.032,"tipPosition":[-37.1888,268.347,-10.8481],"tipVelocity":[-33.0725,44.7326,-228.919],"tool":false,"touchDistance":0.333333,"touchZone":"none","type":3,"width":18.077},{"bases":[[[0.546202,-0.834158,-0.0764421],[0.801087,0.493511,0.338683],[-0.24479,-0.246226,0.93779]],[[0.567392,-0.806306,-0.167147],[0.65351,0.564419,-0.504338],[0.500991,0.176925,0.847175]],[[0.567392,-0.806306,-0.167147],[-0.449605,-0.133292,-0.883226],[0.689871,0.576285,-0.438148]],[[0.567392,-0.806306,-0.167147],[-0.815089,-0.521092,-0.253165],[0.11703,0.279883,-0.952874]]],"btipPosition":[-19.7361,264.032,-4.00124],"carpPosition":[-0.70536,272.106,55.338],"dipPosition":[-17.7188,268.856,-20.4257],"direction":[-0.689871,-0.576285,0.438148],"extended":false,"handId":506,"id":5064,"length":50.5107,"mcpPosition":[13.4889,286.384,0.960044],"pipPosition":[-4.22579,280.128,-28.9954],"stabilizedTipPosition":[1.38186,248.23,2.29325],"timeVisible":198.032,"tipPosition":[-19.3826,264.842,-6.95893],"tipVelocity":[-32.3734,51.6871,-234.304],"tool":false,"touchDistance":0.333333,"touchZone":"none","type":4,"width":16.0574}],"r":[[0.612096,-0.239885,0.753521],[0.553593,-0.550453,-0.624929],[0.564689,0.799661,-0.204131]],"s":0.970244,"t":[-4.77431,39.0104,13.5037],"timestamp":98012505358},false],[5,{"currentFrameRate":110.447,"devices":[],"gestures":[],"hands":[{"armBasis":[[0.785739,-0.385628,-0.483637],[0.547515,0.797409,0.253706],[0.287821,-0.464145,0.837692]],"armWidth":63.72,"confidence":0.568643,"direction":[0.087899,0.474093,-0.876076],"elbow":[62.3372,149.352,289.446],"grabStrength":0,"id":506,"palmNormal":[-0.540957,-0.715776,-0.441622],"palmPosition":[-19.3407,301.088,15.5281],"palmVelocity":[-28.3124,41.2435,-228.59],"palmWidth":90.99,"pinchStrength":1,"r":[[0.611061,-0.240266,0.754239],[0.554349,-0.55028,-0.624411],[0.565068,0.799665,-0.203063]],"s":0.971152,"sphereCenter":[-57.5014,286.048,-17.5797],"sphereRadius":46.8675,"stabilizedPalmPosition":[-0.428357,285.462,30.8261],"t":[-4.9,39.2418,11.4008],"timeVisible":198.041,"type":"right","wrist":[-15.3743,274.671,63.2687]}],"id":1819337,"interactionBox":{"center":[0,200,0],"size":[235.247,235.247,147.751]},"pointables":[{"bases":[[[0.837582,0.526396,0.146164],[-0.465545,0.547731,0.695167],[0.285875,-0.650306,0.703831]],[[0.794701,0.604414,0.0559766],[-0.606709,0.788076,0.104123],[0.0188194,-0.116708,0.992988]],[[0.794701,0.604414,0.0559766],[-0.590379,0.748213,0.302704],[0.141076,-0.273607,0.951439]],[[0.794701,0.604414,0.0559766],[-0.573157,0.777558,-0.258641],[-0.199851,0.173459,0.96435]]],"btipPosition":[-46.4351,291.03,-37.562],"carpPosition":[-45.3628,279.935,67.0147],"dipPosition":[-51.1123,295.09,-14.9927],"direction":[-0.141076,0.273607,-0.951439],"extended":true,"handId":506,"id":5060,"length":52.1164,"mcpPosition":[-45.3628,279.935,67.0147],"pipPosition":[-46.3023,285.761,17.4472],"stabilizedTipPosition":[-33.0913,273.499,-6.30894],"timeVisible":198.041,"tipPosition":[-47.2978,291.717,-32.4368],"tipVelocity":[-17.3465,38.9599,-230.53],"tool":false,"touchDistance":-0.351254,"touchZone":"hovering","type":0,"width":20.25},{"bases":[[[0.839328,-0.425858,-0.337896],[0.526993,0.789956,0.313444],[0.13344,-0.441151,0.887457]],[[0.849078,-0.505298,-0.15408],[0.51636,0.855431,0.0401251],[0.11153,-0.11363,0.987243]],[[0.849078,-0.505298,-0.15408],[0.502047,0.862597,-0.0622487],[0.164363,-0.0245015,0.986096]],[[0.849078,-0.505298,-0.15408],[0.488225,0.861989,-0.136423],[0.20175,0.0406081,0.978595]]],"btipPosition":[-49.127,332.104,-83.5439],"carpPosition":[-27.0985,294.869,64.7145],"dipPosition":[-45.68,332.798,-66.824],"direction":[-0.164363,0.0245015,-0.986095],"extended":true,"handId":506,"id":5061,"length":58.8075,"mcpPosition":[-36.9157,327.324,-0.57537],"pipPosition":[-41.7073,332.206,-42.9897],"stabilizedTipPosition":[-39.7481,311.213,-53.4424],"timeVisible":198.041,"tipPosition":[-48.6419,331.993,-79.6517],"tipVelocity":[-13.2712,55.7841,-231.256],"tool":false,"touchDistance":-0.346591,"touchZone":"hovering","type":1,"width":19.3428},{"bases":[[[0.74742,-0.60993,-0.263341],[0.664107,0.69671,0.271214],[0.0180506,-0.377597,0.925794]],[[0.746383,-0.596821,-0.294477],[0.411096,0.761426,-0.501229],[0.523367,0.25305,0.813666]],[[0.746383,-0.596821,-0.294477],[-0.502592,-0.215432,-0.837252],[0.43625,0.772912,-0.460752]],[[0.746383,-0.596821,-0.294477],[-0.655907,-0.734596,-0.173648],[-0.112685,0.322758,-0.93975]]],"btipPosition":[-52.83,277.389,-12.4385],"carpPosition":[-16.0563,291.286,60.6094],"dipPosition":[-54.9475,283.454,-30.0983],"direction":[-0.43625,-0.772912,0.460752],"extended":false,"handId":506,"id":5062,"length":67.0064,"mcpPosition":[-17.3157,317.63,-3.98139],"pipPosition":[-42.5422,305.433,-43.2004],"stabilizedTipPosition":[-31.363,261.334,-7.97089],"timeVisible":198.041,"tipPosition":[-53.3625,278.759,-16.5614],"tipVelocity":[-20.9396,38.1414,-221.445],"tool":false,"touchDistance":0.333333,"touchZone":"none","type":2,"width":18.9972},{"bases":[[[0.689726,-0.709623,-0.143923],[0.716046,0.638961,0.281081],[-0.1075,-0.296924,0.948831]],[[0.694341,-0.693414,-0.192529],[0.528245,0.672777,-0.518005],[0.48872,0.25797,0.833429]],[[0.694341,-0.693414,-0.192529],[-0.450827,-0.21059,-0.867414],[0.560932,0.689079,-0.458831]],[[0.694341,-0.693414,-0.192529],[-0.719452,-0.662636,-0.208093],[0.0167185,0.283003,-0.958973]]],"btipPosition":[-37.2895,267.464,-9.16925],"carpPosition":[-6.33616,284.767,56.8748],"dipPosition":[-36.9772,272.751,-27.0867],"direction":[-0.560932,-0.689079,0.458831],"extended":false,"handId":506,"id":5063,"length":64.4285,"mcpPosition":[0.397624,303.366,-2.55996],"pipPosition":[-21.4382,291.84,-39.7972],"stabilizedTipPosition":[-15.6867,251.215,-1.53264],"timeVisible":198.041,"tipPosition":[-37.223,268.537,-12.7956],"tipVelocity":[-25.1173,37.4404,-222.923],"tool":false,"touchDistance":0.333333,"touchZone":"none","type":3,"width":18.077},{"bases":[[[0.544792,-0.834974,-0.0775902],[0.802278,0.492051,0.337989],[-0.244034,-0.246382,0.937946]],[[0.565494,-0.80782,-0.166263],[0.654416,0.562181,-0.505661],[0.501953,0.177143,0.84656]],[[0.565494,-0.80782,-0.166263],[-0.450499,-0.133683,-0.882712],[0.690845,0.57407,-0.439519]],[[0.565494,-0.80782,-0.166263],[-0.816381,-0.519613,-0.25204],[0.11721,0.278261,-0.953327]]],"btipPosition":[-19.7758,264.213,-5.9684],"carpPosition":[-0.64507,272.215,53.3235],"dipPosition":[-17.7555,269.01,-22.4007],"direction":[-0.690845,-0.57407,0.439519],"extended":false,"handId":506,"id":5064,"length":50.5107,"mcpPosition":[13.5053,286.501,-1.06348],"pipPosition":[-4.24337,280.238,-30.9972],"stabilizedTipPosition":[1.35793,248.25,2.27933],"timeVisible":198.041,"tipPosition":[-19.4143,265.025,-8.95838],"tipVelocity":[-24.5579,42.6281,-229.072],"tool":false,"touchDistance":0.333333,"touchZone":"none","type":4,"width":16.0574}],"r":[[0.611061,-0.240266,0.754239],[0.554349,-0.55028,-0.624411],[0.565068,0.799665,-0.203063]],"s":0.971152,"t":[-4.9,39.2418,11.4008],"timestamp":98012514495},false],[6,{"currentFrameRate":110.385,"devices":[],"gestures":[],"hands":[{"armBasis":[[0.787753,-0.4123,-0.457662],[0.558407,0.791632,0.247992],[0.260053,-0.450918,0.853842]],"armWidth":63.72,"confidence":0.575031,"direction":[0.0911113,0.478355,-0.873427],"elbow":[54.7697,153.531,289.86],"grabStrength":0,"id":506,"palmNormal":[-0.551658,-0.705957,-0.444182],"palmPosition":[-19.2276,302.042,11.7602],"palmVelocity":[-16.9729,58.7368,-279.456],"palmWidth":90.99,"pinchStrength":1,"r":[[0.610121,-0.243083,0.754098],[0.553104,-0.550804,-0.625053],[0.5673,0.798452,-0.201607]],"s":0.971476,"sphereCenter":[-57.9239,288.016,-21.235],"sphereRadius":46.9859,"stabilizedPalmPosition":[-0.446033,285.478,30.8082],"t":[-4.90627,39.8341,8.46536],"timeVisible":198.05,"type":"right","wrist":[-15.4446,275.279,59.3229]}],"id":1819338,"interactionBox":{"center":[0,200,0],"size":[235.247,235.247,147.751]},"pointables":[{"bases":[[[0.844816,0.514596,0.146549],[-0.456086,0.549376,0.700123],[0.27977,-0.658314,0.698822]],[[0.802963,0.593242,0.0575721],[-0.595714,0.795643,0.109895],[0.0193874,-0.122538,0.992274]],[[0.802963,0.593242,0.0575721],[-0.580002,0.755469,0.304738],[0.137289,-0.278085,0.950695]],[[0.802963,0.593242,0.0575721],[-0.560474,0.784396,-0.265692],[-0.202779,0.181073,0.962337]]],"btipPosition":[-46.2527,292.268,-41.2648],"carpPosition":[-45.3497,280.907,63.2038],"dipPosition":[-50.9984,296.506,-18.7426],"direction":[-0.137289,0.278085,-0.950695],"extended":true,"handId":506,"id":5060,"length":52.1164,"mcpPosition":[-45.3497,280.907,63.2038],"pipPosition":[-46.3175,287.024,13.6719],"stabilizedTipPosition":[-33.1275,273.549,-6.38456],"timeVisible":198.05,"tipPosition":[-47.2749,293.139,-36.1429],"tipVelocity":[-7.43641,66.9832,-279.203],"tool":false,"touchDistance":-0.400166,"touchZone":"hovering","type":0,"width":20.25},{"bases":[[[0.832607,-0.434572,-0.343385],[0.538229,0.781108,0.316513],[0.130673,-0.44835,0.884255]],[[0.841989,-0.514808,-0.161329],[0.527634,0.848157,0.0472585],[0.112503,-0.124914,0.985769]],[[0.841989,-0.514808,-0.161329],[0.513259,0.856507,-0.0544095],[0.16619,-0.0369913,0.9854]],[[0.841989,-0.514808,-0.161329],[0.499336,0.856867,-0.128224],[0.204248,0.0274055,0.978535]]],"btipPosition":[-48.8547,334.395,-87.0082],"carpPosition":[-26.9012,295.617,60.9334],"dipPosition":[-45.365,334.863,-70.2894],"direction":[-0.16619,0.0369913,-0.9854],"extended":true,"handId":506,"id":5061,"length":58.8075,"mcpPosition":[-36.5147,328.602,-4.12088],"pipPosition":[-41.3481,333.969,-46.4719],"stabilizedTipPosition":[-39.7664,311.265,-53.508],"timeVisible":198.05,"tipPosition":[-48.3668,334.141,-83.1212],"tipVelocity":[-0.985806,108.319,-272.149],"tool":false,"touchDistance":-0.392234,"touchZone":"hovering","type":1,"width":19.3428},{"bases":[[[0.73857,-0.6179,-0.269654],[0.673981,0.68636,0.27324],[0.0162451,-0.383548,0.923378]],[[0.737599,-0.604578,-0.300721],[0.419818,0.759414,-0.497034],[0.528868,0.240364,0.813956]],[[0.737599,-0.604578,-0.300721],[-0.50743,-0.202464,-0.83757],[0.445492,0.770385,-0.456118]],[[0.737599,-0.604578,-0.300721],[-0.666109,-0.724472,-0.17731],[-0.110666,0.331097,-0.937085]]],"btipPosition":[-53.1337,278.962,-16.3066],"carpPosition":[-15.9201,291.918,56.7686],"dipPosition":[-55.2133,285.184,-33.9163],"direction":[-0.445492,-0.770385,0.456118],"extended":false,"handId":506,"id":5062,"length":67.0064,"mcpPosition":[-17.0535,318.677,-7.65364],"pipPosition":[-42.5451,307.091,-46.8866],"stabilizedTipPosition":[-31.3956,261.362,-7.98906],"timeVisible":198.05,"tipPosition":[-53.6502,280.365,-20.3898],"tipVelocity":[-24.0719,76.4599,-276.999],"tool":false,"touchDistance":0.333333,"touchZone":"none","type":2,"width":18.9972},{"bases":[[[0.679988,-0.717578,-0.150658],[0.7252,0.627883,0.282572],[-0.108172,-0.301403,0.947341]],[[0.684649,-0.701136,-0.199159],[0.534474,0.668723,-0.516863],[0.495573,0.247425,0.83258]],[[0.684649,-0.701136,-0.199159],[-0.457131,-0.200233,-0.866567],[0.567703,0.684336,-0.4576]],[[0.684649,-0.701136,-0.199159],[-0.72868,-0.652143,-0.20913],[0.0167487,0.288304,-0.957393]]],"btipPosition":[-37.7033,268.777,-13.0158],"carpPosition":[-6.29772,285.296,52.9606],"dipPosition":[-37.3903,274.164,-30.9037],"direction":[-0.567703,-0.684336,0.4576],"extended":false,"handId":506,"id":5063,"length":64.4285,"mcpPosition":[0.478158,304.176,-6.38085],"pipPosition":[-21.6638,293.122,-43.5802],"stabilizedTipPosition":[-15.7111,251.235,-1.55],"timeVisible":198.05,"tipPosition":[-37.6316,269.888,-16.6811],"tipVelocity":[-30.6939,67.6505,-277.555],"tool":false,"touchDistance":0.333333,"touchZone":"none","type":3,"width":18.077},{"bases":[[[0.533664,-0.841454,-0.0846053],[0.80971,0.479519,0.338277],[-0.244075,-0.249032,0.937236]],[[0.553773,-0.815112,-0.17008],[0.660604,0.554422,-0.50618],[0.50689,0.167953,0.845491]],[[0.553773,-0.815112,-0.17008],[-0.454961,-0.125123,-0.881677],[0.697385,0.565629,-0.440135]],[[0.553773,-0.815112,-0.17008],[-0.824169,-0.507456,-0.251463],[0.118662,0.279428,-0.952806]]],"btipPosition":[-20.2375,265.316,-9.89738],"carpPosition":[-0.781646,272.694,49.3125],"dipPosition":[-18.1921,270.132,-26.3207],"direction":[-0.697385,-0.565629,0.440135],"extended":false,"handId":506,"id":5064,"length":50.5107,"mcpPosition":[13.3711,287.134,-5.03333],"pipPosition":[-4.55214,281.196,-34.9292],"stabilizedTipPosition":[1.33899,248.266,2.26502],"timeVisible":198.05,"tipPosition":[-19.86,266.144,-12.9389],"tipVelocity":[-31.5785,64.4279,-284.64],"tool":false,"touchDistance":0.333333,"touchZone":"none","type":4,"width":16.0574}],"r":[[0.610121,-0.243083,0.754098],[0.553104,-0.550804,-0.