{"sensorType":"Leap","data":[[0,{"currentFrameRate":107.088,"devices":[],"gestures":[{"center":[-23.0282,322.06,-90.7028],"duration":17764,"handIds":[506],"id":58,"normal":[0.0740645,-0.629541,0.773429],"pointableIds":[5061],"progress":0.832659,"radius":11.5233,"state":"update","type":"circle"}],"hands":[{"armBasis":[[0.724296,-0.460218,-0.513415],[0.626715,0.749867,0.211962],[0.287444,-0.475288,0.831551]],"armWidth":63.72,"confidence":0.483247,"direction":[0.0859217,0.561382,-0.823084],"elbow":[70.8251,126.249,286.123],"grabStrength":0,"id":506,"palmNormal":[-0.629995,-0.609393,-0.4814],"palmPosition":[-10.7501,286.527,17.3748],"palmVelocity":[-226.383,37.8403,257.13],"palmWidth":90.99,"pinchStrength":1,"r":[[0.59317,-0.387727,0.705561],[0.453973,-0.562681,-0.690868],[0.664874,0.730108,-0.157748]],"s":0.982802,"sphereCenter":[-47.683,275.394,-15.1808],"sphereRadius":44.3681,"stabilizedPalmPosition":[-6.98536,286.107,12.7877],"t":[5.64614,24.7607,8.51188],"timeVisible":212.358,"type":"right","wrist":[-6.78483,254.577,61.6042]}],"id":1820895,"interactionBox":{"center":[0,200,0],"size":[235.247,235.247,147.751]},"pointables":[{"bases":[[[0.890834,0.429299,0.148721],[-0.372955,0.504047,0.779],[0.259461,-0.749426,0.609131]],[[0.83904,0.541653,0.0512259],[-0.534093,0.802046,0.267335],[0.103717,-0.251664,0.962241]],[[0.83904,0.541653,0.0512259],[-0.528816,0.789753,0.310875],[0.127931,-0.287926,0.949069]],[[0.83904,0.541653,0.0512259],[-0.46072,0.757426,-0.462648],[-0.289395,0.364579,0.885061]]],"btipPosition":[-38.6525,275.883,-33.2941],"carpPosition":[-35.8862,262.036,67.8113],"dipPosition":[-45.4254,284.415,-12.5805],"direction":[-0.127931,0.287926,-0.949069],"extended":false,"handId":506,"id":5060,"length":52.1164,"mcpPosition":[-35.8862,262.036,67.8113],"pipPosition":[-41.0635,274.598,19.7786],"stabilizedTipPosition":[-37.3001,277.999,-32.5287],"timeVisible":212.358,"tipPosition":[-40.4169,277.619,-28.6184],"tipVelocity":[-214.19,26.8848,256.371],"tool":false,"touchDistance":-0.000818651,"touchZone":"touching","type":0,"width":20.25},{"bases":[[[0.775301,-0.457696,-0.435228],[0.616366,0.69869,0.363215],[0.137847,-0.54986,0.823803]],[[0.787428,-0.542707,-0.292278],[0.582492,0.810248,0.064813],[0.201643,-0.221286,0.954134]],[[0.787428,-0.542707,-0.292278],[0.552387,0.831697,-0.0561208],[0.273544,-0.11726,0.954685]],[[0.787428,-0.542707,-0.292278],[0.525307,0.838903,-0.142458],[0.322506,-0.0413609,0.945663]]],"btipPosition":[-47.3495,328.944,-74.8443],"carpPosition":[-16.4232,275.443,65.9868],"dipPosition":[-41.8393,328.237,-58.6871],"direction":[-0.273544,0.11726,-0.954685],"extended":true,"handId":506,"id":5061,"length":58.8075,"mcpPosition":[-26.5646,315.896,5.37991],"pipPosition":[-35.2277,325.403,-35.612],"stabilizedTipPosition":[-42.5282,329.512,-74.4411],"timeVisible":212.358,"tipPosition":[-45.8348,328.852,-71.1612],"tipVelocity":[-314.585,7.52108,279.286],"tool":false,"touchDistance":-0.0300717,"touchZone":"touching","type":1,"width":19.3428},{"bases":[[[0.670285,-0.640135,-0.375427],[0.741443,0.599011,0.302404],[0.0313056,-0.481054,0.876132]],[[0.668735,-0.622511,-0.406538],[0.40286,0.76295,-0.50558],[0.624897,0.174321,0.760997]],[[0.668735,-0.622511,-0.406538],[-0.602608,-0.133534,-0.786786],[0.435496,0.771135,-0.464429]],[[0.668735,-0.622511,-0.406538],[-0.724956,-0.667307,-0.170704],[-0.16502,0.408878,-0.897545]]],"btipPosition":[-47.5987,266.929,-6.91458],"carpPosition":[-6.01138,271.381,60.8184],"dipPosition":[-50.6998,274.613,-23.7812],"direction":[-0.435496,-0.771135,0.464429],"extended":false,"handId":506,"id":5062,"length":67.0064,"mcpPosition":[-8.19551,304.943,-0.307586],"pipPosition":[-38.3158,296.541,-36.9879],"stabilizedTipPosition":[-41.1731,268.567,-19.6394],"timeVisible":212.358,"tipPosition":[-48.2214,268.861,-10.8922],"tipVelocity":[-209.246,-21.2305,284.567],"tool":false,"touchDistance":0.333333,"touchZone":"none","type":2,"width":18.9972},{"bases":[[[0.609773,-0.747271,-0.264126],[0.788058,0.536105,0.302583],[-0.0845126,-0.392654,0.915795]],[[0.613338,-0.725876,-0.31132],[0.471197,0.652622,-0.593344],[0.633869,0.217228,0.742309]],[[0.613338,-0.725876,-0.31132],[-0.605255,-0.178726,-0.775708],[0.507427,0.664199,-0.54896]],[[0.613338,-0.725876,-0.31132],[-0.784174,-0.6067,-0.130331],[-0.0942733,0.324066,-0.941326]]],"btipPosition":[-32.4979,254.925,-1.95412],"carpPosition":[2.82459,264.489,55.7823],"dipPosition":[-34.2593,260.98,-19.5418],"direction":[-0.507427,-0.664199,0.54896],"extended":false,"handId":506,"id":5063,"length":64.4285,"mcpPosition":[8.11846,289.085,-1.58306],"pipPosition":[-20.2025,279.38,-34.7491],"stabilizedTipPosition":[-21.4662,253.631,-19.4218],"timeVisible":212.358,"tipPosition":[-32.8688,256.671,-6.73968],"tipVelocity":[-191.738,7.18016,270.821],"tool":false,"touchDistance":0.333333,"touchZone":"none","type":3,"width":18.077},{"bases":[[[0.457245,-0.865933,-0.202698],[0.862723,0.37654,0.33753],[-0.215955,-0.329206,0.919232]],[[0.464665,-0.853626,-0.235393],[0.610501,0.50139,-0.613104],[0.641385,0.14118,0.754117]],[[0.464665,-0.853626,-0.235393],[-0.599153,-0.107358,-0.793404],[0.651999,0.509704,-0.561337]],[[0.464665,-0.853626,-0.235393],[-0.885085,-0.439741,-0.152483],[0.0266515,0.279197,-0.959864]]],"btipPosition":[-16.2814,251.283,-1.91353],"carpPosition":[7.08699,251.968,50.5292],"dipPosition":[-15.822,256.096,-18.4585],"direction":[-0.651999,-0.509704,0.561337],"extended":false,"handId":506,"id":5064,"length":50.5107,"mcpPosition":[19.6092,271.057,-2.77261],"pipPosition":[-3.0697,266.065,-29.4376],"stabilizedTipPosition":[-7.03787,249.661,-16.486],"timeVisible":212.358,"tipPosition":[-16.1456,252.515,-6.11257],"tipVelocity":[-185.902,29.2816,273.572],"tool":false,"touchDistance":0.333333,"touchZone":"none","type":4,"width":16.0574}],"r":[[0.59317,-0.387727,0.705561],[0.453973,-0.562681,-0.690868],[0.664874,0.730108,-0.157748]],"s":0.982802,"t":[5.64614,24.7607,8.51188],"timestamp":98026831350},false],[1,{"currentFrameRate":107.275,"devices":[],"gestures":[{"center":[-23.0282,322.06,-90.7028],"duration":17764,"handIds":[506],"id":58,"normal":[0.0740645,-0.629541,0.773429],"pointableIds":[5061],"progress":0.832659,"radius":11.5233,"state":"update","type":"circle"}],"hands":[{"armBasis":[[0.716876,-0.452662,-0.53027],[0.625229,0.753938,0.201657],[0.308509,-0.476104,0.823497]],"armWidth":63.72,"confidence":0.498016,"direction":[0.0801417,0.554935,-0.828025],"elbow":[75.2438,126.541,287.338],"grabStrength":0,"id":506,"palmNormal":[-0.630404,-0.615249,-0.473349],"palmPosition":[-12.3349,286.665,20.5263],"palmVelocity":[-212.7,31.6982,282.834],"palmWidth":90.99,"pinchStrength":1,"r":[[0.598281,-0.384154,0.703197],[0.456861,-0.557427,-0.693219],[0.658284,0.736003,-0.157993]],"s":0.984274,"sphereCenter":[-49.3624,275.036,-11.7135],"sphereRadius":44.283,"stabilizedPalmPosition":[-8.43836,286.258,14.8896],"t":[3.81313,24.9054,11.404],"timeVisible":212.367,"type":"right","wrist":[-8.05354,255.089,64.9937]}],"id":1820896,"interactionBox":{"center":[0,200,0],"size":[235.247,235.247,147.751]},"pointables":[{"bases":[[[0.890187,0.433269,0.140871],[-0.370748,0.509201,0.776698],[0.264788,-0.743635,0.613918]],[[0.838068,0.543829,0.0435101],[-0.534876,0.803317,0.261895],[0.107474,-0.242758,0.964115]],[[0.838068,0.543829,0.0435101],[-0.528641,0.789769,0.311132],[0.13484,-0.283751,0.94937]],[[0.838068,0.543829,0.0435101],[-0.466074,0.75513,-0.461035],[-0.28358,0.3661,0.886314]]],"btipPosition":[-40.4733,275.732,-29.9562],"carpPosition":[-37.1478,262.507,71.2824],"dipPosition":[-47.1101,284.3,-9.21329],"direction":[-0.13484,0.283751,-0.94937],"extended":false,"handId":506,"id":5060,"length":52.1164,"mcpPosition":[-37.1478,262.507,71.2824],"pipPosition":[-42.5126,274.625,23.1561],"stabilizedTipPosition":[-38.6489,277.914,-30.4211],"timeVisible":212.367,"tipPosition":[-42.1877,277.422,-25.2527],"tipVelocity":[-210.094,15.1521,288.176],"tool":false,"touchDistance":0.104925,"touchZone":"hovering","type":0,"width":20.25},{"bases":[[[0.774614,-0.458801,-0.435286],[0.615918,0.703539,0.354512],[0.14359,-0.54271,0.827555]],[[0.787708,-0.542704,-0.291527],[0.578843,0.813981,0.0487385],[0.210847,-0.20714,0.95532]],[[0.787708,-0.542704,-0.291527],[0.546931,0.833857,-0.0744902],[0.283518,-0.100769,0.953658]],[[0.787708,-0.542704,-0.291527],[0.518484,0.839595,-0.162035],[0.332702,-0.0235156,0.942739]]],"btipPosition":[-49.8959,327.623,-71.8294],"carpPosition":[-17.7363,275.96,69.2538],"dipPosition":[-44.2115,327.221,-55.7222],"direction":[-0.283518,0.100769,-0.953658],"extended":true,"handId":506,"id":5061,"length":58.8075,"mcpPosition":[-28.3002,315.887,8.37095],"pipPosition":[-37.3587,324.786,-32.6719],"stabilizedTipPosition":[-44.7848,328.774,-72.0892],"timeVisible":212.367,"tipPosition":[-48.2443,327.788,-68.1537],"tipVelocity":[-304.849,-32.7025,294.397],"tool":false,"touchDistance":0.0699852,"touchZone":"hovering","type":1,"width":19.3428},{"bases":[[[0.670467,-0.641074,-0.373494],[0.741011,0.603759,0.2939],[0.0370882,-0.473814,0.879844]],[[0.668704,-0.623656,-0.404831],[0.392006,0.75837,-0.520775],[0.631796,0.189548,0.751602]],[[0.668704,-0.623656,-0.404831],[-0.610263,-0.149326,-0.777998],[0.424751,0.767304,-0.480449]],[[0.668704,-0.623656,-0.404831],[-0.722551,-0.673491,-0.155983],[-0.17537,0.396818,-0.900989]]],"btipPosition":[-49.1602,266.533,-2.95114],"carpPosition":[-7.33698,271.888,64.0677],"dipPosition":[-52.4557,273.99,-19.8825],"direction":[-0.424751,-0.767304,0.480449],"extended":false,"handId":506,"id":5062,"length":67.0064,"mcpPosition":[-9.92455,304.945,2.68273],"pipPosition":[-40.3774,295.809,-33.5448],"stabilizedTipPosition":[-42.4463,268.521,-17.7767],"timeVisible":212.367,"tipPosition":[-49.8534,268.484,-7.0974],"tipVelocity":[-200.914,-29.0975,327.076],"tool":false,"touchDistance":0.333333,"touchZone":"none","type":2,"width":18.9972},{"bases":[[[0.610836,-0.74749,-0.261032],[0.787824,0.541002,0.294363],[-0.0788141,-0.385455,0.919355]],[[0.614103,-0.726487,-0.308374],[0.464617,0.64863,-0.602835],[0.637972,0.226926,0.735864]],[[0.614103,-0.726487,-0.308374],[-0.609404,-0.188203,-0.770199],[0.501502,0.660906,-0.5583]],[[0.614103,-0.726487,-0.308374],[-0.782829,-0.610349,-0.121043],[-0.10028,0.315738,-0.943533]]],"btipPosition":[-34.0903,254.782,1.6731],"carpPosition":[1.49609,264.984,59.0446],"dipPosition":[-35.964,260.681,-15.9559],"direction":[-0.501502,-0.660906,0.5583],"extended":false,"handId":506,"id":5063,"length":64.4285,"mcpPosition":[6.433,289.128,1.45622],"pipPosition":[-22.0713,278.99,-31.4219],"stabilizedTipPosition":[-22.5147,253.832,-18.0532],"timeVisible":212.367,"tipPosition":[-34.4867,256.491,-3.12757],"tipVelocity":[-188.572,-0.253864,307.001],"tool":false,"touchDistance":0.333333,"touchZone":"none","type":3,"width":18.077},{"bases":[[[0.458985,-0.866123,-0.197897],[0.863162,0.381961,0.330238],[-0.210438,-0.322392,0.922919]],[[0.46664,-0.853265,-0.232779],[0.602099,0.499261,-0.623069],[0.647861,0.150593,0.746725]],[[0.46664,-0.853265,-0.232779],[-0.606127,-0.116854,-0.786737],[0.644094,0.508217,-0.571715]],[[0.46664,-0.853265,-0.232779],[-0.884269,-0.444821,-0.142134],[0.017733,0.272165,-0.962087]]],"btipPosition":[-17.8365,251.171,1.7186],"carpPosition":[5.77238,252.433,53.8725],"dipPosition":[-17.5309,255.862,-14.8647],"direction":[-0.644094,-0.508217,0.571715],"extended":false,"handId":506,"id":5064,"length":50.5107,"mcpPosition":[17.9747,271.127,0.356838],"pipPosition":[-4.93318,265.802,-26.0468],"stabilizedTipPosition":[-8.14991,249.929,-14.9943],"timeVisible":212.367,"tipPosition":[-17.7367,252.392,-2.52858],"tipVelocity":[-183.488,16.9697,309.168],"tool":false,"touchDistance":0.333333,"touchZone":"none","type":4,"width":16.0574}],"r":[[0.598281,-0.384154,0.703197],[0.456861,-0.557427,-0.693219],[0.658284,0.736003,-0.157993]],"s":0.984274,"t":[3.81313,24.9054,11.404],"timestamp":98026840331},false],[2,{"currentFrameRate":110.5,"devices":[],"gestures":[],"hands":[{"armBasis":[[0.745326,-0.446198,-0.495375],[0.607727,0.760229,0.229608],[0.274148,-0.472186,0.837785]],"armWidth":63.72,"confidence":0.525434,"direction":[0.0798785,0.531015,-0.843589],"elbow":[54.8656,141.496,295.255],"grabStrength":0,"id":506,"palmNormal":[-0.607738,-0.644864,-0.46347],"palmPosition":[-23.4892,299.065,23.5646],"palmVelocity":[-54.1102,134.074,-324.782],"palmWidth":90.99,"pinchStrength":1,"r":[[0.61708,-0.334313,0.712353],[0.487708,-0.547941,-0.679633],[0.617538,0.766809,-0.175076]],"s":0.944451,"sphereCenter":[-59.6315,283.622,-10.5921],"sphereRadius":45.155,"stabilizedPalmPosition":[-17.7752,277.382,48.4042],"t":[-8.73111,36.4231,20.1827],"timeVisible":213.199,"type":"right","wrist":[-19.1544,268.986,69.0532]}],"id":1820988,"interactionBox":{"center":[0,200,0],"size":[235.247,235.247,147.751]},"pointables":[{"bases":[[[0.877103,0.459203,0.140795],[-0.39526,0.523553,0.754759],[0.272874,-0.717652,0.640715]],[[0.821231,0.569521,0.0350115],[-0.562219,0.797172,0.22006],[0.0974187,-0.200404,0.974858]],[[0.821231,0.569521,0.0350115],[-0.544179,0.763281,0.348241],[0.171607,-0.305038,0.936751]],[[0.821231,0.569521,0.0350115],[-0.529032,0.782965,-0.327248],[-0.213787,0.250224,0.94429]]],"btipPosition":[-54.2264,290.423,-28.0353],"carpPosition":[-48.5158,275.875,74.6661],"dipPosition":[-59.2298,296.279,-5.93556],"direction":[-0.171607,0.305038,-0.936751],"extended":false,"handId":506,"id":5060,"length":52.1164,"mcpPosition":[-48.5158,275.875,74.6661],"pipPosition":[-53.3787,285.879,26.0035],"stabilizedTipPosition":[-48.5934,268.577,6.0611],"timeVisible":213.199,"tipPosition":[-55.1134,291.934,-23.0614],"tipVelocity":[-45.7055,110.741,-325.084],"tool":false,"touchDistance":-0.532192,"touchZone":"hovering","type":0,"width":20.25},{"bases":[[[0.792305,-0.45274,-0.408997],[0.593017,0.729074,0.341735],[0.143472,-0.513301,0.846131]],[[0.804949,-0.547188,-0.229439],[0.566878,0.823421,0.0250245],[0.175232,-0.150207,0.973001]],[[0.804949,-0.547188,-0.229439],[0.54728,0.834086,-0.0691696],[0.229221,-0.0698892,0.970862]],[[0.804949,-0.547188,-0.229439],[0.530098,0.836924,-0.136215],[0.266558,-0.011979,0.963744]]],"btipPosition":[-57.5835,335.844,-71.47],"carpPosition":[-29.4053,289.733,72.5143],"dipPosition":[-53.0292,335.639,-55.0038],"direction":[-0.229221,0.0698892,-0.970862],"extended":true,"handId":506,"id":5061,"length":58.8075,"mcpPosition":[-39.9604,327.496,10.2648],"pipPosition":[-47.4888,333.95,-31.5377],"stabilizedTipPosition":[-52.3291,312.769,-32.8953],"timeVisible":213.199,"tipPosition":[-56.9908,335.06,-67.6286],"tipVelocity":[-42.2223,131.618,-333.439],"tool":false,"touchDistance":-0.525836,"touchZone":"hovering","type":1,"width":19.3428},{"bases":[[[0.691623,-0.635538,-0.343146],[0.721434,0.63059,0.286163],[0.0345173,-0.445474,0.894629]],[[0.689807,-0.618113,-0.376965],[0.447191,0.77324,-0.449577],[0.569374,0.141546,0.809801]],[[0.689807,-0.618113,-0.376965],[-0.548571,-0.106437,-0.829302],[0.47248,0.77885,-0.4125]],[[0.689807,-0.618113,-0.376965],[-0.711801,-0.674161,-0.197093],[-0.132309,0.40428,-0.905015]]],"btipPosition":[-59.6309,280.274,-5.0965],"carpPosition":[-18.8294,285.762,67.6157],"dipPosition":[-62.1172,287.871,-22.1035],"direction":[-0.47248,-0.77885,0.4125],"extended":false,"handId":506,"id":5062,"length":67.0064,"mcpPosition":[-21.2376,316.842,5.19918],"pipPosition":[-48.6816,310.019,-33.8335],"stabilizedTipPosition":[-53.0142,260.47,13.3405],"timeVisible":213.199,"tipPosition":[-60.0974,281.515,-8.01589],"tipVelocity":[-50.9556,141.999,-362.843],"tool":false,"touchDistance":0.333333,"touchZone":"none","type":2,"width":18.9972},{"bases":[[[0.632798,-0.739882,-0.228344],[0.769736,0.56905,0.289289],[-0.0841005,-0.358825,0.929608]],[[0.636284,-0.720466,-0.275813],[0.564405,0.678475,-0.470233],[0.525919,0.143532,0.838337]],[[0.636284,-0.720466,-0.275813],[-0.49618,-0.10843,-0.861422],[0.590719,0.684962,-0.426472]],[[0.636284,-0.720466,-0.275813],[-0.771291,-0.601486,-0.208146],[-0.0159352,0.345172,-0.938404]]],"btipPosition":[-44.0493,269.566,-3.39544],"carpPosition":[-9.75318,278.926,62.9445],"dipPosition":[-44.3471,276.015,-20.9286],"direction":[-0.590719,-0.684962,0.426472],"extended":false,"handId":506,"id":5063,"length":64.4285,"mcpPosition":[-4.48513,301.402,4.71382],"pipPosition":[-27.983,294.99,-32.7427],"stabilizedTipPosition":[-34.4532,249.71,12.3595],"timeVisible":213.199,"tipPosition":[-44.2359,270.575,-6.45795],"tipVelocity":[-43.3876,133.168,-335.21],"tool":false,"touchDistance":0.333333,"touchZone":"none","type":3,"width":18.077},{"bases":[[[0.482872,-0.860225,-0.163856],[0.848315,0.413092,0.331236],[-0.21725,-0.298945,0.929212]],[[0.507518,-0.812709,-0.286234],[0.65166,0.579369,-0.489562],[0.563706,0.0619345,0.82365]],[[0.507518,-0.812709,-0.286234],[-0.520584,-0.0245072,-0.853458],[0.686599,0.582154,-0.435521]],[[0.507518,-0.812709,-0.286234],[-0.859809,-0.456026,-0.229713],[0.0561598,0.36269,-0.930216]]],"btipPosition":[-26.8251,263.838,-0.220859],"carpPosition":[-5.09308,266.331,58.231],"dipPosition":[-25.8571,270.089,-16.2548],"direction":[-0.686599,-0.582154,0.435521],"extended":false,"handId":506,"id":5064,"length":50.5107,"mcpPosition":[7.50418,283.665,4.35051],"pipPosition":[-12.428,281.475,-24.7731],"stabilizedTipPosition":[-18.0852,244.961,17.5825],"timeVisible":213.199,"tipPosition":[-26.7535,264.931,-3.00268],"tipVelocity":[-44.1132,132.66,-325.998],"tool":false,"touchDistance":0.333333,"touchZone":"none","type":4,"width":16.0574}],"r":[[0.61708,-0.334313,0.712353],[0.487708,-0.547941,-0.679633],[0.617538,0.766809,-0.175076]],"s":0.944451,"t":[-8.73111,36.4231,20.1827],"timestamp":98027672198},false],[3,{"currentFrameRate":110.558,"devices":[],"gestures":[],"hands":[{"armBasis":[[0.742285,-0.441677,-0.503919],[0.605391,0.76441,0.221764],[0.287253,-0.46968,0.834797]],"armWidth":63.72,"confidence":0.533374,"direction":[0.0816931,0.525712,-0.846731],"elbow":[57.5707,143.237,292.512],"grabStrength":0,"id":506,"palmNormal":[-0.605259,-0.648799,-0.461217],"palmPosition":[-24.2268,299.83,21.4219],"palmVelocity":[-61.8562,120.8,-301.507],"palmWidth":90.99,"pinchStrength":1,"r":[[0.616378,-0.332675,0.713726],[0.489208,-0.548467,-0.678129],[0.617052,0.767145,-0.175316]],"s":0.942684,"sphereCenter":[-60.3966,284.277,-12.7135],"sphereRadius":45.2167,"stabilizedPalmPosition":[-17.8137,277.516,48.2431],"t":[-9.32145,37.3188,17.6872],"timeVisible":213.208,"type":"right","wrist":[-19.9876,270.05,67.1164]}],"id":1820989,"interactionBox":{"center":[0,200,0],"size":[235.247,235.247,147.751]},"pointables":[{"bases":[[[0.875929,0.4615,0.140589],[-0.398458,0.527759,0.750134],[0.27199,-0.713084,0.646168]],[[0.820167,0.571122,0.0338441],[-0.564316,0.797817,0.212214],[0.0941987,-0.19315,0.976637]],[[0.820167,0.571122,0.0338441],[-0.546567,0.764674,0.341378],[0.169089,-0.298485,0.939316]],[[0.820167,0.571122,0.0338441],[-0.527848,0.778188,-0.340295],[-0.220687,0.261234,0.939709]]],"btipPosition":[-54.6799,290.633,-30.1778],"carpPosition":[-49.3774,276.928,72.5928],"dipPosition":[-59.8448,296.747,-8.18518],"direction":[-0.169089,0.298485,-0.939316],"extended":false,"handId":506,"id":5060,"length":52.1164,"mcpPosition":[-49.3774,276.928,72.5928],"pipPosition":[-54.0796,286.57,23.8414],"stabilizedTipPosition":[-48.6462,268.747,5.83481],"timeVisible":213.208,"tipPosition":[-55.6534,292.248,-25.2301],"tipVelocity":[-48.2057,88.7179,-302.472],"tool":false,"touchDistance":-0.539812,"touchZone":"hovering","type":0,"width":20.25},{"bases":[[[0.794301,-0.454091,-0.403592],[0.590787,0.732201,0.338898],[0.14162,-0.507624,0.84986]],[[0.806539,-0.547192,-0.223778],[0.565671,0.824306,0.0231593],[0.171789,-0.145264,0.974365]],[[0.806539,-0.547192,-0.223778],[0.546264,0.834531,-0.0717889],[0.226032,-0.0643416,0.971993]],[[0.806539,-0.547192,-0.223778],[0.529172,0.836986,-0.139396],[0.263576,-0.00598905,0.96462]]],"btipPosition":[-58.0481,336.047,-73.9476],"carpPosition":[-30.2821,290.803,70.4118],"dipPosition":[-53.5448,335.944,-57.4665],"direction":[-0.226032,0.0643416,-0.971993],"extended":true,"handId":506,"id":5061,"length":58.8075,"mcpPosition":[-40.701,328.148,7.88799],"pipPosition":[-48.0815,334.389,-33.9731],"stabilizedTipPosition":[-52.4148,313.195,-33.5774],"timeVisible":213.208,"tipPosition":[-57.457,335.282,-70.1038],"tipVelocity":[-45.2374,102.595,-317.923],"tool":false,"touchDistance":-0.538699,"touchZone":"hovering","type":1,"width":19.3428},{"bases":[[[0.693701,-0.636623,-0.336883],[0.719534,0.633568,0.284363],[0.0324064,-0.439662,0.897579]],[[0.69198,-0.619543,-0.370581],[0.449055,0.771327,-0.451004],[0.565256,0.145674,0.811951]],[[0.69198,-0.619543,-0.370581],[-0.544683,-0.111157,-0.831243],[0.473798,0.777052,-0.414373]],[[0.69198,-0.619543,-0.370581],[-0.710206,-0.676303,-0.195502],[-0.129504,0.398472,-0.907992]]],"btipPosition":[-60.2305,280.885,-7.34039],"carpPosition":[-19.6846,286.817,65.572],"dipPosition":[-62.6642,288.373,-24.4034],"direction":[-0.473798,-0.777052,0.414373],"extended":false,"handId":506,"id":5062,"length":67.0064,"mcpPosition":[-21.9455,317.491,2.94975],"pipPosition":[-49.191,310.47,-36.1866],"stabilizedTipPosition":[-53.0725,260.636,13.1561],"timeVisible":213.208,"tipPosition":[-60.7004,282.106,-10.2894],"tipVelocity":[-54.9791,121.107,-332.655],"tool":false,"touchDistance":0.333333,"touchZone":"none","type":2,"width":18.9972},{"bases":[[[0.63468,-0.740321,-0.221597],[0.767923,0.572127,0.288036],[-0.0864574,-0.35298,0.931628]],[[0.638297,-0.721116,-0.269385],[0.567211,0.677171,-0.468733],[0.520431,0.146392,0.841261]],[[0.638297,-0.721116,-0.269385],[-0.490486,-0.111274,-0.864316],[0.593297,0.68382,-0.424723]],[[0.638297,-0.721116,-0.269385],[-0.769708,-0.603003,-0.209612],[-0.0112857,0.341143,-0.939944]]],"btipPosition":[-44.6446,270.218,-5.64346],"carpPosition":[-10.583,279.966,60.9733],"dipPosition":[-44.8554,276.592,-23.2054],"direction":[-0.593297,-0.68382,0.424723],"extended":false,"handId":506,"id":5063,"length":64.4285,"mcpPosition":[-5.16726,302.076,2.61618],"pipPosition":[-28.4199,295.535,-34.971],"stabilizedTipPosition":[-34.5244,249.863,12.2062],"timeVisible":213.208,"tipPosition":[-44.8103,271.213,-8.69338],"tipVelocity":[-49.1044,116.203,-312.506],"tool":false,"touchDistance":0.333333,"touchZone":"none","type":3,"width":18.077},{"bases":[[[0.484742,-0.860486,-0.156807],[0.846615,0.416568,0.331231],[-0.219699,-0.293317,0.930429]],[[0.50956,-0.814083,-0.278599],[0.653721,0.576816,-0.489829],[0.559462,0.0674712,0.826105]],[[0.50956,-0.814083,-0.278599],[-0.516448,-0.0303927,-0.855779],[0.688208,0.579953,-0.435919]],[[0.50956,-0.814083,-0.278599],[-0.858374,-0.458556,-0.230045],[0.0595229,0.356364,-0.932449]]],"btipPosition":[-27.4175,264.485,-2.20742],"carpPosition":[-5.88817,267.348,56.3556],"dipPosition":[-26.3915,270.628,-18.2799],"direction":[-0.688208,-0.579953,0.435919],"extended":false,"handId":506,"id":5064,"length":50.5107,"mcpPosition":[6.85112,284.356,2.40451],"pipPosition":[-12.931,281.971,-26.8059],"stabilizedTipPosition":[-18.146,245.101,17.4253],"timeVisible":213.208,"tipPosition":[-27.3354,265.557,-5.00746],"tipVelocity":[-49.7484,115.427,-297.893],"tool":false,"touchDistance":0.333333,"touchZone":"none","type":4,"width":16.0574}],"r":[[0.616378,-0.332675,0.713726],[0.489208,-0.548467,-0.678129],[0.617052,0.767145,-0.175316]],"s":0.942684,"t":[-9.32145,37.3188,17.6872],"timestamp":98027681142},false],[4,{"currentFrameRate":110.392,"devices":[],"gestures":[],"hands":[{"armBasis":[[0.746535,-0.447804,-0.492095],[0.606448,0.762208,0.226409],[0.273692,-0.467452,0.840584]],"armWidth":63.72,"confidence":0.533374,"direction":[0.0833308,0.521869,-0.848946],"elbow":[53.3888,144.748,292.401],"grabStrength":0,"id":506,"palmNormal":[-0.605293,-0.650243,-0.459135],"palmPosition":[-24.6574,300.541,19.612],"palmVelocity":[-57.3719,108.101,-270.89],"palmWidth":90.99,"pinchStrength":1,"r":[[0.615559,-0.330851,0.71528],[0.490478,-0.549583,-0.676306],[0.616862,0.767135,-0.176026]],"s":0.941125,"sphereCenter":[-60.9792,285.112,-14.4284],"sphereRadius":45.2731,"stabilizedPalmPosition":[-17.8511,277.642,48.0866],"t":[-9.8319,38.1221,15.5345],"timeVisible":213.217,"type":"right","wrist":[-20.508,270.96,65.4437]}],"id":1820990,"interactionBox":{"center":[0,200,0],"size":[235.247,235.247,147.751]},"pointables":[{"bases":[[[0.8762,0.461256,0.139699],[-0.398924,0.531474,0.747258],[0.270431,-0.710477,0.649684]],[[0.82049,0.57076,0.0320755],[-0.564147,0.799363,0.206779],[0.0923811,-0.187755,0.977862]],[[0.82049,0.57076,0.0320755],[-0.546699,0.767027,0.335842],[0.167082,-0.29309,0.941372]],[[0.82049,0.57076,0.0320755],[-0.524119,0.773472,-0.356427],[-0.228244,0.275633,0.933773]]],"btipPosition":[-54.8646,290.806,-31.9122],"carpPosition":[-49.8981,277.891,70.8506],"dipPosition":[-60.2063,297.257,-10.0586],"direction":[-0.167082,0.29309,-0.941372],"extended":false,"handId":506,"id":5060,"length":52.1164,"mcpPosition":[-49.8981,277.891,70.8506],"pipPosition":[-54.5096,287.264,22.0381],"stabilizedTipPosition":[-48.689,268.883,5.64665],"timeVisible":213.217,"tipPosition":[-55.9529,292.587,-27.0003],"tipVelocity":[-41.37,71.1461,-270.261],"tool":false,"touchDistance":-0.54066,"touchZone":"hovering","type":0,"width":20.25},{"bases":[[[0.794382,-0.45666,-0.400523],[0.591065,0.733115,0.336428],[0.139996,-0.503988,0.85229]],[[0.806311,-0.54861,-0.221111],[0.566712,0.823591,0.0231348],[0.169413,-0.14396,0.974974]],[[0.806311,-0.54861,-0.221111],[0.547378,0.833736,-0.0725359],[0.224142,-0.0625451,0.972547]],[[0.806311,-0.54861,-0.221111],[0.530268,0.83607,-0.140722],[0.262066,-0.00378264,0.965043]]],"btipPosition":[-58.2592,336.576,-75.9516],"carpPosition":[-30.7862,291.737,68.6334],"dipPosition":[-53.7816,336.512,-59.4633],"direction":[-0.224142,0.0625451,-0.972547],"extended":true,"handId":506,"id":5061,"length":58.8075,"mcpPosition":[-41.0856,328.815,5.93083],"pipPosition":[-48.364,335,-35.9564],"stabilizedTipPosition":[-52.4846,313.534,-34.1365],"timeVisible":213.217,"tipPosition":[-57.667,335.796,-72.1094],"tipVelocity":[-38.9896,89.825,-288.486],"tool":false,"touchDistance":-0.543197,"touchZone":"hovering","type":1,"width":19.3428},{"bases":[[[0.693513,-0.638795,-0.333138],[0.719786,0.634114,0.282502],[0.0307868,-0.435707,0.899562]],[[0.691858,-0.621901,-0.36684],[0.450875,0.768948,-0.453244],[0.563954,0.148181,0.812403]],[[0.691858,-0.621901,-0.36684],[-0.54371,-0.114434,-0.831435],[0.475092,0.774689,-0.417306]],[[0.691858,-0.621901,-0.36684],[-0.710505,-0.676823,-0.192594],[-0.128511,0.39389,-0.91013]]],"btipPosition":[-60.6119,281.544,-9.12357],"carpPosition":[-20.1862,287.719,63.8254],"dipPosition":[-63.0269,288.946,-26.2267],"direction":[-0.475092,-0.774689,0.417306],"extended":false,"handId":506,"id":5062,"length":67.0064,"mcpPosition":[-22.3342,318.118,1.06473],"pipPosition":[-49.517,310.975,-38.0934],"stabilizedTipPosition":[-53.1252,260.783,12.9852],"timeVisible":213.217,"tipPosition":[-61.0926,282.751,-12.1074],"tipVelocity":[-50.8234,106.145,-292.675],"tool":false,"touchDistance":0.333333,"touchZone":"none","type":2,"width":18.9972},{"bases":[[[0.634238,-0.741923,-0.217471],[0.76811,0.572642,0.286511],[-0.0880358,-0.348757,0.933069]],[[0.63794,-0.722903,-0.265411],[0.568487,0.674573,-0.47093],[0.519476,0.149543,0.841298]],[[0.63794,-0.722903,-0.265411],[-0.489591,-0.114697,-0.864376],[0.594418,0.681363,-0.427097]],[[0.63794,-0.722903,-0.265411],[-0.770021,-0.603277,-0.207665],[-0.00999439,0.33685,-0.941505]]],"btipPosition":[-45.0606,270.835,-7.34459],"carpPosition":[-11.0854,280.839,59.2692],"dipPosition":[-45.2474,277.128,-24.9357],"direction":[-0.594418,-0.681363,0.427097],"extended":false,"handId":506,"id":5063,"length":64.4285,"mcpPosition":[-5.57082,302.685,0.821738],"pipPosition":[-28.7808,296.003,-36.7671],"stabilizedTipPosition":[-34.5886,249.999,12.0631],"timeVisible":213.217,"tipPosition":[-45.2236,271.821,-10.4151],"tipVelocity":[-47.6283,101.374,-275.674],"tool":false,"touchDistance":0.333333,"touchZone":"none","type":3,"width":18.077},{"bases":[[[0.484095,-0.861651,-0.152347],[0.84659,0.417199,0.3305],[-0.221216,-0.288969,0.931429]],[[0.508947,-0.816257,-0.273309],[0.657163,0.573515,-0.489098],[0.555977,0.0693167,0.828303]],[[0.508947,-0.816257,-0.273309],[-0.512802,-0.0324893,-0.857892],[0.691381,0.576775,-0.435113]],[[0.508947,-0.816257,-0.273309],[-0.858471,-0.457981,-0.230826],[0.063243,0.352106,-0.933821]]],"btipPosition":[-27.8413,265.151,-3.97716],"carpPosition":[-6.39703,268.197,54.7137],"dipPosition":[-26.7512,271.22,-20.0732],"direction":[-0.691381,-0.576775,0.435113],"extended":false,"handId":506,"id":5064,"length":50.5107,"mcpPosition":[6.43025,284.952,0.704573],"pipPosition":[-13.2286,282.501,-28.5835],"stabilizedTipPosition":[-18.202,245.228,17.2766],"timeVisible":213.217,"tipPosition":[-27.7436,266.206,-6.78485],"tipVelocity":[-48.0462,102.388,-267.248],"tool":false,"touchDistance":0.333333,"touchZone":"none","type":4,"width":16.0574}],"r":[[0.615559,-0.330851,0.71528],[0.490478,-0.549583,-0.676306],[0.616862,0.767135,-0.176026]],"s":0.941125,"t":[-9.8319,38.1221,15.5345],"timestamp":98027690493},false],[5,{"currentFrameRate":110.59,"devices":[],"gestures":[],"hands":[{"armBasis":[[0.75094,-0.453922,-0.479629],[0.607175,0.760191,0.231188],[0.259669,-0.464827,0.846468]],"armWidth":63.72,"confidence":0.538145,"direction":[0.0797166,0.511606,-0.855514],"elbow":[49.3263,147.14,291.23],"grabStrength":0,"id":506,"palmNormal":[-0.605714,-0.656763,-0.449192],"palmPosition":[-25.1311,301.656,16.5084],"palmVelocity":[-56.6059,113.493,-293.862],"palmWidth":90.99,"pinchStrength":1,"r":[[0.615473,-0.327446,0.716919],[0.491228,-0.551961,-0.673821],[0.616351,0.766889,-0.178867]],"s":0.940044,"sphereCenter":[-61.7122,285.981,-17.1492],"sphereRadius":45.3279,"stabilizedPalmPosition":[-17.8837,277.749,47.9454],"t":[-10.324,39.0814,12.9063],"timeVisible":213.226,"type":"right","wrist":[-20.7843,272.643,62.6836]}],"id":1820991,"interactionBox":{"center":[0,200,0],"size":[235.247,235.247,147.751]},"pointables":[{"bases":[[[0.875892,0.464328,0.1312],[-0.397366,0.539911,0.742022],[0.273705,-0.702065,0.657412]],[[0.82006,0.571812,0.0230935],[-0.564406,0.80145,0.197799],[0.0945957,-0.175241,0.97997]],[[0.82006,0.571812,0.0230935],[-0.546529,0.770555,0.327951],[0.169731,-0.28156,0.944413]],[[0.82006,0.571812,0.0230935],[-0.524348,0.766932,-0.369965],[-0.229262,0.291284,0.928759]]],"btipPosition":[-55.3116,291.124,-34.7528],"carpPosition":[-50.1681,279.593,68.1016],"dipPosition":[-60.6771,297.941,-13.0165],"direction":[-0.169731,0.28156,-0.944413],"extended":false,"handId":506,"id":5060,"length":52.1164,"mcpPosition":[-50.1681,279.593,68.1016],"pipPosition":[-54.8901,288.341,19.1838],"stabilizedTipPosition":[-48.721,268.98,5.50231],"timeVisible":213.226,"tipPosition":[-56.4746,293.005,-29.873],"tipVelocity":[-44.2185,64.5093,-286.163],"tool":false,"touchDistance":-0.557942,"touchZone":"hovering","type":0,"width":20.25},{"bases":[[[0.793825,-0.46024,-0.397519],[0.590952,0.73811,0.32553],[0.14359,-0.493328,0.85791]],[[0.806503,-0.549635,-0.217839],[0.565687,0.824501,0.0140194],[0.171903,-0.134536,0.975884]],[[0.806503,-0.549635,-0.217839],[0.546023,0.833739,-0.08209],[0.22674,-0.0527394,0.972526]],[[0.806503,-0.549635,-0.217839],[0.528639,0.835381,-0.150596],[0.264751,0.00629753,0.964296]]],"btipPosition":[-59.0392,336.682,-79.371],"carpPosition":[-31.0862,293.441,65.6533],"dipPosition":[-54.5158,336.79,-62.8954],"direction":[-0.22674,0.0527394,-0.972526],"extended":true,"handId":506,"id":5061,"length":58.8075,"mcpPosition":[-41.65,329.735,2.53722],"pipPosition":[-49.0354,335.515,-39.3891],"stabilizedTipPosition":[-52.5403,313.768,-34.5551],"timeVisible":213.226,"tipPosition":[-58.4292,335.916,-75.5258],"tipVelocity":[-52.1952,70.3455,-316.543],"tool":false,"touchDistance":-0.568546,"touchZone":"hovering","type":1,"width":19.3428},{"bases":[[[0.693474,-0.6417,-0.327589],[0.719659,0.638665,0.272395],[0.0344234,-0.424651,0.904703]],[[0.691685,-0.625245,-0.361443],[0.448069,0.764033,-0.464207],[0.566397,0.159133,0.808623]],[[0.691685,-0.625245,-0.361443],[-0.546452,-0.125881,-0.827976],[0.472188,0.77021,-0.428737]],[[0.691685,-0.625245,-0.361443],[-0.709926,-0.680524,-0.181359],[-0.132577,0.382042,-0.914586]]],"btipPosition":[-61.1335,282.258,-11.8566],"carpPosition":[-20.4953,289.382,60.86],"dipPosition":[-63.6249,289.437,-29.0435],"direction":[-0.472188,-0.77021,0.428737],"extended":false,"handId":506,"id":5062,"length":67.0064,"mcpPosition":[-22.897,319.009,-2.25933],"pipPosition":[-50.1976,311.339,-41.2353],"stabilizedTipPosition":[-53.1684,260.9,12.8403],"timeVisible":213.226,"tipPosition":[-61.6342,283.434,-14.8811],"tipVelocity":[-53.8109,98.1683,-299.066],"tool":false,"touchDistance":0.333333,"touchZone":"none","type":2,"width":18.9972},{"bases":[[[0.634744,-0.743504,-0.21048],[0.768096,0.577324,0.276995],[-0.0844323,-0.33749,0.937535]],[[0.638263,-0.725041,-0.258719],[0.565836,0.669726,-0.480933],[0.521968,0.16057,0.837715]],[[0.638263,-0.725041,-0.258719],[-0.492319,-0.126076,-0.861236],[0.591813,0.677068,-0.437421]],[[0.638263,-0.725041,-0.258719],[-0.769694,-0.607083,-0.197538],[-0.0138412,0.325216,-0.945538]]],"btipPosition":[-45.5663,271.595,-10.0138],"carpPosition":[-11.398,282.461,56.3583],"dipPosition":[-45.8249,277.671,-27.6803],"direction":[-0.591813,-0.677068,0.437421],"extended":false,"handId":506,"id":5063,"length":64.4285,"mcpPosition":[-6.1092,303.601,-2.3689],"pipPosition":[-29.4305,296.427,-39.7977],"stabilizedTipPosition":[-34.6406,250.107,11.9399],"timeVisible":213.226,"tipPosition":[-45.7427,272.547,-13.1089],"tipVelocity":[-50.9472,96.1352,-284.58],"tool":false,"touchDistance":0.333333,"touchZone":"none","type":3,"width":18.077},{"bases":[[[0.48501,-0.862669,-0.14341],[0.846974,0.422554,0.32262],[-0.217715,-0.277939,0.935601]],[[0.509333,-0.818873,-0.264627],[0.654554,0.568266,-0.498631],[0.558694,0.080756,0.825433]],[[0.509333,-0.818873,-0.264627],[-0.515641,-0.0442079,-0.855664],[0.688981,0.57227,-0.44476]],[[0.509333,-0.818873,-0.264627],[-0.858497,-0.462156,-0.222251],[0.0596965,0.340382,-0.93839]]],"btipPosition":[-28.3391,265.973,-6.62188],"carpPosition":[-6.70377,269.772,51.942],"dipPosition":[-27.3101,271.84,-22.7967],"direction":[-0.688981,-0.57227,0.444761],"extended":false,"handId":506,"id":5064,"length":50.5107,"mcpPosition":[5.9205,285.888,-2.30906],"pipPosition":[-13.8345,283.033,-31.4957],"stabilizedTipPosition":[-18.2483,245.331,17.1475],"timeVisible":213.226,"tipPosition":[-28.2475,267,-9.46302],"tipVelocity":[-50.9351,98.8614,-277.673],"tool":false,"touchDistance":0.333333,"touchZone":"none","type":4,"width":16.0574}],"r":[[0.615473,-0.327446,0.716919],[0.491228,-0.551961,-0.673821],[0.616351,0.766889,-0.178867]],"s":0.940044,"t":[-10.324,39.0814,12.9063],"timestamp":98027699185},false],[6,{"currentFrameRate":110.604,"devices":[],"gestures":[],"hands":[{"armBasis":[[0.756386,-0.455107,-0.46985],[0.604147,0.761415,0.235061],[0.250773,-0.461655,0.850875]],"armWidth":63.72,"confidence":0.54577,"direction":[0.0768297,0.507963,-0.857946],"elbow":[46.7624,148.828,290.697],"grabStrength":0,"id":506,"palmNormal":[-0.602736,-0.661793,-0.445802],"palmPosition":[-25.4555,302.249,14.6519],"palmVelocity":[-50.9339,100.364,-269.667],"palmWidth":90.99,"pinchStrength":1,"r":[[0.615787,-0.323446,0.718463],[0.492299,-0.554009,-0.671354],[0.615182,0.767109,-0.18192]],"s":0.939371,"sphereCenter":[-62.246,286.576,-18.8025],"sphereRadius":45.4164,"stabilizedPalmPosition":[-17.914,277.847,47.8117],"t":[-10.7322,39.8576,10.664],"timeVisible":213.235,"type":"right","wrist":[-20.9463,273.475,60.9606]}],"id":1820992,"interactionBox":{"center":[0,200,0],"size":[235.247,235.247,147.751]},"pointables":[{"bases":[[[0.873692,0.469178,0.128584],[-0.399627,0.541459,0.739676],[0.277417,-0.697635,0.660564]],[[0.817853,0.575048,0.0209158],[-0.5677,0.800399,0.192555],[0.0939873,-0.169356,0.981063]],[[0.817853,0.575048,0.0209158],[-0.549791,0.77017,0.32337],[0.169844,-0.275968,0.946042]],[[0.817853,0.575048,0.0209158],[-0.525572,0.761298,-0.379736],[-0.23429,0.299576,0.924858]]],"btipPosition":[-55.3601,291.16,-36.5127],"carpPosition":[-50.3608,280.308,66.3605],"dipPosition":[-60.8433,298.171,-14.8676],"direction":[-0.169844,0.275968,-0.946042],"extended":false,"handId":506,"id":5060,"length":52.1164,"mcpPosition":[-50.3608,280.308,66.3605],"pipPosition":[-55.0524,288.762,17.3882],"stabilizedTipPosition":[-48.7456,269.054,5.38732],"timeVisible":213.235,"tipPosition":[-56.6406,293.115,-31.65],"tipVelocity":[-34.3632,49.2243,-261.778],"tool":false,"touchDistance":-0.557193,"touchZone":"hovering","type":0,"width":20.25},{"bases":[[[0.795858,-0.45825,-0.395748],[0.587521,0.742486,0.321768],[0.146387,-0.488592,0.860145]],[[0.809074,-0.546259,-0.216797],[0.562029,0.827004,0.0136763],[0.171821,-0.132911,0.976121]],[[0.809074,-0.546259,-0.216797],[0.542421,0.836063,-0.0823279],[0.226228,-0.0509858,0.972739]],[[0.809074,-0.546259,-0.216797],[0.525083,0.837576,-0.150844],[0.263984,0.00820787,0.964492]]],"btipPosition":[-59.4773,336.984,-81.3696],"carpPosition":[-31.3474,294.236,63.8378],"dipPosition":[-54.9669,337.124,-64.8907],"direction":[-0.226228,0.0509858,-0.972739],"extended":true,"handId":506,"id":5061,"length":58.8075,"mcpPosition":[-42.117,330.182,0.557266],"pipPosition":[-49.4989,335.892,-41.3792],"stabilizedTipPosition":[-52.5862,313.949,-34.8903],"timeVisible":213.235,"tipPosition":[-58.8668,336.178,-77.5238],"tipVelocity":[-51.2919,60.4331,-290.422],"tool":false,"touchDistance":-0.569993,"touchZone":"hovering","type":1,"width":19.3428},{"bases":[[[0.696422,-0.639864,-0.324917],[0.716683,0.643417,0.269036],[0.0369107,-0.420225,0.906669]],[[0.694542,-0.623619,-0.358763],[0.443197,0.763671,-0.46945],[0.566734,0.16705,0.806788]],[[0.694542,-0.623619,-0.358763],[-0.547378,-0.134429,-0.826018],[0.466892,0.770083,-0.434722]],[[0.694542,-0.623619,-0.358763],[-0.706395,-0.685674,-0.175664],[-0.136447,0.375434,-0.91675]]],"btipPosition":[-61.3439,282.519,-13.4962],"carpPosition":[-20.7393,290.206,59.0583],"dipPosition":[-63.908,289.574,-30.7238],"direction":[-0.466892,-0.770083,0.434722],"extended":false,"handId":506,"id":5062,"length":67.0064,"mcpPosition":[-23.3145,319.525,-4.1982],"pipPosition":[-50.6313,311.473,-43.0857],"stabilizedTipPosition":[-53.2051,260.997,12.7135],"timeVisible":213.235,"tipPosition":[-61.8716,283.707,-16.6127],"tipVelocity":[-45.94,78.2697,-267.108],"tool":false,"touchDistance":0.333333,"touchZone":"none","type":2,"width":18.9972},{"bases":[[[0.638241,-0.7414,-0.207302],[0.765419,0.582333,0.2739],[-0.0823505,-0.333487,0.939151]],[[0.641651,-0.723123,-0.25569],[0.562343,0.670234,-0.484311],[0.521589,0.166973,0.836699]],[[0.641651,-0.723123,-0.25569],[-0.492222,-0.132565,-0.860316],[0.588219,0.677879,-0.440997]],[[0.641651,-0.723123,-0.25569],[-0.766828,-0.611813,-0.194062],[-0.0161042,0.32059,-0.947081]]],"btipPosition":[-45.7506,271.969,-11.7154],"carpPosition":[-11.6107,283.308,54.5846],"dipPosition":[-46.0515,277.959,-29.4106],"direction":[-0.588219,-0.677879,0.440997],"extended":false,"handId":506,"id":5063,"length":64.4285,"mcpPosition":[-6.45226,304.198,-4.24377],"pipPosition":[-29.7566,296.738,-41.6272],"stabilizedTipPosition":[-34.685,250.199,11.8299],"timeVisible":213.235,"tipPosition":[-45.935,272.909,-14.8284],"tipVelocity":[-42.8527,80.5028,-258.415],"tool":false,"touchDistance":0.333333,"touchZone":"none","type":3,"width":18.077},{"bases":[[[0.489119,-0.860973,-0.1396],[0.845068,0.428164,0.320211],[-0.215922,-0.274593,0.937004]],[[0.51303,-0.81799,-0.260177],[0.652831,0.568629,-0.500472],[0.557326,0.0869053,0.825733]],[[0.51303,-0.81799,-0.260177],[-0.514349,-0.050291,-0.856105],[0.687201,0.573029,-0.446534]],[[0.51303,-0.81799,-0.260177],[-0.856341,-0.466907,-0.220632],[0.0589965,0.335991,-0.940016]]],"btipPosition":[-28.5011,266.471,-8.3675],"carpPosition":[-6.85706,270.621,50.2256],"dipPosition":[-27.4842,272.263,-24.5704],"direction":[-0.687201,-0.573029,0.446534],"extended":false,"handId":506,"id":50