{"sensorType":"Leap","data":[[0,{"currentFrameRate":108.747,"devices":[],"gestures":[],"hands":[{"armBasis":[[0.76701,-0.397474,-0.503697],[0.568044,0.785685,0.245],[0.298366,-0.47404,0.828411]],"armWidth":63.72,"confidence":0.557467,"direction":[0.0848217,0.460835,-0.883423],"elbow":[64.1274,152.242,297.799],"grabStrength":0,"id":506,"palmNormal":[-0.562266,-0.709828,-0.424265],"palmPosition":[-20.5504,306.112,26.1062],"palmVelocity":[-48.8118,145.456,-363.776],"palmWidth":90.99,"pinchStrength":1,"r":[[0.617794,-0.228785,0.752322],[0.543333,-0.567417,-0.61873],[0.568436,0.791009,-0.22624]],"s":0.95586,"sphereCenter":[-60.1908,291.433,-6.51221],"sphereRadius":47.4285,"stabilizedPalmPosition":[-5.77672,285.276,33.1597],"t":[-5.74443,43.046,23.4303],"timeVisible":199.858,"type":"right","wrist":[-16.4314,280.233,74.1277]}],"id":1819534,"interactionBox":{"center":[0,200,0],"size":[235.247,235.247,147.751]},"pointables":[{"bases":[[[0.850467,0.510454,0.127052],[-0.443669,0.566316,0.694582],[0.282601,-0.647088,0.708106]],[[0.810741,0.583911,0.0417845],[-0.584968,0.805313,0.0963527],[0.0226118,-0.10256,0.99447]],[[0.810741,0.583911,0.0417845],[-0.566361,0.764309,0.308328],[0.1481,-0.273639,0.950362]],[[0.810741,0.583911,0.0417845],[-0.555102,0.78948,-0.261883],[-0.185905,0.189125,0.964195]]],"btipPosition":[-48.0722,296.199,-26.3714],"carpPosition":[-46.2447,286.176,78.239],"dipPosition":[-52.423,300.625,-3.80574],"direction":[-0.1481,0.273639,-0.950362],"extended":true,"handId":506,"id":5060,"length":52.1164,"mcpPosition":[-46.2447,286.176,78.239],"pipPosition":[-47.3734,291.296,28.5974],"stabilizedTipPosition":[-38.1741,268.35,11.4336],"timeVisible":199.858,"tipPosition":[-48.6383,296.824,-20.9953],"tipVelocity":[-48.598,173.358,-368.562],"tool":false,"touchDistance":-0.592545,"touchZone":"hovering","type":0,"width":20.25},{"bases":[[[0.825159,-0.447768,-0.344407],[0.547961,0.782633,0.295338],[0.137302,-0.432423,0.891156]],[[0.83583,-0.526432,-0.155749],[0.535234,0.844514,0.0178827],[0.122119,-0.0983092,0.987635]],[[0.83583,-0.526432,-0.155749],[0.519918,0.850142,-0.083332],[0.176278,-0.0113255,0.984275]],[[0.83583,-0.526432,-0.155749],[0.50533,0.84862,-0.156476],[0.214546,0.0520824,0.975324]]],"btipPosition":[-50.9824,336.111,-72.97],"carpPosition":[-27.7084,300.69,75.4775],"dipPosition":[-47.3168,337.001,-56.306],"direction":[-0.176278,0.0113255,-0.984275],"extended":true,"handId":506,"id":5061,"length":58.8075,"mcpPosition":[-37.8096,332.503,9.91553],"pipPosition":[-43.0561,336.727,-32.5156],"stabilizedTipPosition":[-49.1304,310.342,-44.8483],"timeVisible":199.858,"tipPosition":[-49.8604,336.869,-69.1061],"tipVelocity":[-26.2023,191.73,-357.626],"tool":false,"touchDistance":-0.577267,"touchZone":"hovering","type":1,"width":19.3428},{"bases":[[[0.730537,-0.628888,-0.26611],[0.682456,0.685982,0.252354],[0.0238445,-0.365963,0.930324]],[[0.730083,-0.623173,-0.280418],[0.453854,0.748959,-0.48278],[0.510877,0.225201,0.829632]],[[0.730083,-0.623173,-0.280418],[-0.486381,-0.185626,-0.853801],[0.480013,0.759736,-0.438622]],[[0.730083,-0.623173,-0.280418],[-0.678214,-0.711028,-0.185649],[-0.0836937,0.325723,-0.941754]]],"btipPosition":[-55.1705,283.776,-3.46502],"carpPosition":[-16.8054,296.823,71.2601],"dipPosition":[-56.7433,289.897,-21.1625],"direction":[-0.480013,-0.759736,0.438622],"extended":false,"handId":506,"id":5062,"length":67.0064,"mcpPosition":[-18.4689,322.356,6.35328],"pipPosition":[-43.0934,311.501,-33.6353],"stabilizedTipPosition":[-35.8411,259.045,1.17927],"timeVisible":199.858,"tipPosition":[-55.5639,284.863,-6.89484],"tipVelocity":[-57.5386,179.388,-389.789],"tool":false,"touchDistance":0.333333,"touchZone":"none","type":2,"width":18.9972},{"bases":[[[0.672545,-0.725799,-0.144566],[0.733318,0.627282,0.262225],[-0.0996386,-0.282371,0.954117]],[[0.676683,-0.710784,-0.192059],[0.549785,0.661299,-0.510314],[0.489732,0.23973,0.838268]],[[0.676683,-0.710784,-0.192059],[-0.457333,-0.201337,-0.866204],[0.577015,0.673981,-0.461306]],[[0.676683,-0.710784,-0.192059],[-0.736226,-0.650214,-0.187599],[0.00846261,0.268344,-0.963286]]],"btipPosition":[-39.062,273.345,1.02877],"carpPosition":[-7.27979,290.053,67.471],"dipPosition":[-38.9039,278.359,-16.9693],"direction":[-0.577015,-0.673981,0.461306],"extended":false,"handId":506,"id":5063,"length":64.4285,"mcpPosition":[-1.03843,307.741,7.70509],"pipPosition":[-22.9194,297.03,-29.7484],"stabilizedTipPosition":[-17.1185,249.882,1.03725],"timeVisible":199.858,"tipPosition":[-39.1613,274.243,-2.65108],"tipVelocity":[-61.9487,164.051,-376.384],"tool":false,"touchDistance":0.333333,"touchZone":"none","type":3,"width":18.077},{"bases":[[[0.52602,-0.847204,-0.0744926],[0.817293,0.47933,0.319804],[-0.235233,-0.229106,0.944551]],[[0.54644,-0.820844,-0.166188],[0.673138,0.548529,-0.495985],[0.498285,0.159158,0.85228]],[[0.54644,-0.820844,-0.166188],[-0.447186,-0.118194,-0.886597],[0.708115,0.55879,-0.431656]],[[0.54644,-0.820844,-0.166188],[-0.828865,-0.501635,-0.247679],[0.11994,0.273089,-0.954482]]],"btipPosition":[-21.8016,269.359,3.99198],"carpPosition":[-1.90534,277.339,64.003],"dipPosition":[-19.7342,274.067,-12.4602],"direction":[-0.708115,-0.55879,0.431656],"extended":false,"handId":506,"id":5064,"length":50.5107,"mcpPosition":[11.7347,290.624,9.23301],"pipPosition":[-5.88429,284.996,-20.9029],"stabilizedTipPosition":[1.1069,247.459,1.71191],"timeVisible":199.858,"tipPosition":[-21.479,270.225,0.819108],"tipVelocity":[-62.9401,156.863,-384.029],"tool":false,"touchDistance":0.333333,"touchZone":"none","type":4,"width":16.0574}],"r":[[0.617794,-0.228785,0.752322],[0.543333,-0.567417,-0.61873],[0.568436,0.791009,-0.22624]],"s":0.95586,"t":[-5.74443,43.046,23.4303],"timestamp":98014331180},false],[1,{"currentFrameRate":108.835,"devices":[],"gestures":[],"hands":[{"armBasis":[[0.764397,-0.401789,-0.504244],[0.572069,0.78338,0.243006],[0.297377,-0.474216,0.828665]],"armWidth":63.72,"confidence":0.562162,"direction":[0.0865126,0.448321,-0.889676],"elbow":[63.2557,153.434,295.71],"grabStrength":0,"id":506,"palmNormal":[-0.565822,-0.712904,-0.414263],"palmPosition":[-21.0593,306.713,23.6017],"palmVelocity":[-50.8873,123.721,-339.978],"palmWidth":90.99,"pinchStrength":1,"r":[[0.616498,-0.230472,0.75287],[0.54151,-0.570033,-0.617923],[0.571575,0.788635,-0.226621]],"s":0.955201,"sphereCenter":[-60.8924,291.873,-8.7784],"sphereRadius":47.4875,"stabilizedPalmPosition":[-5.78106,285.283,33.157],"t":[-6.24433,44.0718,20.4009],"timeVisible":199.867,"type":"right","wrist":[-17.0361,281.473,71.9703]}],"id":1819535,"interactionBox":{"center":[0,200,0],"size":[235.247,235.247,147.751]},"pointables":[{"bases":[[[0.852924,0.508135,0.119666],[-0.440632,0.577831,0.68699],[0.279937,-0.638678,0.716746]],[[0.813566,0.580503,0.0335522],[-0.58104,0.809382,0.085407],[0.0224225,-0.0889794,0.995781]],[[0.813566,0.580503,0.0335522],[-0.562596,0.771261,0.297729],[0.146955,-0.261099,0.954061]],[[0.813566,0.580503,0.0335522],[-0.551204,0.788306,-0.2734],[-0.185159,0.203935,0.961315]]],"btipPosition":[-48.6154,296.183,-28.7204],"carpPosition":[-46.819,287.612,76.0141],"dipPosition":[-52.9488,300.956,-6.2222],"direction":[-0.146955,0.261099,-0.954061],"extended":true,"handId":506,"id":5060,"length":52.1164,"mcpPosition":[-46.819,287.612,76.0141],"pipPosition":[-47.9383,292.053,26.3071],"stabilizedTipPosition":[-38.181,268.368,11.4124],"timeVisible":199.867,"tipPosition":[-49.2067,296.911,-23.3606],"tipVelocity":[-51.6595,127.554,-339.179],"tool":false,"touchDistance":-0.597092,"touchZone":"hovering","type":0,"width":20.25},{"bases":[[[0.822862,-0.456308,-0.338647],[0.55179,0.784007,0.284361],[0.135746,-0.420852,0.896915]],[[0.833282,-0.532268,-0.14944],[0.539154,0.842181,0.00670287],[0.122288,-0.0861564,0.988748]],[[0.833282,-0.532268,-0.14944],[0.523775,0.846576,-0.0947036],[0.17692,0.000641966,0.984225]],[[0.833282,-0.532268,-0.14944],[0.509104,0.844165,-0.167924],[0.215532,0.0638474,0.974407]]],"btipPosition":[-51.4154,335.557,-75.8563],"carpPosition":[-28.2162,302,73.0459],"dipPosition":[-47.7329,336.647,-59.2079],"direction":[-0.17692,-0.000641966,-0.984225],"extended":true,"handId":506,"id":5061,"length":58.8075,"mcpPosition":[-38.2029,332.961,7.06016],"pipPosition":[-43.4567,336.663,-35.4188],"stabilizedTipPosition":[-49.1314,310.361,-44.8687],"timeVisible":199.867,"tipPosition":[-50.2923,336.32,-72.006],"tipVelocity":[-32.0716,123.441,-347.275],"tool":false,"touchDistance":-0.591222,"touchZone":"hovering","type":1,"width":19.3428},{"bases":[[[0.727432,-0.635895,-0.257839],[0.685807,0.686146,0.242637],[0.0226232,-0.35333,0.935225]],[[0.726994,-0.630346,-0.272293],[0.457707,0.740476,-0.492138],[0.511843,0.233151,0.826836]],[[0.726994,-0.630346,-0.272293],[-0.487071,-0.193898,-0.851566],[0.483985,0.75171,-0.447986]],[[0.726994,-0.630346,-0.272293],[-0.681724,-0.709991,-0.176537],[-0.0820462,0.313969,-0.945881]]],"btipPosition":[-55.8041,284.161,-5.71194],"carpPosition":[-17.3337,298.024,68.8766],"dipPosition":[-57.3459,290.061,-23.4869],"direction":[-0.483985,-0.75171,0.447986],"extended":false,"handId":506,"id":5062,"length":67.0064,"mcpPosition":[-18.9121,322.675,3.62776],"pipPosition":[-43.5831,311.437,-36.226],"stabilizedTipPosition":[-35.8541,259.061,1.17225],"timeVisible":199.867,"tipPosition":[-56.1893,285.21,-9.1575],"tipVelocity":[-60.798,140.192,-351.518],"tool":false,"touchDistance":0.333333,"touchZone":"none","type":2,"width":18.9972},{"bases":[[[0.66905,-0.730862,-0.134955],[0.736398,0.627348,0.253285],[-0.100453,-0.268841,0.957932]],[[0.673229,-0.716534,-0.182597],[0.552744,0.651697,-0.519389],[0.491158,0.248739,0.834801]],[[0.673229,-0.716534,-0.182597],[-0.45863,-0.210933,-0.86323],[0.580018,0.664896,-0.47063]],[[0.673229,-0.716534,-0.182597],[-0.739376,-0.649238,-0.178362],[0.00925379,0.255086,-0.966874]]],"btipPosition":[-39.735,273.699,-1.02524],"carpPosition":[-7.84207,291.158,65.1757],"dipPosition":[-39.5621,278.465,-19.0903],"direction":[-0.580018,-0.664896,0.47063],"extended":false,"handId":506,"id":5063,"length":64.4285,"mcpPosition":[-1.54969,307.998,5.17088],"pipPosition":[-23.4944,296.884,-32.1277],"stabilizedTipPosition":[-17.129,249.894,1.03436],"timeVisible":199.867,"tipPosition":[-39.831,274.549,-4.72047],"tipVelocity":[-65.3074,127.943,-335.848],"tool":false,"touchDistance":0.333333,"touchZone":"none","type":3,"width":18.077},{"bases":[[[0.521994,-0.850608,-0.0631599],[0.819708,0.479802,0.312841],[-0.2358,-0.215074,0.947703]],[[0.542209,-0.826049,-0.153793],[0.676847,0.537846,-0.502593],[0.497883,0.168416,0.850734]],[[0.542209,-0.826049,-0.153793],[-0.446665,-0.128334,-0.88545],[0.711688,0.548793,-0.43855]],[[0.542209,-0.826049,-0.153793],[-0.831333,-0.50081,-0.240987],[0.122047,0.258518,-0.958266]]],"btipPosition":[-22.4846,269.699,1.94015],"carpPosition":[-2.52926,278.372,61.8792],"dipPosition":[-20.3809,274.155,-14.5773],"direction":[-0.711688,-0.548793,0.43855],"extended":false,"handId":506,"id":5064,"length":50.5107,"mcpPosition":[11.1437,290.844,6.92647],"pipPosition":[-6.46109,284.888,-23.1548],"stabilizedTipPosition":[1.09875,247.467,1.71065],"timeVisible":199.867,"tipPosition":[-22.1541,270.512,-1.2462],"tipVelocity":[-66.1816,122.254,-341.308],"tool":false,"touchDistance":0.333333,"touchZone":"none","type":4,"width":16.0574}],"r":[[0.616498,-0.230472,0.75287],[0.54151,-0.570033,-0.617923],[0.571575,0.788635,-0.226621]],"s":0.955201,"t":[-6.24433,44.0718,20.4009],"timestamp":98014340210},false],[2,{"currentFrameRate":108.9,"devices":[],"gestures":[],"hands":[{"armBasis":[[0.768866,-0.402217,-0.497058],[0.570342,0.782834,0.248758],[0.289059,-0.474755,0.831296]],"armWidth":63.72,"confidence":0.574387,"direction":[0.0865271,0.441749,-0.892956],"elbow":[60.697,153.813,295.385],"grabStrength":0,"id":506,"palmNormal":[-0.563875,-0.717215,-0.409448],"palmPosition":[-21.3732,306.861,22.3729],"palmVelocity":[-46.3938,94.0492,-283.485],"palmWidth":90.99,"pinchStrength":1,"r":[[0.615397,-0.230416,0.753788],[0.540413,-0.572829,-0.616297],[0.573795,0.786623,-0.227997]],"s":0.954614,"sphereCenter":[-61.2442,291.788,-9.92285],"sphereRadius":47.5465,"stabilizedPalmPosition":[-5.78555,285.289,33.1539],"t":[-6.65126,44.6587,18.2717],"timeVisible":199.876,"type":"right","wrist":[-17.3491,281.997,70.9356]}],"id":1819536,"interactionBox":{"center":[0,200,0],"size":[235.247,235.247,147.751]},"pointables":[{"bases":[[[0.851724,0.510826,0.116715],[-0.442585,0.582089,0.682123],[0.280507,-0.632637,0.721863]],[[0.812365,0.58237,0.0301252],[-0.582758,0.808844,0.0785164],[0.021359,-0.0813396,0.996458]],[[0.812365,0.58237,0.0301252],[-0.564523,0.772416,0.291012],[0.146207,-0.253414,0.956245]],[[0.812365,0.58237,0.0301252],[-0.552265,0.784903,-0.280945],[-0.18726,0.211593,0.959251]]],"btipPosition":[-48.8178,295.852,-29.8933],"carpPosition":[-47.1491,288.103,74.9012],"dipPosition":[-53.2003,300.804,-7.44334],"direction":[-0.146207,0.253414,-0.956245],"extended":true,"handId":506,"id":5060,"length":52.1164,"mcpPosition":[-47.1491,288.103,74.9012],"pipPosition":[-48.2153,292.164,25.1604],"stabilizedTipPosition":[-38.1873,268.383,11.3928],"timeVisible":199.876,"tipPosition":[-49.4425,296.641,-24.5472],"tipVelocity":[-43.8971,83.4747,-281.54],"tool":false,"touchDistance":-0.583475,"touchZone":"hovering","type":0,"width":20.25},{"bases":[[[0.824183,-0.457123,-0.334307],[0.549834,0.787302,0.278995],[0.135665,-0.413756,0.900223]],[[0.834578,-0.531459,-0.145023],[0.537325,0.843374,0.00152726],[0.121497,-0.079199,0.989427]],[[0.834578,-0.531459,-0.145023],[0.522039,0.847049,-0.099914],[0.175942,0.00767853,0.984371]],[[0.834578,-0.531459,-0.145023],[0.507443,0.844111,-0.173141],[0.214433,0.0709088,0.974162]]],"btipPosition":[-51.6903,334.953,-77.3302],"carpPosition":[-28.5734,302.507,71.8437],"dipPosition":[-48.0266,336.164,-60.6861],"direction":[-0.175942,-0.00767853,-0.984371],"extended":true,"handId":506,"id":5061,"length":58.8075,"mcpPosition":[-38.5542,332.947,5.61472],"pipPosition":[-43.774,336.35,-36.8934],"stabilizedTipPosition":[-49.1325,310.376,-44.8861],"timeVisible":199.876,"tipPosition":[-50.5801,335.701,-73.486],"tipVelocity":[-31.718,71.7764,-296.265],"tool":false,"touchDistance":-0.582557,"touchZone":"hovering","type":1,"width":19.3428},{"bases":[[[0.729044,-0.636293,-0.25224],[0.684101,0.689411,0.238157],[0.0223597,-0.346185,0.9379]],[[0.728607,-0.63082,-0.26683],[0.457429,0.738112,-0.495933],[0.509795,0.239285,0.826349]],[[0.728607,-0.63082,-0.26683],[-0.48503,-0.200131,-0.851289],[0.483609,0.749676,-0.451784]],[[0.728607,-0.63082,-0.26683],[-0.680114,-0.712448,-0.172806],[-0.0810934,0.307383,-0.948124]]],"btipPosition":[-56.0386,284.048,-6.88526],"carpPosition":[-17.6781,298.523,67.7162],"dipPosition":[-57.5625,289.824,-24.7024],"direction":[-0.483609,-0.749676,0.451784],"extended":false,"handId":506,"id":5062,"length":67.0064,"mcpPosition":[-19.2381,322.676,2.28083],"pipPosition":[-43.8104,311.142,-37.5495],"stabilizedTipPosition":[-35.8667,259.078,1.1648],"timeVisible":199.876,"tipPosition":[-56.4192,285.073,-10.3354],"tipVelocity":[-51.0195,97.1379,-290.441],"tool":false,"touchDistance":0.333333,"touchZone":"none","type":2,"width":18.9972},{"bases":[[[0.67073,-0.73045,-0.128702],[0.734804,0.630802,0.249304],[-0.100918,-0.261786,0.959835]],[[0.674927,-0.71649,-0.176396],[0.552058,0.648932,-0.523565],[0.489598,0.255987,0.833525]],[[0.674927,-0.71649,-0.176396],[-0.457153,-0.218375,-0.862162],[0.57921,0.662536,-0.474933]],[[0.674927,-0.71649,-0.176396],[-0.737819,-0.652124,-0.174231],[0.00980245,0.247741,-0.968777]]],"btipPosition":[-39.95,273.628,-2.03082],"carpPosition":[-8.16808,291.649,64.0776],"dipPosition":[-39.7669,278.257,-20.1314],"direction":[-0.57921,-0.662536,0.474933],"extended":false,"handId":506,"id":5063,"length":64.4285,"mcpPosition":[-1.84656,308.048,3.95355],"pipPosition":[-23.7216,296.61,-33.288],"stabilizedTipPosition":[-17.1394,249.905,1.03106],"timeVisible":199.876,"tipPosition":[-40.043,274.45,-5.73595],"tipVelocity":[-53.7438,89.4456,-273.943],"tool":false,"touchDistance":0.333333,"touchZone":"none","type":3,"width":18.077},{"bases":[[[0.523849,-0.849958,-0.0561579],[0.81836,0.483888,0.310064],[-0.236367,-0.208384,0.949056]],[[0.543819,-0.826497,-0.145479],[0.677681,0.53475,-0.504768],[0.494984,0.175914,0.850909]],[[0.543819,-0.826497,-0.145479],[-0.443825,-0.136126,-0.885714],[0.712236,0.546235,-0.440848]],[[0.543819,-0.826497,-0.145479],[-0.829995,-0.504099,-0.238733],[0.123976,0.250574,-0.960126]]],"btipPosition":[-22.6887,269.711,0.937066],"carpPosition":[-2.82486,278.851,60.8837],"dipPosition":[-20.5518,274.03,-15.6124],"direction":[-0.712236,-0.546235,0.440848],"extended":false,"handId":506,"id":5064,"length":50.5107,"mcpPosition":[10.8809,290.934,5.85256],"pipPosition":[-6.62129,284.714,-24.2349],"stabilizedTipPosition":[1.09059,247.475,1.70905],"timeVisible":199.876,"tipPosition":[-22.35,270.494,-2.25636],"tipVelocity":[-53.8836,87.8826,-277.794],"tool":false,"touchDistance":0.333333,"touchZone":"none","type":4,"width":16.0574}],"r":[[0.615397,-0.230416,0.753788],[0.540413,-0.572829,-0.616297],[0.573795,0.786623,-0.227997]],"s":0.954614,"t":[-6.65126,44.6587,18.2717],"timestamp":98014349277},false],[3,{"currentFrameRate":109.005,"devices":[],"gestures":[],"hands":[{"armBasis":[[0.770978,-0.415273,-0.482847],[0.574729,0.780309,0.246585],[0.27437,-0.467618,0.84027]],"armWidth":63.72,"confidence":0.575974,"direction":[0.0909781,0.447663,-0.889562],"elbow":[55.9131,155.92,294.578],"grabStrength":0,"id":506,"palmNormal":[-0.567656,-0.710623,-0.41567],"palmPosition":[-21.9433,307.418,19.3167],"palmVelocity":[-51.0694,85.2619,-299.01],"palmWidth":90.99,"pinchStrength":1,"r":[[0.613946,-0.232244,0.754409],[0.539023,-0.57485,-0.61563],[0.576649,0.784608,-0.227742]],"s":0.954445,"sphereCenter":[-62.0163,293.048,-13.1002],"sphereRadius":47.6238,"stabilizedPalmPosition":[-5.7899,285.295,33.1501],"t":[-7.13978,45.2308,15.6791],"timeVisible":199.885,"type":"right","wrist":[-18.1668,282.177,67.7045]}],"id":1819537,"interactionBox":{"center":[0,200,0],"size":[235.247,235.247,147.751]},"pointables":[{"bases":[[[0.85473,0.50454,0.121963],[-0.440143,0.579921,0.68554],[0.275154,-0.639633,0.717746]],[[0.81625,0.576554,0.0363383],[-0.577412,0.812248,0.0827538],[0.0181963,-0.08853,0.995907]],[[0.81625,0.576554,0.0363383],[-0.560011,0.774247,0.294839],[0.141856,-0.261012,0.954856]],[[0.81625,0.576554,0.0363383],[-0.545821,0.790289,-0.278428],[-0.189247,0.207433,0.959769]]],"btipPosition":[-49.2507,296.908,-33.0711],"carpPosition":[-47.9347,288.444,71.6607],"dipPosition":[-53.6797,301.762,-10.609],"direction":[-0.141856,0.261012,-0.954856],"extended":true,"handId":506,"id":5060,"length":52.1164,"mcpPosition":[-47.9347,288.444,71.6607],"pipPosition":[-48.8431,292.863,21.9474],"stabilizedTipPosition":[-38.1933,268.398,11.3735],"timeVisible":199.885,"tipPosition":[-49.9452,297.705,-27.7332],"tipVelocity":[-45.3961,92.1184,-301.226],"tool":false,"touchDistance":-0.601086,"touchZone":"hovering","type":0,"width":20.25},{"bases":[[[0.821883,-0.459913,-0.336137],[0.5543,0.781744,0.285706],[0.131373,-0.421137,0.897432]],[[0.831496,-0.535351,-0.148374],[0.54261,0.839922,0.0102753],[0.119121,-0.0890528,0.988878]],[[0.831496,-0.535351,-0.148374],[0.527588,0.844626,-0.0908764],[0.173971,-0.00271675,0.984747]],[[0.831496,-0.535351,-0.148374],[0.513159,0.84248,-0.163996],[0.212797,0.0602228,0.975239]]],"btipPosition":[-51.8859,336.597,-80.231],"carpPosition":[-29.2624,302.751,68.7416],"dipPosition":[-48.2502,337.626,-63.5685],"direction":[-0.173971,0.00271675,-0.984747],"extended":true,"handId":506,"id":5061,"length":58.8075,"mcpPosition":[-38.9275,333.734,2.71785],"pipPosition":[-44.0452,337.56,-39.7667],"stabilizedTipPosition":[-49.1335,310.391,-44.9034],"timeVisible":199.885,"tipPosition":[-50.7991,337.214,-76.38],"tipVelocity":[-29.1873,100.983,-303.415],"tool":false,"touchDistance":-0.596083,"touchZone":"hovering","type":1,"width":19.3428},{"bases":[[[0.725458,-0.639066,-0.255548],[0.688019,0.6833,0.244398],[0.0184294,-0.353123,0.935396]],[[0.725082,-0.633477,-0.270116],[0.463072,0.738809,-0.489618],[0.509726,0.22993,0.829043]],[[0.725082,-0.633477,-0.270116],[-0.484733,-0.190859,-0.853585],[0.489172,0.749853,-0.445455]],[[0.725082,-0.633477,-0.270116],[-0.684287,-0.706884,-0.17907],[-0.0775041,0.314677,-0.946029]]],"btipPosition":[-56.6936,285.045,-10.1711],"carpPosition":[-18.385,298.728,64.6048],"dipPosition":[-58.1501,290.959,-27.9489],"direction":[-0.489172,-0.749853,0.445455],"extended":false,"handId":506,"id":5062,"length":67.0064,"mcpPosition":[-19.6708,323.365,-0.655841],"pipPosition":[-44.2397,312.282,-40.616],"stabilizedTipPosition":[-35.879,259.094,1.15579],"timeVisible":199.885,"tipPosition":[-57.0631,286.099,-13.6223],"tipVelocity":[-56.5443,101.905,-310.792],"tool":false,"touchDistance":0.333333,"touchZone":"none","type":2,"width":18.9972},{"bases":[[[0.666319,-0.733745,-0.132803],[0.738329,0.624291,0.25521],[-0.104351,-0.268104,0.957722]],[[0.670671,-0.719562,-0.180086],[0.555392,0.648072,-0.521097],[0.49167,0.249466,0.834282]],[[0.670671,-0.719562,-0.180086],[-0.4582,-0.21097,-0.863449],[0.583312,0.661606,-0.471195]],[[0.670671,-0.719562,-0.180086],[-0.741636,-0.646143,-0.18021],[0.0133106,0.25442,-0.967002]]],"btipPosition":[-40.7508,274.387,-5.21312],"carpPosition":[-8.91207,291.82,60.9335],"dipPosition":[-40.5021,279.141,-23.2806],"direction":[-0.583312,-0.661606,0.471195],"extended":false,"handId":506,"id":5063,"length":64.4285,"mcpPosition":[-2.37552,308.614,0.941764],"pipPosition":[-24.3432,297.468,-36.3336],"stabilizedTipPosition":[-17.1497,249.916,1.02649],"timeVisible":199.885,"tipPosition":[-40.7975,275.287,-8.99418],"tipVelocity":[-62.9818,88.9599,-295.701],"tool":false,"touchDistance":0.333333,"touchZone":"none","type":3,"width":18.077},{"bases":[[[0.51855,-0.852841,-0.061395],[0.820838,0.476411,0.31505],[-0.239438,-0.213765,0.947087]],[[0.538793,-0.82892,-0.15031],[0.682068,0.533949,-0.499681],[0.494454,0.166703,0.853068]],[[0.538793,-0.82892,-0.15031],[-0.442976,-0.127001,-0.887493],[0.716571,0.544759,-0.435619]],[[0.538793,-0.82892,-0.15031],[-0.832743,-0.497056,-0.243872],[0.127438,0.256566,-0.958088]]],"btipPosition":[-23.4558,270.435,-2.39008],"carpPosition":[-3.64425,279.012,57.6562],"dipPosition":[-21.2591,274.857,-18.9045],"direction":[-0.716571,-0.544759,0.435619],"extended":false,"handId":506,"id":5064,"length":50.5107,"mcpPosition":[10.2396,291.407,2.73917],"pipPosition":[-7.24386,285.512,-27.4246],"stabilizedTipPosition":[1.08254,247.483,1.7064],"timeVisible":199.885,"tipPosition":[-23.1049,271.239,-5.58021],"tipVelocity":[-62.0958,86.6062,-302.903],"tool":false,"touchDistance":0.333333,"touchZone":"none","type":4,"width":16.0574}],"r":[[0.613946,-0.232244,0.754409],[0.539023,-0.57485,-0.61563],[0.576649,0.784608,-0.227742]],"s":0.954445,"t":[-7.13978,45.2308,15.6791],"timestamp":98014358263},false],[4,{"currentFrameRate":109.113,"devices":[],"gestures":[],"hands":[{"armBasis":[[0.784011,-0.41454,-0.462043],[0.565799,0.783399,0.25721],[0.25534,-0.463079,0.848739]],"armWidth":63.72,"confidence":0.58581,"direction":[0.0903841,0.44698,-0.889966],"elbow":[50.2273,157.641,294.398],"grabStrength":0,"id":506,"palmNormal":[-0.55858,-0.717079,-0.416877],"palmPosition":[-22.532,307.789,16.7885],"palmVelocity":[-55.0534,73.2236,-294.303],"palmWidth":90.99,"pinchStrength":1,"r":[[0.612586,-0.232186,0.755531],[0.539617,-0.575597,-0.614411],[0.577539,0.784078,-0.227312]],"s":0.954716,"sphereCenter":[-62.4826,293.249,-15.6953],"sphereRadius":47.6891,"stabilizedPalmPosition":[-5.79401,285.3,33.1461],"t":[-7.67837,45.7021,13.1187],"timeVisible":199.894,"type":"right","wrist":[-18.7146,282.673,65.2384]}],"id":1819538,"interactionBox":{"center":[0,200,0],"size":[235.247,235.247,147.751]},"pointables":[{"bases":[[[0.849027,0.513394,0.124817],[-0.44903,0.576648,0.682531],[0.278432,-0.635534,0.72012]],[[0.810519,0.584379,0.0395095],[-0.585556,0.806893,0.0777674],[0.0135657,-0.0861669,0.996188]],[[0.810519,0.584379,0.0395095],[-0.569117,0.769817,0.288942],[0.138437,-0.256679,0.956531]],[[0.810519,0.584379,0.0395095],[-0.55077,0.783379,-0.288045],[-0.199278,0.211705,0.956802]]],"btipPosition":[-49.2952,296.743,-35.6818],"carpPosition":[-48.5618,288.645,69.0516],"dipPosition":[-53.959,301.698,-13.2892],"direction":[-0.138437,0.256679,-0.956531],"extended":true,"handId":506,"id":5060,"length":52.1164,"mcpPosition":[-48.5618,288.645,69.0516],"pipPosition":[-49.239,292.946,19.3243],"stabilizedTipPosition":[-38.1981,268.41,11.3571],"timeVisible":199.894,"tipPosition":[-50.1323,297.642,-30.3709],"tipVelocity":[-35.9737,62.5735,-298.918],"tool":false,"touchDistance":-0.608711,"touchZone":"hovering","type":0,"width":20.25},{"bases":[[[0.827982,-0.452156,-0.331664],[0.545082,0.787829,0.286725],[0.13165,-0.418187,0.89877]],[[0.837567,-0.526798,-0.144793],[0.534081,0.845318,0.0139255],[0.11506,-0.0889945,0.989364]],[[0.837567,-0.526798,-0.144793],[0.519574,0.849987,-0.0869799],[0.168893,-0.00237889,0.985632]],[[0.837567,-0.526798,-0.144793],[0.505579,0.847811,-0.160018],[0.207054,0.0608213,0.976437]]],"btipPosition":[-52.2711,336.743,-82.9448],"carpPosition":[-30.0226,303.136,66.189],"dipPosition":[-48.7335,337.782,-66.2618],"direction":[-0.168893,0.00237889,-0.985632],"extended":true,"handId":506,"id":5061,"length":58.8075,"mcpPosition":[-39.708,333.902,0.0668057],"pipPosition":[-44.6513,337.725,-42.4386],"stabilizedTipPosition":[-49.1346,310.403,-44.9192],"timeVisible":199.894,"tipPosition":[-51.2487,337.247,-79.0881],"tipVelocity":[-33.6408,77.8755,-303.023],"tool":false,"touchDistance":-0.605444,"touchZone":"hovering","type":1,"width":19.3428},{"bases":[[[0.73302,-0.632134,-0.251175],[0.679973,0.690672,0.246188],[0.017856,-0.351253,0.93611]],[[0.73265,-0.626549,-0.26582],[0.456794,0.7422,-0.490387],[0.504543,0.237857,0.829976]],[[0.73265,-0.626549,-0.26582],[-0.480283,-0.199215,-0.85419],[0.482237,0.753491,-0.446876]],[[0.73265,-0.626549,-0.26582],[-0.676103,-0.714848,-0.178539],[-0.0781579,0.310528,-0.947345]]],"btipPosition":[-56.896,284.995,-12.698],"carpPosition":[-19.0867,299.215,62.1077],"dipPosition":[-58.3648,290.83,-30.5005],"direction":[-0.482237,-0.753491,0.446876],"extended":false,"handId":506,"id":5062,"length":67.0064,"mcpPosition":[-20.3325,323.722,-3.20288],"pipPosition":[-44.6517,312.257,-43.2081],"stabilizedTipPosition":[-35.8895,259.107,1.14701],"timeVisible":199.894,"tipPosition":[-57.2732,286.056,-16.2275],"tipVelocity":[-47.3258,71.9145,-302.992],"tool":false,"touchDistance":0.333333,"touchZone":"none","type":2,"width":18.9972},{"bases":[[[0.674299,-0.727189,-0.128521],[0.730829,0.632195,0.257329],[-0.105877,-0.267444,0.957739]],[[0.678709,-0.713078,-0.175713],[0.549307,0.651708,-0.523009],[0.487459,0.258451,0.834019]],[[0.678709,-0.713078,-0.175713],[-0.453673,-0.21894,-0.863855],[0.577525,0.666022,-0.4721]],[[0.678709,-0.713078,-0.175713],[-0.734259,-0.654053,-0.181875],[0.0147657,0.252459,-0.967495]]],"btipPosition":[-40.95,274.436,-7.61082],"carpPosition":[-9.52814,292.398,58.4908],"dipPosition":[-40.6741,279.153,-25.6875],"direction":[-0.577525,-0.666022,0.4721],"extended":false,"handId":506,"id":5063,"length":64.4285,"mcpPosition":[-2.896,309.15,-1.50201],"pipPosition":[-24.6755,297.603,-38.7656],"stabilizedTipPosition":[-17.1586,249.926,1.0217],"timeVisible":199.894,"tipPosition":[-40.9615,275.374,-11.4735],"tipVelocity":[-51.6253,65.8366,-287.981],"tool":false,"touchDistance":0.333333,"touchZone":"none","type":3,"width":18.077},{"bases":[[[0.527427,-0.847649,-0.0575487],[0.814566,0.485266,0.317803],[-0.241459,-0.214495,0.946409]],[[0.547076,-0.824818,-0.14277],[0.677034,0.536293,-0.503999],[0.492274,0.179066,0.851822]],[[0.547076,-0.824818,-0.14277],[-0.440949,-0.138985,-0.886706],[0.711528,0.548049,-0.439738]],[[0.547076,-0.824818,-0.14277],[-0.827224,-0.506611,-0.242995],[0.128098,0.251039,-0.959464]]],"btipPosition":[-23.6464,270.697,-4.59845],"carpPosition":[-4.11638,279.637,55.2602],"dipPosition":[-21.4384,275.024,-21.1365],"direction":[-0.711528,-0.548049,0.439738],"extended":false,"handId":506,"id":5064,"length":50.5107,"mcpPosition":[9.88468,292.075,0.382482],"pipPosition":[-7.52174,285.743,-29.7373],"stabilizedTipPosition":[1.07537,247.49,1.70341],"timeVisible":199.894,"tipPosition":[-23.2527,271.528,-7.92963],"tipVelocity":[-50.8307,70.2143,-287.534],"tool":false,"touchDistance":0.333333,"touchZone":"none","type":4,"width":16.0574}],"r":[[0.612586,-0.232186,0.755531],[0.539617,-0.575597,-0.614411],[0.577539,0.784078,-0.227312]],"s":0.954716,"t":[-7.67837,45.7021,13.1187],"timestamp":98014367234},false],[5,{"currentFrameRate":109.068,"devices":[],"gestures":[],"hands":[{"armBasis":[[0.789944,-0.401827,-0.463166],[0.553883,0.791663,0.257844],[0.263063,-0.460222,0.847935]],"armWidth":63.72,"confidence":0.596812,"direction":[0.0896395,0.442464,-0.892295],"elbow":[51.9449,158.768,292.533],"grabStrength":0,"id":506,"palmNormal":[-0.5466,-0.727072,-0.415446],"palmPosition":[-22.9494,307.782,14.9588],"palmVelocity":[-52.2668,52.4503,-267.203],"palmWidth":90.99,"pinchStrength":1,"r":[[0.61124,-0.22954,0.757428],[0.542322,-0.575548,-0.612072],[0.576431,0.784892,-0.227313]],"s":0.955746,"sphereCenter":[-62.6194,292.749,-17.5625],"sphereRadius":47.7135,"stabilizedPalmPosition":[-5.79774,285.305,33.1422],"t":[-8.15637,45.9344,10.9236],"timeVisible":199.903,"type":"right","wrist":[-19.0821,283.028,63.5907]}],"id":1819539,"interactionBox":{"center":[0,200,0],"size":[235.247,235.247,147.751]},"pointables":[{"bases":[[[0.841414,0.525406,0.126376],[-0.460593,0.57497,0.676213],[0.282623,-0.627183,0.725786]],[[0.802922,0.594653,0.0412787],[-0.596037,0.800071,0.0680142],[0.00741891,-0.0792138,0.99683]],[[0.802922,0.594653,0.0412787],[-0.580992,0.765231,0.277253],[0.133281,-0.246595,0.95991]],[[0.802922,0.594653,0.0412787],[-0.55713,0.773273,-0.302745],[-0.211948,0.220083,0.952177]]],"btipPosition":[-48.9817,295.839,-37.5785],"carpPosition":[-49.0274,288.628,67.1939],"dipPosition":[-53.942,300.989,-15.2941],"direction":[-0.133281,0.246595,-0.95991],"extended":true,"handId":506,"id":5060,"length":52.1164,"mcpPosition":[-49.0274,288.628,67.1939],"pipPosition":[-49.3977,292.582,17.4346],"stabilizedTipPosition":[-38.2014,268.417,11.3449],"timeVisible":199.903,"tipPosition":[-49.9972,296.873,-32.3009],"tipVelocity":[-18.4128,18.8888,-273.313],"tool":false,"touchDistance":-0.604998,"touchZone":"hovering","type":0,"width":20.25},{"bases":[[[0.835813,-0.443225,-0.323986],[0.532924,0.796806,0.284766],[0.131939,-0.410671,0.902187]],[[0.845341,-0.516179,-0.137686],[0.522856,0.85229,0.0149479],[0.109632,-0.084626,0.990363]],[[0.845341,-0.516179,-0.137686],[0.508975,0.856477,-0.0859741],[0.162303,0.00259883,0.986738]],[[0.845341,-0.516179,-0.137686],[0.495495,0.853912,-0.159119],[0.199705,0.0662872,0.977611]]],"btipPosition":[-52.4171,335.998,-85.1305],"carpPosition":[-30.6653,303.345,64.3444],"dipPosition":[-49.005,337.131,-68.4274],"direction":[-0.162303,-0.00259883,-0.986738],"extended":true,"handId":506,"id":5061,"length":58.8075,"mcpPosition":[-40.372,333.558,-2.02916],"pipPosition":[-45.0821,337.193,-44.5775],"stabilizedTipPosition":[-49.1355,310.412,-44.9316],"timeVisible":199.903,"tipPosition":[-51.469,336.403,-81.2684],"tipVelocity":[-29.5008,34.0034,-284.147],"tool":false,"touchDistance":-0.605949,"touchZone":"hovering","type":1,"width":19.3428},{"bases":[[[0.742775,-0.623932,-0.242886],[0.669323,0.701193,0.24563],[0.0170531,-0.345017,0.938441]],[[0.742412,-0.618392,-0.257711],[0.443796,0.742126,-0.502288],[0.501865,0.258534,0.825404]],[[0.742412,-0.618392,-0.257711],[-0.479109,-0.221203,-0.849426],[0.468272,0.754096,-0.460501]],[[0.742412,-0.618392,-0.257711],[-0.664723,-0.727873,-0.168356],[-0.083471,0.296296,-0.951442]]],"btipPosition":[-56.7822,284.142,-13.9322],"carpPosition":[-19.6549,299.544,60.3512],"dipPosition":[-58.3507,289.71,-31.8117],"direction":[-0.468272,-0.754096,0.460501],"extended":false,"handId":506,"id":5062,"length":67.0064,"mcpPosition":[-20.8447,323.615,-5.12193],"pipPosition":[-45.0348,311.154,-44.9067],"stabilizedTipPosition":[-35.8971,259.116,1.14009],"timeVisible":199.903,"tipPosition":[-57.1775,285.269,-17.7656],"tipVelocity":[-31.2672,23.9306,-255.897],"tool":false,"touchDistance":0.333333,"touchZone":"none","type":2,"width":18.9972},{"bases":[[[0.684605,-0.718975,-0.11996],[0.720883,0.643468,0.25744],[-0.107903,-0.262722,0.958819]],[[0.689097,-0.705131,-0.167142],[0.542146,0.654679,-0.526758],[0.480857,0.272372,0.83342]],[[0.689097,-0.705131,-0.167142],[-0.446791,-0.231812,-0.864084],[0.570547,0.670115,-0.474787]],[[0.689097,-0.705131,-0.167142],[-0.724467,-0.664879,-0.18189],[0.0171271,0.246428,-0.96901]]],"btipPosition":[-40.8368,273.951,-9.20652],"carpPosition":[-9.986,292.831,56.8333],"dipPosition":[-40.5168,278.555,-27.3115],"direction":[-0.570547,-0.670115,0.474787],"extended":false,"handId":506,"id":5063,"length":64.4285,"mcpPosition":[-3.22698,309.288,-3.22715],"pipPosition":[-24.7115,297.119,-40.464],"stabilizedTipPosition":[-17.1653,249.933,1.01761],"timeVisible":199.903,"tipPosition":[-40.8121,274.904,-13.1382],"tipVelocity":[-33.373,31.8108,-255.745],"tool":false,"touchDistance":0.333333,"touchZone":"none","type":3,"width":18.077},{"bases":[[[0.538931,-0.84092,-0.0490573],[0.806205,0.498052,0.319339],[-0.244106,-0.211652,0.94637]],[[0.557952,-0.819567,-0.130383],[0.671456,0.538165,-0.509436],[0.487684,0.196695,0.850573]],[[0.557952,-0.819567,-0.130383],[-0.436646,-0.156321,-0.885948],[0.705712,0.551248,-0.44508]],[[0.557952,-0.819567,-0.130383],[-0.819672,-0.519691,-0.240953],[0.129719,0.241311,-0.961739]]],"btipPosition":[-23.5155,270.5,-5.95241],"carpPosition":[-4.38704,280.123,53.7161],"dipPosition":[-21.2795,274.659,-22.5297],"direction":[-0.705712,-0.551248,0.44508],"extended":false,"handId":506,"id":5064,"length":50.5107,"mcpPosition":[9.76748,292.396,-1.15935],"pipPosition":[-7.47666,285.441,-31.2349],"stabilizedTipPosition":[1.06966,247.496,1.70069],"timeVisible":199.903,"tipPosition":[-23.081,271.336,-9.41311],"tipVelocity":[-32.3766,43.3245,-248.155],"tool":false,"touchDistance":0.333333,"touchZone":"none","type":4,"width":16.0574}],"r":[[0.61124,-0.22954,0.757428],[0.542322,-0.575548,-0.612072],[0.576431,0.784892,-0.227313]],"s":0.955746,"t":[-8.15637,45.9344,10.9236],"timestamp":98014376482},false],[6,{"currentFrameRate":109.237,"devices":[],"gestures":[],"hands":[{"armBasis":[[0.794114,-0.398181,-0.459168],[0.548378,0.795158,0.258855],[0.26204,-0.457358,0.849799]],"armWidth":63.72,"confidence":0.599559,"direction":[0.0890246,0.442995,-0.892093],"elbow":[51.6113,159.475,291.566],"grabStrength":0,"id":506,"palmNormal":[-0.541121,-0.730434,-0.416718],"palmPosition":[-23.0439,307.69,13.4786],"palmVelocity":[-41.0078,35.4393,-240.131],"palmWidth":90.99,"pinchStrength":1,"r":[[0.610076,-0.226667,0.759229],[0.54548,-0.574832,-0.609934],[0.574682,0.78625,-0.227049]],"s":0.957708,"sphereCenter":[-62.542,292.596,-19.0518],"sphereRadius":47.6939,"stabilizedPalmPosition":[-5.80062,285.309,33.1389],"t":[-8.44265,46.0047,9.08602],"timeVisible":199.912,"type":"right","wrist":[-19.1393,282.961,62.1203]}],"id":1819540,"interactionBox":{"center":[0,200,0],"size":[235.247,235.247,147.751]},"pointables":[{"bases":[[[0.837857,0.530585,0.128354],[-0.465731,0.57213,0.675102],[0.284764,-0.625417,0.726473]],[[0.799171,0.599548,0.0432212],[-0.601082,0.79645,0.0660903],[0.00520077,-0.0787969,0.996877]],[[0.799171,0.599548,0.0432212],[-0.586894,0.762717,0.271695],[0.129928,-0.242497,0.961412]],[[0.799171,0.599548,0.0432212],[-0.559613,0.768333,-0.310642],[-0.219453,0.224069,0.949544]]],"btipPosition":[-48.6807,295.333,-39.1119],"carpPosition":[-49.1271,288.376,65.6524],"dipPosition":[-53.8167,300.577,-16.8892],"direction":[-0.129928,0.242497,-0.961412],"extended":true,"handId":506,"id":5060,"length":52.1164,"mcpPosition":[-49.1271,288.376,65.6524],"pipPosition":[-49.3867,292.309,15.8907],"stabilizedTipPosition":[-38.2035,268.423,11.3368],"timeVisible":199.912,"tipPosition":[-49.8107,296.484,-33.8555],"tipVelocity":[-5.45672,-1.02466,-246.65],"tool":false,"touchDistance":-0.596046,"touchZone":"hovering","type":0,"width":20.25},{"bases":[[[0.839296,-0.438069,-0.321991],[0.527325,0.800081,0.286004],[0.13233,-0.409836,0.902509]],[[0.848883,-0.510524,-0.136978],[0.517729,0.855292,0.0207613],[0.106557,-0.0885415,0.990356]],[[0.848883,-0.510524,-0.136978],[0.504275,0.859862,-0.0796471],[0.158444,-0.00146365,0.987367]],[[0.848883,-0.510524,-0.136978],[0.491149,0.857607,-0.152589],[0.195374,0.0622532,0.978751]]],"btipPosition":[-52.3305,336.133,-86.687],"carpPosition":[-30.8494,303.206,62.846],"dipPosition":[-48.9924,337.197,-69.9645],"direction":[-0.158444,0.00146365,-0.987367],"extended":true,"handId":506,"id":5061,"length":58.8075,"mcpPosition":[-40.5848,333.358,-3.55131],"pipPosition":[-45.1628,337.162,-46.0994],"stabilizedTipPosition":[-49.136,310.418,-44.9405],"timeVisible":199.912,"tipPosition":[-51.4563,336.369,-82.8166],"tipVelocity":[-19.386,28.45,-254.687],"tool":false,"touchDistance":-0.596968,"touchZone":"hovering","type":1,"width":19.3428},{"bases":[[[0.747181,-0.619345,-0.241106],[0.664404,0.70531,0.247195],[0.0169555,-0.344891,0.93849]],[[0.746825,-0.613879,-0.255744],[0.432016,0.740216,-0.515212],[0.505584,0.274288,0.818017]],[[0.746825,-0.613879,-0.255744],[-0.48461,-0.239012,-0.841443],[0.455418,0.752347,-0.475992]],[[0.746825,-0.613879,-0.255744],[-0.658574,-0.736124,-0.156207],[-0.0923678,0.285086,-0.954041]]],"btipPosition":[-56.5733,283.564,-14.5624],"carpPosition":[-19.8063,299.473,58.879],"dipPosition":[-58.3091,288.921,-32.4907],"direction":[-0.455418,-0.752347,0.475992],"extended":false,"handId":506,"id":5062,"length":67.0064,"mcpPosition":[-20.9893,323.536,-6.5975],"pipPosition":[-45.3586,310.315,-46.0262],"stabilizedTipPosition":[-35.9022,259.123,1.13535],"timeVisible":199.912,"tipPosition":[-57.0047,284.79,-18.7554],"tipVelocity":[-17.5894,-1.72297,-206.232],"tool":false,"touchDistance":0.333333,"touchZone":"none","type":2,"width":18.9972},{"bases":[[[0.689307,-0.714743,-0.118315],[0.716291,0.647905,0.259128],[-0.108553,-0.263367,0.958569]],[[0.69382,-0.70089,-0.165428],[0.538145,0.657255,-0.527651],[0.478554,0.277071,0.833197]],[[0.69382,-0.70089,-0.165428],[-0.444168,-0.235669,-0.864393],[0.566858,0.673211,-0.474825]],[[0.69382,-0.70089,-0.165428],[-0.719924,-0.669327,-0.183604],[0.0179609,0.246484,-0.96898]]],"btipPosition":[-40.7084,273.683,-10.6294],"carpPosition":[-10.0879,292.82,55.3842],"dipPosition":[-40.3728,278.289,-28.7339],"direction":[-0.566858,-0.673211,0.474825],"extended":false,"handId":506,"id":5063,"length":64.4285,"mcpPosition":[-3.28814,309.317,-4.66054],"pipPosition":[-24.6697,296.938,-41.8875],"stabilizedTipPosition":[-17.1699,249.938,1.01457],"timeVisible":199.912,"tipPosition":[-40.6607,274.668,-14.6096],"tipVelocity":[-20.3018,15.0281,-230.021],"tool":false,"touchDistance":0.333333,"touchZone":"none","type":3,"width":18.077},{"bases":[[[0.544219,-0.837583,-0.0477546],[0.80236,0.503018,0.321234],[-0.245039,-0.213138,0.945795]],[[0.562554,-0.817181,-0.125497],[0.669431,0.539302,-0.510897],[0.485176,0.203396,0.850432]],[[0.562554,-0.817181,-0.125497],[-0.434152,-0.162807,-0.886006],[0.703595,0.55291,-0.446368]],[[0.562554,-0.817181,-0.125497],[-0.816265,-0.524866,-0.241302],[0.131318,0.238184,-0.962302]]],"btipPosition":[-23.3751,270.394,-7.3146],"carpPosition":[-4.40334,280.147,52.2807],"dipPosition":[-21.1116,274.499,-23.9016],"direction":[-0.703595,-0.55291,0.446368],"extended":false,"handId":506,"id":5064,"length":50.5107,"mcpPosition":[9.80527,292.506,-2.56143],"pipPosition":[-7.35015,285.314,-32.632],"stabilizedTipPosition":[1.06569,247.5,1.69856],"timeVisible":199.912,"tipPosition":[-22.9152,271.237,-10.8389],"tipVelocity":[-19.124,27.983,-222.7],"tool":false,"touchDistance":0.333333,"touchZone":"none","type":4,"width":16.0574}],"r":[[0.610076,-0.226667,0.759229],[0.54548,-0.574832,-0.609934],[