{"sensorType":"Leap","data":[[0,{"currentFrameRate":110.54,"devices":[],"gestures":[],"hands":[{"armBasis":[[0.761557,-0.398342,-0.511229],[0.576038,0.777524,0.252265],[0.297005,-0.486601,0.821588]],"armWidth":63.72,"confidence":0.625504,"direction":[0.0805161,0.459883,-0.884322],"elbow":[68.181,144.244,296.156],"grabStrength":0,"id":506,"palmNormal":[-0.57089,-0.70599,-0.419122],"palmPosition":[-16.3571,301.516,26.3311],"palmVelocity":[-36.3076,91.3589,-170.27],"palmWidth":90.99,"pinchStrength":1,"r":[[0.619863,-0.229453,0.750414],[0.529303,-0.583732,-0.615707],[0.579317,0.77885,-0.240384]],"s":0.960841,"sphereCenter":[-56.4234,287.632,-5.6222],"sphereRadius":47.3359,"stabilizedPalmPosition":[3.30927,285.853,22.5864],"t":[-1.65342,39.0846,21.74],"timeVisible":204.955,"type":"right","wrist":[-12.0104,275.627,74.3271]}],"id":1820090,"interactionBox":{"center":[0,200,0],"size":[235.247,235.247,147.751]},"pointables":[{"bases":[[[0.855117,0.504464,0.119541],[-0.433684,0.569712,0.698102],[0.284064,-0.648802,0.705949]],[[0.814934,0.578549,0.0341183],[-0.578688,0.809087,0.102461],[0.0316741,-0.103243,0.994152]],[[0.814934,0.578549,0.0341183],[-0.558372,0.768017,0.313641],[0.155253,-0.274647,0.948928]],[[0.814934,0.578549,0.0341183],[-0.540756,0.780237,-0.314347],[-0.208485,0.237722,0.948695]]],"btipPosition":[-43.7399,290.737,-25.4921],"carpPosition":[-41.7446,281.783,78.6907],"dipPosition":[-48.6192,296.3,-3.28921],"direction":[-0.155253,0.274647,-0.948928],"extended":true,"handId":506,"id":5060,"length":52.1164,"mcpPosition":[-41.7446,281.783,78.6907],"pipPosition":[-43.3257,286.936,29.0651],"stabilizedTipPosition":[-32.4853,270.554,-0.313199],"timeVisible":204.955,"tipPosition":[-44.378,291.702,-20.2842],"tipVelocity":[-39.0369,124.675,-178.382],"tool":false,"touchDistance":-0.389027,"touchZone":"hovering","type":0,"width":20.25},{"bases":[[[0.818988,-0.453735,-0.351258],[0.555998,0.778844,0.29029],[0.141861,-0.433043,0.89014]],[[0.830953,-0.529069,-0.172054],[0.540696,0.840822,0.0258011],[0.131016,-0.114468,0.98475]],[[0.830953,-0.529069,-0.172054],[0.523064,0.848305,-0.0823614],[0.189529,-0.0215569,0.981638]],[[0.830953,-0.529069,-0.172054],[0.506176,0.8473,-0.160836],[0.230875,0.0465578,0.971869]]],"btipPosition":[-47.7214,332.666,-72.3617],"carpPosition":[-23.1303,296.164,75.7643],"dipPosition":[-43.7767,333.462,-55.7568],"direction":[-0.189529,0.0215569,-0.981638],"extended":true,"handId":506,"id":5061,"length":58.8075,"mcpPosition":[-33.567,328.023,10.277],"pipPosition":[-39.1957,332.941,-32.0302],"stabilizedTipPosition":[-37.6494,314.101,-52.8384],"timeVisible":204.955,"tipPosition":[-46.5063,333.6,-68.5098],"tipVelocity":[-25.7247,142.686,-156.195],"tool":false,"touchDistance":-0.362911,"touchZone":"touching","type":1,"width":19.3428},{"bases":[[[0.72376,-0.634151,-0.272074],[0.689433,0.681226,0.246198],[0.0292168,-0.365765,0.930248]],[[0.723277,-0.62894,-0.28514],[0.429677,0.733126,-0.527167],[0.5406,0.258769,0.800494]],[[0.723277,-0.62894,-0.28514],[-0.516884,-0.219252,-0.827502],[0.457932,0.745898,-0.483668]],[[0.723277,-0.62894,-0.28514],[-0.682107,-0.715078,-0.15295],[-0.107701,0.305121,-0.946204]]],"btipPosition":[-51.385,278.319,-0.495387],"carpPosition":[-12.2914,292.218,71.4555],"dipPosition":[-53.4089,284.053,-18.2764],"direction":[-0.457932,-0.745898,0.483668],"extended":false,"handId":506,"id":5062,"length":67.0064,"mcpPosition":[-14.3298,317.737,6.55389],"pipPosition":[-40.387,305.264,-32.0302],"stabilizedTipPosition":[-33.1803,260.553,-3.97739],"timeVisible":204.955,"tipPosition":[-51.9481,279.693,-4.95579],"tipVelocity":[-32.1523,105.345,-158.356],"tool":false,"touchDistance":0.333333,"touchZone":"none","type":2,"width":18.9972},{"bases":[[[0.666125,-0.730601,-0.149995],[0.739961,0.622171,0.25566],[-0.0934629,-0.281292,0.95506]],[[0.670011,-0.715379,-0.198288],[0.543247,0.654536,-0.5258],[0.505933,0.244573,0.827174]],[[0.670011,-0.715379,-0.198288],[-0.468198,-0.199937,-0.860706],[0.576086,0.669521,-0.468899]],[[0.670011,-0.715379,-0.198288],[-0.742313,-0.642951,-0.188638],[0.00745809,0.273581,-0.96182]]],"btipPosition":[-35.6953,268.413,1.76526],"carpPosition":[-2.84686,285.379,67.5879],"dipPosition":[-35.556,273.525,-16.2054],"direction":[-0.576086,-0.669521,0.468899],"extended":false,"handId":506,"id":5063,"length":64.4285,"mcpPosition":[3.00766,302.999,7.76295],"pipPosition":[-19.5972,292.072,-29.1948],"stabilizedTipPosition":[-16.5731,250.829,-0.5753],"timeVisible":204.955,"tipPosition":[-35.7589,269.473,-2.24445],"tipVelocity":[-40.5563,103.318,-174.984],"tool":false,"touchDistance":0.333333,"touchZone":"none","type":3,"width":18.077},{"bases":[[[0.51935,-0.850938,-0.0786156],[0.823376,0.473649,0.312584],[-0.228753,-0.227071,0.946631]],[[0.537391,-0.827778,-0.16123],[0.668437,0.534654,-0.517046],[0.514201,0.170084,0.840636]],[[0.537391,-0.827778,-0.16123],[-0.458916,-0.126641,-0.879408],[0.707536,0.546576,-0.447937]],[[0.537391,-0.827778,-0.16123],[-0.834896,-0.495226,-0.240206],[0.118993,0.263695,-0.957239]]],"btipPosition":[-18.3995,264.543,4.72572],"carpPosition":[2.40753,272.626,64.0797],"dipPosition":[-16.3485,269.088,-11.774],"direction":[-0.707536,-0.546576,0.447937],"extended":false,"handId":506,"id":5064,"length":50.5107,"mcpPosition":[15.6718,285.793,9.1891],"pipPosition":[-2.50991,279.779,-20.5351],"stabilizedTipPosition":[2.96228,248.012,-2.02702],"timeVisible":204.955,"tipPosition":[-18.0888,265.411,1.43581],"tipVelocity":[-39.2822,105.854,-191.093],"tool":false,"touchDistance":0.333333,"touchZone":"none","type":4,"width":16.0574}],"r":[[0.619863,-0.229453,0.750414],[0.529303,-0.583732,-0.615707],[0.579317,0.77885,-0.240384]],"s":0.960841,"t":[-1.65342,39.0846,21.74],"timestamp":98019428813},false],[1,{"currentFrameRate":110.455,"devices":[],"gestures":[],"hands":[{"armBasis":[[0.763341,-0.398892,-0.50813],[0.573776,0.780052,0.249602],[0.296803,-0.482084,0.82432]],"armWidth":63.72,"confidence":0.593002,"direction":[0.0780497,0.462092,-0.883391],"elbow":[67.9766,145.72,294.951],"grabStrength":0,"id":506,"palmNormal":[-0.569153,-0.706851,-0.420032],"palmPosition":[-16.6438,301.864,24.4513],"palmVelocity":[-34.8643,76.3825,-179.78],"palmWidth":90.99,"pinchStrength":1,"r":[[0.619149,-0.232889,0.749945],[0.529103,-0.581966,-0.617548],[0.580263,0.779152,-0.237101]],"s":0.961877,"sphereCenter":[-56.758,287.993,-7.47392],"sphereRadius":47.3606,"stabilizedPalmPosition":[3.27716,285.878,22.5894],"t":[-1.99109,39.6668,19.9805],"timeVisible":204.965,"type":"right","wrist":[-12.1604,275.882,72.3847]}],"id":1820091,"interactionBox":{"center":[0,200,0],"size":[235.247,235.247,147.751]},"pointables":[{"bases":[[[0.853666,0.506884,0.119679],[-0.434665,0.566797,0.699862],[0.286915,-0.649468,0.704181]],[[0.813,0.58126,0.034187],[-0.581292,0.806851,0.105313],[0.0336305,-0.105492,0.993851]],[[0.813,0.58126,0.034187],[-0.560419,0.765215,0.316822],[0.157995,-0.276735,0.947869]],[[0.813,0.58126,0.034187],[-0.543445,0.778567,-0.313848],[-0.209044,0.236579,0.948858]]],"btipPosition":[-44.082,291.1,-27.3393],"carpPosition":[-41.9087,281.935,76.7962],"dipPosition":[-48.9744,296.636,-5.13265],"direction":[-0.157995,0.276735,-0.947869],"extended":true,"handId":506,"id":5060,"length":52.1164,"mcpPosition":[-41.9087,281.935,76.7962],"pipPosition":[-43.5874,287.201,27.1855],"stabilizedTipPosition":[-32.5545,270.673,-0.432469],"timeVisible":204.965,"tipPosition":[-44.7226,292.071,-22.1424],"tipVelocity":[-38.6082,100.632,-184.606],"tool":false,"touchDistance":-0.406153,"touchZone":"hovering","type":0,"width":20.25},{"bases":[[[0.820003,-0.450379,-0.353204],[0.553884,0.779943,0.291379],[0.144248,-0.434566,0.889014]],[[0.832415,-0.526004,-0.17437],[0.538033,0.84249,0.0270315],[0.132687,-0.116318,0.984309]],[[0.832415,-0.526004,-0.17437],[0.520216,0.850168,-0.0811846],[0.190947,-0.0231309,0.981328]],[[0.832415,-0.526004,-0.17437],[0.503207,0.84928,-0.159705],[0.232095,0.0451969,0.971642]]],"btipPosition":[-48.2366,333.136,-74.1326],"carpPosition":[-23.343,296.381,73.8803],"dipPosition":[-44.2711,333.909,-57.5315],"direction":[-0.190947,0.0231309,-0.981328],"extended":true,"handId":506,"id":5061,"length":58.8075,"mcpPosition":[-33.9553,328.352,8.4759],"pipPosition":[-39.6559,333.35,-33.8124],"stabilizedTipPosition":[-37.7561,314.312,-53.031],"timeVisible":204.965,"tipPosition":[-47.0185,334.051,-70.282],"tipVelocity":[-34.047,116.896,-166.358],"tool":false,"touchDistance":-0.381529,"touchZone":"touching","type":1,"width":19.3428},{"bases":[[[0.725434,-0.631268,-0.274311],[0.687573,0.682843,0.246918],[0.03144,-0.367732,0.9294]],[[0.724912,-0.625966,-0.287522],[0.431245,0.737887,-0.519182],[0.537149,0.252369,0.804848]],[[0.724912,-0.625966,-0.287522],[-0.512193,-0.21071,-0.832622],[0.460609,0.750845,-0.473362]],[[0.724912,-0.625966,-0.287522],[-0.680999,-0.714047,-0.162407],[-0.103643,0.313534,-0.943904]]],"btipPosition":[-51.7315,278.727,-2.8876],"carpPosition":[-12.4968,292.479,69.5503],"dipPosition":[-53.6792,284.619,-20.6254],"direction":[-0.460609,-0.750845,0.473362],"extended":false,"handId":506,"id":5062,"length":67.0064,"mcpPosition":[-14.6903,318.135,4.70786],"pipPosition":[-40.5811,305.971,-34.0861],"stabilizedTipPosition":[-33.2706,260.646,-3.99161],"timeVisible":204.965,"tipPosition":[-52.2352,280.089,-7.12295],"tipVelocity":[-33.1593,89.379,-186.478],"tool":false,"touchDistance":0.333333,"touchZone":"none","type":2,"width":18.9972},{"bases":[[[0.668244,-0.728169,-0.15238],[0.738297,0.623926,0.25619],[-0.0914757,-0.283699,0.95454]],[[0.671999,-0.712975,-0.200208],[0.536956,0.655287,-0.531297],[0.509995,0.249529,0.823189]],[[0.671999,-0.712975,-0.200208],[-0.472295,-0.204383,-0.857418],[0.570399,0.670741,-0.47408]],[[0.671999,-0.712975,-0.200208],[-0.740545,-0.645817,-0.185779],[0.00315816,0.273106,-0.961979]]],"btipPosition":[-35.9518,268.617,0.191122],"carpPosition":[-3.03526,285.678,65.6567],"dipPosition":[-35.8928,273.72,-17.7825],"direction":[-0.570399,-0.670741,0.47408],"extended":false,"handId":506,"id":5063,"length":64.4285,"mcpPosition":[2.69478,303.449,5.86431],"pipPosition":[-20.0916,292.301,-30.9154],"stabilizedTipPosition":[-16.6345,250.889,-0.58598],"timeVisible":204.965,"tipPosition":[-36.001,269.743,-3.9561],"tipVelocity":[-37.5689,80.5448,-173.903],"tool":false,"touchDistance":0.333333,"touchZone":"none","type":3,"width":18.077},{"bases":[[[0.521929,-0.849125,-0.0810999],[0.822244,0.475542,0.312689],[-0.226945,-0.229885,0.946387]],[[0.539564,-0.826123,-0.162454],[0.666296,0.536932,-0.517449],[0.514703,0.170955,0.840152]],[[0.539564,-0.826123,-0.162454],[-0.459472,-0.127236,-0.879032],[0.705518,0.548937,-0.448232]],[[0.539564,-0.826123,-0.162454],[-0.833694,-0.497291,-0.240119],[0.117581,0.264996,-0.957054]]],"btipPosition":[-18.6107,264.931,2.79407],"carpPosition":[2.25511,272.95,62.1142],"dipPosition":[-16.584,269.498,-13.7025],"direction":[-0.705518,-0.548937,0.448232],"extended":false,"handId":506,"id":5064,"length":50.5107,"mcpPosition":[15.4146,286.28,7.23774],"pipPosition":[-2.78492,280.235,-22.4694],"stabilizedTipPosition":[2.91713,248.051,-2.02482],"timeVisible":204.965,"tipPosition":[-18.2953,265.81,-0.518403],"tipVelocity":[-34.8823,88.1756,-196.331],"tool":false,"touchDistance":0.333333,"touchZone":"none","type":4,"width":16.0574}],"r":[[0.619149,-0.232889,0.749945],[0.529103,-0.581966,-0.617548],[0.580263,0.779152,-0.237101]],"s":0.961877,"t":[-1.99109,39.6668,19.9805],"timestamp":98019438016},false],[2,{"currentFrameRate":110.485,"devices":[],"gestures":[],"hands":[{"armBasis":[[0.769848,-0.393973,-0.502115],[0.568775,0.780411,0.25972],[0.289533,-0.485535,0.82488]],"armWidth":63.72,"confidence":0.602632,"direction":[0.0784896,0.464032,-0.882334],"elbow":[65.4012,145.416,293.696],"grabStrength":0,"id":506,"palmNormal":[-0.563798,-0.709268,-0.423168],"palmPosition":[-17.2371,302.549,23.0746],"palmVelocity":[-43.3964,76.3057,-172.428],"palmWidth":90.99,"pinchStrength":1,"r":[[0.618325,-0.235205,0.749902],[0.530009,-0.579752,-0.618852],[0.580314,0.780106,-0.233814]],"s":0.962596,"sphereCenter":[-57.1993,288.554,-9.00139],"sphereRadius":47.3739,"stabilizedPalmPosition":[3.24583,285.904,22.5902],"t":[-2.45661,40.3003,18.4125],"timeVisible":204.974,"type":"right","wrist":[-12.7727,276.51,70.9789]}],"id":1820092,"interactionBox":{"center":[0,200,0],"size":[235.247,235.247,147.751]},"pointables":[{"bases":[[[0.850433,0.511395,0.123447],[-0.440174,0.563181,0.699338],[0.288115,-0.649078,0.704051]],[[0.809611,0.585743,0.0378796],[-0.586147,0.803388,0.104874],[0.0309969,-0.10711,0.993764]],[[0.809611,0.585743,0.0378796],[-0.565641,0.761334,0.316893],[0.156779,-0.277986,0.947705]],[[0.809611,0.585743,0.0378796],[-0.546493,0.775763,-0.315495],[-0.214184,0.234727,0.948171]]],"btipPosition":[-44.449,291.722,-28.8103],"carpPosition":[-42.569,282.391,75.2992],"dipPosition":[-49.4617,297.215,-6.61966],"direction":[-0.156779,0.277986,-0.947705],"extended":true,"handId":506,"id":5060,"length":52.1164,"mcpPosition":[-42.569,282.391,75.2992],"pipPosition":[-44.1163,287.737,25.6929],"stabilizedTipPosition":[-32.6191,270.783,-0.547673],"timeVisible":204.974,"tipPosition":[-45.121,292.69,-23.6234],"tipVelocity":[-40.051,91.6847,-178.918],"tool":false,"touchDistance":-0.41599,"touchZone":"hovering","type":0,"width":20.25},{"bases":[[[0.823681,-0.445227,-0.351172],[0.548561,0.782495,0.294588],[0.143632,-0.435286,0.888761]],[[0.835907,-0.521031,-0.172585],[0.533221,0.845434,0.0302829],[0.130131,-0.11734,0.984529]],[[0.835907,-0.521031,-0.172585],[0.515682,0.853209,-0.0781407],[0.187965,-0.0236808,0.98189]],[[0.835907,-0.521031,-0.172585],[0.4989,0.852351,-0.156834],[0.228818,0.0449955,0.972429]]],"btipPosition":[-48.6842,333.813,-75.5596],"carpPosition":[-24.0738,296.944,72.4711],"dipPosition":[-44.7747,334.582,-58.9451],"direction":[-0.187965,0.0236808,-0.98189],"extended":true,"handId":506,"id":5061,"length":58.8075,"mcpPosition":[-34.6408,328.968,7.0853],"pipPosition":[-40.2315,334.009,-35.2124],"stabilizedTipPosition":[-37.8736,314.543,-53.2502],"timeVisible":204.974,"tipPosition":[-47.4825,334.716,-71.7056],"tipVelocity":[-38.7492,105.422,-164.133],"tool":false,"touchDistance":-0.393069,"touchZone":"touching","type":1,"width":19.3428},{"bases":[[[0.729848,-0.626772,-0.272909],[0.682937,0.686213,0.250418],[0.0303187,-0.369146,0.928877]],[[0.729335,-0.621386,-0.286269],[0.430394,0.741977,-0.514035],[0.531819,0.251695,0.80859]],[[0.729335,-0.621386,-0.286269],[-0.50663,-0.209335,-0.836364],[0.459778,0.755022,-0.467489]],[[0.729335,-0.621386,-0.286269],[-0.676747,-0.716659,-0.168561],[-0.100416,0.316669,-0.943206]]],"btipPosition":[-52.1281,279.311,-4.59037],"carpPosition":[-13.1915,293.11,68.1715],"dipPosition":[-54.0151,285.262,-22.3151],"direction":[-0.459778,-0.755022,0.467489],"extended":false,"handId":506,"id":5062,"length":67.0064,"mcpPosition":[-15.3068,318.864,3.36559],"pipPosition":[-40.9407,306.732,-35.6088],"stabilizedTipPosition":[-33.3494,260.727,-4.01069],"timeVisible":204.974,"tipPosition":[-52.6063,280.667,-8.75081],"tipVelocity":[-35.7296,83.0725,-187.144],"tool":false,"touchDistance":0.333333,"touchZone":"none","type":2,"width":18.9972},{"bases":[[[0.672781,-0.724198,-0.151338],[0.733955,0.627562,0.259763],[-0.0931454,-0.285839,0.95374]],[[0.676598,-0.708995,-0.198849],[0.534058,0.658404,-0.530364],[0.506949,0.252646,0.82412]],[[0.676598,-0.708995,-0.198849],[-0.468954,-0.206689,-0.858698],[0.567713,0.674244,-0.472332]],[[0.676598,-0.708995,-0.198849],[-0.736335,-0.649588,-0.189328],[0.00506264,0.274519,-0.961568]]],"btipPosition":[-36.3162,269.178,-1.21451],"carpPosition":[-3.67925,286.368,64.2986],"dipPosition":[-36.2217,274.307,-19.1805],"direction":[-0.567713,-0.674244,0.472332],"extended":false,"handId":506,"id":5063,"length":64.4285,"mcpPosition":[2.15538,304.273,4.55635],"pipPosition":[-20.4949,292.985,-32.265],"stabilizedTipPosition":[-16.6901,250.944,-0.599436],"timeVisible":204.974,"tipPosition":[-36.339,270.335,-5.39391],"tipVelocity":[-38.1246,75.7324,-168.993],"tool":false,"touchDistance":0.333333,"touchZone":"none","type":3,"width":18.077},{"bases":[[[0.526898,-0.846083,-0.080762],[0.81853,0.479548,0.316295],[-0.228883,-0.232761,0.945217]],[[0.54421,-0.823626,-0.159609],[0.665185,0.539546,-0.516158],[0.511238,0.174729,0.84149]],[[0.54421,-0.823626,-0.159609],[-0.456023,-0.130722,-0.880315],[0.704186,0.551862,-0.446733]],[[0.54421,-0.823626,-0.159609],[-0.830328,-0.501576,-0.242853],[0.119964,0.264691,-0.956842]]],"btipPosition":[-18.9524,265.637,1.42],"carpPosition":[1.69357,273.675,60.7525],"dipPosition":[-16.8846,270.2,-15.0729],"direction":[-0.704186,-0.551862,0.446733],"extended":false,"handId":506,"id":5064,"length":50.5107,"mcpPosition":[14.9654,287.172,5.94396],"pipPosition":[-3.1116,280.993,-23.8105],"stabilizedTipPosition":[2.8747,248.088,-2.02551],"timeVisible":204.974,"tipPosition":[-18.6134,266.528,-1.93727],"tipVelocity":[-35.4436,85.4903,-184.33],"tool":false,"touchDistance":0.333333,"touchZone":"none","type":4,"width":16.0574}],"r":[[0.618325,-0.235205,0.749902],[0.530009,-0.579752,-0.618852],[0.580314,0.780106,-0.233814]],"s":0.962596,"t":[-2.45661,40.3003,18.4125],"timestamp":98019447014},false],[3,{"currentFrameRate":110.568,"devices":[],"gestures":[],"hands":[{"armBasis":[[0.774049,-0.390227,-0.498569],[0.564984,0.781123,0.265782],[0.285728,-0.487412,0.825099]],"armWidth":63.72,"confidence":0.61011,"direction":[0.0815265,0.460987,-0.883654],"elbow":[63.5628,146.315,291.901],"grabStrength":0,"id":506,"palmNormal":[-0.559285,-0.712694,-0.4234],"palmPosition":[-17.8858,303.761,21.1],"palmVelocity":[-51.4198,92.5886,-185.886],"palmWidth":90.99,"pinchStrength":1,"r":[[0.617048,-0.23609,0.750675],[0.531752,-0.578094,-0.618908],[0.580079,0.781069,-0.23117]],"s":0.96328,"sphereCenter":[-57.6336,289.536,-11.1167],"sphereRadius":47.3647,"stabilizedPalmPosition":[3.21218,285.932,22.5878],"t":[-3.0137,41.2229,16.6411],"timeVisible":204.983,"type":"right","wrist":[-13.5837,277.916,69.124]}],"id":1820093,"interactionBox":{"center":[0,200,0],"size":[235.247,235.247,147.751]},"pointables":[{"bases":[[[0.848109,0.514645,0.125904],[-0.445617,0.564341,0.694942],[0.286596,-0.645491,0.707957]],[[0.807472,0.58856,0.0398234],[-0.589319,0.801818,0.0989509],[0.0263074,-0.103369,0.994295]],[[0.807472,0.58856,0.0398234],[-0.569703,0.760524,0.311514],[0.153058,-0.274227,0.949407]],[[0.807472,0.58856,0.0398234],[-0.547269,0.772601,-0.321847],[-0.220193,0.238088,0.945954]]],"btipPosition":[-44.7994,292.652,-30.8734],"carpPosition":[-43.4209,283.714,73.2687],"dipPosition":[-49.9527,298.224,-8.73467],"direction":[-0.153058,0.274227,-0.949407],"extended":true,"handId":506,"id":5060,"length":52.1164,"mcpPosition":[-43.4209,283.714,73.2687],"pipPosition":[-44.7341,288.874,23.6359],"stabilizedTipPosition":[-32.6797,270.888,-0.662005],"timeVisible":204.983,"tipPosition":[-45.508,293.643,-25.6995],"tipVelocity":[-40.8554,95.7376,-193.68],"tool":false,"touchDistance":-0.433851,"touchZone":"hovering","type":0,"width":20.25},{"bases":[[[0.826934,-0.443826,-0.345251],[0.544473,0.78539,0.294469],[0.140464,-0.431486,0.891117]],[[0.838488,-0.518889,-0.166413],[0.530273,0.8473,0.0298841],[0.125495,-0.113302,0.985603]],[[0.838488,-0.518889,-0.166413],[0.513253,0.854621,-0.0787005],[0.183057,-0.0194226,0.98291]],[[0.838488,-0.518889,-0.166413],[0.496866,0.853414,-0.157508],[0.223748,0.0493833,0.973395]]],"btipPosition":[-48.9319,334.556,-77.8101],"carpPosition":[-24.9591,298.318,70.4813],"dipPosition":[-45.1091,335.4,-61.179],"direction":[-0.183057,0.0194226,-0.98291],"extended":true,"handId":506,"id":5061,"length":58.8075,"mcpPosition":[-35.2929,330.063,4.92219],"pipPosition":[-40.6845,334.93,-37.4217],"stabilizedTipPosition":[-37.9895,314.773,-53.4864],"timeVisible":204.983,"tipPosition":[-47.7539,335.467,-73.9543],"tipVelocity":[-36.3911,99.9902,-188.161],"tool":false,"touchDistance":-0.415795,"touchZone":"touching","type":1,"width":19.3428},{"bases":[[[0.733291,-0.625385,-0.266791],[0.679389,0.689385,0.251354],[0.0267294,-0.365571,0.9304]],[[0.732828,-0.62003,-0.280225],[0.430219,0.741308,-0.515145],[0.527138,0.256955,0.81]],[[0.732828,-0.62003,-0.280225],[-0.502,-0.214679,-0.8378],[0.459303,0.754636,-0.468578]],[[0.732828,-0.62003,-0.280225],[-0.673467,-0.719676,-0.168845],[-0.0969824,0.312456,-0.944968]]],"btipPosition":[-52.5538,280.292,-6.61973],"carpPosition":[-14.0422,294.503,66.2522],"dipPosition":[-54.3763,286.164,-24.3776],"direction":[-0.459303,-0.754636,0.468578],"extended":false,"handId":506,"id":5062,"length":67.0064,"mcpPosition":[-15.9071,320.008,1.34006],"pipPosition":[-41.3153,307.623,-37.7022],"stabilizedTipPosition":[-33.4207,260.804,-4.03502],"timeVisible":204.983,"tipPosition":[-53.0161,281.635,-10.8001],"tipVelocity":[-38.5695,89.9016,-198.506],"tool":false,"touchDistance":0.333333,"touchZone":"none","type":2,"width":18.9972},{"bases":[[[0.675917,-0.722542,-0.145151],[0.730549,0.630938,0.261181],[-0.0971331,-0.282577,0.954314]],[[0.679915,-0.707574,-0.192496],[0.533866,0.657606,-0.531547],[0.502695,0.25864,0.824866]],[[0.679915,-0.707574,-0.192496],[-0.464359,-0.212291,-0.859828],[0.567526,0.673997,-0.472908]],[[0.679915,-0.707574,-0.192496],[-0.733232,-0.652711,-0.190628],[0.00923915,0.270755,-0.962604]]],"btipPosition":[-36.7581,270.194,-3.09338],"carpPosition":[-4.48811,287.779,62.4537],"dipPosition":[-36.5855,275.252,-21.0787],"direction":[-0.567526,-0.673997,0.472908],"extended":false,"handId":506,"id":5063,"length":64.4285,"mcpPosition":[1.59631,305.479,2.6755],"pipPosition":[-20.8639,293.923,-34.1792],"stabilizedTipPosition":[-16.7431,250.998,-0.616977],"timeVisible":204.983,"tipPosition":[-36.7499,271.352,-7.3009],"tipVelocity":[-40.7131,85.6836,-180.595],"tool":false,"touchDistance":0.333333,"touchZone":"none","type":3,"width":18.077},{"bases":[[[0.53007,-0.844642,-0.0748704],[0.815314,0.483415,0.318704],[-0.232997,-0.229978,0.944893]],[[0.547157,-0.823308,-0.150943],[0.666107,0.53749,-0.517113],[0.506873,0.182398,0.842503]],[[0.547157,-0.823308,-0.150943],[-0.45144,-0.138409,-0.881501],[0.704855,0.550461,-0.447406]],[[0.547157,-0.823308,-0.150943],[-0.827685,-0.505307,-0.244138],[0.124728,0.258515,-0.957921]]],"btipPosition":[-19.4039,266.754,-0.33475],"carpPosition":[0.944398,275.09,58.9831],"dipPosition":[-17.2539,271.21,-16.8462],"direction":[-0.704855,-0.550461,0.447406],"extended":false,"handId":506,"id":5064,"length":50.5107,"mcpPosition":[14.4548,288.426,4.19326],"pipPosition":[-3.46783,281.976,-25.597],"stabilizedTipPosition":[2.8317,248.127,-2.02967],"timeVisible":204.983,"tipPosition":[-19.0295,267.638,-3.74829],"tipVelocity":[-39.0243,95.6148,-187.962],"tool":false,"touchDistance":0.333333,"touchZone":"none","type":4,"width":16.0574}],"r":[[0.617048,-0.23609,0.750675],[0.531752,-0.578094,-0.618908],[0.580079,0.781069,-0.23117]],"s":0.96328,"t":[-3.0137,41.2229,16.6411],"timestamp":98019455912},false],[4,{"currentFrameRate":110.362,"devices":[],"gestures":[],"hands":[{"armBasis":[[0.768063,-0.399314,-0.500627],[0.57344,0.77685,0.260135],[0.285037,-0.486879,0.825653]],"armWidth":63.72,"confidence":0.615047,"direction":[0.0835628,0.459112,-0.884439],"elbow":[62.8765,147.126,290.204],"grabStrength":0,"id":506,"palmNormal":[-0.567567,-0.707589,-0.420934],"palmPosition":[-18.2666,304.413,19.235],"palmVelocity":[-48.2735,85.9186,-189.304],"palmWidth":90.99,"pinchStrength":1,"r":[[0.615985,-0.237846,0.750994],[0.53164,-0.577975,-0.619115],[0.58131,0.780624,-0.229576]],"s":0.963835,"sphereCenter":[-58.2859,290.612,-12.8338],"sphereRadius":47.3786,"stabilizedPalmPosition":[3.17622,285.963,22.5822],"t":[-3.48265,42.0105,14.823],"timeVisible":204.992,"type":"right","wrist":[-14.0835,278.583,67.2776]}],"id":1820094,"interactionBox":{"center":[0,200,0],"size":[235.247,235.247,147.751]},"pointables":[{"bases":[[[0.853547,0.506326,0.122849],[-0.437975,0.569566,0.695538],[0.282198,-0.647479,0.707909]],[[0.813412,0.580522,0.0368183],[-0.581008,0.807769,0.0996964],[0.0281354,-0.102486,0.994336]],[[0.813412,0.580522,0.0368183],[-0.561153,0.766452,0.312504],[0.153196,-0.274855,0.949203]],[[0.813412,0.580522,0.0368183],[-0.54027,0.777435,-0.322028],[-0.215568,0.24205,0.946014]]],"btipPosition":[-45.4322,293.506,-32.6377],"carpPosition":[-43.8495,284.684,71.5009],"dipPosition":[-50.4772,299.171,-10.4976],"direction":[-0.153196,0.274855,-0.949202],"extended":true,"handId":506,"id":5060,"length":52.1164,"mcpPosition":[-43.8495,284.684,71.5009],"pipPosition":[-45.2539,289.799,21.866],"stabilizedTipPosition":[-32.7426,270.996,-0.783504],"timeVisible":204.992,"tipPosition":[-46.1271,294.519,-27.4688],"tipVelocity":[-47.6038,94.9088,-191.813],"tool":false,"touchDistance":-0.445259,"touchZone":"hovering","type":0,"width":20.25},{"bases":[[[0.821478,-0.452441,-0.347088],[0.553107,0.780278,0.291959],[0.138731,-0.431814,0.89123]],[[0.832808,-0.527288,-0.16852],[0.538724,0.842028,0.0276678],[0.127309,-0.113828,0.98531]],[[0.832808,-0.527288,-0.16852],[0.521452,0.849439,-0.0808755],[0.185792,-0.0205212,0.982375]],[[0.832808,-0.527288,-0.16852],[0.504815,0.848337,-0.159644],[0.22714,0.0478817,0.972684]]],"btipPosition":[-49.2987,335.436,-79.619],"carpPosition":[-25.2513,299.1,68.6429],"dipPosition":[-45.4179,336.254,-63.0001],"direction":[-0.185792,0.0205212,-0.982375],"extended":true,"handId":506,"id":5061,"length":58.8075,"mcpPosition":[-35.4577,330.868,3.07553],"pipPosition":[-40.9272,335.758,-39.2557],"stabilizedTipPosition":[-38.1113,315.017,-53.7472],"timeVisible":204.992,"tipPosition":[-48.1052,336.305,-75.7698],"tipVelocity":[-36.7071,97.9258,-189.316],"tool":false,"touchDistance":-0.429725,"touchZone":"touching","type":1,"width":19.3428},{"bases":[[[0.726261,-0.632966,-0.268141],[0.686936,0.682884,0.248572],[0.0257714,-0.364724,0.930759]],[[0.725811,-0.627618,-0.28159],[0.436021,0.736359,-0.517359],[0.532056,0.252726,0.808113]],[[0.725811,-0.627618,-0.28159],[-0.506577,-0.210728,-0.836046],[0.465379,0.749459,-0.470886]],[[0.725811,-0.627618,-0.28159],[-0.681072,-0.713153,-0.165994],[-0.096636,0.312264,-0.945068]]],"btipPosition":[-53.2463,281.256,-8.35145],"carpPosition":[-14.3852,295.171,64.3871],"dipPosition":[-55.0623,287.124,-26.1112],"direction":[-0.465379,-0.749459,0.470886],"extended":false,"handId":506,"id":5062,"length":67.0064,"mcpPosition":[-16.1832,320.617,-0.550093],"pipPosition":[-41.8285,308.436,-39.5015],"stabilizedTipPosition":[-33.4945,260.883,-4.06565],"timeVisible":204.992,"tipPosition":[-53.7068,282.6,-12.5331],"tipVelocity":[-48.4882,93.392,-194.297],"tool":false,"touchDistance":0.333333,"touchZone":"none","type":2,"width":18.9972},{"bases":[[[0.668273,-0.729405,-0.14622],[0.73754,0.623942,0.258323],[-0.0971897,-0.280473,0.954929]],[[0.672279,-0.714557,-0.193518],[0.538974,0.651633,-0.533743],[0.507493,0.254523,0.823207]],[[0.672279,-0.714557,-0.193518],[-0.468927,-0.208759,-0.858211],[0.572843,0.667703,-0.47542]],[[0.672279,-0.714557,-0.193518],[-0.740243,-0.645674,-0.187469],[0.00900791,0.269282,-0.963019]]],"btipPosition":[-37.5333,271.016,-4.8648],"carpPosition":[-4.9095,288.347,60.5694],"dipPosition":[-37.365,276.048,-22.8579],"direction":[-0.572843,-0.667703,0.47542],"extended":false,"handId":506,"id":5063,"length":64.4285,"mcpPosition":[1.17846,305.916,0.75262],"pipPosition":[-21.4961,294.544,-36.0279],"stabilizedTipPosition":[-16.7999,251.056,-0.639936],"timeVisible":204.992,"tipPosition":[-37.5289,272.166,-9.07243],"tipVelocity":[-52.5993,85.9474,-182.743],"tool":false,"touchDistance":0.333333,"touchZone":"none","type":3,"width":18.077},{"bases":[[[0.521422,-0.849964,-0.0753734],[0.820999,0.47565,0.31578],[-0.23255,-0.226536,0.945834]],[[0.537732,-0.83007,-0.147745],[0.669797,0.527012,-0.523097],[0.51207,0.182327,0.83937]],[[0.537732,-0.83007,-0.147745],[-0.456037,-0.138966,-0.879044],[0.709136,0.540067,-0.453269]],[[0.537732,-0.83007,-0.147745],[-0.833735,-0.497453,-0.239638],[0.12542,0.252041,-0.959555]]],"btipPosition":[-20.2671,267.383,-2.02036],"carpPosition":[0.386458,275.601,57.0984],"dipPosition":[-18.1053,271.727,-18.56],"direction":[-0.709136,-0.540067,0.453269],"extended":false,"handId":506,"id":5064,"length":50.5107,"mcpPosition":[13.8709,288.737,2.25402],"pipPosition":[-4.23545,282.29,-27.4254],"stabilizedTipPosition":[2.78417,248.169,-2.03765],"timeVisible":204.992,"tipPosition":[-19.8658,268.266,-5.50764],"tipVelocity":[-53.9484,86.5874,-185.55],"tool":false,"touchDistance":0.333333,"touchZone":"none","type":4,"width":16.0574}],"r":[[0.615985,-0.237846,0.750994],[0.53164,-0.577975,-0.619115],[0.58131,0.780624,-0.229576]],"s":0.963835,"t":[-3.48265,42.0105,14.823],"timestamp":98019465338},false],[5,{"currentFrameRate":110.592,"devices":[],"gestures":[],"hands":[{"armBasis":[[0.76777,-0.406813,-0.495006],[0.577435,0.774127,0.259415],[0.277665,-0.485005,0.82926]],"armWidth":63.72,"confidence":0.618321,"direction":[0.0859557,0.451008,-0.888371],"elbow":[60.1688,149.242,288.817],"grabStrength":0,"id":506,"palmNormal":[-0.571115,-0.708321,-0.414859],"palmPosition":[-18.8492,305.628,16.6518],"palmVelocity":[-53.3597,100.42,-218.424],"palmWidth":90.99,"pinchStrength":1,"r":[[0.614874,-0.238573,0.751673],[0.530977,-0.579491,-0.618267],[0.583089,0.779277,-0.229637]],"s":0.96451,"sphereCenter":[-58.9639,291.815,-15.2758],"sphereRadius":47.3837,"stabilizedPalmPosition":[3.14192,285.994,22.5729],"t":[-4.00839,43.0114,12.6222],"timeVisible":205.001,"type":"right","wrist":[-14.8007,280.194,64.9167]}],"id":1820095,"interactionBox":{"center":[0,200,0],"size":[235.247,235.247,147.751]},"pointables":[{"bases":[[[0.856094,0.503038,0.118563],[-0.435134,0.577779,0.690528],[0.278859,-0.642747,0.713522]],[[0.8164,0.5766,0.0319989],[-0.576836,0.811597,0.0925745],[0.0274083,-0.0940359,0.995191]],[[0.8164,0.5766,0.0319989],[-0.557165,0.77189,0.306192],[0.15185,-0.267804,0.951432]],[[0.8164,0.5766,0.0319989],[-0.536058,0.777276,-0.32937],[-0.214787,0.251744,0.943659]]],"btipPosition":[-46.0544,294.414,-35.1187],"carpPosition":[-44.5356,286.481,69.0835],"dipPosition":[-51.0812,300.306,-13.0337],"direction":[-0.15185,0.267804,-0.951432],"extended":true,"handId":506,"id":5060,"length":52.1164,"mcpPosition":[-44.5356,286.481,69.0835],"pipPosition":[-45.9038,291.175,19.4059],"stabilizedTipPosition":[-32.7985,271.092,-0.89664],"timeVisible":205.001,"tipPosition":[-46.758,295.48,-29.9642],"tipVelocity":[-53.958,99.2383,-217.519],"tool":false,"touchDistance":-0.466472,"touchZone":"hovering","type":0,"width":20.25},{"bases":[[[0.8192,-0.459588,-0.34306],[0.557033,0.779963,0.285258],[0.136473,-0.424779,0.894951]],[[0.830147,-0.532797,-0.164265],[0.542936,0.839516,0.02085],[0.126794,-0.106494,0.986196]],[[0.830147,-0.532797,-0.164265],[0.525711,0.846134,-0.0876664],[0.185699,-0.01358,0.982513]],[[0.830147,-0.532797,-0.164265],[0.509079,0.844487,-0.166375],[0.227364,0.0544921,0.972284]]],"btipPosition":[-49.7252,336.001,-82.4673],"carpPosition":[-25.8644,300.777,66.103],"dipPosition":[-45.8405,336.932,-65.8553],"direction":[-0.185699,0.01358,-0.982513],"extended":true,"handId":506,"id":5061,"length":58.8075,"mcpPosition":[-35.9047,332.028,0.261796],"pipPosition":[-41.3521,336.604,-42.1075],"stabilizedTipPosition":[-38.2135,315.219,-53.9845],"timeVisible":205.001,"tipPosition":[-48.5335,336.855,-78.6274],"tipVelocity":[-40.0407,90.0921,-226.618],"tool":false,"touchDistance":-0.457834,"touchZone":"touching","type":1,"width":19.3428},{"bases":[[[0.723062,-0.638937,-0.262564],[0.690371,0.68152,0.242732],[0.0238521,-0.356777,0.933885]],[[0.72264,-0.633686,-0.276104],[0.438076,0.72884,-0.526195],[0.534679,0.259295,0.804292]],[[0.72264,-0.633686,-0.276104],[-0.509088,-0.217724,-0.832722],[0.46757,0.742319,-0.479938]],[[0.72264,-0.633686,-0.276104],[-0.684477,-0.711697,-0.158048],[-0.0963496,0.303199,-0.948044]]],"btipPosition":[-53.9393,282.344,-10.5765],"carpPosition":[-15.0181,296.757,61.8826],"dipPosition":[-55.7499,288.042,-28.3921],"direction":[-0.46757,-0.742319,0.479938],"extended":false,"handId":506,"id":5062,"length":67.0064,"mcpPosition":[-16.6822,321.649,-3.27265],"pipPosition":[-42.4539,309.151,-42.0398],"stabilizedTipPosition":[-33.5622,260.957,-4.10006],"timeVisible":205.001,"tipPosition":[-54.3944,283.676,-14.8248],"tipVelocity":[-56.8717,100.844,-211.492],"tool":false,"touchDistance":0.333333,"touchZone":"none","type":2,"width":18.9972},{"bases":[[[0.664577,-0.734022,-0.13982],[0.740675,0.622409,0.252999],[-0.0986821,-0.271698,0.95731]],[[0.668656,-0.71963,-0.187167],[0.542438,0.644247,-0.539172],[0.508586,0.258994,0.821135]],[[0.668656,-0.71963,-0.187167],[-0.469919,-0.213894,-0.856403],[0.576259,0.660592,-0.481189]],[[0.668656,-0.71963,-0.187167],[-0.7435,-0.643582,-0.181686],[0.0102897,0.260644,-0.96538]]],"btipPosition":[-38.2745,272.13,-7.16155],"carpPosition":[-5.57675,289.853,58.1252],"dipPosition":[-38.0823,277,-25.1987],"direction":[-0.576259,-0.660592,0.481189],"extended":false,"handId":506,"id":5063,"length":64.4285,"mcpPosition":[0.604692,306.872,-1.84064],"pipPosition":[-22.1187,295.3,-38.5286],"stabilizedTipPosition":[-16.8536,251.112,-0.666713],"timeVisible":205.001,"tipPosition":[-38.2672,273.239,-11.3776],"tipVelocity":[-61.2412,96.2291,-205.119],"tool":false,"touchDistance":0.333333,"touchZone":"none","type":3,"width":18.077},{"bases":[[[0.517112,-0.853217,-0.0679496],[0.823376,0.474199,0.311748],[-0.233767,-0.217157,0.947732]],[[0.532854,-0.835006,-0.137228],[0.672241,0.516202,-0.530686],[0.513963,0.190528,0.836386]],[[0.532854,-0.835006,-0.137228],[-0.457597,-0.147921,-0.876769],[0.711808,0.529985,-0.460917]],[[0.532854,-0.835006,-0.137228],[-0.836597,-0.495459,-0.233719],[0.127166,0.239343,-0.962571]]],"btipPosition":[-21.0776,268.414,-4.15634],"carpPosition":[-0.345223,277.05,54.7654],"dipPosition":[-18.8857,272.539,-20.748],"direction":[-0.711808,-0.529985,0.460917],"extended":false,"handId":506,"id":5064,"length":50.5107,"mcpPosition":[13.2098,289.642,-0.189048],"pipPosition":[-4.96354,282.905,-29.763],"stabilizedTipPosition":[2.73781,248.211,-2.04943],"timeVisible":205.001,"tipPosition":[-20.65,269.268,-7.71658],"tipVelocity":[-64.3144,93.7475,-202.302],"tool":false,"touchDistance":0.333333,"touchZone":"none","type":4,"width":16.0574}],"r":[[0.614874,-0.238573,0.751673],[0.530977,-0.579491,-0.618267],[0.583089,0.779277,-0.229637]],"s":0.96451,"t":[-4.00839,43.0114,12.6222],"timestamp":98019473973},false],[6,{"currentFrameRate":110.42,"devices":[],"gestures":[],"hands":[{"armBasis":[[0.771545,-0.411268,-0.485363],[0.576827,0.77402,0.261081],[0.268307,-0.481406,0.834422]],"armWidth":63.72,"confidence":0.618524,"direction":[0.0848594,0.452623,-0.887655],"elbow":[57.1271,151.101,288.323],"grabStrength":0,"id":506,"palmNormal":[-0.570676,-0.708198,-0.415673],"palmPosition":[-19.4246,306.593,14.8105],"palmVelocity":[-55.6634,101.185,-212.257],"palmWidth":90.99,"pinchStrength":1,"r":[[0.61414,-0.239284,0.752048],[0.530477,-0.580379,-0.617863],[0.584318,0.778398,-0.229499]],"s":0.966075,"sphereCenter":[-59.5872,292.931,-17.0401],"sphereRadius":47.3845,"stabilizedPalmPosition":[3.10224,286.03,22.5593],"t":[-4.559,43.9945,10.6012],"timeVisible":205.01,"type":"right","wrist":[-15.3156,281.08,63.0287]}],"id":1820096,"interactionBox":{"center":[0,200,0],"size":[235.247,235.247,147.751]},"pointables":[{"bases":[[[0.855657,0.503719,0.118822],[-0.435242,0.576141,0.691828],[0.280029,-0.643683,0.712219]],[[0.815884,0.5773,0.0325241],[-0.577532,0.810899,0.0943367],[0.0280868,-0.0957516,0.995009]],[[0.815884,0.5773,0.0325241],[-0.557638,0.770731,0.308242],[0.152881,-0.269626,0.950752]],[[0.815884,0.5773,0.0325241],[-0.536734,0.777075,-0.328741],[-0.215056,0.250758,0.94386]]],"btipPosition":[-46.6356,295.434,-36.9473],"carpPosition":[-45.0541,287.33,67.2273],"dipPosition":[-51.6687,301.302,-14.8576],"direction":[-0.152881,0.269626,-0.950752],"extended":true,"handId":506,"id":5060,"length":52.1164,"mcpPosition":[-45.0541,287.33,67.2273],"pipPosition":[-46.4561,292.109,17.5589],"stabilizedTipPosition":[-32.859,271.196,-1.02158],"timeVisible":205.01,"tipPosition":[-47.3556,296.501,-31.7979],"tipVelocity":[-56.3085,101.822,-211.19],"tool":false,"touchDistance":-0.47557,"touchZone":"hovering","type":0,"width":20.25},{"bases":[[[0.819432,-0.458149,-0.344429],[0.556429,0.780048,0.286204],[0.137547,-0.426175,0.894123]],[[0.830599,-0.531391,-0.166521],[0.542066,0.840016,0.0231993],[0.127552,-0.109535,0.985765]],[[0.830599,-0.531391,-0.166521],[0.524905,0.846952,-0.0845342],[0.185956,-0.0171937,0.982408]],[[0.830599,-0.531391,-0.166521],[0.508375,0.84562,-0.162735],[0.227289,0.0505126,0.972516]]],"btipPosition":[-50.377,337.262,-84.2341],"carpPosition":[-26.3998,301.65,64.2582],"dipPosition":[-46.4937,338.125,-67.618],"direction":[-0.185956,0.0171937,-0.982408],"extended":true,"handId":506,"id":5061,"length":58.8075,"mcpPosition":[-36.5191,333.004,-1.52203],"pipPosition":[-41.999,337.71,-43.8729],"stabilizedTipPosition":[-38.3271,315.443,-54.251],"timeVisible":205.01,"tipPosition":[-49.2117,338.009,-80.393],"tipVelocity":[-48.451,102.303,-215.837],"tool":false,"touchDistance":-0.466872,"touchZone":"touching","type":1,"width":19.3428},{"bases":[[[0.723537,-0.637736,-0.264173],[0.689837,0.681816,0.243415],[0.0248831,-0.358356,0.933253]],[[0.723094,-0.632418,-0.277817],[0.434278,0.728989,-0.52913],[0.537157,0.261961,0.801772]],[[0.723094,-0.632418,-0.277817],[-0.511896,-0.220568,-0.830248],[0.463786,0.742561,-0.483224]],[[0.723094,-0.632418,-0.277817],[-0.683513,-0.71316,-0.155604],[-0.0997218,0.302408,-0.947948]]],"btipPosition":[-54.4939,283.225,-12.1787],"carpPosition":[-15.5523,297.649,60.0233],"dipPosition":[-56.3679,288.908,-29.9925],"direction":[-0.463786,-0.742561,0.483224],"extended":false,"handId":506,"id":5062,"length":67.0064,"mcpPosition":[-17.2883,322.651,-5.08791],"pipPosition":[-43.1795,310.024,-43.7337],"stabilizedTipPosition":[-33.6367,261.039,-4.14251],"timeVisible":205.01,"tipPosition":[-54.9606,284.593,-16.5069],"tipVelocity":[-57.9889,98.8348,-200.03],"tool":false,"touchDistance":0.333333,"touchZone":"none","type":2,"width":18.9972},{"bases":[[[0.665237,-0.733092,-0.141551],[0.74021,0.62274,0.253545],[-0.0977223,-0.273445,0.956911]],[[0.669244,-0.718725,-0.188538],[0.536422,0.642912,-0.546731],[0.514163,0.264761,0.815805]],[[0.669244,-0.718725,-0.188538],[-0.475799,-0.219625,-0.851692],[0.570725,0.659696,-0.488952]],[[0.669244,-0.718725,-0.188538],[-0.743024,-0.645544,-0.176604],[0.00522009,0.258279,-0.966056]]],"btipPosition":[-38.8655,272.959,-8.54865],"carpPosition":[-6.10652,290.76,56.2474],"dipPosition":[-38.768,277.785,-26.5984],"direction":[-0.570725,-0.659696,0.488952],"extended":false,"handId":506,"id":5063,"length":64.4285,"mcpPosition":[0.0148117,307.889,-3.69353],"pipPosition":[-22.9578,296.06,-40.1434],"stabilizedTipPosition":[-16.9155,251.177,-0.700564],"timeVisible":205.01,"tipPosition":[-38.8519,274.127,-12.934],"tipVelocity":[-62.4393,93.7297,-189.044],"tool":false,"touchDistance":0.333333,"touchZone":"none","type":3,"width":18.077},{"bases":[[[0.517946,-0.852563,-0.0697819],[0.823106,0.474515,0.31198],[-0.23287,-0.219027,0.947522]],[[0.533518,-0.834364,-0.138545],[0.671599,0.517488,-0.530247],[0.514115,0.189849,0.836447]],[[0.533518,-0.834364,-0.138545],[-0.457854,-0.14718,-0.87676],[0.711146,0.531201,-0.46054]],[[0.533518,-0.834364,-0.138545],[-0.83628,-0.495901,-0.233919],[0.126469,0.240663,-0.962334]]],"btipPosition":[-21.6289,269.419,-6.0614],"carpPosition":[-0.864131,277.969,52.8618],"dipPosition":[-19.449,273.567,-22.649],"direction":[-0.711146,-0.531201,0.46054],"extended":false,"handId":506,"id":5064,"length":50.5107,"mcpPosition":[12.6389,290.67,-2.08047],"pipPosition":[-5.53979,283.957,-31.6566],"stabilizedTipPosition":[2.68415,248.261,-2.06703],"timeVisible":205.01,"tipPosition":[-21.2036,270.277,-9.62245],"tipVelocity":[-62.8589,97.7675,-202.617],"tool":false,"touchDistance":0.333333,"touchZone":"none","type":4,"width":16.0574}],"r":[[0.61414,-0.239284,0.752048],[0.530477,-0.580379,-0.617863],[0.584318,0.778398,-0.229499]],"s":0.