{"sensorType":"Leap","data":[[0,{"currentFrameRate":110.604,"devices":[],"gestures":[],"hands":[{"armBasis":[[0.854534,-0.250653,-0.454912],[0.421723,0.846094,0.325999],[0.303185,-0.470424,0.828722]],"armWidth":63.72,"confidence":0.486095,"direction":[0.271147,0.625141,-0.7319],"elbow":[69.0722,148.261,293.005],"grabStrength":0.471671,"id":506,"palmNormal":[-0.341181,-0.648594,-0.680384],"palmPosition":[-6.48063,309.541,27.0739],"palmVelocity":[-33.279,-29.4785,-306.866],"palmWidth":90.99,"pinchStrength":0.587734,"r":[[0.419685,-0.345396,0.839384],[0.755704,-0.379274,-0.533912],[0.502768,0.858401,0.101842]],"s":1.19612,"sphereCenter":[-30.6732,298.129,-11.7227],"sphereRadius":42.0721,"stabilizedPalmPosition":[10.9611,285.707,11.5264],"t":[8.04925,48.2563,23.4175],"timeVisible":192.419,"type":"right","wrist":[-12.7879,275.275,69.2505]}],"id":1818728,"interactionBox":{"center":[0,200,0],"size":[235.247,235.247,147.751]},"pointables":[{"bases":[[[0.720245,0.527387,0.450678],[-0.677587,0.395526,0.620028],[0.14874,-0.751946,0.642226]],[[0.667852,0.683966,0.293536],[-0.74225,0.641241,0.194614],[-0.0551182,-0.347851,0.935928]],[[0.667852,0.683966,0.293536],[-0.742851,0.637073,0.205693],[-0.0463168,-0.355427,0.933556]],[[0.667852,0.683966,0.293536],[-0.73987,0.653009,0.161778],[-0.0810312,-0.325223,0.942159]]],"btipPosition":[-36.832,315.603,-35.1257],"carpPosition":[-43.0589,278.509,65.4737],"dipPosition":[-38.7284,307.991,-13.0758],"direction":[0.0463168,0.355427,-0.933556],"extended":false,"handId":506,"id":5060,"length":52.1164,"mcpPosition":[-43.0589,278.509,65.4737],"pipPosition":[-40.3076,295.873,18.7544],"stabilizedTipPosition":[-27.9914,294.319,-29.1768],"timeVisible":192.419,"tipPosition":[-37.2897,314.726,-29.4174],"tipVelocity":[-48.3439,-29.7093,-300.812],"tool":false,"touchDistance":-0.561544,"touchZone":"hovering","type":0,"width":20.25},{"bases":[[[0.932791,-0.323068,-0.159778],[0.35464,0.743649,0.566759],[-0.0642829,-0.585331,0.808242]],[[0.934974,-0.277298,-0.221199],[0.27046,0.96078,-0.0612581],[0.22951,-0.00255058,0.973303]],[[0.934974,-0.277298,-0.221199],[0.239393,0.953448,-0.183379],[0.261752,0.118501,0.957833]],[[0.934974,-0.277298,-0.221199],[0.218044,0.94116,-0.258214],[0.279786,0.193193,0.940424]]],"btipPosition":[-42.4652,331.386,-69.8524],"carpPosition":[-26.2272,294.379,70.644],"dipPosition":[-37.6849,334.687,-53.7847],"direction":[-0.261752,-0.118501,-0.957833],"extended":true,"handId":506,"id":5061,"length":58.8075,"mcpPosition":[-21.4979,337.441,11.1819],"pipPosition":[-31.3582,337.551,-30.6335],"stabilizedTipPosition":[-39.8305,321.382,-34.3517],"timeVisible":192.419,"tipPosition":[-41.4337,332.253,-66.0433],"tipVelocity":[-51.4327,-5.70658,-301.4],"tool":false,"touchDistance":-0.538545,"touchZone":"hovering","type":1,"width":19.3428},{"bases":[[[0.841313,-0.521187,-0.143374],[0.505736,0.665294,0.549195],[-0.190847,-0.534554,0.823304]],[[0.834567,-0.538521,-0.116163],[0.301149,0.622517,-0.722345],[0.461311,0.567862,0.681707]],[[0.834567,-0.538521,-0.116163],[-0.359567,-0.372707,-0.855454],[0.417385,0.755702,-0.504683]],[[0.834567,-0.538521,-0.116163],[-0.526704,-0.71815,-0.4548],[0.161497,0.440744,-0.882985]]],"btipPosition":[-38.0476,272.206,9.83203],"carpPosition":[-14.2234,292.054,69.1864],"dipPosition":[-35.0127,280.488,-6.76103],"direction":[-0.417385,-0.755702,0.504683],"extended":false,"handId":506,"id":5062,"length":67.0064,"mcpPosition":[-0.908423,329.349,11.7462],"pipPosition":[-23.1438,301.978,-21.1124],"stabilizedTipPosition":[-26.6192,253.062,-17.1027],"timeVisible":192.419,"tipPosition":[-37.1977,274.255,6.3118],"tipVelocity":[-56.7828,-24.2962,-288.547],"tool":false,"touchDistance":0.333333,"touchZone":"none","type":2,"width":18.9972},{"bases":[[[0.763524,-0.64283,-0.0616456],[0.55821,0.608978,0.563513],[-0.324702,-0.464667,0.823804]],[[0.753162,-0.656836,-0.0362449],[0.423685,0.526493,-0.737086],[0.503227,0.539789,0.674826]],[[0.753162,-0.656836,-0.0362449],[-0.364319,-0.370603,-0.854357],[0.54774,0.656674,-0.518422]],[[0.753162,-0.656836,-0.0362449],[-0.59729,-0.659716,-0.456092],[0.275667,0.36516,-0.889194]]],"btipPosition":[-25.7953,266.696,16.4737],"carpPosition":[-3.32664,286.72,67.2527],"dipPosition":[-20.6448,273.518,-0.139974],"direction":[-0.54774,-0.656674,0.518422],"extended":false,"handId":506,"id":5063,"length":64.4285,"mcpPosition":[17.0127,315.827,15.6497],"pipPosition":[-5.47129,291.71,-14.5013],"stabilizedTipPosition":[-14.4857,243.863,-12.6012],"timeVisible":192.419,"tipPosition":[-24.5403,268.398,12.9149],"tipVelocity":[-57.6533,-28.3234,-305.297],"tool":false,"touchDistance":0.333333,"touchZone":"none","type":3,"width":18.077},{"bases":[[[0.618013,-0.784015,-0.0581406],[0.639277,0.45812,0.617618],[-0.457586,-0.418864,0.784327]],[[0.620648,-0.781581,-0.0626732],[0.519683,0.469894,-0.713533],[0.587133,0.410283,0.697813]],[[0.620648,-0.781581,-0.0626732],[-0.422178,-0.265751,-0.866685],[0.660728,0.564365,-0.494904]],[[0.620648,-0.781581,-0.0626732],[-0.702627,-0.51891,-0.486875],[0.348011,0.346214,-0.87122]]],"btipPosition":[-8.9643,268.025,17.9783],"carpPosition":[4.18469,275.25,63.4349],"dipPosition":[-2.96571,273.993,2.96122],"direction":[-0.660728,-0.564365,0.494904],"extended":false,"handId":506,"id":5064,"length":50.5107,"mcpPosition":[30.7179,299.538,17.9556],"pipPosition":[9.95734,285.031,-6.7185],"stabilizedTipPosition":[1.65977,242.632,-6.69133],"timeVisible":192.419,"tipPosition":[-7.62407,269.498,14.317],"tipVelocity":[-53.8381,-33.0628,-306.711],"tool":false,"touchDistance":0.333333,"touchZone":"none","type":4,"width":16.0574}],"r":[[0.419685,-0.345396,0.839384],[0.755704,-0.379274,-0.533912],[0.502768,0.858401,0.101842]],"s":1.19612,"t":[8.04925,48.2563,23.4175],"timestamp":98006892435},false],[1,{"currentFrameRate":110.379,"devices":[],"gestures":[],"hands":[{"armBasis":[[0.855307,-0.249903,-0.453871],[0.419702,0.847826,0.324101],[0.30381,-0.467696,0.830036]],"armWidth":63.72,"confidence":0.490079,"direction":[0.265594,0.625105,-0.733964],"elbow":[69.4037,148.966,291.751],"grabStrength":0.464534,"id":506,"palmNormal":[-0.341567,-0.650913,-0.677971],"palmPosition":[-6.63092,309.471,25.3878],"palmVelocity":[-28.3002,-23.1332,-270.042],"palmWidth":90.99,"pinchStrength":0.580771,"r":[[0.420901,-0.345594,0.838694],[0.754331,-0.380168,-0.535216],[0.503812,0.857926,0.10068]],"s":1.19705,"sphereCenter":[-30.9485,297.913,-13.3155],"sphereRadius":42.126,"stabilizedPalmPosition":[10.9608,285.707,11.5267],"t":[7.86668,48.0563,21.2875],"timeVisible":192.428,"type":"right","wrist":[-12.6251,275.244,67.641]}],"id":1818729,"interactionBox":{"center":[0,200,0],"size":[235.247,235.247,147.751]},"pointables":[{"bases":[[[0.720114,0.530834,0.446823],[-0.67646,0.393816,0.622343],[0.154395,-0.750416,0.642681]],[[0.666312,0.687235,0.289373],[-0.744115,0.637881,0.198494],[-0.0481737,-0.347586,0.93641]],[[0.666312,0.687235,0.289373],[-0.744414,0.635598,0.204605],[-0.0433129,-0.351744,0.935094]],[[0.666312,0.687235,0.289373],[-0.741588,0.651294,0.160819],[-0.0779462,-0.321751,0.94361]]],"btipPosition":[-37.2186,315.229,-36.7208],"carpPosition":[-42.9243,278.355,63.989],"dipPosition":[-39.0429,307.699,-14.6369],"direction":[0.0433129,0.351744,-0.935094],"extended":false,"handId":506,"id":5060,"length":52.1164,"mcpPosition":[-42.9243,278.355,63.989],"pipPosition":[-40.5196,295.706,17.2457],"stabilizedTipPosition":[-27.9914,294.319,-29.1768],"timeVisible":192.428,"tipPosition":[-37.6734,314.365,-31.0199],"tipVelocity":[-45.7051,-31.9552,-262.734],"tool":false,"touchDistance":-0.557533,"touchZone":"hovering","type":0,"width":20.25},{"bases":[[[0.933345,-0.319691,-0.163294],[0.354172,0.745852,0.564151],[-0.0585612,-0.584382,0.809363]],[[0.935076,-0.273434,-0.225537],[0.266916,0.96188,-0.0595192],[0.233214,-0.00454442,0.972415]],[[0.935076,-0.273434,-0.225537],[0.236269,0.955163,-0.178438],[0.264215,0.113566,0.957754]],[[0.935076,-0.273434,-0.225537],[0.215274,0.943617,-0.251484],[0.281585,0.186604,0.941217]]],"btipPosition":[-43.0406,331.552,-71.4882],"carpPosition":[-26.1323,294.298,69.0641],"dipPosition":[-38.2296,334.741,-55.407],"direction":[-0.264215,-0.113566,-0.957754],"extended":true,"handId":506,"id":5061,"length":58.8075,"mcpPosition":[-21.824,337.29,9.51958],"pipPosition":[-31.8434,337.486,-32.2577],"stabilizedTipPosition":[-39.831,321.384,-34.3595],"timeVisible":192.428,"tipPosition":[-42.0188,332.211,-67.6592],"tipVelocity":[-53.9135,0.184435,-264.528],"tool":false,"touchDistance":-0.537515,"touchZone":"hovering","type":1,"width":19.3428},{"bases":[[[0.842707,-0.518138,-0.14621],[0.505495,0.668056,0.546055],[-0.185256,-0.534073,0.824892]],[[0.83614,-0.535468,-0.11893],[0.295173,0.621999,-0.725252],[0.462323,0.571307,0.678134]],[[0.83614,-0.535468,-0.11893],[-0.361886,-0.375587,-0.853214],[0.4122,0.756445,-0.507821]],[[0.83614,-0.535468,-0.11893],[-0.525796,-0.720683,-0.451834],[0.156232,0.44033,-0.884139]]],"btipPosition":[-38.1426,271.956,8.37658],"carpPosition":[-14.126,292.017,67.5586],"dipPosition":[-35.2067,280.231,-8.23816],"direction":[-0.4122,-0.756445,0.507821],"extended":false,"handId":506,"id":5062,"length":67.0064,"mcpPosition":[-1.20105,329.279,10.0076],"pipPosition":[-23.4852,301.741,-22.6788],"stabilizedTipPosition":[-26.6193,253.063,-17.1024],"timeVisible":192.428,"tipPosition":[-37.314,274.012,4.82444],"tipVelocity":[-44.0893,-24.9567,-250.14],"tool":false,"touchDistance":0.333333,"touchZone":"none","type":2,"width":18.9972},{"bases":[[[0.76574,-0.639961,-0.0639722],[0.558248,0.611964,0.560231],[-0.319377,-0.464704,0.825862]],[[0.755568,-0.653933,-0.0385736],[0.418584,0.527258,-0.73945],[0.503889,0.542559,0.672105]],[[0.755568,-0.653933,-0.0385736],[-0.365645,-0.372151,-0.853116],[0.543526,0.658692,-0.520293]],[[0.755568,-0.653933,-0.0385736],[-0.596081,-0.661915,-0.454484],[0.27167,0.366387,-0.889919]]],"btipPosition":[-25.8573,266.498,14.8651],"carpPosition":[-3.21694,286.723,65.5861],"dipPosition":[-20.7815,273.343,-1.76214],"direction":[-0.543526,-0.658692,0.520293],"extended":false,"handId":506,"id":5063,"length":64.4285,"mcpPosition":[16.7889,315.832,13.8541],"pipPosition":[-5.72471,291.591,-16.1753],"stabilizedTipPosition":[-14.4858,243.864,-12.6008],"timeVisible":192.428,"tipPosition":[-24.6109,268.214,11.3159],"tipVelocity":[-43.5426,-26.0413,-266.674],"tool":false,"touchDistance":0.333333,"touchZone":"none","type":3,"width":18.077},{"bases":[[[0.620794,-0.781702,-0.0596389],[0.640128,0.461501,0.614209],[-0.452605,-0.419473,0.786887]],[[0.623781,-0.778904,-0.0648556],[0.514614,0.471743,-0.715982],[0.588276,0.413241,0.695099]],[[0.623781,-0.778904,-0.0648556],[-0.423644,-0.267205,-0.865522],[0.656828,0.567372,-0.496655]],[[0.623781,-0.778904,-0.0648556],[-0.70171,-0.521546,-0.48538],[0.344239,0.34828,-0.871895]]],"btipPosition":[-9.01451,267.887,16.2897],"carpPosition":[4.32242,275.276,61.753],"dipPosition":[-3.08094,273.891,1.26102],"direction":[-0.656828,-0.567372,0.496655],"extended":false,"handId":506,"id":5064,"length":50.5107,"mcpPosition":[30.5668,299.6,16.1252],"pipPosition":[9.76583,284.988,-8.45296],"stabilizedTipPosition":[1.65941,242.633,-6.69058],"timeVisible":192.428,"tipPosition":[-7.68199,269.379,12.66],"tipVelocity":[-40.3952,-27.5153,-270.09],"tool":false,"touchDistance":0.333333,"touchZone":"none","type":4,"width":16.0574}],"r":[[0.420901,-0.345594,0.838694],[0.754331,-0.380168,-0.535216],[0.503812,0.857926,0.10068]],"s":1.19705,"t":[7.86668,48.0563,21.2875],"timestamp":98006901893},false],[2,{"currentFrameRate":110.505,"devices":[],"gestures":[],"hands":[{"armBasis":[[0.855346,-0.255732,-0.450538],[0.422694,0.847317,0.321534],[0.299521,-0.465463,0.832845]],"armWidth":63.72,"confidence":0.492758,"direction":[0.262605,0.620698,-0.738764],"elbow":[68.2455,149.629,291.579],"grabStrength":0.455063,"id":506,"palmNormal":[-0.346661,-0.653827,-0.67256],"palmPosition":[-6.80633,309.295,24.2431],"palmVelocity":[-26.0252,-22.2776,-232.148],"palmWidth":90.99,"pinchStrength":0.572279,"r":[[0.422692,-0.345029,0.838025],[0.752473,-0.381741,-0.53671],[0.505089,0.857455,0.0982665]],"s":1.19821,"sphereCenter":[-31.4619,297.655,-14.2802],"sphereRadius":42.2102,"stabilizedPalmPosition":[10.9606,285.707,11.5268],"t":[7.68769,47.8681,19.6502],"timeVisible":192.437,"type":"right","wrist":[-12.6253,275.304,66.7105]}],"id":1818730,"interactionBox":{"center":[0,200,0],"size":[235.247,235.247,147.751]},"pointables":[{"bases":[[[0.723656,0.531794,0.439905],[-0.672155,0.398413,0.624079],[0.156617,-0.747303,0.645762]],[[0.66917,0.687632,0.281734],[-0.741906,0.639778,0.200648],[-0.0422749,-0.343287,0.938279]],[[0.66917,0.687632,0.281734],[-0.742012,0.638894,0.203058],[-0.0403686,-0.34493,0.93776]],[[0.66917,0.687632,0.281734],[-0.739343,0.654198,0.159365],[-0.0747251,-0.31494,0.946165]]],"btipPosition":[-37.7033,314.722,-37.7396],"carpPosition":[-42.9388,278.454,63.2142],"dipPosition":[-39.4521,307.351,-15.5959],"direction":[0.0403686,0.34493,-0.93776],"extended":false,"handId":506,"id":5060,"length":52.1164,"mcpPosition":[-42.9388,278.454,63.2142],"pipPosition":[-40.8285,295.59,16.3776],"stabilizedTipPosition":[-27.9915,294.319,-29.1769],"timeVisible":192.437,"tipPosition":[-38.1427,313.888,-32.0421],"tipVelocity":[-47.6632,-37.7321,-222.538],"tool":false,"touchDistance":-0.545188,"touchZone":"hovering","type":0,"width":20.25},{"bases":[[[0.931789,-0.322359,-0.166896],[0.358799,0.748138,0.558169],[-0.0550693,-0.579978,0.812769]],[[0.933246,-0.276168,-0.229745],[0.269503,0.961094,-0.0605494],[0.237528,-0.00540937,0.971366]],[[0.933246,-0.276168,-0.229745],[0.239253,0.95488,-0.175958],[0.267973,0.109245,0.957213]],[[0.933246,-0.276168,-0.229745],[0.218545,0.944038,-0.247045],[0.285113,0.180344,0.941375]]],"btipPosition":[-43.5894,331.57,-72.6382],"carpPosition":[-26.0877,294.39,68.1093],"dipPosition":[-38.7181,334.651,-56.5542],"direction":[-0.267973,-0.109245,-0.957213],"extended":true,"handId":506,"id":5061,"length":58.8075,"mcpPosition":[-22.0363,337.059,8.31418],"pipPosition":[-32.2411,337.292,-33.418],"stabilizedTipPosition":[-39.8315,321.386,-34.3656],"timeVisible":192.437,"tipPosition":[-42.5868,332.004,-68.7842],"tipVelocity":[-55.7237,-0.0852382,-228.263],"tool":false,"touchDistance":-0.529337,"touchZone":"hovering","type":1,"width":19.3428},{"bases":[[[0.840871,-0.520537,-0.148246],[0.509868,0.669954,0.539626],[-0.181577,-0.529342,0.82875]],[[0.834417,-0.537733,-0.120798],[0.292356,0.617665,-0.730081],[0.467202,0.573876,0.672599]],[[0.834417,-0.537733,-0.120798],[-0.366937,-0.378494,-0.849764],[0.411225,0.753383,-0.513136]],[[0.834417,-0.537733,-0.120798],[-0.529495,-0.721346,-0.446424],[0.15292,0.436466,-0.88663]]],"btipPosition":[-38.513,271.724,7.56122],"carpPosition":[-14.0946,292.079,66.5477],"dipPosition":[-35.6394,279.926,-9.10033],"direction":[-0.411225,-0.753383,0.513136],"extended":false,"handId":506,"id":5062,"length":67.0064,"mcpPosition":[-1.42628,329.01,8.72747],"pipPosition":[-23.9456,301.349,-23.6921],"stabilizedTipPosition":[-26.6194,253.063,-17.1022],"timeVisible":192.437,"tipPosition":[-37.6928,273.768,4.00535],"tipVelocity":[-43.9564,-25.8434,-207.871],"tool":false,"touchDistance":0.333333,"touchZone":"none","type":2,"width":18.9972},{"bases":[[[0.764141,-0.641773,-0.0649278],[0.562593,0.613836,0.5538],[-0.315559,-0.459709,0.830115]],[[0.754109,-0.655563,-0.0394517],[0.415857,0.523138,-0.743902],[0.508313,0.544577,0.667124]],[[0.754109,-0.655563,-0.0394517],[-0.370106,-0.374582,-0.850123],[0.542532,0.655687,-0.525104]],[[0.754109,-0.655563,-0.0394517],[-0.599338,-0.662381,-0.449495],[0.26854,0.362613,-0.892411]]],"btipPosition":[-26.1983,266.279,13.9564],"carpPosition":[-3.20705,286.753,64.5414],"dipPosition":[-21.1809,273.054,-2.71742],"direction":[-0.542532,-0.655687,0.525104],"extended":false,"handId":506,"id":5063,"length":64.4285,"mcpPosition":[16.5595,315.549,12.543],"pipPosition":[-6.15168,291.218,-17.2638],"stabilizedTipPosition":[-14.486,243.864,-12.6004],"timeVisible":192.437,"tipPosition":[-24.9596,267.981,10.4197],"tipVelocity":[-42.6291,-26.2105,-222.795],"tool":false,"touchDistance":0.333333,"touchZone":"none","type":3,"width":18.077},{"bases":[[[0.618952,-0.783209,-0.0590199],[0.644492,0.463503,0.608108],[-0.448919,-0.414427,0.791658]],[[0.622272,-0.780106,-0.0649032],[0.511303,0.467832,-0.720904],[0.592745,0.415413,0.689989]],[[0.622272,-0.780106,-0.0649032],[-0.427953,-0.269597,-0.862655],[0.655465,0.564581,-0.501612]],[[0.622272,-0.780106,-0.0649032],[-0.704573,-0.522028,-0.48069],[0.341108,0.344849,-0.874485]]],"btipPosition":[-9.33952,267.627,15.3086],"carpPosition":[4.28852,275.272,60.7262],"dipPosition":[-3.45991,273.571,0.235232],"direction":[-0.655465,-0.564581,0.501612],"extended":false,"handId":506,"id":5064,"length":50.5107,"mcpPosition":[30.3192,299.302,14.8218],"pipPosition":[9.36019,284.614,-9.57569],"stabilizedTipPosition":[1.65911,242.634,-6.69001],"timeVisible":192.437,"tipPosition":[-8.01322,269.114,11.6998],"tipVelocity":[-39.8117,-28.4631,-227.492],"tool":false,"touchDistance":0.333333,"touchZone":"none","type":4,"width":16.0574}],"r":[[0.422692,-0.345029,0.838025],[0.752473,-0.381741,-0.53671],[0.505089,0.857455,0.0982665]],"s":1.19821,"t":[7.68769,47.8681,19.6502],"timestamp":98006910718},false],[3,{"currentFrameRate":110.409,"devices":[],"gestures":[],"hands":[{"armBasis":[[0.855353,-0.259022,-0.44864],[0.424377,0.847034,0.32006],[0.297111,-0.464157,0.834436]],"armWidth":63.72,"confidence":0.465182,"direction":[0.260894,0.618209,-0.741452],"elbow":[67.5959,150.015,291.482],"grabStrength":0.441526,"id":506,"palmNormal":[-0.34952,-0.655453,-0.66949],"palmPosition":[-6.90524,309.196,23.5976],"palmVelocity":[-21.7325,-19.0494,-186.66],"palmWidth":90.99,"pinchStrength":0.56055,"r":[[0.424588,-0.344171,0.837419],[0.750555,-0.383481,-0.538154],[0.506352,0.857023,0.0954976]],"s":1.19952,"sphereCenter":[-31.7871,297.536,-14.8546],"sphereRadius":42.3092,"stabilizedPalmPosition":[10.9604,285.708,11.527],"t":[7.54874,47.7244,18.5088],"timeVisible":192.447,"type":"right","wrist":[-12.6241,275.337,66.1846]}],"id":1818731,"interactionBox":{"center":[0,200,0],"size":[235.247,235.247,147.751]},"pointables":[{"bases":[[[0.725635,0.53232,0.435991],[-0.669719,0.400997,0.625042],[0.157892,-0.745544,0.647483]],[[0.670668,0.68801,0.277212],[-0.74079,0.640345,0.202949],[-0.0378802,-0.341467,0.93913]],[[0.670668,0.68801,0.277212],[-0.740693,0.641197,0.2006],[-0.0397326,-0.339865,0.939635]],[[0.670668,0.68801,0.277212],[-0.737951,0.656694,0.155504],[-0.0750546,-0.30886,0.948141]]],"btipPosition":[-37.9431,314.372,-38.3301],"carpPosition":[-42.9453,278.51,62.7763],"dipPosition":[-39.6997,307.143,-16.1402],"direction":[0.0397326,0.339865,-0.939635],"extended":false,"handId":506,"id":5060,"length":52.1164,"mcpPosition":[-42.9453,278.51,62.7763],"pipPosition":[-41.0544,295.555,15.8972],"stabilizedTipPosition":[-27.9916,294.319,-29.1769],"timeVisible":192.447,"tipPosition":[-38.3918,313.567,-32.6373],"tipVelocity":[-41.6387,-36.7892,-177.751],"tool":false,"touchDistance":-0.527702,"touchZone":"hovering","type":0,"width":20.25},{"bases":[[[0.930902,-0.323861,-0.168924],[0.361392,0.74941,0.55478],[-0.053078,-0.577493,0.814668]],[[0.932201,-0.277672,-0.232164],[0.272102,0.960617,-0.0563514],[0.238668,-0.0106415,0.971043]],[[0.932201,-0.277672,-0.232164],[0.242809,0.955453,-0.167791],[0.268413,0.100043,0.958095]],[[0.932201,-0.277672,-0.232164],[0.222736,0.945701,-0.236725],[0.28529,0.168964,0.94343]]],"btipPosition":[-43.7724,332.081,-73.3601],"carpPosition":[-26.0615,294.443,67.5697],"dipPosition":[-38.898,334.968,-57.241],"direction":[-0.268413,-0.100043,-0.958095],"extended":true,"handId":506,"id":5061,"length":58.8075,"mcpPosition":[-22.1566,336.929,7.63485],"pipPosition":[-32.4104,337.386,-34.0835],"stabilizedTipPosition":[-39.8319,321.388,-34.3712],"timeVisible":192.447,"tipPosition":[-42.8159,332.233,-69.4672],"tipVelocity":[-45.6341,14.1135,-185.94],"tool":false,"touchDistance":-0.515444,"touchZone":"hovering","type":1,"width":19.3428},{"bases":[[[0.839833,-0.521884,-0.149391],[0.512316,0.671008,0.535985],[-0.17948,-0.526674,0.830904]],[[0.833438,-0.539016,-0.121831],[0.290799,0.615255,-0.732733],[0.469912,0.575259,0.669522]],[[0.833438,-0.539016,-0.121831],[-0.369551,-0.379719,-0.848084],[0.41087,0.751847,-0.515666]],[[0.833438,-0.539016,-0.121831],[-0.531459,-0.721398,-0.443999],[0.151434,0.434794,-0.887706]]],"btipPosition":[-38.7333,271.58,7.0802],"carpPosition":[-14.0759,292.114,65.9765],"dipPosition":[-35.8876,279.751,-9.60157],"direction":[-0.41087,-0.751847,0.515666],"extended":false,"handId":506,"id":5062,"length":67.0064,"mcpPosition":[-1.55398,328.859,8.00598],"pipPosition":[-24.2039,301.131,-24.2653],"stabilizedTipPosition":[-26.6196,253.063,-17.1019],"timeVisible":192.447,"tipPosition":[-37.9147,273.622,3.5267],"tipVelocity":[-38.5193,-23.1635,-164.332],"tool":false,"touchDistance":0.333333,"touchZone":"none","type":2,"width":18.9972},{"bases":[[[0.763241,-0.642789,-0.0654655],[0.565027,0.614876,0.550157],[-0.313381,-0.456892,0.832491]],[[0.753297,-0.656465,-0.0399678],[0.415954,0.52262,-0.744211],[0.509437,0.543987,0.666747]],[[0.753297,-0.656465,-0.0399678],[-0.370399,-0.373248,-0.850582],[0.54346,0.655545,-0.524321]],[[0.753297,-0.656465,-0.0399678],[-0.600257,-0.661419,-0.449685],[0.268767,0.362737,-0.892293]]],"btipPosition":[-26.4084,266.147,13.2102],"carpPosition":[-3.20062,286.77,63.9511],"dipPosition":[-21.3868,272.925,-3.4614],"direction":[-0.54346,-0.655545,0.524321],"extended":false,"handId":506,"id":5063,"length":64.4285,"mcpPosition":[16.4296,315.39,11.8039],"pipPosition":[-6.33184,291.085,-17.9861],"stabilizedTipPosition":[-14.4862,243.864,-12.6001],"timeVisible":192.447,"tipPosition":[-25.1647,267.846,9.75405],"tipVelocity":[-37.029,-22.8414,-182.973],"tool":false,"touchDistance":0.333333,"touchZone":"none","type":3,"width":18.077},{"bases":[[[0.61792,-0.784049,-0.0586696],[0.646939,0.464616,0.60465],[-0.446816,-0.411581,0.794328]],[[0.621738,-0.780482,-0.0654955],[0.510129,0.466984,-0.722285],[0.594316,0.41566,0.688488]],[[0.621738,-0.780482,-0.0654955],[-0.428588,-0.269037,-0.862515],[0.655557,0.564329,-0.501776]],[[0.621738,-0.780482,-0.0654955],[-0.70516,-0.521414,-0.480495],[0.340868,0.344927,-0.874548]]],"btipPosition":[-9.5328,267.454,14.6311],"carpPosition":[4.27036,275.269,60.1462],"dipPosition":[-3.65733,273.4,-0.443293],"direction":[-0.655557,-0.564328,0.501776],"extended":false,"handId":506,"id":5064,"length":50.5107,"mcpPosition":[30.1791,299.135,14.087],"pipPosition":[9.16457,284.438,-10.2574],"stabilizedTipPosition":[1.65883,242.635,-6.6895],"timeVisible":192.447,"tipPosition":[-8.20055,268.949,11.0881],"tipVelocity":[-34.5493,-25.7183,-184.286],"tool":false,"touchDistance":0.333333,"touchZone":"none","type":4,"width":16.0574}],"r":[[0.424588,-0.344171,0.837419],[0.750555,-0.383481,-0.538154],[0.506352,0.857023,0.0954976]],"s":1.19952,"t":[7.54874,47.7244,18.5088],"timestamp":98006919946},false],[4,{"currentFrameRate":110.646,"devices":[],"gestures":[],"hands":[{"armBasis":[[0.85021,-0.269196,-0.452412],[0.430894,0.849562,0.304261],[0.302446,-0.453627,0.838301]],"armWidth":63.72,"confidence":0.468229,"direction":[0.270876,0.622611,-0.734154],"elbow":[67.8261,152.932,287.995],"grabStrength":0.435106,"id":506,"palmNormal":[-0.349166,-0.647176,-0.677677],"palmPosition":[-7.5534,309.59,19.4024],"palmVelocity":[-35.8833,-1.91113,-266.078],"palmWidth":90.99,"pinchStrength":0.55463,"r":[[0.424357,-0.345537,0.836974],[0.749263,-0.385034,-0.538844],[0.508455,0.855776,0.0955066]],"s":1.2004,"sphereCenter":[-32.3199,298.49,-19.3583],"sphereRadius":42.3581,"stabilizedPalmPosition":[10.9603,285.708,11.527],"t":[7.15518,47.8495,15.8405],"timeVisible":192.455,"type":"right","wrist":[-13.8343,275.411,61.6534]}],"id":1818732,"interactionBox":{"center":[0,200,0],"size":[235.247,235.247,147.751]},"pointables":[{"bases":[[[0.726133,0.523325,0.445939],[-0.671506,0.400479,0.623455],[0.14768,-0.752162,0.642217]],[[0.673419,0.680871,0.287961],[-0.737798,0.643493,0.203887],[-0.0464804,-0.349758,0.935686]],[[0.673419,0.680871,0.287961],[-0.737553,0.645257,0.199142],[-0.0502186,-0.346493,0.936707]],[[0.673419,0.680871,0.287961],[-0.734271,0.661227,0.153706],[-0.0857533,-0.31495,0.945226]]],"btipPosition":[-38.0662,315.476,-42.7199],"carpPosition":[-44.1056,278.832,58.0466],"dipPosition":[-40.0731,308.105,-20.5982],"direction":[0.0502186,0.346493,-0.936707],"extended":false,"handId":506,"id":5060,"length":52.1164,"mcpPosition":[-44.1056,278.832,58.0466],"pipPosition":[-41.7854,296.291,11.3394],"stabilizedTipPosition":[-27.9917,294.32,-29.177],"timeVisible":192.455,"tipPosition":[-38.5741,314.623,-37.0471],"tipVelocity":[-36.1654,5.85409,-265.981],"tool":false,"touchDistance":-0.569346,"touchZone":"hovering","type":0,"width":20.25},{"bases":[[[0.929801,-0.329126,-0.164758],[0.362572,0.742019,0.563869],[-0.0633302,-0.584023,0.809263]],[[0.931898,-0.281928,-0.228217],[0.279825,0.959122,-0.0422162],[0.23079,-0.0245197,0.972695]],[[0.931898,-0.281928,-0.228217],[0.252019,0.955771,-0.151621],[0.260869,0.0837803,0.961732]],[[0.931898,-0.281928,-0.228217],[0.232857,0.947408,-0.219536],[0.278108,0.151443,0.948536]]],"btipPosition":[-43.4577,334.008,-77.6759],"carpPosition":[-27.1446,294.601,63.1022],"dipPosition":[-38.706,336.596,-61.4696],"direction":[-0.260869,-0.0837803,-0.961732],"extended":true,"handId":506,"id":5061,"length":58.8075,"mcpPosition":[-22.4854,337.567,3.56512],"pipPosition":[-32.4007,338.621,-38.2242],"stabilizedTipPosition":[-39.8323,321.39,-34.3763],"timeVisible":192.455,"tipPosition":[-42.54,333.996,-73.7673],"tipVelocity":[-24.7599,67.4429,-268.637],"tool":false,"touchDistance":-0.556669,"touchZone":"hovering","type":1,"width":19.3428},{"bases":[[[0.837172,-0.526645,-0.147605],[0.513068,0.662692,0.545528],[-0.189483,-0.532432,0.824992]],[[0.830439,-0.543988,-0.120205],[0.300866,0.619508,-0.725044],[0.468883,0.565939,0.678131]],[[0.830439,-0.543988,-0.120205],[-0.365345,-0.36887,-0.854668],[0.420589,0.753666,-0.505067]],[[0.830439,-0.543988,-0.120205],[-0.533015,-0.713038,-0.455491],[0.162071,0.442328,-0.882088]]],"btipPosition":[-39.5505,272.323,2.27274],"carpPosition":[-15.1643,292.199,61.5785],"dipPosition":[-36.5049,280.636,-14.3035],"direction":[-0.420589,-0.753666,0.505067],"extended":false,"handId":506,"id":5062,"length":67.0064,"mcpPosition":[-1.9445,329.346,4.02044],"pipPosition":[-24.5449,302.067,-28.6657],"stabilizedTipPosition":[-26.6197,253.063,-17.1017],"timeVisible":192.455,"tipPosition":[-38.684,274.397,-1.24456],"tipVelocity":[-52.0061,6.78071,-267.714],"tool":false,"touchDistance":0.333333,"touchZone":"none","type":2,"width":18.9972},{"bases":[[[0.759088,-0.647705,-0.0652931],[0.565267,0.606062,0.559609],[-0.32289,-0.461701,0.826181]],[[0.748873,-0.661504,-0.0400296],[0.426807,0.527623,-0.734473],[0.506977,0.532942,0.677457]],[[0.748873,-0.661504,-0.0400296],[-0.36434,-0.3605,-0.858659],[0.553576,0.657611,-0.510981]],[[0.748873,-0.661504,-0.0400296],[-0.600551,-0.651848,-0.463068],[0.280228,0.370819,-0.885418]]],"btipPosition":[-27.3094,266.758,8.26631],"carpPosition":[-4.31269,286.794,59.5884],"dipPosition":[-22.0736,273.686,-8.27684],"direction":[-0.553576,-0.657611,0.510981],"extended":false,"handId":506,"id":5063,"length":64.4285,"mcpPosition":[15.9131,315.715,7.83645],"pipPosition":[-6.73841,291.904,-22.432],"stabilizedTipPosition":[-14.4863,243.865,-12.5999],"timeVisible":192.455,"tipPosition":[-26.0177,268.481,4.89877],"tipVelocity":[-53.3816,3.02754,-285.449],"tool":false,"touchDistance":0.333333,"touchZone":"none","type":3,"width":18.077},{"bases":[[[0.612712,-0.787964,-0.0607929],[0.64569,0.454755,0.613419],[-0.455706,-0.415103,0.787414]],[[0.617239,-0.783774,-0.0686637],[0.522079,0.473307,-0.709517],[0.5886,0.402093,0.701335]],[[0.617239,-0.783774,-0.0686637],[-0.418467,-0.253137,-0.872243],[0.66626,0.567115,-0.484229]],[[0.617239,-0.783774,-0.0686637],[-0.702522,-0.509745,-0.496611],[0.35423,0.354765,-0.865253]]],"btipPosition":[-10.4211,267.918,9.66876],"carpPosition":[3.1041,275.273,55.7407],"dipPosition":[-4.31533,274.033,-5.24544],"direction":[-0.66626,-0.567115,0.484229],"extended":false,"handId":506,"id":5064,"length":50.5107,"mcpPosition":[29.5283,299.343,10.0823],"pipPosition":[8.71591,285.125,-14.7164],"stabilizedTipPosition":[1.6586,242.635,-6.68922],"timeVisible":192.455,"tipPosition":[-9.03179,269.449,6.30579],"tipVelocity":[-51.0559,-3.48471,-286.758],"tool":false,"touchDistance":0.333333,"touchZone":"none","type":4,"width":16.0574}],"r":[[0.424357,-0.345537,0.836974],[0.749263,-0.385034,-0.538844],[0.508455,0.855776,0.0955066]],"s":1.2004,"t":[7.15518,47.8495,15.8405],"timestamp":98006928565},false],[5,{"currentFrameRate":110.595,"devices":[],"gestures":[],"hands":[{"armBasis":[[0.846801,-0.281137,-0.451541],[0.439621,0.847801,0.296591],[0.299434,-0.449661,0.841513]],"armWidth":63.72,"confidence":0.469663,"direction":[0.278236,0.620927,-0.732826],"elbow":[66.1337,154.07,285.716],"grabStrength":0.432596,"id":506,"palmNormal":[-0.35425,-0.64283,-0.679173],"palmPosition":[-8.02478,309.65,16.3139],"palmVelocity":[-40.2576,0.464978,-286.127],"palmWidth":90.99,"pinchStrength":0.552623,"r":[[0.423196,-0.347683,0.836673],[0.747663,-0.387586,-0.539237],[0.511766,0.853753,0.0959247]],"s":1.20059,"sphereCenter":[-32.8889,298.858,-22.528],"sphereRadius":42.3665,"stabilizedPalmPosition":[10.9601,285.708,11.5271],"t":[6.72271,47.9423,12.9621],"timeVisible":192.464,"type":"right","wrist":[-14.7136,275.478,58.5072]}],"id":1818733,"interactionBox":{"center":[0,200,0],"size":[235.247,235.247,147.751]},"pointables":[{"bases":[[[0.730404,0.515622,0.447932],[-0.66868,0.406167,0.622813],[0.139201,-0.754429,0.641452]],[[0.679504,0.673897,0.290065],[-0.731878,0.650244,0.203806],[-0.0512694,-0.350779,0.935054]],[[0.679504,0.673897,0.290065],[-0.731562,0.652308,0.19827],[-0.0555986,-0.346926,0.936243]],[[0.679504,0.673897,0.290065],[-0.728038,0.668249,0.15298],[-0.0907432,-0.315129,0.944701]]],"btipPosition":[-38.365,315.912,-45.8551],"carpPosition":[-44.9436,279.199,54.8517],"dipPosition":[-40.4887,308.537,-23.7457],"direction":[0.0555986,0.346926,-0.936243],"extended":false,"handId":506,"id":5060,"length":52.1164,"mcpPosition":[-44.9436,279.199,54.8517],"pipPosition":[-42.3844,296.709,8.17606],"stabilizedTipPosition":[-27.9918,294.32,-29.1771],"timeVisible":192.464,"tipPosition":[-38.8927,315.052,-40.1891],"tipVelocity":[-36.0246,17.4794,-287.568],"tool":false,"touchDistance":-0.587816,"touchZone":"hovering","type":0,"width":20.25},{"bases":[[[0.926842,-0.337952,-0.163565],[0.368782,0.737691,0.565519],[-0.0704577,-0.584466,0.808353]],[[0.929509,-0.290372,-0.227369],[0.28928,0.956455,-0.038878],[0.228757,-0.0296358,0.973032]],[[0.929509,-0.290372,-0.227369],[0.261786,0.95374,-0.14781],[0.259771,0.0778689,0.962526]],[[0.929509,-0.290372,-0.227369],[0.24276,0.945846,-0.215508],[0.277634,0.14512,0.949663]]],"btipPosition":[-43.5056,334.705,-80.8055],"carpPosition":[-27.8388,294.794,59.9587],"dipPosition":[-38.762,337.184,-64.58],"direction":[-0.259771,-0.0778689,-0.962526],"extended":true,"handId":506,"id":5061,"length":58.8075,"mcpPosition":[-22.6553,337.793,0.488464],"pipPosition":[-32.4832,339.066,-41.3153],"stabilizedTipPosition":[-39.8326,321.392,-34.3812],"timeVisible":192.464,"tipPosition":[-42.5888,334.652,-76.9003],"tipVelocity":[-19.3917,69.1497,-289.092],"tool":false,"touchDistance":-0.576213,"touchZone":"hovering","type":1,"width":19.3428},{"bases":[[[0.832262,-0.534581,-0.146844],[0.51853,0.656926,0.547335],[-0.196129,-0.531669,0.823931]],[[0.825301,-0.551915,-0.119445],[0.308343,0.617654,-0.723483],[0.473077,0.560261,0.67993]],[[0.825301,-0.551915,-0.119445],[-0.36688,-0.363267,-0.856409],[0.429275,0.750618,-0.502291]],[[0.825301,-0.551915,-0.119445],[-0.538881,-0.706538,-0.458707],[0.168775,0.442938,-0.880523]]],"btipPosition":[-40.3774,272.698,-0.973927],"carpPosition":[-15.8798,292.278,58.4528],"dipPosition":[-37.2058,281.022,-17.5207],"direction":[-0.429275,-0.750618,0.502291],"extended":false,"handId":506,"id":5062,"length":67.0064,"mcpPosition":[-2.19628,329.371,0.96885],"pipPosition":[-24.9988,302.367,-31.8041],"stabilizedTipPosition":[-26.6199,253.064,-17.1016],"timeVisible":192.464,"tipPosition":[-39.4785,274.774,-4.47586],"tipVelocity":[-61.839,16.3781,-291.919],"tool":false,"touchDistance":0.333333,"touchZone":"none","type":2,"width":18.9972},{"bases":[[[0.752855,-0.654985,-0.0648349],[0.57015,0.59977,0.561431],[-0.328843,-0.459642,0.82498]],[[0.742476,-0.668699,-0.0396428],[0.434539,0.52583,-0.731217],[0.50981,0.525684,0.680992]],[[0.742476,-0.668699,-0.0396428],[-0.364322,-0.353438,-0.861598],[0.562139,0.654158,-0.50604]],[[0.742476,-0.668699,-0.0396428],[-0.60516,-0.644196,-0.467753],[0.287248,0.371285,-0.88297]]],"btipPosition":[-28.1965,267.016,4.8871],"carpPosition":[-5.07785,286.77,56.4746],"dipPosition":[-22.8296,273.953,-11.6103],"direction":[-0.562139,-0.654158,0.50604],"extended":false,"handId":506,"id":5063,"length":64.4285,"mcpPosition":[15.5209,315.562,4.79781],"pipPosition":[-7.25724,292.075,-25.6286],"stabilizedTipPosition":[-14.4865,243.865,-12.5997],"timeVisible":192.464,"tipPosition":[-26.8748,268.734,1.57268],"tipVelocity":[-64.631,10.11,-308.644],"tool":false,"touchDistance":0.333333,"touchZone":"none","type":3,"width":18.077},{"bases":[[[0.605112,-0.793817,-0.0607841],[0.648999,0.447614,0.615177],[-0.46113,-0.4117,0.786043]],[[0.610359,-0.789044,-0.0697926],[0.533301,0.474477,-0.70033],[0.585706,0.390232,0.710399]],[[0.610359,-0.789044,-0.0697926],[-0.410831,-0.239997,-0.879556],[0.677259,0.565518,-0.470648]],[[0.610359,-0.789044,-0.0697926],[-0.702571,-0.498555,-0.507776],[0.365862,0.35896,-0.858657]]],"btipPosition":[-11.2909,268.008,5.93204],"carpPosition":[2.23315,275.182,52.6242],"dipPosition":[-4.98462,274.196,-8.86846],"direction":[-0.677259,-0.565518,0.470648],"extended":false,"handId":506,"id":5064,"length":50.5107,"mcpPosition":[28.9718,299.055,7.04537],"pipPosition":[8.26175,285.257,-18.0738],"stabilizedTipPosition":[1.65837,242.636,-6.68904],"timeVisible":192.464,"tipPosition":[-9.85122,269.545,2.78767],"tipVelocity":[-61.9365,0.745517,-319.996],"tool":false,"touchDistance":0.333333,"touchZone":"none","type":4,"width":16.0574}],"r":[[0.423196,-0.347683,0.836673],[0.747663,-0.387586,-0.539237],[0.511766,0.853753,0.0959247]],"s":1.20059,"t":[6.72271,47.9423,12.9621],"timestamp":98006937697},false],[6,{"currentFrameRate":110.606,"devices":[],"gestures":[],"hands":[{"armBasis":[[0.847727,-0.286094,-0.446665],[0.441582,0.847179,0.295453],[0.293878,-0.447703,0.844511]],"armWidth":63.72,"confidence":0.472098,"direction":[0.279371,0.624152,-0.729648],"elbow":[64.5018,154.543,283.846],"grabStrength":0.428775,"id":506,"palmNormal":[-0.355262,-0.638786,-0.682452],"palmPosition":[-8.09369,309.796,13.8093],"palmVelocity":[-31.2835,4.79159,-283.794],"palmWidth":90.99,"pinchStrength":0.54984,"r":[[0.422122,-0.350384,0.836088],[0.746257,-0.38933,-0.539928],[0.514697,0.851852,0.0971318]],"s":1.2007,"sphereCenter":[-33.1021,299.331,-25.0865],"sphereRadius":42.4125,"stabilizedPalmPosition":[10.9601,285.708,11.5271],"t":[6.47202,48.0618,10.2706],"timeVisible":192.473,"type":"right","wrist":[-14.8452,275.422,55.8285]}],"id":1818734,"interactionBox":{"center":[0,200,0],"size":[235.247,235.247,147.751]},"pointables":[{"bases":[[[0.731226,0.512112,0.450611],[-0.668061,0.404145,0.624789],[0.13785,-0.757897,0.637643]],[[0.680618,0.671256,0.293555],[-0.730808,0.650343,0.207301],[-0.0517599,-0.355625,0.933194]],[[0.680618,0.671256,0.293555],[-0.73045,0.652678,0.201132],[-0.0565864,-0.351321,0.934543]],[[0.680618,0.671256,0.293555],[-0.726919,0.668694,0.156322],[-0.0913665,-0.319787,0.943074]]],"btipPosition":[-38.4171,316.427,-48.3293],"carpPosition":[-45.0684,279.213,52.1887],"dipPosition":[-40.5554,308.943,-26.2579],"direction":[0.0565864,0.351321,-0.934543],"extended":false,"handId":506,"id":5060,"length":52.1164,"mcpPosition":[-45.0684,279.213,52.1887],"pipPosition":[-42.4847,296.965,5.60588],"stabilizedTipPosition":[-27.9919,294.32,-29.1771],"timeVisible":192.473,"tipPosition":[-38.946,315.53,-42.673],"tipVelocity":[-27.8041,27.6125,-284.176],"tool":false,"touchDistance":-0.594611,"touchZone":"hovering","type":0,"width":20.25},{"bases":[[[0.926286,-0.338691,-0.165174],[0.369967,0.734196,0.56928],[-0.0715397,-0.588426,0.80538]],[[0.929039,-0.290308,-0.229362],[0.290979,0.956205,-0.0316694],[0.228511,-0.0373172,0.972826]],[[0.929039,-0.290308,-0.229362],[0.263636,0.954391,-0.140123],[0.259579,0.0697118,0.963202]],[[0.929039,-0.290308,-0.229362],[0.244692,0.947107,-0.20764],[0.27751,0.136783,0.950936]]],"btipPosition":[-43.5076,335.625,-83.1984],"carpPosition":[-27.9378,294.754,57.3763],"dipPosition":[-38.7662,337.962,-66.9511],"direction":[-0.259579,-0.0697118,-0.963202],"extended":true,"handId":506,"id":5061,"length":58.8075,"mcpPosition":[-22.6747,338.044,-1.87521],"pipPosition":[-32.4921,339.647,-43.6701],"stabilizedTipPosition":[-39.8328,321.393,-34.386],"timeVisible":192.473,"tipPosition":[-42.5858,335.502,-79.2971],"tipVelocity":[-14.134,77.1871,-282.383],"tool":false,"touchDistance":-0.582744,"touchZone":"hovering","type":1,"width":19.3428},{"bases":[[[0.831371,-0.535242,-0.149458],[0.51958,0.65327,0.550704],[-0.197124,-0.535495,0.821211]],[[0.824378,-0.552703,-0.122147],[0.309626,0.620961,-0.720097],[0.473848,0.555812,0.683038]],[[0.824378,-0.552703,-0.122147],[-0.366954,-0.357536,-0.858786],[0.430981,0.752786,-0.497562]],[[0.824378,-0.552703,-0.122147],[-0.539817,-0.702745,-0.463409],[0.170289,0.447961,-0.877686]]],"btipPosition":[-40.5253,272.97,-3.71564],"carpPosition":[-15.983,292.224,55.859],"dipPosition":[-37.3253,281.388,-20.2091],"direction":[-0.430981,-0.752787,0.497562],"extended":false,"handId":506,"id":5062,"length":67.0064,"mcpPosition":[-2.23005,329.585,-1.43527],"pipPosition":[-25.0697,302.794,-34.358],"stabilizedTipPosition":[-26.62,253.064,-17.1015],"timeVisible":192.473,"tipPosition":[-39.6189,275.066,-7.19716],"tipVelocity":[-49.137,20.8256,-294.848],"tool":false,"touchDistance":0.333333,"touchZone":"none","type":2,"width":18.9972},{"bases":[[[0.751752,-0.655924,-0.068067],[0.571102,0.595956,0.564516],[-0.329715,-0.463249,0.822611]],[[0.741407,-0.669671,-0.0430879],[0.435549,0.529064,-0.728277],[0.510503,0.521183,0.683927]],[[0.741407,-0.669671,-0.0430879],[-0.364075,-0.347475,-0.864124],[0.563707,0.656355,-0.501431]],[[0.741407,-0.669671,-0.0430879],[-0.605667,-0.640135,-0.472647],[0.288936,0.376521,-0.880198]]],"btipPosition":[-28.3601,267.223,2.10435],"carpPosition":[-5.1901,286.709,53.854],"dipPosition":[-22.9616,274.258,-14.3413],"direction":[-0.563707,-0.656355,0.501431],"extended":false,"handId":506,"id":5063,"length":64.4285,"mcpPosition":[15.4632,315.727,2.32568],"pipPosition":[-7.34582,292.44,-28.2319],"stabilizedTipPosition":[-14.4866,243.865,-12.5996],"timeVisible":192.473,"tipPosition":[-27.0267,268.967,-1.19465],"tipVelocity":[-51.6168,14.3205,-308.234],"tool":false,"touchDistance":0.333333,"touchZone":"none","type":3,"width":18.077},{"bases":[[[0.603773,-0.794524,-0.0647338],[0.649686,0.443397,0.6175],[-0.461916,-0.414887,0.783902]],[[0.609395,-0.789373,-0.0743478],[0.536833,0.479797,-0.693978],[0.583479,0.382995,0.716148]],[[0.609395,-0.789373,-0.0743478],[-0.406849,-0.230841,-0.883847],[0.680522,0.568861,-0.46183]],[[0.609395,-0.789373,-0.0743478],[-0.701325,-0.492922,-0.514948],[0.369838,0.365949,-0.853991]]],"btipPosition":[-11.4304,268.209,2.92166],"carpPosition":[2.1017,275.128,49.9459],"dipPosition":[-5.05558,274.517,-11.7984],"direction":[-0.680522,-0.568861,0.46183],"extended":false,"handId":506,"id":5064,"length":50.5107,"mcpPosition":[28.886,299.185,4.49115],"pipPosition":[8.25462,285.643,-20.8313],"stabilizedTipPosition":[1.65819,242.636,-6.68894],"timeVisible":192.473,"tipPosition":[-9.97565,269.762,-0.121522],"tipVelocity":[-48.6699,7.49891,-323.205],"tool":false,"touchDistance"