{"sensorType":"Leap","data":[[0,{"currentFrameRate":110.355,"devices":[],"gestures":[],"hands":[{"armBasis":[[0.78469,-0.374767,-0.493773],[0.546122,0.794809,0.264633],[0.293279,-0.477315,0.828347]],"armWidth":63.72,"confidence":0.6326,"direction":[0.0830648,0.419623,-0.90389],"elbow":[67.4312,150.021,302.195],"grabStrength":0,"id":506,"palmNormal":[-0.539811,-0.743483,-0.394762],"palmPosition":[-15.9861,302.313,29.2824],"palmVelocity":[-49.4113,59.3731,-211.02],"palmWidth":90.99,"pinchStrength":1,"r":[[0.615404,-0.179287,0.767551],[0.559345,-0.586763,-0.585527],[0.555348,0.789661,-0.260812]],"s":0.941924,"sphereCenter":[-55.8306,286.58,-3.26699],"sphereRadius":48.4211,"stabilizedPalmPosition":[-0.0831568,292.498,27.5926],"t":[-1.22535,40.0581,25.0236],"timeVisible":201.539,"type":"right","wrist":[-11.7542,278.896,78.5419]}],"id":1819718,"interactionBox":{"center":[0,200,0],"size":[235.247,235.247,147.751]},"pointables":[{"bases":[[[0.83611,0.537336,0.110409],[-0.465164,0.587805,0.661897],[0.290763,-0.604777,0.741419]],[[0.796437,0.604281,0.0230777],[-0.604626,0.795056,0.0480997],[0.0107177,-0.0522618,0.998576]],[[0.796437,0.604281,0.0230777],[-0.588902,0.766367,0.256662],[0.13741,-0.218005,0.966226]],[[0.796437,0.604281,0.0230777],[-0.552707,0.742887,-0.377669],[-0.245362,0.288035,0.925653]]],"btipPosition":[-41.2267,287.576,-22.3856],"carpPosition":[-41.749,284.275,82.0686],"dipPosition":[-46.969,294.317,-0.722012],"direction":[-0.13741,0.218005,-0.966226],"extended":true,"handId":506,"id":5060,"length":52.1164,"mcpPosition":[-41.749,284.275,82.0686],"pipPosition":[-42.284,286.884,32.222],"stabilizedTipPosition":[-24.7358,273.835,-16.9054],"timeVisible":201.539,"tipPosition":[-41.9975,288.453,-17.1348],"tipVelocity":[-52.1807,88.6173,-220.397],"tool":false,"touchDistance":-0.277399,"touchZone":"hovering","type":0,"width":20.25},{"bases":[[[0.839733,-0.442873,-0.314186],[0.525122,0.80959,0.262318],[0.138188,-0.385263,0.912401]],[[0.850428,-0.510768,-0.126052],[0.518398,0.854409,0.0353454],[0.0896468,-0.0954039,0.991394]],[[0.850428,-0.510768,-0.126052],[0.505184,0.859719,-0.0753176],[0.146839,0.000372588,0.98916]],[[0.850428,-0.510768,-0.126052],[0.49132,0.856746,-0.156814],[0.18809,0.0714272,0.979551]]],"btipPosition":[-44.3295,330.316,-71.5757],"carpPosition":[-23.5488,299.103,78.7866],"dipPosition":[-41.1159,331.536,-54.8395],"direction":[-0.146839,-0.000372588,-0.98916],"extended":true,"handId":506,"id":5061,"length":58.8075,"mcpPosition":[-33.7153,327.446,11.6616],"pipPosition":[-37.5667,331.545,-30.9311],"stabilizedTipPosition":[-34.2239,322.026,-61.3377],"timeVisible":201.539,"tipPosition":[-43.2225,331.307,-67.7119],"tipVelocity":[-30.8935,78.9059,-208.932],"tool":false,"touchDistance":-0.199661,"touchZone":"hovering","type":1,"width":19.3428},{"bases":[[[0.748775,-0.622335,-0.228113],[0.662435,0.714407,0.225393],[0.0226955,-0.319879,0.947187]],[[0.748794,-0.622611,-0.227293],[0.46224,0.736314,-0.494142],[0.475017,0.264946,0.839144]],[[0.748794,-0.622611,-0.227293],[-0.444026,-0.216615,-0.869436],[0.492085,0.751953,-0.438656]],[[0.748794,-0.622611,-0.227293],[-0.661262,-0.725122,-0.192173],[-0.0451662,0.294199,-0.954676]]],"btipPosition":[-50.1315,277.949,-1.24769],"carpPosition":[-12.5077,295.313,74.8686],"dipPosition":[-50.9803,283.477,-19.188],"direction":[-0.492085,-0.751953,0.438656],"extended":false,"handId":506,"id":5062,"length":67.0064,"mcpPosition":[-14.0911,317.631,8.78529],"pipPosition":[-36.9871,304.86,-31.6618],"stabilizedTipPosition":[-27.656,261.956,-13.7012],"timeVisible":201.539,"tipPosition":[-50.4212,278.821,-4.60534],"tipVelocity":[-48.6919,83.1583,-226.91],"tool":false,"touchDistance":0.333333,"touchZone":"none","type":2,"width":18.9972},{"bases":[[[0.691872,-0.714697,-0.102578],[0.714625,0.657557,0.238599],[-0.103075,-0.238385,0.965685]],[[0.696284,-0.701383,-0.152484],[0.559968,0.66371,-0.495908],[0.449027,0.259906,0.854882]],[[0.696284,-0.701383,-0.152484],[-0.407183,-0.21103,-0.888633],[0.591093,0.68083,-0.432528]],[[0.696284,-0.701383,-0.152484],[-0.716069,-0.664179,-0.214736],[0.049335,0.258706,-0.964695]]],"btipPosition":[-33.6782,268.237,2.82575],"carpPosition":[-2.77626,288.611,71.5058],"dipPosition":[-32.7564,273.071,-15.1986],"direction":[-0.591093,-0.68083,0.432528],"extended":false,"handId":506,"id":5063,"length":64.4285,"mcpPosition":[3.68035,303.543,11.0153],"pipPosition":[-16.382,291.931,-27.1805],"stabilizedTipPosition":[-11.3004,252.074,-9.6897],"timeVisible":201.539,"tipPosition":[-33.5747,269.094,-0.623677],"tipVelocity":[-54.2071,72.808,-220.75],"tool":false,"touchDistance":0.333333,"touchZone":"none","type":3,"width":18.077},{"bases":[[[0.547641,-0.836241,-0.0281248],[0.801604,0.51473,0.304112],[-0.239834,-0.189089,0.952221]],[[0.555525,-0.829283,-0.0606837],[0.706228,0.509095,-0.492001],[0.438902,0.230462,0.868477]],[[0.555525,-0.829283,-0.0606837],[-0.375363,-0.18499,-0.90823],[0.741953,0.527323,-0.414048]],[[0.555525,-0.829283,-0.0606837],[-0.808823,-0.522005,-0.27077],[0.192867,0.199502,-0.96073]]],"btipPosition":[-16.4992,264.947,7.44681],"carpPosition":[2.94937,275.884,68.712],"dipPosition":[-13.1747,268.386,-9.1131],"direction":[-0.741953,-0.527323,0.414048],"extended":false,"handId":506,"id":5064,"length":50.5107,"mcpPosition":[16.8562,286.849,13.4973],"pipPosition":[1.33698,278.7,-17.2114],"stabilizedTipPosition":[5.37294,249.778,-5.49406],"timeVisible":201.539,"tipPosition":[-15.9765,265.576,4.40183],"tipVelocity":[-56.0128,66.1179,-223.661],"tool":false,"touchDistance":0.333333,"touchZone":"none","type":4,"width":16.0574}],"r":[[0.615404,-0.179287,0.767551],[0.559345,-0.586763,-0.585527],[0.555348,0.789661,-0.260812]],"s":0.941924,"t":[-1.22535,40.0581,25.0236],"timestamp":98016012697},false],[1,{"currentFrameRate":110.59,"devices":[],"gestures":[],"hands":[{"armBasis":[[0.777748,-0.391316,-0.491914],[0.559173,0.78818,0.257095],[0.287111,-0.47502,0.831819]],"armWidth":63.72,"confidence":0.577963,"direction":[0.0853717,0.417892,-0.904477],"elbow":[65.043,151.381,299.633],"grabStrength":0,"id":506,"palmNormal":[-0.552637,-0.73549,-0.391978],"palmPosition":[-16.5738,303.09,25.7885],"palmVelocity":[-54.3673,67.516,-262.399],"palmWidth":90.99,"pinchStrength":1,"r":[[0.614248,-0.183536,0.767472],[0.556669,-0.588553,-0.586281],[0.559302,0.78735,-0.259348]],"s":0.941906,"sphereCenter":[-56.8552,288.003,-6.54705],"sphereRadius":48.4384,"stabilizedPalmPosition":[-0.0859059,292.499,27.5923],"t":[-1.74204,40.7665,22.2909],"timeVisible":201.548,"type":"right","wrist":[-12.4769,279.636,75.0418]}],"id":1819719,"interactionBox":{"center":[0,200,0],"size":[235.247,235.247,147.751]},"pointables":[{"bases":[[[0.844555,0.524784,0.106439],[-0.453376,0.595038,0.663611],[0.284917,-0.608713,0.740467]],[[0.8056,0.592142,0.0194275],[-0.592293,0.804161,0.0501437],[0.0140693,-0.0519025,0.998553]],[[0.8056,0.592142,0.0194275],[-0.576069,0.775231,0.259157],[0.138397,-0.219968,0.96564]],[[0.8056,0.592142,0.0194275],[-0.543183,0.751291,-0.374851],[-0.23656,0.291427,0.926882]]],"btipPosition":[-42.2564,288.737,-25.7646],"carpPosition":[-42.3718,285.466,78.6972],"dipPosition":[-47.7928,295.557,-4.07223],"direction":[-0.138397,0.219968,-0.96564],"extended":true,"handId":506,"id":5060,"length":52.1164,"mcpPosition":[-42.3718,285.466,78.6972],"pipPosition":[-43.0741,288.057,28.8518],"stabilizedTipPosition":[-24.7588,273.856,-16.9101],"timeVisible":201.548,"tipPosition":[-43.0031,289.631,-20.5139],"tipVelocity":[-68.5215,101.356,-265.56],"tool":false,"touchDistance":-0.328578,"touchZone":"hovering","type":0,"width":20.25},{"bases":[[[0.831603,-0.455575,-0.317629],[0.538358,0.801746,0.259564],[0.136407,-0.386852,0.911997]],[[0.842115,-0.523454,-0.129764],[0.531214,0.846627,0.0321598],[0.0930275,-0.0960148,0.991023]],[[0.842115,-0.523454,-0.129764],[0.517522,0.852053,-0.0785895],[0.151704,-0.000974279,0.988426]],[[0.842115,-0.523454,-0.129764],[0.503194,0.849212,-0.160109],[0.194007,0.0695335,0.978533]]],"btipPosition":[-44.9794,331.439,-74.9543],"carpPosition":[-23.9659,300.018,75.3272],"dipPosition":[-41.6647,332.627,-58.2355],"direction":[-0.151704,0.000974279,-0.988425],"extended":true,"handId":506,"id":5061,"length":58.8075,"mcpPosition":[-34.0013,328.478,8.23191],"pipPosition":[-37.998,332.604,-34.3448],"stabilizedTipPosition":[-34.2286,322.03,-61.3423],"timeVisible":201.548,"tipPosition":[-43.8351,332.404,-71.0985],"tipVelocity":[-41.9509,92.2641,-257.445],"tool":false,"touchDistance":-0.256038,"touchZone":"hovering","type":1,"width":19.3428},{"bases":[[[0.738343,-0.63361,-0.231058],[0.674064,0.704496,0.222088],[0.0220627,-0.319725,0.947253]],[[0.738362,-0.633884,-0.230247],[0.47182,0.729472,-0.495235],[0.48188,0.257027,0.837693]],[[0.738362,-0.633884,-0.230247],[-0.450356,-0.209311,-0.867968],[0.501997,0.744567,-0.440021]],[[0.738362,-0.633884,-0.230247],[-0.672933,-0.715025,-0.189475],[-0.0445274,0.294842,-0.954508]]],"btipPosition":[-51.2045,279.266,-4.65257],"carpPosition":[-13.0002,296.061,71.3628],"dipPosition":[-52.0412,284.806,-22.5897],"direction":[-0.501997,-0.744567,0.440021],"extended":false,"handId":506,"id":5062,"length":67.0064,"mcpPosition":[-14.5395,318.368,5.27483],"pipPosition":[-37.7662,305.979,-35.1023],"stabilizedTipPosition":[-27.6613,261.96,-13.7001],"timeVisible":201.548,"tipPosition":[-51.4943,280.143,-8.01204],"tipVelocity":[-68.6522,101.653,-271.324],"tool":false,"touchDistance":0.333333,"touchZone":"none","type":2,"width":18.9972},{"bases":[[[0.680613,-0.725047,-0.105224],[0.725453,0.646876,0.235095],[-0.102388,-0.236344,0.96626]],[[0.684991,-0.711883,-0.154953],[0.564908,0.653288,-0.504077],[0.460073,0.257754,0.849645]],[[0.684991,-0.711883,-0.154953],[-0.417084,-0.20879,-0.884561],[0.597351,0.670544,-0.439934]],[[0.684991,-0.711883,-0.154953],[-0.726982,-0.653923,-0.209479],[0.0477974,0.256139,-0.965458]]],"btipPosition":[-34.9684,269.139,-0.301635],"carpPosition":[-3.38529,289.212,67.961],"dipPosition":[-34.0754,273.925,-18.3402],"direction":[-0.597351,-0.670544,0.439934],"extended":false,"handId":506,"id":5063,"length":64.4285,"mcpPosition":[3.02832,304.017,7.43448],"pipPosition":[-17.5275,292.5,-30.5273],"stabilizedTipPosition":[-11.3047,252.078,-9.68875],"timeVisible":201.548,"tipPosition":[-34.8311,270.06,-3.90386],"tipVelocity":[-79.6642,80.8911,-258.398],"tool":false,"touchDistance":0.333333,"touchZone":"none","type":3,"width":18.077},{"bases":[[[0.534904,-0.844377,-0.0300711],[0.810567,0.502791,0.300304],[-0.238451,-0.185009,0.953369]],[[0.542718,-0.837583,-0.0625376],[0.711667,0.498118,-0.495387],[0.446079,0.22435,0.866418]],[[0.542718,-0.837583,-0.0625376],[-0.381966,-0.179813,-0.906515],[0.748037,0.51587,-0.417516]],[[0.542718,-0.837583,-0.0625376],[-0.817721,-0.509908,-0.26707],[0.191805,0.196082,-0.961646]]],"btipPosition":[-17.7468,265.725,3.97365],"carpPosition":[2.13641,276.4,65.149],"dipPosition":[-14.4407,269.105,-12.602],"direction":[-0.748037,-0.51587,0.417516],"extended":false,"handId":506,"id":5064,"length":50.5107,"mcpPosition":[15.963,287.127,9.8677],"pipPosition":[0.190021,279.195,-20.7682],"stabilizedTipPosition":[5.36978,249.78,-5.49326],"timeVisible":201.548,"tipPosition":[-17.2244,266.346,0.92083],"tipVelocity":[-79.6109,72.0708,-271.165],"tool":false,"touchDistance":0.333333,"touchZone":"none","type":4,"width":16.0574}],"r":[[0.614248,-0.183536,0.767472],[0.556669,-0.588553,-0.586281],[0.559302,0.78735,-0.259348]],"s":0.941906,"t":[-1.74204,40.7665,22.2909],"timestamp":98016021324},false],[2,{"currentFrameRate":110.449,"devices":[],"gestures":[],"hands":[{"armBasis":[[0.771116,-0.405038,-0.491247],[0.569583,0.783638,0.247964],[0.284525,-0.471015,0.834979]],"armWidth":63.72,"confidence":0.579504,"direction":[0.0866846,0.411248,-0.907393],"elbow":[63.7243,152.777,297.545],"grabStrength":0,"id":506,"palmNormal":[-0.562957,-0.731237,-0.385191],"palmPosition":[-17.1138,303.147,22.7193],"palmVelocity":[-55.4083,50.1885,-281.465],"palmWidth":90.99,"pinchStrength":1,"r":[[0.613478,-0.187446,0.767144],[0.552638,-0.592026,-0.586597],[0.564124,0.783817,-0.259605]],"s":0.942093,"sphereCenter":[-57.7473,288.398,-9.33586],"sphereRadius":48.4493,"stabilizedPalmPosition":[-0.0885484,292.501,27.5915],"t":[-2.27042,41.1494,19.39],"timeVisible":201.557,"type":"right","wrist":[-13.0975,279.951,72.1009]}],"id":1819720,"interactionBox":{"center":[0,200,0],"size":[235.247,235.247,147.751]},"pointables":[{"bases":[[[0.851181,0.515296,0.099809],[-0.44355,0.604503,0.661694],[0.280633,-0.607491,0.743101]],[[0.812788,0.58242,0.0127515],[-0.582305,0.811594,0.0472896],[0.0171934,-0.0458617,0.9988]],[[0.812788,0.58242,0.0127515],[-0.565578,0.78366,0.256901],[0.139632,-0.216018,0.966353]],[[0.812788,0.58242,0.0127515],[-0.535573,0.755666,-0.377002],[-0.229209,0.299594,0.926125]]],"btipPosition":[-43.1604,288.803,-28.6419],"carpPosition":[-42.9056,286.16,75.8389],"dipPosition":[-48.5247,295.815,-6.96721],"direction":[-0.139632,0.216018,-0.966353],"extended":true,"handId":506,"id":5060,"length":52.1164,"mcpPosition":[-42.9056,286.16,75.8389],"pipPosition":[-43.7639,288.45,25.9812],"stabilizedTipPosition":[-24.7823,273.875,-16.9182],"timeVisible":201.557,"tipPosition":[-43.8917,289.745,-23.3989],"tipVelocity":[-75.409,76.0943,-278.03],"tool":false,"touchDistance":-0.367273,"touchZone":"hovering","type":0,"width":20.25},{"bases":[[[0.824814,-0.467438,-0.318094],[0.548934,0.79684,0.252424],[0.135477,-0.382816,0.913837]],[[0.83528,-0.534239,-0.129982],[0.541362,0.840429,0.0246119],[0.096092,-0.0909251,0.991211]],[[0.83528,-0.534239,-0.129982],[0.527262,0.845327,-0.0861284],[0.15589,0.00340687,0.987768]],[[0.83528,-0.534239,-0.129982],[0.512552,0.842145,-0.167577],[0.19899,0.0733514,0.977253]]],"btipPosition":[-45.6044,331.204,-78.082],"carpPosition":[-24.3412,300.47,72.3051],"dipPosition":[-42.2045,332.457,-61.3851],"direction":[-0.15589,-0.00340687,-0.987768],"extended":true,"handId":506,"id":5061,"length":58.8075,"mcpPosition":[-34.3082,328.633,5.07449],"pipPosition":[-38.4366,332.54,-37.5103],"stabilizedTipPosition":[-34.2331,322.034,-61.3477],"timeVisible":201.557,"tipPosition":[-44.4336,332.169,-74.2379],"tipVelocity":[-48.4791,59.5361,-279.838],"tool":false,"touchDistance":-0.305758,"touchZone":"hovering","type":1,"width":19.3428},{"bases":[[[0.729788,-0.643807,-0.230047],[0.683317,0.697744,0.215015],[0.0220859,-0.31411,0.94913]],[[0.729806,-0.644074,-0.22924],[0.479011,0.720989,-0.500723],[0.487782,0.255622,0.834701]],[[0.729806,-0.644074,-0.22924],[-0.455795,-0.208477,-0.865326],[0.509543,0.736006,-0.445714]],[[0.729806,-0.644074,-0.22924],[-0.682207,-0.707903,-0.182938],[-0.0444537,0.289899,-0.956024]]],"btipPosition":[-52.146,279.575,-7.48985],"carpPosition":[-13.4397,296.358,68.3218],"dipPosition":[-52.9814,285.022,-25.4555],"direction":[-0.509543,-0.736006,0.445714],"extended":false,"handId":506,"id":5062,"length":67.0064,"mcpPosition":[-14.9806,318.273,2.10297],"pipPosition":[-38.4918,305.952,-38.13],"stabilizedTipPosition":[-27.6678,261.965,-13.6996],"timeVisible":201.557,"tipPosition":[-52.4353,280.441,-10.8601],"tipVelocity":[-77.8364,81.6756,-281.028],"tool":false,"touchDistance":0.333333,"touchZone":"none","type":2,"width":18.9972},{"bases":[[[0.671482,-0.733769,-0.103417],[0.734066,0.639595,0.228176],[-0.101283,-0.229131,0.968112]],[[0.675802,-0.721017,-0.153059],[0.568063,0.6418,-0.515167],[0.469678,0.261204,0.843312]],[[0.675802,-0.721017,-0.153059],[-0.425742,-0.212324,-0.879581],[0.601695,0.659586,-0.450456]],[[0.675802,-0.721017,-0.153059],[-0.735655,-0.646867,-0.200933],[0.0458673,0.24839,-0.967574]]],"btipPosition":[-36.0868,269.143,-2.84022],"carpPosition":[-3.92105,289.373,64.9245],"dipPosition":[-35.2298,273.784,-20.9184],"direction":[-0.601695,-0.659586,0.450456],"extended":false,"handId":506,"id":5063,"length":64.4285,"mcpPosition":[2.42334,303.726,4.28197],"pipPosition":[-18.5617,292.056,-33.3969],"stabilizedTipPosition":[-11.3101,252.082,-9.68815],"timeVisible":201.557,"tipPosition":[-35.9232,270.095,-6.58169],"tipVelocity":[-91.3672,57.1497,-262.763],"tool":false,"touchDistance":0.333333,"touchZone":"none","type":3,"width":18.077},{"bases":[[[0.524665,-0.850882,-0.0269438],[0.817719,0.494908,0.293941],[-0.236775,-0.176253,0.955444]],[[0.532344,-0.844462,-0.0591147],[0.715658,0.486246,-0.501396],[0.452154,0.224609,0.863196]],[[0.532344,-0.844462,-0.0591147],[-0.387166,-0.180777,-0.904114],[0.752803,0.504187,-0.423182]],[[0.532344,-0.844462,-0.0591147],[-0.824639,-0.501535,-0.261599],[0.191262,0.188009,-0.963365]]],"btipPosition":[-18.8431,265.655,1.1291],"carpPosition":[1.43595,276.479,62.1704],"dipPosition":[-15.5464,268.896,-15.4762],"direction":[-0.752803,-0.504187,0.423182],"extended":false,"handId":506,"id":5064,"length":50.5107,"mcpPosition":[15.1654,286.699,6.76877],"pipPosition":[-0.822438,278.757,-23.7532],"stabilizedTipPosition":[5.36596,249.783,-5.4928],"timeVisible":201.557,"tipPosition":[-18.3093,266.258,-1.94086],"tipVelocity":[-90.4735,48.6182,-281.143],"tool":false,"touchDistance":0.333333,"touchZone":"none","type":4,"width":16.0574}],"r":[[0.613478,-0.187446,0.767144],[0.552638,-0.592026,-0.586597],[0.564124,0.783817,-0.259605]],"s":0.942093,"t":[-2.27042,41.1494,19.39],"timestamp":98016030627},false],[3,{"currentFrameRate":110.566,"devices":[],"gestures":[],"hands":[{"armBasis":[[0.772327,-0.408296,-0.486627],[0.570521,0.782703,0.248761],[0.279316,-0.469756,0.837444]],"armWidth":63.72,"confidence":0.588175,"direction":[0.090155,0.412718,-0.906386],"elbow":[61.5181,153.513,296.323],"grabStrength":0,"id":506,"palmNormal":[-0.563377,-0.72935,-0.388143],"palmPosition":[-17.723,303.642,20.8632],"palmVelocity":[-59.0618,51.7544,-262.138],"palmWidth":90.99,"pinchStrength":1,"r":[[0.612321,-0.191106,0.767165],[0.549486,-0.594804,-0.586748],[0.568444,0.780824,-0.259201]],"s":0.942489,"sphereCenter":[-58.3384,289.096,-11.305],"sphereRadius":48.4564,"stabilizedPalmPosition":[-0.0909382,292.503,27.5906],"t":[-2.8392,41.5882,17.0115],"timeVisible":201.566,"type":"right","wrist":[-13.8973,280.347,70.2136]}],"id":1819721,"interactionBox":{"center":[0,200,0],"size":[235.247,235.247,147.751]},"pointables":[{"bases":[[[0.851967,0.513325,0.103196],[-0.444185,0.604226,0.661522],[0.277222,-0.609433,0.742792]],[[0.814102,0.58049,0.0164237],[-0.580557,0.81287,0.0468587],[0.0138507,-0.0476826,0.998767]],[[0.814102,0.58049,0.0164237],[-0.564492,0.784393,0.257054],[0.136334,-0.218539,0.966258]],[[0.814102,0.58049,0.0164237],[-0.532817,0.757893,-0.376436],[-0.230965,0.297707,0.926297]]],"btipPosition":[-43.6374,289.477,-30.6025],"carpPosition":[-43.703,286.613,73.8773],"dipPosition":[-49.0428,296.444,-8.92384],"direction":[-0.136334,0.218539,-0.966258],"extended":true,"handId":506,"id":5060,"length":52.1164,"mcpPosition":[-43.703,286.613,73.8773],"pipPosition":[-44.3944,288.993,24.0213],"stabilizedTipPosition":[-24.8032,273.893,-16.9272],"timeVisible":201.566,"tipPosition":[-44.3987,290.413,-25.3637],"tipVelocity":[-69.8997,75.8008,-262.802],"tool":false,"touchDistance":-0.388275,"touchZone":"hovering","type":0,"width":20.25},{"bases":[[[0.824745,-0.468588,-0.316578],[0.549872,0.795224,0.255457],[0.132046,-0.384764,0.913521]],[[0.834538,-0.535696,-0.128753],[0.542992,0.839286,0.0275364],[0.0933097,-0.0928921,0.991294]],[[0.834538,-0.535696,-0.128753],[0.529206,0.84441,-0.0831409],[0.153259,0.00124728,0.988185]],[[0.834538,-0.535696,-0.128753],[0.514722,0.841416,-0.164563],[0.19649,0.0710617,0.977927]]],"btipPosition":[-45.8835,331.943,-79.966],"carpPosition":[-25.0986,300.889,70.4231],"dipPosition":[-42.5263,333.157,-63.2575],"direction":[-0.153259,-0.00124728,-0.988185],"extended":true,"handId":506,"id":5061,"length":58.8075,"mcpPosition":[-34.8132,329.196,3.21572],"pipPosition":[-38.822,333.187,-39.3727],"stabilizedTipPosition":[-34.2368,322.038,-61.3528],"timeVisible":201.566,"tipPosition":[-44.7214,332.885,-76.1178],"tipVelocity":[-44.2095,65.763,-261.722],"tool":false,"touchDistance":-0.331736,"touchZone":"hovering","type":1,"width":19.3428},{"bases":[[[0.729097,-0.644917,-0.229127],[0.684155,0.695915,0.218252],[0.0186981,-0.315885,0.948613]],[[0.729113,-0.645181,-0.228334],[0.48157,0.720702,-0.498677],[0.486297,0.253633,0.836173]],[[0.729113,-0.645181,-0.228334],[-0.454282,-0.206703,-0.866546],[0.511882,0.735537,-0.443804]],[[0.729113,-0.645181,-0.228334],[-0.683121,-0.706396,-0.185338],[-0.0417172,0.291112,-0.955779]]],"btipPosition":[-52.7106,280.189,-9.44191],"carpPosition":[-14.1943,296.762,66.4636],"dipPosition":[-53.4946,285.659,-27.4029],"direction":[-0.511882,-0.735537,0.443804],"extended":false,"handId":506,"id":5062,"length":67.0064,"mcpPosition":[-15.4988,318.801,0.280785],"pipPosition":[-38.9385,306.575,-40.0231],"stabilizedTipPosition":[-27.6746,261.97,-13.6996],"timeVisible":201.566,"tipPosition":[-52.9895,281.076,-12.8528],"tipVelocity":[-73.6999,78.5428,-264.722],"tool":false,"touchDistance":0.333333,"touchZone":"none","type":2,"width":18.9972},{"bases":[[[0.670239,-0.734987,-0.10283],[0.734745,0.637636,0.231453],[-0.104547,-0.230682,0.967396]],[[0.674725,-0.722163,-0.1524],[0.568784,0.640351,-0.516174],[0.470351,0.261593,0.842816]],[[0.674725,-0.722163,-0.1524],[-0.425254,-0.211615,-0.879987],[0.603245,0.658559,-0.449885]],[[0.674725,-0.722163,-0.1524],[-0.73642,-0.644916,-0.204375],[0.0493071,0.250127,-0.966957]]],"btipPosition":[-36.7792,269.609,-4.64418],"carpPosition":[-4.68055,289.764,63.0809],"dipPosition":[-35.8579,274.282,-22.7108],"direction":[-0.603245,-0.658559,0.449885],"extended":false,"handId":506,"id":5063,"length":64.4285,"mcpPosition":[1.86828,304.214,2.48316],"pipPosition":[-19.1468,292.526,-35.1735],"stabilizedTipPosition":[-11.3159,252.086,-9.68795],"timeVisible":201.566,"tipPosition":[-36.5669,270.619,-8.47292],"tipVelocity":[-87.3902,56.1802,-246.817],"tool":false,"touchDistance":0.333333,"touchZone":"none","type":3,"width":18.077},{"bases":[[[0.522958,-0.851931,-0.0269927],[0.817904,0.492655,0.297194],[-0.23989,-0.177497,0.954436]],[[0.53054,-0.845655,-0.0582617],[0.717959,0.484838,-0.499468],[0.450625,0.223158,0.864371]],[[0.53054,-0.845655,-0.0582617],[-0.38513,-0.179249,-0.905287],[0.755117,0.502729,-0.420786]],[[0.53054,-0.845655,-0.0582617],[-0.824957,-0.499308,-0.264835],[0.194869,0.188569,-0.962532]]],"btipPosition":[-19.4944,266.181,-0.767028],"carpPosition":[0.65734,276.863,60.3185],"dipPosition":[-16.1355,269.432,-17.358],"direction":[-0.755117,-0.502729,0.420786],"extended":false,"handId":506,"id":5064,"length":50.5107,"mcpPosition":[14.5674,287.155,4.9754],"pipPosition":[-1.36631,279.264,-25.5881],"stabilizedTipPosition":[5.36197,249.785,-5.49265],"timeVisible":201.566,"tipPosition":[-18.9329,266.796,-3.86893],"tipVelocity":[-85.4962,51.6419,-263.026],"tool":false,"touchDistance":0.333333,"touchZone":"none","type":4,"width":16.0574}],"r":[[0.612321,-0.191106,0.767165],[0.549486,-0.594804,-0.586748],[0.568444,0.780824,-0.259201]],"s":0.942489,"t":[-2.8392,41.5882,17.0115],"timestamp":98016039466},false],[4,{"currentFrameRate":110.597,"devices":[],"gestures":[],"hands":[{"armBasis":[[0.780926,-0.4092,-0.471922],[0.565625,0.783806,0.256351],[0.264996,-0.467122,0.843548]],"armWidth":63.72,"confidence":0.601391,"direction":[0.0882376,0.414684,-0.905677],"elbow":[57.3654,154.43,296.851],"grabStrength":0,"id":506,"palmNormal":[-0.558752,-0.732102,-0.389646],"palmPosition":[-18.1185,303.903,19.7772],"palmVelocity":[-54.9319,45.5106,-223.387],"palmWidth":90.99,"pinchStrength":1,"r":[[0.611516,-0.193537,0.767197],[0.547743,-0.596173,-0.586988],[0.570986,0.77918,-0.258561]],"s":0.943201,"sphereCenter":[-58.6173,289.173,-12.4071],"sphereRadius":48.4312,"stabilizedPalmPosition":[-0.0932549,292.504,27.5896],"t":[-3.32132,41.9379,15.2792],"timeVisible":201.575,"type":"right","wrist":[-14.1836,280.553,69.0932]}],"id":1819722,"interactionBox":{"center":[0,200,0],"size":[235.247,235.247,147.751]},"pointables":[{"bases":[[[0.848808,0.518262,0.10454],[-0.44821,0.600504,0.662195],[0.280414,-0.608933,0.742003]],[[0.810661,0.585239,0.0179825],[-0.585363,0.80937,0.0476458],[0.0133297,-0.0491509,0.998702]],[[0.810661,0.585239,0.0179825],[-0.569269,0.780612,0.258028],[0.136971,-0.219411,0.96597]],[[0.810661,0.585239,0.0179825],[-0.537009,0.755392,-0.375505],[-0.233344,0.294751,0.926646]]],"btipPosition":[-43.903,289.67,-31.7269],"carpPosition":[-44.0286,286.634,72.7481],"dipPosition":[-49.364,296.568,-10.04],"direction":[-0.136971,0.219411,-0.96597],"extended":true,"handId":506,"id":5060,"length":52.1164,"mcpPosition":[-44.0286,286.634,72.7481],"pipPosition":[-44.6939,289.087,22.8953],"stabilizedTipPosition":[-24.822,273.909,-16.9363],"timeVisible":201.575,"tipPosition":[-44.6864,290.602,-26.4914],"tipVelocity":[-59.2253,60.4289,-224.983],"tool":false,"touchDistance":-0.394619,"touchZone":"hovering","type":0,"width":20.25},{"bases":[[[0.827736,-0.463132,-0.316799],[0.544934,0.798103,0.257056],[0.133788,-0.385409,0.912995]],[[0.837823,-0.530413,-0.129286],[0.53787,0.842528,0.0290191],[0.0935353,-0.0938521,0.991183]],[[0.837823,-0.530413,-0.129286],[0.524097,0.847739,-0.0816172],[0.152892,0.000622182,0.988243]],[[0.837823,-0.530413,-0.129286],[0.509667,0.844787,-0.163016],[0.195686,0.0706858,0.978116]]],"btipPosition":[-46.4081,332.191,-81.0222],"carpPosition":[-25.508,301.027,69.328],"dipPosition":[-43.0647,333.399,-64.3105],"direction":[-0.152892,-0.000622182,-0.988243],"extended":true,"handId":506,"id":5061,"length":58.8075,"mcpPosition":[-35.3507,329.382,2.15934],"pipPosition":[-39.3692,333.414,-40.4242],"stabilizedTipPosition":[-34.2403,322.041,-61.3577],"timeVisible":201.575,"tipPosition":[-45.2529,333.121,-77.173],"tipVelocity":[-48.1904,55.2564,-222.154],"tool":false,"touchDistance":-0.342727,"touchZone":"hovering","type":1,"width":19.3428},{"bases":[[[0.733094,-0.64017,-0.229686],[0.679833,0.69966,0.219779],[0.0200067,-0.317267,0.948125]],[[0.733112,-0.640463,-0.228808],[0.475177,0.723046,-0.501409],[0.486573,0.258865,0.834407]],[[0.733112,-0.640463,-0.228808],[-0.455284,-0.212235,-0.864681],[0.505235,0.738081,-0.447185]],[[0.733112,-0.640463,-0.228808],[-0.678582,-0.711354,-0.183036],[-0.0455353,0.289451,-0.956109]]],"btipPosition":[-52.9369,280.202,-10.3151],"carpPosition":[-14.5767,296.972,65.3689],"dipPosition":[-53.7926,285.641,-28.2823],"direction":[-0.505235,-0.738081,0.447185],"extended":false,"handId":506,"id":5062,"length":67.0064,"mcpPosition":[-15.9725,319.107,-0.779869],"pipPosition":[-39.4255,306.629,-40.9986],"stabilizedTipPosition":[-27.6814,261.976,-13.6998],"timeVisible":201.575,"tipPosition":[-53.22,281.147,-13.8804],"tipVelocity":[-60.8954,57.1739,-218.813],"tool":false,"touchDistance":0.333333,"touchZone":"none","type":2,"width":18.9972},{"bases":[[[0.674699,-0.73079,-0.103568],[0.730763,0.641665,0.232919],[-0.103759,-0.232834,0.966965]],[[0.679137,-0.71787,-0.153086],[0.563531,0.643573,-0.517926],[0.470325,0.265474,0.841616]],[[0.679137,-0.71787,-0.153086],[-0.424734,-0.214243,-0.879603],[0.598643,0.662392,-0.450404]],[[0.679137,-0.71787,-0.153086],[-0.732406,-0.648965,-0.205973],[0.0485148,0.252005,-0.966509]]],"btipPosition":[-37.0236,269.701,-5.65732],"carpPosition":[-5.01906,290.036,61.9811],"dipPosition":[-36.1172,274.41,-23.7156],"direction":[-0.598643,-0.662392,0.450404],"extended":false,"handId":506,"id":5063,"length":64.4285,"mcpPosition":[1.4804,304.621,1.41039],"pipPosition":[-19.5335,292.759,-36.1927],"stabilizedTipPosition":[-11.322,252.09,-9.68798],"timeVisible":201.575,"tipPosition":[-36.788,270.759,-9.55537],"tipVelocity":[-70.9871,43.8385,-209.987],"tool":false,"touchDistance":0.333333,"touchZone":"none","type":3,"width":18.077},{"bases":[[[0.528076,-0.848735,-0.0280083],[0.814751,0.497081,0.298483],[-0.239411,-0.180441,0.954004]],[[0.535429,-0.842561,-0.0583619],[0.715126,0.489041,-0.499433],[0.449345,0.225675,0.864384]],[[0.535429,-0.842561,-0.0583619],[-0.384008,-0.181318,-0.905352],[0.752232,0.507163,-0.420633]],[[0.535429,-0.842561,-0.0583619],[-0.821918,-0.503916,-0.265556],[0.194338,0.190155,-0.962327]]],"btipPosition":[-19.6709,266.458,-1.86572],"carpPosition":[0.397822,277.172,59.2018],"dipPosition":[-16.3211,269.735,-18.4532],"direction":[-0.752232,-0.507163,0.420633],"extended":false,"handId":506,"id":5064,"length":50.5107,"mcpPosition":[14.2801,287.635,3.88369],"pipPosition":[-1.60837,279.655,-26.6802],"stabilizedTipPosition":[5.35789,249.788,-5.49268],"timeVisible":201.575,"tipPosition":[-19.0968,267.087,-5.00839],"tipVelocity":[-67.4987,46.1105,-224.395],"tool":false,"touchDistance":0.333333,"touchZone":"none","type":4,"width":16.0574}],"r":[[0.611516,-0.193537,0.767197],[0.547743,-0.596173,-0.586988],[0.570986,0.77918,-0.258561]],"s":0.943201,"t":[-3.32132,41.9379,15.2792],"timestamp":98016048453},false],[5,{"currentFrameRate":110.545,"devices":[],"gestures":[],"hands":[{"armBasis":[[0.784089,-0.396856,-0.47719],[0.555349,0.7919,0.253931],[0.277113,-0.464112,0.841314]],"armWidth":63.72,"confidence":0.612373,"direction":[0.0883704,0.415048,-0.905498],"elbow":[60.0025,155.395,294.538],"grabStrength":0,"id":506,"palmNormal":[-0.54831,-0.738663,-0.392088],"palmPosition":[-18.7536,303.976,18.0302],"palmVelocity":[-58.9871,35.076,-214.436],"palmWidth":90.99,"pinchStrength":1,"r":[[0.61049,-0.193979,0.767903],[0.548329,-0.596107,-0.586508],[0.571523,0.77912,-0.257553]],"s":0.944317,"sphereCenter":[-58.8403,288.737,-14.3258],"sphereRadius":48.3677,"stabilizedPalmPosition":[-0.0955294,292.506,27.5884],"t":[-3.87995,42.1492,13.5396],"timeVisible":201.584,"type":"right","wrist":[-14.8179,280.705,67.3837]}],"id":1819723,"interactionBox":{"center":[0,200,0],"size":[235.247,235.247,147.751]},"pointables":[{"bases":[[[0.842298,0.527939,0.108693],[-0.458537,0.595822,0.659348],[0.283334,-0.605207,0.74394]],[[0.80389,0.594373,0.0219504],[-0.594718,0.802737,0.0438726],[0.00845633,-0.048323,0.998796]],[[0.80389,0.594373,0.0219504],[-0.579426,0.774277,0.254481],[0.134261,-0.217293,0.966829]],[[0.80389,0.594373,0.0219504],[-0.543419,0.748976,-0.379118],[-0.241778,0.292841,0.925088]]],"btipPosition":[-44.0905,289.417,-33.5979],"carpPosition":[-44.7491,286.449,70.8746],"dipPosition":[-49.749,296.27,-11.9475],"direction":[-0.134261,0.217293,-0.966829],"extended":true,"handId":506,"id":5060,"length":52.1164,"mcpPosition":[-44.7491,286.449,70.8746],"pipPosition":[-45.1713,288.862,21.0171],"stabilizedTipPosition":[-24.8373,273.922,-16.945],"timeVisible":201.584,"tipPosition":[-44.9224,290.352,-28.3718],"tipVelocity":[-49.8437,35.6031,-219.618],"tool":false,"touchDistance":-0.411681,"touchZone":"hovering","type":0,"width":20.25},{"bases":[[[0.834625,-0.453915,-0.312029],[0.534454,0.804414,0.259377],[0.133266,-0.383248,0.913981]],[[0.844477,-0.520903,-0.124577],[0.528078,0.848618,0.0313161],[0.0894055,-0.0922319,0.991716]],[[0.844477,-0.520903,-0.124577],[0.514831,0.853611,-0.0793575],[0.147678,0.00287959,0.989031]],[[0.844477,-0.520903,-0.124577],[0.500869,0.850454,-0.160803],[0.18971,0.0733981,0.979093]]],"btipPosition":[-46.8313,331.884,-82.9384],"carpPosition":[-26.3752,301.05,67.543],"dipPosition":[-43.59,333.138,-66.21],"direction":[-0.147678,-0.00287959,-0.989031],"extended":true,"handId":506,"id":5061,"length":58.8075,"mcpPosition":[-36.1795,329.246,0.301745],"pipPosition":[-40.0205,333.208,-42.3047],"stabilizedTipPosition":[-34.2433,322.043,-61.3622],"timeVisible":201.584,"tipPosition":[-45.7101,332.814,-79.0844],"tipVelocity":[-48.3841,30.8761,-218.58],"tool":false,"touchDistance":-0.365474,"touchZone":"hovering","type":1,"width":19.3428},{"bases":[[[0.741534,-0.631958,-0.225294],[0.670659,0.707484,0.222894],[0.018532,-0.316379,0.948452]],[[0.741554,-0.632306,-0.224247],[0.465009,0.725359,-0.507563],[0.483595,0.272108,0.831921]],[[0.741554,-0.632306,-0.224247],[-0.453904,-0.226718,-0.861725],[0.494033,0.740802,-0.45513]],[[0.741554,-0.632306,-0.224247],[-0.66906,-0.721689,-0.177551],[-0.0495706,0.281698,-0.958222]]],"btipPosition":[-53.0968,279.714,-11.6761],"carpPosition":[-15.3774,297.116,63.6453],"dipPosition":[-54.0284,285.008,-29.683],"direction":[-0.494033,-0.740802,0.45513],"extended":false,"handId":506,"id":5062,"length":67.0064,"mcpPosition":[-16.6704,319.189,-2.52629],"pipPosition":[-39.9799,306.074,-42.6252],"stabilizedTipPosition":[-27.6871,261.98,-13.7002],"timeVisible":201.584,"tipPosition":[-53.3874,280.728,-15.5051],"tipVelocity":[-49.3593,25.4145,-199.661],"tool":false,"touchDistance":0.333333,"touchZone":"none","type":2,"width":18.9972},{"bases":[[[0.683497,-0.72315,-0.0994228],[0.722174,0.65008,0.236349],[-0.106283,-0.233345,0.966568]],[[0.688047,-0.71024,-0.148832],[0.558351,0.649152,-0.516572],[0.463505,0.272325,0.84321]],[[0.688047,-0.71024,-0.148832],[-0.418595,-0.220922,-0.880893],[0.592765,0.668395,-0.449307]],[[0.688047,-0.71024,-0.148832],[-0.723957,-0.657765,-0.207921],[0.0497774,0.250808,-0.966756]]],"btipPosition":[-37.1261,269.535,-7.3968],"carpPosition":[-5.72371,290.287,60.3137],"dipPosition":[-36.1961,274.221,-25.4597],"direction":[-0.592765,-0.668395,0.449307],"extended":false,"handId":506,"id":5063,"length":64.4285,"mcpPosition":[0.933879,304.904,-0.232116],"pipPosition":[-19.7753,292.737,-37.9064],"stabilizedTipPosition":[-11.3273,252.094,-9.68836],"timeVisible":201.584,"tipPosition":[-36.8877,270.595,-11.3379],"tipVelocity":[-54.2,26.4107,-204.565],"tool":false,"touchDistance":0.333333,"touchZone":"none","type":3,"width":18.077},{"bases":[[[0.53782,-0.842702,-0.0245608],[0.807445,0.506503,0.302468],[-0.24245,-0.182505,0.952843]],[[0.544882,-0.836819,-0.0532651],[0.711438,0.494994,-0.498836],[0.443801,0.233912,0.865058]],[[0.544882,-0.836819,-0.0532651],[-0.378357,-0.188679,-0.906226],[0.748298,0.51394,-0.419424]],[[0.544882,-0.836819,-0.0532651],[-0.814945,-0.513544,-0.268582],[0.197401,0.189754,-0.961783]]],"btipPosition":[-19.8186,266.472,-3.48422],"carpPosition":[-0.146321,277.483,57.5729],"dipPosition":[-16.4161,269.743,-20.0623],"direction":[-0.748298,-0.51394,0.419424],"extended":false,"handId":506,"id":5064,"length":50.5107,"mcpPosition":[13.9122,288.066,2.32206],"pipPosition":[-1.78027,279.795,-28.2657],"stabilizedTipPosition":[5.35424,249.791,-5.49296],"timeVisible":201.584,"tipPosition":[-19.2041,267.12,-6.69955],"tipVelocity":[-52.8538,33.6764,-211.186],"tool":false,"touchDistance":0.333333,"touchZone":"none","type":4,"width":16.0574}],"r":[[0.61049,-0.193979,0.767903],[0.548329,-0.596107,-0.586508],[0.571523,0.77912,-0.257553]],"s":0.944317,"t":[-3.87995,42.1492,13.5396],"timestamp":98016057590},false],[6,{"currentFrameRate":110.566,"devices":[],"gestures":[],"hands":[{"armBasis":[[0.791191,-0.385258,-0.474967],[0.54425,0.797779,0.259501],[0.278944,-0.463816,0.840872]],"armWidth":63.72,"confidence":0.624727,"direction":[0.088466,0.418419,-0.903936],"elbow":[59.7334,155.623,293.044],"grabStrength":0,"id":506,"palmNormal":[-0.537077,-0.744239,-0.39706],"palmPosition":[-19.519,304.201,16.6915],"palmVelocity":[-66.1256,32.3088,-196.346],"palmWidth":90.99,"pinchStrength":1,"r":[[0.60926,-0.193242,0.769064],[0.550907,-0.594428,-0.585796],[0.570354,0.780585,-0.255703]],"s":0.945812,"sphereCenter":[-59.1634,288.526,-15.8927],"sphereRadius":48.3059,"stabilizedPalmPosition":[-0.0979311,292.507,27.5871],"t":[-4.54195,42.3675,12.0004],"timeVisible":201.593,"type":"right","wrist":[-15.5814,280.853,66.0082]}],"id":1819724,"interactionBox":{"center":[0,200,0],"size":[235.247,235.247,147.751]},"pointables":[{"bases":[[[0.835202,0.537823,0.11482],[-0.469464,0.588523,0.658213],[0.286428,-0.603645,0.744024]],[[0.796571,0.603887,0.0281967],[-0.604537,0.79545,0.0423485],[0.00314466,-0.0507795,0.998705]],[[0.796571,0.603887,0.0281967],[-0.590143,0.766627,0.253009],[0.131172,-0.21818,0.967053]],[[0.796571,0.603887,0.0281967],[-0.550001,0.743274,-0.380845],[-0.250945,0.287862,0.924209]]],"btipPosition":[-44.3558,289.462,-35.1124],"carpPosition":[-45.5994,286.225,69.3427],"dipPosition":[-50.2288,296.199,-13.4825],"direction":[-0.131172,0.21818,-0.967053],"extended":true,"handId":506,"id":5060,"length":52.1164,"mcpPosition":[-45.5994,286.225,69.3427],"pipPosition":[-45.7564,288.76,19.4897],"stabilizedTipPosition":[-24.8492,273.932,-16.9525],"timeVisible":201.593,"tipPosition":[-45.2519,290.392,-29.8968],"tipVelocity":[-45.7455,26.3729,-205.612],"tool":false,"touchDistance":-0.421634,"touchZone":"hovering","type":0,"width":20.25},{"bases":[[[0.841826,-0.442965,-0.3084],[0.523178,0.810159,0.264438],[0.132716,-0.383959,0.913763]],[[0.851434,-0.510244,-0.121286],[0.51752,0.854891,0.0365323],[0.085046,-0.0938727,0.991945]],[[0.851434,-0.510244,-0.121286],[0.504844,0.860028,-0.0740618],[0.142099,0.00182825,0.989851]],[[0.851434,-0.510244,-0.121286],[0.491395,0.856943,-0.155496],[0.183276,0.0727956,0.980362]]],"btipPosition":[-47.3689,332.048,-84.3641],"carpPosition":[-27.3853,301.056,66.1525],"dipPosition":[-44.2375,333.292,-67.6141],"direction":[-0.142099,-0.00182825,-0.989851],"extended":true,"handId":506,"id":5061,"length":58.8075,"mcpPosition":[-37.1492,329.303,-1.07262],"pipPosition":[-40.803,333.336,-43.689],"stabilizedTipPosition":[-34.246,322.046,-61.3662],"timeVisible":201.593,"tipPosition":[-46.2851,332.959,-80.502],"tipVelocity":[-52.2614,27.3244,-201.856],"tool":false,"touchDistance":-0.378571,"touchZone":"hovering","type":1,"width":19.3428},{"bases":[[[0.750411,-0.622345,-0.222643],[0.660753,0.714981,0.228489],[0.0169864,-0.318573,0.947746]],[[0.750433,-0.622779,-0.22135],[0.453335,0.728698,-0.513309],[0.480975,0.284859,0.829167]],[[0.750433,-0.622779,-0.22135],[-0.453496,-0.241532,-0.857907],[0.480824,0.744183,-0.463682]],[[0.750433,-0.622779,-0.22135],[-0.658614,-0.732711,-0.171352],[-0.0554707,0.274372,-0.960022]]],"btipPosition":[-53.3175,279.443,-12.5545],"carpPosition":[-16.3187,297.265,62.3078],"dipPosition":[-54.3599,284.599,-30.5953],"direction":[-0.480824,-0.744183,0.463682],"extended":false,"handId":506,"id":5062,"length":67.0064,"mcpPosition":[-17.5038,319.492,-3.81451],"pipPosition":[-40.687,305.761,-43.7807],"stabilizedTipPosition":[-27.6918,261.983,-13.7008],"timeVisible":201.593,"tipPosition":[-53.6303,280.529,-16.6759],"tipVelocity":[-43.3054,9.20468,-171.831],"tool":false,"touchDistance":0.333333,"touchZone":"none","type":2,"width":18.9972},{"bases":[[[0.692772,-0.714558,-0.0973345],[0.712883,0.65817,0.242094],[-0.108928,-0.237104,0.965358]],[[0.697448,-0.701453,-0.146732],[0.552878,0.656946,-0.512589],[0.455952,0.276379,0.846004]],[[0.697448,-0.701453,-0.146732],[-0.412042,-0.224991,-0.88295],[0.586334,0.676271,-0.445948]],[[0.697448,-0.701453,-0.146732],[-0.714841,-0.666482,-0.211667],[0.0506804,0.252517,-0.966264]]],"btipPosition":[-37.3022,269.614,-8.84754],"carpPosition":[-6.56412,290.562,59.0143],"dipPosition":[-36.3553,274.332,-26.9012],"direction":[-0.586334,-0.676271,0.445948],"extended":false,"handId":506,"id":5063,"length":64.4285,"mcpPosition":[0.259109,305.415,-1.45577],"pipPosition":[-20.1127,293.066,-39.2549],"stabilizedTipPosition":[-11.3315,252.097,-9.68891],"timeVisible":201.593,"tipPosition":[-37.0688,270.682,-12.8248],"tipVelocity":[-44.5591,21.8019,-192.543],"tool":false,"touchDistance":0.333333,"touchZone":"none","type":3,"width":18.077},{"bases":[[[0.548132,-0.836058,-0.0236047],[0.799513,0.515467,0.308338],[-0.245621,-0.187882,0.950984]],[[0.555143,-0.830149,-0.0516629],[0.70787,0.50416,-0.494716],[0.436734,0.238067,0.867518]],[[0.555143,-0.830149,-0.0516629],[-0.371709,-0.192048,-0.908268],[0.744075,0.523422,-0.415188]],[[0.555143,-0.830149,-0.0516629],[-0.807328,-0.522857,-0.273575],[0.200096,0.193582,-0.960462]]],"btipPosition":[-20.0188,266.736,-4.86868],"carpPosition":[-0.816385,277.834,56.2732],"dipPosition":[-16.5698,270.073,-21.424],"direction":[-0.744075,-0.523422,0.415188],"extended":false,"handId":506,"id":5064,"length":50.5107,"mcpPosition":[13.426,288.729,1.13019],"pipPosition":[-2.01657,280.311,-29.5446],"stabilizedTipPosition":[5.35111,249.793,-5.49336],"timeVisible":201.593,"tipPosition":[-19.3844,267.404,-8.121],"tipVelocity":[-44.1103,32.9478,-195.228],"tool":false,"touchDistance":0.