{"sensorType":"Leap","data":[[0,{"currentFrameRate":107.863,"devices":[],"gestures":[],"hands":[{"armBasis":[[0.946789,0.178551,-0.267787],[-0.0152984,0.856038,0.516686],[0.321491,-0.485096,0.813219]],"armWidth":63.72,"confidence":0.618756,"direction":[0.0381252,0.220415,-0.974661],"elbow":[86.7276,134.407,290.257],"grabStrength":0,"id":506,"palmNormal":[0.00344612,-0.975393,-0.220446],"palmPosition":[-5.6185,273.11,16.8142],"palmVelocity":[-2.07191,-72.937,183.678],"palmWidth":90.99,"pinchStrength":0.538001,"r":[[0.460736,0.346382,0.817155],[0.886758,-0.218218,-0.407481],[0.0371735,0.91236,-0.407698]],"s":1.3714,"sphereCenter":[-46.6418,259.382,-12.2966],"sphereRadius":62.0232,"stabilizedPalmPosition":[-2.12035,277.459,-8.61434],"t":[8.66404,12.3219,8.67096],"timeVisible":177.092,"type":"right","wrist":[-0.074986,265.383,70.6875]}],"id":1817067,"interactionBox":{"center":[0,200,0],"size":[235.247,235.247,147.751]},"pointables":[{"bases":[[[0.40646,0.913398,0.0222548],[-0.820624,0.35425,0.448423],[0.401705,-0.200529,0.893544]],[[0.342805,0.932979,-0.109704],[-0.930302,0.32094,-0.177584],[-0.130473,0.162934,0.977972]],[[0.342805,0.932979,-0.109704],[-0.859382,0.264292,-0.437735],[-0.379404,0.244335,0.892386]],[[0.342805,0.932979,-0.109704],[-0.388061,0.0342902,-0.920996],[-0.855508,0.358294,0.373807]]],"btipPosition":[10.8155,229.389,-17.4328],"carpPosition":[-28.6554,254.239,70.5601],"dipPosition":[-9.20649,237.774,-8.68432],"direction":[0.379404,-0.244335,-0.892386],"extended":false,"handId":506,"id":5060,"length":52.1164,"mcpPosition":[-28.6554,254.239,70.5601],"pipPosition":[-22.1425,246.105,21.7421],"stabilizedTipPosition":[13.9045,237.432,-42.1388],"timeVisible":177.092,"tipPosition":[5.47864,231.391,-15.8138],"tipVelocity":[-64.4264,-94.9021,183.972],"tool":false,"touchDistance":0.302403,"touchZone":"hovering","type":0,"width":20.25},{"bases":[[[0.991482,0.032034,-0.126239],[-0.0227212,0.99696,0.0745331],[0.128243,-0.0710299,0.989196]],[[0.998665,0.0260935,-0.0445895],[0.00172292,0.845778,0.533532],[0.0516346,-0.532897,0.844603]],[[0.998665,0.0260935,-0.0445895],[-0.00842037,0.933747,0.357834],[0.0509725,-0.356981,0.93272]],[[0.998665,0.0260935,-0.0445895],[-0.017544,0.983075,0.18236],[0.0485933,-0.181334,0.98222]]],"btipPosition":[-33.9708,315.475,-83.6396],"carpPosition":[-20.2554,275.629,64.7473],"dipPosition":[-33.1406,312.377,-66.8578],"direction":[-0.0509725,0.356981,-0.93272],"extended":true,"handId":506,"id":5061,"length":58.8075,"mcpPosition":[-29.6902,280.854,-8.02742],"pipPosition":[-31.9085,303.749,-44.3136],"stabilizedTipPosition":[-28.8991,317.763,-103.26],"timeVisible":177.092,"tipPosition":[-33.5727,315.001,-79.6975],"tipVelocity":[-8.32324,-72.2451,185.604],"tool":false,"touchDistance":0.305798,"touchZone":"hovering","type":1,"width":19.3428},{"bases":[[[0.988942,-0.148287,-0.00227885],[0.148049,0.986221,0.0738173],[-0.00869867,-0.0733384,0.997269]],[[0.98876,-0.149178,0.00999776],[0.0390378,0.193038,-0.980414],[0.144327,0.969785,0.196691]],[[0.98876,-0.149178,0.00999776],[-0.13168,-0.900551,-0.414329],[0.0708124,0.408355,-0.910072]],[[0.98876,-0.149178,0.00999776],[-0.14909,-0.97873,0.140926],[-0.011238,-0.140832,-0.98997]]],"btipPosition":[-16.4447,227.165,28.1784],"carpPosition":[-8.29253,277.758,62.7538],"dipPosition":[-16.6559,224.518,9.57488],"direction":[-0.0708124,-0.408355,0.910072],"extended":false,"handId":506,"id":5062,"length":67.0064,"mcpPosition":[-7.68565,282.874,-6.82369],"pipPosition":[-14.6422,236.13,-16.3043],"stabilizedTipPosition":[-9.5383,231.887,-6.654],"timeVisible":177.092,"tipPosition":[-16.496,226.544,23.5941],"tipVelocity":[-53.4461,-60.0291,199.341],"tool":false,"touchDistance":0.333333,"touchZone":"none","type":2,"width":18.9972},{"bases":[[[0.962889,-0.231384,0.138944],[0.217973,0.970266,0.105219],[-0.159159,-0.0710281,0.984695]],[[0.962715,-0.231461,0.140022],[0.180011,0.161753,-0.970274],[0.201932,0.959303,0.197388]],[[0.962715,-0.231461,0.140022],[-0.156657,-0.898996,-0.40898],[0.220542,0.371796,-0.901737]],[[0.962715,-0.231461,0.140022],[-0.249871,-0.959183,0.132414],[0.103658,-0.162464,-0.981255]]],"btipPosition":[-3.16123,231.217,34.7874],"carpPosition":[3.93751,276.893,61.9742],"dipPosition":[-1.22448,228.182,16.4537],"direction":[-0.220542,-0.371796,0.901737],"extended":false,"handId":506,"id":5063,"length":64.4285,"mcpPosition":[13.9072,281.342,0.292969],"pipPosition":[4.88498,238.481,-8.52623],"stabilizedTipPosition":[3.3808,236.502,1.48153],"timeVisible":177.092,"tipPosition":[-2.69991,230.429,30.2181],"tipVelocity":[-43.7138,-76.0414,189.54],"tool":false,"touchDistance":0.333333,"touchZone":"none","type":3,"width":18.077},{"bases":[[[0.888657,-0.395163,0.23267],[0.350161,0.912354,0.212128],[-0.296103,-0.107037,0.94914]],[[0.903385,-0.388788,0.180938],[0.283034,0.223595,-0.932683],[0.322159,0.893783,0.312033]],[[0.903385,-0.388788,0.180938],[-0.251438,-0.822024,-0.510936],[0.347381,0.416078,-0.84036]],[[0.903385,-0.388788,0.180938],[-0.398288,-0.917084,0.0179954],[0.158939,-0.0883223,-0.98333]]],"btipPosition":[11.9933,237.015,30.3743],"carpPosition":[15.749,269.027,63.0577],"dipPosition":[14.7329,235.492,13.4249],"direction":[-0.347381,-0.416078,0.84036],"extended":false,"handId":506,"id":5064,"length":50.5107,"mcpPosition":[32.9185,275.234,8.02166],"pipPosition":[21.5273,243.63,-3.01158],"stabilizedTipPosition":[18.7334,243.588,-1.31589],"timeVisible":177.092,"tipPosition":[12.7076,236.657,26.244],"tipVelocity":[-40.849,-92.0693,184.422],"tool":false,"touchDistance":0.333333,"touchZone":"none","type":4,"width":16.0574}],"r":[[0.460736,0.346382,0.817155],[0.886758,-0.218218,-0.407481],[0.0371735,0.91236,-0.407698]],"s":1.3714,"t":[8.66404,12.3219,8.67096],"timestamp":97991565354},false],[1,{"currentFrameRate":107.913,"devices":[],"gestures":[],"hands":[{"armBasis":[[0.948259,0.173192,-0.2661],[-0.0123789,0.857646,0.514091],[0.317256,-0.484198,0.815415]],"armWidth":63.72,"confidence":0.624187,"direction":[0.0354407,0.218302,-0.975237],"elbow":[85.892,134.351,291.647],"grabStrength":0,"id":506,"palmNormal":[0.00129596,-0.97586,-0.218395],"palmPosition":[-5.46571,272.707,17.6124],"palmVelocity":[3.15395,-64.861,156.69],"palmWidth":90.99,"pinchStrength":0.536467,"r":[[0.466694,0.344136,0.814719],[0.883399,-0.225608,-0.410739],[0.0424575,0.911412,-0.409299]],"s":1.3713,"sphereCenter":[-46.7042,258.952,-11.3561],"sphereRadius":62.0843,"stabilizedPalmPosition":[-2.12366,277.454,-8.58838],"t":[8.75668,11.7067,10.0266],"timeVisible":177.101,"type":"right","wrist":[0.232844,265.085,71.4845]}],"id":1817068,"interactionBox":{"center":[0,200,0],"size":[235.247,235.247,147.751]},"pointables":[{"bases":[[[0.407901,0.912827,0.0190684],[-0.818699,0.356434,0.450208],[0.404166,-0.199252,0.89272]],[[0.344081,0.932197,-0.112323],[-0.930194,0.322138,-0.175975],[-0.12786,0.165032,0.977965]],[[0.344081,0.932197,-0.112323],[-0.86023,0.265029,-0.435618],[-0.376314,0.246511,0.893096]],[[0.344081,0.932197,-0.112323],[-0.393091,0.0343772,-0.918857],[-0.852695,0.360314,0.378267]]],"btipPosition":[10.8047,228.907,-16.6521],"carpPosition":[-28.3646,253.983,71.4691],"dipPosition":[-9.15145,237.34,-7.79927],"direction":[0.376314,-0.246511,-0.893096],"extended":false,"handId":506,"id":5060,"length":52.1164,"mcpPosition":[-28.3646,253.983,71.4691],"pipPosition":[-21.9821,245.745,22.6514],"stabilizedTipPosition":[13.8735,237.405,-42.0277],"timeVisible":177.101,"tipPosition":[5.49964,230.912,-14.9763],"tipVelocity":[-46.3115,-82.7368,157.099],"tool":false,"touchDistance":0.315815,"touchZone":"hovering","type":0,"width":20.25},{"bases":[[[0.991134,0.0302692,-0.129371],[-0.0209899,0.997148,0.0724966],[0.131197,-0.0691383,0.988943]],[[0.998531,0.0245312,-0.0483079],[0.00487362,0.847341,0.531026],[0.05396,-0.530482,0.845977]],[[0.998531,0.0245312,-0.0483079],[-0.00586902,0.935353,0.353668],[0.0538609,-0.352865,0.934123]],[[0.998531,0.0245312,-0.0483079],[-0.0156319,0.98415,0.176649],[0.0518757,-0.175634,0.983088]]],"btipPosition":[-34.1089,314.755,-82.8909],"carpPosition":[-19.9504,275.348,65.5851],"dipPosition":[-33.2226,311.754,-66.0943],"direction":[-0.0538609,0.352865,-0.934123],"extended":true,"handId":506,"id":5061,"length":58.8075,"mcpPosition":[-29.6025,280.434,-7.17098],"pipPosition":[-31.9207,303.225,-43.5162],"stabilizedTipPosition":[-28.9101,317.755,-103.207],"timeVisible":177.101,"tipPosition":[-33.6931,314.34,-78.9326],"tipVelocity":[-9.80814,-73.312,156.676],"tool":false,"touchDistance":0.318333,"touchZone":"hovering","type":1,"width":19.3428},{"bases":[[[0.988706,-0.149786,-0.00502262],[0.149761,0.98615,0.0712756],[-0.00572302,-0.0712228,0.997444]],[[0.988559,-0.150656,0.00733148],[0.036458,0.191495,-0.980816],[0.146362,0.969862,0.194797]],[[0.988559,-0.150656,0.00733148],[-0.134252,-0.900995,-0.412534],[0.0687566,0.40683,-0.910913]],[[0.988559,-0.150656,0.00733148],[-0.150147,-0.978249,0.143122],[-0.0143903,-0.142585,-0.989678]]],"btipPosition":[-16.3308,226.787,29.0723],"carpPosition":[-7.99058,277.455,63.5501],"dipPosition":[-16.6012,224.107,10.4742],"direction":[-0.0687566,-0.40683,0.910913],"extended":false,"handId":506,"id":5062,"length":67.0064,"mcpPosition":[-7.5913,282.424,-6.03954],"pipPosition":[-14.646,235.676,-15.4288],"stabilizedTipPosition":[-9.5403,231.885,-6.64482],"timeVisible":177.101,"tipPosition":[-16.3948,226.164,24.5113],"tipVelocity":[-35.4773,-55,170.929],"tool":false,"touchDistance":0.333333,"touchZone":"none","type":2,"width":18.9972},{"bases":[[[0.962965,-0.232545,0.136456],[0.219758,0.970155,0.102495],[-0.156218,-0.0687116,0.98533]],[[0.962804,-0.232616,0.137469],[0.177191,0.159467,-0.971171],[0.203988,0.959406,0.194753]],[[0.962804,-0.232616,0.137469],[-0.159274,-0.899577,-0.406684],[0.218266,0.369662,-0.903167]],[[0.962804,-0.232616,0.137469],[-0.250876,-0.958547,0.135092],[0.100346,-0.164555,-0.98125]]],"btipPosition":[-3.01422,230.842,35.6653],"carpPosition":[4.23568,276.57,62.7346],"dipPosition":[-1.13935,227.768,17.3316],"direction":[-0.218266,-0.369662,0.903167],"extended":false,"handId":506,"id":5063,"length":64.4285,"mcpPosition":[14.0212,280.874,1.01355],"pipPosition":[4.90704,238.008,-7.68792],"stabilizedTipPosition":[3.37784,236.499,1.4964],"timeVisible":177.101,"tipPosition":[-2.56912,230.048,31.1004],"tipVelocity":[-27.4732,-66.4847,163.338],"tool":false,"touchDistance":0.333333,"touchZone":"none","type":3,"width":18.077},{"bases":[[[0.888777,-0.396015,0.230756],[0.352188,0.912268,0.209117],[-0.293325,-0.104589,0.950275]],[[0.90317,-0.389866,0.17969],[0.28092,0.220246,-0.934118],[0.324604,0.894146,0.30844]],[[0.90317,-0.389866,0.17969],[-0.254202,-0.823013,-0.507967],[0.345927,0.413103,-0.842425]],[[0.90317,-0.389866,0.17969],[-0.399787,-0.916362,0.021248],[0.156377,-0.0910286,-0.983494]]],"btipPosition":[12.108,236.626,31.2192],"carpPosition":[16.0386,268.689,63.7982],"dipPosition":[14.8034,235.057,14.267],"direction":[-0.345927,-0.413103,0.842425],"extended":false,"handId":506,"id":5064,"length":50.5107,"mcpPosition":[33.0471,274.753,8.69633],"pipPosition":[21.5693,243.137,-2.20988],"stabilizedTipPosition":[18.7275,243.581,-1.28751],"timeVisible":177.101,"tipPosition":[12.8181,236.253,27.0844],"tipVelocity":[-26.2674,-78.5162,158.627],"tool":false,"touchDistance":0.333333,"touchZone":"none","type":4,"width":16.0574}],"r":[[0.466694,0.344136,0.814719],[0.883399,-0.225608,-0.410739],[0.0424575,0.911412,-0.409299]],"s":1.3713,"t":[8.75668,11.7067,10.0266],"timestamp":97991574530},false],[2,{"currentFrameRate":107.926,"devices":[],"gestures":[],"hands":[{"armBasis":[[0.9489,0.17121,-0.265096],[-0.0118475,0.858772,0.512221],[0.315354,-0.482906,0.816917]],"armWidth":63.72,"confidence":0.628975,"direction":[0.036121,0.216253,-0.975669],"elbow":[85.4817,134.506,292.589],"grabStrength":0,"id":506,"palmNormal":[0.000514529,-0.97631,-0.216376],"palmPosition":[-5.32902,272.406,18.1305],"palmVelocity":[6.42166,-55.7655,128.429],"palmWidth":90.99,"pinchStrength":0.534506,"r":[[0.471423,0.342556,0.812659],[0.88066,-0.231838,-0.413145],[0.0468798,0.910443,-0.410969]],"s":1.37124,"sphereCenter":[-46.682,258.622,-10.8435],"sphereRadius":62.1567,"stabilizedPalmPosition":[-2.1268,277.449,-8.56215],"t":[8.87134,11.249,10.9634],"timeVisible":177.11,"type":"right","wrist":[0.335998,264.891,72.021]}],"id":1817069,"interactionBox":{"center":[0,200,0],"size":[235.247,235.247,147.751]},"pointables":[{"bases":[[[0.408723,0.912493,0.0173836],[-0.818595,0.358109,0.449065],[0.403543,-0.197773,0.89333]],[[0.345153,0.931627,-0.113757],[-0.929682,0.322753,-0.177542],[-0.128688,0.167037,0.977516]],[[0.345153,0.931627,-0.113757],[-0.859743,0.265227,-0.43646],[-0.376446,0.248447,0.892503]],[[0.345153,0.931627,-0.113757],[-0.395675,0.03453,-0.917741],[-0.851065,0.361771,0.380539]]],"btipPosition":[10.9054,228.539,-16.1174],"carpPosition":[-28.2715,253.815,72.0143],"dipPosition":[-9.01255,237.006,-7.21137],"direction":[0.376446,-0.248447,-0.892503],"extended":false,"handId":506,"id":5060,"length":52.1164,"mcpPosition":[-28.2715,253.815,72.0143],"pipPosition":[-21.8477,245.477,23.2191],"stabilizedTipPosition":[13.8414,237.376,-41.9089],"timeVisible":177.11,"tipPosition":[5.63671,230.543,-14.3917],"tipVelocity":[-29.9786,-70.4471,129.602],"tool":false,"touchDistance":0.32493,"touchZone":"hovering","type":0,"width":20.25},{"bases":[[[0.991225,0.0290995,-0.128942],[-0.0201171,0.997314,0.0704248],[0.130645,-0.0672128,0.989148]],[[0.998555,0.0235528,-0.0482994],[0.00556699,0.848648,0.528929],[0.0534469,-0.528433,0.847291]],[[0.998555,0.0235528,-0.0482994],[-0.00514229,0.936585,0.350404],[0.0534895,-0.349649,0.935353]],[[0.998555,0.0235528,-0.0482994],[-0.014897,0.98493,0.172308],[0.0516299,-0.171339,0.983858]]],"btipPosition":[-33.9177,314.186,-82.5001],"carpPosition":[-19.835,275.16,66.0904],"dipPosition":[-33.0356,311.259,-65.6903],"direction":[-0.0534895,0.349649,-0.935353],"extended":true,"handId":506,"id":5061,"length":58.8075,"mcpPosition":[-29.4465,280.105,-6.68081],"pipPosition":[-31.7427,302.808,-43.0825],"stabilizedTipPosition":[-28.922,317.744,-103.146],"timeVisible":177.11,"tipPosition":[-33.4998,313.805,-78.5333],"tipVelocity":[-1.27356,-69.4861,124.646],"tool":false,"touchDistance":0.324897,"touchZone":"hovering","type":1,"width":19.3428},{"bases":[[[0.988571,-0.150696,-0.0042231],[0.150624,0.986158,0.0693111],[-0.00628024,-0.0691551,0.997586]],[[0.988415,-0.15155,0.00826531],[0.0374077,0.190474,-0.980979],[0.147093,0.969924,0.193936]],[[0.988415,-0.15155,0.00826531],[-0.134738,-0.90123,-0.411861],[0.0698664,0.405976,-0.911209]],[[0.988415,-0.15155,0.00826531],[-0.151149,-0.977942,0.144167],[-0.0137654,-0.143746,-0.989519]]],"btipPosition":[-16.2521,226.483,29.6161],"carpPosition":[-7.87224,277.252,64.057],"dipPosition":[-16.5108,223.782,11.0211],"direction":[-0.0698664,-0.405976,0.911209],"extended":false,"handId":506,"id":5062,"length":67.0064,"mcpPosition":[-7.43407,282.077,-5.54259],"pipPosition":[-14.524,235.326,-14.8904],"stabilizedTipPosition":[-9.54217,231.884,-6.63597],"timeVisible":177.11,"tipPosition":[-16.3095,225.868,25.0913],"tipVelocity":[-23.0408,-48.9443,139.476],"tool":false,"touchDistance":0.333333,"touchZone":"none","type":2,"width":18.9972},{"bases":[[[0.962686,-0.233139,0.137413],[0.220591,0.970165,0.100598],[-0.156767,-0.066532,0.985392]],[[0.962549,-0.233197,0.138271],[0.177573,0.156907,-0.971518],[0.20486,0.959687,0.19244]],[[0.962549,-0.233197,0.138271],[-0.160045,-0.900435,-0.404479],[0.218827,0.367201,-0.904034]],[[0.962549,-0.233197,0.138271],[-0.251813,-0.95799,0.137281],[0.100448,-0.166958,-0.980834]]],"btipPosition":[-2.91829,230.591,36.2957],"carpPosition":[4.35361,276.354,63.2494],"dipPosition":[-1.04151,227.471,17.9698],"direction":[-0.218827,-0.367201,0.904034],"extended":false,"handId":506,"id":5063,"length":64.4285,"mcpPosition":[14.1735,280.522,1.5244],"pipPosition":[5.02043,237.644,-7.07375],"stabilizedTipPosition":[3.37506,236.496,1.51088],"timeVisible":177.11,"tipPosition":[-2.47498,229.782,31.7313],"tipVelocity":[-16.8301,-55.7746,136.68],"tool":false,"touchDistance":0.333333,"touchZone":"none","type":3,"width":18.077},{"bases":[[[0.888301,-0.396346,0.232015],[0.352916,0.912378,0.207405],[-0.293889,-0.102357,0.950343]],[[0.902605,-0.390376,0.181414],[0.281821,0.217318,-0.934532],[0.325394,0.894639,0.306168]],[[0.902605,-0.390376,0.181414],[-0.25469,-0.824047,-0.506043],[0.34704,0.410553,-0.843214]],[[0.902605,-0.390376,0.181414],[-0.400746,-0.915901,0.0229864],[0.157184,-0.0934485,-0.983138]]],"btipPosition":[12.1873,236.347,31.8418],"carpPosition":[16.1488,268.464,64.3351],"dipPosition":[14.8967,234.736,14.8956],"direction":[-0.34704,-0.410553,0.843214],"extended":false,"handId":506,"id":5064,"length":50.5107,"mcpPosition":[33.19,274.4,9.22924],"pipPosition":[21.6844,242.766,-1.59662],"stabilizedTipPosition":[18.7217,243.573,-1.25883],"timeVisible":177.11,"tipPosition":[12.9048,235.961,27.7057],"tipVelocity":[-16.3834,-65.2504,133.041],"tool":false,"touchDistance":0.333333,"touchZone":"none","type":4,"width":16.0574}],"r":[[0.471423,0.342556,0.812659],[0.88066,-0.231838,-0.413145],[0.0468798,0.910443,-0.410969]],"s":1.37124,"t":[8.87134,11.249,10.9634],"timestamp":97991583772},false],[3,{"currentFrameRate":107.956,"devices":[],"gestures":[],"hands":[{"armBasis":[[0.949569,0.163795,-0.267375],[-0.00497995,0.860486,0.50945],[0.313518,-0.482426,0.817907]],"armWidth":63.72,"confidence":0.636778,"direction":[0.0345849,0.210693,-0.97694],"elbow":[85.1405,134.471,293.932],"grabStrength":0,"id":506,"palmNormal":[-0.00629242,-0.97746,-0.211028],"palmPosition":[-5.28697,271.983,19.1827],"palmVelocity":[5.9021,-53.0214,124.464],"palmWidth":90.99,"pinchStrength":0.533156,"r":[[0.476107,0.341555,0.810347],[0.877889,-0.238375,-0.415317],[0.0513133,0.90913,-0.413339]],"s":1.37117,"sphereCenter":[-46.9187,258.271,-9.60447],"sphereRadius":62.2208,"stabilizedPalmPosition":[-2.1298,277.444,-8.53585],"t":[8.9497,10.8085,11.958],"timeVisible":177.12,"type":"right","wrist":[0.490667,264.726,73.0967]}],"id":1817070,"interactionBox":{"center":[0,200,0],"size":[235.247,235.247,147.751]},"pointables":[{"bases":[[[0.414525,0.909969,0.0111857],[-0.81498,0.365729,0.4495],[0.40494,-0.195445,0.89321]],[[0.350882,0.928764,-0.119496],[-0.927978,0.327781,-0.177244],[-0.125449,0.173082,0.976885]],[[0.350882,0.928764,-0.119496],[-0.859143,0.268533,-0.435617],[-0.372497,0.255515,0.892165]],[[0.350882,0.928764,-0.119496],[-0.400689,0.0335758,-0.915599],[-0.846363,0.369148,0.383926]]],"btipPosition":[10.5845,227.841,-14.9332],"carpPosition":[-28.1861,253.832,73.2348],"dipPosition":[-9.22346,236.48,-5.9479],"direction":[0.372497,-0.255515,-0.892165],"extended":false,"handId":506,"id":5060,"length":52.1164,"mcpPosition":[-28.1861,253.832,73.2348],"pipPosition":[-21.924,245.192,24.471],"stabilizedTipPosition":[13.8071,237.343,-41.7815],"timeVisible":177.12,"tipPosition":[5.35361,229.881,-13.1588],"tipVelocity":[-30.5732,-70.7605,129.873],"tool":false,"touchDistance":0.343807,"touchZone":"hovering","type":0,"width":20.25},{"bases":[[[0.991001,0.0221209,-0.132012],[-0.013611,0.997791,0.0650215],[0.133158,-0.0626396,0.989113]],[[0.998498,0.0170142,-0.0520772],[0.0127851,0.851946,0.523474],[0.0532735,-0.523353,0.850449]],[[0.998498,0.0170142,-0.0520772],[0.0018594,0.939483,0.342591],[0.0547546,-0.342173,0.93804]],[[0.998498,0.0170142,-0.0520772],[-0.00834368,0.986692,0.162387],[0.0541471,-0.161708,0.985352]]],"btipPosition":[-33.9664,313.217,-81.6448],"carpPosition":[-19.6326,275.09,67.1693],"dipPosition":[-33.0412,310.454,-64.8095],"direction":[-0.0547546,0.342173,-0.93804],"extended":true,"handId":506,"id":5061,"length":58.8075,"mcpPosition":[-29.429,279.699,-5.59936],"pipPosition":[-31.7178,302.183,-42.1367],"stabilizedTipPosition":[-28.937,317.728,-103.067],"timeVisible":177.12,"tipPosition":[-33.5295,312.914,-77.6595],"tipVelocity":[-2.09558,-78.3649,115.93],"tool":false,"touchDistance":0.338658,"touchZone":"hovering","type":1,"width":19.3428},{"bases":[[[0.987583,-0.156971,-0.00630256],[0.157052,0.985549,0.0634673],[-0.00375102,-0.0636691,0.997964]],[[0.987458,-0.157757,0.00621169],[0.0357324,0.184993,-0.98209],[0.153782,0.969995,0.18831]],[[0.987458,-0.157757,0.00621169],[-0.141632,-0.90254,-0.406648],[0.0697578,0.400668,-0.913564]],[[0.987458,-0.157757,0.00621169],[-0.156897,-0.976178,0.149863],[-0.0175782,-0.148958,-0.988687]]],"btipPosition":[-16.467,226.189,30.9446],"carpPosition":[-7.663,277.095,65.0893],"dipPosition":[-16.7973,223.39,12.3652],"direction":[-0.0697578,-0.400668,0.913564],"extended":false,"handId":506,"id":5062,"length":67.0064,"mcpPosition":[-7.4013,281.537,-4.53663],"pipPosition":[-14.8137,234.783,-13.6132],"stabilizedTipPosition":[-9.54392,231.882,-6.62763],"timeVisible":177.12,"tipPosition":[-16.5411,225.551,26.4296],"tipVelocity":[-23.625,-44.8654,140.925],"tool":false,"touchDistance":0.333333,"touchZone":"none","type":2,"width":18.9972},{"bases":[[[0.961599,-0.238474,0.135858],[0.22701,0.969284,0.0946354],[-0.154253,-0.0601601,0.986198]],[[0.961482,-0.23852,0.136604],[0.175467,0.150075,-0.972979],[0.211574,0.959472,0.186147]],[[0.961482,-0.23852,0.136604],[-0.167041,-0.901718,-0.398751],[0.218288,0.360574,-0.906828]],[[0.961482,-0.23852,0.136604],[-0.257436,-0.955591,0.143429],[0.0963266,-0.173071,-0.980187]]],"btipPosition":[-3.08291,230.261,37.593],"carpPosition":[4.55448,276.116,64.2507],"dipPosition":[-1.28314,227.027,19.2792],"direction":[-0.218288,-0.360574,0.906828],"extended":false,"handId":506,"id":5063,"length":64.4285,"mcpPosition":[14.2169,279.884,2.47525],"pipPosition":[4.76387,237.016,-5.84174],"stabilizedTipPosition":[3.37247,236.493,1.52455],"timeVisible":177.12,"tipPosition":[-2.66016,229.423,33.0305],"tipVelocity":[-17.6615,-50.9965,137.939],"tool":false,"touchDistance":0.333333,"touchZone":"none","type":3,"width":18.077},{"bases":[[[0.886467,-0.400688,0.23157],[0.359284,0.911244,0.201368],[-0.291703,-0.0953068,0.951749]],[[0.900554,-0.395134,0.181304],[0.280625,0.209824,-0.936602],[0.332042,0.894339,0.299843]],[[0.900554,-0.395134,0.181304],[-0.261382,-0.825354,-0.50047],[0.347393,0.403311,-0.846557]],[[0.900554,-0.395134,0.181304],[-0.406553,-0.913159,0.0292498],[0.154001,-0.100051,-0.982992]]],"btipPosition":[12.0275,235.897,33.0567],"carpPosition":[16.3028,268.157,65.3449],"dipPosition":[14.6819,234.172,16.113],"direction":[-0.347393,-0.403311,0.846557],"extended":false,"handId":506,"id":5064,"length":50.5107,"mcpPosition":[33.2173,273.684,10.1576],"pipPosition":[21.4765,242.061,-0.444608],"stabilizedTipPosition":[18.716,243.566,-1.23043],"timeVisible":177.12,"tipPosition":[12.7347,235.481,28.9194],"tipVelocity":[-17.0402,-61.449,132.746],"tool":false,"touchDistance":0.333333,"touchZone":"none","type":4,"width":16.0574}],"r":[[0.476107,0.341555,0.810347],[0.877889,-0.238375,-0.415317],[0.0513133,0.90913,-0.413339]],"s":1.37117,"t":[8.9497,10.8085,11.958],"timestamp":97991592981},false],[4,{"currentFrameRate":107.957,"devices":[],"gestures":[],"hands":[{"armBasis":[[0.946948,0.159637,-0.278937],[0.00376833,0.86234,0.506316],[0.321365,-0.480506,0.815989]],"armWidth":63.72,"confidence":0.641402,"direction":[0.032461,0.210197,-0.97712],"elbow":[87.4452,134.619,294.756],"grabStrength":0,"id":506,"palmNormal":[-0.0146792,-0.977429,-0.210751],"palmPosition":[-5.25184,271.645,20.5459],"palmVelocity":[5.30889,-48.3766,130.859],"palmWidth":90.99,"pinchStrength":0.532352,"r":[[0.480992,0.340022,0.808104],[0.874939,-0.244974,-0.417696],[0.0559381,0.90795,-0.415329]],"s":1.37106,"sphereCenter":[-47.1655,258.206,-8.08651],"sphereRadius":62.2553,"stabilizedPalmPosition":[-2.13247,277.439,-8.51101],"t":[9.00644,10.4192,13.1368],"timeVisible":177.129,"type":"right","wrist":[0.676585,264.355,74.4392]}],"id":1817071,"interactionBox":{"center":[0,200,0],"size":[235.247,235.247,147.751]},"pointables":[{"bases":[[[0.421606,0.906731,0.00935975],[-0.810387,0.372137,0.452535],[0.406844,-0.198376,0.891698]],[[0.357707,0.925975,-0.120893],[-0.925992,0.334976,-0.174155],[-0.120767,0.174242,0.977269]],[[0.357707,0.925975,-0.120893],[-0.858524,0.275159,-0.432693],[-0.367398,0.258567,0.893399]],[[0.357707,0.925975,-0.120893],[-0.405796,0.0375362,-0.913193],[-0.841056,0.375714,0.389184]]],"btipPosition":[10.1558,227.377,-13.662],"carpPosition":[-28.083,253.684,74.6902],"dipPosition":[-9.52795,236.17,-4.5537],"direction":[0.367398,-0.258567,-0.893399],"extended":false,"handId":506,"id":5060,"length":52.1164,"mcpPosition":[-28.083,253.684,74.6902],"pipPosition":[-22.0546,244.986,25.9073],"stabilizedTipPosition":[13.7719,237.308,-41.6512],"timeVisible":177.129,"tipPosition":[4.96465,229.455,-11.8364],"tipVelocity":[-34.127,-63.8601,132.81],"tool":false,"touchDistance":0.362251,"touchZone":"hovering","type":0,"width":20.25},{"bases":[[[0.990628,0.0144087,-0.135824],[-0.00562711,0.997881,0.0648176],[0.13647,-0.0634459,0.98861]],[[0.998355,0.0093041,-0.0565669],[0.0216339,0.852634,0.522061],[0.0530881,-0.522426,0.85103]],[[0.998355,0.0093041,-0.0565669],[0.0104851,0.940461,0.339739],[0.0563599,-0.339774,0.938817]],[[0.998355,0.0093041,-0.0565669],[-0.000238313,0.987407,0.158202],[0.0573264,-0.157929,0.985785]]],"btipPosition":[-34.051,312.897,-80.2418],"carpPosition":[-19.3884,274.874,68.5865],"dipPosition":[-33.0715,310.199,-63.3991],"direction":[-0.0563599,0.339774,-0.938817],"extended":true,"handId":506,"id":5061,"length":58.8075,"mcpPosition":[-29.4285,279.542,-4.1452],"pipPosition":[-31.7093,301.987,-40.7075],"stabilizedTipPosition":[-28.9523,317.711,-102.983],"timeVisible":177.129,"tipPosition":[-33.594,312.648,-76.2396],"tipVelocity":[-3.69606,-65.5662,125.986],"tool":false,"touchDistance":0.359196,"touchZone":"hovering","type":1,"width":19.3428},{"bases":[[[0.986305,-0.164623,-0.0100568],[0.164929,0.984316,0.0626108],[-0.000408036,-0.063412,0.997987]],[[0.986222,-0.165406,0.0024751],[0.0334226,0.184582,-0.982249],[0.162013,0.968798,0.187567]],[[0.986222,-0.165406,0.0024751],[-0.150171,-0.901463,-0.405972],[0.0693814,0.400007,-0.913882]],[[0.986222,-0.165406,0.0024751],[-0.163887,-0.974911,0.150633],[-0.0225026,-0.148963,-0.988587]]],"btipPosition":[-16.7424,225.938,32.3566],"carpPosition":[-7.41169,276.786,66.46],"dipPosition":[-17.1653,223.139,13.7791],"direction":[-0.0693814,-0.400007,0.913882],"extended":false,"handId":506,"id":5062,"length":67.0064,"mcpPosition":[-7.38322,281.21,-3.16759],"pipPosition":[-15.1923,234.513,-12.2084],"stabilizedTipPosition":[-9.54553,231.881,-6.61998],"timeVisible":177.129,"tipPosition":[-16.8382,225.301,27.8472],"tipVelocity":[-25.991,-39.8636,144.185],"tool":false,"touchDistance":0.333333,"touchZone":"none","type":2,"width":18.9972},{"bases":[[[0.960237,-0.24589,0.132224],[0.234877,0.967516,0.093514],[-0.150923,-0.0587393,0.986799]],[[0.960132,-0.245931,0.13291],[0.17284,0.148565,-0.973681],[0.219713,0.957834,0.185149]],[[0.960132,-0.245931,0.13291],[-0.175543,-0.900431,-0.398007],[0.217559,0.358807,-0.907703]],[[0.960132,-0.245931,0.13291],[-0.264254,-0.953565,0.144514],[0.0911981,-0.173875,-0.980536]]],"btipPosition":[-3.2991,229.904,38.9548],"carpPosition":[4.79452,275.712,65.5747],"dipPosition":[-1.59516,226.656,20.6344],"direction":[-0.217559,-0.358807,0.907703],"extended":false,"handId":506,"id":5063,"length":64.4285,"mcpPosition":[14.2483,279.391,3.7616],"pipPosition":[4.43166,236.595,-4.51077],"stabilizedTipPosition":[3.37007,236.49,1.53725],"timeVisible":177.129,"tipPosition":[-2.90106,229.067,34.3962],"tipVelocity":[-19.9296,-47.5761,140.453],"tool":false,"touchDistance":0.333333,"touchZone":"none","type":3,"width":18.077},{"bases":[[[0.884219,-0.407495,0.228265],[0.367107,0.908477,0.199753],[-0.288772,-0.0928273,0.952887]],[[0.898064,-0.402105,0.178304],[0.2789,0.207085,-0.937726],[0.34014,0.891868,0.298122]],[[0.898064,-0.402105,0.178304],[-0.269624,-0.82351,-0.499133],[0.347539,0.400178,-0.847982]],[[0.898064,-0.402105,0.178304],[-0.413581,-0.909939,0.0310225],[0.149772,-0.101603,-0.983486]]],"btipPosition":[11.8233,235.434,34.3688],"carpPosition":[16.4849,267.663,66.6258],"dipPosition":[14.4049,233.682,17.4166],"direction":[-0.347539,-0.400178,0.847982],"extended":false,"handId":506,"id":5064,"length":50.5107,"mcpPosition":[33.2294,273.045,11.3725],"pipPosition":[21.2024,241.509,0.8311],"stabilizedTipPosition":[18.7105,243.558,-1.20275],"timeVisible":177.129,"tipPosition":[12.5154,235.009,30.2306],"tipVelocity":[-18.9565,-58.4211,135.2],"tool":false,"touchDistance":0.333333,"touchZone":"none","type":4,"width":16.0574}],"r":[[0.480992,0.340022,0.808104],[0.874939,-0.244974,-0.417696],[0.0559381,0.90795,-0.415329]],"s":1.37106,"t":[9.00644,10.4192,13.1368],"timestamp":97991602242},false],[5,{"currentFrameRate":107.977,"devices":[],"gestures":[],"hands":[{"armBasis":[[0.945777,0.158557,-0.283489],[0.00623664,0.863739,0.503901],[0.324758,-0.478346,0.815915]],"armWidth":63.72,"confidence":0.653073,"direction":[0.0320398,0.207822,-0.977642],"elbow":[88.421,134.784,296.126],"grabStrength":0,"id":506,"palmNormal":[-0.0171229,-0.977886,-0.208435],"palmPosition":[-5.22516,271.114,21.9237],"palmVelocity":[4.63123,-50.9555,136.043],"palmWidth":90.99,"pinchStrength":0.531678,"r":[[0.485193,0.338927,0.80605],[0.872348,-0.250841,-0.419628],[0.0599672,0.906757,-0.417369]],"s":1.37085,"sphereCenter":[-47.2216,257.623,-6.64687],"sphereRadius":62.2562,"stabilizedPalmPosition":[-2.13485,277.434,-8.4875],"t":[9.04815,9.95901,14.4151],"timeVisible":177.138,"type":"right","wrist":[0.736374,263.938,75.8285]}],"id":1817072,"interactionBox":{"center":[0,200,0],"size":[235.247,235.247,147.751]},"pointables":[{"bases":[[[0.423699,0.905777,0.00683561],[-0.809109,0.375066,0.452402],[0.407212,-0.197213,0.891788]],[[0.359818,0.924849,-0.123225],[-0.925288,0.33674,-0.174493],[-0.119885,0.176804,0.976918]],[[0.359818,0.924849,-0.123225],[-0.858049,0.276135,-0.433015],[-0.366447,0.26154,0.892924]],[[0.359818,0.924849,-0.123225],[-0.408402,0.0373737,-0.912037],[-0.838891,0.378493,0.391158]]],"btipPosition":[10.0642,226.732,-12.2336],"carpPosition":[-28.0474,253.333,76.1311],"dipPosition":[-9.56884,235.59,-3.07908],"direction":[0.366447,-0.26154,-0.892924],"extended":false,"handId":506,"id":5060,"length":52.1164,"mcpPosition":[-28.0474,253.333,76.1311],"pipPosition":[-22.0631,244.507,27.3657],"stabilizedTipPosition":[13.7388,237.274,-41.5243],"timeVisible":177.138,"tipPosition":[4.8938,228.824,-10.3784],"tipVelocity":[-26.9869,-65.1134,139.31],"tool":false,"touchDistance":0.380945,"touchZone":"hovering","type":0,"width":20.25},{"bases":[[[0.990533,0.0118078,-0.136769],[-0.00327144,0.998041,0.0624718],[0.137239,-0.0614329,0.988631]],[[0.998284,0.00691154,-0.0581411],[0.024254,0.854988,0.51808],[0.0532907,-0.518601,0.853354]],[[0.998284,0.00691154,-0.0581411],[0.0128954,0.942671,0.333475],[0.0571127,-0.333653,0.940964]],[[0.998284,0.00691154,-0.0581411],[0.00188723,0.988694,0.149935],[0.05852,-0.149788,0.986985]]],"btipPosition":[-34.0762,311.912,-79.0326],"carpPosition":[-19.3098,274.489,69.9695],"dipPosition":[-33.0763,309.353,-62.1694],"direction":[-0.0571127,0.333653,-0.940964],"extended":true,"handId":506,"id":5061,"length":58.8075,"mcpPosition":[-29.4064,279.008,-2.76374],"pipPosition":[-31.6959,301.289,-39.4259],"stabilizedTipPosition":[-28.969,317.689,-102.889],"timeVisible":177.138,"tipPosition":[-33.6127,311.762,-74.999],"tipVelocity":[-3.28409,-76.1471,127.558],"tool":false,"touchDistance":0.374819,"touchZone":"hovering","type":1,"width":19.3428},{"bases":[[[0.985914,-0.166916,-0.0105769],[0.167251,0.984078,0.06014],[0.000370105,-0.0610619,0.998134]],[[0.985841,-0.16767,0.00195811],[0.0329385,0.18219,-0.982711],[0.164415,0.968862,0.185133]],[[0.985841,-0.16767,0.00195811],[-0.15262,-0.902068,-0.403708],[0.0694562,0.397693,-0.914886]],[[0.985841,-0.16767,0.00195811],[-0.16599,-0.974173,0.15308],[-0.0237594,-0.151238,-0.988212]]],"btipPosition":[-16.8099,225.461,33.8527],"carpPosition":[-7.33067,276.368,67.8275],"dipPosition":[-17.2564,222.619,15.2822],"direction":[-0.0694562,-0.397693,0.914886],"extended":false,"handId":506,"id":5062,"length":67.0064,"mcpPosition":[-7.35649,280.628,-1.81036],"pipPosition":[-15.2813,233.928,-10.7339],"stabilizedTipPosition":[-9.54695,231.879,-6.61301],"timeVisible":177.138,"tipPosition":[-16.9114,224.814,29.3451],"tipVelocity":[-20.9216,-43.4711,149.277],"tool":false,"touchDistance":0.333333,"touchZone":"none","type":2,"width":18.9972},{"bases":[[[0.959791,-0.247789,0.131919],[0.237189,0.96719,0.0910183],[-0.150144,-0.0560688,0.987073]],[[0.959704,-0.247821,0.132485],[0.172248,0.146273,-0.974133],[0.222032,0.9577,0.183065]],[[0.959704,-0.247821,0.132485],[-0.177906,-0.900763,-0.396201],[0.217524,0.356666,-0.908555]],[[0.959704,-0.247821,0.132485],[-0.266245,-0.952696,0.146572],[0.089894,-0.175939,-0.980288]]],"btipPosition":[-3.34849,229.393,40.4084],"carpPosition":[4.87221,275.263,66.9334],"dipPosition":[-1.66891,226.105,22.0927],"direction":[-0.217524,-0.356666,0.908555],"extended":false,"handId":506,"id":5063,"length":64.4285,"mcpPosition":[14.2772,278.775,5.10318],"pipPosition":[4.35694,235.986,-3.0761],"stabilizedTipPosition":[3.36792,236.487,1.54899],"timeVisible":177.138,"tipPosition":[-2.95787,228.554,35.8673],"tipVelocity":[-16.0132,-50.058,145.287],"tool":false,"touchDistance":0.333333,"touchZone":"none","type":3,"width":18.077},{"bases":[[[0.88349,-0.408992,0.228411],[0.369381,0.908097,0.197274],[-0.288103,-0.0899191,0.953368]],[[0.897226,-0.403785,0.178725],[0.278731,0.203967,-0.93846],[0.342482,0.891827,0.295552]],[[0.897226,-0.403785,0.178725],[-0.271916,-0.82413,-0.496861],[0.347918,0.397199,-0.849227]],[[0.897226,-0.403785,0.178725],[-0.415707,-0.908881,0.0335178],[0.148906,-0.10437,-0.983328]]],"btipPosition":[11.7693,234.9,35.8203],"carpPosition":[16.545,267.19,67.9928],"dipPosition":[14.336,233.101,18.8709],"direction":[-0.347918,-0.397199,0.849227],"extended":false,"handId":506,"id":5064,"length":50.5107,"mcpPosition":[33.2507,272.404,12.7115],"pipPosition":[21.1408,240.87,2.26102],"stabilizedTipPosition":[18.7055,243.551,-1.17655],"timeVisible":177.138,"tipPosition":[12.4598,234.462,31.6844],"tipVelocity":[-15.3876,-58.6021,141.428],"tool":false,"touchDistance":0.333333,"touchZone":"none","type":4,"width":16.0574}],"r":[[0.485193,0.338927,0.80605],[0.872348,-0.250841,-0.419628],[0.0599672,0.906757,-0.417369]],"s":1.37085,"t":[9.04815,9.95901,14.4151],"timestamp":97991611467},false],[6,{"currentFrameRate":107.962,"devices":[],"gestures":[],"hands":[{"armBasis":[[0.947179,0.153833,-0.281402],[0.0092314,0.864007,0.503396],[0.320572,-0.479404,0.816949]],"armWidth":63.72,"confidence":0.656994,"direction":[0.0315236,0.203126,-0.978645],"elbow":[87.4621,134.299,297.356],"grabStrength":0,"id":506,"palmNormal":[-0.0202638,-0.9788,-0.203811],"palmPosition":[-5.095,270.679,22.8488],"palmVelocity":[7.27676,-49.7926,125.761],"palmWidth":90.99,"pinchStrength":0.530785,"r":[[0.488933,0.338498,0.803968],[0.869999,-0.256439,-0.42112],[0.0636202,0.90535,-0.419874]],"s":1.37054,"sphereCenter":[-47.1961,257.088,-5.61743],"sphereRadius":62.2564,"stabilizedPalmPosition":[-2.13702,277.429,-8.46452],"t":[9.13409,9.51137,15.5169],"timeVisible":177.147,"type":"right","wrist":[0.907658,263.738,76.78]}],"id":1817073,"interactionBox":{"center":[0,200,0],"size":[235.247,235.247,147.751]},"pointables":[{"bases":[[[0.42639,0.904537,0.00208888],[-0.807469,0.379591,0.451558],[0.407658,-0.194227,0.892239]],[[0.362442,0.923184,-0.127938],[-0.924452,0.338659,-0.175209],[-0.118422,0.181776,0.976183]],[[0.362442,0.923184,-0.127938],[-0.857621,0.276618,-0.433553],[-0.364859,0.26686,0.892]],[[0.362442,0.923184,-0.127938],[-0.411579,0.0353793,-0.910687],[-0.836205,0.382728,0.392786]]],"btipPosition":[10.0145,226.091,-11.1692],"carpPosition":[-27.9071,253.221,77.1654],"dipPosition":[-9.55567,235.048,-1.97659],"direction":[0.364859,-0.26686,-0.892],"extended":false,"handId":506,"id":5060,"length":52.1164,"mcpPosition":[-27.9071,253.221,77.1654],"pipPosition":[-21.9958,244.147,28.4367],"stabilizedTipPosition":[13.7071,237.239,-41.3992],"timeVisible":177.147,"tipPosition":[4.87729,228.206,-9.28212],"tipVelocity":[-20.4451,-65.512,132.6],"tool":false,"touchDistance":0.392281,"touchZone":"hovering","type":0,"width":20.25},{"bases":[[[0.990404,0.0082221,-0.137957],[-0.000239682,0.998329,0.0577789],[0.138201,-0.0571914,0.988752]],[[0.998189,0.00371481,-0.0600453],[0.0275991,0.858588,0.511923],[0.0534559,-0.512653,0.85693]],[[0.998189,0.00371481,-0.0600453],[0.0159857,0.945833,0.324261],[0.0579974,-0.324633,0.94406]],[[0.998189,0.00371481,-0.0600453],[0.00461824,0.990415,0.138047],[0.0599826,-0.138074,0.988604]]],"btipPosition":[-34.0046,310.759,-78.3727],"carpPosition":[-19.1139,274.321,70.8943],"dipPosition":[-32.9797,308.4,-61.4818],"direction":[-0.0579974,0.324633,-0.94406],"extended":true,"handId":506,"id":5061,"length":58.8075,"mcpPosition":[-29.2813,278.529,-1.84776],"pipPosition":[-31.5779,300.554,-38.6635],"stabilizedTipPosition":[-28.9905,317.656,-102.761],"timeVisible":177.147,"tipPosition":[-33.5317,310.727,-74.3068],"tipVelocity":[-0.00863503,-88.2818,111.807],"tool":false,"touchDistance":0.380664,"touchZone":"hovering","type":1,"width":19.3428},{"bases":[[[0.985402,-0.169892,-0.0109195],[0.170238,0.983849,0.0553176],[0.00134505,-0.056369,0.998409]],[[0.985341,-0.170587,0.00162519],[0.0323697,0.177602,-0.98357],[0.167496,0.969205,0.180521]],[[0.985341,-0.170587,0.00162519],[-0.155749,-0.903441,-0.39942],[0.0696042,0.393312,-0.916767]],[[0.985341,-0.170587,0.00162519],[-0.168704,-0.972961,0.15775],[-0.0253288,-0.155712,-0.987478]]],"btipPosition":[-16.8023,225.113,34.9978],"carpPosition":[-7.13175,276.155,68.7298],"dipPosition":[-17.2783,222.187,16.4411],"direction":[-0.0696042,-0.393312,0.916767],"extended":false,"handId":506,"id":5062,"length":67.0064,"mcpPosition":[-7.2256,280.087,-0.927233],"pipPosition":[-15.299,233.371,-9.62841],"stabilizedTipPosition":[-9.5482,231.878,-6.60669],"timeVisible":177.147,"tipPosition":[-16.9104,224.447,30.4997],"tipVelocity":[-14.994,-42.3726,142.037],"tool":false,"touchDistance":0.333333,"touchZone":"none","type":2,"width":18.9972},{"bases":[[[0.959204,-0.250016,0.131985],[0.240161,0.966899,0.086195],[-0.149166,-0.050981,0.987497]],[[0.959136,-0.250039,0.132435],[0.171523,0.141561,-0.974957],[0.22503,0.957831,0.178663]],[[0.959136,-0.250039,0.132435],[-0.180962,-0.901899,-0.392214],[0.217512,0.352221,-0.910291]],[[0.959136,-0.250039,0.132435],[-0.268835,-0.951285,0.150945],[0.0882414,-0.18038,-0.979631]]],"btipPosition":[-3.31793,229.021,41.5079],"carpPosition":[5.06675,275.01,67.827],"dipPosition":[-1.66923,225.65,23.2045],"direction":[-0.217512,-0.352221,0.910291],"extended":false,"handId":506,"id":5063,"length":64.4285,"mcpPosition":[14.4105,278.203,5.97019],"pipPosition":[4.35629,235.408,-2.01242],"stabilizedTipPosition":[3.36602,236.485,1.5598],"timeVisible":177.147,"tipPosition":[-2.93619,228.171,36.9854],"tipVelocity":[-10.7844,-47.8118,137.775],"tool":false,"touchDistance":0.333333,"touchZone":"none","type":3,"width":18.077},{"bases":[[[0.882537,-0.410536,0.229321],[0.372301,0.907913,0.192576],[-0.287264,-0.0845793,0.95411]],[[0.896167,-0.405632,0.179853],[0.278477,0.198597,-0.939686],[0.345449,0.892201,0.290935]],[[0.896167,-0.405632,0.179853],[-0.274834,-0.825655,-0.492707],[0.348354,0.392118,-0.851406]],[[0.896167,-0.405632,0.179853],[-0.418401,-0.907461,0.0381505],[0.147734,-0.10944,-0.982953]]],"btipPosition":[11.7992,234.481,36.8949],"carpPosition":[16.7168,266.907,68.9109],"dipPosition":[14.3457,232.594,19.9519],"direction":[-0.348354,-0.392118,0.851406],"extended":false,"handId":506,"id":5064,"length":50.5107,"mcpPosition":[33.3738,271.811,13.5867],"pipPosition":[21.1591,240.264,3.29946],"stabilizedTipPosition":[18.7009,243.544,-1.15197],"timeVisible":177.147,"tipPosition":[12.4865,234.022,32.764],"tipVelocity":[-10.2812,-55.4098,134.21],"tool":false,"touchDistance":0.333333,"touchZone":"none","type":4,"width":16.0574}],"r":[[0.488933,0.338498,0.803968],[0.