{"sensorType":"Leap","data":[[0,{"currentFrameRate":108.299,"devices":[],"gestures":[],"hands":[{"armBasis":[[0.958733,0.0520058,-0.279512],[0.0760292,0.900425,0.428315],[0.273954,-0.431891,0.859313]],"armWidth":63.72,"confidence":0.937738,"direction":[0.0453441,0.197627,-0.979228],"elbow":[61.7121,152.282,315.008],"grabStrength":0,"id":506,"palmNormal":[-0.0893913,-0.975501,-0.201014],"palmPosition":[-17.7775,276.086,29.0447],"palmVelocity":[-22.2538,-9.68783,-26.8503],"palmWidth":90.99,"pinchStrength":0,"r":[[0.643429,0.0874656,0.760492],[0.764316,-0.128775,-0.631853],[0.0426674,0.987809,-0.149709]],"s":1.39909,"sphereCenter":[-15.9651,427.618,6.40139],"sphereRadius":151.177,"stabilizedPalmPosition":[-13.4916,277.808,35.5548],"t":[-3.24128,14.6281,23.063],"timeVisible":161.143,"type":"right","wrist":[-12.2556,268.892,82.9939]}],"id":1815368,"interactionBox":{"center":[0,200,0],"size":[235.247,235.247,147.751]},"pointables":[{"bases":[[[0.489173,0.872187,-0.000596428],[-0.77846,0.436914,0.450673],[0.393332,-0.219993,0.892689]],[[0.406529,0.897991,-0.168366],[-0.781854,0.437275,0.444404],[0.472693,-0.0490254,0.879863]],[[0.406529,0.897991,-0.168366],[-0.912149,0.409433,-0.0186989],[0.052143,0.161176,0.985547]],[[0.406529,0.897991,-0.168366],[-0.790475,0.438108,0.428031],[0.45813,-0.0409179,0.887943]]],"btipPosition":[-77.8361,258.345,-14.8881],"carpPosition":[-41.7407,260.436,83.4165],"dipPosition":[-67.1142,257.387,5.893],"direction":[-0.052143,-0.161176,-0.985547],"extended":false,"handId":506,"id":5060,"length":52.1164,"mcpPosition":[-41.7407,260.436,83.4165],"pipPosition":[-65.3364,262.883,39.4958],"stabilizedTipPosition":[-75.1988,258.241,-10.1071],"timeVisible":161.143,"tipPosition":[-74.6753,259.667,-9.86765],"tipVelocity":[-38.4011,-29.1005,-6.80872],"tool":false,"touchDistance":0.0539519,"touchZone":"hovering","type":0,"width":20.25},{"bases":[[[0.988452,-0.0620953,-0.138224],[0.070252,0.996016,0.0549312],[0.134263,-0.0640074,0.988876]],[[0.99634,-0.0673741,-0.052597],[0.0770244,0.974491,0.210793],[0.0370533,-0.214073,0.976115]],[[0.99634,-0.0673741,-0.052597],[0.0740807,0.98763,0.1382],[0.0426353,-0.141591,0.989007]],[[0.99634,-0.0673741,-0.052597],[0.0712879,0.99452,0.0764713],[0.0471566,-0.079941,0.995684]]],"btipPosition":[-44.7886,299.539,-78.521],"carpPosition":[-31.4828,280.845,77.083],"dipPosition":[-43.9829,298.174,-61.5091],"direction":[-0.0426353,0.141591,-0.989007],"extended":true,"handId":506,"id":5061,"length":58.8075,"mcpPosition":[-41.3605,285.554,4.33178],"pipPosition":[-42.9524,294.751,-37.6044],"stabilizedTipPosition":[-44.1953,299.208,-74.1303],"timeVisible":161.143,"tipPosition":[-44.2019,297.351,-74.7301],"tipVelocity":[-25.4867,5.34925,-28.0121],"tool":false,"touchDistance":-0.326191,"touchZone":"touching","type":1,"width":19.3428},{"bases":[[[0.970948,-0.239053,-0.0106782],[0.239281,0.969532,0.0524692],[-0.00219002,-0.0534999,0.998565]],[[0.969984,-0.236283,-0.0574506],[0.2387,0.880132,0.410353],[-0.0463954,-0.411749,0.910115]],[[0.969984,-0.236283,-0.0574506],[0.240841,0.900907,0.361056],[-0.0335538,-0.364055,0.930773]],[[0.969984,-0.236283,-0.0574506],[0.242176,0.91736,0.315914],[-0.0219425,-0.320345,0.947047]]],"btipPosition":[-15.6466,321.773,-82.8903],"carpPosition":[-19.4022,281.822,74.9103],"dipPosition":[-16.059,315.753,-65.0934],"direction":[0.0335538,0.364055,-0.930773],"extended":true,"handId":506,"id":5062,"length":67.0064,"mcpPosition":[-19.2494,285.555,5.24241],"pipPosition":[-17.0131,305.401,-38.6255],"stabilizedTipPosition":[-15.7311,320.321,-78.7972],"timeVisible":161.143,"tipPosition":[-15.88,317.85,-79.4947],"tipVelocity":[-4.37469,57.0711,-2.38146],"tool":false,"touchDistance":-0.312944,"touchZone":"touching","type":2,"width":18.9972},{"bases":[[[0.939224,-0.316723,0.132461],[0.307848,0.947775,0.0833775],[-0.15195,-0.0375325,0.987675]],[[0.946314,-0.314093,0.076392],[0.252706,0.866207,0.431075],[-0.201569,-0.388628,0.899077]],[[0.946314,-0.314093,0.076392],[0.26685,0.89245,0.363764],[-0.182432,-0.32385,0.928353]],[[0.946314,-0.314093,0.076392],[0.278282,0.911835,0.301853],[-0.164467,-0.264389,0.950289]]],"btipPosition":[19.3355,313.442,-71.503],"carpPosition":[-7.3153,279.816,74.0078],"dipPosition":[16.2626,308.502,-53.7478],"direction":[0.182432,0.32385,-0.928353],"extended":true,"handId":506,"id":5063,"length":64.4285,"mcpPosition":[2.20287,282.167,12.1398],"pipPosition":[11.2089,299.531,-28.0306],"stabilizedTipPosition":[18.6664,312.543,-67.2725],"timeVisible":161.143,"tipPosition":[18.1814,309.908,-68.003],"tipVelocity":[7.01065,27.5143,-10.8647],"tool":false,"touchDistance":0.333333,"touchZone":"hovering","type":3,"width":18.077},{"bases":[[[0.851462,-0.471155,0.230274],[0.435541,0.879911,0.189894],[-0.29209,-0.0613938,0.954418]],[[0.855614,-0.470214,0.216387],[0.381306,0.855288,0.35084],[-0.350043,-0.217674,0.911092]],[[0.855614,-0.470214,0.216387],[0.419198,0.874711,0.243216],[-0.30364,-0.11739,0.945528]],[[0.855614,-0.470214,0.216387],[0.446818,0.88199,0.149824],[-0.261301,-0.0315062,0.964743]]],"btipPosition":[43.4912,285.01,-47.5681],"carpPosition":[3.73425,270.914,75.112],"dipPosition":[38.9872,284.467,-30.939],"direction":[0.30364,0.11739,-0.945528],"extended":true,"handId":506,"id":5064,"length":50.5107,"mcpPosition":[20.6711,274.474,19.7698],"pipPosition":[33.0484,282.171,-12.4456],"stabilizedTipPosition":[42.1529,284.687,-43.3582],"timeVisible":161.143,"tipPosition":[41.3642,282.713,-44.0111],"tipVelocity":[22.8073,16.6655,-11.1538],"tool":false,"touchDistance":-0.31731,"touchZone":"hovering","type":4,"width":16.0574}],"r":[[0.643429,0.0874656,0.760492],[0.764316,-0.128775,-0.631853],[0.0426674,0.987809,-0.149709]],"s":1.39909,"t":[-3.24128,14.6281,23.063],"timestamp":97975616540},false],[1,{"currentFrameRate":108.372,"devices":[],"gestures":[],"hands":[{"armBasis":[[0.958658,0.0502886,-0.280082],[0.078285,0.899673,0.429488],[0.273581,-0.433658,0.858542]],"armWidth":63.72,"confidence":0.9421,"direction":[0.0450435,0.187111,-0.981306],"elbow":[61.4282,152.15,314.663],"grabStrength":0,"id":506,"palmNormal":[-0.0924537,-0.977306,-0.190592],"palmPosition":[-17.988,275.876,28.8386],"palmVelocity":[-22.4987,-13.4019,-25.6878],"palmWidth":90.99,"pinchStrength":0,"r":[[0.644705,0.0902602,0.759084],[0.762938,-0.13803,-0.631565],[0.0477715,0.986307,-0.157852]],"s":1.40291,"sphereCenter":[-16.5137,425.071,4.88471],"sphereRadius":148.899,"stabilizedPalmPosition":[-13.5759,277.772,35.4289],"t":[-3.45713,14.4446,22.8357],"timeVisible":161.152,"type":"right","wrist":[-12.4386,269.237,82.8562]}],"id":1815369,"interactionBox":{"center":[0,200,0],"size":[235.247,235.247,147.751]},"pointables":[{"bases":[[[0.491746,0.870678,-0.0102608],[-0.776759,0.443966,0.446698],[0.393486,-0.211692,0.894626]],[[0.408961,0.894955,-0.178343],[-0.780542,0.444303,0.439715],[0.472763,-0.0406218,0.880253]],[[0.408961,0.894955,-0.178343],[-0.910951,0.411943,-0.0217173],[0.0540313,0.171344,0.983729]],[[0.408961,0.894955,-0.178343],[-0.788109,0.444904,0.425375],[0.460037,-0.0334078,0.887271]]],"btipPosition":[-78.1561,257.841,-14.8523],"carpPosition":[-41.9482,260.873,83.394],"dipPosition":[-67.3896,257.059,5.91306],"direction":[-0.0540313,-0.171344,-0.983729],"extended":false,"handId":506,"id":5060,"length":52.1164,"mcpPosition":[-41.9482,260.873,83.394],"pipPosition":[-65.5474,262.901,39.4539],"stabilizedTipPosition":[-75.553,257.814,-10.0844],"timeVisible":161.152,"tipPosition":[-74.988,259.181,-9.85395],"tipVelocity":[-37.1971,-35.1659,-3.94234],"tool":false,"touchDistance":0.0544881,"touchZone":"hovering","type":0,"width":20.25},{"bases":[[[0.98814,-0.0664841,-0.13842],[0.0732431,0.996329,0.0443172],[0.134966,-0.0539299,0.989382]],[[0.996093,-0.0708828,-0.0526739],[0.0805895,0.973517,0.21394],[0.0361142,-0.217349,0.975426]],[[0.996093,-0.0708828,-0.0526739],[0.0776674,0.98703,0.140496],[0.042032,-0.144038,0.988679]],[[0.996093,-0.0708828,-0.0526739],[0.074857,0.994158,0.0777583],[0.0468544,-0.0813975,0.99558]]],"btipPosition":[-44.9332,299.362,-78.7661],"carpPosition":[-31.6358,281.184,76.8358],"dipPosition":[-44.1327,297.971,-61.756],"direction":[-0.042032,0.144038,-0.988679],"extended":true,"handId":506,"id":5061,"length":58.8075,"mcpPosition":[-41.5652,285.152,4.04738],"pipPosition":[-43.1167,294.49,-37.8592],"stabilizedTipPosition":[-44.3438,299.164,-74.3244],"timeVisible":161.152,"tipPosition":[-44.4444,297.104,-74.9842],"tipVelocity":[-22.8662,-1.71866,-27.7292],"tool":false,"touchDistance":-0.325587,"touchZone":"touching","type":1,"width":19.3428},{"bases":[[[0.970228,-0.242028,-0.00899185],[0.242191,0.96932,0.0419885],[-0.00144642,-0.0429161,0.999078]],[[0.969102,-0.239598,-0.0586067],[0.242047,0.877998,0.412956],[-0.0474866,-0.414382,0.908864]],[[0.969102,-0.239598,-0.0586067],[0.244289,0.899425,0.362433],[-0.0341258,-0.365552,0.930165]],[[0.969102,-0.239598,-0.0586067],[0.245679,0.916417,0.315945],[-0.0219916,-0.320582,0.946966]]],"btipPosition":[-15.7808,321.489,-83.1148],"carpPosition":[-19.5543,282.102,74.6423],"dipPosition":[-16.1941,315.465,-65.3195],"direction":[0.0341258,0.365552,-0.930165],"extended":true,"handId":506,"id":5062,"length":67.0064,"mcpPosition":[-19.4534,285.096,4.93868],"pipPosition":[-17.1645,305.07,-38.8689],"stabilizedTipPosition":[-15.8558,320.133,-78.9908],"timeVisible":161.152,"tipPosition":[-16.0094,317.642,-79.7088],"tipVelocity":[-7.25643,32.5647,-8.57266],"tool":false,"touchDistance":-0.313357,"touchZone":"touching","type":2,"width":18.9972},{"bases":[[[0.938403,-0.318084,0.134989],[0.310721,0.947689,0.0730658],[-0.151169,-0.0266212,0.988149]],[[0.945579,-0.31601,0.0775769],[0.254285,0.866388,0.429781],[-0.203027,-0.386665,0.899594]],[[0.945579,-0.31601,0.0775769],[0.26915,0.893566,0.359301],[-0.182863,-0.318868,0.929992]],[[0.945579,-0.31601,0.0775769],[0.281138,0.913458,0.294205],[-0.163835,-0.256384,0.952589]]],"btipPosition":[19.1929,312.618,-71.9014],"carpPosition":[-7.4742,280.051,73.7506],"dipPosition":[16.1318,307.828,-54.1032],"direction":[0.182863,0.318868,-0.929992],"extended":true,"handId":506,"id":5063,"length":64.4285,"mcpPosition":[1.99501,281.719,11.8529],"pipPosition":[11.0662,298.995,-28.3406],"stabilizedTipPosition":[18.5733,312.005,-67.5533],"timeVisible":161.152,"tipPosition":[18.0669,309.188,-68.3762],"tipVelocity":[0.807986,-4.15635,-19.6893],"tool":false,"touchDistance":0.333333,"touchZone":"hovering","type":3,"width":18.077},{"bases":[[[0.850274,-0.471211,0.234509],[0.43831,0.880578,0.180184],[-0.291408,-0.0504181,0.955269]],[[0.855426,-0.470218,0.217123],[0.378494,0.85371,0.35766],[-0.353539,-0.223772,0.90826]],[[0.855426,-0.470218,0.217123],[0.416762,0.873829,0.250463],[-0.307501,-0.123763,0.943465]],[[0.855426,-0.470218,0.217123],[0.444887,0.881751,0.156812],[-0.265184,-0.0375456,0.963466]]],"btipPosition":[43.5335,285.033,-47.6276],"carpPosition":[3.55,271.129,74.9394],"dipPosition":[38.9625,284.385,-31.0205],"direction":[0.307501,0.123763,-0.943465],"extended":true,"handId":506,"id":5064,"length":50.5107,"mcpPosition":[20.4474,274.052,19.5479],"pipPosition":[32.9482,281.965,-12.5675],"stabilizedTipPosition":[42.2563,284.749,-43.4994],"timeVisible":161.152,"tipPosition":[41.4727,282.694,-44.0831],"tipVelocity":[17.3068,11.9982,-10.0302],"tool":false,"touchDistance":-0.314881,"touchZone":"hovering","type":4,"width":16.0574}],"r":[[0.644705,0.0902602,0.759084],[0.762938,-0.13803,-0.631565],[0.0477715,0.986307,-0.157852]],"s":1.40291,"t":[-3.45713,14.4446,22.8357],"timestamp":97975625636},false],[2,{"currentFrameRate":108.364,"devices":[],"gestures":[],"hands":[{"armBasis":[[0.958955,0.0481686,-0.279436],[0.0805248,0.898634,0.431246],[0.271883,-0.436047,0.857871]],"armWidth":63.72,"confidence":0.945937,"direction":[0.0441282,0.177215,-0.983182],"elbow":[60.8621,151.823,314.37],"grabStrength":0,"id":506,"palmNormal":[-0.0953608,-0.9789,-0.180723],"palmPosition":[-18.156,275.672,28.6715],"palmVelocity":[-21.2842,-15.8518,-23.5524],"palmWidth":90.99,"pinchStrength":0,"r":[[0.646004,0.0936416,0.757568],[0.761538,-0.147094,-0.631207],[0.0523269,0.98468,-0.166335]],"s":1.40626,"sphereCenter":[-17.0508,421.615,3.43452],"sphereRadius":145.767,"stabilizedPalmPosition":[-13.67,277.729,35.29],"t":[-3.64904,14.2507,22.6385],"timeVisible":161.161,"type":"right","wrist":[-12.5464,269.556,82.7445]}],"id":1815370,"interactionBox":{"center":[0,200,0],"size":[235.247,235.247,147.751]},"pointables":[{"bases":[[[0.494074,0.869198,-0.019625],[-0.774914,0.45049,0.443359],[0.394208,-0.203844,0.896129]],[[0.410938,0.892039,-0.188139],[-0.779387,0.450812,0.435115],[0.472955,-0.032172,0.880499]],[[0.410938,0.892039,-0.188139],[-0.909901,0.414141,-0.0238273],[0.0566614,0.18098,0.981853]],[[0.410938,0.892039,-0.188139],[-0.785175,0.451175,0.424194],[0.463282,-0.0265954,0.885812]]],"btipPosition":[-78.4607,257.335,-14.7531],"carpPosition":[-42.0775,261.277,83.4074],"dipPosition":[-67.6182,256.713,5.97813],"direction":[-0.0566614,-0.18098,-0.981853],"extended":false,"handId":506,"id":5060,"length":52.1164,"mcpPosition":[-42.0775,261.277,83.4074],"pipPosition":[-65.6863,262.883,39.455],"stabilizedTipPosition":[-75.8717,257.335,-10.0078],"timeVisible":161.161,"tipPosition":[-75.2833,258.684,-9.78044],"tipVelocity":[-35.4734,-39.5432,-0.0591758],"tool":false,"touchDistance":0.0560108,"touchZone":"hovering","type":0,"width":20.25},{"bases":[[[0.987756,-0.0705331,-0.139154],[0.07599,0.996519,0.0342934],[0.136251,-0.0444478,0.989677]],[[0.995795,-0.0740803,-0.0538891],[0.0840993,0.972509,0.217147],[0.0363214,-0.220766,0.97465]],[[0.995795,-0.0740803,-0.0538891],[0.0810948,0.986478,0.142425],[0.0426095,-0.146197,0.988337]],[[0.995795,-0.0740803,-0.0538891],[0.0781741,0.993859,0.0783078],[0.0477572,-0.0821912,0.995472]]],"btipPosition":[-45.1502,299.186,-78.9474],"carpPosition":[-31.72,281.494,76.6327],"dipPosition":[-44.3343,297.782,-61.9392],"direction":[-0.0426095,0.146197,-0.988337],"extended":true,"handId":506,"id":5061,"length":58.8075,"mcpPosition":[-41.7439,284.764,3.82262],"pipPosition":[-43.3044,294.248,-38.0507],"stabilizedTipPosition":[-44.4985,299.089,-74.5021],"timeVisible":161.161,"tipPosition":[-44.7225,296.885,-75.1745],"tipVelocity":[-22.9308,-6.65815,-25.465],"tool":false,"touchDistance":-0.324089,"touchZone":"touching","type":1,"width":19.3428},{"bases":[[[0.969558,-0.244731,-0.00795912],[0.244861,0.96903,0.0319939],[-0.000117288,-0.0329689,0.999456]],[[0.968251,-0.242684,-0.0599574],[0.245207,0.875387,0.416619],[-0.0486209,-0.418094,0.907102]],[[0.968251,-0.242684,-0.0599574],[0.247557,0.897557,0.364837],[-0.0347249,-0.368097,0.929139]],[[0.968251,-0.242684,-0.0599574],[0.249007,0.915169,0.316956],[-0.022049,-0.321822,0.946543]]],"btipPosition":[-15.8857,321.325,-83.2484],"carpPosition":[-19.6392,282.357,74.4131],"dipPosition":[-16.3001,315.277,-65.461],"direction":[0.0347249,0.368097,-0.929139],"extended":true,"handId":506,"id":5062,"length":67.0064,"mcpPosition":[-19.6311,284.657,4.68304],"pipPosition":[-17.2875,304.81,-39.0396],"stabilizedTipPosition":[-15.9593,319.968,-79.1284],"timeVisible":161.161,"tipPosition":[-16.1302,317.502,-79.8492],"tipVelocity":[-8.41398,18.2661,-10.2801],"tool":false,"touchDistance":-0.312386,"touchZone":"touching","type":2,"width":18.9972},{"bases":[[[0.937737,-0.319264,0.136817],[0.313377,0.947524,0.0631877],[-0.149811,-0.0163782,0.988579]],[[0.94499,-0.317724,0.0777535],[0.255052,0.864553,0.433009],[-0.204799,-0.389358,0.89803]],[[0.94499,-0.317724,0.0777535],[0.270851,0.893335,0.358598],[-0.183395,-0.317812,0.930248]],[[0.94499,-0.317724,0.0777535],[0.283566,0.914228,0.289442],[-0.163047,-0.251472,0.954032]]],"btipPosition":[19.0953,312.19,-72.1184],"carpPosition":[-7.56604,280.265,73.5247],"dipPosition":[16.0489,307.491,-54.2933],"direction":[0.183395,0.317812,-0.930248],"extended":true,"handId":506,"id":5063,"length":64.4285,"mcpPosition":[1.81811,281.291,11.6001],"pipPosition":[10.9685,298.687,-28.5235],"stabilizedTipPosition":[18.494,311.607,-67.7598],"timeVisible":161.161,"tipPosition":[17.9848,308.808,-68.596],"tipVelocity":[-2.28408,-15.3722,-20.5643],"tool":false,"touchDistance":0.333333,"touchZone":"hovering","type":3,"width":18.077},{"bases":[[[0.84934,-0.471154,0.237981],[0.44094,0.881138,0.170787],[-0.290161,-0.0401213,0.956136]],[[0.855366,-0.470186,0.217426],[0.376623,0.852634,0.362174],[-0.355674,-0.227904,0.906397]],[[0.855366,-0.470186,0.217426],[0.415637,0.873438,0.253678],[-0.309184,-0.126618,0.942536]],[[0.855366,-0.470186,0.217426],[0.444422,0.881714,0.158332],[-0.266153,-0.0388032,0.963149]]],"btipPosition":[43.4721,284.855,-47.7412],"carpPosition":[3.4358,271.325,74.7866],"dipPosition":[38.8844,284.186,-31.1396],"direction":[0.309184,0.126618,-0.942536],"extended":true,"handId":506,"id":5064,"length":50.5107,"mcpPosition":[20.2608,273.651,19.3448],"pipPosition":[32.8372,281.71,-12.7047],"stabilizedTipPosition":[42.2984,284.736,-43.6104],"timeVisible":161.161,"tipPosition":[41.4896,282.535,-44.1977],"tipVelocity":[10.4642,3.08945,-10.702],"tool":false,"touchDistance":-0.313449,"touchZone":"hovering","type":4,"width":16.0574}],"r":[[0.646004,0.0936416,0.757568],[0.761538,-0.147094,-0.631207],[0.0523269,0.98468,-0.166335]],"s":1.40626,"t":[-3.64904,14.2507,22.6385],"timestamp":97975634879},false],[3,{"currentFrameRate":108.345,"devices":[],"gestures":[],"hands":[{"armBasis":[[0.958561,0.0468305,-0.281011],[0.0831404,0.897472,0.433166],[0.272484,-0.438579,0.856388]],"armWidth":63.72,"confidence":0.950351,"direction":[0.0434312,0.167201,-0.984966],"elbow":[60.8633,151.429,313.899],"grabStrength":0,"id":506,"palmNormal":[-0.098747,-0.98035,-0.170772],"palmPosition":[-18.3671,275.437,28.5501],"palmVelocity":[-21.7073,-18.5199,-20.6136],"palmWidth":90.99,"pinchStrength":0,"r":[[0.647311,0.0974319,0.755973],[0.760126,-0.156095,-0.630748],[0.0565486,0.982925,-0.175102]],"s":1.40947,"sphereCenter":[-17.5573,417.811,2.0711],"sphereRadius":142.337,"stabilizedPalmPosition":[-13.7805,277.675,35.1315],"t":[-3.85054,14.0364,22.4792],"timeVisible":161.171,"type":"right","wrist":[-12.7075,269.846,82.6746]}],"id":1815371,"interactionBox":{"center":[0,200,0],"size":[235.247,235.247,147.751]},"pointables":[{"bases":[[[0.496846,0.867355,-0.0289663],[-0.772886,0.457419,0.43979],[0.394704,-0.19612,0.897633]],[[0.413252,0.888792,-0.19817],[-0.778366,0.457717,0.4297],[0.472619,-0.0233256,0.880958]],[[0.413252,0.888792,-0.19817],[-0.908664,0.416726,-0.0258602],[0.0595982,0.190757,0.979827]],[[0.413252,0.888792,-0.19817],[-0.781857,0.457877,0.423141],[0.466822,-0.0199235,0.884127]]],"btipPosition":[-78.8137,256.796,-14.6171],"carpPosition":[-42.2643,261.67,83.4577],"dipPosition":[-67.8883,256.33,6.07462],"direction":[-0.0595982,-0.190757,-0.979827],"extended":false,"handId":506,"id":5060,"length":52.1164,"mcpPosition":[-42.2643,261.67,83.4577],"pipPosition":[-65.8563,262.834,39.4824],"stabilizedTipPosition":[-76.2129,256.822,-9.88871],"timeVisible":161.171,"tipPosition":[-75.6311,258.153,-9.67033],"tipVelocity":[-35.6353,-43.6865,3.81037],"tool":false,"touchDistance":0.058125,"touchZone":"hovering","type":0,"width":20.25},{"bases":[[[0.987343,-0.0751197,-0.139681],[0.0792443,0.996562,0.0241974],[0.137383,-0.03496,0.989901]],[[0.995376,-0.0777816,-0.0563578],[0.0884919,0.970764,0.223131],[0.0373546,-0.227086,0.973158]],[[0.995376,-0.0777816,-0.0563578],[0.0853307,0.985443,0.147039],[0.0441005,-0.151168,0.987524]],[[0.995376,-0.0777816,-0.0563578],[0.0822257,0.993286,0.0813743],[0.04965,-0.0856321,0.995089]]],"btipPosition":[-45.4767,299.229,-79.0388],"carpPosition":[-31.8504,281.784,76.4675],"dipPosition":[-44.6284,297.766,-62.0372],"direction":[-0.0441005,0.151168,-0.987524],"extended":true,"handId":506,"id":5061,"length":58.8075,"mcpPosition":[-41.9576,284.356,3.6409],"pipPosition":[-43.5625,294.112,-38.1683],"stabilizedTipPosition":[-44.6945,299.039,-74.6589],"timeVisible":161.171,"tipPosition":[-45.0688,296.832,-75.2827],"tipVelocity":[-26.1691,-3.90792,-21.1221],"tool":false,"touchDistance":-0.321407,"touchZone":"touching","type":1,"width":19.3428},{"bases":[[[0.968754,-0.247934,-0.00672187],[0.248023,0.968505,0.0219616],[0.00106514,-0.0229426,0.999736]],[[0.967255,-0.246314,-0.0612082],[0.248705,0.871738,0.42216],[-0.0506267,-0.42356,0.904452]],[[0.967255,-0.246314,-0.0612082],[0.251248,0.895093,0.368351],[-0.0359432,-0.371668,0.92767]],[[0.967255,-0.246314,-0.0612082],[0.252809,0.913665,0.318284],[-0.0224741,-0.323336,0.946017]]],"btipPosition":[-15.9595,321.247,-83.2776],"carpPosition":[-19.7698,282.586,74.2242],"dipPosition":[-16.3818,315.171,-65.5],"direction":[0.0359432,0.371668,-0.92767],"extended":true,"handId":506,"id":5062,"length":67.0064,"mcpPosition":[-19.8441,284.186,4.47455],"pipPosition":[-17.4039,304.602,-39.1204],"stabilizedTipPosition":[-16.0346,319.877,-79.1751],"timeVisible":161.171,"tipPosition":[-16.2285,317.424,-79.8953],"tipVelocity":[-8.34239,10.5734,-8.34127],"tool":false,"touchDistance":-0.309952,"touchZone":"touching","type":2,"width":18.9972},{"bases":[[[0.93688,-0.320907,0.138835],[0.316509,0.947092,0.0532834],[-0.148588,-0.00597774,0.988881]],[[0.944222,-0.319939,0.0780026],[0.256044,0.862212,0.437071],[-0.207091,-0.39272,0.896038]],[[0.944222,-0.319939,0.0780026],[0.27273,0.892491,0.359274],[-0.184562,-0.317961,0.929966]],[[0.944222,-0.319939,0.0780026],[0.286145,0.914344,0.286523],[-0.162991,-0.248221,0.954893]]],"btipPosition":[19.0138,311.813,-72.2397],"carpPosition":[-7.70456,280.446,73.3416],"dipPosition":[15.9685,307.175,-54.3985],"direction":[0.184562,0.317961,-0.929966],"extended":true,"handId":506,"id":5063,"length":64.4285,"mcpPosition":[1.603,280.82,11.3981],"pipPosition":[10.8557,298.367,-28.6366],"stabilizedTipPosition":[18.4186,311.248,-67.9169],"timeVisible":161.171,"tipPosition":[17.9108,308.465,-68.7261],"tipVelocity":[-4.10801,-22.0797,-18.3506],"tool":false,"touchDistance":0.333333,"touchZone":"hovering","type":3,"width":18.077},{"bases":[[[0.848124,-0.471489,0.241628],[0.443996,0.881376,0.161383],[-0.289056,-0.0295909,0.956855]],[[0.854914,-0.470628,0.218246],[0.375346,0.85156,0.366007],[-0.358103,-0.230987,0.904659]],[[0.854914,-0.470628,0.218246],[0.415532,0.873095,0.255026],[-0.310572,-0.127337,0.941982]],[[0.854914,-0.470628,0.218246],[0.445233,0.881556,0.156929],[-0.266251,-0.0369902,0.963194]]],"btipPosition":[43.3569,284.495,-47.8186],"carpPosition":[3.27003,271.483,74.6793],"dipPosition":[38.7676,283.857,-31.2162],"direction":[0.310572,0.127337,-0.941982],"extended":true,"handId":506,"id":5064,"length":50.5107,"mcpPosition":[20.031,273.199,19.1958],"pipPosition":[32.6932,281.366,-12.7922],"stabilizedTipPosition":[42.299,284.653,-43.694],"timeVisible":161.171,"tipPosition":[41.4395,282.208,-44.2751],"tipVelocity":[4.01154,-8.51221,-10.037],"tool":false,"touchDistance":-0.311596,"touchZone":"hovering","type":4,"width":16.0574}],"r":[[0.647311,0.0974319,0.755973],[0.760126,-0.156095,-0.630748],[0.0565486,0.982925,-0.175102]],"s":1.40947,"t":[-3.85054,14.0364,22.4792],"timestamp":97975644142},false],[4,{"currentFrameRate":108.23,"devices":[],"gestures":[],"hands":[{"armBasis":[[0.958072,0.0463892,-0.282746],[0.084879,0.896564,0.434705],[0.273665,-0.440478,0.855036]],"armWidth":63.72,"confidence":0.953688,"direction":[0.0423755,0.156892,-0.986706],"elbow":[61.1051,151.281,313.526],"grabStrength":0,"id":506,"palmNormal":[-0.101126,-0.981848,-0.160463],"palmPosition":[-18.5099,275.253,28.4952],"palmVelocity":[-19.8234,-18.7899,-16.3781],"palmWidth":90.99,"pinchStrength":0,"r":[[0.648629,0.10173,0.754276],[0.758714,-0.164925,-0.630201],[0.0602885,0.981046,-0.184159]],"s":1.41288,"sphereCenter":[-18.2743,413.284,0.70903],"sphereRadius":138.215,"stabilizedPalmPosition":[-13.9139,277.607,34.9444],"t":[-4.02271,13.8373,22.3721],"timeVisible":161.18,"type":"right","wrist":[-12.7845,270.21,82.6667]}],"id":1815372,"interactionBox":{"center":[0,200,0],"size":[235.247,235.247,147.751]},"pointables":[{"bases":[[[0.49869,0.865918,-0.0386582],[-0.771254,0.463642,0.436122],[0.395569,-0.187674,0.899057]],[[0.414284,0.885809,-0.20907],[-0.778885,0.463894,0.422067],[0.470858,-0.012014,0.882127]],[[0.414284,0.885809,-0.20907],[-0.90798,0.418089,-0.0278127],[0.0627732,0.201354,0.977505]],[[0.414284,0.885809,-0.20907],[-0.778124,0.463874,0.42349],[0.472114,-0.0127625,0.881445]]],"btipPosition":[-79.0514,256.141,-14.4149],"carpPosition":[-42.3579,262.108,83.5764],"dipPosition":[-68.0023,255.842,6.2141],"direction":[-0.0627732,-0.201354,-0.977505],"extended":false,"handId":506,"id":5060,"length":52.1164,"mcpPosition":[-42.3579,262.108,83.5764],"pipPosition":[-65.862,262.708,39.5427],"stabilizedTipPosition":[-76.4564,256.208,-9.7097],"timeVisible":161.18,"tipPosition":[-75.8836,257.516,-9.49161],"tipVelocity":[-31.7786,-49.8701,8.40737],"tool":false,"touchDistance":0.0612552,"touchZone":"hovering","type":0,"width":20.25},{"bases":[[[0.986975,-0.0787255,-0.140295],[0.0814472,0.996583,0.0137559],[0.138732,-0.0250034,0.990014]],[[0.995017,-0.0805072,-0.0588263],[0.0918629,0.969579,0.226889],[0.0387706,-0.231162,0.972142]],[[0.995017,-0.0805072,-0.0588263],[0.0885016,0.984848,0.149138],[0.0459283,-0.153601,0.987065]],[[0.995017,-0.0805072,-0.0588263],[0.0851759,0.993009,0.0817148],[0.0518365,-0.0863181,0.994918]]],"btipPosition":[-45.7783,299.084,-79.0937],"carpPosition":[-31.9104,282.125,76.3634],"dipPosition":[-44.8927,297.609,-62.0949],"direction":[-0.0459283,0.153601,-0.987065],"extended":true,"handId":506,"id":5061,"length":58.8075,"mcpPosition":[-42.1169,283.965,3.52844],"pipPosition":[-43.7826,293.896,-38.2371],"stabilizedTipPosition":[-44.9349,298.959,-74.8023],"timeVisible":161.18,"tipPosition":[-45.3811,296.658,-75.3473],"tipVelocity":[-27.5565,-7.26626,-16.7604],"tool":false,"touchDistance":-0.318432,"touchZone":"touching","type":1,"width":19.3428},{"bases":[[[0.968201,-0.250112,-0.00552614],[0.250161,0.968135,0.0115716],[0.00245586,-0.0125861,0.999918]],[[0.966484,-0.248986,-0.0625587],[0.251293,0.867655,0.428983],[-0.0525315,-0.430326,0.901144]],[[0.966484,-0.248986,-0.0625587],[0.253987,0.891857,0.374274],[-0.0373958,-0.37762,0.925205]],[[0.966484,-0.248986,-0.0625587],[0.255653,0.911193,0.323062],[-0.0234351,-0.328228,0.944308]]],"btipPosition":[-15.9668,321.404,-83.158],"carpPosition":[-19.8313,282.878,74.0947],"dipPosition":[-16.4072,315.236,-65.4126],"direction":[0.0373958,0.37762,-0.925205],"extended":true,"handId":506,"id":5062,"length":67.0064,"mcpPosition":[-20.0026,283.756,4.33244],"pipPosition":[-17.4706,304.498,-39.1031],"stabilizedTipPosition":[-16.0613,319.963,-79.0966],"timeVisible":161.18,"tipPosition":[-16.2721,317.539,-79.8078],"tipVelocity":[-6.30365,11.6549,-2.55863],"tool":false,"touchDistance":-0.305607,"touchZone":"touching","type":2,"width":18.9972},{"bases":[[[0.936378,-0.321503,0.140824],[0.318646,0.946897,0.0430165],[-0.147176,0.00459315,0.9891]],[[0.943816,-0.32115,0.0779431],[0.255164,0.858059,0.445674],[-0.210008,-0.400746,0.891796]],[[0.943816,-0.32115,0.0779431],[0.272786,0.890223,0.364815],[-0.186547,-0.323056,0.927812]],[[0.943816,-0.32115,0.0779431],[0.286979,0.913433,0.288588],[-0.163876,-0.250006,0.954275]]],"btipPosition":[19.0597,311.94,-72.117],"carpPosition":[-7.77201,280.702,73.2172],"dipPosition":[15.9979,307.269,-54.2873],"direction":[0.186547,0.323056,-0.927812],"extended":true,"handId":506,"id":5063,"length":64.4285,"mcpPosition":[1.44707,280.414,11.26],"pipPosition":[10.8301,298.32,-28.585],"stabilizedTipPosition":[18.3935,311.096,-67.9564],"timeVisible":161.18,"tipPosition":[17.9382,308.537,-68.6465],"tipVelocity":[-1.65781,-12.1363,-9.46505],"tool":false,"touchDistance":0.333333,"touchZone":"hovering","type":3,"width":18.077},{"bases":[[[0.847443,-0.470817,0.245298],[0.446145,0.882026,0.151611],[-0.28774,-0.0190428,0.957519]],[[0.854877,-0.470134,0.219452],[0.374116,0.851634,0.367092],[-0.359475,-0.231718,0.903927]],[[0.854877,-0.470134,0.219452],[0.415352,0.873613,0.253542],[-0.310914,-0.125598,0.942103]],[[0.854877,-0.470134,0.219452],[0.445838,0.881988,0.152728],[-0.265356,-0.0327237,0.963595]]],"btipPosition":[43.2354,284.048,-47.8876],"carpPosition":[3.18498,271.73,74.6322],"dipPosition":[38.6615,283.484,-31.2783],"direction":[0.310914,0.125598,-0.942103],"extended":true,"handId":506,"id":5064,"length":50.5107,"mcpPosition":[19.8697,272.834,19.1102],"pipPosition":[32.5804,281.028,-12.8519],"stabilizedTipPosition":[42.275,284.5,-43.7717],"timeVisible":161.18,"tipPosition":[41.3848,281.822,-44.335],"tipVelocity":[-0.708692,-19.0847,-9.2077],"tool":false,"touchDistance":-0.309781,"touchZone":"hovering","type":4,"width":16.0574}],"r":[[0.648629,0.10173,0.754276],[0.758714,-0.164925,-0.630201],[0.0602885,0.981046,-0.184159]],"s":1.41288,"t":[-4.02271,13.8373,22.3721],"timestamp":97975653589},false],[5,{"currentFrameRate":108.26,"devices":[],"gestures":[],"hands":[{"armBasis":[[0.957707,0.0447541,-0.284242],[0.0874631,0.895813,0.435739],[0.274129,-0.442171,0.854013]],"armWidth":63.72,"confidence":0.95633,"direction":[0.041297,0.148134,-0.988105],"elbow":[61.1712,151.103,313.251],"grabStrength":0,"id":506,"palmNormal":[-0.104229,-0.982914,-0.151712],"palmPosition":[-18.6386,275.075,28.4625],"palmVelocity":[-18.2008,-18.9657,-12.799],"palmWidth":90.99,"pinchStrength":0,"r":[[0.649988,0.106091,0.752503],[0.757263,-0.173523,-0.629636],[0.0637785,0.979099,-0.193127]],"s":1.41618,"sphereCenter":[-18.9234,410.419,-0.25597],"sphereRadius":135.634,"stabilizedPalmPosition":[-14.0675,277.524,34.7336],"t":[-4.17315,13.6485,22.3022],"timeVisible":161.189,"type":"right","wrist":[-12.8437,270.489,82.6672]}],"id":1815373,"interactionBox":{"center":[0,200,0],"size":[235.247,235.247,147.751]},"pointables":[{"bases":[[[0.501144,0.864087,-0.046995],[-0.769224,0.469688,0.433228],[0.39642,-0.18096,0.900058]],[[0.416122,0.882745,-0.218184],[-0.778466,0.469841,0.416221],[0.469929,-0.00335009,0.882698]],[[0.416122,0.882745,-0.218184],[-0.906884,0.420399,-0.0287383],[0.0663556,0.209826,0.975484]],[[0.416122,0.882745,-0.218184],[-0.774244,0.469793,0.424077],[0.476853,-0.00754014,0.878951]]],"btipPosition":[-79.3192,255.671,-14.1995],"carpPosition":[-42.439,262.481,83.693],"dipPosition":[-68.1592,255.494,6.3711],"direction":[-0.0663556,-0.209826,-0.975484],"extended":false,"handId":506,"id":5060,"length":52.1164,"mcpPosition":[-42.439,262.481,83.693],"pipPosition":[-65.8967,262.649,39.6308],"stabilizedTipPosition":[-76.6992,255.734,-9.51165],"timeVisible":161.189,"tipPosition":[-76.1488,257.046,-9.2992],"tipVelocity":[-30.2723,-49.3832,12.2012],"tool":false,"touchDistance":0.0646208,"touchZone":"hovering","type":0,"width":20.25},{"bases":[[[0.986523,-0.0828311,-0.14111],[0.0843649,0.996423,0.0049121],[0.140198,-0.0167506,0.989982]],[[0.994527,-0.0838974,-0.0622677],[0.0962955,0.967278,0.234733],[0.0405366,-0.239445,0.970063]],[[0.994527,-0.0838974,-0.0622677],[0.0927548,0.983297,0.156599],[0.0480893,-0.161518,0.985697]],[[0.994527,-0.0838974,-0.0622677],[0.0892287,0.992076,0.0884524],[0.0543533,-0.0935244,0.994132]]],"btipPosition":[-46.0915,299.426,-79.0297],"carpPosition":[-31.9446,282.405,76.2891],"dipPosition":[-45.1628,297.828,-62.0444],"direction":[-0.0480893,0.161518,-0.985697],"extended":true,"handId":506,"id":5061,"length":58.8075,"mcpPosition":[-42.2589,283.637,3.45659],"pipPosition":[-44.0005,293.924,-38.2197],"stabilizedTipPosition":[-45.2226,298.989,-74.9002],"timeVisible":161.189,"tipPosition":[-45.6935,296.889,-75.3054],"tipVelocity":[-29.0842,4.31128,-10.228],"tool":false,"touchDistance":-0.314009,"touchZone":"touching","type":1,"width":19.3428},{"bases":[[[0.96746,-0.252977,-0.0048186],[0.252991,0.967465,0.00271869],[0.00397406,-0.00384929,0.999985]],[[0.965559,-0.252314,-0.0635092],[0.254471,0.864915,0.432627],[-0.054228,-0.433888,0.899333]],[[0.965559,-0.252314,-0.0635092],[0.257343,0.890153,0.376035],[-0.0383461,-0.379428,0.924426]],[[0.965559,-0.252314,-0.0635092],[0.259109,0.910309,0.322799],[-0.023634,-0.328138,0.944334]]],"btipPosition":[-15.9958,321.24,-83.153],"carpPosition":[-19.8669,283.102,73.9955],"dipPosition":[-16.4399,315.073,-65.407],"direction":[0.0383461,0.379428,-0.924426],"extended":true,"handId":506,"id":5062,"length":67.0064,"mcpPosition":[-20.1442,283.37,4.22856],"pipPosition":[-17.5304,304.284,-39.1197],"stabilizedTipPosition":[-16.0904,319.851,-79.0766],"timeVisible":161.189,"tipPosition":[-16.3201,317.442,-79.7963],"tipVelocity":[-5.45142,3.41751,-1.68715],"tool":false,"touchDistance":-0.303303,"touchZone":"touching","type":2,"width":18.9972},{"bases":[[[0.935658,-0.322993,0.142199],[0.321463,0.946303,0.0342434],[-0.145623,0.0136716,0.989246]],[[0.943086,-0.323203,0.0782782],[0.255747,0.855361,0.450501],[-0.212559,-0.404842,0.889338]],[[0.943086,-0.323203,0.0782782],[0.27425,0.889036,0.366609],[-0.188081,-0.324276,0.927076]],[[0.943086,-0.323203,0.0782782],[0.289144,0.913229,0.287068],[-0.164267,-0.248096,0.954707]]],"btipPosition":[19.0829,311.734,-72.1026],"carpPosition":[-7.81538,280.883,73.1187],"dipPosition":[16.0138,307.098,-54.2648],"direction":[0.188081,0.324276,-0.927076],"extended":true,"handId":506,"id":5063,"length":64.4285,"mcpPosition":[1.30647,280.027,11.1523],"pipPosition":[10.8035,298.115,-28.5829],"stabilizedTipPosition":[18.3871,310.929,-67.9733],"timeVisible":161.189,"tipPosition":[17.9524,308.391,-68.6369],"tipVelocity":[-0.539485,-14.7757,-6.32667],"tool":false,"touchDistance":0.333333,"touchZone":"hovering","type":3,"width":18.077},{"bases":[[[0.846452,-0.471126,0.248112],[0.448942,0.882011,0.143206],[-0.286305,-0.00982905,0.958088]],[[0.854414,-0.470642,0.220165],[0.371569,0.84963,0.374253],[-0.363198,-0.237961,0.900812]],[[0.854414,-0.470642,0.220165],[0.414015,0.872695,0.258836],[-0.313956,-0.130001,0.940495]],[[0.854414,-0.470642,0.220165],[0.445521,0.881633,0.155673],[-0.267371,-0.0349213,0.962961]]],"btipPosition":[43.3107,284.021,-47.805],"carpPosition":[3.11767,271.892,74.5953],"dipPosition":[38.7021,283.419,-31.2066],"direction":[0.313956,0.130001,-0.940495],"extended":true,"handId":506,"id":5064,"length":50.5107,"mcpPosition":[19.7191,272.462,19.0403],"pipPosition":[32.5615,280.876,-12.8116],"stabilizedTipPosition":[42.27,284.375,-43.8155],"timeVisible":161.189,"tipPosition":[41.4626,281.768,-44.276],"tipVelocity":[1.5374,-14.8589,-4.19891],"tool":false,"touchDistance":-0.305934,"touchZone":"hovering","type":4,"width":16.0574}],"r":[[0.649988,0.106091,0.752503],[0.757263,-0.173523,-0.629636],[0.0637785,0.979099,-0.193127]],"s":1.41618,"t":[-4.17315,13.6485,22.3022],"timestamp":97975662772},false],[6,{"currentFrameRate":108.284,"devices":[],"gestures":[],"hands":[{"armBasis":[[0.957398,0.0423899,-0.285643],[0.0904749,0.895331,0.436116],[0.274232,-0.44338,0.853353]],"armWidth":63.72,"confidence":0.959401,"direction":[0.0399698,0.137379,-0.989712],"elbow":[61.099,151.036,313.064],"grabStrength":0,"id":506,"palmNormal":[-0.107803,-0.984129,-0.140957],"palmPosition":[-18.8232,274.772,28.4183],"palmVelocity":[-18.7265,-22.8819,-10.5648],"palmWidth":90.99,"pinchStrength":0,"r":[[0.651435,0.110738,0.750579],[0.755728,-0.182254,-0.629014],[0.0671404,0.976996,-0.202414]],"s":1.4194,"sphereCenter":[-19.513,407.247,-1.5175],"sphereRadius":132.979,"stabilizedPalmPosition":[-14.2538,277.417,34.4861],"t":[-4.34067,13.4026,22.2451],"timeVisible":161.199,"type":"right","wrist":[-12.9437,270.749,82.6586]}],"id":1815374,"interactionBox":{"center":[0,200,0],"size":[235.247,235.247,147.751]},"pointables":[{"bases":[[[0.50395,0.861838,-0.0571797],[-0.766845,0.476903,0.42955],[0.397471,-0.172624,0.901231]],[[0.418509,0.878945,-0.228705],[-0.777102,0.476888,0.41072],[0.470066,0.00583685,0.882612]],[[0.418509,0.878945,-0.228705],[-0.90552,0.423198,-0.0306088],[0.069884,0.219907,0.973015]],[[0.418509,0.878945,-0.228705],[-0.770608,0.476923,0.422738],[0.480638,-0.00067829,0.876919]]],"btipPosition":[-79.6597,255.079,-13.9326],"carpPosition":[-42.5637,262.852,83.8239],"dipPosition":[-68.4111,255.063,6.59047],"direction":[-0.069884,-0.219907,-0.973015],"extended":false,"handId":506,"id":5060,"length":52.1164,"mcpPosition":[-42.5637,262.852,83.8239],"pipPosition":[-66.0283,262.561,39.766],"stabilizedTipPosition":[-77.0063,255.192,-9.26538],"timeVisible":161.199,"tipPosition":[-76.4814,256.463,-9.05612],"tipVelocity":[-31.5442,-52.4598,16.5751],"tool":false,"touchDistance":0.0688875,"touchZone":"hovering","type":0,"width":20.25},{"bases":[[[0.985977,-0.0876674,-0.141997],[0.0877141,0.996128,-0.00594294],[0.141968,-0.00659554,0.989849]],[[0.993946,-0.0879151,-0.0658932],[0.10125,0.965801,0.238697],[0.0426547,-0.243923,0.968856]],[[0.993946,-0.0879151,-0.0658932],[0.0974418,0.982452,0.159038],[0.0507551,-0.164496,0.985071]],[[0.993946,-0.0879151,-0.0658932],[0.0936218,0.991603,0.0892067],[0.0574973,-0.0948357,0.993831]]],"btipPosition":[-46.5025,299.22,-79.0495],"carpPosition":[-32.0163,282.659,76.1875],"dipPosition":[-45.5201,297.6,-62.0693],"direction":[-0.0507551,0.164496,-0.985071],"extended":true,"handId":506,"id":5061,"length":58.8075,"mcpPosition":[-42.4608,283.144,3.36466],"pipPosition":[-44.2934,293.624,-38.2597],"stabilizedTipPosition":[-45.5925,298.94,-74.9858],"timeVisible":161.199,"tipPosition":[-46.0925,296.661,-75.3356],"tipVelocity":[-33.077,-3.30416,-8.00589],"tool":false,"touchDistance":-0.311256,"touchZone":"touching","type":1,"width":19.3428},{"bases":[[[0.966596,-0.256275,-0.00385175],[0.256238,0.96658,-0.0081303],[0.00580661,0.00687175,0.99996]],[[0.964519,-0.256227,-0.0636514],[0.258114,0.864461,0.431376],[-0.055506,-0.432499,0.899924]],[[0.964519,-0.256227,-0.0636514],[0.261211,0.89108,0.371141],[-0.0383778,-0.374599,0.926392]],[[0.964519,-0.256227,-0.0636514],[0.263058,0.912171,0.314235],[-0.0224546,-0.31983,0.947209]]],"btipPosition":[-16.157,320.321,-83.4205],"carpPosition":[-19.9406,283.291,73.8646],"dipPosition":[-16.5789,314.31,-65.6205],"direction":[0.0383778,0.374599,-0.926392],"extended":true,"handId":506,"id":5062,"length":67.0064,"mcpPosition":[-20.3457,282.812,4.09944],"pipPosition":[-17.6703,303.658,-39.2773],"stabilizedTipPosition":[-16.2194,319.131,-79.2737],"timeVisible":161.199,"tipPosition":[-16.4824,316.649,-80.0231],"tipVelocity":[-8.67353,-24.3957,-8.97326],"tool":false,"touchDistance":-0.305132,"touchZone":"touching","type":2,"width":18.9972},{"bases":[[[0.93483,-0.324601,0.143966],[0.324697,0.945526,0.023496],[-0.143751,0.0247807,0.989304]],[[0.942232,-0.325527,0.0789406],[0.255775,0.851389,0.457947],[-0.216283,-0.411301,0.885468]],[[0.942232,-0.325527,0.0789406],[0.275334,0.886903,0.370937],[-0.190763,-0.327774,0.925297]],[[0.942232,-0.325527,0.0789406],[0.291097,0.912372,0.287819],[-0.165716,-0.248213,0.954426]]],"btipPosition":[19.1506,311.565,-72.0075],"carpPosition":[-7.89818,281.023,72.9898],"dipPosition":[16.0543,306.927,-54.175],"direction":[0.190763,0.327774,-0.925297],"extended":true,"handId":506,"id":5063,"length":64.4285,"mcpPosition":[1.10638,279.47,11.0199],"pipPosition":[10.7698,297.847,-28.5425],"stabilizedTipPosition":[18.4083,310.751,-67.9455],"timeVisible":161.199,"tipPosition":[17.9788,308.19,-68.5775],"tipVelocity":[1.47886,-15.7945,-1.70499],"tool":false,"touchDistance":0.333333,"touchZone":"hovering","type":3,"width":18.077},{"bases":[[[0.845324,-0.471288,0.251626],[0.45216,0.881978,0.132912],[-0.284568,0.00142156,0.958655]],[[0.853737,-0.471106,0.221794],[0.370171,0.84868,0.377777],[-0.366205,-0.24042,0.898939]],[[0.853737,-0.471106,0.221794],[0.414138,0.872529,0.259195],[-0.31563,-0.129431,0.940013]],[[0.853737,-0.471106,0.221794],[0.446799,0.881526,0.152585],[-0.267401,-0.0311702,0.963081]]],"btipPosition":[43.2393,283.498,-47.8164],"carpPosition":[3.00737,272.011,74.5432],"dipPosition":[38.6302,282.961,-31.2159],"direction":[0.31563,0.129431,-0.940013],"extended":true,"handId":506,"id":5064,"length":50.5107,"mcpPosition":[19.5081,271.928,18.9554],"pipPosition":[32.4568,280.429,-12.8304],"stabilizedTipPosition":[42.2513,284.168,-43.8532],"timeVisible":161.199,"tipPosition":[41.4175,281.289,-44.2929],"tipVelocity":[-1.06819,-26.1359,