{"sensorType":"Leap","data":[[0,{"currentFrameRate":108.351,"devices":[],"gestures":[],"hands":[{"armBasis":[[0.947511,0.0791028,-0.309783],[0.0843806,0.87269,0.480929],[0.308387,-0.481825,0.820208]],"armWidth":63.72,"confidence":0.704451,"direction":[0.0439277,0.188101,-0.981167],"elbow":[79.1356,143.383,293.468],"grabStrength":0,"id":506,"palmNormal":[-0.102591,-0.976074,-0.191718],"palmPosition":[-9.77528,280.248,18.0204],"palmVelocity":[-1.26291,-33.6567,157.503],"palmWidth":90.99,"pinchStrength":0.685088,"r":[[0.543521,0.274937,0.793092],[0.827134,-0.336331,-0.450256],[0.142949,0.900717,-0.410213]],"s":1.35145,"sphereCenter":[-36.5099,266.675,-9.5014],"sphereRadius":52.7934,"stabilizedPalmPosition":[-11.4891,283.848,-8.72784],"t":[4.53391,18.8811,10.4282],"timeVisible":170.428,"type":"right","wrist":[-4.12905,273.475,72.0113]}],"id":1816357,"interactionBox":{"center":[0,200,0],"size":[235.247,235.247,147.751]},"pointables":[{"bases":[[[0.500215,0.865837,-0.0104918],[-0.77103,0.450892,0.449677],[0.394078,-0.216846,0.89313]],[[0.437628,0.88816,-0.140189],[-0.893276,0.411647,-0.180567],[-0.102664,0.204249,0.973521]],[[0.437628,0.88816,-0.140189],[-0.771098,0.290518,-0.566575],[-0.462482,0.356049,0.811997]],[[0.437628,0.88816,-0.140189],[-0.185844,-0.0631997,-0.980545],[-0.879741,0.455167,0.137401]]],"btipPosition":[7.76511,232.412,-6.87093],"carpPosition":[-33.7173,265.4,72.6261],"dipPosition":[-12.824,243.064,-3.65524],"direction":[0.462482,-0.356049,-0.811997],"extended":false,"handId":506,"id":5060,"length":52.1164,"mcpPosition":[-33.7173,265.4,72.6261],"pipPosition":[-28.5926,255.204,24.0303],"stabilizedTipPosition":[7.31046,240.996,-33.3907],"timeVisible":170.428,"tipPosition":[3.4896,234.78,-5.55657],"tipVelocity":[-29.6616,-45.4323,148.745],"tool":false,"touchDistance":0.276263,"touchZone":"hovering","type":0,"width":20.25},{"bases":[[[0.987021,-0.0759494,-0.141495],[0.0831285,0.995498,0.0455288],[0.137401,-0.0567002,0.988891]],[[0.996423,-0.0837294,0.0114497],[0.066918,0.864484,0.498186],[-0.0516109,-0.495638,0.866994]],[[0.996423,-0.0837294,0.0114497],[0.0740013,0.929917,0.360248],[-0.0408106,-0.358112,0.932786]],[[0.996423,-0.0837294,0.0114497],[0.0790148,0.971109,0.225176],[-0.0299728,-0.223466,0.974251]]],"btipPosition":[-29.619,323.557,-83.1259],"carpPosition":[-23.2263,285.618,66.0661],"dipPosition":[-30.1311,319.739,-66.4803],"direction":[0.0408106,0.358112,-0.932786],"extended":true,"handId":506,"id":5061,"length":58.8075,"mcpPosition":[-33.3348,289.79,-6.68628],"pipPosition":[-31.1175,311.083,-43.9344],"stabilizedTipPosition":[-30.2278,330.609,-102.312],"timeVisible":170.428,"tipPosition":[-29.4473,322.537,-79.3232],"tipVelocity":[-11.473,-85.5845,135.738],"tool":false,"touchDistance":0.279968,"touchZone":"hovering","type":1,"width":19.3428},{"bases":[[[0.96778,-0.251499,-0.0122661],[0.251796,0.96684,0.0426518],[0.00113246,-0.0443661,0.999015]],[[0.96778,-0.2515,-0.0122557],[0.0375405,0.192244,-0.980629],[0.248984,0.948573,0.195491]],[[0.96778,-0.2515,-0.0122557],[-0.240624,-0.909394,-0.339267],[0.0741803,0.331285,-0.94061]],[[0.96778,-0.2515,-0.0122557],[-0.239446,-0.934271,0.264202],[-0.0778969,-0.252755,-0.96439]]],"btipPosition":[-23.8687,239.124,29.5859],"carpPosition":[-11.143,286.421,63.8375],"dipPosition":[-25.3326,234.374,11.4631],"direction":[-0.0741803,-0.331285,0.94061],"extended":false,"handId":506,"id":5062,"length":67.0064,"mcpPosition":[-11.222,289.517,-5.86175],"pipPosition":[-23.2232,243.795,-15.2845],"stabilizedTipPosition":[-23.1727,239.75,-8.35795],"timeVisible":170.428,"tipPosition":[-24.2548,237.875,25.0421],"tipVelocity":[-3.03966,-26.7461,188.206],"tool":false,"touchDistance":0.333333,"touchZone":"none","type":2,"width":18.9972},{"bases":[[[0.935645,-0.327451,0.131701],[0.320204,0.944494,0.0734911],[-0.148455,-0.0265905,0.988562]],[[0.93526,-0.327518,0.13424],[0.188823,0.140866,-0.971855],[0.299391,0.934285,0.19359]],[[0.93526,-0.327518,0.13424],[-0.267986,-0.902953,-0.335945],[0.231241,0.278222,-0.932266]],[[0.93526,-0.327518,0.13424],[-0.351821,-0.901802,0.25095],[0.0388672,-0.281932,-0.958647]]],"btipPosition":[-10.2958,241.736,36.0704],"carpPosition":[0.913669,284.254,62.9064],"dipPosition":[-9.56958,236.468,18.159],"direction":[-0.231241,-0.278222,0.932266],"extended":false,"handId":506,"id":5063,"length":64.4285,"mcpPosition":[10.2129,285.919,0.982874],"pipPosition":[-3.16374,244.176,-7.66664],"stabilizedTipPosition":[-10.0715,243.379,-1.66296],"timeVisible":170.428,"tipPosition":[-10.1638,240.461,31.7371],"tipVelocity":[-3.40072,-27.9323,176.457],"tool":false,"touchDistance":0.333333,"touchZone":"none","type":3,"width":18.077},{"bases":[[[0.846319,-0.479854,0.231265],[0.44745,0.875981,0.180127],[-0.289019,-0.0489653,0.95607]],[[0.855183,-0.47803,0.200373],[0.305827,0.153238,-0.939675],[0.418488,0.864873,0.27724]],[[0.855183,-0.47803,0.200373],[-0.368248,-0.832386,-0.414158],[0.364768,0.280394,-0.887876]],[[0.855183,-0.47803,0.200373],[-0.509346,-0.846681,0.153941],[0.0960639,-0.233707,-0.96755]]],"btipPosition":[5.02467,246.024,32.8514],"carpPosition":[11.8535,275.222,64.0491],"dipPosition":[6.6805,241.996,16.1739],"direction":[-0.364768,-0.280394,0.887876],"extended":false,"handId":506,"id":5064,"length":50.5107,"mcpPosition":[28.6123,278.061,8.61113],"pipPosition":[13.8149,247.48,-1.19187],"stabilizedTipPosition":[4.56642,250.269,-2.32346],"timeVisible":170.428,"tipPosition":[5.22607,245.093,28.6595],"tipVelocity":[0.737454,-30.7606,176.698],"tool":false,"touchDistance":0.333333,"touchZone":"none","type":4,"width":16.0574}],"r":[[0.543521,0.274937,0.793092],[0.827134,-0.336331,-0.450256],[0.142949,0.900717,-0.410213]],"s":1.35145,"t":[4.53391,18.8811,10.4282],"timestamp":97984901472},false],[1,{"currentFrameRate":108.228,"devices":[],"gestures":[],"hands":[{"armBasis":[[0.946581,0.085682,-0.310873],[0.0792837,0.87262,0.481921],[0.312566,-0.480825,0.819213]],"armWidth":63.72,"confidence":0.694783,"direction":[0.0456988,0.186651,-0.981363],"elbow":[80.2185,143.39,293.929],"grabStrength":0,"id":506,"palmNormal":[-0.0980026,-0.976812,-0.19035],"palmPosition":[-9.70811,279.872,18.7252],"palmVelocity":[1.13224,-35.4001,133.726],"palmWidth":90.99,"pinchStrength":0.678132,"r":[[0.54399,0.278437,0.791547],[0.826875,-0.338268,-0.44928],[0.142659,0.898915,-0.414247]],"s":1.35177,"sphereCenter":[-36.5541,266.183,-8.86495],"sphereRadius":52.9113,"stabilizedPalmPosition":[-11.4885,283.846,-8.71781],"t":[4.57042,18.5688,11.4616],"timeVisible":170.438,"type":"right","wrist":[-4.17442,273.213,72.742]}],"id":1816358,"interactionBox":{"center":[0,200,0],"size":[235.247,235.247,147.751]},"pointables":[{"bases":[[[0.496611,0.867908,-0.01064],[-0.774081,0.448403,0.446914],[0.392651,-0.213706,0.894514]],[[0.434531,0.889704,-0.140036],[-0.894182,0.407549,-0.18532],[-0.107808,0.205745,0.972649]],[[0.434531,0.889704,-0.140036],[-0.772614,0.288315,-0.565635],[-0.462873,0.353979,0.812679]],[[0.434531,0.889704,-0.140036],[-0.192303,-0.0602467,-0.979485],[-0.879888,0.452545,0.144913]]],"btipPosition":[8.02586,232.084,-6.35931],"carpPosition":[-33.7301,265.014,73.2933],"dipPosition":[-12.5667,242.675,-2.96782],"direction":[0.462873,-0.353979,-0.812679],"extended":false,"handId":506,"id":5060,"length":52.1164,"mcpPosition":[-33.7301,265.014,73.2933],"pipPosition":[-28.3486,254.744,24.741],"stabilizedTipPosition":[7.30716,240.991,-33.3679],"timeVisible":170.438,"tipPosition":[3.72837,234.444,-4.95277],"tipVelocity":[-13.2957,-42.7806,122.851],"tool":false,"touchDistance":0.285464,"touchZone":"hovering","type":0,"width":20.25},{"bases":[[[0.987696,-0.0720469,-0.1388],[0.0788405,0.995912,0.0440783],[0.135057,-0.054479,0.989339]],[[0.996732,-0.0795326,0.0141725],[0.0620325,0.865872,0.496405],[-0.051752,-0.493903,0.867975]],[[0.996732,-0.0795326,0.0141725],[0.0692292,0.931321,0.357558],[-0.0416367,-0.355408,0.933783]],[[0.996732,-0.0795326,0.0141725],[0.0744299,0.972281,0.221654],[-0.0314084,-0.219874,0.975022]]],"btipPosition":[-29.4765,322.84,-82.5776],"carpPosition":[-23.3068,285.266,66.7267],"dipPosition":[-30.0131,319.083,-65.9188],"direction":[0.0416367,0.355408,-0.933783],"extended":true,"handId":506,"id":5061,"length":58.8075,"mcpPosition":[-33.2429,289.274,-6.05857],"pipPosition":[-31.0195,310.493,-43.3489],"stabilizedTipPosition":[-30.2212,330.517,-102.063],"timeVisible":170.438,"tipPosition":[-29.3194,321.872,-78.7575],"tipVelocity":[-4.04358,-82.3551,113.547],"tool":false,"touchDistance":0.289156,"touchZone":"hovering","type":1,"width":19.3428},{"bases":[[[0.968853,-0.247461,-0.00932735],[0.247633,0.967957,0.041688],[-0.00128767,-0.0426993,0.999087]],[[0.968853,-0.247459,-0.00937811],[0.039274,0.190937,-0.980816],[0.244502,0.949899,0.194708]],[[0.968853,-0.247459,-0.00937811],[-0.235934,-0.910904,-0.338509],[0.0752244,0.330178,-0.940917]],[[0.968853,-0.247459,-0.00937811],[-0.236209,-0.934852,0.265062],[-0.0743589,-0.25459,-0.964186]]],"btipPosition":[-23.6582,238.704,30.3142],"carpPosition":[-11.2212,286.116,64.5282],"dipPosition":[-25.0556,233.92,12.1952],"direction":[-0.0752244,-0.330178,0.940917],"extended":false,"handId":506,"id":5062,"length":67.0064,"mcpPosition":[-11.1314,289.095,-5.17607],"pipPosition":[-22.9165,243.309,-14.5611],"stabilizedTipPosition":[-23.1728,239.749,-8.35482],"timeVisible":170.438,"tipPosition":[-24.027,237.45,25.7802],"tipVelocity":[4.66728,-32.0353,156.371],"tool":false,"touchDistance":0.333333,"touchZone":"none","type":2,"width":18.9972},{"bases":[[[0.936661,-0.323307,0.134682],[0.316053,0.945949,0.0727425],[-0.150921,-0.0255682,0.988215]],[[0.936261,-0.323373,0.13728],[0.190732,0.139737,-0.971645],[0.295021,0.935897,0.192508]],[[0.936261,-0.323373,0.13728],[-0.263373,-0.904705,-0.334877],[0.232488,0.277377,-0.932208]],[[0.936261,-0.323373,0.13728],[-0.34872,-0.902803,0.251676],[0.0425516,-0.283507,-0.958026]]],"btipPosition":[-10.1163,241.396,36.8529],"carpPosition":[0.846853,283.997,63.6321],"dipPosition":[-9.32129,236.099,18.9532],"direction":[-0.232488,-0.277377,0.932208],"extended":false,"handId":506,"id":5063,"length":64.4285,"mcpPosition":[10.3005,285.599,1.73031],"pipPosition":[-2.88089,243.783,-6.87086],"stabilizedTipPosition":[-10.0715,243.379,-1.66162],"timeVisible":170.438,"tipPosition":[-9.96637,240.112,32.5202],"tipVelocity":[3.48515,-30.4249,149.684],"tool":false,"touchDistance":0.333333,"touchZone":"none","type":3,"width":18.077},{"bases":[[[0.847715,-0.475917,0.234269],[0.443307,0.878147,0.179824],[-0.291304,-0.048586,0.955396]],[[0.856969,-0.47403,0.202236],[0.306296,0.152881,-0.93958],[0.414471,0.867135,0.276208]],[[0.856969,-0.47403,0.202236],[-0.364205,-0.834676,-0.413123],[0.364634,0.280379,-0.887936]],[[0.856969,-0.47403,0.202236],[-0.505895,-0.848634,0.154565],[0.0983556,-0.234768,-0.967063]]],"btipPosition":[5.23021,245.732,33.6891],"carpPosition":[11.8214,275.013,64.8184],"dipPosition":[6.92555,241.685,17.02],"direction":[-0.364634,-0.280379,0.887936],"extended":false,"handId":506,"id":5064,"length":50.5107,"mcpPosition":[28.7127,277.83,9.41955],"pipPosition":[14.0574,247.169,-0.346933],"stabilizedTipPosition":[4.5665,250.268,-2.32114],"timeVisible":170.438,"tipPosition":[5.43619,244.796,29.4955],"tipVelocity":[7.0237,-30.9217,151.503],"tool":false,"touchDistance":0.333333,"touchZone":"none","type":4,"width":16.0574}],"r":[[0.54399,0.278437,0.791547],[0.826875,-0.338268,-0.44928],[0.142659,0.898915,-0.414247]],"s":1.35177,"t":[4.57042,18.5688,11.4616],"timestamp":97984910934},false],[2,{"currentFrameRate":108.306,"devices":[],"gestures":[],"hands":[{"armBasis":[[0.945605,0.0877761,-0.313253],[0.0781108,0.873483,0.480548],[0.315801,-0.478877,0.819113]],"armWidth":63.72,"confidence":0.697939,"direction":[0.0475609,0.184212,-0.981735],"elbow":[80.9278,143.617,294.538],"grabStrength":0,"id":506,"palmNormal":[-0.0974287,-0.977305,-0.188101],"palmPosition":[-9.76902,279.437,19.3337],"palmVelocity":[-1.03691,-38.8511,115.23],"palmWidth":90.99,"pinchStrength":0.65244,"r":[[0.544047,0.281651,0.790371],[0.826857,-0.340002,-0.448002],[0.142548,0.897258,-0.417862]],"s":1.35208,"sphereCenter":[-37.1707,265.859,-8.30402],"sphereRadius":53.1536,"stabilizedPalmPosition":[-11.4879,283.845,-8.70869],"t":[4.55821,18.1951,12.2825],"timeVisible":170.447,"type":"right","wrist":[-4.3386,272.914,73.3775]}],"id":1816359,"interactionBox":{"center":[0,200,0],"size":[235.247,235.247,147.751]},"pointables":[{"bases":[[[0.496449,0.867985,-0.0118442],[-0.77504,0.449351,0.444294],[0.390962,-0.211389,0.895803]],[[0.43255,0.889811,-0.145386],[-0.895624,0.405504,-0.182825],[-0.103726,0.209292,0.972336]],[[0.43255,0.889811,-0.145386],[-0.782899,0.290705,-0.550055],[-0.447181,0.351749,0.822376]],[[0.43255,0.889811,-0.145386],[-0.221829,-0.0512643,-0.973737],[-0.873895,0.453441,0.175212]]],"btipPosition":[6.9833,231.658,-6.78461],"carpPosition":[-33.8936,264.71,73.8921],"dipPosition":[-13.469,242.27,-2.68402],"direction":[0.447181,-0.351749,-0.822376],"extended":false,"handId":506,"id":5060,"length":52.1164,"mcpPosition":[-33.8936,264.71,73.8921],"pipPosition":[-28.7159,254.263,25.3554],"stabilizedTipPosition":[7.30121,240.983,-33.3353],"timeVisible":170.447,"tipPosition":[2.95032,234.021,-4.96199],"tipVelocity":[-40.3899,-43.7644,80.8422],"tool":false,"touchDistance":0.281094,"touchZone":"hovering","type":0,"width":20.25},{"bases":[[[0.987978,-0.0721811,-0.136706],[0.078546,0.996036,0.0417452],[0.133151,-0.0519811,0.989732]],[[0.996723,-0.0792748,0.0160962],[0.0610537,0.86777,0.493202],[-0.0530663,-0.490603,0.869766]],[[0.996723,-0.0792748,0.0160962],[0.0685547,0.933437,0.352131],[-0.0429399,-0.349873,0.935812]],[[0.996723,-0.0792748,0.0160962],[0.0740091,0.973996,0.214135],[-0.0326532,-0.212242,0.976671]]],"btipPosition":[-29.3821,321.932,-82.1922],"carpPosition":[-23.4618,284.947,67.2952],"dipPosition":[-29.94,318.306,-65.5052],"direction":[0.0429399,0.349873,-0.935812],"extended":true,"handId":506,"id":5061,"length":58.8075,"mcpPosition":[-33.2577,288.772,-5.51898],"pipPosition":[-30.9778,309.849,-42.8862],"stabilizedTipPosition":[-30.2128,330.406,-101.782],"timeVisible":170.447,"tipPosition":[-29.2371,321.073,-78.3347],"tipVelocity":[-0.19679,-86.2942,94.0413],"tool":false,"touchDistance":0.295688,"touchZone":"hovering","type":1,"width":19.3428},{"bases":[[[0.968921,-0.247275,-0.00683315],[0.247349,0.968111,0.0397516],[-0.00321435,-0.0402063,0.999186]],[[0.968921,-0.247272,-0.0069321],[0.0412874,0.189286,-0.981054],[0.243899,0.950278,0.193612]],[[0.968921,-0.247272,-0.0069321],[-0.23504,-0.911533,-0.337436],[0.0771195,0.328578,-0.941323]],[[0.968921,-0.247272,-0.0069321],[-0.236546,-0.934365,0.266475],[-0.0723687,-0.256553,-0.963817]]],"btipPosition":[-23.737,238.273,30.9545],"carpPosition":[-11.3722,285.794,65.118],"dipPosition":[-25.0969,233.452,12.8424],"direction":[-0.0771195,-0.328578,0.941323],"extended":false,"handId":506,"id":5062,"length":67.0064,"mcpPosition":[-11.1479,288.599,-4.59321],"pipPosition":[-22.9039,242.796,-13.9254],"stabilizedTipPosition":[-23.1728,239.749,-8.35219],"timeVisible":170.447,"tipPosition":[-24.0935,237.022,26.4508],"tipVelocity":[1.23807,-36.551,132.62],"tool":false,"touchDistance":0.333333,"touchZone":"none","type":2,"width":18.9972},{"bases":[[[0.936466,-0.322769,0.137303],[0.315713,0.946195,0.0709934],[-0.15283,-0.0231346,0.987982]],[[0.936043,-0.322831,0.140014],[0.191974,0.135034,-0.972066],[0.294907,0.936774,0.188373]],[[0.936043,-0.322831,0.140014],[-0.263042,-0.906234,-0.330981],[0.233737,0.272983,-0.933192]],[[0.936043,-0.322831,0.140014],[-0.349112,-0.901852,0.254529],[0.0441023,-0.28713,-0.956876]]],"btipPosition":[-10.204,241.073,37.6765],"carpPosition":[0.69805,283.676,64.2505],"dipPosition":[-9.37998,235.708,19.7983],"direction":[-0.233737,-0.272983,0.933192],"extended":false,"handId":506,"id":5063,"length":64.4285,"mcpPosition":[10.2713,285.125,2.36338],"pipPosition":[-2.90501,243.271,-6.05304],"stabilizedTipPosition":[-10.0715,243.378,-1.66048],"timeVisible":170.447,"tipPosition":[-10.0445,239.754,33.3136],"tipVelocity":[0.0523562,-32.3132,133.471],"tool":false,"touchDistance":0.333333,"touchZone":"none","type":3,"width":18.077},{"bases":[[[0.847359,-0.475149,0.237098],[0.442774,0.878688,0.17849],[-0.293144,-0.0462643,0.954948]],[[0.857039,-0.473254,0.203752],[0.306627,0.150655,-0.939832],[0.414082,0.867948,0.274229]],[[0.857039,-0.473254,0.203752],[-0.363718,-0.83577,-0.411336],[0.364956,0.278422,-0.888419]],[[0.857039,-0.473254,0.203752],[-0.505641,-0.848521,0.156013],[0.0990543,-0.236735,-0.966512]]],"btipPosition":[5.18306,245.325,34.4471],"carpPosition":[11.6721,274.698,65.4805],"dipPosition":[6.89044,241.245,17.7875],"direction":[-0.364956,-0.278422,0.888419],"extended":false,"handId":506,"id":5064,"length":50.5107,"mcpPosition":[28.6702,277.38,10.1076],"pipPosition":[14.0286,246.69,0.411102],"stabilizedTipPosition":[4.56656,250.268,-2.31917],"timeVisible":170.447,"tipPosition":[5.3865,244.385,30.2529],"tipVelocity":[3.72667,-34.9837,132.703],"tool":false,"touchDistance":0.333333,"touchZone":"none","type":4,"width":16.0574}],"r":[[0.544047,0.281651,0.790371],[0.826857,-0.340002,-0.448002],[0.142548,0.897258,-0.417862]],"s":1.35208,"t":[4.55821,18.1951,12.2825],"timestamp":97984920025},false],[3,{"currentFrameRate":108.346,"devices":[],"gestures":[],"hands":[{"armBasis":[[0.946678,0.0864375,-0.31037],[0.0779067,0.873335,0.480851],[0.31262,-0.479391,0.820033]],"armWidth":63.72,"confidence":0.703138,"direction":[0.0475306,0.182359,-0.982082],"elbow":[79.9773,142.896,296.255],"grabStrength":0,"id":506,"palmNormal":[-0.0973808,-0.977664,-0.186252],"palmPosition":[-9.86198,278.752,20.7907],"palmVelocity":[-3.57669,-48.8529,127.452],"palmWidth":90.99,"pinchStrength":0.642242,"r":[[0.544092,0.284522,0.78931],[0.826845,-0.341546,-0.446849],[0.142447,0.895764,-0.421088]],"s":1.3524,"sphereCenter":[-37.6575,265.225,-6.84503],"sphereRadius":53.3385,"stabilizedPalmPosition":[-11.4874,283.843,-8.69894],"t":[4.50562,17.6659,13.4215],"timeVisible":170.456,"type":"right","wrist":[-4.43009,272.332,74.8466]}],"id":1816360,"interactionBox":{"center":[0,200,0],"size":[235.247,235.247,147.751]},"pointables":[{"bases":[[[0.496403,0.867988,-0.0134943],[-0.775054,0.450148,0.44346],[0.390992,-0.209676,0.896192]],[[0.432289,0.889593,-0.14748],[-0.895734,0.404792,-0.183859],[-0.103861,0.211583,0.971826]],[[0.432289,0.889593,-0.14748],[-0.787261,0.292576,-0.542789],[-0.439712,0.350747,0.826819]],[[0.432289,0.889593,-0.14748],[-0.234293,-0.0471271,-0.971023],[-0.870766,0.454316,0.188053]]],"btipPosition":[6.57116,230.974,-5.72595],"carpPosition":[-33.9847,264.128,75.3773],"dipPosition":[-13.8079,241.607,-1.32485],"direction":[0.439712,-0.350747,-0.826819],"extended":false,"handId":506,"id":5060,"length":52.1164,"mcpPosition":[-33.9847,264.128,75.3773],"pipPosition":[-28.8002,253.566,26.866],"stabilizedTipPosition":[7.29257,240.971,-33.2896],"timeVisible":170.456,"tipPosition":[2.57293,233.338,-3.79194],"tipVelocity":[-41.163,-52.2187,92.6305],"tool":false,"touchDistance":0.29989,"touchZone":"hovering","type":0,"width":20.25},{"bases":[[[0.987979,-0.0723868,-0.13659],[0.078494,0.996117,0.0398618],[0.133175,-0.0501042,0.989825]],[[0.996731,-0.0791845,0.0160447],[0.0611205,0.868886,0.491224],[-0.0528384,-0.488638,0.870885]],[[0.996731,-0.0791845,0.0160447],[0.0686407,0.934685,0.348788],[-0.0426154,-0.346547,0.937064]],[[0.996731,-0.0791845,0.0160447],[0.0740858,0.975,0.209492],[-0.0322321,-0.207619,0.977679]]],"btipPosition":[-29.5009,320.955,-80.8479],"carpPosition":[-23.5541,284.353,68.7419],"dipPosition":[-30.0516,317.408,-64.1437],"direction":[0.0426154,0.346547,-0.937064],"extended":true,"handId":506,"id":5061,"length":58.8075,"mcpPosition":[-33.3517,288.039,-4.07912],"pipPosition":[-31.0816,309.032,-41.4944],"stabilizedTipPosition":[-30.2052,330.273,-101.46],"timeVisible":170.456,"tipPosition":[-29.3595,320.149,-76.975],"tipVelocity":[-3.70678,-91.4091,108.861],"tool":false,"touchDistance":0.318159,"touchZone":"hovering","type":1,"width":19.3428},{"bases":[[[0.968934,-0.247237,-0.00638631],[0.247298,0.968197,0.0379174],[-0.00319137,-0.0383188,0.99926]],[[0.968934,-0.247233,-0.00648297],[0.0412405,0.187361,-0.981425],[0.243855,0.950669,0.191737]],[[0.968934,-0.247233,-0.00648297],[-0.235004,-0.912208,-0.335633],[0.0770657,0.32673,-0.94197]],[[0.968934,-0.247233,-0.00648297],[-0.236488,-0.933858,0.268296],[-0.0723857,-0.258428,-0.963315]]],"btipPosition":[-23.827,237.612,32.4936],"carpPosition":[-11.4645,285.196,66.5629],"dipPosition":[-25.1872,232.756,14.391],"direction":[-0.0770657,-0.32673,0.94197],"extended":false,"handId":506,"id":5062,"length":67.0064,"mcpPosition":[-11.2418,287.87,-3.15348],"pipPosition":[-22.9958,242.047,-12.3953],"stabilizedTipPosition":[-23.1729,239.749,-8.34954],"timeVisible":170.456,"tipPosition":[-24.1834,236.353,27.9937],"tipVelocity":[-1.84769,-46.7211,142.562],"tool":false,"touchDistance":0.333333,"touchZone":"none","type":2,"width":18.9972},{"bases":[[[0.936486,-0.322459,0.137893],[0.315665,0.946344,0.0691992],[-0.152808,-0.0212762,0.988027]],[[0.936048,-0.322518,0.140698],[0.191701,0.132117,-0.97252],[0.295067,0.937298,0.185495]],[[0.936048,-0.322518,0.140698],[-0.263237,-0.907181,-0.32822],[0.233495,0.270193,-0.934064]],[[0.936048,-0.322518,0.140698],[-0.349118,-0.901179,0.256892],[0.0439413,-0.289584,-0.956144]]],"btipPosition":[-10.2951,240.457,39.2614],"carpPosition":[0.605798,283.077,65.6992],"dipPosition":[-9.4741,235.047,21.3968],"direction":[-0.233495,-0.270193,0.934064],"extended":false,"handId":506,"id":5063,"length":64.4285,"mcpPosition":[10.1777,284.41,3.8092],"pipPosition":[-3.00581,242.532,-4.47864],"stabilizedTipPosition":[-10.0715,243.378,-1.65932],"timeVisible":170.456,"tipPosition":[-10.1346,239.119,34.8895],"tipVelocity":[-2.75545,-42.3661,144.598],"tool":false,"touchDistance":0.333333,"touchZone":"none","type":3,"width":18.077},{"bases":[[[0.847389,-0.474656,0.237977],[0.442731,0.879047,0.17682],[-0.293122,-0.0444757,0.95504]],[[0.857365,-0.472753,0.203541],[0.305585,0.149318,-0.940384],[0.414177,0.868452,0.272486]],[[0.857365,-0.472753,0.203541],[-0.363913,-0.836426,-0.409827],[0.363995,0.2773,-0.889164]],[[0.857365,-0.472753,0.203541],[-0.505253,-0.848463,0.157576],[0.0982027,-0.23794,-0.966303]]],"btipPosition":[5.12015,244.65,35.9797],"carpPosition":[11.5804,274.101,66.9459],"dipPosition":[6.81285,240.549,19.3238],"direction":[-0.363995,-0.2773,0.889164],"extended":false,"handId":506,"id":5064,"length":50.5107,"mcpPosition":[28.5771,276.68,11.5677],"pipPosition":[13.9321,245.973,1.93279],"stabilizedTipPosition":[4.56661,250.268,-2.31717],"timeVisible":170.456,"tipPosition":[5.31561,243.712,31.7914],"tipVelocity":[0.671067,-45.9188,142.385],"tool":false,"touchDistance":0.333333,"touchZone":"none","type":4,"width":16.0574}],"r":[[0.544092,0.284522,0.78931],[0.826845,-0.341546,-0.446849],[0.142447,0.895764,-0.421088]],"s":1.3524,"t":[4.50562,17.6659,13.4215],"timestamp":97984929183},false],[4,{"currentFrameRate":108.324,"devices":[],"gestures":[],"hands":[{"armBasis":[[0.947372,0.0853185,-0.308555],[0.0779963,0.873275,0.480945],[0.310487,-0.4797,0.820662]],"armWidth":63.72,"confidence":0.703727,"direction":[0.0470338,0.180706,-0.982412],"elbow":[79.4364,142.474,297.351],"grabStrength":0,"id":506,"palmNormal":[-0.0974577,-0.977978,-0.184556],"palmPosition":[-9.85422,278.323,21.7083],"palmVelocity":[-2.33383,-48.1418,119.433],"palmWidth":90.99,"pinchStrength":0.635943,"r":[[0.544207,0.287083,0.788303],[0.826791,-0.342925,-0.445891],[0.142321,0.894419,-0.42398]],"s":1.35277,"sphereCenter":[-37.9256,264.8,-5.89766],"sphereRadius":53.4665,"stabilizedPalmPosition":[-11.4868,283.841,-8.68841],"t":[4.48321,17.1866,14.4498],"timeVisible":170.465,"type":"right","wrist":[-4.39505,271.993,75.7722]}],"id":1816361,"interactionBox":{"center":[0,200,0],"size":[235.247,235.247,147.751]},"pointables":[{"bases":[[[0.496381,0.867972,-0.0152058],[-0.774839,0.450882,0.443091],[0.391446,-0.20816,0.896348]],[[0.432259,0.889341,-0.149082],[-0.895758,0.40445,-0.184494],[-0.103782,0.213291,0.971461]],[[0.432259,0.889341,-0.149082],[-0.789994,0.293759,-0.538159],[-0.434813,0.350398,0.829554]],[[0.432259,0.889341,-0.149082],[-0.241927,-0.0448913,-0.969255],[-0.868691,0.455036,0.195751]]],"btipPosition":[6.38702,230.546,-5.02692],"carpPosition":[-33.9492,263.79,76.3315],"dipPosition":[-13.9435,241.196,-0.445646],"direction":[0.434813,-0.350398,-0.829554],"extended":false,"handId":506,"id":5060,"length":52.1164,"mcpPosition":[-33.9492,263.79,76.3315],"pipPosition":[-28.7687,253.143,27.8385],"stabilizedTipPosition":[7.28158,240.955,-33.2319],"timeVisible":170.465,"tipPosition":[2.4002,232.906,-3.03734],"tipVelocity":[-34.8262,-50.4006,89.0376],"tool":false,"touchDistance":0.312231,"touchZone":"hovering","type":0,"width":20.25},{"bases":[[[0.987912,-0.0726008,-0.136965],[0.0784971,0.996184,0.0381445],[0.133673,-0.0484347,0.989841]],[[0.996746,-0.0791303,0.015383],[0.0615201,0.870017,0.489167],[-0.0520915,-0.486629,0.872054]],[[0.996746,-0.0791303,0.015383],[0.0689959,0.936125,0.344833],[-0.0416871,-0.342649,0.938538]],[[0.996746,-0.0791303,0.015383],[0.0743553,0.976201,0.203722],[-0.0311375,-0.201915,0.978908]]],"btipPosition":[-29.579,320.206,-80.041],"carpPosition":[-23.5223,284.004,69.6569],"dipPosition":[-30.111,316.756,-63.3157],"direction":[0.0416871,0.342649,-0.938538],"extended":true,"handId":506,"id":5061,"length":58.8075,"mcpPosition":[-33.3566,287.567,-3.16536],"pipPosition":[-31.1186,308.474,-40.6309],"stabilizedTipPosition":[-30.1981,330.119,-101.103],"timeVisible":170.465,"tipPosition":[-29.4362,319.471,-76.1464],"tipVelocity":[-4.90498,-87.7605,102.862],"tool":false,"touchDistance":0.331688,"touchZone":"hovering","type":1,"width":19.3428},{"bases":[[[0.968935,-0.247231,-0.00645699],[0.247301,0.968264,0.0361623],[-0.00268838,-0.0366357,0.999325]],[[0.968935,-0.247228,-0.00655414],[0.0406535,0.185358,-0.98183],[0.24395,0.951063,0.189651]],[[0.968935,-0.247228,-0.00655414],[-0.235183,-0.912885,-0.33366],[0.0765068,0.324836,-0.942671]],[[0.968935,-0.247228,-0.00655414],[-0.236323,-0.93336,0.270168],[-0.0729104,-0.260226,-0.962791]]],"btipPosition":[-23.8102,237.211,33.5071],"carpPosition":[-11.4338,284.844,67.4704],"dipPosition":[-25.1804,232.321,15.4144],"direction":[-0.0765068,-0.324836,0.942671],"extended":false,"handId":506,"id":5062,"length":67.0064,"mcpPosition":[-11.2463,287.4,-2.25056],"pipPosition":[-23.0048,241.558,-11.3918],"stabilizedTipPosition":[-23.173,239.749,-8.34682],"timeVisible":170.465,"tipPosition":[-24.169,235.943,29.009],"tipVelocity":[-0.8881,-45.9872,133.272],"tool":false,"touchDistance":0.333333,"touchZone":"none","type":2,"width":18.9972},{"bases":[[[0.93656,-0.322211,0.137965],[0.315683,0.946464,0.0674464],[-0.152311,-0.0196145,0.988138]],[[0.936106,-0.322268,0.140883],[0.190213,0.126942,-0.973501],[0.295844,0.938099,0.180131]],[[0.936106,-0.322268,0.140883],[-0.264196,-0.908708,-0.323187],[0.232175,0.265317,-0.935789]],[[0.936106,-0.322268,0.140883],[-0.349102,-0.900105,0.260649],[0.0428109,-0.293178,-0.955099]]],"btipPosition":[-10.273,240.166,40.4273],"carpPosition":[0.636063,282.723,66.6041],"dipPosition":[-9.4731,234.688,22.5822],"direction":[-0.232175,-0.265317,0.935789],"extended":false,"handId":506,"id":5063,"length":64.4285,"mcpPosition":[10.1768,283.952,4.70717],"pipPosition":[-3.0414,242.038,-3.34101],"stabilizedTipPosition":[-10.0715,243.378,-1.65817],"timeVisible":170.465,"tipPosition":[-10.1156,238.783,36.007],"tipVelocity":[-1.45538,-39.7545,139.43],"tool":false,"touchDistance":0.333333,"touchZone":"none","type":3,"width":18.077},{"bases":[[[0.847517,-0.474241,0.23835],[0.442805,0.879351,0.175117],[-0.292641,-0.0428718,0.955261]],[[0.857752,-0.472332,0.202888],[0.304079,0.147966,-0.941086],[0.414485,0.868912,0.270544]],[[0.857752,-0.472332,0.202888],[-0.364437,-0.83708,-0.408024],[0.362556,0.276043,-0.890142]],[[0.857752,-0.472332,0.202888],[-0.504872,-0.84833,0.159502],[0.0967781,-0.239246,-0.966124]]],"btipPosition":[5.16513,244.237,36.9662],"carpPosition":[11.6114,273.75,67.8604],"dipPosition":[6.83327,240.113,20.3133],"direction":[-0.362556,-0.276043,0.890142],"extended":false,"handId":506,"id":5064,"length":50.5107,"mcpPosition":[28.5803,276.236,12.4694],"pipPosition":[13.9244,245.512,2.90317],"stabilizedTipPosition":[4.56667,250.267,-2.31505],"timeVisible":170.465,"tipPosition":[5.35006,243.296,32.7806],"tipVelocity":[1.6767,-45.708,132.275],"tool":false,"touchDistance":0.333333,"touchZone":"none","type":4,"width":16.0574}],"r":[[0.544207,0.287083,0.788303],[0.826791,-0.342925,-0.445891],[0.142321,0.894419,-0.42398]],"s":1.35277,"t":[4.48321,17.1866,14.4498],"timestamp":97984938454},false],[5,{"currentFrameRate":108.134,"devices":[],"gestures":[],"hands":[{"armBasis":[[0.947406,0.0887579,-0.307481],[0.0753383,0.871919,0.48382],[0.311042,-0.481539,0.819374]],"armWidth":63.72,"confidence":0.709338,"direction":[0.0457627,0.180009,-0.9826],"elbow":[79.6002,141.457,298.329],"grabStrength":0,"id":506,"palmNormal":[-0.0945679,-0.978432,-0.18365],"palmPosition":[-9.89893,277.738,23.0329],"palmVelocity":[-3.00829,-51.8483,124.844],"palmWidth":90.99,"pinchStrength":0.631263,"r":[[0.544234,0.289601,0.787363],[0.826896,-0.343592,-0.445182],[0.141606,0.893351,-0.426464]],"s":1.35307,"sphereCenter":[-38.1064,264.128,-4.54606],"sphereRadius":53.5396,"stabilizedPalmPosition":[-11.4862,283.839,-8.67648],"t":[4.44965,16.6548,15.6262],"timeVisible":170.475,"type":"right","wrist":[-4.38102,271.472,77.0982]}],"id":1816362,"interactionBox":{"center":[0,200,0],"size":[235.247,235.247,147.751]},"pointables":[{"bases":[[[0.493684,0.869488,-0.0163078],[-0.775908,0.448864,0.44327],[0.392738,-0.206182,0.89624]],[[0.429309,0.890559,-0.150328],[-0.897183,0.401406,-0.184218],[-0.103714,0.213959,0.971321]],[[0.429309,0.890559,-0.150328],[-0.793094,0.292101,-0.534489],[-0.432083,0.348685,0.831699]],[[0.429309,0.890559,-0.150328],[-0.247514,-0.0440625,-0.967882],[-0.86858,0.452729,0.201509]]],"btipPosition":[6.32793,230.013,-3.87333],"carpPosition":[-33.9093,263.178,77.686],"dipPosition":[-14,240.609,0.842713],"direction":[0.432083,-0.348685,-0.831699],"extended":false,"handId":506,"id":5060,"length":52.1164,"mcpPosition":[-33.9093,263.178,77.686],"pipPosition":[-28.7321,252.497,29.2],"stabilizedTipPosition":[7.26943,240.937,-33.1662],"timeVisible":170.475,"tipPosition":[2.34209,232.362,-1.85468],"tipVelocity":[-26.5036,-52.2754,99.0248],"tool":false,"touchDistance":0.331974,"touchZone":"hovering","type":0,"width":20.25},{"bases":[[[0.988032,-0.0696643,-0.137622],[0.0754449,0.996454,0.0372371],[0.13454,-0.0471743,0.989785]],[[0.997,-0.076029,0.0145242],[0.0593035,0.870879,0.487906],[-0.0497438,-0.485581,0.872775]],[[0.997,-0.076029,0.0145242],[0.0664956,0.937328,0.342045],[-0.0396193,-0.340053,0.939572]],[[0.997,-0.076029,0.0145242],[0.0716198,0.977285,0.19946],[-0.029359,-0.197821,0.979798]]],"btipPosition":[-29.8514,319.35,-78.7783],"carpPosition":[-23.5497,283.418,70.9865],"dipPosition":[-30.3531,315.97,-62.0379],"direction":[0.0396193,0.340053,-0.939571],"extended":true,"handId":506,"id":5061,"length":58.8075,"mcpPosition":[-33.4478,286.889,-1.83151],"pipPosition":[-31.3107,307.75,-39.328],"stabilizedTipPosition":[-30.1946,329.946,-100.711],"timeVisible":170.475,"tipPosition":[-29.7067,318.67,-74.8677],"tipVelocity":[-11.5021,-87.7105,111.309],"tool":false,"touchDistance":0.350846,"touchZone":"hovering","type":1,"width":19.3428},{"bases":[[[0.96969,-0.244241,-0.00695104],[0.244333,0.969054,0.0351559],[-0.00185057,-0.0357887,0.999358]],[[0.96969,-0.244237,-0.00704866],[0.0392817,0.184302,-0.982084],[0.241161,0.95204,0.18831]],[[0.96969,-0.244237,-0.00704866],[-0.232627,-0.913999,-0.332401],[0.0747423,0.323966,-0.943112]],[[0.96969,-0.244237,-0.00704866],[-0.233227,-0.933807,0.271312],[-0.0728465,-0.261444,-0.962466]]],"btipPosition":[-23.7169,236.602,34.8961],"carpPosition":[-11.4655,284.294,68.7905],"dipPosition":[-25.0859,231.689,16.8094],"direction":[-0.0747423,-0.323966,0.943112],"extended":false,"handId":506,"id":5062,"length":67.0064,"mcpPosition":[-11.3364,286.791,-0.932658],"pipPosition":[-22.9605,240.902,-10.0093],"stabilizedTipPosition":[-23.173,239.748,-8.34375],"timeVisible":170.475,"tipPosition":[-24.0752,235.329,30.399],"tipVelocity":[2.19576,-51.2115,136.66],"tool":false,"touchDistance":0.333333,"touchZone":"none","type":2,"width":18.9972},{"bases":[[[0.937652,-0.319197,0.137558],[0.312805,0.947493,0.0664089],[-0.151533,-0.0192395,0.988265]],[[0.9372,-0.319253,0.140479],[0.188794,0.125664,-0.973943],[0.293281,0.939301,0.178045]],[[0.9372,-0.319253,0.140479],[-0.261838,-0.910047,-0.321334],[0.230429,0.264371,-0.936488]],[[0.9372,-0.319253,0.140479],[-0.34615,-0.900817,0.262126],[0.0428615,-0.294291,-0.954754]]],"btipPosition":[-10.1856,239.622,41.8387],"carpPosition":[0.610245,282.21,67.9173],"dipPosition":[-9.38476,234.124,24],"direction":[-0.230429,-0.264371,0.936488],"extended":false,"handId":506,"id":5063,"length":64.4285,"mcpPosition":[10.1023,283.415,6.01242],"pipPosition":[-3.0014,241.447,-1.94257],"stabilizedTipPosition":[-10.0715,243.378,-1.65691],"timeVisible":170.475,"tipPosition":[-10.0267,238.23,37.411],"tipVelocity":[1.61282,-44.8093,141.713],"tool":false,"touchDistance":0.333333,"touchZone":"none","type":3,"width":18.077},{"bases":[[[0.849152,-0.471415,0.238138],[0.440211,0.880865,0.174044],[-0.291815,-0.0429586,0.95551]],[[0.859677,-0.46943,0.201471],[0.301716,0.14834,-0.941787],[0.412217,0.87042,0.269159]],[[0.859677,-0.46943,0.201471],[-0.362537,-0.838506,-0.406785],[0.359892,0.276663,-0.89103]],[[0.859677,-0.46943,0.201471],[-0.501791,-0.849897,0.160874],[0.0957105,-0.239396,-0.966193]]],"btipPosition":[5.27067,243.7,38.3322],"carpPosition":[11.6142,273.271,69.1733],"dipPosition":[6.92041,239.574,21.6781],"direction":[-0.359892,-0.276663,0.89103],"extended":false,"handId":506,"id":5064,"length":50.5107,"mcpPosition":[28.5351,275.762,13.7679],"pipPosition":[13.9595,244.985,4.25061],"stabilizedTipPosition":[4.56674,250.267,-2.31268],"timeVisible":170.475,"tipPosition":[5.4454,242.761,34.1475],"tipVelocity":[4.25112,-48.6863,135.207],"tool":false,"touchDistance":0.333333,"touchZone":"none","type":4,"width":16.0574}],"r":[[0.544234,0.289601,0.787363],[0.826896,-0.343592,-0.445182],[0.141606,0.893351,-0.426464]],"s":1.35307,"t":[4.44965,16.6548,15.6262],"timestamp":97984948045},false],[6,{"currentFrameRate":108.353,"devices":[],"gestures":[],"hands":[{"armBasis":[[0.946874,0.0949659,-0.307264],[0.0701523,0.871412,0.48551],[0.31386,-0.481272,0.818455]],"armWidth":63.72,"confidence":0.715219,"direction":[0.0475513,0.178977,-0.982704],"elbow":[80.2522,141.079,298.962],"grabStrength":0,"id":506,"palmNormal":[-0.0899272,-0.979054,-0.182664],"palmPosition":[-9.89404,277.198,23.8923],"palmVelocity":[-2.04573,-54.3742,117.395],"palmWidth":90.99,"pinchStrength":0.627613,"r":[[0.543597,0.292274,0.786815],[0.827504,-0.343531,-0.444099],[0.140497,0.892503,-0.428601]],"s":1.35337,"sphereCenter":[-38.1285,263.45,-3.7432],"sphereRadius":53.6155,"stabilizedPalmPosition":[-11.4856,283.836,-8.66389],"t":[4.43532,16.1185,16.6441],"timeVisible":170.483,"type":"right","wrist":[-4.49013,271.022,77.9796]}],"id":1816363,"interactionBox":{"center":[0,200,0],"size":[235.247,235.247,147.751]},"pointables":[{"bases":[[[0.490022,0.871561,-0.0161209],[-0.77896,0.44611,0.44069],[0.39128,-0.20339,0.897515]],[[0.425945,0.892184,-0.150261],[-0.898366,0.397372,-0.187176],[-0.107286,0.214716,0.970766]],[[0.425945,0.892184,-0.150261],[-0.794344,0.289269,-0.534173],[-0.433115,0.346887,0.831914]],[[0.425945,0.892184,-0.150261],[-0.24925,-0.0439392,-0.967442],[-0.869739,0.449529,0.203662]]],"btipPosition":[6.49356,229.537,-3.08813],"carpPosition":[-33.9842,262.603,78.5012],"dipPosition":[-13.8615,240.058,1.67828],"direction":[0.433115,-0.346887,-0.831914],"extended":false,"handId":506,"id":5060,"length":52.1164,"mcpPosition":[-33.9842,262.603,78.5012],"pipPosition":[-28.6288,251.885,30.0429],"stabilizedTipPosition":[7.25835,240.919,-33.1029],"timeVisible":170.483,"tipPosition":[2.49431,231.868,-1.05718],"tipVelocity":[-14.4637,-53.2396,96.6384],"tool":false,"touchDistance":0.344062,"touchZone":"hovering","type":0,"width":20.25},{"bases":[[[0.988674,-0.0656293,-0.13497],[0.0711085,0.996812,0.0361787],[0.132165,-0.0453665,0.990189]],[[0.99728,-0.071753,0.016837],[0.0545312,0.872046,0.486376],[-0.0495816,-0.484135,0.873587]],[[0.99728,-0.071753,0.016837],[0.0618228,0.938787,0.338906],[-0.0401238,-0.336943,0.94067]],[[0.99728,-0.071753,0.016837],[0.0671168,0.978548,0.19478],[-0.0304518,-0.19312,0.980702]]],"btipPosition":[-29.7966,318.46,-78.0683],"carpPosition":[-23.6935,282.879,71.8032],"dipPosition":[-30.3169,315.16,-61.3124],"direction":[0.0401238,0.336943,-0.94067],"extended":true,"handId":506,"id":5061,"length":58.8075,"mcpPosition":[-33.4169,286.217,-1.04464],"pipPosition":[-31.2867,307.016,-38.576],"stabilizedTipPosition":[-30.1905,329.766,-100.321],"timeVisible":170.483,"tipPosition":[-29.657,317.841,-74.1395],"tipVelocity":[-6.84818,-90.6549,103.056],"tool":false,"touchDistance":0.359798,"touchZone":"hovering","type":1,"width":19.3428},{"bases":[[[0.970735,-0.240119,-0.0041275],[0.240116,0.970128,0.0345703],[-0.00429678,-0.0345496,0.999394]],[[0.970735,-0.240115,-0.00424393],[0.0407878,0.18226,-0.982404],[0.236664,0.953481,0.18672]],[[0.970735,-0.240115,-0.00424393],[-0.227955,-0.915725,-0.330884],[0.0755641,0.322169,-0.943662]],[[0.970735,-0.240115,-0.00424393],[-0.229908,-0.934285,0.272495],[-0.0693953,-0.263545,-0.962148]]],"btipPosition":[-23.5597,236.047,35.8268],"carpPosition":[-11.6075,283.803,69.6374],"dipPosition":[-24.8637,231.094,17.7461],"direction":[-0.0755641,-0.322169,0.943662],"extended":false,"handId":506,"id":5062,"length":67.0064,"mcpPosition":[-11.3077,286.214,-0.0882854],"pipPosition":[-22.715,240.256,-9.08826],"stabilizedTipPosition":[-23.1731,239.748,-8.34043],"timeVisible":170.483,"tipPosition":[-23.9028,234.759,31.321],"tipVelocity":[6.86977,-54.645,128.24],"tool":false,"touchDistance":0.333333,"touchZone":"none","type":2,"width":18.9972},{"bases":[[[0.93864,-0.315031,0.140392],[0.308598,0.948898,0.0660279],[-0.154019,-0.0186517,0.987892]],[[0.938192,-0.315083,0.143242],[0.190021,0.122987,-0.974046],[0.289289,0.941061,0.175258]],[[0.938192,-0.315083,0.143242],[-0.257647,-0.912119,-0.318838],[0.231115,0.262225,-0.936923]],[[0.938192,-0.315083,0.143242],[-0.343027,-0.901617,0.263474],[0.0461334,-0.296326,-0.953972]]],"btipPosition":[-10.0626,239.164,42.8649],"carpPosition":[0.479274,281.77,68.7982],"dipPosition":[-9.20064,233.628,25.0408],"direction":[-0.231115,-0.262225,0.936923],"extended":false,"handId":506,"id":5063,"length":64.4285,"mcpPosition":[10.127,282.938,6.91664],"pipPosition":[-2.7983,240.892,-0.913798],"stabilizedTipPosition":[-10.0715,243.378,-1.6556],"timeVisible":170.483,"tipPosition":[-9.88767,237.749,38.4111],"tipVelocity":[5.3698,-46.9757,134.91],"tool":false,"touchDistance":0.333333,"touchZone":"none","type":3,"width":18.077},{"bases":[[[0.850527,-0.467498,0.240934],[0.436006,0.882947,0.174077],[-0.294113,-0.0430085,0.954803]],[[0.861365,-0.465462,0.203459],[0.302793,0.148856,-0.94136],[0.407881,0.87246,0.269158]],[[0.861365,-0.465462,0.203459],[-0.358092,-0.84045,-0.406711],[0.360306,0.277469,-0.890612]],[[0.861365,-0.465462,0.203459],[-0.498339,-0.851957,0.160709],[0.0985344,-0.239821,-0.965804]]],"btipPosition":[5.40413,243.231,39.279],"carpPosition":[11.5179,272.88,70.0939],"dipPosition":[7.10255,239.097,22.6316],"direction":[-0.360306,-0.277469,0.890612],"extended":false,"handId":506,"id":5064,"length":50.5107,"mcpPosition":[28.572,275.374,14.7295],"pipPosition":[14.1497,244.524,5.21228],"stabilizedTipPosition":[4.56682,250.266,-2.31021],"timeVisible":170.483,"tipPosition":[5.58727,242.293,35.1011],"tipVelocity":[7.5279,-49.9315,127.678],"tool":false,"touchDistance":0.333333,"touchZone":"none","type":4,"width":16.0574}],"r":[[0.543597,0.292274,