{"sensorType":"Leap","data":[[0,{"currentFrameRate":105.992,"devices":[],"gestures":[{"center":[-28.9914,314.079,-113.631],"duration":9311,"handIds":[506],"id":42,"normal":[-0.220459,-0.236553,0.946277],"pointableIds":[5061],"progress":0.980894,"radius":11.3002,"state":"update","type":"circle"}],"hands":[{"armBasis":[[0.958739,0.172844,-0.22571],[-0.0459968,0.877797,0.476819],[0.280543,-0.446763,0.849529]],"armWidth":63.72,"confidence":0.628224,"direction":[0.0549165,0.185483,-0.981112],"elbow":[73.2449,154.411,278.216],"grabStrength":0,"id":506,"palmNormal":[0.0305912,-0.982446,-0.184023],"palmPosition":[-7.01166,280.657,-5.38608],"palmVelocity":[28.6853,-22.1683,131.309],"palmWidth":90.99,"pinchStrength":0.390892,"r":[[0.460109,0.367714,0.808137],[0.886544,-0.239848,-0.395616],[0.0483568,0.898476,-0.436351]],"s":1.38633,"sphereCenter":[-57.2577,267.848,-36.037],"sphereRadius":69.0233,"stabilizedPalmPosition":[-7.78132,281.272,-9.35662],"t":[7.06375,19.2134,-13.1649],"timeVisible":174.443,"type":"right","wrist":[-2.50164,275.037,48.8434]}],"id":1816784,"interactionBox":{"center":[0,200,0],"size":[235.247,235.247,147.751]},"pointables":[{"bases":[[[0.384956,0.922931,-0.00285789],[-0.838315,0.350954,0.417204],[0.386053,-0.158209,0.908809]],[[0.322694,0.93622,-0.139144],[-0.933917,0.291049,-0.207581],[-0.153844,0.196934,0.968271]],[[0.322694,0.93622,-0.139144],[-0.874816,0.238891,-0.421459],[-0.361338,0.257728,0.896109]],[[0.322694,0.93622,-0.139144],[-0.711991,0.14324,-0.687424],[-0.623649,0.320897,0.712803]]],"btipPosition":[3.78432,237.096,-47.0558],"carpPosition":[-30.8109,263.224,48.5135],"dipPosition":[-10.8113,244.606,-30.3737],"direction":[0.361338,-0.257728,-0.896109],"extended":false,"handId":506,"id":5060,"length":52.1164,"mcpPosition":[-30.8109,263.224,48.5135],"pipPosition":[-23.1313,253.394,0.179713],"stabilizedTipPosition":[-0.257361,239.534,-47.3252],"timeVisible":174.443,"tipPosition":[-0.210028,238.867,-43.4143],"tipVelocity":[22.9763,-26.6019,136.594],"tool":false,"touchDistance":-0.156441,"touchZone":"touching","type":0,"width":20.25},{"bases":[[[0.993075,0.0507679,-0.10595],[-0.0470795,0.998205,0.0370296],[0.10764,-0.031785,0.993682]],[[0.998806,0.047527,-0.0112993],[-0.0351113,0.859226,0.51039],[0.033966,-0.509384,0.859869]],[[0.998806,0.047527,-0.0112993],[-0.0396823,0.924233,0.379762],[0.0284922,-0.37886,0.925015]],[[0.998806,0.047527,-0.0112993],[-0.0431763,0.967036,0.250953],[0.0228539,-0.250166,0.967933]]],"btipPosition":[-33.2294,322.234,-106.848],"carpPosition":[-22.772,284.58,42.0943],"dipPosition":[-32.839,317.96,-90.3105],"direction":[-0.0284922,0.37886,-0.925015],"extended":true,"handId":506,"id":5061,"length":58.8075,"mcpPosition":[-30.691,286.918,-31.0105],"pipPosition":[-32.1503,308.802,-67.9525],"stabilizedTipPosition":[-33.4839,322.399,-108.308],"timeVisible":174.443,"tipPosition":[-33.3352,321.009,-103.105],"tipVelocity":[7.64942,-32.7079,132.688],"tool":false,"touchDistance":-0.131466,"touchZone":"touching","type":1,"width":19.3428},{"bases":[[[0.991865,-0.124912,0.0245239],[0.123864,0.991477,0.0403914],[-0.0293603,-0.0370252,0.998883]],[[0.991645,-0.125157,0.0312327],[0.0533882,0.177795,-0.982618],[0.117429,0.976076,0.182991]],[[0.991645,-0.125157,0.0312327],[-0.104142,-0.919641,-0.378702],[0.0761202,0.372285,-0.924992]],[[0.991645,-0.125157,0.0312327],[-0.128864,-0.972076,0.196116],[0.00581525,-0.198502,-0.980083]]],"btipPosition":[-16.7046,235.596,6.49228],"carpPosition":[-10.8191,286.916,40.2814],"dipPosition":[-16.5954,231.865,-11.9254],"direction":[-0.0761202,-0.372285,0.924992],"extended":false,"handId":506,"id":5062,"length":67.0064,"mcpPosition":[-8.77066,289.499,-29.4086],"pipPosition":[-14.4308,242.452,-38.2289],"stabilizedTipPosition":[-18.5804,236.195,-5.06913],"timeVisible":174.443,"tipPosition":[-16.6848,234.665,1.79884],"tipVelocity":[26.0864,-15.0676,148.376],"tool":false,"touchDistance":0.333333,"touchZone":"none","type":2,"width":18.9972},{"bases":[[[0.964555,-0.203383,0.168135],[0.193413,0.978333,0.0738619],[-0.179515,-0.0387244,0.982993]],[[0.961034,-0.20407,0.186466],[0.21602,0.13353,-0.967215],[0.172481,0.969807,0.17241]],[[0.961034,-0.20407,0.186466],[-0.125497,-0.923117,-0.363464],[0.246303,0.325901,-0.912756]],[[0.961034,-0.20407,0.186466],[-0.238815,-0.952642,0.188258],[0.139218,-0.225453,-0.964256]]],"btipPosition":[-4.44393,240.591,13.8216],"carpPosition":[1.44188,286.312,39.7981],"dipPosition":[-1.84278,236.379,-4.19457],"direction":[-0.246303,-0.325901,0.912756],"extended":false,"handId":506,"id":5063,"length":64.4285,"mcpPosition":[12.6867,288.738,-21.7766],"pipPosition":[4.98029,245.407,-29.4797],"stabilizedTipPosition":[-5.87504,241.168,2.98361],"timeVisible":174.443,"tipPosition":[-3.81311,239.521,9.26465],"tipVelocity":[28.8978,-17.8748,139.28],"tool":false,"touchDistance":0.333333,"touchZone":"none","type":3,"width":18.077},{"bases":[[[0.89199,-0.365332,0.266245],[0.324457,0.9275,0.185667],[-0.314772,-0.079228,0.945855]],[[0.894621,-0.364649,0.258234],[0.337453,0.172564,-0.92539],[0.292881,0.915015,0.277431]],[[0.894621,-0.364649,0.258234],[-0.21978,-0.862293,-0.456231],[0.389038,0.351399,-0.851568]],[[0.894621,-0.364649,0.258234],[-0.395269,-0.915348,0.0768137],[0.208364,-0.170791,-0.963024]]],"btipPosition":[10.0976,247.082,10.0263],"carpPosition":[13.4022,278.772,41.4266],"dipPosition":[13.6892,244.138,-6.5731],"direction":[-0.389038,-0.351399,0.851568],"extended":false,"handId":506,"id":5064,"length":50.5107,"mcpPosition":[31.6543,283.366,-13.419],"pipPosition":[21.2983,251.011,-23.2288],"stabilizedTipPosition":[9.01635,248.263,0.087189],"timeVisible":174.443,"tipPosition":[11.1299,246.323,5.96247],"tipVelocity":[26.3962,-21.5128,130.104],"tool":false,"touchDistance":0.333333,"touchZone":"none","type":4,"width":16.0574}],"r":[[0.460109,0.367714,0.808137],[0.886544,-0.239848,-0.395616],[0.0483568,0.898476,-0.436351]],"s":1.38633,"t":[7.06375,19.2134,-13.1649],"timestamp":97988916534},true],[1,{"currentFrameRate":106.185,"devices":[],"gestures":[{"center":[-28.9914,314.079,-113.631],"duration":9311,"handIds":[506],"id":42,"normal":[-0.220459,-0.236553,0.946277],"pointableIds":[5061],"progress":0.980894,"radius":11.3002,"state":"stop","type":"circle"}],"hands":[{"armBasis":[[0.961029,0.170396,-0.217687],[-0.046038,0.8751,0.481748],[0.272586,-0.452952,0.848841]],"armWidth":63.72,"confidence":0.630359,"direction":[0.0524312,0.185634,-0.981219],"elbow":[71.5099,153.086,279.551],"grabStrength":0,"id":506,"palmNormal":[0.0312093,-0.982395,-0.184189],"palmPosition":[-6.73063,281.004,-3.8548],"palmVelocity":[29.3272,-5.48377,141.709],"palmWidth":90.99,"pinchStrength":0.389925,"r":[[0.46231,0.367567,0.806947],[0.885425,-0.24049,-0.397727],[0.0478707,0.898365,-0.436634]],"s":1.38643,"sphereCenter":[-56.9798,268.128,-34.3802],"sphereRadius":68.9841,"stabilizedPalmPosition":[-7.69485,281.25,-8.90385],"t":[7.32408,19.3009,-11.625],"timeVisible":174.452,"type":"right","wrist":[-2.08819,275.383,50.3635]}],"id":1816785,"interactionBox":{"center":[0,200,0],"size":[235.247,235.247,147.751]},"pointables":[{"bases":[[[0.383964,0.923341,-0.00366579],[-0.837714,0.350021,0.419191],[0.388339,-0.157883,0.907891]],[[0.32138,0.936576,-0.139786],[-0.934681,0.290054,-0.205526],[-0.151945,0.196707,0.968617]],[[0.32138,0.936576,-0.139786],[-0.876024,0.237998,-0.41945],[-0.359578,0.257259,0.896951]],[[0.32138,0.936576,-0.139786],[-0.713368,0.142374,-0.686175],[-0.622753,0.320242,0.713879]]],"btipPosition":[4.03391,237.455,-45.5421],"carpPosition":[-30.3855,263.54,50.0984],"dipPosition":[-10.5408,244.95,-28.8347],"direction":[0.359578,-0.257259,-0.896951],"extended":false,"handId":506,"id":5060,"length":52.1164,"mcpPosition":[-30.3855,263.54,50.0984],"pipPosition":[-22.8008,253.721,1.74738],"stabilizedTipPosition":[-0.180889,239.505,-46.867],"timeVisible":174.452,"tipPosition":[0.0501587,239.221,-41.893],"tipVelocity":[24.3837,-8.42869,145.176],"tool":false,"touchDistance":-0.131115,"touchZone":"touching","type":0,"width":20.25},{"bases":[[[0.99277,0.0518366,-0.10826],[-0.048057,0.99815,0.0372361],[0.10999,-0.0317642,0.993425]],[[0.998727,0.0485893,-0.0135255],[-0.034898,0.859337,0.510218],[0.0364141,-0.509097,0.859939]],[[0.998727,0.0485893,-0.0135255],[-0.0398527,0.924605,0.378836],[0.0309131,-0.377815,0.925365]],[[0.998727,0.0485893,-0.0135255],[-0.0436916,0.967446,0.249277],[0.0251974,-0.248369,0.968338]]],"btipPosition":[-33.2185,322.489,-105.279],"carpPosition":[-22.3844,284.905,43.6626],"dipPosition":[-32.788,318.246,-88.7347],"direction":[-0.0309131,0.377815,-0.925365],"extended":true,"handId":506,"id":5061,"length":58.8075,"mcpPosition":[-30.4763,287.242,-29.4233],"pipPosition":[-32.0408,309.114,-66.3683],"stabilizedTipPosition":[-33.4688,322.362,-108.024],"timeVisible":174.452,"tipPosition":[-33.3114,321.305,-101.521],"tipVelocity":[6.15135,-15.6733,143.899],"tool":false,"touchDistance":-0.105293,"touchZone":"touching","type":1,"width":19.3428},{"bases":[[[0.992052,-0.123856,0.0221993],[0.122901,0.991604,0.0401988],[-0.0269918,-0.0371509,0.998945]],[[0.99185,-0.124101,0.0288394],[0.0507373,0.177099,-0.982884],[0.116869,0.976338,0.181952]],[[0.99185,-0.124101,0.0288394],[-0.104154,-0.920151,-0.377457],[0.0733792,0.371377,-0.925578]],[[0.99185,-0.124101,0.0288394],[-0.127358,-0.972035,0.1973],[0.00354791,-0.199365,-0.979919]]],"btipPosition":[-16.3415,235.972,8.09225],"carpPosition":[-10.4382,287.254,41.8221],"dipPosition":[-16.2748,232.226,-10.3224],"direction":[-0.0733792,-0.371377,0.925578],"extended":false,"handId":506,"id":5062,"length":67.0064,"mcpPosition":[-8.55505,289.846,-27.8723],"pipPosition":[-14.1882,242.786,-36.6425],"stabilizedTipPosition":[-18.5477,236.179,-4.93938],"timeVisible":174.452,"tipPosition":[-16.3342,235.026,3.39688],"tipVelocity":[29.65,0.45071,156.176],"tool":false,"touchDistance":0.333333,"touchZone":"none","type":2,"width":18.9972},{"bases":[[[0.96516,-0.20237,0.165866],[0.192541,0.978532,0.0735058],[-0.177181,-0.0390087,0.983405]],[[0.961757,-0.20305,0.183834],[0.213061,0.132806,-0.967971],[0.172132,0.97012,0.170989]],[[0.961757,-0.20305,0.183834],[-0.125829,-0.923675,-0.361929],[0.243292,0.324955,-0.9139]],[[0.961757,-0.20305,0.183834],[-0.237428,-0.952662,0.189901],[0.136572,-0.226286,-0.964439]]],"btipPosition":[-4.06137,240.988,15.4063],"carpPosition":[1.82221,286.663,41.3101],"dipPosition":[-1.50966,236.76,-2.61325],"direction":[-0.243292,-0.324955,0.9139],"extended":false,"handId":506,"id":5063,"length":64.4285,"mcpPosition":[12.9208,289.107,-20.2904],"pipPosition":[5.23003,245.762,-27.9301],"stabilizedTipPosition":[-5.82973,241.147,3.13986],"timeVisible":174.452,"tipPosition":[-3.44808,239.901,10.8405],"tipVelocity":[32.2285,-0.952597,149.083],"tool":false,"touchDistance":0.333333,"touchZone":"none","type":3,"width":18.077},{"bases":[[[0.892997,-0.364406,0.264129],[0.3239,0.927827,0.185],[-0.312482,-0.079653,0.946578]],[[0.895526,-0.363742,0.256369],[0.335258,0.172621,-0.926177],[0.292634,0.915366,0.276534]],[[0.895526,-0.363742,0.256369],[-0.220029,-0.862673,-0.455393],[0.386808,0.351408,-0.85258]],[[0.895526,-0.363742,0.256369],[-0.394261,-0.915681,0.0780113],[0.206376,-0.170937,-0.963426]]],"btipPosition":[10.4435,247.461,11.5262],"carpPosition":[13.7943,279.135,42.9099],"dipPosition":[14.0008,244.514,-5.08017],"direction":[-0.386808,-0.351408,0.85258],"extended":false,"handId":506,"id":5064,"length":50.5107,"mcpPosition":[31.9136,283.754,-11.9776],"pipPosition":[21.5663,251.388,-21.7556],"stabilizedTipPosition":[9.05857,248.235,0.230466],"timeVisible":174.452,"tipPosition":[11.466,246.698,7.46022],"tipVelocity":[29.4061,-4.05298,139.83],"tool":false,"touchDistance":0.333333,"touchZone":"none","type":4,"width":16.0574}],"r":[[0.46231,0.367567,0.806947],[0.885425,-0.24049,-0.397727],[0.0478707,0.898365,-0.436634]],"s":1.38643,"t":[7.32408,19.3009,-11.625],"timestamp":97988925597},true],[2,{"currentFrameRate":106.243,"devices":[],"gestures":[],"hands":[{"armBasis":[[0.960767,0.172869,-0.216895],[-0.0476507,0.873257,0.484924],[0.273233,-0.455564,0.847234]],"armWidth":63.72,"confidence":0.635693,"direction":[0.0502703,0.186288,-0.981208],"elbow":[72.0218,152.577,280.423],"grabStrength":0,"id":506,"palmNormal":[0.0335003,-0.982212,-0.184762],"palmPosition":[-6.5007,281.216,-2.53719],"palmVelocity":[28.0232,2.50296,141.679],"palmWidth":90.99,"pinchStrength":0.389421,"r":[[0.464148,0.36761,0.805872],[0.884518,-0.240491,-0.399741],[0.0468567,0.898347,-0.436781]],"s":1.38651,"sphereCenter":[-56.6407,268.193,-32.9712],"sphereRadius":68.8961,"stabilizedPalmPosition":[-7.62564,281.248,-8.53486],"t":[7.5692,19.4507,-10.1962],"timeVisible":174.462,"type":"right","wrist":[-1.75119,275.579,51.6702]}],"id":1816786,"interactionBox":{"center":[0,200,0],"size":[235.247,235.247,147.751]},"pointables":[{"bases":[[[0.381508,0.924358,-0.00382919],[-0.837925,0.347578,0.420799],[0.3903,-0.15733,0.907146]],[[0.318712,0.937496,-0.139725],[-0.935711,0.287674,-0.204179],[-0.151222,0.195817,0.968911]],[[0.318712,0.937496,-0.139725],[-0.876991,0.235739,-0.418706],[-0.359597,0.255984,0.897308]],[[0.318712,0.937496,-0.139725],[-0.713435,0.140217,-0.686549],[-0.624046,0.318497,0.713531]]],"btipPosition":[4.39679,237.705,-44.2123],"carpPosition":[-30.0174,263.661,51.4469],"dipPosition":[-10.2081,245.159,-27.5131],"direction":[0.359597,-0.255984,-0.897308],"extended":false,"handId":506,"id":5060,"length":52.1164,"mcpPosition":[-30.0174,263.661,51.4469],"pipPosition":[-22.4688,253.887,3.08119],"stabilizedTipPosition":[-0.11101,239.5,-46.4945],"timeVisible":174.462,"tipPosition":[0.402208,239.463,-40.5725],"tipVelocity":[28.3001,1.25073,144.479],"tool":false,"touchDistance":-0.108983,"touchZone":"touching","type":0,"width":20.25},{"bases":[[[0.992444,0.054526,-0.10992],[-0.0506396,0.998,0.0378463],[0.111763,-0.031994,0.99322]],[[0.998573,0.0512396,-0.0150543],[-0.0363912,0.859162,0.510407],[0.0390871,-0.509131,0.859801]],[[0.998573,0.0512396,-0.0150543],[-0.0417479,0.924742,0.378298],[0.0333052,-0.377129,0.925562]],[[0.998573,0.0512396,-0.0150543],[-0.0459148,0.967668,0.248011],[0.0272756,-0.246966,0.96864]]],"btipPosition":[-33.2566,322.613,-103.922],"carpPosition":[-22.0839,285.05,45.0088],"dipPosition":[-32.7906,318.393,-87.3723],"direction":[-0.0333051,0.377129,-0.925562],"extended":true,"handId":506,"id":5061,"length":58.8075,"mcpPosition":[-30.3063,287.404,-28.062],"pipPosition":[-31.9856,309.278,-65.0011],"stabilizedTipPosition":[-33.4597,322.341,-107.799],"timeVisible":174.462,"tipPosition":[-33.3385,321.466,-100.15],"tipVelocity":[3.50457,-7.33204,144.491],"tool":false,"touchDistance":-0.0826513,"touchZone":"touching","type":1,"width":19.3428},{"bases":[[[0.992413,-0.121237,0.0204482],[0.12034,0.991906,0.040515],[-0.0251945,-0.0377469,0.99897]],[[0.992225,-0.121483,0.0270302],[0.0484546,0.177037,-0.983011],[0.114633,0.976678,0.181547]],[[0.992225,-0.121483,0.0270302],[-0.102446,-0.920592,-0.37685],[0.0706645,0.371151,-0.92588]],[[0.992225,-0.121483,0.0270302],[-0.124433,-0.972308,0.197824],[0.0022495,-0.199649,-0.979865]]],"btipPosition":[-15.9665,236.187,9.44476],"carpPosition":[-10.1472,287.432,43.1492],"dipPosition":[-15.9242,232.435,-8.96886],"direction":[-0.0706645,-0.371151,0.92588],"extended":false,"handId":506,"id":5062,"length":67.0064,"mcpPosition":[-8.3894,290.066,-26.5469],"pipPosition":[-13.9148,242.99,-35.2976],"stabilizedTipPosition":[-18.5208,236.171,-4.83424],"timeVisible":174.462,"tipPosition":[-15.9669,235.231,4.7483],"tipVelocity":[32.488,6.81887,153.127],"tool":false,"touchDistance":0.333333,"touchZone":"none","type":2,"width":18.9972},{"bases":[[[0.965974,-0.199897,0.164119],[0.190071,0.979,0.0736967],[-0.175404,-0.0399948,0.983684]],[[0.962681,-0.20058,0.181695],[0.210455,0.132716,-0.968553],[0.170159,0.970646,0.169977]],[[0.962681,-0.20058,0.181695],[-0.124525,-0.92435,-0.360653],[0.240289,0.324568,-0.914832]],[[0.962681,-0.20058,0.181695],[-0.23467,-0.953083,0.191213],[0.134817,-0.226715,-0.964585]]],"btipPosition":[-3.67682,241.256,16.7687],"carpPosition":[2.11389,286.874,42.6161],"dipPosition":[-1.1579,237.02,-1.25365],"direction":[-0.240289,-0.324568,0.914832],"extended":false,"handId":506,"id":5063,"length":64.4285,"mcpPosition":[13.1012,289.38,-19.0018],"pipPosition":[5.49859,246.011,-26.5963],"stabilizedTipPosition":[-5.79281,241.135,3.26801],"timeVisible":174.462,"tipPosition":[-3.07712,240.153,12.1929],"tipVelocity":[34.5694,7.39752,148.309],"tool":false,"touchDistance":0.333333,"touchZone":"none","type":3,"width":18.077},{"bases":[[[0.894408,-0.362175,0.262419],[0.321753,0.928586,0.184941],[-0.310659,-0.0809783,0.947066]],[[0.896903,-0.361505,0.254714],[0.333202,0.173727,-0.926712],[0.29076,0.916042,0.276271]],[[0.896903,-0.361505,0.254714],[-0.218602,-0.863116,-0.455241],[0.38442,0.352626,-0.853157]],[[0.896903,-0.361505,0.254714],[-0.39175,-0.916729,0.0783601],[0.205176,-0.170066,-0.963836]]],"btipPosition":[10.7858,247.717,12.8073],"carpPosition":[14.1086,279.377,44.1916],"dipPosition":[14.3224,244.786,-3.80617],"direction":[-0.38442,-0.352626,0.853157],"extended":false,"handId":506,"id":5064,"length":50.5107,"mcpPosition":[32.1222,284.073,-10.7242],"pipPosition":[21.8412,251.682,-20.4929],"stabilizedTipPosition":[9.0926,248.219,0.347771],"timeVisible":174.462,"tipPosition":[11.8012,246.957,8.73908],"tipVelocity":[31.3458,4.96922,139.173],"tool":false,"touchDistance":0.333333,"touchZone":"none","type":4,"width":16.0574}],"r":[[0.464148,0.36761,0.805872],[0.884518,-0.240491,-0.399741],[0.0468567,0.898347,-0.436781]],"s":1.38651,"t":[7.5692,19.4507,-10.1962],"timestamp":97988934902},true],[3,{"currentFrameRate":106.351,"devices":[],"gestures":[],"hands":[{"armBasis":[[0.95803,0.179893,-0.223199],[-0.0480175,0.868294,0.49372],[0.282619,-0.462281,0.840489]],"armWidth":63.72,"confidence":0.636857,"direction":[0.0508095,0.183825,-0.981645],"elbow":[74.614,150.871,280.427],"grabStrength":0,"id":506,"palmNormal":[0.0332095,-0.982682,-0.1823],"palmPosition":[-6.4146,281.191,-0.728414],"palmVelocity":[22.7988,1.04953,157.026],"palmWidth":90.99,"pinchStrength":0.389375,"r":[[0.465567,0.36801,0.80487],[0.883808,-0.24076,-0.401145],[0.0461552,0.898111,-0.43734]],"s":1.38653,"sphereCenter":[-56.3376,268.068,-31.1401],"sphereRadius":68.7557,"stabilizedPalmPosition":[-7.57836,281.246,-8.23005],"t":[7.73481,19.5132,-8.57741],"timeVisible":174.471,"type":"right","wrist":[-1.69309,275.687,53.4951]}],"id":1816787,"interactionBox":{"center":[0,200,0],"size":[235.247,235.247,147.751]},"pointables":[{"bases":[[[0.381866,0.924198,-0.0059487],[-0.837991,0.348947,0.419532],[0.389807,-0.15522,0.907721]],[[0.319346,0.937016,-0.141491],[-0.935288,0.287624,-0.206174],[-0.152492,0.198176,0.968232]],[[0.319346,0.937016,-0.141491],[-0.875731,0.234754,-0.421883],[-0.362096,0.258635,0.895542]],[[0.319346,0.937016,-0.141491],[-0.709838,0.13761,-0.690792],[-0.627812,0.321037,0.709075]]],"btipPosition":[4.68718,237.556,-42.1728],"carpPosition":[-29.9638,263.78,53.288],"dipPosition":[-10.0059,245.069,-25.5779],"direction":[0.362096,-0.258635,-0.895542],"extended":false,"handId":506,"id":5060,"length":52.1164,"mcpPosition":[-29.9638,263.78,53.288],"pipPosition":[-22.3518,253.888,4.95617],"stabilizedTipPosition":[-0.0556799,239.492,-46.1772],"timeVisible":174.471,"tipPosition":[0.644693,239.33,-38.5798],"tipVelocity":[28.5933,-3.20881,165.329],"tool":false,"touchDistance":-0.0753911,"touchZone":"touching","type":0,"width":20.25},{"bases":[[[0.992517,0.0538706,-0.109581],[-0.0502727,0.99811,0.035337],[0.111278,-0.0295637,0.99335]],[[0.998601,0.0508144,-0.0146021],[-0.0363532,0.860456,0.508227],[0.0383897,-0.506985,0.8611]],[[0.998601,0.0508144,-0.0146021],[-0.041625,0.925904,0.375459],[0.0325989,-0.374326,0.926724]],[[0.998601,0.0508144,-0.0146021],[-0.0457093,0.968555,0.244566],[0.0265704,-0.243557,0.969523]]],"btipPosition":[-33.0969,322.315,-102.239],"carpPosition":[-22.019,285.15,46.8004],"dipPosition":[-32.6429,318.154,-85.6741],"direction":[-0.0325989,0.374326,-0.926724],"extended":true,"handId":506,"id":5061,"length":58.8075,"mcpPosition":[-30.2057,287.325,-26.2799],"pipPosition":[-31.855,309.106,-63.2748],"stabilizedTipPosition":[-33.4509,322.323,-107.622],"timeVisible":174.471,"tipPosition":[-33.1803,321.197,-98.4589],"tipVelocity":[7.29587,-13.9152,155.336],"tool":false,"touchDistance":-0.0545415,"touchZone":"touching","type":1,"width":19.3428},{"bases":[[[0.992356,-0.121567,0.0212236],[0.120703,0.991957,0.0381025],[-0.0256849,-0.0352495,0.999048]],[[0.992167,-0.121795,0.0277552],[0.0488671,0.173948,-0.983542],[0.114962,0.977194,0.178537]],[[0.992167,-0.121795,0.0277552],[-0.102701,-0.921805,-0.373802],[0.071112,0.368024,-0.927093]],[[0.992167,-0.121795,0.0277552],[-0.124892,-0.971617,0.200903],[0.00249844,-0.202796,-0.979218]]],"btipPosition":[-15.8988,236.227,11.3981],"carpPosition":[-10.0804,287.523,44.9406],"dipPosition":[-15.8519,232.416,-7.00335],"direction":[-0.071112,-0.368024,0.927093],"extended":false,"handId":506,"id":5062,"length":67.0064,"mcpPosition":[-8.28845,289.982,-24.761],"pipPosition":[-13.8297,242.881,-33.3665],"stabilizedTipPosition":[-18.5024,236.165,-4.75],"timeVisible":174.471,"tipPosition":[-15.8991,235.248,6.70434],"tipVelocity":[25.4873,5.69283,169.751],"tool":false,"touchDistance":0.333333,"touchZone":"none","type":2,"width":18.9972},{"bases":[[[0.965819,-0.199859,0.165077],[0.190414,0.979108,0.0713495],[-0.175888,-0.0374777,0.983696]],[[0.962573,-0.200488,0.182366],[0.210604,0.129812,-0.968914],[0.170582,0.971058,0.167177]],[[0.962573,-0.200488,0.182366],[-0.124959,-0.925401,-0.357795],[0.240495,0.321616,-0.91582]],[[0.962573,-0.200488,0.182366],[-0.235134,-0.952392,0.194067],[0.134775,-0.229684,-0.963888]]],"btipPosition":[-3.60356,241.302,18.7059],"carpPosition":[2.18066,286.959,44.4148],"dipPosition":[-1.08542,237.01,0.69666],"direction":[-0.240495,-0.321616,0.91582],"extended":false,"handId":506,"id":5063,"length":64.4285,"mcpPosition":[13.1983,289.306,-17.204],"pipPosition":[5.57677,245.92,-24.6734],"stabilizedTipPosition":[-5.7674,241.127,3.37168],"timeVisible":174.471,"tipPosition":[-3.00822,240.18,14.1347],"tipVelocity":[27.1174,6.32308,165.799],"tool":false,"touchDistance":0.333333,"touchZone":"none","type":3,"width":18.077},{"bases":[[[0.894143,-0.361865,0.263747],[0.322023,0.92892,0.182782],[-0.311142,-0.0785003,0.947116]],[[0.896651,-0.361212,0.256013],[0.333647,0.171187,-0.927025],[0.291027,0.916636,0.274013]],[[0.896651,-0.361212,0.256013],[-0.218772,-0.864202,-0.453094],[0.384909,0.350258,-0.853911]],[[0.896651,-0.361212,0.256013],[-0.392149,-0.91637,0.0805298],[0.205514,-0.172602,-0.963313]]],"btipPosition":[10.8521,247.726,14.713],"carpPosition":[14.1717,279.461,46.0147],"dipPosition":[14.3945,244.751,-1.89144],"direction":[-0.384909,-0.350258,0.853911],"extended":false,"handId":506,"id":5064,"length":50.5107,"mcpPosition":[32.2133,284.013,-8.90405],"pipPosition":[21.9228,251.601,-18.5929],"stabilizedTipPosition":[9.11594,248.209,0.443371],"timeVisible":174.471,"tipPosition":[11.8666,246.956,10.6477],"tipVelocity":[24.6299,3.54718,158.231],"tool":false,"touchDistance":0.333333,"touchZone":"none","type":4,"width":16.0574}],"r":[[0.465567,0.36801,0.80487],[0.883808,-0.24076,-0.401145],[0.0461552,0.898111,-0.43734]],"s":1.38653,"t":[7.73481,19.5132,-8.57741],"timestamp":97988944106},true],[4,{"currentFrameRate":106.466,"devices":[],"gestures":[],"hands":[{"armBasis":[[0.957403,0.180816,-0.225132],[-0.0455465,0.864471,0.500614],[0.285139,-0.469036,0.835883]],"armWidth":63.72,"confidence":0.640875,"direction":[0.0501093,0.181289,-0.982152],"elbow":[75.4113,149.028,280.621],"grabStrength":0,"id":506,"palmNormal":[0.0304302,-0.983208,-0.179932],"palmPosition":[-6.34855,281.051,0.701695],"palmVelocity":[18.4412,-3.51179,156.675],"palmWidth":90.99,"pinchStrength":0.389512,"r":[[0.467085,0.368479,0.803775],[0.883017,-0.241632,-0.402361],[0.0459564,0.897684,-0.438237]],"s":1.38653,"sphereCenter":[-56.2052,267.952,-29.609],"sphereRadius":68.6638,"stabilizedPalmPosition":[-7.54588,281.241,-7.99418],"t":[7.85064,19.4743,-7.05297],"timeVisible":174.48,"type":"right","wrist":[-1.57628,275.667,54.9328]}],"id":1816788,"interactionBox":{"center":[0,200,0],"size":[235.247,235.247,147.751]},"pointables":[{"bases":[[[0.384266,0.923182,-0.0086688],[-0.836574,0.352157,0.419677],[0.390491,-0.154015,0.907632]],[[0.32185,0.935823,-0.143694],[-0.934598,0.289746,-0.206336],[-0.151459,0.200705,0.967873]],[[0.32185,0.935823,-0.143694],[-0.87485,0.23592,-0.42306],[-0.362009,0.261873,0.894635]],[[0.32185,0.935823,-0.143694],[-0.70816,0.137205,-0.692592],[-0.628428,0.324669,0.706872]]],"btipPosition":[4.73274,237.288,-40.5717],"carpPosition":[-29.8781,263.833,54.7887],"dipPosition":[-9.97474,244.886,-24.0283],"direction":[0.362009,-0.261873,-0.894635],"extended":false,"handId":506,"id":5060,"length":52.1164,"mcpPosition":[-29.8781,263.833,54.7887],"pipPosition":[-22.3177,253.815,6.47478],"stabilizedTipPosition":[-0.0183366,239.48,-45.9272],"timeVisible":174.48,"tipPosition":[0.674754,239.079,-37.0011],"tipVelocity":[21.8933,-9.87926,167.498],"tool":false,"touchDistance":-0.0489043,"touchZone":"touching","type":0,"width":20.25},{"bases":[[[0.992522,0.0510134,-0.110898],[-0.0476296,0.998321,0.0329519],[0.112393,-0.0274235,0.993285]],[[0.998713,0.0481725,-0.0158828],[-0.0335195,0.861802,0.506136],[0.0380697,-0.504952,0.862307]],[[0.998713,0.0481725,-0.0158828],[-0.0387852,0.927051,0.372925],[0.0326889,-0.371829,0.927726]],[[0.998713,0.0481725,-0.0158828],[-0.0429166,0.969416,0.24164],[0.0270375,-0.240648,0.970236]]],"btipPosition":[-33.0418,321.977,-100.884],"carpPosition":[-21.8855,285.167,48.2393],"dipPosition":[-32.5799,317.865,-84.3066],"direction":[-0.0326889,0.371829,-0.927726],"extended":true,"handId":506,"id":5061,"length":58.8075,"mcpPosition":[-30.1542,287.184,-24.8363],"pipPosition":[-31.7898,308.878,-61.8831],"stabilizedTipPosition":[-33.4442,322.306,-107.485],"timeVisible":174.48,"tipPosition":[-33.1216,320.88,-97.0973],"tipVelocity":[6.98832,-19.9687,153.267],"tool":false,"touchDistance":-0.0319062,"touchZone":"touching","type":1,"width":19.3428},{"bases":[[[0.992061,-0.124103,0.0203359],[0.123333,0.991729,0.0355282],[-0.0245769,-0.0327381,0.999162]],[[0.991881,-0.124312,0.026813],[0.0480614,0.171228,-0.984059],[0.117739,0.977357,0.175812]],[[0.991881,-0.124312,0.026813],[-0.105586,-0.92253,-0.371201],[0.0708805,0.365356,-0.928166]],[[0.991881,-0.124312,0.026813],[-0.127169,-0.970757,0.203612],[0.000717368,-0.205369,-0.978684]]],"btipPosition":[-15.9325,236.149,12.9608],"carpPosition":[-9.94303,287.504,46.3594],"dipPosition":[-15.919,232.289,-5.4306],"direction":[-0.0708805,-0.365356,0.928166],"extended":false,"handId":506,"id":5062,"length":67.0064,"mcpPosition":[-8.22835,289.788,-23.3501],"pipPosition":[-13.9034,242.679,-31.8243],"stabilizedTipPosition":[-18.4902,236.16,-4.68612],"timeVisible":174.48,"tipPosition":[-15.9421,235.157,8.27308],"tipVelocity":[17.1107,1.39401,169.95],"tool":false,"touchDistance":0.333333,"touchZone":"none","type":2,"width":18.9972},{"bases":[[[0.965492,-0.201973,0.164413],[0.19305,0.978779,0.0687233],[-0.174804,-0.0346121,0.983995]],[[0.962318,-0.202542,0.18144],[0.209413,0.126358,-0.969629],[0.173464,0.971087,0.164012]],[[0.962318,-0.202542,0.18144],[-0.128042,-0.926149,-0.354759],[0.239894,0.31816,-0.917183]],[[0.962318,-0.202542,0.18144],[-0.237379,-0.951194,0.197185],[0.132646,-0.232825,-0.96343]]],"btipPosition":[-3.60859,241.223,20.2634],"carpPosition":[2.31592,286.906,45.8203],"dipPosition":[-1.13023,236.873,2.26272],"direction":[-0.239894,-0.31816,0.917183],"extended":false,"handId":506,"id":5063,"length":64.4285,"mcpPosition":[13.2656,289.074,-15.8171],"pipPosition":[5.51531,245.687,-23.1451],"stabilizedTipPosition":[-5.75046,241.122,3.45087],"timeVisible":174.48,"tipPosition":[-3.02663,240.083,15.6936],"tipVelocity":[19.1135,1.7526,166.932],"tool":false,"touchDistance":0.333333,"touchZone":"none","type":3,"width":18.077},{"bases":[[[0.893513,-0.363549,0.263564],[0.324662,0.928521,0.180121],[-0.310207,-0.0753711,0.947676]],[[0.896023,-0.36292,0.255796],[0.332915,0.167949,-0.92788],[0.293785,0.91656,0.271308]],[[0.896023,-0.36292,0.255796],[-0.221605,-0.864758,-0.45065],[0.384751,0.347107,-0.855268]],[[0.896023,-0.36292,0.255796],[-0.394434,-0.915145,0.0832606],[0.203873,-0.175498,-0.963139]]],"btipPosition":[10.8493,247.579,16.2092],"carpPosition":[14.2893,279.381,47.4242],"dipPosition":[14.3635,244.554,-0.392182],"direction":[-0.384751,-0.347107,0.855268],"extended":false,"handId":506,"id":5064,"length":50.5107,"mcpPosition":[32.2767,283.752,-7.52697],"pipPosition":[21.8887,251.343,-17.1202],"stabilizedTipPosition":[9.13151,248.2,0.516547],"timeVisible":174.48,"tipPosition":[11.855,246.797,12.1452],"tipVelocity":[17.4706,-2.26034,159.576],"tool":false,"touchDistance":0.333333,"touchZone":"none","type":4,"width":16.0574}],"r":[[0.467085,0.368479,0.803775],[0.883017,-0.241632,-0.402361],[0.0459564,0.897684,-0.438237]],"s":1.38653,"t":[7.85064,19.4743,-7.05297],"timestamp":97988953287},false],[5,{"currentFrameRate":106.504,"devices":[],"gestures":[],"hands":[{"armBasis":[[0.956794,0.179129,-0.229036],[-0.0416189,0.863959,0.501839],[0.287771,-0.470625,0.834086]],"armWidth":63.72,"confidence":0.642118,"direction":[0.0492165,0.179263,-0.982569],"elbow":[76.1243,148.673,281.169],"grabStrength":0,"id":506,"palmNormal":[0.0264506,-0.98365,-0.178135],"palmPosition":[-6.4129,281.042,1.73208],"palmVelocity":[11.2726,-2.79278,143.627],"palmWidth":90.99,"pinchStrength":0.388082,"r":[[0.468832,0.368803,0.802609],[0.882071,-0.243145,-0.403523],[0.0463297,0.897143,-0.439305]],"s":1.38655,"sphereCenter":[-56.2338,268.042,-28.4653],"sphereRadius":68.5808,"stabilizedPalmPosition":[-7.52557,281.237,-7.81983],"t":[7.87638,19.4503,-5.77556],"timeVisible":174.489,"type":"right","wrist":[-1.57402,275.742,55.9655]}],"id":1816789,"interactionBox":{"center":[0,200,0],"size":[235.247,235.247,147.751]},"pointables":[{"bases":[[[0.387714,0.921714,-0.0110135],[-0.834573,0.356082,0.420349],[0.391363,-0.153784,0.907296]],[[0.325567,0.934322,-0.145084],[-0.933481,0.293207,-0.206502],[-0.1504,0.202663,0.96763]],[[0.325567,0.934322,-0.145084],[-0.873493,0.238464,-0.424435],[-0.361961,0.264911,0.893759]],[[0.325567,0.934322,-0.145084],[-0.706642,0.138482,-0.693888],[-0.628223,0.328429,0.705316]]],"btipPosition":[4.63124,237.179,-39.3933],"carpPosition":[-29.9203,264.014,55.8887],"dipPosition":[-10.0714,244.865,-22.8863],"direction":[0.361961,-0.264911,-0.893759],"extended":false,"handId":506,"id":5060,"length":52.1164,"mcpPosition":[-29.9203,264.014,55.8887],"pipPosition":[-22.4127,253.898,7.58694],"stabilizedTipPosition":[0.00464345,239.47,-45.7399],"timeVisible":174.489,"tipPosition":[0.549424,238.982,-35.8411],"tipVelocity":[12.6548,-9.76773,155.628],"tool":false,"touchDistance":-0.0294033,"touchZone":"touching","type":0,"width":20.25},{"bases":[[[0.992527,0.0470764,-0.112576],[-0.0438285,0.998553,0.0311548],[0.11388,-0.0259879,0.993155]],[[0.99886,0.0443895,-0.0175488],[-0.0294795,0.862844,0.504609],[0.0375413,-0.503517,0.863169]],[[0.99886,0.0443895,-0.0175488],[-0.0347263,0.928036,0.370869],[0.0327486,-0.369837,0.928519]],[[0.99886,0.0443895,-0.0175488],[-0.0389162,0.970218,0.239086],[0.0276391,-0.23813,0.97084]]],"btipPosition":[-33.1129,321.857,-99.8933],"carpPosition":[-21.8581,285.305,49.2866],"dipPosition":[-32.6406,317.788,-83.3059],"direction":[-0.0327486,0.369837,-0.928519],"extended":true,"handId":506,"id":5061,"length":58.8075,"mcpPosition":[-30.2362,287.217,-23.7794],"pipPosition":[-31.8491,308.849,-60.8632],"stabilizedTipPosition":[-33.4403,322.294,-107.383],"timeVisible":174.489,"tipPosition":[-33.1879,320.781,-96.1013],"tipVelocity":[2.92768,-17.6693,140.041],"tool":false,"touchDistance":-0.0153605,"touchZone":"touching","type":1,"width":19.3428},{"bases":[[[0.991619,-0.127791,0.0189868],[0.127112,0.991323,0.0334709],[-0.0230993,-0.0307769,0.999259]],[[0.991452,-0.127985,0.0253608],[0.0468736,0.167995,-0.984673],[0.121762,0.977444,0.172558]],[[0.991452,-0.127985,0.0253608],[-0.109787,-0.923378,-0.367858],[0.0704978,0.361929,-0.929536]],[[0.991452,-0.127985,0.0253608],[-0.13046,-0.969637,0.206845],[-0.0018822,-0.208386,-0.978045]]],"btipPosition":[-16.1367,236.251,14.1617],"carpPosition":[-9.91,287.593,47.3833],"dipPosition":[-16.1721,232.336,-4.21772],"direction":[-0.0704978,-0.361929,0.929536],"extended":false,"handId":506,"id":5062,"length":67.0064,"mcpPosition":[-8.29841,289.741,-22.333],"pipPosition":[-14.1674,242.627,-30.6504],"stabilizedTipPosition":[-18.4826,236.158,-4.63926],"timeVisible":174.489,"tipPosition":[-16.161,235.233,9.46809],"tipVelocity":[5.73285,3.72636,158.405],"tool":false,"touchDistance":0.333333,"touchZone":"none","type":2,"width":18.9972},{"bases":[[[0.964989,-0.205291,0.163252],[0.196833,0.978174,0.066579],[-0.173356,-0.0321148,0.984335]],[[0.961897,-0.205808,0.17999],[0.207902,0.123031,-0.970382],[0.177568,0.970828,0.161131]],[[0.961897,-0.205808,0.17999],[-0.132385,-0.926586,-0.352012],[0.239223,0.314771,-0.918527]],[[0.961897,-0.205808,0.17999],[-0.240638,-0.949791,0.199977],[0.129796,-0.23567,-0.963126]]],"btipPosition":[-3.78097,241.268,21.4078],"carpPosition":[2.34574,286.949,46.8258],"dipPosition":[-1.35586,236.865,3.41277],"direction":[-0.239223,-0.314771,0.918527],"extended":false,"handId":506,"id":5063,"length":64.4285,"mcpPosition":[13.2048,288.961,-14.833],"pipPosition":[5.27111,245.585,-22.0323],"stabilizedTipPosition":[-5.73983,241.118,3.50897],"timeVisible":174.489,"tipPosition":[-3.21584,240.11,16.8364],"tipVelocity":[8.10512,2.24897,154.482],"tool":false,"touchDistance":0.333333,"touchZone":"none","type":3,"width":18.077},{"bases":[[[0.892563,-0.36641,0.262821],[0.328433,0.92763,0.177861],[-0.30897,-0.0724327,0.94831]],[[0.895066,-0.365804,0.255039],[0.332045,0.164951,-0.928729],[0.297664,0.915958,0.269106]],[[0.895066,-0.365804,0.255039],[-0.225594,-0.864777,-0.448628],[0.384662,0.344017,-0.856556]],[[0.895066,-0.365804,0.255039],[-0.397744,-0.913488,0.0856683],[0.201637,-0.178119,-0.963128]]],"btipPosition":[10.6848,247.536,17.2759],"carpPosition":[14.2933,279.382,48.4247],"dipPosition":[14.1603,244.466,0.674626],"direction":[-0.384662,-0.344017,0.856556],"extended":false,"handId":506,"id":5064,"length":50.5107,"mcpPosition":[32.209,283.582,-6.56321],"pipPosition":[21.6839,251.195,-16.0786],"stabilizedTipPosition":[9.14126,248.195,0.570199],"timeVisible":174.489,"tipPosition":[11.6793,246.743,13.2128],"tipVelocity":[7.26659,-3.2304,146.809],"tool":false,"touchDistance":0.333333,"touchZone":"none","type":4,"width":16.0574}],"r":[[0.468832,0.368803,0.802609],[0.882071,-0.243145,-0.403523],[0.0463297,0.897143,-0.439305]],"s":1.38655,"t":[7.87638,19.4503,-5.77556],"timestamp":97988962608},false],[6,{"currentFrameRate":106.614,"devices":[],"gestures":[],"hands":[{"armBasis":[[0.955625,0.170482,-0.240245],[-0.0287078,0.865543,0.500012],[0.293185,-0.470927,0.832028]],"armWidth":63.72,"confidence":0.647421,"direction":[0.0465265,0.177162,-0.983081],"elbow":[77.5557,148.558,282.927],"grabStrength":0,"id":506,"palmNormal":[0.0137253,-0.984168,-0.176708],"palmPosition":[-6.64632,280.984,4.06207],"palmVelocity":[1.02592,-3.77716,174.408],"palmWidth":90.99,"pinchStrength":0.386826,"r":[[0.471905,0.368176,0.801094],[0.880323,-0.246604,-0.405239],[0.0483542,0.896456,-0.440488]],"s":1.38636,"sphereCenter":[-56.6017,268.471,-25.8672],"sphereRadius":68.4591,"stabilizedPalmPosition":[-7.5152,281.234,-7.67969],"t":[7.77254,19.4093,-3.97186],"timeVisible":174.498,"type":"right","wrist":[-1.60427,275.709,58.2794]}],"id":1816790,"interactionBox":{"center":[0,200,0],"size":[235.247,235.247,147.751]},"pointables":[{"bases":[[[0.398726,0.916957,-0.0143745],[-0.828142,0.366751,0.42388],[0.393951,-0.157108,0.905604]],[[0.336362,0.930096,-0.147584],[-0.930661,0.30434,-0.203096],[-0.143983,0.205665,0.967973]],[[0.336362,0.930096,-0.147584],[-0.871763,0.248245,-0.422379],[-0.356217,0.270731,0.894323]],[[0.336362,0.930096,-0.147584],[-0.70688,0.145811,-0.692141],[-0.622238,0.337135,0.706512]]],"btipPosition":[3.80557,236.936,-36.9859],"carpPosition":[-30.0898,264.323,58.3603],"dipPosition":[-10.7571,244.826,-20.451],"direction":[0.356217,-0.270731,-0.894323],"extended":false,"handId":506,"id":5060,"length":52.1164,"mcpPosition":[-30.0898,264.323,58.3603],"pipPosition":[-22.9025,254.057,10.0415],"stabilizedTipPosition":[0.010098,239.461,-45.5882],"timeVisible":174.498,"tipPosition":[-0.255542,238.789,-33.4303],"tipVelocity":[-15.0134,-13.0106,185.606],"tool":false,"touchDistance":0.0608258,"touchZone":"hovering","type":0,"width":20.25},{"bases":[[[0.992455,0.0349424,-0.117524],[-0.031647,0.999055,0.0297914],[0.118454,-0.0258473,0.992623]],[[0.999225,0.0323228,-0.0224838],[-0.0166259,0.864006,0.503208],[0.0356912,-0.502443,0.863873]],[[0.999225,0.0323228,-0.0224838],[-0.0217877,0.929554,0.368041],[0.032796,-0.367265,0.929538]],[[0.999225,0.0323228,-0.0224838],[-0.0261475,0.971681,0.234845],[0.0294379,-0.234075,0.971773]]],"btipPosition":[-33.3481,321.869,-97.5265],"carpPosition":[-21.8044,285.505,51.6851],"dipPosition":[-32.8451,317.87,-80.9232],"direction":[-0.032796,0.367265,-0.929538],"extended":true,"handId":506,"id":5061,"length":58.8075,"mcpPosition":[-30.5191,287.407,-21.3418],"pipPosition":[-32.0524,308.993,-58.4559],"stabilizedTipPosition":[-33.439,322.286,-107.301],"timeVisible":174.498,"tipPosition":[-33.412,320.848,-93.7172],"tipVelocity":[-4.82931,-11.8798,173.054],"tool":false,"touchDistance":0.0741472,"touchZone":"hovering","type":1,"width":19.3428},{"bases":[[[0.99009,-0.139701,0.014318],[0.139203,0.98977,0.0312792],[-0.0185412,-0.0289761,0.999408]],[[0.989954,-0.13988,0.0205987],[0.0437921,0.164821,-0.985351],[0.134436,0.976354,0.169291]],[[0.989954,-0.13988,0.0205987],[-0.122841,-0.92305,-0.36454],[0.0700056,0.358347,-0.93096]],[[0.989954,-0.13988,0.0205987],[-0.141072,-0.967445,0.210115],[-0.00946285,-0.210911,-0.97746]]],"btipPosition":[-16.8383,236.381,16.6745],"carpPosition":[-9.83914,287.647,49.7195],"dipPosition":[-17.0161,232.417,-1.69392],"direction":[-0.0700056,-0.358347,0.93096],"extended":false,"handId":506,"id":5062,"length":67.0064,"mcpPosition":[-8.54556,289.668,-20.0072],"pipPosition":[-15.0254,242.607,-28.1671],"stabilizedTipPosition":[-18.4792,236.156,-4.60262],"timeVisible":174.498,"tipPosition":[-16.9012,235.339,11.9773],"tipVelocity":[-18.2045,6.288,190.698],"tool":false,"touchDistance":0.333333,"touchZone":"none","type":2,"width":18.9972},{"bases":[[[0.963241,-0.216655,0.158834],[0.208923,0.975831,0.0640652],[-0.168875,-0.0285261,0.985225]],[[0.960337,-0.217095,0.174996],[0.204757,0.123009,-0.971053],[0.189284,0.968369,0.162582]],[[0.960337,-0.217095,0.174996],[-0.144471,-0.924152,-0.353653],[0.238499,0.314344,-0.918861]],[[0.960337,-0.217095,0.174996],[-0.250585,-0.947189,0.200099],[0.122314,-0.236014,-0.964021]]],"btipPosition":[-4.36596,241.076,23.5903],"carpPosition":[2.40505,286.854,49.1028],"dipPosition":[-2.08065,236.666,5.57854],"direction":[-0.238499,-0.314344,0.918861],"extended":false,"handId":506,"id":5063,"length":64.4285,"mcpPosition":[12.9834,288.641,-12.6117],"pipPosition":[4.52627,245.374,-19.8758],"stabilizedTipPosition":[-5.73453,241.115,3.55346],"timeVisible":174.498,"tipPosition":[-3.8486,239.974,19.1174],"tipVelocity":[-12.9299,-4.26561,177.629],"tool":false,"touchDistance":0.333333,"touchZone":"none","type":3,"width":18.077},{"bases":[[[0.889371,-0.376738,0.259012],[0.340453,0.923875,0.174779],[-0.305141,-0.0672618,0.949929]],[[0.891845,-0.376174,0.251211],[0.329412,0.159511,-0.930615],[0.310002,0.912715,0.266175]],[[0.891845,-0.376174,0.251211],[-0.238226,-0.862698,-0.446095],[0.384528,0.338003,-0.859006]],[[0.891845,-0.376174,0.251211],[-0.4083,-0.908486,0.089135],[0.194691,-0.182064,-0.96382]]],"btipPosition":[10.1239,247.301,19.5757],"carpPosition":[14.2684,279.146,50.655],"dipPosition":[13.4797,244.162,2.96256],"direction":[-0.3