{"sensorType":"Leap","data":[[0,{"currentFrameRate":104.173,"devices":[],"gestures":[],"hands":[{"armBasis":[[0.733079,0.676136,0.0737256],[-0.613204,0.610142,0.501705],[0.294237,-0.412998,0.861892]],"armWidth":63.72,"confidence":0.747143,"direction":[-0.142093,0.581922,-0.800735],"elbow":[74.2918,151.473,313.866],"grabStrength":0,"id":506,"palmNormal":[0.607953,-0.587081,-0.534536],"palmPosition":[-16.1535,287.58,33.545],"palmVelocity":[4.04059,35.3823,-86.5243],"palmWidth":90.99,"pinchStrength":0.611894,"r":[[0.229224,0.171852,0.958083],[0.802513,0.523656,-0.285932],[-0.550844,0.834417,-0.0178794]],"s":1.22547,"sphereCenter":[29.3048,281.676,-0.942652],"sphereRadius":55.2054,"stabilizedPalmPosition":[-20.3786,279.689,65.0027],"t":[-1.86398,25.6458,27.8791],"timeVisible":166.127,"type":"right","wrist":[-5.15229,262.982,81.1548]}],"id":1815898,"interactionBox":{"center":[0,200,0],"size":[235.247,235.247,147.751]},"pointables":[{"bases":[[[-0.257163,0.865107,0.430647],[-0.8451,-0.417461,0.333965],[0.468694,-0.278056,0.838457]],[[-0.382608,0.90859,0.16756],[-0.903271,-0.405977,0.138864],[0.194196,-0.0982214,0.976033]],[[-0.382608,0.90859,0.16756],[-0.916617,-0.350548,-0.192171],[-0.115867,-0.227114,0.966951]],[[-0.382608,0.90859,0.16756],[-0.808489,-0.241481,-0.536687],[-0.447166,-0.340811,0.826977]]],"btipPosition":[-15.6473,259.23,-30.6298],"carpPosition":[-20.3694,238.607,70.4144],"dipPosition":[-26.1126,251.254,-11.2756],"direction":[0.115867,0.227114,-0.966951],"extended":false,"handId":506,"id":5060,"length":52.1164,"mcpPosition":[-20.3694,238.607,70.4144],"pipPosition":[-30.0632,243.51,21.6932],"stabilizedTipPosition":[-20.4209,265.101,82.4136],"timeVisible":166.127,"tipPosition":[-17.9457,258.269,-25.8245],"tipVelocity":[19.4724,15.4434,-79.0412],"tool":false,"touchDistance":-0.478211,"touchZone":"touching","type":0,"width":20.25},{"bases":[[[0.746207,0.65248,0.132079],[-0.641462,0.651666,0.404793],[0.178048,-0.386783,0.904819]],[[0.76636,0.568346,0.29946],[-0.636244,0.735931,0.231513],[-0.0888025,-0.367951,0.925595]],[[0.76636,0.568346,0.29946],[-0.625338,0.766739,0.145131],[-0.147123,-0.298486,0.943006]],[[0.76636,0.568346,0.29946],[-0.613632,0.785591,0.0793956],[-0.190128,-0.244603,0.9508]]],"btipPosition":[-29.9564,316.51,-70.8921],"carpPosition":[-27.4771,260.852,74.4787],"dipPosition":[-33.2048,312.33,-54.6471],"direction":[0.147123,0.298486,-0.943006],"extended":true,"handId":506,"id":5061,"length":58.8075,"mcpPosition":[-40.576,289.308,7.91148],"pipPosition":[-36.7608,305.116,-31.8543],"stabilizedTipPosition":[-43.9626,323.933,-13.72],"timeVisible":166.127,"tipPosition":[-29.6657,314.515,-67.2493],"tipVelocity":[9.33671,30.3429,-94.9794],"tool":false,"touchDistance":-0.49884,"touchZone":"touching","type":1,"width":19.3428},{"bases":[[[0.861749,0.473508,0.182153],[-0.502007,0.743944,0.441062],[0.0733344,-0.471527,0.878797]],[[0.861199,0.476884,0.175833],[-0.287633,0.742489,-0.60496],[-0.41905,0.470416,0.776599]],[[0.861199,0.476884,0.175833],[0.390848,-0.400201,-0.828901],[-0.324921,0.782573,-0.531042]],[[0.861199,0.476884,0.175833],[0.507463,-0.826202,-0.244688],[0.0285854,0.299954,-0.953525]]],"btipPosition":[4.19993,252.47,10.5188],"carpPosition":[-19.5845,270.137,76.2436],"dipPosition":[4.73711,258.107,-7.39982],"direction":[0.324921,-0.782573,0.531042],"extended":false,"handId":506,"id":5062,"length":67.0064,"mcpPosition":[-24.7009,303.035,14.9316],"pipPosition":[-4.50249,280.36,-22.5007],"stabilizedTipPosition":[-9.39958,243.298,102.206],"timeVisible":166.127,"tipPosition":[4.53687,254.006,4.75156],"tipVelocity":[3.56783,13.3823,-21.933],"tool":false,"touchDistance":0.333333,"touchZone":"none","type":2,"width":18.9972},{"bases":[[[0.898523,0.34152,0.275719],[-0.436563,0.760463,0.480738],[-0.0454926,-0.552323,0.832388]],[[0.899173,0.350978,0.261348],[-0.15683,0.816034,-0.556321],[-0.408525,0.459241,0.7888]],[[0.899173,0.350978,0.261348],[0.391078,-0.376574,-0.839792],[-0.196332,0.857325,-0.475865]],[[0.899173,0.350978,0.261348],[0.420835,-0.857274,-0.296613],[0.119942,0.376691,-0.918541]]],"btipPosition":[14.7383,260.274,21.1069],"carpPosition":[-9.56192,276.982,78.1465],"dipPosition":[16.9792,267.312,3.94488],"direction":[0.196332,-0.857325,0.475865],"extended":false,"handId":506,"id":5063,"length":64.4285,"mcpPosition":[-6.71227,311.58,26.0057],"pipPosition":[11.5405,291.061,-9.23754],"stabilizedTipPosition":[-3.58118,248.326,98.7109],"timeVisible":166.127,"tipPosition":[15.58,262.166,15.7049],"tipVelocity":[1.31181,19.5258,-47.2108],"tool":false,"touchDistance":0.333333,"touchZone":"none","type":3,"width":18.077},{"bases":[[[0.946917,0.144923,0.286959],[-0.293788,0.75252,0.589408],[-0.130524,-0.642426,0.755151]],[[0.954857,0.202659,0.217202],[-0.042864,0.817501,-0.574329],[-0.293956,0.539092,0.789284]],[[0.954857,0.202659,0.217202],[0.290207,-0.480178,-0.827773],[-0.0634604,0.853439,-0.517315]],[[0.954857,0.202659,0.217202],[0.262519,-0.917865,-0.29767],[0.139036,0.341252,-0.929632]]],"btipPosition":[21.4046,273.536,33.6834],"carpPosition":[4.59742,277.921,79.2374],"dipPosition":[23.8011,279.418,17.6595],"direction":[0.0634604,-0.853439,0.517315],"extended":false,"handId":506,"id":5064,"length":50.5107,"mcpPosition":[12.1659,315.172,35.4499],"pipPosition":[22.5599,296.11,7.54142],"stabilizedTipPosition":[5.22282,260.145,107.627],"timeVisible":166.127,"tipPosition":[21.9104,274.21,30.6643],"tipVelocity":[3.40436,33.8419,-75.2493],"tool":false,"touchDistance":0.333333,"touchZone":"none","type":4,"width":16.0574}],"r":[[0.229224,0.171852,0.958083],[0.802513,0.523656,-0.285932],[-0.550844,0.834417,-0.0178794]],"s":1.22547,"t":[-1.86398,25.6458,27.8791],"timestamp":97980600771},false],[1,{"currentFrameRate":104.384,"devices":[],"gestures":[],"hands":[{"armBasis":[[0.733357,0.676353,0.068812],[-0.612249,0.613049,0.499321],[0.295532,-0.40831,0.86368]],"armWidth":63.72,"confidence":0.74778,"direction":[-0.138701,0.57983,-0.802844],"elbow":[74.5328,153.387,313.629],"grabStrength":0,"id":506,"palmNormal":[0.607244,-0.590603,-0.531454],"palmPosition":[-16.0908,288.112,32.726],"palmVelocity":[4.81821,41.6686,-87.2641],"palmWidth":90.99,"pinchStrength":0.612101,"r":[[0.227085,0.174252,0.958159],[0.804359,0.521105,-0.285403],[-0.549034,0.835515,-0.0218265]],"s":1.22767,"sphereCenter":[29.2254,281.956,-1.68288],"sphereRadius":55.1246,"stabilizedPalmPosition":[-20.3784,279.689,65.0017],"t":[-1.81988,26.0712,27.1874],"timeVisible":166.137,"type":"right","wrist":[-5.26087,263.631,80.435]}],"id":1815899,"interactionBox":{"center":[0,200,0],"size":[235.247,235.247,147.751]},"pointables":[{"bases":[[[-0.255398,0.867235,0.427406],[-0.847041,-0.41384,0.333555],[0.466148,-0.276841,0.840277]],[[-0.380265,0.910273,0.163713],[-0.904773,-0.402831,0.138247],[0.191791,-0.0955531,0.976773]],[[-0.380265,0.910273,0.163713],[-0.917242,-0.348471,-0.192966],[-0.118603,-0.223543,0.967451]],[[-0.380265,0.910273,0.163713],[-0.808013,-0.240842,-0.53769],[-0.450016,-0.336747,0.827095]]],"btipPosition":[-15.5283,259.541,-31.3608],"carpPosition":[-20.5303,239.268,69.7402],"dipPosition":[-26.0603,251.66,-12.0038],"direction":[0.118603,0.223543,-0.967451],"extended":false,"handId":506,"id":5060,"length":52.1164,"mcpPosition":[-20.5303,239.268,69.7402],"pipPosition":[-30.1041,244.038,20.982],"stabilizedTipPosition":[-20.4209,265.101,82.4132],"timeVisible":166.137,"tipPosition":[-17.847,258.591,-26.5636],"tipVelocity":[17.1873,21.248,-79.1729],"tool":false,"touchDistance":-0.469678,"touchZone":"touching","type":0,"width":20.25},{"bases":[[[0.747921,0.650622,0.131547],[-0.640293,0.654882,0.401441],[0.175039,-0.384475,0.906389]],[[0.767452,0.567377,0.298497],[-0.634946,0.737059,0.231493],[-0.0886661,-0.367189,0.925911]],[[0.767452,0.567377,0.298497],[-0.624075,0.767755,0.145197],[-0.146791,-0.297716,0.943301]],[[0.767452,0.567377,0.298497],[-0.612394,0.786552,0.0794358],[-0.189713,-0.243761,0.951099]]],"btipPosition":[-29.8574,316.969,-71.7919],"carpPosition":[-27.5785,261.547,73.7202],"dipPosition":[-33.0987,312.804,-55.5418],"direction":[0.146791,0.297716,-0.943301],"extended":true,"handId":506,"id":5061,"length":58.8075,"mcpPosition":[-40.456,289.833,7.03755],"pipPosition":[-36.6467,305.608,-32.7418],"stabilizedTipPosition":[-43.9622,323.933,-13.7217],"timeVisible":166.137,"tipPosition":[-29.564,314.986,-68.1464],"tipVelocity":[9.78901,35.9416,-95.7756],"tool":false,"touchDistance":-0.490768,"touchZone":"touching","type":1,"width":19.3428},{"bases":[[[0.862816,0.471458,0.182417],[-0.500632,0.746849,0.437704],[0.0701208,-0.468981,0.88042]],[[0.862291,0.47481,0.176098],[-0.284159,0.741485,-0.607827],[-0.419176,0.474084,0.774297]],[[0.862291,0.47481,0.176098],[0.391307,-0.40398,-0.826849],[-0.321456,0.781893,-0.534144]],[[0.862291,0.47481,0.176098],[0.505436,-0.828516,-0.24103],[0.0314568,0.296844,-0.954408]]],"btipPosition":[4.20095,252.87,9.84979],"carpPosition":[-19.6612,270.814,75.472],"dipPosition":[4.79208,258.448,-8.08544],"direction":[0.321456,-0.781893,0.534144],"extended":false,"handId":506,"id":5062,"length":67.0064,"mcpPosition":[-24.5534,303.534,14.0468],"pipPosition":[-4.34896,280.683,-23.2746],"stabilizedTipPosition":[-9.39942,243.298,102.205],"timeVisible":166.137,"tipPosition":[4.55333,254.384,4.09019],"tipVelocity":[2.97955,21.3996,-36.2703],"tool":false,"touchDistance":0.333333,"touchZone":"none","type":2,"width":18.9972},{"bases":[[[0.898999,0.339654,0.276472],[-0.435218,0.763293,0.477461],[-0.0488575,-0.549562,0.834023]],[[0.899706,0.34906,0.26208],[-0.153248,0.814798,-0.559124],[-0.40871,0.462884,0.786572]],[[0.899706,0.34906,0.26208],[0.391612,-0.380308,-0.837858],[-0.192792,0.85646,-0.478861]],[[0.899706,0.34906,0.26208],[0.41883,-0.859449,-0.293136],[0.122922,0.373503,-0.919449]]],"btipPosition":[14.7437,260.673,20.4313],"carpPosition":[-9.62177,277.634,77.3738],"dipPosition":[17.0404,267.652,3.2523],"direction":[0.192792,-0.85646,0.478861],"extended":false,"handId":506,"id":5063,"length":64.4285,"mcpPosition":[-6.56134,312.059,25.1306],"pipPosition":[11.6996,291.378,-10.0131],"stabilizedTipPosition":[-3.58111,248.326,98.7106],"timeVisible":166.137,"tipPosition":[15.5985,262.543,15.0414],"tipVelocity":[1.50016,25.8155,-54.6894],"tool":false,"touchDistance":0.333333,"touchZone":"none","type":3,"width":18.077},{"bases":[[[0.946772,0.142947,0.288426],[-0.292688,0.755259,0.586445],[-0.134006,-0.639649,0.756896]],[[0.955032,0.20048,0.218454],[-0.0392447,0.815753,-0.577067],[-0.293895,0.542544,0.786938]],[[0.955032,0.20048,0.218454],[0.290422,-0.484045,-0.825443],[-0.0597436,0.851768,-0.520502]],[[0.955032,0.20048,0.218454],[0.260266,-0.919776,-0.293723],[0.142043,0.337371,-0.930594]]],"btipPosition":[21.4205,273.965,32.9971],"carpPosition":[4.53813,278.533,78.4906],"dipPosition":[23.8689,279.78,16.9567],"direction":[0.0597436,-0.851768,0.520502],"extended":false,"handId":506,"id":5064,"length":50.5107,"mcpPosition":[12.3085,315.623,34.6018],"pipPosition":[22.7004,296.439,6.77628],"stabilizedTipPosition":[5.22315,260.146,107.626],"timeVisible":166.137,"tipPosition":[21.9369,274.634,29.9601],"tipVelocity":[3.30141,36.9645,-75.2151],"tool":false,"touchDistance":0.333333,"touchZone":"none","type":4,"width":16.0574}],"r":[[0.227085,0.174252,0.958159],[0.804359,0.521105,-0.285403],[-0.549034,0.835515,-0.0218265]],"s":1.22767,"t":[-1.81988,26.0712,27.1874],"timestamp":97980609956},false],[2,{"currentFrameRate":104.578,"devices":[],"gestures":[],"hands":[{"armBasis":[[0.729613,0.680355,0.0691536],[-0.617622,0.612149,0.493778],[0.293612,-0.402978,0.866834]],"armWidth":63.72,"confidence":0.656698,"direction":[-0.133863,0.577944,-0.805023],"elbow":[73.5872,155.785,313.229],"grabStrength":0,"id":506,"palmNormal":[0.612872,-0.59008,-0.525542],"palmPosition":[-16.2053,288.951,31.3444],"palmVelocity":[-0.0117529,55.5385,-104.863],"palmWidth":90.99,"pinchStrength":0.61196,"r":[[0.223787,0.176661,0.958494],[0.806015,0.51936,-0.28391],[-0.547959,0.836096,-0.0261651]],"s":1.22963,"sphereCenter":[29.1793,282.853,-2.7291],"sphereRadius":55.0387,"stabilizedPalmPosition":[-20.3782,279.69,64.9998],"t":[-1.8551,26.7036,26.1508],"timeVisible":166.146,"type":"right","wrist":[-5.68806,264.589,79.1839]}],"id":1815900,"interactionBox":{"center":[0,200,0],"size":[235.247,235.247,147.751]},"pointables":[{"bases":[[[-0.260918,0.867401,0.423719],[-0.848585,-0.415343,0.32771],[0.460244,-0.274056,0.844434]],[[-0.383903,0.909621,0.158769],[-0.904805,-0.404889,0.131883],[0.184248,-0.0930247,0.978468]],[[-0.383903,0.909621,0.158769],[-0.914777,-0.351257,-0.199502],[-0.125702,-0.221828,0.96695]],[[-0.383903,0.909621,0.158769],[-0.803052,-0.244035,-0.543649],[-0.45577,-0.336208,0.824159]]],"btipPosition":[-15.0566,260.243,-32.6828],"carpPosition":[-20.812,240.167,68.417],"dipPosition":[-25.7233,252.374,-13.3945],"direction":[0.125702,0.221828,-0.96695],"extended":false,"handId":506,"id":5060,"length":52.1164,"mcpPosition":[-20.812,240.167,68.417],"pipPosition":[-30.0092,244.811,19.5742],"stabilizedTipPosition":[-20.4208,265.101,82.4121],"timeVisible":166.146,"tipPosition":[-17.4177,259.285,-27.9083],"tipVelocity":[25.7795,36.7341,-97.706],"tool":false,"touchDistance":-0.47111,"touchZone":"touching","type":0,"width":20.25},{"bases":[[[0.74523,0.652761,0.136144],[-0.645063,0.654026,0.395151],[0.168897,-0.382299,0.908472]],[[0.763642,0.570235,0.302792],[-0.63914,0.734047,0.229513],[-0.091387,-0.368792,0.925008]],[[0.763642,0.570235,0.302792],[-0.628064,0.764777,0.143707],[-0.149622,-0.299913,0.94216]],[[0.763642,0.570235,0.302792],[-0.616215,0.783684,0.0782191],[-0.19269,-0.246317,0.949841]]],"btipPosition":[-29.5379,317.864,-73.2788],"carpPosition":[-27.9471,262.436,72.2987],"dipPosition":[-32.8301,313.655,-57.0502],"direction":[0.149622,0.299913,-0.94216],"extended":true,"handId":506,"id":5061,"length":58.8075,"mcpPosition":[-40.3728,290.562,5.46275],"pipPosition":[-36.4466,306.406,-34.2778],"stabilizedTipPosition":[-43.9614,323.932,-13.7248],"timeVisible":166.146,"tipPosition":[-29.2442,315.867,-69.6366],"tipVelocity":[16.4081,52.7806,-114.35],"tool":false,"touchDistance":-0.492403,"touchZone":"touching","type":1,"width":19.3428},{"bases":[[[0.860172,0.473986,0.188258],[-0.505922,0.746415,0.432328],[0.0643986,-0.46712,0.881845]],[[0.85969,0.477313,0.181949],[-0.281136,0.739505,-0.611632],[-0.426492,0.474662,0.769935]],[[0.85969,0.477313,0.181949],[0.398933,-0.404892,-0.822749],[-0.319039,0.779894,-0.538497]],[[0.85969,0.477313,0.181949],[0.509369,-0.827827,-0.235044],[0.0384323,0.294744,-0.954803]]],"btipPosition":[4.34715,253.721,8.7143],"carpPosition":[-20.0671,271.726,74.0945],"dipPosition":[5.06937,259.26,-9.22836],"direction":[0.319039,-0.779894,0.538497],"extended":false,"handId":506,"id":5062,"length":67.0064,"mcpPosition":[-24.5601,304.316,12.5699],"pipPosition":[-4.00296,281.437,-24.5413],"stabilizedTipPosition":[-9.39905,243.299,102.202],"timeVisible":166.146,"tipPosition":[4.73955,255.218,2.97877],"tipVelocity":[7.50836,41.0063,-60.7037],"tool":false,"touchDistance":0.333333,"touchZone":"none","type":2,"width":18.9972},{"bases":[[[0.895948,0.342453,0.282847],[-0.440863,0.763101,0.472564],[-0.0540096,-0.54809,0.834674]],[[0.896745,0.351831,0.268448],[-0.150873,0.813305,-0.561937],[-0.416036,0.463412,0.782408]],[[0.896745,0.351831,0.268448],[0.399137,-0.380983,-0.833991],[-0.19115,0.855025,-0.482073]],[[0.896745,0.351831,0.268448],[0.423265,-0.858966,-0.288139],[0.129211,0.372012,-0.919191]]],"btipPosition":[14.7925,261.566,19.3486],"carpPosition":[-10.06,278.576,76.0617],"dipPosition":[17.2067,268.517,2.17443],"direction":[0.19115,-0.855025,0.482073],"extended":false,"handId":506,"id":5063,"length":64.4285,"mcpPosition":[-6.67686,312.908,23.7777],"pipPosition":[11.9115,292.203,-11.18],"stabilizedTipPosition":[-3.58091,248.326,98.7097],"timeVisible":166.146,"tipPosition":[15.6821,263.426,13.9735],"tipVelocity":[3.38717,45.5508,-72.2795],"tool":false,"touchDistance":0.333333,"touchZone":"none","type":3,"width":18.077},{"bases":[[[0.94412,0.145891,0.295555],[-0.299171,0.755635,0.582677],[-0.138324,-0.638539,0.757056]],[[0.952786,0.203333,0.225511],[-0.0367716,0.814482,-0.579022],[-0.301409,0.543392,0.783504]],[[0.952786,0.203333,0.225511],[0.298104,-0.48516,-0.822043],[-0.0577399,0.850456,-0.522868]],[[0.952786,0.203333,0.225511],[0.264826,-0.919797,-0.289553],[0.148548,0.335603,-0.930217]]],"btipPosition":[21.3356,274.905,31.9461],"carpPosition":[4.08839,279.512,77.2876],"dipPosition":[23.8961,280.69,15.9121],"direction":[0.0577399,-0.850456,0.522868],"extended":false,"handId":506,"id":5064,"length":50.5107,"mcpPosition":[12.1092,316.538,33.3895],"pipPosition":[22.7667,297.324,5.68544],"stabilizedTipPosition":[5.22384,260.146,107.622],"timeVisible":166.146,"tipPosition":[21.876,275.577,28.8984],"tipVelocity":[0.578719,55.0208,-86.0906],"tool":false,"touchDistance":0.333333,"touchZone":"none","type":4,"width":16.0574}],"r":[[0.223787,0.176661,0.958494],[0.806015,0.51936,-0.28391],[-0.547959,0.836096,-0.0261651]],"s":1.22963,"t":[-1.8551,26.7036,26.1508],"timestamp":97980619155},false],[3,{"currentFrameRate":104.83,"devices":[],"gestures":[],"hands":[{"armBasis":[[0.734779,0.675704,0.0593628],[-0.611792,0.62239,0.488201],[0.292933,-0.395038,0.87071]],"armWidth":63.72,"confidence":0.658628,"direction":[-0.125738,0.576261,-0.807535],"elbow":[73.135,158.553,312.745],"grabStrength":0,"id":506,"palmNormal":[0.607113,-0.599077,-0.522035],"palmPosition":[-16.1047,289.506,29.6984],"palmVelocity":[3.05667,57.0911,-126.04],"palmWidth":90.99,"pinchStrength":0.611029,"r":[[0.221184,0.178837,0.958694],[0.808621,0.515904,-0.282798],[-0.545169,0.837771,-0.0305014]],"s":1.2316,"sphereCenter":[29.0185,282.772,-4.28618],"sphereRadius":54.9342,"stabilizedPalmPosition":[-20.3778,279.691,64.9968],"t":[-1.82241,27.2972,24.8095],"timeVisible":166.155,"type":"right","wrist":[-5.95679,265.213,77.6531]}],"id":1815901,"interactionBox":{"center":[0,200,0],"size":[235.247,235.247,147.751]},"pointables":[{"bases":[[[-0.251831,0.871972,0.419816],[-0.853883,-0.404368,0.327674],[0.455483,-0.275955,0.846395]],[[-0.373895,0.91455,0.154274],[-0.909599,-0.394079,0.131652],[0.181198,-0.0911031,0.979218]],[[-0.373895,0.91455,0.154274],[-0.918295,-0.341699,-0.19994],[-0.13014,-0.216425,0.967586]],[[-0.373895,0.91455,0.154274],[-0.804636,-0.237132,-0.544362],[-0.461263,-0.327668,0.824542]]],"btipPosition":[-15.1498,260.519,-34.2157],"carpPosition":[-21.3373,240.924,66.9522],"dipPosition":[-25.945,252.85,-14.9184],"direction":[0.13014,0.216425,-0.967586],"extended":false,"handId":506,"id":5060,"length":52.1164,"mcpPosition":[-21.3373,240.924,66.9522],"pipPosition":[-30.3822,245.471,18.072],"stabilizedTipPosition":[-20.4208,265.101,82.4108],"timeVisible":166.155,"tipPosition":[-17.5375,259.597,-29.448],"tipVelocity":[14.913,36.4034,-117.349],"tool":false,"touchDistance":-0.475295,"touchZone":"touching","type":0,"width":20.25},{"bases":[[[0.752354,0.644768,0.135045],[-0.638325,0.662872,0.391333],[0.162801,-0.380623,0.910287]],[[0.769495,0.562998,0.301513],[-0.631749,0.740236,0.230094],[-0.0936487,-0.367537,0.925282]],[[0.769495,0.562998,0.301513],[-0.620529,0.770763,0.144456],[-0.151067,-0.298256,0.942455]],[[0.769495,0.562998,0.301513],[-0.608605,0.789533,0.0789783],[-0.19359,-0.244276,0.950185]]],"btipPosition":[-29.2206,318.463,-75.0028],"carpPosition":[-28.2257,263.287,70.7329],"dipPosition":[-32.5282,314.289,-58.7683],"direction":[0.151067,0.298256,-0.942455],"extended":true,"handId":506,"id":5061,"length":58.8075,"mcpPosition":[-40.2029,291.29,3.76352],"pipPosition":[-36.1795,307.08,-35.9888],"stabilizedTipPosition":[-43.9603,323.932,-13.7294],"timeVisible":166.155,"tipPosition":[-28.9354,316.456,-71.3628],"tipVelocity":[21.4355,56.69,-135.239],"tool":false,"touchDistance":-0.497336,"touchZone":"touching","type":1,"width":19.3428},{"bases":[[[0.865154,0.464903,0.188082],[-0.498212,0.753818,0.42842],[0.0573941,-0.464354,0.883788]],[[0.864718,0.46823,0.181721],[-0.271212,0.739827,-0.615711],[-0.422736,0.483132,0.766732]],[[0.864718,0.46823,0.181721],[0.396288,-0.413768,-0.819605],[-0.308574,0.780741,-0.543347]],[[0.864718,0.46823,0.181721],[0.500301,-0.834898,-0.229445],[0.0442848,0.289321,-0.956207]]],"btipPosition":[4.07041,253.965,7.3108],"carpPosition":[-20.2439,272.494,72.5078],"dipPosition":[4.90261,259.402,-10.6582],"direction":[0.308574,-0.780741,0.543347],"extended":false,"handId":506,"id":5062,"length":67.0064,"mcpPosition":[-24.2482,304.891,10.8477],"pipPosition":[-3.87211,281.604,-26.1091],"stabilizedTipPosition":[-9.39864,243.299,102.2],"timeVisible":166.155,"tipPosition":[4.491,255.421,1.60216],"tipVelocity":[-2.22911,36.4069,-86.8797],"tool":false,"touchDistance":0.333333,"touchZone":"none","type":2,"width":18.9972},{"bases":[[[0.899249,0.333344,0.283254],[-0.433044,0.76992,0.468718],[-0.0618384,-0.544155,0.836703]],[[0.900171,0.342559,0.268969],[-0.138906,0.811116,-0.568152],[-0.412791,0.474073,0.777727]],[[0.900171,0.342559,0.268969],[0.397184,-0.392269,-0.829681],[-0.178706,0.853685,-0.489168]],[[0.900171,0.342559,0.268969],[0.413559,-0.865975,-0.281169],[0.136604,0.364335,-0.921195]]],"btipPosition":[14.5519,261.685,18.0707],"carpPosition":[-10.1632,279.237,74.4678],"dipPosition":[17.1042,268.493,0.859148],"direction":[0.178706,-0.853685,0.489168],"extended":false,"handId":506,"id":5063,"length":64.4285,"mcpPosition":[-6.28967,313.323,22.0567],"pipPosition":[12.1537,292.141,-12.6918],"stabilizedTipPosition":[-3.58067,248.326,98.7086],"timeVisible":166.155,"tipPosition":[15.4728,263.507,12.7037],"tipVelocity":[-3.91423,35.5823,-91.5044],"tool":false,"touchDistance":0.333333,"touchZone":"none","type":3,"width":18.077},{"bases":[[[0.945155,0.136298,0.296824],[-0.291657,0.761275,0.579135],[-0.14703,-0.633943,0.759275]],[[0.954614,0.193429,0.226488],[-0.0265562,0.81267,-0.582118],[-0.296659,0.549684,0.780924]],[[0.954614,0.193429,0.226488],[0.294093,-0.491818,-0.819527],[-0.0471292,0.848941,-0.526382]],[[0.954614,0.193429,0.226488],[0.254875,-0.923973,-0.285155],[0.154112,0.329939,-0.931337]]],"btipPosition":[21.2731,275.049,30.4267],"carpPosition":[3.99257,280.017,75.7176],"dipPosition":[23.9295,280.736,14.3734],"direction":[0.0471292,-0.848941,0.526382],"extended":false,"handId":506,"id":5064,"length":50.5107,"mcpPosition":[12.5181,316.777,31.6909],"pipPosition":[23.0077,297.34,4.07803],"stabilizedTipPosition":[5.22459,260.147,107.619],"timeVisible":166.155,"tipPosition":[21.8275,275.706,27.3681],"tipVelocity":[-0.812059,43.4958,-108.731],"tool":false,"touchDistance":0.333333,"touchZone":"none","type":4,"width":16.0574}],"r":[[0.221184,0.178837,0.958694],[0.808621,0.515904,-0.282798],[-0.545169,0.837771,-0.0305014]],"s":1.2316,"t":[-1.82241,27.2972,24.8095],"timestamp":97980628225},false],[4,{"currentFrameRate":104.949,"devices":[],"gestures":[],"hands":[{"armBasis":[[0.737375,0.673199,0.0555055],[-0.609692,0.627932,0.483712],[0.29078,-0.390518,0.873466]],"armWidth":63.72,"confidence":0.663732,"direction":[-0.120993,0.574317,-0.809642],"elbow":[72.3987,160.265,312.44],"grabStrength":0,"id":506,"palmNormal":[0.605071,-0.603923,-0.518813],"palmPosition":[-16.0302,289.897,28.5502],"palmVelocity":[4.45533,52.8281,-125.289],"palmWidth":90.99,"pinchStrength":0.6102,"r":[[0.218886,0.180968,0.958822],[0.811354,0.512105,-0.281876],[-0.542028,0.839642,-0.0347369]],"s":1.23351,"sphereCenter":[28.9225,282.839,-5.32993],"sphereRadius":54.8511,"stabilizedPalmPosition":[-20.3774,279.692,64.9929],"t":[-1.7688,27.7894,23.5647],"timeVisible":166.164,"type":"right","wrist":[-6.11197,265.705,76.6041]}],"id":1815902,"interactionBox":{"center":[0,200,0],"size":[235.247,235.247,147.751]},"pointables":[{"bases":[[[-0.248145,0.874623,0.416483],[-0.856689,-0.398834,0.327133],[0.452226,-0.27562,0.848248]],[[-0.369489,0.916989,0.150363],[-0.911925,-0.388915,0.130915],[0.178526,-0.0887484,0.979925]],[[-0.369489,0.916989,0.150363],[-0.919609,-0.337612,-0.200843],[-0.133406,-0.212485,0.968015]],[[-0.369489,0.916989,0.150363],[-0.804608,-0.234771,-0.545425],[-0.464848,-0.322512,0.824562]]],"btipPosition":[-15.0808,260.685,-35.2703],"carpPosition":[-21.5969,241.462,65.9479],"dipPosition":[-25.9599,253.137,-15.9726],"direction":[0.133406,0.212485,-0.968015],"extended":false,"handId":506,"id":5060,"length":52.1164,"mcpPosition":[-21.5969,241.462,65.9479],"pipPosition":[-30.5084,245.892,17.0325],"stabilizedTipPosition":[-20.4208,265.101,82.4092],"timeVisible":166.164,"tipPosition":[-17.4899,259.781,-30.5105],"tipVelocity":[12.2111,32.0071,-116.21],"tool":false,"touchDistance":-0.471917,"touchZone":"touching","type":0,"width":20.25},{"bases":[[[0.755438,0.641247,0.134596],[-0.63567,0.667461,0.38784],[0.158864,-0.378547,0.911847]],[[0.771789,0.5601,0.301047],[-0.628806,0.742668,0.23032],[-0.0945757,-0.367058,0.925378]],[[0.771789,0.5601,0.301047],[-0.617542,0.773084,0.144855],[-0.151601,-0.297706,0.942543]],[[0.771789,0.5601,0.301047],[-0.605598,0.791799,0.0794132],[-0.193889,-0.243603,0.950297]]],"btipPosition":[-29.0233,318.851,-76.2164],"carpPosition":[-28.3759,263.874,69.6423],"dipPosition":[-32.336,314.689,-59.98],"direction":[0.151601,0.297706,-0.942543],"extended":true,"handId":506,"id":5061,"length":58.8075,"mcpPosition":[-40.0634,291.724,2.55812],"pipPosition":[-36.0002,307.493,-37.1983],"stabilizedTipPosition":[-43.9587,323.931,-13.7358],"timeVisible":166.164,"tipPosition":[-28.7514,316.842,-72.5792],"tipVelocity":[21.3346,52.55,-133.86],"tool":false,"touchDistance":-0.494132,"touchZone":"touching","type":1,"width":19.3428},{"bases":[[[0.867179,0.460964,0.18845],[-0.495161,0.757789,0.424937],[0.0530753,-0.461809,0.88539]],[[0.866769,0.464317,0.181992],[-0.265802,0.738884,-0.619193],[-0.421973,0.488323,0.763858]],[[0.866769,0.464317,0.181992],[0.396269,-0.419663,-0.816611],[-0.302791,0.779931,-0.547746]],[[0.866769,0.464317,0.181992],[0.496338,-0.838705,-0.224105],[0.0485818,0.284577,-0.957422]]],"btipPosition":[3.98394,254.2,6.38248],"carpPosition":[-20.3497,273.044,71.4049],"dipPosition":[4.89689,259.548,-11.6094],"direction":[0.302791,-0.779931,0.547746],"extended":false,"handId":506,"id":5062,"length":67.0064,"mcpPosition":[-24.0527,305.264,9.63297],"pipPosition":[-3.7134,281.726,-27.1853],"stabilizedTipPosition":[-9.39823,243.299,102.197],"timeVisible":166.164,"tipPosition":[4.42592,255.616,0.703254],"tipVelocity":[-3.66031,32.6242,-90.6756],"tool":false,"touchDistance":0.333333,"touchZone":"none","type":2,"width":18.9972},{"bases":[[[0.900381,0.329535,0.284115],[-0.429995,0.773679,0.465322],[-0.0664737,-0.541135,0.838304]],[[0.901375,0.338631,0.26991],[-0.131831,0.808292,-0.573834],[-0.412484,0.481657,0.773216]],[[0.901375,0.338631,0.26991],[0.397745,-0.400949,-0.825251],[-0.171235,0.851216,-0.496094]],[[0.901375,0.338631,0.26991],[0.40905,-0.87039,-0.274042],[0.142128,0.357422,-0.923065]]],"btipPosition":[14.4436,261.858,17.2958],"carpPosition":[-10.238,279.74,73.3649],"dipPosition":[17.0991,268.536,0.0492854],"direction":[0.171235,-0.851216,0.496094],"extended":false,"handId":506,"id":5063,"length":64.4285,"mcpPosition":[-6.07407,313.637,20.8535],"pipPosition":[12.3556,292.117,-13.6935],"stabilizedTipPosition":[-3.58041,248.326,98.7074],"timeVisible":166.164,"tipPosition":[15.3882,263.641,11.9392],"tipVelocity":[-5.37488,29.8842,-89.4225],"tool":false,"touchDistance":0.333333,"touchZone":"none","type":3,"width":18.077},{"bases":[[[0.945224,0.132295,0.298413],[-0.28889,0.764647,0.57607],[-0.15197,-0.630724,0.760982]],[[0.955142,0.189251,0.227787],[-0.0212132,0.810915,-0.58478],[-0.295386,0.553716,0.778554]],[[0.955142,0.189251,0.227787],[0.293213,-0.496344,-0.81711],[-0.0415786,0.847247,-0.52957]],[[0.955142,0.189251,0.227787],[0.250583,-0.926401,-0.28105],[0.157833,0.325522,-0.932268]]],"btipPosition":[21.2683,275.262,29.4149],"carpPosition":[3.91902,280.451,74.6425],"dipPosition":[23.9889,280.873,13.3456],"direction":[0.0415786,-0.847247,0.52957],"extended":false,"handId":506,"id":5064,"length":50.5107,"mcpPosition":[12.731,317.023,30.5168],"pipPosition":[23.1756,297.444,2.98782],"stabilizedTipPosition":[5.22534,260.148,107.615],"timeVisible":166.164,"tipPosition":[21.8344,275.911,26.3393],"tipVelocity":[-0.280413,37.1563,-108.842],"tool":false,"touchDistance":0.333333,"touchZone":"none","type":4,"width":16.0574}],"r":[[0.218886,0.180968,0.958822],[0.811354,0.512105,-0.281876],[-0.542028,0.839642,-0.0347369]],"s":1.23351,"t":[-1.7688,27.7894,23.5647],"timestamp":97980637531},false],[5,{"currentFrameRate":105.132,"devices":[],"gestures":[],"hands":[{"armBasis":[[0.740658,0.669641,0.0548261],[-0.608274,0.633646,0.478012],[0.285356,-0.387393,0.876641]],"armWidth":63.72,"confidence":0.640572,"direction":[-0.118778,0.574851,-0.809591],"elbow":[70.9342,161.52,312.442],"grabStrength":0,"id":506,"palmNormal":[0.603133,-0.60593,-0.518729],"palmPosition":[-15.9328,290.349,27.6963],"palmVelocity":[6.17481,51.8346,-116.311],"palmWidth":90.99,"pinchStrength":0.601693,"r":[[0.217123,0.182501,0.958932],[0.813895,0.508508,-0.281061],[-0.538918,0.841495,-0.0381283]],"s":1.23584,"sphereCenter":[28.7226,283.19,-6.15703],"sphereRadius":54.733,"stabilizedPalmPosition":[-20.3767,279.693,64.9878],"t":[-1.69331,28.2614,22.5154],"timeVisible":166.173,"type":"right","wrist":[-6.11194,266.116,75.7494]}],"id":1815903,"interactionBox":{"center":[0,200,0],"size":[235.247,235.247,147.751]},"pointables":[{"bases":[[[-0.245247,0.875412,0.416542],[-0.858154,-0.395924,0.326828],[0.451028,-0.277304,0.848337]],[[-0.366431,0.918238,0.150226],[-0.913292,-0.385816,0.130553],[0.177838,-0.0893615,0.979994]],[[-0.366431,0.918238,0.150226],[-0.920675,-0.33449,-0.201182],[-0.134484,-0.212029,0.967966]],[[-0.366431,0.918238,0.150226],[-0.805164,-0.232017,-0.545782],[-0.466303,-0.320948,0.82435]]],"btipPosition":[-15.0561,261.129,-36.1298],"carpPosition":[-21.6773,241.928,65.0852],"dipPosition":[-25.9692,253.618,-16.8371],"direction":[0.134484,0.212029,-0.967966],"extended":false,"handId":506,"id":5060,"length":52.1164,"mcpPosition":[-21.6773,241.928,65.0852],"pipPosition":[-30.5546,246.389,16.1663],"stabilizedTipPosition":[-20.4207,265.1,82.4071],"timeVisible":166.173,"tipPosition":[-17.4756,260.224,-31.3762],"tipVelocity":[9.31675,36.8487,-109.971],"tool":false,"touchDistance":-0.465968,"touchZone":"touching","type":0,"width":20.25},{"bases":[[[0.757607,0.638617,0.134908],[-0.633475,0.669593,0.387756],[0.157294,-0.379228,0.911836]],[[0.773626,0.557544,0.301079],[-0.62683,0.742886,0.234956],[-0.0926691,-0.370494,0.924201]],[[0.773626,0.557544,0.301079],[-0.615792,0.773528,0.14985],[-0.149345,-0.30133,0.941752]],[[0.773626,0.557544,0.301079],[-0.604024,0.79247,0.0845357],[-0.191464,-0.247258,0.949845]]],"btipPosition":[-29.0898,319.687,-76.9995],"carpPosition":[-28.38,264.362,68.781],"dipPosition":[-32.3611,315.463,-60.7708],"direction":[0.149345,0.30133,-0.941752],"extended":true,"handId":506,"id":5061,"length":58.8075,"mcpPosition":[-39.9521,292.262,1.69759],"pipPosition":[-35.9708,308.179,-38.0083],"stabilizedTipPosition":[-43.9563,323.93,-13.7459],"timeVisible":166.173,"tipPosition":[-28.8099,317.648,-73.3759],"tipVelocity":[13.6474,62.8901,-120.391],"tool":false,"touchDistance":-0.484826,"touchZone":"touching","type":1,"width":19.3428},{"bases":[[[0.86871,0.457942,0.188767],[-0.492666,0.75943,0.424907],[0.0512269,-0.46212,0.885337]],[[0.868314,0.461292,0.182321],[-0.260009,0.736325,-0.624677],[-0.422406,0.49501,0.759301]],[[0.868314,0.461292,0.182321],[0.397997,-0.428584,-0.811119],[-0.296023,0.776869,-0.555738]],[[0.868314,0.461292,0.182321],[0.493069,-0.842735,-0.216057],[0.0539826,0.277502,-0.959207]]],"btipPosition":[3.86673,254.58,6.00905],"carpPosition":[-20.3228,273.505,70.5472],"dipPosition":[4.88117,259.795,-12.0164],"direction":[0.296023,-0.776869,0.555738],"extended":false,"handId":506,"id":5062,"length":67.0064,"mcpPosition":[-23.8968,305.746,8.77905],"pipPosition":[-3.53665,281.886,-27.8196],"stabilizedTipPosition":[-9.39775,243.3,102.193],"timeVisible":166.173,"tipPosition":[4.33609,255.967,0.299756],"tipVelocity":[-5.49461,34.149,-76.9727],"tool":false,"touchDistance":0.333333,"touchZone":"none","type":2,"width":18.9972},{"bases":[[[0.90143,0.326385,0.284423],[-0.427457,0.775089,0.465314],[-0.0685815,-0.541027,0.838205]],[[0.902448,0.335354,0.270417],[-0.126205,0.805974,-0.578341],[-0.411898,0.487794,0.769673]],[[0.902448,0.335354,0.270417],[0.397939,-0.408473,-0.821458],[-0.165021,0.848933,-0.502076]],[[0.902448,0.335354,0.270417],[0.405234,-0.873838,-0.268686],[0.146196,0.352058,-0.92449]]],"btipPosition":[14.3507,262.166,16.799],"carpPosition":[-10.1886,280.166,72.5111],"dipPosition":[17.0822,268.744,-0.474194],"direction":[0.165021,-0.848933,0.502076],"extended":false,"handId":506,"id":5063,"length":64.4285,"mcpPosition":[-5.89263,314.056,20.006],"pipPosition":[12.5108,292.261,-14.3827],"stabilizedTipPosition":[-3.58011,248.327,98.7061],"timeVisible":166.173,"tipPosition":[15.3142,263.931,11.4307],"tipVelocity":[-6.16936,30.2075,-79.7755],"tool":false,"touchDistance":0.333333,"touchZone":"none","type":3,"width":18.077},{"bases":[[[0.945588,0.128989,0.298705],[-0.286417,0.765554,0.576101],[-0.154364,-0.630308,0.760844]],[[0.955737,0.186037,0.227942],[-0.0183711,0.810945,-0.584834],[-0.293649,0.55476,0.778467]],[[0.955737,0.186037,0.227942],[0.291699,-0.497858,-0.816731],[-0.0384598,0.84707,-0.530088]],[[0.955737,0.186037,0.227942],[0.247381,-0.927503,-0.280251],[0.159279,0.324235,-0.932471]]],"btipPosition":[21.3112,275.603,28.59],"carpPosition":[3.97043,280.827,73.7929],"dipPosition":[24.0567,281.192,12.5172],"direction":[0.0384598,-0.84707,0.530088],"extended":false,"handId":506,"id":5064,"length":50.5107,"mcpPosition":[12.9212,317.375,29.6752],"pipPosition":[23.3044,297.76,2.14927],"stabilizedTipPosition":[5.22608,260.149,107.611],"timeVisible":166.173,"tipPosition":[21.8833,276.255,25.4921],"tipVelocity":[1.27666,37.0049,-103.595],"tool":false,"touchDistance":0.333333,"touchZone":"none","type":4,"width":16.0574}],"r":[[0.217123,0.182501,0.958932],[0.813895,0.508508,-0.281061],[-0.538918,0.841495,-0.0381283]],"s":1.23584,"t":[-1.69331,28.2614,22.5154],"timestamp":97980646702},false],[6,{"currentFrameRate":105.232,"devices":[],"gestures":[],"hands":[{"armBasis":[[0.741815,0.668352,0.0549097],[-0.608051,0.63583,0.475389],[0.282814,-0.386039,0.878061]],"armWidth":63.72,"confidence":0.646118,"direction":[-0.116645,0.574662,-0.810036],"elbow":[70.1565,162.257,312.307],"grabStrength":0,"id":506,"palmNormal":[0.602867,-0.607186,-0.517568],"palmPosition":[-15.9142,290.714,27.152],"palmVelocity":[4.99355,48.2624,-99.9398],"palmWidth":90.99,"pinchStrength":0.587804,"r":[[0.215499,0.183751,0.95906],[0.816167,0.505325,-0.28021],[-0.536126,0.843138,-0.0410745]],"s":1.23875,"sphereCenter":[28.4485,283.528,-6.59544],"sphereRadius":54.593,"stabilizedPalmPosition":[-20.3759,279.695,64.981],"t":[-1.64626,28.6801,21.7186],"timeVisible":166.183,"type":"right","wrist":[-6.20336,266.488,75.2308]}],"id":1815904,"interactionBox":{"center":[0,200,0],"size":[235.247,235.247,147.751]},"pointables":[{"bases":[[[-0.244382,0.876021,0.415771],[-0.859287,-0.394331,0.325775],[0.449337,-0.277653,0.84912]],[[-0.365171,0.918923,0.1491],[-0.914118,-0.384254,0.129376],[0.176179,-0.0890501,0.980322]],[[-0.365171,0.918923,0.1491],[-0.920908,-0.333123,-0.202378],[-0.136301,-0.21121,0.967891]],[[-0.365171,0.918923,0.1491],[-0.804675,-0.231029,-0.546922],[-0.468133,-0.319697,0.823799]]],"btipPosition":[-14.9849,261.45,-36.6604],"carpPosition":[-21.7938,242.321,64.5556],"dipPosition":[-25.9409,253.967,-17.3805],"direction":[0.136301,0.21121,-0.967891],"extended":false,"handId":506,"id":5060,"length":52.1164,"mcpPosition":[-21.7938,242.321,64.5556],"pipPosition":[-30.5882,246.766,15.6203],"stabilizedTipPosition":[-20.4206,265.1,82.4041],"timeVisible":166.183,"tipPosition":[-17.4184,260.541,-31.9149],"tipVelocity":[8.5423,36.3465,-95.0651],"tool":false,"touchDistance":-0.455707,"touchZone":"touching","type":0,"width":20.25},{"bases":[[[0.758479,0.637413,0.1357],[-0.632913,0.670837,0.386522],[0.155341,-0.379055,0.912243]],[[0.774118,0.556533,0.30168],[-0.626457,0.742037,0.238608],[-0.0910648,-0.3737,0.923068]],[[0.774118,0.556533,0.30168],[-0.615567,0.772972,0.153597],[-0.147708,-0.304607,0.940955]],[[0.774118,0.556533,0.30168],[-0.603889,0.792172,0.0882111],[-0.18989,-0.250467,0.94932]]],"btipPosition":[-29.1657,320.352,-77.5025],"carpPosition":[-28.4643,264.768,68.231],"dipPosition":[-32.4101,316.073,-61.2828],"direction":[0.147708,0.304607,-0.940955],"extended":true,"handId":506,"id":5061,"length":58.8075,"mcpPosition":[-39.8927,292.655,1.11767],"pipPosition":[-35.9803,308.71,-38.5396],"stabilizedTipPosition":[-43.9521,323.929,-13.764],"timeVisible":166.183,"tipPosition":[-28.8813,318.289,-73.8911],"tipVelocity":[7.67187,64.8991,-101.677],"tool":false,"touchDistance":-0.472253,"touchZone":"touching","type":1,"width":19.3428},{"bases":[[[0.869201,0.456577,0.189805],[-0.492007,0.760457,0.423833],[0.0491738,-0.461782,0.885629]],[[0.868826,0.459882,0.183439],[-0.252799,0.730601,-0.634283],[-0.425716,0.504708,0.751023]],[[0.868826,0.459882,0.183439],[0.403082,-0.441836,-0.80144],[-0.287518,0.770253,-0.569249]],[[0.868826,0.459882,0.183439],[0.491167,-0.847265,-0.202228],[0.0624206,0.265801,-0.962005]]],"btipPosition":[3.69764,254.89,6.28171],"carpPosition":[-20.3943,273.898,70.0045],"dipPosition":[4.87065,259.885,-11.7963],"direction":[0.287518,-0.770253,0.569249],"extended":false,"handId":506,"id":5062,"length":67.0064,"mcpPosition":[-23.825,306.115,8.21593],"pipPosition":[-3.30533,281.788,-27.9837],"stabilizedTipPosition":[-9.39694,243.3,102.187],"timeVisible":166.183,"tipPosition":[4.21436,256.235,0.495321],"tipVelocity":[-7.9655,32.3698,-47.3004],"tool":false,"touchDistance":0.333333,"touchZone":"none","type":2,"width":18.9972},{"bases":[[[0.901564,0.325012,0.28557],[-0.426831,0.776026,0.464327],[-0.0706983,-0.54051,0.838362]],[[0.902599,0.333802,0.271831],[-0.120415,0.80202,-0.585033],[-0.413299,0.495318,0.764097]],[[0.902599,0.333802,0.271831],[0.400242,-0.418224,-0.815411],[-0.158499,0.844787,-0.51109]],[[0.902599,0.333802,0.271831],[0.402845,-0.877564,-0.259995],[0.151762,0.344177,-0.926559]]],"btipPosition":[14.198,262.437,16.7954],"carpPosition":[-10.2518,280.543,71.9799],"dipPosition":[17.0335,268.867,-0.516424],"direction":[0.158499,-0.844787,0.51109],"extended":false,"handId":506,"id":5063,"length":64.4285,"mcpPosition":[-5.82324,314.4,19.4649],"pipPosition":[12.6428,292.27,-14.6746],"stabilizedTipPosition":[-3.57966,248.327,98.704],"timeVisible":166.183,"tipPosition":[15.1944,264.173,11.3925],"tipVelocity":[-8.33247,28.8539,-57.5964],"tool":false,"touchDistance":0.333333,"touchZone":"none","type":3,"width":18.077},{"bases":[[[0.94537,0.127549,0.30001],[-0.285967,0.766308,0.575322],[-0.156518,-0.629685,0.76092]],[[0.955734,0.184703,0.229035],[-0.0162089,0.810287,-0.58581],[-0.293785,0.556166,0.777412]],[[0.955734,0.184703,0.229035],[0.292012,-0.500002,-0.815308],[-0.0360717,0.846098,-0.531805]],[[0.955734,0.184703,0.229035],[0.246058,-0.928547,-0.277951],[0.161331,0.322003,-0.932891]]],"btipPosition":[21.2949,275.929,28.1526],"carpPosition":[3.90644,281.181,73.2819],"dipPosition":[24.0757,281.479,12.0726],"direction":[0.0360717,-0.846098,0.531805],"extended":false,"handId":506,"id":5064,"length":50.5107,"mcpPosition":[12.9822,317.693,29.1598],"pipPosition":[23.3702,298.028,1.67112],"stabilizedTipPosition":[5.22691,260.149,107.607],"timeVisible":166.183,"tipPosition":[21.8783,276.586,25.0173],"tipVelocity":[0.666438,36.1548,-87.6243],"tool":false,"touchDistance":0.333333,"touchZone":"none","type":4,"width":16.0574}],"r":[[0.215499,0.183751,0.95906],[0.816167,0.505325,-0.28021],[-0.536126,0.843138,-0.0410745]],"s":1.23875,"t":[-1.64626,28.6801,21.7186],"timestamp":97980656020},false],[7,{"currentFrameRate":105.365,"devices":[],"gestures":[],"hands":[{"armBasis":[[0.742127,0.667973,0.0553107],[-0.608201,0.636439,0.47438],[0.281671,-0.38569,0.878581]],"armWidth":63.