{"sensorType":"Leap","data":[[0,{"currentFrameRate":108.259,"devices":[],"gestures":[],"hands":[{"armBasis":[[0.724282,0.647411,0.237222],[-0.643416,0.510936,0.570052],[0.247853,-0.565511,0.786617]],"armWidth":63.72,"confidence":0.673914,"direction":[-0.0987176,0.79583,-0.597419],"elbow":[70.1263,90.8647,280.53],"grabStrength":0,"id":506,"palmNormal":[0.635987,-0.411284,-0.652967],"palmPosition":[-5.21148,281.363,29.5135],"palmVelocity":[42.2536,39.716,-111.114],"palmWidth":90.99,"pinchStrength":0.359286,"r":[[0.387456,-0.164504,0.907092],[0.662579,0.733832,-0.149932],[-0.640989,0.659112,0.393324]],"s":1.24917,"sphereCenter":[-22.7146,261.197,-26.474],"sphereRadius":60.422,"stabilizedPalmPosition":[-10.7693,245.682,245.133],"t":[8.70911,19.3891,24.3007],"timeVisible":156.427,"type":"right","wrist":[3.20596,243.553,68.1436]}],"id":1814866,"interactionBox":{"center":[0,200,0],"size":[235.247,235.247,147.751]},"pointables":[{"bases":[[[-0.280128,0.701985,0.654786],[-0.861853,-0.484311,0.150507],[0.422774,-0.522168,0.740677]],[[-0.353881,0.786864,0.505582],[-0.918944,-0.191894,-0.344556],[-0.174101,-0.586533,0.790992]],[[-0.353881,0.786864,0.505582],[-0.93429,-0.322398,-0.152189],[0.0432464,-0.526217,0.84925]],[[-0.353881,0.786864,0.505582],[-0.86841,-0.47717,0.134805],[0.347322,-0.391348,0.852182]]],"btipPosition":[-12.3189,280.097,-38.5198],"carpPosition":[-11.4065,223.718,49.8644],"dipPosition":[-4.19033,270.938,-18.5757],"direction":[-0.0432464,0.526217,-0.84925],"extended":true,"handId":506,"id":5060,"length":52.1164,"mcpPosition":[-11.4065,223.718,49.8644],"pipPosition":[-2.71582,252.997,10.38],"stabilizedTipPosition":[-7.60657,264.296,170.863],"timeVisible":156.427,"tipPosition":[-10.7351,277.829,-33.9939],"tipVelocity":[102.561,39.4843,-84.5277],"tool":false,"touchDistance":-0.436222,"touchZone":"touching","type":0,"width":20.25},{"bases":[[[0.73792,0.571722,0.358619],[-0.662449,0.512043,0.546785],[0.128981,-0.64105,0.756583]],[[0.734875,0.585812,0.341736],[-0.677929,0.648821,0.345606],[-0.019265,-0.48565,0.873941]],[[0.734875,0.585812,0.341736],[-0.671157,0.700613,0.24226],[-0.0975056,-0.407389,0.908034]],[[0.734875,0.585812,0.341736],[-0.66038,0.73284,0.163842],[-0.154457,-0.346079,0.925404]]],"btipPosition":[-22.3913,327.647,-70.9726],"carpPosition":[-18.7256,243.86,59.9941],"dipPosition":[-25.0303,321.734,-55.1616],"direction":[0.0975056,0.407389,-0.908034],"extended":true,"handId":506,"id":5061,"length":58.8075,"mcpPosition":[-28.2147,291.022,4.3326],"pipPosition":[-27.387,311.887,-33.214],"stabilizedTipPosition":[-36.6529,298.292,133.757],"timeVisible":156.427,"tipPosition":[-22.8983,325.339,-67.7343],"tipVelocity":[63.5529,-1.92892,-135.136],"tool":false,"touchDistance":-0.467193,"touchZone":"touching","type":1,"width":19.3428},{"bases":[[[0.850608,0.384134,0.359036],[-0.525165,0.587129,0.61602],[0.0258335,-0.712545,0.701151]],[[0.849393,0.406108,0.337057],[-0.222066,0.854384,-0.469804],[-0.478767,0.324199,0.81589]],[[0.849393,0.406108,0.337057],[0.387131,-0.0453766,-0.920908],[-0.358693,0.912698,-0.195759]],[[0.849393,0.406108,0.337057],[0.522213,-0.55438,-0.64804],[-0.0763165,0.726457,-0.682961]]],"btipPosition":[21.9677,246.555,-4.99571],"carpPosition":[-10.9408,252.074,64.8475],"dipPosition":[20.5336,260.206,-17.8299],"direction":[0.358693,-0.912698,0.195759],"extended":false,"handId":506,"id":5062,"length":67.0064,"mcpPosition":[-12.7431,301.786,15.9296],"pipPosition":[10.3336,286.16,-23.3966],"stabilizedTipPosition":[13.771,228.398,194.574],"timeVisible":156.427,"tipPosition":[21.7154,249.947,-8.4003],"tipVelocity":[57.1081,16.6474,-82.5449],"tool":false,"touchDistance":0.333333,"touchZone":"none","type":2,"width":18.9972},{"bases":[[[0.882291,0.22973,0.410836],[-0.46196,0.59006,0.662135],[-0.0903063,-0.773985,0.626731]],[[0.883067,0.236678,0.405186],[-0.0827568,0.928499,-0.361996],[-0.461891,0.286135,0.839514]],[[0.883067,0.236678,0.405186],[0.412902,0.0183315,-0.910591],[-0.222945,0.971415,-0.0815368]],[[0.883067,0.236678,0.405186],[0.466365,-0.538202,-0.702027],[0.0519172,0.808902,-0.585647]]],"btipPosition":[30.4636,251.557,5.64948],"carpPosition":[-1.03631,257.883,69.2161],"dipPosition":[31.4336,266.671,-5.29274],"direction":[0.222945,-0.971415,0.0815368],"extended":false,"handId":506,"id":5063,"length":64.4285,"mcpPosition":[4.62048,306.365,29.9577],"pipPosition":[25.2576,293.581,-7.55147],"stabilizedTipPosition":[27.694,232.619,204.103],"timeVisible":156.427,"tipPosition":[30.7553,255.115,2.94032],"tipVelocity":[54.3218,26.8544,-88.8929],"tool":false,"touchDistance":0.333333,"touchZone":"none","type":3,"width":18.077},{"bases":[[[0.930029,0.037931,0.365523],[-0.325259,0.547895,0.770726],[-0.171034,-0.835687,0.521895]],[[0.934061,0.0590763,0.352193],[0.0723621,0.934453,-0.348657],[-0.349705,0.351152,0.868561]],[[0.934061,0.0590763,0.352193],[0.357108,-0.149162,-0.922076],[-0.00193918,0.987047,-0.160423]],[[0.934061,0.0590763,0.352193],[0.293505,-0.688807,-0.662873],[0.203433,0.722534,-0.660727]]],"btipPosition":[31.8575,262.51,24.8182],"carpPosition":[13.0434,258.228,71.2655],"dipPosition":[35.364,274.964,13.4294],"direction":[0.00193918,-0.987047,0.160423],"extended":false,"handId":506,"id":5064,"length":50.5107,"mcpPosition":[22.9608,306.686,41.0033],"pipPosition":[35.3261,294.269,10.2917],"stabilizedTipPosition":[33.9277,241.673,226.364],"timeVisible":156.427,"tipPosition":[32.5933,265.278,21.9014],"tipVelocity":[49.0255,39.6355,-93.9695],"tool":false,"touchDistance":0.333333,"touchZone":"none","type":4,"width":16.0574}],"r":[[0.387456,-0.164504,0.907092],[0.662579,0.733832,-0.149932],[-0.640989,0.659112,0.393324]],"s":1.24917,"t":[8.70911,19.3891,24.3007],"timestamp":97970900237},false],[1,{"currentFrameRate":108.237,"devices":[],"gestures":[],"hands":[{"armBasis":[[0.723939,0.648232,0.236025],[-0.643376,0.510941,0.570094],[0.248958,-0.564566,0.786947]],"armWidth":63.72,"confidence":0.676107,"direction":[-0.0973822,0.791123,-0.603855],"elbow":[70.7562,91.8388,280.212],"grabStrength":0,"id":506,"palmNormal":[0.636236,-0.417083,-0.649034],"palmPosition":[-4.80646,281.78,28.7972],"palmVelocity":[42.6469,41.1846,-101.557],"palmWidth":90.99,"pinchStrength":0.361297,"r":[[0.385409,-0.159195,0.90891],[0.662622,0.733254,-0.152546],[-0.642177,0.661056,0.388089]],"s":1.24793,"sphereCenter":[-22.5239,261.099,-27.148],"sphereRadius":60.6343,"stabilizedPalmPosition":[-10.7599,245.738,244.794],"t":[9.10884,19.777,23.4338],"timeVisible":156.436,"type":"right","wrist":[3.53751,244.272,67.7364]}],"id":1814867,"interactionBox":{"center":[0,200,0],"size":[235.247,235.247,147.751]},"pointables":[{"bases":[[[-0.280105,0.707456,0.648881],[-0.862457,-0.482286,0.153522],[0.421556,-0.51663,0.745241]],[[-0.353055,0.79061,0.500287],[-0.918581,-0.191381,-0.345806],[-0.177652,-0.581643,0.793808]],[[-0.353055,0.79061,0.500287],[-0.934789,-0.320375,-0.153392],[0.0390065,-0.521819,0.852164]],[[-0.353055,0.79061,0.500287],[-0.869074,-0.475161,0.137593],[0.3465,-0.386209,0.854857]]],"btipPosition":[-11.6471,280.17,-39.0849],"carpPosition":[-11.0758,224.305,49.6018],"dipPosition":[-3.53779,271.131,-19.0782],"direction":[-0.0390065,0.521819,-0.852164],"extended":true,"handId":506,"id":5060,"length":52.1164,"mcpPosition":[-11.0758,224.305,49.6018],"pipPosition":[-2.20784,253.34,9.97684],"stabilizedTipPosition":[-7.65493,264.603,166.297],"timeVisible":156.436,"tipPosition":[-10.1189,277.876,-34.5868],"tipVelocity":[93.9276,31.4102,-77.4337],"tool":false,"touchDistance":-0.429194,"touchZone":"touching","type":0,"width":20.25},{"bases":[[[0.738108,0.573878,0.354767],[-0.662499,0.517015,0.542024],[0.127636,-0.635105,0.761807]],[[0.7352,0.587373,0.338341],[-0.677529,0.652129,0.34012],[-0.0208646,-0.479292,0.877407]],[[0.7352,0.587373,0.338341],[-0.6706,0.703061,0.236644],[-0.0988758,-0.400872,0.910783]],[[0.7352,0.587373,0.338341],[-0.659736,0.734662,0.158177],[-0.155657,-0.339507,0.927634]]],"btipPosition":[-21.8301,327.341,-72.0414],"carpPosition":[-18.3858,244.535,59.5631],"dipPosition":[-24.4896,321.54,-56.1922],"direction":[0.0988758,0.400872,-0.910783],"extended":true,"handId":506,"id":5061,"length":58.8075,"mcpPosition":[-27.7759,291.259,3.51728],"pipPosition":[-26.8795,311.851,-34.1782],"stabilizedTipPosition":[-36.603,298.389,133.046],"timeVisible":156.436,"tipPosition":[-22.3515,325.068,-68.7827],"tipVelocity":[62.5417,-9.89415,-129.248],"tool":false,"touchDistance":-0.464707,"touchZone":"touching","type":1,"width":19.3428},{"bases":[[[0.850619,0.386194,0.356794],[-0.525213,0.592524,0.610792],[0.0244753,-0.706944,0.706846]],[[0.849448,0.40797,0.334662],[-0.220592,0.850697,-0.47713],[-0.479351,0.331474,0.812618]],[[0.849448,0.40797,0.334662],[0.388016,-0.0531174,-0.920121],[-0.357605,0.911449,-0.203419]],[[0.849448,0.40797,0.334662],[0.522305,-0.559843,-0.643252],[-0.0750693,0.721205,-0.688643]]],"btipPosition":[22.3791,246.653,-5.39985],"carpPosition":[-10.598,252.779,64.3584],"dipPosition":[20.9684,260.206,-18.3408],"direction":[0.357605,-0.911449,0.203419],"extended":false,"handId":506,"id":5062,"length":67.0064,"mcpPosition":[-12.3055,302.101,15.0432],"pipPosition":[10.7993,286.124,-24.1253],"stabilizedTipPosition":[13.7845,228.432,194.244],"timeVisible":156.436,"tipPosition":[22.1292,250.021,-8.82391],"tipVelocity":[53.6716,14.2534,-72.3045],"tool":false,"touchDistance":0.333333,"touchZone":"none","type":2,"width":18.9972},{"bases":[[[0.882106,0.232179,0.409857],[-0.46205,0.595764,0.656944],[-0.0916495,-0.768868,0.632805]],[[0.8829,0.239136,0.404106],[-0.0812291,0.925412,-0.370155],[-0.462482,0.293985,0.836471]],[[0.8829,0.239136,0.404106],[0.413807,0.0104944,-0.910304],[-0.221927,0.970929,-0.0896905]],[[0.8829,0.239136,0.404106],[0.466559,-0.543933,-0.697467],[0.0530172,0.804333,-0.591809]]],"btipPosition":[30.8694,251.716,5.22007],"carpPosition":[-0.692267,258.614,68.6902],"dipPosition":[31.86,266.744,-5.83729],"direction":[0.221927,-0.970929,0.0896905],"extended":false,"handId":506,"id":5063,"length":64.4285,"mcpPosition":[5.04866,306.776,29.0513],"pipPosition":[25.7122,293.641,-8.32189],"stabilizedTipPosition":[27.7004,232.662,203.724],"timeVisible":156.436,"tipPosition":[31.1624,255.263,2.48387],"tipVelocity":[51.4833,23.5051,-77.6896],"tool":false,"touchDistance":0.333333,"touchZone":"none","type":3,"width":18.077},{"bases":[[[0.929707,0.0399795,0.366124],[-0.325495,0.554339,0.766003],[-0.172333,-0.83133,0.528386]],[[0.933864,0.0615273,0.352297],[0.0729547,0.9316,-0.356087],[-0.350109,0.358239,0.865499]],[[0.933864,0.0615273,0.352297],[0.357626,-0.156221,-0.920705],[-0.00161219,0.985804,-0.167893]],[[0.933864,0.0615273,0.352297],[0.29377,-0.69377,-0.657557],[0.203956,0.717563,-0.665962]]],"btipPosition":[32.2741,262.85,24.2716],"carpPosition":[13.3857,258.962,70.7507],"dipPosition":[35.7896,275.219,12.7925],"direction":[0.00161219,-0.985804,0.167893],"extended":false,"handId":506,"id":5064,"length":50.5107,"mcpPosition":[23.3785,307.167,40.1121],"pipPosition":[35.7581,294.5,9.50875],"stabilizedTipPosition":[33.9268,241.699,226.144],"timeVisible":156.436,"tipPosition":[33.0053,265.601,21.3481],"tipVelocity":[47.9239,38.2214,-84.7209],"tool":false,"touchDistance":0.333333,"touchZone":"none","type":4,"width":16.0574}],"r":[[0.385409,-0.159195,0.90891],[0.662622,0.733254,-0.152546],[-0.642177,0.661056,0.388089]],"s":1.24793,"t":[9.10884,19.777,23.4338],"timestamp":97970909516},false],[2,{"currentFrameRate":108.168,"devices":[],"gestures":[],"hands":[{"armBasis":[[0.724048,0.649721,0.231556],[-0.641468,0.510894,0.572281],[0.253523,-0.562895,0.786687]],"armWidth":63.72,"confidence":0.680906,"direction":[-0.0955282,0.787443,-0.608939],"elbow":[72.2606,92.8514,279.664],"grabStrength":0,"id":506,"palmNormal":[0.634691,-0.423076,-0.646664],"palmPosition":[-4.4526,282.11,28.0809],"palmVelocity":[41.2626,39.4977,-94.4283],"palmWidth":90.99,"pinchStrength":0.362109,"r":[[0.383783,-0.15397,0.910497],[0.663054,0.732208,-0.155663],[-0.642705,0.663449,0.383099]],"s":1.24691,"sphereCenter":[-22.409,261.065,-27.7823],"sphereRadius":60.7671,"stabilizedPalmPosition":[-10.7487,245.803,244.408],"t":[9.48563,20.136,22.6423],"timeVisible":156.445,"type":"right","wrist":[3.80948,244.833,67.2589]}],"id":1814868,"interactionBox":{"center":[0,200,0],"size":[235.247,235.247,147.751]},"pointables":[{"bases":[[[-0.277752,0.712446,0.644418],[-0.863709,-0.478865,0.157148],[0.420549,-0.512941,0.748351]],[[-0.350118,0.794382,0.496361],[-0.919153,-0.189256,-0.345455],[-0.180484,-0.577182,0.796421]],[[-0.350118,0.794382,0.496361],[-0.936019,-0.316987,-0.15293],[0.0358545,-0.518147,0.85454]],[[-0.350118,0.794382,0.496361],[-0.870378,-0.471748,0.141053],[0.346208,-0.382636,0.85658]]],"btipPosition":[-11.1857,280.223,-39.6756],"carpPosition":[-10.8701,224.79,49.263],"dipPosition":[-3.0832,271.268,-19.6285],"direction":[-0.0358545,0.518147,-0.85454],"extended":true,"handId":506,"id":5060,"length":52.1164,"mcpPosition":[-10.8701,224.79,49.263],"pipPosition":[-1.86072,253.602,9.50756],"stabilizedTipPosition":[-7.70025,264.971,160.824],"timeVisible":156.445,"tipPosition":[-9.69251,277.913,-35.1964],"tipVelocity":[81.1912,24.6808,-73.0658],"tool":false,"touchDistance":-0.423328,"touchZone":"touching","type":0,"width":20.25},{"bases":[[[0.739913,0.574113,0.350604],[-0.660738,0.522382,0.53902],[0.126309,-0.630486,0.765855]],[[0.737153,0.586984,0.334747],[-0.675362,0.656244,0.336496],[-0.0221584,-0.474125,0.880179]],[[0.737153,0.586984,0.334747],[-0.668342,0.706383,0.233116],[-0.0996245,-0.395568,0.913018]],[[0.737153,0.586984,0.334747],[-0.657471,0.737415,0.154763],[-0.156004,-0.334171,0.929512]]],"btipPosition":[-21.3849,327.129,-73.0111],"carpPosition":[-18.1178,245.104,59.0965],"dipPosition":[-24.0503,321.419,-57.1298],"direction":[0.0996245,0.395568,-0.913018],"extended":true,"handId":506,"id":5061,"length":58.8075,"mcpPosition":[-27.4103,291.489,2.75281],"pipPosition":[-26.4583,311.858,-35.0618],"stabilizedTipPosition":[-36.5539,298.482,132.367],"timeVisible":156.445,"tipPosition":[-21.9228,324.887,-69.7351],"tipVelocity":[58.2356,-12.8738,-121.712],"tool":false,"touchDistance":-0.461004,"touchZone":"touching","type":1,"width":19.3428},{"bases":[[[0.851901,0.386132,0.353789],[-0.523201,0.597953,0.607217],[0.0229166,-0.702392,0.711421]],[[0.85078,0.407741,0.331544],[-0.218035,0.847893,-0.483257],[-0.478158,0.338858,0.810272]],[[0.85078,0.407741,0.331544],[0.387539,-0.0606703,-0.919855],[-0.354947,0.91108,-0.209632]],[[0.85078,0.407741,0.331544],[0.520372,-0.565523,-0.639841],[-0.0733933,0.71689,-0.693312]]],"btipPosition":[22.617,246.65,-5.86642],"carpPosition":[-10.3042,253.358,63.8335],"dipPosition":[21.2378,260.121,-18.8951],"direction":[0.354947,-0.91108,0.209632],"extended":false,"handId":506,"id":5062,"length":67.0064,"mcpPosition":[-11.903,302.362,14.1991],"pipPosition":[11.1444,286.029,-24.8563],"stabilizedTipPosition":[13.7986,228.468,193.907],"timeVisible":156.445,"tipPosition":[22.3713,250.002,-9.31152],"tipVelocity":[45.8609,9.54011,-66.5257],"tool":false,"touchDistance":0.333333,"touchZone":"none","type":2,"width":18.9972},{"bases":[[[0.882989,0.232378,0.407837],[-0.460003,0.601317,0.653311],[-0.0934238,-0.764473,0.637851]],[[0.883802,0.239315,0.402024],[-0.0788131,0.923152,-0.37627],[-0.461176,0.300863,0.834744]],[[0.883802,0.239315,0.402024],[0.413143,0.00405177,-0.910657],[-0.219563,0.970933,-0.0952904]],[[0.883802,0.239315,0.402024],[0.464692,-0.548874,-0.694837],[0.0543752,0.800915,-0.596304]]],"btipPosition":[31.1439,251.776,4.65167],"carpPosition":[-0.379729,259.193,68.1216],"dipPosition":[32.1598,266.74,-6.48967],"direction":[0.219563,-0.970933,0.0952904],"extended":false,"handId":506,"id":5063,"length":64.4285,"mcpPosition":[5.47234,307.079,28.1666],"pipPosition":[26.0775,293.637,-9.1294],"stabilizedTipPosition":[27.7074,232.704,203.34],"timeVisible":156.445,"tipPosition":[31.4349,255.311,1.91018],"tipVelocity":[45.3589,18.2059,-73.4422],"tool":false,"touchDistance":0.333333,"touchZone":"none","type":3,"width":18.077},{"bases":[[[0.930028,0.0397662,0.36533],[-0.3235,0.560222,0.762561],[-0.174342,-0.827387,0.533887]],[[0.934301,0.0615652,0.351128],[0.0749604,0.929023,-0.36235],[-0.348514,0.364864,0.863372]],[[0.934301,0.0615652,0.351128],[0.356484,-0.162944,-0.919983],[0.000575248,0.984713,-0.174186]],[[0.934301,0.0615652,0.351128],[0.291608,-0.698549,-0.653447],[0.205051,0.712909,-0.670608]]],"btipPosition":[32.5872,263.042,23.6521],"carpPosition":[13.7004,259.515,70.1718],"dipPosition":[36.1216,275.331,12.093],"direction":[-0.000575248,-0.984713,0.174186],"extended":false,"handId":506,"id":5064,"length":50.5107,"mcpPosition":[23.8097,307.492,39.2143],"pipPosition":[36.1328,294.59,8.68614],"stabilizedTipPosition":[33.9262,241.727,225.908],"timeVisible":156.445,"tipPosition":[33.3187,265.776,20.7177],"tipVelocity":[43.9363,32.6211,-79.9969],"tool":false,"touchDistance":0.333333,"touchZone":"none","type":4,"width":16.0574}],"r":[[0.383783,-0.15397,0.910497],[0.663054,0.732208,-0.155663],[-0.642705,0.663449,0.383099]],"s":1.24691,"t":[9.48563,20.136,22.6423],"timestamp":97970918884},false],[3,{"currentFrameRate":108.362,"devices":[],"gestures":[],"hands":[{"armBasis":[[0.723957,0.650739,0.228965],[-0.64052,0.510839,0.573391],[0.256164,-0.561767,0.786637]],"armWidth":63.72,"confidence":0.687316,"direction":[-0.0934973,0.784887,-0.612545],"elbow":[73.1292,93.6233,279.228],"grabStrength":0,"id":506,"palmNormal":[0.634093,-0.427382,-0.644415],"palmPosition":[-4.19568,282.418,27.4855],"palmVelocity":[37.9177,38.1839,-87.0035],"palmWidth":90.99,"pinchStrength":0.362302,"r":[[0.382321,-0.149126,0.911917],[0.663739,0.730924,-0.158745],[-0.642869,0.665967,0.378428]],"s":1.24614,"sphereCenter":[-22.2686,261.128,-28.3337],"sphereRadius":60.8592,"stabilizedPalmPosition":[-10.7364,245.872,244.002],"t":[9.80249,20.4694,21.9487],"timeVisible":156.454,"type":"right","wrist":[3.96499,245.3,66.8359]}],"id":1814869,"interactionBox":{"center":[0,200,0],"size":[235.247,235.247,147.751]},"pointables":[{"bases":[[[-0.27652,0.715959,0.641045],[-0.864833,-0.476262,0.158866],[0.419047,-0.510467,0.750881]],[[-0.348299,0.797041,0.49337],[-0.919264,-0.187443,-0.346148],[-0.183415,-0.5741,0.797977]],[[-0.348299,0.797041,0.49337],[-0.936816,-0.314293,-0.153612],[0.0326279,-0.5157,0.856148]],[[-0.348299,0.797041,0.49337],[-0.871526,-0.469144,0.142642],[0.345153,-0.380303,0.858044]]],"btipPosition":[-10.7838,280.35,-40.182],"carpPosition":[-10.7492,225.208,48.9233],"dipPosition":[-2.706,271.449,-20.1007],"direction":[-0.0326279,0.5157,-0.856148],"extended":true,"handId":506,"id":5060,"length":52.1164,"mcpPosition":[-10.7492,225.208,48.9233],"pipPosition":[-1.59354,253.866,9.09017],"stabilizedTipPosition":[-7.73574,265.357,155.138],"timeVisible":156.454,"tipPosition":[-9.31763,278.029,-35.7147],"tipVelocity":[71.2668,22.2303,-68.4775],"tool":false,"touchDistance":-0.416807,"touchZone":"touching","type":0,"width":20.25},{"bases":[[[0.740988,0.574076,0.348386],[-0.659868,0.526257,0.53631],[0.124542,-0.627288,0.768764]],[[0.738383,0.586357,0.33313],[-0.673952,0.659221,0.333492],[-0.0240607,-0.470759,0.881934]],[[0.738383,0.586357,0.33313],[-0.666773,0.708755,0.230392],[-0.101016,-0.392239,0.9143]],[[0.738383,0.586357,0.33313],[-0.655847,0.739376,0.152277],[-0.15702,-0.330921,0.930503]]],"btipPosition":[-20.9618,327.091,-73.7839],"carpPosition":[-17.9575,245.582,58.661],"dipPosition":[-23.6446,321.437,-57.8857],"direction":[0.101016,0.392239,-0.9143],"extended":true,"handId":506,"id":5061,"length":58.8075,"mcpPosition":[-27.1199,291.732,2.1033],"pipPosition":[-26.0862,311.957,-35.7867],"stabilizedTipPosition":[-36.5082,298.565,131.748],"timeVisible":156.454,"tipPosition":[-21.5149,324.871,-70.4967],"tipVelocity":[55.2408,-10.1342,-112.185],"tool":false,"touchDistance":-0.454771,"touchZone":"touching","type":1,"width":19.3428},{"bases":[[[0.852564,0.385867,0.35248],[-0.522201,0.601835,0.604235],[0.0210198,-0.699214,0.714603]],[[0.851505,0.407314,0.330204],[-0.215356,0.845845,-0.488025],[-0.47808,0.344445,0.807959]],[[0.851505,0.407314,0.330204],[0.387991,-0.0658386,-0.919309],[-0.352707,0.910912,-0.214096]],[[0.851505,0.407314,0.330204],[0.519424,-0.569153,-0.637388],[-0.0716802,0.714255,-0.696205]]],"btipPosition":[22.8256,246.695,-6.26441],"carpPosition":[-10.1283,253.84,63.3647],"dipPosition":[21.4786,260.118,-19.3475],"direction":[0.352707,-0.910912,0.214096],"extended":false,"handId":506,"id":5062,"length":67.0064,"mcpPosition":[-11.5948,302.623,13.5083],"pipPosition":[11.4489,286.021,-25.4356],"stabilizedTipPosition":[13.812,228.501,193.594],"timeVisible":156.454,"tipPosition":[22.5812,250.044,-9.71738],"tipVelocity":[40.0181,8.00547,-61.019],"tool":false,"touchDistance":0.333333,"touchZone":"none","type":2,"width":18.9972},{"bases":[[[0.883288,0.232292,0.407238],[-0.459018,0.60527,0.650347],[-0.0954187,-0.761373,0.641254]],[[0.884119,0.239206,0.40139],[-0.0764993,0.921536,-0.380682],[-0.460957,0.305862,0.833047]],[[0.884119,0.239206,0.40139],[0.41353,-0.000618127,-0.91049],[-0.217546,0.970969,-0.0994652]],[[0.884119,0.239206,0.40139],[0.463884,-0.552442,-0.692546],[0.0560842,0.798491,-0.599388]]],"btipPosition":[31.3577,251.883,4.19752],"carpPosition":[-0.193247,259.673,67.6315],"dipPosition":[32.4056,266.802,-7.00145],"direction":[0.217546,-0.970969,0.0994652],"extended":false,"handId":506,"id":5063,"length":64.4285,"mcpPosition":[5.78378,307.365,27.4634],"pipPosition":[26.3792,293.7,-9.75683],"stabilizedTipPosition":[27.7142,232.744,202.987],"timeVisible":156.454,"tipPosition":[31.6512,255.411,1.45101],"tipVelocity":[39.8102,16.2178,-67.7981],"tool":false,"touchDistance":0.333333,"touchZone":"none","type":3,"width":18.077},{"bases":[[[0.929927,0.0393875,0.365628],[-0.322661,0.564372,0.759851],[-0.176421,-0.82458,0.537534]],[[0.934312,0.0614189,0.351126],[0.0768701,0.92715,-0.366721],[-0.34807,0.369623,0.861526]],[[0.934312,0.0614189,0.351126],[0.356448,-0.167807,-0.919122],[0.00246982,0.983905,-0.178677]],[[0.934312,0.0614189,0.351126],[0.290516,-0.701986,-0.650243],[0.206548,0.709538,-0.673717]]],"btipPosition":[32.8153,263.244,23.1631],"carpPosition":[13.8865,259.974,69.6875],"dipPosition":[36.3755,275.474,11.5504],"direction":[-0.00246982,-0.983905,0.178677],"extended":false,"handId":506,"id":5064,"length":50.5107,"mcpPosition":[24.1163,307.788,38.5185],"pipPosition":[36.4238,294.718,8.05566],"stabilizedTipPosition":[33.9259,241.754,225.678],"timeVisible":156.454,"tipPosition":[33.5503,265.966,20.2203],"tipVelocity":[39.1665,29.5239,-73.6127],"tool":false,"touchDistance":0.333333,"touchZone":"none","type":4,"width":16.0574}],"r":[[0.382321,-0.149126,0.911917],[0.663739,0.730924,-0.158745],[-0.642869,0.665967,0.378428]],"s":1.24614,"t":[9.80249,20.4694,21.9487],"timestamp":97970927762},false],[4,{"currentFrameRate":108.302,"devices":[],"gestures":[],"hands":[{"armBasis":[[0.725267,0.650106,0.226604],[-0.63824,0.511479,0.57536],[0.258142,-0.561918,0.785882]],"armWidth":63.72,"confidence":0.687335,"direction":[-0.0904188,0.781045,-0.617894],"elbow":[73.7436,94.2183,278.748],"grabStrength":0,"id":506,"palmNormal":[0.632323,-0.434309,-0.641516],"palmPosition":[-3.97085,282.816,26.9566],"palmVelocity":[33.9925,39.434,-78.3897],"palmWidth":90.99,"pinchStrength":0.363927,"r":[[0.38105,-0.144299,0.913225],[0.664872,0.729132,-0.162212],[-0.642454,0.668988,0.373776]],"s":1.24552,"sphereCenter":[-22.1909,261.202,-28.7449],"sphereRadius":60.9197,"stabilizedPalmPosition":[-10.7212,245.955,243.513],"t":[10.0733,20.835,21.3376],"timeVisible":156.464,"type":"right","wrist":[4.04515,245.936,66.5596]}],"id":1814870,"interactionBox":{"center":[0,200,0],"size":[235.247,235.247,147.751]},"pointables":[{"bases":[[[-0.273602,0.721427,0.636149],[-0.866713,-0.471707,0.162175],[0.417074,-0.506987,0.75433]],[[-0.344785,0.801492,0.488603],[-0.919925,-0.184977,-0.345718],[-0.18671,-0.568677,0.80109]],[[-0.344785,0.801492,0.488603],[-0.938226,-0.310462,-0.15279],[0.0292334,-0.5111,0.859024]],[[-0.344785,0.801492,0.488603],[-0.873419,-0.464624,0.145824],[0.343894,-0.376477,0.860234]]],"btipPosition":[-10.4757,280.405,-40.6242],"carpPosition":[-10.7508,225.781,48.7858],"dipPosition":[-2.42738,271.594,-20.4917],"direction":[-0.0292334,0.5111,-0.859024],"extended":true,"handId":506,"id":5060,"length":52.1164,"mcpPosition":[-10.7508,225.781,48.7858],"pipPosition":[-1.43065,254.168,8.79727],"stabilizedTipPosition":[-7.76448,265.778,148.958],"timeVisible":156.464,"tipPosition":[-9.03205,278.088,-36.1591],"tipVelocity":[60.2115,18.2387,-62.1287],"tool":false,"touchDistance":-0.409916,"touchZone":"touching","type":0,"width":20.25},{"bases":[[[0.743306,0.573483,0.344404],[-0.657713,0.532544,0.532739],[0.122106,-0.622506,0.77303]],[[0.740895,0.585011,0.329904],[-0.671103,0.664132,0.329469],[-0.0263566,-0.465502,0.884654]],[[0.740895,0.585011,0.329904],[-0.663741,0.712804,0.226625],[-0.102579,-0.386876,0.916408]],[[0.740895,0.585011,0.329904],[-0.652761,0.742817,0.148747],[-0.15804,-0.325554,0.932222]]],"btipPosition":[-20.5481,326.96,-74.5716],"carpPosition":[-17.8767,246.25,58.3843],"dipPosition":[-23.2483,321.397,-58.644],"direction":[0.102579,0.386876,-0.916408],"extended":true,"handId":506,"id":5061,"length":58.8075,"mcpPosition":[-26.86,292.047,1.51281],"pipPosition":[-25.7277,312.046,-36.4941],"stabilizedTipPosition":[-36.4607,298.649,131.12],"timeVisible":156.464,"tipPosition":[-21.1193,324.766,-71.2695],"tipVelocity":[52.0151,-10.6165,-104.084],"tool":false,"touchDistance":-0.449341,"touchZone":"touching","type":1,"width":19.3428},{"bases":[[[0.854129,0.384862,0.349778],[-0.519739,0.608035,0.600137],[0.0182931,-0.694388,0.719369]],[[0.853156,0.406129,0.327389],[-0.212207,0.843521,-0.493396],[-0.476542,0.35147,0.805839]],[[0.853156,0.406129,0.327389],[0.387125,-0.0722556,-0.919192],[-0.349654,0.910955,-0.218868]],[[0.853156,0.406129,0.327389],[0.516959,-0.574211,-0.634851],[-0.0698407,0.710874,-0.699844]]],"btipPosition":[22.9344,246.75,-6.62444],"carpPosition":[-10.0142,254.508,63.031],"dipPosition":[21.6219,260.109,-19.7759],"direction":[0.349654,-0.910955,0.218868],"extended":false,"handId":506,"id":5062,"length":67.0064,"mcpPosition":[-11.2905,302.954,12.842],"pipPosition":[11.679,286.013,-25.9997],"stabilizedTipPosition":[13.8252,228.533,193.291],"timeVisible":156.464,"tipPosition":[22.6864,250.072,-10.0513],"tipVelocity":[32.2182,6.95934,-55.1255],"tool":false,"touchDistance":0.333333,"touchZone":"none","type":2,"width":18.9972},{"bases":[[[0.884245,0.231544,0.405583],[-0.456539,0.611533,0.646219],[-0.0983993,-0.756581,0.646454]],[[0.885106,0.238437,0.399669],[-0.0727172,0.919091,-0.387278],[-0.459673,0.313719,0.830832]],[[0.885106,0.238437,0.399669],[0.413318,-0.00801432,-0.910552],[-0.213906,0.971125,-0.105644]],[[0.885106,0.238437,0.399669],[0.461671,-0.558198,-0.689402],[0.0587152,0.79471,-0.604143]]],"btipPosition":[31.4747,251.955,3.85636],"carpPosition":[-0.0556112,260.33,67.2571],"dipPosition":[32.5718,266.804,-7.43145],"direction":[0.213906,-0.971125,0.105644],"extended":false,"handId":506,"id":5063,"length":64.4285,"mcpPosition":[6.10812,307.723,26.7632],"pipPosition":[26.6461,293.706,-10.358],"stabilizedTipPosition":[27.7211,232.783,202.641],"timeVisible":156.464,"tipPosition":[31.773,255.472,1.09956],"tipVelocity":[32.4202,13.327,-59.5542],"tool":false,"touchDistance":0.333333,"touchZone":"none","type":3,"width":18.077},{"bases":[[[0.93011,0.0381747,0.365291],[-0.320337,0.570841,0.755993],[-0.179663,-0.820173,0.543174]],[[0.934658,0.0604959,0.350363],[0.0801895,0.924161,-0.373491],[-0.346387,0.377182,0.858924]],[[0.934658,0.0604959,0.350363],[0.355496,-0.175737,-0.918008],[0.00603614,0.982577,-0.18576]],[[0.934658,0.0604959,0.350363],[0.287721,-0.707614,-0.645367],[0.20888,0.704004,-0.678783]]],"btipPosition":[32.9727,263.458,22.7765],"carpPosition":[14.0254,260.589,69.3101],"dipPosition":[36.5731,275.592,11.0765],"direction":[-0.00603614,-0.982577,0.18576],"extended":false,"handId":506,"id":5064,"length":50.5107,"mcpPosition":[24.4432,308.147,37.8141],"pipPosition":[36.6912,294.81,7.44323],"stabilizedTipPosition":[33.9257,241.783,225.435],"timeVisible":156.464,"tipPosition":[33.715,266.161,19.8145],"tipVelocity":[33.1232,26.9722,-65.0874],"tool":false,"touchDistance":0.333333,"touchZone":"none","type":4,"width":16.0574}],"r":[[0.38105,-0.144299,0.913225],[0.664872,0.729132,-0.162212],[-0.642454,0.668988,0.373776]],"s":1.24552,"t":[10.0733,20.835,21.3376],"timestamp":97970937104},false],[5,{"currentFrameRate":108.3,"devices":[],"gestures":[],"hands":[{"armBasis":[[0.727832,0.647867,0.224786],[-0.635657,0.514398,0.575617],[0.257294,-0.561839,0.786217]],"armWidth":63.72,"confidence":0.692809,"direction":[-0.0870705,0.777529,-0.62279],"elbow":[73.5732,94.8291,278.62],"grabStrength":0,"id":506,"palmNormal":[0.630188,-0.441192,-0.638916],"palmPosition":[-3.75687,283.191,26.5085],"palmVelocity":[30.9527,39.7497,-70.0009],"palmWidth":90.99,"pinchStrength":0.355629,"r":[[0.379955,-0.139619,0.914407],[0.666425,0.726873,-0.165928],[-0.641491,0.67243,0.369225]],"s":1.24689,"sphereCenter":[-20.3236,262.024,-28.2761],"sphereRadius":59.4473,"stabilizedPalmPosition":[-10.703,246.052,242.947],"t":[10.3157,21.2052,20.8079],"timeVisible":156.473,"type":"right","wrist":[4.10383,246.526,66.3416]}],"id":1814871,"interactionBox":{"center":[0,200,0],"size":[235.247,235.247,147.751]},"pointables":[{"bases":[[[-0.270179,0.726651,0.631649],[-0.868783,-0.466767,0.165361],[0.414993,-0.504089,0.757413]],[[-0.346462,0.811542,0.470492],[-0.920876,-0.198669,-0.335438],[-0.17875,-0.549481,0.816161]],[[-0.346462,0.811542,0.470492],[-0.937287,-0.319889,-0.138432],[0.0381614,-0.488948,0.871478]],[[-0.346462,0.811542,0.470492],[-0.868251,-0.467295,0.166662],[0.355112,-0.350763,0.866522]]],"btipPosition":[-11.4767,278.634,-42.0352],"carpPosition":[-10.7875,226.326,48.6989],"dipPosition":[-3.16583,270.425,-21.7554],"direction":[-0.0381614,0.488948,-0.871478],"extended":true,"handId":506,"id":5060,"length":52.1164,"mcpPosition":[-10.7875,226.326,48.6989],"pipPosition":[-1.8647,253.754,7.95811],"stabilizedTipPosition":[-7.80963,266.053,144.286],"timeVisible":156.473,"tipPosition":[-9.5499,277.061,-37.1348],"tipVelocity":[14.727,-36.4793,-86.5343],"tool":false,"touchDistance":-0.417915,"touchZone":"touching","type":0,"width":20.25},{"bases":[[[0.745973,0.572292,0.340596],[-0.655165,0.538852,0.529526],[0.119513,-0.618159,0.776915]],[[0.74384,0.582688,0.327379],[-0.667747,0.668831,0.326771],[-0.0285561,-0.461672,0.886591]],[[0.74384,0.582688,0.327379],[-0.660281,0.716575,0.224829],[-0.103586,-0.3834,0.917755]],[[0.74384,0.582688,0.327379],[-0.649365,0.746007,0.147644],[-0.158197,-0.322412,0.933287]]],"btipPosition":[-20.1777,326.974,-75.2058],"carpPosition":[-17.8187,246.886,58.1698],"dipPosition":[-22.8806,321.465,-59.2601],"direction":[0.103586,0.3834,-0.917755],"extended":true,"handId":506,"id":5061,"length":58.8075,"mcpPosition":[-26.6112,292.364,1.01252],"pipPosition":[-25.3844,312.199,-37.0776],"stabilizedTipPosition":[-36.4139,298.73,130.515],"timeVisible":156.473,"tipPosition":[-20.7521,324.778,-71.8995],"tipVelocity":[48.6498,-6.81752,-94.0116],"tool":false,"touchDistance":-0.442192,"touchZone":"touching","type":1,"width":19.3428},{"bases":[[[0.855948,0.383213,0.347133],[-0.516834,0.614145,0.596413],[0.0153631,-0.689909,0.723733]],[[0.855066,0.404317,0.324638],[-0.208316,0.841203,-0.498982],[-0.474833,0.359035,0.803509]],[[0.855066,0.404317,0.324638],[0.386642,-0.079992,-0.918754],[-0.345499,0.911114,-0.224724]],[[0.855066,0.404317,0.324638],[0.514198,-0.580525,-0.631341],[-0.0668013,0.706767,-0.704286]]],"btipPosition":[22.9776,246.776,-6.83529],"carpPosition":[-9.91776,255.139,62.7623],"dipPosition":[21.7223,260.058,-20.0702],"direction":[0.345499,-0.911114,0.224724],"extended":false,"handId":506,"id":5062,"length":67.0064,"mcpPosition":[-10.9896,303.272,12.2689],"pipPosition":[11.8975,285.967,-26.4606],"stabilizedTipPosition":[13.8368,228.56,193.026],"timeVisible":156.473,"tipPosition":[22.7421,250.079,-10.2807],"tipVelocity":[24.8866,5.25479,-46.6414],"tool":false,"touchDistance":0.333333,"touchZone":"none","type":2,"width":18.9972},{"bases":[[[0.885388,0.230116,0.403899],[-0.453607,0.617648,0.642457],[-0.101628,-0.752036,0.651241]],[[0.886283,0.237,0.397911],[-0.0687187,0.916934,-0.393076],[-0.458018,0.321033,0.82895]],[[0.886283,0.237,0.397911],[0.41279,-0.0146285,-0.910709],[-0.210018,0.971399,-0.110796]],[[0.886283,0.237,0.397911],[0.459058,-0.563399,-0.686911],[0.0613847,0.791462,-0.608128]]],"btipPosition":[31.5691,252.009,3.54986],"carpPosition":[0.0680841,260.942,66.9492],"dipPosition":[32.716,266.797,-7.8124],"direction":[0.210018,-0.971399,0.110796],"extended":false,"handId":506,"id":5063,"length":64.4285,"mcpPosition":[6.43404,308.05,26.1555],"pipPosition":[26.8981,293.706,-10.8817],"stabilizedTipPosition":[27.7273,232.817,202.334],"timeVisible":156.473,"tipPosition":[31.8689,255.513,0.795899],"tipVelocity":[26.5356,10.7911,-52.6704],"tool":false,"touchDistance":0.333333,"touchZone":"none","type":3,"width":18.077},{"bases":[[[0.930372,0.0362914,0.364816],[-0.317559,0.577037,0.752452],[-0.183205,-0.815911,0.548384]],[[0.935116,0.0590138,0.349393],[0.0838403,0.921186,-0.379982],[-0.34428,0.384621,0.856468]],[[0.935116,0.0590138,0.349393],[0.3542,-0.183571,-0.916975],[0.0100243,0.981233,-0.192563]],[[0.935116,0.0590138,0.349393],[0.284414,-0.713118,-0.640758],[0.211345,0.698556,-0.683632]]],"btipPosition":[33.1084,263.629,22.4649],"carpPosition":[14.1507,261.151,68.9971],"dipPosition":[36.7513,275.67,10.6812],"direction":[-0.0100243,-0.981233,0.192563],"extended":false,"handId":506,"id":5064,"length":50.5107,"mcpPosition":[24.7739,308.462,37.199],"pipPosition":[36.9473,294.862,6.91492],"stabilizedTipPosition":[33.9258,241.811,225.197],"timeVisible":156.473,"tipPosition":[33.8588,266.317,19.4819],"tipVelocity":[28.2449,23.9615,-56.8715],"tool":false,"touchDistance":0.333333,"touchZone":"none","type":4,"width":16.0574}],"r":[[0.379955,-0.139619,0.914407],[0.666425,0.726873,-0.165928],[-0.641491,0.67243,0.369225]],"s":1.24689,"t":[10.3157,21.2052,20.8079],"timestamp":97970946342},false],[6,{"currentFrameRate":108.277,"devices":[],"gestures":[],"hands":[{"armBasis":[[0.728236,0.647506,0.224517],[-0.635657,0.515734,0.57442],[0.25615,-0.561029,0.787168]],"armWidth":63.72,"confidence":0.697572,"direction":[-0.084775,0.77325,-0.628409],"elbow":[73.3549,95.8152,278.631],"grabStrength":0,"id":506,"palmNormal":[0.630539,-0.446703,-0.634726],"palmPosition":[-3.54059,283.688,25.9913],"palmVelocity":[28.8013,43.6667,-65.9899],"palmWidth":90.99,"pinchStrength":0.348006,"r":[[0.378735,-0.134698,0.915651],[0.667958,0.724595,-0.169691],[-0.640619,0.675884,0.364402]],"s":1.24935,"sphereCenter":[-18.7467,262.716,-28.1036],"sphereRadius":58.4034,"stabilizedPalmPosition":[-10.6802,246.172,242.254],"t":[10.5451,21.6391,20.2845],"timeVisible":156.482,"type":"right","wrist":[4.19438,247.293,66.0953]}],"id":1814872,"interactionBox":{"center":[0,200,0],"size":[235.247,235.247,147.751]},"pointables":[{"bases":[[[-0.270059,0.731527,0.626049],[-0.869811,-0.464194,0.167192],[0.412913,-0.499392,0.761649]],[[-0.349613,0.818989,0.455002],[-0.920709,-0.210455,-0.328639],[-0.173394,-0.533821,0.827629]],[[-0.349613,0.818989,0.455002],[-0.935859,-0.328104,-0.128515],[0.0440352,-0.470749,0.881168]],[[-0.349613,0.818989,0.455002],[-0.863959,-0.469687,0.181575],[0.362417,-0.329622,0.871782]]],"btipPosition":[-12.0279,277.405,-43.1893],"carpPosition":[-10.7001,226.993,48.5707],"dipPosition":[-3.54607,269.69,-22.7865],"direction":[-0.0440352,0.470749,-0.881168],"extended":true,"handId":506,"id":5060,"length":52.1164,"mcpPosition":[-10.7001,226.993,48.5707],"pipPosition":[-2.04466,253.64,7.25747],"stabilizedTipPosition":[-7.86051,266.268,140.185],"timeVisible":156.482,"tipPosition":[-9.80924,276.27,-38.0731],"tipVelocity":[-4.96565,-60.094,-96.3463],"tool":false,"touchDistance":-0.421343,"touchZone":"touching","type":0,"width":20.25},{"bases":[[[0.746327,0.573487,0.3378],[-0.655176,0.543628,0.524608],[0.117218,-0.612847,0.781459]],[[0.744506,0.582516,0.326168],[-0.6669,0.671533,0.322936],[-0.0309175,-0.45795,0.88844]],[[0.744506,0.582516,0.326168],[-0.659337,0.718249,0.222244],[-0.104809,-0.380517,0.918815]],[[0.744506,0.582516,0.326168],[-0.648496,0.747085,0.145999],[-0.158629,-0.320216,0.933969]]],"btipPosition":[-19.7657,327.061,-75.9423],"carpPosition":[-17.7138,247.631,57.8844],"dipPosition":[-22.4759,321.59,-59.9849],"direction":[0.104809,0.380517,-0.918815],"extended":true,"handId":506,"id":5061,"length":58.8075,"mcpPosition":[-26.3375,292.718,0.392787],"pipPosition":[-25.0092,312.393,-37.7767],"stabilizedTipPosition":[-36.3669,298.809,129.92],"timeVisible":156.482,"tipPosition":[-20.3312,324.846,-72.6365],"tipVelocity":[47.408,-1.99419,-89.8126],"tool":false,"touchDistance":-0.437312,"touchZone":"touching","type":1,"width":19.3428},{"bases":[[[0.855985,0.384282,0.345857],[-0.516836,0.619169,0.591194],[0.0130409,-0.684804,0.72861]],[[0.855177,0.405192,0.323251],[-0.205759,0.837764,-0.505781],[-0.475746,0.366021,0.799809]],[[0.855177,0.405192,0.323251],[0.388176,-0.0873604,-0.917435],[-0.343498,0.910048,-0.231994]],[[0.855177,0.405192,0.323251],[0.514308,-0.585725,-0.626429],[-0.0644875,0.701959,-0.709292]]],"btipPosition":[23.1937,246.969,-7.02691],"carpPosition":[-9.80728,255.903,62.4318],"dipPosition":[21.9819,260.16,-20.3559],"direction":[0.343498,-0.910048,0.231994],"extended":false,"handId":506,"id":5062,"length":67.0064,"mcpPosition":[-10.7171,303.681,11.5981],"pipPosition":[12.214,286.038,-26.953],"stabilizedTipPosition":[13.8483,228.588,192.768],"timeVisible":156.482,"tipPosition":[22.9666,250.252,-10.4935],"tipVelocity":[24.7429,8.9796,-39.9793],"tool":false,"touchDistance":0.333333,"touchZone":"none","type":2,"width":18.9972},{"bases":[[[0.885084,0.231542,0.403751],[-0.45368,0.622897,0.637318],[-0.103929,-0.747253,0.656362]],[[0.886,0.238391,0.39771],[-0.0664121,0.914115,-0.399979],[-0.458904,0.327969,0.825738]],[[0.886,0.238391,0.39771],[0.414282,-0.0217406,-0.909889],[-0.208263,0.970926,-0.118023]],[[0.886,0.238391,0.39771],[0.459311,-0.568747,-0.68232],[0.0635372,0.787208,-0.613405]]],"btipPosition":[31.7768,252.27,3.31653],"carpPosition":[0.180924,261.72,66.5944],"dipPosition":[32.964,266.978,-8.14434],"direction":[0.208263,-0.970926,0.118023],"extended":false,"handId":506,"id":5063,"length":64.4285,"mcpPosition":[6.69104,308.528,25.4798],"pipPosition":[27.1947,293.875,-11.4138],"stabilizedTipPosition":[27.7338,232.852,202.031],"timeVisible":156.482,"tipPosition":[32.0844,255.759,0.540207],"tipVelocity":[25.6503,15.1196,-45.6082],"tool":false,"touchDistance":0.333333,"touchZone":"none","type":3,"width":18.077},{"bases":[[[0.929819,0.0373748,0.366113],[-0.317882,0.582846,0.747825],[-0.185438,-0.811723,0.553822]],[[0.934762,0.0606728,0.350056],[0.0854613,0.917978,-0.387316],[-0.344843,0.391964,0.852905]],[[0.934762,0.0606728,0.350056],[0.355088,-0.191518,-0.915005],[0.011526,0.979612,-0.200567]],[[0.934762,0.0606728,0.350056],[0.284332,-0.71853,-0.634721],[0.213015,0.692845,-0.688905]]],"btipPosition":[33.3093,264.026,22.1903],"carpPosition":[14.2604,261.921,68.6644],"dipPosition":[36.981,275.969,10.3158],"direction":[-0.011526,-0.979612,0.200567],"extended":false,"handId":506,"id":5064,"length":50.5107,"mcpPosition":[25.0131,308.988,36.5509],"pipPosition":[37.2064,295.129,6.3929],"stabilizedTipPosition":[33.926,241.843,224.936],"timeVisible":156.482,"tipPosition":[34.0666,266.699,19.1796],"tipVelocity":[26.5911,28.5881,-49.8242],"tool":false,"touchDistance":0.333333,"touchZone":"none","type":4,"width":16.0574}],"r":[[0.378735,-0.134698,0.915651],[0.667958,0.724595,-0.169691],[-0.640619,0.675884,0.364402]],"s":1.24935,"t":[10.5451,21.6391,20.2845],"timestamp":97970955618},false],[7,{"currentFrameRate":108.352,"devices":[],"gestures":[],"hands":[{"armBasis":[[0.727742,0.647973,0.224773],[-0.635856,0.514596,0.57522],[0.25706,-0.5615