{"sensorType":"Leap","data":[[0,{"currentFrameRate":107.942,"devices":[],"gestures":[],"hands":[{"armBasis":[[0.955485,0.0675357,-0.287207],[0.0803106,0.877158,0.473439],[0.2839,-0.475429,0.832687]],"armWidth":63.72,"confidence":0.623264,"direction":[0.0263511,0.259944,-0.965264],"elbow":[77.7263,140.593,286.846],"grabStrength":0,"id":506,"palmNormal":[-0.0885989,-0.961192,-0.261266],"palmPosition":[-5.47667,279.548,8.75031],"palmVelocity":[49.289,9.70385,108.945],"palmWidth":90.99,"pinchStrength":0.637319,"r":[[0.55344,0.252547,0.793678],[0.82592,-0.289424,-0.483829],[0.10752,0.923284,-0.368762]],"s":1.35415,"sphereCenter":[-32.2008,268.381,-19.2464],"sphereRadius":52.7046,"stabilizedPalmPosition":[-12.0017,276.701,-10.0754],"t":[8.36494,17.8716,1.6512],"timeVisible":168.924,"type":"right","wrist":[1.07323,268.959,62.0207]}],"id":1816196,"interactionBox":{"center":[0,200,0],"size":[235.247,235.247,147.751]},"pointables":[{"bases":[[[0.485062,0.873256,0.0462537],[-0.77201,0.402779,0.491701],[0.410751,-0.274214,0.869535]],[[0.417652,0.904598,-0.0852584],[-0.903898,0.404114,-0.140218],[-0.0923872,0.135627,0.986443]],[[0.417652,0.904598,-0.0852584],[-0.803666,0.324008,-0.499139],[-0.423896,0.276986,0.862317]],[[0.417652,0.904598,-0.0852584],[-0.255412,0.0268348,-0.96646],[-0.87197,0.42542,0.242253]]],"btipPosition":[11.1121,234.152,-21.875],"carpPosition":[-28.3598,260.323,62.4367],"dipPosition":[-9.2951,244.109,-16.2054],"direction":[0.423896,-0.276986,-0.862317],"extended":false,"handId":506,"id":5060,"length":52.1164,"mcpPosition":[-28.3598,260.323,62.4367],"pipPosition":[-23.7481,253.553,13.1958],"stabilizedTipPosition":[3.00413,233.771,-42.4575],"timeVisible":168.924,"tipPosition":[6.00898,235.96,-20.6],"tipVelocity":[33.0987,12.553,99.806],"tool":false,"touchDistance":0.163373,"touchZone":"hovering","type":0,"width":20.25},{"bases":[[[0.986008,-0.0474491,-0.159805],[0.0666721,0.990872,0.117163],[0.152787,-0.126178,0.980171]],[[0.997618,-0.0682836,0.00979047],[0.0505735,0.820513,0.569387],[-0.046913,-0.567535,0.822012]],[[0.997618,-0.0682836,0.00979047],[0.0568911,0.894696,0.443038],[-0.0390117,-0.441425,0.89645]],[[0.997618,-0.0682836,0.00979047],[0.0616591,0.946325,0.317281],[-0.03093,-0.315921,0.948281]]],"btipPosition":[-26.0682,330.886,-88.0608],"carpPosition":[-18.3146,281.154,57.2351],"dipPosition":[-26.5967,325.489,-71.8589],"direction":[0.0390117,0.441425,-0.89645],"extended":true,"handId":506,"id":5061,"length":58.8075,"mcpPosition":[-29.5551,290.437,-14.8757],"pipPosition":[-27.5396,314.819,-50.1913],"stabilizedTipPosition":[-33.8018,325.607,-104.15],"timeVisible":168.924,"tipPosition":[-25.8902,329.485,-84.3941],"tipVelocity":[59.001,29.0011,117.175],"tool":false,"touchDistance":0.188483,"touchZone":"hovering","type":1,"width":19.3428},{"bases":[[[0.971675,-0.23228,-0.043527],[0.235747,0.965575,0.109951],[0.0164893,-0.117098,0.992983]],[[0.971643,-0.232066,-0.0453373],[0.0159523,0.255638,-0.966641],[0.235914,0.938507,0.252091]],[[0.971643,-0.232066,-0.0453373],[-0.232017,-0.898757,-0.372028],[0.0455877,0.371997,-0.927114]],[[0.971643,-0.232066,-0.0453373],[-0.215325,-0.947629,0.23587],[-0.0977002,-0.219419,-0.970727]]],"btipPosition":[-18.2627,238.815,18.0869],"carpPosition":[-6.28075,282.337,54.9105],"dipPosition":[-20.0987,234.692,-0.155018],"direction":[-0.0455877,-0.371997,0.927114],"extended":false,"handId":506,"id":5062,"length":67.0064,"mcpPosition":[-7.43117,290.506,-14.3679],"pipPosition":[-18.8023,245.27,-26.5188],"stabilizedTipPosition":[-23.2861,233.399,-10.3654],"timeVisible":168.924,"tipPosition":[-18.6324,237.994,13.747],"tipVelocity":[34.5627,12.7474,102.749],"tool":false,"touchDistance":0.333333,"touchZone":"none","type":2,"width":18.9972},{"bases":[[[0.942956,-0.319104,0.0949092],[0.304972,0.942287,0.138158],[-0.133518,-0.101332,0.985852]],[[0.941915,-0.319864,0.102391],[0.17332,0.201806,-0.963968],[0.287675,0.925722,0.245523]],[[0.941915,-0.319864,0.102391],[-0.262725,-0.891666,-0.368656],[0.209219,0.320342,-0.923909]],[[0.941915,-0.319864,0.102391],[-0.335095,-0.915512,0.222597],[0.02254,-0.243978,-0.969519]]],"btipPosition":[-4.91003,241.134,24.6478],"carpPosition":[5.7965,280.463,53.6628],"dipPosition":[-4.4889,236.575,6.5333],"direction":[-0.209219,-0.320342,0.923909],"extended":false,"handId":506,"id":5063,"length":64.4285,"mcpPosition":[14.1601,286.81,-8.09098],"pipPosition":[1.30688,245.449,-19.0608],"stabilizedTipPosition":[-9.98258,237.21,-3.26867],"timeVisible":168.924,"tipPosition":[-4.67922,240.205,20.4081],"tipVelocity":[32.1508,5.98473,103.382],"tool":false,"touchDistance":0.333333,"touchZone":"none","type":3,"width":18.077},{"bases":[[[0.857725,-0.479964,0.184232],[0.434921,0.868504,0.237789],[-0.274137,-0.123832,0.953685]],[[0.863198,-0.477308,0.164519],[0.300908,0.224736,-0.926795],[0.405393,0.849512,0.337617]],[[0.863198,-0.477308,0.164519],[-0.365104,-0.815232,-0.44955],[0.348695,0.327984,-0.877974]],[[0.863198,-0.477308,0.164519],[-0.498736,-0.856796,0.131007],[0.0784286,-0.195137,-0.977635]]],"btipPosition":[10.295,245.663,20.7815],"carpPosition":[16.9054,271.572,53.9956],"dipPosition":[11.6468,242.3,3.9302],"direction":[-0.348695,-0.327984,0.877974],"extended":false,"handId":506,"id":5064,"length":50.5107,"mcpPosition":[32.8012,278.753,-1.30405],"pipPosition":[18.4669,248.715,-13.2419],"stabilizedTipPosition":[4.8339,243.448,-5.90413],"timeVisible":168.924,"tipPosition":[10.7574,245.008,16.8551],"tipVelocity":[37.6016,1.33373,100.69],"tool":false,"touchDistance":0.333333,"touchZone":"none","type":4,"width":16.0574}],"r":[[0.55344,0.252547,0.793678],[0.82592,-0.289424,-0.483829],[0.10752,0.923284,-0.368762]],"s":1.35415,"t":[8.36494,17.8716,1.6512],"timestamp":97983397019},false],[1,{"currentFrameRate":107.936,"devices":[],"gestures":[],"hands":[{"armBasis":[[0.955562,0.0570086,-0.289226],[0.090503,0.877009,0.471874],[0.280555,-0.47708,0.832877]],"armWidth":63.72,"confidence":0.628553,"direction":[0.0250654,0.261337,-0.964922],"elbow":[77.3988,139.748,288.436],"grabStrength":0,"id":506,"palmNormal":[-0.0986168,-0.959871,-0.262531],"palmPosition":[-5.00674,279.3,10.3322],"palmVelocity":[49.677,-0.549951,126.298],"palmWidth":90.99,"pinchStrength":0.637408,"r":[[0.555699,0.248843,0.793269],[0.823896,-0.292594,-0.48537],[0.111325,0.923291,-0.367615]],"s":1.35426,"sphereCenter":[-31.9586,268.436,-17.5646],"sphereRadius":52.72,"stabilizedPalmPosition":[-11.9842,276.708,-10.0244],"t":[8.83661,17.7784,2.87658],"timeVisible":168.933,"type":"right","wrist":[1.64894,268.559,63.5591]}],"id":1816197,"interactionBox":{"center":[0,200,0],"size":[235.247,235.247,147.751]},"pointables":[{"bases":[[[0.493405,0.868591,0.0458377],[-0.766296,0.409155,0.495361],[0.411511,-0.279539,0.867477]],[[0.425802,0.900784,-0.0853314],[-0.900602,0.412839,-0.135942],[-0.0872261,0.134734,0.987035]],[[0.425802,0.900784,-0.0853314],[-0.802466,0.332384,-0.495549],[-0.418019,0.279481,0.864378]],[[0.425802,0.900784,-0.0853314],[-0.258823,0.0308906,-0.965431],[-0.867008,0.433168,0.246296]]],"btipPosition":[11.0358,233.806,-20.4317],"carpPosition":[-27.862,260.199,64.0745],"dipPosition":[-9.25527,243.944,-14.6675],"direction":[0.418019,-0.279481,-0.864378],"extended":false,"handId":506,"id":5060,"length":52.1164,"mcpPosition":[-27.862,260.199,64.0745],"pipPosition":[-23.5079,253.473,14.804],"stabilizedTipPosition":[3.00547,233.772,-42.4482],"timeVisible":168.933,"tipPosition":[5.95884,235.663,-19.1343],"tipVelocity":[22.2706,-0.222838,116.186],"tool":false,"touchDistance":0.187791,"touchZone":"hovering","type":0,"width":20.25},{"bases":[[[0.984896,-0.0564147,-0.163701],[0.0764138,0.990002,0.118564],[0.155375,-0.129282,0.979359]],[[0.996965,-0.0776411,0.00575973],[0.0604836,0.818982,0.570623],[-0.0490209,-0.568543,0.821192]],[[0.996965,-0.0776411,0.00575973],[0.0670301,0.893633,0.443765],[-0.0396015,-0.442032,0.896124]],[[0.996965,-0.0776411,0.00575973],[0.0718036,0.945557,0.317437],[-0.0300923,-0.31606,0.948262]]],"btipPosition":[-25.4955,330.965,-86.3239],"carpPosition":[-17.642,280.943,58.8689],"dipPosition":[-26.0097,325.565,-70.1222],"direction":[0.0396015,0.442032,-0.896124],"extended":true,"handId":506,"id":5061,"length":58.8075,"mcpPosition":[-29.0729,290.454,-13.1822],"pipPosition":[-26.9669,314.88,-48.4626],"stabilizedTipPosition":[-33.764,325.626,-104.051],"timeVisible":168.933,"tipPosition":[-25.3209,329.574,-82.6531],"tipVelocity":[59.8739,23.1933,136.917],"tool":false,"touchDistance":0.217431,"touchZone":"hovering","type":1,"width":19.3428},{"bases":[[[0.969278,-0.241302,-0.0476782],[0.245215,0.963133,0.110654],[0.0192194,-0.118946,0.992715]],[[0.969244,-0.241099,-0.0493656],[0.0138528,0.253722,-0.967178],[0.245711,0.936748,0.249258]],[[0.969244,-0.241099,-0.0493656],[-0.241935,-0.896721,-0.37062],[0.0450888,0.371164,-0.927472]],[[0.969244,-0.241099,-0.0493656],[-0.22331,-0.945915,0.235323],[-0.103432,-0.217061,-0.970663]]],"btipPosition":[-18.1293,238.689,19.8404],"carpPosition":[-5.60662,282.018,56.4998],"dipPosition":[-20.073,234.61,1.59969],"direction":[-0.0450888,-0.371164,0.927472],"extended":false,"handId":506,"id":5062,"length":67.0064,"mcpPosition":[-6.94752,290.316,-12.7599],"pipPosition":[-18.7909,245.165,-24.7743],"stabilizedTipPosition":[-23.2852,233.4,-10.3603],"timeVisible":168.933,"tipPosition":[-18.5295,237.866,15.4383],"tipVelocity":[28.1251,5.63654,127.067],"tool":false,"touchDistance":0.333333,"touchZone":"none","type":2,"width":18.9972},{"bases":[[[0.94028,-0.328089,0.0907227],[0.314326,0.939149,0.138554],[-0.13066,-0.101763,0.986191]],[[0.939013,-0.329029,0.0999687],[0.172576,0.199441,-0.964594],[0.297442,0.923018,0.244061]],[[0.939013,-0.329029,0.0999687],[-0.272427,-0.889174,-0.367631],[0.209851,0.317976,-0.924583]],[[0.939013,-0.329029,0.0999687],[-0.343418,-0.912332,0.222966],[0.0178422,-0.243699,-0.969687]]],"btipPosition":[-4.80405,240.911,26.2531],"carpPosition":[6.44762,280.032,55.2022],"dipPosition":[-4.47068,236.358,8.13544],"direction":[-0.209851,-0.317976,0.924583],"extended":false,"handId":506,"id":5063,"length":64.4285,"mcpPosition":[14.6322,286.407,-6.57283],"pipPosition":[1.34261,245.167,-17.4774],"stabilizedTipPosition":[-9.98191,237.21,-3.26544],"timeVisible":168.933,"tipPosition":[-4.57751,239.959,21.9806],"tipVelocity":[25.7007,-2.4082,122.99],"tool":false,"touchDistance":0.333333,"touchZone":"none","type":3,"width":18.077},{"bases":[[[0.85389,-0.488297,0.180105],[0.443961,0.863982,0.237558],[-0.271606,-0.122889,0.95453]],[[0.859324,-0.485651,0.16033],[0.299388,0.223519,-0.927581],[0.414644,0.845093,0.337473]],[[0.859324,-0.485651,0.16033],[-0.374425,-0.810952,-0.449625],[0.348381,0.326342,-0.87871]],[[0.859324,-0.485651,0.16033],[-0.506212,-0.852354,0.131311],[0.0728861,-0.194,-0.97829]]],"btipPosition":[10.4913,245.243,22.2447],"carpPosition":[17.4738,271.038,55.477],"dipPosition":[11.7476,241.899,5.38211],"direction":[-0.348381,-0.326342,0.87871],"extended":false,"handId":506,"id":5064,"length":50.5107,"mcpPosition":[33.223,278.163,0.128367],"pipPosition":[18.5615,248.282,-11.8044],"stabilizedTipPosition":[4.835,243.448,-5.89966],"timeVisible":168.933,"tipPosition":[10.9315,244.592,18.3161],"tipVelocity":[32.3044,-11.6709,116.685],"tool":false,"touchDistance":0.333333,"touchZone":"none","type":4,"width":16.0574}],"r":[[0.555699,0.248843,0.793269],[0.823896,-0.292594,-0.48537],[0.111325,0.923291,-0.367615]],"s":1.35426,"t":[8.83661,17.7784,2.87658],"timestamp":97983406294},false],[2,{"currentFrameRate":107.922,"devices":[],"gestures":[],"hands":[{"armBasis":[[0.95448,0.0535766,-0.293423],[0.0957357,0.876659,0.471491],[0.282493,-0.47812,0.831624]],"armWidth":63.72,"confidence":0.627615,"direction":[0.0235488,0.261807,-0.964833],"elbow":[78.6454,139.182,289.236],"grabStrength":0,"id":506,"palmNormal":[-0.103603,-0.959265,-0.262825],"palmPosition":[-4.38316,279.077,11.4955],"palmVelocity":[54.5963,-7.18666,125.99],"palmWidth":90.99,"pinchStrength":0.637486,"r":[[0.558151,0.245283,0.792656],[0.821733,-0.295792,-0.487095],[0.114985,0.923224,-0.366654]],"s":1.35449,"sphereCenter":[-31.4764,268.337,-16.3116],"sphereRadius":52.7346,"stabilizedPalmPosition":[-11.9673,276.713,-9.9765],"t":[9.38424,17.6199,4.07091],"timeVisible":168.942,"type":"right","wrist":[2.37238,268.274,64.6973]}],"id":1816198,"interactionBox":{"center":[0,200,0],"size":[235.247,235.247,147.751]},"pointables":[{"bases":[[[0.49738,0.866366,0.0449827],[-0.763096,0.41225,0.497728],[0.412671,-0.281886,0.866166]],[[0.429563,0.898936,-0.085968],[-0.899143,0.416936,-0.133065],[-0.0837739,0.134457,0.987372]],[[0.429563,0.898936,-0.085968],[-0.80231,0.336223,-0.493207],[-0.414457,0.280836,0.865654]],[[0.429563,0.898936,-0.085968],[-0.261335,0.0326242,-0.964697],[-0.864395,0.436864,0.248938]]],"btipPosition":[11.3691,233.533,-19.3386],"carpPosition":[-27.1738,260.044,65.2897],"dipPosition":[-8.86086,243.757,-13.5125],"direction":[0.414457,-0.280836,-0.865654],"extended":false,"handId":506,"id":5060,"length":52.1164,"mcpPosition":[-27.1738,260.044,65.2897],"pipPosition":[-22.992,253.332,16.0024],"stabilizedTipPosition":[3.00664,233.773,-42.4405],"timeVisible":168.942,"tipPosition":[6.30879,235.414,-18.0263],"tipVelocity":[26.5332,-7.86123,117.031],"tool":false,"touchDistance":0.206247,"touchZone":"hovering","type":0,"width":20.25},{"bases":[[[0.984178,-0.0606836,-0.166467],[0.0811344,0.989581,0.118938],[0.157515,-0.130562,0.978847]],[[0.996627,-0.0820251,0.00260474],[0.0658783,0.81856,0.570631],[-0.0489382,-0.568535,0.821202]],[[0.996627,-0.0820251,0.00260474],[0.0724078,0.893827,0.442527],[-0.0386265,-0.440846,0.896751]],[[0.996627,-0.0820251,0.00260474],[0.0770341,0.945985,0.314924],[-0.0282957,-0.313661,0.949113]]],"btipPosition":[-24.9451,330.792,-85.1172],"carpPosition":[-16.8764,280.746,60.068],"dipPosition":[-25.4286,325.433,-68.901],"direction":[0.0386265,0.440846,-0.896751],"extended":true,"handId":506,"id":5061,"length":58.8075,"mcpPosition":[-28.4647,290.352,-11.9454],"pipPosition":[-26.3622,314.777,-47.2262],"stabilizedTipPosition":[-33.7285,325.642,-103.958],"timeVisible":168.942,"tipPosition":[-24.7651,329.449,-81.4251],"tipVelocity":[59.909,11.6894,135.032],"tool":false,"touchDistance":0.237598,"touchZone":"hovering","type":1,"width":19.3428},{"bases":[[[0.968062,-0.24557,-0.0505115],[0.249792,0.961969,0.110544],[0.0214443,-0.119631,0.992587]],[[0.968026,-0.245377,-0.0521035],[0.0108928,0.248632,-0.968537],[0.250612,0.937002,0.243355]],[[0.968026,-0.245377,-0.0521035],[-0.24711,-0.897079,-0.366313],[0.0431439,0.367476,-0.929032]],[[0.968026,-0.245377,-0.0521035],[-0.226709,-0.944696,0.236965],[-0.107368,-0.217577,-0.97012]]],"btipPosition":[-17.6278,238.59,21.3344],"carpPosition":[-4.84294,281.769,57.6662],"dipPosition":[-19.6455,234.501,3.10388],"direction":[-0.0431439,-0.367476,0.929032],"extended":false,"handId":506,"id":5062,"length":67.0064,"mcpPosition":[-6.33906,290.115,-11.5846],"pipPosition":[-18.4186,244.951,-23.3144],"stabilizedTipPosition":[-23.2844,233.4,-10.3561],"timeVisible":168.942,"tipPosition":[-18.0592,237.735,16.8343],"tipVelocity":[34.9009,0.976123,136.653],"tool":false,"touchDistance":0.333333,"touchZone":"none","type":2,"width":18.9972},{"bases":[[[0.939063,-0.332311,0.0879178],[0.318873,0.937662,0.138238],[-0.128375,-0.101779,0.986489]],[[0.93759,-0.333414,0.0987904],[0.171777,0.197058,-0.965226],[0.302352,0.921956,0.242032]],[[0.93759,-0.333414,0.0987904],[-0.277328,-0.888324,-0.366019],[0.209793,0.315778,-0.925349]],[[0.93759,-0.333414,0.0987904],[-0.347405,-0.910583,0.223939],[0.0152927,-0.244283,-0.969583]]],"btipPosition":[-4.36624,240.73,27.476],"carpPosition":[7.19873,279.731,56.3339],"dipPosition":[-4.08051,236.166,9.36034],"direction":[-0.209793,-0.315778,0.925349],"extended":false,"handId":506,"id":5063,"length":64.4285,"mcpPosition":[15.2402,286.106,-5.45978],"pipPosition":[1.73118,244.914,-16.2737],"stabilizedTipPosition":[-9.98132,237.21,-3.26268],"timeVisible":168.942,"tipPosition":[-4.13792,239.753,23.1762],"tipVelocity":[31.4102,-7.31325,125.441],"tool":false,"touchDistance":0.333333,"touchZone":"none","type":3,"width":18.077},{"bases":[[[0.852211,-0.492188,0.177445],[0.448447,0.86186,0.236837],[-0.269501,-0.12226,0.955208]],[[0.857613,-0.489549,0.157612],[0.297766,0.222777,-0.928281],[0.419327,0.843038,0.336827]],[[0.857613,-0.489549,0.157612],[-0.379226,-0.808962,-0.449187],[0.3474,0.325458,-0.879426]],[[0.857613,-0.489549,0.157612],[-0.509595,-0.850225,0.132027],[0.0693717,-0.193546,-0.978636]]],"btipPosition":[10.9952,244.938,23.344],"carpPosition":[18.1856,270.687,56.5728],"dipPosition":[12.1909,241.602,6.47548],"direction":[-0.3474,-0.325458,0.879426],"extended":false,"handId":506,"id":5064,"length":50.5107,"mcpPosition":[33.8127,277.776,1.18491],"pipPosition":[18.9856,247.967,-10.725],"stabilizedTipPosition":[4.83609,243.448,-5.89537],"timeVisible":168.942,"tipPosition":[11.4208,244.289,19.4146],"tipVelocity":[38.0673,-17.5828,117.105],"tool":false,"touchDistance":0.333333,"touchZone":"none","type":4,"width":16.0574}],"r":[[0.558151,0.245283,0.792656],[0.821733,-0.295792,-0.487095],[0.114985,0.923224,-0.366654]],"s":1.35449,"t":[9.38424,17.6199,4.07091],"timestamp":97983415585},false],[3,{"currentFrameRate":107.962,"devices":[],"gestures":[],"hands":[{"armBasis":[[0.95386,0.0515156,-0.295798],[0.0988284,0.876405,0.471325],[0.28352,-0.478811,0.830877]],"armWidth":63.72,"confidence":0.630402,"direction":[0.0226676,0.262156,-0.964759],"elbow":[79.3147,138.853,289.749],"grabStrength":0,"id":506,"palmNormal":[-0.106553,-0.958877,-0.263061],"palmPosition":[-4.04932,278.975,12.2264],"palmVelocity":[49.4884,-8.26086,113.004],"palmWidth":90.99,"pinchStrength":0.63747,"r":[[0.560486,0.242065,0.791997],[0.819674,-0.298732,-0.488768],[0.118281,0.923127,-0.36585]],"s":1.35469,"sphereCenter":[-31.263,268.317,-15.5377],"sphereRadius":52.7568,"stabilizedPalmPosition":[-11.9516,276.718,-9.93252],"t":[9.82497,17.49,5.03355],"timeVisible":168.951,"type":"right","wrist":[2.76432,268.132,65.4126]}],"id":1816199,"interactionBox":{"center":[0,200,0],"size":[235.247,235.247,147.751]},"pointables":[{"bases":[[[0.49973,0.865035,0.0445394],[-0.761199,0.414043,0.499144],[0.413336,-0.283341,0.865373]],[[0.431807,0.897833,-0.0862495],[-0.898264,0.419409,-0.131217],[-0.0816369,0.134135,0.987595]],[[0.431807,0.897833,-0.0862495],[-0.802168,0.338548,-0.491846],[-0.412396,0.281569,0.8664]],[[0.431807,0.897833,-0.0862495],[-0.262951,0.0338383,-0.964215],[-0.862786,0.439034,0.250698]]],"btipPosition":[11.5259,233.409,-18.6564],"carpPosition":[-26.8024,259.98,66.0496],"dipPosition":[-8.66644,243.684,-12.7892],"direction":[0.412396,-0.281569,-0.8664],"extended":false,"handId":506,"id":5060,"length":52.1164,"mcpPosition":[-26.8024,259.98,66.0496],"pipPosition":[-22.7273,253.284,16.7512],"stabilizedTipPosition":[3.00763,233.774,-42.4341],"timeVisible":168.951,"tipPosition":[6.48111,235.307,-17.3326],"tipVelocity":[24.1473,-9.08031,105.353],"tool":false,"touchDistance":0.217774,"touchZone":"hovering","type":0,"width":20.25},{"bases":[[[0.983743,-0.0632007,-0.168095],[0.0839308,0.989313,0.119224],[0.158764,-0.131394,0.978534]],[[0.996414,-0.0846057,0.000601702],[0.0691219,0.818119,0.57088],[-0.048792,-0.568791,0.821033]],[[0.996414,-0.0846057,0.000601702],[0.0756431,0.894001,0.441633],[-0.0379026,-0.440004,0.897195]],[[0.996414,-0.0846057,0.000601702],[0.0801717,0.946418,0.312833],[-0.0270369,-0.311663,0.949808]]],"btipPosition":[-24.665,330.72,-84.3576],"carpPosition":[-16.4591,280.657,60.82],"dipPosition":[-25.1269,325.395,-68.1295],"direction":[0.0379026,0.440004,-0.897195],"extended":true,"handId":506,"id":5061,"length":58.8075,"mcpPosition":[-28.1392,290.324,-11.1704],"pipPosition":[-26.043,314.76,-46.444],"stabilizedTipPosition":[-33.6971,325.656,-103.877],"timeVisible":168.951,"tipPosition":[-24.4798,329.41,-80.6521],"tipVelocity":[51.8351,6.48621,120.473],"tool":false,"touchDistance":0.250304,"touchZone":"hovering","type":1,"width":19.3428},{"bases":[[[0.967329,-0.248093,-0.0521914],[0.252501,0.961261,0.110544],[0.0227444,-0.120111,0.9925]],[[0.967292,-0.247905,-0.0537463],[0.00978739,0.248197,-0.96866],[0.253475,0.936452,0.242505]],[[0.967292,-0.247905,-0.0537463],[-0.250067,-0.896375,-0.36603],[0.0425636,0.367498,-0.92905]],[[0.967292,-0.247905,-0.0537463],[-0.228852,-0.944258,0.236651],[-0.109417,-0.216611,-0.970107]]],"btipPosition":[-17.3855,238.511,22.1144],"carpPosition":[-4.4269,281.649,58.399],"dipPosition":[-19.4417,234.441,3.88419],"direction":[-0.0425636,-0.367498,0.92905],"extended":false,"handId":506,"id":5062,"length":67.0064,"mcpPosition":[-6.01373,290.029,-10.8458],"pipPosition":[-18.2313,244.891,-22.5346],"stabilizedTipPosition":[-23.2837,233.401,-10.3526],"timeVisible":168.951,"tipPosition":[-17.8269,237.661,17.6081],"tipVelocity":[32.2459,-1.56229,122.182],"tool":false,"touchDistance":0.333333,"touchZone":"none","type":2,"width":18.9972},{"bases":[[[0.938327,-0.334818,0.0862482],[0.321564,0.936761,0.138115],[-0.127037,-0.101863,0.986654]],[[0.936676,-0.336058,0.098502],[0.171563,0.195146,-0.965652],[0.305292,0.921403,0.240444]],[[0.936676,-0.336058,0.098502],[-0.28021,-0.887934,-0.364768],[0.210046,0.314069,-0.925873]],[[0.936676,-0.336058,0.098502],[-0.349912,-0.909461,0.224595],[0.0141069,-0.24484,-0.969461]]],"btipPosition":[-4.15783,240.667,28.2613],"carpPosition":[7.60718,279.58,57.0462],"dipPosition":[-3.89425,236.092,10.1478],"direction":[-0.210046,-0.314069,0.925873],"extended":false,"handId":506,"id":5063,"length":64.4285,"mcpPosition":[15.5648,285.96,-4.75777],"pipPosition":[1.92445,244.793,-15.5007],"stabilizedTipPosition":[-9.98082,237.211,-3.26035],"timeVisible":168.951,"tipPosition":[-3.9249,239.668,23.94],"tipVelocity":[28.814,-7.26616,114.274],"tool":false,"touchDistance":0.333333,"touchZone":"none","type":3,"width":18.077},{"bases":[[[0.851201,-0.494504,0.175849],[0.451098,0.860577,0.236471],[-0.268267,-0.121959,0.955593]],[[0.856589,-0.491864,0.155965],[0.296804,0.222416,-0.928676],[0.422093,0.841784,0.336506]],[[0.856589,-0.491864,0.155965],[-0.382046,-0.807722,-0.449029],[0.346837,0.325047,-0.8798]],[[0.856589,-0.491864,0.155965],[-0.511588,-0.848981,0.132319],[0.0673283,-0.193133,-0.97886]]],"btipPosition":[11.257,244.786,24.0348],"carpPosition":[18.5706,270.507,57.2634],"dipPosition":[12.4176,241.457,7.16238],"direction":[-0.346837,-0.325047,0.8798],"extended":false,"handId":506,"id":5064,"length":50.5107,"mcpPosition":[34.1261,277.579,1.85314],"pipPosition":[19.2013,247.814,-10.0455],"stabilizedTipPosition":[4.83714,243.448,-5.89128],"timeVisible":168.951,"tipPosition":[11.6737,244.138,20.1051],"tipVelocity":[35.1447,-17.2464,105.353],"tool":false,"touchDistance":0.333333,"touchZone":"none","type":4,"width":16.0574}],"r":[[0.560486,0.242065,0.791997],[0.819674,-0.298732,-0.488768],[0.118281,0.923127,-0.36585]],"s":1.35469,"t":[9.82497,17.49,5.03355],"timestamp":97983424776},false],[4,{"currentFrameRate":108.033,"devices":[],"gestures":[],"hands":[{"armBasis":[[0.954759,0.0458469,-0.293826],[0.102945,0.876001,0.471195],[0.278994,-0.480126,0.83165]],"armWidth":63.72,"confidence":0.636959,"direction":[0.0193314,0.260391,-0.96531],"elbow":[78.5927,138.44,290.7],"grabStrength":0,"id":506,"palmNormal":[-0.110107,-0.959063,-0.260911],"palmPosition":[-3.7425,278.84,12.9781],"palmVelocity":[45.0771,-10.0755,104.486],"palmWidth":90.99,"pinchStrength":0.637534,"r":[[0.563125,0.239475,0.790913],[0.817452,-0.30167,-0.49068],[0.121089,0.922847,-0.365637]],"s":1.35486,"sphereCenter":[-31.1416,268.21,-14.6525],"sphereRadius":52.7784,"stabilizedPalmPosition":[-11.9371,276.721,-9.89182],"t":[10.1987,17.3575,5.89073],"timeVisible":168.96,"type":"right","wrist":[3.26424,268.074,66.1548]}],"id":1816200,"interactionBox":{"center":[0,200,0],"size":[235.247,235.247,147.751]},"pointables":[{"bases":[[[0.50213,0.863823,0.0409256],[-0.758052,0.416884,0.501562],[0.4162,-0.282873,0.864153]],[[0.433756,0.896562,-0.0896242],[-0.897722,0.421505,-0.128172],[-0.0771375,0.136053,0.987694]],[[0.433756,0.896562,-0.0896242],[-0.803297,0.339734,-0.489178],[-0.40813,0.284179,0.867567]],[[0.433756,0.896562,-0.0896242],[-0.26687,0.0328285,-0.963173],[-0.860602,0.4417,0.253505]]],"btipPosition":[11.5867,233.18,-17.8875],"carpPosition":[-26.3204,259.999,66.929],"dipPosition":[-8.55448,243.518,-11.9545],"direction":[0.40813,-0.284179,-0.867567],"extended":false,"handId":506,"id":5060,"length":52.1164,"mcpPosition":[-26.3204,259.999,66.929],"pipPosition":[-22.4699,253.207,17.6257],"stabilizedTipPosition":[3.00843,233.774,-42.4288],"timeVisible":168.96,"tipPosition":[6.55478,235.096,-16.5462],"tipVelocity":[19.6476,-13.0701,99.947],"tool":false,"touchDistance":0.230842,"touchZone":"hovering","type":0,"width":20.25},{"bases":[[[0.98287,-0.0660303,-0.172064],[0.0869649,0.989303,0.117115],[0.162491,-0.130072,0.978099]],[[0.996189,-0.0871444,-0.00359664],[0.0736869,0.818856,0.56925],[-0.0466619,-0.567346,0.822157]],[[0.996189,-0.0871444,-0.00359664],[0.0798643,0.894841,0.439183],[-0.035054,-0.437797,0.89839]],[[0.996189,-0.0871444,-0.00359664],[0.0839731,0.947159,0.309578],[-0.0235714,-0.3087,0.950867]]],"btipPosition":[-24.6455,330.44,-83.6211],"carpPosition":[-15.9458,280.64,61.6197],"dipPosition":[-25.0482,325.165,-67.3749],"direction":[0.035054,0.437797,-0.89839],"extended":true,"handId":506,"id":5061,"length":58.8075,"mcpPosition":[-27.9002,290.209,-10.3387],"pipPosition":[-25.8955,314.584,-45.6605],"stabilizedTipPosition":[-33.6718,325.666,-103.809],"timeVisible":168.96,"tipPosition":[-24.4476,329.151,-79.9084],"tipVelocity":[38.4374,-3.50132,109.544],"tool":false,"touchDistance":0.262648,"touchZone":"hovering","type":1,"width":19.3428},{"bases":[[[0.966464,-0.250675,-0.0557648],[0.255425,0.960802,0.107785],[0.0265601,-0.118414,0.992609]],[[0.966421,-0.250486,-0.0573395],[0.00635194,0.246359,-0.969158],[0.256887,0.93625,0.239678]],[[0.966421,-0.250486,-0.0573395],[-0.253883,-0.896293,-0.363597],[0.0396832,0.365945,-0.92979]],[[0.966421,-0.250486,-0.0573395],[-0.230329,-0.943335,0.238888],[-0.113929,-0.217659,-0.969353]]],"btipPosition":[-17.1439,238.414,22.998],"carpPosition":[-3.92134,281.596,59.147],"dipPosition":[-19.2849,234.324,4.78197],"direction":[-0.0396832,-0.365945,0.92979],"extended":false,"handId":506,"id":5062,"length":67.0064,"mcpPosition":[-5.77438,289.858,-10.1053],"pipPosition":[-18.1564,244.73,-21.6579],"stabilizedTipPosition":[-23.2831,233.401,-10.3496],"timeVisible":168.96,"tipPosition":[-17.6055,237.562,18.4982],"tipVelocity":[30.046,-4.22608,115.228],"tool":false,"touchDistance":0.333333,"touchZone":"none","type":2,"width":18.9972},{"bases":[[[0.937815,-0.337079,0.0829481],[0.324538,0.936173,0.135112],[-0.123197,-0.0997905,0.987352]],[[0.936049,-0.338408,0.0963997],[0.168766,0.19138,-0.966898],[0.308757,0.921332,0.236253]],[[0.936049,-0.338408,0.0963997],[-0.283959,-0.888279,-0.361009],[0.207798,0.310549,-0.927566]],[[0.936049,-0.338408,0.0963997],[-0.351719,-0.907897,0.228074],[0.0103389,-0.247394,-0.96886]]],"btipPosition":[-3.926,240.6,29.1422],"carpPosition":[8.10167,279.494,57.748],"dipPosition":[-3.73283,235.977,11.04],"direction":[-0.207798,-0.310549,0.927566],"extended":false,"handId":506,"id":5063,"length":64.4285,"mcpPosition":[15.8187,285.745,-4.09974],"pipPosition":[2.0236,244.58,-14.6554],"stabilizedTipPosition":[-9.98039,237.211,-3.25836],"timeVisible":168.96,"tipPosition":[-3.70225,239.574,24.8052],"tipVelocity":[27.3716,-7.62692,109.416],"tool":false,"touchDistance":0.333333,"touchZone":"none","type":3,"width":18.077},{"bases":[[[0.850652,-0.496382,0.173194],[0.454284,0.859829,0.233065],[-0.264606,-0.119578,0.956914]],[[0.855975,-0.493786,0.153242],[0.293478,0.220033,-0.930299],[0.42565,0.841285,0.333258]],[[0.855975,-0.493786,0.153242],[-0.385945,-0.807482,-0.446115],[0.344025,0.322721,-0.881759]],[[0.855975,-0.493786,0.153242],[-0.513187,-0.847469,0.135781],[0.0628209,-0.194866,-0.978816]]],"btipPosition":[11.5236,244.627,24.783],"carpPosition":[19.0426,270.394,57.9358],"dipPosition":[12.6065,241.268,7.91137],"direction":[-0.344025,-0.322721,0.881759],"extended":false,"handId":506,"id":5064,"length":50.5107,"mcpPosition":[34.3858,277.327,2.44897],"pipPosition":[19.3352,247.58,-9.33477],"stabilizedTipPosition":[4.83816,243.448,-5.88731],"timeVisible":168.96,"tipPosition":[11.9215,243.973,20.8534],"tipVelocity":[32.9512,-17.4918,98.8608],"tool":false,"touchDistance":0.333333,"touchZone":"none","type":4,"width":16.0574}],"r":[[0.563125,0.239475,0.790913],[0.817452,-0.30167,-0.49068],[0.121089,0.922847,-0.365637]],"s":1.35486,"t":[10.1987,17.3575,5.89073],"timestamp":97983433904},false],[5,{"currentFrameRate":108.031,"devices":[],"gestures":[],"hands":[{"armBasis":[[0.955313,0.0422167,-0.292565],[0.105578,0.875733,0.47111],[0.276098,-0.480946,0.832143]],"armWidth":63.72,"confidence":0.587244,"direction":[0.0171896,0.259271,-0.965652],"elbow":[78.1307,138.18,291.308],"grabStrength":0,"id":506,"palmNormal":[-0.112372,-0.959174,-0.259532],"palmPosition":[-3.54616,278.754,13.4591],"palmVelocity":[38.363,-9.86598,89.7101],"palmWidth":90.99,"pinchStrength":0.637576,"r":[[0.565725,0.237388,0.789685],[0.815302,-0.304391,-0.492574],[0.123442,0.922493,-0.365744]],"s":1.355,"sphereCenter":[-31.0508,268.143,-14.0861],"sphereRadius":52.7862,"stabilizedPalmPosition":[-11.9234,276.725,-9.85379],"t":[10.4838,17.2481,6.55982],"timeVisible":168.97,"type":"right","wrist":[3.58438,268.036,66.6291]}],"id":1816201,"interactionBox":{"center":[0,200,0],"size":[235.247,235.247,147.751]},"pointables":[{"bases":[[[0.503652,0.863043,0.0386132],[-0.756031,0.418693,0.503104],[0.418034,-0.282582,0.863363]],[[0.434984,0.895747,-0.0917924],[-0.897374,0.422844,-0.126185],[-0.0742157,0.137261,0.987751]],[[0.434984,0.895747,-0.0917924],[-0.803999,0.340473,-0.487507],[-0.40543,0.285859,0.86828]],[[0.434984,0.895747,-0.0917924],[-0.269437,0.0322108,-0.962479],[-0.859181,0.443396,0.255359]]],"btipPosition":[11.6247,233.035,-17.3959],"carpPosition":[-26.0113,260.01,67.4911],"dipPosition":[-8.48327,243.412,-11.4196],"direction":[0.40543,-0.285859,-0.86828],"extended":false,"handId":506,"id":5060,"length":52.1164,"mcpPosition":[-26.0113,260.01,67.4911],"pipPosition":[-22.3067,253.158,18.185],"stabilizedTipPosition":[3.0091,233.774,-42.4244],"timeVisible":168.97,"tipPosition":[6.60216,234.962,-16.0428],"tipVelocity":[15.5069,-13.5434,87.0719],"tool":false,"touchDistance":0.239201,"touchZone":"hovering","type":0,"width":20.25},{"bases":[[[0.982299,-0.067838,-0.174602],[0.0888976,0.989291,0.115764],[0.164879,-0.129236,0.97781]],[[0.996032,-0.0887778,-0.00620071],[0.0765566,0.819221,0.568344],[-0.0453766,-0.566564,0.822767]],[[0.996032,-0.0887778,-0.00620071],[0.0825189,0.895225,0.437908],[-0.0333255,-0.436682,0.898998]],[[0.996032,-0.0887778,-0.00620071],[0.0863672,0.947478,0.307937],[-0.021463,-0.307251,0.951386]]],"btipPosition":[-24.6255,330.281,-83.1384],"carpPosition":[-15.6171,280.628,62.1309],"dipPosition":[-24.9922,325.032,-66.8834],"direction":[0.0333255,0.436682,-0.898998],"extended":true,"handId":506,"id":5061,"length":58.8075,"mcpPosition":[-27.7472,290.136,-9.80619],"pipPosition":[-25.7977,314.477,-45.1543],"stabilizedTipPosition":[-33.6517,325.674,-103.754],"timeVisible":168.97,"tipPosition":[-24.4214,328.998,-79.4258],"tipVelocity":[28.4868,-7.15249,93.4579],"tool":false,"touchDistance":0.270727,"touchZone":"hovering","type":1,"width":19.3428},{"bases":[[[0.9659,-0.252324,-0.0580508],[0.257286,0.960502,0.106018],[0.029007,-0.117339,0.992668]],[[0.965852,-0.252135,-0.0596441],[0.00413224,0.245164,-0.969473],[0.259061,0.936121,0.237834]],[[0.965852,-0.252135,-0.0596441],[-0.256315,-0.896207,-0.362099],[0.0378445,0.365022,-0.930229]],[[0.965852,-0.252135,-0.0596441],[-0.231277,-0.94277,0.240199],[-0.116793,-0.218202,-0.96889]]],"btipPosition":[-16.9896,238.348,23.5648],"carpPosition":[-3.59764,281.562,59.6252],"dipPosition":[-19.1844,234.247,5.35738],"direction":[-0.0378445,-0.365022,0.930229],"extended":false,"handId":506,"id":5062,"length":67.0064,"mcpPosition":[-5.6214,289.749,-9.63131],"pipPosition":[-18.1082,244.627,-21.095],"stabilizedTipPosition":[-23.2827,233.402,-10.3471],"timeVisible":168.97,"tipPosition":[-17.4639,237.496,19.0701],"tipVelocity":[25.907,-5.12619,100.095],"tool":false,"touchDistance":0.333333,"touchZone":"none","type":2,"width":18.9972},{"bases":[[[0.937479,-0.338525,0.0808355],[0.326431,0.93579,0.13319],[-0.120733,-0.0984755,0.987788]],[[0.935663,-0.339894,0.0949025],[0.167021,0.189628,-0.967546],[0.310867,0.921148,0.234197]],[[0.935663,-0.339894,0.0949025],[-0.286249,-0.88828,-0.359193],[0.206388,0.308918,-0.928425]],[[0.935663,-0.339894,0.0949025],[-0.352805,-0.907007,0.229927],[0.00792664,-0.248616,-0.96857]]],"btipPosition":[-3.77399,240.538,29.6737],"carpPosition":[8.41814,279.439,58.1966],"dipPosition":[-3.62589,235.893,11.5769],"direction":[-0.206388,-0.308918,0.928425],"extended":false,"handId":506,"id":5063,"length":64.4285,"mcpPosition":[15.9809,285.607,-3.67848],"pipPosition":[2.09146,244.451,-14.1423],"stabilizedTipPosition":[-9.98001,237.211,-3.25662],"timeVisible":168.97,"tipPosition":[-3.55652,239.504,25.3386],"tipVelocity":[23.9758,-7.51032,94.8254],"tool":false,"touchDistance":0.333333,"touchZone":"none","type":3,"width":18.077},{"bases":[[[0.850295,-0.497582,0.171492],[0.456312,0.859344,0.230883],[-0.262255,-0.118065,0.957749]],[[0.855579,-0.495012,0.151483],[0.291328,0.218528,-0.931329],[0.427916,0.840957,0.331179]],[[0.855579,-0.495012,0.151483],[-0.388419,-0.807304,-0.444286],[0.34222,0.321283,-0.882985]],[[0.855579,-0.495012,0.151483],[-0.514188,-0.846513,0.137935],[0.0599526,-0.195905,-0.978788]]],"btipPosition":[11.6939,244.524,25.2615],"carpPosition":[19.3446,270.32,58.3656],"dipPosition":[12.7273,241.147,8.39027],"direction":[-0.34222,-0.321283,0.882985],"extended":false,"handId":506,"id":5064,"length":50.5107,"mcpPosition":[34.5515,277.166,2.83035],"pipPosition":[19.4207,247.431,-8.87986],"stabilizedTipPosition":[4.83917,243.448,-5.88342],"timeVisible":168.97,"tipPosition":[12.0795,243.866,21.3322],"tipVelocity":[28.5107,-15.8327,85.5922],"tool":false,"touchDistance":0.333333,"touchZone":"none","type":4,"width":16.0574}],"r":[[0.565725,0.237388,0.789685],[0.815302,-0.304391,-0.492574],[0.123442,0.922493,-0.365744]],"s":1.355,"t":[10.4838,17.2481,6.55982],"timestamp":97983443163},false],[6,{"currentFrameRate":108.034,"devices":[],"gestures":[],"hands":[{"armBasis":[[0.955463,0.039029,-0.292518],[0.108316,0.875657,0.47063],[0.274514,-0.481354,0.832431]],"armWidth":63.72,"confidence":0.538033,"direction":[0.0153858,0.258215,-0.965965],"elbow":[77.8513,138.055,291.635],"grabStrength":0,"id":506,"palmNormal":[-0.114798,-0.959235,-0.258245],"palmPosition":[-3.50395,278.696,13.7142],"palmVelocity":[28.8634,-8.8443,72.2448],"palmWidth":90.99,"pinchStrength":0.634378,"r":[[0.568262,0.235664,0.788379],[0.813221,-0.306974,-0.494407],[0.125498,0.922079,-0.366089]],"s":1.35511,"sphereCenter":[-31.0246,268.121,-13.7441],"sphereRadius":52.741,"stabilizedPalmPosition":[-11.9113,276.727,-9.81991],"t":[10.6474,17.1646,7.02187],"timeVisible":168.979,"type":"right","wrist":[3.73258,268.021,66.8784]}],"id":1816202,"interactionBox":{"center":[0,200,0],"size":[235.247,235.247,147.751]},"pointables":[{"bases":[[[0.50537,0.86213,0.0365006],[-0.754043,0.420653,0.504451],[0.419548,-0.282458,0.862668]],[[0.435619,0.895079,-0.095237],[-0.897547,0.423919,-0.121254],[-0.0681593,0.1383,0.988042]],[[0.435619,0.895079,-0.095237],[-0.805436,0.340365,-0.485205],[-0.401882,0.288072,0.869198]],[[0.435619,0.895079,-0.095237],[-0.276507,0.0323769,-0.960466],[-0.856609,0.444731,0.2616]]],"btipPosition":[11.2764,232.918,-17.2597],"carpPosition":[-25.8761,260.052,67.8192],"dipPosition":[-8.77135,243.327,-11.1373],"direction":[0.401882,-0.288072,-0.869198],"extended":false,"handId":506,"id":5060,"length":52.1164,"mcpPosition":[-25.8761,260.052,67.8192],"pipPosition":[-22.4737,253.148,18.4985],"stabilizedTipPosition":[3.00958,233.774,-42.4209],"timeVisible":168.979,"tipPosition":[6.37746,234.887,-15.8289],"tipVelocity":[0.988981,-13.0595,67.7576],"tool":false,"touchDistance":0.24203,"touchZone":"hovering","type":0,"width":20.25},{"bases":[[[0.981752,-0.069879,-0.17686],[0.0910392,0.989243,0.114501],[0.166956,-0.128513,0.977553]],[[0.995845,-0.0906684,-0.00845305],[0.0793947,0.819048,0.568205],[-0.0445948,-0.566515,0.822844]],[[0.995845,-0.0906684,-0.00845305],[0.0852309,0.895374,0.437083],[-0.032061,-0.435988,0.899381]],[[0.995845,-0.0906684,-0.00845305],[0.0888905,0.947756,0.306361],[-0.0197658,-0.305839,0.951878]]],"btipPosition":[-24.7101,330.202,-82.8589],"carpPosition":[-15.4557,280.645,62.4124],"dipPosition":[-25.0478,324.976,-66.5955],"direction":[0.032061,0.435988,-0.899381],"extended":true,"handId":506,"id":5061,"length":58.8075,"mcpPosition":[-27.7386,290.1,-9.50578],"pipPosition":[-25.8227,314.438,-44.8571],"stabilizedTipPosition":[-33.6367,325.679,-103.712],"timeVisible":168.979,"tipPosition":[-24.5109,328.909,-79.1552],"tipVelocity":[18.1133,-7.39058,75.7414],"tool":false,"touchDistance":0.275417,"touchZone":"hovering","type":1,"width":19.3428},{"bases":[[[0.965281,-0.25421,-0.060074],[0.259349,0.960126,0.104386],[0.0311425,-0.116342,0.992721]],[[0.965229,-0.25402,-0.0616935],[0.00221951,0.243963,-0.969782],[0.261395,0.935925,0.236044]],[[0.965229,-0.25402,-0.0616935],[-0.258864,-0.896029,-0.360722],[0.0363514,0.36415,-0.930631]],[[0.965229,-0.25402,-0.0616935],[-0.232527,-0.942173,0.241331],[-0.119429,-0.218594,-0.96848]]],"btipPosition":[-17.002,238.311,23.9031],"carpPosition":[-3.44051,281.553,59.8772],"dipPosition":[-19.2463,234.203,5.70338],"direction":[-0.0363514,-0.36415,0.930631],"extended":false,"handId":506,"id":5062,"length":67.0064,"mcpPosition":[-5.61326,289.67,-9.38298],"pipPosition":[-18.2126,244.558,-20.7604],"stabilizedTipPosition":[-23.2823,233.402,-10.345],"timeVisible":168.979,"tipPosition":[-17.4879,237.461,19.4123],"tipVelocity":[17.9037,-4.8483,82.2951],"tool":false,"touchDistance":0.333333,"touchZone":"none","type":2,"width":18.9972},{"bases":[[[0.937028,-0.34021,0.0789709],[0.328512,0.935312,0.13142],[-0.118573,-0.0972014,0.988176]],[[0.935172,-0.34161,0.0935743],[0.165529,0.18795,-0.96813],[0.313136,0.920857,0.232312]],[[0.935172,-0.34161,0.0935743],[-0.288668,-0.888172,-0.357521],[0.205243,0.307332,-0.929205]],[[0.935172,-0.34161,0.0935743],[-0.354149,-0.906049,0.231633],[0.00565464,-0.249756,-0.968292]]],"btipPosition":[-3.78686,240.504,29.9758],"carpPosition":[8.56781,279.406,58.4223],"dipPosition":[-3.68121,235.837,11.8842],"direction":[-0.205243,-0.307332,0.929205],"extended":false,"handId":506,"id":5063,"length":64.4285,"mcpPosition":[15.9952,285.494,-3.47702],"pipPosition":[2.00443,244.351,-13.8566],"stabilizedTipPosition":[-9.97971,237.211,-3.25521],"timeVisible":168.979,"tipPosition":[-3.5758,239.462,25.6425],"tipVelocity":[16.5499,-6.59467,77.389],"tool":false,"touchDistance":0.333333,"touchZone":"none","type":3,"width":18.077},{"bases":[[[0.84976,-0.499006,0.170004],[0.45848,0.858724,0.228886],[-0.260202,-0.116555,0.958494]],[[0.855011,-0.496462,0.14994],[0.289495,0.217015,-0.932254],[0.43029,0.840494,0.329273]],[[0.855011,-0.496462,0.14994],[-0.390963,-0.806996,-0.442612],[0.340741,0.319817,-0.884089]],[[0.855011,-0.496462,0.14994],[-0.515434,-0.845434,0.139893],[0.0573122,-0.196894,-0.978748]]],"btipPosition":[11.6982,244.445,25.5161],"carpPosition":[19.4774,270.267,58.5751],"dipPosition":[12.6861,241.051,8.64558],"direction":[-0.340741,-0.319817,0.884089],"extended":false,"handId":506,"id":5064,"length":50.5107,"mcpPosition":[34.5653,277.026,2.99671],"pipPosition":[19.3506,247.306,-8.64613],"stabilizedTipPosition":[4.8401,243.448,-5.87985],"timeVisible":168.979,"tipPosition":[12.0724,243.784,21.5872],"tipVelocity":[20.3102,-13.8959,69.2767],"tool":false,"touchDistance":0.333333,"touchZone":"none","type":4,"width":16.0574}],"r":[[0.568262,0.235664,0.788379],[0.813221,-0.306974,-0.494407],[0.125498,0.922079,-0.3660