{"sensorType":"Leap","data":[[0,{"currentFrameRate":105.803,"devices":[],"gestures":[],"hands":[{"armBasis":[[0.944975,0.229137,-0.233492],[-0.0973751,0.878391,0.467918],[0.312315,-0.419434,0.85237]],"armWidth":63.72,"confidence":0.558399,"direction":[0.014159,0.514174,-0.857569],"elbow":[77.9581,149.3,295.222],"grabStrength":0,"id":506,"palmNormal":[0.0981867,-0.854225,-0.510548],"palmPosition":[-12.7633,286.035,16.0911],"palmVelocity":[-17.7298,-12.4159,170.412],"palmWidth":90.99,"pinchStrength":0.435992,"r":[[0.427933,0.115886,0.89635],[0.894498,0.0876998,-0.438387],[-0.129413,0.989383,-0.0661304]],"s":1.3369,"sphereCenter":[1.1765,265.047,-18.7591],"sphereRadius":47.823,"stabilizedPalmPosition":[-12.882,286.005,0.914222],"t":[1.77339,24.5126,8.14185],"timeVisible":167.392,"type":"right","wrist":[-6.36691,262.547,65.0824]}],"id":1816033,"interactionBox":{"center":[0,200,0],"size":[235.247,235.247,147.751]},"pointables":[{"bases":[[[0.315354,0.895348,0.314491],[-0.85026,0.11941,0.512639],[0.421437,-0.429062,0.798935]],[[0.105371,0.992827,-0.0564934],[-0.975781,0.114179,0.186585],[0.191697,0.0354646,0.980813]],[[0.105371,0.992827,-0.0564934],[-0.967243,0.0891303,-0.237691],[-0.230951,0.0796885,0.969697]],[[0.105371,0.992827,-0.0564934],[-0.757407,0.0433134,-0.651505],[-0.644385,0.111438,0.756538]]],"btipPosition":[-20.3361,242.272,-39.0089],"carpPosition":[-33.7224,249.367,60.719],"dipPosition":[-35.417,244.88,-21.3032],"direction":[0.230951,-0.0796885,-0.969697],"extended":false,"handId":506,"id":5060,"length":52.1164,"mcpPosition":[-33.7224,249.367,60.719],"pipPosition":[-43.2914,247.597,11.7592],"stabilizedTipPosition":[-18.7174,244.385,-41.4448],"timeVisible":167.392,"tipPosition":[-24.528,243.149,-35.0736],"tipVelocity":[-166.397,-57.5157,222.347],"tool":false,"touchDistance":0.0576769,"touchZone":"hovering","type":0,"width":20.25},{"bases":[[[0.983318,0.162211,-0.0822958],[-0.119814,0.918047,0.377935],[0.136857,-0.36177,0.922167]],[[0.991273,0.0895427,0.0967459],[-0.120695,0.911622,0.39291],[-0.0530135,-0.401157,0.914474]],[[0.991273,0.0895427,0.0967459],[-0.112421,0.957482,0.265689],[-0.0688419,-0.274246,0.959192]],[[0.991273,0.0895427,0.0967459],[-0.104246,0.981672,0.159538],[-0.0806873,-0.168231,0.98244]]],"btipPosition":[-32.2136,325.546,-85.0708],"carpPosition":[-27.4652,272.193,62.0303],"dipPosition":[-33.5922,322.672,-68.2852],"direction":[0.0688419,0.274246,-0.959192],"extended":true,"handId":506,"id":5061,"length":58.8075,"mcpPosition":[-37.5337,298.808,-5.8132],"pipPosition":[-35.2561,316.043,-45.1012],"stabilizedTipPosition":[-33.3258,325.552,-95.5379],"timeVisible":167.392,"tipPosition":[-32.4085,324.246,-81.4182],"tipVelocity":[-12.2384,-65.6876,147.912],"tool":false,"touchDistance":0.137396,"touchZone":"hovering","type":1,"width":19.3428},{"bases":[[[0.998689,-0.0470539,-0.0201658],[0.0511866,0.924089,0.378735],[0.000813969,-0.379271,0.925285]],[[0.99821,-0.0355951,-0.04806],[-0.0248632,0.483872,-0.874785],[0.0543929,0.874414,0.482121]],[[0.99821,-0.0355951,-0.04806],[-0.0562467,-0.831841,-0.552156],[-0.0203242,0.553871,-0.832354]],[[0.99821,-0.0355951,-0.04806],[-0.0336019,-0.998567,0.0416625],[-0.049474,-0.039973,-0.997975]]],"btipPosition":[-16.943,245.26,15.7573],"carpPosition":[-15.7721,275.945,61.128],"dipPosition":[-17.8727,244.509,-2.99661],"direction":[0.0203242,-0.553871,0.832354],"extended":false,"handId":506,"id":5062,"length":67.0064,"mcpPosition":[-15.8289,302.406,-3.42733],"pipPosition":[-18.4507,260.259,-26.6658],"stabilizedTipPosition":[-2.28339,245.197,-10.846],"timeVisible":167.392,"tipPosition":[-17.1691,244.864,10.7547],"tipVelocity":[-124.103,-14.4054,223.84],"tool":false,"touchDistance":0.333333,"touchZone":"none","type":2,"width":18.9972},{"bases":[[[0.981204,-0.171881,0.0877245],[0.122407,0.905804,0.40563],[-0.149181,-0.387267,0.909818]],[[0.985279,-0.16005,0.0600765],[0.132478,0.492713,-0.860049],[0.108051,0.855347,0.506663]],[[0.985279,-0.16005,0.0600765],[-0.0974512,-0.814559,-0.571836],[0.140458,0.557564,-0.818165]],[[0.985279,-0.16005,0.0600765],[-0.161429,-0.986705,0.0188189],[0.0562658,-0.02824,-0.998016]]],"btipPosition":[-3.94316,247.637,22.1466],"carpPosition":[-3.51796,276.513,60.4634],"dipPosition":[-2.89189,247.109,3.49967],"direction":[-0.140458,-0.557564,0.818165],"extended":false,"handId":506,"id":5063,"length":64.4285,"mcpPosition":[5.82675,300.771,3.47235],"pipPosition":[0.99909,262.555,-19.1651],"stabilizedTipPosition":[9.09771,251.425,-4.20323],"timeVisible":167.392,"tipPosition":[-3.65449,247.149,16.8251],"tipVelocity":[-112.208,-34.0792,224.943],"tool":false,"touchDistance":0.333333,"touchZone":"none","type":3,"width":18.077},{"bases":[[[0.92354,-0.362834,0.124201],[0.259866,0.830247,0.493112],[-0.282035,-0.423133,0.861054]],[[0.94683,-0.31939,0.0387804],[0.221152,0.558535,-0.799456],[0.233678,0.765525,0.599471]],[[0.94683,-0.31939,0.0387804],[-0.221597,-0.734767,-0.641103],[0.233256,0.598421,-0.766475]],[[0.94683,-0.31939,0.0387804],[-0.317287,-0.946905,-0.0519605],[0.053317,0.0368932,-0.997896]]],"btipPosition":[11.6178,254.967,20.464],"carpPosition":[9.00778,269.84,59.3973],"dipPosition":[12.5368,255.603,3.26345],"direction":[-0.233256,-0.598421,0.766475],"extended":false,"handId":506,"id":5064,"length":50.5107,"mcpPosition":[25.3616,294.375,9.46893],"pipPosition":[17.099,267.307,-11.7279],"stabilizedTipPosition":[18.6588,263.959,2.43562],"timeVisible":167.392,"tipPosition":[11.8318,254.993,15.9963],"tipVelocity":[-88.6865,-78.3033,181.935],"tool":false,"touchDistance":0.333333,"touchZone":"none","type":4,"width":16.0574}],"r":[[0.427933,0.115886,0.89635],[0.894498,0.0876998,-0.438387],[-0.129413,0.989383,-0.0661304]],"s":1.3369,"t":[1.77339,24.5126,8.14185],"timestamp":97981865036},false],[1,{"currentFrameRate":105.913,"devices":[],"gestures":[],"hands":[{"armBasis":[[0.945061,0.224511,-0.237602],[-0.0910322,0.878844,0.468344],[0.313964,-0.420984,0.850999]],"armWidth":63.72,"confidence":0.567204,"direction":[0.0146537,0.508626,-0.860863],"elbow":[78.3374,149.118,295.667],"grabStrength":0,"id":506,"palmNormal":[0.0917377,-0.858008,-0.505377],"palmPosition":[-12.835,285.998,16.7756],"palmVelocity":[-14.9299,-10.0694,143.372],"palmWidth":90.99,"pinchStrength":0.436169,"r":[[0.437834,0.114291,0.891762],[0.892375,0.065453,-0.446524],[-0.109402,0.991289,-0.0733332]],"s":1.33759,"sphereCenter":[0.845362,264.739,-17.9645],"sphereRadius":47.8192,"stabilizedPalmPosition":[-12.8819,286.005,0.954404],"t":[1.62672,24.4476,9.34362],"timeVisible":167.401,"type":"right","wrist":[-6.43279,262.784,65.897]}],"id":1816034,"interactionBox":{"center":[0,200,0],"size":[235.247,235.247,147.751]},"pointables":[{"bases":[[[0.321464,0.895474,0.307876],[-0.848059,0.127617,0.514306],[0.421257,-0.426428,0.800439]],[[0.110948,0.991817,-0.0631582],[-0.974594,0.121023,0.188467],[0.194568,0.0406436,0.980047]],[[0.110948,0.991817,-0.0631582],[-0.967305,0.0931857,-0.235874],[-0.228059,0.0872631,0.969729]],[[0.110948,0.991817,-0.0631582],[-0.758795,0.0434977,-0.649875],[-0.64181,0.120027,0.757412]]],"btipPosition":[-20.7929,241.924,-38.0151],"carpPosition":[-33.8769,249.737,61.6961],"dipPosition":[-35.8135,244.733,-20.2889],"direction":[0.228059,-0.0872631,-0.969729],"extended":false,"handId":506,"id":5060,"length":52.1164,"mcpPosition":[-33.8769,249.737,61.6961],"pipPosition":[-43.5893,247.708,12.7746],"stabilizedTipPosition":[-19.785,244.034,-39.9957],"timeVisible":167.401,"tipPosition":[-24.9627,242.846,-34.0737],"tipVelocity":[-133.141,-50.5468,190.267],"tool":false,"touchDistance":0.0743191,"touchZone":"hovering","type":0,"width":20.25},{"bases":[[[0.984001,0.155951,-0.0861484],[-0.113379,0.921112,0.372423],[0.137432,-0.356697,0.924056]],[[0.992041,0.0842906,0.0935372],[-0.114301,0.91446,0.388199],[-0.0528145,-0.395801,0.916816]],[[0.992041,0.0842906,0.0935372],[-0.106049,0.959823,0.259795],[-0.0678809,-0.267647,0.961123]],[[0.992041,0.0842906,0.0935372],[-0.0979539,0.983408,0.152691],[-0.0791148,-0.160638,0.983838]]],"btipPosition":[-32.3328,324.994,-84.5672],"carpPosition":[-27.4835,272.534,62.844],"dipPosition":[-33.6845,322.249,-67.7578],"direction":[0.0678809,0.267647,-0.961123],"extended":true,"handId":506,"id":5061,"length":58.8075,"mcpPosition":[-37.5943,298.776,-5.1384],"pipPosition":[-35.3252,315.78,-44.527],"stabilizedTipPosition":[-33.3216,325.545,-95.4465],"timeVisible":167.401,"tipPosition":[-32.5347,323.729,-80.9052],"tipVelocity":[-12.238,-63.1164,121.857],"tool":false,"touchDistance":0.145881,"touchZone":"hovering","type":1,"width":19.3428},{"bases":[[[0.998336,-0.0530011,-0.0227312],[0.0576553,0.926162,0.372694],[0.00129961,-0.373384,0.927676]],[[0.997845,-0.041749,-0.0506175],[-0.024512,0.478402,-0.877799],[0.0608627,0.877148,0.476347]],[[0.997845,-0.041749,-0.0506175],[-0.0626657,-0.835023,-0.546635],[-0.0194453,0.548629,-0.83584]],[[0.997845,-0.041749,-0.0506175],[-0.0393147,-0.998065,0.0481683],[-0.0525305,-0.0460745,-0.997556]]],"btipPosition":[-17.2556,245.247,16.7164],"carpPosition":[-15.7715,276.211,61.8843],"dipPosition":[-18.2428,244.382,-2.02964],"direction":[0.0194453,-0.548629,0.83584],"extended":false,"handId":506,"id":5062,"length":67.0064,"mcpPosition":[-15.8621,302.262,-2.83778],"pipPosition":[-18.7957,259.983,-25.7979],"stabilizedTipPosition":[-2.5381,245.195,-10.4564],"timeVisible":167.401,"tipPosition":[-17.497,244.823,11.7222],"tipVelocity":[-99.163,-11.5352,190.198],"tool":false,"touchDistance":0.333333,"touchZone":"none","type":2,"width":18.9972},{"bases":[[[0.98044,-0.177036,0.0860016],[0.128847,0.907634,0.3995],[-0.148784,-0.380604,0.91269]],[[0.984454,-0.165565,0.0586446],[0.132856,0.483506,-0.8652],[0.114892,0.859541,0.497986]],[[0.984454,-0.165565,0.0586446],[-0.104388,-0.820023,-0.562731],[0.141258,0.547861,-0.824557]],[[0.984454,-0.165565,0.0586446],[-0.167464,-0.985449,0.0290757],[0.0529774,-0.0384445,-0.997855]]],"btipPosition":[-4.23263,247.682,23.246],"carpPosition":[-3.51618,276.704,61.1809],"dipPosition":[-3.2428,246.964,4.60209],"direction":[-0.141258,-0.547861,0.824557],"extended":false,"handId":506,"id":5063,"length":64.4285,"mcpPosition":[5.80364,300.545,4.01],"pipPosition":[0.670333,262.141,-18.2398],"stabilizedTipPosition":[8.92058,251.372,-3.89012],"timeVisible":167.401,"tipPosition":[-3.96116,247.142,17.9239],"tipVelocity":[-89.9318,-24.4607,195.22],"tool":false,"touchDistance":0.333333,"touchZone":"none","type":3,"width":18.077},{"bases":[[[0.921773,-0.367415,0.123859],[0.266118,0.831834,0.487067],[-0.281985,-0.416004,0.864537]],[[0.944969,-0.324882,0.0385457],[0.222308,0.551201,-0.804212],[0.240027,0.768524,0.593092]],[[0.944969,-0.324882,0.0385457],[-0.22795,-0.738338,-0.63474],[0.234675,0.591023,-0.771763]],[[0.944969,-0.324882,0.0385457],[-0.323205,-0.945307,-0.0439643],[0.0507207,0.0290867,-0.998289]]],"btipPosition":[11.367,254.838,21.3219],"carpPosition":[8.96743,269.951,60.1215],"dipPosition":[12.2413,255.339,4.11464],"direction":[-0.234675,-0.591023,0.771763],"extended":false,"handId":506,"id":5064,"length":50.5107,"mcpPosition":[25.3184,294.073,9.99112],"pipPosition":[16.8312,266.899,-10.9801],"stabilizedTipPosition":[18.4473,263.691,2.88098],"timeVisible":167.401,"tipPosition":[11.5726,254.827,16.8522],"tipVelocity":[-71.7212,-61.1761,156.882],"tool":false,"touchDistance":0.333333,"touchZone":"none","type":4,"width":16.0574}],"r":[[0.437834,0.114291,0.891762],[0.892375,0.065453,-0.446524],[-0.109402,0.991289,-0.0733332]],"s":1.33759,"t":[1.62672,24.4476,9.34362],"timestamp":97981874275},false],[2,{"currentFrameRate":106.107,"devices":[],"gestures":[],"hands":[{"armBasis":[[0.946175,0.211645,-0.244867],[-0.0753014,0.879754,0.469429],[0.314775,-0.425723,0.848338]],"armWidth":63.72,"confidence":0.577061,"direction":[0.0164502,0.500528,-0.865564],"elbow":[78.4418,148.44,296.371],"grabStrength":0,"id":506,"palmNormal":[0.0758815,-0.86381,-0.498071],"palmPosition":[-12.931,286.244,18.0302],"palmVelocity":[-13.7325,0.204155,141.99],"palmWidth":90.99,"pinchStrength":0.436665,"r":[[0.447188,0.113152,0.887254],[0.889838,0.0442111,-0.454129],[-0.0906121,0.992594,-0.0809165]],"s":1.33816,"sphereCenter":[0.173559,264.513,-16.5899],"sphereRadius":47.8132,"stabilizedPalmPosition":[-12.882,286.005,0.98338],"t":[1.50535,24.538,10.5718],"timeVisible":167.41,"type":"right","wrist":[-6.54743,263.385,67.3202]}],"id":1816035,"interactionBox":{"center":[0,200,0],"size":[235.247,235.247,147.751]},"pointables":[{"bases":[[[0.336522,0.893417,0.29759],[-0.84272,0.144704,0.518541],[0.42021,-0.425285,0.801596]],[[0.12499,0.989469,-0.0729915],[-0.971504,0.136989,0.193425],[0.201387,0.0467354,0.978396]],[[0.12499,0.989469,-0.0729915],[-0.967285,0.105157,-0.230874],[-0.220767,0.0994605,0.970242]],[[0.12499,0.989469,-0.0729915],[-0.762102,0.0486421,-0.645627],[-0.635278,0.136324,0.760156]]],"btipPosition":[-21.864,241.79,-36.2954],"carpPosition":[-34.2062,250.704,63.4151],"dipPosition":[-36.7318,244.98,-18.505],"direction":[0.220767,-0.0994605,-0.970242],"extended":false,"handId":506,"id":5060,"length":52.1164,"mcpPosition":[-34.2062,250.704,63.4151],"pipPosition":[-44.259,248.371,14.5759],"stabilizedTipPosition":[-20.6959,243.784,-38.7048],"timeVisible":167.41,"tipPosition":[-25.9887,242.805,-32.3362],"tipVelocity":[-127.923,-37.9924,190.55],"tool":false,"touchDistance":0.103226,"touchZone":"hovering","type":0,"width":20.25},{"bases":[[[0.98559,0.14071,-0.0938802],[-0.0974678,0.926016,0.364685],[0.138249,-0.35028,0.926386]],[[0.99374,0.0704535,0.0866959],[-0.0984841,0.918826,0.382176],[-0.0527328,-0.388322,0.920014]],[[0.99374,0.0704535,0.0866959],[-0.0902971,0.963497,0.252033],[-0.0657746,-0.258284,0.963827]],[[0.99374,0.0704535,0.0866959],[-0.0824384,0.986212,0.143495],[-0.0753908,-0.149744,0.985846]]],"btipPosition":[-32.5005,324.669,-83.5066],"carpPosition":[-27.4729,273.414,64.3131],"dipPosition":[-33.7886,322.11,-66.6629],"direction":[0.0657746,0.258284,-0.963827],"extended":true,"handId":506,"id":5061,"length":58.8075,"mcpPosition":[-37.6439,299.184,-3.84078],"pipPosition":[-35.3784,315.867,-43.3668],"stabilizedTipPosition":[-33.3188,325.537,-95.3623],"timeVisible":167.41,"tipPosition":[-32.7091,323.441,-79.8354],"tipVelocity":[-13.5195,-54.2859,120.747],"tool":false,"touchDistance":0.163689,"touchZone":"hovering","type":1,"width":19.3428},{"bases":[[[0.997285,-0.067846,-0.0286441],[0.0736199,0.928558,0.363813],[0.00191441,-0.364934,0.931031]],[[0.996781,-0.0568954,-0.0564913],[-0.0230994,0.47092,-0.881874],[0.0767774,0.880339,0.468089]],[[0.996781,-0.0568954,-0.0564913],[-0.0784092,-0.838881,-0.538638],[-0.0167434,0.541333,-0.840641]],[[0.996781,-0.0568954,-0.0564913],[-0.0536377,-0.996898,0.0575994],[-0.0595932,-0.0543839,-0.99674]]],"btipPosition":[-17.9532,245.567,18.3619],"carpPosition":[-15.715,276.911,63.2446],"dipPosition":[-19.0731,244.545,-0.368845],"direction":[0.0167434,-0.541333,0.840641],"extended":false,"handId":506,"id":5062,"length":67.0064,"mcpPosition":[-15.8485,302.371,-1.71157],"pipPosition":[-19.5492,259.939,-24.2737],"stabilizedTipPosition":[-2.75136,245.197,-10.1229],"timeVisible":167.41,"tipPosition":[-18.2302,245.103,13.3885],"tipVelocity":[-93.9524,0.301336,187.896],"tool":false,"touchDistance":0.333333,"touchZone":"none","type":2,"width":18.9972},{"bases":[[[0.97829,-0.190614,0.0813333],[0.144707,0.909231,0.390331],[-0.148353,-0.370088,0.917075]],[[0.98227,-0.179521,0.0540174],[0.134256,0.472506,-0.871041],[0.130846,0.86285,0.488231]],[[0.98227,-0.179521,0.0540174],[-0.120232,-0.824324,-0.553204],[0.143839,0.536901,-0.831293]],[[0.98227,-0.179521,0.0540174],[-0.181785,-0.982509,0.040378],[0.0458239,-0.0494816,-0.997723]]],"btipPosition":[-4.85278,247.899,24.8686],"carpPosition":[-3.45866,277.217,62.4582],"dipPosition":[-3.99661,246.974,6.22715],"direction":[-0.143839,-0.536901,0.831293],"extended":false,"handId":506,"id":5063,"length":64.4285,"mcpPosition":[5.83419,300.399,5.01263],"pipPosition":[-0.011973,261.847,-16.8013],"stabilizedTipPosition":[8.77507,251.332,-3.62785],"timeVisible":167.41,"tipPosition":[-4.62348,247.307,19.566],"tipVelocity":[-84.9182,-12.5524,190.744],"tool":false,"touchDistance":0.333333,"touchZone":"none","type":3,"width":18.077},{"bases":[[[0.917097,-0.37976,0.121309],[0.281426,0.832223,0.477707],[-0.28237,-0.403965,0.870103]],[[0.940237,-0.338614,0.0359957],[0.225327,0.539422,-0.811327],[0.25531,0.77095,0.583483]],[[0.940237,-0.338614,0.0359957],[-0.243137,-0.741589,-0.625244],[0.23841,0.579125,-0.779599]],[[0.940237,-0.338614,0.0359957],[-0.337576,-0.940754,-0.0319964],[0.0446976,0.0179329,-0.99884]]],"btipPosition":[10.83,254.8,22.7609],"carpPosition":[8.91774,270.273,61.3807],"dipPosition":[11.6004,255.109,5.5441],"direction":[-0.23841,-0.579125,0.779599],"extended":false,"handId":506,"id":5064,"length":50.5107,"mcpPosition":[25.291,293.697,10.9276],"pipPosition":[16.2635,266.436,-9.70392],"stabilizedTipPosition":[18.2716,263.482,3.2569],"timeVisible":167.41,"tipPosition":[11.0112,254.738,18.2868],"tipVelocity":[-68.9959,-46.7619,157.318],"tool":false,"touchDistance":0.333333,"touchZone":"none","type":4,"width":16.0574}],"r":[[0.447188,0.113152,0.887254],[0.889838,0.0442111,-0.454129],[-0.0906121,0.992594,-0.0809165]],"s":1.33816,"t":[1.50535,24.538,10.5718],"timestamp":97981883342},false],[3,{"currentFrameRate":106.171,"devices":[],"gestures":[],"hands":[{"armBasis":[[0.946881,0.200311,-0.251579],[-0.0602095,0.878904,0.473183],[0.315898,-0.432901,0.844278]],"armWidth":63.72,"confidence":0.591169,"direction":[0.0166649,0.489788,-0.871682],"elbow":[78.6398,147.273,297.96],"grabStrength":0,"id":506,"palmNormal":[0.0605016,-0.8707,-0.48808],"palmPosition":[-13.0989,286.504,20.4894],"palmVelocity":[-14.9516,8.03643,176.55],"palmWidth":90.99,"pinchStrength":0.438291,"r":[[0.456257,0.112989,0.882646],[0.886844,0.0237035,-0.461461],[-0.0730619,0.993313,-0.0893888]],"s":1.33864,"sphereCenter":[-0.61821,264.245,-13.9512],"sphereRadius":47.7966,"stabilizedPalmPosition":[-12.8823,286.006,1.00638],"t":[1.36072,24.7132,12.4155],"timeVisible":167.419,"type":"right","wrist":[-6.65248,264.156,70.0053]}],"id":1816036,"interactionBox":{"center":[0,200,0],"size":[235.247,235.247,147.751]},"pointables":[{"bases":[[[0.350742,0.8923,0.284221],[-0.836769,0.162345,0.522937],[0.420474,-0.421243,0.803589]],[[0.137715,0.986734,-0.0859667],[-0.968126,0.152433,0.198737],[0.209205,0.0558575,0.976275]],[[0.137715,0.986734,-0.0859667],[-0.967422,0.115387,-0.225345],[-0.212436,0.114199,0.970479]],[[0.137715,0.986734,-0.0859667],[-0.766019,0.051084,-0.640785],[-0.627893,0.154098,0.762892]]],"btipPosition":[-23.0129,241.517,-33.2184],"carpPosition":[-34.508,251.805,66.4584],"dipPosition":[-37.7078,245.123,-15.3639],"direction":[0.212436,-0.114199,-0.970479],"extended":false,"handId":506,"id":5060,"length":52.1164,"mcpPosition":[-34.508,251.805,66.4584],"pipPosition":[-44.951,249.017,17.7251],"stabilizedTipPosition":[-21.4966,243.582,-37.3566],"timeVisible":167.419,"tipPosition":[-27.0882,242.631,-29.2416],"tipVelocity":[-125.474,-32.6447,230.603],"tool":false,"touchDistance":0.154756,"touchZone":"hovering","type":0,"width":20.25},{"bases":[[[0.986659,0.126208,-0.102841],[-0.0822529,0.931579,0.35411],[0.140496,-0.340927,0.929532]],[[0.995206,0.0579134,0.0788105],[-0.0833778,0.9236,0.37418],[-0.0511193,-0.378957,0.924001]],[[0.995206,0.0579134,0.0788105],[-0.075455,0.96734,0.241989],[-0.0622221,-0.246776,0.967073]],[[0.995206,0.0579134,0.0788105],[-0.0679828,0.988949,0.131753],[-0.0703093,-0.136479,0.988145]]],"btipPosition":[-32.898,324.09,-81.3095],"carpPosition":[-27.4632,274.431,67.0307],"dipPosition":[-34.0993,321.758,-64.4265],"direction":[0.0622221,0.246776,-0.967073],"extended":true,"handId":506,"id":5061,"length":58.8075,"mcpPosition":[-37.7994,299.513,-1.35464],"pipPosition":[-35.6032,315.794,-41.0519],"stabilizedTipPosition":[-33.3181,325.528,-95.2817],"timeVisible":167.419,"tipPosition":[-33.1064,322.897,-77.6297],"tipVelocity":[-21.1636,-54.931,153.624],"tool":false,"touchDistance":0.200458,"touchZone":"hovering","type":1,"width":19.3428},{"bases":[[[0.996038,-0.0816864,-0.0351622],[0.0888422,0.931794,0.351948],[0.00401461,-0.353677,0.935359]],[[0.995484,-0.0712036,-0.0627762],[-0.0229188,0.46147,-0.88686],[0.0921169,0.884294,0.457754]],[[0.995484,-0.0712036,-0.0627762],[-0.0936769,-0.843793,-0.52843],[-0.0153439,0.531925,-0.846653]],[[0.995484,-0.0712036,-0.0627762],[-0.0667786,-0.995311,0.0699738],[-0.0674642,-0.0654658,-0.995572]]],"btipPosition":[-18.6837,245.911,21.2957],"carpPosition":[-15.6677,277.755,65.8332],"dipPosition":[-19.9515,244.681,2.58689],"direction":[0.0153439,-0.531925,0.846653],"extended":false,"handId":506,"id":5062,"length":67.0064,"mcpPosition":[-15.9478,302.43,0.575078],"pipPosition":[-20.3878,259.807,-21.4889],"stabilizedTipPosition":[-2.92963,245.202,-9.82491],"timeVisible":167.419,"tipPosition":[-18.9951,245.398,16.3753],"tipVelocity":[-90.6327,9.20439,224.055],"tool":false,"touchDistance":0.333333,"touchZone":"none","type":2,"width":18.9972},{"bases":[[[0.976222,-0.202851,0.0764362],[0.15986,0.911827,0.378174],[-0.14641,-0.356963,0.922574]],[[0.980136,-0.192169,0.0490257],[0.134007,0.459492,-0.878014],[0.1462,0.867144,0.476117]],[[0.980136,-0.192169,0.0490257],[-0.135603,-0.829752,-0.541409],[0.144721,0.524007,-0.839329]],[[0.980136,-0.192169,0.0490257],[-0.194739,-0.97934,0.0544988],[0.0375398,-0.0629634,-0.99731]]],"btipPosition":[-5.48614,248.162,27.7749],"carpPosition":[-3.41461,277.885,64.9529],"dipPosition":[-4.78475,246.986,9.14121],"direction":[-0.144721,-0.524007,0.839329],"extended":false,"handId":506,"id":5063,"length":64.4285,"mcpPosition":[5.75649,300.246,7.16286],"pipPosition":[-0.775678,261.502,-14.1099],"stabilizedTipPosition":[8.6559,251.303,-3.39866],"timeVisible":167.419,"tipPosition":[-5.30556,247.505,22.4945],"tipVelocity":[-81.2493,-2.76029,225.166],"tool":false,"touchDistance":0.333333,"touchZone":"none","type":3,"width":18.077},{"bases":[[[0.912792,-0.390655,0.119157],[0.296185,0.834033,0.46547],[-0.28122,-0.389585,0.877006]],[[0.935725,-0.351114,0.0337148],[0.226735,0.525511,-0.820018],[0.270203,0.774956,0.571344]],[[0.935725,-0.351114,0.0337148],[-0.258009,-0.746491,-0.613337],[0.240519,0.565216,-0.789102]],[[0.935725,-0.351114,0.0337148],[-0.350725,-0.936323,-0.0170391],[0.0375506,0.00411927,-0.999286]]],"btipPosition":[10.2597,254.824,25.4715],"carpPosition":[8.8588,270.762,63.8687],"dipPosition":[10.907,254.895,8.24698],"direction":[-0.240519,-0.565216,0.789102],"extended":false,"handId":506,"id":5064,"length":50.5107,"mcpPosition":[25.1654,293.352,13.0154],"pipPosition":[15.6112,265.95,-7.1869],"stabilizedTipPosition":[18.1278,263.324,3.5908],"timeVisible":167.419,"tipPosition":[10.4115,254.698,20.9965],"tipVelocity":[-67.6873,-34.4951,195.128],"tool":false,"touchDistance":0.333333,"touchZone":"none","type":4,"width":16.0574}],"r":[[0.456257,0.112989,0.882646],[0.886844,0.0237035,-0.461461],[-0.0730619,0.993313,-0.0893888]],"s":1.33864,"t":[1.36072,24.7132,12.4155],"timestamp":97981892643},false],[4,{"currentFrameRate":106.292,"devices":[],"gestures":[],"hands":[{"armBasis":[[0.947259,0.197726,-0.252198],[-0.0556121,0.876451,0.478269],[0.315605,-0.439019,0.841223]],"armWidth":63.72,"confidence":0.594846,"direction":[0.0161418,0.48308,-0.875427],"elbow":[78.4115,146.234,298.888],"grabStrength":0,"id":506,"palmNormal":[0.055674,-0.874617,-0.481606],"palmPosition":[-13.2997,286.765,22.0913],"palmVelocity":[-16.8814,13.7322,175.945],"palmWidth":90.99,"pinchStrength":0.431457,"r":[[0.464071,0.113681,0.878473],[0.883875,0.0058785,-0.467686],[-0.0583312,0.9935,-0.0977521]],"s":1.33926,"sphereCenter":[-1.06536,264.281,-12.1837],"sphereRadius":47.7878,"stabilizedPalmPosition":[-12.8826,286.006,1.02335],"t":[1.18801,24.9313,14.1383],"timeVisible":167.428,"type":"right","wrist":[-6.80197,264.769,71.7576]}],"id":1816037,"interactionBox":{"center":[0,200,0],"size":[235.247,235.247,147.751]},"pointables":[{"bases":[[[0.355074,0.89303,0.276441],[-0.834638,0.169644,0.524022],[0.421071,-0.416795,0.805593]],[[0.141358,0.985496,-0.0938897],[-0.966983,0.15777,0.200131],[0.212042,0.0624995,0.97526]],[[0.141358,0.985496,-0.0938897],[-0.967527,0.117457,-0.223822],[-0.209547,0.12248,0.970097]],[[0.141358,0.985496,-0.0938897],[-0.767438,0.0491796,-0.639234],[-0.625345,0.162416,0.763259]]],"btipPosition":[-23.5207,241.405,-31.239],"carpPosition":[-34.7161,252.502,68.3827],"dipPosition":[-38.156,245.206,-13.376],"direction":[0.209547,-0.12248,-0.970097],"extended":false,"handId":506,"id":5060,"length":52.1164,"mcpPosition":[-34.7161,252.502,68.3827],"pipPosition":[-45.3007,249.382,19.7001],"stabilizedTipPosition":[-22.1019,243.436,-36.2082],"timeVisible":167.428,"tipPosition":[-27.575,242.562,-27.2594],"tipVelocity":[-105.447,-25.5569,226.438],"tool":false,"touchDistance":0.187779,"touchZone":"hovering","type":0,"width":20.25},{"bases":[[[0.986856,0.121493,-0.106555],[-0.0775623,0.934564,0.347239],[0.14177,-0.33441,0.931703]],[[0.995629,0.0544285,0.0759028],[-0.0788116,0.925686,0.369991],[-0.0501242,-0.374356,0.925929]],[[0.995629,0.0544285,0.0759028],[-0.0709579,0.969218,0.235758],[-0.0607344,-0.240114,0.968843]],[[0.995629,0.0544285,0.0759028],[-0.0635708,0.990274,0.123761],[-0.0684285,-0.128045,0.989405]]],"btipPosition":[-33.2195,323.78,-79.884],"carpPosition":[-27.5802,275.103,68.763],"dipPosition":[-34.3887,321.593,-62.9795],"direction":[0.0607344,0.240114,-0.968843],"extended":true,"handId":506,"id":5061,"length":58.8075,"mcpPosition":[-38.0101,299.706,0.218008],"pipPosition":[-35.8567,315.789,-39.5621],"stabilizedTipPosition":[-33.3187,325.52,-95.2128],"timeVisible":167.428,"tipPosition":[-33.4335,322.606,-76.2018],"tipVelocity":[-24.8055,-48.0002,154.209],"tool":false,"touchDistance":0.224298,"touchZone":"hovering","type":1,"width":19.3428},{"bases":[[[0.995603,-0.0859164,-0.0373231],[0.0935254,0.93408,0.344597],[0.00525634,-0.346572,0.938009]],[[0.995045,-0.0759686,-0.0641366],[-0.0231204,0.450599,-0.892427],[0.0966964,0.889488,0.44661]],[[0.995045,-0.0759686,-0.0641366],[-0.0982375,-0.850542,-0.516651],[-0.0153016,0.520392,-0.853791]],[[0.995045,-0.0759686,-0.0641366],[-0.0705817,-0.994093,0.0824467],[-0.0700211,-0.0775114,-0.99453]]],"btipPosition":[-19.0515,246.336,23.5055],"carpPosition":[-15.775,278.371,67.5074],"dipPosition":[-20.3674,244.879,4.81632],"direction":[0.0153016,-0.520392,0.853791],"extended":false,"handId":506,"id":5062,"length":67.0064,"mcpPosition":[-16.1417,302.551,2.06439],"pipPosition":[-20.8025,259.677,-19.4624],"stabilizedTipPosition":[-3.06576,245.208,-9.5843],"timeVisible":167.428,"tipPosition":[-19.3734,245.745,18.5317],"tipVelocity":[-76.8352,17.9592,228.805],"tool":false,"touchDistance":0.333333,"touchZone":"none","type":2,"width":18.9972},{"bases":[[[0.975623,-0.20615,0.0752491],[0.164538,0.914031,0.370775],[-0.145215,-0.349356,0.925669]],[[0.979494,-0.195719,0.0478171],[0.133273,0.451416,-0.882305],[0.151098,0.870585,0.468243]],[[0.979494,-0.195719,0.0478171],[-0.140658,-0.834206,-0.533212],[0.144249,0.515552,-0.844629]],[[0.979494,-0.195719,0.0478171],[-0.198552,-0.977985,0.0642063],[0.0341981,-0.0723838,-0.99679]]],"btipPosition":[-5.8137,248.503,29.709],"carpPosition":[-3.52404,278.446,66.5918],"dipPosition":[-5.17475,247.151,11.0849],"direction":[-0.144249,-0.515552,0.844629],"extended":false,"handId":506,"id":5063,"length":64.4285,"mcpPosition":[5.57225,300.33,8.60792],"pipPosition":[-1.17876,261.432,-12.313],"stabilizedTipPosition":[8.56602,251.284,-3.21777],"timeVisible":167.428,"tipPosition":[-5.65366,247.796,24.4487],"tipVelocity":[-68.949,7.1425,221.147],"tool":false,"touchDistance":0.333333,"touchZone":"none","type":3,"width":18.077},{"bases":[[[0.911571,-0.39337,0.119575],[0.300799,0.836361,0.45828],[-0.280282,-0.381787,0.880728]],[[0.934375,-0.354667,0.0339754],[0.226673,0.518171,-0.824693],[0.274886,0.778274,0.56456]],[[0.934375,-0.354667,0.0339754],[-0.262692,-0.750192,-0.606799],[0.2407,0.558052,-0.794129]],[[0.934375,-0.354667,0.0339754],[-0.354577,-0.934985,-0.00884212],[0.0349025,-0.00378505,-0.999384]]],"btipPosition":[9.94096,255.035,27.2545],"carpPosition":[8.71794,271.266,65.5276],"dipPosition":[10.5426,254.97,10.0283],"direction":[-0.2407,-0.558052,0.794129],"extended":false,"handId":506,"id":5064,"length":50.5107,"mcpPosition":[24.9701,293.404,14.4585],"pipPosition":[15.2504,265.885,-5.50392],"stabilizedTipPosition":[18.021,263.214,3.85206],"timeVisible":167.428,"tipPosition":[10.0825,254.875,22.785],"tipVelocity":[-58.7905,-19.4015,194.829],"tool":false,"touchDistance":0.333333,"touchZone":"none","type":4,"width":16.0574}],"r":[[0.464071,0.113681,0.878473],[0.883875,0.0058785,-0.467686],[-0.0583312,0.9935,-0.0977521]],"s":1.33926,"t":[1.18801,24.9313,14.1383],"timestamp":97981901829},false],[5,{"currentFrameRate":106.377,"devices":[],"gestures":[],"hands":[{"armBasis":[[0.94171,0.210953,-0.26207],[-0.0540445,0.863726,0.501056],[0.332056,-0.457686,0.82478]],"armWidth":63.72,"confidence":0.603908,"direction":[0.0205677,0.458724,-0.888341],"elbow":[82.0103,143.12,297.794],"grabStrength":0,"id":506,"palmNormal":[0.0530824,-0.887777,-0.457203],"palmPosition":[-13.9152,287.344,24.8325],"palmVelocity":[-30.8414,27.4692,209.815],"palmWidth":90.99,"pinchStrength":0.425303,"r":[[0.469979,0.118553,0.87468],[0.881494,-0.0117357,-0.472049],[-0.045698,0.992878,-0.11002]],"s":1.34003,"sphereCenter":[-1.80152,264.013,-8.74969],"sphereRadius":47.7691,"stabilizedPalmPosition":[-12.8832,286.007,1.03753],"t":[0.793897,25.3299,16.3703],"timeVisible":167.438,"type":"right","wrist":[-7.64483,266.696,75.1029]}],"id":1816038,"interactionBox":{"center":[0,200,0],"size":[235.247,235.247,147.751]},"pointables":[{"bases":[[[0.35828,0.898754,0.252737],[-0.835255,0.18762,0.516864],[0.417115,-0.396282,0.81791]],[[0.145928,0.981915,-0.120613],[-0.966831,0.167384,0.192925],[0.209624,0.088459,0.973772]],[[0.145928,0.981915,-0.120613],[-0.966349,0.115373,-0.229912],[-0.211839,0.150104,0.965709]],[[0.145928,0.981915,-0.120613],[-0.765364,0.034805,-0.642655],[-0.626835,0.186094,0.756602]]],"btipPosition":[-24.1747,240.573,-27.2518],"carpPosition":[-35.6038,254.462,71.9902],"dipPosition":[-38.8449,244.928,-9.54459],"direction":[0.211839,-0.150104,-0.965709],"extended":false,"handId":506,"id":5060,"length":52.1164,"mcpPosition":[-35.6038,254.462,71.9902],"pipPosition":[-46.0677,250.046,23.3818],"stabilizedTipPosition":[-22.5781,243.273,-35.0691],"timeVisible":167.438,"tipPosition":[-28.2289,241.853,-23.3165],"tipVelocity":[-95.946,-39.7975,282.895],"tool":false,"touchDistance":0.253635,"touchZone":"hovering","type":0,"width":20.25},{"bases":[[[0.987658,0.114236,-0.107149],[-0.0743536,0.944096,0.321178],[0.137849,-0.309247,0.940938]],[[0.995626,0.0520098,0.0776088],[-0.0760142,0.933923,0.349298],[-0.0543137,-0.353669,0.933792]],[[0.995626,0.0520098,0.0776088],[-0.067416,0.975068,0.21142],[-0.0646779,-0.215727,0.974309]],[[0.995626,0.0520098,0.0776088],[-0.0594221,0.99356,0.0964756],[-0.0720913,-0.100665,0.992305]]],"btipPosition":[-33.3824,321.913,-78.0779],"carpPosition":[-28.3693,277.034,71.7681],"dipPosition":[-34.6141,320.194,-61.1238],"direction":[0.0646779,0.215727,-0.974309],"extended":true,"handId":506,"id":5061,"length":58.8075,"mcpPosition":[-38.5109,299.785,2.54364],"pipPosition":[-36.1774,314.979,-37.5743],"stabilizedTipPosition":[-33.32,325.506,-95.1364],"timeVisible":167.438,"tipPosition":[-33.6247,320.787,-74.384],"tipVelocity":[-23.2241,-87.9754,166.121],"tool":false,"touchDistance":0.254591,"touchZone":"hovering","type":1,"width":19.3428},{"bases":[[[0.995309,-0.0912247,-0.0322125],[0.0967367,0.942798,0.319019],[0.00126752,-0.320639,0.947201]],[[0.994891,-0.0822899,-0.0584907],[-0.0183732,0.4221,-0.906363],[0.0992734,0.902807,0.418431]],[[0.994891,-0.0822899,-0.0584907],[-0.100414,-0.866687,-0.488643],[-0.0104828,0.492019,-0.870521]],[[0.994891,-0.0822899,-0.0584907],[-0.0752475,-0.990648,0.113817],[-0.0673097,-0.108834,-0.991778]]],"btipPosition":[-19.8571,247.123,27.5945],"carpPosition":[-16.5466,280.214,70.4553],"dipPosition":[-21.122,245.078,8.95698],"direction":[0.0104828,-0.492019,0.870521],"extended":false,"handId":506,"id":5062,"length":67.0064,"mcpPosition":[-16.635,302.585,4.37104],"pipPosition":[-21.4201,259.069,-15.7975],"stabilizedTipPosition":[-3.173,245.217,-9.37779],"timeVisible":167.438,"tipPosition":[-20.1634,246.362,22.5973],"tipVelocity":[-79.374,32.7259,289.14],"tool":false,"touchDistance":0.333333,"touchZone":"none","type":2,"width":18.9972},{"bases":[[[0.974504,-0.208226,0.0835702],[0.167591,0.92317,0.345935],[-0.149182,-0.323109,0.934529]],[[0.97849,-0.198577,0.0558899],[0.137599,0.426399,-0.894008],[0.153698,0.882469,0.444551]],[[0.97849,-0.198577,0.0558899],[-0.142967,-0.848075,-0.510224],[0.148718,0.491259,-0.858223]],[[0.97849,-0.198577,0.0558899],[-0.20305,-0.974937,0.0909274],[0.036433,-0.10032,-0.994288]]],"btipPosition":[-6.616,249.288,33.5222],"carpPosition":[-4.29311,280.211,69.5717],"dipPosition":[-5.93529,247.413,14.9449],"direction":[-0.148718,-0.491259,0.858223],"extended":false,"handId":506,"id":5063,"length":64.4285,"mcpPosition":[5.05166,300.451,11.0328],"pipPosition":[-1.81551,261.022,-8.8296],"stabilizedTipPosition":[8.49497,251.272,-3.06424],"timeVisible":167.438,"tipPosition":[-6.44642,248.436,28.2993],"tipVelocity":[-73.6686,25.3336,275.221],"tool":false,"touchDistance":0.333333,"touchZone":"none","type":3,"width":18.077},{"bases":[[[0.909512,-0.393876,0.132855],[0.303279,0.847348,0.435917],[-0.284272,-0.356179,0.890127]],[[0.932648,-0.357768,0.0465713],[0.231336,0.493956,-0.838147],[0.276858,0.792471,0.543452]],[[0.932648,-0.357768,0.0465713],[-0.264405,-0.765607,-0.586461],[0.245472,0.534648,-0.808638]],[[0.932648,-0.357768,0.0465713],[-0.358807,-0.933274,0.0160054],[0.0377376,-0.0316376,-0.998787]]],"btipPosition":[9.16231,255.671,30.9407],"carpPosition":[7.91986,272.951,68.7391],"dipPosition":[9.81279,255.126,13.7249],"direction":[-0.245472,-0.534648,0.808638],"extended":false,"handId":506,"id":5064,"length":50.5107,"mcpPosition":[24.4034,293.604,17.1249],"pipPosition":[14.6139,265.583,-2.09113],"stabilizedTipPosition":[17.9372,263.14,4.07472],"timeVisible":167.438,"tipPosition":[9.31906,255.388,26.4822],"tipVelocity":[-65.595,2.02849,252.182],"tool":false,"touchDistance":0.333333,"touchZone":"none","type":4,"width":16.0574}],"r":[[0.469979,0.118553,0.87468],[0.881494,-0.0117357,-0.472049],[-0.045698,0.992878,-0.11002]],"s":1.34003,"t":[0.793897,25.3299,16.3703],"timestamp":97981911073},false],[6,{"currentFrameRate":106.479,"devices":[],"gestures":[],"hands":[{"armBasis":[[0.941475,0.21708,-0.257879],[-0.0545474,0.85306,0.518953],[0.332641,-0.474515,0.814976]],"armWidth":63.72,"confidence":0.62074,"direction":[0.01922,0.441292,-0.897158],"elbow":[81.9144,140.185,298.086],"grabStrength":0,"id":506,"palmNormal":[0.0530302,-0.89651,-0.439838],"palmPosition":[-14.2422,287.963,27.3865],"palmVelocity":[-32.1539,38.6144,228.759],"palmWidth":90.99,"pinchStrength":0.425881,"r":[[0.474961,0.125824,0.870965],[0.879278,-0.0275954,-0.475508],[-0.0357956,0.991669,-0.123741]],"s":1.34084,"sphereCenter":[-2.32179,264.162,-5.73621],"sphereRadius":47.7372,"stabilizedPalmPosition":[-12.8838,286.008,1.04944],"t":[0.433343,25.8389,18.7633],"timeVisible":167.447,"type":"right","wrist":[-7.89859,268.304,78.0428]}],"id":1816039,"interactionBox":{"center":[0,200,0],"size":[235.247,235.247,147.751]},"pointables":[{"bases":[[[0.358075,0.903716,0.234689],[-0.834729,0.197225,0.514129],[0.418341,-0.379999,0.82498]],[[0.145202,0.97945,-0.13998],[-0.966719,0.170567,0.190685],[0.210643,0.107633,0.97162]],[[0.145202,0.97945,-0.13998],[-0.966639,0.110261,-0.231197],[-0.211011,0.16888,0.962784]],[[0.145202,0.97945,-0.13998],[-0.766012,0.0217427,-0.642458],[-0.626212,0.200513,0.753428]]],"btipPosition":[-24.5189,240.173,-23.7563],"carpPosition":[-35.8543,255.997,75.2043],"dipPosition":[-39.1745,244.866,-6.12337],"direction":[0.211011,-0.16888,-0.962784],"extended":false,"handId":506,"id":5060,"length":52.1164,"mcpPosition":[-35.8543,255.997,75.2043],"pipPosition":[-46.3691,250.624,26.7033],"stabilizedTipPosition":[-22.9263,243.141,-34.0618],"timeVisible":167.447,"tipPosition":[-28.5637,241.524,-19.8414],"tipVelocity":[-79.4618,-38.4531,309.497],"tool":false,"touchDistance":0.311608,"touchZone":"hovering","type":0,"width":20.25},{"bases":[[[0.987461,0.112661,-0.110579],[-0.0744999,0.950149,0.302764],[0.139176,-0.29073,0.946629]],[[0.995657,0.0538727,0.0759311],[-0.0765283,0.938048,0.337948],[-0.0530208,-0.342291,0.938097]],[[0.995657,0.0538727,0.0759311],[-0.0679343,0.978075,0.196859],[-0.063661,-0.201163,0.977487]],[[0.995657,0.0538727,0.0759311],[-0.0598754,0.995064,0.0791319],[-0.0712932,-0.0833346,0.993968]]],"btipPosition":[-33.8375,320.945,-76.0225],"carpPosition":[-28.6331,278.564,74.5323],"dipPosition":[-35.0556,319.521,-59.04],"direction":[0.063661,0.201163,-0.977487],"extended":true,"handId":506,"id":5061,"length":58.8075,"mcpPosition":[-38.8722,299.953,4.88916],"pipPosition":[-36.5943,314.659,-35.4137],"stabilizedTipPosition":[-33.3228,325.488,-95.0547],"timeVisible":167.447,"tipPosition":[-34.0864,319.797,-72.3319],"tipVelocity":[-30.467,-90.7468,182.329],"tool":false,"touchDistance":0.288956,"touchZone":"hovering","type":1,"width":19.3428},{"bases":[[[0.995321,-0.0912923,-0.0316517],[0.0965884,0.948904,0.30042],[0.00260839,-0.302072,0.953282]],[[0.994873,-0.0829555,-0.0578405],[-0.0194152,0.404632,-0.914274],[0.0992481,0.910709,0.400947]],[[0.994873,-0.0829555,-0.0578405],[-0.100467,-0.876112,-0.471524],[-0.0115593,0.474918,-0.879954]],[[0.994873,-0.0829555,-0.0578405],[-0.0746393,-0.988232,0.133515],[-0.0682357,-0.128514,-0.989357]]],"btipPosition":[-20.1686,247.814,30.9235],"carpPosition":[-16.8138,281.725,73.1431],"dipPosition":[-21.4508,245.398,12.3315],"direction":[0.0115593,-0.474918,0.879954],"extended":false,"handId":506,"id":5062,"length":67.0064,"mcpPosition":[-16.9958,302.8,6.63453],"pipPosition":[-21.7796,258.903,-12.6913],"stabilizedTipPosition":[-3.25282,245.227,-9.21148],"timeVisible":167.447,"tipPosition":[-20.4753,246.956,25.9636],"tipVelocity":[-66.756,41.975,309.77],"tool":false,"touchDistance":0.333333,"touchZone":"none","type":2,"width":18.9972},{"bases":[[[0.974724,-0.206021,0.0864202],[0.167487,0.929844,0.327627],[-0.147855,-0.304871,0.940847]],[[0.978673,-0.196908,0.0585392],[0.136206,0.408677,-0.902458],[0.153778,0.891185,0.426781]],[[0.978673,-0.196908,0.0585392],[-0.143164,-0.858136,-0.493058],[0.147322,0.474162,-0.868025]],[[0.978673,-0.196908,0.0585392],[-0.202387,-0.973051,0.110508],[0.0352017,-0.119999,-0.99215]]],"btipPosition":[-6.90925,250.097,36.8249],"carpPosition":[-4.56135,281.711,72.2446],"dipPosition":[-6.25154,247.855,18.2875],"direction":[-0.147322,-0.474162,0.868025],"extended":false,"handId":506,"id":5063,"length":64.4285,"mcpPosition":[4.70029,300.808,13.3099],"pipPosition":[-2.17044,260.991,-5.75847],"stabilizedTipPosition":[8.44192,251.266,-2.94035],"timeVisible":167.447,"tipPosition":[-6.74652,249.148,31.6311],"tipVelocity":[-62.132,40.2863,298.907],"tool":false,"touchDistance":0.333333,"touchZone":"none","type":3,"width":18.077},{"bases":[[[0.909898,-0.390708,0.139403],[0.303328,0.855868,0.418906],[-0.28298,-0.338877,0.897265]],[[0.932849,-0.356396,0.0526825],[0.230202,0.477173,-0.848123],[0.277129,0.803298,0.527173]],[[0.932849,-0.356396,0.0526825],[-0.264735,-0.777296,-0.570725],[0.244354,0.518453,-0.81945]],[[0.932849,-0.356396,0.0526825],[-0.358394,-0.932917,0.0349183],[0.0367036,-0.0514546,-0.998001]]],"btipPosition":[8.8524,256.435,34.1001],"carpPosition":[7.65473,274.443,71.5389],"dipPosition":[9.48505,255.548,16.8978],"direction":[-0.244354,-0.518453,0.81945],"extended":false,"handId":506,"id":5064,"length":50.5107,"mcpPosition":[24.0634,294.093,19.5108],"pipPosition":[14.2643,265.689,0.870343],"stabilizedTipPosition":[17.8761,263.093,4.25277],"timeVisible":167.447,"tipPosition":[9.00745,256.065,29.6511],"tipVelocity":[-56.7881,22.3019,277.77