{"sensorType":"Leap","data":[[0,{"currentFrameRate":103.847,"devices":[],"gestures":[],"hands":[{"armBasis":[[0.943453,0.0805685,-0.321568],[0.0809707,0.884632,0.459205],[0.321467,-0.459276,0.828085]],"armWidth":63.72,"confidence":0.665844,"direction":[0.0143954,0.151288,-0.988385],"elbow":[84.9428,147.691,296.603],"grabStrength":0,"id":506,"palmNormal":[-0.0902735,-0.984254,-0.151971],"palmPosition":[-9.05665,276.31,18.9864],"palmVelocity":[-5.74923,-41.5187,164.518],"palmWidth":90.99,"pinchStrength":0.414613,"r":[[0.546961,0.333377,0.767915],[0.829753,-0.337626,-0.444431],[0.111105,0.880266,-0.461288]],"s":1.37878,"sphereCenter":[-59.587,266.807,-8.2584],"sphereRadius":67.0258,"stabilizedPalmPosition":[-7.12751,280.787,-7.02491],"t":[5.26062,15.1094,11.2371],"timeVisible":173.142,"type":"right","wrist":[-1.85319,271.695,73.0196]}],"id":1816645,"interactionBox":{"center":[0,200,0],"size":[235.247,235.247,147.751]},"pointables":[{"bases":[[[0.484265,0.87308,-0.0567335],[-0.766671,0.454698,0.453283],[0.421549,-0.176013,0.889559]],[[0.420012,0.889173,-0.181551],[-0.903472,0.390817,-0.176068],[-0.0856012,0.237977,0.967491]],[[0.420012,0.889173,-0.181551],[-0.850802,0.31619,-0.419714],[-0.315794,0.330749,0.889314]],[[0.420012,0.889173,-0.181551],[-0.675201,0.172506,-0.717179],[-0.606377,0.423807,0.672825]]],"btipPosition":[-2.0345,230.079,-19.6171],"carpPosition":[-31.2661,263.154,74.746],"dipPosition":[-16.2259,239.997,-3.87054],"direction":[0.315794,-0.330749,-0.889314],"extended":false,"handId":506,"id":5060,"length":52.1164,"mcpPosition":[-31.2661,263.154,74.746],"pipPosition":[-26.9931,251.274,26.4511],"stabilizedTipPosition":[-0.551997,237.757,-42.6484],"timeVisible":173.142,"tipPosition":[-5.65838,232.446,-16.2445],"tipVelocity":[-29.9761,-50.6188,174.354],"tool":false,"touchDistance":0.303247,"touchZone":"hovering","type":0,"width":20.25},{"bases":[[[0.984093,-0.0647133,-0.165448],[0.0665775,0.997765,0.0057406],[0.164706,-0.0166644,0.986202]],[[0.994527,-0.065895,-0.0810784],[0.09639,0.878084,0.468697],[0.0403089,-0.473947,0.87963]],[[0.994527,-0.065895,-0.0810784],[0.0876621,0.948499,0.304411],[0.0568436,-0.309852,0.949084]],[[0.994527,-0.065895,-0.0810784],[0.0770669,0.986654,0.143436],[0.0705446,-0.1489,0.986333]]],"btipPosition":[-37.7437,314.902,-82.9919],"carpPosition":[-21.3153,283.281,67.1455],"dipPosition":[-36.5384,312.358,-66.1398],"direction":[-0.0568436,0.309852,-0.949084],"extended":true,"handId":506,"id":5061,"length":58.8075,"mcpPosition":[-33.4327,284.507,-5.40901],"pipPosition":[-35.1645,304.868,-43.2],"stabilizedTipPosition":[-31.2491,320.689,-107.89],"timeVisible":173.142,"tipPosition":[-37.2201,314.397,-79.1124],"tipVelocity":[-22.3441,-55.2272,163.482],"tool":false,"touchDistance":0.319552,"touchZone":"hovering","type":1,"width":19.3428},{"bases":[[[0.971432,-0.23551,-0.0292252],[0.235592,0.971852,-0.000662459],[0.0285586,-0.00624169,0.999573]],[[0.971773,-0.235581,-0.0126224],[0.0241548,0.152575,-0.987997],[0.234679,0.959803,0.153959]],[[0.971773,-0.235581,-0.0126224],[-0.226236,-0.915383,-0.333002],[0.0668947,0.326458,-0.942842]],[[0.971773,-0.235581,-0.0126224],[-0.224591,-0.940168,0.256208],[-0.0722248,-0.246141,-0.966539]]],"btipPosition":[-23.1611,233.715,32.3742],"carpPosition":[-9.31196,284.201,64.559],"dipPosition":[-24.5183,229.09,14.211],"direction":[-0.0668947,-0.326458,0.942842],"extended":false,"handId":506,"id":5062,"length":67.0064,"mcpPosition":[-11.3044,284.636,-5.17918],"pipPosition":[-22.6161,238.373,-12.6001],"stabilizedTipPosition":[-21.4627,237.795,-3.28941],"timeVisible":173.142,"tipPosition":[-23.4796,232.675,27.9108],"tipVelocity":[-23.3386,-33.1859,177.042],"tool":false,"touchDistance":0.333333,"touchZone":"none","type":2,"width":18.9972},{"bases":[[[0.944505,-0.306449,0.118322],[0.305184,0.951848,0.0291158],[-0.121547,0.00861015,0.992548]],[[0.940948,-0.306113,0.144606],[0.180308,0.0916113,-0.979335],[0.286539,0.947577,0.141396]],[[0.940948,-0.306113,0.144606],[-0.248867,-0.914997,-0.317563],[0.229524,0.262823,-0.937146]],[[0.940948,-0.306113,0.144606],[-0.334195,-0.908139,0.252186],[0.0541247,-0.285621,-0.956813]]],"btipPosition":[-9.80599,237.381,38.7283],"carpPosition":[2.75229,282.202,63.3811],"dipPosition":[-8.79473,232.044,20.8512],"direction":[-0.229524,-0.262823,0.937146],"extended":false,"handId":506,"id":5063,"length":64.4285,"mcpPosition":[10.366,281.662,1.20787],"pipPosition":[-2.43645,239.325,-5.10966],"stabilizedTipPosition":[-8.08904,241.786,3.53714],"timeVisible":173.142,"tipPosition":[-9.49954,236.147,34.4413],"tipVelocity":[-20.8668,-40.2111,168.898],"tool":false,"touchDistance":0.333333,"touchZone":"none","type":3,"width":18.077},{"bases":[[[0.860593,-0.456425,0.225956],[0.436429,0.889593,0.134739],[-0.262507,-0.0173419,0.964774]],[[0.872342,-0.455041,0.178763],[0.262922,0.128379,-0.956238],[0.412178,0.881167,0.231631]],[[0.872342,-0.455041,0.178763],[-0.358342,-0.843857,-0.399369],[0.33258,0.284328,-0.899193]],[[0.872342,-0.455041,0.178763],[-0.482063,-0.861505,0.159451],[0.081449,-0.225271,-0.970886]]],"btipPosition":[6.61616,241.575,34.7528],"carpPosition":[13.8777,273.405,64.5636],"dipPosition":[8.02008,237.692,18.0178],"direction":[-0.33258,-0.284328,0.899193],"extended":false,"handId":506,"id":5064,"length":50.5107,"mcpPosition":[29.0992,274.41,8.62098],"pipPosition":[14.525,243.253,0.430682],"stabilizedTipPosition":[8.61719,246.932,2.56601],"timeVisible":173.142,"tipPosition":[6.95915,240.681,30.6205],"tipVelocity":[-19.0847,-47.714,165.195],"tool":false,"touchDistance":0.333333,"touchZone":"none","type":4,"width":16.0574}],"r":[[0.546961,0.333377,0.767915],[0.829753,-0.337626,-0.444431],[0.111105,0.880266,-0.461288]],"s":1.37878,"t":[5.26062,15.1094,11.2371],"timestamp":97987615160},false],[1,{"currentFrameRate":104.102,"devices":[],"gestures":[],"hands":[{"armBasis":[[0.942705,0.0760649,-0.324841],[0.0864316,0.88474,0.458],[0.322237,-0.459836,0.827475]],"armWidth":63.72,"confidence":0.671614,"direction":[0.0131718,0.151414,-0.988383],"elbow":[85.4072,147.321,297.527],"grabStrength":0,"id":506,"palmNormal":[-0.0955618,-0.983753,-0.151978],"palmPosition":[-8.88556,276.138,20.0908],"palmVelocity":[1.05671,-35.1974,152.429],"palmWidth":90.99,"pinchStrength":0.414984,"r":[[0.550256,0.332183,0.766076],[0.827261,-0.34147,-0.446136],[0.113393,0.879234,-0.462698]],"s":1.37845,"sphereCenter":[-59.4489,266.834,-7.05654],"sphereRadius":66.9679,"stabilizedPalmPosition":[-7.12862,280.784,-7.00764],"t":[5.34504,14.8163,12.5488],"timeVisible":173.151,"type":"right","wrist":[-1.59681,271.477,74.1084]}],"id":1816646,"interactionBox":{"center":[0,200,0],"size":[235.247,235.247,147.751]},"pointables":[{"bases":[[[0.488564,0.870629,-0.0575405],[-0.763445,0.458482,0.454914],[0.422442,-0.178326,0.888675]],[[0.424393,0.887044,-0.181777],[-0.901671,0.395615,-0.174583],[-0.0829493,0.237995,0.967718]],[[0.424393,0.887044,-0.181777],[-0.849336,0.320387,-0.4195],[-0.313876,0.332423,0.889369]],[[0.424393,0.887044,-0.181777],[-0.673368,0.174965,-0.718305],[-0.605364,0.427247,0.671561]]],"btipPosition":[-2.03896,229.87,-18.4543],"carpPosition":[-31.0491,263.084,75.8924],"dipPosition":[-16.2067,239.869,-2.73733],"direction":[0.313876,-0.332423,-0.889369],"extended":false,"handId":506,"id":5060,"length":52.1164,"mcpPosition":[-31.0491,263.084,75.8924],"pipPosition":[-26.9084,251.203,27.5862],"stabilizedTipPosition":[-0.558016,237.75,-42.6131],"timeVisible":173.151,"tipPosition":[-5.68506,232.257,-15.099],"tipVelocity":[-21.6175,-42.336,161.106],"tool":false,"touchDistance":0.322514,"touchZone":"hovering","type":0,"width":20.25},{"bases":[[[0.983418,-0.0696615,-0.167441],[0.0716402,0.997414,0.00579856],[0.166604,-0.017698,0.985865]],[[0.993958,-0.0709049,-0.0837831],[0.102087,0.877598,0.468401],[0.0403159,-0.474125,0.879534]],[[0.993958,-0.0709049,-0.0837831],[0.0931842,0.948491,0.302788],[0.0579983,-0.308766,0.949368]],[[0.993958,-0.0709049,-0.0837831],[0.0822278,0.986659,0.140506],[0.0727028,-0.146546,0.986529]]],"btipPosition":[-37.6449,314.8,-81.8429],"carpPosition":[-21.0118,283.162,68.2757],"dipPosition":[-36.4028,312.296,-64.9875],"direction":[-0.0579983,0.308766,-0.949368],"extended":true,"handId":506,"id":5061,"length":58.8075,"mcpPosition":[-33.2689,284.464,-4.25397],"pipPosition":[-35.0009,304.833,-42.0409],"stabilizedTipPosition":[-31.2598,320.677,-107.837],"timeVisible":173.151,"tipPosition":[-37.1017,314.332,-77.9551],"tipVelocity":[-12.8711,-42.7018,153.063],"tool":false,"touchDistance":0.338176,"touchZone":"hovering","type":1,"width":19.3428},{"bases":[[[0.970167,-0.240419,-0.0312268],[0.240508,0.970647,-0.000949831],[0.0305385,-0.00658879,0.999512]],[[0.97054,-0.240496,-0.0146456],[0.022914,0.152639,-0.988016],[0.239849,0.958573,0.153653]],[[0.97054,-0.240496,-0.0146456],[-0.231546,-0.914164,-0.3327],[0.0666245,0.32629,-0.942919]],[[0.97054,-0.240496,-0.0146456],[-0.228826,-0.939068,0.256497],[-0.0754395,-0.245589,-0.966434]]],"btipPosition":[-23.1775,233.614,33.4996],"carpPosition":[-9.00918,284.021,65.6653],"dipPosition":[-24.5952,228.999,15.3384],"direction":[-0.0666245,-0.32629,0.942919],"extended":false,"handId":506,"id":5062,"length":67.0064,"mcpPosition":[-11.1398,284.481,-4.06868],"pipPosition":[-22.7006,238.277,-11.4748],"stabilizedTipPosition":[-21.4631,237.794,-3.28402],"timeVisible":173.151,"tipPosition":[-23.5107,232.576,29.0378],"tipVelocity":[-17.7783,-26.9804,162.131],"tool":false,"touchDistance":0.333333,"touchZone":"none","type":2,"width":18.9972},{"bases":[[[0.943177,-0.311251,0.116361],[0.310058,0.950285,0.0286843],[-0.119504,0.00902428,0.992793]],[[0.939634,-0.310897,0.142934],[0.179532,0.0923226,-0.97941],[0.2913,0.945949,0.142565]],[[0.939634,-0.310897,0.142934],[-0.253674,-0.913248,-0.318789],[0.229645,0.263287,-0.936986]],[[0.939634,-0.310897,0.142934],[-0.3383,-0.90678,0.251601],[0.0513878,-0.284768,-0.957218]]],"btipPosition":[-9.80881,237.159,39.7454],"carpPosition":[3.04239,281.962,64.4627],"dipPosition":[-8.84868,231.838,21.8608],"direction":[-0.229645,-0.263287,0.936986],"extended":false,"handId":506,"id":5063,"length":64.4285,"mcpPosition":[10.5281,281.396,2.27414],"pipPosition":[-2.48704,239.132,-4.09563],"stabilizedTipPosition":[-8.08928,241.786,3.54224],"timeVisible":173.151,"tipPosition":[-9.51204,235.947,35.4953],"tipVelocity":[-15.513,-35.6893,152.887],"tool":false,"touchDistance":0.333333,"touchZone":"none","type":3,"width":18.077},{"bases":[[[0.858724,-0.460822,0.224134],[0.441198,0.887344,0.134031],[-0.260649,-0.0162081,0.965298]],[[0.870363,-0.459492,0.177016],[0.261735,0.127203,-0.956721],[0.417089,0.879026,0.230978]],[[0.870363,-0.459492,0.177016],[-0.36337,-0.841947,-0.398857],[0.33231,0.282828,-0.899766]],[[0.870363,-0.459492,0.177016],[-0.486117,-0.859089,0.160177],[0.0784726,-0.225463,-0.971086]]],"btipPosition":[6.63915,241.321,35.8177],"carpPosition":[14.1255,273.108,65.6211],"dipPosition":[7.99177,237.435,19.0793],"direction":[-0.33231,-0.282828,0.899766],"extended":false,"handId":506,"id":5064,"length":50.5107,"mcpPosition":[29.2393,274.048,9.64812],"pipPosition":[14.4914,242.967,1.48092],"stabilizedTipPosition":[8.61664,246.93,2.57563],"timeVisible":173.151,"tipPosition":[6.9709,240.426,31.6874],"tipVelocity":[-13.4415,-42.2116,151.694],"tool":false,"touchDistance":0.333333,"touchZone":"none","type":4,"width":16.0574}],"r":[[0.550256,0.332183,0.766076],[0.827261,-0.34147,-0.446136],[0.113393,0.879234,-0.462698]],"s":1.37845,"t":[5.34504,14.8163,12.5488],"timestamp":97987624286},false],[2,{"currentFrameRate":104.275,"devices":[],"gestures":[],"hands":[{"armBasis":[[0.941675,0.0676995,-0.329644],[0.095907,0.884944,0.455714],[0.322569,-0.46075,0.826837]],"armWidth":63.72,"confidence":0.679664,"direction":[0.0105095,0.14526,-0.989338],"elbow":[85.7902,147.091,298.266],"grabStrength":0,"id":506,"palmNormal":[-0.104843,-0.983779,-0.145557],"palmPosition":[-8.76908,275.89,21.0044],"palmVelocity":[4.29696,-32.8421,137.275],"palmWidth":90.99,"pinchStrength":0.416302,"r":[[0.554082,0.331177,0.763751],[0.824285,-0.346544,-0.44773],[0.116395,0.877627,-0.464998]],"s":1.37804,"sphereCenter":[-59.3015,266.724,-5.8814],"sphereRadius":66.8025,"stabilizedPalmPosition":[-7.12945,280.782,-6.99351],"t":[5.44549,14.5454,13.6615],"timeVisible":173.16,"type":"right","wrist":[-1.30337,271.493,75.0201]}],"id":1816647,"interactionBox":{"center":[0,200,0],"size":[235.247,235.247,147.751]},"pointables":[{"bases":[[[0.495982,0.865909,-0.0648295],[-0.757528,0.467978,0.455134],[0.424444,-0.176628,0.88806]],[[0.432026,0.882071,-0.187896],[-0.898444,0.402826,-0.174729],[-0.0784339,0.244301,0.966522]],[[0.432026,0.882071,-0.187896],[-0.846618,0.324867,-0.421544],[-0.310791,0.341194,0.887128]],[[0.432026,0.882071,-0.187896],[-0.668533,0.173387,-0.723188],[-0.605324,0.438051,0.664601]]],"btipPosition":[-2.14242,229.292,-17.0747],"carpPosition":[-30.821,263.372,76.973],"dipPosition":[-16.3092,239.544,-1.52061],"direction":[0.310791,-0.341194,-0.887128],"extended":false,"handId":506,"id":5060,"length":52.1164,"mcpPosition":[-30.821,263.372,76.973],"pipPosition":[-26.9058,251.177,28.7266],"stabilizedTipPosition":[-0.563184,237.743,-42.5821],"timeVisible":173.16,"tipPosition":[-5.87093,231.743,-13.7931],"tipVelocity":[-18.6688,-46.2173,156.526],"tool":false,"touchDistance":0.343728,"touchZone":"hovering","type":0,"width":20.25},{"bases":[[[0.982081,-0.0793711,-0.170933],[0.0804517,0.996758,-0.000606839],[0.170427,-0.0131559,0.985283]],[[0.992859,-0.0801907,-0.0883205],[0.11214,0.879911,0.461716],[0.0406888,-0.468323,0.88262]],[[0.992859,-0.0801907,-0.0883205],[0.102867,0.950428,0.293438],[0.0604112,-0.300428,0.95189]],[[0.992859,-0.0801907,-0.0883205],[0.0912108,0.98747,0.128776],[0.0768872,-0.135912,0.987733]]],"btipPosition":[-37.6982,313.985,-81.0965],"carpPosition":[-20.6381,283.314,69.1933],"dipPosition":[-36.3845,311.663,-64.2205],"direction":[-0.0604112,0.300428,-0.95189],"extended":true,"handId":506,"id":5061,"length":58.8075,"mcpPosition":[-33.1763,284.281,-3.29351],"pipPosition":[-34.9244,304.402,-41.213],"stabilizedTipPosition":[-31.27,320.665,-107.786],"timeVisible":173.16,"tipPosition":[-37.1194,313.615,-77.1874],"tipVelocity":[-10.3666,-54.154,132.795],"tool":false,"touchDistance":0.348959,"touchZone":"hovering","type":1,"width":19.3428},{"bases":[[[0.967876,-0.249171,-0.0336211],[0.249048,0.968459,-0.00786447],[0.0345202,-0.000761433,0.999404]],[[0.968314,-0.24915,-0.0170971],[0.0202751,0.146664,-0.988979],[0.248911,0.957295,0.147069]],[[0.968314,-0.24915,-0.0170971],[-0.24094,-0.914012,-0.326389],[0.0656927,0.320166,-0.945081]],[[0.968314,-0.24915,-0.0170971],[-0.236053,-0.935465,0.263027],[-0.0815268,-0.250657,-0.964637]]],"btipPosition":[-23.381,233.568,34.7168],"carpPosition":[-8.63895,284.051,66.5298],"dipPosition":[-24.913,228.858,16.5893],"direction":[-0.0656927,-0.320166,0.945081],"extended":false,"handId":506,"id":5062,"length":67.0064,"mcpPosition":[-11.0474,284.104,-3.19661],"pipPosition":[-23.045,237.962,-10.2854],"stabilizedTipPosition":[-21.4634,237.793,-3.27979],"timeVisible":173.16,"tipPosition":[-23.7412,232.509,30.2733],"tipVelocity":[-19.7534,-21.4356,153.702],"tool":false,"touchDistance":0.333333,"touchZone":"none","type":2,"width":18.9972},{"bases":[[[0.94086,-0.31886,0.114505],[0.318535,0.947664,0.0216164],[-0.115405,0.0161359,0.993187]],[[0.937426,-0.318313,0.1411],[0.17639,0.0847648,-0.980664],[0.300197,0.944189,0.135608]],[[0.937426,-0.318313,0.1411],[-0.262988,-0.912889,-0.312203],[0.228187,0.25556,-0.939479]],[[0.937426,-0.318313,0.1411],[-0.34526,-0.902216,0.258462],[0.0450307,-0.291005,-0.955661]]],"btipPosition":[-9.95727,237.039,40.9006],"carpPosition":[3.38904,281.878,65.2918],"dipPosition":[-9.11591,231.602,23.0451],"direction":[-0.228187,-0.25556,0.939479],"extended":false,"handId":506,"id":5063,"length":64.4285,"mcpPosition":[10.618,280.867,3.07853],"pipPosition":[-2.79469,238.681,-2.98038],"stabilizedTipPosition":[-8.08949,241.785,3.54647],"timeVisible":173.16,"tipPosition":[-9.68855,235.799,36.6582],"tipVelocity":[-16.4855,-30.1021,145.145],"tool":false,"touchDistance":0.333333,"touchZone":"none","type":3,"width":18.077},{"bases":[[[0.855528,-0.467019,0.22353],[0.44954,0.884211,0.126823],[-0.256876,-0.00801517,0.966411]],[[0.866944,-0.466085,0.176558],[0.25913,0.118908,-0.958495],[0.425746,0.876713,0.223863]],[[0.866944,-0.466085,0.176558],[-0.372332,-0.841142,-0.392237],[0.331326,0.274309,-0.902761]],[[0.866944,-0.466085,0.176558],[-0.493067,-0.853752,0.167311],[0.0727557,-0.232104,-0.969966]]],"btipPosition":[6.50486,241.035,36.8832],"carpPosition":[14.3983,272.934,66.4603],"dipPosition":[7.75894,237.034,20.1641],"direction":[-0.331326,-0.274309,0.902761],"extended":false,"handId":506,"id":5064,"length":50.5107,"mcpPosition":[29.2933,273.399,10.4228],"pipPosition":[14.2393,242.399,2.50713],"stabilizedTipPosition":[8.61614,246.928,2.58396],"timeVisible":173.16,"tipPosition":[6.81493,240.111,32.7601],"tipVelocity":[-14.4254,-39.8264,141.495],"tool":false,"touchDistance":0.333333,"touchZone":"none","type":4,"width":16.0574}],"r":[[0.554082,0.331177,0.763751],[0.824285,-0.346544,-0.44773],[0.116395,0.877627,-0.464998]],"s":1.37804,"t":[5.44549,14.5454,13.6615],"timestamp":97987633553},false],[3,{"currentFrameRate":104.479,"devices":[],"gestures":[],"hands":[{"armBasis":[[0.938586,0.0429282,-0.342363],[0.123082,0.885301,0.448433],[0.322345,-0.463032,0.825648]],"armWidth":63.72,"confidence":0.686399,"direction":[0.00396751,0.13082,-0.991398],"elbow":[86.3184,146.737,299.211],"grabStrength":0,"id":506,"palmNormal":[-0.131681,-0.982704,-0.1302],"palmPosition":[-8.62573,275.573,22.2892],"palmVelocity":[7.45571,-33.2832,137.987],"palmWidth":90.99,"pinchStrength":0.418546,"r":[[0.560383,0.329661,0.759799],[0.819144,-0.356143,-0.449629],[0.122372,0.874349,-0.469616]],"s":1.37749,"sphereCenter":[-59.5442,267.272,-3.95586],"sphereRadius":66.6988,"stabilizedPalmPosition":[-7.13005,280.78,-6.98185],"t":[5.56739,14.2518,14.8602],"timeVisible":173.169,"type":"right","wrist":[-0.714807,271.755,76.2856]}],"id":1816648,"interactionBox":{"center":[0,200,0],"size":[235.247,235.247,147.751]},"pointables":[{"bases":[[[0.517444,0.851744,-0.0823628],[-0.740438,0.493905,0.455861],[0.428956,-0.174898,0.886232]],[[0.451366,0.867941,-0.207238],[-0.890308,0.422367,-0.170169],[-0.0601659,0.261314,0.963377]],[[0.451366,0.867941,-0.207238],[-0.843073,0.338687,-0.417754],[-0.292397,0.363277,0.88461]],[[0.451366,0.867941,-0.207238],[-0.670572,0.176694,-0.720495],[-0.588729,0.464175,0.66177]]],"btipPosition":[-3.65897,228.137,-15.0867],"carpPosition":[-30.4101,264.431,78.6519],"dipPosition":[-17.4374,239.001,0.401118],"direction":[0.292397,-0.363277,-0.88461],"extended":false,"handId":506,"id":5060,"length":52.1164,"mcpPosition":[-30.4101,264.431,78.6519],"pipPosition":[-27.4068,251.387,30.5624],"stabilizedTipPosition":[-0.570313,237.735,-42.5467],"timeVisible":173.169,"tipPosition":[-7.24388,230.785,-11.8268],"tipVelocity":[-56.8566,-64.141,172.778],"tool":false,"touchDistance":0.37228,"touchZone":"hovering","type":0,"width":20.25},{"bases":[[[0.977878,-0.10724,-0.179596],[0.106115,0.994227,-0.0158854],[0.180263,-0.00352385,0.983612]],[[0.98941,-0.107165,-0.0978927],[0.139951,0.883182,0.447664],[0.0384831,-0.456624,0.888827]],[[0.98941,-0.107165,-0.0978927],[0.130514,0.951973,0.27697],[0.0635097,-0.286814,0.955879]],[[0.98941,-0.107165,-0.0978927],[0.117816,0.986878,0.110416],[0.0847754,-0.12078,0.989053]]],"btipPosition":[-37.6965,312.862,-80.0708],"carpPosition":[-19.7978,283.989,70.4818],"dipPosition":[-36.2481,310.798,-63.1723],"direction":[-0.0635097,0.286814,-0.955879],"extended":true,"handId":506,"id":5061,"length":58.8075,"mcpPosition":[-33.0597,284.248,-1.88215],"pipPosition":[-34.713,303.866,-40.0683],"stabilizedTipPosition":[-31.2814,320.65,-107.727],"timeVisible":173.169,"tipPosition":[-37.0694,312.564,-76.1578],"tipVelocity":[-6.47524,-71.3842,127.037],"tool":false,"touchDistance":0.36286,"touchZone":"hovering","type":1,"width":19.3428},{"bases":[[[0.960727,-0.27464,-0.0396982],[0.273841,0.961465,-0.0244207],[0.0448753,0.0125907,0.998913]],[[0.961337,-0.274394,-0.0231974],[0.0137714,0.13204,-0.991149],[0.275028,0.952509,0.130714]],[[0.961337,-0.274394,-0.0231974],[-0.267808,-0.911997,-0.310709],[0.0641008,0.304909,-0.950222]],[[0.961337,-0.274394,-0.0231974],[-0.257348,-0.925196,0.2789],[-0.0979907,-0.262147,-0.96004]]],"btipPosition":[-24.1807,233.843,36.757],"carpPosition":[-7.81201,284.377,67.6877],"dipPosition":[-26.0221,228.917,18.716],"direction":[-0.0641008,-0.304909,0.950222],"extended":false,"handId":506,"id":5062,"length":67.0064,"mcpPosition":[-10.9429,283.499,-2.00447],"pipPosition":[-24.1993,237.587,-8.30494],"stabilizedTipPosition":[-21.4637,237.793,-3.27619],"timeVisible":173.169,"tipPosition":[-24.6142,232.731,32.3369],"tipVelocity":[-40.7183,-8.60192,173.401],"tool":false,"touchDistance":0.333333,"touchZone":"none","type":2,"width":18.9972},{"bases":[[[0.933465,-0.341486,0.109687],[0.343072,0.939298,0.00466102],[-0.104621,0.0332798,0.993955]],[[0.930308,-0.340466,0.136418],[0.17022,0.0713228,-0.982821],[0.324887,0.937548,0.124306]],[[0.930308,-0.340466,0.136418],[-0.288355,-0.908775,-0.30163],[0.226668,0.241272,-0.943615]],[[0.930308,-0.340466,0.136418],[-0.365626,-0.890314,0.271401],[0.0290521,-0.302364,-0.95275]]],"btipPosition":[-10.6419,236.867,42.4868],"carpPosition":[4.14243,281.875,66.3609],"dipPosition":[-10.0991,231.217,24.6856],"direction":[-0.226668,-0.241272,0.943615],"extended":false,"handId":506,"id":5063,"length":64.4285,"mcpPosition":[10.6959,279.79,4.09957],"pipPosition":[-3.81996,237.901,-1.45439],"stabilizedTipPosition":[-8.08976,241.784,3.5503],"timeVisible":173.169,"tipPosition":[-10.4374,235.64,38.3662],"tipVelocity":[-34.7882,-28.4049,153.203],"tool":false,"touchDistance":0.333333,"touchZone":"none","type":3,"width":18.077},{"bases":[[[0.845479,-0.485813,0.221702],[0.473484,0.873975,0.10946],[-0.246939,0.0124261,0.968951]],[[0.856376,-0.485848,0.174848],[0.252341,0.0983559,-0.962627],[0.450493,0.868492,0.206829]],[[0.856376,-0.485848,0.174848],[-0.397862,-0.836716,-0.376313],[0.329129,0.2527,-0.909844]],[[0.856376,-0.485848,0.174848],[-0.513204,-0.838208,0.18447],[0.0569343,-0.247708,-0.96716]]],"btipPosition":[5.89996,240.564,38.5168],"carpPosition":[14.929,272.666,67.5488],"dipPosition":[6.88132,236.294,21.8461],"direction":[-0.329129,-0.2527,0.909844],"extended":false,"handId":506,"id":5064,"length":50.5107,"mcpPosition":[29.2478,271.946,11.3639],"pipPosition":[13.3187,241.237,4.0506],"stabilizedTipPosition":[8.61553,246.926,2.59185],"timeVisible":173.169,"tipPosition":[6.1471,239.574,34.4088],"tipVelocity":[-30.6981,-44.8946,151.974],"tool":false,"touchDistance":0.333333,"touchZone":"none","type":4,"width":16.0574}],"r":[[0.560383,0.329661,0.759799],[0.819144,-0.356143,-0.449629],[0.122372,0.874349,-0.469616]],"s":1.37749,"t":[5.56739,14.2518,14.8602],"timestamp":97987642742},false],[4,{"currentFrameRate":104.69,"devices":[],"gestures":[],"hands":[{"armBasis":[[0.936062,0.0256579,-0.350897],[0.141933,0.885046,0.443338],[0.321935,-0.464796,0.824816]],"armWidth":63.72,"confidence":0.694147,"direction":[-0.000371482,0.120685,-0.992691],"elbow":[86.699,146.4,300.007],"grabStrength":0,"id":506,"palmNormal":[-0.150411,-0.981404,-0.119257],"palmPosition":[-8.42938,275.31,23.3268],"palmVelocity":[11.3528,-32.0304,131.109],"palmWidth":90.99,"pinchStrength":0.420358,"r":[[0.567604,0.327871,0.755199],[0.813028,-0.367681,-0.451439],[0.129658,0.870236,-0.475266]],"s":1.37687,"sphereCenter":[-59.322,267.498,-2.51437],"sphereRadius":66.4569,"stabilizedPalmPosition":[-7.13047,280.778,-6.97201],"t":[5.72652,13.9732,15.9784],"timeVisible":173.178,"type":"right","wrist":[-0.223515,271.895,77.3062]}],"id":1816649,"interactionBox":{"center":[0,200,0],"size":[235.247,235.247,147.751]},"pointables":[{"bases":[[[0.532279,0.841279,-0.094491],[-0.728227,0.511928,0.455648],[0.431699,-0.173721,0.885131]],[[0.46535,0.857447,-0.219622],[-0.883663,0.435789,-0.170962],[-0.0508821,0.273629,0.960488]],[[0.46535,0.857447,-0.219622],[-0.837855,0.34672,-0.421645],[-0.285391,0.380224,0.879762]],[[0.46535,0.857447,-0.219622],[-0.666402,0.176098,-0.724498],[-0.582544,0.483502,0.653352]]],"btipPosition":[-4.12634,227.199,-13.289],"carpPosition":[-30.0304,265.138,79.943],"dipPosition":[-17.76,238.515,2.00174],"direction":[0.285391,-0.380224,-0.879762],"extended":false,"handId":506,"id":5060,"length":52.1164,"mcpPosition":[-30.0304,265.138,79.943],"pipPosition":[-27.4905,251.479,31.9978],"stabilizedTipPosition":[-0.578473,237.726,-42.5068],"timeVisible":173.178,"tipPosition":[-7.78675,230.016,-10.1319],"tipVelocity":[-54.2208,-71.6441,177.952],"tool":false,"touchDistance":0.39467,"touchZone":"hovering","type":0,"width":20.25},{"bases":[[[0.974526,-0.126885,-0.184929],[0.12407,0.991912,-0.0267673],[0.18683,0.00314138,0.982387]],[[0.986537,-0.126204,-0.104003],[0.159345,0.884874,0.437729],[0.0367869,-0.448408,0.893072]],[[0.986537,-0.126204,-0.104003],[0.149802,0.952501,0.265145],[0.065601,-0.277155,0.958583]],[[0.986537,-0.126204,-0.104003],[0.136355,0.985892,0.0970761],[0.0902847,-0.109951,0.989828]]],"btipPosition":[-37.5734,312.026,-79.2202],"carpPosition":[-19.1198,284.415,71.5033],"dipPosition":[-36.0308,310.148,-62.3084],"direction":[-0.065601,0.277155,-0.958583],"extended":true,"handId":506,"id":5061,"length":58.8075,"mcpPosition":[-32.8647,284.184,-0.770541],"pipPosition":[-34.4452,303.449,-39.139],"stabilizedTipPosition":[-31.2948,320.629,-107.654],"timeVisible":173.178,"tipPosition":[-36.9107,311.778,-75.3068],"tipVelocity":[-0.265159,-75.6222,117.613],"tool":false,"touchDistance":0.372712,"touchZone":"hovering","type":1,"width":19.3428},{"bases":[[[0.955283,-0.29252,-0.0432135],[0.29111,0.956009,-0.0360717],[0.0518642,0.0218788,0.998414]],[[0.956008,-0.292119,-0.0267413],[0.00941482,0.12167,-0.992526],[0.293189,0.948611,0.119068]],[[0.956008,-0.292119,-0.0267413],[-0.28646,-0.91007,-0.29952],[0.063159,0.294004,-0.953715]],[[0.956008,-0.292119,-0.0267413],[-0.272228,-0.917465,0.290086],[-0.109274,-0.270044,-0.956627]]],"btipPosition":[-24.6409,234.021,38.3271],"carpPosition":[-7.14808,284.556,68.6264],"dipPosition":[-26.6944,228.946,20.3502],"direction":[-0.063159,-0.294004,0.953715],"extended":false,"handId":506,"id":5062,"length":67.0064,"mcpPosition":[-10.7665,283.03,-1.03093],"pipPosition":[-24.8984,237.306,-6.77004],"stabilizedTipPosition":[-21.464,237.792,-3.27302],"timeVisible":173.178,"tipPosition":[-25.1251,232.871,33.9227],"tipVelocity":[-44.8595,-1.84436,173.305],"tool":false,"touchDistance":0.333333,"touchZone":"none","type":2,"width":18.9972},{"bases":[[[0.927821,-0.357342,0.107025],[0.360122,0.932877,-0.00722129],[-0.0972611,0.0452423,0.99423]],[[0.924848,-0.355986,0.133901],[0.16633,0.0619555,-0.984122],[0.342038,0.932435,0.116511]],[[0.924848,-0.355986,0.133901],[-0.305901,-0.905431,-0.294313],[0.226009,0.231234,-0.946282]],[[0.924848,-0.355986,0.133901],[-0.379898,-0.881537,0.280304],[0.0182546,-0.310107,-0.950526]]],"btipPosition":[-11.0421,236.717,43.7359],"carpPosition":[4.7496,281.823,67.2466],"dipPosition":[-10.701,230.923,25.9763],"direction":[-0.226009,-0.231234,0.946283],"extended":false,"handId":506,"id":5063,"length":64.4285,"mcpPosition":[10.842,278.989,4.96803],"pipPosition":[-4.44007,237.328,-0.23762],"stabilizedTipPosition":[-8.09004,241.783,3.55389],"timeVisible":173.178,"tipPosition":[-10.8785,235.498,39.6984],"tipVelocity":[-38.6814,-26.0724,148.81],"tool":false,"touchDistance":0.333333,"touchZone":"none","type":3,"width":18.077},{"bases":[[[0.837986,-0.498897,0.22109],[0.490031,0.866249,0.0973795],[-0.240101,0.0267381,0.97038]],[[0.848483,-0.499605,0.174562],[0.248261,0.0844508,-0.965005],[0.467379,0.862127,0.195687]],[[0.848483,-0.499605,0.174562],[-0.415138,-0.832903,-0.365969],[0.328233,0.238051,-0.914109]],[[0.848483,-0.499605,0.174562],[-0.527166,-0.826934,0.195643],[0.0466074,-0.258023,-0.965014]]],"btipPosition":[5.54762,240.188,39.7832],"carpPosition":[15.3747,272.432,68.4576],"dipPosition":[6.35098,235.741,23.1494],"direction":[-0.328233,-0.238051,0.914109],"extended":false,"handId":506,"id":5064,"length":50.5107,"mcpPosition":[29.297,270.881,12.1899],"pipPosition":[12.7708,240.397,5.27058],"stabilizedTipPosition":[8.61486,246.924,2.59957],"timeVisible":173.178,"tipPosition":[5.75772,239.162,35.7042],"tipVelocity":[-34.1104,-45.0527,148.417],"tool":false,"touchDistance":0.333333,"touchZone":"none","type":4,"width":16.0574}],"r":[[0.567604,0.327871,0.755199],[0.813028,-0.367681,-0.451439],[0.129658,0.870236,-0.475266]],"s":1.37687,"t":[5.72652,13.9732,15.9784],"timestamp":97987651900},false],[5,{"currentFrameRate":104.828,"devices":[],"gestures":[],"hands":[{"armBasis":[[0.934625,0.0153724,-0.355301],[0.153152,0.88428,0.441128],[0.320967,-0.466704,0.824116]],"armWidth":63.72,"confidence":0.697573,"direction":[-0.00262208,0.113413,-0.993544],"elbow":[86.7711,146.001,300.412],"grabStrength":0,"id":506,"palmNormal":[-0.161811,-0.980503,-0.111497],"palmPosition":[-8.25285,275.123,23.9268],"palmVelocity":[13.5132,-28.668,112.375],"palmWidth":90.99,"pinchStrength":0.421859,"r":[[0.574621,0.326182,0.75061],[0.806866,-0.379343,-0.452842],[0.13703,0.865855,-0.481164]],"s":1.3762,"sphereCenter":[-58.9722,267.489,-1.69836],"sphereRadius":66.218,"stabilizedPalmPosition":[-7.13078,280.776,-6.96334],"t":[5.89435,13.7406,16.8375],"timeVisible":173.188,"type":"right","wrist":[0.110031,272.011,77.9004]}],"id":1816650,"interactionBox":{"center":[0,200,0],"size":[235.247,235.247,147.751]},"pointables":[{"bases":[[[0.541309,0.834544,-0.102566],[-0.720798,0.523382,0.454447],[0.432937,-0.172067,0.884849]],[[0.474732,0.850482,-0.226519],[-0.878809,0.443954,-0.174925],[-0.048206,0.282109,0.95817]],[[0.474732,0.850482,-0.226519],[-0.832553,0.350468,-0.428983],[-0.285455,0.392241,0.87445]],[[0.474732,0.850482,-0.226519],[-0.65933,0.173167,-0.73164],[-0.583021,0.496684,0.642956]]],"btipPosition":[-3.97698,226.529,-11.9994],"carpPosition":[-29.7608,265.609,80.6926],"dipPosition":[-17.6218,238.153,3.04809],"direction":[0.285455,-0.392241,-0.87445],"extended":false,"handId":506,"id":5060,"length":52.1164,"mcpPosition":[-29.7608,265.609,80.6926],"pipPosition":[-27.3545,251.527,32.863],"stabilizedTipPosition":[-0.586622,237.715,-42.4644],"timeVisible":173.188,"tipPosition":[-7.78774,229.452,-8.95249],"tipVelocity":[-34.4818,-69.66,165.258],"tool":false,"touchDistance":0.407042,"touchZone":"hovering","type":0,"width":20.25},{"bases":[[[0.972369,-0.139154,-0.187443],[0.135059,0.990237,-0.0345056],[0.190415,0.0082363,0.981669]],[[0.984586,-0.138031,-0.107417],[0.171211,0.886137,0.430637],[0.0357444,-0.44239,0.89611]],[[0.984586,-0.138031,-0.107417],[0.161551,0.953053,0.256107],[0.0670229,-0.269512,0.960662]],[[0.984586,-0.138031,-0.107417],[0.147551,0.985275,0.0863767],[0.0939122,-0.100895,0.990455]]],"btipPosition":[-37.4349,311.338,-78.7896],"carpPosition":[-18.6659,284.7,72.0726],"dipPosition":[-35.8303,309.615,-61.8671],"direction":[-0.0670229,0.269513,-0.960662],"extended":true,"handId":506,"id":5061,"length":58.8075,"mcpPosition":[-32.6747,284.094,-0.148448],"pipPosition":[-34.2103,303.1,-38.6475],"stabilizedTipPosition":[-31.3123,320.6,-107.555],"timeVisible":173.188,"tipPosition":[-36.7416,311.138,-74.8742],"tipVelocity":[4.44838,-74.1117,97.6142],"tool":false,"touchDistance":0.37527,"touchZone":"hovering","type":1,"width":19.3428},{"bases":[[[0.951788,-0.30352,-0.0444458],[0.301653,0.952396,-0.0441377],[0.0557267,0.0286025,0.998036]],[[0.952576,-0.303008,-0.0280217],[0.00727313,0.11473,-0.99337],[0.304214,0.946057,0.111493]],[[0.952576,-0.303008,-0.0280217],[-0.297691,-0.908832,-0.292239],[0.0630839,0.286722,-0.955935]],[[0.952576,-0.303008,-0.0280217],[-0.281444,-0.912295,0.297503],[-0.11571,-0.275507,-0.95431]]],"btipPosition":[-24.8746,234.114,39.2641],"carpPosition":[-6.70392,284.686,69.1523],"dipPosition":[-27.049,228.937,21.3307],"direction":[-0.0630839,-0.286722,0.955935],"extended":false,"handId":506,"id":5062,"length":67.0064,"mcpPosition":[-10.5919,282.69,-0.478671],"pipPosition":[-25.2551,237.09,-5.85267],"stabilizedTipPosition":[-21.4643,237.792,-3.27023],"timeVisible":173.188,"tipPosition":[-25.3856,232.944,34.8853],"tipVelocity":[-40.1553,0.79866,153.214],"tool":false,"touchDistance":0.333333,"touchZone":"none","type":2,"width":18.9972},{"bases":[[[0.924148,-0.366929,0.106363],[0.370506,0.928703,-0.0153626],[-0.0931422,0.0536053,0.994209]],[[0.921282,-0.36534,0.133289],[0.164338,0.0551004,-0.984864],[0.352466,0.929242,0.110802]],[[0.921282,-0.36534,0.133289],[-0.316497,-0.903523,-0.288922],[0.225984,0.223993,-0.948029]],[[0.921282,-0.36534,0.133289],[-0.388709,-0.87567,0.286544],[0.0120309,-0.315798,-0.94875]]],"btipPosition":[-11.2412,236.629,44.5114],"carpPosition":[5.15737,281.809,67.7505],"dipPosition":[-11.0165,230.728,26.7849],"direction":[-0.225984,-0.223993,0.948029],"extended":false,"handId":506,"id":5063,"length":64.4285,"mcpPosition":[10.9918,278.452,5.47323],"pipPosition":[-4.75624,236.933,0.522625],"stabilizedTipPosition":[-8.09033,241.783,3.55727],"timeVisible":173.188,"tipPosition":[-11.1018,235.409,40.5221],"tipVelocity":[-34.6398,-22.1311,130.646],"tool":false,"touchDistance":0.333333,"touchZone":"none","type":3,"width":18.077},{"bases":[[[0.83315,-0.50663,0.221783],[0.50004,0.86139,0.0892644],[-0.236266,0.0365296,0.971002]],[[0.843326,-0.507786,0.175941],[0.247068,0.0756052,-0.966044],[0.477242,0.858159,0.189217]],[[0.843326,-0.507786,0.175941],[-0.424965,-0.830527,-0.360041],[0.328948,0.228863,-0.916196]],[[0.843326,-0.507786,0.175941],[-0.535793,-0.819783,0.202192],[0.0415634,-0.264782,-0.963412]]],"btipPosition":[5.35583,239.934,40.5244],"carpPosition":[15.6811,272.309,68.9929],"dipPosition":[6.07225,235.37,23.9183],"direction":[-0.328948,-0.228863,0.916196],"extended":false,"handId":506,"id":5064,"length":50.5107,"mcpPosition":[29.381,270.19,12.6891],"pipPosition":[12.5061,239.847,5.99856],"stabilizedTipPosition":[8.61416,246.922,2.60728],"timeVisible":173.188,"tipPosition":[5.55544,238.891,36.4876],"tipVelocity":[-30.9273,-40.8852,129.286],"tool":false,"touchDistance":0.333333,"touchZone":"none","type":4,"width":16.0574}],"r":[[0.574621,0.326182,0.75061],[0.806866,-0.379343,-0.452842],[0.13703,0.865855,-0.481164]],"s":1.3762,"t":[5.89435,13.7406,16.8375],"timestamp":97987661182},false],[6,{"currentFrameRate":104.991,"devices":[],"gestures":[],"hands":[{"armBasis":[[0.931374,0.00776957,-0.363981],[0.164553,0.882836,0.439913],[0.324753,-0.469618,0.820972]],"armWidth":63.72,"confidence":0.704334,"direction":[-0.00516143,0.102878,-0.994681],"elbow":[88.1365,145.634,300.626],"grabStrength":0,"id":506,"palmNormal":[-0.173583,-0.979685,-0.100427],"palmPosition":[-8.08239,275.066,24.9914],"palmVelocity":[14.9065,-22.3759,113.233],"palmWidth":90.99,"pinchStrength":0.42364,"r":[[0.581531,0.324998,0.745786],[0.800589,-0.391452,-0.453677],[0.144496,0.860896,-0.487832]],"s":1.37539,"sphereCenter":[-58.8132,267.628,-0.383524],"sphereRadius":66.084,"stabilizedPalmPosition":[-7.131,280.775,-6.95617],"t":[6.06349,13.5957,17.7993],"timeVisible":173.197,"type":"right","wrist":[0.453129,272.43,78.9633]}],"id":1816651,"interactionBox":{"center":[0,200,0],"size":[235.247,235.247,147.751]},"pointables":[{"bases":[[[0.550534,0.827063,-0.113491],[-0.712922,0.536518,0.451542],[0.434344,-0.167679,0.885002]],[[0.483763,0.842445,-0.23719],[-0.874161,0.451909,-0.177824],[-0.0426183,0.293367,0.955049]],[[0.483763,0.842445,-0.23719],[-0.828968,0.354143,-0.432892],[-0.280688,0.40604,0.869681]],[[0.483763,0.842445,-0.23719],[-0.656727,0.170275,-0.734653],[-0.578518,0.511167,0.63563]]],"btipPosition":[-4.24178,225.954,-10.2664],"carpPosition":[-29.4788,266.405,81.9357],"dipPosition":[-17.7812,237.917,4.60961],"direction":[0.280688,-0.40604,-0.869681],"extended":false,"handId":506,"id":5060,"length":52.1164,"mcpPosition":[-29.4788,266.405,81.9357],"pipPosition":[-27.3514,251.761,34.2619],"stabilizedTipPosition":[-0.594567,237.704,-42.4226],"timeVisible":173.197,"tipPosition":[-8.05961,228.97,-7.2728],"tipVelocity":[-32.1284,-65.2375,170.411],"tool":false,"touchDistance":0.425074,"touchZone":"hovering","type":0,"width":20.25},{"bases":[[[0.969958,-0.152424,-0.189598],[0.14638,0.988178,-0.0455703],[0.194303,0.016448,0.980804]],[[0.982437,-0.150609,-0.110152],[0.183372,0.888498,0.42065],[0.0345163,-0.433461,0.900511]],[[0.982437,-0.150609,-0.110152],[0.173667,0.95394,0.244618],[0.0682371,-0.259451,0.963342]],[[0.982437,-0.150609,-0.110152],[0.159195,0.984487,0.0737713],[0.0973329,-0.0900114,0.991173]]],"btipPosition":[-37.2871,310.495,-77.9936],"carpPosition":[-18.1971,285.274,73.071],"dipPosition":[-35.6241,308.957,-61.0588],"direction":[-0.0682371,0.259451,-0.963342],"extended":true,"handId":506,"id":5061,"length":58.8075,"mcpPosition":[-32.4919,284.064,0.91368],"pipPosition":[-33.9748,302.686,-37.7744],"stabilizedTipPosition":[-31.3345,320.558,-107.422],"timeVisible":173.197,"tipPosition":[-36.5722,310.337,-74.0797],"tipVelocity":[8.10116,-77.6651,94.5327],"tool":false,"touchDistance":0.383059,"touchZone":"hovering","type":1,"width":19.3428},{"bases":[[[0.94803,-0.315013,-0.0447795],[0.312486,0.948304,-0.0554237],[0.0599237,0.0385504,0.997458]],[[0.948885,-0.314339,-0.0284281],[0.00498892,0.104997,-0.99446],[0.315582,0.943487,0.101198]],[[0.948885,-0.314339,-0.0284281],[-0.309284,-0.908095,-0.282323],[0.0629297,0.276685,-0.958898]],[[0.948885,-0.314339,-0.0284281],[-0.290891,-0.905931,0.307688],[-0.122472,-0.283691,-0.951063]]],"btipPosition":[-25.1274,234.387,40.7777],"carpPosition":[-6.24749,285.09,70.1062],"dipPosition":[-27.4289,229.056,22.9054],"direction":[-0.0629297,-0.276685,0.958898],"extended":false,"handId":506,"id":5062,"length":67.0064,"mcpPosition":[-10.4282,282.4,0.515544],"pipPosition":[-25.6394,236.924,-4.36224],"stabilizedTipPosition":[-21.4645,237.792,-3.26782],"timeVisible":173.197,"tipPosition":[-25.6646,233.189,36.441],"tipVelocity":[-37.4737,7.79057,156.702],"tool":false,"touchDistance":0.333333,"touchZone":"none","type":2,"width":18.9972},{"bases":[[[0.920244,-0.376491,0.106799],[0.381171,0.92412,-0.0266563],[-0.0886594,0.065239,0.993923]],[[0.917501,-0.374584,0.133708],[0.163809,0.0495458,-0.985247],[0.362433,0.925868,0.106818]],[[0.917501,-0.374584,0.133708],[-0.326342,-0.901172,-0.285287],[0.227358,0.218117,-0.94907]],[[0.917501,-0.374584,0.133708],[-0.397676,-0.869631,0.292567],[0.00668608,-0.321603,-0.946851]]],"btipPosition":[-11.4888,236.573,45.6407],"carpPosition":[5.57418,282.061,68.6906],"dipPosition":[-11.3638,230.565,27.9498],"direction":[-0.227358,-0.218117,0.94907],"extended":false,"handId":506,"id":5063,"length":64.4285,"mcpPosition":[11.1278,277.974,6.43123],"pipPosition":[-5.06556,236.607,1.65863],"stabilizedTipPosition":[-8.0906,241.782,3.56033],"timeVisible":173.197,"tipPosition":[-11.3606,235.406,41.7776],"tipVelocity":[-33.1517,-18.3689,128.601],"tool":false,"touchDistance":0.333333,"touchZone":"none","type":3,"width":18.077},{"bases":[[[0.828082,-0.513891,0.224044],[0.510322,0.856421,0.0781956],[-0.23206,0.0495819,0.971437]],[[0.837933,-0.515635,0.178852],[0.244926,0.0624232,-0.96753],[0.487728,0.854531,0.178599]],[[0.837933,-0.515635,0.178852],[-0.435606,-0.829292,-0.350031],[0.328809,0.215394,-0.919505]],[[0.837933,-0.515635,0.178852],[-0.544612,-0.81134,0.212426],[0.035575,-0.275404,-0.96067]]],"btipPosition":[5.15794,239.896,41.8939],"carpPosition":[15.9919,272.452,69.9947],"dipPosition":[5.77114,235.149,25.335],"direction":[-0.328809,-0.215394,0.919505],"extended":false,"handId":506,"id":5064,"length":50.5107,"mcpPosition":[29.4479,269.577,13.6657],"pipPosition":[12.2022,239.362,7.35061],"stabilizedTipPosition":[8.61352,246.921,2.61414],"timeVisible":173.197,"tipPosition":[5.34048,238.809,37.8801],"tipVelocity":[-28.9948,-31.8766,135.004],"tool":false,"touchDistance":0.333333,"touchZone":"none","type":4,"width":16.0574}],"r":[[0.581531,0.3