{"sensorType":"Leap","data":[[0,{"currentFrameRate":105.486,"devices":[],"gestures":[{"center":[-6.72565,326.438,-64.749],"duration":0,"handIds":[506],"id":13,"normal":[-0.0546579,-0.494854,0.867255],"pointableIds":[5061],"progress":0.757485,"radius":7.31905,"state":"start","type":"circle"}],"hands":[{"armBasis":[[0.958731,0.270651,-0.0870769],[-0.184122,0.82441,0.535208],[0.216642,-0.497088,0.84022]],"armWidth":63.72,"confidence":0.658744,"direction":[-0.031243,0.633523,-0.773093],"elbow":[70.8997,115.228,295.937],"grabStrength":0,"id":506,"palmNormal":[0.181742,-0.756976,-0.627661],"palmPosition":[4.01245,279.161,23.922],"palmVelocity":[-51.3874,3.64344,-62.7083],"palmWidth":90.99,"pinchStrength":0.768821,"r":[[0.769855,-0.173764,0.614109],[0.558647,0.648745,-0.516763],[-0.308605,0.740902,0.596512]],"s":1.2157,"sphereCenter":[18.2763,262.835,-13.6459],"sphereRadius":46.348,"stabilizedPalmPosition":[8.0575,278.362,27.0479],"t":[18.8684,17.5317,18.4477],"timeVisible":88.3818,"type":"right","wrist":[12.4065,249.441,69.0779]}],"id":1807705,"interactionBox":{"center":[0,200,0],"size":[235.247,235.247,147.751]},"pointables":[{"bases":[[[0.226845,0.86511,0.447355],[-0.860076,-0.0375699,0.508781],[0.456958,-0.500174,0.735538]],[[0.10525,0.962764,0.249015],[-0.961976,0.0351044,0.27087],[0.252042,-0.268055,0.92985]],[[0.10525,0.962764,0.249015],[-0.884808,0.20496,-0.418457],[-0.453914,-0.176288,0.873433]],[[0.10525,0.962764,0.249015],[-0.213059,0.266422,-0.940013],[-0.971354,0.0458814,0.233167]]],"btipPosition":[12.0853,252.851,-19.3165],"carpPosition":[-13.543,234.534,62.3366],"dipPosition":[-10.6479,253.925,-13.8595],"direction":[0.453914,0.176288,-0.873433],"extended":false,"handId":506,"id":5060,"length":52.1164,"mcpPosition":[-13.543,234.534,62.3366],"pipPosition":[-26.1243,247.914,15.9207],"stabilizedTipPosition":[11.9152,252.846,-17.8968],"timeVisible":88.3818,"tipPosition":[6.83143,253.002,-18.2971],"tipVelocity":[-32.2962,-0.182831,-59.196],"tool":false,"touchDistance":0.290633,"touchZone":"hovering","type":0,"width":20.25},{"bases":[[[0.963651,0.26421,-0.039615],[-0.20878,0.837256,0.505385],[0.166696,-0.478744,0.861984]],[[0.975502,0.141658,0.16831],[-0.208944,0.835998,0.507395],[-0.0688306,-0.530132,0.845117]],[[0.975502,0.141658,0.16831],[-0.196231,0.906159,0.37466],[-0.0994421,-0.398509,0.911757]],[[0.975502,0.141658,0.16831],[-0.182808,0.947599,0.261987],[-0.122378,-0.286338,0.950281]]],"btipPosition":[-14.3161,329.927,-70.9229],"carpPosition":[-9.50391,257.405,67.0749],"dipPosition":[-16.407,325.034,-54.6868],"direction":[0.0994421,0.398509,-0.911757],"extended":true,"handId":506,"id":5061,"length":58.8075,"mcpPosition":[-21.7676,292.626,3.65901],"pipPosition":[-18.8105,315.402,-32.6492],"stabilizedTipPosition":[-11.7169,330.198,-63.1931],"timeVisible":88.3818,"tipPosition":[-15.1859,327.823,-67.6532],"tipVelocity":[-46.5438,-13.4015,-73.0012],"tool":false,"touchDistance":0.23558,"touchZone":"hovering","type":1,"width":19.3428},{"bases":[[[0.99869,0.0504721,-0.00836498],[-0.0391468,0.859156,0.510214],[0.0329384,-0.509218,0.860007]],[[0.998196,0.0568886,-0.0192077],[-0.0504747,0.621764,-0.781576],[-0.0325201,0.781136,0.623514]],[[0.998196,0.0568886,-0.0192077],[0.0256466,-0.693204,-0.720285],[-0.0542909,0.718493,-0.693412]],[[0.998196,0.0568886,-0.0192077],[0.0522832,-0.980808,-0.187836],[-0.0295248,0.186493,-0.982013]]],"btipPosition":[3.14867,236.271,15.0624],"carpPosition":[1.78057,262.331,66.9448],"dipPosition":[2.59384,239.776,-3.39159],"direction":[0.0542909,-0.718493,0.693412],"extended":false,"handId":506,"id":5062,"length":67.0064,"mcpPosition":[-0.517481,297.858,6.94387],"pipPosition":[1.05,260.207,-23.1097],"stabilizedTipPosition":[8.18488,230.749,6.83327],"timeVisible":88.3818,"tipPosition":[3.05771,236.69,10.8469],"tipVelocity":[-33.1813,4.62148,-53.7787],"tool":false,"touchDistance":0.333333,"touchZone":"none","type":2,"width":18.9972},{"bases":[[[0.992743,-0.0899251,0.0798452],[0.0333751,0.843896,0.535467],[-0.115533,-0.528917,0.840773]],[[0.992589,-0.0906254,0.0809585],[0.119469,0.605832,-0.786572],[0.0222361,0.790414,0.612169]],[[0.992589,-0.0906254,0.0809585],[-0.00687436,-0.707021,-0.70716],[0.121326,0.701362,-0.702404]],[[0.992589,-0.0906254,0.0809585],[-0.0742312,-0.979645,-0.18651],[0.0962131,0.179118,-0.979112]]],"btipPosition":[15.0119,239.179,24.3306],"carpPosition":[13.9271,264.139,66.5964],"dipPosition":[16.8096,242.526,6.03691],"direction":[-0.121326,-0.701362,0.702404],"extended":false,"handId":506,"id":5063,"length":64.4285,"mcpPosition":[21.1641,297.271,13.9304],"pipPosition":[20.1706,261.955,-13.4211],"stabilizedTipPosition":[20.6714,227.908,9.57042],"timeVisible":88.3818,"tipPosition":[15.3689,239.539,19.551],"tipVelocity":[-35.8645,8.85301,-53.5632],"tool":false,"touchDistance":0.333333,"touchZone":"none","type":3,"width":18.077},{"bases":[[[0.953446,-0.288729,0.0870392],[0.177038,0.76957,0.61353],[-0.244127,-0.569559,0.78486]],[[0.968412,-0.247432,0.0309211],[0.193153,0.665921,-0.720584],[0.157704,0.703794,0.692678]],[[0.968412,-0.247432,0.0309211],[-0.132979,-0.617355,-0.775364],[0.210939,0.74676,-0.630757]],[[0.968412,-0.247432,0.0309211],[-0.229517,-0.932954,-0.277342],[0.0974713,0.261485,-0.960273]]],"btipPosition":[29.812,247.93,23.6871],"carpPosition":[27.0384,258.902,64.801],"dipPosition":[31.4921,252.437,7.13503],"direction":[-0.210939,-0.74676,0.630757],"extended":false,"handId":506,"id":5064,"length":50.5107,"mcpPosition":[41.1941,291.928,19.2907],"pipPosition":[35.6178,267.043,-5.20182],"stabilizedTipPosition":[34.0501,239.475,12.9764],"timeVisible":88.3818,"tipPosition":[30.2921,248.811,19.4917],"tipVelocity":[-40.2177,12.7988,-50.2831],"tool":false,"touchDistance":0.333333,"touchZone":"none","type":4,"width":16.0574}],"r":[[0.769855,-0.173764,0.614109],[0.558647,0.648745,-0.516763],[-0.308605,0.740902,0.596512]],"s":1.2157,"t":[18.8684,17.5317,18.4477],"timestamp":97902855193},false],[1,{"currentFrameRate":105.463,"devices":[],"gestures":[{"center":[-6.72565,326.438,-64.749],"duration":0,"handIds":[506],"id":13,"normal":[-0.0546579,-0.494854,0.867255],"pointableIds":[5061],"progress":0.757485,"radius":7.31905,"state":"start","type":"circle"}],"hands":[{"armBasis":[[0.958436,0.271098,-0.0889218],[-0.18517,0.828167,0.529009],[0.217055,-0.490556,0.843944]],"armWidth":63.72,"confidence":0.6597,"direction":[-0.0328121,0.633701,-0.772882],"elbow":[70.6042,116.855,295.931],"grabStrength":0,"id":506,"palmNormal":[0.182531,-0.756493,-0.628013],"palmPosition":[3.5254,279.024,22.925],"palmVelocity":[-51.3176,-1.53571,-74.8018],"palmWidth":90.99,"pinchStrength":0.766951,"r":[[0.769553,-0.170733,0.615336],[0.557461,0.649636,-0.516924],[-0.311488,0.740826,0.595106]],"s":1.21579,"sphereCenter":[17.7994,262.738,-14.651],"sphereRadius":46.3487,"stabilizedPalmPosition":[7.91821,278.382,26.9212],"t":[18.3544,17.4705,17.5712],"timeVisible":88.3913,"type":"right","wrist":[11.9992,249.305,68.0661]}],"id":1807706,"interactionBox":{"center":[0,200,0],"size":[235.247,235.247,147.751]},"pointables":[{"bases":[[[0.225754,0.865344,0.447455],[-0.859658,-0.0391167,0.509371],[0.458284,-0.49965,0.735069]],[[0.103867,0.962856,0.249237],[-0.961831,0.0334552,0.27159],[0.253164,-0.267933,0.92958]],[[0.103867,0.962856,0.249237],[-0.885443,0.203652,-0.417752],[-0.452993,-0.177294,0.873707]],[[0.103867,0.962856,0.249237],[-0.214151,0.266365,-0.939781],[-0.971262,0.044238,0.233864]]],"btipPosition":[11.6081,252.741,-20.3268],"carpPosition":[-13.9307,234.357,61.3385],"dipPosition":[-11.123,253.777,-14.8535],"direction":[0.452993,0.177294,-0.873707],"extended":false,"handId":506,"id":5060,"length":52.1164,"mcpPosition":[-13.9307,234.357,61.3385],"pipPosition":[-26.568,247.732,14.936],"stabilizedTipPosition":[11.839,252.848,-17.913],"timeVisible":88.3913,"tipPosition":[6.35589,252.883,-19.302],"tipVelocity":[-37.413,-3.71564,-72.5881],"tool":false,"touchDistance":0.273857,"touchZone":"hovering","type":0,"width":20.25},{"bases":[[[0.963193,0.265785,-0.0402103],[-0.209784,0.836766,0.50578],[0.168076,-0.478729,0.861725]],[[0.975385,0.143158,0.167722],[-0.209939,0.835555,0.507714],[-0.067458,-0.530428,0.845042]],[[0.975385,0.143158,0.167722],[-0.197409,0.905813,0.374878],[-0.0982583,-0.39876,0.911776]],[[0.975385,0.143158,0.167722],[-0.184109,0.947313,0.262112],[-0.121362,-0.286539,0.950351]]],"btipPosition":[-14.944,329.776,-71.8963],"carpPosition":[-9.92543,257.234,66.0807],"dipPosition":[-17.0176,324.881,-55.659],"direction":[0.0982583,0.39876,-0.911776],"extended":true,"handId":506,"id":5061,"length":58.8075,"mcpPosition":[-22.2907,292.454,2.684],"pipPosition":[-19.3925,315.242,-33.621],"stabilizedTipPosition":[-11.8622,330.137,-63.388],"timeVisible":88.3913,"tipPosition":[-15.8051,327.692,-68.617],"tipVelocity":[-52.0101,-14.1083,-81.4076],"tool":false,"touchDistance":0.219361,"touchZone":"hovering","type":1,"width":19.3428},{"bases":[[[0.998601,0.0520952,-0.00904858],[-0.0401836,0.85894,0.510497],[0.0343666,-0.509419,0.859832]],[[0.998087,0.0585308,-0.0199173],[-0.0520153,0.620794,-0.782246],[-0.0334209,0.781786,0.622651]],[[0.998087,0.0585308,-0.0199173],[0.0263883,-0.694614,-0.718898],[-0.0559125,0.716997,-0.69483]],[[0.998087,0.0585308,-0.0199173],[0.0538201,-0.981067,-0.186041],[-0.0304294,0.184614,-0.98234]]],"btipPosition":[2.72593,236.179,14.1621],"carpPosition":[1.35094,262.178,65.9443],"dipPosition":[2.1541,239.648,-4.29799],"direction":[0.0559125,-0.716997,0.69483],"extended":false,"handId":506,"id":5062,"length":67.0064,"mcpPosition":[-1.04675,297.719,5.95555],"pipPosition":[0.564154,260.037,-24.0565],"stabilizedTipPosition":[8.13213,230.807,6.86236],"timeVisible":88.3913,"tipPosition":[2.62936,236.597,9.90256],"tipVelocity":[-36.5278,0.25109,-65.5586],"tool":false,"touchDistance":0.333333,"touchZone":"none","type":2,"width":18.9972},{"bases":[[[0.992943,-0.0883377,0.0791239],[0.0323807,0.84379,0.535696],[-0.114086,-0.529353,0.840696]],[[0.992801,-0.0889941,0.0801664],[0.117861,0.606612,-0.786213],[0.0213384,0.790001,0.612734]],[[0.992801,-0.0889941,0.0801664],[-0.00622354,-0.706719,-0.707467],[0.119615,0.701875,-0.702185]],[[0.992801,-0.0889941,0.0801664],[-0.0727552,-0.979738,-0.186604],[0.0951487,0.179428,-0.979159]]],"btipPosition":[14.5959,239.072,23.2965],"carpPosition":[13.4943,264.006,65.5879],"dipPosition":[16.3736,242.425,5.00194],"direction":[-0.119615,-0.701875,0.702185],"extended":false,"handId":506,"id":5063,"length":64.4285,"mcpPosition":[20.6406,297.165,12.9267],"pipPosition":[19.6872,261.868,-14.45],"stabilizedTipPosition":[20.6243,228.007,9.64954],"timeVisible":88.3913,"tipPosition":[14.9475,239.438,18.5356],"tipVelocity":[-38.2569,3.09844,-69.4162],"tool":false,"touchDistance":0.333333,"touchZone":"none","type":3,"width":18.077},{"bases":[[[0.953974,-0.287207,0.0862861],[0.176218,0.769674,0.613636],[-0.242653,-0.570188,0.78486]],[[0.968791,-0.246012,0.0303611],[0.191737,0.666102,-0.720795],[0.157101,0.704121,0.692483]],[[0.968791,-0.246012,0.0303611],[-0.132544,-0.617629,-0.77522],[0.209465,0.747002,-0.630961]],[[0.968791,-0.246012,0.0303611],[-0.228303,-0.933273,-0.27727],[0.096547,0.261685,-0.960312]]],"btipPosition":[29.367,247.835,22.6793],"carpPosition":[26.6128,258.791,63.7817],"dipPosition":[31.0312,252.346,6.12663],"direction":[-0.209465,-0.747002,0.630961],"extended":false,"handId":506,"id":5064,"length":50.5107,"mcpPosition":[40.683,291.853,18.2715],"pipPosition":[35.1281,266.956,-6.21421],"stabilizedTipPosition":[33.9978,239.589,13.048],"timeVisible":88.3913,"tipPosition":[29.8447,248.721,18.4848],"tipVelocity":[-42.2026,6.2757,-66.2819],"tool":false,"touchDistance":0.333333,"touchZone":"none","type":4,"width":16.0574}],"r":[[0.769553,-0.170733,0.615336],[0.557461,0.649636,-0.516924],[-0.311488,0.740826,0.595106]],"s":1.21579,"t":[18.3544,17.4705,17.5712],"timestamp":97902864716},false],[2,{"currentFrameRate":105.531,"devices":[],"gestures":[{"center":[-6.72565,326.438,-64.749],"duration":0,"handIds":[506],"id":13,"normal":[-0.0546579,-0.494854,0.867255],"pointableIds":[5061],"progress":0.757485,"radius":7.31905,"state":"start","type":"circle"}],"hands":[{"armBasis":[[0.957641,0.273334,-0.0906199],[-0.187153,0.829935,0.52553],[0.218854,-0.486309,0.845935]],"armWidth":63.72,"confidence":0.657917,"direction":[-0.0335262,0.632103,-0.774159],"elbow":[70.601,118.053,295.723],"grabStrength":0,"id":506,"palmNormal":[0.184419,-0.757381,-0.62639],"palmPosition":[3.00919,278.97,22.1144],"palmVelocity":[-52.4196,-2.75411,-78.1705],"palmWidth":90.99,"pinchStrength":0.766547,"r":[[0.769288,-0.167764,0.616483],[0.556327,0.650357,-0.517239],[-0.314161,0.740872,0.593643]],"s":1.21579,"sphereCenter":[17.3596,262.627,-15.4215],"sphereRadius":46.3493,"stabilizedPalmPosition":[7.79836,278.396,26.8038],"t":[17.8393,17.4126,16.7277],"timeVisible":88.4007,"type":"right","wrist":[11.5106,249.357,67.3201]}],"id":1807707,"interactionBox":{"center":[0,200,0],"size":[235.247,235.247,147.751]},"pointables":[{"bases":[[[0.223774,0.866666,0.445887],[-0.85992,-0.0397773,0.508876],[0.458762,-0.4973,0.736363]],[[0.101836,0.963546,0.247403],[-0.962066,0.0321172,0.270919],[0.253097,-0.265608,0.930266]],[[0.101836,0.963546,0.247403],[-0.885568,0.201106,-0.418719],[-0.45321,-0.176452,0.873765]],[[0.101836,0.963546,0.247403],[-0.214042,0.264094,-0.940447],[-0.971502,0.0428162,0.233134]]],"btipPosition":[11.1693,252.618,-21.0795],"carpPosition":[-14.3858,234.345,60.6048],"dipPosition":[-11.5673,253.62,-15.6234],"direction":[0.45321,0.176452,-0.873765],"extended":false,"handId":506,"id":5060,"length":52.1164,"mcpPosition":[-14.3858,234.345,60.6048],"pipPosition":[-27.0198,247.604,14.1682],"stabilizedTipPosition":[11.7763,252.848,-17.9333],"timeVisible":88.4007,"tipPosition":[5.91735,252.752,-20.0569],"tipVelocity":[-40.148,-6.64446,-74.95],"tool":false,"touchDistance":0.261246,"touchZone":"hovering","type":0,"width":20.25},{"bases":[[[0.962702,0.267576,-0.0400975],[-0.211746,0.837358,0.50398],[0.168429,-0.476692,0.862784]],[[0.974989,0.145355,0.168134],[-0.211867,0.83641,0.505501],[-0.0671516,-0.528479,0.846286]],[[0.974989,0.145355,0.168134],[-0.199335,0.906472,0.372256],[-0.0982991,-0.396461,0.912774]],[[0.974989,0.145355,0.168134],[-0.185993,0.947743,0.25921],[-0.12167,-0.283998,0.951074]]],"btipPosition":[-15.4797,329.449,-72.8406],"carpPosition":[-10.4281,257.239,65.3044],"dipPosition":[-17.5585,324.597,-56.5909],"direction":[0.0982991,0.396461,-0.912774],"extended":true,"handId":506,"id":5061,"length":58.8075,"mcpPosition":[-22.8194,292.309,1.82971],"pipPosition":[-19.9344,315.014,-34.5288],"stabilizedTipPosition":[-11.9901,330.081,-63.5665],"timeVisible":88.4007,"tipPosition":[-16.335,327.421,-69.5346],"tipVelocity":[-53.5412,-19.7392,-86.8709],"tool":false,"touchDistance":0.203671,"touchZone":"hovering","type":1,"width":19.3428},{"bases":[[[0.998504,0.0540176,-0.00848844],[-0.0421927,0.859871,0.508765],[0.0347813,-0.507646,0.860863]],[[0.997982,0.0604556,-0.0194126],[-0.0527359,0.618897,-0.7837],[-0.0353646,0.783142,0.620836]],[[0.997982,0.0604556,-0.0194126],[0.0282457,-0.696503,-0.716997],[-0.0568675,0.715002,-0.696805]],[[0.997982,0.0604556,-0.0194126],[0.05589,-0.981469,-0.183288],[-0.0301337,0.181833,-0.982868]]],"btipPosition":[2.30006,236.125,13.465],"carpPosition":[0.838707,262.205,65.1656],"dipPosition":[1.73378,239.542,-5.005],"direction":[0.0568675,-0.715002,0.696805],"extended":false,"handId":506,"id":5062,"length":67.0064,"mcpPosition":[-1.58791,297.622,5.10492],"pipPosition":[0.116678,259.874,-24.8196],"stabilizedTipPosition":[8.08771,230.853,6.8799],"timeVisible":88.4007,"tipPosition":[2.20406,236.535,9.19319],"tipVelocity":[-39.046,-1.80805,-68.1771],"tool":false,"touchDistance":0.333333,"touchZone":"none","type":2,"width":18.9972},{"bases":[[[0.99306,-0.0862509,0.0799587],[0.030384,0.844912,0.534042],[-0.11362,-0.527906,0.841668]],[[0.992927,-0.0868652,0.0809382],[0.117141,0.605601,-0.787099],[0.0193553,0.791013,0.611493]],[[0.992927,-0.0868652,0.0809382],[-0.00437964,-0.708039,-0.70616],[0.118648,0.70081,-0.703411]],[[0.992927,-0.0868652,0.0809382],[-0.0707124,-0.980271,-0.184576],[0.0953746,0.177547,-0.97948]]],"btipPosition":[14.1623,239.05,22.5568],"carpPosition":[12.9787,264.056,64.8137],"dipPosition":[15.9442,242.368,4.25622],"direction":[-0.118648,-0.70081,0.703411],"extended":false,"handId":506,"id":5063,"length":64.4285,"mcpPosition":[20.0958,297.124,12.0916],"pipPosition":[19.231,261.782,-15.2297],"stabilizedTipPosition":[20.5844,228.085,9.70686],"timeVisible":88.4007,"tipPosition":[14.5152,239.411,17.8125],"tipVelocity":[-40.5286,1.31484,-72.2061],"tool":false,"touchDistance":0.333333,"touchZone":"none","type":3,"width":18.077},{"bases":[[[0.954472,-0.285181,0.0874895],[0.174313,0.77123,0.612225],[-0.242069,-0.569101,0.785829]],[[0.969232,-0.244117,0.0315586],[0.190998,0.664988,-0.722019],[0.155271,0.705831,0.691154]],[[0.969232,-0.244117,0.0315586],[-0.130818,-0.619461,-0.774051],[0.208509,0.746107,-0.632336]],[[0.969232,-0.244117,0.0315586],[-0.226338,-0.934262,-0.275545],[0.0967492,0.259924,-0.96077]]],"btipPosition":[28.9088,247.831,21.9499],"carpPosition":[26.1085,258.862,63.0266],"dipPosition":[30.5765,252.311,5.38926],"direction":[-0.208509,-0.746107,0.632336],"extended":false,"handId":506,"id":5064,"length":50.5107,"mcpPosition":[40.1449,291.862,17.4602],"pipPosition":[34.6547,266.904,-6.97848],"stabilizedTipPosition":[33.9518,239.68,13.0979],"timeVisible":88.4007,"tipPosition":[29.388,248.71,17.7562],"tipVelocity":[-44.1052,4.1566,-69.6635],"tool":false,"touchDistance":0.333333,"touchZone":"none","type":4,"width":16.0574}],"r":[[0.769288,-0.167764,0.616483],[0.556327,0.650357,-0.517239],[-0.314161,0.740872,0.593643]],"s":1.21579,"t":[17.8393,17.4126,16.7277],"timestamp":97902874067},false],[3,{"currentFrameRate":105.516,"devices":[],"gestures":[{"center":[-6.72565,326.438,-64.749],"duration":0,"handIds":[506],"id":13,"normal":[-0.0546579,-0.494854,0.867255],"pointableIds":[5061],"progress":0.757485,"radius":7.31905,"state":"start","type":"circle"}],"hands":[{"armBasis":[[0.95703,0.275344,-0.0909865],[-0.189117,0.83047,0.523979],[0.219836,-0.484257,0.846857]],"armWidth":63.72,"confidence":0.632902,"direction":[-0.0347908,0.630008,-0.775809],"elbow":[70.4366,118.717,295.346],"grabStrength":0,"id":506,"palmNormal":[0.186248,-0.758593,-0.624379],"palmPosition":[2.52199,278.943,21.4101],"palmVelocity":[-52.0857,-2.78948,-77.0005],"palmWidth":90.99,"pinchStrength":0.766203,"r":[[0.769118,-0.16472,0.617515],[0.555147,0.650912,-0.517809],[-0.316654,0.741068,0.592072]],"s":1.21563,"sphereCenter":[16.934,262.517,-16.0856],"sphereRadius":46.3436,"stabilizedPalmPosition":[7.69144,278.407,26.6945],"t":[17.3382,17.37,15.9538],"timeVisible":88.4102,"type":"right","wrist":[11.0808,249.466,66.6944]}],"id":1807708,"interactionBox":{"center":[0,200,0],"size":[235.247,235.247,147.751]},"pointables":[{"bases":[[[0.221734,0.868325,0.443672],[-0.859932,-0.040386,0.508809],[0.45973,-0.494348,0.737746]],[[0.0996234,0.964411,0.244921],[-0.962181,0.0306516,0.270679],[0.253539,-0.262625,0.930992]],[[0.0996234,0.964411,0.244921],[-0.885943,0.198026,-0.419392],[-0.452967,-0.175205,0.874142]],[[0.0996234,0.964411,0.244921],[-0.214447,0.261171,-0.941171],[-0.971642,0.0412401,0.232834]]],"btipPosition":[10.7477,252.497,-21.7132],"carpPosition":[-14.7804,234.379,60.0132],"dipPosition":[-11.9922,253.462,-16.2641],"direction":[0.452967,0.175205,-0.874142],"extended":false,"handId":506,"id":5060,"length":52.1164,"mcpPosition":[-14.7804,234.379,60.0132],"pipPosition":[-27.4364,247.489,13.5403],"stabilizedTipPosition":[11.7218,252.847,-17.9553],"timeVisible":88.4102,"tipPosition":[5.49632,252.623,-20.6904],"tipVelocity":[-41.3827,-8.63628,-72.619],"tool":false,"touchDistance":0.250657,"touchZone":"hovering","type":0,"width":20.25},{"bases":[[[0.962106,0.269636,-0.0406051],[-0.213731,0.838189,0.501756],[0.169326,-0.474063,0.864056]],[[0.974622,0.147963,0.167982],[-0.213802,0.837628,0.50266],[-0.0663312,-0.525819,0.848006]],[[0.974622,0.147963,0.167982],[-0.201332,0.907432,0.368827],[-0.0978594,-0.393287,0.914193]],[[0.974622,0.147963,0.167982],[-0.187993,0.948395,0.255354],[-0.12153,-0.280453,0.952143]]],"btipPosition":[-16.041,329.059,-73.7111],"carpPosition":[-10.8752,257.294,64.6539],"dipPosition":[-18.1174,324.267,-57.4432],"direction":[0.0978594,0.393287,-0.914193],"extended":true,"handId":506,"id":5061,"length":58.8075,"mcpPosition":[-23.3324,292.171,1.08562],"pipPosition":[-20.4827,314.761,-35.3468],"stabilizedTipPosition":[-12.1093,330.025,-63.735],"timeVisible":88.4102,"tipPosition":[-16.8888,327.105,-70.3702],"tipVelocity":[-55.1094,-25.4373,-88.1004],"tool":false,"touchDistance":0.189232,"touchZone":"hovering","type":1,"width":19.3428},{"bases":[[[0.998382,0.0562411,-0.00843279],[-0.0442292,0.861096,0.506516],[0.0357484,-0.505323,0.86219]],[[0.997846,0.0626705,-0.0194099],[-0.0540005,0.616527,-0.78548],[-0.0372597,0.784835,0.618583]],[[0.997846,0.0626705,-0.0194099],[0.029982,-0.698742,-0.714746],[-0.058356,0.712624,-0.699115]],[[0.997846,0.0626705,-0.0194099],[0.0581686,-0.981934,-0.180064],[-0.0303439,0.178547,-0.983463]]],"btipPosition":[1.91198,236.091,12.8968],"carpPosition":[0.380487,262.285,64.5044],"dipPosition":[1.34176,239.446,-5.58447],"direction":[0.058356,-0.712624,0.699115],"extended":false,"handId":506,"id":5062,"length":67.0064,"mcpPosition":[-2.11361,297.54,4.35116],"pipPosition":[-0.317676,259.711,-25.4648],"stabilizedTipPosition":[8.04851,230.89,6.89088],"timeVisible":88.4102,"tipPosition":[1.81467,236.49,8.6144],"tipVelocity":[-39.5861,-2.75601,-65.8425],"tool":false,"touchDistance":0.333333,"touchZone":"none","type":2,"width":18.9972},{"bases":[[[0.993235,-0.0838085,0.0803783],[0.0283758,0.846366,0.531845],[-0.112603,-0.525967,0.843018]],[[0.993111,-0.0843825,0.0812983],[0.115873,0.604117,-0.788427],[0.0174158,0.792416,0.609733]],[[0.993111,-0.0843825,0.0812983],[-0.00264593,-0.709796,-0.704402],[0.117144,0.699335,-0.70513]],[[0.993111,-0.0843825,0.0812983],[-0.0684559,-0.980929,-0.18191],[0.0950979,0.175091,-0.979949]]],"btipPosition":[13.7697,239.059,21.9436],"carpPosition":[12.5163,264.162,64.15],"dipPosition":[15.5465,242.331,3.63426],"direction":[-0.117144,-0.699335,0.70513],"extended":false,"handId":506,"id":5063,"length":64.4285,"mcpPosition":[19.5698,297.109,11.3434],"pipPosition":[18.7916,261.704,-15.8993],"stabilizedTipPosition":[20.5492,228.149,9.75098],"timeVisible":88.4102,"tipPosition":[14.1217,239.412,17.2147],"tipVelocity":[-40.7865,0.889029,-70.0552],"tool":false,"touchDistance":0.333333,"touchZone":"none","type":3,"width":18.077},{"bases":[[[0.955093,-0.282805,0.0884197],[0.172454,0.773212,0.610248],[-0.240948,-0.567596,0.787261]],[[0.969644,-0.242287,0.0329703],[0.19063,0.664597,-0.722475],[0.153134,0.706829,0.69061]],[[0.969644,-0.242287,0.0329703],[-0.128817,-0.620768,-0.773339],[0.207837,0.745616,-0.633135]],[[0.969644,-0.242287,0.0329703],[-0.22439,-0.935268,-0.273722],[0.0971553,0.258015,-0.961244]]],"btipPosition":[28.4752,247.882,21.2623],"carpPosition":[25.6582,258.993,62.379],"dipPosition":[30.1498,252.329,4.6935],"direction":[-0.207837,-0.745616,0.633135],"extended":false,"handId":506,"id":5064,"length":50.5107,"mcpPosition":[39.6296,291.906,16.7296],"pipPosition":[34.2149,266.913,-7.68987],"stabilizedTipPosition":[33.9099,239.756,13.1337],"timeVisible":88.4102,"tipPosition":[28.9581,248.751,17.1084],"tipVelocity":[-44.4934,4.28143,-70.49],"tool":false,"touchDistance":0.333333,"touchZone":"none","type":4,"width":16.0574}],"r":[[0.769118,-0.16472,0.617515],[0.555147,0.650912,-0.517809],[-0.316654,0.741068,0.592072]],"s":1.21563,"t":[17.3382,17.37,15.9538],"timestamp":97902883572},false],[4,{"currentFrameRate":105.556,"devices":[],"gestures":[{"center":[-6.72565,326.438,-64.749],"duration":0,"handIds":[506],"id":13,"normal":[-0.0546579,-0.494854,0.867255],"pointableIds":[5061],"progress":0.757485,"radius":7.31905,"state":"start","type":"circle"}],"hands":[{"armBasis":[[0.955865,0.279966,-0.089115],[-0.194144,0.829526,0.523635],[0.220523,-0.483223,0.847269]],"armWidth":63.72,"confidence":0.592597,"direction":[-0.0366218,0.627932,-0.777406],"elbow":[70.1925,119.227,294.702],"grabStrength":0,"id":506,"palmNormal":[0.191118,-0.759168,-0.622204],"palmPosition":[2.02222,279.02,20.5687],"palmVelocity":[-52.3936,0.354331,-80.5639],"palmWidth":90.99,"pinchStrength":0.76574,"r":[[0.768927,-0.161211,0.618677],[0.553725,0.651655,-0.518397],[-0.319593,0.741186,0.590342]],"s":1.21519,"sphereCenter":[16.5434,262.56,-16.8704],"sphereRadius":46.3138,"stabilizedPalmPosition":[7.5983,278.417,26.5939],"t":[16.8377,17.3875,15.1461],"timeVisible":88.4196,"type":"right","wrist":[10.6512,249.698,65.9394]}],"id":1807709,"interactionBox":{"center":[0,200,0],"size":[235.247,235.247,147.751]},"pointables":[{"bases":[[[0.216618,0.870506,0.441923],[-0.860588,-0.0434608,0.507445],[0.46094,-0.490235,0.739733]],[[0.0943717,0.965491,0.242738],[-0.962776,0.0264756,0.269001],[0.253292,-0.259088,0.93205]],[[0.0943717,0.965491,0.242738],[-0.886216,0.192558,-0.421357],[-0.453558,-0.175354,0.873806]],[[0.0943717,0.965491,0.242738],[-0.214145,0.257806,-0.942167],[-0.972232,0.0369328,0.231084]]],"btipPosition":[10.4518,252.512,-22.4756],"carpPosition":[-15.1225,234.465,59.2512],"dipPosition":[-12.3019,253.377,-17.0674],"direction":[0.453558,0.175354,-0.873806],"extended":false,"handId":506,"id":5060,"length":52.1164,"mcpPosition":[-15.1225,234.465,59.2512],"pipPosition":[-27.7662,247.398,12.7255],"stabilizedTipPosition":[11.6775,252.846,-17.9776],"timeVisible":88.4196,"tipPosition":[5.19926,252.614,-21.4604],"tipVelocity":[-38.6558,-6.42832,-75.3202],"tool":false,"touchDistance":0.237794,"touchZone":"hovering","type":0,"width":20.25},{"bases":[[[0.96081,0.274361,-0.0396298],[-0.21879,0.838326,0.49934],[0.170222,-0.4711,0.865499]],[[0.97358,0.153263,0.169272],[-0.218812,0.838151,0.499625],[-0.0653013,-0.523463,0.849542]],[[0.97358,0.153263,0.169272],[-0.206391,0.907787,0.365137],[-0.0977008,-0.390426,0.915435]],[[0.97358,0.153263,0.169272],[-0.192989,0.948503,0.25119],[-0.122057,-0.277221,0.953022]]],"btipPosition":[-16.611,328.731,-74.7397],"carpPosition":[-11.3402,257.41,63.8425],"dipPosition":[-18.6964,323.995,-58.4568],"direction":[0.0977008,0.390426,-0.915435],"extended":true,"handId":506,"id":5061,"length":58.8075,"mcpPosition":[-23.8634,292.069,0.168031],"pipPosition":[-21.0579,314.558,-36.3303],"stabilizedTipPosition":[-12.2177,329.973,-63.8929],"timeVisible":88.4196,"tipPosition":[-17.4504,326.85,-71.3653],"tipVelocity":[-56.7481,-27.7324,-94.0709],"tool":false,"touchDistance":0.172146,"touchZone":"hovering","type":1,"width":19.3428},{"bases":[[[0.9981,0.0612301,-0.00687406],[-0.0494132,0.862095,0.504332],[0.0368064,-0.503034,0.863482]],[[0.997549,0.0676406,-0.017886],[-0.055753,0.614051,-0.787295],[-0.0422701,0.786362,0.616318]],[[0.997549,0.0676406,-0.017886],[0.0347404,-0.700761,-0.71255],[-0.0607311,0.710182,-0.701394]],[[0.997549,0.0676406,-0.017886],[0.0634246,-0.982169,-0.176976],[-0.0295379,0.175408,-0.984053]]],"btipPosition":[1.64212,236.158,12.1872],"carpPosition":[-0.109463,262.457,63.6999],"dipPosition":[1.08704,239.454,-6.30516],"direction":[0.0607311,-0.710182,0.701394],"extended":false,"handId":506,"id":5062,"length":67.0064,"mcpPosition":[-2.67737,297.552,3.45648],"pipPosition":[-0.639933,259.649,-26.2503],"stabilizedTipPosition":[8.01634,230.92,6.89601],"timeVisible":88.4196,"tipPosition":[1.54913,236.549,7.89317],"tipVelocity":[-36.382,-0.345646,-68.6682],"tool":false,"touchDistance":0.333333,"touchZone":"none","type":2,"width":18.9972},{"bases":[[[0.993504,-0.0786267,0.0822704],[0.0232213,0.847792,0.529821],[-0.111406,-0.524469,0.84411]],[[0.993389,-0.0791638,0.083135],[0.114129,0.603049,-0.789497],[0.0123651,0.793766,0.608097]],[[0.993389,-0.0791638,0.083135],[0.0021171,-0.711435,-0.702749],[0.114777,0.698279,-0.706564]],[[0.993389,-0.0791638,0.083135],[-0.0632114,-0.981723,-0.179509],[0.0958262,0.173067,-0.980237]]],"btipPosition":[13.4735,239.204,21.205],"carpPosition":[12.0174,264.394,63.3616],"dipPosition":[15.2639,242.438,2.89022],"direction":[-0.114777,-0.698279,0.706564],"extended":false,"handId":506,"id":5063,"length":64.4285,"mcpPosition":[18.9959,297.247,10.4865],"pipPosition":[18.4434,261.782,-16.683],"stabilizedTipPosition":[20.5199,228.201,9.78279],"timeVisible":88.4196,"tipPosition":[13.8308,239.551,16.4909],"tipVelocity":[-38.0508,4.76599,-72.521],"tool":false,"touchDistance":0.333333,"touchZone":"none","type":3,"width":18.077},{"bases":[[[0.956347,-0.277791,0.0907337],[0.16753,0.775553,0.608647],[-0.239446,-0.566877,0.788236]],[[0.969808,-0.240623,0.0396683],[0.194605,0.665551,-0.720535],[0.146976,0.7065,0.692283]],[[0.969808,-0.240623,0.0396683],[-0.122423,-0.62104,-0.774159],[0.210916,0.745929,-0.631747]],[[0.969808,-0.240623,0.0396683],[-0.22111,-0.9362,-0.273205],[0.102877,0.256185,-0.961138]]],"btipPosition":[27.9768,248.171,20.3641],"carpPosition":[25.188,259.287,61.6256],"dipPosition":[29.7501,252.587,3.79718],"direction":[-0.210916,-0.745929,0.631747],"extended":false,"handId":506,"id":5064,"length":50.5107,"mcpPosition":[39.0723,292.158,15.9195],"pipPosition":[33.8753,267.176,-8.55904],"stabilizedTipPosition":[33.8722,239.82,13.157],"timeVisible":88.4196,"tipPosition":[28.5285,249.015,16.2986],"tipVelocity":[-46.2348,11.6056,-77.6152],"tool":false,"touchDistance":0.333333,"touchZone":"none","type":4,"width":16.0574}],"r":[[0.768927,-0.161211,0.618677],[0.553725,0.651655,-0.518397],[-0.319593,0.741186,0.590342]],"s":1.21519,"t":[16.8377,17.3875,15.1461],"timestamp":97902892972},false],[5,{"currentFrameRate":105.608,"devices":[],"gestures":[{"center":[-6.72565,326.438,-64.749],"duration":0,"handIds":[506],"id":13,"normal":[-0.0546579,-0.494854,0.867255],"pointableIds":[5061],"progress":0.757485,"radius":7.31905,"state":"start","type":"circle"}],"hands":[{"armBasis":[[0.954947,0.28419,-0.0855149],[-0.199162,0.827294,0.52528],[0.220025,-0.484583,0.846622]],"armWidth":63.72,"confidence":0.593854,"direction":[-0.037118,0.623722,-0.780764],"elbow":[69.4078,119.177,294.039],"grabStrength":0,"id":506,"palmNormal":[0.196221,-0.761544,-0.617696],"palmPosition":[1.37508,279.063,19.9041],"palmVelocity":[-57.1247,1.55868,-77.8189],"palmWidth":90.99,"pinchStrength":0.765309,"r":[[0.768548,-0.157086,0.620208],[0.552314,0.652189,-0.519229],[-0.322929,0.741602,0.587999]],"s":1.2145,"sphereCenter":[16.0494,262.435,-17.4229],"sphereRadius":46.2866,"stabilizedPalmPosition":[7.51039,278.427,26.4994],"t":[16.2639,17.4177,14.41],"timeVisible":88.4289,"type":"right","wrist":[10.001,250.015,65.4513]}],"id":1807710,"interactionBox":{"center":[0,200,0],"size":[235.247,235.247,147.751]},"pointables":[{"bases":[[[0.211544,0.873728,0.438006],[-0.86185,-0.0445919,0.5052],[0.460938,-0.484367,0.743589]],[[0.0894646,0.967139,0.237988],[-0.963645,0.0236518,0.266137],[0.251763,-0.253146,0.934095]],[[0.0894646,0.967139,0.237988],[-0.885839,0.186492,-0.424865],[-0.455286,-0.172809,0.873414]],[[0.0894646,0.967139,0.237988],[-0.212551,0.251981,-0.944101],[-0.973046,0.0338789,0.22811]]],"btipPosition":[10.042,252.37,-22.9772],"carpPosition":[-15.6866,234.634,58.7687],"dipPosition":[-12.7308,253.163,-17.6386],"direction":[0.455286,0.172809,-0.873414],"extended":false,"handId":506,"id":5060,"length":52.1164,"mcpPosition":[-15.6866,234.634,58.7687],"pipPosition":[-28.254,247.271,12.141],"stabilizedTipPosition":[11.6387,252.844,-17.9989],"timeVisible":88.4289,"tipPosition":[4.78717,252.455,-21.9761],"tipVelocity":[-40.2294,-9.40907,-69.6095],"tool":false,"touchDistance":0.229167,"touchZone":"hovering","type":0,"width":20.25},{"bases":[[[0.959714,0.278353,-0.0383078],[-0.223883,0.839941,0.494343],[0.169779,-0.465852,0.868422]],[[0.972426,0.158531,0.17104],[-0.223802,0.840582,0.493289],[-0.0655715,-0.517967,0.852884]],[[0.972426,0.158531,0.17104],[-0.211196,0.909693,0.357567],[-0.0989083,-0.383831,0.918091]],[[0.972426,0.158531,0.17104],[-0.197533,0.949766,0.242746],[-0.123965,-0.269839,0.954892]]],"btipPosition":[-17.1825,328.033,-75.7856],"carpPosition":[-12.0177,257.62,63.2513],"dipPosition":[-19.3005,323.423,-59.4707],"direction":[0.0989083,0.383831,-0.918091],"extended":true,"handId":506,"id":5061,"length":58.8075,"mcpPosition":[-24.5082,291.892,-0.638139],"pipPosition":[-21.6911,314.146,-37.2801],"stabilizedTipPosition":[-12.3203,329.917,-64.0462],"timeVisible":88.4289,"tipPosition":[-18.0115,326.281,-72.3529],"tipVelocity":[-58.1751,-40.1376,-98.8251],"tool":false,"touchDistance":0.154837,"touchZone":"hovering","type":1,"width":19.3428},{"bases":[[[0.997839,0.0655607,-0.00433708],[-0.0546265,0.864476,0.499696],[0.0365097,-0.49838,0.86619]],[[0.997291,0.0719213,-0.0154008],[-0.0561637,0.609445,-0.790837],[-0.047492,0.78956,0.611833]],[[0.997291,0.0719213,-0.0154008],[0.039881,-0.704697,-0.708387],[-0.061801,0.705854,-0.705657]],[[0.997291,0.0719213,-0.0154008],[0.0682393,-0.982881,-0.171136],[-0.0274455,0.169622,-0.985127]]],"btipPosition":[1.20637,236.169,11.7706],"carpPosition":[-0.80871,262.715,63.1147],"dipPosition":[0.690613,239.357,-6.74194],"direction":[0.061801,-0.705854,0.705657],"extended":false,"handId":506,"id":5062,"length":67.0064,"mcpPosition":[-3.35592,297.486,2.68233],"pipPosition":[-1.06678,259.429,-26.8083],"stabilizedTipPosition":[7.98732,230.945,6.8986],"timeVisible":88.4289,"tipPosition":[1.12313,236.54,7.46485],"tipVelocity":[-38.9801,-0.673993,-61.9257],"tool":false,"touchDistance":0.333333,"touchZone":"none","type":2,"width":18.9972},{"bases":[[[0.993596,-0.0738503,0.0855204],[0.0179959,0.850624,0.525467],[-0.111552,-0.520563,0.846505]],[[0.993497,-0.074307,0.086263],[0.113637,0.600371,-0.791607],[0.00703215,0.796262,0.604911]],[[0.993497,-0.074307,0.086263],[0.00730579,-0.714492,-0.699605],[0.11362,0.695686,-0.709303]],[[0.993497,-0.074307,0.086263],[-0.0583355,-0.982875,-0.174794],[0.0977742,0.168625,-0.980819]]],"btipPosition":[13.0096,239.312,20.7234],"carpPosition":[11.3105,264.703,62.8009],"dipPosition":[14.8364,242.463,2.39781],"direction":[-0.11362,-0.695686,0.709303],"extended":false,"handId":506,"id":5063,"length":64.4285,"mcpPosition":[18.2981,297.311,9.77586],"pipPosition":[17.9839,261.735,-17.2513],"stabilizedTipPosition":[20.4932,228.246,9.80813],"timeVisible":88.4289,"tipPosition":[13.3759,239.647,16.0479],"tipVelocity":[-41.0466,6.10301,-66.5881],"tool":false,"touchDistance":0.333333,"touchZone":"none","type":3,"width":18.077},{"bases":[[[0.957284,-0.273129,0.0949135],[0.162391,0.779427,0.60508],[-0.239243,-0.56382,0.790487]],[[0.969893,-0.238874,0.0474042],[0.198665,0.663488,-0.721329],[0.140855,0.709029,0.690969]],[[0.969893,-0.238874,0.0474042],[-0.115952,-0.624132,-0.772667],[0.214157,0.743907,-0.633039]],[[0.969893,-0.238874,0.0474042],[-0.217791,-0.937886,-0.270067],[0.108972,0.251612,-0.961674]]],"btipPosition":[27.3333,248.381,19.8182],"carpPosition":[24.5082,259.645,61.1292],"dipPosition":[29.2116,252.718,3.24206],"direction":[-0.214157,-0.743907,0.633039],"extended":false,"handId":506,"id":5064,"length":50.5107,"mcpPosition":[38.3808,292.339,15.2927],"pipPosition":[33.4003,267.268,-9.13943],"stabilizedTipPosition":[33.8346,239.879,13.1746],"timeVisible":88.4289,"tipPosition":[27.9456,249.198,15.8092],"tipVelocity":[-51.8733,14.1151,-72.1736],"tool":false,"touchDistance":0.333333,"touchZone":"none","type":4,"width":16.0574}],"r":[[0.768548,-0.157086,0.620208],[0.552314,0.652189,-0.519229],[-0.322929,0.741602,0.587999]],"s":1.2145,"t":[16.2639,17.4177,14.41],"timestamp":97902902345},false],[6,{"currentFrameRate":105.533,"devices":[],"gestures":[{"center":[-6.72565,326.438,-64.749],"duration":0,"handIds":[506],"id":13,"normal":[-0.0546579,-0.494854,0.867255],"pointableIds":[5061],"progress":0.757485,"radius":7.31905,"state":"start","type":"circle"}],"hands":[{"armBasis":[[0.952975,0.291999,-0.0810889],[-0.209715,0.828586,0.5191],[0.218766,-0.477684,0.850858]],"armWidth":63.72,"confidence":0.60264,"direction":[-0.0394899,0.630205,-0.775424],"elbow":[68.5805,120.729,294.107],"grabStrength":0,"id":506,"palmNormal":[0.206359,-0.754156,-0.623429],"palmPosition":[0.820099,279.069,19.0448],"palmVelocity":[-57.2995,1.28677,-81.1759],"palmWidth":90.99,"pinchStrength":0.761278,"r":[[0.767946,-0.153409,0.621871],[0.55042,0.654577,-0.518234],[-0.327561,0.740266,0.58712]],"s":1.21393,"sphereCenter":[15.8135,262.905,-18.3541],"sphereRadius":46.2761,"stabilizedPalmPosition":[7.42718,278.435,26.4067],"t":[15.6995,17.4359,13.6123],"timeVisible":88.4386,"type":"right","wrist":[9.51369,249.703,64.3752]}],"id":1807711,"interactionBox":{"center":[0,200,0],"size":[235.247,235.247,147.751]},"pointables":[{"bases":[[[0.201137,0.871808,0.446649],[-0.863705,-0.0572701,0.500733],[0.462122,-0.486489,0.741466]],[[0.0790971,0.965809,0.246895],[-0.965037,0.0120995,0.261835],[0.249895,-0.258973,0.932998]],[[0.0790971,0.965809,0.246895],[-0.885625,0.181776,-0.427347],[-0.457615,-0.184855,0.869722]],[[0.0790971,0.965809,0.246895],[-0.210599,0.258271,-0.942839],[-0.974367,0.02258,0.223826]]],"btipPosition":[9.93794,252.84,-24.0278],"carpPosition":[-15.9943,234.138,57.4372],"dipPosition":[-12.8658,253.369,-18.7895],"direction":[0.457615,0.184855,-0.869722],"extended":false,"handId":506,"id":5060,"length":52.1164,"mcpPosition":[-15.9943,234.138,57.4372],"pipPosition":[-28.4684,247.066,10.8642],"stabilizedTipPosition":[11.6085,252.845,-18.0199],"timeVisible":88.4386,"tipPosition":[4.67901,252.866,-23.0492],"tipVelocity":[-31.9076,5.67836,-81.8224],"tool":false,"touchDistance":0.211272,"touchZone":"hovering","type":0,"width":20.25},{"bases":[[[0.957169,0.287826,-0.031352],[-0.234201,0.833372,0.500641],[0.170225,-0.471855,0.865087]],[[0.970066,0.166318,0.176945],[-0.23408,0.834358,0.499052],[-0.0646348,-0.525533,0.848314]],[[0.970066,0.166318,0.176945],[-0.221503,0.904674,0.364006],[-0.0995374,-0.392304,0.914434]],[[0.970066,0.166318,0.176945],[-0.207694,0.945802,0.249643],[-0.125835,-0.27892,0.952034]]],"btipPosition":[-17.7572,328.657,-76.3194],"carpPosition":[-12.5665,257.117,62.1387],"dipPosition":[-19.9072,323.892,-60.0533],"direction":[0.0995374,0.392304,-0.914434],"extended":true,"handId":506,"id":5061,"length":58.8075,"mcpPosition":[-25.0899,291.832,-1.50545],"pipPosition":[-22.313,314.41,-37.9511],"stabilizedTipPosition":[-12.4182,329.878,-64.187],"timeVisible":88.4386,"tipPosition":[-18.5767,326.909,-72.8861],"tipVelocity":[-58.8633,-10.7158,-86.5933],"tool":false,"touchDistance":0.145753,"touchZone":"hovering","type":1,"width":19.3428},{"bases":[[[0.997174,0.0751153,0.000928057],[-0.0652143,0.859473,0.507004],[0.0372861,-0.505632,0.861943]],[[0.996611,0.08163,-0.0101883],[-0.0582881,0.613322,-0.787679],[-0.0580496,0.785604,0.616001]],[[0.996611,0.08163,-0.0101883],[0.0500362,-0.699821,-0.712564],[-0.0652966,0.709639,-0.701533]],[[0.996611,0.08163,-0.0101883],[0.0785137,-0.980826,-0.17837],[-0.0245533,0.176965,-0.983911]]],"btipPosition":[1.10851,236.225,10.7106],"carpPosition":[-1.40633,262.32,62.0994],"dipPosition":[0.647109,239.551,-7.77907],"direction":[0.0652966,-0.709639,0.701533],"extended":false,"handId":506,"id":5062,"length":67.0064,"mcpPosition":[-4.0077,297.597,1.96336],"pipPosition":[-1.20969,259.73,-27.7281],"stabilizedTipPosition":[7.96467,230.965,6.89717],"timeVisible":88.4386,"tipPosition":[1.03598,236.663,6.34468],"tipVelocity":[-30.2416,2.1797,-75.7965],"tool":false,"touchDistance":0.333333,"touchZone":"none","type":2,"width":18.9972},{"bases":[[[0.993853,-0.0651173,0.0895372],[0.00741776,0.846087,0.532994],[-0.110463,-0.529053,0.841369]],[[0.993771,-0.065508,0.0901585],[0.111389,0.609263,-0.785106],[-0.00349952,0.790258,0.612764]],[[0.993771,-0.065508,0.0901585],[0.0174351,-0.70765,-0.706348],[0.110072,0.70352,-0.7021]],[[0.993771,-0.065508,0.0901585],[-0.0480338,-0.981772,-0.183891],[0.100561,0.178415,-0.978803]]],"btipPosition":[12.8423,239.436,19.5162],"carpPosition":[10.6946,264.427,61.8601],"dipPosition":[14.7212,242.769,1.22827],"d