{"sensorType":"Leap","data":[[0,{"currentFrameRate":105.506,"devices":[],"gestures":[],"hands":[{"armBasis":[[0.962148,0.143009,-0.23199],[0.013553,0.825094,0.564833],[0.27219,-0.546597,0.791924]],"armWidth":63.72,"confidence":0.750214,"direction":[0.0361548,0.219071,-0.975039],"elbow":[61.0563,121.261,296.792],"grabStrength":0,"id":506,"palmNormal":[-0.0289613,-0.975037,-0.220145],"palmPosition":[-18.2223,276.736,29.1492],"palmVelocity":[30.8026,149.339,-209.676],"palmWidth":90.99,"pinchStrength":0.721781,"r":[[0.770108,-0.0259366,0.637385],[0.626348,0.220136,-0.747815],[-0.120916,0.975124,0.185774]],"s":1.30978,"sphereCenter":[-44.5381,259.189,0.378929],"sphereRadius":52.7122,"stabilizedPalmPosition":[-13.3398,259.962,0.919755],"t":[-4.17076,13.592,25.0585],"timeVisible":93.2401,"type":"right","wrist":[-12.435,268.842,82.9726]}],"id":1808209,"interactionBox":{"center":[0,200,0],"size":[235.247,235.247,147.751]},"pointables":[{"bases":[[[0.434924,0.900282,0.0182741],[-0.805088,0.379686,0.45571],[0.403329,-0.212912,0.889941]],[[0.377812,0.920522,-0.099488],[-0.915805,0.355726,-0.186441],[-0.136232,0.161551,0.977416]],[[0.377812,0.920522,-0.099488],[-0.784981,0.261481,-0.561634],[-0.490982,0.290288,0.821383]],[[0.377812,0.920522,-0.099488],[-0.291756,0.0163853,-0.956353],[-0.878713,0.390347,0.274758]]],"btipPosition":[2.75683,231.497,-0.118604],"carpPosition":[-41.3489,258.594,83.1075],"dipPosition":[-17.8082,240.632,6.31172],"direction":[0.490982,-0.290288,-0.821383],"extended":false,"handId":506,"id":5060,"length":52.1164,"mcpPosition":[-41.3489,258.594,83.1075],"pipPosition":[-34.5486,250.53,34.3173],"stabilizedTipPosition":[4.7681,216.335,-18.499],"timeVisible":93.2401,"tipPosition":[-1.52717,233.523,2.12625],"tipVelocity":[4.958,141.958,-219.215],"tool":false,"touchDistance":-0.0865513,"touchZone":"hovering","type":0,"width":20.25},{"bases":[[[0.990816,0.0010987,-0.135214],[0.00904803,0.997187,0.0744048],[0.134915,-0.0749449,0.988019]],[[0.999821,-0.0102597,0.0159185],[0.00097809,0.867397,0.497615],[-0.0189131,-0.497511,0.867252]],[[0.999821,-0.0102597,0.0159185],[0.00484223,0.951096,0.308859],[-0.0183088,-0.308726,0.950975]],[[0.999821,-0.0102597,0.0159185],[0.00820622,0.992237,0.124087],[-0.0170681,-0.123935,0.992144]]],"btipPosition":[-40.718,316.179,-72.6723],"carpPosition":[-32.3391,279.711,77.2119],"dipPosition":[-41.0096,314.061,-55.7209],"direction":[0.0183088,0.308726,-0.950975],"extended":true,"handId":506,"id":5061,"length":58.8075,"mcpPosition":[-42.2647,285.225,4.52371],"pipPosition":[-41.4522,306.599,-32.7355],"stabilizedTipPosition":[-35.3183,300.639,-85.8367],"timeVisible":93.2401,"tipPosition":[-40.3854,315.849,-68.6922],"tipVelocity":[48.1353,157.498,-210.631],"tool":false,"touchDistance":0.00948006,"touchZone":"hovering","type":1,"width":19.3428},{"bases":[[[0.983777,-0.179049,-0.0111753],[0.179387,0.981129,0.0721479],[-0.00195362,-0.0729821,0.997331]],[[0.983713,-0.179736,-0.00166976],[0.048728,0.275612,-0.960033],[0.173013,0.944316,0.279881]],[[0.983713,-0.179736,-0.00166976],[-0.157625,-0.858155,-0.488595],[0.0863854,0.480901,-0.872509]],[[0.983713,-0.179736,-0.00166976],[-0.178867,-0.979787,0.0895818],[-0.0177371,-0.0878242,-0.995978]]],"btipPosition":[-30.6604,229.017,35.5647],"carpPosition":[-20.3342,281.467,75.1095],"dipPosition":[-30.9937,227.367,16.8483],"direction":[-0.0863854,-0.480901,0.872509],"extended":false,"handId":506,"id":5062,"length":67.0064,"mcpPosition":[-20.1979,286.558,5.52768],"pipPosition":[-28.5372,241.042,-7.9627],"stabilizedTipPosition":[-22.4778,212.412,-2.19567],"timeVisible":93.2401,"tipPosition":[-30.6486,229.141,32.3079],"tipVelocity":[7.78172,143.041,-239.705],"tool":false,"touchDistance":0.333333,"touchZone":"none","type":2,"width":18.9972},{"bases":[[[0.956426,-0.261286,0.130305],[0.249061,0.963004,0.102921],[-0.152376,-0.0659824,0.986118]],[[0.95782,-0.260653,0.121002],[0.195435,0.282136,-0.939257],[0.210681,0.923287,0.321176]],[[0.95782,-0.260653,0.121002],[-0.160853,-0.835213,-0.525877],[0.238133,0.484231,-0.84191]],[[0.95782,-0.260653,0.121002],[-0.26766,-0.962437,0.0455238],[0.104591,-0.0759909,-0.991608]]],"btipPosition":[-16.5638,231.108,39.949],"carpPosition":[-8.14462,280.221,74.2196],"dipPosition":[-14.6097,229.688,21.4218],"direction":[-0.238133,-0.484231,0.84191],"extended":false,"handId":506,"id":5063,"length":64.4285,"mcpPosition":[1.40024,284.354,12.4492],"pipPosition":[-8.0129,243.102,-1.90079],"stabilizedTipPosition":[-7.60281,214.841,-0.160993],"timeVisible":93.2401,"tipPosition":[-16.0066,231.298,36.8491],"tipVelocity":[7.71601,134.295,-246.577],"tool":false,"touchDistance":0.333333,"touchZone":"none","type":3,"width":18.077},{"bases":[[[0.877974,-0.422667,0.224753],[0.380341,0.901003,0.20865],[-0.290692,-0.097706,0.951815]],[[0.89191,-0.417011,0.174925],[0.302917,0.26373,-0.915799],[0.335765,0.869798,0.361543]],[[0.89191,-0.417011,0.174925],[-0.258788,-0.787898,-0.558789],[0.370844,0.453121,-0.810652]],[[0.89191,-0.417011,0.174925],[-0.42016,-0.90722,-0.020443],[0.167221,-0.0552632,-0.984369]]],"btipPosition":[-1.72696,238.991,40.0465],"carpPosition":[3.42519,271.991,75.1988],"dipPosition":[1.15539,238.038,23.0792],"direction":[-0.370844,-0.453121,0.810652],"extended":false,"handId":506,"id":5064,"length":50.5107,"mcpPosition":[20.281,277.656,20.0077],"pipPosition":[8.40866,246.901,7.22379],"stabilizedTipPosition":[5.25312,222.793,2.83438],"timeVisible":93.2401,"tipPosition":[-1.13455,239.104,36.7363],"tipVelocity":[15.8972,136.191,-222.469],"tool":false,"touchDistance":0.333333,"touchZone":"none","type":4,"width":16.0574}],"r":[[0.770108,-0.0259366,0.637385],[0.626348,0.220136,-0.747815],[-0.120916,0.975124,0.185774]],"s":1.30978,"t":[-4.17076,13.592,25.0585],"timestamp":97907713471},false],[1,{"currentFrameRate":105.518,"devices":[],"gestures":[],"hands":[{"armBasis":[[0.964246,0.128853,-0.231575],[0.0232591,0.829316,0.558296],[0.263986,-0.54372,0.796668]],"armWidth":63.72,"confidence":0.729815,"direction":[0.0361024,0.212382,-0.976519],"elbow":[59.0132,123.711,295.854],"grabStrength":0,"id":506,"palmNormal":[-0.0393148,-0.976098,-0.213744],"palmPosition":[-18.0954,278.119,26.893],"palmVelocity":[25.8272,148.461,-217.955],"palmWidth":90.99,"pinchStrength":0.72378,"r":[[0.769939,-0.0281351,0.637497],[0.627226,0.217166,-0.747948],[-0.117399,0.975729,0.184852]],"s":1.30847,"sphereCenter":[-44.7828,260.699,-1.72677],"sphereRadius":52.7375,"stabilizedPalmPosition":[-13.3398,259.962,0.919755],"t":[-3.97555,15.0479,22.8607],"timeVisible":93.2495,"type":"right","wrist":[-12.2632,270.516,80.7534]}],"id":1808210,"interactionBox":{"center":[0,200,0],"size":[235.247,235.247,147.751]},"pointables":[{"bases":[[[0.444033,0.895937,0.0114484],[-0.800154,0.390747,0.45505],[0.403223,-0.211217,0.890392]],[[0.385681,0.916222,-0.108575],[-0.913478,0.362664,-0.184481],[-0.129649,0.170332,0.97682]],[[0.385681,0.916222,-0.108575],[-0.786845,0.265181,-0.557274],[-0.481794,0.300361,0.8232]],[[0.385681,0.916222,-0.108575],[-0.304918,0.0155097,-0.952252],[-0.87079,0.400372,0.285355]]],"btipPosition":[1.99972,232.448,-2.48633],"carpPosition":[-41.2787,260.561,81.02],"dipPosition":[-18.3799,241.818,4.192],"direction":[0.481794,-0.300361,-0.8232],"extended":false,"handId":506,"id":5060,"length":52.1164,"mcpPosition":[-41.2787,260.561,81.02],"pipPosition":[-34.807,252.059,32.2595],"stabilizedTipPosition":[4.61111,216.72,-18.1295],"timeVisible":93.2495,"tipPosition":[-2.16591,234.55,-0.147191],"tipVelocity":[-18.0921,131.743,-226.414],"tool":false,"touchDistance":-0.125063,"touchZone":"hovering","type":0,"width":20.25},{"bases":[[[0.99046,-0.00979436,-0.137451],[0.0192881,0.997505,0.0679089],[0.136443,-0.0699122,0.988178]],[[0.999698,-0.0202764,0.0138934],[0.0108203,0.87056,0.491944],[-0.0220699,-0.491645,0.870516]],[[0.999698,-0.0202764,0.0138934],[0.0151116,0.952808,0.303197],[-0.0193855,-0.302896,0.952827]],[[0.999698,-0.0202764,0.0138934],[0.0184857,0.992756,0.118714],[-0.0161998,-0.118421,0.992831]]],"btipPosition":[-40.4144,317.158,-75.1255],"carpPosition":[-32.0698,281.548,74.9671],"dipPosition":[-40.6912,315.135,-58.1624],"direction":[0.0193855,0.302896,-0.952826],"extended":true,"handId":506,"id":5061,"length":58.8075,"mcpPosition":[-42.1079,286.691,2.26724],"pipPosition":[-41.1598,307.814,-35.1322],"stabilizedTipPosition":[-35.3183,300.639,-85.8367],"timeVisible":93.2495,"tipPosition":[-40.0913,316.833,-71.1485],"tipVelocity":[43.6501,142.711,-224.521],"tool":false,"touchDistance":-0.081362,"touchZone":"hovering","type":1,"width":19.3428},{"bases":[[[0.98189,-0.189056,-0.0122307],[0.18945,0.979712,0.0653722],[-0.00037641,-0.0665055,0.997786]],[[0.981842,-0.189678,-0.00276104],[0.0494924,0.270187,-0.961535],[0.183128,0.943939,0.274668]],[[0.981842,-0.189678,-0.00276104],[-0.167313,-0.859029,-0.483814],[0.0893971,0.475491,-0.875167]],[[0.981842,-0.189678,-0.00276104],[-0.188553,-0.977406,0.0955249],[-0.0208176,-0.0932698,-0.995423]]],"btipPosition":[-31.0043,230.541,33.5662],"carpPosition":[-20.0528,283.168,72.8263],"dipPosition":[-31.3955,228.788,14.8602],"direction":[-0.0893971,-0.475491,0.875167],"extended":false,"handId":506,"id":5062,"length":67.0064,"mcpPosition":[-20.0265,287.808,3.21277],"pipPosition":[-28.8533,242.31,-10.0264],"stabilizedTipPosition":[-22.5208,212.501,-2.0386],"timeVisible":93.2495,"tipPosition":[-31.0008,230.636,30.2944],"tipVelocity":[-5.26084,147.517,-231.515],"tool":false,"touchDistance":0.333333,"touchZone":"none","type":2,"width":18.9972},{"bases":[[[0.954039,-0.270095,0.129842],[0.259009,0.961082,0.0961053],[-0.150746,-0.0580578,0.986866]],[[0.955314,-0.26958,0.121251],[0.197543,0.277103,-0.940314],[0.219891,0.922248,0.317974]],[[0.955314,-0.26958,0.121251],[-0.169625,-0.835896,-0.52202],[0.24208,0.478126,-0.844271]],[[0.955314,-0.26958,0.121251],[-0.277301,-0.959387,0.051778],[0.102369,-0.0830873,-0.99127]]],"btipPosition":[-16.8791,232.532,37.8017],"carpPosition":[-7.87847,281.793,71.9171],"dipPosition":[-14.9664,230.98,19.2808],"direction":[-0.24208,-0.478126,0.844271],"extended":false,"handId":506,"id":5063,"length":64.4285,"mcpPosition":[1.56429,285.43,10.0998],"pipPosition":[-8.26034,244.225,-4.10718],"stabilizedTipPosition":[-7.63088,214.896,-0.0539497],"timeVisible":93.2495,"tipPosition":[-16.3294,232.669,34.6879],"tipVelocity":[-4.32599,138.048,-240.952],"tool":false,"touchDistance":0.333333,"touchZone":"none","type":3,"width":18.077},{"bases":[[[0.874181,-0.43006,0.225512],[0.389902,0.898442,0.201938],[-0.289455,-0.0886026,0.953082]],[[0.888358,-0.42473,0.174427],[0.305356,0.262802,-0.915256],[0.342897,0.866337,0.363156]],[[0.888358,-0.42473,0.174427],[-0.26503,-0.784547,-0.560575],[0.374939,0.451763,-0.809525]],[[0.888358,-0.42473,0.174427],[-0.428101,-0.903515,-0.019741],[0.165982,-0.0571352,-0.984472]]],"btipPosition":[-1.92493,240.107,37.6205],"carpPosition":[3.60989,273.453,72.9236],"dipPosition":[0.936065,239.122,20.6514],"direction":[-0.374939,-0.451763,0.809525],"extended":false,"handId":506,"id":5064,"length":50.5107,"mcpPosition":[20.394,278.591,17.6589],"pipPosition":[8.26943,247.958,4.81804],"stabilizedTipPosition":[5.18465,222.972,3.15868],"timeVisible":93.2495,"tipPosition":[-1.33847,240.247,34.3895],"tipVelocity":[5.20366,130.76,-232.241],"tool":false,"touchDistance":0.333333,"touchZone":"none","type":4,"width":16.0574}],"r":[[0.769939,-0.0281351,0.637497],[0.627226,0.217166,-0.747948],[-0.117399,0.975729,0.184852]],"s":1.30847,"t":[-3.97555,15.0479,22.8607],"timestamp":97907722927},false],[2,{"currentFrameRate":105.6,"devices":[],"gestures":[],"hands":[{"armBasis":[[0.96299,0.129395,-0.236446],[0.0250061,0.83056,0.556368],[0.268373,-0.54169,0.796585]],"armWidth":63.72,"confidence":0.709814,"direction":[0.0393903,0.204216,-0.978133],"elbow":[60.384,125.549,294.064],"grabStrength":0,"id":506,"palmNormal":[-0.0428234,-0.977648,-0.20584],"palmPosition":[-17.7446,278.991,25.0511],"palmVelocity":[29.1693,132.936,-212.227],"palmWidth":90.99,"pinchStrength":0.721911,"r":[[0.769457,-0.0294813,0.638018],[0.628466,0.213044,-0.748093],[-0.113871,0.976598,0.182456]],"s":1.30729,"sphereCenter":[-44.5734,261.479,-3.53358],"sphereRadius":52.7835,"stabilizedPalmPosition":[-13.3398,259.962,0.919755],"t":[-3.70256,16.2116,20.8408],"timeVisible":93.2588,"type":"right","wrist":[-12.0768,271.805,78.9864]}],"id":1808211,"interactionBox":{"center":[0,200,0],"size":[235.247,235.247,147.751]},"pointables":[{"bases":[[[0.447704,0.894166,0.00522037],[-0.799652,0.397755,0.449831],[0.400147,-0.205566,0.893099]],[[0.389031,0.913832,-0.116472],[-0.912003,0.364201,-0.188702],[-0.130023,0.179633,0.975103]],[[0.389031,0.913832,-0.116472],[-0.786323,0.263528,-0.558793],[-0.47995,0.308972,0.821087]],[[0.389031,0.913832,-0.116472],[-0.310111,0.0108556,-0.950639],[-0.86746,0.405947,0.287612]]],"btipPosition":[2.02237,232.971,-4.13954],"carpPosition":[-41.1339,261.973,79.2619],"dipPosition":[-18.2793,242.472,2.59162],"direction":[0.47995,-0.308972,-0.821087],"extended":false,"handId":506,"id":5060,"length":52.1164,"mcpPosition":[-41.1339,261.973,79.2619],"pipPosition":[-34.6435,253.006,30.5871],"stabilizedTipPosition":[4.48493,217.04,-17.8594],"timeVisible":93.2588,"tipPosition":[-2.09942,235.122,-1.77817],"tipVelocity":[-11.7452,111.285,-212.198],"tool":false,"touchDistance":-0.152414,"touchZone":"hovering","type":0,"width":20.25},{"bases":[[[0.990747,-0.014997,-0.134888],[0.0232454,0.997941,0.0597842],[0.133714,-0.0623666,0.989056]],[[0.999566,-0.0242831,0.0166899],[0.0131483,0.874483,0.484879],[-0.0263694,-0.484449,0.874422]],[[0.999566,-0.0242831,0.0166899],[0.018255,0.954971,0.296138],[-0.0231295,-0.295705,0.954999]],[[0.999566,-0.0242831,0.0166899],[0.0222646,0.993459,0.112001],[-0.0193005,-0.11158,0.993568]]],"btipPosition":[-39.639,317.326,-77.3298],"carpPosition":[-31.8234,282.871,73.0603],"dipPosition":[-39.9687,315.42,-60.3541],"direction":[0.0231295,0.295705,-0.954999],"extended":true,"handId":506,"id":5061,"length":58.8075,"mcpPosition":[-41.6607,287.46,0.295912],"pipPosition":[-40.5278,308.273,-37.2714],"stabilizedTipPosition":[-35.3183,300.639,-85.8367],"timeVisible":93.2588,"tipPosition":[-39.3429,317.008,-73.3554],"tipVelocity":[54.4713,108.282,-227.844],"tool":false,"touchDistance":-0.118051,"touchZone":"hovering","type":1,"width":19.3428},{"bases":[[[0.981127,-0.193188,-0.00822522],[0.193338,0.979427,0.0578191],[-0.00311398,-0.0583181,0.998293]],[[0.981055,-0.193728,0.00115903],[0.0546936,0.271224,-0.960961],[0.185851,0.942819,0.276681]],[[0.981055,-0.193728,0.00115903],[-0.168785,-0.857649,-0.485747],[0.0950969,0.476349,-0.874099]],[[0.981055,-0.193728,0.00115903],[-0.192931,-0.976442,0.0966347],[-0.0175891,-0.0950275,-0.995319]]],"btipPosition":[-30.909,231.289,31.5116],"carpPosition":[-19.7945,284.424,70.9364],"dipPosition":[-31.2395,229.503,12.8076],"direction":[-0.0950969,-0.476349,0.874099],"extended":false,"handId":506,"id":5062,"length":67.0064,"mcpPosition":[-19.5772,288.493,1.28751],"pipPosition":[-28.5353,243.049,-12.0486],"stabilizedTipPosition":[-22.5612,212.588,-1.89903],"timeVisible":93.2588,"tipPosition":[-30.8873,231.411,28.3255],"tipVelocity":[-0.45742,128.264,-228.393],"tool":false,"touchDistance":0.333333,"touchZone":"none","type":2,"width":18.9972},{"bases":[[[0.95259,-0.272945,0.134436],[0.262744,0.960764,0.0888776],[-0.15342,-0.0493416,0.986928]],[[0.953873,-0.272511,0.125956],[0.201102,0.268496,-0.942055],[0.222901,0.92393,0.310914]],[[0.953873,-0.272511,0.125956],[-0.171767,-0.839502,-0.515493],[0.246218,0.470079,-0.847586]],[[0.953873,-0.272511,0.125956],[-0.28142,-0.957767,0.0590393],[0.104548,-0.0917626,-0.990277]]],"btipPosition":[-16.7467,233.494,36.3384],"carpPosition":[-7.62375,282.992,70.0689],"dipPosition":[-14.7934,231.78,17.8361],"direction":[-0.246218,-0.470079,0.847586],"extended":false,"handId":506,"id":5063,"length":64.4285,"mcpPosition":[1.9865,286.083,8.24775],"pipPosition":[-7.97265,244.802,-5.64377],"stabilizedTipPosition":[-7.65876,214.955,0.0494225],"timeVisible":93.2588,"tipPosition":[-16.1885,233.597,33.2131],"tipVelocity":[1.19702,127.094,-217.102],"tool":false,"touchDistance":0.333333,"touchZone":"none","type":3,"width":18.077},{"bases":[[[0.871836,-0.43179,0.231214],[0.393114,0.898456,0.195547],[-0.29217,-0.0795913,0.953049]],[[0.886363,-0.426853,0.179324],[0.309036,0.257041,-0.915656],[0.344757,0.867022,0.359745]],[[0.886363,-0.426853,0.179324],[-0.266157,-0.786689,-0.557029],[0.378841,0.446001,-0.810902]],[[0.886363,-0.426853,0.179324],[-0.431407,-0.902036,-0.0147979],[0.168073,-0.0642452,-0.983679]]],"btipPosition":[-1.72799,240.955,36.0052],"carpPosition":[3.82751,274.613,71.1725],"dipPosition":[1.16906,239.848,19.0498],"direction":[-0.378841,-0.446001,0.810902],"extended":false,"handId":506,"id":5064,"length":50.5107,"mcpPosition":[20.7691,279.228,15.9098],"pipPosition":[8.57874,248.571,3.18948],"stabilizedTipPosition":[5.12671,223.137,3.42718],"timeVisible":93.2588,"tipPosition":[-1.14015,241.068,32.7825],"tipVelocity":[9.96058,118.683,-215.501],"tool":false,"touchDistance":0.333333,"touchZone":"none","type":4,"width":16.0574}],"r":[[0.769457,-0.0294813,0.638018],[0.628466,0.213044,-0.748093],[-0.113871,0.976598,0.182456]],"s":1.30729,"t":[-3.70256,16.2116,20.8408],"timestamp":97907732244},false],[3,{"currentFrameRate":105.604,"devices":[],"gestures":[],"hands":[{"armBasis":[[0.964715,0.123468,-0.232553],[0.0263939,0.833437,0.551983],[0.26197,-0.538645,0.800771]],"armWidth":63.72,"confidence":0.712689,"direction":[0.0380691,0.209663,-0.977032],"elbow":[58.9198,126.931,293.732],"grabStrength":0,"id":506,"palmNormal":[-0.0431897,-0.976482,-0.211228],"palmPosition":[-17.5531,279.851,23.6373],"palmVelocity":[26.611,120.908,-194.237],"palmWidth":90.99,"pinchStrength":0.717913,"r":[[0.769239,-0.0312802,0.638195],[0.629249,0.210567,-0.748136],[-0.110981,0.977079,0.18166]],"s":1.30606,"sphereCenter":[-44.5628,262.522,-5.06611],"sphereRadius":52.8237,"stabilizedPalmPosition":[-13.3886,260.193,1.18291],"t":[-3.47032,17.2238,19.1239],"timeVisible":93.2683,"type":"right","wrist":[-11.8122,272.365,77.5238]}],"id":1808212,"interactionBox":{"center":[0,200,0],"size":[235.247,235.247,147.751]},"pointables":[{"bases":[[[0.447788,0.894088,0.00959234],[-0.799001,0.395304,0.453136],[0.401351,-0.210573,0.89139]],[[0.388576,0.914507,-0.112628],[-0.912473,0.36493,-0.184986],[-0.128069,0.174651,0.976266]],[[0.388576,0.914507,-0.112628],[-0.788503,0.266789,-0.554154],[-0.476729,0.304138,0.82476]],[[0.388576,0.914507,-0.112628],[-0.317446,0.0181178,-0.948103],[-0.865007,0.404164,0.297347]]],"btipPosition":[2.02191,233.987,-6.02818],"carpPosition":[-40.8697,262.533,77.7843],"dipPosition":[-18.2224,243.446,0.930802],"direction":[0.47673,-0.304138,-0.82476],"extended":false,"handId":506,"id":5060,"length":52.1164,"mcpPosition":[-40.8697,262.533,77.7843],"pipPosition":[-34.4767,253.815,29.0515],"stabilizedTipPosition":[4.37877,217.325,-17.6591],"timeVisible":93.2683,"tipPosition":[-2.07449,236.129,-3.61124],"tipVelocity":[-7.99528,109.863,-207.004],"tool":false,"touchDistance":-0.183018,"touchZone":"hovering","type":0,"width":20.25},{"bases":[[[0.99056,-0.0143229,-0.136326],[0.0234136,0.99759,0.0653151],[0.135062,-0.0678904,0.988509]],[[0.999583,-0.024465,0.0153455],[0.0138168,0.871735,0.489784],[-0.0253598,-0.489367,0.871709]],[[0.999583,-0.024465,0.0153455],[0.0186882,0.953077,0.302152],[-0.0220176,-0.301739,0.953136]],[[0.999583,-0.024465,0.0153455],[0.0224704,0.992654,0.118882],[-0.0181412,-0.118488,0.99279]]],"btipPosition":[-39.5707,318.802,-78.4883],"carpPosition":[-31.5658,283.465,71.6866],"dipPosition":[-39.8806,316.777,-61.5259],"direction":[0.0220176,0.301739,-0.953136],"extended":true,"handId":506,"id":5061,"length":58.8075,"mcpPosition":[-41.5023,288.46,-1.03753],"pipPosition":[-40.4128,309.484,-38.4882],"stabilizedTipPosition":[-35.4089,301.01,-85.6011],"timeVisible":93.2683,"tipPosition":[-39.2858,318.438,-74.5222],"tipVelocity":[41.0742,121.111,-197.746],"tool":false,"touchDistance":-0.137411,"touchZone":"hovering","type":1,"width":19.3428},{"bases":[[[0.981098,-0.193217,-0.0106456],[0.193502,0.979074,0.0630138],[-0.00175251,-0.0638827,0.997956]],[[0.981038,-0.193812,-0.00122167],[0.0552094,0.28549,-0.95679],[0.185786,0.93858,0.290777]],[[0.981038,-0.193812,-0.00122167],[-0.168671,-0.850641,-0.497956],[0.0954705,0.48872,-0.867201]],[[0.981038,-0.193812,-0.00122167],[-0.192985,-0.9774,0.0862906],[-0.0179182,-0.0844186,-0.996269]]],"btipPosition":[-30.7505,231.935,29.296],"carpPosition":[-19.5397,285.029,69.555],"dipPosition":[-31.0872,230.349,10.5741],"direction":[-0.0954705,-0.48872,0.867201],"extended":false,"handId":506,"id":5062,"length":67.0064,"mcpPosition":[-19.4174,289.486,-0.070433],"pipPosition":[-28.3724,244.246,-14.086],"stabilizedTipPosition":[-22.5972,212.671,-1.78178],"timeVisible":93.2683,"tipPosition":[-30.7267,232.1,26.175],"tipVelocity":[4.42811,112.474,-230.17],"tool":false,"touchDistance":0.333333,"touchZone":"none","type":2,"width":18.9972},{"bases":[[[0.95275,-0.273765,0.131608],[0.262948,0.960232,0.0938728],[-0.152073,-0.0548311,0.986847]],[[0.953893,-0.273335,0.124001],[0.202111,0.279519,-0.938627],[0.221899,0.920412,0.321875]],[[0.953893,-0.273335,0.124001],[-0.17059,-0.83364,-0.525302],[0.246956,0.479929,-0.841832]],[[0.953893,-0.273335,0.124001],[-0.281119,-0.958369,0.0500146],[0.105168,-0.0825675,-0.991021]]],"btipPosition":[-16.5649,234.16,34.3021],"carpPosition":[-7.3703,283.601,68.6628],"dipPosition":[-14.5999,232.617,15.7859],"direction":[-0.246956,-0.479929,0.841832],"extended":false,"handId":506,"id":5063,"length":64.4285,"mcpPosition":[2.15559,287.035,6.84673],"pipPosition":[-7.75876,245.912,-7.53452],"stabilizedTipPosition":[-7.68496,215.013,0.142404],"timeVisible":93.2683,"tipPosition":[-16.0046,234.299,31.2112],"tipVelocity":[6.44061,112.02,-216.655],"tool":false,"touchDistance":0.333333,"touchZone":"none","type":3,"width":18.077},{"bases":[[[0.872114,-0.433141,0.227609],[0.393459,0.897321,0.200014],[-0.290872,-0.0848805,0.952989]],[[0.886594,-0.427906,0.175637],[0.307726,0.262167,-0.914644],[0.345335,0.864966,0.364113]],[[0.886594,-0.427906,0.175637],[-0.267028,-0.783545,-0.561029],[0.377687,0.450505,-0.808949]],[[0.886594,-0.427906,0.175637],[-0.431496,-0.901911,-0.0191923],[0.166621,-0.0587709,-0.984268]]],"btipPosition":[-1.52187,241.754,34.3576],"carpPosition":[4.08173,275.215,69.704],"dipPosition":[1.35015,240.741,17.392],"direction":[-0.377687,-0.450505,0.808949],"extended":false,"handId":506,"id":5064,"length":50.5107,"mcpPosition":[20.948,280.137,14.4447],"pipPosition":[8.73725,249.552,1.56994],"stabilizedTipPosition":[5.0768,223.29,3.65249],"timeVisible":93.2683,"tipPosition":[-0.939214,241.881,31.129],"tipVelocity":[13.1728,109.524,-203.72],"tool":false,"touchDistance":0.333333,"touchZone":"none","type":4,"width":16.0574}],"r":[[0.769239,-0.0312802,0.638195],[0.629249,0.210567,-0.748136],[-0.110981,0.977079,0.18166]],"s":1.30606,"t":[-3.47032,17.2238,19.1239],"timestamp":97907741706},false],[4,{"currentFrameRate":105.566,"devices":[],"gestures":[],"hands":[{"armBasis":[[0.96252,0.136186,-0.234541],[0.0149224,0.836885,0.547175],[0.270801,-0.530166,0.803486]],"armWidth":63.72,"confidence":0.654482,"direction":[0.0415576,0.237389,-0.970525],"elbow":[60.999,128.61,293.11],"grabStrength":0,"id":506,"palmNormal":[-0.0304331,-0.970613,-0.238713],"palmPosition":[-17.6173,280.681,22.4764],"palmVelocity":[16.9939,111.131,-173.294],"palmWidth":90.99,"pinchStrength":0.721116,"r":[[0.768314,-0.0345073,0.639142],[0.630345,0.214221,-0.746173],[-0.11117,0.976175,0.186341]],"s":1.30475,"sphereCenter":[-44.3446,263.884,-6.92252],"sphereRadius":52.8474,"stabilizedPalmPosition":[-13.4477,260.479,1.48054],"t":[-3.38629,18.145,17.685],"timeVisible":93.2778,"type":"right","wrist":[-12.1173,271.755,76.1684]}],"id":1808213,"interactionBox":{"center":[0,200,0],"size":[235.247,235.247,147.751]},"pointables":[{"bases":[[[0.437193,0.898588,0.0374549],[-0.806334,0.373182,0.458869],[0.398357,-0.230815,0.887714]],[[0.378199,0.921805,-0.0850908],[-0.915741,0.359074,-0.180235],[-0.135588,0.146086,0.979936]],[[0.378199,0.921805,-0.0850908],[-0.789329,0.273087,-0.549894],[-0.483658,0.275134,0.830889]],[[0.378199,0.921805,-0.0850908],[-0.316619,0.0424308,-0.947603],[-0.869895,0.385324,0.307909]]],"btipPosition":[2.5591,235.894,-8.48443],"carpPosition":[-41.0584,261.585,75.9675],"dipPosition":[-17.7996,244.912,-1.27825],"direction":[0.483658,-0.275134,-0.830889],"extended":false,"handId":506,"id":5060,"length":52.1164,"mcpPosition":[-41.0584,261.585,75.9675],"pipPosition":[-34.2902,254.292,27.0514],"stabilizedTipPosition":[4.28954,217.609,-17.5104],"timeVisible":93.2778,"tipPosition":[-1.56291,237.923,-6.01003],"tipVelocity":[9.75585,132.751,-219.821],"tool":false,"touchDistance":-0.223008,"touchZone":"hovering","type":0,"width":20.25},{"bases":[[[0.991473,0.000961699,-0.130311],[0.0113,0.995572,0.0933233],[0.129824,-0.0940001,0.987071]],[[0.99968,-0.0133612,0.0214916],[0.000400593,0.857506,0.514474],[-0.0253032,-0.5143,0.857237]],[[0.99968,-0.0133612,0.0214916],[0.00549413,0.943591,0.331067],[-0.0247028,-0.330843,0.943363]],[[0.99968,-0.0133612,0.0214916],[0.00996968,0.988512,0.150814],[-0.0232598,-0.150551,0.988329]]],"btipPosition":[-39.4335,322.365,-78.6179],"carpPosition":[-31.964,282.785,70.5171],"dipPosition":[-39.8309,319.793,-61.7318],"direction":[0.0247028,0.330843,-0.943363],"extended":true,"handId":506,"id":5061,"length":58.8075,"mcpPosition":[-41.5151,289.701,-2.10135],"pipPosition":[-40.428,311.796,-38.9303],"stabilizedTipPosition":[-35.52,301.57,-85.3077],"timeVisible":93.2778,"tipPosition":[-39.2015,321.824,-74.6815],"tipVelocity":[32.7618,190.088,-145.145],"tool":false,"touchDistance":-0.143743,"touchZone":"hovering","type":1,"width":19.3428},{"bases":[[[0.983346,-0.181482,-0.00974351],[0.181605,0.979096,0.0915975],[-0.00708344,-0.0918415,0.995748]],[[0.983235,-0.182344,-0.000310082],[0.0588805,0.319104,-0.945889],[0.172576,0.930012,0.324491]],[[0.983235,-0.182344,-0.000310082],[-0.15502,-0.835004,-0.527956],[0.0960106,0.519153,-0.849271]],[[0.983235,-0.182344,-0.000310082],[-0.182061,-0.981803,0.0540095],[-0.0101527,-0.0530476,-0.99854]]],"btipPosition":[-30.3077,232.362,26.31],"carpPosition":[-19.9443,284.547,68.5072],"dipPosition":[-30.4985,231.365,7.54545],"direction":[-0.0960106,-0.519153,0.849271],"extended":false,"handId":506,"id":5062,"length":67.0064,"mcpPosition":[-19.4501,290.955,-0.964182],"pipPosition":[-27.7683,246.128,-16.6048],"stabilizedTipPosition":[-22.6254,212.742,-1.69548],"timeVisible":93.2778,"tipPosition":[-30.2646,232.621,23.2194],"tipVelocity":[17.5507,97.0292,-254.333],"tool":false,"touchDistance":0.333333,"touchZone":"none","type":2,"width":18.9972},{"bases":[[[0.955079,-0.266308,0.130018],[0.251078,0.960202,0.122363],[-0.15743,-0.0842214,0.983932]],[[0.956098,-0.265745,0.123514],[0.206912,0.313712,-0.9267],[0.207518,0.911572,0.354925]],[[0.956098,-0.265745,0.123514],[-0.155481,-0.817282,-0.554865],[0.248399,0.511301,-0.82272]],[[0.956098,-0.265745,0.123514],[-0.269803,-0.962764,0.0170659],[0.11438,-0.0496412,-0.992196]]],"btipPosition":[-16.1824,234.596,31.4914],"carpPosition":[-7.75376,283.285,67.6536],"dipPosition":[-14.0453,233.668,12.9532],"direction":[-0.248399,-0.511301,0.82272],"extended":false,"handId":506,"id":5063,"length":64.4285,"mcpPosition":[2.10765,288.561,6.02014],"pipPosition":[-7.16418,247.832,-9.83777],"stabilizedTipPosition":[-7.70644,215.065,0.215067],"timeVisible":93.2778,"tipPosition":[-15.5961,234.847,28.4343],"tipVelocity":[17.3418,97.1696,-239.275],"tool":false,"touchDistance":0.333333,"touchZone":"none","type":3,"width":18.077},{"bases":[[[0.875737,-0.429233,0.221007],[0.38167,0.895854,0.22754],[-0.295657,-0.114914,0.948357]],[[0.890718,-0.422237,0.168334],[0.311282,0.296735,-0.902802],[0.331247,0.856542,0.395742]],[[0.890718,-0.422237,0.168334],[-0.252543,-0.767595,-0.589084],[0.377945,0.482197,-0.790344]],[[0.890718,-0.422237,0.168334],[-0.419947,-0.906127,-0.0507692],[0.173968,-0.0254701,-0.984422]]],"btipPosition":[-1.17028,242.391,31.9761],"carpPosition":[3.78939,275.007,68.5335],"dipPosition":[1.82837,241.952,15.0078],"direction":[-0.377945,-0.482197,0.790344],"extended":false,"handId":506,"id":5064,"length":50.5107,"mcpPosition":[20.9331,281.67,13.5428],"pipPosition":[9.22053,251.383,-0.450348],"stabilizedTipPosition":[5.03716,223.425,3.82667],"timeVisible":93.2778,"tipPosition":[-0.573591,242.64,28.8002],"tipVelocity":[20.882,101.182,-216.963],"tool":false,"touchDistance":0.333333,"touchZone":"none","type":4,"width":16.0574}],"r":[[0.768314,-0.0345073,0.639142],[0.630345,0.214221,-0.746173],[-0.11117,0.976175,0.186341]],"s":1.30475,"t":[-3.38629,18.145,17.685],"timestamp":97907751249},false],[5,{"currentFrameRate":105.642,"devices":[],"gestures":[],"hands":[{"armBasis":[[0.964827,0.141498,-0.221556],[0.000958241,0.840888,0.541209],[0.262884,-0.522385,0.811175]],"armWidth":63.72,"confidence":0.653478,"direction":[0.0424873,0.252703,-0.96661],"elbow":[59.1585,131.059,292.939],"grabStrength":0,"id":506,"palmNormal":[-0.0148914,-0.967216,-0.253516],"palmPosition":[-17.2052,281.762,20.3452],"palmVelocity":[24.687,112.469,-188.923],"palmWidth":90.99,"pinchStrength":0.726919,"r":[[0.767067,-0.0367551,0.640513],[0.631284,0.221262,-0.743319],[-0.1144,0.974522,0.192926]],"s":1.30328,"sphereCenter":[-43.6412,265.025,-9.4924],"sphereRadius":52.8651,"stabilizedPalmPosition":[-13.494,260.741,1.71295],"t":[-3.13825,19.1459,15.9],"timeVisible":93.2872,"type":"right","wrist":[-11.8202,272.103,73.9219]}],"id":1808214,"interactionBox":{"center":[0,200,0],"size":[235.247,235.247,147.751]},"pointables":[{"bases":[[[0.423599,0.904289,0.0531567],[-0.8139,0.354185,0.460566],[0.397657,-0.23836,0.886032]],[[0.3646,0.928547,-0.0697606],[-0.920291,0.347915,-0.178939],[-0.141882,0.129441,0.981384]],[[0.3646,0.928547,-0.0697606],[-0.791682,0.269674,-0.548194],[-0.490211,0.2551,0.833437]],[[0.3646,0.928547,-0.0697606],[-0.316687,0.0531996,-0.947037],[-0.875657,0.367382,0.313456]]],"btipPosition":[3.68443,237.752,-11.3135],"carpPosition":[-40.6056,261.509,73.4274],"dipPosition":[-16.8091,246.35,-3.97749],"direction":[0.490211,-0.2551,-0.833437],"extended":false,"handId":506,"id":5060,"length":52.1164,"mcpPosition":[-40.6056,261.509,73.4274],"pipPosition":[-33.5232,255.048,24.439],"stabilizedTipPosition":[4.22098,217.894,-17.4088],"timeVisible":93.2872,"tipPosition":[-0.470051,239.685,-8.81245],"tipVelocity":[40.1988,148.647,-242.551],"tool":false,"touchDistance":-0.269661,"touchZone":"hovering","type":0,"width":20.25},{"bases":[[[0.991938,0.0176212,-0.125494],[-0.00394161,0.994096,0.10843],[0.126664,-0.107061,0.986151]],[[0.99965,0.00108006,0.0264369],[-0.0148705,0.849368,0.527591],[-0.0218849,-0.527799,0.849087]],[[0.99965,0.00108006,0.0264369],[-0.0101828,0.937914,0.346719],[-0.0244211,-0.346867,0.937596]],[[0.99965,0.00108006,0.0264369],[-0.00551769,0.985709,0.168368],[-0.0258773,-0.168455,0.98537]]],"btipPosition":[-39.1486,324.737,-80.1849],"carpPosition":[-31.8026,282.923,68.3424],"dipPosition":[-39.5907,321.859,-63.3493],"direction":[0.0244211,0.346867,-0.937596],"extended":true,"handId":506,"id":5061,"length":58.8075,"mcpPosition":[-41.1212,290.799,-4.20838],"pipPosition":[-40.181,313.475,-40.6872],"stabilizedTipPosition":[-35.6447,302.323,-85.0071],"timeVisible":93.2872,"tipPosition":[-38.9508,324.097,-76.2689],"tipVelocity":[31.824,206.118,-151.971],"tool":false,"touchDistance":-0.174906,"touchZone":"hovering","type":1,"width":19.3428},{"bases":[[[0.985971,-0.166734,-0.0077416],[0.166596,0.980172,0.107277],[-0.0102986,-0.107062,0.994199]],[[0.985827,-0.167753,0.00179258],[0.0602435,0.344017,-0.937029],[0.156573,0.923857,0.349248]],[[0.985827,-0.167753,0.00179258],[-0.139137,-0.823534,-0.549939],[0.0937304,0.541896,-0.835203]],[[0.985827,-0.167753,0.00179258],[-0.167725,-0.985324,0.0317045],[-0.00355225,-0.0315558,-0.999496]]],"btipPosition":[-29.2283,233.015,22.7529],"carpPosition":[-19.8013,284.893,66.4174],"dipPosition":[-29.295,232.422,3.9704],"direction":[-0.0937304,-0.541896,0.835203],"extended":false,"handId":506,"id":5062,"length":67.0064,"mcpPosition":[-19.0828,292.362,-2.94588],"pipPosition":[-26.6297,247.832,-19.7798],"stabilizedTipPosition":[-22.6447,212.8,-1.63677],"timeVisible":93.2872,"tipPosition":[-29.1658,233.362,19.7428],"tipVelocity":[46.2024,92.2191,-290.419],"tool":false,"touchDistance":0.333333,"touchZone":"none","type":2,"width":18.9972},{"bases":[[[0.958326,-0.254084,0.130583],[0.2362,0.961843,0.138088],[-0.160686,-0.10149,0.981774]],[[0.95924,-0.253493,0.124901],[0.208189,0.335036,-0.918917],[0.191092,0.907465,0.374155]],[[0.95924,-0.253493,0.124901],[-0.139178,-0.808442,-0.571883],[0.245944,0.53119,-0.810771]],[[0.95924,-0.253493,0.124901],[-0.255243,-0.966875,-0.00205481],[0.121285,-0.0299091,-0.992167]]],"btipPosition":[-15.1413,235.481,28.3859],"carpPosition":[-7.58956,283.825,65.6037],"dipPosition":[-12.8752,234.922,9.8483],"direction":[-0.245944,-0.53119,0.810771],"extended":false,"handId":506,"id":5063,"length":64.4285,"mcpPosition":[2.4758,290.182,4.1054],"pipPosition":[-6.06212,249.637,-12.6117],"stabilizedTipPosition":[-7.72237,215.112,0.270144],"timeVisible":93.2872,"tipPosition":[-14.5398,235.794,25.341],"tipVelocity":[44.923,99.0931,-265.79],"tool":false,"touchDistance":0.333333,"touchZone":"none","type":3,"width":18.077},{"bases":[[[0.880999,-0.419531,0.218711],[0.367249,0.897844,0.242908],[-0.298276,-0.133681,0.945072]],[[0.896445,-0.411307,0.164962],[0.312272,0.322164,-0.893698],[0.314439,0.852664,0.417242]],[[0.896445,-0.411307,0.164962],[-0.235986,-0.75814,-0.607894],[0.375096,0.506015,-0.776693]],[[0.896445,-0.411307,0.164962],[-0.405095,-0.911492,-0.0712767],[0.179678,-0.00292972,-0.983721]]],"btipPosition":[-0.184913,243.461,29.0077],"carpPosition":[4.0713,275.705,66.4139],"dipPosition":[2.91217,243.41,12.0515],"direction":[-0.375096,-0.506015,0.776693],"extended":false,"handId":506,"id":5064,"length":50.5107,"mcpPosition":[21.3669,283.457,11.6137],"pipPosition":[10.2486,253.307,-3.13966],"stabilizedTipPosition":[5.00965,223.547,3.95646],"timeVisible":93.2872,"tipPosition":[0.416787,243.798,25.8977],"tipVelocity":[45.5579,107.714,-245.551],"tool":false,"touchDistance":0.333333,"touchZone":"none","type":4,"width":16.0574}],"r":[[0.767067,-0.0367551,0.640513],[0.631284,0.221262,-0.743319],[-0.1144,0.974522,0.192926]],"s":1.30328,"t":[-3.13825,19.1459,15.9],"timestamp":97907760575},false],[6,{"currentFrameRate":105.473,"devices":[],"gestures":[],"hands":[{"armBasis":[[0.964566,0.148081,-0.21837],[-0.00468563,0.837133,0.54698],[0.263802,-0.526575,0.808163]],"armWidth":63.72,"confidence":0.657833,"direction":[0.0438351,0.252838,-0.966515],"elbow":[59.338,131.586,289.965],"grabStrength":0,"id":506,"palmNormal":[-0.00972139,-0.967291,-0.253482],"palmPosition":[-17.1784,283.392,18.1693],"palmVelocity":[18.2157,128.377,-198.724],"palmWidth":90.99,"pinchStrength":0.733821,"r":[[0.765772,-0.0378409,0.641998],[0.632194,0.22746,-0.74067],[-0.118001,0.973052,0.198105]],"s":1.30191,"sphereCenter":[-43.5277,266.528,-11.7707],"sphereRadius":52.8807,"stabilizedPalmPosition":[-13.539,261.018,1.91416],"t":[-3.00083,20.4614,13.9195],"timeVisible":93.297,"type":"right","wrist":[-11.8885,273.761,71.7606]}],"id":1808215,"interactionBox":{"center":[0,200,0],"size":[235.247,235.247,147.751]},"pointables":[{"bases":[[[0.41924,0.906256,0.0541954],[-0.816742,0.350417,0.458411],[0.396447,-0.236448,0.887086]],[[0.360285,0.930272,-0.0692022],[-0.921543,0.343428,-0.181153],[-0.144755,0.129039,0.981017]],[[0.360285,0.930272,-0.0692022],[-0.792181,0.265942,-0.549294],[-0.492589,0.252723,0.832759]],[[0.360285,0.930272,-0.0692022],[-0.317122,0.0523761,-0.946937],[-0.877285,0.363113,0.31388]]],"btipPosition":[3.9298,239.478,-13.5176],"carpPosition":[-40.6228,263.034,71.1917],"dipPosition":[-16.6018,247.976,-6.17173],"direction":[0.492589,-0.252723,-0.832759],"extended":false,"handId":506,"id":5060,"length":52.1164,"mcpPosition":[-40.6228,263.034,71.1917],"pipPosition":[-33.3969,256.592,22.2217],"stabilizedTipPosition":[4.15361,218.21,-17.3338],"timeVisible":93.297,"tipPosition":[-0.237317,241.393,-11.0229],"tipVelocity":[35.4696,156.073,-237.323],"tool":false,"touchDistance":-0.304056,"touchZone":"hovering","type":0,"width":20.25},{"bases":[[[0.992169,0.0222358,-0.122903],[-0.00885748,0.994074,0.108344],[0.124584,-0.106407,0.986487]],[[0.999555,0.00571624,0.0292695],[-0.0203014,0.849364,0.527417],[-0.0218456,-0.527777,0.849102]],[[0.999555,0.00571624,0.0292695],[-0.015529,0.937665,0.347192],[-0.0254603,-0.347492,0.937337]],[[0.999555,0.00571624,0.0292695],[-0.0105992,0.985473,0.169502],[-0.0278754,-0.169737,0.985095]]],"btipPosition":[-39.0418,326.29,-82.4135],"carpPosition":[-31.9064,284.488,66.1281],"dipPosition":[-39.5181,323.39,-65.5826],"direction":[0.0254603,0.347492,-0.937337],"extended":true,"handId":506,"id":5061,"length":58.8075,"mcpPosition":[-41.072,292.316,-6.44733],"pipPosition":[-40.1335,314.991,-42.9268],"stabilizedTipPosition":[-35.7835,303.245,-84.7512],"timeVisible":93.297,"tipPosition":[-38.8666,325.635,-78.5014],"tipVelocity":[25.4192,191.944,-174.287],"tool":false,"touchDistance":-0.212068,"touchZone":"hovering","type":1,"width":19.3428},{"bases":[[[0.986755,-0.162138,-0.00515273],[0.161745,0.980945,0.107638],[-0.0123977,-0.107046,0.994177]],[[0.986593,-0.163146,0.00427982],[0.0622625,0.35202,-0.933919],[0.150859,0.921664,0.357458]],[[0.986593,-0.163146,0.00427982],[-0.133114,-0.819597,-0.557262],[0.094423,0.549221,-0.830325]],[[0.986593,-0.163146,0.00427982],[-0.163202,-0.986254,0.025841],[0.00000512839,-0.026193,-0.999657]]],"btipPosition":[-29.0011,234.432,20.04],"carpPosition":[-19.9094,286.513,64.2344],"dipPosition":[-29.001,233.939,1.25448],"direction":[-0.094423,-0.549221,0.830325],"extended":false,"handId":506,"id":5062,"length":67.0064,"mcpPosition":[-19.0445,293.982,-5.12736],"pipPosition":[-26.3159,249.557,-22.357],"stabilizedTipPosition":[-22.6616,212.858,-1.59049],"timeVisible":93.297,"tipPosition":[-28.9299,234.803,17.0624],"tipVelocity":[39.8821,108.361,-286.482],"tool":false,"touchDistance":0.333333,"touchZone":"none","type":2,"width":18.9972},{"bases":[[[0.959156,-0.249607,0.133105],[0.231354,0.962942,0.138632],[-0.162776,-0.102176,0.981358]],[[0.960046,-0.249035,0.127647],[0.209027,0.334875,-0.918785],[0.186064,0.908758,0.373551]],[[0.960046,-0.249035,0.127647],[-0.134044,-0.809638,-0.571418],[0.245651,0.531477,-0.810671]],[[0.960046,-0.249035,0.127647],[-0.250814,-0.968033,-0.00220145],[0.124115,-0.0299021,-0.991817]]],"btipPosition":[-14.9317,237.135,26.2786],"carpPosition":[-7.69076,285.502,63.4527],"dipPosition":[-12.6127,236.577,7.74751],"direction":[-0.245651,-0.531477,0.810671],"extended":false,"handId":506,"id":5063,"length":64.4285,"mcpPosition":[2.50554,291.903,1.98039],"pipPosition":[-5.80772,251.3,-14.7097],"stabilizedTipPosition":[-7.73826,215.164,0.321895],"timeVisible":93.297,"tipPosition":[-14.3212,237.431,23.1742],"tipVelocity":[38.355,119.691,-250.819],"tool":false,"touchDistance":0.333333,"touchZone":"none","type":3,"width":18.077},{"bases":[[[0.88237,-0.415407,0.221044],[0.362425,0.899561,0.2438],[-0.300119,-0.13501,0.944299]],[[0.898278,-0.406885,0.165953],[0.314314,0.331018,-0.889738],[0.307088,0.851394,0.425236]],[[0.898278,-0.406885,0.165953],[-0.228345,-0.754881,-0.614828],[0.375439,0.514392,-0.771003]],[[0.898278,-0.406885,0.165953],[-0.399458,-0.913473,-0.0774548],[0.183109,0.00328469,-0.983087]]],"btipPosition":[0.0503731,245.044,26.5277],"carpPosition":[4.00565,277.437,64.2939],"dipPosition":[3.20658,245.1,9.58242],"direction":[-0.375439,-0.514392,0.771003],"extended":false,"handId":506,"id":5064,"length":50.5107,"mcpPosition":[21.4081,285.266,9.53853],"pipPosition":[10.5497,255.161,-5.49748],"stabilizedTipPosition":[4.98452,223.675,4.06732],"timeVisible":93.297,"tipPosition":[0.653294,245.418,23.4744],"tipVelocity":[39.6181,124.356,-247.736