{"sensorType":"Leap","data":[[0,{"currentFrameRate":105.894,"devices":[],"gestures":[],"hands":[{"armBasis":[[0.875428,-0.222652,-0.429014],[0.408286,0.815704,0.409793],[0.258707,-0.533904,0.804995]],"armWidth":63.72,"confidence":0.468239,"direction":[0.199939,0.685101,-0.700472],"elbow":[68.1314,95.3685,272.023],"grabStrength":0.31361,"id":506,"palmNormal":[-0.360915,-0.613144,-0.702706],"palmPosition":[0.574374,276.867,14.7633],"palmVelocity":[40.6385,61.4742,43.449],"palmWidth":90.99,"pinchStrength":0.42079,"r":[[0.672099,-0.657336,0.34087],[0.710935,0.444154,-0.545251],[0.207014,0.608799,0.765839]],"s":1.1387,"sphereCenter":[-8.31823,252.766,-31.437],"sphereRadius":46.381,"stabilizedPalmPosition":[-3.76469,268.122,-1.44174],"t":[14.4326,14.6222,8.20391],"timeVisible":83.8161,"type":"right","wrist":[-1.7195,239.523,54.6741]}],"id":1807232,"interactionBox":{"center":[0,200,0],"size":[235.247,235.247,147.751]},"pointables":[{"bases":[[[0.728376,0.523831,0.441666],[-0.649721,0.323369,0.687965],[0.217556,-0.788057,0.575878]],[[0.664492,0.681148,0.307388],[-0.723056,0.482115,0.494727],[0.188786,-0.551001,0.81287]],[[0.664492,0.681148,0.307388],[-0.717431,0.696592,0.00730096],[-0.209151,-0.225381,0.951556]],[[0.664492,0.681148,0.307388],[-0.741022,0.653776,0.153176],[-0.0966275,-0.329566,0.939175]]],"btipPosition":[-32.3012,284.671,-41.9644],"carpPosition":[-32.27,241.769,53.0361],"dipPosition":[-34.5626,276.958,-19.9843],"direction":[0.209151,0.225381,-0.951556],"extended":false,"handId":506,"id":5060,"length":52.1164,"mcpPosition":[-32.27,241.769,53.0361],"pipPosition":[-41.6937,269.273,12.4596],"stabilizedTipPosition":[-35.8708,273.787,-51.9799],"timeVisible":83.8161,"tipPosition":[-32.5735,282.569,-37.3308],"tipVelocity":[43.8878,82.2404,56.1169],"tool":false,"touchDistance":0.236938,"touchZone":"hovering","type":0,"width":20.25},{"bases":[[[0.931553,-0.272696,-0.240513],[0.363472,0.716341,0.595603],[0.00987072,-0.642255,0.766427]],[[0.930968,-0.255653,-0.260654],[0.28328,0.956182,0.0739457],[0.230328,-0.142679,0.962596]],[[0.930968,-0.255653,-0.260654],[0.249562,0.966692,-0.0567932],[0.266491,-0.0121767,0.96376]],[[0.930968,-0.255653,-0.260654],[0.225199,0.964027,-0.141197],[0.287375,0.0727508,0.955051]]],"btipPosition":[-37.6994,310.348,-79.0779],"carpPosition":[-15.7266,257.917,58.2754],"dipPosition":[-32.7894,311.591,-62.7603],"direction":[-0.266491,0.0121767,-0.96376],"extended":true,"handId":506,"id":5061,"length":58.8075,"mcpPosition":[-16.4528,305.167,1.88966],"pipPosition":[-26.3482,311.297,-39.4658],"stabilizedTipPosition":[-38.2312,306.693,-87.2245],"timeVisible":83.8161,"tipPosition":[-36.0017,311.307,-75.3689],"tipVelocity":[38.5869,42.7731,43.6864],"tool":false,"touchDistance":0.223483,"touchZone":"hovering","type":1,"width":19.3428},{"bases":[[[0.848618,-0.475056,-0.232743],[0.515858,0.645652,0.563049],[-0.117209,-0.597876,0.792973]],[[0.841536,-0.504929,-0.192],[0.206335,0.62892,-0.74959],[0.499242,0.591191,0.633444]],[[0.841536,-0.504929,-0.192],[-0.225793,-0.00589174,-0.974158],[0.490749,0.863141,-0.118967]],[[0.841536,-0.504929,-0.192],[-0.377178,-0.294769,-0.877979],[0.386721,0.81127,-0.438507]]],"btipPosition":[-40.8752,229.62,-18.3248],"carpPosition":[-3.76659,256.193,55.9082],"dipPosition":[-33.6079,244.865,-26.5652],"direction":[-0.490749,-0.863141,0.118967],"extended":false,"handId":506,"id":5062,"length":67.0064,"mcpPosition":[4.41088,297.905,0.584006],"pipPosition":[-19.6528,269.41,-29.9482],"stabilizedTipPosition":[-43.0909,221.296,-42.864],"timeVisible":83.8161,"tipPosition":[-39.3665,233.279,-21.3595],"tipVelocity":[40.0082,69.4565,45.5087],"tool":false,"touchDistance":0.333333,"touchZone":"none","type":2,"width":18.9972},{"bases":[[[0.780802,-0.605172,-0.155292],[0.57117,0.590673,0.569973],[-0.253205,-0.533734,0.806855]],[[0.774316,-0.618159,-0.135334],[0.321876,0.568877,-0.756819],[0.544822,0.542456,0.639461]],[[0.774316,-0.618159,-0.135334],[-0.180644,-0.0109628,-0.983487],[0.606467,0.785977,-0.120155]],[[0.774316,-0.618159,-0.135334],[-0.373213,-0.2734,-0.886547],[0.511026,0.736975,-0.442403]]],"btipPosition":[-27.6618,225.111,-14.5985],"carpPosition":[7.16821,251.457,52.9193],"dipPosition":[-18.1138,238.88,-22.8644],"direction":[-0.606467,-0.785977,0.120155],"extended":false,"handId":506,"id":5063,"length":64.4285,"mcpPosition":[23.029,284.89,2.37793],"pipPosition":[-1.31345,260.653,-26.1929],"stabilizedTipPosition":[-29.4383,216.985,-36.0379],"timeVisible":83.8161,"tipPosition":[-25.6195,228.272,-17.1655],"tipVelocity":[38.1191,67.5662,40.1766],"tool":false,"touchDistance":0.333333,"touchZone":"none","type":3,"width":18.077},{"bases":[[[0.641069,-0.7521,-0.15289],[0.661031,0.439866,0.607911],[-0.389958,-0.490778,0.779146]],[[0.653961,-0.734973,-0.179301],[0.430868,0.556652,-0.710276],[0.621842,0.387238,0.680705]],[[0.653961,-0.734973,-0.179301],[-0.167648,0.0903226,-0.981701],[0.737719,0.672054,-0.0641494]],[[0.653961,-0.734973,-0.179301],[-0.407854,-0.1429,-0.901795],[0.637173,0.662868,-0.393213]]],"btipPosition":[-9.9599,230.793,-13.3914],"carpPosition":[14.8278,240.597,47.8243],"dipPosition":[1.02292,242.218,-20.1691],"direction":[-0.737719,-0.672054,0.0641494],"extended":false,"handId":506,"id":5064,"length":50.5107,"mcpPosition":[37.4397,269.055,2.64537],"pipPosition":[15.4518,255.363,-21.4238],"stabilizedTipPosition":[-12.0342,223.132,-32.9735],"timeVisible":83.8161,"tipPosition":[-7.64891,233.575,-15.5366],"tipVelocity":[40.2967,61.8065,44.6755],"tool":false,"touchDistance":0.333333,"touchZone":"none","type":4,"width":16.0574}],"r":[[0.672099,-0.657336,0.34087],[0.710935,0.444154,-0.545251],[0.207014,0.608799,0.765839]],"s":1.1387,"t":[14.4326,14.6222,8.20391],"timestamp":97898289484},false],[1,{"currentFrameRate":105.893,"devices":[],"gestures":[],"hands":[{"armBasis":[[0.874302,-0.218633,-0.433353],[0.407143,0.816405,0.409534],[0.264254,-0.534493,0.802799]],"armWidth":63.72,"confidence":0.471545,"direction":[0.205298,0.688191,-0.695878],"elbow":[69.7122,95.9408,271.614],"grabStrength":0.319216,"id":506,"palmNormal":[-0.357152,-0.609309,-0.707944],"palmPosition":[0.961071,277.787,15.1424],"palmVelocity":[40.7266,71.7261,42.5044],"palmWidth":90.99,"pinchStrength":0.423416,"r":[[0.670937,-0.658366,0.341171],[0.712299,0.444356,-0.543303],[0.206091,0.607537,0.767088]],"s":1.13852,"sphereCenter":[-7.59458,253.849,-31.2714],"sphereRadius":46.44,"stabilizedPalmPosition":[-3.67194,268.312,-1.11624],"t":[14.8544,15.3968,8.55805],"timeVisible":83.8255,"type":"right","wrist":[-1.63622,240.254,54.8581]}],"id":1807233,"interactionBox":{"center":[0,200,0],"size":[235.247,235.247,147.751]},"pointables":[{"bases":[[[0.726173,0.520777,0.448847],[-0.65373,0.320902,0.685317],[0.212861,-0.791084,0.573478]],[[0.664016,0.677608,0.316118],[-0.724056,0.477193,0.498026],[0.186617,-0.559584,0.80749]],[[0.664016,0.677608,0.316118],[-0.715544,0.698545,0.00567152],[-0.216979,-0.229962,0.948703]],[[0.664016,0.677608,0.316118],[-0.740228,0.655418,0.149965],[-0.105572,-0.333578,0.936792]]],"btipPosition":[-31.6194,286.128,-41.5444],"carpPosition":[-32.1727,242.547,53.0345],"dipPosition":[-34.0901,278.321,-19.6201],"direction":[0.216979,0.229962,-0.948703],"extended":false,"handId":506,"id":5060,"length":52.1164,"mcpPosition":[-32.1727,242.547,53.0345],"pipPosition":[-41.4882,270.48,12.7265],"stabilizedTipPosition":[-35.7756,274.059,-51.5799],"timeVisible":83.8255,"tipPosition":[-31.9099,283.961,-36.9544],"tipVelocity":[50.5249,102.184,52.3991],"tool":false,"touchDistance":0.243835,"touchZone":"hovering","type":0,"width":20.25},{"bases":[[[0.932739,-0.272734,-0.235825],[0.360527,0.713015,0.601357],[0.00413647,-0.645931,0.763385]],[[0.932294,-0.255338,-0.256184],[0.283035,0.956,0.0771666],[0.225209,-0.144451,0.963543]],[[0.932294,-0.255338,-0.256184],[0.250039,0.96675,-0.0536245],[0.261358,-0.0140622,0.965139]],[[0.932294,-0.255338,-0.256184],[0.226179,0.964264,-0.137977],[0.28226,0.0706912,0.95673]]],"btipPosition":[-36.7627,311.507,-78.7747],"carpPosition":[-15.6432,258.648,58.4574],"dipPosition":[-31.9401,312.715,-62.4284],"direction":[-0.261358,0.0140622,-0.965139],"extended":true,"handId":506,"id":5061,"length":58.8075,"mcpPosition":[-15.9475,306.169,2.29552],"pipPosition":[-25.623,312.375,-39.1006],"stabilizedTipPosition":[-38.1851,306.784,-87.006],"timeVisible":83.8255,"tipPosition":[-35.0932,312.495,-75.0492],"tipVelocity":[55.3066,65.3952,40.5734],"tool":false,"touchDistance":0.228646,"touchZone":"hovering","type":1,"width":19.3428},{"bases":[[[0.849504,-0.475023,-0.229559],[0.513031,0.642287,0.569444],[-0.123056,-0.601516,0.789326]],[[0.842122,-0.505081,-0.189005],[0.2118,0.63207,-0.745405],[0.495955,0.587691,0.639256]],[[0.842122,-0.505081,-0.189005],[-0.220077,-0.00190315,-0.975481],[0.492337,0.86307,-0.11276]],[[0.842122,-0.505081,-0.189005],[-0.372438,-0.291221,-0.881181],[0.390026,0.812455,-0.433355]]],"btipPosition":[-40.3199,230.75,-18.3731],"carpPosition":[-3.67037,256.921,56.1589],"dipPosition":[-32.9905,246.018,-26.5167],"direction":[-0.492337,-0.86307,0.11276],"extended":false,"handId":506,"id":5062,"length":67.0064,"mcpPosition":[4.91502,298.887,1.08918],"pipPosition":[-18.9902,270.56,-29.7232],"stabilizedTipPosition":[-43.0243,221.49,-42.5259],"timeVisible":83.8255,"tipPosition":[-38.7881,234.416,-21.3681],"tipVelocity":[45.8151,83.9754,31.7056],"tool":false,"touchDistance":0.333333,"touchZone":"none","type":2,"width":18.9972},{"bases":[[[0.781028,-0.605421,-0.153171],[0.568229,0.587205,0.57646],[-0.259058,-0.537267,0.802641]],[[0.774589,-0.618135,-0.133872],[0.326426,0.572017,-0.752491],[0.541718,0.539172,0.644853]],[[0.774589,-0.618135,-0.133872],[-0.175769,-0.00706032,-0.984406],[0.607551,0.78604,-0.114118]],[[0.774589,-0.618135,-0.133872],[-0.369053,-0.269848,-0.889372],[0.513627,0.738303,-0.437146]]],"btipPosition":[-27.1258,226.18,-14.5425],"carpPosition":[7.2775,252.185,53.2177],"dipPosition":[-17.5292,239.975,-22.7102],"direction":[-0.607551,-0.78604,0.114118],"extended":false,"handId":506,"id":5063,"length":64.4285,"mcpPosition":[23.5049,285.84,2.94029],"pipPosition":[-0.698838,261.75,-25.8715],"stabilizedTipPosition":[-29.3946,217.104,-35.8482],"timeVisible":83.8255,"tipPosition":[-25.0679,229.361,-17.0955],"tipVelocity":[43.7879,80.8098,31.0664],"tool":false,"touchDistance":0.333333,"touchZone":"none","type":3,"width":18.077},{"bases":[[[0.641099,-0.75218,-0.152372],[0.657655,0.436103,0.61425],[-0.395577,-0.494004,0.77426]],[[0.65461,-0.734348,-0.179498],[0.435577,0.560455,-0.704388],[0.617866,0.382914,0.686745]],[[0.65461,-0.734348,-0.179498],[-0.162142,0.0955283,-0.982133],[0.738374,0.672018,-0.0565348]],[[0.65461,-0.734348,-0.179498],[-0.403161,-0.138266,-0.904623],[0.63949,0.664542,-0.386571]]],"btipPosition":[-9.41794,231.847,-13.2893],"carpPosition":[14.9562,241.34,48.12],"dipPosition":[1.60481,243.302,-19.9526],"direction":[-0.738374,-0.672018,0.0565348],"extended":false,"handId":506,"id":5064,"length":50.5107,"mcpPosition":[37.8938,269.985,3.2244],"pipPosition":[16.0465,256.446,-21.0583],"stabilizedTipPosition":[-11.9808,223.25,-32.7853],"timeVisible":83.8255,"tipPosition":[-7.09858,234.639,-15.3965],"tipVelocity":[45.4623,76.272,35.7866],"tool":false,"touchDistance":0.333333,"touchZone":"none","type":4,"width":16.0574}],"r":[[0.670937,-0.658366,0.341171],[0.712299,0.444356,-0.543303],[0.206091,0.607537,0.767088]],"s":1.13852,"t":[14.8544,15.3968,8.55805],"timestamp":97898298928},false],[2,{"currentFrameRate":105.868,"devices":[],"gestures":[],"hands":[{"armBasis":[[0.875208,-0.216561,-0.432565],[0.405558,0.81591,0.412085],[0.263692,-0.53609,0.801919]],"armWidth":63.72,"confidence":0.476669,"direction":[0.207019,0.689165,-0.694403],"elbow":[69.8615,96.0819,271.528],"grabStrength":0.324369,"id":506,"palmNormal":[-0.354813,-0.608568,-0.709756],"palmPosition":[1.36091,278.41,15.3497],"palmVelocity":[41.1279,70.0019,36.5694],"palmWidth":90.99,"pinchStrength":0.425549,"r":[[0.669865,-0.659217,0.341633],[0.713665,0.444715,-0.541213],[0.204848,0.606351,0.768359]],"s":1.13816,"sphereCenter":[-7.01977,254.5,-31.114],"sphereRadius":46.4309,"stabilizedPalmPosition":[-3.53924,268.578,-0.682088],"t":[15.2651,16.096,8.83877],"timeVisible":83.835,"type":"right","wrist":[-1.33545,240.826,55.01]}],"id":1807234,"interactionBox":{"center":[0,200,0],"size":[235.247,235.247,147.751]},"pointables":[{"bases":[[[0.724628,0.520528,0.451624],[-0.655869,0.319742,0.683813],[0.211541,-0.791717,0.573092]],[[0.662965,0.677176,0.319234],[-0.725258,0.475171,0.498211],[0.185686,-0.561823,0.806148]],[[0.662965,0.677176,0.319234],[-0.715216,0.698898,0.00277792],[-0.221231,-0.230163,0.947672]],[[0.662965,0.677176,0.319234],[-0.740489,0.655924,0.14642],[-0.110242,-0.333461,0.936296]]],"btipPosition":[-31.0134,286.805,-41.3649],"carpPosition":[-31.8675,243.108,53.1002],"dipPosition":[-33.5935,279.001,-19.4522],"direction":[0.221231,0.230163,-0.947672],"extended":false,"handId":506,"id":5060,"length":52.1164,"mcpPosition":[-31.8675,243.108,53.1002],"pipPosition":[-41.1365,271.153,12.8592],"stabilizedTipPosition":[-35.6249,274.455,-51.0284],"timeVisible":83.835,"tipPosition":[-31.3494,284.655,-36.778],"tipVelocity":[53.5882,93.3381,42.699],"tool":false,"touchDistance":0.246782,"touchZone":"hovering","type":0,"width":20.25},{"bases":[[[0.933545,-0.272021,-0.233448],[0.358453,0.71241,0.60331],[0.00219829,-0.646897,0.762574]],[[0.933146,-0.25447,-0.253936],[0.281589,0.956501,0.0762516],[0.223486,-0.142659,0.964211]],[[0.933146,-0.25447,-0.253936],[0.248804,0.967005,-0.0547491],[0.259489,-0.0120914,0.96567]],[[0.933146,-0.25447,-0.253936],[0.225123,0.964349,-0.139107],[0.280282,0.0726406,0.957165]]],"btipPosition":[-36.1851,311.982,-78.6296],"carpPosition":[-15.3611,259.21,58.5918],"dipPosition":[-31.3963,313.223,-62.2759],"direction":[-0.25949,0.0120914,-0.96567],"extended":true,"handId":506,"id":5061,"length":58.8075,"mcpPosition":[-15.5228,306.802,2.48955],"pipPosition":[-25.1243,312.931,-38.9353],"stabilizedTipPosition":[-38.0995,306.935,-86.6712],"timeVisible":83.835,"tipPosition":[-34.5356,313.014,-74.8968],"tipVelocity":[56.6657,61.2091,33.362],"tool":false,"touchDistance":0.231092,"touchZone":"hovering","type":1,"width":19.3428},{"bases":[[[0.850382,-0.474354,-0.227682],[0.511081,0.641791,0.571753],[-0.125089,-0.602572,0.7882]],[[0.842896,-0.504468,-0.187187],[0.213567,0.63296,-0.744144],[0.493879,0.587259,0.641257]],[[0.842896,-0.504468,-0.187187],[-0.217717,-0.00161869,-0.976011],[0.492063,0.863429,-0.111196]],[[0.842896,-0.504468,-0.187187],[-0.370222,-0.291281,-0.882095],[0.390465,0.812814,-0.432285]]],"btipPosition":[-39.7889,231.397,-18.2885],"carpPosition":[-3.38083,257.49,56.326],"dipPosition":[-32.4513,246.672,-26.412],"direction":[-0.492063,-0.863429,0.111196],"extended":false,"handId":506,"id":5062,"length":67.0064,"mcpPosition":[5.3464,299.53,1.33485],"pipPosition":[-18.4588,271.224,-29.574],"stabilizedTipPosition":[-42.9133,221.792,-42.0216],"timeVisible":83.835,"tipPosition":[-38.2508,235.062,-21.2618],"tipVelocity":[48.7802,79.4895,25.3006],"tool":false,"touchDistance":0.333333,"touchZone":"none","type":2,"width":18.9972},{"bases":[[[0.781742,-0.604879,-0.151659],[0.566283,0.586724,0.57886],[-0.261158,-0.538401,0.8012]],[[0.775411,-0.617323,-0.132854],[0.327676,0.573218,-0.751032],[0.539783,0.538826,0.646762]],[[0.775411,-0.617323,-0.132854],[-0.1742,-0.00689671,-0.984686],[0.606953,0.78668,-0.112885]],[[0.775411,-0.617323,-0.132854],[-0.367569,-0.270187,-0.889883],[0.51345,0.738858,-0.436414]]],"btipPosition":[-26.5878,226.817,-14.3923],"carpPosition":[7.57769,252.764,53.4108],"dipPosition":[-16.9945,240.622,-22.5463],"direction":[-0.606953,-0.78668,0.112885],"extended":false,"handId":506,"id":5063,"length":64.4285,"mcpPosition":[23.9367,286.489,3.22364],"pipPosition":[-0.180652,262.414,-25.6734],"stabilizedTipPosition":[-29.3245,217.284,-35.5744],"timeVisible":83.835,"tipPosition":[-24.5307,230.006,-16.9453],"tipVelocity":[47.4687,76.9377,26.7855],"tool":false,"touchDistance":0.333333,"touchZone":"none","type":3,"width":18.077},{"bases":[[[0.641877,-0.751701,-0.151455],[0.655666,0.435614,0.616719],[-0.397613,-0.495162,0.772476]],[[0.655849,-0.733285,-0.179317],[0.437005,0.562493,-0.701875],[0.615539,0.381961,0.68936]],[[0.655849,-0.733285,-0.179317],[-0.159965,0.0971462,-0.982331],[0.737749,0.672945,-0.0535869]],[[0.655849,-0.733285,-0.179317],[-0.401155,-0.137323,-0.905658],[0.639482,0.665909,-0.384224]]],"btipPosition":[-8.88537,232.495,-13.1747],"carpPosition":[15.276,241.929,48.3218],"dipPosition":[2.13724,243.973,-19.7975],"direction":[-0.737749,-0.672945,0.0535869],"extended":false,"handId":506,"id":5064,"length":50.5107,"mcpPosition":[38.3317,270.641,3.52962],"pipPosition":[16.5667,257.135,-20.8456],"stabilizedTipPosition":[-11.8978,223.425,-32.5186],"timeVisible":83.835,"tipPosition":[-6.56934,235.291,-15.2572],"tipVelocity":[48.5185,74.1167,29.2591],"tool":false,"touchDistance":0.333333,"touchZone":"none","type":4,"width":16.0574}],"r":[[0.669865,-0.659217,0.341633],[0.713665,0.444715,-0.541213],[0.204848,0.606351,0.768359]],"s":1.13816,"t":[15.2651,16.096,8.83877],"timestamp":97898308420},false],[3,{"currentFrameRate":105.932,"devices":[],"gestures":[],"hands":[{"armBasis":[[0.877957,-0.210627,-0.429917],[0.399306,0.817566,0.414899],[0.264097,-0.535932,0.801892]],"armWidth":63.72,"confidence":0.480516,"direction":[0.207309,0.690935,-0.692554],"elbow":[70.6018,96.707,272.149],"grabStrength":0.325441,"id":506,"palmNormal":[-0.347983,-0.60955,-0.71229],"palmPosition":[2.01766,279.048,16.0326],"palmVelocity":[49.4225,69.564,46.9452],"palmWidth":90.99,"pinchStrength":0.425256,"r":[[0.669295,-0.659307,0.342577],[0.71489,0.445822,-0.538678],[0.202426,0.60544,0.769719]],"s":1.13798,"sphereCenter":[-6.0097,255.154,-30.5038],"sphereRadius":46.437,"stabilizedPalmPosition":[-3.36608,268.904,-0.161257],"t":[15.7989,16.7646,9.32055],"timeVisible":83.8443,"type":"right","wrist":[-0.704305,241.409,55.6381]}],"id":1807235,"interactionBox":{"center":[0,200,0],"size":[235.247,235.247,147.751]},"pointables":[{"bases":[[[0.719607,0.523626,0.45605],[-0.6611,0.315744,0.680627],[0.212399,-0.791279,0.57338]],[[0.658046,0.679798,0.323807],[-0.729712,0.469661,0.49693],[0.185732,-0.563288,0.805115]],[[0.658046,0.679798,0.323807],[-0.718225,0.69581,-0.00119081],[-0.226118,-0.231783,0.946122]],[[0.658046,0.679798,0.323807],[-0.74421,0.652608,0.142316],[-0.114573,-0.334631,0.935358]]],"btipPosition":[-30.1169,287.393,-40.7716],"carpPosition":[-31.2366,243.541,53.5671],"dipPosition":[-32.7983,279.562,-18.8809],"direction":[0.226118,0.231783,-0.946122],"extended":false,"handId":506,"id":5060,"length":52.1164,"mcpPosition":[-31.2366,243.541,53.5671],"pipPosition":[-40.5079,271.659,13.3777],"stabilizedTipPosition":[-35.406,274.954,-50.3441],"timeVisible":83.8443,"tipPosition":[-30.4694,285.237,-36.194],"tipVelocity":[64.9269,84.6051,48.4703],"tool":false,"touchDistance":0.256586,"touchZone":"hovering","type":0,"width":20.25},{"bases":[[[0.936121,-0.267134,-0.22873],[0.351676,0.713525,0.605975],[0.00132835,-0.647705,0.76189]],[[0.935741,-0.249491,-0.249284],[0.276225,0.957909,0.0781651],[0.21929,-0.142001,0.965271]],[[0.935741,-0.249491,-0.249284],[0.244152,0.968307,-0.052636],[0.254516,-0.0116095,0.966999]],[[0.935741,-0.249491,-0.249284],[0.220997,0.965623,-0.136865],[0.274861,0.0729791,0.95871]]],"btipPosition":[-35.2069,312.504,-78.1111],"carpPosition":[-14.84,259.718,59.1641],"dipPosition":[-30.5107,313.751,-61.731],"direction":[-0.254516,0.0116095,-0.966999],"extended":true,"handId":506,"id":5061,"length":58.8075,"mcpPosition":[-14.9378,307.37,3.11213],"pipPosition":[-24.359,313.471,-38.3582],"stabilizedTipPosition":[-37.9535,307.15,-86.218],"timeVisible":83.8443,"tipPosition":[-33.5927,313.529,-74.3676],"tipVelocity":[69.6725,59.7823,39.8434],"tool":false,"touchDistance":0.239836,"touchZone":"hovering","type":1,"width":19.3428},{"bases":[[[0.853933,-0.469884,-0.223623],[0.50482,0.643697,0.575161],[-0.126313,-0.604039,0.786881]],[[0.84638,-0.500079,-0.1832],[0.214293,0.634686,-0.742464],[0.487565,0.589148,0.644349]],[[0.84638,-0.500079,-0.1832],[-0.212906,-0.00239915,-0.97707],[0.488172,0.865977,-0.1085]],[[0.84638,-0.500079,-0.1832],[-0.364472,-0.293055,-0.8839],[0.388332,0.814886,-0.4303]]],"btipPosition":[-38.707,231.868,-17.8247],"carpPosition":[-2.83942,258.061,56.9607],"dipPosition":[-31.4095,247.181,-25.9109],"direction":[-0.488172,-0.865977,0.1085],"extended":false,"handId":506,"id":5062,"length":67.0064,"mcpPosition":[5.9732,300.203,2.06159],"pipPosition":[-17.5276,271.806,-28.9963],"stabilizedTipPosition":[-42.7385,222.196,-41.3581],"timeVisible":83.8443,"tipPosition":[-37.1718,235.538,-20.7735],"tipVelocity":[67.5296,71.5499,32.4765],"tool":false,"touchDistance":0.333333,"touchZone":"none","type":2,"width":18.9972},{"bases":[[[0.785536,-0.60083,-0.148108],[0.560256,0.588898,0.582506],[-0.262767,-0.540557,0.799219]],[[0.779228,-0.61321,-0.129525],[0.328664,0.575775,-0.748641],[0.533651,0.540792,0.6502]],[[0.779228,-0.61321,-0.129525],[-0.169136,-0.00675145,-0.98557],[0.603487,0.789891,-0.108977]],[[0.779228,-0.61321,-0.129525],[-0.361674,-0.271181,-0.891994],[0.511855,0.741912,-0.433094]]],"btipPosition":[-25.507,227.346,-13.9037],"carpPosition":[8.15788,253.392,54.0993],"dipPosition":[-15.9435,241.208,-21.9956],"direction":[-0.603487,-0.789891,0.108977],"extended":false,"handId":506,"id":5063,"length":64.4285,"mcpPosition":[24.6176,287.252,4.03617],"pipPosition":[0.774273,263.09,-25.0145],"stabilizedTipPosition":[-29.2148,217.526,-35.2134],"timeVisible":83.8443,"tipPosition":[-23.4535,230.549,-16.4355],"tipVelocity":[66.6274,71.6331,34.4671],"tool":false,"touchDistance":0.333333,"touchZone":"none","type":3,"width":18.077},{"bases":[[[0.646403,-0.748344,-0.148808],[0.650184,0.438192,0.620684],[-0.399278,-0.497965,0.76981]],[[0.66088,-0.729203,-0.177487],[0.437813,0.566682,-0.697991],[0.609555,0.383582,0.693763]],[[0.66088,-0.729203,-0.177487],[-0.156147,0.0977167,-0.982888],[0.734068,0.677285,-0.0492835]],[[0.66088,-0.729203,-0.177487],[-0.396877,-0.138855,-0.907308],[0.636966,0.670062,-0.38117]]],"btipPosition":[-7.80082,233.115,-12.5943],"carpPosition":[15.9371,242.601,49.0401],"dipPosition":[3.17844,244.665,-19.1645],"direction":[-0.734068,-0.677285,0.0492835],"extended":false,"handId":506,"id":5064,"length":50.5107,"mcpPosition":[39.0893,271.475,4.40252],"pipPosition":[17.5359,257.912,-20.1284],"stabilizedTipPosition":[-11.7723,223.659,-32.1697],"timeVisible":83.8443,"tipPosition":[-5.50208,235.922,-14.6478],"tipVelocity":[67.4012,72.4836,38.9615],"tool":false,"touchDistance":0.333333,"touchZone":"none","type":4,"width":16.0574}],"r":[[0.669295,-0.659307,0.342577],[0.71489,0.445822,-0.538678],[0.202426,0.60544,0.769719]],"s":1.13798,"t":[15.7989,16.7646,9.32055],"timestamp":97898317742},false],[4,{"currentFrameRate":105.946,"devices":[],"gestures":[],"hands":[{"armBasis":[[0.881394,-0.202926,-0.426574],[0.391782,0.81854,0.420117],[0.263916,-0.537413,0.800959]],"armWidth":63.72,"confidence":0.481958,"direction":[0.206056,0.688754,-0.695096],"elbow":[70.8498,97.1305,272.236],"grabStrength":0.325545,"id":506,"palmNormal":[-0.34104,-0.615256,-0.710741],"palmPosition":[2.25487,279.69,16.1951],"palmVelocity":[42.5133,69.1653,38.4801],"palmWidth":90.99,"pinchStrength":0.424643,"r":[[0.669356,-0.658201,0.344578],[0.715779,0.447061,-0.536467],[0.199056,0.605729,0.770369]],"s":1.138,"sphereCenter":[-5.4685,255.544,-30.2528],"sphereRadius":46.4323,"stabilizedPalmPosition":[-3.15442,269.31,0.454663],"t":[16.1844,17.4198,9.64271],"timeVisible":83.8538,"type":"right","wrist":[-0.407388,242.232,55.9766]}],"id":1807236,"interactionBox":{"center":[0,200,0],"size":[235.247,235.247,147.751]},"pointables":[{"bases":[[[0.714317,0.530377,0.456565],[-0.666046,0.314999,0.676135],[0.214789,-0.787068,0.578265]],[[0.652653,0.684983,0.323793],[-0.734144,0.466101,0.493743],[0.187285,-0.559954,0.807078]],[[0.652653,0.684983,0.323793],[-0.721773,0.692068,-0.00922589],[-0.230407,-0.227684,0.946083]],[[0.652653,0.684983,0.323793],[-0.748713,0.648556,0.137125],[-0.11607,-0.331923,0.936138]]],"btipPosition":[-29.7195,287.646,-40.6924],"carpPosition":[-30.943,244.163,53.7613],"dipPosition":[-32.436,279.878,-18.7834],"direction":[0.230407,0.227684,-0.946083],"extended":false,"handId":506,"id":5060,"length":52.1164,"mcpPosition":[-30.943,244.163,53.7613],"pipPosition":[-40.2918,272.115,13.4739],"stabilizedTipPosition":[-35.1282,275.552,-49.5378],"timeVisible":83.8538,"tipPosition":[-30.0729,285.493,-36.1159],"tipVelocity":[58.2035,68.575,37.1742],"tool":false,"touchDistance":0.257977,"touchZone":"hovering","type":0,"width":20.25},{"bases":[[[0.938764,-0.26242,-0.223288],[0.344555,0.71872,0.603923],[0.00200005,-0.643876,0.765127]],[[0.938365,-0.244876,-0.24394],[0.269892,0.960003,0.0745106],[0.215938,-0.135756,0.966924]],[[0.938365,-0.244876,-0.24394],[0.238348,0.969541,-0.0564059],[0.250323,-0.0052133,0.968148]],[[0.938365,-0.244876,-0.24394],[0.215596,0.966297,-0.14067],[0.270166,0.0794076,0.959534]]],"btipPosition":[-34.7629,312.442,-78.2774],"carpPosition":[-14.6722,260.471,59.3488],"dipPosition":[-30.1469,313.799,-61.8832],"direction":[-0.250323,0.0052133,-0.968148],"extended":true,"handId":506,"id":5061,"length":58.8075,"mcpPosition":[-14.8193,307.84,3.05874],"pipPosition":[-24.0965,313.673,-38.4826],"stabilizedTipPosition":[-37.7447,307.426,-85.6429],"timeVisible":83.8538,"tipPosition":[-33.1746,313.491,-74.5318],"tipVelocity":[62.6941,41.6114,23.5404],"tool":false,"touchDistance":0.237119,"touchZone":"hovering","type":1,"width":19.3428},{"bases":[[[0.857818,-0.465651,-0.217525],[0.498264,0.649697,0.574131],[-0.12602,-0.600885,0.789339]],[[0.850274,-0.495692,-0.176983],[0.213513,0.63218,-0.744823],[0.481088,0.595515,0.643363]],[[0.850274,-0.495692,-0.176983],[-0.208963,-0.00929471,-0.977879],[0.483082,0.868449,-0.111484]],[[0.850274,-0.495692,-0.176983],[-0.359127,-0.300548,-0.883572],[0.384787,0.814838,-0.433564]]],"btipPosition":[-38.0164,232.087,-17.5569],"carpPosition":[-2.6519,258.877,57.2063],"dipPosition":[-30.7855,247.4,-25.7045],"direction":[-0.483082,-0.868449,0.111484],"extended":false,"handId":506,"id":5062,"length":67.0064,"mcpPosition":[6.14025,300.799,2.13568],"pipPosition":[-17.0484,272.095,-28.8747],"stabilizedTipPosition":[-42.4983,222.701,-40.5333],"timeVisible":83.8538,"tipPosition":[-36.4913,235.748,-20.5049],"tipVelocity":[68.7291,57.7942,30.8997],"tool":false,"touchDistance":0.333333,"touchZone":"none","type":2,"width":18.9972},{"bases":[[[0.789905,-0.596644,-0.141653],[0.554007,0.595282,0.581992],[-0.262919,-0.538196,0.800762]],[[0.783635,-0.60889,-0.123159],[0.328287,0.574205,-0.750011],[0.527393,0.547304,0.649858]],[[0.783635,-0.60889,-0.123159],[-0.164848,-0.0126732,-0.986238],[0.598949,0.793153,-0.110306]],[[0.783635,-0.60889,-0.123159],[-0.356139,-0.277893,-0.892155],[0.508999,0.742986,-0.434617]]],"btipPosition":[-24.81,227.668,-13.6026],"carpPosition":[8.38675,254.262,54.4165],"dipPosition":[-15.2998,241.55,-21.7229],"direction":[-0.598949,-0.793153,0.110306],"extended":false,"handId":506,"id":5063,"length":64.4285,"mcpPosition":[24.856,287.975,4.25677],"pipPosition":[1.29228,263.522,-24.7786],"stabilizedTipPosition":[-29.0632,217.833,-34.7592],"timeVisible":83.8538,"tipPosition":[-22.7663,230.871,-16.1345],"tipVelocity":[68.371,61.0791,33.5622],"tool":false,"touchDistance":0.333333,"touchZone":"none","type":3,"width":18.077},{"bases":[[[0.651697,-0.745026,-0.142223],[0.644702,0.445333,0.621319],[-0.399562,-0.496604,0.770542]],[[0.666546,-0.725426,-0.171679],[0.43785,0.567361,-0.697416],[0.603328,0.38969,0.6958]],[[0.666546,-0.725426,-0.171679],[-0.152887,0.0923749,-0.983917],[0.729618,0.682073,-0.0493363]],[[0.666546,-0.725426,-0.171679],[-0.393064,-0.146322,-0.907794],[0.633418,0.672567,-0.382669]]],"btipPosition":[-7.09787,233.578,-12.2764],"carpPosition":[16.2552,243.495,49.4456],"dipPosition":[3.82022,245.171,-18.8724],"direction":[-0.729618,-0.682073,0.0493363],"extended":false,"handId":506,"id":5064,"length":50.5107,"mcpPosition":[39.4238,272.291,4.76556],"pipPosition":[18.0907,258.511,-19.8374],"stabilizedTipPosition":[-11.6006,223.959,-31.7305],"timeVisible":83.8538,"tipPosition":[-4.82209,236.376,-14.3032],"tipVelocity":[69.0483,66.1285,37.2998],"tool":false,"touchDistance":0.333333,"touchZone":"none","type":4,"width":16.0574}],"r":[[0.669356,-0.658201,0.344578],[0.715779,0.447061,-0.536467],[0.199056,0.605729,0.770369]],"s":1.138,"t":[16.1844,17.4198,9.64271],"timestamp":97898327156},false],[5,{"currentFrameRate":105.938,"devices":[],"gestures":[],"hands":[{"armBasis":[[0.884433,-0.200641,-0.421334],[0.387227,0.819415,0.422629],[0.260451,-0.536938,0.802411]],"armWidth":63.72,"confidence":0.487077,"direction":[0.205964,0.689622,-0.694262],"elbow":[70.2492,97.8699,272.73],"grabStrength":0.32533,"id":506,"palmNormal":[-0.336296,-0.616379,-0.712027],"palmPosition":[2.59171,280.318,16.3134],"palmVelocity":[40.5429,68.367,31.0483],"palmWidth":90.99,"pinchStrength":0.423839,"r":[[0.669638,-0.656837,0.346626],[0.716529,0.448595,-0.534181],[0.195375,0.606076,0.771039]],"s":1.13815,"sphereCenter":[-4.92188,256.179,-30.1581],"sphereRadius":46.4253,"stabilizedPalmPosition":[-2.89554,269.806,1.16915],"t":[16.5456,18.0612,9.86295],"timeVisible":83.8632,"type":"right","wrist":[-0.0725487,242.843,56.0794]}],"id":1807237,"interactionBox":{"center":[0,200,0],"size":[235.247,235.247,147.751]},"pointables":[{"bases":[[[0.710769,0.532911,0.459145],[-0.669556,0.312444,0.67385],[0.215645,-0.786375,0.578889]],[[0.649091,0.687156,0.326341],[-0.737305,0.462688,0.492241],[0.187252,-0.560122,0.806969]],[[0.649091,0.687156,0.326341],[-0.723882,0.689808,-0.0126875],[-0.233831,-0.227997,0.945167]],[[0.649091,0.687156,0.326341],[-0.751581,0.645555,0.135586],[-0.117503,-0.33328,0.935477]]],"btipPosition":[-29.2317,288.197,-40.6439],"carpPosition":[-30.6071,244.663,53.7576],"dipPosition":[-31.9816,280.397,-18.7504],"direction":[0.233831,0.227997,-0.945167],"extended":false,"handId":506,"id":5060,"length":52.1164,"mcpPosition":[-30.6071,244.663,53.7576],"pipPosition":[-39.9543,272.623,13.4756],"stabilizedTipPosition":[-34.7794,276.271,-48.6149],"timeVisible":83.8632,"tipPosition":[-29.5921,286.04,-36.0684],"tipVelocity":[56.0806,65.3969,27.8933],"tool":false,"touchDistance":0.258725,"touchZone":"hovering","type":0,"width":20.25},{"bases":[[[0.940494,-0.258944,-0.220043],[0.339806,0.719874,0.605238],[0.00168057,-0.643995,0.765028]],[[0.940102,-0.241382,-0.240712],[0.266128,0.960958,0.075734],[0.213033,-0.135258,0.967637]],[[0.940102,-0.241382,-0.240712],[0.235109,0.970417,-0.0548995],[0.246843,-0.00498229,0.969043]],[[0.940102,-0.241382,-0.240712],[0.212741,0.967171,-0.139],[0.266362,0.0794654,0.960592]]],"btipPosition":[-34.209,312.981,-78.2846],"carpPosition":[-14.4157,261.029,59.4046],"dipPosition":[-29.6581,314.339,-61.8723],"direction":[-0.246843,0.00498229,-0.969043],"extended":true,"handId":506,"id":5061,"length":58.8075,"mcpPosition":[-14.5394,308.407,3.12184],"pipPosition":[-23.6918,314.218,-38.4502],"stabilizedTipPosition":[-37.4558,307.796,-84.9411],"timeVisible":83.8632,"tipPosition":[-32.6529,314.004,-74.5317],"tipVelocity":[61.0647,46.03,16.7083],"tool":false,"touchDistance":0.237067,"touchZone":"hovering","type":1,"width":19.3428},{"bases":[[[0.860273,-0.462471,-0.214595],[0.49387,0.651419,0.575973],[-0.12658,-0.601476,0.788799]],[[0.852698,-0.492546,-0.174085],[0.213715,0.632974,-0.74409],[0.47669,0.597279,0.645]],[[0.852698,-0.492546,-0.174085],[-0.20585,-0.0105202,-0.978527],[0.480138,0.870223,-0.110361]],[[0.852698,-0.492546,-0.174085],[-0.355278,-0.302449,-0.884478],[0.382995,0.816041,-0.432888]]],"btipPosition":[-37.3783,232.573,-17.5451],"carpPosition":[-2.38227,259.48,57.3039],"dipPosition":[-30.1811,247.908,-25.6799],"direction":[-0.480138,-0.870223,0.110361],"extended":false,"handId":506,"id":5062,"length":67.0064,"mcpPosition":[6.44894,301.443,2.27102],"pipPosition":[-16.5277,272.654,-28.8182],"stabilizedTipPosition":[-42.1831,223.324,-39.5508],"timeVisible":83.8632,"tipPosition":[-35.8565,236.235,-20.4749],"tipVelocity":[68.1407,56.1211,22.5014],"tool":false,"touchDistance":0.333333,"touchZone":"none","type":2,"width":18.9972},{"bases":[[[0.792575,-0.593724,-0.138982],[0.549784,0.597207,0.584021],[-0.263746,-0.539291,0.799752]],[[0.786325,-0.605924,-0.120623],[0.32874,0.57566,-0.748696],[0.523091,0.549064,0.651847]],[[0.786325,-0.605924,-0.120623],[-0.161446,-0.013068,-0.986795],[0.596346,0.795415,-0.108099]],[[0.786325,-0.605924,-0.120623],[-0.352094,-0.279071,-0.893392],[0.507665,0.744967,-0.432783]]],"btipPosition":[-24.1727,228.202,-13.588],"carpPosition":[8.68289,254.906,54.552],"dipPosition":[-14.6875,242.121,-21.6741],"direction":[-0.596346,-0.795415,0.108099],"extended":false,"handId":506,"id":5063,"length":64.4285,"mcpPosition":[25.204,288.687,4.45556],"pipPosition":[1.83249,264.155,-24.6687],"stabilizedTipPosition":[-28.8607,218.221,-34.2064],"timeVisible":83.8632,"tipPosition":[-22.133,231.413,-16.1054],"tipVelocity":[67.9213,60.0187,24.6342],"tool":false,"touchDistance":0.333333,"touchZone":"none","type":3,"width":18.077},{"bases":[[[0.654914,-0.742611,-0.14006],[0.64089,0.447584,0.623641],[-0.400434,-0.498194,0.769061]],[[0.670143,-0.722462,-0.17017],[0.437702,0.569823,-0.695498],[0.599438,0.391599,0.698086]],[[0.670143,-0.722462,-0.17017],[-0.151376,0.0914158,-0.98424],[0.726632,0.685341,-0.0481018]],[[0.670143,-0.722462,-0.17017],[-0.39111,-0.148862,-0.908225],[0.630826,0.675196,-0.382321]]],"btipPosition":[-6.45383,234.167,-12.1401],"carpPosition":[16.608,244.168,49.607],"dipPosition":[4.4196,245.805,-18.7301],"direction":[-0.726632,-0.685341,0.0481018],"extended":false,"handId":506,"id":5064,"length":50.5107,"mcpPosition":[39.8273,273.056,5.01285],"pipPosition":[18.6316,259.21,-19.6709],"stabilizedTipPosition":[-11.3749,224.34,-31.1972],"timeVisible":83.8632,"tipPosition":[-4.19094,236.974,-14.1682],"tipVelocity":[68.4726,65.3442,30.7919],"tool":false,"touchDistance":0.333333,"touchZone":"none","type":4,"width":16.0574}],"r":[[0.669638,-0.656837,0.346626],[0.716529,0.448595,-0.534181],[0.195375,0.606076,0.771039]],"s":1.13815,"t":[16.5456,18.0612,9.86295],"timestamp":97898336610},false],[6,{"currentFrameRate":105.94,"devices":[],"gestures":[],"hands":[{"armBasis":[[0.886433,-0.199401,-0.417703],[0.38437,0.819899,0.424295],[0.257869,-0.536661,0.803429]],"armWidth":63.72,"confidence":0.487859,"direction":[0.20563,0.690133,-0.693854],"elbow":[69.8215,98.3781,273.067],"grabStrength":0.324108,"id":506,"palmNormal":[-0.333452,-0.617169,-0.71268],"palmPosition":[2.8469,280.758,16.3814],"palmVelocity":[36.6852,62.176,24.2355],"palmWidth":90.99,"pinchStrength":0.422339,"r":[[0.670039,-0.655425,0.348519],[0.717108,0.45017,-0.532074],[0.191842,0.606436,0.771642]],"s":1.1386,"sphereCenter":[-4.57522,256.641,-30.1024],"sphereRadius":46.427,"stabilizedPalmPosition":[-2.59432,270.381,1.96711],"t":[16.8537,18.6022,10.0071],"timeVisible":83.8726,"type":"right","wrist":[0.196835,243.277,56.1415]}],"id":1807238,"interactionBox":{"center":[0,200,0],"size":[235.247,235.247,147.751]},"pointables":[{"bases":[[[0.708606,0.534607,0.460513],[-0.671592,0.310816,0.672576],[0.216429,-0.785868,0.579284]],[[0.646953,0.68845,0.327854],[-0.73899,0.460062,0.492176],[0.188006,-0.560696,0.806396]],[[0.646953,0.68845,0.327854],[-0.725094,0.688489,-0.0149112],[-0.23599,-0.228078,0.944611]],[[0.646953,0.68845,0.327854],[-0.753564,0.642972,0.136849],[-0.116587,-0.335594,0.934764]]],"btipPosition":[-28.9475,288.642,-40.5758],"carpPosition":[-30.3375,245.023,53.7615],"dipPosition":[-31.6761,280.788,-18.699],"direction":[0.235989,0.228078,-0.944611],"extended":false,"handId":506,"id":5060,"length":52.1164,"mcpPosition":[-30.3375,245.023,53.7615],"pipPosition":[-39.7223,273.012,13.5081],"stabilizedTipPosition":[-34.3779,277.086,-47.6065],"timeVisible":83.8726,"tipPosition":[-29.2932,286.465,-36.0027],"tipVelocity":[48.8094,59.8253,21.8687],"tool":false,"touchDistance":0.259796,"touchZone":"hovering","type":0,"width":20.25},{"bases":[[[0.941533,-0.256676,-0.218252],[0.336917,0.720674,0.605901],[0.00176834,-0.644008,0.765017]],[[0.94114,-0.239155,-0.238873],[0.263859,0.961486,0.0769626],[0.211267,-0.135461,0.967996]],[[0.94114,-0.239155,-0.238873],[0.233323,0.970963,-0.0528377],[0.244573,-0.00600675,0.969612]],[[0.94114,-0.239155,-0.238873],[0.211309,0.967848,-0.136452],[0.263826,0.0779441,0.961416]]],"btipPosition":[-33.822,313.44,-78.292],"carpPosition":[-14.1964,261.428,59.4397],"dipPosition":[-29.3144,314.772,-61.8656],"direction":[-0.244573,0.00600675,-0.969612],"extended":true,"handId":506,"id":5061,"length":58.8075,"mcpPosition":[-14.3265,308.807,3.15772],"pipPosition":[-23.403,314.627,-38.4297],"stabilizedTipPosition":[-37.0964,308.254,-84.1386],"timeVisible":83.8726,"tipPosition":[-32.3106,314.39,-74.5315],"tipVelocity":[55.0322,46.6024,11.808],"tool":false,"touchDistance":0.236998,"touchZone":"hovering","type":1,"width":19.3428},{"bases":[[[0.861791,-0.460395,-0.21296],[0.491201,0.652591,0.576929],[-0.126639,-0.601798,0.788544]],[[0.854211,-0.49049,-0.172465],[0.213534,0.633404,-0.743776],[0.474054,0.598514,0.645797]],[[0.854211,-0.49049,-0.172465],[-0.204267,-0.0115605,-0.978847],[0.478121,0.87137,-0.110066]],[[0.854211,-0.49049,-0.172465],[-0.353172,-0.303952,-0.884806],[0.381567,0.816721,-0.432866]]],"btipPosition":[-36.9359,232.919,-17.5165],"carpPosition":[-2.15523,259.907,57.362],"dipPosition":[-29.7655,248.266,-25.6509],"direction":[-0.478121,-0.87137,0.110066],"extended":false,"handId":506,"id":5062,"length":67.0064,"mcpPosition":[6.68011,301.894,2.34685],"pipPosition":[-16.1695,273.045,-28.7808],"stabilizedTipPosition":[-41.8025,224.048,-38.4382],"timeVisible":83.8726,"tipPosition":[-35.4174,236.58,-20.4313],"tipVelocity":[61.8791,50.6308,16.9396],"tool":false,"touchDistance":0.333333,"touchZone":"none","type":2,"width":18.9972},{"bases":[[[0.794265,-0.591813,-0.13748],[0.547229,0.598514,0.585082],[-0.263976,-0.539943,0.799236]],[[0.788056,-0.603939,-0.119269],[0.328728,0.576651,-0.747939],[0.520486,0.550211,0.652965]],[[0.788056,-0.603939,-0.119269],[-0.159631,-0.0133619,-0.987086],[0.594546,0.796919,-0.106937]],[[0.788056,-0.603939,-0.119269],[-0.349829,-0.279924,-0.894014],[0.506544,0.746258,-0.431872]]],"btipPosition":[-23.7279,228.58,-13.5758],"carpPosition":[8.92614,255.36,54.6311],"dipPosition":[-14.2636,242.523,-21.6449],"direction":[-0.594546,-0.796919,0.106937],"extended":false,"handId":506,"id":5063,"length":64.4285,"mcpPosition":[25.4616,289.182,4.56696],"pipPosition":[2.20648,264.599,-24.6072],"stabilizedTipPosition":[-28.6107,218.685,-33.5643],"timeVisible":83.8726,"tipPosition":[-21.6926,231.796,-16.0797],"tipVelocity":[61.8365,54.4933,18.0842],"tool":false,"touchDistance":0.333333,"touchZone":"none","type":3,"width":18.077},{"bases":[[[0.656965,-0.74103,-0.138823],[0.638619,0.449109,0.624873],[-0.400703,-0.499175,0.768285]],[[0.672665,-0.72019,-0.169846],[0.436757,0.571729,-0.694528],[0.597299,0.393003,0.69913]],[[0.672665,-0.72019,-0.169846],[-0.151913,0.0902362,-0.984266],[0.724185,0.687883,-0.0487077]],[[0.672665,-0.72019,-0.169846],[-0.391298,-0.151403,-0.907724],[0.628019,0.677055,-0.383653]]],"btipPosition":[-5.98788,234.566,-12.0032],"carpPosition":[16.8865,244.642,49.701],"dipPosition":[4.83716,246.236,-18.6161],"direction":[-0.724185,-0.687883,0.0487077],"extended":false,"handId":506,"id":5064,"length":50.5107,"mcpPosition":[40.1214,273.587,5.15187],"pipPosition":[19.0014,259.69,-19.5688],"stabilizedTipPosition":[-11.1003,224.79,-30.5811],"timeVisible":83.8726,"tipPosition":[-3.73881,237.382,-14.0451],"tipVelocity":[62.6795,58.9818,25.9791],"tool":false,"touchDistance":0.333333,"touchZone":"none","type":4,"width":16.0574}],"r":[[0.670039,-0.655425,0.348519],[0.717108,0.45017,-0.532074],[0.191842,0.606436,0.771642]],"s":1.1386,"t":[16.8537,18.6022,10.0071],"timestamp":97898346046