{"sensorType":"Leap","data":[[0,{"currentFrameRate":105.681,"devices":[],"gestures":[],"hands":[{"armBasis":[[0.950205,0.17261,-0.259454],[0.0143837,0.807402,0.589826],[0.311294,-0.564188,0.764714]],"armWidth":63.72,"confidence":0.663531,"direction":[0.0594571,0.225424,-0.972445],"elbow":[66.3267,123.067,288.761],"grabStrength":0,"id":506,"palmNormal":[-0.0408622,-0.972802,-0.228005],"palmPosition":[-22.2914,283.774,28.4208],"palmVelocity":[49.7724,60.2709,-371.525],"palmWidth":90.99,"pinchStrength":1,"r":[[0.77864,-0.0849009,0.621701],[0.626664,0.155455,-0.763627],[-0.031814,0.984188,0.174248]],"s":1.32568,"sphereCenter":[-43.4955,265.883,-0.712238],"sphereRadius":51.554,"stabilizedPalmPosition":[-13.8884,257.533,-5.12656],"t":[-8.40038,21.4814,25.6958],"timeVisible":99.2775,"type":"right","wrist":[-17.7226,275.397,82.2884]}],"id":1808838,"interactionBox":{"center":[0,200,0],"size":[235.247,235.247,147.751]},"pointables":[{"bases":[[[0.449499,0.892643,0.0337465],[-0.807627,0.389965,0.442342],[0.381693,-0.226087,0.896211]],[[0.389405,0.915991,-0.096556],[-0.908375,0.364581,-0.204781],[-0.152376,0.167452,0.974034]],[[0.389405,0.915991,-0.096556],[-0.614308,0.180175,-0.76822],[-0.686286,0.358464,0.632862]],[[0.389405,0.915991,-0.096556],[0.164028,-0.17212,-0.971324],[-0.906343,0.362401,-0.217273]]],"btipPosition":[5.41607,236.577,16.6531],"carpPosition":[-46.8012,265.639,81.7673],"dipPosition":[-15.7956,245.058,11.5681],"direction":[0.686286,-0.358464,-0.632862],"extended":false,"handId":506,"id":5060,"length":52.1164,"mcpPosition":[-46.8012,265.639,81.7673],"pipPosition":[-39.195,257.28,33.1459],"stabilizedTipPosition":[-11.1213,225.666,38.7285],"timeVisible":99.2775,"tipPosition":[0.189964,238.609,15.396],"tipVelocity":[152.61,104.329,-366.066],"tool":false,"touchDistance":-0.436322,"touchZone":"hovering","type":0,"width":20.25},{"bases":[[[0.993218,-0.0146871,-0.115337],[0.024263,0.996331,0.0820664],[0.113709,-0.0843082,0.989931]],[[0.999704,-0.0243045,-0.000494507],[0.0207322,0.841792,0.539403],[-0.0126936,-0.539254,0.842047]],[[0.999704,-0.0243045,-0.000494507],[0.0223717,0.911866,0.409878],[-0.00951093,-0.409768,0.91214]],[[0.999704,-0.0243045,-0.000494507],[0.0234591,0.959201,0.28175],[-0.00637344,-0.281678,0.959488]]],"btipPosition":[-44.803,330.73,-71.2332],"carpPosition":[-37.3216,286.643,76.2122],"dipPosition":[-44.9119,325.917,-54.8398],"direction":[0.00951093,0.409768,-0.91214],"extended":true,"handId":506,"id":5061,"length":58.8075,"mcpPosition":[-45.6871,292.845,3.38341],"pipPosition":[-45.1418,316.013,-32.793],"stabilizedTipPosition":[-37.6619,303.703,-88.9856],"timeVisible":99.2775,"tipPosition":[-44.6961,330.175,-67.1362],"tipVelocity":[86.0297,9.68079,-405.337],"tool":false,"touchDistance":-0.415162,"touchZone":"hovering","type":1,"width":19.3428},{"bases":[[[0.980662,-0.195576,0.00717754],[0.19432,0.977412,0.0830996],[-0.0232677,-0.0800979,0.996515]],[[0.980786,-0.195085,0.00110987],[0.0628951,0.310809,-0.948389],[0.184671,0.930237,0.317107]],[[0.980786,-0.195085,0.00110987],[-0.154327,-0.779331,-0.607311],[0.119342,0.59547,-0.794464]],[[0.980786,-0.195085,0.00110987],[-0.194206,-0.976877,-0.0894205],[0.0185288,0.0874868,-0.995993]]],"btipPosition":[-36.2688,230.383,30.8627],"carpPosition":[-25.2491,288.21,74.3639],"dipPosition":[-35.9206,232.027,12.146],"direction":[-0.119342,-0.59547,0.794464],"extended":false,"handId":506,"id":5062,"length":67.0064,"mcpPosition":[-23.6258,293.798,4.83897],"pipPosition":[-32.527,248.96,-10.4457],"stabilizedTipPosition":[-41.7892,221.745,52.0072],"timeVisible":99.2775,"tipPosition":[-36.0743,231.325,28.0316],"tipVelocity":[141.997,6.56548,-470.397],"tool":false,"touchDistance":0.333333,"touchZone":"none","type":2,"width":18.9972},{"bases":[[[0.949092,-0.278353,0.14746],[0.263046,0.95789,0.115124],[-0.173295,-0.0704749,0.982345]],[[0.950743,-0.277649,0.137836],[0.224343,0.309468,-0.924067],[0.213911,0.909473,0.356513]],[[0.950743,-0.277649,0.137836],[-0.129584,-0.759935,-0.636951],[0.281595,0.587715,-0.758482]],[[0.950743,-0.277649,0.137836],[-0.26054,-0.956675,-0.129967],[0.167949,0.0876533,-0.981891]]],"btipPosition":[-22.7076,232.626,35.603],"carpPosition":[-13.0667,286.764,73.7089],"dipPosition":[-19.5696,234.263,17.2574],"direction":[-0.281595,-0.587715,0.758482],"extended":false,"handId":506,"id":5063,"length":64.4285,"mcpPosition":[-2.21144,291.179,12.1748],"pipPosition":[-11.7689,250.544,-3.75408],"stabilizedTipPosition":[-26.2154,220.424,47.0475],"timeVisible":99.2775,"tipPosition":[-22.0351,233.545,32.7354],"tipVelocity":[142.566,46.48,-408.299],"tool":false,"touchDistance":0.333333,"touchZone":"none","type":3,"width":18.077},{"bases":[[[0.866059,-0.439058,0.239102],[0.391112,0.89292,0.222991],[-0.311405,-0.0996078,0.945042]],[[0.874161,-0.436205,0.213468],[0.365001,0.300189,-0.881283],[0.320339,0.848299,0.421629]],[[0.874161,-0.436205,0.213468],[-0.186225,-0.707051,-0.682201],[0.448512,0.556601,-0.699309]],[[0.874161,-0.436205,0.213468],[-0.395178,-0.894419,-0.209403],[0.282272,0.098694,-0.954244]]],"btipPosition":[-8.56642,241.526,35.2764],"carpPosition":[-1.65854,278.333,74.8576],"dipPosition":[-3.70095,243.227,18.8283],"direction":[-0.448512,-0.556601,0.699309],"extended":false,"handId":506,"id":5064,"length":50.5107,"mcpPosition":[16.3983,284.109,20.0592],"pipPosition":[5.0714,254.113,5.15069],"stabilizedTipPosition":[-12.195,226.225,41.5382],"timeVisible":99.2775,"tipPosition":[-7.72313,242.325,32.3378],"tipVelocity":[136.931,75.9576,-373.915],"tool":false,"touchDistance":0.333333,"touchZone":"none","type":4,"width":16.0574}],"r":[[0.77864,-0.0849009,0.621701],[0.626664,0.155455,-0.763627],[-0.031814,0.984188,0.174248]],"s":1.32568,"t":[-8.40038,21.4814,25.6958],"timestamp":97913750955},false],[1,{"currentFrameRate":105.622,"devices":[],"gestures":[],"hands":[{"armBasis":[[0.951656,0.193254,-0.238756],[-0.0137615,0.803329,0.595376],[0.306859,-0.563308,0.767152]],"armWidth":63.72,"confidence":0.663883,"direction":[0.0654688,0.221006,-0.973072],"elbow":[65.2947,124.894,286.434],"grabStrength":0,"id":506,"palmNormal":[-0.0137689,-0.974872,-0.222341],"palmPosition":[-21.687,284.923,25.3331],"palmVelocity":[53.6304,77.5395,-357.312],"palmWidth":90.99,"pinchStrength":1,"r":[[0.773011,-0.0711994,0.630385],[0.632321,0.166705,-0.756557],[-0.0512221,0.983433,0.173886]],"s":1.32439,"sphereCenter":[-42.2167,266.28,-4.01399],"sphereRadius":51.5506,"stabilizedPalmPosition":[-13.8891,257.536,-5.12378],"t":[-7.88618,22.3945,22.3994],"timeVisible":99.2871,"type":"right","wrist":[-17.5572,276.987,79.3028]}],"id":1808839,"interactionBox":{"center":[0,200,0],"size":[235.247,235.247,147.751]},"pointables":[{"bases":[[[0.426586,0.903828,0.0334481],[-0.822383,0.372223,0.430274],[0.376444,-0.211056,0.902078]],[[0.367357,0.924904,-0.0979892],[-0.915027,0.340522,-0.216263],[-0.166655,0.169109,0.971405]],[[0.367357,0.924904,-0.0979892],[-0.614445,0.162248,-0.772096],[-0.698216,0.343844,0.627906]],[[0.367357,0.924904,-0.0979892],[0.168773,-0.169896,-0.970902],[-0.914639,0.34013,-0.218511]]],"btipPosition":[7.15688,238.373,13.7135],"carpPosition":[-46.3741,266.499,78.4986],"dipPosition":[-14.249,246.334,8.59958],"direction":[0.698216,-0.343844,-0.627906],"extended":false,"handId":506,"id":5060,"length":52.1164,"mcpPosition":[-46.3741,266.499,78.4986],"pipPosition":[-38.0551,258.057,30.0084],"stabilizedTipPosition":[-11.0147,225.782,38.5195],"timeVisible":99.2871,"tipPosition":[1.98044,240.265,12.6049],"tipVelocity":[159.698,124.808,-349.158],"tool":false,"touchDistance":-0.465216,"touchZone":"hovering","type":0,"width":20.25},{"bases":[[[0.994587,0.00954968,-0.103463],[-0.00166048,0.997101,0.0760708],[0.103889,-0.0754872,0.99172]],[[0.999926,0.000739675,0.0121312],[-0.00708729,0.846353,0.532575],[-0.00987331,-0.532621,0.846296]],[[0.999926,0.000739675,0.0121312],[-0.00556068,0.915389,0.402532],[-0.010807,-0.40257,0.915326]],[[0.999926,0.000739675,0.0121312],[-0.00403743,0.961677,0.274154],[-0.0114635,-0.274183,0.961609]]],"btipPosition":[-44.1189,330.551,-74.9488],"carpPosition":[-37.357,287.7,72.924],"dipPosition":[-44.3148,325.867,-58.5191],"direction":[0.010807,0.40257,-0.915326],"extended":true,"handId":506,"id":5061,"length":58.8075,"mcpPosition":[-45.0002,293.254,-0.0364137],"pipPosition":[-44.576,316.136,-36.3953],"stabilizedTipPosition":[-37.666,303.719,-88.9744],"timeVisible":99.2871,"tipPosition":[-44.0741,330.05,-70.8369],"tipVelocity":[81.2017,2.3736,-400.06],"tool":false,"touchDistance":-0.457588,"touchZone":"hovering","type":1,"width":19.3428},{"bases":[[[0.985092,-0.170859,0.0200312],[0.168792,0.982462,0.0792385],[-0.0332185,-0.0746761,0.996654]],[[0.985277,-0.170398,0.0139167],[0.0686142,0.319556,-0.94508],[0.156592,0.932121,0.326543]],[[0.985277,-0.170398,0.0139167],[-0.1259,-0.778228,-0.615232],[0.115665,0.604422,-0.788223]],[[0.985277,-0.170398,0.0139167],[-0.168339,-0.981137,-0.0950341],[0.0298478,0.0912922,-0.995377]]],"btipPosition":[-34.3864,230.937,27.0543],"carpPosition":[-25.3062,289.558,71.2091],"dipPosition":[-33.8255,232.652,8.34922],"direction":[-0.115665,-0.604422,0.788223],"extended":false,"handId":506,"id":5062,"length":67.0064,"mcpPosition":[-22.9886,294.768,1.67448],"pipPosition":[-30.5364,249.84,-14.065],"stabilizedTipPosition":[-41.7808,221.756,51.9744],"timeVisible":99.2871,"tipPosition":[-34.1745,231.922,24.3191],"tipVelocity":[159.264,21.888,-449.269],"tool":false,"touchDistance":0.333333,"touchZone":"none","type":2,"width":18.9972},{"bases":[[[0.953921,-0.253559,0.160448],[0.237596,0.964863,0.112198],[-0.183259,-0.0689062,0.980647]],[[0.955709,-0.252856,0.150616],[0.228451,0.314691,-0.921292],[0.185557,0.914896,0.358518]],[[0.955709,-0.252856,0.150616],[-0.101441,-0.763394,-0.637918],[0.276281,0.594385,-0.755232]],[[0.955709,-0.252856,0.150616],[-0.234275,-0.963342,-0.130717],[0.178148,0.0896422,-0.979912]]],"btipPosition":[-20.8777,233.714,32.4916],"carpPosition":[-13.0844,288.415,70.7076],"dipPosition":[-17.5492,235.389,14.1829],"direction":[-0.276281,-0.594385,0.755232],"extended":false,"handId":506,"id":5063,"length":64.4285,"mcpPosition":[-1.60505,292.732,9.27992],"pipPosition":[-9.89564,251.855,-6.7385],"stabilizedTipPosition":[-26.2078,220.441,47.0243],"timeVisible":99.2871,"tipPosition":[-20.1965,234.641,29.6396],"tipVelocity":[157.927,66.1768,-383.905],"tool":false,"touchDistance":0.333333,"touchZone":"none","type":3,"width":18.077},{"bases":[[[0.873841,-0.415744,0.25211],[0.365943,0.903776,0.221982],[-0.320139,-0.101719,0.941894]],[[0.882549,-0.4127,0.225359],[0.366796,0.304337,-0.879113],[0.294224,0.858521,0.419969]],[[0.882549,-0.4127,0.225359],[-0.160894,-0.715372,-0.679967],[0.441838,0.563845,-0.697752]],[[0.882549,-0.4127,0.225359],[-0.370126,-0.905305,-0.208397],[0.290024,0.10051,-0.951727]]],"btipPosition":[-6.96463,243.061,32.6308],"carpPosition":[-1.48349,280.28,72.0446],"dipPosition":[-1.96554,244.793,16.2261],"direction":[-0.441838,-0.563845,0.697752],"extended":false,"handId":506,"id":5064,"length":50.5107,"mcpPosition":[17.0798,286.178,17.4287],"pipPosition":[6.67627,255.821,2.5789],"stabilizedTipPosition":[-12.1824,226.259,41.5131],"timeVisible":99.2871,"tipPosition":[-6.11226,243.859,29.6695],"tipVelocity":[146.634,100.573,-345.353],"tool":false,"touchDistance":0.333333,"touchZone":"none","type":4,"width":16.0574}],"r":[[0.773011,-0.0711994,0.630385],[0.632321,0.166705,-0.756557],[-0.0512221,0.983433,0.173886]],"s":1.32439,"t":[-7.88618,22.3945,22.3994],"timestamp":97913760532},false],[2,{"currentFrameRate":105.748,"devices":[],"gestures":[],"hands":[{"armBasis":[[0.950564,0.213662,-0.225335],[-0.0373056,0.798972,0.60021],[0.308278,-0.562132,0.767445]],"armWidth":63.72,"confidence":0.666086,"direction":[0.0703281,0.223657,-0.972127],"elbow":[65.7449,126.233,284.03],"grabStrength":0,"id":506,"palmNormal":[0.0094754,-0.974646,-0.223551],"palmPosition":[-21.2552,285.926,22.8209],"palmVelocity":[51.7214,86.2858,-333.503],"palmWidth":90.99,"pinchStrength":1,"r":[[0.767251,-0.0571515,0.638796],[0.63737,0.178704,-0.74955],[-0.0713177,0.982242,0.173538]],"s":1.32314,"sphereCenter":[-41.1445,266.827,-6.78209],"sphereRadius":51.5327,"stabilizedPalmPosition":[-13.8897,257.538,-5.12132],"t":[-7.41317,23.3525,19.495],"timeVisible":99.2964,"type":"right","wrist":[-17.4903,278.009,76.8202]}],"id":1808840,"interactionBox":{"center":[0,200,0],"size":[235.247,235.247,147.751]},"pointables":[{"bases":[[[0.406631,0.912773,0.038692],[-0.834449,0.353829,0.422492],[0.371949,-0.204085,0.90554]],[[0.347915,0.932797,-0.0940468],[-0.920407,0.320757,-0.22353],[-0.178342,0.164331,0.970149]],[[0.347915,0.932797,-0.0940468],[-0.615019,0.151369,-0.773847],[-0.707606,0.327073,0.626352]],[[0.347915,0.932797,-0.0940468],[0.169977,-0.161411,-0.972139],[-0.921989,0.322236,-0.214711]]],"btipPosition":[8.54171,240.007,10.9596],"carpPosition":[-46.0648,266.903,75.7179],"dipPosition":[-13.0361,247.548,5.93458],"direction":[0.707606,-0.327073,-0.626352],"extended":false,"handId":506,"id":5060,"length":52.1164,"mcpPosition":[-46.0648,266.903,75.7179],"pipPosition":[-37.1624,258.7,27.2904],"stabilizedTipPosition":[-10.8946,225.913,38.2831],"timeVisible":99.2964,"tipPosition":[3.4036,241.796,10.0106],"tipVelocity":[155.819,136.539,-334.362],"tool":false,"touchDistance":-0.48803,"touchZone":"hovering","type":0,"width":20.25},{"bases":[[[0.995127,0.0311343,-0.0935609],[-0.02393,0.996732,0.0771595],[0.0956574,-0.0745446,0.992619]],[[0.999491,0.0222261,0.022867],[-0.0309811,0.846681,0.531198],[-0.00755464,-0.531636,0.846939]],[[0.999491,0.0222261,0.022867],[-0.0295328,0.915673,0.400838],[-0.0120296,-0.40131,0.915863]],[[0.999491,0.0222261,0.022867],[-0.0276176,0.961825,0.272268],[-0.0159426,-0.272761,0.96195]]],"btipPosition":[-43.6023,330.986,-77.7286],"carpPosition":[-37.4525,288.301,70.2568],"dipPosition":[-43.8747,326.326,-61.2931],"direction":[0.0120296,0.40131,-0.915863],"extended":true,"handId":506,"id":5061,"length":58.8075,"mcpPosition":[-44.49,293.786,-2.76976],"pipPosition":[-44.1655,316.626,-39.1563],"stabilizedTipPosition":[-37.6688,303.731,-88.9675],"timeVisible":99.2964,"tipPosition":[-43.62,330.524,-73.5991],"tipVelocity":[73.6053,15.0927,-372.361],"tool":false,"touchDistance":-0.48184,"touchZone":"hovering","type":1,"width":19.3428},{"bases":[[[0.988302,-0.149601,0.029632],[0.146758,0.985767,0.0820051],[-0.0414783,-0.0766971,0.996191]],[[0.98854,-0.149125,0.0234819],[0.0717835,0.327498,-0.942121],[0.132803,0.93301,0.33445]],[[0.98854,-0.149125,0.0234819],[-0.102402,-0.776682,-0.621513],[0.110921,0.611986,-0.783052]],[[0.98854,-0.149125,0.0234819],[-0.146051,-0.984092,-0.101153],[0.0381928,0.0965643,-0.994594]]],"btipPosition":[-32.8074,231.584,23.9985],"carpPosition":[-25.4282,290.421,68.6638],"dipPosition":[-32.0896,233.398,5.3081],"direction":[-0.110921,-0.611986,0.783052],"extended":false,"handId":506,"id":5062,"length":67.0064,"mcpPosition":[-22.5343,295.772,-0.838473],"pipPosition":[-28.9355,250.801,-16.9591],"stabilizedTipPosition":[-41.7709,221.767,51.9393],"timeVisible":99.2964,"tipPosition":[-32.5917,232.565,21.2429],"tipVelocity":[163.707,36.1076,-416.104],"tool":false,"touchDistance":0.333333,"touchZone":"none","type":2,"width":18.9972},{"bases":[[[0.957532,-0.23314,0.16964],[0.215596,0.969613,0.115627],[-0.191442,-0.0741431,0.978699]],[[0.959414,-0.23238,0.159763],[0.230672,0.320797,-0.918629],[0.16222,0.918199,0.36138]],[[0.959414,-0.23238,0.159763],[-0.0786459,-0.76454,-0.63976],[0.270813,0.60123,-0.751786]],[[0.959414,-0.23238,0.159763],[-0.212125,-0.967995,-0.134119],[0.185817,0.0947863,-0.978002]]],"btipPosition":[-19.41,234.736,29.9295],"carpPosition":[-13.1802,289.543,68.2826],"dipPosition":[-15.9382,236.507,11.6565],"direction":[-0.270813,-0.60123,0.751786],"extended":false,"handId":506,"id":5063,"length":64.4285,"mcpPosition":[-1.18825,294.187,6.97688],"pipPosition":[-8.43617,253.162,-9.16946],"stabilizedTipPosition":[-26.1975,220.461,46.9952],"timeVisible":99.2964,"tipPosition":[-18.7203,235.675,27.0678],"tipVelocity":[159.265,79.3647,-353.91],"tool":false,"touchDistance":0.333333,"touchZone":"none","type":3,"width":18.077},{"bases":[[[0.880066,-0.397136,0.260321],[0.344137,0.911162,0.226613],[-0.327191,-0.109849,0.938552]],[[0.889677,-0.393584,0.231445],[0.367366,0.316027,-0.874739],[0.271141,0.86326,0.425752]],[[0.889677,-0.393584,0.231445],[-0.138785,-0.716022,-0.684143],[0.434987,0.576545,-0.691652]],[[0.889677,-0.393584,0.231445],[-0.347915,-0.912636,-0.214596],[0.295686,0.110398,-0.948885]]],"btipPosition":[-5.63984,244.324,30.133],"carpPosition":[-1.42026,281.658,69.7258],"dipPosition":[-0.543159,246.226,13.7773],"direction":[-0.434987,-0.576545,0.691652],"extended":false,"handId":506,"id":5064,"length":50.5107,"mcpPosition":[17.552,288.027,15.3037],"pipPosition":[7.96467,257.503,0.249417],"stabilizedTipPosition":[-12.1652,226.3,41.4793],"timeVisible":99.2964,"tipPosition":[-4.79006,245.155,27.1741],"tipVelocity":[146.477,111.951,-324.117],"tool":false,"touchDistance":0.333333,"touchZone":"none","type":4,"width":16.0574}],"r":[[0.767251,-0.0571515,0.638796],[0.63737,0.178704,-0.74955],[-0.0713177,0.982242,0.173538]],"s":1.32314,"t":[-7.41317,23.3525,19.495],"timestamp":97913769755},false],[3,{"currentFrameRate":105.75,"devices":[],"gestures":[],"hands":[{"armBasis":[[0.954824,0.219388,-0.200451],[-0.0563577,0.795966,0.602712],[0.29178,-0.564186,0.772372]],"armWidth":63.72,"confidence":0.670413,"direction":[0.0714308,0.230611,-0.970421],"elbow":[61.4637,127.035,282.261],"grabStrength":0,"id":506,"palmNormal":[0.0299763,-0.972963,-0.229009],"palmPosition":[-20.9299,287.519,19.7459],"palmVelocity":[46.7677,109.823,-331.164],"palmWidth":90.99,"pinchStrength":1,"r":[[0.76183,-0.0437169,0.646301],[0.64129,0.191745,-0.742954],[-0.0914452,0.980471,0.174112]],"s":1.32196,"sphereCenter":[-40.4001,268.193,-10.1291],"sphereRadius":51.5419,"stabilizedPalmPosition":[-13.8905,257.541,-5.1187],"t":[-7.01403,24.6279,16.5054],"timeVisible":99.3058,"type":"right","wrist":[-17.3168,279.366,73.7204]}],"id":1808841,"interactionBox":{"center":[0,200,0],"size":[235.247,235.247,147.751]},"pointables":[{"bases":[[[0.388315,0.920367,0.0462193],[-0.843658,0.334877,0.419641],[0.370745,-0.201946,0.906513]],[[0.329186,0.940117,-0.0884161],[-0.926087,0.303146,-0.224645],[-0.18439,0.155831,0.970421]],[[0.329186,0.940117,-0.0884161],[-0.620079,0.144603,-0.771098],[-0.712136,0.308659,0.630548]],[[0.329186,0.940117,-0.0884161],[0.1643,-0.149232,-0.975056],[-0.929861,0.306448,-0.203586]]],"btipPosition":[9.58719,242.231,7.21415],"carpPosition":[-45.6599,267.706,72.3895],"dipPosition":[-12.1749,249.403,2.44949],"direction":[0.712136,-0.308659,-0.630548],"extended":false,"handId":506,"id":5060,"length":52.1164,"mcpPosition":[-45.6599,267.706,72.3895],"pipPosition":[-36.4556,259.927,23.9484],"stabilizedTipPosition":[-10.7553,226.075,37.9936],"timeVisible":99.3058,"tipPosition":[4.50823,243.936,6.48203],"tipVelocity":[141.598,162.237,-350.263],"tool":false,"touchDistance":-0.522844,"touchZone":"hovering","type":0,"width":20.25},{"bases":[[[0.994835,0.0512706,-0.0876079],[-0.0440308,0.995604,0.082663],[0.091461,-0.0783786,0.992719]],[[0.998693,0.0417142,0.0295456],[-0.0510496,0.84371,0.534367],[-0.00263721,-0.535177,0.844736]],[[0.998693,0.0417142,0.0295456],[-0.0501058,0.913278,0.404244],[-0.0101206,-0.405196,0.914174]],[[0.998693,0.0417142,0.0295456],[-0.0482589,0.95998,0.275879],[-0.0168551,-0.276944,0.960738]]],"btipPosition":[-43.5235,332.585,-80.7369],"carpPosition":[-37.4406,289.301,67.0997],"dipPosition":[-43.8114,327.853,-64.3221],"direction":[0.0101206,0.405196,-0.914174],"extended":true,"handId":506,"id":5061,"length":58.8075,"mcpPosition":[-44.1694,295.067,-5.93423],"pipPosition":[-44.0561,318.06,-42.2261],"stabilizedTipPosition":[-37.6709,303.741,-88.9631],"timeVisible":99.3058,"tipPosition":[-43.5839,332.115,-76.6053],"tipVelocity":[54.8194,58.6878,-357.025],"tool":false,"touchDistance":-0.507185,"touchZone":"hovering","type":1,"width":19.3428},{"bases":[[[0.990877,-0.130273,0.0345178],[0.12681,0.987977,0.0884367],[-0.0456236,-0.0832527,0.995484]],[[0.991136,-0.129765,0.0284804],[0.0718922,0.343597,-0.936361],[0.111721,0.930109,0.34988]],[[0.991136,-0.129765,0.0284804],[-0.0824162,-0.768698,-0.63428],[0.1042,0.626311,-0.772578]],[[0.991136,-0.129765,0.0284804],[-0.125735,-0.98545,-0.114365],[0.0429067,0.109771,-0.99303]]],"btipPosition":[-31.4229,232.77,19.9016],"carpPosition":[-25.4515,291.666,65.5885],"dipPosition":[-30.6166,234.833,1.2406],"direction":[-0.1042,-0.626311,0.772578],"extended":false,"handId":506,"id":5062,"length":67.0064,"mcpPosition":[-22.2685,297.475,-3.86437],"pipPosition":[-27.6535,252.643,-20.7288],"stabilizedTipPosition":[-41.7589,221.78,51.8981],"timeVisible":99.3058,"tipPosition":[-31.2073,233.798,17.1979],"tipVelocity":[159.394,63.4318,-420.86],"tool":false,"touchDistance":0.333333,"touchZone":"none","type":2,"width":18.9972},{"bases":[[[0.960965,-0.215209,0.17387],[0.195761,0.972987,0.122366],[-0.195507,-0.0835522,0.977137]],[[0.962913,-0.214344,0.163877],[0.229325,0.330155,-0.915646],[0.142158,0.919269,0.367065]],[[0.962913,-0.214344,0.163877],[-0.0601168,-0.762544,-0.644137],[0.26303,0.610396,-0.747149]],[[0.962913,-0.214344,0.163877],[-0.192295,-0.971236,-0.140439],[0.189266,0.103718,-0.976433]]],"btipPosition":[-18.1144,236.346,26.6065],"carpPosition":[-13.1866,291.032,65.2734],"dipPosition":[-14.5781,238.284,8.36283],"direction":[-0.26303,-0.610396,0.747149],"extended":false,"handId":506,"id":5063,"length":64.4285,"mcpPosition":[-0.94009,296.265,4.06559],"pipPosition":[-7.29166,255.193,-12.3347],"stabilizedTipPosition":[-26.1828,220.488,46.9547],"timeVisible":99.3058,"tipPosition":[-17.4247,237.296,23.7075],"tipVelocity":[153.364,106.544,-353.035],"tool":false,"touchDistance":0.333333,"touchZone":"none","type":3,"width":18.077},{"bases":[[[0.886235,-0.38122,0.26317],[0.324796,0.91644,0.233763],[-0.330294,-0.121692,0.936]],[[0.896429,-0.377096,0.232838],[0.364202,0.327448,-0.871857],[0.252532,0.866358,0.430873]],[[0.896429,-0.377096,0.232838],[-0.122014,-0.715061,-0.688331],[0.426061,0.588631,-0.687013]],[[0.896429,-0.377096,0.232838],[-0.328755,-0.918131,-0.22126],[0.297212,0.121797,-0.947011]]],"btipPosition":[-4.51517,246.181,26.9912],"carpPosition":[-1.28181,283.371,66.7401],"dipPosition":[0.607815,248.281,10.6678],"direction":[-0.426061,-0.588631,0.687013],"extended":false,"handId":506,"id":5064,"length":50.5107,"mcpPosition":[17.8704,290.428,12.4659],"pipPosition":[8.94105,259.794,-2.76938],"stabilizedTipPosition":[-12.1408,226.357,41.4288],"timeVisible":99.3058,"tipPosition":[-3.66445,247.036,23.9795],"tipVelocity":[138.793,137.536,-326.262],"tool":false,"touchDistance":0.333333,"touchZone":"none","type":4,"width":16.0574}],"r":[[0.76183,-0.0437169,0.646301],[0.64129,0.191745,-0.742954],[-0.0914452,0.980471,0.174112]],"s":1.32196,"t":[-7.01403,24.6279,16.5054],"timestamp":97913779207},false],[4,{"currentFrameRate":105.776,"devices":[],"gestures":[],"hands":[{"armBasis":[[0.951856,0.237918,-0.193302],[-0.0737646,0.78982,0.608887],[0.297539,-0.565314,0.769344]],"armWidth":63.72,"confidence":0.673527,"direction":[0.0738916,0.232846,-0.969702],"elbow":[63.0326,128.06,279.036],"grabStrength":0,"id":506,"palmNormal":[0.0475449,-0.972077,-0.229793],"palmPosition":[-20.7006,288.847,17.3249],"palmVelocity":[40.3876,118.76,-310.137],"palmWidth":90.99,"pinchStrength":1,"r":[[0.756517,-0.0306854,0.653254],[0.644488,0.204507,-0.736758],[-0.110987,0.978384,0.174489]],"s":1.32093,"sphereCenter":[-39.7567,269.215,-12.7399],"sphereRadius":51.5527,"stabilizedPalmPosition":[-13.8914,257.546,-5.11573],"t":[-6.69979,25.9297,13.8],"timeVisible":99.3152,"type":"right","wrist":[-17.3029,280.694,71.3135]}],"id":1808842,"interactionBox":{"center":[0,200,0],"size":[235.247,235.247,147.751]},"pointables":[{"bases":[[[0.372734,0.926608,0.0496711],[-0.851781,0.320416,0.414491],[0.368155,-0.196804,0.908697]],[[0.313919,0.945561,-0.0858462],[-0.929818,0.287877,-0.229273],[-0.192079,0.151795,0.969569]],[[0.313919,0.945561,-0.0858462],[-0.622071,0.136528,-0.770966],[-0.717275,0.295423,0.631064]],[[0.313919,0.945561,-0.0858462],[0.159375,-0.141613,-0.977008],[-0.935978,0.29302,-0.195154]]],"btipPosition":[10.5092,244.061,4.43895],"carpPosition":[-45.44,268.569,69.7867],"dipPosition":[-11.396,250.919,-0.128347],"direction":[0.717275,-0.295423,-0.631064],"extended":false,"handId":506,"id":5060,"length":52.1164,"mcpPosition":[-45.44,268.569,69.7867],"pipPosition":[-35.8519,260.992,21.3882],"stabilizedTipPosition":[-10.5987,226.264,37.6596],"timeVisible":99.3152,"tipPosition":[5.44639,245.693,3.86926],"tipVelocity":[128.182,169.259,-333.15],"tool":false,"touchDistance":-0.53984,"touchZone":"hovering","type":0,"width":20.25},{"bases":[[[0.994397,0.0678064,-0.0810927],[-0.0610236,0.994647,0.083382],[0.0863125,-0.0779663,0.993213]],[[0.997631,0.0581227,0.036788],[-0.0687867,0.842862,0.533715],[0.000013778,-0.534981,0.844864]],[[0.997631,0.0581227,0.036788],[-0.06804,0.912408,0.403587],[-0.010108,-0.405134,0.914201]],[[0.997631,0.0581227,0.036788],[-0.0660286,0.959093,0.275283],[-0.0192829,-0.27706,0.960659]]],"btipPosition":[-43.3217,333.549,-83.3054],"carpPosition":[-37.5449,290.303,64.5723],"dipPosition":[-43.6511,328.815,-66.892],"direction":[0.010108,0.405134,-0.914201],"extended":true,"handId":506,"id":5061,"length":58.8075,"mcpPosition":[-43.8948,296.039,-8.49797],"pipPosition":[-43.8954,319.023,-44.7953],"stabilizedTipPosition":[-37.6726,303.75,-88.9603],"timeVisible":99.3152,"tipPosition":[-43.4264,333.081,-79.1732],"tipVelocity":[45.0209,71.1449,-333.108],"tool":false,"touchDistance":-0.523332,"touchZone":"hovering","type":1,"width":19.3428},{"bases":[[[0.992652,-0.113914,0.040821],[0.109879,0.989838,0.0902575],[-0.0506878,-0.0851088,0.995082]],[[0.992937,-0.113403,0.0348669],[0.0730422,0.352725,-0.932872],[0.0934917,0.92883,0.358517]],[[0.992937,-0.113403,0.0348669],[-0.0647935,-0.764511,-0.641346],[0.0993865,0.634557,-0.766459]],[[0.992937,-0.113403,0.0348669],[-0.108431,-0.986683,-0.121243],[0.0481518,0.116606,-0.99201]]],"btipPosition":[-30.288,233.8,16.8731],"carpPosition":[-25.587,292.868,63.1414],"dipPosition":[-29.3831,235.991,-1.7688],"direction":[-0.0993865,-0.634557,0.766459],"extended":false,"handId":506,"id":5062,"length":67.0064,"mcpPosition":[-22.0506,298.805,-6.28347],"pipPosition":[-26.5569,254.036,-23.5641],"stabilizedTipPosition":[-41.7452,221.794,51.8519],"timeVisible":99.3152,"tipPosition":[-30.0704,234.842,14.1744],"tipVelocity":[149.038,77.4446,-392.546],"tool":false,"touchDistance":0.333333,"touchZone":"none","type":2,"width":18.9972},{"bases":[[[0.963247,-0.199489,0.17989],[0.178847,0.975953,0.124618],[-0.200424,-0.0878654,0.975761]],[[0.965275,-0.198566,0.169753],[0.229719,0.335765,-0.913505],[0.124394,0.920779,0.36972]],[[0.965275,-0.198566,0.169753],[-0.0432163,-0.76223,-0.645863],[0.257637,0.616099,-0.744342]],[[0.965275,-0.198566,0.169753],[-0.175217,-0.974079,-0.143071],[0.193762,0.108359,-0.975046]]],"btipPosition":[-17.0722,237.708,24.1022],"carpPosition":[-13.3115,292.436,62.9053],"dipPosition":[-13.4519,239.733,5.88445],"direction":[-0.257637,-0.616099,0.744342],"extended":false,"handId":506,"id":5063,"length":64.4285,"mcpPosition":[-0.756978,297.94,1.78363],"pipPosition":[-6.31484,256.8,-14.7353],"stabilizedTipPosition":[-26.1632,220.523,46.9014],"timeVisible":99.3152,"tipPosition":[-16.3798,238.663,21.1873],"tipVelocity":[141.819,118.068,-328.118],"tool":false,"touchDistance":0.333333,"touchZone":"none","type":3,"width":18.077},{"bases":[[[0.890695,-0.366812,0.268534],[0.308076,0.921422,0.236794],[-0.334292,-0.128182,0.933712]],[[0.901437,-0.362293,0.236973],[0.362773,0.333459,-0.870173],[0.236237,0.870373,0.432022]],[[0.901437,-0.362293,0.236973],[-0.106935,-0.716776,-0.689055],[0.419496,0.595799,-0.68487]],[[0.901437,-0.362293,0.236973],[-0.312292,-0.923293,-0.223616],[0.29981,0.127571,-0.945431]]],"btipPosition":[-3.63311,247.777,24.7155],"carpPosition":[-1.29138,284.972,64.4415],"dipPosition":[1.53465,249.976,8.41934],"direction":[-0.419496,-0.595799,0.68487],"extended":false,"handId":506,"id":5064,"length":50.5107,"mcpPosition":[18.0926,292.405,10.3001],"pipPosition":[9.73949,261.629,-4.9759],"stabilizedTipPosition":[-12.108,226.431,41.3596],"timeVisible":99.3152,"tipPosition":[-2.77345,248.634,21.6478],"tipVelocity":[126.275,147.372,-302.039],"tool":false,"touchDistance":0.333333,"touchZone":"none","type":4,"width":16.0574}],"r":[[0.756517,-0.0306854,0.653254],[0.644488,0.204507,-0.736758],[-0.110987,0.978384,0.174489]],"s":1.32093,"t":[-6.69979,25.9297,13.8],"timestamp":97913788613},false],[5,{"currentFrameRate":105.824,"devices":[],"gestures":[],"hands":[{"armBasis":[[0.9546,0.24314,-0.172109],[-0.0910247,0.788208,0.60864],[0.283642,-0.565342,0.774555]],"armWidth":63.72,"confidence":0.663857,"direction":[0.0730543,0.240583,-0.967876],"elbow":[59.72,129.068,277.852],"grabStrength":0,"id":506,"palmNormal":[0.0671427,-0.969453,-0.235907],"palmPosition":[-20.2134,290.15,14.7751],"palmVelocity":[43.6962,124.575,-299.42],"palmWidth":90.99,"pinchStrength":1,"r":[[0.751622,-0.0182914,0.65934],[0.646557,0.218195,-0.730996],[-0.130494,0.975734,0.175826]],"s":1.32043,"sphereCenter":[-38.8524,270.376,-15.4502],"sphereRadius":51.5875,"stabilizedPalmPosition":[-13.8925,257.551,-5.11226],"t":[-6.29908,27.2322,11.1725],"timeVisible":99.3246,"type":"right","wrist":[-16.8633,281.711,68.7225]}],"id":1808843,"interactionBox":{"center":[0,200,0],"size":[235.247,235.247,147.751]},"pointables":[{"bases":[[[0.354613,0.933266,0.0571365],[-0.85936,0.301232,0.413231],[0.368443,-0.195638,0.908832]],[[0.295472,0.952035,-0.0795343],[-0.934827,0.270957,-0.229524],[-0.196964,0.142169,0.970048]],[[0.295472,0.952035,-0.0795343],[-0.626473,0.130231,-0.768486],[-0.721268,0.276893,0.634904]],[[0.295472,0.952035,-0.0795343],[0.152947,-0.129317,-0.979737],[-0.943029,0.277321,-0.183821]]],"btipPosition":[11.7388,246.028,1.23942],"carpPosition":[-44.7555,269.056,67.0073],"dipPosition":[-10.3315,252.518,-3.06264],"direction":[0.721268,-0.276893,-0.634904],"extended":false,"handId":506,"id":5060,"length":52.1164,"mcpPosition":[-44.7555,269.056,67.0073],"pipPosition":[-34.9235,261.959,18.5848],"stabilizedTipPosition":[-10.4176,226.487,37.2672],"timeVisible":99.3246,"tipPosition":[6.69379,247.576,0.831348],"tipVelocity":[127.93,178.294,-333.753],"tool":false,"touchDistance":-0.561267,"touchZone":"hovering","type":0,"width":20.25},{"bases":[[[0.993205,0.0874682,-0.0767668],[-0.0805006,0.99272,0.0895938],[0.0840445,-0.0828052,0.993016]],[[0.996156,0.0770124,0.041737],[-0.0873572,0.838344,0.538096],[0.00645011,-0.539674,0.841849]],[[0.996156,0.0770124,0.041737],[-0.0873563,0.908579,0.408477],[-0.00646355,-0.410553,0.911814]],[[0.996156,0.0770124,0.041737],[-0.085664,0.955997,0.280593],[-0.0182913,-0.28309,0.958919]]],"btipPosition":[-43.2526,335.009,-85.6814],"carpPosition":[-37.2611,290.971,61.9648],"dipPosition":[-43.5651,330.172,-69.2977],"direction":[0.00646355,0.410553,-0.911814],"extended":true,"handId":506,"id":5061,"length":58.8075,"mcpPosition":[-43.4442,297.063,-11.091],"pipPosition":[-43.7213,320.249,-47.2588],"stabilizedTipPosition":[-37.6742,303.758,-88.9583],"timeVisible":99.3246,"tipPosition":[-43.3862,334.509,-81.5557],"tipVelocity":[34.4538,94.518,-310.809],"tool":false,"touchDistance":-0.535076,"touchZone":"hovering","type":1,"width":19.3428},{"bases":[[[0.994502,-0.095048,0.0439578],[0.0904362,0.991157,0.0971053],[-0.0527988,-0.092596,0.994303]],[[0.994795,-0.0945018,0.0381097],[0.0694431,0.355055,-0.932262],[0.0745694,0.930056,0.35977]],[[0.994795,-0.0945018,0.0381097],[-0.0480358,-0.764766,-0.642514],[0.0898638,0.637339,-0.765325]],[[0.994795,-0.0945018,0.0381097],[-0.0890965,-0.988185,-0.124707],[0.0494445,0.120662,-0.991461]]],"btipPosition":[-28.7448,235.016,14.2803],"carpPosition":[-25.3496,293.776,60.5973],"dipPosition":[-27.8156,237.283,-4.35121],"direction":[-0.0898638,-0.637339,0.765325],"extended":false,"handId":506,"id":5062,"length":67.0064,"mcpPosition":[-21.6659,300.236,-8.77325],"pipPosition":[-25.2602,255.407,-26.1143],"stabilizedTipPosition":[-41.7273,221.813,51.7952],"timeVisible":99.3246,"tipPosition":[-28.5336,236.004,11.3371],"tipVelocity":[153.699,92.8611,-359.666],"tool":false,"touchDistance":0.333333,"touchZone":"none","type":2,"width":18.9972},{"bases":[[[0.966226,-0.182084,0.182352],[0.159529,0.978376,0.131644],[-0.20238,-0.0981079,0.97438]],[[0.968359,-0.181012,0.171801],[0.224781,0.333563,-0.915538],[0.108417,0.925187,0.363697]],[[0.968359,-0.181012,0.171801],[-0.0294473,-0.76648,-0.641593],[0.247818,0.616233,-0.747558]],[[0.968359,-0.181012,0.171801],[-0.157388,-0.977205,-0.142476],[0.193675,0.110929,-0.974774]]],"btipPosition":[-15.7179,239.247,22.0429],"carpPosition":[-13.0673,293.582,60.4064],"dipPosition":[-12.0993,241.32,3.83021],"direction":[-0.247818,-0.616233,0.747558],"extended":false,"handId":506,"id":5063,"length":64.4285,"mcpPosition":[-0.390197,299.727,-0.628834],"pipPosition":[-5.23421,258.39,-16.8786],"stabilizedTipPosition":[-26.1342,220.572,46.8267],"timeVisible":99.3246,"tipPosition":[-14.9823,240.099,18.6912],"tipVelocity":[142.618,131.551,-297.389],"tool":false,"touchDistance":0.333333,"touchZone":"none","type":3,"width":18.077},{"bases":[[[0.896579,-0.351351,0.269626],[0.289359,0.925608,0.243968],[-0.335286,-0.140718,0.931548]],[[0.907777,-0.346204,0.236818],[0.358644,0.34785,-0.866242],[0.21752,0.871288,0.439935]],[[0.907777,-0.346204,0.236818],[-0.0904935,-0.712938,-0.695364],[0.409574,0.609805,-0.678518]],[[0.907777,-0.346204,0.236818],[-0.293217,-0.927488,-0.231927],[0.299939,0.141099,-0.943466]]],"btipPosition":[-2.34181,249.333,21.9027],"carpPosition":[-0.911359,286.341,61.9411],"dipPosition":[2.82819,251.765,5.64033],"direction":[-0.409574,-0.609805,0.678518],"extended":false,"handId":506,"id":5064,"length":50.5107,"mcpPosition":[18.5303,294.5,7.92506],"pipPosition":[10.839,263.692,-7.63068],"stabilizedTipPosition":[-12.0624,226.528,41.2631],"timeVisible":99.3246,"tipPosition":[-1.49332,250.232,18.8411],"tipVelocity":[129.603,154.354,-301.363],"tool":false,"touchDistance":0.333333,"touchZone":"none","type":4,"width":16.0574}],"r":[[0.751622,-0.0182914,0.65934],[0.646557,0.218195,-0.730996],[-0.130494,0.975734,0.175826]],"s":1.32043,"t":[-6.29908,27.2322,11.1725],"timestamp":97913797974},false],[6,{"currentFrameRate":105.813,"devices":[],"gestures":[],"hands":[{"armBasis":[[0.95773,0.241002,-0.157072],[-0.0996698,0.790192,0.6047],[0.269851,-0.563484,0.780812]],"armWidth":63.72,"confidence":0.663337,"direction":[0.0704258,0.24597,-0.966716],"elbow":[56.4252,130.609,276.879],"grabStrength":0,"id":506,"palmNormal":[0.0781227,-0.967505,-0.24048],"palmPosition":[-19.8745,291.406,12.153],"palmVelocity":[41.4263,126.87,-292.945],"palmWidth":90.99,"pinchStrength":1,"r":[[0.747511,-0.0073802,0.664208],[0.647488,0.231308,-0.726124],[-0.148277,0.972853,0.177684]],"s":1.32019,"sphereCenter":[-38.3972,271.593,-18.1557],"sphereRadius":51.6237,"stabilizedPalmPosition":[-13.8939,257.559,-5.10827],"t":[-5.92928,28.5114,8.54761],"timeVisible":99.334,"type":"right","wrist":[-16.4345,282.75,66.0603]}],"id":1808844,"interactionBox":{"center":[0,200,0],"size":[235.247,235.247,147.751]},"pointables":[{"bases":[[[0.344033,0.936935,0.0616045],[-0.862752,0.289538,0.414519],[0.370541,-0.195758,0.907953]],[[0.283936,0.955776,-0.0766363],[-0.938545,0.260678,-0.22623],[-0.196248,0.136162,0.971054]],[[0.283936,0.955776,-0.0766363],[-0.633254,0.126907,-0.763469],[-0.719979,0.265307,0.641282]],[[0.283936,0.955776,-0.0766363],[0.141995,-0.120958,-0.982449],[-0.948271,0.268071,-0.170059]]],"btipPosition":[12.3556,247.672,-2.07664],"carpPosition":[-44.1817,269.789,64.281],"dipPosition":[-9.83738,253.946,-6.05664],"direction":[0.719979,-0.265307,-0.641282],"extended":false,"handId":506,"id":5060,"length":52.1164,"mcpPosition":[-44.1817,269.789,64.281],"pipPosition":[-34.3855,262.992,15.8083],"stabilizedTipPosition":[-10.2235,226.736,36.8249],"timeVisible":99.334,"tipPosition":[7.35435,249.176,-2.31798],"tipVelocity":[109.068,175.436,-336.195],"tool":false,"touchDistance":-0.582103,"touchZone":"hovering","type":0,"width":20.25},{"bases":[[[0.99216,0.0990536,-0.0762004],[-0.0917282,0.991311,0.094276],[0.0848767,-0.0865472,0.992626]],[[0.995199,0.0880173,0.042802],[-0.097148,0.835241,0.541234],[0.011888,-0.542794,0.839782]],[[0.995199,0.0880173,0.042802],[-0.0978406,0.905882,0.412074],[-0.00250389,-0.414283,0.910144]],[[0.995199,0.0880173,0.042802],[-0.0965934,0.953765,0.284607],[-0.0157727,-0.287375,0.957688]]],"btipPosition":[-43.3602,336.422,-88.124],"carpPosition":[-36.9351,291.811,59.3434],"dipPosition":[-43.6296,331.512,-71.7613],"direction":[0.00250389,0.414283,-0.910144],"extended":true,"handId":506,"id":5061,"length":58.8075,"mcpPosition":[-43.1794,298.178,-13.6837],"pipPosition":[-43.6902,321.498,-49.7628],"stabilizedTipPosition":[-37.6759,303.767,-88.957],"timeVisible":99.334,"tipPosition":[-43.506,335.898,-84.0031],"tipVelocity":[21.6197,109.662,-295.779],"tool":false,"touchDistance":-0.546612,"touchZone":"hovering","type":1,"width":19.3428},{"bases":[[[0.995508,-0.0840054,0.0436597],[0.0792146,0.991645,0.101806],[-0.0518473,-0.0978905,0.993846]],[[0.995797,-0.0834257,0.0377882],[0.0655125,0.360528,-0.930445],[0.0639993,0.92901,0.364478]],[[0.995797,-0.0834257,0.0377882],[-0.0393114,-0.762011,-0.64637],[0.0827189,0.642168,-0.762088]],[[0.995797,-0.0834257,0.0377882],[-0.0778969,-0.988503,-0.129592],[0.048165,0.126104,-0.990847]]],"btipPosition":[-27.7808,236.177,11.3753],"carpPosition":[-25.0559,294.756,57.9909],"dipPosition":[-26.8756,238.546,-7.24466],"direction":[-0.0827189,-0.642168,0.762088],"extended":false,"handId":506,"id":5062,"length":67.0064,"mcpPosition":[-21.4386,301.586,-11.3477],"pipPosition":[-24.5234,256.807,-28.9157],"stabilizedTipPosition":[-41.7053,221.836,51.7259],"timeVisible":99.334,"tipPosition":[-27.5809,237.177,8.42432],"tipVelocity":[138.645,102.089,-344.399],"tool":false,"touchDistance":0.333333,"touchZone":"none","type":2,"width":18.9972},{"bases":[[[0.968205,-0.172009,0.181637],[0.148444,0.979484,0.136295],[-0.201354,-0.104999,0.973875]],[[0.970396,-0.170824,0.170738],[0.219628,0.330035,-0.918063],[0.100478,0.928384,0.357782]],[[0.970396,-0.170824,0.170738],[-0.023412,-0.77013,-0.637457],[0.240383,0.614589,-0.75133]],[[0.970396,-0.170824,0.170738],[-0.14755,-0.978972,-0.140865],[0.191211,0.111502,-0.975195]]],"btipPosition":[-14.8803,240.691,19.8458],"carpPosition":[-12.7722,294.702,57.801],"dipPosition":[-11.3078,242.774,1.62525],"direction":[-0.240383,-0.614589,0.75133],"extended":false,"handId":506,"id":5063,"length":64.4285,"mcpPosition":[-0.159322,301.28,-3.20252],"pipPosition":[-4.64865,259.8,-19.1881],"stabilizedTipPosition":[-26.0941,220.641,46.7232],"timeVisible":99.334,"tipPosition":[-14.116,241.454,16.1567],"tipVelocity":[126.76,137.62,-278.685],"tool":false,"touchDistance":0.333333,"touchZone":"none","type":3,"width":18.077},{"bases":[[[0.900468,-0.342464,0.268098],[0.278851,0.927656,0.248388],[-0.333767,-0.148905,0.930821]],[[0.911749,-0.336962,0.234883],[0.354351,0.35608,-0.864663],[0.207722,0.871587,0.444058]],[[0.911749,-0.336962,0.234883],[-0.0825886,-0.710557,-0.698776],[0.402358,0.61771,-0.675679]],[[0.911749,-0.336962,0.234883],[-0.282685,-0.929638,-0.236352],[0.297998,0.149096,-0.942851]]],"btipPosition":[-1.53284,250.756,19.0951],"carpPosition":[-0.535315,287.592,59.3033],"dipPosition":[3.60369,253.326,2.84337],"direction":[-0.402358,-0.61771,0.675679],"extended":false,"handId":506,"id":5064,"length":50.5107,"mcpPosition":[18.8182,296.226,5.32945],"pipPosition":[11.4733,265.408,-10.3721],"stabilizedTipPosition":[-12.0051,226.65,41.1363],"timeVisible":99.334,"tipPosition":[-0.694198,251.676,16.0255],"tipVelocity":[116.699,154.128,-299.868],"tool":false,"touchDistance":0.333333,"touchZone":"none","type":4,"width":16.0574}],"r":[[0.747511,-0.0073802,