{"sensorType":"Leap","data":[[0,{"currentFrameRate":105.293,"devices":[],"gestures":[],"hands":[{"armBasis":[[0.763776,-0.42662,-0.484397],[0.599813,0.746343,0.288437],[0.238473,-0.510849,0.825932]],"armWidth":63.72,"confidence":0.302946,"direction":[0.208788,0.527156,-0.82372],"elbow":[68.4562,110.476,280.949],"grabStrength":0.417112,"id":506,"palmNormal":[-0.563859,-0.623298,-0.541814],"palmPosition":[6.81622,278.582,12.4],"palmVelocity":[-17.9785,64.0678,16.6649],"palmWidth":90.99,"pinchStrength":0.519905,"r":[[0.572789,-0.732464,0.36798],[0.711468,0.221296,-0.666965],[0.407095,0.643836,0.64788]],"s":1.12419,"sphereCenter":[-15.6597,253.445,-26.1142],"sphereRadius":44.301,"stabilizedPalmPosition":[6.85766,272.908,8.67195],"t":[21.3334,16.4636,6.0107],"timeVisible":86.5519,"type":"right","wrist":[4.06842,248.405,57.9477]}],"id":1807515,"interactionBox":{"center":[0,200,0],"size":[235.247,235.247,147.751]},"pointables":[{"bases":[[[0.866605,0.427941,0.256636],[-0.472382,0.537855,0.69826],[0.160781,-0.726346,0.66826]],[[0.807907,0.58092,0.0990892],[-0.558706,0.701563,0.442331],[0.187442,-0.412724,0.891361]],[[0.807907,0.58092,0.0990892],[-0.582146,0.812861,-0.0190443],[-0.0916089,-0.0422984,0.994896]],[[0.807907,0.58092,0.0990892],[-0.581279,0.757885,0.296184],[0.0969609,-0.296888,0.949977]]],"btipPosition":[-34.0173,285.328,-40.9704],"carpPosition":[-25.5149,256.335,59.6787],"dipPosition":[-31.7481,278.38,-18.7375],"direction":[0.0916089,0.0422984,-0.994896],"extended":false,"handId":506,"id":5060,"length":52.1164,"mcpPosition":[-25.5149,256.335,59.6787],"pipPosition":[-34.8715,276.938,15.1841],"stabilizedTipPosition":[-30.575,279.295,-41.4841],"timeVisible":86.5519,"tipPosition":[-33.9693,284.177,-35.7369],"tipVelocity":[-32.2046,2.86992,41.9225],"tool":false,"touchDistance":0.242208,"touchZone":"hovering","type":0,"width":20.25},{"bases":[[[0.822756,-0.480876,-0.303036],[0.568252,0.707876,0.419525],[0.0127725,-0.517368,0.855668]],[[0.817087,-0.425163,-0.389364],[0.393406,0.904887,-0.162516],[0.421426,-0.0203886,0.906633]],[[0.817087,-0.425163,-0.389364],[0.321555,0.896659,-0.304311],[0.478509,0.123446,0.869362]],[[0.817087,-0.425163,-0.389364],[0.271867,0.879725,-0.390092],[0.508386,0.212884,0.8344]]],"btipPosition":[-45.1079,301.823,-77.0604],"carpPosition":[-5.81087,269.505,60.111],"dipPosition":[-36.4218,305.46,-62.8041],"direction":[-0.478509,-0.123446,-0.869362],"extended":true,"handId":506,"id":5061,"length":58.8075,"mcpPosition":[-6.75054,307.568,-2.84015],"pipPosition":[-24.856,308.444,-41.7913],"stabilizedTipPosition":[-40.2329,300.337,-75.8392],"timeVisible":86.5519,"tipPosition":[-43.3629,302.594,-73.5988],"tipVelocity":[-65.4724,33.4273,27.4155],"tool":false,"touchDistance":0.26274,"touchZone":"hovering","type":1,"width":19.3428},{"bases":[[[0.707908,-0.659936,-0.251695],[0.69931,0.604857,0.380938],[-0.0991549,-0.445682,0.889683]],[[0.704626,-0.672969,-0.224978],[0.188134,0.482893,-0.855231],[0.684184,0.560292,0.466868]],[[0.704626,-0.672969,-0.224978],[-0.395915,-0.109751,-0.911705],[0.588857,0.731483,-0.343772]],[[0.704626,-0.672969,-0.224978],[-0.577481,-0.359624,-0.73293],[0.412331,0.646362,-0.642027]]],"btipPosition":[-45.3828,236.299,-6.10414],"carpPosition":[5.17078,265.158,56.6299],"dipPosition":[-37.6343,248.445,-18.1691],"direction":[-0.588857,-0.731483,0.343772],"extended":false,"handId":506,"id":5062,"length":67.0064,"mcpPosition":[12.0886,296.252,-5.44154],"pipPosition":[-20.8893,269.246,-27.9447],"stabilizedTipPosition":[-36.6835,225.647,-25.9443],"timeVisible":86.5519,"tipPosition":[-43.709,239.061,-8.92467],"tipVelocity":[-24.3963,40.5922,68.524],"tool":false,"touchDistance":0.333333,"touchZone":"none","type":2,"width":18.9972},{"bases":[[[0.630856,-0.762035,-0.146023],[0.744583,0.541646,0.390149],[-0.218214,-0.354854,0.909099]],[[0.631275,-0.761351,-0.147772],[0.285047,0.404967,-0.868763],[0.721277,0.506306,0.472666]],[[0.631275,-0.761351,-0.147772],[-0.359749,-0.118659,-0.925473],[0.687076,0.637389,-0.348802]],[[0.631275,-0.761351,-0.147772],[-0.577169,-0.333916,-0.745236],[0.518043,0.555738,-0.650221]]],"btipPosition":[-32.7341,229.567,-3.08724],"carpPosition":[14.5358,258,53.166],"dipPosition":[-23.055,239.95,-15.236],"direction":[-0.687076,-0.637389,0.348802],"extended":false,"handId":506,"id":5063,"length":64.4285,"mcpPosition":[28.2047,280.228,-3.77993],"pipPosition":[-4.02165,257.607,-24.8985],"stabilizedTipPosition":[-23.5204,219.315,-21.6758],"timeVisible":86.5519,"tipPosition":[-30.6138,231.921,-6.0839],"tipVelocity":[-19.0553,46.0906,62.935],"tool":false,"touchDistance":0.333333,"touchZone":"none","type":3,"width":18.077},{"bases":[[[0.469604,-0.876934,-0.102267],[0.811416,0.383035,0.441461],[-0.347961,-0.290293,0.891433]],[[0.484451,-0.863321,-0.141368],[0.409081,0.366401,-0.835705],[0.773279,0.347027,0.530671]],[[0.484451,-0.863321,-0.141368],[-0.325588,-0.0279438,-0.945099],[0.811973,0.503881,-0.294624]],[[0.484451,-0.863321,-0.141368],[-0.592857,-0.205163,-0.778735],[0.643295,0.46107,-0.611217]]],"btipPosition":[-14.8071,232.004,-5.09845],"carpPosition":[19.3284,245.245,49.0577],"dipPosition":[-3.71876,239.951,-15.6339],"direction":[-0.811973,-0.503881,0.294624],"extended":false,"handId":506,"id":5064,"length":50.5107,"mcpPosition":[39.505,262.077,-2.63228],"pipPosition":[12.1625,249.807,-21.3964],"stabilizedTipPosition":[-5.54398,222.653,-20.7959],"timeVisible":86.5519,"tipPosition":[-12.318,233.791,-7.62427],"tipVelocity":[-20.4133,50.1141,50.7254],"tool":false,"touchDistance":0.333333,"touchZone":"none","type":4,"width":16.0574}],"r":[[0.572789,-0.732464,0.36798],[0.711468,0.221296,-0.666965],[0.407095,0.643836,0.64788]],"s":1.12419,"t":[21.3334,16.4636,6.0107],"timestamp":97901025280},false],[1,{"currentFrameRate":105.402,"devices":[],"gestures":[],"hands":[{"armBasis":[[0.764433,-0.426502,-0.483465],[0.599776,0.745508,0.290667],[0.236457,-0.512166,0.825696]],"armWidth":63.72,"confidence":0.303315,"direction":[0.203485,0.523024,-0.827672],"elbow":[68.1214,110.572,281.02],"grabStrength":0.405356,"id":506,"palmNormal":[-0.565786,-0.627101,-0.535379],"palmPosition":[6.73113,278.791,12.3581],"palmVelocity":[-15.4935,52.3518,10.6939],"palmWidth":90.99,"pinchStrength":0.500786,"r":[[0.576581,-0.730149,0.366656],[0.706118,0.219548,-0.673198],[0.411036,0.647056,0.642159]],"s":1.12317,"sphereCenter":[-16.0915,253.658,-25.8044],"sphereRadius":44.1829,"stabilizedPalmPosition":[6.83791,273.827,9.24729],"t":[21.1898,16.8196,6.06927],"timeVisible":86.5612,"type":"right","wrist":[4.2781,248.856,58.0822]}],"id":1807516,"interactionBox":{"center":[0,200,0],"size":[235.247,235.247,147.751]},"pointables":[{"bases":[[[0.867296,0.430681,0.249622],[-0.469455,0.540879,0.697898],[0.165555,-0.722471,0.671288]],[[0.807656,0.582451,0.09188],[-0.557652,0.703857,0.440011],[0.191615,-0.406615,0.89328]],[[0.807656,0.582451,0.09188],[-0.581544,0.812573,-0.0391399],[-0.0974563,-0.0218207,0.995001]],[[0.807656,0.582451,0.09188],[-0.583287,0.766342,0.26925],[0.0864133,-0.271054,0.958678]]],"btipPosition":[-33.5726,284.134,-41.0214],"carpPosition":[-25.3081,256.75,59.9306],"dipPosition":[-31.5502,277.791,-18.5849],"direction":[0.0974563,0.0218207,-0.995001],"extended":false,"handId":506,"id":5060,"length":52.1164,"mcpPosition":[-25.3081,256.75,59.9306],"pipPosition":[-34.873,277.047,15.3403],"stabilizedTipPosition":[-30.7771,279.564,-41.0353],"timeVisible":86.5612,"tipPosition":[-33.7517,283.359,-35.6828],"tipVelocity":[-11.3454,-29.9593,29.9781],"tool":false,"touchDistance":0.242139,"touchZone":"hovering","type":0,"width":20.25},{"bases":[[[0.821871,-0.481215,-0.304892],[0.569381,0.711024,0.412613],[0.0182298,-0.512715,0.858365]],[[0.816162,-0.42884,-0.387268],[0.396579,0.903171,-0.164339],[0.420245,-0.0194556,0.907202]],[[0.816162,-0.42884,-0.387268],[0.325667,0.895021,-0.304759],[0.477306,0.122612,0.870141]],[[0.816162,-0.42884,-0.387268],[0.276469,0.878342,-0.389974],[0.507391,0.211214,0.83543]]],"btipPosition":[-45.2247,301.936,-77.2456],"carpPosition":[-5.62306,269.953,60.1851],"dipPosition":[-36.5556,305.545,-62.9717],"direction":[-0.477306,-0.122612,-0.870141],"extended":true,"handId":506,"id":5061,"length":58.8075,"mcpPosition":[-6.96422,307.673,-2.96449],"pipPosition":[-25.0189,308.509,-41.9401],"stabilizedTipPosition":[-40.911,300.887,-75.4147],"timeVisible":86.5612,"tipPosition":[-43.6032,302.551,-73.6984],"tipVelocity":[-50.6807,27.25,14.1865],"tool":false,"touchDistance":0.25972,"touchZone":"hovering","type":1,"width":19.3428},{"bases":[[[0.70759,-0.660175,-0.251964],[0.700394,0.608003,0.373873],[-0.0936263,-0.441022,0.892599]],[[0.704476,-0.673057,-0.225183],[0.183242,0.479012,-0.858469],[0.685664,0.563508,0.460785]],[[0.704476,-0.673057,-0.225183],[-0.400352,-0.114875,-0.909132],[0.58603,0.730615,-0.350387]],[[0.704476,-0.673057,-0.225183],[-0.58075,-0.364286,-0.728028],[0.407974,0.643654,-0.647509]]],"btipPosition":[-45.5019,236.34,-5.68517],"carpPosition":[5.34653,265.603,56.668],"dipPosition":[-37.8352,248.435,-17.8532],"direction":[-0.58603,-0.730615,0.350387],"extended":false,"handId":506,"id":5062,"length":67.0064,"mcpPosition":[11.8787,296.373,-5.60686],"pipPosition":[-21.1706,269.211,-27.8169],"stabilizedTipPosition":[-36.8466,225.959,-25.5406],"timeVisible":86.5612,"tipPosition":[-43.8428,239.086,-8.50788],"tipVelocity":[-21.7047,30.0427,61.2075],"tool":false,"touchDistance":0.333333,"touchZone":"none","type":2,"width":18.9972},{"bases":[[[0.631274,-0.761822,-0.145327],[0.745816,0.544915,0.383179],[-0.212724,-0.350278,0.91217]],[[0.631655,-0.761192,-0.146964],[0.280424,0.401073,-0.872068],[0.722755,0.509634,0.466796]],[[0.631655,-0.761192,-0.146964],[-0.364313,-0.124117,-0.922969],[0.684316,0.636538,-0.355711]],[[0.631655,-0.761192,-0.146964],[-0.580717,-0.338986,-0.740173],[0.513595,0.552878,-0.65616]]],"btipPosition":[-32.8162,229.65,-2.68888],"carpPosition":[14.7041,258.442,53.1921],"dipPosition":[-23.2202,239.98,-14.9486],"direction":[-0.684316,-0.636539,0.355711],"extended":false,"handId":506,"id":5063,"length":64.4285,"mcpPosition":[28.0291,280.384,-3.94619],"pipPosition":[-4.26331,257.613,-24.8025],"stabilizedTipPosition":[-23.7139,219.662,-21.2343],"timeVisible":86.5612,"tipPosition":[-30.7156,231.985,-5.68872],"tipVelocity":[-16.7567,35.2566,56.513],"tool":false,"touchDistance":0.333333,"touchZone":"none","type":3,"width":18.077},{"bases":[[[0.470444,-0.876736,-0.100078],[0.81318,0.386688,0.434983],[-0.342667,-0.286017,0.89486]],[[0.484975,-0.863394,-0.139103],[0.404317,0.362403,-0.839757],[0.775453,0.351019,0.524842]],[[0.484975,-0.863394,-0.139103],[-0.330691,-0.0338018,-0.943134],[0.809594,0.503396,-0.30191]],[[0.484975,-0.863394,-0.139103],[-0.596946,-0.210584,-0.774151],[0.639105,0.458481,-0.617528]]],"btipPosition":[-14.9058,232.096,-4.77068],"carpPosition":[19.4948,245.672,49.1267],"dipPosition":[-3.88966,239.999,-15.4149],"direction":[-0.809594,-0.503396,0.30191],"extended":false,"handId":506,"id":5064,"length":50.5107,"mcpPosition":[39.3644,262.257,-2.76189],"pipPosition":[11.945,249.845,-21.3199],"stabilizedTipPosition":[-5.79994,223.075,-20.2869],"timeVisible":86.5612,"tipPosition":[-12.435,233.869,-7.31912],"tipVelocity":[-18.1589,38.4757,45.6175],"tool":false,"touchDistance":0.333333,"touchZone":"none","type":4,"width":16.0574}],"r":[[0.576581,-0.730149,0.366656],[0.706118,0.219548,-0.673198],[0.411036,0.647056,0.642159]],"s":1.12317,"t":[21.1898,16.8196,6.06927],"timestamp":97901034565},false],[2,{"currentFrameRate":105.333,"devices":[],"gestures":[],"hands":[{"armBasis":[[0.764788,-0.426776,-0.48266],[0.599741,0.745282,0.291317],[0.235391,-0.512267,0.825938]],"armWidth":63.72,"confidence":0.309181,"direction":[0.199247,0.520004,-0.8306],"elbow":[68.0801,110.845,281.139],"grabStrength":0.39142,"id":506,"palmNormal":[-0.567216,-0.629976,-0.530467],"palmPosition":[6.74215,278.913,12.2832],"palmVelocity":[-10.6595,40.8365,5.3254],"palmWidth":90.99,"pinchStrength":0.479388,"r":[[0.580114,-0.72785,0.365653],[0.70117,0.217776,-0.678922],[0.414523,0.650237,0.636681]],"s":1.12187,"sphereCenter":[-16.4513,253.927,-25.5678],"sphereRadius":44.0498,"stabilizedPalmPosition":[6.82219,274.662,9.74567],"t":[21.1235,17.0587,6.0611],"timeVisible":86.5708,"type":"right","wrist":[4.52454,249.157,58.1356]}],"id":1807517,"interactionBox":{"center":[0,200,0],"size":[235.247,235.247,147.751]},"pointables":[{"bases":[[[0.86777,0.432825,0.244208],[-0.467206,0.54302,0.697745],[0.169392,-0.719578,0.673434]],[[0.80736,0.58371,0.0863312],[-0.557213,0.706079,0.436995],[0.194122,-0.400917,0.895311]],[[0.80736,0.58371,0.0863312],[-0.580806,0.811956,-0.0582338],[-0.104089,-0.00312608,0.994563]],[[0.80736,0.58371,0.0863312],[-0.585121,0.773099,0.244849],[0.076178,-0.248195,0.96571]]],"btipPosition":[-32.9881,282.946,-41.124],"carpPosition":[-25.0641,257.018,60.0791],"dipPosition":[-31.2052,277.138,-18.5229],"direction":[0.104089,0.00312608,-0.994563],"extended":false,"handId":506,"id":5060,"length":52.1164,"mcpPosition":[-25.0641,257.018,60.0791],"pipPosition":[-34.7542,277.031,15.3873],"stabilizedTipPosition":[-30.9445,279.755,-40.5604],"timeVisible":86.5708,"tipPosition":[-33.3554,282.489,-35.7066],"tipVelocity":[7.93346,-53.4083,19.3134],"tool":false,"touchDistance":0.241059,"touchZone":"hovering","type":0,"width":20.25},{"bases":[[[0.821213,-0.481326,-0.306488],[0.570175,0.713416,0.407356],[0.0225822,-0.509278,0.860306]],[[0.815648,-0.432403,-0.384378],[0.400915,0.901439,-0.163327],[0.417116,-0.0208853,0.908613]],[[0.815648,-0.432403,-0.384378],[0.331363,0.893768,-0.302287],[0.474255,0.119191,0.872282]],[[0.815648,-0.432403,-0.384378],[0.282896,0.877623,-0.386971],[0.504667,0.206893,0.838157]]],"btipPosition":[-45.0632,302.197,-77.5352],"carpPosition":[-5.39604,270.248,60.1972],"dipPosition":[-36.4406,305.732,-63.2148],"direction":[-0.474255,-0.119191,-0.872282],"extended":true,"handId":506,"id":5061,"length":58.8075,"mcpPosition":[-7.05741,307.716,-3.0952],"pipPosition":[-24.9777,308.613,-42.1314],"stabilizedTipPosition":[-41.4443,301.409,-75.1263],"timeVisible":86.5708,"tipPosition":[-43.5727,302.636,-73.8941],"tipVelocity":[-31.4037,26.6985,1.64323],"tool":false,"touchDistance":0.255071,"touchZone":"hovering","type":1,"width":19.3428},{"bases":[[[0.7074,-0.660226,-0.252363],[0.701159,0.610417,0.368465],[-0.0892237,-0.437599,0.894733]],[[0.704421,-0.672994,-0.225542],[0.17953,0.476369,-0.860721],[0.686702,0.565819,0.456387]],[[0.704421,-0.672994,-0.225542],[-0.403849,-0.118712,-0.907091],[0.583692,0.730059,-0.355411]],[[0.704421,-0.672994,-0.225542],[-0.583367,-0.367943,-0.724086],[0.404319,0.641636,-0.65179]]],"btipPosition":[-45.5061,236.34,-5.41617],"carpPosition":[5.56432,265.9,56.6505],"dipPosition":[-37.9082,248.397,-17.6646],"direction":[-0.583692,-0.730059,0.355411],"extended":false,"handId":506,"id":5062,"length":67.0064,"mcpPosition":[11.7893,296.43,-5.77316],"pipPosition":[-21.31,269.158,-27.7712],"stabilizedTipPosition":[-36.9751,226.204,-25.2188],"timeVisible":86.5708,"tipPosition":[-43.8608,239.071,-8.23749],"tipVelocity":[-16.0045,21.0541,50.9878],"tool":false,"touchDistance":0.333333,"touchZone":"none","type":2,"width":18.9972},{"bases":[[[0.631677,-0.761551,-0.144999],[0.746707,0.547426,0.377828],[-0.208359,-0.346937,0.914451]],[[0.632025,-0.760968,-0.146531],[0.276838,0.398317,-0.874474],[0.723813,0.512124,0.462411]],[[0.632025,-0.760968,-0.146531],[-0.367847,-0.128168,-0.921011],[0.68208,0.636004,-0.360925]],[[0.632025,-0.760968,-0.146531],[-0.583463,-0.342829,-0.736233],[0.510015,0.550814,-0.660673]]],"btipPosition":[-32.7955,229.678,-2.43603],"carpPosition":[14.9166,258.737,53.1632],"dipPosition":[-23.2664,239.969,-14.7801],"direction":[-0.68208,-0.636003,0.360925],"extended":false,"handId":506,"id":5063,"length":64.4285,"mcpPosition":[27.9682,280.47,-4.11807],"pipPosition":[-4.37144,257.588,-24.7784],"stabilizedTipPosition":[-23.8685,219.94,-20.8762],"timeVisible":86.5708,"tipPosition":[-30.7103,231.998,-5.43501],"tipVelocity":[-11.7275,25.5949,47.1426],"tool":false,"touchDistance":0.333333,"touchZone":"none","type":3,"width":18.077},{"bases":[[[0.471197,-0.876499,-0.0986079],[0.814504,0.389497,0.429971],[-0.338462,-0.282918,0.897442]],[[0.485464,-0.863373,-0.137524],[0.400586,0.35949,-0.842792],[0.777082,0.354055,0.520374]],[[0.485464,-0.863373,-0.137524],[-0.3347,-0.0382213,-0.941549],[0.807651,0.503117,-0.307526]],[[0.485464,-0.863373,-0.137524],[-0.600161,-0.21473,-0.770518],[0.635713,0.456595,-0.622406]]],"btipPosition":[-14.8984,232.133,-4.5672],"carpPosition":[19.7072,245.958,49.128],"dipPosition":[-3.9407,240.003,-15.2955],"direction":[-0.807651,-0.503117,0.307526],"extended":false,"handId":506,"id":5064,"length":50.5107,"mcpPosition":[39.333,262.363,-2.91031],"pipPosition":[11.856,249.844,-21.3103],"stabilizedTipPosition":[-6.01415,223.429,-19.8554],"timeVisible":86.5708,"tipPosition":[-12.4426,233.895,-7.13271],"tipVelocity":[-13.0654,28.1779,37.9237],"tool":false,"touchDistance":0.333333,"touchZone":"none","type":4,"width":16.0574}],"r":[[0.580114,-0.72785,0.365653],[0.70117,0.217776,-0.678922],[0.414523,0.650237,0.636681]],"s":1.12187,"t":[21.1235,17.0587,6.0611],"timestamp":97901044188},false],[3,{"currentFrameRate":105.44,"devices":[],"gestures":[],"hands":[{"armBasis":[[0.765058,-0.426993,-0.482041],[0.599717,0.745112,0.291801],[0.234578,-0.512332,0.826129]],"armWidth":63.72,"confidence":0.312345,"direction":[0.196039,0.517711,-0.832793],"elbow":[68.0471,111.056,281.23],"grabStrength":0.377476,"id":506,"palmNormal":[-0.568277,-0.632139,-0.526746],"palmPosition":[6.75048,279.006,12.2266],"palmVelocity":[-7.40124,32.1301,2.10528],"palmWidth":90.99,"pinchStrength":0.461119,"r":[[0.583315,-0.725673,0.364885],[0.696699,0.216069,-0.68405],[0.417556,0.653232,0.631612]],"s":1.12079,"sphereCenter":[-16.7271,254.144,-25.3999],"sphereRadius":43.974,"stabilizedPalmPosition":[6.81067,275.359,10.1441],"t":[21.0945,17.2245,6.02872],"timeVisible":86.5801,"type":"right","wrist":[4.71102,249.385,58.1749]}],"id":1807518,"interactionBox":{"center":[0,200,0],"size":[235.247,235.247,147.751]},"pointables":[{"bases":[[[0.868109,0.434435,0.240111],[-0.465511,0.544637,0.697618],[0.172296,-0.717382,0.675038]],[[0.80704,0.584778,0.0819861],[-0.557037,0.707863,0.434327],[0.19595,-0.396189,0.897016]],[[0.80704,0.584778,0.0819861],[-0.580564,0.811138,-0.0707108],[-0.107852,0.00946827,0.994122]],[[0.80704,0.584778,0.0819861],[-0.586469,0.777584,0.226754],[0.0688495,-0.231082,0.970495]]],"btipPosition":[-32.5946,282.084,-41.195],"carpPosition":[-24.8792,257.222,60.1902],"dipPosition":[-30.9833,276.676,-18.4819],"direction":[0.107852,-0.00946827,-0.994122],"extended":false,"handId":506,"id":5060,"length":52.1164,"mcpPosition":[-24.8792,257.222,60.1902],"pipPosition":[-34.6606,276.999,15.4133],"stabilizedTipPosition":[-31.0755,279.866,-40.0905],"timeVisible":86.5801,"tipPosition":[-33.0611,281.824,-35.7333],"tipVelocity":[16.4443,-61.7331,12.4953],"tool":false,"touchDistance":0.240306,"touchZone":"hovering","type":0,"width":20.25},{"bases":[[[0.820714,-0.48141,-0.30769],[0.570753,0.715212,0.403376],[0.0258741,-0.506671,0.861751]],[[0.815349,-0.435492,-0.381514],[0.405377,0.899886,-0.160858],[0.413372,-0.0235015,0.910259]],[[0.815349,-0.435492,-0.381514],[0.337206,0.892849,-0.298516],[0.470636,0.114746,0.874834]],[[0.815349,-0.435492,-0.381514],[0.289485,0.877316,-0.382772],[0.501403,0.20165,0.841387]]],"btipPosition":[-44.8297,302.539,-77.8211],"carpPosition":[-5.22446,270.472,60.2052],"dipPosition":[-36.2629,305.984,-63.4455],"direction":[-0.470636,-0.114746,-0.874834],"extended":true,"handId":506,"id":5061,"length":58.8075,"mcpPosition":[-7.12801,307.748,-3.19348],"pipPosition":[-24.8875,308.758,-42.3004],"stabilizedTipPosition":[-41.7875,301.875,-74.9779],"timeVisible":86.5801,"tipPosition":[-43.4495,302.817,-74.1004],"tipVelocity":[-15.85,28.9177,-7.11441],"tool":false,"touchDistance":0.250518,"touchZone":"hovering","type":1,"width":19.3428},{"bases":[[[0.707259,-0.660263,-0.252662],[0.701718,0.61223,0.364372],[-0.0858936,-0.435003,0.896323]],[[0.704382,-0.672944,-0.225815],[0.176789,0.474425,-0.862361],[0.687453,0.56751,0.453146]],[[0.704382,-0.672944,-0.225815],[-0.406455,-0.121575,-0.905546],[0.581928,0.729634,-0.359157]],[[0.704382,-0.672944,-0.225815],[-0.585328,-0.370701,-0.721091],[0.401544,0.640099,-0.655008]]],"btipPosition":[-45.5078,236.343,-5.21814],"carpPosition":[5.72887,266.124,56.6363],"dipPosition":[-37.962,248.371,-17.527],"direction":[-0.581928,-0.729634,0.359157],"extended":false,"handId":506,"id":5062,"length":67.0064,"mcpPosition":[11.7215,296.474,-5.89836],"pipPosition":[-21.414,269.12,-27.7402],"stabilizedTipPosition":[-37.0684,226.381,-24.9832],"timeVisible":86.5801,"tipPosition":[-43.8724,239.062,-8.03662],"tipVelocity":[-11.9062,15,42.2027],"tool":false,"touchDistance":0.333333,"touchZone":"none","type":2,"width":18.9972},{"bases":[[[0.631986,-0.761342,-0.144751],[0.747359,0.549314,0.373776],[-0.205057,-0.344403,0.916154]],[[0.632307,-0.760799,-0.146192],[0.274205,0.396267,-0.876233],[0.724568,0.513962,0.459177]],[[0.632307,-0.760799,-0.146192],[-0.370479,-0.131217,-0.919526],[0.680392,0.635584,-0.36483]],[[0.632307,-0.760799,-0.146192],[-0.585526,-0.345743,-0.733226],[0.507293,0.549224,-0.664084]]],"btipPosition":[-32.7779,229.702,-2.24923],"carpPosition":[15.0772,258.961,53.1403],"dipPosition":[-23.2996,239.964,-14.657],"direction":[-0.680392,-0.635584,0.36483],"extended":false,"handId":506,"id":5063,"length":64.4285,"mcpPosition":[27.922,280.534,-4.24761],"pipPosition":[-4.4514,257.571,-24.7635],"stabilizedTipPosition":[-23.9825,220.145,-20.6092],"timeVisible":86.5801,"tipPosition":[-30.7041,232.01,-5.24544],"tipVelocity":[-8.24037,18.8995,39.078],"tool":false,"touchDistance":0.333333,"touchZone":"none","type":3,"width":18.077},{"bases":[[[0.471774,-0.876312,-0.0974993],[0.815486,0.391611,0.426174],[-0.33528,-0.280567,0.899372]],[[0.485829,-0.863362,-0.136295],[0.397817,0.357262,-0.845048],[0.778275,0.356329,0.517028]],[[0.485829,-0.863362,-0.136295],[-0.337725,-0.0415997,-0.940325],[0.806171,0.502868,-0.311789]],[[0.485829,-0.863362,-0.136295],[-0.602607,-0.217903,-0.767713],[0.633115,0.45511,-0.626131]]],"btipPosition":[-14.8907,232.163,-4.41321],"carpPosition":[19.8679,246.174,49.128],"dipPosition":[-3.9778,240.008,-15.2057],"direction":[-0.806171,-0.502868,0.311789],"extended":false,"handId":506,"id":5064,"length":50.5107,"mcpPosition":[39.3091,262.443,-3.02223],"pipPosition":[11.7899,249.843,-21.3039],"stabilizedTipPosition":[-6.17904,223.702,-19.5197],"timeVisible":86.5801,"tipPosition":[-12.4465,233.916,-6.99144],"tipVelocity":[-9.46095,20.9676,31.4586],"tool":false,"touchDistance":0.333333,"touchZone":"none","type":4,"width":16.0574}],"r":[[0.583315,-0.725673,0.364885],[0.696699,0.216069,-0.68405],[0.417556,0.653232,0.631612]],"s":1.12079,"t":[21.0945,17.2245,6.02872],"timestamp":97901053474},false],[4,{"currentFrameRate":105.492,"devices":[],"gestures":[],"hands":[{"armBasis":[[0.766026,-0.425944,-0.481431],[0.599201,0.74431,0.29489],[0.232727,-0.514367,0.825387]],"armWidth":63.72,"confidence":0.316822,"direction":[0.191487,0.512139,-0.837285],"elbow":[67.7767,111.033,281.571],"grabStrength":0.365156,"id":506,"palmNormal":[-0.569456,-0.636838,-0.519767],"palmPosition":[6.72703,279.209,12.5514],"palmVelocity":[-6.00727,29.1749,11.3524],"palmWidth":90.99,"pinchStrength":0.442032,"r":[[0.586445,-0.723209,0.364763],[0.692424,0.213955,-0.689037],[0.420275,0.656653,0.62624]],"s":1.11956,"sphereCenter":[-17.1325,254.399,-24.6751],"sphereRadius":43.8436,"stabilizedPalmPosition":[6.79771,275.956,10.5171],"t":[21.0683,17.4094,6.17493],"timeVisible":86.5895,"type":"right","wrist":[4.94044,249.912,58.7166]}],"id":1807519,"interactionBox":{"center":[0,200,0],"size":[235.247,235.247,147.751]},"pointables":[{"bases":[[[0.868382,0.437628,0.233228],[-0.463421,0.548756,0.695779],[0.176507,-0.712284,0.679336]],[[0.806214,0.586973,0.074034],[-0.557392,0.711648,0.427634],[0.198324,-0.386031,0.900915]],[[0.806214,0.586973,0.074034],[-0.581079,0.809141,-0.0873924],[-0.111201,0.0274374,0.993419]],[[0.806214,0.586973,0.074034],[-0.58832,0.782207,0.205015],[0.0624286,-0.208842,0.975955]]],"btipPosition":[-32.224,280.933,-40.8777],"carpPosition":[-24.6545,257.711,60.8059],"dipPosition":[-30.7629,276.046,-18.0368],"direction":[0.111201,-0.0274374,-0.993419],"extended":false,"handId":506,"id":5060,"length":52.1164,"mcpPosition":[-24.6545,257.711,60.8059],"pipPosition":[-34.5544,276.981,15.8344],"stabilizedTipPosition":[-31.1684,279.859,-39.58],"timeVisible":86.5895,"tipPosition":[-32.7895,280.926,-35.3629],"tipVelocity":[21.9568,-75.4318,19.4512],"tool":false,"touchDistance":0.246084,"touchZone":"hovering","type":0,"width":20.25},{"bases":[[[0.82021,-0.482155,-0.307867],[0.571247,0.719039,0.395803],[0.0305299,-0.50051,0.865192]],[[0.814882,-0.439147,-0.378309],[0.40824,0.89816,-0.163245],[0.41147,-0.0214154,0.911172]],[[0.814882,-0.439147,-0.378309],[0.341124,0.891021,-0.299525],[0.468616,0.115027,0.875881]],[[0.814882,-0.439147,-0.378309],[0.293992,0.875635,-0.383188],[0.499536,0.201033,0.842645]]],"btipPosition":[-44.8086,302.523,-77.7243],"carpPosition":[-5.02324,270.996,60.6411],"dipPosition":[-36.2737,305.958,-63.3272],"direction":[-0.468616,-0.115027,-0.875881],"extended":true,"handId":506,"id":5061,"length":58.8075,"mcpPosition":[-7.26931,307.818,-3.01071],"pipPosition":[-24.9471,308.738,-42.1568],"stabilizedTipPosition":[-42.0521,302.235,-74.8366],"timeVisible":86.5895,"tipPosition":[-43.506,302.697,-73.9478],"tipVelocity":[-10.9241,20.1364,-2.00768],"tool":false,"touchDistance":0.252214,"touchZone":"hovering","type":1,"width":19.3428},{"bases":[[[0.707312,-0.660809,-0.25108],[0.702221,0.61601,0.356956],[-0.081212,-0.428792,0.899745]],[[0.704577,-0.673296,-0.224151],[0.172666,0.469037,-0.866135],[0.688301,0.571556,0.446728]],[[0.704577,-0.673296,-0.224151],[-0.410014,-0.128444,-0.90299],[0.579189,0.728131,-0.36656]],[[0.704577,-0.673296,-0.224151],[-0.587824,-0.376808,-0.715876],[0.397535,0.636151,-0.66127]]],"btipPosition":[-45.5288,236.348,-4.40052],"carpPosition":[5.92204,266.641,57.0552],"dipPosition":[-38.0584,248.303,-16.8271],"direction":[-0.579189,-0.728131,0.36656],"extended":false,"handId":506,"id":5062,"length":67.0064,"mcpPosition":[11.588,296.557,-5.71827],"pipPosition":[-21.5883,269.008,-27.2507],"stabilizedTipPosition":[-37.1341,226.505,-24.8106],"timeVisible":86.5895,"tipPosition":[-43.9086,239.047,-7.23073],"tipVelocity":[-9.68414,10.3883,54.1645],"tool":false,"touchDistance":0.333333,"touchZone":"none","type":2,"width":18.9972},{"bases":[[[0.632689,-0.761252,-0.142128],[0.748014,0.553241,0.366605],[-0.200448,-0.33826,0.919457]],[[0.63298,-0.760758,-0.143467],[0.270787,0.391179,-0.879576],[0.725266,0.517905,0.453612]],[[0.63298,-0.760758,-0.143467],[-0.373786,-0.138038,-0.917186],[0.677953,0.634186,-0.371736]],[[0.63298,-0.760758,-0.143467],[-0.5881,-0.352001,-0.728171],[0.503462,0.545291,-0.670212]]],"btipPosition":[-32.7682,229.762,-1.47289],"carpPosition":[15.2677,259.47,53.569],"dipPosition":[-23.3615,239.95,-13.9951],"direction":[-0.677953,-0.634186,0.371736],"extended":false,"handId":506,"id":5063,"length":64.4285,"mcpPosition":[27.8237,280.658,-4.02576],"pipPosition":[-4.58087,257.518,-24.293],"stabilizedTipPosition":[-24.0632,220.291,-20.4108],"timeVisible":86.5895,"tipPosition":[-30.7104,232.044,-4.4616],"tipVelocity":[-6.10256,14.8288,50.6993],"tool":false,"touchDistance":0.333333,"touchZone":"none","type":3,"width":18.077},{"bases":[[[0.472888,-0.876162,-0.0933622],[0.816647,0.396031,0.419818],[-0.330854,-0.274771,0.902794]],[[0.486642,-0.863573,-0.131993],[0.393903,0.351765,-0.849177],[0.779757,0.361253,0.511347]],[[0.486642,-0.863573,-0.131993],[-0.342312,-0.0494886,-0.938282],[0.803743,0.50179,-0.319695]],[[0.486642,-0.863573,-0.131993],[-0.606377,-0.225141,-0.762639],[0.628877,0.451169,-0.633214]]],"btipPosition":[-14.8837,232.231,-3.63569],"carpPosition":[20.0633,246.663,49.6264],"dipPosition":[-4.04389,240.007,-14.5503],"direction":[-0.803743,-0.50179,0.319695],"extended":false,"handId":506,"id":5064,"length":50.5107,"mcpPosition":[39.2479,262.595,-2.72229],"pipPosition":[11.6764,249.822,-20.8031],"stabilizedTipPosition":[-6.29708,223.898,-19.2656],"timeVisible":86.5895,"tipPosition":[-12.4617,233.962,-6.24748],"tipVelocity":[-7.06848,16.5827,45.2297],"tool":false,"touchDistance":0.333333,"touchZone":"none","type":4,"width":16.0574}],"r":[[0.586445,-0.723209,0.364763],[0.692424,0.213955,-0.689037],[0.420275,0.656653,0.62624]],"s":1.11956,"t":[21.0683,17.4094,6.17493],"timestamp":97901062856},false],[5,{"currentFrameRate":96.1946,"devices":[],"gestures":[],"hands":[{"armBasis":[[0.763816,-0.426779,-0.484195],[0.603861,0.73741,0.30262],[0.227899,-0.523532,0.82096]],"armWidth":63.72,"confidence":0.329751,"direction":[0.178114,0.496688,-0.849456],"elbow":[66.9372,110.137,281.997],"grabStrength":0.345088,"id":506,"palmNormal":[-0.579019,-0.645086,-0.498599],"palmPosition":[6.45648,279.951,13.6294],"palmVelocity":[-8.24931,27.2255,28.3004],"palmWidth":90.99,"pinchStrength":0.401967,"r":[[0.589935,-0.720111,0.365261],[0.686725,0.209519,-0.696068],[0.424717,0.661469,0.618121]],"s":1.11701,"sphereCenter":[-18.7996,255.507,-22.3809],"sphereRadius":43.4601,"stabilizedPalmPosition":[6.71391,276.937,11.2814],"t":[20.9199,17.8726,6.78706],"timeVisible":86.6179,"type":"right","wrist":[5.40453,251.49,60.3376]}],"id":1807520,"interactionBox":{"center":[0,200,0],"size":[235.247,235.247,147.751]},"pointables":[{"bases":[[[0.872802,0.440247,0.210712],[-0.450877,0.561962,0.693476],[0.186888,-0.700272,0.688979]],[[0.807886,0.587267,0.0493676],[-0.552372,0.725349,0.410798],[0.205439,-0.359147,0.910389]],[[0.807886,0.587267,0.0493676],[-0.578603,0.806298,-0.12289],[-0.111974,0.0707172,0.991192]],[[0.807886,0.587267,0.0493676],[-0.586745,0.793655,0.160754],[0.0552246,-0.158837,0.985759]]],"btipPosition":[-31.8696,278.611,-39.5273],"carpPosition":[-24.14,259.377,62.7827],"dipPosition":[-30.5772,274.894,-16.457],"direction":[0.111974,-0.0707172,-0.991192],"extended":false,"handId":506,"id":5060,"length":52.1164,"mcpPosition":[-24.14,259.377,62.7827],"pipPosition":[-34.395,277.305,17.3383],"stabilizedTipPosition":[-31.2935,279.208,-37.92],"timeVisible":86.6179,"tipPosition":[-32.6405,279.206,-33.8971],"tipVelocity":[15.0514,-73.4401,38.5325],"tool":false,"touchDistance":0.26947,"touchZone":"hovering","type":0,"width":20.25},{"bases":[[[0.814231,-0.489021,-0.312867],[0.578843,0.725044,0.373164],[0.0443579,-0.484943,0.87342]],[[0.808515,-0.450797,-0.378267],[0.414933,0.892516,-0.176765],[0.417295,-0.0140387,0.908663]],[[0.808515,-0.450797,-0.378267],[0.347629,0.88452,-0.311091],[0.474824,0.120025,0.871858]],[[0.808515,-0.450797,-0.378267],[0.300166,0.868802,-0.393807],[0.506166,0.204856,0.837753]]],"btipPosition":[-45.8116,302.501,-76.6326],"carpPosition":[-4.49537,272.622,62.0496],"dipPosition":[-37.1634,306.002,-62.3191],"direction":[-0.474824,-0.120025,-0.871858],"extended":true,"handId":506,"id":5061,"length":58.8075,"mcpPosition":[-7.75876,308.299,-2.20761],"pipPosition":[-25.6867,308.903,-41.2459],"stabilizedTipPosition":[-42.7735,302.671,-74.227],"timeVisible":86.6179,"tipPosition":[-44.5807,302.56,-72.7929],"tipVelocity":[-25.8775,7.16744,23.3229],"tool":false,"touchDistance":0.270088,"touchZone":"hovering","type":1,"width":19.3428},{"bases":[[[0.70205,-0.666431,-0.250989],[0.708999,0.621109,0.333983],[-0.0666852,-0.412423,0.908548]],[[0.699756,-0.678404,-0.223854],[0.16072,0.45482,-0.875961],[0.696069,0.576981,0.427296]],[[0.699756,-0.678404,-0.223854],[-0.424538,-0.142884,-0.894065],[0.574552,0.720661,-0.387992]],[[0.699756,-0.678404,-0.223854],[-0.600277,-0.388486,-0.699103],[0.38731,0.623576,-0.679076]]],"btipPosition":[-46.1329,236.938,-1.82982],"carpPosition":[6.38188,268.186,58.3593],"dipPosition":[-38.8546,248.656,-14.591],"direction":[-0.574552,-0.720661,0.387992],"extended":false,"handId":506,"id":5062,"length":67.0064,"mcpPosition":[11.0344,296.96,-5.02829],"pipPosition":[-22.5164,269.149,-25.6241],"stabilizedTipPosition":[-37.218,226.655,-24.5809],"timeVisible":86.6179,"tipPosition":[-44.5508,239.566,-4.67544],"tipVelocity":[-18.0563,15.7721,75.5996],"tool":false,"touchDistance":0.333333,"touchZone":"none","type":2,"width":18.9972},{"bases":[[[0.629126,-0.764772,-0.139011],[0.754858,0.558444,0.34399],[-0.185444,-0.321346,0.928626]],[[0.629366,-0.764354,-0.140217],[0.258045,0.375752,-0.890069],[0.733015,0.523997,0.433724]],[[0.629366,-0.764354,-0.140217],[-0.388709,-0.153401,-0.908501],[0.672907,0.626283,-0.393657]],[[0.629366,-0.764354,-0.140217],[-0.600744,-0.364089,-0.711721],[0.492955,0.532168,-0.688326]]],"btipPosition":[-33.3285,230.361,1.06434],"carpPosition":[15.6574,260.936,54.8464],"dipPosition":[-24.1181,240.304,-11.7963],"direction":[-0.672907,-0.626283,0.393657],"extended":false,"handId":506,"id":5063,"length":64.4285,"mcpPosition":[27.2735,281.065,-3.3228],"pipPosition":[-5.47726,257.653,-22.7014],"stabilizedTipPosition":[-24.1635,220.464,-20.1511],"timeVisible":86.6179,"tipPosition":[-31.3153,232.576,-1.9556],"tipVelocity":[-15.7945,17.556,73.5706],"tool":false,"touchDistance":0.333333,"touchZone":"none","type":3,"width":18.077},{"bases":[[[0.470004,-0.878512,-0.0855116],[0.824152,0.402097,0.398862],[-0.316021,-0.257941,0.913015]],[[0.48285,-0.866916,-0.123746],[0.380696,0.335062,-0.86186],[0.788623,0.36904,0.491817]],[[0.48285,-0.866916,-0.123746],[-0.360817,-0.0681954,-0.93014],[0.797914,0.493768,-0.345726]],[[0.48285,-0.866916,-0.123746],[-0.622657,-0.240516,-0.744614],[0.615755,0.436588,-0.655924]]],"btipPosition":[-15.4126,232.777,-1.20881],"carpPosition":[20.3678,248.052,51.0548],"dipPosition":[-4.79897,240.303,-12.5148],"direction":[-0.797914,-0.493768,0.345726],"extended":false,"handId":506,"id":5064,"length":50.5107,"mcpPosition":[38.6923,263.009,-1.88658],"pipPosition":[10.8073,249.96,-19.2768],"stabilizedTipPosition":[-6.43849,224.123,-18.9381],"timeVisible":86.6179,"tipPosition":[-13.0635,234.438,-3.94845],"tipVelocity":[-15.5955,16.9861,68.8358],"tool":false,"touchDistance":0.333333,"touchZone":"none","type":4,"width":16.0574}],"r":[[0.589935,-0.720111,0.365261],[0.686725,0.209519,-0.696068],[0.424717,0.661469,0.618121]],"s":1.11701,"t":[20.9199,17.8726,6.78706],"timestamp":97901091250},false],[6,{"currentFrameRate":104.708,"devices":[],"gestures":[],"hands":[{"armBasis":[[0.723829,0.663442,0.189518],[-0.640545,0.544028,0.541973],[0.256464,-0.513691,0.818748]],"armWidth":63.72,"confidence":0.573515,"direction":[-0.169535,0.674171,-0.718854],"elbow":[72.8065,108.12,294.187],"grabStrength":0,"id":506,"palmNormal":[0.62832,-0.488007,-0.605857],"palmPosition":[-8.66704,276.888,29.0917],"palmVelocity":[-13.3178,51.0726,-184.62],"palmWidth":90.99,"pinchStrength":0.756712,"r":[[0.619956,0.0885892,0.77962],[0.261631,0.913403,-0.31184],[-0.739733,0.3973,0.543092]],"s":1.1342,"sphereCenter":[20.1496,269.44,-8.44511],"sphereRadius":44.9974,"stabilizedPalmPosition":[1.7957,274.249,26.7724],"t":[5.63929,14.7031,24.8832],"timeVisible":87.0235,"type":"right","wrist":[3.56113,246.817,73.1254]}],"id":1807563,"interactionBox":{"center":[0,200,0],"size":[235.247,235.247,147.751]},"pointables":[{"bases":[[[-0.289545,0.791122,0.538785],[-0.825876,-0.491027,0.277168],[0.483831,-0.364716,0.795543]],[[-0.386231,0.850778,0.356375],[-0.921784,-0.370145,-0.115358],[0.0337659,-0.373055,0.927195]],[[-0.386231,0.850778,0.356375],[-0.834142,-0.157232,-0.528663],[-0.393741,-0.501453,0.770398]],[[-0.386231,0.850778,0.356375],[-0.694146,-0.0136538,-0.719705],[-0.607443,-0.525348,0.595837]]],"btipPosition":[15.2379,271.449,-27.1705],"carpPosition":[-10.7178,223.435,59.3248],"dipPosition":[1.02151,259.154,-13.2257],"direction":[0.393741,0.501453,-0.770398],"extended":false,"handId":506,"id":5060,"length":52.1164,"mcpPosition":[-10.7178,223.435,59.3248],"pipPosition":[-12.4033,242.057,13.0414],"stabilizedTipPosition":[14.0024,265.186,-6.94332],"timeVisible":87.0235,"tipPosition":[10.9227,268.247,-24.3813],"tipVelocity":[-8.3308,14.9511,-177.313],"tool":false,"touchDistance":0.0275823,"touchZone":"hovering","type":0,"width":20.25},{"bases":[[[0.720013,0.659709,0.215325],[-0.665071,0.567387,0.485543],[0.198144,-0.492804,0.84728]],[[0.742974,0.568287,0.353608],[-0.6679,0.663881,0.33641],[-0.0435759,-0.486119,0.872806]],[[0.742974,0.568287,0.353608],[-0.660582,0.707676,0.250652],[-0.107797,-0.419815,0.901185]],[[0.742974,0.568287,0.353608],[-0.650967,0.736396,0.184292],[-0.155664,-0.367111,0.917059]]],"btipPosition":[-26.1342,318.222,-71.054],"carpPosition":[-18.694,244.662,66.2284],"dipPosition":[-28.7938,311.95,-55.3855],"direction":[0.107797,0.419815,-0.901185],"extended":true,"handId":506,"id":5061,"length":58.8075,"mcpPosition":[-33.2714,280.918,3.89435],"pipPosition":[-31.3993,301.802,-33.6035],"stabilizedTipPosition":[-25.6483,308.13,-50.5236],"timeVisible":87.0235,"tipPosition":[-25.7475,315.976,-67.6263],"tipVelocity":[-12.9648,61.6293,-189.14],"tool":false,"touchDistance":-0.0505777,"touchZone":"hovering","type":1,"width":19.3428},{"bases":[[[0.842922,0.480607,0.241867],[-0.529258,0.659794,0.53344],[0.0967931,-0.577658,0.81052]],[[0.840902,0.491639,0.226219],[-0.293939,0.765884,-0.571858],[-0.454405,0.414382,0.788545]],[[0.840902,0.491639,0.226219],[0.353,-0.181436,-0.917862],[-0.410213,0.851688,-0.326119]],[[0.840902,0.491639,0.226219],[0.526257,-0.645331,-0.553716],[-0.126242,0.58467,-0.801389]]],"btipPosition":[18.0142,239.077,-1.04454],"carpPosition":[-11.1725,253.954,69.1786],"dipPosition":[15.6419,250.064,-16.1042],"direction":[0.410213,-0.851688,0.326119],"extended":false,"handId":506,"id":5062,"length":67.0064,"mcpPosition":[-17.9256,294.256,12.6303],"pipPosition":[3.97691,274.283,-25.3779],"stabilizedTipPosition":[20.7038,237.815,8.63187],"timeVisible":87.0235,"tipPosition":[17.8226,240.896,-4.47817],"tipVelocity":[-37.5908,25.2789,-152.349],"tool":false,"touchDistance":0.333333,"touchZone":"none","type":2,"width":18.9972},{"bases":[[[0.885461,0.339247,0.3176],[-0.464327,0.673694,0.574923],[-0.0189239,-0.656542,0.754052]],[[0.885157,0.331035,0.326976],[-0.137758,0.857674,-0.495398],[-0.444433,0.393461,0.804778]],[[0.885157,0.331035,0.326976],[0.384843,-0.125891,-0.914356],[-0.261521,0.935183,-0.23883]],[[0.885157,0.331035,0.326976],[0.465165,-0.646071,-0.605156],[0.0109214,0.687756,-0.72586]]],"btipPosition":[26.6592,245.687,8.93783],"carpPosition":[-1.42391,260.898,71.9508],"dipPosition":[26.8632,258.537,-4.62414],"direction":[0.261521,-0.935183,0.23883],"extended":false,"handId":506,"id":5063,"length":64.4285,"mcpPosition":[-0.238514,302.023,24.717],"pipPosition":[19.6186,284.444,-11.2402],"stabilizedTipPosition":[29.3486,244.962,18.3576],"timeVisible":87.0235,"tipPosition":[26.923,247.737,6.13597],"tipVelocity":[-30.3427,30.3734,-171.59],"tool":false,"touchDistance":0.333333,"touchZone":"none","type":3,"width":18.077},{"bases":[[[0.941787,0.144971,0.303349],[-0.320789,0.65759,0.681667],[-0.100657,-0.739296,0.665814]],[[0.946777,0.202413,0.250285],[-0.0395847,0.844859,-0.533523],[-0.319447,0.49522,0.807905]],[[0.946777,0.202413,0.250285],[0.306671,-0.330945,-0.892428],[-0.0978086,0.921686,-0.375406]],[[0.946777,0.202413,0.250285],[0.306721,-0.803182,-0.510706],[0.0976504,0.560293,-0.822518]]],"btipPosition":[30.0535,259.934,27.5007],"carpPosition":[12.6916,262.261,73.1549],"dipPosition":[31.7367,269.592,13.3231],"direction":[0.0978086,-0.921686,0.375406],"extended":false,"handId":506,"id":5064,"length":50.5107,"mcpPosition":[18.5283,305.129,34.5475],"pipPosition":[29.8237,287.619,5.98059],"stabilizedTipPosition":[33.4427,256.406,39.936],"timeVisible":87.0235,"tipPosition":[30.6107,261.448,24.1325],"tipVelocity":[-23.6668,29.9643,-172.539],"tool":false,"touchDistance":0.333333,"touchZone":"none","type":4,"width":16.0574}],"r":[[0.619956,0.0885892,0.77962],[0.261631,0.913403,-0.31184],[-0.739733,0.3973,0.543092]],"s":1.1342,"t":[5.639