{"sensorType":"Leap","data":[[0,{"currentFrameRate":103.263,"devices":[],"gestures":[],"hands":[{"armBasis":[[0.890589,-0.20787,-0.404525],[0.381574,0.825505,0.415864],[0.247492,-0.52472,0.814504]],"armWidth":63.72,"confidence":0.482608,"direction":[0.146101,0.691399,-0.707546],"elbow":[63.1495,110.675,283.614],"grabStrength":0.375625,"id":506,"palmNormal":[-0.35309,-0.631668,-0.690161],"palmPosition":[-4.35354,289.629,23.6666],"palmVelocity":[4.89043,17.5366,-129.681],"palmWidth":90.99,"pinchStrength":0.56241,"r":[[0.706252,-0.633905,0.315234],[0.674781,0.46802,-0.570639],[0.214195,0.615729,0.758287]],"s":0.966941,"sphereCenter":[-4.6725,259.543,-25.0321],"sphereRadius":49.0881,"stabilizedPalmPosition":[-14.8003,271.668,271.533],"t":[9.89272,27.7433,18.9016],"timeVisible":80.8729,"type":"right","wrist":[-3.67335,252.349,63.6981]}],"id":1806924,"interactionBox":{"center":[0,200,0],"size":[235.247,235.247,147.751]},"pointables":[{"bases":[[[0.716182,0.558791,0.418134],[-0.64283,0.294872,0.706979],[0.271757,-0.775115,0.570389]],[[0.633819,0.723045,0.274736],[-0.748516,0.48385,0.453446],[0.194931,-0.493047,0.847884]],[[0.633819,0.723045,0.274736],[-0.759226,0.649448,0.0423376],[-0.147815,-0.235421,0.960587]],[[0.633819,0.723045,0.274736],[-0.752704,0.658348,0.00387042],[-0.178073,-0.209248,0.961512]]],"btipPosition":[-34.8544,290.694,-34.5847],"carpPosition":[-34.3313,253.158,62.9942],"dipPosition":[-39.0219,285.796,-12.0819],"direction":[0.147815,0.235421,-0.960587],"extended":false,"handId":506,"id":5060,"length":52.1164,"mcpPosition":[-34.3313,253.158,62.9942],"pipPosition":[-44.0618,277.77,20.6699],"stabilizedTipPosition":[-61.3043,297.828,222.137],"timeVisible":80.8729,"tipPosition":[-36.2842,289.01,-29.6584],"tipVelocity":[24.7529,23.2956,-137.297],"tool":false,"touchDistance":-0.457933,"touchZone":"touching","type":0,"width":20.25},{"bases":[[[0.935523,-0.229595,-0.268482],[0.347532,0.73452,0.58284],[0.063388,-0.638566,0.766952]],[[0.936549,-0.302277,-0.177496],[0.308574,0.951164,0.00833126],[0.16631,-0.0625733,0.984086]],[[0.936549,-0.302277,-0.177496],[0.28917,0.952431,-0.0962085],[0.198135,0.0387773,0.979407]],[[0.936549,-0.302277,-0.177496],[0.275047,0.947599,-0.162497],[0.217314,0.103366,0.970613]]],"btipPosition":[-38.721,317.043,-71.2657],"carpPosition":[-18.4106,270.079,67.6935],"dipPosition":[-35.0081,318.809,-54.6822],"direction":[-0.198135,-0.0387773,-0.979407],"extended":true,"handId":506,"id":5061,"length":58.8075,"mcpPosition":[-23.074,317.058,11.2692],"pipPosition":[-30.2191,319.747,-31.0096],"stabilizedTipPosition":[-60.4153,303.69,187.851],"timeVisible":80.8729,"tipPosition":[-38.2936,316.588,-67.3055],"tipVelocity":[30.4919,32.0554,-136.044],"tool":false,"touchDistance":-0.468345,"touchZone":"touching","type":1,"width":19.3428},{"bases":[[[0.862441,-0.435588,-0.257795],[0.501997,0.670932,0.545756],[-0.0647617,-0.600095,0.797303]],[[0.856023,-0.47547,-0.202863],[0.21488,0.684207,-0.696912],[0.470161,0.552982,0.687866]],[[0.856023,-0.47547,-0.202863],[0.0179407,0.419521,-0.907568],[0.516627,0.77326,0.36765]],[[0.856023,-0.47547,-0.202863],[-0.0714775,0.279794,-0.957396],[0.511972,0.834053,0.205525]]],"btipPosition":[-48.9165,246.46,-38.135],"carpPosition":[-6.46089,268.909,64.9635],"dipPosition":[-39.2955,262.134,-34.2728],"direction":[-0.516627,-0.77326,-0.36765],"extended":false,"handId":506,"id":5062,"length":67.0064,"mcpPosition":[-1.94259,310.776,9.33729],"pipPosition":[-24.6045,284.122,-23.8181],"stabilizedTipPosition":[-55.6291,254.638,139.672],"timeVisible":80.8729,"tipPosition":[-46.4971,250.849,-38.3516],"tipVelocity":[32.7378,2.44315,-128.164],"tool":false,"touchDistance":-0.418427,"touchZone":"touching","type":2,"width":18.9972},{"bases":[[[0.803198,-0.568479,-0.178059],[0.560012,0.618625,0.551081],[-0.203127,-0.542342,0.815233]],[[0.791464,-0.596088,-0.135142],[0.30774,0.579665,-0.754509],[0.528091,0.555578,0.642224]],[[0.791464,-0.596088,-0.135142],[0.0585795,0.294064,-0.953989],[0.608402,0.747131,0.267659]],[[0.791464,-0.596088,-0.135142],[-0.0524712,0.154024,-0.986673],[0.608959,0.788007,0.0906273]]],"btipPosition":[-34.5154,238.41,-27.2192],"carpPosition":[4.58738,264.68,61.6493],"dipPosition":[-23.1376,253.133,-25.5259],"direction":[-0.608402,-0.747131,-0.267659],"extended":false,"handId":506,"id":5063,"length":64.4285,"mcpPosition":[17.3112,298.653,10.5831],"pipPosition":[-6.28368,273.83,-18.1112],"stabilizedTipPosition":[-41.8775,247.163,199.122],"timeVisible":80.8729,"tipPosition":[-31.6679,242.37,-28.0414],"tipVelocity":[35.3029,20.4227,-147.701],"tool":false,"touchDistance":-0.437836,"touchZone":"touching","type":3,"width":18.077},{"bases":[[[0.670644,-0.721777,-0.171098],[0.65796,0.472313,0.586522],[-0.342526,-0.505924,0.791655]],[[0.620738,-0.781122,-0.0673236],[0.491635,0.454698,-0.742661],[0.610721,0.427899,0.666275]],[[0.620738,-0.781122,-0.0673236],[0.185881,0.230047,-0.955263],[0.761664,0.580454,0.287995]],[[0.620738,-0.781122,-0.0673236],[0.0438891,0.120356,-0.99176],[0.782789,0.612669,0.108992]]],"btipPosition":[-17.5349,246.467,-20.6329],"carpPosition":[12.5883,254.175,56.3418],"dipPosition":[-4.0421,257.028,-18.7543],"direction":[-0.761664,-0.580454,-0.287995],"extended":false,"handId":506,"id":5064,"length":50.5107,"mcpPosition":[32.4497,283.511,10.4375],"pipPosition":[10.8551,268.38,-13.1214],"stabilizedTipPosition":[-24.503,253.954,211.486],"timeVisible":80.8729,"tipPosition":[-14.1433,249.214,-21.1216],"tipVelocity":[28.6035,19.7634,-129.421],"tool":false,"touchDistance":-0.433357,"touchZone":"touching","type":4,"width":16.0574}],"r":[[0.706252,-0.633905,0.315234],[0.674781,0.46802,-0.570639],[0.214195,0.615729,0.758287]],"s":0.966941,"t":[9.89272,27.7433,18.9016],"timestamp":97895346285},false],[1,{"currentFrameRate":103.416,"devices":[],"gestures":[],"hands":[{"armBasis":[[0.893066,-0.209767,-0.398033],[0.379017,0.827455,0.414324],[0.242443,-0.52088,0.818478]],"armWidth":63.72,"confidence":0.486224,"direction":[0.149098,0.693209,-0.705146],"elbow":[61.9312,111.663,283.499],"grabStrength":0.374784,"id":506,"palmNormal":[-0.349174,-0.630267,-0.693427],"palmPosition":[-4.03756,289.676,22.5652],"palmVelocity":[13.0785,13.9806,-126.193],"palmWidth":90.99,"pinchStrength":0.560204,"r":[[0.706627,-0.632685,0.316841],[0.675532,0.469958,-0.568152],[0.210559,0.615507,0.759484]],"s":0.968141,"sphereCenter":[-4.12097,259.725,-26.2012],"sphereRadius":49.0778,"stabilizedPalmPosition":[-14.8003,271.668,271.533],"t":[10.0851,27.9021,17.6183],"timeVisible":80.8823,"type":"right","wrist":[-3.52845,252.301,62.51]}],"id":1806925,"interactionBox":{"center":[0,200,0],"size":[235.247,235.247,147.751]},"pointables":[{"bases":[[[0.71367,0.558314,0.423036],[-0.646563,0.292691,0.704477],[0.269501,-0.776284,0.569871]],[[0.632052,0.722626,0.27986],[-0.750899,0.481887,0.451593],[0.191472,-0.495577,0.847196]],[[0.632052,0.722626,0.27986],[-0.759467,0.649414,0.0383729],[-0.154016,-0.236798,0.959273]],[[0.632052,0.722626,0.27986],[-0.754073,0.65675,0.00724745],[-0.178561,-0.215616,0.960013]]],"btipPosition":[-34.3107,290.946,-35.8094],"carpPosition":[-34.1831,253.088,61.6554],"dipPosition":[-38.4897,285.9,-13.3416],"direction":[0.154016,0.236798,-0.959274],"extended":false,"handId":506,"id":5060,"length":52.1164,"mcpPosition":[-34.1831,253.088,61.6554],"pipPosition":[-43.7409,277.826,19.3654],"stabilizedTipPosition":[-61.302,297.828,222.115],"timeVisible":80.8823,"tipPosition":[-35.7071,289.225,-30.8905],"tipVelocity":[34.1162,23.291,-135.627],"tool":false,"touchDistance":-0.458965,"touchZone":"touching","type":0,"width":20.25},{"bases":[[[0.937021,-0.228253,-0.264372],[0.344072,0.733373,0.586327],[0.0600526,-0.640363,0.765721]],[[0.937639,-0.301269,-0.173407],[0.307996,0.951304,0.0126307],[0.161157,-0.0652516,0.984769]],[[0.937639,-0.301269,-0.173407],[0.289082,0.952843,-0.0923122],[0.19304,0.0364266,0.980514]],[[0.937639,-0.301269,-0.173407],[0.27526,0.948148,-0.158894],[0.212285,0.101253,0.971948]]],"btipPosition":[-37.9334,317.314,-72.4731],"carpPosition":[-18.2988,270.01,66.4745],"dipPosition":[-34.3064,319.044,-55.8668],"direction":[-0.19304,-0.0364266,-0.980514],"extended":true,"handId":506,"id":5061,"length":58.8075,"mcpPosition":[-22.7168,317.121,10.1407],"pipPosition":[-29.6405,319.925,-32.1673],"stabilizedTipPosition":[-60.4106,303.693,187.8],"timeVisible":80.8823,"tipPosition":[-37.5231,316.862,-68.5143],"tipVelocity":[45.0982,30.9048,-133.801],"tool":false,"touchDistance":-0.467875,"touchZone":"touching","type":1,"width":19.3428},{"bases":[[[0.864042,-0.434325,-0.254545],[0.498768,0.669989,0.549859],[-0.0682756,-0.60206,0.795526]],[[0.857399,-0.474263,-0.199855],[0.21731,0.685635,-0.694752],[0.466523,0.552249,0.690925]],[[0.857399,-0.474263,-0.199855],[0.0214068,0.420859,-0.906874],[0.514208,0.773274,0.370996]],[[0.857399,-0.474263,-0.199855],[-0.0676804,0.281053,-0.957303],[0.510183,0.834316,0.208876]]],"btipPosition":[-48.2675,246.574,-39.4789],"carpPosition":[-6.33475,268.855,63.8013],"dipPosition":[-38.6801,262.252,-35.5537],"direction":[-0.514208,-0.773274,-0.370996],"extended":false,"handId":506,"id":5062,"length":67.0064,"mcpPosition":[-1.5713,310.86,8.29898],"pipPosition":[-24.0579,284.241,-25.0039],"stabilizedTipPosition":[-55.4162,254.539,135.706],"timeVisible":80.8823,"tipPosition":[-45.8567,250.951,-39.6588],"tipVelocity":[42.8698,5.22028,-132.021],"tool":false,"touchDistance":-0.424859,"touchZone":"touching","type":2,"width":18.9972},{"bases":[[[0.804503,-0.567452,-0.175424],[0.556795,0.617712,0.555347],[-0.206772,-0.544454,0.812906]],[[0.792613,-0.595098,-0.132753],[0.311343,0.582222,-0.751054],[0.524242,0.553964,0.646757]],[[0.792613,-0.595098,-0.132753],[0.0628498,0.296308,-0.953022],[0.606477,0.747035,0.272259]],[[0.792613,-0.595098,-0.132753],[-0.0482393,0.155839,-0.986604],[0.607814,0.788399,0.0948128]]],"btipPosition":[-33.8947,238.572,-28.5989],"carpPosition":[4.73307,264.643,60.5319],"dipPosition":[-22.5383,253.302,-26.8274],"direction":[-0.606477,-0.747035,-0.272259],"extended":false,"handId":506,"id":5063,"length":64.4285,"mcpPosition":[17.6852,298.748,9.6115],"pipPosition":[-5.7377,273.997,-19.2853],"stabilizedTipPosition":[-41.8727,247.161,199.019],"timeVisible":80.8823,"tipPosition":[-31.0561,242.519,-29.3713],"tipVelocity":[43.9318,19.5853,-146.982],"tool":false,"touchDistance":-0.442812,"touchZone":"touching","type":3,"width":18.077},{"bases":[[[0.672032,-0.720864,-0.169492],[0.654677,0.471389,0.590924],[-0.346079,-0.508082,0.788721]],[[0.62209,-0.780081,-0.0669226],[0.494329,0.457616,-0.739071],[0.60716,0.426687,0.670295]],[[0.62209,-0.780081,-0.0669226],[0.18638,0.230565,-0.95504],[0.760439,0.581648,0.288824]],[[0.62209,-0.780081,-0.0669226],[0.0431186,0.11948,-0.9919],[0.781758,0.614165,0.107963]]],"btipPosition":[-16.9813,246.567,-21.7062],"carpPosition":[12.7682,254.156,55.2391],"dipPosition":[-3.50626,257.153,-19.8452],"direction":[-0.760439,-0.581648,-0.288824],"extended":false,"handId":506,"id":5064,"length":50.5107,"mcpPosition":[32.8357,283.617,9.50489],"pipPosition":[11.367,268.53,-14.1962],"stabilizedTipPosition":[-24.5021,253.953,211.467],"timeVisible":80.8823,"tipPosition":[-13.5983,249.319,-22.2054],"tipVelocity":[37.1285,17.359,-125.279],"tool":false,"touchDistance":-0.434514,"touchZone":"touching","type":4,"width":16.0574}],"r":[[0.706627,-0.632685,0.316841],[0.675532,0.469958,-0.568152],[0.210559,0.615507,0.759484]],"s":0.968141,"t":[10.0851,27.9021,17.6183],"timestamp":97895355665},false],[2,{"currentFrameRate":103.535,"devices":[],"gestures":[],"hands":[{"armBasis":[[0.894075,-0.210984,-0.395115],[0.378185,0.82825,0.413496],[0.240013,-0.519123,0.820308]],"armWidth":63.72,"confidence":0.490277,"direction":[0.150335,0.69451,-0.703601],"elbow":[61.3636,112.085,283.253],"grabStrength":0.373339,"id":506,"palmNormal":[-0.34776,-0.629057,-0.695234],"palmPosition":[-3.87853,289.696,21.8924],"palmVelocity":[14.1577,10.5902,-110.51],"palmWidth":90.99,"pinchStrength":0.558342,"r":[[0.70682,-0.631804,0.318166],[0.676325,0.471734,-0.565731],[0.207341,0.615053,0.760736]],"s":0.969286,"sphereCenter":[-3.89958,259.856,-26.9223],"sphereRadius":49.0649,"stabilizedPalmPosition":[-14.8003,271.668,271.533],"t":[10.2608,27.9915,16.6402],"timeVisible":80.8917,"type":"right","wrist":[-3.43983,252.248,61.7701]}],"id":1806926,"interactionBox":{"center":[0,200,0],"size":[235.247,235.247,147.751]},"pointables":[{"bases":[[[0.712781,0.557649,0.425407],[-0.647946,0.291317,0.703776],[0.268532,-0.777279,0.568971]],[[0.63155,0.722003,0.282588],[-0.751639,0.480716,0.45161],[0.190219,-0.497618,0.846282]],[[0.63155,0.722003,0.282588],[-0.759184,0.649862,0.0363079],[-0.157429,-0.237466,0.958554]],[[0.63155,0.722003,0.282588],[-0.754965,0.655653,0.0120831],[-0.176556,-0.220975,0.959165]]],"btipPosition":[-34.0886,291.141,-36.5161],"carpPosition":[-34.0929,253.033,60.8586],"dipPosition":[-38.2206,285.969,-14.0682],"direction":[0.157429,0.237466,-0.958554],"extended":false,"handId":506,"id":5060,"length":52.1164,"mcpPosition":[-34.0929,253.033,60.8586],"pipPosition":[-43.5882,277.873,18.6143],"stabilizedTipPosition":[-61.2997,297.827,222.093],"timeVisible":80.8917,"tipPosition":[-35.447,289.391,-31.5992],"tipVelocity":[31.4223,21.6582,-118.414],"tool":false,"touchDistance":-0.452071,"touchZone":"touching","type":0,"width":20.25},{"bases":[[[0.937556,-0.227636,-0.263004],[0.342847,0.732356,0.588311],[0.0586916,-0.641745,0.764669]],[[0.938003,-0.300928,-0.172027],[0.308066,0.951234,0.0157805],[0.158889,-0.0677979,0.984966]],[[0.938003,-0.300928,-0.172027],[0.289336,0.953034,-0.0895008],[0.190881,0.0341784,0.981018]],[[0.938003,-0.300928,-0.172027],[0.275613,0.94847,-0.156343],[0.21021,0.0992373,0.972607]]],"btipPosition":[-37.5697,317.552,-73.1634],"carpPosition":[-18.2203,269.948,65.7387],"dipPosition":[-33.9782,319.248,-56.5458],"direction":[-0.190881,-0.0341784,-0.981018],"extended":true,"handId":506,"id":5061,"length":58.8075,"mcpPosition":[-22.5382,317.161,9.48227],"pipPosition":[-29.3645,320.074,-32.8342],"stabilizedTipPosition":[-60.4047,303.696,187.735],"timeVisible":80.8917,"tipPosition":[-37.1637,317.102,-69.2075],"tipVelocity":[42.9793,29.0402,-116.396],"tool":false,"touchDistance":-0.459737,"touchZone":"touching","type":1,"width":19.3428},{"bases":[[[0.864589,-0.433736,-0.253689],[0.497622,0.669061,0.552023],[-0.0696988,-0.603515,0.7943]],[[0.857864,-0.473704,-0.199184],[0.21808,0.686575,-0.693582],[0.465308,0.55156,0.692293]],[[0.857864,-0.473704,-0.199184],[0.0224332,0.421763,-0.906428],[0.513388,0.773123,0.372442]],[[0.857864,-0.473704,-0.199184],[-0.0665577,0.281921,-0.957126],[0.509549,0.834341,0.210321]]],"btipPosition":[-47.9907,246.657,-40.2427],"carpPosition":[-6.25104,268.8,63.0861],"dipPosition":[-38.4152,262.336,-36.2903],"direction":[-0.513388,-0.773124,-0.372442],"extended":false,"handId":506,"id":5062,"length":67.0064,"mcpPosition":[-1.3883,310.906,7.66939],"pipPosition":[-23.8163,284.321,-25.6994],"stabilizedTipPosition":[-55.2571,254.468,132.813],"timeVisible":80.8917,"tipPosition":[-45.5862,251.02,-40.3957],"tipVelocity":[38.9206,6.25175,-117.24],"tool":false,"touchDistance":-0.42207,"touchZone":"touching","type":2,"width":18.9972},{"bases":[[[0.80492,-0.567015,-0.174924],[0.555646,0.616783,0.557527],[-0.208236,-0.54596,0.811521]],[[0.792987,-0.594669,-0.132438],[0.312955,0.584113,-0.748914],[0.522715,0.552432,0.649298]],[[0.792987,-0.594669,-0.132438],[0.0643795,0.297959,-0.952405],[0.605827,0.746719,0.274562]],[[0.792987,-0.594669,-0.132438],[-0.0469139,0.157134,-0.986462],[0.607429,0.788465,0.0967074]]],"btipPosition":[-33.619,238.694,-29.4266],"carpPosition":[4.8236,264.595,59.8302],"dipPosition":[-22.2698,253.426,-27.6198],"direction":[-0.605827,-0.746719,-0.274562],"extended":false,"handId":506,"id":5063,"length":64.4285,"mcpPosition":[17.8675,298.794,8.99654],"pipPosition":[-5.48717,274.112,-20.0139],"stabilizedTipPosition":[-41.8683,247.159,198.926],"timeVisible":80.8917,"tipPosition":[-30.7889,242.627,-30.1617],"tipVelocity":[39.6782,17.7107,-129.804],"tool":false,"touchDistance":-0.439158,"touchZone":"touching","type":3,"width":18.077},{"bases":[[[0.672461,-0.720457,-0.169522],[0.653481,0.47041,0.593024],[-0.347503,-0.509565,0.787137]],[[0.622578,-0.779631,-0.0676149],[0.495287,0.459457,-0.737285],[0.605877,0.425529,0.672189]],[[0.622578,-0.779631,-0.0676149],[0.185665,0.231093,-0.955052],[0.760213,0.582041,0.288624]],[[0.622578,-0.779631,-0.0676149],[0.0415416,0.119206,-0.992],[0.781454,0.614789,0.106602]]],"btipPosition":[-16.7415,246.639,-22.3594],"carpPosition":[12.8704,254.119,54.5336],"dipPosition":[-3.27177,257.236,-20.522],"direction":[-0.760213,-0.582041,-0.288624],"extended":false,"handId":506,"id":5064,"length":50.5107,"mcpPosition":[33.0204,283.666,8.89125],"pipPosition":[11.5971,268.62,-14.8768],"stabilizedTipPosition":[-24.5012,253.953,211.448],"timeVisible":80.8917,"tipPosition":[-13.3671,249.388,-22.8575],"tipVelocity":[33.7428,14.6406,-109.428],"tool":false,"touchDistance":-0.429276,"touchZone":"touching","type":4,"width":16.0574}],"r":[[0.70682,-0.631804,0.318166],[0.676325,0.471734,-0.565731],[0.207341,0.615053,0.760736]],"s":0.969286,"t":[10.2608,27.9915,16.6402],"timestamp":97895365100},false],[3,{"currentFrameRate":103.577,"devices":[],"gestures":[],"hands":[{"armBasis":[[0.893909,-0.213013,-0.394402],[0.379138,0.828683,0.411751],[0.239126,-0.5176,0.821528]],"armWidth":63.72,"confidence":0.420075,"direction":[0.152266,0.694237,-0.703456],"elbow":[61.2353,112.423,283.109],"grabStrength":0.369605,"id":506,"palmNormal":[-0.348014,-0.628509,-0.695602],"palmPosition":[-3.66113,289.622,21.4172],"palmVelocity":[16.6311,5.29836,-92.9004],"palmWidth":90.99,"pinchStrength":0.556184,"r":[[0.706691,-0.63133,0.319391],[0.677235,0.472928,-0.563642],[0.204796,0.614623,0.761772]],"s":0.970617,"sphereCenter":[-3.73161,259.815,-27.3979],"sphereRadius":49.0607,"stabilizedPalmPosition":[-14.8003,271.668,271.533],"t":[10.4573,27.9993,15.9136],"timeVisible":80.9013,"type":"right","wrist":[-3.32871,252.175,61.2966]}],"id":1806927,"interactionBox":{"center":[0,200,0],"size":[235.247,235.247,147.751]},"pointables":[{"bases":[[[0.713219,0.556492,0.426187],[-0.648255,0.292406,0.703039],[0.266616,-0.777699,0.569298]],[[0.632583,0.72073,0.283525],[-0.751148,0.481726,0.45135],[0.18872,-0.498486,0.846107]],[[0.632583,0.72073,0.283525],[-0.757692,0.651738,0.0337741],[-0.160442,-0.23619,0.95837]],[[0.632583,0.72073,0.283525],[-0.754834,0.655686,0.0173643],[-0.173389,-0.224999,0.958807]]],"btipPosition":[-33.8716,291.212,-37.0006],"carpPosition":[-33.9794,253.01,60.3507],"dipPosition":[-37.9295,285.946,-14.5611],"direction":[0.160442,0.23619,-0.95837],"extended":false,"handId":506,"id":5060,"length":52.1164,"mcpPosition":[-33.9794,253.01,60.3507],"pipPosition":[-43.3999,277.893,18.1151],"stabilizedTipPosition":[-61.2971,297.826,222.067],"timeVisible":80.9013,"tipPosition":[-35.1794,289.437,-32.0809],"tipVelocity":[29.4036,16.8935,-98.8563],"tool":false,"touchDistance":-0.442494,"touchZone":"touching","type":0,"width":20.25},{"bases":[[[0.937475,-0.229186,-0.261944],[0.34339,0.731813,0.588671],[0.0567789,-0.641813,0.764756]],[[0.937718,-0.302259,-0.171244],[0.309771,0.950634,0.0183365],[0.157248,-0.0702408,0.985058]],[[0.937718,-0.302259,-0.171244],[0.291228,0.952703,-0.0868564],[0.189397,0.0315759,0.981393]],[[0.937718,-0.302259,-0.171244],[0.277604,0.948318,-0.15372],[0.208857,0.0966085,0.973163]]],"btipPosition":[-37.1637,317.721,-73.683],"carpPosition":[-18.0845,269.9,65.248],"dipPosition":[-33.5953,319.372,-57.0559],"direction":[-0.189397,-0.0315759,-0.981393],"extended":true,"handId":506,"id":5061,"length":58.8075,"mcpPosition":[-22.2617,317.117,8.9852],"pipPosition":[-29.0175,320.135,-33.3353],"stabilizedTipPosition":[-60.3964,303.701,187.646],"timeVisible":80.9013,"tipPosition":[-36.7518,317.245,-69.7306],"tipVelocity":[42.6532,25.4401,-98.3579],"tool":false,"touchDistance":-0.449858,"touchZone":"touching","type":1,"width":19.3428},{"bases":[[[0.864159,-0.435166,-0.252704],[0.498101,0.668262,0.552558],[-0.0715817,-0.603371,0.794242]],[[0.857321,-0.475059,-0.198293],[0.219593,0.685883,-0.69379],[0.465597,0.551257,0.692341]],[[0.857321,-0.475059,-0.198293],[0.0235863,0.421042,-0.906735],[0.514242,0.772685,0.372173]],[[0.857321,-0.475059,-0.198293],[-0.0655957,0.281243,-0.957392],[0.510586,0.833799,0.209954]]],"btipPosition":[-47.7802,246.616,-40.7035],"carpPosition":[-6.11419,268.732,62.6089],"dipPosition":[-38.1852,262.285,-36.7581],"direction":[-0.514242,-0.772685,-0.372173],"extended":false,"handId":506,"id":5062,"length":67.0064,"mcpPosition":[-1.12008,310.828,7.19627],"pipPosition":[-23.562,284.257,-26.1748],"stabilizedTipPosition":[-55.1364,254.415,130.661],"timeVisible":80.9013,"tipPosition":[-45.374,250.962,-40.8396],"tipVelocity":[34.1575,3.13073,-97.2971],"tool":false,"touchDistance":-0.415133,"touchZone":"touching","type":2,"width":18.9972},{"bases":[[[0.804182,-0.568343,-0.174001],[0.556033,0.615889,0.558129],[-0.210044,-0.545588,0.811305]],[[0.792189,-0.59591,-0.131633],[0.315009,0.584022,-0.748123],[0.522691,0.551189,0.650372]],[[0.792189,-0.59591,-0.131633],[0.0657136,0.297735,-0.952384],[0.606727,0.745818,0.275022]],[[0.792189,-0.59591,-0.131633],[-0.0460446,0.156717,-0.98657],[0.608536,0.787611,0.0967114]]],"btipPosition":[-33.4168,238.681,-29.9386],"carpPosition":[4.95717,264.509,59.3656],"dipPosition":[-22.0469,253.397,-28.1316],"direction":[-0.606727,-0.745818,-0.275022],"extended":false,"handId":506,"id":5063,"length":64.4285,"mcpPosition":[18.1143,298.684,8.54543],"pipPosition":[-5.23933,274.057,-20.513],"stabilizedTipPosition":[-41.8642,247.157,198.842],"timeVisible":80.9013,"tipPosition":[-30.5883,242.594,-30.6472],"tipVelocity":[34.4542,12.0673,-107.721],"tool":false,"touchDistance":-0.431254,"touchZone":"touching","type":3,"width":18.077},{"bases":[[[0.671466,-0.721567,-0.168743],[0.653588,0.469356,0.593741],[-0.349223,-0.508965,0.786764]],[[0.621533,-0.780501,-0.06719],[0.496865,0.459066,-0.736467],[0.605658,0.424354,0.673128]],[[0.621533,-0.780501,-0.06719],[0.185825,0.23021,-0.955234],[0.761029,0.581224,0.28812]],[[0.621533,-0.780501,-0.06719],[0.0409246,0.118001,-0.99217],[0.782318,0.613917,0.105283]]],"btipPosition":[-16.5426,246.576,-22.7937],"carpPosition":[12.9926,254.019,54.0783],"dipPosition":[-3.05798,257.158,-20.9789],"direction":[-0.761029,-0.581224,-0.28812],"extended":false,"handId":506,"id":5064,"length":50.5107,"mcpPosition":[33.2424,283.531,8.45765],"pipPosition":[11.8268,268.526,-15.3436],"stabilizedTipPosition":[-24.5003,253.953,211.428],"timeVisible":80.9013,"tipPosition":[-13.1725,249.315,-23.2846],"tipVelocity":[30.0949,8.41838,-91.0504],"tool":false,"touchDistance":-0.421273,"touchZone":"touching","type":4,"width":16.0574}],"r":[[0.706691,-0.63133,0.319391],[0.677235,0.472928,-0.563642],[0.204796,0.614623,0.761772]],"s":0.970617,"t":[10.4573,27.9993,15.9136],"timestamp":97895374674},false],[4,{"currentFrameRate":103.795,"devices":[],"gestures":[],"hands":[{"armBasis":[[0.893749,-0.214014,-0.394221],[0.379417,0.829484,0.409877],[0.239281,-0.515901,0.822551]],"armWidth":63.72,"confidence":0.43029,"direction":[0.153093,0.693563,-0.703941],"elbow":[61.3798,112.881,282.93],"grabStrength":0.367215,"id":506,"palmNormal":[-0.347968,-0.628883,-0.695287],"palmPosition":[-3.51272,289.589,20.93],"palmVelocity":[16.4787,2.78829,-81.6612],"palmWidth":90.99,"pinchStrength":0.553981,"r":[[0.706472,-0.630982,0.32056],[0.678081,0.473709,-0.561967],[0.202739,0.614379,0.762519]],"s":0.972822,"sphereCenter":[-3.61217,259.757,-27.8578],"sphereRadius":49.0715,"stabilizedPalmPosition":[-14.8003,271.668,271.533],"t":[10.6298,27.9864,15.3067],"timeVisible":80.9105,"type":"right","wrist":[-3.22607,252.174,60.8407]}],"id":1806928,"interactionBox":{"center":[0,200,0],"size":[235.247,235.247,147.751]},"pointables":[{"bases":[[[0.713291,0.556427,0.42615],[-0.648502,0.293371,0.702409],[0.265819,-0.777382,0.570103]],[[0.63302,0.720322,0.283586],[-0.750939,0.482363,0.451017],[0.188086,-0.498459,0.846264]],[[0.63302,0.720322,0.283586],[-0.756868,0.652818,0.0312888],[-0.162592,-0.234444,0.958436]],[[0.63302,0.720322,0.283586],[-0.755382,0.654891,0.0227079],[-0.169361,-0.228591,0.958678]]],"btipPosition":[-33.7572,291.252,-37.4826],"carpPosition":[-33.8757,253.027,59.8758],"dipPosition":[-37.7209,285.902,-15.0461],"direction":[0.162592,0.234444,-0.958436],"extended":false,"handId":506,"id":5060,"length":52.1164,"mcpPosition":[-33.8757,253.027,59.8758],"pipPosition":[-43.2645,277.909,17.6324],"stabilizedTipPosition":[-61.2945,297.825,222.043],"timeVisible":80.9105,"tipPosition":[-35.0102,289.451,-32.558],"tipVelocity":[25.2947,12.7744,-85.8089],"tool":false,"touchDistance":-0.433818,"touchZone":"touching","type":0,"width":20.25},{"bases":[[[0.937496,-0.229953,-0.261194],[0.343469,0.7321,0.588267],[0.0559459,-0.64121,0.765323]],[[0.937655,-0.302806,-0.170621],[0.310413,0.950409,0.019168],[0.156355,-0.0709358,0.98515]],[[0.937655,-0.302806,-0.170621],[0.291952,0.952551,-0.0860849],[0.188592,0.0309048,0.981569]],[[0.937655,-0.302806,-0.170621],[0.278367,0.948205,-0.153032],[0.208122,0.0959959,0.973381]]],"btipPosition":[-36.9214,317.745,-74.2161],"carpPosition":[-17.9738,269.911,64.7686],"dipPosition":[-33.3655,319.385,-57.5853],"direction":[-0.188592,-0.0309048,-0.981569],"extended":true,"handId":506,"id":5061,"length":58.8075,"mcpPosition":[-22.0897,317.084,8.46405],"pipPosition":[-28.8071,320.132,-33.8604],"stabilizedTipPosition":[-60.3866,303.707,187.542],"timeVisible":80.9105,"tipPosition":[-36.5003,317.266,-70.2674],"tipVelocity":[37.972,18.9454,-86.9573],"tool":false,"touchDistance":-0.441189,"touchZone":"touching","type":1,"width":19.3428},{"bases":[[[0.864054,-0.435882,-0.251827],[0.498164,0.668429,0.5523],[-0.0724096,-0.602668,0.7947]],[[0.857172,-0.475674,-0.19746],[0.220072,0.684912,-0.694596],[0.465645,0.551933,0.69177]],[[0.857172,-0.475674,-0.19746],[0.0238968,0.419715,-0.907341],[0.514476,0.773029,0.371135]],[[0.857172,-0.475674,-0.19746],[-0.0653528,0.27984,-0.95782],[0.510868,0.83392,0.208785]]],"btipPosition":[-47.6251,246.524,-41.1278],"carpPosition":[-6.00262,268.734,62.1376],"dipPosition":[-38.0248,262.195,-37.2044],"direction":[-0.514476,-0.773029,-0.371135],"extended":false,"handId":506,"id":5062,"length":67.0064,"mcpPosition":[-0.950745,310.781,6.69296],"pipPosition":[-23.395,284.177,-26.6506],"stabilizedTipPosition":[-55.0482,254.377,129.111],"timeVisible":80.9105,"tipPosition":[-45.2214,250.856,-41.2522],"tipVelocity":[29.3308,-0.516763,-83.0666],"tool":false,"touchDistance":-0.408393,"touchZone":"touching","type":2,"width":18.9972},{"bases":[[[0.803952,-0.56896,-0.173049],[0.556061,0.616027,0.557949],[-0.210848,-0.54479,0.811632]],[[0.792603,-0.595077,-0.132902],[0.310988,0.582021,-0.751357],[0.524467,0.554197,0.646374]],[[0.792603,-0.595077,-0.132902],[0.0562706,0.288424,-0.955848],[0.607136,0.75013,0.262091]],[[0.792603,-0.595077,-0.132902],[-0.0571541,0.144498,-0.987853],[0.607053,0.790572,0.0805186]]],"btipPosition":[-33.3184,238.315,-29.5809],"carpPosition":[5.0682,264.501,58.9043],"dipPosition":[-21.9762,253.086,-28.0765],"direction":[-0.607136,-0.75013,-0.262091],"extended":false,"handId":506,"id":5063,"length":64.4285,"mcpPosition":[18.2757,298.627,8.06368],"pipPosition":[-5.15731,273.866,-20.8161],"stabilizedTipPosition":[-41.8605,247.155,198.767],"timeVisible":80.9105,"tipPosition":[-30.489,242.285,-30.4821],"tipVelocity":[27.5917,-2.06296,-68.7635],"tool":false,"touchDistance":-0.412141,"touchZone":"touching","type":3,"width":18.077},{"bases":[[[0.671142,-0.722101,-0.167743],[0.653509,0.469466,0.59374],[-0.349991,-0.508106,0.786978]],[[0.621647,-0.780414,-0.0671572],[0.496066,0.458594,-0.737299],[0.606196,0.425025,0.67222]],[[0.621647,-0.780414,-0.0671572],[0.181764,0.227118,-0.956755],[0.761917,0.582556,0.283038]],[[0.621647,-0.780414,-0.0671572],[0.0355503,0.113758,-0.992872],[0.782491,0.614828,0.0984612]]],"btipPosition":[-16.4295,246.445,-23.0047],"carpPosition":[13.1007,254.003,53.6306],"dipPosition":[-2.94184,257.043,-21.3075],"direction":[-0.761917,-0.582556,-0.283038],"extended":false,"handId":506,"id":5064,"length":50.5107,"mcpPosition":[33.395,283.465,7.99753],"pipPosition":[11.9603,268.437,-15.7716],"stabilizedTipPosition":[-24.4994,253.952,211.409],"timeVisible":80.9105,"tipPosition":[-13.0591,249.19,-23.5433],"tipVelocity":[25.1173,2.16779,-72.7575],"tool":false,"touchDistance":-0.41105,"touchZone":"touching","type":4,"width":16.0574}],"r":[[0.706472,-0.630982,0.32056],[0.678081,0.473709,-0.561967],[0.202739,0.614379,0.762519]],"s":0.972822,"t":[10.6298,27.9864,15.3067],"timestamp":97895383899},false],[5,{"currentFrameRate":103.801,"devices":[],"gestures":[],"hands":[{"armBasis":[[0.893591,-0.214994,-0.394046],[0.37971,0.830223,0.408105],[0.239406,-0.514302,0.823516]],"armWidth":63.72,"confidence":0.444281,"direction":[0.153537,0.693077,-0.704323],"elbow":[61.5395,113.359,282.666],"grabStrength":0.365091,"id":506,"palmNormal":[-0.348078,-0.629154,-0.694987],"palmPosition":[-3.36228,289.611,20.3839],"palmVelocity":[16.2331,2.66352,-74.4243],"palmWidth":90.99,"pinchStrength":0.552831,"r":[[0.706229,-0.630725,0.321601],[0.678819,0.474209,-0.560652],[0.201111,0.614258,0.763048]],"s":0.975285,"sphereCenter":[-3.51528,259.776,-28.3761],"sphereRadius":49.0664,"stabilizedPalmPosition":[-14.8003,271.668,271.533],"t":[10.7913,27.9912,14.7302],"timeVisible":80.9201,"type":"right","wrist":[-3.09999,252.221,60.317]}],"id":1806929,"interactionBox":{"center":[0,200,0],"size":[235.247,235.247,147.751]},"pointables":[{"bases":[[[0.713431,0.556385,0.425973],[-0.648533,0.294063,0.702091],[0.26537,-0.777151,0.570627]],[[0.63336,0.720078,0.283449],[-0.750755,0.482921,0.450726],[0.187674,-0.498273,0.846465]],[[0.63336,0.720078,0.283449],[-0.756308,0.653542,0.0296836],[-0.163871,-0.233175,0.958528]],[[0.63336,0.720078,0.283449],[-0.75551,0.654657,0.0250691],[-0.16751,-0.230026,0.95866]]],"btipPosition":[-33.6097,291.292,-38.0262],"carpPosition":[-33.7491,253.085,59.345],"dipPosition":[-37.53,285.908,-15.5901],"direction":[0.163871,0.233175,-0.958528],"extended":false,"handId":506,"id":5060,"length":52.1164,"mcpPosition":[-33.7491,253.085,59.345],"pipPosition":[-43.1173,277.958,17.0915],"stabilizedTipPosition":[-61.2918,297.825,222.017],"timeVisible":80.9201,"tipPosition":[-34.8422,289.487,-33.0976],"tipVelocity":[22.6998,10.0304,-77.2941],"tool":false,"touchDistance":-0.426925,"touchZone":"touching","type":0,"width":20.25},{"bases":[[[0.937457,-0.230501,-0.260851],[0.343646,0.732309,0.587904],[0.0555106,-0.640775,0.765719]],[[0.937591,-0.303016,-0.170602],[0.310751,0.950281,0.0199678],[0.156069,-0.0717364,0.985138]],[[0.937591,-0.303016,-0.170602],[0.292294,0.952506,-0.0854222],[0.188384,0.0302252,0.98163]],[[0.937591,-0.303016,-0.170602],[0.278696,0.948195,-0.152495],[0.207972,0.0954316,0.973468]]],"btipPosition":[-36.7368,317.828,-74.7852],"carpPosition":[-17.8412,269.966,64.2311],"dipPosition":[-33.1835,319.459,-58.1529],"direction":[-0.188384,-0.0302252,-0.98163],"extended":true,"handId":506,"id":5061,"length":58.8075,"mcpPosition":[-21.9251,317.107,7.89739],"pipPosition":[-28.6302,320.189,-34.4265],"stabilizedTipPosition":[-60.3752,303.714,187.422],"timeVisible":80.9201,"tipPosition":[-36.2991,317.35,-70.8416],"tipVelocity":[32.4936,15.8936,-78.8648],"tool":false,"touchDistance":-0.433935,"touchZone":"touching","type":1,"width":19.3428},{"bases":[[[0.863927,-0.436394,-0.251377],[0.498322,0.668552,0.552009],[-0.0728351,-0.602162,0.795045]],[[0.857027,-0.476102,-0.197056],[0.220199,0.684159,-0.695297],[0.465851,0.552497,0.69118]],[[0.857027,-0.476102,-0.197056],[0.02383,0.418645,-0.907837],[0.51472,0.773345,0.370136]],[[0.857027,-0.476102,-0.197056],[-0.0654815,0.278698,-0.958144],[0.511094,0.834059,0.207676]]],"btipPosition":[-47.4838,246.498,-41.6084],"carpPosition":[-5.8699,268.782,61.6034],"dipPosition":[-37.8793,262.172,-37.7058],"direction":[-0.51472,-0.773345,-0.370136],"extended":false,"handId":506,"id":5062,"length":67.0064,"mcpPosition":[-0.788336,310.794,6.13471],"pipPosition":[-23.2425,284.163,-27.1805],"stabilizedTipPosition":[-54.9794,254.346,127.915],"timeVisible":80.9201,"tipPosition":[-45.0832,250.816,-41.7206],"tipVelocity":[25.1048,-1.12516,-73.5878],"tool":false,"touchDistance":-0.403168,"touchZone":"touching","type":2,"width":18.9972},{"bases":[[[0.803752,-0.569399,-0.172532],[0.556197,0.616129,0.557701],[-0.211253,-0.544215,0.811913]],[[0.792945,-0.594327,-0.134214],[0.307373,0.580389,-0.754103],[0.52608,0.556708,0.642896]],[[0.792945,-0.594327,-0.134214],[0.0480509,0.28059,-0.958624],[0.607396,0.753687,0.251051]],[[0.792945,-0.594327,-0.134214],[-0.0667531,0.134212,-0.988702],[0.605626,0.792945,0.0667499]]],"btipPosition":[-33.2139,238.065,-29.4092],"carpPosition":[5.19985,264.543,58.3751],"dipPosition":[-21.8984,252.881,-28.162],"direction":[-0.607396,-0.753687,-0.251051],"extended":false,"handId":506,"id":5063,"length":64.4285,"mcpPosition":[18.4327,298.633,7.51692],"pipPosition":[-5.07233,273.759,-21.2074],"stabilizedTipPosition":[-41.8561,247.153,198.677],"timeVisible":80.9201,"tipPosition":[-30.3953,242.062,-30.4309],"tipVelocity":[22.5434,-8.67956,-45.3874],"tool":false,"touchDistance":-0.397572,"touchZone":"touching","type":3,"width":18.077},{"bases":[[[0.670877,-0.722482,-0.167163],[0.653575,0.469549,0.593602],[-0.350375,-0.507488,0.787206]],[[0.621614,-0.780447,-0.0670713],[0.495928,0.458382,-0.737524],[0.606342,0.425193,0.671982]],[[0.621614,-0.780447,-0.0670713],[0.180229,0.225824,-0.957351],[0.762308,0.583015,0.281034]],[[0.621614,-0.780447,-0.0670713],[0.033403,0.111956,-0.993152],[0.782611,0.615117,0.0956627]]],"btipPosition":[-16.2937,246.425,-23.4432],"carpPosition":[13.2291,254.038,53.1095],"dipPosition":[-2.80395,257.027,-21.7943],"direction":[-0.762308,-0.583015,-0.281034],"extended":false,"handId":506,"id":5064,"length":50.5107,"mcpPosition":[33.5457,283.465,7.46316],"pipPosition":[12.1059,268.43,-16.2976],"stabilizedTipPosition":[-24.4984,253.952,211.39],"timeVisible":80.9201,"tipPosition":[-12.9308,249.165,-23.9811],"tipVelocity":[21.9347,0.95898,-65.1941],"tool":false,"touchDistance":-0.405023,"touchZone":"touching","type":4,"width":16.0574}],"r":[[0.706229,-0.630725,0.321601],[0.678819,0.474209,-0.560652],[0.201111,0.614258,0.763048]],"s":0.975285,"t":[10.7913,27.9912,14.7302],"timestamp":97895393522},false],[6,{"currentFrameRate":103.968,"devices":[],"gestures":[],"hands":[{"armBasis":[[0.887336,-0.223956,-0.403087],[0.389736,0.83144,0.395996],[0.246457,-0.508479,0.82505]],"armWidth":63.72,"confidence":0.452637,"direction":[0.158412,0.693578,-0.702749],"elbow":[63.334,114.868,282.021],"grabStrength":0.361875,"id":506,"palmNormal":[-0.356615,-0.623502,-0.695752],"palmPosition":[-3.21416,289.667,19.4361],"palmVelocity":[16.1447,3.61299,-82.1744],"palmWidth":90.99,"pinchStrength":0.552251,"r":[[0.704948,-0.632145,0.321622],[0.680024,0.473557,-0.559743],[0.201532,0.6133,0.763707]],"s":0.97773,"sphereCenter":[-3.89338,260.022,-29.3974],"sphereRadius":49.048,"stabilizedPalmPosition":[-14.8003,271.668,271.532],"t":[10.9461,28.0217,13.968],"timeVisible":80.9294,"type":"right","wrist":[-3.20941,252.157,59.2577]}],"id":1806930,"interactionBox":{"center":[0,200,0],"size":[235.247,235.247,147.751]},"pointables":[{"bases":[[[0.720374,0.547821,0.425386],[-0.643332,0.298551,0.704976],[0.259201,-0.781511,0.567499]],[[0.641612,0.712628,0.283717],[-0.744408,0.489358,0.454296],[0.184905,-0.502684,0.844464]],[[0.641612,0.712628,0.283717],[-0.749205,0.661531,0.032686],[-0.164395,-0.233534,0.958351]],[[0.641612,0.712628,0.283717],[-0.749009,0.661808,0.0315471],[-0.165285,-0.232748,0.958389]]],"btipPosition":[-33.6076,291.839,-38.8752],"carpPosition":[-33.851,253.336,58.3837],"dipPosition":[-37.4758,286.392,-16.4454],"direction":[0.164395,0.233534,-0.958351],"extended":false,"handId":506,"id":5060,"length":52.1164,"mcpPosition":[-33.851,253.336,58.3837],"pipPosition":[-43.081,278.429,16.2301],"stabilizedTipPosition":[-61.289,297.824,221.99],"timeVisible":80.9294,"tipPosition":[-34.8369,290.035,-33.9417],"tipVelocity":[16.7177,23.3629,-81.2785],"tool":false,"touchDistance":-0.425322,"touchZone":"touching","type":0,"width":20.25},{"bases":[[[0.93425,-0.239251,-0.264454],[0.352903,0.727016,0.588989],[0.0513455,-0.643589,0.763647]],[[0.933953,-0.31172,-0.174824],[0.320504,0.946949,0.0237558],[0.158144,-0.0782186,0.984313]],[[0.933953,-0.31172,-0.174824],[0.301822,0.949892,-0.0812973],[0.191406,0.0231621,0.981238]],[[0.933953,-0.31172,-0.174824],[0.288021,0.946082,-0.148233],[0.211605,0.0880899,0.973377]]],"btipPosition":[-36.5704,318.684,-75.5472],"carpPosition":[-17.7569,270.039,63.27],"dipPosition":[-32.955,320.189,-58.9165],"direction":[-0.191406,-0.0231621,-0.981238],"extended":true,"handId":506,"id":5061,"length":58.8075,"mcpPosition":[-21.5344,317.388,7.08884],"pipPosition":[-28.3287,320.749,-35.1996],"stabilizedTipPosition":[-60.3605,303.723,187.267],"timeVisible":80.9294,"tipPosition":[-36.1125,318.167,-71.6105],"tipVelocity":[28.8021,36.4922,-79.7352],"tool":false,"touchDistance":-0.430311,"touchZone":"touching","type":1,"width":19.3428},{"bases":[[[0.858656,-0.444412,-0.255358],[0.50681,0.661795,0.552423],[-0.076509,-0.60376,0.793486]],[[0.851529,-0.484168,-0.201193],[0.224738,0.683748,-0.694249],[0.473699,0.545958,0.691042]],[[0.851529,-0.484168,-0.201193],[0.0249042,0.420649,-0.906882],[0.523715,0.767226,0.370253]],[[0.851529,-0.484168,-0.201193],[-0.0659961,0.281701,-0.95723],[0.520137,0.828388,0.207923]]],"btipPosition":[-47.968,247.165,-42.5029],"carpPosition":[-5.80648,268.742,60.6015],"dipPosition":[-38.1936,262.732,-38.5956],"direction":[-0.523715,-0.767226,-0.370253],"extended":false,"handId":506,"id":5062,"length":67.0064,"mcpPosition":[-0.468599,310.865,5.24159],"pipPosition":[-23.3011,284.55,-28.0669],"stabilizedTipPosition":[-54.9343,254.329,127.091],"timeVisible":80.9294,"tipPosition":[-45.5285,251.447,-42.5964],"tipVelocity":[4.50239,18.6933,-79.9224],"tool":false,"touchDistance":-0.404585,"touchZone":"touching","type":2,"width":18.9972},{"bases":[[[0.797373,-0.577032,-0.176719],[0.564165,0.608768,0.557781],[-0.214276,-0.544458,0.810957]],[[0.786794,-0.601216,-0.139625],[0.308305,0.578797,-0.754945],[0.534699,0.550939,0.640752]],[[0.786794,-0.601216,-0.139625],[0.0423096,0.278222,-0.959585],[0.615764,0.749088,0.24434]],[[0.786794,-0.601216,-0.139625],[-0.0749397,0.131492,-0.988481],[0.61265,0.788194,0.0584019]]],"btipPosition":[-33.763,238.411,-29.9605],"carpPosition":[5.20949,264.4,57.3262],"dipPosition":[-22.3163,253.138,-28.8693],"direction":[-0.615764,-0.749088,-0.24434],"extended":false,"handId":506,"id":5063,"length":64.4285,"mcpPosition":[18.6318,298.505,6.52791],"pipPosition":[-5.2584,273.889,-22.1006],"stabilizedTipPosition":[-41.8534,247.151,198.619],"timeVisible":80.9294,"tipPosition":[-30.9211,242.389,-31.0319],"tipVelocity":[0.425622,3.65675,-50.3932],"tool":false,"touchDistance":-0.394956,"touchZone":"touching","type":3,"width":18.077},{"bases":[[[0.662963,-0.72877,-0.171388],[0.660155,0.461099,0.592944],[-0.353093,-0.506243,0.786793]],[[0.613523,-0.786433,-0.0715039],[0.498219,0.455743,-0.737615],[0.612672,0.416919,0.671425]],[[0.613523,-0.786433,-0.0715039],[0.179074,0.226746,-0.95735],[0.769104,0.574552,0.279943]],[[0.613523,-0.786433,-0.0715039],[0.0307861,0.1143,-0.992969],[0.789076,0.607008,0.0943369]]],"btipPosition":[-16.7183,246.742,-24.4603],"carpPosition":[13.115,253.829,52.0046],"dipPosition":[-3.11719,257.205,-22.8342],"direction":[-0.769104,-0.574552,-0.279943],"extended":false,"handId":506,"id":5064,"length":50.5107,"mcpPosition":[33.5892,283.184,6.38221],"pipPosition":[11.9256,268.442,-17.3588],"stabilizedTipPosition":[-24.4978,253.951,211.377],"timeVisible":80.9294,"tipPosition":[-13.335,249.445,-24.9922],"tipVelocity":[3.62801,9.33873,-77.8131],"tool":false,"touchDistance":-0.408188,"touchZone":"touching","type":4,"width":16.0