{"sensorType":"Leap","data":[[0,{"currentFrameRate":105.635,"devices":[],"gestures":[],"hands":[{"armBasis":[[0.826459,-0.338818,-0.44963],[0.500217,0.808403,0.310271],[0.258357,-0.481339,0.837595]],"armWidth":63.72,"confidence":0.435711,"direction":[0.286768,0.62204,-0.728581],"elbow":[66.1945,104.546,268.743],"grabStrength":0.334767,"id":506,"palmNormal":[-0.418448,-0.602807,-0.679357],"palmPosition":[3.54687,269.303,0.980433],"palmVelocity":[65.854,91.0526,99.9284],"palmWidth":90.99,"pinchStrength":0.458929,"r":[[0.593046,-0.697373,0.402452],[0.77172,0.34974,-0.53116],[0.229663,0.625582,0.745589]],"s":1.15484,"sphereCenter":[-13.2693,249.28,-42.203],"sphereRadius":44.2372,"stabilizedPalmPosition":[0.85006,265.387,-3.27649],"t":[17.2261,6.87624,-6.11086],"timeVisible":85.0143,"type":"right","wrist":[-3.56176,234.508,42.5922]}],"id":1807355,"interactionBox":{"center":[0,200,0],"size":[235.247,235.247,147.751]},"pointables":[{"bases":[[[0.777007,0.459472,0.430286],[-0.618336,0.428972,0.658517],[0.11799,-0.777733,0.617422]],[[0.731511,0.620466,0.282691],[-0.672736,0.589309,0.44737],[0.110986,-0.517433,0.848496]],[[0.731511,0.620466,0.282691],[-0.630609,0.773328,-0.0655362],[-0.259276,-0.130327,0.95697]],[[0.731511,0.620466,0.282691],[-0.679314,0.698806,0.224061],[-0.058524,-0.355939,0.932675]]],"btipPosition":[-28.9603,278.717,-56.5706],"carpPosition":[-33.63,240.114,40.2407],"dipPosition":[-30.33,270.387,-34.7427],"direction":[0.259276,0.130327,-0.95697],"extended":false,"handId":506,"id":5060,"length":52.1164,"mcpPosition":[-33.63,240.114,40.2407],"pipPosition":[-39.1701,265.943,-2.1142],"stabilizedTipPosition":[-31.2598,273.544,-55.4056],"timeVisible":85.0143,"tipPosition":[-29.6062,277.49,-51.1812],"tipVelocity":[53.6817,93.1688,115.054],"tool":false,"touchDistance":-0.0593853,"touchZone":"touching","type":0,"width":20.25},{"bases":[[[0.897695,-0.388155,-0.208515],[0.434289,0.699547,0.567474],[-0.0744026,-0.599975,0.796552]],[[0.899986,-0.310637,-0.305827],[0.336931,0.940845,0.0358758],[0.276591,-0.13533,0.951411]],[[0.899986,-0.310637,-0.305827],[0.286268,0.950252,-0.122771],[0.32875,0.0229436,0.944138]],[[0.899986,-0.310637,-0.305827],[0.249269,0.942279,-0.223553],[0.357618,0.124962,0.92547]]],"btipPosition":[-35.8942,301.791,-93.0862],"carpPosition":[-15.4288,254.527,45.0231],"dipPosition":[-29.7841,303.926,-77.274],"direction":[-0.32875,-0.0229436,-0.944138],"extended":true,"handId":506,"id":5061,"length":58.8075,"mcpPosition":[-9.95508,298.667,-13.5789],"pipPosition":[-21.8381,304.481,-54.4538],"stabilizedTipPosition":[-35.1608,299.469,-92.4997],"timeVisible":85.0143,"tipPosition":[-33.8976,302.85,-89.5692],"tipVelocity":[23.8811,114.522,125.351],"tool":false,"touchDistance":-0.017894,"touchZone":"touching","type":1,"width":19.3428},{"bases":[[[0.792113,-0.579176,-0.192645],[0.578064,0.610511,0.541403],[-0.195956,-0.540214,0.818395]],[[0.782208,-0.60353,-0.154607],[0.281671,0.563928,-0.776303],[0.555709,0.563682,0.611105]],[[0.782208,-0.60353,-0.154607],[-0.264469,-0.0969693,-0.959507],[0.564099,0.791422,-0.235465]],[[0.782208,-0.60353,-0.154607],[-0.453091,-0.38074,-0.806068],[0.427621,0.700563,-0.571272]]],"btipPosition":[-40.9018,226.193,-26.1422],"carpPosition":[-3.71105,251.343,42.98],"dipPosition":[-32.866,239.358,-36.8775],"direction":[-0.564099,-0.791422,0.235465],"extended":false,"handId":506,"id":5062,"length":67.0064,"mcpPosition":[9.96037,289.033,-14.1178],"pipPosition":[-16.825,261.863,-43.5733],"stabilizedTipPosition":[-39.2341,220.641,-37.6085],"timeVisible":85.0143,"tipPosition":[-39.2977,229.137,-29.3576],"tipVelocity":[19.7013,120.1,128.022],"tool":false,"touchDistance":0.333333,"touchZone":"none","type":2,"width":18.9972},{"bases":[[[0.708797,-0.696724,-0.110374],[0.626639,0.55004,0.552069],[-0.32393,-0.460469,0.826461]],[[0.704491,-0.702699,-0.099532],[0.387178,0.498065,-0.775903],[0.5948,0.508079,0.622952]],[[0.704491,-0.702699,-0.099532],[-0.237613,-0.101385,-0.966054],[0.668755,0.704226,-0.238395]],[[0.704491,-0.702699,-0.099532],[-0.469121,-0.35583,-0.808276],[0.532559,0.616115,-0.58033]]],"btipPosition":[-28.107,220.379,-21.7148],"carpPosition":[6.65359,245.256,40.441],"dipPosition":[-18.1567,231.89,-32.5577],"direction":[-0.668755,-0.704226,0.238395],"extended":false,"handId":506,"id":5063,"length":64.4285,"mcpPosition":[26.9446,274.099,-11.3285],"pipPosition":[0.369143,251.399,-39.1617],"stabilizedTipPosition":[-26.1099,215.426,-32.035],"timeVisible":85.0143,"tipPosition":[-26.0411,222.97,-24.6352],"tipVelocity":[18.4798,110.607,116.854],"tool":false,"touchDistance":0.333333,"touchZone":"none","type":3,"width":18.077},{"bases":[[[0.553194,-0.826577,-0.103668],[0.698157,0.392121,0.599014],[-0.45448,-0.403748,0.794]],[[0.570137,-0.810565,-0.133897],[0.49996,0.47165,-0.726351],[0.651907,0.347177,0.674155]],[[0.570137,-0.810565,-0.133897],[-0.223572,0.00375054,-0.97468],[0.790543,0.585637,-0.179081]],[[0.570137,-0.810565,-0.133897],[-0.50609,-0.218134,-0.83444],[0.64716,0.54351,-0.534585]]],"btipPosition":[-10.2187,223.669,-21.1318],"carpPosition":[13.0962,233.357,36.0289],"dipPosition":[0.936309,233.038,-30.3463],"direction":[-0.790543,-0.585637,0.179081],"extended":false,"handId":506,"id":5064,"length":50.5107,"mcpPosition":[39.4493,256.768,-10.0113],"pipPosition":[16.3984,244.492,-33.8489],"stabilizedTipPosition":[-8.25395,218.997,-30.3405],"timeVisible":85.0143,"tipPosition":[-7.83367,225.854,-23.6365],"tipVelocity":[21.9772,99.0115,101.328],"tool":false,"touchDistance":0.333333,"touchZone":"none","type":4,"width":16.0574}],"r":[[0.593046,-0.697373,0.402452],[0.77172,0.34974,-0.53116],[0.229663,0.625582,0.745589]],"s":1.15484,"t":[17.2261,6.87624,-6.11086],"timestamp":97899487690},false],[1,{"currentFrameRate":105.663,"devices":[],"gestures":[],"hands":[{"armBasis":[[0.828125,-0.338544,-0.446763],[0.499692,0.807011,0.314707],[0.254001,-0.483861,0.837474]],"armWidth":63.72,"confidence":0.440953,"direction":[0.283146,0.620764,-0.731082],"elbow":[65.6538,104.437,269.185],"grabStrength":0.334743,"id":506,"palmNormal":[-0.420334,-0.604848,-0.676372],"palmPosition":[3.97642,269.79,1.35016],"palmVelocity":[60.0893,79.8614,82.6345],"palmWidth":90.99,"pinchStrength":0.458273,"r":[[0.591685,-0.70032,0.399326],[0.770625,0.345873,-0.535265],[0.23674,0.624439,0.744332]],"s":1.15393,"sphereCenter":[-13.0505,249.707,-41.705],"sphereRadius":44.2188,"stabilizedPalmPosition":[1.32832,266.06,-2.56872],"t":[17.7588,7.52569,-5.49546],"timeVisible":85.0237,"type":"right","wrist":[-2.92638,235.08,43.067]}],"id":1807356,"interactionBox":{"center":[0,200,0],"size":[235.247,235.247,147.751]},"pointables":[{"bases":[[[0.7781,0.461403,0.426226],[-0.616304,0.429674,0.659962],[0.12137,-0.776201,0.618694]],[[0.731893,0.62186,0.278609],[-0.67167,0.589448,0.448787],[0.114858,-0.515597,0.849098]],[[0.731893,0.62186,0.278609],[-0.631505,0.772599,-0.0655184],[-0.255996,-0.12799,0.958167]],[[0.731893,0.62186,0.278609],[-0.679214,0.698631,0.224906],[-0.0547847,-0.353842,0.933699]]],"btipPosition":[-28.7335,279.026,-56.086],"carpPosition":[-33.0106,240.643,40.8202],"dipPosition":[-30.0156,270.745,-34.234],"direction":[0.255996,0.12799,-0.958167],"extended":false,"handId":506,"id":5060,"length":52.1164,"mcpPosition":[-33.0106,240.643,40.8202],"pipPosition":[-38.744,266.381,-1.56476],"stabilizedTipPosition":[-30.8921,274.134,-54.6894],"timeVisible":85.0237,"tipPosition":[-29.3617,277.795,-50.7046],"tipVelocity":[45.8557,76.3025,97.0952],"tool":false,"touchDistance":-0.0512162,"touchZone":"touching","type":0,"width":20.25},{"bases":[[[0.897363,-0.387502,-0.211145],[0.435618,0.701357,0.564213],[-0.0705459,-0.598282,0.798174]],[[0.899131,-0.309492,-0.309482],[0.335331,0.941534,0.0326663],[0.281278,-0.13315,0.950344]],[[0.899131,-0.309492,-0.309482],[0.284014,0.950576,-0.125466],[0.333017,0.0249136,0.942592]],[[0.899131,-0.309492,-0.309482],[0.246642,0.942415,-0.22588],[0.361568,0.126765,0.923688]]],"btipPosition":[-35.9301,302.057,-92.6156],"carpPosition":[-14.809,255.089,45.4994],"dipPosition":[-29.7525,304.223,-76.8339],"direction":[-0.333017,-0.0249136,-0.942592],"extended":true,"handId":506,"id":5061,"length":58.8075,"mcpPosition":[-9.61899,299.105,-13.222],"pipPosition":[-21.7034,304.825,-54.051],"stabilizedTipPosition":[-35.017,300.15,-91.7241],"timeVisible":85.0237,"tipPosition":[-33.9198,303.088,-89.1112],"tipVelocity":[16.4541,90.1379,103.65],"tool":false,"touchDistance":-0.010168,"touchZone":"touching","type":1,"width":19.3428},{"bases":[[[0.792083,-0.578618,-0.194437],[0.579402,0.612442,0.53778],[-0.192088,-0.538624,0.820358]],[[0.782366,-0.602876,-0.156342],[0.277909,0.562572,-0.778639],[0.557377,0.565732,0.607682]],[[0.782366,-0.602876,-0.156342],[-0.268324,-0.099735,-0.958152],[0.562054,0.791576,-0.239795]],[[0.782366,-0.602876,-0.156342],[-0.455997,-0.383487,-0.803122],[0.424228,0.699627,-0.574937]]],"btipPosition":[-40.5144,226.569,-25.4844],"carpPosition":[-3.09529,251.916,43.4177],"dipPosition":[-32.5423,239.716,-36.2886],"direction":[-0.562054,-0.791576,0.239795],"extended":false,"handId":506,"id":5062,"length":67.0064,"mcpPosition":[10.3063,289.494,-13.817],"pipPosition":[-16.5595,262.226,-43.1075],"stabilizedTipPosition":[-39.2041,221.128,-37.0847],"timeVisible":85.0237,"tipPosition":[-38.926,229.507,-28.7065],"tipVelocity":[25.3768,97.1251,110.965],"tool":false,"touchDistance":0.333333,"touchZone":"none","type":2,"width":18.9972},{"bases":[[[0.709236,-0.696085,-0.111579],[0.628094,0.552055,0.548392],[-0.32013,-0.459021,0.828744]],[[0.705074,-0.701912,-0.100946],[0.383712,0.497342,-0.778085],[0.596352,0.509873,0.619995]],[[0.705074,-0.701912,-0.100946],[-0.241124,-0.103432,-0.964967],[0.666881,0.704714,-0.242175]],[[0.705074,-0.701912,-0.100946],[-0.471823,-0.358075,-0.805708],[0.52939,0.615713,-0.583647]]],"btipPosition":[-27.6899,220.782,-21.1481],"carpPosition":[7.26702,245.835,40.852],"dipPosition":[-17.7988,232.286,-32.053],"direction":[-0.666881,-0.704714,0.242175],"extended":false,"handId":506,"id":5063,"length":64.4285,"mcpPosition":[27.3199,274.589,-11.0606],"pipPosition":[0.675168,251.808,-38.7617],"stabilizedTipPosition":[-26.0713,215.871,-31.569],"timeVisible":85.0237,"tipPosition":[-25.6384,223.369,-24.0563],"tipVelocity":[25.4361,91.2261,100.27],"tool":false,"touchDistance":0.333333,"touchZone":"none","type":3,"width":18.077},{"bases":[[[0.553824,-0.826116,-0.103977],[0.699993,0.394331,0.59541],[-0.450877,-0.402535,0.796665]],[[0.570806,-0.809972,-0.134634],[0.496925,0.471312,-0.72865],[0.65364,0.349014,0.671523]],[[0.570806,-0.809972,-0.134634],[-0.226508,0.00227452,-0.974007],[0.789224,0.586464,-0.182167]],[[0.570806,-0.809972,-0.134634],[-0.508366,-0.219862,-0.832601],[0.644782,0.543697,-0.537261]]],"btipPosition":[-9.81099,224.093,-20.6743],"carpPosition":[13.7073,233.935,36.4414],"dipPosition":[1.303,233.464,-29.935],"direction":[-0.789224,-0.586464,0.182167],"extended":false,"handId":506,"id":5064,"length":50.5107,"mcpPosition":[39.8515,257.276,-9.75343],"pipPosition":[16.7393,244.935,-33.4979],"stabilizedTipPosition":[-8.20298,219.367,-29.9561],"timeVisible":85.0237,"tipPosition":[-7.43337,226.275,-23.1504],"tipVelocity":[27.7762,83.6282,85.9709],"tool":false,"touchDistance":0.333333,"touchZone":"none","type":4,"width":16.0574}],"r":[[0.591685,-0.70032,0.399326],[0.770625,0.345873,-0.535265],[0.23674,0.624439,0.744332]],"s":1.15393,"t":[17.7588,7.52569,-5.49546],"timestamp":97899497102},false],[2,{"currentFrameRate":105.75,"devices":[],"gestures":[],"hands":[{"armBasis":[[0.824866,-0.33822,-0.452993],[0.500746,0.809031,0.307771],[0.262391,-0.480704,0.836704]],"armWidth":63.72,"confidence":0.452088,"direction":[0.287195,0.629305,-0.722145],"elbow":[68.8105,105.422,269.626],"grabStrength":0.334479,"id":506,"palmNormal":[-0.417789,-0.596119,-0.685635],"palmPosition":[5.09814,270.42,2.4572],"palmVelocity":[77.1846,76.4443,92.9216],"palmWidth":90.99,"pinchStrength":0.45766,"r":[[0.590042,-0.703768,0.395679],[0.770304,0.343916,-0.536986],[0.241833,0.621637,0.74504]],"s":1.15347,"sphereCenter":[-11.8068,250.929,-40.9066],"sphereRadius":44.2182,"stabilizedPalmPosition":[1.90033,266.722,-1.80612],"t":[18.586,8.16533,-4.63424],"timeVisible":85.033,"type":"right","wrist":[-2.03506,235.212,43.7159]}],"id":1807357,"interactionBox":{"center":[0,200,0],"size":[235.247,235.247,147.751]},"pointables":[{"bases":[[[0.776572,0.455341,0.435431],[-0.61894,0.422279,0.662264],[0.117683,-0.783801,0.609759]],[[0.731247,0.617569,0.28963],[-0.673099,0.584508,0.453088],[0.110523,-0.526269,0.843105]],[[0.731247,0.617569,0.28963],[-0.630369,0.774054,-0.0589595],[-0.260601,-0.139459,0.955321]],[[0.731247,0.617569,0.28963],[-0.67954,0.696402,0.23076],[-0.0591884,-0.365557,0.928905]]],"btipPosition":[-27.3492,280.415,-55.001],"carpPosition":[-32.1027,240.835,41.3968],"dipPosition":[-28.7344,271.86,-33.2612],"direction":[0.260601,0.139459,-0.955321],"extended":false,"handId":506,"id":5060,"length":52.1164,"mcpPosition":[-32.1027,240.835,41.3968],"pipPosition":[-37.6197,267.105,-0.689004],"stabilizedTipPosition":[-30.3573,274.849,-53.9118],"timeVisible":85.033,"tipPosition":[-27.9884,279.092,-49.6523],"tipVelocity":[74.2191,95.0442,101.849],"tool":false,"touchDistance":-0.033563,"touchZone":"touching","type":0,"width":20.25},{"bases":[[[0.897942,-0.385875,-0.211662],[0.433696,0.693969,0.574731],[-0.0748877,-0.607872,0.790496]],[[0.900211,-0.306027,-0.309787],[0.335677,0.940853,0.0460096],[0.277384,-0.145407,0.949692]],[[0.900211,-0.306027,-0.309787],[0.285252,0.951947,-0.111478],[0.329017,0.0119863,0.944248]],[[0.900211,-0.306027,-0.309787],[0.248475,0.94522,-0.211704],[0.357604,0.113604,0.926938]]],"btipPosition":[-34.3784,303.941,-91.2814],"carpPosition":[-13.9084,255.204,46.3362],"dipPosition":[-28.2685,305.882,-75.4442],"direction":[-0.329017,-0.0119863,-0.944248],"extended":true,"handId":506,"id":5061,"length":58.8075,"mcpPosition":[-8.39898,299.924,-11.8203],"pipPosition":[-20.3161,306.171,-52.6213],"stabilizedTipPosition":[-34.5731,301.071,-90.8368],"timeVisible":85.033,"tipPosition":[-32.3904,304.875,-87.7548],"tipVelocity":[58.4432,120.31,115.29],"tool":false,"touchDistance":0.0622811,"touchZone":"hovering","type":1,"width":19.3428},{"bases":[[[0.792389,-0.577066,-0.197772],[0.57751,0.605227,0.547888],[-0.196471,-0.548357,0.812837]],[[0.78248,-0.601754,-0.160055],[0.282095,0.571733,-0.770418],[0.555111,0.557685,0.617122]],[[0.78248,-0.601754,-0.160055],[-0.264173,-0.0880517,-0.960448],[0.56386,0.793813,-0.227866]],[[0.78248,-0.601754,-0.160055],[-0.452867,-0.373553,-0.809549],[0.42736,0.705939,-0.564812]]],"btipPosition":[-39.3027,227.581,-25.0912],"carpPosition":[-2.18836,252.043,44.2707],"dipPosition":[-31.2717,240.847,-35.7052],"direction":[-0.56386,-0.793813,0.227866],"extended":false,"handId":506,"id":5062,"length":67.0064,"mcpPosition":[11.519,290.3,-12.4393],"pipPosition":[-15.2376,263.42,-42.1848],"stabilizedTipPosition":[-39.11,221.639,-36.5707],"timeVisible":85.033,"tipPosition":[-37.6956,230.556,-28.2639],"tipVelocity":[55.4113,101.257,92.9141],"tool":false,"touchDistance":0.333333,"touchZone":"none","type":2,"width":18.9972},{"bases":[[[0.709036,-0.695443,-0.116737],[0.62609,0.544663,0.557991],[-0.324469,-0.468723,0.821595]],[[0.704955,-0.701205,-0.106534],[0.387029,0.506191,-0.770701],[0.594346,0.502078,0.628228]],[[0.704955,-0.701205,-0.106534],[-0.237528,-0.0918781,-0.967026],[0.668295,0.707015,-0.231325]],[[0.704955,-0.701205,-0.106534],[-0.4689,-0.348076,-0.811773],[0.532138,0.622217,-0.574173]]],"btipPosition":[-26.5064,221.7,-20.7183],"carpPosition":[8.17959,245.983,41.6794],"dipPosition":[-16.564,233.325,-31.4461],"direction":[-0.668296,-0.707015,0.231325],"extended":false,"handId":506,"id":5063,"length":64.4285,"mcpPosition":[28.5043,275.344,-9.78531],"pipPosition":[1.94917,252.911,-37.8543],"stabilizedTipPosition":[-25.9701,216.335,-31.111],"timeVisible":85.033,"tipPosition":[-24.4345,224.331,-23.5972],"tipVelocity":[54.5433,94.2052,86.2583],"tool":false,"touchDistance":0.333333,"touchZone":"none","type":3,"width":18.077},{"bases":[[[0.553456,-0.825389,-0.111442],[0.697607,0.386301,0.60342],[-0.455006,-0.41171,0.789598]],[[0.570681,-0.808806,-0.141971],[0.50052,0.479664,-0.720696],[0.651002,0.340228,0.678558]],[[0.570681,-0.808806,-0.141971],[-0.222204,0.0143413,-0.974895],[0.790537,0.5879,-0.171536]],[[0.570681,-0.808806,-0.141971],[-0.504822,-0.209188,-0.837493],[0.647671,0.549611,-0.527683]]],"btipPosition":[-8.63279,225.001,-20.1733],"carpPosition":[14.6282,234.13,37.1544],"dipPosition":[2.53099,234.474,-29.2688],"direction":[-0.790537,-0.5879,0.171536],"extended":false,"handId":506,"id":5064,"length":50.5107,"mcpPosition":[41.0118,258.003,-8.6306],"pipPosition":[17.9929,245.973,-32.6239],"stabilizedTipPosition":[-8.09422,219.764,-29.5649],"timeVisible":85.033,"tipPosition":[-6.239,227.213,-22.6111],"tipVelocity":[56.0522,88.2948,78.0727],"tool":false,"touchDistance":0.333333,"touchZone":"none","type":4,"width":16.0574}],"r":[[0.590042,-0.703768,0.395679],[0.770304,0.343916,-0.536986],[0.241833,0.621637,0.74504]],"s":1.15347,"t":[18.586,8.16533,-4.63424],"timestamp":97899506398},false],[3,{"currentFrameRate":105.789,"devices":[],"gestures":[],"hands":[{"armBasis":[[0.826758,-0.335232,-0.451764],[0.497801,0.810023,0.30993],[0.262041,-0.481126,0.836572]],"armWidth":63.72,"confidence":0.459836,"direction":[0.286796,0.634828,-0.717455],"elbow":[70.0036,105.559,270.24],"grabStrength":0.334152,"id":506,"palmNormal":[-0.414331,-0.593051,-0.690377],"palmPosition":[6.36552,270.957,3.34893],"palmVelocity":[93.6542,70.9736,93.5287],"palmWidth":90.99,"pinchStrength":0.457869,"r":[[0.588978,-0.70664,0.392127],[0.770064,0.343531,-0.537576],[0.245165,0.618583,0.746491]],"s":1.15349,"sphereCenter":[-10.3893,251.694,-40.1916],"sphereRadius":44.2471,"stabilizedPalmPosition":[2.60647,267.392,-0.990881],"t":[19.6333,8.75347,-3.75777],"timeVisible":85.0424,"type":"right","wrist":[-0.747362,235.463,44.3654]}],"id":1807358,"interactionBox":{"center":[0,200,0],"size":[235.247,235.247,147.751]},"pointables":[{"bases":[[[0.774126,0.455025,0.440093],[-0.621779,0.416053,0.663544],[0.118827,-0.787307,0.605002]],[[0.728602,0.618052,0.295213],[-0.675811,0.578568,0.45666],[0.111439,-0.532231,0.839232]],[[0.728602,0.618052,0.295213],[-0.633266,0.772084,-0.0534835],[-0.260985,-0.14798,0.953933]],[[0.728602,0.618052,0.295213],[-0.682438,0.691839,0.235873],[-0.058458,-0.373322,0.925858]]],"btipPosition":[-26.1238,281.355,-54.0717],"carpPosition":[-30.8276,241.004,42.0141],"dipPosition":[-27.4919,272.618,-32.4033],"direction":[0.260985,0.14798,-0.953933],"extended":false,"handId":506,"id":5060,"length":52.1164,"mcpPosition":[-30.8276,241.004,42.0141],"pipPosition":[-36.3904,267.572,0.121639],"stabilizedTipPosition":[-29.6649,275.644,-53.0595],"timeVisible":85.0424,"tipPosition":[-26.6924,279.898,-48.7723],"tipVelocity":[90.3777,95.2209,100.558],"tool":false,"touchDistance":-0.0183485,"touchZone":"touching","type":0,"width":20.25},{"bases":[[[0.899649,-0.381641,-0.212087],[0.430173,0.691659,0.580137],[-0.0747127,-0.613154,0.786423]],[[0.901846,-0.30057,-0.310371],[0.332147,0.94173,0.0531277],[0.276317,-0.151002,0.94913]],[[0.901846,-0.30057,-0.310371],[0.28235,0.953744,-0.103203],[0.327035,0.00544026,0.944997]],[[0.901846,-0.30057,-0.310371],[0.24608,0.94779,-0.202826],[0.35513,0.106542,0.928726]]],"btipPosition":[-33.0375,305.044,-90.2559],"carpPosition":[-12.6907,255.399,47.0866],"dipPosition":[-26.9699,306.864,-74.3881],"direction":[-0.327035,-0.00544026,-0.944997],"extended":true,"handId":506,"id":5061,"length":58.8075,"mcpPosition":[-7.19411,300.509,-10.7702],"pipPosition":[-19.0654,306.996,-51.5471],"stabilizedTipPosition":[-33.9343,302.028,-89.9148],"timeVisible":85.0424,"tipPosition":[-31.0746,305.899,-86.7153],"tipVelocity":[82.1756,118.703,113.805],"tool":false,"touchDistance":0.0794906,"touchZone":"hovering","type":1,"width":19.3428},{"bases":[[[0.79468,-0.573254,-0.199659],[0.574332,0.603551,0.553054],[-0.196536,-0.554172,0.808868]],[[0.784774,-0.598194,-0.162155],[0.281965,0.577579,-0.766093],[0.551929,0.555488,0.621939]],[[0.784774,-0.598194,-0.162155],[-0.261944,-0.0830064,-0.961507],[0.561707,0.797041,-0.221834]],[[0.784774,-0.598194,-0.162155],[-0.450067,-0.370153,-0.812666],[0.42611,0.71074,-0.559714]]],"btipPosition":[-37.8276,228.157,-24.557],"carpPosition":[-0.955926,252.289,45.0275],"dipPosition":[-29.8201,241.513,-35.0752],"direction":[-0.561707,-0.797041,0.221834],"extended":false,"handId":506,"id":5062,"length":67.0064,"mcpPosition":[12.756,290.952,-11.4056],"pipPosition":[-13.8472,264.178,-41.3833],"stabilizedTipPosition":[-38.9309,222.189,-36.0207],"timeVisible":85.0424,"tipPosition":[-36.2223,231.157,-27.7009],"tipVelocity":[84.2053,90.549,83.3531],"tool":false,"touchDistance":0.333333,"touchZone":"none","type":2,"width":18.9972},{"bases":[[[0.711525,-0.692413,-0.119571],[0.623083,0.543079,0.562879],[-0.324808,-0.475005,0.817844]],[[0.707552,-0.698097,-0.109688],[0.386668,0.512385,-0.766778],[0.591488,0.500122,0.632471]],[[0.707552,-0.698097,-0.109688],[-0.235474,-0.0865637,-0.968018],[0.666275,0.710751,-0.225632]],[[0.707552,-0.698097,-0.109688],[-0.466194,-0.344472,-0.814863],[0.531069,0.627694,-0.56918]]],"btipPosition":[-25.0239,222.271,-20.1823],"carpPosition":[9.43721,246.279,42.421],"dipPosition":[-15.1014,233.999,-30.8168],"direction":[-0.666275,-0.710751,0.225632],"extended":false,"handId":506,"id":5063,"length":64.4285,"mcpPosition":[29.7832,276.033,-8.80875],"pipPosition":[3.35574,253.688,-37.0673],"stabilizedTipPosition":[-25.7829,216.836,-30.6191],"timeVisible":85.0424,"tipPosition":[-22.9518,224.934,-23.0402],"tipVelocity":[83.8339,85.4446,78.6275],"tool":false,"touchDistance":0.333333,"touchZone":"none","type":3,"width":18.077},{"bases":[[[0.556352,-0.822886,-0.11546],[0.695005,0.384659,0.607458],[-0.455456,-0.418206,0.785916]],[[0.573654,-0.805989,-0.145956],[0.500537,0.485991,-0.716433],[0.64837,0.337928,0.682218]],[[0.573654,-0.805989,-0.145956],[-0.219982,0.0200464,-0.975298],[0.789005,0.591592,-0.165803]],[[0.573654,-0.805989,-0.145956],[-0.502156,-0.205279,-0.840059],[0.647116,0.555196,-0.522491]]],"btipPosition":[-7.16833,225.636,-19.6102],"carpPosition":[15.934,234.476,37.835],"dipPosition":[3.98589,235.206,-28.6163],"direction":[-0.789005,-0.591592,0.165803],"extended":false,"handId":506,"id":5064,"length":50.5107,"mcpPosition":[42.3437,258.726,-7.73653],"pipPosition":[19.4179,246.777,-31.8592],"stabilizedTipPosition":[-7.90294,220.207,-29.133],"timeVisible":85.0424,"tipPosition":[-4.77415,227.873,-22.0207],"tipVelocity":[84.4391,83.1227,73.5635],"tool":false,"touchDistance":0.333333,"touchZone":"none","type":4,"width":16.0574}],"r":[[0.588978,-0.70664,0.392127],[0.770064,0.343531,-0.537576],[0.245165,0.618583,0.746491]],"s":1.15349,"t":[19.6333,8.75347,-3.75777],"timestamp":97899515779},false],[4,{"currentFrameRate":105.786,"devices":[],"gestures":[],"hands":[{"armBasis":[[0.834479,-0.329961,-0.441328],[0.490246,0.810243,0.321193],[0.251603,-0.484388,0.837893]],"armWidth":63.72,"confidence":0.46117,"direction":[0.281767,0.633143,-0.720928],"elbow":[67.9621,105.105,271.289],"grabStrength":0.334161,"id":506,"palmNormal":[-0.409843,-0.599955,-0.687083],"palmPosition":[6.86124,271.216,3.84886],"palmVelocity":[81.8453,58.4847,81.8833],"palmWidth":90.99,"pinchStrength":0.45921,"r":[[0.58923,-0.707596,0.39002],[0.769316,0.343835,-0.538452],[0.246904,0.617321,0.746963]],"s":1.1538,"sphereCenter":[-9.68672,251.514,-39.6378],"sphereRadius":44.3054,"stabilizedPalmPosition":[3.28815,268.004,-0.215481],"t":[20.4048,9.17692,-3.06957],"timeVisible":85.0518,"type":"right","wrist":[0.0294435,235.89,45.0578]}],"id":1807359,"interactionBox":{"center":[0,200,0],"size":[235.247,235.247,147.751]},"pointables":[{"bases":[[[0.770655,0.463364,0.437475],[-0.624872,0.414811,0.661413],[0.125005,-0.783087,0.609219]],[[0.723913,0.625106,0.291878],[-0.679863,0.574525,0.455749],[0.1172,-0.52836,0.840892]],[[0.723913,0.625106,0.291878],[-0.639857,0.766544,-0.0547151],[-0.25794,-0.147151,0.954889]],[[0.723913,0.625106,0.291878],[-0.687823,0.6867,0.235249],[-0.0533777,-0.37106,0.927073]]],"btipPosition":[-25.8996,281.262,-53.5471],"carpPosition":[-30.0931,241.186,42.6826],"dipPosition":[-27.1488,272.577,-31.8503],"direction":[0.25794,0.147151,-0.954889],"extended":false,"handId":506,"id":5060,"length":52.1164,"mcpPosition":[-30.0931,241.186,42.6826],"pipPosition":[-35.9435,267.56,0.707265],"stabilizedTipPosition":[-29.0639,276.269,-52.2814],"timeVisible":85.0518,"tipPosition":[-26.3602,279.703,-48.2909],"tipVelocity":[72.115,65.506,87.8447],"tool":false,"touchDistance":-0.00949627,"touchZone":"touching","type":0,"width":20.25},{"bases":[[[0.902539,-0.375816,-0.210203],[0.424905,0.698085,0.576309],[-0.0698462,-0.609458,0.789735]],[[0.904072,-0.294949,-0.309288],[0.324619,0.944623,0.048056],[0.277987,-0.143847,0.949753]],[[0.904072,-0.294949,-0.309288],[0.274861,0.955433,-0.107697],[0.327269,0.0123546,0.94485]],[[0.904072,-0.294949,-0.309288],[0.238757,0.948784,-0.206892],[0.35447,0.113201,0.92819]]],"btipPosition":[-32.8382,304.532,-89.9267],"carpPosition":[-12.0672,255.747,47.6736],"dipPosition":[-26.7819,306.466,-74.068],"direction":[-0.327269,-0.0123546,-0.94485],"extended":true,"handId":506,"id":5061,"length":58.8075,"mcpPosition":[-6.92866,300.585,-10.4269],"pipPosition":[-18.8716,306.765,-51.2306],"stabilizedTipPosition":[-33.4324,302.623,-89.1817],"timeVisible":85.0518,"tipPosition":[-30.891,305.39,-86.3887],"tipVelocity":[64.6022,70.0093,91.1225],"tool":false,"touchDistance":0.0849427,"touchZone":"hovering","type":1,"width":19.3428},{"bases":[[[0.799056,-0.568164,-0.196721],[0.569737,0.610949,0.549674],[-0.192118,-0.551299,0.811887]],[[0.789358,-0.592957,-0.159111],[0.277347,0.575625,-0.769243],[0.547716,0.563079,0.618829]],[[0.789358,-0.592957,-0.159111],[-0.261646,-0.090463,-0.960915],[0.555388,0.800136,-0.226553]],[[0.789358,-0.592957,-0.159111],[-0.447527,-0.378326,-0.810302],[0.420279,0.710824,-0.563999]]],"btipPosition":[-36.9966,227.929,-23.8015],"carpPosition":[-0.309082,252.717,45.629],"dipPosition":[-29.0988,241.286,-34.4001],"direction":[-0.555388,-0.800136,0.226553],"extended":false,"handId":506,"id":5062,"length":67.0064,"mcpPosition":[13.0946,291.18,-11.0147],"pipPosition":[-13.3055,264.039,-40.8425],"stabilizedTipPosition":[-38.7171,222.691,-35.4632],"timeVisible":85.0518,"tipPosition":[-35.4144,230.924,-26.9559],"tipVelocity":[84.4876,57.7324,81.7994],"tool":false,"touchDistance":0.333333,"touchZone":"none","type":2,"width":18.9972},{"bases":[[[0.716837,-0.687528,-0.115974],[0.618955,0.55091,0.559815],[-0.320997,-0.473079,0.820461]],[[0.713083,-0.692944,-0.106493],[0.381477,0.51095,-0.770329],[0.588207,0.508684,0.628692]],[[0.713083,-0.692944,-0.106493],[-0.231195,-0.0890223,-0.968826],[0.661862,0.715474,-0.223685]],[[0.713083,-0.692944,-0.106493],[-0.45884,-0.346432,-0.8182],[0.530074,0.632308,-0.564986]]],"btipPosition":[-24.2826,222.045,-19.6777],"carpPosition":[10.1298,246.774,43.053],"dipPosition":[-14.3787,233.859,-30.2339],"direction":[-0.661862,-0.715474,0.223685],"extended":false,"handId":506,"id":5063,"length":64.4285,"mcpPosition":[30.2371,276.407,-8.34072],"pipPosition":[3.95619,253.68,-36.4304],"stabilizedTipPosition":[-25.5618,217.3,-30.121],"timeVisible":85.0518,"tipPosition":[-22.1551,224.769,-22.4036],"tipVelocity":[82.1421,54.7468,71.9351],"tool":false,"touchDistance":0.333333,"touchZone":"none","type":3,"width":18.077},{"bases":[[[0.562678,-0.819173,-0.111128],[0.692107,0.393293,0.605234],[-0.452085,-0.417464,0.788253]],[[0.579899,-0.80225,-0.141817],[0.496662,0.486115,-0.719041],[0.64579,0.346536,0.680344]],[[0.579899,-0.80225,-0.141817],[-0.220342,0.0131419,-0.975334],[0.784326,0.596844,-0.169148]],[[0.579899,-0.80225,-0.141817],[-0.500777,-0.213707,-0.83878],[0.642604,0.557426,-0.525677]]],"btipPosition":[-6.32034,225.668,-18.8647],"carpPosition":[16.7169,234.996,38.5294],"dipPosition":[4.75609,235.276,-27.9257],"direction":[-0.784326,-0.596844,0.169148],"extended":false,"handId":506,"id":5064,"length":50.5107,"mcpPosition":[42.9312,259.203,-7.17761],"pipPosition":[20.0966,246.95,-31.234],"stabilizedTipPosition":[-7.67201,220.636,-28.6754],"timeVisible":85.0518,"tipPosition":[-3.94446,227.91,-21.2836],"tipVelocity":[85.3918,60.5588,74.6866],"tool":false,"touchDistance":0.333333,"touchZone":"none","type":4,"width":16.0574}],"r":[[0.58923,-0.707596,0.39002],[0.769316,0.343835,-0.538452],[0.246904,0.617321,0.746963]],"s":1.1538,"t":[20.4048,9.17692,-3.06957],"timestamp":97899525237},false],[5,{"currentFrameRate":105.799,"devices":[],"gestures":[],"hands":[{"armBasis":[[0.838099,-0.321683,-0.440579],[0.483255,0.812503,0.326042],[0.25309,-0.486168,0.836413]],"armWidth":63.72,"confidence":0.468342,"direction":[0.279796,0.631874,-0.722807],"elbow":[68.9809,105.284,271.669],"grabStrength":0.334436,"id":506,"palmNormal":[-0.403747,-0.605621,-0.68572],"palmPosition":[7.37174,271.741,4.49649],"palmVelocity":[73.9332,57.6942,78.1137],"palmWidth":90.99,"pinchStrength":0.461275,"r":[[0.590129,-0.707238,0.389309],[0.768589,0.344631,-0.538981],[0.24702,0.617287,0.746952]],"s":1.154,"sphereCenter":[-8.80337,251.643,-39.0148],"sphereRadius":44.3526,"stabilizedPalmPosition":[3.93507,268.596,0.530992],"t":[21.0458,9.65132,-2.40165],"timeVisible":85.0613,"type":"right","wrist":[0.646646,236.549,45.8374]}],"id":1807360,"interactionBox":{"center":[0,200,0],"size":[235.247,235.247,147.751]},"pointables":[{"bases":[[[0.766222,0.470347,0.437811],[-0.629637,0.413517,0.657693],[0.128302,-0.779601,0.612994]],[[0.718965,0.63091,0.291618],[-0.684715,0.570851,0.453095],[0.119392,-0.525435,0.842416]],[[0.718965,0.63091,0.291618],[-0.645481,0.761684,-0.0564982],[-0.257766,-0.147614,0.954865]],[[0.718965,0.63091,0.291618],[-0.693134,0.681925,0.233546],[-0.0515149,-0.370042,0.927586]]],"btipPosition":[-25.4682,281.557,-52.9697],"carpPosition":[-29.5028,241.635,43.3472],"dipPosition":[-26.6739,272.897,-31.2609],"direction":[0.257766,0.147614,-0.954865],"extended":false,"handId":506,"id":5060,"length":52.1164,"mcpPosition":[-29.5028,241.635,43.3472],"pipPosition":[-35.4626,267.864,1.29583],"stabilizedTipPosition":[-28.5324,276.797,-51.5919],"timeVisible":85.0613,"tipPosition":[-25.8414,279.889,-47.7564],"tipVelocity":[64.8889,55.9054,80.3292],"tool":false,"touchDistance":0.0501732,"touchZone":"hovering","type":0,"width":20.25},{"bases":[[[0.905648,-0.370733,-0.205811],[0.418501,0.70337,0.574567],[-0.0682495,-0.606488,0.792158]],[[0.906939,-0.290111,-0.305447],[0.318031,0.94702,0.0448341],[0.276257,-0.137803,0.951153]],[[0.906939,-0.290111,-0.305447],[0.268744,0.956816,-0.110816],[0.324405,0.0184164,0.945739]],[[0.906939,-0.290111,-0.305447],[0.233048,0.949543,-0.209898],[0.350928,0.119181,0.928787]]],"btipPosition":[-32.2735,304.395,-89.5403],"carpPosition":[-11.5891,256.337,48.33],"dipPosition":[-26.2776,306.432,-73.6714],"direction":[-0.324405,-0.0184164,-0.945739],"extended":true,"handId":506,"id":5061,"length":58.8075,"mcpPosition":[-6.56798,300.956,-9.94873],"pipPosition":[-18.4366,306.877,-50.8126],"stabilizedTipPosition":[-32.9665,303.034,-88.5776],"timeVisible":85.0613,"tipPosition":[-30.3468,305.27,-85.9994],"tipVelocity":[62.836,46.5779,76.8709],"tool":false,"touchDistance":0.0914207,"touchZone":"hovering","type":1,"width":19.3428},{"bases":[[[0.803398,-0.563702,-0.19181],[0.563987,0.617081,0.548753],[-0.190971,-0.549045,0.813683]],[[0.793756,-0.588379,-0.15415],[0.275883,0.574145,-0.770874],[0.54207,0.569358,0.618054]],[[0.793756,-0.588379,-0.15415],[-0.258264,-0.0965775,-0.961235],[0.550683,0.802797,-0.228616]],[[0.793756,-0.588379,-0.15415],[-0.442707,-0.385084,-0.809766],[0.417088,0.711,-0.566142]]],"btipPosition":[-36.1066,228.049,-23.085],"carpPosition":[0.1951,253.376,46.3345],"dipPosition":[-28.2687,241.41,-33.724],"direction":[-0.550683,-0.802797,0.228616],"extended":false,"handId":506,"id":5062,"length":67.0064,"mcpPosition":[13.5188,291.682,-10.4345],"pipPosition":[-12.6092,264.239,-40.225],"stabilizedTipPosition":[-38.4719,223.16,-34.9113],"timeVisible":85.0613,"tipPosition":[-34.5337,231.04,-26.2419],"tipVelocity":[86.9,44.9066,79.8574],"tool":false,"touchDistance":0.333333,"touchZone":"none","type":2,"width":18.9972},{"bases":[[[0.721722,-0.683258,-0.110797],[0.61357,0.557413,0.559306],[-0.32039,-0.471645,0.821524]],[[0.71818,-0.688367,-0.10182],[0.383019,0.513214,-0.768054],[0.580959,0.512603,0.632238]],[[0.71818,-0.688367,-0.10182],[-0.222959,-0.0890257,-0.970754],[0.659171,0.719878,-0.217414]],[[0.71818,-0.688367,-0.10182],[-0.450308,-0.348198,-0.822181],[0.530509,0.636325,-0.560046]]],"btipPosition":[-23.3792,222.301,-19.4055],"carpPosition":[10.6809,247.491,43.8162],"dipPosition":[-13.4672,234.19,-29.8694],"direction":[-0.659171,-0.719878,0.217414],"extended":false,"handId":506,"id":5063,"length":64.4285,"mcpPosition":[30.7502,277.035,-7.64406],"pipPosition":[4.79318,254.132,-35.8922],"stabilizedTipPosition":[-25.2913,217.769,-29.6172],"timeVisible":85.0613,"tipPosition":[-21.2335,225.026,-21.9129],"tipVelocity":[86.1027,47.3645,60.2774],"tool":false,"touchDistance":0.333333,"touchZone":"none","type":3,"width":18.077},{"bases":[[[0.568422,-0.815899,-0.10585],[0.687622,0.400483,0.605632],[-0.451743,-0.417039,0.788674]],[[0.58571,-0.798908,-0.136713],[0.495251,0.486281,-0.719901],[0.641616,0.353946,0.680479]],[[0.58571,-0.798908,-0.136713],[-0.217045,0.00791702,-0.97613],[0.78092,0.601402,-0.168761]],[[0.58571,-0.798908,-0.136713],[-0.496096,-0.219971,-0.839941],[0.640963,0.559785,-0.525174]]],"btipPosition":[-5.45489,225.993,-18.0756],"carpPosition":[17.3597,235.738,39.3639],"dipPosition":[5.59326,235.642,-27.1279],"direction":[-0.78092,-0.601402,0.168761],"extended":false,"handId":506,"id":5064,"length":50.5107,"mcpPosition":[43.5541,259.92,-6.36748],"pipPosition":[20.8671,247.405,-30.4287],"stabilizedTipPosition":[-7.40839,221.055,-28.2035],"timeVisible":85.0613,"tipPosition":[-3.075,228.248,-20.4809],"tipVelocity":[87.0211,53.3975,77.3195],"tool":false,"touchDistance":0.333333,"touchZone":"none","type":4,"width":16.0574}],"r":[[0.590129,-0.707238,0.389309],[0.768589,0.344631,-0.538981],[0.24702,0.617287,0.746952]],"s":1.154,"t":[21.0458,9.65132,-2.40165],"timestamp":97899534666},false],[6,{"currentFrameRate":105.806,"devices":[],"gestures":[],"hands":[{"armBasis":[[0.843773,-0.311237,-0.43724],[0.473387,0.815457,0.333067],[0.252888,-0.488017,0.835396]],"armWidth":63.72,"confidence":0.474012,"direction":[0.276377,0.634317,-0.721981],"elbow":[69.8243,105.257,272.176],"grabStrength":0.334725,"id":506,"palmNormal":[-0.395038,-0.609861,-0.687033],"palmPosition":[8.08409,272.262,5.28916],"palmVelocity":[74.3765,56.982,79.7949],"palmWidth":90.99,"pinchStrength":0.464335,"r":[[0.591939,-0.705748,0.389266],[0.767746,0.346739,-0.53883],[0.245304,0.617812,0.747084]],"s":1.15465,"sphereCenter":[-7.59777,251.868,-38.349],"sphereRadius":44.438,"stabilizedPalmPosition":[4.5834,269.169,1.2745],"t":[21.7224,10.149,-1.67136],"timeVisible":85.0707,"type":"right","wrist":[1.54461,237.022,46.6189]}],"id":1807361,"interactionBox":{"center":[0,200,0],"size":[235.247,235.247,147.751]},"pointables":[{"bases":[[[0.759805,0.478077,0.440611],[-0.636278,0.407537,0.65503],[0.13359,-0.778046,0.613838]],[[0.711827,0.637477,0.294833],[-0.691476,0.562468,0.45331],[0.123141,-0.526548,0.84118]],[[0.711827,0.637477,0.294833],[-0.653604,0.754895,-0.0541842],[-0.257109,-0.154134,0.954011]],[[0.711827,0.637477,0.294833],[-0.700723,0.673178,0.236261],[-0.0478641,-0.374773,0.92588]]],"btipPosition":[-24.9041,282.119,-52.1782],"carpPosition":[-28.6436,241.809,44.0079],"dipPosition":[-26.0242,273.348,-30.5093],"direction":[0.257109,0.154134,-0.954011],"extended":false,"handId":506,"id":5060,"length":52.1164,"mcpPosition":[-28.6436,241.809,44.0079],"pipPosition":[-34.7905,268.093,2.01828],"stabilizedTipPosition":[-28.0311,277.289,-50.9379],"timeVisible":85.0707,"tipPosition":[-25.1547,280.264,-47.0351],"tipVelocity":[64.0251,56.1804,81.0623],"tool":false,"touchDistance":0.0632111,"touchZone":"hovering","type":0,"width":20.25},{"bases":[[[0.910072,-0.361843,-0.202085],[0.409263,0.707706,0.575896],[-0.065367,-0.606813,0.792152]],[[0.910951,-0.28117,-0.301847],[0.308362,0.950179,0.045521],[0.274009,-0.134545,0.952269]],[[0.910951,-0.28117,-0.301847],[0.259662,0.959409,-0.110049],[0.320537,0.0218713,0.946984]],[[0.910951,-0.28117,-0.301847],[0.224491,0.951781,-0.209088],[0.346081,0.122707,0.930146]]],"btipPosition":[-31.5194,304.487,-88.9165],"carpPosition":[-10.8958,256.689,49.0546],"dipPosition":[-25.6064,306.584,-73.0244],"direction":[-0.320537,-0.0218713,-0.946984],"extended":true,"handId":506,"id":5061,"length":58.8075,"mcpPosition":[-6.08683,301.332,-9.22368],"pipPosition":[-17.8589,307.113,-50.1355],"stabilizedTipPosition":[-32.492,303.361,-88.017],"timeVisible":85.0707,"tipPosition":[-29.6193,305.375,-85.3672],"tipVelocity":[67.1366,36.4752,73.955],"tool":false,"touchDistance":0.101907,"touchZone":"hovering","type":1,"width":19.3428},{"bases":[[[0.809681,-0.555808,-0.1884],[0.555695,0.622849,0.550692],[-0.188734,-0.550578,0.813169]],[[0.800152,-0.580521,-0.150834],[0.273433,0.576872,-0.769709],[0.533845,0.574642,0.62032]],[[0.800152,-0.580521,-0.150834],[-0.252854,-0.0984394,-0.962484],[0.543894,0.808273,-0.225554]],[[0.800152,-0.580521,-0.150834],[-0.435093,-0.388681,-0.81217],[0.412856,0.715487,-0.563585]]],"btipPosition":[-34.8639,228.129,-22.5212],"carpPosition":[0.924776,253.844,47.1068],"dipPosition":[-27.1055,241.574,-33.1121],"direction":[-0.543894,-0.808273,0.225554],"extended":false,"handId":506,"id":5062,"length":67.0064,"mcpPosition":[14.0924,292.257,-9.62639],"pipPosition":[-11.6391,264.559,-39.5261],"stabilizedTipPosition":[-38.1654,223.618,-34.3455],"timeVisible":85.0707,"tipPosition":[-33.2932,231.14,-25.6134],"tipVelocity":[99.1434,35.0831,74.4434],"tool":false,"touchDistance":0.333333,"touchZone":"none","type":2,"width":18.9972},{"bases":[[[0.728872,-0.676133,-0.107656],[0.605823,0.563679,0.561466],[-0.318942,-0.474457,0.820467]],[[0.725367,-0.681244,-0.0987437],[0.380872,0.516684,-0.766794],[0.573393,0.518598,0.634252]],[[0.725367,-0.681244,-0.0987437],[-0.218566,-0.0919097,-0.971484],[0.652742,0.726264,-0.215565]],[[0.725367,-0.681244,-0.0987437],[-0.443935,-0.353331,-0.823456],[0.526085,0.641143,-0.558722]]],"btipPosition":[-22.0739,222.513,-18.6891],"carpPosition":[11.4781,248.062,44.6323],"dipPosition":[-12.2446,234.492,-29.1283],"direction":[-0.652742,-0.726264,0.215565],"extended":false,"handId":506,"id":5063,"length":64.4285,"mcpPosition":[31.4567,277.782,-6.76174],"pipPosition":[5.83768,254.611,-35.0999],"stabilizedTipPosition":[-24.9429,218.246,-29.075],"timeVisible":85.0707,"tipPosition":[-19.9474,225.257,-21.1979],"tipVelocity":[100.449,40.8791,64.918],"tool":false,"touchDistance":0.333333,"touchZone":"none","type":3,"width":18.077},{"bases":[[[0.576873,-0.810282,-0.103253],[0.681241,0.407507,0.608152],[-0.450698,-0.421167,0.787077]],[[0.594141,-0.793103,-0.134108],[0.493008,0.490801,-0.718371],[0.635562,0.360697,0.682611]],[[0.594141,-0.793103,-0.134108],[-0.2125,0.00603663,-0.977142],[0.775784,0.609058,-0.164947]],[[0.594141,-0.793103,-0.134108],[-0.489542,-0.224247,-0.842651],[0.638236,0.566305,-0.521492]]],"btipPosition":[-4.22347,226.367,-17.3488],"carpPosition":[18.2902,236.374,40.2115],"dipPosition":[6.77767,236.129,-26.3377],"direction":[-0.775784,-0.609058,0.164947],"extended":false,"handId":506,"id":5064,"length":50.5107,"mcpPosition":[44.424,260.795,-5.42725],"pipPosition":[21.9511,248.041,-29.5638],"stabilizedTipPosition":[-7.08436,221.484,-27.7052],"timeVisible":85.0707,"tipPosition":[-1.84112,228.65,-19.7195],"tipVelocity":[99.1167,50.2467,77.6734],"tool":false,"touchDistance":0.333333,"touchZone":"none","type":4,"width":16.0574}],"r":[[0.591939,-0.705748,0.389266],[0.767746,0.346739,-0.53883],[0.245304,0.617812,0.747084]],"s":1.15465,"t":[21.7224,10.149,-1.67136],"tim