{"sensorType":"Leap","data":[[0,{"currentFrameRate":106.05,"devices":[],"gestures":[],"hands":[{"armBasis":[[0.955289,0.144102,-0.25818],[0.0262858,0.828346,0.559599],[0.294502,-0.541366,0.787523]],"armWidth":63.72,"confidence":0.692434,"direction":[-0.019691,0.284947,-0.958341],"elbow":[74.8715,109.207,288.368],"grabStrength":0,"id":506,"palmNormal":[-0.021352,-0.958428,-0.284535],"palmPosition":[-13.4191,266.736,22.9474],"palmVelocity":[-23.3542,50.8189,157.828],"palmWidth":90.99,"pinchStrength":0.996275,"r":[[0.79862,-0.0564937,0.599179],[0.589508,0.273904,-0.759906],[-0.121187,0.960096,0.252049]],"s":1.31958,"sphereCenter":[-27.7003,250.022,-4.40394],"sphereRadius":48.3875,"stabilizedPalmPosition":[-11.2442,257.884,-12.2496],"t":[1.10815,4.64795,15.36],"timeVisible":91.2401,"type":"right","wrist":[-4.64397,255.376,75.7367]}],"id":1808003,"interactionBox":{"center":[0,200,0],"size":[235.247,235.247,147.751]},"pointables":[{"bases":[[[0.417483,0.906867,0.0574495],[-0.787221,0.329376,0.521339],[0.453863,-0.262876,0.851413]],[[0.35115,0.934388,-0.0601004],[-0.932667,0.343395,-0.11051],[-0.0826207,0.0948592,0.992056]],[[0.35115,0.934388,-0.0601004],[-0.704826,0.221533,-0.673901],[-0.616371,0.279001,0.736373]],[[0.35115,0.934388,-0.0601004],[0.229647,-0.148175,-0.961929],[-0.90772,0.32398,-0.266611]]],"btipPosition":[13.0805,222.643,8.26612],"carpPosition":[-33.3032,244.474,76.6546],"dipPosition":[-8.16346,230.226,2.02647],"direction":[0.616371,-0.279001,-0.736373],"extended":false,"handId":506,"id":5060,"length":52.1164,"mcpPosition":[-33.3032,244.474,76.6546],"pipPosition":[-29.179,239.738,27.1335],"stabilizedTipPosition":[11.1887,214.793,-23.5953],"timeVisible":91.2401,"tipPosition":[8.05209,224.37,7.14598],"tipVelocity":[-25.7951,56.7552,122.116],"tool":false,"touchDistance":0.373485,"touchZone":"hovering","type":0,"width":20.25},{"bases":[[[0.982082,0.0331945,-0.18551],[-0.00665991,0.989864,0.141866],[0.188338,-0.138088,0.972348]],[[0.999943,0.00540862,0.00920404],[-0.00964398,0.827401,0.561529],[-0.00457833,-0.561586,0.827406]],[[0.999943,0.00540862,0.00920404],[-0.00870505,0.912176,0.409705],[-0.00617977,-0.409762,0.912172]],[[0.999943,0.00540862,0.00920404],[-0.00761029,0.965774,0.259273],[-0.00748672,-0.259328,0.96576]]],"btipPosition":[-38.4165,314.764,-73.8685],"carpPosition":[-25.0345,266.143,71.7622],"dipPosition":[-38.5444,310.334,-57.3679],"direction":[0.00617977,0.409762,-0.912172],"extended":true,"handId":506,"id":5061,"length":58.8075,"mcpPosition":[-38.8905,276.302,0.226994],"pipPosition":[-38.6938,300.429,-35.3203],"stabilizedTipPosition":[-33.8686,306.793,-97.7871],"timeVisible":91.2401,"tipPosition":[-38.655,314.298,-69.7788],"tipVelocity":[-34.761,44.5837,158.477],"tool":false,"touchDistance":0.45767,"touchZone":"hovering","type":1,"width":19.3428},{"bases":[[[0.985147,-0.155004,-0.0738846],[0.163605,0.977953,0.129774],[0.0521402,-0.139934,0.988787]],[[0.985353,-0.155578,-0.069819],[-0.0313426,0.237226,-0.970949],[0.167621,0.958916,0.228875]],[[0.985353,-0.155578,-0.069819],[-0.170523,-0.901689,-0.39734],[-0.0011375,0.403426,-0.915011]],[[0.985353,-0.155578,-0.069819],[-0.14183,-0.975013,0.170981],[-0.0946752,-0.158574,-0.982797]]],"btipPosition":[-23.0998,223.365,33.6421],"carpPosition":[-13.1942,268.314,69.1713],"dipPosition":[-24.879,220.385,15.1734],"direction":[0.0011375,-0.403426,0.915011],"extended":false,"handId":506,"id":5062,"length":67.0064,"mcpPosition":[-16.8319,278.077,0.185589],"pipPosition":[-24.9113,231.857,-10.8463],"stabilizedTipPosition":[-21.441,212.731,-7.46116],"timeVisible":91.2401,"tipPosition":[-23.4925,222.677,29.2698],"tipVelocity":[-19.1002,48.4027,149.066],"tool":false,"touchDistance":0.333333,"touchZone":"none","type":2,"width":18.9972},{"bases":[[[0.966927,-0.247185,0.0628576],[0.23515,0.95942,0.155618],[-0.0987733,-0.13569,0.985815]],[[0.968241,-0.24522,0.0487574],[0.105513,0.22397,-0.968868],[0.226666,0.943241,0.242731]],[[0.968241,-0.24522,0.0487574],[-0.20443,-0.888755,-0.410272],[0.14394,0.387275,-0.910659]],[[0.968241,-0.24522,0.0487574],[-0.249861,-0.956014,0.153646],[0.00893566,-0.160949,-0.986922]]],"btipPosition":[-9.14102,226.049,38.6438],"carpPosition":[-1.04645,267.414,67.5737],"dipPosition":[-8.97407,223.042,20.2042],"direction":[-0.14394,-0.387275,0.910659],"extended":false,"handId":506,"id":5063,"length":64.4285,"mcpPosition":[5.14071,275.914,5.82223],"pipPosition":[-4.98663,233.77,-5.02289],"stabilizedTipPosition":[-7.39174,216.033,-2.11353],"timeVisible":91.2401,"tipPosition":[-9.08919,225.334,34.2209],"tipVelocity":[-19.4006,49.8275,151.045],"tool":false,"touchDistance":0.333333,"touchZone":"none","type":3,"width":18.077},{"bases":[[[0.896762,-0.416332,0.14995],[0.373024,0.893512,0.249979],[-0.238057,-0.168237,0.95657]],[[0.908829,-0.406111,0.0954092],[0.223557,0.281031,-0.933297],[0.352209,0.869537,0.346198]],[[0.908829,-0.406111,0.0954092],[-0.306949,-0.805867,-0.50632],[0.282509,0.430873,-0.857051]],[[0.908829,-0.406111,0.0954092],[-0.411705,-0.910046,0.0481085],[0.0672894,-0.0830029,-0.994275]]],"btipPosition":[5.38314,231.42,33.5853],"carpPosition":[10.7186,259.408,67.3925],"dipPosition":[6.54299,229.989,16.4472],"direction":[-0.282509,-0.430873,0.857051],"extended":false,"handId":506,"id":5064,"length":50.5107,"mcpPosition":[24.5224,269.163,11.9256],"pipPosition":[12.0685,238.417,-0.315701],"stabilizedTipPosition":[7.3136,221.881,-6.22625],"timeVisible":91.2401,"tipPosition":[5.51315,231.21,29.5786],"tipVelocity":[-19.6049,51.7516,151.378],"tool":false,"touchDistance":0.333333,"touchZone":"none","type":4,"width":16.0574}],"r":[[0.79862,-0.0564937,0.599179],[0.589508,0.273904,-0.759906],[-0.121187,0.960096,0.252049]],"s":1.31958,"t":[1.10815,4.64795,15.36],"timestamp":97905713505},false],[1,{"currentFrameRate":105.999,"devices":[],"gestures":[],"hands":[{"armBasis":[[0.95385,0.141709,-0.264742],[0.0335879,0.825761,0.56302],[0.298399,-0.545929,0.782892]],"armWidth":63.72,"confidence":0.698346,"direction":[-0.0231958,0.279515,-0.959861],"elbow":[75.9088,108.491,289.112],"grabStrength":0,"id":506,"palmNormal":[-0.0277593,-0.959929,-0.278864],"palmPosition":[-13.6491,266.992,24.9225],"palmVelocity":[-23.5802,43.9301,172.082],"palmWidth":90.99,"pinchStrength":0.989701,"r":[[0.799672,-0.0569882,0.597726],[0.588252,0.273892,-0.760883],[-0.120351,0.960071,0.252547]],"s":1.31938,"sphereCenter":[-28.2359,250.156,-2.27084],"sphereRadius":48.3917,"stabilizedPalmPosition":[-11.2457,257.889,-12.2271],"t":[0.887058,5.01261,17.0261],"timeVisible":91.2496,"type":"right","wrist":[-4.6588,255.892,77.7308]}],"id":1808004,"interactionBox":{"center":[0,200,0],"size":[235.247,235.247,147.751]},"pointables":[{"bases":[[[0.422436,0.90501,0.0500415],[-0.7828,0.336447,0.523476],[0.456915,-0.260308,0.85057]],[[0.355676,0.932186,-0.0672581],[-0.931444,0.347634,-0.107529],[-0.0768562,0.100893,0.991924]],[[0.355676,0.932186,-0.0672581],[-0.709702,0.222559,-0.668424],[-0.608127,0.285475,0.740733]],[[0.355676,0.932186,-0.0672581],[0.213205,-0.150994,-0.965269],[-0.909966,0.328983,-0.252452]]],"btipPosition":[12.4988,222.674,9.99773],"carpPosition":[-33.3686,245.143,78.8597],"dipPosition":[-8.79771,230.373,4.08945],"direction":[0.608127,-0.285475,-0.740733],"extended":false,"handId":506,"id":5060,"length":52.1164,"mcpPosition":[-33.3686,245.143,78.8597],"pipPosition":[-29.5322,240.107,29.3452],"stabilizedTipPosition":[11.1839,214.806,-23.5518],"timeVisible":91.2496,"tipPosition":[7.48855,224.432,9.03864],"tipVelocity":[-36.3184,42.143,141.599],"tool":false,"touchDistance":0.396587,"touchZone":"hovering","type":0,"width":20.25},{"bases":[[[0.981264,0.027041,-0.190762],[-0.000830222,0.990686,0.136162],[0.192667,-0.133452,0.972147]],[[0.999993,0.000330632,0.00369166],[-0.0023263,0.831391,0.555683],[-0.00288549,-0.555688,0.831386]],[[0.999993,0.000330632,0.00369166],[-0.00178707,0.915605,0.402075],[-0.00324717,-0.402079,0.915599]],[[0.999993,0.000330632,0.00369166],[-0.00124343,0.968218,0.250104],[-0.00349164,-0.250106,0.968212]]],"btipPosition":[-38.9263,314.425,-72.1124],"carpPosition":[-25.014,266.741,73.7993],"dipPosition":[-38.986,310.151,-55.5699],"direction":[0.00324717,0.402079,-0.915599],"extended":true,"handId":506,"id":5061,"length":58.8075,"mcpPosition":[-39.1884,276.559,2.2788],"pipPosition":[-39.0645,300.433,-33.4395],"stabilizedTipPosition":[-33.8792,306.807,-97.7254],"timeVisible":91.2496,"tipPosition":[-39.1233,314.019,-68.0062],"tipVelocity":[-39.6875,22.5618,166.211],"tool":false,"touchDistance":0.471722,"touchZone":"hovering","type":1,"width":19.3428},{"bases":[[[0.98394,-0.160524,-0.0780657],[0.169306,0.977825,0.123261],[0.0565482,-0.134499,0.989299]],[[0.98416,-0.161064,-0.0740818],[-0.0351627,0.232228,-0.972026],[0.173763,0.959233,0.222886]],[[0.98416,-0.161064,-0.0740818],[-0.177244,-0.902904,-0.391599],[-0.00381602,0.398526,-0.917149]],[[0.98416,-0.161064,-0.0740818],[-0.145955,-0.973305,0.177129],[-0.100633,-0.163511,-0.981395]]],"btipPosition":[-23.4974,223.724,35.8929],"carpPosition":[-13.1763,268.836,71.1348],"dipPosition":[-25.3885,220.651,17.4506],"direction":[0.00381602,-0.398526,0.917149],"extended":false,"handId":506,"id":5062,"length":67.0064,"mcpPosition":[-17.1215,278.219,2.11334],"pipPosition":[-25.497,231.984,-8.62986],"stabilizedTipPosition":[-21.4415,212.733,-7.45439],"timeVisible":91.2496,"tipPosition":[-23.9167,223.018,31.5395],"tipVelocity":[-26.3961,44.6763,174.364],"tool":false,"touchDistance":0.333333,"touchZone":"none","type":2,"width":18.9972},{"bases":[[[0.965956,-0.25182,0.0593003],[0.240888,0.959072,0.148843],[-0.0943548,-0.129491,0.987081]],[[0.967201,-0.249951,0.0452419],[0.101778,0.218157,-0.970592],[0.232731,0.943362,0.236441]],[[0.967201,-0.249951,0.0452419],[-0.211062,-0.88991,-0.404367],[0.141333,0.381555,-0.913477]],[[0.967201,-0.249951,0.0452419],[-0.253994,-0.953835,0.16027],[0.00309368,-0.166504,-0.986036]]],"btipPosition":[-9.50272,226.367,40.8132],"carpPosition":[-1.04178,267.864,69.4798],"dipPosition":[-9.44492,223.256,22.3901],"direction":[-0.141333,-0.381555,0.913477],"extended":false,"handId":506,"id":5063,"length":64.4285,"mcpPosition":[4.86861,275.975,7.64901],"pipPosition":[-5.5297,233.826,-2.91509],"stabilizedTipPosition":[-7.39208,216.035,-2.10726],"timeVisible":91.2496,"tipPosition":[-9.47602,225.631,36.4052],"tipVelocity":[-25.5075,44.3704,173.24],"tool":false,"touchDistance":0.333333,"touchZone":"none","type":3,"width":18.077},{"bases":[[[0.895374,-0.420096,0.147732],[0.378908,0.892996,0.242872],[-0.233954,-0.161484,0.958743]],[[0.907208,-0.410255,0.0930821],[0.220248,0.27468,-0.935971],[0.358419,0.869622,0.33955]],[[0.907208,-0.410255,0.0930821],[-0.313641,-0.807069,-0.50027],[0.280362,0.424655,-0.860852]],[[0.907208,-0.410255,0.0930821],[-0.41612,-0.907625,0.0553262],[0.0617858,-0.0889257,-0.99412]]],"btipPosition":[5.02476,231.637,35.6578],"carpPosition":[10.6808,259.796,69.2843],"dipPosition":[6.08975,230.104,18.5224],"direction":[-0.280362,-0.424655,0.860852],"extended":false,"handId":506,"id":5064,"length":50.5107,"mcpPosition":[24.2467,269.159,13.6913],"pipPosition":[11.5733,238.41,1.68513],"stabilizedTipPosition":[7.31321,221.883,-6.21906],"timeVisible":91.2496,"tipPosition":[5.13565,231.404,31.6566],"tipVelocity":[-25.453,42.6968,170.452],"tool":false,"touchDistance":0.333333,"touchZone":"none","type":4,"width":16.0574}],"r":[[0.799672,-0.0569882,0.597726],[0.588252,0.273892,-0.760883],[-0.120351,0.960071,0.252547]],"s":1.31938,"t":[0.887058,5.01261,17.0261],"timestamp":97905723033},false],[2,{"currentFrameRate":103.429,"devices":[],"gestures":[],"hands":[{"armBasis":[[0.950186,0.248964,-0.187519],[-0.0916099,0.798139,0.595468],[0.297917,-0.548627,0.781188]],"armWidth":63.72,"confidence":0.72968,"direction":[-0.0143853,0.29244,-0.956176],"elbow":[73.3876,109.535,293.568],"grabStrength":0,"id":506,"palmNormal":[0.102323,-0.950824,-0.292342],"palmPosition":[-14.9666,268.571,29.6276],"palmVelocity":[0.202024,44.4918,-101.572],"palmWidth":90.99,"pinchStrength":0.750312,"r":[[0.792044,-0.000438744,0.610464],[0.574862,0.337046,-0.745609],[-0.205427,0.941488,0.267207]],"s":1.29611,"sphereCenter":[-28.3476,247.084,0.475695],"sphereRadius":48.0403,"stabilizedPalmPosition":[-11.2756,257.963,-11.848],"t":[-0.653435,6.43977,24.5248],"timeVisible":91.6647,"type":"right","wrist":[-7.04988,257.664,82.6478]}],"id":1808046,"interactionBox":{"center":[0,200,0],"size":[235.247,235.247,147.751]},"pointables":[{"bases":[[[0.305915,0.948569,0.081435],[-0.840632,0.228968,0.490827],[0.446937,-0.218608,0.867443]],[[0.240055,0.96988,-0.0413039],[-0.961637,0.231765,-0.146765],[-0.132772,0.0749511,0.988309]],[[0.240055,0.96988,-0.0413039],[-0.792465,0.171213,-0.585394],[-0.56069,0.173259,0.809696]],[[0.240055,0.96988,-0.0413039],[-0.154683,-0.00378794,-0.987957],[-0.958356,0.243553,0.149115]]],"btipPosition":[13.9227,228.137,1.86849],"carpPosition":[-34.251,243.486,82.2994],"dipPosition":[-8.50631,233.837,5.35832],"direction":[0.56069,-0.173259,-0.809696],"extended":false,"handId":506,"id":5060,"length":52.1164,"mcpPosition":[-34.251,243.486,82.2994],"pipPosition":[-27.6234,239.744,32.9654],"stabilizedTipPosition":[10.3991,216.772,-16.471],"timeVisible":91.6647,"tipPosition":[9.2035,229.375,3.84093],"tipVelocity":[50.987,70.6164,-101.852],"tool":false,"touchDistance":0.17687,"touchZone":"hovering","type":0,"width":20.25},{"bases":[[[0.978112,0.149697,-0.144529],[-0.128068,0.980527,0.148877],[0.164001,-0.127109,0.978237]],[[0.991436,0.122708,0.0446896],[-0.129296,0.874241,0.467958],[0.0183526,-0.469729,0.88262]],[[0.991436,0.122708,0.0446896],[-0.13035,0.950692,0.281412],[-0.00795462,-0.284827,0.958546]],[[0.991436,0.122708,0.0446896],[-0.126839,0.986257,0.105877],[-0.0310835,-0.110638,0.993375]]],"btipPosition":[-40.5142,304.337,-72.1136],"carpPosition":[-28.3836,266.03,77.9152],"dipPosition":[-41.0452,302.446,-55.1412],"direction":[0.00795462,0.284827,-0.958546],"extended":true,"handId":506,"id":5061,"length":58.8075,"mcpPosition":[-40.449,275.381,5.94668],"pipPosition":[-41.2375,295.562,-31.9728],"stabilizedTipPosition":[-40.3687,304.427,-68.9847],"timeVisible":91.6647,"tipPosition":[-40.7581,304.874,-67.7458],"tipVelocity":[30.4825,12.5331,-121.986],"tool":false,"touchDistance":0.226691,"touchZone":"hovering","type":1,"width":19.3428},{"bases":[[[0.998681,-0.0382161,-0.0342848],[0.0427685,0.988691,0.14374],[0.0284038,-0.145017,0.989021]],[[0.998896,-0.0395153,-0.0254129],[-0.011837,0.311787,-0.950078],[0.045466,0.94933,0.310975]],[[0.998896,-0.0395153,-0.0254129],[-0.0468437,-0.879097,-0.474336],[-0.0035969,0.475002,-0.879977]],[[0.998896,-0.0395153,-0.0254129],[-0.0364039,-0.992926,0.113014],[-0.0296989,-0.111964,-0.993268]]],"btipPosition":[-20.2967,222.553,35.5296],"carpPosition":[-16.784,269.597,75.8319],"dipPosition":[-20.8548,220.449,16.8641],"direction":[0.0035969,-0.475002,0.879977],"extended":false,"handId":506,"id":5062,"length":67.0064,"mcpPosition":[-18.7656,279.715,6.82981],"pipPosition":[-20.9571,233.957,-8.1593],"stabilizedTipPosition":[-21.523,213.156,-5.09506],"timeVisible":91.6647,"tipPosition":[-20.3482,222.417,32.0875],"tipVelocity":[46.8513,27.3153,-131.174],"tool":false,"touchDistance":0.333333,"touchZone":"none","type":2,"width":18.9972},{"bases":[[[0.985891,-0.133562,0.100894],[0.114894,0.978307,0.172378],[-0.121729,-0.158354,0.97985]],[[0.986691,-0.13249,0.094276],[0.132093,0.314944,-0.939873],[0.0948323,0.939817,0.328253]],[[0.986691,-0.13249,0.094276],[-0.0699407,-0.869188,-0.48951],[0.146799,0.476401,-0.866886]],[[0.986691,-0.13249,0.094276],[-0.140943,-0.985965,0.0894845],[0.0810971,-0.101581,-0.991516]]],"btipPosition":[-6.75391,226.768,41.2267],"carpPosition":[-4.56008,270.139,74.7308],"dipPosition":[-5.23869,224.871,22.7012],"direction":[-0.146799,-0.476401,0.866886],"extended":false,"handId":506,"id":5063,"length":64.4285,"mcpPosition":[3.065,280.059,13.353],"pipPosition":[-1.17207,238.068,-1.31325],"stabilizedTipPosition":[-7.39869,216.078,-1.87852],"timeVisible":91.6647,"tipPosition":[-6.39987,226.687,37.7794],"tipVelocity":[42.4806,45.1481,-113.612],"tool":false,"touchDistance":0.333333,"touchZone":"none","type":3,"width":18.077},{"bases":[[[0.932549,-0.310789,0.183745],[0.255629,0.927765,0.271858],[-0.254962,-0.206551,0.944633]],[[0.941697,-0.302583,0.14714],[0.246955,0.324572,-0.913053],[0.228517,0.896157,0.380373]],[[0.941697,-0.302583,0.14714],[-0.181366,-0.82484,-0.535486],[0.283396,0.477579,-0.831628]],[[0.941697,-0.302583,0.14714],[-0.308077,-0.951234,0.015551],[0.135259,-0.0599748,-0.988993]]],"btipPosition":[6.88791,235.543,40.0641],"carpPosition":[8.05836,263.561,74.9757],"dipPosition":[9.21934,234.51,23.017],"direction":[-0.283396,-0.477579,0.831628],"extended":false,"handId":506,"id":5064,"length":50.5107,"mcpPosition":[22.8424,275.538,20.201],"pipPosition":[14.7622,243.851,6.75136],"stabilizedTipPosition":[7.30682,221.949,-5.95353],"timeVisible":91.6647,"tipPosition":[7.44307,235.368,36.2848],"tipVelocity":[33.6214,68.2879,-84.0361],"tool":false,"touchDistance":0.333333,"touchZone":"none","type":4,"width":16.0574}],"r":[[0.792044,-0.000438744,0.610464],[0.574862,0.337046,-0.745609],[-0.205427,0.941488,0.267207]],"s":1.29611,"t":[-0.653435,6.43977,24.5248],"timestamp":97906138077},false],[3,{"currentFrameRate":103.535,"devices":[],"gestures":[],"hands":[{"armBasis":[[0.948822,0.256866,-0.18373],[-0.0997635,0.795765,0.597331],[0.29964,-0.548432,0.780666]],"armWidth":63.72,"confidence":0.730093,"direction":[-0.0125517,0.288964,-0.957258],"elbow":[73.794,110.564,292.424],"grabStrength":0,"id":506,"palmNormal":[0.110655,-0.951052,-0.288541],"palmPosition":[-14.8839,269.301,28.5527],"palmVelocity":[2.64841,53.8672,-105.027],"palmWidth":90.99,"pinchStrength":0.748323,"r":[[0.788752,0.00690537,0.614673],[0.575909,0.341337,-0.742844],[-0.21494,0.939916,0.265253]],"s":1.29568,"sphereCenter":[-28.0377,247.685,-0.592257],"sphereRadius":48.0517,"stabilizedPalmPosition":[-11.277,257.967,-11.8321],"t":[-0.61114,7.06294,23.4236],"timeVisible":91.6741,"type":"right","wrist":[-7.10878,258.641,81.6438]}],"id":1808047,"interactionBox":{"center":[0,200,0],"size":[235.247,235.247,147.751]},"pointables":[{"bases":[[[0.298472,0.951114,0.0793503],[-0.844376,0.224389,0.486497],[0.444909,-0.212207,0.870071]],[[0.233008,0.971494,-0.0436702],[-0.962771,0.224123,-0.15113],[-0.137035,0.0772591,0.987549]],[[0.233008,0.971494,-0.0436702],[-0.792174,0.163569,-0.587968],[-0.564064,0.171596,0.807705]],[[0.233008,0.971494,-0.0436702],[-0.154251,-0.0074159,-0.988004],[-0.960163,0.236949,0.148126]]],"btipPosition":[14.3423,229.005,0.930116],"carpPosition":[-34.2015,244.258,81.232],"dipPosition":[-8.12895,234.55,4.3968],"direction":[0.564064,-0.171596,-0.807705],"extended":false,"handId":506,"id":5060,"length":52.1164,"mcpPosition":[-34.2015,244.258,81.232],"pipPosition":[-27.361,240.401,31.936],"stabilizedTipPosition":[10.3971,216.794,-16.4414],"timeVisible":91.6741,"tipPosition":[9.61413,230.212,2.87766],"tipVelocity":[48.7964,75.5966,-101.255],"tool":false,"touchDistance":0.161142,"touchZone":"hovering","type":0,"width":20.25},{"bases":[[[0.977564,0.156509,-0.140972],[-0.136018,0.980058,0.144866],[0.160833,-0.122441,0.979357]],[[0.990284,0.130227,0.0487791],[-0.13788,0.873831,0.46627],[0.0180963,-0.468466,0.883296]],[[0.990284,0.130227,0.0487791],[-0.138729,0.94942,0.281703],[-0.00962659,-0.285732,0.958261]],[[0.990284,0.130227,0.0487791],[-0.134848,0.98496,0.108027],[-0.0339775,-0.113555,0.992951]]],"btipPosition":[-40.281,304.81,-73.3337],"carpPosition":[-28.4843,266.83,76.7925],"dipPosition":[-40.8615,302.87,-56.3685],"direction":[0.00962659,0.285732,-0.958261],"extended":true,"handId":506,"id":5061,"length":58.8075,"mcpPosition":[-40.3167,275.837,4.74157],"pipPosition":[-41.0942,295.964,-33.207],"stabilizedTipPosition":[-40.369,304.426,-68.9877],"timeVisible":91.6741,"tipPosition":[-40.5324,305.163,-69.0348],"tipVelocity":[28.4677,22.9394,-124.04],"tool":false,"touchDistance":0.206329,"touchZone":"hovering","type":1,"width":19.3428},{"bases":[[[0.999074,-0.0308563,-0.0299778],[0.0347732,0.989482,0.140414],[0.0253298,-0.141326,0.989639]],[[0.999262,-0.0321302,-0.0210468],[-0.0100844,0.309271,-0.950921],[0.0370625,0.950431,0.308719]],[[0.999262,-0.0321302,-0.0210468],[-0.0382632,-0.880552,-0.472403],[-0.00335442,0.47286,-0.881131]],[[0.999262,-0.0321302,-0.0210468],[-0.029491,-0.992865,0.115539],[-0.024609,-0.114833,-0.99308]]],"btipPosition":[-19.8988,223.237,34.5377],"carpPosition":[-16.903,270.476,74.745],"dipPosition":[-20.3613,221.079,15.8757],"direction":[0.00335442,-0.47286,0.881131],"extended":false,"handId":506,"id":5062,"length":67.0064,"mcpPosition":[-18.6702,280.336,5.6999],"pipPosition":[-20.4567,234.525,-9.18046],"stabilizedTipPosition":[-21.522,213.162,-5.07286],"timeVisible":91.6741,"tipPosition":[-19.9356,223.089,31.0863],"tipVelocity":[46.1467,39.8075,-123.614],"tool":false,"touchDistance":0.333333,"touchZone":"none","type":2,"width":18.9972},{"bases":[[[0.986429,-0.12582,0.105483],[0.106853,0.97974,0.169389],[-0.124659,-0.155819,0.979888]],[[0.987348,-0.124632,0.098033],[0.133321,0.317789,-0.938741],[0.0858437,0.939934,0.330385]],[[0.987348,-0.124632,0.098033],[-0.060874,-0.868791,-0.491423],[0.146417,0.479237,-0.865386]],[[0.987348,-0.124632,0.098033],[-0.13343,-0.987055,0.0889833],[0.0856738,-0.100938,-0.991197]]],"btipPosition":[-6.36265,227.481,40.0439],"carpPosition":[-4.67903,271.106,73.6931],"dipPosition":[-4.76192,225.595,21.5244],"direction":[-0.146417,-0.479237,0.865386],"extended":false,"handId":506,"id":5063,"length":64.4285,"mcpPosition":[3.1296,280.867,12.3129],"pipPosition":[-0.705862,238.871,-2.44857],"stabilizedTipPosition":[-7.39829,216.081,-1.86784],"timeVisible":91.6741,"tipPosition":[-6.01151,227.419,36.6387],"tipVelocity":[42.7563,53.8648,-116.845],"tool":false,"touchDistance":0.333333,"touchZone":"none","type":3,"width":18.077},{"bases":[[[0.934066,-0.303149,0.188738],[0.247542,0.930602,0.269634],[-0.25738,-0.205136,0.944286]],[[0.943309,-0.295,0.152127],[0.24842,0.323528,-0.913026],[0.220126,0.899058,0.378471]],[[0.943309,-0.295,0.152127],[-0.172821,-0.827837,-0.533685],[0.283374,0.477139,-0.831888]],[[0.943309,-0.295,0.152127],[-0.300968,-0.953478,0.0172836],[0.139951,-0.0620891,-0.98821]]],"btipPosition":[7.17306,236.466,39.1814],"carpPosition":[7.98708,264.623,74.0141],"dipPosition":[9.58537,235.396,22.1478],"direction":[-0.283374,-0.477139,0.831888],"extended":false,"handId":506,"id":5064,"length":50.5107,"mcpPosition":[22.9113,276.518,19.2595],"pipPosition":[15.1278,244.728,5.87706],"stabilizedTipPosition":[7.30752,221.973,-5.88578],"timeVisible":91.6741,"tipPosition":[7.74519,236.285,35.4086],"tipVelocity":[33.1895,76.4166,-86.6005],"tool":false,"touchDistance":0.333333,"touchZone":"none","type":4,"width":16.0574}],"r":[[0.788752,0.00690537,0.614673],[0.575909,0.341337,-0.742844],[-0.21494,0.939916,0.265253]],"s":1.29568,"t":[-0.61114,7.06294,23.4236],"timestamp":97906147536},false],[4,{"currentFrameRate":103.579,"devices":[],"gestures":[],"hands":[{"armBasis":[[0.949166,0.262882,-0.173137],[-0.110496,0.793289,0.598734],[0.294744,-0.549167,0.782011]],"armWidth":63.72,"confidence":0.705274,"direction":[-0.010362,0.303921,-0.952641],"elbow":[72.3559,111.139,290.562],"grabStrength":0,"id":506,"palmNormal":[0.120572,-0.945361,-0.30291],"palmPosition":[-14.8303,270.842,26.4633],"palmVelocity":[3.50051,84.8556,-137.788],"palmWidth":90.99,"pinchStrength":0.746732,"r":[[0.785417,0.0122143,0.618847],[0.57683,0.34814,-0.738962],[-0.224472,0.937363,0.26639]],"s":1.29582,"sphereCenter":[-27.706,249.717,-3.06337],"sphereRadius":48.0906,"stabilizedPalmPosition":[-11.2788,257.974,-11.8128],"t":[-0.56322,8.14508,21.8283],"timeVisible":91.6837,"type":"right","wrist":[-7.22492,259.414,79.4191]}],"id":1808048,"interactionBox":{"center":[0,200,0],"size":[235.247,235.247,147.751]},"pointables":[{"bases":[[[0.289575,0.952345,0.0958436],[-0.848757,0.209203,0.48564],[0.442446,-0.221977,0.868889]],[[0.224533,0.974087,-0.0271974],[-0.964048,0.217975,-0.15198],[-0.142114,0.0603442,0.988009]],[[0.224533,0.974087,-0.0271974],[-0.791465,0.166013,-0.588238],[-0.568479,0.153604,0.808231]],[[0.224533,0.974087,-0.0271974],[-0.15137,0.00729322,-0.98845],[-0.962638,0.226057,0.149085]]],"btipPosition":[14.82,231.26,-1.72312],"carpPosition":[-34.1858,244.8,78.6422],"dipPosition":[-7.70922,236.551,1.76601],"direction":[0.568479,-0.153604,-0.808231],"extended":false,"handId":506,"id":5060,"length":52.1164,"mcpPosition":[-34.1858,244.8,78.6422],"pipPosition":[-27.0919,241.788,29.3231],"stabilizedTipPosition":[10.3954,216.831,-16.4051],"timeVisible":91.6837,"tipPosition":[10.0791,232.393,0.204176],"tipVelocity":[48.7146,120.108,-151.988],"tool":false,"touchDistance":0.117007,"touchZone":"hovering","type":0,"width":20.25},{"bases":[[[0.976819,0.167354,-0.133483],[-0.145477,0.976407,0.159581],[0.15704,-0.136463,0.978119]],[[0.988804,0.138075,0.0565876],[-0.148168,0.863508,0.482079],[0.0176994,-0.485066,0.874298]],[[0.988804,0.138075,0.0565876],[-0.148769,0.941685,0.301825],[-0.0116131,-0.306864,0.951683]],[[0.988804,0.138075,0.0565876],[-0.144473,0.980736,0.131469],[-0.0373449,-0.138172,0.989704]]],"btipPosition":[-40.0433,308.146,-74.8461],"carpPosition":[-28.6482,267.489,74.5879],"dipPosition":[-40.6813,305.785,-57.9364],"direction":[0.0116131,0.306864,-0.951683],"extended":true,"handId":506,"id":5061,"length":58.8075,"mcpPosition":[-40.2016,277.529,2.62812],"pipPosition":[-40.962,298.368,-34.9338],"stabilizedTipPosition":[-40.3676,304.451,-69.0031],"timeVisible":91.6837,"tipPosition":[-40.3035,308.181,-70.6285],"tipVelocity":[27.0185,114.176,-134.253],"tool":false,"touchDistance":0.18091,"touchZone":"hovering","type":1,"width":19.3428},{"bases":[[[0.999447,-0.0215432,-0.025344],[0.0252435,0.98741,0.156152],[0.0216609,-0.156706,0.987408]],[[0.999601,-0.0229575,-0.0164261],[-0.00810067,0.324133,-0.945977],[0.0270415,0.945733,0.323818]],[[0.999601,-0.0229575,-0.0164261],[-0.0280493,-0.873289,-0.486395],[-0.00317833,0.486662,-0.873585]],[[0.999601,-0.0229575,-0.0164261],[-0.021208,-0.994788,0.0997345],[-0.0186301,-0.0993464,-0.994878]]],"btipPosition":[-19.4641,224.646,31.6972],"carpPosition":[-17.0899,271.27,72.6574],"dipPosition":[-19.8142,222.779,13.0015],"direction":[0.00317833,-0.486662,0.873585],"extended":false,"handId":506,"id":5062,"length":67.0064,"mcpPosition":[-18.6012,282.203,3.76798],"pipPosition":[-19.9046,236.618,-11.8401],"stabilizedTipPosition":[-21.5206,213.17,-5.0492],"timeVisible":91.6837,"tipPosition":[-19.4824,224.552,28.2407],"tipVelocity":[46.7184,72.911,-173.93],"tool":false,"touchDistance":0.333333,"touchZone":"none","type":2,"width":18.9972},{"bases":[[[0.986975,-0.118742,0.108539],[0.0972626,0.977849,0.18534],[-0.128142,-0.172369,0.976662]],[[0.98802,-0.117285,0.100301],[0.133939,0.328849,-0.934836],[0.0766584,0.937071,0.340619]],[[0.98802,-0.117285,0.100301],[-0.0518239,-0.864349,-0.500216],[0.145363,0.489025,-0.860072]],[[0.98802,-0.117285,0.100301],[-0.125244,-0.989125,0.0771043],[0.090167,-0.0887426,-0.991965]]],"btipPosition":[-5.9767,229.065,37.6409],"carpPosition":[-4.86692,272.024,71.6782],"dipPosition":[-4.29202,227.407,19.1071],"direction":[-0.145363,-0.489025,0.860072],"extended":false,"handId":506,"id":5063,"length":64.4285,"mcpPosition":[3.15989,282.821,10.5],"pipPosition":[-0.265175,240.953,-4.71866],"stabilizedTipPosition":[-7.39753,216.086,-1.8531],"timeVisible":91.6837,"tipPosition":[-5.61443,228.973,34.0594],"tipVelocity":[42.6366,87.7296,-155.763],"tool":false,"touchDistance":0.333333,"touchZone":"none","type":3,"width":18.077},{"bases":[[[0.935782,-0.29782,0.188722],[0.237883,0.928381,0.285518],[-0.260238,-0.222289,0.939608]],[[0.945016,-0.289136,0.152791],[0.250548,0.339875,-0.906482],[0.210167,0.894922,0.39363]],[[0.945016,-0.289136,0.152791],[-0.162613,-0.820827,-0.54754],[0.283728,0.492588,-0.822712]],[[0.945016,-0.289136,0.152791],[-0.292659,-0.956217,0.000595242],[0.145929,-0.0452781,-0.988258]]],"btipPosition":[7.44869,238.041,36.6857],"carpPosition":[7.85477,265.65,71.9619],"dipPosition":[9.96404,237.261,19.6513],"direction":[-0.283728,-0.492588,0.822712],"extended":false,"handId":506,"id":5064,"length":50.5107,"mcpPosition":[22.9447,278.539,17.4785],"pipPosition":[15.5134,246.895,3.56006],"stabilizedTipPosition":[7.30912,222.008,-5.79943],"timeVisible":91.6837,"tipPosition":[8.04876,237.923,32.9114],"tipVelocity":[32.6356,103.927,-136.972],"tool":false,"touchDistance":0.333333,"touchZone":"none","type":4,"width":16.0574}],"r":[[0.785417,0.0122143,0.618847],[0.57683,0.34814,-0.738962],[-0.224472,0.937363,0.26639]],"s":1.29582,"t":[-0.56322,8.14508,21.8283],"timestamp":97906157107},false],[5,{"currentFrameRate":103.78,"devices":[],"gestures":[],"hands":[{"armBasis":[[0.950097,0.265126,-0.164387],[-0.117578,0.792444,0.598505],[0.288947,-0.54931,0.784072]],"armWidth":63.72,"confidence":0.672561,"direction":[-0.00871721,0.312064,-0.950021],"elbow":[70.6747,111.54,289.799],"grabStrength":0,"id":506,"palmNormal":[0.127063,-0.94201,-0.310598],"palmPosition":[-14.8234,271.695,25.2168],"palmVelocity":[2.7252,86.8767,-136.901],"palmWidth":90.99,"pinchStrength":0.743807,"r":[[0.782239,0.016258,0.622766],[0.577625,0.355511,-0.73482],[-0.233347,0.934531,0.268703]],"s":1.296,"sphereCenter":[-27.5237,250.811,-4.54154],"sphereRadius":48.1051,"stabilizedPalmPosition":[-11.2809,257.982,-11.7907],"t":[-0.535817,9.11221,20.4075],"timeVisible":91.693,"type":"right","wrist":[-7.34095,259.853,78.0994]}],"id":1808049,"interactionBox":{"center":[0,200,0],"size":[235.247,235.247,147.751]},"pointables":[{"bases":[[[0.283771,0.953117,0.105079],[-0.851662,0.200165,0.484361],[0.440619,-0.226939,0.868535]],[[0.219079,0.975542,-0.0179375],[-0.964805,0.213854,-0.153031],[-0.145452,0.0508319,0.988059]],[[0.219079,0.975542,-0.0179375],[-0.791237,0.166872,-0.588301],[-0.570919,0.143077,0.808443]],[[0.219079,0.975542,-0.0179375],[-0.151041,0.0157455,-0.988402],[-0.963946,0.219247,0.150797]]],"btipPosition":[15.0715,232.546,-3.31547],"carpPosition":[-34.2147,245.093,77.0996],"dipPosition":[-7.48832,237.678,0.213708],"direction":[0.570919,-0.143077,-0.808443],"extended":false,"handId":506,"id":5060,"length":52.1164,"mcpPosition":[-34.2147,245.093,77.0996],"pipPosition":[-26.9541,242.556,27.7781],"stabilizedTipPosition":[10.3938,216.881,-16.364],"timeVisible":91.693,"tipPosition":[10.3269,233.633,-1.3987],"tipVelocity":[42.4409,124.288,-157.335],"tool":false,"touchDistance":0.0906216,"touchZone":"hovering","type":0,"width":20.25},{"bases":[[[0.976312,0.174064,-0.128517],[-0.151636,0.974149,0.167453],[0.154342,-0.143998,0.977468]],[[0.987771,0.143126,0.0618405],[-0.154971,0.857689,0.490259],[0.0171291,-0.493847,0.86938]],[[0.987771,0.143126,0.0618405],[-0.155352,0.937139,0.312469],[-0.0132306,-0.318254,0.947913]],[[0.987771,0.143126,0.0618405],[-0.150733,0.97802,0.144073],[-0.0398606,-0.151632,0.987633]]],"btipPosition":[-39.8828,309.941,-75.7876],"carpPosition":[-28.7929,267.847,73.2607],"dipPosition":[-40.5639,307.351,-58.9133],"direction":[0.0132306,0.318254,-0.947913],"extended":true,"handId":506,"id":5061,"length":58.8075,"mcpPosition":[-40.1477,278.441,1.34882],"pipPosition":[-40.8836,299.658,-36.0018],"stabilizedTipPosition":[-40.3644,304.498,-69.0311],"timeVisible":91.693,"tipPosition":[-40.1521,309.807,-71.6202],"tipVelocity":[23.9939,134.995,-125.344],"tool":false,"touchDistance":0.165082,"touchZone":"hovering","type":1,"width":19.3428},{"bases":[[[0.999637,-0.0156269,-0.0219266],[0.0190295,0.986154,0.164734],[0.0190487,-0.165092,0.986094]],[[0.999771,-0.0171502,-0.0128227],[-0.0063481,0.334516,-0.942369],[0.0204512,0.942234,0.334331]],[[0.999771,-0.0171502,-0.0128227],[-0.0212528,-0.867993,-0.496122],[-0.00262138,0.49628,-0.868158]],[[0.999771,-0.0171502,-0.0128227],[-0.015935,-0.995858,0.0895174],[-0.0143048,-0.0892926,-0.995903]]],"btipPosition":[-19.221,225.378,29.8941],"carpPosition":[-17.2496,271.711,71.4045],"dipPosition":[-19.4898,223.7,11.1791],"direction":[0.00262138,-0.49628,0.868158],"extended":false,"handId":506,"id":5062,"length":67.0064,"mcpPosition":[-18.5786,283.229,2.60671],"pipPosition":[-19.5644,237.813,-13.5082],"stabilizedTipPosition":[-21.5189,213.179,-5.02607],"timeVisible":91.693,"tipPosition":[-19.225,225.32,26.4444],"tipVelocity":[41.5316,75.9627,-179.922],"tool":false,"touchDistance":0.333333,"touchZone":"none","type":2,"width":18.9972},{"bases":[[[0.987247,-0.114047,0.111069],[0.090998,0.976753,0.194097],[-0.130623,-0.181515,0.974674]],[[0.988337,-0.112477,0.102657],[0.13518,0.337635,-0.93152],[0.0701139,0.934533,0.348902]],[[0.988337,-0.112477,0.102657],[-0.0451592,-0.860287,-0.507806],[0.145431,0.497248,-0.855333]],[[0.988337,-0.112477,0.102657],[-0.119796,-0.990458,0.0681367],[0.0940138,-0.0796399,-0.99238]]],"btipPosition":[-5.76348,229.872,36.0695],"carpPosition":[-5.02776,272.543,70.4758],"dipPosition":[-4.00693,228.384,17.5279],"direction":[-0.145431,-0.497248,0.855333],"extended":false,"handId":506,"id":5063,"length":64.4285,"mcpPosition":[3.15446,283.913,9.42223],"pipPosition":[0.0218043,242.159,-6.16657],"stabilizedTipPosition":[-7.39647,216.093,-1.83554],"timeVisible":91.693,"tipPosition":[-5.39067,229.809,32.4765],"tipVelocity":[37.6249,88.7687,-159.747],"tool":false,"touchDistance":0.333333,"touchZone":"none","type":3,"width":18.077},{"bases":[[[0.936796,-0.294098,0.189523],[0.231543,0.927224,0.294352],[-0.262299,-0.231866,0.936717]],[[0.94592,-0.285254,0.154487],[0.252452,0.348223,-0.902779],[0.203726,0.892956,0.401404]],[[0.94592,-0.285254,0.154487],[-0.155967,-0.817472,-0.554449],[0.284447,0.500369,-0.817753]],[[0.94592,-0.285254,0.154487],[-0.287495,-0.957748,-0.00811933],[0.150275,-0.0367339,-0.987962]]],"btipPosition":[7.58132,238.956,35.2651],"carpPosition":[7.72917,266.239,70.7505],"dipPosition":[10.1716,238.323,18.2358],"direction":[-0.284447,-0.500369,0.817753],"extended":false,"handId":506,"id":5064,"length":50.5107,"mcpPosition":[22.9386,279.684,16.4348],"pipPosition":[15.735,248.109,2.24152],"stabilizedTipPosition":[7.31139,222.052,-5.70253],"timeVisible":91.693,"tipPosition":[8.20612,238.861,31.4771],"tipVelocity":[28.0097,103.51,-141.57],"tool":false,"touchDistance":0.333333,"touchZone":"none","type":4,"width":16.0574}],"r":[[0.782239,0.016258,0.622766],[0.577625,0.355511,-0.73482],[-0.233347,0.934531,0.268703]],"s":1.296,"t":[-0.535817,9.11221,20.4075],"timestamp":97906166365},false],[6,{"currentFrameRate":103.858,"devices":[],"gestures":[],"hands":[{"armBasis":[[0.949712,0.267449,-0.162844],[-0.120827,0.792795,0.597391],[0.288874,-0.547674,0.785242]],"armWidth":63.72,"confidence":0.67293,"direction":[-0.0103267,0.316159,-0.94865],"elbow":[70.8442,112.533,288.758],"grabStrength":0,"id":506,"palmNormal":[0.130725,-0.940132,-0.314743],"palmPosition":[-14.7015,272.446,23.9144],"palmVelocity":[5.63308,84.6804,-137.032],"palmWidth":90.99,"pinchStrength":0.738041,"r":[[0.779691,0.0195488,0.625859],[0.577857,0.3625,-0.731214],[-0.241168,0.931779,0.271342]],"s":1.29623,"sphereCenter":[-27.3595,251.682,-5.92771],"sphereRadius":48.1138,"stabilizedPalmPosition":[-11.2834,257.992,-11.7649],"t":[-0.461151,9.97137,19.0458],"timeVisible":91.7024,"type":"right","wrist":[-7.15168,260.405,76.7422]}],"id":1808050,"interactionBox":{"center":[0,200,0],"size":[235.247,235.247,147.751]},"pointables":[{"bases":[[[0.279983,0.953782,0.109127],[-0.852276,0.194634,0.485533],[0.441853,-0.228947,0.867381]],[[0.215188,0.976476,-0.0137087],[-0.965775,0.210706,-0.15127],[-0.144823,0.0457909,0.988397]],[[0.215188,0.976476,-0.0137087],[-0.792949,0.166515,-0.586093],[-0.570024,0.13699,0.810128]],[[0.215188,0.976476,-0.0137087],[-0.154278,0.0201305,-0.987822],[-0.964309,0.214682,0.154981]]],"btipPosition":[15.2664,233.56,-4.89955],"carpPosition":[-33.9664,245.541,75.6878],"dipPosition":[-7.30191,238.585,-1.27245],"direction":[0.570024,-0.13699,-0.810128],"extended":false,"handId":506,"id":5060,"length":52.1164,"mcpPosition":[-33.9664,245.541,75.6878],"pipPosition":[-26.7372,243.255,26.3493],"stabilizedTipPosition":[10.3927,216.945,-16.3197],"timeVisible":91.7024,"tipPosition":[10.5248,234.617,-2.9826],"tipVelocity":[36.102,118.565,-159.445],"tool":false,"touchDistance":0.0645957,"touchZone":"hovering","type":0,"width":20.25},{"bases":[[[0.975557,0.17854,-0.128108],[-0.155481,0.972794,0.171748],[0.155286,-0.147631,0.976776]],[[0.987198,0.14675,0.0624937],[-0.158342,0.854494,0.494741],[0.0192025,-0.498302,0.866791]],[[0.987198,0.14675,0.0624937],[-0.15907,0.934616,0.318104],[-0.011726,-0.323973,0.945994]],[[0.987198,0.14675,0.0624937],[-0.154681,0.97642,0.150594],[-0.0389204,-0.158333,0.986618]]],"btipPosition":[-39.9382,311.139,-76.8764],"carpPosition":[-28.6373,268.333,71.9461],"dipPosition":[-40.6032,308.433,-60.0194],"direction":[0.011726,0.323972,-0.945994],"extended":true,"handId":506,"id":5061,"length":58.8075,"mcpPosition":[-40.0617,279.195,0.0850788],"pipPosition":[-40.8866,300.603,-37.1543],"stabilizedTipPosition":[-40.3612,304.57,-69.0782],"timeVisible":91.7024,"tipPosition":[-40.2052,310.916,-72.7382],"tipVelocity":[15.5434,131.698,-122.446],"tool":false,"touchDistance":0.146869,"touchZone":"hovering","type":1,"width":19.3428},{"bases":[[[0.999684,-0.0115183,-0.0223529],[0.0151342,0.985496,0.16902],[0.0200819,-0.169305,0.985359]],[[0.999828,-0.0130995,-0.0131466],[-0.00794269,0.338195,-0.941043],[0.0167733,0.940985,0.338032]],[[0.999828,-0.0130995,-0.0131466],[-0.0179149,-0.866208,-0.499362],[-0.00484629,0.499511,-0.866294]],[[0.999828,-0.0130995,-0.0131466],[-0.0119254,-0.996247,0.085726],[-0.0142202,-0.0855545,-0.996232]]],"btipPosition":[-18.9149,226.111,28.4182],"carpPosition":[-17.1104,272.251,70.1026],"dipPosition":[-19.1821,224.503,9.69705],"direction":[0.00484629,-0.499511,0.866294],"extended":false,"handId":506,"id":5062,"length":67.0064,"mcpPosition":[-18.5114,284.063,1.35607],"pipPosition":[-19.3199,238.707,-14.9372],"stabilizedTipPosition":[-21.5168,213.189,-5.00233],"timeVisible":91.7024,"tipPosition":[-18.9196,226.052,24.9383],"tipVelocity":[38.8894,76.8187,-173.001],"tool":false,"touchDistance":0.333333,"touchZone":"none","type":2,"width":18.9972},{"bases":[[[0.987739,-0.110565,0.110217],[0.0871508,0.976256,0.198316],[-0.129527,-0.186279,0.973921]],[[0.988823,-0.108948,0.101778],[0.133493,0.342974,-0.929811],[0.0663938,0.933005,0.353684]],[[0.988823,-0.108948,0.101778],[-0.0417924,-0.857831,-0.512229],[0.143115,0.502251,-0.852797]],[[0.988823,-0.108948,0.101778],[-0.115735,-0.991259,0.0633344],[0.0939883,-0.0744058,-0.992789]]],"btipPosition":[-5.46581,230.596,34.5377],"carpPosition":[-4.89229,273.137,69.1731],"dipPosition":[-3.70973,229.205,15.9884],"direction":[-0.143115,-0.502251,0.852797],"extended":false,"handId":506,"id":5063,"length":64.4285,"mcpPosition":[3.22128,284.805,8.16671],"pipPosition":[0.254831,243.119,-7.63577],"stabilizedTipPosition":[-7.39498,216.102,-1.81508],"timeVisible":91.7024,"tipPosition":[-5.09455,230.55,30.9406],"tipVelocity":[35.8335,85.8798,-160.318],"tool":false,"touchDistance":0.333333,"touchZone":"none","type":3,"width":18.077},{"bases":[[[0.93804,-0.291158,0.187904],[0.227931,0.926856,0.298304],[-0.261014,-0.236992,0.935792]],[[0.946576,-0.282712,0.15514],[0.252177,0.34907,-0.902528],[0.201,0.893434,0.401715]],[[0.946576,-0.282712,0.15514],[-0.153207,-0.817569,-0.555076],[0.283764,0.501653,-0.817204]],[[0.946576,-0.282712,0.15514],[-0.284581,-0.958595,-0.0104989],[0.151685,-0.034212,-0.987837]]],"btipPosition":[7.753,239.811,33.9601],"carpPosition":[7.88994,266.882,69.4158],"dipPosition":[10.3676,239.222,16.9329],"direction":[-0.283764,-0.501653,0.817204],"extended":false,"handId":506,"id":5064,"length":50.5107,"mcpPosition":[23.0249,280.625,15.1537],"pipPosition":[15.9177,249.033,0.949405],"stabilizedTipPosition":[7.31455,222.106,-5.59425],"timeVisible":91.7024,"tipPosition":[8.4111,239.707,30.1084],"tipVelocity":[25.3371,99.9975,-140.425],"tool":false,"touchDistance":0.333333,"touchZone":"none","ty