{"sensorType":"Leap","data":[[0,{"currentFrameRate":105.971,"devices":[],"gestures":[{"center":[-47.0733,310.436,-34.073],"duration":0,"handIds":[506],"id":15,"normal":[-0.960062,-0.210398,-0.184426],"pointableIds":[5061],"progress":0.788299,"radius":8.07991,"state":"start","type":"circle"}],"hands":[{"armBasis":[[0.958386,0.224366,-0.176513],[-0.0748702,0.794211,0.603011],[0.275484,-0.564702,0.777959]],"armWidth":63.72,"confidence":0.700521,"direction":[0.0685339,0.183682,-0.980594],"elbow":[61.9831,122.065,295.047],"grabStrength":0,"id":506,"palmNormal":[0.0492768,-0.982328,-0.180563],"palmPosition":[-16.0793,279.935,30.6838],"palmVelocity":[45.992,47.3128,-260.543],"palmWidth":90.99,"pinchStrength":0.688996,"r":[[0.745555,0.0417766,0.665133],[0.64325,0.215903,-0.734586],[-0.174293,0.975521,0.134095]],"s":1.28336,"sphereCenter":[-58.3292,262.708,-1.24508],"sphereRadius":63.213,"stabilizedPalmPosition":[-12.5836,256.257,-5.32889],"t":[-2.12856,17.6827,27.1796],"timeVisible":94.8437,"type":"right","wrist":[-12.3975,274.534,84.9981]}],"id":1808376,"interactionBox":{"center":[0,200,0],"size":[235.247,235.247,147.751]},"pointables":[{"bases":[[[0.37026,0.928928,0.000887276],[-0.850705,0.338697,0.401976],[0.373106,-0.14959,0.91565]],[[0.314131,0.940732,-0.127846],[-0.931307,0.279193,-0.23392],[-0.184363,0.192545,0.963814]],[[0.314131,0.940732,-0.127846],[-0.895879,0.249161,-0.367857],[-0.314201,0.23009,0.921052]],[[0.314131,0.940732,-0.127846],[-0.532732,0.0632014,-0.843921],[-0.785824,0.333209,0.521011]]],"btipPosition":[-2.19925,237.017,-7.48234],"carpPosition":[-40.5062,262.272,84.2263],"dipPosition":[-20.5904,244.815,4.7112],"direction":[0.314201,-0.23009,-0.921052],"extended":false,"handId":506,"id":5060,"length":52.1164,"mcpPosition":[-40.5062,262.272,84.2263],"pipPosition":[-31.3032,252.66,36.115],"stabilizedTipPosition":[-3.34815,215.996,-14.9856],"timeVisible":94.8437,"tipPosition":[-6.2421,238.811,-4.45367],"tipVelocity":[73.6316,62.806,-267.442],"tool":false,"touchDistance":-0.383083,"touchZone":"hovering","type":0,"width":20.25},{"bases":[[[0.993792,0.0662761,-0.0893538],[-0.0635274,0.997426,0.0332662],[0.0913285,-0.0273833,0.995444]],[[0.997325,0.0622431,0.0383146],[-0.0730329,0.869443,0.488605],[-0.00290001,-0.490097,0.871663]],[[0.997325,0.0622431,0.0383146],[-0.071649,0.936156,0.344206],[-0.014444,-0.34603,0.938112]],[[0.997325,0.0622431,0.0383146],[-0.0687548,0.976792,0.202857],[-0.0247989,-0.204948,0.978459]]],"btipPosition":[-38.5214,318.671,-72.1952],"carpPosition":[-32.6998,283.735,77.8801],"dipPosition":[-38.9451,315.169,-55.4777],"direction":[0.014444,0.34603,-0.938112],"extended":true,"handId":506,"id":5061,"length":58.8075,"mcpPosition":[-39.4188,285.749,4.64563],"pipPosition":[-39.2942,306.805,-32.8031],"stabilizedTipPosition":[-33.897,299.413,-89.8562],"timeVisible":94.8437,"tipPosition":[-38.255,317.402,-68.4657],"tipVelocity":[68.71,86.9705,-251.806],"tool":false,"touchDistance":-0.377114,"touchZone":"hovering","type":1,"width":19.3428},{"bases":[[[0.993166,-0.109047,0.0416028],[0.10742,0.993428,0.0395277],[-0.0456397,-0.0347885,0.998352]],[[0.992817,-0.109291,0.0486875],[0.0878563,0.389705,-0.916739],[0.0812178,0.914432,0.396508]],[[0.992817,-0.109291,0.0486875],[-0.0548582,-0.777454,-0.626543],[0.106328,0.619371,-0.777865]],[[0.992817,-0.109291,0.0486875],[-0.10719,-0.99327,-0.0438634],[0.0531538,0.0383295,-0.99785]]],"btipPosition":[-25.5095,226.274,28.3683],"carpPosition":[-20.7565,286.256,76.2619],"dipPosition":[-24.5106,226.995,9.61672],"direction":[-0.106328,-0.619371,0.777865],"extended":false,"handId":506,"id":5062,"length":67.0064,"mcpPosition":[-17.5723,288.683,6.60888],"pipPosition":[-21.487,244.607,-12.503],"stabilizedTipPosition":[-23.4039,207.018,-4.83127],"timeVisible":94.8437,"tipPosition":[-25.2928,226.985,25.7188],"tipVelocity":[57.0607,32.658,-344.73],"tool":false,"touchDistance":0.333333,"touchZone":"none","type":2,"width":18.9972},{"bases":[[[0.964682,-0.187554,0.184966],[0.176593,0.981483,0.0742041],[-0.195458,-0.0389196,0.979939]],[[0.967703,-0.186904,0.169167],[0.230316,0.382655,-0.894723],[0.102494,0.904788,0.413343]],[[0.967703,-0.186904,0.169167],[-0.0375946,-0.770544,-0.636277],[0.249273,0.609367,-0.752685]],[[0.967703,-0.186904,0.169167],[-0.177368,-0.981655,-0.0699613],[0.17914,0.037697,-0.983101]]],"btipPosition":[-11.0694,230.273,35.3547],"carpPosition":[-8.48109,285.846,75.987],"dipPosition":[-7.72235,230.978,16.9865],"direction":[-0.249273,-0.609367,0.752685],"extended":false,"handId":506,"id":5063,"length":64.4285,"mcpPosition":[3.76242,288.284,14.6036],"pipPosition":[-0.816982,247.858,-3.86439],"stabilizedTipPosition":[-9.68113,210.467,0.816083],"timeVisible":94.8437,"tipPosition":[-10.4402,230.942,32.5926],"tipVelocity":[57.0634,39.4459,-309.647],"tool":false,"touchDistance":0.333333,"touchZone":"none","type":3,"width":18.077},{"bases":[[[0.893048,-0.350372,0.28232],[0.30652,0.933043,0.188352],[-0.32941,-0.0816704,0.940648]],[[0.911161,-0.344857,0.22552],[0.350061,0.359148,-0.865142],[0.217355,0.867229,0.447963]],[[0.911161,-0.344857,0.22552],[-0.116562,-0.740677,-0.661673],[0.39522,0.576603,-0.715073]],[[0.911161,-0.344857,0.22552],[-0.320843,-0.937196,-0.136833],[0.258544,0.0523201,-0.964581]]],"btipPosition":[2.79698,240.393,38.0681],"carpPosition":[3.56808,278.501,77.8391],"dipPosition":[7.25346,241.295,21.4419],"direction":[-0.39522,-0.576603,0.715073],"extended":false,"handId":506,"id":5064,"length":50.5107,"mcpPosition":[22.669,283.237,23.2955],"pipPosition":[14.9835,252.573,7.45588],"stabilizedTipPosition":[5.54038,216.785,-2.34802],"timeVisible":94.8437,"tipPosition":[3.61301,241.012,35.39],"tipVelocity":[57.6411,42.682,-291.569],"tool":false,"touchDistance":0.333333,"touchZone":"none","type":4,"width":16.0574}],"r":[[0.745555,0.0417766,0.665133],[0.64325,0.215903,-0.734586],[-0.174293,0.975521,0.134095]],"s":1.28336,"t":[-2.12856,17.6827,27.1796],"timestamp":97909317109},false],[1,{"currentFrameRate":105.963,"devices":[],"gestures":[{"center":[-47.0733,310.436,-34.073],"duration":0,"handIds":[506],"id":15,"normal":[-0.960062,-0.210398,-0.184426],"pointableIds":[5061],"progress":0.788299,"radius":8.07991,"state":"start","type":"circle"}],"hands":[{"armBasis":[[0.961807,0.211291,-0.174023],[-0.0674483,0.799081,0.597429],[0.26529,-0.562873,0.782812]],"armWidth":63.72,"confidence":0.699,"direction":[0.0687984,0.186992,-0.979949],"elbow":[59.2277,122.769,294.57],"grabStrength":0,"id":506,"palmNormal":[0.0413638,-0.981967,-0.184473],"palmPosition":[-16.1049,280.388,28.9225],"palmVelocity":[32.057,47.4747,-239.316],"palmWidth":90.99,"pinchStrength":0.697149,"r":[[0.743852,0.0410605,0.667082],[0.644796,0.218526,-0.732451],[-0.175849,0.974967,0.136075]],"s":1.28172,"sphereCenter":[-58.5569,263.606,-3.0598],"sphereRadius":63.229,"stabilizedPalmPosition":[-12.5841,256.261,-5.3237],"t":[-1.95922,18.2276,24.9359],"timeVisible":94.8532,"type":"right","wrist":[-12.4006,274.745,83.2106]}],"id":1808377,"interactionBox":{"center":[0,200,0],"size":[235.247,235.247,147.751]},"pointables":[{"bases":[[[0.377527,0.92599,0.00407525],[-0.847545,0.343765,0.404344],[0.373017,-0.156104,0.914598]],[[0.321414,0.938735,-0.124378],[-0.929266,0.287425,-0.23206],[-0.182093,0.190168,0.964717]],[[0.321414,0.938735,-0.124378],[-0.894231,0.257684,-0.36599],[-0.311518,0.228857,0.92227]],[[0.321414,0.938735,-0.124378],[-0.532472,0.0705527,-0.843502],[-0.78305,0.337341,0.522526]]],"btipPosition":[-2.56811,237.515,-9.40547],"carpPosition":[-40.6053,262.706,82.4252],"dipPosition":[-20.8943,245.41,2.82353],"direction":[0.311518,-0.228857,-0.92227],"extended":false,"handId":506,"id":5060,"length":52.1164,"mcpPosition":[-40.6053,262.706,82.4252],"pipPosition":[-31.5157,253.213,34.2689],"stabilizedTipPosition":[-3.35416,216.036,-14.9709],"timeVisible":94.8532,"tipPosition":[-6.61537,239.328,-6.38267],"tipVelocity":[41.8451,60.5844,-248.893],"tool":false,"touchDistance":-0.401833,"touchZone":"hovering","type":0,"width":20.25},{"bases":[[[0.994174,0.0588441,-0.0903119],[-0.0556717,0.997754,0.0372544],[0.0923012,-0.0320095,0.995216]],[[0.997828,0.054282,0.0373311],[-0.0656325,0.868128,0.491982],[-0.00570245,-0.493363,0.869805]],[[0.997828,0.054282,0.0373311],[-0.0639003,0.935325,0.347971],[-0.0160282,-0.349601,0.936762]],[[0.997828,0.054282,0.0373311],[-0.060861,0.976464,0.206916],[-0.0252207,-0.208738,0.977646]]],"btipPosition":[-38.3659,319.699,-73.7785],"carpPosition":[-32.6386,284.132,76.1536],"dipPosition":[-38.7968,316.133,-57.0749],"direction":[0.0160282,0.349601,-0.936762],"extended":true,"handId":506,"id":5061,"length":58.8075,"mcpPosition":[-39.4292,286.487,2.93594],"pipPosition":[-39.1842,307.683,-34.433],"stabilizedTipPosition":[-33.9007,299.429,-89.8401],"timeVisible":94.8532,"tipPosition":[-38.1079,318.419,-70.0525],"tipVelocity":[53.7058,92.7804,-227.786],"tool":false,"touchDistance":-0.391534,"touchZone":"hovering","type":1,"width":19.3428},{"bases":[[[0.99233,-0.116982,0.039957],[0.115247,0.992393,0.0432905],[-0.0447173,-0.0383535,0.998263]],[[0.991983,-0.117255,0.0471352],[0.0905601,0.399413,-0.912287],[0.0881439,0.909242,0.406829]],[[0.991983,-0.117255,0.0471352],[-0.0607913,-0.769742,-0.635454],[0.110792,0.627493,-0.770699]],[[0.991983,-0.117255,0.0471352],[-0.114744,-0.991988,-0.0528534],[0.0529549,0.0470212,-0.997489]]],"btipPosition":[-25.9523,226.689,25.9353],"carpPosition":[-20.6779,286.566,74.5307],"dipPosition":[-24.9572,227.572,7.19044],"direction":[-0.110792,-0.627493,0.770699],"extended":false,"handId":506,"id":5062,"length":67.0064,"mcpPosition":[-17.5581,289.242,4.88388],"pipPosition":[-21.8066,245.416,-14.7255],"stabilizedTipPosition":[-23.4042,207.02,-4.82853],"timeVisible":94.8532,"tipPosition":[-25.7317,227.414,23.2776],"tipVelocity":[27.2989,36.9949,-319.704],"tool":false,"touchDistance":0.333333,"touchZone":"none","type":2,"width":18.9972},{"bases":[[[0.963403,-0.195827,0.183046],[0.184365,0.979771,0.077835],[-0.194586,-0.0412391,0.980018]],[[0.966346,-0.195154,0.167603],[0.232894,0.386996,-0.892185],[0.109252,0.901193,0.419423]],[[0.966346,-0.195154,0.167603],[-0.0434329,-0.765947,-0.641435],[0.253553,0.612569,-0.748646]],[[0.966346,-0.195154,0.167603],[-0.184793,-0.979874,-0.0754911],[0.178962,0.0419787,-0.98296]]],"btipPosition":[-11.4666,230.625,33.2158],"carpPosition":[-8.40643,286.061,74.2392],"dipPosition":[-8.12283,231.41,14.8502],"direction":[-0.253553,-0.612569,0.748646],"extended":false,"handId":506,"id":5063,"length":64.4285,"mcpPosition":[3.78242,288.644,12.8508],"pipPosition":[-1.0989,248.379,-5.8888],"stabilizedTipPosition":[-9.68125,210.469,0.819427],"timeVisible":94.8532,"tipPosition":[-10.8295,231.294,30.4372],"tipVelocity":[28.6858,39.3729,-285.783],"tool":false,"touchDistance":0.333333,"touchZone":"none","type":3,"width":18.077},{"bases":[[[0.890613,-0.35846,0.279849],[0.314045,0.929867,0.191632],[-0.328915,-0.0827851,0.940724]],[[0.908747,-0.352846,0.222887],[0.351697,0.359915,-0.864158],[0.224694,0.86369,0.451167]],[[0.908747,-0.352846,0.222887],[-0.123234,-0.737106,-0.664445],[0.398738,0.576345,-0.713326]],[[0.908747,-0.352846,0.222887],[-0.328347,-0.934117,-0.140048],[0.257618,0.0540841,-0.964732]]],"btipPosition":[2.47488,240.671,36.1274],"carpPosition":[3.58704,278.615,76.0477],"dipPosition":[6.91538,241.603,19.4985],"direction":[-0.398738,-0.576345,0.713326],"extended":false,"handId":506,"id":5064,"length":50.5107,"mcpPosition":[22.6592,283.415,21.4996],"pipPosition":[14.7142,252.876,5.54673],"stabilizedTipPosition":[5.53984,216.791,-2.33888],"timeVisible":94.8532,"tipPosition":[3.29275,241.288,33.4363],"tipVelocity":[31.2827,39.0915,-266.914],"tool":false,"touchDistance":0.333333,"touchZone":"none","type":4,"width":16.0574}],"r":[[0.743852,0.0410605,0.667082],[0.644796,0.218526,-0.732451],[-0.175849,0.974967,0.136075]],"s":1.28172,"t":[-1.95922,18.2276,24.9359],"timestamp":97909326560},false],[2,{"currentFrameRate":105.918,"devices":[],"gestures":[{"center":[-47.0733,310.436,-34.073],"duration":0,"handIds":[506],"id":15,"normal":[-0.960062,-0.210398,-0.184426],"pointableIds":[5061],"progress":0.788299,"radius":8.07991,"state":"start","type":"circle"}],"hands":[{"armBasis":[[0.96416,0.203393,-0.170374],[-0.0650494,0.80375,0.5914],[0.257224,-0.559121,0.788174]],"armWidth":63.72,"confidence":0.683111,"direction":[0.0672169,0.199878,-0.977513],"elbow":[57.2486,123.825,294.234],"grabStrength":0,"id":506,"palmNormal":[0.0404728,-0.979468,-0.197495],"palmPosition":[-15.9966,281.149,27.2242],"palmVelocity":[26.0979,56.8322,-221.749],"palmWidth":90.99,"pinchStrength":0.69693,"r":[[0.742724,0.0386374,0.668483],[0.645796,0.222481,-0.730377],[-0.176944,0.974171,0.14029]],"s":1.28044,"sphereCenter":[-58.5216,264.802,-4.90553],"sphereRadius":63.2366,"stabilizedPalmPosition":[-12.5846,256.264,-5.3194],"t":[-1.82042,18.8809,22.9649],"timeVisible":94.8627,"type":"right","wrist":[-12.2019,274.788,81.4265]}],"id":1808378,"interactionBox":{"center":[0,200,0],"size":[235.247,235.247,147.751]},"pointables":[{"bases":[[[0.378073,0.925644,0.0156479],[-0.846645,0.33887,0.410315],[0.374503,-0.168377,0.911809]],[[0.321842,0.940107,-0.112324],[-0.929377,0.29104,-0.227054],[-0.180764,0.177467,0.967383]],[[0.321842,0.940107,-0.112324],[-0.894593,0.263102,-0.361221],[-0.310033,0.21674,0.925691]],[[0.321842,0.940107,-0.112324],[-0.533057,0.0818748,-0.842109],[-0.782476,0.330901,0.527481]]],"btipPosition":[-2.50821,238.783,-11.6653],"carpPosition":[-40.415,262.776,80.5311],"dipPosition":[-20.821,246.527,0.679689],"direction":[0.310033,-0.21674,-0.925691],"extended":false,"handId":506,"id":5060,"length":52.1164,"mcpPosition":[-40.415,262.776,80.5311],"pipPosition":[-31.3917,253.917,32.2417],"stabilizedTipPosition":[-3.3591,216.073,-14.9618],"timeVisible":94.8627,"tipPosition":[-6.57272,240.557,-8.63031],"tipVelocity":[31.6979,80.4383,-244.74],"tool":false,"touchDistance":-0.42348,"touchZone":"hovering","type":0,"width":20.25},{"bases":[[[0.99405,0.0594744,-0.0912493],[-0.0550255,0.997206,0.0505222],[0.0939991,-0.0452006,0.994546]],[[0.997922,0.053225,0.0363167],[-0.0642774,0.861645,0.503424],[-0.00449733,-0.504712,0.863276]],[[0.997922,0.053225,0.0363167],[-0.0627564,0.930642,0.360509],[-0.0146097,-0.362039,0.932048]],[[0.997922,0.053225,0.0363167],[-0.0599423,0.973609,0.220211],[-0.0236375,-0.22193,0.974776]]],"btipPosition":[-38.412,321.83,-74.9102],"carpPosition":[-32.4467,284.279,74.5292],"dipPosition":[-38.8158,318.038,-58.2555],"direction":[0.0146097,0.362039,-0.932048],"extended":true,"handId":506,"id":5061,"length":58.8075,"mcpPosition":[-39.3622,287.604,1.36086],"pipPosition":[-39.1689,309.288,-35.7275],"stabilizedTipPosition":[-33.9059,299.453,-89.8192],"timeVisible":94.8627,"tipPosition":[-38.1509,320.501,-71.201],"tipVelocity":[37.0323,128.93,-196.743],"tool":false,"touchDistance":-0.397857,"touchZone":"hovering","type":1,"width":19.3428},{"bases":[[[0.992329,-0.118056,0.0366895],[0.1159,0.99167,0.0561909],[-0.0430176,-0.0515076,0.997746]],[[0.991993,-0.118424,0.0438829],[0.0892325,0.41133,-0.907108],[0.089373,0.903761,0.418604]],[[0.991993,-0.118424,0.0438829],[-0.0623309,-0.761285,-0.645415],[0.10984,0.637512,-0.762571]],[[0.991993,-0.118424,0.0438829],[-0.115416,-0.991142,-0.065708],[0.0512756,0.0601171,-0.996873]]],"btipPosition":[-25.881,227.501,23.5482],"carpPosition":[-20.4874,286.727,72.9178],"dipPosition":[-24.9174,228.631,4.81499],"direction":[-0.10984,-0.637512,0.762571],"extended":false,"handId":506,"id":5062,"length":67.0064,"mcpPosition":[-17.4861,290.321,3.30711],"pipPosition":[-21.7939,246.759,-16.8698],"stabilizedTipPosition":[-23.4044,207.022,-4.82658],"timeVisible":94.8627,"tipPosition":[-25.6643,228.256,20.8835],"tipVelocity":[21.3743,52.6156,-299.73],"tool":false,"touchDistance":0.333333,"touchZone":"none","type":2,"width":18.9972},{"bases":[[[0.963603,-0.198767,0.178775],[0.185071,0.978554,0.090446],[-0.192919,-0.054068,0.979724]],[[0.966492,-0.197901,0.163491],[0.231633,0.397854,-0.887727],[0.110636,0.89585,0.430363]],[[0.966492,-0.197901,0.163491],[-0.045097,-0.757897,-0.650814],[0.252706,0.621633,-0.741426]],[[0.966492,-0.197901,0.163491],[-0.185584,-0.978715,-0.0876049],[0.177349,0.0543279,-0.982647]]],"btipPosition":[-11.3895,231.344,30.8988],"carpPosition":[-8.2167,286.219,72.5984],"dipPosition":[-8.07589,232.359,12.539],"direction":[-0.252706,-0.621633,0.741426],"extended":false,"handId":506,"id":5063,"length":64.4285,"mcpPosition":[3.86773,289.606,11.2285],"pipPosition":[-1.07543,249.58,-7.99994],"stabilizedTipPosition":[-9.68134,210.471,0.821862],"timeVisible":94.8627,"tipPosition":[-10.7493,232.03,28.0687],"tipVelocity":[22.5453,51.3759,-273.501],"tool":false,"touchDistance":0.333333,"touchZone":"none","type":3,"width":18.077},{"bases":[[[0.890885,-0.362624,0.273548],[0.314917,0.927079,0.20335],[-0.32734,-0.0950161,0.940117]],[[0.909353,-0.356084,0.215133],[0.35039,0.376748,-0.857489],[0.224287,0.85514,0.467365]],[[0.909353,-0.356084,0.215133],[-0.123377,-0.724673,-0.677958],[0.397311,0.589961,-0.702915]],[[0.909353,-0.356084,0.215133],[-0.328228,-0.931809,-0.154917],[0.255626,0.0702612,-0.964219]]],"btipPosition":[2.64867,241.266,33.6174],"carpPosition":[3.77552,278.743,74.2877],"dipPosition":[7.05484,242.477,16.9973],"direction":[-0.397311,-0.589961,0.702915],"extended":false,"handId":506,"id":5064,"length":50.5107,"mcpPosition":[22.7564,284.253,19.7748],"pipPosition":[14.8258,254.016,3.24913],"stabilizedTipPosition":[5.53946,216.796,-2.33238],"timeVisible":94.8627,"tipPosition":[3.44775,241.927,30.9451],"tipVelocity":[27.2895,47.7589,-265.884],"tool":false,"touchDistance":0.333333,"touchZone":"none","type":4,"width":16.0574}],"r":[[0.742724,0.0386374,0.668483],[0.645796,0.222481,-0.730377],[-0.176944,0.974171,0.14029]],"s":1.28044,"t":[-1.82042,18.8809,22.9649],"timestamp":97909336084},false],[3,{"currentFrameRate":105.912,"devices":[],"gestures":[{"center":[-47.0733,310.436,-34.073],"duration":0,"handIds":[506],"id":15,"normal":[-0.960062,-0.210398,-0.184426],"pointableIds":[5061],"progress":0.788299,"radius":8.07991,"state":"start","type":"circle"}],"hands":[{"armBasis":[[0.963547,0.204299,-0.172739],[-0.0644764,0.803954,0.591185],[0.259653,-0.558498,0.78782]],"armWidth":63.72,"confidence":0.690249,"direction":[0.0669723,0.19817,-0.977877],"elbow":[57.8778,124.48,292.74],"grabStrength":0,"id":506,"palmNormal":[0.0398862,-0.979826,-0.195833],"palmPosition":[-16.0392,281.546,25.8163],"palmVelocity":[17.3388,52.5625,-200.903],"palmWidth":90.99,"pinchStrength":0.701638,"r":[[0.741872,0.0368437,0.669528],[0.646563,0.22532,-0.728825],[-0.177711,0.973588,0.143337]],"s":1.27944,"sphereCenter":[-58.6143,265.158,-6.2914],"sphereRadius":63.2568,"stabilizedPalmPosition":[-12.585,256.267,-5.31591],"t":[-1.77231,19.4057,21.2755],"timeVisible":94.8721,"type":"right","wrist":[-12.2285,275.275,80.0281]}],"id":1808379,"interactionBox":{"center":[0,200,0],"size":[235.247,235.247,147.751]},"pointables":[{"bases":[[[0.378566,0.925469,0.013929],[-0.84632,0.340018,0.410037],[0.374741,-0.167015,0.911962]],[[0.322354,0.939739,-0.113925],[-0.929238,0.291178,-0.227448],[-0.180569,0.179183,0.967103]],[[0.322354,0.939739,-0.113925],[-0.894574,0.263061,-0.361297],[-0.309555,0.21838,0.925465]],[[0.322354,0.939739,-0.113925],[-0.533003,0.0807262,-0.842254],[-0.782302,0.332227,0.526906]]],"btipPosition":[-2.57149,239.111,-12.998],"carpPosition":[-40.4482,263.276,79.1633],"dipPosition":[-20.8802,246.886,-0.666466],"direction":[0.309555,-0.21838,-0.925465],"extended":false,"handId":506,"id":5060,"length":52.1164,"mcpPosition":[-40.4482,263.276,79.1633],"pipPosition":[-31.4346,254.332,30.8878],"stabilizedTipPosition":[-3.36315,216.102,-14.9562],"timeVisible":94.8721,"tipPosition":[-6.64347,240.891,-9.9721],"tipVelocity":[20.7373,67.5545,-215.13],"tool":false,"touchDistance":-0.429502,"touchZone":"hovering","type":0,"width":20.25},{"bases":[[[0.994049,0.0587939,-0.0917058],[-0.0544821,0.99732,0.0488355],[0.0943313,-0.0435485,0.994588]],[[0.997963,0.0527605,0.0358757],[-0.0636457,0.862601,0.501866],[-0.00446775,-0.503126,0.864201]],[[0.997963,0.0527605,0.0358757],[-0.0621398,0.931273,0.358983],[-0.01447,-0.360481,0.932654]],[[0.997963,0.0527605,0.0358757],[-0.0593566,0.973969,0.218772],[-0.0233993,-0.220456,0.975116]]],"btipPosition":[-38.4691,322.063,-76.3809],"carpPosition":[-32.4707,284.765,73.1217],"dipPosition":[-38.8689,318.297,-59.7205],"direction":[0.01447,0.360481,-0.932654],"extended":true,"handId":506,"id":5061,"length":58.8075,"mcpPosition":[-39.4106,287.968,-0.0496921],"pipPosition":[-39.2186,309.584,-37.1779],"stabilizedTipPosition":[-33.9114,299.479,-89.7985],"timeVisible":94.8721,"tipPosition":[-38.2097,320.743,-72.6684],"tipVelocity":[24.7305,99.2668,-184.918],"tool":false,"touchDistance":-0.408446,"touchZone":"hovering","type":1,"width":19.3428},{"bases":[[[0.99228,-0.118516,0.0365372],[0.116442,0.991704,0.0544526],[-0.0426876,-0.0497777,0.997848]],[[0.991931,-0.118886,0.0440227],[0.0897969,0.413758,-0.905948],[0.08949,0.902591,0.421095]],[[0.991931,-0.118886,0.0440227],[-0.0621485,-0.758673,-0.6485],[0.110497,0.640532,-0.75994]],[[0.991931,-0.118886,0.0440227],[-0.115704,-0.990892,-0.068887],[0.0518115,0.0632376,-0.996653]]],"btipPosition":[-25.9616,227.769,21.9262],"carpPosition":[-20.5106,287.204,71.5019],"dipPosition":[-24.988,228.957,3.19712],"direction":[-0.110497,-0.640532,0.75994],"extended":false,"handId":506,"id":5062,"length":67.0064,"mcpPosition":[-17.5324,290.677,1.8841],"pipPosition":[-21.8459,247.172,-18.4128],"stabilizedTipPosition":[-23.4045,207.023,-4.82519],"timeVisible":94.8721,"tipPosition":[-25.7388,228.543,19.2431],"tipVelocity":[12.8836,46.0764,-263.017],"tool":false,"touchDistance":0.333333,"touchZone":"none","type":2,"width":18.9972},{"bases":[[[0.963562,-0.198969,0.178771],[0.185619,0.97861,0.0887053],[-0.192597,-0.0522899,0.979884]],[[0.96641,-0.198141,0.163681],[0.231823,0.397131,-0.888],[0.110947,0.896118,0.429725]],[[0.96641,-0.198141,0.163681],[-0.0453253,-0.758296,-0.650333],[0.252976,0.621069,-0.741806]],[[0.96641,-0.198141,0.163681],[-0.185985,-0.978722,-0.0866774],[0.177372,0.0533238,-0.982698]]],"btipPosition":[-11.4551,231.725,29.5093],"carpPosition":[-8.24037,286.689,71.179],"dipPosition":[-8.14112,232.721,11.1486],"direction":[-0.252976,-0.621069,0.741806],"extended":false,"handId":506,"id":5063,"length":64.4285,"mcpPosition":[3.82388,289.964,9.79907],"pipPosition":[-1.13318,249.926,-9.40089],"stabilizedTipPosition":[-9.68141,210.473,0.82369],"timeVisible":94.8721,"tipPosition":[-10.8109,232.399,26.6538],"tipVelocity":[14.1069,48.0699,-237.291],"tool":false,"touchDistance":0.333333,"touchZone":"none","type":3,"width":18.077},{"bases":[[[0.890792,-0.362625,0.27385],[0.315478,0.92726,0.20165],[-0.327053,-0.0932349,0.940395]],[[0.909314,-0.356164,0.215164],[0.349846,0.374408,-0.858735],[0.225292,0.856134,0.465057]],[[0.909314,-0.356164,0.215164],[-0.124547,-0.726335,-0.675962],[0.397035,0.587864,-0.704826]],[[0.909314,-0.356164,0.215164],[-0.328968,-0.931959,-0.15242],[0.254811,0.0678158,-0.96461]]],"btipPosition":[2.58899,241.677,32.3161],"carpPosition":[3.74852,279.21,72.8768],"dipPosition":[6.98111,242.846,15.6893],"direction":[-0.397035,-0.587864,0.704826],"extended":false,"handId":506,"id":5064,"length":50.5107,"mcpPosition":[22.7128,284.616,18.3478],"pipPosition":[14.7466,254.344,1.90372],"stabilizedTipPosition":[5.53916,216.8,-2.32758],"timeVisible":94.8721,"tipPosition":[3.39139,242.316,29.5942],"tipVelocity":[17.5737,46.2421,-229.225],"tool":false,"touchDistance":0.333333,"touchZone":"none","type":4,"width":16.0574}],"r":[[0.741872,0.0368437,0.669528],[0.646563,0.22532,-0.728825],[-0.177711,0.973588,0.143337]],"s":1.27944,"t":[-1.77231,19.4057,21.2755],"timestamp":97909345538},false],[4,{"currentFrameRate":105.797,"devices":[],"gestures":[{"center":[-47.0733,310.436,-34.073],"duration":0,"handIds":[506],"id":15,"normal":[-0.960062,-0.210398,-0.184426],"pointableIds":[5061],"progress":0.788299,"radius":8.07991,"state":"start","type":"circle"}],"hands":[{"armBasis":[[0.963813,0.201663,-0.174346],[-0.061326,0.804201,0.591186],[0.25943,-0.5591,0.787466]],"armWidth":63.72,"confidence":0.696953,"direction":[0.0635825,0.1952,-0.9787],"elbow":[58.0032,124.905,291.515],"grabStrength":0,"id":506,"palmNormal":[0.0378704,-0.98045,-0.193089],"palmPosition":[-16.0476,281.978,24.6838],"palmVelocity":[12.0305,50.2867,-176.501],"palmWidth":90.99,"pinchStrength":0.705894,"r":[[0.7417,0.0356049,0.669786],[0.646693,0.226987,-0.728193],[-0.17796,0.973247,0.145331]],"s":1.27883,"sphereCenter":[-58.7745,265.547,-7.22385],"sphereRadius":63.2662,"stabilizedPalmPosition":[-12.5853,256.27,-5.31289],"t":[-1.75245,19.8843,19.8645],"timeVisible":94.8818,"type":"right","wrist":[-12.0428,275.862,78.8993]}],"id":1808380,"interactionBox":{"center":[0,200,0],"size":[235.247,235.247,147.751]},"pointables":[{"bases":[[[0.379829,0.925005,0.00978776],[-0.844337,0.342343,0.412184],[0.377922,-0.164824,0.911048]],[[0.323182,0.93897,-0.117848],[-0.929668,0.291749,-0.224943],[-0.176833,0.182257,0.967219]],[[0.323182,0.93897,-0.117848],[-0.895587,0.263237,-0.358651],[-0.305741,0.221452,0.926003]],[[0.323182,0.93897,-0.117848],[-0.535772,0.0788964,-0.840669],[-0.780065,0.334829,0.528572]]],"btipPosition":[-2.77347,239.414,-14.0493],"carpPosition":[-40.2813,263.898,78.1751],"dipPosition":[-21.0298,247.25,-1.67882],"direction":[0.305741,-0.221452,-0.926003],"extended":false,"handId":506,"id":5060,"length":52.1164,"mcpPosition":[-40.2813,263.898,78.1751],"pipPosition":[-31.4542,254.8,29.8938],"stabilizedTipPosition":[-3.36662,216.126,-14.9526],"timeVisible":94.8818,"tipPosition":[-6.83693,241.207,-11.0191],"tipVelocity":[8.9611,57.4194,-183.861],"tool":false,"touchDistance":-0.430521,"touchZone":"hovering","type":0,"width":20.25},{"bases":[[[0.993776,0.0572093,-0.0955838],[-0.0529918,0.99753,0.0460962],[0.0979849,-0.0407441,0.994353]],[[0.998156,0.0515437,0.0320558],[-0.0606662,0.864438,0.499066],[-0.00198657,-0.50009,0.865971]],[[0.998156,0.0515437,0.0320558],[-0.0595954,0.932434,0.356392],[-0.0115202,-0.357645,0.933787]],[[0.998156,0.0515437,0.0320558],[-0.0572803,0.974601,0.216501],[-0.0200824,-0.217938,0.975756]]],"btipPosition":[-38.8,322.209,-77.5593],"carpPosition":[-32.2982,285.358,72.0405],"dipPosition":[-39.1431,318.485,-60.8879],"direction":[0.0115202,0.357645,-0.933787],"extended":true,"handId":506,"id":5061,"length":58.8075,"mcpPosition":[-39.5069,288.356,-1.11373],"pipPosition":[-39.4216,309.841,-38.3179],"stabilizedTipPosition":[-33.9171,299.504,-89.7802],"timeVisible":94.8818,"tipPosition":[-38.538,320.914,-73.8371],"tipVelocity":[7.9311,75.0052,-166.484],"tool":false,"touchDistance":-0.413573,"touchZone":"hovering","type":1,"width":19.3428},{"bases":[[[0.992253,-0.11972,0.0331873],[0.117945,0.991705,0.0510926],[-0.0390288,-0.0467825,0.998142]],[[0.99192,-0.120079,0.040934],[0.0875638,0.414542,-0.905808],[0.0917999,0.902073,0.421707]],[[0.99192,-0.120079,0.040934],[-0.0648459,-0.757219,-0.649935],[0.10904,0.642029,-0.758887]],[[0.99192,-0.120079,0.040934],[-0.117043,-0.990664,-0.0698977],[0.0489451,0.0645419,-0.996714]]],"btipPosition":[-26.0634,228.091,20.7143],"carpPosition":[-20.3411,287.777,70.3689],"dipPosition":[-25.1436,229.304,1.98404],"direction":[-0.10904,-0.642029,0.758887],"extended":false,"handId":506,"id":5062,"length":67.0064,"mcpPosition":[-17.6181,291.041,0.730486],"pipPosition":[-22.0429,247.561,-19.596],"stabilizedTipPosition":[-23.4046,207.024,-4.82414],"timeVisible":94.8818,"tipPosition":[-25.8442,228.872,17.9981],"tipVelocity":[5.68348,42.5231,-222.911],"tool":false,"touchDistance":0.333333,"touchZone":"none","type":2,"width":18.9972},{"bases":[[[0.963961,-0.199715,0.175764],[0.187231,0.978621,0.0851257],[-0.189007,-0.0491494,0.980745]],[[0.966677,-0.198959,0.161095],[0.229189,0.392244,-0.890852],[0.114055,0.898087,0.424772]],[[0.966677,-0.198959,0.161095],[-0.0490762,-0.761628,-0.646153],[0.251252,0.616715,-0.746013]],[[0.966677,-0.198959,0.161095],[-0.187888,-0.97881,-0.0814157],[0.17388,0.0484348,-0.983575]]],"btipPosition":[-11.5383,232.208,28.6324],"carpPosition":[-8.0728,287.245,70.0017],"dipPosition":[-8.28951,233.113,10.2553],"direction":[-0.251252,-0.616715,0.746013],"extended":false,"handId":506,"id":5063,"length":64.4285,"mcpPosition":[3.7666,290.323,8.56786],"pipPosition":[-1.32931,250.197,-10.4108],"stabilizedTipPosition":[-9.68149,210.474,0.825233],"timeVisible":94.8818,"tipPosition":[-10.8892,232.829,25.6555],"tipVelocity":[7.03331,47.9936,-194.684],"tool":false,"touchDistance":0.333333,"touchZone":"none","type":3,"width":18.077},{"bases":[[[0.891331,-0.362994,0.271596],[0.317444,0.927432,0.197737],[-0.323664,-0.0900327,0.941879]],[[0.909945,-0.356604,0.211739],[0.345442,0.369181,-0.862772],[0.229498,0.858219,0.459121]],[[0.909945,-0.356604,0.211739],[-0.129688,-0.729611,-0.671453],[0.393929,0.583525,-0.710153]],[[0.909945,-0.356604,0.211739],[-0.331134,-0.9321,-0.146768],[0.249699,0.0634366,-0.966243]]],"btipPosition":[2.55657,242.123,31.3724],"carpPosition":[3.91252,279.754,71.6768],"dipPosition":[6.86059,243.216,14.7174],"direction":[-0.393929,-0.583525,0.710153],"extended":false,"handId":506,"id":5064,"length":50.5107,"mcpPosition":[22.6802,284.975,17.0618],"pipPosition":[14.5654,254.629,0.827676],"stabilizedTipPosition":[5.5389,216.803,-2.32374],"timeVisible":94.8818,"tipPosition":[3.35597,242.724,28.5325],"tipVelocity":[10.8608,45.6891,-191.064],"tool":false,"touchDistance":0.333333,"touchZone":"none","type":4,"width":16.0574}],"r":[[0.7417,0.0356049,0.669786],[0.646693,0.226987,-0.728193],[-0.17796,0.973247,0.145331]],"s":1.27883,"t":[-1.75245,19.8843,19.8645],"timestamp":97909355201},false],[5,{"currentFrameRate":106.007,"devices":[],"gestures":[{"center":[-47.0733,310.436,-34.073],"duration":0,"handIds":[506],"id":15,"normal":[-0.960062,-0.210398,-0.184426],"pointableIds":[5061],"progress":0.788299,"radius":8.07991,"state":"start","type":"circle"}],"hands":[{"armBasis":[[0.965713,0.195524,-0.170787],[-0.0588056,0.805507,0.589662],[0.252863,-0.559401,0.789386]],"armWidth":63.72,"confidence":0.70222,"direction":[0.0622065,0.196208,-0.978587],"elbow":[56.359,125.338,290.6],"grabStrength":0,"id":506,"palmNormal":[0.035876,-0.980292,-0.194269],"palmPosition":[-16.003,282.562,23.2639],"palmVelocity":[10.0736,54.2054,-171.112],"palmWidth":90.99,"pinchStrength":0.707507,"r":[[0.741808,0.0342106,0.66974],[0.646619,0.228267,-0.727859],[-0.17778,0.972997,0.147209]],"s":1.27875,"sphereCenter":[-58.8371,266.248,-8.57246],"sphereRadius":63.2884,"stabilizedPalmPosition":[-12.5856,256.272,-5.31035],"t":[-1.7202,20.4153,18.4491],"timeVisible":94.8908,"type":"right","wrist":[-11.9141,276.377,77.4653]}],"id":1808381,"interactionBox":{"center":[0,200,0],"size":[235.247,235.247,147.751]},"pointables":[{"bases":[[[0.381409,0.924351,0.0101762],[-0.843037,0.343299,0.414046],[0.37923,-0.1665,0.910199]],[[0.324549,0.938558,-0.117376],[-0.929573,0.293556,-0.222978],[-0.174822,0.181477,0.967731]],[[0.324549,0.938558,-0.117376],[-0.895799,0.265153,-0.356705],[-0.303665,0.220913,0.926814]],[[0.324549,0.938558,-0.117376],[-0.536995,0.0806752,-0.839719],[-0.778656,0.33556,0.530184]]],"btipPosition":[-2.87024,240.017,-15.5385],"carpPosition":[-40.1739,264.462,76.7768],"dipPosition":[-21.0936,247.871,-3.13031],"direction":[0.303665,-0.220913,-0.926814],"extended":false,"handId":506,"id":5060,"length":52.1164,"mcpPosition":[-40.1739,264.462,76.7768],"pipPosition":[-31.4472,255.403,28.47],"stabilizedTipPosition":[-3.36941,216.145,-14.9509],"timeVisible":94.8908,"tipPosition":[-6.92594,241.815,-12.5018],"tipVelocity":[3.77113,60.1082,-178.292],"tool":false,"touchDistance":-0.43801,"touchZone":"hovering","type":0,"width":20.25},{"bases":[[[0.993703,0.0556398,-0.0972526],[-0.0512247,0.997565,0.0473222],[0.0996488,-0.0420425,0.994134]],[[0.998293,0.0498157,0.0304898],[-0.0583873,0.864319,0.499543],[-0.00146783,-0.50047,0.865753]],[[0.998293,0.0498157,0.0304898],[-0.0574319,0.932204,0.357347],[-0.0106212,-0.358488,0.933474]],[[0.998293,0.0498157,0.0304898],[-0.0552797,0.974393,0.217951],[-0.0188516,-0.219265,0.975483]]],"btipPosition":[-38.8545,322.92,-78.9093],"carpPosition":[-32.1653,285.915,70.6527],"dipPosition":[-39.1766,319.174,-62.2426],"direction":[0.0106212,0.358488,-0.933474],"extended":true,"handId":506,"id":5061,"length":58.8075,"mcpPosition":[-39.4964,289.008,-2.48538],"pipPosition":[-39.4333,310.509,-39.6802],"stabilizedTipPosition":[-33.9222,299.527,-89.7652],"timeVisible":94.8908,"tipPosition":[-38.6014,321.642,-75.18],"tipVelocity":[4.22931,75.8614,-161.762],"tool":false,"touchDistance":-0.420816,"touchZone":"hovering","type":1,"width":19.3428},{"bases":[[[0.992105,-0.121433,0.0313199],[0.11971,0.991445,0.0520137],[-0.0373682,-0.0478538,0.998155]],[[0.991783,-0.121804,0.0391302],[0.0868782,0.416703,-0.904882],[0.0939124,0.900845,0.423861]],[[0.991783,-0.121804,0.0391302],[-0.067047,-0.755349,-0.651884],[0.108959,0.643904,-0.757308]],[[0.991783,-0.121804,0.0391302],[-0.118782,-0.990306,-0.0720049],[0.0475214,0.0667652,-0.996636]]],"btipPosition":[-26.118,228.668,19.1573],"carpPosition":[-20.207,288.316,68.963],"dipPosition":[-25.2249,229.923,0.428551],"direction":[-0.108959,-0.643904,0.757308],"extended":false,"handId":506,"id":5062,"length":67.0064,"mcpPosition":[-17.5999,291.654,-0.676301],"pipPosition":[-22.1265,248.233,-21.1066],"stabilizedTipPosition":[-23.4047,207.025,-4.82334],"timeVisible":94.8908,"tipPosition":[-25.9016,229.442,16.402],"tipVelocity":[2.26533,48.693,-208.892],"tool":false,"touchDistance":0.333333,"touchZone":"none","type":2,"width":18.9972},{"bases":[[[0.963927,-0.201543,0.173855],[0.189034,0.978205,0.085911],[-0.18738,-0.0499475,0.981017]],[[0.96648,-0.200817,0.159965],[0.22785,0.383745,-0.894888],[0.118323,0.901339,0.416638]],[[0.96648,-0.200817,0.159965],[-0.053638,-0.767242,-0.63911],[0.251076,0.609107,-0.752296]],[[0.96648,-0.200817,0.159965],[-0.190917,-0.978723,-0.0751808],[0.171659,0.0421208,-0.984256]]],"btipPosition":[-11.652,232.96,27.7376],"carpPosition":[-7.9403,287.763,68.5738],"dipPosition":[-8.44471,233.747,9.34779],"direction":[-0.251076,-0.609107,0.752296],"extended":false,"handId":506,"id":5063,"length":64.4285,"mcpPosition":[3.79719,290.892,7.12293],"pipPosition":[-1.48942,250.62,-11.4923],"stabilizedTipPosition":[-9.68157,210.476,0.82668],"timeVisible":94.8908,"tipPosition":[-10.9688,233.465,24.4126],"tipVelocity":[1.33631,56.8484,-168.362],"tool":false,"touchDistance":0.333333,"touchZone":"none","type":3,"width":18.077},{"bases":[[[0.891188,-0.364808,0.269627],[0.319356,0.926668,0.198237],[-0.322173,-0.090559,0.942339]],[[0.909761,-0.358359,0.209557],[0.344402,0.369692,-0.862969],[0.231781,0.857267,0.459751]],[[0.909761,-0.358359,0.209557],[-0.132167,-0.728559,-0.672111],[0.393531,0.583764,-0.710178]],[[0.909761,-0.358359,0.209557],[-0.332947,-0.931373,-0.147278],[0.247953,0.0642162,-0.966641]]],"btipPosition":[2.55002,242.665,29.8734],"carpPosition":[4.03524,280.251,70.2195],"dipPosition":[6.82394,243.772,13.2116],"direction":[-0.393531,-0.583764,0.710178],"extended":false,"handId":506,"id":5064,"length":50.5107,"mcpPosition":[22.7165,285.502,15.5778],"pipPosition":[14.5209,255.189,-0.678634],"stabilizedTipPosition":[5.53869,216.806,-2.32078],"timeVisible":94.8908,"tipPosition":[3.34496,243.266,27.0243],"tipVelocity":[7.45507,49.714,-184.119],"tool":false,"touchDistance":0.333333,"touchZone":"none","type":4,"width":16.0574}],"r":[[0.741808,0.0342106,0.66974],[0.646619,0.228267,-0.727859],[-0.17778,0.972997,0.147209]],"s":1.27875,"t":[-1.7202,20.4153,18.4491],"timestamp":97909364247},false],[6,{"currentFrameRate":105.685,"devices":[],"gestures":[{"center":[-47.0733,310.436,-34.073],"duration":0,"handIds":[506],"id":15,"normal":[-0.960062,-0.210398,-0.184426],"pointableIds":[5061],"progress":0.788299,"radius":8.07991,"state":"start","type":"circle"}],"hands":[{"armBasis":[[0.966408,0.191176,-0.171778],[-0.0566821,0.810443,0.583069],[0.250685,-0.553746,0.794054]],"armWidth":63.72,"confidence":0.702398,"direction":[0.061875,0.205232,-0.976756],"elbow":[55.5619,126.928,290.136],"grabStrength":0,"id":506,"palmNormal":[0.0344999,-0.978486,-0.20341],"palmPosition":[-16.2364,283.134,21.6023],"palmVelocity":[0.0421083,55.0232,-169.341],"palmWidth":90.99,"pinchStrength":0.708761,"r":[[0.741983,0.0316579,0.669671],[0.64653,0.230479,-0.72724],[-0.177368,0.972562,0.150544]],"s":1.27901,"sphereCenter":[-59.092,267.186,-10.3522],"sphereRadius":63.2824,"stabilizedPalmPosition":[-12.5859,256.275,-5.30785],"t":[-1.82078,20.967,16.9106],"timeVisible":94.9009,"type":"right","wrist":[-12.1231,276.439,75.7413]}],"id":1808382,"interactionBox":{"center":[0,200,0],"size":[235.247,235.247,147.751]},"pointables":[{"bases":[[[0.382603,0.923727,0.0185503],[-0.842348,0.340507,0.417737],[0.379558,-0.175453,0.908379]],[[0.32569,0.939194,-0.108819],[-0.929319,0.29681,-0.219704],[-0.174046,0.172683,0.969479]],[[0.32569,0.939194,-0.108819],[-0.895661,0.269613,-0.353695],[-0.302849,0.21266,0.929009]],[[0.32569,0.939194,-0.108819],[-0.537405,0.0891957,-0.838594],[-0.777896,0.331601,0.533777]]],"btipPosition":[-3.17932,240.936,-17.6024],"carpPosition":[-40.3987,264.568,74.9591],"dipPosition":[-21.3849,248.697,-5.11012],"direction":[0.302849,-0.21266,-0.929009],"extended":false,"handId":506,"id":5060,"length":52.1164,"mcpPosition":[-40.3987,264.568,74.9591],"pipPosition":[-31.7107,255.948,26.565],"stabilizedTipPosition":[-3.37233,216.165,-14.9507],"timeVisible":94.9009,"tipPosition":[-7.23264,242.711,-14.5479],"tipVelocity":[-6.50648,68.8914,-185.835],"tool":false,"touchDistance":-0.453211,"touchZone":"hovering","type":0,"width":20.25},{"bases":[[[0.993716,0.055271,-0.0973349],[-0.049914,0.997146,0.0566396],[0.100188,-0.0514253,0.993639]],[[0.998373,0.0482485,0.0304022],[-0.0570039,0.859847,0.507359],[-0.00166195,-0.508266,0.861198]],[[0.998373,0.0482485,0.0304022],[-0.0560393,0.928869,0.366145],[-0.0105737,-0.367253,0.930061]],[[0.998373,0.0482485,0.0304022],[-0.0539157,0.972281,0.227513],[-0.0185823,-0.228782,0.9733]]],"btipPosition":[-39.0924,324.472,-80.18],"carpPosition":[-32.3661,286.067,69.0301],"dipPosition":[-39.4099,320.563,-63.5506],"direction":[0.0105737,0.367253,-0.930061],"extended":true,"handId":506,"id":5061,"length":58.8075,"mcpPosition":[-39.7368,289.85,-4.07153],"pipPosition":[-39.6654,311.686,-41.0707],"stabilizedTipPosition":[-33.9294,299.56,-89.7469],"timeVisible":94.9009,"tipPosition":[-38.8444,323.162,-76.4606],"tipVelocity":[-4.14257,98.3729,-151.349],"tool":false,"touchDistance":-0.426257,"touchZone":"hovering","type":1,"width":19.3428},{"bases":[[[0.991967,-0.122989,0.0295843],[0.121016,0.990764,0.0611699],[-0.0368343,-0.0570984,0.997689]],[[0.991646,-0.123435,0.0374435],[0.087035,0.426053,-0.900502],[0.0952008,0.896238,0.433237]],[[0.991646,-0.123435,0.0374435],[-0.0682307,-0.748305,-0.659836],[0.109466,0.651769,-0.750476]],[[0.991646,-0.123435,0.0374435],[-0.12005,-0.989365,-0.0821319],[0.0471833,0.0769506,-0.995918]]],"btipPosition":[-26.4241,229.272,16.9227],"carpPosition":[-20.4058,288.468,67.3555],"dipPosition":[-25.5375,230.718,-1.79255],"direction":[-0.109466,-0.651769,0.750476],"extended":false,"handId":506,"id":5062,"length":67.0064,"mcpPosition":[-17.8359,292.451,-2.25121],"pipPosition":[-22.4246,249.252,-23.1334],"stabilizedTipPosition":[-23.4049,207.026,-4.82264],"timeVisible":94.9009,"tipPosition":[-26.208,230.063,14.1388],"tipVelocity":[-7.63736,53.4378,-212.815],"tool":false,"touchDistance":0.333333,"touchZone":"none","type":2,"width":18.9972},{"bases":[[[0.96377,-0.204387,0.171384],[0.190342,0.97712,0.0949003],[-0.186859,-0.0588405,0.980623]],[[0.966282,-0.203547,0.157693],[0.227921,0.391226,-0.891625],[0.119793,0.897503,0.424427]],[[0.966282,-0.203547,0.157693],[-0.0549831,-0.761427,-0.645915],[0.251546,0.615466,-0.746945]],[[0.966282,-0.203547,0.157693],[-0.192231,-0.977737,-0.0841227],[0.171306,0.0509727,-0.983898]]],"btipPosition":[-11.9565,233.487,2