{"sensorType":"Leap","data":[[0,{"currentFrameRate":99.8414,"devices":[],"gestures":[],"hands":[{"armBasis":[[0.946771,0.181299,-0.266],[-0.0116466,0.845071,0.534527],[0.321698,-0.502977,0.8022]],"armWidth":63.72,"confidence":0.675906,"direction":[0.00528181,0.295754,-0.95525],"elbow":[75.0141,113.772,294.37],"grabStrength":0,"id":506,"palmNormal":[0.0106374,-0.955225,-0.295688],"palmPosition":[-19.1354,261.354,24.8528],"palmVelocity":[17.121,142.408,-367.988],"palmWidth":90.99,"pinchStrength":0.604728,"r":[[0.975725,0.0285786,0.217127],[0.132147,0.713776,-0.687794],[-0.174636,0.699791,0.692673]],"s":1.25144,"sphereCenter":[-59.737,248.213,-5.66268],"sphereRadius":60.2651,"stabilizedPalmPosition":[6.98781,252.163,4.41131],"t":[-5.03446,-1.77323,22.6356],"timeVisible":67.171,"type":"right","wrist":[-11.8444,249.576,77.7761]}],"id":1805512,"interactionBox":{"center":[0,200,0],"size":[235.247,235.247,147.751]},"pointables":[{"bases":[[[0.393885,0.915551,0.081367],[-0.811556,0.304847,0.498443],[0.431546,-0.262363,0.863095]],[[0.333532,0.942155,-0.0331691],[-0.935005,0.326094,-0.139385],[-0.120506,0.0775026,0.989683]],[[0.333532,0.942155,-0.0331691],[-0.865715,0.292164,-0.406421],[-0.373221,0.16427,0.913084]],[[0.333532,0.942155,-0.0331691],[-0.803452,0.265672,-0.532807],[-0.493175,0.204358,0.845587]]],"btipPosition":[-9.97101,223.75,-22.7065],"carpPosition":[-40.2536,238.002,77.618],"dipPosition":[-21.5131,228.532,-2.91671],"direction":[0.373221,-0.16427,-0.913084],"extended":false,"handId":506,"id":5060,"length":52.1164,"mcpPosition":[-40.2536,238.002,77.618],"pipPosition":[-34.2383,234.133,28.2154],"stabilizedTipPosition":[-19.0052,208.353,20.2894],"timeVisible":67.171,"tipPosition":[-13.7272,224.844,-18.3267],"tipVelocity":[69.5954,139.648,-359.021],"tool":false,"touchDistance":-0.488948,"touchZone":"hovering","type":0,"width":20.25},{"bases":[[[0.986621,0.0581351,-0.152313],[-0.0346522,0.987692,0.152522],[0.159305,-0.145203,0.976493]],[[0.999386,0.0350383,0.000156277],[-0.029343,0.834485,0.550248],[0.0191494,-0.549915,0.835001]],[[0.999386,0.0350383,0.000156277],[-0.032544,0.926569,0.374713],[0.0129845,-0.374488,0.927141]],[[0.999386,0.0350383,0.000156277],[-0.0343506,0.97887,0.201575],[0.00690988,-0.201457,0.979473]]],"btipPosition":[-45.315,306.716,-73.6139],"carpPosition":[-32.3403,259.914,73.2441],"dipPosition":[-45.1969,303.274,-56.879],"direction":[-0.0129845,0.374488,-0.927141],"extended":true,"handId":506,"id":5061,"length":58.8075,"mcpPosition":[-44.0604,270.597,1.40397],"pipPosition":[-44.8831,294.222,-34.4697],"stabilizedTipPosition":[-33.0839,290.605,-58.2045],"timeVisible":67.171,"tipPosition":[-45.2674,305.402,-69.9356],"tipVelocity":[67.0792,128.549,-389.081],"tool":false,"touchDistance":-0.511002,"touchZone":"hovering","type":1,"width":19.3428},{"bases":[[[0.990427,-0.131252,-0.0427397],[0.136153,0.979874,0.145977],[0.0227197,-0.150399,0.988364]],[[0.989851,-0.128498,-0.0606894],[0.00689169,0.469967,-0.882657],[0.141941,0.873281,0.466083]],[[0.989851,-0.128498,-0.0606894],[-0.139987,-0.808156,-0.57209],[0.0244658,0.57478,-0.817942]],[[0.989851,-0.128498,-0.0606894],[-0.123267,-0.988875,0.0832533],[-0.0707121,-0.0749274,-0.994679]]],"btipPosition":[-28.2689,215.853,21.603],"carpPosition":[-20.4753,262.389,71.0732],"dipPosition":[-29.5977,214.445,2.91099],"direction":[-0.0244658,-0.57478,0.817942],"extended":false,"handId":506,"id":5062,"length":67.0064,"mcpPosition":[-22.0604,272.882,2.11704],"pipPosition":[-28.902,230.79,-20.3483],"stabilizedTipPosition":[-3.32814,209.144,17.9018],"timeVisible":67.171,"tipPosition":[-28.4598,215.799,18.2636],"tipVelocity":[47.91,138.406,-360.193],"tool":false,"touchDistance":0.333333,"touchZone":"none","type":2,"width":18.9972},{"bases":[[[0.969875,-0.225445,0.0922902],[0.207221,0.962699,0.173983],[-0.128071,-0.149617,0.980414]],[[0.969918,-0.225394,0.0919556],[0.180751,0.413793,-0.892247],[0.163056,0.882028,0.442086]],[[0.969918,-0.225394,0.0919556],[-0.14003,-0.82559,-0.54662],[0.199122,0.5173,-0.832317]],[[0.969918,-0.225394,0.0919556],[-0.233743,-0.967821,0.0932039],[0.0679889,-0.111894,-0.991392]]],"btipPosition":[-14.3129,219.514,30.286],"carpPosition":[-8.26357,261.79,69.8713],"dipPosition":[-13.0426,217.423,11.7628],"direction":[-0.199122,-0.5173,0.832317],"extended":false,"handId":506,"id":5063,"length":64.4285,"mcpPosition":[-0.241185,271.162,8.45819],"pipPosition":[-7.52647,231.753,-11.294],"stabilizedTipPosition":[14.7272,213.708,15.934],"timeVisible":67.171,"tipPosition":[-13.9275,219.157,26.2461],"tipVelocity":[37.2784,157.853,-314.95],"tool":false,"touchDistance":0.333333,"touchZone":"none","type":3,"width":18.077},{"bases":[[[0.900873,-0.397192,0.175118],[0.343415,0.898889,0.272149],[-0.265507,-0.185033,0.946186]],[[0.913945,-0.386574,0.12355],[0.292752,0.417144,-0.860399],[0.28107,0.822528,0.494417]],[[0.913945,-0.386574,0.12355],[-0.243148,-0.765324,-0.595951],[0.324935,0.514626,-0.793459]],[[0.913945,-0.386574,0.12355],[-0.391183,-0.920198,0.0145314],[0.108073,-0.0616115,-0.992232]]],"btipPosition":[0.925269,226.703,30.2685],"carpPosition":[3.68635,254.061,69.9934],"dipPosition":[2.7881,225.641,13.1656],"direction":[-0.324935,-0.514626,0.793459],"extended":false,"handId":506,"id":5064,"length":50.5107,"mcpPosition":[19.0818,264.79,15.1286],"pipPosition":[9.14343,235.706,-2.35356],"stabilizedTipPosition":[26.5725,221.478,15.9529],"timeVisible":67.171,"tipPosition":[1.42387,226.694,27.0356],"tipVelocity":[34.6101,155.2,-343.596],"tool":false,"touchDistance":0.333333,"touchZone":"none","type":4,"width":16.0574}],"r":[[0.975725,0.0285786,0.217127],[0.132147,0.713776,-0.687794],[-0.174636,0.699791,0.692673]],"s":1.25144,"t":[-5.03446,-1.77323,22.6356],"timestamp":97881644374},false],[1,{"currentFrameRate":100.093,"devices":[],"gestures":[],"hands":[{"armBasis":[[0.950234,0.172888,-0.259164],[-0.0132631,0.85358,0.520793],[0.311256,-0.491437,0.813394]],"armWidth":63.72,"confidence":0.690249,"direction":[0.00897282,0.304532,-0.95246],"elbow":[72.2974,118.113,293.823],"grabStrength":0,"id":506,"palmNormal":[0.0114681,-0.952467,-0.304426],"palmPosition":[-18.8296,263.069,21.367],"palmVelocity":[21.454,153.358,-367.695],"palmWidth":90.99,"pinchStrength":0.599796,"r":[[0.974364,0.0318338,0.222713],[0.133391,0.715421,-0.685842],[-0.181166,0.697968,0.692834]],"s":1.25327,"sphereCenter":[-59.2263,250.304,-9.38402],"sphereRadius":60.2287,"stabilizedPalmPosition":[6.97568,252.168,4.41927],"t":[-4.7745,-0.159713,18.8862],"timeVisible":67.1805,"type":"right","wrist":[-11.7417,250.801,74.2067]}],"id":1805513,"interactionBox":{"center":[0,200,0],"size":[235.247,235.247,147.751]},"pointables":[{"bases":[[[0.393848,0.914632,0.0912758],[-0.813339,0.300516,0.498166],[0.428209,-0.27044,0.862264]],[[0.333849,0.942336,-0.023395],[-0.934421,0.327573,-0.139831],[-0.124104,0.0685431,0.989899]],[[0.333849,0.942336,-0.023395],[-0.864143,0.296044,-0.406958],[-0.376565,0.156079,0.913147]],[[0.333849,0.942336,-0.023395],[-0.80159,0.270752,-0.533055],[-0.495983,0.196713,0.845757]]],"btipPosition":[-9.51162,225.892,-26.5065],"carpPosition":[-40.1536,239.239,73.835],"dipPosition":[-21.1194,230.496,-6.71271],"direction":[0.376565,-0.156079,-0.913147],"extended":false,"handId":506,"id":5060,"length":52.1164,"mcpPosition":[-40.1536,239.239,73.835],"pipPosition":[-33.9586,235.818,24.4216],"stabilizedTipPosition":[-18.9655,208.462,20.0435],"timeVisible":67.1805,"tipPosition":[-13.2577,226.95,-22.1253],"tipVelocity":[63.0361,163.087,-370.782],"tool":false,"touchDistance":-0.525372,"touchZone":"hovering","type":0,"width":20.25},{"bases":[[[0.987206,0.0592066,-0.148052],[-0.0349331,0.986258,0.161476],[0.155578,-0.154238,0.975708]],[[0.999389,0.0345775,0.00501256],[-0.0314773,0.828797,0.558663],[0.0151628,-0.558479,0.82938]],[[0.999389,0.0345775,0.00501256],[-0.0338365,0.922088,0.385497],[0.00870751,-0.385432,0.922695]],[[0.999389,0.0345775,0.00501256],[-0.0348482,0.976145,0.214303],[0.00251708,-0.214347,0.976754]]],"btipPosition":[-44.568,309.507,-76.7121],"carpPosition":[-32.2173,261.188,69.6929],"dipPosition":[-44.525,305.845,-60.0236],"direction":[-0.00870751,0.385432,-0.922695],"extended":true,"handId":506,"id":5061,"length":58.8075,"mcpPosition":[-43.6631,272.535,-2.08958],"pipPosition":[-44.3146,296.529,-37.7217],"stabilizedTipPosition":[-33.1059,290.64,-58.2326],"timeVisible":67.1805,"tipPosition":[-44.5587,308.118,-73.0603],"tipVelocity":[69.8772,174.514,-371.321],"tool":false,"touchDistance":-0.534868,"touchZone":"hovering","type":1,"width":19.3428},{"bases":[[[0.990542,-0.131182,-0.040213],[0.135893,0.978444,0.155504],[0.0189469,-0.159498,0.987016]],[[0.990034,-0.128259,-0.0581636],[0.00972592,0.474287,-0.880317],[0.140494,0.870977,0.470808]],[[0.990034,-0.128259,-0.0581636],[-0.138208,-0.805522,-0.576223],[0.0270534,0.578518,-0.815221]],[[0.990034,-0.128259,-0.0581636],[-0.123654,-0.989344,0.0768595],[-0.0674018,-0.0689013,-0.995344]]],"btipPosition":[-27.9399,217.669,17.9207],"carpPosition":[-20.3434,263.679,67.5896],"dipPosition":[-29.2065,216.374,-0.78376],"direction":[-0.0270534,-0.578518,0.815221],"extended":false,"handId":506,"id":5062,"length":67.0064,"mcpPosition":[-21.6653,274.806,-1.27258],"pipPosition":[-28.4372,232.825,-23.9657],"stabilizedTipPosition":[-3.33464,209.146,17.9007],"timeVisible":67.1805,"tipPosition":[-28.1361,217.596,14.4158],"tipVelocity":[44.5284,154.357,-368.169],"tool":false,"touchDistance":0.333333,"touchZone":"none","type":2,"width":18.9972},{"bases":[[[0.969453,-0.226607,0.0938655],[0.20685,0.960988,0.183618],[-0.131813,-0.158593,0.978506]],[[0.969447,-0.226614,0.093909],[0.184069,0.418981,-0.889142],[0.162146,0.879262,0.447893]],[[0.969447,-0.226614,0.093909],[-0.138911,-0.822695,-0.55125],[0.20218,0.521363,-0.829038]],[[0.969447,-0.226614,0.093909],[-0.234722,-0.968184,0.0867466],[0.0712631,-0.106139,-0.991794]]],"btipPosition":[-14.0476,221.276,26.6197],"carpPosition":[-8.12746,263.087,66.4283],"dipPosition":[-12.7161,219.293,8.089],"direction":[-0.20218,-0.521363,0.829038],"extended":false,"handId":506,"id":5063,"length":64.4285,"mcpPosition":[0.129291,273.021,5.13465],"pipPosition":[-7.11533,233.736,-14.877],"stabilizedTipPosition":[14.712,213.712,15.9375],"timeVisible":67.1805,"tipPosition":[-13.653,220.903,22.4915],"tipVelocity":[35.0162,166.555,-335.411],"tool":false,"touchDistance":0.333333,"touchZone":"none","type":3,"width":18.077},{"bases":[[[0.900088,-0.399087,0.174848],[0.342654,0.896231,0.281705],[-0.269129,-0.193647,0.943436]],[[0.913091,-0.388258,0.12458],[0.294153,0.41562,-0.860659],[0.28238,0.822506,0.493707]],[[0.913091,-0.388258,0.12458],[-0.244474,-0.765797,-0.5948],[0.326338,0.51265,-0.794162]],[[0.913091,-0.388258,0.12458],[-0.392675,-0.919598,0.0120946],[0.109867,-0.0599627,-0.992136]]],"btipPosition":[1.16384,228.505,26.996],"carpPosition":[3.81961,255.353,66.5242],"dipPosition":[3.0576,227.471,9.89471],"direction":[-0.326338,-0.51265,0.794162],"extended":false,"handId":506,"id":5064,"length":50.5107,"mcpPosition":[19.4251,266.581,11.8189],"pipPosition":[9.44039,237.498,-5.63814],"stabilizedTipPosition":[26.5574,221.482,15.9572],"timeVisible":67.1805,"tipPosition":[1.67922,228.443,23.5322],"tipVelocity":[32.0966,165.323,-343.847],"tool":false,"touchDistance":0.333333,"touchZone":"none","type":4,"width":16.0574}],"r":[[0.974364,0.0318338,0.222713],[0.133391,0.715421,-0.685842],[-0.181166,0.697968,0.692834]],"s":1.25327,"t":[-4.7745,-0.159713,18.8862],"timestamp":97881653873},false],[2,{"currentFrameRate":100.273,"devices":[],"gestures":[],"hands":[{"armBasis":[[0.952407,0.169292,-0.2535],[-0.0147333,0.856201,0.516433],[0.304474,-0.488119,0.817945]],"armWidth":63.72,"confidence":0.698596,"direction":[0.0103527,0.304775,-0.952368],"elbow":[70.6797,119.787,293.094],"grabStrength":0,"id":506,"palmNormal":[0.0126846,-0.952383,-0.304642],"palmPosition":[-18.5363,263.855,19.4002],"palmVelocity":[24.0745,132.527,-320.251],"palmWidth":90.99,"pinchStrength":0.576079,"r":[[0.973162,0.0345596,0.22751],[0.134499,0.716791,-0.684194],[-0.186723,0.696431,0.692905]],"s":1.25571,"sphereCenter":[-58.598,251.102,-11.3286],"sphereRadius":60.0865,"stabilizedPalmPosition":[6.96256,252.174,4.42698],"t":[-4.49789,1.03993,16.0281],"timeVisible":67.1901,"type":"right","wrist":[-11.5284,251.579,72.2487]}],"id":1805514,"interactionBox":{"center":[0,200,0],"size":[235.247,235.247,147.751]},"pointables":[{"bases":[[[0.393018,0.9149,0.0921651],[-0.814399,0.299792,0.496869],[0.426955,-0.270338,0.862917]],[[0.333105,0.942615,-0.0227587],[-0.934473,0.326817,-0.141246],[-0.125703,0.0683173,0.989713]],[[0.333105,0.942615,-0.0227587],[-0.863683,0.29535,-0.408437],[-0.378277,0.155709,0.912503]],[[0.333105,0.942615,-0.0227587],[-0.800974,0.270151,-0.534284],[-0.497475,0.196202,0.844999]]],"btipPosition":[-9.11601,226.685,-28.4662],"carpPosition":[-39.9311,239.996,71.8263],"dipPosition":[-20.7587,231.277,-8.69017],"direction":[0.378277,-0.155709,-0.912503],"extended":false,"handId":506,"id":5060,"length":52.1164,"mcpPosition":[-39.9311,239.996,71.8263],"pipPosition":[-33.6563,236.586,22.4222],"stabilizedTipPosition":[-18.927,208.565,19.8073],"timeVisible":67.1901,"tipPosition":[-12.8505,227.744,-24.0884],"tipVelocity":[56.4238,139.561,-322.349],"tool":false,"touchDistance":-0.530625,"touchZone":"hovering","type":0,"width":20.25},{"bases":[[[0.98741,0.0599721,-0.146374],[-0.0359336,0.986192,0.16166],[0.154048,-0.154365,0.975931]],[[0.999353,0.0352393,0.00716129],[-0.0332239,0.828642,0.558792],[0.0137573,-0.558668,0.829277]],[[0.999353,0.0352393,0.00716129],[-0.0352703,0.921757,0.38616],[0.00700704,-0.386163,0.922404]],[[0.999353,0.0352393,0.00716129],[-0.0359545,0.97584,0.215506],[0.000605984,-0.215624,0.976476]]],"btipPosition":[-44.1081,310.328,-78.7022],"carpPosition":[-32.0041,261.952,67.7029],"dipPosition":[-44.0977,306.644,-62.0185],"direction":[-0.00700704,0.386163,-0.922404],"extended":true,"handId":506,"id":5061,"length":58.8075,"mcpPosition":[-43.3373,273.308,-4.09589],"pipPosition":[-43.9284,297.31,-39.7236],"stabilizedTipPosition":[-33.1285,290.679,-58.2668],"timeVisible":67.1901,"tipPosition":[-44.1187,308.941,-75.0485],"tipVelocity":[63.2359,148.445,-323.559],"tool":false,"touchDistance":-0.539582,"touchZone":"hovering","type":1,"width":19.3428},{"bases":[[[0.990705,-0.130441,-0.0385762],[0.134908,0.978505,0.155974],[0.0174016,-0.159728,0.987008]],[[0.990211,-0.127452,-0.0569007],[0.00762746,0.456469,-0.889707],[0.139368,0.880564,0.452972]],[[0.990211,-0.127452,-0.0569007],[-0.137375,-0.817801,-0.558865],[0.0246949,0.561211,-0.827304]],[[0.990211,-0.127452,-0.0569007],[-0.122006,-0.988379,0.0906683],[-0.0677953,-0.0828386,-0.994254]]],"btipPosition":[-27.4884,218.75,17.1349],"carpPosition":[-20.1285,264.452,65.6203],"dipPosition":[-28.7624,217.193,-1.54916],"direction":[-0.0246949,-0.561211,0.827304],"extended":false,"handId":506,"id":5062,"length":67.0064,"mcpPosition":[-21.3426,275.596,-3.24126],"pipPosition":[-28.0602,233.152,-25.0747],"stabilizedTipPosition":[-3.34374,209.149,17.8988],"timeVisible":67.1901,"tipPosition":[-27.7352,218.528,13.0967],"tipVelocity":[45.171,140.339,-284.791],"tool":false,"touchDistance":0.333333,"touchZone":"none","type":2,"width":18.9972},{"bases":[[[0.96946,-0.225915,0.0954431],[0.20583,0.961095,0.184203],[-0.133344,-0.158933,0.978243]],[[0.969427,-0.225955,0.095689],[0.185169,0.417754,-0.889491],[0.16101,0.880015,0.446821]],[[0.969427,-0.225955,0.095689],[-0.137751,-0.823845,-0.549822],[0.203068,0.51983,-0.829783]],[[0.969427,-0.225955,0.095689],[-0.234339,-0.968173,0.0879025],[0.0727815,-0.107639,-0.991522]]],"btipPosition":[-13.7366,222.117,24.7507],"carpPosition":[-7.91017,263.869,64.4794],"dipPosition":[-12.3767,220.106,6.22509],"direction":[-0.203068,-0.51983,0.829783],"extended":false,"handId":506,"id":5063,"length":64.4285,"mcpPosition":[0.442508,273.825,3.20224],"pipPosition":[-6.75136,234.506,-16.7616],"stabilizedTipPosition":[14.6933,213.718,15.9405],"timeVisible":67.1901,"tipPosition":[-13.3381,221.716,20.5785],"tipVelocity":[34.4295,143.351,-294.357],"tool":false,"touchDistance":0.333333,"touchZone":"none","type":3,"width":18.077},{"bases":[[[0.900086,-0.398465,0.176266],[0.341517,0.896414,0.282503],[-0.270575,-0.194079,0.942933]],[[0.912805,-0.387962,0.127563],[0.292135,0.402012,-0.867781],[0.285384,0.82938,0.480296]],[[0.912805,-0.387962,0.127563],[-0.247917,-0.774609,-0.581823],[0.324537,0.499465,-0.80325]],[[0.912805,-0.387962,0.127563],[-0.393681,-0.91898,0.0221408],[0.108638,-0.0704295,-0.991583]]],"btipPosition":[1.4207,229.517,25.7369],"carpPosition":[4.04244,256.144,64.5936],"dipPosition":[3.29327,228.303,8.64516],"direction":[-0.324537,-0.499465,0.80325],"extended":false,"handId":506,"id":5064,"length":50.5107,"mcpPosition":[19.7318,267.398,9.91744],"pipPosition":[9.64083,238.072,-7.06544],"stabilizedTipPosition":[26.5385,221.488,15.9617],"timeVisible":67.1901,"tipPosition":[1.94776,229.347,21.9754],"tipVelocity":[30.3795,146.581,-281.898],"tool":false,"touchDistance":0.333333,"touchZone":"none","type":4,"width":16.0574}],"r":[[0.973162,0.0345596,0.22751],[0.134499,0.716791,-0.684194],[-0.186723,0.696431,0.692905]],"s":1.25571,"t":[-4.49789,1.03993,16.0281],"timestamp":97881663496},false],[3,{"currentFrameRate":100.493,"devices":[],"gestures":[],"hands":[{"armBasis":[[0.953499,0.175424,-0.245083],[-0.0256697,0.857473,0.513889],[0.3003,-0.483701,0.822103]],"armWidth":63.72,"confidence":0.701545,"direction":[0.0105388,0.305769,-0.952048],"elbow":[69.8434,121.891,291.62],"grabStrength":0,"id":506,"palmNormal":[0.0238997,-0.951905,-0.305458],"palmPosition":[-18.1855,264.74,16.7899],"palmVelocity":[27.7485,121.138,-306.951],"palmWidth":90.99,"pinchStrength":0.55889,"r":[[0.97193,0.0387558,0.232054],[0.134342,0.718299,-0.682641],[-0.193141,0.694654,0.69293]],"s":1.25789,"sphereCenter":[-57.7578,251.579,-14.0341],"sphereRadius":59.9454,"stabilizedPalmPosition":[6.94937,252.181,4.43347],"t":[-4.1842,2.08254,13.2938],"timeVisible":67.1996,"type":"right","wrist":[-11.2377,252.49,69.6522]}],"id":1805515,"interactionBox":{"center":[0,200,0],"size":[235.247,235.247,147.751]},"pointables":[{"bases":[[[0.38294,0.918936,0.0944123],[-0.819321,0.290653,0.494201],[0.426698,-0.266603,0.864206]],[[0.322997,0.946167,-0.0209804],[-0.937471,0.316833,-0.144099],[-0.129695,0.0662123,0.989341]],[[0.322997,0.946167,-0.0209804],[-0.8653,0.286267,-0.411468],[-0.383312,0.151058,0.911183]],[[0.322997,0.946167,-0.0209804],[-0.801992,0.261875,-0.53687],[-0.502475,0.190234,0.843404]]],"btipPosition":[-8.21098,227.698,-31.0747],"carpPosition":[-39.514,240.606,69.1168],"dipPosition":[-19.9707,232.151,-11.336],"direction":[0.383312,-0.151058,-0.911183],"extended":false,"handId":506,"id":5060,"length":52.1164,"mcpPosition":[-39.514,240.606,69.1168],"pipPosition":[-33.04,237.301,19.7313],"stabilizedTipPosition":[-18.8878,208.664,19.581],"timeVisible":67.1996,"tipPosition":[-11.9447,228.722,-26.7061],"tipVelocity":[66.728,129.04,-308.652],"tool":false,"touchDistance":-0.545153,"touchZone":"hovering","type":0,"width":20.25},{"bases":[[[0.987237,0.0705963,-0.142757],[-0.0469923,0.985601,0.162425],[0.152168,-0.153643,0.976339]],[[0.998888,0.0457591,0.0113274],[-0.0442646,0.827832,0.559227],[0.0162126,-0.559107,0.828937]],[[0.998888,0.0457591,0.0113274],[-0.0465749,0.920891,0.387028],[0.00727879,-0.387125,0.921998]],[[0.998888,0.0457591,0.0113274],[-0.0471268,0.975078,0.2168],[-0.00112447,-0.217093,0.97615]]],"btipPosition":[-43.8542,311.039,-81.3632],"carpPosition":[-31.806,262.649,65.042],"dipPosition":[-43.8734,307.33,-64.6851],"direction":[-0.00727879,0.387125,-0.921998],"extended":true,"handId":506,"id":5061,"length":58.8075,"mcpPosition":[-43.0009,273.952,-6.78688],"pipPosition":[-43.6974,297.973,-42.4],"stabilizedTipPosition":[-33.1494,290.717,-58.3042],"timeVisible":67.1996,"tipPosition":[-43.8808,309.66,-77.7051],"tipVelocity":[52.4957,127.017,-310.879],"tool":false,"touchDistance":-0.553892,"touchZone":"hovering","type":1,"width":19.3428},{"bases":[[[0.992168,-0.119873,-0.0351213],[0.123941,0.979735,0.157348],[0.0155479,-0.160468,0.986919]],[[0.991699,-0.116827,-0.0537173],[0.00378069,0.444069,-0.895985],[0.128529,0.888344,0.440824]],[[0.991699,-0.116827,-0.0537173],[-0.127105,-0.827444,-0.546974],[0.0194532,0.549261,-0.835424]],[[0.991699,-0.116827,-0.0537173],[-0.111083,-0.988795,0.0997201],[-0.0647654,-0.0929252,-0.993564]]],"btipPosition":[-26.5662,219.781,15.3288],"carpPosition":[-19.9502,265.277,63.0045],"dipPosition":[-27.7833,218.035,-3.34229],"direction":[-0.0194532,-0.549261,0.835424],"extended":false,"handId":506,"id":5062,"length":67.0064,"mcpPosition":[-21.035,276.472,-5.85086],"pipPosition":[-27.2301,233.654,-27.0987],"stabilizedTipPosition":[-3.35584,209.154,17.8952],"timeVisible":67.1996,"tipPosition":[-26.8329,219.446,10.9529],"tipVelocity":[60.4447,129.775,-257.295],"tool":false,"touchDistance":0.333333,"touchZone":"none","type":2,"width":18.9972},{"bases":[[[0.971457,-0.215694,0.0987338],[0.194942,0.963052,0.185817],[-0.135165,-0.161266,0.977611]],[[0.971402,-0.215758,0.0991248],[0.183873,0.419429,-0.888971],[0.150227,0.881775,0.447106]],[[0.971402,-0.215758,0.0991248],[-0.1272,-0.825391,-0.550045],[0.200493,0.521706,-0.829232]],[[0.971402,-0.215758,0.0991248],[-0.22445,-0.970601,0.0869279],[0.0774552,-0.106691,-0.991271]]],"btipPosition":[-12.9689,223.07,22.1853],"carpPosition":[-7.72235,264.825,61.9071],"dipPosition":[-11.5217,221.077,3.6644],"direction":[-0.200493,-0.521706,0.829232],"extended":false,"handId":506,"id":5063,"length":64.4285,"mcpPosition":[0.744407,274.927,0.669566],"pipPosition":[-5.96768,235.529,-19.307],"stabilizedTipPosition":[14.6728,213.724,15.942],"timeVisible":67.1996,"tipPosition":[-12.5518,222.666,17.9858],"tipVelocity":[48.3358,131.025,-287.125],"tool":false,"touchDistance":0.333333,"touchZone":"none","type":3,"width":18.077},{"bases":[[[0.90363,-0.389048,0.179149],[0.330954,0.899724,0.284546],[-0.271887,-0.197834,0.941774]],[[0.916404,-0.378372,0.130533],[0.290982,0.405862,-0.866375],[0.274833,0.831932,0.482033]],[[0.916404,-0.378372,0.130533],[-0.237687,-0.776838,-0.583118],[0.322039,0.503346,-0.801832]],[[0.916404,-0.378372,0.130533],[-0.384036,-0.923093,0.0203783],[0.112784,-0.0688043,-0.991234]]],"btipPosition":[2.11601,230.623,23.1727],"carpPosition":[4.31118,257.227,62.0574],"dipPosition":[4.06004,229.437,6.08703],"direction":[-0.322039,-0.503346,0.801832],"extended":false,"handId":506,"id":5064,"length":50.5107,"mcpPosition":[20.0766,268.699,7.44845],"pipPosition":[10.3587,239.282,-9.59584],"stabilizedTipPosition":[26.517,221.496,15.9646],"timeVisible":67.1996,"tipPosition":[2.65381,230.454,19.406],"tipVelocity":[43.1537,138.026,-278.207],"tool":false,"touchDistance":0.333333,"touchZone":"none","type":4,"width":16.0574}],"r":[[0.97193,0.0387558,0.232054],[0.134342,0.718299,-0.682641],[-0.193141,0.694654,0.69293]],"s":1.25789,"t":[-4.1842,2.08254,13.2938],"timestamp":97881673020},false],[4,{"currentFrameRate":100.595,"devices":[],"gestures":[],"hands":[{"armBasis":[[0.95833,0.169744,-0.22976],[-0.0294203,0.858679,0.511669],[0.284143,-0.483589,0.827892]],"armWidth":63.72,"confidence":0.702879,"direction":[0.0158994,0.310927,-0.950301],"elbow":[65.5743,123.137,289.082],"grabStrength":0,"id":506,"palmNormal":[0.0265764,-0.950217,-0.310455],"palmPosition":[-17.79,266.236,12.7153],"palmVelocity":[31.5195,130.639,-339.62],"palmWidth":90.99,"pinchStrength":0.548054,"r":[[0.970629,0.0420229,0.236882],[0.134883,0.720266,-0.680458],[-0.199213,0.692424,0.693443]],"s":1.26088,"sphereCenter":[-57.061,253.284,-18.2995],"sphereRadius":59.9278,"stabilizedPalmPosition":[6.93568,252.189,4.43805],"t":[-3.82961,3.35158,9.88946],"timeVisible":67.2094,"type":"right","wrist":[-11.1443,253.706,65.5509]}],"id":1805516,"interactionBox":{"center":[0,200,0],"size":[235.247,235.247,147.751]},"pointables":[{"bases":[[[0.381536,0.918748,0.101649],[-0.822498,0.287253,0.490899],[0.421814,-0.270902,0.865266]],[[0.322091,0.946602,-0.0142503],[-0.936982,0.316593,-0.147759],[-0.135357,0.0609441,0.988921]],[[0.322091,0.946602,-0.0142503],[-0.863068,0.287415,-0.415339],[-0.389065,0.146076,0.909555]],[[0.322091,0.946602,-0.0142503],[-0.799052,0.263751,-0.540325],[-0.507714,0.18542,0.841336]]],"btipPosition":[-7.50165,229.438,-35.2831],"carpPosition":[-39.4061,241.8,64.7836],"dipPosition":[-19.384,233.777,-15.5928],"direction":[0.389065,-0.146076,-0.909555],"extended":false,"handId":506,"id":5060,"length":52.1164,"mcpPosition":[-39.4061,241.8,64.7836],"pipPosition":[-32.6494,238.758,15.419],"stabilizedTipPosition":[-18.8479,208.764,19.3489],"timeVisible":67.2094,"tipPosition":[-11.238,230.445,-30.9297],"tipVelocity":[67.664,142.788,-345.188],"tool":false,"touchDistance":-0.582263,"touchZone":"hovering","type":0,"width":20.25},{"bases":[[[0.988,0.0722363,-0.136518],[-0.048852,0.984666,0.167471],[0.146522,-0.158792,0.976379]],[[0.998755,0.0464548,0.0182041],[-0.0486334,0.824899,0.563184],[0.0111461,-0.563368,0.826131]],[[0.998755,0.0464548,0.0182041],[-0.0498719,0.91855,0.392146],[0.00149571,-0.392565,0.919723]],[[0.998755,0.0464548,0.0182041],[-0.0493473,0.973588,0.222916],[-0.00736773,-0.223537,0.974668]]],"btipPosition":[-42.8629,313.064,-85.3334],"carpPosition":[-31.6942,263.871,60.8738],"dipPosition":[-42.9887,309.245,-68.6806],"direction":[-0.00149571,0.392565,-0.919723],"extended":true,"handId":506,"id":5061,"length":58.8075,"mcpPosition":[-42.4737,275.553,-10.958],"pipPosition":[-42.9526,299.757,-46.4506],"stabilizedTipPosition":[-33.1696,290.761,-58.3523],"timeVisible":67.2094,"tipPosition":[-42.9324,311.673,-81.6783],"tipVelocity":[66.2158,150.008,-339.426],"tool":false,"touchDistance":-0.586477,"touchZone":"hovering","type":1,"width":19.3428},{"bases":[[[0.992467,-0.118808,-0.0298865],[0.122113,0.978977,0.163376],[0.0098478,-0.165795,0.986111]],[[0.9921,-0.115633,-0.0486415],[0.00731616,0.44042,-0.897762],[0.125233,0.890314,0.437787]],[[0.9921,-0.115633,-0.0486415],[-0.123412,-0.830098,-0.543789],[0.0225026,0.545497,-0.837811]],[[0.9921,-0.115633,-0.0486415],[-0.110331,-0.988818,0.100325],[-0.0596985,-0.0941661,-0.993765]]],"btipPosition":[-26.0704,221.432,11.5195],"carpPosition":[-19.829,266.52,58.9209],"dipPosition":[-27.1922,219.662,-7.1553],"direction":[-0.0225026,-0.545497,0.837811],"extended":false,"handId":506,"id":5062,"length":67.0064,"mcpPosition":[-20.516,278.088,-9.87813],"pipPosition":[-26.5523,235.174,-30.9796],"stabilizedTipPosition":[-3.37122,209.162,17.8881],"timeVisible":67.2094,"tipPosition":[-26.3317,221.047,6.95398],"tipVelocity":[58.3036,141.258,-296.571],"tool":false,"touchDistance":0.333333,"touchZone":"none","type":2,"width":18.9972},{"bases":[[[0.971051,-0.215371,0.103323],[0.19296,0.962203,0.192175],[-0.140807,-0.166674,0.975906]],[[0.970993,-0.215439,0.103726],[0.184354,0.398269,-0.898552],[0.152273,0.89161,0.426433]],[[0.970993,-0.215439,0.103726],[-0.129213,-0.837783,-0.530494],[0.201189,0.501703,-0.841319]],[[0.970993,-0.215439,0.103726],[-0.225598,-0.969194,0.0988344],[0.0792378,-0.119368,-0.989683]]],"btipPosition":[-12.6315,225.021,19.5074],"carpPosition":[-7.59439,266.086,57.8936],"dipPosition":[-11.1511,222.791,1.01617],"direction":[-0.201189,-0.501703,0.841319],"extended":false,"handId":506,"id":5063,"length":64.4285,"mcpPosition":[1.22575,276.526,-3.23716],"pipPosition":[-5.57773,236.689,-22.29],"stabilizedTipPosition":[14.6464,213.735,15.9413],"timeVisible":67.2094,"tipPosition":[-12.1844,224.465,14.7701],"tipVelocity":[44.5438,149.703,-283.325],"tool":false,"touchDistance":0.333333,"touchZone":"none","type":3,"width":18.077},{"bases":[[[0.902907,-0.389217,0.182397],[0.328442,0.898461,0.291365],[-0.277281,-0.203169,0.939062]],[[0.915965,-0.378261,0.133891],[0.295706,0.410781,-0.862448],[0.27123,0.829565,0.488115]],[[0.915965,-0.378261,0.133891],[-0.233554,-0.773916,-0.588648],[0.326283,0.50791,-0.797225]],[[0.915965,-0.378261,0.133891],[-0.383311,-0.923525,0.013195],[0.11866,-0.0634081,-0.990908]]],"btipPosition":[2.50562,232.104,19.0359],"carpPosition":[4.44496,258.497,58.0741],"dipPosition":[4.55095,231.011,1.95585],"direction":[-0.326283,-0.50791,0.797225],"extended":false,"handId":506,"id":5064,"length":50.5107,"mcpPosition":[20.5231,270.278,3.62243],"pipPosition":[10.9326,240.945,-13.6369],"stabilizedTipPosition":[26.4934,221.506,15.9637],"timeVisible":67.2094,"tipPosition":[3.06458,231.954,15.2695],"tipVelocity":[42.9279,142.781,-321.149],"tool":false,"touchDistance":0.333333,"touchZone":"none","type":4,"width":16.0574}],"r":[[0.970629,0.0420229,0.236882],[0.134883,0.720266,-0.680458],[-0.199213,0.692424,0.693443]],"s":1.26088,"t":[-3.82961,3.35158,9.88946],"timestamp":97881682762},false],[5,{"currentFrameRate":100.66,"devices":[],"gestures":[],"hands":[{"armBasis":[[0.956002,0.184711,-0.227908],[-0.0448521,0.859785,0.508683],[0.289911,-0.47608,0.830241]],"armWidth":63.72,"confidence":0.637014,"direction":[0.017071,0.31339,-0.949471],"elbow":[67.3704,125.989,286.783],"grabStrength":0,"id":506,"palmNormal":[0.0421736,-0.94899,-0.312473],"palmPosition":[-17.4164,267.09,9.77227],"palmVelocity":[33.4584,117.763,-327.924],"palmWidth":90.99,"pinchStrength":0.548116,"r":[[0.96914,0.0473172,0.241929],[0.134026,0.722542,-0.678211],[-0.206895,0.689706,0.693902]],"s":1.26371,"sphereCenter":[-56.1503,253.688,-21.4688],"sphereRadius":59.8443,"stabilizedPalmPosition":[6.92241,252.197,4.44095],"t":[-3.4655,4.41296,6.71575],"timeVisible":67.2192,"type":"right","wrist":[-10.9056,254.531,62.6178]}],"id":1805517,"interactionBox":{"center":[0,200,0],"size":[235.247,235.247,147.751]},"pointables":[{"bases":[[[0.36759,0.923921,0.106049],[-0.829483,0.274163,0.486613],[0.420517,-0.26684,0.867157]],[[0.308221,0.951256,-0.0105539],[-0.940694,0.303107,-0.152387],[-0.14176,0.0568966,0.988265]],[[0.308221,0.951256,-0.0105539],[-0.864629,0.275491,-0.420145],[-0.396758,0.138623,0.907395]],[[0.308221,0.951256,-0.0105539],[-0.799839,0.253121,-0.544231],[-0.515032,0.176185,0.838869]]],"btipPosition":[-6.32945,230.53,-38.249],"carpPosition":[-38.9871,242.22,61.6535],"dipPosition":[-18.383,234.653,-18.6164],"direction":[0.396758,-0.138623,-0.907395],"extended":false,"handId":506,"id":5060,"length":52.1164,"mcpPosition":[-38.9871,242.22,61.6535],"pipPosition":[-31.9108,239.38,12.3217],"stabilizedTipPosition":[-18.8056,208.863,19.1184],"timeVisible":67.2192,"tipPosition":[-10.0714,231.484,-33.91],"tipVelocity":[81.7797,132,-332.936],"tool":false,"touchDistance":-0.597058,"touchZone":"hovering","type":0,"width":20.25},{"bases":[[[0.987649,0.0868345,-0.130419],[-0.0640915,0.983455,0.169438],[0.142974,-0.158987,0.976873]],[[0.997838,0.0606846,0.0252152],[-0.0643132,0.822982,0.564416],[0.0134997,-0.564817,0.825106]],[[0.997838,0.0606846,0.0252152],[-0.0657096,0.916582,0.394411],[0.000822848,-0.395215,0.918588]],[[0.997838,0.0606846,0.0252152],[-0.0648244,0.971922,0.226197],[-0.0107806,-0.227342,0.973755]]],"btipPosition":[-42.5062,313.808,-88.3156],"carpPosition":[-31.572,264.409,57.8409],"dipPosition":[-42.6904,309.924,-71.6784],"direction":[-0.000822848,0.395215,-0.918588],"extended":true,"handId":506,"id":5061,"length":58.8075,"mcpPosition":[-42.0906,276.106,-14.0273],"pipPosition":[-42.6706,300.371,-49.4758],"stabilizedTipPosition":[-33.188,290.805,-58.4037],"timeVisible":67.2192,"tipPosition":[-42.606,312.414,-84.6584],"tipVelocity":[56.995,127.654,-329.074],"tool":false,"touchDistance":-0.600949,"touchZone":"hovering","type":1,"width":19.3428},{"bases":[[[0.994243,-0.104379,-0.0242017],[0.10696,0.980248,0.166356],[0.00635955,-0.167987,0.985769]],[[0.993941,-0.101157,-0.042995],[0.00623455,0.442422,-0.896785],[0.109738,0.891084,0.440372]],[[0.993941,-0.101157,-0.042995],[-0.108158,-0.830462,-0.546475],[0.0195741,0.547814,-0.836371]],[[0.993941,-0.101157,-0.042995],[-0.0966134,-0.990573,0.0971141],[-0.0524135,-0.0923718,-0.994344]]],"btipPosition":[-25.0398,222.162,8.43318],"carpPosition":[-19.735,267.234,55.9653],"dipPosition":[-26.0247,220.426,-10.2525],"direction":[-0.0195741,-0.547814,0.836371],"extended":false,"handId":506,"id":5062,"length":67.0064,"mcpPosition":[-20.1787,278.955,-12.8098],"pipPosition":[-25.4681,236.004,-34.0359],"stabilizedTipPosition":[-3.38792,209.172,17.8776],"timeVisible":67.2192,"tipPosition":[-25.2684,221.789,3.86852],"tipVelocity":[73.0544,121.764,-301.973],"tool":false,"touchDistance":0.333333,"touchZone":"none","type":2,"width":18.9972},{"bases":[[[0.973431,-0.201559,0.108655],[0.177869,0.964431,0.195541],[-0.144203,-0.17102,0.974658]],[[0.973408,-0.201586,0.108813],[0.182565,0.395737,-0.900035],[0.138374,0.895966,0.422016]],[[0.973408,-0.201586,0.108813],[-0.115825,-0.842911,-0.525439],[0.197641,0.498863,-0.843845]],[[0.973408,-0.201586,0.108813],[-0.212632,-0.971819,0.101757],[0.0852335,-0.122188,-0.98884]]],"btipPosition":[-11.7066,226.124,16.9541],"carpPosition":[-7.48948,266.979,55.0105],"dipPosition":[-10.1141,223.841,-1.52138],"direction":[-0.197641,-0.498863,0.843845],"extended":false,"handId":506,"id":5063,"length":64.4285,"mcpPosition":[1.54339,277.691,-6.04207],"pipPosition":[-4.63908,237.66,-24.8976],"stabilizedTipPosition":[14.6156,213.749,15.9375],"timeVisible":67.2192,"tipPosition":[-11.2384,225.512,12.1186],"tipVelocity":[60.0043,138.313,-276.411],"tool":false,"touchDistance":0.333333,"touchZone":"none","type":3,"width":18.077},{"bases":[[[0.907339,-0.37656,0.186918],[0.313664,0.902417,0.295396],[-0.279912,-0.209395,0.936911]],[[0.919937,-0.365875,0.140898],[0.293749,0.405185,-0.865758],[0.259669,0.837831,0.48022]],[[0.919937,-0.365875,0.140898],[-0.222619,-0.783273,-0.580451],[0.322734,0.502612,-0.802013]],[[0.919937,-0.365875,0.140898],[-0.371895,-0.928098,0.018111],[0.12414,-0.0690601,-0.989858]]],"btipPosition":[3.25409,233.442,16.6871],"carpPosition":[4.6571,259.565,55.2458],"dipPosition":[5.39388,232.251,-0.374938],"direction":[-0.322734,-0.502612,0.802013],"extended":false,"handId":506,"id":5064,"length":50.5107,"mcpPosition":[20.8879,271.707,0.918852],"pipPosition":[11.7062,242.082,-16.0613],"stabilizedTipPosition":[26.4673,221.52,15.9601],"timeVisible":67.2192,"tipPosition":[3.85625,233.213,12.7078],"tipVelocity":[53.4336,140.205,-296.899],"tool":false,"touchDistance":0.333333,"touchZone":"none","type":4,"width":16.0574}],"r":[[0.96914,0.0473172,0.241929],[0.134026,0.722542,-0.678211],[-0.206895,0.689706,0.693902]],"s":1.26371,"t":[-3.4655,4.41296,6.71575],"timestamp":97881692572},false],[6,{"currentFrameRate":100.876,"devices":[],"gestures":[],"hands":[{"armBasis":[[0.958503,0.187649,-0.214617],[-0.0556869,0.86156,0.504593],[0.279592,-0.471702,0.836257]],"armWidth":63.72,"confidence":0.64205,"direction":[0.0180394,0.324175,-0.945825],"elbow":[64.7776,127.415,286.097],"grabStrength":0,"id":506,"palmNormal":[0.0531606,-0.944952,-0.322862],"palmPosition":[-17.1191,267.859,7.5766],"palmVelocity":[32.8419,107.224,-300.15],"palmWidth":90.99,"pinchStrength":0.548762,"r":[[0.967583,0.0529493,0.246942],[0.13245,0.726136,-0.674673],[-0.215037,0.685509,0.695583]],"s":1.26609,"sphereCenter":[-55.3347,254.428,-23.9557],"sphereRadius":59.6935,"stabilizedPalmPosition":[6.91013,252.205,4.44256],"t":[-3.13479,5.32857,4.03106],"timeVisible":67.2287,"type":"right","wrist":[-10.7122,254.775,60.3072]}],"id":1805518,"interactionBox":{"center":[0,200,0],"size":[235.247,235.247,147.751]},"pointables":[{"bases":[[[0.357735,0.926337,0.118009],[-0.834339,0.260304,0.485922],[0.419409,-0.272291,0.865999]],[[0.298124,0.954527,0.000555702],[-0.943343,0.29472,-0.152458],[-0.145689,0.0449272,0.98831]],[[0.298124,0.954527,0.000555702],[-0.865709,0.270629,-0.421078],[-0.402081,0.125053,0.907024]],[[0.298124,0.954527,0.000555702],[-0.800236,0.250252,-0.544974],[-0.520331,0.162025,0.838453]]],"btipPosition":[-5.50362,231.894,-40.8028],"carpPosition":[-38.6629,242.193,59.0797],"dipPosition":[-17.6812,235.686,-21.1799],"direction":[0.402081,-0.125053,-0.907024],"extended":false,"handId":506,"id":5060,"length":52.1164,"mcpPosition":[-38.6629,242.193,59.0797],"pipPosition":[-31.3904,239.95,9.7456],"stabilizedTipPosition":[-18.7627,208.96,18.8919],"timeVisible":67.2287,"tipPosition":[-9.21599,232.788,-36.4617],"tipVelocity":[82.4092,133.063,-314.624],"tool":false,"touchDistance":-0.604026,"touchZone":"hovering","type":0,"width":20.25},{"bases":[[[0.987278,0.0982548,-0.125013],[-0.0748018,0.980796,0.180124],[0.14031,-0.168481,0.975668]],[[0.997032,0.0702595,0.0314758],[-0.0755998,0.816206,0.572794],[0.0145535,-0.573473,0.819095]],[[0.997032,0.0702595,0.0314758],[-0.0769875,0.911149,0.404821],[-0.000236634,-0.406043,0.913854]],[[0.997032,0.0702595,0.0314758],[-0.0757531,0.968233,0.238298],[-0.0137332,-0.239975,0.970682]]],"btipPosition":[-42.1641,315.444,-90.0943],"carpPosition":[-31.4567,264.497,55.5484],"dipPosition":[-42.3988,311.344,-73.5096],"direction":[0.000236634,0.406042,-0.913854],"extended":true,"handId":506,"id":5061,"length":58.8075,"mcpPosition":[-41.7792,276.892,-16.2311],"pipPosition":[-42.4045,301.53,-51.4214],"stabilizedTipPosition":[-33.2062,290.852,-58.4597],"timeVisible":67.2287,"tipPosition":[-42.2998,314.016,-86.4466],"tipVelocity":[50.6218,138.981,-288.719],"tool":false,"touchDistance":-0.596049,"touchZone":"hovering","type":1,"width":19.3428},{"bases":[[[0.995347,-0.0940619,-0.0209099],[0.0962848,0.97935,0.177772],[0.00375654,-0.178958,0.983849]],[[0.995094,-0.0906291,-0.0396846],[0.00563902,0.452413,-0.891791],[0.098776,0.887192,0.450704]],[[0.995094,-0.0906291,-0.0396846],[-0.0973485,-0.825317,-0.556215],[0.0176568,0.557349,-0.83009]],[[0.995094,-0.0906291,-0.0396846],[-0.0869861,-0.992534,0.0855006],[-0.0471372,-0.0816291,-0.995547]]],"btipPosition":[-24.2802,222.87,5.70529],"carpPosition":[-19.6408,267.463,53.7575],"dipPosition":[-25.166,221.336,-13.003],"direction":[-0.0176568,-0.557349,0.83009],"extended":false,"handId":506,"id":5062,"length":67.0064,"mcpPosition":[-19.9029,279.948,-14.8837],"pipPosition":[-24.6639,237.185,-36.6078],"stabilizedTipPosition":[-3.40451,209.182,17.8647],"timeVisible":67.2287,"tipPosition":[-24.4853,222.548,1.13713],"tipVelocity":[75.7378,109.622,-297.914],"tool":false,"touchDistance":0.333333,"touchZone":"none","type":2,"width":18.9972},{"bases":[[[0.974941,-0.19293,0.110758],[0.167222,0.963923,0.207097],[-0.146718,-0.183386,0.972031]],[[0.974953,-0.192915,0.11068],[0.1817,0.403882,-0.896585],[0.128263,0.894239,0.428819]],[[0.974953,-0.192915,0.11068],[-0.105934,-0.840352,-0.531588],[0.195562,0.506549,-0.83974]],[[0.974953,-0.192915,0.11068],[-0.203408,-0.974676,0.0929061],[0.0899542,-0.113092,-0.989504]]],"btipPosition":[-11.0278,226.955,14.5577],"carpPosition":[-7.38928,267.342,52.8548],"dipPosition":[-9.34709,224.842,-3.93016],"direction":[-0.195562,-0.506549,0.83974],"extended":false,"handId":506,"id":5063,"length":64.4285,"mcpPosition":[1.80111,278.829,-8.0332],"pipPosition":[-3.92964,238.875,-27.1926],"stabilizedTipPosition":[14.5831,213.765,15.9302],"timeVisible":67.2287,"tipPosition":[-10.5409,226.374,9.67689],"tipVelocity":[63.9186,124.923,-269.595],"tool":false,"touchDistance":0.333333,"touchZone":"none","type":3,"width":18.077},{"bases":[[[0.910286,-0.369456,0.186765],[0.303202,0.902167,0.30686],[-0.281864,-0.222703,0.93325]],[[0.922537,-0.358572,0.14266],[0.293072,0.410472,-0.863494],[0.251067,0.838414,0.483763]],[[0.922537,-0.358572,0.14266],[-0.214296,-0.783435,-0.583359],[0.320941,0.507599,-0.799588]],[[0.922537,-0.358572,0.14266],[-0.363802,-0.931405,0.0115345],[0.128738,-0.0625409,-0.989705]]],"btipPosition":[3.80092,234.466,14.5399],"carpPosition":[4.83073,260.049,53.0618],"dipPosition":[6.01995,233.388,-2.51944],"direction":[-0.320941,-0.507599,0.799588],"extended":false,"handId":506,"id":5064,"length":50.5107,"mcpPosition":[21.1747,272.962,-1.05293],"pipPosition":[12.2972,243.316,-18.1584],"stabilizedTipPosition":[26.4396,221.536,15.9534],"timeVisible":67.2287,"tipPosition":[4.43467,234.231,10.445],"tipVelocity":[55.1795,131.71,-276.552],"tool":false,"touchDistance":0.333333,"touchZone":"none","type":4,"width":1