{"sensorType":"Leap","data":[[0,{"currentFrameRate":101.86,"devices":[],"gestures":[],"hands":[{"armBasis":[[0.905926,-0.195357,-0.375678],[0.33125,0.879622,0.341376],[0.263765,-0.433705,0.861584]],"armWidth":63.72,"confidence":0.538738,"direction":[0.225775,0.630566,-0.742571],"elbow":[64.6353,128.462,299.679],"grabStrength":0.271559,"id":506,"palmNormal":[-0.265874,-0.693431,-0.669675],"palmPosition":[-2.68192,279.275,24.1436],"palmVelocity":[-60.8648,80.7365,-250.676],"palmWidth":90.99,"pinchStrength":0.394961,"r":[[0.920358,-0.349823,0.174826],[0.384127,0.892543,-0.236248],[-0.0733946,0.284589,0.955836]],"s":1.18579,"sphereCenter":[-16.0195,258.511,-17.4487],"sphereRadius":44.4625,"stabilizedPalmPosition":[15.341,263.276,10.3125],"t":[12.1783,16.855,20.6053],"timeVisible":63.9548,"type":"right","wrist":[-6.58119,245.562,67.0509]}],"id":1805184,"interactionBox":{"center":[0,200,0],"size":[235.247,235.247,147.751]},"pointables":[{"bases":[[[0.658987,0.60298,0.449612],[-0.723459,0.344597,0.598214],[0.205776,-0.719491,0.663316]],[[0.608459,0.727659,0.316686],[-0.768723,0.441327,0.462921],[0.197087,-0.525112,0.827897]],[[0.608459,0.727659,0.316686],[-0.718084,0.674714,-0.170632],[-0.337835,-0.123584,0.933057]],[[0.608459,0.727659,0.316686],[-0.792945,0.573494,0.205775],[-0.0318833,-0.37632,0.925941]]],"btipPosition":[-34.5161,285.087,-32.1345],"carpPosition":[-36.9429,245.854,62.6756],"dipPosition":[-35.2623,276.28,-10.4641],"direction":[0.337835,0.123584,-0.933057],"extended":false,"handId":506,"id":5060,"length":52.1164,"mcpPosition":[-36.9429,245.854,62.6756],"pipPosition":[-46.781,272.066,21.349],"stabilizedTipPosition":[-14.8164,266.229,-33.8537],"timeVisible":63.9548,"tipPosition":[-34.9378,283.895,-26.6007],"tipVelocity":[-77.9834,83.2556,-239.741],"tool":false,"touchDistance":-0.253842,"touchZone":"hovering","type":0,"width":20.25},{"bases":[[[0.961799,-0.237804,-0.135614],[0.272607,0.786652,0.553953],[-0.0250515,-0.569761,0.821429]],[[0.956241,-0.157943,-0.246287],[0.173839,0.983788,0.0440531],[0.235336,-0.0849397,0.968195]],[[0.956241,-0.157943,-0.246287],[0.1364,0.985356,-0.102315],[0.25884,0.0642447,0.963781]],[[0.956241,-0.157943,-0.246287],[0.110192,0.974207,-0.196921],[0.271037,0.161165,0.948981]]],"btipPosition":[-40.9241,304.608,-73.8024],"carpPosition":[-21.7694,263.348,67.7347],"dipPosition":[-36.2933,307.362,-57.5884],"direction":[-0.25884,-0.0642447,-0.963781],"extended":true,"handId":506,"id":5061,"length":58.8075,"mcpPosition":[-19.9264,305.265,7.30253],"pipPosition":[-30.037,308.915,-34.2935],"stabilizedTipPosition":[-27.4125,290.681,-63.0264],"timeVisible":63.9548,"tipPosition":[-40.1567,304.247,-69.8299],"tipVelocity":[-74.6288,145.141,-248.369],"tool":false,"touchDistance":-0.209959,"touchZone":"hovering","type":1,"width":19.3428},{"bases":[[[0.888913,-0.443192,-0.115824],[0.43067,0.722424,0.540951],[-0.156071,-0.53074,0.833041]],[[0.890504,-0.437587,-0.124576],[0.197888,0.619069,-0.759996],[0.409686,0.652128,0.637877]],[[0.890504,-0.437587,-0.124576],[-0.342346,-0.46411,-0.816946],[0.299669,0.770142,-0.563098]],[[0.890504,-0.437587,-0.124576],[-0.448562,-0.798592,-0.401301],[0.0761186,0.41324,-0.907435]]],"btipPosition":[-28.3853,238.057,10.7414],"carpPosition":[-9.5751,262.126,66.5419],"dipPosition":[-26.9549,245.822,-6.31113],"direction":[-0.299669,-0.770142,0.563098],"extended":false,"handId":506,"id":5062,"length":67.0064,"mcpPosition":[1.31366,299.155,8.42232],"pipPosition":[-18.4334,267.722,-22.3236],"stabilizedTipPosition":[-12.9859,224.163,6.30093],"timeVisible":63.9548,"tipPosition":[-28.1625,239.571,6.90631],"tipVelocity":[-108.152,96.3655,-236.608],"tool":false,"touchDistance":0.333333,"touchZone":"none","type":2,"width":18.9972},{"bases":[[[0.821245,-0.569654,-0.0324201],[0.487883,0.671627,0.557573],[-0.29585,-0.473721,0.829495]],[[0.824016,-0.565133,-0.0402908],[0.34159,0.552286,-0.760458],[0.452012,0.612866,0.648136]],[[0.824016,-0.565133,-0.0402908],[-0.345891,-0.445468,-0.825783],[0.448729,0.694394,-0.562547]],[[0.824016,-0.565133,-0.0402908],[-0.529253,-0.742417,-0.410742],[0.202211,0.359781,-0.910861]]],"btipPosition":[-16.065,234.127,16.6138],"carpPosition":[1.80746,257.794,64.9296],"dipPosition":[-12.2869,240.85,-0.404705],"direction":[-0.448729,-0.694394,0.562547],"extended":false,"handId":506,"id":5063,"length":64.4285,"mcpPosition":[20.3395,287.468,12.9701],"pipPosition":[0.143782,260.086,-15.9884],"stabilizedTipPosition":[0.788878,219.676,8.7584],"timeVisible":63.9548,"tipPosition":[-15.2374,235.507,12.6631],"tipVelocity":[-106.687,85.4412,-232.221],"tool":false,"touchDistance":0.333333,"touchZone":"none","type":3,"width":18.077},{"bases":[[[0.689507,-0.723743,-0.0278758],[0.58161,0.53034,0.616822],[-0.431636,-0.441516,0.786609]],[[0.719752,-0.688833,-0.0864092],[0.445836,0.554039,-0.703044],[0.532154,0.467493,0.705877]],[[0.719752,-0.688833,-0.0864092],[-0.398857,-0.308429,-0.863588],[0.568217,0.656034,-0.496739]],[[0.719752,-0.688833,-0.0864092],[-0.638004,-0.607243,-0.473505],[0.273694,0.395935,-0.876543]]],"btipPosition":[0.810063,236.409,15.7832],"carpPosition":[10.4293,246.993,61.5297],"dipPosition":[5.52768,243.233,0.674395],"direction":[-0.568217,-0.656034,0.496739],"extended":false,"handId":506,"id":5064,"length":50.5107,"mcpPosition":[35.4579,272.595,15.918],"pipPosition":[16.6413,256.065,-9.04121],"stabilizedTipPosition":[19.2431,221.857,4.21311],"timeVisible":63.9548,"tipPosition":[1.66216,237.895,12.2531],"tipVelocity":[-103.62,69.9183,-244.649],"tool":false,"touchDistance":0.333333,"touchZone":"none","type":4,"width":16.0574}],"r":[[0.920358,-0.349823,0.174826],[0.384127,0.892543,-0.236248],[-0.0733946,0.284589,0.955836]],"s":1.18579,"t":[12.1783,16.855,20.6053],"timestamp":97878428220},false],[1,{"currentFrameRate":101.995,"devices":[],"gestures":[],"hands":[{"armBasis":[[0.905554,-0.20218,-0.372956],[0.335602,0.87918,0.338252],[0.259507,-0.43147,0.863996]],"armWidth":63.72,"confidence":0.527483,"direction":[0.22171,0.630097,-0.744193],"elbow":[63.2938,129.728,298.533],"grabStrength":0.262953,"id":506,"palmNormal":[-0.272136,-0.692881,-0.667726],"palmPosition":[-3.11417,279.929,22.3186],"palmVelocity":[-56.3694,77.233,-233.513],"palmWidth":90.99,"pinchStrength":0.387951,"r":[[0.918658,-0.356214,0.170819],[0.389446,0.88918,-0.240188],[-0.0663304,0.287176,0.955579]],"s":1.18732,"sphereCenter":[-16.9538,259.315,-19.181],"sphereRadius":44.5004,"stabilizedPalmPosition":[15.2746,263.336,10.3557],"t":[11.6896,17.5845,18.3468],"timeVisible":63.9644,"type":"right","wrist":[-6.7732,246.225,65.2535]}],"id":1805185,"interactionBox":{"center":[0,200,0],"size":[235.247,235.247,147.751]},"pointables":[{"bases":[[[0.663461,0.601618,0.444832],[-0.718407,0.346093,0.603417],[0.209073,-0.719914,0.661825]],[[0.61224,0.726386,0.312289],[-0.764426,0.442872,0.468527],[0.202027,-0.525573,0.826413]],[[0.61224,0.726386,0.312289],[-0.718115,0.676126,-0.164814],[-0.330866,-0.123354,0.935581]],[[0.61224,0.726386,0.312289],[-0.790176,0.576093,0.209138],[-0.0279927,-0.374807,0.92668]]],"btipPosition":[-35.3135,285.793,-33.7418],"carpPosition":[-37.165,246.58,61.0976],"dipPosition":[-35.9687,277.021,-12.0541],"direction":[0.330866,0.123354,-0.935581],"extended":false,"handId":506,"id":5060,"length":52.1164,"mcpPosition":[-37.165,246.58,61.0976],"pipPosition":[-47.2497,272.815,19.8451],"stabilizedTipPosition":[-14.9614,266.352,-33.8178],"timeVisible":63.9644,"tipPosition":[-35.7101,284.593,-28.209],"tipVelocity":[-78.9542,80.8035,-219.033],"tool":false,"touchDistance":-0.280564,"touchZone":"hovering","type":0,"width":20.25},{"bases":[[[0.960301,-0.239792,-0.142551],[0.278225,0.786088,0.551957],[-0.0202973,-0.569706,0.821598]],[[0.95422,-0.160518,-0.252387],[0.17794,0.982888,0.0476359],[0.240422,-0.0903647,0.966453]],[[0.95422,-0.160518,-0.252387],[0.14067,0.985495,-0.09493],[0.263964,0.0550808,0.962958]],[[0.95422,-0.160518,-0.252387],[0.114552,0.975586,-0.187374],[0.276302,0.149885,0.949311]]],"btipPosition":[-41.856,305.946,-75.4137],"carpPosition":[-21.9193,264.043,66.0467],"dipPosition":[-37.1353,308.507,-59.1941],"direction":[-0.263964,-0.0550808,-0.962959],"extended":true,"handId":506,"id":5061,"length":58.8075,"mcpPosition":[-20.426,305.956,5.60209],"pipPosition":[-30.7551,309.838,-35.9191],"stabilizedTipPosition":[-27.9388,291.305,-63.3675],"timeVisible":63.9644,"tipPosition":[-41.0817,305.458,-71.4406],"tipVelocity":[-80.6415,142.357,-225.375],"tool":false,"touchDistance":-0.236793,"touchZone":"hovering","type":1,"width":19.3428},{"bases":[[[0.887135,-0.445029,-0.122232],[0.436057,0.721533,0.537815],[-0.151149,-0.530414,0.834155]],[[0.8886,-0.439709,-0.130557],[0.194941,0.619685,-0.760256],[0.415196,0.650113,0.63637]],[[0.8886,-0.439709,-0.130557],[-0.348224,-0.461443,-0.815972],[0.298546,0.770536,-0.563155]],[[0.8886,-0.439709,-0.130557],[-0.453007,-0.796668,-0.400131],[0.0719309,0.4147,-0.907111]]],"btipPosition":[-29.045,238.762,8.95586],"carpPosition":[-9.73646,262.796,64.7659],"dipPosition":[-27.6933,246.555,-8.09057],"direction":[-0.298546,-0.770536,0.563155],"extended":false,"handId":506,"id":5062,"length":67.0064,"mcpPosition":[0.808877,299.802,6.56859],"pipPosition":[-19.2037,268.466,-24.1047],"stabilizedTipPosition":[-13.3819,224.575,6.26911],"timeVisible":63.9644,"tipPosition":[-28.8186,240.297,5.17192],"tipVelocity":[-97.4365,90.0592,-222.27],"tool":false,"touchDistance":0.333333,"touchZone":"none","type":2,"width":18.9972},{"bases":[[[0.81981,-0.571351,-0.0383397],[0.493284,0.670618,0.554024],[-0.290831,-0.473107,0.831617]],[[0.822512,-0.56687,-0.0461692],[0.337301,0.55155,-0.762903],[0.457931,0.611924,0.644862]],[[0.822512,-0.56687,-0.0461692],[-0.352622,-0.444582,-0.82341],[0.446241,0.693546,-0.565565]],[[0.822512,-0.56687,-0.0461692],[-0.533677,-0.741183,-0.407231],[0.196627,0.359592,-0.912158]]],"btipPosition":[-16.6529,234.804,14.8769],"carpPosition":[1.62519,258.44,63.0715],"dipPosition":[-12.9791,241.522,-2.16587],"direction":[-0.446241,-0.693546,0.565565],"extended":false,"handId":506,"id":5063,"length":64.4285,"mcpPosition":[19.8428,288.075,10.979],"pipPosition":[-0.617354,260.735,-17.8331],"stabilizedTipPosition":[0.472951,219.993,8.80025],"timeVisible":63.9644,"tipPosition":[-15.8463,236.187,10.925],"tipVelocity":[-94.3999,81.2059,-217.89],"tool":false,"touchDistance":0.333333,"touchZone":"none","type":3,"width":18.077},{"bases":[[[0.68779,-0.725166,-0.0328418],[0.587144,0.529138,0.612597],[-0.426857,-0.440621,0.789713]],[[0.717639,-0.690378,-0.0914994],[0.441402,0.552536,-0.707014],[0.538664,0.466993,0.701255]],[[0.717639,-0.690378,-0.0914994],[-0.40586,-0.307836,-0.860532],[0.565925,0.654687,-0.501112]],[[0.717639,-0.690378,-0.0914994],[-0.642574,-0.605761,-0.469204],[0.268501,0.395514,-0.878337]]],"btipPosition":[0.207683,237.036,13.9631],"carpPosition":[10.1999,247.621,59.6097],"dipPosition":[4.83579,243.853,-1.17666],"direction":[-0.565925,-0.654687,0.501112],"extended":false,"handId":506,"id":5064,"length":50.5107,"mcpPosition":[34.9513,273.171,13.818],"pipPosition":[15.9046,256.658,-10.9778],"stabilizedTipPosition":[19.0643,222.023,4.27549],"timeVisible":63.9644,"tipPosition":[1.05314,238.531,10.4177],"tipVelocity":[-92.5534,68.6524,-229.294],"tool":false,"touchDistance":0.333333,"touchZone":"none","type":4,"width":16.0574}],"r":[[0.918658,-0.356214,0.170819],[0.389446,0.88918,-0.240188],[-0.0663304,0.287176,0.955579]],"s":1.18732,"t":[11.6896,17.5845,18.3468],"timestamp":97878437765},false],[2,{"currentFrameRate":101.979,"devices":[],"gestures":[],"hands":[{"armBasis":[[0.903351,-0.210556,-0.373661],[0.342805,0.878029,0.333992],[0.257762,-0.429805,0.865348]],"armWidth":63.72,"confidence":0.530097,"direction":[0.224603,0.62959,-0.743754],"elbow":[62.3039,130.588,297.234],"grabStrength":0.257232,"id":506,"palmNormal":[-0.27817,-0.69007,-0.66815],"palmPosition":[-3.48382,280.373,20.6947],"palmVelocity":[-50.8084,67.7365,-213.262],"palmWidth":90.99,"pinchStrength":0.383285,"r":[[0.916815,-0.362631,0.16718],[0.394793,0.88598,-0.243263],[-0.059903,0.289029,0.955444]],"s":1.18876,"sphereCenter":[-17.7172,260.035,-20.7992],"sphereRadius":44.5231,"stabilizedPalmPosition":[15.2176,263.387,10.3871],"t":[11.2604,18.1713,16.4057],"timeVisible":63.9742,"type":"right","wrist":[-7.29177,246.636,63.5903]}],"id":1805186,"interactionBox":{"center":[0,200,0],"size":[235.247,235.247,147.751]},"pointables":[{"bases":[[[0.66843,0.596432,0.444376],[-0.714852,0.35018,0.605276],[0.205394,-0.722248,0.660432]],[[0.617831,0.721701,0.312142],[-0.760438,0.44741,0.4707],[0.200049,-0.528178,0.825233]],[[0.617831,0.721701,0.312142],[-0.713905,0.681238,-0.162033],[-0.329583,-0.122731,0.936116]],[[0.617831,0.721701,0.312142],[-0.785745,0.581711,0.210276],[-0.0298201,-0.375179,0.926472]]],"btipPosition":[-35.7391,286.535,-35.3003],"carpPosition":[-37.6884,247.205,59.4936],"dipPosition":[-36.437,277.754,-13.6175],"direction":[0.329583,0.122731,-0.936116],"extended":false,"handId":506,"id":5060,"length":52.1164,"mcpPosition":[-37.6884,247.205,59.4936],"pipPosition":[-47.6743,273.57,18.3],"stabilizedTipPosition":[-15.0952,266.468,-33.7954],"timeVisible":63.9742,"tipPosition":[-36.1381,285.323,-29.7715],"tipVelocity":[-68.6883,79.1651,-201.133],"tool":false,"touchDistance":-0.304235,"touchZone":"hovering","type":0,"width":20.25},{"bases":[[[0.958356,-0.246182,-0.144733],[0.284677,0.783394,0.552497],[-0.0226315,-0.570691,0.820853]],[[0.952582,-0.16657,-0.254641],[0.185484,0.981271,0.051989],[0.241212,-0.0967556,0.965637]],[[0.952582,-0.16657,-0.254641],[0.14871,0.984958,-0.0879898],[0.265467,0.0459498,0.963024]],[[0.952582,-0.16657,-0.254641],[0.122845,0.976152,-0.178985],[0.278382,0.139217,0.950327]]],"btipPosition":[-42.1844,307.209,-76.9523],"carpPosition":[-22.3136,264.556,64.4372],"dipPosition":[-37.4281,309.587,-60.7154],"direction":[-0.265467,-0.0459498,-0.963024],"extended":true,"handId":506,"id":5061,"length":58.8075,"mcpPosition":[-20.6486,306.541,4.04738],"pipPosition":[-31.0117,310.698,-37.4387],"stabilizedTipPosition":[-28.4309,291.921,-63.736],"timeVisible":63.9742,"tipPosition":[-41.3939,306.645,-72.9884],"tipVelocity":[-66.4113,136.962,-204.847],"tool":false,"touchDistance":-0.26237,"touchZone":"hovering","type":1,"width":19.3428},{"bases":[[[0.883821,-0.450939,-0.124555],[0.442034,0.717776,0.537962],[-0.153185,-0.530519,0.833717]],[[0.88524,-0.445865,-0.132491],[0.198849,0.620274,-0.758762],[0.420486,0.645341,0.637751]],[[0.88524,-0.445865,-0.132491],[-0.352087,-0.456195,-0.817264],[0.303948,0.770124,-0.560826]],[[0.88524,-0.445865,-0.132491],[-0.45915,-0.792106,-0.402181],[0.0743718,0.41686,-0.905923]]],"btipPosition":[-29.763,239.401,7.19653],"carpPosition":[-10.1421,263.227,63.1312],"dipPosition":[-28.3654,247.235,-9.82757],"direction":[-0.303948,-0.770124,0.560826],"extended":false,"handId":506,"id":5062,"length":67.0064,"mcpPosition":[0.545363,300.24,4.96444],"pipPosition":[-19.7222,269.134,-25.7754],"stabilizedTipPosition":[-13.738,224.944,6.20284],"timeVisible":63.9742,"tipPosition":[-29.5091,240.959,3.45761],"tipVelocity":[-89.8844,82.9307,-209.266],"tool":false,"touchDistance":0.333333,"touchZone":"none","type":2,"width":18.9972},{"bases":[[[0.815792,-0.576912,-0.0407059],[0.498941,0.666447,0.553991],[-0.292476,-0.472251,0.831527]],[[0.818442,-0.572553,-0.0483361],[0.339489,0.549721,-0.763253],[0.463574,0.608268,0.644289]],[[0.818442,-0.572553,-0.0483361],[-0.357276,-0.441214,-0.823215],[0.450008,0.691023,-0.565668]],[[0.818442,-0.572553,-0.0483361],[-0.539528,-0.73684,-0.407402],[0.197644,0.359514,-0.911969]]],"btipPosition":[-17.3644,235.34,13.2448],"carpPosition":[1.18611,258.796,61.4089],"dipPosition":[-13.6716,242.057,-3.7944],"direction":[-0.450008,-0.691023,0.565668],"extended":false,"handId":506,"id":5063,"length":64.4285,"mcpPosition":[19.5068,288.377,9.32206],"pipPosition":[-1.20552,261.2,-19.4645],"stabilizedTipPosition":[0.187746,220.277,8.80907],"timeVisible":63.9742,"tipPosition":[-16.5471,236.733,9.28364],"tipVelocity":[-87.7377,73.3089,-202.484],"tool":false,"touchDistance":0.333333,"touchZone":"none","type":3,"width":18.077},{"bases":[[[0.682729,-0.729825,-0.0351642],[0.59194,0.524245,0.612188],[-0.428356,-0.438774,0.78993]],[[0.712501,-0.695426,-0.0934088],[0.443324,0.549346,-0.708296],[0.543881,0.463251,0.699709]],[[0.712501,-0.695426,-0.0934088],[-0.409873,-0.304445,-0.859836],[0.569514,0.650919,-0.501954]],[[0.712501,-0.695426,-0.0934088],[-0.64762,-0.600526,-0.468995],[0.270057,0.394653,-0.878247]]],"btipPosition":[-0.507164,237.451,12.3261],"carpPosition":[9.67969,247.923,57.9156],"dipPosition":[4.14776,244.254,-2.81212],"direction":[-0.569514,-0.650919,0.501954],"extended":false,"handId":506,"id":5064,"length":50.5107,"mcpPosition":[34.518,273.365,12.1114],"pipPosition":[15.2868,256.985,-12.6297],"stabilizedTipPosition":[18.9026,222.172,4.31541],"timeVisible":63.9742,"tipPosition":[0.364535,238.955,8.76376],"tipVelocity":[-86.4837,60.7339,-210.676],"tool":false,"touchDistance":0.333333,"touchZone":"none","type":4,"width":16.0574}],"r":[[0.916815,-0.362631,0.16718],[0.394793,0.88598,-0.243263],[-0.059903,0.289029,0.955444]],"s":1.18876,"t":[11.2604,18.1713,16.4057],"timestamp":97878447602},false],[3,{"currentFrameRate":101.959,"devices":[],"gestures":[],"hands":[{"armBasis":[[0.901575,-0.225985,-0.368908],[0.351533,0.879706,0.320223],[0.252165,-0.418388,0.872562]],"armWidth":63.72,"confidence":0.492497,"direction":[0.227711,0.636683,-0.736738],"elbow":[60.1672,133.658,296.367],"grabStrength":0.246212,"id":506,"palmNormal":[-0.283697,-0.68041,-0.67569],"palmPosition":[-3.94706,280.83,18.2681],"palmVelocity":[-49.6951,61.4226,-223.093],"palmWidth":90.99,"pinchStrength":0.374044,"r":[[0.914851,-0.369358,0.163165],[0.400152,0.883424,-0.243802],[-0.0540934,0.288334,0.956001]],"s":1.19048,"sphereCenter":[-18.7052,261.31,-23.4171],"sphereRadius":44.5645,"stabilizedPalmPosition":[15.1711,263.43,10.4062],"t":[10.8142,18.6932,14.2218],"timeVisible":63.984,"type":"right","wrist":[-7.91741,246.623,60.7751]}],"id":1805187,"interactionBox":{"center":[0,200,0],"size":[235.247,235.247,147.751]},"pointables":[{"bases":[[[0.673007,0.586796,0.450257],[-0.711647,0.347852,0.610375],[0.201542,-0.731211,0.651699]],[[0.623084,0.713861,0.319637],[-0.756721,0.446821,0.477205],[0.197837,-0.539215,0.818601]],[[0.623084,0.713861,0.319637],[-0.709786,0.687744,-0.152352],[-0.328587,-0.131946,0.935212]],[[0.623084,0.713861,0.319637],[-0.781489,0.585052,0.216769],[-0.0322611,-0.384858,0.922412]]],"btipPosition":[-36.2326,287.863,-37.6059],"carpPosition":[-38.3154,247.44,56.7311],"dipPosition":[-36.9876,278.855,-16.0181],"direction":[0.328587,0.131946,-0.935212],"extended":false,"handId":506,"id":5060,"length":52.1164,"mcpPosition":[-38.3154,247.44,56.7311],"pipPosition":[-48.191,274.357,15.8685],"stabilizedTipPosition":[-15.2195,266.581,-33.7887],"timeVisible":63.984,"tipPosition":[-36.6355,286.576,-32.0966],"tipVelocity":[-63.584,94.0819,-211.574],"tool":false,"touchDistance":-0.337057,"touchZone":"hovering","type":0,"width":20.25},{"bases":[[[0.956494,-0.250821,-0.149023],[0.290658,0.775025,0.561118],[-0.0252433,-0.580021,0.81421]],[[0.95103,-0.169549,-0.258447],[0.193373,0.978658,0.0695401],[0.24114,-0.116111,0.963519]],[[0.95103,-0.169549,-0.258447],[0.157942,0.985294,-0.0651906],[0.265699,0.0211787,0.963823]],[[0.95103,-0.169549,-0.258447],[0.132926,0.979206,-0.153253],[0.279056,0.111394,0.953792]]],"btipPosition":[-42.5115,309.876,-79.0359],"carpPosition":[-22.8188,264.631,61.8525],"dipPosition":[-37.7437,311.779,-62.7398],"direction":[-0.265699,-0.0211786,-0.963823],"extended":true,"handId":506,"id":5061,"length":58.8075,"mcpPosition":[-20.9617,307.303,1.95133],"pipPosition":[-31.3216,312.291,-39.4438],"stabilizedTipPosition":[-28.9264,292.623,-64.1769],"timeVisible":63.984,"tipPosition":[-41.7154,309.077,-75.0788],"tipVelocity":[-56.5017,173.337,-206.442],"tool":false,"touchDistance":-0.295516,"touchZone":"hovering","type":1,"width":19.3428},{"bases":[[[0.880631,-0.455301,-0.131109],[0.447555,0.708541,0.545586],[-0.155509,-0.539138,0.827736]],[[0.882053,-0.450216,-0.13888],[0.201926,0.627561,-0.751926],[0.425685,0.635195,0.644453]],[[0.882053,-0.450216,-0.13888],[-0.356229,-0.444358,-0.821977],[0.308355,0.774501,-0.552327]],[[0.882053,-0.450216,-0.13888],[-0.464979,-0.78427,-0.41075],[0.0760062,0.426879,-0.901109]]],"btipPosition":[-30.5237,240.189,4.34027],"carpPosition":[-10.6582,263.237,60.5128],"dipPosition":[-29.0953,248.21,-12.5934],"direction":[-0.308355,-0.774501,0.552327],"extended":false,"handId":506,"id":5062,"length":67.0064,"mcpPosition":[0.191333,300.851,2.7633],"pipPosition":[-20.3269,270.234,-28.2996],"stabilizedTipPosition":[-14.0413,225.258,6.09674],"timeVisible":63.984,"tipPosition":[-30.2608,241.793,0.615113],"tipVelocity":[-85.9316,83.3584,-232.577],"tool":false,"touchDistance":0.333333,"touchZone":"none","type":2,"width":18.9972},{"bases":[[[0.811887,-0.581786,-0.0486251],[0.504143,0.656654,0.560933],[-0.294413,-0.479928,0.826432]],[[0.814425,-0.577577,-0.055833],[0.342933,0.556701,-0.756625],[0.468091,0.597067,0.651461]],[[0.814425,-0.577577,-0.055833],[-0.359559,-0.426788,-0.829801],[0.455445,0.695885,-0.55526]],[[0.814425,-0.577577,-0.055833],[-0.54417,-0.726807,-0.419083],[0.201473,0.371694,-0.906229]]],"btipPosition":[-18.2154,235.915,10.1612],"carpPosition":[0.637826,258.751,58.7221],"dipPosition":[-14.451,242.859,-6.77079],"direction":[-0.455445,-0.695885,0.55526],"extended":false,"handId":506,"id":5063,"length":64.4285,"mcpPosition":[19.0798,288.814,6.95443],"pipPosition":[-1.83429,262.137,-22.1526],"stabilizedTipPosition":[-0.0536797,220.514,8.77408],"timeVisible":63.984,"tipPosition":[-17.3546,237.39,6.28005],"tipVelocity":[-86.8539,70.4496,-234.526],"tool":false,"touchDistance":0.333333,"touchZone":"none","type":3,"width":18.077},{"bases":[[[0.677821,-0.733869,-0.0446572],[0.59628,0.513173,0.617336],[-0.430127,-0.445071,0.785431]],[[0.707671,-0.699081,-0.102408],[0.445942,0.554364,-0.702721],[0.54803,0.451627,0.704057]],[[0.707671,-0.699081,-0.102408],[-0.41299,-0.291679,-0.862765],[0.573272,0.652847,-0.495126]],[[0.707671,-0.699081,-0.102408],[-0.652182,-0.590574,-0.47527],[0.271773,0.403124,-0.87386]]],"btipPosition":[-1.27982,237.984,9.39854],"carpPosition":[9.05408,247.864,55.0902],"dipPosition":[3.40467,244.933,-5.66401],"direction":[-0.573272,-0.652847,0.495126],"extended":false,"handId":506,"id":5064,"length":50.5107,"mcpPosition":[33.9951,273.671,9.54681],"pipPosition":[14.6172,257.702,-15.3481],"stabilizedTipPosition":[18.7653,222.297,4.32705],"timeVisible":63.984,"tipPosition":[-0.394149,239.527,5.85393],"tipVelocity":[-83.9071,59.7924,-235.815],"tool":false,"touchDistance":0.333333,"touchZone":"none","type":4,"width":16.0574}],"r":[[0.914851,-0.369358,0.163165],[0.400152,0.883424,-0.243802],[-0.0540934,0.288334,0.956001]],"s":1.19048,"t":[10.8142,18.6932,14.2218],"timestamp":97878457448},false],[4,{"currentFrameRate":102.264,"devices":[],"gestures":[],"hands":[{"armBasis":[[0.896544,-0.235745,-0.375012],[0.361006,0.879461,0.3102],[0.25668,-0.413489,0.87358]],"armWidth":63.72,"confidence":0.49705,"direction":[0.234323,0.637657,-0.733816],"elbow":[60.4615,135.507,294.523],"grabStrength":0.233988,"id":506,"palmNormal":[-0.289596,-0.674777,-0.678829],"palmPosition":[-4.51386,281.5,16.3],"palmVelocity":[-53.034,64.6027,-220.555],"palmWidth":90.99,"pinchStrength":0.363871,"r":[[0.912495,-0.376596,0.159773],[0.406136,0.880792,-0.243431],[-0.0490517,0.28702,0.956668]],"s":1.19239,"sphereCenter":[-19.7508,262.551,-25.4555],"sphereRadius":44.6097,"stabilizedPalmPosition":[15.1336,263.464,10.4175],"t":[10.3077,19.2889,12.1458],"timeVisible":63.9932,"type":"right","wrist":[-8.84218,247.149,58.6563]}],"id":1805188,"interactionBox":{"center":[0,200,0],"size":[235.247,235.247,147.751]},"pointables":[{"bases":[[[0.678181,0.578446,0.45329],[-0.708804,0.351957,0.611329],[0.194082,-0.735885,0.648695]],[[0.629497,0.706678,0.323017],[-0.752914,0.452061,0.47829],[0.191974,-0.544286,0.816639]],[[0.629497,0.706678,0.323017],[-0.703539,0.694844,-0.149079],[-0.329797,-0.133411,0.934578]],[[0.629497,0.706678,0.323017],[-0.775961,0.593278,0.214256],[-0.0402287,-0.385522,0.921821]]],"btipPosition":[-36.6246,289.013,-39.6108],"carpPosition":[-39.2278,248.272,54.5928],"dipPosition":[-37.5661,279.99,-18.0368],"direction":[0.329797,0.133411,-0.934578],"extended":false,"handId":506,"id":5060,"length":52.1164,"mcpPosition":[-39.2278,248.272,54.5928],"pipPosition":[-48.8107,275.442,13.8282],"stabilizedTipPosition":[-15.3305,266.685,-33.7931],"timeVisible":63.9932,"tipPosition":[-37.0715,287.712,-34.1056],"tipVelocity":[-59.0283,102.646,-213.472],"tool":false,"touchDistance":-0.361806,"touchZone":"hovering","type":0,"width":20.25},{"bases":[[[0.954192,-0.259237,-0.149379],[0.297545,0.769814,0.564671],[-0.0313894,-0.583252,0.811685]],[[0.949541,-0.177169,-0.258812],[0.204113,0.975589,0.0810242],[0.238139,-0.129763,0.962523]],[[0.949541,-0.177169,-0.258812],[0.170441,0.984179,-0.0483926],[0.263291,0.00183846,0.964715]],[[0.949541,-0.177169,-0.258812],[0.146523,0.980171,-0.133402],[0.277315,0.0887487,0.956671]]],"btipPosition":[-42.5967,312.216,-80.9306],"carpPosition":[-23.573,265.293,59.7999],"dipPosition":[-37.8586,313.733,-64.5853],"direction":[-0.263291,-0.00183846,-0.964715],"extended":true,"handId":506,"id":5061,"length":58.8075,"mcpPosition":[-21.2637,308.202,0.0845658],"pipPosition":[-31.4948,313.777,-41.2677],"stabilizedTipPosition":[-29.4043,293.38,-64.6705],"timeVisible":63.9932,"tipPosition":[-41.8157,311.211,-76.9779],"tipVelocity":[-43.5006,193.327,-205.985],"tool":false,"touchDistance":-0.322549,"touchZone":"hovering","type":1,"width":19.3428},{"bases":[[[0.87638,-0.463064,-0.132404],[0.453817,0.701912,0.548971],[-0.161273,-0.541194,0.825288]],[[0.877837,-0.458028,-0.140047],[0.208578,0.62879,-0.749079],[0.431159,0.628358,0.647509]],[[0.877837,-0.458028,-0.140047],[-0.35968,-0.437326,-0.824243],[0.31628,0.773922,-0.548645]],[[0.877837,-0.458028,-0.140047],[-0.472065,-0.777952,-0.414664],[0.0809779,0.430118,-0.899133]]],"btipPosition":[-31.4711,241.169,2.17253],"carpPosition":[-11.4252,263.789,58.4634],"dipPosition":[-29.9494,249.252,-14.724],"direction":[-0.31628,-0.773922,0.548645],"extended":false,"handId":506,"id":5062,"length":67.0064,"mcpPosition":[-0.173504,301.547,0.884728],"pipPosition":[-20.9555,271.26,-30.3255],"stabilizedTipPosition":[-14.2974,225.525,5.97962],"timeVisible":63.9932,"tipPosition":[-31.1856,242.792,-1.54563],"tipVelocity":[-90.0605,90.3025,-233.198],"tool":false,"touchDistance":0.333333,"touchZone":"none","type":2,"width":18.9972},{"bases":[[[0.806374,-0.589245,-0.050517],[0.509898,0.649425,0.564137],[-0.299608,-0.480664,0.824134]],[[0.80884,-0.585224,-0.0573746],[0.349591,0.557027,-0.753331],[0.472826,0.589266,0.655134]],[[0.80884,-0.585224,-0.0573746],[-0.361298,-0.417617,-0.833702],[0.463942,0.695061,-0.549225]],[[0.80884,-0.585224,-0.0573746],[-0.549953,-0.718316,-0.426114],[0.208159,0.376211,-0.902848]]],"btipPosition":[-19.2703,236.701,7.85056],"carpPosition":[-0.170725,259.204,56.662],"dipPosition":[-15.3811,243.73,-9.01826],"direction":[-0.463942,-0.695061,0.549225],"extended":false,"handId":506,"id":5063,"length":64.4285,"mcpPosition":[18.5967,289.313,5.03825],"pipPosition":[-2.52898,262.985,-24.2329],"stabilizedTipPosition":[-0.256118,220.711,8.721],"timeVisible":63.9932,"tipPosition":[-18.3587,238.22,4.03114],"tipVelocity":[-93.7732,75.2487,-238.765],"tool":false,"touchDistance":0.333333,"touchZone":"none","type":3,"width":18.077},{"bases":[[[0.670869,-0.740066,-0.0473056],[0.600625,0.504836,0.619991],[-0.434953,-0.444346,0.783181]],[[0.701034,-0.70539,-0.104763],[0.45177,0.552958,-0.700101],[0.551774,0.443466,0.706316]],[[0.701034,-0.70539,-0.104763],[-0.414984,-0.284049,-0.864352],[0.579948,0.649416,-0.491854]],[[0.701034,-0.70539,-0.104763],[-0.657345,-0.582228,-0.478444],[0.276493,0.404271,-0.871847]]],"btipPosition":[-2.2536,238.668,7.24978],"carpPosition":[8.14483,248.253,52.9896],"dipPosition":[2.51226,245.636,-7.77807],"direction":[-0.579948,-0.649415,0.491854],"extended":false,"handId":506,"id":5064,"length":50.5107,"mcpPosition":[33.3657,274.019,7.57665],"pipPosition":[13.8553,258.338,-17.3981],"stabilizedTipPosition":[18.6495,222.401,4.32395],"timeVisible":63.9932,"tipPosition":[-1.34463,240.218,3.71292],"tipVelocity":[-89.4858,63.9926,-234.97],"tool":false,"touchDistance":0.333333,"touchZone":"none","type":4,"width":16.0574}],"r":[[0.912495,-0.376596,0.159773],[0.406136,0.880792,-0.243431],[-0.0490517,0.28702,0.956668]],"s":1.19239,"t":[10.3077,19.2889,12.1458],"timestamp":97878466644},false],[5,{"currentFrameRate":102.143,"devices":[],"gestures":[],"hands":[{"armBasis":[[0.897628,-0.233261,-0.373971],[0.358402,0.880145,0.311276],[0.25654,-0.413442,0.873644]],"armWidth":63.72,"confidence":0.499915,"direction":[0.232108,0.628571,-0.74231],"elbow":[59.8034,136.604,292.869],"grabStrength":0.222195,"id":506,"palmNormal":[-0.289135,-0.68407,-0.669663],"palmPosition":[-5.25699,282.042,14.1829],"palmVelocity":[-59.3819,61.4551,-217.764],"palmWidth":90.99,"pinchStrength":0.354833,"r":[[0.910761,-0.381598,0.157789],[0.410488,0.878186,-0.245538],[-0.044871,0.288397,0.956459]],"s":1.19439,"sphereCenter":[-20.8188,262.766,-27.2779],"sphereRadius":44.653,"stabilizedPalmPosition":[15.0978,263.497,10.4241],"t":[9.68286,19.8579,10.0492],"timeVisible":64.0033,"type":"right","wrist":[-9.46235,248.234,56.9855]}],"id":1805189,"interactionBox":{"center":[0,200,0],"size":[235.247,235.247,147.751]},"pointables":[{"bases":[[[0.677618,0.585594,0.444876],[-0.708709,0.35844,0.607661],[0.196381,-0.727049,0.657901]],[[0.628482,0.712088,0.312955],[-0.75324,0.456826,0.473223],[0.194011,-0.533142,0.82348]],[[0.628482,0.712088,0.312955],[-0.705412,0.691327,-0.156401],[-0.327725,-0.122467,0.936802]],[[0.628482,0.712088,0.312955],[-0.77672,0.595981,0.203748],[-0.0414285,-0.37113,0.927656]]],"btipPosition":[-37.3964,288.719,-41.8095],"carpPosition":[-39.8554,249.244,52.948],"dipPosition":[-38.3659,280.033,-20.099],"direction":[0.327725,0.122467,-0.936802],"extended":false,"handId":506,"id":5060,"length":52.1164,"mcpPosition":[-39.8554,249.244,52.948],"pipPosition":[-49.5399,275.858,11.8418],"stabilizedTipPosition":[-15.4336,266.778,-33.8071],"timeVisible":64.0033,"tipPosition":[-37.8582,287.487,-36.2902],"tipVelocity":[-64.628,65.3074,-214.315],"tool":false,"touchDistance":-0.386468,"touchZone":"hovering","type":0,"width":20.25},{"bases":[[[0.95451,-0.25927,-0.147273],[0.296747,0.777638,0.554275],[-0.0291822,-0.572764,0.819201]],[[0.949517,-0.178407,-0.258049],[0.203791,0.976138,0.0749984],[0.238511,-0.1238,0.963216]],[[0.949517,-0.178407,-0.258049],[0.171091,0.983949,-0.0507227],[0.262956,0.0040121,0.964799]],[[0.949517,-0.178407,-0.258049],[0.147845,0.979959,-0.133501],[0.276695,0.0886099,0.956864]]],"btipPosition":[-43.411,312.207,-83.4047],"carpPosition":[-24.2277,266.362,57.9139],"dipPosition":[-38.6835,313.721,-67.0561],"direction":[-0.262956,-0.0040121,-0.964799],"extended":true,"handId":506,"id":5061,"length":58.8075,"mcpPosition":[-22.0808,308.5,-2.35442],"pipPosition":[-32.3278,313.818,-43.7365],"stabilizedTipPosition":[-29.8764,294.081,-65.2176],"timeVisible":64.0033,"tipPosition":[-42.6241,311.131,-79.4487],"tipVelocity":[-54.9218,134.944,-218.256],"tool":false,"touchDistance":-0.355727,"touchZone":"hovering","type":1,"width":19.3428},{"bases":[[[0.877125,-0.463013,-0.12756],[0.453133,0.709846,0.539248],[-0.159131,-0.530789,0.83243]],[[0.878526,-0.458201,-0.135071],[0.206688,0.619524,-0.757278],[0.430665,0.637371,0.638972]],[[0.878526,-0.458201,-0.135071],[-0.359623,-0.448276,-0.818364],[0.314427,0.767529,-0.558602]],[[0.878526,-0.458201,-0.135071],[-0.471043,-0.783919,-0.404463],[0.0794409,0.418955,-0.904525]]],"btipPosition":[-32.1686,241.476,0.587676],"carpPosition":[-12.0786,264.865,56.5809],"dipPosition":[-30.6758,249.349,-16.4102],"direction":[-0.314427,-0.767529,0.558602],"extended":false,"handId":506,"id":5062,"length":67.0064,"mcpPosition":[-0.976359,301.897,-1.49608],"pipPosition":[-21.7346,271.175,-32.2948],"stabilizedTipPosition":[-14.5382,225.769,5.85184],"timeVisible":64.0033,"tipPosition":[-31.8819,243.059,-3.1451],"tipVelocity":[-84.1112,70.9244,-211.344],"tool":false,"touchDistance":0.333333,"touchZone":"none","type":2,"width":18.9972},{"bases":[[[0.807475,-0.588261,-0.0439557],[0.509338,0.65767,0.555018],[-0.297587,-0.470551,0.830676]],[[0.809856,-0.584436,-0.050674],[0.347678,0.54776,-0.760972],[0.472497,0.59866,0.646802]],[[0.809856,-0.584436,-0.050674],[-0.36098,-0.42839,-0.828357],[0.462413,0.689143,-0.557904]],[[0.809856,-0.584436,-0.050674],[-0.548786,-0.724259,-0.417472],[0.207284,0.365901,-0.907276]]],"btipPosition":[-19.9702,237.079,6.29829],"carpPosition":[-0.817417,260.279,54.8241],"dipPosition":[-16.0973,243.916,-10.6533],"direction":[-0.462413,-0.689143,0.557904],"extended":false,"handId":506,"id":5063,"length":64.4285,"mcpPosition":[17.8234,289.754,2.79056],"pipPosition":[-3.28752,263.006,-26.1083],"stabilizedTipPosition":[-0.447204,220.893,8.65683],"timeVisible":64.0033,"tipPosition":[-19.0508,238.568,2.47102],"tipVelocity":[-86.6928,62.6539,-214.133],"tool":false,"touchDistance":0.333333,"touchZone":"none","type":3,"width":18.077},{"bases":[[[0.672274,-0.739294,-0.0386152],[0.600424,0.513995,0.612618],[-0.433057,-0.435033,0.789436]],[[0.702144,-0.7055,-0.0962445],[0.449855,0.54431,-0.708066],[0.551927,0.453868,0.699557]],[[0.702144,-0.7055,-0.0962445],[-0.415337,-0.296019,-0.860155],[0.57835,0.643927,-0.500869]],[[0.702144,-0.7055,-0.0962445],[-0.656718,-0.589418,-0.470433],[0.275162,0.393517,-0.877171]]],"btipPosition":[-2.94447,239.098,5.68732],"carpPosition":[7.51509,249.298,51.2826],"dipPosition":[1.79844,245.881,-9.43231],"direction":[-0.57835,-0.643927,0.500869],"extended":false,"handId":506,"id":5064,"length":50.5107,"mcpPosition":[32.626,274.523,5.50707],"pipPosition":[13.1103,258.475,-19.2287],"stabilizedTipPosition":[18.5378,222.501,4.31243],"timeVisible":64.0033,"tipPosition":[-2.02968,240.606,2.13041],"tipVelocity":[-83.4703,56.3671,-211.846],"tool":false,"touchDistance":0.333333,"touchZone":"none","type":4,"width":16.0574}],"r":[[0.910761,-0.381598,0.157789],[0.410488,0.878186,-0.245538],[-0.044871,0.288397,0.956459]],"s":1.19439,"t":[9.68286,19.8579,10.0492],"timestamp":97878476665},false],[6,{"currentFrameRate":102.349,"devices":[],"gestures":[],"hands":[{"armBasis":[[0.899213,-0.233304,-0.370115],[0.356675,0.880829,0.311324],[0.253375,-0.411957,0.875267]],"armWidth":63.72,"confidence":0.507183,"direction":[0.233093,0.624139,-0.745734],"elbow":[58.3973,137.781,292.089],"grabStrength":0.210849,"id":506,"palmNormal":[-0.287348,-0.688409,-0.665976],"palmPosition":[-5.7501,282.556,12.7646],"palmVelocity":[-57.4487,59.5484,-198.85],"palmWidth":90.99,"pinchStrength":0.346556,"r":[[0.909347,-0.385265,0.157033],[0.413921,0.875835,-0.248158],[-0.0419285,0.290661,0.955907]],"s":1.19636,"sphereCenter":[-21.4939,263.232,-28.583],"sphereRadius":44.6938,"stabilizedPalmPosition":[15.0675,263.524,10.4275],"t":[9.12389,20.3992,8.29181],"timeVisible":64.0126,"type":"right","wrist":[-10.014,249.009,55.7673]}],"id":1805190,"interactionBox":{"center":[0,200,0],"size":[235.247,235.247,147.751]},"pointables":[{"bases":[[[0.676336,0.588827,0.442552],[-0.71014,0.361674,0.604064],[0.19563,-0.722824,0.662763]],[[0.627334,0.714525,0.309686],[-0.754545,0.459328,0.468701],[0.192651,-0.527704,0.827293]],[[0.627334,0.714525,0.309686],[-0.705933,0.689679,-0.161251],[-0.328802,-0.117459,0.937066]],[[0.627334,0.714525,0.309686],[-0.777368,0.598255,0.194395],[-0.0463714,-0.362691,0.930755]]],"btipPosition":[-37.7206,288.808,-43.3644],"carpPosition":[-40.3999,249.973,51.665],"dipPosition":[-38.8058,280.32,-21.5814],"direction":[0.328802,0.117459,-0.937066],"extended":false,"handId":506,"id":5060,"length":52.1164,"mcpPosition":[-40.3999,249.973,51.665],"pipPosition":[-50.0165,276.315,10.3685],"stabilizedTipPosition":[-15.5122,266.848,-33.823],"timeVisible":64.0126,"tipPosition":[-38.2199,287.61,-37.8397],"tipVelocity":[-56.8899,50.8096,-200.018],"tool":false,"touchDistance":-0.399228,"touchZone":"hovering","type":0,"width":20.25},{"bases":[[[0.954979,-0.25948,-0.143824],[0.295116,0.781266,0.550026],[-0.0303556,-0.567709,0.82267]],[[0.950119,-0.17917,-0.255289],[0.204443,0.975928,0.0759456],[0.235537,-0.124349,0.963877]],[[0.950119,-0.17917,-0.255289],[0.172892,0.983818,-0.0470183],[0.259582,0.00053555,0.965721]],[[0.950119,-0.17917,-0.255289],[0.1504,0.980273,-0.128239],[0.27323,0.0834467,0.958323]]],"btipPosition":[-43.6226,312.802,-85.0943],"carpPosition":[-24.7941,267.132,56.555],"dipPosition":[-38.9543,314.227,-68.7208],"direction":[-0.259582,-0.00053555,-0.965721],"extended":true,"handId":506,"id":5061,"length":58.8075,"mcpPosition":[-22.5608,308.898,-3.96845],"pipPosition":[-32.6801,314.24,-45.3789],"stabilizedTipPosition":[-30.2462,294.637,-65.6878],"timeVisible":64.0126,"tipPosition":[-42.8478,311.646,-81.1386],"tipVelocity":[-46.1329,113.979,-207.254],"tool":false,"touchDistance":-0.373746,"touchZone":"hovering","type":1,"width":19.3428},{"bases":[[[0.877702,-0.463153,-0.123001],[0.45158,0.713497,0.535721],[-0.16036,-0.525748,0.835388]],[[0.879082,-0.458499,-0.130363],[0.207996,0.61504,-0.760568],[0.428898,0.641486,0.636037]],[[0.879082,-0.458499,-0.130363],[-0.357492,-0.453254,-0.816554],[0.315301,0.764421,-0.562357]],[[0.879082,-0.458499,-0.130363],[-0.469685,-0.786522,-0.400974],[0.0813125,0.413718,-0.906767]]],"btipPosition":[-32.6205,241.884,-0.65442],"carpPosition":[-12.6414,265.636,55.2548],"dipPosition":[-31.0925,249.659,-17.6944],"direction":[-0.315301,-0.764421,0.562357],"extended":false,"handId":506,"id":5062,"length":67.0064,"mcpPosition":[-1.4534,302.316,-3.02856],"pipPosition":[-22.1264,271.396,-33.6858],"stabilizedTipPosition":[-14.7311,225.964,5.73844],"timeVisible":64.0126,"tipPosition":[-32.3196,243.451,-4.39096],"tipVelocity":[-73.6523,62.4328,-189.208],"tool":false,"touchDistance":0.333333,"touchZone":"none","type":2,"width":18.9972},{"bases":[[[0.807981,-0.587933,-0.0387585],[0.507792,0.661461,0.551921],[-0.298855,-0.465623,0.832995]],[[0.810329,-0.584215,-0.0453744],[0.348863,0.5432,-0.763694],[0.470809,0.603014,0.643982]],[[0.810329,-0.584215,-0.0453744],[-0.358804,-0.433471,-0.826657],[0.463277,0.686145,-0.560874]],[[0.810329,-0.584215,-0.0453744],[-0.547331,-0.726963,-0.414673],[0.209273,0.360857,-0.908838]]],"btipPosition":[-20.4326,237.522,5.11456],"carpPosition":[-1.37353,261.047,53.5482],"dipPosition":[-16.5225,244.264,-11.8662],"direction":[-0.463277,-0.686145,0.560874],"extended":false,"handId":506,"id":5063,"length":64.4285,"mcpPosition":[17.3468,290.214,1.36935],"pipPosition":[-3.68879,263.272,-27.4035],"stabilizedTipPosition":[-0.602419,221.041,8.59626],"timeVisible":64.0126,"tipPosition":[-19.4996,238.996,1.285],"tipVelocity":[-75.8043,57.5966,-189.344],"tool":false,"touchDistance":0.333333,"touchZone":"none","type":3,"width":18.077},{"bases":[[[0.672878,-0.739029,-0.032745],[0.598869,0.51821,0.610585],[-0.434271,-0.430459,0.791274]],[[0.702675,-0.705771,-0.0901958],[0.451122,0.539954,-0.71059],[0.550216,0.458624,0.697801]],[[0.702675,-0.705771,-0.0901958],[-0.413028,-0.301387,-0.859403],[0.579358,0.641134,-0.50328]],[[0.702675,-0.705771,-0.0901958],[-0.655213,-0.592435,-0.46874],[0.277388,0.388469,-0.878719]]],"btipPosition":[-3.41307,239.559,4.52475],"carpPosition":[6.97369,250.051,50.0907],"dipPosition":[1.36821,246.255,-10.6216],"direction":[-0.579358,-0.641134,0.50328],"extended":false,"handId":506,"id":5064,"length":50.5107,"mcpPosition":[32.155,275.011,4.20856],"pipPosition":[12.6998,258.794,-20.4651],"stabilizedTipPosition":[18.4445,222.584,4.29779],"timeVisible":64.0126,"tipPosition":[-2.47778,241.048,0.968431],"tipVelocity":[-73.6781,53.7116,-187.049],"tool":false,"touchDistance":0.333333,"touchZone":"none","type":4,"width":16.0574}],"r":[[0.909347,-0.385265,