{"sensorType":"Leap","data":[[0,{"currentFrameRate":103.818,"devices":[],"gestures":[],"hands":[{"armBasis":[[0.945129,0.235702,-0.226221],[-0.0733806,0.827914,0.556034],[0.31835,-0.508923,0.799781]],"armWidth":63.72,"confidence":0.634893,"direction":[0.00288989,0.276962,-0.960876],"elbow":[78.8235,129.425,295.346],"grabStrength":0,"id":506,"palmNormal":[0.0761308,-0.958153,-0.275948],"palmPosition":[-14.2467,277.1,26.1437],"palmVelocity":[-26.6373,131.623,-348.108],"palmWidth":90.99,"pinchStrength":0.613783,"r":[[0.909721,0.058021,0.411147],[0.315572,0.54692,-0.775431],[-0.269856,0.835172,0.479235]],"s":1.26528,"sphereCenter":[-44.1966,261.035,-4.27778],"sphereRadius":55.1708,"stabilizedPalmPosition":[4.91465,258.013,8.45204],"t":[0.299518,14.1037,23.3785],"timeVisible":70.6178,"type":"right","wrist":[-7.13108,266.835,79.4049]}],"id":1805864,"interactionBox":{"center":[0,200,0],"size":[235.247,235.247,147.751]},"pointables":[{"bases":[[[0.333698,0.940157,0.0689163],[-0.837629,0.26218,0.479206],[0.432461,-0.217637,0.874993]],[[0.26987,0.961367,-0.0542563],[-0.95314,0.25871,-0.156823],[-0.136728,0.0940358,0.986135]],[[0.26987,0.961367,-0.0542563],[-0.78583,0.187331,-0.589388],[-0.556454,0.201694,0.806026]],[[0.26987,0.961367,-0.0542563],[-0.776455,0.183947,-0.602728],[-0.569463,0.204786,0.7961]]],"btipPosition":[4.38127,237.112,-16.3063],"carpPosition":[-34.744,253.476,79.0327],"dipPosition":[-8.94621,241.905,2.32526],"direction":[0.556454,-0.201694,-0.806026],"extended":false,"handId":506,"id":5060,"length":52.1164,"mcpPosition":[-34.744,253.476,79.0327],"pipPosition":[-27.9188,248.782,29.8072],"stabilizedTipPosition":[-3.80199,216.607,38.9373],"timeVisible":70.6178,"tipPosition":[1.82519,237.763,-11.4469],"tipVelocity":[-14.3927,148.632,-360.4],"tool":false,"touchDistance":-0.54778,"touchZone":"hovering","type":0,"width":20.25},{"bases":[[[0.983424,0.11783,-0.137817],[-0.0997001,0.986251,0.131788],[0.151451,-0.115863,0.981651]],[[0.994978,0.0976333,0.0220691],[-0.093299,0.824725,0.557785],[0.0362574,-0.557042,0.829692]],[[0.994978,0.0976333,0.0220691],[-0.0981716,0.908801,0.405517],[0.0195356,-0.405647,0.913821]],[[0.994978,0.0976333,0.0220691],[-0.100031,0.96188,0.25452],[0.00362184,-0.255449,0.966816]]],"btipPosition":[-41.3937,322.383,-72.1323],"carpPosition":[-28.1598,275.758,74.339],"dipPosition":[-41.3318,318.019,-55.6137],"direction":[-0.0195356,0.405647,-0.913821],"extended":true,"handId":506,"id":5061,"length":58.8075,"mcpPosition":[-39.302,284.282,2.11934],"pipPosition":[-40.8597,308.214,-33.5262],"stabilizedTipPosition":[-36.8689,302.998,-38.5619],"timeVisible":70.6178,"tipPosition":[-41.5998,321.202,-68.3563],"tipVelocity":[1.80385,176.167,-334.797],"tool":false,"touchDistance":-0.515645,"touchZone":"hovering","type":1,"width":19.3428},{"bases":[[[0.997335,-0.0687766,-0.0243594],[0.071344,0.98919,0.128111],[0.0152851,-0.129507,0.991461]],[[0.996779,-0.0659894,-0.0455706],[-0.0118991,0.440256,-0.897794],[0.0793076,0.895444,0.438053]],[[0.996779,-0.0659894,-0.0455706],[-0.0801113,-0.845349,-0.528173],[-0.00366925,0.530122,-0.847913]],[[0.996779,-0.0659894,-0.0455706],[-0.0589688,-0.988226,0.141178],[-0.0543503,-0.138036,-0.988935]]],"btipPosition":[-20.2031,232.335,24.7155],"carpPosition":[-16.4398,278.941,72.3063],"dipPosition":[-21.2245,229.741,6.1314],"direction":[0.00366925,-0.530122,0.847913],"extended":false,"handId":506,"id":5062,"length":67.0064,"mcpPosition":[-17.5062,287.976,3.13411],"pipPosition":[-21.3288,244.815,-17.9802],"stabilizedTipPosition":[-7.71424,216.98,25.3582],"timeVisible":70.6178,"tipPosition":[-20.3556,232.033,20.9853],"tipVelocity":[-15.3839,133.413,-339.648],"tool":false,"touchDistance":0.333333,"touchZone":"none","type":2,"width":18.9972},{"bases":[[[0.980479,-0.161457,0.11222],[0.142868,0.977116,0.157583],[-0.135095,-0.138475,0.981109]],[[0.979298,-0.162625,0.12053],[0.174145,0.373319,-0.911211],[0.103189,0.913338,0.393911]],[[0.979298,-0.162625,0.12053],[-0.0852837,-0.871493,-0.482935],[0.183579,0.462658,-0.867321]],[[0.979298,-0.162625,0.12053],[-0.180941,-0.970215,0.161067],[0.090747,-0.179541,-0.979556]]],"btipPosition":[-7.125,237.501,34.5826],"carpPosition":[-4.19586,279.097,71.3105],"dipPosition":[-5.42948,234.147,16.2806],"direction":[-0.183579,-0.462658,0.867321],"extended":false,"handId":506,"id":5063,"length":64.4285,"mcpPosition":[4.26648,287.771,9.85386],"pipPosition":[-0.343981,246.963,-7.74594],"stabilizedTipPosition":[8.63332,219.961,29.617],"timeVisible":70.6178,"tipPosition":[-6.55955,236.718,29.8636],"tipVelocity":[-27.6595,148.62,-296.637],"tool":false,"touchDistance":0.333333,"touchZone":"none","type":3,"width":18.077},{"bases":[[[0.921079,-0.335613,0.197428],[0.281128,0.92401,0.259175],[-0.269408,-0.183218,0.945437]],[[0.938109,-0.321526,0.128732],[0.257195,0.397808,-0.880681],[0.231951,0.859285,0.455882]],[[0.938109,-0.321526,0.128732],[-0.205187,-0.815401,-0.541313],[0.279014,0.481397,-0.830908]],[[0.938109,-0.321526,0.128732],[-0.332939,-0.939594,0.0794691],[0.0954042,-0.117411,-0.98849]]],"btipPosition":[8.53389,244.996,34.1284],"carpPosition":[8.21547,272.147,71.7794],"dipPosition":[10.1784,242.972,17.09],"direction":[-0.279014,-0.481397,0.830908],"extended":false,"handId":506,"id":5064,"length":50.5107,"mcpPosition":[23.8371,282.771,16.9581],"pipPosition":[15.6355,252.388,0.838475],"stabilizedTipPosition":[23.2383,228.585,26.8967],"timeVisible":70.6178,"tipPosition":[8.99268,244.651,30.0069],"tipVelocity":[-26.5116,142.073,-314.077],"tool":false,"touchDistance":0.333333,"touchZone":"none","type":4,"width":16.0574}],"r":[[0.909721,0.058021,0.411147],[0.315572,0.54692,-0.775431],[-0.269856,0.835172,0.479235]],"s":1.26528,"t":[0.299518,14.1037,23.3785],"timestamp":97885091203},false],[1,{"currentFrameRate":103.826,"devices":[],"gestures":[],"hands":[{"armBasis":[[0.946605,0.236113,-0.219522],[-0.0758429,0.824887,0.560187],[0.313349,-0.513626,0.798749]],"armWidth":63.72,"confidence":0.638638,"direction":[0.00328233,0.280927,-0.959723],"elbow":[77.3114,128.85,292.944],"grabStrength":0,"id":506,"palmNormal":[0.0786125,-0.956831,-0.279812],"palmPosition":[-14.375,277.997,24.0558],"palmVelocity":[-22.7751,120.506,-310.056],"palmWidth":90.99,"pinchStrength":0.607055,"r":[[0.908428,0.0590248,0.413854],[0.31634,0.550134,-0.77284],[-0.273292,0.832988,0.481085]],"s":1.26811,"sphereCenter":[-44.2258,262.051,-6.4147],"sphereRadius":55.1775,"stabilizedPalmPosition":[4.90881,258.019,8.45677],"t":[0.119761,15.243,20.602],"timeVisible":70.6274,"type":"right","wrist":[-7.29276,267.529,77.282]}],"id":1805865,"interactionBox":{"center":[0,200,0],"size":[235.247,235.247,147.751]},"pointables":[{"bases":[[[0.331477,0.940623,0.0731485],[-0.838737,0.258293,0.479381],[0.432023,-0.220256,0.874553]],[[0.26766,0.962208,-0.0501368],[-0.95366,0.257141,-0.156242],[-0.137445,0.0896332,0.986446]],[[0.26766,0.962208,-0.0501368],[-0.786818,0.188245,-0.587777],[-0.556126,0.196773,0.807468]],[[0.26766,0.962208,-0.0501368],[-0.776046,0.18445,-0.603101],[-0.571061,0.200335,0.796088]]],"btipPosition":[4.31257,238.237,-18.5784],"carpPosition":[-34.8747,254.109,76.825],"dipPosition":[-9.05231,242.926,0.0529264],"direction":[0.556126,-0.196773,-0.807468],"extended":false,"handId":506,"id":5060,"length":52.1164,"mcpPosition":[-34.8747,254.109,76.825],"pipPosition":[-28.0137,249.635,27.584],"stabilizedTipPosition":[-3.79097,216.657,38.821],"timeVisible":70.6274,"tipPosition":[1.75523,238.879,-13.7296],"tipVelocity":[-12.5471,138.712,-324.343],"tool":false,"touchDistance":-0.555417,"touchZone":"hovering","type":0,"width":20.25},{"bases":[[[0.983299,0.120638,-0.136272],[-0.102092,0.98547,0.135743],[0.150668,-0.119564,0.981327]],[[0.994721,0.0997117,0.0242401],[-0.0960739,0.821955,0.561391],[0.0360529,-0.560756,0.827196]],[[0.994721,0.0997117,0.0242401],[-0.10085,0.906304,0.410418],[0.0189545,-0.410696,0.911575]],[[0.994721,0.0997117,0.0242401],[-0.10258,0.959985,0.260589],[0.00271359,-0.2617,0.965146]]],"btipPosition":[-41.4744,323.711,-74.0272],"carpPosition":[-28.3363,276.426,72.2302],"dipPosition":[-41.428,319.24,-57.5371],"direction":[-0.0189545,0.410696,-0.911575],"extended":true,"handId":506,"id":5061,"length":58.8075,"mcpPosition":[-39.4209,285.222,0.0343766],"pipPosition":[-40.9699,309.313,-35.5039],"stabilizedTipPosition":[-36.8749,303.023,-38.6033],"timeVisible":70.6274,"tipPosition":[-41.6905,322.483,-70.2693],"tipVelocity":[-1.26219,164.363,-294.983],"tool":false,"touchDistance":-0.520936,"touchZone":"hovering","type":1,"width":19.3428},{"bases":[[[0.997514,-0.0664026,-0.0235695],[0.0689485,0.988814,0.132262],[0.0145233,-0.133559,0.990934]],[[0.996986,-0.0635716,-0.0444593],[-0.0121484,0.438094,-0.898847],[0.0766185,0.896679,0.436001]],[[0.996986,-0.0635716,-0.0444593],[-0.0774663,-0.846267,-0.527097],[-0.00411607,0.528952,-0.848642]],[[0.996986,-0.0635716,-0.0444593],[-0.0568126,-0.988583,0.139554],[-0.0528234,-0.136608,-0.989216]]],"btipPosition":[-20.2181,233.267,22.794],"carpPosition":[-16.6215,279.643,70.2233],"dipPosition":[-21.2107,230.699,4.2047],"direction":[0.00411607,-0.528952,0.848642],"extended":false,"handId":506,"id":5062,"length":67.0064,"mcpPosition":[-17.6347,288.961,1.08781],"pipPosition":[-21.3278,245.741,-19.9276],"stabilizedTipPosition":[-7.71677,216.983,25.3569],"timeVisible":70.6274,"tipPosition":[-20.3765,232.936,18.8839],"tipVelocity":[-11.1681,122.996,-299.066],"tool":false,"touchDistance":0.333333,"touchZone":"none","type":2,"width":18.9972},{"bases":[[[0.980724,-0.159684,0.112609],[0.140468,0.976781,0.161762],[-0.135825,-0.142826,0.980384]],[[0.979439,-0.160986,0.121586],[0.174258,0.371411,-0.91197],[0.101656,0.914406,0.391827]],[[0.979439,-0.160986,0.121586],[-0.0836629,-0.872537,-0.481331],[0.183576,0.461262,-0.868065]],[[0.979439,-0.160986,0.121586],[-0.179421,-0.97065,0.160145],[0.0922369,-0.178667,-0.979577]]],"btipPosition":[-7.21956,238.483,32.673],"carpPosition":[-4.37691,279.831,69.2413],"dipPosition":[-5.49621,235.145,14.3706],"direction":[-0.183576,-0.461262,0.868065],"extended":false,"handId":506,"id":5063,"length":64.4285,"mcpPosition":[4.13115,288.778,7.83008],"pipPosition":[-0.41078,247.923,-9.67658],"stabilizedTipPosition":[8.62372,219.972,29.6163],"timeVisible":70.6274,"tipPosition":[-6.64746,237.679,27.8826],"tipVelocity":[-22.2891,135.212,-268.155],"tool":false,"touchDistance":0.333333,"touchZone":"none","type":3,"width":18.077},{"bases":[[[0.921632,-0.334324,0.197034],[0.278741,0.923572,0.263282],[-0.269997,-0.187728,0.944383]],[[0.938262,-0.320372,0.130485],[0.256866,0.392588,-0.883116],[0.231699,0.862112,0.450643]],[[0.938262,-0.320372,0.130485],[-0.204747,-0.818354,-0.537005],[0.278825,0.477135,-0.833426]],[[0.938262,-0.320372,0.130485],[-0.332068,-0.939837,0.0802291],[0.0969318,-0.118606,-0.988199]]],"btipPosition":[8.38864,246.022,32.3345],"carpPosition":[8.04975,272.908,69.695],"dipPosition":[10.0594,243.978,15.3011],"direction":[-0.278825,-0.477135,0.833426],"extended":false,"handId":506,"id":5064,"length":50.5107,"mcpPosition":[23.7056,283.794,14.9347],"pipPosition":[15.5129,253.31,-0.999675],"stabilizedTipPosition":[23.2265,228.599,26.8979],"timeVisible":70.6274,"tipPosition":[8.87474,245.637,28.0907],"tipVelocity":[-23.0154,131.661,-276.999],"tool":false,"touchDistance":0.333333,"touchZone":"none","type":4,"width":16.0574}],"r":[[0.908428,0.0590248,0.413854],[0.31634,0.550134,-0.77284],[-0.273292,0.832988,0.481085]],"s":1.26811,"t":[0.119761,15.243,20.602],"timestamp":97885100821},false],[2,{"currentFrameRate":103.818,"devices":[],"gestures":[],"hands":[{"armBasis":[[0.942915,0.247567,-0.222759],[-0.0840906,0.824192,0.560033],[0.322242,-0.509331,0.797961]],"armWidth":63.72,"confidence":0.639477,"direction":[0.0146535,0.2794,-0.960063],"elbow":[78.6133,131.006,290.085],"grabStrength":0,"id":506,"palmNormal":[0.0836516,-0.957143,-0.277273],"palmPosition":[-14.8346,278.897,21.3089],"palmVelocity":[-30.014,112.579,-302.689],"palmWidth":90.99,"pinchStrength":0.585851,"r":[[0.906336,0.0602564,0.418239],[0.318659,0.552561,-0.770151],[-0.277509,0.831291,0.481605]],"s":1.27092,"sphereCenter":[-44.1157,262.897,-9.41629],"sphereRadius":55.1199,"stabilizedPalmPosition":[4.90254,258.026,8.46085],"t":[-0.199908,16.2626,17.8403],"timeVisible":70.6371,"type":"right","wrist":[-8.39206,268.526,74.6352]}],"id":1805866,"interactionBox":{"center":[0,200,0],"size":[235.247,235.247,147.751]},"pointables":[{"bases":[[[0.328983,0.941296,0.07571],[-0.845015,0.257644,0.468582],[0.421568,-0.218131,0.88017]],[[0.26668,0.962572,-0.0483409],[-0.952081,0.255317,-0.168391],[-0.149747,0.0909311,0.984534]],[[0.26668,0.962572,-0.0483409],[-0.780241,0.186178,-0.597128],[-0.565779,0.19696,0.800688]],[[0.26668,0.962572,-0.0483409],[-0.768722,0.182185,-0.613087],[-0.581333,0.200659,0.788535]]],"btipPosition":[4.42701,239.108,-21.0403],"carpPosition":[-35.9438,255.059,73.8598],"dipPosition":[-9.17829,243.804,-2.58576],"direction":[0.565779,-0.19696,-0.800688],"extended":false,"handId":506,"id":5060,"length":52.1164,"mcpPosition":[-35.9438,255.059,73.8598],"pipPosition":[-28.4688,250.52,24.7142],"stabilizedTipPosition":[-3.78083,216.703,38.7102],"timeVisible":70.6371,"tipPosition":[1.8031,239.76,-16.2328],"tipVelocity":[-7.10953,124.664,-305.44],"tool":false,"touchDistance":-0.565747,"touchZone":"hovering","type":0,"width":20.25},{"bases":[[[0.984703,0.122077,-0.12433],[-0.1054,0.985512,0.13288],[0.13875,-0.117743,0.983303]],[[0.994168,0.10136,0.0368286],[-0.104569,0.822511,0.559053],[0.0263737,-0.559644,0.828314]],[[0.994168,0.10136,0.0368286],[-0.107542,0.906285,0.408756],[0.00805428,-0.410333,0.9119]],[[0.994168,0.10136,0.0368286],[-0.107465,0.959694,0.259689],[-0.00902215,-0.262132,0.96499]]],"btipPosition":[-40.7679,324.481,-77.1461],"carpPosition":[-29.3865,277.379,69.3099],"dipPosition":[-40.922,320.003,-60.6587],"direction":[-0.00805428,0.410333,-0.9119],"extended":true,"handId":506,"id":5061,"length":58.8075,"mcpPosition":[-39.5943,286.041,-3.03133],"pipPosition":[-40.7273,310.085,-38.6177],"stabilizedTipPosition":[-36.8802,303.051,-38.6504],"timeVisible":70.6371,"tipPosition":[-41.0315,323.234,-73.3996],"tipVelocity":[19.0339,139.701,-303.247],"tool":false,"touchDistance":-0.543969,"touchZone":"hovering","type":1,"width":19.3428},{"bases":[[[0.997839,-0.0647591,-0.0111575],[0.0656649,0.989139,0.131503],[0.0025203,-0.131952,0.991253]],[[0.99757,-0.0619978,-0.0317936],[-0.00292357,0.418667,-0.908135],[0.0696133,0.906021,0.417469]],[[0.99757,-0.0619978,-0.0317936],[-0.0695373,-0.857267,-0.510154],[0.00437279,0.511125,-0.859495]],[[0.99757,-0.0619978,-0.0317936],[-0.0564926,-0.986805,0.151739],[-0.0407816,-0.149574,-0.987909]]],"btipPosition":[-20.5424,234.425,21.1683],"carpPosition":[-17.6532,280.613,67.4424],"dipPosition":[-21.3087,231.614,2.60346],"direction":[-0.00437279,-0.511125,0.859495],"extended":false,"handId":506,"id":5062,"length":67.0064,"mcpPosition":[-17.829,289.819,-1.71533],"pipPosition":[-21.1844,246.148,-21.8375],"stabilizedTipPosition":[-7.72011,216.987,25.3547],"timeVisible":70.6371,"tipPosition":[-20.6774,233.949,16.8234],"tipVelocity":[-16.1323,120.443,-260.892],"tool":false,"touchDistance":0.333333,"touchZone":"none","type":2,"width":18.9972},{"bases":[[[0.979525,-0.157851,0.124954],[0.136835,0.977274,0.161902],[-0.14767,-0.141489,0.978864]],[[0.978109,-0.15916,0.134055],[0.185002,0.37015,-0.910364],[0.0952736,0.915236,0.391492]],[[0.978109,-0.15916,0.134055],[-0.0761804,-0.873359,-0.481083],[0.193647,0.46034,-0.866365]],[[0.978109,-0.15916,0.134055],[-0.179773,-0.970752,0.159128],[0.104807,-0.179744,-0.978114]]],"btipPosition":[-7.72707,239.397,30.0786],"carpPosition":[-5.39773,280.82,66.6112],"dipPosition":[-5.76885,236.038,11.8035],"direction":[-0.193647,-0.46034,0.866365],"extended":false,"handId":506,"id":5063,"length":64.4285,"mcpPosition":[3.85235,289.683,5.29517],"pipPosition":[-0.404439,248.791,-12.1966],"stabilizedTipPosition":[8.61271,219.985,29.6137],"timeVisible":70.6371,"tipPosition":[-7.09456,238.592,25.3064],"tipVelocity":[-29.4856,123.282,-268.192],"tool":false,"touchDistance":0.333333,"touchZone":"none","type":3,"width":18.077},{"bases":[[[0.919686,-0.332455,0.208927],[0.273934,0.92446,0.265206],[-0.281314,-0.186674,0.941284]],[[0.936729,-0.318951,0.14425],[0.266088,0.381017,-0.885451],[0.227454,0.867811,0.441779]],[[0.936729,-0.318951,0.14425],[-0.199322,-0.824738,-0.529225],[0.287765,0.466988,-0.83613]],[[0.936729,-0.318951,0.14425],[-0.33267,-0.93936,0.0832707],[0.108944,-0.12599,-0.986031]]],"btipPosition":[7.79715,247.096,30.3775],"carpPosition":[7.0339,273.919,67.2293],"dipPosition":[9.67499,244.924,13.3815],"direction":[-0.287765,-0.466988,0.83613],"extended":false,"handId":506,"id":5064,"length":50.5107,"mcpPosition":[23.3459,284.743,12.6487],"pipPosition":[15.3033,254.058,-2.97223],"stabilizedTipPosition":[23.2127,228.616,26.8975],"timeVisible":70.6371,"tipPosition":[8.35509,246.646,26.0107],"tipVelocity":[-32.728,124.849,-255.157],"tool":false,"touchDistance":0.333333,"touchZone":"none","type":4,"width":16.0574}],"r":[[0.906336,0.0602564,0.418239],[0.318659,0.552561,-0.770151],[-0.277509,0.831291,0.481605]],"s":1.27092,"t":[-0.199908,16.2626,17.8403],"timestamp":97885110468},false],[3,{"currentFrameRate":103.788,"devices":[],"gestures":[],"hands":[{"armBasis":[[0.94644,0.241828,-0.213941],[-0.0881951,0.831029,0.549192],[0.310601,-0.500909,0.807848]],"armWidth":63.72,"confidence":0.643663,"direction":[0.0174156,0.280069,-0.959822],"elbow":[75.4187,134.385,288.336],"grabStrength":0,"id":506,"palmNormal":[0.086935,-0.956756,-0.277597],"palmPosition":[-14.7202,280.022,16.8746],"palmVelocity":[-17.7928,113.578,-347.941],"palmWidth":90.99,"pinchStrength":0.570456,"r":[[0.904315,0.0616085,0.422397],[0.320785,0.554757,-0.767686],[-0.281624,0.829728,0.481912]],"s":1.27465,"sphereCenter":[-43.8728,264.116,-13.8239],"sphereRadius":55.2023,"stabilizedPalmPosition":[4.89654,258.033,8.46342],"t":[-0.302555,17.3345,14.2423],"timeVisible":70.6468,"type":"right","wrist":[-8.4435,269.63,70.2168]}],"id":1805867,"interactionBox":{"center":[0,200,0],"size":[235.247,235.247,147.751]},"pointables":[{"bases":[[[0.326454,0.942031,0.0775007],[-0.8473,0.255311,0.465725],[0.41894,-0.217704,0.881529]],[[0.264422,0.963261,-0.0469937],[-0.952191,0.253031,-0.171192],[-0.153011,0.0900139,0.984116]],[[0.264422,0.963261,-0.0469937],[-0.779435,0.184756,-0.59862],[-0.567946,0.194917,0.799653]],[[0.264422,0.963261,-0.0469937],[-0.766859,0.18046,-0.615924],[-0.584815,0.198901,0.786403]]],"btipPosition":[4.72919,240.304,-25.46],"carpPosition":[-35.96,256.098,69.3341],"dipPosition":[-8.95759,244.959,-7.05532],"direction":[0.567946,-0.194917,-0.799653],"extended":false,"handId":506,"id":5060,"length":52.1164,"mcpPosition":[-35.96,256.098,69.3341],"pipPosition":[-28.322,251.605,20.2093],"stabilizedTipPosition":[-3.77157,216.746,38.6066],"timeVisible":70.6468,"tipPosition":[2.08986,240.964,-20.6714],"tipVelocity":[3.51586,123.998,-349.793],"tool":false,"touchDistance":-0.603973,"touchZone":"hovering","type":0,"width":20.25},{"bases":[[[0.984845,0.124516,-0.120728],[-0.108235,0.985169,0.133146],[0.135516,-0.118061,0.983716]],[[0.993767,0.103625,0.0410965],[-0.108803,0.821358,0.559939],[0.024269,-0.560921,0.827514]],[[0.993767,0.103625,0.0410965],[-0.111347,0.904865,0.410879],[0.00539072,-0.412894,0.910763]],[[0.993767,0.103625,0.0410965],[-0.110815,0.958408,0.263009],[-0.0121328,-0.265923,0.963918]]],"btipPosition":[-40.3754,325.744,-81.5839],"carpPosition":[-29.4399,278.437,64.8222],"dipPosition":[-40.5827,321.201,-65.1148],"direction":[-0.00539072,0.412894,-0.910763],"extended":true,"handId":506,"id":5061,"length":58.8075,"mcpPosition":[-39.4098,287.122,-7.54935],"pipPosition":[-40.4524,311.221,-43.1013],"stabilizedTipPosition":[-36.8848,303.079,-38.7009],"timeVisible":70.6468,"tipPosition":[-40.6515,324.446,-77.8601],"tipVelocity":[24.9364,136.497,-348.571],"tool":false,"touchDistance":-0.584536,"touchZone":"hovering","type":1,"width":19.3428},{"bases":[[[0.998024,-0.0623633,-0.00763151],[0.0628245,0.989206,0.132383],[-0.000706724,-0.132601,0.991169]],[[0.997827,-0.059615,-0.0280741],[-0.00145482,0.406011,-0.913867],[0.0658786,0.911922,0.405042]],[[0.997827,-0.059615,-0.0280741],[-0.065667,-0.864237,-0.498782],[0.00547218,0.499541,-0.866273]],[[0.997827,-0.059615,-0.0280741],[-0.0544161,-0.985754,0.159146],[-0.0371616,-0.157272,-0.986856]]],"btipPosition":[-20.2911,235.747,17.5024],"carpPosition":[-17.7078,281.7,62.9988],"dipPosition":[-20.9894,232.791,-1.04255],"direction":[-0.00547218,-0.499541,0.866273],"extended":false,"handId":506,"id":5062,"length":67.0064,"mcpPosition":[-17.6585,290.951,-6.15305],"pipPosition":[-20.8338,246.996,-25.6762],"stabilizedTipPosition":[-7.72389,216.993,25.3511],"timeVisible":70.6468,"tipPosition":[-20.4258,235.167,12.8893],"tipVelocity":[-3.3686,124.102,-295.049],"tool":false,"touchDistance":0.333333,"touchZone":"none","type":2,"width":18.9972},{"bases":[[[0.979448,-0.155589,0.128353],[0.133914,0.977491,0.163029],[-0.150829,-0.14249,0.978237]],[[0.977868,-0.157025,0.138263],[0.184931,0.339645,-0.922194],[0.0978475,0.927353,0.361167]],[[0.977868,-0.157025,0.138263],[-0.0784626,-0.887847,-0.4534],[0.193951,0.432517,-0.880518]],[[0.977868,-0.157025,0.138263],[-0.18032,-0.967673,0.176334],[0.106104,-0.197363,-0.974572]]],"btipPosition":[-7.72913,241.135,27.399],"carpPosition":[-5.44998,281.937,62.2116],"dipPosition":[-5.74668,237.447,9.19015],"direction":[-0.193951,-0.432517,0.880518],"extended":false,"handId":506,"id":5063,"length":64.4285,"mcpPosition":[3.99795,290.863,0.934842],"pipPosition":[-0.373838,249.429,-15.202],"stabilizedTipPosition":[8.59961,220.002,29.6084],"timeVisible":70.6468,"tipPosition":[-7.05299,240.145,22.1599],"tipVelocity":[-20.762,137.38,-270.152],"tool":false,"touchDistance":0.333333,"touchZone":"none","type":3,"width":18.077},{"bases":[[[0.919728,-0.330391,0.211997],[0.270768,0.924937,0.266788],[-0.284228,-0.18797,0.94015]],[[0.936823,-0.316942,0.148019],[0.268455,0.380136,-0.885115],[0.224263,0.868933,0.441205]],[[0.936823,-0.316942,0.148019],[-0.19576,-0.825706,-0.529044],[0.289896,0.466645,-0.835585]],[[0.936823,-0.316942,0.148019],[-0.330999,-0.940058,0.0820422],[0.113144,-0.125853,-0.985576]]],"btipPosition":[7.92686,248.282,26.0854],"carpPosition":[6.99586,275.065,62.8696],"dipPosition":[9.8771,246.113,9.09724],"direction":[-0.289896,-0.466645,0.835585],"extended":false,"handId":506,"id":5064,"length":50.5107,"mcpPosition":[23.4769,285.964,8.35483],"pipPosition":[15.5471,255.24,-7.24581],"stabilizedTipPosition":[23.1993,228.633,26.8933],"timeVisible":70.6468,"tipPosition":[8.5068,247.827,21.7123],"tipVelocity":[-18.749,124.141,-309.959],"tool":false,"touchDistance":0.333333,"touchZone":"none","type":4,"width":16.0574}],"r":[[0.904315,0.0616085,0.422397],[0.320785,0.554757,-0.767686],[-0.281624,0.829728,0.481912]],"s":1.27465,"t":[-0.302555,17.3345,14.2423],"timestamp":97885120160},false],[4,{"currentFrameRate":103.654,"devices":[],"gestures":[],"hands":[{"armBasis":[[0.949825,0.229386,-0.212637],[-0.0799653,0.835319,0.543919],[0.302387,-0.499624,0.81175]],"armWidth":63.72,"confidence":0.646668,"direction":[0.0159886,0.273197,-0.961825],"elbow":[73.272,136.002,287.011],"grabStrength":0,"id":506,"palmNormal":[0.0787642,-0.959303,-0.271171],"palmPosition":[-14.7669,280.965,14.4477],"palmVelocity":[-13.9035,108.13,-317.377],"palmWidth":90.99,"pinchStrength":0.560562,"r":[[0.903082,0.0619216,0.42498],[0.322758,0.554949,-0.766719],[-0.283319,0.829576,0.481179]],"s":1.27839,"sphereCenter":[-44.1489,265.157,-15.9572],"sphereRadius":55.2452,"stabilizedPalmPosition":[4.89059,258.04,8.46523],"t":[-0.377224,18.3419,11.2299],"timeVisible":70.6567,"type":"right","wrist":[-8.37248,270.901,67.8387]}],"id":1805868,"interactionBox":{"center":[0,200,0],"size":[235.247,235.247,147.751]},"pointables":[{"bases":[[[0.333767,0.940076,0.06969],[-0.843655,0.264915,0.466976],[0.420531,-0.214655,0.881519]],[[0.271286,0.960925,-0.0550171],[-0.95103,0.258817,-0.168985],[-0.148142,0.0981661,0.984082]],[[0.271286,0.960925,-0.0550171],[-0.781405,0.186509,-0.5955],[-0.56197,0.204541,0.801469]],[[0.271286,0.960925,-0.0550171],[-0.768105,0.181695,-0.614004],[-0.580016,0.20883,0.787383]]],"btipPosition":[4.13766,240.808,-27.7265],"carpPosition":[-35.9924,257.569,67.1507],"dipPosition":[-9.4368,245.695,-9.29894],"direction":[0.56197,-0.204541,-0.801469],"extended":false,"handId":506,"id":5060,"length":52.1164,"mcpPosition":[-35.9924,257.569,67.1507],"pipPosition":[-28.5975,252.669,18.0276],"stabilizedTipPosition":[-3.7645,216.783,38.515],"timeVisible":70.6567,"tipPosition":[1.53368,241.54,-22.9383],"tipVelocity":[-14.53,103.856,-313.702],"tool":false,"touchDistance":-0.605828,"touchZone":"hovering","type":0,"width":20.25},{"bases":[[[0.985299,0.116278,-0.12516],[-0.100381,0.986862,0.126601],[0.138236,-0.112176,0.984026]],[[0.994647,0.0963995,0.0372073],[-0.100794,0.825841,0.554822],[0.0227572,-0.555602,0.831137]],[[0.994647,0.0963995,0.0372073],[-0.103193,0.908117,0.405802],[0.00533055,-0.407469,0.913203]],[[0.994647,0.0963995,0.0372073],[-0.102759,0.96062,0.258166],[-0.010855,-0.260607,0.965384]]],"btipPosition":[-40.4132,326.25,-84.2105],"carpPosition":[-29.3221,279.826,62.4582],"dipPosition":[-40.5987,321.797,-67.7163],"direction":[-0.00533055,0.407469,-0.913203],"extended":true,"handId":506,"id":5061,"length":58.8075,"mcpPosition":[-39.4921,288.079,-9.93618],"pipPosition":[-40.4698,311.949,-45.6438],"stabilizedTipPosition":[-36.8889,303.104,-38.7488],"timeVisible":70.6567,"tipPosition":[-40.6875,324.962,-80.485],"tipVelocity":[16.5354,111.731,-323.646],"tool":false,"touchDistance":-0.593727,"touchZone":"hovering","type":1,"width":19.3428},{"bases":[[[0.997496,-0.0698974,-0.0107995],[0.0707002,0.98961,0.125192],[0.00193671,-0.125642,0.992074]],[[0.997246,-0.0673068,-0.0311366],[-0.00234404,0.39104,-0.920371],[0.0741229,0.917909,0.389805]],[[0.997246,-0.0673068,-0.0311366],[-0.0739576,-0.871625,-0.484562],[0.00547487,0.485531,-0.874203]],[[0.997246,-0.0673068,-0.0311366],[-0.0610083,-0.983285,0.171549],[-0.0421626,-0.169177,-0.984684]]],"btipPosition":[-20.6439,236.883,15.9291],"carpPosition":[-17.5727,282.988,60.5695],"dipPosition":[-21.4362,233.704,-2.57508],"direction":[-0.00547487,-0.485531,0.874202],"extended":false,"handId":506,"id":5062,"length":67.0064,"mcpPosition":[-17.7078,291.754,-8.64548],"pipPosition":[-21.2806,247.511,-27.4343],"stabilizedTipPosition":[-7.72879,217,25.346],"timeVisible":70.6567,"tipPosition":[-20.811,236.203,11.1775],"tipVelocity":[-13.6191,119.794,-254.286],"tool":false,"touchDistance":0.333333,"touchZone":"none","type":2,"width":18.9972},{"bases":[[[0.978722,-0.162026,0.125904],[0.141812,0.977578,0.155662],[-0.148302,-0.134495,0.979754]],[[0.977074,-0.163459,0.136408],[0.183381,0.320671,-0.92927],[0.108156,0.93298,0.343294]],[[0.977074,-0.163459,0.136408],[-0.088706,-0.895018,-0.43712],[0.193539,0.414998,-0.888999]],[[0.977074,-0.163459,0.136408],[-0.187706,-0.963743,0.189648],[0.100463,-0.210904,-0.97233]]],"btipPosition":[-8.09764,242.312,25.8204],"carpPosition":[-5.31644,283.128,59.7363],"dipPosition":[-6.22059,238.371,7.65335],"direction":[-0.193539,-0.414998,0.888999],"extended":false,"handId":506,"id":5063,"length":64.4285,"mcpPosition":[3.97318,291.553,-1.63546],"pipPosition":[-0.859173,249.868,-16.9737],"stabilizedTipPosition":[8.58285,220.024,29.6002],"timeVisible":70.6567,"tipPosition":[-7.45519,241.221,20.5286],"tipVelocity":[-26.3891,130.143,-236.947],"tool":false,"touchDistance":0.333333,"touchZone":"none","type":3,"width":18.077},{"bases":[[[0.918004,-0.335785,0.210991],[0.278649,0.924728,0.259293],[-0.282176,-0.179239,0.94247]],[[0.93449,-0.323346,0.148914],[0.266335,0.357476,-0.89514],[0.236207,0.876161,0.420176]],[[0.93449,-0.323346,0.148914],[-0.207611,-0.834824,-0.509869],[0.289181,0.445551,-0.847265]],[[0.93449,-0.323346,0.148914],[-0.339342,-0.935532,0.0981153],[0.107589,-0.142221,-0.983971]]],"btipPosition":[7.57943,249.317,24.4233],"carpPosition":[7.08002,276.168,60.3977],"dipPosition":[9.43391,246.866,7.46276],"direction":[-0.289181,-0.445551,0.847265],"extended":false,"handId":506,"id":5064,"length":50.5107,"mcpPosition":[23.442,286.561,5.74837],"pipPosition":[15.0899,255.58,-9.10873],"stabilizedTipPosition":[23.185,228.652,26.8873],"timeVisible":70.6567,"tipPosition":[8.15981,248.747,19.8842],"tipVelocity":[-24.2748,116.385,-267.52],"tool":false,"touchDistance":0.333333,"touchZone":"none","type":4,"width":16.0574}],"r":[[0.903082,0.0619216,0.42498],[0.322758,0.554949,-0.766719],[-0.283319,0.829576,0.481179]],"s":1.27839,"t":[-0.377224,18.3419,11.2299],"timestamp":97885130058},false],[5,{"currentFrameRate":103.836,"devices":[],"gestures":[],"hands":[{"armBasis":[[0.951291,0.224994,-0.210768],[-0.0796283,0.839776,0.537062],[0.297833,-0.494119,0.816788]],"armWidth":63.72,"confidence":0.64833,"direction":[0.0202986,0.272025,-0.962076],"elbow":[71.6956,138.419,286.079],"grabStrength":0,"id":506,"palmNormal":[0.0770525,-0.959838,-0.269766],"palmPosition":[-14.889,281.851,12.1207],"palmVelocity":[-13.6879,104.553,-298.529],"palmWidth":90.99,"pinchStrength":0.536119,"r":[[0.901811,0.0617616,0.427694],[0.325212,0.554742,-0.765832],[-0.284559,0.829727,0.480187]],"s":1.28216,"sphereCenter":[-44.2069,266.189,-18.2617],"sphereRadius":55.2797,"stabilizedPalmPosition":[4.88506,258.046,8.46625],"t":[-0.475575,19.2889,8.56018],"timeVisible":70.6659,"type":"right","wrist":[-8.71943,271.832,65.5465]}],"id":1805869,"interactionBox":{"center":[0,200,0],"size":[235.247,235.247,147.751]},"pointables":[{"bases":[[[0.336161,0.939212,0.0698283],[-0.844616,0.267839,0.463559],[0.416677,-0.214808,0.88331]],[[0.273533,0.960207,-0.0564113],[-0.950181,0.260634,-0.170957],[-0.149452,0.100363,0.983662]],[[0.273533,0.960207,-0.0564113],[-0.782135,0.187903,-0.594102],[-0.559861,0.206628,0.802409]],[[0.273533,0.960207,-0.0564113],[-0.76799,0.182714,-0.613846],[-0.579112,0.211231,0.787407]]],"btipPosition":[3.72824,241.579,-30.1166],"carpPosition":[-36.3741,258.577,64.7722],"dipPosition":[-9.82508,246.522,-11.6885],"direction":[0.559861,-0.206628,-0.802409],"extended":false,"handId":506,"id":5060,"length":52.1164,"mcpPosition":[-36.3741,258.577,64.7722],"pipPosition":[-28.9139,253.567,15.6702],"stabilizedTipPosition":[-3.75932,216.814,38.4387],"timeVisible":70.6659,"tipPosition":[1.19565,242.36,-25.3079],"tipVelocity":[-22.7155,98.3734,-297.802],"tool":false,"touchDistance":-0.609428,"touchZone":"hovering","type":0,"width":20.25},{"bases":[[[0.986077,0.113353,-0.121665],[-0.0980591,0.987288,0.125086],[0.134297,-0.111414,0.984658]],[[0.994766,0.0936117,0.0409651],[-0.100594,0.826739,0.553519],[0.0179483,-0.554742,0.831829]],[[0.994766,0.0936117,0.0409651],[-0.102181,0.908736,0.40467],[0.00065536,-0.406738,0.913545]],[[0.994766,0.0936117,0.0409651],[-0.101033,0.961048,0.257254],[-0.0152875,-0.260046,0.965475]]],"btipPosition":[-40.0298,327.114,-86.6761],"carpPosition":[-29.6239,280.81,60.0786],"dipPosition":[-40.291,322.671,-70.1804],"direction":[-0.00065536,0.406738,-0.913545],"extended":true,"handId":506,"id":5061,"length":58.8075,"mcpPosition":[-39.5041,289.006,-12.3623],"pipPosition":[-40.2752,312.839,-48.0997],"stabilizedTipPosition":[-36.892,303.127,-38.7912],"timeVisible":70.6659,"tipPosition":[-40.3222,325.827,-82.9519],"tipVelocity":[22.9832,106.505,-307.229],"tool":false,"touchDistance":-0.599667,"touchZone":"hovering","type":1,"width":19.3428},{"bases":[[[0.997327,-0.0727218,-0.00704504],[0.073033,0.989553,0.124303],[-0.00206813,-0.124486,0.992219]],[[0.997164,-0.0701808,-0.0271776],[0.000618549,0.368749,-0.929529],[0.0752567,0.926876,0.367747]],[[0.997164,-0.0701808,-0.0271776],[-0.0747694,-0.882687,-0.463976],[0.00857291,0.464692,-0.885431]],[[0.997164,-0.0701808,-0.0271776],[-0.0639429,-0.980498,0.185834],[-0.0396895,-0.183569,-0.982205]]],"btipPosition":[-20.8397,238.182,14.9149],"carpPosition":[-17.8587,283.937,58.2295],"dipPosition":[-21.5856,234.732,-3.54275],"direction":[-0.00857291,-0.464692,0.885431],"extended":false,"handId":506,"id":5062,"length":67.0064,"mcpPosition":[-17.7144,292.622,-10.9957],"pipPosition":[-21.3418,247.946,-28.7212],"stabilizedTipPosition":[-7.73536,217.01,25.3387],"timeVisible":70.6659,"tipPosition":[-21.0132,237.349,9.81693],"tipVelocity":[-15.3986,123.55,-213.047],"tool":false,"touchDistance":0.333333,"touchZone":"none","type":2,"width":18.9972},{"bases":[[[0.97779,-0.164637,0.129695],[0.143998,0.977356,0.155049],[-0.152285,-0.13293,0.979356]],[[0.976051,-0.166093,0.140489],[0.18733,0.313409,-0.930958],[0.110595,0.93498,0.337018]],[[0.976051,-0.166093,0.140489],[-0.090638,-0.897574,-0.431446],[0.197759,0.40838,-0.891133]],[[0.976051,-0.166093,0.140489],[-0.191541,-0.962314,0.193041],[0.103131,-0.215327,-0.971081]]],"btipPosition":[-8.40655,243.303,23.8664],"carpPosition":[-5.59909,284.041,57.4413],"dipPosition":[-6.47964,239.28,5.72273],"direction":[-0.197759,-0.40838,0.891133],"extended":false,"handId":506,"id":5063,"length":64.4285,"mcpPosition":[3.94001,292.368,-3.90561],"pipPosition":[-1.00132,250.593,-18.9634],"stabilizedTipPosition":[8.56442,220.049,29.5892],"timeVisible":70.6659,"tipPosition":[-7.75395,242.176,18.5663],"tipVelocity":[-27.9782,122.967,-229.291],"tool":false,"touchDistance":0.333333,"touchZone":"none","type":3,"width":18.077},{"bases":[[[0.91627,-0.338124,0.214759],[0.280303,0.924242,0.259244],[-0.286146,-0.17734,0.941632]],[[0.932602,-0.326171,0.154486],[0.269141,0.343355,-0.899817],[0.240451,0.880749,0.408]],[[0.932602,-0.326171,0.154486],[-0.21123,-0.840373,-0.499154],[0.292636,0.43288,-0.852631]],[[0.932602,-0.326171,0.154486],[-0.343702,-0.933251,0.104459],[0.110103,-0.150516,-0.982457]]],"btipPosition":[7.24384,250.315,22.74],"carpPosition":[6.77515,277.046,58.1564],"dipPosition":[9.14166,247.72,5.80553],"direction":[-0.292636,-0.43288,0.852631],"extended":false,"handId":506,"id":5064,"length":50.5107,"mcpPosition":[23.3674,287.329,3.55565],"pipPosition":[14.8653,256.187,-10.8709],"stabilizedTipPosition":[23.1707,228.672,26.8798],"timeVisible":70.6659,"tipPosition":[7.85335,249.674,18.0897],"tipVelocity":[-27.3156,112.842,-243.006],"tool":false,"touchDistance":0.333333,"touchZone":"none","type":4,"width":16.0574}],"r":[[0.901811,0.0617616,0.427694],[0.325212,0.554742,-0.765832],[-0.284559,0.829727,0.480187]],"s":1.28216,"t":[-0.475575,19.2889,8.56018],"timestamp":97885139346},false],[6,{"currentFrameRate":103.786,"devices":[],"gestures":[],"hands":[{"armBasis":[[0.95151,0.229139,-0.205241],[-0.0869116,0.840261,0.535171],[0.295085,-0.491383,0.819432]],"armWidth":63.72,"confidence":0.651937,"direction":[0.0218903,0.271814,-0.962101],"elbow":[70.9662,139.734,284.759],"grabStrength":0,"id":506,"palmNormal":[0.084175,-0.959415,-0.26914],"palmPosition":[-14.7548,282.369,10.0615],"palmVelocity":[-5.63194,89.4927,-273.049],"palmWidth":90.99,"pinchStrength":0.509293,"r":[[0.900409,0.062827,0.430483],[0.326989,0.554942,-0.76493],[-0.286951,0.829514,0.479131]],"s":1.28589,"sphereCenter":[-43.8123,266.596,-20.3046],"sphereRadius":55.2857,"stabilizedPalmPosition":[4.87971,258.053,8.46669],"t":[-0.457684,20.0211,6.19573],"timeVisible":70.6757,"type":"right","wrist":[-8.70667,272.408,63.5121]}],"id":1805870,"interactionBox":{"center":[0,200,0],"size":[235.247,235.247,147.751]},"pointables":[{"bases":[[[0.329856,0.941384,0.0706471],[-0.847931,0.26255,0.460521],[0.414979,-0.211809,0.884833]],[[0.267003,0.962018,-0.0568425],[-0.951631,0.253897,-0.173019],[-0.152015,0.10029,0.983277]],[[0.267003,0.962018,-0.0568425],[-0.783695,0.182428,-0.593752],[-0.56083,0.203081,0.802638]],[[0.267003,0.962018,-0.0568425],[-0.769132,0.177187,-0.614036],[-0.580642,0.207669,0.787228]]],"btipPosition":[4.02665,242.185,-32.2265],"carpPosition":[-36.2725,258.975,62.6467],"dipPosition":[-9.56247,247.045,-13.8025],"direction":[0.56083,-0.203081,-0.802638],"extended":false,"handId":506,"id":5060,"length":52.1164,"mcpPosition":[-36.2725,258.975,62.6467],"pipPosition":[-28.6843,253.969,13.5639],"stabilizedTipPosition":[-3.7545,216.841,38.3701],"timeVisible":70.6757,"tipPosition":[1.52398,242.985,-27.4149],"tipVelocity":[-7.30987,87.2092,-274.092],"tool":false,"touchDistance":-0.608482,"touchZone":"hovering","type":0,"width":20.25},{"bases":[[[0.985743,0.119665,-0.11828],[-0.104855,0.986679,0.124377],[0.131588,-0.110202,0.98516]],[[0.993987,0.100011,0.044588],[-0.107932,0.826191,0.552955],[0.0184632,-0.554442,0.832018]],[[0.993987,0.100011,0.044588],[-0.1095,0.908061,0.404272],[-0.000057082,-0.406723,0.913552]],[[0.993987,0.100011,0.044588],[-0.108155,0.960331,0.257036],[-0.0171129,-0.260312,0.965373]]],"btipPosition":[-39.8297,327.455,-88.8299],"carpPosition":[-29.6494,281.249,57.9683],"dipPosition":[-40.1221,323.007,-72.3359],"direction":[0.000057082,0.406723,-0.913552],"extended":true,"handId":506,"id":5061,"length":58.8075,"mcpPosition":[-39.3303,289.357,-14.5095],"pipPosition":[-40.1235,313.177,-50.255],"stabilizedTipPosition":[-36.8945,303.146,-38.83],"timeVisible":70.6757,"tipPosition":[-40.1271,326.164,-85.1084],"tipVelocity":[22.0581,85.534,-282.06],"tool":false,"touchDistance":-0.600346,"touchZone":"hovering","type":1,"width":19.3428},{"bases":[[[0.997794,-0.0662934,-0.0035521],[0.0662208,0.990046,0.124189],[-0.00471615,-0.12415,0.992252]],[[0.997691,-0.0638165,-0.0232432],[0.000235639,0.345477,-0.938427],[0.0679171,0.936255,0.344694]],[[0.997691,-0.0638165,-0.0232432],[-0.0675091,-0.894336,-0.442273],[0.00743711,0.442821,-0.896579]],[[0.997691,-0.0638165,-0.0232432],[-0.0578861,-0.977989,0.200465],[-0.0355246,-0.198657,-0.979425]]],"btipPosition":[-20.3867,239.126,14.2179],"carpPosition":[-17.8982,284.451,56.1589],"dipPosition":[-21.0543,235.393,-4.18744],"direction":[-0.00743711,-0.442821,0.896579],"extended":false,"handId":506,"id":5062,"length":67.0064,"mcpPosition":[-17.5692,293.113,-13.0685],"pipPosition":[-20.8428,247.985,-29.6829],"stabilizedTipPosition":[-7.74517,217.026,25.327],"timeVisible":70.6757,"tipPosition":[-20.5532,238.136,8.83193],"tipVelocity":[3.3102,113.818,-171.217],"tool":false,"touchDistance":0.333333,"touchZone":"none","type":2,"width":18.9972},{"bases":[[[0.978374,-0.158285,0.133153],[0.137155,0.978318,0.155185],[-0.154829,-0.133567,0.978871]],[[0.97657,-0.159777,0.144158],[0.188296,0.31011,-0.931867],[0.104187,0.937178,0.332929]],[[0.97657,-0.159777,0.144158],[-0.0840994,-0.899969,-0.427765],[0.198085,0.405619,-0.89232]],[[0.97657,-0.159777,0.144158],[-0.186323,-0.96296,0.194915],[0.107675,-0.217208,-0.970168]]],"btipPosition":[-8.09256,243.95,22.0674],"carpPosition":[-5.63692,284.634,55.4133],"dipPosition":[-6.08076,239.891,3.94074],"direction":[-0.198085,-0.405619,0.89232],"extended":false,"handId":506,"id":5063,"length":64.4285,"mcpPosition":[4.06159,293.001,-5.90317],"pipPosition":[-0.593422,251.128,-20.7783],"stabilizedTipPosition":[8.54484,220.076,29.5751],"timeVisible":70.6757,"tipPosition":[-7.42036,242.806,16.7717],"tipVelocity":[-9.72335,106.15,-216.155],"tool":false,"touchDistance":0.333333,"touchZone":"none","type":3,"width":18.077},{"bases":[[[0.917678,-0.332136,0.218068],[0.273437,0.92612,0.259873],[-0.28827,-0.178852,0.940698]],[[0.933598,-0.320569,0.160097],[0.269535,0.333869,-0.903262],[0.236106,0.886435,0.398104]],[[0.933598,-0.320569,0.160097],[-0.206702,-0.846772,-0.490154],[0.292694,0.424514,-0.856807]],[[0.933598,-0.320569,0.160097],[-0.339568,-0.934168,0.109649],[0.114407,-0.156732,-0.980992]]],"btipPosition":[7.44971,251.145,21.2181],"carpPosition":[6.77958,277.72,56.174],"dipPosition":[9.42173,248.444,4.30889],"direction":[-0.292694,-0.424514,0.856807],"extended":false,"handId":506,"id":5064,"length":50.5107,"mcpPosition":[23.495,288.09,1.62743],"pipPosition":[15.1465,256.747,-12.4492],"stabilizedTipPosition":[23.1552,228.694,26.8702],"timeVisible":70.6757,"tipPosition":[8.09579,250.445,16.491],"tipVelocity":[-12.5875,104.048,-217.439],"tool":false,"touchDistance":0.333333,"touchZone":"none","type":4,"width":16.0574}],