{"sensorType":"Leap","data":[[0,{"currentFrameRate":102.396,"devices":[],"gestures":[],"hands":[{"armBasis":[[0.972749,-0.00698613,-0.231755],[0.112079,0.889176,0.443627],[0.202972,-0.457512,0.865728]],"armWidth":63.72,"confidence":0.528201,"direction":[0.0213975,0.416678,-0.908802],"elbow":[56.8532,117.686,274.491],"grabStrength":0,"id":506,"palmNormal":[-0.112778,-0.902202,-0.416307],"palmPosition":[-4.85323,260.666,-9.91873],"palmVelocity":[-61.0225,32.4439,66.441],"palmWidth":90.99,"pinchStrength":0.592184,"r":[[0.972146,-0.0843532,0.218671],[0.186095,0.844986,-0.501365],[-0.142482,0.528094,0.837148]],"s":1.28302,"sphereCenter":[-22.5665,249.484,-40.0399],"sphereRadius":48.055,"stabilizedPalmPosition":[-1.76782,258.403,-13.541],"t":[10.016,-1.13364,-16.6943],"timeVisible":50.7538,"type":"right","wrist":[2.05086,241.214,40.744]}],"id":1803836,"interactionBox":{"center":[0,200,0],"size":[235.247,235.247,147.751]},"pointables":[{"bases":[[[0.504785,0.843434,0.183879],[-0.757389,0.330518,0.563134],[0.414192,-0.423529,0.805648]],[[0.435654,0.898194,0.0587604],[-0.897654,0.438359,-0.0453615],[-0.0665017,-0.0329846,0.997241]],[[0.435654,0.898194,0.0587604],[-0.761724,0.402667,-0.507579],[-0.479565,0.176369,0.859599]],[[0.435654,0.898194,0.0587604],[-0.479968,0.287034,-0.829001],[-0.76147,0.332954,0.556151]]],"btipPosition":[9.93182,221.061,-51.9573],"carpPosition":[-27.56,233.22,40.1471],"dipPosition":[-7.88933,228.853,-38.9414],"direction":[0.479565,-0.176369,-0.859599],"extended":false,"handId":506,"id":5060,"length":52.1164,"mcpPosition":[-27.56,233.22,40.1471],"pipPosition":[-24.2404,234.867,-9.63281],"stabilizedTipPosition":[6.64547,222.399,-49.5405],"timeVisible":50.7538,"tipPosition":[6.10033,222.832,-48.7975],"tipVelocity":[-62.5171,49.5603,48.1742],"tool":false,"touchDistance":-0.135249,"touchZone":"touching","type":0,"width":20.25},{"bases":[[[0.98288,-0.0398585,-0.179884],[0.0899175,0.955928,0.279493],[0.160816,-0.290883,0.943147]],[[0.993524,-0.105665,0.0417645],[0.0533822,0.758597,0.64937],[-0.100298,-0.642935,0.759325]],[[0.993524,-0.105665,0.0417645],[0.0709136,0.863878,0.498684],[-0.0887729,-0.492493,0.865777]],[[0.993524,-0.105665,0.0417645],[0.084792,0.934214,0.346488],[-0.0756287,-0.340703,0.937124]]],"btipPosition":[-21.1981,321.169,-100.607],"carpPosition":[-17.1138,254.422,38.3394],"dipPosition":[-22.4902,315.348,-84.5962],"direction":[0.0887729,0.492493,-0.865777],"extended":true,"handId":506,"id":5061,"length":58.8075,"mcpPosition":[-28.945,275.822,-31.0476],"pipPosition":[-24.6359,303.444,-63.67],"stabilizedTipPosition":[-19.5395,318.913,-98.5749],"timeVisible":50.7538,"tipPosition":[-21.4084,319.698,-97.0095],"tipVelocity":[-98.3294,55.2357,88.0345],"tool":false,"touchDistance":-0.0216509,"touchZone":"touching","type":1,"width":19.3428},{"bases":[[[0.965744,-0.241166,-0.0958009],[0.258299,0.928809,0.265696],[0.0249039,-0.28134,0.959285]],[[0.965781,-0.241599,-0.0943221],[0.00954158,0.396526,-0.917974],[0.259183,0.885662,0.385262]],[[0.965781,-0.241599,-0.0943221],[-0.253705,-0.80452,-0.537011],[0.0538574,0.542565,-0.838285]],[[0.965781,-0.241599,-0.0943221],[-0.240405,-0.970376,0.0239979],[-0.0973258,-0.000501175,-0.995252]]],"btipPosition":[-19.016,217.255,-6.88817],"carpPosition":[-5.08317,255.735,36.0684],"dipPosition":[-20.8449,217.245,-25.591],"direction":[-0.0538574,-0.542565,0.838285],"extended":false,"handId":506,"id":5062,"length":67.0064,"mcpPosition":[-6.82066,275.363,-30.859],"pipPosition":[-19.3134,232.674,-49.4288],"stabilizedTipPosition":[-15.0297,210.539,-18.9429],"timeVisible":50.7538,"tipPosition":[-19.5074,217.172,-11.4067],"tipVelocity":[-48.5186,30.9701,64.4839],"tool":false,"touchDistance":0.333333,"touchZone":"none","type":2,"width":18.9972},{"bases":[[[0.936645,-0.349266,0.026655],[0.3273,0.899764,0.288617],[-0.124787,-0.261608,0.957073]],[[0.935676,-0.351229,0.0338753],[0.170991,0.367346,-0.914231],[0.308661,0.861217,0.403774]],[[0.935676,-0.351229,0.0338753],[-0.27489,-0.78575,-0.554105],[0.221236,0.509151,-0.831757]],[[0.935676,-0.351229,0.0338753],[-0.351582,-0.936144,0.00487756],[0.029999,-0.0164738,-0.999414]]],"btipPosition":[-5.72836,217.965,-1.92767],"carpPosition":[6.93498,253.854,34.3495],"dipPosition":[-5.16786,217.657,-20.6007],"direction":[-0.221236,-0.509151,0.831757],"extended":false,"handId":506,"id":5063,"length":64.4285,"mcpPosition":[14.7517,270.241,-25.6016],"pipPosition":[0.960812,231.762,-43.6421],"stabilizedTipPosition":[-1.29822,211.193,-13.3004],"timeVisible":50.7538,"tipPosition":[-5.61638,217.851,-6.24035],"tipVelocity":[-48.4693,30.1958,51.3726],"tool":false,"touchDistance":0.333333,"touchZone":"none","type":3,"width":18.077},{"bases":[[[0.848866,-0.52103,0.0891899],[0.456679,0.807816,0.372664],[-0.266218,-0.27561,0.92367]],[[0.832324,-0.535883,0.141656],[0.359073,0.326593,-0.874302],[0.42226,0.778567,0.464252]],[[0.832324,-0.535883,0.141656],[-0.354282,-0.710872,-0.607574],[0.426287,0.455512,-0.781529]],[[0.832324,-0.535883,0.141656],[-0.530705,-0.844201,-0.0753476],[0.159963,-0.0124638,-0.987044]]],"btipPosition":[7.25807,224.569,-4.6405],"carpPosition":[17.847,244.812,33.035],"dipPosition":[10.0153,224.354,-21.654],"direction":[-0.426287,-0.455512,0.781529],"extended":false,"handId":506,"id":5064,"length":50.5107,"mcpPosition":[33.2837,260.793,-20.5242],"pipPosition":[18.353,233.263,-36.9398],"stabilizedTipPosition":[12.3056,217.699,-15.3873],"timeVisible":50.7538,"tipPosition":[7.76905,224.548,-8.61506],"tipVelocity":[-49.0616,34.6849,53.7766],"tool":false,"touchDistance":0.333333,"touchZone":"none","type":4,"width":16.0574}],"r":[[0.972146,-0.0843532,0.218671],[0.186095,0.844986,-0.501365],[-0.142482,0.528094,0.837148]],"s":1.28302,"t":[10.016,-1.13364,-16.6943],"timestamp":97865227236},true],[1,{"currentFrameRate":102.545,"devices":[],"gestures":[],"hands":[{"armBasis":[[0.971176,-0.00365081,-0.238336],[0.112689,0.88812,0.445583],[0.210044,-0.459598,0.862932]],"armWidth":63.72,"confidence":0.530357,"direction":[0.0176996,0.411134,-0.911403],"elbow":[58.4617,117.304,274.288],"grabStrength":0,"id":506,"palmNormal":[-0.113465,-0.904831,-0.410373],"palmPosition":[-5.357,260.531,-9.45906],"palmVelocity":[-58.781,19.0492,61.3115],"palmWidth":90.99,"pinchStrength":0.589791,"r":[[0.972827,-0.0823075,0.216409],[0.1829,0.846307,-0.500313],[-0.141969,0.526299,0.838364]],"s":1.28309,"sphereCenter":[-23.2861,249.179,-39.4448],"sphereRadius":48.0861,"stabilizedPalmPosition":[-2.18492,258.65,-13.0666],"t":[9.48702,-1.10883,-16.1918],"timeVisible":50.7633,"type":"right","wrist":[1.74971,241.395,41.296]}],"id":1803837,"interactionBox":{"center":[0,200,0],"size":[235.247,235.247,147.751]},"pointables":[{"bases":[[[0.504675,0.844995,0.176877],[-0.755634,0.333273,0.563867],[0.417517,-0.418224,0.806702]],[[0.435137,0.89887,0.0518468],[-0.898155,0.43738,-0.0448949],[-0.0630314,-0.027031,0.997645]],[[0.435137,0.89887,0.0518468],[-0.765287,0.399578,-0.504651],[-0.474333,0.179915,0.861765]],[[0.435137,0.89887,0.0518468],[-0.485481,0.282735,-0.827266],[-0.758264,0.334803,0.559413]]],"btipPosition":[9.2094,220.751,-51.4186],"carpPosition":[-27.8558,233.371,40.8561],"dipPosition":[-8.5367,228.586,-38.3264],"direction":[0.474333,-0.179915,-0.861765],"extended":false,"handId":506,"id":5060,"length":52.1164,"mcpPosition":[-27.8558,233.371,40.8561],"pipPosition":[-24.7094,234.721,-8.94398],"stabilizedTipPosition":[6.08058,222.456,-49.1188],"timeVisible":50.7633,"tipPosition":[5.41569,222.51,-48.2136],"tipVelocity":[-65.9432,26.2584,51.2029],"tool":false,"touchDistance":-0.125979,"touchZone":"touching","type":0,"width":20.25},{"bases":[[[0.982254,-0.0400746,-0.183226],[0.0900563,0.957699,0.273317],[0.164522,-0.284967,0.944313]],[[0.993779,-0.104467,0.0386069],[0.0551098,0.762489,0.64465],[-0.096782,-0.638512,0.763502]],[[0.993779,-0.104467,0.0386069],[0.0720381,0.867308,0.492531],[-0.0849373,-0.486686,0.869438]],[[0.993779,-0.104467,0.0386069],[0.085314,0.936886,0.339068],[-0.0715916,-0.333665,0.939969]]],"btipPosition":[-22.1054,320.432,-100.468],"carpPosition":[-17.4357,254.57,38.8807],"dipPosition":[-23.3286,314.731,-84.4085],"direction":[0.0849373,0.486686,-0.869438],"extended":true,"handId":506,"id":5061,"length":58.8075,"mcpPosition":[-29.5396,275.535,-30.592],"pipPosition":[-25.3816,302.967,-63.3938],"stabilizedTipPosition":[-20.4233,318.978,-98.0161],"timeVisible":50.7633,"tipPosition":[-22.2961,319.001,-96.8521],"tipVelocity":[-97.1308,17.9321,67.3496],"tool":false,"touchDistance":-0.0191471,"touchZone":"touching","type":1,"width":19.3428},{"bases":[[[0.96561,-0.24088,-0.0978523],[0.258412,0.930648,0.259072],[0.028661,-0.275448,0.960889]],[[0.965657,-0.241352,-0.0962043],[0.00585696,0.390401,-0.920626],[0.259753,0.888446,0.378408]],[[0.965657,-0.241352,-0.0962043],[-0.2549,-0.808333,-0.530682],[0.0503159,0.53698,-0.842093]],[[0.965657,-0.241352,-0.0962043],[-0.239432,-0.970412,0.0311969],[-0.100887,-0.00709116,-0.994873]]],"btipPosition":[-19.4694,217.138,-6.07904],"carpPosition":[-5.41469,255.88,36.5579],"dipPosition":[-21.3653,217.005,-24.7747],"direction":[-0.0503159,-0.53698,0.842093],"extended":false,"handId":506,"id":5062,"length":67.0064,"mcpPosition":[-7.41431,275.098,-30.4814],"pipPosition":[-19.9345,232.274,-48.7208],"stabilizedTipPosition":[-15.136,210.682,-18.7562],"timeVisible":50.7633,"tipPosition":[-19.9749,217.023,-10.602],"tipVelocity":[-48.8047,17.6934,70.543],"tool":false,"touchDistance":0.333333,"touchZone":"none","type":2,"width":18.9972},{"bases":[[[0.937057,-0.348255,0.0253672],[0.327522,0.901805,0.281918],[-0.121055,-0.255864,0.959103]],[[0.936114,-0.35018,0.0326219],[0.167702,0.362917,-0.916606],[0.309138,0.863519,0.398458]],[[0.936114,-0.35018,0.0326219],[-0.275925,-0.788781,-0.549263],[0.218073,0.505172,-0.835012]],[[0.936114,-0.35018,0.0326219],[-0.350686,-0.936427,0.0111487],[0.026644,-0.0218764,-0.999406]]],"btipPosition":[-6.1693,217.86,-1.27014],"carpPosition":[6.59884,254,34.8066],"dipPosition":[-5.67148,217.451,-19.943],"direction":[-0.218073,-0.505172,0.835012],"extended":false,"handId":506,"id":5063,"length":64.4285,"mcpPosition":[14.1818,270.027,-25.2716],"pipPosition":[0.369567,231.445,-43.0746],"stabilizedTipPosition":[-1.42586,211.369,-13.0929],"timeVisible":50.7633,"tipPosition":[-6.06928,217.73,-5.55646],"tipVelocity":[-48.3603,17.6478,56.5521],"tool":false,"touchDistance":0.333333,"touchZone":"none","type":3,"width":18.077},{"bases":[[[0.849664,-0.519713,0.0892705],[0.457291,0.810489,0.366051],[-0.262594,-0.270198,0.926303]],[[0.833388,-0.534213,0.141709],[0.355435,0.321691,-0.877599],[0.423238,0.781749,0.457972]],[[0.833388,-0.534213,0.141709],[-0.355878,-0.714856,-0.60194],[0.422866,0.451218,-0.785867]],[[0.833388,-0.534213,0.141709],[-0.530151,-0.845153,-0.068237],[0.156219,-0.0182594,-0.987554]]],"btipPosition":[6.8121,224.475,-4.00496],"carpPosition":[17.5144,244.96,33.5076],"dipPosition":[9.50482,224.16,-21.0272],"direction":[-0.422866,-0.451218,0.785867],"extended":false,"handId":506,"id":5064,"length":50.5107,"mcpPosition":[32.7409,260.627,-20.2043],"pipPosition":[17.7756,232.985,-36.3978],"stabilizedTipPosition":[12.1528,217.909,-15.1533],"timeVisible":50.7633,"tipPosition":[7.30742,224.431,-7.98046],"tipVelocity":[-48.948,21.1875,57.5395],"tool":false,"touchDistance":0.333333,"touchZone":"none","type":4,"width":16.0574}],"r":[[0.972827,-0.0823075,0.216409],[0.1829,0.846307,-0.500313],[-0.141969,0.526299,0.838364]],"s":1.28309,"t":[9.48702,-1.10883,-16.1918],"timestamp":97865236705},false],[2,{"currentFrameRate":102.603,"devices":[],"gestures":[],"hands":[{"armBasis":[[0.970321,-0.00150494,-0.241818],[0.112775,0.887397,0.446999],[0.213916,-0.461003,0.861229]],"armWidth":63.72,"confidence":0.536814,"direction":[0.0143782,0.406976,-0.913326],"elbow":[59.2169,117.049,274.253],"grabStrength":0,"id":506,"palmNormal":[-0.113546,-0.906847,-0.405877],"palmPosition":[-5.82705,260.414,-9.09942],"palmVelocity":[-55.8723,9.96261,54.3343],"palmWidth":90.99,"pinchStrength":0.587269,"r":[[0.973517,-0.0802186,0.214081],[0.179818,0.846944,-0.50035],[-0.141177,0.525595,0.838939]],"s":1.28312,"sphereCenter":[-23.963,248.936,-38.976],"sphereRadius":48.1222,"stabilizedPalmPosition":[-2.58799,258.845,-12.6276],"t":[8.9875,-1.15516,-15.7607],"timeVisible":50.7729,"type":"right","wrist":[1.4597,241.52,41.7207]}],"id":1803838,"interactionBox":{"center":[0,200,0],"size":[235.247,235.247,147.751]},"pointables":[{"bases":[[[0.504118,0.846444,0.17146],[-0.754337,0.334884,0.564649],[0.420525,-0.413988,0.807325]],[[0.434186,0.899623,0.0464953],[-0.898807,0.436088,-0.0444283],[-0.0602448,-0.0225001,0.99793]],[[0.434186,0.899623,0.0464953],[-0.768784,0.396953,-0.501397],[-0.469524,0.181955,0.863967]],[[0.434186,0.899623,0.0464953],[-0.491164,0.279687,-0.824944],[-0.755143,0.335342,0.563299]]],"btipPosition":[8.55252,220.527,-51.0467],"carpPosition":[-28.1365,233.456,41.4083],"dipPosition":[-9.12054,228.375,-37.8635],"direction":[0.469525,-0.181955,-0.863967],"extended":false,"handId":506,"id":5060,"length":52.1164,"mcpPosition":[-28.1365,233.456,41.4083],"pipPosition":[-25.1293,234.579,-8.40602],"stabilizedTipPosition":[5.52498,222.413,-48.7336],"timeVisible":50.7729,"tipPosition":[4.79601,222.271,-47.7904],"tipVelocity":[-66.0836,11.9523,48.1681],"tool":false,"touchDistance":-0.119431,"touchZone":"touching","type":0,"width":20.25},{"bases":[[[0.98174,-0.0396534,-0.18605],[0.0896497,0.959056,0.268653],[0.167779,-0.280427,0.945098]],[[0.994037,-0.102969,0.0358738],[0.0561473,0.765394,0.641109],[-0.0934717,-0.635272,0.766611]],[[0.994037,-0.102969,0.0358738],[0.0725218,0.870011,0.487669],[-0.0814252,-0.48216,0.872291]],[[0.994037,-0.102969,0.0358738],[0.085257,0.939066,0.332995],[-0.0679759,-0.327951,0.942246]]],"btipPosition":[-22.9483,319.84,-100.344],"carpPosition":[-17.7501,254.659,39.304],"dipPosition":[-24.1097,314.237,-84.2457],"direction":[0.0814252,0.48216,-0.872291],"extended":true,"handId":506,"id":5061,"length":58.8075,"mcpPosition":[-30.0936,275.29,-30.2266],"pipPosition":[-26.0778,302.583,-63.162],"stabilizedTipPosition":[-21.3548,318.835,-97.5576],"timeVisible":50.7729,"tipPosition":[-23.1212,318.446,-96.7119],"tipVelocity":[-93.8934,-4.46672,51.7726],"tool":false,"touchDistance":-0.016932,"touchZone":"touching","type":1,"width":19.3428},{"bases":[[[0.965617,-0.240086,-0.0997077],[0.257996,0.932156,0.254015],[0.0319575,-0.271006,0.962047]],[[0.965675,-0.240592,-0.0979094],[0.00255935,0.385729,-0.922608],[0.259739,0.89069,0.373105]],[[0.965675,-0.240592,-0.0979094],[-0.255454,-0.811362,-0.525771],[0.0470566,0.532736,-0.844972]],[[0.965675,-0.240592,-0.0979094],[-0.238084,-0.97055,0.0367215],[-0.103861,-0.0121504,-0.994518]]],"btipPosition":[-19.8734,217.029,-5.44867],"carpPosition":[-5.73794,255.974,36.9383],"dipPosition":[-21.8252,216.801,-24.1376],"direction":[-0.0470566,-0.532736,0.844972],"extended":false,"handId":506,"id":5062,"length":67.0064,"mcpPosition":[-7.96755,274.881,-30.1818],"pipPosition":[-20.4871,231.95,-48.1656],"stabilizedTipPosition":[-15.2315,210.798,-18.5903],"timeVisible":50.7729,"tipPosition":[-20.3905,216.89,-9.97517],"tipVelocity":[-47.1923,8.59734,69.0989],"tool":false,"touchDistance":0.333333,"touchZone":"none","type":2,"width":18.9972},{"bases":[[[0.937581,-0.346932,0.024089],[0.327213,0.903507,0.276781],[-0.117789,-0.251623,0.960631]],[[0.936661,-0.34883,0.0313725],[0.164773,0.359847,-0.918346],[0.309058,0.865348,0.394532]],[[0.936661,-0.34883,0.0313725],[-0.276349,-0.791114,-0.545683],[0.21517,0.50245,-0.837404]],[[0.936661,-0.34883,0.0313725],[-0.349424,-0.936831,0.015848],[0.0238625,-0.0258065,-0.999382]]],"btipPosition":[-6.56416,217.762,-0.772403],"carpPosition":[6.2726,254.1,35.1588],"dipPosition":[-6.11832,217.28,-19.4449],"direction":[-0.21517,-0.50245,0.837404],"extended":false,"handId":506,"id":5063,"length":64.4285,"mcpPosition":[13.6509,269.862,-25.0151],"pipPosition":[-0.157674,231.199,-42.6426],"stabilizedTipPosition":[-1.54516,211.518,-12.9027],"timeVisible":50.7729,"tipPosition":[-6.47378,217.623,-5.0358],"tipVelocity":[-46.5739,9.05026,55.1305],"tool":false,"touchDistance":0.333333,"touchZone":"none","type":3,"width":18.077},{"bases":[[[0.850607,-0.518208,0.0890441],[0.457357,0.812743,0.360933],[-0.259408,-0.266287,0.928331]],[[0.834578,-0.532435,0.141392],[0.352237,0.318411,-0.880081],[0.423566,0.7843,0.453283]],[[0.834578,-0.532435,0.141392],[-0.356753,-0.717935,-0.597743],[0.419769,0.448422,-0.789121]],[[0.834578,-0.532435,0.141392],[-0.529184,-0.846175,-0.0628613],[0.153112,-0.0223595,-0.987956]]],"btipPosition":[6.41138,224.392,-3.52598],"carpPosition":[17.1958,245.069,33.8677],"dipPosition":[9.05054,224.006,-20.5552],"direction":[-0.419769,-0.448422,0.789121],"extended":false,"handId":506,"id":5064,"length":50.5107,"mcpPosition":[32.2377,260.509,-19.9617],"pipPosition":[17.2607,232.777,-35.9894],"stabilizedTipPosition":[12.0107,218.086,-14.9398],"timeVisible":50.7729,"tipPosition":[6.89388,224.333,-7.49862],"tipVelocity":[-47.1785,12.0389,55.2132],"tool":false,"touchDistance":0.333333,"touchZone":"none","type":4,"width":16.0574}],"r":[[0.973517,-0.0802186,0.214081],[0.179818,0.846944,-0.50035],[-0.141177,0.525595,0.838939]],"s":1.28312,"t":[8.9875,-1.15516,-15.7607],"timestamp":97865246341},false],[3,{"currentFrameRate":102.635,"devices":[],"gestures":[],"hands":[{"armBasis":[[0.970214,-0.000518646,-0.242248],[0.112047,0.887562,0.446854],[0.214778,-0.460687,0.861184]],"armWidth":63.72,"confidence":0.539944,"direction":[0.0115689,0.409026,-0.912449],"elbow":[59.1679,116.933,274.542],"grabStrength":0,"id":506,"palmNormal":[-0.112655,-0.906168,-0.407638],"palmPosition":[-6.2579,260.311,-8.73997],"palmVelocity":[-52.5515,3.95453,49.3089],"palmWidth":90.99,"pinchStrength":0.581037,"r":[[0.974185,-0.0782563,0.211754],[0.176798,0.847741,-0.500077],[-0.140378,0.524605,0.839692]],"s":1.28314,"sphereCenter":[-24.5922,248.924,-38.5936],"sphereRadius":48.1581,"stabilizedPalmPosition":[-2.97306,258.999,-12.2196],"t":[8.52231,-1.2297,-15.3655],"timeVisible":50.7826,"type":"right","wrist":[1.17776,241.319,42.022]}],"id":1803839,"interactionBox":{"center":[0,200,0],"size":[235.247,235.247,147.751]},"pointables":[{"bases":[[[0.502828,0.847054,0.172231],[-0.75375,0.332144,0.567045],[0.423113,-0.414945,0.805479]],[[0.431902,0.90072,0.0465177],[-0.900161,0.433706,-0.0401104],[-0.0563032,-0.0245496,0.998112]],[[0.431902,0.90072,0.0465177],[-0.773979,0.396621,-0.493607],[-0.463052,0.177186,0.86844]],[[0.431902,0.90072,0.0465177],[-0.501192,0.282566,-0.817901],[-0.749844,0.329939,0.573475]]],"btipPosition":[7.74442,220.66,-51.0981],"carpPosition":[-28.4032,233.197,41.7566],"dipPosition":[-9.80464,228.381,-37.6767],"direction":[0.463052,-0.177186,-0.86844],"extended":false,"handId":506,"id":5060,"length":52.1164,"mcpPosition":[-28.4032,233.197,41.7566],"pipPosition":[-25.5927,234.423,-8.06676],"stabilizedTipPosition":[4.89045,222.421,-48.4813],"timeVisible":50.7826,"tipPosition":[4.10669,222.344,-47.7146],"tipVelocity":[-70.2987,11.5913,34.2039],"tool":false,"touchDistance":-0.119375,"touchZone":"touching","type":0,"width":20.25},{"bases":[[[0.981404,-0.0373057,-0.188292],[0.0883542,0.958633,0.270583],[0.170409,-0.282188,0.944103]],[[0.994324,-0.101044,0.0333053],[0.0560977,0.763922,0.642865],[-0.0904006,-0.637348,0.765255]],[[0.994324,-0.101044,0.0333053],[0.0719529,0.869259,0.489092],[-0.078371,-0.48392,0.871596]],[[0.994324,-0.101044,0.0333053],[0.0842178,0.938818,0.333958],[-0.0650122,-0.329258,0.941999]]],"btipPosition":[-23.7112,319.89,-99.8194],"carpPosition":[-18.0631,254.426,39.6766],"dipPosition":[-24.822,314.265,-83.7247],"direction":[0.078371,0.48392,-0.871596],"extended":true,"handId":506,"id":5061,"length":58.8075,"mcpPosition":[-30.6001,275.186,-29.7807],"pipPosition":[-26.7162,302.568,-62.6579],"stabilizedTipPosition":[-22.2635,318.752,-97.0566],"timeVisible":50.7826,"tipPosition":[-23.8689,318.498,-96.1854],"tipVelocity":[-89.1325,-1.80208,52.4632],"tool":false,"touchDistance":-0.00819594,"touchZone":"touching","type":1,"width":19.3428},{"bases":[[[0.965866,-0.237961,-0.10236],[0.25672,0.932098,0.255517],[0.0346064,-0.273073,0.961371]],[[0.965932,-0.238496,-0.100475],[-0.000194656,0.38757,-0.92184],[0.258796,0.890455,0.37432]],[[0.965932,-0.238496,-0.100475],[-0.254997,-0.810819,-0.52683],[0.0441797,0.534503,-0.844011]],[[0.965932,-0.238496,-0.100475],[-0.236104,-0.971089,0.0352347],[-0.105973,-0.0103118,-0.994316]]],"btipPosition":[-20.2121,216.895,-5.14199],"carpPosition":[-6.05879,255.769,37.2875],"dipPosition":[-22.2036,216.701,-23.8272],"direction":[-0.0441797,-0.534503,0.844011],"extended":false,"handId":506,"id":5062,"length":67.0064,"mcpPosition":[-8.47321,274.821,-29.7854],"pipPosition":[-20.9473,231.901,-47.8278],"stabilizedTipPosition":[-15.3179,210.894,-18.445],"timeVisible":50.7826,"tipPosition":[-20.7371,216.765,-9.66883],"tipVelocity":[-43.9022,2.29137,58.1969],"tool":false,"touchDistance":0.333333,"touchZone":"none","type":2,"width":18.9972},{"bases":[[[0.938312,-0.345136,0.0212607],[0.326043,0.903534,0.278067],[-0.115181,-0.253982,0.960326]],[[0.93741,-0.347056,0.0285571],[0.162349,0.363013,-0.917531],[0.308068,0.864739,0.396636]],[[0.93741,-0.347056,0.0285571],[-0.27579,-0.789977,-0.547609],[0.21261,0.505459,-0.836247]],[[0.93741,-0.347056,0.0285571],[-0.347537,-0.937562,0.0139518],[0.021932,-0.0230032,-0.999495]]],"btipPosition":[-6.89748,217.624,-0.558645],"carpPosition":[5.95147,253.923,35.4775],"dipPosition":[-6.48771,217.194,-19.2332],"direction":[-0.21261,-0.505459,0.836247],"extended":false,"handId":506,"id":5063,"length":64.4285,"mcpPosition":[13.1664,269.833,-24.6774],"pipPosition":[-0.597972,231.197,-42.3989],"stabilizedTipPosition":[-1.65778,211.646,-12.7303],"timeVisible":50.7826,"tipPosition":[-6.81333,217.503,-4.80334],"tipVelocity":[-43.277,2.6201,45.4641],"tool":false,"touchDistance":0.333333,"touchZone":"none","type":3,"width":18.077},{"bases":[[[0.851818,-0.516726,0.0860262],[0.45655,0.812842,0.361732],[-0.256842,-0.268854,0.928305]],[[0.836002,-0.531046,0.138167],[0.349605,0.3214,-0.880044],[0.422937,0.784023,0.454348]],[[0.836002,-0.531046,0.138167],[-0.356595,-0.717158,-0.598769],[0.417061,0.451303,-0.788914]],[[0.836002,-0.531046,0.138167],[-0.527575,-0.847116,-0.0637191],[0.150881,-0.0196238,-0.988357]]],"btipPosition":[6.06992,224.294,-3.28462],"carpPosition":[16.8895,244.916,34.1424],"dipPosition":[8.67062,223.956,-20.3207],"direction":[-0.417061,-0.451303,0.788914],"extended":false,"handId":506,"id":5064,"length":50.5107,"mcpPosition":[31.7826,260.506,-19.6856],"pipPosition":[16.8278,232.783,-35.7509],"stabilizedTipPosition":[11.8777,218.238,-14.7473],"timeVisible":50.7826,"tipPosition":[6.54317,224.248,-7.25314],"tipVelocity":[-43.9672,5.91439,46.3218],"tool":false,"touchDistance":0.333333,"touchZone":"none","type":4,"width":16.0574}],"r":[[0.974185,-0.0782563,0.211754],[0.176798,0.847741,-0.500077],[-0.140378,0.524605,0.839692]],"s":1.28314,"t":[8.52231,-1.2297,-15.3655],"timestamp":97865256023},false],[4,{"currentFrameRate":102.705,"devices":[],"gestures":[],"hands":[{"armBasis":[[0.970104,-0.00296746,-0.24267],[0.113786,0.888769,0.444007],[0.21436,-0.458345,0.862537]],"armWidth":63.72,"confidence":0.527382,"direction":[0.00924239,0.407904,-0.912978],"elbow":[58.7621,117.483,275.105],"grabStrength":0,"id":506,"palmNormal":[-0.114272,-0.906605,-0.406214],"palmPosition":[-6.68215,260.171,-8.54459],"palmVelocity":[-50.1217,-1.42256,40.9078],"palmWidth":90.99,"pinchStrength":0.571447,"r":[[0.974821,-0.0767362,0.209369],[0.174194,0.848232,-0.500158],[-0.139213,0.524036,0.840242]],"s":1.28309,"sphereCenter":[-25.2448,248.824,-38.317],"sphereRadius":48.1726,"stabilizedPalmPosition":[-3.35324,259.119,-11.8429],"t":[8.07759,-1.337,-15.0701],"timeVisible":50.7922,"type":"right","wrist":[0.884903,241.237,42.2196]}],"id":1803840,"interactionBox":{"center":[0,200,0],"size":[235.247,235.247,147.751]},"pointables":[{"bases":[[[0.503756,0.846995,0.169792],[-0.75199,0.33324,0.568737],[0.425136,-0.414186,0.804804]],[[0.430867,0.901461,0.0415043],[-0.901093,0.432269,-0.0342683],[-0.0488326,-0.0226342,0.99855]],[[0.430867,0.901461,0.0415043],[-0.781351,0.395679,-0.482626],[-0.451491,0.175518,0.874843]],[[0.430867,0.901461,0.0415043],[-0.513128,0.282572,-0.810464],[-0.74233,0.327905,0.584316]]],"btipPosition":[6.50368,220.602,-51.302],"carpPosition":[-28.701,233.131,42.0466],"dipPosition":[-10.8695,228.276,-37.6269],"direction":[0.451491,-0.175518,-0.874843],"extended":false,"handId":506,"id":5060,"length":52.1164,"mcpPosition":[-28.701,233.131,42.0466],"pipPosition":[-26.2634,234.261,-7.7986],"stabilizedTipPosition":[4.00727,222.401,-48.361],"timeVisible":50.7922,"tipPosition":[3.07742,222.244,-47.7644],"tipVelocity":[-86.1582,6.15875,19.889],"tool":false,"touchDistance":-0.1218,"touchZone":"touching","type":0,"width":20.25},{"bases":[[[0.980856,-0.03806,-0.190981],[0.089617,0.958916,0.269163],[0.17289,-0.281125,0.943969]],[[0.994376,-0.101457,0.0303751],[0.0584133,0.764651,0.641792],[-0.0883406,-0.636408,0.766277]],[[0.994376,-0.101457,0.0303751],[0.0739251,0.870314,0.486917],[-0.0758371,-0.481933,0.87292]],[[0.994376,-0.101457,0.0303751],[0.0857913,0.939837,0.330676],[-0.062097,-0.32621,0.943255]]],"btipPosition":[-24.3857,319.597,-99.6716],"carpPosition":[-18.3555,254.351,39.9118],"dipPosition":[-25.4466,314.023,-83.5555],"direction":[0.0758371,0.481933,-0.87292],"extended":true,"handId":506,"id":5061,"length":58.8075,"mcpPosition":[-31.075,275.033,-29.5356],"pipPosition":[-27.2796,302.375,-62.4567],"stabilizedTipPosition":[-23.1329,318.591,-96.6555],"timeVisible":50.7922,"tipPosition":[-24.5254,318.237,-96.0221],"tipVelocity":[-83.3032,-9.77477,41.8572],"tool":false,"touchDistance":-0.0056515,"touchZone":"touching","type":1,"width":19.3428},{"bases":[[[0.96545,-0.238602,-0.10476],[0.257926,0.932272,0.253659],[0.0371413,-0.271916,0.961604]],[[0.965524,-0.239157,-0.102794],[-0.00252811,0.386255,-0.922389],[0.2603,0.890849,0.372334]],[[0.965524,-0.239157,-0.102794],[-0.25688,-0.811436,-0.524961],[0.042137,0.533269,-0.844896]],[[0.965524,-0.239157,-0.102794],[-0.236529,-0.970911,0.037213],[-0.108704,-0.0116162,-0.994006]]],"btipPosition":[-20.6505,216.771,-4.84303],"carpPosition":[-6.35715,255.685,37.4876],"dipPosition":[-22.6932,216.553,-23.5224],"direction":[-0.042137,-0.533269,0.844896],"extended":false,"handId":506,"id":5062,"length":67.0064,"mcpPosition":[-8.94842,274.656,-29.6015],"pipPosition":[-21.495,231.717,-47.5482],"stabilizedTipPosition":[-15.4016,210.978,-18.3107],"timeVisible":50.7922,"tipPosition":[-21.1865,216.635,-9.3692],"tipVelocity":[-44.7623,-2.28896,50.3864],"tool":false,"touchDistance":0.333333,"touchZone":"none","type":2,"width":18.9972},{"bases":[[[0.938184,-0.345611,0.0190679],[0.327297,0.903699,0.276051],[-0.112638,-0.252746,0.960954]],[[0.9373,-0.347525,0.0263827],[0.160255,0.362522,-0.918094],[0.309496,0.864757,0.395484]],[[0.9373,-0.347525,0.0263827],[-0.277557,-0.790083,-0.546563],[0.210789,0.504971,-0.837002]],[[0.9373,-0.347525,0.0263827],[-0.347989,-0.93737,0.01555],[0.0193263,-0.0237559,-0.999531]]],"btipPosition":[-7.32584,217.481,-0.355893],"carpPosition":[5.64704,253.831,35.6465],"dipPosition":[-6.96475,217.037,-19.0311],"direction":[-0.210789,-0.504971,0.837002],"extended":false,"handId":506,"id":5063,"length":64.4285,"mcpPosition":[12.7027,269.663,-24.5477],"pipPosition":[-1.12548,231.026,-42.2178],"stabilizedTipPosition":[-1.77161,211.763,-12.5657],"timeVisible":50.7922,"tipPosition":[-7.25103,217.362,-4.58427],"tipVelocity":[-43.9994,-2.56067,38.396],"tool":false,"touchDistance":0.333333,"touchZone":"none","type":3,"width":18.077},{"bases":[[[0.85178,-0.517075,0.0842842],[0.457988,0.813039,0.359463],[-0.254396,-0.267582,0.929345]],[[0.836162,-0.531276,0.136304],[0.347294,0.320493,-0.88129],[0.424524,0.784238,0.452493]],[[0.836162,-0.531276,0.136304],[-0.358566,-0.717538,-0.597135],[0.415047,0.450427,-0.790475]],[[0.836162,-0.531276,0.136304],[-0.528125,-0.846946,-0.0613686],[0.148046,-0.0206717,-0.988764]]],"btipPosition":[5.64726,224.148,-3.0923],"carpPosition":[16.5766,244.816,34.2919],"dipPosition":[8.1991,223.792,-20.1354],"direction":[-0.415047,-0.450427,0.790475],"extended":false,"handId":506,"id":5064,"length":50.5107,"mcpPosition":[31.3278,260.332,-19.5964],"pipPosition":[16.3169,232.602,-35.5962],"stabilizedTipPosition":[11.7452,218.375,-14.5657],"timeVisible":50.7922,"tipPosition":[6.10927,224.099,-7.05623],"tipVelocity":[-44.3186,-0.341609,38.6459],"tool":false,"touchDistance":0.333333,"touchZone":"none","type":4,"width":16.0574}],"r":[[0.974821,-0.0767362,0.209369],[0.174194,0.848232,-0.500158],[-0.139213,0.524036,0.840242]],"s":1.28309,"t":[8.07759,-1.337,-15.0701],"timestamp":97865265627},false],[5,{"currentFrameRate":102.747,"devices":[],"gestures":[],"hands":[{"armBasis":[[0.970083,-0.00459692,-0.242732],[0.114843,0.889571,0.442125],[0.213895,-0.456773,0.863485]],"armWidth":63.72,"confidence":0.53034,"direction":[0.00698066,0.407023,-0.913391],"elbow":[58.4845,117.844,275.511],"grabStrength":0,"id":506,"palmNormal":[-0.115225,-0.907002,-0.405056],"palmPosition":[-6.95974,260.058,-8.39359],"palmVelocity":[-43.9,-4.41442,33.5496],"palmWidth":90.99,"pinchStrength":0.561098,"r":[[0.975427,-0.0754691,0.206996],[0.171855,0.848527,-0.500467],[-0.137872,0.523742,0.840646]],"s":1.28311,"sphereCenter":[-25.7187,248.74,-38.0879],"sphereRadius":48.1861,"stabilizedPalmPosition":[-3.72378,259.216,-11.4886],"t":[7.71644,-1.4471,-14.847],"timeVisible":50.8019,"type":"right","wrist":[0.732862,241.173,42.3701]}],"id":1803841,"interactionBox":{"center":[0,200,0],"size":[235.247,235.247,147.751]},"pointables":[{"bases":[[[0.50413,0.847182,0.167736],[-0.750608,0.333754,0.57026],[0.427131,-0.413389,0.804157]],[[0.428991,0.902574,0.0364148],[-0.902369,0.430035,-0.0282895],[-0.041193,-0.0207237,0.998936]],[[0.428991,0.902574,0.0364148],[-0.788886,0.393983,-0.471632],[-0.44003,0.173599,0.881043]],[[0.428991,0.902574,0.0364148],[-0.525745,0.28226,-0.802447],[-0.734546,0.325098,0.595612]]],"btipPosition":[5.39742,220.573,-51.566],"carpPosition":[-28.8529,233.066,42.2776],"dipPosition":[-11.7936,228.181,-37.6266],"direction":[0.44003,-0.173599,-0.881043],"extended":false,"handId":506,"id":5060,"length":52.1164,"mcpPosition":[-28.8529,233.066,42.2776],"pipPosition":[-26.7967,234.1,-7.58686],"stabilizedTipPosition":[2.97443,222.369,-48.3606],"timeVisible":50.8019,"tipPosition":[2.17164,222.179,-47.8852],"tipVelocity":[-93.1821,3.0265,7.96375],"tool":false,"touchDistance":-0.125187,"touchZone":"touching","type":0,"width":20.25},{"bases":[[[0.980386,-0.0381993,-0.193352],[0.0902312,0.95918,0.268016],[0.175221,-0.280205,0.943813]],[[0.994471,-0.10129,0.0276977],[0.060133,0.765548,0.640563],[-0.0860868,-0.635356,0.767406]],[[0.994471,-0.10129,0.0276977],[0.0752821,0.871587,0.484427],[-0.0732087,-0.479663,0.874393]],[[0.994471,-0.10129,0.0276977],[0.086744,0.941056,0.32694],[-0.059181,-0.32273,0.944639]]],"btipPosition":[-24.9256,319.303,-99.5828],"carpPosition":[-18.5138,254.284,40.0969],"dipPosition":[-25.9368,313.789,-83.443],"direction":[0.0732087,0.479663,-0.874393],"extended":true,"handId":506,"id":5061,"length":58.8075,"mcpPosition":[-31.4048,274.899,-29.339],"pipPosition":[-27.7063,302.195,-62.3086],"stabilizedTipPosition":[-23.9382,318.37,-96.3434],"timeVisible":50.8019,"tipPosition":[-25.046,317.991,-95.9075],"tipVelocity":[-74.9886,-15.3811,32.5119],"tool":false,"touchDistance":-0.00407964,"touchZone":"touching","type":1,"width":19.3428},{"bases":[[[0.965202,-0.238658,-0.1069],[0.258503,0.932528,0.252125],[0.0395157,-0.270985,0.961772]],[[0.965284,-0.239233,-0.104858],[-0.00478288,0.385184,-0.922827],[0.26116,0.891292,0.370668]],[[0.965284,-0.239233,-0.104858],[-0.258114,-0.81206,-0.52339],[0.0400613,0.532285,-0.845617]],[[0.965284,-0.239233,-0.104858],[-0.236399,-0.970879,0.0388573],[-0.1111,-0.0127201,-0.993728]]],"btipPosition":[-20.9179,216.665,-4.60479],"carpPosition":[-6.52149,255.617,37.642],"dipPosition":[-23.0056,216.426,-23.2789],"direction":[-0.0400613,-0.532285,0.845617],"extended":false,"handId":506,"id":5062,"length":67.0064,"mcpPosition":[-9.27842,274.523,-29.4589],"pipPosition":[-21.8664,231.562,-47.3252],"stabilizedTipPosition":[-15.4829,211.054,-18.1831],"timeVisible":50.8019,"tipPosition":[-21.4634,216.524,-9.13033],"tipVelocity":[-40.1063,-4.96333,42.9362],"tool":false,"touchDistance":0.333333,"touchZone":"none","type":2,"width":18.9972},{"bases":[[[0.938245,-0.345549,0.0170978],[0.32793,0.903981,0.274374],[-0.110266,-0.251823,0.961471]],[[0.937366,-0.347482,0.0245154],[0.157442,0.359833,-0.919637],[0.310736,0.865897,0.392003]],[[0.937366,-0.347482,0.0245154],[-0.279255,-0.791656,-0.543413],[0.208234,0.502531,-0.839107]],[[0.937366,-0.347482,0.0245154],[-0.347953,-0.937328,0.0185852],[0.016521,-0.0259514,-0.999527]]],"btipPosition":[-7.57544,217.411,-0.0478362],"carpPosition":[5.47823,253.761,35.7732],"dipPosition":[-7.26676,216.926,-18.723],"direction":[-0.208234,-0.502531,0.839107],"extended":false,"handId":506,"id":5063,"length":64.4285,"mcpPosition":[12.3853,269.535,-24.4534],"pipPosition":[-1.49827,230.848,-41.9679],"stabilizedTipPosition":[-1.88179,211.87,-12.4076],"timeVisible":50.8019,"tipPosition":[-7.51354,217.273,-4.32306],"tipVelocity":[-39.08,-4.20482,36.5093],"tool":false,"touchDistance":0.333333,"touchZone":"none","type":3,"width":18.077},{"bases":[[[0.85201,-0.516954,0.0826916],[0.45883,0.813407,0.357552],[-0.2521,-0.266696,0.930225]],[[0.836555,-0.531078,0.134653],[0.345085,0.319853,-0.882389],[0.425548,0.784634,0.450842]],[[0.836555,-0.531078,0.134653],[-0.359958,-0.718042,-0.595689],[0.413044,0.449858,-0.791848]],[[0.836555,-0.531078,0.134653],[-0.528189,-0.847051,-0.059341],[0.145573,-0.0214803,-0.989114]]],"btipPosition":[5.38801,224.038,-2.9435],"carpPosition":[16.4048,244.746,34.4004],"dipPosition":[7.89722,223.667,-19.9927],"direction":[-0.413044,-0.449858,0.791848],"extended":false,"handId":506,"id":5064,"length":50.5107,"mcpPosition":[31.0229,260.21,-19.5389],"pipPosition":[15.9759,232.466,-35.4803],"stabilizedTipPosition":[11.6127,218.503,-14.3891],"timeVisible":50.8019,"tipPosition":[5.84052,223.986,-6.90533],"tipVelocity":[-39.5294,-3.67988,31.8381],"tool":false,"touchDistance":0.333333,"touchZone":"none","type":4,"width":16.0574}],"r":[[0.975427,-0.0754691,0.206996],[0.171855,0.848527,-0.500467],[-0.137872,0.523742,0.840646]],"s":1.28311,"t":[7.71644,-1.4471,-14.847],"timestamp":97865275279},false],[6,{"currentFrameRate":102.798,"devices":[],"gestures":[],"hands":[{"armBasis":[[0.969963,-0.0052343,-0.243194],[0.115328,0.890156,0.440819],[0.214173,-0.455626,0.864023]],"armWidth":63.72,"confidence":0.533655,"direction":[0.0057061,0.406378,-0.913687],"elbow":[58.4205,118.112,275.744],"grabStrength":0,"id":506,"palmNormal":[-0.115653,-0.907303,-0.40426],"palmPosition":[-7.16927,259.979,-8.30887],"palmVelocity":[-37.4607,-5.51654,26.3525],"palmWidth":90.99,"pinchStrength":0.548691,"r":[[0.975963,-0.0744007,0.204846],[0.169828,0.848694,-0.500875],[-0.136586,0.523624,0.840929]],"s":1.28317,"sphereCenter":[-26.0939,248.659,-37.9526],"sphereRadius":48.1937,"stabilizedPalmPosition":[-4.08152,259.295,-11.1584],"t":[7.4311,-1.54166,-14.693],"timeVisible":50.8115,"type":"right","wrist":[0.593693,241.131,42.4579]}],"id":1803842,"interactionBox":{"center":[0,200,0],"size":[235.247,235.247,147.751]},"pointables":[{"bases":[[[0.504247,0.847364,0.166462],[-0.749886,0.334063,0.571028],[0.42826,-0.412767,0.803876]],[[0.426822,0.903777,0.0317841],[-0.903692,0.427581,-0.0227167],[-0.0341211,-0.019027,0.999237]],[[0.426822,0.903777,0.0317841],[-0.796248,0.392238,-0.460585],[-0.428733,0.17128,0.887046]],[[0.426822,0.903777,0.0317841],[-0.539924,0.282867,-0.79276],[-0.725469,0.321207,0.608705]]],"btipPosition":[4.30855,220.612,-51.959],"carpPosition":[-28.9912,233.02,42.4107],"dipPosition":[-12.67,228.13,-37.7132],"direction":[0.428733,-0.17128,-0.887046],"extended":false,"handId":506,"id":5060,"length":52.1164,"mcpPosition":[-28.9912,233.02,42.4107],"pipPosition":[-27.2879,233.97,-7.46879],"stabilizedTipPosition":[1.86186,222.357,-48.4999],"timeVisible":50.8115,"tipPosition":[1.29019,222.175,-48.1205],"tipVelocity":[-97.4827,2.70567,-4.08829],"tool":false,"touchDistance":-0.130563,"touchZone":"touching","type":0,"width":20.25},{"bases":[[[0.980131,-0.0382127,-0.194638],[0.0904685,0.95938,0.267217],[0.176521,-0.279516,0.943775]],[[0.994547,-0.10101,0.0259391],[0.0612497,0.767069,0.638634],[-0.0844053,-0.633563,0.769073]],[[0.994547,-0.10101,0.0259391],[0.0762152,0.873769,0.480333],[-0.071183,-0.475737,0.876703]],[[0.994547,-0.10101,0.0259391],[0.0874214,0.943123,0.320743],[-0.0568619,-0.316726,0.946811]]],"btipPosition":[-25.3259,318.932,-99.6403],"carpPosition":[-18.6576,254.238,40.2012],"dipPosition":[-26.2974,313.52,-83.4635],"direction":[0.071183,0.475737,-0.876703],"extended":true,"handId":506,"id":5061,"length":58.8075,"mcpPosition":[-31.6442,274.802,-29.232],"pipPosition":[-28.0179,302.021,-62.2732],"stabilizedTipPosition":[-24.64,318.073,-96.1588],"timeVisible":50.8115,"tipPosition":[-25.4241,317.722,-95.9084],"tipVelocity":[-64.9927,-21.4086,21.579],"tool":false,"touchDistance":-0.0048968,"touchZone":"touching","type":1,"width":19.3428},{"bases":[[[0.965088,-0.238612,-0.108024],[0.258722,0.932739,0.251119],[0.0408377,-0.270301,0.96191]],[[0.965176,-0.239206,-0.105909],[-0.00603993,0.384361,-0.923163],[0.261533,0.891654,0.369531]],[[0.965176,-0.239206,-0.105909],[-0.258697,-0.812561,-0.522322],[0.0388852,0.531531,-0.846146]],[[0.965176,-0.239206,-0.105909],[-0.236231,-0.970874,0.0399791],[-0.112387,-0.0135679,-0.993572]]],"btipPosition":[-21.1178,216.591,-4.46027],"carpPosition":[-6.66881,255.57,37.7292],"dipPosition":[-23.2297,216.336,-23.1315],"direction":[-0.0388852,-0.531531,0.846146],"extended":false,"handId":506,"id":5062,"length":67.0064,"mcpPosition":[-9.51798,274.429,-29.3813],"pipPosition":[-22.124,231.451,-47.1928],"stabilizedTipPosition":[-15.5622,211.125,-18.0609],"timeVisible":50.8115,"tipPosition":[-21.6679,216.446,-8.98565],"tipVelocity":[-34.6478,-5.87427,34.8354],"tool":false,"touchDistance":0.333333,"touchZone":"none","type":2,"width":18.9972},{"bases":[[[0.938311,-0.345419,0.0160856],[0.328182,0.904216,0.273296],[-0.108946,-0.251157,0.961796]],[[0.937419,-0.347397,0.0237014],[0.155207,0.355941,-0.92153],[0.3117,0.867538,0.387584]],[[0.937419,-0.347397,0.0237014],[-0.280567,-0.79389,-0.539464],[0.206224,0.499054,-0.841675]],[[0.937419,-0.347397,0.0237014],[-0.347898,-0.937276,0.0219168],[0.0146009,-0.0287909,-0.999479]]],"btipPosition":[-7.75925,217.399,0.271988],"carpPosition":[5.32863,253.715,35.8456],"dipPosition":[-7.48645,216.861,-18.4023],"direction":[-0.206224,-0.499054,0.841675],"extended":false,"handId":506,"id":5063,"length":64.4285,"mcpPosition":[12.153,269.448,-24.4013],"pipPosition":[-1.77362,230.686,-41.7184],"stabilizedTipPosition":[-1.98237,211.963,-12.2626],"timeVisible":50.8115,"tipPosition":[-7.70692,217.233,-4.08097],"tipVelocity":[-33.5149,-3.70951,35.5546],"tool":false,"touchDistance":0.333333,"touchZone":"none","type":3,"width":18.077},{"bases":[[[0.852185,-0.516789,0.0819159],[0.459206,0.813718,0.356362],[-0.25082,-0.26607,0.93075]],[[0.836836,-0.530851,0.133805],[0.343758,0.319308,-0.883104],[0.426072,0.785009,0.449693]],[[0.836836,-0.530851,0.133805],[-0.360705,-0.718508,-0.594675],[0.411823,0.449381,-0.792754]],[[0.836836,-0.530851,0.133805],[-0.528136,-0.847176,-0.0580025],[0.144147,-0.0221286,-0.989309]]],"btipPosition":[5.19345,223.963,-2.84803],"carpPosition":[16.2545,244.7,34.4646],"dipPosition":[7.67808,223.581,-19.9005],"direction":[-0.411823,-0.449381,0.792754],"extended":false,"handId":506,"id":5064,"length":50.5107,"mcpPosition":[30.7984,260.128,-19.5051],"pipPosition":[15.7329,232.371,-35.4059],"stabilizedTipPosition":[11.4802,218.625,-14.2166],"timeVisible":50.8115,"tipPosition":[5.6402,223.909,-6.81086],"tipVelocity":[-34.0799,-4.94851,2