{"sensorType":"Leap","data":[[0,{"currentFrameRate":102.533,"devices":[],"gestures":[],"hands":[{"armBasis":[[0.726884,0.68074,0.0907318],[-0.612545,0.582912,0.533856],[0.310528,-0.443629,0.840694]],"armWidth":63.72,"confidence":0.499659,"direction":[-0.164444,0.618351,-0.768505],"elbow":[77.3257,136.453,303.061],"grabStrength":0,"id":506,"palmNormal":[0.604959,-0.552152,-0.573718],"palmPosition":[-18.7224,282.975,29.9363],"palmVelocity":[-21.3478,20.0688,-274.039],"palmWidth":90.99,"pinchStrength":0.572168,"r":[[0.714233,0.340359,0.611577],[-0.0727762,0.905175,-0.418762],[-0.696114,0.254585,0.671276]],"s":1.21431,"sphereCenter":[22.383,280.163,-5.8061],"sphereRadius":53.6716,"stabilizedPalmPosition":[2.64,252.126,16.9164],"t":[-4.22212,21.2278,26.24],"timeVisible":68.9232,"type":"right","wrist":[-6.51703,256.233,76.0734]}],"id":1805690,"interactionBox":{"center":[0,200,0],"size":[235.247,235.247,147.751]},"pointables":[{"bases":[[[-0.259676,0.839564,0.477179],[-0.833377,-0.444478,0.328515],[0.487905,-0.312363,0.815094]],[[-0.425403,0.8953,0.132172],[-0.899799,-0.434062,0.0441752],[0.0969207,-0.100136,0.990242]],[[-0.425403,0.8953,0.132172],[-0.902615,-0.409126,-0.133801],[-0.0657177,-0.17622,0.982155]],[[-0.425403,0.8953,0.132172],[-0.864837,-0.359137,-0.350826],[-0.266627,-0.263549,0.927066]]],"btipPosition":[-17.9885,249.385,-40.183],"carpPosition":[-21.6311,232.21,64.4313],"dipPosition":[-24.2285,243.217,-18.4863],"direction":[0.0657177,0.17622,-0.982155],"extended":false,"handId":506,"id":5060,"length":52.1164,"mcpPosition":[-21.6311,232.21,64.4313],"pipPosition":[-26.4692,237.209,15.0008],"stabilizedTipPosition":[-19.0933,248.185,73.0335],"timeVisible":68.9232,"tipPosition":[-19.2816,249.224,-34.9037],"tipVelocity":[-15.5657,22.0588,-281.54],"tool":false,"touchDistance":-0.700985,"touchZone":"hovering","type":0,"width":20.25},{"bases":[[[0.74042,0.655142,0.150223],[-0.641718,0.622538,0.447934],[0.19994,-0.42806,0.881356]],[[0.764739,0.563621,0.312258],[-0.644282,0.675372,0.358851],[-0.00863417,-0.47561,0.879614]],[[0.764739,0.563621,0.312258],[-0.640472,0.71794,0.272685],[-0.0704914,-0.408526,0.910021]],[[0.764739,0.563621,0.312258],[-0.633442,0.746378,0.204137],[-0.118006,-0.353909,0.927805]]],"btipPosition":[-39.5547,321.98,-70.7682],"carpPosition":[-28.9361,254.134,69.7108],"dipPosition":[-41.5709,315.934,-54.9161],"direction":[0.0704914,0.408526,-0.910021],"extended":true,"handId":506,"id":5061,"length":58.8075,"mcpPosition":[-43.6456,285.626,4.86979],"pipPosition":[-43.2747,306.06,-32.9205],"stabilizedTipPosition":[-25.8626,298.607,-51.2025],"timeVisible":68.9232,"tipPosition":[-39.0158,319.828,-67.3447],"tipVelocity":[-17.1245,50.8821,-267.733],"tool":false,"touchDistance":-0.677659,"touchZone":"hovering","type":1,"width":19.3428},{"bases":[[[0.859102,0.475495,0.189339],[-0.502757,0.714787,0.486123],[0.0958122,-0.512821,0.853133]],[[0.856304,0.488735,0.166978],[-0.322207,0.758199,-0.566848],[-0.403641,0.431593,0.806723]],[[0.856304,0.488735,0.166978],[0.355861,-0.324014,-0.876572],[-0.374308,0.810033,-0.451376]],[[0.856304,0.488735,0.166978],[0.514641,-0.780243,-0.355479],[-0.0434516,0.390331,-0.919648]]],"btipPosition":[3.1042,248.032,3.49582],"carpPosition":[-21.1273,263.426,71.784],"dipPosition":[2.28766,255.367,-13.7862],"direction":[0.374308,-0.810033,0.451376],"extended":false,"handId":506,"id":5062,"length":67.0064,"mcpPosition":[-27.812,299.204,12.2626],"pipPosition":[-8.35631,278.402,-26.6217],"stabilizedTipPosition":[8.96861,239.4,105.458],"timeVisible":68.9232,"tipPosition":[3.19803,249.36,-1.17945],"tipVelocity":[-27.2309,27.1259,-252.251],"tool":false,"touchDistance":0.333333,"touchZone":"none","type":2,"width":18.9972},{"bases":[[[0.899277,0.339601,0.275632],[-0.436783,0.73022,0.525357],[-0.0228607,-0.592832,0.805001]],[[0.899558,0.351902,0.258768],[-0.186264,0.84489,-0.501464],[-0.395097,0.402897,0.825574]],[[0.899558,0.351902,0.258768],[0.363507,-0.274627,-0.890193],[-0.242196,0.894844,-0.374962]],[[0.899558,0.351902,0.258768],[0.43275,-0.798495,-0.418489],[0.0593579,0.488437,-0.870578]]],"btipPosition":[13.5288,255.522,13.1778],"carpPosition":[-11.1562,270.303,73.8364],"dipPosition":[14.6378,264.648,-3.08804],"direction":[0.242196,-0.894844,0.374962],"extended":false,"handId":506,"id":5063,"length":64.4285,"mcpPosition":[-9.72425,307.438,23.4111],"pipPosition":[7.92851,289.437,-13.4752],"stabilizedTipPosition":[18.9288,247.177,117.8],"timeVisible":68.9232,"tipPosition":[14.0213,257.039,9.24445],"tipVelocity":[-27.8392,26.8035,-259.816],"tool":false,"touchDistance":0.333333,"touchZone":"none","type":3,"width":18.077},{"bases":[[[0.950311,0.143351,0.276331],[-0.291887,0.718888,0.630874],[-0.108215,-0.680184,0.725009]],[[0.948988,0.135427,0.284749],[0.0363057,0.850131,-0.525319],[-0.313216,0.508859,0.801847]],[[0.948988,0.135427,0.284749],[0.315202,-0.431393,-0.845309],[0.00836144,0.891941,-0.452074]],[[0.948988,0.135427,0.284749],[0.238706,-0.898595,-0.368166],[0.206015,0.417356,-0.885083]]],"btipPosition":[16.6438,268.184,28.4181],"carpPosition":[3.00848,271.376,74.7126],"dipPosition":[20.1949,275.378,13.1621],"direction":[-0.00836144,-0.891941,0.452074],"extended":false,"handId":506,"id":5064,"length":50.5107,"mcpPosition":[9.28333,310.816,32.6727],"pipPosition":[20.3584,292.823,4.32008],"stabilizedTipPosition":[20.5079,262.957,124.383],"timeVisible":68.9232,"tipPosition":[17.1718,269.115,25.2539],"tipVelocity":[-16.6147,26.7301,-276.289],"tool":false,"touchDistance":0.333333,"touchZone":"none","type":4,"width":16.0574}],"r":[[0.714233,0.340359,0.611577],[-0.0727762,0.905175,-0.418762],[-0.696114,0.254585,0.671276]],"s":1.21431,"t":[-4.22212,21.2278,26.24],"timestamp":97883396571},false],[1,{"currentFrameRate":102.591,"devices":[],"gestures":[],"hands":[{"armBasis":[[0.722499,0.686113,0.0851148],[-0.614261,0.580532,0.534478],[0.3173,-0.438442,0.840886]],"armWidth":63.72,"confidence":0.49469,"direction":[-0.158475,0.618271,-0.769823],"elbow":[78.4278,138.032,301.146],"grabStrength":0,"id":506,"palmNormal":[0.607769,-0.553378,-0.569552],"palmPosition":[-19.107,283.153,27.8796],"palmVelocity":[-26.7471,19.5927,-256.413],"palmWidth":90.99,"pinchStrength":0.560907,"r":[[0.712952,0.338556,0.614068],[-0.0699859,0.905706,-0.41809],[-0.697712,0.255102,0.669419]],"s":1.2159,"sphereCenter":[21.8529,280.231,-7.61608],"sphereRadius":53.5045,"stabilizedPalmPosition":[2.63999,252.126,16.9164],"t":[-4.50706,21.3828,23.9447],"timeVisible":68.9328,"type":"right","wrist":[-7.24335,256.412,74.1064]}],"id":1805691,"interactionBox":{"center":[0,200,0],"size":[235.247,235.247,147.751]},"pointables":[{"bases":[[[-0.261407,0.840193,0.475123],[-0.836198,-0.442994,0.32331],[0.482119,-0.312782,0.818369]],[[-0.42496,0.896028,0.128619],[-0.900689,-0.432732,0.0387441],[0.0903733,-0.0993809,0.990937]],[[-0.42496,0.896028,0.128619],[-0.902322,-0.407961,-0.139223],[-0.0722763,-0.17522,0.981873]],[[-0.42496,0.896028,0.128619],[-0.863045,-0.358193,-0.356161],[-0.27306,-0.262358,0.92553]]],"btipPosition":[-17.9768,249.483,-42.2263],"carpPosition":[-22.3204,232.408,62.3772],"dipPosition":[-24.3673,243.343,-20.5655],"direction":[0.0722763,0.17522,-0.981873],"extended":false,"handId":506,"id":5060,"length":52.1164,"mcpPosition":[-22.3204,232.408,62.3772],"pipPosition":[-26.8316,237.369,12.912],"stabilizedTipPosition":[-19.0933,248.185,73.0333],"timeVisible":68.9328,"tipPosition":[-19.3074,249.307,-36.961],"tipVelocity":[-11.7295,18.7981,-261.576],"tool":false,"touchDistance":-0.689992,"touchZone":"hovering","type":0,"width":20.25},{"bases":[[[0.740485,0.65402,0.154725],[-0.6436,0.623767,0.443501],[0.193546,-0.427987,0.882818]],[[0.763536,0.563278,0.3158],[-0.645666,0.674451,0.358094],[-0.0112851,-0.477319,0.878657]],[[0.763536,0.563278,0.3158],[-0.641583,0.717256,0.271873],[-0.0733695,-0.410197,0.909041]],[[0.763536,0.563278,0.3158],[-0.634307,0.745902,0.203185],[-0.121106,-0.355453,0.926815]]],"btipPosition":[-39.5359,322.327,-72.9051],"carpPosition":[-29.6241,254.346,67.5998],"dipPosition":[-41.605,316.254,-57.0699],"direction":[0.0733695,0.410197,-0.909041],"extended":true,"handId":506,"id":5061,"length":58.8075,"mcpPosition":[-43.8632,285.833,2.65122],"pipPosition":[-43.3784,306.339,-35.098],"stabilizedTipPosition":[-25.8627,298.607,-51.2027],"timeVisible":68.9328,"tipPosition":[-38.9884,320.169,-69.4824],"tipVelocity":[-11.9438,46.363,-254.479],"tool":false,"touchDistance":-0.670338,"touchZone":"hovering","type":1,"width":19.3428},{"bases":[[[0.858622,0.4742,0.194686],[-0.504741,0.715809,0.482549],[0.0894667,-0.512593,0.853958]],[[0.855865,0.487994,0.171339],[-0.314977,0.754554,-0.575706],[-0.410226,0.438759,0.799503]],[[0.855865,0.487994,0.171339],[0.365057,-0.335312,-0.868504],[-0.366373,0.80587,-0.465127]],[[0.855865,0.487994,0.171339],[0.516225,-0.785682,-0.340903],[-0.0317409,0.380216,-0.924353]]],"btipPosition":[2.73194,248.179,2.20101],"carpPosition":[-21.814,263.626,69.7194],"dipPosition":[2.13547,255.324,-15.1694],"direction":[0.366373,-0.80587,0.465127],"extended":false,"handId":506,"id":5062,"length":67.0064,"mcpPosition":[-28.0559,299.389,10.1404],"pipPosition":[-8.28287,278.24,-28.396],"stabilizedTipPosition":[8.96854,239.4,105.457],"timeVisible":68.9328,"tipPosition":[2.87487,249.521,-2.62824],"tipVelocity":[-29.0193,22.3643,-218.579],"tool":false,"touchDistance":0.333333,"touchZone":"none","type":2,"width":18.9972},{"bases":[[[0.898019,0.33828,0.281296],[-0.438998,0.731154,0.522201],[-0.0290209,-0.592435,0.805095]],[[0.898433,0.350752,0.264181],[-0.181896,0.844858,-0.503119],[-0.399666,0.403965,0.822848]],[[0.898433,0.350752,0.264181],[0.368905,-0.276582,-0.887362],[-0.238177,0.894693,-0.377884]],[[0.898433,0.350752,0.264181],[0.434099,-0.800101,-0.414],[0.0661604,0.486632,-0.871098]]],"btipPosition":[13.1912,255.672,11.3813],"carpPosition":[-11.8454,270.488,71.8332],"dipPosition":[14.4274,264.765,-4.8943],"direction":[0.238177,-0.894693,0.377884],"extended":false,"handId":506,"id":5063,"length":64.4285,"mcpPosition":[-10.0275,307.598,21.4021],"pipPosition":[7.82941,289.549,-15.3624],"stabilizedTipPosition":[18.9288,247.177,117.799],"timeVisible":68.9328,"tipPosition":[13.7115,257.19,7.4394],"tipVelocity":[-29.0479,23.3125,-238.542],"tool":false,"touchDistance":0.333333,"touchZone":"none","type":3,"width":18.077},{"bases":[[[0.948733,0.141949,0.282411],[-0.294806,0.719637,0.628659],[-0.113996,-0.679686,0.724591]],[[0.947561,0.135232,0.289552],[0.0389134,0.850487,-0.524555],[-0.317196,0.508316,0.800626]],[[0.947561,0.135232,0.289552],[0.319381,-0.432265,-0.843293],[0.0111229,0.891549,-0.452788]],[[0.947561,0.135232,0.289552],[0.239894,-0.89961,-0.364902],[0.211137,0.415229,-0.884876]]],"btipPosition":[16.2841,268.382,26.584],"carpPosition":[2.3151,271.538,72.8006],"dipPosition":[19.9234,275.539,11.3315],"direction":[-0.0111229,-0.891549,0.452788],"extended":false,"handId":506,"id":5064,"length":50.5107,"mcpPosition":[8.92517,310.95,30.785],"pipPosition":[20.141,292.976,2.47554],"stabilizedTipPosition":[20.5079,262.957,124.383],"timeVisible":68.9328,"tipPosition":[16.8275,269.308,23.4108],"tipVelocity":[-22.027,24.6595,-251.266],"tool":false,"touchDistance":0.333333,"touchZone":"none","type":4,"width":16.0574}],"r":[[0.712952,0.338556,0.614068],[-0.0699859,0.905706,-0.41809],[-0.697712,0.255102,0.669419]],"s":1.2159,"t":[-4.50706,21.3828,23.9447],"timestamp":97883406207},false],[2,{"currentFrameRate":102.654,"devices":[],"gestures":[],"hands":[{"armBasis":[[0.728084,0.680586,0.081832],[-0.611454,0.590841,0.526337],[0.309868,-0.433254,0.846329]],"armWidth":63.72,"confidence":0.497685,"direction":[-0.158156,0.616221,-0.77153],"elbow":[76.5577,139.479,300.574],"grabStrength":0,"id":506,"palmNormal":[0.603706,-0.557964,-0.569399],"palmPosition":[-18.9951,283.086,25.7791],"palmVelocity":[-15.5993,11.8845,-245.341],"palmWidth":90.99,"pinchStrength":0.560717,"r":[[0.712575,0.336941,0.615392],[-0.0672316,0.905889,-0.418145],[-0.698367,0.256586,0.668167]],"s":1.21751,"sphereCenter":[21.511,279.817,-9.8681],"sphereRadius":53.3564,"stabilizedPalmPosition":[2.63998,252.126,16.9164],"t":[-4.59358,21.427,21.7468],"timeVisible":68.9424,"type":"right","wrist":[-7.10662,256.458,72.0647]}],"id":1805692,"interactionBox":{"center":[0,200,0],"size":[235.247,235.247,147.751]},"pointables":[{"bases":[[[-0.256414,0.842968,0.472924],[-0.837098,-0.438289,0.327367],[0.483237,-0.311942,0.81803]],[[-0.420903,0.898263,0.126347],[-0.902332,-0.428877,0.0431425],[0.0929407,-0.0958481,0.991048]],[[-0.420903,0.898263,0.126347],[-0.9044,-0.404807,-0.134874],[-0.0700061,-0.171037,0.982774]],[[-0.420903,0.898263,0.126347],[-0.86555,-0.35603,-0.35223],[-0.271412,-0.257614,0.927346]]],"btipPosition":[-18.221,249.123,-44.2167],"carpPosition":[-22.3205,232.477,60.4655],"dipPosition":[-24.573,243.093,-22.5135],"direction":[0.0700061,0.171037,-0.982774],"extended":false,"handId":506,"id":5060,"length":52.1164,"mcpPosition":[-22.3205,232.477,60.4655],"pipPosition":[-26.9599,237.262,10.9948],"stabilizedTipPosition":[-19.0933,248.185,73.0332],"timeVisible":68.9424,"tipPosition":[-19.5396,248.952,-38.9522],"tipVelocity":[-15.4277,3.21874,-245.387],"tool":false,"touchDistance":-0.679036,"touchZone":"hovering","type":0,"width":20.25},{"bases":[[[0.743715,0.651405,0.150201],[-0.639615,0.62806,0.443207],[0.194372,-0.425691,0.883746]],[[0.766795,0.561821,0.310456],[-0.64185,0.676679,0.360742],[-0.00740631,-0.475881,0.879478]],[[0.766795,0.561821,0.310456],[-0.638147,0.719396,0.274294],[-0.0692363,-0.408444,0.910154]],[[0.766795,0.561821,0.310456],[-0.631165,0.747979,0.205325],[-0.116858,-0.353391,0.928148]]],"btipPosition":[-39.827,322.137,-75.0259],"carpPosition":[-29.5154,254.464,65.6322],"dipPosition":[-41.8236,316.099,-59.168],"direction":[0.0692363,0.408444,-0.910154],"extended":true,"handId":506,"id":5061,"length":58.8075,"mcpPosition":[-43.8152,285.782,0.615334],"pipPosition":[-43.497,306.227,-37.1692],"stabilizedTipPosition":[-25.8628,298.607,-51.2028],"timeVisible":68.9424,"tipPosition":[-39.2566,319.991,-71.599],"tipVelocity":[-16.7595,27.4073,-244.425],"tool":false,"touchDistance":-0.663371,"touchZone":"hovering","type":1,"width":19.3428},{"bases":[[[0.861206,0.471226,0.190446],[-0.500251,0.719648,0.481515],[0.0898485,-0.509954,0.855496]],[[0.858417,0.485039,0.166904],[-0.313679,0.753823,-0.577371],[-0.405863,0.443271,0.799241]],[[0.858417,0.485039,0.166904],[0.360953,-0.339991,-0.8684],[-0.364462,0.805695,-0.46693]],[[0.858417,0.485039,0.166904],[0.511891,-0.789108,-0.339525],[-0.0329773,0.376891,-0.92567]]],"btipPosition":[2.61832,247.938,0.158631],"carpPosition":[-21.6596,263.719,67.6956],"dipPosition":[1.99861,255.02,-17.2366],"direction":[0.364462,-0.805695,0.46693],"extended":false,"handId":506,"id":5062,"length":67.0064,"mcpPosition":[-27.9282,299.297,8.00935],"pipPosition":[-8.36538,277.931,-30.5144],"stabilizedTipPosition":[8.96849,239.401,105.456],"timeVisible":68.9424,"tipPosition":[2.74682,249.264,-4.65946],"tipVelocity":[-24.181,8.14209,-216.916],"tool":false,"touchDistance":0.333333,"touchZone":"none","type":2,"width":18.9972},{"bases":[[[0.900286,0.335446,0.277419],[-0.434324,0.734853,0.520917],[-0.0291227,-0.589464,0.80727]],[[0.900709,0.34838,0.259526],[-0.178958,0.841915,-0.509071],[-0.395849,0.412081,0.820666]],[[0.900709,0.34838,0.259526],[0.366214,-0.287542,-0.88499],[-0.233688,0.892161,-0.386573]],[[0.900709,0.34838,0.259526],[0.429114,-0.806588,-0.406542],[0.0676999,0.477543,-0.875996]]],"btipPosition":[13.0637,255.421,9.59702],"carpPosition":[-11.6556,270.546,69.7555],"dipPosition":[14.3286,264.344,-6.7701],"direction":[0.233688,-0.892161,0.386573],"extended":false,"handId":506,"id":5063,"length":64.4285,"mcpPosition":[-9.8314,307.47,19.1881],"pipPosition":[7.85499,289.058,-17.4789],"stabilizedTipPosition":[18.9288,247.178,117.799],"timeVisible":68.9424,"tipPosition":[13.5927,256.952,5.53853],"tipVelocity":[-24.2598,7.77535,-223.751],"tool":false,"touchDistance":0.333333,"touchZone":"none","type":3,"width":18.077},{"bases":[[[0.950169,0.138906,0.279078],[-0.289864,0.723097,0.626984],[-0.114708,-0.676636,0.727328]],[[0.94925,0.133653,0.284711],[0.0380534,0.849767,-0.525783],[-0.312211,0.509934,0.801556]],[[0.94925,0.133653,0.284711],[0.314319,-0.435582,-0.843488],[0.0112803,0.890171,-0.455486]],[[0.94925,0.133653,0.284711],[0.235453,-0.902145,-0.361521],[0.208532,0.41021,-0.88783]]],"btipPosition":[16.3878,268.262,24.3723],"carpPosition":[2.51199,271.539,70.6768],"dipPosition":[19.9823,275.332,9.06897],"direction":[-0.0112803,-0.890171,0.455486],"extended":false,"handId":506,"id":5064,"length":50.5107,"mcpPosition":[9.16336,310.774,28.5026],"pipPosition":[20.2029,292.743,0.160208],"stabilizedTipPosition":[20.5079,262.957,124.382],"timeVisible":68.9424,"tipPosition":[16.913,269.171,21.1973],"tipVelocity":[-12.8083,13.2721,-245.399],"tool":false,"touchDistance":0.333333,"touchZone":"none","type":4,"width":16.0574}],"r":[[0.712575,0.336941,0.615392],[-0.0672316,0.905889,-0.418145],[-0.698367,0.256586,0.668167]],"s":1.21751,"t":[-4.59358,21.427,21.7468],"timestamp":97883415829},false],[3,{"currentFrameRate":102.658,"devices":[],"gestures":[],"hands":[{"armBasis":[[0.733103,0.675325,0.0806059],[-0.608479,0.598314,0.52132],[0.303832,-0.431228,0.849546]],"armWidth":63.72,"confidence":0.498179,"direction":[-0.158315,0.612685,-0.774309],"elbow":[75.2129,139.989,299.859],"grabStrength":0,"id":506,"palmNormal":[0.600154,-0.563003,-0.568193],"palmPosition":[-18.7548,282.845,24.0906],"palmVelocity":[-3.78275,1.13073,-224.265],"palmWidth":90.99,"pinchStrength":0.555558,"r":[[0.712856,0.335813,0.615684],[-0.064654,0.905634,-0.419103],[-0.698324,0.258953,0.667298]],"s":1.21912,"sphereCenter":[21.4307,279.225,-11.6686],"sphereRadius":53.2668,"stabilizedPalmPosition":[2.63998,252.126,16.9164],"t":[-4.5167,21.3284,19.8036],"timeVisible":68.9522,"type":"right","wrist":[-6.82182,256.42,70.4814]}],"id":1805693,"interactionBox":{"center":[0,200,0],"size":[235.247,235.247,147.751]},"pointables":[{"bases":[[[-0.252182,0.846313,0.469211],[-0.83762,-0.433711,0.332095],[0.484558,-0.309273,0.818263]],[[-0.417616,0.900329,0.122491],[-0.903589,-0.425683,0.0481813],[0.0955214,-0.0905602,0.991299]],[[-0.417616,0.900329,0.122491],[-0.906101,-0.402617,-0.129924],[-0.067657,-0.165247,0.983929]],[[-0.417616,0.900329,0.122491],[-0.867707,-0.355171,-0.347761],[-0.269594,-0.251517,0.929547]]],"btipPosition":[-18.3024,248.472,-45.7327],"carpPosition":[-22.1505,232.431,59.053],"dipPosition":[-24.6119,242.586,-23.978],"direction":[0.067657,0.165247,-0.983929],"extended":false,"handId":506,"id":5060,"length":52.1164,"mcpPosition":[-22.1505,232.431,59.053],"pipPosition":[-26.9187,236.952,9.56967],"stabilizedTipPosition":[-19.0933,248.185,73.0331],"timeVisible":68.9522,"tipPosition":[-19.6092,248.315,-40.4686],"tipVelocity":[-13.0618,-16.334,-218.742],"tool":false,"touchDistance":-0.662029,"touchZone":"hovering","type":0,"width":20.25},{"bases":[[[0.746349,0.649654,0.144611],[-0.636193,0.632556,0.441737],[0.195502,-0.421691,0.885413]],[[0.769535,0.561391,0.304394],[-0.638589,0.679744,0.360767],[-0.00437847,-0.472005,0.881585]],[[0.769535,0.561391,0.304394],[-0.635183,0.722139,0.273966],[-0.0660124,-0.404173,0.912298]],[[0.769535,0.561391,0.304394],[-0.628431,0.750456,0.204673],[-0.113533,-0.348793,0.930298]]],"btipPosition":[-39.9154,321.5,-76.8354],"carpPosition":[-29.2558,254.469,64.1244],"dipPosition":[-41.8552,315.54,-60.9407],"direction":[0.0660124,0.404173,-0.912298],"extended":true,"handId":506,"id":5061,"length":58.8075,"mcpPosition":[-43.6388,285.493,-1.01512],"pipPosition":[-43.4507,305.771,-38.8901],"stabilizedTipPosition":[-25.8628,298.607,-51.2029],"timeVisible":68.9522,"tipPosition":[-39.3404,319.391,-73.3929],"tipVelocity":[-14.1147,0.697792,-227.009],"tool":false,"touchDistance":-0.652383,"touchZone":"hovering","type":1,"width":19.3428},{"bases":[[[0.863347,0.469291,0.185465],[-0.496408,0.723869,0.479158],[0.0906123,-0.505746,0.85791]],[[0.86047,0.483273,0.161363],[-0.311554,0.749679,-0.58388],[-0.403144,0.452138,0.795642]],[[0.86047,0.483273,0.161363],[0.358567,-0.349394,-0.865652],[-0.361967,0.802727,-0.473929]],[[0.86047,0.483273,0.161363],[0.5084,-0.793608,-0.334239],[-0.0334701,0.36964,-0.928572]]],"btipPosition":[2.66906,247.426,-1.1622],"carpPosition":[-21.3628,263.708,66.1162],"dipPosition":[2.04009,254.373,-18.6119],"direction":[0.361967,-0.802727,0.473929],"extended":false,"handId":506,"id":5062,"length":67.0064,"mcpPosition":[-27.6846,298.993,6.26152],"pipPosition":[-8.25296,277.199,-32.0888],"stabilizedTipPosition":[8.96845,239.401,105.456],"timeVisible":68.9522,"tipPosition":[2.76946,248.767,-6.02306],"tipVelocity":[-15.6238,-10.6031,-193.475],"tool":false,"touchDistance":0.333333,"touchZone":"none","type":2,"width":18.9972},{"bases":[[[0.90222,0.333839,0.27304],[-0.430316,0.739057,0.518288],[-0.0287673,-0.585103,0.810448]],[[0.902641,0.347048,0.254554],[-0.177539,0.839015,-0.514328],[-0.392071,0.41906,0.818944]],[[0.902641,0.347048,0.254554],[0.36307,-0.296374,-0.88337],[-0.231129,0.889787,-0.393521]],[[0.902641,0.347048,0.254554],[0.425043,-0.811776,-0.400448],[0.0676664,0.469657,-0.880252]]],"btipPosition":[13.1282,255.015,8.10246],"carpPosition":[-11.3298,270.511,68.1111],"dipPosition":[14.3925,263.79,-8.34417],"direction":[0.231129,-0.889787,0.393521],"extended":false,"handId":506,"id":5063,"length":64.4285,"mcpPosition":[-9.52786,307.162,17.3446],"pipPosition":[7.98972,288.439,-19.2455],"stabilizedTipPosition":[18.9287,247.178,117.798],"timeVisible":68.9522,"tipPosition":[13.6527,256.535,3.9935],"tipVelocity":[-15.2062,-7.7678,-203.713],"tool":false,"touchDistance":0.333333,"touchZone":"none","type":3,"width":18.077},{"bases":[[[0.951442,0.137143,0.275591],[-0.285589,0.727369,0.623998],[-0.114879,-0.672403,0.731216]],[[0.950769,0.133293,0.27977],[0.0367691,0.847877,-0.528916],[-0.307712,0.513164,0.801235]],[[0.950769,0.133293,0.27977],[0.309705,-0.440795,-0.842486],[0.011024,0.887656,-0.460376]],[[0.950769,0.133293,0.27977],[0.231657,-0.905348,-0.355921],[0.205848,0.40321,-0.891655]]],"btipPosition":[16.6217,267.994,22.6292],"carpPosition":[2.8437,271.461,68.9862],"dipPosition":[20.1698,274.944,7.25991],"direction":[-0.011024,-0.887656,0.460376],"extended":false,"handId":506,"id":5064,"length":50.5107,"mcpPosition":[9.50501,310.451,26.5865],"pipPosition":[20.3854,292.306,-1.74449],"stabilizedTipPosition":[20.5079,262.957,124.382],"timeVisible":68.9522,"tipPosition":[17.1324,268.878,19.4399],"tipVelocity":[-2.3256,0.483187,-226.409],"tool":false,"touchDistance":0.333333,"touchZone":"none","type":4,"width":16.0574}],"r":[[0.712856,0.335813,0.615684],[-0.064654,0.905634,-0.419103],[-0.698324,0.258953,0.667298]],"s":1.21912,"t":[-4.5167,21.3284,19.8036],"timestamp":97883425562},false],[4,{"currentFrameRate":102.786,"devices":[],"gestures":[],"hands":[{"armBasis":[[0.737019,0.671881,0.0733375],[-0.606114,0.609038,0.511565],[0.299045,-0.421484,0.856109]],"armWidth":63.72,"confidence":0.502121,"direction":[-0.156224,0.621375,-0.767781],"elbow":[73.733,142.088,298.491],"grabStrength":0,"id":506,"palmNormal":[0.595486,-0.560918,-0.575124],"palmPosition":[-18.8798,282.849,21.2441],"palmVelocity":[-6.47808,0.937983,-246.019],"palmWidth":90.99,"pinchStrength":0.551766,"r":[[0.713752,0.332807,0.616277],[-0.0616717,0.906341,-0.418023],[-0.697678,0.260358,0.667427]],"s":1.22066,"sphereCenter":[21.0742,279.33,-14.6391],"sphereRadius":53.2117,"stabilizedPalmPosition":[2.63998,252.126,16.9164],"t":[-4.54074,21.2813,17.4087],"timeVisible":68.9616,"type":"right","wrist":[-7.00927,255.888,67.3414]}],"id":1805694,"interactionBox":{"center":[0,200,0],"size":[235.247,235.247,147.751]},"pointables":[{"bases":[[[-0.246002,0.843082,0.478221],[-0.839543,-0.431913,0.329575],[0.484408,-0.320411,0.814055]],[[-0.411958,0.901573,0.132126],[-0.906014,-0.420735,0.0460493],[0.0971067,-0.100737,0.990163]],[[-0.411958,0.901573,0.132126],[-0.908773,-0.395935,-0.131784],[-0.0664997,-0.174362,0.982434]],[[-0.411958,0.901573,0.132126],[-0.870546,-0.346587,-0.349323],[-0.269147,-0.258928,0.92764]]],"btipPosition":[-18.7896,249.142,-48.9264],"carpPosition":[-22.5086,232.109,55.707],"dipPosition":[-25.0886,243.082,-27.2163],"direction":[0.0664997,0.174362,-0.982434],"extended":false,"handId":506,"id":5060,"length":52.1164,"mcpPosition":[-22.5086,232.109,55.707],"pipPosition":[-27.356,237.137,6.28041],"stabilizedTipPosition":[-19.0933,248.185,73.033],"timeVisible":68.9616,"tipPosition":[-20.089,248.923,-43.6659],"tipVelocity":[-23.9819,7.42048,-252.897],"tool":false,"touchDistance":-0.672218,"touchZone":"hovering","type":0,"width":20.25},{"bases":[[[0.750612,0.643615,0.14947],[-0.63137,0.631954,0.449451],[0.194815,-0.431735,0.880711]],[[0.773564,0.553971,0.307756],[-0.633705,0.679308,0.370079],[-0.0040479,-0.481307,0.876543]],[[0.773564,0.553971,0.307756],[-0.630337,0.722706,0.283498],[-0.0653672,-0.413294,0.908248]],[[0.773564,0.553971,0.307756],[-0.623622,0.751786,0.214274],[-0.112665,-0.357678,0.927024]]],"btipPosition":[-40.122,322.679,-79.2289],"carpPosition":[-29.4683,254.138,61.0145],"dipPosition":[-42.0469,316.568,-63.3902],"direction":[0.0653672,0.413294,-0.908248],"extended":true,"handId":506,"id":5061,"length":58.8075,"mcpPosition":[-43.8008,285.9,-3.77905],"pipPosition":[-43.6269,306.578,-41.4374],"stabilizedTipPosition":[-25.8629,298.608,-51.2029],"timeVisible":68.9616,"tipPosition":[-39.5602,320.554,-75.8031],"tipVelocity":[-16.2104,35.1306,-234.656],"tool":false,"touchDistance":-0.651574,"touchZone":"hovering","type":1,"width":19.3428},{"bases":[[[0.866593,0.462142,0.188258],[-0.49095,0.722034,0.487477],[0.089355,-0.51487,0.852599]],[[0.863649,0.476827,0.163543],[-0.307818,0.75577,-0.577979],[-0.399197,0.44883,0.799496]],[[0.863649,0.476827,0.163543],[0.355383,-0.345843,-0.868387],[-0.35751,0.808102,-0.468143]],[[0.863649,0.476827,0.163543],[0.503039,-0.794251,-0.340761],[-0.0325897,0.376566,-0.925816]]],"btipPosition":[2.27128,247.539,-4.22841],"carpPosition":[-21.5148,263.308,63.0815],"dipPosition":[1.65886,254.616,-21.6263],"direction":[0.35751,-0.808102,0.468143],"extended":false,"handId":506,"id":5062,"length":67.0064,"mcpPosition":[-27.7489,299.229,3.59737],"pipPosition":[-8.50743,277.595,-34.9387],"stabilizedTipPosition":[8.96842,239.401,105.455],"timeVisible":68.9616,"tipPosition":[2.35669,248.945,-9.09303],"tipVelocity":[-23.06,-3.23518,-230.356],"tool":false,"touchDistance":0.333333,"touchZone":"none","type":2,"width":18.9972},{"bases":[[[0.904825,0.325584,0.274386],[-0.424683,0.736426,0.526612],[-0.0306084,-0.593019,0.804607]],[[0.905291,0.339238,0.255668],[-0.172312,0.843387,-0.508928],[-0.388274,0.416673,0.821965]],[[0.905291,0.339238,0.255668],[0.360326,-0.294492,-0.885121],[-0.224975,0.893416,-0.388837]],[[0.905291,0.339238,0.255668],[0.418971,-0.812355,-0.405639],[0.0700847,0.474339,-0.877548]]],"btipPosition":[12.7519,254.948,5.16438],"carpPosition":[-11.4362,270.03,65.1223],"dipPosition":[14.0613,263.81,-11.2317],"direction":[0.224975,-0.893416,0.388837],"extended":false,"handId":506,"id":5063,"length":64.4285,"mcpPosition":[-9.51886,307.176,14.7218],"pipPosition":[7.82909,288.56,-22.0033],"stabilizedTipPosition":[18.9287,247.178,117.798],"timeVisible":68.9616,"tipPosition":[13.2807,256.549,0.993771],"tipVelocity":[-21.9132,-6.96288,-233.786],"tool":false,"touchDistance":0.333333,"touchZone":"none","type":3,"width":18.077},{"bases":[[[0.952849,0.128576,0.274857],[-0.279804,0.722797,0.631881],[-0.117422,-0.678994,0.724693]],[[0.952449,0.126294,0.277291],[0.037673,0.85426,-0.518479],[-0.302359,0.504272,0.808881]],[[0.952449,0.126294,0.277291],[0.304417,-0.433421,-0.84822],[0.0130585,0.892298,-0.451257]],[[0.952449,0.126294,0.277291],[0.225812,-0.903575,-0.36409],[0.20457,0.409393,-0.889128]]],"btipPosition":[16.4631,267.917,19.5047],"carpPosition":[2.74475,270.885,65.9758],"dipPosition":[19.9892,274.973,4.17896],"direction":[-0.0130585,-0.892298,0.451257],"extended":false,"handId":506,"id":5064,"length":50.5107,"mcpPosition":[9.55347,310.256,23.9543],"pipPosition":[20.2446,292.425,-4.64709],"stabilizedTipPosition":[20.5079,262.957,124.382],"timeVisible":68.9616,"tipPosition":[16.9599,268.82,16.3224],"tipVelocity":[-6.61002,-1.26244,-255.657],"tool":false,"touchDistance":0.333333,"touchZone":"none","type":4,"width":16.0574}],"r":[[0.713752,0.332807,0.616277],[-0.0616717,0.906341,-0.418023],[-0.697678,0.260358,0.667427]],"s":1.22066,"t":[-4.54074,21.2813,17.4087],"timestamp":97883435049},false],[5,{"currentFrameRate":102.833,"devices":[],"gestures":[],"hands":[{"armBasis":[[0.737872,0.671082,0.0720725],[-0.609038,0.615995,0.499623],[0.290891,-0.412552,0.86324]],"armWidth":63.72,"confidence":0.472986,"direction":[-0.156,0.625351,-0.764592],"elbow":[71.2634,144.25,297.844],"grabStrength":0,"id":506,"palmNormal":[0.596601,-0.55727,-0.577509],"palmPosition":[-19.1248,282.837,18.8054],"palmVelocity":[-11.9893,0.289952,-248.089],"palmWidth":90.99,"pinchStrength":0.539621,"r":[[0.714271,0.329868,0.617255],[-0.0593633,0.907335,-0.416196],[-0.697347,0.260634,0.667666]],"s":1.22252,"sphereCenter":[20.7465,279.559,-17.0178],"sphereRadius":53.1655,"stabilizedPalmPosition":[2.63998,252.126,16.9164],"t":[-4.67525,21.2516,14.9919],"timeVisible":68.9713,"type":"right","wrist":[-7.27727,255.639,64.7694]}],"id":1805695,"interactionBox":{"center":[0,200,0],"size":[235.247,235.247,147.751]},"pointables":[{"bases":[[[-0.247277,0.840272,0.48249],[-0.839485,-0.43445,0.326371],[0.483858,-0.324339,0.812826]],[[-0.413033,0.900465,0.136262],[-0.905622,-0.421902,0.0429781],[0.0961896,-0.105651,0.98974]],[[-0.413033,0.900465,0.136262],[-0.908226,-0.396209,-0.134698],[-0.0673027,-0.179392,0.981473]],[[-0.413033,0.900465,0.136262],[-0.869809,-0.345701,-0.352026],[-0.269881,-0.26392,0.926019]]],"btipPosition":[-18.9332,249.475,-51.5504],"carpPosition":[-22.7426,231.908,52.9911],"dipPosition":[-25.2494,243.299,-29.8782],"direction":[0.0673027,0.179392,-0.981473],"extended":false,"handId":506,"id":5060,"length":52.1164,"mcpPosition":[-22.7426,231.908,52.9911],"pipPosition":[-27.5441,237.182,3.58568],"stabilizedTipPosition":[-19.0933,248.185,73.0329],"timeVisible":68.9713,"tipPosition":[-20.2406,249.21,-46.2973],"tipVelocity":[-21.4616,14.5117,-258.823],"tool":false,"touchDistance":-0.672821,"touchZone":"hovering","type":0,"width":20.25},{"bases":[[[0.749862,0.64349,0.153712],[-0.63242,0.628948,0.452183],[0.194299,-0.436285,0.87858]],[[0.772702,0.553323,0.311071],[-0.63476,0.676139,0.374053],[-0.00335488,-0.486487,0.873681]],[[0.772702,0.553323,0.311071],[-0.631441,0.720146,0.287528],[-0.0649207,-0.418597,0.905849]],[[0.772702,0.553323,0.311071],[-0.624733,0.749705,0.218289],[-0.112427,-0.363009,0.924978]]],"btipPosition":[-40.3884,323.22,-81.461],"carpPosition":[-29.7281,253.902,58.4098],"dipPosition":[-42.3093,317.018,-65.6572],"direction":[0.0649207,0.418597,-0.905849],"extended":true,"handId":506,"id":5061,"length":58.8075,"mcpPosition":[-44.0226,286,-6.227],"pipPosition":[-43.8784,306.9,-43.7624],"stabilizedTipPosition":[-25.8629,298.608,-51.203],"timeVisible":68.9713,"tipPosition":[-39.8371,321.095,-78.0409],"tipVelocity":[-19.5097,40.6129,-234.035],"tool":false,"touchDistance":-0.648351,"touchZone":"hovering","type":1,"width":19.3428},{"bases":[[[0.86597,0.461919,0.191645],[-0.492123,0.718951,0.490839],[0.0889445,-0.519365,0.849911]],[[0.862878,0.47744,0.16581],[-0.305159,0.753674,-0.582111],[-0.40289,0.451692,0.796024]],[[0.862878,0.47744,0.16581],[0.359971,-0.350269,-0.864715],[-0.354772,0.80583,-0.474104]],[[0.862878,0.47744,0.16581],[0.504586,-0.795028,-0.336635],[-0.0288996,0.37414,-0.926922]]],"btipPosition":[2.06031,247.586,-6.23042],"carpPosition":[-21.7852,263.068,60.5343],"dipPosition":[1.51723,254.617,-23.6491],"direction":[0.354772,-0.80583,0.474104],"extended":false,"handId":506,"id":5062,"length":67.0064,"mcpPosition":[-27.9907,299.303,1.23772],"pipPosition":[-8.57121,277.531,-37.1309],"stabilizedTipPosition":[8.96839,239.401,105.455],"timeVisible":68.9713,"tipPosition":[2.13912,249.065,-11.2134],"tipVelocity":[-22.2409,-1.21372,-223.942],"tool":false,"touchDistance":0.333333,"touchZone":"none","type":2,"width":18.9972},{"bases":[[[0.904238,0.324934,0.277077],[-0.42591,0.733194,0.53012],[-0.0308967,-0.597365,0.801374]],[[0.904718,0.339106,0.257862],[-0.170952,0.843408,-0.509351],[-0.390207,0.416737,0.821017]],[[0.904718,0.339106,0.257862],[0.36283,-0.29615,-0.883544],[-0.22325,0.892918,-0.39097]],[[0.904718,0.339106,0.257862],[0.419792,-0.812699,-0.404098],[0.0725318,0.473843,-0.877617]]],"btipPosition":[12.484,254.999,2.96907],"carpPosition":[-11.7149,269.788,62.6218],"dipPosition":[13.8392,263.852,-13.4283],"direction":[0.22325,-0.892918,0.39097],"extended":false,"handId":506,"id":5063,"length":64.4285,"mcpPosition":[-9.77956,307.207,12.4237],"pipPosition":[7.65473,288.588,-24.259],"stabilizedTipPosition":[18.9287,247.178,117.798],"timeVisible":68.9713,"tipPosition":[13.024,256.671,-1.29536],"tipVelocity":[-23.309,-3.45995,-232.075],"tool":false,"touchDistance":0.333333,"touchZone":"none","type":3,"width":18.077},{"bases":[[[0.952444,0.127971,0.27654],[-0.281128,0.719132,0.635466],[-0.117547,-0.682988,0.720909]],[[0.952318,0.127243,0.277308],[0.0346788,0.857856,-0.512719],[-0.30313,0.497888,0.812539]],[[0.952318,0.127243,0.277308],[0.304923,-0.428501,-0.850534],[0.0106026,0.894537,-0.446869]],[[0.952318,0.127243,0.277308],[0.227419,-0.901936,-0.36714],[0.203398,0.412699,-0.887867]]],"btipPosition":[16.2854,268.04,17.0061],"carpPosition":[2.4643,270.652,63.4946],"dipPosition":[19.7914,275.154,1.70207],"direction":[-0.0106026,-0.894537,0.446869],"extended":false,"handId":506,"id":5064,"length":50.5107,"mcpPosition":[9.28031,310.255,21.6926],"pipPosition":[19.9987,292.65,-7.03814],"stabilizedTipPosition":[20.5079,262.957,124.382],"timeVisible":68.9713,"tipPosition":[16.7746,268.955,13.8167],"tipVelocity":[-10.1907,3.23263,-256.581],"tool":false,"touchDistance":0.333333,"touchZone":"none","type":4,"width":16.0574}],"r":[[0.714271,0.329868,0.617255],[-0.0593633,0.907335,-0.416196],[-0.697347,0.260634,0.667666]],"s":1.22252,"t":[-4.67525,21.2516,14.9919],"timestamp":97883444683},false],[6,{"currentFrameRate":102.879,"devices":[],"gestures":[],"hands":[{"armBasis":[[0.737547,0.671845,0.0681825],[-0.609594,0.618944,0.495281],[0.290551,-0.406856,0.866053]],"armWidth":63.72,"confidence":0.473132,"direction":[-0.155708,0.627155,-0.763172],"elbow":[71.124,145.613,296.95],"grabStrength":0,"id":506,"palmNormal":[0.596532,-0.556105,-0.578703],"palmPosition":[-19.1576,282.771,17.213],"palmVelocity":[-9.49243,-1.79997,-224.018],"palmWidth":90.99,"pinchStrength":0.524522,"r":[[0.714681,0.327189,0.618206],[-0.0574519,0.908319,-0.414315],[-0.697087,0.260586,0.667956]],"s":1.22491,"sphereCenter":[20.5774,279.58,-18.5482],"sphereRadius":53.1148,"stabilizedPalmPosition":[2.63998,252.126,16.9164],"t":[-4.7589,21.2035,12.9873],"timeVisible":68.9809,"type":"right","wrist":[-7.32463,255.464,63.116]}],"id":1805696,"interactionBox":{"center":[0,200,0],"size":[235.247,235.247,147.751]},"pointables":[{"bases":[[[-0.247114,0.839227,0.484388],[-0.839656,-0.434965,0.325242],[0.483644,-0.326348,0.812149]],[[-0.412896,0.900259,0.138022],[-0.905702,-0.421831,0.0419944],[0.0960276,-0.107667,0.989539]],[[-0.412896,0.900259,0.138022],[-0.908277,-0.395784,-0.135601],[-0.0674497,-0.181351,0.981103]],[[-0.412896,0.900259,0.138022],[-0.869805,-0.344825,-0.352895],[-0.270103,-0.265761,0.925427]]],"btipPosition":[-18.9671,249.542,-53.2243],"carpPosition":[-22.7948,231.764,51.2807],"dipPosition":[-25.2885,243.322,-31.566],"direction":[0.0674497,0.181351,-0.981103],"extended":false,"handId":506,"id":5060,"length":52.1164,"mcpPosition":[-22.7948,231.764,51.2807],"pipPosition":[-27.5883,237.139,1.88527],"stabilizedTipPosition":[-19.0933,248.185,73.0329],"timeVisible":68.9809,"tipPosition":[-20.278,249.249,-47.9765],"tipVelocity":[-16.2816,11.9984,-234.188],"tool":false,"touchDistance":-0.659029,"touchZone":"hovering","type":0,"width":20.25},{"bases":[[[0.750019,0.642924,0.155308],[-0.632312,0.628081,0.453537],[0.194043,-0.438364,0.877601]],[[0.772791,0.552582,0.312165],[-0.634654,0.675072,0.376153],[-0.00287842,-0.488805,0.872388]],[[0.772791,0.552582,0.312165],[-0.631369,0.719392,0.289566],[-0.0645603,-0.420865,0.904823]],[[0.772791,0.552582,0.312165],[-0.62467,0.749187,0.220241],[-0.112169,-0.365201,0.924146]]],"btipPosition":[-40.4501,323.41,-82.9552],"carpPosition":[-29.775,253.747,56.749],"dipPosition":[-42.3666,317.171,-67.1656],"direction":[0.0645603,0.420865,-0.904823],"extended":true,"handId":506,"id":5061,"length":58.8075,"mcpPosition":[-44.0507,285.998,-7.81581],"pipPosition":[-43.927,306.998,-45.2957],"stabilizedTipPosition":[-25.863,298.608,-51.2031],"timeVisible":68.9809,"tipPosition":[-39.9123,321.294,-79.5353],"tipVelocity":[-15.6685,34.2819,-211.187],"tool":false,"touchDistance":-0.634312,"touchZone":"hovering","type":1,"width":19.3428},{"bases":[[[0.86607,0.461232,0.19284],[-0.491996,0.717956,0.492422],[0.0886702,-0.521348,0.848725]],[[0.862847,0.477429,0.166003],[-0.300858,0.748993,-0.590334],[-0.406178,0.459424,0.789905]],[[0.862847,0.477429,0.166003],[0.364264,-0.359629,-0.859057],[-0.350439,0.801703,-0.484215]],[[0.862847,0.477429,0.166003],[0.504858,-0.797903,-0.329347],[-0.0247859,0.367984,-0.929502]]],"btipPosition":[1.99279,247.423,-7.1552],"carpPosition":[-21.8298,262.906,58.8958],"dipPosition":[1.52701,254.338,-24.6224],"direction":[0.350439,-0.801703,0.484215],"extended":false,"handId":506,"id":5062,"length":67.0064,"mcpPosition":[-28.0161,299.28,-0.318022],"pipPosition":[-8.43822,277.135,-38.3917],"stabilizedTipPosition":[8.96837,239.401,105.454],"timeVisible":68.9809,"tipPosition":[2.06302,248.971,-12.2756],"tipVelocity":[-17.2752,-6.58799,-187.077],"tool":false,"touchDistance":0.333333,"touchZone":"none","type":2,"width":18.9972},{"bases":[[[0.904287,0.324041,0.277961],[-0.425784,0.732089,0.531745],[-0.0311856,-0.599202,0.79999]],[[0.904779,0.338602,0.258307],[-0.166895,0.839916,-0.516417],[-0.391817,0.424133,0.81645]],[[0.904779,0.338602,0.258307],[0.365726,-0.306973,-0.878642],[-0.218217,0.889447,-0.401579]],[[0.904779,0.338602,0.258307],[0.418819,-0.817424,-0.395486],[0.0772339,0.466012,-0.881401]]],"btipPosition":[12.3037,254.856,2.00289],"carpPosition":[-11.758,269.619,61.0003],"dipPosition":[13.7467,263.563,-14.4652],"direction":[0.218217,-0.889447,0.401579],"extended":false,"handId":506,"id":5063,"length":64.4285,"mcpPosition":[-9.80453,307.153,10.8889],"pipPosition":[7.70168,288.203,-25.5897],"stabilizedTipPosition":[18.9287,247.178,117.797],"timeVisible":68.9809,"tipPosition":[12.8763,256.603,-2.45246],"tipVelocity":[-21.3642,-7.76881,-194.249],"tool":false,"touchDistance":0.333333,"touchZone":"none","type":3,"width":18.077},{"bases":[[[0.952438,0.127065,0.276977],[-0.281023,0.717744,0.637079],[-0.117848,-0.684616,0.719315]],[[0.952533,0.127617,0.276398],[0.0329101,0.859414,-0.51022],[-0.302652,0.495097,0.81442]],[[0.952533,0.127617,0.276398],[0.304295,-0.426753,-0.851638],[0.00927029,0.895319,-0.445329]],[[0.952533,0.127617,0.276398],[0.227572,-0.901541,-0.368015],[0.202219,0.413446,-0.887789]]],"btipPosition":[16.2894,268.03,15.3831],"carpPosition":[2.42135,270.476,61.8772],"dipPosition":[19.775,275.156,0.0805007],"direction":[-0.00927029,-0.895319,0.445329],"extended":false,"handId":506,"id":5064,"length":50.5107,"mcpPosition":[9.2548,310.174,20.1676],"pipPosition":[19.9563,292.667,-8.6296],"stabilizedTipPosition":[20.5079,262.958,124.382],"timeVisible":68.9809,"tipPosition":[16.7718,268.953,12.1817],"tipVelocity":[-7.24808,2.06055,-230.952],"tool":false,"touchDistance":0.333333,"touchZone":"none","type":4,"width":16.0574}],"r":[[0.714681,0.327189,0.618206],[-0.0574519,0.908319,-0.414315],[-0.697087,0.260586,0.667956]],"s":1.22491,"t":[-4.7589,21.2035,12.9873],"timestamp":97883454316},false],[7,{"currentFrameRate":102.876,"devices":[],"gestures":[],"hands":[{"armBasis":[[0.7390