{"sensorType":"Leap","data":[[0,{"currentFrameRate":103.535,"devices":[],"gestures":[{"center":[-23.1821,277.771,-23.4184],"duration":0,"handIds":[506],"id":9,"normal":[-0.496043,-0.198756,0.845244],"pointableIds":[5061],"progress":0.822116,"radius":7.72126,"state":"start","type":"circle"}],"hands":[{"armBasis":[[0.744879,0.659482,0.101184],[-0.610676,0.6128,0.501548],[0.268757,-0.435384,0.859192]],"armWidth":63.72,"confidence":0.472151,"direction":[-0.151359,0.631788,-0.76022],"elbow":[66.1982,132.92,304.233],"grabStrength":0,"id":506,"palmNormal":[0.598697,-0.553373,-0.579086],"palmPosition":[-17.9488,278.062,26.453],"palmVelocity":[-63.8307,183.116,-283.121],"palmWidth":90.99,"pinchStrength":0.863234,"r":[[0.736173,0.455088,0.500944],[-0.329014,0.887469,-0.322722],[-0.591439,0.0727618,0.80306]],"s":1.11688,"sphereCenter":[17.2692,271.882,-9.23449],"sphereRadius":48.3273,"stabilizedPalmPosition":[-6.32807,253.162,64.2011],"t":[-3.0886,14.7597,22.8771],"timeVisible":65.5435,"type":"right","wrist":[-6.36612,250.473,72.2514]}],"id":1805346,"interactionBox":{"center":[0,200,0],"size":[235.247,235.247,147.751]},"pointables":[{"bases":[[[-0.248522,0.836652,0.488109],[-0.841682,-0.435923,0.318657],[0.479384,-0.331639,0.812531]],[[-0.356715,0.891913,0.277932],[-0.930806,-0.364706,-0.0242754],[0.0797119,-0.267361,0.960294]],[[-0.356715,0.891913,0.277932],[-0.876231,-0.216247,-0.430647],[-0.323998,-0.397151,0.85866]],[[-0.356715,0.891913,0.277932],[-0.735788,-0.0849105,-0.671868],[-0.575648,-0.444164,0.686547]]],"btipPosition":[-1.26503,264.143,-33.0765],"carpPosition":[-21.8051,226.861,60.2033],"dipPosition":[-14.7373,253.748,-17.0088],"direction":[0.323998,0.397151,-0.85866],"extended":false,"handId":506,"id":5060,"length":52.1164,"mcpPosition":[-21.8051,226.861,60.2033],"pipPosition":[-25.7842,240.207,12.2677],"stabilizedTipPosition":[7.24167,245.006,7.39577],"timeVisible":65.5435,"tipPosition":[-3.36728,262.324,-28.7844],"tipVelocity":[-70.2367,143.572,-285.378],"tool":false,"touchDistance":-0.470833,"touchZone":"hovering","type":0,"width":20.25},{"bases":[[[0.749965,0.641164,0.162668],[-0.633797,0.626121,0.454174],[0.18935,-0.443713,0.875937]],[[0.772487,0.542398,0.330255],[-0.634381,0.682654,0.362691],[-0.0287275,-0.489681,0.871428]],[[0.772487,0.542398,0.330255],[-0.628928,0.72539,0.279748],[-0.0878292,-0.423808,0.901483]],[[0.772487,0.542398,0.330255],[-0.620938,0.754117,0.213879],[-0.133043,-0.370287,0.919341]]],"btipPosition":[-37.0877,319.071,-73.6108],"carpPosition":[-28.7875,248.819,65.7669],"dipPosition":[-39.3608,312.745,-57.9033],"direction":[0.0878292,0.423808,-0.901483],"extended":true,"handId":506,"id":5061,"length":58.8075,"mcpPosition":[-42.7179,281.463,1.32455],"pipPosition":[-41.4837,302.501,-36.1141],"stabilizedTipPosition":[-30.342,296.895,-40.5427],"timeVisible":65.5435,"tipPosition":[-36.4794,316.344,-70.3883],"tipVelocity":[-36.9095,198.018,-291.118],"tool":false,"touchDistance":-0.448164,"touchZone":"hovering","type":1,"width":19.3428},{"bases":[[[0.865637,0.459126,0.19969],[-0.493571,0.71561,0.494257],[0.0840265,-0.526409,0.846069]],[[0.864017,0.468356,0.184709],[-0.311705,0.785738,-0.534281],[-0.395367,0.404053,0.824879]],[[0.864017,0.468356,0.184709],[0.335031,-0.26102,-0.90533],[-0.375804,0.844104,-0.382439]],[[0.864017,0.468356,0.184709],[0.499469,-0.751272,-0.431417],[-0.0632899,0.465008,-0.883041]]],"btipPosition":[4.22758,242.466,-3.31336],"carpPosition":[-20.8427,257.957,68.0054],"dipPosition":[3.03824,251.204,-19.9075],"direction":[0.375804,-0.844104,0.382439],"extended":false,"handId":506,"id":5062,"length":67.0064,"mcpPosition":[-26.7051,294.683,8.97685],"pipPosition":[-7.64827,275.207,-30.7827],"stabilizedTipPosition":[13.5495,212.725,44.868],"timeVisible":65.5435,"tipPosition":[3.88709,244.19,-6.06245],"tipVelocity":[-58.8445,165.608,-245.5],"tool":false,"touchDistance":0.333333,"touchZone":"none","type":2,"width":18.9972},{"bases":[[[0.903295,0.321396,0.284188],[-0.427534,0.729438,0.53398],[-0.0356788,-0.603842,0.796305]],[[0.903761,0.33133,0.270991],[-0.171479,0.860338,-0.480015],[-0.392187,0.387349,0.834356]],[[0.903761,0.33133,0.270991],[0.354551,-0.22477,-0.907619],[-0.239811,0.916351,-0.320612]],[[0.903761,0.33133,0.270991],[0.4252,-0.767711,-0.4794],[0.0492032,0.548489,-0.834709]]],"btipPosition":[14.7078,249.531,7.51554],"carpPosition":[-10.7738,264.645,70.1975],"dipPosition":[15.6271,259.779,-8.08016],"direction":[0.239811,-0.916351,0.320612],"extended":false,"handId":506,"id":5063,"length":64.4285,"mcpPosition":[-8.53892,302.47,20.3169],"pipPosition":[8.98384,285.163,-16.9618],"stabilizedTipPosition":[22.6009,217.945,49.4612],"timeVisible":65.5435,"tipPosition":[14.723,251.45,5.10861],"tipVelocity":[-61.7634,168.926,-250.804],"tool":false,"touchDistance":0.333333,"touchZone":"none","type":3,"width":18.077},{"bases":[[[0.951235,0.124376,0.28228],[-0.283295,0.714314,0.639921],[-0.122046,-0.688684,0.714716]],[[0.958549,0.189719,0.212579],[-0.0336446,0.81623,-0.576746],[-0.282933,0.545688,0.78878]],[[0.958549,0.189719,0.212579],[0.278816,-0.470879,-0.836979],[-0.0586916,0.861557,-0.504258]],[[0.958549,0.189719,0.212579],[0.255358,-0.902981,-0.34557],[0.126393,0.38553,-0.913998]]],"btipPosition":[19.4525,262.624,27.4309],"carpPosition":[3.40205,265.482,71.1474],"dipPosition":[21.6311,269.269,11.6765],"direction":[0.0586916,-0.861557,0.504258],"extended":false,"handId":506,"id":5064,"length":50.5107,"mcpPosition":[10.4789,305.415,29.7045],"pipPosition":[20.4832,286.12,1.81384],"stabilizedTipPosition":[29.2095,241.515,57.5191],"timeVisible":65.5435,"tipPosition":[19.907,263.795,24.4176],"tipVelocity":[-66.8095,172.951,-264.642],"tool":false,"touchDistance":0.333333,"touchZone":"none","type":4,"width":16.0574}],"r":[[0.736173,0.455088,0.500944],[-0.329014,0.887469,-0.322722],[-0.591439,0.0727618,0.80306]],"s":1.11688,"t":[-3.0886,14.7597,22.8771],"timestamp":97880016887},false],[1,{"currentFrameRate":103.542,"devices":[],"gestures":[{"center":[-23.1821,277.771,-23.4184],"duration":0,"handIds":[506],"id":9,"normal":[-0.496043,-0.198756,0.845244],"pointableIds":[5061],"progress":0.822116,"radius":7.72126,"state":"start","type":"circle"}],"hands":[{"armBasis":[[0.74499,0.659033,0.103272],[-0.611364,0.612604,0.50095],[0.266878,-0.436339,0.859293]],"armWidth":63.72,"confidence":0.476152,"direction":[-0.147458,0.624507,-0.766973],"elbow":[65.1195,134.141,302.699],"grabStrength":0,"id":506,"palmNormal":[0.60067,-0.559524,-0.571077],"palmPosition":[-18.2952,279.105,24.5756],"palmVelocity":[-55.7054,161.306,-257.37],"palmWidth":90.99,"pinchStrength":0.857428,"r":[[0.734899,0.455413,0.502516],[-0.325051,0.88686,-0.328362],[-0.595201,0.0779696,0.799785]],"s":1.12004,"sphereCenter":[16.8362,272.585,-10.912],"sphereRadius":48.2781,"stabilizedPalmPosition":[-6.57865,253.705,63.3714],"t":[-3.53439,16.1248,20.6112],"timeVisible":65.5531,"type":"right","wrist":[-6.93754,251.953,70.6897]}],"id":1805347,"interactionBox":{"center":[0,200,0],"size":[235.247,235.247,147.751]},"pointables":[{"bases":[[[-0.249833,0.841584,0.478873],[-0.843472,-0.432034,0.31922],[0.47554,-0.324165,0.817789]],[[-0.357168,0.894928,0.267458],[-0.930915,-0.364473,-0.023616],[0.0763466,-0.257416,0.96328]],[[-0.357168,0.894928,0.267458],[-0.8752,-0.22063,-0.43052],[-0.326275,-0.387847,0.862043]],[[-0.357168,0.894928,0.267458],[-0.73392,-0.0917742,-0.673008],[-0.577748,-0.43667,0.689584]]],"btipPosition":[-1.51191,264.532,-34.8106],"carpPosition":[-22.3468,228.238,58.8047],"dipPosition":[-15.0333,254.312,-18.6718],"direction":[0.326275,0.387847,-0.862043],"extended":false,"handId":506,"id":5060,"length":52.1164,"mcpPosition":[-22.3468,228.238,58.8047],"pipPosition":[-26.1579,241.088,10.7201],"stabilizedTipPosition":[7.08935,245.227,6.90149],"timeVisible":65.5531,"tipPosition":[-3.63564,262.746,-30.5152],"tipVelocity":[-57.5842,114.721,-254.151],"tool":false,"touchDistance":-0.47785,"touchZone":"hovering","type":0,"width":20.25},{"bases":[[[0.749867,0.642027,0.159686],[-0.635159,0.631086,0.445313],[0.185127,-0.435351,0.88102]],[[0.771532,0.545438,0.32747],[-0.635536,0.684144,0.357828],[-0.0288643,-0.484195,0.874484]],[[0.771532,0.545438,0.32747],[-0.630075,0.726314,0.274723],[-0.0880022,-0.418288,0.904041]],[[0.771532,0.545438,0.32747],[-0.622065,0.754653,0.208648],[-0.133322,-0.364686,0.921536]]],"btipPosition":[-37.3069,319.428,-75.8581],"carpPosition":[-29.3322,250.256,64.1242],"dipPosition":[-39.5848,313.197,-60.1131],"direction":[0.0880022,0.418288,-0.904041],"extended":true,"handId":506,"id":5061,"length":58.8075,"mcpPosition":[-42.9519,282.285,-0.69208],"pipPosition":[-41.7119,303.087,-38.262],"stabilizedTipPosition":[-30.6189,297.676,-41.7148],"timeVisible":65.5531,"tipPosition":[-36.694,316.75,-72.6065],"tipVelocity":[-32.8143,151.814,-273.94],"tool":false,"touchDistance":-0.46526,"touchZone":"hovering","type":1,"width":19.3428},{"bases":[[[0.865203,0.460252,0.198976],[-0.495022,0.720832,0.485133],[0.079855,-0.518236,0.851501]],[[0.863662,0.46931,0.183945],[-0.307394,0.779572,-0.545689],[-0.399496,0.414748,0.81755]],[[0.863662,0.46931,0.183945],[0.340898,-0.274995,-0.898981],[-0.371317,0.839122,-0.39749]],[[0.863662,0.46931,0.183945],[0.500965,-0.758701,-0.416422],[-0.0558721,0.451798,-0.890369]]],"btipPosition":[3.90496,243.221,-4.47035],"carpPosition":[-21.3885,259.408,66.3084],"dipPosition":[2.85501,251.711,-21.2022],"direction":[0.371317,-0.839122,0.39749],"extended":false,"handId":506,"id":5062,"length":67.0064,"mcpPosition":[-26.9598,295.564,6.90088],"pipPosition":[-7.70391,275.573,-32.5053],"stabilizedTipPosition":[13.4174,213.158,44.1577],"timeVisible":65.5531,"tipPosition":[3.61708,244.923,-7.43195],"tipVelocity":[-50.485,138.474,-209.913],"tool":false,"touchDistance":0.333333,"touchZone":"none","type":2,"width":18.9972},{"bases":[[[0.902363,0.323315,0.284972],[-0.429144,0.734985,0.525006],[-0.0397077,-0.59604,0.801972]],[[0.902904,0.333332,0.271391],[-0.168541,0.855358,-0.489854],[-0.395421,0.39655,0.828487]],[[0.902904,0.333332,0.271391],[0.358562,-0.235868,-0.903216],[-0.237059,0.912828,-0.332487]],[[0.902904,0.333332,0.271391],[0.426429,-0.77402,-0.468029],[0.0540528,0.538315,-0.841009]]],"btipPosition":[14.3889,250.381,6.15104],"carpPosition":[-11.3227,266.108,68.4791],"dipPosition":[15.3988,260.439,-9.56237],"direction":[0.237059,-0.912828,0.332487],"extended":false,"handId":506,"id":5063,"length":64.4285,"mcpPosition":[-8.83545,303.444,18.2435],"pipPosition":[8.83179,285.726,-18.7729],"stabilizedTipPosition":[22.4901,218.427,48.8099],"timeVisible":65.5531,"tipPosition":[14.4379,252.285,3.63173],"tipVelocity":[-52.7804,144.106,-219.797],"tool":false,"touchDistance":0.333333,"touchZone":"none","type":3,"width":18.077},{"bases":[[[0.950122,0.126242,0.285186],[-0.285381,0.72076,0.631715],[-0.125802,-0.681593,0.720837]],[[0.95779,0.190695,0.215112],[-0.0302316,0.810967,-0.58431],[-0.285874,0.553143,0.782502]],[[0.95779,0.190695,0.215112],[0.282064,-0.479006,-0.83126],[-0.0554774,0.856848,-0.512575]],[[0.95779,0.190695,0.215112],[0.255878,-0.906575,-0.33563],[0.131012,0.376506,-0.917104]]],"btipPosition":[19.0795,263.656,25.8492],"carpPosition":[2.8497,266.941,69.4824],"dipPosition":[21.3377,270.145,10.0412],"direction":[0.0554774,-0.856848,0.512575],"extended":false,"handId":506,"id":5064,"length":50.5107,"mcpPosition":[10.1444,306.463,27.6845],"pipPosition":[20.2526,286.904,0.0158803],"stabilizedTipPosition":[29.0025,242.025,56.7586],"timeVisible":65.5531,"tipPosition":[19.5527,264.8,22.8202],"tipVelocity":[-58.0684,152.666,-235.718],"tool":false,"touchDistance":0.333333,"touchZone":"none","type":4,"width":16.0574}],"r":[[0.734899,0.455413,0.502516],[-0.325051,0.88686,-0.328362],[-0.595201,0.0779696,0.799785]],"s":1.12004,"t":[-3.53439,16.1248,20.6112],"timestamp":97880026532},false],[2,{"currentFrameRate":103.586,"devices":[],"gestures":[{"center":[-23.1821,277.771,-23.4184],"duration":0,"handIds":[506],"id":9,"normal":[-0.496043,-0.198756,0.845244],"pointableIds":[5061],"progress":0.822116,"radius":7.72126,"state":"start","type":"circle"}],"hands":[{"armBasis":[[0.744815,0.658836,0.105766],[-0.612911,0.612824,0.498786],[0.263802,-0.436328,0.860248]],"armWidth":63.72,"confidence":0.480227,"direction":[-0.146992,0.621341,-0.769629],"elbow":[63.9542,134.999,302.264],"grabStrength":0,"id":506,"palmNormal":[0.602408,-0.560902,-0.567885],"palmPosition":[-18.5878,279.767,23.7589],"palmVelocity":[-48.4373,134.647,-207.615],"palmWidth":90.99,"pinchStrength":0.856626,"r":[[0.73358,0.456268,0.503666],[-0.32199,0.886002,-0.333652],[-0.598484,0.0825848,0.796867]],"s":1.12287,"sphereCenter":[16.3519,273.182,-11.679],"sphereRadius":48.2207,"stabilizedPalmPosition":[-6.81673,254.222,62.586],"t":[-3.90359,17.1382,19.0699],"timeVisible":65.5627,"type":"right","wrist":[-7.27235,252.808,69.9968]}],"id":1805348,"interactionBox":{"center":[0,200,0],"size":[235.247,235.247,147.751]},"pointables":[{"bases":[[[-0.251797,0.843084,0.475193],[-0.84343,-0.431951,0.319444],[0.474578,-0.320357,0.819846]],[[-0.358928,0.895488,0.263195],[-0.930275,-0.366151,-0.0228644],[0.0758944,-0.253051,0.964472]],[[-0.358928,0.895488,0.263195],[-0.874673,-0.224291,-0.429698],[-0.325757,-0.38444,0.863764]],[[-0.358928,0.895488,0.263195],[-0.733421,-0.0961838,-0.672936],[-0.577291,-0.434568,0.691293]]],"btipPosition":[-1.79989,264.937,-35.5962],"carpPosition":[-22.629,229.027,58.1772],"dipPosition":[-15.3106,254.766,-19.4175],"direction":[0.325757,0.38444,-0.863764],"extended":false,"handId":506,"id":5060,"length":52.1164,"mcpPosition":[-22.629,229.027,58.1772],"pipPosition":[-26.4174,241.659,10.0331],"stabilizedTipPosition":[6.95609,245.42,6.47079],"timeVisible":65.5627,"tipPosition":[-3.93351,263.155,-31.304],"tipVelocity":[-49.5578,94.1335,-204.111],"tool":false,"touchDistance":-0.470045,"touchZone":"hovering","type":0,"width":20.25},{"bases":[[[0.748719,0.643662,0.158487],[-0.636778,0.631932,0.441787],[0.184208,-0.431695,0.88301]],[[0.770196,0.548226,0.325955],[-0.637307,0.681738,0.359266],[-0.0252573,-0.484439,0.87446]],[[0.770196,0.548226,0.325955],[-0.632141,0.724112,0.275789],[-0.0848336,-0.418461,0.904264]],[[0.770196,0.548226,0.325955],[-0.624293,0.752639,0.209266],[-0.130602,-0.364668,0.921933]]],"btipPosition":[-37.8385,319.973,-76.7401],"carpPosition":[-29.6534,251.056,63.3997],"dipPosition":[-40.0699,313.742,-60.9883],"direction":[0.0848336,0.418461,-0.904264],"extended":true,"handId":506,"id":5061,"length":58.8075,"mcpPosition":[-43.2055,282.815,-1.56297],"pipPosition":[-42.1204,303.628,-39.1319],"stabilizedTipPosition":[-30.8626,298.333,-42.7045],"timeVisible":65.5627,"tipPosition":[-37.2054,317.316,-73.4827],"tipVelocity":[-39.0647,124.372,-221.32],"tool":false,"touchDistance":-0.460275,"touchZone":"hovering","type":1,"width":19.3428},{"bases":[[[0.864234,0.462198,0.198676],[-0.496832,0.722022,0.4815],[0.0790994,-0.514837,0.853631]],[[0.862706,0.471201,0.183598],[-0.307626,0.777139,-0.549018],[-0.401379,0.417161,0.815396]],[[0.862706,0.471201,0.183598],[0.343024,-0.278489,-0.897094],[-0.371582,0.836907,-0.401887]],[[0.862706,0.471201,0.183598],[0.502771,-0.760114,-0.411641],[-0.0544102,0.447432,-0.892661]]],"btipPosition":[3.69112,243.831,-5.09333],"carpPosition":[-21.7258,260.226,65.5621],"dipPosition":[2.66864,252.239,-21.8682],"direction":[0.371582,-0.836907,0.401887],"extended":false,"handId":506,"id":5062,"length":67.0064,"mcpPosition":[-27.2445,296.145,6.00598],"pipPosition":[-7.89782,276.038,-33.2964],"stabilizedTipPosition":[13.2806,213.606,43.4284],"timeVisible":65.5627,"tipPosition":[3.41647,245.515,-8.09576],"tipVelocity":[-42.1551,116.292,-168.329],"tool":false,"touchDistance":0.333333,"touchZone":"none","type":2,"width":18.9972},{"bases":[[[0.901433,0.325644,0.285263],[-0.431042,0.736419,0.52143],[-0.0402723,-0.592995,0.804199]],[[0.901985,0.335627,0.271621],[-0.168909,0.853243,-0.493403],[-0.397358,0.399163,0.826302]],[[0.901985,0.335627,0.271621],[0.360517,-0.23926,-0.901544],[-0.237595,0.911103,-0.336808]],[[0.901985,0.335627,0.271621],[0.428246,-0.77561,-0.463717],[0.0550358,0.534587,-0.84332]]],"btipPosition":[14.157,251.032,5.51709],"carpPosition":[-11.673,266.949,67.7241],"dipPosition":[15.1853,261.02,-10.2395],"direction":[0.237595,-0.911103,0.336808],"extended":false,"handId":506,"id":5063,"length":64.4285,"mcpPosition":[-9.15032,304.094,17.3491],"pipPosition":[8.60348,286.26,-19.5698],"stabilizedTipPosition":[22.3749,218.924,48.142],"timeVisible":65.5627,"tipPosition":[14.2163,252.928,2.9596],"tipVelocity":[-44.3932,121.605,-175.686],"tool":false,"touchDistance":0.333333,"touchZone":"none","type":3,"width":18.077},{"bases":[[[0.949459,0.128639,0.28632],[-0.287443,0.722802,0.628438],[-0.126111,-0.678977,0.723247]],[[0.957152,0.192676,0.216187],[-0.0301921,0.808863,-0.587222],[-0.288009,0.555534,0.780021]],[[0.957152,0.192676,0.216187],[0.284208,-0.481795,-0.828914],[-0.0555537,0.854839,-0.515911]],[[0.957152,0.192676,0.216187],[0.25758,-0.907606,-0.331518],[0.132337,0.372999,-0.918346]]],"btipPosition":[18.7984,264.383,25.1498],"carpPosition":[2.49657,267.804,68.7484],"dipPosition":[21.0795,270.812,9.32044],"direction":[0.0555537,-0.854839,0.515911],"extended":false,"handId":506,"id":5064,"length":50.5107,"mcpPosition":[9.80914,307.175,26.8108],"pipPosition":[19.9929,287.532,-0.770164],"stabilizedTipPosition":[28.7999,242.523,56.021],"timeVisible":65.5627,"tipPosition":[19.2795,265.518,22.1098],"tipVelocity":[-49.6089,130.075,-188.829],"tool":false,"touchDistance":0.333333,"touchZone":"none","type":4,"width":16.0574}],"r":[[0.73358,0.456268,0.503666],[-0.32199,0.886002,-0.333652],[-0.598484,0.0825848,0.796867]],"s":1.12287,"t":[-3.90359,17.1382,19.0699],"timestamp":97880036103},false],[3,{"currentFrameRate":103.579,"devices":[],"gestures":[{"center":[-23.1821,277.771,-23.4184],"duration":0,"handIds":[506],"id":9,"normal":[-0.496043,-0.198756,0.845244],"pointableIds":[5061],"progress":0.822116,"radius":7.72126,"state":"start","type":"circle"}],"hands":[{"armBasis":[[0.741345,0.66352,0.100743],[-0.614186,0.610253,0.500367],[0.270525,-0.432819,0.859932]],"armWidth":63.72,"confidence":0.482788,"direction":[-0.14581,0.619345,-0.771461],"elbow":[65.3387,136.925,300.651],"grabStrength":0,"id":506,"palmNormal":[0.604313,-0.561646,-0.565119],"palmPosition":[-18.9369,280.622,22.1398],"palmVelocity":[-44.8434,121.195,-195.912],"palmWidth":90.99,"pinchStrength":0.857146,"r":[[0.732191,0.457349,0.504706],[-0.319547,0.885067,-0.338446],[-0.601486,0.0865304,0.794183]],"s":1.12527,"sphereCenter":[15.8751,274.004,-13.2308],"sphereRadius":48.1665,"stabilizedPalmPosition":[-7.04281,254.714,61.8316],"t":[-4.26275,18.0727,17.4897],"timeVisible":65.5724,"type":"right","wrist":[-7.70301,253.786,68.4688]}],"id":1805349,"interactionBox":{"center":[0,200,0],"size":[235.247,235.247,147.751]},"pointables":[{"bases":[[[-0.253772,0.843962,0.472575],[-0.843741,-0.432045,0.318494],[0.472971,-0.317906,0.821726]],[[-0.360527,0.895768,0.260039],[-0.929761,-0.367419,-0.0233874],[0.0745937,-0.250206,0.965315]],[[-0.360527,0.895768,0.260039],[-0.873863,-0.226888,-0.429983],[-0.326165,-0.382259,0.864577]],[[-0.360527,0.895768,0.260039],[-0.732393,-0.0992243,-0.673613],[-0.577599,-0.433307,0.691827]]],"btipPosition":[-2.09244,265.625,-37.1857],"carpPosition":[-23.0076,229.961,56.6701],"dipPosition":[-15.6103,255.484,-20.9944],"direction":[0.326165,0.382259,-0.864577],"extended":false,"handId":506,"id":5060,"length":52.1164,"mcpPosition":[-23.0076,229.961,56.6701],"pipPosition":[-26.7311,242.451,8.48387],"stabilizedTipPosition":[6.83778,245.594,6.08218],"timeVisible":65.5724,"tipPosition":[-4.24172,263.841,-32.9013],"tipVelocity":[-43.9808,87.6529,-192.449],"tool":false,"touchDistance":-0.475172,"touchZone":"hovering","type":0,"width":20.25},{"bases":[[[0.74769,0.644805,0.158704],[-0.638459,0.632338,0.43877],[0.182566,-0.42939,0.884474]],[[0.768845,0.550166,0.325876],[-0.639007,0.679725,0.360062],[-0.0234121,-0.485069,0.874163]],[[0.768845,0.550166,0.325876],[-0.633964,0.722374,0.276161],[-0.0834699,-0.418919,0.904179]],[[0.768845,0.550166,0.325876],[-0.626147,0.751121,0.209185],[-0.129686,-0.364877,0.92198]]],"btipPosition":[-38.2589,320.785,-78.4102],"carpPosition":[-30.0667,251.995,61.8232],"dipPosition":[-40.4747,314.55,-62.6577],"direction":[0.0834699,0.418919,-0.904179],"extended":true,"handId":506,"id":5061,"length":58.8075,"mcpPosition":[-43.498,283.585,-3.24716],"pipPosition":[-42.4922,304.425,-40.8033],"stabilizedTipPosition":[-31.078,298.906,-43.5786],"timeVisible":65.5724,"tipPosition":[-37.6293,318.158,-75.1449],"tipVelocity":[-40.2453,112.56,-207.155],"tool":false,"touchDistance":-0.46763,"touchZone":"hovering","type":1,"width":19.3428},{"bases":[[[0.863294,0.463555,0.1996],[-0.498698,0.722666,0.478596],[0.0776116,-0.512709,0.855047]],[[0.861781,0.47258,0.184396],[-0.307716,0.775981,-0.550603],[-0.403292,0.417758,0.814146]],[[0.861781,0.47258,0.184396],[0.345625,-0.280918,-0.895337],[-0.371318,0.835316,-0.405425]],[[0.861781,0.47258,0.184396],[0.504634,-0.761557,-0.406663],[-0.0517526,0.443507,-0.894776]]],"btipPosition":[3.40195,244.726,-6.57138],"carpPosition":[-22.1536,261.179,63.9823],"dipPosition":[2.42942,253.06,-23.386],"direction":[0.371318,-0.835316,0.405425],"extended":false,"handId":506,"id":5062,"length":67.0064,"mcpPosition":[-27.5684,296.95,4.32733],"pipPosition":[-8.12953,276.814,-34.9148],"stabilizedTipPosition":[13.1402,214.065,42.6797],"timeVisible":65.5724,"tipPosition":[3.15391,246.376,-9.61799],"tipVelocity":[-38.2381,108.853,-164.104],"tool":false,"touchDistance":0.333333,"touchZone":"none","type":2,"width":18.9972},{"bases":[[[0.900427,0.327248,0.286601],[-0.433017,0.737226,0.518647],[-0.0415639,-0.591107,0.805522]],[[0.901002,0.337223,0.272902],[-0.168263,0.851487,-0.496647],[-0.399853,0.401561,0.823934]],[[0.901002,0.337223,0.272902],[0.363704,-0.244303,-0.898908],[-0.236462,0.909174,-0.342767]],[[0.901002,0.337223,0.272902],[0.429866,-0.778695,-0.457],[0.0583961,0.52907,-0.846567]]],"btipPosition":[13.8156,251.931,4.19344],"carpPosition":[-12.1126,267.917,66.1518],"dipPosition":[14.9067,261.816,-11.6238],"direction":[0.236462,-0.909174,0.342767],"extended":false,"handId":506,"id":5063,"length":64.4285,"mcpPosition":[-9.50909,304.944,15.6939],"pipPosition":[8.3562,287.002,-21.1191],"stabilizedTipPosition":[22.2535,219.439,47.4471],"timeVisible":65.5724,"tipPosition":[13.9181,253.815,1.50918],"tipVelocity":[-41.3114,112.557,-164.803],"tool":false,"touchDistance":0.333333,"touchZone":"none","type":3,"width":18.077},{"bases":[[[0.948651,0.130295,0.288244],[-0.289656,0.724011,0.626025],[-0.127124,-0.677371,0.724575]],[[0.956428,0.193887,0.218296],[-0.0297129,0.808425,-0.587849],[-0.290452,0.555749,0.778961]],[[0.956428,0.193887,0.218296],[0.286714,-0.482495,-0.827644],[-0.0551429,0.85417,-0.517062]],[[0.956428,0.193887,0.218296],[0.259175,-0.908068,-0.329001],[0.134438,0.371243,-0.918752]]],"btipPosition":[18.4563,265.311,23.5987],"carpPosition":[2.05358,268.79,67.2073],"dipPosition":[20.7736,271.71,7.76239],"direction":[0.0551429,-0.85417,0.517062],"extended":false,"handId":506,"id":5064,"length":50.5107,"mcpPosition":[9.4249,308.067,25.1927],"pipPosition":[19.6951,288.416,-2.35072],"stabilizedTipPosition":[28.6014,243.014,55.2912],"timeVisible":65.5724,"tipPosition":[18.9477,266.441,20.5582],"tipVelocity":[-45.2102,119.918,-180.6],"tool":false,"touchDistance":0.333333,"touchZone":"none","type":4,"width":16.0574}],"r":[[0.732191,0.457349,0.504706],[-0.319547,0.885067,-0.338446],[-0.601486,0.0865304,0.794183]],"s":1.12527,"t":[-4.26275,18.0727,17.4897],"timestamp":97880045770},false],[4,{"currentFrameRate":103.574,"devices":[],"gestures":[{"center":[-23.1821,277.771,-23.4184],"duration":0,"handIds":[506],"id":9,"normal":[-0.496043,-0.198756,0.845244],"pointableIds":[5061],"progress":0.822116,"radius":7.72126,"state":"start","type":"circle"}],"hands":[{"armBasis":[[0.736701,0.668572,0.101406],[-0.619097,0.606521,0.49885],[0.272012,-0.430284,0.860735]],"armWidth":63.72,"confidence":0.487564,"direction":[-0.144637,0.618018,-0.772745],"elbow":[65.1825,139.097,298.593],"grabStrength":0,"id":506,"palmNormal":[0.609585,-0.559503,-0.561571],"palmPosition":[-19.3791,282.02,19.7852],"palmVelocity":[-45.1077,128.023,-209.83],"palmWidth":90.99,"pinchStrength":0.837869,"r":[[0.73017,0.458949,0.506179],[-0.318009,0.883964,-0.342752],[-0.60475,0.0892977,0.791394]],"s":1.12795,"sphereCenter":[15.4436,275.579,-15.3633],"sphereRadius":48.1082,"stabilizedPalmPosition":[-7.25768,255.19,61.0992],"t":[-4.6634,19.2388,15.5223],"timeVisible":65.582,"type":"right","wrist":[-8.26082,255.274,66.1943]}],"id":1805350,"interactionBox":{"center":[0,200,0],"size":[235.247,235.247,147.751]},"pointables":[{"bases":[[[-0.259819,0.843265,0.47053],[-0.843436,-0.435443,0.314651],[0.470223,-0.31511,0.824376]],[[-0.36579,0.89443,0.257278],[-0.927951,-0.371718,-0.0270498],[0.0714407,-0.248636,0.965959]],[[-0.36579,0.89443,0.257278],[-0.871063,-0.231651,-0.433114],[-0.327791,-0.382534,0.863841]],[[-0.36579,0.89443,0.257278],[-0.72912,-0.103592,-0.6765],[-0.57843,-0.435044,0.69004]]],"btipPosition":[-2.25448,267.008,-39.4803],"carpPosition":[-23.4019,231.372,54.3406],"dipPosition":[-15.7918,256.826,-23.3309],"direction":[0.327791,0.382534,-0.863841],"extended":false,"handId":506,"id":5060,"length":52.1164,"mcpPosition":[-23.4019,231.372,54.3406],"pipPosition":[-26.9681,243.783,6.12227],"stabilizedTipPosition":[6.73111,245.76,5.71645],"timeVisible":65.582,"tipPosition":[-4.42615,265.207,-35.2127],"tipVelocity":[-36.1816,103.525,-205.857],"tool":false,"touchDistance":-0.490552,"touchZone":"hovering","type":0,"width":20.25},{"bases":[[[0.744064,0.648204,0.161865],[-0.643405,0.629933,0.434989],[0.179997,-0.427804,0.885768]],[[0.764769,0.554193,0.328632],[-0.643905,0.675373,0.359524],[-0.0227031,-0.48656,0.873352]],[[0.764769,0.554193,0.328632],[-0.638878,0.718329,0.275386],[-0.0834485,-0.420562,0.903418]],[[0.764769,0.554193,0.328632],[-0.631001,0.747341,0.208131],[-0.130255,-0.366539,0.92124]]],"btipPosition":[-38.6073,322.185,-80.8245],"carpPosition":[-30.5828,253.38,59.4383],"dipPosition":[-40.8328,315.922,-65.0846],"direction":[0.0834485,0.420562,-0.903418],"extended":true,"handId":506,"id":5061,"length":58.8075,"mcpPosition":[-43.8251,284.853,-5.72728],"pipPosition":[-42.8497,305.757,-43.2486],"stabilizedTipPosition":[-31.2689,299.424,-44.3769],"timeVisible":65.582,"tipPosition":[-37.9826,319.588,-77.5512],"tipVelocity":[-39.089,121.782,-219.682],"tool":false,"touchDistance":-0.485458,"touchZone":"hovering","type":1,"width":19.3428},{"bases":[[[0.860251,0.467497,0.203505],[-0.504241,0.720905,0.475433],[0.0755555,-0.511607,0.855891]],[[0.858679,0.47703,0.187382],[-0.30379,0.768202,-0.563541],[-0.412773,0.426976,0.804556]],[[0.858679,0.47703,0.187382],[0.357244,-0.294941,-0.886221],[-0.367487,0.82792,-0.423675]],[[0.858679,0.47703,0.187382],[0.510746,-0.766141,-0.390085],[-0.0425208,0.430663,-0.901511]]],"btipPosition":[3.15277,246.077,-7.87607],"carpPosition":[-22.7208,262.6,61.6286],"dipPosition":[2.35372,254.17,-24.8173],"direction":[0.367487,-0.82792,0.423675],"extended":false,"handId":506,"id":5062,"length":67.0064,"mcpPosition":[-27.9921,298.293,1.91484],"pipPosition":[-8.09629,277.713,-36.8651],"stabilizedTipPosition":[12.9917,214.56,41.8847],"timeVisible":65.582,"tipPosition":[2.96568,247.782,-11.3632],"tipVelocity":[-33.4033,116.208,-156.498],"tool":false,"touchDistance":0.333333,"touchZone":"none","type":2,"width":18.9972},{"bases":[[[0.897541,0.33143,0.290815],[-0.438826,0.735787,0.515799],[-0.0430268,-0.590568,0.80584]],[[0.89814,0.341365,0.277153],[-0.168945,0.849831,-0.499244],[-0.405958,0.401567,0.82094]],[[0.89814,0.341365,0.277153],[0.370829,-0.249334,-0.894605],[-0.236284,0.906258,-0.350524]],[[0.89814,0.341365,0.277153],[0.435004,-0.781763,-0.446787],[0.0641503,0.52184,-0.850628]]],"btipPosition":[13.4598,253.58,2.28864],"carpPosition":[-12.7204,269.384,63.8423],"dipPosition":[14.6584,263.33,-13.6045],"direction":[0.236284,-0.906258,0.350524],"extended":false,"handId":506,"id":5063,"length":64.4285,"mcpPosition":[-10.0252,306.377,13.3645],"pipPosition":[8.11286,288.435,-23.3147],"stabilizedTipPosition":[22.1232,219.996,46.7002],"timeVisible":65.582,"tipPosition":[13.6362,255.431,-0.578716],"tipVelocity":[-39.2551,128.532,-174.747],"tool":false,"touchDistance":0.333333,"touchZone":"none","type":3,"width":18.077},{"bases":[[[0.946615,0.134691,0.292879],[-0.295949,0.723294,0.623907],[-0.127803,-0.677277,0.724543]],[[0.954449,0.197954,0.223254],[-0.0303466,0.808753,-0.587365],[-0.296828,0.553835,0.77792]],[[0.954449,0.197954,0.223254],[0.293038,-0.481001,-0.826297],[-0.0561833,0.85408,-0.517099]],[[0.954449,0.197954,0.223254],[0.264664,-0.90716,-0.327129],[0.13777,0.371315,-0.918229]]],"btipPosition":[18.0669,266.903,21.3899],"carpPosition":[1.43645,270.319,64.9681],"dipPosition":[20.4416,273.303,5.56256],"direction":[0.0561833,-0.85408,0.517099],"extended":false,"handId":506,"id":5064,"length":50.5107,"mcpPosition":[8.84712,309.591,22.9554],"pipPosition":[19.3427,290.008,-4.55128],"stabilizedTipPosition":[28.4047,243.514,54.5517],"timeVisible":65.582,"tipPosition":[18.5733,268.034,18.3511],"tipVelocity":[-43.3788,132.994,-194.523],"tool":false,"touchDistance":0.333333,"touchZone":"none","type":4,"width":16.0574}],"r":[[0.73017,0.458949,0.506179],[-0.318009,0.883964,-0.342752],[-0.60475,0.0892977,0.791394]],"s":1.12795,"t":[-4.6634,19.2388,15.5223],"timestamp":97880055434},false],[5,{"currentFrameRate":103.631,"devices":[],"gestures":[{"center":[-23.1821,277.771,-23.4184],"duration":0,"handIds":[506],"id":9,"normal":[-0.496043,-0.198756,0.845244],"pointableIds":[5061],"progress":0.822116,"radius":7.72126,"state":"stop","type":"circle"}],"hands":[{"armBasis":[[0.747135,0.656922,0.101208],[-0.613236,0.622546,0.486186],[0.25638,-0.425311,0.867975]],"armWidth":63.72,"confidence":0.440394,"direction":[-0.140751,0.629182,-0.764408],"elbow":[60.1873,142.129,295.105],"grabStrength":0,"id":506,"palmNormal":[0.601679,-0.558794,-0.570729],"palmPosition":[-20.03,284.406,14.7221],"palmVelocity":[-51.7732,163.233,-302.365],"palmWidth":90.99,"pinchStrength":0.821074,"r":[[0.729876,0.457426,0.507978],[-0.315155,0.8846,-0.343745],[-0.606596,0.0907996,0.789808]],"s":1.1321,"sphereCenter":[14.1875,278.071,-20.535],"sphereRadius":47.9659,"stabilizedPalmPosition":[-7.45919,255.651,60.3675],"t":[-5.18917,21.0149,12.0071],"timeVisible":65.5916,"type":"right","wrist":[-9.03534,256.963,60.7519]}],"id":1805351,"interactionBox":{"center":[0,200,0],"size":[235.247,235.247,147.751]},"pointables":[{"bases":[[[-0.249242,0.839973,0.482],[-0.846909,-0.430444,0.31219],[0.469705,-0.330399,0.818666]],[[-0.355452,0.894947,0.269673],[-0.931866,-0.361734,-0.0278128],[0.0726589,-0.261185,0.96255]],[[-0.355452,0.894947,0.269673],[-0.875275,-0.217473,-0.431971],[-0.327945,-0.389583,0.860626]],[[-0.355452,0.894947,0.269673],[-0.732988,-0.0878671,-0.674542],[-0.579984,-0.437434,0.687219]]],"btipPosition":[-3.34147,269.931,-44.8214],"carpPosition":[-24.4697,233.373,48.6538],"dipPosition":[-16.9152,259.694,-28.738],"direction":[0.327945,0.389583,-0.860626],"extended":false,"handId":506,"id":5060,"length":52.1164,"mcpPosition":[-24.4697,233.373,48.6538],"pipPosition":[-28.0967,246.411,0.605578],"stabilizedTipPosition":[6.62067,245.943,5.32441],"timeVisible":65.5916,"tipPosition":[-5.527,268.091,-40.5766],"tipVelocity":[-58.8586,161.655,-308.402],"tool":false,"touchDistance":-0.550174,"touchZone":"hovering","type":0,"width":20.25},{"bases":[[[0.751445,0.63823,0.167311],[-0.635187,0.631164,0.445162],[0.178515,-0.440789,0.87968]],[[0.77171,0.542233,0.332335],[-0.635582,0.675903,0.373083],[-0.0223279,-0.499138,0.866235]],[[0.77171,0.542233,0.332335],[-0.630602,0.720181,0.289276],[-0.0824863,-0.432808,0.897704]],[[0.77171,0.542233,0.332335],[-0.622776,0.750213,0.222104],[-0.12889,-0.37837,0.916637]]],"btipPosition":[-39.3775,326.188,-85.2396],"carpPosition":[-31.3994,255.389,54.0528],"dipPosition":[-41.5797,319.723,-69.5783],"direction":[0.0824863,0.432808,-0.897704],"extended":true,"handId":506,"id":5061,"length":58.8075,"mcpPosition":[-44.5327,287.818,-10.6649],"pipPosition":[-43.5734,309.262,-47.8804],"stabilizedTipPosition":[-31.4762,300.032,-45.2733],"timeVisible":65.5916,"tipPosition":[-38.7742,323.568,-81.9985],"tipVelocity":[-50.9369,206.271,-290.332],"tool":false,"touchDistance":-0.531743,"touchZone":"hovering","type":1,"width":19.3428},{"bases":[[[0.865854,0.455798,0.206264],[-0.494929,0.720147,0.486245],[0.0730893,-0.523103,0.84913]],[[0.864233,0.46609,0.18937],[-0.293972,0.773321,-0.561743],[-0.408267,0.429808,0.805347]],[[0.864233,0.46609,0.18937],[0.357117,-0.303223,-0.883472],[-0.354356,0.831153,-0.428505]],[[0.864233,0.46609,0.18937],[0.502023,-0.774445,-0.384977],[-0.0327775,0.427778,-0.903289]]],"btipPosition":[1.83934,248.603,-12.57],"carpPosition":[-23.4326,264.497,56.3304],"dipPosition":[1.22339,256.641,-29.5446],"direction":[0.354356,-0.831153,0.428505],"extended":false,"handId":506,"id":5062,"length":67.0064,"mcpPosition":[-28.5319,300.993,-2.91166],"pipPosition":[-8.85323,280.276,-41.7297],"stabilizedTipPosition":[12.828,215.08,41.0386],"timeVisible":65.5916,"tipPosition":[1.74014,250.342,-16.4256],"tipVelocity":[-62.2016,158.659,-253.489],"tool":false,"touchDistance":0.333333,"touchZone":"none","type":2,"width":18.9972},{"bases":[[[0.902002,0.318258,0.291726],[-0.42922,0.733829,0.526559],[-0.0464953,-0.600173,0.798518]],[[0.90267,0.328568,0.277902],[-0.148813,0.844277,-0.514831],[-0.403783,0.423367,0.810999]],[[0.90267,0.328568,0.277902],[0.374946,-0.283572,-0.882611],[-0.211192,0.900905,-0.379167]],[[0.90267,0.328568,0.277902],[0.422163,-0.801361,-0.423791],[0.0834563,0.499864,-0.862074]]],"btipPosition":[11.8912,255.53,-1.05046],"carpPosition":[-13.3533,271.147,58.5931],"dipPosition":[13.4505,264.869,-17.1575],"direction":[0.211192,-0.900905,0.379167],"extended":false,"handId":506,"id":5063,"length":64.4285,"mcpPosition":[-10.4408,308.742,8.57396],"pipPosition":[7.60009,289.826,-27.6611],"stabilizedTipPosition":[21.9693,220.584,45.8979],"timeVisible":65.5916,"tipPosition":[12.3,257.57,-4.80703],"tipVelocity":[-72.8434,147.548,-226.771],"tool":false,"touchDistance":0.333333,"touchZone":"none","type":3,"width":18.077},{"bases":[[[0.948996,0.121001,0.291145],[-0.286111,0.71847,0.633988],[-0.132466,-0.684952,0.716445]],[[0.957234,0.184672,0.222708],[-0.0253768,0.820406,-0.571217],[-0.288199,0.541137,0.790008]],[[0.957234,0.184672,0.222708],[0.284946,-0.468535,-0.83623],[-0.0500817,0.863928,-0.50112]],[[0.957234,0.184672,0.222708],[0.254056,-0.904825,-0.341682],[0.138413,0.38365,-0.913047]]],"btipPosition":[17.2818,268.991,15.7418],"carpPosition":[0.816478,271.919,59.6797],"dipPosition":[19.6675,275.604,0.00379927],"direction":[0.0500817,-0.863928,0.50112],"extended":false,"handId":506,"id":5064,"length":50.5107,"mcpPosition":[8.49753,311.636,18.1365],"pipPosition":[18.688,292.502,-9.7975],"stabilizedTipPosition":[28.2207,243.983,53.8136],"timeVisible":65.5916,"tipPosition":[17.7828,270.148,12.772],"tipVelocity":[-54.5242,159.25,-308.538],"tool":false,"touchDistance":0.333333,"touchZone":"none","type":4,"width":16.0574}],"r":[[0.729876,0.457426,0.507978],[-0.315155,0.8846,-0.343745],[-0.606596,0.0907996,0.789808]],"s":1.1321,"t":[-5.18917,21.0149,12.0071],"timestamp":97880064976},false],[6,{"currentFrameRate":103.564,"devices":[],"gestures":[],"hands":[{"armBasis":[[0.743767,0.661436,0.096504],[-0.615927,0.622065,0.483394],[0.259702,-0.418972,0.870068]],"armWidth":63.72,"confidence":0.444539,"direction":[-0.139066,0.629793,-0.764213],"elbow":[60.4499,145.095,292.593],"grabStrength":0,"id":506,"palmNormal":[0.604442,-0.557301,-0.569268],"palmPosition":[-20.5475,285.694,11.6372],"palmVelocity":[-52.1071,153.917,-306.195],"palmWidth":90.99,"pinchStrength":0.801417,"r":[[0.729153,0.456314,0.510012],[-0.312893,0.885085,-0.34456],[-0.608632,0.0916577,0.788141]],"s":1.13644,"sphereCenter":[13.5761,279.511,-23.415],"sphereRadius":47.884,"stabilizedPalmPosition":[-7.64822,256.085,59.6637],"t":[-5.71082,22.5467,8.70704],"timeVisible":65.6014,"type":"right","wrist":[-9.6697,258.217,57.6749]}],"id":1805352,"interactionBox":{"center":[0,200,0],"size":[235.247,235.247,147.751]},"pointables":[{"bases":[[[-0.252118,0.83909,0.482041],[-0.847337,-0.432018,0.308839],[0.467394,-0.330588,0.819911]],[[-0.357727,0.89415,0.26931],[-0.931183,-0.363243,-0.0308769],[0.0702165,-0.261822,0.962558]],[[-0.357727,0.89415,0.26931],[-0.873756,-0.218729,-0.434405],[-0.329517,-0.39071,0.859514]],[[-0.357727,0.89415,0.26931],[-0.730978,-0.0886544,-0.676618],[-0.581122,-0.438904,0.685317]]],"btipPosition":[-3.69767,271.281,-47.8941],"carpPosition":[-25.0281,234.618,45.4991],"dipPosition":[-17.298,261.009,-31.8552],"direction":[0.329517,0.39071,-0.859514],"extended":false,"handId":506,"id":5060,"length":52.1164,"mcpPosition":[-25.0281,234.618,45.4991],"pipPosition":[-28.5331,247.687,-2.54952],"stabilizedTipPosition":[6.51231,246.128,4.92529],"timeVisible":65.6014,"tipPosition":[-5.9053,269.423,-43.6665],"tipVelocity":[-52.4323,154.429,-310.393],"tool":false,"touchDistance":-0.569734,"touchZone":"hovering","type":0,"width":20.25},{"bases":[[[0.749932,0.63915,0.170555],[-0.637628,0.629756,0.443664],[0.17616,-0.441469,0.879814]],[[0.769763,0.543244,0.335189],[-0.637907,0.673789,0.372939],[-0.0232499,-0.500894,0.865196]],[[0.769763,0.543244,0.335189],[-0.632797,0.718407,0.288893],[-0.0838627,-0.434486,0.896766]],[[0.769763,0.543244,0.335189],[-0.624821,0.748694,0.221488],[-0.130632,-0.379926,0.915746]]],"btipPosition":[-39.7106,327.609,-88.3218],"carpPosition":[-32.0084,256.618,50.8979],"dipPosition":[-41.9426,321.118,-72.6757],"direction":[0.0838627,0.434486,-0.896766],"extended":true,"handId":506,"id":5061,"length":58.8075,"mcpPosition":[-44.9684,289.096,-13.8296],"pipPosition":[-43.9696,310.616,-51.0005],"stabilizedTipPosition":[-31.6831,300.649,-46.2066],"timeVisible":65.6014,"tipPosition":[-39.133,325.022,-85.0719],"tipVelocity":[-46.1704,188.126,-297.731],"tool":false,"touchDistance":-0.553188,"touchZone":"hovering","type":1,"width":19.3428},{"bases":[[[0.864475,0.456844,0.209704],[-0.497641,0.7189,0.48532],[0.0709597,-0.523904,0.848816]],[[0.862819,0.467602,0.19207],[-0.28867,0.767667,-0.572152],[-0.414985,0.438219,0.79734]],[[0.862819,0.467602,0.19207],[0.368539,-0.321793,-0.87214],[-0.346008,0.823284,-0.449979]],[[0.862819,0.467602,0.19207],[0.505175,-0.783712,-0.361377],[-0.0184536,0.408832,-0.912423]]],"btipPosition":[1.17491,250.071,-14.4979],"carpPosition":[-24.0628,265.735,53.2124],"dipPosition":[0.828128,257.753,-31.6441],"direction":[0.346008,-0.823284,0.449979],"extended":false,"handId":506,"id":5062,"length":67.0064,"mcpPosition":[-29.0135,302.287,-6.0078],"pipPosition":[-9.01109,281.165,-44.4399],"stabilizedTipPosition":[12.6504,215.637,40.1382],"timeVisible":65.6014,"tipPosition":[1.20409,251.757,-18.7743],"tipVelocity":[-62.023,153.669,-238.066],"tool":false,"touchDistance":0.333333,"touchZone":"none","type":2,"width":18.9972},{"bases":[[[0.900534,0.319266,0.295142],[-0.432091,0.732635,0.525873],[-0.0483382,-0.601095,0.797715]],[[0.901236,0.329633,0.281276],[-0.14173,0.837634,-0.527524],[-0.409495,0.435559,0.801625]],[[0.901236,0.329633,0.281276],[0.384414,-0.308592,-0.870056],[-0.2,0.892252,-0.404829]],[[0.901236,0.329633,0.281276],[0.422015,-0.815028,-0.39703],[0.0983734,0.47652,-0.873642]]],"btipPosition":[11.0253,256.969,-2.73081],"carpPosition":[-14.001,272.397,55.5166],"dipPosition":[12.8633,265.872,-19.0539],"direction":[0.2,-0.892252,0.404829],"extended":false,"handId":506,"id":5063,"length":64.4285,"mcpPosition":[-10.9731,310.05,5.54775],"pipPosition":[7.32296,290.589,-30.2685],"stabilizedTipPosition":[21.7916,221.233,45.0132],"timeVisible":65.6014,"tipPosition":[11.6082,258.963,-6.95018],"tipVelocity":[-75.5304,144.401,-212.071],"tool":false,"touchDistance":0.333333,"touchZone":"none","type":3,"