{"sensorType":"Leap","data":[[0,{"currentFrameRate":102.461,"devices":[],"gestures":[],"hands":[{"armBasis":[[0.922457,-0.215402,-0.32043],[0.315993,0.898068,0.305976],[0.22186,-0.383504,0.896495]],"armWidth":63.72,"confidence":0.508251,"direction":[0.269081,0.618692,-0.738116],"elbow":[58.3577,137.037,291.856],"grabStrength":0.12455,"id":506,"palmNormal":[-0.224611,-0.704938,-0.672764],"palmPosition":[4.87636,273.591,6.65069],"palmVelocity":[-16.9829,18.3887,40.6086],"palmWidth":90.99,"pinchStrength":0.346054,"r":[[0.899394,-0.377244,0.220858],[0.424679,0.873807,-0.236874],[-0.103628,0.306837,0.946104]],"s":1.22112,"sphereCenter":[-12.3159,255.545,-35.6459],"sphereRadius":45.5228,"stabilizedPalmPosition":[10.5372,268.143,-1.20957],"t":[19.3019,11.8141,0.0635883],"timeVisible":61.7112,"type":"right","wrist":[-1.54456,240.583,49.8019]}],"id":1804955,"interactionBox":{"center":[0,200,0],"size":[235.247,235.247,147.751]},"pointables":[{"bases":[[[0.630274,0.611684,0.478118],[-0.758302,0.352922,0.54811],[0.166532,-0.708017,0.686279]],[[0.593056,0.72256,0.355236],[-0.788097,0.430582,0.43989],[0.164889,-0.540839,0.824806]],[[0.593056,0.72256,0.355236],[-0.71267,0.676388,-0.186011],[-0.374682,-0.142851,0.916083]],[[0.593056,0.72256,0.355236],[-0.802234,0.567865,0.184254],[-0.0685918,-0.394255,0.916438]]],"btipPosition":[-25.4412,281.835,-50.2387],"carpPosition":[-31.5907,240.74,43.6159],"dipPosition":[-27.0465,272.608,-28.7908],"direction":[0.374682,0.142851,-0.916083],"extended":false,"handId":506,"id":5060,"length":52.1164,"mcpPosition":[-31.5907,240.74,43.6159],"pipPosition":[-39.8215,267.737,2.44363],"stabilizedTipPosition":[-20.6895,273.745,-52.6492],"timeVisible":61.7112,"tipPosition":[-25.5311,279.054,-45.661],"tipVelocity":[-15.9841,26.5414,42.0955],"tool":false,"touchDistance":0.412407,"touchZone":"hovering","type":0,"width":20.25},{"bases":[[[0.968444,-0.238015,-0.0739305],[0.238149,0.796251,0.55612],[-0.0734973,-0.556177,0.827808]],[[0.964388,-0.12603,-0.232533],[0.159216,0.978661,0.129899],[0.2112,-0.162296,0.963875]],[[0.964388,-0.12603,-0.232533],[0.121874,0.992023,-0.0322157],[0.234738,0.00272877,0.972055]],[[0.964388,-0.12603,-0.232533],[0.0945354,0.985345,-0.141977],[0.247019,0.114938,0.96217]]],"btipPosition":[-30.3265,304.207,-92.9644],"carpPosition":[-16.7658,258.347,49.2816],"dipPosition":[-26.106,306.171,-76.5252],"direction":[-0.234738,-0.00272877,-0.972055],"extended":true,"handId":506,"id":5061,"length":58.8075,"mcpPosition":[-11.3586,299.264,-11.6198],"pipPosition":[-20.4323,306.237,-53.0302],"stabilizedTipPosition":[-25.4548,300.497,-94.0879],"timeVisible":61.7112,"tipPosition":[-29.0524,304.021,-89.2865],"tipVelocity":[-14.5415,31.8233,38.7997],"tool":false,"touchDistance":0.403621,"touchZone":"hovering","type":1,"width":19.3428},{"bases":[[[0.894727,-0.443198,-0.0551253],[0.396776,0.732145,0.553654],[-0.205019,-0.517241,0.83092]],[[0.894993,-0.442525,-0.056207],[0.239108,0.582283,-0.777029],[0.376583,0.681996,0.62695]],[[0.894993,-0.442525,-0.056207],[-0.261886,-0.419246,-0.869281],[0.361114,0.79272,-0.491113]],[[0.894993,-0.442525,-0.056207],[-0.402091,-0.745746,-0.531212],[0.193158,0.498031,-0.845373]]],"btipPosition":[-22.2669,228.444,-9.49905],"carpPosition":[-4.52064,257.13,48.8401],"dipPosition":[-18.6371,237.803,-25.3853],"direction":[-0.361114,-0.79272,0.491113],"extended":false,"handId":506,"id":5062,"length":67.0064,"mcpPosition":[9.78312,293.217,-9.13152],"pipPosition":[-8.36833,260.345,-39.3508],"stabilizedTipPosition":[-15.4066,225.047,-21.8258],"timeVisible":61.7112,"tipPosition":[-21.3568,230.908,-13.303],"tipVelocity":[-9.65633,13.3243,38.2579],"tool":false,"touchDistance":0.333333,"touchZone":"none","type":2,"width":18.9972},{"bases":[[[0.822331,-0.568407,0.0261735],[0.452948,0.681748,0.574506],[-0.344397,-0.460579,0.818081]],[[0.824567,-0.565382,0.020821],[0.381917,0.529091,-0.757761],[0.417408,0.632777,0.6522]],[[0.824567,-0.565382,0.020821],[-0.24625,-0.391784,-0.886491],[0.509363,0.725844,-0.462277]],[[0.824567,-0.565382,0.020821],[-0.459331,-0.690479,-0.558797],[0.33031,0.451202,-0.829043]]],"btipPosition":[-10.4158,224.837,-4.10576],"carpPosition":[6.94265,252.796,47.983],"dipPosition":[-4.24432,233.267,-19.5956],"direction":[-0.509363,-0.725844,0.462277],"extended":false,"handId":506,"id":5063,"length":64.4285,"mcpPosition":[28.5157,281.647,-3.26158],"pipPosition":[9.86606,253.374,-32.4016],"stabilizedTipPosition":[-3.21056,221.405,-16.1383],"timeVisible":61.7112,"tipPosition":[-8.77094,226.968,-7.61602],"tipVelocity":[-11.4158,16.2475,44.0325],"tool":false,"touchDistance":0.333333,"touchZone":"none","type":3,"width":18.077},{"bases":[[[0.690724,-0.722672,0.0253943],[0.543119,0.541653,0.641587],[-0.477412,-0.429368,0.76663]],[[0.7188,-0.694874,-0.0218409],[0.485547,0.524254,-0.699573],[0.497565,0.492248,0.714227]],[[0.7188,-0.694874,-0.0218409],[-0.293125,-0.274432,-0.915841],[0.6304,0.664708,-0.400947]],[[0.7188,-0.694874,-0.0218409],[-0.561253,-0.561465,-0.608073],[0.410271,0.449341,-0.793581]]],"btipPosition":[6.45176,228.704,-2.90266],"carpPosition":[15.7641,241.958,45.2842],"dipPosition":[13.5235,236.449,-16.5815],"direction":[-0.6304,-0.664708,0.400947],"extended":false,"handId":506,"id":5064,"length":50.5107,"mcpPosition":[43.4469,266.855,0.831018],"pipPosition":[25.8534,249.45,-24.4235],"stabilizedTipPosition":[13.6706,225.706,-13.7311],"timeVisible":61.7112,"tipPosition":[8.31968,230.667,-5.84834],"tipVelocity":[-12.1742,17.4363,44.3068],"tool":false,"touchDistance":0.333333,"touchZone":"none","type":4,"width":16.0574}],"r":[[0.899394,-0.377244,0.220858],[0.424679,0.873807,-0.236874],[-0.103628,0.306837,0.946104]],"s":1.22112,"t":[19.3019,11.8141,0.0635883],"timestamp":97876184635},false],[1,{"currentFrameRate":102.529,"devices":[],"gestures":[],"hands":[{"armBasis":[[0.923593,-0.211861,-0.319517],[0.313022,0.897924,0.309435],[0.221345,-0.385808,0.895633]],"armWidth":63.72,"confidence":0.513019,"direction":[0.267443,0.619437,-0.738087],"elbow":[58.2554,136.494,291.718],"grabStrength":0.121616,"id":506,"palmNormal":[-0.222692,-0.705517,-0.672795],"palmPosition":[4.82601,273.688,6.74703],"palmVelocity":[-13.569,15.9902,31.7195],"palmWidth":90.99,"pinchStrength":0.345431,"r":[[0.899499,-0.376485,0.221722],[0.424251,0.873927,-0.237198],[-0.104467,0.307425,0.94582]],"s":1.22205,"sphereCenter":[-12.3625,255.634,-35.5509],"sphereRadius":45.5369,"stabilizedPalmPosition":[10.4751,268.203,-1.12299],"t":[19.2214,11.9436,0.290196],"timeVisible":61.7209,"type":"right","wrist":[-1.50766,240.662,49.897]}],"id":1804956,"interactionBox":{"center":[0,200,0],"size":[235.247,235.247,147.751]},"pointables":[{"bases":[[[0.628611,0.61336,0.47816],[-0.759266,0.350864,0.548096],[0.168411,-0.70759,0.686261]],[[0.59109,0.724161,0.355253],[-0.789257,0.428404,0.439935],[0.166392,-0.540427,0.824774]],[[0.59109,0.724161,0.355253],[-0.714735,0.674365,-0.185434],[-0.373854,-0.144303,0.916193]],[[0.59109,0.724161,0.355253],[-0.803775,0.565678,0.184266],[-0.0675207,-0.394461,0.916429]]],"btipPosition":[-25.5328,281.867,-50.1467],"carpPosition":[-31.5539,240.738,43.7099],"dipPosition":[-27.113,272.635,-28.6989],"direction":[0.373854,0.144303,-0.916193],"extended":false,"handId":506,"id":5060,"length":52.1164,"mcpPosition":[-31.5539,240.738,43.7099],"pipPosition":[-39.8598,267.715,2.5392],"stabilizedTipPosition":[-20.801,273.874,-52.49],"timeVisible":61.7209,"tipPosition":[-25.6134,279.095,-45.5594],"tipVelocity":[-13.9298,19.7676,32.6426],"tool":false,"touchDistance":0.40588,"touchZone":"hovering","type":0,"width":20.25},{"bases":[[[0.969083,-0.235408,-0.0739047],[0.235988,0.79687,0.556154],[-0.0720308,-0.5564,0.827787]],[[0.96472,-0.123373,-0.232581],[0.156911,0.9788,0.131643],[0.211409,-0.163493,0.963627]],[[0.96472,-0.123373,-0.232581],[0.119341,0.992357,-0.0313854],[0.234675,0.00252181,0.972071]],[[0.96472,-0.123373,-0.232581],[0.0918474,0.985618,-0.14185],[0.246736,0.115483,0.962177]]],"btipPosition":[-30.4477,304.309,-92.8576],"carpPosition":[-16.7766,258.385,49.3767],"dipPosition":[-26.2321,306.282,-76.4183],"direction":[-0.234675,-0.00252181,-0.972071],"extended":true,"handId":506,"id":5061,"length":58.8075,"mcpPosition":[-11.4773,299.319,-11.5232],"pipPosition":[-20.5599,306.343,-52.9229],"stabilizedTipPosition":[-25.606,300.658,-93.8995],"timeVisible":61.7209,"tipPosition":[-29.1904,304.12,-89.1783],"tipVelocity":[-14.0117,25.7077,30.7521],"tool":false,"touchDistance":0.398194,"touchZone":"hovering","type":1,"width":19.3428},{"bases":[[[0.895917,-0.44079,-0.0551088],[0.394787,0.733191,0.553692],[-0.203657,-0.517818,0.830896]],[[0.896255,-0.439927,-0.0564926],[0.237252,0.583121,-0.776969],[0.374752,0.682959,0.626999]],[[0.896255,-0.439927,-0.0564926],[-0.260755,-0.419581,-0.869458],[0.358795,0.793987,-0.490765]],[[0.896255,-0.439927,-0.0564926],[-0.39997,-0.746581,-0.531639],[0.191706,0.49908,-0.845085]]],"btipPosition":[-22.188,228.453,-9.41952],"carpPosition":[-4.52817,257.201,48.9356],"dipPosition":[-18.5855,237.831,-25.3004],"direction":[-0.358795,-0.793987,0.490765],"extended":false,"handId":506,"id":5062,"length":67.0064,"mcpPosition":[9.68055,293.328,-9.03436],"pipPosition":[-8.38265,260.41,-39.2559],"stabilizedTipPosition":[-15.4537,225.091,-21.7566],"timeVisible":61.7209,"tipPosition":[-21.2892,230.921,-13.214],"tipVelocity":[-4.65862,9.86104,29.5816],"tool":false,"touchDistance":0.333333,"touchZone":"none","type":2,"width":18.9972},{"bases":[[[0.823855,-0.566195,0.0261833],[0.451094,0.682944,0.574545],[-0.343186,-0.46153,0.818054]],[[0.826061,-0.563193,0.0208822],[0.380577,0.530115,-0.757719],[0.415672,0.63387,0.652246]],[[0.826061,-0.563193,0.0208822],[-0.24514,-0.392429,-0.886513],[0.507473,0.727195,-0.462232]],[[0.826061,-0.563193,0.0208822],[-0.457457,-0.691694,-0.558831],[0.329174,0.452076,-0.829019]]],"btipPosition":[-10.3364,224.896,-4.01214],"carpPosition":[6.94675,252.898,48.0788],"dipPosition":[-4.18615,233.342,-19.5015],"direction":[-0.507473,-0.727195,0.462232],"extended":false,"handId":506,"id":5063,"length":64.4285,"mcpPosition":[28.4439,281.808,-3.16416],"pipPosition":[9.87187,253.487,-32.3063],"stabilizedTipPosition":[-3.25831,221.45,-16.0667],"timeVisible":61.7209,"tipPosition":[-8.69787,227.029,-7.52241],"tipVelocity":[-5.84952,13.4131,34.0695],"tool":false,"touchDistance":0.333333,"touchZone":"none","type":3,"width":18.077},{"bases":[[[0.692663,-0.720814,0.0253945],[0.541639,0.54309,0.641624],[-0.476283,-0.430674,0.766599]],[[0.720601,-0.693009,-0.0217252],[0.48421,0.525422,-0.699623],[0.49626,0.49363,0.714182]],[[0.720601,-0.693009,-0.0217252],[-0.292204,-0.275125,-0.915927],[0.628769,0.666367,-0.400755]],[[0.720601,-0.693009,-0.0217252],[-0.559596,-0.562805,-0.608361],[0.409373,0.450543,-0.793363]]],"btipPosition":[6.51311,228.803,-2.81109],"carpPosition":[15.7973,242.084,45.3799],"dipPosition":[13.5694,236.569,-16.4861],"direction":[-0.628769,-0.666367,0.400755],"extended":false,"handId":506,"id":5064,"length":50.5107,"mcpPosition":[43.4147,267.057,0.928477],"pipPosition":[25.8674,249.602,-24.3244],"stabilizedTipPosition":[13.6185,225.752,-13.6579],"timeVisible":61.7209,"tipPosition":[8.37696,230.771,-5.75759],"tipVelocity":[-6.89244,15.5145,34.2253],"tool":false,"touchDistance":0.333333,"touchZone":"none","type":4,"width":16.0574}],"r":[[0.899499,-0.376485,0.221722],[0.424251,0.873927,-0.237198],[-0.104467,0.307425,0.94582]],"s":1.22205,"t":[19.2214,11.9436,0.290196],"timestamp":97876194258},false],[2,{"currentFrameRate":102.586,"devices":[],"gestures":[],"hands":[{"armBasis":[[0.924788,-0.20929,-0.31775],[0.310603,0.897611,0.312763],[0.219758,-0.387934,0.895106]],"armWidth":63.72,"confidence":0.519025,"direction":[0.265998,0.620076,-0.738073],"elbow":[57.8731,135.987,291.673],"grabStrength":0.119474,"id":506,"palmNormal":[-0.221269,-0.705938,-0.672823],"palmPosition":[4.79458,273.773,6.84667],"palmVelocity":[-10.5696,13.8872,25.4979],"palmWidth":90.99,"pinchStrength":0.344778,"r":[[0.899751,-0.375494,0.22238],[0.423524,0.87421,-0.237456],[-0.105244,0.307834,0.945601]],"s":1.22278,"sphereCenter":[-12.3861,255.707,-35.4504],"sphereRadius":45.5464,"stabilizedPalmPosition":[10.4224,268.255,-1.04909],"t":[19.1655,12.0505,0.45332],"timeVisible":61.7305,"type":"right","wrist":[-1.46149,240.729,49.9947]}],"id":1804957,"interactionBox":{"center":[0,200,0],"size":[235.247,235.247,147.751]},"pointables":[{"bases":[[[0.627357,0.614674,0.47812],[-0.759941,0.349179,0.548237],[0.170038,-0.707284,0.686175]],[[0.589569,0.725423,0.355203],[-0.790121,0.426672,0.440068],[0.16768,-0.540104,0.824725]],[[0.589569,0.725423,0.355203],[-0.716312,0.672788,-0.185077],[-0.373235,-0.14532,0.916285]],[[0.589569,0.725423,0.355203],[-0.804958,0.564013,0.184206],[-0.0667116,-0.394526,0.91646]]],"btipPosition":[-25.5919,281.89,-50.0459],"carpPosition":[-31.5087,240.741,43.8121],"dipPosition":[-27.1532,272.656,-28.5975],"direction":[0.373235,0.14532,-0.916285],"extended":false,"handId":506,"id":5060,"length":52.1164,"mcpPosition":[-31.5087,240.741,43.8121],"pipPosition":[-39.8789,267.702,2.6438],"stabilizedTipPosition":[-20.8939,273.98,-52.357],"timeVisible":61.7305,"tipPosition":[-25.6686,279.125,-45.4536],"tipVelocity":[-11.531,14.6987,26.1907],"tool":false,"touchDistance":0.400139,"touchZone":"hovering","type":0,"width":20.25},{"bases":[[[0.969577,-0.233311,-0.0740674],[0.234351,0.79733,0.556188],[-0.0707087,-0.556625,0.827749]],[[0.964969,-0.121367,-0.232605],[0.155161,0.978905,0.132926],[0.211565,-0.16436,0.963445]],[[0.964969,-0.121367,-0.232605],[0.117443,0.992605,-0.0306968],[0.23461,0.00230357,0.972087]],[[0.964969,-0.121367,-0.232605],[0.0898539,0.985835,-0.14162],[0.246498,0.115758,0.962205]]],"btipPosition":[-30.5382,304.397,-92.7465],"carpPosition":[-16.7687,258.419,49.4782],"dipPosition":[-26.3266,306.375,-76.3066],"direction":[-0.23461,-0.00230357,-0.972087],"extended":true,"handId":506,"id":5061,"length":58.8075,"mcpPosition":[-11.5666,299.37,-11.419],"pipPosition":[-20.656,306.431,-52.8109],"stabilizedTipPosition":[-25.7392,300.799,-93.7337],"timeVisible":61.7305,"tipPosition":[-29.2998,304.208,-89.0643],"tipVelocity":[-12.6933,20.9356,25.1638],"tool":false,"touchDistance":0.393378,"touchZone":"hovering","type":1,"width":19.3428},{"bases":[[[0.896857,-0.438852,-0.0552784],[0.393286,0.733993,0.553697],[-0.202417,-0.518327,0.830882]],[[0.897261,-0.437813,-0.0569426],[0.235584,0.583858,-0.776924],[0.373394,0.683689,0.627014]],[[0.897261,-0.437813,-0.0569426],[-0.260004,-0.419755,-0.8696],[0.35682,0.795064,-0.490462]],[[0.897261,-0.437813,-0.0569426],[-0.398348,-0.747187,-0.532006],[0.190372,0.500031,-0.844824]]],"btipPosition":[-22.1175,228.465,-9.33318],"carpPosition":[-4.51781,257.262,49.0352],"dipPosition":[-18.54,237.862,-25.2091],"direction":[-0.35682,-0.795063,0.490462],"extended":false,"handId":506,"id":5062,"length":67.0064,"mcpPosition":[9.60442,293.425,-8.93374],"pipPosition":[-8.3933,260.471,-39.1561],"stabilizedTipPosition":[-15.4868,225.123,-21.7069],"timeVisible":61.7305,"tipPosition":[-21.2288,230.937,-13.119],"tipVelocity":[-1.34713,7.49671,23.6147],"tool":false,"touchDistance":0.333333,"touchZone":"none","type":2,"width":18.9972},{"bases":[[[0.825078,-0.564419,0.0260135],[0.449705,0.683866,0.574537],[-0.34207,-0.46234,0.818065]],[[0.827232,-0.561474,0.0208211],[0.379298,0.530722,-0.757936],[0.414511,0.634887,0.651996]],[[0.827232,-0.561474,0.0208211],[-0.244499,-0.393097,-0.886394],[0.505872,0.728163,-0.462462]],[[0.827232,-0.561474,0.0208211],[-0.456089,-0.692685,-0.558722],[0.328131,0.452697,-0.829093]]],"btipPosition":[-10.2712,224.948,-3.89631],"carpPosition":[6.96624,252.983,48.1763],"dipPosition":[-4.14037,233.406,-19.3871],"direction":[-0.505872,-0.728163,0.462462],"extended":false,"handId":506,"id":5063,"length":64.4285,"mcpPosition":[28.3935,281.944,-3.06729],"pipPosition":[9.87329,253.578,-32.1982],"stabilizedTipPosition":[-3.29337,221.484,-16.0128],"timeVisible":61.7305,"tipPosition":[-8.63921,227.081,-7.41493],"tipVelocity":[-2.31297,11.172,27.6431],"tool":false,"touchDistance":0.333333,"touchZone":"none","type":3,"width":18.077},{"bases":[[[0.69422,-0.719321,0.0252306],[0.54056,0.544202,0.641591],[-0.47524,-0.431766,0.766632]],[[0.722029,-0.69152,-0.0217798],[0.483035,0.526383,-0.699713],[0.49533,0.494692,0.714092]],[[0.722029,-0.69152,-0.0217798],[-0.291533,-0.275545,-0.916015],[0.627441,0.667739,-0.400553]],[[0.722029,-0.69152,-0.0217798],[-0.558297,-0.563758,-0.608672],[0.40863,0.451638,-0.793123]]],"btipPosition":[6.56669,228.888,-2.72263],"carpPosition":[15.8397,242.189,45.4752],"dipPosition":[13.6102,236.673,-16.3935],"direction":[-0.627441,-0.667739,0.400553],"extended":false,"handId":506,"id":5064,"length":50.5107,"mcpPosition":[43.3966,267.225,1.02187],"pipPosition":[25.8822,249.733,-24.2279],"stabilizedTipPosition":[13.5781,225.789,-13.6],"timeVisible":61.7305,"tipPosition":[8.42716,230.859,-5.66887],"tipVelocity":[-3.35878,13.6953,26.9658],"tool":false,"touchDistance":0.333333,"touchZone":"none","type":4,"width":16.0574}],"r":[[0.899751,-0.375494,0.22238],[0.423524,0.87421,-0.237456],[-0.105244,0.307834,0.945601]],"s":1.22278,"t":[19.1655,12.0505,0.45332],"timestamp":97876203898},false],[3,{"currentFrameRate":102.663,"devices":[],"gestures":[],"hands":[{"armBasis":[[0.925657,-0.206866,-0.316804],[0.308375,0.897634,0.314893],[0.219234,-0.389177,0.894694]],"armWidth":63.72,"confidence":0.523157,"direction":[0.264324,0.620834,-0.738036],"elbow":[57.7844,135.711,291.654],"grabStrength":0.117104,"id":506,"palmNormal":[-0.219936,-0.706286,-0.672895],"palmPosition":[4.75674,273.856,6.9438],"palmVelocity":[-8.64998,12.3664,21.0433],"palmWidth":90.99,"pinchStrength":0.343789,"r":[[0.900136,-0.374306,0.222822],[0.422531,0.874636,-0.237655],[-0.105932,0.308071,0.945447]],"s":1.2234,"sphereCenter":[-12.4176,255.781,-35.351],"sphereRadius":45.5576,"stabilizedPalmPosition":[10.3768,268.3,-0.984724],"t":[19.1186,12.1454,0.583445],"timeVisible":61.7401,"type":"right","wrist":[-1.40873,240.788,50.0869]}],"id":1804958,"interactionBox":{"center":[0,200,0],"size":[235.247,235.247,147.751]},"pointables":[{"bases":[[[0.626155,0.615977,0.478019],[-0.760516,0.347349,0.548602],[0.171887,-0.707051,0.685955]],[[0.588037,0.726743,0.355045],[-0.790941,0.424847,0.44036],[0.169189,-0.539767,0.824637]],[[0.588037,0.726743,0.355045],[-0.718044,0.671111,-0.184452],[-0.372324,-0.146473,0.916472]],[[0.588037,0.726743,0.355045],[-0.806151,0.562325,0.184148],[-0.0658219,-0.394506,0.916533]]],"btipPosition":[-25.6687,281.905,-49.9461],"carpPosition":[-31.4582,240.734,43.9156],"dipPosition":[-27.2092,272.672,-28.4959],"direction":[0.372324,0.146473,-0.916472],"extended":false,"handId":506,"id":5060,"length":52.1164,"mcpPosition":[-31.4582,240.734,43.9156],"pipPosition":[-39.9038,267.678,2.75173],"stabilizedTipPosition":[-20.9713,274.068,-52.2462],"timeVisible":61.7401,"tipPosition":[-25.7435,279.155,-45.344],"tipVelocity":[-10.3639,10.9041,21.629],"tool":false,"touchDistance":0.394961,"touchZone":"hovering","type":0,"width":20.25},{"bases":[[[0.970071,-0.231115,-0.074485],[0.232769,0.797732,0.556276],[-0.0691445,-0.556965,0.827653]],[[0.965201,-0.119392,-0.232664],[0.153494,0.978966,0.134409],[0.211723,-0.165445,0.963224]],[[0.965201,-0.119392,-0.232664],[0.1157,0.992846,-0.0295021],[0.234522,0.00155611,0.972109]],[[0.965201,-0.119392,-0.232664],[0.088067,0.986129,-0.14069],[0.246234,0.115304,0.962327]]],"btipPosition":[-30.6406,304.52,-92.6307],"carpPosition":[-16.7558,258.444,49.5801],"dipPosition":[-26.4335,306.49,-76.1887],"direction":[-0.234522,-0.00155611,-0.972109],"extended":true,"handId":506,"id":5061,"length":58.8075,"mcpPosition":[-11.6689,299.42,-11.31],"pipPosition":[-20.765,306.527,-52.6924],"stabilizedTipPosition":[-25.8595,300.926,-93.5843],"timeVisible":61.7401,"tipPosition":[-29.4292,304.323,-88.943],"tipVelocity":[-12.1394,18.5144,21.3844],"tool":false,"touchDistance":0.389117,"touchZone":"hovering","type":1,"width":19.3428},{"bases":[[[0.89782,-0.436823,-0.055714],[0.391845,0.734753,0.553711],[-0.200937,-0.518964,0.830843]],[[0.898284,-0.435619,-0.0576397],[0.233702,0.584705,-0.776855],[0.372115,0.684366,0.627036]],[[0.898284,-0.435619,-0.0576397],[-0.259414,-0.419854,-0.869728],[0.35467,0.796215,-0.490153]],[[0.898284,-0.435619,-0.0576397],[-0.396786,-0.747767,-0.532358],[0.188804,0.501079,-0.844555]]],"btipPosition":[-22.0532,228.477,-9.24838],"carpPosition":[-4.50257,257.315,49.1322],"dipPosition":[-18.5052,237.894,-25.1193],"direction":[-0.35467,-0.796215,0.490153],"extended":false,"handId":506,"id":5062,"length":67.0064,"mcpPosition":[9.51643,293.522,-8.83409],"pipPosition":[-8.41966,260.535,-39.0575],"stabilizedTipPosition":[-15.51,225.145,-21.6714],"timeVisible":61.7401,"tipPosition":[-21.1756,230.953,-13.026],"tipVelocity":[0.779621,5.82411,19.3684],"tool":false,"touchDistance":0.333333,"touchZone":"none","type":2,"width":18.9972},{"bases":[[[0.826354,-0.562569,0.0255772],[0.448384,0.684749,0.574518],[-0.34072,-0.463287,0.818092]],[[0.828458,-0.559677,0.020488],[0.377765,0.531428,-0.758207],[0.413463,0.635882,0.651692]],[[0.828458,-0.559677,0.020488],[-0.244082,-0.393742,-0.886223],[0.504065,0.729198,-0.462805]],[[0.828458,-0.559677,0.020488],[-0.454818,-0.693687,-0.558514],[0.3268,0.453387,-0.829242]]],"btipPosition":[-10.2094,225,-3.78041],"carpPosition":[6.99075,253.062,48.268],"dipPosition":[-4.10351,233.471,-19.274],"direction":[-0.504065,-0.729198,0.462805],"extended":false,"handId":506,"id":5063,"length":64.4285,"mcpPosition":[28.3335,282.082,-2.97727],"pipPosition":[9.86011,253.671,-32.0946],"stabilizedTipPosition":[-3.31935,221.51,-15.972],"timeVisible":61.7401,"tipPosition":[-8.58611,227.133,-7.3098],"tipVelocity":[0.0491392,9.59679,23.1149],"tool":false,"touchDistance":0.333333,"touchZone":"none","type":3,"width":18.077},{"bases":[[[0.695844,-0.717764,0.0248096],[0.539578,0.545274,0.641507],[-0.473979,-0.433002,0.766716]],[[0.723543,-0.689924,-0.022151],[0.481537,0.527473,-0.699925],[0.494579,0.495759,0.713873]],[[0.723543,-0.689924,-0.022151],[-0.291304,-0.276091,-0.915924],[0.625802,0.669162,-0.400741]],[[0.723543,-0.689924,-0.022151],[-0.557262,-0.564876,-0.608584],[0.407364,0.45268,-0.79318]]],"btipPosition":[6.62168,228.975,-2.62909],"carpPosition":[15.8875,242.288,45.5612],"dipPosition":[13.6433,236.778,-16.301],"direction":[-0.625802,-0.669162,0.400741],"extended":false,"handId":506,"id":5064,"length":50.5107,"mcpPosition":[43.3712,267.396,1.10298],"pipPosition":[25.8833,249.866,-24.139],"stabilizedTipPosition":[13.5459,225.819,-13.5527],"timeVisible":61.7401,"tipPosition":[8.47537,230.95,-5.58092],"tipVelocity":[-0.876052,12.492,21.9706],"tool":false,"touchDistance":0.333333,"touchZone":"none","type":4,"width":16.0574}],"r":[[0.900136,-0.374306,0.222822],[0.422531,0.874636,-0.237655],[-0.105932,0.308071,0.945447]],"s":1.2234,"t":[19.1186,12.1454,0.583445],"timestamp":97876213491},false],[4,{"currentFrameRate":102.661,"devices":[],"gestures":[],"hands":[{"armBasis":[[0.92656,-0.205028,-0.315356],[0.306395,0.897717,0.316585],[0.218192,-0.389959,0.894609]],"armWidth":63.72,"confidence":0.526272,"direction":[0.262396,0.62205,-0.737701],"elbow":[57.5998,135.631,291.661],"grabStrength":0.114672,"id":506,"palmNormal":[-0.218829,-0.706212,-0.673334],"palmPosition":[4.74788,274.037,6.99664],"palmVelocity":[-6.37697,14.1924,16.4564],"palmWidth":90.99,"pinchStrength":0.342738,"r":[[0.900644,-0.372987,0.222983],[0.421309,0.875205,-0.237728],[-0.106486,0.308053,0.945391]],"s":1.22388,"sphereCenter":[-12.4167,255.967,-35.3071],"sphereRadius":45.5661,"stabilizedPalmPosition":[10.3318,268.345,-0.920928],"t":[19.0908,12.2835,0.67493],"timeVisible":61.7498,"type":"right","wrist":[-1.31214,240.919,50.1162]}],"id":1804959,"interactionBox":{"center":[0,200,0],"size":[235.247,235.247,147.751]},"pointables":[{"bases":[[[0.62511,0.616982,0.47809],[-0.760902,0.345173,0.54944],[0.173971,-0.70724,0.685234]],[[0.58661,0.727861,0.355116],[-0.791611,0.422739,0.441185],[0.171,-0.539917,0.824165]],[[0.58661,0.727861,0.355116],[-0.719892,0.669507,-0.183073],[-0.371004,-0.148253,0.916721]],[[0.58661,0.727861,0.355116],[-0.807292,0.560487,0.184755],[-0.0645622,-0.395061,0.916383]]],"btipPosition":[-25.7412,282.055,-49.8767],"carpPosition":[-31.3659,240.803,43.9664],"dipPosition":[-27.2522,272.809,-28.4301],"direction":[0.371004,0.148253,-0.916721],"extended":false,"handId":506,"id":5060,"length":52.1164,"mcpPosition":[-31.3659,240.803,43.9664],"pipPosition":[-39.9018,267.754,2.82608],"stabilizedTipPosition":[-21.0435,274.15,-52.1431],"timeVisible":61.7498,"tipPosition":[-25.8106,279.318,-45.2656],"tipVelocity":[-9.30044,12.1224,17.344],"tool":false,"touchDistance":0.389827,"touchZone":"hovering","type":0,"width":20.25},{"bases":[[[0.970535,-0.228867,-0.0753753],[0.231372,0.797785,0.556782],[-0.0672958,-0.557816,0.827232]],[[0.965378,-0.117405,-0.232941],[0.151979,0.978918,0.136463],[0.212009,-0.16714,0.962869]],[[0.965378,-0.117405,-0.232941],[0.114104,0.993084,-0.0276434],[0.234575,0.000106859,0.972098]],[[0.965378,-0.117405,-0.232941],[0.0864233,0.986508,-0.139046],[0.246123,0.114101,0.962499]]],"btipPosition":[-30.7317,304.808,-92.5318],"carpPosition":[-16.6993,258.541,49.6353],"dipPosition":[-26.5265,306.757,-76.087],"direction":[-0.234575,-0.000106859,-0.972098],"extended":true,"handId":506,"id":5061,"length":58.8075,"mcpPosition":[-11.7484,299.579,-11.2238],"pipPosition":[-20.8568,306.76,-52.591],"stabilizedTipPosition":[-25.9799,301.06,-93.4353],"timeVisible":61.7498,"tipPosition":[-29.5521,304.601,-88.8374],"tipVelocity":[-11.3335,21.6097,18.1034],"tool":false,"touchDistance":0.385032,"touchZone":"hovering","type":1,"width":19.3428},{"bases":[[[0.898761,-0.434753,-0.0567263],[0.390588,0.735167,0.55405],[-0.199172,-0.520115,0.830549]],[[0.899279,-0.433391,-0.0588991],[0.231565,0.586023,-0.776501],[0.371045,0.684652,0.627357]],[[0.899279,-0.433391,-0.0588991],[-0.259117,-0.419426,-0.870023],[0.352356,0.797656,-0.48948]],[[0.899279,-0.433391,-0.0588991],[-0.395407,-0.748024,-0.533024],[0.18695,0.502626,-0.844048]]],"btipPosition":[-21.9654,228.599,-9.2265],"carpPosition":[-4.44385,257.44,49.1777],"dipPosition":[-18.4523,238.044,-25.0878],"direction":[-0.352356,-0.797656,0.48948],"extended":false,"handId":506,"id":5062,"length":67.0064,"mcpPosition":[9.45195,293.727,-8.76804],"pipPosition":[-8.43255,260.726,-39.0069],"stabilizedTipPosition":[-15.53,225.165,-21.6401],"timeVisible":61.7498,"tipPosition":[-21.1,231.08,-12.9951],"tipVelocity":[2.95308,7.96874,14.4066],"tool":false,"touchDistance":0.333333,"touchZone":"none","type":2,"width":18.9972},{"bases":[[[0.827637,-0.560728,0.0245099],[0.447254,0.685272,0.574775],[-0.339089,-0.464743,0.817944]],[[0.829687,-0.557888,0.0195283],[0.376424,0.533297,-0.757561],[0.41222,0.635889,0.652472]],[[0.829687,-0.557888,0.0195283],[-0.243074,-0.392548,-0.887029],[0.502529,0.73121,-0.4613]],[[0.829687,-0.557888,0.0195283],[-0.453177,-0.693565,-0.559999],[0.32596,0.455774,-0.828263]]],"btipPosition":[-10.1302,225.142,-3.83234],"carpPosition":[7.05838,253.213,48.3017],"dipPosition":[-4.03997,233.658,-19.3076],"direction":[-0.502529,-0.73121,0.4613],"extended":false,"handId":506,"id":5063,"length":64.4285,"mcpPosition":[28.2989,282.325,-2.93436],"pipPosition":[9.88108,253.914,-32.0865],"stabilizedTipPosition":[-3.3441,221.536,-15.9327],"timeVisible":61.7498,"tipPosition":[-8.51464,227.283,-7.33179],"tipVelocity":[2.31284,11.3638,14.8896],"tool":false,"touchDistance":0.333333,"touchZone":"none","type":3,"width":18.077},{"bases":[[[0.697476,-0.716216,0.0237047],[0.53881,0.545947,0.64158],[-0.472452,-0.434715,0.766689]],[[0.725073,-0.688279,-0.0232441],[0.479839,0.529124,-0.699844],[0.493987,0.496285,0.713917]],[[0.725073,-0.688279,-0.0232441],[-0.291344,-0.275986,-0.915943],[0.624009,0.670897,-0.400636]],[[0.725073,-0.688279,-0.0232441],[-0.556425,-0.565615,-0.608664],[0.405784,0.454259,-0.793088]]],"btipPosition":[6.7063,229.169,-2.61459],"carpPosition":[15.9774,242.462,45.5793],"dipPosition":[13.7007,236.999,-16.2849],"direction":[-0.624009,-0.670897,0.400636],"extended":false,"handId":506,"id":5064,"length":50.5107,"mcpPosition":[43.3726,267.669,1.1227],"pipPosition":[25.9056,250.121,-24.1208],"stabilizedTipPosition":[13.5137,225.851,-13.5048],"timeVisible":61.7498,"tipPosition":[8.55253,231.149,-5.56737],"tipVelocity":[1.74173,14.8354,15.9675],"tool":false,"touchDistance":0.333333,"touchZone":"none","type":4,"width":16.0574}],"r":[[0.900644,-0.372987,0.222983],[0.421309,0.875205,-0.237728],[-0.106486,0.308053,0.945391]],"s":1.22388,"t":[19.0908,12.2835,0.67493],"timestamp":97876223237},false],[5,{"currentFrameRate":102.743,"devices":[],"gestures":[],"hands":[{"armBasis":[[0.927587,-0.202091,-0.314231],[0.303416,0.898234,0.317984],[0.217991,-0.390301,0.894508]],"armWidth":63.72,"confidence":0.513601,"direction":[0.2597,0.621671,-0.738973],"elbow":[57.6692,135.669,291.667],"grabStrength":0.11452,"id":506,"palmNormal":[-0.217313,-0.707978,-0.671968],"palmPosition":[4.72419,274.116,6.97055],"palmVelocity":[-5.24761,12.4809,10.9068],"palmWidth":90.99,"pinchStrength":0.3428,"r":[[0.901326,-0.371297,0.223046],[0.419735,0.875845,-0.238155],[-0.106928,0.308276,0.945268]],"s":1.22419,"sphereCenter":[-12.4118,255.913,-35.2912],"sphereRadius":45.566,"stabilizedPalmPosition":[10.2843,268.394,-0.854093],"t":[19.065,12.3921,0.707627],"timeVisible":61.7594,"type":"right","wrist":[-1.18842,241.05,50.1497]}],"id":1804960,"interactionBox":{"center":[0,200,0],"size":[235.247,235.247,147.751]},"pointables":[{"bases":[[[0.62367,0.619701,0.476452],[-0.761413,0.343687,0.549663],[0.176876,-0.705585,0.686195]],[[0.584716,0.730224,0.353384],[-0.792454,0.420938,0.441393],[0.173563,-0.53813,0.824798]],[[0.584716,0.730224,0.353384],[-0.722178,0.666979,-0.183299],[-0.369549,-0.148028,0.917345]],[[0.584716,0.730224,0.353384],[-0.8088,0.558487,0.184213],[-0.0628436,-0.393529,0.917162]]],"btipPosition":[-25.841,281.949,-49.8833],"carpPosition":[-31.2479,240.829,44.031],"dipPosition":[-27.3118,272.739,-28.4184],"direction":[0.369549,0.148028,-0.917345],"extended":false,"handId":506,"id":5060,"length":52.1164,"mcpPosition":[-31.2479,240.829,44.031],"pipPosition":[-39.9118,267.691,2.85904],"stabilizedTipPosition":[-21.1097,274.224,-52.0503],"timeVisible":61.7594,"tipPosition":[-25.9042,279.225,-45.2645],"tipVelocity":[-9.34561,5.65756,12.2548],"tool":false,"touchDistance":0.384143,"touchZone":"hovering","type":0,"width":20.25},{"bases":[[[0.971167,-0.225962,-0.0760025],[0.229451,0.799402,0.555256],[-0.06471,-0.556685,0.828199]],[[0.965511,-0.114817,-0.23368],[0.149117,0.979587,0.134806],[0.213432,-0.165003,0.962923]],[[0.965511,-0.114817,-0.23368],[0.110986,0.993383,-0.0295201],[0.235524,0.00256663,0.971865]],[[0.965511,-0.114817,-0.23368],[0.0831759,0.986503,-0.141046],[0.246721,0.116745,0.962029]]],"btipPosition":[-30.9479,304.609,-92.5708],"carpPosition":[-16.6309,258.622,49.6562],"dipPosition":[-26.7325,306.604,-76.134],"direction":[-0.235524,-0.00256663,-0.971865],"extended":true,"handId":506,"id":5061,"length":58.8075,"mcpPosition":[-11.8703,299.577,-11.2741],"pipPosition":[-21.0398,306.666,-52.6436],"stabilizedTipPosition":[-26.1025,301.183,-93.2929],"timeVisible":61.7594,"tipPosition":[-29.7684,304.423,-88.8764],"tipVelocity":[-14.5158,9.68076,11.6312],"tool":false,"touchDistance":0.379249,"touchZone":"hovering","type":1,"width":19.3428},{"bases":[[[0.900055,-0.43204,-0.0569476],[0.388858,0.737276,0.552461],[-0.196699,-0.51939,0.831591]],[[0.90062,-0.430536,-0.0593525],[0.2287,0.585615,-0.777658],[0.369567,0.6868,0.62588]],[[0.90062,-0.430536,-0.0593525],[-0.25872,-0.421382,-0.869196],[0.34921,0.798171,-0.490893]],[[0.90062,-0.430536,-0.0593525],[-0.393545,-0.749942,-0.531705],[0.184407,0.502222,-0.844848]]],"btipPosition":[-21.8582,228.556,-9.16275],"carpPosition":[-4.37261,257.558,49.1877],"dipPosition":[-18.3929,237.994,-25.0391],"direction":[-0.34921,-0.798171,0.490893],"extended":false,"handId":506,"id":5062,"length":67.0064,"mcpPosition":[9.3507,293.795,-8.8307],"pipPosition":[-8.46259,260.691,-38.9984],"stabilizedTipPosition":[-15.5464,225.181,-21.614],"timeVisible":61.7594,"tipPosition":[-21.0078,231.034,-12.9293],"tipVelocity":[5.00591,4.3336,12.0599],"tool":false,"touchDistance":0.333333,"touchZone":"none","type":2,"width":18.9972},{"bases":[[[0.829407,-0.558105,0.0245648],[0.445701,0.687592,0.573209],[-0.336801,-0.464475,0.819041]],[[0.831418,-0.5553,0.0196364],[0.374161,0.533383,-0.758622],[0.410789,0.638079,0.651235]],[[0.831418,-0.5553,0.0196364],[-0.24234,-0.394189,-0.886502],[0.500015,0.732296,-0.462307]],[[0.831418,-0.5553,0.0196364],[-0.451296,-0.695471,-0.559153],[0.324154,0.456028,-0.828832]]],"btipPosition":[-10.0227,225.146,-3.80221],"carpPosition":[7.14185,253.367,48.3067],"dipPosition":[-3.96623,233.666,-19.2881],"direction":[-0.500015,-0.732296,0.462307],"extended":false,"handId":506,"id":5063,"length":64.4285,"mcpPosition":[28.2391,282.461,-2.998],"pipPosition":[9.88519,253.952,-32.0949],"stabilizedTipPosition":[-3.3674,221.56,-15.8949],"timeVisible":61.7594,"tipPosition":[-8.41818,227.287,-7.29249],"tipVelocity":[4.65652,8.22685,11.4181],"tool":false,"touchDistance":0.333333,"touchZone":"none","type":3,"width":18.077},{"bases":[[[0.699731,-0.713998,0.0241442],[0.53776,0.548661,0.640145],[-0.470309,-0.434945,0.767875]],[[0.727182,-0.686064,-0.0228582],[0.477489,0.529468,-0.70119],[0.493164,0.498978,0.712608]],[[0.727182,-0.686064,-0.0228582],[-0.291314,-0.278279,-0.915258],[0.621565,0.672218,-0.40222]],[[0.727182,-0.686064,-0.0228582],[-0.555193,-0.568232,-0.607349],[0.403692,0.454344,-0.794106]]],"btipPosition":[6.80924,229.236,-2.57522],"carpPosition":[16.0916,242.639,45.5926],"dipPosition":[13.7676,237.068,-16.2631],"direction":[-0.621565,-0.672218,0.40222],"extended":false,"handId":506,"id":5064,"length":50.5107,"mcpPosition":[43.3626,267.859,1.06723],"pipPosition":[25.9247,250.216,-24.13],"stabilizedTipPosition":[13.4813,225.884,-13.4555],"timeVisible":61.7594,"tipPosition":[8.64549,231.217,-5.53285],"tipVelocity":[4.09753,12.5993,12.415],"tool":false,"touchDistance":0.333333,"touchZone":"none","type":4,"width":16.0574}],"r":[[0.901326,-0.371297,0.223046],[0.419735,0.875845,-0.238155],[-0.106928,0.308276,0.945268]],"s":1.22419,"t":[19.065,12.3921,0.707627],"timestamp":97876232813},false],[6,{"currentFrameRate":102.807,"devices":[],"gestures":[],"hands":[{"armBasis":[[0.928373,-0.199852,-0.313341],[0.30113,0.898629,0.31904],[0.217816,-0.390544,0.894445]],"armWidth":63.72,"confidence":0.476013,"direction":[0.257309,0.619997,-0.741212],"elbow":[57.7088,135.831,291.658],"grabStrength":0.11583,"id":506,"palmNormal":[-0.216589,-0.710522,-0.669513],"palmPosition":[4.67886,274.226,6.86983],"palmVelocity":[-5.09412,12.1715,4.701],"palmWidth":90.99,"pinchStrength":0.343563,"r":[[0.902097,-0.369398,0.223084],[0.418014,0.876399,-0.239144],[-0.107172,0.308983,0.94501]],"s":1.22417,"sphereCenter":[-12.426,255.81,-35.3297],"sphereRadius":45.5525,"stabilizedPalmPosition":[10.2229,268.458,-0.769555],"t":[19.0294,12.5013,0.673618],"timeVisible":61.769,"type":"right","wrist":[-1.1015,241.278,50.1576]}],"id":1804961,"interactionBox":{"center":[0,200,0],"size":[235.247,235.247,147.751]},"pointables":[{"bases":[[[0.622888,0.622569,0.473728],[-0.761466,0.343636,0.549621],[0.179387,-0.70308,0.688113]],[[0.58353,0.732606,0.350402],[-0.792814,0.420462,0.441201],[0.175896,-0.535257,0.826172]],[[0.58353,0.732606,0.350402],[-0.72394,0.664785,-0.184318],[-0.367974,-0.146115,0.918284]],[[0.58353,0.732606,0.350402],[-0.809772,0.557504,0.182919],[-0.0613424,-0.390484,0.918564]]],"btipPosition":[-25.9669,281.81,-49.9682],"carpPosition":[-31.1685,240.971,44.0795],"dipPosition":[-27.4025,272.671,-28.4705],"direction":[0.367974,0.146115,-0.918284],"extended":false,"handId":506,"id":5060,"length":52.1164,"mcpPosition":[-31.1685,240.971,44.0795],"pipPosition":[-39.9488,267.69,2.83898],"stabilizedTipPosition":[-21.1857,274.304,-51.9474],"timeVisible":61.769,"tipPosition":[-26.0284,279.112,-45.3357],"tipVelocity":[-10.1912,0.334174,6.36364],"tool":false,"touchDistance":0.377901,"touchZone":"hovering","type":0,"width":20.25},{"bases":[[[0.971577,-0.223987,-0.0766009],[0.228365,0.801615,0.552506],[-0.06235,-0.554295,0.829981]],[[0.965434,-0.113219,-0.234773],[0.146809,0.980468,0.13088],[0.215369,-0.160823,0.963199]],[[0.965434,-0.113219,-0.234773],[0.108347,0.993545,-0.0335894],[0.23706,0.00699133,0.97147]],[[0.965434,-0.113219,-0.234773],[0.0803584,0.986146,-0.145117],[0.24795,0.121235,0.961157]]],"btipPosition":[-31.2165,304.262,-92.7146],"carpPosition":[-16.5846,258.814,49.6309],"dipPosition":[-26.9802,306.334,-76.2927],"direction":[-0.23706,-0.00699133,-0.97147],"extended":true,"handId":506,"id":5061,"length":58.8075,"mcpPosition":[-11.9975,299.593,-11.4305],"pipPosition":[-21.2503,306.503,-52.8118],"stabilizedTipPosition":[-26.2506,301.31,-93.137],"timeVisible":61.769,"tipPosition":[-30.0301,304.144,-89.0191],"tipVelocity":[-18.2711,-3.0812,3.81153],"tool":false,"touchDistance":0.372449,"touchZone":"hovering","type":1,"width":19.3428},{"bases":[[[0.900959,-0.430167,-0.0568221],[0.38791,0.739843,0.54969],[-0.194419,-0.51729,0.833434]],[[0.901568,-0.428533,-0.059451],[0.22611,0.583873,-0.779722],[0.368849,0.68953,0.623297]],[[0.901568,-0.428533,-0.059451],[-0.258932,-0.42438,-0.867672],[0.346597,0.797659,-0.493569]],[[0.901568,-0.428533,-0.059451],[-0.392474,-0.752292,-0.52917],[0.182042,0.500415,-0.846431]]],"btipPosition":[-21.8158,228.545,-9.0993],"carpPosition":[-4.32451,257.777,49.1494],"dipPosition":[-18.3949,237.949,-25.0054],"direction":[-0.346597,-0.797659,0.493569],"extended":false,"handId":506,"id":5062,"length":67.0064,"mcpPosition":[9.23973,293.867,-8.99759],"pipPosition":[-8.53893,260.631,-39.0408],"stabilizedTipPosition":[-15.56,225.195,-21.5921],"timeVisible":61.769,"tipPosition":[-20.9793,231.014,-12.8679],"tipVelocity":[4.52565,2.49646,10.2707],"tool":false,"touchDistance":0.333333,"touchZone":"none","type":2,"width":18.9972},{"bases":[[[0.830706,-0.556143,0.0251688],[0.444892,0.690352,0.570513],[-0.334662,-0.462731,0.820903]],[[0.832634,-0.553448,0.0204051],[0.373234,0.533529,-0.758975],[0.409167,0.639564,0.6508]],[[0.832634,-0.553448,0.0204051],[-0.239659,-0.39328,-0.887634],[0.499284,0.734184,-0.460097]],[[0.832634,-0.553448,0.0204051],[-0.448447,-0.695369,-0.561567],[0.324987,0.458429,-0.827179]]],"btipPosition":[-10.0231,225.115,-4.03222],"carpPosition":[7.19829,253.608,48.266],"dipPosition":[-3.95106,233.68,-19.4872],"direction":[-0.499284,-0.734184,0.460097],"extended":false,"handId":506,"id":5063,"length":64.4285,"mcpPosition":[28.1615,282.594,-3.15537],"pipPosition":[9.88012,254.019,-32.2329],"stabilizedTipPosition":[-3.4034,221.598,-15.8381],"timeVisible":61.769,"tipPosition":[-8.41484,227.277,-7.41845],"tipVelocity":[3.40188,5.21536,1.37394],"tool":false,"touchDistance":0.333333,"touchZone":"none","type":3,"width":18.077},{"bases":[[[0.701384,-0.712331,0.0253965],[0.537355,0.551835,0.637751],[-0.468305,-0.433662,0.769824]],[[0.728685,-0.684506,-0.0216831],[0.475401,0.528367,-0.703436],[0.492963,0.502275,0.710428]],[[0.728685,-0.684506,-0.0216831],[-0.291698,-0.281568,-0.914129],[0.619621,0.672437,-0.404844]],[[0.728685,-0.684506,-0.0216831],[-0.554546,-0.571167,-0.605184],[0.401867,0.453013,-0.79579]]],"btipPosition":[6.84682,229.318,-2.55064],"carpPosition":[16.1688,242.892,45.5727],"dipPosition":[13.7737,237.126,-16.2675],"direction":[-0.619621,-0.672437,0.404844],"extended":false,"handId":506,"id":5064,"length":50.5107,"mcpPosition":[43.3235,268.038,0.934374],"pipPosition":[25.8928,250.278,-24.1858],"stabilizedTipPosition":[13.4459,225.92,-13.401],"timeVisible":61.769,"tipPosition":[8.67446,231.293,-5.51538],"tipVelocity":[3.82506,11.2446,9.35368],"tool":false,"touchDistance":0.333333,"touchZone":"none","type":4,"width":16.0574}],"r":[[0.902097,-0.369398,0.223084],[0.418014,0.876399,-0.239144],[-0.107172,0.308983,0.94501]],"s":1.22417,"