{"sensorType":"Leap","data":[[0,{"currentFrameRate":103.85,"devices":[],"gestures":[],"hands":[{"armBasis":[[0.979488,0.0926611,-0.178932],[0.0122501,0.85897,0.51188],[0.201129,-0.503572,0.840216]],"armWidth":63.72,"confidence":0.503388,"direction":[0.060896,0.295631,-0.953359],"elbow":[62.7988,113.837,279.756],"grabStrength":0,"id":506,"palmNormal":[-0.0272094,-0.954285,-0.297657],"palmPosition":[4.05905,261.979,-0.250679],"palmVelocity":[-29.677,18.4594,35.0062],"palmWidth":90.99,"pinchStrength":0.448344,"r":[[0.963179,0.0096241,0.26869],[0.160748,0.780457,-0.604191],[-0.215516,0.625136,0.750172]],"s":1.29901,"sphereCenter":[-15.8923,249.644,-29.4699],"sphereRadius":49.873,"stabilizedPalmPosition":[4.53271,268.068,-7.17298],"t":[18.6558,0.232971,-6.81458],"timeVisible":56.0881,"type":"right","wrist":[8.49398,249.802,52.8983]}],"id":1804382,"interactionBox":{"center":[0,200,0],"size":[235.247,235.247,147.751]},"pointables":[{"bases":[[[0.437721,0.893494,0.100348],[-0.814599,0.34686,0.464884],[0.380564,-0.285233,0.879667]],[[0.367757,0.928657,-0.0484837],[-0.923616,0.358705,-0.135148],[-0.108114,0.0944818,0.989639]],[[0.367757,0.928657,-0.0484837],[-0.879701,0.330521,-0.341879],[-0.301464,0.16838,0.938492]],[[0.367757,0.928657,-0.0484837],[-0.560941,0.17995,-0.808061],[-0.741687,0.324367,0.5871]]],"btipPosition":[12.5807,221.691,-43.6205],"carpPosition":[-20.4529,239.74,51.5186],"dipPosition":[-4.77746,229.283,-29.8803],"direction":[0.301464,-0.16838,-0.938492],"extended":false,"handId":506,"id":5060,"length":52.1164,"mcpPosition":[-20.4529,239.74,51.5186],"pipPosition":[-15.056,235.024,2.11819],"stabilizedTipPosition":[10.0433,220.672,-42.1535],"timeVisible":56.0881,"tipPosition":[9.28829,223.339,-39.9693],"tipVelocity":[-14.68,32.8007,21.6319],"tool":false,"touchDistance":-0.131553,"touchZone":"touching","type":0,"width":20.25},{"bases":[[[0.993833,0.00619623,-0.110713],[0.0109623,0.988056,0.153702],[0.110343,-0.153968,0.981895]],[[0.988966,-0.0334235,0.144324],[-0.0620349,0.791255,0.608331],[-0.13453,-0.610572,0.780451]],[[0.988966,-0.0334235,0.144324],[-0.0363827,0.889582,0.455324],[-0.143607,-0.45555,0.87855]],[[0.988966,-0.0334235,0.144324],[-0.0113558,0.954247,0.298805],[-0.147708,-0.297146,0.943338]]],"btipPosition":[-7.56531,314.854,-95.5789],"carpPosition":[-11.2218,261.208,47.5412],"dipPosition":[-10.089,309.777,-79.4614],"direction":[0.143607,0.45555,-0.87855],"extended":true,"handId":506,"id":5061,"length":58.8075,"mcpPosition":[-19.3397,272.535,-24.6965],"pipPosition":[-13.56,298.767,-58.2265],"stabilizedTipPosition":[-2.77415,307.426,-99.9992],"timeVisible":56.0881,"tipPosition":[-8.22644,313.68,-91.885],"tipVelocity":[-37.6193,39.7356,48.2295],"tool":false,"touchDistance":0.136788,"touchZone":"hovering","type":1,"width":19.3428},{"bases":[[[0.983076,-0.183193,-0.00160731],[0.181244,0.971259,0.154292],[-0.0267042,-0.151972,0.988024]],[[0.98208,-0.186995,0.0234934],[0.077687,0.288091,-0.954447],[0.171708,0.939168,0.297456]],[[0.98208,-0.186995,0.0234934],[-0.156526,-0.878715,-0.450955],[0.10497,0.439196,-0.892238]],[[0.98208,-0.186995,0.0234934],[-0.188449,-0.972694,0.135475],[-0.00248128,-0.137475,-0.990502]]],"btipPosition":[-8.51411,218.484,6.59144],"carpPosition":[0.837559,263.056,45.8758],"dipPosition":[-8.56074,215.901,-12.0221],"direction":[-0.10497,-0.439196,0.892238],"extended":false,"handId":506,"id":5062,"length":67.0064,"mcpPosition":[2.70066,273.658,-23.0566],"pipPosition":[-5.57576,228.39,-37.3941],"stabilizedTipPosition":[-8.07921,222.288,-1.77214],"timeVisible":56.0881,"tipPosition":[-8.50518,218.059,2.66424],"tipVelocity":[-15.2981,13.294,20.0155],"tool":false,"touchDistance":0.333333,"touchZone":"none","type":2,"width":18.9972},{"bases":[[[0.951952,-0.276253,0.13218],[0.250073,0.95035,0.1852],[-0.176779,-0.143247,0.973771]],[[0.95294,-0.275436,0.126652],[0.201029,0.261406,-0.944063],[0.226921,0.925095,0.304475]],[[0.95294,-0.275436,0.126652],[-0.19078,-0.869525,-0.455555],[0.235603,0.409953,-0.881152]],[[0.95294,-0.275436,0.126652],[-0.290123,-0.949757,0.117428],[0.0879447,-0.148647,-0.984972]]],"btipPosition":[5.80538,220.876,13.3966],"carpPosition":[13.0405,261.815,45.1845],"dipPosition":[7.44854,218.099,-5.00661],"direction":[-0.235603,-0.409953,0.881152],"extended":false,"handId":506,"id":5063,"length":64.4285,"mcpPosition":[24.114,270.788,-15.8125],"pipPosition":[13.9752,229.455,-29.4163],"stabilizedTipPosition":[6.65062,223.774,3.99172],"timeVisible":56.0881,"tipPosition":[6.17501,220.267,9.22463],"tipVelocity":[-16.8189,15.4586,20.868],"tool":false,"touchDistance":0.333333,"touchZone":"none","type":3,"width":18.077},{"bases":[[[0.870601,-0.444178,0.211565],[0.378485,0.879399,0.288803],[-0.31433,-0.171358,0.93372]],[[0.877475,-0.440197,0.190431],[0.338136,0.286189,-0.896527],[0.340149,0.851072,0.39997]],[[0.877475,-0.440197,0.190431],[-0.280723,-0.7933,-0.54025],[0.388885,0.420597,-0.819675]],[[0.877475,-0.440197,0.190431],[-0.450544,-0.892666,0.0125667],[0.16446,-0.0968248,-0.98162]]],"btipPosition":[20.3101,226.753,10.4524],"carpPosition":[24.5519,253.467,45.7851],"dipPosition":[23.1448,225.084,-6.46757],"direction":[-0.388885,-0.420597,0.819675],"extended":false,"handId":506,"id":5064,"length":50.5107,"mcpPosition":[42.7783,263.404,-8.35681],"pipPosition":[30.7509,233.31,-22.4994],"stabilizedTipPosition":[21.7353,229.675,1.14523],"timeVisible":56.0881,"tipPosition":[21.1382,226.278,6.39995],"tipVelocity":[-20.7149,24.1621,32.336],"tool":false,"touchDistance":0.333333,"touchZone":"none","type":4,"width":16.0574}],"r":[[0.963179,0.0096241,0.26869],[0.160748,0.780457,-0.604191],[-0.215516,0.625136,0.750172]],"s":1.29901,"t":[18.6558,0.232971,-6.81458],"timestamp":97870561486},false],[1,{"currentFrameRate":103.821,"devices":[],"gestures":[],"hands":[{"armBasis":[[0.980056,0.0796868,-0.182044],[0.0251827,0.858891,0.511539],[0.197119,-0.505921,0.839755]],"armWidth":63.72,"confidence":0.507514,"direction":[0.0572116,0.295915,-0.9535],"elbow":[61.5508,113.047,279.985],"grabStrength":0,"id":506,"palmNormal":[-0.0395449,-0.953643,-0.298332],"palmPosition":[3.64298,261.923,0.146409],"palmVelocity":[-33.5539,11.37,36.7538],"palmWidth":90.99,"pinchStrength":0.448168,"r":[[0.963263,0.00982397,0.26838],[0.159857,0.782036,-0.602382],[-0.215801,0.623155,0.751736]],"s":1.29905,"sphereCenter":[-16.631,249.826,-28.9381],"sphereRadius":49.8659,"stabilizedPalmPosition":[4.52736,268.031,-7.12896],"t":[18.3069,0.270408,-6.4492],"timeVisible":56.0978,"type":"right","wrist":[8.32868,249.646,53.2509]}],"id":1804383,"interactionBox":{"center":[0,200,0],"size":[235.247,235.247,147.751]},"pointables":[{"bases":[[[0.447957,0.888665,0.098023],[-0.807488,0.355079,0.471044],[0.383794,-0.29016,0.876647]],[[0.377288,0.924729,-0.0503068],[-0.920689,0.368669,-0.128123],[-0.0999328,0.0946563,0.990482]],[[0.377288,0.924729,-0.0503068],[-0.8786,0.340236,-0.335115],[-0.292774,0.170634,0.940833]],[[0.377288,0.924729,-0.0503068],[-0.564998,0.186797,-0.803669],[-0.733779,0.331638,0.592946]]],"btipPosition":[11.4105,221.591,-43.3279],"carpPosition":[-20.7332,239.895,52.0699],"dipPosition":[-5.76252,229.353,-29.4508],"direction":[0.292774,-0.170634,-0.940833],"extended":false,"handId":506,"id":5060,"length":52.1164,"mcpPosition":[-20.7332,239.895,52.0699],"pipPosition":[-15.7448,235.17,2.62748],"stabilizedTipPosition":[9.8341,220.891,-41.9901],"timeVisible":56.0978,"tipPosition":[8.15607,223.271,-39.6557],"tipVelocity":[-44.3962,21.3682,25.0863],"tool":false,"touchDistance":-0.126151,"touchZone":"touching","type":0,"width":20.25},{"bases":[[[0.993023,-0.0043119,-0.117845],[0.0226274,0.987729,0.154529],[0.115733,-0.156117,0.980935]],[[0.989548,-0.0441459,0.137277],[-0.0492397,0.79132,0.609416],[-0.135533,-0.609806,0.780876]],[[0.989548,-0.0441459,0.137277],[-0.0236057,0.889552,0.456224],[-0.142255,-0.454696,0.879213]],[[0.989548,-0.0441459,0.137277],[0.00101638,0.954097,0.299495],[-0.144197,-0.296225,0.94417]]],"btipPosition":[-8.09152,315.003,-95.0518],"carpPosition":[-11.302,261.267,48.0461],"dipPosition":[-10.5552,309.941,-78.9201],"direction":[0.142255,0.454696,-0.879212],"extended":true,"handId":506,"id":5061,"length":58.8075,"mcpPosition":[-19.8164,272.752,-24.1209],"pipPosition":[-13.9936,298.951,-57.6692],"stabilizedTipPosition":[-2.90298,307.566,-99.8097],"timeVisible":56.0978,"tipPosition":[-8.74041,313.837,-91.3521],"tipVelocity":[-42.0813,32.7054,50.1321],"tool":false,"touchDistance":0.145627,"touchZone":"hovering","type":1,"width":19.3428},{"bases":[[[0.981024,-0.193684,-0.00883914],[0.192719,0.969113,0.15388],[-0.021238,-0.152663,0.98805]],[[0.980168,-0.197499,0.0162561],[0.0738839,0.288094,-0.954748],[0.183878,0.937014,0.296973]],[[0.980168,-0.197499,0.0162561],[-0.169157,-0.876591,-0.450526],[0.103228,0.438842,-0.892615]],[[0.980168,-0.197499,0.0162561],[-0.197857,-0.97075,0.136003],[-0.0110798,-0.136522,-0.990575]]],"btipPosition":[-9.3443,218.561,7.04503],"carpPosition":[0.764208,262.988,46.2959],"dipPosition":[-9.55252,215.995,-11.5699],"direction":[-0.103228,-0.438842,0.892615],"extended":false,"handId":506,"id":5062,"length":67.0064,"mcpPosition":[2.24594,273.639,-22.6384],"pipPosition":[-6.61707,228.474,-36.9526],"stabilizedTipPosition":[-8.08491,222.269,-1.75242],"timeVisible":56.0978,"tipPosition":[-9.36872,218.136,3.11087],"tipVelocity":[-36.9859,11.8355,27.8373],"tool":false,"touchDistance":0.333333,"touchZone":"none","type":2,"width":18.9972},{"bases":[[[0.949868,-0.28654,0.125082],[0.261541,0.947438,0.184274],[-0.171309,-0.142322,0.974883]],[[0.950825,-0.285727,0.119544],[0.19703,0.260188,-0.945242],[0.238977,0.922314,0.30369]],[[0.950825,-0.285727,0.119544],[-0.203329,-0.866981,-0.454974],[0.233641,0.408294,-0.882444]],[[0.950825,-0.285727,0.119544],[-0.299409,-0.946721,0.118635],[0.0792778,-0.148593,-0.985715]]],"btipPosition":[5.04782,220.79,13.7429],"carpPosition":[12.948,261.618,45.5158],"dipPosition":[6.52905,218.014,-4.67422],"direction":[-0.233641,-0.408294,0.882444],"extended":false,"handId":506,"id":5063,"length":64.4285,"mcpPosition":[23.6788,270.533,-15.5509],"pipPosition":[13.0014,229.324,-29.1197],"stabilizedTipPosition":[6.64245,223.751,4.02745],"timeVisible":56.0978,"tipPosition":[5.38091,220.181,9.56771],"tipVelocity":[-35.8745,8.34867,25.1176],"tool":false,"touchDistance":0.333333,"touchZone":"none","type":3,"width":18.077},{"bases":[[[0.867298,-0.453665,0.204895],[0.389927,0.875016,0.286885],[-0.309437,-0.168921,0.935796]],[[0.87398,-0.449787,0.183984],[0.334597,0.282401,-0.899052],[0.352425,0.847314,0.397311]],[[0.87398,-0.449787,0.183984],[-0.293354,-0.790146,-0.538157],[0.38743,0.416367,-0.822518]],[[0.87398,-0.449787,0.183984],[-0.460112,-0.887727,0.0154393],[0.156383,-0.0981467,-0.982808]]],"btipPosition":[19.5815,226.53,10.743],"carpPosition":[24.3734,253.147,46.026],"dipPosition":[22.277,224.838,-6.1975],"direction":[-0.38743,-0.416367,0.822518],"extended":false,"handId":506,"id":5064,"length":50.5107,"mcpPosition":[42.3161,262.942,-8.23639],"pipPosition":[29.8547,232.981,-22.285],"stabilizedTipPosition":[21.7243,229.649,1.18643],"timeVisible":56.0978,"tipPosition":[20.3744,226.045,6.67291],"tipVelocity":[-37.6011,10.2036,31.5088],"tool":false,"touchDistance":0.333333,"touchZone":"none","type":4,"width":16.0574}],"r":[[0.963263,0.00982397,0.26838],[0.159857,0.782036,-0.602382],[-0.215801,0.623155,0.751736]],"s":1.29905,"t":[18.3069,0.270408,-6.4492],"timestamp":97870571174},false],[2,{"currentFrameRate":103.77,"devices":[],"gestures":[],"hands":[{"armBasis":[[0.979961,0.068587,-0.187009],[0.0373784,0.858851,0.510861],[0.195651,-0.507614,0.839076]],"armWidth":63.72,"confidence":0.494218,"direction":[0.0548219,0.298921,-0.952702],"elbow":[60.867,112.392,280.246],"grabStrength":0,"id":506,"palmNormal":[-0.0512216,-0.952039,-0.30166],"palmPosition":[3.17907,261.975,0.665654],"palmVelocity":[-37.6946,9.58954,41.6235],"palmWidth":90.99,"pinchStrength":0.445518,"r":[[0.963658,0.00777422,0.267025],[0.160084,0.783413,-0.600531],[-0.213859,0.621453,0.753698]],"s":1.29917,"sphereCenter":[-17.3795,250.206,-28.3372],"sphereRadius":49.8669,"stabilizedPalmPosition":[4.51962,267.996,-7.08422],"t":[17.9005,0.314906,-6.00688],"timeVisible":56.1075,"type":"right","wrist":[8.04123,249.448,53.6959]}],"id":1804384,"interactionBox":{"center":[0,200,0],"size":[235.247,235.247,147.751]},"pointables":[{"bases":[[[0.457775,0.883567,0.0987511],[-0.801014,0.361689,0.477031],[0.385771,-0.297474,0.873321]],[[0.386617,0.920934,-0.0490662],[-0.91752,0.378718,-0.121366],[-0.0931875,0.0919412,0.991394]],[[0.386617,0.920934,-0.0490662],[-0.876955,0.350645,-0.32863],[-0.285442,0.170083,0.943183]],[[0.386617,0.920934,-0.0490662],[-0.567837,0.195786,-0.799518],[-0.726697,0.336969,0.598635]]],"btipPosition":[10.264,221.73,-43.01],"carpPosition":[-21.1273,240.005,52.6466],"dipPosition":[-6.74328,229.617,-28.9998],"direction":[0.285442,-0.170083,-0.943183],"extended":false,"handId":506,"id":5060,"length":52.1164,"mcpPosition":[-21.1273,240.005,52.6466],"pipPosition":[-16.4756,235.416,3.1586],"stabilizedTipPosition":[9.52078,221.13,-41.7919],"timeVisible":56.1075,"tipPosition":[7.04254,223.431,-39.3167],"tipVelocity":[-64.7788,20.1698,28.2315],"tool":false,"touchDistance":-0.120343,"touchZone":"touching","type":0,"width":20.25},{"bases":[[[0.99223,-0.0142196,-0.123603],[0.0338353,0.986845,0.158086],[0.119729,-0.16104,0.979659]],[[0.989802,-0.0549876,0.131409],[-0.0374807,0.789459,0.612658],[-0.137431,-0.611336,0.779347]],[[0.989802,-0.0549876,0.131409],[-0.0116931,0.888017,0.459662],[-0.141969,-0.456511,0.878318]],[[0.989802,-0.0549876,0.131409],[0.0127101,0.952905,0.303004],[-0.141882,-0.298243,0.943886]]],"btipPosition":[-8.54496,315.534,-94.2636],"carpPosition":[-11.4965,261.292,48.6482],"dipPosition":[-10.9691,310.439,-78.1368],"direction":[0.141969,0.456511,-0.878318],"extended":true,"handId":506,"id":5061,"length":58.8075,"mcpPosition":[-20.3049,273.14,-23.4249],"pipPosition":[-14.4005,299.405,-56.9075],"stabilizedTipPosition":[-3.02955,307.705,-99.6207],"timeVisible":56.1075,"tipPosition":[-9.18501,314.362,-90.5647],"tipVelocity":[-43.1315,38.9006,59.1498],"tool":false,"touchDistance":0.158745,"touchZone":"hovering","type":1,"width":19.3428},{"bases":[[[0.97888,-0.203869,-0.0152376],[0.203717,0.966459,0.156384],[-0.0171553,-0.156185,0.987579]],[[0.978125,-0.207781,0.00991729],[0.0710553,0.288924,-0.954712],[0.195505,0.934532,0.297368]],[[0.978125,-0.207781,0.00991729],[-0.181092,-0.874011,-0.450899],[0.102356,0.43924,-0.89252]],[[0.978125,-0.207781,0.00991729],[-0.2072,-0.968956,0.134875],[-0.018415,-0.13398,-0.990813]]],"btipPosition":[-10.2144,218.773,7.5994],"carpPosition":[0.576759,262.894,46.8346],"dipPosition":[-10.5604,216.256,-11.02],"direction":[-0.102356,-0.43924,0.89252],"extended":false,"handId":506,"id":5062,"length":67.0064,"mcpPosition":[1.77365,273.791,-22.0668],"pipPosition":[-7.64978,228.746,-36.4],"stabilizedTipPosition":[-8.09638,222.248,-1.7261],"timeVisible":56.1075,"tipPosition":[-10.2701,218.335,3.60007],"tipVelocity":[-53.315,15.0995,36.3494],"tool":false,"touchDistance":0.333333,"touchZone":"none","type":2,"width":18.9972},{"bases":[[[0.947525,-0.296903,0.118514],[0.272482,0.943953,0.186298],[-0.167184,-0.144229,0.975319]],[[0.94846,-0.296079,0.112969],[0.194301,0.26171,-0.945386],[0.250344,0.918611,0.305749]],[[0.94846,-0.296079,0.112969],[-0.214989,-0.863078,-0.457029],[0.232818,0.409186,-0.882249]],[[0.94846,-0.296079,0.112969],[-0.308598,-0.943991,0.116824],[0.0720527,-0.145665,-0.986707]]],"btipPosition":[4.23224,220.778,14.0999],"carpPosition":[12.7409,261.4,45.979],"dipPosition":[5.57847,218.056,-4.33575],"direction":[-0.232818,-0.409186,0.882249],"extended":false,"handId":506,"id":5063,"length":64.4285,"mcpPosition":[23.2132,270.435,-15.115],"pipPosition":[12.028,229.391,-28.7758],"stabilizedTipPosition":[6.62671,223.724,4.07116],"timeVisible":56.1075,"tipPosition":[4.5349,220.181,9.9205],"tipVelocity":[-50.8681,5.90973,28.3815],"tool":false,"touchDistance":0.333333,"touchZone":"none","type":3,"width":18.077},{"bases":[[[0.863673,-0.46346,0.198178],[0.400692,0.869807,0.287893],[-0.305804,-0.169237,0.936933]],[[0.870205,-0.459616,0.177471],[0.332229,0.281411,-0.90024],[0.363822,0.842355,0.397583]],[[0.870205,-0.459616,0.177471],[-0.304935,-0.785361,-0.538723],[0.386985,0.414683,-0.823578]],[[0.870205,-0.459616,0.177471],[-0.469394,-0.882859,0.0151749],[0.149707,-0.0965091,-0.984009]]],"btipPosition":[18.7981,226.39,11.0743],"carpPosition":[24.0799,252.809,46.3914],"dipPosition":[21.3785,224.726,-5.88684],"direction":[-0.386985,-0.414683,0.823578],"extended":false,"handId":506,"id":5064,"length":50.5107,"mcpPosition":[41.8119,262.622,-7.93684],"pipPosition":[28.9475,232.837,-21.995],"stabilizedTipPosition":[21.7052,229.619,1.23544],"timeVisible":56.1075,"tipPosition":[19.5613,225.91,6.9888],"tipVelocity":[-50.9806,3.19136,32.111],"tool":false,"touchDistance":0.333333,"touchZone":"none","type":4,"width":16.0574}],"r":[[0.963658,0.00777422,0.267025],[0.160084,0.783413,-0.600531],[-0.213859,0.621453,0.753698]],"s":1.29917,"t":[17.9005,0.314906,-6.00688],"timestamp":97870580905},false],[3,{"currentFrameRate":103.856,"devices":[],"gestures":[],"hands":[{"armBasis":[[0.979829,0.0590231,-0.190924],[0.0488984,0.855535,0.515431],[0.193765,-0.51437,0.835391]],"armWidth":63.72,"confidence":0.470755,"direction":[0.0570933,0.302759,-0.951356],"elbow":[59.3341,110.71,280.297],"grabStrength":0,"id":506,"palmNormal":[-0.063631,-0.949869,-0.306105],"palmPosition":[2.23088,262.43,1.77876],"palmVelocity":[-55.5928,20.6174,63.3876],"palmWidth":90.99,"pinchStrength":0.443132,"r":[[0.964068,0.00346467,0.265633],[0.162046,0.784676,-0.598352],[-0.210509,0.619896,0.75592]],"s":1.2993,"sphereCenter":[-18.5077,251.06,-27.239],"sphereRadius":49.8646,"stabilizedPalmPosition":[4.50677,267.965,-7.03446],"t":[17.2232,0.564715,-5.22917],"timeVisible":56.117,"type":"right","wrist":[7.01757,249.589,54.7409]}],"id":1804385,"interactionBox":{"center":[0,200,0],"size":[235.247,235.247,147.751]},"pointables":[{"bases":[[[0.468978,0.877275,0.102218],[-0.795672,0.369422,0.480034],[0.38336,-0.306458,0.871274]],[[0.39805,0.916243,-0.0453372],[-0.912895,0.390755,-0.118039],[-0.0904364,0.0883734,0.991973]],[[0.39805,0.916243,-0.0453372],[-0.873038,0.363177,-0.325432],[-0.28171,0.169119,0.944478]],[[0.39805,0.916243,-0.0453372],[-0.566772,0.206765,-0.797508],[-0.721337,0.343143,0.601603]]],"btipPosition":[8.73258,222.31,-42.1055],"carpPosition":[-22.2687,240.519,53.6936],"dipPosition":[-8.14929,230.341,-28.0259],"direction":[0.28171,-0.169119,-0.944478],"extended":false,"handId":506,"id":5060,"length":52.1164,"mcpPosition":[-22.2687,240.519,53.6936],"pipPosition":[-17.7543,236.107,4.17669],"stabilizedTipPosition":[9.04855,221.436,-41.4962],"timeVisible":56.117,"tipPosition":[5.53271,224.035,-38.4027],"tipVelocity":[-91.6968,32.9509,48.0025],"tool":false,"touchDistance":-0.105002,"touchZone":"touching","type":0,"width":20.25},{"bases":[[[0.991781,-0.0260709,-0.125265],[0.0464605,0.985577,0.162726],[0.119215,-0.167208,0.978687]],[[0.989233,-0.0680276,0.129581],[-0.0266358,0.786931,0.616465],[-0.143908,-0.613279,0.776646]],[[0.989233,-0.0680276,0.129581],[0.000165181,0.885923,0.463833],[-0.146352,-0.458817,0.876395]],[[0.989233,-0.0680276,0.129581],[0.0251526,0.951256,0.307375],[-0.144174,-0.300806,0.942724]]],"btipPosition":[-8.96509,316.581,-92.877],"carpPosition":[-12.3778,261.702,49.7811],"dipPosition":[-11.4284,311.442,-76.77],"direction":[0.146352,0.458817,-0.876395],"extended":true,"handId":506,"id":5061,"length":58.8075,"mcpPosition":[-21.1484,274.004,-22.2206],"pipPosition":[-14.9658,300.352,-55.5872],"stabilizedTipPosition":[-3.14846,307.846,-99.4296],"timeVisible":56.117,"tipPosition":[-9.61417,315.401,-89.1818],"tipVelocity":[-43.7602,59.132,84.0333],"tool":false,"touchDistance":0.18178,"touchZone":"hovering","type":1,"width":19.3428},{"bases":[[[0.976219,-0.216054,-0.0177818],[0.21607,0.96307,0.160653],[-0.0175847,-0.160675,0.986851]],[[0.975452,-0.220085,0.00741801],[0.072859,0.290767,-0.954016],[0.207808,0.931137,0.299664]],[[0.975452,-0.220085,0.00741801],[-0.19293,-0.870363,-0.45304],[0.106164,0.440488,-0.891459]],[[0.975452,-0.220085,0.00741801],[-0.219125,-0.966751,0.13182],[-0.0218404,-0.13021,-0.991246]]],"btipPosition":[-11.6863,219.411,8.63855],"carpPosition":[-0.288197,263.161,47.9557],"dipPosition":[-12.0967,216.964,-9.98894],"direction":[-0.106164,-0.440488,0.891459],"extended":false,"handId":506,"id":5062,"length":67.0064,"mcpPosition":[0.938651,274.371,-20.8949],"pipPosition":[-9.07778,229.49,-35.3388],"stabilizedTipPosition":[-8.12112,222.225,-1.68528],"timeVisible":56.117,"tipPosition":[-11.7579,218.966,4.58153],"tipVelocity":[-83.0377,30.565,57.3299],"tool":false,"touchDistance":0.333333,"touchZone":"none","type":2,"width":18.9972},{"bases":[[[0.943907,-0.309325,0.115575],[0.284594,0.93956,0.190349],[-0.16747,-0.14678,0.97489]],[[0.944844,-0.308485,0.110029],[0.196102,0.26377,-0.944441],[0.262324,0.913927,0.309716]],[[0.944844,-0.308485,0.110029],[-0.226511,-0.85812,-0.460786],[0.236564,0.410448,-0.880664]],[[0.944844,-0.308485,0.110029],[-0.320237,-0.940595,0.112827],[0.0686878,-0.141839,-0.987504]]],"btipPosition":[2.78797,221.159,15.015],"carpPosition":[11.8549,261.519,47.0734],"dipPosition":[4.07134,218.509,-3.43551],"direction":[-0.236564,-0.410448,0.880664],"extended":false,"handId":506,"id":5063,"length":64.4285,"mcpPosition":[22.3452,270.713,-13.9937],"pipPosition":[10.6246,229.879,-27.8317],"stabilizedTipPosition":[6.59427,223.695,4.13249],"timeVisible":56.117,"tipPosition":[3.07659,220.579,10.8323],"tipVelocity":[-80.4445,16.257,47.8446],"tool":false,"touchDistance":0.333333,"touchZone":"none","type":3,"width":18.077},{"bases":[[[0.858095,-0.475196,0.194581],[0.41202,0.863328,0.291384],[-0.306452,-0.169864,0.936607]],[[0.86463,-0.471344,0.173925],[0.334397,0.281539,-0.899397],[0.374958,0.835805,0.401043]],[[0.86463,-0.471344,0.173925],[-0.31555,-0.778857,-0.542042],[0.390951,0.413784,-0.822156]],[[0.86463,-0.471344,0.173925],[-0.480408,-0.876968,0.0116253],[0.147048,-0.0936069,-0.98469]]],"btipPosition":[17.4161,226.6,11.99],"carpPosition":[23.0858,252.784,47.4267],"dipPosition":[19.9507,224.987,-4.98287],"direction":[-0.390951,-0.413784,0.822156],"extended":false,"handId":506,"id":5064,"length":50.5107,"mcpPosition":[40.8555,262.634,-6.88268],"pipPosition":[27.5973,233.08,-21.0632],"stabilizedTipPosition":[21.67,229.587,1.30048],"timeVisible":56.117,"tipPosition":[18.1666,226.132,7.90368],"tipVelocity":[-78.5205,9.00641,50.5448],"tool":false,"touchDistance":0.333333,"touchZone":"none","type":4,"width":16.0574}],"r":[[0.964068,0.00346467,0.265633],[0.162046,0.784676,-0.598352],[-0.210509,0.619896,0.75592]],"s":1.2993,"t":[17.2232,0.564715,-5.22917],"timestamp":97870590373},false],[4,{"currentFrameRate":103.843,"devices":[],"gestures":[],"hands":[{"armBasis":[[0.977498,0.0516851,-0.204514],[0.0638272,0.851603,0.520288],[0.201056,-0.521634,0.829141]],"armWidth":63.72,"confidence":0.475322,"direction":[0.0585189,0.308776,-0.949333],"elbow":[60.3224,109.029,279.744],"grabStrength":0,"id":506,"palmNormal":[-0.0791967,-0.946529,-0.312746],"palmPosition":[1.2695,263.167,3.02463],"palmVelocity":[-68.4076,36.8676,82.5164],"palmWidth":90.99,"pinchStrength":0.441052,"r":[[0.96456,-0.00331432,0.263841],[0.165613,0.786037,-0.595582],[-0.205415,0.61817,0.758729]],"s":1.29944,"sphereCenter":[-19.7294,252.329,-25.9958],"sphereRadius":49.8628,"stabilizedPalmPosition":[4.48698,267.935,-6.97298],"t":[16.4039,1.05841,-4.21738],"timeVisible":56.1266,"type":"right","wrist":[6.03731,249.87,55.8755]}],"id":1804386,"interactionBox":{"center":[0,200,0],"size":[235.247,235.247,147.751]},"pointables":[{"bases":[[[0.482696,0.869235,0.106931],[-0.788303,0.378033,0.485458],[0.381554,-0.318623,0.867696]],[[0.41186,0.910363,-0.0401219],[-0.90721,0.405498,-0.111987],[-0.0856792,0.0825218,0.992899]],[[0.41186,0.910363,-0.0401219],[-0.868509,0.378837,-0.319646],[-0.275795,0.166496,0.946687]],[[0.41186,0.910363,-0.0401219],[-0.566413,0.221265,-0.793862],[-0.713826,0.349686,0.606772]]],"btipPosition":[6.9986,223.276,-41.1772],"carpPosition":[-23.3878,241.256,54.8645],"dipPosition":[-9.70749,231.46,-26.9765],"direction":[0.275795,-0.166496,-0.946687],"extended":false,"handId":506,"id":5060,"length":52.1164,"mcpPosition":[-23.3878,241.256,54.8645],"pipPosition":[-19.1109,237.136,5.30134],"stabilizedTipPosition":[8.29335,221.913,-41.0367],"timeVisible":56.1266,"tipPosition":[3.83231,225.023,-37.4546],"tipVelocity":[-116.088,53.5426,62.8712],"tool":false,"touchDistance":-0.0912635,"touchZone":"touching","type":0,"width":20.25},{"bases":[[[0.990838,-0.0403143,-0.128898],[0.0620924,0.983539,0.16969],[0.119936,-0.176139,0.977031]],[[0.988503,-0.0840869,0.125666],[-0.0125247,0.782712,0.622257],[-0.150684,-0.616677,0.77266]],[[0.988503,-0.0840869,0.125666],[0.0152995,0.882462,0.470134],[-0.150428,-0.462806,0.873603]],[[0.988503,-0.0840869,0.125666],[0.0407799,0.948568,0.313936],[-0.145601,-0.305202,0.941091]]],"btipPosition":[-9.41319,318.167,-91.1987],"carpPosition":[-13.1869,262.314,51.0709],"dipPosition":[-11.9009,312.952,-75.1196],"direction":[0.150428,0.462806,-0.873603],"extended":true,"handId":506,"id":5061,"length":58.8075,"mcpPosition":[-22.0105,275.272,-20.8089],"pipPosition":[-15.5368,301.766,-54.0042],"stabilizedTipPosition":[-3.27294,308.012,-99.2124],"timeVisible":56.1266,"tipPosition":[-10.0676,316.973,-87.5091],"tipVelocity":[-44.703,89.2332,110.004],"tool":false,"touchDistance":0.209645,"touchZone":"hovering","type":1,"width":19.3428},{"bases":[[[0.972732,-0.230816,-0.0227394],[0.231329,0.958459,0.166865],[-0.0167203,-0.167575,0.985718]],[[0.971986,-0.235027,0.00248747],[0.0737705,0.295005,-0.952644],[0.223164,0.926139,0.304078]],[[0.971986,-0.235027,0.00248747],[-0.207925,-0.864739,-0.457159],[0.109596,0.443835,-0.889382]],[[0.971986,-0.235027,0.00248747],[-0.233442,-0.964088,0.126649],[-0.0273678,-0.123682,-0.991944]]],"btipPosition":[-13.2749,220.355,9.71735],"carpPosition":[-1.08261,263.601,49.2142],"dipPosition":[-13.7892,218.031,-8.92327],"direction":[-0.109596,-0.443835,0.889382],"extended":false,"handId":506,"id":5062,"length":67.0064,"mcpPosition":[0.0839291,275.292,-19.5574],"pipPosition":[-10.6726,230.652,-34.2141],"stabilizedTipPosition":[-8.17433,222.201,-1.61346],"timeVisible":56.1266,"tipPosition":[-13.3711,219.919,5.61039],"tipVelocity":[-107.504,50.9951,73.0906],"tool":false,"touchDistance":0.333333,"touchZone":"none","type":2,"width":18.9972},{"bases":[[[0.939444,-0.324551,0.110051],[0.299585,0.933688,0.196151],[-0.166415,-0.151304,0.974378]],[[0.940376,-0.323685,0.104504],[0.196933,0.26762,-0.943184],[0.277327,0.907528,0.315408]],[[0.940376,-0.323685,0.104504],[-0.241173,-0.851175,-0.466193],[0.239851,0.413194,-0.878489]],[[0.940376,-0.323685,0.104504],[-0.334218,-0.936388,0.10713],[0.0631797,-0.13567,-0.988738]]],"btipPosition":[1.23937,221.798,15.9598],"carpPosition":[11.0308,261.779,48.2777],"dipPosition":[2.41982,219.263,-2.51373],"direction":[-0.239851,-0.413194,0.878489],"extended":false,"handId":506,"id":5063,"length":64.4285,"mcpPosition":[21.455,271.257,-12.7573],"pipPosition":[9.06417,230.709,-26.8496],"stabilizedTipPosition":[6.5292,223.663,4.2295],"timeVisible":56.1266,"tipPosition":[1.50493,221.243,11.772],"tipVelocity":[-104.454,31.5857,62.2573],"tool":false,"touchDistance":0.333333,"touchZone":"none","type":3,"width":18.077},{"bases":[[[0.851369,-0.489663,0.188152],[0.426168,0.854782,0.296189],[-0.305862,-0.171981,0.936414]],[[0.857878,-0.48577,0.167551],[0.335704,0.282962,-0.898463],[0.389035,0.827019,0.405821]],[[0.857878,-0.48577,0.167551],[-0.329205,-0.769933,-0.546651],[0.394549,0.413801,-0.820426]],[[0.857878,-0.48577,0.167551],[-0.493734,-0.869586,0.00683513],[0.14238,-0.0885894,-0.98584]]],"btipPosition":[15.9362,227.035,12.9204],"carpPosition":[22.1278,252.871,48.5288],"dipPosition":[18.3904,225.508,-4.07232],"direction":[-0.394549,-0.413801,0.820426],"extended":false,"handId":506,"id":5064,"length":50.5107,"mcpPosition":[39.8633,262.844,-5.76937],"pipPosition":[26.1073,233.601,-20.1189],"stabilizedTipPosition":[21.6061,229.551,1.39571],"timeVisible":56.1266,"tipPosition":[16.6654,226.587,8.83111],"tipVelocity":[-100.859,20.0825,63.7565],"tool":false,"touchDistance":0.333333,"touchZone":"none","type":4,"width":16.0574}],"r":[[0.96456,-0.00331432,0.263841],[0.165613,0.786037,-0.595582],[-0.205415,0.61817,0.758729]],"s":1.29944,"t":[16.4039,1.05841,-4.21738],"timestamp":97870600027},false],[5,{"currentFrameRate":103.878,"devices":[],"gestures":[],"hands":[{"armBasis":[[0.976186,0.0513618,-0.210767],[0.0716872,0.840611,0.536874],[0.204748,-0.539198,0.816911]],"armWidth":63.72,"confidence":0.476373,"direction":[0.062568,0.30733,-0.949544],"elbow":[60.1722,105.679,278.64],"grabStrength":0,"id":506,"palmNormal":[-0.0899239,-0.945802,-0.312044],"palmPosition":[0.303597,264.572,5.21042],"palmVelocity":[-77.8326,68.6747,124.732],"palmWidth":90.99,"pinchStrength":0.438732,"r":[[0.964873,-0.0109136,0.26249],[0.17035,0.786619,-0.593474],[-0.200003,0.617342,0.760847]],"s":1.29966,"sphereCenter":[-20.799,253.961,-23.8029],"sphereRadius":49.8681,"stabilizedPalmPosition":[4.4588,267.913,-6.89091],"t":[15.5112,2.00772,-2.6186],"timeVisible":56.1362,"type":"right","wrist":[4.89026,251.263,58.0742]}],"id":1804387,"interactionBox":{"center":[0,200,0],"size":[235.247,235.247,147.751]},"pointables":[{"bases":[[[0.492615,0.863705,0.106506],[-0.784153,0.387467,0.48474],[0.377405,-0.322307,0.868149]],[[0.422319,0.905536,-0.0406467],[-0.902435,0.415812,-0.112746],[-0.0851943,0.0842958,0.992792]],[[0.422319,0.905536,-0.0406467],[-0.863963,0.388553,-0.320303],[-0.274252,0.170387,0.946443]],[[0.422319,0.905536,-0.0406467],[-0.563592,0.227196,-0.794195],[-0.709937,0.358312,0.606302]]],"btipPosition":[5.58707,224.584,-38.9627],"carpPosition":[-24.6315,242.987,57.0543],"dipPosition":[-11.028,232.97,-24.773],"direction":[0.274252,-0.170387,-0.946443],"extended":false,"handId":506,"id":5060,"length":52.1164,"mcpPosition":[-24.6315,242.987,57.0543],"pipPosition":[-20.3788,238.779,7.4965],"stabilizedTipPosition":[7.32369,222.596,-40.2438],"timeVisible":56.1362,"tipPosition":[2.4337,226.372,-35.2467],"tipVelocity":[-124.57,79.0108,111.555],"tool":false,"touchDistance":-0.0543972,"touchZone":"touching","type":0,"width":20.25},{"bases":[[[0.990376,-0.0518201,-0.128337],[0.0733219,0.982894,0.16895],[0.117387,-0.176734,0.977233]],[[0.987402,-0.0953619,0.126264],[-0.0038482,0.783272,0.621667],[-0.158182,-0.614321,0.773038]],[[0.987402,-0.0953619,0.126264],[0.0252232,0.88264,0.469372],[-0.156206,-0.460274,0.873926]],[[0.987402,-0.0953619,0.126264],[0.0515631,0.948347,0.313016],[-0.149592,-0.302562,0.941317]]],"btipPosition":[-9.69567,319.613,-89.0627],"carpPosition":[-14.1869,263.923,53.2496],"dipPosition":[-12.2515,314.443,-72.9798],"direction":[0.156206,0.460274,-0.873926],"extended":true,"handId":506,"id":5061,"length":58.8075,"mcpPosition":[-22.823,276.925,-18.645],"pipPosition":[-16.0271,303.318,-51.8566],"stabilizedTipPosition":[-3.39549,308.194,-98.9704],"timeVisible":56.1362,"tipPosition":[-10.3651,318.431,-85.372],"tipVelocity":[-40.7972,107.455,142.797],"tool":false,"touchDistance":0.245259,"touchZone":"hovering","type":1,"width":19.3428},{"bases":[[[0.970022,-0.242016,-0.0220385],[0.242261,0.955864,0.166235],[-0.0191658,-0.166591,0.98584]],[[0.969212,-0.246207,0.00324095],[0.0772731,0.291641,-0.953402],[0.233789,0.924298,0.301687]],[[0.969212,-0.246207,0.00324095],[-0.217826,-0.863474,-0.454934],[0.114806,0.440221,-0.89052]],[[0.969212,-0.246207,0.00324095],[-0.244572,-0.961086,0.128447],[-0.0285098,-0.125285,-0.991711]]],"btipPosition":[-14.7281,221.976,12.0362],"carpPosition":[-2.06762,265.069,51.3983],"dipPosition":[-15.2639,219.622,-6.60001],"direction":[-0.114806,-0.440221,0.890519],"extended":false,"handId":506,"id":5062,"length":67.0064,"mcpPosition":[-0.730458,276.692,-17.3818],"pipPosition":[-11.9992,232.14,-31.9232],"stabilizedTipPosition":[-8.26769,222.19,-1.48254],"timeVisible":56.1362,"tipPosition":[-14.8319,221.515,7.8802],"tipVelocity":[-120.51,85.0564,122.083],"tool":false,"touchDistance":0.333333,"touchZone":"none","type":2,"width":18.9972},{"bases":[[[0.935588,-0.335257,0.110808],[0.310211,0.930333,0.195577],[-0.168657,-0.148606,0.974408]],[[0.936533,-0.334406,0.105256],[0.200493,0.264591,-0.943289],[0.287591,0.904524,0.314844]],[[0.936533,-0.334406,0.105256],[-0.250712,-0.84871,-0.465655],[0.24505,0.409712,-0.878685]],[[0.936533,-0.334406,0.105256],[-0.34503,-0.932393,0.107687],[0.0621292,-0.137169,-0.988597]]],"btipPosition":[-0.209433,223.216,18.178],"carpPosition":[10.0245,263.108,50.4698],"dipPosition":[0.951389,220.653,-0.292902],"direction":[-0.24505,-0.409712,0.878685],"extended":false,"handId":506,"id":5063,"length":64.4285,"mcpPosition":[20.5892,272.417,-10.5671],"pipPosition":[7.73975,232.003,-24.6342],"stabilizedTipPosition":[6.42203,223.646,4.39013],"timeVisible":56.1362,"tipPosition":[0.0518698,222.655,13.9907],"tipVelocity":[-118.194,65.1252,111.325],"tool":false,"touchDistance":0.333333,"touchZone":"none","type":3,"width":18.077},{"bases":[[[0.845576,-0.499282,0.188992],[0.435825,0.850054,0.295744],[-0.308313,-0.167707,0.936385]],[[0.852116,-0.495495,0.16847],[0.338344,0.275976,-0.899645],[0.399276,0.823603,0.402811]],[[0.852116,-0.495495,0.16847],[-0.338794,-0.767612,-0.54405],[0.398894,0.406517,-0.821965]],[[0.852116,-0.495495,0.16847],[-0.503951,-0.863688,0.00873265],[0.141179,-0.0923419,-0.985668]]],"btipPosition":[14.5423,228.316,15.2606],"carpPosition":[21.0181,254.073,50.7338],"dipPosition":[16.9758,226.725,-1.72915],"direction":[-0.398894,-0.406517,0.821965],"extended":false,"handId":506,"id":5064,"length":50.5107,"mcpPosition":[38.8957,263.797,-3.56272],"pipPosition":[24.7777,234.676,-17.8058],"stabilizedTipPosition":[21.5114,229.528,1.54075],"timeVisible":56.1362,"tipPosition":[15.2615,227.846,11.1359],"tipVelocity":[-113.988,52.5639,116.08],"tool":false,"touchDistance":0.333333,"touchZone":"none","type":4,"width":16.0574}],"r":[[0.964873,-0.0109136,0.26249],[0.17035,0.786619,-0.593474],[-0.200003,0.617342,0.760847]],"s":1.29966,"t":[15.5112,2.00772,-2.6186],"timestamp":97870609588},false],[6,{"currentFrameRate":103.739,"devices":[],"gestures":[],"hands":[{"armBasis":[[0.97601,0.0473857,-0.212505],[0.0794479,0.831215,0.550245],[0.202711,-0.553928,0.80751]],"armWidth":63.72,"confidence":0.476426,"direction":[0.0628735,0.306501,-0.949792],"elbow":[58.7728,103.438,277.682],"grabStrength":0,"id":506,"palmNormal":[-0.0994724,-0.945011,-0.311543],"palmPosition":[-0.563444,266.336,6.79967],"palmVelocity":[-80.73,101.249,135.378],"palmWidth":90.99,"pinchStrength":0.436678,"r":[[0.965189,-0.0187578,0.260879],[0.175279,0.786703,-0.591926],[-0.194131,0.617047,0.762605]],"s":1.29988,"sphereCenter":[-21.8365,255.919,-22.1473],"sphereRadius":49.8702,"stabilizedPalmPosition":[4.41481,267.899,-6.77098],"t":[14.6314,3.36436,-1.02457],"timeVisible":56.1461,"type":"right","wrist":[4.04089,252.998,59.6548]}],"id":1804388,"interactionBox":{"center":[0,200,0],"size":[235.247,235.247,147.751]},"pointables":[{"bases":[[[0.500841,0.859152,0.104957],[-0.779254,0.394805,0.486715],[0.376725,-0.325555,0.867232]],[[0.430527,0.901598,-0.0420481],[-0.89887,0.424075,-0.11042],[-0.0817228,0.0853346,0.992995]],[[0.430527,0.901598,-0.0420481],[-0.861232,0.396421,-0.31801],[-0.270049,0.173125,0.947154]],[[0.430527,0.901598,-0.0420481],[-0.563758,0.232238,-0.792617],[-0.704857,0.364948,0.608268]]],"btipPosition":[4.22451,226.291,-37.3818],"carpPosition":[-25.5586,244.995,58.7156],"dipPosition":[-12.2717,234.832,-23.1461],"direction":[0.270049,-0.173125,-0.947154],"extended":false,"handId":506,"id":5060,"length":52.1164,"mcpPosition":[-25.5586,244.995,58.7156],"pipPosition":[-21.4791,240.735,9.14768],"stabilizedTipPosition":[6.06249,223.632,-39.1211],"timeVisible":56.1461,"tipPosition":[1.09222,228.11,-33.6615],"tipVelocity":[-127.631,107.883,126.189],"tool":false,"touchDistance":-0.0303162,"touchZone":"touching","type":0,"width":20.25},{"bases":[[[0.989511,-0.0609845,-0.130955],[0.0828326,0.982218,0.168483],[0.118351,-0.177563,0.976967]],[[0.98681,-0.104436,0.123688],[0.00499318,0.783337,0.621578],[-0.161804,-0.612762,0.773526]],[[0.98681,-0.104436,0.123688],[0.0345983,0.882474,0.469088],[-0.158141,-0.458621,0.874447]],[[0.98681,-0.104436,0.123688],[0.0611493,0.947937,0.312532],[-0.149888,-0.300847,0.94182]]],"btipPosition":[-10.3037,321.447,-87.4575],"carpPosition":[-14.9315,265.833,54.8774],"dipPosition":[-12.8647,316.307,-71.3659],"direction":[0.158141,0.458621,-0.874447],"extended":true,"handId":506,"id":5061,"length":58.8075,"mcpPosition":[-23.6385,278.896,-16.9976],"pipPosition":[-16.687,305.222,-50.2302],"stabilizedTipPosition":[-3.54085,308.428,-98.6754],"timeVisible":56.1461,"tipPosition":[-10.974,320.271,-83.7662],"tipVelocity":[-46.9663,130.812,148.608],"tool":false,"touchDistance":0.272046,"touchZone":"hovering","type":1,"width":19.3428},{"bases":[[[0.967687,-0.250958,-0.0245495],[0.251507,0.953631,0.165326],[-0.0180787,-0.166158,0.985933]],[[0.966903,-0.255142,0.000777125],[0.0770635,0.289139,-0.95418],[0.243227,0.92266,0.299231]],[[0.966903,-0.255142,0.000777125],[-0.227168,-0.862268,-0.452647],[0.116159,0.43749,-0.891689]],[[0.966903,-0.255142,0.000777125],[-0.253062,-0.958623,0.130393],[-0.0325237,-0.126274,-0.991462]]],"btipPosition":[-15.9614,223.919,13.7719],"carpPosition":[-2.8071,266.867,52.9936],"dipPosition":[-16.5726,221.546,-4.85965],"direction":[-0.116159,-0.43749,0.891689],"extended":false,"handId":506,"id":5062,"length":67.0064,"mcpPosition":[-1.54578,278.459,-15.793],"pipPosition":[-13.2694,233.987,-30.2161],"stabilizedTipPosition":[-8.42618,222.214,-1.26063],"timeVisible":56.1461,"tipPosition":[-16.0849,223.438,9.5743],"tipVelocity":[-122.236,117.994,137.95],"tool":false,"touchDistance":0.333333,"touchZone":"none","type":2,"width":18.9972},{"bases":[[[0.932747,-0.343844,0.108414],[0.319297,0.927481,0.194495],[-0.167427,-0.146799,0.974894]],[[0.933687,-0.343002,0.102855],[0.200411,0.262496,-0.943892],[0.296758,0.901912,0.31383]],[[0.933687,-0.343002,0.102855],[-0.259767,-0.846478,-0.464753],[0.246476,0.407215,-0.879446]],[[0.933687,-0.343002,0.102855],[-0.353326,-0.929145,0.108861],[0.058228,-0.137983,-0.988721]]],"btipPosition":[-1.42321,224.989,19.78],"carpPosition":[9.26395,264.794,52.0335],"dipPosition":[-0.335274,222.411,1.30673],"direction":[-0.246476,-0.407215,0.879446],"extended":false,"handId":506,"id":5063,"length":64.4285,"mcpPosition":[19.7516,273.989,-9.03389],"pipPosition":[6.4926,233.692,-23.0557],"stabilizedTipPosition":[6.24995,223.663,4.64256],"timeVisible":56.1461,"tipPosition":[-1.17828,224.425,15.592],"tipVelocity":[-120.006,98.9413,126.325],"tool":false,"touchDistance":0.333333,"touchZone":"none","type":3,"width":18.077},{"bases":[[[0.841436,-0.507012,0.186882],[0.444431,0.846073,0.29435],[-0.307355,-0.16462,0.937248]],[[0.84792,-0.503312,0.166457],[0.338394,0.272175,-0.900783],[0.40807,0.82012,0.4011]],[[0.84792,-0.503312,0.166457],[-0.347426,-0.764759,-0.542622],[0.400408,0.402268,-0.823319]],[[0.84792,-0.503312,0.166457],[-0.511924,-0.858967,0.0104685],[0.137712,-0.0940899,-0.985993]]],"btipPosition":[13.3622,229.958,16.8401],"carpPosition":[20.1744,255.658,52.2707],"dipPosition":[15.7359,228.337,-0.155242],"direction":[-0.400408,-0.402268,0.823319],"extended":false,"handId":506,"id":5064,"length":50.5107,"mcpPosition":[37.9964,265.203,-2.07578],"pipPosition":[23.5674,236.205,-16.2584],"stabilizedTipPosition":[21.3698,229.529,1.7529],"timeVisible":56.1461,"tipPosition":[14.0645,229.48,12.7114],"tipVelocity":[-115.948,86.0649,128.969],"tool":false,"touchDistance":0.333333,"touchZone":"none","type":4,"width":16.0574}],"r":[[0.965189,-0.0187578,0.260879],[0.175279,0.786703,-0.591926],[-0.194131,0.617047,0.762605]],"s":1.29988,"t":[14.6314,3.36436,-1