{"sensorType":"Leap","data":[[0,{"currentFrameRate":96.1511,"devices":[],"gestures":[],"hands":[{"armBasis":[[0.963013,0.0884553,-0.254523],[0.058311,0.853788,0.517345],[0.263071,-0.513051,0.817051]],"armWidth":63.72,"confidence":0.415923,"direction":[0.162528,0.668956,-0.725316],"elbow":[68.9474,119.574,255.727],"grabStrength":0,"id":506,"palmNormal":[-0.0254732,-0.732,-0.680829],"palmPosition":[-0.934107,292.044,-7.76152],"palmVelocity":[7.41196,-16.2328,16.3912],"palmWidth":90.99,"pinchStrength":0.119496,"r":[[0.965192,-0.108935,0.237776],[0.125579,0.990504,-0.0559639],[-0.229422,0.0838756,0.969706]],"s":1.26761,"sphereCenter":[-25.7068,277.984,-51.5745],"sphereRadius":51.4334,"stabilizedPalmPosition":[-0.988366,293.123,-9.21073],"t":[13.2444,30.6025,-14.1237],"timeVisible":10.7813,"type":"right","wrist":[-2.08169,258.098,35.1237]}],"id":1799803,"interactionBox":{"center":[0,200,0],"size":[235.247,235.247,147.751]},"pointables":[{"bases":[[[0.451413,0.733294,0.508435],[-0.845866,0.170214,0.505508],[0.284143,-0.658261,0.697105]],[[0.444635,0.748508,0.491971],[-0.826554,0.131245,0.547343],[0.345122,-0.650008,0.677038]],[[0.444635,0.748508,0.491971],[-0.850559,0.525019,-0.030068],[-0.2808,-0.405081,0.870092]],[[0.444635,0.748508,0.491971],[-0.571168,0.660028,-0.487986],[-0.689976,-0.0640222,0.720995]]],"btipPosition":[-22.5383,299.341,-52.9894],"carpPosition":[-31.0326,251.585,27.3469],"dipPosition":[-38.6862,297.843,-36.1155],"direction":[0.2808,0.405081,-0.870092],"extended":false,"handId":506,"id":5060,"length":52.1164,"mcpPosition":[-31.0326,251.585,27.3469],"pipPosition":[-48.2603,284.032,-6.44921],"stabilizedTipPosition":[-26.5727,300.469,-51.2489],"timeVisible":10.7813,"tipPosition":[-26.5817,299.118,-49.4397],"tipVelocity":[9.71931,-22.3098,32.0341],"tool":false,"touchDistance":-0.14928,"touchZone":"touching","type":0,"width":20.25},{"bases":[[[0.999661,-0.0149778,-0.0212988],[0.0243913,0.824942,0.564691],[0.00911245,-0.565019,0.825027]],[[0.98333,0.082013,-0.162285],[-0.00157689,0.896316,0.443412],[0.181824,-0.435765,0.881504]],[[0.98333,0.082013,-0.162285],[-0.0288818,0.951621,0.305913],[0.179522,-0.296126,0.938126]],[[0.98333,0.082013,-0.162285],[-0.0493164,0.979342,0.196103],[0.175015,-0.184831,0.967061]]],"btipPosition":[-36.6513,342.62,-104.046],"carpPosition":[-20.8399,272.014,33.7203],"dipPosition":[-33.6611,339.462,-87.5231],"direction":[-0.179522,0.296126,-0.938126],"extended":true,"handId":506,"id":5061,"length":58.8075,"mcpPosition":[-21.5103,313.583,-26.9767],"pipPosition":[-29.3219,332.304,-64.8482],"stabilizedTipPosition":[-35.7476,342.437,-100.951],"timeVisible":10.7813,"tipPosition":[-35.9132,341.205,-100.445],"tipVelocity":[-6.24943,-16.2682,19.931],"tool":false,"touchDistance":-0.146488,"touchZone":"touching","type":1,"width":19.3428},{"bases":[[[0.972798,-0.231588,-0.00559069],[0.193239,0.797928,0.570937],[-0.127761,-0.556487,0.820975]],[[0.974278,-0.224811,-0.0155624],[0.134349,0.634905,-0.76082],[0.180921,0.739159,0.648777]],[[0.974278,-0.224811,-0.0155624],[-0.10673,-0.399513,-0.910493],[0.198472,0.888735,-0.413231]],[[0.974278,-0.224811,-0.0155624],[-0.185337,-0.76009,-0.622827],[0.12819,0.609691,-0.782205]]],"btipPosition":[-16.4867,240.037,-28.163],"carpPosition":[-8.62709,273.569,33.9361],"dipPosition":[-14.0778,251.494,-42.8622],"direction":[-0.198472,-0.888735,0.413231],"extended":false,"handId":506,"id":5062,"length":67.0064,"mcpPosition":[0.286545,312.394,-23.3417],"pipPosition":[-8.43394,276.766,-54.613],"stabilizedTipPosition":[-13.988,244.28,-35.8853],"timeVisible":10.7813,"tipPosition":[-15.9237,242.613,-31.7025],"tipVelocity":[-2.53804,-15.7975,24.7856],"tool":false,"touchDistance":0.333333,"touchZone":"none","type":2,"width":18.9972},{"bases":[[[0.92604,-0.370443,0.0722598],[0.258076,0.761197,0.594959],[-0.275402,-0.532307,0.800502]],[[0.929964,-0.362628,0.0605586],[0.285961,0.609929,-0.739063],[0.231068,0.704619,0.670909]],[[0.929964,-0.362628,0.0605586],[-0.088762,-0.381301,-0.92018],[0.356774,0.850359,-0.386784]],[[0.929964,-0.362628,0.0605586],[-0.241692,-0.727128,-0.642549],[0.27704,0.582911,-0.763848]]],"btipPosition":[-4.58844,239.327,-21.4247],"carpPosition":[3.54396,271.913,33.7083],"dipPosition":[0.587777,250.218,-35.6964],"direction":[-0.356774,-0.850359,0.386784],"extended":false,"handId":506,"id":5063,"length":64.4285,"mcpPosition":[20.7952,305.257,-16.4351],"pipPosition":[10.4711,273.775,-46.4111],"stabilizedTipPosition":[-1.69566,243.411,-30.1127],"timeVisible":10.7813,"tipPosition":[-3.46119,241.774,-25.1191],"tipVelocity":[-0.651817,-15.0238,37.1155],"tool":false,"touchDistance":0.333333,"touchZone":"none","type":3,"width":18.077},{"bases":[[[0.832485,-0.550208,0.0651192],[0.373615,0.644275,0.667324],[-0.409121,-0.531208,0.741915]],[[0.82731,-0.556799,0.0743799],[0.452068,0.581323,-0.676534],[0.333455,0.593328,0.732646]],[[0.82731,-0.556799,0.0743799],[-0.105721,-0.284372,-0.952867],[0.551707,0.780453,-0.29413]],[[0.82731,-0.556799,0.0743799],[-0.342922,-0.605466,-0.718203],[0.444929,0.56867,-0.691847]]],"btipPosition":[8.16746,248.098,-19.72],"carpPosition":[14.695,263.342,31.5278],"dipPosition":[15.8366,257.9,-31.6453],"direction":[-0.551707,-0.780453,0.29413],"extended":false,"handId":506,"id":5064,"length":50.5107,"mcpPosition":[38.418,294.144,-11.4923],"pipPosition":[26.6273,273.165,-37.3981],"stabilizedTipPosition":[11.2577,252.139,-25.8433],"timeVisible":10.7813,"tipPosition":[9.96934,250.39,-22.4646],"tipVelocity":[0.256222,-19.0575,22.0187],"tool":false,"touchDistance":0.333333,"touchZone":"none","type":4,"width":16.0574}],"r":[[0.965192,-0.108935,0.237776],[0.125579,0.990504,-0.0559639],[-0.229422,0.0838756,0.969706]],"s":1.26761,"t":[13.2444,30.6025,-14.1237],"timestamp":97825254746},true],[1,{"currentFrameRate":96.5418,"devices":[],"gestures":[],"hands":[{"armBasis":[[0.963753,0.0977889,-0.248229],[0.0463431,0.854903,0.516714],[0.26274,-0.509489,0.819383]],"armWidth":63.72,"confidence":0.3146,"direction":[0.159799,0.670401,-0.724588],"elbow":[69.1111,119.054,256.94],"grabStrength":0,"id":506,"palmNormal":[-0.0136984,-0.732444,-0.68069],"palmPosition":[-0.782885,290.559,-7.18431],"palmVelocity":[9.83862,-56.4253,29.0944],"palmWidth":90.99,"pinchStrength":0.114333,"r":[[0.965431,-0.1073,0.237551],[0.124125,0.990628,-0.0569952],[-0.229209,0.0845108,0.969702]],"s":1.26792,"sphereCenter":[-25.405,276.311,-51.1591],"sphereRadius":51.564,"stabilizedPalmPosition":[-0.975043,292.957,-9.07933],"t":[13.3883,29.7729,-13.7691],"timeVisible":10.7909,"type":"right","wrist":[-1.82877,256.616,35.7062]}],"id":1799804,"interactionBox":{"center":[0,200,0],"size":[235.247,235.247,147.751]},"pointables":[{"bases":[[[0.440622,0.73817,0.510839],[-0.850613,0.161454,0.50039],[0.286896,-0.65501,0.699037]],[[0.435221,0.750201,0.497776],[-0.829592,0.11935,0.545465],[0.349799,-0.650349,0.674305]],[[0.435221,0.750201,0.497776],[-0.855673,0.51662,-0.0304601],[-0.280012,-0.412676,0.866771]],[[0.435221,0.750201,0.497776],[-0.569695,0.657596,-0.492966],[-0.697159,-0.0690313,0.713585]]],"btipPosition":[-22.2605,297.945,-52.1538],"carpPosition":[-30.6626,249.796,27.7594],"dipPosition":[-38.5765,296.33,-35.4534],"direction":[0.280012,0.412676,-0.866771],"extended":false,"handId":506,"id":5060,"length":52.1164,"mcpPosition":[-30.6626,249.796,27.7594],"pipPosition":[-48.1237,282.259,-5.90031],"stabilizedTipPosition":[-26.5315,300.256,-51.0328],"timeVisible":10.7909,"tipPosition":[-26.2731,297.558,-48.7367],"tipVelocity":[14.136,-58.8545,46.8167],"tool":false,"touchDistance":-0.136019,"touchZone":"touching","type":0,"width":20.25},{"bases":[[[0.999873,-0.00445241,-0.0153307],[0.0123307,0.825332,0.564513],[0.0101395,-0.56463,0.825282]],[[0.983271,0.092598,-0.156858],[-0.0133158,0.895382,0.445099],[0.181663,-0.435564,0.881636]],[[0.983271,0.092598,-0.156858],[-0.0406346,0.950953,0.306656],[0.17756,-0.295152,0.938807]],[[0.983271,0.092598,-0.156858],[-0.0609094,0.97872,0.195954],[0.171665,-0.183122,0.967986]]],"btipPosition":[-36.4992,340.849,-103.637],"carpPosition":[-20.7239,270.334,34.1856],"dipPosition":[-33.5662,337.72,-87.0985],"direction":[-0.17756,0.295152,-0.938807],"extended":true,"handId":506,"id":5061,"length":58.8075,"mcpPosition":[-21.4698,311.873,-26.53],"pipPosition":[-29.2745,330.586,-64.4072],"stabilizedTipPosition":[-35.7593,342.086,-100.781],"timeVisible":10.7909,"tipPosition":[-35.7533,339.431,-100.043],"tipVelocity":[-0.244627,-64.8727,26.629],"tool":false,"touchDistance":-0.139616,"touchZone":"touching","type":1,"width":19.3428},{"bases":[[[0.975199,-0.221328,0.000299312],[0.181413,0.800101,0.571776],[-0.12679,-0.557541,0.82041]],[[0.97666,-0.214574,-0.00961599],[0.132316,0.636314,-0.759998],[0.169195,0.740988,0.649854]],[[0.97666,-0.214574,-0.00961599],[-0.0970572,-0.400945,-0.910946],[0.19161,0.890619,-0.412413]],[[0.97666,-0.214574,-0.00961599],[-0.173638,-0.762399,-0.623376],[0.126429,0.610496,-0.781863]]],"btipPosition":[-15.6635,238.401,-27.6676],"carpPosition":[-8.52955,272.017,34.4737],"dipPosition":[-13.2876,249.874,-42.3603],"direction":[-0.19161,-0.890619,0.412413],"extended":false,"handId":506,"id":5062,"length":67.0064,"mcpPosition":[0.31631,310.915,-22.7646],"pipPosition":[-7.83893,275.2,-54.0879],"stabilizedTipPosition":[-14.0009,244.243,-35.83],"timeVisible":10.7909,"tipPosition":[-15.1072,240.976,-31.1985],"tipVelocity":[22.8424,-60.5453,32.6349],"tool":false,"touchDistance":0.333333,"touchZone":"none","type":2,"width":18.9972},{"bases":[[[0.929443,-0.360644,0.0779224],[0.246489,0.764063,0.596198],[-0.274553,-0.534925,0.799047]],[[0.933369,-0.352762,0.0661981],[0.28402,0.613158,-0.737136],[0.219444,0.706821,0.672494]],[[0.933369,-0.352762,0.0661981],[-0.0791262,-0.382137,-0.920712],[0.350089,0.854126,-0.384587]],[[0.933369,-0.352762,0.0661981],[-0.23015,-0.729764,-0.643798],[0.275416,0.585665,-0.762327]]],"btipPosition":[-3.7913,237.813,-20.8828],"carpPosition":[3.65941,270.489,34.3191],"dipPosition":[1.35457,248.755,-35.1261],"direction":[-0.350089,-0.854126,0.384587],"extended":false,"handId":506,"id":5063,"length":64.4285,"mcpPosition":[20.8574,303.997,-15.7332],"pipPosition":[11.0527,272.416,-45.78],"stabilizedTipPosition":[-1.70085,243.393,-30.0788],"timeVisible":10.7909,"tipPosition":[-2.66985,240.268,-24.5477],"tipVelocity":[23.414,-56.0769,42.9559],"tool":false,"touchDistance":0.333333,"touchZone":"none","type":3,"width":18.077},{"bases":[[[0.837831,-0.541386,0.0702923],[0.36282,0.648387,0.669295],[-0.407924,-0.535253,0.739664]],[[0.832621,-0.548091,0.0796117],[0.450133,0.585932,-0.673843],[0.32268,0.596892,0.734573]],[[0.832621,-0.548091,0.0796117],[-0.0971929,-0.286111,-0.953254],[0.545248,0.785962,-0.291493]],[[0.832621,-0.548091,0.0796117],[-0.332554,-0.609701,-0.719495],[0.442888,0.572591,-0.68992]]],"btipPosition":[8.85841,246.725,-19.0618],"carpPosition":[14.913,262.036,32.2084],"dipPosition":[16.4924,256.594,-30.9538],"direction":[-0.545248,-0.785962,0.291493],"extended":false,"handId":506,"id":5064,"length":50.5107,"mcpPosition":[38.5665,293.072,-10.6811],"pipPosition":[27.1568,271.967,-36.6551],"stabilizedTipPosition":[11.2476,252.089,-25.7799],"timeVisible":10.7909,"tipPosition":[10.649,249.026,-21.8015],"tipVelocity":[20.8171,-54.5813,35.7739],"tool":false,"touchDistance":0.333333,"touchZone":"none","type":4,"width":16.0574}],"r":[[0.965431,-0.1073,0.237551],[0.124125,0.990628,-0.0569952],[-0.229209,0.0845108,0.969702]],"s":1.26792,"t":[13.3883,29.7729,-13.7691],"timestamp":97825264314},true],[2,{"currentFrameRate":96.7878,"devices":[],"gestures":[],"hands":[{"armBasis":[[0.963244,0.105331,-0.247117],[0.0393032,0.85476,0.517534],[0.265738,-0.508224,0.819202]],"armWidth":63.72,"confidence":0.322817,"direction":[0.159461,0.67425,-0.721082],"elbow":[70.1551,118.146,257.654],"grabStrength":0,"id":506,"palmNormal":[-0.00604524,-0.729748,-0.68369],"palmPosition":[-0.534536,289.487,-6.27878],"palmVelocity":[14.3985,-71.957,47.7262],"palmWidth":90.99,"pinchStrength":0.106681,"r":[[0.965507,-0.105058,0.238243],[0.121863,0.990915,-0.0568996],[-0.230101,0.08397,0.969537]],"s":1.26876,"sphereCenter":[-25.1682,275.382,-50.4592],"sphereRadius":51.7244,"stabilizedPalmPosition":[-0.941659,292.694,-8.86709],"t":[13.5844,28.8225,-13.1391],"timeVisible":10.8007,"type":"right","wrist":[-1.59426,255.366,36.4691]}],"id":1799805,"interactionBox":{"center":[0,200,0],"size":[235.247,235.247,147.751]},"pointables":[{"bases":[[[0.433764,0.73865,0.51599],[-0.85401,0.154466,0.496798],[0.287257,-0.656153,0.697816]],[[0.429999,0.747104,0.50689],[-0.831059,0.10817,0.545564],[0.352763,-0.655847,0.6674]],[[0.429999,0.747104,0.50689],[-0.858654,0.511892,-0.0260724],[-0.278951,-0.424032,0.861617]],[[0.429999,0.747104,0.50689],[-0.566592,0.660427,-0.492757],[-0.702904,-0.075314,0.707286]]],"btipPosition":[-21.9955,297.368,-50.8938],"carpPosition":[-30.348,248.41,28.3516],"dipPosition":[-38.446,295.606,-34.3407],"direction":[0.278951,0.424032,-0.861617],"extended":false,"handId":506,"id":5060,"length":52.1164,"mcpPosition":[-30.348,248.41,28.3516],"pipPosition":[-47.9571,281.148,-4.96339],"stabilizedTipPosition":[-26.4768,300.017,-50.7459],"timeVisible":10.8007,"tipPosition":[-25.9382,296.796,-47.5973],"tipVelocity":[16.9926,-59.8229,69.8506],"tool":false,"touchDistance":-0.115583,"touchZone":"touching","type":0,"width":20.25},{"bases":[[[0.999945,0.00143627,-0.0103746],[0.00470963,0.823097,0.567882],[0.00935495,-0.5679,0.823045]],[[0.983351,0.0993478,-0.152151],[-0.020305,0.892143,0.451297],[0.180576,-0.440694,0.879307]],[[0.983351,0.0993478,-0.152151],[-0.047557,0.948831,0.312183],[0.175381,-0.29975,0.937759]],[[0.983351,0.0993478,-0.152151],[-0.0676844,0.977312,0.200697],[0.168638,-0.187057,0.967766]]],"btipPosition":[-36.128,340.134,-102.619],"carpPosition":[-20.5615,268.979,34.9098],"dipPosition":[-33.2467,336.938,-86.0844],"direction":[-0.175381,0.29975,-0.937759],"extended":true,"handId":506,"id":5061,"length":58.8075,"mcpPosition":[-21.2497,310.759,-25.6413],"pipPosition":[-29.0077,329.692,-63.4184],"stabilizedTipPosition":[-35.7123,341.656,-100.467],"timeVisible":10.8007,"tipPosition":[-35.3719,338.683,-99.0451],"tipVelocity":[10.6369,-67.6592,49.3446],"tool":false,"touchDistance":-0.122665,"touchZone":"touching","type":1,"width":19.3428},{"bases":[[[0.976463,-0.215641,0.0042601],[0.173899,0.798822,0.575884],[-0.127588,-0.561589,0.81752]],[[0.977927,-0.208872,-0.00557233],[0.132472,0.64041,-0.756523],[0.161585,0.739086,0.653944]],[[0.977927,-0.208872,-0.00557233],[-0.0901775,-0.397849,-0.913008],[0.188485,0.893358,-0.407903]],[[0.977927,-0.208872,-0.00557233],[-0.166125,-0.761063,-0.627046],[0.126731,0.614131,-0.778963]]],"btipPosition":[-15.0071,237.344,-27.0542],"carpPosition":[-8.3788,270.732,35.2653],"dipPosition":[-12.6255,248.885,-41.6925],"direction":[-0.188485,-0.893358,0.407903],"extended":false,"handId":506,"id":5062,"length":67.0064,"mcpPosition":[0.52273,309.913,-21.7715],"pipPosition":[-7.26572,274.289,-53.2918],"stabilizedTipPosition":[-14.0081,244.177,-35.7457],"timeVisible":10.8007,"tipPosition":[-14.4491,239.931,-30.566],"tipVelocity":[35.8693,-73.9504,41.8063],"tool":false,"touchDistance":0.333333,"touchZone":"none","type":2,"width":18.9972},{"bases":[[[0.931139,-0.355534,0.0810937],[0.239062,0.763065,0.600484],[-0.275373,-0.539748,0.795514]],[[0.935109,-0.347515,0.0693223],[0.284376,0.619209,-0.731922],[0.211429,0.70414,0.677853]],[[0.935109,-0.347515,0.0693223],[-0.0716005,-0.376884,-0.923489],[0.347053,0.858599,-0.377309]],[[0.935109,-0.347515,0.0693223],[-0.222193,-0.727398,-0.649248],[0.276048,0.591714,-0.757411]]],"btipPosition":[-3.14944,236.785,-20.3483],"carpPosition":[3.81951,269.276,35.1652],"dipPosition":[2.00824,247.84,-34.4998],"direction":[-0.347053,-0.858599,0.377309],"extended":false,"handId":506,"id":5063,"length":64.4285,"mcpPosition":[21.0688,303.086,-14.6658],"pipPosition":[11.6223,271.625,-44.952],"stabilizedTipPosition":[-1.70308,243.359,-30.0238],"timeVisible":10.8007,"tipPosition":[-2.02653,239.267,-23.919],"tipVelocity":[35.8766,-69.6292,46.9604],"tool":false,"touchDistance":0.333333,"touchZone":"none","type":3,"width":18.077},{"bases":[[[0.840624,-0.536775,0.0722811],[0.355704,0.647773,0.673694],[-0.408444,-0.540613,0.735467]],[[0.835273,-0.543719,0.0817829],[0.450051,0.590634,-0.66978],[0.315868,0.596256,0.738042]],[[0.835273,-0.543719,0.0817829],[-0.091837,-0.284612,-0.954234],[0.542112,0.789535,-0.287662]],[[0.835273,-0.543719,0.0817829],[-0.326513,-0.610174,-0.721857],[0.442389,0.576244,-0.687193]]],"btipPosition":[9.41903,245.786,-18.1949],"carpPosition":[15.1326,260.897,33.0765],"dipPosition":[17.0444,255.719,-30.0399],"direction":[-0.542112,-0.789535,0.287662],"extended":false,"handId":506,"id":5064,"length":50.5107,"mcpPosition":[38.8163,292.244,-9.56969],"pipPosition":[27.6475,271.161,-35.6663],"stabilizedTipPosition":[11.2463,252.016,-25.6915],"timeVisible":10.8007,"tipPosition":[11.2082,248.093,-20.9552],"tipVelocity":[31.4629,-66.2205,51.5913],"tool":false,"touchDistance":0.333333,"touchZone":"none","type":4,"width":16.0574}],"r":[[0.965507,-0.105058,0.238243],[0.121863,0.990915,-0.0568996],[-0.230101,0.08397,0.969537]],"s":1.26876,"t":[13.5844,28.8225,-13.1391],"timestamp":97825274150},true],[3,{"currentFrameRate":97.038,"devices":[],"gestures":[],"hands":[{"armBasis":[[0.96353,0.111218,-0.243394],[0.0319612,0.855203,0.517307],[0.265685,-0.50622,0.820459]],"armWidth":63.72,"confidence":0.335967,"direction":[0.157812,0.672749,-0.722845],"elbow":[70.4125,118.535,258.445],"grabStrength":0,"id":506,"palmNormal":[0.000632353,-0.732086,-0.681212],"palmPosition":[-0.325277,289.196,-5.93976],"palmVelocity":[16.449,-59.5008,43.8496],"palmWidth":90.99,"pinchStrength":0.0998421,"r":[[0.965528,-0.101938,0.23951],[0.118897,0.991245,-0.0574197],[-0.23156,0.0839173,0.969194]],"s":1.26985,"sphereCenter":[-24.9934,274.875,-50.1813],"sphereRadius":51.8625,"stabilizedPalmPosition":[-0.89175,292.411,-8.63007],"t":[13.7871,28.2015,-12.6545],"timeVisible":10.8105,"type":"right","wrist":[-1.32261,255.214,36.9206]}],"id":1799806,"interactionBox":{"center":[0,200,0],"size":[235.247,235.247,147.751]},"pointables":[{"bases":[[[0.427583,0.742998,0.514905],[-0.85658,0.150999,0.493427],[0.288865,-0.652038,0.701002]],[[0.425273,0.748159,0.509314],[-0.831827,0.10134,0.545705],[0.356661,-0.655735,0.665436]],[[0.425273,0.748159,0.509314],[-0.861678,0.506837,-0.0250274],[-0.276864,-0.428221,0.860217]],[[0.425273,0.748159,0.509314],[-0.565092,0.659065,-0.49629],[-0.706975,-0.0767505,0.703061]]],"btipPosition":[-21.8247,297.186,-50.2694],"carpPosition":[-30.0066,248.057,28.7313],"dipPosition":[-38.3704,295.39,-33.8153],"direction":[0.276864,0.428221,-0.860217],"extended":false,"handId":506,"id":5060,"length":52.1164,"mcpPosition":[-30.0066,248.057,28.7313],"pipPosition":[-47.8103,280.79,-4.48564],"stabilizedTipPosition":[-26.4219,299.806,-50.4693],"timeVisible":10.8105,"tipPosition":[-25.7102,296.486,-47.0602],"tipVelocity":[16.4625,-47.8814,67.35],"tool":false,"touchDistance":-0.105556,"touchZone":"touching","type":0,"width":20.25},{"bases":[[[0.999948,0.00742945,-0.00705606],[-0.00214239,0.825032,0.565082],[0.0100197,-0.565038,0.825004]],[[0.983121,0.105117,-0.149746],[-0.0268463,0.892497,0.450253],[0.180977,-0.438633,0.880255]],[[0.983121,0.105117,-0.149746],[-0.0542983,0.949234,0.30985],[0.174714,-0.29649,0.938919]],[[0.983121,0.105117,-0.149746],[-0.074477,0.977524,0.19723],[0.167112,-0.182749,0.968853]]],"btipPosition":[-35.9565,339.41,-102.509],"carpPosition":[-20.3661,268.707,35.2518],"dipPosition":[-33.1013,336.288,-85.9554],"direction":[-0.174714,0.29649,-0.938919],"extended":true,"handId":506,"id":5061,"length":58.8075,"mcpPosition":[-21.1032,310.277,-25.4435],"pipPosition":[-28.8784,329.121,-63.2613],"stabilizedTipPosition":[-35.6407,341.142,-100.16],"timeVisible":10.8105,"tipPosition":[-35.1866,337.973,-98.9373],"tipVelocity":[12.4798,-68.966,38.2395],"tool":false,"touchDistance":-0.120753,"touchZone":"touching","type":1,"width":19.3428},{"bases":[[[0.977724,-0.209735,0.00824123],[0.167162,0.801805,0.57373],[-0.126939,-0.559572,0.819003]],[[0.979173,-0.203021,-0.0015647],[0.131251,0.63887,-0.758036],[0.154897,0.742043,0.652211]],[[0.979173,-0.203021,-0.0015647],[-0.0847072,-0.401517,-0.911926],[0.184511,0.893066,-0.410352]],[[0.979173,-0.203021,-0.0015647],[-0.159478,-0.764353,-0.624764],[0.125644,0.612002,-0.780812]]],"btipPosition":[-14.4132,236.912,-26.5933],"carpPosition":[-8.19542,270.535,35.6418],"dipPosition":[-12.0521,248.413,-41.2663],"direction":[-0.184511,-0.893066,0.410352],"extended":false,"handId":506,"id":5062,"length":67.0064,"mcpPosition":[0.660861,309.575,-21.4984],"pipPosition":[-6.80521,273.808,-52.9353],"stabilizedTipPosition":[-14.0054,244.089,-35.6357],"timeVisible":10.8105,"tipPosition":[-13.8596,239.484,-30.1065],"tipVelocity":[43.0219,-65.4243,43.1044],"tool":false,"touchDistance":0.333333,"touchZone":"none","type":2,"width":18.9972},{"bases":[[[0.932985,-0.349637,0.0854007],[0.232457,0.766525,0.598668],[-0.274778,-0.538696,0.796431]],[[0.937,-0.341521,0.0734499],[0.283205,0.619558,-0.732081],[0.204515,0.706761,0.677246]],[[0.937,-0.341521,0.0734499],[-0.0656159,-0.378583,-0.923239],[0.343112,0.860255,-0.377141]],[[0.937,-0.341521,0.0734499],[-0.21512,-0.729776,-0.648961],[0.275236,0.592275,-0.757268]]],"btipPosition":[-2.56122,236.421,-19.964],"carpPosition":[4.01169,269.152,35.5872],"dipPosition":[2.58128,247.487,-34.1128],"direction":[-0.343112,-0.860255,0.377141],"extended":false,"handId":506,"id":5063,"length":64.4285,"mcpPosition":[21.2238,302.896,-14.3013],"pipPosition":[12.0862,271.318,-44.5604],"stabilizedTipPosition":[-1.69944,243.31,-29.9476],"timeVisible":10.8105,"tipPosition":[-1.44302,238.91,-23.4722],"tipVelocity":[42.8919,-59.954,44.6904],"tool":false,"touchDistance":0.333333,"touchZone":"none","type":3,"width":18.077},{"bases":[[[0.843592,-0.531449,0.0769058],[0.349545,0.652188,0.672658],[-0.407641,-0.540567,0.735946]],[[0.838177,-0.538488,0.0865443],[0.448825,0.590868,-0.670396],[0.309864,0.600754,0.736939]],[[0.838177,-0.538488,0.0865443],[-0.0872779,-0.289067,-0.953322],[0.53837,0.791499,-0.289287]],[[0.838177,-0.538488,0.0865443],[-0.320849,-0.615157,-0.720165],[0.441039,0.575858,-0.688384]]],"btipPosition":[9.93055,245.53,-17.6432],"carpPosition":[15.3819,260.834,33.5647],"dipPosition":[17.5326,255.456,-29.5087],"direction":[-0.53837,-0.791499,0.289287],"extended":false,"handId":506,"id":5064,"length":50.5107,"mcpPosition":[39.019,292.179,-9.10926],"pipPosition":[28.0625,270.937,-35.1668],"stabilizedTipPosition":[11.2545,251.936,-25.5897],"timeVisible":10.8105,"tipPosition":[11.7139,247.831,-20.4181],"tipVelocity":[37.4155,-54.4437,52.8354],"tool":false,"touchDistance":0.333333,"touchZone":"none","type":4,"width":16.0574}],"r":[[0.965528,-0.101938,0.23951],[0.118897,0.991245,-0.0574197],[-0.23156,0.0839173,0.969194]],"s":1.26985,"t":[13.7871,28.2015,-12.6545],"timestamp":97825283952},true],[4,{"currentFrameRate":97.2559,"devices":[],"gestures":[],"hands":[{"armBasis":[[0.964051,0.112183,-0.240873],[0.0298272,0.855089,0.517623],[0.264037,-0.506199,0.821004]],"armWidth":63.72,"confidence":0.345158,"direction":[0.157884,0.672874,-0.722712],"elbow":[70.0344,118.473,258.783],"grabStrength":0,"id":506,"palmNormal":[0.00275338,-0.732189,-0.681096],"palmPosition":[-0.245072,289.124,-5.75177],"palmVelocity":[13.9906,-44.0523,36.5193],"palmWidth":90.99,"pinchStrength":0.0977115,"r":[[0.965494,-0.0991441,0.240814],[0.116243,0.991536,-0.0578342],[-0.233042,0.0838316,0.968847]],"s":1.2708,"sphereCenter":[-24.9528,274.804,-50.0346],"sphereRadius":51.9245,"stabilizedPalmPosition":[-0.838577,292.14,-8.3934],"t":[13.9285,27.8549,-12.3183],"timeVisible":10.8204,"type":"right","wrist":[-1.25557,255.147,37.1123]}],"id":1799807,"interactionBox":{"center":[0,200,0],"size":[235.247,235.247,147.751]},"pointables":[{"bases":[[[0.425694,0.743719,0.515429],[-0.857545,0.149787,0.492119],[0.288793,-0.651495,0.701536]],[[0.423964,0.747593,0.511234],[-0.83214,0.0987348,0.545706],[0.357489,-0.656778,0.663961]],[[0.423964,0.747593,0.511234],[-0.862384,0.505671,-0.024287],[-0.276673,-0.430583,0.859098]],[[0.423964,0.747593,0.511234],[-0.563299,0.659673,-0.497518],[-0.709189,-0.0770481,0.700796]]],"btipPosition":[-21.7306,297.215,-49.9547],"carpPosition":[-29.9165,247.946,28.8812],"dipPosition":[-38.3282,295.411,-33.5536],"direction":[0.276673,0.430583,-0.859098],"extended":false,"handId":506,"id":5060,"length":52.1164,"mcpPosition":[-29.9165,247.946,28.8812],"pipPosition":[-47.7615,280.73,-4.26212],"stabilizedTipPosition":[-26.374,299.641,-50.2342],"timeVisible":10.8204,"tipPosition":[-25.6024,296.481,-46.7698],"tipVelocity":[14.0586,-32.9035,56.5046],"tool":false,"touchDistance":-0.100514,"touchZone":"touching","type":0,"width":20.25},{"bases":[[[0.999945,0.00893121,-0.00555883],[-0.00422904,0.825115,0.56495],[0.00963236,-0.564895,0.825107]],[[0.983126,0.106751,-0.148551],[-0.0286312,0.891855,0.451415],[0.180675,-0.439544,0.879862]],[[0.983126,0.106751,-0.148551],[-0.0562073,0.949065,0.310026],[0.174081,-0.296445,0.939051]],[[0.983126,0.106751,-0.148551],[-0.0764493,0.977517,0.196509],[0.166189,-0.181836,0.969184]]],"btipPosition":[-35.8347,339.326,-102.347],"carpPosition":[-20.3168,268.611,35.4129],"dipPosition":[-32.9953,336.219,-85.7881],"direction":[-0.174081,0.296445,-0.939051],"extended":true,"handId":506,"id":5061,"length":58.8075,"mcpPosition":[-21.0254,310.17,-25.2899],"pipPosition":[-28.7877,329.054,-63.0909],"stabilizedTipPosition":[-35.5579,340.686,-99.8679],"timeVisible":10.8204,"tipPosition":[-35.0614,337.899,-98.7776],"tipVelocity":[12.3395,-50.9608,31.8167],"tool":false,"touchDistance":-0.118037,"touchZone":"touching","type":1,"width":19.3428},{"bases":[[[0.978024,-0.208264,0.00973906],[0.165097,0.802143,0.573854],[-0.127325,-0.559636,0.818899]],[[0.979473,-0.201578,-0.0000236965],[0.131526,0.639179,-0.757728],[0.152756,0.74217,0.652571]],[[0.979473,-0.201578,-0.0000236965],[-0.0827171,-0.401818,-0.911976],[0.183825,0.893257,-0.410244]],[[0.979473,-0.201578,-0.0000236965],[-0.157425,-0.764858,-0.624667],[0.125901,0.611848,-0.780891]]],"btipPosition":[-14.2224,236.83,-26.426],"carpPosition":[-8.14948,270.457,35.8208],"dipPosition":[-11.8565,248.328,-41.1005],"direction":[-0.183825,-0.893257,0.410244],"extended":false,"handId":506,"id":5062,"length":67.0064,"mcpPosition":[0.733758,309.502,-21.3121],"pipPosition":[-6.62915,273.729,-52.7663],"stabilizedTipPosition":[-13.9983,243.988,-35.508],"timeVisible":10.8204,"tipPosition":[-13.668,239.398,-29.9336],"tipVelocity":[36.0535,-48.5308,35.3638],"tool":false,"touchDistance":0.333333,"touchZone":"none","type":2,"width":18.9972},{"bases":[[[0.93338,-0.348221,0.0868532],[0.230407,0.766965,0.598896],[-0.275162,-0.538986,0.796103]],[[0.937408,-0.340085,0.0748841],[0.283366,0.619958,-0.73168],[0.202409,0.707103,0.677522]],[[0.937408,-0.340085,0.0748841],[-0.0636603,-0.378775,-0.923297],[0.342364,0.860739,-0.376717]],[[0.937408,-0.340085,0.0748841],[-0.213055,-0.730203,-0.649162],[0.275451,0.592575,-0.756956]]],"btipPosition":[-2.37831,236.346,-19.7758],"carpPosition":[4.05977,269.093,35.7847],"dipPosition":[2.76821,247.417,-33.9188],"direction":[-0.342364,-0.860739,0.376717],"extended":false,"handId":506,"id":5063,"length":64.4285,"mcpPosition":[21.2959,302.855,-14.0831],"pipPosition":[12.2524,271.262,-44.3546],"stabilizedTipPosition":[-1.6926,243.25,-29.8538],"timeVisible":10.8204,"tipPosition":[-1.25881,238.836,-23.2777],"tipVelocity":[35.72,-44.4283,37.1588],"tool":false,"touchDistance":0.333333,"touchZone":"none","type":3,"width":18.077},{"bases":[[[0.844273,-0.530169,0.0782528],[0.347556,0.652816,0.67308],[-0.40793,-0.541066,0.735419]],[[0.838816,-0.537263,0.0879512],[0.449027,0.591411,-0.669782],[0.307834,0.601317,0.737331]],[[0.838816,-0.537263,0.0879512],[-0.0854356,-0.289458,-0.95337],[0.537669,0.792189,-0.288703]],[[0.838816,-0.537263,0.0879512],[-0.31892,-0.615858,-0.720423],[0.441222,0.576253,-0.687936]]],"btipPosition":[10.0933,245.476,-17.4297],"carpPosition":[15.4455,260.792,33.7806],"dipPosition":[17.6985,255.409,-29.2875],"direction":[-0.537669,-0.792189,0.288703],"extended":false,"handId":506,"id":5064,"length":50.5107,"mcpPosition":[39.0994,292.165,-8.86278],"pipPosition":[28.2147,270.903,-34.9342],"stabilizedTipPosition":[11.2659,251.855,-25.4848],"timeVisible":10.8204,"tipPosition":[11.8772,247.777,-20.2034],"tipVelocity":[31.2522,-39.8906,43.6643],"tool":false,"touchDistance":0.333333,"touchZone":"none","type":4,"width":16.0574}],"r":[[0.965494,-0.0991441,0.240814],[0.116243,0.991536,-0.0578342],[-0.233042,0.0838316,0.968847]],"s":1.2708,"t":[13.9285,27.8549,-12.3183],"timestamp":97825293797},true],[5,{"currentFrameRate":97.4762,"devices":[],"gestures":[],"hands":[{"armBasis":[[0.963959,0.113059,-0.240835],[0.0291719,0.854843,0.518066],[0.264448,-0.50642,0.820735]],"armWidth":63.72,"confidence":0.361777,"direction":[0.158091,0.672318,-0.723184],"elbow":[70.1873,118.407,258.861],"grabStrength":0,"id":506,"palmNormal":[0.00325513,-0.732745,-0.680495],"palmPosition":[-0.189544,289.082,-5.62912],"palmVelocity":[11.5281,-32.2947,29.4207],"palmWidth":90.99,"pinchStrength":0.0961418,"r":[[0.965441,-0.0968253,0.241969],[0.114081,0.991758,-0.0583194],[-0.234328,0.083908,0.96853]],"s":1.27158,"sphereCenter":[-24.9437,274.74,-49.9216],"sphereRadius":51.9634,"stabilizedPalmPosition":[-0.786852,291.897,-8.1731],"t":[14.027,27.6608,-12.0888],"timeVisible":10.8302,"type":"right","wrist":[-1.21366,255.14,37.2623]}],"id":1799808,"interactionBox":{"center":[0,200,0],"size":[235.247,235.247,147.751]},"pointables":[{"bases":[[[0.425272,0.744236,0.515031],[-0.857822,0.149997,0.491571],[0.288592,-0.650856,0.702211]],[[0.424025,0.747032,0.512002],[-0.831879,0.0977786,0.546275],[0.358023,-0.657558,0.662901]],[[0.424025,0.747032,0.512002],[-0.862475,0.505561,-0.0233577],[-0.276297,-0.431684,0.858667]],[[0.424025,0.747032,0.512002],[-0.561157,0.660456,-0.4989],[-0.710849,-0.0757673,0.699252]]],"btipPosition":[-21.6836,297.241,-49.7093],"carpPosition":[-29.8689,247.925,29.0229],"dipPosition":[-38.32,295.468,-33.3443],"direction":[0.276297,0.431684,-0.858667],"extended":false,"handId":506,"id":5060,"length":52.1164,"mcpPosition":[-29.8689,247.925,29.0229],"pipPosition":[-47.7405,280.749,-4.06756],"stabilizedTipPosition":[-26.3363,299.519,-50.0472],"timeVisible":10.8302,"tipPosition":[-25.5464,296.491,-46.5438],"tipVelocity":[11.0509,-22.181,46.945],"tool":false,"touchDistance":-0.0965631,"touchZone":"touching","type":0,"width":20.25},{"bases":[[[0.999945,0.00915144,-0.00507091],[-0.00469409,0.825576,0.564272],[0.00935032,-0.564217,0.825573]],[[0.98316,0.106896,-0.148219],[-0.0289944,0.892043,0.45102],[0.18043,-0.439128,0.88012]],[[0.98316,0.106896,-0.148219],[-0.0566274,0.949355,0.309061],[0.17375,-0.295463,0.939421]],[[0.98316,0.106896,-0.148219],[-0.076903,0.977771,0.195063],[0.165776,-0.18038,0.969526]]],"btipPosition":[-35.7486,339.197,-102.278],"carpPosition":[-20.277,268.598,35.5424],"dipPosition":[-32.9162,336.115,-85.713],"direction":[-0.17375,0.295463,-0.939421],"extended":true,"handId":506,"id":5061,"length":58.8075,"mcpPosition":[-20.9649,310.108,-25.1947],"pipPosition":[-28.7166,328.974,-63.0068],"stabilizedTipPosition":[-35.4732,340.282,-99.6105],"timeVisible":10.8302,"tipPosition":[-34.976,337.785,-98.7051],"tipVelocity":[11.2352,-39.613,24.5407],"tool":false,"touchDistance":-0.116861,"touchZone":"touching","type":1,"width":19.3428},{"bases":[[[0.978066,-0.208036,0.0103938],[0.164633,0.80265,0.57328],[-0.127605,-0.558994,0.819294]],[[0.979512,-0.201385,0.000665774],[0.131851,0.638803,-0.757988],[0.152222,0.742546,0.652268]],[[0.979512,-0.201385,0.000665774],[-0.0821565,-0.402614,-0.911675],[0.183865,0.892942,-0.410911]],[[0.979512,-0.201385,0.000665774],[-0.156973,-0.765563,-0.623917],[0.126157,0.611029,-0.78149]]],"btipPosition":[-14.1439,236.782,-26.2747],"carpPosition":[-8.11035,270.448,35.9548],"dipPosition":[-11.7732,248.265,-40.9605],"direction":[-0.183865,-0.892942,0.410911],"extended":false,"handId":506,"id":5062,"length":67.0064,"mcpPosition":[0.792422,309.448,-21.2057],"pipPosition":[-6.54472,273.657,-52.6453],"stabilizedTipPosition":[-13.9889,243.881,-35.371],"timeVisible":10.8302,"tipPosition":[-13.5889,239.343,-29.7794],"tipVelocity":[27.796,-35.7453,29.3901],"tool":false,"touchDistance":0.333333,"touchZone":"none","type":2,"width":18.9972},{"bases":[[[0.933415,-0.34794,0.0876004],[0.229939,0.767507,0.598382],[-0.275435,-0.538396,0.796407]],[[0.937454,-0.339799,0.0756062],[0.283571,0.619449,-0.732032],[0.20191,0.707686,0.677062]],[[0.937454,-0.339799,0.0756062],[-0.063171,-0.379643,-0.922974],[0.342329,0.860469,-0.377363]],[[0.937454,-0.339799,0.0756062],[-0.212623,-0.730893,-0.648527],[0.275629,0.591889,-0.757427]]],"btipPosition":[-2.30182,236.296,-19.6064],"carpPosition":[4.09922,269.086,35.9259],"dipPosition":[2.84803,247.355,-33.7582],"direction":[-0.342329,-0.860469,0.377363],"extended":false,"handId":506,"id":5063,"length":64.4285,"mcpPosition":[21.3525,302.811,-13.9611],"pipPosition":[12.3312,271.192,-44.2119],"stabilizedTipPosition":[-1.68399,243.184,-29.7492],"timeVisible":10.8302,"tipPosition":[-1.18147,238.782,-23.1093],"tipVelocity":[27.4917,-32.8817,31.2163],"tool":false,"touchDistance":0.333333,"touchZone":"none","type":3,"width":18.077},{"bases":[[[0.844353,-0.529915,0.0791047],[0.347076,0.653445,0.672717],[-0.408173,-0.540556,0.735659]],[[0.838827,-0.537087,0.088923],[0.449243,0.590652,-0.670306],[0.30749,0.602219,0.736737]],[[0.838827,-0.537087,0.088923],[-0.0852662,-0.290942,-0.952934],[0.53768,0.791764,-0.289845]],[[0.838827,-0.537087,0.088923],[-0.318805,-0.617031,-0.71947],[0.441286,0.575161,-0.688808]]],"btipPosition":[10.1605,245.436,-17.2317],"carpPosition":[15.4878,260.786,33.9342],"dipPosition":[17.7668,255.35,-29.1045],"direction":[-0.53768,-0.791764,0.289845],"extended":false,"handId":506,"id":5064,"length":50.5107,"mcpPosition":[39.1558,292.13,-8.72313],"pipPosition":[28.2832,270.836,-34.7736],"stabilizedTipPosition":[11.2777,251.779,-25.3832],"timeVisible":10.8302,"tipPosition":[11.9456,247.729,-20.0202],"tipVelocity":[24.0487,-29.4473,36.6181],"tool":false,"touchDistance":0.333333,"touchZone":"none","type":4,"width":16.0574}],"r":[[0.965441,-0.0968253,0.241969],[0.114081,0.991758,-0.0583194],[-0.234328,0.083908,0.96853]],"s":1.27158,"t":[14.027,27.6608,-12.0888],"timestamp":97825303615},true],[6,{"currentFrameRate":97.664,"devices":[],"gestures":[],"hands":[{"armBasis":[[0.963793,0.113445,-0.241316],[0.0290993,0.854833,0.518087],[0.265059,-0.50635,0.820581]],"armWidth":63.72,"confidence":0.368964,"direction":[0.158501,0.672112,-0.723286],"elbow":[70.3517,118.432,258.881],"grabStrength":0,"id":506,"palmNormal":[0.0033745,-0.732911,-0.680316],"palmPosition":[-0.166933,289.078,-5.57494],"palmVelocity":[8.7888,-22.8307,22.3239],"palmWidth":90.99,"pinchStrength":0.0936537,"r":[[0.965371,-0.0949957,0.24297],[0.112395,0.991925,-0.0587489],[-0.235427,0.084023,0.968253]],"s":1.27232,"sphereCenter":[-24.9616,274.744,-49.8825],"sphereRadius":51.9964,"stabilizedPalmPosition":[-0.739903,291.683,-7.97633],"t":[14.0875,27.5618,-11.947],"timeVisible":10.8401,"type":"right","wrist":[-1.21423,255.147,37.3243]}],"id":1799809,"interactionBox":{"center":[0,200,0],"size":[235.247,235.247,147.751]},"pointables":[{"bases":[[[0.425219,0.744277,0.515015],[-0.857982,0.150284,0.491204],[0.288194,-0.650743,0.70248]],[[0.4244,0.74612,0.51302],[-0.831604,0.0970354,0.546825],[0.358216,-0.658702,0.661659]],[[0.4244,0.74612,0.51302],[-0.862414,0.505722,-0.0220673],[-0.27591,-0.433071,0.858093]],[[0.4244,0.74612,0.51302],[-0.560912,0.661408,-0.497912],[-0.710818,-0.0764457,0.699209]]],"btipPosition":[-21.706,297.372,-49.5741],"carpPosition":[-29.8677,247.936,29.0756],"dipPosition":[-38.3417,295.582,-33.21],"direction":[0.27591,0.433071,-0.858093],"extended":false,"handId":506,"id":5060,"length":52.1164,"mcpPosition":[-29.8677,247.936,29.0756],"pipPosition":[-47.749,280.817,-3.95285],"stabilizedTipPosition":[-26.3105,299.437,-49.9113],"timeVisible":10.8401,"tipPosition":[-25.5422,296.589,-46.405],"tipVelocity":[7.10588,-11.7825,37.0824],"tool":false,"touchDistance":-0.094312,"touchZone":"touching","type":0,"width":20.25},{"bases":[[[0.999949,0.00895487,-0.00468723],[-0.00475047,0.825713,0.56407],[0.00892148,-0.564019,0.825713]],[[0.983221,0.10672,-0.147941],[-0.028953,0.892026,0.451055],[0.180104,-0.439204,0.880149]],[[0.983221,0.10672,-0.147941],[-0.0566277,0.949507,0.308593],[0.173404,-0.295038,0.939619]],[[0.983221,0.10672,-0.147941],[-0.0769314,0.977947,0.194169],[0.1654,-0.17953,0.969748]]],"btipPosition":[-35.6855,339.171,-102.247],"carpPosition":[-20.2743,268.609,35.5937],"dipPosition":[-32.8596,336.104,-85.6779],"direction":[-0.173404,0.295038,-0.939619],"extended":true,"handId":506,"id":5061,"length":58.8075,"mcpPosition":[-20.9306,310.103,-25.1537],"pipPosition":[-28.6683,328.973,-62.967],"stabilizedTipPosition":[-35.392,339.945,-99.3925],"timeVisible":10.8401,"tipPosition":[-34.9134,337.772,-98.6709],"tipVelocity":[9.75547,-28.5456,18.2285],"tool":false,"touchDistance":-0.116325,"touchZone":"touching","type":1,"width":19.3428},{"bases":[[[0.978021,-0.208225,0.0108217],[0.164568,0.802756,0.573149],[-0.128031,-0.558771,0.81938]],[[0.979467,-0.201601,0.00112988],[0.132356,0.638798,-0.757905],[0.152073,0.742492,0.652364]],[[0.979467,-0.201601,0.00112988],[-0.0818659,-0.402849,-0.911598],[0.184234,0.892787,-0.411082]],[[0.979467,-0.201601,0.00112988],[-0.15691,-0.765834,-0.6236],[0.126584,0.610619,-0.781743]]],"btipPosition":[-14.1227,236.789,-26.2201],"carpPosition":[-8.10743,270.456,36.0105],"dipPosition":[-11.7439,248.264,-40.9106],"direction":[-0.184234,-0.892787,0.411082],"extended":false,"handId":506,"id":5062,"length":67.0064,"mcpPosition":[0.825024,309.44,-21.156],"pipPosition":[-6.50494,273.651,-52.6003],"stabilizedTipPosition":[-13.9789,243.773,-35.2313],"timeVisible":10.8401,"tipPosition":[-13.5662,239.344,-29.7207],"tipVelocity":[20.2466,-24.9879,22.2825],"tool":false,"touchDistance":0.333333,"touchZone":"none","type":2,"width":18.9972},{"bases":[[[0.933313,-0.348102,0.0880448],[0.229858,0.767607,0.598285],[-0.275848,-0.53815,0.796431]],[[0.937369,-0.339942,0.0760183],[0.28394,0.619243,-0.732063],[0.201785,0.707798,0.676982]],[[0.937369,-0.339942,0.0760183],[-0.0629794,-0.380026,-0.922829],[0.342598,0.860244,-0.377634]],[[0.937369,-0.339942,0.0760183],[-0.212603,-0.73119,-0.648199],[0.275934,0.591439,-0.757667]]],"btipPosition":[-2.28089,236.296,-19.5317],"carpPosition":[4.10188,269.091,35.9866],"dipPosition":[2.87466,247.346,-33.688],"direction":[-0.342598,-0.860244,0.377634],"extended":false,"handId":506,"id":5063,"length":64.4285,"mcpPosition":[21.381,302.801,-13.9019],"pipPosition":[12.3653,271.177,-44.1492],"stabilizedTipPosition":[-1.67472,243.115,-29.6395],"timeVisible":10.8401,"tipPosition":[-1.15934,238.778,-23.0352],"tipVelocity":[20.0066,-23.1987,24.1729],"tool":false,"touchDistance":0.333333,"touchZone":"none","type":3,"width":18.077},{"bases":[[[0.844219,-0.530061,0.0795589],[0.346944,0.65354,0.672693],[-0.408563,-0.540298,0.735632]],[[0.838658,-0.537267,0.0894281],[0.449547,0.590113,-0.670577],[0.307506,0.602587,0.73643]],[[0.838658,-0.537267,0.0894281],[-0.0855018,-0.292023,-0.952582],[0.537906,0.791244,-0.290845]],[[0.838658,-0.537267,0.0894281],[-0.319182,-0.617846,-0.718603],[0.441334,0.574118,-0.689647]]],"btipPosition":[10.1791,245.439,-17.1182],"carpPosition":[15.4896,260.788,34.0013],"dipPosition":[17.7862,255.335,-29.0055],"direction":[-0.537906,-0.791244,0.290845],"extended":false,"handId":506,"id":5064,"length":50.5107,"mcpPosition":[39.1802,292.118,-8.6545],"pipPosition":[28.307,270.811,-34.6941],"stabilizedTipPosition":[11.2887,251.71,-25.2896],"timeVisible":10.8401,"tipPosition":[11.964,247.725,-19.9245],"tipVelocity":[17.4809,-20.7507,29.0711],"tool":false,"touchDistance":0.333333,"touchZone":"no