{"sensorType":"Leap","data":[[0,{"currentFrameRate":96.6818,"devices":[],"gestures":[],"hands":[{"armBasis":[[0.933462,0.0654418,-0.352657],[0.114843,0.876922,0.466711],[0.339795,-0.476157,0.811057]],"armWidth":63.72,"confidence":1,"direction":[0.0354847,0.142883,-0.989103],"elbow":[80.5597,108.682,292.643],"grabStrength":0,"id":506,"palmNormal":[-0.13426,-0.980073,-0.146396],"palmPosition":[-17.3976,241.778,19.4943],"palmVelocity":[-20.6061,-55.7052,24.1299],"palmWidth":90.99,"pinchStrength":0,"r":[[0.992968,-0.0621479,0.100761],[0.109792,0.801787,-0.587438],[-0.044281,0.594369,0.802972]],"s":1.61643,"sphereCenter":[-37.4422,369.587,-17.3491],"sphereRadius":136.718,"stabilizedPalmPosition":[-14.5073,257.075,10.1582],"t":[-2.87851,-19.2178,13.0059],"timeVisible":0.806746,"type":"right","wrist":[-11.1849,237.244,73.6572]}],"id":1798809,"interactionBox":{"center":[0,200,0],"size":[235.247,235.247,147.751]},"pointables":[{"bases":[[[0.525508,0.848957,-0.055791],[-0.750801,0.493595,0.438932],[0.400173,-0.188775,0.896786]],[[0.283952,0.84117,-0.460222],[-0.843814,0.447165,0.296683],[0.455356,0.304098,0.836765]],[[0.283952,0.84117,-0.460222],[-0.709433,0.507206,0.489333],[0.64504,0.18755,0.740776]],[[0.283952,0.84117,-0.460222],[-0.356715,0.5382,0.763606],[0.890015,-0.0526593,0.452881]]],"btipPosition":[-106.541,209.762,-2.60928],"carpPosition":[-40.9882,230.104,75.0162],"dipPosition":[-85.7115,208.53,7.98976],"direction":[-0.64504,-0.18755,-0.740776],"extended":true,"handId":506,"id":5060,"length":52.1164,"mcpPosition":[-40.9882,230.104,75.0162],"pipPosition":[-63.7184,214.924,33.247],"stabilizedTipPosition":[-95.7624,224.329,-13.7625],"timeVisible":0.806746,"tipPosition":[-101.628,209.464,-0.0866157],"tipVelocity":[2.25529,-104.671,45.523],"tool":false,"touchDistance":0.398619,"touchZone":"hovering","type":0,"width":20.25},{"bases":[[[0.98221,-0.112043,-0.1507],[0.113299,0.993561,-0.00025358],[0.149758,-0.016825,0.98858]],[[0.972656,-0.110967,-0.204025],[0.166181,0.946212,0.277609],[0.162245,-0.303924,0.93878]],[[0.972656,-0.110967,-0.204025],[0.158735,0.958894,0.235214],[0.169537,-0.261168,0.950289]],[[0.972656,-0.110967,-0.204025],[0.151954,0.968412,0.197708],[0.175641,-0.223304,0.958794]]],"btipPosition":[-55.0828,274.107,-84.9914],"carpPosition":[-29.996,249.684,67.4207],"dipPosition":[-52.0819,270.292,-68.6098],"direction":[-0.169537,0.261168,-0.950289],"extended":true,"handId":506,"id":5061,"length":58.8075,"mcpPosition":[-41.0136,250.922,-5.30874],"pipPosition":[-47.9841,263.979,-45.641],"stabilizedTipPosition":[-51.3908,282.654,-80.5911],"timeVisible":0.806746,"tipPosition":[-54.2283,272.123,-81.4777],"tipVelocity":[-49.0766,-153.835,1.01049],"tool":false,"touchDistance":0.252549,"touchZone":"hovering","type":1,"width":19.3428},{"bases":[[[0.95961,-0.281011,-0.0134873],[0.280982,0.959705,-0.00402337],[0.0140745,0.000071165,0.999901]],[[0.954159,-0.279804,-0.106258],[0.299263,0.897548,0.323804],[0.00477002,-0.34076,0.940138]],[[0.954159,-0.279804,-0.106258],[0.298763,0.911672,0.282126],[0.0179324,-0.300939,0.953475]],[[0.954159,-0.279804,-0.106258],[0.297834,0.922735,0.244652],[0.0295934,-0.265084,0.963771]]],"btipPosition":[-20.2052,279.979,-95.2985],"carpPosition":[-17.9272,250.02,65.0022],"dipPosition":[-19.649,274.998,-77.1873],"direction":[-0.0179324,0.300939,-0.953475],"extended":true,"handId":506,"id":5062,"length":67.0064,"mcpPosition":[-18.9092,250.015,-4.75885],"pipPosition":[-19.1391,266.44,-50.0739],"stabilizedTipPosition":[-17.9471,287.697,-89.9818],"timeVisible":0.806746,"tipPosition":[-19.8069,277.771,-91.4048],"tipVelocity":[-48.6576,-112.062,4.16288],"tool":false,"touchDistance":0.178978,"touchZone":"hovering","type":2,"width":18.9972},{"bases":[[[0.927291,-0.349479,0.134145],[0.349129,0.936688,0.0269],[-0.135053,0.0218899,0.990597]],[[0.929737,-0.349838,0.114902],[0.284322,0.880332,0.379705],[-0.233987,-0.320357,0.917944]],[[0.929737,-0.349838,0.114902],[0.296723,0.896572,0.328807],[-0.218047,-0.27161,0.937381]],[[0.929737,-0.349838,0.114902],[0.307074,0.90883,0.282371],[-0.20321,-0.227247,0.952399]]],"btipPosition":[22.7965,272.161,-82.8129],"carpPosition":[-5.95477,247.449,64.0134],"dipPosition":[18.9998,267.915,-65.0183],"direction":[0.218047,0.27161,-0.937381],"extended":true,"handId":506,"id":5063,"length":64.4285,"mcpPosition":[2.50497,246.078,1.96246],"pipPosition":[12.9594,260.391,-39.0509],"stabilizedTipPosition":[26.652,280.067,-77.1347],"timeVisible":0.806746,"tipPosition":[22.5938,270.386,-78.7289],"tipVelocity":[-63.5834,-109.14,-8.1859],"tool":false,"touchDistance":0.24595,"touchZone":"hovering","type":3,"width":18.077},{"bases":[[[0.83491,-0.494529,0.241593],[0.475794,0.869158,0.134848],[-0.276669,0.00236328,0.960962]],[[0.675449,-0.459263,0.576929],[0.273114,0.882541,0.382792],[-0.684965,-0.100989,0.721543]],[[0.675449,-0.459263,0.576929],[0.324715,0.887681,0.326471],[-0.662064,-0.0331765,0.748713]],[[0.675449,-0.459263,0.576929],[0.368761,0.887891,0.275071],[-0.63858,0.0269521,0.769083]]],"btipPosition":[68.946,241.768,-43.7167],"carpPosition":[4.72719,238.15,65.4185],"dipPosition":[57.9389,242.232,-30.4601],"direction":[0.662064,0.0331765,-0.748713],"extended":true,"handId":506,"id":5064,"length":50.5107,"mcpPosition":[20.7699,238.013,9.69694],"pipPosition":[44.9897,241.584,-15.8162],"stabilizedTipPosition":[69.9074,246.921,-42.0732],"timeVisible":0.806746,"tipPosition":[66.7186,240.778,-40.3217],"tipVelocity":[-48.446,-40.5067,-4.08307],"tool":false,"touchDistance":0.334622,"touchZone":"hovering","type":4,"width":16.0574}],"r":[[0.992968,-0.0621479,0.100761],[0.109792,0.801787,-0.587438],[-0.044281,0.594369,0.802972]],"s":1.61643,"t":[-2.87851,-19.2178,13.0059],"timestamp":97815280148},false],[1,{"currentFrameRate":96.9891,"devices":[],"gestures":[],"hands":[{"armBasis":[[0.932964,0.0657903,-0.353906],[0.113434,0.879333,0.462499],[0.341629,-0.47164,0.812924]],"armWidth":63.72,"confidence":1,"direction":[0.0341605,0.135684,-0.990163],"elbow":[80.9738,109.669,293.406],"grabStrength":0,"id":506,"palmNormal":[-0.132515,-0.981379,-0.139052],"palmPosition":[-17.5449,241.136,19.7289],"palmVelocity":[-19.0271,-58.7847,24.1529],"palmWidth":90.99,"pinchStrength":0,"r":[[0.993302,-0.0578887,0.100003],[0.106297,0.797119,-0.594392],[-0.0453056,0.60104,0.797934]],"s":1.61478,"sphereCenter":[-38.1278,368.917,-17.8959],"sphereRadius":136.908,"stabilizedPalmPosition":[-14.5511,256.845,10.2964],"t":[-3.05422,-19.8486,13.2523],"timeVisible":0.816438,"type":"right","wrist":[-11.2661,237.012,73.9169]}],"id":1798810,"interactionBox":{"center":[0,200,0],"size":[235.247,235.247,147.751]},"pointables":[{"bases":[[[0.523803,0.849537,-0.0625862],[-0.751292,0.495355,0.436102],[0.401487,-0.181411,0.897718]],[[0.282759,0.838667,-0.465495],[-0.844489,0.447794,0.293801],[0.454847,0.31003,0.834863]],[[0.282759,0.838667,-0.465495],[-0.71096,0.509018,0.485218],[0.643882,0.193748,0.740188]],[[0.282759,0.838667,-0.465495],[-0.360553,0.542641,0.758645],[0.888847,-0.0466784,0.45582]]],"btipPosition":[-106.515,208.835,-2.21897],"carpPosition":[-41.054,229.825,75.3604],"dipPosition":[-85.7124,207.743,8.44886],"direction":[-0.643882,-0.193748,-0.740188],"extended":true,"handId":506,"id":5060,"length":52.1164,"mcpPosition":[-41.054,229.825,75.3604],"pipPosition":[-63.7589,214.349,33.686],"stabilizedTipPosition":[-96.0413,223.593,-13.1084],"timeVisible":0.816438,"tipPosition":[-101.662,208.551,0.373161],"tipVelocity":[2.20128,-101.06,44.4652],"tool":false,"touchDistance":0.398183,"touchZone":"hovering","type":0,"width":20.25},{"bases":[[[0.982265,-0.11125,-0.150927],[0.111372,0.993749,-0.00766973],[0.150837,-0.00927534,0.988515]],[[0.972677,-0.110586,-0.204133],[0.164759,0.948275,0.271348],[0.163567,-0.297567,0.940585]],[[0.972677,-0.110586,-0.204133],[0.157274,0.960641,0.228985],[0.170776,-0.254834,0.951785]],[[0.972677,-0.110586,-0.204133],[0.150461,0.969889,0.19151],[0.176808,-0.216992,0.960028]]],"btipPosition":[-55.3807,272.703,-84.9327],"carpPosition":[-30.1079,249.369,67.6094],"dipPosition":[-52.3599,268.995,-68.53],"direction":[-0.170776,0.254834,-0.951785],"extended":true,"handId":506,"id":5061,"length":58.8075,"mcpPosition":[-41.2049,250.052,-5.11522],"pipPosition":[-48.2321,262.836,-45.525],"stabilizedTipPosition":[-52.0247,280.576,-80.7006],"timeVisible":0.816438,"tipPosition":[-54.5345,270.757,-81.4029],"tipVelocity":[-43.5801,-150.467,2.63133],"tool":false,"touchDistance":0.258123,"touchZone":"hovering","type":1,"width":19.3428},{"bases":[[[0.960138,-0.279249,-0.0124534],[0.279117,0.96019,-0.0113708],[0.0151329,0.00744154,0.999858]],[[0.954476,-0.278715,-0.106271],[0.298216,0.8994,0.319604],[0.00650165,-0.336746,0.941573]],[[0.954476,-0.278715,-0.106271],[0.297643,0.913329,0.277921],[0.0195995,-0.296899,0.954708]],[[0.954476,-0.278715,-0.106271],[0.29665,0.924229,0.240415],[0.0312114,-0.260995,0.964835]]],"btipPosition":[-20.5554,278.771,-95.2463],"carpPosition":[-18.0424,249.711,65.1757],"dipPosition":[-19.9689,273.866,-77.1151],"direction":[-0.0195995,0.296899,-0.954708],"extended":true,"handId":506,"id":5062,"length":67.0064,"mcpPosition":[-19.0982,249.192,-4.58241],"pipPosition":[-19.4116,265.423,-49.9666],"stabilizedTipPosition":[-18.3708,285.975,-90.1692],"timeVisible":0.816438,"tipPosition":[-20.1679,276.568,-91.3492],"tipVelocity":[-44.7882,-115.22,4.65934],"tool":false,"touchDistance":0.183535,"touchZone":"hovering","type":2,"width":18.9972},{"bases":[[[0.928109,-0.346694,0.135713],[0.347341,0.937533,0.0196476],[-0.134047,0.0289034,0.990553]],[[0.930722,-0.347225,0.114854],[0.283104,0.882823,0.3748],[-0.231536,-0.316319,0.919964]],[[0.930722,-0.347225,0.114854],[0.295293,0.89874,0.324141],[-0.215774,-0.26777,0.939011]],[[0.930722,-0.347225,0.114854],[0.305474,0.91074,0.277918],[-0.201103,-0.223579,0.953714]]],"btipPosition":[22.4104,271.074,-82.7906],"carpPosition":[-6.06601,247.156,64.1929],"dipPosition":[18.653,266.896,-64.9714],"direction":[0.215774,0.26777,-0.939011],"extended":true,"handId":506,"id":5063,"length":64.4285,"mcpPosition":[2.33067,245.345,2.14465],"pipPosition":[12.6756,259.478,-38.959],"stabilizedTipPosition":[25.9428,278.684,-77.351],"timeVisible":0.816438,"tipPosition":[22.1976,269.289,-78.7121],"tipVelocity":[-56.3713,-109.57,-4.95189],"tool":false,"touchDistance":0.248425,"touchZone":"hovering","type":3,"width":18.077},{"bases":[[[0.836122,-0.491128,0.244322],[0.474251,0.871042,0.127952],[-0.275655,0.00888638,0.961215]],[[0.679313,-0.454498,0.576165],[0.27219,0.885173,0.377334],[-0.681503,-0.0995016,0.725019]],[[0.679313,-0.454498,0.576165],[0.322813,0.890156,0.32158],[-0.659034,-0.0324605,0.751412]],[[0.679313,-0.454498,0.576165],[0.366058,0.890339,0.270737],[-0.636031,0.026994,0.771191]]],"btipPosition":[68.5698,241.06,-43.7072],"carpPosition":[4.63543,237.888,65.6548],"dipPosition":[57.6067,241.526,-30.4143],"direction":[0.659034,0.0324605,-0.751412],"extended":true,"handId":506,"id":5064,"length":50.5107,"mcpPosition":[20.6194,237.372,9.91853],"pipPosition":[44.7168,240.891,-15.7176],"stabilizedTipPosition":[69.6944,246.603,-41.9947],"timeVisible":0.816438,"tipPosition":[66.3854,240.085,-40.2755],"tipVelocity":[-45.3249,-49.9981,-2.35063],"tool":false,"touchDistance":0.334761,"touchZone":"hovering","type":4,"width":16.0574}],"r":[[0.993302,-0.0578887,0.100003],[0.106297,0.797119,-0.594392],[-0.0453056,0.60104,0.797934]],"s":1.61478,"t":[-3.05422,-19.8486,13.2523],"timestamp":97815289840},false],[2,{"currentFrameRate":97.1928,"devices":[],"gestures":[],"hands":[{"armBasis":[[0.932853,0.0677699,-0.353825],[0.111262,0.879936,0.46188],[0.342645,-0.470234,0.813311]],"armWidth":63.72,"confidence":0.909891,"direction":[0.0333183,0.129725,-0.99099],"elbow":[81.1855,109.731,293.759],"grabStrength":0,"id":506,"palmNormal":[-0.130345,-0.982508,-0.132997],"palmPosition":[-17.6459,240.473,19.9567],"palmVelocity":[-16.4119,-61.2397,23.8265],"palmWidth":90.99,"pinchStrength":0,"r":[[0.993593,-0.05391,0.0993274],[0.103078,0.79265,-0.6009],[-0.0463374,0.607289,0.793128]],"s":1.61332,"sphereCenter":[-38.6688,367.87,-18.336],"sphereRadius":136.753,"stabilizedPalmPosition":[-14.6032,256.569,10.459],"t":[-3.19257,-20.4953,13.4894],"timeVisible":0.826318,"type":"right","wrist":[-11.3286,236.694,74.1654]}],"id":1798811,"interactionBox":{"center":[0,200,0],"size":[235.247,235.247,147.751]},"pointables":[{"bases":[[[0.521824,0.850334,-0.0680493],[-0.752188,0.496286,0.43349],[0.402383,-0.17502,0.898586]],[[0.281245,0.836713,-0.469906],[-0.845437,0.447712,0.291188],[0.454023,0.315381,0.833305]],[[0.281245,0.836713,-0.469906],[-0.712464,0.5101,0.481863],[0.642881,0.19927,0.739592]],[[0.281245,0.836713,-0.469906],[-0.363094,0.54605,0.754978],[0.888293,-0.041714,0.45738]]],"btipPosition":[-106.472,207.887,-1.84881],"carpPosition":[-41.0992,229.448,75.6689],"dipPosition":[-85.6824,206.911,8.85552],"direction":[-0.642881,-0.19927,-0.739592],"extended":true,"handId":506,"id":5060,"length":52.1164,"mcpPosition":[-41.0992,229.448,75.6689],"pipPosition":[-63.763,213.705,34.0723],"stabilizedTipPosition":[-96.3333,222.77,-12.3991],"timeVisible":0.826318,"tipPosition":[-101.654,207.613,0.780524],"tipVelocity":[2.75143,-98.7528,42.6387],"tool":false,"touchDistance":0.397376,"touchZone":"hovering","type":0,"width":20.25},{"bases":[[[0.982436,-0.109924,-0.150787],[0.109095,0.993936,-0.0137852],[0.151388,-0.00290703,0.98847]],[[0.972836,-0.109607,-0.203904],[0.162921,0.949914,0.266684],[0.164461,-0.29266,0.941968]],[[0.972836,-0.109607,-0.203904],[0.155414,0.962035,0.224355],[0.171572,-0.24995,0.952937]],[[0.972836,-0.109607,-0.203904],[0.148583,0.971077,0.186904],[0.177521,-0.212123,0.960984]]],"btipPosition":[-55.5852,271.423,-84.8493],"carpPosition":[-30.202,248.97,67.7931],"dipPosition":[-52.5522,267.798,-68.4303],"direction":[-0.171572,0.24995,-0.952937],"extended":true,"handId":506,"id":5061,"length":58.8075,"mcpPosition":[-41.3396,249.184,-4.92827],"pipPosition":[-48.4052,261.757,-45.3975],"stabilizedTipPosition":[-52.6212,278.495,-80.7782],"timeVisible":0.826318,"tipPosition":[-54.75,269.508,-81.3067],"tipVelocity":[-36.6992,-143.684,4.46943],"tool":false,"touchDistance":0.263132,"touchZone":"hovering","type":1,"width":19.3428},{"bases":[[[0.960767,-0.277126,-0.0112809],[0.276914,0.960738,-0.0173741],[0.0156528,0.0135687,0.999785]],[[0.954981,-0.277168,-0.105777],[0.296564,0.901275,0.315837],[0.00779471,-0.332988,0.942899]],[[0.954981,-0.277168,-0.105777],[0.295933,0.91506,0.274024],[0.0208421,-0.292991,0.955888]],[[0.954981,-0.277168,-0.105777],[0.29489,0.925831,0.236382],[0.0324146,-0.256933,0.965885]]],"btipPosition":[-20.8082,277.588,-95.1834],"carpPosition":[-18.1386,249.324,65.3506],"dipPosition":[-20.199,272.76,-77.0325],"direction":[-0.0208421,0.292991,-0.955888],"extended":true,"handId":506,"id":5062,"length":67.0064,"mcpPosition":[-19.2306,248.378,-4.40241],"pipPosition":[-19.6064,264.428,-49.8505],"stabilizedTipPosition":[-18.7869,284.254,-90.3213],"timeVisible":0.826318,"tipPosition":[-20.4283,275.404,-91.2787],"tipVelocity":[-38.9275,-116.031,5.29996],"tool":false,"touchDistance":0.187969,"touchZone":"hovering","type":2,"width":18.9972},{"bases":[[[0.928972,-0.34374,0.137311],[0.345207,0.938426,0.0137441],[-0.13358,0.0346327,0.990433]],[[0.931786,-0.344442,0.114608],[0.281011,0.88428,0.372935],[-0.2298,-0.31529,0.920752]],[[0.931786,-0.344442,0.114608],[0.293461,0.900576,0.320694],[-0.213673,-0.265185,0.940224]],[[0.931786,-0.344442,0.114608],[0.303848,0.912787,0.272939],[-0.198624,-0.219497,0.95518]]],"btipPosition":[22.1082,270.155,-82.6954],"carpPosition":[-6.15692,246.79,64.3769],"dipPosition":[18.3971,266.054,-64.8488],"direction":[0.213673,0.265185,-0.940224],"extended":true,"handId":506,"id":5063,"length":64.4285,"mcpPosition":[2.21056,244.621,2.33615],"pipPosition":[12.4779,258.708,-38.8027],"stabilizedTipPosition":[25.2476,277.28,-77.5348],"timeVisible":0.826318,"tipPosition":[21.8828,268.354,-78.6281],"tipVelocity":[-48.3928,-104.101,-0.42761],"tool":false,"touchDistance":0.251349,"touchZone":"hovering","type":3,"width":18.077},{"bases":[[[0.837374,-0.487719,0.246849],[0.472326,0.872886,0.122382],[-0.275159,0.0141138,0.961295]],[[0.682308,-0.449984,0.576168],[0.271243,0.887689,0.372069],[-0.678883,-0.0975836,0.727733]],[[0.682308,-0.449984,0.576168],[0.321362,0.892506,0.31648],[-0.656645,-0.0307786,0.753572]],[[0.682308,-0.449984,0.576168],[0.364184,0.892583,0.265829],[-0.633897,0.0284535,0.772894]]],"btipPosition":[68.2959,240.299,-43.6448],"carpPosition":[4.56647,237.556,65.8893],"dipPosition":[57.3696,240.79,-30.3226],"direction":[0.656645,0.0307786,-0.753572],"extended":true,"handId":506,"id":5064,"length":50.5107,"mcpPosition":[20.5216,236.737,10.1484],"pipPosition":[44.5264,240.188,-15.5837],"stabilizedTipPosition":[69.4637,246.238,-41.9113],"timeVisible":0.826318,"tipPosition":[66.1484,239.373,-40.1816],"tipVelocity":[-39.8433,-57.8468,0.423616],"tool":false,"touchDistance":0.335655,"touchZone":"hovering","type":4,"width":16.0574}],"r":[[0.993593,-0.05391,0.0993274],[0.103078,0.79265,-0.6009],[-0.0463374,0.607289,0.793128]],"s":1.61332,"t":[-3.19257,-20.4953,13.4894],"timestamp":97815299720},false],[3,{"currentFrameRate":97.4436,"devices":[],"gestures":[],"hands":[{"armBasis":[[0.932979,0.0704631,-0.352966],[0.10899,0.879302,0.463626],[0.343032,-0.471023,0.812691]],"armWidth":63.72,"confidence":0.918685,"direction":[0.0322909,0.120692,-0.992165],"elbow":[81.2324,109.076,293.776],"grabStrength":0,"id":506,"palmNormal":[-0.128444,-0.98395,-0.123874],"palmPosition":[-17.7531,239.521,20.1136],"palmVelocity":[-14.8138,-71.9219,21.5479],"palmWidth":90.99,"pinchStrength":0,"r":[[0.993853,-0.0501443,0.0987027],[0.100093,0.787956,-0.607541],[-0.0473087,0.613686,0.788131]],"s":1.61197,"sphereCenter":[-39.1038,366.393,-19.2399],"sphereRadius":136.569,"stabilizedPalmPosition":[-14.6657,256.231,10.6507],"t":[-3.3153,-21.2948,13.6864],"timeVisible":0.836078,"type":"right","wrist":[-11.3863,236.252,74.3497]}],"id":1798812,"interactionBox":{"center":[0,200,0],"size":[235.247,235.247,147.751]},"pointables":[{"bases":[[[0.520038,0.850732,-0.0762605],[-0.752864,0.498715,0.42951],[0.403431,-0.165948,0.899836]],[[0.279914,0.833231,-0.476838],[-0.846665,0.448399,0.286525],[0.452555,0.32352,0.830981]],[[0.279914,0.833231,-0.476838],[-0.714654,0.512503,0.476035],[0.641028,0.207525,0.738929]],[[0.279914,0.833231,-0.476838],[-0.365388,0.551777,0.749689],[0.887772,-0.0356176,0.458903]]],"btipPosition":[-106.365,206.568,-1.47163],"carpPosition":[-41.1409,228.96,75.9431],"dipPosition":[-85.5876,205.735,9.26836],"direction":[-0.641028,-0.207525,-0.738929],"extended":true,"handId":506,"id":5060,"length":52.1164,"mcpPosition":[-41.1409,228.96,75.9431],"pipPosition":[-63.7314,212.81,34.4626],"stabilizedTipPosition":[-96.6307,221.842,-11.6406],"timeVisible":0.836078,"tipPosition":[-101.611,206.326,1.20886],"tipVelocity":[5.07894,-108.451,41.712],"tool":false,"touchDistance":0.396752,"touchZone":"hovering","type":0,"width":20.25},{"bases":[[[0.982541,-0.109308,-0.150547],[0.107058,0.993987,-0.022991],[0.152155,0.00647229,0.988335]],[[0.972883,-0.109498,-0.203735],[0.161432,0.95227,0.259078],[0.165643,-0.284942,0.944124]],[[0.972883,-0.109498,-0.203735],[0.153873,0.964046,0.216654],[0.172687,-0.242129,0.954753]],[[0.972883,-0.109498,-0.203735],[0.146996,0.972784,0.179118],[0.178577,-0.204209,0.962501]]],"btipPosition":[-55.825,269.538,-84.9151],"carpPosition":[-30.2896,248.431,67.8799],"dipPosition":[-52.7739,266.049,-68.4702],"direction":[-0.172687,0.242129,-0.954753],"extended":true,"handId":506,"id":5061,"length":58.8075,"mcpPosition":[-41.4836,247.954,-4.83155],"pipPosition":[-48.6,260.196,-45.3934],"stabilizedTipPosition":[-53.176,276.331,-80.8568],"timeVisible":0.836078,"tipPosition":[-54.9941,267.664,-81.3555],"tipVelocity":[-33.0068,-157.287,1.35417],"tool":false,"touchDistance":0.266458,"touchZone":"hovering","type":1,"width":19.3428},{"bases":[[[0.961321,-0.275266,-0.00949515],[0.274942,0.961098,-0.0264075],[0.0163949,0.0227754,0.999606]],[[0.955337,-0.276183,-0.105141],[0.295375,0.903508,0.310527],[0.00923353,-0.327714,0.944732]],[[0.955337,-0.276183,-0.105141],[0.294672,0.917189,0.268205],[0.0223606,-0.287208,0.957607]],[[0.955337,-0.276183,-0.105141],[0.293555,0.927845,0.230064],[0.0340148,-0.250653,0.967479]]],"btipPosition":[-21.0928,275.872,-95.264],"carpPosition":[-18.2288,248.787,65.4248],"dipPosition":[-20.4536,271.161,-77.0831],"direction":[-0.0223606,0.287208,-0.957607],"extended":true,"handId":506,"id":5062,"length":67.0064,"mcpPosition":[-19.3726,247.198,-4.31576],"pipPosition":[-19.8177,262.994,-49.8522],"stabilizedTipPosition":[-19.1958,282.461,-90.4654],"timeVisible":0.836078,"tipPosition":[-20.7184,273.692,-91.354],"tipVelocity":[-35.8473,-132.795,1.52337],"tool":false,"touchDistance":0.192244,"touchZone":"hovering","type":2,"width":18.9972},{"bases":[[[0.929776,-0.340578,0.139727],[0.343304,0.939212,0.00486037],[-0.132888,0.0434496,0.990178]],[[0.932703,-0.341524,0.115876],[0.279599,0.8877,0.365804],[-0.227794,-0.308788,0.92345]],[[0.932703,-0.341524,0.115876],[0.292171,0.903909,0.312386],[-0.211428,-0.257508,0.942861]],[[0.932703,-0.341524,0.115876],[0.302645,0.915942,0.263545],[-0.196143,-0.21074,0.957662]]],"btipPosition":[21.7808,268.415,-82.8314],"carpPosition":[-6.24275,246.269,64.4648],"dipPosition":[18.1161,264.477,-64.9385],"direction":[0.211428,0.257508,-0.942861],"extended":true,"handId":506,"id":5063,"length":64.4285,"mcpPosition":[2.08136,243.547,2.44008],"pipPosition":[12.2591,257.344,-38.8193],"stabilizedTipPosition":[24.5707,275.745,-77.7204],"timeVisible":0.836078,"tipPosition":[21.5649,266.665,-78.7469],"tipVelocity":[-43.7065,-124.795,-4.07902],"tool":false,"touchDistance":0.251964,"touchZone":"hovering","type":3,"width":18.077},{"bases":[[[0.838556,-0.483732,0.250653],[0.470641,0.87493,0.113995],[-0.274447,0.0223767,0.961342]],[[0.685166,-0.443814,0.577561],[0.269687,0.891152,0.364853],[-0.676621,-0.0942247,0.730278]],[[0.685166,-0.443814,0.577561],[0.319672,0.895709,0.309057],[-0.65449,-0.0271255,0.755584]],[[0.685166,-0.443814,0.577561],[0.362393,0.895534,0.258242],[-0.631837,0.0323651,0.774425]]],"btipPosition":[68.0311,239.077,-43.6391],"carpPosition":[4.50061,237.07,66.0535],"dipPosition":[57.1403,239.635,-30.2905],"direction":[0.65449,0.0271255,-0.755584],"extended":true,"handId":506,"id":5064,"length":50.5107,"mcpPosition":[20.4145,235.773,10.3099],"pipPosition":[44.3392,239.104,-15.5122],"stabilizedTipPosition":[69.2157,245.795,-41.8267],"timeVisible":0.836078,"tipPosition":[65.9089,238.187,-40.1541],"tipVelocity":[-35.86,-77.1914,0.655339],"tool":false,"touchDistance":0.3356,"touchZone":"hovering","type":4,"width":16.0574}],"r":[[0.993853,-0.0501443,0.0987027],[0.100093,0.787956,-0.607541],[-0.0473087,0.613686,0.788131]],"s":1.61197,"t":[-3.3153,-21.2948,13.6864],"timestamp":97815309480},false],[4,{"currentFrameRate":97.6539,"devices":[],"gestures":[],"hands":[{"armBasis":[[0.933926,0.0709439,-0.350355],[0.108459,0.877668,0.466836],[0.340614,-0.473989,0.811983]],"armWidth":63.72,"confidence":0.926526,"direction":[0.0312046,0.11214,-0.993202],"elbow":[80.5746,107.859,293.751],"grabStrength":0,"id":506,"palmNormal":[-0.128456,-0.984996,-0.115249],"palmPosition":[-17.8169,238.637,20.2607],"palmVelocity":[-12.3584,-77.2714,19.6079],"palmWidth":90.99,"pinchStrength":0,"r":[[0.994074,-0.046942,0.0980488],[0.0975596,0.7831,-0.614196],[-0.0479504,0.620122,0.783039]],"s":1.61082,"sphereCenter":[-39.3242,365.101,-20.0614],"sphereRadius":136.449,"stabilizedPalmPosition":[-14.741,255.81,10.8802],"t":[-3.40861,-22.1365,13.8585],"timeVisible":0.845898,"type":"right","wrist":[-11.3912,235.837,74.516]}],"id":1798813,"interactionBox":{"center":[0,200,0],"size":[235.247,235.247,147.751]},"pointables":[{"bases":[[[0.519849,0.850103,-0.0841527],[-0.752462,0.502312,0.426009],[0.404422,-0.158139,0.900797]],[[0.279924,0.82938,-0.4835],[-0.846841,0.450558,0.282592],[0.452221,0.330343,0.828474]],[[0.279924,0.82938,-0.4835],[-0.71478,0.516266,0.471761],[0.640884,0.213539,0.737339]],[[0.279924,0.82938,-0.4835],[-0.363567,0.557705,0.74618],[0.888517,-0.0330886,0.45765]]],"btipPosition":[-106.363,205.558,-1.00166],"carpPosition":[-41.1432,228.555,76.2045],"dipPosition":[-85.5683,204.784,9.709],"direction":[-0.640884,-0.213539,-0.737339],"extended":true,"handId":506,"id":5060,"length":52.1164,"mcpPosition":[-41.1432,228.555,76.2045],"pipPosition":[-63.717,212.065,34.849],"stabilizedTipPosition":[-96.9365,220.825,-10.831],"timeVisible":0.845898,"tipPosition":[-101.636,205.311,1.68579],"tipVelocity":[3.75701,-106.385,43.3251],"tool":false,"touchDistance":0.397359,"touchZone":"hovering","type":0,"width":20.25},{"bases":[[[0.982392,-0.110488,-0.150661],[0.10691,0.993764,-0.0316736],[0.153221,0.0150088,0.988078]],[[0.972637,-0.111139,-0.204022],[0.161728,0.954345,0.251137],[0.166796,-0.277262,0.946206]],[[0.972637,-0.111139,-0.204022],[0.154086,0.965817,0.208456],[0.17388,-0.234189,0.956515]],[[0.972637,-0.111139,-0.204022],[0.147133,0.974276,0.1707],[0.179802,-0.196047,0.963969]]],"btipPosition":[-56.0161,267.774,-84.9711],"carpPosition":[-30.303,247.956,67.962],"dipPosition":[-52.9441,264.425,-68.5011],"direction":[-0.17388,0.234189,-0.956515],"extended":true,"handId":506,"id":5061,"length":58.8075,"mcpPosition":[-41.5754,246.852,-4.73053],"pipPosition":[-48.7414,258.764,-45.3818],"stabilizedTipPosition":[-53.6868,274.098,-80.9349],"timeVisible":0.845898,"tipPosition":[-55.1804,265.949,-81.3946],"tipVelocity":[-28.8609,-162.908,-0.559669],"tool":false,"touchDistance":0.270051,"touchZone":"hovering","type":1,"width":19.3428},{"bases":[[[0.961345,-0.275227,-0.00816104],[0.274793,0.960866,-0.0349879],[0.0174713,0.0313928,0.999354]],[[0.955112,-0.276975,-0.105101],[0.29607,0.904648,0.30652],[0.0101806,-0.323878,0.946044]],[[0.955112,-0.276975,-0.105101],[0.295305,0.918388,0.263358],[0.0235794,-0.282574,0.958956]],[[0.955112,-0.276975,-0.105101],[0.294112,0.929054,0.224404],[0.0354897,-0.245242,0.968812]]],"btipPosition":[-21.292,274.358,-95.307],"carpPosition":[-18.2449,248.293,65.4908],"dipPosition":[-20.6251,269.75,-77.1011],"direction":[-0.0235794,0.282574,-0.958956],"extended":true,"handId":506,"id":5062,"length":67.0064,"mcpPosition":[-19.4638,246.103,-4.23214],"pipPosition":[-19.9545,261.714,-49.8318],"stabilizedTipPosition":[-19.5872,280.615,-90.5972],"timeVisible":0.845898,"tipPosition":[-20.9295,272.168,-91.3965],"tipVelocity":[-31.0579,-138.392,-0.0478622],"tool":false,"touchDistance":0.197552,"touchZone":"hovering","type":2,"width":18.9972},{"bases":[[[0.929969,-0.339254,0.141652],[0.343192,0.939258,-0.0036065],[-0.131824,0.0519678,0.98991]],[[0.932971,-0.340446,0.116885],[0.279883,0.890315,0.359171],[-0.226343,-0.302382,0.925923]],[[0.932971,-0.340446,0.116885],[0.292462,0.906263,0.305211],[-0.209837,-0.250569,0.945084]],[[0.932971,-0.340446,0.116885],[0.302934,0.918021,0.255869],[-0.194413,-0.20331,0.959619]]],"btipPosition":[21.5561,266.763,-82.9484],"carpPosition":[-6.25958,245.768,64.5397],"dipPosition":[17.9237,262.965,-65.0189],"direction":[0.209837,0.250569,-0.945084],"extended":true,"handId":506,"id":5063,"length":64.4285,"mcpPosition":[1.9979,242.513,2.53173],"pipPosition":[12.1108,256.023,-38.8381],"stabilizedTipPosition":[23.9144,274.065,-77.9086],"timeVisible":0.845898,"tipPosition":[21.3323,265.046,-78.856],"tipVelocity":[-37.329,-136.654,-6.14047],"tool":false,"touchDistance":0.253609,"touchZone":"hovering","type":3,"width":18.077},{"bases":[[[0.838887,-0.481457,0.253907],[0.470654,0.875934,0.10594],[-0.273411,0.0306308,0.961409]],[[0.687347,-0.439282,0.578433],[0.269787,0.893814,0.358207],[-0.674365,-0.0901586,0.732873]],[[0.687347,-0.439282,0.578433],[0.319654,0.89806,0.302175],[-0.652208,-0.0228009,0.757697]],[[0.687347,-0.439282,0.578433],[0.362283,0.89759,0.251163],[-0.629528,0.0369199,0.7761]]],"btipPosition":[67.7929,237.806,-43.6625],"carpPosition":[4.48663,236.585,66.196],"dipPosition":[56.9419,238.443,-30.285],"direction":[0.652208,0.0228009,-0.757697],"extended":true,"handId":506,"id":5064,"length":50.5107,"mcpPosition":[20.3404,234.809,10.4484],"pipPosition":[44.1855,237.997,-15.4654],"stabilizedTipPosition":[68.9411,245.246,-41.7398],"timeVisible":0.845898,"tipPosition":[65.6924,236.949,-40.1588],"tipVelocity":[-32.1559,-92.0808,-0.0426608],"tool":false,"touchDistance":0.335122,"touchZone":"hovering","type":4,"width":16.0574}],"r":[[0.994074,-0.046942,0.0980488],[0.0975596,0.7831,-0.614196],[-0.0479504,0.620122,0.783039]],"s":1.61082,"t":[-3.40861,-22.1365,13.8585],"timestamp":97815319300},false],[5,{"currentFrameRate":97.7197,"devices":[],"gestures":[],"hands":[{"armBasis":[[0.934889,0.0722355,-0.347512],[0.107692,0.875191,0.471638],[0.338208,-0.478354,0.810428]],"armWidth":63.72,"confidence":0.92928,"direction":[0.0301812,0.107926,-0.993701],"elbow":[79.8987,105.686,293.548],"grabStrength":0,"id":506,"palmNormal":[-0.128023,-0.985548,-0.110929],"palmPosition":[-17.8973,237.407,20.4721],"palmVelocity":[-11.0273,-90.7256,20.0043],"palmWidth":90.99,"pinchStrength":0,"r":[[0.994269,-0.0441916,0.0973511],[0.0953305,0.778653,-0.62017],[-0.0483964,0.625896,0.778403]],"s":1.6096,"sphereCenter":[-39.6559,363.99,-20.289],"sphereRadius":136.671,"stabilizedPalmPosition":[-14.8371,255.25,11.1723],"t":[-3.49546,-23.1723,14.0501],"timeVisible":0.856,"type":"right","wrist":[-11.4175,234.841,74.7325]}],"id":1798814,"interactionBox":{"center":[0,200,0],"size":[235.247,235.247,147.751]},"pointables":[{"bases":[[[0.519297,0.850022,-0.0882762],[-0.752327,0.503708,0.424596],[0.405382,-0.154079,0.901069]],[[0.279937,0.827857,-0.486096],[-0.847249,0.451148,0.280418],[0.451447,0.333345,0.827694]],[[0.279937,0.827857,-0.486096],[-0.715025,0.517667,0.46985],[0.640604,0.216042,0.736853]],[[0.279937,0.827857,-0.486096],[-0.361288,0.559962,0.745596],[0.889442,-0.0330993,0.455848]]],"btipPosition":[-106.357,204.319,-0.627571],"carpPosition":[-41.1639,227.55,76.4808],"dipPosition":[-85.5408,203.544,10.0409],"direction":[-0.640604,-0.216042,-0.736853],"extended":true,"handId":506,"id":5060,"length":52.1164,"mcpPosition":[-41.1639,227.55,76.4808],"pipPosition":[-63.699,210.91,35.1643],"stabilizedTipPosition":[-97.2594,219.662,-9.94879],"timeVisible":0.856,"tipPosition":[-101.656,204.031,2.06544],"tipVelocity":[2.94328,-111.314,41.1305],"tool":false,"touchDistance":0.396422,"touchZone":"hovering","type":0,"width":20.25},{"bases":[[[0.982306,-0.11059,-0.151142],[0.106329,0.993679,-0.0360086],[0.154169,0.0193006,0.987856]],[[0.972487,-0.111474,-0.204554],[0.1617,0.955103,0.248257],[0.167696,-0.274503,0.946851]],[[0.972487,-0.111474,-0.204554],[0.15399,0.966488,0.205396],[0.174803,-0.231244,0.957063]],[[0.972487,-0.111474,-0.204554],[0.146972,0.974861,0.167467],[0.180744,-0.192923,0.964423]]],"btipPosition":[-56.2023,266.182,-84.8202],"carpPosition":[-30.3424,246.923,68.1453],"dipPosition":[-53.1142,262.885,-68.3425],"direction":[-0.174803,0.231244,-0.957063],"extended":true,"handId":506,"id":5061,"length":58.8075,"mcpPosition":[-41.6845,245.503,-4.53091],"pipPosition":[-48.8891,257.296,-45.2099],"stabilizedTipPosition":[-54.1575,271.836,-80.9598],"timeVisible":0.856,"tipPosition":[-55.3729,264.377,-81.2369],"tipVelocity":[-25.5946,-160.946,4.18248],"tool":false,"touchDistance":0.276417,"touchZone":"hovering","type":1,"width":19.3428},{"bases":[[[0.961488,-0.274732,-0.00792179],[0.274228,0.960859,-0.0393457],[0.0184213,0.0356581,0.999194]],[[0.955131,-0.276898,-0.105125],[0.295964,0.905897,0.302911],[0.0113569,-0.320434,0.947203]],[[0.955131,-0.276898,-0.105125],[0.295128,0.919683,0.259004],[0.0249641,-0.278408,0.960138]],[[0.955131,-0.276898,-0.105125],[0.293855,0.930337,0.219368],[0.0370591,-0.240417,0.969962]]],"btipPosition":[-21.5258,272.648,-95.2367],"carpPosition":[-18.2869,247.256,65.661],"dipPosition":[-20.8294,268.13,-77.0092],"direction":[-0.0249641,0.278408,-0.960138],"extended":true,"handId":506,"id":5062,"length":67.0064,"mcpPosition":[-19.5721,244.768,-4.05078],"pipPosition":[-20.1195,260.213,-49.7063],"stabilizedTipPosition":[-19.9783,278.635,-90.6956],"timeVisible":0.856,"tipPosition":[-21.1545,270.503,-91.3115],"tipVelocity":[-28.4604,-147.119,2.21948],"tool":false,"touchDistance":0.205509,"touchZone":"hovering","type":2,"width":18.9972},{"bases":[[[0.930293,-0.338137,0.142193],[0.342669,0.939423,-0.00793896],[-0.130895,0.0561107,0.989807]],[[0.933358,-0.339471,0.116625],[0.279731,0.891514,0.356306],[-0.224929,-0.299937,0.927062]],[[0.933358,-0.339471,0.116625],[0.292418,0.907543,0.301427],[-0.208168,-0.247236,0.94633]],[[0.933358,-0.339471,0.116625],[0.302964,0.919293,0.251224],[-0.192496,-0.199149,0.960877]]],"btipPosition":[21.3112,265.189,-82.8816],"carpPosition":[-6.30107,244.733,64.709],"dipPosition":[17.7146,261.468,-64.9285],"direction":[0.208168,0.247236,-0.94633],"extended":true,"handId":506,"id":5063,"length":64.4285,"mcpPosition":[1.89818,241.218,2.70748],"pipPosition":[11.9479,254.62,-38.7133],"stabilizedTipPosition":[23.2671,272.229,-78.0678],"timeVisible":0.856,"tipPosition":[21.0865,263.498,-78.7841],"tipVelocity":[-33.1245,-141.908,-2.11922],"tool":false,"touchDistance":0.258402,"touchZone":"hovering","type":3,"width":18.077},{"bases":[[[0.839398,-0.479911,0.255141],[0.470272,0.876636,0.101752],[-0.272498,0.0345748,0.961535]],[[0.690257,-0.437209,0.576536],[0.270265,0.894918,0.355075],[-0.671194,-0.0892755,0.735886]],[[0.690257,-0.437209,0.576536],[0.320263,0.899107,0.298391],[-0.648827,-0.0213235,0.760637]],[[0.690257,-0.437209,0.576536],[0.362988,0.898517,0.246792],[-0.625927,0.0389255,0.77891]]],"btipPosition":[67.4648,236.461,-43.6843],"carpPosition":[4.45181,235.563,66.3939],"dipPosition":[56.6758,237.132,-30.2584],"direction":[0.648827,0.0213235,-0.760637],"extended":true,"handId":506,"id":5064,"length":50.5107,"mcpPosition":[20.2526,233.558,10.6391],"pipPosition":[43.9855,236.715,-15.3812],"stabilizedTipPosition":[68.6196,244.544,-41.6469],"timeVisible":0.856,"tipPosition":[65.4141,235.648,-40.1415],"tipVelocity":[-31.8269,-104.276,-0.34857],"tool":false,"touchDistance":0.334783,"touchZone":"hovering","type":4,"width":16.0574}],"r":[[0.994269,-0.0441916,0.0973511],[0.0953305,0.778653,-0.62017],[-0.0483964,0.625896,0.778403]],"s":1.6096,"t":[-3.49546,-23.1723,14.0501],"timestamp":97815329402},false],[6,{"currentFrameRate":98.0205,"devices":[],"gestures":[],"hands":[{"armBasis":[[0.934293,0.073499,-0.348847],[0.108286,0.873781,0.474111],[0.339663,-0.480734,0.808408]],"armWidth":63.72,"confidence":0.935642,"direction":[0.0305747,0.104527,-0.994052],"elbow":[80.1869,104.411,293.21],"grabStrength":0,"id":506,"palmNormal":[-0.129325,-0.985744,-0.107632],"palmPosition":[-17.9848,236.6,20.6688],"palmVelocity":[-10.4721,-88.7917,20.1457],"palmWidth":90.99,"pinchStrength":0,"r":[[0.994403,-0.0421978,0.0968566],[0.0937901,0.774613,-0.625442],[-0.0486341,0.631026,0.774236]],"s":1.60829,"sphereCenter":[-39.5831,363.256,-20.4323],"sphereRadius":136.75,"stabilizedPalmPosition":[-14.9442,254.616,11.4953],"t":[-3.58264,-24.0939,14.2444],"timeVisible":0.865603,"type":"right","wrist":[-11.5221,234.209,74.9393]}],"id":1798815,"interactionBox":{"center":[0,200,0],"size":[235.247,235.247,147.751]},"pointables":[{"bases":[[[0.520466,0.849018,-0.0910151],[-0.751752,0.506154,0.422701],[0.404949,-0.151581,0.901687]],[[0.282259,0.826282,-0.48743],[-0.847187,0.453083,0.277472],[0.450116,0.334626,0.827902]],[[0.282259,0.826282,-0.48743],[-0.715237,0.519867,0.467092],[0.639348,0.216787,0.737724]],[[0.282259,0.826282,-0.48743],[-0.359354,0.562163,0.744874],[0.889491,-0.0350874,0.455603]]],"btipPosition":[-106.364,203.69,-0.438086],"carpPosition":[-41.2786,226.964,76.7047],"dipPosition":[-85.5463,202.868,10.2247],"direction":[-0.639348,-0.216787,-0.737724],"extended":true,"handId":506,"id":5060,"length":52.1164,"mcpPosition":[-41.2786,226.964,76.7047],"pipPosition":[-63.7473,210.26,35.3778],"stabilizedTipPosition":[-97.564,218.521,-9.10462],"timeVisible":0.865603,"tipPosition":[-101.702,203.354,2.27812],"tipVelocity":[1.89727,-98.3614,34.8846],"tool":false,"touchDistance":0.392936,"touchZone":"hovering","type":0,"width":20.25},{"bases":[[[0.982194,-0.112425,-0.150518],[0.10768,0.993407,-0.039338],[0.153949,0.0224297,0.987824]],[[0.972353,-0.113479,-0.204089],[0.16361,0.954669,0.248673],[0.166619,-0.275189,0.946842]],[[0.972353,-0.113479,-0.204089],[0.155962,0.966065,0.2059],[0.173798,-0.232037,0.957054]],[[0.972353,-0.113479,-0.204089],[0.148988,0.974463,0.168004],[0.179812,-0.193766,0.964428]]],"btipPosition":[-56.1862,265.385,-84.6562],"carpPosition":[-30.4289,246.293,68.3065],"dipPosition":[-53.1139,262.074,-68.1783],"direction":[-0.173798,0.232037,-0.957054],"extended":true,"handId":506,"id":5061,"length":58.8075,"mcpPosition":[-41.7548,244.643,-4.36737],"pipPosition":[-48.9132,256.466,-45.046],"stabilizedTipPosition":[-54.4956,269.992,-80.9359],"timeVisible":0.865603,"tipPosition":[-55.384,263.547,-81.077],"tipVelocity":[-17.794,-138.426,7.92458],"tool":false,"touchDistance":0.281283,"touchZone":"hovering","type":1,"width":19.3428},{"bases":[[[0.961118,-0.276054,-0.00674957],[0.275535,0.96035,-0.0425216],[0.0182202,0.0390085,0.999073]],[[0.954759,-0.278543,-0.104156],[0.297188,0.906261,0.300615],[0.0106583,-0.317969,0.948041]],[[0.954759,-0.278543,-0.104156],[0.296369,0.920089,0.256127],[0.0244904,-0.275408,0.961015]],[[0.954759,-0.278543,-0.104156],[0.295095,0.930743,0.215956],[0.0367892,-0.236922,0.970832]]],"btipPosition":[-21.545,271.49,-95.1468],"carpPosition":[-18.3723,246.602,65.8242],"dipPosition":[-20.8537,267.038,-76.9029],"direction":[-0.0244904,0.275408,-0.961015],"extended":true,"handId":506,"id":5062,"length":67.0064,"mcpPosition":[-19.6435,243.88,-3.87915],"pipPosition":[-20.1573,259.206,-49.5751],"stabilizedTipPosition":[-20.2868,276.844,-90.7515],"timeVisible":0.865603,"tipPosition":[-21.1795,269.376,-91.2113],"tipVelocity":[-20.8227,-138.957,4.40566],"tool":false,"touchDistance":0.212177,"touchZone":"hovering","type":2,"width":18.9972},{"bases":[[[0.9298,-0.338909,0.143571],[0.343939,0.938927,-0.0110252],[-0.131066,0.0596307,0.989579]],[[0.932938,-0.340367,0.117374],[0.280983,0.892149,0.353721],[-0.22511,-0.297019,0.927957]],[[0.932938,-0.340367,0.117374],[0.293836,0.90819,0.298079],[-0.208054,-0.243601,0.947297]],[[0.932938,-0.340367,0.117374],[0.304506,0.919881,0.247173],[-0.1921,-0.194856,0.961836]]],"btipPosition":[21.2308,263.984,-82.7772],"carpPosition":[-6.38974,244.06,64.8837],"dipPosition":[17.6416,260.343,-64.8063],"direction":[0.208054,0.243601,-0.947297],"extended":true,"handId":506,"id":5063,"length":64.4285,"mcpPosition":[1.82022,240.324,2.89652],"pipPosition":[11.8781,253.595,-38.5642],"stabilizedTipPosition":[22.7223,270.5,-78.1775],"timeVisible":0.865603,"tipPosition":[21.007,262.335,-78.6684],"tipVelocity":[-25.8946,-136.594,1.77093],"tool":false,"touchDistance":0.263062,"touchZone":"hovering","type":3,"width":18.077},{"bases":[[[0.838686,-0.480178,0.256974],[0.47143,0.876339,0.0989101],[-0.27269,0.0381906,0.961344]],[[0.691716,-0.437003,0.574941],[0.272132,0.895172,0.353002],[-0.668934,-0.0877172,0.738128]],[[0.691716,-0.437003,0.574941],[0.322297,0.899253,0.29575],[-0.646261,-0.0192738,0.762873]],[[0.691716,-0.437003,0.574941],[0.36514,0.898506,0.243637],[-0.623058,0.0414057,0.781079]]],"btipPosition":[67.1949,235.431,-43.6251],"carpPosition":[4.35034,234.881,66.6023],"dipPosition":[56.4554,236.145,-30.1618],"direction":[0.646261,0.0192738,-0.762873],"extended":true,"handId":506,"id":5064,"length":50.5107,"mcpPosition":[20.1623,232.666,10.8587],"pipPosition":[43.8153,235.768,-15.241],"stabilizedTipPosition":[68.2868,243.78,-41.5513],"timeVisible":0.865603,"tipPosition":[65.1893,234.662,-40.0458],"tipVelocity":[-30.4025,-104.838,1.79817],"tool":false,"touchDistance":0.335654,"touchZone":"hovering","type":4,"width":16.0574}],"r":[[0.994403,-0.0421978,0.0968566],[0.0937901,0.774613,-0.625442],[-0.0486341,0.631026,0.774236]],"s":1.60829,"t":[-3.