{"sensorType":"Leap","data":[[0,{"currentFrameRate":97.618,"devices":[],"gestures":[],"hands":[{"armBasis":[[0.956778,0.02952,-0.289319],[0.110777,0.882842,0.456418],[0.268896,-0.468741,0.841414]],"armWidth":63.72,"confidence":0.391261,"direction":[0.151138,0.655111,-0.740262],"elbow":[61.8911,120.91,256.474],"grabStrength":0,"id":506,"palmNormal":[-0.074403,-0.739201,-0.669363],"palmPosition":[-10.3847,280.843,-14.0538],"palmVelocity":[-7.2822,3.1679,-1.63475],"palmWidth":90.99,"pinchStrength":0,"r":[[0.973247,-0.140505,0.181794],[0.15656,0.984651,-0.0771391],[-0.168165,0.103537,0.980306]],"s":1.29457,"sphereCenter":[-27.8973,263.952,-58.0622],"sphereRadius":49.89,"stabilizedPalmPosition":[-10.36,280.87,-14.0815],"t":[3.97002,19.2467,-20.3077],"timeVisible":3.34451,"type":"right","wrist":[-10.7109,247.47,29.292]}],"id":1799063,"interactionBox":{"center":[0,200,0],"size":[235.247,235.247,147.751]},"pointables":[{"bases":[[[0.492686,0.726123,0.47959],[-0.819002,0.200658,0.537561],[0.294102,-0.657634,0.693557]],[[0.484509,0.743732,0.460558],[-0.801536,0.166537,0.574288],[0.350416,-0.647401,0.676816]],[[0.484509,0.743732,0.460558],[-0.831482,0.555127,-0.021723],[-0.271824,-0.372421,0.887364]],[[0.484509,0.743732,0.460558],[-0.765747,0.615123,-0.187762],[-0.422945,-0.261698,0.867543]]],"btipPosition":[-38.4578,292.838,-61.5432],"carpPosition":[-40.1323,241.699,22.8007],"dipPosition":[-48.3563,286.713,-41.2396],"direction":[0.271824,0.372421,-0.887364],"extended":false,"handId":506,"id":5060,"length":52.1164,"mcpPosition":[-40.1323,241.699,22.8007],"pipPosition":[-57.6243,274.015,-10.9844],"stabilizedTipPosition":[-40.7335,291.489,-56.8383],"timeVisible":3.34451,"tipPosition":[-40.4916,291.026,-57.0632],"tipVelocity":[-3.86733,1.30233,-6.36081],"tool":false,"touchDistance":-0.297839,"touchZone":"touching","type":0,"width":20.25},{"bases":[[[0.997092,-0.0440311,-0.0622066],[0.0711307,0.830714,0.552137],[0.0273647,-0.554956,0.83143]],[[0.994662,-0.0175906,-0.101675],[0.0622422,0.888191,0.455239],[0.0822985,-0.459137,0.884545]],[[0.994662,-0.0175906,-0.101675],[0.050714,0.941476,0.333242],[0.0898623,-0.336619,0.937343]],[[0.994662,-0.0175906,-0.101675],[0.0411825,0.971156,0.234862],[0.0946105,-0.237796,0.966696]]],"btipPosition":[-38.4476,334.655,-109.867],"carpPosition":[-29.1102,261.902,28.4757],"dipPosition":[-36.8311,330.592,-93.3503],"direction":[-0.0898623,0.336619,-0.937343],"extended":true,"handId":506,"id":5061,"length":58.8075,"mcpPosition":[-31.1234,302.73,-32.6922],"pipPosition":[-34.6591,322.456,-70.6944],"stabilizedTipPosition":[-38.0718,333.707,-106.078],"timeVisible":3.34451,"tipPosition":[-37.5762,332.469,-106.541],"tipVelocity":[-14.7398,36.0063,11.4558],"tool":false,"touchDistance":-0.280265,"touchZone":"touching","type":1,"width":19.3428},{"bases":[[[0.964788,-0.25957,-0.0425137],[0.23926,0.798925,0.551791],[-0.109263,-0.542533,0.832898]],[[0.966288,-0.251577,-0.0547373],[0.117801,0.621059,-0.774861],[0.228932,0.742291,0.629758]],[[0.966288,-0.251577,-0.0547373],[-0.130911,-0.297026,-0.945853],[0.221696,0.921132,-0.319947]],[[0.966288,-0.251577,-0.0547373],[-0.209987,-0.647075,-0.732939],[0.148971,0.719724,-0.678089]]],"btipPosition":[-29.3751,225.461,-38.4553],"carpPosition":[-16.8598,263.107,28.1681],"dipPosition":[-26.5756,238.986,-51.1979],"direction":[-0.221696,-0.921132,0.319947],"extended":false,"handId":506,"id":5062,"length":67.0064,"mcpPosition":[-9.23674,300.958,-29.9415],"pipPosition":[-20.2713,265.18,-60.2961],"stabilizedTipPosition":[-28.5843,228.046,-41.621],"timeVisible":3.34451,"tipPosition":[-28.843,228.356,-42.3367],"tipVelocity":[5.52048,7.42002,8.85468],"tool":false,"touchDistance":0.333333,"touchZone":"none","type":2,"width":18.9972},{"bases":[[[0.917393,-0.396062,0.0390429],[0.303974,0.760636,0.573613],[-0.256884,-0.514361,0.818195]],[[0.924825,-0.380135,0.0139849],[0.255643,0.593886,-0.762854],[0.281682,0.709082,0.64642]],[[0.924825,-0.380135,0.0139849],[-0.109245,-0.300638,-0.947461],[0.364367,0.874708,-0.319565]],[[0.924825,-0.380135,0.0139849],[-0.250405,-0.636059,-0.729881],[0.286349,0.671511,-0.683431]]],"btipPosition":[-16.6985,224.859,-31.0498],"carpPosition":[-4.76041,261.098,27.4619],"dipPosition":[-11.3484,237.405,-43.819],"direction":[-0.364367,-0.874708,0.319565],"extended":false,"handId":506,"id":5063,"length":64.4285,"mcpPosition":[11.3308,293.318,-23.7898],"pipPosition":[-1.25464,261.636,-52.6716],"stabilizedTipPosition":[-15.3328,227.031,-34.518],"timeVisible":3.34451,"tipPosition":[-15.5555,227.425,-34.9683],"tipVelocity":[5.21618,13.6985,14.0548],"tool":false,"touchDistance":0.333333,"touchZone":"none","type":3,"width":18.077},{"bases":[[[0.818576,-0.57313,0.0381598],[0.419064,0.641324,0.64272],[-0.392835,-0.510124,0.76515]],[[0.805089,-0.589742,0.0635287],[0.456054,0.54696,-0.702032],[0.37927,0.594171,0.709306]],[[0.805089,-0.589742,0.0635287],[-0.0867164,-0.222976,-0.970959],[0.58678,0.7762,-0.230656]],[[0.805089,-0.589742,0.0635287],[-0.320959,-0.523202,-0.789459],[0.498815,0.615195,-0.610507]]],"btipPosition":[-4.66309,234.969,-29.4741],"carpPosition":[6.04368,252.184,24.9392],"dipPosition":[3.93489,245.573,-39.9973],"direction":[-0.58678,-0.7762,0.230656],"extended":false,"handId":506,"id":5064,"length":50.5107,"mcpPosition":[28.8223,281.764,-19.4282],"pipPosition":[15.4116,260.754,-44.5087],"stabilizedTipPosition":[-2.53993,236.955,-32.2837],"timeVisible":3.34451,"tipPosition":[-2.70581,237.221,-32.7685],"tipVelocity":[1.31626,10.5209,12.3006],"tool":false,"touchDistance":0.333333,"touchZone":"none","type":4,"width":16.0574}],"r":[[0.973247,-0.140505,0.181794],[0.15656,0.984651,-0.0771391],[-0.168165,0.103537,0.980306]],"s":1.29457,"t":[3.97002,19.2467,-20.3077],"timestamp":97817817915},true],[1,{"currentFrameRate":97.8376,"devices":[],"gestures":[],"hands":[{"armBasis":[[0.959877,0.0527825,-0.275411],[0.0841123,0.882712,0.462325],[0.267511,-0.46694,0.842855]],"armWidth":63.72,"confidence":0.392352,"direction":[0.149357,0.663572,-0.733052],"elbow":[61.3746,120.424,256.78],"grabStrength":0,"id":506,"palmNormal":[-0.0469774,-0.735768,-0.675602],"palmPosition":[-10.5198,280.184,-13.8944],"palmVelocity":[-9.20252,-17.6292,3.64719],"palmWidth":90.99,"pinchStrength":0,"r":[[0.973161,-0.135943,0.185679],[0.151934,0.985561,-0.0747331],[-0.172838,0.100938,0.979764]],"s":1.296,"sphereCenter":[-27.4414,263.556,-58.2234],"sphereRadius":50.0014,"stabilizedPalmPosition":[-10.4457,280.501,-13.9811],"t":[3.88265,18.9075,-20.2162],"timeVisible":3.3543,"type":"right","wrist":[-10.8534,246.497,29.2091]}],"id":1799064,"interactionBox":{"center":[0,200,0],"size":[235.247,235.247,147.751]},"pointables":[{"bases":[[[0.468597,0.733114,0.492911],[-0.832148,0.179001,0.52487],[0.296558,-0.656127,0.693938]],[[0.460613,0.750161,0.47444],[-0.814257,0.144363,0.562268],[0.3533,-0.645304,0.67732]],[[0.460613,0.750161,0.47444],[-0.84313,0.536855,-0.0302903],[-0.277428,-0.386063,0.879767]],[[0.460613,0.750161,0.47444],[-0.776292,0.599635,-0.194445],[-0.430356,-0.27874,0.858544]]],"btipPosition":[-38.1332,292.037,-61.7224],"carpPosition":[-40.0283,240.139,22.1769],"dipPosition":[-48.2051,285.514,-41.6294],"direction":[0.277428,0.386063,-0.879767],"extended":false,"handId":506,"id":5060,"length":52.1164,"mcpPosition":[-40.0283,240.139,22.1769],"pipPosition":[-57.6642,272.351,-11.6332],"stabilizedTipPosition":[-40.6392,291.173,-56.9256],"timeVisible":3.3543,"tipPosition":[-40.1769,290.12,-57.2968],"tipVelocity":[5.84463,-25.9478,-11.342],"tool":false,"touchDistance":-0.299804,"touchZone":"touching","type":0,"width":20.25},{"bases":[[[0.998723,-0.0220066,-0.0454789],[0.0436994,0.828036,0.558969],[0.0253572,-0.560243,0.82794]],[[0.996203,0.0060566,-0.0868537],[0.0355677,0.882227,0.469478],[0.0794681,-0.470784,0.878662]],[[0.996203,0.0060566,-0.0868537],[0.0248342,0.936368,0.350142],[0.0834476,-0.350969,0.932661]],[[0.996203,0.0060566,-0.0868537],[0.0162212,0.967199,0.253502],[0.0855401,-0.253948,0.963428]]],"btipPosition":[-38.3038,334.799,-109.486],"carpPosition":[-29.5457,260.535,28.1781],"dipPosition":[-36.8423,330.46,-93.0254],"direction":[-0.0834476,0.350969,-0.932661],"extended":true,"handId":506,"id":5061,"length":58.8075,"mcpPosition":[-31.4112,301.751,-32.7331],"pipPosition":[-34.8253,321.977,-70.4826],"stabilizedTipPosition":[-37.9806,333.79,-105.747],"timeVisible":3.3543,"tipPosition":[-37.4424,332.48,-106.208],"tipVelocity":[-7.14075,27.8348,19.1615],"tool":false,"touchDistance":-0.274132,"touchZone":"touching","type":1,"width":19.3428},{"bases":[[[0.970785,-0.23833,-0.0278228],[0.212462,0.799894,0.561275],[-0.111514,-0.550789,0.827162]],[[0.972338,-0.230105,-0.0401337],[0.11689,0.62811,-0.769295],[0.202227,0.743323,0.637632]],[[0.972338,-0.230105,-0.0401337],[-0.10977,-0.298488,-0.94808],[0.206178,0.92626,-0.31549]],[[0.972338,-0.230105,-0.0401337],[-0.184582,-0.651658,-0.735711],[0.143137,0.722768,-0.676105]]],"btipPosition":[-27.841,224.683,-38.6788],"carpPosition":[-17.3209,262.006,28.0879],"dipPosition":[-25.1512,238.266,-51.3842],"direction":[-0.206178,-0.92626,0.31549],"extended":false,"handId":506,"id":5062,"length":67.0064,"mcpPosition":[-9.54084,300.433,-29.6215],"pipPosition":[-19.2882,264.605,-60.3556],"stabilizedTipPosition":[-28.4068,228.015,-41.6184],"timeVisible":3.3543,"tipPosition":[-27.3189,227.587,-42.5857],"tipVelocity":[49.3237,-17.7891,-0.226087],"tool":false,"touchDistance":0.333333,"touchZone":"none","type":2,"width":18.9972},{"bases":[[[0.924997,-0.376403,0.0519725],[0.277615,0.762857,0.583935],[-0.259442,-0.52571,0.810135]],[[0.93245,-0.360262,0.0273432],[0.256135,0.605769,-0.753285],[0.254816,0.709404,0.657126]],[[0.93245,-0.360262,0.0273432],[-0.0868549,-0.296976,-0.950927],[0.350703,0.884317,-0.308206]],[[0.93245,-0.360262,0.0273432],[-0.224776,-0.637696,-0.736763],[0.282864,0.680849,-0.675598]]],"btipPosition":[-15.3044,224.281,-31.3716],"carpPosition":[-5.1705,260.265,27.5746],"dipPosition":[-10.0193,237.002,-43.9945],"direction":[-0.350703,-0.884317,0.308206],"extended":false,"handId":506,"id":5063,"length":64.4285,"mcpPosition":[11.081,293.195,-23.1723],"pipPosition":[-0.304134,261.499,-52.5324],"stabilizedTipPosition":[-15.1904,227.051,-34.4902],"timeVisible":3.3543,"tipPosition":[-14.1576,226.877,-35.2205],"tipVelocity":[45.2056,-6.52863,1.238],"tool":false,"touchDistance":0.333333,"touchZone":"none","type":3,"width":18.077},{"bases":[[[0.830082,-0.555555,0.0481853],[0.394087,0.645563,0.654174],[-0.394536,-0.524029,0.754808]],[[0.816352,-0.572856,0.0735295],[0.456181,0.561467,-0.690401],[0.354215,0.597152,0.719681]],[[0.816352,-0.572856,0.0735295],[-0.0673219,-0.220826,-0.972987],[0.573618,0.789349,-0.218838]],[[0.816352,-0.572856,0.0735295],[-0.298593,-0.527593,-0.795291],[0.494381,0.627282,-0.601752]]],"btipPosition":[-3.52231,234.624,-29.3871],"carpPosition":[5.86601,251.604,25.1754],"dipPosition":[4.99923,245.437,-39.7594],"direction":[-0.573618,-0.789349,0.218838],"extended":false,"handId":506,"id":5064,"length":50.5107,"mcpPosition":[28.7433,281.99,-18.5923],"pipPosition":[16.2185,260.876,-44.0396],"stabilizedTipPosition":[-2.41436,236.975,-32.2181],"timeVisible":3.3543,"tipPosition":[-1.56835,236.921,-32.6494],"tipVelocity":[34.7477,-1.49596,12.3421],"tool":false,"touchDistance":0.333333,"touchZone":"none","type":4,"width":16.0574}],"r":[[0.973161,-0.135943,0.185679],[0.151934,0.985561,-0.0747331],[-0.172838,0.100938,0.979764]],"s":1.296,"t":[3.88265,18.9075,-20.2162],"timestamp":97817827698},true],[2,{"currentFrameRate":98.0285,"devices":[],"gestures":[],"hands":[{"armBasis":[[0.961491,0.0661161,-0.266766],[0.0687609,0.881896,0.466403],[0.266096,-0.466785,0.843388]],"armWidth":63.72,"confidence":0.400225,"direction":[0.148463,0.668307,-0.728921],"elbow":[60.9221,119.972,256.928],"grabStrength":0,"id":506,"palmNormal":[-0.0312908,-0.733545,-0.67892],"palmPosition":[-10.5766,279.866,-13.7519],"palmVelocity":[-8.19382,-21.9868,6.85544],"palmWidth":90.99,"pinchStrength":0,"r":[[0.973009,-0.130072,0.190617],[0.145956,0.986686,-0.0717461],[-0.178747,0.0976313,0.979039]],"s":1.29747,"sphereCenter":[-27.3715,263.526,-58.2031],"sphereRadius":50.0928,"stabilizedPalmPosition":[-10.5133,280.173,-13.8628],"t":[3.81053,18.579,-20.0992],"timeVisible":3.36412,"type":"right","wrist":[-10.9239,246.004,29.2134]}],"id":1799065,"interactionBox":{"center":[0,200,0],"size":[235.247,235.247,147.751]},"pointables":[{"bases":[[[0.454696,0.736774,0.500416],[-0.839423,0.16671,0.517279],[0.297693,-0.655265,0.694267]],[[0.446741,0.753687,0.482056],[-0.821396,0.131976,0.554879],[0.354586,-0.643847,0.678034]],[[0.446741,0.753687,0.482056],[-0.849415,0.526498,-0.0359839],[-0.280922,-0.39339,0.875401]],[[0.446741,0.753687,0.482056],[-0.781426,0.591087,-0.199975],[-0.435655,-0.287354,0.853013]]],"btipPosition":[-37.8739,291.595,-61.7898],"carpPosition":[-39.9479,239.318,21.867],"dipPosition":[-48.0698,284.87,-41.8262],"direction":[0.280922,0.39339,-0.875401],"extended":false,"handId":506,"id":5060,"length":52.1164,"mcpPosition":[-39.9479,239.318,21.867],"pipPosition":[-57.648,271.457,-11.9789],"stabilizedTipPosition":[-40.4941,290.785,-57.0197],"timeVisible":3.36412,"tipPosition":[-39.9403,289.639,-57.3931],"tipVelocity":[11.0631,-32.9733,-10.9126],"tool":false,"touchDistance":-0.299613,"touchZone":"touching","type":0,"width":20.25},{"bases":[[[0.999318,-0.00963803,-0.0356442],[0.0280367,0.826238,0.562624],[0.024028,-0.563239,0.825944]],[[0.996654,0.0201285,-0.0792249],[0.0203868,0.877371,0.479379],[0.0791588,-0.47939,0.874025]],[[0.996654,0.0201285,-0.0792249],[0.00999312,0.931935,0.362488],[0.0811288,-0.362067,0.928615]],[[0.996654,0.0201285,-0.0792249],[0.00180589,0.963549,0.267525],[0.081722,-0.266773,0.960288]]],"btipPosition":[-38.3012,335.158,-109.115],"carpPosition":[-29.7755,259.816,28.052],"dipPosition":[-36.905,330.6,-92.7076],"direction":[-0.0811288,0.362067,-0.928615],"extended":true,"handId":506,"id":5061,"length":58.8075,"mcpPosition":[-31.5432,301.253,-32.7124],"pipPosition":[-34.9441,321.849,-70.2626],"stabilizedTipPosition":[-37.9802,334.028,-105.444],"timeVisible":3.36412,"tipPosition":[-37.4311,332.751,-105.873],"tipVelocity":[-5.40575,28.8884,24.304],"tool":false,"touchDistance":-0.268147,"touchZone":"touching","type":1,"width":19.3428},{"bases":[[[0.973857,-0.226356,-0.0191163],[0.1971,0.800147,0.566495],[-0.112934,-0.555453,0.823844]],[[0.975461,-0.217886,-0.0316379],[0.116014,0.630791,-0.767231],[0.187126,0.744733,0.64059]],[[0.975461,-0.217886,-0.0316379],[-0.0994073,-0.307633,-0.946298],[0.196453,0.926222,-0.321744]],[[0.975461,-0.217886,-0.0316379],[-0.171631,-0.662506,-0.729129],[0.137907,0.716667,-0.683645]]],"btipPosition":[-26.8877,224.487,-38.2693],"carpPosition":[-17.5694,261.437,28.089],"dipPosition":[-24.2962,237.955,-51.1164],"direction":[-0.196453,-0.926222,0.321744],"extended":false,"handId":506,"id":5062,"length":67.0064,"mcpPosition":[-9.69021,300.189,-29.3889],"pipPosition":[-18.7098,264.293,-60.2656],"stabilizedTipPosition":[-28.1321,227.959,-41.5672],"timeVisible":3.36412,"tipPosition":[-26.3886,227.338,-42.3175],"tipVelocity":[62.7534,-19.231,11.1832],"tool":false,"touchDistance":0.333333,"touchZone":"none","type":2,"width":18.9972},{"bases":[[[0.928975,-0.365299,0.0596775],[0.262474,0.763816,0.589655],[-0.260983,-0.532111,0.805448]],[[0.936401,-0.349139,0.0354396],[0.256649,0.612446,-0.747691],[0.239343,0.709234,0.663101]],[[0.936401,-0.349139,0.0354396],[-0.074455,-0.296342,-0.952175],[0.342944,0.888979,-0.30349]],[[0.936401,-0.349139,0.0354396],[-0.210732,-0.640178,-0.738759],[0.280617,0.684306,-0.673038]]],"btipPosition":[-14.4831,224.077,-31.4085],"carpPosition":[-5.39407,259.846,27.6895],"dipPosition":[-9.24009,236.862,-43.9835],"direction":[-0.342944,-0.888979,0.30349],"extended":false,"handId":506,"id":5063,"length":64.4285,"mcpPosition":[10.9539,293.177,-22.7637],"pipPosition":[0.260141,261.489,-52.3908],"stabilizedTipPosition":[-14.9665,227.047,-34.468],"timeVisible":3.36412,"tipPosition":[-13.3365,226.676,-35.2311],"tipVelocity":[56.2666,-10.2931,0.0941788],"tool":false,"touchDistance":0.333333,"touchZone":"none","type":3,"width":18.077},{"bases":[[[0.836302,-0.545579,0.0542442],[0.379673,0.647668,0.660586],[-0.395534,-0.531854,0.748788]],[[0.822386,-0.563328,0.0796451],[0.456486,0.569797,-0.683339],[0.339562,0.598325,0.725744]],[[0.822386,-0.563328,0.0796451],[-0.0560548,-0.219539,-0.973992],[0.566162,0.796533,-0.212123]],[[0.822386,-0.563328,0.0796451],[-0.285819,-0.530124,-0.798296],[0.491924,0.633743,-0.596976]]],"btipPosition":[-2.85343,234.511,-29.2755],"carpPosition":[5.77076,251.331,25.3661],"dipPosition":[5.62578,245.435,-39.5654],"direction":[-0.566162,-0.796533,0.212123],"extended":false,"handId":506,"id":5064,"length":50.5107,"mcpPosition":[28.7059,282.17,-18.0525],"pipPosition":[16.6992,261.014,-43.7143],"stabilizedTipPosition":[-2.2249,236.981,-32.1459],"timeVisible":3.36412,"tipPosition":[-0.903064,236.828,-32.5085],"tipVelocity":[44.3129,-3.69713,12.6247],"tool":false,"touchDistance":0.333333,"touchZone":"none","type":4,"width":16.0574}],"r":[[0.973009,-0.130072,0.190617],[0.145956,0.986686,-0.0717461],[-0.178747,0.0976313,0.979039]],"s":1.29747,"t":[3.81053,18.579,-20.0992],"timestamp":97817837519},true],[3,{"currentFrameRate":98.2276,"devices":[],"gestures":[],"hands":[{"armBasis":[[0.962137,0.0720095,-0.262883],[0.0618234,0.881679,0.467782],[0.265463,-0.466322,0.843844]],"armWidth":63.72,"confidence":0.413695,"direction":[0.14804,0.670202,-0.727264],"elbow":[60.7103,119.885,257.026],"grabStrength":0,"id":506,"palmNormal":[-0.0241853,-0.732694,-0.680129],"palmPosition":[-10.6116,279.72,-13.7255],"palmVelocity":[-6.83356,-19.8998,5.63229],"palmWidth":90.99,"pinchStrength":0,"r":[[0.972803,-0.124368,0.195415],[0.140129,0.987729,-0.0689594],[-0.184441,0.0944672,0.978293]],"s":1.29879,"sphereCenter":[-27.5202,263.582,-58.1915],"sphereRadius":50.1607,"stabilizedPalmPosition":[-10.562,279.948,-13.7947],"t":[3.75698,18.3418,-20.0274],"timeVisible":3.3739,"type":"right","wrist":[-10.9648,245.792,29.1882]}],"id":1799066,"interactionBox":{"center":[0,200,0],"size":[235.247,235.247,147.751]},"pointables":[{"bases":[[[0.448364,0.738525,0.503537],[-0.842647,0.161302,0.513739],[0.298188,-0.654646,0.694638]],[[0.440432,0.755352,0.485244],[-0.824558,0.12653,0.551448],[0.35514,-0.642988,0.678559]],[[0.440432,0.755352,0.485244],[-0.852199,0.521782,-0.0387293],[-0.282446,-0.396467,0.87352]],[[0.440432,0.755352,0.485244],[-0.78342,0.587336,-0.203201],[-0.43849,-0.290654,0.850439]]],"btipPosition":[-37.7534,291.374,-61.8572],"carpPosition":[-39.9181,238.958,21.7014],"dipPosition":[-48.0157,284.572,-41.9539],"direction":[0.282446,0.396467,-0.87352],"extended":false,"handId":506,"id":5060,"length":52.1164,"mcpPosition":[-39.9181,238.958,21.7014],"pipPosition":[-57.6458,271.054,-12.1707],"stabilizedTipPosition":[-40.3603,290.442,-57.1111],"timeVisible":3.3739,"tipPosition":[-39.8367,289.406,-57.4745],"tipVelocity":[10.9709,-30.4524,-10.1456],"tool":false,"touchDistance":-0.299205,"touchZone":"touching","type":0,"width":20.25},{"bases":[[[0.999506,-0.00406814,-0.0311598],[0.0209415,0.82554,0.563955],[0.0234294,-0.564329,0.825217]],[[0.996677,0.0271719,-0.0767852],[0.0134977,0.874583,0.484689],[0.080325,-0.484115,0.87131]],[[0.996677,0.0271719,-0.0767852],[0.00310005,0.929378,0.369117],[0.0813921,-0.368128,0.926206]],[[0.996677,0.0271719,-0.0767852],[-0.00502166,0.961421,0.275036],[0.0812962,-0.273736,0.958363]]],"btipPosition":[-38.4179,335.393,-108.943],"carpPosition":[-29.887,259.502,27.9622],"dipPosition":[-37.0289,330.716,-92.569],"direction":[-0.0813921,0.368128,-0.926206],"extended":true,"handId":506,"id":5061,"length":58.8075,"mcpPosition":[-31.6107,301.019,-32.7487],"pipPosition":[-35.0616,321.818,-70.1823],"stabilizedTipPosition":[-38.0556,334.212,-105.274],"timeVisible":3.3739,"tipPosition":[-37.529,332.97,-105.714],"tipVelocity":[-7.37645,26.6236,22.0771],"tool":false,"touchDistance":-0.265416,"touchZone":"touching","type":1,"width":19.3428},{"bases":[[[0.975169,-0.220948,-0.0150644],[0.190128,0.800377,0.568549],[-0.113563,-0.557295,0.822512]],[[0.976791,-0.212407,-0.0276308],[0.115494,0.630923,-0.767201],[0.180392,0.746204,0.640811]],[[0.976791,-0.212407,-0.0276308],[-0.0955848,-0.316809,-0.943661],[0.191686,0.9244,-0.329759]],[[0.976791,-0.212407,-0.0276308],[-0.166584,-0.672227,-0.72136],[0.134648,0.709221,-0.692009]]],"btipPosition":[-26.4434,224.49,-37.8344],"carpPosition":[-17.6903,261.19,28.0565],"dipPosition":[-23.9131,237.818,-50.8387],"direction":[-0.191686,-0.9244,0.329759],"extended":false,"handId":506,"id":5062,"length":67.0064,"mcpPosition":[-9.7673,300.072,-29.3285],"pipPosition":[-18.4622,264.104,-60.2158],"stabilizedTipPosition":[-27.8505,227.909,-41.4752],"timeVisible":3.3739,"tipPosition":[-25.959,227.288,-41.9864],"tipVelocity":[57.2185,-14.4463,19.8933],"tool":false,"touchDistance":0.333333,"touchZone":"none","type":2,"width":18.9972},{"bases":[[[0.930703,-0.360253,0.0633227],[0.255596,0.764373,0.59195],[-0.261654,-0.534744,0.803484]],[[0.938083,-0.344168,0.0393652],[0.257067,0.615457,-0.74507],[0.232202,0.709057,0.665824]],[[0.938083,-0.344168,0.0393652],[-0.0690984,-0.29726,-0.952293],[0.33945,0.890609,-0.302636]],[[0.938083,-0.344168,0.0393652],[-0.204811,-0.642684,-0.738248],[0.279381,0.684475,-0.67338]]],"btipPosition":[-14.1128,224.023,-31.4044],"carpPosition":[-5.50474,259.667,27.7095],"dipPosition":[-8.89286,236.811,-43.9858],"direction":[-0.33945,-0.890609,0.302636],"extended":false,"handId":506,"id":5063,"length":64.4285,"mcpPosition":[10.8853,293.163,-22.6207],"pipPosition":[0.510597,261.483,-52.3695],"stabilizedTipPosition":[-14.7251,227.037,-34.4481],"timeVisible":3.3739,"tipPosition":[-12.9684,226.611,-35.2114],"tipVelocity":[50.68,-8.86987,0.144431],"tool":false,"touchDistance":0.333333,"touchZone":"none","type":3,"width":18.077},{"bases":[[[0.839053,-0.541034,0.0572081],[0.373116,0.648769,0.663237],[-0.395949,-0.535146,0.746219]],[[0.824957,-0.559097,0.0828059],[0.456777,0.573231,-0.680266],[0.332867,0.599014,0.728273]],[[0.824957,-0.559097,0.0828059],[-0.0515892,-0.220384,-0.974048],[0.562836,0.799276,-0.210651]],[[0.824957,-0.559097,0.0828059],[-0.280919,-0.532735,-0.798297],[0.490439,0.635299,-0.596544]]],"btipPosition":[-2.55543,234.484,-29.1944],"carpPosition":[5.71731,251.217,25.4238],"dipPosition":[5.89817,245.434,-39.4769],"direction":[-0.562836,-0.799276,0.210651],"extended":false,"handId":506,"id":5064,"length":50.5107,"mcpPosition":[28.6765,282.248,-17.8458],"pipPosition":[16.9066,261.067,-43.597],"stabilizedTipPosition":[-2.02953,236.984,-32.0749],"timeVisible":3.3739,"tipPosition":[-0.609613,236.801,-32.4182],"tipVelocity":[40.0528,-3.24855,11.3974],"tool":false,"touchDistance":0.333333,"touchZone":"none","type":4,"width":16.0574}],"r":[[0.972803,-0.124368,0.195415],[0.140129,0.987729,-0.0689594],[-0.184441,0.0944672,0.978293]],"s":1.29879,"t":[3.75698,18.3418,-20.0274],"timestamp":97817847304},true],[4,{"currentFrameRate":98.3807,"devices":[],"gestures":[],"hands":[{"armBasis":[[0.962567,0.0762347,-0.260104],[0.0568501,0.881501,0.468747],[0.265016,-0.465988,0.844169]],"armWidth":63.72,"confidence":0.423016,"direction":[0.147716,0.671556,-0.72608],"elbow":[60.5613,119.825,257.096],"grabStrength":0,"id":506,"palmNormal":[-0.0190968,-0.73206,-0.680973],"palmPosition":[-10.6367,279.615,-13.7065],"palmVelocity":[-5.56112,-17.1402,4.53205],"palmWidth":90.99,"pinchStrength":0,"r":[[0.972561,-0.119084,0.199861],[0.134711,0.988654,-0.0664549],[-0.189679,0.091555,0.977568]],"s":1.29977,"sphereCenter":[-27.5898,263.593,-58.181],"sphereRadius":50.1955,"stabilizedPalmPosition":[-10.5978,279.789,-13.7525],"t":[3.71766,18.1709,-19.9821],"timeVisible":3.38376,"type":"right","wrist":[-10.9931,245.641,29.1701]}],"id":1799067,"interactionBox":{"center":[0,200,0],"size":[235.247,235.247,147.751]},"pointables":[{"bases":[[[0.443814,0.73976,0.505752],[-0.844925,0.157417,0.511197],[0.298549,-0.654199,0.694905]],[[0.435879,0.756565,0.487462],[-0.826815,0.122668,0.548935],[0.355509,-0.64231,0.679007]],[[0.435879,0.756565,0.487462],[-0.854183,0.518374,-0.0407474],[-0.283516,-0.398621,0.872193]],[[0.435879,0.756565,0.487462],[-0.784286,0.58498,-0.206625],[-0.441481,-0.292246,0.848344]]],"btipPosition":[-37.6422,291.193,-61.9036],"carpPosition":[-39.8949,238.7,21.5831],"dipPosition":[-47.9744,284.354,-42.0493],"direction":[0.283516,0.398621,-0.872193],"extended":false,"handId":506,"id":5060,"length":52.1164,"mcpPosition":[-39.8949,238.7,21.5831],"pipPosition":[-57.6411,270.762,-12.3114],"stabilizedTipPosition":[-40.2377,290.147,-57.1922],"timeVisible":3.38376,"tipPosition":[-39.7537,289.232,-57.5298],"tipVelocity":[10.5783,-27.1227,-8.87025],"tool":false,"touchDistance":-0.298482,"touchZone":"touching","type":0,"width":20.25},{"bases":[[[0.999609,-0.0000759511,-0.0279508],[0.0158579,0.825016,0.564887],[0.023017,-0.565109,0.824695]],[[0.996656,0.0322499,-0.0750797],[0.00847303,0.873081,0.487501],[0.0812725,-0.486507,0.869888]],[[0.996656,0.0322499,-0.0750797],[-0.00204352,0.928372,0.371647],[0.0816874,-0.370251,0.925333]],[[0.996656,0.0322499,-0.0750797],[-0.010205,0.960753,0.277216],[0.0810732,-0.275523,0.95787]]],"btipPosition":[-38.5101,335.41,-108.879],"carpPosition":[-29.9655,259.277,27.8977],"dipPosition":[-37.1249,330.702,-92.5129],"direction":[-0.0816874,0.370251,-0.925333],"extended":true,"handId":506,"id":5061,"length":58.8075,"mcpPosition":[-31.6589,300.852,-32.7748],"pipPosition":[-35.1505,321.753,-70.1473],"stabilizedTipPosition":[-38.1296,334.275,-105.187],"timeVisible":3.38376,"tipPosition":[-37.6025,333.03,-105.639],"tipVelocity":[-7.98801,19.0301,17.4128],"tool":false,"touchDistance":-0.264373,"touchZone":"touching","type":1,"width":19.3428},{"bases":[[[0.976081,-0.217068,-0.0121617],[0.185127,0.800519,0.569998],[-0.113992,-0.558615,0.821556]],[[0.977715,-0.208469,-0.024769],[0.115129,0.631098,-0.767112],[0.175551,0.747165,0.641035]],[[0.977715,-0.208469,-0.024769],[-0.0927638,-0.323163,-0.941786],[0.188328,0.923096,-0.3353]],[[0.977715,-0.208469,-0.024769],[-0.162904,-0.678962,-0.715872],[0.13242,0.703954,-0.697792]]],"btipPosition":[-26.1284,224.495,-37.5358],"carpPosition":[-17.776,261.013,28.033],"dipPosition":[-23.64,237.724,-50.6487],"direction":[-0.188328,-0.923096,0.3353],"extended":false,"handId":506,"id":5062,"length":67.0064,"mcpPosition":[-9.82297,299.987,-29.2853],"pipPosition":[-18.2846,263.973,-60.1835],"stabilizedTipPosition":[-27.5833,227.866,-41.3677],"timeVisible":3.38376,"tipPosition":[-25.6523,227.258,-41.7365],"tipVelocity":[49.4352,-10.6966,22.2224],"tool":false,"touchDistance":0.333333,"touchZone":"none","type":2,"width":18.9972},{"bases":[[[0.931916,-0.356631,0.0659356],[0.250662,0.764749,0.593571],[-0.26211,-0.536631,0.802076]],[[0.939217,-0.340705,0.0423337],[0.257458,0.617367,-0.743352],[0.227129,0.709068,0.667559]],[[0.939217,-0.340705,0.0423337],[-0.0667432,-0.302145,-0.950923],[0.336775,0.890297,-0.306519]],[[0.939217,-0.340705,0.0423337],[-0.202337,-0.648913,-0.733465],[0.277366,0.680317,-0.678407]]],"btipPosition":[-13.8245,224.098,-31.1782],"carpPosition":[-5.58341,259.539,27.7235],"dipPosition":[-8.64219,236.809,-43.8536],"direction":[-0.336775,-0.890297,0.306519],"extended":false,"handId":506,"id":5063,"length":64.4285,"mcpPosition":[10.8352,293.153,-22.5185],"pipPosition":[0.687164,261.472,-52.3448],"stabilizedTipPosition":[-14.4798,227.036,-34.4065],"timeVisible":3.38376,"tipPosition":[-12.69,226.646,-35.0314],"tipVelocity":[44.0614,-4.4955,6.25417],"tool":false,"touchDistance":0.333333,"touchZone":"none","type":3,"width":18.077},{"bases":[[[0.841003,-0.537767,0.0593364],[0.368409,0.649536,0.665115],[-0.396218,-0.537503,0.74438]],[[0.826791,-0.556042,0.0850549],[0.456948,0.57573,-0.678037],[0.328048,0.59946,0.73009]],[[0.826791,-0.556042,0.0850549],[-0.0488389,-0.221595,-0.973915],[0.560385,0.80107,-0.210369]],[[0.826791,-0.556042,0.0850549],[-0.27796,-0.535311,-0.797609],[0.489035,0.635814,-0.597147]]],"btipPosition":[-2.33526,234.479,-29.1059],"carpPosition":[5.67933,251.136,25.4651],"dipPosition":[6.09413,245.439,-39.3988],"direction":[-0.560385,-0.80107,0.210369],"extended":false,"handId":506,"id":5064,"length":50.5107,"mcpPosition":[28.6541,282.303,-17.6979],"pipPosition":[17.0546,261.107,-43.5133],"stabilizedTipPosition":[-1.83825,236.986,-32.0044],"timeVisible":3.38376,"tipPosition":[-0.396176,236.793,-32.3255],"tipVelocity":[34.6293,-2.35146,10.609],"tool":false,"touchDistance":0.333333,"touchZone":"none","type":4,"width":16.0574}],"r":[[0.972561,-0.119084,0.199861],[0.134711,0.988654,-0.0664549],[-0.189679,0.091555,0.977568]],"s":1.29977,"t":[3.71766,18.1709,-19.9821],"timestamp":97817857165},true],[5,{"currentFrameRate":98.5182,"devices":[],"gestures":[],"hands":[{"armBasis":[[0.962722,0.0791616,-0.258651],[0.0536707,0.881303,0.469494],[0.265116,-0.465874,0.844201]],"armWidth":63.72,"confidence":0.430314,"direction":[0.146887,0.671776,-0.726045],"elbow":[60.6054,119.812,257.119],"grabStrength":0,"id":506,"palmNormal":[-0.0161721,-0.732278,-0.680814],"palmPosition":[-10.6529,279.563,-13.6995],"palmVelocity":[-4.39863,-13.6309,3.39635],"palmWidth":90.99,"pinchStrength":0,"r":[[0.972336,-0.114326,0.203697],[0.129846,0.989435,-0.0644836],[-0.194173,0.0891489,0.976908]],"s":1.30035,"sphereCenter":[-27.6609,263.564,-58.1489],"sphereRadius":50.2119,"stabilizedPalmPosition":[-10.6232,279.684,-13.728],"t":[3.68987,18.0592,-19.9559],"timeVisible":3.39364,"type":"right","wrist":[-10.9759,245.598,29.1851]}],"id":1799068,"interactionBox":{"center":[0,200,0],"size":[235.247,235.247,147.751]},"pointables":[{"bases":[[[0.441107,0.741088,0.506175],[-0.84605,0.155245,0.509997],[0.299372,-0.653213,0.695478]],[[0.433226,0.757715,0.488041],[-0.827865,0.120476,0.547836],[0.356306,-0.641369,0.679479]],[[0.433226,0.757715,0.488041],[-0.855583,0.51599,-0.0416193],[-0.283359,-0.399529,0.871828]],[[0.433226,0.757715,0.488041],[-0.782811,0.584705,-0.212903],[-0.446679,-0.289809,0.846457]]],"btipPosition":[-37.519,290.997,-61.8935],"carpPosition":[-39.8483,238.577,21.5602],"dipPosition":[-47.9729,284.214,-42.0833],"direction":[0.283359,0.399529,-0.871828],"extended":false,"handId":506,"id":5060,"length":52.1164,"mcpPosition":[-39.8483,238.577,21.5602],"pipPosition":[-57.6342,270.592,-12.3578],"stabilizedTipPosition":[-40.1227,289.887,-57.2452],"timeVisible":3.39364,"tipPosition":[-39.7002,289.081,-57.5324],"tipVelocity":[10.2984,-24.576,-6.23694],"tool":false,"touchDistance":-0.296968,"touchZone":"touching","type":0,"width":20.25},{"bases":[[[0.999643,0.00263455,-0.0265793],[0.0128399,0.825196,0.564701],[0.0234209,-0.564841,0.824868]],[[0.996569,0.0356198,-0.0747106],[0.0053813,0.872863,0.487936],[0.0825923,-0.486664,0.869676]],[[0.996569,0.0356198,-0.0747106],[-0.00534092,0.928452,0.371415],[0.0825949,-0.369741,0.925456]],[[0.996569,0.0356198,-0.0747106],[-0.0136258,0.960947,0.276396],[0.0816381,-0.274429,0.958136]]],"btipPosition":[-38.6461,335.271,-108.904],"carpPosition":[-29.9835,259.182,27.8832],"dipPosition":[-37.2513,330.582,-92.534],"direction":[-0.0825949,0.369741,-0.925456],"extended":true,"handId":506,"id":5061,"length":58.8075,"mcpPosition":[-31.7066,300.737,-32.802],"pipPosition":[-35.2549,321.646,-70.1653],"stabilizedTipPosition":[-38.2205,334.237,-105.165],"timeVisible":3.39364,"tipPosition":[-37.724,332.951,-105.645],"tipVelocity":[-9.63759,9.33637,11.5046],"tool":false,"touchDistance":-0.264782,"touchZone":"touching","type":1,"width":19.3428},{"bases":[[[0.976683,-0.214416,-0.010768],[0.182168,0.80116,0.57005],[-0.113601,-0.55872,0.821539]],[[0.978305,-0.205852,-0.0233232],[0.114342,0.630401,-0.767802],[0.172756,0.748478,0.640262]],[[0.978305,-0.205852,-0.0233232],[-0.091661,-0.329134,-0.939824],[0.185788,0.921573,-0.340862]],[[0.978305,-0.205852,-0.0233232],[-0.161067,-0.68496,-0.710555],[0.130294,0.698896,-0.703255]]],"btipPosition":[-25.9318,224.516,-37.2348],"carpPosition":[-17.799,260.952,28.0348],"dipPosition":[-23.4833,237.649,-50.4503],"direction":[-0.185788,-0.921573,0.340862],"extended":false,"handId":506,"id":5062,"length":67.0064,"mcpPosition":[-9.87323,299.933,-29.2823],"pipPosition":[-18.2002,263.856,-60.1432],"stabilizedTipPosition":[-27.3515,227.831,-41.2533],"timeVisible":3.39364,"tipPosition":[-25.4635,227.247,-41.4664],"tipVelocity":[40.3899,-7.55167,23.964],"tool":false,"touchDistance":0.333333,"touchZone":"none","type":2,"width":18.9972},{"bases":[[[0.93279,-0.35408,0.0673037],[0.247768,0.765575,0.593723],[-0.261751,-0.537143,0.80185]],[[0.939984,-0.338366,0.0440384],[0.257345,0.618251,-0.742657],[0.224063,0.709418,0.668223]],[[0.939984,-0.338366,0.0440384],[-0.0662191,-0.307501,-0.949241],[0.334732,0.889355,-0.311453]],[[0.939984,-0.338366,0.0440384],[-0.201765,-0.655252,-0.727967],[0.275175,0.675391,-0.684197]]],"btipPosition":[-13.631,224.204,-30.9299],"carpPosition":[-5.60199,259.51,27.7425],"dipPosition":[-8.48967,236.823,-43.7135],"direction":[-0.334732,-0.889355,0.311453],"extended":false,"handId":506,"id":5063,"length":64.4285,"mcpPosition":[10.7941,293.157,-22.4854],"pipPosition":[0.783086,261.46,-52.3413],"stabilizedTipPosition":[-14.2514,227.044,-34.3462],"timeVisible":3.39364,"tipPosition":[-12.5092,226.707,-34.8159],"tipVelocity":[36.5101,-0.609048,11.1119],"tool":false,"touchDistance":0.333333,"touchZone":"none","type":3,"width":18.077},{"bases":[[[0.842379,-0.535464,0.0606253],[0.365729,0.650699,0.665456],[-0.395777,-0.538394,0.743971]],[[0.828131,-0.553834,0.0864183],[0.456445,0.576798,-0.677468],[0.325359,0.600477,0.730458]],[[0.828131,-0.553834,0.0864183],[-0.0487398,-0.224734,-0.9732],[0.558412,0.801725,-0.213103]],[[0.828131,-0.553834,0.0864183],[-0.277772,-0.539381,-0.794928],[0.48687,0.6343,-0.600517]]],"btipPosition":[-2.18254,234.51,-28.9471],"carpPosition":[5.68663,251.138,25.5016],"dipPosition":[6.20954,245.443,-39.2981],"direction":[-0.558412,-0.801725,0.213103],"extended":false,"handId":506,"id":5064,"length":50.5107,"mcpPosition":[28.6358,282.356,-17.6377],"pipPosition":[17.1314,261.124,-43.4661],"stabilizedTipPosition":[-1.6643,236.99,-31.9302],"timeVisible":3.39364,"tipPosition":[-0.257156,236.809,-32.1801],"tipVelocity":[28.6792,-0.913938,11.8302],"tool":false,"touchDistance":0.333333,"touchZone":"none","type":4,"width":16.0574}],"r":[[0.972336,-0.114326,0.203697],[0.129846,0.989435,-0.0644836],[-0.194173,0.0891489,0.976908]],"s":1.30035,"t":[3.68987,18.0592,-19.9559],"timestamp":97817867043},true],[6,{"currentFrameRate":98.6592,"devices":[],"gestures":[],"hands":[{"armBasis":[[0.962799,0.0811673,-0.257739],[0.0515658,0.881103,0.470104],[0.265252,-0.465906,0.84414]],"armWidth":63.72,"confidence":0.435551,"direction":[0.146062,0.67158,-0.726393],"elbow":[60.6765,119.794,257.117],"grabStrength":0,"id":506,"palmNormal":[-0.0144003,-0.732746,-0.680349],"palmPosition":[-10.6567,279.526,-13.707],"palmVelocity":[-3.20784,-10.7059,2.16502],"palmWidth":90.99,"pinchStrength":0,"r":[[0.972143,-0.110135,0.206901],[0.125583,0.990079,-0.0630345],[-0.197906,0.0872619,0.976329]],"s":1.30062,"sphereCenter":[-27.7395,263.531,-58.117],"sphereRadius":50.2228,"stabilizedPalmPosition":[-10.6381,279.614,-13.7187],"t":[3.6741,17.9848,-19.9466],"timeVisible":3.4035,"type":"right","wrist":[-10.9416,245.589,29.1994]}],"id":1799069,"interactionBox":{"center":[0,200,0],"size":[235.247,235.247,147.751]},"pointables":[{"bases":[[[0.439421,0.742239,0.505956],[-0.846641,0.153994,0.509396],[0.30018,-0.652202,0.696078]],[[0.431516,0.758847,0.487796],[-0.82845,0.11935,0.547198],[0.357021,-0.640239,0.680169]],[[0.431516,0.758847,0.487796],[-0.856631,0.514206,-0.0421372],[-0.282803,-0.399678,0.87194]],[[0.431516,0.758847,0.487796],[-0.780799,0.585007,-0.219362],[-0.451827,-0.286212,0.844947]]],"btipPosition":[-37.4012,290.793,-61.8946],"carpPosition":[-39.7963,238.508,21.5619],"dipPosition":[-47.9756,284.094,-42.1198],"direction":[0.282803,0.399678,-0.87194],"extended":false,"handId":506,"id":5060,"length":52.1164,"mcpPosition":[-39.7963,238.508,21.5619],"pipPosition":[-57.6179,270.467,-12.3905],"stabilizedTipPosition":[-40.0155,289.652,-57.2827],"timeVisible":3.4035,"tipPosition":[-39.6543,288.937,-57.5378],"tipVelocity":[9.95499,-22.8516,-4.66688],"tool":false,"touchDistance":-0.295743,"touchZone":"touching","type":0,"width":20.25},{"bases":[[[0.999652,0.00448555,-0.0259897],[0.0109633,0.825583,0.564174],[0.0239873,-0.564262,0.825247]],[[0.996458,0.0380255,-0.0750083],[0.00341035,0.872928,0.487837],[0.0840272,-0.486365,0.869706]],[[0.996458,0.0380255,-0.0750083],[-0.00753655,0.928723,0.370697],[0.083758,-0.368818,0.92572]],[[0.996458,0.0380255,-0.0750083],[-0.0159715,0.961271,0.275142],[0.0825658,-0.272969,0.958473]]],"btipPosition":[-38.7837,335.122,-108.951],"carpPosition":[-29.9738,259.136,27.8775],"dipPosition":[-37.373,330.458,-92.5753],"direction":[-0.083758,0.368818,-0.92572],"extended":true,"handId":506,"id":5061,"length":58.8075,"mcpPosition":[-31.7385,300.648,-32.8356],"pipPosition":[-35.3485,321.544,-70.2002],"stabilizedTipPosition":[-38.3218,334.157,-105.173],"timeVisible":3.4035,"tipPosition":[-37.8493,332.859,-105.673],"tipVelocity":[-10.8081,2.26248,6.7193],"tool":false,"touchDistance":-0.265544,"touchZone":"touching","type":1,"width":19.3428},{"bases":[[[0.977088,-0.212598,-0.0100514],[0.180333,0.801868,0.569639],[-0.113044,-0.5584,0.821834]],[[0.978697,-0.204065,-0.0225716],[0.113526,0.629495,-0.768666],[0.171067,0.749729,0.639252]],[[0.978697,-0.204065,-0.0225716],[-0.0912924,-0.334074,-0.938115],[0.183896,0.920191,-0.345586]],[[0.978697,-0.204065,-0.0225716],[-0.160108,-0.689779,-0.706095],[0.12852,0.694667,-0.707757]]],"btipPosition":[-25.7958,224.528,-36.9873],"carpPosition":[-17.7927,260.928,28.0352],"dipPosition":[-23.3806,237.583,-50.2875],"direction":[-0.183896,-0.920191,0.345586],"extended":false,"handId":506,"id":5062,"length":67.0064,"mcpPosition":[-9.90581,299.887,-29.3025],"pipPosition":[-18.1513,263.75,-60.1147],"stabilizedTipPosition":[-27.1604,227.804,-41.144],"timeVisible":3.4035,"tipPosition":[-25.334,227.235,-41.2336],"tipVelocity":[32.2764,-5.48093,23.7172],"tool":false,"touchDistance":0.333333,"touchZone":"none","type":2,"width":18.9972},{"bases":[[[0.93341,-0.352293,0.0680847],[0.245985,0.76642,0.593373],[-0.261223,-0.537113,0.802043]],[[0.940499,-0.336788,0.0451189],[0.257061,0.618364,-0.742661],[0.222219,0.71007,0.668146]],[[0.940499,-0.336788,0.0451189],[-0.0666674,-0.313092,-0.94738],[0.333192,0.888002,-0.316915]],[[0.940499,-0.336788,0.0451189],[-0.202197,-0.661406,-0.722259],[0.27309,0.670161,-0.690149]]],"btipPosition":[-13.491,224.308,-30.6676],"carpPosition":[-5.59286,259.509,27.751],"dipPosition":[-8.38863,236.829,-43.5623],"direction":[-0.333192,-0.888002,0.316915],"extended":false,"handId":506,"id":5063,"length":64.4285,"mcpPosition":[10.7701,293.154,-22.489],"pipPosition":[0.841465,261.429,-52.3415],"stabilizedTipPosition":[-14.0535,227.058,-34.2733],"timeVisible":3.4035,"tipPosition":[-12.3806,226.771,-34.5893],"tipVelocity":[29.6285,2.00339,14.9393],"tool":false,"touchDistance":0.333333,"touchZone":"none","type":3,"width":18.077},{"bases":[[[0.843342,-0.53385,0.0614702],[0.364118,0.651812,0.665251],[-0.395211,-0.538652,0.744085]],[[0.828999,-0.552368,0.0874653],[0.456156,0.577377,-0.677169],[0.323546,0.60127,0.730611]],[[0.828999,-0.552368,0.0874653],[-0.0493529,-0.228045,-0.972399],[0.557068,0.801801,-0.21631]],[[0.828999,-0.552368,0.0874653],[-0.278572,-0.543471,-0.791857],[0.484931,0.632083,-0.604411]]],"btipPosition":[-2.06546,234.552,-28.8087],"carpPosition":[5.71272,251.156,25.5222],"dipPosition":[6.2932,245.447,-39.2268],"direction":[-0.557068,-0.801801,0.21631],"extended":false,"handId":506,"id":5064,"length":50.5107,"mcpPosition":[28.6291,282.39,-17.6237],"pipPosition":[17.1888,261.13,-43.4575],"stabilizedTipPosition":[-1.51237,236.997,-31.8577],"timeVisible":3.4035,"tipPosition":[-0.154646,236.83,-32.0518],"tipVelocity":[23.4678,0.369505,12.0212],"tool":false,"touchDis