{"sensorType":"Leap","data":[[0,{"currentFrameRate":101.577,"devices":[],"gestures":[],"hands":[{"armBasis":[[0.948499,-0.0231574,-0.315931],[0.171364,0.876309,0.450241],[0.266427,-0.481193,0.835147]],"armWidth":63.7122,"confidence":0.259587,"direction":[-0.107404,0.960321,-0.257387],"elbow":[80.3279,96.0438,238.258],"grabStrength":0,"id":502,"palmNormal":[-0.349839,-0.278832,-0.894352],"palmPosition":[-6.00182,276.551,-2.17489],"palmVelocity":[148.792,150.746,-202.176],"palmWidth":90.9788,"pinchStrength":0.748584,"r":[[0.963866,-0.26421,0.0339885],[0.250745,0.942931,0.219108],[-0.0899395,-0.202668,0.975108]],"s":1.35985,"sphereCenter":[-16.8661,276.737,-52.7707],"sphereRadius":46.8647,"stabilizedPalmPosition":[-9.40331,272.747,2.68098],"t":[61.015,55.1175,-144.475],"timeVisible":16.5463,"type":"right","wrist":[8.4015,225.95,12.7966]}],"id":1797034,"interactionBox":{"center":[0,200,0],"size":[235.247,235.247,147.751]},"pointables":[{"bases":[[[0.666431,0.439205,0.602469],[-0.550599,-0.254921,0.794894],[0.502703,-0.861461,0.0719384]],[[0.524534,0.635111,0.567008],[-0.767763,0.065015,0.637427],[0.367973,-0.76968,0.521717]],[[0.524534,0.635111,0.567008],[-0.843911,0.475927,0.247605],[-0.112598,-0.608381,0.785617]],[[0.524534,0.635111,0.567008],[-0.851389,0.391102,0.349536],[0.000236147,-0.666088,0.745873]]],"btipPosition":[-36.0691,294.225,-55.827],"carpPosition":[-21.5361,219.482,14.4494],"dipPosition":[-36.0636,278.638,-38.3731],"direction":[0.112598,0.608381,-0.785617],"extended":false,"handId":502,"id":5020,"length":52.11,"mcpPosition":[-21.5361,219.482,14.4494],"pipPosition":[-39.9022,257.898,-11.5903],"stabilizedTipPosition":[-41.5383,286.078,-45.3574],"timeVisible":16.5463,"tipPosition":[-37.5073,290.914,-51.1637],"tipVelocity":[235.257,138.035,-256.924],"tool":false,"touchDistance":-0.0787074,"touchZone":"hovering","type":0,"width":20.2475},{"bases":[[[0.899388,0.167167,-0.403927],[0.307083,0.41603,0.855932],[0.311129,-0.893854,0.322838]],[[0.883496,0.209683,-0.41889],[-0.154725,0.97466,0.161547],[0.442149,-0.0779138,0.893551]],[[0.883496,0.209683,-0.41889],[-0.254405,0.965633,-0.0532108],[0.393336,0.153579,0.906477]],[[0.883496,0.209683,-0.41889],[-0.30148,0.938936,-0.165861],[0.358532,0.272824,0.892761]]],"btipPosition":[-65.8518,295.983,-73.061],"carpPosition":[-8.34058,235.256,26.2302],"dipPosition":[-59.7268,300.644,-57.8095],"direction":[-0.393336,-0.153579,-0.906477],"extended":false,"handId":502,"id":5021,"length":58.8003,"mcpPosition":[-31.2274,301.009,2.48206],"pipPosition":[-50.2209,304.356,-35.9023],"stabilizedTipPosition":[-69.3527,293.341,-63.334],"timeVisible":16.5463,"tipPosition":[-64.5567,297.53,-69.5509],"tipVelocity":[233.005,142.153,-283.851],"tool":false,"touchDistance":-0.12314,"touchZone":"hovering","type":1,"width":19.3404},{"bases":[[[0.867537,-0.0285213,-0.496554],[0.461471,0.418577,0.782201],[0.185537,-0.907733,0.376293]],[[0.872252,-0.0531386,-0.486162],[-0.109912,0.947349,-0.300747],[0.476546,0.315762,0.820487]],[[0.872252,-0.0531386,-0.486162],[-0.479828,-0.285198,-0.829715],[-0.0945624,0.956994,-0.274262]],[[0.872252,-0.0531386,-0.486162],[-0.325904,-0.804344,-0.496807],[-0.364642,0.591783,-0.718908]]],"btipPosition":[-23.4168,248.302,-21.9094],"carpPosition":[2.95279,238.527,22.5773],"dipPosition":[-30.2683,259.422,-35.4175],"direction":[0.0945624,-0.956994,0.274262],"extended":false,"handId":502,"id":5022,"length":66.9982,"mcpPosition":[-9.99013,301.85,-3.67261],"pipPosition":[-32.957,286.632,-43.2155],"stabilizedTipPosition":[-27.4727,247.976,-21.2333],"timeVisible":16.5463,"tipPosition":[-25.1707,251.142,-25.366],"tipVelocity":[182.803,144.581,-225.657],"tool":false,"touchDistance":0.333333,"touchZone":"none","type":2,"width":18.9949},{"bases":[[[0.848112,-0.193263,-0.49331],[0.527953,0.38632,0.756322],[0.0444061,-0.90189,0.429676]],[[0.845472,-0.154905,-0.51106],[0.463641,0.687791,0.558551],[0.26498,-0.709188,0.653328]],[[0.845472,-0.154905,-0.51106],[0.329782,0.90417,0.271515],[0.420026,-0.398097,0.815535]],[[0.845472,-0.154905,-0.51106],[0.257577,0.956615,0.136166],[0.467795,-0.246762,0.848691]]],"btipPosition":[-21.1721,343.106,-77.6393],"carpPosition":[13.8202,239.3,16.9033],"dipPosition":[-12.4329,338.496,-61.7843],"direction":[-0.420026,0.398097,-0.815535],"extended":true,"handId":502,"id":5023,"length":64.4205,"mcpPosition":[11.0389,295.787,-10.0083],"pipPosition":[-0.798817,327.469,-39.1951],"stabilizedTipPosition":[-22.8379,339.231,-70.6603],"timeVisible":16.5463,"tipPosition":[-18.9951,342.361,-73.8432],"tipVelocity":[238.258,148.823,-223.595],"tool":false,"touchDistance":0.046878,"touchZone":"hovering","type":3,"width":18.0748},{"bases":[[[0.748582,-0.357505,-0.558404],[0.655273,0.270349,0.705357],[-0.101205,-0.893925,0.436642]],[[0.7549,-0.268068,-0.598553],[0.108876,0.951211,-0.288694],[0.64674,0.152767,0.747255]],[[0.7549,-0.268068,-0.598553],[-0.641291,-0.110546,-0.759292],[0.137374,0.957037,-0.255361]],[[0.7549,-0.268068,-0.598553],[-0.594361,-0.665432,-0.451593],[-0.277239,0.696664,-0.661663]]],"btipPosition":[7.60872,250.745,-28.8634],"carpPosition":[22.5149,235.041,6.47389],"dipPosition":[2.8306,262.752,-40.2669],"direction":[-0.137374,-0.957037,0.255361],"extended":false,"handId":502,"id":5024,"length":50.5045,"mcpPosition":[28.3825,286.869,-18.8418],"pipPosition":[5.51714,281.468,-45.2609],"stabilizedTipPosition":[4.4225,251.218,-28.9335],"timeVisible":16.5463,"tipPosition":[6.51827,253.58,-31.5075],"tipVelocity":[191.686,148.013,-183.372],"tool":false,"touchDistance":0.333333,"touchZone":"none","type":4,"width":16.0555}],"r":[[0.963866,-0.26421,0.0339885],[0.250745,0.942931,0.219108],[-0.0899395,-0.202668,0.975108]],"s":1.35985,"t":[61.015,55.1175,-144.475],"timestamp":97797465538},false],[1,{"currentFrameRate":101.571,"devices":[],"gestures":[],"hands":[{"armBasis":[[0.949346,-0.0300292,-0.312794],[0.175904,0.875628,0.449815],[0.260383,-0.482052,0.836556]],"armWidth":63.7122,"confidence":0.263537,"direction":[-0.0923353,0.959913,-0.264654],"elbow":[79.7293,97.6852,237.03],"grabStrength":0,"id":502,"palmNormal":[-0.339961,-0.28021,-0.897724],"palmPosition":[-4.15273,278.496,-4.29485],"palmVelocity":[160.293,164.559,-205.999],"palmWidth":90.9788,"pinchStrength":0.748531,"r":[[0.963389,-0.264079,0.0463012],[0.247939,0.943246,0.220938],[-0.102018,-0.201369,0.974188]],"s":1.3596,"sphereCenter":[-14.2707,278.502,-55.0398],"sphereRadius":46.8663,"stabilizedPalmPosition":[-8.16093,274.107,1.03038],"t":[62.6751,57.1195,-146.739],"timeVisible":16.5562,"type":"right","wrist":[9.43443,227.823,11.1879]}],"id":1797035,"interactionBox":{"center":[0,200,0],"size":[235.247,235.247,147.751]},"pointables":[{"bases":[[[0.662655,0.435088,0.609579],[-0.565132,-0.243608,0.788214],[0.491441,-0.866807,0.0844543]],[[0.52364,0.632373,0.570882],[-0.776298,0.0781362,0.625505],[0.350946,-0.770713,0.531825]],[[0.52364,0.632373,0.570882],[-0.841817,0.487058,0.232634],[-0.130941,-0.602395,0.787385]],[[0.52364,0.632373,0.570882],[-0.851729,0.403481,0.334305],[-0.0189349,-0.661292,0.74989]]],"btipPosition":[-33.2072,296.193,-58.4964],"carpPosition":[-20.5981,221.715,12.4387],"dipPosition":[-33.6503,280.719,-40.9485],"direction":[0.130941,0.602395,-0.787385],"extended":false,"handId":502,"id":5020,"length":52.11,"mcpPosition":[-20.5981,221.715,12.4387],"pipPosition":[-38.1143,260.182,-14.1054],"stabilizedTipPosition":[-38.6773,288.358,-48.5222],"timeVisible":16.5562,"tipPosition":[-34.7302,292.922,-53.8437],"tipVelocity":[248.481,157.09,-260.391],"tool":false,"touchDistance":-0.128686,"touchZone":"hovering","type":0,"width":20.2475},{"bases":[[[0.907106,0.154191,-0.391642],[0.299388,0.417658,0.857863],[0.295848,-0.895425,0.332697]],[[0.891936,0.196794,-0.40709],[-0.145621,0.977372,0.153422],[0.428071,-0.0775618,0.900411]],[[0.891936,0.196794,-0.40709],[-0.242284,0.96817,-0.0628167],[0.38177,0.15466,0.911225]],[[0.891936,0.196794,-0.40709],[-0.288029,0.941303,-0.176031],[0.348553,0.274263,0.896265]]],"btipPosition":[-62.7243,298.183,-76.1675],"carpPosition":[-7.39201,237.406,24.3182],"dipPosition":[-56.7698,302.868,-60.8562],"direction":[-0.38177,-0.15466,-0.911225],"extended":false,"handId":502,"id":5021,"length":58.8003,"mcpPosition":[-29.1547,303.274,-0.155197],"pipPosition":[-47.5434,306.606,-38.8342],"stabilizedTipPosition":[-66.9133,295.146,-66.1741],"timeVisible":16.5562,"tipPosition":[-61.4623,299.734,-72.6483],"tipVelocity":[256.807,166.343,-292.718],"tool":false,"touchDistance":-0.174686,"touchZone":"hovering","type":1,"width":19.3404},{"bases":[[[0.874318,-0.0416766,-0.483561],[0.454857,0.417953,0.786397],[0.169331,-0.907512,0.384381]],[[0.878562,-0.0661102,-0.47303],[-0.094629,0.94665,-0.308058],[0.46816,0.31541,0.825435]],[[0.878562,-0.0661102,-0.47303],[-0.470976,-0.284617,-0.83497],[-0.0794324,0.956359,-0.28119]],[[0.878562,-0.0661102,-0.47303],[-0.328027,-0.803381,-0.496968],[-0.347169,0.591784,-0.727506]]],"btipPosition":[-21.6022,250.318,-24.1185],"carpPosition":[3.99126,240.523,20.8124],"dipPosition":[-28.1254,261.437,-37.7881],"direction":[0.0794324,-0.956359,0.28119],"extended":false,"handId":502,"id":5022,"length":66.9982,"mcpPosition":[-7.8212,303.83,-6.00173],"pipPosition":[-30.3839,288.629,-45.7831],"stabilizedTipPosition":[-26.0025,249.624,-23.2616],"timeVisible":16.5562,"tipPosition":[-23.271,253.158,-27.609],"tipVelocity":[185.457,162.329,-226.316],"tool":false,"touchDistance":0.333333,"touchZone":"none","type":2,"width":18.9949},{"bases":[[[0.852913,-0.206158,-0.479622],[0.521327,0.384765,0.761692],[0.0275131,-0.899697,0.435647]],[[0.850984,-0.167886,-0.497635],[0.463487,0.685686,0.561261],[0.246993,-0.708272,0.661321]],[[0.850984,-0.167886,-0.497635],[0.336448,0.901838,0.271093],[0.403273,-0.398124,0.823935]],[[0.850984,-0.167886,-0.497635],[0.26688,0.954309,0.134426],[0.452329,-0.247203,0.856907]]],"btipPosition":[-17.4289,344.771,-80.3654],"carpPosition":[14.9489,241.134,15.2944],"dipPosition":[-8.97862,340.153,-64.3569],"direction":[-0.403273,0.398124,-0.823935],"extended":true,"handId":502,"id":5023,"length":64.4205,"mcpPosition":[13.2257,297.484,-11.9912],"pipPosition":[2.19147,329.125,-41.5351],"stabilizedTipPosition":[-20.0485,340.93,-72.9453],"timeVisible":16.5562,"tipPosition":[-15.3212,344.014,-76.5373],"tipVelocity":[278.202,154.719,-238.235],"tool":false,"touchDistance":0.0388508,"touchZone":"hovering","type":3,"width":18.0748},{"bases":[[[0.752424,-0.369624,-0.545194],[0.648009,0.267008,0.713296],[-0.11808,-0.889992,0.440423]],[[0.760352,-0.281085,-0.585539],[0.123726,0.947681,-0.294265],[0.637618,0.151299,0.755349]],[[0.760352,-0.281085,-0.585539],[-0.631572,-0.109553,-0.767538],[0.151596,0.953409,-0.260824]],[[0.760352,-0.281085,-0.585539],[-0.595312,-0.662117,-0.455198],[-0.259746,0.694689,-0.670775]]],"btipPosition":[9.55983,252.343,-30.5592],"carpPosition":[23.7447,236.71,5.01951],"dipPosition":[5.08319,264.316,-42.1198],"direction":[-0.151596,-0.953409,0.260824],"extended":false,"handId":502,"id":5024,"length":50.5045,"mcpPosition":[30.5907,288.31,-20.5153],"pipPosition":[8.04786,282.961,-47.2206],"stabilizedTipPosition":[6.16005,252.859,-30.7459],"timeVisible":16.5562,"tipPosition":[8.53385,255.18,-33.263],"tipVelocity":[195.625,151.963,-181.1],"tool":false,"touchDistance":0.333333,"touchZone":"none","type":4,"width":16.0555}],"r":[[0.963389,-0.264079,0.0463012],[0.247939,0.943246,0.220938],[-0.102018,-0.201369,0.974188]],"s":1.3596,"t":[62.6751,57.1195,-146.739],"timestamp":97797475395},false],[2,{"currentFrameRate":101.582,"devices":[],"gestures":[],"hands":[{"armBasis":[[0.951987,-0.0254134,-0.305081],[0.168628,0.87527,0.453284],[0.255509,-0.482966,0.837531]],"armWidth":63.7122,"confidence":0.266913,"direction":[-0.0892165,0.959287,-0.267973],"elbow":[79.7048,98.6584,236.793],"grabStrength":0,"id":502,"palmNormal":[-0.325368,-0.282355,-0.902448],"palmPosition":[-2.67167,279.67,-5.10877],"palmVelocity":[157.485,151.241,-169.608],"palmWidth":90.9788,"pinchStrength":0.748709,"r":[[0.962775,-0.263718,0.0593028],[0.244755,0.943643,0.222783],[-0.114713,-0.199975,0.973063]],"s":1.35957,"sphereCenter":[-11.9775,279.569,-56.0028],"sphereRadius":46.8709,"stabilizedPalmPosition":[-6.88944,275.396,-0.39164],"t":[64.2457,58.7073,-148.278],"timeVisible":16.566,"type":"right","wrist":[10.7258,229.043,10.6871]}],"id":1797036,"interactionBox":{"center":[0,200,0],"size":[235.247,235.247,147.751]},"pointables":[{"bases":[[[0.652413,0.437047,0.61915],[-0.577281,-0.242729,0.779634],[0.491023,-0.866067,0.0939394]],[[0.513799,0.634102,0.577863],[-0.786243,0.0785278,0.612907],[0.343267,-0.769252,0.538906]],[[0.513799,0.634102,0.577863],[-0.845996,0.486353,0.218521],[-0.142481,-0.601146,0.786335]],[[0.513799,0.634102,0.577863],[-0.857382,0.403174,0.319918],[-0.0301189,-0.659823,0.750817]]],"btipPosition":[-30.8866,297.231,-59.8008],"carpPosition":[-19.3158,222.902,11.4737],"dipPosition":[-31.5914,281.791,-42.2311],"direction":[0.142481,0.601146,-0.786335],"extended":false,"handId":502,"id":5020,"length":52.11,"mcpPosition":[-19.3158,222.902,11.4737],"pipPosition":[-36.4488,261.297,-15.4239],"stabilizedTipPosition":[-36.1069,290.151,-50.9608],"timeVisible":16.566,"tipPosition":[-32.4638,293.963,-55.1715],"tipVelocity":[243.061,142.117,-222.531],"tool":false,"touchDistance":-0.159984,"touchZone":"hovering","type":0,"width":20.2475},{"bases":[[[0.913026,0.154484,-0.377516],[0.285275,0.419678,0.861678],[0.291551,-0.89443,0.339107]],[[0.898055,0.197037,-0.393285],[-0.149152,0.977501,0.149147],[0.413824,-0.0752834,0.907239]],[[0.898055,0.197037,-0.393285],[-0.242399,0.967743,-0.0686694],[0.367069,0.157001,0.916849]],[[0.898055,0.197037,-0.393285],[-0.286326,0.940574,-0.182586],[0.333938,0.27658,0.901104]]],"btipPosition":[-60.1169,299.142,-77.939],"carpPosition":[-6.31757,238.632,23.5301],"dipPosition":[-54.412,303.867,-62.5449],"direction":[-0.367069,-0.157001,-0.916849],"extended":false,"handId":502,"id":5021,"length":58.8003,"mcpPosition":[-27.7642,304.427,-1.41474],"pipPosition":[-45.5409,307.661,-40.3871],"stabilizedTipPosition":[-64.5446,296.631,-68.5767],"timeVisible":16.566,"tipPosition":[-58.9122,300.698,-74.4034],"tipVelocity":[257.64,146.297,-258.937],"tool":false,"touchDistance":-0.207387,"touchZone":"hovering","type":1,"width":19.3404},{"bases":[[[0.881921,-0.0416002,-0.469557],[0.441858,0.420015,0.792685],[0.164245,-0.906563,0.388802]],[[0.886002,-0.0658541,-0.458981],[-0.0910453,0.945886,-0.311466],[0.454655,0.317747,0.832061]],[[0.886002,-0.0658541,-0.458981],[-0.45738,-0.286752,-0.84177],[-0.0761797,0.955739,-0.284183]],[[0.886002,-0.0658541,-0.458981],[-0.319196,-0.804607,-0.500721],[-0.336325,0.590144,-0.733904]]],"btipPosition":[-19.7677,251.419,-25.1542],"carpPosition":[5.11631,241.755,20.1991],"dipPosition":[-26.0872,262.508,-38.944],"direction":[0.0761797,-0.955739,0.284183],"extended":false,"handId":502,"id":5022,"length":66.9982,"mcpPosition":[-6.34135,304.996,-6.92343],"pipPosition":[-28.2532,289.682,-47.0242],"stabilizedTipPosition":[-24.4661,251.021,-24.8889],"timeVisible":16.566,"tipPosition":[-21.3836,254.252,-28.6689],"tipVelocity":[187.256,147.296,-191.427],"tool":false,"touchDistance":0.333333,"touchZone":"none","type":2,"width":18.9949},{"bases":[[[0.860644,-0.206098,-0.465635],[0.508749,0.386856,0.769102],[0.0216232,-0.898813,0.437798]],[[0.858957,-0.167869,-0.483749],[0.453774,0.68726,0.567242],[0.237239,-0.706749,0.666501]],[[0.858957,-0.167869,-0.483749],[0.331154,0.902688,0.274757],[0.390551,-0.3962,0.830961]],[[0.858957,-0.167869,-0.483749],[0.263727,0.954828,0.136939],[0.438909,-0.245202,0.864428]]],"btipPosition":[-14.8107,345.791,-81.5068],"carpPosition":[16.1593,242.368,14.8543],"dipPosition":[-6.6111,341.21,-65.3578],"direction":[-0.390551,0.3962,-0.830961],"extended":true,"handId":502,"id":5023,"length":64.4205,"mcpPosition":[14.805,298.663,-12.566],"pipPosition":[4.20661,330.236,-42.3413],"stabilizedTipPosition":[-17.3443,342.375,-74.7853],"timeVisible":16.566,"tipPosition":[-12.7675,345.034,-77.648],"tipVelocity":[273.029,139.949,-201.198],"tool":false,"touchDistance":0.061561,"touchZone":"hovering","type":3,"width":18.0748},{"bases":[[[0.761392,-0.369809,-0.532469],[0.636315,0.269153,0.722952],[-0.124038,-0.889268,0.440246]],[[0.769807,-0.282298,-0.572456],[0.126782,0.946634,-0.296328],[0.625559,0.155538,0.764515]],[[0.769807,-0.282298,-0.572456],[-0.619499,-0.114505,-0.776601],[0.153684,0.952469,-0.26303]],[[0.769807,-0.282298,-0.572456],[-0.587073,-0.665127,-0.461466],[-0.250485,0.691313,-0.677749]]],"btipPosition":[11.5084,253.452,-31.0004],"carpPosition":[25.1219,237.935,4.72886],"dipPosition":[7.19142,265.367,-42.6811],"direction":[-0.153684,-0.952469,0.26303],"extended":false,"handId":502,"id":5024,"length":50.5045,"mcpPosition":[32.3135,289.493,-20.7957],"pipPosition":[10.1969,283.994,-47.8251],"stabilizedTipPosition":[7.99362,254.262,-31.984],"timeVisible":16.566,"tipPosition":[10.5119,256.287,-33.7656],"tipVelocity":[197.548,140.026,-141.683],"tool":false,"touchDistance":0.333333,"touchZone":"none","type":4,"width":16.0555}],"r":[[0.962775,-0.263718,0.0593028],[0.244755,0.943643,0.222783],[-0.114713,-0.199975,0.973063]],"s":1.35957,"t":[64.2457,58.7073,-148.278],"timestamp":97797485217},false],[3,{"currentFrameRate":101.407,"devices":[],"gestures":[],"hands":[{"armBasis":[[0.95531,-0.0196101,-0.294956],[0.158671,0.875891,0.455673],[0.249414,-0.48211,0.839859]],"armWidth":63.7122,"confidence":0.271728,"direction":[-0.0869422,0.958051,-0.273094],"elbow":[79.3014,100.587,236.542],"grabStrength":0,"id":502,"palmNormal":[-0.307901,-0.286552,-0.90724],"palmPosition":[-1.27748,281.271,-6.4181],"palmVelocity":[151.146,153.003,-157.035],"palmWidth":90.9788,"pinchStrength":0.749132,"r":[[0.962046,-0.26282,0.0734331],[0.240832,0.944263,0.224425],[-0.128324,-0.198223,0.971721]],"s":1.35969,"sphereCenter":[-9.63189,280.963,-57.4718],"sphereRadius":46.8773,"stabilizedPalmPosition":[-5.55045,276.798,-1.82954],"t":[65.7281,60.3019,-149.703],"timeVisible":16.5762,"type":"right","wrist":[11.968,230.741,9.80775]}],"id":1797037,"interactionBox":{"center":[0,200,0],"size":[235.247,235.247,147.751]},"pointables":[{"bases":[[[0.639676,0.441151,0.629445],[-0.590864,-0.241551,0.769761],[0.491624,-0.864314,0.106145]],[[0.501251,0.637709,0.584871],[-0.797679,0.0785957,0.597938],[0.335342,-0.766257,0.548084]],[[0.501251,0.637709,0.584871],[-0.851369,0.484268,0.20163],[-0.154653,-0.599008,0.785666]],[[0.501251,0.637709,0.584871],[-0.864271,0.40196,0.302431],[-0.0422312,-0.657081,0.752636]]],"btipPosition":[-28.5426,298.559,-61.6886],"carpPosition":[-18.0658,224.517,10.0637],"dipPosition":[-29.5308,283.183,-44.0764],"direction":[0.154653,0.599008,-0.785666],"extended":false,"handId":502,"id":5020,"length":52.11,"mcpPosition":[-18.0658,224.517,10.0637],"pipPosition":[-34.8032,262.762,-17.2919],"stabilizedTipPosition":[-33.6061,291.811,-53.2367],"timeVisible":16.5762,"tipPosition":[-30.1652,295.296,-57.0852],"tipVelocity":[237.075,138.928,-210.825],"tool":false,"touchDistance":-0.198302,"touchZone":"hovering","type":0,"width":20.2475},{"bases":[[[0.91939,0.155724,-0.36121],[0.268183,0.423612,0.865235],[0.28775,-0.892358,0.347702]],[[0.904594,0.198174,-0.377407],[-0.154609,0.977607,0.142759],[0.397247,-0.0707887,0.914977]],[[0.904594,0.198174,-0.377407],[-0.243834,0.966772,-0.0767904],[0.349649,0.161489,0.922858]],[[0.904594,0.198174,-0.377407],[-0.28559,0.939037,-0.191438],[0.316461,0.280958,0.906044]]],"btipPosition":[-57.4238,300.308,-80.3639],"carpPosition":[-5.33575,240.327,22.2995],"dipPosition":[-52.0175,305.108,-64.8855],"direction":[-0.349649,-0.161489,-0.922858],"extended":false,"handId":502,"id":5021,"length":58.8003,"mcpPosition":[-26.5028,305.97,-3.27765],"pipPosition":[-43.5674,309.011,-42.5824],"stabilizedTipPosition":[-62.1066,298.025,-70.9747],"timeVisible":16.5762,"tipPosition":[-56.2884,301.879,-76.8128],"tipVelocity":[257.542,137.078,-251.9],"tool":false,"touchDistance":-0.249172,"touchZone":"hovering","type":1,"width":19.3404},{"bases":[[[0.890533,-0.0407809,-0.453086],[0.426008,0.424146,0.799135],[0.159585,-0.904675,0.395089]],[[0.894464,-0.064836,-0.442414],[-0.0881606,0.944437,-0.316649],[0.438363,0.322234,0.839049]],[[0.894464,-0.064836,-0.442414],[-0.44102,-0.291067,-0.848988],[-0.0737273,0.954503,-0.288943]],[[0.894464,-0.064836,-0.442414],[-0.307669,-0.807208,-0.503742],[-0.32446,0.586696,-0.741966]]],"btipPosition":[-17.9177,252.887,-26.6738],"carpPosition":[6.14879,243.471,19.1681],"dipPosition":[-24.0142,263.911,-40.6151],"direction":[0.0737273,-0.954503,0.288943],"extended":false,"handId":502,"id":5022,"length":66.9982,"mcpPosition":[-4.98378,306.58,-8.39309],"pipPosition":[-26.1104,291.05,-48.8306],"stabilizedTipPosition":[-22.8044,252.442,-26.5006],"timeVisible":16.5762,"tipPosition":[-19.4759,255.703,-30.2208],"tipVelocity":[187.003,145.819,-179.529],"tool":false,"touchDistance":0.333333,"touchZone":"none","type":2,"width":18.9949},{"bases":[[[0.869646,-0.205324,-0.448952],[0.493414,0.391093,0.77691],[0.0160638,-0.897156,0.441422]],[[0.868187,-0.167171,-0.467231],[0.441349,0.690548,0.573022],[0.226853,-0.703702,0.673306]],[[0.868187,-0.167171,-0.467231],[0.323582,0.904555,0.277624],[0.376226,-0.392217,0.839416]],[[0.868187,-0.167171,-0.467231],[0.258583,0.956018,0.138433],[0.42354,-0.241004,0.87323]]],"btipPosition":[-12.1873,347.091,-83.2655],"carpPosition":[17.2866,244.096,14.0252],"dipPosition":[-4.27488,342.588,-66.9521],"direction":[-0.376226,0.392217,-0.839416],"extended":true,"handId":502,"id":5023,"length":64.4205,"mcpPosition":[16.2805,300.287,-13.6221],"pipPosition":[6.14606,331.724,-43.7014],"stabilizedTipPosition":[-14.5945,343.826,-76.6488],"timeVisible":16.5762,"tipPosition":[-10.2176,346.345,-79.3707],"tipVelocity":[266.232,136.661,-191.297],"tool":false,"touchDistance":0.0719783,"touchZone":"hovering","type":3,"width":18.0748},{"bases":[[[0.7721,-0.369558,-0.517],[0.622137,0.273588,0.733549],[-0.129644,-0.888018,0.441153]],[[0.780935,-0.283344,-0.556648],[0.129289,0.945217,-0.299749],[0.611085,0.162116,0.774786]],[[0.780935,-0.283344,-0.556648],[-0.605035,-0.121777,-0.786831],[0.155157,0.951255,-0.266533]],[[0.780935,-0.283344,-0.556648],[-0.576547,-0.669823,-0.4679],[-0.240279,0.686333,-0.686449]]],"btipPosition":[13.4651,254.974,-31.8437],"carpPosition":[26.4466,239.652,4.08285],"dipPosition":[9.32396,266.803,-43.6744],"direction":[-0.155157,-0.951255,0.266533],"extended":false,"handId":502,"id":5024,"length":50.5045,"mcpPosition":[33.9631,291.137,-21.4944],"pipPosition":[12.3583,285.406,-48.8868],"stabilizedTipPosition":[9.9894,255.778,-33.1238],"timeVisible":16.5762,"tipPosition":[12.5055,257.798,-34.6771],"tipVelocity":[197.019,142.227,-124.723],"tool":false,"touchDistance":0.333333,"touchZone":"none","type":4,"width":16.0555}],"r":[[0.962046,-0.26282,0.0734331],[0.240832,0.944263,0.224425],[-0.128324,-0.198223,0.971721]],"s":1.35969,"t":[65.7281,60.3019,-149.703],"timestamp":97797495416},false],[4,{"currentFrameRate":101.571,"devices":[],"gestures":[],"hands":[{"armBasis":[[0.955933,-0.027333,-0.29231],[0.162752,0.877999,0.450143],[0.244344,-0.477881,0.843757]],"armWidth":63.7122,"confidence":0.276702,"direction":[-0.0803803,0.95667,-0.279861],"elbow":[78.9344,102.9,235.944],"grabStrength":0,"id":502,"palmNormal":[-0.307165,-0.29088,-0.906112],"palmPosition":[0.0754139,282.409,-8.44874],"palmVelocity":[148.499,143.335,-173.185],"palmWidth":90.9788,"pinchStrength":0.749365,"r":[[0.96095,-0.263144,0.0856172],[0.238709,0.944775,0.22454],[-0.139975,-0.195334,0.970696]],"s":1.3599,"sphereCenter":[-8.13766,281.807,-59.5157],"sphereRadius":46.8794,"stabilizedPalmPosition":[-4.3353,278.01,-3.25924],"t":[67.1457,61.6684,-151.43],"timeVisible":16.5857,"type":"right","wrist":[12.9696,231.912,8.15792]}],"id":1797038,"interactionBox":{"center":[0,200,0],"size":[235.247,235.247,147.751]},"pointables":[{"bases":[[[0.640627,0.441564,0.628186],[-0.594412,-0.232702,0.769756],[0.486077,-0.866528,0.113396]],[[0.50351,0.63866,0.581886],[-0.798906,0.0877161,0.595025],[0.328978,-0.764473,0.554395]],[[0.50351,0.63866,0.581886],[-0.849043,0.490484,0.196343],[-0.160009,-0.592907,0.789214]],[[0.50351,0.63866,0.581886],[-0.862639,0.409244,0.297274],[-0.0482762,-0.651638,0.756992]]],"btipPosition":[-26.9371,299.49,-63.9169],"carpPosition":[-17.1019,225.872,8.37336],"dipPosition":[-28.0667,284.241,-46.2027],"direction":[0.160009,0.592907,-0.789214],"extended":false,"handId":502,"id":5020,"length":52.11,"mcpPosition":[-17.1019,225.872,8.37336],"pipPosition":[-33.5217,264.028,-19.2973],"stabilizedTipPosition":[-31.6281,293.099,-55.2754],"timeVisible":16.5857,"tipPosition":[-28.5722,296.262,-59.3004],"tipVelocity":[216.323,127.921,-216.74],"tool":false,"touchDistance":-0.236363,"touchZone":"hovering","type":0,"width":20.2475},{"bases":[[[0.921298,0.147683,-0.359722],[0.268395,0.427887,0.863063],[0.28138,-0.891685,0.354574]],[[0.906805,0.190108,-0.376249],[-0.149065,0.97948,0.135639],[0.394314,-0.0669124,0.916536]],[[0.906805,0.190108,-0.376249],[-0.237786,0.967665,-0.0841601],[0.348083,0.165784,0.922688]],[[0.906805,0.190108,-0.376249],[-0.279409,0.939373,-0.19877],[0.31565,0.285373,0.904946]]],"btipPosition":[-55.7512,301.274,-82.6769],"carpPosition":[-4.30949,241.688,20.5361],"dipPosition":[-50.3588,306.149,-67.2173],"direction":[-0.348083,-0.165784,-0.922688],"extended":false,"handId":502,"id":5021,"length":58.8003,"mcpPosition":[-25.008,307.281,-5.54653],"pipPosition":[-41.9466,310.156,-44.9183],"stabilizedTipPosition":[-60.1181,299.169,-73.1074],"timeVisible":16.5857,"tipPosition":[-54.6156,302.86,-79.1336],"tipVelocity":[233.805,127.304,-249.381],"tool":false,"touchDistance":-0.287348,"touchZone":"hovering","type":1,"width":19.3404},{"bases":[[[0.891499,-0.0492674,-0.450336],[0.426399,0.427014,0.797398],[0.153014,-0.902902,0.40169]],[[0.8952,-0.0728955,-0.439662],[-0.0822121,0.94259,-0.323673],[0.438016,0.325898,0.837814]],[[0.8952,-0.0728955,-0.439662],[-0.440498,-0.294503,-0.848074],[-0.0676608,0.952866,-0.295749]],[[0.8952,-0.0728955,-0.439662],[-0.311026,-0.808744,-0.499195],[-0.319185,0.583626,-0.74666]]],"btipPosition":[-16.6605,253.961,-28.546],"carpPosition":[7.2024,244.741,17.4151],"dipPosition":[-22.6579,264.927,-42.5756],"direction":[0.0676608,-0.952866,0.295749],"extended":false,"handId":502,"id":5022,"length":66.9982,"mcpPosition":[-3.47176,307.727,-10.6065],"pipPosition":[-24.5817,292.02,-50.9846],"stabilizedTipPosition":[-21.4287,253.609,-28.0229],"timeVisible":16.5857,"tipPosition":[-18.1967,256.766,-32.1109],"tipVelocity":[171.818,135.871,-185.021],"tool":false,"touchDistance":0.333333,"touchZone":"none","type":2,"width":18.9949},{"bases":[[[0.869602,-0.213649,-0.445137],[0.493664,0.393402,0.775584],[0.00941521,-0.894197,0.447574]],[[0.868424,-0.175618,-0.463678],[0.44399,0.691715,0.569564],[0.220708,-0.700492,0.678675]],[[0.868424,-0.175618,-0.463678],[0.32837,0.904398,0.272465],[0.3715,-0.388873,0.843069]],[[0.868424,-0.175618,-0.463678],[0.264085,0.955316,0.13278],[0.41964,-0.23776,0.875998]]],"btipPosition":[-10.2214,347.776,-85.7699],"carpPosition":[18.3578,245.263,12.2989],"dipPosition":[-2.38185,343.334,-69.4048],"direction":[-0.3715,0.388873,-0.843069],"extended":true,"handId":502,"id":5023,"length":64.4205,"mcpPosition":[17.7681,301.269,-15.7337],"pipPosition":[7.90818,332.563,-46.0529],"stabilizedTipPosition":[-12.3575,344.886,-78.5891],"timeVisible":16.5857,"tipPosition":[-8.27072,347.037,-81.8679],"tipVelocity":[248.45,118.426,-211.54],"tool":false,"touchDistance":0.0534801,"touchZone":"hovering","type":3,"width":18.0748},{"bases":[[[0.771245,-0.377751,-0.512332],[0.621788,0.274827,0.733382],[-0.136234,-0.88418,0.44684]],[[0.780632,-0.293028,-0.55204],[0.135948,0.94174,-0.307643],[0.610026,0.165107,0.774989]],[[0.780632,-0.293028,-0.55204],[-0.603758,-0.125292,-0.78726],[0.161523,0.947859,-0.274725]],[[0.780632,-0.293028,-0.55204],[-0.579454,-0.670311,-0.46359],[-0.234194,0.681775,-0.693063]]],"btipPosition":[14.7262,255.835,-33.5768],"carpPosition":[27.5176,240.696,2.4124],"dipPosition":[10.69,267.585,-45.5215],"direction":[-0.161523,-0.947859,0.274725],"extended":false,"handId":502,"id":5024,"length":50.5045,"mcpPosition":[35.4161,291.959,-23.4945],"pipPosition":[13.8488,286.121,-50.8942],"stabilizedTipPosition":[11.5388,256.901,-34.4258],"timeVisible":16.5857,"tipPosition":[13.7924,258.645,-36.4601],"tipVelocity":[179.108,126.725,-141.982],"tool":false,"touchDistance":0.333333,"touchZone":"none","type":4,"width":16.0555}],"r":[[0.96095,-0.263144,0.0856172],[0.238709,0.944775,0.22454],[-0.139975,-0.195334,0.970696]],"s":1.3599,"t":[67.1457,61.6684,-151.43],"timestamp":97797504946},false],[5,{"currentFrameRate":101.592,"devices":[],"gestures":[],"hands":[{"armBasis":[[0.957051,-0.0285692,-0.288507],[0.160154,0.881613,0.44397],[0.241668,-0.471108,0.848324]],"armWidth":63.7122,"confidence":0.281499,"direction":[-0.0712643,0.957192,-0.280543],"elbow":[78.7943,106.449,235.624],"grabStrength":0,"id":502,"palmNormal":[-0.298175,-0.28884,-0.90976],"palmPosition":[1.16146,284.211,-10.1405],"palmVelocity":[137.376,155.263,-173.011],"palmWidth":90.9788,"pinchStrength":0.74975,"r":[[0.959421,-0.264542,0.0976139],[0.23762,0.944887,0.225222],[-0.151815,-0.192888,0.969405]],"s":1.36018,"sphereCenter":[-6.44433,283.671,-61.2953],"sphereRadius":46.882,"stabilizedPalmPosition":[-3.1601,279.335,-4.73045],"t":[68.3975,63.2523,-153.14],"timeVisible":16.5955,"type":"right","wrist":[13.552,233.633,6.60436]}],"id":1797039,"interactionBox":{"center":[0,200,0],"size":[235.247,235.247,147.751]},"pointables":[{"bases":[[[0.63581,0.437554,0.635839],[-0.604881,-0.229241,0.762606],[0.479441,-0.86948,0.118914]],[[0.500422,0.635516,0.58796],[-0.805467,0.0927027,0.585345],[0.31749,-0.766503,0.558278]],[[0.500422,0.635516,0.58796],[-0.848463,0.495131,0.186962],[-0.1723,-0.592423,0.786986]],[[0.500422,0.635516,0.58796],[-0.863622,0.414352,0.287176],[-0.0611177,-0.651485,0.756196]]],"btipPosition":[-25.0983,301.474,-65.9271],"carpPosition":[-16.556,227.775,6.46229],"dipPosition":[-26.5285,286.229,-48.2316],"direction":[0.1723,0.592423,-0.786986],"extended":false,"handId":502,"id":5020,"length":52.11,"mcpPosition":[-16.556,227.775,6.46229],"pipPosition":[-32.4024,266.032,-21.4021],"stabilizedTipPosition":[-29.7338,294.586,-57.2861],"timeVisible":16.5955,"tipPosition":[-26.7796,298.247,-61.3372],"tipVelocity":[205.766,149.934,-213.431],"tool":false,"touchDistance":-0.270458,"touchZone":"hovering","type":0,"width":20.2475},{"bases":[[[0.926369,0.142164,-0.348754],[0.260747,0.426088,0.866291],[0.271756,-0.893442,0.357646]],[[0.912331,0.184678,-0.365439],[-0.14473,0.980342,0.1341],[0.383021,-0.0694535,0.921125]],[[0.912331,0.184678,-0.365439],[-0.230943,0.969086,-0.0868207],[0.338108,0.163605,0.926777]],[[0.912331,0.184678,-0.365439],[-0.271386,0.941042,-0.201962],[0.306596,0.283432,0.908661]]],"btipPosition":[-53.6658,303.421,-85.0187],"carpPosition":[-3.81286,243.511,18.7797],"dipPosition":[-48.428,308.263,-69.4956],"direction":[-0.338108,-0.163605,-0.926777],"extended":false,"handId":502,"id":5021,"length":58.8003,"mcpPosition":[-23.8034,309.234,-7.52888],"pipPosition":[-40.2568,312.217,-47.0977],"stabilizedTipPosition":[-58.134,300.559,-75.2687],"timeVisible":16.5955,"tipPosition":[-52.5622,304.997,-81.4619],"tipVelocity":[226.525,154.147,-245.851],"tool":false,"touchDistance":-0.321854,"touchZone":"hovering","type":1,"width":19.3404},{"bases":[[[0.896452,-0.0545846,-0.439766],[0.41951,0.42427,0.8025],[0.142775,-0.903889,0.403236]],[[0.899834,-0.0778633,-0.429227],[-0.0733026,0.942962,-0.324729],[0.430029,0.323666,0.842802]],[[0.899834,-0.0778633,-0.429227],[-0.432239,-0.291975,-0.853183],[-0.0588918,0.953251,-0.296384]],[[0.899834,-0.0778633,-0.429227],[-0.309824,-0.806738,-0.503172],[-0.307095,0.585757,-0.750055]]],"btipPosition":[-15.4868,255.84,-30.4316],"carpPosition":[7.75344,246.494,15.796],"dipPosition":[-21.257,266.847,-44.5249],"direction":[0.0588918,-0.953251,0.296384],"extended":false,"handId":502,"id":5022,"length":66.9982,"mcpPosition":[-2.20647,309.549,-12.3335],"pipPosition":[-22.9315,293.95,-52.9519],"stabilizedTipPosition":[-20.1364,254.943,-29.6051],"timeVisible":16.5955,"tipPosition":[-16.9683,258.658,-34.0079],"tipVelocity":[158.026,152.627,-187.628],"tool":false,"touchDistance":0.333333,"touchZone":"none","type":2,"width":18.9949},{"bases":[[[0.8735,-0.218831,-0.434869],[0.486823,0.390255,0.781475],[-0.00130122,-0.894323,0.44742]],[[0.872772,-0.180795,-0.453411],[0.441416,0.688852,0.575008],[0.208375,-0.701995,0.681017]],[[0.872772,-0.180795,-0.453411],[0.330651,0.902281,0.276693],[0.359079,-0.391412,0.847266]],[[0.872772,-0.180795,-0.453411],[0.268355,0.953628,0.136305],[0.407742,-0.240639,0.880817]]],"btipPosition":[-7.81919,349.662,-87.5577],"carpPosition":[18.9716,246.951,10.8123],"dipPosition":[-0.20187,345.167,-71.1025],"direction":[-0.35908,0.391412,-0.847266],"extended":true,"handId":502,"id":5023,"length":64.4205,"mcpPosition":[19.0531,302.964,-17.2107],"pipPosition":[9.74413,334.325,-47.6345],"stabilizedTipPosition":[-10.0575,346.255,-80.4846],"timeVisible":16.5955,"tipPosition":[-5.92311,348.902,-83.6364],"tipVelocity":[245.916,139.89,-202.317],"tool":false,"touchDistance":0.0542681,"touchZone":"hovering","type":3,"width":18.0748},{"bases":[[[0.774953,-0.382322,-0.503267],[0.614718,0.270913,0.740762],[-0.146868,-0.883423,0.444965]],[[0.785219,-0.29893,-0.542284],[0.145525,0.940314,-0.307623],[0.601875,0.162635,0.781854]],[[0.785219,-0.29893,-0.542284],[-0.595297,-0.123358,-0.79398],[0.17045,0.946268,-0.274815]],[[0.785219,-0.29893,-0.542284],[-0.578143,-0.66757,-0.469149],[-0.22177,0.681903,-0.697013]]],"btipPosition":[15.9446,257.541,-35.0196],"carpPosition":[28.2199,242.329,1.03372],"dipPosition":[12.1224,269.293,-47.0324],"direction":[-0.17045,-0.946268,0.274815],"extended":false,"handId":502,"id":5024,"length":50.5045,"mcpPosition":[36.735,293.549,-24.7645],"pipPosition":[15.4558,287.799,-52.4068],"stabilizedTipPosition":[12.9532,258.241,-35.772],"timeVisible":16.5955,"tipPosition":[15.0634,260.354,-37.9419],"tipVelocity":[164.418,140.702,-143.992],"tool":false,"touchDistance":0.333333,"touchZone":"none","type":4,"width":16.0555}],"r":[[0.959421,-0.264542,0.0976139],[0.23762,0.944887,0.225222],[-0.151815,-0.192888,0.969405]],"s":1.36018,"t":[68.3975,63.2523,-153.14],"timestamp":97797514748},false],[6,{"currentFrameRate":101.571,"devices":[],"gestures":[],"hands":[{"armBasis":[[0.953937,-0.0282547,-0.298673],[0.16548,0.879965,0.445284],[0.25024,-0.474197,0.844107]],"armWidth":63.7122,"confidence":0.27158,"direction":[-0.0417245,0.963973,-0.262707],"elbow":[80.6126,108.393,232.118],"grabStrength":0,"id":502,"palmNormal":[-0.283875,-0.263537,-0.921934],"palmPosition":[2.27573,287.596,-11.7601],"palmVelocity":[130.051,210.882,-170.286],"palmWidth":90.9788,"pinchStrength":0.753962,"r":[[0.956298,-0.270718,0.110479],[0.240281,0.942905,0.230642],[-0.16661,-0.194016,0.966747]],"s":1.36066,"sphereCenter":[-4.01898,288.234,-63.1367],"sphereRadius":46.9326,"stabilizedPalmPosition":[-1.93968,281.19,-6.3087],"t":[69.5806,65.7368,-154.804],"timeVisible":16.6054,"type":"right","wrist":[13.0561,236.411,4.23709]}],"id":1797040,"interactionBox":{"center":[0,200,0],"size":[235.247,235.247,147.751]},"pointables":[{"bases":[[[0.631242,0.409287,0.6588],[-0.627718,-0.229287,0.743907],[0.455526,-0.883126,0.112181]],[[0.501425,0.611877,0.611702],[-0.8165,0.100796,0.568478],[0.286181,-0.784504,0.550139]],[[0.501425,0.611877,0.611702],[-0.84168,0.508703,0.181095],[-0.200367,-0.605663,0.770081]],[[0.501425,0.611877,0.611702],[-0.860351,0.427375,0.277751],[-0.0914766,-0.66555,0.740726]]],"btipPosition":[-22.4849,306.674,-67.751],"carpPosition":[-17.1726,231.296,3.29395],"dipPosition":[-24.6256,291.1,-50.4175],"direction":[0.200367,0.605663,-0.770081],"extended":false,"handId":502,"id":5020,"length":52.11,"mcpPosition":[-17.1726,231.296,3.29395],"pipPosition":[-31.4564,270.452,-24.1643],"stabilizedTipPosition":[-27.5609,297.321,-59.3694],"timeVisible":16.6054,"tipPosition":[-24.1675,303.342,-63.3059],"tipVelocity":[218.268,259.408,-207.339],"tool":false,"touchDistance":-0.300352,"touchZone":"hovering","type":0,"width":20.2475},{"bases":[[[0.937348,0.126257,-0.324712],[0.250774,0.402487,0.880407],[0.24185,-0.906677,0.345608]],[[0.924727,0.169418,-0.340849],[-0.124204,0.980773,0.150525],[0.359797,-0.0968598,0.927989]],[[0.924727,0.169418,-0.340849],[-0.205548,0.975954,-0.0725575],[0.32036,0.137157,0.937314]],[[0.924727,0.169418,-0.340849],[-0.243986,0.95115,-0.189168],[0.29215,0.258091,0.920889]]],"btipPosition":[-50.3234,309.603,-87.4589],"carpPosition":[-4.34376,246.471,16.2124],"dipPosition":[-45.3325,314.013,-71.7269],"direction":[-0.32036,-0.137157,-0.937314],"extended":false,"handId":502,"id":5021,"length":58.8003,"mcpPosition":[-22.1344,313.166,-9.21072],"pipPosition":[-37.5902,317.327,-49.0745],"stabilizedTipPosition":[-55.6501,303.348,-77.6455],"timeVisible":16.6054,"tipPosition":[-49.2647,311.08,-83.8472],"tipVelocity":[257.977,291.179,-244.708],"tool":false,"touchDistance":-0.353885,"touchZone":"hovering","type":1,"width":19.3404},{"bases":[[[0.904828,-0.0678758,-0.420332],[0.410882,0.398034,0.82021],[0.111634,-0.914856,0.388042]],[[0.907369,-0.091065,-0.410352],[-0.0433133,0.950796,-0.306774],[0.418097,0.296131,0.858779]],[[0.907369,-0.091065,-0.410352],[-0.419334,-0.263456,-0.868764],[-0.0289957,0.960364,-0.277238]],[[0.907369,-0.091065,-0.410352],[-0.317558,-0.788117,-0.527285],[-0.275388,0.608752,-0.744031]]],"btipPosition":[-14.5817,260.031,-33.0425],"carpPosition":[7.3569,249.228,13.5526],"dipPosition":[-19.7562,271.47,-47.0226],"direction":[0.0289957,-0.960364,0.277238],"extended":false,"handId":502,"id":5022,"length":66.9982,"mcpPosition":[-0.430636,313.047,-13.5169],"pipPosition":[-20.5806,298.776,-54.9053],"stabilizedTipPosition":[-18.8925,257.143,-31.5013],"timeVisible":16.6054,"tipPosition":[-15.9047,262.954,-36.5621],"tipVelocity":[142.396,236.235,-209.577],"tool":false,"touchDistance":0.333333,"touchZone":"none","type":2,"width":18.9949},{"bases":[[[0.877828,-0.231576,-0.419274],[0.477827,0.362801,0.800035],[-0.0331555,-0.902634,0.42913]],[[0.878445,-0.19318,-0.437054],[0.444417,0.666366,0.598707],[0.17558,-0.720165,0.671218]],[[0.878445,-0.19318,-0.437054],[0.345789,0.888248,0.302398],[0.329795,-0.416769,0.847077]],[[0.878445,-0.19318,-0.437054],[0.288033,0.943865,0.16173],[0.381277,-0.267957,0.884775]]],"btipPosition":[-3.32985,354.763,-88.0206],"carpPosition":[18.6952,249.507,8.83484],"dipPosition":[3.79306,349.757,-71.4915],"direction":[-0.329795,0.416769,-0.847077],"extended":true,"handId":502,"id":5023,"length":64.4205,"mcpPosition":[20.7718,306.041,-18.0426],"pipPosition":[12.9279,338.213,-48.0286],"stabilizedTipPosition":[-6.69682,349.21,-81.9847],"timeVisible":16.6054,"tipPosition":[-1.54762,353.873,-84.0768],"tipVelocity":[304.371,248.125,-155.606],"tool":false,"touchDistance":0.121483,"touchZone":"hovering","type":3,"width":18.0748},{"bases":[[[0.776992,-0.39123,-0.493176],[0.603726,0.241186,0.759832],[-0.178322,-0.888126,0.423595]],[[0.790026,-0.308527,-0.529784],[0.175383,0.941765,-0.286915],[0.587453,0.133755,0.798128]],[[0.790026,-0.308527,-0.529784],[-0.579709,-0.0947531,-0.809295],[0.199491,0.946485,-0.253713]],[[0.790026,-0.308527,-0.529784],[-0.583224,-0.644574,-0.494341],[-0.188968,0.699525,-0.689171]]],"btipPosition":[16.9788,261.05,-36.7603],"carpPosition":[28.0538,244.853,-0.822726],"dipPosition":[13.722,273.106,-48.6379],"direction":[-0.199491,-0.946485,0.253713],"extended":false,"handId":502,"id":5024,"length":50.5045,"mcpPosition":[38.3926,296.345,-25.3819],"pipPosition":[17.6233,291.616,-53.5997],"stabilizedTipPosition":[14.2859,260.512,-37.2852],"timeVisible":16.6054,"tipPosition":[16.2366,263.941,-39.6684],"tipVelocity":[150.561,206.489,-152.595],"tool":false,"touchDistance":0.333333,"touchZone":"none","type":4,"width":16.0555}],"r":[[0.956298,-0.270718,0.110479],[0.