{"sensorType":"Leap","data":[[0,{"currentFrameRate":101.385,"devices":[],"gestures":[],"hands":[{"armBasis":[[0.888873,-0.17034,-0.425311],[0.342322,0.863907,0.369431],[0.3045,-0.473971,0.826215]],"armWidth":63.7122,"confidence":0.260129,"direction":[0.228413,0.943207,-0.241223],"elbow":[73.349,107.379,216.764],"grabStrength":0,"id":502,"palmNormal":[-0.266835,-0.177634,-0.94723],"palmPosition":[-4.81189,287.634,-21.7935],"palmVelocity":[86.8633,-114.849,1.15051],"palmWidth":90.9788,"pinchStrength":1,"r":[[0.833532,-0.514436,0.201442],[0.441454,0.839416,0.317016],[-0.332179,-0.175315,0.92678]],"s":1.26086,"sphereCenter":[-1.33173,288.321,-80.1068],"sphereRadius":52.8276,"stabilizedPalmPosition":[-7.39374,291.82,-21.9506],"t":[62.7202,69.3624,-166.55],"timeVisible":17.4909,"type":"right","wrist":[-8.85589,235.335,-6.28657]}],"id":1797128,"interactionBox":{"center":[0,200,0],"size":[235.247,235.247,147.751]},"pointables":[{"bases":[[[0.659993,0.229967,0.715209],[-0.723324,-0.062733,0.687653],[0.203005,-0.971174,0.124938]],[[0.522641,0.601098,0.604589],[-0.830421,0.198393,0.520616],[0.192994,-0.774159,0.602853]],[[0.522641,0.601098,0.604589],[-0.828057,0.526674,0.192188],[-0.202898,-0.60108,0.773004]],[[0.522641,0.601098,0.604589],[-0.852435,0.380235,0.358854],[-0.0141801,-0.702925,0.711123]]],"btipPosition":[-41.591,313.772,-82.7554],"carpPosition":[-39.2072,238.192,-9.67253],"dipPosition":[-41.9228,297.323,-66.1146],"direction":[0.202898,0.60108,-0.773004],"extended":false,"handId":502,"id":5020,"length":52.11,"mcpPosition":[-39.2072,238.192,-9.67253],"pipPosition":[-48.8399,276.831,-39.7618],"stabilizedTipPosition":[-41.8791,310.141,-78.9116],"timeVisible":17.4909,"tipPosition":[-40.8982,309.49,-79.072],"tipVelocity":[87.6822,-114.924,-17.8787],"tool":false,"touchDistance":-0.222327,"touchZone":"touching","type":0,"width":20.2475},{"bases":[[[0.961343,-0.118375,-0.248612],[0.273965,0.32059,0.906733],[-0.0276317,-0.939792,0.340628]],[[0.961687,-0.101156,-0.254804],[0.132462,0.985196,0.108821],[0.240024,-0.138404,0.96085]],[[0.961687,-0.101156,-0.254804],[0.0402453,0.971458,-0.233771],[0.271179,0.21456,0.93831]],[[0.961687,-0.101156,-0.254804],[-0.00988384,0.916039,-0.400968],[0.273971,0.388125,0.879943]]],"btipPosition":[-43.5082,312.753,-99.4777],"carpPosition":[-23.996,249.492,4.56338],"dipPosition":[-38.8278,319.384,-84.4453],"direction":[-0.271179,-0.21456,-0.93831],"extended":false,"handId":502,"id":5021,"length":58.8003,"mcpPosition":[-21.9634,318.624,-20.4934],"pipPosition":[-32.2741,324.569,-61.7687],"stabilizedTipPosition":[-42.743,314.466,-95.9715],"timeVisible":17.4909,"tipPosition":[-42.4819,314.985,-96.1453],"tipVelocity":[137.716,-142.303,-34.8849],"tool":false,"touchDistance":-0.26401,"touchZone":"touching","type":1,"width":19.3404},{"bases":[[[0.887887,-0.297162,-0.351215],[0.431874,0.275251,0.858907],[-0.158563,-0.914293,0.372729]],[[0.88511,-0.312417,-0.34493],[0.435422,0.817572,0.376808],[0.164284,-0.483706,0.859674]],[[0.88511,-0.312417,-0.34493],[0.19531,0.92211,-0.334017],[0.422416,0.228273,0.877186]],[[0.88511,-0.312417,-0.34493],[0.0495692,0.800247,-0.597619],[0.462735,0.51186,0.723792]]],"btipPosition":[-29.3664,320.134,-103.095],"carpPosition":[-11.8049,249.15,2.87815],"dipPosition":[-20.6718,329.752,-89.4957],"direction":[-0.422416,-0.228273,-0.877186],"extended":false,"handId":502,"id":5022,"length":66.9982,"mcpPosition":[-0.743678,312.93,-23.1232],"pipPosition":[-8.66125,336.242,-64.5547],"stabilizedTipPosition":[-32.7115,322.63,-95.3375],"timeVisible":17.4909,"tipPosition":[-26.9443,323.642,-100.069],"tipVelocity":[152.205,-51.0119,-80.0167],"tool":false,"touchDistance":-0.395879,"touchZone":"touching","type":2,"width":18.9949},{"bases":[[[0.819775,-0.448368,-0.356279],[0.488931,0.224031,0.843064],[-0.298185,-0.865319,0.402876]],[[0.831622,-0.411474,-0.372953],[0.550788,0.525297,0.648611],[-0.070975,-0.744817,0.663484]],[[0.831622,-0.411474,-0.372953],[0.53735,0.765776,0.35333],[0.140213,-0.494243,0.857942]],[[0.831622,-0.411474,-0.372953],[0.507876,0.835181,0.211033],[0.224649,-0.364914,0.903532]]],"btipPosition":[13.3331,354.493,-96.4643],"carpPosition":[-0.433152,246.515,-0.947367],"dipPosition":[17.5299,347.676,-79.5847],"direction":[-0.140213,0.494243,-0.857942],"extended":true,"handId":502,"id":5023,"length":64.4205,"mcpPosition":[18.2428,300.712,-26.1804],"pipPosition":[21.4136,333.986,-55.821],"stabilizedTipPosition":[12.1924,354.877,-92.2538],"timeVisible":17.4909,"tipPosition":[14.3576,352.985,-92.5286],"tipVelocity":[166.011,-179.236,-42.4213],"tool":false,"touchDistance":0.316001,"touchZone":"hovering","type":3,"width":18.0748},{"bases":[[[0.687624,-0.576317,-0.441624],[0.582207,0.0742314,0.809645],[-0.43383,-0.813848,0.386579]],[[0.662785,-0.620102,-0.419748],[0.53644,0.7843,-0.311619],[0.522444,-0.0186334,0.85247]],[[0.662785,-0.620102,-0.419748],[-0.490031,0.064671,-0.869303],[0.566202,0.781851,-0.261007]],[[0.662785,-0.620102,-0.419748],[-0.730977,-0.414188,-0.542329],[0.162445,0.666274,-0.727798]]],"btipPosition":[0.972598,260.716,-44.8748],"carpPosition":[8.16346,239.646,-9.97045],"dipPosition":[3.77229,272.199,-57.4182],"direction":[-0.566202,-0.781851,0.261007],"extended":false,"handId":502,"id":5024,"length":50.5045,"mcpPosition":[33.3161,286.831,-32.3836],"pipPosition":[14.8452,287.49,-62.5225],"stabilizedTipPosition":[-0.172089,266.894,-48.3411],"timeVisible":17.4909,"tipPosition":[2.03177,263.066,-47.8535],"tipVelocity":[79.0675,-139.378,21.2255],"tool":false,"touchDistance":0.333333,"touchZone":"none","type":4,"width":16.0555}],"r":[[0.833532,-0.514436,0.201442],[0.441454,0.839416,0.317016],[-0.332179,-0.175315,0.92678]],"s":1.26086,"t":[62.7202,69.3624,-166.55],"timestamp":97798410071},true],[1,{"currentFrameRate":101.486,"devices":[],"gestures":[],"hands":[{"armBasis":[[0.887638,-0.175424,-0.425822],[0.347019,0.862649,0.367987],[0.302781,-0.474408,0.826596]],"armWidth":63.7122,"confidence":0.262932,"direction":[0.235974,0.939747,-0.247372],"elbow":[73.4898,106.443,217.155],"grabStrength":0,"id":502,"palmNormal":[-0.26403,-0.182981,-0.946998],"palmPosition":[-3.77845,286.669,-21.8829],"palmVelocity":[92.7323,-110.519,-1.87927],"palmWidth":90.9788,"pinchStrength":1,"r":[[0.829436,-0.518371,0.208152],[0.446165,0.838987,0.311511],[-0.336115,-0.165508,0.927164]],"s":1.26251,"sphereCenter":[-0.00429891,286.88,-80.2448],"sphereRadius":52.9084,"stabilizedPalmPosition":[-6.4712,290.505,-21.9333],"t":[63.7148,68.3283,-166.571],"timeVisible":17.5005,"type":"right","wrist":[-8.25107,234.518,-5.99794]}],"id":1797129,"interactionBox":{"center":[0,200,0],"size":[235.247,235.247,147.751]},"pointables":[{"bases":[[[0.658525,0.230834,0.716282],[-0.72666,-0.052509,0.684988],[0.19573,-0.971575,0.133159]],[[0.523955,0.602532,0.602019],[-0.830857,0.205984,0.516961],[0.187479,-0.771055,0.608544]],[[0.523955,0.602532,0.602019],[-0.826014,0.531872,0.18658],[-0.207777,-0.595035,0.776377]],[[0.523955,0.602532,0.602019],[-0.851724,0.375668,0.365293],[-0.00605858,-0.704151,0.710024]]],"btipPosition":[-40.6994,312.806,-82.9922],"carpPosition":[-38.5672,237.558,-9.53606],"dipPosition":[-40.8412,296.328,-66.3772],"direction":[0.207777,0.595035,-0.776377],"extended":false,"handId":502,"id":5020,"length":52.11,"mcpPosition":[-38.5672,237.558,-9.53606],"pipPosition":[-47.9246,276.043,-39.9094],"stabilizedTipPosition":[-40.8973,309.178,-79.1334],"timeVisible":17.5005,"tipPosition":[-39.8738,308.497,-79.3463],"tipVelocity":[90.3514,-110.772,-19.9936],"tool":false,"touchDistance":-0.22874,"touchZone":"touching","type":0,"width":20.2475},{"bases":[[[0.961547,-0.126896,-0.243568],[0.272324,0.325573,0.905451],[-0.0355989,-0.936963,0.34761]],[[0.962036,-0.109779,-0.249869],[0.138885,0.985047,0.10195],[0.234941,-0.132783,0.962897]],[[0.962036,-0.109779,-0.249869],[0.0479249,0.969261,-0.241323],[0.268681,0.220187,0.937725]],[[0.962036,-0.109779,-0.249869],[-0.00193811,0.912764,-0.408482],[0.272915,0.393459,0.8779]]],"btipPosition":[-41.968,311.446,-99.9144],"carpPosition":[-23.3386,248.861,4.67925],"dipPosition":[-37.3057,318.167,-84.9169],"direction":[-0.268681,-0.220187,-0.937725],"extended":false,"handId":502,"id":5021,"length":58.8003,"mcpPosition":[-20.7199,317.785,-20.8912],"pipPosition":[-30.8123,323.489,-62.2545],"stabilizedTipPosition":[-41.1569,313.2,-96.3952],"timeVisible":17.5005,"tipPosition":[-40.94,313.691,-96.5953],"tipVelocity":[143.932,-139.656,-38.1378],"tool":false,"touchDistance":-0.272576,"touchZone":"touching","type":1,"width":19.3404},{"bases":[[[0.887289,-0.305947,-0.34513],[0.430117,0.278783,0.85865],[-0.166485,-0.910317,0.378954]],[[0.884378,-0.321144,-0.338737],[0.439644,0.816892,0.373363],[0.156808,-0.479118,0.86363]],[[0.884378,-0.321144,-0.338737],[0.204012,0.918656,-0.338306],[0.419828,0.230084,0.877956]],[[0.884378,-0.321144,-0.338737],[0.0588488,0.796623,-0.601605],[0.463047,0.512112,0.723415]]],"btipPosition":[-27.724,318.851,-103.564],"carpPosition":[-11.1431,248.422,3.04916],"dipPosition":[-19.0234,328.474,-89.9714],"direction":[-0.419828,-0.230084,-0.877956],"extended":false,"handId":502,"id":5022,"length":66.9982,"mcpPosition":[0.470762,311.925,-23.3864],"pipPosition":[-7.08653,335.016,-65.0086],"stabilizedTipPosition":[-31.102,322.27,-96.5121],"timeVisible":17.5005,"tipPosition":[-25.3274,322.241,-100.531],"tipVelocity":[157.449,-74.8121,-70.8898],"tool":false,"touchDistance":-0.391679,"touchZone":"touching","type":2,"width":18.9949},{"bases":[[[0.818153,-0.456712,-0.349342],[0.486884,0.227051,0.84344],[-0.305891,-0.860152,0.408128]],[[0.830326,-0.420029,-0.366244],[0.551655,0.526391,0.646985],[-0.0789655,-0.739249,0.668787]],[[0.830326,-0.420029,-0.366244],[0.541144,0.764703,0.349845],[0.133122,-0.488676,0.862249]],[[0.830326,-0.420029,-0.366244],[0.51276,0.833227,0.206905],[0.218258,-0.359594,0.907224]]],"btipPosition":[15.1479,352.832,-96.9784],"carpPosition":[0.226236,245.68,-0.707315],"dipPosition":[19.2253,346.114,-80.0299],"direction":[-0.133122,0.488676,-0.862249],"extended":true,"handId":502,"id":5023,"length":64.4205,"mcpPosition":[19.3849,299.553,-26.2693],"pipPosition":[22.9126,332.578,-56.1468],"stabilizedTipPosition":[14.2028,353.023,-92.6805],"timeVisible":17.5005,"tipPosition":[16.1446,351.346,-93.0275],"tipVelocity":[171.563,-176.44,-45.0926],"tool":false,"touchDistance":0.311336,"touchZone":"hovering","type":3,"width":18.0748},{"bases":[[[0.685481,-0.584391,-0.434284],[0.579259,0.076361,0.811559],[-0.441105,-0.807871,0.390858]],[[0.660133,-0.62802,-0.412086],[0.543362,0.778038,-0.315302],[0.518634,-0.0157707,0.854851]],[[0.660133,-0.62802,-0.412086],[-0.485791,0.0614878,-0.87191],[0.572915,0.775765,-0.264496]],[[0.660133,-0.62802,-0.412086],[-0.731572,-0.413109,-0.542349],[0.170369,0.659494,-0.732149]]],"btipPosition":[1.91107,259.542,-44.7344],"carpPosition":[8.81328,238.683,-9.64104],"dipPosition":[4.84733,270.908,-57.3528],"direction":[-0.572915,-0.775765,0.264496],"extended":false,"handId":502,"id":5024,"length":50.5045,"mcpPosition":[34.3877,285.521,-32.3022],"pipPosition":[16.0515,286.079,-62.5253],"stabilizedTipPosition":[0.720897,265.36,-48.113],"timeVisible":17.5005,"tipPosition":[2.99723,261.862,-47.7253],"tipVelocity":[85.2905,-135.018,18.7556],"tool":false,"touchDistance":0.333333,"touchZone":"none","type":4,"width":16.0555}],"r":[[0.829436,-0.518371,0.208152],[0.446165,0.838987,0.311511],[-0.336115,-0.165508,0.927164]],"s":1.26251,"t":[63.7148,68.3283,-166.571],"timestamp":97798419729},true],[2,{"currentFrameRate":101.461,"devices":[],"gestures":[],"hands":[{"armBasis":[[0.887834,-0.178313,-0.424212],[0.348386,0.862731,0.366499],[0.300629,-0.47318,0.828084]],"armWidth":63.7122,"confidence":0.263257,"direction":[0.242263,0.937983,-0.247985],"elbow":[73.3137,105.821,217.88],"grabStrength":0,"id":502,"palmNormal":[-0.258099,-0.184082,-0.948419],"palmPosition":[-3.00872,285.653,-21.6563],"palmVelocity":[88.2645,-108.155,5.4878],"palmWidth":90.9788,"pinchStrength":1,"r":[[0.825317,-0.522144,0.214983],[0.450304,0.83831,0.307348],[-0.340703,-0.156852,0.926995]],"s":1.26419,"sphereCenter":[1.21169,285.695,-80.0349],"sphereRadius":52.968,"stabilizedPalmPosition":[-5.53841,289.198,-21.8587],"t":[64.597,67.3032,-166.468],"timeVisible":17.5104,"type":"right","wrist":[-7.84618,233.564,-5.67537]}],"id":1797130,"interactionBox":{"center":[0,200,0],"size":[235.247,235.247,147.751]},"pointables":[{"bases":[[[0.654466,0.229466,0.72043],[-0.731805,-0.0473117,0.67987],[0.190092,-0.972166,0.13696]],[[0.522371,0.601772,0.604152],[-0.833329,0.21003,0.511322],[0.180809,-0.770557,0.611188]],[[0.522371,0.601772,0.604152],[-0.825473,0.53453,0.181308],[-0.213831,-0.59342,0.775969]],[[0.522371,0.601772,0.604152],[-0.852716,0.370251,0.368495],[-0.00193764,-0.707661,0.706549]]],"btipPosition":[-39.8104,311.99,-82.9319],"carpPosition":[-38.1211,236.741,-9.439],"dipPosition":[-39.8557,295.431,-66.3982],"direction":[0.213831,0.59342,-0.775969],"extended":false,"handId":502,"id":5020,"length":52.11,"mcpPosition":[-38.1211,236.741,-9.439],"pipPosition":[-47.1456,275.2,-39.9443],"stabilizedTipPosition":[-39.9517,308.303,-79.1297],"timeVisible":17.5104,"tipPosition":[-38.9132,307.652,-79.3237],"tipVelocity":[90.8414,-102.874,-12.7931],"tool":false,"touchDistance":-0.230072,"touchZone":"touching","type":0,"width":20.2475},{"bases":[[[0.96265,-0.132112,-0.23633],[0.267377,0.326528,0.906581],[-0.0426023,-0.935909,0.349656]],[[0.963266,-0.115064,-0.242652],[0.14294,0.984612,0.100537],[0.227349,-0.131529,0.96489]],[[0.963266,-0.115064,-0.242652],[0.0542712,0.968323,-0.243731],[0.26301,0.221608,0.938997]],[[0.963266,-0.115064,-0.242652],[0.00527922,0.911498,-0.41127],[0.268499,0.394882,0.878622]]],"btipPosition":[-40.5164,310.4,-100.015],"carpPosition":[-22.9408,248.006,4.85758],"dipPosition":[-35.9295,317.146,-85.0053],"direction":[-0.26301,-0.221608,-0.938997],"extended":false,"handId":502,"id":5021,"length":58.8003,"mcpPosition":[-19.807,316.852,-20.8633],"pipPosition":[-29.5733,322.502,-62.3122],"stabilizedTipPosition":[-39.6702,312.106,-96.5423],"timeVisible":17.5104,"tipPosition":[-39.501,312.645,-96.6949],"tipVelocity":[144.193,-129.333,-29.7312],"tool":false,"touchDistance":-0.275043,"touchZone":"touching","type":1,"width":19.3404},{"bases":[[[0.888263,-0.311059,-0.337981],[0.425275,0.278865,0.861032],[-0.17358,-0.908558,0.379991]],[[0.885231,-0.326234,-0.331569],[0.441012,0.815284,0.375261],[0.1479,-0.478418,0.865587]],[[0.885231,-0.326234,-0.331569],[0.211607,0.917228,-0.337514],[0.414233,0.228616,0.880992]],[[0.885231,-0.326234,-0.331569],[0.0680123,0.795936,-0.601548],[0.460153,0.509958,0.726775]]],"btipPosition":[-26.1793,317.859,-103.613],"carpPosition":[-10.7362,247.504,3.31636],"dipPosition":[-17.5331,327.441,-89.9572],"direction":[-0.414233,-0.228616,-0.880992],"extended":false,"handId":502,"id":5022,"length":66.9982,"mcpPosition":[1.37265,310.884,-23.1916],"pipPosition":[-5.75531,333.942,-64.9081],"stabilizedTipPosition":[-29.1318,321.641,-97.641],"timeVisible":17.5104,"tipPosition":[-23.8207,321.139,-100.553],"tipVelocity":[156.632,-82.6331,-50.8267],"tool":false,"touchDistance":-0.38136,"touchZone":"touching","type":2,"width":18.9949},{"bases":[[[0.818434,-0.461501,-0.342319],[0.4819,0.226823,0.846359],[-0.31295,-0.857653,0.408038]],[[0.830904,-0.42492,-0.359223],[0.54952,0.525351,0.649642],[-0.0873273,-0.73719,0.670018]],[[0.830904,-0.42492,-0.359223],[0.542293,0.762966,0.351855],[0.124565,-0.487162,0.864383]],[[0.830904,-0.42492,-0.359223],[0.515267,0.831268,0.20855],[0.209994,-0.358381,0.909652]]],"btipPosition":[16.7752,351.537,-96.7763],"carpPosition":[0.646518,244.698,-0.351441],"dipPosition":[20.6983,344.842,-79.7824],"direction":[-0.124565,0.487162,-0.864383],"extended":true,"handId":502,"id":5023,"length":64.4205,"mcpPosition":[20.2473,298.415,-25.9078],"pipPosition":[24.1485,331.348,-55.8402],"stabilizedTipPosition":[16.1237,351.35,-92.784],"timeVisible":17.5104,"tipPosition":[17.7359,350.056,-92.8151],"tipVelocity":[168.338,-162.678,-25.2867],"tool":false,"touchDistance":0.317328,"touchZone":"hovering","type":3,"width":18.0748},{"bases":[[[0.685763,-0.588755,-0.427898],[0.573776,0.0756132,0.815514],[-0.447783,-0.804767,0.389666]],[[0.659933,-0.632386,-0.405679],[0.549521,0.774485,-0.313367],[0.512362,-0.0161278,0.858618]],[[0.659933,-0.632386,-0.405679],[-0.479135,0.0616772,-0.875571],[0.57872,0.772194,-0.262296]],[[0.659933,-0.632386,-0.405679],[-0.729688,-0.410823,-0.546607],[0.179005,0.656744,-0.732561]]],"btipPosition":[2.7081,258.447,-44.3993],"carpPosition":[9.26374,237.638,-9.20587],"dipPosition":[5.79319,269.765,-57.0247],"direction":[-0.57872,-0.772194,0.262296],"extended":false,"handId":502,"id":5024,"length":50.5045,"mcpPosition":[35.2253,284.297,-31.798],"pipPosition":[17.1109,284.867,-62.1543],"stabilizedTipPosition":[1.63203,263.904,-47.8394],"timeVisible":17.5104,"tipPosition":[3.8249,260.756,-47.3871],"tipVelocity":[84.8863,-128.069,23.1953],"tool":false,"touchDistance":0.333333,"touchZone":"none","type":4,"width":16.0555}],"r":[[0.825317,-0.522144,0.214983],[0.450304,0.83831,0.307348],[-0.340703,-0.156852,0.926995]],"s":1.26419,"t":[64.597,67.3032,-166.468],"timestamp":97798429633},true],[3,{"currentFrameRate":101.462,"devices":[],"gestures":[],"hands":[{"armBasis":[[0.886036,-0.182794,-0.426059],[0.352608,0.862368,0.363303],[0.30101,-0.472131,0.828544]],"armWidth":63.7122,"confidence":0.266479,"direction":[0.248394,0.935915,-0.249727],"elbow":[74.0668,105.23,218.174],"grabStrength":0,"id":502,"palmNormal":[-0.257128,-0.184851,-0.948533],"palmPosition":[-2.01298,284.71,-21.6014],"palmVelocity":[92.0531,-104.46,5.51196],"palmWidth":90.9788,"pinchStrength":1,"r":[[0.821262,-0.52598,0.221072],[0.454488,0.837335,0.303826],[-0.344918,-0.149046,0.926724]],"s":1.2658,"sphereCenter":[2.34589,284.584,-80.0021],"sphereRadius":53.0104,"stabilizedPalmPosition":[-4.56538,287.959,-21.7877],"t":[65.536,66.3193,-166.389],"timeVisible":17.5203,"type":"right","wrist":[-7.19589,232.69,-5.50488]}],"id":1797131,"interactionBox":{"center":[0,200,0],"size":[235.247,235.247,147.751]},"pointables":[{"bases":[[[0.654254,0.227316,0.721304],[-0.733553,-0.0412915,0.678377],[0.18399,-0.972945,0.139733]],[[0.524523,0.600326,0.603726],[-0.833039,0.215417,0.509549],[0.175843,-0.770198,0.613086]],[[0.524523,0.600326,0.603726],[-0.823267,0.538392,0.179904],[-0.21704,-0.591391,0.776627]],[[0.524523,0.600326,0.603726],[-0.851392,0.367509,0.374258],[0.00280188,-0.710314,0.703879]]],"btipPosition":[-38.886,311.263,-82.8902],"carpPosition":[-37.4431,236.038,-9.34254],"dipPosition":[-38.8204,294.641,-66.4189],"direction":[0.21704,0.591391,-0.776627],"extended":false,"handId":502,"id":5020,"length":52.11,"mcpPosition":[-37.4431,236.038,-9.34254],"pipPosition":[-46.2196,274.479,-39.9426],"stabilizedTipPosition":[-38.9876,307.533,-79.1048],"timeVisible":17.5203,"tipPosition":[-37.9345,306.903,-79.3113],"tipVelocity":[92.4881,-94.7054,-8.17838],"tool":false,"touchDistance":-0.231341,"touchZone":"touching","type":0,"width":20.2475},{"bases":[[[0.962357,-0.138424,-0.233899],[0.267346,0.327137,0.90637],[-0.0489461,-0.934784,0.351829]],[[0.963086,-0.121441,-0.240243],[0.148642,0.983975,0.0984822],[0.224434,-0.130557,0.965704]],[[0.963086,-0.121441,-0.240243],[0.0605328,0.967302,-0.2463],[0.262299,0.222665,0.938946]],[[0.963086,-0.121441,-0.240243],[0.0115115,0.910221,-0.413962],[0.268947,0.395916,0.87802]]],"btipPosition":[-39.2012,309.474,-100.096],"carpPosition":[-22.227,247.247,4.95992],"dipPosition":[-34.6066,316.238,-85.0966],"direction":[-0.262299,-0.222665,-0.938946],"extended":false,"handId":502,"id":5021,"length":58.8003,"mcpPosition":[-18.6265,316.011,-20.9208],"pipPosition":[-28.2675,321.619,-62.4047],"stabilizedTipPosition":[-38.3161,311.151,-96.6346],"timeVisible":17.5203,"tipPosition":[-38.1792,311.716,-96.7797],"tipVelocity":[141.07,-118.745,-23.4283],"tool":false,"touchDistance":-0.277004,"touchZone":"touching","type":1,"width":19.3404},{"bases":[[[0.887125,-0.317171,-0.335279],[0.425056,0.278423,0.861283],[-0.179824,-0.906578,0.381811]],[[0.883987,-0.332319,-0.328833],[0.44516,0.8132,0.374884],[0.142826,-0.477776,0.866793]],[[0.883987,-0.332319,-0.328833],[0.218438,0.915464,-0.337951],[0.413342,0.226915,0.881849]],[[0.883987,-0.332319,-0.328833],[0.0749166,0.794972,-0.602003],[0.46147,0.507528,0.727641]]],"btipPosition":[-24.7847,316.949,-103.709],"carpPosition":[-10.0223,246.669,3.44667],"dipPosition":[-16.1138,326.486,-90.0364],"direction":[-0.413342,-0.226915,-0.881849],"extended":false,"handId":502,"id":5022,"length":66.9982,"mcpPosition":[2.52217,309.911,-23.1882],"pipPosition":[-4.36126,332.937,-64.9629],"stabilizedTipPosition":[-26.9923,320.798,-98.6272],"timeVisible":17.5203,"tipPosition":[-22.4409,320.134,-100.635],"tipVelocity":[152.327,-85.8332,-38.5223],"tool":false,"touchDistance":-0.372933,"touchZone":"touching","type":2,"width":18.9949},{"bases":[[[0.81641,-0.467204,-0.339405],[0.481401,0.226009,0.84686],[-0.318948,-0.854775,0.409429]],[[0.829134,-0.43074,-0.35637],[0.551228,0.523643,0.649573],[-0.0931864,-0.735025,0.671606]],[[0.829134,-0.43074,-0.35637],[0.54607,0.760568,0.351204],[0.119766,-0.485798,0.865827]],[[0.829134,-0.43074,-0.35637],[0.519766,0.828681,0.207678],[0.205862,-0.357422,0.910972]]],"btipPosition":[18.3278,350.293,-96.837],"carpPosition":[1.35147,243.786,-0.18937],"dipPosition":[22.1736,343.615,-79.8184],"direction":[-0.119766,0.485798,-0.865827],"extended":true,"handId":502,"id":5023,"length":64.4205,"mcpPosition":[21.3279,297.323,-25.8328],"pipPosition":[25.4909,330.159,-55.8363],"stabilizedTipPosition":[17.8957,349.862,-92.8636],"timeVisible":17.5203,"tipPosition":[19.2704,348.815,-92.8705],"tipVelocity":[164.608,-151.773,-19.4478],"tool":false,"touchDistance":0.318493,"touchZone":"hovering","type":3,"width":18.0748},{"bases":[[[0.683168,-0.593873,-0.424966],[0.57244,0.0741794,0.816584],[-0.453424,-0.801132,0.390634]],[[0.656921,-0.637466,-0.402606],[0.554974,0.770289,-0.314099],[0.510351,-0.0170972,0.859796]],[[0.656921,-0.637466,-0.402606],[-0.476777,0.0624374,-0.876804],[0.58407,0.767945,-0.262912]],[[0.656921,-0.637466,-0.402606],[-0.730983,-0.407673,-0.547236],[0.184712,0.653789,-0.733786]]],"btipPosition":[3.58516,257.419,-44.2657],"carpPosition":[9.94567,236.653,-9.00775],"dipPosition":[6.76862,268.687,-56.9123],"direction":[-0.58407,-0.767945,0.262912],"extended":false,"handId":502,"id":5024,"length":50.5045,"mcpPosition":[36.2343,283.101,-31.6559],"pipPosition":[18.1909,283.706,-62.0539],"stabilizedTipPosition":[2.5518,262.571,-47.6116],"timeVisible":17.5203,"tipPosition":[4.72029,259.716,-47.2559],"tipVelocity":[86.7874,-121.36,20.191],"tool":false,"touchDistance":0.333333,"touchZone":"none","type":4,"width":16.0555}],"r":[[0.821262,-0.52598,0.221072],[0.454488,0.837335,0.303826],[-0.344918,-0.149046,0.926724]],"s":1.2658,"t":[65.536,66.3193,-166.389],"timestamp":97798439487},true],[4,{"currentFrameRate":101.519,"devices":[],"gestures":[],"hands":[{"armBasis":[[0.886644,-0.178659,-0.426548],[0.348587,0.864306,0.362578],[0.30389,-0.470166,0.82861]],"armWidth":63.7122,"confidence":0.26916,"direction":[0.250444,0.935856,-0.247893],"elbow":[75.5331,104.813,218.337],"grabStrength":0,"id":502,"palmNormal":[-0.247931,-0.185516,-0.950849],"palmPosition":[-1.18847,283.755,-21.4377],"palmVelocity":[89.8783,-102.578,8.82653],"palmWidth":90.9788,"pinchStrength":1,"r":[[0.817589,-0.528914,0.227592],[0.457197,0.836594,0.301797],[-0.350026,-0.142691,0.925808]],"s":1.28426,"sphereCenter":[3.1304,283.509,-81.5141],"sphereRadius":55.0736,"stabilizedPalmPosition":[-3.62213,286.785,-21.6899],"t":[66.4177,65.3498,-166.268],"timeVisible":17.53,"type":"right","wrist":[-6.50701,231.743,-5.36031]}],"id":1797132,"interactionBox":{"center":[0,200,0],"size":[235.247,235.247,147.751]},"pointables":[{"bases":[[[0.647208,0.22799,0.727422],[-0.740025,-0.041154,0.67132],[0.182991,-0.972793,0.142083]],[[0.518391,0.601043,0.608291],[-0.837921,0.214974,0.501671],[0.170759,-0.769761,0.615068]],[[0.518391,0.601043,0.608291],[-0.825976,0.536124,0.174168],[-0.221437,-0.59272,0.77437]],[[0.518391,0.601043,0.608291],[-0.855126,0.359805,0.373228],[0.00546025,-0.713643,0.700488]]],"btipPosition":[-37.8186,310.403,-82.9808],"carpPosition":[-36.7171,235.077,-9.49055],"dipPosition":[-37.6909,293.704,-66.5888],"direction":[0.221437,0.59272,-0.77437],"extended":false,"handId":502,"id":5020,"length":52.11,"mcpPosition":[-36.7171,235.077,-9.49055],"pipPosition":[-45.24,273.497,-40.1895],"stabilizedTipPosition":[-37.9065,306.657,-79.2003],"timeVisible":17.53,"tipPosition":[-36.8248,306.022,-79.4243],"tipVelocity":[97.934,-93.3406,-9.05751],"tool":false,"touchDistance":-0.234911,"touchZone":"touching","type":0,"width":20.2475},{"bases":[[[0.964611,-0.13821,-0.224554],[0.258503,0.32778,0.908701],[-0.051987,-0.93459,0.351908]],[[0.965393,-0.121274,-0.230885],[0.147378,0.98408,0.0993306],[0.215163,-0.129921,0.967897]],[[0.965393,-0.121274,-0.230885],[0.0625079,0.967096,-0.246612],[0.253196,0.223646,0.941209]],[[0.965393,-0.121274,-0.230885],[0.01507,0.909765,-0.414849],[0.260362,0.397013,0.880109]]],"btipPosition":[-37.6289,308.443,-100.296],"carpPosition":[-21.6433,246.301,4.95072],"dipPosition":[-33.181,315.226,-85.2605],"direction":[-0.253196,-0.223646,-0.941209],"extended":false,"handId":502,"id":5021,"length":58.8003,"mcpPosition":[-17.8191,315.05,-20.9358],"pipPosition":[-27.0619,320.631,-62.5139],"stabilizedTipPosition":[-36.7845,310.123,-96.8165],"timeVisible":17.53,"tipPosition":[-36.6393,310.683,-96.9713],"tipVelocity":[146.023,-114.815,-22.317],"tool":false,"touchDistance":-0.280458,"touchZone":"touching","type":1,"width":19.3404},{"bases":[[[0.890422,-0.317045,-0.326544],[0.416656,0.279097,0.865161],[-0.183158,-0.906414,0.380613]],[[0.887076,-0.332879,-0.319825],[0.456576,0.734852,0.501528],[0.0680765,-0.590918,0.803854]],[[0.887076,-0.332879,-0.319825],[0.331879,0.941452,-0.0593676],[0.320862,-0.0534798,0.945615]],[[0.887076,-0.332879,-0.319825],[0.23797,0.92343,-0.301078],[0.395559,0.19097,0.898367]]],"btipPosition":[-16.4838,335.368,-105.504],"carpPosition":[-9.42438,245.726,3.55521],"dipPosition":[-9.05136,338.956,-88.624],"direction":[-0.320862,0.0534798,-0.945615],"extended":false,"handId":502,"id":5022,"length":66.9982,"mcpPosition":[3.35259,308.957,-22.9961],"pipPosition":[0.0716818,337.436,-61.7374],"stabilizedTipPosition":[-22.2026,326.833,-99.801],"timeVisible":17.53,"tipPosition":[-9.18744,346.216,-96.1204],"tipVelocity":[349.147,453.113,-59.0847],"tool":false,"touchDistance":-0.379838,"touchZone":"touching","type":2,"width":18.9949},{"bases":[[[0.819804,-0.467107,-0.331259],[0.473157,0.226695,0.851312],[-0.322559,-0.854646,0.406861]],[[0.832678,-0.430649,-0.348123],[0.544768,0.524231,0.65453],[-0.0993756,-0.734659,0.671119]],[[0.832678,-0.430649,-0.348123],[0.542395,0.760973,0.35599],[0.111606,-0.485245,0.867227]],[[0.832678,-0.430649,-0.348123],[0.517449,0.828991,0.21218],[0.197216,-0.356814,0.913121]]],"btipPosition":[19.8513,349.3,-96.5135],"carpPosition":[1.98484,242.845,0.0304036],"dipPosition":[23.5357,342.635,-79.4548],"direction":[-0.111606,0.485245,-0.867226],"extended":true,"handId":502,"id":5023,"length":64.4205,"mcpPosition":[22.1875,296.374,-25.4522],"pipPosition":[26.627,329.194,-55.4339],"stabilizedTipPosition":[19.5426,348.631,-92.7028],"timeVisible":17.53,"tipPosition":[20.7558,347.825,-92.5376],"tipVelocity":[161.082,-137.041,-3.71488],"tool":false,"touchDistance":0.325074,"touchZone":"hovering","type":3,"width":18.0748},{"bases":[[[0.687437,-0.593877,-0.41802],[0.564538,0.0748808,0.822004],[-0.456867,-0.801064,0.386742]],[[0.660887,-0.637629,-0.3958],[0.557844,0.770169,-0.309272],[0.502034,-0.0164011,0.864692]],[[0.660887,-0.637629,-0.3958],[-0.468277,0.0617732,-0.88142],[0.586469,0.767863,-0.257762]],[[0.660887,-0.637629,-0.3958],[-0.725586,-0.408153,-0.554018],[0.191711,0.65333,-0.732398]]],"btipPosition":[4.63164,256.457,-44.0307],"carpPosition":[10.666,235.71,-8.70065],"dipPosition":[7.93571,267.717,-56.6533],"direction":[-0.586469,-0.767863,0.257762],"extended":false,"handId":502,"id":5024,"length":50.5045,"mcpPosition":[37.1543,282.154,-31.1232],"pipPosition":[19.4049,282.734,-61.6942],"stabilizedTipPosition":[3.5288,261.358,-47.3785],"timeVisible":17.53,"tipPosition":[5.79272,258.754,-47.0104],"tipVelocity":[93.6821,-114.786,21.5124],"tool":false,"touchDistance":0.333333,"touchZone":"none","type":4,"width":16.0555}],"r":[[0.817589,-0.528914,0.227592],[0.457197,0.836594,0.301797],[-0.350026,-0.142691,0.925808]],"s":1.28426,"t":[66.4177,65.3498,-166.268],"timestamp":97798449228},true],[5,{"currentFrameRate":101.553,"devices":[],"gestures":[],"hands":[{"armBasis":[[0.887398,-0.17811,-0.425208],[0.347058,0.865211,0.361885],[0.30344,-0.468708,0.829601]],"armWidth":63.7122,"confidence":0.272116,"direction":[0.252858,0.935548,-0.246603],"elbow":[76.0042,104.515,218.747],"grabStrength":0,"id":502,"palmNormal":[-0.242278,-0.185536,-0.952301],"palmPosition":[-0.447427,283.053,-21.2764],"palmVelocity":[85.7162,-93.4987,11.0837],"palmWidth":90.9788,"pinchStrength":1,"r":[[0.814231,-0.531366,0.233835],[0.459159,0.835914,0.300702],[-0.355248,-0.137473,0.924608]],"s":1.30956,"sphereCenter":[3.77324,283.089,-82.1831],"sphereRadius":56.2868,"stabilizedPalmPosition":[-2.72311,285.728,-21.5728],"t":[67.2291,64.514,-166.127],"timeVisible":17.5398,"type":"right","wrist":[-5.91441,231.05,-5.21807]}],"id":1797133,"interactionBox":{"center":[0,200,0],"size":[235.247,235.247,147.751]},"pointables":[{"bases":[[[0.642957,0.227566,0.731314],[-0.744164,-0.0402612,0.666783],[0.181181,-0.97293,0.14346]],[[0.515184,0.6008,0.611248],[-0.840857,0.216198,0.496204],[0.165968,-0.769608,0.616569]],[[0.515184,0.6008,0.611248],[-0.82698,0.535796,0.170372],[-0.225145,-0.593263,0.772883]],[[0.515184,0.6008,0.611248],[-0.857052,0.355379,0.373052],[0.00690499,-0.716062,0.698003]]],"btipPosition":[-36.8652,309.806,-82.9905],"carpPosition":[-36.0954,234.412,-9.53426],"dipPosition":[-36.7036,293.05,-66.6568],"direction":[0.225145,0.593263,-0.772883],"extended":false,"handId":502,"id":5020,"length":52.11,"mcpPosition":[-36.0954,234.412,-9.53426],"pipPosition":[-44.3791,272.825,-40.3081],"stabilizedTipPosition":[-36.9198,306.012,-79.2309],"timeVisible":17.5398,"tipPosition":[-35.8664,305.416,-79.4427],"tipVelocity":[98.0277,-84.2175,-7.08735],"tool":false,"touchDistance":-0.236692,"touchZone":"touching","type":0,"width":20.2475},{"bases":[[[0.965835,-0.139197,-0.218601],[0.253244,0.327778,0.910181],[-0.0550413,-0.934444,0.351831]],[[0.966672,-0.122305,-0.224917],[0.147757,0.983956,0.0999886],[0.209079,-0.129889,0.969234]],[[0.966672,-0.122305,-0.224917],[0.0649125,0.966893,-0.246789],[0.247654,0.223964,0.942607]],[[0.966672,-0.122305,-0.224917],[0.0184034,0.909436,-0.415436],[0.255358,0.397451,0.881377]]],"btipPosition":[-36.3797,307.741,-100.358],"carpPosition":[-21.0996,245.626,4.99614],"dipPosition":[-32.0173,314.531,-85.3006],"direction":[-0.247654,-0.223964,-0.942607],"extended":false,"handId":502,"id":5021,"length":58.8003,"mcpPosition":[-17.0507,314.364,-20.8847],"pipPosition":[-26.0322,319.944,-62.5202],"stabilizedTipPosition":[-35.5069,309.379,-96.8873],"timeVisible":17.5398,"tipPosition":[-35.408,309.976,-97.028],"tipVelocity":[140.03,-102.092,-17.4539],"tool":false,"touchDistance":-0.281545,"touchZone":"touching","type":1,"width":19.3404},{"bases":[[[0.892101,-0.317989,-0.320997],[0.411615,0.278932,0.867624],[-0.186358,-0.906135,0.379724]],[[0.888806,-0.333339,-0.314499],[0.457751,0.678832,0.574153],[0.0221044,-0.654272,0.755936]],[[0.888806,-0.333339,-0.314499],[0.384581,0.915739,0.11627],[0.249242,-0.224291,0.94211]],[[0.888806,-0.333339,-0.314499],[0.320494,0.942639,-0.0933583],[0.327579,-0.0178177,0.944656]]],"btipPosition":[-10.1797,346.494,-103.782],"carpPosition":[-8.87291,245.039,3.67569],"dipPosition":[-4.02464,346.16,-86.0325],"direction":[-0.249242,0.224291,-0.94211],"extended":false,"handId":502,"id":5022,"length":66.9982,"mcpPosition":[4.12734,308.25,-22.8136],"pipPosition":[3.06203,339.782,-59.2456],"stabilizedTipPosition":[-16.1357,335.675,-99.7553],"timeVisible":17.5398,"tipPosition":[-3.44766,355.891,-94.2471],"tipVelocity":[427.268,627.482,16.1842],"tool":false,"touchDistance":-0.341361,"touchZone":"touching","type":2,"width":18.9949},{"bases":[[[0.821369,-0.467984,-0.326105],[0.468149,0.226472,0.854135],[-0.325868,-0.854225,0.405104]],[[0.834381,-0.431543,-0.342899],[0.54125,0.52388,0.657721],[-0.104197,-0.734384,0.670688]],[[0.834381,-0.431543,-0.342899],[0.540936,0.760541,0.359117],[0.105814,-0.485127,0.868018]],[[0.834381,-0.431543,-0.342899],[0.51694,0.828545,0.215143],[0.191264,-0.356769,0.914404]]],"btipPosition":[21.1157,348.559,-96.2388],"carpPosition":[2.55492,242.146,0.221637],"dipPosition":[24.6888,341.893,-79.1562],"direction":[-0.105814,0.485127,-0.868018],"extended":true,"handId":502,"id":5023,"length":64.4205,"mcpPosition":[22.9648,295.648,-25.1509],"pipPosition":[27.6197,328.456,-55.1133],"stabilizedTipPosition":[20.9776,347.669,-92.4673],"timeVisible":17.5398,"tipPosition":[21.9939,347.083,-92.2575],"tipVelocity":[150.932,-119.006,5.81488],"tool":false,"touchDistance":0.330074,"touchZone":"hovering","type":3,"width":18.0748},{"bases":[[[0.689414,-0.59465,-0.413642],[0.559561,0.0745622,0.825428],[-0.459999,-0.80052,0.384147]],[[0.662584,-0.638529,-0.391489],[0.560621,0.769418,-0.306106],[0.496676,-0.0166561,0.867776]],[[0.662584,-0.638529,-0.391489],[-0.462736,0.0620201,-0.884324],[0.588946,0.767095,-0.254377]],[[0.662584,-0.638529,-0.391489],[-0.722614,-0.407491,-0.558373],[0.197009,0.652864,-0.731407]]],"btipPosition":[5.47943,255.748,-43.8261],"carpPosition":[11.2826,235,-8.45415],"dipPosition":[8.87481,267,-56.4317],"direction":[-0.588946,-0.767095,0.254377],"extended":false,"handId":502,"id":5024,"length":50.5045,"mcpPosition":[37.9524,281.413,-30.7263],"pipPosition":[20.3925,282.001,-61.4064],"stabilizedTipPosition":[4.47516,260.311,-47.1522],"timeVisible":17.5398,"tipPosition":[6.65905,258.044,-46.7984],"tipVelocity":[92.2458,-102.388,21.4546],"tool":false,"touchDistance":0.333333,"touchZone":"none","type":4,"width":16.0555}],"r":[[0.814231,-0.531366,0.233835],[0.459159,0.835914,0.300702],[-0.355248,-0.137473,0.924608]],"s":1.30956,"t":[67.2291,64.514,-166.127],"timestamp":97798459011},true],[6,{"currentFrameRate":101.538,"devices":[],"gestures":[],"hands":[{"armBasis":[[0.877158,-0.204077,-0.43468],[0.360532,0.877798,0.315416],[0.317192,-0.433385,0.843544]],"armWidth":63.7122,"confidence":0.139394,"direction":[0.266287,0.943912,-0.195249],"elbow":[80.3213,105.086,222.278],"grabStrength":0,"id":502,"palmNormal":[-0.258753,-0.125126,-0.957805],"palmPosition":[0.873118,274.839,-18.5226],"palmVelocity":[99.9633,-312.665,90.5774],"palmWidth":90.9788,"pinchStrength":1,"r":[[0.810367,-0.538814,0.230185],[0.464461,0.830221,0.308235],[-0.357185,-0.142871,0.923042]],"s":1.33503,"sphereCenter":[3.93265,278.819,-79.6581],"sphereRadius":56.9001,"stabilizedPalmPosition":[-1.41068,281.754,-20.4597],"t":[68.2951,59.9892,-164.679],"timeVisible":17.5497,"type":"right","wrist":[-5.31,222.085,-5.45086]}],"id":1797134,"interactionBox":{"center":[0,200,0],"size":[235.247,235.247,147.751]},"pointables":[{"bases":[[[0.657028,0.173142,0.733714],[-0.735467,-0.0664945,0.67429],[0.165536,-0.98265,0.0836514]],[[0.534408,0.554853,0.63761],[-0.829796,0.200923,0.520643],[0.16077,-0.807321,0.56779]],[[0.534408,0.554853,0.63761],[-0.8147,0.539051,0.213747],[-0.225106,-0.633689,0.740112]],[[0.534408,0.554853,0.63761],[-0.845209,0.345915,0.407388],[0.00548183,-0.756625,0.653826]]],"btipPosition":[-35.9605,305.818,-77.9843],"carpPosition":[-35.4822,226.215,-9.11364],"dipPosition":[-35.8323,288.113,-62.6843],"direction":[0.225106,0.633689,-0.740112],"extended":false,"handId":502,"id":5020,"length":52.11,"mcpPosition":[-35.4822,226.215,-9.11364],"pipPosition":[-43.5064,266.509,-37.4528],"stabilizedTipPosition":[-36.0817,302.396,-75.1917],"timeVisible":17.5497,"tipPosition":[-34.9999,301.218,-74.7213],"tipVelocity":[95.8874,-185.663,138.367],"tool":false,"touchDistance":-0.164354,"touchZone":"touching","type":0,"width":20.2475},{"bases":[[[0.960043,-0.14275,-0.240709],[0.271704,0.269384,0.923909],[-0.0670448,-0.952394,0.297406]],[[0.961094,-0.125574,-0.246026],[0.166928,0.97369,0.155121],[0.220074,-0.190154,0.95677]],[[0.961094,-0.125574,-0.246026],[0.0789153,0.978393,-0.1911],[0.264707,0.16425,0.950238]],[[0.961094,-0.125574,-0.246026],[0.0289952,0.931632,-0.362245],[0.274694,0.341018,0.899027]]],"btipPosition":[-35.6983,304.728,-95.4783],"carpPosition":[-20.0864,236.296,5.82242],"dipPosition":[-31.0056,310.553,-80.1198],"direction":[-0.264707,-0.16425,-0.950238],"extended":false,"handId":502,"id":5021,"length":58.8003,"mcpPosition":[-15.1546,306.354,-16.0549],"pipPosition":[-24.6083,314.523,-57.155],"stabilizedTipPosition":[-34.7595,306.591,-92.7276],"timeVisible":17.5497,"tipPosition":[-34.64,306.742,-92.0392],"tipVelocity":[121.22,-169.035,136.493],"tool":false,"touchDistance":-0.203868,"touchZone":"touching","type":1,"width":19.3404},{"bases":[[[0.881678,-0.313927,-0.352269],[0.428562,0.220398,0.876219],[-0.19743,-0.923512,0.328857]],[[0.878344,-0.328934,-0.346863],[0.478004,0.596934,0.644346],[-0.00489289,-0.73176,0.681545]],[[0.878344,-0.328934,-0.346863],[0.428497,0.863416,0.266275],[0.2119,-0.382511,0.899324]],[[0.878344,-0.328934,-0.346863],[0.378665,0.921633,0.0848808],[0.291761,-0.2059,0.934067]]],"btipPosition":[-5.3904,350.012,-94.6206],"carpPosition":[-7.89177,235.577,4.28814],"dipPosition":[0.0916891,346.143,-77.0698],"direction":[-0.2119,0.382511,-0.899324],"extended":false,"handId":502,"id":5022,"length":66.9982,"mcpPosition":[5.88082,300,-18.6527],"pipPosition":[6.11663,335.267,-51.4994],"stabilizedTipPosition":[-10.3904,342.109,-95.3666],"timeVisible":17.5497,"tipPosition":[-0.359669,355.047,-86.3395],"tipVelocity":[439.726,522.473,285.42],"tool":false,"touchDistance":-0.238295,"touchZone":"touching","type":2,"width":18.9949},{"bases":[[[0.808183,-0.462123,-0.365079],[0.483946,0.167854,0.858849],[-0.335614,-0.870785,0.3593]],[[0.821617,-0.424989,-0.379907],[0.559684,0.474967,0.679088],[-0.108162,-0.770578,0.628101]],[[0.821617,-0.424989,-0.379907],[0.559516,0.728712,0.394868],[0.109028,-0.536994,0.836511]],[[0.821617,-0.424989,-0.379907],[0.534763,0.805452,0.25549],[0.197416,-0.413075,0.889042]]],"btipPosition":[22.5773,344.25,-89.8413],"carpPosition":[3.433,232.695,0.501314],"dipPosition":[26.2654,336.533,-73.2325],"direction":[-0.109028,0.536994,-0.836511],"extended":true,"handId":502,"id":5023,"length":64.4205,"mcpPosition":[24.4533,287.235,-22.0024],"pipPosition":[29.2853,321.66,-50.0623],"stabilizedTipPosition":[22.368,344.719,-88.8059],"timeVisible":17.5497,"tipPosition":[23.4832,342.528,-85.9669],"tipVelocity":[150.851,-220.454,193.135],"tool":false,"touchDistance":0.424729,"touchZone":"hovering","type":3,"width":18.0748},{"bases":[[[0.672761,-0.581141,-0.457895],[0.572192,0.0163378,0.819957],[-0.469029,-0.813639,0.343516]],[[0.64535,-0.625931,-0.437874],[0.570287,0.776155,-0.268992],[0.508229,-0.0761197,0.857852]],[[0.64535,-0.625931,-0.437874],[-0.473671,0.121813,-0.872237],[0.599299,0.770307,-0.217873]],[[0.64535,-0.625931,-0.437874],[-0.737563,-0.361394,-0.570435],[0.198808,0.69109,-0.694889]]],"btipPosition":[5.98764,248.811,-42.7147],"carpPosition":[11.9091,225.921,-8.70613],"dipPosition":[9.41403,260.721,-54.6909],"direction":[-0.599299,-0.770307,0.217873],"extended":false,"handId":502,"id":5024,"length":50.5045,"mcpPosition":[39.1025,273.095,-28.6225],"pipPosition":[21.1342,275.786,-58.9517],"stabilizedTipPosition":[5.40775,256.76,-46.47],"timeVisible":17.5497,"tipPosition":[7.16544,251.258,-45.5641],"tipVelocity":[80.3483,-275.98,52.8465],"tool":false,"touchDistance":0.333333,"touchZone":"none","type":4,"width":16.0555}],"r":[[0.810367,-0.538814,0.230185],[0.464461,0.830221,0.308235],[-0.357185,-0.142871,0.923042]],"s":1.33