{"sensorType":"Leap","data":[[0,{"currentFrameRate":99.8615,"devices":[],"gestures":[{"center":[-25.5137,316.204,-98.6045],"duration":58764,"handIds":[502],"id":1,"normal":[-0.0889353,-0.00265744,0.996034],"pointableIds":[5021],"progress":0.911435,"radius":15.5596,"state":"update","type":"circle"}],"hands":[{"armBasis":[[0.949461,0.142117,-0.279869],[-0.011426,0.906686,0.421651],[0.313677,-0.397144,0.862487]],"armWidth":63.7122,"confidence":0.318659,"direction":[-0.0285746,0.968768,-0.246319],"elbow":[82.4545,117.175,248.717],"grabStrength":0.675699,"id":502,"palmNormal":[-0.016949,-0.246854,-0.968905],"palmPosition":[-11.4615,275.452,-1.43126],"palmVelocity":[-22.3896,-48.4698,82.7486],"palmWidth":90.9788,"pinchStrength":0.639703,"r":[[0.876929,-0.259086,0.404808],[0.122805,0.935091,0.33245],[-0.464666,-0.241823,0.851826]],"s":1.32831,"sphereCenter":[-3.44851,277.773,-50.3626],"sphereRadius":46.1276,"stabilizedPalmPosition":[-10.3585,278.189,-6.09696],"t":[57.1396,56.3249,-146.626],"timeVisible":14.5692,"type":"right","wrist":[-2.22783,224.391,15.8746]}],"id":1796836,"interactionBox":{"center":[0,200,0],"size":[235.247,235.247,147.751]},"pointables":[{"bases":[[[0.411759,0.419291,0.809104],[-0.785618,-0.286601,0.548328],[0.461799,-0.861426,0.211392]],[[0.297054,0.602693,0.740621],[-0.870548,-0.147731,0.469385],[0.392307,-0.784179,0.480789]],[[0.297054,0.602693,0.740621],[-0.945271,0.0759653,0.317319],[0.134984,-0.794349,0.592274]],[[0.297054,0.602693,0.740621],[-0.930914,0.355411,0.0841572],[-0.212504,-0.714454,0.666632]]],"btipPosition":[-50.0116,300.679,-52.8644],"carpPosition":[-30.8019,217.74,6.92357],"dipPosition":[-54.9843,283.96,-37.2648],"direction":[-0.134984,0.794349,-0.592274],"extended":false,"handId":502,"id":5020,"length":52.11,"mcpPosition":[-30.8019,217.74,6.92357],"pipPosition":[-50.3825,256.88,-17.0733],"stabilizedTipPosition":[-51.2475,298.255,-49.7503],"timeVisible":14.5692,"tipPosition":[-51.7058,297.472,-48.117],"tipVelocity":[-9.23551,-87.3025,49.4699],"tool":false,"touchDistance":-0.0500155,"touchZone":"touching","type":0,"width":20.2475},{"bases":[[[0.980462,0.185835,-0.0644975],[-0.01231,0.385204,0.922749],[0.196324,-0.903926,0.379966]],[[0.956778,0.272692,-0.101072],[-0.218057,0.902629,0.371095],[0.192425,-0.333016,0.923078]],[[0.956778,0.272692,-0.101072],[-0.250207,0.948995,0.191848],[0.148232,-0.158267,0.976206]],[[0.956778,0.272692,-0.101072],[-0.26512,0.9607,0.0822608],[0.119532,-0.0519092,0.991472]]],"btipPosition":[-51.0485,318.631,-85.0916],"carpPosition":[-22.7164,233.121,23.0419],"dipPosition":[-49.0065,317.745,-68.1538],"direction":[-0.148232,0.158267,-0.976206],"extended":true,"handId":502,"id":5021,"length":58.8003,"mcpPosition":[-37.1581,299.614,-4.90861],"pipPosition":[-45.4241,313.92,-44.5614],"stabilizedTipPosition":[-50.2193,320.326,-81.7436],"timeVisible":14.5692,"tipPosition":[-50.7589,319.972,-80.6768],"tipVelocity":[-38.453,-135.091,67.1662],"tool":false,"touchDistance":-0.0331606,"touchZone":"touching","type":1,"width":19.3404},{"bases":[[[0.985608,-0.00640603,-0.168925],[0.157939,0.391137,0.906679],[0.0602646,-0.92031,0.38652]],[[0.985827,-0.00984745,-0.167478],[-0.0330932,0.967247,-0.251669],[0.164471,0.253645,0.953212]],[[0.985827,-0.00984745,-0.167478],[-0.166521,-0.178897,-0.969674],[-0.0204125,0.983819,-0.178001]],[[0.985827,-0.00984745,-0.167478],[-0.121186,-0.732142,-0.670286],[-0.116017,0.681081,-0.722958]]],"btipPosition":[-20.2819,247.778,-30.6546],"carpPosition":[-10.9116,236.572,23.6031],"dipPosition":[-22.4618,260.576,-44.2388],"direction":[0.0204125,-0.983819,0.178001],"extended":false,"handId":502,"id":5022,"length":66.9982,"mcpPosition":[-15.1156,300.773,-3.36028],"pipPosition":[-23.0422,288.548,-49.2998],"stabilizedTipPosition":[-20.0567,252.681,-37.2752],"timeVisible":14.5692,"tipPosition":[-20.7414,250.6,-33.5976],"tipVelocity":[-25.2083,-45.8179,80.3113],"tool":false,"touchDistance":0.333333,"touchZone":"none","type":2,"width":18.9949},{"bases":[[[0.969005,-0.171235,-0.178069],[0.229793,0.360143,0.904153],[-0.0906917,-0.917047,0.388329]],[[0.969996,-0.160536,-0.182583],[0.107422,0.95671,-0.270491],[0.218102,0.242762,0.94525]],[[0.969996,-0.160536,-0.182583],[-0.2118,-0.189255,-0.958813],[0.119369,0.968716,-0.217578]],[[0.969996,-0.160536,-0.182583],[-0.241092,-0.731982,-0.637241],[-0.0313476,0.662141,-0.748724]]],"btipPosition":[-5.55548,244.991,-24.4986],"carpPosition":[1.22855,237.601,22.0375],"dipPosition":[-6.14111,257.361,-38.4861],"direction":[-0.119369,-0.968716,0.217578],"extended":false,"handId":502,"id":5023,"length":64.4205,"mcpPosition":[6.90878,295.038,-2.28447],"pipPosition":[-2.83475,284.193,-44.5127],"stabilizedTipPosition":[-4.98173,249.979,-31.8148],"timeVisible":14.5692,"tipPosition":[-5.75242,247.856,-28.1301],"tipVelocity":[-22.26,-42.6081,79.0194],"tool":false,"touchDistance":0.333333,"touchZone":"none","type":3,"width":18.0748},{"bases":[[[0.900617,-0.333359,-0.278856],[0.36879,0.246683,0.896182],[-0.229961,-0.909956,0.345106]],[[0.873845,-0.420656,-0.243809],[0.354767,0.894551,-0.27188],[0.332468,0.151086,0.930934]],[[0.873845,-0.420656,-0.243809],[-0.307184,-0.0889722,-0.947482],[0.376871,0.902847,-0.206967]],[[0.873845,-0.420656,-0.243809],[-0.470272,-0.603946,-0.643501],[0.123445,0.676977,-0.725578]]],"btipPosition":[5.12488,251.861,-21.2752],"carpPosition":[13.0443,233.769,15.0938],"dipPosition":[7.25241,263.529,-33.7803],"direction":[-0.376871,-0.902847,0.206967],"extended":false,"handId":502,"id":5024,"length":50.5045,"mcpPosition":[26.377,286.527,-4.91475],"pipPosition":[14.6227,281.185,-37.8278],"stabilizedTipPosition":[6.19899,256.459,-27.917],"timeVisible":14.5692,"tipPosition":[5.76306,254.389,-24.3415],"tipVelocity":[-20.9124,-45.5054,84.4007],"tool":false,"touchDistance":0.333333,"touchZone":"none","type":4,"width":16.0555}],"r":[[0.876929,-0.259086,0.404808],[0.122805,0.935091,0.33245],[-0.464666,-0.241823,0.851826]],"s":1.32831,"t":[57.1396,56.3249,-146.626],"timestamp":97795488394},false],[1,{"currentFrameRate":99.9862,"devices":[],"gestures":[{"center":[-25.5137,316.204,-98.6045],"duration":58764,"handIds":[502],"id":1,"normal":[-0.0889353,-0.00265744,0.996034],"pointableIds":[5021],"progress":0.911435,"radius":15.5596,"state":"update","type":"circle"}],"hands":[{"armBasis":[[0.94928,0.143512,-0.279772],[-0.0106879,0.90398,0.427441],[0.314251,-0.402771,0.859664]],"armWidth":63.7122,"confidence":0.326522,"direction":[-0.0305697,0.967502,-0.251008],"elbow":[82.7243,115.864,248.217],"grabStrength":0.69529,"id":502,"palmNormal":[-0.0199391,-0.251666,-0.967609],"palmPosition":[-11.4665,275.563,-1.39026],"palmVelocity":[-15.9591,-30.8793,59.6611],"palmWidth":90.9788,"pinchStrength":0.653139,"r":[[0.878524,-0.257369,0.402439],[0.12239,0.935603,0.331162],[-0.461754,-0.241679,0.853448]],"s":1.32319,"sphereCenter":[-3.2119,277.581,-50.3398],"sphereRadius":46.0782,"stabilizedPalmPosition":[-10.4254,278.03,-5.81274],"t":[57.0805,56.2568,-146.363],"timeVisible":14.5789,"type":"right","wrist":[-2.11305,224.599,16.1364]}],"id":1796837,"interactionBox":{"center":[0,200,0],"size":[235.247,235.247,147.751]},"pointables":[{"bases":[[[0.413998,0.423776,0.805617],[-0.78341,-0.284811,0.552405],[0.463545,-0.859823,0.21408]],[[0.297266,0.608844,0.735487],[-0.870519,-0.143603,0.470718],[0.392212,-0.780184,0.487322]],[[0.297266,0.608844,0.735487],[-0.94528,0.0791916,0.316503],[0.134457,-0.789327,0.599069]],[[0.297266,0.608844,0.735487],[-0.927994,0.365468,0.0725334],[-0.224636,-0.704089,0.673645]]],"btipPosition":[-49.6124,300.196,-53.1943],"carpPosition":[-30.7093,217.87,7.31551],"dipPosition":[-54.869,283.72,-37.4306],"direction":[-0.134457,0.789327,-0.599069],"extended":false,"handId":502,"id":5020,"length":52.11,"mcpPosition":[-30.7093,217.87,7.31551],"pipPosition":[-50.2852,256.81,-17.0075],"stabilizedTipPosition":[-51.083,297.541,-49.6802],"timeVisible":14.5789,"tipPosition":[-51.4835,297.057,-48.4135],"tipVelocity":[3.53733,-74.5072,26.128],"tool":false,"touchDistance":-0.0548852,"touchZone":"touching","type":0,"width":20.2475},{"bases":[[[0.980014,0.186671,-0.0687461],[-0.00964189,0.389751,0.92087],[0.198694,-0.901802,0.383762]],[[0.955716,0.274476,-0.106163],[-0.221085,0.907729,0.356581],[0.19424,-0.317319,0.928213]],[[0.955716,0.274476,-0.106163],[-0.254285,0.951784,0.171597],[0.148144,-0.137002,0.97943]],[[0.955716,0.274476,-0.106163],[-0.269455,0.961183,0.059337],[0.118329,-0.0281032,0.992577]]],"btipPosition":[-51.1493,317.1,-85.4001],"carpPosition":[-22.5876,233.34,23.33],"dipPosition":[-49.1279,316.619,-68.4434],"direction":[-0.148144,0.137002,-0.97943],"extended":true,"handId":502,"id":5021,"length":58.8003,"mcpPosition":[-37.2036,299.677,-4.89974],"pipPosition":[-45.5476,313.308,-44.7731],"stabilizedTipPosition":[-50.4285,318.825,-81.6341],"timeVisible":14.5789,"tipPosition":[-50.9039,318.663,-80.9608],"tipVelocity":[-30.3306,-138.707,38.2618],"tool":false,"touchDistance":-0.0472332,"touchZone":"touching","type":1,"width":19.3404},{"bases":[[[0.985037,-0.00607833,-0.172238],[0.160545,0.395806,0.904192],[0.0626769,-0.918314,0.390859]],[[0.985265,-0.00953213,-0.170767],[-0.0349226,0.966198,-0.255424],[0.16743,0.257624,0.951629]],[[0.985265,-0.00953213,-0.170767],[-0.169599,-0.183452,-0.968288],[-0.0220976,0.982983,-0.182365]],[[0.985265,-0.00953213,-0.170767],[-0.122572,-0.735696,-0.666129],[-0.119283,0.677245,-0.726024]]],"btipPosition":[-20.357,247.779,-30.4684],"carpPosition":[-10.7851,236.808,23.8341],"dipPosition":[-22.5983,260.504,-44.1101],"direction":[0.0220976,-0.982983,0.182365],"extended":false,"handId":502,"id":5022,"length":66.9982,"mcpPosition":[-15.1574,300.869,-3.43205],"pipPosition":[-23.2266,288.453,-49.2953],"stabilizedTipPosition":[-20.1181,252.532,-36.9989],"timeVisible":14.5789,"tipPosition":[-20.8295,250.572,-33.4211],"tipVelocity":[-20.4871,-32.8228,61.9164],"tool":false,"touchDistance":0.333333,"touchZone":"none","type":2,"width":18.9949},{"bases":[[[0.9686,-0.17097,-0.180511],[0.232427,0.364885,0.901575],[-0.0882762,-0.91522,0.393165]],[[0.969559,-0.160332,-0.185064],[0.106247,0.956422,-0.27197],[0.220605,0.244028,0.944343]],[[0.969559,-0.160332,-0.185064],[-0.214359,-0.190499,-0.957998],[0.118343,0.968506,-0.219069]],[[0.969559,-0.160332,-0.185064],[-0.242476,-0.733847,-0.634566],[-0.0340676,0.660123,-0.750385]]],"btipPosition":[-5.6195,245.106,-24.504],"carpPosition":[1.34838,237.844,22.2221],"dipPosition":[-6.25594,257.438,-38.5225],"direction":[-0.118343,-0.968506,0.219069],"extended":false,"handId":502,"id":5023,"length":64.4205,"mcpPosition":[6.87732,295.166,-2.40271],"pipPosition":[-2.978,284.264,-44.5904],"stabilizedTipPosition":[-5.03126,249.85,-31.5567],"timeVisible":14.5789,"tipPosition":[-5.81927,247.917,-28.0495],"tipVelocity":[-17.9975,-26.8768,55.4156],"tool":false,"touchDistance":0.333333,"touchZone":"none","type":3,"width":18.0748},{"bases":[[[0.900065,-0.333671,-0.280262],[0.371532,0.25155,0.893693],[-0.2277,-0.908508,0.350381]],[[0.877498,-0.409557,-0.24952],[0.342255,0.899256,-0.272397],[0.335945,0.153629,0.929268]],[[0.877498,-0.409557,-0.24952],[-0.313535,-0.0962197,-0.944689],[0.362895,0.907196,-0.212843]],[[0.877498,-0.409557,-0.24952],[-0.467508,-0.614505,-0.635469],[0.106929,0.674275,-0.730698]]],"btipPosition":[5.52959,251.871,-21.1554],"carpPosition":[13.1451,233.992,15.2574],"dipPosition":[7.37248,263.492,-33.7487],"direction":[-0.362895,-0.907196,0.212843],"extended":false,"handId":502,"id":5024,"length":50.5045,"mcpPosition":[26.3467,286.665,-5.057],"pipPosition":[14.4694,281.234,-37.9111],"stabilizedTipPosition":[6.18232,256.329,-27.6546],"timeVisible":14.5789,"tipPosition":[5.94512,254.419,-24.233],"tipVelocity":[-4.54691,-32.1542,62.5902],"tool":false,"touchDistance":0.333333,"touchZone":"none","type":4,"width":16.0555}],"r":[[0.878524,-0.257369,0.402439],[0.12239,0.935603,0.331162],[-0.461754,-0.241679,0.853448]],"s":1.32319,"t":[57.0805,56.2568,-146.363],"timestamp":97795498152},false],[2,{"currentFrameRate":100.066,"devices":[],"gestures":[{"center":[-25.5137,316.204,-98.6045],"duration":58764,"handIds":[502],"id":1,"normal":[-0.0889353,-0.00265744,0.996034],"pointableIds":[5021],"progress":0.911435,"radius":15.5596,"state":"stop","type":"circle"}],"hands":[{"armBasis":[[0.949393,0.142894,-0.279703],[-0.0088082,0.902281,0.431058],[0.313966,-0.40678,0.857878]],"armWidth":63.7122,"confidence":0.332181,"direction":[-0.0315594,0.966339,-0.255331],"elbow":[82.7509,114.917,247.915],"grabStrength":0.721861,"id":502,"palmNormal":[-0.0235453,-0.256106,-0.966362],"palmPosition":[-11.4312,275.617,-1.40923],"palmVelocity":[-10.1751,-20.1148,41.4357],"palmWidth":90.9788,"pinchStrength":0.668893,"r":[[0.880094,-0.255619,0.400117],[0.122292,0.936314,0.329181],[-0.458781,-0.240779,0.855305]],"s":1.31734,"sphereCenter":[-2.87298,277.338,-50.3594],"sphereRadius":46.0152,"stabilizedPalmPosition":[-10.4725,277.917,-5.60662],"t":[57.0686,56.2498,-146.24],"timeVisible":14.5888,"type":"right","wrist":[-2.00959,224.734,16.3161]}],"id":1796838,"interactionBox":{"center":[0,200,0],"size":[235.247,235.247,147.751]},"pointables":[{"bases":[[[0.416987,0.427485,0.802109],[-0.781324,-0.2823,0.556633],[0.464387,-0.858815,0.216289]],[[0.298796,0.613825,0.730712],[-0.870158,-0.139159,0.472715],[0.391849,-0.777081,0.492544]],[[0.298796,0.613825,0.730712],[-0.945085,0.0840822,0.315823],[0.13242,-0.784952,0.60524]],[[0.298796,0.613825,0.730712],[-0.925112,0.374283,0.0638767],[-0.234284,-0.695077,0.679691]]],"btipPosition":[-49.2281,299.775,-53.4891],"carpPosition":[-30.6383,217.964,7.63323],"dipPosition":[-54.7105,283.51,-37.5838],"direction":[-0.13242,0.784952,-0.60524],"extended":false,"handId":502,"id":5020,"length":52.11,"mcpPosition":[-30.6383,217.964,7.63323],"pipPosition":[-50.1961,256.75,-16.9504],"stabilizedTipPosition":[-50.8203,296.874,-49.7468],"timeVisible":14.5888,"tipPosition":[-51.2371,296.683,-48.698],"tipVelocity":[12.4901,-63.6635,10.5084],"tool":false,"touchDistance":-0.0592554,"touchZone":"touching","type":0,"width":20.2475},{"bases":[[[0.97974,0.186388,-0.0732681],[-0.00621756,0.393975,0.9191],[0.200175,-0.900024,0.387152]],[[0.95505,0.274751,-0.111312],[-0.223511,0.914054,0.338449],[0.194735,-0.298357,0.934378]],[[0.95505,0.274751,-0.111312],[-0.257802,0.955153,0.145674],[0.146344,-0.11043,0.983051]],[[0.95505,0.274751,-0.111312],[-0.273119,0.961514,0.0299566],[0.115259,0.00179147,0.993334]]],"btipPosition":[-51.0536,315.169,-85.7987],"carpPosition":[-22.4575,233.508,23.546],"dipPosition":[-49.0846,315.199,-68.829],"direction":[-0.146344,0.11043,-0.983051],"extended":true,"handId":502,"id":5021,"length":58.8003,"mcpPosition":[-37.1826,299.714,-4.93307],"pipPosition":[-45.5478,312.531,-45.0712],"stabilizedTipPosition":[-50.5156,316.978,-81.7665],"timeVisible":14.5888,"tipPosition":[-50.884,317.024,-81.3259],"tipVelocity":[-18.8375,-152.206,15.0391],"tool":false,"touchDistance":-0.0659048,"touchZone":"touching","type":1,"width":19.3404},{"bases":[[[0.984386,-0.00683412,-0.175892],[0.163905,0.399959,0.901758],[0.0641869,-0.916508,0.394834]],[[0.984621,-0.010299,-0.174398],[-0.0357608,0.965242,-0.258901],[0.171003,0.261156,0.950029]],[[0.984621,-0.010299,-0.174398],[-0.173216,-0.187505,-0.96687],[-0.0227427,0.98221,-0.186405]],[[0.984621,-0.010299,-0.174398],[-0.125015,-0.738844,-0.662179],[-0.122033,0.673798,-0.728769]]],"btipPosition":[-20.4329,247.74,-30.3461],"carpPosition":[-10.6534,236.979,23.99],"dipPosition":[-22.7258,260.4,-44.0395],"direction":[0.0227427,-0.98221,0.186405],"extended":false,"handId":502,"id":5022,"length":66.9982,"mcpPosition":[-15.1311,300.914,-3.55335],"pipPosition":[-23.3725,288.327,-49.3395],"stabilizedTipPosition":[-20.1691,252.418,-36.7868],"timeVisible":14.5888,"tipPosition":[-20.9164,250.507,-33.3078],"tipVelocity":[-17.0643,-24.7369,46.9144],"tool":false,"touchDistance":0.333333,"touchZone":"none","type":2,"width":18.9949},{"bases":[[[0.967926,-0.171762,-0.183347],[0.235779,0.369028,0.899014],[-0.0867567,-0.913409,0.39769]],[[0.968866,-0.161177,-0.187938],[0.1059,0.95592,-0.273865],[0.223795,0.245435,0.943227]],[[0.968866,-0.161177,-0.187938],[-0.21756,-0.191902,-0.956996],[0.11818,0.968089,-0.220993]],[[0.968866,-0.161177,-0.187938],[-0.244893,-0.735513,-0.631703],[-0.0364147,0.65806,-0.752084]]],"btipPosition":[-5.6833,245.143,-24.5467],"carpPosition":[1.47389,238.007,22.328],"dipPosition":[-6.36359,257.437,-38.5969],"direction":[-0.11818,-0.968089,0.220993],"extended":false,"handId":502,"id":5023,"length":64.4205,"mcpPosition":[6.90765,295.216,-2.58028],"pipPosition":[-3.09016,284.251,-44.7181],"stabilizedTipPosition":[-5.07263,249.754,-31.3633],"timeVisible":14.5888,"tipPosition":[-5.88613,247.911,-28.0274],"tipVelocity":[-14.8944,-18.0737,37.5142],"tool":false,"touchDistance":0.333333,"touchZone":"none","type":3,"width":18.0748},{"bases":[[[0.899028,-0.334922,-0.282092],[0.374859,0.255663,0.891132],[-0.226339,-0.906898,0.355397]],[[0.879888,-0.400891,-0.255114],[0.332058,0.902776,-0.273374],[0.339905,0.155826,0.927461]],[[0.879888,-0.400891,-0.255114],[-0.319676,-0.102173,-0.942002],[0.351575,0.91041,-0.218056]],[[0.879888,-0.400891,-0.255114],[-0.465994,-0.622914,-0.628353],[0.0929872,0.671762,-0.734907]]],"btipPosition":[5.87199,251.813,-21.1283],"carpPosition":[13.2447,234.124,15.3369],"dipPosition":[7.4746,263.39,-33.7942],"direction":[-0.351575,-0.91041,0.218056],"extended":false,"handId":502,"id":5024,"length":50.5045,"mcpPosition":[26.3674,286.704,-5.26833],"pipPosition":[14.3501,281.195,-38.0586],"stabilizedTipPosition":[6.18543,256.23,-27.462],"timeVisible":14.5888,"tipPosition":[6.11045,254.375,-24.2078],"tipVelocity":[5.43634,-24.707,44.3814],"tool":false,"touchDistance":0.333333,"touchZone":"none","type":4,"width":16.0555}],"r":[[0.880094,-0.255619,0.400117],[0.122292,0.936314,0.329181],[-0.458781,-0.240779,0.855305]],"s":1.31734,"t":[57.0686,56.2498,-146.24],"timestamp":97795507989},false],[3,{"currentFrameRate":100.137,"devices":[],"gestures":[],"hands":[{"armBasis":[[0.949369,0.14234,-0.280066],[-0.00716122,0.901044,0.433669],[0.31408,-0.409707,0.856442]],"armWidth":63.7122,"confidence":0.340143,"direction":[-0.0319666,0.965528,-0.258327],"elbow":[82.8336,114.214,247.673],"grabStrength":0.7485,"id":502,"palmNormal":[-0.0261875,-0.25918,-0.965474],"palmPosition":[-11.4121,275.65,-1.40063],"palmVelocity":[-6.58752,-13.1672,29.4203],"palmWidth":90.9788,"pinchStrength":0.684452,"r":[[0.88154,-0.254017,0.397948],[0.122436,0.937083,0.326933],[-0.455957,-0.239481,0.857177]],"s":1.31101,"sphereCenter":[-2.54141,277.154,-50.3049],"sphereRadius":45.9315,"stabilizedPalmPosition":[-10.506,277.836,-5.45672],"t":[57.0722,56.2628,-146.175],"timeVisible":14.5986,"type":"right","wrist":[-1.95772,224.821,16.4618]}],"id":1796839,"interactionBox":{"center":[0,200,0],"size":[235.247,235.247,147.751]},"pointables":[{"bases":[[[0.419239,0.42992,0.79963],[-0.77992,-0.280297,0.559606],[0.46472,-0.858255,0.217792]],[[0.300012,0.617269,0.727304],[-0.870195,-0.135283,0.473771],[0.390836,-0.775034,0.496558]],[[0.300012,0.617269,0.727304],[-0.945042,0.0884578,0.314754],[0.129952,-0.781764,0.609884]],[[0.300012,0.617269,0.727304],[-0.922203,0.382684,0.0556211],[-0.243995,-0.68741,0.684057]]],"btipPosition":[-48.8391,299.452,-53.7064],"carpPosition":[-30.6113,218.032,7.87673],"dipPosition":[-54.5488,283.366,-37.699],"direction":[-0.129952,0.781764,-0.609884],"extended":false,"handId":502,"id":5020,"length":52.11,"mcpPosition":[-30.6113,218.032,7.87673],"pipPosition":[-50.1185,256.715,-16.9072],"stabilizedTipPosition":[-50.487,296.315,-49.8855],"timeVisible":14.5986,"tipPosition":[-50.9715,296.393,-48.9226],"tipVelocity":[18.9157,-53.2689,1.56589],"tool":false,"touchDistance":-0.0624859,"touchZone":"touching","type":0,"width":20.2475},{"bases":[[[0.979594,0.18587,-0.076467],[-0.00366219,0.396906,0.917852],[0.200951,-0.898843,0.389487]],[[0.954641,0.27467,-0.114966],[-0.225927,0.919669,0.321195],[0.193953,-0.280652,0.940009]],[[0.954641,0.27467,-0.114966],[-0.261265,0.957894,0.119079],[0.142833,-0.0836406,0.986206]],[[0.954641,0.27467,-0.114966],[-0.27661,0.960982,-0.000956858],[0.110218,0.0327142,0.993369]]],"btipPosition":[-50.8325,313.262,-86.1172],"carpPosition":[-22.3839,233.624,23.7181],"dipPosition":[-48.9496,313.821,-69.147],"direction":[-0.142833,0.0836406,-0.986206],"extended":true,"handId":502,"id":5021,"length":58.8003,"mcpPosition":[-37.166,299.743,-4.93283],"pipPosition":[-45.4977,311.799,-45.3129],"stabilizedTipPosition":[-50.4507,314.972,-82.0167],"timeVisible":14.5986,"tipPosition":[-50.7425,315.382,-81.6318],"tipVelocity":[-7.20306,-160.827,1.00846],"tool":false,"touchDistance":-0.0841475,"touchZone":"touching","type":1,"width":19.3404},{"bases":[[[0.983912,-0.00768019,-0.178486],[0.166415,0.402785,0.900039],[0.0649791,-0.915262,0.397583]],[[0.984153,-0.0111721,-0.176968],[-0.036425,0.963992,-0.263424],[0.173539,0.265695,0.948309]],[[0.984153,-0.0111721,-0.176968],[-0.175743,-0.194281,-0.965075],[-0.0235996,0.980882,-0.193165]],[[0.984153,-0.0111721,-0.176968],[-0.126487,-0.743674,-0.656467],[-0.124273,0.668449,-0.733303]]],"btipPosition":[-20.4682,247.686,-30.0481],"carpPosition":[-10.5777,237.093,24.1196],"dipPosition":[-22.8032,260.246,-43.8266],"direction":[0.0235996,-0.980882,0.193165],"extended":false,"handId":502,"id":5022,"length":66.9982,"mcpPosition":[-15.1106,300.941,-3.61558],"pipPosition":[-23.4742,288.136,-49.3188],"stabilizedTipPosition":[-20.2087,252.331,-36.6175],"timeVisible":14.5986,"tipPosition":[-20.9741,250.445,-33.1022],"tipVelocity":[-13.3618,-19.7142,41.3927],"tool":false,"touchDistance":0.333333,"touchZone":"none","type":2,"width":18.9949},{"bases":[[[0.967387,-0.172627,-0.185371],[0.238273,0.371825,0.897202],[-0.0859554,-0.912111,0.400831]],[[0.968315,-0.162082,-0.189987],[0.106031,0.955623,-0.27485],[0.226104,0.245997,0.94253]],[[0.968315,-0.162082,-0.189987],[-0.219856,-0.192456,-0.95636],[0.118445,0.967827,-0.221993]],[[0.968315,-0.162082,-0.189987],[-0.24685,-0.736441,-0.629857],[-0.0378257,0.656798,-0.753117]]],"btipPosition":[-5.74606,245.172,-24.5712],"carpPosition":[1.54547,238.112,22.422],"dipPosition":[-6.45271,257.443,-38.6407],"direction":[-0.118445,-0.967827,0.221993],"extended":false,"handId":502,"id":5023,"length":64.4205,"mcpPosition":[6.92905,295.24,-2.68295],"pipPosition":[-3.17195,284.25,-44.7896],"stabilizedTipPosition":[-5.10837,249.679,-31.2113],"timeVisible":14.5986,"tipPosition":[-5.94903,247.909,-27.9999],"tipVelocity":[-12.5522,-11.9974,25.5305],"tool":false,"touchDistance":0.333333,"touchZone":"none","type":3,"width":18.0748},{"bases":[[[0.89818,-0.336081,-0.283412],[0.3773,0.258395,0.889312],[-0.225648,-0.905694,0.358889]],[[0.881782,-0.393716,-0.259708],[0.32392,0.905747,-0.27331],[0.342836,0.156875,0.926204]],[[0.881782,-0.393716,-0.259708],[-0.324169,-0.105934,-0.940049],[0.342601,0.913108,-0.221041]],[[0.881782,-0.393716,-0.259708],[-0.46444,-0.628845,-0.623578],[0.0821968,0.670478,-0.737362]]],"btipPosition":[6.14158,251.754,-21.1104],"carpPosition":[13.2965,234.203,15.4121],"dipPosition":[7.55822,263.31,-33.8186],"direction":[-0.342601,-0.913108,0.221041],"extended":false,"handId":502,"id":5024,"length":50.5045,"mcpPosition":[26.3792,286.713,-5.39556],"pipPosition":[14.2583,281.167,-38.1414],"stabilizedTipPosition":[6.19804,256.149,-27.3087],"timeVisible":14.5986,"tipPosition":[6.24654,254.331,-24.18],"tipVelocity":[10.6478,-19.2901,31.4796],"tool":false,"touchDistance":0.333333,"touchZone":"none","type":4,"width":16.0555}],"r":[[0.88154,-0.254017,0.397948],[0.122436,0.937083,0.326933],[-0.455957,-0.239481,0.857177]],"s":1.31101,"t":[57.0722,56.2628,-146.175],"timestamp":97795517838},false],[4,{"currentFrameRate":100.208,"devices":[],"gestures":[],"hands":[{"armBasis":[[0.950886,0.151246,-0.270075],[-0.0143249,0.893067,0.449695],[0.30921,-0.42374,0.851372]],"armWidth":63.7122,"confidence":0.349193,"direction":[-0.0457239,0.963863,-0.262444],"elbow":[82.1838,109.898,247.676],"grabStrength":0.769864,"id":502,"palmNormal":[-0.0294067,-0.263904,-0.964101],"palmPosition":[-11.4988,274.919,-0.192623],"palmVelocity":[-7.24535,-31.2569,57.0497],"palmWidth":90.9788,"pinchStrength":0.694457,"r":[[0.88385,-0.250181,0.395245],[0.120648,0.93829,0.324123],[-0.451944,-0.238791,0.859492]],"s":1.30451,"sphereCenter":[-2.80599,276.286,-49.0426],"sphereRadius":45.7799,"stabilizedPalmPosition":[-10.5342,277.754,-5.30735],"t":[57.0307,55.9038,-145.538],"timeVisible":14.6085,"type":"right","wrist":[-1.29246,224.294,17.834]}],"id":1796840,"interactionBox":{"center":[0,200,0],"size":[235.247,235.247,147.751]},"pointables":[{"bases":[[[0.419182,0.438757,0.794845],[-0.772608,-0.287406,0.566104],[0.476826,-0.851405,0.218512]],[[0.296094,0.625641,0.721736],[-0.86548,-0.143921,0.479824],[0.404071,-0.766721,0.498865]],[[0.296094,0.625641,0.721736],[-0.944689,0.0802473,0.317998],[0.141035,-0.775973,0.614797]],[[0.296094,0.625641,0.721736],[-0.920519,0.388559,0.040821],[-0.254897,-0.676458,0.690964]]],"btipPosition":[-48.927,297.662,-52.5545],"carpPosition":[-29.916,217.11,9.47287],"dipPosition":[-54.8918,281.832,-36.3855],"direction":[-0.141035,0.775973,-0.614797],"extended":false,"handId":502,"id":5020,"length":52.11,"mcpPosition":[-29.916,217.11,9.47287],"pipPosition":[-50.0837,255.378,-15.4262],"stabilizedTipPosition":[-50.3893,295.123,-49.3403],"timeVisible":14.6085,"tipPosition":[-51.2083,294.675,-47.7764],"tipVelocity":[8.90762,-89.5941,36.87],"tool":false,"touchDistance":-0.0426683,"touchZone":"touching","type":0,"width":20.2475},{"bases":[[[0.976669,0.197683,-0.083902],[-0.00247487,0.401028,0.916062],[0.214737,-0.894482,0.392161]],[[0.950324,0.286071,-0.122667],[-0.23788,0.921665,0.306507],[0.200741,-0.262101,0.943931]],[[0.950324,0.286071,-0.122667],[-0.275307,0.956395,0.0975459],[0.145223,-0.058929,0.987642]],[[0.950324,0.286071,-0.122667],[-0.291167,0.956333,-0.0254671],[0.110025,0.0599186,0.992121]]],"btipPosition":[-51.5865,310.333,-85.0257],"carpPosition":[-21.7778,232.875,25.1881],"dipPosition":[-49.7069,311.357,-68.0768],"direction":[-0.145223,0.058929,-0.987642],"extended":true,"handId":502,"id":5021,"length":58.8003,"mcpPosition":[-37.574,298.674,-3.65947],"pipPosition":[-46.1973,309.933,-44.208],"stabilizedTipPosition":[-50.8734,312.327,-81.4824],"timeVisible":14.6085,"tipPosition":[-51.5606,312.607,-80.5629],"tipVelocity":[-27.7766,-198.093,33.3949],"tool":false,"touchDistance":-0.0871642,"touchZone":"touching","type":1,"width":19.3404},{"bases":[[[0.982717,0.00373637,-0.185077],[0.167393,0.40894,0.897077],[0.0790372,-0.912553,0.401247]],[[0.983014,0.000225696,-0.183532],[-0.050428,0.961843,-0.268914],[0.176468,0.273602,0.945516]],[[0.983014,0.000225696,-0.183532],[-0.179616,-0.204298,-0.962289],[-0.0377125,0.978909,-0.200788]],[[0.983014,0.000225696,-0.183532],[-0.121084,-0.750691,-0.649462],[-0.137922,0.660653,-0.737913]]],"btipPosition":[-20.3679,246.719,-28.4908],"carpPosition":[-10.0133,236.492,25.4945],"dipPosition":[-22.9594,259.132,-42.356],"direction":[0.0377125,-0.978909,0.200788],"extended":false,"handId":502,"id":5022,"length":66.9982,"mcpPosition":[-15.5269,300.151,-2.49628],"pipPosition":[-24.0317,286.965,-48.0649],"stabilizedTipPosition":[-20.2374,252.226,-36.4299],"timeVisible":14.6085,"tipPosition":[-20.9427,249.457,-31.6284],"tipVelocity":[-8.16614,-44.0025,75.3843],"tool":false,"touchDistance":0.333333,"touchZone":"none","type":2,"width":18.9949},{"bases":[[[0.968203,-0.161432,-0.191108],[0.23961,0.378864,0.893896],[-0.0718999,-0.911264,0.405498]],[[0.968966,-0.150936,-0.195761],[0.0922265,0.955497,-0.280214],[0.229344,0.253463,0.939765]],[[0.968966,-0.150936,-0.195761],[-0.22391,-0.200394,-0.953785],[0.104731,0.968019,-0.227972]],[[0.968966,-0.150936,-0.195761],[-0.241826,-0.742935,-0.624154],[-0.0512303,0.652124,-0.756379]]],"btipPosition":[-5.60177,244.41,-23.2248],"carpPosition":[2.08455,237.655,23.7107],"dipPosition":[-6.55884,256.593,-37.3552],"direction":[-0.104731,-0.968019,0.227972],"extended":false,"handId":502,"id":5023,"length":64.4205,"mcpPosition":[6.5878,294.729,-1.68658],"pipPosition":[-3.65793,283.406,-43.6697],"stabilizedTipPosition":[-5.13258,249.595,-31.0506],"timeVisible":14.6085,"tipPosition":[-5.86374,247.128,-26.6762],"tipVelocity":[-6.22913,-31.9717,58.0536],"tool":false,"touchDistance":0.333333,"touchZone":"none","type":3,"width":18.0748},{"bases":[[[0.900385,-0.326182,-0.287945],[0.379985,0.267136,0.885579],[-0.211939,-0.906777,0.36447]],[[0.887029,-0.376701,-0.266974],[0.304793,0.912077,-0.274258],[0.346814,0.161903,0.923855]],[[0.887029,-0.376701,-0.266974],[-0.329924,-0.112626,-0.937265],[0.323001,0.919463,-0.224185]],[[0.887029,-0.376701,-0.266974],[-0.457535,-0.639541,-0.617778],[0.0619767,0.670137,-0.739645]]],"btipPosition":[6.47769,251.178,-20.0228],"carpPosition":[13.8363,233.86,16.6394],"dipPosition":[7.54584,262.728,-32.7703],"direction":[-0.323001,-0.919463,0.224185],"extended":false,"handId":502,"id":5024,"length":50.5045,"mcpPosition":[26.1241,286.433,-4.49185],"pipPosition":[13.8626,280.709,-37.1546],"stabilizedTipPosition":[6.21729,256.064,-27.1492],"timeVisible":14.6085,"tipPosition":[6.43353,253.749,-23.0502],"tipVelocity":[15.1953,-30.9623,54.6055],"tool":false,"touchDistance":0.333333,"touchZone":"none","type":4,"width":16.0555}],"r":[[0.88385,-0.250181,0.395245],[0.120648,0.93829,0.324123],[-0.451944,-0.238791,0.859492]],"s":1.30451,"t":[57.0307,55.9038,-145.538],"timestamp":97795527678},false],[5,{"currentFrameRate":100.253,"devices":[],"gestures":[],"hands":[{"armBasis":[[0.95076,0.159329,-0.265838],[-0.0200504,0.887563,0.460249],[0.309279,-0.432256,0.847054]],"armWidth":63.7122,"confidence":0.358284,"direction":[-0.0577171,0.963089,-0.262924],"elbow":[83.1068,106.76,247.432],"grabStrength":0.786975,"id":502,"palmNormal":[-0.0329863,-0.265059,-0.963668],"palmPosition":[-11.2522,273.953,0.755167],"palmVelocity":[2.32123,-51.0184,68.5818],"palmWidth":90.9788,"pinchStrength":0.700334,"r":[[0.886726,-0.245162,0.391933],[0.117636,0.939552,0.321564],[-0.447077,-0.239034,0.861966]],"s":1.29818,"sphereCenter":[-2.83873,275.357,-48.0375],"sphereRadius":45.6284,"stabilizedPalmPosition":[-10.5525,277.657,-5.15293],"t":[57.1332,55.241,-144.746],"timeVisible":14.6183,"type":"right","wrist":[-0.388391,223.455,18.7551]}],"id":1796841,"interactionBox":{"center":[0,200,0],"size":[235.247,235.247,147.751]},"pointables":[{"bases":[[[0.419749,0.443897,0.791686],[-0.765737,-0.295104,0.571455],[0.487297,-0.84609,0.216039]],[[0.293228,0.630611,0.718573],[-0.859937,-0.15446,0.486467],[0.417763,-0.760573,0.496994]],[[0.293228,0.630611,0.718573],[-0.944181,0.0729854,0.321241],[0.150133,-0.772659,0.616812]],[[0.293228,0.630611,0.718573],[-0.916776,0.398666,0.0242443],[-0.271182,-0.665879,0.695029]]],"btipPosition":[-48.6122,295.844,-51.5079],"carpPosition":[-28.9886,215.959,10.59],"dipPosition":[-54.958,280.262,-35.2437],"direction":[-0.150133,0.772659,-0.616812],"extended":false,"handId":502,"id":5020,"length":52.11,"mcpPosition":[-28.9886,215.959,10.59],"pipPosition":[-49.8398,253.921,-14.2157],"stabilizedTipPosition":[-50.2218,293.613,-48.5106],"timeVisible":14.6183,"tipPosition":[-51.0576,292.932,-46.7655],"tipVelocity":[13.09,-115.896,58.0294],"tool":false,"touchDistance":-0.0251619,"touchZone":"touching","type":0,"width":20.2475},{"bases":[[[0.973932,0.207985,-0.0905444],[-0.000670426,0.401794,0.91573],[0.226838,-0.891798,0.391459]],[[0.946491,0.295787,-0.129089],[-0.247556,0.922036,0.297599],[0.207051,-0.249718,0.945923]],[[0.946491,0.295787,-0.129089],[-0.286841,0.954328,0.0835506],[0.147907,-0.0420518,0.988107]],[[0.946491,0.295787,-0.129089],[-0.303194,0.952019,-0.0416399],[0.110579,0.0785509,0.990758]]],"btipPosition":[-51.959,307.827,-83.9977],"carpPosition":[-20.9147,231.824,26.238],"dipPosition":[-50.0699,309.169,-67.0721],"direction":[-0.147907,0.0420518,-0.988107],"extended":true,"handId":502,"id":5021,"length":58.8003,"mcpPosition":[-37.6011,297.425,-2.55797],"pipPosition":[-46.4954,308.153,-43.1921],"stabilizedTipPosition":[-51.2856,309.673,-80.6103],"timeVisible":14.6183,"tipPosition":[-51.9795,310.174,-79.5596],"tipVelocity":[-30.6505,-212.355,54.2064],"tool":false,"touchDistance":-0.0930611,"touchZone":"touching","type":1,"width":19.3404},{"bases":[[[0.981373,0.0140239,-0.191598],[0.168974,0.411495,0.895611],[0.0914018,-0.911304,0.401461]],[[0.98172,0.0104938,-0.190042],[-0.0626393,0.96067,-0.270536],[0.179729,0.277495,0.943766]],[[0.98172,0.0104938,-0.190042],[-0.183655,-0.209911,-0.960317],[-0.0499692,0.977664,-0.204146]],[[0.98172,0.0104938,-0.190042],[-0.116929,-0.754587,-0.645698],[-0.150179,0.656116,-0.739566]]],"btipPosition":[-19.9831,245.639,-27.326],"carpPosition":[-9.18762,235.567,26.4633],"dipPosition":[-22.8049,257.967,-41.2222],"direction":[0.0499692,-0.977664,0.204146],"extended":false,"handId":502,"id":5022,"length":66.9982,"mcpPosition":[-15.5638,299.139,-1.54236],"pipPosition":[-24.2257,285.765,-47.0267],"stabilizedTipPosition":[-20.2506,252.101,-36.2328],"timeVisible":14.6183,"tipPosition":[-20.6194,248.367,-30.5213],"tipVelocity":[4.23554,-63.9712,87.7765],"tool":false,"touchDistance":0.333333,"touchZone":"none","type":2,"width":18.9949},{"bases":[[[0.968578,-0.151295,-0.197398],[0.241485,0.382185,0.891975],[-0.0595089,-0.911616,0.406712]],[[0.969197,-0.140837,-0.202047],[0.0801415,0.956063,-0.281995],[0.232885,0.257116,0.9379]],[[0.969197,-0.140837,-0.202047],[-0.228161,-0.204532,-0.951898],[0.0927374,0.968675,-0.230365]],[[0.969197,-0.140837,-0.202047],[-0.237993,-0.746677,-0.621154],[-0.0633822,0.650106,-0.757195]]],"btipPosition":[-5.17621,243.49,-22.2484],"carpPosition":[2.88513,236.856,24.5983],"dipPosition":[-6.36029,255.635,-36.3941],"direction":[-0.0927374,-0.968675,0.230365],"extended":false,"handId":502,"id":5023,"length":64.4205,"mcpPosition":[6.61231,293.953,-0.875018],"pipPosition":[-3.7916,282.466,-42.7748],"stabilizedTipPosition":[-5.14208,249.496,-30.8838],"timeVisible":14.6183,"tipPosition":[-5.49213,246.202,-25.7126],"tipVelocity":[6.84368,-50.3919,70.0427],"tool":false,"touchDistance":0.333333,"touchZone":"none","type":3,"width":18.0748},{"bases":[[[0.901877,-0.316842,-0.293647],[0.382982,0.27195,0.882818],[-0.199857,-0.908655,0.366611]],[[0.892089,-0.356967,-0.277041],[0.284253,0.919938,-0.270027],[0.351251,0.162138,0.922136]],[[0.892089,-0.356967,-0.277041],[-0.336181,-0.114653,-0.934793],[0.301926,0.927054,-0.222286]],[[0.892089,-0.356967,-0.277041],[-0.450072,-0.647482,-0.614982],[0.040149,0.673307,-0.738272]]],"btipPosition":[7.20183,250.396,-19.3341],"carpPosition":[14.6295,233.18,17.4523],"dipPosition":[7.89378,262,-32.058],"direction":[-0.301926,-0.927054,0.222286],"extended":false,"handId":502,"id":5024,"length":50.5045,"mcpPosition":[26.2168,285.862,-3.80311],"pipPosition":[13.7984,280.13,-36.4051],"stabilizedTipPosition":[6.25735,255.959,-26.9779],"timeVisible":14.6183,"tipPosition":[6.98011,252.984,-22.2921],"tipVelocity":[29.8438,-44.895,59.2408],"tool":false,"touchDistance":0.333333,"touchZone":"none","type":4,"width":16.0555}],"r":[[0.886726,-0.245162,0.391933],[0.117636,0.939552,0.321564],[-0.447077,-0.239034,0.861966]],"s":1.29818,"t":[57.1332,55.241,-144.746],"timestamp":97795537566},false],[6,{"currentFrameRate":100.343,"devices":[],"gestures":[],"hands":[{"armBasis":[[0.953202,0.160781,-0.256039],[-0.023683,0.883978,0.466929],[0.301406,-0.439014,0.846417]],"armWidth":63.7122,"confidence":0.364756,"direction":[-0.068255,0.961065,-0.267759],"elbow":[82.0772,103.965,248.025],"grabStrength":0.805417,"id":502,"palmNormal":[-0.0376426,-0.270674,-0.961935],"palmPosition":[-10.7388,272.783,1.32452],"palmVelocity":[17.091,-71.2,65.5072],"palmWidth":90.9788,"pinchStrength":0.705039,"r":[[0.889999,-0.239125,0.388229],[0.114,0.941103,0.318321],[-0.441482,-0.239047,0.864841]],"s":1.2921,"sphereCenter":[-2.64527,273.993,-47.4261],"sphereRadius":45.4883,"stabilizedPalmPosition":[-10.5575,277.525,-4.97823],"t":[57.4412,54.3247,-144.065],"timeVisible":14.6281,"type":"right","wrist":[0.707693,222.484,19.5202]}],"id":1796842,"interactionBox":{"center":[0,200,0],"size":[235.247,235.247,147.751]},"pointables":[{"bases":[[[0.421523,0.451998,0.78614],[-0.758874,-0.298749,0.578671],[0.496417,-0.840504,0.21708]],[[0.292475,0.637573,0.712712],[-0.853636,-0.161845,0.495088],[0.431003,-0.753198,0.49692]],[[0.292475,0.637573,0.712712],[-0.94275,0.0673471,0.326629],[0.160251,-0.767441,0.620769]],[[0.292475,0.637573,0.712712],[-0.913797,0.406,0.0117974],[-0.28184,-0.654725,0.701357]]],"btipPosition":[-48.263,293.766,-50.7705],"carpPosition":[-27.8831,214.689,11.6066],"dipPosition":[-54.8583,278.445,-34.3583],"direction":[-0.160251,0.767441,-0.620769],"extended":false,"handId":502,"id":5020,"length":52.11,"mcpPosition":[-27.8831,214.689,11.6066],"pipPosition":[-49.3951,252.282,-13.1954],"stabilizedTipPosition":[-49.9847,291.804,-47.6977],"timeVisible":14.6281,"tipPosition":[-50.7824,290.92,-46.0766],"tipVelocity":[18.0158,-142.467,64.147],"tool":false,"touchDistance":-0.0200238,"touchZone":"touching","type":0,"width":20.2475},{"bases":[[[0.971344,0.216153,-0.0988332],[0.00241399,0.406837,0.913498],[0.237665,-0.887559,0.394657]],[[0.943119,0.302765,-0.137332],[-0.255385,0.924253,0.283788],[0.21285,-0.232573,0.949002]],[[0.943119,0.302765,-0.137332],[-0.29658,0.952864,0.0639612],[0.150224,-0.0195932,0.988458]],[[0.943119,0.302765,-0.137332],[-0.313423,0.947483,-0.0635737],[0.110872,0.103001,0.988483]]],"btipPosition":[-51.9884,304.706,-83.465],"carpPosition":[-19.8376,230.712,27.1078],"dipPosition":[-50.0943,306.465,-66.5782],"direction":[-0.150224,0.0195932,-0.988458],"extended":true,"handId":502,"id":5021,"length":58.8003,"mcpPosition":[-37.3203,296.001,-1.92336],"pipPosition":[-46.4638,305.992,-42.6897],"stabilizedTipPosition":[-51.4618,306.663,-79.9312],"timeVisible":14.6281,"tipPosition":[-52.0647,307.175,-79.0584],"tipVelocity":[-22.4661,-240.838,53.998],"tool":false,"touchDistance":-0.111351,"touchZone":"touching","type":1,"width":19.3404},{"bases":[[[0.979784,0.0217095,-0.198876],[0.171814,0.417938,0.892081],[0.102485,-0.908216,0.405759]],[[0.980176,0.0181713,-0.197294],[-0.073379,0.958267,-0.276295],[0.18404,0.285295,0.940604]],[[0.980176,0.0181713,-0.197294],[-0.188619,-0.219224,-0.957269],[-0.0606465,0.975505,-0.211451]],[[0.980176,0.0181713,-0.197294],[-0.114461,-0.760868,-0.638733],[-0.161721,0.648653,-0.743704]]],"btipPosition":[-19.3991,244.242,-26.4248],"carpPosition":[-8.14315,234.56,27.2265],"dipPosition":[-22.4378,256.43,-40.3988],"direction":[0.0606465,-0.975505,0.211451],"extended":false,"handId":502,"id":5022,"length":66.9982,"mcpPosition":[-15.2924,297.916,-1.07905],"pipPosition":[-24.1621,284.167,-46.411],"stabilizedTipPosition":[-20.2455,251.932,-36.0118],"timeVisible":14.6281,"tipPosition":[-20.0928,246.945,-29.6776],"tipVelocity":[19.0676,-88.1357,88.494],"tool":false,"touchDistance":0.333333,"touchZone":"none","type":2,"width":18.9949},{"bases":[[[0.968428,-0.143747,-0.203677],[0.244555,0.389256,0.888072],[-0.0483749,-0.909844,0.41212]],[[0.968917,-0.133352,-0.208368],[0.0695674,0.955162,-0.287796],[0.237403,0.264354,0.934749]],[[0.968917,-0.133352,-0.208368],[-0.233266,-0.211989,-0.949024],[0.0823821,0.968131,-0.236507]],[[0.968917,-0.133352,-0.208368],[-0.235825,-0.75236,-0.615094],[-0.074744,0.645113,-0.760422]]],"btipPosition":[-4.55782,242.254,-21.5485],"carpPosition":[3.90364,235.946,25.2658],"dipPosition":[-5.95417,254.306,-35.7545],"direction":[-0.0823821,-0.968131,0.236507],"extended":false,"handId":502,"id":5023,"length":64.4205,"mcpPosition":[6.93348,292.932,-0.546265],"pipPosition":[-3.6723,281.122,-42.3054],"stabilizedTipPosition":[-5.13381,249.355,-30.693],"timeVisible":14.6281,"tipPosition":[-4.92296,244.942,-25.0256],"tipVelocity":[21.9735,-73.3882,70.0497],"tool":false,"touchDistance":0.333333,"touchZone":"none","type":3,"width":18.0748},{"bases":[[[0.902511,-0.310412,-0.298526],[0.386963,0.280237,0.87848],[-0.189033,-0.908356,0.373036]],[[0.895583,-0.34103,