{"sensorType":"Leap","data":[[0,{"currentFrameRate":99.9647,"devices":[],"gestures":[],"hands":[{"armBasis":[[0.944547,0.0283637,-0.327149],[0.148505,0.851667,0.502603],[0.292878,-0.523315,0.800227]],"armWidth":63.72,"confidence":0.427483,"direction":[0.177347,0.562869,-0.807296],"elbow":[72.2859,113.889,256.769],"grabStrength":0,"id":506,"palmNormal":[-0.131435,-0.799404,-0.58624],"palmPosition":[-5.21693,283.727,-5.93535],"palmVelocity":[19.9508,-29.6937,11.0681],"palmWidth":90.99,"pinchStrength":0.117564,"r":[[0.967851,-0.163606,0.191043],[0.198411,0.963426,-0.180119],[-0.154588,0.212233,0.964914]],"s":1.29041,"sphereCenter":[-35.9449,270.299,-45.7374],"sphereRadius":52.7376,"stabilizedPalmPosition":[-5.58567,284.246,-6.12921],"t":[8.92689,22.3079,-12.2421],"timeVisible":7.27937,"type":"right","wrist":[-6.79114,255.184,40.708]}],"id":1799455,"interactionBox":{"center":[0,200,0],"size":[235.247,235.247,147.751]},"pointables":[{"bases":[[[0.544636,0.740309,0.394098],[-0.795374,0.306904,0.522676],[0.265992,-0.598124,0.755974]],[[0.537276,0.756147,0.373599],[-0.780158,0.277264,0.560784],[0.320449,-0.592762,0.738881]],[[0.537276,0.756147,0.373599],[-0.793533,0.603271,-0.0798042],[-0.285725,-0.253587,0.924151]],[[0.537276,0.756147,0.373599],[-0.595252,0.653776,-0.467174],[-0.597502,0.0286156,0.801356]]],"btipPosition":[-28.8927,288.179,-51.9408],"carpPosition":[-36.6223,250.613,35.2065],"dipPosition":[-42.8764,288.849,-33.1861],"direction":[0.285725,0.253587,-0.924151],"extended":false,"handId":506,"id":5060,"length":52.1164,"mcpPosition":[-36.6223,250.613,35.2065],"pipPosition":[-52.6184,280.202,-1.67666],"stabilizedTipPosition":[-32.2767,288.526,-47.6839],"timeVisible":7.27937,"tipPosition":[-32.3778,288.715,-47.5689],"tipVelocity":[22.7095,-30.3481,11.2176],"tool":false,"touchDistance":-0.12848,"touchZone":"touching","type":0,"width":20.25},{"bases":[[[0.991263,-0.112586,-0.0687179],[0.131623,0.878103,0.460011],[0.00855077,-0.465037,0.88525]],[[0.979093,-0.042557,-0.198911],[0.129069,0.885779,0.445799],[0.15722,-0.462152,0.872753]],[[0.979093,-0.042557,-0.198911],[0.100967,0.950579,0.293608],[0.176586,-0.307553,0.935002]],[[0.979093,-0.042557,-0.198911],[0.076507,0.983111,0.166251],[0.188477,-0.177993,0.965813]]],"btipPosition":[-39.1603,335.115,-103.146],"carpPosition":[-24.2883,270.573,38.5778],"dipPosition":[-35.94,332.074,-86.6446],"direction":[-0.176586,0.307553,-0.935002],"extended":true,"handId":506,"id":5061,"length":58.8075,"mcpPosition":[-24.9173,304.785,-26.5497],"pipPosition":[-31.6719,324.641,-64.0453],"stabilizedTipPosition":[-38.5645,334.514,-99.3758],"timeVisible":7.27937,"tipPosition":[-37.9389,334.229,-99.4932],"tipVelocity":[28.0139,-24.5618,9.91188],"tool":false,"touchDistance":-0.148503,"touchZone":"touching","type":1,"width":19.3428},{"bases":[[[0.946245,-0.322413,-0.0258926],[0.297468,0.836005,0.461095],[-0.127017,-0.444011,0.886973]],[[0.948292,-0.31472,-0.0411615],[0.140581,0.532735,-0.834524],[0.28457,0.785586,0.549432]],[[0.948292,-0.31472,-0.0411615],[-0.204506,-0.506662,-0.837539],[0.242735,0.802649,-0.544825]],[[0.948292,-0.31472,-0.0411615],[-0.294059,-0.822323,-0.487149],[0.119468,0.474063,-0.872348]]],"btipPosition":[-25.9971,232.349,-18.4768],"carpPosition":[-11.9948,270.97,38.0023],"dipPosition":[-23.752,241.258,-34.87],"direction":[-0.242735,-0.802649,0.544825],"extended":false,"handId":506,"id":5062,"length":67.0064,"mcpPosition":[-3.13314,301.948,-23.88],"pipPosition":[-16.8495,264.082,-50.3628],"stabilizedTipPosition":[-24.9481,237.973,-25.2106],"timeVisible":7.27937,"tipPosition":[-25.4725,234.481,-22.2467],"tipVelocity":[4.81958,-25.3183,22.2444],"tool":false,"touchDistance":0.333333,"touchZone":"none","type":2,"width":18.9972},{"bases":[[[0.892105,-0.446337,0.0702299],[0.360113,0.796253,0.486106],[-0.272888,-0.408367,0.871073]],[[0.895859,-0.440543,0.0579579],[0.29392,0.489705,-0.820854],[0.333239,0.752404,0.56819]],[[0.895859,-0.440543,0.0579579],[-0.18742,-0.492906,-0.849657],[0.402878,0.75031,-0.524141]],[[0.895859,-0.440543,0.0579579],[-0.353019,-0.784874,-0.509264],[0.269842,0.435768,-0.858656]]],"btipPosition":[-14.0527,231.182,-12.0144],"carpPosition":[-0.0551568,268.146,37.3733],"dipPosition":[-9.01096,239.324,-28.0575],"direction":[-0.402878,-0.75031,0.524141],"extended":false,"handId":506,"id":5063,"length":64.4285,"mcpPosition":[17.0385,293.726,-17.1907],"pipPosition":[2.14957,260.109,-42.5773],"stabilizedTipPosition":[-12.1491,237.196,-18.89],"timeVisible":7.27937,"tipPosition":[-12.8429,233.07,-15.9465],"tipVelocity":[4.08911,-29.1435,16.1929],"tool":false,"touchDistance":0.333333,"touchZone":"none","type":3,"width":18.077},{"bases":[[[0.782679,-0.615989,0.0892844],[0.46895,0.677911,0.566147],[-0.409267,-0.401241,0.819455]],[[0.796896,-0.601155,0.059746],[0.429478,0.494199,-0.755855],[0.42486,0.627997,0.652008]],[[0.796896,-0.601155,0.059746],[-0.210011,-0.368399,-0.905636],[0.566438,0.709151,-0.419825]],[[0.796896,-0.601155,0.059746],[-0.448275,-0.654722,-0.608596],[0.404977,0.458205,-0.791228]]],"btipPosition":[0.7874,237.65,-13.0354],"carpPosition":[10.138,258.357,35.6858],"dipPosition":[7.76791,245.548,-26.6736],"direction":[-0.566438,-0.709151,0.419825],"extended":false,"handId":506,"id":5064,"length":50.5107,"mcpPosition":[33.8695,281.624,-11.8304],"pipPosition":[18.8468,259.418,-34.8849],"stabilizedTipPosition":[2.32571,242.694,-17.3001],"timeVisible":7.27937,"tipPosition":[2.44356,239.582,-15.9226],"tipVelocity":[6.80592,-34.5233,9.65111],"tool":false,"touchDistance":0.333333,"touchZone":"none","type":4,"width":16.0574}],"r":[[0.967851,-0.163606,0.191043],[0.198411,0.963426,-0.180119],[-0.154588,0.212233,0.964914]],"s":1.29041,"t":[8.92689,22.3079,-12.2421],"timestamp":97821752776},true],[1,{"currentFrameRate":100.128,"devices":[],"gestures":[],"hands":[{"armBasis":[[0.944509,0.0268279,-0.327387],[0.149692,0.852005,0.501677],[0.292394,-0.522846,0.800711]],"armWidth":63.72,"confidence":0.434674,"direction":[0.177981,0.561365,-0.808203],"elbow":[72.3378,113.911,256.99],"grabStrength":0,"id":506,"palmNormal":[-0.132645,-0.800133,-0.584972],"palmPosition":[-5.00322,283.548,-5.89007],"palmVelocity":[20.5783,-26.4376,9.2056],"palmWidth":90.99,"pinchStrength":0.119946,"r":[[0.967436,-0.166305,0.190814],[0.201198,0.962671,-0.181062],[-0.15358,0.213557,0.964783]],"s":1.2902,"sphereCenter":[-35.7704,270.101,-45.6612],"sphereRadius":52.7349,"stabilizedPalmPosition":[-5.3896,284.011,-6.04871],"t":[9.11935,22.1202,-12.1812],"timeVisible":7.28904,"type":"right","wrist":[-6.6086,255.08,40.7979]}],"id":1799456,"interactionBox":{"center":[0,200,0],"size":[235.247,235.247,147.751]},"pointables":[{"bases":[[[0.54573,0.740168,0.392849],[-0.794855,0.308817,0.522338],[0.265299,-0.597314,0.756857]],[[0.538195,0.756382,0.371796],[-0.779894,0.279683,0.559949],[0.31955,-0.591323,0.740422]],[[0.538195,0.756382,0.371796],[-0.792727,0.604107,-0.0814795],[-0.286234,-0.250881,0.924732]],[[0.538195,0.756382,0.371796],[-0.593056,0.653308,-0.47061],[-0.598858,0.0327837,0.800184]]],"btipPosition":[-28.6235,287.846,-51.9077],"carpPosition":[-36.4471,250.542,35.3088],"dipPosition":[-42.6389,288.613,-33.1805],"direction":[0.286234,0.250881,-0.924732],"extended":false,"handId":506,"id":5060,"length":52.1164,"mcpPosition":[-36.4471,250.542,35.3088],"pipPosition":[-52.3983,280.059,-1.65125],"stabilizedTipPosition":[-32.0537,288.265,-47.6406],"timeVisible":7.28904,"tipPosition":[-32.1208,288.426,-47.5384],"tipVelocity":[23.9871,-30.8718,8.7522],"tool":false,"touchDistance":-0.128034,"touchZone":"touching","type":0,"width":20.25},{"bases":[[[0.991094,-0.114064,-0.0687172],[0.132919,0.878635,0.45862],[0.00806533,-0.46367,0.885971]],[[0.978928,-0.0440067,-0.199408],[0.130334,0.88639,0.444215],[0.157205,-0.460844,0.873447]],[[0.978928,-0.0440067,-0.199408],[0.102251,0.950902,0.292114],[0.176763,-0.306349,0.935364]],[[0.978928,-0.0440067,-0.199408],[0.0777869,0.983241,0.16488],[0.188811,-0.176917,0.965946]]],"btipPosition":[-38.9305,334.828,-103.171],"carpPosition":[-24.0848,270.489,38.6468],"dipPosition":[-35.7045,331.805,-86.6672],"direction":[-0.176763,0.306349,-0.935364],"extended":true,"handId":506,"id":5061,"length":58.8075,"mcpPosition":[-24.6782,304.601,-26.5337],"pipPosition":[-31.4321,324.4,-64.0591],"stabilizedTipPosition":[-38.3445,334.291,-99.3754],"timeVisible":7.28904,"tipPosition":[-37.7069,333.952,-99.5147],"tipVelocity":[26.8154,-25.9507,6.28698],"tool":false,"touchDistance":-0.148909,"touchZone":"touching","type":1,"width":19.3428},{"bases":[[[0.945793,-0.323762,-0.0255574],[0.298707,0.836309,0.45974],[-0.127473,-0.442453,0.887686]],[[0.94784,-0.316126,-0.0407777],[0.141342,0.531515,-0.835173],[0.285694,0.785847,0.548473]],[[0.94784,-0.316126,-0.0407777],[-0.205093,-0.506934,-0.837231],[0.243999,0.801924,-0.545328]],[[0.94784,-0.316126,-0.0407777],[-0.295152,-0.822166,-0.486753],[0.120349,0.473399,-0.872588]]],"btipPosition":[-25.8681,232.16,-18.3953],"carpPosition":[-11.7909,270.869,38.0686],"dipPosition":[-23.6065,241.056,-34.7929],"direction":[-0.243999,-0.801924,0.545328],"extended":false,"handId":506,"id":5062,"length":67.0064,"mcpPosition":[-2.89743,301.738,-23.8634],"pipPosition":[-16.668,263.86,-50.3001],"stabilizedTipPosition":[-24.9689,237.776,-25.052],"timeVisible":7.28904,"tipPosition":[-25.3359,234.293,-22.149],"tipVelocity":[7.42022,-23.7382,18.1845],"tool":false,"touchDistance":0.333333,"touchZone":"none","type":2,"width":18.9972},{"bases":[[[0.891499,-0.447461,0.0707674],[0.361301,0.79651,0.484803],[-0.273297,-0.406633,0.871756]],[[0.895304,-0.44162,0.0583355],[0.294175,0.487819,-0.821884],[0.334503,0.752997,0.56666]],[[0.895304,-0.44162,0.0583355],[-0.188377,-0.494022,-0.848797],[0.403665,0.748942,-0.525491]],[[0.895304,-0.44162,0.0583355],[-0.354175,-0.785136,-0.508057],[0.27017,0.434205,-0.859345]]],"btipPosition":[-13.9116,230.995,-11.8699],"carpPosition":[0.144712,268.027,37.4418],"dipPosition":[-8.86374,239.108,-27.9259],"direction":[-0.403665,-0.748942,0.525491],"extended":false,"handId":506,"id":5063,"length":64.4285,"mcpPosition":[17.2641,293.498,-17.1649],"pipPosition":[2.31858,259.855,-42.4831],"stabilizedTipPosition":[-12.1865,236.926,-18.6829],"timeVisible":7.28904,"tipPosition":[-12.7016,232.879,-15.8065],"tipVelocity":[7.19546,-26.483,15.7378],"tool":false,"touchDistance":0.333333,"touchZone":"none","type":3,"width":18.077},{"bases":[[[0.781842,-0.616931,0.0901053],[0.469989,0.678142,0.565008],[-0.409675,-0.399398,0.820151]],[[0.796272,-0.601945,0.0601149],[0.429848,0.493078,-0.756376],[0.425655,0.628121,0.651369]],[[0.796272,-0.601945,0.0601149],[-0.210097,-0.368366,-0.90563],[0.567284,0.708498,-0.419786]],[[0.796272,-0.601945,0.0601149],[-0.448662,-0.6543,-0.608765],[0.405776,0.457771,-0.79107]]],"btipPosition":[0.938655,237.423,-12.9746],"carpPosition":[10.3241,258.222,35.7679],"dipPosition":[7.93294,245.314,-26.6101],"direction":[-0.567284,-0.708498,0.419786],"extended":false,"handId":506,"id":5064,"length":50.5107,"mcpPosition":[34.0792,281.381,-11.7887],"pipPosition":[19.0283,259.171,-34.8206],"stabilizedTipPosition":[2.35034,242.31,-17.1679],"timeVisible":7.28904,"tipPosition":[2.59513,239.359,-15.8502],"tipVelocity":[9.47919,-31.34,8.68787],"tool":false,"touchDistance":0.333333,"touchZone":"none","type":4,"width":16.0574}],"r":[[0.967436,-0.166305,0.190814],[0.201198,0.962671,-0.181062],[-0.15358,0.213557,0.964783]],"s":1.2902,"t":[9.11935,22.1202,-12.1812],"timestamp":97821762445},true],[2,{"currentFrameRate":100.244,"devices":[],"gestures":[],"hands":[{"armBasis":[[0.944459,0.0255135,-0.327637],[0.150612,0.852507,0.500547],[0.292083,-0.522093,0.801316]],"armWidth":63.72,"confidence":0.442484,"direction":[0.178367,0.560552,-0.808682],"elbow":[72.4237,114.024,257.247],"grabStrength":0,"id":506,"palmNormal":[-0.133452,-0.800486,-0.584305],"palmPosition":[-4.81469,283.417,-5.81925],"palmVelocity":[20.2143,-22.5964,8.63536],"palmWidth":90.99,"pinchStrength":0.122054,"r":[[0.967074,-0.168607,0.190631],[0.203593,0.961995,-0.181979],[-0.152703,0.214798,0.964647]],"s":1.28991,"sphereCenter":[-35.6209,269.972,-45.5682],"sphereRadius":52.7378,"stabilizedPalmPosition":[-5.19805,283.813,-5.97226],"t":[9.30984,21.9612,-12.1153],"timeVisible":7.29879,"type":"right","wrist":[-6.43878,254.989,40.8919]}],"id":1799457,"interactionBox":{"center":[0,200,0],"size":[235.247,235.247,147.751]},"pointables":[{"bases":[[[0.546454,0.739993,0.392171],[-0.7945,0.309955,0.522205],[0.264873,-0.59694,0.757301]],[[0.538813,0.756438,0.370785],[-0.779735,0.2812,0.559411],[0.318895,-0.590532,0.741336]],[[0.538813,0.756438,0.370785],[-0.792087,0.604772,-0.082758],[-0.286841,-0.249103,0.925024]],[[0.538813,0.756438,0.370785],[-0.590339,0.653033,-0.474392],[-0.600983,0.0367201,0.798418]]],"btipPosition":[-28.3554,287.585,-51.8199],"carpPosition":[-36.2822,250.473,35.4109],"dipPosition":[-42.4206,288.444,-33.134],"direction":[0.286841,0.249103,-0.925024],"extended":false,"handId":506,"id":5060,"length":52.1164,"mcpPosition":[-36.2822,250.473,35.4109],"pipPosition":[-52.2006,279.951,-1.59477],"stabilizedTipPosition":[-31.8157,288.017,-47.5797],"timeVisible":7.29879,"tipPosition":[-31.877,288.204,-47.4651],"tipVelocity":[24.6731,-29.0267,8.54127],"tool":false,"touchDistance":-0.126729,"touchZone":"touching","type":0,"width":20.25},{"bases":[[[0.990981,-0.115012,-0.0687708],[0.133778,0.878886,0.45789],[0.00777899,-0.462961,0.886345]],[[0.978786,-0.0448276,-0.199921],[0.131153,0.886739,0.443275],[0.157407,-0.460091,0.873807]],[[0.978786,-0.0448276,-0.199921],[0.103051,0.951075,0.291267],[0.177083,-0.30569,0.935519]],[[0.978786,-0.0448276,-0.199921],[0.078562,0.983303,0.164147],[0.189224,-0.176371,0.965965]]],"btipPosition":[-38.7495,334.641,-103.134],"carpPosition":[-23.9014,270.412,38.731],"dipPosition":[-35.5165,331.627,-86.6297],"direction":[-0.177083,0.30569,-0.935519],"extended":true,"handId":506,"id":5061,"length":58.8075,"mcpPosition":[-24.4737,304.472,-26.477],"pipPosition":[-31.2363,324.239,-64.0179],"stabilizedTipPosition":[-38.1492,334.093,-99.3538],"timeVisible":7.29879,"tipPosition":[-37.5234,333.775,-99.4743],"tipVelocity":[24.4408,-23.8914,5.56229],"tool":false,"touchDistance":-0.148288,"touchZone":"touching","type":1,"width":19.3428},{"bases":[[[0.945498,-0.324634,-0.0254349],[0.299528,0.836411,0.45902],[-0.12774,-0.441621,0.888062]],[[0.947546,-0.317025,-0.0406372],[0.141619,0.530419,-0.835823],[0.286531,0.786226,0.547494]],[[0.947546,-0.317025,-0.0406372],[-0.205698,-0.507555,-0.836706],[0.244631,0.801176,-0.546143]],[[0.947546,-0.317025,-0.0406372],[-0.295958,-0.822275,-0.486079],[0.120684,0.472609,-0.87297]]],"btipPosition":[-25.7304,232.031,-18.2619],"carpPosition":[-11.6073,270.78,38.1507],"dipPosition":[-23.4625,240.912,-34.6667],"direction":[-0.244631,-0.801176,0.546143],"extended":false,"handId":506,"id":5062,"length":67.0064,"mcpPosition":[-2.69518,301.591,-23.8076],"pipPosition":[-16.5061,263.695,-50.197],"stabilizedTipPosition":[-24.9806,237.596,-24.9047],"timeVisible":7.29879,"tipPosition":[-25.1959,234.162,-22.0247],"tipVelocity":[9.43168,-20.7491,16.8129],"tool":false,"touchDistance":0.333333,"touchZone":"none","type":2,"width":18.9972},{"bases":[[[0.891106,-0.448206,0.0709979],[0.362089,0.796576,0.484106],[-0.273534,-0.405682,0.872124]],[[0.894958,-0.442309,0.0584137],[0.294254,0.486765,-0.822481],[0.335357,0.753274,0.565786]],[[0.894958,-0.442309,0.0584137],[-0.18903,-0.494518,-0.848363],[0.404126,0.748208,-0.526182]],[[0.894958,-0.442309,0.0584137],[-0.354918,-0.785156,-0.507507],[0.270339,0.433465,-0.859665]]],"btipPosition":[-13.7698,230.857,-11.7462],"carpPosition":[0.325683,267.927,37.5244],"dipPosition":[-8.71883,238.956,-27.8082],"direction":[-0.404126,-0.748208,0.526182],"extended":false,"handId":506,"id":5063,"length":64.4285,"mcpPosition":[17.4599,293.339,-17.1054],"pipPosition":[2.47625,259.683,-42.3845],"stabilizedTipPosition":[-12.2117,236.675,-18.4891],"timeVisible":7.29879,"tipPosition":[-12.5603,232.742,-15.6838],"tipVelocity":[9.37444,-22.9473,14.8011],"tool":false,"touchDistance":0.333333,"touchZone":"none","type":3,"width":18.077},{"bases":[[[0.781299,-0.617562,0.0904888],[0.470683,0.678175,0.564391],[-0.409913,-0.398367,0.820533]],[[0.795824,-0.602518,0.0602988],[0.429971,0.492171,-0.756897],[0.426367,0.628283,0.650747]],[[0.795824,-0.602518,0.0602988],[-0.210519,-0.368671,-0.905408],[0.567755,0.707851,-0.420239]],[[0.795824,-0.602518,0.0602988],[-0.449194,-0.654204,-0.608475],[0.406065,0.457153,-0.791279]]],"btipPosition":[1.08502,237.271,-12.8733],"carpPosition":[10.4959,258.112,35.8569],"dipPosition":[8.08428,245.151,-26.5124],"direction":[-0.567755,-0.707851,0.420239],"extended":false,"handId":506,"id":5064,"length":50.5107,"mcpPosition":[34.2649,281.211,-11.7219],"pipPosition":[19.1889,258.995,-34.7318],"stabilizedTipPosition":[2.38756,241.962,-17.0428],"timeVisible":7.29879,"tipPosition":[2.74191,239.206,-15.752],"tipVelocity":[11.139,-26.8075,9.16258],"tool":false,"touchDistance":0.333333,"touchZone":"none","type":4,"width":16.0574}],"r":[[0.967074,-0.168607,0.190631],[0.203593,0.961995,-0.181979],[-0.152703,0.214798,0.964647]],"s":1.28991,"t":[9.30984,21.9612,-12.1153],"timestamp":97821772194},true],[3,{"currentFrameRate":100.315,"devices":[],"gestures":[],"hands":[{"armBasis":[[0.94442,0.0245239,-0.327824],[0.151306,0.852884,0.499696],[0.291851,-0.521525,0.80177]],"armWidth":63.72,"confidence":0.451614,"direction":[0.178656,0.559939,-0.809043],"elbow":[72.4887,114.108,257.441],"grabStrength":0,"id":506,"palmNormal":[-0.13406,-0.800751,-0.583803],"palmPosition":[-4.67278,283.319,-5.76595],"palmVelocity":[18.505,-18.8624,7.68501],"palmWidth":90.99,"pinchStrength":0.123354,"r":[[0.966761,-0.170556,0.190486],[0.205634,0.961398,-0.182834],[-0.151949,0.215927,0.964514]],"s":1.28962,"sphereCenter":[-35.5055,269.873,-45.4967],"sphereRadius":52.7382,"stabilizedPalmPosition":[-5.02601,283.651,-5.90469],"t":[9.47604,21.8327,-12.0558],"timeVisible":7.30862,"type":"right","wrist":[-6.31091,254.92,40.9627]}],"id":1799458,"interactionBox":{"center":[0,200,0],"size":[235.247,235.247,147.751]},"pointables":[{"bases":[[[0.546999,0.739861,0.391659],[-0.794231,0.310811,0.522105],[0.264553,-0.596659,0.757634]],[[0.53922,0.756602,0.369859],[-0.779635,0.282399,0.558946],[0.318452,-0.58975,0.742148]],[[0.53922,0.756602,0.369859],[-0.791727,0.605126,-0.0836134],[-0.287074,-0.247741,0.925318]],[[0.53922,0.756602,0.369859],[-0.588418,0.652668,-0.477272],[-0.6025,0.0397223,0.79713]]],"btipPosition":[-28.1657,287.377,-51.7635],"carpPosition":[-36.1579,250.421,35.4878],"dipPosition":[-42.2664,288.307,-33.1077],"direction":[0.287073,0.247741,-0.925318],"extended":false,"handId":506,"id":5060,"length":52.1164,"mcpPosition":[-36.1579,250.421,35.4878],"pipPosition":[-52.0543,279.86,-1.55848],"stabilizedTipPosition":[-31.6097,287.801,-47.5255],"timeVisible":7.30862,"tipPosition":[-31.698,288.027,-47.4161],"tipVelocity":[22.8385,-26.1925,7.50403],"tool":false,"touchDistance":-0.125904,"touchZone":"touching","type":0,"width":20.25},{"bases":[[[0.990895,-0.115725,-0.0688112],[0.134425,0.879073,0.457341],[0.00756437,-0.462426,0.886625]],[[0.978667,-0.0454092,-0.200374],[0.131771,0.886992,0.442585],[0.157632,-0.459546,0.874053]],[[0.978667,-0.0454092,-0.200374],[0.103606,0.951263,0.290457],[0.177419,-0.30502,0.935674]],[[0.978667,-0.0454092,-0.200374],[0.0790544,0.983412,0.163255],[0.189636,-0.175612,0.966022]]],"btipPosition":[-38.6204,334.491,-103.106],"carpPosition":[-23.7633,270.354,38.7943],"dipPosition":[-35.3804,331.491,-86.6014],"direction":[-0.177419,0.30502,-0.935674],"extended":true,"handId":506,"id":5061,"length":58.8075,"mcpPosition":[-24.3198,304.375,-26.4343],"pipPosition":[-31.0921,324.118,-63.9858],"stabilizedTipPosition":[-37.9941,333.928,-99.3291],"timeVisible":7.30862,"tipPosition":[-37.3928,333.638,-99.4432],"tipVelocity":[21.1424,-21.244,4.74782],"tool":false,"touchDistance":-0.147828,"touchZone":"touching","type":1,"width":19.3428},{"bases":[[[0.945275,-0.32529,-0.0253427],[0.300146,0.836487,0.458478],[-0.127939,-0.440994,0.888344]],[[0.947323,-0.317708,-0.0405176],[0.141721,0.529261,-0.836539],[0.287219,0.78673,0.546407]],[[0.947323,-0.317708,-0.0405176],[-0.206196,-0.508182,-0.836203],[0.245078,0.800508,-0.546922]],[[0.947323,-0.317708,-0.0405176],[-0.296563,-0.822347,-0.485589],[0.120956,0.472025,-0.873248]]],"btipPosition":[-25.6292,231.926,-18.1401],"carpPosition":[-11.469,270.714,38.2124],"dipPosition":[-23.3562,240.796,-34.5502],"direction":[-0.245078,-0.800508,0.546922],"extended":false,"handId":506,"id":5062,"length":67.0064,"mcpPosition":[-2.54296,301.481,-23.7656],"pipPosition":[-16.387,263.56,-50.1026],"stabilizedTipPosition":[-24.9863,237.431,-24.7689],"timeVisible":7.30862,"tipPosition":[-25.0921,234.057,-21.918],"tipVelocity":[9.72317,-17.8406,15.4678],"tool":false,"touchDistance":0.333333,"touchZone":"none","type":2,"width":18.9972},{"bases":[[[0.89081,-0.448767,0.0711713],[0.362683,0.796625,0.48358],[-0.273712,-0.404966,0.872402]],[[0.894697,-0.44283,0.0584766],[0.294341,0.486024,-0.822888],[0.335978,0.753447,0.565187]],[[0.894697,-0.44283,0.0584766],[-0.189474,-0.494807,-0.848095],[0.404497,0.747708,-0.526607]],[[0.894697,-0.44283,0.0584766],[-0.355448,-0.785125,-0.507185],[0.270508,0.432991,-0.859851]]],"btipPosition":[-13.6637,230.752,-11.6595],"carpPosition":[0.461944,267.852,37.5866],"dipPosition":[-8.60949,238.842,-27.7249],"direction":[-0.404497,-0.747708,0.526607],"extended":false,"handId":506,"id":5063,"length":64.4285,"mcpPosition":[17.6072,293.219,-17.0607],"pipPosition":[2.59588,259.555,-42.313],"stabilizedTipPosition":[-12.2283,236.442,-18.3095],"timeVisible":7.30862,"tipPosition":[-12.4542,232.638,-15.595],"tipVelocity":[9.81824,-19.3809,13.0097],"tool":false,"touchDistance":0.333333,"touchZone":"none","type":3,"width":18.077},{"bases":[[[0.780891,-0.618036,0.0907776],[0.471205,0.678199,0.563925],[-0.410092,-0.397589,0.820821]],[[0.795492,-0.602943,0.0604256],[0.43004,0.491478,-0.757308],[0.426916,0.628418,0.650257]],[[0.795492,-0.602943,0.0604256],[-0.210856,-0.368913,-0.905231],[0.568095,0.707363,-0.420602]],[[0.795492,-0.602943,0.0604256],[-0.4496,-0.654137,-0.608248],[0.406265,0.456689,-0.791444]]],"btipPosition":[1.19524,237.155,-12.7957],"carpPosition":[10.6254,258.029,35.9239],"dipPosition":[8.19796,245.027,-26.4377],"direction":[-0.568095,-0.707363,0.420602],"extended":false,"handId":506,"id":5064,"length":50.5107,"mcpPosition":[34.4046,281.083,-11.6716],"pipPosition":[19.3092,258.862,-34.6642],"stabilizedTipPosition":[2.43101,241.65,-16.9276],"timeVisible":7.30862,"tipPosition":[2.85232,239.091,-15.6775],"tipVelocity":[11.1846,-22.4035,8.76667],"tool":false,"touchDistance":0.333333,"touchZone":"none","type":4,"width":16.0574}],"r":[[0.966761,-0.170556,0.190486],[0.205634,0.961398,-0.182834],[-0.151949,0.215927,0.964514]],"s":1.28962,"t":[9.47604,21.8327,-12.0558],"timestamp":97821782025},true],[4,{"currentFrameRate":100.363,"devices":[],"gestures":[],"hands":[{"armBasis":[[0.944168,0.0237607,-0.328608],[0.152219,0.853101,0.499047],[0.292193,-0.521204,0.801854]],"armWidth":63.72,"confidence":0.457803,"direction":[0.178832,0.560993,-0.808274],"elbow":[72.686,114.108,257.46],"grabStrength":0,"id":506,"palmNormal":[-0.134608,-0.799841,-0.584922],"palmPosition":[-4.56015,283.299,-5.72907],"palmVelocity":[16.3998,-13.8916,6.5133],"palmWidth":90.99,"pinchStrength":0.123635,"r":[[0.966494,-0.172277,0.190289],[0.207367,0.960946,-0.18325],[-0.151287,0.21657,0.964474]],"s":1.2894,"sphereCenter":[-35.4207,269.925,-45.4739],"sphereRadius":52.7423,"stabilizedPalmPosition":[-4.87772,283.539,-5.84878],"t":[9.61546,21.7581,-12.0075],"timeVisible":7.31849,"type":"right","wrist":[-6.20623,254.834,40.9593]}],"id":1799459,"interactionBox":{"center":[0,200,0],"size":[235.247,235.247,147.751]},"pointables":[{"bases":[[[0.547481,0.738995,0.392621],[-0.793968,0.31051,0.522684],[0.264348,-0.597888,0.756737]],[[0.539689,0.755808,0.370797],[-0.7794,0.282077,0.559436],[0.318232,-0.590921,0.74131]],[[0.539689,0.755808,0.370797],[-0.79144,0.605643,-0.0825739],[-0.286981,-0.2489,0.925036]],[[0.539689,0.755808,0.370797],[-0.587771,0.653609,-0.476781],[-0.602711,0.0393694,0.796988]]],"btipPosition":[-28.0517,287.422,-51.7134],"carpPosition":[-36.0567,250.359,35.4831],"dipPosition":[-42.1573,288.343,-33.061],"direction":[0.286981,0.2489,-0.925036],"extended":false,"handId":506,"id":5060,"length":52.1164,"mcpPosition":[-36.0567,250.359,35.4831],"pipPosition":[-51.9421,279.857,-1.52139],"stabilizedTipPosition":[-31.4557,287.719,-47.4754],"timeVisible":7.31849,"tipPosition":[-31.5819,288.066,-47.3677],"tipVelocity":[19.4541,-17.1494,6.75878],"tool":false,"touchDistance":-0.125082,"touchZone":"touching","type":0,"width":20.25},{"bases":[[[0.990818,-0.116182,-0.0691462],[0.134995,0.878344,0.458572],[0.00745648,-0.463696,0.885963]],[[0.978556,-0.0455149,-0.200891],[0.132305,0.886383,0.443645],[0.157874,-0.46071,0.873397]],[[0.978556,-0.0455149,-0.200891],[0.104091,0.950858,0.291606],[0.177746,-0.306264,0.935205]],[[0.978556,-0.0455149,-0.200891],[0.0794922,0.983175,0.16446],[0.190026,-0.176902,0.96571]]],"btipPosition":[-38.5245,334.613,-102.991],"carpPosition":[-23.6504,270.281,38.8159],"dipPosition":[-35.2778,331.59,-86.4915],"direction":[-0.177746,0.306264,-0.935205],"extended":true,"handId":506,"id":5061,"length":58.8075,"mcpPosition":[-24.1989,304.394,-26.364],"pipPosition":[-30.9816,324.188,-63.8872],"stabilizedTipPosition":[-37.8778,333.922,-99.2577],"timeVisible":7.31849,"tipPosition":[-37.2969,333.764,-99.3258],"tipVelocity":[17.7998,-11.4326,6.76469],"tool":false,"touchDistance":-0.145929,"touchZone":"touching","type":1,"width":19.3428},{"bases":[[[0.945088,-0.325783,-0.025969],[0.300693,0.835664,0.45962],[-0.128035,-0.44219,0.887736]],[[0.947136,-0.318186,-0.0411224],[0.141909,0.530433,-0.835765],[0.287741,0.785747,0.547546]],[[0.947136,-0.318186,-0.0411224],[-0.206546,-0.50664,-0.837051],[0.245503,0.801295,-0.545577]],[[0.947136,-0.318186,-0.0411224],[-0.297063,-0.821318,-0.487023],[0.121189,0.473493,-0.872421]]],"btipPosition":[-25.5511,231.927,-18.1863],"carpPosition":[-11.356,270.634,38.2324],"dipPosition":[-23.2737,240.825,-34.5808],"direction":[-0.245503,-0.801295,0.545577],"extended":false,"handId":506,"id":5062,"length":67.0064,"mcpPosition":[-2.42323,301.484,-23.7032],"pipPosition":[-16.2925,263.611,-50.0951],"stabilizedTipPosition":[-24.9881,237.278,-24.6449],"timeVisible":7.31849,"tipPosition":[-25.012,234.066,-21.9555],"tipVelocity":[9.21586,-12.3236,9.59496],"tool":false,"touchDistance":0.333333,"touchZone":"none","type":2,"width":18.9972},{"bases":[[[0.890571,-0.449367,0.070378],[0.363212,0.79573,0.484655],[-0.27379,-0.406057,0.87187]],[[0.894485,-0.443373,0.0576036],[0.29433,0.486957,-0.82234],[0.336552,0.752525,0.566074]],[[0.894485,-0.443373,0.0576036],[-0.189881,-0.49336,-0.848847],[0.404775,0.748343,-0.52549]],[[0.894485,-0.443373,0.0576036],[-0.35589,-0.78406,-0.508519],[0.270628,0.434362,-0.859122]]],"btipPosition":[-13.583,230.733,-11.6964],"carpPosition":[0.573294,267.766,37.6005],"dipPosition":[-8.52662,238.849,-27.7483],"direction":[-0.404775,-0.748343,0.52549],"extended":false,"handId":506,"id":5063,"length":64.4285,"mcpPosition":[17.7235,293.202,-17.0135],"pipPosition":[2.68645,259.579,-42.3054],"stabilizedTipPosition":[-12.2391,236.225,-18.1443],"timeVisible":7.31849,"tipPosition":[-12.3732,232.629,-15.6254],"tipVelocity":[9.3442,-14.0296,8.13225],"tool":false,"touchDistance":0.333333,"touchZone":"none","type":3,"width":18.077},{"bases":[[[0.78056,-0.618602,0.0897615],[0.471681,0.677129,0.564812],[-0.410174,-0.398531,0.820323]],[[0.795235,-0.603397,0.0592769],[0.430011,0.492383,-0.756736],[0.427425,0.627273,0.651028]],[[0.795235,-0.603397,0.0592769],[-0.211234,-0.367374,-0.905768],[0.568315,0.707777,-0.419607]],[[0.795235,-0.603397,0.0592769],[-0.45,-0.652921,-0.609257],[0.406327,0.457828,-0.790754]]],"btipPosition":[1.28223,237.134,-12.8274],"carpPosition":[10.7309,257.94,35.922],"dipPosition":[8.286,245.025,-26.4574],"direction":[-0.568315,-0.707777,0.419607],"extended":false,"handId":506,"id":5064,"length":50.5107,"mcpPosition":[34.515,281.049,-11.6446],"pipPosition":[19.4016,258.869,-34.6644],"stabilizedTipPosition":[2.47758,241.378,-16.8303],"timeVisible":7.31849,"tipPosition":[2.93865,239.075,-15.7088],"tipVelocity":[10.4881,-16.2667,5.29678],"tool":false,"touchDistance":0.333333,"touchZone":"none","type":4,"width":16.0574}],"r":[[0.966494,-0.172277,0.190289],[0.207367,0.960946,-0.18325],[-0.151287,0.21657,0.964474]],"s":1.2894,"t":[9.61546,21.7581,-12.0075],"timestamp":97821791895},true],[5,{"currentFrameRate":100.354,"devices":[],"gestures":[],"hands":[{"armBasis":[[0.944348,0.0227172,-0.328163],[0.15287,0.853035,0.498961],[0.29127,-0.521359,0.802089]],"armWidth":63.72,"confidence":0.466313,"direction":[0.179023,0.562205,-0.807389],"elbow":[72.509,113.981,257.517],"grabStrength":0,"id":506,"palmNormal":[-0.134968,-0.798854,-0.586188],"palmPosition":[-4.47834,283.286,-5.69056],"palmVelocity":[13.9419,-10.1059,5.71768],"palmWidth":90.99,"pinchStrength":0.123821,"r":[[0.966266,-0.173794,0.190067],[0.208831,0.960624,-0.18328],[-0.15073,0.216789,0.964512]],"s":1.28926,"sphereCenter":[-35.359,269.991,-45.4537],"sphereRadius":52.7475,"stabilizedPalmPosition":[-4.75469,283.461,-5.80004],"t":[9.72607,21.7145,-11.9642],"timeVisible":7.32848,"type":"right","wrist":[-6.13381,254.747,40.9525]}],"id":1799460,"interactionBox":{"center":[0,200,0],"size":[235.247,235.247,147.751]},"pointables":[{"bases":[[[0.547806,0.738143,0.393769],[-0.793813,0.310005,0.523218],[0.264139,-0.599201,0.75577]],[[0.539983,0.755069,0.371872],[-0.779287,0.281579,0.559844],[0.31801,-0.592101,0.740463]],[[0.539983,0.755069,0.371872],[-0.79123,0.606046,-0.0816294],[-0.287007,-0.250158,0.924688]],[[0.539983,0.755069,0.371872],[-0.587541,0.654517,-0.475818],[-0.602672,0.0384438,0.797062]]],"btipPosition":[-27.9703,287.48,-51.6734],"carpPosition":[-35.9864,250.294,35.4707],"dipPosition":[-42.075,288.38,-33.0192],"direction":[0.287007,0.250158,-0.924688],"extended":false,"handId":506,"id":5060,"length":52.1164,"mcpPosition":[-35.9864,250.294,35.4707],"pipPosition":[-51.8607,279.85,-1.49146],"stabilizedTipPosition":[-31.3418,287.704,-47.4317],"timeVisible":7.32848,"tipPosition":[-31.4955,288.117,-47.3249],"tipVelocity":[16.0753,-10.4081,5.94756],"tool":false,"touchDistance":-0.124408,"touchZone":"touching","type":0,"width":20.25},{"bases":[[[0.990767,-0.116481,-0.0693818],[0.135381,0.877557,0.459963],[0.0073098,-0.465109,0.885223]],[[0.978488,-0.0454792,-0.201231],[0.132677,0.885658,0.444979],[0.157984,-0.462105,0.872639]],[[0.978488,-0.0454792,-0.201231],[0.104464,0.950333,0.293181],[0.177902,-0.307895,0.93464]],[[0.978488,-0.0454792,-0.201231],[0.0798633,0.982851,0.166207],[0.190221,-0.178703,0.96534]]],"btipPosition":[-38.4468,334.771,-102.866],"carpPosition":[-23.5717,270.205,38.8346],"dipPosition":[-35.1968,331.718,-86.3722],"direction":[-0.177902,0.307895,-0.93464],"extended":true,"handId":506,"id":5061,"length":58.8075,"mcpPosition":[-24.1095,304.423,-26.2909],"pipPosition":[-30.8968,324.276,-63.7816],"stabilizedTipPosition":[-37.7911,333.993,-99.1676],"timeVisible":7.32848,"tipPosition":[-37.2207,333.918,-99.2005],"tipVelocity":[14.82,-3.46208,8.46542],"tool":false,"touchDistance":-0.143859,"touchZone":"touching","type":1,"width":19.3428},{"bases":[[[0.944952,-0.326132,-0.026536],[0.301061,0.834807,0.460934],[-0.128173,-0.44355,0.887037]],[[0.947001,-0.318516,-0.0416663],[0.142121,0.531763,-0.834883],[0.288081,0.784713,0.548848]],[[0.947001,-0.318516,-0.0416663],[-0.206718,-0.504984,-0.838008],[0.245879,0.802208,-0.544064]],[[0.947001,-0.318516,-0.0416663],[-0.297382,-0.820245,-0.488632],[0.121461,0.475126,-0.871494]]],"btipPosition":[-25.4948,231.936,-18.2422],"carpPosition":[-11.2772,270.554,38.251],"dipPosition":[-23.2123,240.864,-34.6193],"direction":[-0.245879,-0.802208,0.544064],"extended":false,"handId":506,"id":5062,"length":67.0064,"mcpPosition":[-2.33482,301.5,-23.6358],"pipPosition":[-16.2204,263.676,-50.0905],"stabilizedTipPosition":[-24.9873,237.129,-24.5249],"timeVisible":7.32848,"tipPosition":[-24.9535,234.082,-22.0022],"tipVelocity":[8.17882,-8.16883,5.16498],"tool":false,"touchDistance":0.333333,"touchZone":"none","type":2,"width":18.9972},{"bases":[[[0.890389,-0.449846,0.0696169],[0.363565,0.794808,0.485902],[-0.273913,-0.407332,0.871236]],[[0.894332,-0.443788,0.0567578],[0.2943,0.487983,-0.821742],[0.336983,0.751614,0.567026]],[[0.894332,-0.443788,0.0567578],[-0.19015,-0.491861,-0.849656],[0.404985,0.749082,-0.524274]],[[0.894332,-0.443788,0.0567578],[-0.356166,-0.782978,-0.509991],[0.270768,0.435886,-0.858305]]],"btipPosition":[-13.5254,230.721,-11.7348],"carpPosition":[0.650884,267.683,37.6139],"dipPosition":[-8.46633,238.865,-27.7714],"direction":[-0.404985,-0.749082,0.524274],"extended":false,"handId":506,"id":5063,"length":64.4285,"mcpPosition":[17.8088,293.198,-16.9603],"pipPosition":[2.75256,259.616,-42.2948],"stabilizedTipPosition":[-12.2462,236.014,-17.9867],"timeVisible":7.32848,"tipPosition":[-12.3148,232.627,-15.659],"tipVelocity":[8.29377,-9.99233,4.64991],"tool":false,"touchDistance":0.333333,"touchZone":"none","type":3,"width":18.077},{"bases":[[[0.780309,-0.619067,0.0887366],[0.471989,0.676034,0.565865],[-0.410297,-0.399667,0.819709]],[[0.795108,-0.603686,0.0580172],[0.429773,0.493372,-0.756227],[0.4279,0.626217,0.651732]],[[0.795108,-0.603686,0.0580172],[-0.211676,-0.365892,-0.906265],[0.568328,0.708298,-0.41871]],[[0.795108,-0.603686,0.0580172],[-0.450327,-0.651769,-0.610248],[0.406212,0.459086,-0.790083]]],"btipPosition":[1.34775,237.12,-12.8484],"carpPosition":[10.8044,257.855,35.9193],"dipPosition":[8.34954,245.033,-26.467],"direction":[-0.568328,-0.708298,0.41871],"extended":false,"handId":506,"id":5064,"length":50.5107,"mcpPosition":[34.5955,281.029,-11.6117],"pipPosition":[19.4653,258.887,-34.6564],"stabilizedTipPosition":[2.5252,241.136,-16.7461],"timeVisible":7.32848,"tipPosition":[3.00217,239.067,-15.7372],"tipVelocity":[9.29857,-11.6574,3.15731],"tool":false,"touchDistance":0.333333,"touchZone":"none","type":4,"width":16.0574}],"r":[[0.966266,-0.173794,0.190067],[0.208831,0.960624,-0.18328],[-0.15073,0.216789,0.964512]],"s":1.28926,"t":[9.72607,21.7145,-11.9642],"timestamp":97821801878},true],[6,{"currentFrameRate":100.467,"devices":[],"gestures":[],"hands":[{"armBasis":[[0.944905,0.0212026,-0.326657],[0.153527,0.852636,0.499441],[0.289109,-0.522075,0.802405]],"armWidth":63.72,"confidence":0.469088,"direction":[0.179007,0.563056,-0.806799],"elbow":[72.0549,113.712,257.587],"grabStrength":0,"id":506,"palmNormal":[-0.135543,-0.798111,-0.587066],"palmPosition":[-4.35185,283.264,-5.6725],"palmVelocity":[13.664,-7.79391,4.58474],"palmWidth":90.99,"pinchStrength":0.123761,"r":[[0.966079,-0.175142,0.189783],[0.210079,0.960387,-0.183096],[-0.150197,0.216755,0.964603]],"s":1.28919,"sphereCenter":[-35.2657,270.029,-45.4402],"sphereRadius":52.7522,"stabilizedPalmPosition":[-4.63737,283.404,-5.7629],"t":[9.84462,21.6818,-11.9334],"timeVisible":7.33821,"type":"right","wrist":[-6.00459,254.673,40.938]}],"id":1799461,"interactionBox":{"center":[0,200,0],"size":[235.247,235.247,147.751]},"pointables":[{"bases":[[[0.548286,0.73743,0.394435],[-0.793488,0.30977,0.523851],[0.264119,-0.600199,0.754984]],[[0.540433,0.754451,0.372474],[-0.778987,0.281349,0.560377],[0.317982,-0.592998,0.739757]],[[0.540433,0.754451,0.372474],[-0.791041,0.606431,-0.0805909],[-0.286682,-0.251088,0.924537]],[[0.540433,0.754451,0.372474],[-0.587654,0.655278,-0.47463],[-0.602159,0.0376198,0.79749]]],"btipPosition":[-27.8668,287.521,-51.6523],"carpPosition":[-35.8612,250.24,35.4614],"dipPosition":[-41.9595,288.402,-32.9882],"direction":[0.286682,0.251088,-0.924537],"extended":false,"handId":506,"id":5060,"length":52.1164,"mcpPosition":[-35.8612,250.24,35.4614],"pipPosition":[-51.7341,279.841,-1.46552],"stabilizedTipPosition":[-31.2385,287.713,-47.3998],"timeVisible":7.33821,"tipPosition":[-31.3815,288.148,-47.2983],"tipVelocity":[14.5624,-6.24764,4.90769],"tool":false,"touchDistance":-0.124019,"touchZone":"touching","type":0,"width":20.25},{"bases":[[[0.990688,-0.116863,-0.0698586],[0.13595,0.87696,0.460932],[0.00739735,-0.466137,0.884682]],[[0.978345,-0.0455447,-0.201907],[0.133202,0.885187,0.445759],[0.158423,-0.463001,0.872085]],[[0.978345,-0.0455447,-0.201907],[0.104939,0.949967,0.294196],[0.178406,-0.309013,0.934175]],[[0.978345,-0.0455447,-0.201907],[0.0802925,0.982613,0.167409],[0.190772,-0.179995,0.964991]]],"btipPosition":[-38.358,334.87,-102.775],"carpPosition":[-23.436,270.141,38.8441],"dipPosition":[-35.0986,331.795,-86.2878],"direction":[-0.178406,0.309013,-0.934175],"extended":true,"handId":506,"id":5061,"length":58.8075,"mcpPosition":[-23.9802,304.434,-26.2416],"pipPosition":[-30.7864,324.326,-63.7084],"stabilizedTipPosition":[-37.7144,334.065,-99.0902],"timeVisible":7.33821,"tipPosition":[-37.1306,334.019,-99.1089],"tipVelocity":[13.215,0.382011,8.66367],"tool":false,"touchDistance":-0.142376,"touchZone":"touching","type":1,"width":19.3428},{"bases":[[[0.94479,-0.326542,-0.0272399],[0.30161,0.834131,0.461797],[-0.128074,-0.444517,0.886567]],[[0.946836,-0.318916,-0.0423516],[0.142115,0.532719,-0.834275],[0.288625,0.783903,0.54972]],[[0.946836,-0.318916,-0.0423516],[-0.20717,-0.503697,-0.838672],[0.246133,0.802859,-0.542988]],[[0.946836,-0.318916,-0.0423516],[-0.297892,-0.819379,-0.489774],[0.121495,0.476352,-0.87082]]],"btipPosition":[-25.4001,231.931,-18.289],"carpPosition":[-11.1415,270.485,38.2567],"dipPosition":[-23.117,240.883,-34.6535],"direction":[-0.246133,-0.802859,0.542988],"extended":false,"handId":506,"id":5062,"length":67.0064,"mcpPosition":[-2.206,301.498,-23.5974],"pipPosition":[-16.1178,263.713,-50.0941],"stabilizedTipPosition":[-24.982,236.98,-24.4076],"timeVisible":7.33821,"tipPosition":[-24.8577,234.084,-22.0415],"tipVelocity":[8.63843,-5.74441,2.32616],"tool":false,"touchDistance":0.333333,"touchZone":"none","type":2,"width":18.9972},{"bases":[[[0.890202,-0.450342,0.0687886],[0.364104,0.794074,0.486697],[-0.273803,-0.408213,0.870858]],[[0.89418,-0.444215,0.0558157],[0.294013,0.488614,-0.82147],[0.337637,0.750953,0.567513]],[[0.89418,-0.444215,0.0558157],[-0.190687,-0.490674,-0.850222],[0.405069,0.749608,-0.523457]],[[0.89418,-0.444215,0.0558157],[-0.356605,-0.782048,-0.51111],[0.270693,0.43712,-0.857701]]],"btipPosition":[-13.4283,230.694,-11.7686],"carpPosition":[0.784997,267.608,37.6121],"dipPosition":[-8.37064,238.861,-27.7939],"direction":[-0.405069,-0.749608,0.523457],"extended":false,"handId":506,"id":5063,"length":64.4285,"mcpPosition":[17.936,293.179,-16.9384],"pipPosition":[2.85057,259.627,-42.2947],"stabilizedTipPosition":[-12.2473,235.813,-17.8383],"timeVisible":7.33821,"tipPosition":[-12.2179,232.611,-15.6885],"tipVelocity":[8.77688,-7.71714,2.34462],"tool":false,"touchDistance":0.333333,"touchZone":"none","type":3,"width":18.077},{"bases":[[[0.78005,-0.619534,0.0877502],[0.4725,0.675158,0.566485],[-0.410202,-0.400424,0.819387]],[[0.794943,-0.604017,0.0568347],[0.429537,0.494191,-0.755826],[0.428444,0.625251,0.652301]],[[0.794943,-0.604017,0.0568347],[-0.212125,-0.364494,-0.906723],[0.568392,0.708737,-0.417879]],[[0.794943,-0.604017,0.0568347],[-0.450711,-0.650682,-0.611124],[0.40611,0.460193,-0.789492]]],"btipPosition":[1.45237,237.094,-12.8931],"carpPosition":[10.9333,257.778,35.9026],"dipPosition":[8.45242,245.026,-26.5014],"direction":[-0.568392,-0.708737,0.417879],"extended":false,"handId":506,"id":5064,"length":50.5107,"mcpPosition":[34.7189,280.996,-11.6097],"pipPosition":[19.5695,258.888,-34.6746],"stabilizedTipPosition":[2.57634,240.925,-16.6773],"timeVisible":7.33821,"tipPosition":[3.1051,239.046,-15.7805],"tipVelocity":[9.71182,-8.90561,0.957338],"tool":false,"touchDistance":0.333333,"touchZone":"none","type":4,"width":16.0574}],"r":[[0.966079,-0.175142,0.189783],[0.210079,0.960387