{"sensorType":"Leap","data":[[0,{"currentFrameRate":99.5463,"devices":[],"gestures":[],"hands":[{"armBasis":[[0.966001,0.117311,-0.230393],[0.0177619,0.858913,0.511813],[0.257929,-0.498504,0.827627]],"armWidth":63.72,"confidence":0.356233,"direction":[0.170324,0.65509,-0.736102],"elbow":[69.2955,123.863,256.324],"grabStrength":0,"id":506,"palmNormal":[0.0146843,-0.748622,-0.662835],"palmPosition":[1.40508,291.378,-10.7935],"palmVelocity":[-2.92528,-14.5728,37.3379],"palmWidth":90.99,"pinchStrength":0.0770054,"r":[[0.958805,-0.0773943,0.273318],[0.102984,0.991417,-0.0805352],[-0.264739,0.105365,0.958546]],"s":1.28034,"sphereCenter":[-22.7619,276.789,-54.8954],"sphereRadius":52.1825,"stabilizedPalmPosition":[1.42239,291.664,-11.6371],"t":[15.7244,29.9436,-17.4136],"timeVisible":8.92186,"type":"right","wrist":[-0.345327,258.459,32.8648]}],"id":1799618,"interactionBox":{"center":[0,200,0],"size":[235.247,235.247,147.751]},"pointables":[{"bases":[[[0.416575,0.756337,0.5044],[-0.865985,0.161295,0.473344],[0.27665,-0.633986,0.722168]],[[0.413917,0.76235,0.497488],[-0.843094,0.114935,0.525341],[0.343315,-0.636877,0.690306]],[[0.413917,0.76235,0.497488],[-0.8632,0.502236,-0.051431],[-0.289065,-0.408143,0.865945]],[[0.413917,0.76235,0.497488],[-0.601151,0.639299,-0.479495],[-0.683586,-0.100594,0.722904]]],"btipPosition":[-20.1412,299.104,-56.5861],"carpPosition":[-28.858,251.043,24.3158],"dipPosition":[-36.1396,296.75,-39.6675],"direction":[0.289065,0.408143,-0.865945],"extended":false,"handId":506,"id":5060,"length":52.1164,"mcpPosition":[-28.858,251.043,24.3158],"pipPosition":[-45.9954,282.834,-10.1426],"stabilizedTipPosition":[-23.4968,298.418,-53.3602],"timeVisible":8.92186,"tipPosition":[-23.2794,297.764,-53.0017],"tipVelocity":[-31.4939,15.079,56.5062],"tool":false,"touchDistance":-0.222365,"touchZone":"touching","type":0,"width":20.25},{"bases":[[[0.999889,0.00935266,0.0115882],[-0.0141546,0.838679,0.544442],[-0.00462681,-0.544546,0.838718]],[[0.988497,0.0937348,-0.118693],[-0.0274055,0.882807,0.468935],[0.148739,-0.460288,0.875221]],[[0.988497,0.0937348,-0.118693],[-0.0506224,0.944577,0.324363],[0.142519,-0.314623,0.938457]],[[0.988497,0.0937348,-0.118693],[-0.0678189,0.976177,0.206103],[0.135185,-0.195682,0.971305]]],"btipPosition":[-31.1802,342.652,-108.078],"carpPosition":[-19.3759,271.867,30.5058],"dipPosition":[-28.8705,339.309,-91.4828],"direction":[-0.142519,0.314623,-0.938457],"extended":true,"handId":506,"id":5061,"length":58.8075,"mcpPosition":[-19.0355,311.929,-31.1984],"pipPosition":[-25.4257,331.704,-68.7999],"stabilizedTipPosition":[-30.3481,341.854,-104.8],"timeVisible":8.92186,"tipPosition":[-30.3876,341.321,-104.461],"tipVelocity":[-36.1532,12.9656,57.9016],"tool":false,"touchDistance":-0.201293,"touchZone":"touching","type":1,"width":19.3428},{"bases":[[[0.977736,-0.207416,0.0318105],[0.154994,0.816027,0.556845],[-0.141457,-0.539517,0.830007]],[[0.979293,-0.201217,0.0222935],[0.144276,0.616402,-0.774102],[0.142021,0.761289,0.632669]],[[0.979293,-0.201217,0.0222935],[-0.0698805,-0.439325,-0.895606],[0.190005,0.875503,-0.444289]],[[0.979293,-0.201217,0.0222935],[-0.149285,-0.792116,-0.591833],[0.136746,0.57625,-0.805752]]],"btipPosition":[-12.1669,238.951,-29.5474],"carpPosition":[-7.21782,273.73,31.0797],"dipPosition":[-9.59721,249.78,-44.6891],"direction":[-0.190005,-0.875503,0.444289],"extended":false,"handId":506,"id":5062,"length":67.0064,"mcpPosition":[2.65133,311.371,-26.8282],"pipPosition":[-4.19414,274.676,-57.3231],"stabilizedTipPosition":[-10.6082,242.022,-35.0969],"timeVisible":8.92186,"tipPosition":[-11.6074,241.326,-33.3627],"tipVelocity":[-17.4989,-12.3785,42.2649],"tool":false,"touchDistance":0.333333,"touchZone":"none","type":2,"width":18.9972},{"bases":[[[0.931777,-0.345471,0.111538],[0.219865,0.781509,0.58387],[-0.288878,-0.519514,0.804149]],[[0.932481,-0.344199,0.10957],[0.308878,0.602532,-0.7359],[0.187276,0.720057,0.668166]],[[0.932481,-0.344199,0.10957],[-0.0418802,-0.404309,-0.913663],[0.358782,0.847385,-0.391425]],[[0.932481,-0.344199,0.10957],[-0.202721,-0.749726,-0.629932],[0.298969,0.565188,-0.768882]]],"btipPosition":[-0.806661,238.708,-23.7272],"carpPosition":[4.99039,272.371,31.289],"dipPosition":[4.77928,249.268,-38.093],"direction":[-0.358782,-0.847385,0.391425],"extended":false,"handId":506,"id":5063,"length":64.4285,"mcpPosition":[23.0857,304.914,-19.0829],"pipPosition":[14.7183,272.742,-48.9363],"stabilizedTipPosition":[1.45843,241.85,-29.4448],"timeVisible":8.92186,"tipPosition":[0.523962,241.066,-27.1827],"tipVelocity":[-16.9754,-14.2691,46.7241],"tool":false,"touchDistance":0.333333,"touchZone":"none","type":3,"width":18.077},{"bases":[[[0.842858,-0.527624,0.105844],[0.335722,0.669273,0.662846],[-0.420572,-0.523151,0.741237]],[[0.846344,-0.523233,0.0996441],[0.442962,0.587541,-0.677186],[0.295781,0.617271,0.729034]],[[0.846344,-0.523233,0.0996441],[-0.0824763,-0.31356,-0.94598],[0.526212,0.792406,-0.308534]],[[0.846344,-0.523233,0.0996441],[-0.313147,-0.640128,-0.701552],[0.43086,0.562551,-0.705617]]],"btipPosition":[12.62,247.344,-20.8752],"carpPosition":[16.4103,264.03,29.6865],"dipPosition":[20.0466,257.041,-33.0378],"direction":[-0.526212,-0.792406,0.308534],"extended":false,"handId":506,"id":5064,"length":50.5107,"mcpPosition":[40.7973,294.365,-13.2943],"pipPosition":[30.3387,272.539,-39.0724],"stabilizedTipPosition":[15.0154,250.312,-25.1911],"timeVisible":8.92186,"tipPosition":[14.3331,249.527,-23.8099],"tipVelocity":[-13.2198,-16.364,33.2145],"tool":false,"touchDistance":0.333333,"touchZone":"none","type":4,"width":16.0574}],"r":[[0.958805,-0.0773943,0.273318],[0.102984,0.991417,-0.0805352],[-0.264739,0.105365,0.958546]],"s":1.28034,"t":[15.7244,29.9436,-17.4136],"timestamp":97823395263},true],[1,{"currentFrameRate":99.6306,"devices":[],"gestures":[],"hands":[{"armBasis":[[0.965586,0.113945,-0.233793],[0.0222651,0.859405,0.51081],[0.259127,-0.498436,0.827293]],"armWidth":63.72,"confidence":0.365332,"direction":[0.16967,0.653467,-0.737694],"elbow":[69.5982,123.769,256.712],"grabStrength":0,"id":506,"palmNormal":[0.0099037,-0.749641,-0.661771],"palmPosition":[1.32693,291.196,-10.3705],"palmVelocity":[-4.40654,-15.7373,38.9712],"palmWidth":90.99,"pinchStrength":0.0757697,"r":[[0.959514,-0.0787352,0.270432],[0.10416,0.991259,-0.0809663],[-0.261694,0.105857,0.959328]],"s":1.28194,"sphereCenter":[-23.204,276.69,-54.3537],"sphereRadius":52.2509,"stabilizedPalmPosition":[1.40967,291.601,-11.4683],"t":[15.6832,29.7621,-17.0072],"timeVisible":8.93173,"type":"right","wrist":[-0.36621,258.347,33.3427]}],"id":1799619,"interactionBox":{"center":[0,200,0],"size":[235.247,235.247,147.751]},"pointables":[{"bases":[[[0.420793,0.755769,0.501744],[-0.86373,0.16471,0.476278],[0.277314,-0.633786,0.722089]],[[0.418375,0.761232,0.495469],[-0.840495,0.117702,0.52888],[0.344283,-0.637709,0.689055]],[[0.418375,0.761232,0.495469],[-0.861729,0.505063,-0.0483266],[-0.28703,-0.406741,0.86728]],[[0.418375,0.761232,0.495469],[-0.599959,0.641173,-0.478484],[-0.681918,-0.0970754,0.724958]]],"btipPosition":[-20.3731,298.98,-56.0236],"carpPosition":[-28.9332,251.007,24.9094],"dipPosition":[-36.3325,296.708,-39.057],"direction":[0.28703,0.406741,-0.86728],"extended":false,"handId":506,"id":5060,"length":52.1164,"mcpPosition":[-28.9332,251.007,24.9094],"pipPosition":[-46.1189,282.84,-9.48652],"stabilizedTipPosition":[-23.6492,298.429,-53.0151],"timeVisible":8.93173,"tipPosition":[-23.5257,297.672,-52.44],"tipVelocity":[-28.849,7.43761,56.9782],"tool":false,"touchDistance":-0.212806,"touchZone":"touching","type":0,"width":20.25},{"bases":[[[0.999949,0.00623155,0.00790571],[-0.00952673,0.839521,0.543244],[-0.00325176,-0.543292,0.839538]],[[0.988232,0.0908454,-0.123061],[-0.0227036,0.882732,0.469327],[0.151266,-0.46101,0.874407]],[[0.988232,0.0908454,-0.123061],[-0.0462356,0.944305,0.325809],[0.145805,-0.316285,0.937393]],[[0.988232,0.0908454,-0.123061],[-0.063775,0.975975,0.208339],[0.139031,-0.198039,0.970284]]],"btipPosition":[-31.5224,342.615,-107.532],"carpPosition":[-19.3633,271.811,31.0337],"dipPosition":[-29.1469,339.232,-90.9546],"direction":[-0.145805,0.316285,-0.937393],"extended":true,"handId":506,"id":5061,"length":58.8075,"mcpPosition":[-19.124,311.781,-30.7308],"pipPosition":[-25.6228,331.587,-68.2974],"stabilizedTipPosition":[-30.5574,341.848,-104.44],"timeVisible":8.93173,"tipPosition":[-30.7107,341.246,-103.933],"tipVelocity":[-35.2562,7.72114,57.0013],"tool":false,"touchDistance":-0.192266,"touchZone":"touching","type":1,"width":19.3428},{"bases":[[[0.977191,-0.210436,0.0285312],[0.159595,0.816357,0.55506],[-0.140096,-0.537846,0.831321]],[[0.978764,-0.204127,0.0188004],[0.143069,0.614546,-0.7758],[0.146808,0.762014,0.630699]],[[0.978764,-0.204127,0.0188004],[-0.0747519,-0.440808,-0.894483],[0.190876,0.874083,-0.446706]],[[0.978764,-0.204127,0.0188004],[-0.154,-0.792729,-0.589801],[0.135298,0.574381,-0.80733]]],"btipPosition":[-12.4697,238.781,-28.9654],"carpPosition":[-7.19734,273.636,31.5602],"dipPosition":[-9.92715,249.575,-44.1367],"direction":[-0.190876,-0.874083,0.446706],"extended":false,"handId":506,"id":5062,"length":67.0064,"mcpPosition":[2.5769,311.16,-26.4394],"pipPosition":[-4.49932,274.431,-56.8394],"stabilizedTipPosition":[-10.6595,241.992,-34.9908],"timeVisible":8.93173,"tipPosition":[-11.9198,241.152,-32.7905],"tipVelocity":[-21.5949,-14.0497,47.0161],"tool":false,"touchDistance":0.333333,"touchZone":"none","type":2,"width":18.9972},{"bases":[[[0.931094,-0.348229,0.108631],[0.224455,0.781674,0.581898],[-0.287548,-0.517418,0.805974]],[[0.931809,-0.346935,0.106618],[0.307945,0.600239,-0.738162],[0.192098,0.720659,0.666145]],[[0.931809,-0.346935,0.106618],[-0.0466032,-0.405691,-0.912821],[0.359944,0.845607,-0.394195]],[[0.931809,-0.346935,0.106618],[-0.207399,-0.750041,-0.628032],[0.297855,0.563094,-0.770849]]],"btipPosition":[-1.09992,238.506,-23.2001],"carpPosition":[5.00725,272.24,31.7267],"dipPosition":[4.4652,249.027,-37.6026],"direction":[-0.359944,-0.845607,0.394195],"extended":false,"handId":506,"id":5063,"length":64.4285,"mcpPosition":[23.0192,304.651,-18.7595],"pipPosition":[14.4364,272.452,-48.5226],"stabilizedTipPosition":[1.41478,241.819,-29.3447],"timeVisible":8.93173,"tipPosition":[0.225404,240.859,-26.668],"tipVelocity":[-20.8978,-16.3605,48.4498],"tool":false,"touchDistance":0.333333,"touchZone":"none","type":3,"width":18.077},{"bases":[[[0.841584,-0.53011,0.103534],[0.34025,0.669192,0.660615],[-0.419483,-0.520735,0.743552]],[[0.845076,-0.52572,0.0972883],[0.442265,0.58514,-0.679715],[0.300412,0.617438,0.726995]],[[0.845076,-0.52572,0.0972883],[-0.0869989,-0.31476,-0.945176],[0.52752,0.790282,-0.311733]],[[0.845076,-0.52572,0.0972883],[-0.317772,-0.640232,-0.699374],[0.429962,0.560109,-0.708104]]],"btipPosition":[12.3677,247.112,-20.4237],"carpPosition":[16.395,263.86,30.0947],"dipPosition":[19.7788,256.766,-32.6292],"direction":[-0.52752,-0.790282,0.311733],"extended":false,"handId":506,"id":5064,"length":50.5107,"mcpPosition":[40.7188,294.055,-13.0203],"pipPosition":[30.0965,272.223,-38.7263],"stabilizedTipPosition":[14.9661,250.26,-25.0886],"timeVisible":8.93173,"tipPosition":[14.0762,249.285,-23.3685],"tipVelocity":[-16.9891,-18.7795,36.6344],"tool":false,"touchDistance":0.333333,"touchZone":"none","type":4,"width":16.0574}],"r":[[0.959514,-0.0787352,0.270432],[0.10416,0.991259,-0.0809663],[-0.261694,0.105857,0.959328]],"s":1.28194,"t":[15.6832,29.7621,-17.0072],"timestamp":97823405135},true],[2,{"currentFrameRate":99.7609,"devices":[],"gestures":[],"hands":[{"armBasis":[[0.965185,0.114467,-0.235192],[0.0220739,0.860309,0.509294],[0.260635,-0.496755,0.827831]],"armWidth":63.72,"confidence":0.37608,"direction":[0.168773,0.653132,-0.738196],"elbow":[69.9587,124.182,257.143],"grabStrength":0,"id":506,"palmNormal":[0.0101196,-0.750049,-0.661305],"palmPosition":[1.23165,291.128,-10.1058],"palmVelocity":[-5.97954,-13.146,35.4771],"palmWidth":90.99,"pinchStrength":0.0775118,"r":[[0.960115,-0.0796282,0.268028],[0.104939,0.991138,-0.08145],[-0.259167,0.106328,0.959962]],"s":1.28303,"sphereCenter":[-23.4169,276.627,-54.0527],"sphereRadius":52.2864,"stabilizedPalmPosition":[1.39278,291.557,-11.339],"t":[15.6149,29.6375,-16.6716],"timeVisible":8.9415,"type":"right","wrist":[-0.412802,258.305,33.6289]}],"id":1799620,"interactionBox":{"center":[0,200,0],"size":[235.247,235.247,147.751]},"pointables":[{"bases":[[[0.420486,0.756405,0.501041],[-0.863599,0.164349,0.47664],[0.278188,-0.633119,0.722338]],[[0.41801,0.761974,0.494634],[-0.840338,0.117483,0.529179],[0.345109,-0.636862,0.689425]],[[0.41801,0.761974,0.494634],[-0.861842,0.504778,-0.0492688],[-0.287222,-0.405702,0.867703]],[[0.41801,0.761974,0.494634],[-0.598573,0.640599,-0.480982],[-0.683358,-0.0950198,0.723874]]],"btipPosition":[-20.4197,298.786,-55.7248],"carpPosition":[-28.9787,250.939,25.2157],"dipPosition":[-36.4127,296.562,-38.7836],"direction":[0.287222,0.405702,-0.867703],"extended":false,"handId":506,"id":5060,"length":52.1164,"mcpPosition":[-28.9787,250.939,25.2157],"pipPosition":[-46.2057,282.729,-9.19872],"stabilizedTipPosition":[-23.739,298.398,-52.7776],"timeVisible":8.9415,"tipPosition":[-23.6291,297.55,-52.1395],"tipVelocity":[-21.9959,-0.273026,49.0363],"tool":false,"touchDistance":-0.207924,"touchZone":"touching","type":0,"width":20.25},{"bases":[[[0.999948,0.00700034,0.00736186],[-0.00987522,0.839855,0.542721],[-0.00238366,-0.542766,0.839881]],[[0.987988,0.0919003,-0.124237],[-0.0229877,0.882408,0.469923],[0.152814,-0.461422,0.873921]],[[0.987988,0.0919003,-0.124237],[-0.0466933,0.943906,0.326897],[0.14731,-0.317169,0.936858]],[[0.987988,0.0919003,-0.124237],[-0.0643727,0.97563,0.209769],[0.140488,-0.199252,0.969826]]],"btipPosition":[-31.7721,342.579,-107.228],"carpPosition":[-19.4214,271.753,31.3217],"dipPosition":[-29.3718,339.174,-90.658],"direction":[-0.14731,0.317169,-0.936858],"extended":true,"handId":506,"id":5061,"length":58.8075,"mcpPosition":[-19.246,311.685,-30.468],"pipPosition":[-25.8113,331.508,-68.0137],"stabilizedTipPosition":[-30.7285,341.835,-104.176],"timeVisible":8.9415,"tipPosition":[-30.9465,341.195,-103.638],"tipVelocity":[-32.2336,4.21059,49.3453],"tool":false,"touchDistance":-0.187222,"touchZone":"touching","type":1,"width":19.3428},{"bases":[[[0.977367,-0.209672,0.0281358],[0.15927,0.816827,0.55446],[-0.139237,-0.53743,0.831734]],[[0.978958,-0.203249,0.0182171],[0.141912,0.613928,-0.776501],[0.146639,0.762746,0.629853]],[[0.978958,-0.203249,0.0182171],[-0.0750862,-0.441782,-0.893975],[0.189748,0.873795,-0.447747]],[[0.978958,-0.203249,0.0182171],[-0.153767,-0.793413,-0.588941],[0.134155,0.573747,-0.807971]]],"btipPosition":[-12.5272,238.689,-28.6314],"carpPosition":[-7.25658,273.588,31.8405],"dipPosition":[-10.0061,249.471,-43.8148],"direction":[-0.189748,-0.873795,0.447747],"extended":false,"handId":506,"id":5062,"length":67.0064,"mcpPosition":[2.45769,311.084,-26.188],"pipPosition":[-4.61037,274.319,-56.5471],"stabilizedTipPosition":[-10.6975,241.968,-34.9062],"timeVisible":8.9415,"tipPosition":[-11.984,241.061,-32.462],"tipVelocity":[-17.1214,-12.7713,43.1565],"tool":false,"touchDistance":0.333333,"touchZone":"none","type":2,"width":18.9972},{"bases":[[[0.931418,-0.347449,0.108348],[0.224172,0.782211,0.581285],[-0.286718,-0.517131,0.806454]],[[0.932137,-0.346145,0.106316],[0.307062,0.599994,-0.738729],[0.191919,0.721242,0.665565]],[[0.932137,-0.346145,0.106316],[-0.0467715,-0.40624,-0.912569],[0.359071,0.845667,-0.394861]],[[0.932137,-0.346145,0.106316],[-0.20713,-0.750527,-0.62754],[0.297013,0.562932,-0.771292]]],"btipPosition":[-1.16208,238.425,-22.9029],"carpPosition":[4.94916,272.201,32.0013],"dipPosition":[4.38731,248.943,-37.3138],"direction":[-0.359071,-0.845667,0.394861],"extended":false,"handId":506,"id":5063,"length":64.4285,"mcpPosition":[22.9091,304.594,-18.515],"pipPosition":[14.3343,272.37,-48.2522],"stabilizedTipPosition":[1.38178,241.794,-29.2654],"timeVisible":8.9415,"tipPosition":[0.159299,240.779,-26.3708],"tipVelocity":[-16.7305,-14.0114,43.0874],"tool":false,"touchDistance":0.333333,"touchZone":"none","type":3,"width":18.077},{"bases":[[[0.842045,-0.529402,0.103413],[0.340095,0.669867,0.66001],[-0.418684,-0.520588,0.744105]],[[0.845545,-0.524994,0.0971361],[0.441372,0.584967,-0.680444],[0.300408,0.618219,0.726334]],[[0.845545,-0.524994,0.0971361],[-0.0874306,-0.315632,-0.944845],[0.526697,0.790416,-0.312782]],[[0.845545,-0.524994,0.0971361],[-0.317781,-0.64107,-0.698602],[0.429033,0.559831,-0.708886]]],"btipPosition":[12.301,247.047,-20.1247],"carpPosition":[16.3425,263.83,30.3684],"dipPosition":[19.6962,256.697,-32.3436],"direction":[-0.526697,-0.790416,0.312782],"extended":false,"handId":506,"id":5064,"length":50.5107,"mcpPosition":[40.6199,294.016,-12.7787],"pipPosition":[29.9978,272.156,-38.4613],"stabilizedTipPosition":[14.9281,250.221,-25.0036],"timeVisible":8.9415,"tipPosition":[14.0059,249.22,-23.0751],"tipVelocity":[-14.1088,-15.2363,34.7683],"tool":false,"touchDistance":0.333333,"touchZone":"none","type":4,"width":16.0574}],"r":[[0.960115,-0.0796282,0.268028],[0.104939,0.991138,-0.08145],[-0.259167,0.106328,0.959962]],"s":1.28303,"t":[15.6149,29.6375,-16.6716],"timestamp":97823414904},true],[3,{"currentFrameRate":99.8495,"devices":[],"gestures":[],"hands":[{"armBasis":[[0.964708,0.118067,-0.235367],[0.0198309,0.858729,0.512046],[0.262573,-0.498642,0.826082]],"armWidth":63.72,"confidence":0.395497,"direction":[0.166885,0.650616,-0.740843],"elbow":[70.4924,123.845,257.032],"grabStrength":0,"id":506,"palmNormal":[0.0108359,-0.752544,-0.658452],"palmPosition":[1.14095,291.137,-9.87137],"palmVelocity":[-6.93773,-8.99256,32.0274],"palmWidth":90.99,"pinchStrength":0.0826937,"r":[[0.960671,-0.0797935,0.265979],[0.105187,0.991015,-0.0826139],[-0.256997,0.107342,0.960432]],"s":1.28351,"sphereCenter":[-23.5584,276.444,-53.72],"sphereRadius":52.2875,"stabilizedPalmPosition":[1.37578,291.528,-11.2399],"t":[15.5355,29.5795,-16.3866],"timeVisible":8.95134,"type":"right","wrist":[-0.402249,258.478,33.9897]}],"id":1799621,"interactionBox":{"center":[0,200,0],"size":[235.247,235.247,147.751]},"pointables":[{"bases":[[[0.419603,0.759065,0.497748],[-0.863435,0.16461,0.476847],[0.280023,-0.62986,0.724475]],[[0.416853,0.765169,0.490663],[-0.840347,0.118652,0.528903],[0.346482,-0.632802,0.692468]],[[0.416853,0.765169,0.490663],[-0.862174,0.503812,-0.0531946],[-0.287904,-0.400862,0.869724]],[[0.416853,0.765169,0.490663],[-0.59534,0.637735,-0.488737],[-0.686879,-0.0883795,0.721378]]],"btipPosition":[-20.3667,298.352,-55.4706],"carpPosition":[-28.9629,251.028,25.6323],"dipPosition":[-36.4422,296.284,-38.5878],"direction":[0.287904,0.400862,-0.869724],"extended":false,"handId":506,"id":5060,"length":52.1164,"mcpPosition":[-28.9629,251.028,25.6323],"pipPosition":[-46.2584,282.616,-8.93403],"stabilizedTipPosition":[-23.7868,298.321,-52.6027],"timeVisible":8.95134,"tipPosition":[-23.6959,297.28,-51.8737],"tipVelocity":[-14.4623,-12.164,41.7615],"tool":false,"touchDistance":-0.203911,"touchZone":"touching","type":0,"width":20.25},{"bases":[[[0.999941,0.00882777,0.00636641],[-0.0108676,0.841898,0.539527],[-0.000597044,-0.539564,0.841944]],[[0.98765,0.0933737,-0.12581],[-0.0240904,0.88396,0.466941],[0.154811,-0.458144,0.875293]],[[0.98765,0.0933737,-0.12581],[-0.0481087,0.944951,0.323656],[0.149105,-0.313606,0.937773]],[[0.98765,0.0933737,-0.12581],[-0.0660099,0.976249,0.206353],[0.14209,-0.1955,0.970356]]],"btipPosition":[-32.076,342.182,-107.142],"carpPosition":[-19.4373,271.883,31.6497],"dipPosition":[-29.6483,338.842,-90.5629],"direction":[-0.149105,0.313606,-0.937773],"extended":true,"handId":506,"id":5061,"length":58.8075,"mcpPosition":[-19.3933,311.579,-30.2918],"pipPosition":[-26.0444,331.262,-67.8965],"stabilizedTipPosition":[-30.9027,341.742,-103.989],"timeVisible":8.95134,"tipPosition":[-31.2414,340.821,-103.546],"tipVelocity":[-31.6413,-8.53408,37.3875],"tool":false,"touchDistance":-0.185753,"touchZone":"touching","type":1,"width":19.3428},{"bases":[[[0.97777,-0.207804,0.0279875],[0.15833,0.81922,0.55119],[-0.137467,-0.534506,0.83391]],[[0.979365,-0.201306,0.0178723],[0.139808,0.610995,-0.779191],[0.145936,0.765611,0.626532]],[[0.979365,-0.201306,0.0178723],[-0.0753238,-0.44565,-0.892033],[0.187537,0.87228,-0.451617]],[[0.979365,-0.201306,0.0178723],[-0.152954,-0.796109,-0.585504],[0.132094,0.570689,-0.810472]]],"btipPosition":[-12.5338,238.601,-28.1569],"carpPosition":[-7.27529,273.742,32.1497],"dipPosition":[-10.0515,249.326,-43.3873],"direction":[-0.187537,-0.87228,0.451617],"extended":false,"handId":506,"id":5062,"length":67.0064,"mcpPosition":[2.31553,311.033,-26.0306],"pipPosition":[-4.71865,274.13,-56.2297],"stabilizedTipPosition":[-10.7244,241.948,-34.8371],"timeVisible":8.95134,"tipPosition":[-12.0012,240.962,-32],"tipVelocity":[-12.5215,-12.0376,44.329],"tool":false,"touchDistance":0.333333,"touchZone":"none","type":2,"width":18.9972},{"bases":[[[0.932147,-0.345357,0.108768],[0.22332,0.784823,0.578083],[-0.285009,-0.514569,0.808696]],[[0.932886,-0.344015,0.106661],[0.304984,0.596977,-0.742026],[0.191594,0.724756,0.661831]],[[0.932886,-0.344015,0.106661],[-0.0473773,-0.410776,-0.910505],[0.357042,0.844344,-0.399506]],[[0.932886,-0.344015,0.106661],[-0.206651,-0.753788,-0.623778],[0.29499,0.559873,-0.774289]]],"btipPosition":[-1.17667,238.377,-22.3892],"carpPosition":[4.93308,272.377,32.3039],"dipPosition":[4.33491,248.838,-36.856],"direction":[-0.357042,-0.844344,0.399506],"extended":false,"handId":506,"id":5063,"length":64.4285,"mcpPosition":[22.786,304.61,-18.3528],"pipPosition":[14.2257,272.228,-47.9231],"stabilizedTipPosition":[1.35822,241.775,-29.2006],"timeVisible":8.95134,"tipPosition":[0.137413,240.723,-25.8921],"tipVelocity":[-12.478,-11.6919,45.3975],"tool":false,"touchDistance":0.333333,"touchZone":"none","type":3,"width":18.077},{"bases":[[[0.843097,-0.527488,0.104613],[0.339521,0.672989,0.657123],[-0.417028,-0.5185,0.746488]],[[0.846653,-0.523009,0.0981891],[0.439344,0.58289,-0.683532],[0.30026,0.621853,0.723286]],[[0.846653,-0.523009,0.0981891],[-0.0881742,-0.319843,-0.943359],[0.52479,0.79004,-0.316912]],[[0.846653,-0.523009,0.0981891],[-0.31751,-0.644562,-0.695505],[0.427044,0.557675,-0.711781]]],"btipPosition":[12.2793,247.032,-19.7009],"carpPosition":[16.3399,264.02,30.6919],"dipPosition":[19.6402,256.645,-31.9698],"direction":[-0.52479,-0.79004,0.316912],"extended":false,"handId":506,"id":5064,"length":50.5107,"mcpPosition":[40.5214,294.085,-12.5933],"pipPosition":[29.9044,272.097,-38.1682],"stabilizedTipPosition":[14.9008,250.193,-24.9328],"timeVisible":8.95134,"tipPosition":[13.977,249.2,-22.671],"tipVelocity":[-10.8231,-11.4221,36.8768],"tool":false,"touchDistance":0.333333,"touchZone":"none","type":4,"width":16.0574}],"r":[[0.960671,-0.0797935,0.265979],[0.105187,0.991015,-0.0826139],[-0.256997,0.107342,0.960432]],"s":1.28351,"t":[15.5355,29.5795,-16.3866],"timestamp":97823424746},true],[4,{"currentFrameRate":99.9411,"devices":[],"gestures":[],"hands":[{"armBasis":[[0.964632,0.119082,-0.235169],[0.019239,0.857958,0.513359],[0.262897,-0.499727,0.825323]],"armWidth":63.72,"confidence":0.405836,"direction":[0.165175,0.649435,-0.742261],"elbow":[70.6339,123.635,257.046],"grabStrength":0,"id":506,"palmNormal":[0.010551,-0.753719,-0.657112],"palmPosition":[1.09909,291.143,-9.71334],"palmVelocity":[-6.1459,-6.14697,27.3125],"palmWidth":90.99,"pinchStrength":0.0926359,"r":[[0.961206,-0.0796537,0.26408],[0.105175,0.990905,-0.0839335],[-0.254992,0.108452,0.960842]],"s":1.28326,"sphereCenter":[-23.6881,276.381,-53.4649],"sphereRadius":52.2732,"stabilizedPalmPosition":[1.3627,291.51,-11.1678],"t":[15.4748,29.5536,-16.1651],"timeVisible":8.96117,"type":"right","wrist":[-0.348314,258.562,34.2087]}],"id":1799622,"interactionBox":{"center":[0,200,0],"size":[235.247,235.247,147.751]},"pointables":[{"bases":[[[0.419641,0.760348,0.495754],[-0.862875,0.16467,0.47784],[0.281689,-0.628295,0.725188]],[[0.416283,0.767721,0.487148],[-0.840369,0.120328,0.52849],[0.347116,-0.629385,0.695259]],[[0.416283,0.767721,0.487148],[-0.861737,0.504034,-0.0579526],[-0.290031,-0.395669,0.871394]],[[0.416283,0.767721,0.487148],[-0.58814,0.635956,-0.499651],[-0.693398,-0.0785151,0.716265]]],"btipPosition":[-20.1249,297.816,-55.2721],"carpPosition":[-28.9145,251.07,25.9074],"dipPosition":[-36.3529,295.978,-38.5089],"direction":[0.290031,0.395669,-0.871394],"extended":false,"handId":506,"id":5060,"length":52.1164,"mcpPosition":[-28.9145,251.07,25.9074],"pipPosition":[-46.2416,282.488,-8.79824],"stabilizedTipPosition":[-23.7952,298.21,-52.4611],"timeVisible":8.96117,"tipPosition":[-23.6429,296.999,-51.6607],"tipVelocity":[-3.96489,-23.0997,34.5587],"tool":false,"touchDistance":-0.201061,"touchZone":"touching","type":0,"width":20.25},{"bases":[[[0.999941,0.00976435,0.00485583],[-0.0108432,0.842858,0.538027],[0.0011607,-0.538047,0.842914]],[[0.987314,0.0942623,-0.127771],[-0.0241146,0.884394,0.466118],[0.156937,-0.457124,0.875448]],[[0.987314,0.0942623,-0.127771],[-0.0485053,0.945299,0.322578],[0.151189,-0.312288,0.93788]],[[0.987314,0.0942623,-0.127771],[-0.0666932,0.976479,0.205039],[0.144093,-0.193917,0.970378]]],"btipPosition":[-32.3432,342.029,-107],"carpPosition":[-19.3992,271.945,31.873],"dipPosition":[-29.8813,338.716,-90.4201],"direction":[-0.151189,0.312288,-0.93788],"extended":true,"handId":506,"id":5061,"length":58.8075,"mcpPosition":[-19.4846,311.529,-30.1399],"pipPosition":[-26.227,331.168,-67.7512],"stabilizedTipPosition":[-31.0763,341.648,-103.829],"timeVisible":8.96117,"tipPosition":[-31.4983,340.678,-103.405],"tipVelocity":[-30.0891,-10.4068,30.6202],"tool":false,"touchDistance":-0.183378,"touchZone":"touching","type":1,"width":19.3428},{"bases":[[[0.978003,-0.206848,0.0268999],[0.158393,0.820357,0.549477],[-0.135726,-0.53313,0.835076]],[[0.979601,-0.200267,0.0166133],[0.137847,0.609514,-0.780699],[0.146222,0.767063,0.624687]],[[0.979601,-0.200267,0.0166133],[-0.076402,-0.447628,-0.89095],[0.185864,0.871506,-0.453798]],[[0.979601,-0.200267,0.0166133],[-0.153135,-0.797471,-0.583601],[0.130125,0.569152,-0.811871]]],"btipPosition":[-12.5475,238.56,-27.8592],"carpPosition":[-7.23825,273.816,32.3515],"dipPosition":[-10.1022,249.256,-43.1158],"direction":[-0.185864,-0.871506,0.453798],"extended":false,"handId":506,"id":5062,"length":67.0064,"mcpPosition":[2.23108,311.011,-25.9101],"pipPosition":[-4.81688,274.038,-56.0202],"stabilizedTipPosition":[-10.7433,241.934,-34.7851],"timeVisible":8.96117,"tipPosition":[-12.025,240.917,-31.7098],"tipVelocity":[-9.48648,-9.91022,39.9984],"tool":false,"touchDistance":0.333333,"touchZone":"none","type":2,"width":18.9972},{"bases":[[[0.932628,-0.344298,0.107996],[0.223455,0.78607,0.576335],[-0.283323,-0.513375,0.810046]],[[0.933362,-0.342961,0.105889],[0.303113,0.595121,-0.74428],[0.192243,0.72678,0.65942]],[[0.933362,-0.342961,0.105889],[-0.0488683,-0.41368,-0.90911],[0.355594,0.843354,-0.402873]],[[0.933362,-0.342961,0.105889],[-0.207253,-0.755807,-0.62113],[0.293055,0.557793,-0.776522]]],"btipPosition":[-1.19646,238.364,-22.045],"carpPosition":[4.97159,272.463,32.4899],"dipPosition":[4.27898,248.786,-36.5535],"direction":[-0.355594,-0.843354,0.402873],"extended":false,"handId":506,"id":5063,"length":64.4285,"mcpPosition":[22.719,304.621,-18.2513],"pipPosition":[14.1296,272.149,-47.7139],"stabilizedTipPosition":[1.3417,241.763,-29.1519],"timeVisible":8.96117,"tipPosition":[0.110884,240.703,-25.5824],"tipVelocity":[-9.63422,-8.9014,42.042],"tool":false,"touchDistance":0.333333,"touchZone":"none","type":3,"width":18.077},{"bases":[[[0.843741,-0.526518,0.104302],[0.339877,0.674485,0.655403],[-0.415432,-0.517541,0.748043]],[[0.847297,-0.52203,0.0978389],[0.437728,0.582031,-0.685299],[0.300801,0.623479,0.72166]],[[0.847297,-0.52203,0.0978389],[-0.089346,-0.321682,-0.942623],[0.52355,0.78994,-0.319202]],[[0.847297,-0.52203,0.0978389],[-0.317979,-0.646143,-0.693822],[0.425414,0.556763,-0.713469]]],"btipPosition":[12.2638,247.03,-19.4757],"carpPosition":[16.3837,264.113,30.8759],"dipPosition":[19.5966,256.627,-31.7736],"direction":[-0.52355,-0.78994,0.319202],"extended":false,"handId":506,"id":5064,"length":50.5107,"mcpPosition":[40.4726,294.123,-12.4995],"pipPosition":[29.8366,272.077,-38.0168],"stabilizedTipPosition":[14.8817,250.174,-24.8799],"timeVisible":8.96117,"tipPosition":[13.9548,249.195,-22.4526],"tipVelocity":[-8.28408,-8.2166,32.5497],"tool":false,"touchDistance":0.333333,"touchZone":"none","type":4,"width":16.0574}],"r":[[0.961206,-0.0796537,0.26408],[0.105175,0.990905,-0.0839335],[-0.254992,0.108452,0.960842]],"s":1.28326,"t":[15.4748,29.5536,-16.1651],"timestamp":97823434573},true],[5,{"currentFrameRate":100.006,"devices":[],"gestures":[],"hands":[{"armBasis":[[0.96476,0.11796,-0.23521],[0.0205208,0.857435,0.514183],[0.262331,-0.500889,0.824798]],"armWidth":63.72,"confidence":0.417179,"direction":[0.164044,0.648683,-0.743169],"elbow":[70.5127,123.383,257.12],"grabStrength":0,"id":506,"palmNormal":[0.00872656,-0.7543,-0.656472],"palmPosition":[1.06032,291.165,-9.52876],"palmVelocity":[-5.48751,-3.66927,24.7555],"palmWidth":90.99,"pinchStrength":0.102083,"r":[[0.96173,-0.0796171,0.262176],[0.105251,0.990789,-0.0852061],[-0.252977,0.109539,0.961251]],"s":1.28255,"sphereCenter":[-23.8856,276.426,-53.1798],"sphereRadius":52.2711,"stabilizedPalmPosition":[1.35281,291.499,-11.1142],"t":[15.4251,29.5516,-15.962],"timeVisible":8.97104,"type":"right","wrist":[-0.316591,258.623,34.4247]}],"id":1799623,"interactionBox":{"center":[0,200,0],"size":[235.247,235.247,147.751]},"pointables":[{"bases":[[[0.421136,0.76052,0.49422],[-0.861784,0.165625,0.479476],[0.282796,-0.627835,0.725155]],[[0.417251,0.768987,0.484314],[-0.839823,0.122626,0.528829],[0.347273,-0.627392,0.696979]],[[0.417251,0.768987,0.484314],[-0.860811,0.505293,-0.0606832],[-0.291385,-0.391583,0.872787]],[[0.417251,0.768987,0.484314],[-0.579499,0.635653,-0.510026],[-0.700059,-0.06785,0.710854]]],"btipPosition":[-19.9207,297.399,-54.9973],"carpPosition":[-28.9045,251.142,26.189],"dipPosition":[-36.3046,295.811,-38.3608],"direction":[0.291385,0.391583,-0.872787],"extended":false,"handId":506,"id":5060,"length":52.1164,"mcpPosition":[-28.9045,251.142,26.189],"pipPosition":[-46.2395,282.46,-8.60255],"stabilizedTipPosition":[-23.7839,298.085,-52.3241],"timeVisible":8.97104,"tipPosition":[-23.6042,296.81,-51.3884],"tipVelocity":[2.27291,-27.0496,31.6884],"tool":false,"touchDistance":-0.196966,"touchZone":"touching","type":0,"width":20.25},{"bases":[[[0.999954,0.00914658,0.0027829],[-0.00920933,0.843335,0.537309],[0.00256763,-0.53731,0.843381]],[[0.987032,0.0937823,-0.130279],[-0.0224607,0.884291,0.466395],[0.158944,-0.457421,0.87493]],[[0.987032,0.0937823,-0.130279],[-0.0472288,0.945328,0.322683],[0.153418,-0.312345,0.937498]],[[0.987032,0.0937823,-0.130279],[-0.0657377,0.976564,0.20494],[0.146445,-0.193718,0.970066]]],"btipPosition":[-32.5918,342.057,-106.754],"carpPosition":[-19.364,272.016,32.1166],"dipPosition":[-30.0897,338.747,-90.1794],"direction":[-0.153418,0.312345,-0.937498],"extended":true,"handId":506,"id":5061,"length":58.8075,"mcpPosition":[-19.5529,311.546,-29.9306],"pipPosition":[-26.3815,331.198,-67.5197],"stabilizedTipPosition":[-31.2442,341.585,-103.671],"timeVisible":8.97104,"tipPosition":[-31.7354,340.704,-103.165],"tipVelocity":[-28.3541,-6.47079,28.8927],"tool":false,"touchDistance":-0.179298,"touchZone":"touching","type":1,"width":19.3428},{"bases":[[[0.977928,-0.207433,0.025062],[0.160036,0.820739,0.54843],[-0.134332,-0.532315,0.835821]],[[0.979533,-0.200753,0.0145963],[0.136373,0.608569,-0.781694],[0.148044,0.767686,0.623491]],[[0.979533,-0.200753,0.0145963],[-0.0787425,-0.448925,-0.890093],[0.185241,0.870726,-0.455545]],[[0.979533,-0.200753,0.0145963],[-0.154939,-0.798309,-0.581976],[0.128486,0.567803,-0.813075]]],"btipPosition":[-12.6467,238.585,-27.5643],"carpPosition":[-7.20089,273.879,32.5683],"dipPosition":[-10.2322,249.255,-42.8437],"direction":[-0.185241,-0.870726,0.455545],"extended":false,"handId":506,"id":5062,"length":67.0064,"mcpPosition":[2.17118,311.018,-25.7452],"pipPosition":[-4.96462,274.015,-55.7977],"stabilizedTipPosition":[-10.7576,241.925,-34.7458],"timeVisible":8.97104,"tipPosition":[-12.1341,240.936,-31.424],"tipVelocity":[-9.86706,-6.41292,36.8344],"tool":false,"touchDistance":0.333333,"touchZone":"none","type":2,"width":18.9972},{"bases":[[[0.932636,-0.344783,0.106372],[0.225132,0.786434,0.575184],[-0.281968,-0.512489,0.811079]],[[0.933331,-0.343513,0.104363],[0.301768,0.593144,-0.746402],[0.194497,0.728134,0.657261]],[[0.933331,-0.343513,0.104363],[-0.0519503,-0.416855,-0.907487],[0.355238,0.841564,-0.406909]],[[0.933331,-0.343513,0.104363],[-0.209856,-0.75786,-0.617745],[0.291297,0.55466,-0.779422]]],"btipPosition":[-1.30256,238.413,-21.6544],"carpPosition":[5.00838,272.519,32.6828],"dipPosition":[4.14002,248.776,-36.2171],"direction":[-0.355238,-0.841564,0.406909],"extended":false,"handId":506,"id":5063,"length":64.4285,"mcpPosition":[22.6709,304.622,-18.1232],"pipPosition":[13.9808,272.089,-47.4893],"stabilizedTipPosition":[1.32933,241.754,-29.115],"timeVisible":8.97104,"tipPosition":[-0.00125403,240.732,-25.2492],"tipVelocity":[-10.1919,-5.20881,40.933],"tool":false,"touchDistance":0.333333,"touchZone":"none","type":3,"width":18.077},{"bases":[[[0.843628,-0.526952,0.103021],[0.341648,0.674847,0.654109],[-0.414207,-0.516627,0.749352]],[[0.847139,-0.522515,0.09661],[0.436717,0.581059,-0.686767],[0.30271,0.623979,0.720429]],[[0.847139,-0.522515,0.09661],[-0.0915596,-0.32263,-0.942087],[0.523423,0.789233,-0.321153]],[[0.847139,-0.522515,0.09661],[-0.3199,-0.646674,-0.692443],[0.424287,0.55569,-0.714975]]],"btipPosition":[12.1754,247.04,-19.2673],"carpPosition":[16.412,264.161,31.0525],"dipPosition":[19.4888,256.618,-31.5912],"direction":[-0.523423,-0.789233,0.321153],"extended":false,"handId":506,"id":5064,"length":50.5107,"mcpPosition":[40.4299,294.118,-12.3988],"pipPosition":[29.7263,272.055,-37.8726],"stabilizedTipPosition":[14.867,250.161,-24.8402],"timeVisible":8.97104,"tipPosition":[13.8624,249.2,-22.2513],"tipVelocity":[-8.61624,-5.62179,28.9735],"tool":false,"touchDistance":0.333333,"touchZone":"none","type":4,"width":16.0574}],"r":[[0.96173,-0.0796171,0.262176],[0.105251,0.990789,-0.0852061],[-0.252977,0.109539,0.961251]],"s":1.28255,"t":[15.4251,29.5516,-15.962],"timestamp":97823444445},true],[6,{"currentFrameRate":100.098,"devices":[],"gestures":[],"hands":[{"armBasis":[[0.964733,0.116519,-0.236039],[0.0224764,0.856958,0.514896],[0.262271,-0.502042,0.824116]],"armWidth":63.72,"confidence":0.422157,"direction":[0.163161,0.648647,-0.743394],"elbow":[70.5272,123.13,257.11],"grabStrength":0,"id":506,"palmNormal":[0.00646564,-0.754178,-0.656638],"palmPosition":[1.0323,291.23,-9.35174],"palmVelocity":[-4.71023,-0.61863,22.7736],"palmWidth":90.99,"pinchStrength":0.112415,"r":[[0.962241,-0.0798145,0.260233],[0.105494,0.990674,-0.0862307],[-0.250924,0.110428,0.961688]],"s":1.28145,"sphereCenter":[-24.0962,276.579,-52.9164],"sphereRadius":52.2736,"stabilizedPalmPosition":[1.34575,291.493,-11.0754],"t":[15.3862,29.5832,-15.772],"timeVisible":8.98085,"type":"right","wrist":[-0.285862,258.681,34.5982]}],"id":1799624,"interactionBox":{"center":[0,200,0],"size":[235.247,235.247,147.751]},"pointables":[{"bases":[[[0.423051,0.759952,0.493458],[-0.86056,0.16649,0.481371],[0.283663,-0.628295,0.724418]],[[0.418677,0.769443,0.482356],[-0.839156,0.12474,0.529393],[0.347169,-0.626416,0.697909]],[[0.418677,0.769443,0.482356],[-0.859659,0.507018,-0.0626127],[-0.29274,-0.388447,0.873735]],[[0.418677,0.769443,0.482356],[-0.568438,0.636272,-0.521571],[-0.708228,-0.0558195,0.703773]]],"btipPosition":[-19.6734,297.053,-54.6764],"carpPosition":[-28.8998,251.234,26.4228],"dipPosition":[-36.2485,295.747,-38.2056],"direction":[0.29274,0.388447,-0.873735],"extended":false,"handId":506,"id":5060,"length":52.1164,"mcpPosition":[-28.8998,251.234,26.4228],"pipPosition":[-46.2296,282.503,-8.41509],"stabilizedTipPosition":[-23.755,297.956,-52.1849],"timeVisible":8.98085,"tipPosition":[-23.5283,296.69,-51.0927],"tipVelocity":[7.71992,-27.5121,30.8414],"tool":false,"touchDistance":-0.192254,"touchZone":"touching","type":0,"width":20.25},{"bases":[[[0.999968,0.00803096,0.000622346],[-0.00710674,0.843238,0.537494],[0.0037918,-0.537481,0.843267]],[[0.986772,0.0929691,-0.132806],[-0.0203004,0.883633,0.467741],[0.160837,-0.458858,0.873831]],[[0.986772,0.0929691,-0.132806],[-0.0454249,0.944967,0.323997],[0.155619,-0.313679,0.93669]],[[0.986772,0.0929691,-0.132806],[-0.0642501,0.976412,0.206135],[0.148837,-0.194875,0.969469]]],"btipPosition":[-32.8165,342.263,-106.451],"carpPosition":[-19.3232,272.096,32.3339],"dipPosition":[-30.2735,338.933,-89.887],"direction":[-0.155619,0.313679,-0.93669],"extended":true,"handId":506,"id":5061,"length":58.8075,"mcpPosition":[-19.6022,311.638,-29.7049],"pipPosition":[-26.5121,331.352,-67.2468],"stabilizedTipPosition":[-31.397,341.571,-103.512],"timeVisible":8.98085,"tipPosition":[-31.949,340.902,-102.87],"tipVelocity":[-26.4617,1.50644,29.3976],"tool":false,"touchDistance":-0.174294,"touchZone":"touching","type":1,"width":19.3428},{"bases":[[[0.977748,-0.208528,0.0229063],[0.162137,0.820451,0.548244],[-0.133118,-0.532331,0.836004]],[[0.979361,-0.201747,0.0122813],[0.135139,0.60841,-0.782032],[0.150301,0.767551,0.623117]],[[0.979361,-0.201747,0.0122813],[-0.0813738,-0.449183,-0.889727],[0.185016,0.870364,-0.456329]],[[0.979361,-0.201747,0.0122813],[-0.157183,-0.798412,-0.581233],[0.127068,0.567306,-0.813644]]],"btipPosition":[-12.7634,238.678,-27.3348],"carpPosition":[-7.15713,273.946,32.7597],"dipPosition":[-10.3755,249.339,-42.6248],"direction":[-0.185016,-0.870364,0.456329],"extended":false,"handId":506,"id":5062,"length":67.0064,"mcpPosition":[2.13025,311.085,-25.5666],"pipPosition":[-5.11431,274.089,-55.6011],"stabilizedTipPosition":[-10.7686,241.919,-34.7165],"timeVisible":8.98085,"tipPosition":[-12.2596,241.027,-31.2001],"tipVelocity":[-10.6486,-1.7707,32.794],"tool":false,"touchDistance":0.333333,"touchZone":"none","type":2,"width":18.9972},{"bases":[[[0.932478,-0.345844,0.104287],[0.227252,0.786068,0.574851],[-0.280785,-0.512336,0.811585]],[[0.933122,-0.344664,0.102419],[0.300792,0.592212,-0.747535],[0.196995,0.728349,0.656278]],[[0.933122,-0.344664,0.102419],[-0.0550344,-0.418397,-0.906595],[0.355323,0.840328,-0.409384]],[[0.933122,-0.344664,0.102419],[-0.212688,-0.758766,-0.615661],[0.289908,0.552703,-0.781327]]],"btipPosition":[-1.42223,238.517,-21.3734],"carpPosition":[5.05083,272.572,32.8475],"dipPosition":[3.99441,248.844,-35.9717],"direction":[-0.355323,-0.840328,0.409384],"extended":false,"handId":506,"id":5063,"length":64.4285,"mcpPosition":[22.6392,304.665,-17.9902],"pipPosition":[13.8376,272.122,-47.3125],"stabilizedTipPosition":[1.31994,241.749,-29.0877],"timeVisible":8.98085,"tipPosition":[-0.126628,240.822,-25.0043],"tipVelocity":[-10.9636,-0.787959,37.0572],"tool":false,"touchDistance":0.333333,"touchZone":"none","type":3,"width":18.077},{"bases":[[[0.843261,-0.527912,0.101093],[0.343815,0.674335,0.653501],[-0.413162,-0.516315,0.750144]],[[0.846731,-0.523519,0.0947345],[0.435931,0.580637,-0.687623],[0.304977,0.623529,0.719862]],[[0.846731,-0.523519,0.0947345],[-0.0941079,-0.322639,-0.941832],[0.523632,0.788563,-0.322456]],[[0.846731,-0.523519,0.0947345],[-0.322311,-0.64644,-0.691543],[0.423276,0.555016,-0.716097]]],"btipPosition":[12.0775,247.102,-19.11],"carpPosition":[16.4416,264.201,31.1909],"dipPosition":[19.3735,256.669,-31.4532],"direction":[-0.523632,-0.788563,0.322456],"extended":false,"handId":506,"id":5064,"length":50.5107,"mcpPosition":[40.3988,294.14,-12.3063],"pipPosition":[29.6151,272.092,-37.76],"stabilizedTipPosition":[14.8556,250.152,-24.8105],"timeVisible":8.98085,"tipPosition":[13.76,249.258,-22.1006],"tipVelocity":[-9.13891,-2.15631,25.02],"tool":false,"touchDistance":0.333333,"touchZone":"none","type":4,"width":16.0574}],"r":[[0.962241,-0.0798145,0.260233],[0.105494,0.9906