{"sensorType":"Leap","data":[[0,{"currentFrameRate":101.625,"devices":[],"gestures":[],"hands":[{"armBasis":[[0.932359,0.153635,-0.327266],[0.0614578,0.824688,0.562239],[0.356272,-0.544322,0.759463]],"armWidth":63.72,"confidence":0.387514,"direction":[0.130278,0.603248,-0.786841],"elbow":[86.0457,86.9479,267.649],"grabStrength":0,"id":506,"palmNormal":[-0.0533429,-0.788191,-0.613115],"palmPosition":[-10.89,264.014,16.9189],"palmVelocity":[-68.0079,-122.74,108.981],"palmWidth":90.99,"pinchStrength":0.0653832,"r":[[0.973662,-0.104644,0.202561],[0.129775,0.98485,-0.11502],[-0.187456,0.138278,0.972491]],"s":1.29945,"sphereCenter":[-40.1723,249.181,-23.8033],"sphereRadius":53.1559,"stabilizedPalmPosition":[-2.08686,278.197,-4.16826],"t":[4.03795,3.66144,9.89801],"timeVisible":5.37086,"type":"right","wrist":[-10.1478,233.915,62.5944]}],"id":1799267,"interactionBox":{"center":[0,200,0],"size":[235.247,235.247,147.751]},"pointables":[{"bases":[[[0.471523,0.773661,0.423219],[-0.823767,0.215126,0.524528],[0.314761,-0.595961,0.738753]],[[0.476362,0.764296,0.43466],[-0.791519,0.15751,0.590498],[0.382852,-0.625333,0.679987]],[[0.476362,0.764296,0.43466],[-0.845483,0.533865,-0.0121347],[-0.241324,-0.361717,0.900513]],[[0.476362,0.764296,0.43466],[-0.629105,0.641638,-0.43878],[-0.614252,-0.0644288,0.786475]]],"btipPosition":[-35.9011,271.868,-26.3978],"carpPosition":[-39.3938,226.812,56.6553],"dipPosition":[-50.2768,270.36,-7.9915],"direction":[0.241324,0.361717,-0.900513],"extended":false,"handId":506,"id":5060,"length":52.1164,"mcpPosition":[-39.3938,226.812,56.6553],"pipPosition":[-58.5049,258.027,22.712],"stabilizedTipPosition":[-33.4048,280.066,-33.9571],"timeVisible":5.37086,"tipPosition":[-39.4014,271.085,-22.7617],"tipVelocity":[-79.5365,-140.406,139.068],"tool":false,"touchDistance":0.371909,"touchZone":"hovering","type":0,"width":20.25},{"bases":[[[0.997861,-0.0188317,-0.0626079],[0.0471453,0.870721,0.489512],[0.0452957,-0.491416,0.869746]],[[0.982402,0.0482491,-0.180439],[0.0437031,0.879862,0.473215],[0.181594,-0.472773,0.86227]],[[0.982402,0.0482491,-0.180439],[0.0100895,0.95094,0.309212],[0.186506,-0.305591,0.933718]],[[0.982402,0.0482491,-0.180439],[-0.0169463,0.985099,0.17115],[0.186008,-0.16508,0.968581]]],"btipPosition":[-47.7918,314.367,-79.3563],"carpPosition":[-28.9717,247.696,60.7929],"dipPosition":[-44.6138,311.547,-62.8075],"direction":[-0.186506,0.305591,-0.933718],"extended":true,"handId":506,"id":5061,"length":58.8075,"mcpPosition":[-32.3041,283.849,-3.19401],"pipPosition":[-40.1058,304.16,-40.2392],"stabilizedTipPosition":[-38.2658,326.273,-87.4827],"timeVisible":5.37086,"tipPosition":[-47.0732,313.581,-75.5888],"tipVelocity":[-101.155,-212.377,71.0886],"tool":false,"touchDistance":0.329554,"touchZone":"hovering","type":1,"width":19.3428},{"bases":[[[0.97205,-0.23321,-0.0270528],[0.21615,0.844002,0.490856],[-0.0916398,-0.482984,0.87082]],[[0.972415,-0.231245,-0.0305916],[0.109567,0.5686,-0.815284],[0.205925,0.789442,0.578252]],[[0.972415,-0.231245,-0.0305916],[-0.151687,-0.52726,-0.836055],[0.177204,0.817633,-0.547792]],[[0.972415,-0.231245,-0.0305916],[-0.218154,-0.855157,-0.470229],[0.0825773,0.463931,-0.882014]]],"btipPosition":[-26.8863,212.915,3.87584],"carpPosition":[-16.7634,249.238,60.3512],"dipPosition":[-25.3346,221.633,-12.699],"direction":[-0.177204,-0.817632,0.547792],"extended":false,"handId":506,"id":5062,"length":67.0064,"mcpPosition":[-10.3699,282.935,-0.404211],"pipPosition":[-20.2955,244.883,-28.2762],"stabilizedTipPosition":[-14.697,233.255,-31.8041],"timeVisible":5.37086,"tipPosition":[-26.5752,214.746,-0.0709222],"tipVelocity":[-65.8492,-141.76,161.255],"tool":false,"touchDistance":0.333333,"touchZone":"none","type":2,"width":18.9972},{"bases":[[[0.928891,-0.364699,0.0644651],[0.282015,0.809357,0.515179],[-0.240061,-0.460365,0.854655]],[[0.933808,-0.35478,0.0461905],[0.249923,0.554469,-0.79379],[0.25601,0.752792,0.606435]],[[0.933808,-0.35478,0.0461905],[-0.14756,-0.499527,-0.853639],[0.325928,0.790319,-0.518814]],[[0.933808,-0.35478,0.0461905],[-0.286561,-0.818977,-0.497151],[0.214208,0.451007,-0.866434]]],"btipPosition":[-14.0426,212.426,9.67777],"carpPosition":[-4.61049,247.543,59.748],"dipPosition":[-10.0403,220.853,-6.51069],"direction":[-0.325928,-0.790319,0.518814],"extended":false,"handId":506,"id":5063,"length":64.4285,"mcpPosition":[10.4269,276.38,6.21242],"pipPosition":[-1.0115,242.746,-20.8829],"stabilizedTipPosition":[-1.23318,232.638,-27.3515],"timeVisible":5.37086,"tipPosition":[-13.1412,214.18,5.72957],"tipVelocity":[-64.3152,-132.781,161.461],"tool":false,"touchDistance":0.333333,"touchZone":"none","type":3,"width":18.077},{"bases":[[[0.835412,-0.544213,0.0769343],[0.400734,0.698907,0.592403],[-0.376163,-0.464071,0.80196]],[[0.846419,-0.529912,0.0526169],[0.386421,0.543211,-0.745386],[0.366407,0.651241,0.664553]],[[0.846419,-0.529912,0.0526169],[-0.199614,-0.40733,-0.891199],[0.49369,0.743825,-0.45055]],[[0.846419,-0.529912,0.0526169],[-0.410978,-0.712872,-0.568252],[0.338633,0.459355,-0.82117]]],"btipPosition":[-0.185581,220.208,10.8108],"carpPosition":[6.4513,238.793,57.8441],"dipPosition":[5.65136,228.126,-3.34354],"direction":[-0.49369,-0.743825,0.45055],"extended":false,"handId":506,"id":5064,"length":50.5107,"mcpPosition":[28.2632,265.702,11.3423],"pipPosition":[15.3073,242.675,-12.1558],"stabilizedTipPosition":[12.2247,239.946,-22.3993],"timeVisible":5.37086,"tipPosition":[0.990737,221.926,7.31571],"tipVelocity":[-61.2672,-129.937,149.861],"tool":false,"touchDistance":0.333333,"touchZone":"none","type":4,"width":16.0574}],"r":[[0.973662,-0.104644,0.202561],[0.129775,0.98485,-0.11502],[-0.187456,0.138278,0.972491]],"s":1.29945,"t":[4.03795,3.66144,9.89801],"timestamp":97819844260},false],[1,{"currentFrameRate":101.642,"devices":[],"gestures":[],"hands":[{"armBasis":[[0.926844,0.166984,-0.336269],[0.0598018,0.818556,0.571305],[0.370654,-0.54962,0.748688]],"armWidth":63.72,"confidence":0.407078,"direction":[0.127837,0.584498,-0.801262],"elbow":[88.9956,83.1919,268.696],"grabStrength":0,"id":506,"palmNormal":[-0.0562035,-0.802323,-0.594239],"palmPosition":[-11.9686,260.609,20.1841],"palmVelocity":[-80.4022,-189.013,175.096],"palmWidth":90.99,"pinchStrength":0.0648833,"r":[[0.974433,-0.101601,0.200392],[0.128566,0.983604,-0.12647],[-0.184256,0.149,0.971519]],"s":1.30018,"sphereCenter":[-41.5349,244.928,-20.0599],"sphereRadius":53.2389,"stabilizedPalmPosition":[-2.58257,277.314,-2.94665],"t":[3.19218,1.32741,11.9259],"timeVisible":5.38066,"type":"right","wrist":[-11.0809,231.589,66.5507]}],"id":1799268,"interactionBox":{"center":[0,200,0],"size":[235.247,235.247,147.751]},"pointables":[{"bases":[[[0.473669,0.782984,0.403204],[-0.821663,0.228081,0.522349],[0.317028,-0.578719,0.751384]],[[0.479563,0.771933,0.417299],[-0.788432,0.170279,0.591084],[0.38522,-0.612474,0.690276]],[[0.479563,0.771933,0.417299],[-0.844038,0.535861,-0.0212797],[-0.240041,-0.342012,0.90852]],[[0.479563,0.771933,0.417299],[-0.625162,0.634264,-0.454842],[-0.615786,-0.0427543,0.786753]]],"btipPosition":[-36.9874,267.609,-22.9589],"carpPosition":[-40.3541,224.374,60.8874],"dipPosition":[-51.3991,266.608,-4.5461],"direction":[0.240041,0.342012,-0.90852],"extended":false,"handId":506,"id":5060,"length":52.1164,"mcpPosition":[-40.3541,224.374,60.8874],"pipPosition":[-59.5834,254.947,26.4304],"stabilizedTipPosition":[-34.1086,278.771,-32.4026],"timeVisible":5.38066,"tipPosition":[-40.5258,266.908,-19.3438],"tipVelocity":[-89.0101,-223.648,201.577],"tool":false,"touchDistance":0.419658,"touchZone":"hovering","type":0,"width":20.25},{"bases":[[[0.997608,-0.0211433,-0.0658075],[0.0496132,0.881933,0.468756],[0.0481268,-0.470899,0.880873]],[[0.981992,0.0425867,-0.184059],[0.0465904,0.88958,0.454397],[0.183086,-0.45479,0.871577]],[[0.981992,0.0425867,-0.184059],[0.012549,0.957406,0.288473],[0.188504,-0.285588,0.939631]],[[0.981992,0.0425867,-0.184059],[-0.0149108,0.988693,0.149208],[0.188332,-0.143777,0.971524]]],"btipPosition":[-49.0814,308.882,-77.0657],"carpPosition":[-29.9009,245.34,64.4951],"dipPosition":[-45.8636,306.426,-60.4666],"direction":[-0.188504,0.285588,-0.939631],"extended":true,"handId":506,"id":5061,"length":58.8075,"mcpPosition":[-33.4416,279.984,-0.310351],"pipPosition":[-41.3074,299.523,-37.7554],"stabilizedTipPosition":[-40.3726,322.518,-84.5061],"timeVisible":5.38066,"tipPosition":[-48.3886,308.128,-73.2973],"tipVelocity":[-109.842,-312.269,119.402],"tool":false,"touchDistance":0.364465,"touchZone":"hovering","type":1,"width":19.3428},{"bases":[[[0.971766,-0.234605,-0.025134],[0.218601,0.85511,0.470107],[-0.0887974,-0.462328,0.882251]],[[0.972134,-0.232642,-0.0288761],[0.106848,0.549348,-0.828734],[0.208662,0.802555,0.558897]],[[0.972134,-0.232642,-0.0288761],[-0.155314,-0.546895,-0.822668],[0.175595,0.804228,-0.567788]],[[0.972134,-0.232642,-0.0288761],[-0.220582,-0.866051,-0.448664],[0.0793701,0.442531,-0.893234]]],"btipPosition":[-28.0403,209.248,8.4121],"carpPosition":[-17.6931,246.861,63.9726],"dipPosition":[-26.5488,217.564,-8.37355],"direction":[-0.175595,-0.804228,0.567788],"extended":false,"handId":506,"id":5062,"length":67.0064,"mcpPosition":[-11.4979,279.117,2.41969],"pipPosition":[-21.5555,240.434,-24.5194],"stabilizedTipPosition":[-14.9902,232.757,-30.984],"timeVisible":5.38066,"tipPosition":[-27.7467,210.982,4.42068],"tipVelocity":[-81.5653,-213.062,248.741],"tool":false,"touchDistance":0.333333,"touchZone":"none","type":2,"width":18.9972},{"bases":[[[0.928844,-0.363874,0.0696038],[0.284529,0.820989,0.494995],[-0.23726,-0.439969,0.866104]],[[0.933634,-0.354529,0.051352],[0.247094,0.533549,-0.80887],[0.259369,0.767877,0.585741]],[[0.933634,-0.354529,0.051352],[-0.152634,-0.52338,-0.838317],[0.324085,0.774843,-0.542758]],[[0.933634,-0.354529,0.051352],[-0.290207,-0.832582,-0.471791],[0.210018,0.425578,-0.880214]]],"btipPosition":[-15.1722,208.978,14.4228],"carpPosition":[-5.54382,245.143,63.3648],"dipPosition":[-11.2482,216.929,-2.02311],"direction":[-0.324085,-0.774844,0.542758],"extended":false,"handId":506,"id":5063,"length":64.4285,"mcpPosition":[9.31812,272.702,9.11209],"pipPosition":[-2.27038,238.394,-17.0586],"stabilizedTipPosition":[-1.46026,232.258,-26.6897],"timeVisible":5.38066,"tipPosition":[-14.291,210.6,10.3435],"tipVelocity":[-79.8741,-200.675,254.847],"tool":false,"touchDistance":0.333333,"touchZone":"none","type":3,"width":18.077},{"bases":[[[0.835275,-0.542965,0.0866274],[0.403448,0.712282,0.574356],[-0.373558,-0.444795,0.814009]],[[0.846635,-0.528675,0.0609254],[0.382974,0.525776,-0.759533],[0.369513,0.66638,0.64761]],[[0.846635,-0.528675,0.0609254],[-0.204719,-0.42922,-0.879693],[0.491222,0.732307,-0.471623]],[[0.846635,-0.528675,0.0609254],[-0.414539,-0.726945,-0.547457],[0.333716,0.43824,-0.834613]]],"btipPosition":[-1.26054,216.692,15.1373],"carpPosition":[5.50419,236.34,61.6263],"dipPosition":[4.49166,224.246,0.751261],"direction":[-0.491222,-0.732307,0.471623],"extended":false,"handId":506,"id":5064,"length":50.5107,"mcpPosition":[27.165,262.132,14.4258],"pipPosition":[14.0994,238.569,-8.47311],"stabilizedTipPosition":[11.9678,239.492,-21.6763],"timeVisible":5.38066,"tipPosition":[-0.116481,218.317,11.577],"tipVelocity":[-76.1274,-199.936,234.252],"tool":false,"touchDistance":0.333333,"touchZone":"none","type":4,"width":16.0574}],"r":[[0.974433,-0.101601,0.200392],[0.128566,0.983604,-0.12647],[-0.184256,0.149,0.971519]],"s":1.30018,"t":[3.19218,1.32741,11.9259],"timestamp":97819854065},false],[2,{"currentFrameRate":101.577,"devices":[],"gestures":[],"hands":[{"armBasis":[[0.924478,0.177316,-0.337489],[0.0535823,0.816031,0.575519],[0.37745,-0.550138,0.744902]],"armWidth":63.72,"confidence":0.419679,"direction":[0.127004,0.580265,-0.804464],"elbow":[90.196,80.9454,269.96],"grabStrength":0,"id":506,"palmNormal":[-0.0513885,-0.806094,-0.589553],"palmPosition":[-12.6302,258.221,22.2955],"palmVelocity":[-76.2031,-204.133,186.079],"palmWidth":90.99,"pinchStrength":0.0644685,"r":[[0.975045,-0.0980866,0.199166],[0.126763,0.982463,-0.136736],[-0.182261,0.158571,0.970379]],"s":1.30092,"sphereCenter":[-42.1307,242.268,-17.8982],"sphereRadius":53.3055,"stabilizedPalmPosition":[-3.17231,276.194,-1.46508],"t":[2.43848,-1.0336,13.9956],"timeVisible":5.39063,"type":"right","wrist":[-11.7156,229.483,68.8365]}],"id":1799269,"interactionBox":{"center":[0,200,0],"size":[235.247,235.247,147.751]},"pointables":[{"bases":[[[0.469349,0.787455,0.399532],[-0.823788,0.227569,0.519216],[0.317938,-0.572823,0.755506]],[[0.475927,0.775242,0.415323],[-0.789901,0.16914,0.589448],[0.386717,-0.608598,0.692863]],[[0.475927,0.775242,0.415323],[-0.845741,0.532974,-0.0256964],[-0.241277,-0.339026,0.909311]],[[0.475927,0.775242,0.415323],[-0.62366,0.630455,-0.462142],[-0.620114,-0.0390745,0.783538]]],"btipPosition":[-37.509,264.958,-20.7734],"carpPosition":[-40.9444,222.104,63.1537],"dipPosition":[-52.0219,264.043,-2.43581],"direction":[0.241277,0.339026,-0.909311],"extended":false,"handId":506,"id":5060,"length":52.1164,"mcpPosition":[-40.9444,222.104,63.1537],"pipPosition":[-60.2484,252.484,28.5677],"stabilizedTipPosition":[-34.8837,277.158,-30.5798],"timeVisible":5.39063,"tipPosition":[-41.0746,264.263,-17.1873],"tipVelocity":[-78.7308,-235.693,206.34],"tool":false,"touchDistance":0.443549,"touchZone":"hovering","type":0,"width":20.25},{"bases":[[[0.997832,-0.0171383,-0.063543],[0.0447205,0.884925,0.463582],[0.0482858,-0.465419,0.883772]],[[0.982482,0.0450763,-0.180823],[0.0424043,0.890778,0.452457],[0.181468,-0.452198,0.873262]],[[0.982482,0.0450763,-0.180823],[0.00861898,0.958276,0.285714],[0.186157,-0.282267,0.941101]],[[0.982482,0.0450763,-0.180823],[-0.018577,0.989162,0.145646],[0.185428,-0.139736,0.972672]]],"btipPosition":[-49.6076,306.016,-75.2431],"carpPosition":[-30.5913,243.138,66.6585],"dipPosition":[-46.4395,303.629,-58.6245],"direction":[-0.186157,0.282267,-0.941101],"extended":true,"handId":506,"id":5061,"length":58.8075,"mcpPosition":[-34.1437,277.379,1.63974],"pipPosition":[-41.94,296.806,-35.8777],"stabilizedTipPosition":[-42.5523,318.149,-81.1532],"timeVisible":5.39063,"tipPosition":[-48.9641,305.197,-71.4922],"tipVelocity":[-93.1115,-304.38,138.514],"tool":false,"touchDistance":0.388758,"touchZone":"hovering","type":1,"width":19.3428},{"bases":[[[0.97284,-0.230466,-0.0216502],[0.213821,0.858854,0.465456],[-0.0886774,-0.457444,0.884806]],[[0.973223,-0.228436,-0.0255719],[0.106083,0.545052,-0.831664],[0.20392,0.806682,0.554691]],[[0.973223,-0.228436,-0.0255719],[-0.1513,-0.552867,-0.819418],[0.173047,0.801346,-0.572625]],[[0.973223,-0.228436,-0.0255719],[-0.215865,-0.870056,-0.443175],[0.0789882,0.436828,-0.89607]]],"btipPosition":[-28.4366,206.746,10.808],"carpPosition":[-18.3892,244.71,66.1531],"dipPosition":[-26.9522,214.955,-6.03099],"direction":[-0.173047,-0.801346,0.572625],"extended":false,"handId":506,"id":5062,"length":67.0064,"mcpPosition":[-12.2024,276.625,4.42191],"pipPosition":[-22.0314,237.742,-22.3144],"stabilizedTipPosition":[-15.3494,232.096,-29.9448],"timeVisible":5.39063,"tipPosition":[-28.1472,208.45,6.8043],"tipVelocity":[-69.1026,-225.153,245.856],"tool":false,"touchDistance":0.333333,"touchZone":"none","type":2,"width":18.9972},{"bases":[[[0.930281,-0.359354,0.0737662],[0.279844,0.825174,0.490689],[-0.237201,-0.435835,0.868207]],[[0.93501,-0.350219,0.0557071],[0.246223,0.528092,-0.812707],[0.255207,0.773606,0.580003]],[[0.93501,-0.350219,0.0557071],[-0.14987,-0.532618,-0.83298],[0.321396,0.770496,-0.550491]],[[0.93501,-0.350219,0.0557071],[-0.286569,-0.838731,-0.463043],[0.20889,0.416986,-0.884584]]],"btipPosition":[-15.5817,206.642,17.0601],"carpPosition":[-6.23119,243.041,65.5816],"dipPosition":[-11.6788,214.433,0.532491],"direction":[-0.321396,-0.770496,0.550491],"extended":false,"handId":506,"id":5063,"length":64.4285,"mcpPosition":[8.62709,270.342,11.1971],"pipPosition":[-2.77547,235.777,-14.7172],"stabilizedTipPosition":[-1.73296,231.767,-25.8659],"timeVisible":5.39063,"tipPosition":[-14.7047,208.212,12.9033],"tipVelocity":[-68.4116,-211.84,257.185],"tool":false,"touchDistance":0.333333,"touchZone":"none","type":3,"width":18.077},{"bases":[[[0.837463,-0.538752,0.0916592],[0.399067,0.717467,0.570952],[-0.373364,-0.441573,0.815851]],[[0.849118,-0.524166,0.065184],[0.381608,0.523443,-0.761829],[0.365205,0.671757,0.64449]],[[0.849118,-0.524166,0.065184],[-0.201763,-0.435916,-0.87708],[0.48815,0.731593,-0.475901]],[[0.849118,-0.524166,0.065184],[-0.410644,-0.732706,-0.54269],[0.332221,0.434041,-0.8374]]],"btipPosition":[-1.67866,214.339,17.5656],"carpPosition":[4.85915,234.277,63.9194],"dipPosition":[4.04776,221.82,3.13152],"direction":[-0.48815,-0.731593,0.475901],"extended":false,"handId":506,"id":5064,"length":50.5107,"mcpPosition":[26.5087,259.882,16.6121],"pipPosition":[13.5954,236.129,-6.17653],"stabilizedTipPosition":[11.6573,238.902,-20.7716],"timeVisible":5.39063,"tipPosition":[-0.546895,215.943,13.9914],"tipVelocity":[-66.0764,-211.258,236.713],"tool":false,"touchDistance":0.333333,"touchZone":"none","type":4,"width":16.0574}],"r":[[0.975045,-0.0980866,0.199166],[0.126763,0.982463,-0.136736],[-0.182261,0.158571,0.970379]],"s":1.30092,"t":[2.43848,-1.0336,13.9956],"timestamp":97819864034},false],[3,{"currentFrameRate":101.689,"devices":[],"gestures":[],"hands":[{"armBasis":[[0.926051,0.182134,-0.330542],[0.0472899,0.812936,0.580429],[0.374425,-0.553138,0.744207]],"armWidth":63.72,"confidence":0.428592,"direction":[0.122088,0.575654,-0.808527],"elbow":[89.6964,78.8648,271.315],"grabStrength":0,"id":506,"palmNormal":[-0.0467469,-0.810382,-0.584034],"palmPosition":[-12.5648,256.628,23.6469],"palmVelocity":[-52.095,-192.918,172.833],"palmWidth":90.99,"pinchStrength":0.0584803,"r":[[0.975706,-0.0937113,0.198029],[0.123954,0.981445,-0.146294],[-0.180645,0.167287,0.969218]],"s":1.30206,"sphereCenter":[-42.1988,240.335,-16.3984],"sphereRadius":53.4397,"stabilizedPalmPosition":[-3.76115,274.967,0.109235],"t":[2.09434,-3.01026,15.7061],"timeVisible":5.40025,"type":"right","wrist":[-11.3983,228.212,70.3794]}],"id":1799270,"interactionBox":{"center":[0,200,0],"size":[235.247,235.247,147.751]},"pointables":[{"bases":[[[0.464579,0.793255,0.39359],[-0.824628,0.22556,0.51876],[0.322731,-0.56557,0.75893]],[[0.472832,0.778247,0.413234],[-0.788795,0.164823,0.592145],[0.392725,-0.605942,0.69181]],[[0.472832,0.778247,0.413234],[-0.848808,0.528178,-0.0234974],[-0.236548,-0.339646,0.910322]],[[0.472832,0.778247,0.413234],[-0.62482,0.626803,-0.46553],[-0.621313,-0.0380795,0.782636]]],"btipPosition":[-37.5821,263.319,-19.1028],"carpPosition":[-40.5844,220.6,64.7852],"dipPosition":[-52.123,262.428,-0.786248],"direction":[0.236548,0.339646,-0.910322],"extended":false,"handId":506,"id":5060,"length":52.1164,"mcpPosition":[-40.5844,220.6,64.7852],"pipPosition":[-60.1883,250.848,30.2517],"stabilizedTipPosition":[-35.5949,275.505,-28.7333],"timeVisible":5.40025,"tipPosition":[-41.1048,262.529,-15.5601],"tipVelocity":[-58.2636,-216.551,196.704],"tool":false,"touchDistance":0.457514,"touchZone":"hovering","type":0,"width":20.25},{"bases":[[[0.997842,-0.0108976,-0.0647477],[0.0393904,0.888314,0.457544],[0.0525302,-0.459107,0.886827]],[[0.982248,0.0496225,-0.180904],[0.0378496,0.892115,0.45022],[0.183728,-0.449075,0.8744]],[[0.982248,0.0496225,-0.180904],[0.00373568,0.959011,0.283343],[0.187549,-0.278989,0.941802]],[[0.982248,0.0496225,-0.180904],[-0.0236428,0.989436,0.143033],[0.186091,-0.136217,0.973044]]],"btipPosition":[-49.8384,303.866,-74.0642],"carpPosition":[-30.3678,241.726,68.1344],"dipPosition":[-46.659,301.539,-57.4392],"direction":[-0.187549,0.278989,-0.941802],"extended":true,"handId":506,"id":5061,"length":58.8075,"mcpPosition":[-34.2324,275.502,2.89088],"pipPosition":[-42.1258,294.796,-34.6754],"stabilizedTipPosition":[-44.4091,313.951,-78.0619],"timeVisible":5.40025,"tipPosition":[-49.2265,302.962,-70.3373],"tipVelocity":[-72.9576,-280.469,133.921],"tool":false,"touchDistance":0.400921,"touchZone":"hovering","type":1,"width":19.3428},{"bases":[[[0.974332,-0.2241,-0.0213839],[0.208664,0.863388,0.459369],[-0.0844819,-0.45204,0.887988]],[[0.97471,-0.222015,-0.025474],[0.101234,0.540295,-0.835364],[0.199227,0.811659,0.549107]],[[0.97471,-0.222015,-0.025474],[-0.148801,-0.559746,-0.815195],[0.166726,0.798369,-0.578626]],[[0.97471,-0.222015,-0.025474],[-0.210659,-0.874795,-0.436299],[0.0745804,0.430632,-0.899441]]],"btipPosition":[-28.0284,204.996,12.5382],"carpPosition":[-18.1771,243.376,67.6021],"dipPosition":[-26.6269,213.089,-4.3641],"direction":[-0.166726,-0.798369,0.578626],"extended":false,"handId":506,"id":5062,"length":67.0064,"mcpPosition":[-12.283,274.914,5.649],"pipPosition":[-21.8858,235.791,-20.8182],"stabilizedTipPosition":[-15.721,231.337,-28.784],"timeVisible":5.40025,"tipPosition":[-27.7602,206.668,8.52059],"tipVelocity":[-37.2846,-213.397,226.247],"tool":false,"touchDistance":0.333333,"touchZone":"none","type":2,"width":18.9972},{"bases":[[[0.932759,-0.352622,0.074956],[0.274943,0.830321,0.484741],[-0.233168,-0.431538,0.87144]],[[0.937358,-0.343671,0.0570147],[0.241436,0.522891,-0.817492],[0.251136,0.780048,0.573111]],[[0.937358,-0.343671,0.0570147],[-0.148399,-0.541985,-0.827182],[0.31518,0.766905,-0.559034]],[[0.937358,-0.343671,0.0570147],[-0.282337,-0.845316,-0.453572],[0.204075,0.409062,-0.889394]]],"btipPosition":[-15.168,205.076,18.9362],"carpPosition":[-6.00895,241.784,67.0258],"dipPosition":[-11.3551,212.719,2.3188],"direction":[-0.31518,-0.766905,0.559034],"extended":false,"handId":506,"id":5063,"length":64.4285,"mcpPosition":[8.59669,268.816,12.4388],"pipPosition":[-2.62396,233.964,-13.1676],"stabilizedTipPosition":[-2.00799,231.221,-24.9684],"timeVisible":5.40025,"tipPosition":[-14.3113,206.6,14.7193],"tipVelocity":[-36.6764,-198.621,238.508],"tool":false,"touchDistance":0.333333,"touchZone":"none","type":3,"width":18.077},{"bases":[[[0.841167,-0.532512,0.0941814],[0.394987,0.723958,0.565571],[-0.369356,-0.438539,0.819304]],[[0.85288,-0.517772,0.0671341],[0.37671,0.521231,-0.765772],[0.361503,0.678402,0.639598]],[[0.85288,-0.517772,0.0671341],[-0.200452,-0.443456,-0.873594],[0.482094,0.731614,-0.482003]],[[0.85288,-0.517772,0.0671341],[-0.406716,-0.739496,-0.536403],[0.32738,0.430183,-0.841288]]],"btipPosition":[-1.29978,212.801,19.2134],"carpPosition":[5.13765,233.084,65.4081],"dipPosition":[4.3432,220.216,4.7123],"direction":[-0.482094,-0.731614,0.482003],"extended":false,"handId":506,"id":5064,"length":50.5107,"mcpPosition":[26.5549,258.513,17.9006],"pipPosition":[13.7724,234.525,-4.7151],"stabilizedTipPosition":[11.343,238.244,-19.7836],"timeVisible":5.40025,"tipPosition":[-0.191076,214.386,15.6258],"tipVelocity":[-36.0248,-196.797,217.245],"tool":false,"touchDistance":0.333333,"touchZone":"none","type":4,"width":16.0574}],"r":[[0.975706,-0.0937113,0.198029],[0.123954,0.981445,-0.146294],[-0.180645,0.167287,0.969218]],"s":1.30206,"t":[2.09434,-3.01026,15.7061],"timestamp":97819873654},false],[4,{"currentFrameRate":101.664,"devices":[],"gestures":[],"hands":[{"armBasis":[[0.923709,0.193746,-0.330492],[0.0374451,0.812895,0.581206],[0.381262,-0.54924,0.743623]],"armWidth":63.72,"confidence":0.443173,"direction":[0.119674,0.575295,-0.809144],"elbow":[91.4534,78.162,273.057],"grabStrength":0,"id":506,"palmNormal":[-0.037223,-0.811828,-0.582708],"palmPosition":[-12.7483,254.777,25.4902],"palmVelocity":[-42.1327,-191.26,176.898],"palmWidth":90.99,"pinchStrength":0.0491014,"r":[[0.97625,-0.0883524,0.197812],[0.120002,0.980725,-0.154201],[-0.180375,0.174277,0.968035]],"s":1.30367,"sphereCenter":[-42.3092,238.269,-14.6443],"sphereRadius":53.6008,"stabilizedPalmPosition":[-4.38209,273.572,1.86287],"t":[1.83055,-4.92431,17.4831],"timeVisible":5.41013,"type":"right","wrist":[-11.4872,226.457,72.2787]}],"id":1799271,"interactionBox":{"center":[0,200,0],"size":[235.247,235.247,147.751]},"pointables":[{"bases":[[[0.45587,0.798199,0.393778],[-0.828506,0.218906,0.51542],[0.325208,-0.561212,0.761105]],[[0.466217,0.779502,0.418351],[-0.790457,0.154694,0.592662],[0.397265,-0.606998,0.688284]],[[0.466217,0.779502,0.418351],[-0.853032,0.521438,-0.020948],[-0.234473,-0.347101,0.908044]],[[0.466217,0.779502,0.418351],[-0.626457,0.624795,-0.466029],[-0.624655,-0.0448079,0.779615]]],"btipPosition":[-37.7988,261.75,-16.9685],"carpPosition":[-40.582,218.567,66.5951],"dipPosition":[-52.418,260.702,1.27728],"direction":[0.234473,0.347101,-0.908044],"extended":false,"handId":506,"id":5060,"length":52.1164,"mcpPosition":[-40.582,218.567,66.5951],"pipPosition":[-60.4125,248.867,32.2376],"stabilizedTipPosition":[-36.2685,273.811,-26.8016],"timeVisible":5.41013,"tipPosition":[-41.2575,260.797,-13.4817],"tipVelocity":[-48.0118,-200.468,201.933],"tool":false,"touchDistance":0.476866,"touchZone":"hovering","type":0,"width":20.25},{"bases":[[[0.998124,-0.00184313,-0.0611917],[0.0296014,0.889462,0.45605],[0.0535871,-0.457006,0.887848]],[[0.982754,0.0574201,-0.175779],[0.0288958,0.891207,0.452676],[0.182648,-0.449948,0.874178]],[[0.982754,0.0574201,-0.175779],[-0.00480696,0.95818,0.286125],[0.184857,-0.280346,0.941931]],[[0.982754,0.0574201,-0.175779],[-0.0316913,0.988803,0.145822],[0.182183,-0.137736,0.97357]]],"btipPosition":[-49.942,301.874,-72.3346],"carpPosition":[-30.5719,239.792,69.9416],"dipPosition":[-46.8293,299.52,-55.7006],"direction":[-0.184857,0.280346,-0.941931],"extended":true,"handId":506,"id":5061,"length":58.8075,"mcpPosition":[-34.5142,273.413,4.623],"pipPosition":[-42.3612,292.744,-32.9338],"stabilizedTipPosition":[-45.9071,310.027,-75.0911],"timeVisible":5.41013,"tipPosition":[-49.3778,300.866,-68.6314],"tipVelocity":[-54.8587,-257.223,146.188],"tool":false,"touchDistance":0.420137,"touchZone":"hovering","type":1,"width":19.3428},{"bases":[[[0.976419,-0.215174,-0.0175205],[0.199089,0.866096,0.458521],[-0.0834874,-0.451197,0.888511]],[[0.976805,-0.213023,-0.021751],[0.0991546,0.540008,-0.835799],[0.18979,0.814256,0.548605]],[[0.976805,-0.213023,-0.021751],[-0.140869,-0.562782,-0.814514],[0.161269,0.798685,-0.579736]],[[0.976805,-0.213023,-0.021751],[-0.201108,-0.877769,-0.434829],[0.0735363,0.429118,-0.90025]]],"btipPosition":[-27.6861,203.008,14.4201],"carpPosition":[-18.3951,241.553,69.4496],"dipPosition":[-26.3042,211.072,-2.49742],"direction":[-0.161269,-0.798685,0.579736],"extended":false,"handId":506,"id":5062,"length":67.0064,"mcpPosition":[-12.5703,273.032,7.45995],"pipPosition":[-21.7183,233.784,-18.983],"stabilizedTipPosition":[-16.1257,230.417,-27.4181],"timeVisible":5.41013,"tipPosition":[-27.423,204.669,10.403],"tipVelocity":[-16.053,-209.95,215.498],"tool":false,"touchDistance":0.333333,"touchZone":"none","type":2,"width":18.9972},{"bases":[[[0.935685,-0.343899,0.078907],[0.265578,0.833685,0.484188],[-0.232296,-0.432092,0.871399]],[[0.940254,-0.334962,0.0610126],[0.239424,0.523085,-0.817959],[0.242071,0.783698,0.572031]],[[0.940254,-0.334962,0.0610126],[-0.141006,-0.546209,-0.825696],[0.309902,0.767761,-0.560807]],[[0.940254,-0.334962,0.0610126],[-0.27337,-0.84954,-0.451167],[0.202956,0.407532,-0.890352]]],"btipPosition":[-14.8524,203.24,20.9475],"carpPosition":[-6.21079,240.072,68.9193],"dipPosition":[-11.0603,210.854,4.3122],"direction":[-0.309902,-0.767761,0.560807],"extended":false,"handId":506,"id":5063,"length":64.4285,"mcpPosition":[8.3402,267.138,14.3349],"pipPosition":[-2.47542,232.123,-11.2233],"stabilizedTipPosition":[-2.30159,230.577,-23.9362],"timeVisible":5.41013,"tipPosition":[-13.9985,204.753,16.7141],"tipVelocity":[-16.4376,-194.999,227.988],"tool":false,"touchDistance":0.333333,"touchZone":"none","type":3,"width":18.077},{"bases":[[[0.845681,-0.524588,0.0981378],[0.386305,0.728575,0.565638],[-0.368227,-0.440438,0.818794]],[[0.857528,-0.509558,0.0706883],[0.374307,0.523759,-0.765226],[0.352904,0.682662,0.639869]],[[0.857528,-0.509558,0.0706883],[-0.193667,-0.447065,-0.873284],[0.476592,0.735175,-0.482056]],[[0.857528,-0.509558,0.0706883],[-0.398259,-0.744548,-0.53576],[0.325632,0.431276,-0.841406]]],"btipPosition":[-1.04013,211.059,21.1855],"carpPosition":[5.02093,231.472,67.357],"dipPosition":[4.57272,218.493,6.6823],"direction":[-0.476592,-0.735175,0.482056],"extended":false,"handId":506,"id":5064,"length":50.5107,"mcpPosition":[26.3727,257.011,19.8791],"pipPosition":[13.8943,232.872,-2.74613],"stabilizedTipPosition":[11.0115,237.483,-18.6591],"timeVisible":5.41013,"tipPosition":[0.0593767,212.645,17.6002],"tipVelocity":[-17.7263,-190.551,211.971],"tool":false,"touchDistance":0.333333,"touchZone":"none","type":4,"width":16.0574}],"r":[[0.97625,-0.0883524,0.197812],[0.120002,0.980725,-0.154201],[-0.180375,0.174277,0.968035]],"s":1.30367,"t":[1.83055,-4.92431,17.4831],"timestamp":97819883537},false],[5,{"currentFrameRate":98.9855,"devices":[],"gestures":[],"hands":[{"armBasis":[[0.946735,0.172201,-0.272104],[0.00886334,0.830748,0.556579],[0.321893,-0.529344,0.784971]],"armWidth":63.72,"confidence":0.565659,"direction":[0.0874729,0.638811,-0.764375],"elbow":[89.4201,81.821,281.422],"grabStrength":0,"id":506,"palmNormal":[0.000413819,-0.76734,-0.641241],"palmPosition":[-0.359244,256.35,24.9197],"palmVelocity":[-9.24997,26.2297,-47.2453],"palmWidth":90.99,"pinchStrength":0.0260972,"r":[[0.980859,-0.0273989,0.192784],[0.0506312,0.991883,-0.116636],[-0.188023,0.124164,0.974285]],"s":1.31079,"sphereCenter":[-18.6256,238.141,-17.2739],"sphereRadius":50.4064,"stabilizedPalmPosition":[-0.622302,251.576,28.7439],"t":[14.0794,-5.50388,19.277],"timeVisible":5.95126,"type":"right","wrist":[2.50896,224.744,69.4798]}],"id":1799323,"interactionBox":{"center":[0,200,0],"size":[235.247,235.247,147.751]},"pointables":[{"bases":[[[0.417554,0.788538,0.451504],[-0.836032,0.138747,0.530849],[0.35595,-0.59913,0.717177]],[[0.411307,0.798828,0.438977],[-0.809309,0.0984913,0.579066],[0.419339,-0.593442,0.687009]],[[0.411307,0.798828,0.438977],[-0.900224,0.431516,0.0582285],[-0.142911,-0.419127,0.896609]],[[0.411307,0.798828,0.438977],[-0.806869,0.543122,-0.232337],[-0.424015,-0.258635,0.867939]]],"btipPosition":[-32.321,265.827,-21.9282],"carpPosition":[-26.1847,215.861,63.249],"dipPosition":[-42.2444,259.774,-1.61525],"direction":[0.142911,0.419127,-0.896609],"extended":false,"handId":506,"id":5060,"length":52.1164,"mcpPosition":[-26.1847,215.861,63.249],"pipPosition":[-47.1171,245.484,28.9552],"stabilizedTipPosition":[-32.5383,260.332,-13.4019],"timeVisible":5.95126,"tipPosition":[-33.6874,264.203,-16.6472],"tipVelocity":[-29.2328,30.8384,-57.9994],"tool":false,"touchDistance":0.178327,"touchZone":"hovering","type":0,"width":20.25},{"bases":[[[0.996712,0.0522744,-0.0619109],[-0.0124288,0.853655,0.52069],[0.0800693,-0.518208,0.851498]],[[0.989097,0.0869145,-0.118884],[-0.0230235,0.888605,0.458095],[0.145456,-0.450363,0.880917]],[[0.989097,0.0869145,-0.118884],[-0.0518756,0.961155,0.27109],[0.137828,-0.261967,0.955184]],[[0.989097,0.0869145,-0.118884],[-0.0730171,0.990486,0.116641],[0.127891,-0.106688,0.986033]]],"btipPosition":[-34.8786,302.878,-72.2731],"carpPosition":[-17.2224,237.25,68.1517],"dipPosition":[-32.6935,301.055,-55.4261],"direction":[-0.137828,0.261967,-0.955184],"extended":true,"handId":506,"id":5061,"length":58.8075,"mcpPosition":[-23.113,275.375,5.50736],"pipPosition":[-29.3622,294.724,-32.339],"stabilizedTipPosition":[-34.2077,299.68,-65.8477],"timeVisible":5.95126,"tipPosition":[-34.6663,303.367,-67.9278],"tipVelocity":[-10.1156,19.9347,-49.0745],"tool":false,"touchDistance":0.249805,"touchZone":"hovering","type":1,"width":19.3428},{"bases":[[[0.985783,-0.164517,-0.0341529],[0.158017,0.838619,0.521295],[-0.0571204,-0.51928,0.852693]],[[0.986223,-0.1602,-0.0412304],[0.06547,0.606902,-0.792076],[0.151913,0.778464,0.609029]],[[0.986223,-0.1602,-0.0412304],[-0.118829,-0.512691,-0.850311],[0.115081,0.843495,-0.524664]],[[0.986223,-0.1602,-0.0412304],[-0.159743,-0.857579,-0.488918],[0.0429663,0.488769,-0.871355]]],"btipPosition":[-12.5669,205.182,10.2303],"carpPosition":[-5.1499,239.646,67.7824],"dipPosition":[-11.7595,214.367,-6.14419],"direction":[-0.115081,-0.843495,0.524664],"extended":false,"handId":506,"id":5062,"length":67.0064,"mcpPosition":[-1.16472,275.875,8.29171],"pipPosition":[-8.48701,238.353,-21.0637],"stabilizedTipPosition":[-13.7985,199.939,14.0392],"timeVisible":5.95126,"tipPosition":[-12.3973,207.309,6.49316],"tipVelocity":[-19.5242,28.3017,-44.6237],"tool":false,"touchDistance":0.333333,"touchZone":"none","type":2,"width":18.9972},{"bases":[[[0.951897,-0.301887,0.0525005],[0.226142,0.807741,0.544439],[-0.206766,-0.506377,0.837156]],[[0.955037,-0.29387,0.0393017],[0.213897,0.591129,-0.777698],[0.20531,0.751137,0.627408]],[[0.955037,-0.29387,0.0393017],[-0.1181,-0.498651,-0.85872],[0.27195,0.815468,-0.510936]],[[0.955037,-0.29387,0.0393017],[-0.235547,-0.832549,-0.501378],[0.180061,0.469577,-0.864335]]],"btipPosition":[-0.0289125,205.611,16.9661],"carpPosition":[7.09023,238.816,67.1347],"dipPosition":[3.33534,214.384,0.816876],"direction":[-0.27195,-0.815468,0.510936],"extended":false,"handId":506,"id":5063,"length":64.4285,"mcpPosition":[20.0421,270.535,14.6952],"pipPosition":[10.8689,236.974,-13.3371],"stabilizedTipPosition":[-0.482388,200.915,19.5806],"timeVisible":5.95126,"tipPosition":[0.786923,207.581,13.156],"tipVelocity":[-19.3701,25.5135,-46.0624],"tool":false,"touchDistance":0.333333,"touchZone":"none","type":3,"width":18.077},{"bases":[[[0.87103,-0.487751,0.0583557],[0.352282,0.703022,0.617785],[-0.34235,-0.517552,0.784179]],[[0.886162,-0.46288,0.0214245],[0.33414,0.606295,-0.721635],[0.32104,0.646645,0.691942]],[[0.886162,-0.46288,0.0214245],[-0.185172,-0.396129,-0.89933],[0.424768,0.792985,-0.436746]],[[0.886162,-0.46288,0.0214245],[-0.368256,-0.731566,-0.573758],[0.281254,0.500553,-0.818744]]],"btipPosition":[14.0704,213.931,17.6484],"carpPosition":[18.7267,230.923,64.9309],"dipPosition":[18.9183,222.559,3.53587],"direction":[-0.424768,-0.792985,0.436746],"extended":false,"handId":506,"id":5064,"length":50.5107,"mcpPosition":[38.578,260.933,19.4601],"pipPosition":[27.2262,238.068,-5.00637],"stabilizedTipPosition":[14.2974,209.771,20.1248],"timeVisible":5.95126,"tipPosition":[15.0138,215.848,14.2981],"tipVelocity":[-17.5392,22.9681,-51.8328],"tool":false,"touchDistance":0.333333,"touchZone":"none","type":4,"width":16.0574}],"r":[[0.980859,-0.0273989,0.192784],[0.0506312,0.991883,-0.116636],[-0.188023,0.124164,0.974285]],"s":1.31079,"t":[14.0794,-5.50388,19.277],"timestamp":97820424659},false],[6,{"currentFrameRate":99.0167,"devices":[],"gestures":[],"hands":[{"armBasis":[[0.946278,0.165872,-0.277568],[0.0156512,0.833902,0.55169],[0.322975,-0.526397,0.786507]],"armWidth":63.72,"confidence":0.572147,"direction":[0.0901241,0.641968,-0.761416],"elbow":[89.453,82.7962,281.001],"grabStrength":0,"id":506,"palmNormal":[-0.00517058,-0.764215,-0.64494],"palmPosition":[-0.497512,256.761,24.2414],"palmVelocity":[-10.6116,30.6688,-53.3627],"palmWidth":90.99,"pinchStrength":0.0278843,"r":[[0.980967,-0.0297867,0.191874],[0.05261,0.991974,-0.114977],[-0.186909,0.122883,0.974661]],"s":1.31099,"sphereCenter":[-18.8318,238.809,-18.0437],"sphereRadius":50.3798,"stabilizedPalmPosition":[-0.620238,251.662,28.6695],"t":[13.9485,-5.1789,18.6441],"timeVisible":5.9613,"type":"right","wrist":[2.24975,224.923,68.6437]}],"id":1799324,"interactionBox":{"center":[0,200,0],"size":[235.247,235.247,147.751]},"pointables":[{"bases":[[[0.422965,0.78383,0.454654],[-0.834368,0.141177,0.532822],[0.353455,-0.604714,0.713716]],[[0.416582,0.794511,0.441828],[-0.807927,0.10074,0.580608],[0.416789,-0.598836,0.683873]],[[0.416582,0.794511,0.441828],[-0.897758,0.436058,0.0623244],[-0.143145,-0.422618,0.894932]],[[0.416582,0.794511,0.441828],[-0.806552,0.547243,-0.223606],[-0.419444,-0.263207,0.868786]]],"btipPosition":[-32.6142,266.704,-22.5682],"carpPosition":[-26.5062,216.242,62.4151],"dipPosition":[-42.4307,260.544,-2.23549],"direction":[0.143145,0.422618,-0.894932],"extended":false,"handId":506,"id":5060,"length":52.1164,"mcpPosition":[-26.5062,216.242,62.4151],"pipPosition":[-47.3113,246.135,28.2778],"stabilizedTipPosition":[-32.6337,260.535,-13.5853],"timeVisible":5.9613,"tipPosition":[-33.9623,265.046,-17.2964],"tipVelocity":[-28.4878,47.1078,-59.5969],"tool":false,"touchDistance":0.167736,"touchZone":"hovering","type":0,"width":20.25},{"bases":[[[0.996911,0.0466071,-0.063219],[-0.00651233,0.851184,0.524827],[0.0782717,-0.522794,0.848858]],[[0.989418,0.0815608,-0.120001],[-0.0172301,0.887249,0.46097],[0.144068,-0.454024,0.879265]],[[0.989418,0.0815608,-0.120001],[-0.0457774,0.960286,0.275236],[0.137684,-0.266831,0.953858]],[[0.989418,0.0815608,-0.120001],[-0.0668567,0.990296,0.121834],[0.128774,-0.112521,0.98527]]],"btipPosition":[-34.8843,303.894,-72.7075],"carpPosition":[-17.4083,237.554,67.407],"dipPosition":[-32.6841,301.971,-55.8736],"direction":[-0.137684,0.266831,-0.953858],"extended":true,"handId":506,"id":5061,"length":58.8075,"mcpPosition":[-23.1667,276.016,4.95688],"pipPosition":[-29.3562,295.522,-32.8184],"stabilizedTipPosition":[-34.2152,299.845,-65.9784],"timeVisible":5.9613,"tipPosition":[-34.6503,304.345,-68.3677],"tipVelocity":[-7.13648,43.6916,-47.4187],"tool":false,"touchDistance":0.242515,"touchZone":"hovering","type":1,"width":19.3428},{"bases":[[[0.984726,-0.170246,-0.0364916],[0.163841,0.835125,0.525092],[-0.05892,-0.523051,0.850263]],[[0.985182,-0.165889,-0.0435634],[0.067873,0.610338,-0.789228],[0.157513,0.774576,0.612554]],[[0.985182,-0.165889,-0.0435634],[-0.123213,-0.507838,-0.852596],[0.119313,0.845329,-0.520752]],[[0.985182,-0.165889,-0.0435634],[-0.16563,-0.854228,-0.49281],[0.0445389,0.492723,-0.869046]]],"btipPosition":[-13.0335,205.739,9.32332],"carpPosition":[-5.32227,239.879,67.0303],"dipPosition":[-12.1966,214.998,-7.00779],"direction":[-0.119313,-0.845329,0.520752],"extended":false,"handId":506,"id":5062,"length":67.0064,"mcpPosition":[-1.21154,276.371,7.70922],"pipPosition":[-8.80372,239.036,-21.8161],"stabilizedTipPosition":[-13.7889,200.018,13.9546],"timeVisible":5.9613,"tipPosition":[-12.8571,207.883,5.59643],"tipVelocity":[-27.4342,36.9974,-58.0876],"tool":false,"touchDistance":0.333333,"touchZone":"none","type":2,"width":18.9972},{"bases":[[[0.95015,-0.30783,0.0495501],[0.231815,0.803728,0.54798],[-0.208509,-0.509177,0.835022]],[[0.953311,-0.299786,0.0364151],[0.217154,0.596707,-0.772519],[0.209861,0.744359,0.633947]],[[0.953311,-0.299786,0.0364151],[-0.120459,-0.488063,-0.864456],[0.276925,0.819709,-0.501388]],[[0.953311,-0.299786,0.0364151],[-0.240054,-0.825428,-0.510923],[0.183226,0.478327,-0.858855]]],"btipPosition":[-0.498578,205.971,15.6655],"carpPosition":[6.91165,238.978,66.3595],"dipPosition":[2.92481,214.908,-0.381393],"direction":[-0.276925,-0.819709,0.501388],"extended":false,"handId":506,"id":5063,"length":64.4285,"mcpPosition":[19.9727,270.873,14.0537],"pipPosition":[10.5962,237.616,-14.2708],"stabilizedTipPosition":[-0.476167,200.973,19.5192],"timeVisible":5.9613,"tipPosition":[0.331186,208.011,12.0177],"tipVelocity":[-27.214,29.7624,-70.4891],"tool":false,"touchDistance":0.333333,"touchZone":"none","type":3,"width":18.077},{"bases":[[[0.868181,-0.493232,0.0546339],[0.357438,0.697902,0.620621],[-0.344239,-0.519283,0.782205]],[[0.883365,-0.468344,0.0179025],[0.336798,0.607759,-0.719163],[0.325936,0.641313,0.69461]],[[0.883365,-0.468344,0.0179025],[-0.188758,-0.390468,-0.901058],[0.428996,0.792583,-0.43333]],[[0.883365,-0.468344,0.0179025],[-0.373429,-0.726396,-0.576974],[0.283227,0.502993,-0.816566]]],"btipPosition":[13.6606,214.29,16.7326],"carpPosition":[18.4973,231.027,64.0994],"dipPosition":[18.5426,222.96,2.65761],"direction":[-0.428996,-0.792583,0.43333],"extended":false,"handId":506,"id":5064,"length":50.5107,"mcpPosition":[38.458,261.138,18.7431],"pipPosition":[26.9332,238.462,-5.8178],"stabilizedTipPosition":[14.302,209.832,20.0619],"timeVisible":5.9613,"tipPosition":[14.6159,216.22,13.396],"tipVelocity":[-24.3101,27.1067,-63.4314],"tool":false,"touchDistance":0.333333,"touchZone":"none","type":4,"width":16.0574}],"r":[[0.980967,-0.0297867,0.191874],[0.05261,0.991974,-0.11