{"sensorType":"Leap","data":[[0,{"currentFrameRate":110.597,"devices":[],"gestures":[],"hands":[{"armBasis":[[0.948458,-0.0712744,-0.308784],[0.201651,0.8874,0.414558],[0.244467,-0.455457,0.856034]],"armWidth":63.7122,"confidence":0.314552,"direction":[0.084168,0.897946,-0.431982],"elbow":[68.8968,108.88,271.593],"grabStrength":0.408887,"id":502,"palmNormal":[-0.191822,-0.410811,-0.891313],"palmPosition":[-0.837964,279.751,14.3675],"palmVelocity":[-4.32815,7.23865,-59.8613],"palmWidth":90.9788,"pinchStrength":0.447692,"r":[[0.881912,-0.353861,0.311469],[0.337192,0.935245,0.107788],[-0.329442,0.00996539,0.944123]],"s":1.33539,"sphereCenter":[5.1679,270.409,-37.2179],"sphereRadius":49.1569,"stabilizedPalmPosition":[3.84516,242.288,153.901],"t":[67.6809,60.1863,-129.875],"timeVisible":10.4393,"type":"right","wrist":[2.8988,231.839,40.4923]}],"id":1796411,"interactionBox":{"center":[0,200,0],"size":[235.247,235.247,147.751]},"pointables":[{"bases":[[[0.581464,0.479127,0.657523],[-0.734001,-0.0396526,0.677989],[0.350915,-0.87685,0.328623]],[[0.50127,0.641925,0.580225],[-0.805961,0.102351,0.583053],[0.314889,-0.759906,0.568672]],[[0.50127,0.641925,0.580225],[-0.864667,0.346146,0.364052],[0.0328509,-0.68419,0.728564]],[[0.50127,0.641925,0.580225],[-0.844315,0.509608,0.165626],[-0.189368,-0.572916,0.797438]]],"btipPosition":[-39.7379,303.49,-35.612],"carpPosition":[-27.3328,228.831,36.2696],"dipPosition":[-44.1693,290.084,-16.9514],"direction":[-0.0328509,0.68419,-0.728564],"extended":false,"handId":502,"id":5020,"length":52.11,"mcpPosition":[-27.3328,228.831,36.2696],"pipPosition":[-43.0493,266.759,7.88632],"stabilizedTipPosition":[-51.016,262.833,106.124],"timeVisible":10.4393,"tipPosition":[-40.0023,299.299,-32.3921],"tipVelocity":[-16.7352,18.2055,-36.7807],"tool":false,"touchDistance":-0.419846,"touchZone":"touching","type":0,"width":20.2475},{"bases":[[[0.978065,-0.00487522,-0.208245],[0.177653,0.541509,0.82171],[0.10876,-0.840681,0.530497]],[[0.983458,-0.067692,-0.168014],[0.120661,0.936617,0.328921],[0.1351,-0.343753,0.929291]],[[0.983458,-0.067692,-0.168014],[0.103316,0.9715,0.21334],[0.148784,-0.227169,0.962423]],[[0.983458,-0.067692,-0.168014],[0.0915021,0.986157,0.138283],[0.156328,-0.151369,0.976037]]],"btipPosition":[-34.8668,329.88,-70.9132],"carpPosition":[-14.7965,245.196,47.9635],"dipPosition":[-32.1962,327.294,-54.239],"direction":[-0.148784,0.227169,-0.962423],"extended":true,"handId":502,"id":5021,"length":58.8003,"mcpPosition":[-22.797,307.037,8.9399],"pipPosition":[-28.6004,321.804,-30.9798],"stabilizedTipPosition":[-46.2297,293.619,57.9346],"timeVisible":10.4393,"tipPosition":[-34.3777,327.986,-67.3315],"tipVelocity":[-0.65228,13.0402,-63.7658],"tool":false,"touchDistance":-0.456312,"touchZone":"touching","type":1,"width":19.3404},{"bases":[[[0.939054,-0.210652,-0.271668],[0.342794,0.5143,0.786122],[-0.025879,-0.831337,0.555166]],[[0.939023,-0.211626,-0.271017],[0.0922315,0.914307,-0.39438],[0.331254,0.345336,0.878074]],[[0.939023,-0.211626,-0.271017],[-0.316896,-0.226696,-0.92097],[0.133463,0.950696,-0.279936]],[[0.939023,-0.211626,-0.271017],[-0.334064,-0.748209,-0.573224],[-0.081468,0.628807,-0.773282]]],"btipPosition":[-19.0693,249.058,-12.0438],"carpPosition":[-2.646,246.554,46.5134],"dipPosition":[-20.6,260.873,-26.5736],"direction":[-0.133463,-0.950696,0.279936],"extended":false,"handId":502,"id":5022,"length":66.9982,"mcpPosition":[-0.840704,304.547,7.78535],"pipPosition":[-16.8053,287.904,-34.533],"stabilizedTipPosition":[-33.6526,231.133,141.923],"timeVisible":10.4393,"tipPosition":[-19.3426,251.748,-15.3702],"tipVelocity":[32.9427,-3.46357,-76.0404],"tool":false,"touchDistance":0.333333,"touchZone":"none","type":2,"width":18.9949},{"bases":[[[0.896479,-0.36886,-0.245492],[0.40801,0.471173,0.782],[-0.17278,-0.80121,0.572895]],[[0.894492,-0.377792,-0.239074],[0.237364,0.854451,-0.462138],[0.378869,0.356632,0.853974]],[[0.894492,-0.377792,-0.239074],[-0.340551,-0.229286,-0.91184],[0.28967,0.897051,-0.333752]],[[0.894492,-0.377792,-0.239074],[-0.445058,-0.701589,-0.556504],[0.0425113,0.60419,-0.795705]]],"btipPosition":[-5.75955,243.239,-6.47764],"carpPosition":[9.16215,245.124,43.445],"dipPosition":[-4.96536,254.526,-21.3428],"direction":[-0.28967,-0.897051,0.333752],"extended":false,"handId":502,"id":5023,"length":64.4205,"mcpPosition":[19.9837,295.306,7.56329],"pipPosition":[3.05808,279.373,-30.5872],"stabilizedTipPosition":[-24.7586,221.63,144.483],"timeVisible":10.4393,"tipPosition":[-5.48952,246.029,-10.0388],"tipVelocity":[36.1896,4.73724,-63.8944],"tool":false,"touchDistance":0.333333,"touchZone":"none","type":3,"width":18.0748},{"bases":[[[0.790636,-0.53186,-0.303348],[0.5256,0.335417,0.781819],[-0.31407,-0.777574,0.544738]],[[0.766407,-0.585594,-0.264006],[0.441678,0.778834,-0.445351],[0.466412,0.224714,0.855549]],[[0.766407,-0.585594,-0.264006],[-0.401922,-0.116564,-0.908224],[0.501077,0.80218,-0.324699]],[[0.766407,-0.585594,-0.264006],[-0.617555,-0.558611,-0.553696],[0.176765,0.587395,-0.78976]]],"btipPosition":[8.02374,249.404,-5.71078],"carpPosition":[19.1503,238.077,36.1587],"dipPosition":[11.0702,259.527,-19.322],"direction":[-0.501077,-0.80218,0.324699],"extended":false,"handId":502,"id":5024,"length":50.5045,"mcpPosition":[37.3594,283.16,4.57581],"pipPosition":[20.8695,275.215,-25.672],"stabilizedTipPosition":[-16.0262,229.708,161.344],"timeVisible":10.4393,"tipPosition":[8.56871,251.8,-8.55337],"tipVelocity":[31.3377,15.243,-56.1191],"tool":false,"touchDistance":0.333333,"touchZone":"none","type":4,"width":16.0555}],"r":[[0.881912,-0.353861,0.311469],[0.337192,0.935245,0.107788],[-0.329442,0.00996539,0.944123]],"s":1.33539,"t":[67.6809,60.1863,-129.875],"timestamp":97791358533},false],[1,{"currentFrameRate":110.552,"devices":[],"gestures":[],"hands":[{"armBasis":[[0.950915,-0.0625495,-0.303066],[0.192195,0.886947,0.419984],[0.242534,-0.457617,0.855432]],"armWidth":63.7122,"confidence":0.328939,"direction":[0.0826287,0.899208,-0.429648],"elbow":[68.397,108.98,270.703],"grabStrength":0.398601,"id":502,"palmNormal":[-0.180701,-0.410458,-0.893796],"palmPosition":[-0.867956,280.454,13.686],"palmVelocity":[-4.03872,26.643,-63.9777],"palmWidth":90.9788,"pinchStrength":0.442635,"r":[[0.882434,-0.347898,0.316664],[0.329338,0.937518,0.112238],[-0.335925,0.00524734,0.941874]],"s":1.33775,"sphereCenter":[5.58602,271.29,-37.8591],"sphereRadius":49.1966,"stabilizedPalmPosition":[3.84504,242.289,153.898],"t":[67.6505,60.6331,-130.449],"timeVisible":10.4484,"type":"right","wrist":[2.92102,232.521,39.7649]}],"id":1796412,"interactionBox":{"center":[0,200,0],"size":[235.247,235.247,147.751]},"pointables":[{"bases":[[[0.572121,0.48163,0.66386],[-0.740182,-0.0454475,0.670869],[0.353281,-0.875196,0.330492]],[[0.492208,0.643114,0.58663],[-0.811537,0.0952597,0.576483],[0.314862,-0.759822,0.568799]],[[0.492208,0.643114,0.58663],[-0.869953,0.340047,0.35714],[0.0302007,-0.686128,0.726853]],[[0.492208,0.643114,0.58663],[-0.848809,0.504025,0.159632],[-0.193014,-0.576509,0.793966]]],"btipPosition":[-39.4774,304.136,-36.5004],"carpPosition":[-27.2492,229.33,35.248],"dipPosition":[-43.9941,290.645,-17.921],"direction":[-0.0302007,0.686128,-0.726853],"extended":false,"handId":502,"id":5020,"length":52.11,"mcpPosition":[-27.2492,229.33,35.248],"pipPosition":[-42.9645,267.254,6.85845],"stabilizedTipPosition":[-51.0108,262.852,106.056],"timeVisible":10.4484,"tipPosition":[-39.7762,299.965,-33.2708],"tipVelocity":[-4.7519,32.2181,-54.1756],"tool":false,"touchDistance":-0.4198,"touchZone":"touching","type":0,"width":20.2475},{"bases":[[[0.980021,0.00163836,-0.198886],[0.166375,0.541185,0.82428],[0.108984,-0.840902,0.5301]],[[0.985392,-0.0604281,-0.15922],[0.111844,0.934674,0.337455],[0.128427,-0.350333,0.927779]],[[0.985392,-0.0604281,-0.15922],[0.0952642,0.970558,0.221226],[0.141164,-0.233162,0.962137]],[[0.985392,-0.0604281,-0.15922],[0.0839593,0.985792,0.14548],[0.148166,-0.156723,0.976465]]],"btipPosition":[-34.4053,330.973,-71.6941],"carpPosition":[-14.9288,245.754,47.0889],"dipPosition":[-31.8741,328.296,-55.0127],"direction":[-0.141164,0.233162,-0.962137],"extended":true,"handId":502,"id":5021,"length":58.8003,"mcpPosition":[-22.9457,307.612,8.0944],"pipPosition":[-28.4625,322.661,-31.7603],"stabilizedTipPosition":[-46.2243,293.635,57.8805],"timeVisible":10.4484,"tipPosition":[-33.9244,329.027,-68.1325],"tipVelocity":[12.6026,42.0568,-69.7738],"tool":false,"touchDistance":-0.450703,"touchZone":"touching","type":1,"width":19.3404},{"bases":[[[0.942917,-0.204269,-0.263025],[0.332016,0.515078,0.790228],[-0.0259406,-0.832448,0.553496]],[[0.942885,-0.205274,-0.262356],[0.0902675,0.915553,-0.391937],[0.320655,0.345869,0.881791]],[[0.942885,-0.205274,-0.262356],[-0.306633,-0.22707,-0.924346],[0.130171,0.951999,-0.277044]],[[0.942885,-0.205274,-0.262356],[-0.323857,-0.749289,-0.577652],[-0.0780036,0.629626,-0.772973]]],"btipPosition":[-18.6534,249.694,-12.9506],"carpPosition":[-2.77375,247.191,45.7573],"dipPosition":[-20.1191,261.525,-27.4745],"direction":[-0.130171,-0.951999,0.277044],"extended":false,"handId":502,"id":5022,"length":66.9982,"mcpPosition":[-0.96415,305.262,7.14577],"pipPosition":[-16.418,288.593,-35.3517],"stabilizedTipPosition":[-33.6508,231.136,141.903],"timeVisible":10.4484,"tipPosition":[-18.9117,252.388,-16.2748],"tipVelocity":[36.9058,16.9753,-82.4778],"tool":false,"touchDistance":0.333333,"touchZone":"none","type":2,"width":18.9949},{"bases":[[[0.901093,-0.362787,-0.237524],[0.397539,0.472368,0.786658],[-0.173191,-0.803277,0.56987]],[[0.899157,-0.371495,-0.231317],[0.235998,0.856745,-0.458578],[0.368539,0.357743,0.85802]],[[0.899157,-0.371495,-0.231317],[-0.330809,-0.230939,-0.915004],[0.286499,0.899255,-0.330544]],[[0.899157,-0.371495,-0.231317],[-0.435269,-0.704398,-0.560682],[0.0453506,0.604826,-0.795065]]],"btipPosition":[-5.32767,243.962,-7.21507],"carpPosition":[9.07197,245.84,42.7997],"dipPosition":[-4.48044,255.262,-22.0682],"direction":[-0.286499,-0.899255,0.330544],"extended":false,"handId":502,"id":5023,"length":64.4205,"mcpPosition":[19.9193,296.151,7.10743],"pipPosition":[3.45517,280.17,-31.2239],"stabilizedTipPosition":[-24.7509,221.639,144.422],"timeVisible":10.4484,"tipPosition":[-5.05903,246.746,-10.7861],"tipVelocity":[39.6544,25.5249,-68.5091],"tool":false,"touchDistance":0.333333,"touchZone":"none","type":3,"width":18.0748},{"bases":[[[0.796837,-0.526348,-0.296663],[0.515979,0.337355,0.787374],[-0.314352,-0.78048,0.540402]],[[0.772665,-0.580116,-0.257786],[0.438881,0.781559,-0.443339],[0.458663,0.229415,0.858485]],[[0.772665,-0.580116,-0.257786],[-0.394851,-0.121215,-0.910714],[0.497072,0.805464,-0.322718]],[[0.772665,-0.580116,-0.257786],[-0.609225,-0.563498,-0.557956],[0.178417,0.588163,-0.788817]]],"btipPosition":[8.38714,250.12,-6.17948],"carpPosition":[19.1735,238.869,35.5974],"dipPosition":[11.4621,260.257,-19.7745],"direction":[-0.497072,-0.805464,0.322718],"extended":false,"handId":502,"id":5024,"length":50.5045,"mcpPosition":[37.399,284.12,4.26593],"pipPosition":[21.183,276.009,-26.0857],"stabilizedTipPosition":[-16.0124,229.72,161.25],"timeVisible":10.4484,"tipPosition":[8.94659,252.547,-9.10136],"tipVelocity":[33.894,32.9279,-54.6824],"tool":false,"touchDistance":0.333333,"touchZone":"none","type":4,"width":16.0555}],"r":[[0.882434,-0.347898,0.316664],[0.329338,0.937518,0.112238],[-0.335925,0.00524734,0.941874]],"s":1.33775,"t":[67.6505,60.6331,-130.449],"timestamp":97791367659},false],[2,{"currentFrameRate":110.595,"devices":[],"gestures":[],"hands":[{"armBasis":[[0.953367,-0.0537116,-0.296995],[0.182546,0.88626,0.425699],[0.24035,-0.460063,0.854736]],"armWidth":63.7122,"confidence":0.340739,"direction":[0.079552,0.898821,-0.431037],"elbow":[67.7198,108.896,269.806],"grabStrength":0.389067,"id":502,"palmNormal":[-0.170345,-0.413789,-0.894294],"palmPosition":[-1.09303,280.943,12.8362],"palmVelocity":[-9.80432,34.2679,-72.4099],"palmWidth":90.9788,"pinchStrength":0.438287,"r":[[0.882768,-0.341693,0.322438],[0.321453,0.939811,0.115863],[-0.342621,0.00136822,0.939473]],"s":1.34027,"sphereCenter":[5.71336,271.77,-38.6041],"sphereRadius":49.2156,"stabilizedPalmPosition":[3.84485,242.29,153.892],"t":[67.5227,61.1008,-131.161],"timeVisible":10.4574,"type":"right","wrist":[2.83339,233.098,39.0561]}],"id":1796413,"interactionBox":{"center":[0,200,0],"size":[235.247,235.247,147.751]},"pointables":[{"bases":[[[0.563106,0.487319,0.667406],[-0.745308,-0.0493785,0.664889],[0.356969,-0.871827,0.335398]],[[0.483204,0.647115,0.589708],[-0.816351,0.0896304,0.570559],[0.316362,-0.757105,0.571583]],[[0.483204,0.647115,0.589708],[-0.875035,0.334822,0.349583],[0.0287735,-0.684935,0.728036]],[[0.483204,0.647115,0.589708],[-0.853539,0.498131,0.152764],[-0.194896,-0.577155,0.793037]]],"btipPosition":[-39.4849,304.32,-37.6062],"carpPosition":[-27.2746,229.675,34.2997],"dipPosition":[-44.0456,290.814,-19.0486],"direction":[-0.0287735,0.684935,-0.728036],"extended":false,"handId":502,"id":5020,"length":52.11,"mcpPosition":[-27.2746,229.675,34.2997],"pipPosition":[-43.0647,267.463,5.7712],"stabilizedTipPosition":[-51.0062,262.869,105.994],"timeVisible":10.4574,"tipPosition":[-39.8101,300.175,-34.3551],"tipVelocity":[-3.98909,28.8965,-73.2593],"tool":false,"touchDistance":-0.422816,"touchZone":"touching","type":0,"width":20.2475},{"bases":[[[0.981582,0.00839823,-0.190858],[0.155631,0.54425,0.824361],[0.110797,-0.838881,0.532919]],[[0.987046,-0.0527474,-0.15152],[0.102364,0.934257,0.341593],[0.123541,-0.352678,0.927554]],[[0.987046,-0.0527474,-0.15152],[0.0862945,0.97071,0.224223],[0.135255,-0.234393,0.962687]],[[0.987046,-0.0527474,-0.15152],[0.0753463,0.986186,0.147515],[0.141646,-0.157021,0.977385]]],"btipPosition":[-34.3183,331.422,-72.8066],"carpPosition":[-15.1725,246.216,46.203],"dipPosition":[-31.8985,328.739,-56.1095],"direction":[-0.135255,0.234393,-0.962687],"extended":true,"handId":502,"id":5021,"length":58.8003,"mcpPosition":[-23.3228,307.924,7.00121],"pipPosition":[-28.6298,323.074,-32.8438],"stabilizedTipPosition":[-46.2168,293.657,57.804],"timeVisible":10.4574,"tipPosition":[-33.837,329.459,-69.2537],"tipVelocity":[11.0265,44.1996,-84.5297],"tool":false,"touchDistance":-0.450599,"touchZone":"touching","type":1,"width":19.3404},{"bases":[[[0.946516,-0.19792,-0.254822],[0.321734,0.519285,0.791726],[-0.0243734,-0.831367,0.55519]],[[0.946485,-0.198952,-0.254132],[0.0867982,0.915306,-0.393296],[0.310856,0.35019,0.883592]],[[0.946485,-0.198952,-0.254132],[-0.297352,-0.231389,-0.926305],[0.125487,0.952301,-0.278165]],[[0.946485,-0.198952,-0.254132],[-0.313612,-0.752944,-0.578553],[-0.0762428,0.627291,-0.775044]]],"btipPosition":[-18.4345,249.994,-13.8743],"carpPosition":[-3.01782,247.739,44.9677],"dipPosition":[-19.867,261.78,-28.4372],"direction":[-0.125487,-0.952301,0.278165],"extended":false,"handId":502,"id":5022,"length":66.9982,"mcpPosition":[-1.31755,305.734,6.23805],"pipPosition":[-16.2991,288.857,-36.3462],"stabilizedTipPosition":[-33.6487,231.139,141.881],"timeVisible":10.4574,"tipPosition":[-18.6851,252.678,-17.2067],"tipVelocity":[33.7223,21.1643,-88.379],"tool":false,"touchDistance":0.333333,"touchZone":"none","type":2,"width":18.9949},{"bases":[[[0.905648,-0.356684,-0.229297],[0.387595,0.477051,0.788792],[-0.171963,-0.803243,0.570289]],[[0.903799,-0.36507,-0.223317],[0.230404,0.854827,-0.464957],[0.36064,0.368775,0.856706]],[[0.903799,-0.36507,-0.223317],[-0.324303,-0.243765,-0.914006],[0.279239,0.8985,-0.338708]],[[0.903799,-0.36507,-0.223317],[-0.42569,-0.713268,-0.55681],[0.0439897,0.598308,-0.800057]]],"btipPosition":[-5.03578,244.238,-7.55261],"carpPosition":[8.86135,246.469,42.1103],"dipPosition":[-4.21398,255.416,-22.499],"direction":[-0.279239,-0.8985,0.338708],"extended":false,"handId":502,"id":5023,"length":64.4205,"mcpPosition":[19.6318,296.778,6.39178],"pipPosition":[3.52055,280.303,-31.8808],"stabilizedTipPosition":[-24.7401,221.653,144.338],"timeVisible":10.4574,"tipPosition":[-4.79929,247.039,-11.2896],"tipVelocity":[37.5339,26.1122,-60.7186],"tool":false,"touchDistance":0.333333,"touchZone":"none","type":3,"width":18.0748},{"bases":[[[0.803084,-0.52114,-0.28891],[0.507012,0.342915,0.790789],[-0.313041,-0.781551,0.539614]],[[0.779044,-0.574887,-0.25019],[0.436615,0.783833,-0.441557],[0.449953,0.234756,0.861645]],[[0.779044,-0.574887,-0.25019],[-0.386275,-0.12578,-0.913768],[0.493844,0.808507,-0.320053]],[[0.779044,-0.574887,-0.25019],[-0.600313,-0.568838,-0.562181],[0.180873,0.588156,-0.788262]]],"btipPosition":[8.53887,250.621,-6.89746],"carpPosition":[19.0725,239.556,35.0071],"dipPosition":[11.6562,260.758,-20.4829],"direction":[-0.493844,-0.808507,0.320053],"extended":false,"handId":502,"id":5024,"length":50.5045,"mcpPosition":[37.222,284.869,3.72134],"pipPosition":[21.314,276.569,-26.742],"stabilizedTipPosition":[-15.9934,229.738,161.121],"timeVisible":10.4574,"tipPosition":[9.11116,253.05,-9.81716],"tipVelocity":[29.547,39.195,-61.568],"tool":false,"touchDistance":0.333333,"touchZone":"none","type":4,"width":16.0555}],"r":[[0.882768,-0.341693,0.322438],[0.321453,0.939811,0.115863],[-0.342621,0.00136822,0.939473]],"s":1.34027,"t":[67.5227,61.1008,-131.161],"timestamp":97791376624},false],[3,{"currentFrameRate":110.54,"devices":[],"gestures":[],"hands":[{"armBasis":[[0.954989,-0.0485831,-0.292635],[0.176562,0.885817,0.429132],[0.238372,-0.461484,0.854524]],"armWidth":63.7122,"confidence":0.356966,"direction":[0.0777624,0.898468,-0.432098],"elbow":[67.1566,108.899,269.292],"grabStrength":0.38033,"id":502,"palmNormal":[-0.163864,-0.415997,-0.89448],"palmPosition":[-1.20049,281.269,12.2808],"palmVelocity":[-10.3462,34.6425,-69.1602],"palmWidth":90.9788,"pinchStrength":0.434089,"r":[[0.882933,-0.335838,0.32809],[0.314149,0.941918,0.118744],[-0.348913,-0.00177391,0.937154]],"s":1.34284,"sphereCenter":[5.78478,272.1,-39.0821],"sphereRadius":49.2329,"stabilizedPalmPosition":[3.84451,242.293,153.883],"t":[67.4051,61.4974,-131.794],"timeVisible":10.4666,"type":"right","wrist":[2.80406,233.484,38.5993]}],"id":1796414,"interactionBox":{"center":[0,200,0],"size":[235.247,235.247,147.751]},"pointables":[{"bases":[[[0.557462,0.490918,0.669504],[-0.74851,-0.0516377,0.661109],[0.359122,-0.869674,0.338671]],[[0.477716,0.64946,0.591599],[-0.819206,0.0860882,0.567],[0.317314,-0.755507,0.573167]],[[0.477716,0.64946,0.591599],[-0.878072,0.331612,0.344997],[0.02788,-0.684277,0.728689]],[[0.477716,0.64946,0.591599],[-0.856333,0.494613,0.1485],[-0.196168,-0.577547,0.792438]]],"btipPosition":[-39.4609,304.47,-38.3001],"carpPosition":[-27.2633,229.919,33.6931],"dipPosition":[-44.0514,290.955,-19.7565],"direction":[-0.02788,0.684277,-0.728689],"extended":false,"handId":502,"id":5020,"length":52.11,"mcpPosition":[-27.2633,229.919,33.6931],"pipPosition":[-43.1009,267.627,5.08552],"stabilizedTipPosition":[-51.0021,262.884,105.94],"timeVisible":10.4666,"tipPosition":[-39.8109,300.352,-35.0285],"tipVelocity":[-2.3577,25.3792,-74.089],"tool":false,"touchDistance":-0.419325,"touchZone":"touching","type":0,"width":20.2475},{"bases":[[[0.982509,0.0124848,-0.185797],[0.148929,0.546278,0.824258],[0.111788,-0.837511,0.534863]],[[0.988008,-0.0478558,-0.1468],[0.0965499,0.933432,0.345517],[0.120493,-0.355547,0.926859]],[[0.988008,-0.0478558,-0.1468],[0.0808167,0.970401,0.227576],[0.131564,-0.236711,0.962631]],[[0.988008,-0.0478558,-0.1468],[0.0700967,0.986153,0.150293],[0.137575,-0.15878,0.977682]]],"btipPosition":[-34.226,331.847,-73.495],"carpPosition":[-15.297,246.533,45.6316],"dipPosition":[-31.8757,329.135,-56.7928],"direction":[-0.131564,0.236711,-0.962631],"extended":true,"handId":502,"id":5021,"length":58.8003,"mcpPosition":[-23.5202,308.141,6.28673],"pipPosition":[-28.6962,323.414,-33.5285],"stabilizedTipPosition":[-46.2062,293.689,57.6966],"timeVisible":10.4666,"tipPosition":[-33.7416,329.868,-69.9512],"tipVelocity":[10.2813,44.6441,-81.9204],"tool":false,"touchDistance":-0.444181,"touchZone":"touching","type":1,"width":19.3404},{"bases":[[[0.948698,-0.194092,-0.249602],[0.315308,0.522004,0.792523],[-0.0235289,-0.830566,0.556423]],[[0.948667,-0.195152,-0.248892],[0.0847765,0.915046,-0.39434],[0.304704,0.352997,0.884618]],[[0.948667,-0.195152,-0.248892],[-0.291506,-0.234208,-0.927454],[0.122702,0.952398,-0.279073]],[[0.948667,-0.195152,-0.248892],[-0.307256,-0.755271,-0.57893],[-0.0750019,0.625685,-0.776462]]],"btipPosition":[-18.2662,250.2,-14.4685],"carpPosition":[-3.14305,248.108,44.4566],"dipPosition":[-19.6755,261.956,-29.058],"direction":[-0.122702,-0.952398,0.279073],"extended":false,"handId":502,"id":5022,"length":66.9982,"mcpPosition":[-1.50169,306.048,5.64087],"pipPosition":[-16.1867,289.035,-36.9928],"stabilizedTipPosition":[-33.6465,231.142,141.857],"timeVisible":10.4666,"tipPosition":[-18.5114,252.877,-17.8064],"tipVelocity":[29.6213,21.3269,-82.0525],"tool":false,"touchDistance":0.333333,"touchZone":"none","type":2,"width":18.9949},{"bases":[[[0.908408,-0.352996,-0.224028],[0.381372,0.480061,0.789998],[-0.171319,-0.803079,0.570714]],[[0.906615,-0.361161,-0.218201],[0.22646,0.852794,-0.470593],[0.35604,0.377233,0.854945]],[[0.906615,-0.361161,-0.218201],[-0.320796,-0.254017,-0.91245],[0.274114,0.897239,-0.346155]],[[0.906615,-0.361161,-0.218201],[-0.419815,-0.719993,-0.552598],[0.0424734,0.592598,-0.804378]]],"btipPosition":[-4.80543,244.41,-7.66118],"carpPosition":[8.75631,246.887,41.6627],"dipPosition":[-4.01195,255.481,-22.6883],"direction":[-0.274114,-0.897239,0.346155],"extended":false,"handId":502,"id":5023,"length":64.4205,"mcpPosition":[19.4864,297.186,5.91757],"pipPosition":[3.58063,280.333,-32.2763],"stabilizedTipPosition":[-24.7241,221.673,144.214],"timeVisible":10.4666,"tipPosition":[-4.59709,247.212,-11.5278],"tipVelocity":[33.901,23.3209,-47.69],"tool":false,"touchDistance":0.333333,"touchZone":"none","type":3,"width":18.0748},{"bases":[[[0.80689,-0.518006,-0.283899],[0.501376,0.346464,0.792833],[-0.312332,-0.782069,0.539274]],[[0.78295,-0.571677,-0.245306],[0.435129,0.785086,-0.440798],[0.44458,0.238383,0.863436]],[[0.78295,-0.571677,-0.245306],[-0.380985,-0.128923,-0.915549],[0.491772,0.810287,-0.31874]],[[0.78295,-0.571677,-0.245306],[-0.594749,-0.572281,-0.564596],[0.182382,0.587946,-0.788071]]],"btipPosition":[8.6646,250.944,-7.35345],"carpPosition":[19.0349,240.009,34.6237],"dipPosition":[11.8079,261.077,-20.9356],"direction":[-0.491772,-0.810287,0.31874],"extended":false,"handId":502,"id":5024,"length":50.5045,"mcpPosition":[37.1433,285.351,3.35764],"pipPosition":[21.4252,276.923,-27.169],"stabilizedTipPosition":[-15.9684,229.761,160.952],"timeVisible":10.4666,"tipPosition":[9.24542,253.375,-10.2768],"tipVelocity":[25.3328,38.0931,-58.2887],"tool":false,"touchDistance":0.333333,"touchZone":"none","type":4,"width":16.0555}],"r":[[0.882933,-0.335838,0.32809],[0.314149,0.941918,0.118744],[-0.348913,-0.00177391,0.937154]],"s":1.34284,"t":[67.4051,61.4974,-131.794],"timestamp":97791385768},false],[4,{"currentFrameRate":110.593,"devices":[],"gestures":[],"hands":[{"armBasis":[[0.956265,-0.0452487,-0.28898],[0.172312,0.885479,0.43155],[0.236358,-0.462471,0.85455]],"armWidth":63.7122,"confidence":0.372738,"direction":[0.0758513,0.897987,-0.433434],"elbow":[66.6979,108.946,268.987],"grabStrength":0.375363,"id":502,"palmNormal":[-0.159754,-0.418127,-0.894231],"palmPosition":[-1.20723,281.522,11.8731],"palmVelocity":[-7.72533,32.9201,-62.7126],"palmWidth":90.9788,"pinchStrength":0.431329,"r":[[0.883045,-0.330415,0.333252],[0.307544,0.943826,0.120867],[-0.354469,-0.00424151,0.935058]],"s":1.34516,"sphereCenter":[5.88387,272.322,-39.4599],"sphereRadius":49.2598,"stabilizedPalmPosition":[3.84404,242.296,153.869],"t":[67.3429,61.8226,-132.315],"timeVisible":10.4755,"type":"right","wrist":[2.88903,233.798,38.2866]}],"id":1796415,"interactionBox":{"center":[0,200,0],"size":[235.247,235.247,147.751]},"pointables":[{"bases":[[[0.553744,0.494053,0.670282],[-0.750267,-0.0531463,0.658996],[0.361202,-0.867806,0.341242]],[[0.474292,0.65115,0.592496],[-0.820567,0.0831633,0.565467],[0.31893,-0.754379,0.573756]],[[0.474292,0.65115,0.592496],[-0.87988,0.328222,0.343629],[0.0292838,-0.684306,0.728607]],[[0.474292,0.65115,0.592496],[-0.858604,0.490848,0.147873],[-0.194538,-0.578854,0.791886]]],"btipPosition":[-39.5152,304.644,-38.7086],"carpPosition":[-27.1509,230.118,33.2983],"dipPosition":[-44.0675,291.099,-20.1779],"direction":[-0.0292838,0.684306,-0.728607],"extended":false,"handId":502,"id":5020,"length":52.11,"mcpPosition":[-27.1509,230.118,33.2983],"pipPosition":[-43.0692,267.77,4.66132],"stabilizedTipPosition":[-50.9986,262.897,105.893],"timeVisible":10.4755,"tipPosition":[-39.8579,300.539,-35.421],"tipVelocity":[-3.10246,23.5412,-66.4092],"tool":false,"touchDistance":-0.411897,"touchZone":"touching","type":0,"width":20.2475},{"bases":[[[0.983001,0.0156483,-0.18293],[0.144565,0.548231,0.823737],[0.113178,-0.83618,0.53665]],[[0.988571,-0.0440549,-0.144173],[0.0921977,0.933326,0.346989],[0.119273,-0.356316,0.926721]],[[0.988571,-0.0440549,-0.144173],[0.0765557,0.970563,0.228356],[0.129868,-0.236783,0.962844]],[[0.988571,-0.0440549,-0.144173],[0.065909,0.986409,0.150511],[0.135582,-0.158293,0.978039]]],"btipPosition":[-34.1827,332.037,-74.0205],"carpPosition":[-15.2788,246.795,45.2428],"dipPosition":[-31.8664,329.333,-57.3122],"direction":[-0.129868,0.236783,-0.962844],"extended":true,"handId":502,"id":5021,"length":58.8003,"mcpPosition":[-23.6042,308.305,5.76657],"pipPosition":[-28.7279,323.611,-34.0427],"stabilizedTipPosition":[-46.1939,293.726,57.5709],"timeVisible":10.4755,"tipPosition":[-33.6892,330.08,-70.4755],"tipVelocity":[8.55625,38.313,-75.54],"tool":false,"touchDistance":-0.435957,"touchZone":"touching","type":1,"width":19.3404},{"bases":[[[0.95011,-0.191158,-0.246474],[0.311121,0.524493,0.792534],[-0.0222251,-0.829678,0.5578]],[[0.95008,-0.192243,-0.245743],[0.082731,0.914655,-0.395678],[0.300837,0.355596,0.884901]],[[0.95008,-0.192243,-0.245743],[-0.28793,-0.236837,-0.927903],[0.120182,0.95234,-0.280367]],[[0.95008,-0.192243,-0.245743],[-0.302882,-0.757353,-0.578515],[-0.0748988,0.624067,-0.777773]]],"btipPosition":[-18.0851,250.347,-14.8725],"carpPosition":[-3.12707,248.411,44.1009],"dipPosition":[-19.4925,262.073,-29.4866],"direction":[-0.120182,-0.95234,0.280367],"extended":false,"handId":502,"id":5022,"length":66.9982,"mcpPosition":[-1.57666,306.289,5.18909],"pipPosition":[-16.0753,289.151,-37.4582],"stabilizedTipPosition":[-33.644,231.146,141.831],"timeVisible":10.4755,"tipPosition":[-18.3298,253.017,-18.2157],"tipVelocity":[27.0708,19.7943,-72.1419],"tool":false,"touchDistance":0.333333,"touchZone":"none","type":2,"width":18.9949},{"bases":[[[0.910309,-0.350159,-0.220741],[0.37734,0.48278,0.790277],[-0.170153,-0.802691,0.571608]],[[0.908534,-0.358294,-0.214924],[0.224819,0.852815,-0.471342],[0.352169,0.379911,0.855362]],[[0.908534,-0.358294,-0.214924],[-0.317196,-0.256675,-0.912965],[0.271944,0.897632,-0.346848]],[[0.908534,-0.358294,-0.214924],[-0.415621,-0.722421,-0.5526],[0.0427279,0.591382,-0.805259]]],"btipPosition":[-4.62174,244.618,-8.01881],"carpPosition":[8.78472,247.227,41.3441],"dipPosition":[-3.82351,255.666,-23.0624],"direction":[-0.271944,-0.897632,0.346848],"extended":false,"handId":502,"id":5023,"length":64.4205,"mcpPosition":[19.4418,297.501,5.54294],"pipPosition":[3.70897,280.529,-32.6696],"stabilizedTipPosition":[-24.7038,221.699,144.058],"timeVisible":10.4755,"tipPosition":[-4.41256,247.412,-11.8858],"tipVelocity":[30.2805,23.1405,-45.6955],"tool":false,"touchDistance":0.333333,"touchZone":"none","type":3,"width":18.0748},{"bases":[[[0.809552,-0.515632,-0.280622],[0.497808,0.349615,0.793698],[-0.311146,-0.782236,0.539717]],[[0.785871,-0.568953,-0.242282],[0.43188,0.785381,-0.44346],[0.442591,0.243865,0.862927]],[[0.785871,-0.568953,-0.242282],[-0.37957,-0.1345,-0.915334],[0.488195,0.811297,-0.321657]],[[0.785871,-0.568953,-0.242282],[-0.591338,-0.576794,-0.563586],[0.180907,0.586175,-0.789728]]],"btipPosition":[8.83498,251.135,-7.55192],"carpPosition":[19.1083,240.373,34.3473],"dipPosition":[11.9529,261.238,-21.1626],"direction":[-0.488195,-0.811297,0.321657],"extended":false,"handId":502,"id":5024,"length":50.5045,"mcpPosition":[37.1479,285.725,3.05557],"pipPosition":[21.5002,277.104,-27.4531],"stabilizedTipPosition":[-15.9373,229.79,160.743],"timeVisible":10.4755,"tipPosition":[9.41563,253.58,-10.5387],"tipVelocity":[23.4351,33.3036,-48.6233],"tool":false,"touchDistance":0.333333,"touchZone":"none","type":4,"width":16.0555}],"r":[[0.883045,-0.330415,0.333252],[0.307544,0.943826,0.120867],[-0.354469,-0.00424151,0.935058]],"s":1.34516,"t":[67.3429,61.8226,-132.315],"timestamp":97791394716},false],[5,{"currentFrameRate":110.576,"devices":[],"gestures":[],"hands":[{"armBasis":[[0.957108,-0.0430119,-0.28652],[0.169454,0.885244,0.433161],[0.235009,-0.463134,0.854563]],"armWidth":63.7122,"confidence":0.388075,"direction":[0.074575,0.897658,-0.434338],"elbow":[66.3902,108.978,268.781],"grabStrength":0.368466,"id":502,"palmNormal":[-0.15699,-0.419551,-0.894053],"palmPosition":[-1.21177,281.692,11.5994],"palmVelocity":[-5.72739,29.0054,-53.7134],"palmWidth":90.9788,"pinchStrength":0.42754,"r":[[0.883109,-0.325579,0.337811],[0.301745,0.945494,0.122434],[-0.35926,-0.00619032,0.933217]],"s":1.34742,"sphereCenter":[5.92551,272.486,-39.7238],"sphereRadius":49.3004,"stabilizedPalmPosition":[3.84338,242.302,153.851],"t":[67.3095,62.0703,-132.712],"timeVisible":10.4846,"type":"right","wrist":[2.9456,234.009,38.077]}],"id":1796416,"interactionBox":{"center":[0,200,0],"size":[235.247,235.247,147.751]},"pointables":[{"bases":[[[0.551241,0.496153,0.670795],[-0.751441,-0.0541595,0.657574],[0.362587,-0.866544,0.342975]],[[0.472162,0.651998,0.593263],[-0.821371,0.0810782,0.564602],[0.320019,-0.753873,0.573814]],[[0.472162,0.651998,0.593263],[-0.880947,0.324932,0.344022],[0.0315314,-0.685068,0.727797]],[[0.472162,0.651998,0.593263],[-0.860356,0.487407,0.149073],[-0.191965,-0.580804,0.791085]]],"btipPosition":[-39.631,304.824,-38.9299],"carpPosition":[-27.0756,230.251,33.0336],"dipPosition":[-44.1231,291.233,-20.4179],"direction":[-0.0315314,0.685068,-0.727797],"extended":false,"handId":502,"id":5020,"length":52.11,"mcpPosition":[-27.0756,230.251,33.0336],"pipPosition":[-43.0482,267.878,4.39372],"stabilizedTipPosition":[-50.9953,262.909,105.847],"timeVisible":10.4846,"tipPosition":[-39.9547,300.728,-35.6247],"tipVelocity":[-5.35254,22.2012,-54.9203],"tool":false,"touchDistance":-0.402424,"touchZone":"touching","type":0,"width":20.2475},{"bases":[[[0.983322,0.0177722,-0.181005],[0.141631,0.549537,0.823377],[0.114102,-0.83528,0.537855]],[[0.988932,-0.0414045,-0.142475],[0.089459,0.932485,0.349956],[0.118366,-0.358828,0.925868]],[[0.988932,-0.0414045,-0.142475],[0.0738885,0.970161,0.23093],[0.128662,-0.238901,0.962482]],[[0.988932,-0.0414045,-0.142475],[0.0632878,0.986248,0.152674],[0.134194,-0.160001,0.977953]]],"btipPosition":[-34.1468,332.335,-74.3231],"carpPosition":[-15.2668,246.971,44.982],"dipPosition":[-31.8543,329.602,-57.6162],"direction":[-0.128662,0.238901,-0.962482],"extended":true,"handId":502,"id":5021,"length":58.8003,"mcpPosition":[-23.6602,308.414,5.41715],"pipPosition":[-28.7448,323.828,-34.3555],"stabilizedTipPosition":[-46.1781,293.774,57.4096],"timeVisible":10.4846,"tipPosition":[-33.6494,330.37,-70.7846],"tipVelocity":[7.11792,36.5956,-63.8836],"tool":false,"touchDistance":-0.425238,"touchZone":"touching","type":1,"width":19.3404},{"bases":[[[0.951048,-0.189185,-0.244371],[0.308305,0.526159,0.792531],[-0.0213575,-0.829075,0.558729]],[[0.951018,-0.190298,-0.243621],[0.081376,0.914386,-0.396581],[0.298232,0.357331,0.885083]],[[0.951018,-0.190298,-0.243621],[-0.285518,-0.238595,-0.928198],[0.118507,0.952292,-0.281242]],[[0.951018,-0.190298,-0.243621],[-0.299946,-0.758741,-0.578225],[-0.0748101,0.622976,-0.778656]]],"btipPosition":[-17.9638,250.447,-15.1433],"carpPosition":[-3.1167,248.614,43.8622],"dipPosition":[-19.3694,262.152,-29.774],"direction":[-0.118507,-0.952291,0.281242],"extended":false,"handId":502,"id":5022,"length":66.9982,"mcpPosition":[-1.62681,306.45,4.88556],"pipPosition":[-15.9999,289.229,-37.7705],"stabilizedTipPosition":[-33.6412,231.15,141.802],"timeVisible":10.4846,"tipPosition":[-18.2081,253.113,-18.4901],"tipVelocity":[23.2952,17.2146,-60.565],"tool":false,"touchDistance":0.333333,"touchZone":"none","type":2,"width":18.9949},{"bases":[[[0.911573,-0.348251,-0.21853],[0.374627,0.4846,0.790453],[-0.169376,-0.802424,0.572213]],[[0.909818,-0.356331,-0.212744],[0.223636,0.852785,-0.471959],[0.349599,0.381819,0.855567]],[[0.909818,-0.356331,-0.212744],[-0.314841,-0.258652,-0.913222],[0.270383,0.897846,-0.347514]],[[0.909818,-0.356331,-0.212744],[-0.412797,-0.724172,-0.552425],[0.0427828,0.590426,-0.805957]]],"btipPosition":[-4.49475,244.757,-8.24812],"carpPosition":[8.8033,247.456,41.1303],"dipPosition":[-3.69549,255.787,-23.3048],"direction":[-0.270383,-0.897846,0.347514],"extended":false,"handId":502,"id":5023,"length":64.4205,"mcpPosition":[19.4117,297.713,5.29128],"pipPosition":[3.79373,280.656,-32.9304],"stabilizedTipPosition":[-24.6786,221.73,143.866],"timeVisible":10.4846,"tipPosition":[-4.28698,247.544,-12.116],"tipVelocity":[25.7848,20.8402,-40.1398],"tool":false,"touchDistance":0.333333,"touchZone":"none","type":3,"width":18.0748},{"bases":[[[0.811329,-0.514033,-0.278416],[0.495404,0.351726,0.794269],[-0.310354,-0.782342,0.54002]],[[0.787788,-0.567183,-0.240196],[0.429775,0.785506,-0.44528],[0.44123,0.247556,0.862573]],[[0.787788,-0.567183,-0.240196],[-0.378511,-0.138143,-0.91523],[0.485922,0.811924,-0.323512]],[[0.787788,-0.567183,-0.240196],[-0.589024,-0.579678,-0.56305],[0.180116,0.585045,-0.790747]]],"btipPosition":[8.94392,251.263,-7.6884],"carpPosition":[19.1569,240.618,34.1621],"dipPosition":[12.0482,261.346,-21.3167],"direction":[-0.485922,-0.811924,0.323512],"extended":false,"handId":502,"id":5024,"length":50.5045,"mcpPosition":[37.1507,285.977,2.85274],"pipPosition":[21.551,277.224,-27.6434],"stabilizedTipPosition":[-15.8984,229.826,160.482],"timeVisible":10.4846,"tipPosition":[9.52791,253.716,-10.7158],"tipVelocity":[20.1794,27.856,-39.4608],"tool":false,"touchDistance":0.333333,"touchZone":"none","type":4,"width":16.0555}],"r":[[0.883109,-0.325579,0.337811],[0.301745,0.945494,0.122434],[-0.35926,-0.00619032,0.933217]],"s":1.34742,"t":[67.3095,62.0703,-132.712],"timestamp":97791403790},false],[6,{"currentFrameRate":110.633,"devices":[],"gestures":[],"hands":[{"armBasis":[[0.956091,-0.0443248,-0.289699],[0.171347,0.886489,0.429858],[0.237762,-0.460622,0.855159]],"armWidth":63.7122,"confidence":0.399216,"direction":[0.0781087,0.897726,-0.433574],"elbow":[66.9075,109.795,267.945],"grabStrength":0.361394,"id":502,"palmNormal":[-0.156832,-0.418424,-0.894609],"palmPosition":[-1.2442,281.863,10.6305],"palmVelocity":[-5.15439,26.2854,-68.6401],"palmWidth":90.9788,"pinchStrength":0.423885,"r":[[0.88281,-0.322313,0.341702],[0.297647,0.946602,0.123899],[-0.36339,-0.00767231,0.931605]],"s":1.34957,"sphereCenter":[5.86168,272.707,-40.7004],"sphereRadius":49.3316,"stabilizedPalmPosition":[3.84273,242.307,153.833],"t":[67.2766,62.2792,-133.395],"timeVisible":10.4935,"type":"right","wrist":[2.71979,234.148,37.0809]}],"id":1796417,"interactionBox":{"center":[0,200,0],"size":[235.247,235.247,147.751]},"pointables":[{"bases":[[[0.551689,0.493944,0.672055],[-0.752691,-0.052265,0.656296],[0.359299,-0.867921,0.342953]],[[0.473672,0.649355,0.594956],[-0.821562,0.0824166,0.564131],[0.317287,-0.756006,0.572524]],[[0.473672,0.649355,0.594956],[-0.880205,0.326363,0.344568],[0.0295758,-0.686895,0.726155]],[[0.473672,0.649355,0.594956],[-0.859426,0.488399,0.151173],[-0.192411,-0.582927,0.789414]]],"btipPosition":[-39.6467,305.279,-39.8186],"carpPosition":[-27.3047,230.488,31.9854],"dipPosition":[-44.1492,291.638,-21.3457],"direction":[-0.0295758,0.686895,-0.726155],"extended":false,"handId":502,"id":5020,"length":52.11,"mcpPosition":[-27.3047,230.488,31.9854],"pipPosition":[-43.141,268.221,3.40992],"stabilizedTipPosition":[-50.992,262.922,105.802],"timeVisible":10.4935,"tipPosition":[-39.975,301.193,-36.5006],"tipVelocity":[-4.44296,29.6857,-67.3433],"tool":false,"touchDistance":-0.403981,"touchZone":"touching","type":0,"width":20.2475},{"bases":[[[0.98367,0.0148123,-0.179372],[0.141997,0.548507,0.824001],[0.110592,-0.836015,0.537446]],[[0.989005,-0.0438773,-0.141224],[0.0919342,0.930433,0.354744],[0.115834,-0.363827,0.924236]],[[0.989005,-0.0438773,-0.141224],[0.0765802,0.96891,0.235264],[0.126511,-0.243492,0.961617]],[[0.989005,-0.0438773,-0.141224],[0.0660704,0.985462,0.156521],[0.132304,-0.16413,0.977526]]],"btipPosition":[-33.892,332.977,-75.2115],"carpPosition":[-15.4632,247.161,43.9652],"dipPosition":[-31.6318,330.173,-58.512],"direction":[-0.126511,0.243492,-0.961617],"extended":true,"handId":502,"id":5021,"length":58.8003,"mcpPosition":[-23.5984,308.659,4.43034],"pipPosition":[-28.5743,324.288,-35.2722],"stabilizedTipPosition":[-46.1573,293.836,57.2005],"timeVisible":10.4935,"tipPosition":[-33.399,330.997,-71.6833],"tipVelocity":[12.7297,45.6918,-73.6291],"tool":false,"touchDistance":-0.4244,"touchZone":"touching","type":1,"width":19.3404},{"bases":[[[0.950851,-0.191998,-0.242939],[0.308648,0.524627,0.793412],[-0.0248815,-0.829399,0.558102]],[[0.950816,-0.193137,-0.242172],[0.0849345,0.914406,-0.395788],[0.297885,0.355753,0.885836]],[[0.950816,-0.193137,-0.242172],[-0.284723,-0.237029,-0.928844],[0.121993,0.952111,-0.280361]],[[0.950816,-0.193137,-0.242172],[-0.301382,-0.75738,-0.579262],[-0.0715388,0.623758,-0.778337]]],"btipPosition":[-18.0513,250.689,-16.1625],"carpPosition":[-3.30617,248.768,42.8665],"dipPosition":[-19.3954,262.41,-30.7872],"direction":[-0.121993,-0.952111,0.280361],"extended":false,"handId":502,"id":5022,"length":66.9982,"mcpPosition":[-1.57045,306.626,3.93365],"pipPosition":[-15.9268,289.481,-38.7587],"stabilizedTipPosition":[-33.6389,231.153,141.777],"timeVisible":10.4935,"tipPosition":[-18.2815,253.358,-19.5077],"tipVelocity":[14.6961,20.0286,-75.1155],"tool":false,"touchDistance":0.333333,"touchZone":"none","type":2,"width":18.9949},{"bases":[[[0.910835,-0.350957,-0.217276],[0.374842,0.482862,0.791415],[-0.172838,-0.802293,0.571361]],[[0.90907,-0.358923,-0.21158],[0.22669,0.852167,-0.471618],[0.349576,0.380771,0.856043]],[[0.90907,-0.358923,-0.21158],[-0.31422,-0.257136,-0.913864],[0.273602,0.897249,-0.346536]],[[0.90907,-0.358923,-0.21158],[-0.414095,-0.722261,-0.553953],[0.0460103,0.591196,-0.805214]]],"btipPosition":[-4.61507,244.915,-9.23386],"carpPosition":[8.61462,247.574,40.1534],"dipPosition":[-3.75552,255.96,-24.2766],"direction":[-0.273602,-0.897249,0.346536],"extended":false,"handId":502,"id":5023,"length":64.4205,"mcpPosition":[19.4399,297.823,4.36779],"pipPosition":[3.82287,280.813,-33.8752],"stabilizedTipPosition":[-24.6578,221.757,143.705],"timeVisible":10.4935,"tipPosition":[-4.3908,247.712,-13.0933],"tipVelocity":[15.4945,20.1026,-59.1892],"tool":false,"touchDistance":0.333333,"touchZone":"none","type":3,"width":18.0748},{"bases":[[[0.81017,-0.516381,-0.277445],[0.495195,0.349607,0.795335],[-0.313699,-0.781745,0.53895]],[[0.786418,-0.569445,-0.239331],[0.432825,0.784437,-0.444208],[0.440692,0.245744,0.863366]],[[0.786418,-0.569445,-0.239331],[-0.377471,-0.136342,-0.915929],[0.48894,0.810644,-0.322171]],[[0.786418,-0.569445,-0.239331],[-0.589876,-0.577369,-0.564527],[0.183285,0.58513,-0.789956]]],"btipPosition":[8.8445,251.407,-8.65892],"carpPosition":[18.9582,240.708,33.1974],"dipPosition":[12.0034,261.491,-22.2736],"direction":[-0.48894,-0.810644,0.322171],"extended":false,"handId":502,"id":5024,"length":50.5045,"mcpPosition":[37.1459,286.033,1.95011],"pipPosition":[21.5653,277.344,-28.5741],"stabilizedTipPosition":[-15.8653,229.857,160.258],"timeVisible":10.4935,"tipPosition":[9.44447,253.861,-11.6863],"tipVelocity":[12.0176,24.6451,-58.2325],"tool":false,"touchDistance":0.333333,"touchZone":"none","type":4,"width":16.0555}],"r":[[0.88281,-0.322313,0.341702],[0.297647,0.946602,0.12