{"sensorType":"Leap","data":[[0,{"currentFrameRate":100.355,"devices":[],"gestures":[],"hands":[{"armBasis":[[0.962251,0.176337,-0.207311],[-0.0698787,0.896255,0.437999],[0.263039,-0.406978,0.874745]],"armWidth":63.7122,"confidence":0.477398,"direction":[-0.0784938,0.923211,-0.376193],"elbow":[82.4858,89.5536,266.225],"grabStrength":0.446145,"id":502,"palmNormal":[0.0234311,-0.375544,-0.926508],"palmPosition":[-0.259002,247.028,5.81894],"palmVelocity":[61.6636,-42.4829,22.69],"palmWidth":90.9788,"pinchStrength":0.479413,"r":[[0.889982,-0.133474,0.436024],[0.0487392,0.978568,0.200072],[-0.453383,-0.156809,0.877414]],"s":1.37166,"sphereCenter":[6.81526,243.445,-43.6457],"sphereRadius":47.1922,"stabilizedPalmPosition":[-2.75026,250.105,4.14636],"t":[67.6104,27.9254,-139.033],"timeVisible":12.769,"type":"right","wrist":[11.4741,199.424,30.0731]}],"id":1796657,"interactionBox":{"center":[0,200,0],"size":[235.247,235.247,147.751]},"pointables":[{"bases":[[[0.364771,0.548857,0.752129],[-0.781935,-0.25797,0.567477],[0.50549,-0.795115,0.33507]],[[0.277651,0.670929,0.687578],[-0.839715,-0.17819,0.51296],[0.466679,-0.719793,0.513915]],[[0.277651,0.670929,0.687578],[-0.955338,0.11744,0.271178],[0.101192,-0.732162,0.673571]],[[0.277651,0.670929,0.687578],[-0.951745,0.289504,0.101829],[-0.130737,-0.682672,0.718935]]],"btipPosition":[-40.0961,266.747,-43.858],"carpPosition":[-16.413,189.886,21.5788],"dipPosition":[-43.1555,250.772,-27.0344],"direction":[-0.101192,0.732162,-0.673572],"extended":false,"handId":502,"id":5020,"length":52.11,"mcpPosition":[-16.413,189.886,21.5788],"pipPosition":[-39.7057,225.812,-4.0714],"stabilizedTipPosition":[-40.9434,263.115,-39.9389],"timeVisible":12.769,"tipPosition":[-41.3274,263.699,-38.7702],"tipVelocity":[90.7333,-47.9657,-13.3817],"tool":false,"touchDistance":-0.149524,"touchZone":"touching","type":0,"width":20.2475},{"bases":[[[0.969311,0.235391,-0.0708982],[-0.0594733,0.504364,0.861441],[0.238534,-0.830788,0.502885]],[[0.954814,0.280477,-0.0982964],[-0.226999,0.901713,0.367946],[0.191836,-0.329007,0.924637]],[[0.954814,0.280477,-0.0982964],[-0.256991,0.945289,0.200957],[0.149282,-0.166616,0.974656]],[[0.954814,0.280477,-0.0982964],[-0.271827,0.957868,0.0927305],[0.120164,-0.0618208,0.990827]]],"btipPosition":[-41.1217,288.092,-81.5892],"carpPosition":[-9.67371,207.763,35.6047],"dipPosition":[-39.0689,287.036,-64.6624],"direction":[-0.149282,0.166616,-0.974656],"extended":true,"handId":502,"id":5021,"length":58.8003,"mcpPosition":[-27.2204,268.876,-1.38779],"pipPosition":[-35.4611,283.01,-41.1075],"stabilizedTipPosition":[-40.7815,287.877,-77.7127],"timeVisible":12.769,"tipPosition":[-40.8316,289.33,-77.1577],"tipVelocity":[85.2875,-53.5522,16.1673],"tool":false,"touchDistance":-0.183597,"touchZone":"touching","type":1,"width":19.3404},{"bases":[[[0.988468,0.0315306,-0.148114],[0.110508,0.518536,0.847884],[0.103537,-0.854474,0.509072]],[[0.988766,0.0290347,-0.146626],[-0.0867189,0.910415,-0.404506],[0.121746,0.412677,0.902705]],[[0.988766,0.0290347,-0.146626],[-0.128297,-0.338474,-0.932188],[-0.0766949,0.940528,-0.330947]],[[0.988766,0.0290347,-0.146626],[-0.0584631,-0.827685,-0.55814],[-0.137566,0.560442,-0.816689]]],"btipPosition":[-6.43452,214.424,-18.3516],"carpPosition":[1.89014,211.978,35.9113],"dipPosition":[-9.01933,224.955,-33.6969],"direction":[0.0766949,-0.940528,0.330947],"extended":false,"handId":502,"id":5022,"length":66.9982,"mcpPosition":[-5.33252,271.586,0.398691],"pipPosition":[-11.2,251.697,-43.1067],"stabilizedTipPosition":[-9.75357,220.673,-24.3815],"timeVisible":12.769,"tipPosition":[-7.14689,216.765,-22.5153],"tipVelocity":[57.5814,-34.683,22.1394],"tool":false,"touchDistance":0.333333,"touchZone":"none","type":2,"width":18.9949},{"bases":[[[0.981768,-0.133736,-0.135078],[0.184091,0.491961,0.850932],[-0.0473469,-0.860284,0.507611]],[[0.982228,-0.124302,-0.140632],[0.0639894,0.926153,-0.371681],[0.176447,0.356076,0.917647]],[[0.982228,-0.124302,-0.140632],[-0.168869,-0.258214,-0.951215],[0.0819245,0.958058,-0.274615]],[[0.982228,-0.124302,-0.140632],[-0.184637,-0.774547,-0.604968],[-0.0337274,0.620182,-0.783732]]],"btipPosition":[7.43074,213.382,-16.0935],"carpPosition":[13.987,213.531,34.4465],"dipPosition":[6.80066,224.968,-30.7349],"direction":[-0.0819245,-0.958058,0.274615],"extended":false,"handId":502,"id":5023,"length":64.4205,"mcpPosition":[16.9525,267.413,2.65368],"pipPosition":[9.06985,251.505,-38.3414],"stabilizedTipPosition":[5.23009,217.998,-20.0915],"timeVisible":12.769,"tipPosition":[7.279,215.73,-18.9756],"tipVelocity":[55.812,-28.8655,3.3279],"tool":false,"touchDistance":0.333333,"touchZone":"none","type":3,"width":18.0748},{"bases":[[[0.925686,-0.311841,-0.214149],[0.32964,0.387221,0.861044],[-0.185586,-0.867649,0.461241]],[[0.916147,-0.351506,-0.192659],[0.262007,0.888876,-0.375834],[0.303358,0.293841,0.906439]],[[0.916147,-0.351506,-0.192659],[-0.276392,-0.205856,-0.938739],[0.290312,0.913273,-0.285748]],[[0.916147,-0.351506,-0.192659],[-0.393475,-0.696897,-0.599593],[0.0764967,0.625122,-0.776769]]],"btipPosition":[19.2268,220.816,-11.5041],"carpPosition":[26.1879,209.534,28.3092],"dipPosition":[20.5452,231.589,-24.8915],"direction":[-0.290312,-0.913273,0.285748],"extended":false,"handId":502,"id":5024,"length":50.5045,"mcpPosition":[36.9479,259.838,1.56735],"pipPosition":[26.2227,249.45,-30.4797],"stabilizedTipPosition":[17.3788,225.761,-15.7326],"timeVisible":12.769,"tipPosition":[19.7237,223.221,-14.5983],"tipVelocity":[56.476,-41.4269,17.1572],"tool":false,"touchDistance":0.333333,"touchZone":"none","type":4,"width":16.0555}],"r":[[0.889982,-0.133474,0.436024],[0.0487392,0.978568,0.200072],[-0.453383,-0.156809,0.877414]],"s":1.37166,"t":[67.6104,27.9254,-139.033],"timestamp":97793688231},false],[1,{"currentFrameRate":100.437,"devices":[],"gestures":[],"hands":[{"armBasis":[[0.963549,0.169501,-0.206987],[-0.0639922,0.897249,0.436863],[0.259767,-0.407693,0.87539]],"armWidth":63.7122,"confidence":0.481596,"direction":[-0.0742223,0.92352,-0.3763],"elbow":[82.2054,89.0635,266.434],"grabStrength":0.455,"id":502,"palmNormal":[0.019291,-0.375941,-0.926443],"palmPosition":[0.553279,246.788,5.86496],"palmVelocity":[67.9298,-37.1824,17.3838],"palmWidth":90.9788,"pinchStrength":0.486192,"r":[[0.889685,-0.135978,0.435856],[0.0510501,0.978262,0.200993],[-0.453712,-0.15657,0.877286]],"s":1.36881,"sphereCenter":[7.74266,243.126,-43.616],"sphereRadius":47.1873,"stabilizedPalmPosition":[-2.16067,249.513,4.45308],"t":[68.3258,27.6694,-138.938],"timeVisible":12.7788,"type":"right","wrist":[12.0768,199.127,30.1075]}],"id":1796658,"interactionBox":{"center":[0,200,0],"size":[235.247,235.247,147.751]},"pointables":[{"bases":[[[0.369475,0.547052,0.751148],[-0.782085,-0.253473,0.569293],[0.501828,-0.797801,0.334189]],[[0.280738,0.672281,0.685],[-0.841584,-0.170702,0.512443],[0.461436,-0.720347,0.517858]],[[0.280738,0.672281,0.685],[-0.954207,0.118672,0.2746],[0.103318,-0.730723,0.674811]],[[0.280738,0.672281,0.685],[-0.94913,0.300506,0.0940618],[-0.142611,-0.676561,0.722445]]],"btipPosition":[-39.0975,266.438,-44.0798],"carpPosition":[-15.8815,189.741,21.6783],"dipPosition":[-42.4347,250.606,-27.174],"direction":[-0.103318,0.730723,-0.674811],"extended":false,"handId":502,"id":5020,"length":52.11,"mcpPosition":[-15.8815,189.741,21.6783],"pipPosition":[-38.9125,225.694,-4.16879],"stabilizedTipPosition":[-39.9912,262.833,-40.1619],"timeVisible":12.7788,"tipPosition":[-40.3782,263.452,-38.962],"tipVelocity":[92.1112,-42.1517,-15.5431],"tool":false,"touchDistance":-0.152919,"touchZone":"touching","type":0,"width":20.2475},{"bases":[[[0.970439,0.230004,-0.0731259],[-0.0547648,0.504939,0.861416],[0.235053,-0.831947,0.502608]],[[0.955965,0.275632,-0.100792],[-0.222548,0.904704,0.363294],[0.191322,-0.324865,0.926207]],[[0.955965,0.275632,-0.100792],[-0.252579,0.947577,0.195708],[0.149451,-0.161632,0.975469]],[[0.955965,0.275632,-0.100792],[-0.267464,0.959596,0.0873953],[0.120809,-0.0565885,0.991062]]],"btipPosition":[-40.1971,287.611,-81.581],"carpPosition":[-9.01218,207.585,35.6836],"dipPosition":[-38.1333,286.644,-64.6502],"direction":[-0.149451,0.161632,-0.975469],"extended":true,"handId":502,"id":5021,"length":58.8003,"mcpPosition":[-26.3028,268.783,-1.28849],"pipPosition":[-34.5214,282.738,-41.0757],"stabilizedTipPosition":[-39.8494,287.447,-77.69],"timeVisible":12.7788,"tipPosition":[-39.9034,288.878,-77.1553],"tipVelocity":[88.0421,-51.6247,11.6747],"tool":false,"touchDistance":-0.183583,"touchZone":"touching","type":1,"width":19.3404},{"bases":[[[0.988295,0.0260175,-0.150321],[0.115262,0.518167,0.847478],[0.0999407,-0.854884,0.509102]],[[0.988574,0.0235941,-0.148877],[-0.0826535,0.910799,-0.404491],[0.126054,0.412175,0.902343]],[[0.988574,0.0235941,-0.148877],[-0.132227,-0.338444,-0.93165],[-0.0723682,0.940691,-0.331458]],[[0.988574,0.0235941,-0.148877],[-0.0641519,-0.827905,-0.557187],[-0.136403,0.560371,-0.816932]]],"btipPosition":[-5.85085,214.231,-18.2652],"carpPosition":[2.57545,211.735,35.9632],"dipPosition":[-8.41381,224.76,-33.6151],"direction":[0.0723682,-0.940691,0.331458],"extended":false,"handId":502,"id":5022,"length":66.9982,"mcpPosition":[-4.39635,271.371,0.448482],"pipPosition":[-10.4715,251.507,-43.0394],"stabilizedTipPosition":[-9.21793,220.023,-23.9635],"timeVisible":12.7788,"tipPosition":[-6.55939,216.567,-22.4218],"tipVelocity":[58.321,-30.2775,18.1776],"tool":false,"touchDistance":0.333333,"touchZone":"none","type":2,"width":18.9949},{"bases":[[[0.98071,-0.139205,-0.13722],[0.188703,0.491185,0.850369],[-0.0509756,-0.85986,0.507979]],[[0.981216,-0.12965,-0.142852],[0.0683758,0.926151,-0.370903],[0.18039,0.354168,0.917619]],[[0.981216,-0.12965,-0.142852],[-0.172436,-0.25743,-0.950787],[0.0864952,0.95756,-0.274951]],[[0.981216,-0.12965,-0.142852],[-0.190184,-0.77424,-0.603641],[-0.0323392,0.61947,-0.784354]]],"btipPosition":[8.01977,213.158,-16.0698],"carpPosition":[14.6774,213.221,34.4711],"dipPosition":[7.41562,224.731,-30.7229],"direction":[-0.0864952,-0.95756,0.274951],"extended":false,"handId":502,"id":5023,"length":64.4205,"mcpPosition":[17.8702,267.076,2.65519],"pipPosition":[9.81141,251.254,-38.3386],"stabilizedTipPosition":[5.78137,217.545,-19.956],"timeVisible":12.7788,"tipPosition":[7.86954,215.491,-18.9661],"tipVelocity":[57.263,-27.1958,2.97848],"tool":false,"touchDistance":0.333333,"touchZone":"none","type":3,"width":18.0748},{"bases":[[[0.923468,-0.317021,-0.216111],[0.333693,0.385645,0.86019],[-0.189356,-0.866473,0.461919]],[[0.913724,-0.356749,-0.19452],[0.266461,0.887485,-0.375991],[0.306768,0.29172,0.905976]],[[0.913724,-0.356749,-0.19452],[-0.2794,-0.204027,-0.938248],[0.295032,0.911648,-0.2861]],[[0.913724,-0.356749,-0.19452],[-0.39869,-0.694701,-0.598696],[0.0784512,0.624597,-0.776997]]],"btipPosition":[19.8533,220.484,-11.5175],"carpPosition":[26.8424,209.155,28.3079],"dipPosition":[21.2054,231.249,-24.9088],"direction":[-0.295032,-0.911648,0.2861],"extended":false,"handId":502,"id":5024,"length":50.5045,"mcpPosition":[37.8209,259.391,1.52671],"pipPosition":[26.9751,249.077,-30.5039],"stabilizedTipPosition":[17.9185,225.219,-15.5127],"timeVisible":12.7788,"tipPosition":[20.353,222.88,-14.6033],"tipVelocity":[58.9121,-39.2547,11.6651],"tool":false,"touchDistance":0.333333,"touchZone":"none","type":4,"width":16.0555}],"r":[[0.889685,-0.135978,0.435856],[0.0510501,0.978262,0.200993],[-0.453712,-0.15657,0.877286]],"s":1.36881,"t":[68.3258,27.6694,-138.938],"timestamp":97793698028},false],[2,{"currentFrameRate":100.493,"devices":[],"gestures":[],"hands":[{"armBasis":[[0.964792,0.162652,-0.20669],[-0.0591618,0.899919,0.432025],[0.256274,-0.404586,0.877858]],"armWidth":63.7122,"confidence":0.48594,"direction":[-0.0684865,0.926492,-0.370031],"elbow":[81.5308,89.4888,266.815],"grabStrength":0.462485,"id":502,"palmNormal":[0.0173186,-0.369742,-0.928973],"palmPosition":[1.11963,246.607,5.9013],"palmVelocity":[64.8534,-31.6103,13.3301],"palmWidth":90.9788,"pinchStrength":0.491501,"r":[[0.889247,-0.139655,0.435587],[0.0540738,0.977672,0.203063],[-0.454219,-0.157019,0.876943]],"s":1.36608,"sphereCenter":[8.48604,243.219,-43.6025],"sphereRadius":47.1759,"stabilizedPalmPosition":[-1.56885,248.989,4.71436],"t":[68.9667,27.451,-138.873],"timeVisible":12.7887,"type":"right","wrist":[12.3454,198.713,29.8225]}],"id":1796659,"interactionBox":{"center":[0,200,0],"size":[235.247,235.247,147.751]},"pointables":[{"bases":[[[0.372538,0.539676,0.754961],[-0.783801,-0.252583,0.567326],[0.496862,-0.803089,0.328901]],[[0.282593,0.668415,0.688013],[-0.844392,-0.166973,0.509041],[0.45513,-0.724804,0.517219]],[[0.282593,0.668415,0.688013],[-0.953641,0.118384,0.276685],[0.103491,-0.734307,0.670883]],[[0.282593,0.668415,0.688013],[-0.946219,0.312022,0.0855138],[-0.157517,-0.675176,0.720642]]],"btipPosition":[-38.2249,266.564,-44.2287],"carpPosition":[-15.6666,189.555,21.3213],"dipPosition":[-41.9109,250.764,-27.3652],"direction":[-0.103491,0.734307,-0.670883],"extended":false,"handId":502,"id":5020,"length":52.11,"mcpPosition":[-15.6666,189.555,21.3213],"pipPosition":[-38.3828,225.731,-4.49385],"stabilizedTipPosition":[-39.1721,262.919,-40.3298],"timeVisible":12.7887,"tipPosition":[-39.5722,263.608,-39.1133],"tipVelocity":[88.6738,-25.6527,-15.7133],"tool":false,"touchDistance":-0.155563,"touchZone":"touching","type":0,"width":20.2475},{"bases":[[[0.971842,0.224596,-0.071274],[-0.0519865,0.499392,0.864815],[0.229828,-0.836758,0.497006]],[[0.957493,0.270968,-0.0989144],[-0.218361,0.904934,0.365256],[0.188484,-0.328131,0.925637]],[[0.957493,0.270968,-0.0989144],[-0.24795,0.948363,0.197809],[0.147407,-0.164875,0.975237]],[[0.957493,0.270968,-0.0989144],[-0.262609,0.960719,0.0897526],[0.119349,-0.0599617,0.99104]]],"btipPosition":[-39.298,287.918,-81.3723],"carpPosition":[-8.69373,207.261,35.4498],"dipPosition":[-37.2591,286.893,-64.4419],"direction":[-0.147407,0.164875,-0.975237],"extended":true,"handId":502,"id":5021,"length":58.8003,"mcpPosition":[-25.6,268.813,-1.11026],"pipPosition":[-33.6967,282.909,-40.8729],"stabilizedTipPosition":[-38.9409,287.656,-77.5015],"timeVisible":12.7887,"tipPosition":[-39.0032,289.158,-76.9482],"tipVelocity":[88.8472,-27.5204,14.4924],"tool":false,"touchDistance":-0.180107,"touchZone":"touching","type":1,"width":19.3404},{"bases":[[[0.988485,0.0210351,-0.14985],[0.118122,0.511681,0.851017],[0.0945766,-0.858918,0.503304]],[[0.98874,0.018688,-0.148474],[-0.0770447,0.914142,-0.398007],[0.128288,0.404964,0.905288]],[[0.98874,0.018688,-0.148474],[-0.133972,-0.331514,-0.93389],[-0.0666738,0.943265,-0.325277]],[[0.98874,0.018688,-0.148474],[-0.0688697,-0.82403,-0.562345],[-0.132856,0.566238,-0.813464]]],"btipPosition":[-5.46953,214.28,-18.4458],"carpPosition":[2.91881,211.339,35.7609],"dipPosition":[-7.96586,224.92,-33.7306],"direction":[0.0666738,-0.943265,0.325277],"extended":false,"handId":502,"id":5022,"length":66.9982,"mcpPosition":[-3.6788,271.257,0.650731],"pipPosition":[-9.86159,251.74,-42.9791],"stabilizedTipPosition":[-8.68984,219.475,-23.6304],"timeVisible":12.7887,"tipPosition":[-6.16194,216.64,-22.5757],"tipVelocity":[52.9846,-19.0697,7.81475],"tool":false,"touchDistance":0.333333,"touchZone":"none","type":2,"width":18.9949},{"bases":[[[0.979893,-0.144224,-0.137875],[0.191397,0.484235,0.853747],[-0.0563667,-0.862969,0.502103]],[[0.980467,-0.134471,-0.143536],[0.0743714,0.929061,-0.362373],[0.182082,0.344619,0.920915]],[[0.980467,-0.134471,-0.143536],[-0.173619,-0.248806,-0.952865],[0.0924205,0.959173,-0.267292]],[[0.980467,-0.134471,-0.143536],[-0.194603,-0.769142,-0.608729],[-0.0285427,0.624771,-0.780286]]],"btipPosition":[8.39943,213.176,-16.3256],"carpPosition":[15.0301,212.761,34.2826],"dipPosition":[7.86621,224.848,-30.9027],"direction":[-0.0924205,-0.959173,0.267292],"extended":false,"handId":502,"id":5023,"length":64.4205,"mcpPosition":[18.5605,266.811,2.83471],"pipPosition":[10.4261,251.416,-38.3063],"stabilizedTipPosition":[6.29671,217.197,-19.8986],"timeVisible":12.7887,"tipPosition":[8.26049,215.51,-19.2033],"tipVelocity":[52.2198,-17.9197,-5.07259],"tool":false,"touchDistance":0.333333,"touchZone":"none","type":3,"width":18.0748},{"bases":[[[0.921599,-0.321148,-0.217991],[0.33574,0.377752,0.862892],[-0.194769,-0.868428,0.455958]],[[0.911591,-0.361015,-0.196645],[0.272194,0.888518,-0.369387],[0.308077,0.283205,0.908231]],[[0.911591,-0.361015,-0.196645],[-0.280213,-0.195657,-0.939787],[0.300802,0.911804,-0.27952]],[[0.911591,-0.361015,-0.196645],[-0.402722,-0.68816,-0.603532],[0.0825606,0.629367,-0.77271]]],"btipPosition":[20.267,220.322,-11.6667],"carpPosition":[27.1722,208.663,28.0954],"dipPosition":[21.6899,231.169,-24.9841],"direction":[-0.300802,-0.911804,0.27952],"extended":false,"handId":502,"id":5024,"length":50.5045,"mcpPosition":[38.4645,259.013,1.65986],"pipPosition":[27.5725,249,-30.4505],"stabilizedTipPosition":[18.4421,224.748,-15.3594],"timeVisible":12.7887,"tipPosition":[20.7779,222.731,-14.7308],"tipVelocity":[54.4043,-31.9477,4.23584],"tool":false,"touchDistance":0.333333,"touchZone":"none","type":4,"width":16.0555}],"r":[[0.889247,-0.139655,0.435587],[0.0540738,0.977672,0.203063],[-0.454219,-0.157019,0.876943]],"s":1.36608,"t":[68.9667,27.451,-138.873],"timestamp":97793707871},false],[3,{"currentFrameRate":100.487,"devices":[],"gestures":[],"hands":[{"armBasis":[[0.964291,0.161975,-0.20954],[-0.0573398,0.900096,0.431903],[0.258563,-0.404465,0.877242]],"armWidth":63.7122,"confidence":0.492284,"direction":[-0.0644444,0.927076,-0.369293],"elbow":[82.4448,89.3986,266.921],"grabStrength":0.472115,"id":502,"palmNormal":[0.0185229,-0.368887,-0.92929],"palmPosition":[1.63708,246.545,6.19214],"palmVelocity":[60.9921,-24.031,18.0745],"palmWidth":90.9788,"pinchStrength":0.49741,"r":[[0.888566,-0.14327,0.435802],[0.057033,0.977112,0.204939],[-0.455189,-0.157247,0.8764]],"s":1.36328,"sphereCenter":[9.32074,243.155,-43.3117],"sphereRadius":47.1621,"stabilizedPalmPosition":[-0.994019,248.55,4.97933],"t":[69.5458,27.3106,-138.695],"timeVisible":12.7986,"type":"right","wrist":[12.6413,198.591,30.0952]}],"id":1796660,"interactionBox":{"center":[0,200,0],"size":[235.247,235.247,147.751]},"pointables":[{"bases":[[[0.372349,0.537697,0.756465],[-0.786116,-0.250535,0.565025],[0.493333,-0.805056,0.329405]],[[0.281481,0.668745,0.688149],[-0.847637,-0.162842,0.50497],[0.449756,-0.72544,0.521016]],[[0.281481,0.668745,0.688149],[-0.953983,0.117776,0.275763],[0.103368,-0.734104,0.671123]],[[0.281481,0.668745,0.688149],[-0.944755,0.318661,0.0767688],[-0.167947,-0.671741,0.721497]]],"btipPosition":[-37.4204,266.487,-44.2559],"carpPosition":[-15.3786,189.533,21.5119],"dipPosition":[-41.3505,250.767,-27.3723],"direction":[-0.103368,0.734104,-0.671123],"extended":false,"handId":502,"id":5020,"length":52.11,"mcpPosition":[-15.3786,189.533,21.5119],"pipPosition":[-37.8265,225.741,-4.49279],"stabilizedTipPosition":[-38.4057,262.876,-40.3685],"timeVisible":12.7986,"tipPosition":[-38.8022,263.56,-39.1456],"tipVelocity":[84.6214,-19.7384,-11.6907],"tool":false,"touchDistance":-0.155938,"touchZone":"touching","type":0,"width":20.2475},{"bases":[[[0.972765,0.221438,-0.0685119],[-0.0525926,0.498715,0.865169],[0.22575,-0.838003,0.496778]],[[0.958359,0.268716,-0.0966401],[-0.217989,0.907015,0.360284],[0.184468,-0.324215,0.927823]],[[0.958359,0.268716,-0.0966401],[-0.246923,0.949774,0.192244],[0.143445,-0.160376,0.976577]],[[0.958359,0.268716,-0.0966401],[-0.261145,0.961624,0.0841567],[0.115546,-0.0554153,0.991755]]],"btipPosition":[-38.3551,287.596,-81.2679],"carpPosition":[-8.38403,207.202,35.676],"dipPosition":[-36.3812,286.649,-64.3252],"direction":[-0.143445,0.160376,-0.976577],"extended":true,"handId":502,"id":5021,"length":58.8003,"mcpPosition":[-24.9903,268.846,-0.867284],"pipPosition":[-32.9145,282.773,-40.7239],"stabilizedTipPosition":[-38.0026,287.405,-77.3838],"timeVisible":12.7986,"tipPosition":[-38.0719,288.868,-76.846],"tipVelocity":[90.1339,-28.4088,13.3782],"tool":false,"touchDistance":-0.178319,"touchZone":"touching","type":1,"width":19.3404},{"bases":[[[0.988938,0.0179003,-0.147245],[0.117591,0.510453,0.851828],[0.0904097,-0.85972,0.502701]],[[0.98917,0.0156652,-0.145938],[-0.0729953,0.915113,-0.396534],[0.127338,0.402892,0.906346]],[[0.98917,0.0156652,-0.145938],[-0.132656,-0.330094,-0.93458],[-0.0628136,0.943818,-0.324441]],[[0.98917,0.0156652,-0.145938],[-0.0699999,-0.823579,-0.562866],[-0.129009,0.566985,-0.813563]]],"btipPosition":[-4.99278,214.309,-18.2161],"carpPosition":[3.24111,211.242,36.0215],"dipPosition":[-7.41682,224.962,-33.5027],"direction":[0.0628136,-0.943818,0.324441],"extended":false,"handId":502,"id":5022,"length":66.9982,"mcpPosition":[-3.06581,271.215,0.953403],"pipPosition":[-9.20279,251.798,-42.7275],"stabilizedTipPosition":[-8.16128,219.018,-23.3108],"timeVisible":12.7986,"tipPosition":[-5.66455,216.658,-22.3228],"tipVelocity":[51.9503,-12.4111,12.3622],"tool":false,"touchDistance":0.333333,"touchZone":"none","type":2,"width":18.9949},{"bases":[[[0.979766,-0.147341,-0.135456],[0.190768,0.482761,0.854722],[-0.0605425,-0.863268,0.501101]],[[0.980403,-0.137313,-0.141262],[0.0790301,0.930967,-0.356447],[0.180455,0.338298,0.923575]],[[0.980403,-0.137313,-0.141262],[-0.171684,-0.243862,-0.954493],[0.0966157,0.96004,-0.262657]],[[0.980403,-0.137313,-0.141262],[-0.195468,-0.767358,-0.610699],[-0.0245419,0.626344,-0.779161]]],"btipPosition":[8.87349,213.288,-16.2375],"carpPosition":[15.3609,212.625,34.5762],"dipPosition":[8.415,224.989,-30.7935],"direction":[-0.0966157,-0.96004,0.262657],"extended":false,"handId":502,"id":5023,"length":64.4205,"mcpPosition":[19.1528,266.694,3.19111],"pipPosition":[11.0911,251.58,-38.0688],"stabilizedTipPosition":[6.80559,216.946,-19.8341],"timeVisible":12.7986,"tipPosition":[8.74762,215.589,-19.0737],"tipVelocity":[51.3502,-9.00796,-0.764646],"tool":false,"touchDistance":0.333333,"touchZone":"none","type":3,"width":18.0748},{"bases":[[[0.921095,-0.323992,-0.215899],[0.334732,0.37579,0.864139],[-0.198841,-0.868223,0.454589]],[[0.910903,-0.363837,-0.194624],[0.276353,0.88821,-0.367032],[0.306406,0.280546,0.90962]],[[0.910903,-0.363837,-0.194624],[-0.27824,-0.193321,-0.940856],[0.304693,0.91118,-0.27733]],[[0.910903,-0.363837,-0.194624],[-0.403411,-0.686181,-0.605323],[0.0866921,0.629904,-0.77182]]],"btipPosition":[20.7481,220.236,-11.3733],"carpPosition":[27.5055,208.493,28.4168],"dipPosition":[22.2422,231.092,-24.6753],"direction":[-0.304693,-0.91118,0.27733],"extended":false,"handId":502,"id":5024,"length":50.5045,"mcpPosition":[39.0339,258.831,2.06057],"pipPosition":[28.2009,248.912,-30.0989],"stabilizedTipPosition":[18.9581,224.356,-15.179],"timeVisible":12.7986,"tipPosition":[21.2685,222.64,-14.4249],"tipVelocity":[53.0689,-24.8924,11.884],"tool":false,"touchDistance":0.333333,"touchZone":"none","type":4,"width":16.0555}],"r":[[0.888566,-0.14327,0.435802],[0.057033,0.977112,0.204939],[-0.455189,-0.157247,0.8764]],"s":1.36328,"t":[69.5458,27.3106,-138.695],"timestamp":97793717833},false],[4,{"currentFrameRate":100.606,"devices":[],"gestures":[],"hands":[{"armBasis":[[0.965178,0.156529,-0.209596],[-0.0530336,0.90167,0.429161],[0.256162,-0.403101,0.878573]],"armWidth":63.7122,"confidence":0.500147,"direction":[-0.0614297,0.929299,-0.364183],"elbow":[82.4302,89.6339,266.976],"grabStrength":0.4788,"id":502,"palmNormal":[0.0150432,-0.363968,-0.93129],"palmPosition":[2.41656,246.584,6.16788],"palmVelocity":[66.6388,-15.8168,12.0527],"palmWidth":90.9788,"pinchStrength":0.501054,"r":[[0.888079,-0.147353,0.435434],[0.0602839,0.976384,0.207463],[-0.455721,-0.157994,0.875989]],"s":1.36068,"sphereCenter":[10.0943,243.414,-43.3827],"sphereRadius":47.1488,"stabilizedPalmPosition":[-0.397478,248.206,5.18722],"t":[70.2252,27.26,-138.618],"timeVisible":12.8083,"type":"right","wrist":[13.2749,198.458,29.7901]}],"id":1796661,"interactionBox":{"center":[0,200,0],"size":[235.247,235.247,147.751]},"pointables":[{"bases":[[[0.37615,0.532105,0.758535],[-0.785936,-0.250351,0.565357],[0.490729,-0.808819,0.324031]],[[0.284515,0.665376,0.690164],[-0.848069,-0.161004,0.504833],[0.447023,-0.72894,0.518476]],[[0.284515,0.665376,0.690164],[-0.952792,0.11665,0.280321],[0.106011,-0.737338,0.667153]],[[0.284515,0.665376,0.690164],[-0.942596,0.325446,0.0748216],[-0.174827,-0.671833,0.719775]]],"btipPosition":[-36.6345,266.802,-44.247],"carpPosition":[-14.7999,189.561,21.2183],"dipPosition":[-40.7256,251.08,-27.4038],"direction":[-0.106011,0.737338,-0.667153],"extended":false,"handId":502,"id":5020,"length":52.11,"mcpPosition":[-14.7999,189.561,21.2183],"pipPosition":[-37.1115,225.943,-4.65957],"stabilizedTipPosition":[-37.6514,263.157,-40.3726],"timeVisible":12.8083,"tipPosition":[-38.0154,263.875,-39.1615],"tipVelocity":[82.4301,-4.48431,-8.28127],"tool":false,"touchDistance":-0.155945,"touchZone":"touching","type":0,"width":20.2475},{"bases":[[[0.973516,0.217829,-0.0694068],[-0.0487167,0.494276,0.867939],[0.223368,-0.841571,0.491797]],[[0.959,0.266042,-0.0976781],[-0.214784,0.907119,0.361942],[0.184897,-0.326123,0.927069]],[[0.959,0.266042,-0.0976781],[-0.243819,0.950184,0.194171],[0.14447,-0.162394,0.976093]],[[0.959,0.266042,-0.0976781],[-0.258138,0.962236,0.0864084],[0.116978,-0.0576512,0.99146]]],"btipPosition":[-37.5667,287.95,-81.0664],"carpPosition":[-7.70309,207.125,35.4619],"dipPosition":[-35.5683,286.965,-64.1288],"direction":[-0.14447,0.162394,-0.976093],"extended":true,"handId":502,"id":5021,"length":58.8003,"mcpPosition":[-24.1342,269.031,-0.714958],"pipPosition":[-32.0768,283.041,-40.5392],"stabilizedTipPosition":[-37.195,287.692,-77.1917],"timeVisible":12.8083,"tipPosition":[-37.2639,289.195,-76.651],"tipVelocity":[87.6917,-9.68121,15.5017],"tool":false,"touchDistance":-0.17498,"touchZone":"touching","type":1,"width":19.3404},{"bases":[[[0.988689,0.0146515,-0.149264],[0.121485,0.50539,0.854296],[0.0879531,-0.862767,0.497894]],[[0.988904,0.0125129,-0.148029],[-0.070107,0.917817,-0.390764],[0.130974,0.396806,0.90851]],[[0.988904,0.0125129,-0.148029],[-0.136014,-0.324477,-0.936064],[-0.0597449,0.945811,-0.319175]],[[0.988904,0.0125129,-0.148029],[-0.0744451,-0.820561,-0.56669],[-0.128558,0.571422,-0.810524]]],"btipPosition":[-4.39429,214.548,-18.4091],"carpPosition":[3.93921,211.115,35.8042],"dipPosition":[-6.80986,225.285,-33.6386],"direction":[0.0597449,-0.945811,0.319174],"extended":false,"handId":502,"id":5022,"length":66.9982,"mcpPosition":[-2.19635,271.301,1.07146],"pipPosition":[-8.50858,252.177,-42.7137],"stabilizedTipPosition":[-7.62537,218.684,-23.0773],"timeVisible":12.8083,"tipPosition":[-5.06322,216.908,-22.481],"tipVelocity":[54.846,-0.990024,3.31892],"tool":false,"touchDistance":0.333333,"touchZone":"none","type":2,"width":18.9949},{"bases":[[[0.978866,-0.150612,-0.138341],[0.194554,0.477385,0.856885],[-0.0630154,-0.86569,0.496598]],[[0.979546,-0.140309,-0.144235],[0.0826589,0.9341,-0.347309],[0.183461,0.328283,0.926592]],[[0.979546,-0.140309,-0.144235],[-0.174483,-0.235222,-0.956152],[0.100229,0.961761,-0.254893]],[[0.979546,-0.140309,-0.144235],[-0.199809,-0.763031,-0.614703],[-0.0238078,0.630949,-0.775459]]],"btipPosition":[9.48088,213.585,-16.6103],"carpPosition":[16.0615,212.457,34.3404],"dipPosition":[9.03611,225.372,-31.0972],"direction":[-0.100229,-0.961761,0.254892],"extended":false,"handId":502,"id":5023,"length":64.4205,"mcpPosition":[20.0083,266.677,3.23734],"pipPosition":[11.8123,252.011,-38.1573],"stabilizedTipPosition":[7.30781,216.819,-19.8552],"timeVisible":12.8083,"tipPosition":[9.35524,215.87,-19.4091],"tipVelocity":[54.7264,3.17769,-11.2995],"tool":false,"touchDistance":0.333333,"touchZone":"none","type":3,"width":18.0748},{"bases":[[[0.919301,-0.326587,-0.219603],[0.338098,0.369778,0.865421],[-0.201431,-0.86983,0.450356]],[[0.908987,-0.366517,-0.198512],[0.279547,0.889312,-0.361909],[0.309185,0.273477,0.910832]],[[0.908987,-0.366517,-0.198512],[-0.280815,-0.186526,-0.941462],[0.308034,0.911522,-0.272473]],[[0.908987,-0.366517,-0.198512],[-0.407495,-0.681203,-0.608202],[0.0876891,0.633741,-0.768559]]],"btipPosition":[21.388,220.322,-11.6057],"carpPosition":[28.1759,208.308,28.1329],"dipPosition":[22.8993,231.244,-24.8516],"direction":[-0.308034,-0.911522,0.272473],"extended":false,"handId":502,"id":5024,"length":50.5045,"mcpPosition":[39.8545,258.739,2.02214],"pipPosition":[28.9233,249.07,-30.1802],"stabilizedTipPosition":[19.4846,224.068,-15.0792],"timeVisible":12.8083,"tipPosition":[21.9048,222.731,-14.6351],"tipVelocity":[56.9454,-14.5723,1.78778],"tool":false,"touchDistance":0.333333,"touchZone":"none","type":4,"width":16.0555}],"r":[[0.888079,-0.147353,0.435434],[0.0602839,0.976384,0.207463],[-0.455721,-0.157994,0.875989]],"s":1.36068,"t":[70.2252,27.26,-138.618],"timestamp":97793727542},false],[5,{"currentFrameRate":100.657,"devices":[],"gestures":[],"hands":[{"armBasis":[[0.965827,0.153335,-0.208968],[-0.0503871,0.901932,0.428929],[0.254244,-0.403742,0.878836]],"armWidth":63.7122,"confidence":0.505314,"direction":[-0.0581428,0.929786,-0.363479],"elbow":[82.2357,89.4982,267.016],"grabStrength":0.487851,"id":502,"palmNormal":[0.0144555,-0.363273,-0.931571],"palmPosition":[2.91315,246.675,6.16895],"palmVelocity":[61.8597,-8.37839,8.51856],"palmWidth":90.9788,"pinchStrength":0.505214,"r":[[0.887524,-0.15127,0.435223],[0.063496,0.975714,0.209644],[-0.456366,-0.158429,0.875574]],"s":1.35804,"sphereCenter":[10.7377,243.5,-43.3884],"sphereRadius":47.1221,"stabilizedPalmPosition":[0.185897,247.937,5.36021],"t":[70.8131,27.2805,-138.579],"timeVisible":12.8182,"type":"right","wrist":[13.5982,198.495,29.7597]}],"id":1796662,"interactionBox":{"center":[0,200,0],"size":[235.247,235.247,147.751]},"pointables":[{"bases":[[[0.3774,0.530262,0.759205],[-0.787122,-0.248222,0.564646],[0.487861,-0.810684,0.323702]],[[0.285435,0.664936,0.690208],[-0.849587,-0.157739,0.503309],[0.443542,-0.730054,0.519897]],[[0.285435,0.664936,0.690208],[-0.952499,0.117032,0.281157],[0.106175,-0.737674,0.666756]],[[0.285435,0.664936,0.690208],[-0.940708,0.33211,0.0690783],[-0.183292,-0.669001,0.720306]]],"btipPosition":[-35.9685,266.939,-44.3725],"carpPosition":[-14.5002,189.697,21.1626],"dipPosition":[-40.2576,251.284,-27.5168],"direction":[-0.106175,0.737674,-0.666756],"extended":false,"handId":502,"id":5020,"length":52.11,"mcpPosition":[-14.5002,189.697,21.1626],"pipPosition":[-36.638,226.135,-4.78618],"stabilizedTipPosition":[-37.0113,263.323,-40.4857],"timeVisible":12.8182,"tipPosition":[-37.3815,264.027,-39.3087],"tipVelocity":[76.7051,1.4309,-9.52039],"tool":false,"touchDistance":-0.157989,"touchZone":"touching","type":0,"width":20.2475},{"bases":[[[0.974271,0.214688,-0.068601],[-0.0476599,0.493741,0.868302],[0.220285,-0.842692,0.491269]],[[0.95971,0.263632,-0.0972313],[-0.213523,0.909161,0.357539],[0.182658,-0.322372,0.928823]],[[0.95971,0.263632,-0.0972313],[-0.242193,0.951546,0.18948],[0.142473,-0.158298,0.977058]],[[0.95971,0.263632,-0.0972313],[-0.256279,0.963131,0.0818535],[0.115226,-0.0536373,0.99189]]],"btipPosition":[-36.8174,287.806,-81.1706],"carpPosition":[-7.35499,207.227,35.4249],"dipPosition":[-34.8489,286.889,-64.2257],"direction":[-0.142473,0.158298,-0.977058],"extended":true,"handId":502,"id":5021,"length":58.8003,"mcpPosition":[-23.5593,269.216,-0.713156],"pipPosition":[-31.4057,283.064,-40.6127],"stabilizedTipPosition":[-36.4353,287.603,-77.2664],"timeVisible":12.8182,"tipPosition":[-36.5205,289.074,-76.7588],"tipVelocity":[84.0775,-10.6884,7.82989],"tool":false,"touchDistance":-0.17669,"touchZone":"touching","type":1,"width":19.3404},{"bases":[[[0.988829,0.0115257,-0.148611],[0.122586,0.504307,0.854779],[0.0847973,-0.863447,0.49726]],[[0.989017,0.0095842,-0.147492],[-0.0668519,0.918994,-0.388562],[0.13182,0.394155,0.909541]],[[0.989017,0.0095842,-0.147492],[-0.136536,-0.322903,-0.936532],[-0.0566015,0.946384,-0.318048]],[[0.989017,0.0095842,-0.147492],[-0.0765764,-0.820295,-0.566791],[-0.126419,0.57186,-0.810552]]],"btipPosition":[-3.98359,214.762,-18.4725],"carpPosition":[4.3001,211.178,35.7779],"dipPosition":[-6.35897,225.507,-33.7025],"direction":[0.0566015,-0.946384,0.318048],"extended":false,"handId":502,"id":5022,"length":66.9982,"mcpPosition":[-1.61531,271.412,1.08931],"pipPosition":[-7.96832,252.416,-42.7456],"stabilizedTipPosition":[-7.09886,218.437,-22.8899],"timeVisible":12.8182,"tipPosition":[-4.6394,217.1,-22.5065],"tipVelocity":[51.2504,5.79859,0.426562],"tool":false,"touchDistance":0.333333,"touchZone":"none","type":2,"width":18.9949},{"bases":[[[0.978456,-0.153713,-0.137826],[0.195561,0.47606,0.857393],[-0.0661791,-0.865875,0.495864]],[[0.979186,-0.143207,-0.143826],[0.0864161,0.935354,-0.342994],[0.183647,0.323426,0.928261]],[[0.979186,-0.143207,-0.143826],[-0.174445,-0.231598,-0.957043],[0.103745,0.962213,-0.251759]],[[0.979186,-0.143207,-0.143826],[-0.201834,-0.76169,-0.615704],[-0.0213781,0.631918,-0.77474]]],"btipPosition":[9.89409,213.807,-16.7565],"carpPosition":[16.4276,212.481,34.323],"dipPosition":[9.49471,225.612,-31.23],"direction":[-0.103745,-0.962213,0.251759],"extended":false,"handId":502,"id":5023,"length":64.4205,"mcpPosition":[20.5726,266.713,3.2659],"pipPosition":[12.3683,252.264,-38.2034],"stabilizedTipPosition":[7.78213,216.763,-19.899],"timeVisible":12.8182,"tipPosition":[9.77534,216.073,-19.5385],"tipVelocity":[51.2778,9.05736,-12.2626],"tool":false,"touchDistance":0.333333,"touchZone":"none","type":3,"width":18.0748},{"bases":[[[0.918368,-0.329427,-0.219268],[0.338746,0.367976,0.865936],[-0.204578,-0.869524,0.449529]],[[0.907923,-0.369292,-0.198241],[0.283308,0.889276,-0.359062],[0.30889,0.269837,0.912017]],[[0.907923,-0.369292,-0.198241],[-0.280424,-0.183685,-0.942137],[0.31151,0.910979,-0.27033]],[[0.907923,-0.369292,-0.198241],[-0.409303,-0.679326,-0.609086],[0.0902601,0.634144,-0.767928]]],"btipPosition":[21.8251,220.426,-11.6653],"carpPosition":[28.5325,208.298,28.1201],"dipPosition":[23.3807,231.355,-24.9003],"direction":[-0.31151,-0.910979,0.27033],"extended":false,"handId":502,"id":5024,"length":50.5045,"mcpPosition":[40.3935,258.711,2.05722],"pipPosition":[29.4727,249.171,-30.187],"stabilizedTipPosition":[19.9968,223.853,-15.009],"timeVisible":12.8182,"tipPosition":[22.3393,222.818,-14.6724],"tipVelocity":[53.5522,-7.07115,-0.45924],"tool":false,"touchDistance":0.333333,"touchZone":"none","type":4,"width":16.0555}],"r":[[0.887524,-0.15127,0.435223],[0.063496,0.975714,0.209644],[-0.456366,-0.158429,0.875574]],"s":1.35804,"t":[70.8131,27.2805,-138.579],"timestamp":97793737378},false],[6,{"currentFrameRate":100.7,"devices":[],"gestures":[],"hands":[{"armBasis":[[0.966129,0.154721,-0.206535],[-0.0523459,0.901194,0.430244],[0.252696,-0.40486,0.878768]],"armWidth":63.7122,"confidence":0.51111,"direction":[-0.0579071,0.93153,-0.359024],"elbow":[82.2066,89.4496,266.689],"grabStrength":0.49736,"id":502,"palmNormal":[0.0172295,-0.358641,-0.933317],"palmPosition":[3.327,247.037,6.07013],"palmVelocity":[55.9844,4.96368,3.02349],"palmWidth":90.9788,"pinchStrength":0.509707,"r":[[0.886861,-0.154694,0.435371],[0.0657984,0.974967,0.212389],[-0.457327,-0.159713,0.874839]],"s":1.35527,"sphereCenter":[11.3946,244.095,-43.4672],"sphereRadius":47.0743,"stabilizedPalmPosition":[0.736792,247.779,5.48472],"t":[71.314,27.4713,-138.609],"timeVisible":12.828,"type":"right","wrist":[13.9871,198.748,29.4505]}],"id":1796663,"interactionBox":{"center":[0,200,0],"size":[235.247,235.247,147.751]},"pointables":[{"bases":[[[0.374952,0.526787,0.762828],[-0.78843,-0.251628,0.561303],[0.487636,-0.811898,0.320986]],[[0.281842,0.663309,0.693243],[-0.851855,-0.159471,0.498912],[0.441485,-0.731156,0.520097]],[[0.281842,0.663309,0.693243],[-0.953328,0.112035,0.280384],[0.108314,-0.739911,0.663927]],[[0.281842,0.663309,0.693243],[-0.939339,0.337961,0.058525],[-0.195469,-0.667685,0.718324]]],"btipPosition":[-35.2349,267.313,-44.6675],"carpPosition":[-14.0812,189.971,20.7348],"dipPosition":[-39.809,251.689,-27.8582],"direction":[-0.108314,0.739911,-0.663927],"extended":false,"handId":502,"id":5020,"length":52.11,"mcpPosition":[-14.0812,189.971,20.7348],"pipPosition":[-36.1164,226.464,-5.224],"stabilizedTipPosition":[-36.3457,263.688,-40.7758],"timeVisible":12.828,"tipPosition":[-36.7356,264.414,-39.6273],"tipVelocity":[74.0784,12.4835,-15.8935],"tool":false,"touchDistance":-0.163084,"touchZone":"touching","type":0,"width":20.2475},{"bases":[[[0.97428,0.215782,-0.0649318],[-0.0503681,0.489395,0.870606],[0.219639,-0.844944,0.487676]],[[0.959543,0.265502,-0.0937336],[-0.216701,0.90893,0.356213],[0.179772,-0.321489,0.929692]],[[0.959543,0.265502,-0.0937336],[-0.244714,0.951047,0.188745],[0.139257,-0.158171,0.977542]],[[0.959543,0.265502,-0.0937336],[-0.258356,0.962583,0.0817689],[0.111936,-0.0542442,0.992234]]],"btipPosition":[-36.145,288.149,-81.2834],"carpPosition":[-6.98803,207.435,35.1027],"dipPosition":[-34.2328,287.223,-64.3326],"direction":[-0.139257,0.158171,-0.977542],"extended":true,"handId":502,"id":5021,"length":58.8003,"mcpPosition":[-23.1448,269.59,-0.770997],"pipPosition":[-30.8673,283.4,-40.7079],"stabilizedTipPosition":[-35.7591,287.912,-77.3759],"timeVisible":12.828,"tipPosition":[-35.8661,289.414,-76.8697],"tipVelocity":[79.0079,2.74324,2.16102],"tool":false,"touchDistance":-0.178546,"touchZone":"touching","type":1,"width":19.3404},{"bases":[[[0.989212,0.0130304,-0.145907],[0.119905,0.500161,0.857591],[0.0841519,-0.865835,0.493203]],[[0.989388,0.0111983,-0.144863],[-0.066442,0.921544,-0.382547],[0.129214,0.388113,0.912509]],[[0.989388,0.0111983,-0.144863],[-0.13377,-0.318959,-0.938281],[-0.0567127,0.947702,-0.314076]],[[0.989388,0.0111983,-0.144863],[-0.0740659,-0.818886,-0.569157],[-0.125,0.573847,-0.809367]]],"btipPosition":[-3.47362,215.361,-18.739],"carpPosition":[4.66296,211.394,35.5065],"dipPosition":[-5.82233,226.143,-33.9468],"direction":[0.0567127,-0.947702,0.314076],"extended":false,"handId":502,"id":5022,"length":66.9982,"mcpPosition":[-1.20743,271.794,1.10098],"pipPosition":[-7.43484,253.089,-42.8769],"stabilizedTipPosition":[-6.5756,218.336,-22.7791],"timeVisible":12.828,"tipPosition":[-4.11806,217.674,-22.7439],"tipVelocity":[51.5932,22.349,-7.5615],"tool":false,"touchDistance":0.333333,"touchZone":"none","type":2,"width":18.9949},{"bases":[[[0.978942,-0.152268,-0.135969],[0.192895,0.471958,0.86026],[-0.0668183,-0.868372,0.491391]],[[0.979685,-0.141643,-0.141965],[0.0868571,0.937762,-0.336241],[0.180756,0.317079,0.931015]],[[0.979685,-0.141643,-0.141965],[-0.171727,-0.226935,-0.95865],[0.103569,0.963555,-0.246649]],[[0.979685,-0.141643,-0.141965],[-0.199519,-0.759798,-0.618789],[-0.0202179,0.634543,-0.772623]]],"btipPosition":[10.4122,214.393,-17.0129],"carpPosition":[16.7933,212.714,34.0905],"dipPosition":[10.0345,226.248,-31.4468],"direction":[-0.103569,-0.963555,0.246649],"extended":false,"handId":502,"id":5023,"length":64.4205,"mcpPosition":[20.9783,267.102,3.31359],"pipPosition":[12.9032,252.937,-38.2786],"stabilizedTipPosition":[8.2458,216.828,-19.9781],"timeVisible":12.828,"tipPosition":[10.2929,216.651,-19.8068],"tipVelocity":[51.8219,24.3469,-16.0688],"tool":false,"touchDistance":0.333333,"touchZone":"none","type":3,"width":18.0748},{"bases":[[[0.91921,-0.327623,-0.21844],[0.336142,0.363944,0.86865],[-0.20509,-0.871899,0.444669]],[[0.908786,-0.367442,-0.197724],[0.284216,0.89204,-0.351406],[0.305499,0.263157,0.915106]],[[0.908786,-0.367442,-0.197724],[-0.277299,-0.177757,-0.944197],[0.311791,0.912902,-0.263434]],[[0.908786,-0.367442,-0.197724],[-0.407062,-0.676577,-0.613632],[0.0916988,0.638146,-0.764435]]],"btipPosition":[22.3299,220.966,-11.9085],"carpPosition":[28.918,208.57,27.8993],"dipPosition":[23.9103,231.964,-25.0833],"direction":[-0.311791,-0.912902,0.263434],"extended":false,"handId":502,"id":5024,"length":50.5045,"mcpPosition":[40.8087,259.121,2.11829],"pipPosition":[30.0078,249.817,-30.2351],"stabilizedTipPosition":[20.499,223.787,-14.9959],"timeVisible":12.828,"tipPosition":[22.8345,223.351,-14.8781],"tipVelocity":[53.0439,11.7437,-7.22194],"tool":false,"touchDistance":0.333333,"touchZone":"none","type":4,"width":16.0