{"sensorType":"Leap","data":[[0,{"currentFrameRate":105.311,"devices":[],"gestures":[{"center":[-130.349,225.628,10.1762],"duration":28302,"handIds":[369],"id":2,"normal":[0.721487,-0.278228,0.634071],"pointableIds":[3690],"progress":0.796819,"radius":22.3831,"state":"update","type":"circle"},{"center":[-130.57,269.33,-19.5657],"duration":0,"handIds":[369],"id":3,"normal":[0.652752,-0.091166,0.752066],"pointableIds":[3691],"progress":0.763085,"radius":34.3622,"state":"start","type":"circle"}],"hands":[{"armBasis":[[0.908041,-0.15776,-0.388037],[0.262763,0.935965,0.234362],[0.326216,-0.314772,0.891348]],"armWidth":63.029,"confidence":0.810084,"direction":[-0.0135267,0.81721,-0.576182],"elbow":[61.9145,115.85,286.596],"grabStrength":0.0555268,"id":369,"palmNormal":[-0.347919,-0.544074,-0.763502],"palmPosition":[-34.4862,242.676,16.7025],"palmVelocity":[190.777,195.005,-158.607],"palmWidth":90.0033,"pinchStrength":0.475905,"r":[[0.964118,-0.0603572,0.258521],[-0.00938734,0.965452,0.260413],[-0.265308,-0.253496,0.930243]],"s":1.05219,"sphereCenter":[-47.0636,230.201,-29.8328],"sphereRadius":46.5925,"stabilizedPalmPosition":[-41.1726,236.876,22.1426],"t":[55.3383,46.6073,-131.042],"timeVisible":24.1119,"type":"right","wrist":[-25.2087,199.917,48.5422]}],"id":1195243,"interactionBox":{"center":[0,200,0],"size":[235.247,235.247,147.751]},"pointables":[{"bases":[[[0.685767,0.569588,0.453093],[-0.593562,0.0774105,0.801056],[0.421198,-0.818277,0.391172]],[[0.406123,0.888142,0.215101],[-0.647224,0.113389,0.753819],[0.645108,-0.445362,0.620877]],[[0.406123,0.888142,0.215101],[-0.879164,0.315535,0.357083],[0.249268,-0.334128,0.908968]],[[0.406123,0.888142,0.215101],[-0.913814,0.395486,0.0923901],[-0.00301371,-0.234084,0.972212]]],"btipPosition":[-95.5042,235.378,-33.2577],"carpPosition":[-55.3141,196.7,50.5612],"dipPosition":[-95.574,229.959,-10.7512],"direction":[-0.249268,0.334128,-0.908968],"extended":false,"handId":369,"id":3690,"length":51.5512,"mcpPosition":[-55.3141,196.7,50.5612],"pipPosition":[-87.1672,218.69,19.9046],"stabilizedTipPosition":[-105.903,226.769,-18.0322],"timeVisible":24.1119,"tipPosition":[-94.7926,234.454,-28.1123],"tipVelocity":[215.207,196.079,-211.017],"tool":false,"touchDistance":-0.481809,"touchZone":"hovering","type":0,"width":20.0304},{"bases":[[[0.921848,-0.0502266,-0.384283],[0.318743,0.662294,0.678062],[0.220452,-0.747558,0.626544]],[[0.928501,-0.0744,-0.3638],[0.209299,0.914124,0.347234],[0.306724,-0.398551,0.864337]],[[0.928501,-0.0744,-0.3638],[0.137818,0.978791,0.151574],[0.344807,-0.190875,0.919062]],[[0.928501,-0.0744,-0.3638],[0.0847251,0.996326,0.0124813],[0.361535,-0.0424119,0.931394]]],"btipPosition":[-84.6805,290.974,-63.1374],"carpPosition":[-41.2494,214.356,56.9028],"dipPosition":[-78.5705,290.258,-47.3965],"direction":[-0.344807,0.190875,-0.919062],"extended":true,"handId":369,"id":3691,"length":58.1698,"mcpPosition":[-57.2921,268.757,11.308],"pipPosition":[-70.3268,285.694,-25.4233],"stabilizedTipPosition":[-86.4216,287.071,-57.4106],"timeVisible":24.1119,"tipPosition":[-83.5599,288.085,-59.5409],"tipVelocity":[313.038,362.844,-221.653],"tool":false,"touchDistance":-0.517667,"touchZone":"hovering","type":1,"width":19.133},{"bases":[[[0.875221,-0.262927,-0.406027],[0.474767,0.627695,0.616924],[0.0926551,-0.732713,0.674201]],[[0.873179,-0.248131,-0.41951],[0.0499868,0.901764,-0.429329],[0.484829,0.353912,0.799805]],[[0.873179,-0.248131,-0.41951],[-0.475427,-0.244017,-0.845236],[0.107362,0.93749,-0.331039]],[[0.873179,-0.248131,-0.41951],[-0.434277,-0.786831,-0.438522],[-0.221273,0.565092,-0.794802]]],"btipPosition":[-58.1506,212.12,-7.52573],"carpPosition":[-29.734,215.301,53.0493],"dipPosition":[-62.2637,222.624,-22.2997],"direction":[-0.107362,-0.93749,0.331039],"extended":false,"handId":369,"id":3692,"length":66.2798,"mcpPosition":[-36.1283,265.867,6.52172],"pipPosition":[-59.2438,248.993,-31.6111],"stabilizedTipPosition":[-67.0072,208.396,-4.27816],"timeVisible":24.1119,"tipPosition":[-59.0684,214.007,-10.6227],"tipVelocity":[204.768,197.558,-175.756],"tool":false,"touchDistance":0.333333,"touchZone":"none","type":2,"width":18.7912},{"bases":[[[0.84102,-0.414451,-0.34773],[0.538796,0.583629,0.607517],[-0.0488403,-0.698289,0.714148]],[[0.839591,-0.431234,-0.33034],[0.225188,0.8297,-0.510773],[0.494346,0.354452,0.793717]],[[0.839591,-0.431234,-0.33034],[-0.459446,-0.239277,-0.855369],[0.289821,0.869933,-0.399023]],[[0.839591,-0.431234,-0.33034],[-0.539864,-0.729879,-0.419314],[-0.0602859,0.530391,-0.845607]]],"btipPosition":[-44.4519,207.237,-4.6238],"carpPosition":[-18.803,213.276,48.1418],"dipPosition":[-45.5661,217.04,-20.2518],"direction":[-0.289821,-0.869933,0.399023],"extended":false,"handId":369,"id":3693,"length":63.7298,"mcpPosition":[-15.7768,256.542,3.89271],"pipPosition":[-37.6245,240.877,-31.1857],"stabilizedTipPosition":[-49.0552,205.797,-5.27982],"timeVisible":24.1119,"tipPosition":[-44.9077,209.229,-8.61148],"tipVelocity":[206.134,182.492,-139.869],"tool":false,"touchDistance":0.333333,"touchZone":"none","type":3,"width":17.881},{"bases":[[[0.729051,-0.583182,-0.358306],[0.6566,0.448061,0.606727],[-0.193289,-0.677599,0.709577]],[[0.716649,-0.621404,-0.316657],[0.409958,0.742641,-0.529546],[0.564224,0.249682,0.786962]],[[0.716649,-0.621404,-0.316657],[-0.500428,-0.141912,-0.854068],[0.485784,0.770531,-0.41267]],[[0.716649,-0.621404,-0.316657],[-0.693553,-0.587135,-0.417441],[0.0734795,0.518777,-0.851746]]],"btipPosition":[-29.6237,211.507,-5.31561],"carpPosition":[-10.3247,205.127,40.4018],"dipPosition":[-28.3708,220.352,-19.8378],"direction":[-0.485784,-0.770531,0.41267],"extended":false,"handId":369,"id":3694,"length":49.963,"mcpPosition":[0.761651,243.992,-0.296972],"pipPosition":[-18.9725,235.259,-27.8216],"stabilizedTipPosition":[-32.6836,210.754,-6.7756],"timeVisible":24.1119,"tipPosition":[-29.5053,213.468,-9.13062],"tipVelocity":[211.135,171.346,-119.181],"tool":false,"touchDistance":0.333333,"touchZone":"none","type":4,"width":15.8833}],"r":[[0.964118,-0.0603572,0.258521],[-0.00938734,0.965452,0.260413],[-0.265308,-0.253496,0.930243]],"s":1.05219,"t":[55.3383,46.6073,-131.042],"timestamp":15588050187},false],[1,{"currentFrameRate":105.375,"devices":[],"gestures":[{"center":[-130.349,225.628,10.1762],"duration":28302,"handIds":[369],"id":2,"normal":[0.721487,-0.278228,0.634071],"pointableIds":[3690],"progress":0.796819,"radius":22.3831,"state":"update","type":"circle"},{"center":[-130.57,269.33,-19.5657],"duration":0,"handIds":[369],"id":3,"normal":[0.652752,-0.091166,0.752066],"pointableIds":[3691],"progress":0.763085,"radius":34.3622,"state":"start","type":"circle"}],"hands":[{"armBasis":[[0.90835,-0.163409,-0.384965],[0.265859,0.936192,0.229921],[0.32283,-0.311195,0.893834]],"armWidth":63.029,"confidence":0.791543,"direction":[-0.00344737,0.816595,-0.5772],"elbow":[61.9713,118.692,286.01],"grabStrength":0.0301197,"id":369,"palmNormal":[-0.345452,-0.542641,-0.765639],"palmPosition":[-32.9836,244.586,15.3304],"palmVelocity":[182.118,197.492,-155.134],"palmWidth":90.0033,"pinchStrength":0.475684,"r":[[0.961265,-0.0636778,0.268168],[-0.0070507,0.966947,0.25488],[-0.275534,-0.246898,0.929044]],"s":1.06089,"sphereCenter":[-45.6992,232.489,-31.0802],"sphereRadius":46.6208,"stabilizedPalmPosition":[-38.8479,239.064,20.2088],"t":[56.9548,48.5521,-132.445],"timeVisible":24.1213,"type":"right","wrist":[-24.2475,201.803,47.2918]}],"id":1195244,"interactionBox":{"center":[0,200,0],"size":[235.247,235.247,147.751]},"pointables":[{"bases":[[[0.685931,0.565523,0.457911],[-0.599407,0.0823359,0.796199],[0.412566,-0.820612,0.395455]],[[0.410067,0.885838,0.217107],[-0.65143,0.117864,0.749497],[0.638344,-0.448774,0.625394]],[[0.410067,0.885838,0.217107],[-0.879401,0.320895,0.351681],[0.241864,-0.335137,0.910596]],[[0.410067,0.885838,0.217107],[-0.911998,0.400935,0.0866693],[-0.0102709,-0.233542,0.972293]]],"btipPosition":[-93.8273,237.659,-35.0248],"carpPosition":[-54.389,198.791,49.0738],"dipPosition":[-94.0651,232.252,-12.5165],"direction":[-0.241864,0.335137,-0.910596],"extended":false,"handId":369,"id":3690,"length":51.5512,"mcpPosition":[-54.389,198.791,49.0738],"pipPosition":[-85.9081,220.949,18.1942],"stabilizedTipPosition":[-103.104,229.015,-20.7832],"timeVisible":24.1213,"tipPosition":[-93.1354,236.705,-29.9019],"tipVelocity":[203.719,209.59,-204.616],"tool":false,"touchDistance":-0.488462,"touchZone":"hovering","type":0,"width":20.0304},{"bases":[[[0.924529,-0.0568543,-0.376847],[0.317753,0.660952,0.679835],[0.210426,-0.748271,0.629135]],[[0.930825,-0.0809163,-0.356396],[0.217082,0.906923,0.361061],[0.294008,-0.413452,0.861752]],[[0.930825,-0.0809163,-0.356396],[0.151967,0.972573,0.17609],[0.332373,-0.218069,0.917592]],[[0.930825,-0.0809163,-0.356396],[0.103031,0.993727,0.0434777],[0.350642,-0.07719,0.933323]]],"btipPosition":[-81.9371,294.901,-64.6088],"carpPosition":[-40.2573,216.359,55.5075],"dipPosition":[-76.0112,293.596,-48.8353],"direction":[-0.332373,0.218069,-0.917592],"extended":true,"handId":369,"id":3691,"length":58.1698,"mcpPosition":[-55.5704,270.813,9.72422],"pipPosition":[-68.0647,288.383,-26.8972],"stabilizedTipPosition":[-83.4629,290.881,-59.2171],"timeVisible":24.1213,"tipPosition":[-80.8913,291.877,-61.0794],"tipVelocity":[305.973,374.684,-203.048],"tool":false,"touchDistance":-0.516193,"touchZone":"hovering","type":1,"width":19.133},{"bases":[[[0.876652,-0.269263,-0.39872],[0.474024,0.625236,0.619985],[0.0823554,-0.732514,0.675752]],[[0.874851,-0.254718,-0.412012],[0.0610023,0.901741,-0.427952],[0.480535,0.34926,0.804427]],[[0.874851,-0.254718,-0.412012],[-0.469943,-0.240123,-0.849408],[0.117426,0.936728,-0.329775]],[[0.874851,-0.254718,-0.412012],[-0.436203,-0.784122,-0.441451],[-0.210623,0.565925,-0.797099]]],"btipPosition":[-56.6876,214.255,-9.15018],"carpPosition":[-28.7054,217.223,51.7451],"dipPosition":[-60.6027,224.775,-23.9668],"direction":[-0.117426,-0.936728,0.329775],"extended":false,"handId":369,"id":3692,"length":66.2798,"mcpPosition":[-34.3889,267.775,5.1105],"pipPosition":[-57.2997,251.123,-33.2428],"stabilizedTipPosition":[-64.3797,210.705,-6.58791],"timeVisible":24.1213,"tipPosition":[-57.556,216.14,-12.2354],"tipVelocity":[192.316,206.28,-175.359],"tool":false,"touchDistance":0.333333,"touchZone":"none","type":2,"width":18.7912},{"bases":[[[0.840971,-0.420486,-0.340527],[0.537829,0.580732,0.611139],[-0.0592205,-0.697096,0.714528]],[[0.839226,-0.437803,-0.322535],[0.232362,0.824971,-0.5152],[0.491638,0.357424,0.794065]],[[0.839226,-0.437803,-0.322535],[-0.456211,-0.244073,-0.855745],[0.295926,0.865308,-0.404562]],[[0.839226,-0.437803,-0.322535],[-0.541237,-0.729837,-0.417613],[-0.0525659,0.52504,-0.849453]]],"btipPosition":[-42.9454,209.101,-5.65424],"carpPosition":[-17.7494,215.119,46.9275],"dipPosition":[-43.9169,218.804,-21.3533],"direction":[-0.295926,-0.865308,0.404562],"extended":false,"handId":369,"id":3693,"length":63.7298,"mcpPosition":[-14.0801,258.311,2.65481],"pipPosition":[-35.8081,242.515,-32.439],"stabilizedTipPosition":[-46.8632,207.858,-6.76383],"timeVisible":24.1213,"tipPosition":[-43.3696,211.138,-9.7581],"tipVelocity":[194.224,186.434,-131.859],"tool":false,"touchDistance":0.333333,"touchZone":"none","type":3,"width":17.881},{"bases":[[[0.727963,-0.588476,-0.351805],[0.654724,0.444377,0.611445],[-0.203486,-0.675444,0.70878]],[[0.714937,-0.626656,-0.310109],[0.419333,0.739204,-0.527008],[0.559487,0.246738,0.791262]],[[0.714937,-0.626656,-0.310109],[-0.494539,-0.139685,-0.857857],[0.494264,0.766675,-0.409772]],[[0.714937,-0.626656,-0.310109],[-0.694166,-0.583099,-0.422053],[0.0836574,0.517008,-0.851883]]],"btipPosition":[-28.1504,213.368,-6.61105],"carpPosition":[-9.26443,206.904,39.2648],"dipPosition":[-26.724,222.183,-21.1355],"direction":[-0.494264,-0.766675,0.409772],"extended":false,"handId":369,"id":3694,"length":49.963,"mcpPosition":[2.40681,245.645,-1.3883],"pipPosition":[-17.1617,237.015,-29.0633],"stabilizedTipPosition":[-30.6275,212.717,-8.11892],"timeVisible":24.1213,"tipPosition":[-27.988,215.321,-10.4216],"tipVelocity":[197.014,178.875,-124.605],"tool":false,"touchDistance":0.333333,"touchZone":"none","type":4,"width":15.8833}],"r":[[0.961265,-0.0636778,0.268168],[-0.0070507,0.966947,0.25488],[-0.275534,-0.246898,0.929044]],"s":1.06089,"t":[56.9548,48.5521,-132.445],"timestamp":15588059560},false],[2,{"currentFrameRate":105.35,"devices":[],"gestures":[{"center":[-130.349,225.628,10.1762],"duration":28302,"handIds":[369],"id":2,"normal":[0.721487,-0.278228,0.634071],"pointableIds":[3690],"progress":0.796819,"radius":22.3831,"state":"update","type":"circle"},{"center":[-130.57,269.33,-19.5657],"duration":0,"handIds":[369],"id":3,"normal":[0.652752,-0.091166,0.752066],"pointableIds":[3691],"progress":0.763085,"radius":34.3622,"state":"start","type":"circle"}],"hands":[{"armBasis":[[0.909339,-0.164153,-0.382303],[0.269317,0.932631,0.240142],[0.317128,-0.321331,0.892287]],"armWidth":63.029,"confidence":0.796081,"direction":[0.000944826,0.816208,-0.577757],"elbow":[61.392,118.071,284.297],"grabStrength":0.00271005,"id":369,"palmNormal":[-0.343452,-0.542348,-0.766746],"palmPosition":[-31.8026,246.671,13.9645],"palmVelocity":[165.314,203.579,-151.699],"palmWidth":90.0033,"pinchStrength":0.474512,"r":[[0.958636,-0.0666957,0.276709],[-0.00489995,0.968148,0.25033],[-0.284591,-0.241332,0.927775]],"s":1.06947,"sphereCenter":[-44.803,234.973,-32.2344],"sphereRadius":46.6237,"stabilizedPalmPosition":[-36.7191,241.363,18.322],"t":[58.3535,50.5669,-133.829],"timeVisible":24.1308,"type":"right","wrist":[-23.304,203.889,45.9917]}],"id":1195245,"interactionBox":{"center":[0,200,0],"size":[235.247,235.247,147.751]},"pointables":[{"bases":[[[0.685296,0.564219,0.460462],[-0.602611,0.0842879,0.793572],[0.408937,-0.821311,0.397767]],[[0.411093,0.885104,0.21816],[-0.654106,0.119717,0.746869],[0.634939,-0.449732,0.628167]],[[0.411093,0.885104,0.21816],[-0.880196,0.323132,0.347623],[0.237188,-0.334929,0.911902]],[[0.411093,0.885104,0.21816],[-0.911489,0.402716,0.083707],[-0.0137671,-0.233262,0.972317]]],"btipPosition":[-92.4914,239.851,-36.6334],"carpPosition":[-53.4598,200.949,47.6467],"dipPosition":[-92.8101,234.451,-14.1245],"direction":[-0.237188,0.334929,-0.911902],"extended":false,"handId":369,"id":3690,"length":51.5512,"mcpPosition":[-53.4598,200.949,47.6467],"pipPosition":[-84.8108,223.155,16.6302],"stabilizedTipPosition":[-100.461,231.421,-23.4596],"timeVisible":24.1308,"tipPosition":[-91.826,238.889,-31.5102],"tipVelocity":[184.805,215.476,-194.246],"tool":false,"touchDistance":-0.492076,"touchZone":"hovering","type":0,"width":20.0304},{"bases":[[[0.925996,-0.0592859,-0.37285],[0.316399,0.660665,0.680745],[0.20597,-0.748336,0.630531]],[[0.932029,-0.0828492,-0.352786],[0.222157,0.899754,0.375618],[0.286301,-0.428461,0.857002]],[[0.932029,-0.0828492,-0.352786],[0.162616,0.965613,0.20285],[0.323848,-0.246431,0.913452]],[[0.932029,-0.0828492,-0.352786],[0.117491,0.990014,0.0779038],[0.342808,-0.114058,0.932455]]],"btipPosition":[-80.0063,298.974,-65.7733],"carpPosition":[-39.3144,218.489,54.1291],"dipPosition":[-74.2127,297.046,-50.0145],"direction":[-0.323848,0.246431,-0.913452],"extended":true,"handId":369,"id":3691,"length":58.1698,"mcpPosition":[-54.3033,272.947,8.24415],"pipPosition":[-66.4701,291.155,-28.1755],"stabilizedTipPosition":[-80.9081,294.962,-60.781],"timeVisible":24.1308,"tipPosition":[-79.0057,295.8,-62.3276],"tipVelocity":[275.204,385.46,-179.813],"tool":false,"touchDistance":-0.510426,"touchZone":"hovering","type":1,"width":19.133},{"bases":[[[0.877713,-0.271597,-0.394786],[0.472839,0.624541,0.621588],[0.0777389,-0.732245,0.676589]],[[0.876015,-0.25715,-0.408009],[0.0648848,0.901143,-0.42864],[0.477899,0.349021,0.8061]],[[0.876015,-0.25715,-0.408009],[-0.466918,-0.24036,-0.851008],[0.120768,0.936003,-0.330627]],[[0.876015,-0.25715,-0.408009],[-0.436006,-0.783875,-0.442084],[-0.206146,0.565167,-0.798806]]],"btipPosition":[-55.4597,216.382,-10.5616],"carpPosition":[-27.7446,219.323,50.4155],"dipPosition":[-59.2916,226.888,-25.41],"direction":[-0.120768,-0.936003,0.330627],"extended":false,"handId":369,"id":3692,"length":66.2798,"mcpPosition":[-33.1095,269.856,3.72313],"pipPosition":[-55.8946,253.216,-34.7099],"stabilizedTipPosition":[-61.989,213.112,-8.78534],"timeVisible":24.1308,"tipPosition":[-56.3171,218.277,-13.6748],"tipVelocity":[174.565,211.011,-167.689],"tool":false,"touchDistance":0.333333,"touchZone":"none","type":2,"width":18.7912},{"bases":[[[0.841427,-0.422695,-0.336644],[0.536577,0.57988,0.613045],[-0.0639177,-0.696468,0.714735]],[[0.83951,-0.440431,-0.318189],[0.234977,0.822309,-0.51826],[0.489907,0.360317,0.793827]],[[0.83951,-0.440431,-0.318189],[-0.454416,-0.248077,-0.855549],[0.297875,0.862832,-0.408402]],[[0.83951,-0.440431,-0.318189],[-0.541103,-0.730836,-0.416036],[-0.0493085,0.521439,-0.851862]]],"btipPosition":[-41.7152,211.139,-6.78812],"carpPosition":[-16.7731,217.189,45.6462],"dipPosition":[-42.6265,220.776,-22.5317],"direction":[-0.297875,-0.862832,0.408402],"extended":false,"handId":369,"id":3693,"length":63.7298,"mcpPosition":[-12.8127,260.343,1.3607],"pipPosition":[-34.4642,244.419,-33.7226],"stabilizedTipPosition":[-44.9189,210.022,-8.19905],"timeVisible":24.1308,"tipPosition":[-42.1211,213.204,-10.954],"tipVelocity":[175.835,193.838,-128.429],"tool":false,"touchDistance":0.333333,"touchZone":"none","type":3,"width":17.881},{"bases":[[[0.728072,-0.590426,-0.348293],[0.653148,0.443252,0.613942],[-0.208106,-0.674481,0.708355]],[[0.714727,-0.628678,-0.306478],[0.423446,0.737725,-0.525791],[0.55665,0.24602,0.793483]],[[0.714727,-0.628678,-0.306478],[-0.491309,-0.139429,-0.859753],[0.497776,0.765064,-0.408528]],[[0.714727,-0.628678,-0.306478],[-0.693805,-0.581976,-0.424192],[0.0883175,0.515818,-0.852134]]],"btipPosition":[-26.9439,215.435,-7.92356],"carpPosition":[-8.27477,208.95,38.0254],"dipPosition":[-25.4381,224.229,-22.4523],"direction":[-0.497776,-0.765064,0.408528],"extended":false,"handId":369,"id":3694,"length":49.963,"mcpPosition":[3.66145,247.636,-2.60334],"pipPosition":[-15.8078,239.031,-30.356],"stabilizedTipPosition":[-28.8577,214.799,-9.50068],"timeVisible":24.1308,"tipPosition":[-26.7604,217.381,-11.7322],"tipVelocity":[177.235,189.643,-128.388],"tool":false,"touchDistance":0.333333,"touchZone":"none","type":4,"width":15.8833}],"r":[[0.958636,-0.0666957,0.276709],[-0.00489995,0.968148,0.25033],[-0.284591,-0.241332,0.927775]],"s":1.06947,"t":[58.3535,50.5669,-133.829],"timestamp":15588069097},false],[3,{"currentFrameRate":105.436,"devices":[],"gestures":[{"center":[-130.349,225.628,10.1762],"duration":28302,"handIds":[369],"id":2,"normal":[0.721487,-0.278228,0.634071],"pointableIds":[3690],"progress":0.796819,"radius":22.3831,"state":"update","type":"circle"},{"center":[-130.57,269.33,-19.5657],"duration":0,"handIds":[369],"id":3,"normal":[0.652752,-0.091166,0.752066],"pointableIds":[3691],"progress":0.763085,"radius":34.3622,"state":"start","type":"circle"}],"hands":[{"armBasis":[[0.910677,-0.16141,-0.380281],[0.273883,0.925033,0.263253],[0.309281,-0.343891,0.886614]],"armWidth":63.029,"confidence":0.804425,"direction":[0.00418173,0.808402,-0.588616],"elbow":[60.2638,114.755,281.843],"grabStrength":0,"id":369,"palmNormal":[-0.337363,-0.552972,-0.761845],"palmPosition":[-30.6527,248.937,12.3964],"palmVelocity":[153.429,214.753,-156.358],"palmWidth":90.0033,"pinchStrength":0.473449,"r":[[0.956082,-0.0680989,0.285077],[-0.00371065,0.969744,0.244096],[-0.293074,-0.234434,0.926902]],"s":1.07755,"sphereCenter":[-43.7664,236.998,-33.4831],"sphereRadius":46.6101,"stabilizedPalmPosition":[-34.848,243.699,16.4943],"t":[59.6279,52.7076,-135.305],"timeVisible":24.1401,"type":"right","wrist":[-22.3365,206.599,45.0535]}],"id":1195246,"interactionBox":{"center":[0,200,0],"size":[235.247,235.247,147.751]},"pointables":[{"bases":[[[0.681365,0.57115,0.457744],[-0.608364,0.0941838,0.78805],[0.406982,-0.815425,0.41164]],[[0.40852,0.888455,0.209188],[-0.659351,0.128771,0.740725],[0.631164,-0.440529,0.638409]],[[0.40852,0.888455,0.209188],[-0.883008,0.326661,0.33703],[0.231103,-0.322398,0.91796]],[[0.40852,0.888455,0.209188],[-0.912541,0.402453,0.0728023],[-0.0195067,-0.220634,0.975162]]],"btipPosition":[-91.0073,241.377,-38.5236],"carpPosition":[-52.5002,203.645,46.5325],"dipPosition":[-91.4588,236.269,-15.9488],"direction":[-0.231103,0.322398,-0.91796],"extended":false,"handId":369,"id":3690,"length":51.5512,"mcpPosition":[-52.5002,203.645,46.5325],"pipPosition":[-83.6647,225.396,15.0102],"stabilizedTipPosition":[-98.0935,233.645,-25.9596],"timeVisible":24.1401,"tipPosition":[-90.3798,240.472,-33.3874],"tipVelocity":[176.622,202.864,-196.178],"tool":false,"touchDistance":-0.499327,"touchZone":"hovering","type":0,"width":20.0304},{"bases":[[[0.928704,-0.0631665,-0.365403],[0.310796,0.670096,0.674076],[0.202276,-0.739582,0.641952]],[[0.934383,-0.0854488,-0.345871],[0.222152,0.898705,0.378124],[0.278526,-0.430149,0.858717]],[[0.934383,-0.0854488,-0.345871],[0.167373,0.962293,0.214424],[0.314507,-0.258244,0.913452]],[[0.934383,-0.0854488,-0.345871],[0.125623,0.987479,0.0954146],[0.333388,-0.132603,0.933418]]],"btipPosition":[-78.1308,301.802,-67.9425],"carpPosition":[-38.4207,221.287,52.8801],"dipPosition":[-72.4965,299.561,-52.1675],"direction":[-0.314507,0.258244,-0.913452],"extended":true,"handId":369,"id":3691,"length":58.1698,"mcpPosition":[-53.1408,275.107,6.16413],"pipPosition":[-64.9771,293.387,-30.3284],"stabilizedTipPosition":[-78.724,298.353,-62.6756],"timeVisible":24.1401,"tipPosition":[-77.1549,298.585,-64.5355],"tipVelocity":[253.133,360.03,-194.641],"tool":false,"touchDistance":-0.520198,"touchZone":"hovering","type":1,"width":19.133},{"bases":[[[0.880812,-0.275809,-0.384838],[0.467695,0.63337,0.616526],[0.0737008,-0.72303,0.686874]],[[0.879204,-0.261633,-0.398182],[0.0668807,0.895232,-0.440553],[0.471728,0.360705,0.80459]],[[0.879204,-0.261633,-0.398182],[-0.460588,-0.252913,-0.850819],[0.121897,0.931442,-0.342867]],[[0.879204,-0.261633,-0.398182],[-0.43187,-0.790589,-0.434118],[-0.201219,0.553641,-0.80808]]],"btipPosition":[-54.0911,218.294,-11.8598],"carpPosition":[-26.8256,222.085,49.2385],"dipPosition":[-57.8314,228.585,-26.8805],"direction":[-0.121897,-0.931442,0.342867],"extended":false,"handId":369,"id":3692,"length":66.2798,"mcpPosition":[-31.9118,271.982,1.83629],"pipPosition":[-54.4027,254.785,-36.5247],"stabilizedTipPosition":[-59.8456,215.411,-10.7738],"timeVisible":24.1401,"tipPosition":[-54.933,220.158,-15.0245],"tipVelocity":[167.338,207.807,-160.835],"tool":false,"touchDistance":0.333333,"touchZone":"none","type":2,"width":18.7912},{"bases":[[[0.844277,-0.426159,-0.324938],[0.531541,0.588674,0.609037],[-0.0682642,-0.686914,0.723525]],[[0.842218,-0.443868,-0.306023],[0.237439,0.814979,-0.528614],[0.484037,0.372546,0.791781]],[[0.842218,-0.443868,-0.306023],[-0.448382,-0.261485,-0.854739],[0.299371,0.857092,-0.41925]],[[0.842218,-0.443868,-0.306023],[-0.53732,-0.73762,-0.408905],[-0.0442294,0.508819,-0.859736]]],"btipPosition":[-40.3661,213.108,-7.86917],"carpPosition":[-15.8179,219.901,44.5766],"dipPosition":[-41.1835,222.512,-23.7583],"direction":[-0.299371,-0.857092,0.41925],"extended":false,"handId":369,"id":3693,"length":63.7298,"mcpPosition":[-11.5882,262.462,-0.253568],"pipPosition":[-32.9803,245.998,-35.2464],"stabilizedTipPosition":[-43.1665,212.13,-9.53381],"timeVisible":24.1401,"tipPosition":[-40.7416,215.126,-12.0735],"tipVelocity":[167.674,197.121,-125.909],"tool":false,"touchDistance":0.333333,"touchZone":"none","type":3,"width":17.881},{"bases":[[[0.731192,-0.594166,-0.335148],[0.648253,0.452209,0.612597],[-0.212427,-0.665187,0.715822]],[[0.717516,-0.632054,-0.292707],[0.42603,0.730688,-0.533473],[0.551062,0.258074,0.793555]],[[0.717516,-0.632054,-0.292707],[-0.485723,-0.152829,-0.860649],[0.499243,0.759704,-0.416661]],[[0.717516,-0.632054,-0.292707],[-0.690308,-0.589167,-0.419948],[0.0929767,0.503378,-0.85905]]],"btipPosition":[-25.5899,217.416,-8.97683],"carpPosition":[-7.25624,211.57,37.1276],"dipPosition":[-24.0047,225.998,-23.6235],"direction":[-0.499243,-0.759704,0.416661],"extended":false,"handId":369,"id":3694,"length":49.963,"mcpPosition":[4.92783,249.723,-3.92937],"pipPosition":[-14.346,240.696,-31.6845],"stabilizedTipPosition":[-27.2511,216.83,-10.759],"timeVisible":24.1401,"tipPosition":[-25.383,219.313,-12.8189],"tipVelocity":[168.726,194.622,-124.843],"tool":false,"touchDistance":0.333333,"touchZone":"none","type":4,"width":15.8833}],"r":[[0.956082,-0.0680989,0.285077],[-0.00371065,0.969744,0.244096],[-0.293074,-0.234434,0.926902]],"s":1.07755,"t":[59.6279,52.7076,-135.305],"timestamp":15588078422},false],[4,{"currentFrameRate":105.454,"devices":[],"gestures":[{"center":[-130.349,225.628,10.1762],"duration":28302,"handIds":[369],"id":2,"normal":[0.721487,-0.278228,0.634071],"pointableIds":[3690],"progress":0.796819,"radius":22.3831,"state":"update","type":"circle"},{"center":[-130.57,269.33,-19.5657],"duration":0,"handIds":[369],"id":3,"normal":[0.652752,-0.091166,0.752066],"pointableIds":[3691],"progress":0.763085,"radius":34.3622,"state":"start","type":"circle"}],"hands":[{"armBasis":[[0.915486,-0.165938,-0.366539],[0.272812,0.925604,0.262355],[0.295735,-0.340178,0.892647]],"armWidth":63.029,"confidence":0.812431,"direction":[0.00749525,0.802941,-0.596012],"elbow":[57.494,117.458,282.74],"grabStrength":0,"id":369,"palmNormal":[-0.332087,-0.560203,-0.758875],"palmPosition":[-29.6192,250.34,11.2396],"palmVelocity":[140.82,195.776,-146.645],"palmWidth":90.0033,"pinchStrength":0.472088,"r":[[0.953617,-0.0685171,0.29312],[-0.00314719,0.971429,0.237311],[-0.301005,-0.227227,0.926156]],"s":1.08497,"sphereCenter":[-42.8495,238.327,-34.3864],"sphereRadius":46.5959,"stabilizedPalmPosition":[-33.1873,245.808,14.8254],"t":[60.7818,54.4793,-136.622],"timeVisible":24.1496,"type":"right","wrist":[-21.4886,208.31,44.3391]}],"id":1195247,"interactionBox":{"center":[0,200,0],"size":[235.247,235.247,147.751]},"pointables":[{"bases":[[[0.678039,0.575806,0.456849],[-0.613508,0.10104,0.783198],[0.40481,-0.811319,0.421771]],[[0.406875,0.890449,0.203844],[-0.66385,0.134941,0.735591],[0.627499,-0.434616,0.646029]],[[0.406875,0.890449,0.203844],[-0.885218,0.329261,0.328598],[0.225482,-0.314145,0.92221]],[[0.406875,0.890449,0.203844],[-0.913174,0.402288,0.0653974],[-0.0237711,-0.212754,0.976817]]],"btipPosition":[-89.6972,242.329,-39.9637],"carpPosition":[-51.6594,205.349,45.6503],"dipPosition":[-90.2475,237.404,-17.3506],"direction":[-0.225482,0.314145,-0.92221],"extended":false,"handId":369,"id":3690,"length":51.5512,"mcpPosition":[-51.6594,205.349,45.6503],"pipPosition":[-82.643,226.809,13.7518],"stabilizedTipPosition":[-95.9701,235.584,-28.22],"timeVisible":24.1496,"tipPosition":[-89.1029,241.435,-34.8264],"tipVelocity":[165.063,174.916,-183.382],"tool":false,"touchDistance":-0.499197,"touchZone":"hovering","type":0,"width":20.0304},{"bases":[[[0.931087,-0.0659099,-0.358793],[0.306016,0.676494,0.669858],[0.198571,-0.733493,0.650044]],[[0.936428,-0.0870424,-0.339891],[0.222306,0.896666,0.382844],[0.271445,-0.434066,0.859013]],[[0.936428,-0.0870424,-0.339891],[0.171391,0.958774,0.226666],[0.306149,-0.270511,0.912741]],[[0.936428,-0.0870424,-0.339891],[0.132389,0.984787,0.11255],[0.324924,-0.150393,0.933706]]],"btipPosition":[-76.4288,303.892,-69.4863],"carpPosition":[-37.6321,223.059,51.9257],"dipPosition":[-70.9375,301.35,-53.7063],"direction":[-0.306149,0.270511,-0.912741],"extended":true,"handId":369,"id":3691,"length":58.1698,"mcpPosition":[-52.0825,276.436,4.62082],"pipPosition":[-63.618,294.883,-31.8843],"stabilizedTipPosition":[-76.779,301.061,-64.4146],"timeVisible":24.1496,"tipPosition":[-75.4741,300.657,-66.1215],"tipVelocity":[231.242,318.182,-185.656],"tool":false,"touchDistance":-0.519651,"touchZone":"hovering","type":1,"width":19.133},{"bases":[[[0.883453,-0.278755,-0.376573],[0.463308,0.639344,0.613665],[0.0696975,-0.716613,0.693979]],[[0.88193,-0.264768,-0.389997],[0.0691939,0.891103,-0.448494],[0.466274,0.368555,0.804211]],[[0.88193,-0.264768,-0.389997],[-0.454913,-0.261294,-0.85134],[0.123503,0.928237,-0.35089]],[[0.88193,-0.264768,-0.389997],[-0.428539,-0.794975,-0.429382],[-0.196351,0.545813,-0.814576]]],"btipPosition":[-52.879,219.459,-12.8723],"carpPosition":[-26.0141,223.831,48.3519],"dipPosition":[-56.5288,229.604,-28.0138],"direction":[-0.123503,-0.928237,0.35089],"extended":false,"handId":369,"id":3692,"length":66.2798,"mcpPosition":[-30.8241,273.286,0.459354],"pipPosition":[-53.0549,255.714,-37.8836],"stabilizedTipPosition":[-57.9146,217.422,-12.5328],"timeVisible":24.1496,"tipPosition":[-53.7028,221.3,-16.0689],"tipVelocity":[156.788,182.602,-146.313],"tool":false,"touchDistance":0.333333,"touchZone":"none","type":2,"width":18.7912},{"bases":[[[0.846623,-0.42857,-0.315526],[0.527228,0.594625,0.607003],[-0.0725238,-0.680257,0.729377]],[[0.844437,-0.446214,-0.296343],[0.240266,0.809984,-0.534975],[0.478747,0.380552,0.79119]],[[0.844437,-0.446214,-0.296343],[-0.442863,-0.270362,-0.854855],[0.301328,0.853111,-0.425915]],[[0.844437,-0.446214,-0.296343],[-0.534214,-0.74209,-0.404866],[-0.0392565,0.500195,-0.865022]]],"btipPosition":[-39.1712,214.321,-8.72028],"carpPosition":[-14.9752,221.611,43.7816],"dipPosition":[-39.8967,223.565,-24.7071],"direction":[-0.301328,-0.853111,0.425915],"extended":false,"handId":369,"id":3693,"length":63.7298,"mcpPosition":[-10.4815,263.76,-1.41112],"pipPosition":[-31.6398,246.942,-36.3779],"stabilizedTipPosition":[-41.5831,213.915,-10.7181],"timeVisible":24.1496,"tipPosition":[-39.5194,216.301,-12.9452],"tipVelocity":[156.518,176.333,-116.333],"tool":false,"touchDistance":0.333333,"touchZone":"none","type":3,"width":17.881},{"bases":[[[0.73371,-0.596741,-0.324916],[0.643998,0.458277,0.612576],[-0.216647,-0.658698,0.720542]],[[0.719716,-0.634405,-0.282027],[0.428908,0.725723,-0.537926],[0.545936,0.26619,0.794416]],[[0.719716,-0.634405,-0.282027],[-0.48047,-0.161904,-0.861937],[0.501156,0.755856,-0.421337]],[[0.719716,-0.634405,-0.282027],[-0.687357,-0.593937,-0.418066],[0.0977166,0.494742,-0.863529]]],"btipPosition":[-24.3906,218.63,-9.77308],"carpPosition":[-6.3604,213.218,36.4654],"dipPosition":[-22.7245,227.065,-24.4961],"direction":[-0.501156,-0.755856,0.421337],"extended":false,"handId":369,"id":3694,"length":49.963,"mcpPosition":[6.06572,250.999,-4.86234],"pipPosition":[-13.0288,241.688,-32.6476],"stabilizedTipPosition":[-25.7876,218.517,-11.842],"timeVisible":24.1496,"tipPosition":[-24.1602,220.49,-13.6333],"tipVelocity":[157.325,174.66,-113.763],"tool":false,"touchDistance":0.333333,"touchZone":"none","type":4,"width":15.8833}],"r":[[0.953617,-0.0685171,0.29312],[-0.00314719,0.971429,0.237311],[-0.301005,-0.227227,0.926156]],"s":1.08497,"t":[60.7818,54.4793,-136.622],"timestamp":15588087872},false],[5,{"currentFrameRate":105.48,"devices":[],"gestures":[{"center":[-130.349,225.628,10.1762],"duration":28302,"handIds":[369],"id":2,"normal":[0.721487,-0.278228,0.634071],"pointableIds":[3690],"progress":0.796819,"radius":22.3831,"state":"update","type":"circle"},{"center":[-130.57,269.33,-19.5657],"duration":0,"handIds":[369],"id":3,"normal":[0.652752,-0.091166,0.752066],"pointableIds":[3691],"progress":0.763085,"radius":34.3622,"state":"start","type":"circle"}],"hands":[{"armBasis":[[0.917411,-0.177443,-0.356189],[0.27644,0.928028,0.24969],[0.286248,-0.327533,0.900435]],"armWidth":63.029,"confidence":0.813016,"direction":[0.0123394,0.796057,-0.605096],"elbow":[55.8214,122.973,283.762],"grabStrength":0,"id":369,"palmNormal":[-0.333677,-0.567176,-0.752975],"palmPosition":[-28.5016,252.137,9.69199],"palmVelocity":[134.439,194.275,-151.621],"palmWidth":90.0033,"pinchStrength":0.46966,"r":[[0.951437,-0.0690649,0.299995],[-0.00176515,0.973268,0.229665],[-0.307837,-0.219041,0.925882]],"s":1.09237,"sphereCenter":[-42.298,240.144,-35.4947],"sphereRadius":46.5658,"stabilizedPalmPosition":[-31.6951,247.824,13.1907],"t":[61.9175,56.2638,-138.054],"timeVisible":24.159,"type":"right","wrist":[-20.6275,210.448,43.2803]}],"id":1195248,"interactionBox":{"center":[0,200,0],"size":[235.247,235.247,147.751]},"pointables":[{"bases":[[[0.68016,0.577649,0.451336],[-0.614195,0.112947,0.78103],[0.400184,-0.808434,0.431611]],[[0.411317,0.890458,0.194684],[-0.663053,0.145743,0.734248],[0.625443,-0.431095,0.650368]],[[0.411317,0.890458,0.194684],[-0.883743,0.337291,0.324396],[0.223196,-0.305481,0.92567]],[[0.411317,0.890458,0.194684],[-0.911174,0.407329,0.0620082],[-0.0240849,-0.202896,0.978904]]],"btipPosition":[-88.6664,243.935,-41.4157],"carpPosition":[-50.8144,207.65,44.5776],"dipPosition":[-89.2239,239.238,-18.7542],"direction":[-0.223196,0.305481,-0.92567],"extended":false,"handId":369,"id":3690,"length":51.5512,"mcpPosition":[-50.8144,207.65,44.5776],"pipPosition":[-81.6965,228.935,12.4648],"stabilizedTipPosition":[-94.1334,237.445,-30.2635],"timeVisible":24.159,"tipPosition":[-88.0715,243.042,-36.2993],"tipVelocity":[149.076,175.168,-174.63],"tool":false,"touchDistance":-0.499223,"touchZone":"hovering","type":0,"width":20.0304},{"bases":[[[0.931297,-0.07454,-0.356553],[0.308313,0.682572,0.6626],[0.193983,-0.727007,0.658659]],[[0.93622,-0.0942504,-0.338539],[0.22961,0.893351,0.386267],[0.266028,-0.439363,0.858015]],[[0.93622,-0.0942504,-0.338539],[0.18199,0.95415,0.237651],[0.300618,-0.284104,0.910447]],[[0.93622,-0.0942504,-0.338539],[0.145203,0.981031,0.128433],[0.320012,-0.169398,0.932146]]],"btipPosition":[-74.7273,306.593,-71.2421],"carpPosition":[-36.71,225.36,50.6732],"dipPosition":[-69.319,303.73,-55.4885],"direction":[-0.300618,0.284104,-0.910447],"extended":true,"handId":369,"id":3691,"length":58.1698,"mcpPosition":[-50.8265,278.266,2.74138],"pipPosition":[-62.1318,296.937,-33.7212],"stabilizedTipPosition":[-74.9738,303.731,-66.1697],"timeVisible":24.159,"tipPosition":[-73.799,303.295,-67.9283],"tipVelocity":[216.131,306.844,-185.976],"tool":false,"touchDistance":-0.522447,"touchZone":"hovering","type":1,"width":19.133},{"bases":[[[0.882646,-0.287338,-0.371985],[0.465505,0.644017,0.607081],[0.0651269,-0.708999,0.702196]],[[0.881223,-0.273586,-0.385484],[0.0742791,0.885504,-0.458656],[0.466829,0.375545,0.800648]],[[0.881223,-0.273586,-0.385484],[-0.454885,-0.269025,-0.848944],[0.128554,0.923459,-0.361521]],[[0.881223,-0.273586,-0.385484],[-0.431748,-0.797861,-0.420727],[-0.192458,0.537186,-0.821213]]],"btipPosition":[-51.8733,221.099,-14.0898],"carpPosition":[-25.0829,226.035,47.1091],"dipPosition":[-55.4508,231.084,-29.3547],"direction":[-0.128554,-0.923459,0.361521],"extended":false,"handId":369,"id":3692,"length":66.2798,"mcpPosition":[-29.5774,274.964,-1.35047],"pipPosition":[-51.8348,257.059,-39.5235],"stabilizedTipPosition":[-56.254,219.323,-14.1454],"timeVisible":24.159,"tipPosition":[-52.6845,222.915,-17.3191],"tipVelocity":[142.958,178.989,-142.246],"tool":false,"touchDistance":0.333333,"touchZone":"none","type":2,"width":18.7912},{"bases":[[[0.844989,-0.436267,-0.309296],[0.529215,0.598912,0.601028],[-0.076968,-0.671547,0.736954]],[[0.842638,-0.45401,-0.289545],[0.242651,0.800166,-0.548502],[0.480709,0.39193,0.784417]],[[0.842638,-0.45401,-0.289545],[-0.444588,-0.283197,-0.849789],[0.303814,0.844793,-0.44048]],[[0.842638,-0.45401,-0.289545],[-0.537188,-0.745985,-0.393619],[-0.0372899,0.487218,-0.872484]]],"btipPosition":[-38.1599,215.845,-9.55322],"carpPosition":[-14.0481,223.71,42.5818],"dipPosition":[-38.8491,224.849,-25.6779],"direction":[-0.303814,-0.844793,0.44048],"extended":false,"handId":369,"id":3693,"length":63.7298,"mcpPosition":[-9.27907,265.319,-3.08041],"pipPosition":[-30.5241,247.998,-37.7478],"stabilizedTipPosition":[-40.2195,215.586,-11.7806],"timeVisible":24.159,"tipPosition":[-38.4952,217.821,-13.8773],"tipVelocity":[142.682,170.427,-109.285],"tool":false,"touchDistance":0.333333,"touchZone":"none","type":3,"width":17.881},{"bases":[[[0.731267,-0.60398,-0.31695],[0.645307,0.462068,0.608336],[-0.220971,-0.649386,0.727647]],[[0.71696,-0.641231,-0.273479],[0.433218,0.717186,-0.545862],[0.546159,0.272886,0.791987]],[[0.71696,-0.641231,-0.273479],[-0.480266,-0.169994,-0.860492],[0.505284,0.748281,-0.42984]],[[0.71696,-0.641231,-0.273479],[-0.689747,-0.595633,-0.411669],[0.101082,0.483782,-0.869332]]],"btipPosition":[-23.3907,220.168,-10.9225],"carpPosition":[-5.46345,215.192,35.3751],"dipPosition":[-21.6673,228.417,-25.7445],"direction":[-0.505284,-0.748281,0.42984],"extended":false,"handId":369,"id":3694,"length":49.963,"mcpPosition":[7.21062,252.438,-6.36015],"pipPosition":[-11.8917,242.894,-34.0605],"stabilizedTipPosition":[-24.5388,220.104,-12.955],"timeVisible":24.159,"tipPosition":[-23.1449,221.983,-14.804],"tipVelocity":[143.06,170.06,-116.763],"tool":false,"touchDistance":0.333333,"touchZone":"none","type":4,"width":15.8833}],"r":[[0.951437,-0.0690649,0.299995],[-0.00176515,0.973268,0.229665],[-0.307837,-0.219041,0.925882]],"s":1.09237,"t":[61.9175,56.2638,-138.054],"timestamp":15588097305},false],[6,{"currentFrameRate":105.497,"devices":[],"gestures":[{"center":[-130.349,225.628,10.1762],"duration":28302,"handIds":[369],"id":2,"normal":[0.721487,-0.278228,0.634071],"pointableIds":[3690],"progress":0.796819,"radius":22.3831,"state":"update","type":"circle"},{"center":[-130.57,269.33,-19.5657],"duration":0,"handIds":[369],"id":3,"normal":[0.652752,-0.091166,0.752066],"pointableIds":[3691],"progress":0.763085,"radius":34.3622,"state":"start","type":"circle"}],"hands":[{"armBasis":[[0.913399,-0.179177,-0.36551],[0.288975,0.917819,0.272215],[0.286697,-0.354264,0.890113]],"armWidth":63.029,"confidence":0.820245,"direction":[0.0191689,0.789561,-0.613373],"elbow":[56.6101,118.205,279.619],"grabStrength":0,"id":369,"palmNormal":[-0.336659,-0.572564,-0.74755],"palmPosition":[-27.4718,254.211,7.85831],"palmVelocity":[127.162,201.499,-163.773],"palmWidth":90.0033,"pinchStrength":0.467005,"r":[[0.949456,-0.0702244,0.305944],[0.00075027,0.975159,0.221503],[-0.313899,-0.210078,0.925924]],"s":1.09941,"sphereCenter":[-41.8262,242.295,-36.9344],"sphereRadius":46.5416,"stabilizedPalmPosition":[-30.3597,249.844,11.5046],"t":[63.0003,58.1929,-139.686],"timeVisible":24.1685,"type":"right","wrist":[-19.9587,212.819,41.8942]}],"id":1195249,"interactionBox":{"center":[0,200,0],"size":[235.247,235.247,147.751]},"pointables":[{"bases":[[[0.683687,0.577325,0.446395],[-0.614581,0.125641,0.778784],[0.393526,-0.80679,0.440712]],[[0.418345,0.888886,0.186735],[-0.661689,0.157416,0.733068],[0.622218,-0.430236,0.65402]],[[0.418345,0.888886,0.186735],[-0.881026,0.347128,0.321397],[0.220864,-0.298973,0.92835]],[[0.418345,0.888886,0.186735],[-0.907918,0.415111,0.058034],[-0.0259301,-0.193818,0.980695]]],"btipPosition":[-87.7388,246.07,-43.1349],"carpPosition":[-50.1674,210.257,43.1705],"dipPosition":[-88.3391,241.583,-20.432],"direction":[-0.220864,0.298973,-0.92835],"extended":false,"handId":369,"id":3690,"length":51.5512,"mcpPosition":[-50.1674,210.257,43.1705],"pipPosition":[-80.8902,231.5,10.8774],"stabilizedTipPosition":[-92.528,239.393,-32.2263],"timeVisible":24.1685,"tipPosition":[-87.1567,245.155,-38.0477],"tipVelocity":[134.222,191.179,-176.446],"tool":false,"touchDistance":-0.50328,"touchZone":"hovering","type":0,"width":20.0304},{"bases":[[[0.931285,-0.0851235,-0.354206],[0.312289,0.68719,0.655931],[0.187572,-0.721473,0.666553]],[[0.935741,-0.103386,-0.337194],[0.238612,0.889624,0.389402],[0.259717,-0.444838,0.857127]],[[0.935741,-0.103386,-0.337194],[0.194037,0.949283,0.247409],[0.294514,-0.296939,0.908344]],[[0.935741,-0.103386,-0.337194],[0.159302,0.976883,0.142557],[0.314661,-0.187112,0.930579]]],"btipPosition":[-72.9887,309.595,-73.2714],"carpPosition":[-35.9425,227.926,49.1038],"dipPosition":[-67.6708,306.433,-57.5443],"direction":[-0.294514,0.296939,-0.908344],"extended":true,"handId":369,"id":3691,"length":58.1698,"mcpPosition":[-49.5924,280.429,0.597553],"pipPosition":[-60.6295,299.333,-35.8274],"stabilizedTipPosition":[-73.2229,306.534,-68.0713],"timeVisible":24.1685,"tipPosition":[-72.089