{"sensorType":"Leap","data":[[0,{"currentFrameRate":97.4284,"devices":[],"gestures":[],"hands":[{"armBasis":[[0.920485,-0.0926244,-0.379642],[0.217402,0.928661,0.300543],[0.324721,-0.35918,0.874955]],"armWidth":63.029,"confidence":0.676605,"direction":[-0.0613559,0.705397,-0.706152],"elbow":[64.9739,116.927,295.723],"grabStrength":0,"id":369,"palmNormal":[-0.26992,-0.69285,-0.668657],"palmPosition":[-33.4262,248.699,23.227],"palmVelocity":[289.817,20.2551,-30.5621],"palmWidth":90.0033,"pinchStrength":0.557179,"r":[[0.946226,0.0416512,0.320815],[-0.0887021,0.987075,0.133471],[-0.311109,-0.15475,0.937691]],"s":1.02063,"sphereCenter":[-39.1731,227.28,-23.458],"sphereRadius":49.5372,"stabilizedPalmPosition":[-44.7662,249.472,32.0843],"t":[54.5486,54.3747,-125.7],"timeVisible":21.1689,"type":"right","wrist":[-21.7501,212.854,62.0469]}],"id":1194937,"interactionBox":{"center":[0,200,0],"size":[235.247,235.247,147.751]},"pointables":[{"bases":[[[0.616125,0.69716,0.366549],[-0.628691,0.154941,0.762064],[0.474487,-0.699972,0.533761]],[[0.356334,0.928417,0.105207],[-0.683943,0.182461,0.70635],[0.636591,-0.323652,0.700001]],[[0.356334,0.928417,0.105207],[-0.897141,0.308502,0.316173],[0.261084,-0.207049,0.94285]],[[0.356334,0.928417,0.105207],[-0.934198,0.351918,0.0585524],[0.0173367,-0.119148,0.992725]]],"btipPosition":[-92.1621,233.004,-25.4816],"carpPosition":[-51.523,207.282,63.8617],"dipPosition":[-91.7607,230.246,-2.50017],"direction":[-0.261084,0.207049,-0.94285],"extended":false,"handId":369,"id":3690,"length":51.5512,"mcpPosition":[-51.523,207.282,63.8617],"pipPosition":[-82.9555,223.263,29.2983],"stabilizedTipPosition":[-104.604,234.233,-9.5156],"timeVisible":21.1689,"tipPosition":[-92.7207,231.742,-19.2395],"tipVelocity":[304.864,24.8604,-25.5753],"tool":false,"touchDistance":-0.481525,"touchZone":"touching","type":0,"width":20.0304},{"bases":[[[0.936983,-0.0290174,-0.348169],[0.234028,0.792064,0.563796],[0.259412,-0.609748,0.748941]],[[0.957127,-0.0858817,-0.276643],[0.184139,0.917627,0.352213],[0.223607,-0.388053,0.8941]],[[0.957127,-0.0858817,-0.276643],[0.15113,0.962804,0.223984],[0.247117,-0.25619,0.934505]],[[0.957127,-0.0858817,-0.276643],[0.125213,0.983867,0.127777],[0.261207,-0.156938,0.95244]]],"btipPosition":[-77.9887,296.597,-63.4748],"carpPosition":[-39.2856,226.956,67.4621],"dipPosition":[-73.5742,293.944,-47.3783],"direction":[-0.247117,0.25619,-0.934505],"extended":true,"handId":369,"id":3691,"length":58.1698,"mcpPosition":[-58.1635,271.328,12.9603],"pipPosition":[-67.666,287.819,-25.0358],"stabilizedTipPosition":[-95.2999,250.482,-7.94549],"timeVisible":21.1689,"tipPosition":[-75.4451,298.206,-57.396],"tipVelocity":[317.265,562.613,-345.782],"tool":false,"touchDistance":-0.659983,"touchZone":"hovering","type":1,"width":19.133},{"bases":[[[0.909699,-0.245729,-0.334761],[0.394705,0.762176,0.513123],[0.129057,-0.59892,0.790341]],[[0.90391,-0.221951,-0.365628],[0.00482481,0.860063,-0.510164],[0.427695,0.459379,0.778491]],[[0.90391,-0.221951,-0.365628],[-0.414015,-0.239346,-0.87824],[0.107414,0.945226,-0.308238]],[[0.90391,-0.221951,-0.365628],[-0.399067,-0.745249,-0.534182],[-0.153922,0.628763,-0.762211]]],"btipPosition":[-57.2114,209.451,-5.04098],"carpPosition":[-27.7533,228.295,63.78],"dipPosition":[-60.0726,221.138,-19.2091],"direction":[-0.107414,-0.945226,0.308238],"extended":false,"handId":369,"id":3692,"length":66.2798,"mcpPosition":[-36.6597,269.628,9.23742],"pipPosition":[-57.0512,247.725,-27.8793],"stabilizedTipPosition":[-79.3244,214.367,16.8903],"timeVisible":21.1689,"tipPosition":[-57.2895,212.596,-6.50385],"tipVelocity":[225.102,6.93522,-205.304],"tool":false,"touchDistance":0.333333,"touchZone":"none","type":2,"width":18.7912},{"bases":[[[0.886415,-0.387939,-0.25253],[0.462603,0.723191,0.512828],[-0.0163188,-0.571399,0.82051]],[[0.886336,-0.364093,-0.286086],[0.142857,0.802715,-0.579],[0.440455,0.472319,0.763488]],[[0.886336,-0.364093,-0.286086],[-0.389873,-0.253471,-0.885297],[0.249816,0.896208,-0.366611]],[[0.886336,-0.364093,-0.286086],[-0.461288,-0.748033,-0.477138],[-0.040279,0.554872,-0.83096]]],"btipPosition":[-41.062,206.206,0.36882],"carpPosition":[-16.5062,226.489,59.5476],"dipPosition":[-41.8064,216.461,-14.9885],"direction":[-0.249816,-0.896208,0.366611],"extended":false,"handId":369,"id":3693,"length":63.7298,"mcpPosition":[-15.4951,261.893,8.70824],"pipPosition":[-34.961,241.019,-25.0342],"stabilizedTipPosition":[-57.8567,209.978,16.6217],"timeVisible":21.1689,"tipPosition":[-40.6079,208.734,-0.78587],"tipVelocity":[232.833,35.2858,-263.71],"tool":false,"touchDistance":0.333333,"touchZone":"none","type":3,"width":17.881},{"bases":[[[0.789867,-0.565589,-0.237107],[0.59157,0.600707,0.537769],[-0.161725,-0.565031,0.809064]],[[0.787322,-0.574098,-0.224801],[0.326655,0.697656,-0.637631],[0.522897,0.428588,0.736812]],[[0.787322,-0.574098,-0.224801],[-0.426878,-0.244509,-0.870627],[0.444859,0.781426,-0.437577]],[[0.787322,-0.574098,-0.224801],[-0.60744,-0.659873,-0.44225],[0.105555,0.484746,-0.868262]]],"btipPosition":[-26.4834,212.011,4.59431],"carpPosition":[-7.06433,217.976,53.5004],"dipPosition":[-24.6837,220.276,-10.2095],"direction":[-0.444859,-0.781426,0.437577],"extended":false,"handId":369,"id":3694,"length":49.963,"mcpPosition":[2.21162,250.384,7.09543],"pipPosition":[-16.0771,235.394,-18.6751],"stabilizedTipPosition":[-38.9837,216.992,12.2016],"timeVisible":21.1689,"tipPosition":[-26.3148,214.58,2.79278],"tipVelocity":[309.969,-25.1003,-137.694],"tool":false,"touchDistance":0.333333,"touchZone":"none","type":4,"width":15.8833}],"r":[[0.946226,0.0416512,0.320815],[-0.0887021,0.987075,0.133471],[-0.311109,-0.15475,0.937691]],"s":1.02063,"t":[54.5486,54.3747,-125.7],"timestamp":15585107203},false],[1,{"currentFrameRate":97.8391,"devices":[],"gestures":[],"hands":[{"armBasis":[[0.918061,-0.110107,-0.380843],[0.234871,0.924975,0.298758],[0.319375,-0.363727,0.875044]],"armWidth":63.029,"confidence":0.693443,"direction":[-0.0450376,0.70892,-0.703849],"elbow":[65.2851,116.252,293.826],"grabStrength":0,"id":369,"palmNormal":[-0.282576,-0.68483,-0.671683],"palmPosition":[-30.849,249.605,21.4033],"palmVelocity":[285.351,41.9193,-77.1209],"palmWidth":90.0033,"pinchStrength":0.542122,"r":[[0.945535,0.0426714,0.322711],[-0.0857429,0.98901,0.12045],[-0.314024,-0.14156,0.938802]],"s":1.04928,"sphereCenter":[-36.4506,228.199,-25.682],"sphereRadius":49.8046,"stabilizedPalmPosition":[-39.6347,249.521,28.146],"t":[57.6272,54.9451,-126.737],"timeVisible":21.1783,"type":"right","wrist":[-20.0111,213.393,60.1262]}],"id":1194938,"interactionBox":{"center":[0,200,0],"size":[235.247,235.247,147.751]},"pointables":[{"bases":[[[0.629527,0.683004,0.370407],[-0.627195,0.165319,0.761115],[0.458609,-0.71146,0.53245]],[[0.378769,0.918617,0.112593],[-0.682672,0.195173,0.704178],[0.624894,-0.343585,0.70104]],[[0.378769,0.918617,0.112593],[-0.886158,0.324887,0.330411],[0.266941,-0.224925,0.937097]],[[0.378769,0.918617,0.112593],[-0.925457,0.37489,0.0546556],[0.00799744,-0.124902,0.992137]]],"btipPosition":[-89.9401,235.875,-27.3352],"carpPosition":[-49.8972,208.433,61.8518],"dipPosition":[-89.755,232.983,-4.3674],"direction":[-0.266941,0.224925,-0.937097],"extended":false,"handId":369,"id":3690,"length":51.5512,"mcpPosition":[-49.8972,208.433,61.8518],"pipPosition":[-80.7522,225.398,27.237],"stabilizedTipPosition":[-99.0413,234.602,-14.2577],"timeVisible":21.1783,"tipPosition":[-90.4144,234.46,-21.2547],"tipVelocity":[283.84,103.841,-74.5553],"tool":false,"touchDistance":-0.489557,"touchZone":"touching","type":0,"width":20.0304},{"bases":[[[0.937023,-0.0472164,-0.346063],[0.248998,0.785123,0.567083],[0.244926,-0.617538,0.747434]],[[0.956086,-0.105802,-0.273322],[0.202674,0.912319,0.355804],[0.211713,-0.395575,0.893699]],[[0.956086,-0.105802,-0.273322],[0.174471,0.954787,0.240711],[0.235497,-0.277827,0.931318]],[[0.956086,-0.105802,-0.273322],[0.152143,0.976239,0.154303],[0.250503,-0.189111,0.949466]]],"btipPosition":[-73.9489,299.425,-65.1348],"carpPosition":[-37.2642,227.836,65.5489],"dipPosition":[-69.7153,296.229,-49.0886],"direction":[-0.235497,0.277827,-0.931318],"extended":true,"handId":369,"id":3691,"length":58.1698,"mcpPosition":[-55.0879,272.776,11.1568],"pipPosition":[-64.085,289.586,-26.8223],"stabilizedTipPosition":[-91.9227,257.775,-16.0385],"timeVisible":21.1783,"tipPosition":[-71.7216,300.321,-59.4404],"tipVelocity":[348.041,484.243,-297.929],"tool":false,"touchDistance":-0.647392,"touchZone":"hovering","type":1,"width":19.133},{"bases":[[[0.905229,-0.263362,-0.333469],[0.409145,0.752089,0.516685],[0.114723,-0.604155,0.788565]],[[0.899943,-0.2391,-0.3646],[0.0213336,0.859371,-0.510907],[0.435484,0.452009,0.778486]],[[0.899943,-0.2391,-0.3646],[-0.417589,-0.232193,-0.878468],[0.125384,0.942824,-0.308806]],[[0.899943,-0.2391,-0.3646],[-0.411955,-0.740192,-0.531422],[-0.142811,0.628448,-0.764629]]],"btipPosition":[-55.25,210.891,-6.73862],"carpPosition":[-25.6977,228.949,61.8987],"dipPosition":[-57.9046,222.572,-20.9517],"direction":[-0.125384,-0.942824,0.308806],"extended":false,"handId":369,"id":3692,"length":66.2798,"mcpPosition":[-33.6149,270.643,7.47863],"pipPosition":[-54.3778,249.092,-29.6378],"stabilizedTipPosition":[-77.7881,214.315,15.1292],"timeVisible":21.1783,"tipPosition":[-55.3632,214.014,-8.47271],"tipVelocity":[221.852,48.5596,-198.574],"tool":false,"touchDistance":0.333333,"touchZone":"none","type":2,"width":18.7912},{"bases":[[[0.878809,-0.405339,-0.251785],[0.476223,0.711708,0.516414],[-0.030125,-0.573735,0.818487]],[[0.879297,-0.38075,-0.286124],[0.162358,0.804398,-0.571475],[0.447746,0.456042,0.769122]],[[0.879297,-0.38075,-0.286124],[-0.391968,-0.237246,-0.888862],[0.270552,0.893725,-0.357852]],[[0.879297,-0.38075,-0.286124],[-0.475674,-0.732208,-0.487448],[-0.0239066,0.564713,-0.824941]]],"btipPosition":[-39.3735,207.393,-1.96721],"carpPosition":[-14.4802,226.925,57.6865],"dipPosition":[-39.8154,217.83,-17.2133],"direction":[-0.270552,-0.893725,0.357852],"extended":false,"handId":369,"id":3693,"length":63.7298,"mcpPosition":[-12.6136,262.474,6.97246],"pipPosition":[-32.4018,242.319,-27.019],"stabilizedTipPosition":[-55.5218,209.955,13.8151],"timeVisible":21.1783,"tipPosition":[-38.9235,209.901,-3.3256],"tipVelocity":[219.777,62.4515,-258.598],"tool":false,"touchDistance":0.333333,"touchZone":"none","type":3,"width":17.881},{"bases":[[[0.778568,-0.581004,-0.237204],[0.602567,0.586496,0.541235],[-0.17534,-0.56432,0.806721]],[[0.779178,-0.579022,-0.24003],[0.351905,0.721002,-0.596924],[0.518695,0.380643,0.76555]],[[0.779178,-0.579022,-0.24003],[-0.413279,-0.186672,-0.891265],[0.471255,0.793654,-0.384749]],[[0.779178,-0.579022,-0.24003],[-0.61271,-0.622853,-0.486456],[0.132165,0.526105,-0.840087]]],"btipPosition":[-24.6574,212.968,0.352783],"carpPosition":[-5.20184,218.239,51.6321],"dipPosition":[-22.404,221.938,-13.9706],"direction":[-0.471255,-0.793654,0.384749],"extended":false,"handId":369,"id":3694,"length":49.963,"mcpPosition":[4.85503,250.606,5.36148],"pipPosition":[-13.2867,237.293,-21.4142],"stabilizedTipPosition":[-34.8841,216.451,8.01952],"timeVisible":21.1783,"tipPosition":[-24.3112,215.541,-1.02],"tipVelocity":[280.16,15.9827,-223.653],"tool":false,"touchDistance":0.333333,"touchZone":"none","type":4,"width":15.8833}],"r":[[0.945535,0.0426714,0.322711],[-0.0857429,0.98901,0.12045],[-0.314024,-0.14156,0.938802]],"s":1.04928,"t":[57.6272,54.9451,-126.737],"timestamp":15585116604},false],[2,{"currentFrameRate":98.3445,"devices":[],"gestures":[],"hands":[{"armBasis":[[0.915564,-0.131986,-0.379897],[0.257922,0.917475,0.302847],[0.308574,-0.37526,0.874049]],"armWidth":63.029,"confidence":0.707895,"direction":[-0.0307628,0.716532,-0.696875],"elbow":[63.9209,113.536,290.922],"grabStrength":0,"id":369,"palmNormal":[-0.301978,-0.671287,-0.676892],"palmPosition":[-28.6086,250.592,19.1592],"palmVelocity":[273.957,60.2592,-123.895],"palmWidth":90.0033,"pinchStrength":0.525904,"r":[[0.945465,0.0383068,0.323464],[-0.0784466,0.990609,0.11198],[-0.316137,-0.131247,0.939591]],"s":1.07027,"sphereCenter":[-34.8026,229.674,-28.2425],"sphereRadius":49.9725,"stabilizedPalmPosition":[-35.3826,249.934,24.6804],"t":[60.2868,55.7237,-128.378],"timeVisible":21.1875,"type":"right","wrist":[-18.4907,213.757,57.4877]}],"id":1194939,"interactionBox":{"center":[0,200,0],"size":[235.247,235.247,147.751]},"pointables":[{"bases":[[[0.647506,0.663934,0.374068],[-0.619768,0.173175,0.76544],[0.443422,-0.727463,0.523617]],[[0.405239,0.905876,0.12317],[-0.673483,0.204703,0.710294],[0.618224,-0.370791,0.693046]],[[0.405239,0.905876,0.12317],[-0.870476,0.341163,0.354795],[0.279379,-0.250993,0.926796]],[[0.405239,0.905876,0.12317],[-0.914195,0.400755,0.0603547],[0.00531304,-0.137059,0.990549]]],"btipPosition":[-88.5519,239.454,-29.1088],"carpPosition":[-48.481,209.508,59.2993],"dipPosition":[-88.4289,236.281,-6.17776],"direction":[-0.279379,0.250993,-0.926796],"extended":false,"handId":369,"id":3690,"length":51.5512,"mcpPosition":[-48.481,209.508,59.2993],"pipPosition":[-79.0066,227.816,25.0792],"stabilizedTipPosition":[-94.7951,236.266,-18.1241],"timeVisible":21.1875,"tipPosition":[-88.8533,237.849,-23.2452],"tipVelocity":[246.503,181.802,-107.987],"tool":false,"touchDistance":-0.495666,"touchZone":"touching","type":0,"width":20.0304},{"bases":[[[0.934127,-0.0666192,-0.35067],[0.270407,0.773365,0.573399],[0.232996,-0.630451,0.740435]],[[0.95211,-0.126531,-0.278345],[0.226335,0.903729,0.363382],[0.205569,-0.408979,0.889088]],[[0.95211,-0.126531,-0.278345],[0.199734,0.946657,0.252877],[0.2315,-0.296362,0.926594]],[[0.95211,-0.126531,-0.278345],[0.178445,0.969186,0.169813],[0.248281,-0.21135,0.945351]]],"btipPosition":[-70.7868,302.479,-66.6717],"carpPosition":[-35.3645,228.562,63.1242],"dipPosition":[-66.5908,298.907,-50.695],"direction":[-0.2315,0.296362,-0.926594],"extended":true,"handId":369,"id":3691,"length":58.1698,"mcpPosition":[-52.32,274.442,9.24143],"pipPosition":[-61.056,291.822,-28.5417],"stabilizedTipPosition":[-87.9798,265.604,-24.4161],"timeVisible":21.1875,"tipPosition":[-68.6339,303.058,-61.1371],"tipVelocity":[346.945,439.529,-262.109],"tool":false,"touchDistance":-0.63428,"touchZone":"hovering","type":1,"width":19.133},{"bases":[[[0.897141,-0.28204,-0.339988],[0.429489,0.736939,0.521977],[0.103332,-0.614308,0.782271]],[[0.892291,-0.257251,-0.370996],[0.0390933,0.86271,-0.504185],[0.449764,0.435377,0.779846]],[[0.892291,-0.257251,-0.370996],[-0.427418,-0.216777,-0.877679],[0.145361,0.941716,-0.303382]],[[0.892291,-0.257251,-0.370996],[-0.431119,-0.729427,-0.531105],[-0.133987,0.633844,-0.761768]]],"btipPosition":[-53.9628,212.795,-9.04032],"carpPosition":[-23.7899,229.429,59.4332],"dipPosition":[-56.4534,224.577,-23.2002],"direction":[-0.145361,-0.941716,0.303382],"extended":false,"handId":369,"id":3692,"length":66.2798,"mcpPosition":[-30.921,271.824,5.44749],"pipPosition":[-52.3647,251.066,-31.7338],"stabilizedTipPosition":[-76.2202,214.395,13.2798],"timeVisible":21.1875,"tipPosition":[-54.0875,215.882,-10.9333],"tipVelocity":[200.306,93.6668,-212.866],"tool":false,"touchDistance":0.333333,"touchZone":"none","type":2,"width":18.7912},{"bases":[[[0.867622,-0.424112,-0.25954],[0.495564,0.694947,0.521023],[-0.0406057,-0.58067,0.813126]],[[0.868564,-0.399058,-0.293853],[0.179858,0.806353,-0.563423],[0.461788,0.436517,0.772143]],[[0.868564,-0.399058,-0.293853],[-0.40111,-0.217849,-0.889749],[0.291046,0.890671,-0.349282]],[[0.868564,-0.399058,-0.293853],[-0.495411,-0.714542,-0.493961],[-0.0128516,0.574615,-0.818323]]],"btipPosition":[-38.2732,208.835,-4.6602],"carpPosition":[-12.6428,227.174,55.152],"dipPosition":[-38.5107,219.455,-19.784],"direction":[-0.291046,-0.890671,0.349282],"extended":false,"handId":369,"id":3693,"length":63.7298,"mcpPosition":[-10.1268,263.152,4.77011],"pipPosition":[-30.5356,243.86,-29.3548],"stabilizedTipPosition":[-53.5832,210.104,11.3399],"timeVisible":21.1875,"tipPosition":[-37.7853,211.342,-6.06014],"tipVelocity":[193.408,90.1978,-267.576],"tool":false,"touchDistance":0.333333,"touchZone":"none","type":3,"width":17.881},{"bases":[[[0.763203,-0.597424,-0.246182],[0.61893,0.566473,0.54409],[-0.185597,-0.56762,0.802098]],[[0.765139,-0.591337,-0.254721],[0.364585,0.723988,-0.585593],[0.530698,0.355193,0.769544]],[[0.765139,-0.591337,-0.254721],[-0.420828,-0.159877,-0.892941],[0.487305,0.790418,-0.371179]],[[0.765139,-0.591337,-0.254721],[-0.628115,-0.598557,-0.497193],[0.141543,0.540416,-0.829407]]],"btipPosition":[-23.3615,213.951,-2.6244],"carpPosition":[-3.60403,218.324,48.9741],"dipPosition":[-20.9482,223.165,-16.7657],"direction":[-0.487305,-0.790418,0.371179],"extended":false,"handId":369,"id":3694,"length":49.963,"mcpPosition":[7.04115,250.88,2.9686],"pipPosition":[-11.5204,238.457,-23.9468],"stabilizedTipPosition":[-31.8676,216.356,4.54871],"timeVisible":21.1875,"tipPosition":[-22.9543,216.524,-4.05935],"tipVelocity":[242.594,43.1368,-250.601],"tool":false,"touchDistance":0.333333,"touchZone":"none","type":4,"width":15.8833}],"r":[[0.945465,0.0383068,0.323464],[-0.0784466,0.990609,0.11198],[-0.316137,-0.131247,0.939591]],"s":1.07027,"t":[60.2868,55.7237,-128.378],"timestamp":15585125768},false],[3,{"currentFrameRate":98.6534,"devices":[],"gestures":[],"hands":[{"armBasis":[[0.921588,-0.143378,-0.36072],[0.255827,0.923253,0.28663],[0.29194,-0.356437,0.887538]],"armWidth":63.029,"confidence":0.719033,"direction":[-0.021406,0.726563,-0.686766],"elbow":[61.1545,119.162,292.184],"grabStrength":0,"id":369,"palmNormal":[-0.30092,-0.659752,-0.688604],"palmPosition":[-26.4324,251.793,17.2771],"palmVelocity":[260.854,79.2443,-145.125],"palmWidth":90.0033,"pinchStrength":0.518719,"r":[[0.944943,0.032768,0.325591],[-0.0715702,0.99158,0.10792],[-0.319313,-0.12528,0.939332]],"s":1.08548,"sphereCenter":[-32.4515,231.622,-30.4681],"sphereRadius":49.9998,"stabilizedPalmPosition":[-31.7114,250.696,21.6437],"t":[62.7046,56.714,-130.139],"timeVisible":21.197,"type":"right","wrist":[-16.8144,214.356,55.1478]}],"id":1194940,"interactionBox":{"center":[0,200,0],"size":[235.247,235.247,147.751]},"pointables":[{"bases":[[[0.648623,0.654647,0.388233],[-0.624368,0.165956,0.763298],[0.435261,-0.737493,0.516383]],[[0.411429,0.900507,0.140756],[-0.676945,0.198502,0.708761],[0.610304,-0.386889,0.691264]],[[0.411429,0.900507,0.140756],[-0.867904,0.339916,0.362217],[0.278333,-0.271189,0.921405]],[[0.411429,0.900507,0.140756],[-0.911398,0.40799,0.0538336],[-0.00894964,-0.150434,0.98858]]],"btipPosition":[-86.1561,241.993,-31.4129],"carpPosition":[-46.8417,210.261,56.6797],"dipPosition":[-86.3633,238.51,-8.52752],"direction":[-0.278333,0.271189,-0.921405],"extended":false,"handId":369,"id":3690,"length":51.5512,"mcpPosition":[-46.8417,210.261,56.6797],"pipPosition":[-76.9763,229.364,22.5477],"stabilizedTipPosition":[-91.0515,238.413,-21.621],"timeVisible":21.197,"tipPosition":[-86.4685,240.29,-25.6843],"tipVelocity":[245.652,204.068,-146.879],"tool":false,"touchDistance":-0.509152,"touchZone":"touching","type":0,"width":20.0304},{"bases":[[[0.93628,-0.0672057,-0.344765],[0.270714,0.763481,0.586353],[0.223815,-0.642324,0.733026]],[[0.953327,-0.128011,-0.273462],[0.229049,0.896715,0.378733],[0.196735,-0.423692,0.884183]],[[0.953327,-0.128011,-0.273462],[0.204212,0.940477,0.271663],[0.222408,-0.314828,0.922723]],[[0.953327,-0.128011,-0.273462],[0.184246,0.964147,0.190979],[0.23921,-0.232449,0.942733]]],"btipPosition":[-67.65,305.385,-68.0393],"carpPosition":[-33.6419,229.181,60.8722],"dipPosition":[-63.6073,301.456,-52.1068],"direction":[-0.222408,0.314828,-0.922723],"extended":true,"handId":369,"id":3691,"length":58.1698,"mcpPosition":[-49.9294,275.924,7.52862],"pipPosition":[-58.2899,293.929,-30.0461],"stabilizedTipPosition":[-83.3021,274.158,-33.2081],"timeVisible":21.197,"tipPosition":[-65.6257,305.675,-62.6385],"tipVelocity":[340.801,398.313,-228.276],"tool":false,"touchDistance":-0.619852,"touchZone":"hovering","type":1,"width":19.133},{"bases":[[[0.89795,-0.282532,-0.337435],[0.429955,0.72684,0.535576],[0.0939438,-0.626002,0.774142]],[[0.893465,-0.257226,-0.368177],[0.0472227,0.86901,-0.492535],[0.446643,0.422677,0.788577]],[[0.893465,-0.257226,-0.368177],[-0.422763,-0.204907,-0.882771],[0.15163,0.944377,-0.291823]],[[0.893465,-0.257226,-0.368177],[-0.430579,-0.723745,-0.539255],[-0.127756,0.640335,-0.757397]]],"btipPosition":[-51.7039,214.614,-11.4567],"carpPosition":[-22.0355,230.031,57.2784],"dipPosition":[-54.0786,226.516,-25.5354],"direction":[-0.15163,-0.944377,0.291823],"extended":false,"handId":369,"id":3692,"length":66.2798,"mcpPosition":[-28.5187,273.232,3.85378],"pipPosition":[-49.8136,253.08,-33.7438],"stabilizedTipPosition":[-74.3934,214.62,11.1478],"timeVisible":21.197,"tipPosition":[-51.8693,217.672,-13.4772],"tipVelocity":[211.727,122.519,-224.06],"tool":false,"touchDistance":0.333333,"touchZone":"none","type":2,"width":18.7912},{"bases":[[[0.867003,-0.425557,-0.259243],[0.495786,0.684471,0.534505],[-0.0500177,-0.591946,0.804424]],[[0.868348,-0.399919,-0.293321],[0.189178,0.813795,-0.549499],[0.458458,0.421666,0.782313]],[[0.868348,-0.399919,-0.293321],[-0.395584,-0.201768,-0.895993],[0.299141,0.894066,-0.333407]],[[0.868348,-0.399919,-0.293321],[-0.495948,-0.7036,-0.508903],[-0.00286055,0.587377,-0.809308]]],"btipPosition":[-36.1772,210.457,-7.27721],"carpPosition":[-10.8706,227.77,53.0469],"dipPosition":[-36.23,221.313,-22.2344],"direction":[-0.299141,-0.894066,0.333407],"extended":false,"handId":369,"id":3693,"length":63.7298,"mcpPosition":[-7.77146,264.447,3.20416],"pipPosition":[-28.0331,245.812,-31.3702],"stabilizedTipPosition":[-51.6546,210.42,8.89414],"timeVisible":21.197,"tipPosition":[-35.6792,212.976,-8.69012],"tipVelocity":[202.368,114.911,-268.484],"tool":false,"touchDistance":0.333333,"touchZone":"none","type":3,"width":17.881},{"bases":[[[0.761471,-0.598413,-0.249125],[0.618221,0.554945,0.556631],[-0.194845,-0.577873,0.792527]],[[0.763966,-0.590767,-0.25952],[0.372028,0.731892,-0.570903],[0.527211,0.339602,0.778922]],[[0.763966,-0.590767,-0.25952],[-0.415352,-0.142445,-0.898439],[0.4938,0.794169,-0.354199]],[[0.763966,-0.590767,-0.25952],[-0.627472,-0.586396,-0.512268],[0.150449,0.554197,-0.818676]]],"btipPosition":[-21.2213,215.408,-5.07984],"carpPosition":[-1.83874,218.955,46.8091],"dipPosition":[-18.6562,224.857,-19.0382],"direction":[-0.4938,-0.794169,0.354199],"extended":false,"handId":369,"id":3694,"length":49.963,"mcpPosition":[9.33685,252.099,1.35263],"pipPosition":[-9.10275,240.222,-25.8908],"stabilizedTipPosition":[-29.1594,216.651,1.45423],"timeVisible":21.197,"tipPosition":[-20.7893,217.997,-6.52262],"tipVelocity":[238.493,76.4012,-251.399],"tool":false,"touchDistance":0.333333,"touchZone":"none","type":4,"width":15.8833}],"r":[[0.944943,0.032768,0.325591],[-0.0715702,0.99158,0.10792],[-0.319313,-0.12528,0.939332]],"s":1.08548,"t":[62.7046,56.714,-130.139],"timestamp":15585135293},false],[4,{"currentFrameRate":99.0203,"devices":[],"gestures":[],"hands":[{"armBasis":[[0.925636,-0.148092,-0.348234],[0.254712,0.924394,0.283933],[0.279857,-0.351518,0.893373]],"armWidth":63.029,"confidence":0.736116,"direction":[-0.0129232,0.732112,-0.681062],"elbow":[58.8523,121.535,292.036],"grabStrength":0,"id":369,"palmNormal":[-0.297436,-0.653102,-0.696412],"palmPosition":[-25.0492,253.19,15.7923],"palmVelocity":[228.648,99.0508,-148.893],"palmWidth":90.0033,"pinchStrength":0.513873,"r":[[0.943952,0.0271287,0.328965],[-0.0655094,0.992189,0.106154],[-0.323516,-0.121755,0.938357]],"s":1.09674,"sphereCenter":[-30.8437,233.5,-32.1199],"sphereRadius":49.9918,"stabilizedPalmPosition":[-28.9882,251.716,19.2519],"t":[64.6051,57.9072,-131.762],"timeVisible":21.2064,"type":"right","wrist":[-15.8898,215.415,53.4411]}],"id":1194941,"interactionBox":{"center":[0,200,0],"size":[235.247,235.247,147.751]},"pointables":[{"bases":[[[0.647663,0.649118,0.398972],[-0.630239,0.162145,0.759281],[0.428172,-0.743206,0.514115]],[[0.414684,0.897073,0.152637],[-0.681683,0.195137,0.705146],[0.602782,-0.396462,0.692439]],[[0.414684,0.897073,0.152637],[-0.867683,0.339275,0.363344],[0.27416,-0.283113,0.919067]],[[0.414684,0.897073,0.152637],[-0.909696,0.412768,0.0455551],[-0.0221373,-0.157744,0.987232]]],"btipPosition":[-84.4407,244.195,-33.3554],"carpPosition":[-45.9437,211.419,54.6852],"dipPosition":[-84.9532,240.543,-10.5012],"direction":[-0.27416,0.283113,-0.919067],"extended":false,"handId":369,"id":3690,"length":51.5512,"mcpPosition":[-45.9437,211.419,54.6852],"pipPosition":[-75.7069,230.995,20.4952],"stabilizedTipPosition":[-88.1968,240.586,-24.4691],"timeVisible":21.2064,"tipPosition":[-84.7817,242.444,-27.7192],"tipVelocity":[225.711,211.641,-164.239],"tool":false,"touchDistance":-0.515815,"touchZone":"touching","type":0,"width":20.0304},{"bases":[[[0.938932,-0.0679015,-0.337337],[0.268478,0.757757,0.594746],[0.215235,-0.648994,0.729713]],[[0.955059,-0.128871,-0.266936],[0.229113,0.892319,0.38894],[0.188069,-0.432619,0.881743]],[[0.955059,-0.128871,-0.266936],[0.205824,0.936366,0.284351],[0.213305,-0.326514,0.920809]],[[0.955059,-0.128871,-0.266936],[0.18703,0.960643,0.205389],[0.229962,-0.246084,0.941573]]],"btipPosition":[-65.3532,307.834,-69.3599],"carpPosition":[-32.7116,230.255,59.1415],"dipPosition":[-61.4667,303.675,-53.447],"direction":[-0.213305,0.326514,-0.920809],"extended":true,"handId":369,"id":3691,"length":58.1698,"mcpPosition":[-48.3747,277.484,6.039],"pipPosition":[-56.367,295.869,-31.432],"stabilizedTipPosition":[-78.5672,282.38,-41.3728],"timeVisible":21.2064,"tipPosition":[-63.4447,307.899,-64.0885],"tipVelocity":[312.483,357.753,-203.566],"tool":false,"touchDistance":-0.606075,"touchZone":"hovering","type":1,"width":19.133},{"bases":[[[0.89976,-0.283136,-0.332063],[0.428011,0.720937,0.54503],[0.0850784,-0.632522,0.769855]],[[0.895631,-0.257575,-0.36263],[0.0542069,0.872398,-0.485781],[0.441483,0.415423,0.795309]],[[0.895631,-0.257575,-0.36263],[-0.416383,-0.198786,-0.887192],[0.156433,0.945589,-0.285289]],[[0.895631,-0.257575,-0.36263],[-0.427906,-0.721494,-0.544373],[-0.121419,0.642729,-0.75641]]],"btipPosition":[-50.1355,216.391,-13.3091],"carpPosition":[-21.072,231.091,55.6533],"dipPosition":[-52.3924,228.339,-27.3694],"direction":[-0.156433,-0.945589,0.285289],"extended":false,"handId":369,"id":3692,"length":66.2798,"mcpPosition":[-26.9434,274.743,2.52447],"pipPosition":[-47.9923,254.936,-35.394],"stabilizedTipPosition":[-72.449,214.991,8.87973],"timeVisible":21.2064,"tipPosition":[-50.3282,219.418,-15.4396],"tipVelocity":[199.92,141.904,-216.408],"tool":false,"touchDistance":0.333333,"touchZone":"none","type":2,"width":18.7912},{"bases":[[[0.867631,-0.426667,-0.255288],[0.493695,0.678335,0.544176],[-0.0590113,-0.598178,0.799187]],[[0.869361,-0.400674,-0.289259],[0.195911,0.816812,-0.542621],[0.453685,0.415064,0.788601]],[[0.869361,-0.400674,-0.289259],[-0.389268,-0.194638,-0.900326],[0.304437,0.895308,-0.32518]],[[0.869361,-0.400674,-0.289259],[-0.494141,-0.697795,-0.518562],[0.00593084,0.593753,-0.804626]]],"btipPosition":[-34.7257,212.037,-9.0909],"carpPosition":[-9.87975,228.823,51.4986],"dipPosition":[-34.6161,223.01,-23.9615],"direction":[-0.304437,-0.895308,0.32518],"extended":false,"handId":369,"id":3693,"length":63.7298,"mcpPosition":[-6.22337,265.887,1.98034],"pipPosition":[-26.274,247.543,-32.872],"stabilizedTipPosition":[-49.8479,210.861,6.61311],"timeVisible":21.2064,"tipPosition":[-34.2312,214.584,-10.5984],"tipVelocity":[189.988,130.955,-246.557],"tool":false,"touchDistance":0.333333,"touchZone":"none","type":3,"width":17.881},{"bases":[[[0.76139,-0.599208,-0.247456],[0.615467,0.548184,0.566299],[-0.20368,-0.583475,0.786175]],[[0.764459,-0.590081,-0.259627],[0.376432,0.73552,-0.563302],[0.523355,0.33289,0.7844]],[[0.764459,-0.590081,-0.259627],[-0.410572,-0.135142,-0.901758],[0.497023,0.795953,-0.345581]],[[0.764459,-0.590081,-0.259627],[-0.625276,-0.580627,-0.521443],[0.156947,0.560961,-0.812829]]],"btipPosition":[-19.7412,216.885,-6.71563],"carpPosition":[-0.827129,220.025,45.2671],"dipPosition":[-17.0653,226.449,-20.5743],"direction":[-0.497023,-0.795953,0.345582],"extended":false,"handId":369,"id":3694,"length":49.963,"mcpPosition":[10.8552,253.491,0.174876],"pipPosition":[-7.44954,241.848,-27.2601],"stabilizedTipPosition":[-26.9047,217.198,-1.09786],"timeVisible":21.2064,"tipPosition":[-19.2981,219.496,-8.25696],"tipVelocity":[216.352,100.253,-228.843],"tool":false,"touchDistance":0.333333,"touchZone":"none","type":4,"width":15.8833}],"r":[[0.943952,0.0271287,0.328965],[-0.0655094,0.992189,0.106154],[-0.323516,-0.121755,0.938357]],"s":1.09674,"t":[64.6051,57.9072,-131.762],"timestamp":15585144668},false],[5,{"currentFrameRate":99.3598,"devices":[],"gestures":[],"hands":[{"armBasis":[[0.929922,-0.150434,-0.335582],[0.25126,0.926216,0.281057],[0.268541,-0.34568,0.899106]],"armWidth":63.029,"confidence":0.748943,"direction":[-0.0050487,0.736218,-0.676726],"elbow":[56.6817,124.651,291.711],"grabStrength":0,"id":369,"palmNormal":[-0.291155,-0.648497,-0.703335],"palmPosition":[-23.7653,254.985,14.0732],"palmVelocity":[202.443,125.253,-158.587],"palmWidth":90.0033,"pinchStrength":0.511264,"r":[[0.942451,0.02198,0.333622],[-0.0606087,0.992536,0.105823],[-0.328806,-0.119953,0.936749]],"s":1.10572,"sphereCenter":[-29.343,235.772,-33.8805],"sphereRadius":49.9333,"stabilizedPalmPosition":[-26.8758,253.038,17.1574],"t":[66.1974,59.4015,-133.433],"timeVisible":21.2158,"type":"right","wrist":[-15.0382,216.973,51.5847]}],"id":1194942,"interactionBox":{"center":[0,200,0],"size":[235.247,235.247,147.751]},"pointables":[{"bases":[[[0.64439,0.645837,0.409458],[-0.637737,0.15841,0.753789],[0.421962,-0.746861,0.513952]],[[0.415029,0.895082,0.163029],[-0.687945,0.191478,0.700049],[0.595385,-0.402695,0.695236]],[[0.415029,0.895082,0.163029],[-0.869375,0.33734,0.361093],[0.268212,-0.291598,0.918168]],[[0.415029,0.895082,0.163029],[-0.909086,0.415128,0.0351054],[-0.0362556,-0.162777,0.985997]]],"btipPosition":[-82.7126,246.495,-35.6213],"carpPosition":[-45.1083,213.009,52.4985],"dipPosition":[-83.5519,242.727,-12.7957],"direction":[-0.268212,0.291598,-0.918168],"extended":false,"handId":369,"id":3690,"length":51.5512,"mcpPosition":[-45.1083,213.009,52.4985],"pipPosition":[-74.5062,232.892,18.1703],"stabilizedTipPosition":[-85.8762,242.797,-27.0577],"timeVisible":21.2158,"tipPosition":[-83.0919,244.725,-30.0609],"tipVelocity":[211.526,220.267,-186.336],"tool":false,"touchDistance":-0.526654,"touchZone":"touching","type":0,"width":20.0304},{"bases":[[[0.942234,-0.0671222,-0.328162],[0.263368,0.753802,0.602013],[0.20696,-0.653664,0.727936]],[[0.957426,-0.127775,-0.258862],[0.22656,0.888303,0.399485],[0.178904,-0.441126,0.879433]],[[0.957426,-0.127775,-0.258862],[0.204872,0.932495,0.297456],[0.20338,-0.337825,0.918972]],[[0.957426,-0.127775,-0.258862],[0.1873,0.957299,0.220223],[0.219669,-0.259332,0.940474]]],"btipPosition":[-63.1369,310.575,-71.0084],"carpPosition":[-31.8983,231.8,57.203],"dipPosition":[-59.4244,306.192,-55.1141],"direction":[-0.20338,0.337825,-0.918972],"extended":true,"handId":369,"id":3691,"length":58.1698,"mcpPosition":[-46.9592,279.369,4.22978],"pipPosition":[-54.562,298.115,-33.143],"stabilizedTipPosition":[-73.9409,290.104,-48.7538],"timeVisible":21.2158,"tipPosition":[-61.3693,310.358,-65.9154],"tipVelocity":[289.446,337.368,-195.684],"tool":false,"touchDistance":-0.598594,"touchZone":"hovering","type":1,"width":19.133},{"bases":[[[0.902736,-0.282332,-0.324586],[0.423352,0.717068,0.553702],[0.0764221,-0.637261,0.766849]],[[0.898959,-0.256629,-0.354985],[0.0604545,0.875339,-0.479715],[0.433841,0.409784,0.802408]],[[0.898959,-0.256629,-0.354985],[-0.407682,-0.19377,-0.892327],[0.160212,0.946887,-0.278815]],[[0.898959,-0.256629,-0.354985],[-0.42289,-0.719706,-0.550625],[-0.114178,0.645108,-0.755512]]],"btipPosition":[-48.5653,218.457,-15.4537],"carpPosition":[-20.2227,232.642,53.8386],"dipPosition":[-50.6877,230.448,-29.4973],"direction":[-0.160212,-0.946887,0.278815],"extended":false,"handId":369,"id":3692,"length":66.2798,"mcpPosition":[-25.4967,276.62,0.917191],"pipPosition":[-46.1812,257.083,-37.3398],"stabilizedTipPosition":[-70.3526,215.548,6.40981],"timeVisible":21.2158,"tipPosition":[-48.7621,221.457,-17.6364],"tipVelocity":[191.51,164.399,-219.655],"tool":false,"touchDistance":0.333333,"touchZone":"none","type":2,"width":18.7912},{"bases":[[[0.869643,-0.42628,-0.249011],[0.488987,0.674384,0.55326],[-0.0679152,-0.602902,0.794919]],[[0.871759,-0.399967,-0.282955],[0.197103,0.815046,-0.54484],[0.448539,0.419198,0.789358]],[[0.871759,-0.399967,-0.282955],[-0.383942,-0.198949,-0.901669],[0.304344,0.894676,-0.327]],[[0.871759,-0.399967,-0.282955],[-0.489784,-0.697108,-0.523596],[0.0121707,0.595036,-0.803607]]],"btipPosition":[-33.1712,213.701,-10.543],"carpPosition":[-8.99157,230.383,49.7844],"dipPosition":[-32.9462,224.698,-25.3948],"direction":[-0.304344,-0.894676,0.327],"extended":false,"handId":369,"id":3693,"length":63.7298,"mcpPosition":[-4.7835,267.74,0.530641],"pipPosition":[-24.6067,249.213,-34.3551],"stabilizedTipPosition":[-48.026,211.446,4.37267],"timeVisible":21.2158,"tipPosition":[-32.7357,216.358,-12.4695],"tipVelocity":[183.797,144.258,-220.218],"tool":false,"touchDistance":0.333333,"touchZone":"none","type":3,"width":17.881},{"bases":[[[0.763108,-0.598723,-0.243302],[0.610362,0.54394,0.575836],[-0.212425,-0.587928,0.780523]],[[0.76667,-0.588459,-0.256773],[0.380819,0.738777,-0.556045],[0.516908,0.328519,0.790495]],[[0.76667,-0.588459,-0.256773],[-0.403231,-0.130102,-0.905802],[0.499621,0.797991,-0.33703]],[[0.76667,-0.588459,-0.256773],[-0.620681,-0.577007,-0.530865],[0.164233,0.566373,-0.80762]]],"btipPosition":[-18.2486,218.747,-8.53352],"carpPosition":[0.112873,221.611,43.5924],"dipPosition":[-15.4485,228.404,-22.3033],"direction":[-0.499621,-0.797991,0.33703],"extended":false,"handId":369,"id":3694,"length":49.963,"mcpPosition":[12.2968,255.332,-1.17561],"pipPosition":[-5.78246,243.842,-28.8238],"stabilizedTipPosition":[-24.8886,218.015,-3.39636],"timeVisible":21.2158,"tipPosition":[-17.7912,221.375,-10.1517],"tipVelocity":[200.839,128.796,-218.146],"tool":false,"touchDistance":0.333333,"touchZone":"none","type":4,"width":15.8833}],"r":[[0.942451,0.02198,0.333622],[-0.0606087,0.992536,0.105823],[-0.328806,-0.119953,0.936749]],"s":1.10572,"t":[66.1974,59.4015,-133.433],"timestamp":15585154065},false],[6,{"currentFrameRate":99.6454,"devices":[],"gestures":[],"hands":[{"armBasis":[[0.930953,-0.146919,-0.334279],[0.248162,0.92613,0.284076],[0.267849,-0.347416,0.898643]],"armWidth":63.029,"confidence":0.761296,"direction":[0.00339799,0.740033,-0.672562],"elbow":[56.8714,126.122,289.643],"grabStrength":0,"id":369,"palmNormal":[-0.283698,-0.644219,-0.71028],"palmPosition":[-22.9248,257.14,12.2471],"palmVelocity":[169.823,154.562,-168.372],"palmWidth":90.0033,"pinchStrength":0.507454,"r":[[0.94044,0.0173015,0.33952],[-0.0567334,0.992686,0.10656],[-0.335193,-0.119476,0.934543]],"s":1.11291,"sphereCenter":[-28.2653,238.433,-35.7267],"sphereRadius":49.8451,"stabilizedPalmPosition":[-25.316,254.657,15.2189],"t":[67.4138,61.2263,-135.182],"timeVisible":21.2252,"type":"right","wrist":[-14.6637,218.908,49.6403]}],"id":1194943,"interactionBox":{"center":[0,200,0],"size":[235.247,235.247,147.751]},"pointables":[{"bases":[[[0.640272,0.642861,0.420454],[-0.646175,0.154796,0.747326],[0.415342,-0.750179,0.514512]],[[0.414461,0.893412,0.173309],[-0.695282,0.187975,0.693721],[0.587201,-0.408019,0.699082]],[[0.414461,0.893412,0.173309],[-0.872165,0.335545,0.356004],[0.259905,-0.298704,0.918273]],[[0.414461,0.893412,0.173309],[-0.908712,0.416658,0.025266],[-0.0496375,-0.16796,0.984543]]],"btipPosition":[-81.3563,249.078,-38.0921],"carpPosition":[-44.7461,214.969,50.1875],"dipPosition":[-82.5054,245.19,-15.3001],"direction":[-0.259905,0.298704,-0.918273],"extended":false,"handId":369,"id":3690,"length":51.5512,"mcpPosition":[-44.7461,214.969,50.1875],"pipPosition":[-73.7399,235.116,15.6694],"stabilizedTipPosition":[-84.0471,245.112,-29.5473],"timeVisible":21.2252,"tipPosition":[-81.7778,247.294,-32.5894],"tipVelocity":[189.752,234.438,-207.911],"tool":false,"touchDistance":-0.5395,"touchZone":"touching","type":0,"width":20.0304},{"bases":[[[0.945865,-0.0662222,-0.317732],[0.257173,0.750122,0.609244],[0.197992,-0.657975,0.726545]],[[0.960038,-0.126294,-0.249753],[0.223328,0.883543,0.411676],[0.168675,-0.451002,0.876439]],[[0.960038,-0.126294,-0.249753],[0.203253,0.928093,0.311981],[0.192393,-0.350277,0.916674]],[[0.960038,-0.126294,-0.249753],[0.1869,0.953549,0.236248],[0.208315,-0.273485,0.939048]]],"btipPosition":[-61.2697,313.765,-72.7549],"carpPosition":[-31.573,233.721,55.1491],"dipPosition":[-57.7491,309.143,-56.8846],"direction":[-0.192393,0.350277,-0.916674],"extended":true,"handId":369,"id":3691,"length":58.1698,"mcpPosition":[-45.9813,281.603,2.2771],"pipPosition":[-53.1494,300.769,-34.9685],"stabilizedTipPosition":[-69.6796,297.247,-55.1867],"timeVisible":21.2252,"tipPosition":[-59.6563,313.228,-67.8717],"tipVelocity":[261.61,335.512,-192.587],"tool":false,"touchDistance":-0.593347,"touchZone":"hovering","type":1,"width":19.133},{"bases":[[[0.906125,-0.281409,-0.315827],[0.417665,0.7135,0.56256],[0.0670328,-0.64166,0.764054]],[[0.902731,-0.255595,-0.346047],[0.0662804,0.877401,-0.475157],[0.42507,0.406002,0.808998]],[[0.902731,-0.255595,-0.346047],[-0.398052,-0.19112,-0.897233],[0.163192,0.947705,-0.27427]],[[0.902731,-0.255595,-0.346047],[-0.416677,-0.719604,-0.555473],[-0.10704,0.645632,-0.756109]]],"btipPosition":[-47.3518,220.836,-17.6069],"carpPosition":[-19.8588,234.569,51.9233],"dipPosition":[-49.3415,232.837,-31.6617],"direction":[-0.163192,-0.947705,0.27427],"extended":false,"handId":369,"id":3692,"length":66.2798,"mcpPosition":[-24.4849,278.851,-0.805168],"pipPosition":[-44.7512,259.494,-39.3764],"stabilizedTipPosition":[-68.1359,216.34,3.7304],"timeVisible":21.2252,"tipPosition":[-47.5678,223.814,-19.9041],"tipVelocity":[174.237,189.306,-221.906],"tool":false,"touchDistance":0.333333,"touchZone":"none","type":2,"width":18.7912},{"bases":[[[0.872032,-0.425748,-0.241451],[0.48326,0.670753,0.562628],[-0.0775838,-0.607314,0.790665]],[[0.874539,-0.399597,-0.27478],[0.20297,0.816193,-0.540955],[0.440438,0.417314,0.794899]],[[0.874539,-0.399597,-0.27478],[-0.374841,-0.197482,-0.905812],[0.307696,0.895166,-0.322491]],[[0.874539,-0.399597,-0.27478],[-0.484485,-0.694935,-0.531357],[0.021374,0.597819,-0.801346]]],"btipPosition":[-32.0686,215.931,-12.4888],"carpPosition":[-8.58419,232.323,47.9853],"dipPosition":[-31.6736,226.98,-27.2988],"direction":[-0.307696,-0.895166,0.322491],"extended":false,"handId":369,"id":3693,"length":63.7298,"mcpPosition":[-3.77704,269.952,-1.00491],"pipPosition":[-23.2422,251.509,-36.1355],"stabilizedTipPosition":[-46.2049,212.243,2.07276],"timeVisible":21.2252,"tipPosition":[-31.6451,218.615,-14.5954],"tipVelocity":[165.639,170.759,-215.659],"tool":false,"touchDistance":0.333333,"touchZone":"none","type":3,"width":17.881},{"bases":[[[0.765276,-0.598112,-0.237939],[0.604245,0.54006,0.585853],[-0.221905,-0.592112,0.774701]],[[0.769208,-0.587177,-0.252075],[0.386835,0.741882,-0.547695],[0.508604,0.32378,0.797802]],[[0.769208,-0.587177,-0.252075],[-0.393674,-0.124733,-0.910748],[0.503329,0.79979,-0.327103]],[[0.769208,-0.587177,-0.252075],[-0.615064,-0.573396,-0.541215],[0.17325,0.571349,-0.802213]]],"btipPosition":[-17.1706,220.998,-10.4835],"carpPosition":[0.582227,223.576,41.8483],"dipPosition":[-14.2167,230.74,-24.1612],"direction":[-0.503329,-0.79979,0.327103],"extended":false,"handId":369,"id":3694,"length":49.963,"mcpPosition":[13.3099,257.537,-2.58579],"pipPosition":[-4.47894,246.213,-30.4895],"stabilizedTipPosition":[-23.106,219.124,-5.56859],"timeVisible":21.2252,"tipPosition":[-16.6934,223.636,-12.1285],"tipVelocity":[176.937,160.575,-213.959],"tool":false,"touchDistance":0.333333,"touchZone":"none","type":4,"width":15.8833}],"r":[[0.94044,0.0173015,0.33952],[-0.0567334,0.992686,0.10656],[-0.335193,-0.119476,0