{"sensorType":"Leap","data":[[0,{"currentFrameRate":105.116,"devices":[],"gestures":[],"hands":[{"armBasis":[[0.941566,0.0628223,-0.330918],[0.11006,0.871143,0.478536],[0.318339,-0.486994,0.813324]],"armWidth":63.029,"confidence":0.529043,"direction":[-0.102643,0.589309,-0.801361],"elbow":[51.7237,101.083,273.024],"grabStrength":0,"id":369,"palmNormal":[-0.123102,-0.806948,-0.577651],"palmPosition":[-46.7471,259.472,11.7066],"palmVelocity":[185.386,-89.2648,-152.591],"palmWidth":90.0033,"pinchStrength":0.130017,"r":[[0.860133,0.303499,0.409951],[-0.311942,0.948888,-0.0479913],[-0.403563,-0.0866021,0.910844]],"s":1.29122,"sphereCenter":[-81.2798,251.804,-17.5876],"sphereRadius":52.3084,"stabilizedPalmPosition":[-56.022,272.698,27.207],"t":[42.7538,66.3684,-136.189],"timeVisible":18.235,"type":"right","wrist":[-33.2958,231.146,55.8077]}],"id":1194632,"interactionBox":{"center":[0,200,0],"size":[235.247,235.247,147.751]},"pointables":[{"bases":[[[0.487272,0.820913,0.297773],[-0.699278,0.162566,0.696119],[0.523045,-0.547425,0.65326]],[[0.374844,0.912569,0.163431],[-0.599322,0.104029,0.79372],[0.707323,-0.395469,0.585917]],[[0.374844,0.912569,0.163431],[-0.908206,0.326061,0.262386],[0.186157,-0.246783,0.951022]],[[0.374844,0.912569,0.163431],[-0.919719,0.388224,-0.0583092],[-0.116659,-0.128454,0.98483]]],"btipPosition":[-100.6,252.464,-27.0726],"carpPosition":[-62.0978,221.641,56.7305],"dipPosition":[-103.301,249.49,-4.27394],"direction":[-0.186157,0.246783,-0.951022],"extended":false,"handId":369,"id":3690,"length":51.5512,"mcpPosition":[-62.0978,221.641,56.7305],"pipPosition":[-97.0228,241.167,27.8001],"stabilizedTipPosition":[-111.075,260.794,-8.9067],"timeVisible":18.235,"tipPosition":[-101.68,254.195,-20.1641],"tipVelocity":[214.235,-160.845,-234.699],"tool":false,"touchDistance":-0.346234,"touchZone":"hovering","type":0,"width":20.0304},{"bases":[[[0.955825,0.0601479,-0.287717],[0.0821453,0.885178,0.457943],[0.282225,-0.461348,0.841134]],[[0.943964,0.0782773,-0.320633],[0.191021,0.662653,0.724156],[0.269153,-0.744824,0.610568]],[[0.943964,0.0782773,-0.320633],[0.112653,0.836715,0.535927],[0.310229,-0.542016,0.78101]],[[0.943964,0.0782773,-0.320633],[0.0354654,0.941787,0.334334],[0.328138,-0.326971,0.886237]]],"btipPosition":[-97.8674,326.882,-62.6266],"carpPosition":[-52.9286,243.171,58.1816],"dipPosition":[-92.3217,321.356,-47.649],"direction":[-0.310229,0.542016,-0.78101],"extended":true,"handId":369,"id":3691,"length":58.1698,"mcpPosition":[-73.4666,276.745,-3.02932],"pipPosition":[-84.9047,308.397,-28.9763],"stabilizedTipPosition":[-110.965,333.517,-41.9593],"timeVisible":18.235,"tipPosition":[-96.7388,326.893,-57.8334],"tipVelocity":[333.674,-80.0507,-246.291],"tool":false,"touchDistance":-0.515824,"touchZone":"hovering","type":1,"width":19.133},{"bases":[[[0.957064,-0.154523,-0.245256],[0.248732,0.87226,0.421064],[0.148863,-0.463988,0.873244]],[[0.95669,-0.153365,-0.247434],[-0.10472,0.611765,-0.784077],[0.271622,0.77603,0.569209]],[[0.95669,-0.153365,-0.247434],[-0.289384,-0.593432,-0.751063],[-0.0316486,0.790138,-0.612112]],[[0.95669,-0.153365,-0.247434],[-0.225729,-0.927537,-0.297862],[-0.183823,0.340814,-0.921984]]],"btipPosition":[-60.3546,212.117,1.94904],"carpPosition":[-41.4382,245.656,54.9959],"dipPosition":[-63.7715,218.452,-15.189],"direction":[0.0316486,-0.790138,0.612112],"extended":false,"handId":369,"id":3692,"length":66.2798,"mcpPosition":[-51.7114,277.676,-5.26791],"pipPosition":[-64.6617,240.677,-32.4065],"stabilizedTipPosition":[-62.0144,218.246,4.4764],"timeVisible":18.235,"tipPosition":[-61.0481,213.449,-1.56237],"tipVelocity":[29.1515,-67.7169,-130.03],"tool":false,"touchDistance":0.333333,"touchZone":"none","type":2,"width":18.7912},{"bases":[[[0.947047,-0.286431,-0.145117],[0.321093,0.843755,0.430088],[-0.000747393,-0.45391,0.891047]],[[0.946986,-0.280886,-0.15595],[0.046827,0.600902,-0.79795],[0.317843,0.748345,0.582199]],[[0.946986,-0.280886,-0.15595],[-0.294655,-0.565874,-0.770042],[0.128046,0.775171,-0.618639]],[[0.946986,-0.280886,-0.15595],[-0.317008,-0.895784,-0.311572],[-0.052181,0.344492,-0.937338]]],"btipPosition":[-46.3095,212.384,5.03131],"carpPosition":[-29.7645,244.94,51.6966],"dipPosition":[-47.2739,218.751,-12.292],"direction":[-0.128046,-0.775171,0.618639],"extended":false,"handId":369,"id":3693,"length":63.7298,"mcpPosition":[-29.7181,273.065,-3.51338],"pipPosition":[-43.7653,239.992,-29.2437],"stabilizedTipPosition":[-47.5883,220.959,8.60737],"timeVisible":18.235,"tipPosition":[-46.4414,213.633,1.76608],"tipVelocity":[33.7398,-100.356,-174.944],"tool":false,"touchDistance":0.333333,"touchZone":"none","type":3,"width":17.881},{"bases":[[[0.874436,-0.47249,-0.110067],[0.463149,0.745495,0.479302],[-0.144411,-0.470097,0.870721]],[[0.852187,-0.523146,-0.00977973],[0.309898,0.519697,-0.796165],[0.421593,0.675451,0.605001]],[[0.852187,-0.523146,-0.00977973],[-0.327382,-0.518527,-0.789906],[0.408165,0.676349,-0.613151]],[[0.852187,-0.523146,-0.00977973],[-0.49487,-0.799774,-0.339801],[0.169944,0.294414,-0.940446]]],"btipPosition":[-36.0911,222.382,4.24913],"carpPosition":[-18.8343,237.148,47.454],"dipPosition":[-33.1935,227.402,-11.7854],"direction":[-0.408165,-0.676349,0.613151],"extended":false,"handId":369,"id":3694,"length":49.963,"mcpPosition":[-10.5514,264.111,-2.48745],"pipPosition":[-25.2969,240.487,-23.6478],"stabilizedTipPosition":[-38.1297,232.97,7.63175],"timeVisible":18.235,"tipPosition":[-35.4037,223.415,0.612306],"tipVelocity":[72.3995,-138.986,-141.253],"tool":false,"touchDistance":0.333333,"touchZone":"none","type":4,"width":15.8833}],"r":[[0.860133,0.303499,0.409951],[-0.311942,0.948888,-0.0479913],[-0.403563,-0.0866021,0.910844]],"s":1.29122,"t":[42.7538,66.3684,-136.189],"timestamp":15582173340},false],[1,{"currentFrameRate":105.168,"devices":[],"gestures":[],"hands":[{"armBasis":[[0.941813,0.03486,-0.334324],[0.13157,0.87702,0.462089],[0.309317,-0.479188,0.821402]],"armWidth":63.029,"confidence":0.537684,"direction":[-0.093607,0.588858,-0.802798],"elbow":[51.2374,102.285,273.85],"grabStrength":0,"id":369,"palmNormal":[-0.145329,-0.805783,-0.574102],"palmPosition":[-44.42,258.747,10.3556],"palmVelocity":[203.033,-85.7674,-150.014],"palmWidth":90.0033,"pinchStrength":0.167301,"r":[[0.8698,0.287124,0.401257],[-0.290577,0.955342,-0.0537249],[-0.398763,-0.069866,0.914389]],"s":1.28334,"sphereCenter":[-78.4633,251.522,-19.0076],"sphereRadius":51.8757,"stabilizedPalmPosition":[-55.3736,271.918,26.2652],"t":[44.9444,65.5133,-137.506],"timeVisible":18.2445,"type":"right","wrist":[-31.3725,230.263,54.4758]}],"id":1194633,"interactionBox":{"center":[0,200,0],"size":[235.247,235.247,147.751]},"pointables":[{"bases":[[[0.50806,0.810297,0.292053],[-0.691153,0.181193,0.699626],[0.513987,-0.557305,0.652096]],[[0.385276,0.911407,0.14457],[-0.603546,0.130363,0.786599],[0.698065,-0.390312,0.600302]],[[0.385276,0.911407,0.14457],[-0.905296,0.34293,0.250675],[0.17889,-0.227457,0.957216]],[[0.385276,0.911407,0.14457],[-0.915507,0.397169,-0.0640524],[-0.115796,-0.107677,0.987419]]],"btipPosition":[-98.203,250.872,-29.1819],"carpPosition":[-60.3826,221.436,55.6003],"dipPosition":[-100.884,248.379,-6.32333],"direction":[-0.17889,0.227457,-0.957216],"extended":false,"handId":369,"id":3690,"length":51.5512,"mcpPosition":[-60.3826,221.436,55.6003],"pipPosition":[-94.8504,240.708,25.9596],"stabilizedTipPosition":[-109.312,259.284,-11.0671],"timeVisible":18.2445,"tipPosition":[-99.2082,252.815,-22.2707],"tipVelocity":[225.929,-159.864,-231.269],"tool":false,"touchDistance":-0.371377,"touchZone":"hovering","type":0,"width":20.0304},{"bases":[[[0.955246,0.036834,-0.29351],[0.105501,0.884547,0.454364],[0.27636,-0.464995,0.841074]],[[0.945243,0.0527041,-0.322083],[0.206627,0.667258,0.715592],[0.252627,-0.74296,0.619831]],[[0.945243,0.0527041,-0.322083],[0.131314,0.842053,0.523166],[0.298784,-0.536813,0.789024]],[[0.945243,0.0527041,-0.322083],[0.0557657,0.94628,0.318504],[0.321568,-0.319025,0.891525]]],"btipPosition":[-94.1297,326.389,-64.5559],"carpPosition":[-50.7047,242.752,56.9225],"dipPosition":[-88.6951,320.998,-49.4888],"direction":[-0.298784,0.536813,-0.789024],"extended":true,"handId":369,"id":3691,"length":58.1698,"mcpPosition":[-70.8159,276.59,-4.28394],"pipPosition":[-81.5517,308.163,-30.6246],"stabilizedTipPosition":[-108.348,332.306,-44.7275],"timeVisible":18.2445,"tipPosition":[-93.0509,326.459,-59.7264],"tipVelocity":[351.002,-71.2095,-233.894],"tool":false,"touchDistance":-0.521205,"touchZone":"hovering","type":1,"width":19.133},{"bases":[[[0.951725,-0.177664,-0.250308],[0.271519,0.867616,0.416556],[0.143165,-0.464411,0.873972]],[[0.95136,-0.176488,-0.252521],[-0.0922237,0.618925,-0.780017],[0.293955,0.765365,0.572544]],[[0.95136,-0.176488,-0.252521],[-0.307761,-0.581838,-0.752827],[-0.0140615,0.793925,-0.607853]],[[0.95136,-0.176488,-0.252521],[-0.250058,-0.921136,-0.298296],[-0.17996,0.346931,-0.920463]]],"btipPosition":[-59.333,211.734,0.256949],"carpPosition":[-39.1786,244.956,53.6611],"dipPosition":[-62.6781,218.183,-16.8528],"direction":[0.0140615,-0.793925,0.607853],"extended":false,"handId":369,"id":3692,"length":66.2798,"mcpPosition":[-49.0586,277.005,-6.65296],"pipPosition":[-63.0737,240.515,-33.9505],"stabilizedTipPosition":[-61.9458,218.065,4.18392],"timeVisible":18.2445,"tipPosition":[-59.9689,213.091,-3.089],"tipVelocity":[52.2925,-59.201,-144.024],"tool":false,"touchDistance":0.333333,"touchZone":"none","type":2,"width":18.7912},{"bases":[[[0.939225,-0.308965,-0.149653],[0.343247,0.837459,0.425257],[-0.00606129,-0.45078,0.892615]],[[0.939232,-0.303661,-0.160104],[0.0580766,0.600226,-0.797719],[0.338335,0.739945,0.581387]],[[0.939232,-0.303661,-0.160104],[-0.311571,-0.558289,-0.768919],[0.144107,0.772077,-0.618975]],[[0.939232,-0.303661,-0.160104],[-0.339847,-0.888335,-0.308812],[-0.0484514,0.344457,-0.937551]]],"btipPosition":[-45.1749,211.663,3.58271],"carpPosition":[-27.5445,243.957,50.2961],"dipPosition":[-46.0704,218.029,-13.7445],"direction":[-0.144107,-0.772077,0.618975],"extended":false,"handId":369,"id":3693,"length":63.7298,"mcpPosition":[-27.1689,271.888,-5.01101],"pipPosition":[-42.1216,239.186,-30.7055],"stabilizedTipPosition":[-47.4934,220.623,8.21996],"timeVisible":18.2445,"tipPosition":[-45.281,212.923,0.346062],"tipVelocity":[58.9768,-93.5801,-168.979],"tool":false,"touchDistance":0.333333,"touchZone":"none","type":3,"width":17.881},{"bases":[[[0.8625,-0.493158,-0.11353],[0.48326,0.736072,0.473982],[-0.150182,-0.463674,0.873185]],[[0.839523,-0.543181,-0.012421],[0.318964,0.51123,-0.798064],[0.439844,0.666032,0.602445]],[[0.839523,-0.543181,-0.012421],[-0.342825,-0.511847,-0.787708],[0.421511,0.665557,-0.615924]],[[0.839523,-0.543181,-0.012421],[-0.515251,-0.788685,-0.3354],[0.172387,0.287976,-0.941994]]],"btipPosition":[-34.6885,221.411,2.84007],"carpPosition":[-16.8245,235.897,46.0168],"dipPosition":[-31.7493,226.321,-13.2208],"direction":[-0.421511,-0.665557,0.615924],"extended":false,"handId":369,"id":3694,"length":49.963,"mcpPosition":[-8.21062,262.492,-4.06596],"pipPosition":[-23.5945,239.197,-25.1369],"stabilizedTipPosition":[-37.8335,232.219,7.02131],"timeVisible":18.2445,"tipPosition":[-33.9917,222.417,-0.75824],"tipVelocity":[94.5411,-129.547,-143.853],"tool":false,"touchDistance":0.333333,"touchZone":"none","type":4,"width":15.8833}],"r":[[0.8698,0.287124,0.401257],[-0.290577,0.955342,-0.0537249],[-0.398763,-0.069866,0.914389]],"s":1.28334,"t":[44.9444,65.5133,-137.506],"timestamp":15582182751},false],[2,{"currentFrameRate":105.31,"devices":[],"gestures":[],"hands":[{"armBasis":[[0.94068,0.00317491,-0.33928],[0.152994,0.888558,0.432502],[0.302843,-0.458754,0.835363]],"armWidth":63.029,"confidence":0.551449,"direction":[-0.0817333,0.591191,-0.80238],"elbow":[50.8896,107.373,274.818],"grabStrength":0,"id":369,"palmNormal":[-0.168879,-0.801647,-0.573448],"palmPosition":[-42.4849,258.714,7.65359],"palmVelocity":[204.873,-62.7116,-190.035],"palmWidth":90.0033,"pinchStrength":0.206368,"r":[[0.878982,0.26922,0.393589],[-0.268435,0.961537,-0.058221],[-0.394124,-0.0544779,0.917441]],"s":1.27556,"sphereCenter":[-76.098,252.116,-21.8648],"sphereRadius":51.481,"stabilizedPalmPosition":[-54.6039,271.13,25.1538],"t":[47.0072,65.0692,-139.515],"timeVisible":18.2537,"type":"right","wrist":[-29.9913,229.893,51.7158]}],"id":1194634,"interactionBox":{"center":[0,200,0],"size":[235.247,235.247,147.751]},"pointables":[{"bases":[[[0.530353,0.796708,0.289796],[-0.68308,0.19912,0.702676],[0.502123,-0.57062,0.649819]],[[0.398646,0.907804,0.13028],[-0.606357,0.154321,0.780074],[0.68805,-0.38997,0.611973]],[[0.398646,0.907804,0.13028],[-0.901129,0.36133,0.239597],[0.170433,-0.212914,0.962092]],[[0.398646,0.907804,0.13028],[-0.909387,0.409673,-0.0719955],[-0.11873,-0.0897746,0.98886]]],"btipPosition":[-96.1897,250.342,-32.5876],"carpPosition":[-59.2169,221.828,52.9687],"dipPosition":[-98.9383,248.264,-9.69564],"direction":[-0.170433,0.212914,-0.962092],"extended":false,"handId":369,"id":3690,"length":51.5512,"mcpPosition":[-59.2169,221.828,52.9687],"pipPosition":[-93.1903,241.083,22.7517],"stabilizedTipPosition":[-107.584,257.981,-13.3151],"timeVisible":18.2537,"tipPosition":[-97.1522,252.447,-25.7074],"tipVelocity":[223.244,-128.217,-269.641],"tool":false,"touchDistance":-0.413543,"touchZone":"hovering","type":0,"width":20.0304},{"bases":[[[0.954575,0.0118848,-0.297735],[0.130594,0.881438,0.453886],[0.267829,-0.472151,0.839846]],[[0.946274,0.0257836,-0.322338],[0.223638,0.667807,0.709943],[0.233564,-0.743888,0.626162]],[[0.946274,0.0257836,-0.322338],[0.152186,0.844012,0.51428],[0.285317,-0.535705,0.794742]],[[0.946274,0.0257836,-0.322338],[0.0788297,0.94835,0.307276],[0.313611,-0.316177,0.895366]]],"btipPosition":[-90.5171,327.006,-67.6117],"carpPosition":[-48.9795,242.883,54.248],"dipPosition":[-85.2169,321.663,-52.4798],"direction":[-0.285317,0.535705,-0.794742],"extended":true,"handId":369,"id":3691,"length":58.1698,"mcpPosition":[-68.4698,277.242,-6.86913],"pipPosition":[-78.3955,308.855,-33.4788],"stabilizedTipPosition":[-105.361,331.282,-47.7705],"timeVisible":18.2537,"tipPosition":[-89.4783,327.105,-62.7574],"tipVelocity":[361.362,-32.1417,-260.679],"tool":false,"touchDistance":-0.543032,"touchZone":"hovering","type":1,"width":19.133},{"bases":[[[0.94564,-0.202453,-0.254516],[0.295945,0.860177,0.415345],[0.134841,-0.468089,0.873333]],[[0.945288,-0.201242,-0.256772],[-0.0755908,0.630544,-0.772464],[0.317359,0.74961,0.580834]],[[0.945288,-0.201242,-0.256772],[-0.326149,-0.564687,-0.758126],[0.00757115,0.800394,-0.599427]],[[0.945288,-0.201242,-0.256772],[-0.276449,-0.912037,-0.302928],[-0.173224,0.357338,-0.917771]]],"btipPosition":[-58.8437,212.194,-3.1068],"carpPosition":[-37.4142,244.786,50.9355],"dipPosition":[-62.0637,218.836,-20.1665],"direction":[-0.00757115,-0.800394,0.599427],"extended":false,"handId":369,"id":3692,"length":66.2798,"mcpPosition":[-46.7198,277.089,-9.3344],"pipPosition":[-61.8507,241.349,-37.0272],"stabilizedTipPosition":[-61.8862,217.956,3.90073],"timeVisible":18.2537,"tipPosition":[-59.4063,213.581,-6.26411],"tipVelocity":[53.3629,-27.2768,-205.486],"tool":false,"touchDistance":0.333333,"touchZone":"none","type":2,"width":18.7912},{"bases":[[[0.930157,-0.333393,-0.153805],[0.366898,0.828155,0.423728],[-0.0138934,-0.450565,0.892636]],[[0.930256,-0.328157,-0.164125],[0.0740999,0.606126,-0.79191],[0.359351,0.724517,0.588169]],[[0.930256,-0.328157,-0.164125],[-0.32786,-0.542635,-0.77334],[0.164717,0.773214,-0.612379]],[[0.930256,-0.328157,-0.164125],[-0.364561,-0.877219,-0.312382],[-0.0414636,0.350429,-0.935671]]],"btipPosition":[-44.593,211.717,0.289212],"carpPosition":[-25.8251,243.483,47.5191],"dipPosition":[-45.3594,218.193,-17.0033],"direction":[-0.164717,-0.773214,0.612379],"extended":false,"handId":369,"id":3693,"length":63.7298,"mcpPosition":[-24.9643,271.401,-7.78929],"pipPosition":[-40.8459,239.381,-33.7835],"stabilizedTipPosition":[-47.4065,220.386,7.83981],"timeVisible":18.2537,"tipPosition":[-44.649,213.005,-2.81227],"tipVelocity":[61.0145,-64.9291,-221.411],"tool":false,"touchDistance":0.333333,"touchZone":"none","type":3,"width":17.881},{"bases":[[[0.848804,-0.515522,-0.117342],[0.504426,0.723137,0.471834],[-0.158386,-0.459685,0.873844]],[[0.824812,-0.565192,-0.015569],[0.331392,0.50556,-0.79661],[0.458109,0.651895,0.604293]],[[0.824812,-0.565192,-0.015569],[-0.357369,-0.499793,-0.788983],[0.438146,0.656327,-0.614218]],[[0.824812,-0.565192,-0.015569],[-0.536748,-0.774054,-0.33577],[0.177723,0.285304,-0.941815]]],"btipPosition":[-33.7837,221.15,-0.122746],"carpPosition":[-15.3386,235.147,43.1925],"dipPosition":[-30.7535,226.014,-16.1806],"direction":[-0.438146,-0.656327,0.614218],"extended":false,"handId":369,"id":3694,"length":49.963,"mcpPosition":[-6.25411,261.513,-6.92808],"pipPosition":[-22.2768,238.712,-28.0637],"stabilizedTipPosition":[-37.5413,231.607,6.35401],"timeVisible":18.2537,"tipPosition":[-33.0643,222.148,-3.64659],"tipVelocity":[96.1479,-101.442,-193.506],"tool":false,"touchDistance":0.333333,"touchZone":"none","type":4,"width":15.8833}],"r":[[0.878982,0.26922,0.393589],[-0.268435,0.961537,-0.058221],[-0.394124,-0.0544779,0.917441]],"s":1.27556,"t":[47.0072,65.0692,-139.515],"timestamp":15582191984},false],[3,{"currentFrameRate":105.259,"devices":[],"gestures":[],"hands":[{"armBasis":[[0.941006,-0.025845,-0.337401],[0.171276,0.896303,0.40903],[0.291842,-0.442688,0.847853]],"armWidth":63.029,"confidence":0.569917,"direction":[-0.0715216,0.589158,-0.804846],"elbow":[49.5382,111.23,276.697],"grabStrength":0,"id":369,"palmNormal":[-0.187924,-0.800421,-0.569219],"palmPosition":[-40.414,258.342,6.10241],"palmVelocity":[208.046,-55.7746,-181.813],"palmWidth":90.0033,"pinchStrength":0.23051,"r":[[0.887316,0.251244,0.386713],[-0.246516,0.967109,-0.0626905],[-0.389745,-0.0397048,0.920067]],"s":1.26793,"sphereCenter":[-73.3619,251.9,-23.6973],"sphereRadius":51.0419,"stabilizedPalmPosition":[-53.6362,270.258,23.8545],"t":[49.074,64.6612,-141.295],"timeVisible":18.2633,"type":"right","wrist":[-28.4046,229.46,50.2587]}],"id":1194635,"interactionBox":{"center":[0,200,0],"size":[235.247,235.247,147.751]},"pointables":[{"bases":[[[0.548307,0.786402,0.284485],[-0.676403,0.216992,0.703842],[0.491772,-0.578348,0.650903]],[[0.409488,0.905104,0.114483],[-0.607824,0.177082,0.774075],[0.680345,-0.38656,0.622657]],[[0.409488,0.905104,0.114483],[-0.897375,0.376981,0.229355],[0.164432,-0.196652,0.966587]],[[0.409488,0.905104,0.114483],[-0.904729,0.419022,-0.0767184],[-0.117409,-0.0721609,0.990458]]],"btipPosition":[-94.2137,249.421,-34.6339],"carpPosition":[-57.7931,222.032,51.6385],"dipPosition":[-96.9317,247.751,-11.705],"direction":[-0.164432,0.196652,-0.966587],"extended":false,"handId":369,"id":3690,"length":51.5512,"mcpPosition":[-57.7931,222.032,51.6385],"pipPosition":[-91.3861,241.118,20.894],"stabilizedTipPosition":[-105.79,256.722,-15.5744],"timeVisible":18.2633,"tipPosition":[-95.086,251.61,-27.8362],"tipVelocity":[218.442,-116.039,-253.047],"tool":false,"touchDistance":-0.431089,"touchZone":"hovering","type":0,"width":20.0304},{"bases":[[[0.953661,-0.0100481,-0.300715],[0.150988,0.880474,0.449409],[0.260256,-0.473988,0.841191]],[[0.947374,0.000939052,-0.320128],[0.235931,0.673859,0.700179],[0.216379,-0.738859,0.638175]],[[0.947374,0.000939052,-0.320128],[0.167803,0.850152,0.499083],[0.272626,-0.526536,0.805254]],[[0.947374,0.000939052,-0.320128],[0.0964127,0.95273,0.288114],[0.305266,-0.303816,0.902501]]],"btipPosition":[-86.9123,326.482,-70.0509],"carpPosition":[-47.1005,242.867,52.7891],"dipPosition":[-81.7532,321.347,-54.7983],"direction":[-0.272626,0.526536,-0.805254],"extended":true,"handId":369,"id":3691,"length":58.1698,"mcpPosition":[-66.0398,277.36,-8.42588],"pipPosition":[-75.2351,308.759,-35.5461],"stabilizedTipPosition":[-101.86,330.216,-51.1176],"timeVisible":18.2633,"tipPosition":[-85.9362,326.682,-65.1398],"tipVelocity":[364.537,-37.2122,-257.967],"tool":false,"touchDistance":-0.553233,"touchZone":"hovering","type":1,"width":19.133},{"bases":[[[0.940248,-0.223944,-0.25648],[0.315719,0.85548,0.410459],[0.127493,-0.466909,0.875067]],[[0.939919,-0.222749,-0.258717],[-0.0630986,0.631417,-0.772872],[0.335515,0.742762,0.579425]],[[0.939919,-0.222749,-0.258717],[-0.34057,-0.559074,-0.755942],[0.0237437,0.798636,-0.601346]],[[0.939919,-0.222749,-0.258717],[-0.29705,-0.90711,-0.298182],[-0.168265,0.357119,-0.918778]]],"btipPosition":[-57.8427,212.211,-4.58973],"carpPosition":[-35.5075,244.504,49.4324],"dipPosition":[-60.9704,218.849,-21.6682],"direction":[-0.0237437,-0.798636,0.601346],"extended":false,"handId":369,"id":3692,"length":66.2798,"mcpPosition":[-44.306,276.727,-10.9572],"pipPosition":[-60.3026,241.313,-38.5829],"stabilizedTipPosition":[-61.8211,217.873,3.65775],"timeVisible":18.2633,"tipPosition":[-58.3842,213.582,-7.73748],"tipVelocity":[68.7742,-18.8713,-190.854],"tool":false,"touchDistance":0.333333,"touchZone":"none","type":2,"width":18.7912},{"bases":[[[0.922268,-0.354061,-0.155119],[0.385992,0.821974,0.418772],[-0.0207674,-0.446094,0.894745]],[[0.922442,-0.349099,-0.165019],[0.092109,0.613957,-0.783947],[0.374989,0.707946,0.598494]],[[0.922442,-0.349099,-0.165019],[-0.33867,-0.526164,-0.780034],[0.185482,0.775423,-0.603585]],[[0.922442,-0.349099,-0.165019],[-0.384741,-0.867246,-0.316005],[-0.0327951,0.354986,-0.934296]]],"btipPosition":[-43.7224,211.481,-2.09681],"carpPosition":[-23.9601,242.937,45.9865],"dipPosition":[-44.3285,218.042,-19.3639],"direction":[-0.185482,-0.775423,0.603585],"extended":false,"handId":369,"id":3693,"length":63.7298,"mcpPosition":[-22.6733,270.578,-9.45259],"pipPosition":[-39.246,239.29,-35.9031],"stabilizedTipPosition":[-47.3184,220.202,7.49443],"timeVisible":18.2633,"tipPosition":[-43.702,212.79,-4.96613],"tipVelocity":[70.7422,-52.6381,-229.135],"tool":false,"touchDistance":0.333333,"touchZone":"none","type":3,"width":17.881},{"bases":[[[0.837126,-0.534226,-0.117566],[0.521378,0.714236,0.466939],[-0.165482,-0.452183,0.876439]],[[0.812094,-0.583347,-0.0144795],[0.345279,0.500381,-0.793978],[0.47041,0.639785,0.607774]],[[0.812094,-0.583347,-0.0144795],[-0.365825,-0.489631,-0.791475],[0.454615,0.64805,-0.611029]],[[0.812094,-0.583347,-0.0144795],[-0.553381,-0.762031,-0.336271],[0.185129,0.281096,-0.941654]]],"btipPosition":[-32.5825,220.585,-1.98403],"carpPosition":[-13.6693,234.357,41.6663],"dipPosition":[-29.4261,225.378,-18.0391],"direction":[-0.454615,-0.64805,0.611029],"extended":false,"handId":369,"id":3694,"length":49.963,"mcpPosition":[-4.17781,260.293,-8.60316],"pipPosition":[-20.6308,237.916,-29.8605],"stabilizedTipPosition":[-37.2242,231.053,5.68311],"timeVisible":18.2633,"tipPosition":[-31.8262,221.571,-5.36042],"tipVelocity":[105.441,-89.5944,-193.626],"tool":false,"touchDistance":0.333333,"touchZone":"none","type":4,"width":15.8833}],"r":[[0.887316,0.251244,0.386713],[-0.246516,0.967109,-0.0626905],[-0.389745,-0.0397048,0.920067]],"s":1.26793,"t":[49.074,64.6612,-141.295],"timestamp":15582201579},false],[4,{"currentFrameRate":105.321,"devices":[],"gestures":[],"hands":[{"armBasis":[[0.943166,-0.0510727,-0.328375],[0.183061,0.904533,0.385108],[0.277358,-0.423333,0.862474]],"armWidth":63.029,"confidence":0.592261,"direction":[-0.0594668,0.591828,-0.803868],"elbow":[47.1326,115.854,278.956],"grabStrength":0,"id":369,"palmNormal":[-0.200522,-0.79596,-0.571173],"palmPosition":[-38.3484,258.085,4.4865],"palmVelocity":[211.514,-47.7182,-179.105],"palmWidth":90.0033,"pinchStrength":0.253297,"r":[[0.894295,0.233448,0.381758],[-0.225499,0.971996,-0.0661349],[-0.386506,-0.026942,0.921893]],"s":1.26048,"sphereCenter":[-70.3403,251.576,-25.9223],"sphereRadius":50.5795,"stabilizedPalmPosition":[-52.5193,269.368,22.4395],"t":[51.1403,64.3284,-142.993],"timeVisible":18.2727,"type":"right","wrist":[-26.9418,228.915,48.6136]}],"id":1194636,"interactionBox":{"center":[0,200,0],"size":[235.247,235.247,147.751]},"pointables":[{"bases":[[[0.561246,0.776217,0.287211],[-0.67411,0.227387,0.702759],[0.480186,-0.588032,0.650876]],[[0.417864,0.901948,0.108993],[-0.612186,0.190895,0.767325],[0.671281,-0.387362,0.631928]],[[0.417864,0.901948,0.108993],[-0.895234,0.388351,0.218494],[0.154742,-0.188875,0.969732]],[[0.417864,0.901948,0.108993],[-0.901009,0.426805,-0.0775878],[-0.116499,-0.0657824,0.99101]]],"btipPosition":[-92.1252,249.015,-36.935],"carpPosition":[-56.4579,221.996,49.9141],"dipPosition":[-94.8221,247.492,-13.9933],"direction":[-0.154742,0.188875,-0.969732],"extended":false,"handId":369,"id":3690,"length":51.5512,"mcpPosition":[-56.4579,221.996,49.9141],"pipPosition":[-89.6033,241.122,18.7118],"stabilizedTipPosition":[-104.039,255.641,-17.7326],"timeVisible":18.2727,"tipPosition":[-92.9258,251.19,-30.1984],"tipVelocity":[219.793,-94.3241,-250.767],"tool":false,"touchDistance":-0.450785,"touchZone":"hovering","type":0,"width":20.0304},{"bases":[[[0.954016,-0.0260519,-0.298622],[0.165251,0.876869,0.451435],[0.250091,-0.480024,0.840852]],[[0.949801,-0.0182025,-0.312326],[0.240604,0.680594,0.692027],[0.19997,-0.732435,0.650808]],[[0.949801,-0.0182025,-0.312326],[0.17563,0.85718,0.484145],[0.258907,-0.514695,0.817347]],[[0.949801,-0.0182025,-0.312326],[0.106531,0.957464,0.268167],[0.294159,-0.287978,0.911339]]],"btipPosition":[-83.2666,325.871,-72.6623],"carpPosition":[-45.4076,242.64,51.1284],"dipPosition":[-78.2952,321.004,-57.2603],"direction":[-0.258907,0.514695,-0.817347],"extended":true,"handId":369,"id":3691,"length":58.1698,"mcpPosition":[-63.6072,277.572,-10.0619],"pipPosition":[-72.1052,308.698,-37.719],"stabilizedTipPosition":[-98.1326,329.184,-54.5172],"timeVisible":18.2727,"tipPosition":[-82.3349,326.255,-67.6278],"tipVelocity":[370.099,-43.2994,-262.743],"tool":false,"touchDistance":-0.564899,"touchZone":"hovering","type":1,"width":19.133},{"bases":[[[0.93679,-0.239766,-0.254828],[0.329611,0.849089,0.412801],[0.117396,-0.470702,0.874447]],[[0.936495,-0.238594,-0.257003],[-0.0472626,0.640307,-0.766664],[0.347482,0.730123,0.588368]],[[0.936495,-0.238594,-0.257003],[-0.34824,-0.546409,-0.761686],[0.0413051,0.802814,-0.594797]],[[0.936495,-0.238594,-0.257003],[-0.312505,-0.900329,-0.3029],[-0.159117,0.363979,-0.917715]]],"btipPosition":[-56.6533,212.408,-6.80911],"carpPosition":[-33.7803,244.082,47.8006],"dipPosition":[-59.611,219.174,-23.8678],"direction":[-0.0413051,-0.802814,0.594797],"extended":false,"handId":369,"id":3692,"length":66.2798,"mcpPosition":[-41.882,276.566,-12.5463],"pipPosition":[-58.4492,241.756,-40.5983],"stabilizedTipPosition":[-61.7536,217.814,3.44118],"timeVisible":18.2727,"tipPosition":[-57.1401,213.778,-9.85863],"tipVelocity":[86.4625,-6.63846,-203.733],"tool":false,"touchDistance":0.333333,"touchZone":"none","type":2,"width":18.7912},{"bases":[[[0.916324,-0.369741,-0.153757],[0.399272,0.814351,0.421205],[-0.0305246,-0.447352,0.893837]],[[0.916605,-0.364785,-0.163607],[0.104951,0.614425,-0.781964],[0.385772,0.699581,0.60147]],[[0.916605,-0.364785,-0.163607],[-0.346036,-0.518923,-0.781651],[0.200235,0.773079,-0.601876]],[[0.916605,-0.364785,-0.163607],[-0.399015,-0.860235,-0.317462],[-0.0249348,0.356269,-0.934051]]],"btipPosition":[-42.438,211.353,-3.83272],"carpPosition":[-22.2542,242.321,44.3772],"dipPosition":[-42.8989,217.938,-21.0953],"direction":[-0.200235,-0.773079,0.601876],"extended":false,"handId":369,"id":3693,"length":63.7298,"mcpPosition":[-20.3629,270.039,-11.0056],"pipPosition":[-37.4121,239.121,-37.5876],"stabilizedTipPosition":[-47.226,220.06,7.19825],"timeVisible":18.2727,"tipPosition":[-42.4022,212.655,-6.74502],"tipVelocity":[90.5765,-41.3867,-216.579],"tool":false,"touchDistance":0.333333,"touchZone":"none","type":3,"width":17.881},{"bases":[[[0.827981,-0.54847,-0.116739],[0.532657,0.704186,0.469465],[-0.175281,-0.450891,0.875199]],[[0.801211,-0.598269,-0.0116695],[0.367362,0.507184,-0.779621],[0.472341,0.620354,0.626143]],[[0.801211,-0.598269,-0.0116695],[-0.362481,-0.469739,-0.804955],[0.476098,0.649168,-0.593221]],[[0.801211,-0.598269,-0.0116695],[-0.563672,-0.748046,-0.350287],[0.200837,0.287232,-0.93657]]],"btipPosition":[-31.2064,220.279,-4.58959],"carpPosition":[-12.1043,233.571,40.0633],"dipPosition":[-27.7822,225.176,-20.558],"direction":[-0.476098,-0.649168,0.593221],"extended":false,"handId":369,"id":3694,"length":49.963,"mcpPosition":[-2.05079,259.433,-10.135],"pipPosition":[-18.5713,237.736,-32.0349],"stabilizedTipPosition":[-36.906,230.602,5.03103],"timeVisible":18.2727,"tipPosition":[-30.3721,221.286,-7.67019],"tipVelocity":[119.043,-72.6751,-216.956],"tool":false,"touchDistance":0.333333,"touchZone":"none","type":4,"width":15.8833}],"r":[[0.894295,0.233448,0.381758],[-0.225499,0.971996,-0.0661349],[-0.386506,-0.026942,0.921893]],"s":1.26048,"t":[51.1403,64.3284,-142.993],"timestamp":15582210958},false],[5,{"currentFrameRate":105.323,"devices":[],"gestures":[],"hands":[{"armBasis":[[0.943066,-0.0730827,-0.324477],[0.193437,0.914122,0.356319],[0.270571,-0.398799,0.876214]],"armWidth":63.029,"confidence":0.616601,"direction":[-0.0485584,0.600291,-0.798306],"elbow":[46.6305,121.849,281.307],"grabStrength":0,"id":369,"palmNormal":[-0.212845,-0.78711,-0.578926],"palmPosition":[-36.4928,258.127,3.43081],"palmVelocity":[206.918,-32.7409,-159.614],"palmWidth":90.0033,"pinchStrength":0.281612,"r":[[0.90019,0.215393,0.378503],[-0.205368,0.976375,-0.0671978],[-0.384035,-0.0172417,0.923158]],"s":1.25365,"sphereCenter":[-67.8117,251.957,-27.4917],"sphereRadius":50.251,"stabilizedPalmPosition":[-51.2109,268.451,20.8877],"t":[53.1012,64.1831,-144.37],"timeVisible":18.2822,"type":"right","wrist":[-25.6313,228.357,47.2941]}],"id":1194637,"interactionBox":{"center":[0,200,0],"size":[235.247,235.247,147.751]},"pointables":[{"bases":[[[0.57359,0.764087,0.295237],[-0.671243,0.231857,0.704042],[0.469496,-0.602007,0.645879]],[[0.426563,0.89761,0.111088],[-0.613537,0.196924,0.764718],[0.664542,-0.394357,0.634717]],[[0.426563,0.89761,0.111088],[-0.892075,0.397284,0.215329],[0.149148,-0.190951,0.970202]],[[0.426563,0.89761,0.111088],[-0.897185,0.435474,-0.0736265],[-0.114464,-0.0682606,0.991079]]],"btipPosition":[-90.4525,249.407,-38.5118],"carpPosition":[-55.2595,221.915,48.4924],"dipPosition":[-93.1023,247.827,-15.5685],"direction":[-0.149148,0.190951,-0.970202],"extended":false,"handId":369,"id":3690,"length":51.5512,"mcpPosition":[-55.2595,221.915,48.4924],"pipPosition":[-88.0721,241.387,17.1524],"stabilizedTipPosition":[-102.343,254.779,-19.7585],"timeVisible":18.2822,"tipPosition":[-91.14,251.495,-31.8427],"tipVelocity":[207.614,-55.7729,-226.453],"tool":false,"touchDistance":-0.457687,"touchZone":"hovering","type":0,"width":20.0304},{"bases":[[[0.953872,-0.0390005,-0.29767],[0.179083,0.869717,0.459915],[0.240952,-0.492008,0.836583]],[[0.951211,-0.0336784,-0.306698],[0.247098,0.678429,0.691864],[0.184772,-0.733893,0.653651]],[[0.951211,-0.0336784,-0.306698],[0.185656,0.85641,0.481761],[0.246435,-0.515197,0.820879]],[[0.951211,-0.0336784,-0.306698],[0.11911,0.957051,0.264321],[0.284624,-0.287956,0.914369]]],"btipPosition":[-79.9601,326.538,-73.8207],"carpPosition":[-43.8713,242.361,49.9157],"dipPosition":[-75.1499,321.671,-58.3676],"direction":[-0.246435,0.515197,-0.820879],"extended":true,"handId":369,"id":3691,"length":58.1698,"mcpPosition":[-61.4058,278.166,-10.9639],"pipPosition":[-69.258,309.354,-38.7418],"stabilizedTipPosition":[-94.0523,328.387,-57.8505],"timeVisible":18.2822,"tipPosition":[-79.075,326.92,-68.7719],"tipVelocity":[362.742,-10.6779,-221.986],"tool":false,"touchDistance":-0.553943,"touchZone":"hovering","type":1,"width":19.133},{"bases":[[[0.933056,-0.252804,-0.255922],[0.343015,0.83959,0.421224],[0.108382,-0.480811,0.8701]],[[0.932777,-0.251579,-0.258136],[-0.0286108,0.662208,-0.748774],[0.359316,0.705825,0.610495]],[[0.932777,-0.251579,-0.258136],[-0.355175,-0.519395,-0.777226],[0.0614597,0.816662,-0.573834]],[[0.932777,-0.251579,-0.258136],[-0.328306,-0.888608,-0.320298],[-0.148801,0.383515,-0.911469]]],"btipPosition":[-55.791,213.072,-9.4543],"carpPosition":[-32.2172,243.643,46.6161],"dipPosition":[-58.5569,220.201,-26.3969],"direction":[-0.0614597,-0.816662,0.573834],"extended":false,"handId":369,"id":3692,"length":66.2798,"mcpPosition":[-39.6968,276.824,-13.4307],"pipPosition":[-56.8282,243.172,-42.5377],"stabilizedTipPosition":[-61.6899,217.777,3.24049],"timeVisible":18.2822,"tipPosition":[-56.1778,214.486,-12.2302],"tipVelocity":[89.059,17.8787,-224.455],"tool":false,"touchDistance":0.333333,"touchZone":"none","type":2,"width":18.7912},{"bases":[[[0.910305,-0.383372,-0.156111],[0.412081,0.803627,0.429386],[-0.0391597,-0.455202,0.889526]],[[0.910679,-0.378364,-0.165841],[0.116174,0.619797,-0.776116],[0.396443,0.687526,0.608392]],[[0.910679,-0.378364,-0.165841],[-0.353552,-0.506166,-0.786637],[0.213692,0.775007,-0.594726]],[[0.910679,-0.378364,-0.165841],[-0.412725,-0.850713,-0.325492],[-0.017929,0.364866,-0.930888]]],"btipPosition":[-41.3356,211.563,-5.31259],"carpPosition":[-20.717,241.724,43.1905],"dipPosition":[-41.6669,218.307,-22.5167],"direction":[-0.213692,-0.775007,0.594726],"extended":false,"handId":369,"id":3693,"length":63.7298,"mcpPosition":[-18.2906,269.928,-11.9252],"pipPosition":[-35.8114,239.543,-38.8131],"stabilizedTipPosition":[-47.1315,219.947,6.93072],"timeVisible":18.2822,"tipPosition":[-41.2803,212.89,-8.24548],"tipVelocity":[98.8246,-22.0453,-198.753],"tool":false,"touchDistance":0.333333,"touchZone":"none","type":3,"width":17.881},{"bases":[[[0.81897,-0.560957,-0.120895],[0.543561,0.690822,0.476767],[-0.183929,-0.456172,0.870676]],[[0.790916,-0.611732,-0.0153403],[0.382078,0.513266,-0.768488],[0.477983,0.601949,0.63968]],[[0.790916,-0.611732,-0.0153403],[-0.364761,-0.45118,-0.814485],[0.491325,0.649785,-0.579981]],[[0.790916,-0.611732,-0.0153403],[-0.574679,-0.733931,-0.362061],[0.210225,0.295176,-0.932028]]],"btipPosition":[-29.9651,220.355,-6.39384],"carpPosition":[-10.707,232.848,38.8066],"dipPosition":[-26.3808,225.388,-22.2848],"direction":[-0.491325,-0.649785,0.579981],"extended":false,"handId":369,"id":3694,"length":49.963,"mcpPosition":[-0.157479,259.013,-11.1323],"pipPosition":[-16.8753,237.959,-33.5055],"stabilizedTipPosition":[-36.5908,230.233,4.41894],"timeVisible":18.2822,"tipPosition":[-29.1009,221.378,-9.37564],"tipVelocity":[123.53,-48.5585,-208.705],"tool":false,"touchDistance":0.333333,"touchZone":"none","type":4,"width":15.8833}],"r":[[0.90019,0.215393,0.378503],[-0.205368,0.976375,-0.0671978],[-0.384035,-0.0172417,0.923158]],"s":1.25365,"t":[53.1012,64.1831,-144.37],"timestamp":15582220449},false],[6,{"currentFrameRate":105.349,"devices":[],"gestures":[],"hands":[{"armBasis":[[0.942248,-0.0916784,-0.322125],[0.206068,0.916895,0.341818],[0.264017,-0.388457,0.882834]],"armWidth":63.029,"confidence":0.634881,"direction":[-0.0367298,0.600062,-0.79911],"elbow":[46.0848,124.507,282.291],"grabStrength":0,"id":369,"palmNormal":[-0.224262,-0.784203,-0.57856],"palmPosition":[-34.6898,258.145,2.58608],"palmVelocity":[202.335,-22.8291,-139.543],"palmWidth":90.0033,"pinchStrength":0.304789,"r":[[0.90509,0.197988,0.376315],[-0.185959,0.980172,-0.0684315],[-0.382401,-0.00804252,0.923961]],"s":1.24724,"sphereCenter":[-65.3453,252.028,-28.7981],"sphereRadius":49.9406,"stabilizedPalmPosition":[-49.7093,267.514,19.2242],"t":[54.9831,64.1195,-145.481],"timeVisible":18.2916,"type":"right","wrist":[-24.4268,228.253,46.5105]}],"id":1194638,"interactionBox":{"center":[0,200,0],"size":[235.247,235.247,147.751]},"pointables":[{"bases":[[[0.585288,0.754941,0.295806],[-0.66911,0.243649,0.702087],[0.457962,-0.60885,0.647744]],[[0.435675,0.893962,0.104975],[-0.615322,0.210682,0.7596],[0.656937,-0.395532,0.641863]],[[0.435675,0.893962,0.104975],[-0.888695,0.408708,0.207794],[0.142856,-0.183822,0.972523]],[[0.435675,0.893962,0.104975],[-0.89314,0.443834,-0.0728932],[-0.111755,-0.0619997,0.9918]]],"btipPosition":[-88.8273,249.463,-39.8103],"carpPosition":[-54.1594,222.299,47.6417],"dipPosition":[-91.4144,248.028,-16.8503],"direction":[-0.142856,0.183822,-0.972523],"extended":false,"handId":369,"id":3690,"length":51.5512,"mcpPosition":[-54.1594,222.299,47.6417],"pipPosition":[-86.5965,241.829,15.9489],"stabilizedTipPosition":[-100.699,254.06,-21.6379],"timeVisible":18.2916,"tipPosition":[-89.4052,251.526,-33.2131],"tipVelocity":[197.883,-37.112,-200.891],"tool":false,"touchDistance":-0.459672,"touchZone":"hovering","type":0,"width":20.0304},{"bases":[[[0.953845,-0.0549658,-0.295228],[0.192155,0.867211,0.459371],[0.230775,-0.494898,0.837747]],[[0.952455,-0.0520207,-0.300206],[0.253445,0.682139,0.685895],[0.169101,-0.72937,0.662891]],[[0.952455,-0.0520207,-0.300206],[0.195982,0.859026,0.472933],[0.233282,-0.509282,0.828378]],[[0.952455,-0.0520207,-0.300206],[0.132394,0.958095,0.25402],[0.274412,-0.281688,0.919429]]],"btipPosition":[-76.6366,326.504,-75.4084],"carpPosition":[-42.4415,242.557,49.0703],"dipPosition":[-71.999,321.744,-59.8697],"direction":[-0.233282,0.509282,-0.828378],"extended":true,"handId":369,"id":3691,"length":58.1698,"mcpPosition":[-59.2354,278.572,-11.8941],"pipPosition":[-66.4216,309.568,-40.0646],"stabilizedTipPosition":[-89.7401,327.692,-61.1132],"timeVisible":18.2916,"tipPosition":[-75.8033,326.91,-70.3603],"tipVelocity":[358.432,-7.8932,-205.976],"tool":false,"touchDistance":-0.550401,"touchZone":"hovering","type":1,"width":19.133},{"bases":[[[0.929426,-0.268351,-0.253288],[0.355667,0.834358,0.421127],[0.0983228,-0.481492,0.870918]],[[0.929164,-0.267082,-0.25558],[-0.00989303,0.673166,-0.739425],[0.369535,0.689576,0.62284]],[[0.929164,-0.267082,-0.25558],[-0.360606,-0.502715,-0.785647],[0.0813477,0.822159,-0.563416]],[[0.929164,-0.267082,-0.25558],[-0.343065,-0.880535,-0.327056],[-0.137697,0.391569,-0.909788]]],"btipPosition":[-54.8923,213.59,-11.2412],"carpPosition":[-30.7597,243.644,45.7985],"dipPosition":[-57.4519,220.869,-28.1526],"direction":[-0.0813477,-0.822159,0.563416],"extended":false,"handId":369,"id":3692,"length":66.2798,"mcpPosition":[-37.5451,276.872,-14.3048],"pipPosition":[-55.1637,243.995,-44.0004],"stabilizedTipPosition":[-61.6291,217.753,3.0606],"timeVisible":18.2916,"tipPosition":[-55.2053,215.011,-13.8595],"tipVelocity":[92.2371,29.5085,-214.152],"tool":false,"touchDistance":0.333333,"touchZone":"none","type":2,"width":18.7912},{"bases":[[[0.904291,-0.39841,-0.153385],[0.424115,0.797279,0.429503],[-0.0488276,-0.453448,0.889944]],[[0.904751,-0.39366,-0.162657],[0.13428,0.626015,-0.768163],[0.40422,0.673155,0.619249]],[[0.904751,-0.39366,-0.162657],[-0.356898,-0.492208,-0.793949],[0.232485,0.776379,-0.585822]],[[0.904751,-0.39366,-0.162657],[-0.425891,-0.841931,-0.331315],[-0.00652023,0.369032,-0.929394]]],"btipPosition":[-40.3731,211.784,-6.87639],"carpPosition":[-19.2839,241.533,42.404],"dipPosition":[-40.4936,218.604,-24.0529],"direction":[-0.232485,-0.776379,0.585822],"extended":false,"handId":369,"id":3693,"length":63.7298,"mcpPosition":[-16.2585,269.629,-12.7376],"pipPosition":[-34.1231,239.878,-40.1053],"stabilizedTipPosition":[-47.0386,219.856,6.68546],"timeVisible":18.2916,"tipPosition":[-40.2529,213.115,-9.65856],"tipVelocity":[101.174,-8.51513,-189.07],"tool":false,"touchDistance":0.333333,"touchZone":"none","type":3,"width":17.881},{"bases":[[[0.809972,-0.574434,-0.118196],[0.553611,0.682392,0.477343],[-0.193546,-0.452069,0.870731]],[[0.780786,-0.624673,-0.0125277],[0.393733,0.507503,-0.76643],[0.485126,0.593485,0.642205]],[[0.780786,-0.624673,-0.0125277],[-0.369004,-0.444857,-0.81605],[0.504191,0.641783,-0.577845]],[[0.780786,-0.624673,-0.0125277],[-0.585547,-0.724594,-0.363454],[0.217962,0.291115,-0.931528]]],"btipPosition":[-28.747,220.281,-7.2864],"carpPosition":[-9.40975,232.489,38.0554],"dipPosition":[-25.0307,225.244,-23.1688],"direction":[-0.504191,-0.641783,0.577845],"extended":false,"handId":369,"id":3694,"length":49.963,"mcpPosition":[1.69135,258.418,-11.8866],"pipPosition":[-15.2763,237.661,-34.3482],"stabilizedTipPosition":[-36.2696,229.908,3.85179],"timeVisible":18.2916,"tipPosition":[-27.8623,221.287,-10.2611],"tipVeloc