{"sensorType":"Leap","data":[[0,{"currentFrameRate":105.964,"devices":[],"gestures":[{"center":[-137.816,244.561,31.6306],"duration":28252,"handIds":[369],"id":1,"normal":[0.711057,-0.435152,0.552306],"pointableIds":[3690],"progress":0.855326,"radius":20.8292,"state":"update","type":"circle"}],"hands":[{"armBasis":[[0.913884,-0.13429,-0.383122],[0.266052,0.910921,0.315339],[0.306647,-0.390114,0.868205]],"armWidth":63.029,"confidence":0.802095,"direction":[0.00618006,0.76865,-0.639639],"elbow":[56.5387,111.885,285.295],"grabStrength":0,"id":369,"palmNormal":[-0.303666,-0.608003,-0.733567],"palmPosition":[-33.5095,256.032,17.8525],"palmVelocity":[191.306,104.934,-171.978],"palmWidth":90.0033,"pinchStrength":0.520066,"r":[[0.951464,-0.0327425,0.306013],[-0.0324171,0.978131,0.205449],[-0.306047,-0.205398,0.929595]],"s":1.08297,"sphereCenter":[-43.858,241.917,-27.8111],"sphereRadius":47.3524,"stabilizedPalmPosition":[-53.7605,251.002,38.3811],"t":[56.2691,60.8501,-129.844],"timeVisible":12.5088,"type":"right","wrist":[-25.3582,216.074,53.4215]}],"id":1194037,"interactionBox":{"center":[0,200,0],"size":[235.247,235.247,147.751]},"pointables":[{"bases":[[[0.6562,0.613818,0.438895],[-0.633383,0.131899,0.762515],[0.410156,-0.778351,0.475334]],[[0.389443,0.905821,0.166802],[-0.687561,0.165408,0.707037],[0.612858,-0.390037,0.687224]],[[0.389443,0.905821,0.166802],[-0.899409,0.334977,0.280808],[0.198486,-0.259382,0.945158]],[[0.389443,0.905821,0.166802],[-0.91742,0.397558,-0.0169854],[-0.0816993,-0.146413,0.985844]]],"btipPosition":[-90.5533,243.978,-34.4049],"carpPosition":[-55.4899,212.582,54.226],"dipPosition":[-92.4446,240.589,-11.5828],"direction":[-0.198486,0.259382,-0.945158],"extended":false,"handId":369,"id":3690,"length":51.5512,"mcpPosition":[-55.4899,212.582,54.226],"pipPosition":[-85.7505,231.841,20.2935],"stabilizedTipPosition":[-118.885,240.614,4.80879],"timeVisible":12.5088,"tipPosition":[-90.6113,244.206,-28.7898],"tipVelocity":[207.992,106.526,-213.062],"tool":false,"touchDistance":-0.577224,"touchZone":"hovering","type":0,"width":20.0304},{"bases":[[[0.940271,-0.0668905,-0.333792],[0.27748,0.71863,0.637633],[0.197221,-0.692168,0.694267]],[[0.951546,-0.114016,-0.285587],[0.23572,0.866854,0.439318],[0.197473,-0.48535,0.851728]],[[0.951546,-0.114016,-0.285587],[0.194798,0.942106,0.272927],[0.237935,-0.315335,0.918668]],[[0.951546,-0.114016,-0.285587],[0.160323,0.976453,0.144346],[0.262404,-0.183138,0.94742]]],"btipPosition":[-74.8176,312.522,-64.8823],"carpPosition":[-41.9502,230.892,59.8118],"dipPosition":[-70.3828,309.427,-48.8706],"direction":[-0.237935,0.315335,-0.918668],"extended":true,"handId":369,"id":3691,"length":58.1698,"mcpPosition":[-56.3023,281.262,9.28869],"pipPosition":[-64.6942,301.888,-26.9068],"stabilizedTipPosition":[-83.1861,306.279,-54.4298],"timeVisible":12.5088,"tipPosition":[-74.1075,309.449,-61.6031],"tipVelocity":[335.02,201.102,-231.116],"tool":false,"touchDistance":-0.608872,"touchZone":"hovering","type":1,"width":19.133},{"bases":[[[0.897098,-0.281312,-0.340702],[0.436712,0.681605,0.58711],[0.0670631,-0.675484,0.734319]],[[0.895278,-0.265383,-0.357841],[0.0691246,0.876237,-0.476897],[0.440114,0.402219,0.80282]],[[0.895278,-0.265383,-0.357841],[-0.428745,-0.294974,-0.853913],[0.121061,0.917912,-0.377866]],[[0.895278,-0.265383,-0.357841],[-0.405491,-0.818113,-0.40776],[-0.184542,0.510159,-0.840049]]],"btipPosition":[-55.8554,223.836,-6.25024],"carpPosition":[-30.2688,231.699,56.4591],"dipPosition":[-59.2857,233.319,-21.8653],"direction":[-0.121061,-0.917912,0.377866],"extended":false,"handId":369,"id":3692,"length":66.2798,"mcpPosition":[-34.8969,278.315,5.78274],"pipPosition":[-55.8805,259.138,-32.4939],"stabilizedTipPosition":[-76.6405,223.045,8.29112],"timeVisible":12.5088,"tipPosition":[-56.6779,225.652,-9.71645],"tipVelocity":[199.433,96.616,-153.882],"tool":false,"touchDistance":0.333333,"touchZone":"none","type":2,"width":18.7912},{"bases":[[[0.861698,-0.428226,-0.272211],[0.501605,0.637884,0.584377],[-0.0766063,-0.640099,0.764464]],[[0.861733,-0.427937,-0.272556],[0.230378,0.808661,-0.541288],[0.452042,0.403655,0.795437]],[[0.861733,-0.427937,-0.272556],[-0.416241,-0.28913,-0.86206],[0.290103,0.856314,-0.427277]],[[0.861733,-0.427937,-0.272556],[-0.506045,-0.763627,-0.400989],[-0.0365331,0.483471,-0.874598]]],"btipPosition":[-41.5919,218.874,-2.38303],"carpPosition":[-19.0863,229.452,52.2663],"dipPosition":[-42.2671,227.81,-18.5468],"direction":[-0.290103,-0.856314,0.427277],"extended":false,"handId":369,"id":3693,"length":63.7298,"mcpPosition":[-14.3398,269.113,4.89953],"pipPosition":[-34.3178,251.274,-30.2549],"stabilizedTipPosition":[-55.7563,219.531,4.48869],"timeVisible":12.5088,"tipPosition":[-41.7472,220.934,-6.62391],"tipVelocity":[190.492,80.5365,-121.038],"tool":false,"touchDistance":0.333333,"touchZone":"none","type":3,"width":17.881},{"bases":[[[0.752236,-0.598903,-0.274692],[0.620772,0.50444,0.600152],[-0.220867,-0.621977,0.75124]],[[0.752502,-0.598152,-0.275598],[0.407028,0.75137,-0.519395],[0.517753,0.27867,0.808873]],[[0.752502,-0.598152,-0.275598],[-0.452016,-0.164733,-0.876667],[0.47898,0.784269,-0.394337]],[[0.752502,-0.598152,-0.275598],[-0.652435,-0.619982,-0.435834],[0.0898291,0.507776,-0.856793]]],"btipPosition":[-26.3852,222.939,-3.51852],"carpPosition":[-10.1463,220.842,45.6235],"dipPosition":[-24.8536,231.597,-18.1267],"direction":[-0.47898,-0.784269,0.394337],"extended":false,"handId":369,"id":3694,"length":49.963,"mcpPosition":[2.52187,256.517,2.53507],"pipPosition":[-15.5869,246.77,-25.7559],"stabilizedTipPosition":[-38.1209,223.371,2.14639],"timeVisible":12.5088,"tipPosition":[-25.95,224.827,-7.07266],"tipVelocity":[193.795,70.76,-127.214],"tool":false,"touchDistance":0.333333,"touchZone":"none","type":4,"width":15.8833}],"r":[[0.951464,-0.0327425,0.306013],[-0.0324171,0.978131,0.205449],[-0.306047,-0.205398,0.929595]],"s":1.08297,"t":[56.2691,60.8501,-129.844],"timestamp":15576447089},false],[1,{"currentFrameRate":105.985,"devices":[],"gestures":[{"center":[-137.816,244.561,31.6306],"duration":28252,"handIds":[369],"id":1,"normal":[0.711057,-0.435152,0.552306],"pointableIds":[3690],"progress":0.855326,"radius":20.8292,"state":"update","type":"circle"}],"hands":[{"armBasis":[[0.916796,-0.140628,-0.373777],[0.265852,0.913336,0.308449],[0.298007,-0.382154,0.874728]],"armWidth":63.029,"confidence":0.812295,"direction":[0.0188842,0.765049,-0.643695],"elbow":[55.3039,115.388,286.142],"grabStrength":0,"id":369,"palmNormal":[-0.297003,-0.610456,-0.734256],"palmPosition":[-31.7444,257.253,16.6329],"palmVelocity":[190.318,112.073,-159.964],"palmWidth":90.0033,"pinchStrength":0.513107,"r":[[0.947907,-0.0369119,0.316401],[-0.0273987,0.980135,0.196429],[-0.317366,-0.194865,0.928066]],"s":1.0895,"sphereCenter":[-42.1004,243.323,-28.8575],"sphereRadius":47.3109,"stabilizedPalmPosition":[-51.3254,251.694,35.9756],"t":[58.0398,62.0071,-131.194],"timeVisible":12.5182,"type":"right","wrist":[-24.2855,217.451,52.5267]}],"id":1194038,"interactionBox":{"center":[0,200,0],"size":[235.247,235.247,147.751]},"pointables":[{"bases":[[[0.653497,0.612785,0.444338],[-0.642875,0.139452,0.75317],[0.399567,-0.777848,0.485075]],[[0.392033,0.904643,0.167125],[-0.691957,0.170254,0.701576],[0.606222,-0.390684,0.69272]],[[0.392033,0.904643,0.167125],[-0.900825,0.340644,0.269212],[0.186611,-0.25609,0.948469]],[[0.392033,0.904643,0.167125],[-0.915781,0.40104,-0.0226278],[-0.0874939,-0.144179,0.985676]]],"btipPosition":[-88.6447,245.387,-36.0662],"carpPosition":[-54.4435,214.122,52.9439],"dipPosition":[-90.6702,242.05,-13.248],"direction":[-0.186611,0.25609,-0.948469],"extended":false,"handId":369,"id":3690,"length":51.5512,"mcpPosition":[-54.4435,214.122,52.9439],"pipPosition":[-84.3765,233.413,18.74],"stabilizedTipPosition":[-116.206,240.974,1.60413],"timeVisible":12.5182,"tipPosition":[-88.6087,245.461,-30.5782],"tipVelocity":[205.666,119.259,-202.759],"tool":false,"touchDistance":-0.572767,"touchZone":"hovering","type":0,"width":20.0304},{"bases":[[[0.944307,-0.0736813,-0.320709],[0.2727,0.720686,0.637374],[0.184168,-0.689335,0.700642]],[[0.95456,-0.119902,-0.272833],[0.235618,0.864203,0.444564],[0.182479,-0.488648,0.853185]],[[0.95456,-0.119902,-0.272833],[0.198564,0.938569,0.282241],[0.222232,-0.323591,0.919729]],[[0.95456,-0.119902,-0.272833],[0.166984,0.973474,0.156412],[0.246842,-0.194864,0.949261]]],"btipPosition":[-71.5247,314.351,-66.6649],"carpPosition":[-40.8828,232.391,58.6115],"dipPosition":[-67.353,311.057,-50.6221],"direction":[-0.222232,0.323591,-0.919729],"extended":true,"handId":369,"id":3691,"length":58.1698,"mcpPosition":[-54.2851,282.555,7.62446],"pipPosition":[-62.0398,303.321,-28.6329],"stabilizedTipPosition":[-79.2975,308.533,-57.0627],"timeVisible":12.5182,"tipPosition":[-70.8708,311.294,-63.3995],"tipVelocity":[337.571,197.878,-219.105],"tool":false,"touchDistance":-0.60295,"touchZone":"hovering","type":1,"width":19.133},{"bases":[[[0.90009,-0.287908,-0.327028],[0.432398,0.682545,0.589207],[0.0535738,-0.671745,0.738843]],[[0.898598,-0.272185,-0.344147],[0.0807155,0.873497,-0.480092],[0.431285,0.403631,0.806892]],[[0.898598,-0.272185,-0.344147],[-0.418676,-0.297244,-0.858112],[0.13127,0.915184,-0.38106]],[[0.898598,-0.272185,-0.344147],[-0.404296,-0.81839,-0.40839],[-0.170489,0.506115,-0.845447]]],"btipPosition":[-53.9364,225.082,-7.61325],"carpPosition":[-29.1532,233.118,55.4123],"dipPosition":[-57.1055,234.49,-23.3286],"direction":[-0.13127,-0.915184,0.38106],"extended":false,"handId":369,"id":3692,"length":66.2798,"mcpPosition":[-32.8504,279.476,4.42369],"pipPosition":[-53.4131,260.232,-34.0471],"stabilizedTipPosition":[-73.9123,223.566,5.8679],"timeVisible":12.5182,"tipPosition":[-54.7008,226.878,-11.0962],"tipVelocity":[202.616,106.336,-152.065],"tool":false,"touchDistance":0.333333,"touchZone":"none","type":2,"width":18.7912},{"bases":[[[0.862989,-0.434251,-0.258217],[0.497088,0.638469,0.587589],[-0.0902977,-0.635439,0.766853]],[[0.862895,-0.434912,-0.257419],[0.241309,0.8021,-0.546266],[0.444053,0.409252,0.797076]],[[0.862895,-0.434912,-0.257419],[-0.407065,-0.296237,-0.864027],[0.299519,0.85035,-0.432658]],[[0.862895,-0.434912,-0.257419],[-0.504868,-0.76483,-0.400179],[-0.0228388,0.475275,-0.879541]]],"btipPosition":[-39.7428,219.991,-3.24798],"carpPosition":[-17.9275,230.79,51.383],"dipPosition":[-40.1649,228.774,-19.5031],"direction":[-0.299519,-0.85035,0.432658],"extended":false,"handId":369,"id":3693,"length":63.7298,"mcpPosition":[-12.3326,270.162,3.86818],"pipPosition":[-31.9576,252.075,-31.3587],"stabilizedTipPosition":[-52.9483,219.969,2.46417],"timeVisible":12.5182,"tipPosition":[-39.8356,222.035,-7.56208],"tipVelocity":[194.046,90.3726,-113.419],"tool":false,"touchDistance":0.333333,"touchZone":"none","type":3,"width":17.881},{"bases":[[[0.752662,-0.604362,-0.26124],[0.615319,0.50449,0.605699],[-0.234269,-0.616633,0.751586]],[[0.752878,-0.603792,-0.261935],[0.417183,0.745616,-0.51963],[0.509051,0.281943,0.81325]],[[0.752878,-0.603792,-0.261935],[-0.442469,-0.169712,-0.880579],[0.487233,0.778867,-0.394932]],[[0.752878,-0.603792,-0.261935],[-0.650151,-0.620383,-0.438667],[0.102364,0.50056,-0.859629]]],"btipPosition":[-24.4841,224,-4.34651],"carpPosition":[-8.94489,222.096,44.9086],"dipPosition":[-22.7389,232.534,-19.0031],"direction":[-0.487233,-0.778867,0.394932],"extended":false,"handId":369,"id":3694,"length":49.963,"mcpPosition":[4.49193,257.464,1.80033],"pipPosition":[-13.3125,247.603,-26.6437],"stabilizedTipPosition":[-35.4419,223.866,0.263973],"timeVisible":12.5182,"tipPosition":[-24.0083,225.869,-7.94194],"tipVelocity":[197.708,81.8858,-116.415],"tool":false,"touchDistance":0.333333,"touchZone":"none","type":4,"width":15.8833}],"r":[[0.947907,-0.0369119,0.316401],[-0.0273987,0.980135,0.196429],[-0.317366,-0.194865,0.928066]],"s":1.0895,"t":[58.0398,62.0071,-131.194],"timestamp":15576456486},false],[2,{"currentFrameRate":106.007,"devices":[],"gestures":[{"center":[-137.816,244.561,31.6306],"duration":28252,"handIds":[369],"id":1,"normal":[0.711057,-0.435152,0.552306],"pointableIds":[3690],"progress":0.855326,"radius":20.8292,"state":"update","type":"circle"}],"hands":[{"armBasis":[[0.921353,-0.155712,-0.356176],[0.264687,0.922346,0.28146],[0.284691,-0.353599,0.891021]],"armWidth":63.029,"confidence":0.819827,"direction":[0.0299986,0.762641,-0.646126],"elbow":[52.7827,124.126,289.293],"grabStrength":0,"id":369,"palmNormal":[-0.293292,-0.611247,-0.73509],"palmPosition":[-30.1061,258.282,15.2206],"palmVelocity":[185.803,111.356,-157.238],"palmWidth":90.0033,"pinchStrength":0.502542,"r":[[0.944255,-0.041071,0.326644],[-0.0225039,0.981815,0.188503],[-0.328446,-0.185346,0.926159]],"s":1.09636,"sphereCenter":[-40.7677,244.759,-30.0311],"sphereRadius":47.2805,"stabilizedPalmPosition":[-48.7831,252.483,33.4889],"t":[59.7443,63.1,-132.576],"timeVisible":12.5276,"type":"right","wrist":[-23.2503,218.563,51.3259]}],"id":1194039,"interactionBox":{"center":[0,200,0],"size":[235.247,235.247,147.751]},"pointables":[{"bases":[[[0.652693,0.610403,0.448776],[-0.649566,0.145985,0.746159],[0.389943,-0.778522,0.49178]],[[0.396459,0.902443,0.168575],[-0.692221,0.173237,0.700585],[0.603034,-0.394444,0.693371]],[[0.396459,0.902443,0.168575],[-0.900417,0.346414,0.263146],[0.179078,-0.256115,0.949914]],[[0.396459,0.902443,0.168575],[-0.913795,0.405574,-0.0220967],[-0.0883106,-0.145282,0.985441]]],"btipPosition":[-87.2013,246.894,-37.6351],"carpPosition":[-53.4306,215.417,51.4504],"dipPosition":[-89.2457,243.531,-14.8223],"direction":[-0.179078,0.256115,-0.949914],"extended":false,"handId":369,"id":3690,"length":51.5512,"mcpPosition":[-53.4306,215.417,51.4504],"pipPosition":[-83.2062,234.893,17.2143],"stabilizedTipPosition":[-113.397,241.481,-1.74252],"timeVisible":12.5276,"tipPosition":[-87.0166,246.751,-32.2985],"tipVelocity":[190.742,130.812,-192.638],"tool":false,"touchDistance":-0.567376,"touchZone":"hovering","type":0,"width":20.0304},{"bases":[[[0.947024,-0.0805029,-0.310911],[0.270634,0.721278,0.637585],[0.172926,-0.687952,0.704854]],[[0.956366,-0.125695,-0.263752],[0.237801,0.859351,0.452733],[0.16975,-0.495699,0.851744]],[[0.956366,-0.125695,-0.263752],[0.204324,0.933001,0.296244],[0.208845,-0.337208,0.917973]],[[0.956366,-0.125695,-0.263752],[0.17545,0.968912,0.174434],[0.233627,-0.213098,0.948687]]],"btipPosition":[-68.5565,316.416,-68.279],"carpPosition":[-39.8171,233.624,57.191],"dipPosition":[-64.6081,312.815,-52.2459],"direction":[-0.208845,0.337208,-0.917973],"extended":true,"handId":369,"id":3691,"length":58.1698,"mcpPosition":[-52.4012,283.687,5.89746],"pipPosition":[-59.615,304.753,-30.2987],"stabilizedTipPosition":[-75.4775,310.846,-59.5315],"timeVisible":12.5276,"tipPosition":[-67.9582,313.298,-65.0564],"tipVelocity":[329.894,202.011,-205.73],"tool":false,"touchDistance":-0.595233,"touchZone":"hovering","type":1,"width":19.133},{"bases":[[[0.901574,-0.29448,-0.31693],[0.430575,0.682005,0.591164],[0.0420622,-0.66944,0.741674]],[[0.900355,-0.278855,-0.334068],[0.0908989,0.871279,-0.482296],[0.425557,0.403871,0.809808]],[[0.900355,-0.278855,-0.334068],[-0.411801,-0.29787,-0.861216],[0.140646,0.912969,-0.383021]],[[0.900355,-0.278855,-0.334068],[-0.405101,-0.817472,-0.40943],[-0.158919,0.503964,-0.848979]]],"btipPosition":[-52.2462,226.165,-9.13138],"carpPosition":[-28.0517,234.269,54.1078],"dipPosition":[-55.2002,235.533,-24.9124],"direction":[-0.140646,-0.912969,0.383021],"extended":false,"handId":369,"id":3692,"length":66.2798,"mcpPosition":[-30.9545,280.468,2.92376],"pipPosition":[-51.2441,261.213,-35.686],"stabilizedTipPosition":[-71.0805,224.208,3.35425],"timeVisible":12.5276,"tipPosition":[-52.9647,227.954,-12.6318],"tipVelocity":[197.673,108.604,-155.253],"tool":false,"touchDistance":0.333333,"touchZone":"none","type":2,"width":18.7912},{"bases":[[[0.862896,-0.440353,-0.247989],[0.495009,0.637535,0.590351],[-0.101861,-0.632169,0.768106]],[[0.862721,-0.441432,-0.246677],[0.251917,0.798152,-0.547258],[0.438463,0.409989,0.799787]],[[0.862721,-0.441432,-0.246677],[-0.400194,-0.297809,-0.866692],[0.309123,0.846432,-0.433585]],[[0.862721,-0.441432,-0.246677],[-0.50556,-0.763559,-0.401729],[-0.0110165,0.47129,-0.881909]]],"btipPosition":[-38.1337,221.005,-4.55923],"carpPosition":[-16.8003,231.859,50.2],"dipPosition":[-38.3373,229.715,-20.8581],"direction":[-0.309123,-0.846432,0.433585],"extended":false,"handId":369,"id":3693,"length":63.7298,"mcpPosition":[-10.4889,271.029,2.60759],"pipPosition":[-29.8669,252.909,-32.7391],"stabilizedTipPosition":[-50.1632,220.542,0.432641],"timeVisible":12.5276,"tipPosition":[-38.1694,223.029,-8.88192],"tipVelocity":[189.106,94.8953,-121.184],"tool":false,"touchDistance":0.333333,"touchZone":"none","type":3,"width":17.881},{"bases":[[[0.751577,-0.609806,-0.251534],[0.612238,0.502911,0.610119],[-0.245555,-0.61255,0.751323]],[[0.751453,-0.610114,-0.251156],[0.420583,0.736249,-0.530139],[0.508359,0.292743,0.80986]],[[0.751453,-0.610114,-0.251156],[-0.442989,-0.184447,-0.877348],[0.488957,0.770545,-0.408877]],[[0.751453,-0.610114,-0.251156],[-0.651241,-0.624813,-0.430689],[0.105844,0.487206,-0.866849]]],"btipPosition":[-22.7663,224.769,-4.88171],"carpPosition":[-7.80586,223.088,43.8468],"dipPosition":[-20.9617,233.075,-19.6614],"direction":[-0.488957,-0.770545,0.408877],"extended":false,"handId":369,"id":3694,"length":49.963,"mcpPosition":[6.27829,258.222,0.753662],"pipPosition":[-11.5019,247.983,-27.5718],"stabilizedTipPosition":[-32.7147,224.452,-1.51622],"timeVisible":12.5276,"tipPosition":[-22.2879,226.672,-8.70994],"tipVelocity":[193.914,80.2991,-100.359],"tool":false,"touchDistance":0.333333,"touchZone":"none","type":4,"width":15.8833}],"r":[[0.944255,-0.041071,0.326644],[-0.0225039,0.981815,0.188503],[-0.328446,-0.185346,0.926159]],"s":1.09636,"t":[59.7443,63.1,-132.576],"timestamp":15576465877},false],[3,{"currentFrameRate":105.996,"devices":[],"gestures":[{"center":[-137.816,244.561,31.6306],"duration":28252,"handIds":[369],"id":1,"normal":[0.711057,-0.435152,0.552306],"pointableIds":[3690],"progress":0.855326,"radius":20.8292,"state":"update","type":"circle"}],"hands":[{"armBasis":[[0.92707,-0.155872,-0.340947],[0.258676,0.924242,0.280828],[0.271344,-0.348542,0.897157]],"armWidth":63.029,"confidence":0.777828,"direction":[0.0334877,0.760606,-0.64835],"elbow":[50.4715,127.056,289.329],"grabStrength":0,"id":369,"palmNormal":[-0.284041,-0.614721,-0.735825],"palmPosition":[-28.6472,259.716,13.4219],"palmVelocity":[176.78,122.902,-166.679],"palmWidth":90.0033,"pinchStrength":0.490191,"r":[[0.940621,-0.0434201,0.33667],[-0.0195755,0.983197,0.181494],[-0.338893,-0.177308,0.923966]],"s":1.10334,"sphereCenter":[-39.365,246.394,-31.6451],"sphereRadius":47.2842,"stabilizedPalmPosition":[-46.2234,253.402,30.938],"t":[61.326,64.3636,-134.166],"timeVisible":12.537,"type":"right","wrist":[-21.9971,220.141,49.7237]}],"id":1194040,"interactionBox":{"center":[0,200,0],"size":[235.247,235.247,147.751]},"pointables":[{"bases":[[[0.646176,0.614222,0.452977],[-0.657218,0.146114,0.739402],[0.387971,-0.775488,0.498093]],[[0.393792,0.903046,0.17157],[-0.694026,0.169716,0.699661],[0.602708,-0.394595,0.693569]],[[0.393792,0.903046,0.17157],[-0.902432,0.344327,0.25895],[0.174768,-0.256803,0.950531]],[[0.393792,0.903046,0.17157],[-0.915193,0.402594,-0.0184445],[-0.0857293,-0.149756,0.984999]]],"btipPosition":[-85.8348,248.499,-39.5367],"carpPosition":[-52.1658,216.888,49.5692],"dipPosition":[-87.8194,245.032,-16.7342],"direction":[-0.174768,0.256803,-0.950531],"extended":false,"handId":369,"id":3690,"length":51.5512,"mcpPosition":[-52.1658,216.888,49.5692],"pipPosition":[-81.9252,236.371,15.3233],"stabilizedTipPosition":[-110.524,242.14,-5.19221],"timeVisible":12.537,"tipPosition":[-85.5213,248.082,-34.3377],"tipVelocity":[177.924,141.232,-195.132],"tool":false,"touchDistance":-0.567531,"touchZone":"hovering","type":0,"width":20.0304},{"bases":[[[0.950247,-0.0781274,-0.301542],[0.261929,0.724347,0.637742],[0.168596,-0.684994,0.708772]],[[0.959173,-0.122344,-0.254987],[0.231266,0.858266,0.458143],[0.162795,-0.498408,0.85152]],[[0.959173,-0.122344,-0.254987],[0.199937,0.930999,0.305395],[0.200029,-0.343908,0.917451]],[[0.959173,-0.122344,-0.254987],[0.172855,0.967195,0.186157],[0.223847,-0.222633,0.948856]]],"btipPosition":[-66.4257,318.176,-70.3567],"carpPosition":[-38.673,235.162,55.3793],"dipPosition":[-62.6426,314.413,-54.3207],"direction":[-0.200029,0.343908,-0.917451],"extended":true,"handId":369,"id":3691,"length":58.1698,"mcpPosition":[-50.942,285.01,3.80063],"pipPosition":[-57.8602,306.191,-32.386],"stabilizedTipPosition":[-72.0802,313.06,-61.9752],"timeVisible":12.537,"tipPosition":[-65.8361,315.087,-67.1501],"tipVelocity":[298.81,196.33,-209.716],"tool":false,"touchDistance":-0.595199,"touchZone":"hovering","type":1,"width":19.133},{"bases":[[[0.905619,-0.292285,-0.307283],[0.422447,0.685496,0.592987],[0.0373199,-0.666832,0.744273]],[[0.904516,-0.276812,-0.324385],[0.0924351,0.869867,-0.484549],[0.416301,0.408298,0.812395]],[[0.904516,-0.276812,-0.324385],[-0.402464,-0.302668,-0.863953],[0.140971,0.912013,-0.385175]],[[0.904516,-0.276812,-0.324385],[-0.398183,-0.820529,-0.4101],[-0.152647,0.500107,-0.852404]]],"btipPosition":[-50.4325,227.443,-11.0107],"carpPosition":[-26.8809,235.84,52.4069],"dipPosition":[-53.2699,236.739,-26.8554],"direction":[-0.140971,-0.912013,0.385175],"extended":false,"handId":369,"id":3692,"length":66.2798,"mcpPosition":[-29.4564,281.859,1.04354],"pipPosition":[-49.3047,262.392,-37.6896],"stabilizedTipPosition":[-68.2,224.982,0.759826],"timeVisible":12.537,"tipPosition":[-51.1253,229.223,-14.5364],"tipVelocity":[196.804,115.704,-168.148],"tool":false,"touchDistance":0.333333,"touchZone":"none","type":2,"width":18.7912},{"bases":[[[0.8668,-0.438068,-0.23823],[0.487044,0.641255,0.592942],[-0.106982,-0.62999,0.769199]],[[0.866453,-0.440088,-0.235759],[0.252902,0.794037,-0.552763],[0.430466,0.419319,0.799294]],[[0.866453,-0.440088,-0.235759],[-0.3925,-0.308604,-0.866434],[0.308551,0.843259,-0.440125]],[[0.866453,-0.440088,-0.235759],[-0.499226,-0.769152,-0.398973],[-0.00575161,0.463388,-0.886137]]],"btipPosition":[-36.3282,222.289,-5.9325],"carpPosition":[-15.584,233.457,48.6153],"dipPosition":[-36.4345,230.853,-22.3095],"direction":[-0.308551,-0.843259,0.440125],"extended":false,"handId":369,"id":3693,"length":63.7298,"mcpPosition":[-8.95528,272.492,0.955197],"pipPosition":[-27.9798,253.96,-34.3697],"stabilizedTipPosition":[-47.3869,221.289,-1.60414],"timeVisible":12.537,"tipPosition":[-36.343,224.309,-10.3564],"tipVelocity":[190.308,105.575,-128.611],"tool":false,"touchDistance":0.333333,"touchZone":"none","type":3,"width":17.881},{"bases":[[[0.756124,-0.60793,-0.242277],[0.604556,0.507119,0.614282],[-0.250577,-0.610943,0.750973]],[[0.755992,-0.608252,-0.241881],[0.414266,0.730686,-0.542662],[0.506814,0.310045,0.80437]],[[0.755992,-0.608252,-0.241881],[-0.443363,-0.203958,-0.872829],[0.481566,0.767092,-0.423867]],[[0.755992,-0.608252,-0.241881],[-0.646363,-0.635296,-0.422627],[0.103398,0.475845,-0.87343]]],"btipPosition":[-20.9314,225.941,-5.73622],"carpPosition":[-6.49774,224.698,42.378],"dipPosition":[-19.1685,234.054,-20.6281],"direction":[-0.481566,-0.767092,0.423867],"extended":false,"handId":369,"id":3694,"length":49.963,"mcpPosition":[7.87447,259.739,-0.695063],"pipPosition":[-9.85175,248.895,-28.8285],"stabilizedTipPosition":[-29.9306,225.218,-3.26245],"timeVisible":12.537,"tipPosition":[-20.4653,227.902,-9.78433],"tipVelocity":[193.662,91.4623,-98.28],"tool":false,"touchDistance":0.333333,"touchZone":"none","type":4,"width":15.8833}],"r":[[0.940621,-0.0434201,0.33667],[-0.0195755,0.983197,0.181494],[-0.338893,-0.177308,0.923966]],"s":1.10334,"t":[61.326,64.3636,-134.166],"timestamp":15576475333},false],[4,{"currentFrameRate":105.961,"devices":[],"gestures":[{"center":[-137.816,244.561,31.6306],"duration":28252,"handIds":[369],"id":1,"normal":[0.711057,-0.435152,0.552306],"pointableIds":[3690],"progress":0.855326,"radius":20.8292,"state":"update","type":"circle"}],"hands":[{"armBasis":[[0.930022,-0.161785,-0.329977],[0.256613,0.928629,0.26795],[0.263076,-0.333876,0.905162]],"armWidth":63.029,"confidence":0.791052,"direction":[0.0384227,0.758088,-0.65102],"elbow":[49.5613,132.378,290.248],"grabStrength":0,"id":369,"palmNormal":[-0.280135,-0.617204,-0.735244],"palmPosition":[-27.0762,260.991,12.0109],"palmVelocity":[173.489,126.127,-161.453],"palmWidth":90.0033,"pinchStrength":0.48184,"r":[[0.937189,-0.0451855,0.345883],[-0.0171728,0.984396,0.17513],[-0.348399,-0.170069,0.921789]],"s":1.10993,"sphereCenter":[-38.0617,247.933,-32.8099],"sphereRadius":47.2455,"stabilizedPalmPosition":[-43.6422,254.425,28.3864],"t":[62.9023,65.6326,-135.666],"timeVisible":12.5465,"type":"right","wrist":[-20.6991,221.547,48.5041]}],"id":1194041,"interactionBox":{"center":[0,200,0],"size":[235.247,235.247,147.751]},"pointables":[{"bases":[[[0.644034,0.615217,0.454674],[-0.661666,0.149676,0.734707],[0.383951,-0.774019,0.503465]],[[0.395376,0.90222,0.172268],[-0.694714,0.171042,0.698654],[0.600875,-0.395908,0.694411]],[[0.395376,0.90222,0.172268],[-0.902679,0.346982,0.25451],[0.16985,-0.25613,0.951603]],[[0.395376,0.90222,0.172268],[-0.914346,0.404454,-0.0197119],[-0.0874588,-0.149719,0.984853]]],"btipPosition":[-84.2426,249.98,-41.0073],"carpPosition":[-50.87,218.327,48.1729],"dipPosition":[-86.2673,246.514,-18.2081],"direction":[-0.16985,0.25613,-0.951603],"extended":false,"handId":369,"id":3690,"length":51.5512,"mcpPosition":[-50.87,218.327,48.1729],"pipPosition":[-80.5389,237.876,13.8855],"stabilizedTipPosition":[-107.55,242.952,-8.71428],"timeVisible":12.5465,"tipPosition":[-83.9206,249.411,-35.8858],"tipVelocity":[174.667,145.428,-183.552],"tool":false,"touchDistance":-0.561182,"touchZone":"hovering","type":0,"width":20.0304},{"bases":[[[0.952026,-0.080349,-0.295282],[0.258764,0.72648,0.636607],[0.163365,-0.682474,0.712419]],[[0.96045,-0.123341,-0.249644],[0.230412,0.855448,0.46381],[0.156351,-0.502987,0.850034]],[[0.96045,-0.123341,-0.249644],[0.201116,0.927341,0.315579],[0.192581,-0.353306,0.915471]],[[0.96045,-0.123341,-0.249644],[0.17565,0.964032,0.199475],[0.216061,-0.235436,0.947569]]],"btipPosition":[-64.1813,320.074,-71.8713],"carpPosition":[-37.3928,236.608,53.9978],"dipPosition":[-60.5298,316.095,-55.8571],"direction":[-0.192581,0.353306,-0.915471],"extended":true,"handId":369,"id":3691,"length":58.1698,"mcpPosition":[-49.2812,286.273,2.15378],"pipPosition":[-55.9255,307.648,-33.9697],"stabilizedTipPosition":[-68.9612,315.237,-64.1927],"timeVisible":12.5465,"tipPosition":[-63.6071,316.958,-68.6992],"tipVelocity":[279.896,195.816,-195.404],"tool":false,"touchDistance":-0.586807,"touchZone":"hovering","type":1,"width":19.133},{"bases":[[[0.907188,-0.294477,-0.300487],[0.419514,0.687277,0.593007],[0.0318908,-0.664028,0.747027]],[[0.906227,-0.279279,-0.31742],[0.0958177,0.866904,-0.48918],[0.411791,0.412893,0.812372]],[[0.906227,-0.279279,-0.31742],[-0.397692,-0.308251,-0.864189],[0.143505,0.909387,-0.390412]],[[0.906227,-0.279279,-0.31742],[-0.396253,-0.822847,-0.407317],[-0.147433,0.4949,-0.856351]]],"btipPosition":[-48.7116,228.622,-12.289],"carpPosition":[-25.5816,237.261,51.0968],"dipPosition":[-51.4521,237.822,-28.2071],"direction":[-0.143505,-0.909387,0.390412],"extended":false,"handId":369,"id":3692,"length":66.2798,"mcpPosition":[-27.7824,283.087,-0.456586],"pipPosition":[-47.4156,263.401,-39.1886],"stabilizedTipPosition":[-65.2939,225.869,-1.81524],"timeVisible":12.5465,"tipPosition":[-49.3924,230.415,-15.8901],"tipVelocity":[192.966,117.452,-158.995],"tool":false,"touchDistance":0.333333,"touchZone":"none","type":2,"width":18.7912},{"bases":[[[0.86777,-0.439951,-0.231123],[0.484059,0.642964,0.593535],[-0.112522,-0.626929,0.770907]],[[0.867291,-0.442576,-0.227889],[0.257476,0.790618,-0.555544],[0.426043,0.423142,0.799649]],[[0.867291,-0.442576,-0.227889],[-0.387857,-0.313807,-0.866656],[0.312048,0.840031,-0.443818]],[[0.867291,-0.442576,-0.227889],[-0.497802,-0.771184,-0.396824],[-0.000119729,0.457605,-0.889156]]],"btipPosition":[-34.6693,223.52,-7.12718],"carpPosition":[-14.2639,234.851,47.3852],"dipPosition":[-34.6715,231.977,-23.56],"direction":[-0.312048,-0.840031,0.443818],"extended":false,"handId":369,"id":3693,"length":63.7298,"mcpPosition":[-7.29192,273.696,-0.380784],"pipPosition":[-26.1209,254.995,-35.7213],"stabilizedTipPosition":[-44.6829,222.177,-3.58215],"timeVisible":12.5465,"tipPosition":[-34.6598,225.507,-11.5727],"tipVelocity":[186.513,111.721,-128.171],"tool":false,"touchDistance":0.333333,"touchZone":"none","type":3,"width":17.881},{"bases":[[[0.756926,-0.609702,-0.235216],[0.601281,0.508778,0.616122],[-0.255978,-0.60779,0.751709]],[[0.756801,-0.609997,-0.234852],[0.413086,0.72479,-0.551398],[0.506569,0.320285,0.800503]],[[0.756801,-0.609997,-0.234852],[-0.443731,-0.215631,-0.869831],[0.479953,0.7625,-0.433865]],[[0.756801,-0.609997,-0.234852],[-0.645289,-0.639969,-0.417184],[0.104183,0.467272,-0.877954]]],"btipPosition":[-19.2463,226.998,-6.51232],"carpPosition":[-5.14884,226.058,41.2384],"dipPosition":[-17.47,234.964,-21.4813],"direction":[-0.479953,-0.7625,0.433865],"extended":false,"handId":369,"id":3694,"length":49.963,"mcpPosition":[9.53314,260.919,-1.87696],"pipPosition":[-8.1845,249.716,-29.8752],"stabilizedTipPosition":[-27.178,226.114,-4.92323],"timeVisible":12.5465,"tipPosition":[-18.7792,228.974,-10.6674],"tipVelocity":[189.062,96.1078,-94.0443],"tool":false,"touchDistance":0.333333,"touchZone":"none","type":4,"width":15.8833}],"r":[[0.937189,-0.0451855,0.345883],[-0.0171728,0.984396,0.17513],[-0.348399,-0.170069,0.921789]],"s":1.10993,"t":[62.9023,65.6326,-135.666],"timestamp":15576484835},false],[5,{"currentFrameRate":105.902,"devices":[],"gestures":[{"center":[-137.816,244.561,31.6306],"duration":28252,"handIds":[369],"id":1,"normal":[0.711057,-0.435152,0.552306],"pointableIds":[3690],"progress":0.855326,"radius":20.8292,"state":"update","type":"circle"}],"hands":[{"armBasis":[[0.931014,-0.17442,-0.32061],[0.264107,0.928241,0.261949],[0.251914,-0.328553,0.91027]],"armWidth":63.029,"confidence":0.787365,"direction":[0.0482464,0.760783,-0.647211],"elbow":[47.5927,135.47,289.707],"grabStrength":0,"id":369,"palmNormal":[-0.28436,-0.61069,-0.739051],"palmPosition":[-25.5442,262.901,10.28],"palmVelocity":[169.716,147.448,-167.167],"palmWidth":90.0033,"pinchStrength":0.475855,"r":[[0.934067,-0.0488258,0.353743],[-0.0132622,0.985182,0.171],[-0.356851,-0.164417,0.919578]],"s":1.11622,"sphereCenter":[-37.2226,250.728,-34.2838],"sphereRadius":47.1664,"stabilizedPalmPosition":[-41.0452,255.642,25.7882],"t":[64.4565,67.2221,-137.282],"timeVisible":12.5561,"type":"right","wrist":[-19.6865,223.217,46.5994]}],"id":1194042,"interactionBox":{"center":[0,200,0],"size":[235.247,235.247,147.751]},"pointables":[{"bases":[[[0.64905,0.606266,0.459539],[-0.662252,0.153014,0.733491],[0.374375,-0.780403,0.500814]],[[0.405376,0.896455,0.178995],[-0.692307,0.17319,0.700511],[0.596976,-0.40789,0.690829]],[[0.405376,0.896455,0.178995],[-0.899029,0.355488,0.255686],[0.16558,-0.264571,0.950045]],[[0.405376,0.896455,0.178995],[-0.909505,0.415222,-0.0197561],[-0.0920332,-0.154788,0.983652]]],"btipPosition":[-82.8184,252.959,-42.7585],"carpPosition":[-49.8882,220.313,46.1645],"dipPosition":[-84.949,249.376,-19.9871],"direction":[-0.16558,0.264571,-0.950045],"extended":false,"handId":369,"id":3690,"length":51.5512,"mcpPosition":[-49.8882,220.313,46.1645],"pipPosition":[-79.3646,240.453,12.054],"stabilizedTipPosition":[-104.392,244.148,-12.4668],"timeVisible":12.5561,"tipPosition":[-82.5274,252.264,-37.6987],"tipVelocity":[166.559,192.699,-183.693],"tool":false,"touchDistance":-0.559761,"touchZone":"hovering","type":0,"width":20.0304},{"bases":[[[0.952011,-0.0888414,-0.292887],[0.264421,0.720658,0.640885],[0.154135,-0.687574,0.709566]],[[0.95962,-0.130475,-0.249211],[0.239176,0.844777,0.478693],[0.14807,-0.518968,0.841871]],[[0.95962,-0.130475,-0.249211],[0.212067,0.917614,0.336173],[0.184817,-0.375448,0.90823]],[[0.95962,-0.130475,-0.249211],[0.188155,0.95629,0.223847],[0.209111,-0.261698,0.942224]]],"btipPosition":[-61.7006,323.914,-72.9336],"carpPosition":[-36.2388,238.424,52.1175],"dipPosition":[-58.1665,319.491,-57.0097],"direction":[-0.184817,0.375448,-0.90823],"extended":true,"handId":369,"id":3691,"length":58.1698,"mcpPosition":[-47.4554,288.46,0.481146],"pipPosition":[-53.7479,310.515,-35.2954],"stabilizedTipPosition":[-65.8689,318.171,-66.1378],"timeVisible":12.5561,"tipPosition":[-61.1546,320.69,-69.8489],"tipVelocity":[273.268,252.268,-171.734],"tool":false,"touchDistance":-0.572705,"touchZone":"hovering","type":1,"width":19.133},{"bases":[[[0.904962,-0.302463,-0.299265],[0.424883,0.679993,0.597565],[0.0227569,-0.667926,0.74388]],[[0.904226,-0.287427,-0.31585],[0.105498,0.867021,-0.486975],[0.413819,0.407014,0.814306]],[[0.904226,-0.287427,-0.31585],[-0.398684,-0.303078,-0.86556],[0.153058,0.908586,-0.388644]],[[0.904226,-0.287427,-0.31585],[-0.403275,-0.818054,-0.41007],[-0.140517,0.498171,-0.855617]]],"btipPosition":[-47.4065,230.84,-14.0699],"carpPosition":[-24.4128,238.968,49.2543],"dipPosition":[-50.0185,240.1,-29.9744],"direction":[-0.153058,-0.908586,0.388644],"extended":false,"handId":369,"id":3692,"length":66.2798,"mcpPosition":[-25.9833,285.063,-2.08189],"pipPosition":[-45.7132,265.657,-40.9061],"stabilizedTipPosition":[-62.462,227.032,-4.42202],"timeVisible":12.5561,"tipPosition":[-48.0703,232.686,-17.7347],"tipVelocity":[177.606,151.017,-166.835],"tool":false,"touchDistance":0.333333,"touchZone":"none","type":2,"width":18.7912},{"bases":[[[0.863826,-0.447851,-0.230725],[0.488961,0.635008,0.598065],[-0.121333,-0.62944,0.767518]],[[0.863152,-0.451275,-0.226538],[0.266437,0.788141,-0.554839],[0.428929,0.418552,0.800521]],[[0.863152,-0.451275,-0.226538],[-0.389963,-0.310743,-0.866815],[0.320776,0.836534,-0.444199]],[[0.863152,-0.451275,-0.226538],[-0.50491,-0.766127,-0.397636],[0.00588593,0.457602,-0.889138]]],"btipPosition":[-33.4471,225.581,-8.76677],"carpPosition":[-13.1099,236.458,45.5641],"dipPosition":[-33.3383,234.038,-25.1993],"direction":[-0.320776,-0.836534,0.444199],"extended":false,"handId":369,"id":3693,"length":63.7298,"mcpPosition":[-5.592,275.459,-1.99192],"pipPosition":[-24.5486,256.961,-37.371],"stabilizedTipPosition":[-42.1934,223.36,-5.56393],"timeVisible":12.5561,"tipPosition":[-33.4165,227.587,-13.2661],"tipVelocity":[170.388,141.781,-140.73],"tool":false,"touchDistance":0.333333,"touchZone":"none","type":3,"width":17.881},{"bases":[[[0.751233,-0.616416,-0.235967],[0.604712,0.499499,0.620342],[-0.264524,-0.608713,0.747994]],[[0.751101,-0.616719,-0.235595],[0.422275,0.723107,-0.546626],[0.507475,0.311085,0.803552]],[[0.751101,-0.616719,-0.235595],[-0.443449,-0.206927,-0.872086],[0.489081,0.759499,-0.428906]],[[0.751101,-0.616719,-0.235595],[-0.65071,-0.631323,-0.42191],[0.111463,0.470201,-0.875492]]],"btipPosition":[-18.0084,228.923,-8.38093],"carpPosition":[-4.06863,227.6,39.4012],"dipPosition":[-16.1079,236.94,-23.308],"direction":[-0.489081,-0.759499,0.428906],"extended":false,"handId":369,"id":3694,"length":49.963,"mcpPosition":[11.1035,262.514,-3.50107],"pipPosition":[-6.64583,251.633,-31.6059],"stabilizedTipPosition":[-24.7075,227.311,-6.69533],"timeVisible":12.5561,"tipPosition":[-17.5121,230.909,-12.5134],"tipVelocity":[172.769,126.906,-123.088],"tool":false,"touchDistance":0.333333,"touchZone":"none","type":4,"width":15.8833}],"r":[[0.934067,-0.0488258,0.353743],[-0.0132622,0.985182,0.171],[-0.356851,-0.164417,0.919578]],"s":1.11622,"t":[64.4565,67.2221,-137.282],"timestamp":15576494385},false],[6,{"currentFrameRate":106.006,"devices":[],"gestures":[{"center":[-137.816,244.561,31.6306],"duration":28252,"handIds":[369],"id":1,"normal":[0.711057,-0.435152,0.552306],"pointableIds":[3690],"progress":0.855326,"radius":20.8292,"state":"update","type":"circle"}],"hands":[{"armBasis":[[0.930418,-0.174235,-0.322436],[0.267249,0.924572,0.271558],[0.2508,-0.338833,0.906803]],"armWidth":63.029,"confidence":0.77737,"direction":[0.0539653,0.757671,-0.650401],"elbow":[48.0527,134.556,287.642],"grabStrength":0,"id":369,"palmNormal":[-0.282648,-0.613121,-0.737694],"palmPosition":[-24.4756,264.586,8.9328],"palmVelocity":[154.523,157.244,-161.152],"palmWidth":90.0033,"pinchStrength":0.471387,"r":[[0.931115,-0.0519823,0.361003],[-0.00963176,0.985942,0.166812],[-0.364599,-0.158798,0.917524]],"s":1.12165,"sphereCenter":[-36.4445,252.617,-35.4129],"sphereRadius":47.1246,"stabilizedPalmPosition":[-38.6161,256.953,23.3172],"t":[65.7679,68.8594,-138.763],"timeVisible":12.5653,"type":"right","wrist":[-18.9291,225.049,45.4606]}],"id":1194043,"interactionBox":{"center":[0,200,0],"size":[235.247,235.247,147.751]},"pointables":[{"bases":[[[0.648716,0.606244,0.460038],[-0.665411,0.158492,0.729457],[0.369317,-0.779325,0.506218]],[[0.40873,0.895055,0.178372],[-0.692835,0.177082,0.699014],[0.59407,-0.409291,0.692504]],[[0.40873,0.895055,0.178372],[-0.898299,0.360013,0.251892],[0.161241,-0.263188,0.951175]],[[0.40873,0.895055,0.178372],[-0.907388,0.419502,-0.0257929],[-0.0979136,-0.15131,0.983625]]],"btipPosition":[-81.6418,254.829,-44.1559],"carpPosition":[-49.1375,222.241,44.8874],"dipPosition":[-83.9085,251.327,-21.3851],"direction":[-0.161241,0.263188,-0.951175],"extended":false,"handId":369,"id":3690,"length":51.5512,"mcpPosition":[-49.1375,222.241,44.8874],"pipPosition":[-78.4705,242.45,10.694],"stabilizedTipPosition":[-101.272,245.534,-16.18],"timeVisible":12.5653,"tipPosition":[-81.3957,254.058,-39.1441],"tipVelocity":[154.582,195.962,-174.567],"tool":false,"touchDistance":-0.553081,"touchZone":"hovering","type":0,"width":20.0304},{"bases":[[[0.95317,-0.0932551,-0.2877],[0.263559,0.722706,0.638931],[0.148339,-0.684836,0.713439]],[[0.960273,-0.133583,-0.245014],[0.240336,0.842093,0.482823],[0.141827,-0.522528,0.840744]],[[0.960273,-0.133583,-0.245014],[0.214799,0.91431,0.343363],[0.178151,-0.382351,0.906681]],[[0.960273,-0.133583,-0.245014],[0.192091,0.953289,0.233114],[0.202429,-0.270918,0.941077]]],"btipPosition":[-59.9616,326.097,-74.402],"carpPosition":[-35.4591,240.335,50.8267],"dipPosition":[-56.5404,321.519,-58.4975],"direction":[-0.178151,0.382351,-0.906681],"extended":true,"handId":369,"id":3691,"length":58.1698,"mcpPosition":[-46.254,290.172,-1.09161],"pipPosition":[-52.2812,312.377,-36.8203],"stabilizedTipPosition":[-63.2385,320.871,-67.9477],"timeVisible":12.5653,"tipPosition":[-59.426,322.892,-71.3356],"tipVelocity":[248.573,246.672,-168.256],"tool":false,"touchDistance":-0.565861,"touchZone":"hovering","type":1,"width":19.133},{"bases":[[[0.905457,-0.30675,-0.293345],[0.424102,0.681325,0.596602],[0.0168559,-0.664606,0.747004]],[[0.904863,-0.291976,-0.309794],[0.110426,0.863802,-0.491581],[0.411131,0.410605,0.813864]],[[0.904863,-0.291976,-0.309794],[-0.395537,-0.307577,-0.865417],[0.157396,0.905619,-0.393802]],[[0.904863,-0.291976,-0.309794],[-0.403704,-0.819458,-0.406833],[-0.135078,0.493193,-0.859369]]],"btipPosition":[-46.2987,232.475,-15.2836],"carpPosition":[-23.6172,240.827,48.0204],"dipPosition":[-48.8095,241.643,-31.2577],"direction":[-0.157396,-0.905619,0.393802],"extended":false,"handId":369,"id":3692,"length":66.2798,"mcpPosition":[-24.7805,286.693,-3.53142],"pipPosition":[-44.3823,267.116,-42.3346],"stabilizedTipPosition":[-59.8531,228.296,-6.85517],"timeVisible":12.5653,"tipPosition":[-46.9445,234.321,-18.9989],"tipVelocity":[162.094,157.633,-157.344],"tool":false,"touchDistance":0.333333,"touchZone":"none","type":2,"width":18.7912},{"bases":[[[0.863505,-0.451691,-0.224354],[0.488031,0.636134,0.597628],[-0.127224,-0.625546,0.769744]],[[0.862727,-0.455429,-0.219741],[0.272045,0.784332,-0.557508],[0.426255,0.421198,0.800562]],[[0.862727,-0.455429,-0.219741],[-0.386799,-0.31445,-0.866895],[0.325712,0.83289,-0.447444]],[[0.862727,-0.455429,-0.219741],[-0.505536,-0.766815,-0.395511],[0.0116266,0.452305,-0.891788]]],"btipPosition":[-32.3996,227.227,-9.93432],"carpP