{"sensorType":"Leap","data":[[0,{"currentFrameRate":105.93,"devices":[],"gestures":[],"hands":[{"armBasis":[[0.918028,-0.138977,-0.371361],[0.244121,0.936119,0.253153],[0.312456,-0.323059,0.893311]],"armWidth":63.029,"confidence":0.829121,"direction":[-0.0109571,0.82469,-0.56548],"elbow":[63.4255,118.284,285.8],"grabStrength":0.0300418,"id":369,"palmNormal":[-0.321904,-0.538318,-0.77884],"palmPosition":[-29.1219,247.623,15.7346],"palmVelocity":[120.899,85.6607,-124.248],"palmWidth":90.0033,"pinchStrength":0.608241,"r":[[0.955849,-0.0576342,0.288152],[-0.0220166,0.963777,0.265801],[-0.293033,-0.26041,0.919956]],"s":1.00237,"sphereCenter":[-39.7609,234.789,-32.6962],"sphereRadius":46.8938,"stabilizedPalmPosition":[-36.0795,243.368,22.0506],"t":[61.3536,52.6927,-132.194],"timeVisible":27.093,"type":"right","wrist":[-20.0228,204.564,47.2213]}],"id":1195555,"interactionBox":{"center":[0,200,0],"size":[235.247,235.247,147.751]},"pointables":[{"bases":[[[0.666735,0.572595,0.477074],[-0.613669,0.0585251,0.787391],[0.422936,-0.817747,0.390405]],[[0.392966,0.887602,0.240292],[-0.683584,0.107193,0.721957],[0.615053,-0.447965,0.648874]],[[0.392966,0.887602,0.240292],[-0.881796,0.289625,0.372228],[0.260796,-0.358162,0.896496]],[[0.392966,0.887602,0.240292],[-0.913087,0.407579,-0.0122993],[-0.108855,-0.214575,0.970623]]],"btipPosition":[-86.7654,240.08,-36.2764],"carpPosition":[-50.1208,200.915,48.4675],"dipPosition":[-89.2854,235.113,-13.8067],"direction":[-0.260796,0.358162,-0.896496],"extended":false,"handId":369,"id":3690,"length":51.5512,"mcpPosition":[-50.1208,200.915,48.4675],"pipPosition":[-80.4898,223.033,16.4285],"stabilizedTipPosition":[-93.9656,236.488,-24.2488],"timeVisible":27.093,"tipPosition":[-86.7809,240.003,-30.6073],"tipVelocity":[159.343,72.941,-176.919],"tool":false,"touchDistance":-0.362826,"touchZone":"touching","type":0,"width":20.0304},{"bases":[[[0.931429,-0.0325665,-0.362462],[0.293161,0.657281,0.694289],[0.215629,-0.752941,0.621758]],[[0.93835,-0.0586692,-0.340673],[0.193553,0.905703,0.377146],[0.286422,-0.419833,0.861222]],[[0.93835,-0.0586692,-0.340673],[0.125976,0.97576,0.178947],[0.321916,-0.210832,0.922995]],[[0.93835,-0.0586692,-0.340673],[0.0755141,0.996481,0.0363865],[0.337339,-0.0598689,0.939478]]],"btipPosition":[-77.7192,297.358,-64.4091],"carpPosition":[-36.458,218.671,55.381],"dipPosition":[-72.0181,296.346,-48.5317],"direction":[-0.321916,0.210832,-0.922995],"extended":true,"handId":369,"id":3691,"length":58.1698,"mcpPosition":[-52.1497,273.464,10.1345],"pipPosition":[-64.3216,291.305,-26.4644],"stabilizedTipPosition":[-77.831,295.391,-59.7608],"timeVisible":27.093,"tipPosition":[-76.6839,294.659,-60.8935],"tipVelocity":[227.863,250.932,-162.747],"tool":false,"touchDistance":0.208903,"touchZone":"hovering","type":1,"width":19.133},{"bases":[[[0.888283,-0.245562,-0.388141],[0.451073,0.625623,0.636498],[0.0865301,-0.740469,0.666496]],[[0.88681,-0.233874,-0.398586],[0.0921021,0.934631,-0.343486],[0.452863,0.267896,0.85038]],[[0.88681,-0.233874,-0.398586],[-0.435234,-0.1327,-0.890484],[0.155369,0.963169,-0.21947]],[[0.88681,-0.233874,-0.398586],[-0.430426,-0.731969,-0.528162],[-0.168229,0.639941,-0.749783]]],"btipPosition":[-53.6736,219.165,-14.6091],"carpPosition":[-24.8674,219.824,51.8206],"dipPosition":[-56.8007,231.06,-28.5463],"direction":[-0.155369,-0.963169,0.21947],"extended":false,"handId":369,"id":3692,"length":66.2798,"mcpPosition":[-30.839,270.925,5.82468],"pipPosition":[-52.4305,258.152,-34.7195],"stabilizedTipPosition":[-65.115,216.605,-9.38123],"timeVisible":27.093,"tipPosition":[-54.4326,221.201,-17.4735],"tipVelocity":[152.888,80.8514,-125.315],"tool":false,"touchDistance":0.333333,"touchZone":"none","type":2,"width":18.7912},{"bases":[[[0.854786,-0.398311,-0.3327],[0.515912,0.582557,0.628062],[-0.0563473,-0.708503,0.703455]],[[0.852504,-0.421123,-0.309666],[0.275433,0.865392,-0.41861],[0.444268,0.271574,0.853741]],[[0.852504,-0.421123,-0.309666],[-0.396,-0.133612,-0.908478],[0.341206,0.897108,-0.28067]],[[0.852504,-0.421123,-0.309666],[-0.52268,-0.679293,-0.515138],[0.00658286,0.601013,-0.799212]]],"btipPosition":[-39.409,214.22,-11.7033],"carpPosition":[-13.7946,218.013,47.1531],"dipPosition":[-39.2873,225.328,-26.4739],"direction":[-0.341206,-0.897108,0.28067],"extended":false,"handId":369,"id":3693,"length":63.7298,"mcpPosition":[-10.3033,261.912,3.5665],"pipPosition":[-29.9378,249.91,-34.1647],"stabilizedTipPosition":[-49.4421,212.802,-8.57863],"timeVisible":27.093,"tipPosition":[-39.4574,216.392,-15.0222],"tipVelocity":[148.203,68.3212,-93.7229],"tool":false,"touchDistance":0.333333,"touchZone":"none","type":3,"width":17.881},{"bases":[[[0.745447,-0.568378,-0.348217],[0.635564,0.448614,0.628334],[-0.200917,-0.689704,0.695659]],[[0.720092,-0.637967,-0.272885],[0.508286,0.7527,-0.418436],[0.472349,0.162608,0.866282]],[[0.720092,-0.637967,-0.272885],[-0.382549,-0.0369042,-0.923198],[0.578899,0.769179,-0.270628]],[[0.720092,-0.637967,-0.272885],[-0.665536,-0.523771,-0.53172],[0.19629,0.564502,-0.801753]]],"btipPosition":[-24.5643,219.451,-11.7802],"carpPosition":[-5.02083,210.085,39.5137],"dipPosition":[-21.2175,229.076,-25.45],"direction":[-0.578899,-0.769179,0.270628],"extended":false,"handId":369,"id":3694,"length":49.963,"mcpPosition":[6.50302,249.644,-0.386833],"pipPosition":[-10.0177,243.957,-30.6857],"stabilizedTipPosition":[-32.2857,218.767,-9.97505],"timeVisible":27.093,"tipPosition":[-23.9591,221.445,-14.7512],"tipVelocity":[148.814,63.5369,-89.5264],"tool":false,"touchDistance":0.333333,"touchZone":"none","type":4,"width":15.8833}],"r":[[0.955849,-0.0576342,0.288152],[-0.0220166,0.963777,0.265801],[-0.293033,-0.26041,0.919956]],"s":1.00237,"t":[61.3536,52.6927,-132.194],"timestamp":15591031321},false],[1,{"currentFrameRate":105.925,"devices":[],"gestures":[],"hands":[{"armBasis":[[0.918267,-0.137614,-0.37128],[0.244674,0.93443,0.258797],[0.311321,-0.328487,0.891726]],"armWidth":63.029,"confidence":0.837995,"direction":[-0.00517583,0.82038,-0.571795],"elbow":[63.9028,117.942,284.586],"grabStrength":0.00601919,"id":369,"palmNormal":[-0.315077,-0.544015,-0.777672],"palmPosition":[-28.0211,248.495,14.5359],"palmVelocity":[119.637,87.5658,-124.993],"palmWidth":90.0033,"pinchStrength":0.605558,"r":[[0.953249,-0.0587092,0.296427],[-0.0215832,0.965213,0.260574],[-0.301413,-0.25479,0.918821]],"s":1.01147,"sphereCenter":[-38.5532,235.6,-33.723],"sphereRadius":46.9005,"stabilizedPalmPosition":[-35.9846,243.428,21.9621],"t":[62.4437,53.5493,-133.418],"timeVisible":27.1025,"type":"right","wrist":[-19.2423,205.671,46.4308]}],"id":1195556,"interactionBox":{"center":[0,200,0],"size":[235.247,235.247,147.751]},"pointables":[{"bases":[[[0.6627,0.575789,0.478849],[-0.620864,0.0648778,0.781229],[0.418756,-0.81502,0.400481]],[[0.391121,0.889305,0.236982],[-0.690005,0.112951,0.714938],[0.60903,-0.443146,0.657802]],[[0.391121,0.889305,0.236982],[-0.884993,0.292742,0.362063],[0.252609,-0.351338,0.901527]],[[0.391121,0.889305,0.236982],[-0.912718,0.407872,-0.0242193],[-0.118197,-0.206825,0.971212]]],"btipPosition":[-85.2079,240.568,-37.9411],"carpPosition":[-49.353,202.05,47.4269],"dipPosition":[-87.9441,235.78,-15.4578],"direction":[-0.252609,0.351338,-0.901527],"extended":false,"handId":369,"id":3690,"length":51.5512,"mcpPosition":[-49.353,202.05,47.4269],"pipPosition":[-79.4246,223.931,14.947],"stabilizedTipPosition":[-92.3003,237.098,-25.9946],"timeVisible":27.1025,"tipPosition":[-85.2832,240.517,-32.2867],"tipVelocity":[159.403,68.0852,-176.607],"tool":false,"touchDistance":-0.379801,"touchZone":"touching","type":0,"width":20.0304},{"bases":[[[0.93471,-0.0358906,-0.353595],[0.287197,0.662351,0.69196],[0.209369,-0.748333,0.629414]],[[0.941464,-0.0620563,-0.331352],[0.194789,0.902359,0.384454],[0.275141,-0.426494,0.861627]],[[0.941464,-0.0620563,-0.331352],[0.133032,0.971532,0.196029],[0.309755,-0.228635,0.922918]],[[0.941464,-0.0620563,-0.331352],[0.0865209,0.994467,0.0595843],[0.325821,-0.0847654,0.941624]]],"btipPosition":[-75.5832,299.331,-66.0676],"carpPosition":[-35.7423,219.85,54.3313],"dipPosition":[-70.0767,297.898,-50.1538],"direction":[-0.309755,0.228635,-0.922918],"extended":true,"handId":369,"id":3691,"length":58.1698,"mcpPosition":[-50.9785,274.307,8.52772],"pipPosition":[-62.671,292.432,-28.0884],"stabilizedTipPosition":[-75.7552,297.523,-61.3241],"timeVisible":27.1025,"tipPosition":[-74.6074,296.524,-62.5884],"tipVelocity":[225.983,235.936,-166.142],"tool":false,"touchDistance":0.208947,"touchZone":"hovering","type":1,"width":19.133},{"bases":[[[0.891655,-0.249049,-0.378055],[0.445613,0.630158,0.635869],[0.0798718,-0.735443,0.672863]],[[0.890285,-0.237421,-0.388618],[0.0952449,0.931549,-0.350921],[0.445332,0.275406,0.851957]],[[0.890285,-0.237421,-0.388618],[-0.427656,-0.142544,-0.892632],[0.156534,0.960892,-0.228439]],[[0.890285,-0.237421,-0.388618],[-0.425394,-0.738206,-0.523538],[-0.162581,0.631414,-0.758211]]],"btipPosition":[-52.2441,219.827,-15.666],"carpPosition":[-24.1187,220.969,50.8693],"dipPosition":[-55.2661,231.564,-29.7598],"direction":[-0.156534,-0.960892,0.228439],"extended":false,"handId":369,"id":3692,"length":66.2798,"mcpPosition":[-29.6307,271.723,4.43408],"pipPosition":[-50.8631,258.592,-36.1853],"stabilizedTipPosition":[-63.5617,217.36,-10.5965],"timeVisible":27.1025,"tipPosition":[-53.0025,221.874,-18.6351],"tipVelocity":[153.158,76.6612,-122.549],"tool":false,"touchDistance":0.333333,"touchZone":"none","type":2,"width":18.7912},{"bases":[[[0.857544,-0.401351,-0.321768],[0.510498,0.586989,0.62836],[-0.0633184,-0.703108,0.708258]],[[0.854984,-0.424366,-0.298189],[0.279901,0.861544,-0.423553],[0.436644,0.278668,0.855386]],[[0.854984,-0.424366,-0.298189],[-0.388196,-0.142316,-0.910522],[0.343957,0.894237,-0.286415]],[[0.854984,-0.424366,-0.298189],[-0.518477,-0.684265,-0.512799],[0.0135743,0.593039,-0.805059]]],"btipPosition":[-38.0546,214.901,-12.6431],"carpPosition":[-13.0045,219.115,46.3181],"dipPosition":[-37.8038,225.861,-27.5218],"direction":[-0.343957,-0.894237,0.286415],"extended":false,"handId":369,"id":3693,"length":63.7298,"mcpPosition":[-9.08125,262.68,2.4339],"pipPosition":[-28.3788,250.364,-35.37],"stabilizedTipPosition":[-47.7824,213.472,-9.66429],"timeVisible":27.1025,"tipPosition":[-38.0781,217.058,-16.0239],"tipVelocity":[147.706,68.3531,-96.1154],"tool":false,"touchDistance":0.333333,"touchZone":"none","type":3,"width":17.881},{"bases":[[[0.748236,-0.571464,-0.337003],[0.63005,0.452979,0.630751],[-0.207797,-0.68428,0.698986]],[[0.722076,-0.640602,-0.26122],[0.512965,0.749122,-0.419146],[0.464191,0.168658,0.869529]],[[0.722076,-0.640602,-0.26122],[-0.374162,-0.0440216,-0.926318],[0.581902,0.76661,-0.271476]],[[0.722076,-0.640602,-0.26122],[-0.661159,-0.527843,-0.533152],[0.203655,0.557684,-0.804682]]],"btipPosition":[-23.2132,220.133,-12.7116],"carpPosition":[-4.16609,211.124,38.8203],"dipPosition":[-19.7409,229.642,-26.4313],"direction":[-0.581902,-0.76661,0.271476],"extended":false,"handId":369,"id":3694,"length":49.963,"mcpPosition":[7.75238,250.372,-1.27104],"pipPosition":[-8.48306,244.473,-31.6835],"stabilizedTipPosition":[-30.6333,219.362,-10.9614],"timeVisible":27.1025,"tipPosition":[-22.5828,222.1,-15.701],"tipVelocity":[148.015,65.2088,-92.4602],"tool":false,"touchDistance":0.333333,"touchZone":"none","type":4,"width":15.8833}],"r":[[0.953249,-0.0587092,0.296427],[-0.0215832,0.965213,0.260574],[-0.301413,-0.25479,0.918821]],"s":1.01147,"t":[62.4437,53.5493,-133.418],"timestamp":15591040771},false],[2,{"currentFrameRate":106.061,"devices":[],"gestures":[],"hands":[{"armBasis":[[0.921005,-0.149344,-0.359785],[0.247739,0.937308,0.245112],[0.300623,-0.314883,0.900264]],"armWidth":63.029,"confidence":0.840216,"direction":[0.00244738,0.813904,-0.580994],"elbow":[61.8694,123.111,285.972],"grabStrength":0,"id":369,"palmNormal":[-0.314155,-0.550955,-0.773146],"palmPosition":[-26.7887,249.717,13.1176],"palmVelocity":[123.719,100.3,-133.234],"palmWidth":90.0033,"pinchStrength":0.602988,"r":[[0.950735,-0.0599347,0.304157],[-0.0203654,0.966939,0.254195],[-0.309336,-0.247866,0.918081]],"s":1.01991,"sphereCenter":[-37.4895,236.641,-34.8793],"sphereRadius":46.8979,"stabilizedPalmPosition":[-34.6358,244.351,20.6648],"t":[63.6049,54.5888,-134.739],"timeVisible":27.1117,"type":"right","wrist":[-18.4187,207.207,45.5371]}],"id":1195557,"interactionBox":{"center":[0,200,0],"size":[235.247,235.247,147.751]},"pointables":[{"bases":[[[0.66349,0.5774,0.475805],[-0.624507,0.0771726,0.777197],[0.412035,-0.812806,0.411794]],[[0.394693,0.889872,0.22879],[-0.692638,0.124553,0.71045],[0.603713,-0.438878,0.66552]],[[0.394693,0.889872,0.22879],[-0.885118,0.301427,0.354553],[0.246543,-0.342445,0.906613]],[[0.394693,0.889872,0.22879],[-0.910288,0.412556,-0.0342599],[-0.124876,-0.194742,0.972873]]],"btipPosition":[-83.7874,241.494,-39.5426],"carpPosition":[-48.5543,203.767,46.4164],"dipPosition":[-86.6783,236.986,-17.0208],"direction":[-0.246543,0.342445,-0.906613],"extended":false,"handId":369,"id":3690,"length":51.5512,"mcpPosition":[-48.5543,203.767,46.4164],"pipPosition":[-78.3634,225.437,13.5555],"stabilizedTipPosition":[-90.7934,237.743,-27.6014],"timeVisible":27.1117,"tipPosition":[-83.8971,241.485,-33.9126],"tipVelocity":[157.022,79.2151,-175.742],"tool":false,"touchDistance":-0.394044,"touchZone":"touching","type":0,"width":20.0304},{"bases":[[[0.936302,-0.0451404,-0.348283],[0.287392,0.668474,0.685966],[0.201853,-0.742365,0.638866]],[[0.942815,-0.0711918,-0.325625],[0.201561,0.899837,0.386868],[0.265467,-0.430378,0.862729]],[[0.942815,-0.0711918,-0.325625],[0.144605,0.967563,0.207151],[0.300315,-0.242392,0.922528]],[[0.942815,-0.0711918,-0.325625],[0.101275,0.991923,0.0763659],[0.317558,-0.104976,0.94241]]],"btipPosition":[-73.3957,301.448,-67.9461],"carpPosition":[-34.8782,221.566,53.1915],"dipPosition":[-68.0289,299.674,-52.019],"direction":[-0.300315,0.242392,-0.922528],"extended":true,"handId":369,"id":3691,"length":58.1698,"mcpPosition":[-49.5675,275.589,6.70002],"pipPosition":[-60.8489,293.879,-29.963],"stabilizedTipPosition":[-73.7061,299.529,-63.0111],"timeVisible":27.1117,"tipPosition":[-72.4767,298.556,-64.4949],"tipVelocity":[228.449,232.087,-176.801],"tool":false,"touchDistance":0.204692,"touchZone":"hovering","type":1,"width":19.133},{"bases":[[[0.892161,-0.258314,-0.370571],[0.445909,0.634758,0.631069],[0.0722088,-0.728256,0.681491]],[[0.890913,-0.24681,-0.38126],[0.101803,0.926618,-0.361959],[0.442618,0.283661,0.850662]],[[0.890913,-0.24681,-0.38126],[-0.424329,-0.153041,-0.892482],[0.161925,0.956903,-0.241074]],[[0.890913,-0.24681,-0.38126],[-0.426364,-0.743735,-0.514851],[-0.156486,0.621244,-0.767834]]],"btipPosition":[-50.9627,220.851,-16.7568],"carpPosition":[-23.2307,222.58,49.7779],"dipPosition":[-53.8715,232.398,-31.0294],"direction":[-0.161925,-0.956903,0.241074],"extended":false,"handId":369,"id":3692,"length":66.2798,"mcpPosition":[-28.2139,272.838,2.74724],"pipPosition":[-49.3169,259.314,-37.8104],"stabilizedTipPosition":[-62.0681,218.13,-11.7788],"timeVisible":27.1117,"tipPosition":[-51.7152,222.896,-19.8214],"tipVelocity":[150.162,85.0679,-122.764],"tool":false,"touchDistance":0.333333,"touchZone":"none","type":2,"width":18.7912},{"bases":[[[0.856893,-0.409778,-0.312756],[0.510585,0.591142,0.624383],[-0.0709756,-0.694718,0.715772]],[[0.854037,-0.432802,-0.288622],[0.287287,0.854932,-0.431922],[0.43369,0.28596,0.854482]],[[0.854037,-0.432802,-0.288622],[-0.384618,-0.151762,-0.910515],[0.350271,0.888623,-0.296074]],[[0.854037,-0.432802,-0.288622],[-0.519813,-0.688262,-0.506053],[0.0203729,0.582218,-0.812778]]],"btipPosition":[-36.8477,215.911,-13.6736],"carpPosition":[-12.1039,220.613,45.3059],"dipPosition":[-36.4712,226.671,-28.6949],"direction":[-0.350271,-0.888623,0.296074],"extended":false,"handId":369,"id":3693,"length":63.7298,"mcpPosition":[-7.70623,263.658,0.956116],"pipPosition":[-26.8732,251.02,-36.8078],"stabilizedTipPosition":[-46.2085,214.174,-10.7302],"timeVisible":27.1117,"tipPosition":[-36.8499,218.027,-17.107],"tipVelocity":[144.057,78.5841,-101.623],"tool":false,"touchDistance":0.333333,"touchZone":"none","type":3,"width":17.881},{"bases":[[[0.746698,-0.579433,-0.326649],[0.629358,0.456495,0.628905],[-0.215294,-0.675181,0.705535]],[[0.719516,-0.648056,-0.249638],[0.520843,0.741325,-0.423273],[0.459368,0.17453,0.870931]],[[0.719516,-0.648056,-0.249638],[-0.368828,-0.0520067,-0.928042],[0.58844,0.759815,-0.276441]],[[0.719516,-0.648056,-0.249638],[-0.661584,-0.530309,-0.530169],[0.211194,0.546622,-0.81031]]],"btipPosition":[-21.9761,221.091,-13.8199],"carpPosition":[-3.27261,212.489,37.9446],"dipPosition":[-18.3752,230.41,-27.6356],"direction":[-0.58844,-0.759815,0.276441],"extended":false,"handId":369,"id":3694,"length":49.963,"mcpPosition":[9.07591,251.215,-2.52234],"pipPosition":[-6.99083,245.11,-32.9838],"stabilizedTipPosition":[-29.0914,219.991,-11.9426],"timeVisible":27.1117,"tipPosition":[-21.3211,223.001,-16.8215],"tipVelocity":[145.22,74.8004,-101.029],"tool":false,"touchDistance":0.333333,"touchZone":"none","type":4,"width":15.8833}],"r":[[0.950735,-0.0599347,0.304157],[-0.0203654,0.966939,0.254195],[-0.309336,-0.247866,0.918081]],"s":1.01991,"t":[63.6049,54.5888,-134.739],"timestamp":15591049950},false],[3,{"currentFrameRate":96.7247,"devices":[],"gestures":[],"hands":[{"armBasis":[[0.930011,-0.148734,-0.336091],[0.23783,0.940729,0.241798],[0.280207,-0.304807,0.910262]],"armWidth":63.029,"confidence":0.769934,"direction":[0.0160189,0.816068,-0.577735],"elbow":[58.6084,130.702,285.631],"grabStrength":0,"id":369,"palmNormal":[-0.293772,-0.548465,-0.782869],"palmPosition":[-23.8331,254.728,10.0622],"palmVelocity":[111.424,149.028,-117.13],"palmWidth":90.0033,"pinchStrength":0.598871,"r":[[0.947111,-0.0608515,0.315083],[-0.020868,0.9681,0.249695],[-0.320226,-0.243064,0.915628]],"s":1.02922,"sphereCenter":[-33.8594,242.34,-37.9606],"sphereRadius":46.9016,"stabilizedPalmPosition":[-28.0978,250.631,14.2479],"t":[65.6634,57.6137,-136.927],"timeVisible":27.14,"type":"right","wrist":[-16.227,212.107,42.5255]}],"id":1195558,"interactionBox":{"center":[0,200,0],"size":[235.247,235.247,147.751]},"pointables":[{"bases":[[[0.650471,0.576461,0.49455],[-0.644047,0.0734832,0.761448],[0.402604,-0.813814,0.419067]],[[0.387267,0.889724,0.241695],[-0.709383,0.120104,0.694515],[0.588898,-0.440417,0.677667]],[[0.387267,0.889724,0.241695],[-0.893981,0.298278,0.334406],[0.225437,-0.345575,0.91091]],[[0.387267,0.889724,0.241695],[-0.910022,0.410944,-0.0546369],[-0.147935,-0.198789,0.968813]]],"btipPosition":[-79.6265,246.628,-43.9794],"carpPosition":[-46.3705,208.626,42.6303],"dipPosition":[-83.0511,242.026,-21.5516],"direction":[-0.225437,0.345575,-0.91091],"extended":false,"handId":369,"id":3690,"length":51.5512,"mcpPosition":[-46.3705,208.626,42.6303],"pipPosition":[-75.4481,230.372,9.16965],"stabilizedTipPosition":[-85.4641,241.762,-33.3622],"timeVisible":27.14,"tipPosition":[-79.8542,246.523,-38.4139],"tipVelocity":[147.861,143.644,-164.114],"tool":false,"touchDistance":-0.449849,"touchZone":"touching","type":0,"width":20.0304},{"bases":[[[0.944863,-0.0426564,-0.324676],[0.26906,0.666274,0.695475],[0.186657,-0.744486,0.641015]],[[0.951022,-0.0696849,-0.301166],[0.196499,0.888371,0.414952],[0.238631,-0.453808,0.858553]],[[0.951022,-0.0696849,-0.301166],[0.148804,0.957154,0.248423],[0.270951,-0.28107,0.920644]],[[0.951022,-0.0696849,-0.301166],[0.112028,0.985725,0.125681],[0.288109,-0.153264,0.945253]]],"btipPosition":[-67.9656,309.19,-71.3049],"carpPosition":[-32.8942,226.417,49.8146],"dipPosition":[-63.0965,306.6,-55.3298],"direction":[-0.270951,0.28107,-0.920644],"extended":true,"handId":369,"id":3691,"length":58.1698,"mcpPosition":[-46.4776,280.595,3.16676],"pipPosition":[-56.6185,299.88,-33.3188],"stabilizedTipPosition":[-67.2843,308.015,-67.3353],"timeVisible":27.14,"tipPosition":[-67.1954,306.095,-67.9593],"tipVelocity":[202.558,254.142,-139.562],"tool":false,"touchDistance":0.184584,"touchZone":"hovering","type":1,"width":19.133},{"bases":[[[0.901589,-0.255801,-0.34886],[0.42896,0.632964,0.644477],[0.055958,-0.7307,0.680401]],[[0.900593,-0.24424,-0.359553],[0.109258,0.927843,-0.356609],[0.420707,0.281875,0.862295]],[[0.900593,-0.24424,-0.359553],[-0.401886,-0.152764,-0.902857],[0.165587,0.957606,-0.235735]],[[0.900593,-0.24424,-0.359553],[-0.411769,-0.744314,-0.525779],[-0.139204,0.621566,-0.770894]]],"btipPosition":[-47.1556,225.957,-20.4072],"carpPosition":[-21.1655,227.459,46.7002],"dipPosition":[-49.7432,237.511,-34.7368],"direction":[-0.165587,-0.957606,0.235735],"extended":false,"handId":369,"id":3692,"length":66.2798,"mcpPosition":[-25.0272,277.885,-0.255316],"pipPosition":[-45.0856,264.446,-41.3676],"stabilizedTipPosition":[-56.4593,222.237,-16.4501],"timeVisible":27.14,"tipPosition":[-47.8503,228.039,-23.5434],"tipVelocity":[141.832,145.667,-126.971],"tool":false,"touchDistance":0.333333,"touchZone":"none","type":2,"width":18.7912},{"bases":[[[0.865077,-0.407524,-0.292516],[0.493843,0.589455,0.639267],[-0.0880922,-0.697472,0.711177]],[[0.861553,-0.431169,-0.267991],[0.297315,0.856423,-0.42207],[0.411497,0.283958,0.866047]],[[0.861553,-0.431169,-0.267991],[-0.36226,-0.15232,-0.919547],[0.35566,0.889321,-0.287427]],[[0.861553,-0.431169,-0.267991],[-0.506226,-0.689901,-0.517467],[0.0382289,0.58149,-0.812655]]],"btipPosition":[-33.1067,221.073,-16.9417],"carpPosition":[-9.92665,225.522,42.5035],"dipPosition":[-32.4002,231.82,-31.9607],"direction":[-0.35566,-0.889321,0.287427],"extended":false,"handId":369,"id":3693,"length":63.7298,"mcpPosition":[-4.46839,268.738,-1.56157],"pipPosition":[-22.6545,256.189,-39.8366],"stabilizedTipPosition":[-40.3916,218.283,-14.9691],"timeVisible":27.14,"tipPosition":[-33.0462,223.194,-20.4357],"tipVelocity":[138.169,144.466,-110.378],"tool":false,"touchDistance":0.333333,"touchZone":"none","type":3,"width":17.881},{"bases":[[[0.755499,-0.577266,-0.309816],[0.612647,0.454943,0.64629],[-0.232133,-0.678079,0.697369]],[[0.726158,-0.64683,-0.233035],[0.531648,0.743197,-0.406211],[0.43594,0.171081,0.883565]],[[0.726158,-0.64683,-0.233035],[-0.344877,-0.0494752,-0.937343],[0.594772,0.761028,-0.259004]],[[0.726158,-0.64683,-0.233035],[-0.647682,-0.52987,-0.54749],[0.230654,0.548497,-0.80371]]],"btipPosition":[-18.2737,226.27,-16.8501],"carpPosition":[-0.90114,217.436,35.3377],"dipPosition":[-14.3411,235.622,-30.5533],"direction":[-0.594772,-0.761028,0.259004],"extended":false,"handId":369,"id":3694,"length":49.963,"mcpPosition":[12.4132,256.329,-4.66082],"pipPosition":[-2.83419,250.345,-35.5642],"stabilizedTipPosition":[-23.4768,224.029,-15.8028],"timeVisible":27.14,"tipPosition":[-17.549,228.175,-19.8375],"tipVelocity":[137.735,143.697,-104.253],"tool":false,"touchDistance":0.333333,"touchZone":"none","type":4,"width":15.8833}],"r":[[0.947111,-0.0608515,0.315083],[-0.020868,0.9681,0.249695],[-0.320226,-0.243064,0.915628]],"s":1.02922,"t":[65.6634,57.6137,-136.927],"timestamp":15591078266},false],[4,{"currentFrameRate":97.0782,"devices":[],"gestures":[],"hands":[{"armBasis":[[0.930133,-0.156961,-0.331989],[0.244088,0.939691,0.239586],[0.274361,-0.303881,0.91235]],"armWidth":63.029,"confidence":0.778065,"direction":[0.0229818,0.812614,-0.58235],"elbow":[57.7616,132.12,285.525],"grabStrength":0,"id":369,"palmNormal":[-0.295577,-0.55094,-0.780449],"palmPosition":[-22.7493,255.763,9.13623],"palmVelocity":[111.885,137.12,-111.17],"palmWidth":90.0033,"pinchStrength":0.597272,"r":[[0.943878,-0.0624609,0.324336],[-0.0200317,0.969324,0.244969],[-0.329687,-0.237718,0.913672]],"s":1.03699,"sphereCenter":[-32.9629,243.374,-38.7266],"sphereRadius":46.8982,"stabilizedPalmPosition":[-26.4875,252.176,12.7089],"t":[67.2345,59.6436,-138.484],"timeVisible":27.1496,"type":"right","wrist":[-15.5127,213.279,41.8615]}],"id":1195559,"interactionBox":{"center":[0,200,0],"size":[235.247,235.247,147.751]},"pointables":[{"bases":[[[0.653163,0.574861,0.492862],[-0.645396,0.0822168,0.759411],[0.396034,-0.81411,0.424714]],[[0.392647,0.888493,0.237504],[-0.70958,0.128379,0.692831],[0.585085,-0.440566,0.680865]],[[0.392647,0.888493,0.237504],[-0.892636,0.305994,0.331012],[0.221427,-0.341976,0.913248]],[[0.392647,0.888493,0.237504],[-0.907238,0.416543,-0.058404],[-0.150822,-0.192541,0.969629]]],"btipPosition":[-78.5449,247.746,-44.9541],"carpPosition":[-45.6793,210.002,41.9113],"dipPosition":[-82.0364,243.289,-22.5074],"direction":[-0.221427,0.341976,-0.913248],"extended":false,"handId":369,"id":3690,"length":51.5512,"mcpPosition":[-45.6793,210.002,41.9113],"pipPosition":[-74.5686,231.756,8.29268],"stabilizedTipPosition":[-84.091,242.875,-34.8055],"timeVisible":27.1496,"tipPosition":[-78.7703,247.638,-39.4173],"tipVelocity":[137.233,136.804,-145.885],"tool":false,"touchDistance":-0.447753,"touchZone":"touching","type":0,"width":20.0304},{"bases":[[[0.945343,-0.0509274,-0.322075],[0.27188,0.66841,0.692321],[0.18002,-0.742047,0.645723]],[[0.95132,-0.0781589,-0.298131],[0.20355,0.885666,0.417328],[0.231427,-0.457697,0.858461]],[[0.95132,-0.0781589,-0.298131],[0.158404,0.953767,0.255415],[0.264385,-0.290206,0.919718]],[[0.95132,-0.0781589,-0.298131],[0.123298,0.983045,0.13572],[0.282469,-0.165872,0.944827]]],"btipPosition":[-66.13,310.935,-72.4017],"carpPosition":[-32.1,227.743,49.0271],"dipPosition":[-61.3562,308.132,-56.4338],"direction":[-0.264385,0.290206,-0.919718],"extended":true,"handId":369,"id":3691,"length":58.1698,"mcpPosition":[-45.2004,281.743,2.03668],"pipPosition":[-55.0352,301.193,-34.4449],"stabilizedTipPosition":[-65.9087,309.404,-68.1865],"timeVisible":27.1496,"tipPosition":[-65.4132,307.776,-69.0801],"tipVelocity":[198.666,231.746,-132.315],"tool":false,"touchDistance":0.195524,"touchZone":"hovering","type":1,"width":19.133},{"bases":[[[0.90068,-0.263909,-0.345148],[0.431674,0.633724,0.641912],[0.0493221,-0.727149,0.684705]],[[0.89979,-0.252399,-0.355912],[0.116403,0.925002,-0.361693],[0.42051,0.284018,0.861687]],[[0.89979,-0.252399,-0.355912],[-0.400802,-0.155743,-0.90283],[0.172442,0.955007,-0.241298]],[[0.89979,-0.252399,-0.355912],[-0.415427,-0.744986,-0.521935],[-0.133414,0.617487,-0.775184]]],"btipPosition":[-46.1802,226.987,-21.2032],"carpPosition":[-20.3569,228.687,45.936],"dipPosition":[-48.6601,238.465,-35.6125],"direction":[-0.172442,-0.955007,0.241298],"extended":false,"handId":369,"id":3692,"length":66.2798,"mcpPosition":[-23.7606,278.868,-1.31648],"pipPosition":[-43.8096,265.327,-42.3997],"stabilizedTipPosition":[-54.8979,223.425,-17.7475],"timeVisible":27.1496,"tipPosition":[-46.8568,229.06,-24.3658],"tipVelocity":[130.96,134.048,-114.787],"tool":false,"touchDistance":0.333333,"touchZone":"none","type":2,"width":18.7912},{"bases":[[[0.863,-0.415055,-0.288027],[0.496273,0.589747,0.637113],[-0.0945738,-0.692768,0.714932]],[[0.859211,-0.438777,-0.263118],[0.304144,0.851595,-0.426945],[0.411403,0.28681,0.865152]],[[0.859211,-0.438777,-0.263118],[-0.361638,-0.157074,-0.918992],[0.361904,0.884761,-0.293638]],[[0.859211,-0.438777,-0.263118],[-0.509794,-0.690822,-0.512713],[0.0431994,0.574665,-0.817248]]],"btipPosition":[-32.1585,222.034,-17.6047],"carpPosition":[-9.12121,226.65,41.7785],"dipPosition":[-31.3601,232.655,-32.7086],"direction":[-0.361904,-0.884761,0.293638],"extended":false,"handId":369,"id":3693,"length":63.7298,"mcpPosition":[-3.26134,269.575,-2.51926],"pipPosition":[-21.4434,256.899,-40.7547],"stabilizedTipPosition":[-38.843,219.423,-16.0931],"timeVisible":27.1496,"tipPosition":[-32.0845,224.136,-21.1495],"tipVelocity":[127.425,130.781,-99.0205],"tool":false,"touchDistance":0.333333,"touchZone":"none","type":3,"width":17.881},{"bases":[[[0.752313,-0.584146,-0.30463],[0.614141,0.454474,0.645201],[-0.238445,-0.672478,0.700655]],[[0.722241,-0.653203,-0.227363],[0.537789,0.737082,-0.409259],[0.434914,0.173311,0.883636]],[[0.722241,-0.653203,-0.227363],[-0.343228,-0.0530982,-0.93775],[0.600468,0.755319,-0.262547]],[[0.722241,-0.653203,-0.227363],[-0.650169,-0.529081,-0.545302],[0.235899,0.541663,-0.806816]]],"btipPosition":[-17.3076,227.123,-17.5758],"carpPosition":[-0.133359,218.462,34.6815],"dipPosition":[-13.2855,236.359,-31.3319],"direction":[-0.600468,-0.755319,0.262547],"extended":false,"handId":369,"id":3694,"length":49.963,"mcpPosition":[13.543,257.033,-5.50549],"pipPosition":[-1.66846,250.972,-36.4113],"stabilizedTipPosition":[-22.0378,225.087,-16.8042],"timeVisible":27.1496,"tipPosition":[-16.5647,229.005,-20.5854],"tipVelocity":[127.639,127.043,-96.3407],"tool":false,"touchDistance":0.333333,"touchZone":"none","type":4,"width":15.8833}],"r":[[0.943878,-0.0624609,0.324336],[-0.0200317,0.969324,0.244969],[-0.329687,-0.237718,0.913672]],"s":1.03699,"t":[67.2345,59.6436,-138.484],"timestamp":15591087856},false],[5,{"currentFrameRate":97.562,"devices":[],"gestures":[],"hands":[{"armBasis":[[0.929612,-0.163697,-0.330189],[0.250164,0.938195,0.239183],[0.270628,-0.304949,0.913108]],"armWidth":63.029,"confidence":0.777233,"direction":[0.0273792,0.810122,-0.585622],"elbow":[57.6393,133.174,285.201],"grabStrength":0,"id":369,"palmNormal":[-0.299044,-0.552375,-0.77811],"palmPosition":[-21.6455,257.01,8.44213],"palmVelocity":[113.871,136.346,-100.917],"palmWidth":90.0033,"pinchStrength":0.59261,"r":[[0.941177,-0.0645214,0.331696],[-0.018197,0.9705,0.240415],[-0.337423,-0.232309,0.912238]],"s":1.04415,"sphereCenter":[-32.1991,244.759,-39.2166],"sphereRadius":46.8984,"stabilizedPalmPosition":[-24.9049,253.756,11.3143],"t":[68.572,61.2821,-139.61],"timeVisible":27.1588,"type":"right","wrist":[-14.638,214.617,41.3351]}],"id":1195560,"interactionBox":{"center":[0,200,0],"size":[235.247,235.247,147.751]},"pointables":[{"bases":[[[0.656641,0.573097,0.490289],[-0.644598,0.0889542,0.759329],[0.391556,-0.814645,0.427828]],[[0.397966,0.887077,0.233916],[-0.707602,0.134529,0.693687],[0.583885,-0.441583,0.681236]],[[0.397966,0.887077,0.233916],[-0.89051,0.312251,0.330895],[0.220489,-0.339989,0.914216]],[[0.397966,0.887077,0.233916],[-0.904963,0.421438,-0.0585848],[-0.15055,-0.18837,0.97049]]],"btipPosition":[-77.6038,249.144,-45.5263],"carpPosition":[-44.8227,211.513,41.41],"dipPosition":[-81.089,244.783,-23.0597],"direction":[-0.220489,0.339989,-0.914216],"extended":false,"handId":369,"id":3690,"length":51.5512,"mcpPosition":[-44.8227,211.513,41.41],"pipPosition":[-73.6528,233.317,7.77308],"stabilizedTipPosition":[-82.7616,244.106,-36.1041],"timeVisible":27.1588,"tipPosition":[-77.8168,248.993,-40.0322],"tipVelocity":[127.179,141.363,-122.007],"tool":false,"touchDistance":-0.439825,"touchZone":"touching","type":0,"width":20.0304},{"bases":[[[0.944902,-0.0576212,-0.322241],[0.275982,0.669624,0.68952],[0.176049,-0.740462,0.648631]],[[0.950897,-0.0856519,-0.297419],[0.211617,0.881161,0.422816],[0.225859,-0.464994,0.856019]],[[0.950897,-0.0856519,-0.297419],[0.169114,0.9486,0.267505],[0.259219,-0.304668,0.916506]],[[0.950897,-0.0856519,-0.297419],[0.135784,0.978979,0.152195],[0.278131,-0.185106,0.942539]]],"btipPosition":[-64.447,313.262,-72.9721],"carpPosition":[-31.1394,229.204,48.4491],"dipPosition":[-59.7465,310.134,-57.0429],"direction":[-0.259219,0.304668,-0.916506],"extended":true,"handId":369,"id":3691,"length":58.1698,"mcpPosition":[-43.9508,283.089,1.247],"pipPosition":[-53.549,302.85,-35.1308],"stabilizedTipPosition":[-64.3538,311.323,-68.8725],"timeVisible":27.1588,"tipPosition":[-63.7867,310.058,-69.6839],"tipVelocity":[193.272,234.828,-112.618],"tool":false,"touchDistance":0.212783,"touchZone":"hovering","type":1,"width":19.133},{"bases":[[[0.899014,-0.270435,-0.344439],[0.435554,0.633823,0.639188],[0.0454544,-0.724661,0.687605]],[[0.898186,-0.258972,-0.355241],[0.120725,0.922304,-0.367124],[0.422715,0.286859,0.859665]],[[0.898186,-0.258972,-0.355241],[-0.402762,-0.160877,-0.901056],[0.176199,0.952393,-0.248801]],[[0.898186,-0.258972,-0.355241],[-0.419334,-0.747315,-0.515441],[-0.131992,0.611927,-0.779823]]],"btipPosition":[-45.186,228.238,-21.5961],"carpPosition":[-19.3924,230.069,45.3496],"dipPosition":[-47.6394,239.613,-36.0916],"direction":[-0.176199,-0.952393,0.248801],"extended":false,"handId":369,"id":3692,"length":66.2798,"mcpPosition":[-22.5292,280.079,-2.10303],"pipPosition":[-42.6833,266.402,-43.0899],"stabilizedTipPosition":[-53.3868,224.653,-18.934],"timeVisible":27.1588,"tipPosition":[-45.8752,230.332,-24.8483],"tipVelocity":[124.427,133.559,-94.9694],"tool":false,"touchDistance":0.333333,"touchZone":"none","type":2,"width":18.7912},{"bases":[[[0.860495,-0.421133,-0.286696],[0.499899,0.589458,0.63454],[-0.0982302,-0.689337,0.71775]],[[0.856522,-0.445042,-0.261355],[0.309112,0.847879,-0.430756],[0.413303,0.288164,0.863795]],[[0.856522,-0.445042,-0.261355],[-0.363475,-0.160641,-0.917649],[0.366409,0.880983,-0.299354]],[[0.856522,-0.445042,-0.261355],[-0.514144,-0.691604,-0.507287],[0.0450094,0.568877,-0.82119]]],"btipPosition":[-31.2218,223.274,-18.0725],"carpPosition":[-8.17026,227.951,41.1958],"dipPosition":[-30.39,233.787,-33.2492],"direction":[-0.366409,-0.880983,0.299354],"extended":false,"handId":369,"id":3693,"length":63.7298,"mcpPosition":[-2.08384,270.663,-3.2765],"pipPosition":[-20.3498,257.928,-41.452],"stabilizedTipPosition":[-37.385,220.593,-17.114],"timeVisible":27.1588,"tipPosition":[-31.1492,225.353,-21.6607],"tipVelocity":[120.19,130.807,-85.829],"tool":false,"touchDistance":0.333333,"touchZone":"none","type":3,"width":17.881},{"bases":[[[0.748837,-0.589654,-0.302575],[0.616996,0.453548,0.643125],[-0.241989,-0.668283,0.703448]],[[0.718317,-0.65839,-0.22482],[0.541473,0.731973,-0.41355],[0.436839,0.175326,0.882288]],[[0.718317,-0.65839,-0.22482],[-0.34565,-0.0572867,-0.936613],[0.603777,0.750494,-0.268722]],[[0.718317,-0.65839,-0.22482],[-0.654268,-0.529407,-0.540057],[0.236546,0.535024,-0.811045]]],"btipPosition":[-16.3456,228.24,-18.0505],"carpPosition":[0.767719,219.684,34.1283],"dipPosition":[-12.3125,237.362,-31.8787],"direction":[-0.603777,-0.750494,0.268722],"extended":false,"handId":369,"id":3694,"length":49.963,"mcpPosition":[14.6473,258.014,-6.21889],"pipPosition":[-0.631436,251.882,-37.0776],"stabilizedTipPosition":[-20.6947,226.153,-17.7023],"timeVisible":27.1588,"tipPosition":[-15.6021,230.11,-21.1206],"tipVelocity":[120.956,124.365,-84.1072],"tool":false,"touchDistance":0.333333,"touchZone":"none","type":4,"width":15.8833}],"r":[[0.941177,-0.0645214,0.331696],[-0.018197,0.9705,0.240415],[-0.337423,-0.232309,0.912238]],"s":1.04415,"t":[68.572,61.2821,-139.61],"timestamp":15591097137},false],[6,{"currentFrameRate":97.8062,"devices":[],"gestures":[],"hands":[{"armBasis":[[0.927767,-0.174605,-0.329789],[0.260328,0.936037,0.236778],[0.267352,-0.305528,0.913879]],"armWidth":63.029,"confidence":0.786926,"direction":[0.0331708,0.806391,-0.590452],"elbow":[57.5801,134.625,284.544],"grabStrength":0,"id":369,"palmNormal":[-0.30656,-0.554091,-0.773953],"palmPosition":[-20.5331,258.487,7.35149],"palmVelocity":[113.981,140.85,-104.171],"palmWidth":90.0033,"pinchStrength":0.585081,"r":[[0.939049,-0.0675063,0.337091],[-0.0147357,0.971727,0.235649],[-0.343468,-0.226253,0.911504]],"s":1.05128,"sphereCenter":[-31.623,246.389,-40.0055],"sphereRadius":46.8903,"stabilizedPalmPosition":[-23.2606,255.535,9.82384],"t":[69.7969,62.8399,-140.718],"timeVisible":27.1686,"type":"right","wrist":[-13.8222,216.223,40.472]}],"id":1195561,"interactionBox":{"center":[0,200,0],"size":[235.247,235.247,147.751]},"pointables":[{"bases":[[[0.663458,0.569779,0.484949],[-0.641426,0.0994278,0.760714],[0.385222,-0.815761,0.431437]],[[0.407241,0.884461,0.227779],[-0.703119,0.144436,0.696248],[0.582905,-0.443697,0.680702]],[[0.407241,0.884461,0.227779],[-0.886278,0.322457,0.332464],[0.220602,-0.337269,0.915196]],[[0.407241,0.884461,0.227779],[-0.901191,0.429646,-0.0570879],[-0.148357,-0.182024,0.972038]]],"btipPosition":[-76.8216,250.899,-46.3236],"carpPosition":[-44.0343,213.403,40.6552],"dipPosition":[-80.256,246.686,-23.8211],"direction":[-0.220602,0.337269,-0.915196],"extended":false,"handId":369,"id":3690,"length":51.5512,"mcpPosition":[-44.0343,213.403,40.6552],"pipPosition":[-72.816,235.311,7.0447],"stabilizedTipPosition":[-81.3922,245.655,-37.4452],"timeVisible":27.1686,"tipPosition":[-77.0117,250.708,-40.8745],"tipVelocity":[113.787,153.803,-109.985],"tool":false,"touchDistance":-0.436011,"touchZone":"touching","type":0,"width":20.0304},{"bases":[[[0.943338,-0.0683531,-0.324717],[0.284326,0.671031,0.684746],[0.171091,-0.738272,0.652443]],[[0.949353,-0.0974221,-0.298728],[0.224341,0.875822,0.427325],[0.220002,-0.472699,0.85332]],[[0.949353,-0.0974221,-0.298728],[0.184648,0.942214,0.27953],[0.254233,-0.320532,0.912483]],[[0.949353,-0.0974221,-0.298728],[0.153187,0.973583,0.169319],[0.274341,-0.206505,0.939198]]],"btipPosition":[-62.6794,315.973,-73.8819],"carpPosition":[-30.1648,231.006,47.5494],"dipPosition":[-58.043,312.483,-58.0092],"direction":[-0.254233,0.320532,-0.912483],"extended":true,"handId":369,"id":3691,"length":58.1698,"mcpPosition":[-42.6154,284.731,0.0698652],"pipPosition":[-51.9647,304.819,-36.1933],"stabilizedTipPosition":[-62.5877,313.802,-69.748],"timeVisible":27.1686,"tipPosition":[-62.0891,312.713,-70.6291],"tipVelocity":[189.383,245.105,-107.381],"tool":false,"touchDistance":0.223303,"touchZone":"hovering","type":1,"width":19.133},{"bases":[[[0.895395,-0.280854,-0.345527],[0.443403,0.633443,0.634148],[0.0407684,-0.721021,0.691713]],[[0.894636,-0.269392,-0.356446],[0.126371,0.917776,-0.376455],[0.428551,0.291746,0.855119]],[[0.894636,-0.269392,-0.356446],[-0.408342,-0.169204,-0.89701],[0.181335,0.948049,-0.261381]],[[0.894636,-0.269392,-0.356446],[-0.426926,-0.750689,-0.504182],[-0.131757,0.603236,-0.786605]]],"btipPosition":[-44.317,229.711,-22.1228],"carpPosition":[-18.4197,231.742,44.4097],"dipPosition":[-46.7661,240.925,-36.7444],"direction":[-0.181335,-0.948049,0.261381],"extended":false,"handId":369,"id":3692,"length":66.2798,"mcpPosition":[-21.2332,281.501,-3.32637],"pipPosition":[-41.6655,267.591,-44.0965],"stabilizedTipPosition":[-51.8199,226.06,-20.1408],"timeVisible":27.1686,"tipPosition":[-45.0354,231.845,-25.5212],"tipVelocity":[114.134,137.638,-83.8499],"tool":false,"touchDistance":0.333333,"touchZone":"none","type":2,"width":18.7912},{"bases":[[[0.855645,-0.430844,-0.286785],[0.507315,0.588451,0.629569],[-0.102487,-0.684177,0.722079]],[[0.851449,-0.454954,-0.260868],[0.315543,0.841735,-0.438081],[0.418889,0.290688,0.860251]],[[0.851449,-0.454954,-0.260868],[-0.368978,-0.166197,-0.914458],[0.372681,0.874869,-0.309376]],[[0.851449,-0.454954,-0.260868],[-0.522425,-0.692264,-0.497838],[0.0459038,0.560168,-0.827106]]],"btipPosition":[-30.4536,224.715,-18.761],"carpPosition":[-7.23057,229.495,40.235],"dipPosition":[-29.6053,235.068,-34.047],"direction":[-0.372681,-0.874869,0.309376],"extended":false,"handId":369,"id":3693,"length":63.7298,"mcpPosition":[-0.880384,271.888,-4.50554],"pipPosition":[-19.3932,259.041,-42.5244],"stabilizedTipPosition":[-35.9407,221.911,-18.1603],"timeVisible":27.1686,"tipPosition":[-30.3893,226.775,-22.4288],"tipVelocity":[108.188,134.746,-82.1494],"tool":false,"touchDistance":0.333333,"touchZone":"none","type":3,"width":17.881},{"bases":[[[0.742368,-0.598402,-0.301339],[0.623162,0.451503,0.638603],[-0.246086,-0.661862,0.708083]],[[0.711312,-0.666632,-0.222793],[0.546272,0.72378,-0.421579],[0.442292,0.178168,0.878996]],[[0.711312,-0.666632,-0.222793],[-0.35173,-0.0631644,-0.933968],[0.608541,0.742706,-0.279404]],[[0.711312,-0.666632,-0.222793],[-0.662063,-0.52902,-0.530858],[0.236024,0.525109,-0.817651]]],"btipPosition":[-15.5442,229.512,-18.8207],"carpPosition":[1.60819,221.103,33.1896],"dipPosition":[-11.52,238.465,-32.7615],"direction":[-0.608541,-0.742706,0.279404],"extended":false,"handId":369,"id":3694,"length":49.963,"mcpPosition":[15.7228,259.065,-7.4235],"pipPosition":[0.253295,252.834,-38.1671],"stabilizedTipPosition":[-19.3858,227.32,-18.634],"timeVisible":27.1686,"tipPosition":[-14.8027,231.365,-21.9806],"tipVelocity":[109.556,125.023,-83.4181],"tool":false,"touchDistance":0.333333,"touchZone":"none","type":4,"width":1