{"sensorType":"Leap","data":[[0,{"currentFrameRate":106.001,"devices":[],"gestures":[],"hands":[{"armBasis":[[0.923635,-0.213963,-0.317992],[0.301622,0.917682,0.258618],[0.236481,-0.334782,0.912139]],"armWidth":63.029,"confidence":0.764821,"direction":[0.010124,0.695312,-0.718637],"elbow":[49.9163,155.252,302.507],"grabStrength":0,"id":369,"palmNormal":[-0.333591,-0.675153,-0.65794],"palmPosition":[-21.2337,280.775,19.4003],"palmVelocity":[18.3204,68.3283,-119.17],"palmWidth":90.0033,"pinchStrength":0.616536,"r":[[0.94358,-0.0697943,0.323705],[0.044924,0.995479,0.0836855],[-0.328082,-0.0644218,0.94245]],"s":1.03331,"sphereCenter":[-38.8733,266.656,-22.6928],"sphereRadius":46.4795,"stabilizedPalmPosition":[-31.2779,258.176,55.9157],"t":[70.1522,86.136,-128.701],"timeVisible":0.54721,"type":"right","wrist":[-13.2413,244.663,58.8999]}],"id":1192791,"interactionBox":{"center":[0,200,0],"size":[235.247,235.247,147.751]},"pointables":[{"bases":[[[0.679674,0.640406,0.357664],[-0.613414,0.228877,0.755869],[0.402202,-0.733141,0.548396]],[[0.453402,0.885706,0.0997603],[-0.675712,0.268582,0.686496],[0.58124,-0.378668,0.720257]],[[0.453402,0.885706,0.0997603],[-0.86667,0.411966,0.281366],[0.20811,-0.214031,0.954401]],[[0.453402,0.885706,0.0997603],[-0.891206,0.448824,0.0656416],[0.0133643,-0.118669,0.992844]]],"btipPosition":[-79.4489,270.708,-30.0841],"carpPosition":[-43.4213,242.045,60.6517],"dipPosition":[-79.1395,267.96,-7.09995],"direction":[-0.20811,0.214031,-0.954401],"extended":false,"handId":369,"id":3690,"length":51.5512,"mcpPosition":[-43.4213,242.045,60.6517],"pipPosition":[-72.1208,260.742,25.0881],"stabilizedTipPosition":[-94.4855,248.297,14.9477],"timeVisible":0.54721,"tipPosition":[-79.3456,269.241,-25.1542],"tipVelocity":[34.0642,63.1319,-130.441],"tool":false,"touchDistance":-0.521877,"touchZone":"touching","type":0,"width":20.0304},{"bases":[[[0.930981,-0.12615,-0.342579],[0.307902,0.775499,0.551178],[0.196139,-0.618617,0.760817]],[[0.935978,-0.142954,-0.321728],[0.288243,0.835869,0.467161],[0.202139,-0.529988,0.823561]],[[0.935978,-0.142954,-0.321728],[0.243361,0.923074,0.29784],[0.254401,-0.357068,0.898767]],[[0.935978,-0.142954,-0.321728],[0.202183,0.966388,0.158797],[0.288213,-0.213678,0.933421]]],"btipPosition":[-63.1584,340.186,-63.6528],"carpPosition":[-29.3416,260.497,63.9748],"dipPosition":[-58.2875,336.574,-47.8777],"direction":[-0.254401,0.357068,-0.898767],"extended":true,"handId":369,"id":3691,"length":58.1698,"mcpPosition":[-43.615,305.515,8.60879],"pipPosition":[-52.2052,328.038,-26.3897],"stabilizedTipPosition":[-64.1252,333.295,-52.0491],"timeVisible":0.54721,"tipPosition":[-61.8728,337.636,-60.4726],"tipVelocity":[34.0061,84.2327,-132.741],"tool":false,"touchDistance":-0.483972,"touchZone":"touching","type":1,"width":19.133},{"bases":[[[0.882699,-0.33891,-0.32555],[0.465095,0.729238,0.501896],[0.0673057,-0.594434,0.801323]],[[0.883431,-0.345895,-0.31608],[0.178775,0.872368,-0.454987],[0.433116,0.345442,0.832515]],[[0.883431,-0.345895,-0.31608],[-0.419893,-0.285048,-0.861648],[0.207942,0.893926,-0.397059]],[[0.883431,-0.345895,-0.31608],[-0.443421,-0.835156,-0.32541],[-0.151418,0.427634,-0.89118]]],"btipPosition":[-46.0495,252.103,-6.92696],"carpPosition":[-17.7203,260.643,60.3319],"dipPosition":[-48.8641,260.052,-23.4924],"direction":[-0.207942,-0.893926,0.397059],"extended":false,"handId":369,"id":3692,"length":66.2798,"mcpPosition":[-22.3652,301.666,5.0315],"pipPosition":[-43.0151,285.196,-34.6609],"stabilizedTipPosition":[-65.8641,225.855,42.2976],"timeVisible":0.54721,"tipPosition":[-46.4887,253.913,-10.1206],"tipVelocity":[33.4222,51.2499,-121.865],"tool":false,"touchDistance":0.333333,"touchZone":"none","type":2,"width":18.7912},{"bases":[[[0.845393,-0.476695,-0.240983],[0.528879,0.68384,0.502643],[-0.0748134,-0.552382,0.830227]],[[0.845066,-0.479051,-0.237433],[0.310495,0.801235,-0.511484],[0.435266,0.358516,0.825839]],[[0.845066,-0.479051,-0.237433],[-0.405998,-0.286006,-0.867967],[0.347893,0.829886,-0.436188]],[[0.845066,-0.479051,-0.237433],[-0.533885,-0.780002,-0.326439],[-0.0288173,0.402625,-0.914911]]],"btipPosition":[-30.2883,245.877,-2.88643],"carpPosition":[-6.68693,257.677,56.192],"dipPosition":[-30.8209,253.318,-19.7953],"direction":[-0.347893,-0.829886,0.436188],"extended":false,"handId":369,"id":3693,"length":63.7298,"mcpPosition":[-2.05144,291.903,4.75052],"pipPosition":[-21.2881,276.058,-31.7475],"stabilizedTipPosition":[-51.6966,216.448,47.8479],"timeVisible":0.54721,"tipPosition":[-30.1967,247.705,-6.45391],"tipVelocity":[32.4346,58.6529,-116.748],"tool":false,"touchDistance":0.333333,"touchZone":"none","type":3,"width":17.881},{"bases":[[[0.731967,-0.643816,-0.22299],[0.645229,0.549865,0.530403],[-0.218868,-0.532117,0.817893]],[[0.681165,-0.728435,-0.0734658],[0.595382,0.609537,-0.523435],[0.426068,0.312805,0.848892]],[[0.681165,-0.728435,-0.0734658],[-0.36693,-0.252831,-0.895231],[0.633543,0.636757,-0.439504]],[[0.681165,-0.728435,-0.0734658],[-0.700914,-0.619842,-0.352866],[0.211502,0.291853,-0.932785]]],"btipPosition":[-16.3076,250.465,-1.85062],"carpPosition":[1.90411,248.18,50.3446],"dipPosition":[-12.7015,255.441,-17.7545],"direction":[-0.633543,-0.636757,0.439504],"extended":false,"handId":369,"id":3694,"length":49.963,"mcpPosition":[14.4576,278.7,3.4332],"pipPosition":[-0.444499,267.76,-26.2575],"stabilizedTipPosition":[-29.0943,229.461,30.1816],"timeVisible":0.54721,"tipPosition":[-15.2988,251.498,-4.86177],"tipVelocity":[33.1807,62.6251,-109.473],"tool":false,"touchDistance":0.333333,"touchZone":"none","type":4,"width":15.8833}],"r":[[0.94358,-0.0697943,0.323705],[0.044924,0.995479,0.0836855],[-0.328082,-0.0644218,0.94245]],"s":1.03331,"t":[70.1522,86.136,-128.701],"timestamp":15564485505},false],[1,{"currentFrameRate":105.899,"devices":[],"gestures":[],"hands":[{"armBasis":[[0.923662,-0.209653,-0.320772],[0.298585,0.918426,0.259501],[0.2402,-0.335469,0.910914]],"armWidth":63.029,"confidence":0.777854,"direction":[0.0106712,0.695774,-0.718181],"elbow":[51.0218,155.704,301.35],"grabStrength":0,"id":369,"palmNormal":[-0.329999,-0.675533,-0.65936],"palmPosition":[-21.0864,281.416,18.5685],"palmVelocity":[17.4438,67.7933,-109.636],"palmWidth":90.0033,"pinchStrength":0.615751,"r":[[0.942562,-0.0672372,0.327195],[0.0424408,0.995699,0.0823514],[-0.331325,-0.0637348,0.941362]],"s":1.03544,"sphereCenter":[-38.9038,267.583,-23.4126],"sphereRadius":46.4538,"stabilizedPalmPosition":[-31.0967,258.589,55.2519],"t":[70.3104,86.7313,-129.655],"timeVisible":0.55684,"type":"right","wrist":[-13.129,245.298,58.0704]}],"id":1192792,"interactionBox":{"center":[0,200,0],"size":[235.247,235.247,147.751]},"pointables":[{"bases":[[[0.677074,0.641784,0.360117],[-0.616246,0.22697,0.754139],[0.402258,-0.732528,0.549173]],[[0.451739,0.886253,0.102408],[-0.67765,0.266198,0.685514],[0.580278,-0.37907,0.720821]],[[0.451739,0.886253,0.102408],[-0.868333,0.410427,0.278475],[0.204768,-0.214722,0.954968]],[[0.451739,0.886253,0.102408],[-0.892061,0.447087,0.0658827],[0.0126035,-0.121116,0.992558]]],"btipPosition":[-79.1577,271.37,-31.0474],"carpPosition":[-43.308,242.608,59.7288],"dipPosition":[-78.866,268.567,-8.06982],"direction":[-0.204768,0.214722,-0.954968],"extended":false,"handId":369,"id":3690,"length":51.5512,"mcpPosition":[-43.308,242.608,59.7288],"pipPosition":[-71.96,261.325,24.1373],"stabilizedTipPosition":[-94.2107,248.697,14.221],"timeVisible":0.55684,"tipPosition":[-79.0485,269.892,-26.1179],"tipVelocity":[32.8285,64.3918,-121.645],"tool":false,"touchDistance":-0.512495,"touchZone":"touching","type":0,"width":20.0304},{"bases":[[[0.932312,-0.123749,-0.339823],[0.304399,0.775884,0.552581],[0.195282,-0.61862,0.761035]],[[0.937018,-0.139587,-0.320177],[0.285545,0.834047,0.472048],[0.201152,-0.533742,0.821375]],[[0.937018,-0.139587,-0.320177],[0.242443,0.919802,0.308521],[0.251435,-0.366714,0.895713]],[[0.937018,-0.139587,-0.320177],[0.203005,0.963591,0.174014],[0.28423,-0.228052,0.931239]]],"btipPosition":[-62.8561,341.413,-64.3348],"carpPosition":[-29.2819,261.091,63.1059],"dipPosition":[-58.0525,337.559,-48.5966],"direction":[-0.251435,0.366714,-0.895713],"extended":true,"handId":369,"id":3691,"length":58.1698,"mcpPosition":[-43.4929,306.109,7.72398],"pipPosition":[-52.0412,328.791,-27.1816],"stabilizedTipPosition":[-63.8684,334.078,-52.9869],"timeVisible":0.55684,"tipPosition":[-61.612,338.802,-61.1835],"tipVelocity":[32.7789,95.1053,-114.998],"tool":false,"touchDistance":-0.474266,"touchZone":"touching","type":1,"width":19.133},{"bases":[[[0.88448,-0.336633,-0.323069],[0.461848,0.730023,0.503749],[0.0662691,-0.594765,0.801164]],[[0.885199,-0.34361,-0.313617],[0.178133,0.873107,-0.453819],[0.429758,0.345855,0.834082]],[[0.885199,-0.34361,-0.313617],[-0.416443,-0.284786,-0.863407],[0.207362,0.89489,-0.395186]],[[0.885199,-0.34361,-0.313617],[-0.440627,-0.835516,-0.328269],[-0.149236,0.428771,-0.891002]]],"btipPosition":[-45.7719,252.681,-7.88016],"carpPosition":[-17.65,261.267,59.4985],"dipPosition":[-48.5459,260.651,-24.4423],"direction":[-0.207362,-0.89489,0.395186],"extended":false,"handId":369,"id":3692,"length":66.2798,"mcpPosition":[-22.2233,302.312,4.209],"pipPosition":[-42.7132,285.823,-35.5581],"stabilizedTipPosition":[-65.6898,226.112,41.8137],"timeVisible":0.55684,"tipPosition":[-46.2032,254.503,-11.0788],"tipVelocity":[32.371,53.9591,-115.19],"tool":false,"touchDistance":0.333333,"touchZone":"none","type":2,"width":18.7912},{"bases":[[[0.847242,-0.474557,-0.238699],[0.525737,0.684774,0.504663],[-0.0760358,-0.553064,0.829662]],[[0.846894,-0.477024,-0.234989],[0.310223,0.802121,-0.510259],[0.431895,0.359236,0.827295]],[[0.846894,-0.477024,-0.234989],[-0.402616,-0.286528,-0.869369],[0.347379,0.830873,-0.434716]],[[0.846894,-0.477024,-0.234989],[-0.531088,-0.781001,-0.328608],[-0.0267726,0.403096,-0.914766]]],"btipPosition":[-29.9974,246.504,-3.76042],"carpPosition":[-6.5971,258.329,55.3903],"dipPosition":[-30.4922,253.954,-20.6666],"direction":[-0.347379,-0.830873,0.434716],"extended":false,"handId":369,"id":3693,"length":63.7298,"mcpPosition":[-1.88587,292.597,3.98389],"pipPosition":[-20.9735,276.721,-32.5785],"stabilizedTipPosition":[-51.3804,216.913,47.0349],"timeVisible":0.55684,"tipPosition":[-29.8993,248.335,-7.33368],"tipVelocity":[32.0484,60.5831,-109.173],"tool":false,"touchDistance":0.333333,"touchZone":"none","type":3,"width":17.881},{"bases":[[[0.734156,-0.641956,-0.221152],[0.642317,0.551057,0.532695],[-0.220099,-0.533131,0.816901]],[[0.683004,-0.726897,-0.0716051],[0.595861,0.611198,-0.520948],[0.42244,0.313143,0.85058]],[[0.683004,-0.726897,-0.0716051],[-0.363196,-0.25293,-0.896725],[0.633715,0.638473,-0.436758]],[[0.683004,-0.726897,-0.0716051],[-0.698325,-0.621113,-0.355754],[0.214121,0.292985,-0.931833]]],"btipPosition":[-16.0281,251.134,-2.70343],"carpPosition":[2.03401,248.856,49.5633],"dipPosition":[-12.3774,256.13,-18.5911],"direction":[-0.633715,-0.638473,0.436758],"extended":false,"handId":369,"id":3694,"length":49.963,"mcpPosition":[14.6581,279.435,2.70879],"pipPosition":[-0.117051,268.482,-27.0409],"stabilizedTipPosition":[-28.79,229.961,29.3821],"timeVisible":0.55684,"tipPosition":[-15.0133,252.172,-5.71624],"tipVelocity":[32.2812,64.7716,-103.28],"tool":false,"touchDistance":0.333333,"touchZone":"none","type":4,"width":15.8833}],"r":[[0.942562,-0.0672372,0.327195],[0.0424408,0.995699,0.0823514],[-0.331325,-0.0637348,0.941362]],"s":1.03544,"t":[70.3104,86.7313,-129.655],"timestamp":15564495135},false],[2,{"currentFrameRate":105.892,"devices":[],"gestures":[],"hands":[{"armBasis":[[0.92201,-0.221239,-0.317727],[0.308205,0.916091,0.256489],[0.234321,-0.334411,0.912832]],"armWidth":63.029,"confidence":0.778489,"direction":[0.0145308,0.693469,-0.72034],"elbow":[49.327,157.524,299.519],"grabStrength":0,"id":369,"palmNormal":[-0.338682,-0.674417,-0.656091],"palmPosition":[-21.0184,282.906,16.1438],"palmVelocity":[14.5081,93.5105,-151.658],"palmWidth":90.0033,"pinchStrength":0.613163,"r":[[0.94185,-0.0667451,0.329339],[0.0423747,0.995842,0.080637],[-0.333352,-0.0619923,0.940762]],"s":1.03682,"sphereCenter":[-39.2558,269.25,-25.7122],"sphereRadius":46.4501,"stabilizedPalmPosition":[-30.9256,259.002,54.5878],"t":[70.4235,87.7742,-131.344],"timeVisible":0.566296,"type":"right","wrist":[-13.2537,246.835,55.7269]}],"id":1192793,"interactionBox":{"center":[0,200,0],"size":[235.247,235.247,147.751]},"pointables":[{"bases":[[[0.684333,0.636528,0.355698],[-0.611348,0.234988,0.755668],[0.397419,-0.734584,0.54995]],[[0.461308,0.881696,0.0990276],[-0.671724,0.274154,0.688205],[0.579639,-0.383994,0.718726]],[[0.461308,0.881696,0.0990276],[-0.863152,0.420149,0.280077],[0.205337,-0.214678,0.954856]],[[0.461308,0.881696,0.0990276],[-0.887025,0.455856,0.0733616],[0.0195402,-0.121682,0.992377]]],"btipPosition":[-79.4481,273.449,-33.1619],"carpPosition":[-43.4502,244.432,57.5028],"dipPosition":[-78.9958,270.632,-10.1886],"direction":[-0.205337,0.214678,-0.954856],"extended":false,"handId":369,"id":3690,"length":51.5512,"mcpPosition":[-43.4502,244.432,57.5028],"pipPosition":[-72.0706,263.392,22.0147],"stabilizedTipPosition":[-93.9304,249.152,13.4274],"timeVisible":0.566296,"tipPosition":[-79.2879,271.956,-28.2306],"tipVelocity":[15.7565,108.804,-150.869],"tool":false,"touchDistance":-0.521312,"touchZone":"touching","type":0,"width":20.0304},{"bases":[[[0.929873,-0.133467,-0.342817],[0.313628,0.774679,0.549099],[0.192287,-0.61811,0.762211]],[[0.934331,-0.148666,-0.32392],[0.295509,0.831233,0.470878],[0.199249,-0.535677,0.820579]],[[0.934331,-0.148666,-0.32392],[0.25364,0.915846,0.311275],[0.250384,-0.372993,0.893411]],[[0.934331,-0.148666,-0.32392],[0.21512,0.959862,0.179965],[0.284164,-0.237828,0.92881]]],"btipPosition":[-62.4895,343.476,-66.6239],"carpPosition":[-29.2403,262.794,60.7725],"dipPosition":[-57.687,339.457,-50.9267],"direction":[-0.250384,0.372993,-0.893411],"extended":true,"handId":369,"id":3691,"length":58.1698,"mcpPosition":[-43.2334,307.775,5.305],"pipPosition":[-51.7008,330.539,-29.5668],"stabilizedTipPosition":[-63.6077,334.967,-54.0393],"timeVisible":0.566296,"tipPosition":[-61.2875,340.853,-63.4829],"tipVelocity":[34.4871,129.188,-151.664],"tool":false,"touchDistance":-0.489651,"touchZone":"touching","type":1,"width":19.133},{"bases":[[[0.88012,-0.345844,-0.325239],[0.470465,0.727204,0.499838],[0.0636495,-0.592931,0.802734]],[[0.880807,-0.352781,-0.315792],[0.184448,0.869937,-0.457371],[0.436071,0.344608,0.831317]],[[0.880807,-0.352781,-0.315792],[-0.42219,-0.283283,-0.861108],[0.214324,0.891794,-0.398458]],[[0.880807,-0.352781,-0.315792],[-0.449676,-0.832089,-0.324683],[-0.148225,0.427987,-0.891547]]],"btipPosition":[-46.0771,254.299,-10.1305],"carpPosition":[-17.6205,262.85,57.1225],"dipPosition":[-48.8324,262.255,-26.7028],"direction":[-0.214324,-0.891794,0.398458],"extended":false,"handId":369,"id":3692,"length":66.2798,"mcpPosition":[-22.013,303.769,1.72464],"pipPosition":[-42.8039,287.339,-37.9106],"stabilizedTipPosition":[-65.5302,226.365,41.3449],"timeVisible":0.566296,"tipPosition":[-46.503,256.127,-13.3448],"tipVelocity":[13.9913,87.3891,-150.414],"tool":false,"touchDistance":0.333333,"touchZone":"none","type":2,"width":18.7912},{"bases":[[[0.841907,-0.483158,-0.240314],[0.533932,0.681364,0.500658],[-0.0781557,-0.549819,0.831619]],[[0.841467,-0.486162,-0.235755],[0.326584,0.805251,-0.494887],[0.430438,0.339437,0.836365]],[[0.841467,-0.486162,-0.235755],[-0.399534,-0.266127,-0.877239],[0.363739,0.83236,-0.418176]],[[0.841467,-0.486162,-0.235755],[-0.540027,-0.770846,-0.337886],[-0.0174637,0.411634,-0.911182]]],"btipPosition":[-30.4354,248.447,-7.20905],"carpPosition":[-6.6105,259.797,52.9833],"dipPosition":[-30.7582,256.055,-24.049],"direction":[-0.363739,-0.83236,0.418176],"extended":false,"handId":369,"id":3693,"length":63.7298,"mcpPosition":[-1.76791,293.864,1.45558],"pipPosition":[-20.7911,278.863,-35.5076],"stabilizedTipPosition":[-51.1103,217.344,46.2828],"timeVisible":0.566296,"tipPosition":[-30.2872,250.155,-10.4177],"tipVelocity":[10.8112,103.17,-181.866],"tool":false,"touchDistance":0.333333,"touchZone":"none","type":3,"width":17.881},{"bases":[[[0.727331,-0.649441,-0.221845],[0.649363,0.546651,0.528677],[-0.222073,-0.528582,0.81932]],[[0.67601,-0.733364,-0.0720323],[0.595117,0.60098,-0.533534],[0.434564,0.317807,0.842706]],[[0.67601,-0.733364,-0.0720323],[-0.375246,-0.258466,-0.890161],[0.634193,0.628787,-0.449917]],[[0.67601,-0.733364,-0.0720323],[-0.706624,-0.617409,-0.345671],[0.209029,0.284577,-0.935587]]],"btipPosition":[-16.3847,252.411,-4.65736],"carpPosition":[1.91066,250.226,47.1541],"dipPosition":[-12.8208,257.263,-20.609],"direction":[-0.634193,-0.628787,0.449917],"extended":false,"handId":369,"id":3694,"length":49.963,"mcpPosition":[14.648,280.544,0.160843],"pipPosition":[-0.551263,269.428,-29.3134],"stabilizedTipPosition":[-28.533,230.419,28.6494],"timeVisible":0.566296,"tipPosition":[-15.3682,253.473,-7.87999],"tipVelocity":[11.6375,83.8878,-133.315],"tool":false,"touchDistance":0.333333,"touchZone":"none","type":4,"width":15.8833}],"r":[[0.94185,-0.0667451,0.329339],[0.0423747,0.995842,0.080637],[-0.333352,-0.0619923,0.940762]],"s":1.03682,"t":[70.4235,87.7742,-131.344],"timestamp":15564504591},false],[3,{"currentFrameRate":105.895,"devices":[],"gestures":[],"hands":[{"armBasis":[[0.918819,-0.224262,-0.324773],[0.312296,0.916277,0.250813],[0.241334,-0.331877,0.911929]],"armWidth":63.029,"confidence":0.790123,"direction":[0.0168318,0.692052,-0.721651],"elbow":[51.3489,159.064,298.01],"grabStrength":0,"id":369,"palmNormal":[-0.342702,-0.674041,-0.654388],"palmPosition":[-20.7524,283.732,14.8186],"palmVelocity":[18.416,91.7946,-148.442],"palmWidth":90.0033,"pinchStrength":0.612193,"r":[[0.941301,-0.067108,0.330832],[0.0432794,0.995944,0.0788826],[-0.334784,-0.059934,0.940387]],"s":1.03778,"sphereCenter":[-39.2372,270.179,-26.9657],"sphereRadius":46.4554,"stabilizedPalmPosition":[-30.7568,259.412,53.9278],"t":[70.613,88.7086,-132.852],"timeVisible":0.575734,"type":"right","wrist":[-13.1047,247.699,54.4588]}],"id":1192794,"interactionBox":{"center":[0,200,0],"size":[235.247,235.247,147.751]},"pointables":[{"bases":[[[0.687776,0.633973,0.353614],[-0.609245,0.239256,0.756027],[0.394696,-0.735415,0.550799]],[[0.465984,0.879438,0.097202],[-0.669168,0.278417,0.688983],[0.578855,-0.3861,0.71823]],[[0.465984,0.879438,0.097202],[-0.860716,0.425106,0.280095],[0.205005,-0.214183,0.955038]],[[0.465984,0.879438,0.097202],[-0.884532,0.46036,0.0753092],[0.0214819,-0.121071,0.992411]]],"btipPosition":[-79.3028,274.531,-34.3685],"carpPosition":[-43.3098,245.44,56.2786],"dipPosition":[-78.8055,271.728,-11.3944],"direction":[-0.205005,0.214183,-0.955038],"extended":false,"handId":369,"id":3690,"length":51.5512,"mcpPosition":[-43.3098,245.44,56.2786],"pipPosition":[-71.8915,264.505,20.8151],"stabilizedTipPosition":[-93.6249,249.664,12.5462],"timeVisible":0.575734,"tipPosition":[-79.1362,273.049,-29.4297],"tipVelocity":[15.9669,110.56,-144.282],"tool":false,"touchDistance":-0.51561,"touchZone":"touching","type":0,"width":20.0304},{"bases":[[[0.928785,-0.138462,-0.343783],[0.317978,0.77422,0.547242],[0.190392,-0.617586,0.763111]],[[0.933032,-0.153044,-0.325621],[0.300329,0.82965,0.47062],[0.198126,-0.536897,0.820054]],[[0.933032,-0.153044,-0.325621],[0.259361,0.913347,0.313892],[0.249366,-0.377325,0.891876]],[[0.933032,-0.153044,-0.325621],[0.221583,0.957449,0.184914],[0.283466,-0.244682,0.927242]]],"btipPosition":[-62.0371,344.657,-67.8808],"carpPosition":[-29.0097,263.741,59.4955],"dipPosition":[-57.2465,340.522,-52.2101],"direction":[-0.249366,0.377325,-0.891876],"extended":true,"handId":369,"id":3691,"length":58.1698,"mcpPosition":[-42.8649,308.684,3.96253],"pipPosition":[-51.2845,331.5,-30.8869],"stabilizedTipPosition":[-63.3281,335.881,-55.1102],"timeVisible":0.575734,"tipPosition":[-60.8565,342.043,-64.7444],"tipVelocity":[38.2475,127.216,-146.565],"tool":false,"touchDistance":-0.487964,"touchZone":"touching","type":1,"width":19.133},{"bases":[[[0.878061,-0.35057,-0.325744],[0.474525,0.725918,0.497865],[0.0619272,-0.591729,0.803755]],[[0.878726,-0.357479,-0.316305],[0.187569,0.867958,-0.459855],[0.438928,0.344757,0.82975]],[[0.878726,-0.357479,-0.316305],[-0.424676,-0.282969,-0.859987],[0.217923,0.890021,-0.400465]],[[0.878726,-0.357479,-0.316305],[-0.454076,-0.830334,-0.323049],[-0.147156,0.427498,-0.891959]]],"btipPosition":[-45.9897,255.154,-11.3544],"carpPosition":[-17.3946,263.737,55.8302],"dipPosition":[-48.7251,263.101,-27.9344],"direction":[-0.217923,-0.890021,0.400465],"extended":false,"handId":369,"id":3692,"length":66.2798,"mcpPosition":[-21.6682,304.573,0.361895],"pipPosition":[-42.5953,288.135,-39.1987],"stabilizedTipPosition":[-65.3746,226.617,40.88],"timeVisible":0.575734,"tipPosition":[-46.4127,256.995,-14.5941],"tipVelocity":[12.7789,88.2505,-144.541],"tool":false,"touchDistance":0.333333,"touchZone":"none","type":2,"width":18.7912},{"bases":[[[0.839317,-0.487546,-0.240513],[0.537778,0.679783,0.498688],[-0.0796364,-0.547899,0.832745]],[[0.838801,-0.490974,-0.235283],[0.334977,0.806085,-0.487871],[0.42919,0.330412,0.840609]],[[0.838801,-0.490974,-0.235283],[-0.397527,-0.257031,-0.880856],[0.372002,0.832394,-0.410773]],[[0.838801,-0.490974,-0.235283],[-0.544297,-0.766078,-0.341856],[-0.012403,0.414813,-0.909822]]],"btipPosition":[-30.4025,249.494,-8.99535],"carpPosition":[-6.40449,260.624,51.6823],"dipPosition":[-30.6317,257.161,-25.8101],"direction":[-0.372002,-0.832394,0.410773],"extended":false,"handId":369,"id":3693,"length":63.7298,"mcpPosition":[-1.47017,294.572,0.0848421],"pipPosition":[-20.4383,279.97,-37.066],"stabilizedTipPosition":[-50.8668,217.744,45.5856],"timeVisible":0.575734,"tipPosition":[-30.2462,251.143,-12.0933],"tipVelocity":[9.37029,105.81,-183.807],"tool":false,"touchDistance":0.333333,"touchZone":"none","type":3,"width":17.881},{"bases":[[[0.723987,-0.653255,-0.221584],[0.652613,0.544583,0.526807],[-0.223468,-0.526011,0.820594]],[[0.672327,-0.736822,-0.0712],[0.598418,0.597603,-0.533636],[0.435744,0.31617,0.842712]],[[0.672327,-0.736822,-0.0712],[-0.376166,-0.257225,-0.890132],[0.637555,0.625243,-0.450107]],[[0.672327,-0.736822,-0.0712],[-0.709774,-0.614338,-0.344687],[0.210232,0.282279,-0.936013]]],"btipPosition":[-16.2781,253.205,-6.01401],"carpPosition":[2.06404,251.003,45.8598],"dipPosition":[-12.6937,258.018,-21.9729],"direction":[-0.637555,-0.625243,0.450107],"extended":false,"handId":369,"id":3694,"length":49.963,"mcpPosition":[14.8814,281.173,-1.20651],"pipPosition":[-0.35909,270.114,-30.681],"stabilizedTipPosition":[-28.3045,230.836,27.9797],"timeVisible":0.575734,"tipPosition":[-15.2685,254.249,-9.22269],"tipVelocity":[11.6833,83.6827,-136.346],"tool":false,"touchDistance":0.333333,"touchZone":"none","type":4,"width":15.8833}],"r":[[0.941301,-0.067108,0.330832],[0.0432794,0.995944,0.0788826],[-0.334784,-0.059934,0.940387]],"s":1.03778,"t":[70.613,88.7086,-132.852],"timestamp":15564514029},false],[4,{"currentFrameRate":105.884,"devices":[],"gestures":[],"hands":[{"armBasis":[[0.919588,-0.224754,-0.322249],[0.31202,0.916217,0.251377],[0.238752,-0.331712,0.912669]],"armWidth":63.029,"confidence":0.80025,"direction":[0.0186995,0.692966,-0.720728],"elbow":[50.7729,159.382,297.745],"grabStrength":0,"id":369,"palmNormal":[-0.341641,-0.673037,-0.655975],"palmPosition":[-20.5372,284.06,14.3862],"palmVelocity":[19.6536,75.4261,-119.001],"palmWidth":90.0033,"pinchStrength":0.614965,"r":[[0.940712,-0.0675723,0.332408],[0.0440689,0.995998,0.077753],[-0.336332,-0.0584944,0.939925]],"s":1.03837,"sphereCenter":[-39.0152,270.595,-27.4523],"sphereRadius":46.4642,"stabilizedPalmPosition":[-30.5902,259.814,53.2832],"t":[70.8153,89.3398,-133.822],"timeVisible":0.585199,"type":"right","wrist":[-12.9912,247.973,53.9964]}],"id":1192795,"interactionBox":{"center":[0,200,0],"size":[235.247,235.247,147.751]},"pointables":[{"bases":[[[0.687332,0.633184,0.355883],[-0.610732,0.238588,0.755038],[0.393169,-0.736311,0.550695]],[[0.466435,0.878936,0.0995484],[-0.670337,0.277801,0.688095],[0.577137,-0.387682,0.71876]],[[0.466435,0.878936,0.0995484],[-0.861097,0.425434,0.278422],[0.202364,-0.215586,0.955286]],[[0.466435,0.878936,0.0995484],[-0.884337,0.460854,0.0745809],[0.0196746,-0.122821,0.992234]]],"btipPosition":[-78.9783,274.983,-34.9283],"carpPosition":[-43.2011,245.727,55.7493],"dipPosition":[-78.5229,272.14,-11.9583],"direction":[-0.202364,0.215586,-0.955286],"extended":false,"handId":369,"id":3690,"length":51.5512,"mcpPosition":[-43.2011,245.727,55.7493],"pipPosition":[-71.698,264.869,20.2596],"stabilizedTipPosition":[-93.2948,250.216,11.6021],"timeVisible":0.585199,"tipPosition":[-78.8266,273.503,-29.9851],"tipVelocity":[20.9221,92.2881,-119.917],"tool":false,"touchDistance":-0.500793,"touchZone":"touching","type":0,"width":20.0304},{"bases":[[[0.929445,-0.138477,-0.341989],[0.317192,0.773364,0.548905],[0.188472,-0.618653,0.762723]],[[0.933536,-0.152679,-0.324344],[0.299754,0.828692,0.472671],[0.196614,-0.538479,0.81938]],[[0.933536,-0.152679,-0.324344],[0.259372,0.91223,0.317117],[0.247459,-0.380166,0.8912]],[[0.933536,-0.152679,-0.324344],[0.222121,0.956515,0.189053],[0.281375,-0.248531,0.926855]]],"btipPosition":[-61.6415,345.21,-68.2769],"carpPosition":[-28.899,264.016,59.0199],"dipPosition":[-56.8862,341.009,-52.6127],"direction":[-0.247459,0.380166,-0.8912],"extended":true,"handId":369,"id":3691,"length":58.1698,"mcpPosition":[-42.6145,309.037,3.51516],"pipPosition":[-50.9699,331.92,-31.3056],"stabilizedTipPosition":[-63.0288,336.781,-56.1399],"timeVisible":0.585199,"tipPosition":[-60.4634,342.63,-65.1362],"tipVelocity":[39.0175,107.052,-116.606],"tool":false,"touchDistance":-0.473464,"touchZone":"touching","type":1,"width":19.133},{"bases":[[[0.87858,-0.350583,-0.324329],[0.47382,0.725049,0.499798],[0.0599338,-0.592786,0.803127]],[[0.879219,-0.357467,-0.314947],[0.190059,0.869365,-0.456161],[0.436867,0.341206,0.832302]],[[0.879219,-0.357467,-0.314947],[-0.422143,-0.278109,-0.862816],[0.220839,0.891556,-0.395421]],[[0.879219,-0.357467,-0.314947],[-0.454315,-0.828114,-0.328368],[-0.143431,0.431793,-0.890496]]],"btipPosition":[-45.7867,255.548,-12.0529],"carpPosition":[-17.2761,264.011,55.3792],"dipPosition":[-48.4528,263.574,-28.6056],"direction":[-0.220839,-0.891556,0.395421],"extended":false,"handId":369,"id":3692,"length":66.2798,"mcpPosition":[-21.4122,304.92,-0.0457532],"pipPosition":[-42.241,288.652,-39.728],"stabilizedTipPosition":[-65.2216,226.865,40.4225],"timeVisible":0.585199,"tipPosition":[-46.1888,257.394,-15.2559],"tipVelocity":[15.7453,75.4263,-124.08],"tool":false,"touchDistance":0.333333,"touchZone":"none","type":2,"width":18.7912},{"bases":[[[0.839588,-0.487648,-0.239355],[0.537049,0.678883,0.500696],[-0.0816696,-0.548924,0.831873]],[[0.839042,-0.491193,-0.233962],[0.336852,0.806688,-0.485577],[0.427247,0.328609,0.842304]],[[0.839042,-0.491193,-0.233962],[-0.395508,-0.255369,-0.882247],[0.373607,0.832776,-0.408536]],[[0.839042,-0.491193,-0.233962],[-0.543974,-0.765319,-0.344063],[-0.0100539,0.415952,-0.909331]]],"btipPosition":[-30.1523,249.88,-9.51822],"carpPosition":[-6.2788,260.898,51.2507],"dipPosition":[-30.3381,257.567,-26.3239],"direction":[-0.373607,-0.832776,0.408536],"extended":false,"handId":369,"id":3693,"length":63.7298,"mcpPosition":[-1.21848,294.91,-0.292744],"pipPosition":[-20.1007,280.387,-37.5185],"stabilizedTipPosition":[-50.64,218.116,44.9388],"timeVisible":0.585199,"tipPosition":[-29.996,251.528,-12.632],"tipVelocity":[14.5606,87.3143,-146.908],"tool":false,"touchDistance":0.333333,"touchZone":"none","type":3,"width":17.881},{"bases":[[[0.724138,-0.653325,-0.220883],[0.651758,0.54359,0.528886],[-0.225465,-0.526949,0.819445]],[[0.671898,-0.737311,-0.0701858],[0.602218,0.599026,-0.527733],[0.431146,0.312315,0.846506]],[[0.671898,-0.737311,-0.0701858],[-0.37126,-0.253286,-0.893315],[0.640874,0.626274,-0.443916]],[[0.671898,-0.737311,-0.0701858],[-0.708835,-0.612674,-0.349548],[0.214724,0.284611,-0.934286]]],"btipPosition":[-16.0102,253.611,-6.65595],"carpPosition":[2.1974,251.28,45.4339],"dipPosition":[-12.3492,258.464,-22.5854],"direction":[-0.640874,-0.626274,0.443916],"extended":false,"handId":369,"id":3694,"length":49.963,"mcpPosition":[15.1293,281.504,-1.56654],"pipPosition":[0.0495957,270.58,-31.1737],"stabilizedTipPosition":[-28.0942,231.219,27.3666],"timeVisible":0.585199,"tipPosition":[-15.0056,254.646,-9.81915],"tipVelocity":[16.9781,72.2815,-116.508],"tool":false,"touchDistance":0.333333,"touchZone":"none","type":4,"width":15.8833}],"r":[[0.940712,-0.0675723,0.332408],[0.0440689,0.995998,0.077753],[-0.336332,-0.0584944,0.939925]],"s":1.03837,"t":[70.8153,89.3398,-133.822],"timestamp":15564523494},false],[5,{"currentFrameRate":105.772,"devices":[],"gestures":[],"hands":[{"armBasis":[[0.920702,-0.219828,-0.322464],[0.308688,0.915762,0.257082],[0.238786,-0.336237,0.911003]],"armWidth":63.029,"confidence":0.750997,"direction":[0.0203819,0.69682,-0.716957],"elbow":[50.7591,158.778,296.485],"grabStrength":0,"id":369,"palmNormal":[-0.337111,-0.670322,-0.661078],"palmPosition":[-20.4629,284.858,13.7289],"palmVelocity":[16.1668,77.5006,-104.144],"palmWidth":90.0033,"pinchStrength":0.621201,"r":[[0.939965,-0.0678665,0.334454],[0.0441767,0.995978,0.0779451],[-0.338399,-0.0584906,0.939183]],"s":1.03903,"sphereCenter":[-38.9441,271.746,-28.1644],"sphereRadius":46.455,"stabilizedPalmPosition":[-30.4121,260.254,52.5878],"t":[70.9537,90.0542,-134.635],"timeVisible":0.59486,"type":"right","wrist":[-13.014,248.578,53.1815]}],"id":1192796,"interactionBox":{"center":[0,200,0],"size":[235.247,235.247,147.751]},"pointables":[{"bases":[[[0.684253,0.632847,0.362357],[-0.614701,0.233191,0.753501],[0.392353,-0.738327,0.548574]],[[0.464107,0.879357,0.106475],[-0.673874,0.272503,0.686758],[0.574891,-0.39048,0.719045]],[[0.464107,0.879357,0.106475],[-0.863328,0.422172,0.276469],[0.198165,-0.220234,0.955106]],[[0.464107,0.879357,0.106475],[-0.885638,0.458519,0.073528],[0.0158367,-0.128423,0.991593]]],"btipPosition":[-78.6623,275.935,-35.8859],"carpPosition":[-43.2264,246.254,54.7849],"dipPosition":[-78.2956,272.962,-12.9307],"direction":[-0.198165,0.220234,-0.955106],"extended":false,"handId":369,"id":3690,"length":51.5512,"mcpPosition":[-43.2264,246.254,54.7849],"pipPosition":[-71.6124,265.534,19.2811],"stabilizedTipPosition":[-92.9232,250.848,10.5365],"timeVisible":0.59486,"tipPosition":[-78.5279,274.438,-30.9468],"tipVelocity":[23.7442,93.2023,-113.959],"tool":false,"touchDistance":-0.493462,"touchZone":"touching","type":0,"width":20.0304},{"bases":[[[0.931304,-0.134548,-0.338481],[0.312919,0.77116,0.554431],[0.186425,-0.622261,0.760288]],[[0.935171,-0.148171,-0.321716],[0.296026,0.82569,0.480213],[0.194484,-0.544317,0.816024]],[[0.935171,-0.148171,-0.321716],[0.256723,0.909326,0.327445],[0.244027,-0.388809,0.888414]],[[0.935171,-0.148171,-0.321716],[0.220507,0.95436,0.201431],[0.277186,-0.259313,0.925162]]],"btipPosition":[-61.3316,346.651,-68.6643],"carpPosition":[-28.9813,264.558,58.2174],"dipPosition":[-56.647,342.269,-53.0288],"direction":[-0.244027,0.388809,-0.888414],"extended":true,"handId":369,"id":3691,"length":58.1698,"mcpPosition":[-42.5479,309.841,2.88985],"pipPosition":[-50.8127,332.973,-31.7883],"stabilizedTipPosition":[-62.6828,337.887,-57.2532],"timeVisible":0.59486,"tipPosition":[-60.1701,344.057,-65.5445],"tipVelocity":[36.5061,118.076,-94.5053],"tool":false,"touchDistance":-0.460362,"touchZone":"touching","type":1,"width":19.133},{"bases":[[[0.880847,-0.34686,-0.322176],[0.469879,0.723463,0.505782],[0.0576461,-0.5969,0.800242]],[[0.881464,-0.353858,-0.312739],[0.193,0.874329,-0.44531],[0.431013,0.332166,0.838984]],[[0.881464,-0.353858,-0.312739],[-0.415604,-0.26677,-0.869544],[0.224266,0.896447,-0.382213]],[[0.881464,-0.353858,-0.312739],[-0.451949,-0.824173,-0.341295],[-0.136981,0.442181,-0.886404]]],"btipPosition":[-45.6319,256.52,-13.3695],"carpPosition":[-17.342,264.598,54.6296],"dipPosition":[-48.1782,264.739,-29.8461],"direction":[-0.224266,-0.896447,0.382213],"extended":false,"handId":369,"id":3692,"length":66.2798,"mcpPosition":[-21.3203,305.791,-0.596212],"pipPosition":[-41.87,289.954,-40.597],"stabilizedTipPosition":[-65.0617,227.13,39.9379],"timeVisible":0.59486,"tipPosition":[-45.9931,258.371,-16.4705],"tipVelocity":[16.6571,84.1085,-127.109],"tool":false,"touchDistance":0.333333,"touchZone":"none","type":2,"width":18.7912},{"bases":[[[0.841784,-0.484463,-0.238107],[0.533209,0.677436,0.506724],[-0.0841867,-0.553513,0.828575]],[[0.841171,-0.488347,-0.232269],[0.334754,0.807561,-0.485577],[0.424701,0.3307,0.842773]],[[0.841171,-0.488347,-0.232269],[-0.39317,-0.257396,-0.882703],[0.37128,0.833825,-0.408517]],[[0.841171,-0.488347,-0.232269],[-0.5407,-0.766423,-0.346757],[-0.00867863,0.41727,-0.908741]]],"btipPosition":[-29.8857,250.654,-10.0618],"carpPosition":[-6.31894,261.533,50.5349],"dipPosition":[-30.046,258.365,-26.8566],"direction":[-0.37128,-0.833825,0.408517],"extended":false,"handId":369,"id":3693,"length":63.7298,"mcpPosition":[-1.10266,295.829,-0.80422],"pipPosition":[-19.8724,281.213,-38.0507],"stabilizedTipPosition":[-50.4037,218.507,44.2672],"timeVisible":0.59486,"tipPosition":[-29.74,252.371,-13.3547],"tipVelocity":[18.5384,85.3704,-120.412],"tool":false,"touchDistance":0.333333,"touchZone":"none","type":3,"width":17.881},{"bases":[[[0.726633,-0.650498,-0.221039],[0.648099,0.542256,0.53472],[-0.227974,-0.5318,0.815608]],[[0.673781,-0.735537,-0.0707425],[0.60471,0.603882,-0.51928],[0.42467,0.307103,0.851671]],[[0.673781,-0.735537,-0.0707425],[-0.364563,-0.24762,-0.897651],[0.642739,0.630611,-0.434991]],[[0.673781,-0.735537,-0.0707425],[-0.705467,-0.611829,-0.357745],[0.219852,0.290948,-0.931136]]],"btipPosition":[-15.7551,254.565,-7.57094],"carpPosition":[2.20566,251.965,44.7059],"dipPosition":[-12.0066,259.526,-23.4467],"direction":[-0.642739,-0.630611,0.434991],"extended":false,"handId":369,"id":3694,"length":49.963,"mcpPosition":[15.2814,282.467,-2.0745],"pipPosition":[0.428279,271.726,-31.8623],"stabilizedTipPosition":[-27.8792,231.617,26.7382],"timeVisible":0.59486,"tipPosition":[-14.7479,255.613,-10.7037],"tipVelocity":[20.3349,80.7314,-109.782],"tool":false,"touchDistance":0.333333,"touchZone":"none","type":4,"width":15.8833}],"r":[[0.939965,-0.0678665,0.334454],[0.0441767,0.995978,0.0779451],[-0.338399,-0.0584906,0.939183]],"s":1.03903,"t":[70.9537,90.0542,-134.635],"timestamp":15564533155},false],[6,{"currentFrameRate":106.037,"devices":[],"gestures":[],"hands":[{"armBasis":[[0.921293,-0.217425,-0.322404],[0.307156,0.915331,0.260431],[0.238482,-0.338962,0.910072]],"armWidth":63.029,"confidence":0.759287,"direction":[0.0230068,0.699477,-0.714284],"elbow":[50.6806,158.334,295.733],"grabStrength":0,"id":369,"palmNormal":[-0.334228,-0.667982,-0.6649],"palmPosition":[-20.315,285.284,13.331],"palmVelocity":[16.2695,69.3698,-87.8567],"palmWidth":90.0033,"pinchStrength":0.627526,"r":[[0.9391,-0.0682865,0.336791],[0.0441314,0.995907,0.0788717],[-0.340798,-0.0592053,0.93827]],"s":1.03948,"sphereCenter":[-38.7761,272.416,-28.6404],"sphereRadius":46.4553,"stabilizedPalmPosition":[-30.2365,260.69,51.905],"t":[71.0968,90.6247,-135.241],"timeVisible":0.603802,"type":"right","wrist":[-13.0113,248.861,52.6784]}],"id":1192797,"interactionBox":{"center":[0,200,0],"size":[235.247,235.247,147.751]},"pointables":[{"bases":[[[0.682576,0.63173,0.367434],[-0.617793,0.230192,0.751893],[0.390413,-0.740222,0.547402]],[[0.463469,0.879046,0.111689],[-0.676452,0.269571,0.685379],[0.572372,-0.393205,0.71957]],[[0.463469,0.879046,0.111689],[-0.86454,0.420936,0.274561],[0.194338,-0.22381,0.955061]],[[0.463469,0.879046,0.111689],[-0.886008,0.457781,0.0736609],[0.0136221,-0.133097,0.991009]]],"btipPosition":[-78.3602,276.565,-36.5294],"carpPosition":[-43.2291,246.521,54.1523],"dipPosition":[-78.0449,273.484,-13.5877],"direction":[-0.194338,0.22381,-0.955061],"extended":false,"handId":369,"id":3690,"length":51.5512,"mcpPosition":[-43.2291,246.521,54.1523],"pipPosition":[-71.4907,265.936,18.6226],"stabilizedTipPosition":[-92.5479,251.49,9.46476],"timeVisible":0.603802,"tipPosition":[-78.2225,275.058,-31.5918],"tipVelocity":[26.1233,86.2519,-102.584],"tool":false,"touchDistance":-0.482148,"touchZone":"touching","type":0,"width":20.0304},{"bases":[[[0.932698,-0.132981,-0.335246],[0.310428,0.769206,0.558531],[0.183599,-0.62501,0.758718]],[[0.936342,-0.146052,-0.31927],[0.293892,0.823547,0.485178],[0.192073,-0.548123,0.814045]],[[0.936342,-0.146052,-0.31927],[0.255342,0.90742,0.33375],[0.240967,-0.394027,0.886948]],[[0.936342,-0.146052,-0.31927],[0.219806,0.952958,0.2087],[0.27377,-0.265592,0.924398]]],"btipPosition":[-60.9154,347.503,-68.9259],"carpPosition":[-29.0043,264.818,57.7095],"dipPosition":[-56.2886,343.015,-53.3033],"direction":[-0.240967,0.394027,-0.886948],"extended":true,"handId":369,"id":3691,"length":58.1698,"mcpPosition":[-42.3651,310.301,2.49619],"pipPosition":[-50.5275,333.594,-32.0979],"stabilizedTipPosition":[-62.3026,339.039,-58.3382],"timeVisible":0.603802,"tipPosition":[-59.755,344.93,-65.8112],"tipVelocity":[38.839,111.104,-76.7785],"tool":false,"touchDistance":-0.446628,"touchZone":"touching","type":1,"width":19.133},{"bases":[[[0.88225,-0.345369,-0.319929],[0.467598,0.721742,0.510334],[0.0546523,-0.599841,0.798251]],[[0.882841,-0.352518,-0.310361],[0.197922,0.878497,-0.434822],[0.425933,0.322451,0.845344]],[[0.882841,-0.352518,-0.310361],[-0.40972,-0.254991,-0.875848],[0.229613,0.900395,-0.36955]],[[0.882841,-0.352518,-0.310361],[-0.451348,-0.819554,-0.353011],[-0.129915,0.451733,-0.882643]]],"btipPosition":[-45.4735,257.174,-14.4224],"carpPosition":[-17.3507,264.875,54.1686],"dipPosition":[-47.8884,265.571,-30.8292],"direction":[-0.229613,-0.900395,0.36955],"extended":false,"handId":369,"id":3692,"length":66.2798,"mcpPosition":[-21.1223,306.271,-0.919846],"pipPosition":[-41.4299,290.897,-41.2239],"stabilizedTipPosition":[-64.9108,227.384,39.4772],"timeVisible":0.603802,"tipPosition":[-45.793,259.016,-17.4173],"tipVelocity":[17.8681,82.359,-124.063],"tool":false,"touchDistance":0.333333,"touchZone":"none","type":2,"width":18.7912},{"bases":[[[0.8429,-0.483295,-0.236528],[0.53094,0.675733,0.511359],[-0.087308,-0.556607,0.826176]],[[0.842223,-0.487445,-0.230342],[0.335231,0.808102,-0.484346],[0.422232,0.330709,0.844009]],[[0.842223,-0.487445,-0.230342],[-0.390565,-0.257126,-0.883938],[0.371644,0.834436,-0.406936]],[[0.842223,-0.487445,-0.230342],[-0.539098,-0.766019,-0.350126],[-0.00577977,0.419061,-0.90794]]],"btipPosition":[-29.638,251.09,-10.4542],"carpPosition":[-6.31025,261.828,50.1067],"dipPosition":[-29.7448,258.835,-27.2342],"direction":[-0.371644,-0.834436,0.406936],"extended":false,"handId":369,"id":3693,"length":63.7298,"mcpPosition":[-0.900579,296.316,-1.08381],"pipPosition":[-19.5611,281.7,-38.3849],"stabilizedTipPosition":[-50.1734,218.889,43.6168],"timeVisible":0.603802,"tipPosition":[-29.4896,252.849,-13.8411],"tipVelocity":[21.4166,75.6284,-99.4087],"tool":false,"touchDistance":0.333333,"touchZone":"none","type":3,"width":17.881},{"bases":[[[0.727739,-0.649431,-0.220535],[0.645765,0.540489,0.539314],[-0.23105,-0.534893,0.812715]],[[0.674308,-0.735053,-0.0707491],[0.606642,0.60603,-0.514503],[0.421063,0.304014,0.854565]],[[0.674308,-0.735053,-0.0707491],[-0.360772,-0.244325,-0.900083],[0.644323,0.632457,-0.429937]],[[0.674308,-0.735053,-0.0707491],[-0.703793,-0.610698,-0.362937],[0.223571,0.294524,-0.929124]]],"btipPosition":[-15.5113,255.074,-8.0677],"carpPosition":[2.24095,252.285,44.2764],"dipPosition":[-11.6994,260.095,-23.9092],"direction":[-0.644323,-0.632457,0.429937],"extended":false,"handId":369,"id":3694,"length":49.963,"mcpPosition":[15.4932,282.964,-2.33796],"pipPosition":[0.766142,272.331,-32.227],"stabilizedTipPosition":[-27.6737,231.999,26.1415],"timeVisible":0.603802,"tipPosition":[-14.4935,256.135,-11.1966],"tipVelocity":[22.6728,74.6463,-94.7321],"tool":false,"touchDistance":0.333333,"touchZone":"none","type":4,"width":15.8