{"sensorType":"Leap","data":[[0,{"currentFrameRate":105.393,"devices":[],"gestures":[],"hands":[{"armBasis":[[0.897477,-0.210658,-0.387502],[0.322139,0.913179,0.24966],[0.301266,-0.348894,0.887419]],"armWidth":63.029,"confidence":0.759547,"direction":[0.032297,0.795963,-0.604484],"elbow":[55.3702,123.103,287.077],"grabStrength":0,"id":369,"palmNormal":[-0.374295,-0.551156,-0.745741],"palmPosition":[-31.9516,258.331,16.71],"palmVelocity":[218.966,56.8423,-210.291],"palmWidth":90.0033,"pinchStrength":0.500348,"r":[[0.957469,-0.126328,0.259412],[0.0534906,0.961191,0.27065],[-0.283535,-0.245263,0.927068]],"s":1.07556,"sphereCenter":[-45.9242,246.991,-28.5206],"sphereRadius":47.0072,"stabilizedPalmPosition":[-49.2051,254.099,34.0073],"t":[57.7204,63.7836,-130.724],"timeVisible":9.69762,"type":"right","wrist":[-25.0895,216.283,50.0727]}],"id":1193743,"interactionBox":{"center":[0,200,0],"size":[235.247,235.247,147.751]},"pointables":[{"bases":[[[0.714002,0.547551,0.436336],[-0.591055,0.137321,0.794857],[0.375306,-0.825428,0.42168]],[[0.454246,0.870963,0.187308],[-0.630856,0.16602,0.75793],[0.629032,-0.462451,0.624866]],[[0.454246,0.870963,0.187308],[-0.861178,0.375454,0.342646],[0.228107,-0.316951,0.920603]],[[0.454246,0.870963,0.187308],[-0.882008,0.469264,-0.0430486],[-0.125391,-0.145652,0.981358]]],"btipPosition":[-91.1803,251.655,-32.5686],"carpPosition":[-55.3307,214.76,52.0513],"dipPosition":[-94.0831,248.283,-9.85036],"direction":[-0.228107,0.316951,-0.920603],"extended":false,"handId":369,"id":3690,"length":51.5512,"mcpPosition":[-55.3307,214.76,52.0513],"pipPosition":[-86.39,237.594,21.1978],"stabilizedTipPosition":[-119.188,246.943,3.99053],"timeVisible":9.69762,"tipPosition":[-91.6192,251.731,-26.9891],"tipVelocity":[242.826,34.9964,-251.475],"tool":false,"touchDistance":-0.501567,"touchZone":"hovering","type":0,"width":20.0304},{"bases":[[[0.919013,-0.113143,-0.377641],[0.351795,0.667691,0.656071],[0.177918,-0.73579,0.65342]],[[0.929306,-0.164966,-0.330419],[0.299181,0.860823,0.411672],[0.216521,-0.481424,0.849323]],[[0.929306,-0.164966,-0.330419],[0.263476,0.923086,0.280166],[0.258787,-0.347418,0.901293]],[[0.929306,-0.164966,-0.330419],[0.234191,0.955031,0.181853],[0.285561,-0.246378,0.926149]]],"btipPosition":[-73.518,318.321,-63.0024],"carpPosition":[-40.356,231.848,57.842],"dipPosition":[-68.6919,314.157,-47.3502],"direction":[-0.258787,0.347418,-0.901293],"extended":true,"handId":369,"id":3691,"length":58.1698,"mcpPosition":[-53.3034,285.392,10.2915],"pipPosition":[-62.5048,305.851,-25.8018],"stabilizedTipPosition":[-81.1073,313.726,-52.6097],"timeVisible":9.69762,"tipPosition":[-72.988,314.774,-59.823],"tipVelocity":[363.299,151.466,-282.844],"tool":false,"touchDistance":0.149871,"touchZone":"hovering","type":1,"width":19.133},{"bases":[[[0.861073,-0.323667,-0.392164],[0.505921,0.622634,0.596968],[0.0509559,-0.712437,0.699884]],[[0.859823,-0.308736,-0.406677],[0.086252,0.87286,-0.480288],[0.503254,0.377886,0.777134]],[[0.859823,-0.308736,-0.406677],[-0.485784,-0.249396,-0.837744],[0.157218,0.917869,-0.364415]],[[0.859823,-0.308736,-0.406677],[-0.477999,-0.766725,-0.428544],[-0.179502,0.562863,-0.806823]]],"btipPosition":[-57.3905,226.906,-6.08838],"carpPosition":[-28.7944,232.037,54.0159],"dipPosition":[-60.7271,237.369,-21.0858],"direction":[-0.157218,-0.917869,0.364415],"extended":false,"handId":369,"id":3692,"length":66.2798,"mcpPosition":[-32.3109,281.204,5.71592],"pipPosition":[-56.3049,263.187,-31.3361],"stabilizedTipPosition":[-68.3732,227.701,-0.974957],"timeVisible":9.69762,"tipPosition":[-58.4572,229.055,-10.0385],"tipVelocity":[230.447,35.4346,-184.723],"tool":false,"touchDistance":0.333333,"touchZone":"none","type":2,"width":18.7912},{"bases":[[[0.818582,-0.47099,-0.328774],[0.567514,0.57489,0.589431],[-0.0886064,-0.669081,0.737888]],[[0.818402,-0.472334,-0.32729],[0.243205,0.800726,-0.547438],[0.520643,0.368426,0.77019]],[[0.818402,-0.472334,-0.32729],[-0.476147,-0.23852,-0.8464],[0.321718,0.848533,-0.420106]],[[0.818402,-0.472334,-0.32729],[-0.573545,-0.706641,-0.414372],[-0.0355541,0.526839,-0.849221]]],"btipPosition":[-43.6511,221.442,-3.3149],"carpPosition":[-17.9728,229.256,49.2375],"dipPosition":[-44.3082,231.179,-19.0097],"direction":[-0.321718,-0.848533,0.420106],"extended":false,"handId":369,"id":3693,"length":63.7298,"mcpPosition":[-12.4827,270.713,3.51736],"pipPosition":[-35.4926,254.43,-30.5213],"stabilizedTipPosition":[-51.6739,222.898,-1.13897],"timeVisible":9.69762,"tipPosition":[-44.0003,223.598,-7.57978],"tipVelocity":[226.237,24.5108,-152.951],"tool":false,"touchDistance":0.333333,"touchZone":"none","type":3,"width":17.881},{"bases":[[[0.697727,-0.633734,-0.334003],[0.677853,0.43325,0.593978],[-0.231717,-0.64084,0.731869]],[[0.684804,-0.666041,-0.295691],[0.442005,0.702236,-0.558119],[0.579375,0.251505,0.775287]],[[0.684804,-0.666041,-0.295691],[-0.498349,-0.131976,-0.856873],[0.531688,0.734147,-0.422298]],[[0.684804,-0.666041,-0.295691],[-0.718583,-0.549714,-0.425974],[0.121171,0.504187,-0.855051]]],"btipPosition":[-29.2471,225.557,-4.51489],"carpPosition":[-9.92113,220.397,41.8301],"dipPosition":[-27.1812,234.153,-19.0934],"direction":[-0.531688,-0.734147,0.422298],"extended":false,"handId":369,"id":3694,"length":49.963,"mcpPosition":[3.36932,257.153,-0.14724],"pipPosition":[-16.8947,248.356,-27.2635],"stabilizedTipPosition":[-35.0643,227.322,-3.94469],"timeVisible":9.69762,"tipPosition":[-28.8711,227.528,-8.57142],"tipVelocity":[231.421,7.7514,-136.121],"tool":false,"touchDistance":0.333333,"touchZone":"none","type":4,"width":15.8833}],"r":[[0.957469,-0.126328,0.259412],[0.0534906,0.961191,0.27065],[-0.283535,-0.245263,0.927068]],"s":1.07556,"t":[57.7204,63.7836,-130.724],"timestamp":15573635912},false],[1,{"currentFrameRate":105.428,"devices":[],"gestures":[],"hands":[{"armBasis":[[0.902118,-0.214056,-0.37465],[0.319236,0.915255,0.245757],[0.290294,-0.341304,0.894003]],"armWidth":63.029,"confidence":0.768661,"direction":[0.0378071,0.787539,-0.615104],"elbow":[53.6877,126.399,287.272],"grabStrength":0,"id":369,"palmNormal":[-0.365433,-0.562012,-0.742025],"palmPosition":[-30.3967,259.122,14.4923],"palmVelocity":[203.577,64.5959,-217.459],"palmWidth":90.0033,"pinchStrength":0.493188,"r":[[0.954236,-0.127416,0.270554],[0.0559165,0.964757,0.257133],[-0.293782,-0.230237,0.92773]],"s":1.08324,"sphereCenter":[-44.2849,247.514,-30.5082],"sphereRadius":47.0143,"stabilizedPalmPosition":[-46.437,254.838,31.1352],"t":[59.4393,64.4084,-132.705],"timeVisible":9.70704,"type":"right","wrist":[-23.8418,217.552,48.5087]}],"id":1193744,"interactionBox":{"center":[0,200,0],"size":[235.247,235.247,147.751]},"pointables":[{"bases":[[[0.708488,0.554614,0.436403],[-0.599842,0.14747,0.786411],[0.371798,-0.818936,0.437162]],[[0.451413,0.873879,0.180448],[-0.636707,0.173769,0.751271],[0.625164,-0.454026,0.634847]],[[0.451413,0.873879,0.180448],[-0.864744,0.378547,0.33003],[0.220098,-0.305021,0.926563]],[[0.451413,0.873879,0.180448],[-0.883886,0.46564,-0.0438646],[-0.122356,-0.139694,0.982606]]],"btipPosition":[-89.5593,251.951,-35.1626],"carpPosition":[-54.1006,216.012,50.1801],"dipPosition":[-92.3919,248.717,-12.4155],"direction":[-0.220098,0.305021,-0.926563],"extended":false,"handId":369,"id":3690,"length":51.5512,"mcpPosition":[-54.1006,216.012,50.1801],"pipPosition":[-84.9689,238.43,18.8337],"stabilizedTipPosition":[-116.201,247.382,0.4946],"timeVisible":9.70704,"tipPosition":[-89.862,251.892,-29.6734],"tipVelocity":[223.119,34.9237,-258.086],"tool":false,"touchDistance":-0.518554,"touchZone":"hovering","type":0,"width":20.0304},{"bases":[[[0.923214,-0.117015,-0.366038],[0.343754,0.677257,0.650505],[0.171783,-0.726382,0.665477]],[[0.932817,-0.166524,-0.319567],[0.295214,0.861697,0.412706],[0.206644,-0.47932,0.852966]],[[0.932817,-0.166524,-0.319567],[0.262089,0.922151,0.284512],[0.247311,-0.349152,0.903842]],[[0.932817,-0.166524,-0.319567],[0.234756,0.953638,0.188321],[0.273391,-0.250689,0.928662]]],"btipPosition":[-71.0283,319.014,-66.0853],"carpPosition":[-39.2125,233.2,55.8948],"dipPosition":[-66.4079,314.777,-50.3906],"direction":[-0.247311,0.349153,-0.903842],"extended":true,"handId":369,"id":3691,"length":58.1698,"mcpPosition":[-51.7135,286.06,7.46681],"pipPosition":[-60.4951,306.43,-28.7813],"stabilizedTipPosition":[-78.022,314.921,-55.3417],"timeVisible":9.70704,"tipPosition":[-70.4877,315.535,-62.9163],"tipVelocity":[333.604,128.723,-295.216],"tool":false,"touchDistance":0.122535,"touchZone":"hovering","type":1,"width":19.133},{"bases":[[[0.865715,-0.327805,-0.37826],[0.498573,0.631612,0.593709],[0.0442927,-0.702573,0.710232]],[[0.864617,-0.313244,-0.39283],[0.0914654,0.866925,-0.489974],[0.494035,0.38771,0.77821]],[[0.864617,-0.313244,-0.39283],[-0.476104,-0.261034,-0.839754],[0.160506,0.913093,-0.374831]],[[0.864617,-0.313244,-0.39283],[-0.472251,-0.773568,-0.422578],[-0.17151,0.550882,-0.81677]]],"btipPosition":[-55.548,227.431,-8.19972],"carpPosition":[-27.6102,233.354,52.1921],"dipPosition":[-58.7361,237.671,-23.382],"direction":[-0.160506,-0.913094,0.374831],"extended":false,"handId":369,"id":3692,"length":66.2798,"mcpPosition":[-30.6669,281.84,3.17798],"pipPosition":[-54.2214,263.354,-33.9253],"stabilizedTipPosition":[-65.742,228.155,-3.30693],"timeVisible":9.70704,"tipPosition":[-56.5596,229.501,-12.1464],"tipVelocity":[221.529,39.6641,-197.252],"tool":false,"touchDistance":0.333333,"touchZone":"none","type":2,"width":18.7912},{"bases":[[[0.822733,-0.474297,-0.313294],[0.560309,0.58386,0.587505],[-0.0957321,-0.658901,0.746113]],[[0.822492,-0.475936,-0.311435],[0.248126,0.792944,-0.556483],[0.511801,0.380427,0.770283]],[[0.822492,-0.475936,-0.311435],[-0.466914,-0.252296,-0.847548],[0.324804,0.842515,-0.429733]],[[0.822492,-0.475936,-0.311435],[-0.568108,-0.713967,-0.409274],[-0.0275664,0.513553,-0.857615]]],"btipPosition":[-41.8118,221.958,-5.07668],"carpPosition":[-16.7337,230.523,47.5705],"dipPosition":[-42.3213,231.449,-20.9266],"direction":[-0.324804,-0.842515,0.429733],"extended":false,"handId":369,"id":3693,"length":63.7298,"mcpPosition":[-10.802,271.349,1.34075],"pipPosition":[-33.4211,254.536,-32.702],"stabilizedTipPosition":[-48.9171,223.25,-3.28422],"timeVisible":9.70704,"tipPosition":[-42.1182,224.049,-9.37771],"tipVelocity":[218.417,31.4342,-163.751],"tool":false,"touchDistance":0.333333,"touchZone":"none","type":3,"width":17.881},{"bases":[[[0.702159,-0.637277,-0.317571],[0.670779,0.44246,0.595218],[-0.238806,-0.630958,0.738149]],[[0.689001,-0.668767,-0.279334],[0.444385,0.694288,-0.566115],[0.572538,0.265922,0.775555]],[[0.689001,-0.668767,-0.279334],[-0.492331,-0.14904,-0.857553],[0.531872,0.72838,-0.431943]],[[0.689001,-0.668767,-0.279334],[-0.713836,-0.559523,-0.421156],[0.125361,0.489575,-0.862902]]],"btipPosition":[-27.3454,226.023,-6.01935],"carpPosition":[-8.59015,221.573,40.3748],"dipPosition":[-25.208,234.37,-20.7317],"direction":[-0.531872,-0.72838,0.431943],"extended":false,"handId":369,"id":3694,"length":49.963,"mcpPosition":[5.10691,257.763,-1.96277],"pipPosition":[-14.918,248.462,-29.0884],"stabilizedTipPosition":[-32.4855,227.517,-5.6591],"timeVisible":9.70704,"tipPosition":[-26.9569,227.948,-10.1362],"tipVelocity":[223.482,17.9282,-143.78],"tool":false,"touchDistance":0.333333,"touchZone":"none","type":4,"width":15.8833}],"r":[[0.954236,-0.127416,0.270554],[0.0559165,0.964757,0.257133],[-0.293782,-0.230237,0.92773]],"s":1.08324,"t":[59.4393,64.4084,-132.705],"timestamp":15573645333},false],[2,{"currentFrameRate":105.404,"devices":[],"gestures":[],"hands":[{"armBasis":[[0.906847,-0.211603,-0.364489],[0.312851,0.91746,0.245745],[0.282404,-0.336884,0.898197]],"armWidth":63.029,"confidence":0.772661,"direction":[0.044271,0.780894,-0.623093],"elbow":[52.7056,129.141,286.739],"grabStrength":0,"id":369,"palmNormal":[-0.351813,-0.571564,-0.741311],"palmPosition":[-28.9055,260.282,12.2865],"palmVelocity":[189.992,81.044,-221.479],"palmWidth":90.0033,"pinchStrength":0.480758,"r":[[0.950805,-0.126787,0.282658],[0.0564494,0.968046,0.244336],[-0.304605,-0.21636,0.92758]],"s":1.09081,"sphereCenter":[-42.5203,248.492,-32.599],"sphereRadius":47.0578,"stabilizedPalmPosition":[-43.9055,255.625,28.4135],"t":[61.0443,65.3007,-134.798],"timeVisible":9.71657,"type":"right","wrist":[-22.7167,219.113,46.8557]}],"id":1193745,"interactionBox":{"center":[0,200,0],"size":[235.247,235.247,147.751]},"pointables":[{"bases":[[[0.699561,0.562183,0.441095],[-0.612442,0.153689,0.775432],[0.368143,-0.812607,0.451819]],[[0.44579,0.877215,0.178227],[-0.644505,0.176373,0.74398],[0.621196,-0.446527,0.643995]],[[0.44579,0.877215,0.178227],[-0.869812,0.377478,0.317707],[0.211421,-0.296655,0.931288]],[[0.44579,0.877215,0.178227],[-0.887574,0.459002,-0.0391154],[-0.116119,-0.140752,0.983212]]],"btipPosition":[-88.1061,252.782,-37.8888],"carpPosition":[-52.9916,217.471,48.079],"dipPosition":[-90.7943,249.524,-15.1276],"direction":[-0.211421,0.296655,-0.931288],"extended":false,"handId":369,"id":3690,"length":51.5512,"mcpPosition":[-52.9916,217.471,48.079],"pipPosition":[-83.6639,239.519,16.2809],"stabilizedTipPosition":[-113.481,247.843,-2.78745],"timeVisible":9.71657,"tipPosition":[-88.1765,252.492,-32.5228],"tipVelocity":[203.757,49.826,-266.034],"tool":false,"touchDistance":-0.535876,"touchZone":"hovering","type":0,"width":20.0304},{"bases":[[[0.929182,-0.117339,-0.350503],[0.331106,0.685711,0.648204],[0.164284,-0.718354,0.676002]],[[0.938056,-0.164889,-0.304735],[0.286875,0.862826,0.416214],[0.194304,-0.477853,0.856681]],[[0.938056,-0.164889,-0.304735],[0.2565,0.921753,0.290825],[0.232937,-0.350974,0.90695]],[[0.938056,-0.164889,-0.304735],[0.231297,0.952849,0.196419],[0.257979,-0.254736,0.931964]]],"btipPosition":[-68.4005,320.06,-69.2021],"carpPosition":[-38.2589,234.78,53.8319],"dipPosition":[-64.0405,315.755,-53.4516],"direction":[-0.232937,0.350974,-0.90695],"extended":true,"handId":369,"id":3691,"length":58.1698,"mcpPosition":[-50.2142,287.056,4.63801],"pipPosition":[-58.4714,307.363,-31.768],"stabilizedTipPosition":[-75.1692,316.035,-58.0907],"timeVisible":9.71657,"tipPosition":[-67.8654,316.633,-66.0416],"tipVelocity":[315.1,122.76,-303.984],"tool":false,"touchDistance":0.083447,"touchZone":"hovering","type":1,"width":19.133},{"bases":[[[0.872683,-0.328479,-0.361283],[0.486955,0.640064,0.5943],[0.036029,-0.694564,0.718528]],[[0.871767,-0.314243,-0.375864],[0.0973293,0.862988,-0.495761],[0.480156,0.395606,0.782909]],[[0.871767,-0.314243,-0.375864],[-0.46174,-0.270554,-0.844746],[0.163764,0.909974,-0.380959]],[[0.871767,-0.314243,-0.375864],[-0.462779,-0.779998,-0.421235],[-0.160804,0.541161,-0.825401]]],"btipPosition":[-53.5981,228.356,-10.5492],"carpPosition":[-26.6017,234.94,50.3064],"dipPosition":[-56.5872,238.415,-25.892],"direction":[-0.163764,-0.909974,0.380959],"extended":false,"handId":369,"id":3692,"length":66.2798,"mcpPosition":[-29.0881,282.873,0.719735],"pipPosition":[-51.9808,264.011,-36.6076],"stabilizedTipPosition":[-63.2981,228.691,-5.60467],"timeVisible":9.71657,"tipPosition":[-54.5341,230.354,-14.465],"tipVelocity":[218.024,54.9469,-212.558],"tool":false,"touchDistance":0.333333,"touchZone":"none","type":2,"width":18.7912},{"bases":[[[0.829265,-0.474419,-0.295374],[0.548961,0.592493,0.589572],[-0.104697,-0.65106,0.751771]],[[0.828919,-0.476543,-0.292917],[0.251913,0.785576,-0.565164],[0.499433,0.394685,0.771226]],[[0.828919,-0.476543,-0.292917],[-0.454521,-0.268586,-0.849278],[0.326044,0.837119,-0.439235]],[[0.828919,-0.476543,-0.292917],[-0.559067,-0.723009,-0.405836],[-0.0183831,0.500165,-0.865735]]],"btipPosition":[-39.8243,222.816,-6.74513],"carpPosition":[-15.6445,232.101,45.8839],"dipPosition":[-40.164,232.06,-22.7451],"direction":[-0.326044,-0.837119,0.439235],"extended":false,"handId":369,"id":3693,"length":63.7298,"mcpPosition":[-9.1574,272.442,-0.696434],"pipPosition":[-31.2299,254.998,-34.7808],"stabilizedTipPosition":[-46.3425,223.733,-5.32366],"timeVisible":9.71657,"tipPosition":[-40.082,224.875,-11.1382],"tipVelocity":[216.742,46.5964,-168.047],"tool":false,"touchDistance":0.333333,"touchZone":"none","type":3,"width":17.881},{"bases":[[[0.709394,-0.637916,-0.299706],[0.659838,0.451627,0.600538],[-0.247737,-0.623776,0.741303]],[[0.695932,-0.668699,-0.261764],[0.448845,0.689597,-0.568325],[0.56055,0.278024,0.780055]],[[0.695932,-0.668699,-0.261764],[-0.480476,-0.162696,-0.861785],[0.533686,0.725515,-0.434519]],[[0.695932,-0.668699,-0.261764],[-0.705477,-0.568584,-0.4231],[0.134091,0.479118,-0.867448]]],"btipPosition":[-25.3647,226.954,-7.69192],"carpPosition":[-7.35705,223.106,38.9132],"dipPosition":[-23.0785,235.123,-22.4818],"direction":[-0.533686,-0.725515,0.434519],"extended":false,"handId":369,"id":3694,"length":49.963,"mcpPosition":[6.85228,258.884,-3.60529],"pipPosition":[-12.7534,249.16,-30.8883],"stabilizedTipPosition":[-30.0326,227.939,-7.40236],"timeVisible":9.71657,"tipPosition":[-24.939,228.84,-11.8327],"tipVelocity":[219.995,39.6838,-153.452],"tool":false,"touchDistance":0.333333,"touchZone":"none","type":4,"width":15.8833}],"r":[[0.950805,-0.126787,0.282658],[0.0564494,0.968046,0.244336],[-0.304605,-0.21636,0.92758]],"s":1.09081,"t":[61.0443,65.3007,-134.798],"timestamp":15573654865},false],[3,{"currentFrameRate":105.486,"devices":[],"gestures":[],"hands":[{"armBasis":[[0.908735,-0.206319,-0.362813],[0.307795,0.918379,0.24868],[0.281893,-0.337656,0.898067]],"armWidth":63.029,"confidence":0.77767,"direction":[0.0495861,0.774451,-0.630687],"elbow":[53.3097,130.04,285.263],"grabStrength":0,"id":369,"palmNormal":[-0.340132,-0.580625,-0.739719],"palmPosition":[-27.8616,260.998,10.3347],"palmVelocity":[167.894,79.8325,-218.014],"palmWidth":90.0033,"pinchStrength":0.472372,"r":[[0.947299,-0.124843,0.295024],[0.0556742,0.971083,0.232161],[-0.315477,-0.2035,0.926856]],"s":1.09777,"sphereCenter":[-41.3338,249.058,-34.3956],"sphereRadius":47.0662,"stabilizedPalmPosition":[-41.8083,256.327,26.0503],"t":[62.3688,66.1048,-136.82],"timeVisible":9.7259,"type":"right","wrist":[-21.9761,220.218,45.4144]}],"id":1193746,"interactionBox":{"center":[0,200,0],"size":[235.247,235.247,147.751]},"pointables":[{"bases":[[[0.691778,0.569367,0.444145],[-0.622997,0.159584,0.765772],[0.365126,-0.806446,0.465111]],[[0.441392,0.879941,0.17572],[-0.651277,0.179453,0.737316],[0.617261,-0.439888,0.652294]],[[0.441392,0.879941,0.17572],[-0.873911,0.377124,0.306687],[0.203598,-0.288932,0.93545]],[[0.441392,0.879941,0.17572],[-0.889873,0.454425,-0.040314],[-0.115325,-0.138574,0.983614]]],"btipPosition":[-86.9331,253.15,-40.2642],"carpPosition":[-52.2583,218.478,46.263],"dipPosition":[-89.6029,249.942,-17.4937],"direction":[-0.203598,0.288932,-0.93545],"extended":false,"handId":369,"id":3690,"length":51.5512,"mcpPosition":[-52.2583,218.478,46.263],"pipPosition":[-82.7363,240.198,14.0551],"stabilizedTipPosition":[-111.158,248.252,-5.67496],"timeVisible":9.7259,"tipPosition":[-86.8975,252.696,-34.9918],"tipVelocity":[181.809,47.241,-262.748],"tool":false,"touchDistance":-0.546221,"touchZone":"hovering","type":0,"width":20.0304},{"bases":[[[0.934064,-0.117599,-0.337188],[0.320231,0.693709,0.645151],[0.158041,-0.71059,0.685628]],[[0.942269,-0.162876,-0.292575],[0.279497,0.863753,0.419299],[0.184419,-0.476867,0.859411]],[[0.942269,-0.162876,-0.292575],[0.251352,0.921329,0.296605],[0.221249,-0.353021,0.909079]],[[0.942269,-0.162876,-0.292575],[0.227891,0.952094,0.203919],[0.245346,-0.258822,0.934247]]],"btipPosition":[-66.4372,320.691,-71.9171],"carpPosition":[-37.663,235.901,52.0229],"dipPosition":[-62.2908,316.317,-56.128],"direction":[-0.221249,0.353021,-0.909079],"extended":true,"handId":369,"id":3691,"length":58.1698,"mcpPosition":[-49.164,287.612,2.12851],"pipPosition":[-57.0011,307.877,-34.3935],"stabilizedTipPosition":[-72.7685,316.94,-60.6176],"timeVisible":9.7259,"tipPosition":[-65.8936,317.299,-68.7708],"tipVelocity":[283.996,106.695,-300.057],"tool":false,"touchDistance":0.0383446,"touchZone":"hovering","type":1,"width":19.133},{"bases":[[[0.878459,-0.329047,-0.346466],[0.476928,0.648072,0.593753],[0.0291618,-0.686827,0.726236]],[[0.877698,-0.315215,-0.360951],[0.102054,0.858884,-0.501899],[0.468222,0.403679,0.78601]],[[0.877698,-0.315215,-0.360951],[-0.449371,-0.279722,-0.848423],[0.16647,0.90686,-0.38716]],[[0.877698,-0.315215,-0.360951],[-0.454641,-0.785825,-0.419263],[-0.151486,0.532089,-0.833026]]],"btipPosition":[-52.1645,228.82,-12.5722],"carpPosition":[-25.9616,236.066,48.647],"dipPosition":[-54.9803,238.71,-28.0567],"direction":[-0.16647,-0.90686,0.38716],"extended":false,"handId":369,"id":3692,"length":66.2798,"mcpPosition":[-27.9741,283.465,-1.47158],"pipPosition":[-50.2978,264.218,-38.9467],"stabilizedTipPosition":[-61.216,229.168,-7.69523],"timeVisible":9.7259,"tipPosition":[-53.0338,230.761,-16.4653],"tipVelocity":[201.025,52.2829,-214.768],"tool":false,"touchDistance":0.333333,"touchZone":"none","type":2,"width":18.7912},{"bases":[[[0.834706,-0.474445,-0.279585],[0.539157,0.600682,0.590331],[-0.112138,-0.643493,0.757193]],[[0.834282,-0.476844,-0.276756],[0.256263,0.779834,-0.571128],[0.488163,0.405559,0.772799]],[[0.834282,-0.476844,-0.276756],[-0.44298,-0.280893,-0.851392],[0.328242,0.832898,-0.445576]],[[0.834282,-0.476844,-0.276756],[-0.551255,-0.730178,-0.403681],[-0.00958874,0.489347,-0.872037]]],"btipPosition":[-38.3814,223.303,-8.34732],"carpPosition":[-14.938,233.222,44.3969],"dipPosition":[-38.5586,232.346,-24.4638],"direction":[-0.328242,-0.832898,0.445576],"extended":false,"handId":369,"id":3693,"length":63.7298,"mcpPosition":[-7.98986,273.093,-2.51933],"pipPosition":[-29.5643,255.169,-36.6733],"stabilizedTipPosition":[-44.2046,224.178,-7.14037],"timeVisible":9.7259,"tipPosition":[-38.5901,225.311,-12.7693],"tipVelocity":[200.313,46.7707,-169.911],"tool":false,"touchDistance":0.333333,"touchZone":"none","type":3,"width":17.881},{"bases":[[[0.715482,-0.638418,-0.28374],[0.650382,0.460349,0.60422],[-0.255126,-0.616848,0.744587]],[[0.70168,-0.668765,-0.245762],[0.452944,0.684955,-0.570682],[0.549988,0.28912,0.783532]],[[0.70168,-0.668765,-0.245762],[-0.469876,-0.175053,-0.865201],[0.535595,0.722572,-0.437067]],[[0.70168,-0.668765,-0.245762],[-0.698188,-0.576622,-0.424313],[0.142054,0.46932,-0.871527]]],"btipPosition":[-23.916,227.471,-9.16665],"carpPosition":[-6.52889,224.184,37.6296],"dipPosition":[-21.494,235.473,-24.0261],"direction":[-0.535595,-0.722572,0.437067],"extended":false,"handId":369,"id":3694,"length":49.963,"mcpPosition":[8.1042,259.564,-5.07726],"pipPosition":[-11.132,249.452,-32.4819],"stabilizedTipPosition":[-27.9496,228.367,-9.01982],"timeVisible":9.7259,"tipPosition":[-23.4537,229.314,-13.3229],"tipVelocity":[202.633,42.9568,-155.253],"tool":false,"touchDistance":0.333333,"touchZone":"none","type":4,"width":15.8833}],"r":[[0.947299,-0.124843,0.295024],[0.0556742,0.971083,0.232161],[-0.315477,-0.2035,0.926856]],"s":1.09777,"t":[62.3688,66.1048,-136.82],"timestamp":15573664193},false],[4,{"currentFrameRate":105.489,"devices":[],"gestures":[],"hands":[{"armBasis":[[0.911838,-0.20492,-0.355753],[0.304231,0.919111,0.250357],[0.275673,-0.336516,0.900423]],"armWidth":63.029,"confidence":0.786469,"direction":[0.0533051,0.772622,-0.632624],"elbow":[52.4424,131.108,284.765],"grabStrength":0,"id":369,"palmNormal":[-0.332852,-0.583547,-0.740731],"palmPosition":[-26.856,261.643,9.03487],"palmVelocity":[150.18,76.4636,-194.836],"palmWidth":90.0033,"pinchStrength":0.467099,"r":[[0.943939,-0.1226,0.306511],[0.0543985,0.973555,0.22188],[-0.325608,-0.192768,0.925646]],"s":1.10404,"sphereCenter":[-40.3763,249.929,-35.5463],"sphereRadius":47.0433,"stabilizedPalmPosition":[-39.9695,256.981,23.9579],"t":[63.5338,66.8295,-138.482],"timeVisible":9.73537,"type":"right","wrist":[-21.1822,220.982,44.2868]}],"id":1193747,"interactionBox":{"center":[0,200,0],"size":[235.247,235.247,147.751]},"pointables":[{"bases":[[[0.686959,0.572082,0.448117],[-0.629637,0.160686,0.76009],[0.362828,-0.804302,0.470589]],[[0.438725,0.88098,0.177184],[-0.656476,0.179568,0.732663],[0.613645,-0.437755,0.657123]],[[0.438725,0.88098,0.177184],[-0.876736,0.376387,0.299443],[0.197114,-0.286717,0.937518]],[[0.438725,0.88098,0.177184],[-0.89127,0.451762,-0.0393449],[-0.114707,-0.140658,0.983391]]],"btipPosition":[-85.7588,253.725,-41.9405],"carpPosition":[-51.4669,219.184,44.8898],"dipPosition":[-88.4143,250.469,-19.1751],"direction":[-0.197114,0.286717,-0.937518],"extended":false,"handId":369,"id":3690,"length":51.5512,"mcpPosition":[-51.4669,219.184,44.8898],"pipPosition":[-81.7664,240.799,12.4435],"stabilizedTipPosition":[-109.053,248.653,-8.30985],"timeVisible":9.73537,"tipPosition":[-85.6952,253.174,-36.6966],"tipVelocity":[165.312,50.7567,-238.17],"tool":false,"touchDistance":-0.545094,"touchZone":"hovering","type":0,"width":20.0304},{"bases":[[[0.937056,-0.11678,-0.329073],[0.313516,0.696303,0.645655],[0.153734,-0.708184,0.689087]],[[0.944703,-0.159869,-0.286317],[0.2755,0.860495,0.428542],[0.177864,-0.483725,0.856956]],[[0.944703,-0.159869,-0.286317],[0.248983,0.917892,0.309],[0.213409,-0.363202,0.906941]],[[0.944703,-0.159869,-0.286317],[0.226776,0.949176,0.21826],[0.236872,-0.271121,0.932944]]],"btipPosition":[-64.8056,322.012,-73.2972],"carpPosition":[-36.954,236.654,50.717],"dipPosition":[-60.8023,317.43,-57.5302],"direction":[-0.213409,0.363202,-0.906941],"extended":true,"handId":369,"id":3691,"length":58.1698,"mcpPosition":[-48.1415,288.19,0.570892],"pipPosition":[-55.7001,308.746,-35.8468],"stabilizedTipPosition":[-70.6217,317.911,-62.8054],"timeVisible":9.73537,"tipPosition":[-64.2447,318.611,-70.1998],"tipVelocity":[250.942,114.62,-255.935],"tool":false,"touchDistance":0.0162092,"touchZone":"hovering","type":1,"width":19.133},{"bases":[[[0.881942,-0.328365,-0.338164],[0.470722,0.650818,0.595698],[0.0244766,-0.684552,0.728553]],[[0.881279,-0.314649,-0.352624],[0.104674,0.857566,-0.50361],[0.460859,0.40691,0.78869]],[[0.881279,-0.314649,-0.352624],[-0.441749,-0.28329,-0.851237],[0.167946,0.905949,-0.388653]],[[0.881279,-0.314649,-0.352624],[-0.449601,-0.78811,-0.420407],[-0.145626,0.529036,-0.836011]]],"btipPosition":[-50.9043,229.357,-13.9717],"carpPosition":[-25.2253,236.832,47.4378],"dipPosition":[-53.6112,239.191,-29.5116],"direction":[-0.167946,-0.905949,0.388653],"extended":false,"handId":369,"id":3692,"length":66.2798,"mcpPosition":[-26.9145,284.074,-2.84073],"pipPosition":[-48.8872,264.673,-40.4437],"stabilizedTipPosition":[-59.3559,229.639,-9.58642],"timeVisible":9.73537,"tipPosition":[-51.7424,231.285,-17.8742],"tipVelocity":[182.277,53.1505,-195.922],"tool":false,"touchDistance":0.333333,"touchZone":"none","type":2,"width":18.7912},{"bases":[[[0.83792,-0.473645,-0.271203],[0.53307,0.603541,0.592937],[-0.117159,-0.641404,0.758205]],[[0.837454,-0.476156,-0.268228],[0.259743,0.778612,-0.571224],[0.480837,0.408704,0.77573]],[[0.837454,-0.476156,-0.268228],[-0.435313,-0.284458,-0.854158],[0.330413,0.832081,-0.445498]],[[0.837454,-0.476156,-0.268228],[-0.546497,-0.732627,-0.405707],[-0.00333095,0.486347,-0.87376]]],"btipPosition":[-37.145,223.887,-9.61887],"carpPosition":[-14.1613,233.996,43.2879],"dipPosition":[-37.2065,232.875,-25.7672],"direction":[-0.330413,-0.832081,0.445498],"extended":false,"handId":369,"id":3693,"length":63.7298,"mcpPosition":[-6.90204,273.738,-3.69105],"pipPosition":[-28.1527,255.675,-37.9745],"stabilizedTipPosition":[-42.3709,224.64,-8.75209],"timeVisible":9.73537,"tipPosition":[-37.3188,225.875,-14.0362],"tipVelocity":[181.096,50.6469,-159.892],"tool":false,"touchDistance":0.333333,"touchZone":"none","type":3,"width":17.881},{"bases":[[[0.719054,-0.637865,-0.275843],[0.644449,0.463472,0.608177],[-0.260089,-0.615079,0.744333]],[[0.704994,-0.668128,-0.237882],[0.456426,0.684152,-0.568869],[0.542825,0.292474,0.787274]],[[0.704994,-0.668128,-0.237882],[-0.462375,-0.178666,-0.868498],[0.537767,0.722276,-0.434884]],[[0.704994,-0.668128,-0.237882],[-0.693556,-0.579402,-0.428105],[0.1482,0.466796,-0.871859]]],"btipPosition":[-22.6775,228.071,-10.3309],"carpPosition":[-5.67874,224.955,36.6182],"dipPosition":[-20.1507,236.03,-25.196],"direction":[-0.537767,-0.722276,0.434884],"extended":false,"handId":369,"id":3694,"length":49.963,"mcpPosition":[9.23904,260.233,-6.07405],"pipPosition":[-9.74667,250.004,-33.6096],"stabilizedTipPosition":[-26.1389,228.842,-10.483],"timeVisible":9.73537,"tipPosition":[-22.1858,229.9,-14.4791],"tipVelocity":[182.74,48.5175,-146.007],"tool":false,"touchDistance":0.333333,"touchZone":"none","type":4,"width":15.8833}],"r":[[0.943939,-0.1226,0.306511],[0.0543985,0.973555,0.22188],[-0.325608,-0.192768,0.925646]],"s":1.10404,"t":[63.5338,66.8295,-138.482],"timestamp":15573673668},false],[5,{"currentFrameRate":105.543,"devices":[],"gestures":[],"hands":[{"armBasis":[[0.914111,-0.201226,-0.352008],[0.299458,0.92036,0.251521],[0.273361,-0.33533,0.90157]],"armWidth":63.029,"confidence":0.792554,"direction":[0.0534574,0.77073,-0.634916],"elbow":[52.6356,132.636,283.772],"grabStrength":0,"id":369,"palmNormal":[-0.32647,-0.587394,-0.74053],"palmPosition":[-26.0268,262.713,7.57063],"palmVelocity":[132.64,87.1606,-183.857],"palmWidth":90.0033,"pinchStrength":0.465884,"r":[[0.940929,-0.119708,0.316736],[0.0524132,0.975639,0.21303],[-0.334522,-0.183845,0.924281]],"s":1.10959,"sphereCenter":[-39.7291,251.219,-36.7828],"sphereRadius":46.9924,"stabilizedPalmPosition":[-38.3922,257.629,22.104],"t":[64.531,67.7266,-140.044],"timeVisible":9.74475,"type":"right","wrist":[-20.3716,222.193,42.9882]}],"id":1193748,"interactionBox":{"center":[0,200,0],"size":[235.247,235.247,147.751]},"pointables":[{"bases":[[[0.682175,0.576437,0.449842],[-0.634341,0.16058,0.756192],[0.363661,-0.801208,0.475201]],[[0.434437,0.883162,0.17689],[-0.6608,0.179065,0.728889],[0.612052,-0.433545,0.661386]],[[0.434437,0.883162,0.17689],[-0.879817,0.374052,0.29327],[0.192839,-0.283038,0.939523]],[[0.434437,0.883162,0.17689],[-0.893119,0.447821,-0.0423708],[-0.116635,-0.139576,0.983318]]],"btipPosition":[-84.6758,254.455,-43.6704],"carpPosition":[-50.6514,220.271,43.4363],"dipPosition":[-87.3759,251.223,-20.9067],"direction":[-0.192839,0.283038,-0.939523],"extended":false,"handId":369,"id":3690,"length":51.5512,"mcpPosition":[-50.6514,220.271,43.4363],"pipPosition":[-80.8723,241.678,10.7795],"stabilizedTipPosition":[-107.175,249.053,-10.6912],"timeVisible":9.74475,"tipPosition":[-84.6385,253.878,-38.4312],"tipVelocity":[150.853,58.6266,-222.941],"tool":false,"touchDistance":-0.544872,"touchZone":"hovering","type":0,"width":20.0304},{"bases":[[[0.939273,-0.113956,-0.323697],[0.307171,0.699752,0.644976],[0.153008,-0.705239,0.692262]],[[0.946586,-0.154807,-0.282859],[0.270934,0.857493,0.437378],[0.174841,-0.490652,0.853634]],[[0.946586,-0.154807,-0.282859],[0.245417,0.914877,0.32058],[0.209153,-0.372875,0.904002]],[[0.946586,-0.154807,-0.282859],[0.223991,0.946707,0.23146],[0.231953,-0.282455,0.930815]]],"btipPosition":[-63.728,323.681,-74.7159],"carpPosition":[-36.2425,237.82,49.282],"dipPosition":[-59.8079,318.907,-58.9848],"direction":[-0.209153,0.372875,-0.904002],"extended":true,"handId":369,"id":3691,"length":58.1698,"mcpPosition":[-47.3772,289.142,-1.09517],"pipPosition":[-54.8074,309.993,-37.3716],"stabilizedTipPosition":[-70.6217,317.911,-62.8054],"timeVisible":9.74475,"tipPosition":[-63.1402,320.266,-71.6689],"tipVelocity":[211.717,131.318,-226.459],"tool":false,"touchDistance":-0.0575726,"touchZone":"hovering","type":1,"width":19.133},{"bases":[[[0.88509,-0.325798,-0.332372],[0.464829,0.654759,0.596008],[0.0234449,-0.682016,0.730961]],[[0.88445,-0.312191,-0.346822],[0.103899,0.856332,-0.505866],[0.454921,0.411378,0.789819]],[[0.88445,-0.312191,-0.346822],[-0.436006,-0.288046,-0.852601],[0.166273,0.905299,-0.390879]],[[0.88445,-0.312191,-0.346822],[-0.444059,-0.791475,-0.419976],[-0.143388,0.525457,-0.838651]]],"btipPosition":[-49.8166,230.258,-15.4533],"carpPosition":[-24.4974,238.036,46.0645],"dipPosition":[-52.4819,240.025,-31.0423],"direction":[-0.166273,-0.905299,0.390879],"extended":false,"handId":369,"id":3692,"length":66.2798,"mcpPosition":[-26.1154,285.103,-4.38017],"pipPosition":[-47.805,265.49,-42.0369],"stabilizedTipPosition":[-57.7723,230.147,-11.2633],"timeVisible":9.74475,"tipPosition":[-50.6396,232.171,-19.3636],"tipVelocity":[163.741,64.9063,-185.502],"tool":false,"touchDistance":0.333333,"touchZone":"none","type":2,"width":18.7912},{"bases":[[[0.841317,-0.471037,-0.265159],[0.527387,0.607734,0.593736],[-0.118525,-0.639362,0.759716]],[[0.840808,-0.473737,-0.261944],[0.259613,0.777494,-0.572804],[0.475018,0.413615,0.776711]],[[0.840808,-0.473737,-0.261944],[-0.429732,-0.289857,-0.855168],[0.329198,0.831599,-0.447294]],[[0.840808,-0.473737,-0.261944],[-0.541332,-0.73665,-0.405346],[-0.000933782,0.482618,-0.875831]]],"btipPosition":[-36.0526,224.862,-10.9732],"carpPosition":[-13.3997,235.233,41.983],"dipPosition":[-36.0699,233.782,-27.1598],"direction":[-0.329198,-0.831599,0.447294],"extended":false,"handId":369,"id":3693,"length":63.7298,"mcpPosition":[-6.05583,274.849,-5.08953],"pipPosition":[-27.0493,256.569,-39.4164],"stabilizedTipPosition":[-40.839,225.192,-10.1942],"timeVisible":9.74475,"tipPosition":[-36.2101,226.832,-15.3949],"tipVelocity":[163.056,65.3512,-155.778],"tool":false,"touchDistance":0.333333,"touchZone":"none","type":3,"width":17.881},{"bases":[[[0.723163,-0.635767,-0.269881],[0.639265,0.468183,0.610037],[-0.261488,-0.613682,0.744996]],[[0.708839,-0.666329,-0.231417],[0.457783,0.684171,-0.567754],[0.536639,0.296508,0.790001]],[[0.708839,-0.666329,-0.231417],[-0.456402,-0.183115,-0.870727],[0.537815,0.722824,-0.433913]],[[0.708839,-0.666329,-0.231417],[-0.688956,-0.583659,-0.429746],[0.151283,0.464057,-0.872791]]],"btipPosition":[-21.5999,229.137,-11.6966],"carpPosition":[-4.8442,226.205,35.3888],"dipPosition":[-19.0205,237.049,-26.5776],"direction":[-0.537815,-0.722825,0.433913],"extended":false,"handId":369,"id":3694,"length":49.963,"mcpPosition":[10.1538,261.404,-7.3415],"pipPosition":[-8.61559,251.033,-34.9724],"stabilizedTipPosition":[-24.6529,229.454,-11.8254],"timeVisible":9.74475,"tipPosition":[-21.0918,230.936,-15.8103],"tipVelocity":[163.842,66.6995,-146.028],"tool":false,"touchDistance":0.333333,"touchZone":"none","type":4,"width":15.8833}],"r":[[0.940929,-0.119708,0.316736],[0.0524132,0.975639,0.21303],[-0.334522,-0.183845,0.924281]],"s":1.10959,"t":[64.531,67.7266,-140.044],"timestamp":15573683042},false],[6,{"currentFrameRate":105.509,"devices":[],"gestures":[],"hands":[{"armBasis":[[0.913797,-0.197606,-0.354863],[0.297146,0.920874,0.252381],[0.276912,-0.336071,0.900209]],"armWidth":63.029,"confidence":0.796391,"direction":[0.0528399,0.769147,-0.636884],"elbow":[54.2899,133.456,282.476],"grabStrength":0,"id":369,"palmNormal":[-0.323597,-0.590172,-0.739582],"palmPosition":[-25.3491,263.621,6.51756],"palmVelocity":[114.87,89.4734,-162.661],"palmWidth":90.0033,"pinchStrength":0.46537,"r":[[0.938381,-0.116691,0.325305],[0.0503298,0.97738,0.205416],[-0.341917,-0.176386,0.923028]],"s":1.11447,"sphereCenter":[-39.3815,252.391,-37.578],"sphereRadius":46.9413,"stabilizedPalmPosition":[-36.9806,258.278,20.4172],"t":[65.3684,68.6292,-141.352],"timeVisible":9.75429,"type":"right","wrist":[-19.6654,223.211,42.0551]}],"id":1193749,"interactionBox":{"center":[0,200,0],"size":[235.247,235.247,147.751]},"pointables":[{"bases":[[[0.679897,0.579294,0.44962],[-0.636208,0.161076,0.754515],[0.364663,-0.799045,0.478067]],[[0.432288,0.884455,0.17569],[-0.662598,0.179406,0.727171],[0.611629,-0.430759,0.663593]],[[0.432288,0.884455,0.17569],[-0.881282,0.373125,0.290034],[0.190968,-0.280211,0.940751]],[[0.432288,0.884455,0.17569],[-0.894139,0.445669,-0.0435295],[-0.116799,-0.138274,0.983483]]],"btipPosition":[-83.878,255.137,-44.8117],"carpPosition":[-49.9413,221.216,42.4492],"dipPosition":[-86.5818,251.936,-22.0443],"direction":[-0.190968,0.280211,-0.940751],"extended":false,"handId":369,"id":3690,"length":51.5512,"mcpPosition":[-49.9413,221.216,42.4492],"pipPosition":[-80.1413,242.485,9.68341],"stabilizedTipPosition":[-105.427,249.465,-12.9177],"timeVisible":9.75429,"tipPosition":[-83.8657,254.545,-39.572],"tipVelocity":[131.435,62.5486,-193.113],"tool":false,"touchDistance":-0.535825,"touchZone":"hovering","type":0,"width":20.0304},{"bases":[[[0.940179,-0.112551,-0.321552],[0.304214,0.702225,0.643688],[0.153354,-0.703002,0.694457]],[[0.947248,-0.151442,-0.282466],[0.269406,0.85364,0.445778],[0.173614,-0.498361,0.849408]],[[0.947248,-0.151442,-0.282466],[0.24451,0.911257,0.331399],[0.207211,-0.382983,0.900215]],[[0.947248,-0.151442,-0.282466],[0.223541,0.943747,0.243662],[0.229675,-0.293951,0.927816]]],"btipPosition":[-62.9599,325.277,-75.561],"carpPosition":[-35.5864,238.816,48.2758],"dipPosition":[-59.0783,320.31,-59.8806],"direction":[-0.207211,0.382983,-0.900215],"extended":true,"handId":369,"id":3691,"length":58.1698,"mcpPosition":[-46.7462,289.975,-2.26111],"pipPosition":[-54.1242,311.153,-38.358],"stabilizedTipPosition":[-68.6086,319.375,-64.9584],"timeVisible":9.75429,"tipPosition":[-62.3518,321.852,-72.562],"tipVelocity":[173.6,140.353,-187.041],"tool":false,"touchDistance":-0.0764773,"touchZone":"hovering","type":1,"width":19.133},{"bases":[[[0.886525,-0.324547,-0.329762],[0.462076,0.657483,0.595149],[0.0236593,-0.67999,0.73284]],[[0.885885,-0.311059,-0.344166],[0.102896,0.855162,-0.508046],[0.45235,0.414657,0.789582]],[[0.885885,-0.311059,-0.344166],[-0.433644,-0.291701,-0.852563],[0.164804,0.904518,-0.393302]],[[0.885885,-0.311059,-0.344166],[-0.441282,-0.793892,-0.418338],[-0.143103,0.522473,-0.840561]]],"btipPosition":[-49.0109,231.055,-16.4517],"carpPosition":[-23.8355,239.052,45.0807],"dipPosition":[-51.6709,240.767,-32.0763],"direction":[-0.164804,-0.904518,0.393302],"extended":false,"handId":369,"id":3692,"length":66.2798,"mcpPosition":[-25.4683,285.979,-5.49365],"pipPosition":[-47.0353,266.209,-43.1391],"stabilizedTipPosition":[-56.4059,230.674,-12.7358],"timeVisible":9.75429,"tipPosition":[-49.8292,232.956,-20.3691],"tipVelocity":[140.906,69.8854,-162.428],"tool":false,"touchDistance":0.333333,"touchZone":"none","type":2,"width":18.7912},{"bases":[[[0.842971,-0.46971,-0.262245],[0.524752,0.610603,0.593126],[-0.118469,-0.637602,0.761202]],[[0.84242,-0.472622,-0.25876],[0.259606,0.776833,-0.573703],[0.472158,0.416123,0.777116]],[[0.84242,-0.472622,-0.25876],[-0.42707,-0.292851,-0.855482],[0.328541,0.831184,-0.448546]],[[0.84242,-0.472622,-0.25876],[-0.538821,-0.739061,-0.404303],[-0.000157028,0.480018,-0.877259]]],"btipPosition":[-35.2494,225.733,-11.977],"carpPosition":[-12.7231,236.265,41.0284],"dipPosition":[-35.2523,234.605,-28.19],"direction":[-0.328541,-0.831184,0.448546],"extended":false,"handId":369,"id":3693,"length":63.7298,"mcpPosition":[-5.38267,275.771,-6.13619],"pipPosition":[-26.2497,257.38,-40.4809],"stabilizedTipPosition":[-39.55,225.787,-11.4654],"timeVisible":9.75429,"tipPosition":[-35.3965,227.678,-16.3701],"tipVelocity":[140.407,72.4953,-141.376],"tool":false,"touchDistance":0.333333,"touchZone":"none","type":3,"width":17.881},{"bases":[[[0.725224,-0.634738,-0.266754],[0.636935,0.471368,0.610022],[-0.261465,-0.612308,0.746134]],[[0.710672,-0.66567,-0.227658],[0.458555,0.683705,-0.567693],[0.533547,0.29905,0.791136]],[[0.710672,-0.66567,-0.227658],[-0.453555,-0.18614,-0.871573],[0.537804,0.722658,-0.434203]],[[0.710672,-0.66567,-0.227658],[-0.686813,-0.586352,-0.429511],[0.152425,0.4616,-0.873895]]],"btipPosition":[-20.801,230.049,-12.6907],"carpPosition":[-4.13289,227.24,34.4753],"dipPosition":[-18.2022,237.919,-27.5905],"direction":[-0.537804,-0.722658,0.434203],"extended":false,"handId":369,"id":3694,"length":49.963,"mcpPosition":[10.8638,262.359,-8.32026],"pipPosition":[-7.79745,251.9,-35.9909],"stabilizedTipPosition":[-23.427,230.117,-13.0079],"timeVisible":9.75429,"tipPosition":[-20.2853,231.821,-16.7685],"tipVelocity":[140.87,74.7351,-134.09],"tool":false,"touchDistance":0.333333,"touchZone":"none","type":4,"width":15.8833}],"r":[[0.938381,-0.116691,0.325305],[0.0503298,0.97738,0.205416],[-0.341917,-