{"sensorType":"Leap","data":[[0,{"currentFrameRate":96.7815,"devices":[],"gestures":[],"hands":[{"armBasis":[[0.917041,-0.136501,-0.374704],[0.260187,0.91686,0.302772],[0.302222,-0.375147,0.876314]],"armWidth":63.029,"confidence":0.679975,"direction":[-0.0117443,0.737228,-0.675542],"elbow":[53.6594,108.367,288.49],"grabStrength":0,"id":369,"palmNormal":[-0.300706,-0.64692,-0.700764],"palmPosition":[-36.1585,246.642,17.1013],"palmVelocity":[145.369,-18.867,-91.5267],"palmWidth":90.0033,"pinchStrength":0.627174,"r":[[0.947023,-0.0191419,0.320596],[-0.0284847,0.989282,0.14321],[-0.319901,-0.144755,0.936328]],"s":0.93887,"sphereCenter":[-47.8039,230.511,-27.9472],"sphereRadius":47.1189,"stabilizedPalmPosition":[-39.4624,256.407,18.3008],"t":[52.6173,52.5313,-130.218],"timeVisible":6.77318,"type":"right","wrist":[-27.0557,208.559,54.4506]}],"id":1193437,"interactionBox":{"center":[0,200,0],"size":[235.247,235.247,147.751]},"pointables":[{"bases":[[[0.650412,0.644049,0.402698],[-0.628424,0.15846,0.76156],[0.42667,-0.748393,0.5078]],[[0.415134,0.896273,0.156071],[-0.677167,0.189855,0.710915],[0.607543,-0.400811,0.685742]],[[0.415134,0.896273,0.156071],[-0.880663,0.352858,0.316108],[0.228249,-0.268673,0.935798]],[[0.415134,0.896273,0.156071],[-0.894014,0.43368,-0.112519],[-0.168532,-0.092819,0.981316]]],"btipPosition":[-90.9148,235.649,-32.4206],"carpPosition":[-57.1201,204.648,55.7167],"dipPosition":[-94.8162,233.5,-9.7033],"direction":[-0.228249,0.268673,-0.935798],"extended":false,"handId":369,"id":3690,"length":51.5512,"mcpPosition":[-57.1201,204.648,55.7167],"pipPosition":[-87.1184,224.439,21.8573],"stabilizedTipPosition":[-94.4902,235.475,-24.5447],"timeVisible":6.77318,"tipPosition":[-91.7934,234.329,-26.6817],"tipVelocity":[146.041,44.9743,-125.157],"tool":false,"touchDistance":-0.323403,"touchZone":"touching","type":0,"width":20.0304},{"bases":[[[0.938135,-0.0683604,-0.339456],[0.271909,0.752425,0.599935],[0.214404,-0.655121,0.724464]],[[0.948636,-0.104808,-0.298504],[0.243657,0.843862,0.478046],[0.201793,-0.526225,0.826055]],[[0.948636,-0.104808,-0.298504],[0.162557,0.97093,0.175697],[0.271412,-0.215196,0.938097]],[[0.948636,-0.104808,-0.298504],[0.0889447,0.993829,-0.0662814],[0.303608,0.0363267,0.952104]]],"btipPosition":[-79.6184,297.977,-66.0533],"carpPosition":[-43.8203,223.409,60.2909],"dipPosition":[-74.4873,298.591,-49.9624],"direction":[-0.271412,0.215196,-0.938097],"extended":true,"handId":369,"id":3691,"length":58.1698,"mcpPosition":[-59.4228,271.083,7.57038],"pipPosition":[-67.9983,293.446,-27.5341],"stabilizedTipPosition":[-83.55,266.211,-25.67],"timeVisible":6.77318,"tipPosition":[-77.7085,300.663,-61.5898],"tipVelocity":[218.024,419.153,-228.537],"tool":false,"touchDistance":-0.490669,"touchZone":"hovering","type":1,"width":19.133},{"bases":[[[0.898285,-0.283503,-0.335725],[0.431239,0.71547,0.549668],[0.0843683,-0.638536,0.764953]],[[0.895453,-0.264823,-0.357817],[0.0756304,0.88262,-0.463964],[0.438685,0.388396,0.810373]],[[0.895453,-0.264823,-0.357817],[-0.416111,-0.212351,-0.884171],[0.158166,0.940625,-0.300346]],[[0.895453,-0.264823,-0.357817],[-0.422993,-0.756648,-0.498558],[-0.138712,0.597789,-0.789561]]],"btipPosition":[-60.7924,212.213,-11.5136],"carpPosition":[-32.184,224.234,56.789],"dipPosition":[-63.3708,223.324,-26.1902],"direction":[-0.158166,-0.940625,0.300346],"extended":false,"handId":369,"id":3692,"length":66.2798,"mcpPosition":[-38.0064,268.3,3.99844],"pipPosition":[-58.9219,249.782,-34.6383],"stabilizedTipPosition":[-67.3808,225.185,-5.02098],"timeVisible":6.77318,"tipPosition":[-61.2506,215.433,-14.2357],"tipVelocity":[136.283,-9.75841,-145.065],"tool":false,"touchDistance":0.333333,"touchZone":"none","type":2,"width":18.7912},{"bases":[[[0.865828,-0.427502,-0.259971],[0.496785,0.672667,0.548383],[-0.0595608,-0.603954,0.79479]],[[0.867355,-0.406662,-0.286917],[0.218454,0.829073,-0.514699],[0.447184,0.383749,0.807938]],[[0.867355,-0.406662,-0.286917],[-0.387869,-0.191093,-0.901688],[0.311854,0.89337,-0.323478]],[[0.867355,-0.406662,-0.286917],[-0.497681,-0.705258,-0.504901],[0.00297356,0.580721,-0.814097]]],"btipPosition":[-45.6794,207.21,-8.44514],"carpPosition":[-21.0062,221.961,52.5981],"dipPosition":[-45.6244,217.943,-23.4908],"direction":[-0.311854,-0.89337,0.323478],"extended":false,"handId":369,"id":3693,"length":63.7298,"mcpPosition":[-17.3158,259.383,3.3523],"pipPosition":[-37.0791,242.423,-32.3546],"stabilizedTipPosition":[-44.2673,229.025,-12.7024],"timeVisible":6.77318,"tipPosition":[-45.2269,210.237,-10.4909],"tipVelocity":[129.88,-22.5908,-133.897],"tool":false,"touchDistance":0.333333,"touchZone":"none","type":3,"width":17.881},{"bases":[[[0.75905,-0.599758,-0.253246],[0.618178,0.541968,0.569321],[-0.204203,-0.588694,0.782138]],[[0.757381,-0.604479,-0.246941],[0.407625,0.733128,-0.544394],[0.510113,0.311654,0.801658]],[[0.757381,-0.604479,-0.246941],[-0.401434,-0.132771,-0.906213],[0.515,0.785479,-0.343216]],[[0.757381,-0.604479,-0.246941],[-0.631201,-0.580913,-0.513931],[0.167209,0.545111,-0.82152]]],"btipPosition":[-30.936,211.556,-5.96703],"carpPosition":[-11.9923,213.181,46.2853],"dipPosition":[-28.0851,220.85,-19.9738],"direction":[-0.515,-0.785479,0.343216],"extended":false,"handId":369,"id":3694,"length":49.963,"mcpPosition":[-0.279965,246.947,1.42466],"pipPosition":[-18.1216,236.046,-26.614],"stabilizedTipPosition":[-29.5003,230.952,-13.2491],"timeVisible":6.77318,"tipPosition":[-30.2043,214.665,-8.29699],"tipVelocity":[141.942,-44.321,-117.463],"tool":false,"touchDistance":0.333333,"touchZone":"none","type":4,"width":15.8833}],"r":[[0.947023,-0.0191419,0.320596],[-0.0284847,0.989282,0.14321],[-0.319901,-0.144755,0.936328]],"s":0.93887,"t":[52.6173,52.5313,-130.218],"timestamp":15570711476},false],[1,{"currentFrameRate":97.1763,"devices":[],"gestures":[],"hands":[{"armBasis":[[0.91947,-0.138066,-0.36812],[0.257014,0.919624,0.297046],[0.29752,-0.367737,0.881051]],"armWidth":63.029,"confidence":0.690602,"direction":[-0.00134468,0.744432,-0.667697],"elbow":[52.7944,110.739,288.325],"grabStrength":0,"id":369,"palmNormal":[-0.294812,-0.638317,-0.711081],"palmPosition":[-35.2015,247.464,15.9783],"palmVelocity":[132.557,11.423,-99.2043],"palmWidth":90.0033,"pinchStrength":0.624186,"r":[[0.945066,-0.0230146,0.326069],[-0.0248385,0.989578,0.141837],[-0.325935,-0.142145,0.934645]],"s":0.974139,"sphereCenter":[-46.5428,232.036,-29.2998],"sphereRadius":47.1465,"stabilizedPalmPosition":[-38.6414,254.684,17.8533],"t":[54.4854,52.9533,-131.709],"timeVisible":6.78268,"type":"right","wrist":[-26.6649,208.952,53.0203]}],"id":1193438,"interactionBox":{"center":[0,200,0],"size":[235.247,235.247,147.751]},"pointables":[{"bases":[[[0.647938,0.637366,0.417063],[-0.636656,0.152589,0.755901],[0.418146,-0.755302,0.504651]],[[0.415946,0.89336,0.169992],[-0.684039,0.184183,0.705809],[0.599232,-0.409859,0.687703]],[[0.415946,0.89336,0.169992],[-0.882732,0.351707,0.311587],[0.218572,-0.27966,0.934888]],[[0.415946,0.89336,0.169992],[-0.891852,0.437268,-0.115745],[-0.177734,-0.103464,0.978625]]],"btipPosition":[-89.6003,237.201,-34.2443],"carpPosition":[-56.7554,205.137,53.8969],"dipPosition":[-93.7148,234.806,-11.5893],"direction":[-0.218572,0.27966,-0.934888],"extended":false,"handId":369,"id":3690,"length":51.5512,"mcpPosition":[-56.7554,205.137,53.8969],"pipPosition":[-86.3433,225.374,19.9406],"stabilizedTipPosition":[-93.2866,235.833,-25.9148],"timeVisible":6.78268,"tipPosition":[-90.4731,235.857,-28.5684],"tipVelocity":[142.365,77.2924,-144.804],"tool":false,"touchDistance":-0.346966,"touchZone":"touching","type":0,"width":20.0304},{"bases":[[[0.941763,-0.0681167,-0.329306],[0.267554,0.744996,0.611061],[0.203708,-0.663582,0.719835]],[[0.95167,-0.105071,-0.288589],[0.241951,0.835255,0.493771],[0.189164,-0.539731,0.820309]],[[0.95167,-0.105071,-0.288589],[0.167799,0.964895,0.202041],[0.257229,-0.240702,0.935893]],[[0.95167,-0.105071,-0.288589],[0.0995531,0.994459,-0.0337757],[0.290539,0.00341341,0.956857]]],"btipPosition":[-77.3674,300.723,-66.9656],"carpPosition":[-43.4443,223.799,58.8252],"dipPosition":[-72.4572,300.781,-50.7944],"direction":[-0.257229,0.240702,-0.935893],"extended":true,"handId":369,"id":3691,"length":58.1698,"mcpPosition":[-58.2685,272.089,6.44153],"pipPosition":[-66.3073,295.026,-28.4188],"stabilizedTipPosition":[-82.2496,272.352,-32.3529],"timeVisible":6.78268,"tipPosition":[-75.6477,302.66,-62.5913],"tipVelocity":[221.946,377.929,-189.914],"tool":false,"touchDistance":-0.483343,"touchZone":"hovering","type":1,"width":19.133},{"bases":[[[0.901124,-0.283142,-0.328339],[0.427326,0.708005,0.562247],[0.0732705,-0.646962,0.758994]],[[0.89859,-0.264062,-0.35044],[0.0838411,0.887262,-0.453582],[0.430706,0.378202,0.819424]],[[0.89859,-0.264062,-0.35044],[-0.406672,-0.201252,-0.891132],[0.164787,0.943276,-0.28823]],[[0.89859,-0.264062,-0.35044],[-0.419812,-0.749717,-0.511549],[-0.12765,0.606791,-0.784544]]],"btipPosition":[-59.6193,213.424,-13.29],"carpPosition":[-31.7654,224.62,55.467],"dipPosition":[-61.9921,224.703,-27.8732],"direction":[-0.164787,-0.943276,0.28823],"extended":false,"handId":369,"id":3692,"length":66.2798,"mcpPosition":[-36.8219,269.267,3.08769],"pipPosition":[-57.357,251.235,-35.9806],"stabilizedTipPosition":[-66.6954,224.314,-6.125],"timeVisible":6.78268,"tipPosition":[-60.0375,216.67,-15.9882],"tipVelocity":[134.048,30.8544,-156.478],"tool":false,"touchDistance":0.333333,"touchZone":"none","type":2,"width":18.7912},{"bases":[[[0.867289,-0.427823,-0.254513],[0.492733,0.664982,0.56126],[-0.0708736,-0.612182,0.787534]],[[0.86921,-0.406568,-0.281382],[0.226678,0.83343,-0.503996],[0.439421,0.374296,0.816586]],[[0.86921,-0.406568,-0.281382],[-0.378163,-0.180018,-0.908068],[0.318538,0.89571,-0.310222]],[[0.86921,-0.406568,-0.281382],[-0.494222,-0.697428,-0.518979],[0.0147568,0.590167,-0.807146]]],"btipPosition":[-44.5777,208.289,-10.0861],"carpPosition":[-20.5477,222.351,51.3814],"dipPosition":[-44.305,219.197,-25.0033],"direction":[-0.318538,-0.89571,0.310222],"extended":false,"handId":369,"id":3693,"length":63.7298,"mcpPosition":[-16.1563,260.283,2.58521],"pipPosition":[-35.5765,243.74,-33.5039],"stabilizedTipPosition":[-44.28,228.088,-12.7443],"timeVisible":6.78268,"tipPosition":[-44.0941,211.346,-12.1304],"tipVelocity":[127.407,17.7604,-144.178],"tool":false,"touchDistance":0.333333,"touchZone":"none","type":3,"width":17.881},{"bases":[[[0.759842,-0.599755,-0.250868],[0.61342,0.53363,0.582199],[-0.215306,-0.596266,0.773376]],[[0.758501,-0.603416,-0.246099],[0.415025,0.738445,-0.531464],[0.502425,0.300979,0.810544]],[[0.758501,-0.603416,-0.246099],[-0.391695,-0.120334,-0.912192],[0.520818,0.788295,-0.327628]],[[0.758501,-0.603416,-0.246099],[-0.626824,-0.572269,-0.528772],[0.178234,0.555335,-0.812303]]],"btipPosition":[-29.8304,212.56,-7.43973],"carpPosition":[-11.4919,213.607,45.0795],"dipPosition":[-26.7915,222.029,-21.2894],"direction":[-0.520818,-0.788295,0.327628],"extended":false,"handId":369,"id":3694,"length":49.963,"mcpPosition":[0.85729,247.806,0.721459],"pipPosition":[-16.7154,237.279,-27.6279],"stabilizedTipPosition":[-29.4655,229.425,-13.0021],"timeVisible":6.78268,"tipPosition":[-29.0648,215.692,-9.73218],"tipVelocity":[135.917,0.0162613,-127.175],"tool":false,"touchDistance":0.333333,"touchZone":"none","type":4,"width":15.8833}],"r":[[0.945066,-0.0230146,0.326069],[-0.0248385,0.989578,0.141837],[-0.325935,-0.142145,0.934645]],"s":0.974139,"t":[54.4854,52.9533,-131.709],"timestamp":15570720973},false],[2,{"currentFrameRate":97.5719,"devices":[],"gestures":[],"hands":[{"armBasis":[[0.922928,-0.125244,-0.364031],[0.247297,0.917577,0.311283],[0.29504,-0.377315,0.87783]],"armWidth":63.029,"confidence":0.706011,"direction":[0.00940213,0.749333,-0.662127],"elbow":[52.7207,109.332,285.778],"grabStrength":0,"id":369,"palmNormal":[-0.277368,-0.634219,-0.721688],"palmPosition":[-34.0032,248.853,14.4056],"palmVelocity":[130.883,50.2048,-118.416],"palmWidth":90.0033,"pinchStrength":0.616565,"r":[[0.942105,-0.0258206,0.334322],[-0.0233032,0.989579,0.142095],[-0.334507,-0.141659,0.931685]],"s":1.00049,"sphereCenter":[-44.4483,233.829,-31.1822],"sphereRadius":47.2113,"stabilizedPalmPosition":[-37.7314,253.54,17.1768],"t":[56.0185,53.8588,-133.24],"timeVisible":6.79213,"type":"right","wrist":[-26.0762,210.102,51.3344]}],"id":1193439,"interactionBox":{"center":[0,200,0],"size":[235.247,235.247,147.751]},"pointables":[{"bases":[[[0.63651,0.63685,0.43506],[-0.652806,0.144457,0.743624],[0.410729,-0.757334,0.507688]],[[0.407604,0.894414,0.184074],[-0.698041,0.175225,0.694287],[0.588725,-0.411485,0.69576]],[[0.407604,0.894414,0.184074],[-0.889916,0.343883,0.299657],[0.204718,-0.285952,0.936121]],[[0.407604,0.894414,0.184074],[-0.893496,0.432246,-0.12177],[-0.188478,-0.114836,0.97534]]],"btipPosition":[-87.7725,238.781,-36.9459],"carpPosition":[-56.1624,206.161,51.5586],"dipPosition":[-92.1357,236.123,-14.3669],"direction":[-0.204718,0.285952,-0.936121],"extended":false,"handId":369,"id":3690,"length":51.5512,"mcpPosition":[-56.1624,206.161,51.5586],"pipPosition":[-85.2314,226.479,17.2046],"stabilizedTipPosition":[-92.0172,236.491,-27.5578],"timeVisible":6.79213,"tipPosition":[-88.5653,237.436,-31.356],"tipVelocity":[155.21,101.165,-185.666],"tool":false,"touchDistance":-0.38139,"touchZone":"touching","type":0,"width":20.0304},{"bases":[[[0.948658,-0.0619202,-0.310184],[0.251746,0.741524,0.621906],[0.1915,-0.668063,0.719041]],[[0.957872,-0.0991309,-0.269546],[0.228717,0.830932,0.507189],[0.173696,-0.547472,0.818599]],[[0.957872,-0.0991309,-0.269546],[0.162238,0.961216,0.223032],[0.236983,-0.257366,0.936804]],[[0.957872,-0.0991309,-0.269546],[0.100625,0.99489,-0.00830543],[0.268992,-0.0191675,0.962952]]],"btipPosition":[-74.5629,303.198,-68.8868],"carpPosition":[-43.0337,224.84,56.8982],"dipPosition":[-70.0169,302.875,-52.6127],"direction":[-0.236983,0.257366,-0.936804],"extended":true,"handId":369,"id":3691,"length":58.1698,"mcpPosition":[-56.9695,273.456,4.57233],"pipPosition":[-64.351,296.721,-30.2153],"stabilizedTipPosition":[-80.4152,278.816,-39.2412],"timeVisible":6.79213,"tipPosition":[-73.0466,304.611,-64.576],"tipVelocity":[240.77,342.011,-192.99],"tool":false,"touchDistance":-0.491806,"touchZone":"hovering","type":1,"width":19.133},{"bases":[[[0.908899,-0.277107,-0.311632],[0.412647,0.705533,0.576147],[0.060212,-0.652254,0.755606]],[[0.906706,-0.257586,-0.333967],[0.08919,0.89103,-0.445096],[0.412225,0.373785,0.830876]],[[0.906706,-0.257586,-0.333967],[-0.387417,-0.195677,-0.900899],[0.166709,0.946235,-0.277215]],[[0.906706,-0.257586,-0.333967],[-0.406039,-0.747308,-0.525988],[-0.114089,0.61252,-0.782178]]],"btipPosition":[-57.669,214.922,-15.6338],"carpPosition":[-31.2912,225.731,53.7891],"dipPosition":[-59.7897,226.307,-30.1731],"direction":[-0.166709,-0.946235,0.277215],"extended":false,"handId":369,"id":3692,"length":66.2798,"mcpPosition":[-35.4466,270.744,1.64367],"pipPosition":[-55.1005,252.923,-37.9706],"stabilizedTipPosition":[-65.9345,223.71,-7.27036],"timeVisible":6.79213,"tipPosition":[-58.0473,218.178,-18.3206],"tipVelocity":[156.47,68.1105,-182.33],"tool":false,"touchDistance":0.333333,"touchZone":"none","type":2,"width":18.7912},{"bases":[[[0.874143,-0.422464,-0.239581],[0.478238,0.66278,0.576204],[-0.0846353,-0.618261,0.781402]],[[0.876538,-0.400935,-0.266333],[0.231522,0.836301,-0.496989],[0.421994,0.373967,0.825875]],[[0.876538,-0.400935,-0.266333],[-0.359206,-0.17656,-0.916405],[0.320395,0.898931,-0.29878]],[[0.876538,-0.400935,-0.266333],[-0.480417,-0.694609,-0.53546],[0.0296878,0.597302,-0.801467]]],"btipPosition":[-42.716,209.647,-11.9959],"carpPosition":[-19.982,223.538,49.9207],"dipPosition":[-42.1673,220.686,-26.8081],"direction":[-0.320395,-0.898931,0.29878],"extended":false,"handId":369,"id":3693,"length":63.7298,"mcpPosition":[-14.7379,261.846,1.50444],"pipPosition":[-33.388,245.319,-34.9952],"stabilizedTipPosition":[-44.1933,227.272,-12.8807],"timeVisible":6.79213,"tipPosition":[-42.211,212.758,-14.1496],"tipVelocity":[149.214,54.7055,-159.986],"tool":false,"touchDistance":0.333333,"touchZone":"none","type":3,"width":17.881},{"bases":[[[0.767356,-0.594845,-0.239423],[0.599009,0.53176,0.598682],[-0.228808,-0.602819,0.764367]],[[0.766612,-0.596794,-0.236947],[0.420895,0.74572,-0.516478],[0.484927,0.296208,0.822865]],[[0.766612,-0.596794,-0.236947],[-0.37245,-0.112689,-0.921185],[0.523056,0.794442,-0.308665]],[[0.766612,-0.596794,-0.236947],[-0.61263,-0.569266,-0.548289],[0.19233,0.565485,-0.80202]]],"btipPosition":[-27.9971,214.081,-9.23133],"carpPosition":[-10.7614,214.877,43.7444],"dipPosition":[-24.7179,223.722,-22.9057],"direction":[-0.523056,-0.794442,0.308665],"extended":false,"handId":369,"id":3694,"length":49.963,"mcpPosition":[2.36222,249.452,-0.0969871],"pipPosition":[-14.5985,239.092,-28.8773],"stabilizedTipPosition":[-29.2603,228.213,-12.9443],"timeVisible":6.79213,"tipPosition":[-27.2024,217.227,-11.4868],"tipVelocity":[154.179,47.2525,-143.783],"tool":false,"touchDistance":0.333333,"touchZone":"none","type":4,"width":15.8833}],"r":[[0.942105,-0.0258206,0.334322],[-0.0233032,0.989579,0.142095],[-0.334507,-0.141659,0.931685]],"s":1.00049,"t":[56.0185,53.8588,-133.24],"timestamp":15570730430},false],[3,{"currentFrameRate":97.9201,"devices":[],"gestures":[],"hands":[{"armBasis":[[0.92353,-0.125513,-0.362406],[0.247139,0.917348,0.312082],[0.293282,-0.377782,0.878218]],"armWidth":63.029,"confidence":0.722963,"direction":[0.0193236,0.749308,-0.661939],"elbow":[52.8527,109.974,284.844],"grabStrength":0,"id":369,"palmNormal":[-0.27197,-0.633158,-0.724668],"palmPosition":[-32.8592,249.651,13.2876],"palmVelocity":[127.804,59.8649,-118.14],"palmWidth":90.0033,"pinchStrength":0.607663,"r":[[0.938923,-0.0287694,0.342924],[-0.0216407,0.989591,0.142273],[-0.343447,-0.141005,0.928527]],"s":1.02074,"sphereCenter":[-43.0545,234.823,-32.354],"sphereRadius":47.2685,"stabilizedPalmPosition":[-36.7466,252.754,16.3907],"t":[57.3571,54.7102,-134.565],"timeVisible":6.80165,"type":"right","wrist":[-25.4748,210.869,50.297]}],"id":1193440,"interactionBox":{"center":[0,200,0],"size":[235.247,235.247,147.751]},"pointables":[{"bases":[[[0.634179,0.63445,0.441915],[-0.660214,0.146884,0.736575],[0.40241,-0.758879,0.512024]],[[0.408333,0.893292,0.187866],[-0.703073,0.176509,0.688864],[0.582197,-0.413369,0.700123]],[[0.408333,0.893292,0.187866],[-0.891011,0.345308,0.294722],[0.198401,-0.287735,0.936934]],[[0.408333,0.893292,0.187866],[-0.892739,0.43374,-0.122012],[-0.190478,-0.117893,0.974587]]],"btipPosition":[-86.6046,239.885,-38.5323],"carpPosition":[-55.5762,207.041,50.1976],"dipPosition":[-91.0141,237.155,-15.9708],"direction":[-0.198401,0.287735,-0.936934],"extended":false,"handId":369,"id":3690,"length":51.5512,"mcpPosition":[-55.5762,207.041,50.1976],"pipPosition":[-84.3229,227.451,15.6281],"stabilizedTipPosition":[-90.8588,237.219,-29.0813],"timeVisible":6.80165,"tipPosition":[-87.2765,238.564,-33.0213],"tipVelocity":[145.53,104.928,-180.32],"tool":false,"touchDistance":-0.39544,"touchZone":"touching","type":0,"width":20.0304},{"bases":[[[0.951698,-0.0654663,-0.299976],[0.247824,0.74056,0.624623],[0.181259,-0.668793,0.721014]],[[0.960302,-0.102543,-0.259431],[0.226907,0.828107,0.512594],[0.162274,-0.551112,0.818501]],[[0.960302,-0.102543,-0.259431],[0.166116,0.957327,0.236497],[0.22411,-0.270204,0.936357]],[[0.960302,-0.102543,-0.259431],[0.109036,0.99398,0.0107225],[0.25677,-0.0385842,0.965702]]],"btipPosition":[-72.2199,304.872,-70.2811],"carpPosition":[-42.4358,225.67,55.6792],"dipPosition":[-67.8804,304.219,-53.9604],"direction":[-0.22411,0.270204,-0.936357],"extended":true,"handId":369,"id":3691,"length":58.1698,"mcpPosition":[-55.6263,274.339,3.20974],"pipPosition":[-62.5224,297.759,-31.5737],"stabilizedTipPosition":[-78.1825,285.107,-45.8681],"timeVisible":6.80165,"tipPosition":[-70.8385,305.795,-66.0658],"tipVelocity":[240.886,291.878,-179.278],"tool":false,"touchDistance":-0.491712,"touchZone":"hovering","type":1,"width":19.133},{"bases":[[[0.911151,-0.280503,-0.301865],[0.409072,0.703968,0.580594],[0.0496452,-0.652493,0.756167]],[[0.909239,-0.260693,-0.324537],[0.0968344,0.890692,-0.444175],[0.404856,0.372435,0.835095]],[[0.909239,-0.260693,-0.324537],[-0.378595,-0.193748,-0.905057],[0.173063,0.945781,-0.27486]],[[0.909239,-0.260693,-0.324537],[-0.403187,-0.745468,-0.530771],[-0.103564,0.613446,-0.782916]]],"btipPosition":[-56.3289,215.784,-17.0188],"carpPosition":[-30.6573,226.518,52.6965],"dipPosition":[-58.2539,227.187,-31.5718],"direction":[-0.173063,-0.945781,0.27486],"extended":false,"handId":369,"id":3692,"length":66.2798,"mcpPosition":[-34.0834,271.547,0.512349],"pipPosition":[-53.386,253.79,-39.3031],"stabilizedTipPosition":[-65.1423,223.252,-8.40253],"timeVisible":6.80165,"tipPosition":[-56.6684,219.039,-19.7182],"tipVelocity":[153.32,74.7169,-171.827],"tool":false,"touchDistance":0.333333,"touchZone":"none","type":2,"width":18.7912},{"bases":[[[0.875078,-0.42573,-0.230202],[0.474498,0.66097,0.581352],[-0.0953427,-0.617959,0.780408]],[[0.877832,-0.4043,-0.256813],[0.237671,0.833195,-0.499298],[0.415842,0.377263,0.827495]],[[0.877832,-0.4043,-0.256813],[-0.350819,-0.177685,-0.919431],[0.326094,0.897201,-0.297814]],[[0.877832,-0.4043,-0.256813],[-0.477185,-0.691982,-0.541715],[0.0413052,0.598082,-0.80037]]],"btipPosition":[-41.485,210.26,-13.0236],"carpPosition":[-19.3154,224.282,48.9497],"dipPosition":[-40.7216,221.313,-27.8156],"direction":[-0.326094,-0.897201,0.297814],"extended":false,"handId":369,"id":3693,"length":63.7298,"mcpPosition":[-13.4079,262.571,0.595085],"pipPosition":[-31.7861,245.898,-35.9762],"stabilizedTipPosition":[-44.0404,226.504,-13.0687],"timeVisible":6.80165,"tipPosition":[-40.9522,213.408,-15.3339],"tipVelocity":[144.985,57.5876,-144.873],"tool":false,"touchDistance":0.333333,"touchZone":"none","type":3,"width":17.881},{"bases":[[[0.767651,-0.59771,-0.231201],[0.594528,0.529498,0.605119],[-0.239265,-0.601976,0.761825]],[[0.767501,-0.598088,-0.230723],[0.427471,0.745708,-0.511066],[0.477714,0.293616,0.827997]],[[0.767501,-0.598088,-0.230723],[-0.363188,-0.109111,-0.925305],[0.528239,0.793969,-0.300961]],[[0.767501,-0.598088,-0.230723],[-0.608191,-0.565616,-0.55694],[0.202598,0.567776,-0.797863]]],"btipPosition":[-26.7205,214.803,-10.357],"carpPosition":[-10.0615,215.586,42.8723],"dipPosition":[-23.2662,224.483,-23.9605],"direction":[-0.528239,-0.793968,0.300961],"extended":false,"handId":369,"id":3694,"length":49.963,"mcpPosition":[3.66187,250.114,-0.823291],"pipPosition":[-13.0466,239.844,-29.7831],"stabilizedTipPosition":[-28.9511,227.176,-12.9945],"timeVisible":6.80165,"tipPosition":[-25.896,217.937,-12.6078],"tipVelocity":[149.623,55.7624,-135.947],"tool":false,"touchDistance":0.333333,"touchZone":"none","type":4,"width":15.8833}],"r":[[0.938923,-0.0287694,0.342924],[-0.0216407,0.989591,0.142273],[-0.343447,-0.141005,0.928527]],"s":1.02074,"t":[57.3571,54.7102,-134.565],"timestamp":15570739948},false],[4,{"currentFrameRate":98.3341,"devices":[],"gestures":[],"hands":[{"armBasis":[[0.922821,-0.13233,-0.361788],[0.251812,0.917942,0.306551],[0.291534,-0.373994,0.880418]],"armWidth":63.029,"confidence":0.742204,"direction":[0.0278214,0.746553,-0.664744],"elbow":[53.0495,111.589,284.696],"grabStrength":0,"id":369,"palmNormal":[-0.273016,-0.634043,-0.7235],"palmPosition":[-31.7423,250.16,12.3666],"palmVelocity":[125.448,58.3371,-112.582],"palmWidth":90.0033,"pinchStrength":0.600048,"r":[[0.935933,-0.0321885,0.350703],[-0.0190344,0.989735,0.141639],[-0.351662,-0.13924,0.925714]],"s":1.03632,"sphereCenter":[-41.9662,235.359,-33.2297],"sphereRadius":47.3186,"stabilizedPalmPosition":[-35.7254,252.224,15.5695],"t":[58.5848,55.3904,-135.688],"timeVisible":6.811,"type":"right","wrist":[-24.8111,211.472,49.5613]}],"id":1193441,"interactionBox":{"center":[0,200,0],"size":[235.247,235.247,147.751]},"pointables":[{"bases":[[[0.63657,0.631652,0.442486],[-0.662657,0.154458,0.732823],[0.394544,-0.759709,0.516892]],[[0.41346,0.891321,0.186007],[-0.703592,0.18309,0.686612],[0.577936,-0.41476,0.702826]],[[0.41346,0.891321,0.186007],[-0.889267,0.351409,0.292774],[0.195591,-0.286461,0.937915]],[[0.41346,0.891321,0.186007],[-0.890833,0.438242,-0.119834],[-0.188327,-0.116155,0.975213]]],"btipPosition":[-85.7113,240.687,-39.5786],"carpPosition":[-54.9382,207.857,49.3324],"dipPosition":[-90.071,237.998,-17.0025],"direction":[-0.195591,0.286461,-0.937915],"extended":false,"handId":369,"id":3690,"length":51.5512,"mcpPosition":[-54.9382,207.857,49.3324],"pipPosition":[-83.4745,228.337,14.6294],"stabilizedTipPosition":[-89.8423,237.918,-30.3824],"timeVisible":6.811,"tipPosition":[-86.2789,239.402,-34.1229],"tipVelocity":[131.714,99.7905,-160.832],"tool":false,"touchDistance":-0.399874,"touchZone":"touching","type":0,"width":20.0304},{"bases":[[[0.952627,-0.0734047,-0.29515],[0.250114,0.741221,0.622924],[0.173046,-0.667235,0.724467]],[[0.960765,-0.110338,-0.254471],[0.230881,0.826566,0.513305],[0.1537,-0.551918,0.819611]],[[0.960765,-0.110338,-0.254471],[0.174168,0.954029,0.243915],[0.215859,-0.278666,0.935815]],[[0.960765,-0.110338,-0.254471],[0.120093,0.992495,0.0230726],[0.250015,-0.0527274,0.966805]]],"btipPosition":[-70.2024,305.978,-71.4599],"carpPosition":[-41.6917,226.414,54.8046],"dipPosition":[-65.9771,305.087,-55.1206],"direction":[-0.215859,0.278666,-0.935815],"extended":true,"handId":369,"id":3691,"length":58.1698,"mcpPosition":[-54.2845,274.97,2.0838],"pipPosition":[-60.8162,298.424,-32.7468],"stabilizedTipPosition":[-75.7909,290.628,-51.7011],"timeVisible":6.811,"tipPosition":[-68.9203,306.512,-67.3374],"tipVelocity":[232.992,241.018,-164.077],"tool":false,"touchDistance":-0.488492,"touchZone":"hovering","type":1,"width":19.133},{"bases":[[[0.910558,-0.288153,-0.296398],[0.411304,0.703311,0.579812],[0.0413854,-0.649862,0.758925]],[[0.908859,-0.26807,-0.319554],[0.104641,0.888163,-0.447455],[0.403765,0.373235,0.835266]],[[0.908859,-0.26807,-0.319554],[-0.37579,-0.193822,-0.906209],[0.180991,0.943701,-0.276894]],[[0.908859,-0.26807,-0.319554],[-0.406025,-0.744005,-0.53066],[-0.0954959,0.612042,-0.785039]]],"btipPosition":[-55.3158,216.298,-17.9419],"carpPosition":[-29.8934,227.166,51.8751],"dipPosition":[-57.091,227.675,-32.5344],"direction":[-0.180991,-0.943701,0.276894],"extended":false,"handId":369,"id":3692,"length":66.2798,"mcpPosition":[-32.7494,272.014,-0.499327],"pipPosition":[-52,254.219,-40.3229],"stabilizedTipPosition":[-64.3628,222.893,-9.46982],"timeVisible":6.811,"tipPosition":[-55.6194,219.545,-20.6648],"tipVelocity":[141.625,68.9294,-151.388],"tool":false,"touchDistance":0.333333,"touchZone":"none","type":2,"width":18.7912},{"bases":[[[0.87311,-0.432838,-0.224345],[0.476418,0.659852,0.581051],[-0.103467,-0.614204,0.782335]],[[0.876136,-0.411593,-0.250953],[0.245518,0.828993,-0.502485],[0.414858,0.378631,0.827364]],[[0.876136,-0.411593,-0.250953],[-0.347639,-0.178808,-0.920421],[0.333966,0.893655,-0.299746]],[[0.876136,-0.411593,-0.250953],[-0.479452,-0.689884,-0.542388],[0.0501143,0.595526,-0.801772]]],"btipPosition":[-40.5512,210.665,-13.8166],"carpPosition":[-18.55,224.836,48.1915],"dipPosition":[-39.625,221.671,-28.6345],"direction":[-0.333966,-0.893655,0.299746],"extended":false,"handId":369,"id":3693,"length":63.7298,"mcpPosition":[-12.1391,262.892,-0.282529],"pipPosition":[-30.4738,246.158,-36.848],"stabilizedTipPosition":[-43.8422,225.792,-13.2911],"timeVisible":6.811,"tipPosition":[-39.9866,213.802,-16.1851],"tipVelocity":[133.341,53.2059,-128.034],"tool":false,"touchDistance":0.333333,"touchZone":"none","type":3,"width":17.881},{"bases":[[[0.764466,-0.604053,-0.225192],[0.595394,0.527624,0.605904],[-0.247181,-0.597271,0.763]],[[0.76492,-0.602952,-0.226597],[0.43376,0.742246,-0.510806],[0.476183,0.292437,0.829295]],[[0.76492,-0.602952,-0.226597],[-0.359523,-0.107761,-0.926893],[0.534454,0.790466,-0.299203]],[[0.76492,-0.602952,-0.226597],[-0.608857,-0.56201,-0.559856],[0.210217,0.56621,-0.797004]]],"btipPosition":[-25.7309,215.133,-11.1984],"carpPosition":[-9.32937,216.05,42.1924],"dipPosition":[-22.1467,224.787,-24.7872],"direction":[-0.534454,-0.790466,0.299203],"extended":false,"handId":369,"id":3694,"length":49.963,"mcpPosition":[4.84805,250.308,-1.57059],"pipPosition":[-11.8068,240.08,-30.5758],"stabilizedTipPosition":[-28.5843,226.285,-13.1151],"timeVisible":6.811,"tipPosition":[-24.8786,218.24,-13.4566],"tipVelocity":[138.126,49.7756,-122.822],"tool":false,"touchDistance":0.333333,"touchZone":"none","type":4,"width":15.8833}],"r":[[0.935933,-0.0321885,0.350703],[-0.0190344,0.989735,0.141639],[-0.351662,-0.13924,0.925714]],"s":1.03632,"t":[58.5848,55.3904,-135.688],"timestamp":15570749295},false],[5,{"currentFrameRate":98.708,"devices":[],"gestures":[],"hands":[{"armBasis":[[0.923766,-0.14425,-0.354752],[0.257128,0.920117,0.295415],[0.2838,-0.364111,0.887063]],"armWidth":63.029,"confidence":0.752464,"direction":[0.0352823,0.745287,-0.66581],"elbow":[51.6688,114.726,285.799],"grabStrength":0,"id":369,"palmNormal":[-0.276268,-0.632989,-0.723188],"palmPosition":[-30.6639,250.653,11.6187],"palmVelocity":[122.426,56.6869,-103.207],"palmWidth":90.0033,"pinchStrength":0.58836,"r":[[0.933259,-0.0362743,0.357368],[-0.0154539,0.989912,0.140838],[-0.358871,-0.136961,0.923284]],"s":1.04872,"sphereCenter":[-41.0031,235.961,-33.9767],"sphereRadius":47.394,"stabilizedPalmPosition":[-34.6503,251.891,14.7303],"t":[59.7379,55.9773,-136.624],"timeVisible":6.82039,"type":"right","wrist":[-24.1262,211.97,48.8887]}],"id":1193442,"interactionBox":{"center":[0,200,0],"size":[235.247,235.247,147.751]},"pointables":[{"bases":[[[0.640462,0.627307,0.443051],[-0.663169,0.160793,0.730994],[0.387318,-0.761992,0.518992]],[[0.4203,0.888128,0.185946],[-0.701657,0.188173,0.687218],[0.575348,-0.419308,0.702251]],[[0.4203,0.888128,0.185946],[-0.88613,0.35765,0.29472],[0.195245,-0.288643,0.937318]],[[0.4203,0.888128,0.185946],[-0.889593,0.443696,-0.108436],[-0.178809,-0.11984,0.976558]]],"btipPosition":[-85.1341,241.804,-40.3005],"carpPosition":[-54.2802,208.591,48.593],"dipPosition":[-89.2735,239.03,-17.6934],"direction":[-0.195245,0.288643,-0.937318],"extended":false,"handId":369,"id":3690,"length":51.5512,"mcpPosition":[-54.2802,208.591,48.593],"pipPosition":[-82.6887,229.295,13.9185],"stabilizedTipPosition":[-88.9401,238.698,-31.5158],"timeVisible":6.82039,"tipPosition":[-85.5317,240.484,-34.9099],"tipVelocity":[113.253,104.665,-136.719],"tool":false,"touchDistance":-0.398942,"touchZone":"touching","type":0,"width":20.0304},{"bases":[[[0.952722,-0.0813494,-0.292751],[0.25445,0.74019,0.622394],[0.16606,-0.667459,0.725894]],[[0.960471,-0.118272,-0.252008],[0.23663,0.823705,0.515283],[0.146636,-0.554547,0.819131]],[[0.960471,-0.118272,-0.252008],[0.183209,0.950135,0.252344],[0.209596,-0.28854,0.934245]],[[0.960471,-0.118272,-0.252008],[0.131489,0.990656,0.0362083],[0.24537,-0.0679134,0.967048]]],"btipPosition":[-68.375,307.236,-72.2458],"carpPosition":[-40.9011,227.052,54.0687],"dipPosition":[-64.2282,306.089,-55.9024],"direction":[-0.209596,0.28854,-0.934245],"extended":true,"handId":369,"id":3691,"length":58.1698,"mcpPosition":[-52.9856,275.624,1.24408],"pipPosition":[-59.2171,299.19,-33.5661],"stabilizedTipPosition":[-73.3006,295.492,-56.6956],"timeVisible":6.82039,"tipPosition":[-67.1755,307.435,-68.2041],"tipVelocity":[221.513,208.772,-141.166],"tool":false,"touchDistance":-0.47975,"touchZone":"hovering","type":1,"width":19.133},{"bases":[[[0.908968,-0.295762,-0.293773],[0.41544,0.700947,0.579727],[0.0344581,-0.648998,0.760009]],[[0.907448,-0.275351,-0.317363],[0.111956,0.886483,-0.449014],[0.404973,0.371926,0.835265]],[[0.907448,-0.275351,-0.317363],[-0.3753,-0.191586,-0.906887],[0.188911,0.94206,-0.277193]],[[0.907448,-0.275351,-0.317363],[-0.410663,-0.740958,-0.531354],[-0.0888431,0.612506,-0.785458]]],"btipPosition":[-54.4388,216.879,-18.7092],"carpPosition":[-29.0903,227.707,51.1665],"dipPosition":[-56.0902,228.264,-33.3095],"direction":[-0.188911,-0.94206,0.277193],"extended":false,"handId":369,"id":3692,"length":66.2798,"mcpPosition":[-31.4683,272.495,-1.28286],"pipPosition":[-50.7765,254.762,-41.1064],"stabilizedTipPosition":[-63.5803,222.615,-10.5027],"timeVisible":6.82039,"tipPosition":[-54.7106,220.126,-21.4507],"tipVelocity":[128.759,66.9718,-131.609],"tool":false,"touchDistance":0.333333,"touchZone":"none","type":2,"width":18.7912},{"bases":[[[0.87021,-0.440037,-0.22159],[0.480207,0.656979,0.581189],[-0.110164,-0.612165,0.783018]],[[0.873459,-0.418915,-0.248151],[0.25306,0.826,-0.50367],[0.415968,0.377138,0.827489]],[[0.873459,-0.418915,-0.248151],[-0.346764,-0.177443,-0.921015],[0.341795,0.890519,-0.300254]],[[0.873459,-0.418915,-0.248151],[-0.48353,-0.686468,-0.543103],[0.0571662,0.594366,-0.80216]]],"btipPosition":[-39.737,211.157,-14.5212],"carpPosition":[-17.7569,225.281,47.5137],"dipPosition":[-38.6805,222.142,-29.3462],"direction":[-0.341795,-0.890519,0.300254],"extended":false,"handId":369,"id":3693,"length":63.7298,"mcpPosition":[-10.931,263.211,-1.00272],"pipPosition":[-29.3147,246.544,-37.5737],"stabilizedTipPosition":[-43.6017,225.122,-13.5478],"timeVisible":6.82039,"tipPosition":[-39.144,214.284,-16.9213],"tipVelocity":[120.974,52.8448,-112.997],"tool":false,"touchDistance":0.333333,"touchZone":"none","type":3,"width":17.881},{"bases":[[[0.760225,-0.610393,-0.222438],[0.598078,0.523858,0.606527],[-0.253695,-0.594132,0.763313]],[[0.761427,-0.607551,-0.226078],[0.439877,0.740408,-0.508236],[0.476169,0.287538,0.831014]],[[0.761427,-0.607551,-0.226078],[-0.357164,-0.102137,-0.928441],[0.540984,0.787687,-0.294765]],[[0.761427,-0.607551,-0.226078],[-0.610817,-0.555615,-0.564087],[0.217099,0.567604,-0.794163]]],"btipPosition":[-24.8625,215.518,-12.0531],"carpPosition":[-8.59137,216.415,41.55],"dipPosition":[-21.161,225.196,-25.5935],"direction":[-0.540984,-0.787687,0.294765],"extended":false,"handId":369,"id":3694,"length":49.963,"mcpPosition":[5.95964,250.492,-2.23086],"pipPosition":[-10.6947,240.435,-31.2962],"stabilizedTipPosition":[-28.1737,225.518,-13.2993],"timeVisible":6.82039,"tipPosition":[-23.9848,218.587,-14.2909],"tipVelocity":[125.95,47.4581,-113.431],"tool":false,"touchDistance":0.333333,"touchZone":"none","type":4,"width":15.8833}],"r":[[0.933259,-0.0362743,0.357368],[-0.0154539,0.989912,0.140838],[-0.358871,-0.136961,0.923284]],"s":1.04872,"t":[59.7379,55.9773,-136.624],"timestamp":15570758686},false],[6,{"currentFrameRate":99.0575,"devices":[],"gestures":[],"hands":[{"armBasis":[[0.926557,-0.162649,-0.339173],[0.263157,0.924574,0.275521],[0.268777,-0.344541,0.899472]],"armWidth":63.029,"confidence":0.764895,"direction":[0.0431376,0.745165,-0.665483],"elbow":[48.2641,120.541,288.18],"grabStrength":0,"id":369,"palmNormal":[-0.281371,-0.630079,-0.723761],"palmPosition":[-29.6451,251.315,10.693],"palmVelocity":[118.405,60.5942,-101.839],"palmWidth":90.0033,"pinchStrength":0.579278,"r":[[0.930908,-0.0413201,0.362909],[-0.0107459,0.990052,0.14029],[-0.365096,-0.134497,0.921203]],"s":1.05876,"sphereCenter":[-40.1528,236.852,-34.9083],"sphereRadius":47.4554,"stabilizedPalmPosition":[-33.553,251.765,13.8452],"t":[60.8238,56.6018,-137.554],"timeVisible":6.8298,"type":"right","wrist":[-23.5188,212.558,47.9562]}],"id":1193443,"interactionBox":{"center":[0,200,0],"size":[235.247,235.247,147.751]},"pointables":[{"bases":[[[0.645833,0.621054,0.444062],[-0.662501,0.166791,0.730256],[0.379463,-0.765815,0.519168]],[[0.428479,0.884029,0.186811],[-0.699617,0.193764,0.687744],[0.571788,-0.42538,0.701506]],[[0.428479,0.884029,0.186811],[-0.88236,0.364874,0.297165],[0.19454,-0.292164,0.936373]],[[0.428479,0.884029,0.186811],[-0.887485,0.450583,-0.0966699],[-0.169633,-0.124371,0.977628]]],"btipPosition":[-84.5698,243.202,-41.2268],"carpPosition":[-53.703,209.465,47.6229],"dipPosition":[-88.4968,240.322,-18.5949],"direction":[-0.19454,0.292164,-0.936373],"extended":false,"handId":369,"id":3690,"length":51.5512,"mcpPosition":[-53.703,209.465,47.6229],"pipPosition":[-81.9357,230.469,12.9851],"stabilizedTipPosition":[-88.1073,239.621,-32.598],"timeVisible":6.8298,"tipPosition":[-84.8449,241.858,-35.8699],"tipVelocity":[99.5552,116.443,-125.647],"tool":false,"touchDistance":-0.401189,"touchZone":"touching","type":0,"width":20.0304},{"bases":[[[0.952263,-0.0902529,-0.291633],[0.26069,0.737518,0.622982],[0.158859,-0.669269,0.725839]],[[0.959615,-0.127281,-0.250874],[0.244357,0.818995,0.51917],[0.139384,-0.559506,0.817022]],[[0.959615,-0.127281,-0.250874],[0.194264,0.944838,0.263711],[0.20347,-0.301797,0.931407]],[[0.959615,-0.127281,-0.250874],[0.144905,0.988025,0.0530008],[0.241124,-0.0872134,0.966568]]],"btipPosition":[-66.5799,308.966,-73.0232],"carpPosition":[-40.1565,227.796,53.1217],"dipPosition":[-62.5049,307.492,-56.6879],"direction":[-0.20347,0.301797,-0.931407],"extended":true,"handId":369,"id":3691,"length":58.1698,"mcpPosition":[-51.7169,276.5,0.301089],"pipPosition":[-57.6402,300.277,-34.4195],"stabilizedTipPosition":[-70.7788,299.817,-60.835],"timeVisible":6.8298,"tipPosition":[-65.4655,308.813,-69.066],"tipVelocity":[212.273,199.416,-124.545],"tool":false,"touchDistance":-0.471797,"touchZone":"hovering","type":1,"width":19.133},{"bases":[[[0.906483,-0.304242,-0.29279],[0.421353,0.69677,0.580494],[0.0273968,-0.649576,0.759803]],[[0.90516,-0.283516,-0.316707],[0.120276,0.88545,-0.448901],[0.407699,0.368235,0.835574]],[[0.90516,-0.283516,-0.316707],[-0.376106,-0.187019,-0.907506],[0.198062,0.940554,-0.275915]],[[0.90516,-0.283516,-0.316707],[-0.417072,-0.736224,-0.53294],[-0.0820702,0.614486,-0.784647]]],"btipPosition":[-53.7109,217.734,-19.6932],"carpPosition":[-28.3365,228.34,50.234],"dipPosition":[-55.2364,229.156,-34.2784],"direction":[-0.198062,-0.940554,0.275915],"extended":false,"handId":369,"id":3692,"length":66.2798,"mcpPosition":[-30.2272,273.169,-2.20111],"pipPosition":[-49.6653,255.612,-42.0394],"stabilizedTipPosition":[-62.8123,222.433,-11.5149],"timeVisible":6.8298,"tipPosition":[-53.9484,220.986,-22.4442],"tipVelocity":[114.994,74.05,-123.811],"tool":false,"touchDistance":0.333333,"touchZone":"none","type":2,"width":18.7912},{"bases":[[[0.866274,-0.44817,-0.220709],[0.485699,0.65219,0.582017],[-0.116898,-0.611385,0.782652]],[[0.86975,-0.427112,-0.247205],[0.261515,0.823716,-0.503092],[0.418504,0.372916,0.828123]],[[0.86975,-0.427112,-0.247205],[-0.347122,-0.17343,-0.921644],[0.350773,0.88741,-0.299101]],[[0.86975,-0.427112,-0.247205],[-0.489297,-0.68117,-0.544606],[0.0642189,0.594628,-0.801432]]],"btipPosition":[-39.0734,211.904,-15.4913],"carpPosition":[-17.0221,225.809,46.5939],"dipPosition":[-37.8865,222.893,-30.3029],"direction":[-0.350773,-0.88741,0.299101],"extended":false,"handId":369,"id":3693,"length":63.7298,"mcpPosition":[-9.77897,263.691,-1.89976],"pipPosition":[-28.2748,247.21,-38.4987],"stabilizedTipPosition":[-43.3343,224.527,-13.8457],"timeVisible":6.8298,"tipPosition":[-38.4491,215.019,-17.9031],"tipVelocity":[107.511,60.4358,-110.094],"tool":false,"touchDistance":0.333333,"touchZone":"none","type":3,"width":17.881},{"bases":[[[0.754683,-0.617478,-0.221754],[0.602275,0.51795,0.607447],[-0.260228,-0.591987,0.76278]],[[0.756684,-0.612855,-0.227679],[0.447365,0.73932,-0.50326],[0.476753,0.278953,0.833602]],[[0.756684,-0.612855,-0.227679],[-0.355084,-0.0928383,-0.930213],[0.548949,0.784723,-0.287865]],[[0.756684,-0.612855,-0.227679],[-0.613997,-0.546526,-0.569488],[0.224581,0.570717,-0.789839]]],"btipPosition":[-24.1322,216.144,-13.2324],"carpPosition":[-7.93369,216.858,40.6379],"dipPosition":[-20.3031,225.874,-26.699],"direction":[-0.548949,-0.784723,0.287865],"extended":false,"handId":369,"id":3694,"length":49.963,"mcpPosition":[6.99203,250.813,-3.11239],"pipPosition":[-9.68278,241.056,-32.2683],"stabilizedTipPosition":[-27.752,224.907,-13.559],"timeVisible":6.8298,"tipPosition":[-23.2278,219.158,-15.4279],"tipVelocity":[113.07,53.2471,-116.32],"tool":false,"touchDistance":0.333333,"touchZone":"none","type":4,"width":15.8833}],"r":[[0.930908,-0.0413201,0.362909],[-0.0107459,0