{"sensorType":"Leap","data":[[0,{"currentFrameRate":104.763,"devices":[],"gestures":[],"hands":[{"armBasis":[[0.937469,0.264607,-0.22613],[-0.124343,0.861397,0.492478],[0.325101,-0.433565,0.840435]],"armWidth":63.029,"confidence":0.53749,"direction":[-0.0575343,0.623078,-0.78004],"elbow":[58.0681,110.281,280.398],"grabStrength":0,"id":369,"palmNormal":[0.116651,-0.771787,-0.62509],"palmPosition":[-38.8079,255.1,11.3915],"palmVelocity":[148.943,38.7864,-263.212],"palmWidth":90.0033,"pinchStrength":0,"r":[[0.748683,0.372773,0.548191],[-0.424819,0.904604,-0.034946],[-0.508923,-0.206719,0.835623]],"s":1.33917,"sphereCenter":[-72.0643,245.557,-23.305],"sphereRadius":55.5769,"stabilizedPalmPosition":[-50.0901,256.6,26.5423],"t":[51.3789,60.5811,-134.769],"timeVisible":15.5558,"type":"right","wrist":[-28.7572,226.074,55.9413]}],"id":1194354,"interactionBox":{"center":[0,200,0],"size":[235.247,235.247,147.751]},"pointables":[{"bases":[[[0.283417,0.862977,0.418265],[-0.827672,-0.000185258,0.561213],[0.484391,-0.505243,0.714209]],[[0.251801,0.893573,0.371649],[-0.665223,-0.119109,0.737083],[0.702904,-0.432828,0.564434]],[[0.251801,0.893573,0.371649],[-0.940748,0.135873,0.310695],[0.227132,-0.427862,0.87484]],[[0.251801,0.893573,0.371649],[-0.967391,0.243276,0.070512],[-0.0274055,-0.377285,0.925692]]],"btipPosition":[-97.0083,256.676,-27.6976],"carpPosition":[-55.2757,212.14,51.1064],"dipPosition":[-97.6427,247.941,-6.268],"direction":[-0.227132,0.427862,-0.87484],"extended":true,"handId":369,"id":3690,"length":51.5512,"mcpPosition":[-55.2757,212.14,51.1064],"pipPosition":[-89.9825,233.511,23.2367],"stabilizedTipPosition":[-110.787,257.893,0.3603],"timeVisible":15.5558,"tipPosition":[-97.105,255.63,-21.5767],"tipVelocity":[171.284,45.0763,-330.247],"tool":false,"touchDistance":-0.402652,"touchZone":"hovering","type":0,"width":20.0304},{"bases":[[[0.967769,0.22977,-0.103093],[-0.148469,0.851202,0.503401],[0.20342,-0.47187,0.857881]],[[0.948509,0.266597,-0.171044],[-0.0223883,0.595076,0.803358],[0.315957,-0.758163,0.570403]],[[0.948509,0.266597,-0.171044],[-0.090891,0.74637,0.659296],[0.303429,-0.609802,0.73217]],[[0.948509,0.266597,-0.171044],[-0.149413,0.852725,0.500536],[0.279295,-0.449207,0.84865]]],"btipPosition":[-90.4357,323.404,-63.3513],"carpPosition":[-50.2307,234.675,55.1658],"dipPosition":[-85.7155,315.813,-49.0089],"direction":[-0.303429,0.609802,-0.73217],"extended":true,"handId":369,"id":3691,"length":58.1698,"mcpPosition":[-65.0339,269.014,-7.26376],"pipPosition":[-78.461,301.233,-31.5039],"stabilizedTipPosition":[-106.751,327.286,-34.8445],"timeVisible":15.5558,"tipPosition":[-89.618,322.38,-59.0948],"tipVelocity":[282.715,50.5919,-353.717],"tool":false,"touchDistance":-0.564887,"touchZone":"hovering","type":1,"width":19.133},{"bases":[[[0.99739,0.015408,-0.0705397],[0.0217837,0.867227,0.497437],[0.0688384,-0.497675,0.864627]],[[0.996896,0.0188097,-0.0764485],[-0.0703408,0.648936,-0.757585],[0.0353603,0.760611,0.648245]],[[0.996896,0.0188097,-0.0764485],[-0.0461714,-0.646837,-0.76123],[-0.0637682,0.762397,-0.64396]],[[0.996896,0.0188097,-0.0764485],[-0.000519143,-0.969448,-0.245296],[-0.0787268,0.244575,-0.966429]]],"btipPosition":[-42.1183,211.242,-0.227086],"carpPosition":[-38.9388,239.152,54.2714],"dipPosition":[-43.5817,215.788,-18.1913],"direction":[0.0637682,-0.762397,0.64396],"extended":false,"handId":369,"id":3692,"length":66.2798,"mcpPosition":[-43.6895,273.497,-5.3978],"pipPosition":[-45.3754,237.233,-36.3046],"stabilizedTipPosition":[-46.3798,211.548,6.07177],"timeVisible":15.5558,"tipPosition":[-42.4144,212.196,-3.91157],"tipVelocity":[53.1729,24.2326,-236.049],"tool":false,"touchDistance":0.333333,"touchZone":"none","type":2,"width":18.7912},{"bases":[[[0.99215,-0.123416,0.0201693],[0.0951703,0.849805,0.518435],[-0.0811233,-0.512446,0.854879]],[[0.994016,-0.10918,-0.00350883],[0.0681849,0.645236,-0.760935],[0.0853429,0.756142,0.648819]],[[0.994016,-0.10918,-0.00350883],[-0.0731513,-0.641454,-0.763666],[0.0811263,0.759353,-0.645602]],[[0.994016,-0.10918,-0.00350883],[-0.10644,-0.960844,-0.255832],[0.0245604,0.254675,-0.966715]]],"btipPosition":[-28.3368,213.334,7.07298],"carpPosition":[-26.9146,240.514,53.1598],"dipPosition":[-27.8829,218.041,-10.7933],"direction":[-0.0811263,-0.759353,0.645602],"extended":false,"handId":369,"id":3693,"length":63.7298,"mcpPosition":[-21.8882,272.266,0.190838],"pipPosition":[-25.6599,238.848,-28.4838],"stabilizedTipPosition":[-32.7458,214.738,12.6643],"timeVisible":15.5558,"tipPosition":[-28.2655,214.272,3.31996],"tipVelocity":[63.0124,3.26376,-220.158],"tool":false,"touchDistance":0.333333,"touchZone":"none","type":3,"width":17.881},{"bases":[[[0.946638,-0.320601,0.0330372],[0.240784,0.771629,0.588737],[-0.214242,-0.549366,0.807649]],[[0.916032,-0.381157,0.124922],[0.360066,0.644173,-0.674829],[0.176745,0.663145,0.727324]],[[0.916032,-0.381157,0.124922],[-0.117254,-0.552301,-0.825358],[0.383585,0.741406,-0.550617]],[[0.916032,-0.381157,0.124922],[-0.31865,-0.880686,-0.350507],[0.243615,0.281269,-0.928191]]],"btipPosition":[-19.7325,224.035,5.3915],"carpPosition":[-14.2642,234.859,50.6759],"dipPosition":[-15.5789,228.831,-10.4341],"direction":[-0.383585,-0.741406,0.550617],"extended":false,"handId":369,"id":3694,"length":49.963,"mcpPosition":[-1.97601,266.369,4.35202],"pipPosition":[-8.15779,243.175,-21.0867],"stabilizedTipPosition":[-24.9135,227.378,12.0993],"timeVisible":15.5558,"tipPosition":[-18.7949,225.019,2.21859],"tipVelocity":[84.2678,-16.0347,-238.675],"tool":false,"touchDistance":0.333333,"touchZone":"none","type":4,"width":15.8833}],"r":[[0.748683,0.372773,0.548191],[-0.424819,0.904604,-0.034946],[-0.508923,-0.206719,0.835623]],"s":1.33917,"t":[51.3789,60.5811,-134.769],"timestamp":15579494075},false],[1,{"currentFrameRate":104.802,"devices":[],"gestures":[],"hands":[{"armBasis":[[0.94137,0.239807,-0.237309],[-0.102087,0.872891,0.477117],[0.321561,-0.424917,0.846194]],"armWidth":63.029,"confidence":0.541996,"direction":[-0.0456955,0.607404,-0.793078],"elbow":[57.4981,114.64,278.869],"grabStrength":0,"id":369,"palmNormal":[0.0961209,-0.78755,-0.608709],"palmPosition":[-37.9092,256.418,7.74224],"palmVelocity":[133.457,67.5493,-298.231],"palmWidth":90.0033,"pinchStrength":0,"r":[[0.755309,0.36642,0.543365],[-0.409431,0.911213,-0.0453467],[-0.511737,-0.18822,0.838271]],"s":1.33686,"sphereCenter":[-71.3297,246.989,-26.5826],"sphereRadius":55.4459,"stabilizedPalmPosition":[-48.9853,256.584,24.8372],"t":[52.5123,61.4548,-138.102],"timeVisible":15.5652,"type":"right","wrist":[-28.3819,228.123,52.874]}],"id":1194355,"interactionBox":{"center":[0,200,0],"size":[235.247,235.247,147.751]},"pointables":[{"bases":[[[0.305222,0.864798,0.398703],[-0.825376,0.0314188,0.563708],[0.474967,-0.501136,0.723373]],[[0.27174,0.8973,0.347867],[-0.668372,-0.0841078,0.739056],[0.692413,-0.433335,0.576875]],[[0.27174,0.8973,0.347867],[-0.938868,0.167781,0.300626],[0.211386,-0.408293,0.888039]],[[0.27174,0.8973,0.347867],[-0.961581,0.267796,0.0603856],[-0.0389734,-0.350911,0.935597]]],"btipPosition":[-95.6549,258.01,-31.6686],"carpPosition":[-55.2391,214.72,48.4241],"dipPosition":[-96.5571,249.887,-10.0097],"direction":[-0.211386,0.408293,-0.888039],"extended":true,"handId":369,"id":3690,"length":51.5512,"mcpPosition":[-55.2391,214.72,48.4241],"pipPosition":[-89.4279,236.117,19.9402],"stabilizedTipPosition":[-110.297,257.836,-0.527585],"timeVisible":15.5652,"tipPosition":[-95.9669,257.156,-25.513],"tipVelocity":[161.293,76.8032,-354.194],"tool":false,"touchDistance":-0.449494,"touchZone":"hovering","type":0,"width":20.0304},{"bases":[[[0.972532,0.204554,-0.11108],[-0.126505,0.865069,0.485441],[0.195391,-0.458055,0.867184]],[[0.954201,0.239866,-0.178785],[-0.00561801,0.611875,0.790935],[0.299113,-0.753706,0.585199]],[[0.954201,0.239866,-0.178785],[-0.0707345,0.76156,0.644223],[0.290683,-0.602072,0.743648]],[[0.954201,0.239866,-0.178785],[-0.127045,0.865945,0.483734],[0.27085,-0.438866,0.85676]]],"btipPosition":[-88.1067,324.386,-68.2526],"carpPosition":[-49.6493,237.211,51.9818],"dipPosition":[-83.5293,316.969,-53.7731],"direction":[-0.290683,0.602072,-0.743648],"extended":true,"handId":369,"id":3691,"length":58.1698,"mcpPosition":[-63.8683,270.545,-11.1248],"pipPosition":[-76.5795,302.575,-35.9937],"stabilizedTipPosition":[-104.919,326.857,-37.6427],"timeVisible":15.5652,"tipPosition":[-87.3184,323.364,-64.0375],"tipVelocity":[271.185,67.0303,-399.739],"tool":false,"touchDistance":-0.609778,"touchZone":"hovering","type":1,"width":19.133},{"bases":[[[0.99721,-0.00970204,-0.0740168],[0.0440549,0.87693,0.478594],[0.0602643,-0.480519,0.874911]],[[0.996775,-0.00642127,-0.0799882],[-0.0577987,0.634015,-0.771158],[0.0556655,0.773294,0.631599]],[[0.996775,-0.00642127,-0.0799882],[-0.0642049,-0.661753,-0.746967],[-0.0481359,0.749694,-0.660031]],[[0.996775,-0.00642127,-0.0799882],[-0.0242797,-0.974205,-0.224355],[-0.0764842,0.225574,-0.971219]]],"btipPosition":[-42.2957,212.412,-2.91799],"carpPosition":[-38.2584,241.4,50.9555],"dipPosition":[-43.7174,216.605,-20.9712],"direction":[0.0481359,-0.749694,0.660031],"extended":false,"handId":369,"id":3692,"length":66.2798,"mcpPosition":[-42.4173,274.561,-9.42339],"pipPosition":[-45.0713,237.692,-39.5366],"stabilizedTipPosition":[-46.2085,211.631,5.47252],"timeVisible":15.5652,"tipPosition":[-42.5828,213.293,-6.62383],"tipVelocity":[32.8547,50.2292,-250.464],"tool":false,"touchDistance":0.333333,"touchZone":"none","type":2,"width":18.7912},{"bases":[[[0.989032,-0.146388,0.0196739],[0.117087,0.858232,0.499729],[-0.0900389,-0.491944,0.865958]],[[0.991148,-0.13269,-0.00434548],[0.0805444,0.627012,-0.774835],[0.105538,0.767626,0.632149]],[[0.991148,-0.13269,-0.00434548],[-0.0910757,-0.655757,-0.749458],[0.0965964,0.74322,-0.662037]],[[0.991148,-0.13269,-0.00434548],[-0.129995,-0.963324,-0.234753],[0.0269633,0.23324,-0.972045]]],"btipPosition":[-28.4402,214.333,4.28903],"carpPosition":[-26.2096,242.453,49.7767],"dipPosition":[-27.9419,218.644,-13.6757],"direction":[-0.0965964,-0.74322,0.662037],"extended":false,"handId":369,"id":3693,"length":63.7298,"mcpPosition":[-20.6307,272.934,-3.87872],"pipPosition":[-25.295,239.009,-31.8166],"stabilizedTipPosition":[-32.5444,214.764,12.0944],"timeVisible":15.5652,"tipPosition":[-28.361,215.189,0.514455],"tipVelocity":[42.1324,29.8153,-242.01],"tool":false,"touchDistance":0.333333,"touchZone":"none","type":3,"width":17.881},{"bases":[[[0.938931,-0.34212,0.0369249],[0.261075,0.778159,0.571235],[-0.224164,-0.526709,0.819956]],[[0.907018,-0.400281,0.130739],[0.372553,0.618099,-0.692213],[0.19627,0.676557,0.709753]],[[0.907018,-0.400281,0.130739],[-0.134643,-0.569864,-0.810634],[0.398985,0.717656,-0.570772]],[[0.907018,-0.400281,0.130739],[-0.341445,-0.880822,-0.327974],[0.24644,0.252838,-0.935596]]],"btipPosition":[-19.6335,224.8,2.51544],"carpPosition":[-13.7052,236.448,47.3749],"dipPosition":[-15.4317,229.111,-13.4364],"direction":[-0.398985,-0.717656,0.570772],"extended":false,"handId":369,"id":3694,"length":49.963,"mcpPosition":[-0.847964,266.658,0.345218],"pipPosition":[-7.71265,242.995,-24.4789],"stabilizedTipPosition":[-24.6368,227.307,11.5122],"timeVisible":15.5652,"tipPosition":[-18.6686,225.691,-0.771615],"tipVelocity":[63.4483,8.33864,-258.201],"tool":false,"touchDistance":0.333333,"touchZone":"none","type":4,"width":15.8833}],"r":[[0.755309,0.36642,0.543365],[-0.409431,0.911213,-0.0453467],[-0.511737,-0.18822,0.838271]],"s":1.33686,"t":[52.5123,61.4548,-138.102],"timestamp":15579503544},false],[2,{"currentFrameRate":104.862,"devices":[],"gestures":[],"hands":[{"armBasis":[[0.947258,0.213699,-0.238819],[-0.0824809,0.88268,0.462681],[0.309675,-0.41858,0.853752]],"armWidth":63.029,"confidence":0.547812,"direction":[-0.0340792,0.599047,-0.799988],"elbow":[55.2148,117.45,278.974],"grabStrength":0,"id":369,"palmNormal":[0.0780024,-0.796417,-0.599696],"palmPosition":[-36.4905,257.211,5.51933],"palmVelocity":[138.33,72.2927,-280.422],"palmWidth":90.0033,"pinchStrength":0,"r":[[0.762266,0.359181,0.53846],[-0.393113,0.917801,-0.0557148],[-0.514211,-0.169206,0.840807]],"s":1.3349,"sphereCenter":[-69.9787,248.289,-28.5225],"sphereRadius":55.3157,"stabilizedPalmPosition":[-47.9632,256.635,23.2569],"t":[53.7883,62.2883,-140.88],"timeVisible":15.5747,"type":"right","wrist":[-27.4908,229.241,50.9605]}],"id":1194356,"interactionBox":{"center":[0,200,0],"size":[235.247,235.247,147.751]},"pointables":[{"bases":[[[0.324519,0.862565,0.388162],[-0.823457,0.0557144,0.564637],[0.465409,-0.50287,0.728365]],[[0.288814,0.897748,0.332618],[-0.671801,-0.0574904,0.738497],[0.682107,-0.436742,0.586504]],[[0.288814,0.897748,0.332618],[-0.93694,0.193625,0.290951],[0.196798,-0.395674,0.897058]],[[0.288814,0.897748,0.332618],[-0.956119,0.288326,0.0520023],[-0.0492175,-0.333042,0.941627]]],"btipPosition":[-93.8164,258.988,-34.3024],"carpPosition":[-54.6387,216.369,46.7096],"dipPosition":[-94.9558,251.278,-12.5039],"direction":[-0.196798,0.395674,-0.897058],"extended":true,"handId":369,"id":3690,"length":51.5512,"mcpPosition":[-54.6387,216.369,46.7096],"pipPosition":[-88.3186,237.934,17.7502],"stabilizedTipPosition":[-109.824,257.817,-1.36581],"timeVisible":15.5747,"tipPosition":[-94.2861,258.303,-28.1126],"tipVelocity":[169.282,87.389,-331.881],"tool":false,"touchDistance":-0.471903,"touchZone":"hovering","type":0,"width":20.0304},{"bases":[[[0.976504,0.182243,-0.115012],[-0.106939,0.873144,0.475587],[0.187094,-0.452114,0.872118]],[[0.959353,0.216256,-0.181313],[0.0091718,0.618249,0.785929],[0.282059,-0.755646,0.591136]],[[0.959353,0.216256,-0.181313],[-0.052261,0.767509,0.638904],[0.277326,-0.603459,0.747614]],[[0.959353,0.216256,-0.181313],[-0.106067,0.871681,0.478457],[0.261517,-0.439778,0.859188]]],"btipPosition":[-85.211,325.648,-70.9842],"carpPosition":[-48.5592,238.775,49.9973],"dipPosition":[-80.7913,318.216,-56.4637],"direction":[-0.277326,0.603459,-0.747614],"extended":true,"handId":369,"id":3691,"length":58.1698,"mcpPosition":[-62.1744,271.676,-13.4683],"pipPosition":[-74.1609,303.788,-38.5895],"stabilizedTipPosition":[-103.034,326.592,-40.3714],"timeVisible":15.5747,"tipPosition":[-84.4717,324.48,-66.9055],"tipVelocity":[280.38,86.0061,-368.073],"tool":false,"touchDistance":-0.617967,"touchZone":"hovering","type":1,"width":19.133},{"bases":[[[0.99663,-0.0320523,-0.0755077],[0.0638235,0.881246,0.468328],[0.0515299,-0.471569,0.880322]],[[0.996257,-0.0288483,-0.0814859],[-0.045515,0.626346,-0.778216],[0.0734885,0.779012,0.622688]],[[0.996257,-0.0288483,-0.0814859],[-0.0798297,-0.668636,-0.739292],[-0.0331571,0.74303,-0.668436]],[[0.996257,-0.0288483,-0.0814859],[-0.045693,-0.975954,-0.213134],[-0.0733779,0.21606,-0.973619]]],"btipPosition":[-41.8459,213.19,-4.6368],"carpPosition":[-37.0826,242.704,48.9042],"dipPosition":[-43.2099,217.206,-22.7346],"direction":[0.0331571,-0.74303,0.668436],"extended":false,"handId":369,"id":3692,"length":66.2798,"mcpPosition":[-40.6388,275.248,-11.8481],"pipPosition":[-44.1425,238.106,-41.5364],"stabilizedTipPosition":[-46.0775,211.712,5.01059],"timeVisible":15.5747,"tipPosition":[-42.1205,214.036,-8.35408],"tipVelocity":[37.5006,58.2365,-231.333],"tool":false,"touchDistance":0.333333,"touchZone":"none","type":2,"width":18.7912},{"bases":[[[0.985684,-0.167439,0.0197737],[0.136475,0.861223,0.489561],[-0.0990009,-0.479854,0.871745]],[[0.988075,-0.153905,-0.00470134],[0.0919589,0.61432,-0.78368],[0.1235,0.773902,0.621147]],[[0.988075,-0.153905,-0.00470134],[-0.106998,-0.664337,-0.739735],[0.110725,0.731417,-0.672882]],[[0.988075,-0.153905,-0.00470134],[-0.15112,-0.963437,-0.22125],[0.0295219,0.219322,-0.975206]]],"btipPosition":[-27.9197,214.918,2.68944],"carpPosition":[-25.0161,243.484,47.6939],"dipPosition":[-27.3741,218.971,-15.3337],"direction":[-0.110725,-0.731417,0.672881],"extended":false,"handId":369,"id":3693,"length":63.7298,"mcpPosition":[-18.8819,273.216,-6.3201],"pipPosition":[-24.34,239.013,-33.7718],"stabilizedTipPosition":[-32.3932,214.799,11.663],"timeVisible":15.5747,"tipPosition":[-27.8347,215.722,-1.17274],"tipVelocity":[46.1995,37.2269,-221.778],"tool":false,"touchDistance":0.333333,"touchZone":"none","type":3,"width":17.881},{"bases":[[[0.931411,-0.361833,0.0393726],[0.278837,0.778896,0.561757],[-0.233929,-0.512248,0.826365]],[[0.898023,-0.418762,0.13488],[0.38279,0.592609,-0.708721],[0.216855,0.688079,0.692475]],[[0.898023,-0.418762,0.13488],[-0.153483,-0.585522,-0.795994],[0.412307,0.69412,-0.590085]],[[0.898023,-0.418762,0.13488],[-0.363391,-0.878852,-0.309139],[0.247995,0.2286,-0.941403]]],"btipPosition":[-19.0209,225.171,1.19155],"carpPosition":[-12.6485,237.183,45.3417],"dipPosition":[-14.7926,229.069,-14.8593],"direction":[-0.412307,-0.69412,0.590085],"extended":false,"handId":369,"id":3694,"length":49.963,"mcpPosition":[0.768874,266.564,-2.05563],"pipPosition":[-6.81579,242.498,-26.2755],"stabilizedTipPosition":[-24.4305,227.269,11.0736],"timeVisible":15.5747,"tipPosition":[-18.0032,225.995,-2.35281],"tipVelocity":[64.0753,14.3288,-225.278],"tool":false,"touchDistance":0.333333,"touchZone":"none","type":4,"width":15.8833}],"r":[[0.762266,0.359181,0.53846],[-0.393113,0.917801,-0.0557148],[-0.514211,-0.169206,0.840807]],"s":1.3349,"t":[53.7883,62.2883,-140.88],"timestamp":15579512969},false],[3,{"currentFrameRate":104.974,"devices":[],"gestures":[],"hands":[{"armBasis":[[0.949569,0.199103,-0.242234],[-0.0730359,0.891725,0.446646],[0.304934,-0.406429,0.861296]],"armWidth":63.029,"confidence":0.542079,"direction":[-0.0251744,0.609281,-0.792554],"elbow":[54.6382,120.695,279.682],"grabStrength":0,"id":369,"palmNormal":[0.0695053,-0.78982,-0.609387],"palmPosition":[-35.3684,257.88,4.54636],"palmVelocity":[133.268,72.1445,-230.655],"palmWidth":90.0033,"pinchStrength":0,"r":[[0.768365,0.350061,0.535792],[-0.377701,0.923853,-0.0619505],[-0.51668,-0.154769,0.842074]],"s":1.33337,"sphereCenter":[-68.7164,250.173,-29.4306],"sphereRadius":55.1886,"stabilizedPalmPosition":[-47.0021,256.73,21.8292],"t":[54.9874,63.0394,-142.756],"timeVisible":15.584,"type":"right","wrist":[-26.8012,229.241,49.6536]}],"id":1194357,"interactionBox":{"center":[0,200,0],"size":[235.247,235.247,147.751]},"pointables":[{"bases":[[[0.334217,0.853667,0.399439],[-0.823851,0.0587578,0.563753],[0.457787,-0.517494,0.722932]],[[0.293351,0.895244,0.335386],[-0.677777,-0.0526545,0.733379],[0.674213,-0.442454,0.59133]],[[0.293351,0.895244,0.335386],[-0.938211,0.202221,0.280834],[0.183593,-0.397045,0.899249]],[[0.293351,0.895244,0.335386],[-0.954305,0.29513,0.0469095],[-0.056987,-0.333821,0.940912]]],"btipPosition":[-92.258,259.721,-36.1148],"carpPosition":[-54.0953,216.755,45.1928],"dipPosition":[-93.5773,251.993,-14.3329],"direction":[-0.183593,0.397045,-0.899249],"extended":true,"handId":369,"id":3690,"length":51.5512,"mcpPosition":[-54.0953,216.755,45.1928],"pipPosition":[-87.3854,238.602,15.9951],"stabilizedTipPosition":[-109.36,257.821,-2.16556],"timeVisible":15.584,"tipPosition":[-92.8161,259.208,-29.8471],"tipVelocity":[167.451,84.7797,-293.153],"tool":false,"touchDistance":-0.48029,"touchZone":"hovering","type":0,"width":20.0304},{"bases":[[[0.97888,0.171727,-0.110925],[-0.0972562,0.868426,0.486187],[0.179822,-0.46513,0.866786]],[[0.962973,0.205526,-0.174478],[0.0166021,0.600741,0.799271],[0.269087,-0.772573,0.575085]],[[0.962973,0.205526,-0.174478],[-0.0414461,0.75234,0.657469],[0.266394,-0.625894,0.733002]],[[0.962973,0.205526,-0.174478],[-0.0927914,0.860305,0.501263],[0.253127,-0.466513,0.847522]]],"btipPosition":[-82.9182,328.571,-70.5953],"carpPosition":[-47.75,239.042,48.7696],"dipPosition":[-78.6403,320.686,-56.2719],"direction":[-0.266394,0.625894,-0.733002],"extended":true,"handId":369,"id":3691,"length":58.1698,"mcpPosition":[-60.836,272.891,-14.308],"pipPosition":[-72.2712,305.722,-38.7471],"stabilizedTipPosition":[-100.849,326.609,-43.1598],"timeVisible":15.584,"tipPosition":[-82.2281,326.981,-66.843],"tipVelocity":[269.686,147.222,-253.57],"tool":false,"touchDistance":-0.57935,"touchZone":"hovering","type":1,"width":19.133},{"bases":[[[0.996316,-0.0432707,-0.0740464],[0.0736067,0.874534,0.479347],[0.0440144,-0.483031,0.874496]],[[0.995997,-0.0400228,-0.079923],[-0.0361472,0.637423,-0.769666],[0.0817489,0.769474,0.633425]],[[0.995997,-0.0400228,-0.079923],[-0.0864833,-0.657442,-0.748526],[-0.0225865,0.752442,-0.658271]],[[0.995997,-0.0400228,-0.079923],[-0.0572192,-0.972421,-0.226106],[-0.0686693,0.229774,-0.970818]]],"btipPosition":[-41.2476,214.057,-6.24216],"carpPosition":[-36.2243,242.845,47.7467],"dipPosition":[-42.5241,218.328,-24.2879],"direction":[0.0225865,-0.752442,0.658271],"extended":false,"handId":369,"id":3692,"length":66.2798,"mcpPosition":[-39.2618,276.179,-12.6036],"pipPosition":[-43.1594,239.493,-42.8038],"stabilizedTipPosition":[-45.9679,211.792,4.63862],"timeVisible":15.584,"tipPosition":[-41.5022,214.958,-9.93643],"tipVelocity":[45.6632,69.8524,-214.273],"tool":false,"touchDistance":0.333333,"touchZone":"none","type":2,"width":18.7912},{"bases":[[[0.983531,-0.179683,0.019527],[0.145966,0.853364,0.500464],[-0.106589,-0.489372,0.865537]],[[0.986164,-0.165692,-0.00509858],[0.100176,0.62017,-0.778045],[0.132078,0.76677,0.628188]],[[0.986164,-0.165692,-0.00509858],[-0.114195,-0.656728,-0.745431],[0.120163,0.7357,-0.666563]],[[0.986164,-0.165692,-0.00509858],[-0.162388,-0.959406,-0.230588],[0.0333149,0.228225,-0.973038]]],"btipPosition":[-27.288,215.549,1.4244],"carpPosition":[-24.1468,243.492,46.5685],"dipPosition":[-26.6723,219.767,-16.5587],"direction":[-0.120163,-0.7357,0.666563],"extended":false,"handId":369,"id":3693,"length":63.7298,"mcpPosition":[-17.5425,273.814,-7.06077],"pipPosition":[-23.3796,239.927,-34.8236],"stabilizedTipPosition":[-32.2712,214.839,11.3288],"timeVisible":15.584,"tipPosition":[-27.1914,216.394,-2.52887],"tipVelocity":[52.7937,47.0109,-197.176],"tool":false,"touchDistance":0.333333,"touchZone":"none","type":3,"width":17.881},{"bases":[[[0.926856,-0.373629,0.0366109],[0.28717,0.768418,0.571898],[-0.24181,-0.519553,0.819508]],[[0.892384,-0.431598,0.13181],[0.389135,0.588036,-0.709075],[0.228527,0.684059,0.692704]],[[0.892384,-0.431598,0.13181],[-0.164107,-0.58245,-0.796129],[0.42038,0.688822,-0.590597]],[[0.892384,-0.431598,0.13181],[-0.375631,-0.872282,-0.313091],[0.250104,0.229886,-0.940532]]],"btipPosition":[-18.3728,225.699,0.391584],"carpPosition":[-11.8521,237.071,44.1614],"dipPosition":[-14.1086,229.619,-15.6444],"direction":[-0.42038,-0.688822,0.590597],"extended":false,"handId":369,"id":3694,"length":49.963,"mcpPosition":[2.01728,266.871,-2.84265],"pipPosition":[-5.97562,242.945,-27.0705],"stabilizedTipPosition":[-24.2678,227.253,10.7414],"timeVisible":15.584,"tipPosition":[-17.3118,226.548,-3.35192],"tipVelocity":[65.8728,26.4457,-185.749],"tool":false,"touchDistance":0.333333,"touchZone":"none","type":4,"width":15.8833}],"r":[[0.768365,0.350061,0.535792],[-0.377701,0.923853,-0.0619505],[-0.51668,-0.154769,0.842074]],"s":1.33337,"t":[54.9874,63.0394,-142.756],"timestamp":15579522287},false],[4,{"currentFrameRate":104.982,"devices":[],"gestures":[],"hands":[{"armBasis":[[0.952767,0.183012,-0.242368],[-0.0617708,0.898136,0.435358],[0.297355,-0.399823,0.867019]],"armWidth":63.029,"confidence":0.543237,"direction":[-0.0169857,0.618762,-0.785395],"elbow":[53.352,123.278,279.817],"grabStrength":0,"id":369,"palmNormal":[0.0595112,-0.78349,-0.618548],"palmPosition":[-34.242,259.33,3.48846],"palmVelocity":[129.008,95.2763,-196.311],"palmWidth":90.0033,"pinchStrength":0,"r":[[0.773967,0.339429,0.534567],[-0.362889,0.929574,-0.0648372],[-0.518928,-0.143807,0.842635]],"s":1.33198,"sphereCenter":[-67.4477,252.778,-30.3672],"sphereRadius":55.0345,"stabilizedPalmPosition":[-45.9797,256.938,20.3597],"t":[56.1502,64.1403,-144.222],"timeVisible":15.5935,"type":"right","wrist":[-26.0633,230.059,48.2603]}],"id":1194358,"interactionBox":{"center":[0,200,0],"size":[235.247,235.247,147.751]},"pointables":[{"bases":[[[0.345083,0.844551,0.409452],[-0.823237,0.0628356,0.56421],[0.450776,-0.531776,0.716949]],[[0.297576,0.894138,0.334613],[-0.684268,-0.0446577,0.727862],[0.665752,-0.445559,0.598541]],[[0.297576,0.894138,0.334613],[-0.939133,0.211125,0.271026],[0.171689,-0.394897,0.90254]],[[0.297576,0.894138,0.334613],[-0.95252,0.301725,0.0408352],[-0.0644487,-0.330877,0.941471]]],"btipPosition":[-90.6857,260.959,-38.1397],"carpPosition":[-53.515,217.981,43.6478],"dipPosition":[-92.1777,253.299,-16.3449],"direction":[-0.171689,0.394897,-0.902541],"extended":true,"handId":369,"id":3690,"length":51.5512,"mcpPosition":[-53.515,217.981,43.6478],"pipPosition":[-86.3874,239.981,14.0941],"stabilizedTipPosition":[-108.866,257.858,-2.99999],"timeVisible":15.5935,"tipPosition":[-91.3238,260.662,-31.7636],"tipVelocity":[165.644,98.3116,-269.994],"tool":false,"touchDistance":-0.490924,"touchZone":"hovering","type":0,"width":20.0304},{"bases":[[[0.981062,0.160325,-0.108688],[-0.0861956,0.863881,0.496267],[0.173457,-0.4775,0.86134]],[[0.966162,0.194031,-0.16995],[0.0250308,0.585246,0.81047],[0.256719,-0.787299,0.560585]],[[0.966162,0.194031,-0.16995],[-0.0301672,0.739365,0.672628],[0.256166,-0.644741,0.7202]],[[0.966162,0.194031,-0.16995],[-0.0794821,0.85078,0.519476],[0.245385,-0.48839,0.837414]]],"btipPosition":[-80.6872,332.015,-70.3895],"carpPosition":[-46.8832,240.14,47.486],"dipPosition":[-76.5401,323.761,-56.2369],"direction":[-0.256166,0.644741,-0.7202],"extended":true,"handId":369,"id":3691,"length":58.1698,"mcpPosition":[-59.506,274.889,-15.1953],"pipPosition":[-70.4156,308.346,-39.0182],"stabilizedTipPosition":[-97.9427,327.092,-46.4598],"timeVisible":15.5935,"tipPosition":[-80.0398,330.139,-66.8751],"tipVelocity":[258.689,206.487,-175.598],"tool":false,"touchDistance":-0.54725,"touchZone":"hovering","type":1,"width":19.133},{"bases":[[[0.9957,-0.0552966,-0.0743169],[0.0847347,0.867855,0.489537],[0.0374266,-0.49373,0.86881]],[[0.995429,-0.0520107,-0.0800953],[-0.0273029,0.648695,-0.760559],[0.0915146,0.759269,0.64431]],[[0.995429,-0.0520107,-0.0800953],[-0.0947048,-0.645654,-0.757734],[-0.0123036,0.761857,-0.647629]],[[0.995429,-0.0520107,-0.0800953],[-0.0698236,-0.968546,-0.238837],[-0.0651539,0.243338,-0.967751]]],"btipPosition":[-40.6977,215.725,-7.96157],"carpPosition":[-35.3088,243.805,46.5102],"dipPosition":[-41.9088,220.248,-25.9503],"direction":[0.0123036,-0.761857,0.647629],"extended":false,"handId":369,"id":3692,"length":66.2798,"mcpPosition":[-37.8917,277.878,-13.4476],"pipPosition":[-42.2549,241.678,-44.1669],"stabilizedTipPosition":[-45.864,211.895,4.29033],"timeVisible":15.5935,"tipPosition":[-40.9354,216.679,-11.613],"tipVelocity":[49.6173,101.971,-204.254],"tool":false,"touchDistance":0.333333,"touchZone":"none","type":2,"width":18.7912},{"bases":[[[0.981116,-0.192615,0.0176551],[0.156806,0.845506,0.510423],[-0.113242,-0.498016,0.859742]],[[0.983967,-0.178211,-0.00707946],[0.107753,0.625633,-0.77264],[0.142122,0.759489,0.634805]],[[0.983967,-0.178211,-0.00707946],[-0.122943,-0.648984,-0.750803],[0.129207,0.739636,-0.660488]],[[0.983967,-0.178211,-0.00707946],[-0.174702,-0.955084,-0.239359],[0.0358951,0.236758,-0.970905]]],"btipPosition":[-26.6919,216.959,0.0590498],"carpPosition":[-23.2235,244.31,45.3424],"dipPosition":[-26.0285,221.334,-17.8846],"direction":[-0.129207,-0.739636,0.660488],"extended":false,"handId":369,"id":3693,"length":63.7298,"mcpPosition":[-16.2069,275.167,-7.9278],"pipPosition":[-22.488,241.601,-35.9831],"stabilizedTipPosition":[-32.1597,214.9,11.0294],"timeVisible":15.5935,"tipPosition":[-26.5877,217.844,-3.96635],"tipVelocity":[55.9721,77.2129,-181.488],"tool":false,"touchDistance":0.333333,"touchZone":"none","type":3,"width":17.881},{"bases":[[[0.921929,-0.385996,0.0324612],[0.296872,0.757912,0.580893],[-0.248825,-0.525905,0.813332]],[[0.888078,-0.442718,0.123767],[0.391,0.585894,-0.709822],[0.241736,0.67877,0.693422]],[[0.888078,-0.442718,0.123767],[-0.176702,-0.577318,-0.79717],[0.424374,0.68608,-0.590932]],[[0.888078,-0.442718,0.123767],[-0.387258,-0.865584,-0.317484],[0.247686,0.234021,-0.940152]]],"btipPosition":[-17.6284,226.918,-0.577407],"carpPosition":[-11.012,237.758,42.8633],"dipPosition":[-13.4054,230.908,-16.6069],"direction":[-0.424374,-0.68608,0.590932],"extended":false,"handId":369,"id":3694,"length":49.963,"mcpPosition":[3.25973,267.922,-3.78651],"pipPosition":[-5.19518,244.182,-28.0395],"stabilizedTipPosition":[-24.1192,227.264,10.4484],"timeVisible":15.5935,"tipPosition":[-16.5841,227.823,-4.47432],"tipVelocity":[69.1558,56.2083,-161.587],"tool":false,"touchDistance":0.333333,"touchZone":"none","type":4,"width":15.8833}],"r":[[0.773967,0.339429,0.534567],[-0.362889,0.929574,-0.0648372],[-0.518928,-0.143807,0.842635]],"s":1.33198,"t":[56.1502,64.1403,-144.222],"timestamp":15579531796},false],[5,{"currentFrameRate":105.02,"devices":[],"gestures":[],"hands":[{"armBasis":[[0.954863,0.166918,-0.245714],[-0.0491053,0.904507,0.423622],[0.29296,-0.392435,0.871877]],"armWidth":63.029,"confidence":0.540634,"direction":[-0.011143,0.622849,-0.782263],"elbow":[52.9792,126.687,279.875],"grabStrength":0,"id":369,"palmNormal":[0.0478251,-0.781084,-0.622592],"palmPosition":[-33.1842,261.092,2.41786],"palmVelocity":[124.115,121.357,-172.545],"palmWidth":90.0033,"pinchStrength":0,"r":[[0.779451,0.328329,0.533531],[-0.348618,0.934935,-0.0660419],[-0.520501,-0.134522,0.843198]],"s":1.33001,"sphereCenter":[-66.1931,255.33,-31.2314],"sphereRadius":54.7835,"stabilizedPalmPosition":[-44.8301,257.311,18.7476],"t":[57.2605,65.5718,-145.491],"timeVisible":15.603,"type":"right","wrist":[-25.2624,231.495,47.0214]}],"id":1194359,"interactionBox":{"center":[0,200,0],"size":[235.247,235.247,147.751]},"pointables":[{"bases":[[[0.356961,0.838007,0.412702],[-0.820862,0.0705437,0.566753],[0.445829,-0.541081,0.71307]],[[0.299831,0.897824,0.322512],[-0.692034,-0.0280028,0.721322],[0.656651,-0.439464,0.612928]],[[0.299831,0.897824,0.322512],[-0.940575,0.22171,0.257221],[0.159435,-0.380469,0.910946]],[[0.299831,0.897824,0.322512],[-0.951416,0.306243,0.0319755],[-0.0700584,-0.31643,0.946025]]],"btipPosition":[-89.0569,261.648,-40.4633],"carpPosition":[-52.8786,219.792,42.4236],"dipPosition":[-90.6787,254.323,-18.563],"direction":[-0.159435,0.380469,-0.910946],"extended":true,"handId":369,"id":3690,"length":51.5512,"mcpPosition":[-52.8786,219.792,42.4236],"pipPosition":[-85.3016,241.491,12.1595],"stabilizedTipPosition":[-108.349,257.914,-3.86164],"timeVisible":15.603,"tipPosition":[-89.7973,261.715,-33.8892],"tipVelocity":[166.652,93.3856,-262.343],"tool":false,"touchDistance":-0.504654,"touchZone":"hovering","type":0,"width":20.0304},{"bases":[[[0.982743,0.148297,-0.110559],[-0.0738021,0.86242,0.500785],[0.169613,-0.483983,0.858482]],[[0.968473,0.181787,-0.170336],[0.0345775,0.579041,0.814565],[0.246709,-0.794774,0.554499]],[[0.968473,0.181787,-0.170336],[-0.0187359,0.734963,0.677848],[0.248414,-0.653286,0.715198]],[[0.968473,0.181787,-0.170336],[-0.0668144,0.84824,0.525381],[0.239993,-0.497436,0.833643]]],"btipPosition":[-78.7757,334.867,-70.8718],"carpPosition":[-45.9533,241.846,46.3537],"dipPosition":[-74.7198,326.46,-56.783],"direction":[-0.248414,0.653286,-0.715198],"extended":true,"handId":369,"id":3691,"length":58.1698,"mcpPosition":[-58.2964,277.066,-16.1196],"pipPosition":[-68.7806,310.841,-39.6838],"stabilizedTipPosition":[-94.3427,328.138,-50.2518],"timeVisible":15.603,"tipPosition":[-78.1671,332.909,-67.4248],"tipVelocity":[241.897,232.683,-140.393],"tool":false,"touchDistance":-0.528314,"touchZone":"hovering","type":1,"width":19.133},{"bases":[[[0.994709,-0.0676631,-0.0772988],[0.0971466,0.86424,0.49361],[0.0334056,-0.498508,0.866241]],[[0.994467,-0.0643686,-0.0830192],[-0.0208224,0.65382,-0.756364],[0.102966,0.753907,0.648862]],[[0.994467,-0.0643686,-0.0830192],[-0.104971,-0.639538,-0.761559],[-0.00407334,0.76606,-0.642756]],[[0.994467,-0.0643686,-0.0830192],[-0.08293,-0.966147,-0.2443],[-0.0644835,0.249833,-0.966139]]],"btipPosition":[-40.2369,217.633,-9.31389],"carpPosition":[-34.3356,245.367,45.3647],"dipPosition":[-41.4356,222.277,-27.2727],"direction":[0.00407334,-0.76606,0.642756],"extended":false,"handId":369,"id":3692,"length":66.2798,"mcpPosition":[-36.641,279.769,-14.4159],"pipPosition":[-41.5501,243.825,-45.3522],"stabilizedTipPosition":[-45.7561,212.033,3.9327],"timeVisible":15.603,"tipPosition":[-40.4702,218.614,-12.9483],"tipVelocity":[49.4563,131.407,-186.536],"tool":false,"touchDistance":0.333333,"touchZone":"none","type":2,"width":18.7912},{"bases":[[[0.978611,-0.205241,0.0140292],[0.168981,0.840866,0.514189],[-0.117329,-0.50082,0.857562]],[[0.9816,-0.190639,-0.0108323],[0.113199,0.626672,-0.771018],[0.153775,0.755605,0.636722]],[[0.9816,-0.190639,-0.0108323],[-0.133604,-0.64518,-0.752258],[0.136421,0.739864,-0.658779]],[[0.9816,-0.190639,-0.0108323],[-0.187553,-0.951953,-0.242093],[0.0358405,0.23967,-0.970193]]],"btipPosition":[-26.1747,218.657,-1.12646],"carpPosition":[-22.2479,245.723,44.1666],"dipPosition":[-25.5124,223.086,-19.057],"direction":[-0.136421,-0.739864,0.658779],"extended":false,"handId":369,"id":3693,"length":63.7298,"mcpPosition":[-14.9781,276.754,-8.96861],"pipPosition":[-21.7742,243.36,-37.1086],"stabilizedTipPosition":[-32.0474,214.987,10.7313],"timeVisible":15.603,"tipPosition":[-26.073,219.559,-5.19788],"tipVelocity":[55.6051,106.912,-165.352],"tool":false,"touchDistance":0.333333,"touchZone":"none","type":3,"width":17.881},{"bases":[[[0.916991,-0.397922,0.0280355],[0.3081,0.751135,0.583841],[-0.253381,-0.526739,0.811384]],[[0.883116,-0.454042,0.118113],[0.395037,0.583842,-0.709277],[0.253083,0.673034,0.694964]],[[0.883116,-0.454042,0.118113],[-0.187201,-0.571877,-0.798694],[0.430187,0.683229,-0.590031]],[[0.883116,-0.454042,0.118113],[-0.39903,-0.85933,-0.319885],[0.24674,0.235365,-0.940065]]],"btipPosition":[-16.9763,228.469,-1.78005],"carpPosition":[-10.128,239.028,41.6217],"dipPosition":[-12.7694,232.482,-17.8081],"direction":[-0.430187,-0.683229,0.590031],"extended":false,"handId":369,"id":3694,"length":49.963,"mcpPosition":[4.40505,269.24,-4.91631],"pipPosition":[-4.44671,245.7,-29.2232],"stabilizedTipPosition":[-23.9712,227.303,10.1578],"timeVisible":15.603,"tipPosition":[-15.9455,229.388,-5.69461],"tipVelocity":[68.9975,87.225,-151.746],"tool":false,"touchDistance":0.333333,"touchZone":"none","type":4,"width":15.8833}],"r":[[0.779451,0.328329,0.533531],[-0.348618,0.934935,-0.0660419],[-0.520501,-0.134522,0.843198]],"s":1.33001,"t":[57.2605,65.5718,-145.491],"timestamp":15579541248},false],[6,{"currentFrameRate":105.08,"devices":[],"gestures":[],"hands":[{"armBasis":[[0.95931,0.13785,-0.246416],[-0.0234836,0.908652,0.416894],[0.281375,-0.394144,0.874916]],"armWidth":63.029,"confidence":0.543428,"direction":[-0.0226979,0.631846,-0.774761],"elbow":[51.3638,126.902,279.841],"grabStrength":0,"id":369,"palmNormal":[0.0183622,-0.774567,-0.632226],"palmPosition":[-32.4545,262.391,2.13517],"palmVelocity":[110.85,126.129,-131.934],"palmWidth":90.0033,"pinchStrength":0,"r":[[0.787615,0.315732,0.529127],[-0.334572,0.940259,-0.0630394],[-0.517421,-0.12738,0.846198]],"s":1.32613,"sphereCenter":[-65.9633,257.7,-30.4827],"sphereRadius":54.4001,"stabilizedPalmPosition":[-43.5074,257.854,16.9722],"t":[58.1804,66.937,-146.267],"timeVisible":15.6124,"type":"right","wrist":[-23.7837,232.167,46.1751]}],"id":1194360,"interactionBox":{"center":[0,200,0],"size":[235.247,235.247,147.751]},"pointables":[{"bases":[[[0.381373,0.827586,0.411893],[-0.803805,0.0768116,0.589914],[0.456566,-0.556058,0.694511]],[[0.309076,0.901211,0.303795],[-0.690241,-0.00718182,0.723544],[0.654247,-0.433322,0.619833]],[[0.309076,0.901211,0.303795],[-0.938025,0.236214,0.253597],[0.156784,-0.363348,0.918366]],[[0.309076,0.901211,0.303795],[-0.947958,0.317618,0.0222186],[-0.0764672,-0.294852,0.952478]]],"btipPosition":[-87.5194,261.424,-41.4153],"carpPosition":[-51.6976,220.948,42.2122],"dipPosition":[-89.2896,254.598,-19.3656],"direction":[-0.156784,0.363348,-0.918366],"extended":true,"handId":369,"id":3690,"length":51.5512,"mcpPosition":[-51.6976,220.948,42.2122],"pipPosition":[-84.0019,242.344,11.6071],"stabilizedTipPosition":[-107.791,257.967,-4.7494],"timeVisible":15.6124,"tipPosition":[-88.4964,261.809,-34.5906],"tipVelocity":[164.708,63.4442,-215.378],"tool":false,"touchDistance":-0.496287,"touchZone":"hovering","type":0,"width":20.0304},{"bases":[[[0.981572,0.134259,-0.135978],[-0.0463743,0.857683,0.512083],[0.185378,-0.496341,0.848104]],[[0.966546,0.167987,-0.193829],[0.0654792,0.569045,0.819696],[0.247995,-0.804965,0.539008]],[[0.966546,0.167987,-0.193829],[0.0109824,0.727888,0.685608],[0.256258,-0.6648,0.701692]],[[0.966546,0.167987,-0.193829],[-0.039376,0.843907,0.535042],[0.253453,-0.50951,0.82229]]],"btipPosition":[-78.7579,337.678,-69.1052],"carpPosition":[-44.3185,242.845,46.1921],"dipPosition":[-74.4744,329.067,-55.2082],"direction":[-0.256258,0.6648,-0.701692],"extended":true,"handId":369,"id":3691,"length":58.1698,"mcpPosition":[-57.8088,278.964,-15.526],"pipPosition":[-68.3477,313.172,-38.4319],"stabilizedTipPosition":[-90.4527,329.913,-53.9274],"timeVisible":15.6124,"tipPosition":[-78.1137,335.682,-65.6854],"tipVelocity":[175.08,250.108,-48.1839],"tool":false,"touchDistance":-0.477977,"touchZone":"touching","type":1,"width":19.133},{"bases":[[[0.99102,-0.0822271,-0.105438],[0.124321,0.856929,0.500218],[0.0492212,-0.508834,0.859456]],[[0.990675,-0.0788753,-0.111094],[-0.030991,0.663561,-0.74748],[0.132675,0.743953,0.654929]],[[0.990675,-0.0788753,-0.111094],[-0.135926,-0.628098,-0.76617],[-0.00934607,0.774126,-0.632962]],[[0.990675,-0.0788753,-0.111094],[-0.104977,-0.961659,-0.253363],[-0.0868505,0.262662,-0.960971]]],"btipPosition":[-40.5231,219.184,-9.94925],"carpPosition":[-32.6779,246.196,44.9219],"dipPosition":[-42.1375,224.066,-27.812],"direction":[0.00934607,-0.774126,0.632962],"extended":false,"handId":369,"id":3692,"length":66.2798,"mcpPosition":[-36.0748,281.311,-14.3905],"pipPosition":[-42.4004,245.841,-45.616],"stabilizedTipPosition":[-45.6507,212.212,3.54269],"timeVisible":15.6124,"tipPosition":[-40.8387,220.216,-13.5551],"tipVelocity":[23.7907,142.61,-151.954],"tool":false,"touchDistance":0.333333,"touchZone":"none","type":2,"width":18.7912},{"bases":[[[0.975252,-0.220573,-0.015219],[0.196313,0.832207,0.518549],[-0.101713,-0.508703,0.854912]],[[0.977791,-0.205733,-0.0399979],[0.101946,0.633618,-0.7669],[0.18312,0.74579,0.640519]],[[0.977791,-0.205733,-0.0399979],[-0.164376,-0.634385,-0.755339],[0.130024,0.745138,-0.654113]],[[0.977791,-0.205733,-0.0399979],[-0.209179,-0.946096,-0.247276],[0.0130309,0.250151,-0.968119]]],"btipPosition":[-26.218,219.896,-2.06796],"carpPosition":[-20.6235,246.377,43.3949],"dipPosition":[-25.9772,224.519,-19.9601],"direction":[-0.130024,-0.745138,0.654113],"extended":false,"handId":369,"id":3693,"length":63.7298,"mcpPosition":[-14.3213,277.897,-9.57608],"pipPosition":[-22.4143,244.937,-37.8839],"stabilizedTipPosition":[-31.9402,215.096,10.4232],"timeVisible":15.6124,"tipPosition":[-26.2135,220.843,-6.13047],"tipVelocity":[35.5086,115.328,-146.486],"tool":false,"touchDistance":0.333333,"touchZone":"none","type":3,"width":17.881},{"bases":[[[0.910992,-0.41242,-0.00163859],[0.335848,0.739535,0.583348],[-0.239373,-0.531976,0.812221]],[[0.878875,-0.468803,0.0883316],[0.384205,0.585824,-0.71358],[0.282782,0.661085,0.694982]],[[0.878875,-0.468803,0.0883316],[-0.218231,-0.559747,-0.799412],[0.42421,0.683306,-0.594255]],[[0.878875,-0.468803,0.0883316],[-0.421103,-0.849392,-0.318129],[0.224168,0.242399,-0.943923]]],"btipPosition":[-16.8756,229.562,-2.85958],"carpPosition":[-8.6855,239.525,40.4434],"dipPosition":[-13.0535,233.695,-18.9534],"direction":[-0.42421,-0.683306,0.594255],"extended":false,"handId":369,"id":3694,"length":49.963,"mcpPosition":[5.04406,270.037,-6.14269],"pipPosition":[-4.84646,246.915,-30.4502],"stabilizedTipPosition":[-23.8321,227.359,9.86623],"timeVisible":15.6124,"tipPosition":[-15.9444,230.514,-6.78963],"tipVelocity":[49.7025,96.3364,-141.666],"tool":false,"touchDistance":0.333333,"t