{"sensorType":"Leap","data":[[0,{"currentFrameRate":109.532,"devices":[],"gestures":[],"hands":[{"armBasis":[[0.913041,-0.132567,-0.385722],[0.273923,0.899992,0.339087],[0.302195,-0.415258,0.858043]],"armWidth":63.029,"confidence":0.855394,"direction":[0.0644976,0.773,-0.631119],"elbow":[64.034,126.484,283.694],"grabStrength":0,"id":363,"palmNormal":[-0.278989,-0.59325,-0.755129],"palmPosition":[-21.6453,277.837,18.9343],"palmVelocity":[184.829,143.567,-186.162],"palmWidth":90.0033,"pinchStrength":0.362913,"r":[[0.718077,-0.0613991,0.69325],[0.186417,0.976671,-0.106592],[-0.670533,0.205775,0.712771]],"s":0.909984,"sphereCenter":[-39.9637,268.747,-23.7579],"sphereRadius":46.2732,"stabilizedPalmPosition":[-34.5543,269.276,31.4582],"t":[175.096,-51.1199,-160.651],"timeVisible":7.23991,"type":"right","wrist":[-16.6739,237.388,54.5344]}],"id":1176758,"interactionBox":{"center":[0,200,0],"size":[235.247,235.247,147.751]},"pointables":[{"bases":[[[0.647668,0.591005,0.480872],[-0.671497,0.144536,0.726774],[0.360024,-0.793613,0.49047]],[[0.402364,0.894727,0.193823],[-0.661153,0.137554,0.737533],[0.633229,-0.424903,0.646898]],[[0.402364,0.894727,0.193823],[-0.901358,0.350133,0.254875],[0.16018,-0.277256,0.94735]],[[0.402364,0.894727,0.193823],[-0.915377,0.390025,0.0998272],[0.0137222,-0.217588,0.975944]]],"btipPosition":[-83.8772,270.14,-32.8785],"carpPosition":[-46.8908,234.772,53.606],"dipPosition":[-83.5595,265.103,-10.2856],"direction":[-0.16018,0.277256,-0.94735],"extended":false,"handId":363,"id":3630,"length":51.5512,"mcpPosition":[-46.8908,234.772,53.606],"pipPosition":[-78.1573,255.753,21.6646],"stabilizedTipPosition":[-100.784,259.047,-9.11979],"timeVisible":7.23991,"tipPosition":[-83.0826,268.625,-27.782],"tipVelocity":[211.319,143.685,-226.197],"tool":false,"touchDistance":-0.58516,"touchZone":"hovering","type":0,"width":20.0304},{"bases":[[[0.955353,-0.0918003,-0.280843],[0.261471,0.705324,0.658901],[0.137598,-0.702916,0.697837]],[[0.953668,-0.0835236,-0.289034],[0.215541,0.859923,0.462681],[0.209903,-0.503543,0.838084]],[[0.953668,-0.0835236,-0.289034],[0.149406,0.965339,0.214005],[0.261142,-0.247273,0.933092]],[[0.953668,-0.0835236,-0.289034],[0.093228,0.995445,0.0199471],[0.286052,-0.045969,0.957111]]],"btipPosition":[-63.1795,331.875,-64.7667],"carpPosition":[-33.1683,252.635,60.1159],"dipPosition":[-58.3451,331.098,-48.5912],"direction":[-0.261142,0.247273,-0.933092],"extended":true,"handId":363,"id":3631,"length":58.1698,"mcpPosition":[-43.1815,303.788,9.3331],"pipPosition":[-52.1017,325.186,-26.2826],"stabilizedTipPosition":[-67.802,325.861,-56.8064],"timeVisible":7.23991,"tipPosition":[-62.4225,329.259,-61.298],"tipVelocity":[270.423,279.87,-195.177],"tool":false,"touchDistance":-0.580686,"touchZone":"hovering","type":1,"width":19.133},{"bases":[[[0.906494,-0.304809,-0.292165],[0.422178,0.664046,0.617097],[0.00591442,-0.68274,0.730638]],[[0.906492,-0.304628,-0.292359],[0.125476,0.855507,-0.502358],[0.403147,0.4187,0.813734]],[[0.906492,-0.304628,-0.292359],[-0.389293,-0.334929,-0.858064],[0.163471,0.891641,-0.4222]],[[0.906492,-0.304628,-0.292359],[-0.403196,-0.83007,-0.385248],[-0.125321,0.467102,-0.875277]]],"btipPosition":[-43.1953,246.518,-3.63883],"carpPosition":[-21.2974,253.126,57.435],"dipPosition":[-45.5248,255.2,-19.9087],"direction":[-0.163471,-0.891641,0.4222],"extended":false,"handId":363,"id":3632,"length":66.2798,"mcpPosition":[-21.7055,300.243,7.01263],"pipPosition":[-40.9267,280.281,-31.7843],"stabilizedTipPosition":[-56.2702,241.243,5.19856],"timeVisible":7.23991,"tipPosition":[-43.6002,248.365,-6.85144],"tipVelocity":[199.017,139.393,-194.913],"tool":false,"touchDistance":0.333333,"touchZone":"none","type":2,"width":18.7912},{"bases":[[[0.863062,-0.451143,-0.227144],[0.485837,0.61847,0.617622],[-0.138155,-0.643401,0.75296]],[[0.85802,-0.472178,-0.202114],[0.287465,0.767583,-0.57287],[0.425636,0.433433,0.794336]],[[0.85802,-0.472178,-0.202114],[-0.391668,-0.346945,-0.852188],[0.332262,0.810356,-0.482623]],[[0.85802,-0.472178,-0.202114],[-0.513368,-0.776157,-0.366108],[0.0159957,0.417886,-0.908358]]],"btipPosition":[-29.6156,241.368,2.1114],"carpPosition":[-9.96465,250.586,53.8587],"dipPosition":[-29.32,249.091,-14.6763],"direction":[-0.332262,-0.810356,0.482623],"extended":false,"handId":363,"id":3633,"length":63.7298,"mcpPosition":[-1.40448,290.452,7.2048],"pipPosition":[-20.2155,271.296,-27.901],"stabilizedTipPosition":[-39.0905,237.502,6.74986],"timeVisible":7.23991,"tipPosition":[-29.4428,243.146,-1.8803],"tipVelocity":[195.802,136.765,-171.226],"tool":false,"touchDistance":0.333333,"touchZone":"none","type":3,"width":17.881},{"bases":[[[0.749053,-0.618524,-0.237376],[0.600033,0.481482,0.638854],[-0.280854,-0.620969,0.731791]],[[0.702417,-0.699285,-0.132706],[0.53183,0.639554,-0.555093],[0.473041,0.319329,0.821134]],[[0.702417,-0.699285,-0.132706],[-0.408955,-0.243908,-0.879355],[0.582552,0.671945,-0.457301]],[[0.702417,-0.699285,-0.132706],[-0.683215,-0.610142,-0.401178],[0.199568,0.372461,-0.906336]]],"btipPosition":[-16.0233,246.866,1.25867],"carpPosition":[-0.914005,241.769,47.6512],"dipPosition":[-12.6206,253.217,-14.1943],"direction":[-0.582551,-0.671944,0.457301],"extended":false,"handId":363,"id":3634,"length":49.963,"mcpPosition":[15.1948,277.385,5.67827],"pipPosition":[-1.35019,266.217,-23.0415],"stabilizedTipPosition":[-23.7939,243.274,5.10599],"timeVisible":7.23991,"tipPosition":[-15.2209,248.349,-2.35031],"tipVelocity":[197.095,137.767,-171.79],"tool":false,"touchDistance":0.333333,"touchZone":"none","type":4,"width":15.8833}],"r":[[0.718077,-0.0613991,0.69325],[0.186417,0.976671,-0.106592],[-0.670533,0.205775,0.712771]],"s":0.909984,"t":[175.096,-51.1199,-160.651],"timestamp":15416682126},false],[1,{"currentFrameRate":109.583,"devices":[],"gestures":[],"hands":[{"armBasis":[[0.914941,-0.132277,-0.381295],[0.272568,0.899274,0.342072],[0.29764,-0.416905,0.858837]],"armWidth":63.029,"confidence":0.809996,"direction":[0.0655093,0.771203,-0.63321],"elbow":[64.1352,127.241,282.73],"grabStrength":0,"id":363,"palmNormal":[-0.276352,-0.59573,-0.754146],"palmPosition":[-20.2676,278.925,17.6264],"palmVelocity":[175.921,137.17,-174.757],"palmWidth":90.0033,"pinchStrength":0.362314,"r":[[0.713999,-0.0606641,0.697514],[0.188077,0.976241,-0.107617],[-0.674413,0.208024,0.708444]],"s":0.915535,"sphereCenter":[-38.6798,270.011,-24.9449],"sphereRadius":46.3426,"stabilizedPalmPosition":[-32.0987,270.934,29.0808],"t":[176.527,-49.9013,-162.073],"timeVisible":7.24894,"type":"right","wrist":[-15.3562,238.585,53.3588]}],"id":1176759,"interactionBox":{"center":[0,200,0],"size":[235.247,235.247,147.751]},"pointables":[{"bases":[[[0.645787,0.593029,0.480912],[-0.673631,0.146035,0.724496],[0.359417,-0.791827,0.49379]],[[0.401135,0.895573,0.192454],[-0.664091,0.139612,0.734501],[0.630931,-0.422442,0.650745]],[[0.401135,0.895573,0.192454],[-0.902242,0.349982,0.251938],[0.158273,-0.274701,0.948414]],[[0.401135,0.895573,0.192454],[-0.91594,0.389397,0.0970748],[0.0119965,-0.215217,0.976493]]],"btipPosition":[-82.3366,271.043,-34.3681],"carpPosition":[-45.5679,235.938,52.355],"dipPosition":[-82.0589,266.061,-11.7625],"direction":[-0.158273,0.274701,-0.948414],"extended":false,"handId":363,"id":3630,"length":51.5512,"mcpPosition":[-45.5679,235.938,52.355],"pipPosition":[-76.721,256.797,20.2236],"stabilizedTipPosition":[-97.8897,260.743,-12.2547],"timeVisible":7.24894,"tipPosition":[-81.5785,269.541,-29.2491],"tipVelocity":[199.797,132.017,-209.212],"tool":false,"touchDistance":-0.577276,"touchZone":"hovering","type":0,"width":20.0304},{"bases":[[[0.956209,-0.0917201,-0.277943],[0.258993,0.707504,0.657541],[0.136336,-0.700732,0.700277]],[[0.954737,-0.0844161,-0.285222],[0.216331,0.855179,0.471031],[0.204154,-0.511413,0.834732]],[[0.954737,-0.0844161,-0.285222],[0.154215,0.960424,0.231957],[0.254354,-0.265443,0.92997]],[[0.954737,-0.0844161,-0.285222],[0.101061,0.993901,0.0441235],[0.279758,-0.0709511,0.957445]]],"btipPosition":[-61.2866,334.105,-65.9987],"carpPosition":[-31.8802,253.833,58.8501],"dipPosition":[-56.5586,332.906,-49.8175],"direction":[-0.254354,0.265443,-0.92997],"extended":true,"handId":363,"id":3631,"length":58.1698,"mcpPosition":[-41.8016,304.826,7.88968],"pipPosition":[-50.4774,326.56,-27.5835],"stabilizedTipPosition":[-64.9782,328.821,-58.8383],"timeVisible":7.24894,"tipPosition":[-60.5836,331.388,-62.5675],"tipVelocity":[252.896,267.793,-178.933],"tool":false,"touchDistance":-0.569411,"touchZone":"hovering","type":1,"width":19.133},{"bases":[[[0.907581,-0.304808,-0.288773],[0.419853,0.666256,0.6163],[0.00454367,-0.680584,0.732656]],[[0.90758,-0.304703,-0.288886],[0.125934,0.853886,-0.504995],[0.400549,0.421942,0.813342]],[[0.90758,-0.304703,-0.288886],[-0.386619,-0.338074,-0.85804],[0.163782,0.890428,-0.424633]],[[0.90758,-0.304703,-0.288886],[-0.40139,-0.831543,-0.383957],[-0.123228,0.464428,-0.876996]]],"btipPosition":[-41.7295,247.499,-4.89369],"carpPosition":[-20.0024,254.327,56.2004],"dipPosition":[-44.0201,256.132,-21.1955],"direction":[-0.163782,-0.890428,0.424633],"extended":false,"handId":363,"id":3632,"length":66.2798,"mcpPosition":[-20.316,301.295,5.63873],"pipPosition":[-39.4132,281.178,-33.1396],"stabilizedTipPosition":[-53.8053,242.693,2.76395],"timeVisible":7.24894,"tipPosition":[-42.1288,249.348,-8.13384],"tipVelocity":[189.157,130.567,-179.703],"tool":false,"touchDistance":0.333333,"touchZone":"none","type":2,"width":18.7912},{"bases":[[[0.864107,-0.450991,-0.223441],[0.483554,0.620741,0.617135],[-0.139623,-0.641317,0.754466]],[[0.858988,-0.472062,-0.198236],[0.288598,0.766234,-0.574106],[0.422908,0.435939,0.794421]],[[0.858988,-0.472062,-0.198236],[-0.388862,-0.349654,-0.852366],[0.333056,0.809259,-0.483915]],[[0.858988,-0.472062,-0.198236],[-0.51167,-0.77766,-0.365293],[0.0182813,0.415213,-0.90954]]],"btipPosition":[-28.161,242.408,0.875624],"carpPosition":[-8.65751,251.787,52.6628],"dipPosition":[-27.8231,250.082,-15.9339],"direction":[-0.333056,-0.809259,0.483915],"extended":false,"handId":363,"id":3633,"length":63.7298,"mcpPosition":[-0.0063455,291.524,5.91553],"pipPosition":[-18.6968,272.257,-29.194],"stabilizedTipPosition":[-36.7272,238.934,4.65859],"timeVisible":7.24894,"tipPosition":[-27.9788,244.171,-3.11321],"tipVelocity":[186.512,130.473,-161.889],"tool":false,"touchDistance":0.333333,"touchZone":"none","type":3,"width":17.881},{"bases":[[[0.750285,-0.618509,-0.233495],[0.59782,0.483925,0.639084],[-0.282285,-0.619082,0.732838]],[[0.703407,-0.699045,-0.128661],[0.532818,0.638383,-0.555493],[0.47045,0.322185,0.821507]],[[0.703407,-0.699045,-0.128661],[-0.406279,-0.246892,-0.879763],[0.583229,0.671104,-0.457673]],[[0.703407,-0.699045,-0.128661],[-0.681552,-0.611954,-0.401247],[0.201755,0.369929,-0.906889]]],"btipPosition":[-14.5685,247.909,0.0570551],"carpPosition":[0.418476,242.96,46.5061],"dipPosition":[-11.1286,254.216,-15.4053],"direction":[-0.583229,-0.671104,0.457673],"extended":false,"handId":363,"id":3634,"length":49.963,"mcpPosition":[16.6093,278.469,4.47309],"pipPosition":[0.154992,267.2,-24.2598],"stabilizedTipPosition":[-21.4834,244.678,3.12108],"timeVisible":7.24894,"tipPosition":[-13.7573,249.381,-3.55361],"tipVelocity":[187.418,131.308,-161.169],"tool":false,"touchDistance":0.333333,"touchZone":"none","type":4,"width":15.8833}],"r":[[0.713999,-0.0606641,0.697514],[0.188077,0.976241,-0.107617],[-0.674413,0.208024,0.708444]],"s":0.915535,"t":[176.527,-49.9013,-162.073],"timestamp":15416691161},false],[2,{"currentFrameRate":109.566,"devices":[],"gestures":[],"hands":[{"armBasis":[[0.915548,-0.143257,-0.375831],[0.279672,0.898296,0.338892],[0.289059,-0.415381,0.862499]],"armWidth":63.029,"confidence":0.819999,"direction":[0.0710171,0.76966,-0.634492],"elbow":[63.1904,128.515,282.404],"grabStrength":0,"id":363,"palmNormal":[-0.281539,-0.594768,-0.752985],"palmPosition":[-18.6341,279.771,16.2612],"palmVelocity":[176.607,124.699,-167.605],"palmWidth":90.0033,"pinchStrength":0.362188,"r":[[0.71073,-0.0609467,0.70082],[0.190909,0.975563,-0.108769],[-0.677065,0.211098,0.704997]],"s":0.920211,"sphereCenter":[-37.2145,271.094,-26.2296],"sphereRadius":46.3836,"stabilizedPalmPosition":[-29.6986,272.509,26.7957],"t":[178.059,-48.8688,-163.467],"timeVisible":7.2581,"type":"right","wrist":[-14.0092,239.451,52.0545]}],"id":1176760,"interactionBox":{"center":[0,200,0],"size":[235.247,235.247,147.751]},"pointables":[{"bases":[[[0.650735,0.588762,0.479482],[-0.671929,0.152418,0.724762],[0.353631,-0.793806,0.49479]],[[0.408443,0.892586,0.190958],[-0.663189,0.146446,0.733985],[0.627179,-0.426433,0.651768]],[[0.408443,0.892586,0.190958],[-0.899103,0.357334,0.252837],[0.157443,-0.27496,0.948477]],[[0.408443,0.892586,0.190958],[-0.912705,0.396622,0.0982892],[0.0119934,-0.214434,0.976665]]],"btipPosition":[-80.7966,272.33,-35.7023],"carpPosition":[-44.2413,237.037,51.0774],"dipPosition":[-80.5189,267.366,-13.0927],"direction":[-0.157443,0.27496,-0.948477],"extended":false,"handId":363,"id":3630,"length":51.5512,"mcpPosition":[-44.2413,237.037,51.0774],"pipPosition":[-75.209,258.093,18.8955],"stabilizedTipPosition":[-95.0499,262.472,-15.2749],"timeVisible":7.2581,"tipPosition":[-80.0669,270.823,-30.5684],"tipVelocity":[190.986,134.525,-191.489],"tool":false,"touchDistance":-0.567882,"touchZone":"hovering","type":0,"width":20.0304},{"bases":[[[0.955257,-0.0995869,-0.278507],[0.264976,0.70652,0.656215],[0.13142,-0.700651,0.701296]],[[0.954029,-0.0932439,-0.28484],[0.225057,0.85051,0.475376],[0.197933,-0.517628,0.832396]],[[0.954029,-0.0932439,-0.28484],[0.165945,0.955741,0.242942],[0.24958,-0.279042,0.927278]],[[0.954029,-0.0932439,-0.28484],[0.114717,0.991607,0.0596206],[0.27689,-0.0895559,0.956719]]],"btipPosition":[-59.0318,336.006,-67.2134],"carpPosition":[-30.4101,254.836,57.5336],"dipPosition":[-54.3523,334.492,-51.0446],"direction":[-0.24958,0.279042,-0.927278],"extended":true,"handId":363,"id":3631,"length":58.1698,"mcpPosition":[-39.9737,305.823,6.49903],"pipPosition":[-48.3852,327.821,-28.8749],"stabilizedTipPosition":[-62.2015,331.524,-60.6793],"timeVisible":7.2581,"tipPosition":[-58.3763,333.307,-63.7968],"tipVelocity":[250.702,248.815,-166.125],"tool":false,"touchDistance":-0.559067,"touchZone":"hovering","type":1,"width":19.133},{"bases":[[[0.904968,-0.312307,-0.288959],[0.42548,0.663958,0.61492],[-0.000187482,-0.679429,0.733741]],[[0.904968,-0.312271,-0.288998],[0.132346,0.852128,-0.506322],[0.404373,0.419957,0.812477]],[[0.904968,-0.312271,-0.288998],[-0.389761,-0.336011,-0.857428],[0.170644,0.888585,-0.42579]],[[0.904968,-0.312271,-0.288998],[-0.408216,-0.82875,-0.382797],[-0.119971,0.464393,-0.877466]]],"btipPosition":[-40.3673,248.473,-6.21211],"carpPosition":[-18.5308,255.234,54.8743],"dipPosition":[-42.5973,257.105,-22.5226],"direction":[-0.170644,-0.888585,0.42579],"extended":false,"handId":363,"id":3632,"length":66.2798,"mcpPosition":[-18.5179,302.122,4.23777],"pipPosition":[-37.7975,282.1,-34.4993],"stabilizedTipPosition":[-51.4499,244.108,0.444567],"timeVisible":7.2581,"tipPosition":[-40.7522,250.325,-9.45721],"tipVelocity":[178.326,123.816,-169.81],"tool":false,"touchDistance":0.333333,"touchZone":"none","type":2,"width":18.7912},{"bases":[[[0.86041,-0.458044,-0.223361],[0.488826,0.617951,0.615781],[-0.144029,-0.639008,0.755595]],[[0.855036,-0.479433,-0.197631],[0.295878,0.764021,-0.573348],[0.425876,0.431758,0.795119]],[[0.855036,-0.479433,-0.197631],[-0.391132,-0.346013,-0.852813],[0.340484,0.806486,-0.483375]],[[0.855036,-0.479433,-0.197631],[-0.518101,-0.773611,-0.364824],[0.0220192,0.41433,-0.90986]]],"btipPosition":[-26.8429,243.355,-0.564521],"carpPosition":[-7.20866,252.6,51.3323],"dipPosition":[-26.436,251.013,-17.38],"direction":[-0.340484,-0.806486,0.483375],"extended":false,"handId":363,"id":3633,"length":63.7298,"mcpPosition":[1.71546,292.193,4.51512],"pipPosition":[-17.1062,273.112,-30.6253],"stabilizedTipPosition":[-34.5448,240.287,2.67017],"timeVisible":7.2581,"tipPosition":[-26.6441,245.089,-4.49559],"tipVelocity":[175.133,122.817,-160.644],"tool":false,"touchDistance":0.333333,"touchZone":"none","type":3,"width":17.881},{"bases":[[[0.745282,-0.624689,-0.233062],[0.602042,0.480287,0.637863],[-0.28653,-0.615701,0.734039]],[[0.697844,-0.704714,-0.128032],[0.537369,0.633311,-0.556913],[0.473548,0.319838,0.820644]],[[0.697844,-0.704714,-0.128032],[-0.408845,-0.245152,-0.87906],[0.588098,0.665792,-0.459196]],[[0.697844,-0.704714,-0.128032],[-0.686599,-0.607282,-0.399738],[0.203949,0.366862,-0.907644]]],"btipPosition":[-13.1896,248.685,-1.26225],"carpPosition":[1.79386,243.693,45.1831],"dipPosition":[-9.7123,254.94,-16.7375],"direction":[-0.588098,-0.665792,0.459196],"extended":false,"handId":363,"id":3634,"length":49.963,"mcpPosition":[18.2282,279.008,3.08124],"pipPosition":[1.66546,267.821,-25.6214],"stabilizedTipPosition":[-19.3516,245.954,1.25908],"timeVisible":7.2581,"tipPosition":[-12.3697,250.144,-4.87583],"tipVelocity":[177.415,117.968,-156.496],"tool":false,"touchDistance":0.333333,"touchZone":"none","type":4,"width":15.8833}],"r":[[0.71073,-0.0609467,0.70082],[0.190909,0.975563,-0.108769],[-0.677065,0.211098,0.704997]],"s":0.920211,"t":[178.059,-48.8688,-163.467],"timestamp":15416700318},false],[3,{"currentFrameRate":109.745,"devices":[],"gestures":[],"hands":[{"armBasis":[[0.916169,-0.145943,-0.373277],[0.281848,0.896758,0.341154],[0.28495,-0.417762,0.862716]],"armWidth":63.029,"confidence":0.822975,"direction":[0.0784307,0.771255,-0.631676],"elbow":[62.9926,128.886,280.911],"grabStrength":0,"id":363,"palmNormal":[-0.279999,-0.591081,-0.756455],"palmPosition":[-17.3311,280.91,14.8096],"palmVelocity":[168.955,126.006,-166.925],"palmWidth":90.0033,"pinchStrength":0.360681,"r":[[0.707223,-0.0622801,0.704242],[0.194244,0.974895,-0.108851],[-0.679783,0.213776,0.701566]],"s":0.924448,"sphereCenter":[-35.7531,272.606,-27.7616],"sphereRadius":46.4295,"stabilizedPalmPosition":[-27.5472,273.971,24.7106],"t":[179.476,-47.783,-164.889],"timeVisible":7.26689,"type":"right","wrist":[-13.1097,240.459,50.504]}],"id":1176761,"interactionBox":{"center":[0,200,0],"size":[235.247,235.247,147.751]},"pointables":[{"bases":[[[0.650754,0.58413,0.48509],[-0.675409,0.153437,0.721305],[0.346905,-0.797025,0.494376]],[[0.412053,0.889702,0.196576],[-0.667747,0.148075,0.729512],[0.61994,-0.43186,0.655111]],[[0.412053,0.889702,0.196576],[-0.898455,0.360837,0.250151],[0.151628,-0.27969,0.948041]],[[0.412053,0.889702,0.196576],[-0.911114,0.400155,0.098733],[0.00918232,-0.219786,0.975505]]],"btipPosition":[-79.2836,274.039,-37.56],"carpPosition":[-43.3469,238.194,49.3433],"dipPosition":[-79.071,268.951,-14.9772],"direction":[-0.151628,0.27969,-0.948041],"extended":false,"handId":363,"id":3630,"length":51.5512,"mcpPosition":[-43.3469,238.194,49.3433],"pipPosition":[-73.9572,259.518,16.9963],"stabilizedTipPosition":[-92.4364,264.19,-18.0993],"timeVisible":7.26689,"tipPosition":[-78.5856,272.478,-32.4152],"tipVelocity":[185.436,149.732,-197.002],"tool":false,"touchDistance":-0.567385,"touchZone":"hovering","type":0,"width":20.0304},{"bases":[[[0.956377,-0.10335,-0.273244],[0.26454,0.703208,0.659937],[0.123943,-0.703432,0.699872]],[[0.955382,-0.0978642,-0.278691],[0.227928,0.844373,0.484854],[0.187869,-0.526742,0.829004]],[[0.955382,-0.0978642,-0.278691],[0.172955,0.950201,0.259238],[0.239442,-0.295873,0.924731]],[[0.955382,-0.0978642,-0.278691],[0.124765,0.98892,0.0804407],[0.26773,-0.111622,0.957006]]],"btipPosition":[-56.7207,338.44,-68.508],"carpPosition":[-29.468,255.905,55.9352],"dipPosition":[-52.196,336.554,-52.3343],"direction":[-0.239442,0.295873,-0.924731],"extended":true,"handId":363,"id":3631,"length":58.1698,"mcpPosition":[-38.4876,307.095,5.00422],"pipPosition":[-46.4713,329.48,-30.2256],"stabilizedTipPosition":[-59.5749,334.135,-62.3341],"timeVisible":7.26689,"tipPosition":[-56.1274,335.711,-65.1181],"tipVelocity":[252.877,253.745,-161.005],"tool":false,"touchDistance":-0.550896,"touchZone":"hovering","type":1,"width":19.133},{"bases":[[[0.905125,-0.315791,-0.284649],[0.425076,0.659998,0.619446],[-0.0077479,-0.681674,0.731615]],[[0.905124,-0.315843,-0.284594],[0.139652,0.853132,-0.502656],[0.401557,0.415222,0.816298]],[[0.905124,-0.315843,-0.284594],[-0.386196,-0.330908,-0.861018],[0.177772,0.889237,-0.42149]],[[0.905124,-0.315843,-0.284594],[-0.410073,-0.825248,-0.388336],[-0.112207,0.468197,-0.876471]]],"btipPosition":[-39.0969,249.785,-7.91499],"carpPosition":[-17.5716,256.254,53.3464],"dipPosition":[-41.1826,258.488,-24.207],"direction":[-0.177772,-0.889237,0.42149],"extended":false,"handId":363,"id":3632,"length":66.2798,"mcpPosition":[-17.0369,303.297,2.85652],"pipPosition":[-36.1823,283.5,-36.0627],"stabilizedTipPosition":[-49.3512,245.465,-1.69538],"timeVisible":7.26689,"tipPosition":[-39.4505,251.655,-11.1574],"tipVelocity":[170.23,131.147,-176.101],"tool":false,"touchDistance":0.333333,"touchZone":"none","type":2,"width":18.7912},{"bases":[[[0.859482,-0.461512,-0.219765],[0.488193,0.613683,0.620533],[-0.151518,-0.640625,0.752756]],[[0.853836,-0.483019,-0.194054],[0.302949,0.764255,-0.56933],[0.423303,0.427326,0.798878]],[[0.853836,-0.483019,-0.194054],[-0.387794,-0.341555,-0.856129],[0.347246,0.806246,-0.478944]],[[0.853836,-0.483019,-0.194054],[-0.51971,-0.769958,-0.370223],[0.0294117,0.416962,-0.908448]]],"btipPosition":[-25.6203,244.586,-2.17237],"carpPosition":[-6.24181,253.576,49.8623],"dipPosition":[-25.0767,252.292,-18.9618],"direction":[-0.347246,-0.806246,0.478944],"extended":false,"handId":363,"id":3633,"length":63.7298,"mcpPosition":[3.14635,293.27,3.22094],"pipPosition":[-15.5616,274.384,-32.0856],"stabilizedTipPosition":[-32.6533,241.556,0.850881],"timeVisible":7.26689,"tipPosition":[-25.3895,246.331,-6.09798],"tipVelocity":[166.381,127.767,-166.44],"tool":false,"touchDistance":0.333333,"touchZone":"none","type":3,"width":17.881},{"bases":[[[0.743612,-0.627567,-0.230653],[0.600614,0.475405,0.642848],[-0.293776,-0.616563,0.730442]],[[0.695145,-0.707725,-0.126092],[0.543692,0.632348,-0.551847],[0.47029,0.315059,0.824358]],[[0.695145,-0.707725,-0.126092],[-0.404914,-0.240549,-0.882146],[0.593985,0.664275,-0.453784]],[[0.695145,-0.707725,-0.126092],[-0.687208,-0.602743,-0.40552],[0.210996,0.368546,-0.905348]]],"btipPosition":[-11.9345,249.854,-2.77487],"carpPosition":[2.75344,244.645,43.7379],"dipPosition":[-8.337,256.138,-18.2109],"direction":[-0.593985,-0.664275,0.453784],"extended":false,"handId":363,"id":3634,"length":49.963,"mcpPosition":[19.6034,280.009,1.84238],"pipPosition":[3.15466,268.99,-26.9902],"stabilizedTipPosition":[-17.5035,247.153,-0.44099],"timeVisible":7.26689,"tipPosition":[-11.0866,251.319,-6.38005],"tipVelocity":[168.928,122.207,-160.401],"tool":false,"touchDistance":0.333333,"touchZone":"none","type":4,"width":15.8833}],"r":[[0.707223,-0.0622801,0.704242],[0.194244,0.974895,-0.108851],[-0.679783,0.213776,0.701566]],"s":0.924448,"t":[179.476,-47.783,-164.889],"timestamp":15416709111},false],[4,{"currentFrameRate":109.717,"devices":[],"gestures":[],"hands":[{"armBasis":[[0.913567,-0.151027,-0.377605],[0.290639,0.891915,0.346435],[0.284471,-0.426238,0.858718]],"armWidth":63.029,"confidence":0.778558,"direction":[0.0889766,0.770157,-0.631619],"elbow":[63.5777,128.222,278.075],"grabStrength":0,"id":363,"palmNormal":[-0.283718,-0.588266,-0.757263],"palmPosition":[-16.0553,282.541,13.0148],"palmVelocity":[160.666,140.494,-174.991],"palmWidth":90.0033,"pinchStrength":0.359533,"r":[[0.703768,-0.0648171,0.707467],[0.199093,0.97392,-0.108823],[-0.681963,0.217438,0.698318]],"s":0.928653,"sphereCenter":[-34.5092,274.598,-29.5092],"sphereRadius":46.4754,"stabilizedPalmPosition":[-25.4662,275.523,22.5927],"t":[180.823,-46.4247,-166.498],"timeVisible":7.27605,"type":"right","wrist":[-12.3965,242.058,48.7354]}],"id":1176762,"interactionBox":{"center":[0,200,0],"size":[235.247,235.247,147.751]},"pointables":[{"bases":[[[0.655324,0.577221,0.487203],[-0.676236,0.160962,0.718886],[0.336534,-0.800567,0.49582]],[[0.42151,0.884859,0.198379],[-0.66966,0.156224,0.726051],[0.611461,-0.438884,0.658404]],[[0.42151,0.884859,0.198379],[-0.89485,0.370438,0.249036],[0.146875,-0.28249,0.947959]],[[0.42151,0.884859,0.198379],[-0.906787,0.409326,0.100942],[0.00811834,-0.222435,0.974914]]],"btipPosition":[-77.9852,276.467,-39.5801],"carpPosition":[-42.6521,240.12,47.4692],"dipPosition":[-77.7973,271.318,-17.0111],"direction":[-0.146875,0.28249,-0.947959],"extended":false,"handId":363,"id":3630,"length":51.5512,"mcpPosition":[-42.6521,240.12,47.4692],"pipPosition":[-72.8438,261.79,14.9597],"stabilizedTipPosition":[-89.8541,266.166,-21.0015],"timeVisible":7.27605,"tipPosition":[-77.3077,274.856,-34.426],"tipVelocity":[173.064,181.44,-203.635],"tool":false,"touchDistance":-0.569329,"touchZone":"hovering","type":0,"width":20.0304},{"bases":[[[0.956156,-0.113769,-0.269856],[0.26981,0.700523,0.660659],[0.113878,-0.704503,0.700505]],[[0.955342,-0.108874,-0.274714],[0.236418,0.839329,0.489523],[0.177279,-0.532609,0.827586]],[[0.955342,-0.108874,-0.274714],[0.185126,0.945117,0.269226],[0.230325,-0.30806,0.923065]],[[0.955342,-0.108874,-0.274714],[0.139416,0.985747,0.0941607],[0.260547,-0.128255,0.956904]]],"btipPosition":[-54.3367,341.117,-70.2828],"carpPosition":[-28.6058,257.682,54.1047],"dipPosition":[-49.9334,338.949,-54.1108],"direction":[-0.230325,0.30806,-0.923065],"extended":true,"handId":363,"id":3631,"length":58.1698,"mcpPosition":[-36.8929,308.95,3.1277],"pipPosition":[-44.4267,331.584,-32.0418],"stabilizedTipPosition":[-56.8692,336.941,-64.1647],"timeVisible":7.27605,"tipPosition":[-53.7963,338.403,-66.9042],"tipVelocity":[254.056,262.467,-170.122],"tool":false,"touchDistance":-0.550766,"touchZone":"hovering","type":1,"width":19.133},{"bases":[[[0.902651,-0.325648,-0.28138],[0.43001,0.655567,0.620744],[-0.0176805,-0.681312,0.73178]],[[0.902645,-0.32587,-0.281141],[0.151444,0.851945,-0.501253],[0.40286,0.409877,0.818355]],[[0.902645,-0.32587,-0.281141],[-0.386289,-0.325392,-0.863076],[0.189769,0.887654,-0.419594]],[[0.902645,-0.32587,-0.281141],[-0.417817,-0.820197,-0.390776],[-0.103249,0.470198,-0.876501]]],"btipPosition":[-38.1033,251.67,-9.86597],"carpPosition":[-16.6974,257.902,51.5576],"dipPosition":[-40.0225,260.41,-26.1586],"direction":[-0.189769,-0.887654,0.419594],"extended":false,"handId":363,"id":3632,"length":66.2798,"mcpPosition":[-15.4772,304.92,1.05639],"pipPosition":[-34.6847,285.378,-37.9609],"stabilizedTipPosition":[-47.3833,246.961,-3.86566],"timeVisible":7.27605,"tipPosition":[-38.4179,253.542,-13.0971],"tipVelocity":[154.162,152.186,-186.364],"tool":false,"touchDistance":0.333333,"touchZone":"none","type":2,"width":18.7912},{"bases":[[[0.855209,-0.470846,-0.216614],[0.492619,0.608573,0.622066],[-0.161072,-0.638705,0.752404]],[[0.849016,-0.493015,-0.190021],[0.308696,0.754719,-0.578883],[0.428811,0.432822,0.79296]],[[0.849016,-0.493015,-0.190021],[-0.391968,-0.346538,-0.852216],[0.354306,0.798027,-0.487463]],[[0.849016,-0.493015,-0.190021],[-0.527185,-0.766389,-0.367047],[0.0353297,0.411805,-0.910587]]],"btipPosition":[-24.7177,246.069,-3.36427],"carpPosition":[-5.38502,255.1,48.114],"dipPosition":[-24.0648,253.679,-20.1932],"direction":[-0.354306,-0.798027,0.487463],"extended":false,"handId":363,"id":3633,"length":63.7298,"mcpPosition":[4.5951,294.675,1.49452],"pipPosition":[-14.3562,275.546,-33.5504],"stabilizedTipPosition":[-30.9137,242.903,-0.888699],"timeVisible":7.27605,"tipPosition":[-24.4523,247.893,-7.5013],"tipVelocity":[148.217,136.589,-156.574],"tool":false,"touchDistance":0.333333,"touchZone":"none","type":3,"width":17.881},{"bases":[[[0.737589,-0.635642,-0.227861],[0.60346,0.469095,0.644815],[-0.302983,-0.613114,0.729584]],[[0.687816,-0.715336,-0.123303],[0.551179,0.625217,-0.552545],[0.472347,0.312087,0.824312]],[[0.687816,-0.715336,-0.123303],[-0.406218,-0.238543,-0.882091],[0.601578,0.656804,-0.454657]],[[0.687816,-0.715336,-0.123303],[-0.69275,-0.596142,-0.405847],[0.216811,0.364566,-0.905585]]],"btipPosition":[-10.9432,251.398,-4.41718],"carpPosition":[3.53459,246.071,42.0239],"dipPosition":[-7.24665,257.614,-19.8573],"direction":[-0.601578,-0.656804,0.454657],"extended":false,"handId":363,"id":3634,"length":49.963,"mcpPosition":[20.9126,281.237,0.177538],"pipPosition":[4.39191,270.321,-28.6534],"stabilizedTipPosition":[-15.8241,248.439,-2.14691],"timeVisible":7.27605,"tipPosition":[-10.0664,252.859,-8.06601],"tipVelocity":[152.679,134.634,-165.675],"tool":false,"touchDistance":0.333333,"touchZone":"none","type":4,"width":15.8833}],"r":[[0.703768,-0.0648171,0.707467],[0.199093,0.97392,-0.108823],[-0.681963,0.217438,0.698318]],"s":0.928653,"t":[180.823,-46.4247,-166.498],"timestamp":15416718275},false],[5,{"currentFrameRate":109.931,"devices":[],"gestures":[],"hands":[{"armBasis":[[0.912862,-0.156872,-0.376927],[0.295333,0.891177,0.344357],[0.281889,-0.425669,0.859851]],"armWidth":63.029,"confidence":0.788405,"direction":[0.0937306,0.770942,-0.62997],"elbow":[63.7877,129.284,277.205],"grabStrength":0,"id":363,"palmNormal":[-0.286724,-0.585045,-0.758625],"palmPosition":[-14.9045,283.546,11.9245],"palmVelocity":[153.014,133.76,-161.66],"palmWidth":90.0033,"pinchStrength":0.357901,"r":[[0.700836,-0.0679369,0.71008],[0.2041,0.972935,-0.108357],[-0.6835,0.220868,0.695734]],"s":0.932247,"sphereCenter":[-33.3498,275.86,-30.6035],"sphereRadius":46.4989,"stabilizedPalmPosition":[-23.6287,276.918,20.7366],"t":[182.072,-45.243,-167.847],"timeVisible":7.28477,"type":"right","wrist":[-11.497,242.968,47.5624]}],"id":1176763,"interactionBox":{"center":[0,200,0],"size":[235.247,235.247,147.751]},"pointables":[{"bases":[[[0.658396,0.572419,0.488724],[-0.675657,0.163363,0.718888],[0.331666,-0.803523,0.494317]],[[0.427403,0.881338,0.201422],[-0.669735,0.159008,0.725376],[0.607274,-0.444927,0.658224]],[[0.427403,0.881338,0.201422],[-0.89209,0.375005,0.252087],[0.146639,-0.287429,0.94651]],[[0.427403,0.881338,0.201422],[-0.903978,0.413605,0.108415],[0.0122407,-0.228418,0.973486]]],"btipPosition":[-76.9765,278.158,-40.6811],"carpPosition":[-41.7627,241.207,46.2775],"dipPosition":[-76.6932,272.87,-18.1451],"direction":[-0.146639,0.287429,-0.94651],"extended":false,"handId":363,"id":3630,"length":51.5512,"mcpPosition":[-41.7627,241.207,46.2775],"pipPosition":[-71.7476,263.176,13.7768],"stabilizedTipPosition":[-87.5355,268.097,-23.5984],"timeVisible":7.28477,"tipPosition":[-76.2834,276.466,-35.5394],"tipVelocity":[158.417,183.817,-183.207],"tool":false,"touchDistance":-0.557358,"touchZone":"hovering","type":0,"width":20.0304},{"bases":[[[0.95562,-0.118717,-0.269624],[0.273512,0.697581,0.662248],[0.109464,-0.706602,0.699093]],[[0.954882,-0.114083,-0.274201],[0.241461,0.835768,0.493142],[0.17291,-0.537101,0.825606]],[[0.954882,-0.114083,-0.274201],[0.191923,0.941629,0.276585],[0.226643,-0.316732,0.92104]],[[0.954882,-0.114083,-0.274201],[0.147433,0.983567,0.104205],[0.257808,-0.13993,0.95601]]],"btipPosition":[-52.7084,342.858,-71.1806],"carpPosition":[-27.6187,258.674,52.9564],"dipPosition":[-48.3514,340.493,-55.0237],"direction":[-0.226643,0.316732,-0.92104],"extended":true,"handId":363,"id":3631,"length":58.1698,"mcpPosition":[-35.5847,310.095,2.08213],"pipPosition":[-42.9327,332.92,-33.0032],"stabilizedTipPosition":[-54.6311,339.27,-65.5952],"timeVisible":7.28477,"tipPosition":[-52.1799,340.186,-67.8072],"tipVelocity":[235.763,244.304,-152.297],"tool":false,"touchDistance":-0.537543,"touchZone":"hovering","type":1,"width":19.133},{"bases":[[[0.9009,-0.33026,-0.281616],[0.43347,0.651785,0.622318],[-0.021974,-0.682719,0.730351]],[[0.900884,-0.330759,-0.281082],[0.157764,0.852786,-0.497862],[0.404375,0.404171,0.820443]],[[0.900884,-0.330759,-0.281082],[-0.387091,-0.319213,-0.865022],[0.196389,0.888089,-0.415607]],[[0.900884,-0.330759,-0.281082],[-0.422636,-0.816005,-0.394354],[-0.098928,0.474062,-0.874916]]],"btipPosition":[-37.1563,252.884,-11.1506],"carpPosition":[-15.708,258.83,50.4155],"dipPosition":[-38.9952,261.696,-27.4137],"direction":[-0.196389,-0.888089,0.415607],"extended":false,"handId":363,"id":3632,"length":66.2798,"mcpPosition":[-14.1915,305.946,0.0129164],"pipPosition":[-33.4712,286.676,-39.1039],"stabilizedTipPosition":[-45.6913,248.333,-5.76847],"timeVisible":7.28477,"tipPosition":[-37.4469,254.763,-14.3573],"tipVelocity":[142.568,149.242,-175.741],"tool":false,"touchDistance":0.333333,"touchZone":"none","type":2,"width":18.7912},{"bases":[[[0.85259,-0.475316,-0.217175],[0.495806,0.604428,0.623573],[-0.165127,-0.639329,0.750994]],[[0.846225,-0.497601,-0.190514],[0.313806,0.754401,-0.576545],[0.430614,0.428102,0.794544]],[[0.846225,-0.497601,-0.190514],[-0.39321,-0.341919,-0.853509],[0.359567,0.797173,-0.485002]],[[0.846225,-0.497601,-0.190514],[-0.531431,-0.762369,-0.369288],[0.0385161,0.413746,-0.909577]]],"btipPosition":[-23.7743,247.174,-4.57532],"carpPosition":[-4.41019,255.971,46.9717],"dipPosition":[-23.0625,254.821,-21.3856],"direction":[-0.359567,-0.797173,0.485002],"extended":false,"handId":363,"id":3633,"length":63.7298,"mcpPosition":[5.82122,295.585,0.439545],"pipPosition":[-13.2098,276.665,-34.6754],"stabilizedTipPosition":[-29.4324,244.126,-2.42073],"timeVisible":7.28477,"tipPosition":[-23.4954,248.999,-8.68665],"tipVelocity":[137.95,134.241,-151.732],"tool":false,"touchDistance":0.333333,"touchZone":"none","type":3,"width":17.881},{"bases":[[[0.734028,-0.639408,-0.228823],[0.60583,0.464267,0.646085],[-0.306877,-0.612872,0.728158]],[[0.684042,-0.718651,-0.125009],[0.547844,0.619296,-0.562441],[0.481616,0.316248,0.817333]],[[0.684042,-0.718651,-0.125009],[-0.415624,-0.243154,-0.876432],[0.599453,0.651473,-0.465016]],[[0.684042,-0.718651,-0.125009],[-0.697623,-0.594459,-0.399926],[0.213094,0.360775,-0.907983]]],"btipPosition":[-10.0139,252.239,-5.00674],"carpPosition":[4.46028,246.903,40.8671],"dipPosition":[-6.38068,258.39,-20.4877],"direction":[-0.599453,-0.651473,0.465016],"extended":false,"handId":363,"id":3634,"length":49.963,"mcpPosition":[22.0617,282.055,-0.897426],"pipPosition":[5.21675,270.994,-29.4843],"stabilizedTipPosition":[-14.3956,249.56,-3.52696],"timeVisible":7.28477,"tipPosition":[-9.1167,253.755,-8.84506],"tipVelocity":[139.927,123.977,-139.769],"tool":false,"touchDistance":0.333333,"touchZone":"none","type":4,"width":15.8833}],"r":[[0.700836,-0.0679369,0.71008],[0.2041,0.972935,-0.108357],[-0.6835,0.220868,0.695734]],"s":0.932247,"t":[182.072,-45.243,-167.847],"timestamp":15416726991},false],[6,{"currentFrameRate":109.95,"devices":[],"gestures":[],"hands":[{"armBasis":[[0.913864,-0.164128,-0.371368],[0.299228,0.890482,0.342789],[0.274435,-0.424386,0.862891]],"armWidth":63.029,"confidence":0.781907,"direction":[0.0981379,0.771371,-0.628773],"elbow":[62.764,130.298,277.3],"grabStrength":0,"id":363,"palmNormal":[-0.288916,-0.582527,-0.75973],"palmPosition":[-13.703,284.285,11.2627],"palmVelocity":[147.379,119.355,-137.184],"palmWidth":90.0033,"pinchStrength":0.351274,"r":[[0.698271,-0.0713198,0.712272],[0.209084,0.971954,-0.107652],[-0.684618,0.224095,0.693599]],"s":0.935546,"sphereCenter":[-32.1425,276.809,-31.2821],"sphereRadius":46.5403,"stabilizedPalmPosition":[-21.7991,278.276,18.9904],"t":[183.297,-44.2826,-168.853],"timeVisible":7.29383,"type":"right","wrist":[-10.5298,243.64,46.8454]}],"id":1176764,"interactionBox":{"center":[0,200,0],"size":[235.247,235.247,147.751]},"pointables":[{"bases":[[[0.660772,0.568445,0.490155],[-0.675507,0.16568,0.718499],[0.327218,-0.805866,0.493465]],[[0.433107,0.877771,0.204785],[-0.669079,0.160858,0.725574],[0.603947,-0.451268,0.656967]],[[0.433107,0.877771,0.204785],[-0.889092,0.378717,0.257076],[0.148098,-0.293414,0.944444]],[[0.433107,0.877771,0.204785],[-0.901195,0.417605,0.115987],[0.0162913,-0.234786,0.971911]]],"btipPosition":[-75.9952,279.644,-41.2604],"carpPosition":[-40.8026,242.031,45.5299],"dipPosition":[-75.618,274.209,-18.7609],"direction":[-0.148098,0.293414,-0.944444],"extended":false,"handId":363,"id":3630,"length":51.5512,"mcpPosition":[-40.8026,242.031,45.5299],"pipPosition":[-70.6233,264.313,13.0914],"stabilizedTipPosition":[-85.1966,270.168,-26.1103],"timeVisible":7.29383,"tipPosition":[-75.2636,277.84,-36.169],"tipVelocity":[145.236,177.316,-150.525],"tool":false,"touchDistance":-0.538771,"touchZone":"hovering","type":0,"width":20.0304},{"bases":[[[0.955269,-0.123069,-0.268913],[0.276352,0.695265,0.663503],[0.105309,-0.708139,0.698175]],[[0.954594,-0.118652,-0.27326],[0.245591,0.83263,0.496399],[0.168626,-0.54097,0.823964]],[[0.954594,-0.118652,-0.27326],[0.19767,0.938526,0.283012],[0.222882,-0.324177,0.919365]],[[0.954594,-0.118652,-0.27326],[0.154319,0.98155,0.112892],[0.254824,-0.149935,0.955293]]],"btipPosition":[-51.0434,344.225,-71.7013],"carpPosition":[-26.5785,259.418,52.247],"dipPosition":[-46.7368,341.691,-55.5565],"direction":[-0.222882,0.324177,-0.919365],"extended":true,"handId":363,"id":3631,"length":58.1698,"mcpPosition":[-34.242,310.951,1.43956],"pipPosition":[-41.408,333.94,-33.576],"stabilizedTipPosition":[-52.4929,341.312,-66.7127],"timeVisible":7.29383,"tipPosition":[-50.5262,341.589,-68.3338],"tipVelocity":[221.048,217.321,-126.193],"tool":false,"touchDistance":-0.519974,"touchZone":"touching","type":1,"width":19.133},{"bases":[[[0.899513,-0.33432,-0.28126],[0.436118,0.648733,0.623656],[-0.026038,-0.683649,0.729347]],[[0.899489,-0.334941,-0.280596],[0.1624,0.852446,-0.496952],[0.405643,0.401434,0.82116]],[[0.899489,-0.334941,-0.280596],[-0.387814,-0.316133,-0.865829],[0.201296,0.887623,-0.414253]],[[0.899489,-0.334941,-0.280596],[-0.426387,-0.813157,-0.396194],[-0.0954674,0.476014,-0.87424]]],"btipPosition":[-36.0954,253.744,-11.8643],"carpPosition":[-14.6647,259.519,49.7174],"dipPosition":[-37.87,262.592,-28.1148],"direction":[-0.201296,-0.887623,0.414253],"extended":false,"handId":363,"id":3632,"length":66.2798,"mcpPosition":[-12.8678,306.698,-0.615894],"pipPosition":[-32.2079,287.559,-39.7669],"stabilizedTipPosition":[-44.0332,249.677,-7.54313],"timeVisible":7.29383,"tipPosition":[-36.3718,255.642,-15.0851],"tipVelocity":[135.981,134.491,-148.872],"tool":false,"touchDistance":0.333333,"touchZone":"none","type":2,"width":18.7912},{"bases":[[[0.850424,-0.479227,-0.217073],[0.498217,0.601066,0.624899],[-0.168994,-0.639579,0.74992]],[[0.84385,-0.501751,-0.190167],[0.319648,0.754722,-0.572905],[0.430979,0.422659,0.797256]],[[0.84385,-0.501751,-0.190167],[-0.392982,-0.336594,-0.855728],[0.365353,0.796838,-0.481213]],[[0.84385,-0.501751,-0.190167],[-0.534888,-0.758475,-0.372304],[0.0425666,0.415887,-0.90842]]],"btipPosition":[-22.7522,248.037,-5.44563],"carpPosition":[-3.37805,256.609,46.2799],"dipPosition":[-21.9655,255.723,-22.2345],"direction":[-0.365353,-0.796838,0.481213],"extended":false,"handId":363,"id":3633,"length":63.7298,"mcpPosition":[7.09292,296.237,-0.185724],"pipPosition":[-11.9542,277.558,-35.4205],"stabilizedTipPosition":[-28.0037,245.309,-3.85463],"timeVisible":7.29383,"tipPosition":[-22.4574,249.845,-9.48263],"tipVelocity":[131.531,123.751,-136.205],"tool":false,"touchDistance":0.333333,"touchZone":"none","type":3,"width":17.881},{"bases":[[[0.731061,-0.642712,-0.229066],[0.607524,0.460329,0.647312],[-0.310589,-0.612387,0.726991]],[[0.680711,-0.721697,-0.125642],[0.545394,0.613791,-0.570794],[0.489058,0.320021,0.811424]],[[0.680711,-0.721697,-0.125642],[-0.423253,-0.247485,-0.871555],[0.597904,0.646455,-0.473927]],[[0.680711,-0.721697,-0.125642],[-0.701696,-0.593123,-0.39475],[0.210369,0.356873,-0.910157]]],"btipPosition":[-8.99215,252.845,-5.22035],"carpPosition":[5.45301,247.505,40.1704],"dipPosition":[-5.40538,258.93,-20.7384],"direction":[-0.597904,-0.646455,0.473927],"extended":false,"handId":363,"id":3634,"length":49.963,"mcpPosition":[23.2673,282.629,-1.52719],"pipPosition":[6.1621,271.436,-29.9074],"stabilizedTipPosition":[-12.9804,250.624,-4.72267],"timeVisible":7.29383,"tipPosition":[-8.08212,254.393,-9.20312],"tipVelocity":[132.1,107.744,-107.941],"tool":false,"touchDistance":0.333333,"touchZone":"none","type":4,"width":15.8833}],"r":[[0.698271,-0.0713198,0.712272],[0.209084,0.9719