{"sensorType":"Leap","data":[[0,{"currentFrameRate":109.873,"devices":[],"gestures":[],"hands":[{"armBasis":[[0.902337,-0.157435,-0.401251],[0.298264,0.900104,0.317573],[0.31117,-0.406236,0.859154]],"armWidth":63.029,"confidence":0.799709,"direction":[0.052533,0.768826,-0.637296],"elbow":[66.3928,118.726,283.798],"grabStrength":0,"id":363,"palmNormal":[-0.314875,-0.59287,-0.741187],"palmPosition":[-22.3972,267.56,18.7244],"palmVelocity":[205.754,152.951,-177.523],"palmWidth":90.0033,"pinchStrength":0.382131,"r":[[0.745695,-0.0663248,0.662978],[0.187244,0.975794,-0.112987],[-0.639436,0.208393,0.740063]],"s":0.913413,"sphereCenter":[-40.4999,257.695,-24.5366],"sphereRadius":46.594,"stabilizedPalmPosition":[-26.0362,264.793,21.8951],"t":[174.142,-61.3998,-160.908],"timeVisible":13.1152,"type":"right","wrist":[-16.7121,227.22,54.3419]}],"id":1177397,"interactionBox":{"center":[0,200,0],"size":[235.247,235.247,147.751]},"pointables":[{"bases":[[[0.673227,0.583886,0.453699],[-0.642371,0.157927,0.749946],[0.366231,-0.796327,0.481392]],[[0.426639,0.886584,0.17874],[-0.652609,0.164956,0.739521],[0.626163,-0.432156,0.648969]],[[0.426639,0.886584,0.17874],[-0.882153,0.364342,0.298429],[0.19946,-0.284997,0.937546]],[[0.426639,0.886584,0.17874],[-0.894453,0.384353,0.228529],[0.133911,-0.257374,0.956988]]],"btipPosition":[-87.7218,261.949,-31.2881],"carpPosition":[-46.9772,225.041,54.5293],"dipPosition":[-84.6218,255.991,-9.13399],"direction":[-0.19946,0.284997,-0.937546],"extended":false,"handId":363,"id":3630,"length":51.5512,"mcpPosition":[-46.9772,225.041,54.5293],"pipPosition":[-77.8948,246.379,22.4856],"stabilizedTipPosition":[-93.5945,256.634,-20.1941],"timeVisible":13.1152,"tipPosition":[-86.4349,260.435,-26.4363],"tipVelocity":[233.975,142.77,-214.008],"tool":false,"touchDistance":-0.510979,"touchZone":"hovering","type":0,"width":20.0304},{"bases":[[[0.943045,-0.107116,-0.314948],[0.29547,0.704708,0.645046],[0.152851,-0.701365,0.696221]],[[0.944094,-0.112034,-0.310056],[0.250746,0.854621,0.454696],[0.214039,-0.507021,0.834935]],[[0.944094,-0.112034,-0.310056],[0.201432,0.940546,0.273493],[0.260981,-0.320658,0.910531]],[[0.944094,-0.112034,-0.310056],[0.159545,0.978284,0.132313],[0.288499,-0.174384,0.941466]]],"btipPosition":[-64.1051,325.934,-63.3909],"carpPosition":[-32.7706,242.734,60.4365],"dipPosition":[-59.2294,322.987,-47.4798],"direction":[-0.260981,0.320658,-0.910531],"extended":true,"handId":363,"id":3631,"length":58.1698,"mcpPosition":[-43.8939,293.773,9.77127],"pipPosition":[-52.9898,315.32,-25.7106],"stabilizedTipPosition":[-66.0049,322.843,-57.5651],"timeVisible":13.1152,"tipPosition":[-63.4633,323.022,-60.0825],"tipVelocity":[297.661,228.822,-209.934],"tool":false,"touchDistance":0.237747,"touchZone":"hovering","type":1,"width":19.133},{"bases":[[[0.890745,-0.319444,-0.323309],[0.453933,0.660884,0.597643],[0.0227563,-0.679108,0.733685]],[[0.890347,-0.310064,-0.333379],[0.135133,0.879225,-0.456839],[0.434765,0.361695,0.824716]],[[0.890347,-0.310064,-0.333379],[-0.419648,-0.274919,-0.865052],[0.176569,0.910099,-0.374892]],[[0.890347,-0.310064,-0.333379],[-0.4316,-0.807907,-0.401257],[-0.144924,0.501144,-0.853142]]],"btipPosition":[-45.5714,237.745,-6.22761],"carpPosition":[-20.9997,243.039,57.3223],"dipPosition":[-48.2653,247.061,-22.086],"direction":[-0.176569,-0.910098,0.374892],"extended":false,"handId":363,"id":3632,"length":66.2798,"mcpPosition":[-22.5701,289.905,6.68959],"pipPosition":[-43.2987,272.66,-32.631],"stabilizedTipPosition":[-50.3204,237.548,-6.79798],"timeVisible":13.1152,"tipPosition":[-46.2022,239.974,-9.93792],"tipVelocity":[224.435,127.898,-168.877],"tool":false,"touchDistance":0.333333,"touchZone":"none","type":2,"width":18.7912},{"bases":[[[0.847614,-0.464804,-0.255944],[0.516907,0.614387,0.5961],[-0.119821,-0.637562,0.761024]],[[0.84091,-0.494779,-0.219236],[0.304519,0.767503,-0.564099],[0.447369,0.407595,0.79607]],[[0.84091,-0.494779,-0.219236],[-0.410898,-0.320103,-0.853637],[0.352183,0.807916,-0.472481]],[[0.84091,-0.494779,-0.219236],[-0.541017,-0.758804,-0.362652],[0.0130753,0.423568,-0.90577]]],"btipPosition":[-32.0821,231.839,0.700281],"carpPosition":[-9.84276,240.315,53.3496],"dipPosition":[-31.8404,239.667,-16.0396],"direction":[-0.352183,-0.807916,0.472481],"extended":false,"handId":363,"id":3633,"length":63.7298,"mcpPosition":[-2.41856,279.819,6.19604],"pipPosition":[-22.1901,261.806,-28.9864],"stabilizedTipPosition":[-34.4173,232.135,-1.51428],"timeVisible":13.1152,"tipPosition":[-32.0409,233.991,-4.01524],"tipVelocity":[219.049,132.22,-148.625],"tool":false,"touchDistance":0.333333,"touchZone":"none","type":3,"width":17.881},{"bases":[[[0.730912,-0.630553,-0.261095],[0.629819,0.475857,0.613912],[-0.262861,-0.613158,0.744944]],[[0.673199,-0.728677,-0.125829],[0.565323,0.616849,-0.547638],[0.476669,0.297536,0.8272]],[[0.673199,-0.728677,-0.125829],[-0.40796,-0.224063,-0.885079],[0.616743,0.647167,-0.44811]],[[0.673199,-0.728677,-0.125829],[-0.707257,-0.584819,-0.397208],[0.215849,0.356393,-0.909062]]],"btipPosition":[-18.3598,237.502,-0.62526],"carpPosition":[-1.15254,231.337,46.8651],"dipPosition":[-14.6796,243.578,-16.1247],"direction":[-0.616743,-0.647167,0.44811],"extended":false,"handId":363,"id":3634,"length":49.963,"mcpPosition":[13.9242,266.505,4.13783],"pipPosition":[-2.74766,256.099,-24.7941],"stabilizedTipPosition":[-19.6856,237.503,-2.74007],"timeVisible":13.1152,"tipPosition":[-17.3933,239.17,-4.9414],"tipVelocity":[219.261,133.784,-147.177],"tool":false,"touchDistance":0.333333,"touchZone":"none","type":4,"width":15.8833}],"r":[[0.745695,-0.0663248,0.662978],[0.187244,0.975794,-0.112987],[-0.639436,0.208393,0.740063]],"s":0.913413,"t":[174.142,-61.3998,-160.908],"timestamp":15422557436},false],[1,{"currentFrameRate":110.156,"devices":[],"gestures":[],"hands":[{"armBasis":[[0.905639,-0.161077,-0.392266],[0.296934,0.901291,0.315444],[0.302735,-0.402156,0.864073]],"armWidth":63.029,"confidence":0.805711,"direction":[0.0516629,0.766399,-0.640284],"elbow":[65.6734,120.926,284.264],"grabStrength":0,"id":363,"palmNormal":[-0.313662,-0.596243,-0.738992],"palmPosition":[-20.9084,268.522,17.7163],"palmVelocity":[197.279,142.201,-161.716],"palmWidth":90.0033,"pinchStrength":0.379325,"r":[[0.741843,-0.0641124,0.667501],[0.188974,0.975063,-0.116367],[-0.643395,0.212466,0.735459]],"s":0.917816,"sphereCenter":[-39.0291,258.604,-25.4336],"sphereRadius":46.6088,"stabilizedPalmPosition":[-24.3932,265.988,20.5562],"t":[175.729,-60.2425,-162.156],"timeVisible":13.1238,"type":"right","wrist":[-15.1787,228.331,53.4943]}],"id":1177398,"interactionBox":{"center":[0,200,0],"size":[235.247,235.247,147.751]},"pointables":[{"bases":[[[0.672153,0.586668,0.451697],[-0.642936,0.159905,0.749042],[0.36721,-0.793884,0.48467]],[[0.425738,0.887574,0.175951],[-0.65344,0.16707,0.738312],[0.62591,-0.429301,0.651104]],[[0.425738,0.887574,0.175951],[-0.882528,0.364389,0.297263],[0.199728,-0.281838,0.938443]],[[0.425738,0.887574,0.175951],[-0.895416,0.385258,0.223174],[0.130297,-0.252563,0.958767]]],"btipPosition":[-86.098,262.656,-32.3171],"carpPosition":[-45.4405,226.107,53.6771],"dipPosition":[-83.0817,256.809,-10.1219],"direction":[-0.199728,0.281838,-0.938443],"extended":false,"handId":363,"id":3630,"length":51.5512,"mcpPosition":[-45.4405,226.107,53.6771],"pipPosition":[-76.3457,247.304,21.528],"stabilizedTipPosition":[-91.5362,257.81,-21.9578],"timeVisible":13.1238,"tipPosition":[-84.8875,261.157,-27.4392],"tipVelocity":[221.622,127.658,-188.941],"tool":false,"touchDistance":-0.503508,"touchZone":"hovering","type":0,"width":20.0304},{"bases":[[[0.943342,-0.106938,-0.314116],[0.294132,0.707674,0.642405],[0.153594,-0.6984,0.699033]],[[0.944542,-0.112525,-0.308511],[0.250662,0.853976,0.455953],[0.212155,-0.507999,0.834822]],[[0.944542,-0.112525,-0.308511],[0.202898,0.938661,0.278832],[0.258212,-0.325965,0.909436]],[[0.944542,-0.112525,-0.308511],[0.162269,0.976682,0.140573],[0.285499,-0.182839,0.940776]]],"btipPosition":[-62.4546,327.139,-64.4683],"carpPosition":[-31.263,243.844,59.5211],"dipPosition":[-57.6296,324.049,-48.5689],"direction":[-0.258212,0.325965,-0.909436],"extended":true,"handId":363,"id":3631,"length":58.1698,"mcpPosition":[-42.4403,294.668,8.6512],"pipPosition":[-51.4562,316.256,-26.8258],"stabilizedTipPosition":[-63.9696,324.409,-58.983],"timeVisible":13.1238,"tipPosition":[-61.8281,324.269,-61.1634],"tipVelocity":[269.578,204.559,-187.8],"tool":false,"touchDistance":0.240363,"touchZone":"hovering","type":1,"width":19.133},{"bases":[[[0.891364,-0.319375,-0.321668],[0.452682,0.663902,0.595243],[0.0234498,-0.676191,0.736353]],[[0.890958,-0.310059,-0.33175],[0.131719,0.875646,-0.464644],[0.434563,0.37028,0.821004]],[[0.890958,-0.310059,-0.33175],[-0.419493,-0.282324,-0.862739],[0.173839,0.907831,-0.381606]],[[0.890958,-0.310059,-0.33175],[-0.430095,-0.810553,-0.39752],[-0.145647,0.496857,-0.855523]]],"btipPosition":[-44.0109,238.394,-6.91318],"carpPosition":[-19.4912,244.154,56.4107],"dipPosition":[-46.7182,247.629,-22.8158],"direction":[-0.173839,-0.907831,0.381606],"extended":false,"handId":363,"id":3632,"length":66.2798,"mcpPosition":[-21.1095,290.819,5.59395],"pipPosition":[-41.8284,273.165,-33.5497],"stabilizedTipPosition":[-48.4736,238.513,-8.0232],"timeVisible":13.1238,"tipPosition":[-44.6479,240.667,-10.7057],"tipVelocity":[213.147,113.554,-145.753],"tool":false,"touchDistance":0.333333,"touchZone":"none","type":2,"width":18.7912},{"bases":[[[0.848421,-0.464534,-0.253752],[0.515726,0.617493,0.59391],[-0.119202,-0.634752,0.763466]],[[0.84175,-0.494358,-0.216951],[0.304323,0.766422,-0.565672],[0.445921,0.410131,0.79558]],[[0.84175,-0.494358,-0.216951],[-0.409325,-0.322386,-0.853534],[0.352009,0.807265,-0.473722]],[[0.84175,-0.494358,-0.216951],[-0.539694,-0.760333,-0.361419],[0.0137156,0.421312,-0.906812]]],"btipPosition":[-30.5492,232.729,-0.272147],"carpPosition":[-8.32846,241.432,52.4536],"dipPosition":[-30.2958,240.516,-17.0313],"direction":[-0.352009,-0.807265,0.473722],"extended":false,"handId":363,"id":3633,"length":63.7298,"mcpPosition":[-0.942647,280.762,5.14869],"pipPosition":[-20.6501,262.636,-30.012],"stabilizedTipPosition":[-32.7675,233.137,-2.61204],"timeVisible":13.1238,"tipPosition":[-30.4993,234.846,-4.91793],"tipVelocity":[208.509,124.43,-139.476],"tool":false,"touchDistance":0.333333,"touchZone":"none","type":3,"width":17.881},{"bases":[[[0.731969,-0.630477,-0.258303],[0.628837,0.479203,0.612314],[-0.26227,-0.610625,0.747229]],[[0.674462,-0.728006,-0.122917],[0.563806,0.61535,-0.550879],[0.47668,0.302245,0.825484]],[[0.674462,-0.728006,-0.122917],[-0.408038,-0.228801,-0.88383],[0.61531,0.646264,-0.451372]],[[0.674462,-0.728006,-0.122917],[-0.706279,-0.58769,-0.394703],[0.215109,0.353026,-0.91055]]],"btipPosition":[-16.8232,238.371,-1.46481],"carpPosition":[0.378023,232.441,46.0082],"dipPosition":[-13.1556,244.39,-16.9896],"direction":[-0.61531,-0.646264,0.451372],"extended":false,"handId":363,"id":3634,"length":49.963,"mcpPosition":[15.4209,267.464,3.1498],"pipPosition":[-1.25135,256.893,-25.7221],"stabilizedTipPosition":[-18.06,238.491,-3.7469],"timeVisible":13.1238,"tipPosition":[-15.8603,240.024,-5.78048],"tipVelocity":[208.609,124.832,-134.369],"tool":false,"touchDistance":0.333333,"touchZone":"none","type":4,"width":15.8833}],"r":[[0.741843,-0.0641124,0.667501],[0.188974,0.975063,-0.116367],[-0.643395,0.212466,0.735459]],"s":0.917816,"t":[175.729,-60.2425,-162.156],"timestamp":15422566012},false],[2,{"currentFrameRate":110.164,"devices":[],"gestures":[],"hands":[{"armBasis":[[0.907966,-0.167385,-0.384162],[0.298798,0.901364,0.313469],[0.293799,-0.399406,0.868422]],"armWidth":63.029,"confidence":0.811594,"direction":[0.0550267,0.765272,-0.641351],"elbow":[64.8422,122.719,284.468],"grabStrength":0,"id":363,"palmNormal":[-0.314016,-0.596469,-0.73866],"palmPosition":[-19.1726,269.542,16.6872],"palmVelocity":[195.69,134.019,-148.413],"palmWidth":90.0033,"pinchStrength":0.379887,"r":[[0.738464,-0.0625428,0.671386],[0.190971,0.974321,-0.119288],[-0.646685,0.216305,0.731444]],"s":0.92164,"sphereCenter":[-37.308,259.787,-26.3934],"sphereRadius":46.626,"stabilizedPalmPosition":[-22.6107,267.201,19.2352],"t":[177.391,-59.1538,-163.295],"timeVisible":13.1329,"type":"right","wrist":[-13.6233,229.389,52.5366]}],"id":1177399,"interactionBox":{"center":[0,200,0],"size":[235.247,235.247,147.751]},"pointables":[{"bases":[[[0.673003,0.585431,0.452037],[-0.643844,0.162884,0.747619],[0.36405,-0.794191,0.486547]],[[0.428331,0.886363,0.175764],[-0.654725,0.170363,0.736419],[0.622791,-0.430507,0.653295]],[[0.428331,0.886363,0.175764],[-0.881875,0.367621,0.295214],[0.197052,-0.281451,0.939125]],[[0.428331,0.886363,0.175764],[-0.894945,0.389225,0.21812],[0.124922,-0.250726,0.959964]]],"btipPosition":[-84.1805,263.806,-33.4858],"carpPosition":[-43.8918,227.252,52.6673],"dipPosition":[-81.2886,258.001,-11.2628],"direction":[-0.197052,0.281451,-0.939125],"extended":false,"handId":363,"id":3630,"length":51.5512,"mcpPosition":[-43.8918,227.252,52.6673],"pipPosition":[-74.6429,248.509,20.41],"stabilizedTipPosition":[-89.3603,259.074,-23.6985],"timeVisible":13.1329,"tipPosition":[-83.0571,262.312,-28.5795],"tipVelocity":[217.974,127.727,-172.177],"tool":false,"touchDistance":-0.498925,"touchZone":"hovering","type":0,"width":20.0304},{"bases":[[[0.943605,-0.110114,-0.312224],[0.294981,0.707808,0.641868],[0.150316,-0.69777,0.700373]],[[0.94498,-0.116683,-0.305612],[0.25399,0.850465,0.460651],[0.206162,-0.512928,0.833308]],[[0.94498,-0.116683,-0.305612],[0.208623,0.934546,0.288272],[0.251972,-0.336169,0.907469]],[[0.94498,-0.116683,-0.305612],[0.16979,0.973479,0.15333],[0.279616,-0.196783,0.939729]]],"btipPosition":[-60.124,328.896,-65.4475],"carpPosition":[-29.6742,244.958,58.5103],"dipPosition":[-55.3984,325.571,-49.5658],"direction":[-0.251972,0.336169,-0.907469],"extended":true,"handId":363,"id":3631,"length":58.1698,"mcpPosition":[-40.613,295.736,7.54293],"pipPosition":[-49.3742,317.533,-27.8698],"stabilizedTipPosition":[-61.6814,326.136,-60.2874],"timeVisible":13.1329,"tipPosition":[-59.5477,326.016,-62.1608],"tipVelocity":[265.45,199.954,-165.895],"tool":false,"touchDistance":0.244531,"touchZone":"hovering","type":1,"width":19.133},{"bases":[[[0.891033,-0.322412,-0.319548],[0.453491,0.663511,0.595063],[0.020168,-0.675133,0.737421]],[[0.890674,-0.313152,-0.3296],[0.134492,0.873997,-0.466948],[0.434295,0.37157,0.820563]],[[0.890674,-0.313152,-0.3296],[-0.418782,-0.282884,-0.862901],[0.176981,0.906594,-0.3831]],[[0.890674,-0.313152,-0.3296],[-0.431778,-0.809646,-0.397545],[-0.142367,0.496396,-0.856342]]],"btipPosition":[-42.3257,239.378,-7.8982],"carpPosition":[-17.8959,245.229,55.4211],"dipPosition":[-44.972,248.605,-23.8161],"direction":[-0.176981,-0.906594,0.3831],"extended":false,"handId":363,"id":3632,"length":66.2798,"mcpPosition":[-19.2877,291.821,4.53064],"pipPosition":[-39.9939,274.106,-34.5919],"stabilizedTipPosition":[-46.5322,239.56,-9.26252],"timeVisible":13.1329,"tipPosition":[-42.9441,241.667,-11.704],"tipVelocity":[206.06,112.123,-135.621],"tool":false,"touchDistance":0.333333,"touchZone":"none","type":2,"width":18.7912},{"bases":[[[0.84755,-0.467344,-0.251491],[0.516404,0.61692,0.593916],[-0.122413,-0.633245,0.76421]],[[0.840728,-0.497089,-0.214662],[0.307549,0.764694,-0.566266],[0.445635,0.410056,0.795778]],[[0.840728,-0.497089,-0.214662],[-0.408634,-0.322393,-0.853863],[0.35524,0.805584,-0.474172]],[[0.840728,-0.497089,-0.214662],[-0.541201,-0.759249,-0.361445],[0.0166881,0.420052,-0.907347]]],"btipPosition":[-28.8864,233.746,-1.26979],"carpPosition":[-6.73379,242.47,51.4886],"dipPosition":[-28.578,241.509,-18.0388],"direction":[-0.35524,-0.805584,0.474172],"extended":false,"handId":363,"id":3633,"length":63.7298,"mcpPosition":[0.851037,281.706,4.13761],"pipPosition":[-18.8439,263.583,-31.0319],"stabilizedTipPosition":[-31.0232,234.194,-3.72192],"timeVisible":13.1329,"tipPosition":[-28.8202,235.853,-5.90613],"tipVelocity":[201.979,120.883,-131.425],"tool":false,"touchDistance":0.333333,"touchZone":"none","type":3,"width":17.881},{"bases":[[[0.730632,-0.63296,-0.256003],[0.629085,0.478335,0.612737],[-0.265383,-0.608734,0.747673]],[[0.672709,-0.72998,-0.120796],[0.565932,0.6128,-0.55154],[0.476637,0.302664,0.825355]],[[0.672709,-0.72998,-0.120796],[-0.40766,-0.22942,-0.883844],[0.617475,0.643814,-0.451917]],[[0.672709,-0.72998,-0.120796],[-0.707271,-0.586458,-0.39476],[0.217325,0.350994,-0.910809]]],"btipPosition":[-15.1421,239.332,-2.40625],"carpPosition":[1.9587,233.444,45.0728],"dipPosition":[-11.4368,245.317,-17.9354],"direction":[-0.617475,-0.643814,0.451917],"extended":false,"handId":363,"id":3634,"length":49.963,"mcpPosition":[17.1801,268.358,2.1889],"pipPosition":[0.509334,257.773,-26.6785],"stabilizedTipPosition":[-16.3218,239.513,-4.77552],"timeVisible":13.1329,"tipPosition":[-14.1697,240.975,-6.71457],"tipVelocity":[202.486,119.418,-125.978],"tool":false,"touchDistance":0.333333,"touchZone":"none","type":4,"width":15.8833}],"r":[[0.738464,-0.0625428,0.671386],[0.190971,0.974321,-0.119288],[-0.646685,0.216305,0.731444]],"s":0.92164,"t":[177.391,-59.1538,-163.295],"timestamp":15422575075},false],[3,{"currentFrameRate":110.243,"devices":[],"gestures":[],"hands":[{"armBasis":[[0.912882,-0.161328,-0.374993],[0.289975,0.902834,0.317499],[0.287335,-0.398578,0.870962]],"armWidth":63.029,"confidence":0.812434,"direction":[0.0596723,0.76541,-0.640771],"elbow":[64.0915,125.069,283.448],"grabStrength":0,"id":363,"palmNormal":[-0.301034,-0.598231,-0.74263],"palmPosition":[-17.9229,271.634,14.9065],"palmVelocity":[180.484,161.366,-162.322],"palmWidth":90.0033,"pinchStrength":0.379885,"r":[[0.734003,-0.0604775,0.676449],[0.1919,0.973907,-0.121156],[-0.651471,0.218739,0.726456]],"s":0.925624,"sphereCenter":[-35.5694,262.061,-28.2514],"sphereRadius":46.6577,"stabilizedPalmPosition":[-21.0242,268.702,17.7702],"t":[178.846,-57.5634,-164.755],"timeVisible":13.1418,"type":"right","wrist":[-12.6477,231.518,50.8381]}],"id":1177400,"interactionBox":{"center":[0,200,0],"size":[235.247,235.247,147.751]},"pointables":[{"bases":[[[0.663876,0.588978,0.460839],[-0.65462,0.159728,0.738891],[0.361581,-0.792207,0.491597]],[[0.421756,0.888333,0.18162],[-0.665607,0.167313,0.727306],[0.615703,-0.427633,0.661846]],[[0.421756,0.888333,0.18162],[-0.887297,0.363134,0.284321],[0.186619,-0.281065,0.941369]],[[0.421756,0.888333,0.18162],[-0.899689,0.38513,0.205511],[0.112615,-0.250078,0.961654]]],"btipPosition":[-82.2058,265.609,-36.1257],"carpPosition":[-42.9038,229.225,50.5644],"dipPosition":[-79.5988,259.82,-13.8636],"direction":[-0.186619,0.281065,-0.941369],"extended":false,"handId":363,"id":3630,"length":51.5512,"mcpPosition":[-42.9038,229.225,50.5644],"pipPosition":[-73.3049,250.34,17.8849],"stabilizedTipPosition":[-87.2956,260.46,-25.6442],"timeVisible":13.1418,"tipPosition":[-81.1652,264.104,-31.199],"tipVelocity":[216.836,148.071,-205.574],"tool":false,"touchDistance":-0.51683,"touchZone":"hovering","type":0,"width":20.0304},{"bases":[[[0.948252,-0.105327,-0.299539],[0.282725,0.70945,0.64556],[0.144513,-0.696841,0.702516]],[[0.949863,-0.113395,-0.291378],[0.245772,0.846856,0.471626],[0.193276,-0.519593,0.832267]],[[0.949863,-0.113395,-0.291378],[0.204405,0.930401,0.304258],[0.236597,-0.348563,0.906932]],[[0.949863,-0.113395,-0.291378],[0.168804,0.970414,0.172631],[0.263182,-0.213162,0.940902]]],"btipPosition":[-57.6914,331.732,-67.4844],"carpPosition":[-28.8569,247.005,56.5922],"dipPosition":[-53.2435,328.13,-51.5828],"direction":[-0.236597,0.348563,-0.906932],"extended":true,"handId":363,"id":3631,"length":58.1698,"mcpPosition":[-39.3733,297.715,5.46884],"pipPosition":[-47.5869,319.796,-29.8996],"stabilizedTipPosition":[-59.3533,328.35,-61.9312],"timeVisible":13.1418,"tipPosition":[-57.2064,328.788,-64.2288],"tipVelocity":[265.398,230.092,-182.72],"tool":false,"touchDistance":0.235193,"touchZone":"hovering","type":1,"width":19.133},{"bases":[[[0.896874,-0.317894,-0.307506],[0.442072,0.665958,0.600893],[0.0137659,-0.674865,0.737813]],[[0.896604,-0.308686,-0.317513],[0.136315,0.874577,-0.465332],[0.421331,0.373936,0.826227]],[[0.896604,-0.308686,-0.317513],[-0.405627,-0.284805,-0.868535],[0.177675,0.907524,-0.380568]],[[0.896604,-0.308686,-0.317513],[-0.422355,-0.811611,-0.403613],[-0.133108,0.495984,-0.858069]]],"btipPosition":[-40.6013,241.335,-9.99476],"carpPosition":[-17.0397,247.337,53.6608],"dipPosition":[-43.0755,250.555,-25.9447],"direction":[-0.177675,-0.907524,0.380568],"extended":false,"handId":363,"id":3632,"length":66.2798,"mcpPosition":[-17.9898,293.91,2.74327],"pipPosition":[-38.0779,276.082,-36.6494],"stabilizedTipPosition":[-44.6673,240.915,-10.7931],"timeVisible":13.1418,"tipPosition":[-41.1749,243.623,-13.7992],"tipVelocity":[203.735,141.273,-162.893],"tool":false,"touchDistance":0.333333,"touchZone":"none","type":2,"width":18.7912},{"bases":[[[0.85323,-0.463034,-0.239997],[0.505233,0.619692,0.600601],[-0.129375,-0.633705,0.76268]],[[0.845979,-0.493123,-0.202851],[0.308255,0.762708,-0.568555],[0.435084,0.418456,0.797243]],[[0.845979,-0.493123,-0.202851],[-0.397109,-0.328784,-0.856858],[0.355843,0.805438,-0.473968]],[[0.845979,-0.493123,-0.202851],[-0.53255,-0.762381,-0.36765],[0.0266471,0.419052,-0.907571]]],"btipPosition":[-27.2676,235.589,-2.851],"carpPosition":[-5.81201,244.633,49.8788],"dipPosition":[-26.7751,243.334,-19.6242],"direction":[-0.355843,-0.805438,0.473968],"extended":false,"handId":363,"id":3633,"length":63.7298,"mcpPosition":[2.20414,283.898,2.62258],"pipPosition":[-17.0244,265.404,-32.6117],"stabilizedTipPosition":[-29.3361,235.579,-5.02441],"timeVisible":13.1418,"tipPosition":[-27.128,237.741,-7.53339],"tipVelocity":[197.626,144.089,-143.904],"tool":false,"touchDistance":0.333333,"touchZone":"none","type":3,"width":17.881},{"bases":[[[0.737235,-0.62925,-0.246027],[0.618363,0.481692,0.620967],[-0.272234,-0.609933,0.744225]],[[0.67846,-0.725978,-0.112465],[0.567585,0.615197,-0.547156],[0.466411,0.30739,0.829441]],[[0.67846,-0.725978,-0.112465],[-0.39721,-0.23373,-0.887465],[0.617994,0.646781,-0.446942]],[[0.67846,-0.725978,-0.112465],[-0.699193,-0.591136,-0.402104],[0.225437,0.351446,-0.90866]]],"btipPosition":[-13.4867,241.378,-3.97464],"carpPosition":[3.01182,235.651,43.5823],"dipPosition":[-9.64306,247.37,-19.4672],"direction":[-0.617994,-0.646781,0.446942],"extended":false,"handId":363,"id":3634,"length":49.963,"mcpPosition":[18.6262,270.634,0.896273],"pipPosition":[2.31308,259.883,-28.1141],"stabilizedTipPosition":[-14.6223,240.995,-6.03783],"timeVisible":13.1418,"tipPosition":[-12.4743,243.033,-8.28554],"tipVelocity":[198.79,149.379,-139.265],"tool":false,"touchDistance":0.333333,"touchZone":"none","type":4,"width":15.8833}],"r":[[0.734003,-0.0604775,0.676449],[0.1919,0.973907,-0.121156],[-0.651471,0.218739,0.726456]],"s":0.925624,"t":[178.846,-57.5634,-164.755],"timestamp":15422584005},false],[4,{"currentFrameRate":110.19,"devices":[],"gestures":[],"hands":[{"armBasis":[[0.915408,-0.16064,-0.369083],[0.286653,0.903872,0.317561],[0.282591,-0.396497,0.87346]],"armWidth":63.029,"confidence":0.820513,"direction":[0.0614318,0.765411,-0.640603],"elbow":[64.2174,127.047,282.78],"grabStrength":0,"id":363,"palmNormal":[-0.296301,-0.598898,-0.743994],"palmPosition":[-16.4261,273.04,13.5389],"palmVelocity":[175.675,159.135,-158.648],"palmWidth":90.0033,"pinchStrength":0.379571,"r":[[0.729763,-0.0585241,0.681191],[0.192419,0.973638,-0.12249],[-0.656065,0.220463,0.721786]],"s":0.929171,"sphereCenter":[-33.8276,263.613,-29.6384],"sphereRadius":46.6796,"stabilizedPalmPosition":[-19.4296,270.206,16.3028],"t":[180.323,-56.065,-166.169],"timeVisible":13.151,"type":"right","wrist":[-11.2548,232.94,49.503]}],"id":1177401,"interactionBox":{"center":[0,200,0],"size":[235.247,235.247,147.751]},"pointables":[{"bases":[[[0.660539,0.590255,0.46399],[-0.658527,0.158665,0.735641],[0.360597,-0.79147,0.493504]],[[0.419767,0.88877,0.184073],[-0.669935,0.166569,0.723493],[0.612358,-0.427015,0.665338]],[[0.419767,0.88877,0.184073],[-0.888954,0.361655,0.281009],[0.183181,-0.281591,0.941887]],[[0.419767,0.88877,0.184073],[-0.901186,0.383998,0.201019],[0.107976,-0.250265,0.962138]]],"btipPosition":[-80.4185,266.967,-37.8101],"carpPosition":[-41.5049,230.592,49.0811],"dipPosition":[-77.9189,261.174,-15.5368],"direction":[-0.183181,0.281591,-0.941887],"extended":false,"handId":363,"id":3630,"length":51.5512,"mcpPosition":[-41.5049,230.592,49.0811],"pipPosition":[-71.7409,251.677,16.2292],"stabilizedTipPosition":[-85.2731,261.864,-27.5557],"timeVisible":13.151,"tipPosition":[-79.4293,265.44,-32.8693],"tipVelocity":[209.973,148.066,-199.394],"tool":false,"touchDistance":-0.518707,"touchZone":"hovering","type":0,"width":20.0304},{"bases":[[[0.949901,-0.103659,-0.294862],[0.278268,0.710067,0.646817],[0.142323,-0.696462,0.703338]],[[0.951791,-0.113354,-0.285033],[0.243974,0.842975,0.479448],[0.185929,-0.525875,0.829991]],[[0.951791,-0.113354,-0.285033],[0.205181,0.926004,0.316888],[0.228021,-0.360095,0.90462]],[[0.951791,-0.113354,-0.285033],[0.171621,0.966954,0.188538],[0.254243,-0.228366,0.939792]]],"btipPosition":[-55.5268,333.898,-68.7909],"carpPosition":[-27.52,248.398,55.1747],"dipPosition":[-51.23,330.038,-52.9081],"direction":[-0.228021,0.360095,-0.90462],"extended":true,"handId":363,"id":3631,"length":58.1698,"mcpPosition":[-37.8771,299.081,3.99155],"pipPosition":[-45.7784,321.429,-31.2802],"stabilizedTipPosition":[-57.0369,330.592,-63.474],"timeVisible":13.151,"tipPosition":[-55.1073,330.93,-65.5594],"tipVelocity":[256.161,229.99,-171.632],"tool":false,"touchDistance":0.237153,"touchZone":"hovering","type":1,"width":19.133},{"bases":[[[0.898947,-0.316321,-0.303045],[0.437911,0.666857,0.60294],[0.0113651,-0.674717,0.737989]],[[0.89871,-0.307159,-0.313006],[0.13693,0.874601,-0.465106],[0.416617,0.375135,0.828072]],[[0.89871,-0.307159,-0.313006],[-0.40078,-0.285511,-0.870551],[0.178031,0.90782,-0.379695]],[[0.89871,-0.307159,-0.313006],[-0.41899,-0.812145,-0.40604],[-0.129488,0.496059,-0.858579]]],"btipPosition":[-38.9376,242.672,-11.4694],"carpPosition":[-15.6892,248.751,52.3013],"dipPosition":[-41.3446,251.893,-27.4289],"direction":[-0.178031,-0.90782,0.379695],"extended":false,"handId":363,"id":3632,"length":66.2798,"mcpPosition":[-16.4736,295.314,1.37164],"pipPosition":[-36.3369,277.428,-38.109],"stabilizedTipPosition":[-42.8263,242.294,-12.3392],"timeVisible":13.151,"tipPosition":[-39.4917,244.965,-15.2729],"tipVelocity":[197.987,142.555,-162.385],"tool":false,"touchDistance":0.333333,"touchZone":"none","type":2,"width":18.7912},{"bases":[[[0.855234,-0.461528,-0.235725],[0.501157,0.620705,0.602966],[-0.13197,-0.633812,0.762146]],[[0.847766,-0.491942,-0.198208],[0.313545,0.766285,-0.5608],[0.427765,0.41328,0.803876]],[[0.847766,-0.491942,-0.198208],[-0.388772,-0.322198,-0.863159],[0.360762,0.808815,-0.464402]],[[0.847766,-0.491942,-0.198208],[-0.529252,-0.760418,-0.376372],[0.0344325,0.423977,-0.905018]]],"btipPosition":[-25.6882,237.075,-4.7242],"carpPosition":[-4.4382,246.067,48.5749],"dipPosition":[-25.0518,244.911,-21.4502],"direction":[-0.360762,-0.808815,0.464402],"extended":false,"handId":363,"id":3633,"length":63.7298,"mcpPosition":[3.73876,285.339,1.35182],"pipPosition":[-15.1664,267.074,-34.1756],"stabilizedTipPosition":[-27.6839,237.015,-6.56884],"timeVisible":13.151,"tipPosition":[-25.491,239.177,-9.15457],"tipVelocity":[191.556,149.736,-160.42],"tool":false,"touchDistance":0.333333,"touchZone":"none","type":3,"width":17.881},{"bases":[[[0.739572,-0.627954,-0.242296],[0.614435,0.482913,0.623911],[-0.27478,-0.610302,0.742986]],[[0.682027,-0.722648,-0.112331],[0.560143,0.614937,-0.55506],[0.47019,0.315645,0.82419]],[[0.682027,-0.722648,-0.112331],[-0.401082,-0.241167,-0.883726],[0.611533,0.647779,-0.454323]],[[0.682027,-0.722648,-0.112331],[-0.696854,-0.595564,-0.399623],[0.221886,0.350832,-0.909771]]],"btipPosition":[-11.8665,242.551,-4.81708],"carpPosition":[4.43267,237.1,42.3235],"dipPosition":[-8.08336,248.532,-20.3286],"direction":[-0.611533,-0.647779,0.454323],"extended":false,"handId":363,"id":3634,"length":49.963,"mcpPosition":[20.193,272.104,-0.291542],"pipPosition":[3.74778,261.065,-29.1182],"stabilizedTipPosition":[-12.9152,242.375,-7.1428],"timeVisible":13.151,"tipPosition":[-10.8481,244.263,-9.22281],"tipVelocity":[192.207,143.309,-126.179],"tool":false,"touchDistance":0.333333,"touchZone":"none","type":4,"width":15.8833}],"r":[[0.729763,-0.0585241,0.681191],[0.192419,0.973638,-0.12249],[-0.656065,0.220463,0.721786]],"s":0.929171,"t":[180.323,-56.065,-166.169],"timestamp":15422593174},false],[5,{"currentFrameRate":110.255,"devices":[],"gestures":[],"hands":[{"armBasis":[[0.912838,-0.162731,-0.374493],[0.295063,0.896864,0.329504],[0.282249,-0.411283,0.866707]],"armWidth":63.029,"confidence":0.78276,"direction":[0.0679375,0.766996,-0.638045],"elbow":[65.2227,124.34,279.425],"grabStrength":0,"id":363,"palmNormal":[-0.301206,-0.593913,-0.746018],"palmPosition":[-14.9879,274.445,12.1206],"palmVelocity":[171.549,158.497,-158.571],"palmWidth":90.0033,"pinchStrength":0.377416,"r":[[0.726237,-0.0586235,0.684941],[0.19447,0.973179,-0.122902],[-0.659365,0.222456,0.718158]],"s":0.932851,"sphereCenter":[-32.5022,265.542,-30.9654],"sphereRadius":46.7087,"stabilizedPalmPosition":[-17.9183,271.648,14.8798],"t":[181.78,-54.6137,-167.585],"timeVisible":13.1599,"type":"right","wrist":[-10.158,234.183,47.9516]}],"id":1177402,"interactionBox":{"center":[0,200,0],"size":[235.247,235.247,147.751]},"pointables":[{"bases":[[[0.665398,0.58315,0.466028],[-0.657279,0.161731,0.736089],[0.353879,-0.796103,0.490908]],[[0.427446,0.884412,0.187361],[-0.668721,0.169853,0.723853],[0.60836,-0.4347,0.664028]],[[0.427446,0.884412,0.187361],[-0.88572,0.368179,0.282744],[0.18108,-0.286807,0.940719]],[[0.427446,0.884412,0.187361],[-0.897869,0.391137,0.202095],[0.105451,-0.25461,0.961277]]],"btipPosition":[-79.0136,269.121,-39.2487],"carpPosition":[-40.4268,232.09,47.5185],"dipPosition":[-76.5724,263.227,-16.9953],"direction":[-0.18108,0.286807,-0.940719],"extended":false,"handId":363,"id":3630,"length":51.5512,"mcpPosition":[-40.4268,232.09,47.5185],"pipPosition":[-70.4653,253.554,14.7312],"stabilizedTipPosition":[-83.4354,263.454,-29.327],"timeVisible":13.1599,"tipPosition":[-78.0542,267.558,-34.3102],"tipVelocity":[195.041,172.638,-188.936],"tool":false,"touchDistance":-0.516818,"touchZone":"hovering","type":0,"width":20.0304},{"bases":[[[0.94904,-0.110637,-0.295097],[0.284118,0.705553,0.649209],[0.13638,-0.699968,0.701032]],[[0.951165,-0.12219,-0.283471],[0.253008,0.834696,0.489152],[0.176842,-0.536984,0.824848]],[[0.951165,-0.12219,-0.283471],[0.216935,0.917906,0.332245],[0.219602,-0.377515,0.899587]],[[0.951165,-0.12219,-0.283471],[0.185318,0.960452,0.207818],[0.246867,-0.250202,0.936192]]],"btipPosition":[-53.1561,336.77,-69.7252],"carpPosition":[-26.2939,249.758,53.6729],"dipPosition":[-48.984,332.542,-53.9033],"direction":[-0.219602,0.377515,-0.899587],"extended":true,"handId":363,"id":3631,"length":58.1698,"mcpPosition":[-36.2185,300.696,2.65752],"pipPosition":[-43.7337,323.516,-32.3957],"stabilizedTipPosition":[-54.6705,333.137,-64.751],"timeVisible":13.1599,"tipPosition":[-52.8234,333.745,-66.5341],"tipVelocity":[257.621,252.212,-153.653],"tool":false,"touchDistance":0.246673,"touchZone":"hovering","type":1,"width":19.133},{"bases":[[[0.896306,-0.322836,-0.303993],[0.4434,0.661152,0.605206],[0.00560335,-0.677241,0.73574]],[[0.896152,-0.313769,-0.313785],[0.143202,0.87378,-0.464761],[0.420006,0.371562,0.827971]],[[0.896152,-0.313769,-0.313785],[-0.403202,-0.280463,-0.871073],[0.185311,0.907132,-0.37785]],[[0.896152,-0.313769,-0.313785],[-0.425853,-0.806888,-0.409366],[-0.124743,0.50048,-0.856714]]],"btipPosition":[-37.7655,244.224,-12.8953],"carpPosition":[-14.4602,250.021,50.802],"dipPosition":[-40.0843,253.527,-28.8201],"direction":[-0.185311,-0.907132,0.37785],"extended":false,"handId":363,"id":3632,"length":66.2798,"mcpPosition":[-14.8469,296.758,0.027539],"pipPosition":[-34.8719,279.043,-39.4483],"stabilizedTipPosition":[-41.2531,243.708,-13.8052],"timeVisible":13.1599,"tipPosition":[-38.2922,246.574,-16.7182],"tipVelocity":[180.255,151.533,-161.272],"tool":false,"touchDistance":0.333333,"touchZone":"none","type":2,"width":18.7912},{"bases":[[[0.851369,-0.467894,-0.237162],[0.506256,0.614471,0.605086],[-0.137387,-0.635216,0.760016]],[[0.843623,-0.49843,-0.199672],[0.320067,0.765398,-0.558322],[0.431113,0.407105,0.805238]],[[0.843623,-0.49843,-0.199672],[-0.391294,-0.316052,-0.864292],[0.367682,0.807266,-0.461661]],[[0.843623,-0.49843,-0.199672],[-0.535571,-0.754626,-0.379081],[0.0382677,0.42674,-0.903565]]],"btipPosition":[-24.5543,238.615,-6.26133],"carpPosition":[-3.23154,247.256,47.068],"dipPosition":[-23.8471,246.502,-22.9605],"direction":[-0.367682,-0.807266,0.461661],"extended":false,"handId":363,"id":3633,"length":63.7298,"mcpPosition":[5.28108,286.614,-0.0231674],"pipPosition":[-13.772,268.622,-35.6107],"stabilizedTipPosition":[-26.3152,238.435,-8.03777],"timeVisible":13.1599,"tipPosition":[-24.337,240.727,-10.6767],"tipVelocity":[174.294,156.158,-163.297],"tool":false,"touchDistance":0.333333,"touchZone":"none","type":3,"width":17.881},{"bases":[[[0.734316,-0.633323,-0.2443],[0.618372,0.475666,0.625585],[-0.279992,-0.610446,0.740919]],[[0.677322,-0.726277,-0.117285],[0.55885,0.611616,-0.560011],[0.478456,0.313763,0.820142]],[[0.677322,-0.726277,-0.117285],[-0.408885,-0.2391,-0.880707],[0.611594,0.644479,-0.458912]],[[0.677322,-0.726277,-0.117285],[-0.702112,-0.590534,-0.397879],[0.21971,0.35184,-0.90991]]],"btipPosition":[-10.6887,243.806,-6.00148],"carpPosition":[5.56474,238.235,40.7877],"dipPosition":[-6.94264,249.805,-21.5153],"direction":[-0.611594,-0.644479,0.458912],"extended":false,"handId":363,"id":3634,"length":49.963,"mcpPosition":[21.6241,273.248,-1.70869],"pipPosition":[4.8897,262.274,-30.3938],"stabilizedTipPosition":[-11.4871,243.675,-8.2651],"timeVisible":13.1599,"tipPosition":[-9.6734,245.557,-10.4457],"tipVelocity":[175.35,142.588,-127.855],"tool":false,"touchDistance":0.333333,"touchZone":"none","type":4,"width":15.8833}],"r":[[0.726237,-0.0586235,0.684941],[0.19447,0.973179,-0.122902],[-0.659365,0.222456,0.718158]],"s":0.932851,"t":[181.78,-54.6137,-167.585],"timestamp":15422602130},false],[6,{"currentFrameRate":110.315,"devices":[],"gestures":[],"hands":[{"armBasis":[[0.914824,-0.164946,-0.368632],[0.294029,0.897764,0.327974],[0.276847,-0.408427,0.869795]],"armWidth":63.029,"confidence":0.785796,"direction":[0.0715061,0.768263,-0.636128],"elbow":[64.9109,126.233,278.796],"grabStrength":0,"id":363,"palmNormal":[-0.298478,-0.592055,-0.748587],"palmPosition":[-13.6592,275.654,10.7308],"palmVelocity":[165.202,152.089,-157.64],"palmWidth":90.0033,"pinchStrength":0.376861,"r":[[0.722781,-0.0591239,0.688543],[0.19641,0.972822,-0.122642],[-0.662579,0.22388,0.71475]],"s":0.936693,"sphereCenter":[-31.0797,267.102,-32.2976],"sphereRadius":46.7372,"stabilizedPalmPosition":[-16.4788,273.002,13.4775],"t":[183.173,-53.2832,-168.988],"timeVisible":13.1689,"type":"right","wrist":[-9.02711,235.313,46.4982]}],"id":1177403,"interactionBox":{"center":[0,200,0],"size":[235.247,235.247,147.751]},"pointables":[{"bases":[[[0.663895,0.58152,0.470189],[-0.660373,0.160835,0.733512],[0.350929,-0.797475,0.490798]],[[0.428404,0.882934,0.192088],[-0.671955,0.169175,0.721011],[0.604109,-0.437958,0.665767]],[[0.428404,0.882934,0.192088],[-0.885989,0.368706,0.281212],[0.177467,-0.29066,0.940224]],[[0.428404,0.882934,0.192088],[-0.898008,0.39244,0.198927],[0.100256,-0.257718,0.961005]]],"btipPosition":[-77.4304,270.645,-40.9032],"carpPosition":[-39.2956,233.251,45.9268],"dipPosition":[-75.1095,264.679,-18.6561],"direction":[-0.177467,0.29066,-0.940224],"extended":false,"handId":363,"id":3630,"length":51.5512,"mcpPosition":[-39.2956,233.251,45.9268],"pipPosition":[-69.1243,254.876,13.0537],"stabilizedTipPosition":[-81.6593,265.035,-31.0816],"timeVisible":13.1689,"tipPosition":[-76.5297,269.023,-35.9652],"tipVelocity":[189.195,171.437,-187.826],"tool":false,"touchDistance":-0.518309,"touchZone":"hovering","type":0,"width":20.0304},{"bases":[[[0.950229,-0.110951,-0.291127],[0.281928,0.703914,0.651937],[0.132595,-0.701567,0.700159]],[[0.952539,-0.124029,-0.278004],[0.253354,0.829281,0.498101],[0.168765,-0.544894,0.821346]],[[0.952539,-0.124029,-0.278004],[0.219807,0.912032,0.346241],[0.210605,-0.390915,0.896008]],[[0.952539,-0.124029,-0.278004],[0.190196,0.955526,0.225377],[0.237687,-0.267556,0.933766]]],"btipPosition":[-51.0463,338.97,-70.8784],"carpPosition":[-25.173,250.892,52.1808],"dipPosition":[-47.0293,334.449,-55.0975],"direction":[-0.210605,0.390915,-0.896008],"extended":true,"handId":363,"id":3631,"length":58.1698,"mcpPosition":[-34.8222,301.946,1.22892],"pipPosition":[-41.9941,325.102,-33.6754],"stabilizedTipPosition":[-52.3767,335.555,-66.0108],"timeVisible":13.1689,"tipPosition":[-50.7726,335.913,-67.7199],"tipVelocity":[250.497,248.352,-147.13],"tool":false,"touchDistance":0.250687,"touchZone":"hovering","type":1,"width":19.133},{"bases":[[[0.897329,-0.323078,-0.300701],[0.441359,0.659449,0.608547],[0.00168883,-0.678784,0.734336]],[[0.897228,-0.31405,-0.310411],[0.146103,0.874517,-0.462465],[0.416697,0.369585,0.830524]],[[0.897228,-0.31405,-0.310411],[-0.399502,-0.277879,-0.873603],[0.188099,0.90783,-0.374784]],[[0.897228,-0.31405,-0.310411],[-0.424934,-0.805214,-0.413597],[-0.120057,0.502995,-0.855911]]],"btipPosition":[-36.3694,245.487,-14.4605],"carpPosition":[-13.3265,251.149,49.3628],"dipPosition":[-38.601,254.837,-30.3703],"direction":[-0.188099,-0.90783,0.374784],"extended":false,"handId":363,"id":3632,"length":66.2798,"mcpPosition":[-13.443,297.993,-1.31475],"pipPosition":[-33.3102,280.372,-40.9123],"stabilizedTipPosition":[-39.7554,245.055,-15.2837],"timeVisible":13.1689,"tipPosition":[-36.8705,247.851,-18.2718],"tipVelocity":[174.199,148.975,-164.851],"tool":false,"touchDistance":0.333333,"touchZone":"none","type":2,"width":18.7912},{"bases":[[[0.851955,-0.468232,-0.234374],[0.50417,0.612707,0.608607],[-0.141367,-0.63667,0.758067]],[[0.843912,-0.499176,-0.196559],[0.319088,0.761571,-0.564086],[0.431272,0.41332,0.80198]],[[0.843912,-0.499176,-0.196559],[-0.391578,-0.322695,-0.861704],[0.366714,0.804171,-0.467793]],[[0.843912,-0.499176,-0.196559],[-0.535024,-0.756109,-0.376893],[0.0395164,0.423229,-0.905161]]],"btipPosition":[-23.1638,239.705,-7.19436],"carpPosition":[-2.08407,248.381,45.6727],"dipPosition":[-22.4335,247.527,-23.923],"direction":[-0.366714,-0.804171,0.467793],"extended":false,"handId":363,"id":3633,"length":63.7298,"mcpPosition":[6.67513,287.829,-1.29768],"pipPosition":[-12.385,269.563,-36.7413],"stabilizedTipPosition":[-24.9559,239.692,-9.26797],"timeVisible":13.1689,"tipPosition":[-22.9404,241.848,-11.7509],"tipVelocity":[169.245,146.286,-147.334],"tool":false,"touchDistance":0.333333,"touchZone":"none","type":3,"width":17.881},{"bases":[[[0.734774,-0.63353,-0.242377],[0.61606,0.473749,0.629311],[-0.283862,-0.61172,0.738391]],[[0.677804,-0.725857,-0.117102],[0.558923,0.61216,-0.559344],[0.477689,0.313674,0.820623]],[[0.677804,-0.725857,-0.117102],[-0.407715,-0.238526,-0.881405],[0.611841,0.645164,-0.457617]],[[0.677804,-0.725857,-0.117102],[-0.700956,-0.589879,-0.400878],[0.221904,0.353801,-0.908616]]],"btipPosition":[-9.31566,244.966,-7.29565],"carpPosition":[6.73115,239.365,39.4125],"dipPosition":[-5.53222,250.998,-22.7874],"direction":[-0.611841,-0.645164,0.457617],"extended":false,"handId":363,"id":3634,"length":49.963,"mcpPosition":[23.0124,274.451,-2.93892],"pipPosition":[6.3049,263.48,-31.6408],"stabilizedTipPosition":[-10.0956,244.9,-9.45162],"timeVisible":13.1689,"tipPosition":[-8.29008,246.734,-11.7299],"tipVelocity":[169.58,139.22,-132.248],"tool":false,"touchDistance":0.333333,"touchZone":"none","type":4,"width":15.8833}],"r":[[0.722781,-0.0591239,0.688543],[0.19641,0.972822,-0.122642],[-0.662579,0.22388,0.71475]],"s":0.936693,"t":[183.173,-53.2