{"sensorType":"Leap","data":[[0,{"currentFrameRate":110.37,"devices":[],"gestures":[],"hands":[{"armBasis":[[0.873576,-0.260962,-0.410808],[0.425416,0.819446,0.384095],[0.236401,-0.510301,0.826866]],"armWidth":63.029,"confidence":0.330304,"direction":[0.110312,0.94953,-0.29364],"elbow":[-2.04915,82.4996,238.042],"grabStrength":0.472813,"id":362,"palmNormal":[-0.494125,-0.20395,-0.84513],"palmPosition":[-67.9066,270.431,1.28119],"palmVelocity":[178.557,13.165,-185.215],"palmWidth":90.0033,"pinchStrength":0.473695,"r":[[0.960129,0.0641491,0.272097],[-0.136001,0.957556,0.254145],[-0.244245,-0.281017,0.928102]],"s":1.01265,"sphereCenter":[-81.8888,273.37,-45.938],"sphereRadius":45.1967,"stabilizedPalmPosition":[-93.4479,284.985,62.7627],"t":[32.3321,-6.01008,-106.247],"timeVisible":4.33873,"type":"right","wrist":[-65.1852,218.787,17.2091]}],"id":1174793,"interactionBox":{"center":[0,200,0],"size":[235.247,235.247,147.751]},"pointables":[{"bases":[[[0.810497,0.271801,0.518863],[-0.516097,-0.0875577,0.852043],[0.277017,-0.958362,0.0693107]],[[0.585071,0.690489,0.425343],[-0.563479,-0.0310865,0.825545],[0.583252,-0.722675,0.370888]],[[0.585071,0.690489,0.425343],[-0.755371,0.273112,0.595672],[0.295138,-0.669802,0.681365]],[[0.585071,0.690489,0.425343],[-0.810599,0.514037,0.280528],[-0.024941,-0.508911,0.860458]]],"btipPosition":[-133.33,290.168,-39.4414],"carpPosition":[-95.155,220.114,21.7707],"dipPosition":[-133.908,278.387,-19.522],"direction":[-0.295138,0.669802,-0.681365],"extended":false,"handId":362,"id":3620,"length":51.5512,"mcpPosition":[-95.155,220.114,21.7707],"pipPosition":[-123.954,255.797,3.45764],"stabilizedTipPosition":[-168.588,303.863,46.5656],"timeVisible":4.33873,"tipPosition":[-134.055,288.01,-34.5031],"tipVelocity":[230.838,23.9288,-259.047],"tool":false,"touchDistance":0.330976,"touchZone":"hovering","type":0,"width":20.0304},{"bases":[[[0.868643,-0.075512,-0.489649],[0.483311,0.346483,0.803965],[0.108946,-0.935012,0.337466]],[[0.873226,-0.125395,-0.470906],[0.335304,0.855822,0.393879],[0.353621,-0.501842,0.789371]],[[0.873226,-0.125395,-0.470906],[0.158987,0.98676,0.032058],[0.460651,-0.102862,0.881601]],[[0.873226,-0.125395,-0.470906],[0.0326925,0.979224,-0.200129],[0.486218,0.159363,0.859183]]],"btipPosition":[-119.737,321.343,-62.2566],"carpPosition":[-77.5505,232.208,31.445],"dipPosition":[-111.52,324.036,-47.7361],"direction":[-0.460651,0.102862,-0.881601],"extended":false,"handId":362,"id":3621,"length":58.1698,"mcpPosition":[-85.4787,300.251,6.88701],"pipPosition":[-100.506,321.577,-26.6585],"stabilizedTipPosition":[-143.891,315.445,-21.168],"timeVisible":4.33873,"tipPosition":[-118.234,319.374,-58.8393],"tipVelocity":[293.983,203.266,-250.211],"tool":false,"touchDistance":0.164456,"touchZone":"hovering","type":1,"width":19.133},{"bases":[[[0.780171,-0.259094,-0.569389],[0.625482,0.308117,0.716824],[-0.010287,-0.915387,0.402442]],[[0.780175,-0.258681,-0.56957],[0.167636,0.963649,-0.208037],[0.602681,0.066825,0.795179]],[[0.780175,-0.258681,-0.56957],[-0.592657,-0.0142454,-0.805329],[0.20021,0.965858,-0.164423]],[[0.780175,-0.258681,-0.56957],[-0.583534,-0.629041,-0.513611],[-0.225422,0.73307,-0.641711]]],"btipPosition":[-95.8,251.618,-22.4298],"carpPosition":[-66.3341,232.426,26.7025],"dipPosition":[-99.9902,265.245,-34.3581],"direction":[-0.20021,-0.965858,0.164423],"extended":false,"handId":362,"id":3622,"length":66.2798,"mcpPosition":[-65.6242,295.599,-1.07067],"pipPosition":[-94.3587,292.413,-38.983],"stabilizedTipPosition":[-127.664,272.095,36.6153],"timeVisible":4.33873,"tipPosition":[-96.7166,254.68,-25.024],"tipVelocity":[179.666,39.471,-230.492],"tool":false,"touchDistance":0.333333,"touchZone":"none","type":2,"width":18.7912},{"bases":[[[0.720767,-0.413462,-0.556366],[0.678977,0.25948,0.686776],[-0.13959,-0.872765,0.467756]],[[0.725576,-0.379801,-0.573838],[0.27634,0.924518,-0.262491],[0.630219,0.0318826,0.775763]],[[0.725576,-0.379801,-0.573838],[-0.612842,0.0226454,-0.789881],[0.312993,0.924791,-0.216327]],[[0.725576,-0.379801,-0.573838],[-0.671873,-0.57125,-0.471445],[-0.14875,0.727615,-0.669664]]],"btipPosition":[-81.3656,244.191,-24.8343],"carpPosition":[-56.3347,230.311,20.1291],"dipPosition":[-84.1147,257.638,-37.2106],"direction":[-0.312993,-0.924791,0.216327],"extended":false,"handId":362,"id":3623,"length":63.7298,"mcpPosition":[-47.6856,284.388,-8.85342],"pipPosition":[-75.5382,282.979,-43.1383],"stabilizedTipPosition":[-110.476,264.905,18.8084],"timeVisible":4.33873,"tipPosition":[-82.1584,247.764,-28.234],"tipVelocity":[204.92,-17.0937,-157.389],"tool":false,"touchDistance":0.333333,"touchZone":"none","type":3,"width":17.881},{"bases":[[[0.577606,-0.548848,-0.604265],[0.767799,0.11388,0.630489],[-0.277229,-0.828128,0.487183]],[[0.573858,-0.559842,-0.597715],[0.480365,0.821214,-0.307988],[0.663277,-0.11038,0.740189]],[[0.573858,-0.559842,-0.597715],[-0.620335,0.179346,-0.763557],[0.53467,0.808957,-0.24437]],[[0.573858,-0.559842,-0.597715],[-0.81871,-0.374325,-0.435425],[0.0200297,0.739227,-0.673158]]],"btipPosition":[-68.0896,246.909,-28.317],"carpPosition":[-50.1063,223.804,9.30971],"dipPosition":[-67.7481,259.512,-39.7943],"direction":[-0.53467,-0.808957,0.24437],"extended":false,"handId":362,"id":3624,"length":49.963,"mcpPosition":[-34.2054,271.303,-18.6334],"pipPosition":[-57.404,275.163,-44.5221],"stabilizedTipPosition":[-94.5153,265.774,10.8468],"timeVisible":4.33873,"tipPosition":[-67.777,249.721,-31.1127],"tipVelocity":[195.922,-6.09334,-172.216],"tool":false,"touchDistance":0.333333,"touchZone":"none","type":4,"width":15.8833}],"r":[[0.960129,0.0641491,0.272097],[-0.136001,0.957556,0.254145],[-0.244245,-0.281017,0.928102]],"s":1.01265,"t":[32.3321,-6.01008,-106.247],"timestamp":15398623210},false],[1,{"currentFrameRate":110.301,"devices":[],"gestures":[],"hands":[{"armBasis":[[0.875918,-0.261915,-0.405178],[0.424521,0.81744,0.389325],[0.229238,-0.513023,0.827198]],"armWidth":63.029,"confidence":0.340674,"direction":[0.11934,0.946026,-0.301319],"elbow":[-2.90261,82.4306,237.772],"grabStrength":0.458671,"id":362,"palmNormal":[-0.4808,-0.210463,-0.851197],"palmPosition":[-66.3557,270.935,0.35891],"palmVelocity":[175.832,24.8264,-161.509],"palmWidth":90.0033,"pinchStrength":0.453601,"r":[[0.957776,0.0604817,0.281083],[-0.13311,0.959821,0.247035],[-0.254849,-0.274019,0.927343]],"s":1.01892,"sphereCenter":[-79.6945,273.531,-47.0726],"sphereRadius":45.2558,"stabilizedPalmPosition":[-92.6358,284.564,60.8922],"t":[33.9088,-5.52243,-107.524],"timeVisible":4.34791,"type":"right","wrist":[-64.1258,219.445,16.8508]}],"id":1174794,"interactionBox":{"center":[0,200,0],"size":[235.247,235.247,147.751]},"pointables":[{"bases":[[[0.802879,0.273671,0.529613],[-0.530655,-0.0767316,0.844108],[0.271646,-0.958758,0.0836184]],[[0.580793,0.692417,0.428062],[-0.575559,-0.0225842,0.817448],[0.575683,-0.721144,0.385411]],[[0.580793,0.692417,0.428062],[-0.764293,0.282793,0.579554],[0.28024,-0.663767,0.693455]],[[0.580793,0.692417,0.428062],[-0.812848,0.521858,0.258732],[-0.0442375,-0.498219,0.865922]]],"btipPosition":[-131.014,290.471,-41.568],"carpPosition":[-94.1616,220.944,20.8955],"dipPosition":[-132.038,278.938,-21.522],"direction":[-0.28024,0.663767,-0.693455],"extended":false,"handId":362,"id":3620,"length":51.5512,"mcpPosition":[-94.1616,220.944,20.8955],"pipPosition":[-122.587,256.552,1.86533],"stabilizedTipPosition":[-167.24,303.284,43.5513],"timeVisible":4.34791,"tipPosition":[-131.806,288.367,-36.6648],"tipVelocity":[233.654,28.1899,-250.45],"tool":false,"touchDistance":0.331468,"touchZone":"hovering","type":0,"width":20.0304},{"bases":[[[0.876376,-0.0841182,-0.474224],[0.471297,0.352615,0.808419],[0.0992156,-0.93198,0.348668]],[[0.880454,-0.134292,-0.454717],[0.335523,0.854097,0.39742],[0.335002,-0.502478,0.797051]],[[0.880454,-0.134292,-0.454717],[0.169939,0.984713,0.0382313],[0.442631,-0.110935,0.889815]],[[0.880454,-0.134292,-0.454717],[0.0495657,0.979865,-0.193412],[0.471535,0.147752,0.869382]]],"btipPosition":[-116.677,322.392,-64.4708],"carpPosition":[-76.669,233.062,30.7411],"dipPosition":[-108.708,324.889,-49.7779],"direction":[-0.442631,0.110935,-0.889815],"extended":false,"handId":362,"id":3621,"length":58.1698,"mcpPosition":[-83.8891,300.884,5.36791],"pipPosition":[-98.1255,322.237,-28.504],"stabilizedTipPosition":[-139.297,316.635,-27.482],"timeVisible":4.34791,"tipPosition":[-115.25,320.453,-61.0277],"tipVelocity":[303.157,177.008,-246.429],"tool":false,"touchDistance":0.158985,"touchZone":"hovering","type":1,"width":19.133},{"bases":[[[0.788452,-0.26813,-0.553579],[0.614738,0.31277,0.724067],[-0.0210012,-0.911198,0.411434]],[[0.788462,-0.267681,-0.553782],[0.175265,0.960786,-0.214876],[0.589584,0.0723627,0.804459]],[[0.788462,-0.267681,-0.553782],[-0.579243,-0.0202949,-0.814903],[0.206895,0.963294,-0.171054]],[[0.788462,-0.267681,-0.553782],[-0.577464,-0.632183,-0.516603],[-0.211807,0.727112,-0.653029]]],"btipPosition":[-93.9171,252.007,-23.613],"carpPosition":[-65.374,233.185,26.1854],"dipPosition":[-97.8542,265.522,-35.7516],"direction":[-0.206895,-0.963294,0.171054],"extended":false,"handId":362,"id":3622,"length":66.2798,"mcpPosition":[-63.9247,296.068,-2.20829],"pipPosition":[-92.0347,292.618,-40.5631],"stabilizedTipPosition":[-126.618,271.554,34.6076],"timeVisible":4.34791,"tipPosition":[-94.784,255.044,-26.2626],"tipVelocity":[188.494,39.4751,-203.54],"tool":false,"touchDistance":0.333333,"touchZone":"none","type":2,"width":18.7912},{"bases":[[[0.728168,-0.422108,-0.539997],[0.668515,0.263608,0.695412],[-0.151192,-0.867373,0.474136]],[[0.733414,-0.388652,-0.557722],[0.284712,0.920636,-0.26715],[0.617287,0.0371413,0.785861]],[[0.733414,-0.388652,-0.557722],[-0.599387,0.017319,-0.800272],[0.320687,0.921222,-0.220251]],[[0.733414,-0.388652,-0.557722],[-0.666404,-0.573031,-0.477012],[-0.1342,0.721516,-0.679268]]],"btipPosition":[-79.4956,244.485,-25.7176],"carpPosition":[-55.2753,230.961,19.8023],"dipPosition":[-81.9758,257.819,-38.2715],"direction":[-0.320687,-0.921222,0.220251],"extended":false,"handId":362,"id":3623,"length":63.7298,"mcpPosition":[-45.9074,284.704,-9.57551],"pipPosition":[-73.1885,283.062,-44.3067],"stabilizedTipPosition":[-107.981,263.481,14.9187],"timeVisible":4.34791,"tipPosition":[-80.2114,248.022,-29.157],"tipVelocity":[206.412,-4.16209,-141.516],"tool":false,"touchDistance":0.333333,"touchZone":"none","type":3,"width":17.881},{"bases":[[[0.58524,-0.557374,-0.588921],[0.757632,0.117072,0.642096],[-0.288941,-0.821966,0.4908]],[[0.581238,-0.568553,-0.58216],[0.488958,0.815884,-0.308631],[0.650448,-0.105264,0.752221]],[[0.581238,-0.568553,-0.58216],[-0.606812,0.173819,-0.775607],[0.542164,0.804074,-0.243975]],[[0.581238,-0.568553,-0.58216],[-0.813001,-0.375387,-0.4451],[0.034528,0.732006,-0.680423]]],"btipPosition":[-66.1502,247.108,-28.9837],"carpPosition":[-48.8951,224.318,9.15515],"dipPosition":[-65.5615,259.589,-40.5848],"direction":[-0.542164,-0.804074,0.243975],"extended":false,"handId":362,"id":3624,"length":49.963,"mcpPosition":[-32.3225,271.463,-18.9954],"pipPosition":[-55.0724,275.145,-45.3049],"stabilizedTipPosition":[-92.4406,264.624,7.75308],"timeVisible":4.34791,"tipPosition":[-65.7813,249.895,-31.8059],"tipVelocity":[201.887,0.818604,-145.234],"tool":false,"touchDistance":0.333333,"touchZone":"none","type":4,"width":15.8833}],"r":[[0.957776,0.0604817,0.281083],[-0.13311,0.959821,0.247035],[-0.254849,-0.274019,0.927343]],"s":1.01892,"t":[33.9088,-5.52243,-107.524],"timestamp":15398632398},false],[2,{"currentFrameRate":110.478,"devices":[],"gestures":[],"hands":[{"armBasis":[[0.874923,-0.26519,-0.405196],[0.427701,0.815581,0.389742],[0.227115,-0.514297,0.826993]],"armWidth":63.029,"confidence":0.353308,"direction":[0.130781,0.940793,-0.312738],"elbow":[-2.54934,82.1926,237.436],"grabStrength":0.44721,"id":362,"palmNormal":[-0.471334,-0.218517,-0.854456],"palmPosition":[-64.8103,270.819,-0.65914],"palmVelocity":[176.111,14.6223,-149.464],"palmWidth":90.0033,"pinchStrength":0.43541,"r":[[0.955148,0.0568909,0.290611],[-0.129848,0.962458,0.238356],[-0.266141,-0.265401,0.926678]],"s":1.02485,"sphereCenter":[-77.6757,272.949,-48.2117],"sphereRadius":45.2985,"stabilizedPalmPosition":[-91.715,284.109,58.8553],"t":[35.4698,-5.33664,-108.671],"timeVisible":4.35665,"type":"right","wrist":[-63.2053,219.547,16.5688]}],"id":1174795,"interactionBox":{"center":[0,200,0],"size":[235.247,235.247,147.751]},"pointables":[{"bases":[[[0.798066,0.274745,0.536289],[-0.542197,-0.060871,0.838044],[0.262893,-0.959588,0.100387]],[[0.580614,0.693814,0.42604],[-0.584209,-0.00944362,0.811548],[0.567087,-0.720092,0.39985]],[[0.580614,0.693814,0.42604],[-0.769651,0.297037,0.56516],[0.265566,-0.656042,0.706458]],[[0.580614,0.693814,0.42604],[-0.811971,0.53195,0.240276],[-0.0599252,-0.48544,0.872214]]],"btipPosition":[-128.848,290.255,-43.563],"carpPosition":[-93.2785,221.336,20.1976],"dipPosition":[-130.236,279.017,-23.3714],"direction":[-0.265566,0.656042,-0.706458],"extended":false,"handId":362,"id":3620,"length":51.5512,"mcpPosition":[-93.2785,221.336,20.1976],"pipPosition":[-121.279,256.891,0.454554],"stabilizedTipPosition":[-165.772,302.681,40.3693],"timeVisible":4.35665,"tipPosition":[-129.656,288.199,-38.7071],"tipVelocity":[234.901,16.0929,-243.503],"tool":false,"touchDistance":0.331605,"touchZone":"hovering","type":0,"width":20.0304},{"bases":[[[0.881781,-0.0975112,-0.46147],[0.46352,0.36013,0.809602],[0.087244,-0.927792,0.362754]],[[0.885227,-0.147971,-0.440997],[0.339619,0.853428,0.395372],[0.317856,-0.499765,0.805731]],[[0.885227,-0.147971,-0.440997],[0.183412,0.982279,0.0385771],[0.427474,-0.115033,0.896679]],[[0.885227,-0.147971,-0.440997],[0.0679894,0.979032,-0.192024],[0.460164,0.140002,0.876726]]],"btipPosition":[-113.673,322.592,-66.7899],"carpPosition":[-75.8196,233.453,30.1042],"dipPosition":[-105.896,324.958,-51.973],"direction":[-0.427474,0.115033,-0.896679],"extended":false,"handId":362,"id":3621,"length":58.1698,"mcpPosition":[-82.1685,300.97,3.70586],"pipPosition":[-95.6763,322.208,-30.5349],"stabilizedTipPosition":[-134.845,317.691,-33.3125],"timeVisible":4.35665,"tipPosition":[-112.314,320.7,-63.3153],"tipVelocity":[312.684,134.814,-250.645],"tool":false,"touchDistance":0.148539,"touchZone":"hovering","type":1,"width":19.133},{"bases":[[[0.793435,-0.281918,-0.539428],[0.607726,0.318004,0.727697],[-0.0336108,-0.905205,0.423644]],[[0.793458,-0.2813,-0.539717],[0.182806,0.955985,-0.229509],[0.580522,0.0834423,0.809958]],[[0.793458,-0.2813,-0.539717],[-0.57022,-0.033569,-0.820806],[0.212775,0.959032,-0.187039]],[[0.793458,-0.2813,-0.539717],[-0.574486,-0.638979,-0.511539],[-0.200972,0.715945,-0.668606]]],"btipPosition":[-92.0733,251.632,-24.4681],"carpPosition":[-64.4656,233.425,25.6959],"dipPosition":[-95.809,264.94,-36.8963],"direction":[-0.212775,-0.959032,0.187039],"extended":false,"handId":362,"id":3622,"length":66.2798,"mcpPosition":[-62.1461,295.894,-3.54039],"pipPosition":[-89.8241,291.916,-42.1573],"stabilizedTipPosition":[-125.438,270.964,32.438],"timeVisible":4.35665,"tipPosition":[-92.9408,254.69,-27.2841],"tipVelocity":[195.949,15.9624,-177.289],"tool":false,"touchDistance":0.333333,"touchZone":"none","type":2,"width":18.7912},{"bases":[[[0.731756,-0.435218,-0.524518],[0.661479,0.268031,0.700432],[-0.164254,-0.859502,0.484021]],[[0.737497,-0.402059,-0.542629],[0.295485,0.914592,-0.276063],[0.607277,0.0432567,0.793311]],[[0.737497,-0.402059,-0.542629],[-0.588707,0.0109986,-0.808272],[0.330941,0.915548,-0.228583]],[[0.737497,-0.402059,-0.542629],[-0.664703,-0.574244,-0.477927],[-0.119447,0.713157,-0.690753]]],"btipPosition":[-77.8249,244.11,-26.5439],"carpPosition":[-54.3027,231.033,19.4773],"dipPosition":[-80.0324,257.29,-39.3099],"direction":[-0.330941,-0.915548,0.228583],"extended":false,"handId":362,"id":3623,"length":63.7298,"mcpPosition":[-44.1254,284.289,-10.513],"pipPosition":[-70.9641,282.377,-45.5735],"stabilizedTipPosition":[-105.333,262.022,10.9534],"timeVisible":4.35665,"tipPosition":[-78.4637,247.6,-30.032],"tipVelocity":[204.266,-15.6337,-130.441],"tool":false,"touchDistance":0.333333,"touchZone":"none","type":3,"width":17.881},{"bases":[[[0.588405,-0.570035,-0.573445],[0.750114,0.120081,0.650316],[-0.301843,-0.812798,0.498247]],[[0.584133,-0.58133,-0.566432],[0.499364,0.807557,-0.313828],[0.639863,-0.0995384,0.762015]],[[0.584133,-0.58133,-0.566432],[-0.595373,0.167429,-0.785811],[0.551652,0.796256,-0.248307]],[[0.584133,-0.58133,-0.566432],[-0.810163,-0.375267,-0.450344],[0.0492354,0.721963,-0.690178]]],"btipPosition":[-64.4167,246.581,-29.651],"carpPosition":[-47.8375,224.195,9.00741],"dipPosition":[-63.5772,258.89,-41.4184],"direction":[-0.551652,-0.796256,0.248307],"extended":false,"handId":362,"id":3624,"length":49.963,"mcpPosition":[-30.5249,270.814,-19.5703],"pipPosition":[-52.9046,274.295,-46.2223],"stabilizedTipPosition":[-90.1605,263.395,4.51198],"timeVisible":4.35665,"tipPosition":[-63.9912,249.328,-32.5097],"tipVelocity":[202.725,-16.7715,-127.97],"tool":false,"touchDistance":0.333333,"touchZone":"none","type":4,"width":15.8833}],"r":[[0.955148,0.0568909,0.290611],[-0.129848,0.962458,0.238356],[-0.266141,-0.265401,0.926678]],"s":1.02485,"t":[35.4698,-5.33664,-108.671],"timestamp":15398641135},false],[3,{"currentFrameRate":110.39,"devices":[],"gestures":[],"hands":[{"armBasis":[[0.878524,-0.266315,-0.396575],[0.423765,0.817674,0.389658],[0.220497,-0.510378,0.831201]],"armWidth":63.029,"confidence":0.367326,"direction":[0.13478,0.939272,-0.315599],"elbow":[-2.7799,82.9877,237.834],"grabStrength":0.429017,"id":362,"palmNormal":[-0.462244,-0.222124,-0.858482],"palmPosition":[-63.0529,270.489,-1.63481],"palmVelocity":[180.199,0.500253,-137.255],"palmWidth":90.0033,"pinchStrength":0.409338,"r":[[0.952322,0.0542352,0.300237],[-0.127537,0.964735,0.230264],[-0.277161,-0.257576,0.925655]],"s":1.03147,"sphereCenter":[-75.5322,272.492,-49.2816],"sphereRadius":45.4034,"stabilizedPalmPosition":[-90.5251,283.544,56.344],"t":[37.1289,-5.40866,-109.733],"timeVisible":4.36587,"type":"right","wrist":[-61.6684,219.295,15.8432]}],"id":1174796,"interactionBox":{"center":[0,200,0],"size":[235.247,235.247,147.751]},"pointables":[{"bases":[[[0.792424,0.276693,0.543603],[-0.55124,-0.0567013,0.832418],[0.261147,-0.959284,0.107593]],[[0.576461,0.695383,0.429109],[-0.591282,-0.00747139,0.806431],[0.563984,-0.7186,0.40686]],[[0.576461,0.695383,0.429109],[-0.775595,0.300355,0.555193],[0.257187,-0.652862,0.712479]],[[0.576461,0.695383,0.429109],[-0.814123,0.533745,0.228736],[-0.0699755,-0.481205,0.873811]]],"btipPosition":[-126.679,289.76,-45.2074],"carpPosition":[-91.7777,221.12,19.1394],"dipPosition":[-128.299,278.62,-24.9789],"direction":[-0.257187,0.652862,-0.712479],"extended":false,"handId":362,"id":3620,"length":51.5512,"mcpPosition":[-91.7777,221.12,19.1394],"pipPosition":[-119.625,256.602,-0.949894],"stabilizedTipPosition":[-163.969,301.961,36.6026],"timeVisible":4.36587,"tipPosition":[-127.489,287.702,-40.4018],"tipVelocity":[233.414,-2.78005,-225.023],"tool":false,"touchDistance":0.30434,"touchZone":"hovering","type":0,"width":20.0304},{"bases":[[[0.886638,-0.100171,-0.451485],[0.45501,0.363536,0.812901],[0.0827019,-0.926179,0.367903]],[[0.889854,-0.151221,-0.430456],[0.339669,0.849476,0.403751],[0.304606,-0.505492,0.807275]],[[0.889854,-0.151221,-0.430456],[0.19284,0.979717,0.0544668],[0.413488,-0.131477,0.900967]],[[0.889854,-0.151221,-0.430456],[0.0829172,0.981364,-0.173348],[0.448648,0.118562,0.885809]]],"btipPosition":[-110.85,323.292,-68.4123],"carpPosition":[-74.4185,233.271,29.1782],"dipPosition":[-103.267,325.295,-53.4418],"direction":[-0.413488,0.131477,-0.900967],"extended":false,"handId":362,"id":3621,"length":58.1698,"mcpPosition":[-80.4369,300.67,2.40516],"pipPosition":[-93.3816,322.152,-31.9012],"stabilizedTipPosition":[-130.077,318.814,-39.1767],"timeVisible":4.36587,"tipPosition":[-109.556,321.318,-64.9307],"tipVelocity":[309.571,115.781,-228.676],"tool":false,"touchDistance":0.151375,"touchZone":"hovering","type":1,"width":19.133},{"bases":[[[0.799013,-0.284877,-0.52955],[0.600061,0.320945,0.732749],[-0.038787,-0.903238,0.427383]],[[0.799047,-0.284095,-0.52992],[0.17893,0.953758,-0.241516],[0.574028,0.0981641,0.81293]],[[0.799047,-0.284095,-0.52992],[-0.564424,-0.0506292,-0.823931],[0.207245,0.957459,-0.200805]],[[0.799047,-0.284095,-0.52992],[-0.56723,-0.648502,-0.507637],[-0.199437,0.706212,-0.67933]]],"btipPosition":[-89.8315,250.81,-25.0844],"carpPosition":[-63.0177,233.216,24.8927],"dipPosition":[-93.5387,263.938,-37.712],"direction":[-0.207245,-0.957459,0.200805],"extended":false,"handId":362,"id":3622,"length":66.2798,"mcpPosition":[-60.3409,295.549,-4.60155],"pipPosition":[-87.7093,290.869,-43.3602],"stabilizedTipPosition":[-123.822,270.167,29.6276],"timeVisible":4.36587,"tipPosition":[-90.7592,253.987,-28.1362],"tipVelocity":[209.407,-14.7507,-147.755],"tool":false,"touchDistance":0.333333,"touchZone":"none","type":2,"width":18.7912},{"bases":[[[0.737073,-0.438069,-0.514606],[0.654071,0.270815,0.706293],[-0.170042,-0.857179,0.486138]],[[0.743018,-0.405081,-0.53276],[0.300524,0.913203,-0.275219],[0.598004,0.0443855,0.800263]],[[0.743018,-0.405081,-0.53276],[-0.578756,0.0108655,-0.815428],[0.336103,0.914216,-0.22637]],[[0.743018,-0.405081,-0.53276],[-0.660272,-0.57377,-0.484592],[-0.109383,0.711827,-0.693785]]],"btipPosition":[-75.871,243.733,-27.6691],"carpPosition":[-52.7899,230.79,18.7951],"dipPosition":[-77.8926,256.888,-40.4912],"direction":[-0.336103,-0.914216,0.22637],"extended":false,"handId":362,"id":3623,"length":63.7298,"mcpPosition":[-42.254,283.901,-11.3264],"pipPosition":[-68.6828,281.939,-46.6941],"stabilizedTipPosition":[-102.224,260.385,6.4961],"timeVisible":4.36587,"tipPosition":[-76.4318,247.165,-31.0948],"tipVelocity":[207.741,-22.8796,-128.5],"tool":false,"touchDistance":0.333333,"touchZone":"none","type":3,"width":17.881},{"bases":[[[0.594167,-0.573018,-0.564461],[0.743141,0.122581,0.657811],[-0.307745,-0.810323,0.498667]],[[0.589717,-0.584517,-0.557291],[0.503216,0.805666,-0.31253],[0.63167,-0.0961332,0.769254]],[[0.589717,-0.584517,-0.557291],[-0.586871,0.163895,-0.79292],[0.554812,0.794656,-0.246384]],[[0.589717,-0.584517,-0.557291],[-0.805583,-0.376883,-0.457161],[0.0571846,0.71854,-0.693131]]],"btipPosition":[-62.3676,246.113,-30.4956],"carpPosition":[-46.2168,223.899,8.42681],"dipPosition":[-61.3926,258.364,-42.3134],"direction":[-0.554812,-0.794656,0.246384],"extended":false,"handId":362,"id":3624,"length":49.963,"mcpPosition":[-28.5657,270.376,-20.1749],"pipPosition":[-50.6588,273.738,-47.0802],"stabilizedTipPosition":[-87.3373,261.938,0.710449],"timeVisible":4.36587,"tipPosition":[-61.9118,248.85,-33.3656],"tipVelocity":[209.174,-26.6925,-118.152],"tool":false,"touchDistance":0.333333,"touchZone":"none","type":4,"width":15.8833}],"r":[[0.952322,0.0542352,0.300237],[-0.127537,0.964735,0.230264],[-0.277161,-0.257576,0.925655]],"s":1.03147,"t":[37.1289,-5.40866,-109.733],"timestamp":15398650350},false],[4,{"currentFrameRate":110.552,"devices":[],"gestures":[],"hands":[{"armBasis":[[0.879058,-0.269793,-0.393026],[0.424838,0.817371,0.389124],[0.216265,-0.509035,0.833134]],"armWidth":63.029,"confidence":0.385461,"direction":[0.137763,0.936782,-0.321652],"elbow":[-2.55511,83.2853,237.665],"grabStrength":0.415232,"id":362,"palmNormal":[-0.459448,-0.227255,-0.85864],"palmPosition":[-61.5343,270.307,-2.68314],"palmVelocity":[178.371,-5.21439,-132.541],"palmWidth":90.0033,"pinchStrength":0.389849,"r":[[0.949767,0.0522351,0.308567],[-0.125414,0.966867,0.222351],[-0.286729,-0.24988,0.924849]],"s":1.03751,"sphereCenter":[-73.9086,272.042,-50.4136],"sphereRadius":45.498,"stabilizedPalmPosition":[-89.1963,282.937,53.6385],"t":[38.7179,-5.53575,-110.787],"timeVisible":4.37463,"type":"right","wrist":[-60.3134,219.234,15.1576]}],"id":1174797,"interactionBox":{"center":[0,200,0],"size":[235.247,235.247,147.751]},"pointables":[{"bases":[[[0.790911,0.278994,0.544631],[-0.554463,-0.049829,0.830715],[0.258902,-0.958999,0.115281]],[[0.576304,0.697134,0.426472],[-0.593342,-0.00192671,0.804948],[0.561979,-0.716938,0.412528]],[[0.576304,0.697134,0.426472],[-0.777185,0.306155,0.549775],[0.2527,-0.648285,0.71824]],[[0.576304,0.697134,0.426472],[-0.813888,0.536781,0.22238],[-0.0738934,-0.475259,0.876738]]],"btipPosition":[-124.992,289.405,-46.561],"carpPosition":[-90.4312,221.139,18.3277],"dipPosition":[-126.702,278.402,-26.2647],"direction":[-0.2527,0.648285,-0.71824],"extended":false,"handId":362,"id":3620,"length":51.5512,"mcpPosition":[-90.4312,221.139,18.3277],"pipPosition":[-118.18,256.538,-2.04143],"stabilizedTipPosition":[-162.04,301.206,32.6768],"timeVisible":4.37463,"tipPosition":[-125.793,287.356,-41.7759],"tipVelocity":[221.84,-11.9441,-205.633],"tool":false,"touchDistance":0.282039,"touchZone":"hovering","type":0,"width":20.0304},{"bases":[[[0.88813,-0.105006,-0.447436],[0.452656,0.368358,0.812044],[0.0795469,-0.923735,0.374681]],[[0.891178,-0.156166,-0.425928],[0.342404,0.847445,0.405705],[0.297593,-0.507395,0.808696]],[[0.891178,-0.156166,-0.425928],[0.201375,0.97749,0.0629453],[0.40651,-0.141867,0.902565]],[[0.891178,-0.156166,-0.425928],[0.0947892,0.982258,-0.161815],[0.443641,0.103832,0.890169]]],"btipPosition":[-108.739,323.748,-69.9095],"carpPosition":[-73.0865,233.327,28.3465],"dipPosition":[-101.241,325.503,-54.8653],"direction":[-0.40651,0.141867,-0.902565],"extended":false,"handId":362,"id":3621,"length":58.1698,"mcpPosition":[-78.8753,300.549,1.08022],"pipPosition":[-91.522,322.111,-33.2865],"stabilizedTipPosition":[-125.708,319.825,-44.3426],"timeVisible":4.37463,"tipPosition":[-107.472,321.768,-66.4269],"tipVelocity":[290.58,96.9418,-212.664],"tool":false,"touchDistance":0.151597,"touchZone":"hovering","type":1,"width":19.133},{"bases":[[[0.800445,-0.290088,-0.524535],[0.597925,0.324932,0.732738],[-0.0421199,-0.900149,0.433541]],[[0.800488,-0.28915,-0.524987],[0.178724,0.951238,-0.251404],[0.572081,0.107418,0.813133]],[[0.800488,-0.28915,-0.524987],[-0.562567,-0.0603594,-0.824545],[0.206729,0.955379,-0.210983]],[[0.800488,-0.28915,-0.524987],[-0.565818,-0.653455,-0.502839],[-0.19766,0.699563,-0.686689]]],"btipPosition":[-88.1793,250.343,-25.8843],"carpPosition":[-61.6698,233.22,24.1044],"dipPosition":[-91.8535,263.346,-38.6486],"direction":[-0.206729,-0.955379,0.210983],"extended":false,"handId":362,"id":3622,"length":66.2798,"mcpPosition":[-58.7631,295.341,-5.81488],"pipPosition":[-86.0386,290.219,-44.5832],"stabilizedTipPosition":[-121.927,269.25,26.4456],"timeVisible":4.37463,"tipPosition":[-89.1175,253.545,-29.0292],"tipVelocity":[204.063,-25.9957,-133.577],"tool":false,"touchDistance":0.333333,"touchZone":"none","type":2,"width":18.7912},{"bases":[[[0.738155,-0.443054,-0.508753],[0.651938,0.274516,0.706837],[-0.173506,-0.853431,0.491479]],[[0.744204,-0.410369,-0.527027],[0.306356,0.910838,-0.276623],[0.593554,0.0444063,0.803568]],[[0.744204,-0.410369,-0.527027],[-0.573095,0.0130088,-0.819386],[0.343106,0.911827,-0.225499]],[[0.744204,-0.410369,-0.527027],[-0.66029,-0.571138,-0.487667],[-0.100882,0.710914,-0.696006]]],"btipPosition":[-74.4428,243.525,-28.8616],"carpPosition":[-51.424,230.732,18.0624],"dipPosition":[-76.3073,256.663,-41.7248],"direction":[-0.343106,-0.911827,0.225499],"extended":false,"handId":362,"id":3623,"length":63.7298,"mcpPosition":[-40.6734,283.611,-12.39],"pipPosition":[-66.9056,281.649,-47.9038],"stabilizedTipPosition":[-99.1758,258.843,2.22585],"timeVisible":4.37463,"tipPosition":[-74.9118,246.867,-32.162],"tipVelocity":[196.858,-23.2394,-130.84],"tool":false,"touchDistance":0.333333,"touchZone":"none","type":3,"width":17.881},{"bases":[[[0.595178,-0.578079,-0.5582],[0.740904,0.125779,0.659728],[-0.311165,-0.806229,0.503162]],[[0.590595,-0.589732,-0.550831],[0.505886,0.802382,-0.316643],[0.628711,-0.0916501,0.77222]],[[0.590595,-0.589732,-0.550831],[-0.583685,0.159167,-0.796228],[0.557235,0.791759,-0.250215]],[[0.590595,-0.589732,-0.550831],[-0.804646,-0.378612,-0.457382],[0.0611814,0.713351,-0.698132]]],"btipPosition":[-60.7914,245.724,-31.3573],"carpPosition":[-44.8253,223.757,7.76737],"dipPosition":[-59.7483,257.886,-43.2603],"direction":[-0.557235,-0.791759,0.250215],"extended":false,"handId":362,"id":3624,"length":49.963,"mcpPosition":[-26.978,269.999,-21.0922],"pipPosition":[-48.9677,273.204,-48.1012],"stabilizedTipPosition":[-84.3883,260.461,-3.12141],"timeVisible":4.37463,"tipPosition":[-60.3219,248.442,-34.2475],"tipVelocity":[201.811,-32.0844,-113.445],"tool":false,"touchDistance":0.333333,"touchZone":"none","type":4,"width":15.8833}],"r":[[0.949767,0.0522351,0.308567],[-0.125414,0.966867,0.222351],[-0.286729,-0.24988,0.924849]],"s":1.03751,"t":[38.7179,-5.53575,-110.787],"timestamp":15398659109},false],[5,{"currentFrameRate":110.372,"devices":[],"gestures":[],"hands":[{"armBasis":[[0.877967,-0.272991,-0.393256],[0.427294,0.817278,0.386621],[0.215855,-0.507476,0.834191]],"armWidth":63.029,"confidence":0.405811,"direction":[0.143805,0.93395,-0.327197],"elbow":[-1.55033,83.8545,237.653],"grabStrength":0.400836,"id":362,"palmNormal":[-0.45663,-0.230707,-0.859222],"palmPosition":[-60.0891,270.346,-3.31939],"palmVelocity":[171.465,-2.55278,-114.144],"palmWidth":90.0033,"pinchStrength":0.370083,"r":[[0.947423,0.0501769,0.316026],[-0.122909,0.968931,0.21463],[-0.295438,-0.242188,0.924154]],"s":1.043,"sphereCenter":[-72.2978,271.857,-51.1755],"sphereRadius":45.6092,"stabilizedPalmPosition":[-87.5147,282.209,50.3479],"t":[40.2349,-5.57985,-111.633],"timeVisible":4.384,"type":"right","wrist":[-59.1993,219.387,14.8638]}],"id":1174798,"interactionBox":{"center":[0,200,0],"size":[235.247,235.247,147.751]},"pointables":[{"bases":[[[0.789771,0.278753,0.546405],[-0.558486,-0.0416287,0.828469],[0.253685,-0.95946,0.122803]],[[0.577874,0.69699,0.424577],[-0.596327,0.00542889,0.802723],[0.557185,-0.71706,0.418771]],[[0.577874,0.69699,0.424577],[-0.778252,0.313973,0.543825],[0.245735,-0.64469,0.723871]],[[0.577874,0.69699,0.424577],[-0.812307,0.541475,0.216706],[-0.0788565,-0.470116,0.879075]]],"btipPosition":[-123.295,289.49,-47.5582],"carpPosition":[-89.3216,221.459,17.8827],"dipPosition":[-125.121,278.607,-27.2078],"direction":[-0.245735,0.64469,-0.723871],"extended":false,"handId":362,"id":3620,"length":51.5512,"mcpPosition":[-89.3216,221.459,17.8827],"pipPosition":[-116.833,256.865,-2.79464],"stabilizedTipPosition":[-159.682,300.332,28.0295],"timeVisible":4.384,"tipPosition":[-124.091,287.443,-42.7899],"tipVelocity":[209.382,-5.11537,-177.02],"tool":false,"touchDistance":0.266435,"touchZone":"hovering","type":0,"width":20.0304},{"bases":[[[0.889639,-0.112281,-0.442646],[0.45074,0.371529,0.811664],[0.0733215,-0.921607,0.381137]],[[0.892338,-0.163294,-0.420795],[0.34718,0.844064,0.408683],[0.288442,-0.510775,0.809883]],[[0.892338,-0.163294,-0.420795],[0.212627,0.97442,0.0727631],[0.398149,-0.154402,0.904233]],[[0.892338,-0.163294,-0.420795],[0.109674,0.982767,-0.1488],[0.437841,0.0866294,0.894869]]],"btipPosition":[-106.476,324.629,-70.9951],"carpPosition":[-71.9635,233.629,27.9004],"dipPosition":[-99.076,326.093,-55.8715],"direction":[-0.398149,0.154402,-0.904233],"extended":false,"handId":362,"id":3621,"length":58.1698,"mcpPosition":[-77.2992,300.696,0.164383],"pipPosition":[-89.557,322.402,-34.2528],"stabilizedTipPosition":[-121.117,320.952,-49.425],"timeVisible":4.384,"tipPosition":[-105.245,322.621,-67.515],"tipVelocity":[275.878,94.0622,-184.555],"tool":false,"touchDistance":0.158869,"touchZone":"hovering","type":1,"width":19.133},{"bases":[[[0.801403,-0.297442,-0.518923],[0.596155,0.326874,0.733316],[-0.0484959,-0.89704,0.43928]],[[0.801456,-0.296462,-0.519403],[0.183877,0.94857,-0.25769],[0.569085,0.111021,0.814749]],[[0.801456,-0.296462,-0.519403],[-0.559327,-0.0641161,-0.826464],[0.211713,0.95289,-0.217205]],[[0.801456,-0.296462,-0.519403],[-0.566556,-0.6545,-0.500643],[-0.191528,0.695514,-0.692515]]],"btipPosition":[-86.709,250.32,-26.4669],"carpPosition":[-60.5282,233.438,23.7117],"dipPosition":[-90.2692,263.248,-39.3395],"direction":[-0.211713,-0.95289,0.217205],"extended":false,"handId":362,"id":3622,"length":66.2798,"mcpPosition":[-57.1814,295.344,-6.60365],"pipPosition":[-84.3141,290.051,-45.449],"stabilizedTipPosition":[-119.474,268.112,22.4614],"timeVisible":4.384,"tipPosition":[-87.6207,253.511,-29.6461],"tipVelocity":[191.411,-19.8163,-114.013],"tool":false,"touchDistance":0.333333,"touchZone":"none","type":2,"width":18.7912},{"bases":[[[0.738295,-0.449996,-0.502418],[0.650039,0.276026,0.707996],[-0.179915,-0.849302,0.496304]],[[0.744562,-0.417605,-0.5208],[0.314718,0.907612,-0.277836],[0.58871,0.0429612,0.807202]],[[0.744562,-0.417605,-0.5208],[-0.566955,0.0162629,-0.823588],[0.352405,0.908483,-0.224655]],[[0.744562,-0.417605,-0.5208],[-0.661425,-0.566974,-0.490977],[-0.0902455,0.710033,-0.698362]]],"btipPosition":[-73.1262,243.569,-29.6297],"carpPosition":[-50.2671,230.861,17.7333],"dipPosition":[-74.794,256.691,-42.5364],"direction":[-0.352405,-0.908483,0.224655],"extended":false,"handId":362,"id":3623,"length":63.7298,"mcpPosition":[-39.1195,283.484,-13.018],"pipPosition":[-65.1376,281.585,-48.6923],"stabilizedTipPosition":[-95.876,257.267,-2.25133],"timeVisible":4.384,"tipPosition":[-73.5051,246.835,-32.8268],"tipVelocity":[182.172,-15.394,-117.229],"tool":false,"touchDistance":0.333333,"touchZone":"none","type":3,"width":17.881},{"bases":[[[0.594888,-0.584649,-0.551628],[0.738492,0.126549,0.66228],[-0.317394,-0.801355,0.507041]],[[0.590126,-0.596443,-0.544065],[0.5112,0.797673,-0.319987],[0.62484,-0.0892936,0.77563]],[[0.590126,-0.596443,-0.544065],[-0.579367,0.156437,-0.799914],[0.562215,0.787263,-0.253242]],[[0.590126,-0.596443,-0.544065],[-0.804453,-0.377783,-0.458405],[0.067874,0.708192,-0.70275]]],"btipPosition":[-59.3397,245.566,-31.814],"carpPosition":[-43.6557,223.785,7.51508],"dipPosition":[-58.1824,257.64,-43.7958],"direction":[-0.562215,-0.787263,0.253242],"extended":false,"handId":362,"id":3624,"length":49.963,"mcpPosition":[-25.4512,269.748,-21.567],"pipPosition":[-47.3054,272.871,-48.6952],"stabilizedTipPosition":[-80.9765,258.827,-7.35992],"timeVisible":4.384,"tipPosition":[-58.8459,248.265,-34.7229],"tipVelocity":[189.238,-28.3773,-95.5857],"tool":false,"touchDistance":0.333333,"touchZone":"none","type":4,"width":15.8833}],"r":[[0.947423,0.0501769,0.316026],[-0.122909,0.968931,0.21463],[-0.295438,-0.242188,0.924154]],"s":1.043,"t":[40.2349,-5.57985,-111.633],"timestamp":15398668488},false],[6,{"currentFrameRate":110.557,"devices":[],"gestures":[],"hands":[{"armBasis":[[0.878083,-0.27697,-0.390202],[0.430091,0.814259,0.389876],[0.209742,-0.510166,0.834109]],"armWidth":63.029,"confidence":0.415596,"direction":[0.146402,0.932868,-0.329126],"elbow":[-1.77783,83.8029,237.042],"grabStrength":0.377138,"id":362,"palmNormal":[-0.456348,-0.231502,-0.859158],"palmPosition":[-58.5418,270.974,-4.02196],"palmVelocity":[173.08,17.3925,-105.18],"palmWidth":90.0033,"pinchStrength":0.338049,"r":[[0.945456,0.0482582,0.322155],[-0.120422,0.970686,0.208007],[-0.302674,-0.235456,0.923552]],"s":1.04891,"sphereCenter":[-70.7709,272.461,-51.982],"sphereRadius":45.7912,"stabilizedPalmPosition":[-85.6919,281.503,46.9272],"t":[41.7671,-5.28771,-112.407],"timeVisible":4.39272,"type":"right","wrist":[-57.794,220.054,14.2751]}],"id":1174799,"interactionBox":{"center":[0,200,0],"size":[235.247,235.247,147.751]},"pointables":[{"bases":[[[0.789912,0.278042,0.546564],[-0.559397,-0.0384278,0.828008],[0.251224,-0.9598,0.125181]],[[0.579149,0.69653,0.423595],[-0.596543,0.00794534,0.802542],[0.555629,-0.717484,0.420112]],[[0.579149,0.69653,0.423595],[-0.778197,0.317539,0.541829],[0.242892,-0.64344,0.72594]],[[0.579149,0.69653,0.423595],[-0.811287,0.543428,0.215636],[-0.0799968,-0.468542,0.879812]]],"btipPosition":[-121.689,290.18,-48.3342],"carpPosition":[-87.9142,222.206,17.2598],"dipPosition":[-123.541,279.333,-27.9667],"direction":[-0.242892,0.64344,-0.72594],"extended":false,"handId":362,"id":3620,"length":51.5512,"mcpPosition":[-87.9142,222.206,17.2598],"pipPosition":[-115.349,257.632,-3.48379],"stabilizedTipPosition":[-157.19,299.493,23.2751],"timeVisible":4.39272,"tipPosition":[-122.468,288.128,-43.5771],"tipVelocity":[202.494,17.6378,-153.384],"tool":false,"touchDistance":0.256229,"touchZone":"hovering","type":0,"width":20.0304},{"bases":[[[0.889796,-0.115431,-0.441519],[0.450849,0.372232,0.811282],[0.0707005,-0.920934,0.383253]],[[0.892354,-0.166611,-0.419458],[0.352993,0.836767,0.418589],[0.281247,-0.521595,0.805505]],[[0.892354,-0.166611,-0.419458],[0.22591,0.969453,0.0955281],[0.390729,-0.180005,0.902734]],[[0.892354,-0.166611,-0.419458],[0.127394,0.98456,-0.120055],[0.432984,0.053695,0.899801]]],"btipPosition":[-104.292,326.936,-71.6434],"carpPosition":[-70.5362,234.355,27.2675],"dipPosition":[-96.9749,327.843,-56.4365],"direction":[-0.390729,0.180005,-0.902734],"extended":false,"handId":362,"id":3621,"length":58.1698,"mcpPosition":[-75.6812,301.373,-0.622504],"pipPosition":[-87.6332,323.539,-34.8537],"stabilizedTipPosition":[-116.872,322.373,-53.7191],"timeVisible":4.39272,"tipPosition":[-103.119,324.715,-68.1839],"tipVelocity":[268.505,135.706,-154.525],"tool":false,"touchDistance":0.177629,"touchZone":"hovering","type":1,"width":19.133},{"bases":[[[0.801184,-0.300545,-0.517472],[0.596232,0.327049,0.733176],[-0.0511135,-0.895942,0.441221]],[[0.801238,-0.29958,-0.517947],[0.186506,0.94755,-0.259547],[0.568536,0.111359,0.815087]],[[0.801238,-0.29958,-0.517947],[-0.558668,-0.06459,-0.826873],[0.21426,0.951882,-0.219118]],[[0.801238,-0.29958,-0.517947],[-0.56765,-0.65428,-0.499691],[-0.189185,0.694384,-0.694291]]],"btipPosition":[-85.1865,250.967,-27.1513],"carpPosition":[-59.0973,234.128,23.0905],"dipPosition":[-88.7031,263.874,-40.0569],"direction":[-0.21426,-0.951882,0.219118],"extended":false,"handId":362,"id":3622,"length":66.2798,"mcpPosition":[-55.5699,295.958,-7.35881],"pipPosition":[-82.6764,290.649,-46.2203],"stabilizedTipPosition":[-116.838,266.996,18.3203],"timeVisible":4.39272,"tipPosition":[-86.087,254.149,-30.3366],"tipVelocity":[187.241,5.16773,-104.76],"tool":false,"touchDistance":0.333333,"touchZone":"none","type":2,"width":18.7912},{"bases":[[[0.737688,-0.452908,-0.50069],[0.650016,0.276014,0.708023],[-0.182472,-0.847756,0.498009]],[[0.744034,-0.420677,-0.519081],[0.319116,0.906306,-0.277084],[0.587009,0.0405131,0.808566]],[[0.744034,-0.420677,-0.519081],[-0.564398,0.0200753,-0.825259],[0.357588,0.906988,-0.222492]],[[0.744034,-0.420677,-0.519081],[-0.662721,-0.563428,-0.493305],[-0.0849426,0.711041,-0.698001]]],"btipPosition":[-71.7022,244.255,-30.467],"carpPosition":[-48.8368,231.512,17.128],"dipPosition":[-73.272,257.396,-43.367],"direction":[-0.357588,-0.906988,0.222492],"extended":false,"handId":362,"id":3623,"length":63.7298,"mcpPosition":[-37.5307,284.04,-13.729],"pipPosition":[-63.4736,282.249,-49.4637],"stabilizedTipPosition":[-92.8217,255.986,-6.251],"timeVisible":4.39272,"tipPosition":[-72.0302,247.475,-33.5835],"tipVelocity":[177.835,9.88643,-111.522],"tool":false,"touchDistance":0.333333,"touchZone":"none","type":3,"width":17.881},{"bases":[[[0.594001,-0.58732,-0.549743],[0.738148,0.126221,0.662726],[-0.319843,-0.799452,0.508505]],[[0.589126,-0.599272,-0.542036],[0.513422,0.795601,-0.321586],[0.623962,-0.0888385,0.776388]],[[0.589126,-0.599272,-0.542036],[-0.578294,0.155822,-0.800809],[0.564364,0.785234,-0.254757]],[[0.589126,-0.599272,-0.542036],[-0.804977,-0.376892,-0.458219],[0.0703086,0.706275,-0.704437]]],"btipPosition":[-57.8284,246.125,-32.4495],"carpPosition":[-42.2326,224.398,6.93198],"dipPosition":[-56.6297,258.167,-44.4601],"direction":[-0.564364,-0.785234,0.254757],"extended":false,"handId":362,"id":3624,"length":49.963,"mcpPosition":[-23.8875,270.251,-22.234],"pipPosition":[-45.7111,273.359,-49.3888],"stabilizedTipPosition":[-77.6784,257.429,-11.2816],"timeVisible":4.39272,"tipPosition":[-57.3272,248.819,-35.3664],"tipVelocity":[185.29,-3.87322,-89.7275],"tool":false,"touchDistance":0.333333,"