{"sensorType":"Leap","data":[[0,{"currentFrameRate":103.053,"devices":[],"gestures":[],"hands":[{"armBasis":[[0.907147,-0.172959,-0.383627],[0.306942,0.89559,0.322034],[0.287874,-0.409883,0.86552]],"armWidth":63.029,"confidence":0.636748,"direction":[0.0821034,0.774323,-0.627442],"elbow":[65.1293,122.19,284.162],"grabStrength":0,"id":363,"palmNormal":[-0.308948,-0.578779,-0.754696],"palmPosition":[-15.8329,272.474,17.7118],"palmVelocity":[167.8,194.913,-265.203],"palmWidth":90.0033,"pinchStrength":0.348275,"r":[[0.738629,-0.0836898,0.668897],[0.20109,0.974441,-0.100135],[-0.643421,0.208471,0.736579]],"s":0.909695,"sphereCenter":[-31.1977,262.277,-26.7548],"sphereRadius":46.7689,"stabilizedPalmPosition":[-31.2858,256.033,41.0992],"t":[180.872,-56.8087,-161.139],"timeVisible":10.295,"type":"right","wrist":[-11.7538,231.659,53.0057]}],"id":1177089,"interactionBox":{"center":[0,200,0],"size":[235.247,235.247,147.751]},"pointables":[{"bases":[[[0.673635,0.565834,0.475444],[-0.656441,0.162522,0.736662],[0.339559,-0.808343,0.480917]],[[0.442038,0.874176,0.201042],[-0.681407,0.181498,0.709044],[0.583341,-0.450416,0.675899]],[[0.442038,0.874176,0.201042],[-0.869013,0.361808,0.337507],[0.222302,-0.323899,0.919604]],[[0.442038,0.874176,0.201042],[-0.894693,0.413636,0.168613],[0.0642392,-0.254404,0.964962]]],"btipPosition":[-79.8391,269.121,-34.2534],"carpPosition":[-42.0514,230.068,52.4731],"dipPosition":[-78.3519,263.232,-11.9148],"direction":[-0.222302,0.323899,-0.919604],"extended":false,"handId":363,"id":3630,"length":51.5512,"mcpPosition":[-42.0514,230.068,52.4731],"pipPosition":[-70.8546,252.308,19.0997],"stabilizedTipPosition":[-104.025,243.643,10.4811],"timeVisible":10.295,"tipPosition":[-78.7829,267.732,-29.3668],"tipVelocity":[187.334,214.566,-303.693],"tool":false,"touchDistance":-0.768656,"touchZone":"hovering","type":0,"width":20.0304},{"bases":[[[0.947862,-0.122168,-0.294333],[0.293936,0.69198,0.659367],[0.123119,-0.711505,0.691811]],[[0.948784,-0.127655,-0.288986],[0.255109,0.849143,0.462467],[0.186354,-0.512505,0.838219]],[[0.948784,-0.127655,-0.288986],[0.204187,0.945782,0.252594],[0.241073,-0.298664,0.923409]],[[0.948784,-0.127655,-0.288986],[0.159394,0.983195,0.0890057],[0.272767,-0.13051,0.953187]]],"btipPosition":[-54.9002,330.321,-65.2527],"carpPosition":[-27.6477,247.418,58.8994],"dipPosition":[-50.2903,328.115,-49.1435],"direction":[-0.241073,0.298664,-0.923409],"extended":true,"handId":363,"id":3631,"length":58.1698,"mcpPosition":[-36.6072,299.195,8.55499],"pipPosition":[-44.5266,320.975,-27.0664],"stabilizedTipPosition":[-62.5033,321.229,-52.2786],"timeVisible":10.295,"tipPosition":[-54.3357,327.401,-61.829],"tipVelocity":[288.717,285.509,-306.65],"tool":false,"touchDistance":-0.80436,"touchZone":"hovering","type":1,"width":19.133},{"bases":[[[0.891691,-0.333335,-0.306225],[0.452584,0.645575,0.615143],[-0.00735759,-0.68711,0.726516]],[[0.891702,-0.323027,-0.317051],[0.152787,0.874178,-0.460944],[0.426056,0.362584,0.82886]],[[0.891702,-0.323027,-0.317051],[-0.411704,-0.287812,-0.864676],[0.188063,0.901564,-0.389634]],[[0.891702,-0.323027,-0.317051],[-0.433476,-0.811048,-0.39281],[-0.130255,0.487703,-0.863238]]],"btipPosition":[-38.4782,243.232,-6.59022],"carpPosition":[-15.8039,247.525,56.0602],"dipPosition":[-40.8994,252.297,-22.6363],"direction":[-0.188063,-0.901564,0.389634],"extended":false,"handId":363,"id":3632,"length":66.2798,"mcpPosition":[-15.2962,294.944,5.92225],"pipPosition":[-35.6096,277.657,-33.5959],"stabilizedTipPosition":[-57.1803,227.39,17.6803],"timeVisible":10.295,"tipPosition":[-38.902,245.082,-9.7221],"tipVelocity":[183.92,183.818,-273.54],"tool":false,"touchDistance":0.333333,"touchZone":"none","type":2,"width":18.7912},{"bases":[[[0.844218,-0.478528,-0.24147],[0.51467,0.597877,0.614539],[-0.149705,-0.643082,0.751022]],[[0.839836,-0.495834,-0.220962],[0.316235,0.77773,-0.54326],[0.441216,0.386373,0.809966]],[[0.839836,-0.495834,-0.220962],[-0.408377,-0.308921,-0.858951],[0.357637,0.811613,-0.46193]],[[0.839836,-0.495834,-0.220962],[-0.542629,-0.75546,-0.367197],[0.0151409,0.428286,-0.903516]]],"btipPosition":[-24.9158,237.242,-0.659054],"carpPosition":[-4.61234,244.627,52.3155],"dipPosition":[-24.6359,245.158,-17.3573],"direction":[-0.357637,-0.811613,0.46193],"extended":false,"handId":363,"id":3633,"length":63.7298,"mcpPosition":[4.66346,284.473,5.7816],"pipPosition":[-14.8361,267.397,-30.0149],"stabilizedTipPosition":[-38.9779,225.452,15.7637],"timeVisible":10.295,"tipPosition":[-24.7795,239.155,-4.69374],"tipVelocity":[176.433,173.202,-239.46],"tool":false,"touchDistance":0.333333,"touchZone":"none","type":3,"width":17.881},{"bases":[[[0.724496,-0.641906,-0.251122],[0.624449,0.456991,0.633421],[-0.291836,-0.615724,0.731926]],[[0.660112,-0.742276,-0.115236],[0.586103,0.604911,-0.539041],[0.469825,0.288287,0.834359]],[[0.660112,-0.742276,-0.115236],[-0.40594,-0.223431,-0.886167],[0.632033,0.631748,-0.448808]],[[0.660112,-0.742276,-0.115236],[-0.715548,-0.574687,-0.397146],[0.228567,0.344618,-0.910492]]],"btipPosition":[-11.7671,242.684,-1.02184],"carpPosition":[4.05151,235.549,45.9344],"dipPosition":[-7.87007,248.56,-16.5456],"direction":[-0.632033,-0.631748,0.448808],"extended":false,"handId":363,"id":3634,"length":49.963,"mcpPosition":[20.7902,270.865,3.95376],"pipPosition":[4.35769,260.782,-25.2286],"stabilizedTipPosition":[-22.9701,232.717,11.8546],"timeVisible":10.295,"tipPosition":[-10.8284,244.135,-4.80664],"tipVelocity":[178.149,171.361,-231.404],"tool":false,"touchDistance":0.333333,"touchZone":"none","type":4,"width":15.8833}],"r":[[0.738629,-0.0836898,0.668897],[0.20109,0.974441,-0.100135],[-0.643421,0.208471,0.736579]],"s":0.909695,"t":[180.872,-56.8087,-161.139],"timestamp":15419737173},false],[1,{"currentFrameRate":103.522,"devices":[],"gestures":[],"hands":[{"armBasis":[[0.908286,-0.177486,-0.378834],[0.309079,0.894957,0.32175],[0.281934,-0.409331,0.867734]],"armWidth":63.029,"confidence":0.654417,"direction":[0.0873997,0.769837,-0.632227],"elbow":[64.762,123.527,283.614],"grabStrength":0,"id":363,"palmNormal":[-0.307787,-0.582735,-0.752122],"palmPosition":[-14.3253,273.441,16.285],"palmVelocity":[168.887,172.146,-237.645],"palmWidth":90.0033,"pinchStrength":0.342973,"r":[[0.732223,-0.0830492,0.675983],[0.205579,0.973193,-0.103119],[-0.649297,0.214473,0.729667]],"s":0.915546,"sphereCenter":[-29.7872,263.259,-28.0448],"sphereRadius":46.7992,"stabilizedPalmPosition":[-29.3766,257.993,38.306],"t":[182.386,-55.4875,-162.988],"timeVisible":10.3037,"type":"right","wrist":[-10.5347,232.848,51.8664]}],"id":1177090,"interactionBox":{"center":[0,200,0],"size":[235.247,235.247,147.751]},"pointables":[{"bases":[[[0.673592,0.56668,0.474498],[-0.65895,0.169676,0.732799],[0.334751,-0.806278,0.487706]],[[0.445858,0.872737,0.198848],[-0.681093,0.186637,0.70801],[0.580794,-0.451107,0.677629]],[[0.445858,0.872737,0.198848],[-0.868793,0.368473,0.330797],[0.215428,-0.320246,0.922515]],[[0.445858,0.872737,0.198848],[-0.892623,0.416986,0.17131],[0.0665916,-0.253877,0.964942]]],"btipPosition":[-78.3198,270.309,-35.6926],"carpPosition":[-40.8352,231.358,51.217],"dipPosition":[-76.7782,264.432,-13.3544],"direction":[-0.215428,0.320246,-0.922514],"extended":false,"handId":363,"id":3630,"length":51.5512,"mcpPosition":[-40.8352,231.358,51.217],"pipPosition":[-69.5127,253.632,17.7582],"stabilizedTipPosition":[-101.552,246.046,6.58682],"timeVisible":10.3037,"tipPosition":[-77.2554,268.814,-30.8527],"tipVelocity":[183.915,193.387,-266.174],"tool":false,"touchDistance":-0.741713,"touchZone":"hovering","type":0,"width":20.0304},{"bases":[[[0.948657,-0.127374,-0.289527],[0.293565,0.695349,0.65598],[0.117767,-0.707295,0.69704]],[[0.949611,-0.133301,-0.28367],[0.25735,0.848226,0.462908],[0.17891,-0.512585,0.83979]],[[0.949611,-0.133301,-0.28367],[0.210125,0.9423,0.260609],[0.232563,-0.307084,0.922829]],[[0.949611,-0.133301,-0.28367],[0.168288,0.980377,0.102664],[0.264419,-0.145229,0.95341]]],"btipPosition":[-52.6008,331.75,-67.001],"carpPosition":[-26.3986,248.7,57.5883],"dipPosition":[-48.132,329.296,-50.888],"direction":[-0.232563,0.307084,-0.922829],"extended":true,"handId":363,"id":3631,"length":58.1698,"mcpPosition":[-34.9688,300.171,6.86341],"pipPosition":[-42.5718,321.954,-28.8248],"stabilizedTipPosition":[-59.7664,323.722,-55.037],"timeVisible":10.3037,"tipPosition":[-52.0745,328.856,-63.5836],"tipVelocity":[280.571,250.824,-277.774],"tool":false,"touchDistance":-0.778468,"touchZone":"hovering","type":1,"width":19.133},{"bases":[[[0.891807,-0.338422,-0.30025],[0.452235,0.648107,0.612732],[-0.012768,-0.682223,0.731033]],[[0.891899,-0.328213,-0.311115],[0.157111,0.869979,-0.467389],[0.424067,0.367984,0.827499]],[[0.891899,-0.328213,-0.311115],[-0.409067,-0.292185,-0.864461],[0.192824,0.898278,-0.39486]],[[0.891899,-0.328213,-0.311115],[-0.4348,-0.811529,-0.390346],[-0.124362,0.483422,-0.866509]]],"btipPosition":[-36.9923,244.032,-7.89116],"carpPosition":[-14.5428,248.748,54.7982],"dipPosition":[-39.304,253.018,-23.998],"direction":[-0.192824,-0.898278,0.39486],"extended":false,"handId":363,"id":3632,"length":66.2798,"mcpPosition":[-13.6617,295.829,4.34862],"pipPosition":[-33.8802,278.285,-35.1047],"stabilizedTipPosition":[-55.1571,229.316,14.667],"timeVisible":10.3037,"tipPosition":[-37.3917,245.907,-11.0686],"tipVelocity":[180.782,158.372,-240.315],"tool":false,"touchDistance":0.333333,"touchZone":"none","type":2,"width":18.7912},{"bases":[[[0.843562,-0.483016,-0.23473],[0.514157,0.600194,0.612707],[-0.155063,-0.637544,0.754647]],[[0.839029,-0.50019,-0.214103],[0.32169,0.773412,-0.546214],[0.4388,0.389414,0.809821]],[[0.839029,-0.50019,-0.214103],[-0.405222,-0.311877,-0.859376],[0.363077,0.807801,-0.464362]],[[0.839029,-0.50019,-0.214103],[-0.54367,-0.755359,-0.365862],[0.0212761,0.423371,-0.905707]]],"btipPosition":[-23.4728,238.12,-1.96563],"carpPosition":[-3.34574,245.787,51.12],"dipPosition":[-23.0796,245.944,-18.7043],"direction":[-0.363077,-0.807801,0.464362],"extended":false,"handId":363,"id":3633,"length":63.7298,"mcpPosition":[6.2621,285.289,4.36152],"pipPosition":[-13.1307,268.079,-31.4286],"stabilizedTipPosition":[-37.0646,227.227,13.1162],"timeVisible":10.3037,"tipPosition":[-23.3056,240.005,-5.9744],"tipVelocity":[174.018,152.897,-215.421],"tool":false,"touchDistance":0.333333,"touchZone":"none","type":3,"width":17.881},{"bases":[[[0.723319,-0.646044,-0.243799],[0.62337,0.459062,0.632987],[-0.297018,-0.609828,0.734772]],[[0.659326,-0.743783,-0.109895],[0.584507,0.599002,-0.54731],[0.472907,0.296622,0.829683]],[[0.659326,-0.743783,-0.109895],[-0.408311,-0.231482,-0.883005],[0.631325,0.627059,-0.456317]],[[0.659326,-0.743783,-0.109895],[-0.716047,-0.576607,-0.393449],[0.229274,0.338101,-0.912755]]],"btipPosition":[-10.3142,243.344,-1.93617],"carpPosition":[5.31331,236.637,44.8359],"dipPosition":[-6.40514,249.108,-17.4985],"direction":[-0.631325,-0.627059,0.456317],"extended":false,"handId":363,"id":3634,"length":49.963,"mcpPosition":[22.3492,271.614,2.69205],"pipPosition":[5.80892,261.24,-26.3268],"stabilizedTipPosition":[-21.0794,234.384,9.43182],"timeVisible":10.3037,"tipPosition":[-9.35203,244.822,-5.81671],"tipVelocity":[174.864,144.743,-197.504],"tool":false,"touchDistance":0.333333,"touchZone":"none","type":4,"width":15.8833}],"r":[[0.732223,-0.0830492,0.675983],[0.205579,0.973193,-0.103119],[-0.649297,0.214473,0.729667]],"s":0.915546,"t":[182.386,-55.4875,-162.988],"timestamp":15419745946},false],[2,{"currentFrameRate":103.739,"devices":[],"gestures":[],"hands":[{"armBasis":[[0.911211,-0.180592,-0.370245],[0.308948,0.894102,0.324243],[0.272481,-0.40984,0.870509]],"armWidth":63.029,"confidence":0.666767,"direction":[0.0923454,0.767149,-0.634787],"elbow":[63.436,124.599,283.235],"grabStrength":0,"id":363,"palmNormal":[-0.304276,-0.585275,-0.751578],"palmPosition":[-12.8525,274.511,14.9808],"palmVelocity":[166.267,156.381,-210.613],"palmWidth":90.0033,"pinchStrength":0.332009,"r":[[0.726224,-0.0821755,0.682529],[0.209617,0.97202,-0.106007],[-0.654721,0.220054,0.72313]],"s":0.920925,"sphereCenter":[-28.279,264.334,-29.3495],"sphereRadius":46.8637,"stabilizedPalmPosition":[-27.3364,260.032,35.4261],"t":[183.879,-54.2917,-164.564],"timeVisible":10.313,"type":"right","wrist":[-9.33611,234.056,50.7466]}],"id":1177091,"interactionBox":{"center":[0,200,0],"size":[235.247,235.247,147.751]},"pointables":[{"bases":[[[0.671684,0.56753,0.476183],[-0.662985,0.173655,0.728213],[0.330591,-0.804832,0.492905]],[[0.448499,0.870975,0.200627],[-0.681556,0.18806,0.707188],[0.578213,-0.453912,0.677963]],[[0.448499,0.870975,0.200627],[-0.868858,0.372225,0.326395],[0.209604,-0.320705,0.923696]],[[0.448499,0.870975,0.200627],[-0.890505,0.416241,0.183698],[0.0764871,-0.261048,0.962291]]],"btipPosition":[-77.0243,271.882,-36.9801],"carpPosition":[-39.6346,232.61,49.9245],"dipPosition":[-75.2536,265.839,-14.7032],"direction":[-0.209604,0.320705,-0.923696],"extended":false,"handId":363,"id":3630,"length":51.5512,"mcpPosition":[-39.6346,232.61,49.9245],"pipPosition":[-68.1846,255.023,16.4492],"stabilizedTipPosition":[-98.8847,248.661,2.47488],"timeVisible":10.313,"tipPosition":[-75.8511,270.181,-32.2213],"tipVelocity":[173.291,185.771,-231.059],"tool":false,"touchDistance":-0.715399,"touchZone":"hovering","type":0,"width":20.0304},{"bases":[[[0.950143,-0.130022,-0.283413],[0.2908,0.697523,0.654903],[0.112535,-0.704668,0.700557]],[[0.951128,-0.136435,-0.277021],[0.25689,0.84741,0.464654],[0.171355,-0.51311,0.841045]],[[0.951128,-0.136435,-0.277021],[0.212748,0.939744,0.26762],[0.223816,-0.313476,0.922843]],[[0.951128,-0.136435,-0.277021],[0.173409,0.978279,0.113573],[0.255508,-0.156061,0.954128]]],"btipPosition":[-50.3488,333.173,-68.5998],"carpPosition":[-25.2082,249.955,56.3111],"dipPosition":[-46.0307,330.535,-52.4747],"direction":[-0.223816,0.313476,-0.922843],"extended":true,"handId":363,"id":3631,"length":58.1698,"mcpPosition":[-33.3976,301.235,5.33036],"pipPosition":[-40.6796,323.041,-30.4111],"stabilizedTipPosition":[-56.9811,326.089,-57.6734],"timeVisible":10.313,"tipPosition":[-49.8581,330.321,-65.1855],"tipVelocity":[269.246,222.414,-248.353],"tool":false,"touchDistance":-0.752895,"touchZone":"hovering","type":1,"width":19.133},{"bases":[[[0.893022,-0.341023,-0.293624],[0.449647,0.649859,0.612782],[-0.018158,-0.679255,0.733678]],[[0.893193,-0.33085,-0.304539],[0.160816,0.867479,-0.470763],[0.419933,0.371508,0.828033]],[[0.893193,-0.33085,-0.304539],[-0.404322,-0.294504,-0.865905],[0.196797,0.896552,-0.396819]],[[0.893193,-0.33085,-0.304539],[-0.433981,-0.811588,-0.391133],[-0.117754,0.481521,-0.868488]]],"btipPosition":[-35.4511,244.969,-9.21461],"carpPosition":[-13.3361,249.974,53.5909],"dipPosition":[-37.6399,253.919,-25.3583],"direction":[-0.196797,-0.896552,0.396819],"extended":false,"handId":363,"id":3632,"length":66.2798,"mcpPosition":[-12.083,296.85,2.95872],"pipPosition":[-32.1044,279.138,-36.52],"stabilizedTipPosition":[-52.9762,231.327,11.533],"timeVisible":10.313,"tipPosition":[-35.8211,246.87,-12.4191],"tipVelocity":[177.762,142.168,-213.376],"tool":false,"touchDistance":0.333333,"touchZone":"none","type":2,"width":18.7912},{"bases":[[[0.844162,-0.485276,-0.22781],[0.511492,0.601849,0.613313],[-0.160519,-0.634259,0.756273]],[[0.839491,-0.502323,-0.207186],[0.326577,0.771178,-0.546472],[0.434283,0.391096,0.811444]],[[0.839491,-0.502323,-0.207186],[-0.399976,-0.313173,-0.86136],[0.367796,0.805974,-0.463824]],[[0.839491,-0.502323,-0.207186],[-0.54264,-0.755226,-0.367662],[0.0282126,0.421077,-0.906586]]],"btipPosition":[-21.9692,239.128,-3.26594],"carpPosition":[-2.12229,246.98,49.9907],"dipPosition":[-21.4478,246.91,-20.0209],"direction":[-0.367796,-0.805974,0.463824],"extended":false,"handId":363,"id":3633,"length":63.7298,"mcpPosition":[7.82356,286.279,3.13143],"pipPosition":[-11.3696,268.995,-32.7304],"stabilizedTipPosition":[-35.0052,229.08,10.3774],"timeVisible":10.313,"tipPosition":[-21.7681,240.999,-7.24059],"tipVelocity":[171.792,140.346,-194.619],"tool":false,"touchDistance":0.333333,"touchZone":"none","type":3,"width":17.881},{"bases":[[[0.723715,-0.648151,-0.236933],[0.620359,0.460629,0.634804],[-0.30231,-0.606401,0.73545]],[[0.659003,-0.744996,-0.103421],[0.588217,0.596176,-0.54642],[0.468738,0.299258,0.831101]],[[0.659003,-0.744996,-0.103421],[-0.403507,-0.234143,-0.884511],[0.634741,0.624627,-0.454912]],[[0.659003,-0.744996,-0.103421],[-0.714427,-0.577021,-0.395778],[0.235177,0.334706,-0.912504]]],"btipPosition":[-8.78585,244.315,-3.0975],"carpPosition":[6.55908,237.792,43.7946],"dipPosition":[-4.77612,250.021,-18.6556],"direction":[-0.634741,-0.624627,0.454912],"extended":false,"handId":363,"id":3634,"length":49.963,"mcpPosition":[23.8985,272.573,1.61177],"pipPosition":[7.50403,262.106,-27.4566],"stabilizedTipPosition":[-19.0308,236.127,6.93492],"timeVisible":10.313,"tipPosition":[-7.79841,245.782,-6.9699],"tipVelocity":[172.96,133.241,-177.361],"tool":false,"touchDistance":0.333333,"touchZone":"none","type":4,"width":15.8833}],"r":[[0.726224,-0.0821755,0.682529],[0.209617,0.97202,-0.106007],[-0.654721,0.220054,0.72313]],"s":0.920925,"t":[183.879,-54.2917,-164.564],"timestamp":15419755177},false],[3,{"currentFrameRate":104.145,"devices":[],"gestures":[],"hands":[{"armBasis":[[0.914459,-0.175807,-0.364494],[0.305265,0.890977,0.336115],[0.265665,-0.418631,0.86843]],"armWidth":63.029,"confidence":0.685368,"direction":[0.0940075,0.764359,-0.637901],"elbow":[62.7951,123.931,281.326],"grabStrength":0,"id":363,"palmNormal":[-0.297798,-0.589813,-0.750625],"palmPosition":[-11.5707,276.007,13.4106],"palmVelocity":[160.52,159.868,-201.699],"palmWidth":90.0033,"pinchStrength":0.328948,"r":[[0.720577,-0.0803377,0.688705],[0.21241,0.971086,-0.108963],[-0.660038,0.224804,0.716807]],"s":0.925526,"sphereCenter":[-26.8623,265.742,-30.9137],"sphereRadius":46.9066,"stabilizedPalmPosition":[-25.3733,262.021,32.6848],"t":[185.267,-52.9457,-166.137],"timeVisible":10.3218,"type":"right","wrist":[-8.15655,235.736,49.393]}],"id":1177092,"interactionBox":{"center":[0,200,0],"size":[235.247,235.247,147.751]},"pointables":[{"bases":[[[0.666976,0.571859,0.47762],[-0.668054,0.175143,0.723208],[0.329921,-0.801437,0.498849]],[[0.446523,0.871826,0.201335],[-0.683976,0.187504,0.704996],[0.576883,-0.452506,0.680033]],[[0.446523,0.871826,0.201335],[-0.871148,0.372222,0.320237],[0.20425,-0.318386,0.925696]],[[0.446523,0.871826,0.201335],[-0.891504,0.414271,0.183301],[0.0763988,-0.261339,0.962219]]],"btipPosition":[-75.5863,273.325,-38.684],"carpPosition":[-38.4448,234.194,48.3886],"dipPosition":[-73.8176,267.275,-16.4088],"direction":[-0.20425,0.318386,-0.925696],"extended":false,"handId":363,"id":3630,"length":51.5512,"mcpPosition":[-38.4448,234.194,48.3886],"pipPosition":[-66.9291,256.537,14.8111],"stabilizedTipPosition":[-96.284,251.214,-1.47859],"timeVisible":10.3218,"tipPosition":[-74.4314,271.532,-33.9625],"tipVelocity":[170.411,179.632,-220.718],"tool":false,"touchDistance":-0.697757,"touchZone":"hovering","type":0,"width":20.0304},{"bases":[[[0.952287,-0.128494,-0.276838],[0.284589,0.701552,0.653325],[0.110268,-0.700938,0.704647]],[[0.95335,-0.135552,-0.269722],[0.25259,0.847476,0.466887],[0.165296,-0.513235,0.84218]],[[0.95335,-0.135552,-0.269722],[0.211154,0.937988,0.27494],[0.215728,-0.319067,0.922853]],[[0.95335,-0.135552,-0.269722],[0.174141,0.976805,0.124609],[0.246575,-0.165766,0.954842]]],"btipPosition":[-48.4848,334.863,-70.4879],"carpPosition":[-24.111,251.614,54.7812],"dipPosition":[-44.3176,332.061,-54.3507],"direction":[-0.215728,0.319067,-0.922853],"extended":true,"handId":363,"id":3631,"length":58.1698,"mcpPosition":[-32.1355,302.622,3.5028],"pipPosition":[-39.1599,324.433,-32.2869],"stabilizedTipPosition":[-54.5061,328.217,-60.0563],"timeVisible":10.3218,"tipPosition":[-48.0323,332.019,-67.0845],"tipVelocity":[252.402,212.814,-238.873],"tool":false,"touchDistance":-0.734219,"touchZone":"hovering","type":1,"width":19.133},{"bases":[[[0.895867,-0.339714,-0.286385],[0.44384,0.654169,0.612429],[-0.0207061,-0.675764,0.736827]],[[0.896076,-0.329645,-0.297292],[0.161652,0.866065,-0.473075],[0.413421,0.375853,0.829347]],[[0.896076,-0.329645,-0.297292],[-0.397369,-0.297171,-0.868209],[0.197855,0.896116,-0.397278]],[[0.896076,-0.329645,-0.297292],[-0.429503,-0.81304,-0.393055],[-0.112142,0.479895,-0.870129]]],"btipPosition":[-33.985,246.244,-10.907],"carpPosition":[-12.2222,251.655,52.1352],"dipPosition":[-36.0695,255.165,-27.0811],"direction":[-0.197855,-0.896116,0.397278],"extended":false,"handId":363,"id":3632,"length":66.2798,"mcpPosition":[-10.7933,298.291,1.28563],"pipPosition":[-30.5043,280.371,-38.2558],"stabilizedTipPosition":[-50.857,233.27,8.53816],"timeVisible":10.3218,"tipPosition":[-34.3213,248.16,-14.0985],"tipVelocity":[175.28,142.537,-207.665],"tool":false,"touchDistance":0.333333,"touchZone":"none","type":2,"width":18.7912},{"bases":[[[0.847031,-0.483797,-0.220181],[0.505825,0.606351,0.613579],[-0.16334,-0.631093,0.758315]],[[0.84231,-0.500666,-0.199619],[0.329352,0.771263,-0.544684],[0.426663,0.393048,0.814538]],[[0.84231,-0.500666,-0.199619],[-0.391616,-0.314011,-0.86489],[0.370338,0.806679,-0.460563]],[[0.84231,-0.500666,-0.199619],[-0.537857,-0.756721,-0.371596],[0.0349898,0.420365,-0.90668]]],"btipPosition":[-20.5074,240.537,-4.98783],"carpPosition":[-0.977123,248.678,48.6196],"dipPosition":[-19.8607,248.306,-21.7445],"direction":[-0.370338,-0.806679,0.460563],"extended":false,"handId":363,"id":3633,"length":63.7298,"mcpPosition":[9.14357,287.781,1.63387],"pipPosition":[-9.71284,270.41,-34.3647],"stabilizedTipPosition":[-33.0114,230.883,7.76106],"timeVisible":10.3218,"tipPosition":[-20.2699,242.386,-8.85835],"tipVelocity":[170.941,145.422,-194.682],"tool":false,"touchDistance":0.333333,"touchZone":"none","type":3,"width":17.881},{"bases":[[[0.727135,-0.647079,-0.229268],[0.61498,0.465568,0.636432],[-0.305082,-0.603767,0.736471]],[[0.662616,-0.742649,-0.0970126],[0.58708,0.595454,-0.548427],[0.465055,0.306442,0.830552]],[[0.662616,-0.742649,-0.0970126],[-0.399396,-0.2408,-0.884589],[0.633579,0.62489,-0.45617]],[[0.662616,-0.742649,-0.0970126],[-0.710088,-0.581747,-0.396669],[0.238149,0.331727,-0.912821]]],"btipPosition":[-7.31482,245.653,-4.37931],"carpPosition":[7.77053,239.486,42.5224],"dipPosition":[-3.2544,251.309,-19.9428],"direction":[-0.633579,-0.62489,0.45617],"extended":false,"handId":363,"id":3634,"length":49.963,"mcpPosition":[25.2689,274.116,0.281007],"pipPosition":[9.00326,263.398,-28.7682],"stabilizedTipPosition":[-17.0189,237.849,4.56613],"timeVisible":10.3218,"tipPosition":[-6.30787,247.129,-8.28073],"tipVelocity":[171.55,137.792,-168.653],"tool":false,"touchDistance":0.333333,"touchZone":"none","type":4,"width":15.8833}],"r":[[0.720577,-0.0803377,0.688705],[0.21241,0.971086,-0.108963],[-0.660038,0.224804,0.716807]],"s":0.925526,"t":[185.267,-52.9457,-166.137],"timestamp":15419764016},false],[4,{"currentFrameRate":104.364,"devices":[],"gestures":[],"hands":[{"armBasis":[[0.917182,-0.173557,-0.358686],[0.300353,0.892653,0.336093],[0.261851,-0.415991,0.870853]],"armWidth":63.029,"confidence":0.702721,"direction":[0.0963562,0.765147,-0.636605],"elbow":[62.7564,126.006,279.934],"grabStrength":0,"id":363,"palmNormal":[-0.291021,-0.589975,-0.753151],"palmPosition":[-10.4506,277.398,11.3818],"palmVelocity":[149.813,157.57,-207.144],"palmWidth":90.0033,"pinchStrength":0.328725,"r":[[0.71511,-0.0785657,0.694583],[0.21429,0.970459,-0.110852],[-0.665355,0.228114,0.710821]],"s":0.929812,"sphereCenter":[-25.5622,267.348,-32.9744],"sphereRadius":46.9518,"stabilizedPalmPosition":[-23.4064,264.048,29.8768],"t":[186.521,-51.5774,-167.939],"timeVisible":10.331,"type":"right","wrist":[-7.17675,237.105,47.3537]}],"id":1177093,"interactionBox":{"center":[0,200,0],"size":[235.247,235.247,147.751]},"pointables":[{"bases":[[[0.662122,0.573242,0.482688],[-0.6735,0.172741,0.71872],[0.328621,-0.800971,0.500454]],[[0.444531,0.871493,0.207104],[-0.687478,0.183704,0.702586],[0.574253,-0.4547,0.680795]],[[0.444531,0.871493,0.207104],[-0.873507,0.370522,0.315751],[0.198438,-0.321268,0.925964]],[[0.444531,0.871493,0.207104],[-0.892715,0.411957,0.182623],[0.0738367,-0.266066,0.961123]]],"btipPosition":[-74.2093,274.929,-40.9551],"carpPosition":[-37.4531,235.483,46.1388],"dipPosition":[-72.5,268.77,-18.7053],"direction":[-0.198438,0.321268,-0.925964],"extended":false,"handId":363,"id":3630,"length":51.5512,"mcpPosition":[-37.4531,235.483,46.1388],"pipPosition":[-65.8075,257.935,12.5237],"stabilizedTipPosition":[-93.6262,253.852,-5.54305],"timeVisible":10.331,"tipPosition":[-73.0971,273.041,-36.2626],"tipVelocity":[164.34,177.551,-228.406],"tool":false,"touchDistance":-0.690468,"touchZone":"hovering","type":0,"width":20.0304},{"bases":[[[0.954517,-0.125706,-0.27036],[0.278185,0.701761,0.655855],[0.107283,-0.701235,0.704812]],[[0.95573,-0.13407,-0.261925],[0.248694,0.843812,0.475534],[0.157261,-0.519622,0.839799]],[[0.95573,-0.13407,-0.261925],[0.210567,0.933401,0.290558],[0.205526,-0.332848,0.92031]],[[0.95573,-0.13407,-0.261925],[0.176348,0.973569,0.145137],[0.235544,-0.184901,0.954112]]],"btipPosition":[-46.5954,337.131,-72.4622],"carpPosition":[-23.2107,252.936,52.6447],"dipPosition":[-42.6146,334.006,-56.3374],"direction":[-0.205526,0.332848,-0.92031],"extended":true,"handId":363,"id":3631,"length":58.1698,"mcpPosition":[-31.0178,303.966,1.35419],"pipPosition":[-37.7008,326.048,-34.3343],"stabilizedTipPosition":[-52.0825,330.467,-62.4445],"timeVisible":10.331,"tipPosition":[-46.2121,334.24,-69.0937],"tipVelocity":[238.158,220.173,-232.377],"tool":false,"touchDistance":-0.718788,"touchZone":"hovering","type":1,"width":19.133},{"bases":[[[0.898733,-0.337069,-0.28047],[0.43784,0.65484,0.61602],[-0.023978,-0.676439,0.736108]],[[0.898989,-0.327053,-0.2913],[0.163788,0.867902,-0.468955],[0.406193,0.373874,0.833802]],[[0.898989,-0.327053,-0.2913],[-0.389488,-0.292828,-0.873242],[0.200295,0.898492,-0.390632]],[[0.898989,-0.327053,-0.2913],[-0.425184,-0.81126,-0.401342],[-0.10506,0.484658,-0.868372]]],"btipPosition":[-32.6967,247.586,-13.3436],"carpPosition":[-11.304,253.011,50.0808],"dipPosition":[-34.6495,256.595,-29.4851],"direction":[-0.200295,-0.898492,0.390632],"extended":false,"handId":363,"id":3632,"length":66.2798,"mcpPosition":[-9.64928,299.693,-0.719071],"pipPosition":[-29.0156,281.868,-40.4728],"stabilizedTipPosition":[-48.7351,235.233,5.47193],"timeVisible":10.331,"tipPosition":[-32.9889,249.53,-16.4831],"tipVelocity":[166.492,144.21,-223.627],"tool":false,"touchDistance":0.333333,"touchZone":"none","type":2,"width":18.7912},{"bases":[[[0.849828,-0.481338,-0.214724],[0.499944,0.607187,0.617559],[-0.166877,-0.632169,0.756647]],[[0.845012,-0.498231,-0.194216],[0.330941,0.77253,-0.541917],[0.420038,0.393653,0.817683]],[[0.845012,-0.498231,-0.194216],[-0.38473,-0.314192,-0.867909],[0.371398,0.808115,-0.457181]],[[0.845012,-0.498231,-0.194216],[-0.533223,-0.757673,-0.376304],[0.0403339,0.421542,-0.905912]]],"btipPosition":[-19.1731,241.905,-7.1094],"carpPosition":[-0.0269532,250.068,46.6406],"dipPosition":[-18.4277,249.696,-23.8519],"direction":[-0.371398,-0.808115,0.457181],"extended":false,"handId":363,"id":3633,"length":63.7298,"mcpPosition":[10.3129,289.237,-0.241801],"pipPosition":[-8.25075,271.84,-36.3794],"stabilizedTipPosition":[-30.9975,232.725,5.0699],"timeVisible":10.331,"tipPosition":[-18.9116,243.763,-10.9751],"tipVelocity":[164.532,146.626,-204.808],"tool":false,"touchDistance":0.333333,"touchZone":"none","type":3,"width":17.881},{"bases":[[[0.730437,-0.644933,-0.224774],[0.609317,0.466678,0.641049],[-0.308537,-0.605205,0.733848]],[[0.666172,-0.739767,-0.0946533],[0.585802,0.597575,-0.547485],[0.461574,0.309272,0.831445]],[[0.666172,-0.739767,-0.0946533],[-0.395293,-0.242612,-0.885936],[0.632422,0.627602,-0.454046]],[[0.666172,-0.739767,-0.0946533],[-0.705621,-0.584094,-0.401164],[0.241482,0.334034,-0.911103]]],"btipPosition":[-6.01259,246.963,-6.25645],"carpPosition":[8.78727,240.904,40.5963],"dipPosition":[-1.89536,252.658,-21.7906],"direction":[-0.632422,-0.627602,0.454046],"extended":false,"handId":363,"id":3634,"length":49.963,"mcpPosition":[26.4838,275.617,-1.49452],"pipPosition":[10.3399,264.8,-30.5749],"stabilizedTipPosition":[-14.9796,239.627,2.11012],"timeVisible":10.331,"tipPosition":[-4.98174,248.477,-10.1839],"tipVelocity":[163.702,139.467,-178.5],"tool":false,"touchDistance":0.333333,"touchZone":"none","type":4,"width":15.8833}],"r":[[0.71511,-0.0785657,0.694583],[0.21429,0.970459,-0.110852],[-0.665355,0.228114,0.710821]],"s":0.929812,"t":[186.521,-51.5774,-167.939],"timestamp":15419773187},false],[5,{"currentFrameRate":104.718,"devices":[],"gestures":[],"hands":[{"armBasis":[[0.917975,-0.177778,-0.354567],[0.301521,0.893564,0.33261],[0.257697,-0.412237,0.873873]],"armWidth":63.029,"confidence":0.717589,"direction":[0.100695,0.763982,-0.637332],"elbow":[62.5485,127.922,279.486],"grabStrength":0,"id":363,"palmNormal":[-0.290111,-0.590203,-0.753323],"palmPosition":[-9.31213,278.271,10.0603],"palmVelocity":[143.901,141.432,-191.248],"palmWidth":90.0033,"pinchStrength":0.330965,"r":[[0.710182,-0.077335,0.699758],[0.216428,0.969798,-0.112473],[-0.669926,0.231323,0.705471]],"s":0.933921,"sphereCenter":[-24.461,268.483,-34.231],"sphereRadius":46.994,"stabilizedPalmPosition":[-21.5634,265.908,27.2856],"t":[187.717,-50.4568,-169.5],"timeVisible":10.3399,"type":"right","wrist":[-6.27522,238.019,46.0991]}],"id":1177094,"interactionBox":{"center":[0,200,0],"size":[235.247,235.247,147.751]},"pointables":[{"bases":[[[0.662086,0.572045,0.484156],[-0.675462,0.175644,0.71617],[0.324642,-0.801195,0.502686]],[[0.447331,0.8697,0.208606],[-0.688427,0.185935,0.701068],[0.570931,-0.45722,0.6819]],[[0.447331,0.8697,0.208606],[-0.872966,0.373863,0.313301],[0.194488,-0.322256,0.926459]],[[0.447331,0.8697,0.208606],[-0.891619,0.415381,0.180206],[0.070074,-0.266609,0.961254]]],"btipPosition":[-72.9236,276.097,-42.3853],"carpPosition":[-36.5517,236.481,44.7828],"dipPosition":[-71.3014,269.925,-20.1325],"direction":[-0.194488,0.322256,-0.926459],"extended":false,"handId":363,"id":3630,"length":51.5512,"mcpPosition":[-36.5517,236.481,44.7828],"pipPosition":[-64.7421,259.057,11.1131],"stabilizedTipPosition":[-91.0968,256.351,-9.35045],"timeVisible":10.3399,"tipPosition":[-71.8707,274.172,-37.6963],"tipVelocity":[158.371,164.92,-210.037],"tool":false,"touchDistance":-0.671198,"touchZone":"hovering","type":0,"width":20.0304},{"bases":[[[0.955077,-0.128777,-0.266916],[0.277924,0.701888,0.655829],[0.10289,-0.700549,0.706148]],[[0.956449,-0.138765,-0.256808],[0.251488,0.838366,0.483628],[0.148188,-0.527149,0.836752]],[[0.956449,-0.138765,-0.256808],[0.21694,0.926554,0.307304],[0.195303,-0.349632,0.916305]],[[0.956449,-0.138765,-0.256808],[0.185599,0.968139,0.168108],[0.225298,-0.20845,0.95173]]],"btipPosition":[-44.5442,339.167,-73.6253],"carpPosition":[-22.2823,253.902,51.3132],"dipPosition":[-40.7366,335.644,-57.5408],"direction":[-0.195303,0.349632,-0.916305],"extended":true,"handId":363,"id":3631,"length":58.1698,"mcpPosition":[-29.7698,304.883,-0.0744529],"pipPosition":[-36.0673,327.285,-35.6335],"stabilizedTipPosition":[-49.743,332.661,-64.5246],"timeVisible":10.3399,"tipPosition":[-44.254,336.169,-70.3067],"tipVelocity":[234.921,219.775,-205.068],"tool":false,"touchDistance":-0.692828,"touchZone":"hovering","type":1,"width":19.133},{"bases":[[[0.89873,-0.339995,-0.276925],[0.437581,0.654462,0.616606],[-0.0284065,-0.675339,0.73696]],[[0.89905,-0.330075,-0.287681],[0.169295,0.867991,-0.46683],[0.403793,0.371001,0.836247]],[[0.89905,-0.330075,-0.287681],[-0.386173,-0.288119,-0.876275],[0.20635,0.898909,-0.3865]],[[0.89905,-0.330075,-0.287681],[-0.426638,-0.808121,-0.406105],[-0.0984356,0.487844,-0.867363]]],"btipPosition":[-31.6329,248.506,-14.9448],"carpPosition":[-10.3668,253.941,48.79],"dipPosition":[-33.4626,257.574,-31.0675],"direction":[-0.20635,-0.898909,0.3865],"extended":false,"handId":363,"id":3632,"length":66.2798,"mcpPosition":[-8.40646,300.547,-2.06864],"pipPosition":[-27.6584,282.859,-41.939],"stabilizedTipPosition":[-46.7891,237.025,2.65755],"timeVisible":10.3399,"tipPosition":[-31.8852,250.463,-18.034],"tipVelocity":[154.632,133.548,-211.669],"tool":false,"touchDistance":0.333333,"touchZone":"none","type":2,"width":18.7912},{"bases":[[[0.849193,-0.484033,-0.211146],[0.499545,0.606636,0.618424],[-0.171249,-0.630638,0.756948]],[[0.844256,-0.500897,-0.190616],[0.335309,0.771125,-0.541234],[0.418091,0.393025,0.818982]],[[0.844256,-0.500897,-0.190616],[-0.382108,-0.313178,-0.869433],[0.3758,0.806859,-0.455799]],[[0.844256,-0.500897,-0.190616],[-0.534013,-0.756081,-0.37838],[0.0454085,0.421241,-0.905811]]],"btipPosition":[-18.09,242.771,-8.47324],"carpPosition":[0.913583,250.96,45.3925],"dipPosition":[-17.2508,250.556,-25.2139],"direction":[-0.3758,-0.806859,0.455799],"extended":false,"handId":363,"id":3633,"length":63.7298,"mcpPosition":[11.5243,290.035,-1.50854],"pipPosition":[-6.95328,272.665,-37.7035],"stabilizedTipPosition":[-29.1413,234.402,2.60546],"timeVisible":10.3399,"tipPosition":[-17.8039,244.626,-12.315],"tipVelocity":[153.588,133.203,-190.829],"tool":false,"touchDistance":0.333333,"touchZone":"none","type":3,"width":17.881},{"bases":[[[0.729375,-0.647305,-0.221378],[0.608439,0.465852,0.642483],[-0.312753,-0.603306,0.733626]],[[0.664828,-0.741297,-0.0921],[0.588113,0.595447,-0.547326],[0.460572,0.309713,0.831836]],[[0.664828,-0.741297,-0.0921],[-0.393678,-0.242919,-0.886571],[0.634839,0.625675,-0.453332]],[[0.664828,-0.741297,-0.0921],[-0.705702,-0.582859,-0.402815],[0.244924,0.332798,-0.910636]]],"btipPosition":[-4.90595,247.756,-7.4844],"carpPosition":[9.72248,241.764,39.3912],"dipPosition":[-0.730012,253.43,-23.0106],"direction":[-0.634839,-0.625675,0.453332],"extended":false,"handId":363,"id":3634,"length":49.963,"mcpPosition":[27.6609,276.367,-2.68701],"pipPosition":[11.552,265.535,-31.7811],"stabilizedTipPosition":[-13.1006,241.234,-0.131787],"timeVisible":10.3399,"tipPosition":[-3.85916,249.273,-11.4114],"tipVelocity":[153.457,125.677,-167.473],"tool":false,"touchDistance":0.333333,"touchZone":"none","type":4,"width":15.8833}],"r":[[0.710182,-0.077335,0.699758],[0.216428,0.969798,-0.112473],[-0.669926,0.231323,0.705471]],"s":0.933921,"t":[187.717,-50.4568,-169.5],"timestamp":15419782077},false],[6,{"currentFrameRate":104.839,"devices":[],"gestures":[],"hands":[{"armBasis":[[0.921062,-0.178887,-0.345897],[0.299111,0.893759,0.334255],[0.249354,-0.411331,0.876715]],"armWidth":63.029,"confidence":0.722355,"direction":[0.10416,0.767215,-0.632876],"elbow":[61.2678,129.105,279.028],"grabStrength":0,"id":363,"palmNormal":[-0.285627,-0.586455,-0.75795],"palmPosition":[-8.16788,279.393,9.03004],"palmVelocity":[137.956,135.514,-168.463],"palmWidth":90.0033,"pinchStrength":0.333647,"r":[[0.705409,-0.0770071,0.704605],[0.218224,0.969389,-0.112527],[-0.674372,0.233139,0.700621]],"s":0.937725,"sphereCenter":[-23.1941,270.089,-35.3096],"sphereRadius":47.0367,"stabilizedPalmPosition":[-19.6467,267.837,24.6735],"t":[188.887,-49.3354,-170.796],"timeVisible":10.3492,"type":"right","wrist":[-5.32785,238.96,44.8818]}],"id":1177095,"interactionBox":{"center":[0,200,0],"size":[235.247,235.247,147.751]},"pointables":[{"bases":[[[0.659147,0.569741,0.490836],[-0.679611,0.171871,0.713154],[0.321953,-0.803651,0.500491]],[[0.446424,0.86832,0.216161],[-0.69145,0.181412,0.699276],[0.567981,-0.461639,0.681387]],[[0.446424,0.86832,0.216161],[-0.874461,0.372107,0.311214],[0.189798,-0.327958,0.92543]],[[0.446424,0.86832,0.216161],[-0.892609,0.415156,0.17577],[0.0628841,-0.271416,0.960406]]],"btipPosition":[-71.4975,277.56,-43.7046],"carpPosition":[-35.5958,237.422,43.3838],"dipPosition":[-70.0417,271.277,-21.4714],"direction":[-0.189798,0.327958,-0.92543],"extended":false,"handId":363,"id":3630,"length":51.5512,"mcpPosition":[-35.5958,237.422,43.3838],"pipPosition":[-63.6406,260.216,9.73949],"stabilizedTipPosition":[-88.4276,258.997,-13.2657],"timeVisible":10.3492,"tipPosition":[-70.5047,275.607,-39.027],"tipVelocity":[155.729,161.927,-190.849],"tool":false,"touchDistance":-0.652269,"touchZone":"hovering","type":0,"width":20.0304},{"bases":[[[0.956628,-0.127211,-0.26207],[0.273971,0.698628,0.660952],[0.0990088,-0.704085,0.70318]],[[0.95817,-0.139136,-0.250104],[0.250469,0.83048,0.497562],[0.138477,-0.539392,0.83059]],[[0.95817,-0.139136,-0.250104],[0.219329,0.918376,0.329363],[0.183863,-0.37044,0.910477]],[[0.95817,-0.139136,-0.250104],[0.190799,0.961893,0.195852],[0.213323,-0.235379,0.948204]]],"btipPosition":[-42.4596,341.808,-74.1777],"carpPosition":[-21.3687,254.814,50.084],"dipPosition":[-38.8544,337.83,-58.1528],"direction":[-0.183863,0.37044,-0.910477],"extended":true,"handId":363,"id":3631,"length":58.1698,"mcpPosition":[-28.5738,306.051,-1.08761],"pipPosition":[-34.4586,328.973,-36.3848],"stabilizedTipPosition":[-47.2015,335.24,-66.3941],"timeVisible":10.3492,"tipPosition":[-42.2573,338.726,-70.9223],"tipVelocity":[230.376,234.641,-164.289],"tool":false,"touchDistance":-0.66037,"touchZone":"hovering","type":1,"width":19.133},{"bases":[[[0.900393,-0.338389,-0.273469],[0.433864,0.651436,0.622409],[-0.0324686,-0.679061,0.733364]],[[0.900769,-0.328522,-0.284057],[0.173074,0.871418,-0.458994],[0.398322,0.364285,0.841805]],[[0.900769,-0.328522,-0.284057],[-0.379928,-0.279207,-0.881872],[0.210404,0.902284,-0.376316]],[[0.900769,-0.328522,-0.284057],[-0.424589,-0.803676,-0.416927],[-0.0913202,0.496163,-0.863414]]],"btipPosition":[-30.4101,249.76,-16.4818],"carpPosition":[-9.43891,254.867,47.6296],"dipPosition":[-32.1075,258.983,-32.5312],"direction":[-0.210404,-0.902284,0.376316],"extended":false,"handId":363,"id":3632,"length":66.2798,"mcpPosition":[-7.19821,301.73,-2.98085],"pipPosition":[-26.1893,284.362,-43.1162],"stabilizedTipPosition":[-44.8018,238.871,-0.180153],"timeVisible":10.3492,"tipPosition":[-30.6231,251.751,-19.5174],"tipVelocity":[148.961,134.939,-197.979],"tool":false,"touchDistance":0.333333,"touchZone":"none","type":2,"width":18.7912},{"bases":[[[0.850516,-0.482769,-0.208704],[0.495828,0.603616,0.624341],[-0.175435,-0.634493,0.752756]],[[0.845459,-0.499755,-0.188265],[0.339311,0.774917,-0.533264],[0.412392,0.386973,0.824733]],[[0.845459,-0.499755,-0.188265],[-0.375497,-0.305626,-0.874983],[0.379738,0.810455,-0.446051]],[[0.845459,-0.499755,-0.188265],[-0.531454,-0.752695,-0.388597],[0.0524971,0.428597,-0.901969]]],"btipPosition":[-16.8697,243.989,-9.91633],"carpPosition":[1.86159,251.907,44.282],"dipPosition":[-15.8995,251.91,-26.586],"direction":[-0.379738,-0.810455,0.446051],"extended":false,"handId":363,"id":3633,"length":63.7298,"mcpPosition":[12.7317,291.22,-2.35932],"pipPosition":[-5.49402,274.118,-38.8085],"stabilizedTipPosition":[-27.2458,236.133,0.124162],"timeVisible":10.3492,"tipPosition":[-16.5466,245.867,-13.6753],"tipVelocity":[148.128,133.473,-180.194],"tool":false,"touchDistance":0.333333,"touchZone":"none","type":3,"width":17.881},{"bases":[[[0.7308,-0.646014,-0.220449],[0.604618,0.462737,0.648314],[-0.31681,-0.607076,0.72876]],[[0.665677,-0.740514,-0.092265],[0.590814,0.598516,-0.541034],[0.455866,0.305642,0.835924]],[[0.665677,-0.740514,-0.092265],[-0.388522,-0.238358,-0.890076],[0.637122,0.62835,-0.446376]],[[0.665677,-0.740514,-0.092265],[-0.703087,-0.580934,-0.410103],[0.250087,0.337866,-0.90736]]],"btipPosition":[-3.65617,248.955,-8.64484],"carpPosition":[10.7072,242.743,38.285],"dipPosition":[0.60779,254.716,-24.1152],"direction":[-0.637122,-0.62835,0.446376],"extended":false,"handId":363,"id":3634,"length":49.963,"mcpPosition":[28.8783,277.562,-3.51404],"pipPosition":[12.934,266.872,-32.7511],"stabilizedTipPosition":[-11.1681,242.911,-2.36941],"timeVisible":10.3492,"tipPosition":[-2.58739,250.494,-12.5512],"tipVelocity":[148.628,127.151,-154.967],"tool":false,"touchDistance":0.333333,"touchZone":"none","type":4,"width":15.8833}],"r":[[0.705409,-0.0770071,0.704605],[0.218224,0.969389,-0.112527],[-0.674372,0.233139,0.700621]],"s":0.937725,"t":[188.887,-49.3354,-170.