{"sensorType":"Leap","data":[[0,{"currentFrameRate":110.554,"devices":[],"gestures":[],"hands":[{"armBasis":[[0.909094,-0.146363,-0.390034],[0.269447,0.920631,0.282555],[0.317722,-0.361963,0.876377]],"armWidth":63.029,"confidence":0.863201,"direction":[0.0286797,0.769224,-0.638335],"elbow":[63.9439,120.522,290.121],"grabStrength":0,"id":363,"palmNormal":[-0.300869,-0.602341,-0.739367],"palmPosition":[-27.8519,257.314,20.4244],"palmVelocity":[171.093,153.426,-168.31],"palmWidth":90.0033,"pinchStrength":0.44231,"r":[[0.741224,-0.038089,0.670176],[0.160893,0.979367,-0.122288],[-0.651691,0.198469,0.732058]],"s":0.879166,"sphereCenter":[-44.3348,245.073,-23.6226],"sphereRadius":46.1927,"stabilizedPalmPosition":[-34.0556,251.809,26.48],"t":[168.849,-71.6847,-159.308],"timeVisible":19.1885,"type":"right","wrist":[-20.9107,217.192,56.0653]}],"id":1178057,"interactionBox":{"center":[0,200,0],"size":[235.247,235.247,147.751]},"pointables":[{"bases":[[[0.658281,0.603035,0.450572],[-0.643797,0.140805,0.75213],[0.390118,-0.785189,0.480921]],[[0.403159,0.897849,0.177005],[-0.641754,0.139496,0.754117],[0.652392,-0.417623,0.632437]],[[0.403159,0.897849,0.177005],[-0.899553,0.353277,0.256905],[0.16813,-0.262799,0.950089]],[[0.403159,0.897849,0.177005],[-0.911971,0.378124,0.159156],[0.075968,-0.225589,0.971256]]],"btipPosition":[-90.7437,248.874,-29.3878],"carpPosition":[-51.1021,214.167,56.3666],"dipPosition":[-88.9851,243.651,-6.90341],"direction":[-0.16813,0.262799,-0.950089],"extended":false,"handId":363,"id":3630,"length":51.5512,"mcpPosition":[-51.1021,214.167,56.3666],"pipPosition":[-83.3148,234.788,25.1392],"stabilizedTipPosition":[-97.9506,241.109,-16.5195],"timeVisible":19.1885,"tipPosition":[-89.9739,247.278,-24.2796],"tipVelocity":[189.602,174.475,-194.46],"tool":false,"touchDistance":-0.409141,"touchZone":"hovering","type":0,"width":20.0304},{"bases":[[[0.944517,-0.0810784,-0.318298],[0.277992,0.713476,0.643174],[0.17495,-0.695973,0.696429]],[[0.948063,-0.0960352,-0.303239],[0.216492,0.893269,0.393957],[0.23304,-0.439145,0.867666]],[[0.948063,-0.0960352,-0.303239],[0.15367,0.972984,0.1723],[0.2785,-0.20995,0.937208]],[[0.948063,-0.0960352,-0.303239],[0.102681,0.994696,0.00600813],[0.301054,-0.0368329,0.952896]]],"btipPosition":[-71.7557,307.209,-63.8626],"carpPosition":[-37.3745,232.258,62.2019],"dipPosition":[-66.6678,306.587,-47.7583],"direction":[-0.2785,0.20995,-0.937208],"extended":true,"handId":363,"id":3631,"length":58.1698,"mcpPosition":[-50.106,282.905,11.5215],"pipPosition":[-60.0094,301.567,-25.3513],"stabilizedTipPosition":[-74.1084,303.12,-57.7607],"timeVisible":19.1885,"tipPosition":[-70.9386,304.875,-60.2694],"tipVelocity":[233.362,236.102,-180.05],"tool":false,"touchDistance":0.124421,"touchZone":"hovering","type":1,"width":19.133},{"bases":[[[0.898147,-0.294796,-0.326232],[0.437446,0.674044,0.595236],[0.0444215,-0.677319,0.734348]],[[0.89825,-0.296398,-0.324494],[0.120569,0.876215,-0.466595],[0.422624,0.379995,0.822796]],[[0.89825,-0.296398,-0.324494],[-0.406844,-0.281567,-0.869021],[0.166209,0.912616,-0.373505]],[[0.89825,-0.296398,-0.324494],[-0.416289,-0.810529,-0.412003],[-0.140895,0.505165,-0.851444]]],"btipPosition":[-50.8996,226.453,-4.5306],"carpPosition":[-25.6281,232.888,59.044],"dipPosition":[-53.5186,235.843,-20.3574],"direction":[-0.166209,-0.912616,0.373505],"extended":false,"handId":363,"id":3632,"length":66.2798,"mcpPosition":[-28.6937,279.631,8.36563],"pipPosition":[-48.8435,261.513,-30.8634],"stabilizedTipPosition":[-58.0096,223.222,-1.79658],"timeVisible":19.1885,"tipPosition":[-51.2643,228.512,-7.4849],"tipVelocity":[180.997,154.386,-185.306],"tool":false,"touchDistance":0.333333,"touchZone":"none","type":2,"width":18.7912},{"bases":[[[0.859346,-0.441224,-0.258548],[0.501689,0.629325,0.593514],[-0.0991616,-0.639744,0.762164]],[[0.853675,-0.471071,-0.222107],[0.291127,0.785242,-0.54648],[0.431838,0.401855,0.807482]],[[0.853675,-0.471071,-0.222107],[-0.395009,-0.307705,-0.865613],[0.339422,0.826686,-0.448757]],[[0.853675,-0.471071,-0.222107],[-0.520713,-0.76394,-0.381121],[0.00985881,0.441007,-0.897449]]],"btipPosition":[-36.8379,221.549,1.00508],"carpPosition":[-14.414,230.473,55.0333],"dipPosition":[-36.6557,229.7,-15.581],"direction":[-0.339422,-0.826686,0.448757],"extended":false,"handId":363,"id":3633,"length":63.7298,"mcpPosition":[-8.26987,270.112,7.80906],"pipPosition":[-27.355,252.352,-27.8777],"stabilizedTipPosition":[-41.674,219.27,1.9497],"timeVisible":19.1885,"tipPosition":[-36.6876,223.399,-2.5368],"tipVelocity":[178.107,152.527,-177.941],"tool":false,"touchDistance":0.333333,"touchZone":"none","type":3,"width":17.881},{"bases":[[[0.747307,-0.610178,-0.263086],[0.618497,0.494028,0.611063],[-0.242886,-0.619369,0.746584]],[[0.695002,-0.706779,-0.132045],[0.546984,0.638925,-0.54091],[0.46667,0.303707,0.830651]],[[0.695002,-0.706779,-0.132045],[-0.397334,-0.224476,-0.889795],[0.599248,0.670875,-0.436839]],[[0.695002,-0.706779,-0.132045],[-0.688288,-0.600885,-0.406443],[0.207922,0.373364,-0.904084]]],"btipPosition":[-23.0294,227.29,0.518714],"carpPosition":[-5.49972,221.733,48.5268],"dipPosition":[-19.4843,233.656,-14.8958],"direction":[-0.599248,-0.670875,0.436839],"extended":false,"handId":363,"id":3634,"length":49.963,"mcpPosition":[8.43132,257.258,5.70544],"pipPosition":[-7.89084,246.635,-23.3472],"stabilizedTipPosition":[-26.626,225.056,1.07103],"timeVisible":19.1885,"tipPosition":[-22.1345,228.657,-2.65373],"tipVelocity":[180.098,151.055,-167.962],"tool":false,"touchDistance":0.333333,"touchZone":"none","type":4,"width":15.8833}],"r":[[0.741224,-0.038089,0.670176],[0.160893,0.979367,-0.122288],[-0.651691,0.198469,0.732058]],"s":0.879166,"t":[168.849,-71.6847,-159.308],"timestamp":15428630685},false],[1,{"currentFrameRate":110.534,"devices":[],"gestures":[],"hands":[{"armBasis":[[0.91155,-0.146582,-0.384175],[0.266456,0.922165,0.280379],[0.313175,-0.357945,0.879657]],"armWidth":63.029,"confidence":0.869054,"direction":[0.0286597,0.770442,-0.636865],"elbow":[64.1247,123.209,289.298],"grabStrength":0,"id":363,"palmNormal":[-0.298107,-0.601546,-0.741131],"palmPosition":[-26.4525,258.98,18.7828],"palmVelocity":[166.375,161.729,-171.743],"palmWidth":90.0033,"pinchStrength":0.443231,"r":[[0.738275,-0.0373982,0.673462],[0.162152,0.979021,-0.123391],[-0.654719,0.200299,0.728851]],"s":0.882849,"sphereCenter":[-43.1151,247.126,-25.1677],"sphereRadius":46.2456,"stabilizedPalmPosition":[-32.3569,253.411,24.7603],"t":[170.311,-70.1558,-160.823],"timeVisible":19.1975,"type":"right","wrist":[-19.5155,218.806,54.3658]}],"id":1178058,"interactionBox":{"center":[0,200,0],"size":[235.247,235.247,147.751]},"pointables":[{"bases":[[[0.656155,0.603434,0.453131],[-0.645723,0.138231,0.750955],[0.390515,-0.785341,0.480352]],[[0.401261,0.898163,0.179704],[-0.64364,0.136894,0.752986],[0.651703,-0.417808,0.633024]],[[0.401261,0.898163,0.179704],[-0.900696,0.351233,0.255699],[0.166541,-0.264461,0.949908]],[[0.401261,0.898163,0.179704],[-0.913065,0.376622,0.156422],[0.0728118,-0.226847,0.971205]]],"btipPosition":[-89.1828,250.525,-31.1816],"carpPosition":[-49.7018,215.725,54.5945],"dipPosition":[-87.4973,245.274,-8.69836],"direction":[-0.166541,0.264461,-0.949908],"extended":false,"handId":363,"id":3630,"length":51.5512,"mcpPosition":[-49.7018,215.725,54.5945],"pipPosition":[-81.8805,236.355,23.3381],"stabilizedTipPosition":[-96.124,242.747,-18.413],"timeVisible":19.1975,"tipPosition":[-88.4489,248.929,-26.073],"tipVelocity":[184.171,176.306,-195.3],"tool":false,"touchDistance":-0.423471,"touchZone":"hovering","type":0,"width":20.0304},{"bases":[[[0.945369,-0.0787389,-0.316349],[0.275236,0.712814,0.64509],[0.174704,-0.696919,0.695544]],[[0.94893,-0.0938092,-0.301216],[0.217069,0.886984,0.407603],[0.228937,-0.452172,0.862049]],[[0.94893,-0.0938092,-0.301216],[0.158029,0.967691,0.196471],[0.273053,-0.234038,0.933096]],[[0.94893,-0.0938092,-0.301216],[0.109873,0.993264,0.0367991],[0.295735,-0.0680153,0.952846]]],"btipPosition":[-69.9898,310.507,-65.1689],"carpPosition":[-36.021,233.83,60.4933],"dipPosition":[-64.9918,309.357,-49.0655],"direction":[-0.273053,0.234038,-0.933096],"extended":true,"handId":363,"id":3631,"length":58.1698,"mcpPosition":[-48.7345,284.546,9.87728],"pipPosition":[-58.4635,303.762,-26.7568],"stabilizedTipPosition":[-72.1137,305.817,-59.1633],"timeVisible":19.1975,"tipPosition":[-69.202,307.972,-61.6419],"tipVelocity":[221.95,267.531,-170.026],"tool":false,"touchDistance":0.149519,"touchZone":"hovering","type":1,"width":19.133},{"bases":[[[0.899416,-0.292527,-0.324776],[0.434869,0.673766,0.597435],[0.0440572,-0.678577,0.733207]],[[0.899516,-0.29411,-0.323064],[0.120048,0.877395,-0.464507],[0.420071,0.379048,0.824538]],[[0.899516,-0.29411,-0.323064],[-0.404276,-0.280011,-0.870721],[0.165626,0.913834,-0.370776]],[[0.899516,-0.29411,-0.323064],[-0.413989,-0.810069,-0.415212],[-0.139586,0.507235,-0.850428]]],"btipPosition":[-49.4014,228.112,-6.31197],"carpPosition":[-24.2688,234.488,57.3626],"dipPosition":[-51.996,237.541,-22.1199],"direction":[-0.165626,-0.913834,0.370776],"extended":false,"handId":363,"id":3632,"length":66.2798,"mcpPosition":[-27.3093,281.317,6.76296],"pipPosition":[-47.3373,263.245,-32.5491],"stabilizedTipPosition":[-56.3385,224.695,-3.49674],"timeVisible":19.1975,"tipPosition":[-49.7634,230.185,-9.26859],"tipVelocity":[176.722,162.474,-188.161],"tool":false,"touchDistance":0.333333,"touchZone":"none","type":2,"width":18.7912},{"bases":[[[0.860737,-0.439151,-0.257446],[0.499199,0.62917,0.595773],[-0.0996569,-0.641321,0.760774]],[[0.855051,-0.469032,-0.221125],[0.290633,0.786641,-0.544728],[0.429441,0.401504,0.808935]],[[0.855051,-0.469032,-0.221125],[-0.392434,-0.30658,-0.867182],[0.338943,0.828262,-0.446206]],[[0.855051,-0.469032,-0.221125],[-0.518418,-0.763851,-0.384414],[0.0113956,0.443329,-0.896286]]],"btipPosition":[-35.3439,223.204,-0.725237],"carpPosition":[-13.0413,232.101,53.3724],"dipPosition":[-35.1333,231.398,-17.2899],"direction":[-0.338943,-0.828262,0.446206],"extended":false,"handId":363,"id":3633,"length":63.7298,"mcpPosition":[-6.86651,271.838,6.23433],"pipPosition":[-25.8457,254.093,-29.5166],"stabilizedTipPosition":[-40.1229,220.685,0.372761],"timeVisible":19.1975,"tipPosition":[-35.185,225.075,-4.26796],"tipVelocity":[174.532,161.041,-181.261],"tool":false,"touchDistance":0.333333,"touchZone":"none","type":3,"width":17.881},{"bases":[[[0.749025,-0.608305,-0.26254],[0.61622,0.494059,0.613334],[-0.243384,-0.621185,0.744912]],[[0.696698,-0.70512,-0.13198],[0.547044,0.641231,-0.538113],[0.464064,0.302703,0.832475]],[[0.696698,-0.70512,-0.13198],[-0.39447,-0.2229,-0.891464],[0.599171,0.673143,-0.433443]],[[0.696698,-0.70512,-0.13198],[-0.686026,-0.601104,-0.409931],[0.209717,0.376139,-0.902518]]],"btipPosition":[-21.5354,228.995,-1.19864],"carpPosition":[-4.09638,223.39,46.8698],"dipPosition":[-17.9597,235.408,-16.5865],"direction":[-0.599171,-0.673143,0.433443],"extended":false,"handId":363,"id":3634,"length":49.963,"mcpPosition":[9.86324,259.018,4.14431],"pipPosition":[-6.36775,248.431,-24.9722],"stabilizedTipPosition":[-25.0716,226.479,-0.456067],"timeVisible":19.1975,"tipPosition":[-20.6346,230.376,-4.36266],"tipVelocity":[175.985,161.513,-173.611],"tool":false,"touchDistance":0.333333,"touchZone":"none","type":4,"width":15.8833}],"r":[[0.738275,-0.0373982,0.673462],[0.162152,0.979021,-0.123391],[-0.654719,0.200299,0.728851]],"s":0.882849,"t":[170.311,-70.1558,-160.823],"timestamp":15428639769},false],[2,{"currentFrameRate":110.435,"devices":[],"gestures":[],"hands":[{"armBasis":[[0.915575,-0.14471,-0.37521],[0.263457,0.92075,0.287766],[0.303832,-0.362323,0.88114]],"armWidth":63.029,"confidence":0.870396,"direction":[0.0313836,0.770034,-0.637231],"elbow":[62.6934,124.215,287.889],"grabStrength":0,"id":363,"palmNormal":[-0.291765,-0.602719,-0.742699],"palmPosition":[-25.2302,261.114,16.9009],"palmVelocity":[156.859,181.225,-180.765],"palmWidth":90.0033,"pinchStrength":0.444579,"r":[[0.734997,-0.0364269,0.677092],[0.162918,0.978792,-0.124192],[-0.658208,0.201591,0.725344]],"s":0.887836,"sphereCenter":[-42.0227,249.691,-26.8758],"sphereRadius":46.2978,"stabilizedPalmPosition":[-30.7302,255.17,22.9664],"t":[171.653,-68.3244,-162.522],"timeVisible":19.2068,"type":"right","wrist":[-18.4516,220.981,52.5605]}],"id":1178059,"interactionBox":{"center":[0,200,0],"size":[235.247,235.247,147.751]},"pointables":[{"bases":[[[0.651769,0.605153,0.457151],[-0.651129,0.137415,0.746423],[0.388881,-0.78416,0.483596]],[[0.397971,0.899241,0.181614],[-0.649329,0.136259,0.748201],[0.648067,-0.41569,0.638131]],[[0.397971,0.899241,0.181614],[-0.903221,0.349397,0.249227],[0.160659,-0.263223,0.951264]],[[0.397971,0.899241,0.181614],[-0.915078,0.375037,0.148256],[0.0652057,-0.225193,0.97213]]],"btipPosition":[-87.5592,252.452,-33.5101],"carpPosition":[-48.6322,217.836,52.5853],"dipPosition":[-86.0497,247.239,-11.0054],"direction":[-0.160659,0.263223,-0.951263],"extended":false,"handId":363,"id":3630,"length":51.5512,"mcpPosition":[-48.6322,217.836,52.5853],"pipPosition":[-80.6314,238.361,21.0767],"stabilizedTipPosition":[-94.2927,244.495,-20.4517],"timeVisible":19.2068,"tipPosition":[-86.8883,250.891,-28.3823],"tipVelocity":[180.627,185.677,-211.138],"tool":false,"touchDistance":-0.44431,"touchZone":"hovering","type":0,"width":20.0304},{"bases":[[[0.947673,-0.0769701,-0.309825],[0.269317,0.713868,0.646422],[0.171419,-0.696038,0.697243]],[[0.951105,-0.0917605,-0.294921],[0.215978,0.880175,0.422665],[0.220798,-0.465696,0.856957]],[[0.951105,-0.0917605,-0.294921],[0.162211,0.960965,0.224131],[0.262843,-0.261012,0.928863]],[[0.951105,-0.0917605,-0.294921],[0.118071,0.990345,0.0726424],[0.285408,-0.103912,0.952756]]],"btipPosition":[-67.9955,314.413,-66.9029],"carpPosition":[-35.0303,235.975,58.5639],"dipPosition":[-63.172,312.657,-50.801],"direction":[-0.262843,0.261012,-0.928863],"extended":true,"handId":363,"id":3631,"length":58.1698,"mcpPosition":[-47.5047,286.627,7.82426],"pipPosition":[-56.8879,306.417,-28.5934],"stabilizedTipPosition":[-70.0026,309.125,-60.7933],"timeVisible":19.2068,"tipPosition":[-67.251,311.631,-63.4526],"tipVelocity":[219.086,306.981,-175.044],"tool":false,"touchDistance":0.170403,"touchZone":"hovering","type":1,"width":19.133},{"bases":[[[0.902229,-0.290861,-0.318406],[0.429353,0.675123,0.599887],[0.0404791,-0.677944,0.733998]],[[0.90232,-0.292415,-0.316722],[0.121468,0.877442,-0.464049],[0.4136,0.380249,0.827252]],[[0.90232,-0.292415,-0.316722],[-0.397591,-0.28067,-0.873582],[0.166554,0.914176,-0.369516]],[[0.90232,-0.292415,-0.316722],[-0.409566,-0.810711,-0.418334],[-0.134443,0.507189,-0.851284]]],"btipPosition":[-47.9572,230.17,-8.36511],"carpPosition":[-23.2584,236.655,55.5131],"dipPosition":[-50.4562,239.597,-24.189],"direction":[-0.166554,-0.914176,0.369516],"extended":false,"handId":363,"id":3632,"length":66.2798,"mcpPosition":[-26.0519,283.441,4.85878],"pipPosition":[-45.7714,265.311,-34.5827],"stabilizedTipPosition":[-54.6773,226.321,-5.30722],"timeVisible":19.2068,"tipPosition":[-48.303,232.248,-11.3292],"tipVelocity":[171.713,179.425,-197.894],"tool":false,"touchDistance":0.333333,"touchZone":"none","type":2,"width":18.7912},{"bases":[[[0.863401,-0.437517,-0.251231],[0.493788,0.630662,0.598698],[-0.103498,-0.640971,0.760555]],[[0.857552,-0.46729,-0.215045],[0.288477,0.783005,-0.551075],[0.425893,0.410541,0.80627]],[[0.857552,-0.46729,-0.215045],[-0.388515,-0.31439,-0.866149],[0.337134,0.826317,-0.451155]],[[0.857552,-0.46729,-0.215045],[-0.514183,-0.766651,-0.384529],[0.0148219,0.440326,-0.897716]]],"btipPosition":[-33.9204,225.08,-2.20287],"carpPosition":[-11.9989,234.289,51.6014],"dipPosition":[-33.6465,233.218,-18.7939],"direction":[-0.337134,-0.826317,0.451155],"extended":false,"handId":363,"id":3633,"length":63.7298,"mcpPosition":[-5.58606,274.004,4.4769],"pipPosition":[-24.4084,255.86,-31.1563],"stabilizedTipPosition":[-38.5675,222.24,-1.21394],"timeVisible":19.2068,"tipPosition":[-33.7496,227.03,-5.92844],"tipVelocity":[169.283,172.491,-175.512],"tool":false,"touchDistance":0.333333,"touchZone":"none","type":3,"width":17.881},{"bases":[[[0.752084,-0.606911,-0.256962],[0.61097,0.495812,0.617159],[-0.247156,-0.621152,0.743697]],[[0.699183,-0.703586,-0.126926],[0.548895,0.642023,-0.535277],[0.458102,0.304588,0.835086]],[[0.699183,-0.703586,-0.126926],[-0.388099,-0.224417,-0.893877],[0.600435,0.674243,-0.42997]],[[0.699183,-0.703586,-0.126926],[-0.681842,-0.602826,-0.414357],[0.215022,0.376255,-0.90122]]],"btipPosition":[-20.1204,231.106,-3.01277],"carpPosition":[-2.99136,225.592,45.1666],"dipPosition":[-16.4543,237.521,-18.3785],"direction":[-0.600435,-0.674243,0.42997],"extended":false,"handId":363,"id":3634,"length":49.963,"mcpPosition":[11.1846,261.219,2.51081],"pipPosition":[-4.83788,250.566,-26.697],"stabilizedTipPosition":[-23.5235,228.109,-2.08329],"timeVisible":19.2068,"tipPosition":[-19.1998,232.497,-6.18353],"tipVelocity":[170.259,180.383,-179.896],"tool":false,"touchDistance":0.333333,"touchZone":"none","type":4,"width":15.8833}],"r":[[0.734997,-0.0364269,0.677092],[0.162918,0.978792,-0.124192],[-0.658208,0.201591,0.725344]],"s":0.887836,"t":[171.653,-68.3244,-162.522],"timestamp":15428648998},false],[3,{"currentFrameRate":110.506,"devices":[],"gestures":[],"hands":[{"armBasis":[[0.916907,-0.145296,-0.371712],[0.262073,0.921629,0.286211],[0.300996,-0.359845,0.883127]],"armWidth":63.029,"confidence":0.874499,"direction":[0.0335684,0.768031,-0.639532],"elbow":[63.0553,126.647,287.007],"grabStrength":0,"id":363,"palmNormal":[-0.288696,-0.605164,-0.741911],"palmPosition":[-23.9874,262.769,15.3362],"palmVelocity":[152.061,182.384,-179.287],"palmWidth":90.0033,"pinchStrength":0.445651,"r":[[0.731841,-0.0351649,0.680568],[0.163561,0.978541,-0.125323],[-0.661556,0.203031,0.721888]],"s":0.893078,"sphereCenter":[-40.8816,251.598,-28.2685],"sphereRadius":46.3357,"stabilizedPalmPosition":[-29.2277,256.863,21.2661],"t":[172.945,-66.581,-164.154],"timeVisible":19.2157,"type":"right","wrist":[-17.3322,222.752,51.148]}],"id":1178060,"interactionBox":{"center":[0,200,0],"size":[235.247,235.247,147.751]},"pointables":[{"bases":[[[0.649795,0.606826,0.457744],[-0.654044,0.139535,0.743476],[0.387289,-0.782491,0.48756]],[[0.396777,0.900068,0.180126],[-0.652713,0.138682,0.744804],[0.645394,-0.413092,0.642512]],[[0.396777,0.900068,0.180126],[-0.904328,0.349666,0.244794],[0.157348,-0.260021,0.952696]],[[0.396777,0.900068,0.180126],[-0.915876,0.375126,0.143009],[0.0611484,-0.221716,0.973192]]],"btipPosition":[-86.101,253.895,-35.318],"carpPosition":[-47.5116,219.596,51.0666],"dipPosition":[-84.6855,248.762,-12.7887],"direction":[-0.157348,0.260021,-0.952696],"extended":false,"handId":363,"id":3630,"length":51.5512,"mcpPosition":[-47.5116,219.596,51.0666],"pipPosition":[-79.3788,239.993,19.3418],"stabilizedTipPosition":[-92.5856,246.142,-22.3927],"timeVisible":19.2157,"tipPosition":[-85.4671,252.374,-30.1687],"tipVelocity":[175.271,179.699,-208.634],"tool":false,"touchDistance":-0.455246,"touchZone":"hovering","type":0,"width":20.0304},{"bases":[[[0.948885,-0.0776065,-0.305932],[0.266579,0.716,0.645197],[0.168976,-0.693773,0.70009]],[[0.952338,-0.0926884,-0.290622],[0.217063,0.875296,0.432134],[0.214327,-0.474621,0.853697]],[[0.952338,-0.0926884,-0.290622],[0.16729,0.955366,0.243494],[0.255082,-0.280507,0.925337]],[[0.952338,-0.0926884,-0.290622],[0.126175,0.987091,0.0986496],[0.277727,-0.130617,0.951739]]],"btipPosition":[-66.1361,317.329,-68.3937],"carpPosition":[-33.939,237.758,57.0402],"dipPosition":[-61.4424,315.121,-52.309],"direction":[-0.255082,0.280507,-0.925337],"extended":true,"handId":363,"id":3631,"length":58.1698,"mcpPosition":[-46.2357,288.245,6.09343],"pipPosition":[-55.3439,308.415,-30.1857],"stabilizedTipPosition":[-67.9646,312.296,-62.4006],"timeVisible":19.2157,"tipPosition":[-65.4376,314.43,-64.9951],"tipVelocity":[215.25,309.176,-172.987],"tool":false,"touchDistance":0.18957,"touchZone":"hovering","type":1,"width":19.133},{"bases":[[[0.903549,-0.29154,-0.314013],[0.426807,0.677166,0.599401],[0.0378895,-0.675611,0.736284]],[[0.903632,-0.29307,-0.312344],[0.123134,0.876219,-0.465916],[0.410228,0.382557,0.827867]],[[0.903632,-0.29307,-0.312344],[-0.393952,-0.282535,-0.874629],[0.16808,0.913392,-0.370763]],[[0.903632,-0.29307,-0.312344],[-0.407828,-0.811551,-0.418402],[-0.130862,0.505465,-0.852866]]],"btipPosition":[-46.6246,231.73,-9.96813],"carpPosition":[-22.1557,238.433,54.0326],"dipPosition":[-49.057,241.126,-25.8214],"direction":[-0.16808,-0.913392,0.370763],"extended":false,"handId":363,"id":3632,"length":66.2798,"mcpPosition":[-24.7706,285.057,3.22057],"pipPosition":[-44.3293,266.818,-36.2502],"stabilizedTipPosition":[-53.123,227.891,-7.03037],"timeVisible":19.2157,"tipPosition":[-46.9585,233.808,-12.9414],"tipVelocity":[166.08,177.968,-193.122],"tool":false,"touchDistance":0.333333,"touchZone":"none","type":2,"width":18.7912},{"bases":[[[0.864514,-0.437997,-0.246526],[0.491261,0.632724,0.5986],[-0.106202,-0.638607,0.76217]],[[0.858538,-0.46765,-0.210278],[0.290411,0.781467,-0.552241],[0.422581,0.413052,0.80673]],[[0.858538,-0.46765,-0.210278],[-0.384887,-0.3168,-0.866891],[0.338785,0.825192,-0.451976]],[[0.858538,-0.46765,-0.210278],[-0.512419,-0.767773,-0.384643],[0.0184324,0.437982,-0.898795]]],"btipPosition":[-32.6,226.666,-3.71043],"carpPosition":[-10.8805,236.059,50.1718],"dipPosition":[-32.2594,234.761,-20.3214],"direction":[-0.338785,-0.825192,0.451976],"extended":false,"handId":363,"id":3633,"length":63.7298,"mcpPosition":[-4.30011,275.627,2.94721],"pipPosition":[-22.9761,257.372,-32.7063],"stabilizedTipPosition":[-37.1032,223.763,-2.74392],"timeVisible":19.2157,"tipPosition":[-32.4133,228.607,-7.43335],"tipVelocity":[163.938,173.616,-173.859],"tool":false,"touchDistance":0.333333,"touchZone":"none","type":3,"width":17.881},{"bases":[[[0.753277,-0.607448,-0.252151],[0.608419,0.497976,0.617938],[-0.2498,-0.618892,0.744696]],[[0.700802,-0.702519,-0.123869],[0.54404,0.638661,-0.54418],[0.461407,0.313973,0.829774]],[[0.700802,-0.702519,-0.123869],[-0.391043,-0.233096,-0.890366],[0.596626,0.672408,-0.438069]],[[0.700802,-0.702519,-0.123869],[-0.680642,-0.606525,-0.410919],[0.213549,0.372283,-0.903218]]],"btipPosition":[-18.8394,232.504,-4.06102],"carpPosition":[-1.84521,227.344,43.7991],"dipPosition":[-15.1984,238.851,-19.4608],"direction":[-0.596626,-0.672408,0.438069],"extended":false,"handId":363,"id":3634,"length":49.963,"mcpPosition":[12.4824,262.842,1.086],"pipPosition":[-3.65565,251.86,-27.936],"stabilizedTipPosition":[-22.077,229.643,-3.5293],"timeVisible":19.2157,"tipPosition":[-17.9003,233.963,-7.41134],"tipVelocity":[162.802,173.434,-163.115],"tool":false,"touchDistance":0.333333,"touchZone":"none","type":4,"width":15.8833}],"r":[[0.731841,-0.0351649,0.680568],[0.163561,0.978541,-0.125323],[-0.661556,0.203031,0.721888]],"s":0.893078,"t":[172.945,-66.581,-164.154],"timestamp":15428657922},false],[4,{"currentFrameRate":110.509,"devices":[],"gestures":[],"hands":[{"armBasis":[[0.91794,-0.137344,-0.372186],[0.256447,0.921226,0.292536],[0.30269,-0.363977,0.880852]],"armWidth":63.029,"confidence":0.786956,"direction":[0.0361705,0.766026,-0.641791],"elbow":[64.0234,128.111,284.548],"grabStrength":0,"id":363,"palmNormal":[-0.279355,-0.608859,-0.742463],"palmPosition":[-23.3131,265.188,13.2908],"palmVelocity":[130.697,205.845,-192.216],"palmWidth":90.0033,"pinchStrength":0.445868,"r":[[0.728085,-0.0330715,0.684688],[0.163482,0.978391,-0.126586],[-0.665707,0.2041,0.717759]],"s":0.898575,"sphereCenter":[-39.9427,254.174,-30.2099],"sphereRadius":46.3579,"stabilizedPalmPosition":[-27.8963,258.737,19.4709],"t":[173.929,-64.4999,-165.992],"timeVisible":19.2247,"type":"right","wrist":[-16.8166,225.319,49.2969]}],"id":1178061,"interactionBox":{"center":[0,200,0],"size":[235.247,235.247,147.751]},"pointables":[{"bases":[[[0.643023,0.611105,0.461596],[-0.66139,0.13924,0.737005],[0.386115,-0.779206,0.493713]],[[0.39138,0.902302,0.180756],[-0.66097,0.138972,0.737432],[0.640266,-0.408091,0.650785]],[[0.39138,0.902302,0.180756],[-0.908022,0.346777,0.235035],[0.149391,-0.256119,0.955032]],[[0.39138,0.902302,0.180756],[-0.918681,0.371722,0.133592],[0.0533496,-0.218343,0.974413]]],"btipPosition":[-84.8678,255.877,-37.9492],"carpPosition":[-46.9804,222.035,48.951],"dipPosition":[-83.6327,250.822,-15.3917],"direction":[-0.149391,0.256119,-0.955032],"extended":false,"handId":363,"id":3630,"length":51.5512,"mcpPosition":[-46.9804,222.035,48.951],"pipPosition":[-78.5944,242.185,16.8176],"stabilizedTipPosition":[-90.9978,247.843,-24.4501],"timeVisible":19.2247,"tipPosition":[-84.3074,254.391,-32.7681],"tipVelocity":[163.283,191.14,-231.134],"tool":false,"touchDistance":-0.477425,"touchZone":"hovering","type":0,"width":20.0304},{"bases":[[[0.951958,-0.074599,-0.297003],[0.257655,0.719277,0.645178],[0.165498,-0.690707,0.703942]],[[0.955491,-0.0903593,-0.280843],[0.212067,0.872148,0.440891],[0.205098,-0.480825,0.852492]],[[0.955491,-0.0903593,-0.280843],[0.16639,0.951146,0.26007],[0.243623,-0.295224,0.923845]],[[0.955491,-0.0903593,-0.280843],[0.128505,0.984362,0.120491],[0.265564,-0.151218,0.95216]]],"btipPosition":[-64.6119,320.585,-70.6478],"carpPosition":[-33.5397,240.274,54.9867],"dipPosition":[-60.1238,318.03,-54.556],"direction":[-0.243623,0.295224,-0.923845],"extended":true,"handId":363,"id":3631,"length":58.1698,"mcpPosition":[-45.5832,290.538,3.75952],"pipPosition":[-54.2992,310.971,-32.4684],"stabilizedTipPosition":[-66.0912,315.587,-64.3428],"timeVisible":19.2247,"tipPosition":[-63.9732,317.626,-67.2839],"tipVelocity":[200.933,320.786,-193.967],"tool":false,"touchDistance":0.19283,"touchZone":"hovering","type":1,"width":19.133},{"bases":[[[0.9076,-0.288749,-0.304774],[0.418457,0.680971,0.600976],[0.0340107,-0.67298,0.738878]],[[0.907673,-0.290247,-0.303127],[0.123335,0.874872,-0.468388],[0.401146,0.387757,0.829895]],[[0.907673,-0.290247,-0.303127],[-0.384823,-0.287413,-0.8771],[0.167453,0.912771,-0.372571]],[[0.907673,-0.290247,-0.303127],[-0.400585,-0.814563,-0.419546],[-0.125145,0.502239,-0.855626]]],"btipPosition":[-45.5891,233.935,-12.09],"carpPosition":[-21.7323,240.989,52.0843],"dipPosition":[-47.9153,243.27,-27.9945],"direction":[-0.167453,-0.912771,0.372571],"extended":false,"handId":363,"id":3632,"length":66.2798,"mcpPosition":[-24.0795,287.432,1.0933],"pipPosition":[-43.2052,268.945,-38.4742],"stabilizedTipPosition":[-51.6586,229.605,-8.85436],"timeVisible":19.2247,"tipPosition":[-45.9098,236.017,-15.1012],"tipVelocity":[152.606,195.682,-204.928],"tool":false,"touchDistance":0.333333,"touchZone":"none","type":2,"width":18.7912},{"bases":[[[0.868567,-0.435144,-0.237151],[0.483102,0.636801,0.600913],[-0.110466,-0.636502,0.763323]],[[0.862379,-0.464727,-0.200826],[0.290772,0.779398,-0.554969],[0.414432,0.420199,0.807266]],[[0.862379,-0.464727,-0.200826],[-0.376491,-0.323504,-0.868101],[0.338462,0.824241,-0.453949]],[[0.862379,-0.464727,-0.200826],[-0.505678,-0.771647,-0.385812],[0.024331,0.434269,-0.900454]]],"btipPosition":[-31.6078,228.906,-5.55814],"carpPosition":[-10.4124,238.65,48.3346],"dipPosition":[-31.1581,236.932,-22.1998],"direction":[-0.338462,-0.824241,0.453949],"extended":false,"handId":363,"id":3633,"length":63.7298,"mcpPosition":[-3.56782,278.088,1.03849],"pipPosition":[-21.8837,259.517,-34.6387],"stabilizedTipPosition":[-35.7283,225.479,-4.37487],"timeVisible":19.2247,"tipPosition":[-31.3986,230.859,-9.34911],"tipVelocity":[149.757,193.551,-182.473],"tool":false,"touchDistance":0.333333,"touchZone":"none","type":3,"width":17.881},{"bases":[[[0.758102,-0.605084,-0.243217],[0.600645,0.502616,0.621774],[-0.25398,-0.617455,0.744475]],[[0.706847,-0.697252,-0.119198],[0.532672,0.635545,-0.558877],[0.465434,0.331547,0.820639]],[[0.706847,-0.697252,-0.119198],[-0.39524,-0.24955,-0.884031],[0.586646,0.671986,-0.451975]],[[0.706847,-0.697252,-0.119198],[-0.675671,-0.615643,-0.405527],[0.209371,0.367184,-0.906278]]],"btipPosition":[-17.9136,234.51,-5.13271],"carpPosition":[-1.28264,229.953,42.074],"dipPosition":[-14.3438,240.771,-20.5846],"direction":[-0.586646,-0.671986,0.451975],"extended":false,"handId":363,"id":3634,"length":49.963,"mcpPosition":[13.2848,265.368,-0.626389],"pipPosition":[-2.99414,253.772,-29.3289],"stabilizedTipPosition":[-20.7273,231.351,-4.92581],"timeVisible":19.2247,"tipPosition":[-16.9513,236.09,-8.78842],"tipVelocity":[145.644,186.183,-151.184],"tool":false,"touchDistance":0.333333,"touchZone":"none","type":4,"width":15.8833}],"r":[[0.728085,-0.0330715,0.684688],[0.163482,0.978391,-0.126586],[-0.665707,0.2041,0.717759]],"s":0.898575,"t":[173.929,-64.4999,-165.992],"timestamp":15428666965},false],[5,{"currentFrameRate":110.578,"devices":[],"gestures":[],"hands":[{"armBasis":[[0.917429,-0.142038,-0.371684],[0.262734,0.917766,0.297785],[0.298822,-0.370851,0.879304]],"armWidth":63.029,"confidence":0.792481,"direction":[0.0401841,0.764771,-0.643048],"elbow":[64.1252,127.939,282.744],"grabStrength":0,"id":363,"palmNormal":[-0.283275,-0.608443,-0.741318],"palmPosition":[-21.9708,266.83,11.8396],"palmVelocity":[136.077,199.9,-184.151],"palmWidth":90.0033,"pinchStrength":0.445291,"r":[[0.725106,-0.0320015,0.687893],[0.164531,0.97804,-0.127932],[-0.668693,0.205944,0.714449]],"s":0.903732,"sphereCenter":[-38.8105,256.103,-31.4942],"sphereRadius":46.3852,"stabilizedPalmPosition":[-26.57,260.549,17.7627],"t":[175.091,-62.6383,-167.637],"timeVisible":19.2337,"type":"right","wrist":[-15.6818,226.982,47.9063]}],"id":1178062,"interactionBox":{"center":[0,200,0],"size":[235.247,235.247,147.751]},"pointables":[{"bases":[[[0.646786,0.608152,0.460238],[-0.660149,0.144216,0.73716],[0.381932,-0.78061,0.494748]],[[0.396805,0.900235,0.179231],[-0.660472,0.144424,0.73683],[0.637434,-0.410755,0.651888]],[[0.396805,0.900235,0.179231],[-0.905843,0.352505,0.234922],[0.148305,-0.255573,0.955347]],[[0.396805,0.900235,0.179231],[-0.916357,0.377182,0.134255],[0.053258,-0.217513,0.974603]]],"btipPosition":[-83.5729,257.807,-39.3866],"carpPosition":[-45.8641,223.871,47.5831],"dipPosition":[-82.34,252.772,-16.8247],"direction":[-0.148305,0.255573,-0.955347],"extended":false,"handId":363,"id":3630,"length":51.5512,"mcpPosition":[-45.8641,223.871,47.5831],"pipPosition":[-77.3383,244.152,15.3952],"stabilizedTipPosition":[-89.4755,249.582,-26.375],"timeVisible":19.2337,"tipPosition":[-83.0389,256.328,-34.1892],"tipVelocity":[158.316,198.13,-212.01],"tool":false,"touchDistance":-0.479562,"touchZone":"hovering","type":0,"width":20.0304},{"bases":[[[0.951341,-0.0805329,-0.297431],[0.262151,0.718826,0.643867],[0.161949,-0.690509,0.704961]],[[0.954955,-0.0970899,-0.280418],[0.219425,0.86721,0.446989],[0.199783,-0.488385,0.849451]],[[0.954955,-0.0970899,-0.280418],[0.176254,0.9458,0.27276],[0.238737,-0.309898,0.920309]],[[0.954955,-0.0970899,-0.280418],[0.140126,0.98051,0.137711],[0.261583,-0.170801,0.949948]]],"btipPosition":[-62.7196,323.342,-71.8758],"carpPosition":[-32.3155,242.042,53.5816],"dipPosition":[-58.2987,320.456,-55.8214],"direction":[-0.238737,0.309898,-0.920309],"extended":true,"handId":363,"id":3631,"length":58.1698,"mcpPosition":[-44.1008,292.292,2.2803],"pipPosition":[-52.5909,313.047,-33.8184],"stabilizedTipPosition":[-64.1735,318.686,-66.0211],"timeVisible":19.2337,"tipPosition":[-62.1305,320.359,-68.5441],"tipVelocity":[203.498,315.244,-178.872],"tool":false,"touchDistance":0.20925,"touchZone":"hovering","type":1,"width":19.133},{"bases":[[[0.905751,-0.294437,-0.30483],[0.422705,0.679528,0.599635],[0.030586,-0.671973,0.739944]],[[0.905814,-0.295868,-0.303254],[0.127546,0.872996,-0.470755],[0.40402,0.387738,0.828509]],[[0.905814,-0.295868,-0.303254],[-0.387144,-0.287264,-0.876127],[0.172104,0.911011,-0.374752]],[[0.905814,-0.295868,-0.303254],[-0.405457,-0.813002,-0.417892],[-0.122905,0.501488,-0.85639]]],"btipPosition":[-44.4359,235.626,-13.4349],"carpPosition":[-20.506,242.685,50.6713],"dipPosition":[-46.7205,244.947,-29.3537],"direction":[-0.172104,-0.911011,0.374752],"extended":false,"handId":363,"id":3632,"length":66.2798,"mcpPosition":[-22.6168,289.059,-0.393297],"pipPosition":[-41.8796,270.572,-39.8947],"stabilizedTipPosition":[-50.2625,231.307,-10.5724],"timeVisible":19.2337,"tipPosition":[-44.7558,237.722,-16.4879],"tipVelocity":[146.528,193.898,-190.253],"tool":false,"touchDistance":0.333333,"touchZone":"none","type":2,"width":18.7912},{"bases":[[[0.86592,-0.440497,-0.236949],[0.487096,0.634988,0.599606],[-0.113665,-0.634628,0.764414]],[[0.859568,-0.470048,-0.200493],[0.293954,0.775734,-0.558416],[0.418012,0.42106,0.804969]],[[0.859568,-0.470048,-0.200493],[-0.379381,-0.324125,-0.86661],[0.342364,0.820974,-0.456935]],[[0.859568,-0.470048,-0.200493],[-0.510349,-0.769494,-0.383957],[0.0262001,0.432359,-0.901321]]],"btipPosition":[-30.4987,230.502,-6.84211],"carpPosition":[-9.20183,240.275,46.9188],"dipPosition":[-30.0145,238.492,-23.4998],"direction":[-0.342364,-0.820974,0.456935],"extended":false,"handId":363,"id":3633,"length":63.7298,"mcpPosition":[-2.15907,279.597,-0.444851],"pipPosition":[-20.6331,260.988,-36.0205],"stabilizedTipPosition":[-34.4257,227.153,-5.91105],"timeVisible":19.2337,"tipPosition":[-30.2805,232.466,-10.6772],"tipVelocity":[143.059,189.292,-172.07],"tool":false,"touchDistance":0.333333,"touchZone":"none","type":3,"width":17.881},{"bases":[[[0.75448,-0.60981,-0.242677],[0.60388,0.500166,0.620615],[-0.257079,-0.614789,0.745617]],[[0.703634,-0.70031,-0.120267],[0.530676,0.630476,-0.566465],[0.472527,0.334762,0.815262]],[[0.703634,-0.70031,-0.120267],[-0.401894,-0.252652,-0.880141],[0.585986,0.667632,-0.459225]],[[0.703634,-0.70031,-0.120267],[-0.679724,-0.614063,-0.401127],[0.207062,0.363995,-0.908093]]],"btipPosition":[-16.7749,235.946,-6.24596],"carpPosition":[-0.125764,231.515,40.667],"dipPosition":[-13.2445,242.153,-21.7288],"direction":[-0.585986,-0.667632,0.459225],"extended":false,"handId":363,"id":3634,"length":49.963,"mcpPosition":[14.6193,266.778,-2.09891],"pipPosition":[-1.90765,255.069,-30.6133],"stabilizedTipPosition":[-19.4302,232.991,-6.25469],"timeVisible":19.2337,"tipPosition":[-15.8181,237.554,-10.0012],"tipVelocity":[140.451,178.92,-144.199],"tool":false,"touchDistance":0.333333,"touchZone":"none","type":4,"width":15.8833}],"r":[[0.725106,-0.0320015,0.687893],[0.164531,0.97804,-0.127932],[-0.668693,0.205944,0.714449]],"s":0.903732,"t":[175.091,-62.6383,-167.637],"timestamp":15428675888},false],[6,{"currentFrameRate":110.59,"devices":[],"gestures":[],"hands":[{"armBasis":[[0.914988,-0.148468,-0.375172],[0.268814,0.91773,0.292422],[0.300891,-0.368414,0.879623]],"armWidth":63.029,"confidence":0.799938,"direction":[0.0445391,0.763652,-0.64409],"elbow":[65.7981,129.944,281.679],"grabStrength":0,"id":363,"palmNormal":[-0.288283,-0.607477,-0.740179],"palmPosition":[-20.6266,268.18,10.6461],"palmVelocity":[139.639,186.071,-169.894],"palmWidth":90.0033,"pinchStrength":0.444501,"r":[[0.722841,-0.0319345,0.690276],[0.16666,0.9775,-0.129299],[-0.670616,0.208504,0.711899]],"s":0.908384,"sphereCenter":[-37.6894,257.73,-32.5498],"sphereRadius":46.4133,"stabilizedPalmPosition":[-25.2121,262.292,16.1368],"t":[176.345,-61.0327,-169.056],"timeVisible":19.2427,"type":"right","wrist":[-14.5616,228.337,46.7567]}],"id":1178063,"interactionBox":{"center":[0,200,0],"size":[235.247,235.247,147.751]},"pointables":[{"bases":[[[0.651436,0.604375,0.458653],[-0.65825,0.149612,0.737782],[0.377277,-0.782527,0.495292]],[[0.403191,0.8977,0.177687],[-0.659195,0.150227,0.736813],[0.634744,-0.414207,0.652329]],[[0.403191,0.8977,0.177687],[-0.903089,0.358943,0.235777],[0.147877,-0.25553,0.955425]],[[0.403191,0.8977,0.177687],[-0.913543,0.383459,0.135638],[0.0536261,-0.217013,0.974695]]],"btipPosition":[-82.3346,259.522,-40.5216],"carpPosition":[-44.7646,225.428,46.4746],"dipPosition":[-81.0931,254.498,-17.9576],"direction":[-0.147877,0.25553,-0.955425],"extended":false,"handId":363,"id":3630,"length":51.5512,"mcpPosition":[-44.7646,225.428,46.4746],"pipPosition":[-76.1058,245.88,14.265],"stabilizedTipPosition":[-87.9502,251.386,-28.2146],"timeVisible":19.2427,"tipPosition":[-81.8156,258.047,-35.3122],"tipVelocity":[152.591,196.018,-188.287],"tool":false,"touchDistance":-0.476957,"touchZone":"hovering","type":0,"width":20.0304},{"bases":[[[0.950408,-0.0873242,-0.298494],[0.267783,0.717874,0.642611],[0.158166,-0.690674,0.705658]],[[0.954087,-0.104678,-0.280642],[0.227693,0.862217,0.452479],[0.194609,-0.495605,0.846465]],[[0.954087,-0.104678,-0.280642],[0.186759,0.940415,0.28415],[0.234175,-0.323516,0.916788]],[[0.954087,-0.104678,-0.280642],[0.152192,0.976404,0.153211],[0.257982,-0.188888,0.947506]]],"btipPosition":[-60.8254,325.766,-72.823],"carpPosition":[-31.0864,243.516,52.4328],"dipPosition":[-56.4654,322.574,-56.8098],"direction":[-0.234175,0.323516,-0.916788],"extended":true,"handId":363,"id":3631,"length":58.1698,"mcpPosition":[-42.5965,293.778,1.08083],"pipPosition":[-50.8667,314.839,-34.891],"stabilizedTipPosition":[-62.1801,321.593,-67.45],"timeVisible":19.2427,"tipPosition":[-60.2841,322.764,-69.521],"tipVelocity":[204.859,300.303,-158.84],"tool":false,"touchDistance":0.225091,"touchZone":"hovering","type":1,"width":19.133},{"bases":[[[0.90337,-0.300926,-0.305559],[0.428013,0.677439,0.598232],[0.0269742,-0.671208,0.740778]],[[0.903424,-0.302321,-0.304019],[0.132378,0.871124,-0.472883],[0.407801,0.386968,0.827015]],[[0.903424,-0.302321,-0.304019],[-0.390293,-0.286373,-0.875021],[0.177474,0.909171,-0.37671]],[[0.903424,-0.302321,-0.304019],[-0.411418,-0.81084,-0.416262],[-0.120666,0.50114,-0.856912]]],"btipPosition":[-43.33,237.058,-14.5206],"carpPosition":[-19.2765,244.075,49.5072],"dipPosition":[-45.573,246.373,-30.449],"direction":[-0.177474,-0.909171,0.37671],"extended":false,"handId":363,"id":3632,"length":66.2798,"mcpPosition":[-21.138,290.396,-1.61494],"pipPosition":[-40.581,271.947,-41.0451],"stabilizedTipPosition":[-48.8906,232.995,-12.1999],"timeVisible":19.2427,"tipPosition":[-43.6476,239.169,-17.6116],"tipVelocity":[140.238,184.204,-171.094],"tool":false,"touchDistance":0.333333,"touchZone":"none","type":2,"width":18.7912},{"bases":[[[0.86264,-0.446626,-0.237439],[0.492103,0.632466,0.598182],[-0.116991,-0.63286,0.765376]],[[0.856132,-0.476096,-0.200926],[0.29847,0.772983,-0.559833],[0.421847,0.41932,0.803876]],[[0.856132,-0.476096,-0.200926],[-0.382627,-0.322695,-0.865716],[0.347326,0.818047,-0.458437]],[[0.856132,-0.476096,-0.200926],[-0.515998,-0.76652,-0.382353],[0.0280228,0.431022,-0.901906]]],"btipPosition":[-29.4233,231.883,-7.9763],"carpPosition":[-7.99342,241.585,45.744],"dipPosition":[-28.9054,239.849,-24.6448],"direction":[-0.347326,-0.818047,0.458437],"extended":false,"handId":363,"id":3633,"length":63.7298,"mcpPosition":[-0.744557,280.797,-1.67932],"pipPosition":[-19.3881,262.265,-37.2067],"stabilizedTipPosition":[-33.1594,228.775,-7.36954],"timeVisible":19.2427,"tipPosition":[-29.1971,233.841,-11.8149],"tipVelocity":[136.737,179.19,-159.401],"tool":false,"touchDistance":0.333333,"touchZone":"none","type":3,"width":17.881},{"bases":[[[0.750054,-0.615192,-0.242811],[0.608002,0.496887,0.619223],[-0.260292,-0.61208,0.74673]],[[0.69907,-0.704763,-0.120875],[0.532353,0.625821,-0.570042],[0.477391,0.334151,0.812676]],[[0.69907,-0.704763,-0.120875],[-0.406217,-0.252305,-0.878254],[0.588463,0.663062,-0.462666]],[[0.69907,-0.704763,-0.120875],[-0.684389,-0.610489,-0.39864],[0.207154,0.361403,-0.909107]]],"btipPosition":[-15.6688,237.186,-7.31005],"carpPosition":[1.01569,232.756,39.4924],"dipPosition":[-12.1368,243.348,-22.8102],"direction":[-0.588463,-0.663062,0.462666],"extended":false,"handId":363,"id":3634,"length":49.963,"mcpPosition":[15.9451,267.863,-3.33733],"pipPosition":[-0.75202,256.176,-31.7613],"stabilizedTipPosition":[-18.1629,234.546,-7.53494],"timeVisible":19.2427,"tipPosition":[-14.7125,238.793,-11.095],"tipVelocity":[135.559,167.183,-137.105],"tool":false,"touchDistance":0.333333,"touchZone":"none","type":4,"width":15.8833}],"r":[[0.722841,-0.0319345,0.690276],[0.16666,0.9775,-0.