{"sensorType":"Leap","data":[[0,{"currentFrameRate":110.543,"devices":[],"gestures":[],"hands":[{"armBasis":[[0.908487,-0.202679,-0.365476],[0.307089,0.91692,0.254862],[0.283457,-0.343772,0.89525]],"armWidth":63.029,"confidence":0.812704,"direction":[0.0503277,0.789967,-0.61108],"elbow":[59.5145,123.285,289.531],"grabStrength":0,"id":363,"palmNormal":[-0.342108,-0.561204,-0.753666],"palmPosition":[-22.0376,256.756,16.3985],"palmVelocity":[226.977,164.503,-152.605],"palmWidth":90.0033,"pinchStrength":0.506643,"r":[[0.755901,-0.0893617,0.648559],[0.198338,0.975344,-0.0967764],[-0.62392,0.201787,0.754987]],"s":0.853963,"sphereCenter":[-40.541,247.174,-27.8078],"sphereRadius":46.1125,"stabilizedPalmPosition":[-28.6451,252.069,21.0569],"t":[174.202,-72.3737,-163.502],"timeVisible":24.8195,"type":"right","wrist":[-16.1889,215.097,50.4347]}],"id":1178669,"interactionBox":{"center":[0,200,0],"size":[235.247,235.247,147.751]},"pointables":[{"bases":[[[0.693385,0.556718,0.457474],[-0.621793,0.141454,0.770301],[0.364129,-0.81857,0.444246]],[[0.442823,0.874741,0.196817],[-0.657898,0.167863,0.73416],[0.609162,-0.454588,0.649824]],[[0.442823,0.874741,0.196817],[-0.86712,0.361978,0.342161],[0.228059,-0.322181,0.918797]],[[0.442823,0.874741,0.196817],[-0.896609,0.432081,0.0969447],[-0.000239387,-0.219397,0.975636]]],"btipPosition":[-84.2375,251.783,-34.3827],"carpPosition":[-46.4734,213.392,51.2762],"dipPosition":[-84.243,246.704,-11.797],"direction":[-0.228059,0.322181,-0.918797],"extended":false,"handId":363,"id":3630,"length":51.5512,"mcpPosition":[-46.4734,213.392,51.2762],"pipPosition":[-76.5515,235.838,19.1903],"stabilizedTipPosition":[-93.3788,244.817,-21.8886],"timeVisible":24.8195,"tipPosition":[-83.8842,251.015,-29.1814],"tipVelocity":[246.582,165.436,-180.434],"tool":false,"touchDistance":-0.515141,"touchZone":"hovering","type":0,"width":20.0304},{"bases":[[[0.933441,-0.110842,-0.341176],[0.322312,0.676667,0.661994],[0.157486,-0.727898,0.667355]],[[0.929167,-0.0924244,-0.357921],[0.254968,0.861302,0.439489],[0.267658,-0.499617,0.823858]],[[0.929167,-0.0924244,-0.357921],[0.187426,0.952346,0.240641],[0.318623,-0.290679,0.902211]],[[0.929167,-0.0924244,-0.357921],[0.132332,0.987237,0.0886059],[0.345163,-0.129694,0.929539]]],"btipPosition":[-68.1243,313.981,-63.4011],"carpPosition":[-31.8381,230.637,57.4544],"dipPosition":[-62.2909,311.789,-47.6916],"direction":[-0.318623,0.290679,-0.902211],"extended":true,"handId":363,"id":3631,"length":58.1698,"mcpPosition":[-43.2986,283.608,8.88982],"pipPosition":[-54.6732,304.84,-26.1213],"stabilizedTipPosition":[-70.5782,309.318,-58.1561],"timeVisible":24.8195,"tipPosition":[-67.2863,311.031,-60.0762],"tipVelocity":[314.303,315.486,-154.052],"tool":false,"touchDistance":0.274947,"touchZone":"hovering","type":1,"width":19.133},{"bases":[[[0.877421,-0.321885,-0.355699],[0.478861,0.632041,0.609275],[0.0286995,-0.704921,0.708705]],[[0.876889,-0.311212,-0.366351],[0.164549,0.910425,-0.379538],[0.451652,0.27253,0.849551]],[[0.876889,-0.311212,-0.366351],[-0.435274,-0.190688,-0.879872],[0.203968,0.931013,-0.302675]],[[0.876889,-0.311212,-0.366351],[-0.457719,-0.773385,-0.438599],[-0.146833,0.552288,-0.82062]]],"btipPosition":[-46.6626,230.066,-11.5763],"carpPosition":[-20.1404,230.865,54.0695],"dipPosition":[-49.392,240.332,-26.8302],"direction":[-0.203968,-0.931013,0.302675],"extended":false,"handId":363,"id":3632,"length":66.2798,"mcpPosition":[-22.121,279.513,5.1608],"pipPosition":[-43.6547,266.519,-35.3439],"stabilizedTipPosition":[-53.9125,228.187,-10.5112],"timeVisible":24.8195,"tipPosition":[-47.2438,232.223,-14.7504],"tipVelocity":[241.703,157.579,-158.002],"tool":false,"touchDistance":0.333333,"touchZone":"none","type":2,"width":18.7912},{"bases":[[[0.83347,-0.468836,-0.292441],[0.540996,0.584635,0.604587],[-0.112481,-0.662114,0.740914]],[[0.826838,-0.50121,-0.255201],[0.345603,0.81073,-0.47252],[0.443731,0.302499,0.843562]],[[0.826838,-0.50121,-0.255201],[-0.407066,-0.220167,-0.886467],[0.388119,0.836849,-0.386068]],[[0.826838,-0.50121,-0.255201],[-0.562026,-0.718877,-0.409075],[0.0215736,0.481668,-0.876088]]],"btipPosition":[-32.8024,223.931,-6.68284],"carpPosition":[-9.12722,228.108,49.7358],"dipPosition":[-32.4037,232.833,-22.8742],"direction":[-0.388119,-0.836849,0.386068],"extended":false,"handId":363,"id":3633,"length":63.7298,"mcpPosition":[-2.15784,269.133,3.82827],"pipPosition":[-21.7686,255.764,-33.453],"stabilizedTipPosition":[-37.9207,222.757,-7.27986],"timeVisible":24.8195,"tipPosition":[-32.6722,226.069,-10.4904],"tipVelocity":[235.519,147.641,-137.225],"tool":false,"touchDistance":0.333333,"touchZone":"none","type":3,"width":17.881},{"bases":[[[0.713927,-0.632428,-0.300571],[0.651968,0.443789,0.614808],[-0.255432,-0.634891,0.729155]],[[0.653197,-0.740483,-0.158172],[0.583847,0.625564,-0.517487],[0.482137,0.245672,0.840945]],[[0.653197,-0.740483,-0.158172],[-0.416586,-0.177007,-0.891697],[0.632289,0.648347,-0.424096]],[[0.653197,-0.740483,-0.158172],[-0.727043,-0.555,-0.404207],[0.211522,0.379025,-0.900888]]],"btipPosition":[-18.7949,228.044,-4.93637],"carpPosition":[-0.743339,219.228,42.7332],"dipPosition":[-15.1885,234.507,-20.2964],"direction":[-0.632289,-0.648347,0.424096],"extended":false,"handId":363,"id":3634,"length":49.963,"mcpPosition":[13.9073,255.643,0.911439],"pipPosition":[-2.9558,247.05,-28.5013],"stabilizedTipPosition":[-21.7206,227.563,-7.3558],"timeVisible":24.8195,"tipPosition":[-17.6594,229.995,-9.27908],"tipVelocity":[224.758,119.427,-72.5693],"tool":false,"touchDistance":0.333333,"touchZone":"none","type":4,"width":15.8833}],"r":[[0.755901,-0.0893617,0.648559],[0.198338,0.975344,-0.0967764],[-0.62392,0.201787,0.754987]],"s":0.853963,"t":[174.202,-72.3737,-163.502],"timestamp":15434261731},false],[1,{"currentFrameRate":110.427,"devices":[],"gestures":[],"hands":[{"armBasis":[[0.908885,-0.204742,-0.363331],[0.308545,0.916248,0.255519],[0.280586,-0.344341,0.895936]],"armWidth":63.029,"confidence":0.817411,"direction":[0.0500354,0.785535,-0.616791],"elbow":[60.7101,124.487,288.915],"grabStrength":0,"id":363,"palmNormal":[-0.342564,-0.566603,-0.749407],"palmPosition":[-20.0916,257.864,15.3027],"palmVelocity":[222.236,151.886,-142.96],"palmWidth":90.0033,"pinchStrength":0.5042,"r":[[0.752657,-0.0883421,0.652459],[0.200396,0.97468,-0.0992002],[-0.627175,0.205414,0.751303]],"s":0.860617,"sphereCenter":[-38.787,248.222,-28.6575],"sphereRadius":46.121,"stabilizedPalmPosition":[-25.7877,254.005,19.1346],"t":[176.168,-71.0582,-164.66],"timeVisible":24.8288,"type":"right","wrist":[-14.2266,216.451,49.6353]}],"id":1178670,"interactionBox":{"center":[0,200,0],"size":[235.247,235.247,147.751]},"pointables":[{"bases":[[[0.693675,0.559958,0.453059],[-0.621354,0.147049,0.769607],[0.364326,-0.815368,0.449936]],[[0.443519,0.87573,0.190757],[-0.656642,0.172638,0.734178],[0.610009,-0.450881,0.651609]],[[0.443519,0.87573,0.190757],[-0.866792,0.364975,0.339802],[0.227953,-0.316055,0.920949]],[[0.443519,0.87573,0.190757],[-0.896265,0.433503,0.0937291],[-0.000612185,-0.212539,0.977152]]],"btipPosition":[-82.3044,252.597,-35.3488],"carpPosition":[-44.5106,214.754,50.506],"dipPosition":[-82.3186,247.677,-12.7279],"direction":[-0.227953,0.316055,-0.920949],"extended":false,"handId":363,"id":3630,"length":51.5512,"mcpPosition":[-44.5106,214.754,50.506],"pipPosition":[-74.6306,237.017,18.3319],"stabilizedTipPosition":[-90.3896,246.612,-24.1182],"timeVisible":24.8288,"tipPosition":[-81.9715,251.824,-30.1639],"tipVelocity":[235.875,144.733,-158.775],"tool":false,"touchDistance":-0.506329,"touchZone":"hovering","type":0,"width":20.0304},{"bases":[[[0.933244,-0.113362,-0.340888],[0.322724,0.681404,0.656916],[0.157813,-0.723076,0.6725]],[[0.929233,-0.0961592,-0.356762],[0.257662,0.860681,0.439133],[0.264832,-0.499981,0.82455]],[[0.929233,-0.0961592,-0.356762],[0.192739,0.949919,0.24598],[0.315242,-0.297335,0.90123]],[[0.929233,-0.0961592,-0.356762],[0.13957,0.985357,0.0979421],[0.34212,-0.140804,0.929047]]],"btipPosition":[-65.9285,315.398,-64.6761],"carpPosition":[-29.8709,232.043,56.5515],"dipPosition":[-60.1465,313.019,-48.975],"direction":[-0.315242,0.297335,-0.90123],"extended":true,"handId":363,"id":3631,"length":58.1698,"mcpPosition":[-41.3552,284.663,7.61242],"pipPosition":[-52.6096,305.91,-27.4281],"stabilizedTipPosition":[-67.6928,311.988,-59.5597],"timeVisible":24.8288,"tipPosition":[-65.1117,312.505,-61.3505],"tipVelocity":[292.228,268.469,-149.504],"tool":false,"touchDistance":0.274983,"touchZone":"hovering","type":1,"width":19.133},{"bases":[[[0.877203,-0.324501,-0.353857],[0.47924,0.636388,0.604433],[0.0290515,-0.699792,0.713755]],[[0.876666,-0.313931,-0.36456],[0.162762,0.906614,-0.389307],[0.452731,0.281956,0.845894]],[[0.876666,-0.313931,-0.36456],[-0.436208,-0.199049,-0.877555],[0.202926,0.928346,-0.311438]],[[0.876666,-0.313931,-0.36456],[-0.458011,-0.776524,-0.432708],[-0.147249,0.546313,-0.824536]]],"btipPosition":[-44.7359,230.829,-12.3423],"carpPosition":[-18.175,232.246,53.1585],"dipPosition":[-47.473,240.984,-27.6689],"direction":[-0.202926,-0.928346,0.311438],"extended":false,"handId":363,"id":3632,"length":66.2798,"mcpPosition":[-20.1799,280.539,3.90121],"pipPosition":[-41.765,267.096,-36.4291],"stabilizedTipPosition":[-51.0642,229.846,-12.2962],"timeVisible":24.8288,"tipPosition":[-45.3202,233.031,-15.598],"tipVelocity":[232.182,135.655,-137.329],"tool":false,"touchDistance":0.333333,"touchZone":"none","type":2,"width":18.7912},{"bases":[[[0.833277,-0.470988,-0.289516],[0.54137,0.588946,0.600051],[-0.112108,-0.656744,0.745734]],[[0.826664,-0.503095,-0.252037],[0.345399,0.807279,-0.478539],[0.444215,0.308537,0.841117]],[[0.826664,-0.503095,-0.252037],[-0.407567,-0.226519,-0.884634],[0.387964,0.834017,-0.3923]],[[0.826664,-0.503095,-0.252037],[-0.5623,-0.721768,-0.403571],[0.0211227,0.475338,-0.87955]]],"btipPosition":[-30.8715,224.875,-7.53584],"carpPosition":[-7.16442,229.457,48.8387],"dipPosition":[-30.4811,233.66,-23.7911],"direction":[-0.387964,-0.834017,0.3923],"extended":false,"handId":363,"id":3633,"length":63.7298,"mcpPosition":[-0.218134,270.149,2.63246],"pipPosition":[-19.8502,256.513,-34.5408],"stabilizedTipPosition":[-35.2325,224.315,-8.78405],"timeVisible":24.8288,"tipPosition":[-30.7433,226.984,-11.3583],"tipVelocity":[227.861,133.951,-124.98],"tool":false,"touchDistance":0.333333,"touchZone":"none","type":3,"width":17.881},{"bases":[[[0.71372,-0.634627,-0.296399],[0.652339,0.448169,0.611227],[-0.255064,-0.629598,0.733859]],[[0.654248,-0.740103,-0.155589],[0.576624,0.621276,-0.530585],[0.489351,0.257418,0.83323]],[[0.654248,-0.740103,-0.155589],[-0.423658,-0.188242,-0.886047],[0.626477,0.645611,-0.436707]],[[0.654248,-0.740103,-0.155589],[-0.727712,-0.560057,-0.395943],[0.205899,0.372268,-0.904998]]],"btipPosition":[-16.9017,228.796,-5.45982],"carpPosition":[1.215,220.525,41.8956],"dipPosition":[-13.3911,235.143,-20.8899],"direction":[-0.626477,-0.645611,0.436707],"extended":false,"handId":363,"id":3634,"length":49.963,"mcpPosition":[15.8446,256.637,-0.195933],"pipPosition":[-1.27087,247.633,-29.3388],"stabilizedTipPosition":[-19.1876,228.775,-8.09996],"timeVisible":24.8288,"tipPosition":[-15.7971,230.733,-9.85189],"tipVelocity":[218.371,107.849,-68.5448],"tool":false,"touchDistance":0.333333,"touchZone":"none","type":4,"width":15.8833}],"r":[[0.752657,-0.0883421,0.652459],[0.200396,0.97468,-0.0992002],[-0.627175,0.205414,0.751303]],"s":0.860617,"t":[176.168,-71.0582,-164.66],"timestamp":15434270992},false],[2,{"currentFrameRate":110.547,"devices":[],"gestures":[],"hands":[{"armBasis":[[0.909198,-0.208408,-0.360452],[0.312116,0.914132,0.258739],[0.275577,-0.347748,0.896175]],"armWidth":63.029,"confidence":0.818238,"direction":[0.0550998,0.785072,-0.616949],"elbow":[60.9341,124.929,287.584],"grabStrength":0,"id":363,"palmNormal":[-0.342816,-0.565453,-0.75016],"palmPosition":[-18.2577,259.227,13.8752],"palmVelocity":[218.279,152.52,-147.995],"palmWidth":90.0033,"pinchStrength":0.501201,"r":[[0.749603,-0.0880932,0.655999],[0.202927,0.973962,-0.101091],[-0.630013,0.208898,0.747961]],"s":0.866913,"sphereCenter":[-37.1221,249.942,-29.9332],"sphereRadius":46.1427,"stabilizedPalmPosition":[-23.2533,255.763,17.3644],"t":[178.068,-69.7192,-165.953],"timeVisible":24.8376,"type":"right","wrist":[-12.6649,217.803,48.2404]}],"id":1178671,"interactionBox":{"center":[0,200,0],"size":[235.247,235.247,147.751]},"pointables":[{"bases":[[[0.694738,0.55721,0.454814],[-0.622915,0.149972,0.767779],[0.359605,-0.816716,0.451286]],[[0.447422,0.873381,0.192404],[-0.656834,0.174907,0.733469],[0.606945,-0.454547,0.651924]],[[0.447422,0.873381,0.192404],[-0.865924,0.369285,0.337348],[0.223581,-0.317544,0.921508]],[[0.447422,0.873381,0.192404],[-0.894322,0.437288,0.0946981],[-0.00142832,-0.214441,0.976736]]],"btipPosition":[-80.4343,254.352,-36.854],"carpPosition":[-42.9582,216.234,49.0255],"dipPosition":[-80.4674,249.388,-14.2427],"direction":[-0.223581,0.317544,-0.921508],"extended":false,"handId":363,"id":3630,"length":51.5512,"mcpPosition":[-42.9582,216.234,49.0255],"pipPosition":[-72.9269,238.678,16.836],"stabilizedTipPosition":[-87.6506,248.429,-26.1928],"timeVisible":24.8376,"tipPosition":[-80.0963,253.496,-31.7031],"tipVelocity":[229.205,159.001,-161.981],"tool":false,"touchDistance":-0.506641,"touchZone":"hovering","type":0,"width":20.0304},{"bases":[[[0.933724,-0.117429,-0.338187],[0.323724,0.680299,0.657568],[0.152851,-0.723466,0.673226]],[[0.930076,-0.101237,-0.353143],[0.262519,0.855608,0.446116],[0.256989,-0.507628,0.822357]],[[0.930076,-0.101237,-0.353143],[0.201197,0.944667,0.259082],[0.307374,-0.312017,0.898981]],[[0.930076,-0.101237,-0.353143],[0.150594,0.981867,0.115144],[0.335083,-0.160274,0.928457]]],"btipPosition":[-63.3191,317.852,-66.0175],"carpPosition":[-28.263,233.463,55.106],"dipPosition":[-57.6561,315.144,-50.3263],"direction":[-0.307374,0.312017,-0.898981],"extended":true,"handId":363,"id":3631,"length":58.1698,"mcpPosition":[-39.3862,286.111,6.11413],"pipPosition":[-50.3073,307.684,-28.8332],"stabilizedTipPosition":[-64.9243,314.544,-60.9492],"timeVisible":24.8376,"tipPosition":[-62.5556,314.925,-62.7198],"tipVelocity":[292.24,268.668,-150.205],"tool":false,"touchDistance":0.274185,"touchZone":"hovering","type":1,"width":19.133},{"bases":[[[0.87683,-0.328335,-0.351234],[0.480197,0.634604,0.605548],[0.0240717,-0.699624,0.714105]],[[0.876367,-0.317733,-0.361977],[0.166964,0.905352,-0.390462],[0.451779,0.28175,0.84647]],[[0.876367,-0.317733,-0.361977],[-0.434671,-0.198016,-0.87855],[0.207467,0.927273,-0.311644]],[[0.876367,-0.317733,-0.361977],[-0.460122,-0.77444,-0.434201],[-0.14237,0.547073,-0.824889]]],"btipPosition":[-42.947,232.213,-13.7938],"carpPosition":[-16.5568,233.616,51.7462],"dipPosition":[-45.5934,242.382,-29.1271],"direction":[-0.207467,-0.927273,0.311644],"extended":false,"handId":363,"id":3632,"length":66.2798,"mcpPosition":[-18.218,281.898,2.46479],"pipPosition":[-39.7578,268.464,-37.893],"stabilizedTipPosition":[-48.5454,231.424,-13.9816],"timeVisible":24.8376,"tipPosition":[-43.51,234.451,-17.0758],"tipVelocity":[224.796,141.432,-144.67],"tool":false,"touchDistance":0.333333,"touchZone":"none","type":2,"width":18.7912},{"bases":[[[0.832105,-0.47461,-0.286962],[0.542139,0.586898,0.601362],[-0.116995,-0.655969,0.745665]],[[0.825236,-0.506727,-0.249425],[0.345621,0.802368,-0.486571],[0.44669,0.315329,0.837279]],[[0.825236,-0.506727,-0.249425],[-0.409615,-0.232929,-0.88202],[0.388845,0.830043,-0.399784]],[[0.825236,-0.506727,-0.249425],[-0.564322,-0.72186,-0.400573],[0.0229309,0.471323,-0.881662]]],"btipPosition":[-29.117,226.031,-8.49767],"carpPosition":[-5.54581,230.778,47.4588],"dipPosition":[-28.6932,234.742,-24.792],"direction":[-0.388845,-0.830043,0.399784],"extended":false,"handId":363,"id":3633,"length":63.7298,"mcpPosition":[1.70331,271.422,1.25686],"pipPosition":[-18.0382,257.486,-35.7468],"stabilizedTipPosition":[-32.8573,225.737,-10.1073],"timeVisible":24.8376,"tipPosition":[-28.9732,228.213,-12.4858],"tipVelocity":[220.189,132.608,-120.903],"tool":false,"touchDistance":0.333333,"touchZone":"none","type":3,"width":17.881},{"bases":[[[0.711879,-0.637747,-0.294122],[0.652481,0.44566,0.612908],[-0.259802,-0.628225,0.733373]],[[0.651671,-0.742774,-0.153658],[0.580455,0.618766,-0.52934],[0.488259,0.255764,0.834379]],[[0.651671,-0.742774,-0.153658],[-0.422071,-0.186786,-0.887112],[0.630223,0.64296,-0.435226]],[[0.651671,-0.742774,-0.153658],[-0.72888,-0.557177,-0.397854],[0.209901,0.371268,-0.90449]]],"btipPosition":[-15.1318,230.127,-6.862],"carpPosition":[2.81561,221.809,40.5431],"dipPosition":[-11.5531,236.457,-22.2834],"direction":[-0.630223,-0.64296,0.435226],"extended":false,"handId":363,"id":3634,"length":49.963,"mcpPosition":[17.7169,257.842,-1.5206],"pipPosition":[0.63967,248.896,-30.7036],"stabilizedTipPosition":[-16.965,230.054,-9.15185],"timeVisible":24.8376,"tipPosition":[-14.0133,232.052,-11.235],"tipVelocity":[213.979,119.304,-92.8572],"tool":false,"touchDistance":0.333333,"touchZone":"none","type":4,"width":15.8833}],"r":[[0.749603,-0.0880932,0.655999],[0.202927,0.973962,-0.101091],[-0.630013,0.208898,0.747961]],"s":0.866913,"t":[178.068,-69.7192,-165.953],"timestamp":15434279826},false],[3,{"currentFrameRate":110.49,"devices":[],"gestures":[],"hands":[{"armBasis":[[0.912117,-0.209462,-0.352374],[0.310044,0.914837,0.25874],[0.268169,-0.345253,0.899381]],"armWidth":63.029,"confidence":0.822225,"direction":[0.0555525,0.785474,-0.616397],"elbow":[60.8527,127.045,287.24],"grabStrength":0,"id":363,"palmNormal":[-0.34021,-0.565516,-0.751298],"palmPosition":[-16.3322,260.687,12.6831],"palmVelocity":[216.09,154.491,-143.061],"palmWidth":90.0033,"pinchStrength":0.499583,"r":[[0.746849,-0.0877491,0.659179],[0.204744,0.973446,-0.10239],[-0.63269,0.211433,0.744983]],"s":0.872253,"sphereCenter":[-35.1875,251.553,-31.0741],"sphereRadius":46.1578,"stabilizedPalmPosition":[-20.6697,257.601,15.6169],"t":[179.98,-68.3194,-167.196],"timeVisible":24.8468,"type":"right","wrist":[-10.7678,219.252,47.0399]}],"id":1178672,"interactionBox":{"center":[0,200,0],"size":[235.247,235.247,147.751]},"pointables":[{"bases":[[[0.692866,0.557905,0.456813],[-0.624999,0.148722,0.766327],[0.3596,-0.81647,0.451735]],[[0.446336,0.873471,0.194506],[-0.6583,0.173261,0.732545],[0.606156,-0.455005,0.652339]],[[0.446336,0.873471,0.194506],[-0.867202,0.368569,0.33484],[0.220784,-0.318127,0.921981]],[[0.446336,0.873471,0.194506],[-0.894864,0.43602,0.0954199],[-0.00146205,-0.216646,0.976249]]],"btipPosition":[-78.4028,255.854,-38.1548],"carpPosition":[-41.0608,217.643,47.7499],"dipPosition":[-78.4366,250.838,-15.5548],"direction":[-0.220784,0.318127,-0.921981],"extended":false,"handId":363,"id":3630,"length":51.5512,"mcpPosition":[-41.0608,217.643,47.7499],"pipPosition":[-70.9905,240.109,15.5398],"stabilizedTipPosition":[-84.8689,250.317,-28.2292],"timeVisible":24.8468,"tipPosition":[-78.0755,254.939,-33.019],"tipVelocity":[227.194,160.067,-156.538],"tool":false,"touchDistance":-0.503861,"touchZone":"hovering","type":0,"width":20.0304},{"bases":[[[0.934708,-0.115989,-0.335957],[0.321189,0.680385,0.658721],[0.152176,-0.723618,0.673216]],[[0.931297,-0.100727,-0.350056],[0.261749,0.853383,0.450804],[0.253324,-0.51146,0.821119]],[[0.931297,-0.100727,-0.350056],[0.202552,0.941933,0.267835],[0.302751,-0.320339,0.897622]],[[0.931297,-0.100727,-0.350056],[0.153609,0.979978,0.12668],[0.330287,-0.171749,0.928123]]],"btipPosition":[-61.0635,319.844,-67.1565],"carpPosition":[-26.4038,234.888,53.8755],"dipPosition":[-55.4815,316.941,-51.4709],"direction":[-0.302751,0.320339,-0.897622],"extended":true,"handId":363,"id":3631,"length":58.1698,"mcpPosition":[-37.4779,287.547,4.88435],"pipPosition":[-48.2433,309.283,-30.0103],"stabilizedTipPosition":[-62.249,316.953,-62.3011],"timeVisible":24.8468,"tipPosition":[-60.3188,316.966,-63.8649],"tipVelocity":[278.933,253.104,-143.078],"tool":false,"touchDistance":0.274594,"touchZone":"hovering","type":1,"width":19.133},{"bases":[[[0.878132,-0.326964,-0.349254],[0.477852,0.634929,0.607061],[0.0232648,-0.699971,0.713792]],[[0.877678,-0.316297,-0.360053],[0.166088,0.905468,-0.390567],[0.449552,0.282991,0.847242]],[[0.877678,-0.316297,-0.360053],[-0.43239,-0.198602,-0.879543],[0.206689,0.927639,-0.311072]],[[0.877678,-0.316297,-0.360053],[-0.458033,-0.774675,-0.435986],[-0.141023,0.547572,-0.82479]]],"btipPosition":[-40.9211,233.601,-15.0286],"carpPosition":[-14.6896,235.058,50.5446],"dipPosition":[-43.5425,243.779,-30.36],"direction":[-0.206689,-0.927639,0.311072],"extended":false,"handId":363,"id":3632,"length":66.2798,"mcpPosition":[-16.2951,283.364,1.28475],"pipPosition":[-37.7287,269.872,-39.1098],"stabilizedTipPosition":[-46.0124,233.054,-15.6314],"timeVisible":24.8468,"tipPosition":[-41.4787,235.865,-18.3315],"tipVelocity":[224.023,144.346,-141.945],"tool":false,"touchDistance":0.333333,"touchZone":"none","type":2,"width":18.7912},{"bases":[[[0.833447,-0.473334,-0.28517],[0.539868,0.587309,0.603001],[-0.117938,-0.656523,0.745029]],[[0.826531,-0.505474,-0.247674],[0.342901,0.801082,-0.490598],[0.446392,0.320567,0.835447]],[[0.826531,-0.505474,-0.247674],[-0.409141,-0.237298,-0.881075],[0.386588,0.829569,-0.402944]],[[0.826531,-0.505474,-0.247674],[-0.562412,-0.723433,-0.400422],[0.023228,0.470256,-0.882224]]],"btipPosition":[-27.1075,227.327,-9.45643],"carpPosition":[-3.66429,232.238,46.2827],"dipPosition":[-26.6782,236.018,-25.7612],"direction":[-0.386588,-0.829569,0.402944],"extended":false,"handId":363,"id":3633,"length":63.7298,"mcpPosition":[3.64325,272.917,0.120176],"pipPosition":[-16.0851,258.749,-36.8025],"stabilizedTipPosition":[-30.4341,227.224,-11.3914],"timeVisible":24.8468,"tipPosition":[-26.9565,229.552,-13.5227],"tipVelocity":[220.061,134.962,-116.483],"tool":false,"touchDistance":0.333333,"touchZone":"none","type":3,"width":17.881},{"bases":[[[0.71346,-0.636628,-0.292711],[0.650372,0.446214,0.614743],[-0.260751,-0.628966,0.732401]],[[0.653089,-0.741761,-0.152531],[0.581229,0.620101,-0.526923],[0.485435,0.255473,0.836114]],[[0.653089,-0.741761,-0.152531],[-0.419051,-0.186219,-0.888661],[0.63077,0.644293,-0.432453]],[[0.653089,-0.741761,-0.152531],[-0.726964,-0.557674,-0.400653],[0.212126,0.372547,-0.903444]]],"btipPosition":[-13.1166,231.607,-8.09871],"carpPosition":[4.72619,223.284,39.3827],"dipPosition":[-9.49986,237.959,-23.5023],"direction":[-0.63077,-0.644293,0.432453],"extended":false,"handId":363,"id":3634,"length":49.963,"mcpPosition":[19.6819,259.359,-2.62515],"pipPosition":[2.70346,250.424,-31.8689],"stabilizedTipPosition":[-14.6949,231.516,-10.3594],"timeVisible":24.8468,"tipPosition":[-11.9963,233.523,-12.4306],"tipVelocity":[215.983,131.267,-104.509],"tool":false,"touchDistance":0.333333,"touchZone":"none","type":4,"width":15.8833}],"r":[[0.746849,-0.0877491,0.659179],[0.204744,0.973446,-0.10239],[-0.63269,0.211433,0.744983]],"s":0.872253,"t":[179.98,-68.3194,-167.196],"timestamp":15434288977},false],[4,{"currentFrameRate":110.536,"devices":[],"gestures":[],"hands":[{"armBasis":[[0.913894,-0.209384,-0.347787],[0.306941,0.917089,0.25443],[0.265678,-0.339272,0.902391]],"armWidth":63.029,"confidence":0.793549,"direction":[0.0619827,0.78788,-0.612702],"elbow":[61.4797,130.03,286.709],"grabStrength":0,"id":363,"palmNormal":[-0.333901,-0.562141,-0.756642],"palmPosition":[-14.6836,262.218,11.4662],"palmVelocity":[207.278,158.946,-141.055],"palmWidth":90.0033,"pinchStrength":0.49852,"r":[[0.743407,-0.0881507,0.663005],[0.206589,0.973069,-0.102266],[-0.636135,0.212995,0.741597]],"s":0.87692,"sphereCenter":[-33.2717,253.462,-32.4057],"sphereRadius":46.1861,"stabilizedPalmPosition":[-18.3992,259.352,14.0426],"t":[181.761,-66.8541,-168.425],"timeVisible":24.8557,"type":"right","wrist":[-9.47559,220.64,45.7057]}],"id":1178673,"interactionBox":{"center":[0,200,0],"size":[235.247,235.247,147.751]},"pointables":[{"bases":[[[0.689227,0.55534,0.465363],[-0.631828,0.146306,0.761176],[0.354626,-0.818652,0.451718]],[[0.445815,0.871927,0.202463],[-0.664129,0.170547,0.727906],[0.600152,-0.458973,0.655104]],[[0.445815,0.871927,0.202463],[-0.869813,0.368575,0.32799],[0.211361,-0.322328,0.92273]],[[0.445815,0.871927,0.202463],[-0.895071,0.43673,0.0900878],[-0.00987178,-0.221381,0.975137]]],"btipPosition":[-76.3085,257.718,-39.9084],"carpPosition":[-39.7754,219.059,46.1324],"dipPosition":[-76.537,252.593,-17.3341],"direction":[-0.211361,0.322328,-0.92273],"extended":false,"handId":363,"id":3630,"length":51.5512,"mcpPosition":[-39.7754,219.059,46.1324],"pipPosition":[-69.4087,241.722,13.7857],"stabilizedTipPosition":[-82.2378,252.241,-30.2354],"timeVisible":24.8557,"tipPosition":[-76.0332,256.746,-34.7893],"tipVelocity":[227.583,172.393,-167.41],"tool":false,"touchDistance":-0.508201,"touchZone":"hovering","type":0,"width":20.0304},{"bases":[[[0.937622,-0.115624,-0.327865],[0.315845,0.677401,0.664357],[0.14528,-0.72647,0.671666]],[[0.934638,-0.101556,-0.34079],[0.260508,0.84787,0.461792],[0.242048,-0.520387,0.818908]],[[0.934638,-0.101556,-0.34079],[0.205413,0.936476,0.284285],[0.290271,-0.335706,0.896127]],[[0.934638,-0.101556,-0.34079],[0.159591,0.976211,0.146776],[0.317777,-0.191569,0.928611]]],"btipPosition":[-58.3265,322.51,-68.3369],"carpPosition":[-25.1575,236.265,52.4609],"dipPosition":[-52.9559,319.272,-52.643],"direction":[-0.290271,0.335706,-0.896127],"extended":true,"handId":363,"id":3631,"length":58.1698,"mcpPosition":[-35.7299,289.132,3.58259],"pipPosition":[-46.016,311.246,-31.2181],"stabilizedTipPosition":[-59.5003,319.518,-63.594],"timeVisible":24.8557,"tipPosition":[-57.6516,319.593,-65.0725],"tipVelocity":[284.665,262.868,-139.895],"tool":false,"touchDistance":0.275437,"touchZone":"hovering","type":1,"width":19.133},{"bases":[[[0.880956,-0.326485,-0.342527],[0.472927,0.631987,0.613948],[0.0160277,-0.702851,0.711156]],[[0.880608,-0.315714,-0.353346],[0.17005,0.906589,-0.386238],[0.44228,0.280038,0.852037]],[[0.880608,-0.315714,-0.353346],[-0.424624,-0.194842,-0.884156],[0.210294,0.928634,-0.305639]],[[0.880608,-0.315714,-0.353346],[-0.454868,-0.772155,-0.443702],[-0.132755,0.551453,-0.823575]]],"btipPosition":[-39.0537,235.218,-16.5574],"carpPosition":[-13.4132,236.436,49.2378],"dipPosition":[-41.5214,245.468,-31.8662],"direction":[-0.210294,-0.928634,0.305639],"extended":false,"handId":363,"id":3632,"length":66.2798,"mcpPosition":[-14.5193,284.941,0.159922],"pipPosition":[-35.6062,271.589,-40.4633],"stabilizedTipPosition":[-43.6707,234.711,-17.2608],"timeVisible":24.8557,"tipPosition":[-39.5766,237.519,-19.8706],"tipVelocity":[220.799,154.713,-149.61],"tool":false,"touchDistance":0.333333,"touchZone":"none","type":2,"width":18.7912},{"bases":[[[0.835538,-0.473063,-0.279442],[0.534929,0.584319,0.610264],[-0.125411,-0.65938,0.741276]],[[0.828257,-0.505308,-0.242186],[0.34778,0.802451,-0.484894],[0.439363,0.317389,0.840372]],[[0.828257,-0.505308,-0.242186],[-0.401491,-0.233657,-0.885556],[0.390891,0.830703,-0.396404]],[[0.828257,-0.505308,-0.242186],[-0.559446,-0.721186,-0.408548],[0.0317818,0.473872,-0.88002]]],"btipPosition":[-25.2978,228.929,-10.8786],"carpPosition":[-2.3523,233.621,45.0656],"dipPosition":[-24.7105,237.687,-27.1426],"direction":[-0.390891,-0.830703,0.396404],"extended":false,"handId":363,"id":3633,"length":63.7298,"mcpPosition":[5.41824,274.477,-0.864381],"pipPosition":[-13.9994,260.45,-38.0047],"stabilizedTipPosition":[-28.2004,228.8,-12.7592],"timeVisible":24.8557,"tipPosition":[-25.1061,231.175,-14.9337],"tipVelocity":[216.189,147.421,-127.733],"tool":false,"touchDistance":0.333333,"touchZone":"none","type":3,"width":17.881},{"bases":[[[0.715459,-0.6362,-0.288735],[0.645178,0.443061,0.622448],[-0.268074,-0.631622,0.727454]],[[0.653636,-0.741915,-0.149406],[0.587847,0.622051,-0.517193],[0.476651,0.250228,0.842727]],[[0.653636,-0.741915,-0.149406],[-0.409388,-0.180581,-0.894311],[0.636523,0.645718,-0.421766]],[[0.653636,-0.741915,-0.149406],[-0.723441,-0.554547,-0.411231],[0.222246,0.376882,-0.899203]]],"btipPosition":[-11.3076,233.243,-9.50144],"carpPosition":[6.09181,224.686,38.2067],"dipPosition":[-7.51829,239.669,-24.8328],"direction":[-0.636523,-0.645718,0.421766],"extended":false,"handId":363,"id":3634,"length":49.963,"mcpPosition":[21.4676,260.913,-3.5175],"pipPosition":[4.79633,252.161,-32.9925],"stabilizedTipPosition":[-12.6087,233.086,-11.6665],"timeVisible":24.8557,"tipPosition":[-10.1547,235.148,-13.7401],"tipVelocity":[213.31,145.815,-118.221],"tool":false,"touchDistance":0.333333,"touchZone":"none","type":4,"width":15.8833}],"r":[[0.743407,-0.0881507,0.663005],[0.206589,0.973069,-0.102266],[-0.636135,0.212995,0.741597]],"s":0.87692,"t":[181.761,-66.8541,-168.425],"timestamp":15434297942},false],[5,{"currentFrameRate":110.485,"devices":[],"gestures":[],"hands":[{"armBasis":[[0.915624,-0.203881,-0.346505],[0.303793,0.915387,0.264152],[0.263331,-0.34713,0.900088]],"armWidth":63.029,"confidence":0.742662,"direction":[0.0674225,0.791411,-0.607555],"elbow":[62.0208,130.283,283.97],"grabStrength":0,"id":363,"palmNormal":[-0.325828,-0.558089,-0.763134],"palmPosition":[-13.209,264.76,9.5291],"palmVelocity":[194.483,192.076,-160.766],"palmWidth":90.0033,"pinchStrength":0.496783,"r":[[0.739319,-0.0890995,0.667434],[0.208103,0.972916,-0.100637],[-0.640391,0.213298,0.737837]],"s":0.881979,"sphereCenter":[-31.6353,256.607,-34.3434],"sphereRadius":46.2193,"stabilizedPalmPosition":[-16.3707,261.466,12.2785],"t":[183.388,-64.8506,-170.009],"timeVisible":24.8649,"type":"right","wrist":[-8.30759,222.991,43.5817]}],"id":1178674,"interactionBox":{"center":[0,200,0],"size":[235.247,235.247,147.751]},"pointables":[{"bases":[[[0.684055,0.553238,0.475391],[-0.639536,0.14145,0.755636],[0.350802,-0.820926,0.450575]],[[0.443193,0.870983,0.212057],[-0.670933,0.165412,0.722834],[0.594499,-0.462631,0.65768]],[[0.443193,0.870983,0.212057],[-0.873369,0.366232,0.321093],[0.202004,-0.32751,0.923001]],[[0.443193,0.870983,0.212057],[-0.896227,0.435499,0.0843621],[-0.0188726,-0.22744,0.973609]]],"btipPosition":[-74.3388,260.537,-42.4456],"carpPosition":[-38.6088,221.384,43.6961],"dipPosition":[-74.7757,255.272,-19.9067],"direction":[-0.202004,0.32751,-0.923001],"extended":false,"handId":363,"id":3630,"length":51.5512,"mcpPosition":[-38.6088,221.384,43.6961],"pipPosition":[-67.963,244.227,11.2223],"stabilizedTipPosition":[-79.7377,254.513,-32.4879],"timeVisible":24.8649,"tipPosition":[-74.1131,259.515,-37.3422],"tipVelocity":[222.748,209.269,-198.299],"tool":false,"touchDistance":-0.523894,"touchZone":"hovering","type":0,"width":20.0304},{"bases":[[[0.940955,-0.112991,-0.319119],[0.308595,0.673858,0.67133],[0.139187,-0.73017,0.668939]],[[0.938434,-0.100473,-0.330525],[0.258318,0.83936,0.478274],[0.229376,-0.534209,0.813638]],[[0.938434,-0.100473,-0.330525],[0.208122,0.928082,0.308786],[0.27573,-0.358565,0.891854]],[[0.938434,-0.100473,-0.330525],[0.166086,0.97016,0.176647],[0.302914,-0.220667,0.927119]]],"btipPosition":[-55.6581,326.705,-69.9795],"carpPosition":[-24.0699,238.565,50.2685],"dipPosition":[-50.5387,322.975,-54.3109],"direction":[-0.27573,0.358565,-0.891854],"extended":true,"handId":363,"id":3631,"length":58.1698,"mcpPosition":[-34.1988,291.701,1.58863],"pipPosition":[-43.9465,314.403,-32.9882],"stabilizedTipPosition":[-56.6931,323.057,-65.1497],"timeVisible":24.8649,"tipPosition":[-55.0741,323.648,-66.7818],"tipVelocity":[284.915,313.954,-151.141],"tool":false,"touchDistance":0.273242,"touchZone":"hovering","type":1,"width":19.133},{"bases":[[[0.884621,-0.32381,-0.335547],[0.466213,0.62886,0.622238],[0.00952531,-0.706882,0.707268]],[[0.88437,-0.312886,-0.346399],[0.172193,0.908429,-0.380928],[0.433866,0.277234,0.857264]],[[0.88437,-0.312886,-0.346399],[-0.415847,-0.190998,-0.889152],[0.212042,0.930388,-0.299026]],[[0.88437,-0.312886,-0.346399],[-0.449743,-0.769848,-0.452842],[-0.124986,0.55627,-0.821548]]],"btipPosition":[-37.2782,237.818,-18.8357],"carpPosition":[-12.2941,238.763,47.1641],"dipPosition":[-39.6015,248.159,-34.1068],"direction":[-0.212042,-0.930388,0.299026],"extended":false,"handId":363,"id":3632,"length":66.2798,"mcpPosition":[-12.9514,287.546,-1.64543],"pipPosition":[-33.6372,274.329,-42.5178],"stabilizedTipPosition":[-41.468,236.773,-19.1737],"timeVisible":24.8649,"tipPosition":[-37.7699,240.173,-22.17],"tipVelocity":[214.411,191.444,-177.059],"tool":false,"touchDistance":0.333333,"touchZone":"none","type":2,"width":18.7912},{"bases":[[[0.838702,-0.470783,-0.273756],[0.52829,0.581264,0.618904],[-0.132245,-0.663698,0.736217]],[[0.831112,-0.503116,-0.23691],[0.347452,0.802426,-0.48517],[0.4342,0.320916,0.841715]],[[0.831112,-0.503116,-0.23691],[-0.395841,-0.236002,-0.887476],[0.390592,0.83137,-0.395298]],[[0.831112,-0.503116,-0.23691],[-0.554822,-0.721271,-0.414656],[0.037744,0.476069,-0.878598]]],"btipPosition":[-23.5855,231.343,-12.6599],"carpPosition":[-1.18955,235.982,43.0868],"dipPosition":[-22.8879,240.141,-28.8976],"direction":[-0.390592,-0.83137,0.395298],"extended":false,"handId":363,"id":3633,"length":63.7298,"mcpPosition":[7.00445,277.105,-2.52973],"pipPosition":[-12.185,262.922,-39.7294],"stabilizedTipPosition":[-26.0857,230.822,-14.369],"timeVisible":24.8649,"tipPosition":[-23.3573,233.674,-16.8299],"tipVelocity":[208.925,180.137,-146.223],"tool":false,"touchDistance":0.333333,"touchZone":"none","type":3,"width":17.881},{"bases":[[[0.718864,-0.633962,-0.285179],[0.638534,0.440029,0.631386],[-0.274787,-0.635977,0.721127]],[[0.655569,-0.740738,-0.146752],[0.595054,0.626393,-0.503529],[0.464908,0.242773,0.851423]],[[0.655569,-0.740738,-0.146752],[-0.39664,-0.172406,-0.901639],[0.642577,0.649295,-0.40683]],[[0.655569,-0.740738,-0.146752],[-0.717999,-0.551251,-0.42497],[0.233894,0.383965,-0.893232]]],"btipPosition":[-9.58882,235.97,-11.7782],"carpPosition":[7.33051,227.092,36.262],"dipPosition":[-5.60095,242.517,-27.0077],"direction":[-0.642577,-0.649295,0.40683],"extended":false,"handId":363,"id":3634,"length":49.963,"mcpPosition":[23.0913,263.57,-5.0993],"pipPosition":[6.8308,255.079,-34.8785],"stabilizedTipPosition":[-10.6344,235.287,-13.479],"timeVisible":24.8649,"tipPosition":[-8.40811,237.854,-15.8642],"tipVelocity":[207.659,189.094,-153.908],"tool":false,"touchDistance":0.333333,"touchZone":"none","type":4,"width":15.8833}],"r":[[0.739319,-0.0890995,0.667434],[0.208103,0.972916,-0.100637],[-0.640391,0.213298,0.737837]],"s":0.881979,"t":[183.388,-64.8506,-170.009],"timestamp":15434307084},false],[6,{"currentFrameRate":110.539,"devices":[],"gestures":[],"hands":[{"armBasis":[[0.917481,-0.203185,-0.341972],[0.3028,0.914252,0.269175],[0.257956,-0.350512,0.900333]],"armWidth":63.029,"confidence":0.747615,"direction":[0.0739593,0.791777,-0.606317],"elbow":[61.7139,130.798,282.829],"grabStrength":0,"id":363,"palmNormal":[-0.319633,-0.557087,-0.766478],"palmPosition":[-11.717,266.211,8.31172],"palmVelocity":[186.893,183.882,-154.003],"palmWidth":90.0033,"pinchStrength":0.492149,"r":[[0.734789,-0.0901517,0.672278],[0.209742,0.972752,-0.0987998],[-0.645053,0.213602,0.733676]],"s":0.886976,"sphereCenter":[-29.9765,258.412,-35.5696],"sphereRadius":46.2605,"stabilizedPalmPosition":[-14.5578,263.314,10.7333],"t":[184.948,-63.1235,-171.409],"timeVisible":24.8738,"type":"right","wrist":[-7.17887,224.41,42.3755]}],"id":1178675,"interactionBox":{"center":[0,200,0],"size":[235.247,235.247,147.751]},"pointables":[{"bases":[[[0.680445,0.55198,0.481988],[-0.646169,0.141725,0.74992],[0.345631,-0.821725,0.453108]],[[0.442827,0.869912,0.21716],[-0.676043,0.164855,0.718184],[0.588957,-0.46484,0.6611]],[[0.442827,0.869912,0.21716],[-0.875555,0.367377,0.313748],[0.193153,-0.329071,0.92434]],[[0.442827,0.869912,0.21716],[-0.896268,0.436145,0.0805108],[-0.0246757,-0.230285,0.97281]]],"btipPosition":[-72.5055,262.224,-44.1229],"carpPosition":[-37.482,222.842,42.2143],"dipPosition":[-73.0767,256.893,-21.6026],"direction":[-0.193153,0.329071,-0.92434],"extended":false,"handId":363,"id":3630,"length":51.5512,"mcpPosition":[-37.482,222.842,42.2143],"pipPosition":[-66.5625,245.794,9.5716],"stabilizedTipPosition":[-77.4676,256.586,-34.5516],"timeVisible":24.8738,"tipPosition":[-72.2871,261.136,-39.0491],"tipVelocity":[216.912,203.104,-195.454],"tool":false,"touchDistance":-0.525063,"touchZone":"hovering","type":0,"width":20.0304},{"bases":[[[0.943658,-0.11399,-0.31067],[0.303384,0.672948,0.674611],[0.132166,-0.730854,0.669615]],[[0.941524,-0.102788,-0.320884],[0.257636,0.833375,0.488989],[0.217155,-0.543066,0.811125]],[[0.941524,-0.102788,-0.320884],[0.211674,0.92139,0.325936],[0.262157,-0.3748,0.889269]],[[0.941524,-0.102788,-0.320884],[0.172892,0.964784,0.198244],[0.289207,-0.24213,0.926138]]],"btipPosition":[-52.9824,329.316,-71.1809],"carpPosition":[-22.9807,239.999,48.9311],"dipPosition":[-48.0947,325.224,-55.5289],"direction":[-0.262157,0.3748,-0.889269],"extended":true,"handId":363,"id":3631,"length":58.1698,"mcpPosition":[-32.5986,293.185,0.202004],"pipPosition":[-41.827,316.263,-34.268],"stabilizedTipPosition":[-53.9394,326.086,-66.5344],"timeVisible":24.8738,"tipPosition":[-52.4694,326.199,-68.0255],"tipVelocity":[287.126,305.349,-146.639],"tool":false,"touchDistance":0.276619,"touchZone":"hovering","type":1,"width":19.133},{"bases":[[[0.887199,-0.324723,-0.327768],[0.461381,0.627779,0.626914],[0.0021929,-0.707424,0.706786]],[[0.887059,-0.313737,-0.338667],[0.175571,0.907733,-0.381045],[0.426967,0.278549,0.860296]],[[0.887059,-0.313737,-0.338667],[-0.408475,-0.191567,-0.892441],[0.215114,0.929985,-0.298085]],[[0.887059,-0.313737,-0.338667],[-0.446566,-0.769157,-0.457139],[-0.117067,0.556746,-0.822392]]],"btipPosition":[-35.5598,239.217,-20.1883],"carpPosition":[-11.177,240.185,45.9337],"dipPosition":[-37.7358,249.566,-35.4751],"direction":[-0.215114,-0.929985,0.298085],"extended":false,"handId":363,"id":3632,"length":66.2798,"mcpPosition":[-11.3283,289.005,-2.84265],"pipPosition":[-31.6851,275.725,-43.8596],"stabilizedTipPosition":[-39.4482,238.575,-20.8659],"timeVisible":24.8738,"tipPosition":[-36.0218,241.615,-23.5729],"tipVelocity":[209.322,181.892,-170.082],"tool":false,"touchDistance":0.333333,"touchZone":"none","type":2,"width":18.7912},{"bases":[[[0.84053,-0.471681,-0.266507],[0.523423,0.580104,0.624106],[-0.139777,-0.664075,0.734484]],[[0.832578,-0.503984,-0.229813],[0.352686,0.802264,-0.481649],[0.427114,0.319958,0.845695]],[[0.832578,-0.503984,-0.229813],[-0.388107,-0.234763,-0.891212],[0.395205,0.831196,-0.391058]],[[0.832578,-0.503984,-0.229813],[-0.551956,-0.720074,-0.420521],[0.0464531,0.476963,-0.877695]]],"btipPosition":[-21.943,232.806,-13.9931],"carpPosition":[-0.0396299,237.391,41.955],"dipPosition":[-21.0845,241.621,-30.2141],"direction":[-0.395205,-0.831196,0.391058],"extended":false,"handId":363,"id":3633,"length":63.7298,"mcpPosition":[8.62107,278.538,-3.55414],"pipPosition":[-10.2553,264.397,-40.9297],"stabilizedTipPosition":[-24.1642,232.598,-15.8544],"timeVisible":24.8738,"tipPosition":[-21.6728,235.14,-18.148],"tipVelocity":[203.11,175.719,-146.854],"tool":false,"touchDistance":0.333333,"touchZone":"none","type":3,"width":17.881},{"bases":[[[0.720587,-0.634693,-0.27914],[0.633365,0.438714,0.637478],[-0.28214,-0.636156,0.718124]],[[0.655859,-0.741542,-0.141296],[0.600931,0.626158,-0.496798],[0.45687,0.24092,0.856287]],[[0.655859,-0.741542,-0.141296],[-0.387927,-0.170513,-0.90578],[0.647581,0.648877,-0.399496]],[[0.655859,-0.741542,-0.141296],[-0.714662,-0.549659,-0.432589],[0.243118,0.384696,-0.890451]]],"btipPosition":[-7.94027,237.445,-13.0265],"carpPosition":[8.53024,228.496,35.2008],"dipPosition":[-3.79514,244.004,-28.2086],"direction":[-0.647581,-0.648877,0.399496],"extended":false,"handId":363,"id":3634,"length":49.963,"mcpPosition":[24.7128,264.984,-5.98822],"pipPosition":[8.73342,256.557,-35.9375],"stabilizedTipPosition":[-8.82307,237.108,-14.9883],"timeVisible":24.8738,"tipPosition":[-6.72775,239.313,-17.0638],"tipVelocity":[202.351,182.523,-149.631],"tool":false,"touchDistance":0.333333,"touchZone":"none","type":4,"width":15.8833}],"r":[[0.734789,-0.0901517,0.672278