{"sensorType":"Leap","data":[[0,{"currentFrameRate":108.655,"devices":[],"gestures":[],"hands":[{"armBasis":[[0.91319,-0.164631,-0.372802],[0.278641,0.919772,0.276365],[0.297394,-0.356252,0.8858]],"armWidth":63.029,"confidence":0.845647,"direction":[0.0494897,0.777392,-0.627067],"elbow":[56.0934,122.288,290.802],"grabStrength":0,"id":363,"palmNormal":[-0.302041,-0.586791,-0.751298],"palmPosition":[-29.1577,258.158,19.076],"palmVelocity":[248.55,119.112,-173.571],"palmWidth":90.0033,"pinchStrength":0.549879,"r":[[0.739453,-0.0730003,0.669238],[0.17163,0.981697,-0.0825536],[-0.650962,0.175906,0.738448]],"s":0.834006,"sphereCenter":[-42.1327,244.602,-27.9276],"sphereRadius":47.1287,"stabilizedPalmPosition":[-40.8571,252.584,26.8064],"t":[166.754,-70.5134,-160.489],"timeVisible":22.0357,"type":"right","wrist":[-23.3323,217.433,54.2294]}],"id":1178366,"interactionBox":{"center":[0,200,0],"size":[235.247,235.247,147.751]},"pointables":[{"bases":[[[0.662897,0.58536,0.466821],[-0.650409,0.141384,0.74631],[0.370859,-0.798351,0.474446]],[[0.411745,0.891275,0.189989],[-0.689031,0.168036,0.704982],[0.596408,-0.421181,0.683304]],[[0.411745,0.891275,0.189989],[-0.881844,0.337104,0.329716],[0.229821,-0.303299,0.924766]],[[0.411745,0.891275,0.189989],[-0.908927,0.416682,0.0150979],[-0.0657085,-0.178903,0.98167]]],"btipPosition":[-89.2503,250.089,-33.5248],"carpPosition":[-53.5721,214.922,54.1282],"dipPosition":[-90.7714,245.947,-10.7993],"direction":[-0.229821,0.303299,-0.924766],"extended":false,"handId":363,"id":3630,"length":51.5512,"mcpPosition":[-53.5721,214.922,54.1282],"pipPosition":[-83.0205,235.718,20.3892],"stabilizedTipPosition":[-107.248,244.076,-14.0282],"timeVisible":22.0357,"tipPosition":[-89.0155,249.263,-28.3448],"tipVelocity":[268.878,95.2887,-205.369],"tool":false,"touchDistance":-0.438401,"touchZone":"hovering","type":0,"width":20.0304},{"bases":[[[0.946804,-0.0928392,-0.308129],[0.282225,0.699623,0.656412],[0.154633,-0.708455,0.688608]],[[0.949848,-0.107726,-0.293571],[0.224078,0.889294,0.39868],[0.218123,-0.444468,0.868833]],[[0.949848,-0.107726,-0.293571],[0.179927,0.956096,0.231316],[0.255763,-0.272537,0.927528]],[[0.949848,-0.107726,-0.293571],[0.144496,0.983754,0.10653],[0.277326,-0.143608,0.949983]]],"btipPosition":[-70.9356,312.079,-64.8837],"carpPosition":[-39.6114,232.692,60.3806],"dipPosition":[-66.2487,309.652,-48.8286],"direction":[-0.255763,0.272537,-0.927528],"extended":true,"handId":363,"id":3631,"length":58.1698,"mcpPosition":[-50.8644,284.247,10.2694],"pipPosition":[-60.1338,303.136,-26.653],"stabilizedTipPosition":[-74.9453,308.685,-58.0268],"timeVisible":22.0357,"tipPosition":[-70.282,308.963,-61.456],"tipVelocity":[360.051,213.234,-227.292],"tool":false,"touchDistance":0.22332,"touchZone":"hovering","type":1,"width":19.133},{"bases":[[[0.896913,-0.3056,-0.31962],[0.441557,0.658132,0.609828],[0.0239886,-0.688092,0.725227]],[[0.896489,-0.295943,-0.329735],[0.17469,0.920019,-0.350783],[0.407174,0.256871,0.876485]],[[0.896489,-0.295943,-0.329735],[-0.391026,-0.178523,-0.9029],[0.208341,0.938375,-0.275766]],[[0.896489,-0.295943,-0.329735],[-0.425671,-0.781777,-0.455664],[-0.122929,0.548856,-0.826829]]],"btipPosition":[-52.4623,231.807,-11.3397],"carpPosition":[-27.8185,233.164,57.3721],"dipPosition":[-54.7473,242.009,-26.7089],"direction":[-0.208341,-0.938375,0.275766],"extended":false,"handId":363,"id":3632,"length":66.2798,"mcpPosition":[-29.474,280.65,7.32314],"pipPosition":[-48.8871,268.403,-34.4657],"stabilizedTipPosition":[-62.6196,231.094,-8.58553],"timeVisible":22.0357,"tipPosition":[-52.9251,233.851,-14.4436],"tipVelocity":[263.215,89.9099,-166.267],"tool":false,"touchDistance":0.333333,"touchZone":"none","type":2,"width":18.7912},{"bases":[[[0.854811,-0.452265,-0.254469],[0.505048,0.612346,0.608242],[-0.119263,-0.648451,0.751856]],[[0.847874,-0.483754,-0.217006],[0.357186,0.82364,-0.440495],[0.391826,0.295972,0.871133]],[[0.847874,-0.483754,-0.217006],[-0.356247,-0.216659,-0.908926],[0.39268,0.847963,-0.356036]],[[0.847874,-0.483754,-0.217006],[-0.528006,-0.73323,-0.428465],[0.0481563,0.477865,-0.877112]]],"btipPosition":[-38.1763,225.644,-5.65741],"carpPosition":[-16.599,230.613,53.4617],"dipPosition":[-37.2863,234.476,-21.8677],"direction":[-0.39268,-0.847963,0.356036],"extended":false,"handId":363,"id":3633,"length":63.7298,"mcpPosition":[-9.20939,270.792,6.87618],"pipPosition":[-26.5262,257.711,-31.6236],"stabilizedTipPosition":[-44.4865,225.852,-5.98589],"timeVisible":22.0357,"tipPosition":[-37.917,227.826,-9.52356],"tipVelocity":[255.419,75.802,-131.632],"tool":false,"touchDistance":0.333333,"touchZone":"none","type":3,"width":17.881},{"bases":[[[0.739985,-0.619195,-0.262717],[0.61932,0.474837,0.625277],[-0.262421,-0.625402,0.734852]],[[0.672188,-0.732201,-0.109749],[0.63969,0.64899,-0.411837],[0.372773,0.206626,0.904624]],[[0.672188,-0.732201,-0.109749],[-0.306182,-0.139946,-0.94163],[0.674104,0.666556,-0.318256]],[[0.672188,-0.732201,-0.109749],[-0.684223,-0.557711,-0.46989],[0.282846,0.390948,-0.875876]]],"btipPosition":[-23.6067,230.895,-5.75798],"carpPosition":[-7.75599,221.813,46.9397],"dipPosition":[-18.7842,237.561,-20.6916],"direction":[-0.674104,-0.666556,0.318256],"extended":false,"handId":363,"id":3634,"length":49.963,"mcpPosition":[7.29553,257.684,4.79116],"pipPosition":[-5.74251,250.457,-26.8488],"stabilizedTipPosition":[-27.5532,230.959,-6.56231],"timeVisible":22.0357,"tipPosition":[-22.2887,232.585,-9.4841],"tipVelocity":[257.332,78.7684,-134.889],"tool":false,"touchDistance":0.333333,"touchZone":"none","type":4,"width":15.8833}],"r":[[0.739453,-0.0730003,0.669238],[0.17163,0.981697,-0.0825536],[-0.650962,0.175906,0.738448]],"s":0.834006,"t":[166.754,-70.5134,-160.489],"timestamp":15431477921},false],[1,{"currentFrameRate":108.798,"devices":[],"gestures":[],"hands":[{"armBasis":[[0.909646,-0.156821,-0.384644],[0.283756,0.910861,0.299693],[0.303359,-0.381759,0.873059]],"armWidth":63.029,"confidence":0.831104,"direction":[0.0583368,0.767564,-0.638312],"elbow":[59.1386,117.61,286.111],"grabStrength":0,"id":363,"palmNormal":[-0.297325,-0.597025,-0.74509],"palmPosition":[-27.2204,259.774,17.12],"palmVelocity":[239.9,135.978,-185.951],"palmWidth":90.0033,"pinchStrength":0.545953,"r":[[0.734064,-0.0681781,0.675649],[0.175556,0.980177,-0.0918275],[-0.655995,0.186022,0.731482]],"s":0.841285,"sphereCenter":[-40.1296,246.005,-29.5432],"sphereRadius":47.0838,"stabilizedPalmPosition":[-37.934,254.125,24.73],"t":[168.879,-69.1733,-162.245],"timeVisible":22.0446,"type":"right","wrist":[-21.8802,219.567,52.9408]}],"id":1178367,"interactionBox":{"center":[0,200,0],"size":[235.247,235.247,147.751]},"pointables":[{"bases":[[[0.660801,0.589912,0.464055],[-0.656761,0.155165,0.737962],[0.363328,-0.792419,0.489964]],[[0.414197,0.891994,0.18107],[-0.694369,0.18105,0.696472],[0.588466,-0.414206,0.694363]],[[0.414197,0.891994,0.18107],[-0.882807,0.345281,0.318485],[0.221567,-0.291766,0.930473]],[[0.414197,0.891994,0.18107],[-0.90738,0.42028,0.00523108],[-0.0714341,-0.166466,0.983456]]],"btipPosition":[-87.0025,251.315,-35.8379],"carpPosition":[-52.1274,217.169,52.595],"dipPosition":[-88.6562,247.461,-13.0711],"direction":[-0.221567,0.291766,-0.930474],"extended":false,"handId":363,"id":3630,"length":51.5512,"mcpPosition":[-52.1274,217.169,52.595],"pipPosition":[-81.1836,237.621,18.3099],"stabilizedTipPosition":[-103.889,245.15,-16.8303],"timeVisible":22.0446,"tipPosition":[-86.789,250.481,-30.667],"tipVelocity":[263.233,108.74,-219.689],"tool":false,"touchDistance":-0.457449,"touchZone":"hovering","type":0,"width":20.0304},{"bases":[[[0.949258,-0.101065,-0.297816],[0.278831,0.708473,0.64832],[0.145472,-0.698464,0.700704]],[[0.952206,-0.116281,-0.282456],[0.226845,0.888461,0.398972],[0.204558,-0.443977,0.872376]],[[0.952206,-0.116281,-0.282456],[0.187104,0.952962,0.238443],[0.241444,-0.279896,0.929173]],[[0.952206,-0.116281,-0.282456],[0.154858,0.980832,0.118265],[0.26329,-0.156353,0.951962]]],"btipPosition":[-67.6578,314.01,-67.6609],"carpPosition":[-38.1564,234.979,58.707],"dipPosition":[-63.2082,311.367,-51.5724],"direction":[-0.241444,0.279896,-0.929173],"extended":true,"handId":363,"id":3631,"length":58.1698,"mcpPosition":[-48.7426,285.808,7.7155],"pipPosition":[-57.4356,304.675,-29.3574],"stabilizedTipPosition":[-71.5349,310.621,-60.4617],"timeVisible":22.0446,"tipPosition":[-67.0874,310.864,-64.2434],"tipVelocity":[360.249,212.51,-249.86],"tool":false,"touchDistance":0.213928,"touchZone":"hovering","type":1,"width":19.133},{"bases":[[[0.898649,-0.313788,-0.30654],[0.438426,0.665681,0.603864],[0.0145727,-0.677057,0.735786]],[[0.89836,-0.304359,-0.316724],[0.181379,0.91373,-0.363592],[0.400063,0.269189,0.876063]],[[0.89836,-0.304359,-0.316724],[-0.383323,-0.19109,-0.903631],[0.214505,0.933194,-0.288335]],[[0.89836,-0.304359,-0.316724],[-0.424478,-0.786996,-0.447723],[-0.112992,0.536659,-0.8362]]],"btipPosition":[-50.3473,233.028,-13.0905],"carpPosition":[-26.3343,235.362,55.8021],"dipPosition":[-52.4477,243.003,-28.634],"direction":[-0.214505,-0.933194,0.288335],"extended":false,"handId":363,"id":3632,"length":66.2798,"mcpPosition":[-27.3399,282.086,5.02441],"pipPosition":[-46.414,269.252,-36.7443],"stabilizedTipPosition":[-59.5455,232.197,-10.6925],"timeVisible":22.0446,"tipPosition":[-50.7729,235.042,-16.2467],"tipVelocity":[257.287,101.077,-175.597],"tool":false,"touchDistance":0.333333,"touchZone":"none","type":2,"width":18.7912},{"bases":[[[0.855374,-0.459285,-0.239566],[0.501751,0.619639,0.603567],[-0.128765,-0.636478,0.76047]],[[0.848007,-0.490031,-0.201877],[0.363663,0.815103,-0.450951],[0.38553,0.308994,0.869419]],[[0.848007,-0.490031,-0.201877],[-0.348925,-0.2295,-0.908615],[0.398918,0.840952,-0.365602]],[[0.848007,-0.490031,-0.201877],[-0.526766,-0.737397,-0.422803],[0.0583233,0.464882,-0.88345]]],"btipPosition":[-36.158,226.855,-7.16184],"carpPosition":[-15.089,232.71,52.036],"dipPosition":[-35.0801,235.447,-23.4892],"direction":[-0.398918,-0.840952,0.365602],"extended":false,"handId":363,"id":3633,"length":63.7298,"mcpPosition":[-7.11056,272.146,4.91676],"pipPosition":[-24.1491,258.49,-33.5073],"stabilizedTipPosition":[-41.6895,226.824,-7.59409],"timeVisible":22.0446,"tipPosition":[-35.8476,228.997,-11.0647],"tipVelocity":[248.686,90.4168,-142.486],"tool":false,"touchDistance":0.333333,"touchZone":"none","type":3,"width":17.881},{"bases":[[[0.739981,-0.62589,-0.246351],[0.615324,0.481978,0.623757],[-0.271668,-0.613155,0.74178]],[[0.672272,-0.734057,-0.0959767],[0.634826,0.638317,-0.435371],[0.380851,0.231759,0.89512]],[[0.672272,-0.734057,-0.0959767],[-0.313438,-0.16478,-0.935203],[0.670677,0.658793,-0.340858]],[[0.672272,-0.734057,-0.0959767],[-0.684544,-0.567027,-0.458127],[0.28187,0.373686,-0.88369]]],"btipPosition":[-21.7398,231.723,-6.46072],"carpPosition":[-6.21995,223.778,45.7314],"dipPosition":[-16.934,238.094,-21.5275],"direction":[-0.670677,-0.658793,0.340858],"extended":false,"handId":363,"id":3634,"length":49.963,"mcpPosition":[9.36195,258.946,3.1855],"pipPosition":[-3.9586,250.84,-28.122],"stabilizedTipPosition":[-25.0033,231.781,-7.80206],"timeVisible":22.0446,"tipPosition":[-20.3455,233.466,-10.4298],"tipVelocity":[244.016,80.4921,-120.482],"tool":false,"touchDistance":0.333333,"touchZone":"none","type":4,"width":15.8833}],"r":[[0.734064,-0.0681781,0.675649],[0.175556,0.980177,-0.0918275],[-0.655995,0.186022,0.731482]],"s":0.841285,"t":[168.879,-69.1733,-162.245],"timestamp":15431486855},false],[2,{"currentFrameRate":108.797,"devices":[],"gestures":[],"hands":[{"armBasis":[[0.906629,-0.182949,-0.380203],[0.303547,0.908697,0.286581],[0.293059,-0.375232,0.879385]],"armWidth":63.029,"confidence":0.822688,"direction":[0.0712576,0.760184,-0.645788],"elbow":[58.272,121.531,286.314],"grabStrength":0,"id":363,"palmNormal":[-0.313033,-0.597682,-0.738097],"palmPosition":[-24.6683,261.716,15.2794],"palmVelocity":[250.435,157.026,-189.933],"palmWidth":90.0033,"pinchStrength":0.537537,"r":[[0.730063,-0.0660037,0.680184],[0.182715,0.977942,-0.101216],[-0.6585,0.198174,0.72602]],"s":0.849062,"sphereCenter":[-38.4385,248.332,-30.8315],"sphereRadius":46.9953,"stabilizedPalmPosition":[-34.7877,255.925,22.4886],"t":[171.218,-67.532,-164.043],"timeVisible":22.0538,"type":"right","wrist":[-19.9959,221.745,51.4547]}],"id":1178368,"interactionBox":{"center":[0,200,0],"size":[235.247,235.247,147.751]},"pointables":[{"bases":[[[0.674986,0.580409,0.455542],[-0.650009,0.175638,0.739351],[0.349115,-0.795158,0.495825]],[[0.434448,0.884138,0.171916],[-0.685976,0.201103,0.699282],[0.583688,-0.421732,0.693866]],[[0.434448,0.884138,0.171916],[-0.872818,0.36614,0.322692],[0.222358,-0.290244,0.93076]],[[0.434448,0.884138,0.171916],[-0.898364,0.439086,0.0120981],[-0.0647896,-0.159699,0.985037]]],"btipPosition":[-85.1072,254.279,-37.1897],"carpPosition":[-50.2874,219.97,51.2649],"dipPosition":[-86.607,250.582,-14.3863],"direction":[-0.222358,0.290244,-0.93076],"extended":false,"handId":363,"id":3630,"length":51.5512,"mcpPosition":[-50.2874,219.97,51.2649],"pipPosition":[-79.1078,240.794,17.0044],"stabilizedTipPosition":[-100.338,246.745,-19.7417],"timeVisible":22.0538,"tipPosition":[-84.8274,253.375,-32.0549],"tipVelocity":[248.349,169.597,-199.119],"tool":false,"touchDistance":-0.460188,"touchZone":"hovering","type":0,"width":20.0304},{"bases":[[[0.945585,-0.123495,-0.301029],[0.296402,0.708579,0.64036],[0.134221,-0.69474,0.706626]],[[0.94832,-0.138816,-0.285341],[0.249408,0.882017,0.399803],[0.196177,-0.450307,0.871056]],[[0.94832,-0.138816,-0.285341],[0.21239,0.945778,0.245755],[0.235755,-0.293658,0.926383]],[[0.94832,-0.138816,-0.285341],[0.181785,0.974712,0.129966],[0.260084,-0.175121,0.949573]]],"btipPosition":[-64.0595,317.218,-69.4889],"carpPosition":[-35.9232,237.544,57.1467],"dipPosition":[-59.664,314.259,-53.4408],"direction":[-0.235755,0.293658,-0.926383],"extended":true,"handId":363,"id":3631,"length":58.1698,"mcpPosition":[-45.6907,288.101,5.72426],"pipPosition":[-54.0275,307.238,-31.2926],"stabilizedTipPosition":[-67.8972,313.157,-62.7491],"timeVisible":22.0538,"tipPosition":[-63.5578,314.06,-66.101],"tipVelocity":[368.573,248.454,-235.875],"tool":false,"touchDistance":0.224826,"touchZone":"hovering","type":1,"width":19.133},{"bases":[[[0.890548,-0.335196,-0.307519],[0.454872,0.662075,0.595607],[0.00395569,-0.670299,0.742081]],[[0.890414,-0.326117,-0.317508],[0.197212,0.905133,-0.376618],[0.410208,0.272729,0.870257]],[[0.890414,-0.326117,-0.317508],[-0.391823,-0.194256,-0.899299],[0.231599,0.925155,-0.300749]],[[0.890414,-0.326117,-0.317508],[-0.442711,-0.782531,-0.437782],[-0.105691,0.530371,-0.841152]]],"btipPosition":[-48.4898,235.028,-14.4227],"carpPosition":[-24.1092,237.654,54.1862],"dipPosition":[-50.4544,244.886,-30.0583],"direction":[-0.231599,-0.925155,0.300749],"extended":false,"handId":363,"id":3632,"length":66.2798,"mcpPosition":[-24.3822,283.912,2.97415],"pipPosition":[-43.94,270.909,-38.5177],"stabilizedTipPosition":[-56.553,233.635,-12.7601],"timeVisible":22.0538,"tipPosition":[-48.8881,237.093,-17.6794],"tipVelocity":[242.79,132.82,-167.659],"tool":false,"touchDistance":0.333333,"touchZone":"none","type":2,"width":18.7912},{"bases":[[[0.844583,-0.479132,-0.238982],[0.517229,0.61473,0.595467],[-0.138398,-0.62653,0.767011]],[[0.836833,-0.509102,-0.201311],[0.375199,0.801117,-0.466301],[0.398669,0.314684,0.861416]],[[0.836833,-0.509102,-0.201311],[-0.360607,-0.235919,-0.902388],[0.411915,0.827742,-0.381011]],[[0.836833,-0.509102,-0.201311],[-0.543972,-0.731809,-0.41055],[0.0616906,0.453069,-0.889339]]],"btipPosition":[-34.4098,228.592,-8.32255],"carpPosition":[-12.9386,234.734,50.3959],"dipPosition":[-33.2697,236.965,-24.7588],"direction":[-0.411915,-0.827742,0.381011],"extended":false,"handId":363,"id":3633,"length":63.7298,"mcpPosition":[-4.36334,273.554,2.87128],"pipPosition":[-21.9825,259.647,-35.1991],"stabilizedTipPosition":[-39.0723,228.106,-9.15874],"timeVisible":22.0538,"tipPosition":[-34.0764,230.736,-12.3542],"tipVelocity":[232.755,116.434,-138.707],"tool":false,"touchDistance":0.333333,"touchZone":"none","type":3,"width":17.881},{"bases":[[[0.725739,-0.643367,-0.243684],[0.628023,0.47494,0.616456],[-0.280872,-0.600426,0.748732]],[[0.660118,-0.744635,-0.0988103],[0.624017,0.616844,-0.479695],[0.418148,0.254996,0.871854]],[[0.660118,-0.744635,-0.0988103],[-0.350373,-0.188874,-0.917369],[0.664442,0.640192,-0.385579]],[[0.660118,-0.744635,-0.0988103],[-0.703232,-0.56639,-0.42973],[0.264027,0.353159,-0.897535]]],"btipPosition":[-20.1569,232.674,-6.53894],"carpPosition":[-4.28526,225.562,44.1369],"dipPosition":[-15.6553,238.696,-21.8418],"direction":[-0.664442,-0.640192,0.385579],"extended":false,"handId":363,"id":3634,"length":49.963,"mcpPosition":[11.8245,260,1.19226],"pipPosition":[-2.80051,251.081,-29.3015],"stabilizedTipPosition":[-22.6726,232.684,-8.69624],"timeVisible":22.0538,"tipPosition":[-18.7114,234.514,-10.9222],"tipVelocity":[221.801,84.4681,-90.8265],"tool":false,"touchDistance":0.333333,"touchZone":"none","type":4,"width":15.8833}],"r":[[0.730063,-0.0660037,0.680184],[0.182715,0.977942,-0.101216],[-0.6585,0.198174,0.72602]],"s":0.849062,"t":[171.218,-67.532,-164.043],"timestamp":15431496049},false],[3,{"currentFrameRate":108.836,"devices":[],"gestures":[],"hands":[{"armBasis":[[0.905785,-0.201399,-0.372817],[0.316456,0.906623,0.279087],[0.281797,-0.370773,0.884939]],"armWidth":63.029,"confidence":0.712643,"direction":[0.0801677,0.756153,-0.649465],"elbow":[57.3987,124.363,286.167],"grabStrength":0,"id":363,"palmNormal":[-0.323026,-0.596692,-0.734584],"palmPosition":[-22.0699,263.252,13.4758],"palmVelocity":[260.025,160.183,-192.121],"palmWidth":90.0033,"pinchStrength":0.523276,"r":[[0.727,-0.0655869,0.683498],[0.191106,0.975423,-0.10967],[-0.659507,0.210351,0.721667]],"s":0.856346,"sphereCenter":[-36.3386,250.068,-32.4334],"sphereRadius":47.0342,"stabilizedPalmPosition":[-31.55,257.791,20.1941],"t":[173.687,-65.9437,-165.845],"timeVisible":22.0629,"type":"right","wrist":[-17.8614,223.386,49.8246]}],"id":1178369,"interactionBox":{"center":[0,200,0],"size":[235.247,235.247,147.751]},"pointables":[{"bases":[[[0.684023,0.573129,0.45126],[-0.645736,0.187985,0.740059],[0.339319,-0.797612,0.498676]],[[0.448557,0.87774,0.16843],[-0.678632,0.211857,0.70326],[0.581597,-0.429754,0.690693]],[[0.448557,0.87774,0.16843],[-0.864775,0.378637,0.329845],[0.225745,-0.293608,0.928888]],[[0.448557,0.87774,0.16843],[-0.892253,0.450697,0.0275013],[-0.0517717,-0.162618,0.98533]]],"btipPosition":[-83.3069,256.915,-38.5273],"carpPosition":[-48.1749,222.029,49.7143],"dipPosition":[-84.5054,253.151,-15.7171],"direction":[-0.225745,0.293608,-0.928888],"extended":false,"handId":363,"id":3630,"length":51.5512,"mcpPosition":[-48.1749,222.029,49.7143],"pipPosition":[-76.892,243.249,15.6105],"stabilizedTipPosition":[-96.7196,248.754,-22.6654],"timeVisible":22.0629,"tipPosition":[-82.8546,255.837,-33.467],"tipVelocity":[236.324,202.295,-184.517],"tool":false,"touchDistance":-0.462542,"touchZone":"hovering","type":0,"width":20.0304},{"bases":[[[0.943062,-0.13791,-0.30268],[0.307689,0.707358,0.636374],[0.12634,-0.693272,0.709516]],[[0.94561,-0.153108,-0.287019],[0.263527,0.87784,0.399938],[0.190723,-0.453822,0.870442]],[[0.94561,-0.153108,-0.287019],[0.227951,0.941333,0.248857],[0.232079,-0.300748,0.925035]],[[0.94561,-0.153108,-0.287019],[0.198188,0.970812,0.135076],[0.25796,-0.184613,0.948354]]],"btipPosition":[-60.7629,319.476,-71.2861],"carpPosition":[-33.5556,239.43,55.4809],"dipPosition":[-56.4033,316.356,-55.2587],"direction":[-0.232079,0.300748,-0.925035],"extended":true,"handId":363,"id":3631,"length":58.1698,"mcpPosition":[-42.7496,289.88,3.84813],"pipPosition":[-50.8547,309.166,-33.1426],"stabilizedTipPosition":[-64.3427,315.604,-64.868],"timeVisible":22.0629,"tipPosition":[-60.28,316.403,-67.9059],"tipVelocity":[366.372,247.108,-225.257],"tool":false,"touchDistance":0.233611,"touchZone":"hovering","type":1,"width":19.133},{"bases":[[[0.885097,-0.348859,-0.308061],[0.465394,0.658467,0.591464],[-0.00348983,-0.666872,0.745164]],[[0.885066,-0.340034,-0.317862],[0.208005,0.899841,-0.383432],[0.416405,0.273246,0.867147]],[[0.885066,-0.340034,-0.317862],[-0.396845,-0.194361,-0.897072],[0.243255,0.920109,-0.306963]],[[0.885066,-0.340034,-0.317862],[-0.454562,-0.778359,-0.433047],[-0.10016,0.527763,-0.843466]]],"btipPosition":[-46.3413,236.666,-15.9635],"carpPosition":[-21.7484,239.363,52.4921],"dipPosition":[-48.2031,246.476,-31.6421],"direction":[-0.243255,-0.920109,0.306963],"extended":false,"handId":363,"id":3632,"length":66.2798,"mcpPosition":[-21.5075,285.385,1.06725],"pipPosition":[-41.3608,272.357,-40.2763],"stabilizedTipPosition":[-53.6575,235.2,-14.7754],"timeVisible":22.0629,"tipPosition":[-46.7161,238.767,-19.2776],"tipVelocity":[241.523,145.493,-168.328],"tool":false,"touchDistance":0.333333,"touchZone":"none","type":2,"width":18.7912},{"bases":[[[0.837317,-0.491831,-0.238751],[0.527093,0.610266,0.591396],[-0.145166,-0.62103,0.770227]],[[0.829299,-0.521348,-0.201146],[0.384154,0.793301,-0.472334],[0.405819,0.314435,0.858162]],[[0.829299,-0.521348,-0.201146],[-0.366658,-0.236031,-0.899917],[0.421694,0.820052,-0.386897]],[[0.829299,-0.521348,-0.201146],[-0.554971,-0.726307,-0.405569],[0.0653491,0.447968,-0.891658]]],"btipPosition":[-32.3318,230.105,-9.88067],"carpPosition":[-10.6283,236.272,48.689],"dipPosition":[-31.124,238.384,-26.3598],"direction":[-0.421694,-0.820052,0.386897],"extended":false,"handId":363,"id":3633,"length":63.7298,"mcpPosition":[-1.63372,274.752,0.965176],"pipPosition":[-19.569,260.855,-36.9614],"stabilizedTipPosition":[-36.5756,229.494,-10.7639],"timeVisible":22.0629,"tipPosition":[-31.9799,232.235,-13.9372],"tipVelocity":[231.881,129.519,-147.94],"tool":false,"touchDistance":0.333333,"touchZone":"none","type":3,"width":17.881},{"bases":[[[0.71621,-0.65443,-0.242413],[0.636,0.469059,0.612771],[-0.28731,-0.593047,0.752162]],[[0.65132,-0.75215,-0.10026],[0.622327,0.605091,-0.496563],[0.434157,0.261026,0.862191]],[[0.65132,-0.75215,-0.10026],[-0.365759,-0.195431,-0.90996],[0.664833,0.629346,-0.402394]],[[0.65132,-0.75215,-0.10026],[-0.713397,-0.561956,-0.418653],[0.258548,0.344203,-0.902595]]],"btipPosition":[-18.0938,233.794,-7.67087],"carpPosition":[-2.11741,226.952,42.4521],"dipPosition":[-13.6856,239.662,-23.06],"direction":[-0.664833,-0.629346,0.402394],"extended":false,"handId":363,"id":3634,"length":49.963,"mcpPosition":[14.3617,260.967,-0.689212],"pipPosition":[-0.823294,251.838,-30.845],"stabilizedTipPosition":[-20.3844,233.69,-9.72487],"timeVisible":22.0629,"tipPosition":[-16.6703,235.621,-12.1414],"tipVelocity":[222.386,94.0214,-100.68],"tool":false,"touchDistance":0.333333,"touchZone":"none","type":4,"width":15.8833}],"r":[[0.727,-0.0655869,0.683498],[0.191106,0.975423,-0.10967],[-0.659507,0.210351,0.721667]],"s":0.856346,"t":[173.687,-65.9437,-165.845],"timestamp":15431505167},false],[4,{"currentFrameRate":109.038,"devices":[],"gestures":[],"hands":[{"armBasis":[[0.907487,-0.206378,-0.36589],[0.317728,0.906985,0.276456],[0.274802,-0.367134,0.888649]],"armWidth":63.029,"confidence":0.729199,"direction":[0.0871213,0.752865,-0.652384],"elbow":[57.4126,126.641,285.914],"grabStrength":0,"id":363,"palmNormal":[-0.320251,-0.598946,-0.733964],"palmPosition":[-19.807,264.404,12.0224],"palmVelocity":[259.178,152.27,-184.805],"palmWidth":90.0033,"pinchStrength":0.51608,"r":[[0.723586,-0.0650826,0.687159],[0.19866,0.973056,-0.11703],[-0.661028,0.221192,0.717019]],"s":0.862576,"sphereCenter":[-33.9728,251.23,-33.8409],"sphereRadius":47.05,"stabilizedPalmPosition":[-28.4415,259.541,18.031],"t":[176.052,-64.5733,-167.472],"timeVisible":22.0718,"type":"right","wrist":[-15.9793,224.692,48.581]}],"id":1178370,"interactionBox":{"center":[0,200,0],"size":[235.247,235.247,147.751]},"pointables":[{"bases":[[[0.68303,0.57282,0.453153],[-0.649957,0.193645,0.734886],[0.333207,-0.796479,0.504573]],[[0.45132,0.87636,0.168237],[-0.681605,0.216863,0.698845],[0.575955,-0.430074,0.695206]],[[0.45132,0.87636,0.168237],[-0.86473,0.382949,0.324949],[0.220346,-0.292136,0.930647]],[[0.45132,0.87636,0.168237],[-0.890733,0.453805,0.0256136],[-0.0539002,-0.161414,0.985414]]],"btipPosition":[-80.9181,258.265,-40.2499],"carpPosition":[-46.296,223.44,48.2758],"dipPosition":[-82.1659,254.528,-17.4378],"direction":[-0.220346,0.292136,-0.930647],"extended":false,"handId":363,"id":3630,"length":51.5512,"mcpPosition":[-46.296,223.44,48.2758],"pipPosition":[-74.7345,244.676,13.9491],"stabilizedTipPosition":[-93.1287,250.757,-25.5211],"timeVisible":22.0718,"tipPosition":[-80.4754,257.135,-35.2035],"tipVelocity":[245.375,189.257,-187.479],"tool":false,"touchDistance":-0.470454,"touchZone":"hovering","type":0,"width":20.0304},{"bases":[[[0.944554,-0.142589,-0.295779],[0.305953,0.709211,0.635148],[0.119204,-0.690426,0.713514]],[[0.946929,-0.157607,-0.280153],[0.264924,0.876247,0.402499],[0.182047,-0.455358,0.871498]],[[0.946929,-0.157607,-0.280153],[0.231464,0.939086,0.25405],[0.223048,-0.305413,0.925728]],[[0.946929,-0.157607,-0.280153],[0.203252,0.968776,0.141991],[0.249027,-0.191397,0.949396]]],"btipPosition":[-57.6065,320.948,-73.0777],"carpPosition":[-31.6541,240.816,54.0593],"dipPosition":[-53.3979,317.713,-57.0326],"direction":[-0.223048,0.305413,-0.925728],"extended":true,"handId":363,"id":3631,"length":58.1698,"mcpPosition":[-40.3288,291.06,2.13558],"pipPosition":[-48.0652,310.411,-34.9],"stabilizedTipPosition":[-60.994,317.603,-66.8324],"timeVisible":22.0718,"tipPosition":[-57.1487,317.922,-69.7052],"tipVelocity":[363.136,224.702,-219.234],"tool":false,"touchDistance":0.23833,"touchZone":"hovering","type":1,"width":19.133},{"bases":[[[0.885885,-0.353357,-0.300576],[0.463779,0.659564,0.59151],[-0.0107654,-0.663411,0.748178]],[[0.88595,-0.344761,-0.310212],[0.212367,0.896205,-0.389509],[0.412301,0.279207,0.867209]],[[0.88595,-0.344761,-0.310212],[-0.39214,-0.199728,-0.897961],[0.247624,0.917196,-0.312144]],[[0.88595,-0.344761,-0.310212],[-0.454387,-0.779188,-0.431739],[-0.0928663,0.523456,-0.846977]]],"btipPosition":[-43.9813,237.637,-17.3063],"carpPosition":[-19.8277,240.695,51.1492],"dipPosition":[-45.7075,247.367,-33.0501],"direction":[-0.247624,-0.917196,0.312144],"extended":false,"handId":363,"id":3632,"length":66.2798,"mcpPosition":[-19.0848,286.478,-0.4836],"pipPosition":[-38.7423,273.166,-41.8301],"stabilizedTipPosition":[-50.8407,236.619,-16.6429],"timeVisible":22.0718,"tipPosition":[-44.3279,239.782,-20.7062],"tipVelocity":[249.591,135.413,-164.502],"tool":false,"touchDistance":0.333333,"touchZone":"none","type":2,"width":18.7912},{"bases":[[[0.837146,-0.495841,-0.230929],[0.525307,0.611149,0.592072],[-0.152442,-0.61696,0.77209]],[[0.828782,-0.525135,-0.19327],[0.390037,0.789793,-0.47339],[0.401237,0.316955,0.859389]],[[0.828782,-0.525135,-0.19327],[-0.361524,-0.238875,-0.901243],[0.427107,0.816806,-0.387824]],[[0.828782,-0.525135,-0.19327],[-0.554815,-0.726228,-0.405923],[0.0728058,0.443651,-0.893238]]],"btipPosition":[-30.0298,231.186,-11.2505],"carpPosition":[-8.69359,237.548,47.4343],"dipPosition":[-28.6843,239.385,-27.7587],"direction":[-0.427107,-0.816806,0.387824],"extended":false,"handId":363,"id":3633,"length":63.7298,"mcpPosition":[0.751823,275.775,-0.404976],"pipPosition":[-16.9809,261.767,-38.3857],"stabilizedTipPosition":[-34.1228,230.774,-12.2965],"timeVisible":22.0718,"tipPosition":[-29.6443,233.295,-15.3126],"tipVelocity":[240.788,127.117,-150.184],"tool":false,"touchDistance":0.333333,"touchZone":"none","type":3,"width":17.881},{"bases":[[[0.715496,-0.658033,-0.234647],[0.633574,0.469663,0.614818],[-0.294365,-0.588566,0.752954]],[[0.649405,-0.754779,-0.0926359],[0.627608,0.600762,-0.49517],[0.429396,0.263427,0.863843]],[[0.649405,-0.754779,-0.0926359],[-0.360378,-0.198195,-0.911508],[0.669627,0.625322,-0.400715]],[[0.649405,-0.754779,-0.0926359],[-0.712497,-0.561358,-0.420981],[0.265746,0.33939,-0.902327]]],"btipPosition":[-15.7952,234.83,-8.96638],"carpPosition":[-0.174413,228.17,41.2969],"dipPosition":[-11.2642,240.616,-24.351],"direction":[-0.669627,-0.625322,0.400715],"extended":false,"handId":363,"id":3634,"length":49.963,"mcpPosition":[16.7093,261.928,-1.88988],"pipPosition":[1.69083,252.714,-32.1035],"stabilizedTipPosition":[-18.063,234.708,-10.8708],"timeVisible":22.0718,"tipPosition":[-14.3432,236.626,-13.4163],"tipVelocity":[233.646,99.8112,-113.155],"tool":false,"touchDistance":0.333333,"touchZone":"none","type":4,"width":15.8833}],"r":[[0.723586,-0.0650826,0.687159],[0.19866,0.973056,-0.11703],[-0.661028,0.221192,0.717019]],"s":0.862576,"t":[176.052,-64.5733,-167.472],"timestamp":15431513976},false],[5,{"currentFrameRate":109,"devices":[],"gestures":[],"hands":[{"armBasis":[[0.909829,-0.202462,-0.362243],[0.313757,0.906921,0.28116],[0.271602,-0.369463,0.888667]],"armWidth":63.029,"confidence":0.739067,"direction":[0.0938281,0.752922,-0.651387],"elbow":[57.9248,127.319,284.714],"grabStrength":0,"id":363,"palmNormal":[-0.311252,-0.599293,-0.737543],"palmPosition":[-18.0613,265.699,10.7739],"palmVelocity":[239.445,148.84,-170.849],"palmWidth":90.0033,"pinchStrength":0.51111,"r":[[0.719277,-0.0644804,0.691724],[0.204799,0.971117,-0.122432],[-0.663851,0.229727,0.711708]],"s":0.868402,"sphereCenter":[-31.9109,252.772,-35.1099],"sphereRadius":47.0528,"stabilizedPalmPosition":[-25.4168,261.335,15.9163],"t":[178.108,-63.2409,-168.91],"timeVisible":22.081,"type":"right","wrist":[-14.6126,225.992,47.376]}],"id":1178371,"interactionBox":{"center":[0,200,0],"size":[235.247,235.247,147.751]},"pointables":[{"bases":[[[0.677242,0.573513,0.460897],[-0.658502,0.193035,0.727401],[0.328204,-0.796128,0.508391]],[[0.449019,0.876436,0.173903],[-0.689169,0.215828,0.691711],[0.568707,-0.43044,0.700923]],[[0.449019,0.876436,0.173903],[-0.868226,0.38198,0.316663],[0.211107,-0.293174,0.932461]],[[0.449019,0.876436,0.173903],[-0.891492,0.452545,0.0211034],[-0.0602031,-0.164509,0.984537]]],"btipPosition":[-78.7292,259.659,-42.1244],"carpPosition":[-44.9225,224.71,46.7245],"dipPosition":[-80.1229,255.851,-19.3326],"direction":[-0.211107,0.293174,-0.932461],"extended":false,"handId":363,"id":3630,"length":51.5512,"mcpPosition":[-44.9225,224.71,46.7245],"pipPosition":[-73.0032,245.963,12.1155],"stabilizedTipPosition":[-89.464,252.846,-28.4784],"timeVisible":22.081,"tipPosition":[-78.3166,258.479,-37.0839],"tipVelocity":[241.967,177.984,-191.935],"tool":false,"touchDistance":-0.47993,"touchZone":"hovering","type":0,"width":20.0304},{"bases":[[[0.948013,-0.14167,-0.284958],[0.297976,0.70954,0.638564],[0.111724,-0.690278,0.714867]],[[0.950242,-0.156828,-0.269155],[0.260883,0.872812,0.412478],[0.170234,-0.462173,0.870297]],[[0.950242,-0.156828,-0.269155],[0.230215,0.935622,0.267606],[0.20986,-0.316254,0.925172]],[[0.950242,-0.156828,-0.269155],[0.204148,0.966138,0.1578],[0.235294,-0.204896,0.950081]]],"btipPosition":[-54.7234,322.998,-74.5088],"carpPosition":[-30.3648,242.101,52.674],"dipPosition":[-50.7469,319.535,-58.4521],"direction":[-0.20986,0.316254,-0.925172],"extended":true,"handId":363,"id":3631,"length":58.1698,"mcpPosition":[-38.4952,292.333,0.651794],"pipPosition":[-45.7295,311.974,-36.3328],"stabilizedTipPosition":[-57.6739,319.728,-68.673],"timeVisible":22.081,"tipPosition":[-54.3143,319.964,-71.1682],"tipVelocity":[347.153,222.318,-201.077],"tool":false,"touchDistance":0.245399,"touchZone":"hovering","type":1,"width":19.133},{"bases":[[[0.88961,-0.352496,-0.290414],[0.456339,0.660047,0.596735],[-0.0186601,-0.663389,0.748042]],[[0.889775,-0.344101,-0.299825],[0.215379,0.895762,-0.388872],[0.402383,0.281433,0.871139]],[[0.889775,-0.344101,-0.299825],[-0.381858,-0.201473,-0.901994],[0.24997,0.917062,-0.310663]],[[0.889775,-0.344101,-0.299825],[-0.448679,-0.779816,-0.436548],[-0.0835916,0.522955,-0.848251]]],"btipPosition":[-41.8801,238.838,-18.7523],"carpPosition":[-18.5058,241.991,49.8993],"dipPosition":[-43.4339,248.559,-34.5198],"direction":[-0.24997,-0.917062,0.310663],"extended":false,"handId":363,"id":3632,"length":66.2798,"mcpPosition":[-17.218,287.772,-1.72421],"pipPosition":[-36.4028,274.354,-43.2581],"stabilizedTipPosition":[-47.9931,238.094,-18.5414],"timeVisible":22.081,"tipPosition":[-42.189,241.012,-22.1955],"tipVelocity":[244.557,133.829,-162.413],"tool":false,"touchDistance":0.333333,"touchZone":"none","type":2,"width":18.7912},{"bases":[[[0.840219,-0.495025,-0.22132],[0.517904,0.611692,0.598003],[-0.160646,-0.617077,0.770331]],[[0.831611,-0.523864,-0.184366],[0.390903,0.787963,-0.475719],[0.394486,0.323544,0.860058]],[[0.831611,-0.523864,-0.184366],[-0.354199,-0.244616,-0.90261],[0.427746,0.815923,-0.388978]],[[0.831611,-0.523864,-0.184366],[-0.549534,-0.728265,-0.409441],[0.0802242,0.441811,-0.893514]]],"btipPosition":[-28.011,232.267,-12.2567],"carpPosition":[-7.32687,238.854,46.3119],"dipPosition":[-26.5284,240.432,-28.7701],"direction":[-0.427746,-0.815923,0.388978],"extended":false,"handId":363,"id":3633,"length":63.7298,"mcpPosition":[2.6269,277.089,-1.41834],"pipPosition":[-14.8074,262.79,-39.4287],"stabilizedTipPosition":[-31.6355,232.074,-13.7451],"timeVisible":22.081,"tipPosition":[-27.5808,234.428,-16.4193],"tipVelocity":[235.478,124.032,-138.624],"tool":false,"touchDistance":0.333333,"touchZone":"none","type":3,"width":17.881},{"bases":[[[0.718779,-0.657336,-0.22642],[0.626043,0.470315,0.621992],[-0.302369,-0.588824,0.749573]],[[0.651075,-0.754238,-0.0850046],[0.634119,0.602068,-0.485187],[0.417125,0.26199,0.870269]],[[0.651075,-0.754238,-0.0850046],[-0.34724,-0.1964,-0.916979],[0.674926,0.62654,-0.389773]],[[0.651075,-0.754238,-0.0850046],[-0.706407,-0.561171,-0.431366],[0.277651,0.3409,-0.898163]]],"btipPosition":[-13.7668,236.16,-10.304],"carpPosition":[1.27113,229.485,40.2728],"dipPosition":[-9.03293,241.973,-25.6175],"direction":[-0.674926,-0.62654,0.389773],"extended":false,"handId":363,"id":3634,"length":49.963,"mcpPosition":[18.6139,263.258,-2.72005],"pipPosition":[4.02467,254.094,-33.1584],"stabilizedTipPosition":[-15.6999,235.932,-12.1677],"timeVisible":22.081,"tipPosition":[-12.2874,237.924,-14.6336],"tipVelocity":[231.091,112.397,-121.528],"tool":false,"touchDistance":0.333333,"touchZone":"none","type":4,"width":15.8833}],"r":[[0.719277,-0.0644804,0.691724],[0.204799,0.971117,-0.122432],[-0.663851,0.229727,0.711708]],"s":0.868402,"t":[178.108,-63.2409,-168.91],"timestamp":15431523217},false],[6,{"currentFrameRate":109.074,"devices":[],"gestures":[],"hands":[{"armBasis":[[0.911267,-0.201329,-0.359248],[0.312823,0.905761,0.285902],[0.267832,-0.372914,0.88837]],"armWidth":63.029,"confidence":0.753754,"direction":[0.101482,0.74896,-0.654798],"elbow":[58.188,127.968,283.459],"grabStrength":0,"id":363,"palmNormal":[-0.304741,-0.603152,-0.737117],"palmPosition":[-16.3647,267.059,9.33362],"palmVelocity":[225.2,149.311,-167.688],"palmWidth":90.0033,"pinchStrength":0.506119,"r":[[0.7144,-0.0633498,0.696864],[0.210262,0.969304,-0.127436],[-0.6674,0.237565,0.705791]],"s":0.874172,"sphereCenter":[-30.0303,254.167,-36.4363],"sphereRadius":47.0487,"stabilizedPalmPosition":[-22.7278,263.036,13.9609],"t":[179.984,-61.8945,-170.349],"timeVisible":22.09,"type":"right","wrist":[-13.3425,227.563,46.1997]}],"id":1178372,"interactionBox":{"center":[0,200,0],"size":[235.247,235.247,147.751]},"pointables":[{"bases":[[[0.673446,0.575225,0.464313],[-0.665471,0.198239,0.719617],[0.321897,-0.79361,0.516299]],[[0.44941,0.876171,0.174229],[-0.694621,0.220098,0.684879],[0.561723,-0.428814,0.707521]],[[0.44941,0.876171,0.174229],[-0.870251,0.385352,0.306866],[0.201728,-0.289532,0.93567]],[[0.44941,0.876171,0.174229],[-0.891032,0.453614,0.0171908],[-0.0639706,-0.162969,0.984555]]],"btipPosition":[-76.7047,261.031,-44.0317],"carpPosition":[-43.6463,226.32,45.2516],"dipPosition":[-78.1856,257.258,-21.2394],"direction":[-0.201728,0.289532,-0.93567],"extended":false,"handId":363,"id":3630,"length":51.5512,"mcpPosition":[-43.6463,226.32,45.2516],"pipPosition":[-71.3821,247.494,10.3168],"stabilizedTipPosition":[-86.1297,254.811,-31.2468],"timeVisible":22.09,"tipPosition":[-76.306,259.805,-39.0008],"tipVelocity":[236.413,171.013,-197.2],"tool":false,"touchDistance":-0.488878,"touchZone":"hovering","type":0,"width":20.0304},{"bases":[[[0.950608,-0.144701,-0.2746],[0.292622,0.712836,0.637368],[0.103517,-0.686241,0.719971]],[[0.952676,-0.159934,-0.258513],[0.259182,0.871727,0.415833],[0.158847,-0.463156,0.871926]],[[0.952676,-0.159934,-0.258513],[0.231018,0.93365,0.273729],[0.197582,-0.320497,0.926414]],[[0.952676,-0.159934,-0.258513],[0.206851,0.96423,0.165753],[0.222756,-0.211383,0.951681]]],"btipPosition":[-51.895,324.581,-76.4349],"carpPosition":[-29.1229,243.725,51.2452],"dipPosition":[-48.1303,321.009,-60.3512],"direction":[-0.197582,0.320497,-0.926414],"extended":true,"handId":363,"id":3631,"length":58.1698,"mcpPosition":[-36.656,293.664,-1.14838],"pipPosition":[-43.4065,313.346,-38.2022],"stabilizedTipPosition":[-54.6072,321.589,-70.548],"timeVisible":22.09,"tipPosition":[-51.5314,321.58,-73.1],"tipVelocity":[336.253,208.559,-204.211],"tool":false,"touchDistance":0.242054,"touchZone":"hovering","type":1,"width":19.133},{"bases":[[[0.891947,-0.355471,-0.27941],[0.451323,0.662871,0.597419],[-0.0271529,-0.658971,0.751678]],[[0.892217,-0.347221,-0.288768],[0.220502,0.892962,-0.392424],[0.394117,0.286454,0.873279]],[[0.892217,-0.347221,-0.288768],[-0.373149,-0.206637,-0.904467],[0.25438,0.914734,-0.31393]],[[0.892217,-0.347221,-0.288768],[-0.445458,-0.781802,-0.436294],[-0.0742685,0.517903,-0.852209]]],"btipPosition":[-39.9283,240.044,-20.2488],"carpPosition":[-17.2369,243.581,48.5903],"dipPosition":[-41.3088,249.671,-36.0898],"direction":[-0.25438,-0.914734,0.31393],"extended":false,"handId":363,"id":3632,"length":66.2798,"mcpPosition":[-15.363,289.058,-3.2841],"pipPosition":[-34.1536,275.4,-44.9201],"stabilizedTipPosition":[-45.3903,239.493,-20.3391],"timeVisible":22.09,"tipPosition":[-40.1998,242.206,-23.7219],"tipVelocity":[237.899,133.057,-163.805],"tool":false,"touchDistance":0.333333,"touchZone":"none","type":2,"width":18.7912},{"bases":[[[0.841652,-0.497522,-0.209984],[0.5128,0.614436,0.599588],[-0.169286,-0.612324,0.77227]],[[0.833029,-0.525007,-0.174443],[0.388034,0.779227,-0.492174],[0.394326,0.342305,0.852839]],[[0.833029,-0.525007,-0.174443],[-0.353342,-0.262279,-0.897975],[0.42569,0.809677,-0.403993]],[[0.833029,-0.525007,-0.174443],[-0.546843,-0.733635,-0.403412],[0.0838165,0.431447,-0.898236]]],"btipPosition":[-26.1791,233.06,-12.7373],"carpPosition":[-6.02727,240.408,45.1337],"dipPosition":[-24.63,241.033,-29.338],"direction":[-0.42569,-0.809677,0.403993],"extended":false,"handId":363,"id":3633,"length":63.7298,"mcpPosition":[4.46181,278.348,-2.71674],"pipPosition":[-12.9654,263.22,-40.408],"stabilizedTipPosition":[-29.337,233.189,-14.8565],"timeVisible":22.09,"tipPosition":[-25.703,235.307,-17.1492],"tipVelocity":[226.915,112.68,-115.695],"tool":false,"touchDistance":0.333333,"touchZone":"none","type":3,"width":17.881},{"bases":[[[0.720026,-0.659685,-0.215355],[0.620481,0.473045,0.625485],[-0.310751,-0.583989,0.749927]],[[0.65055,-0.75588,-0.0736837],[0.641559,0.598883,-0.479312],[0.406431,0.264544,0.874546]],[[0.65055,-0.75588,-0.0736837],[-0.335579,-0.199063,-0.920739],[0.681301,0.623714,-0.383158]],[[0.65055,-0.75588,-0.0736837],[-0.702189,-0.561689,-0.437534],[0.289336,0.336378,-0.896178]]],"btipPosition":[-11.889,237.432,-11.6725],"carpPosition":[2.61679,230.991,39.2359],"dipPosition":[-6.95581,243.167,-26.9522],"direction":[-0.681301,-0.623714,0.383158],"extended":false,"handId":363,"id":3634,"length":49.963,"mcpPosition":[20.4403,264.486,-3.77719],"pipPosition":[6.22512,255.234,-34.3651],"stabilizedTipPosition":[-13.533,237.167,-13.4905],"timeVisible":22.09,"tipPosition":[-10.3845,239.133,-15.8942],"tipVelocity":[226.07,119.644,-129.533],"tool":false,"touchDistance":0.333333,"touchZone":"none","type":4,"width":15.8833}],"r":[[0.7144,-0.0633498,0.696864],[0.210262,0.969304,-0.127436],[-0.6674,0.237565,0.705791]],"s":0.874172,"t":[179.984,-61.894