{"sensorType":"Leap","data":[[0,{"currentFrameRate":110.52,"devices":[],"gestures":[],"hands":[{"armBasis":[[0.935285,-0.177016,-0.306444],[0.297845,0.861386,0.411463],[0.191131,-0.476108,0.858365]],"armWidth":63.029,"confidence":0.716423,"direction":[0.10864,0.758298,-0.642792],"elbow":[43.263,121.94,290.126],"grabStrength":0,"id":363,"palmNormal":[-0.277941,-0.59766,-0.752032],"palmPosition":[-10.364,289.008,24.432],"palmVelocity":[82.4838,-2.69563,-187.574],"palmWidth":90.0033,"pinchStrength":0.354596,"r":[[0.684044,-0.0648728,0.72655],[0.222446,0.967145,-0.123077],[-0.694695,0.245808,0.676]],"s":0.907124,"sphereCenter":[-12.1748,271.095,-24.005],"sphereRadius":49.5181,"stabilizedPalmPosition":[-57.4615,304.664,139.649],"t":[187.22,-38.566,-155.291],"timeVisible":0.903826,"type":"right","wrist":[-7.78278,249.095,60.8803]}],"id":1176069,"interactionBox":{"center":[0,200,0],"size":[235.247,235.247,147.751]},"pointables":[{"bases":[[[0.653859,0.577764,0.488525],[-0.686223,0.18088,0.704543],[0.318695,-0.795909,0.514745]],[[0.462393,0.856175,0.23056],[-0.747242,0.236299,0.621122],[0.477308,-0.459486,0.749032]],[[0.462393,0.856175,0.23056],[-0.859078,0.368221,0.355525],[0.219494,-0.362461,0.905784]],[[0.462393,0.856175,0.23056],[-0.87842,0.47773,-0.0123416],[-0.120712,-0.196822,0.97298]]],"btipPosition":[-66.2097,286.954,-30.9225],"carpPosition":[-38.0338,247.485,59.1345],"dipPosition":[-69.0041,282.398,-8.39824],"direction":[-0.219494,0.362461,-0.905784],"extended":false,"handId":363,"id":3630,"length":51.5512,"mcpPosition":[-38.0338,247.485,59.1345],"pipPosition":[-61.6015,270.173,22.1501],"stabilizedTipPosition":[-123.336,305.985,100.462],"timeVisible":0.903826,"tipPosition":[-67.2941,287.273,-24.95],"tipVelocity":[115.981,-45.7575,-230.309],"tool":false,"touchDistance":-0.661208,"touchZone":"hovering","type":0,"width":20.0304},{"bases":[[[0.959127,-0.129343,-0.251688],[0.266981,0.708422,0.653345],[0.0937954,-0.693836,0.713998]],[[0.963654,-0.202979,-0.173694],[0.25527,0.891352,0.374605],[0.0787859,-0.405329,0.91077]],[[0.963654,-0.202979,-0.173694],[0.241769,0.939216,0.243765],[0.113657,-0.276899,0.954153]],[[0.963654,-0.202979,-0.173694],[0.229209,0.962174,0.147256],[0.137234,-0.181716,0.973728]]],"btipPosition":[-39.1042,342.402,-64.2192],"carpPosition":[-23.8938,264.994,65.7128],"dipPosition":[-36.7849,339.331,-47.7629],"direction":[-0.113657,0.276899,-0.954153],"extended":true,"handId":363,"id":3631,"length":58.1698,"mcpPosition":[-30.7194,315.486,13.7538],"pipPosition":[-34.0675,332.711,-24.9507],"stabilizedTipPosition":[-91.4271,353.479,50.791],"timeVisible":0.903826,"tipPosition":[-37.8056,341.041,-60.6226],"tipVelocity":[90.1632,45.8283,-174.872],"tool":false,"touchDistance":-0.638123,"touchZone":"hovering","type":1,"width":19.133},{"bases":[[[0.903319,-0.340754,-0.260577],[0.427283,0.660951,0.616906],[-0.0379848,-0.668603,0.742649]],[[0.903823,-0.329697,-0.272773],[0.146676,0.837541,-0.526318],[0.401984,0.435689,0.805347]],[[0.903823,-0.329697,-0.272773],[-0.379862,-0.324719,-0.866177],[0.197001,0.886486,-0.418728]],[[0.903823,-0.329697,-0.272773],[-0.419609,-0.807807,-0.413976],[-0.0838612,0.488619,-0.868458]]],"btipPosition":[-32.4693,256.384,1.63705],"carpPosition":[-11.9426,265.033,63.3644],"dipPosition":[-34.0281,265.466,-14.506],"direction":[-0.197001,-0.886486,0.418728],"extended":false,"handId":363,"id":3632,"length":66.2798,"mcpPosition":[-9.32121,311.174,12.1131],"pipPosition":[-28.4869,290.401,-26.284],"stabilizedTipPosition":[-76.644,268.514,103.158],"timeVisible":0.903826,"tipPosition":[-33.1306,258.062,-2.65989],"tipVelocity":[84.0246,8.22679,-180.744],"tool":false,"touchDistance":0.333333,"touchZone":"none","type":2,"width":18.7912},{"bases":[[[0.853086,-0.48428,-0.194208],[0.489301,0.613266,0.620072],[-0.181187,-0.624001,0.760128]],[[0.848335,-0.499591,-0.175317],[0.339285,0.76716,-0.544382],[0.406464,0.402336,0.820313]],[[0.848335,-0.499591,-0.175317],[-0.345664,-0.271784,-0.898137],[0.401053,0.822522,-0.403255]],[[0.848335,-0.499591,-0.175317],[-0.519165,-0.719935,-0.46061],[0.1039,0.48177,-0.870117]]],"btipPosition":[-20.255,251.484,3.93907],"carpPosition":[-0.608087,262.043,60.1602],"dipPosition":[-18.3348,260.387,-12.1419],"direction":[-0.401053,-0.822522,0.403255],"extended":false,"handId":363,"id":3633,"length":63.7298,"mcpPosition":[10.6184,300.707,13.0621],"pipPosition":[-7.34533,282.926,-23.1917],"stabilizedTipPosition":[-59.2128,264.445,92.5056],"timeVisible":0.903826,"tipPosition":[-20.0054,253.165,-0.346996],"tipVelocity":[82.5845,9.61071,-186.085],"tool":false,"touchDistance":0.333333,"touchZone":"none","type":3,"width":17.881},{"bases":[[[0.73373,-0.647874,-0.204693],[0.598088,0.472923,0.64702],[-0.322384,-0.597162,0.734484]],[[0.710197,-0.686852,-0.15445],[0.53322,0.668053,-0.51902],[0.459671,0.286251,0.840692]],[[0.710197,-0.686852,-0.15445],[-0.356084,-0.16121,-0.920443],[0.607309,0.708693,-0.359068]],[[0.710197,-0.686852,-0.15445],[-0.652088,-0.559113,-0.512029],[0.265333,0.464356,-0.844968]]],"btipPosition":[-5.5551,255.421,4.19572],"carpPosition":[8.30478,252.81,54.3735],"dipPosition":[-1.03121,263.338,-10.2109],"direction":[-0.607309,-0.708693,0.359068],"extended":false,"handId":363,"id":3634,"length":49.963,"mcpPosition":[26.7955,287.061,12.2462],"pipPosition":[10.7182,277.049,-17.1577],"stabilizedTipPosition":[-46.9083,269.975,101.479],"timeVisible":0.903826,"tipPosition":[-4.66458,256.754,0.493531],"tipVelocity":[82.9145,6.92537,-185.601],"tool":false,"touchDistance":0.333333,"touchZone":"none","type":4,"width":15.8833}],"r":[[0.684044,-0.0648728,0.72655],[0.222446,0.967145,-0.123077],[-0.694695,0.245808,0.676]],"s":0.907124,"t":[187.22,-38.566,-155.291],"timestamp":15410346046},false],[1,{"currentFrameRate":110.581,"devices":[],"gestures":[],"hands":[{"armBasis":[[0.933268,-0.184344,-0.308266],[0.3042,0.862005,0.405476],[0.190979,-0.472192,0.860559]],"armWidth":63.029,"confidence":0.706339,"direction":[0.112832,0.764183,-0.635054],"elbow":[43.3843,123.27,289.295],"grabStrength":0,"id":363,"palmNormal":[-0.283344,-0.587852,-0.757725],"palmPosition":[-9.98569,289.688,23.4368],"palmVelocity":[71.5275,18.7829,-166.777],"palmWidth":90.0033,"pinchStrength":0.356533,"r":[[0.68329,-0.0688425,0.726895],[0.225691,0.966706,-0.120598],[-0.694391,0.246457,0.676077]],"s":0.906868,"sphereCenter":[-12.0832,272.37,-25.1336],"sphereRadius":49.465,"stabilizedPalmPosition":[-57.378,304.637,139.445],"t":[187.73,-38.2428,-156.488],"timeVisible":0.912762,"type":"right","wrist":[-7.62089,249.38,59.4632]}],"id":1176070,"interactionBox":{"center":[0,200,0],"size":[235.247,235.247,147.751]},"pointables":[{"bases":[[[0.658673,0.568097,0.493371],[-0.683771,0.178282,0.707583],[0.314017,-0.803418,0.505878]],[[0.467647,0.851444,0.237381],[-0.745532,0.23567,0.623412],[0.474856,-0.468512,0.744989]],[[0.467647,0.851444,0.237381],[-0.856715,0.370496,0.358849],[0.217591,-0.371183,0.902706]],[[0.467647,0.851444,0.237381],[-0.875724,0.48277,-0.00640837],[-0.120057,-0.204884,0.971395]]],"btipPosition":[-65.891,288.393,-31.9634],"carpPosition":[-37.8852,247.998,57.7535],"dipPosition":[-68.6703,283.65,-9.4758],"direction":[-0.217591,0.371183,-0.902706],"extended":false,"handId":363,"id":3630,"length":51.5512,"mcpPosition":[-37.8852,247.998,57.7535],"pipPosition":[-61.3318,271.131,20.9687],"stabilizedTipPosition":[-123.103,305.909,99.9419],"timeVisible":0.912762,"tipPosition":[-66.9448,288.638,-25.9967],"tipVelocity":[94.1666,9.37144,-199.501],"tool":false,"touchDistance":-0.63916,"touchZone":"hovering","type":0,"width":20.0304},{"bases":[[[0.957783,-0.133358,-0.254693],[0.272989,0.699709,0.660216],[0.0901657,-0.701871,0.706574]],[[0.961947,-0.206853,-0.178523],[0.261785,0.884889,0.385278],[0.0782776,-0.417352,0.905367]],[[0.961947,-0.206853,-0.178523],[0.248227,0.934655,0.254565],[0.1142,-0.289192,0.950435]],[[0.961947,-0.206853,-0.178523],[0.235518,0.958953,0.157926],[0.138528,-0.193962,0.971179]]],"btipPosition":[-38.5725,344.343,-64.5412],"carpPosition":[-23.6129,265.339,64.489],"dipPosition":[-36.2313,341.065,-48.128],"direction":[-0.1142,0.289192,-0.950435],"extended":true,"handId":363,"id":3631,"length":58.1698,"mcpPosition":[-30.1744,316.415,13.0703],"pipPosition":[-33.501,334.151,-25.4047],"stabilizedTipPosition":[-90.8962,353.38,49.6818],"timeVisible":0.912762,"tipPosition":[-37.2981,342.921,-60.9719],"tipVelocity":[81.9495,91.1561,-137.283],"tool":false,"touchDistance":-0.607622,"touchZone":"hovering","type":1,"width":19.133},{"bases":[[[0.900493,-0.344273,-0.265684],[0.432896,0.651511,0.623004],[-0.0413879,-0.676025,0.735716]],[[0.90105,-0.33315,-0.277703],[0.151754,0.841989,-0.517712],[0.406299,0.424342,0.809231]],[[0.90105,-0.33315,-0.277703],[-0.383702,-0.313825,-0.868497],[0.20219,0.889115,-0.410602]],[[0.90105,-0.33315,-0.277703],[-0.425805,-0.801227,-0.420386],[-0.0824519,0.497037,-0.863803]]],"btipPosition":[-32.3354,257.493,0.37112],"carpPosition":[-11.6657,265.319,62.1202],"dipPosition":[-33.8681,266.732,-15.6854],"direction":[-0.20219,-0.889115,0.410602],"extended":false,"handId":363,"id":3632,"length":66.2798,"mcpPosition":[-8.80947,311.973,11.3474],"pipPosition":[-28.1809,291.741,-27.2349],"stabilizedTipPosition":[-76.409,268.467,102.589],"timeVisible":0.912762,"tipPosition":[-32.992,259.215,-3.90227],"tipVelocity":[65.3642,40.9559,-169.471],"tool":false,"touchDistance":0.333333,"touchZone":"none","type":2,"width":18.7912},{"bases":[[[0.849375,-0.488131,-0.200725],[0.494586,0.603367,0.625566],[-0.184247,-0.630616,0.753907]],[[0.844483,-0.503804,-0.181741],[0.34472,0.770993,-0.535479],[0.409898,0.389553,0.824762]],[[0.844483,-0.503804,-0.181741],[-0.348986,-0.26021,-0.900277],[0.406272,0.823694,-0.395564]],[[0.844483,-0.503804,-0.181741],[-0.525167,-0.712333,-0.465598],[0.10511,0.488634,-0.866134]]],"btipPosition":[-20.1321,252.541,2.54866],"carpPosition":[-0.357617,262.285,58.8653],"dipPosition":[-18.1895,261.571,-13.4587],"direction":[-0.406272,-0.823694,0.395564],"extended":false,"handId":363,"id":3633,"length":63.7298,"mcpPosition":[11.0585,301.358,12.1526],"pipPosition":[-7.05699,284.142,-24.2978],"stabilizedTipPosition":[-59.0408,264.402,92.0982],"timeVisible":0.912762,"tipPosition":[-19.8854,254.243,-1.68638],"tipVelocity":[63.9574,40.1687,-177.247],"tool":false,"touchDistance":0.333333,"touchZone":"none","type":3,"width":17.881},{"bases":[[[0.728867,-0.650776,-0.212704],[0.60244,0.462,0.650862],[-0.325297,-0.602534,0.72879]],[[0.704513,-0.691055,-0.16157],[0.538661,0.668915,-0.512246],[0.462067,0.273853,0.843504]],[[0.704513,-0.691055,-0.16157],[-0.359058,-0.150703,-0.921068],[0.612159,0.706917,-0.354301]],[[0.704513,-0.691055,-0.16157],[-0.657839,-0.550467,-0.514037],[0.266289,0.468433,-0.842414]]],"btipPosition":[-5.40557,256.368,2.88198],"carpPosition":[8.48119,253.05,52.9674],"dipPosition":[-0.865376,264.355,-11.4811],"direction":[-0.612159,-0.706917,0.354301],"extended":false,"handId":363,"id":3634,"length":49.963,"mcpPosition":[27.139,287.609,11.1666],"pipPosition":[10.9779,278.031,-18.3356],"stabilizedTipPosition":[-46.8244,269.952,101.278],"timeVisible":0.912762,"tipPosition":[-4.52147,257.714,-0.810181],"tipVelocity":[64.9668,34.4535,-174.764],"tool":false,"touchDistance":0.333333,"touchZone":"none","type":4,"width":15.8833}],"r":[[0.68329,-0.0688425,0.726895],[0.225691,0.966706,-0.120598],[-0.694391,0.246457,0.676077]],"s":0.906868,"t":[187.73,-38.2428,-156.488],"timestamp":15410354982},false],[2,{"currentFrameRate":110.452,"devices":[],"gestures":[],"hands":[{"armBasis":[[0.928476,-0.194399,-0.316451],[0.316269,0.860542,0.399302],[0.194695,-0.470826,0.860475]],"armWidth":63.029,"confidence":0.707608,"direction":[0.1235,0.765779,-0.631134],"elbow":[44.3794,124.216,287.302],"grabStrength":0,"id":363,"palmNormal":[-0.29182,-0.579855,-0.760664],"palmPosition":[-9.42017,290.484,21.6764],"palmVelocity":[68.5395,37.6673,-173.224],"palmWidth":90.0033,"pinchStrength":0.356195,"r":[[0.682511,-0.0747021,0.727048],[0.231015,0.965814,-0.117629],[-0.693405,0.248241,0.676436]],"s":0.90672,"sphereCenter":[-11.8463,273.496,-26.9537],"sphereRadius":49.4311,"stabilizedPalmPosition":[-57.2914,304.612,139.232],"t":[188.267,-37.683,-157.966],"timeVisible":0.922044,"type":"right","wrist":[-7.61836,249.961,57.4935]}],"id":1176071,"interactionBox":{"center":[0,200,0],"size":[235.247,235.247,147.751]},"pointables":[{"bases":[[[0.666771,0.556152,0.496097],[-0.681012,0.184292,0.708702],[0.30272,-0.81039,0.501626]],[[0.479166,0.843999,0.24097],[-0.742327,0.243185,0.624349],[0.46835,-0.478045,0.743049]],[[0.479166,0.843999,0.24097],[-0.851509,0.380397,0.360875],[0.212914,-0.378107,0.900945]],[[0.479166,0.843999,0.24097],[-0.869373,0.494152,-0.00203168],[-0.120791,-0.208519,0.97053]]],"btipPosition":[-65.4094,290.2,-33.7558],"carpPosition":[-37.8996,249.017,55.7859],"dipPosition":[-68.2057,285.373,-11.2882],"direction":[-0.212914,0.378107,-0.900945],"extended":false,"handId":363,"id":3630,"length":51.5512,"mcpPosition":[-37.8996,249.017,55.7859],"pipPosition":[-61.025,272.621,19.0969],"stabilizedTipPosition":[-122.858,305.837,99.3895],"timeVisible":0.922044,"tipPosition":[-66.4109,290.393,-27.807],"tipVelocity":[82.131,61.0207,-197.838],"tool":false,"touchDistance":-0.630533,"touchZone":"hovering","type":0,"width":20.0304},{"bases":[[[0.955738,-0.145595,-0.25567],[0.283028,0.69235,0.663737],[0.080376,-0.70672,0.702913]],[[0.958898,-0.218881,-0.180573],[0.274119,0.878975,0.390208],[0.0733096,-0.423668,0.902846]],[[0.958898,-0.218881,-0.180573],[0.26104,0.929939,0.258982],[0.111235,-0.295474,0.948853]],[[0.958898,-0.218881,-0.180573],[0.248476,0.955018,0.161863],[0.137021,-0.200078,0.970151]]],"btipPosition":[-37.3212,345.998,-65.9949],"carpPosition":[-23.3815,266.119,62.6065],"dipPosition":[-35.0055,342.617,-49.599],"direction":[-0.111235,0.295474,-0.948853],"extended":true,"handId":363,"id":3631,"length":58.1698,"mcpPosition":[-29.2306,317.548,11.4542],"pipPosition":[-32.346,335.552,-26.9136],"stabilizedTipPosition":[-90.0722,353.256,47.9776],"timeVisible":0.922044,"tipPosition":[-36.0648,344.566,-62.4304],"tipVelocity":[96.6699,114.989,-142.852],"tool":false,"touchDistance":-0.597059,"touchZone":"hovering","type":1,"width":19.133},{"bases":[[[0.895463,-0.355619,-0.267733],[0.442228,0.642084,0.626229],[-0.0507914,-0.679164,0.732227]],[[0.896171,-0.344527,-0.279605],[0.163823,0.842547,-0.513105],[0.412359,0.414024,0.811507]],[[0.896171,-0.344527,-0.279605],[-0.388475,-0.304746,-0.869608],[0.214395,0.887937,-0.406944]],[[0.896171,-0.344527,-0.279605],[-0.437104,-0.793813,-0.422847],[-0.0762721,0.50116,-0.861987]]],"btipPosition":[-32.2042,258.781,-1.51951],"carpPosition":[-11.4363,265.942,60.234],"dipPosition":[-33.622,268.096,-17.5423],"direction":[-0.214395,-0.887937,0.406944],"extended":false,"handId":363,"id":3632,"length":66.2798,"mcpPosition":[-7.93113,312.812,9.70196],"pipPosition":[-27.5915,293.072,-28.9888],"stabilizedTipPosition":[-76.1567,268.423,101.969],"timeVisible":0.922044,"tipPosition":[-32.8379,260.524,-5.77699],"tipVelocity":[51.7291,69.056,-178.879],"tool":false,"touchDistance":0.333333,"touchZone":"none","type":2,"width":18.7912},{"bases":[[[0.842327,-0.499071,-0.203502],[0.50323,0.593059,0.628523],[-0.192989,-0.63183,0.750697]],[[0.837158,-0.514945,-0.184386],[0.355965,0.768884,-0.531137],[0.415278,0.37901,0.82698]],[[0.837158,-0.514945,-0.184386],[-0.353259,-0.251668,-0.901039],[0.417582,0.819448,-0.392595]],[[0.837158,-0.514945,-0.184386],[-0.535622,-0.70353,-0.467071],[0.110795,0.489773,-0.864781]]],"btipPosition":[-20.0587,253.657,0.637948],"carpPosition":[-0.173109,262.765,56.96],"dipPosition":[-18.011,262.709,-15.3444],"direction":[-0.417582,-0.819448,0.392595],"extended":false,"handId":363,"id":3633,"length":63.7298,"mcpPosition":[11.7846,301.913,10.4463],"pipPosition":[-6.56861,285.163,-26.1021],"stabilizedTipPosition":[-58.8637,264.363,91.6712],"timeVisible":0.922044,"tipPosition":[-19.7977,255.363,-3.58418],"tipVelocity":[48.8946,62.8925,-185.134],"tool":false,"touchDistance":0.333333,"touchZone":"none","type":3,"width":17.881},{"bases":[[[0.719524,-0.659929,-0.216284],[0.609076,0.450049,0.653056],[-0.333632,-0.601623,0.725768]],[[0.69399,-0.701022,-0.16415],[0.549541,0.663051,-0.5083],[0.465169,0.262548,0.845391]],[[0.69399,-0.701022,-0.16415],[-0.361798,-0.142436,-0.921311],[0.622479,0.69877,-0.352478]],[[0.69399,-0.701022,-0.16415],[-0.666741,-0.539699,-0.513986],[0.271724,0.466147,-0.841946]]],"btipPosition":[-5.27688,257.294,0.990501],"carpPosition":[8.5326,253.436,51.0118],"dipPosition":[-0.644018,265.242,-13.3646],"direction":[-0.622479,-0.69877,0.352478],"extended":false,"handId":363,"id":3634,"length":49.963,"mcpPosition":[27.6685,287.943,9.38433],"pipPosition":[11.3989,278.761,-20.1839],"stabilizedTipPosition":[-46.7439,269.932,101.082],"timeVisible":0.922044,"tipPosition":[-4.38461,258.629,-2.69893],"tipVelocity":[51.2111,52.5867,-182.886],"tool":false,"touchDistance":0.333333,"touchZone":"none","type":4,"width":15.8833}],"r":[[0.682511,-0.0747021,0.727048],[0.231015,0.965814,-0.117629],[-0.693405,0.248241,0.676436]],"s":0.90672,"t":[188.267,-37.683,-157.966],"timestamp":15410364264},false],[3,{"currentFrameRate":110.642,"devices":[],"gestures":[],"hands":[{"armBasis":[[0.92517,-0.204265,-0.319901],[0.325864,0.859622,0.393525],[0.19461,-0.468322,0.861859]],"armWidth":63.029,"confidence":0.714616,"direction":[0.129485,0.767665,-0.627634],"elbow":[44.5857,125.325,286.283],"grabStrength":0,"id":363,"palmNormal":[-0.299779,-0.573036,-0.762733],"palmPosition":[-8.88062,291.12,20.4959],"palmVelocity":[66.7955,47.1205,-163.203],"palmWidth":90.0033,"pinchStrength":0.355529,"r":[[0.682111,-0.0814957,0.726693],[0.237153,0.964711,-0.114415],[-0.691725,0.250381,0.677367]],"s":0.906646,"sphereCenter":[-11.6814,274.45,-28.1839],"sphereRadius":49.3988,"stabilizedPalmPosition":[-57.2053,304.588,139.021],"t":[188.806,-37.0851,-159.296],"timeVisible":0.930746,"type":"right","wrist":[-7.38925,250.401,56.1041]}],"id":1176072,"interactionBox":{"center":[0,200,0],"size":[235.247,235.247,147.751]},"pointables":[{"bases":[[[0.673736,0.546882,0.496991],[-0.677143,0.187584,0.71154],[0.295901,-0.815924,0.4967]],[[0.487755,0.838438,0.243138],[-0.738401,0.247667,0.627236],[0.465682,-0.485471,0.739904]],[[0.487755,0.838438,0.243138],[-0.846865,0.386827,0.364944],[0.211931,-0.383909,0.898721]],[[0.487755,0.838438,0.243138],[-0.864935,0.501863,0.00450532],[-0.118245,-0.212496,0.969981]]],"btipPosition":[-65.087,291.609,-34.8213],"carpPosition":[-37.6831,249.771,54.4774],"dipPosition":[-67.8243,286.69,-12.3665],"direction":[-0.211931,0.383909,-0.898721],"extended":false,"handId":363,"id":3630,"length":51.5512,"mcpPosition":[-37.6831,249.771,54.4774],"pipPosition":[-60.6768,273.742,17.9437],"stabilizedTipPosition":[-122.596,305.766,98.7975],"timeVisible":0.930746,"tipPosition":[-66.0235,291.75,-28.8867],"tipVelocity":[70.5181,87.2852,-177.81],"tool":false,"touchDistance":-0.611839,"touchZone":"hovering","type":0,"width":20.0304},{"bases":[[[0.953503,-0.153949,-0.259098],[0.291857,0.686102,0.666396],[0.0751766,-0.711031,0.699131]],[[0.956152,-0.227022,-0.185024],[0.283833,0.87403,0.394348],[0.0721907,-0.429572,0.900142]],[[0.956152,-0.227022,-0.185024],[0.270716,0.926146,0.262615],[0.11174,-0.301188,0.946995]],[[0.956152,-0.227022,-0.185024],[0.25796,0.951957,0.165027],[0.13867,-0.20552,0.968779]]],"btipPosition":[-36.5276,347.364,-66.8011],"carpPosition":[-22.9739,266.691,61.3425],"dipPosition":[-34.184,343.89,-50.4284],"direction":[-0.11174,0.301188,-0.946995],"extended":true,"handId":363,"id":3631,"length":58.1698,"mcpPosition":[-28.4447,318.434,10.4655],"pipPosition":[-31.5125,336.689,-27.7874],"stabilizedTipPosition":[-88.9621,353.119,45.699],"timeVisible":0.930746,"tipPosition":[-35.2745,345.923,-63.2453],"tipVelocity":[95.4053,125.526,-129.62],"tool":false,"touchDistance":-0.577859,"touchZone":"hovering","type":1,"width":19.133},{"bases":[[[0.891074,-0.363289,-0.272043],[0.450436,0.63442,0.628187],[-0.0556235,-0.682299,0.728954]],[[0.891856,-0.352235,-0.283767],[0.1711,0.843458,-0.509219],[0.41871,0.405597,0.81251]],[[0.891856,-0.352235,-0.283767],[-0.394228,-0.29774,-0.869446],[0.221761,0.887289,-0.404402]],[[0.891856,-0.352235,-0.283767],[-0.44614,-0.788378,-0.42358],[-0.0745154,0.504372,-0.860266]]],"btipPosition":[-32.0148,259.821,-2.74349],"carpPosition":[-11.0378,266.406,58.9355],"dipPosition":[-33.4,269.196,-18.7343],"direction":[-0.221761,-0.887289,0.404402],"extended":false,"handId":363,"id":3632,"length":66.2798,"mcpPosition":[-7.19911,313.492,8.6293],"pipPosition":[-27.1623,294.154,-30.1093],"stabilizedTipPosition":[-75.8919,268.384,101.314],"timeVisible":0.930746,"tipPosition":[-32.6461,261.582,-6.99112],"tipVelocity":[43.9629,82.9498,-168.454],"tool":false,"touchDistance":0.333333,"touchZone":"none","type":2,"width":18.7912},{"bases":[[[0.836669,-0.50652,-0.208383],[0.510945,0.58477,0.630063],[-0.197283,-0.633626,0.748063]],[[0.831328,-0.52262,-0.189109],[0.362963,0.768196,-0.527383],[0.420894,0.369788,0.828315]],[[0.831328,-0.52262,-0.189109],[-0.358476,-0.244186,-0.901038],[0.424722,0.816849,-0.390345]],[[0.831328,-0.52262,-0.189109],[-0.544279,-0.696678,-0.467333],[0.112489,0.491435,-0.863619]]],"btipPosition":[-19.911,254.583,-0.68724],"carpPosition":[0.183595,263.131,55.6138],"dipPosition":[-17.8321,263.665,-16.6481],"direction":[-0.424722,-0.816849,0.390345],"extended":false,"handId":363,"id":3633,"length":63.7298,"mcpPosition":[12.4074,302.391,9.26325],"pipPosition":[-6.19403,286.048,-27.3442],"stabilizedTipPosition":[-58.6879,264.329,91.243],"timeVisible":0.930746,"tipPosition":[-19.6528,256.29,-4.88634],"tipVelocity":[40.5953,74.7181,-176.218],"tool":false,"touchDistance":0.333333,"touchZone":"none","type":3,"width":17.881},{"bases":[[[0.712211,-0.666062,-0.221623],[0.615407,0.440577,0.653579],[-0.337682,-0.601874,0.723683]],[[0.685855,-0.707945,-0.168573],[0.556063,0.659237,-0.506162],[0.469465,0.253417,0.845803]],[[0.685855,-0.707945,-0.168573],[-0.366363,-0.135742,-0.920517],[0.628794,0.6931,-0.352464]],[[0.685855,-0.707945,-0.168573],[-0.674585,-0.531567,-0.512223],[0.273019,0.465027,-0.842146]]],"btipPosition":[-5.09367,258.066,-0.318744],"carpPosition":[8.77798,253.746,49.5942],"dipPosition":[-0.438735,265.994,-14.6772],"direction":[-0.628794,-0.6931,0.352464],"extended":false,"handId":363,"id":3634,"length":49.963,"mcpPosition":[28.1462,288.267,8.08635],"pipPosition":[11.7264,279.404,-21.4963],"stabilizedTipPosition":[-46.6705,269.914,100.902],"timeVisible":0.930746,"tipPosition":[-4.20716,259.398,-4.01175],"tipVelocity":[43.3198,62.0874,-174.256],"tool":false,"touchDistance":0.333333,"touchZone":"none","type":4,"width":15.8833}],"r":[[0.682111,-0.0814957,0.726693],[0.237153,0.964711,-0.114415],[-0.691725,0.250381,0.677367]],"s":0.906646,"t":[188.806,-37.0851,-159.296],"timestamp":15410372966},false],[4,{"currentFrameRate":110.459,"devices":[],"gestures":[],"hands":[{"armBasis":[[0.92137,-0.217271,-0.322289],[0.338599,0.855824,0.391044],[0.19086,-0.469423,0.862099]],"armWidth":63.029,"confidence":0.722581,"direction":[0.137038,0.764944,-0.629349],"elbow":[43.9031,125.922,284.318],"grabStrength":0,"id":363,"palmNormal":[-0.310217,-0.570242,-0.760651],"palmPosition":[-8.16946,291.972,18.4092],"palmVelocity":[69.3689,59.5705,-180.074],"palmWidth":90.0033,"pinchStrength":0.355204,"r":[[0.682098,-0.0884822,0.725888],[0.244488,0.963123,-0.112339],[-0.689179,0.254097,0.678577]],"s":0.906877,"sphereCenter":[-11.5113,275.369,-30.1581],"sphereRadius":49.3389,"stabilizedPalmPosition":[-57.1063,304.562,138.778],"t":[189.431,-36.36,-161.004],"timeVisible":0.940122,"type":"right","wrist":[-7.07042,251.292,54.0758]}],"id":1176073,"interactionBox":{"center":[0,200,0],"size":[235.247,235.247,147.751]},"pointables":[{"bases":[[[0.682757,0.538798,0.493497],[-0.671847,0.197503,0.713873],[0.287166,-0.818956,0.496837]],[[0.498913,0.833024,0.239074],[-0.732902,0.258318,0.629385],[0.462536,-0.489226,0.739404]],[[0.498913,0.833024,0.239074],[-0.840683,0.39816,0.367044],[0.210567,-0.384108,0.898956]],[[0.498913,0.833024,0.239074],[-0.858989,0.511917,0.00887382],[-0.114994,-0.209789,0.970961]]],"btipPosition":[-64.6539,293.023,-36.7365],"carpPosition":[-37.3761,251.056,52.5681],"dipPosition":[-67.3159,288.166,-14.259],"direction":[-0.210567,0.384108,-0.898956],"extended":false,"handId":363,"id":3630,"length":51.5512,"mcpPosition":[-37.3761,251.056,52.5681],"pipPosition":[-60.2144,275.212,16.0591],"stabilizedTipPosition":[-122.265,305.686,98.0447],"timeVisible":0.940122,"tipPosition":[-65.5152,293.152,-30.8182],"tipVelocity":[64.1286,105.774,-185.172],"tool":false,"touchDistance":-0.607638,"touchZone":"hovering","type":0,"width":20.0304},{"bases":[[[0.950391,-0.166786,-0.262564],[0.303394,0.683253,0.664166],[0.0686239,-0.710878,0.699959]],[[0.952412,-0.238944,-0.189256],[0.296443,0.870602,0.39265],[0.0709452,-0.430068,0.900005]],[[0.952412,-0.238944,-0.189256],[0.283271,0.923101,0.260079],[0.112558,-0.301313,0.946859]],[[0.952412,-0.238944,-0.189256],[0.27027,0.949083,0.161849],[0.140947,-0.205297,0.968497]]],"btipPosition":[-35.5024,348.474,-68.841],"carpPosition":[-22.4205,267.792,59.3491],"dipPosition":[-33.1204,345.004,-52.4731],"direction":[-0.112558,0.301313,-0.946859],"extended":true,"handId":363,"id":3631,"length":58.1698,"mcpPosition":[-27.4144,319.524,8.41176],"pipPosition":[-30.4293,337.801,-29.8353],"stabilizedTipPosition":[-87.4802,352.969,42.6595],"timeVisible":0.940122,"tipPosition":[-34.2518,347.039,-65.2887],"tipVelocity":[99.6346,123.539,-154.651],"tool":false,"touchDistance":-0.579022,"touchZone":"hovering","type":1,"width":19.133},{"bases":[[[0.885185,-0.375313,-0.274934],[0.461134,0.629447,0.625422],[-0.0616723,-0.680395,0.730246]],[[0.886059,-0.364358,-0.286604],[0.180411,0.840543,-0.510822],[0.427025,0.400913,0.810505]],[[0.886059,-0.364358,-0.286604],[-0.401739,-0.295043,-0.866923],[0.23131,0.883285,-0.407802]],[[0.886059,-0.364358,-0.286604],[-0.457904,-0.784292,-0.418581],[-0.0722675,0.502125,-0.86177]]],"btipPosition":[-31.7651,261.009,-4.6529],"carpPosition":[-10.4986,267.347,56.896],"dipPosition":[-33.1084,270.343,-20.6717],"direction":[-0.23131,-0.883285,0.407802],"extended":false,"handId":363,"id":3632,"length":66.2798,"mcpPosition":[-6.2425,314.302,6.50068],"pipPosition":[-26.6021,295.188,-32.1424],"stabilizedTipPosition":[-75.5681,268.346,100.504],"timeVisible":0.940122,"tipPosition":[-32.3933,262.757,-8.8953],"tipVelocity":[39.3303,95.0988,-178.653],"tool":false,"touchDistance":0.333333,"touchZone":"none","type":2,"width":18.7912},{"bases":[[[0.829163,-0.517723,-0.210835],[0.520997,0.579014,0.62714],[-0.202609,-0.629846,0.749829]],[[0.823536,-0.53414,-0.191003],[0.369568,0.760646,-0.533701],[0.430357,0.368934,0.823821]],[[0.823536,-0.53414,-0.191003],[-0.368251,-0.247284,-0.896238],[0.431485,0.808421,-0.400345]],[[0.823536,-0.53414,-0.191003],[-0.556143,-0.693901,-0.457391],[0.111774,0.482903,-0.868511]]],"btipPosition":[-19.689,255.566,-2.31156],"carpPosition":[0.665987,263.922,53.5358],"dipPosition":[-17.6233,264.49,-18.3629],"direction":[-0.431485,-0.808421,0.400345],"extended":false,"handId":363,"id":3633,"length":63.7298,"mcpPosition":[13.2198,302.948,7.07589],"pipPosition":[-5.7999,286.642,-29.3329],"stabilizedTipPosition":[-58.4807,264.294,90.7325],"timeVisible":0.940122,"tipPosition":[-19.4397,257.278,-6.61368],"tipVelocity":[35.6954,82.1696,-176.003],"tool":false,"touchDistance":0.333333,"touchZone":"none","type":3,"width":17.881},{"bases":[[[0.702582,-0.675647,-0.223338],[0.62366,0.433505,0.650479],[-0.342676,-0.596302,0.725946]],[[0.675357,-0.717839,-0.169116],[0.563784,0.650358,-0.5091],[0.475438,0.248479,0.843929]],[[0.675357,-0.717839,-0.169116],[-0.372413,-0.134021,-0.918339],[0.636555,0.683188,-0.357845]],[[0.675357,-0.717839,-0.169116],[-0.68448,-0.524741,-0.506097],[0.274554,0.457553,-0.845734]]],"btipPosition":[-4.857,258.908,-2.31418],"carpPosition":[9.11349,254.415,47.4978],"dipPosition":[-0.175884,266.709,-16.7338],"direction":[-0.636554,-0.683188,0.357845],"extended":false,"handId":363,"id":3634,"length":49.963,"mcpPosition":[28.7681,288.617,5.86012],"pipPosition":[12.1393,279.926,-23.657],"stabilizedTipPosition":[-46.5946,269.898,100.714],"timeVisible":0.940122,"tipPosition":[-3.9769,260.211,-6.02168],"tipVelocity":[38.3639,69.0763,-185.645],"tool":false,"touchDistance":0.333333,"touchZone":"none","type":4,"width":15.8833}],"r":[[0.682098,-0.0884822,0.725888],[0.244488,0.963123,-0.112339],[-0.689179,0.254097,0.678577]],"s":0.906877,"t":[189.431,-36.36,-161.004],"timestamp":15410382342},false],[5,{"currentFrameRate":110.681,"devices":[],"gestures":[],"hands":[{"armBasis":[[0.919681,-0.225739,-0.321292],[0.345805,0.853255,0.390352],[0.186026,-0.470104,0.862784]],"armWidth":63.029,"confidence":0.732499,"direction":[0.140983,0.763727,-0.629956],"elbow":[42.9326,126.326,283.414],"grabStrength":0,"id":363,"palmNormal":[-0.316283,-0.56822,-0.759665],"palmPosition":[-7.64451,292.553,17.3104],"palmVelocity":[67.0791,61.5936,-166.028],"palmWidth":90.0033,"pinchStrength":0.355882,"r":[[0.682282,-0.0950127,0.724889],[0.251687,0.961436,-0.110876],[-0.6864,0.258094,0.679884]],"s":0.907184,"sphereCenter":[-11.3323,276.046,-31.1734],"sphereRadius":49.2793,"stabilizedPalmPosition":[-57.0058,304.538,138.531],"t":[190.006,-35.707,-162.408],"timeVisible":0.948765,"type":"right","wrist":[-6.74992,251.877,52.988]}],"id":1176074,"interactionBox":{"center":[0,200,0],"size":[235.247,235.247,147.751]},"pointables":[{"bases":[[[0.687904,0.533987,0.491575],[-0.668576,0.202604,0.715512],[0.282479,-0.820859,0.496383]],[[0.504579,0.830386,0.236347],[-0.729923,0.264092,0.63045],[0.461099,-0.490627,0.739373]],[[0.504579,0.830386,0.236347],[-0.837639,0.404513,0.367056],[0.209192,-0.383182,0.899672]],[[0.504579,0.830386,0.236347],[-0.856047,0.516759,0.0119911],[-0.112177,-0.208375,0.971595]]],"btipPosition":[-64.2859,293.833,-37.7845],"carpPosition":[-37.0602,251.861,51.5575],"dipPosition":[-66.8828,289.009,-15.2923],"direction":[-0.209192,0.383182,-0.899672],"extended":false,"handId":363,"id":3630,"length":51.5512,"mcpPosition":[-37.0602,251.861,51.5575],"pipPosition":[-59.8276,276.086,15.05],"stabilizedTipPosition":[-121.911,305.606,97.2377],"timeVisible":0.948765,"tipPosition":[-65.0996,293.958,-31.8721],"tipVelocity":[58.871,102.809,-168.111],"tool":false,"touchDistance":-0.590877,"touchZone":"hovering","type":0,"width":20.0304},{"bases":[[[0.948484,-0.173764,-0.264924],[0.310035,0.681247,0.66316],[0.065245,-0.711132,0.700025]],[[0.950209,-0.24501,-0.192542],[0.303385,0.868437,0.392142],[0.071132,-0.431031,0.899529]],[[0.950209,-0.24501,-0.192542],[0.290015,0.921362,0.258811],[0.11399,-0.301765,0.946543]],[[0.950209,-0.24501,-0.192542],[0.276739,0.947533,0.159991],[0.14324,-0.205309,0.968158]]],"btipPosition":[-34.8833,349.242,-69.8667],"carpPosition":[-21.9664,268.49,58.2947],"dipPosition":[-32.4625,345.773,-53.5045],"direction":[-0.11399,0.301765,-0.946543],"extended":true,"handId":363,"id":3631,"length":58.1698,"mcpPosition":[-26.7144,320.241,7.35261],"pipPosition":[-29.7372,338.558,-30.8742],"stabilizedTipPosition":[-85.9127,352.836,39.452],"timeVisible":0.948765,"tipPosition":[-33.6255,347.821,-66.3159],"tipVelocity":[92.4789,114.351,-145.146],"tool":false,"touchDistance":-0.564858,"touchZone":"hovering","type":1,"width":19.133},{"bases":[[[0.881735,-0.381816,-0.277057],[0.467281,0.626284,0.624032],[-0.064749,-0.679694,0.730632]],[[0.882656,-0.370909,-0.288694],[0.185332,0.839102,-0.511429],[0.431937,0.397912,0.80938]],[[0.882656,-0.370909,-0.288694],[-0.406357,-0.293526,-0.865284],[0.236203,0.881061,-0.409804]],[[0.882656,-0.370909,-0.288694],[-0.464516,-0.782095,-0.415394],[-0.0717125,0.500753,-0.862615]]],"btipPosition":[-31.4906,261.803,-5.63849],"carpPosition":[-10.0543,267.958,55.8114],"dipPosition":[-32.8236,271.111,-21.673],"direction":[-0.236203,-0.881061,0.409804],"extended":false,"handId":363,"id":3632,"length":66.2798,"mcpPosition":[-5.58587,314.865,5.38945],"pipPosition":[-26.1796,295.893,-33.1999],"stabilizedTipPosition":[-75.2206,268.311,99.6322],"timeVisible":0.948765,"tipPosition":[-32.1201,263.546,-9.8789],"tipVelocity":[37.3948,94.0453,-161.621],"tool":false,"touchDistance":0.333333,"touchZone":"none","type":2,"width":18.7912},{"bases":[[[0.824844,-0.523795,-0.212767],[0.526781,0.575419,0.625616],[-0.205265,-0.628118,0.750556]],[[0.819024,-0.540504,-0.192498],[0.373026,0.756539,-0.537122],[0.435949,0.368108,0.821246]],[[0.819024,-0.540504,-0.192498],[-0.374815,-0.250005,-0.892755],[0.434412,0.803339,-0.407349]],[[0.819024,-0.540504,-0.192498],[-0.563193,-0.693251,-0.449685],[0.109607,0.476717,-0.872197]]],"btipPosition":[-19.4012,256.277,-3.09459],"carpPosition":[1.07655,264.45,52.424],"dipPosition":[-17.3755,265.088,-19.214],"direction":[-0.434412,-0.803339,0.407349],"extended":false,"handId":363,"id":3633,"length":63.7298,"mcpPosition":[13.7949,303.369,5.91901],"pipPosition":[-5.47192,287.101,-30.376],"stabilizedTipPosition":[-58.2587,264.26,90.1852],"timeVisible":0.948765,"tipPosition":[-19.1703,257.982,-7.46285],"tipVelocity":[34.7775,81.4083,-153.826],"tool":false,"touchDistance":0.333333,"touchZone":"none","type":3,"width":17.881},{"bases":[[[0.69709,-0.6808,-0.224894],[0.628443,0.429176,0.648743],[-0.345145,-0.593565,0.727018]],[[0.669233,-0.72341,-0.169721],[0.567865,0.64524,-0.511071],[0.479225,0.245647,0.842616]],[[0.669233,-0.72341,-0.169721],[-0.376862,-0.133596,-0.916585],[0.640393,0.67737,-0.362032]],[[0.669233,-0.72341,-0.169721],[-0.690615,-0.521278,-0.501318],[0.274187,0.45271,-0.848454]]],"btipPosition":[-4.58989,259.511,-3.33238],"carpPosition":[9.43944,254.881,46.3677],"dipPosition":[0.0849704,267.229,-17.7984],"direction":[-0.640393,-0.67737,0.362032],"extended":false,"handId":363,"id":3634,"length":49.963,"mcpPosition":[29.2357,288.926,4.66857],"pipPosition":[12.4745,280.334,-24.8026],"stabilizedTipPosition":[-46.5239,269.884,100.538],"timeVisible":0.948765,"tipPosition":[-3.71807,260.802,-7.06126],"tipVelocity":[36.341,68.674,-167.976],"tool":false,"touchDistance":0.333333,"touchZone":"none","type":4,"width":15.8833}],"r":[[0.682282,-0.0950127,0.724889],[0.251687,0.961436,-0.110876],[-0.6864,0.258094,0.679884]],"s":0.907184,"t":[190.006,-35.707,-162.408],"timestamp":15410390985},false],[6,{"currentFrameRate":110.462,"devices":[],"gestures":[],"hands":[{"armBasis":[[0.918214,-0.229819,-0.322593],[0.350194,0.851578,0.390102],[0.18506,-0.471167,0.862412]],"armWidth":63.029,"confidence":0.746898,"direction":[0.144042,0.761478,-0.631984],"elbow":[42.911,126.469,282.547],"grabStrength":0,"id":363,"palmNormal":[-0.319606,-0.568619,-0.757974],"palmPosition":[-7.24681,292.895,16.4426],"palmVelocity":[59.9463,54.3478,-144.846],"palmWidth":90.0033,"pinchStrength":0.354174,"r":[[0.682423,-0.100518,0.724013],[0.258324,0.959748,-0.110239],[-0.683789,0.262259,0.68092]],"s":0.907547,"sphereCenter":[-11.121,276.376,-31.9211],"sphereRadius":49.2164,"stabilizedPalmPosition":[-56.8858,304.51,138.236],"t":[190.492,-35.2094,-163.543],"timeVisible":0.958205,"type":"right","wrist":[-6.51341,252.305,52.221]}],"id":1176075,"interactionBox":{"center":[0,200,0],"size":[235.247,235.247,147.751]},"pointables":[{"bases":[[[0.690832,0.531965,0.489658],[-0.667003,0.20754,0.715566],[0.279032,-0.820939,0.498197]],[[0.506978,0.830212,0.231779],[-0.729199,0.269715,0.628906],[0.459611,-0.487854,0.742129]],[[0.506978,0.830212,0.231779],[-0.836887,0.409718,0.362975],[0.206382,-0.377993,0.902512]],[[0.506978,0.830212,0.231779],[-0.854951,0.518556,0.0126407],[-0.109696,-0.204568,0.972686]]],"btipPosition":[-63.9396,294,-38.783],"carpPosition":[-36.8247,252.428,50.8161],"dipPosition":[-66.479,289.264,-16.2655],"direction":[-0.206382,0.377993,-0.902512],"extended":false,"handId":363,"id":3630,"length":51.5512,"mcpPosition":[-36.8247,252.428,50.8161],"pipPosition":[-59.5186,276.516,14.1725],"stabilizedTipPosition":[-121.501,305.515,96.3034],"timeVisible":0.958205,"tipPosition":[-64.7132,294.153,-32.8645],"tipVelocity":[52.9297,79.0863,-150.114],"tool":false,"touchDistance":-0.575013,"touchZone":"hovering","type":0,"width":20.0304},{"bases":[[[0.947428,-0.178894,-0.265287],[0.313808,0.681432,0.661192],[0.0624916,-0.709681,0.701746]],[[0.948927,-0.248985,-0.193763],[0.307443,0.867633,0.390757],[0.0708226,-0.430371,0.89987]],[[0.948927,-0.248985,-0.193763],[0.293982,0.920717,0.256621],[0.114506,-0.300477,0.946891]],[[0.948927,-0.248985,-0.193763],[0.280542,0.946887,0.157169],[0.144339,-0.203501,0.968377]]],"btipPosition":[-34.3812,349.56,-70.8141],"carpPosition":[-21.6469,269.003,57.499],"dipPosition":[-31.9419,346.121,-54.4483],"direction":[-0.114506,0.300477,-0.946891],"extended":true,"handId":363,"id":3631,"length":58.1698,"mcpPosition":[-26.1945,320.647,6.4316],"pipPosition":[-29.2042,338.937,-31.8097],"stabilizedTipPosition":[-84.0898,352.694,35.7251],"timeVisible":0.958205,"tipPosition":[-33.1256,348.148,-67.2649],"tipVelocity":[81.3757,91.4852,-132.32],"tool":false,"touchDistance":-0.550905,"touchZone":"hovering","type":1,"width":19.133},{"bases":[[[0.879689,-0.386659,-0.276844],[0.47076,0.625632,0.62207],[-0.0673267,-0.677554,0.732385]],[[0.880645,-0.375878,-0.288409],[0.18782,0.835843,-0.515839],[0.434958,0.400102,0.806679]],[[0.880645,-0.375878,-0.288409],[-0.409843,-0.298997,-0.86176],[0.237683,0.877107,-0.417361]],[[0.880645,-0.375878,-0.288409],[-0.468118,-0.784136,-0.407427],[-0.0730091,0.493808,-0.866501]]],"btipPosition":[-31.1595,262.241,-6.15024],"carpPosition":[-9.73957,268.408,55.007],"dipPosition":[-32.5166,271.42,-22.2569],"direction":[-0.237683,-0.877107,0.417361],"extended":false,"handId":363,"id":3632,"length":66.2798,"mcpPosition":[-5.09326,315.167,4.4641],"pipPosition":[-25.831,296.091,-33.9965],"stabilizedTipPosition":[-74.7653,268.27,98.4928],"timeVisible":0.958205,"tipPosition":[-31.8038,263.98,-10.4586],"tipVelocity":[36.5625,79.5343,-131.418],"tool":false,"touchDistance":0.333333,"touchZone":"none","type":2,"width":18.7912},{"bases":[[[0.822185,-0.528207,-0.212151],[0.53002,0.57449,0.623731],[-0.207581,-0.625266,0.752298]],[[0.816232,-0.545027,-0.191601],[0.376579,0.753444,-0.53899],[0.438124,0.367788,0.820231]],[[0.816232,-0.545027,-0.191601],[-0.377382,-0.251891,-0.891142],[0.437433,0.799685,-0.411285]],[[0.816232,-0.545027,-0.191601],[-0.567211,-0.693043,-0.444931],[0.109712,0.471845,-0.874829]]],"btipPosition":[-19.1434,256.694,-3.80619],"carpPosition":[1.37172,264.84,51.619],"dipPosition":[-17.1158,265.415,-19.9742],"direction":[-0.437433,-0.799685,0.411285],"extended":false,"handId":363,"id":3633,"length":63.7298,"mcpPosition":[14.2336,303.582,5.0061],"pipPosition":[-5.12938,287.327,-31.2441],"stabilizedTipPosition":[-57.9893,264.222,89.5202],"timeVisible":0.958205,"tipPosition":[-18.9191,258.37,-8.17349],"tipVelocity":[32.6563,70.1311,-131.739],"tool":false,"touchDistance":0.333333,"touchZone":"none","type":3,"width":17.881},{"bases":[[[0.693682,-0.684638,-0.223777],[0.631012,0.427828,0.647137],[-0.347317,-0.590114,0.728792]],[[0.665094,-0.727755,-0.167397],[0.571116,0.640138,-0.513857],[0.481119,0.24616,0.841385]],[[0.665094,-0.727755,-0.167397],[-0.380007,-0.136866,-0.914802],[0.642841,0.672041,-0.367581]],[[0.665094,-0.727755,-0.167397],[-0.694907,-0.521089,-0.49555],[0.273411,0.445913,-0.852296]]],"btipPosition":[-4.3209,259.849,-4.00628],"carpPosition":[9.68426,255.216,45.5797],"dipPosition":[0.340715,267.451,-18.5378],"direction":[-0.642841,-0.672041,0.367581],"extended":false,"handId":363,"id":3634,"length":49.963,"mcpPosition":[29.6051,289.063,3.77879],"pipPosition":[12.7776,280.453,-25.6493],"stabilizedTipPosition":[-46.4448,269.869,100.34],"timeVisible":0.958205,"tipPosition":[-3.4573,261.12,-7.769],"tipVelocity":[34.0056,58.4658,-140.82],"tool":false,"touchDistance":0.333333,"touchZone":"none","type":4,"width":15.8833}],"r":[[0.682423,-0.100518,0.724013],[0.258324,0.959748,-0.110239],[-0.683789,0.262259,0.68092]]