{"sensorType":"Leap","data":[[0,{"currentFrameRate":110.413,"devices":[],"gestures":[],"hands":[{"armBasis":[[0.8663,-0.311625,-0.390403],[0.476509,0.750032,0.458684],[0.149877,-0.583388,0.798245]],"armWidth":63.029,"confidence":0.315839,"direction":[0.138155,0.902055,-0.408913],"elbow":[-1.48957,91.4511,239.084],"grabStrength":0.339075,"id":362,"palmNormal":[-0.48062,-0.299938,-0.82404],"palmPosition":[-42.7215,296.499,3.48832],"palmVelocity":[182.284,-298.821,-255.813],"palmWidth":90.0033,"pinchStrength":0.329425,"r":[[0.95888,0.0297751,0.282246],[-0.0847519,0.979146,0.184636],[-0.270862,-0.200964,0.941407]],"s":1.06018,"sphereCenter":[-55.2751,295.06,-42.827],"sphereRadius":45.6484,"stabilizedPalmPosition":[-68.8823,328.093,48.4715],"t":[57.6137,23.2315,-103.927],"timeVisible":0.849604,"type":"right","wrist":[-41.5177,247.258,25.8949]}],"id":1174413,"interactionBox":{"center":[0,200,0],"size":[235.247,235.247,147.751]},"pointables":[{"bases":[[[0.805305,0.319397,0.499468],[-0.535911,0.0318858,0.843672],[0.253541,-0.947084,0.196846]],[[0.603993,0.712698,0.356728],[-0.613122,0.129543,0.779295],[0.50919,-0.689406,0.515213]],[[0.603993,0.712698,0.356728],[-0.770438,0.407548,0.490235],[0.204006,-0.570935,0.795245]],[[0.603993,0.712698,0.356728],[-0.796327,0.557911,0.233663],[-0.0324911,-0.425203,0.904515]]],"btipPosition":[-102.809,312.892,-43.6661],"carpPosition":[-71.5393,249.753,29.5329],"dipPosition":[-103.562,303.048,-22.7268],"direction":[-0.204006,0.570935,-0.795245],"extended":false,"handId":362,"id":3620,"length":51.5512,"mcpPosition":[-71.5393,249.753,29.5329],"pipPosition":[-96.6813,283.793,4.09356],"stabilizedTipPosition":[-140.513,361.452,43.9643],"timeVisible":0.849604,"tipPosition":[-103.149,311.105,-38.337],"tipVelocity":[229.779,-427.88,-375.923],"tool":false,"touchDistance":0.309057,"touchZone":"hovering","type":0,"width":20.0304},{"bases":[[[0.876881,-0.154514,-0.455198],[0.473937,0.436261,0.764892],[0.0803987,-0.886454,0.455779]],[[0.880522,-0.226903,-0.416167],[0.434127,0.738527,0.515861],[0.1903,-0.634896,0.748794]],[[0.880522,-0.226903,-0.416167],[0.249462,0.968385,-0.000174806],[0.40305,-0.103664,0.909288]],[[0.880522,-0.226903,-0.416167],[0.0632784,0.926393,-0.371204],[0.469762,0.300519,0.830067]]],"btipPosition":[-85.3858,351.515,-62.7423],"carpPosition":[-53.8726,262.625,38.0146],"dipPosition":[-77.4467,356.594,-48.7139],"direction":[-0.40305,0.103664,-0.909288],"extended":false,"handId":362,"id":3621,"length":58.1698,"mcpPosition":[-59.7233,327.134,4.84673],"pipPosition":[-67.8104,354.115,-26.9744],"stabilizedTipPosition":[-113.567,419.407,56.9099],"timeVisible":0.849604,"tipPosition":[-83.9575,350.614,-59.1794],"tipVelocity":[232.38,-349.184,-453.954],"tool":false,"touchDistance":0.331017,"touchZone":"hovering","type":1,"width":19.133},{"bases":[[[0.785952,-0.34495,-0.513117],[0.617011,0.38429,0.686745],[-0.0397064,-0.856347,0.514872]],[[0.7853,-0.357221,-0.505665],[0.151476,0.90279,-0.402523],[0.600299,0.239506,0.763072]],[[0.7853,-0.357221,-0.505665],[-0.569034,-0.0946508,-0.816848],[0.243934,0.929212,-0.2776]],[[0.7853,-0.357221,-0.505665],[-0.605991,-0.610781,-0.509628],[-0.1268,0.70664,-0.696119]]],"btipPosition":[-72.9411,270.421,-17.6132],"carpPosition":[-42.5561,262.015,33.5524],"dipPosition":[-75.2981,283.557,-30.5528],"direction":[-0.243934,-0.929212,0.2776],"extended":false,"handId":362,"id":3622,"length":66.2798,"mcpPosition":[-39.8159,321.113,-1.97963],"pipPosition":[-68.4368,309.694,-38.3611],"stabilizedTipPosition":[-74.7777,275.758,-19.9215],"timeVisible":0.849604,"tipPosition":[-73.6604,273.421,-20.8113],"tipVelocity":[254.395,-444.313,-167.481],"tool":false,"touchDistance":0.333333,"touchZone":"none","type":2,"width":18.7912},{"bases":[[[0.722778,-0.49519,-0.482057],[0.670007,0.331169,0.664393],[-0.169358,-0.80319,0.571142]],[[0.726509,-0.47644,-0.495166],[0.266816,0.859652,-0.435669],[0.63324,0.1844,0.751667]],[[0.726509,-0.47644,-0.495166],[-0.582133,-0.0438571,-0.81191],[0.36511,0.878112,-0.309214]],[[0.726509,-0.47644,-0.495166],[-0.686267,-0.539733,-0.487572],[-0.0349587,0.694041,-0.719086]]],"btipPosition":[-59.3215,263.609,-19.3043],"carpPosition":[-32.4704,258.881,27.5415],"dipPosition":[-59.9676,276.436,-32.594],"direction":[-0.36511,-0.878112,0.309214],"extended":false,"handId":362,"id":3623,"length":63.7298,"mcpPosition":[-21.9769,308.647,-7.84694],"pipPosition":[-49.963,300.498,-41.0669],"stabilizedTipPosition":[-60.9898,269.263,-21.6175],"timeVisible":0.849604,"tipPosition":[-59.6339,266.424,-22.5456],"tipVelocity":[252.385,-393.998,-161.17],"tool":false,"touchDistance":0.333333,"touchZone":"none","type":3,"width":17.881},{"bases":[[[0.577612,-0.632688,-0.515819],[0.756657,0.177848,0.629159],[-0.306324,-0.753708,0.581455]],[[0.509882,-0.762864,-0.397566],[0.545942,0.644118,-0.53578],[0.664806,0.0561362,0.744904]],[[0.509882,-0.762864,-0.397566],[-0.60875,0.00657082,-0.793335],[0.607819,0.646526,-0.461043]],[[0.509882,-0.762864,-0.397566],[-0.85798,-0.417465,-0.299321],[0.0623712,0.493722,-0.86738]]],"btipPosition":[-44.6693,271.268,-17.909],"carpPosition":[-26.1641,250.927,17.7863],"dipPosition":[-43.6059,279.686,-32.6977],"direction":[-0.607819,-0.646526,0.461043],"extended":false,"handId":362,"id":3624,"length":49.963,"mcpPosition":[-8.59445,294.157,-15.5638],"pipPosition":[-31.8466,292.194,-41.6174],"stabilizedTipPosition":[-52.8175,286.717,-11.7379],"timeVisible":0.849604,"tipPosition":[-43.9445,274.03,-22.4007],"tipVelocity":[206.283,-376.449,-204.252],"tool":false,"touchDistance":0.333333,"touchZone":"none","type":4,"width":15.8833}],"r":[[0.95888,0.0297751,0.282246],[-0.0847519,0.979146,0.184636],[-0.270862,-0.200964,0.941407]],"s":1.06018,"t":[57.6137,23.2315,-103.927],"timestamp":15395134088},false],[1,{"currentFrameRate":110.338,"devices":[],"gestures":[],"hands":[{"armBasis":[[0.865849,-0.310723,-0.392119],[0.475795,0.753716,0.453356],[0.154679,-0.579106,0.800444]],"armWidth":63.029,"confidence":0.33559,"direction":[0.145725,0.898718,-0.413607],"elbow":[-0.237247,91.571,239.33],"grabStrength":0.324079,"id":362,"palmNormal":[-0.475621,-0.302945,-0.825838],"palmPosition":[-42.3372,295.335,2.82273],"palmVelocity":[142.997,-250.672,-204.518],"palmWidth":90.0033,"pinchStrength":0.322703,"r":[[0.956181,0.0363007,0.290518],[-0.0879819,0.982046,0.166866],[-0.279245,-0.185114,0.942207]],"s":1.06488,"sphereCenter":[-54.5549,293.671,-43.5891],"sphereRadius":45.7189,"stabilizedPalmPosition":[-65.4262,323.828,42.5281],"t":[58.5588,21.2981,-105.132],"timeVisible":0.8588,"type":"right","wrist":[-41.5476,246.234,25.5541]}],"id":1174414,"interactionBox":{"center":[0,200,0],"size":[235.247,235.247,147.751]},"pointables":[{"bases":[[[0.802922,0.318745,0.503704],[-0.542322,0.039916,0.839222],[0.247392,-0.947,0.204912]],[[0.604608,0.712121,0.356839],[-0.617343,0.135855,0.774874],[0.503326,-0.688787,0.521762]],[[0.604608,0.712121,0.356839],[-0.772236,0.414273,0.481695],[0.195197,-0.5668,0.800397]],[[0.604608,0.712121,0.356839],[-0.795301,0.564525,0.220927],[-0.0441177,-0.417368,0.907666]]],"btipPosition":[-101.999,311.684,-44.8286],"carpPosition":[-71.5843,248.897,28.9405],"dipPosition":[-103.02,302.022,-23.8163],"direction":[-0.195197,0.5668,-0.800397],"extended":false,"handId":362,"id":3620,"length":51.5512,"mcpPosition":[-71.5843,248.897,28.9405],"pipPosition":[-96.4366,282.906,3.17781],"stabilizedTipPosition":[-136.355,355.806,34.8461],"timeVisible":0.8588,"tipPosition":[-102.38,309.928,-39.5388],"tipVelocity":[188.299,-343.679,-305.64],"tool":false,"touchDistance":0.296262,"touchZone":"hovering","type":0,"width":20.0304},{"bases":[[[0.879648,-0.161668,-0.447307],[0.470063,0.438914,0.765764],[0.0725299,-0.883865,0.462084]],[[0.882633,-0.234278,-0.407521],[0.434011,0.739134,0.515088],[0.180538,-0.631502,0.754063]],[[0.882633,-0.234278,-0.407521],[0.258449,0.966015,0.00441507],[0.392637,-0.10922,0.913185]],[[0.882633,-0.234278,-0.407521],[0.0785449,0.928265,-0.36353],[0.463455,0.288855,0.837719]]],"btipPosition":[-84.0921,350.626,-64.1846],"carpPosition":[-53.922,261.739,37.4775],"dipPosition":[-76.2596,355.507,-50.0269],"direction":[-0.392637,0.10922,-0.913185],"extended":false,"handId":362,"id":3621,"length":58.1698,"mcpPosition":[-59.2001,326.059,3.85085],"pipPosition":[-66.8723,352.896,-28.1942],"stabilizedTipPosition":[-111.698,415.363,49.8651],"timeVisible":0.8588,"tipPosition":[-82.6938,349.752,-60.5874],"tipVelocity":[205.99,-279.961,-369.965],"tool":false,"touchDistance":0.33204,"touchZone":"hovering","type":1,"width":19.133},{"bases":[[[0.78825,-0.352034,-0.504711],[0.613489,0.385752,0.689077],[-0.0478853,-0.8528,0.520038]],[[0.787508,-0.363854,-0.497434],[0.157996,0.899341,-0.407704],[0.595708,0.242478,0.765726]],[[0.787508,-0.363854,-0.497434],[-0.564889,-0.103405,-0.818662],[0.246436,0.925699,-0.286969]],[[0.787508,-0.363854,-0.497434],[-0.603736,-0.617619,-0.504034],[-0.12383,0.69725,-0.706051]]],"btipPosition":[-72.3014,269.338,-18.0923],"carpPosition":[-42.5741,261.045,33.1082],"dipPosition":[-74.6032,282.299,-31.2166],"direction":[-0.246436,-0.925699,0.286969],"extended":false,"handId":362,"id":3622,"length":66.2798,"mcpPosition":[-39.2694,319.898,-2.78037],"pipPosition":[-67.6714,308.337,-39.2885],"stabilizedTipPosition":[-73.5656,273.617,-20.662],"timeVisible":0.8588,"tipPosition":[-73.0608,272.286,-21.4041],"tipVelocity":[203.097,-354.221,-136.509],"tool":false,"touchDistance":0.333333,"touchZone":"none","type":2,"width":18.7912},{"bases":[[[0.724107,-0.501765,-0.473182],[0.666399,0.332233,0.667483],[-0.177713,-0.798657,0.574948]],[[0.727983,-0.483364,-0.486211],[0.274244,0.855275,-0.439653],[0.628356,0.186719,0.755185]],[[0.727983,-0.483364,-0.486211],[-0.576283,-0.0472359,-0.815884],[0.371402,0.874144,-0.312941]],[[0.727983,-0.483364,-0.486211],[-0.685078,-0.540412,-0.48849],[-0.0266358,0.688705,-0.724552]]],"btipPosition":[-58.9009,262.376,-19.837],"carpPosition":[-32.4571,257.824,27.1968],"dipPosition":[-59.3932,275.104,-33.2278],"direction":[-0.371402,-0.874144,0.312941],"extended":false,"handId":362,"id":3623,"length":63.7298,"mcpPosition":[-21.4459,307.309,-8.42738],"pipPosition":[-49.2162,299.057,-41.8029],"stabilizedTipPosition":[-59.8345,266.947,-22.3773],"timeVisible":0.8588,"tipPosition":[-59.1768,265.175,-23.1135],"tipVelocity":[195.674,-322.009,-133.008],"tool":false,"touchDistance":0.333333,"touchZone":"none","type":3,"width":17.881},{"bases":[[[0.578543,-0.63878,-0.507197],[0.752575,0.178272,0.633916],[-0.314513,-0.748452,0.583868]],[[0.51126,-0.764895,-0.391853],[0.546512,0.641238,-0.538645],[0.663278,0.0612348,0.745864]],[[0.51126,-0.764895,-0.391853],[-0.60504,0.00347281,-0.796188],[0.610361,0.644146,-0.461016]],[[0.51126,-0.764895,-0.391853],[-0.855946,-0.412191,-0.312177],[0.0772643,0.495009,-0.865446]]],"btipPosition":[-44.3987,269.662,-18.3581],"carpPosition":[-26.1135,249.777,17.5428],"dipPosition":[-43.0813,278.102,-33.1138],"direction":[-0.610361,-0.644146,0.461016],"extended":false,"handId":362,"id":3624,"length":49.963,"mcpPosition":[-8.07418,292.706,-15.9458],"pipPosition":[-31.2728,290.564,-42.033],"stabilizedTipPosition":[-50.2266,282.227,-14.7126],"timeVisible":0.8588,"tipPosition":[-43.5913,272.453,-22.7833],"tipVelocity":[158.604,-319.861,-160.561],"tool":false,"touchDistance":0.333333,"touchZone":"none","type":4,"width":15.8833}],"r":[[0.956181,0.0363007,0.290518],[-0.0879819,0.982046,0.166866],[-0.279245,-0.185114,0.942207]],"s":1.06488,"t":[58.5588,21.2981,-105.132],"timestamp":15395143284},false],[2,{"currentFrameRate":110.447,"devices":[],"gestures":[],"hands":[{"armBasis":[[0.864492,-0.317716,-0.3895],[0.48002,0.751712,0.452228],[0.149112,-0.577915,0.802359]],"armWidth":63.029,"confidence":0.340068,"direction":[0.143301,0.893058,-0.426512],"elbow":[-0.900115,91.0656,239.06],"grabStrength":0.313435,"id":362,"palmNormal":[-0.479821,-0.31423,-0.819165],"palmPosition":[-41.6463,294.198,1.3809],"palmVelocity":[125.376,-217.503,-193.191],"palmWidth":90.0033,"pinchStrength":0.320817,"r":[[0.954265,0.0424638,0.29593],[-0.0903331,0.984548,0.150015],[-0.284987,-0.169887,0.943356]],"s":1.06869,"sphereCenter":[-54.184,291.951,-44.9121],"sphereRadius":45.7493,"stabilizedPalmPosition":[-62.1646,319.764,36.8845],"t":[59.3768,19.7631,-106.455],"timeVisible":0.867661,"type":"right","wrist":[-40.7237,245.411,24.7718]}],"id":1174415,"interactionBox":{"center":[0,200,0],"size":[235.247,235.247,147.751]},"pointables":[{"bases":[[[0.805436,0.325734,0.495147],[-0.53796,0.0511718,0.841416],[0.24874,-0.944076,0.216447]],[[0.606145,0.71715,0.343925],[-0.611561,0.143782,0.778023],[0.508509,-0.681926,0.525734]],[[0.606145,0.71715,0.343925],[-0.769797,0.420246,0.480422],[0.200001,-0.555958,0.80679]],[[0.606145,0.71715,0.343925],[-0.794154,0.569468,0.212193],[-0.0436801,-0.401749,0.914707]]],"btipPosition":[-101.585,309.833,-46.0657],"carpPosition":[-70.7432,248.112,28.2781],"dipPosition":[-102.597,300.533,-24.8904],"direction":[-0.200001,0.555958,-0.80679],"extended":false,"handId":362,"id":3620,"length":51.5512,"mcpPosition":[-70.7432,248.112,28.2781],"pipPosition":[-95.8515,281.783,2.31928],"stabilizedTipPosition":[-132.299,350.155,25.9148],"timeVisible":0.867661,"tipPosition":[-101.935,308.152,-40.8094],"tipVelocity":[149.976,-304.605,-259.505],"tool":false,"touchDistance":0.283055,"touchZone":"hovering","type":0,"width":20.0304},{"bases":[[[0.877357,-0.167518,-0.449646],[0.473909,0.44937,0.757283],[0.0751988,-0.877499,0.473646]],[[0.880572,-0.23985,-0.408737],[0.436692,0.745707,0.503211],[0.184102,-0.621606,0.761389]],[[0.880572,-0.23985,-0.408737],[0.261205,0.965276,-0.00369866],[0.395431,-0.103507,0.912645]],[[0.880572,-0.23985,-0.408737],[0.0819532,0.926546,-0.367147],[0.466773,0.289802,0.835546]]],"btipPosition":[-83.6793,348.923,-66.2172],"carpPosition":[-53.0405,261.073,36.5481],"dipPosition":[-75.7907,353.821,-52.0962],"direction":[-0.395431,0.103507,-0.912645],"extended":false,"handId":362,"id":3621,"length":58.1698,"mcpPosition":[-58.5129,324.93,2.07996],"pipPosition":[-66.3366,351.346,-30.2764],"stabilizedTipPosition":[-109.864,411.349,42.9318],"timeVisible":0.867661,"tipPosition":[-82.2583,348.115,-62.6086],"tipVelocity":[163.192,-256.049,-332.129],"tool":false,"touchDistance":0.331568,"touchZone":"hovering","type":1,"width":19.133},{"bases":[[[0.785719,-0.358667,-0.503987],[0.61695,0.395205,0.680578],[-0.0449226,-0.845678,0.5318]],[[0.785038,-0.370097,-0.496733],[0.154867,0.893693,-0.421105],[0.599776,0.253656,0.758899]],[[0.785038,-0.370097,-0.496733],[-0.570396,-0.119149,-0.812682],[0.241586,0.921321,-0.304638]],[[0.785038,-0.370097,-0.496733],[-0.605212,-0.629176,-0.487705],[-0.132035,0.683495,-0.717914]]],"btipPosition":[-71.5521,267.97,-18.8397],"carpPosition":[-41.7153,260.322,32.1295],"dipPosition":[-74.0064,280.675,-32.1844],"direction":[-0.241586,-0.921321,0.304638],"extended":false,"handId":362,"id":3622,"length":66.2798,"mcpPosition":[-38.6151,318.684,-4.57076],"pipPosition":[-67.2111,306.59,-40.7533],"stabilizedTipPosition":[-72.6671,271.928,-21.4352],"timeVisible":0.867661,"tipPosition":[-72.3836,270.846,-22.2448],"tipVelocity":[169.903,-301.877,-123.924],"tool":false,"touchDistance":0.333333,"touchZone":"none","type":2,"width":18.7912},{"bases":[[[0.721786,-0.507971,-0.470096],[0.669763,0.34141,0.659437],[-0.174479,-0.790825,0.586645]],[[0.725552,-0.489931,-0.483261],[0.27255,0.8494,-0.451926],[0.631894,0.196183,0.749814]],[[0.725552,-0.489931,-0.483261],[-0.580533,-0.0586626,-0.812121],[0.369534,0.869785,-0.326984]],[[0.725552,-0.489931,-0.483261],[-0.687448,-0.548113,-0.476433],[-0.0314624,0.677894,-0.734487]]],"btipPosition":[-58.2884,260.991,-20.7431],"carpPosition":[-31.6283,257.024,26.2098],"dipPosition":[-58.8699,273.52,-34.3174],"direction":[-0.369534,-0.869785,0.326984],"extended":false,"handId":362,"id":3623,"length":63.7298,"mcpPosition":[-20.8174,306.024,-10.1392],"pipPosition":[-48.7441,297.353,-43.2773],"stabilizedTipPosition":[-59.013,265.159,-23.2428],"timeVisible":0.867661,"tipPosition":[-58.5898,263.725,-24.0512],"tipVelocity":[160.753,-278.496,-125.966],"tool":false,"touchDistance":0.333333,"touchZone":"none","type":3,"width":17.881},{"bases":[[[0.576088,-0.645468,-0.501491],[0.75581,0.187028,0.627513],[-0.311246,-0.740535,0.595596]],[[0.511052,-0.767627,-0.386749],[0.537652,0.636534,-0.552951],[0.670639,0.0746504,0.738018]],[[0.511052,-0.767627,-0.386749],[-0.610073,-0.00697194,-0.792315],[0.605506,0.640859,-0.471871]],[[0.511052,-0.767627,-0.386749],[-0.855816,-0.41252,-0.312101],[0.0800355,0.490486,-0.867766]]],"btipPosition":[-44.0159,267.951,-19.4167],"carpPosition":[-25.3326,248.848,16.6328],"dipPosition":[-42.6513,276.313,-34.212],"direction":[-0.605506,-0.640859,0.471871],"extended":false,"handId":362,"id":3624,"length":49.963,"mcpPosition":[-7.48063,291.323,-17.5284],"pipPosition":[-30.9368,288.712,-43.3411],"stabilizedTipPosition":[-48.1935,278.378,-17.2388],"timeVisible":0.867661,"tipPosition":[-43.176,270.737,-23.7965],"tipVelocity":[127.664,-286.07,-149.703],"tool":false,"touchDistance":0.333333,"touchZone":"none","type":4,"width":15.8833}],"r":[[0.954265,0.0424638,0.29593],[-0.0903331,0.984548,0.150015],[-0.284987,-0.169887,0.943356]],"s":1.06869,"t":[59.3768,19.7631,-106.455],"timestamp":15395152145},false],[3,{"currentFrameRate":110.269,"devices":[],"gestures":[],"hands":[{"armBasis":[[0.86337,-0.322703,-0.387885],[0.482642,0.752348,0.448363],[0.147137,-0.574313,0.805305]],"armWidth":63.029,"confidence":0.347639,"direction":[0.147158,0.886003,-0.439708],"elbow":[-1.15617,91.5122,238.764],"grabStrength":0.296309,"id":362,"palmNormal":[-0.47911,-0.325065,-0.815345],"palmPosition":[-41.164,293.325,-0.441292],"palmVelocity":[104.333,-182.112,-193.472],"palmWidth":90.0033,"pinchStrength":0.319894,"r":[[0.952603,0.0477379,0.300448],[-0.0915453,0.986817,0.13346],[-0.290116,-0.154639,0.944415]],"s":1.07229,"sphereCenter":[-53.6915,290.471,-46.7109],"sphereRadius":45.8147,"stabilizedPalmPosition":[-59.0575,315.852,31.3619],"t":[60.0269,18.5589,-108.028],"timeVisible":0.877045,"type":"right","wrist":[-40.4523,244.895,23.6895]}],"id":1174416,"interactionBox":{"center":[0,200,0],"size":[235.247,235.247,147.751]},"pointables":[{"bases":[[[0.805451,0.330581,0.491899],[-0.539579,0.0657051,0.839367],[0.245158,-0.941488,0.231297]],[[0.607683,0.720416,0.33425],[-0.611185,0.155474,0.776068],[0.507124,-0.675891,0.534786]],[[0.607683,0.720416,0.33425],[-0.769451,0.429869,0.472395],[0.196637,-0.544255,0.815549]],[[0.607683,0.720416,0.33425],[-0.792495,0.577474,0.196154],[-0.0517082,-0.38409,0.921846]]],"btipPosition":[-100.945,308.368,-48.1625],"carpPosition":[-70.4701,247.748,27.0889],"dipPosition":[-102.142,299.476,-26.8219],"direction":[-0.196637,0.544255,-0.815549],"extended":false,"handId":362,"id":3620,"length":51.5512,"mcpPosition":[-70.4701,247.748,27.0889],"pipPosition":[-95.51,281.121,0.683181],"stabilizedTipPosition":[-128.19,344.361,16.7709],"timeVisible":0.877045,"tipPosition":[-101.322,306.779,-42.9272],"tipVelocity":[125.442,-259.538,-248.094],"tool":false,"touchDistance":0.2527,"touchZone":"hovering","type":0,"width":20.0304},{"bases":[[[0.877755,-0.177197,-0.445137],[0.473776,0.459268,0.751405],[0.0712909,-0.870445,0.487077]],[[0.880643,-0.249064,-0.403033],[0.438626,0.750162,0.494836],[0.179094,-0.612555,0.769871]],[[0.880643,-0.249064,-0.403033],[0.26961,0.962951,-0.00596884],[0.389587,-0.103405,0.915166]],[[0.880643,-0.249064,-0.403033],[0.0951144,0.926295,-0.364597],[0.464135,0.282745,0.839425]]],"btipPosition":[-82.6997,347.844,-69.0291],"carpPosition":[-52.7424,260.775,35.1998],"dipPosition":[-74.8556,352.622,-54.8426],"direction":[-0.389587,0.103405,-0.915166],"extended":false,"handId":362,"id":3621,"length":58.1698,"mcpPosition":[-57.9304,324.119,-0.245653],"pipPosition":[-65.5413,350.15,-32.9625],"stabilizedTipPosition":[-107.967,407.261,35.8116],"timeVisible":0.877045,"tipPosition":[-81.3011,347.025,-65.3944],"tipVelocity":[146.155,-216.762,-322.433],"tool":false,"touchDistance":0.330914,"touchZone":"hovering","type":1,"width":19.133},{"bases":[[[0.785602,-0.368848,-0.496769],[0.6168,0.403477,0.675843],[-0.0488484,-0.837351,0.544479]],[[0.784885,-0.379929,-0.4895],[0.158112,0.88662,-0.434632],[0.59913,0.26374,0.755966]],[[0.784885,-0.379929,-0.4895],[-0.57011,-0.13329,-0.810684],[0.242756,0.915362,-0.321218]],[[0.784885,-0.379929,-0.4895],[-0.605465,-0.638251,-0.475445],[-0.131789,0.669545,-0.730987]]],"btipPosition":[-70.9829,266.94,-20.1771],"carpPosition":[-41.4104,259.92,30.8179],"dipPosition":[-73.4326,279.385,-33.7649],"direction":[-0.242756,-0.915362,0.321218],"extended":false,"handId":362,"id":3622,"length":66.2798,"mcpPosition":[-38.0393,317.707,-6.75738],"pipPosition":[-66.6044,305.133,-42.8001],"stabilizedTipPosition":[-71.9529,270.573,-22.6251],"timeVisible":0.877045,"tipPosition":[-71.8385,269.743,-23.6695],"tipVelocity":[138.859,-249.057,-130.909],"tool":false,"touchDistance":0.333333,"touchZone":"none","type":2,"width":18.7912},{"bases":[[[0.721104,-0.517411,-0.460755],[0.669481,0.349195,0.655636],[-0.17834,-0.781248,0.598202]],[[0.724921,-0.499765,-0.474051],[0.277158,0.841651,-0.463472],[0.630613,0.204594,0.748645]],[[0.724921,-0.499765,-0.474051],[-0.57902,-0.0693194,-0.812361],[0.373128,0.863383,-0.339625]],[[0.724921,-0.499765,-0.474051],[-0.688242,-0.553971,-0.468443],[-0.0284993,0.665846,-0.745545]]],"btipPosition":[-57.8393,259.9,-22.0956],"carpPosition":[-31.3217,256.499,24.9709],"dipPosition":[-58.366,272.206,-35.8743],"direction":[-0.373129,-0.863383,0.339625],"extended":false,"handId":362,"id":3623,"length":63.7298,"mcpPosition":[-20.2717,304.906,-12.0942],"pipPosition":[-48.1417,295.864,-45.1806],"stabilizedTipPosition":[-58.3839,263.707,-24.4512],"timeVisible":0.877045,"tipPosition":[-58.1317,262.564,-25.4405],"tipVelocity":[129.024,-233.92,-132.557],"tool":false,"touchDistance":0.333333,"touchZone":"none","type":3,"width":17.881},{"bases":[[[0.57502,-0.654891,-0.490377],[0.755085,0.194065,0.626247],[-0.314958,-0.730381,0.60609]],[[0.511009,-0.772631,-0.376711],[0.534757,0.62887,-0.564409],[0.672982,0.086969,0.734528]],[[0.511009,-0.772631,-0.376711],[-0.609377,-0.0165347,-0.792708],[0.606242,0.63464,-0.479273]],[[0.511009,-0.772631,-0.376711],[-0.854814,-0.41071,-0.317192],[0.0903533,0.484105,-0.870332]]],"btipPosition":[-43.7751,266.477,-20.8095],"carpPosition":[-25.0326,248.159,15.5329],"dipPosition":[-42.2346,274.731,-35.6486],"direction":[-0.606242,-0.63464,0.479273],"extended":false,"handId":362,"id":3624,"length":49.963,"mcpPosition":[-6.96776,290.051,-19.2302],"pipPosition":[-30.5058,287.009,-44.9209],"stabilizedTipPosition":[-46.5587,274.952,-19.6309],"timeVisible":0.877045,"tipPosition":[-42.8681,269.248,-25.1484],"tipVelocity":[99.8742,-250.131,-149.645],"tool":false,"touchDistance":0.333333,"touchZone":"none","type":4,"width":15.8833}],"r":[[0.952603,0.0477379,0.300448],[-0.0915453,0.986817,0.13346],[-0.290116,-0.154639,0.944415]],"s":1.07229,"t":[60.0269,18.5589,-108.028],"timestamp":15395161529},false],[4,{"currentFrameRate":110.395,"devices":[],"gestures":[],"hands":[{"armBasis":[[0.86508,-0.32437,-0.38265],[0.481213,0.752046,0.450401],[0.141674,-0.573769,0.806671]],"armWidth":63.029,"confidence":0.361455,"direction":[0.149729,0.881339,-0.448133],"elbow":[-2.03712,91.3795,238.365],"grabStrength":0.272409,"id":362,"palmNormal":[-0.474416,-0.333619,-0.814634],"palmPosition":[-40.4447,292.79,-1.71594],"palmVelocity":[98.1383,-149.229,-180.174],"palmWidth":90.0033,"pinchStrength":0.321506,"r":[[0.950902,0.0526488,0.30498],[-0.0925874,0.988687,0.118003],[-0.295317,-0.140446,0.94502]],"s":1.07596,"sphereCenter":[-52.7934,289.511,-48.0162],"sphereRadius":45.8879,"stabilizedPalmPosition":[-56.4757,312.653,26.7738],"t":[60.7117,17.6897,-109.451],"timeVisible":0.88588,"type":"right","wrist":[-39.8742,244.617,22.9259]}],"id":1174417,"interactionBox":{"center":[0,200,0],"size":[235.247,235.247,147.751]},"pointables":[{"bases":[[[0.802616,0.335743,0.493035],[-0.544406,0.0745081,0.835506],[0.24378,-0.939002,0.242582]],[[0.605643,0.724055,0.330061],[-0.61475,0.162376,0.771827],[0.505252,-0.670357,0.543455]],[[0.605643,0.724055,0.330061],[-0.772536,0.43559,0.462005],[0.190746,-0.534794,0.823171]],[[0.605643,0.724055,0.330061],[-0.793204,0.582395,0.177884],[-0.063428,-0.36954,0.927047]]],"btipPosition":[-99.8232,307.196,-49.9348],"carpPosition":[-69.911,247.505,26.1221],"dipPosition":[-101.292,298.641,-28.4739],"direction":[-0.190746,0.534794,-0.823171],"extended":false,"handId":362,"id":3620,"length":51.5512,"mcpPosition":[-69.911,247.505,26.1221],"pipPosition":[-94.8585,280.604,-0.711703],"stabilizedTipPosition":[-124.571,339.308,8.79498],"timeVisible":0.88588,"tipPosition":[-100.294,305.702,-44.6938],"tipVelocity":[123.939,-222.877,-234.411],"tool":false,"touchDistance":0.22367,"touchZone":"hovering","type":0,"width":20.0304},{"bases":[[[0.880299,-0.181847,-0.438185],[0.469457,0.467143,0.749258],[0.0684442,-0.86528,0.496595]],[[0.882943,-0.252906,-0.395538],[0.436318,0.753061,0.492469],[0.173316,-0.607402,0.775257]],[[0.882943,-0.252906,-0.395538],[0.276303,0.961068,0.0022761],[0.379563,-0.111298,0.918447]],[[0.882943,-0.252906,-0.395538],[0.10951,0.930207,-0.350317],[0.45653,0.265995,0.849015]]],"btipPosition":[-81.3662,347.563,-71.1933],"carpPosition":[-52.2298,260.616,34.1977],"dipPosition":[-73.6507,352.058,-56.8446],"direction":[-0.379563,0.111298,-0.918447],"extended":false,"handId":362,"id":3621,"length":58.1698,"mcpPosition":[-57.2106,323.584,-1.9404],"pipPosition":[-64.5759,349.397,-34.8861],"stabilizedTipPosition":[-106.258,403.729,29.5668],"timeVisible":0.88588,"tipPosition":[-80.0048,346.647,-67.5216],"tipVelocity":[146.542,-168.768,-300.35],"tool":false,"touchDistance":0.33144,"touchZone":"hovering","type":1,"width":19.133},{"bases":[[[0.788437,-0.374032,-0.488331],[0.612912,0.410564,0.675112],[-0.0520225,-0.831587,0.552952]],[[0.787698,-0.384759,-0.481137],[0.160414,0.882145,-0.442817],[0.59481,0.271625,0.756585]],[[0.787698,-0.384759,-0.481137],[-0.566416,-0.145153,-0.811236],[0.242292,0.911532,-0.33227]],[[0.787698,-0.384759,-0.481137],[-0.601946,-0.646907,-0.468158],[-0.131123,0.658386,-0.741172]]],"btipPosition":[-70.0196,266.277,-21.2187],"carpPosition":[-40.8727,259.716,29.8904],"dipPosition":[-72.4569,278.515,-34.9958],"direction":[-0.242292,-0.911532,0.33227],"extended":false,"handId":362,"id":3622,"length":66.2798,"mcpPosition":[-37.2826,317.105,-8.26965],"pipPosition":[-65.6418,304.155,-44.3419],"stabilizedTipPosition":[-71.1273,269.682,-23.6851],"timeVisible":0.88588,"tipPosition":[-70.8959,269.011,-24.7782],"tipVelocity":[130.885,-203.468,-128.722],"tool":false,"touchDistance":0.333333,"touchZone":"none","type":2,"width":18.7912},{"bases":[[[0.723725,-0.522209,-0.451131],[0.665705,0.356073,0.655781],[-0.181819,-0.774925,0.605337]],[[0.727588,-0.504854,-0.464476],[0.280567,0.836839,-0.470088],[0.626017,0.211714,0.75052]],[[0.727588,-0.504854,-0.464476],[-0.574355,-0.0780484,-0.814877],[0.375142,0.859669,-0.346752]],[[0.727588,-0.504854,-0.464476],[-0.685563,-0.559649,-0.465614],[-0.0248761,0.657203,-0.753303]]],"btipPosition":[-56.9717,259.19,-23.1148],"carpPosition":[-30.7507,256.234,24.1379],"dipPosition":[-57.4314,271.336,-37.0369],"direction":[-0.375142,-0.859669,0.346752],"extended":false,"handId":362,"id":3623,"length":63.7298,"mcpPosition":[-19.485,304.249,-13.3692],"pipPosition":[-47.1519,294.892,-46.5385],"stabilizedTipPosition":[-57.6496,262.738,-25.4999],"timeVisible":0.88588,"tipPosition":[-57.2503,261.803,-26.4847],"tipVelocity":[121.163,-193.538,-128.918],"tool":false,"touchDistance":0.333333,"touchZone":"none","type":3,"width":17.881},{"bases":[[[0.577809,-0.659995,-0.480149],[0.751471,0.200645,0.628517],[-0.318479,-0.72398,0.611902]],[[0.514366,-0.774762,-0.367657],[0.533494,0.624749,-0.570151],[0.671425,0.0971231,0.734681]],[[0.514366,-0.774762,-0.367657],[-0.605514,-0.0245235,-0.795457],[0.607273,0.631777,-0.481743]],[[0.514366,-0.774762,-0.367657],[-0.851674,-0.41131,-0.324771],[0.100398,0.480175,-0.871408]]],"btipPosition":[-43.085,265.513,-21.7905],"carpPosition":[-24.4077,247.795,14.8245],"dipPosition":[-41.3732,273.7,-36.6479],"direction":[-0.607273,-0.631777,0.481743],"extended":false,"handId":362,"id":3624,"length":49.963,"mcpPosition":[-6.14087,289.32,-20.272],"pipPosition":[-29.6245,285.923,-45.968],"stabilizedTipPosition":[-45.2626,272.419,-21.4999],"timeVisible":0.88588,"tipPosition":[-42.124,268.27,-26.0887],"tipVelocity":[95.1974,-212.47,-139.338],"tool":false,"touchDistance":0.333333,"touchZone":"none","type":4,"width":15.8833}],"r":[[0.950902,0.0526488,0.30498],[-0.0925874,0.988687,0.118003],[-0.295317,-0.140446,0.94502]],"s":1.07596,"t":[60.7117,17.6897,-109.451],"timestamp":15395170364},false],[5,{"currentFrameRate":110.379,"devices":[],"gestures":[],"hands":[{"armBasis":[[0.870396,-0.317241,-0.376523],[0.472031,0.755124,0.454945],[0.139994,-0.573713,0.807004]],"armWidth":63.029,"confidence":0.377146,"direction":[0.149838,0.881422,-0.447933],"elbow":[-2.47791,91.1982,237.912],"grabStrength":0.244647,"id":362,"palmNormal":[-0.463412,-0.337593,-0.819317],"palmPosition":[-40.4285,292.55,-2.34507],"palmVelocity":[71.4612,-115.249,-149.457],"palmWidth":90.0033,"pinchStrength":0.321156,"r":[[0.948767,0.0577931,0.310648],[-0.0947029,0.989946,0.105068],[-0.301452,-0.129104,0.9447]],"s":1.07983,"sphereCenter":[-52.3589,289.205,-48.7402],"sphereRadius":45.9522,"stabilizedPalmPosition":[-54.2726,309.893,22.776],"t":[61.0621,17.1347,-110.478],"timeVisible":0.894968,"type":"right","wrist":[-39.8664,244.421,22.3836]}],"id":1174418,"interactionBox":{"center":[0,200,0],"size":[235.247,235.247,147.751]},"pointables":[{"bases":[[[0.795173,0.341018,0.501404],[-0.554126,0.0728462,0.829239],[0.24626,-0.93723,0.246892]],[[0.597778,0.728083,0.335495],[-0.623261,0.158885,0.765703],[0.50419,-0.666822,0.548763]],[[0.597778,0.728083,0.335495],[-0.780518,0.43311,0.450786],[0.182903,-0.53133,0.827185]],[[0.597778,0.728083,0.335495],[-0.797719,0.581697,0.158976],[-0.0794092,-0.362663,0.928531]]],"btipPosition":[-99.1779,306.387,-51.2498],"carpPosition":[-69.9526,247.146,25.2389],"dipPosition":[-101.016,297.991,-29.7545],"direction":[-0.182903,0.53133,-0.827185],"extended":false,"handId":362,"id":3620,"length":51.5512,"mcpPosition":[-69.9526,247.146,25.2389],"pipPosition":[-94.8476,280.071,-1.857],"stabilizedTipPosition":[-121.233,334.648,1.42813],"timeVisible":0.894968,"tipPosition":[-99.778,304.946,-46.02],"tipVelocity":[106.692,-184.703,-209.332],"tool":false,"touchDistance":0.201885,"touchZone":"hovering","type":0,"width":20.0304},{"bases":[[[0.886142,-0.17766,-0.428005],[0.458443,0.47098,0.753663],[0.0676861,-0.864069,0.498803]],[[0.88871,-0.247699,-0.385798],[0.426736,0.754539,0.498566],[0.167605,-0.607714,0.776268]],[[0.88871,-0.247699,-0.385798],[0.277372,0.960505,0.0222568],[0.365048,-0.126789,0.922315]],[[0.88871,-0.247699,-0.385798],[0.121015,0.938383,-0.323718],[0.442211,0.241004,0.863925]]],"btipPosition":[-80.6854,348.033,-72.4497],"carpPosition":[-52.4359,260.37,33.4894],"dipPosition":[-73.2119,352.106,-57.8491],"direction":[-0.365048,0.126789,-0.922315],"extended":false,"handId":362,"id":3621,"length":58.1698,"mcpPosition":[-57.3616,323.249,-2.80942],"pipPosition":[-64.4842,349.075,-35.7981],"stabilizedTipPosition":[-104.684,400.57,23.8764],"timeVisible":0.894968,"tipPosition":[-79.3638,346.992,-68.739],"tipVelocity":[125.015,-110.656,-253.706],"tool":false,"touchDistance":0.33224,"touchZone":"hovering","type":1,"width":19.133},{"bases":[[[0.795916,-0.370436,-0.478848],[0.603031,0.41508,0.681221],[-0.0535888,-0.830955,0.553753]],[[0.795186,-0.380764,-0.471909],[0.159413,0.882156,-0.443158],[0.585036,0.277164,0.762177]],[[0.795186,-0.380764,-0.471909],[-0.558443,-0.156628,-0.814622],[0.236265,0.91131,-0.337183]],[[0.795186,-0.380764,-0.471909],[-0.591608,-0.657836,-0.466103],[-0.132963,0.649824,-0.748365]]],"btipPosition":[-69.3955,265.944,-21.8482],"carpPosition":[-41.0265,259.526,29.3108],"dipPosition":[-71.8671,278.023,-35.759],"direction":[-0.236265,-0.91131,0.337183],"extended":false,"handId":362,"id":3622,"length":66.2798,"mcpPosition":[-37.3283,316.871,-8.90444],"pipPosition":[-65.2214,303.656,-45.2433],"stabilizedTipPosition":[-70.4383,269.114,-24.4921],"timeVisible":0.894968,"tipPosition":[-70.3253,268.624,-25.5081],"tipVelocity":[113.421,-158.397,-113.199],"tool":false,"touchDistance":0.333333,"touchZone":"none","type":2,"width":18.7912},{"bases":[[[0.731616,-0.51891,-0.442121],[0.656339,0.360852,0.662574],[-0.184276,-0.774931,0.604586]],[[0.735501,-0.501695,-0.455346],[0.28181,0.837711,-0.467785],[0.616134,0.215736,0.757521]],[[0.735501,-0.501695,-0.455346],[-0.564781,-0.0827624,-0.82108],[0.374247,0.861076,-0.34422]],[[0.735501,-0.501695,-0.455346],[-0.677206,-0.564945,-0.471412],[-0.0207401,0.655087,-0.755269]]],"btipPosition":[-56.5055,258.869,-23.8709],"carpPosition":[-30.8216,256.09,23.6778],"dipPosition":[-56.8888,270.976,-37.8293],"direction":[-0.374247,-0.861076,0.34422],"extended":false,"handId":362,"id":3623,"length":63.7298,"mcpPosition":[-19.4037,304.105,-13.7828],"pipPosition":[-46.6338,294.571,-47.2615],"stabilizedTipPosition":[-57.0696,262.143,-26.3684],"timeVisible":0.894968,"tipPosition":[-56.7658,261.461,-27.244],"tipVelocity":[102.357,-149.995,-116.513],"tool":false,"touchDistance":0.333333,"touchZone":"none","type":3,"width":17.881},{"bases":[[[0.5868,-0.657554,-0.472534],[0.743266,0.205859,0.636536],[-0.321281,-0.724737,0.609536]],[[0.524213,-0.770359,-0.36297],[0.531336,0.628964,-0.567526],[0.665495,0.104645,0.739031]],[[0.524213,-0.770359,-0.36297],[-0.597431,-0.0289436,-0.801398],[0.606859,0.636953,-0.475409]],[[0.524213,-0.770359,-0.36297],[-0.844249,-0.414291,-0.340009],[0.111553,0.484674,-0.867552]]],"btipPosition":[-42.8193,264.993,-22.3694],"carpPosition":[-24.328,247.671,14.4503],"dipPosition":[-40.9174,273.257,-37.1611],"direction":[-0.606859,-0.636953,0.475409],"extended":false,"handId":362,"id":3624,"length":49.963,"mcpPosition":[-5.90048,289.24,-20.5105],"pipPosition":[-29.1767,285.58,-46.3587],"stabilizedTipPosition":[-44.2609,270.498,-22.9852],"timeVisible":0.894968,"tipPosition":[-41.8074,267.784,-26.602],"tipVelocity":[78.2668,-168.951,-117.938],"tool":false,"touchDistance":0.333333,"touchZone":"none","type":4,"width":15.8833}],"r":[[0.948767,0.0577931,0.310648],[-0.0947029,0.989946,0.105068],[-0.301452,-0.129104,0.9447]],"s":1.07983,"t":[61.0621,17.1347,-110.478],"timestamp":15395179452},false],[6,{"currentFrameRate":110.404,"devices":[],"gestures":[],"hands":[{"armBasis":[[0.87196,-0.314822,-0.374931],[0.468515,0.758802,0.452452],[0.142056,-0.570181,0.809144]],"armWidth":63.029,"confidence":0.391765,"direction":[0.152143,0.880538,-0.448894],"elbow":[-1.89622,91.4686,238.379],"grabStrength":0.226998,"id":362,"palmNormal":[-0.458427,-0.339501,-0.82133],"palmPosition":[-40.27,291.825,-2.5535],"palmVelocity":[56.6497,-105.685,-114.726],"palmWidth":90.0033,"pinchStrength":0.32523,"r":[[0.946647,0.0621693,0.316218],[-0.0965291,0.990866,0.0941681],[-0.307475,-0.119668,0.944001]],"s":1.08283,"sphereCenter":[-52.056,288.462,-48.9116],"sphereRadius":45.9144,"stabilizedPalmPosition":[-52.3405,307.4,19.281],"t":[61.3166,16.4946,-111.095],"timeVisible":0.903981,"type":"right","wrist":[-39.8355,243.748,22.2794]}],"id":1174419,"interactionBox":{"center":[0,200,0],"size":[235.247,235.247,147.751]},"pointables":[{"bases":[[[0.792062,0.34239,0.505379],[-0.559049,0.0743683,0.825793],[0.245159,-0.93661,0.250317]],[[0.595459,0.729075,0.337458],[-0.627288,0.1595,0.762279],[0.501934,-0.66559,0.552316]],[[0.595459,0.729075,0.337458],[-0.784461,0.437019,0.44004],[0.173347,-0.526749,0.832158]],[[0.595459,0.729075,0.337458],[-0.797393,0.58756,0.137617],[-0.0979439,-0.351032,0.931227]]],"btipPosition":[-98.3016,305.223,-51.9433],"carpPosition":[-69.9391,246.467,24.951],"dipPosition":[-100.569,297.097,-30.3856],"direction":[-0.173347,0.526749,-0.832158],"extended":false,"handId":362,"id":3620,"length":51.5512,"mcpPosition":[-69.9391,246.467,24.951],"pipPosition":[-94.7228,279.332,-2.32036],"stabilizedTipPosition":[-118.133,330.32,-5.2678],"timeVisible":0.903981,"tipPosition":[-99.1161,303.887,-46.6834],"tipVelocity":[101.078,-167.523,-172.498],"tool":false,"touchDistance":0.190566,"touchZone":"hovering","type":0,"width":20.0304},{"bases":[[[0.888727,-0.178205,-0.422382],[0.453795,0.472748,0.755367],[0.0650699,-0.86299,0.501013]],[[0.891079,-0.247305,-0.38055],[0.423219,0.755598,0.499957],[0.163901,-0.606558,0.777962]],[[0.891079,-0.247305,-0.38055],[0.280091,0.959428,0.0323529],[0.357109,-0.135417,0.924194]],[[0.891079,-0.247305,-0.38055],[0.129679,0.942278,-0.308699],[0.434926,0.225726,0.871715]]],"btipPosition":[-80.0654,347.716,-73.0715],"carpPosition":[-52.4767,259.715,33.277],"dipPosition":[-72.715,351.531,-58.3392],"direction":[-0.357109,0.135417,-0.924194],"extended":false,"handId":362,"id":3621,"length":58.1698,"mcpPosition":[-57.2119,322.516,-3.18261],"pipPosition":[-64.1771,348.293,-36.2433],"stabilizedTipPosition":[-103.235,397.708,18.7239],"timeVisible":0.903981,"tipPosition":[-78.7461,346.663,-69.345],"tipVelocity":[108.693,-91.7361,-202],"tool":false,"touchDistance":0.332786,"touchZone":"hovering","type":1,"width":19.133},{"bases":[[[0.798877,-0.371124,-0.473352],[0.59883,0.416753,0.6839],[-0.0565407,-0.82981,0.555174]],[[0.798138,-0.381092,-0.46663],[0.160193,0.88088,-0.445408],[0.580787,0.280746,0.764113]],[[0.798138,-0.381092,-0.46663],[-0.55517,-0.164383,-0.815331],[0.23401,0.909806,-0.342771]],[[0.798138,-0.381092,-0.46663],[-0.587457,-0.664126,-0.462419],[-0.133677,0.643199,-0.75394]]],"btipPosition":[-68.9285,265.201,-21.9209],"carpPosition":[-41.0424,258.867,29.1678],"dipPosition":[-71.4133,277.157,-35.9353],"direction":[-0.234011,-0.909806,0.342771],"extended":false,"handId":362,"id":3622,"length":66.2798,"mcpPosition":[-37.1405,316.133,-9.14561],"pipPosition":[-64.831,302.748,-45.5768],"stabilizedTipPosition":[-69.8911,268.435,-24.8724],"timeVisible":0.903981,"tipPosition":[-69.8886,267.858,-25.6585],"tipVelocity":[96.3923,-138.381,-85.0222],"tool":false,"touchDistance":0.333333,"touchZone":"none","type":2,"width":18.7912},{"bases":[[[0.734419,-0.519545,-0.436694],[0.652269,0.362508,0.665683],[-0.187548,-0.773732,0.605116]],[[0.738349,-0.502481,-0.449837],[0.28482,0.836923,-0.467373],[0.611325,0.216962,0.761058]],[[0.738349,-0.502481,-0.449837],[-0.559902,-0.0848727,-0.824201],[0.375966,0.860412,-0.344006]],[[0.738349,-0.502481,-0.449837],[-0.674202,-0.566843,-0.473435],[-0.0170952,0.652841,-0.757302]]],"btipPosition":[-56.1861,258.134,-24.1037],"carpPosition":[-30.803,255.424,23.6024],"dipPosition":[-56.5021,270.199,-38.0997],"direction":[-0.375966,-0.860412,0.344006],"extended":false,"handId":362,"id":3623,"length":63.7298,"mcpPosition":[-19.1824,303.365,-13.891],"pipPosition":[-46.2,293.776,-47.526],"stabilizedTipPosition":[-56.637,261.484,-26.8776],"timeVisible":0.903981,"tipPosition":[-56.4315,260.707,-27.48],"tipVelocity":[84.4302,-131.479,-91.8469],"tool":false,"touchDistance":0.333333,"touchZone":"none","type":3,"width":17.881},{"bases":[[[0.589839,-0.658312,-0.46767],[0.739408,0.207495,0.640485],[-0.324599,-0.723582,0.60915]],[[0.527813,-0.769233,-0.360129],[0.530463,0.629685,-0.567544],[0.663342,0.108522,0.740406]],[[0.527813,-0.769233,-0.360129],[-0.593461,-0.0306708,-0.804278],[0.607632,0.638231,-0.472699]],[[0.527813,-0.769233,-0.360129],[-0.840883,-0.413496,-0.349194],[0.1197,0.487136,-0.865084]]],"btipPosition":[-42.6313,264.041,-22.509],"carpPosition":[-24.2517,246.988,14.4312],"dipPosition":[-40.5904,272.347,-37.2585],"direction":[-0.607632,-0.638231,0.472699],"extended":false,"handId":362,"id":3624,"length":49.963,"mcpPosition":[-5.63387,288.49,-20.5074],"pipPosition":[-28.8348,284.695,-46.4037],"stabilizedTipPosition":[-43.5075,268.866,-24.0319],"timeVisible":0.903981,"tipPosition":[-41.5858,266.845,-26.6907],"tipVelocity":[63.4602,-151.