{"sensorType":"Leap","data":[[0,{"currentFrameRate":110.177,"devices":[],"gestures":[],"hands":[{"armBasis":[[0.899473,-0.0678481,-0.431678],[0.201529,0.94095,0.272028],[0.387731,-0.331678,0.860032]],"armWidth":63.029,"confidence":0.562539,"direction":[-0.0595193,0.72303,-0.688247],"elbow":[61.4395,105.27,278.679],"grabStrength":0,"id":363,"palmNormal":[-0.262549,-0.676533,-0.688019],"palmPosition":[-53.6753,230.635,11.0212],"palmVelocity":[-70.2351,57.1508,194.033],"palmWidth":90.0033,"pinchStrength":0.456333,"r":[[0.72784,0.0985899,0.678623],[0.0697192,0.973844,-0.216255],[-0.682193,0.204712,0.70193]],"s":0.911666,"sphereCenter":[-66.5505,214.291,-32.4211],"sphereRadius":46.8925,"stabilizedPalmPosition":[-47.269,221.647,-5.20271],"t":[145.076,-97.1096,-172.026],"timeVisible":15.4558,"type":"right","wrist":[-42.1125,193.852,48.9886]}],"id":1177651,"interactionBox":{"center":[0,200,0],"size":[235.247,235.247,147.751]},"pointables":[{"bases":[[[0.610758,0.689962,0.388493],[-0.634438,0.132851,0.761472],[0.473775,-0.71155,0.518878]],[[0.335367,0.934879,0.116315],[-0.642054,0.13646,0.754417],[0.689417,-0.327687,0.646007]],[[0.335367,0.934879,0.116315],[-0.926713,0.305156,0.219278],[0.169504,-0.181329,0.968704]],[[0.335367,0.934879,0.116315],[-0.927159,0.305635,0.216713],[0.16705,-0.180521,0.969281]]],"btipPosition":[-115.498,214.593,-36.5499],"carpPosition":[-71.8737,188.118,50.4567],"dipPosition":[-111.631,210.414,-14.1112],"direction":[-0.169504,0.181329,-0.968704],"extended":false,"handId":363,"id":3630,"length":51.5512,"mcpPosition":[-71.8737,188.118,50.4567],"pipPosition":[-105.915,204.298,18.5592],"stabilizedTipPosition":[-109.028,207.365,-43.2447],"timeVisible":15.4558,"tipPosition":[-114.931,214.279,-31.0144],"tipVelocity":[-102.562,94.2761,227.992],"tool":false,"touchDistance":0.278856,"touchZone":"hovering","type":0,"width":20.0304},{"bases":[[[0.939416,-0.0163662,-0.342389],[0.226954,0.778261,0.585493],[0.256886,-0.627727,0.734825]],[[0.959119,-0.0742459,-0.273091],[0.184254,0.896259,0.403449],[0.214806,-0.437273,0.873299]],[[0.959119,-0.0742459,-0.273091],[0.134229,0.968872,0.208013],[0.249146,-0.236166,0.939229]],[[0.959119,-0.0742459,-0.273091],[0.0929151,0.994095,0.0560592],[0.267316,-0.0791417,0.960353]]],"btipPosition":[-98.0392,278.989,-74.6289],"carpPosition":[-59.7423,207.741,54.6435],"dipPosition":[-93.5215,277.651,-58.3986],"direction":[-0.249146,0.236166,-0.939229],"extended":true,"handId":363,"id":3631,"length":58.1698,"mcpPosition":[-78.4363,253.422,1.16891],"pipPosition":[-87.5648,272.005,-35.9432],"stabilizedTipPosition":[-85.9919,270.575,-89.3258],"timeVisible":15.4558,"tipPosition":[-96.5182,280.174,-70.3568],"tipVelocity":[-145.444,86.7052,254.862],"tool":false,"touchDistance":0.28491,"touchZone":"hovering","type":1,"width":19.133},{"bases":[[[0.912938,-0.233457,-0.334726],[0.38809,0.75032,0.53517],[0.126212,-0.618481,0.775598]],[[0.91202,-0.229064,-0.34022],[0.0242488,0.858172,-0.512789],[0.409428,0.459424,0.788225]],[[0.91202,-0.229064,-0.34022],[-0.406172,-0.389235,-0.826753],[0.056954,0.892203,-0.448029]],[[0.91202,-0.229064,-0.34022],[-0.339632,-0.886822,-0.313365],[-0.229934,0.401344,-0.886596]]],"btipPosition":[-73.7497,197.442,-10.9477],"carpPosition":[-48.191,209.22,51.0758],"dipPosition":[-78.0237,204.902,-27.4279],"direction":[-0.056954,-0.892203,0.448029],"extended":false,"handId":363,"id":3632,"length":66.2798,"mcpPosition":[-56.9011,251.903,-2.44934],"pipPosition":[-76.4217,229.998,-40.0301],"stabilizedTipPosition":[-65.6381,187.482,-36.418],"timeVisible":15.4558,"tipPosition":[-74.8642,199.386,-15.2683],"tipVelocity":[-99.3358,64.7049,223.889],"tool":false,"touchDistance":0.333333,"touchZone":"none","type":2,"width":18.7912},{"bases":[[[0.88969,-0.377821,-0.256326],[0.45615,0.711625,0.534339],[-0.0194761,-0.592319,0.805468]],[[0.887861,-0.404586,-0.219119],[0.205019,0.774214,-0.598799],[0.411911,0.486726,0.770342]],[[0.887861,-0.404586,-0.219119],[-0.389929,-0.408823,-0.825118],[0.244251,0.81803,-0.520738]],[[0.887861,-0.404586,-0.219119],[-0.455358,-0.840932,-0.292374],[-0.0659735,0.359365,-0.930862]]],"btipPosition":[-59.3796,193.7,-5.60462],"carpPosition":[-36.9084,207.567,46.8754],"dipPosition":[-60.5989,200.342,-22.8083],"direction":[-0.244251,-0.81803,0.520738],"extended":false,"handId":363,"id":3633,"length":63.7298,"mcpPosition":[-35.7016,244.268,-3.03195],"pipPosition":[-53.906,222.757,-37.0773],"stabilizedTipPosition":[-49.4109,182.081,-33.2526],"timeVisible":15.4558,"tipPosition":[-59.6841,195.511,-10.3233],"tipVelocity":[-101.128,66.8182,193.63],"tool":false,"touchDistance":0.333333,"touchZone":"none","type":3,"width":17.881},{"bases":[[[0.793775,-0.556188,-0.246121],[0.585451,0.589052,0.557014],[-0.164827,-0.586235,0.793196]],[[0.779867,-0.596907,-0.188441],[0.395625,0.703337,-0.590591],[0.485066,0.38603,0.78466]],[[0.779867,-0.596907,-0.188441],[-0.440753,-0.309895,-0.842438],[0.444461,0.740045,-0.504765]],[[0.779867,-0.596907,-0.188441],[-0.623253,-0.712595,-0.322125],[0.0579965,0.368661,-0.927753]]],"btipPosition":[-44.4903,198.769,-6.67863],"carpPosition":[-27.3909,199.25,40.6767],"dipPosition":[-43.5014,205.055,-22.4967],"direction":[-0.444461,-0.740045,0.504765],"extended":false,"handId":363,"id":3634,"length":49.963,"mcpPosition":[-17.9371,232.874,-4.81816],"pipPosition":[-34.9026,219.372,-32.2623],"stabilizedTipPosition":[-34.9693,188.135,-28.8536],"timeVisible":15.4558,"tipPosition":[-44.2917,200.299,-10.5138],"tipVelocity":[-101.932,60.7734,182.318],"tool":false,"touchDistance":0.333333,"touchZone":"none","type":4,"width":15.8833}],"r":[[0.72784,0.0985899,0.678623],[0.0697192,0.973844,-0.216255],[-0.682193,0.204712,0.70193]],"s":0.911666,"t":[145.076,-97.1096,-172.026],"timestamp":15424897995},false],[1,{"currentFrameRate":110.314,"devices":[],"gestures":[],"hands":[{"armBasis":[[0.897393,-0.072352,-0.43526],[0.204126,0.942629,0.264166],[0.391175,-0.325908,0.860677]],"armWidth":63.029,"confidence":0.59563,"direction":[-0.0612632,0.732457,-0.678051],"elbow":[61.9948,106.24,280.473],"grabStrength":0,"id":363,"palmNormal":[-0.270777,-0.666048,-0.695025],"palmPosition":[-54.1503,230.622,13.2257],"palmVelocity":[-65.8082,41.3287,209.111],"palmWidth":90.0033,"pinchStrength":0.452606,"r":[[0.733014,0.0918753,0.67398],[0.0710801,0.975066,-0.210225],[-0.676489,0.202004,0.708207]],"s":0.911265,"sphereCenter":[-67.4367,214.848,-30.3174],"sphereRadius":46.8649,"stabilizedPalmPosition":[-47.4545,221.889,-4.70587],"t":[144.575,-97.0472,-169.961],"timeVisible":15.4646,"type":"right","wrist":[-42.4772,193.281,50.6102]}],"id":1177652,"interactionBox":{"center":[0,200,0],"size":[235.247,235.247,147.751]},"pointables":[{"bases":[[[0.616815,0.681911,0.393112],[-0.628154,0.125507,0.7679],[0.474301,-0.720587,0.505759]],[[0.340394,0.931781,0.126156],[-0.635781,0.129231,0.760975],[0.692759,-0.339239,0.636398]],[[0.340394,0.931781,0.126156],[-0.923728,0.306312,0.229999],[0.175666,-0.194824,0.964979]],[[0.340394,0.931781,0.126156],[-0.924097,0.306724,0.227958],[0.173712,-0.194176,0.965464]]],"btipPosition":[-116.405,215.48,-34.0942],"carpPosition":[-72.253,187.663,52.2238],"dipPosition":[-112.383,210.984,-11.7439],"direction":[-0.175666,0.194824,-0.964979],"extended":false,"handId":363,"id":3630,"length":51.5512,"mcpPosition":[-72.253,187.663,52.2238],"pipPosition":[-106.459,204.414,20.8009],"stabilizedTipPosition":[-109.427,207.803,-42.3592],"timeVisible":15.4646,"tipPosition":[-115.787,215.084,-28.5753],"tipVelocity":[-101.521,93.7384,240.967],"tool":false,"touchDistance":0.319445,"touchZone":"hovering","type":0,"width":20.0304},{"bases":[[[0.936766,-0.0160383,-0.349588],[0.234895,0.769302,0.594137],[0.25941,-0.638684,0.724423]],[[0.95648,-0.0740721,-0.282239],[0.189944,0.892309,0.40952],[0.22151,-0.445307,0.867545]],[[0.95648,-0.0740721,-0.282239],[0.137715,0.967335,0.212832],[0.257255,-0.242438,0.935438]],[[0.95648,-0.0740721,-0.282239],[0.0946453,0.993704,0.0599512],[0.276021,-0.0840547,0.957469]]],"btipPosition":[-99.1064,279.792,-71.5496],"carpPosition":[-59.9999,207.173,56.582],"dipPosition":[-94.4416,278.372,-55.368],"direction":[-0.257255,0.242438,-0.935438],"extended":true,"handId":363,"id":3631,"length":58.1698,"mcpPosition":[-78.8776,253.652,3.86436],"pipPosition":[-88.291,272.576,-33.0033],"stabilizedTipPosition":[-86.4943,270.946,-88.429],"timeVisible":15.4646,"tipPosition":[-97.5288,280.961,-67.2876],"tipVelocity":[-137.801,87.3105,279.947],"tool":false,"touchDistance":0.335775,"touchZone":"hovering","type":1,"width":19.133},{"bases":[[[0.909339,-0.23309,-0.344631],[0.395523,0.741306,0.542242],[0.129086,-0.629392,0.766291]],[[0.908397,-0.228603,-0.350079],[0.0226372,0.862956,-0.504772],[0.417495,0.450609,0.789081]],[[0.908397,-0.228603,-0.350079],[-0.414325,-0.379802,-0.827094],[0.0561151,0.896377,-0.439727]],[[0.908397,-0.228603,-0.350079],[-0.345544,-0.88188,-0.320761],[-0.235401,0.412346,-0.880089]]],"btipPosition":[-74.485,197.721,-8.82836],"carpPosition":[-48.4687,208.648,52.9482],"dipPosition":[-78.8607,205.385,-25.1877],"direction":[-0.0561151,-0.896377,0.439727],"extended":false,"handId":363,"id":3632,"length":66.2798,"mcpPosition":[-57.3771,252.083,0.0652877],"pipPosition":[-77.2823,230.599,-37.5563],"stabilizedTipPosition":[-65.8025,187.682,-36.0206],"timeVisible":15.4646,"tipPosition":[-75.6343,199.743,-13.1524],"tipVelocity":[-95.7368,57.2032,229.152],"tool":false,"touchDistance":0.333333,"touchZone":"none","type":2,"width":18.7912},{"bases":[[[0.886003,-0.378385,-0.267998],[0.463394,0.702317,0.540386],[-0.016254,-0.602972,0.797597]],[[0.884337,-0.405524,-0.231297],[0.202547,0.779663,-0.592537],[0.420622,0.477154,0.771622]],[[0.884337,-0.405524,-0.231297],[-0.398682,-0.398228,-0.826116],[0.242901,0.822779,-0.513843]],[[0.884337,-0.405524,-0.231297],[-0.461278,-0.835317,-0.299113],[-0.0719089,0.371209,-0.925761]]],"btipPosition":[-60.1345,193.867,-3.69025],"carpPosition":[-37.2253,207,48.6419],"dipPosition":[-61.4635,200.727,-20.7996],"direction":[-0.242901,-0.822779,0.513843],"extended":false,"handId":363,"id":3633,"length":63.7298,"mcpPosition":[-36.2181,244.361,-0.777793],"pipPosition":[-54.8076,223.273,-34.8797],"stabilizedTipPosition":[-49.5617,182.263,-32.9022],"timeVisible":15.4646,"tipPosition":[-60.4702,195.752,-8.39788],"tipVelocity":[-97.6994,55.4201,200.602],"tool":false,"touchDistance":0.333333,"touchZone":"none","type":3,"width":17.881},{"bases":[[[0.78934,-0.556436,-0.259463],[0.59229,0.578866,0.560452],[-0.161662,-0.596065,0.786494]],[[0.775637,-0.597947,-0.202106],[0.39416,0.70896,-0.58482],[0.492976,0.373946,0.785582]],[[0.775637,-0.597947,-0.202106],[-0.448792,-0.297316,-0.842727],[0.443817,0.744354,-0.498963]],[[0.775637,-0.597947,-0.202106],[-0.628988,-0.705586,-0.326378],[0.0525537,0.380273,-0.92338]]],"btipPosition":[-45.245,198.948,-4.92846],"carpPosition":[-27.7927,198.723,42.2615],"dipPosition":[-44.349,205.431,-20.672],"direction":[-0.443817,-0.744354,0.498963],"extended":false,"handId":363,"id":3634,"length":49.963,"mcpPosition":[-18.5204,232.911,-2.84893],"pipPosition":[-35.7626,219.832,-30.3253],"stabilizedTipPosition":[-35.1961,188.412,-28.3963],"timeVisible":15.4646,"tipPosition":[-45.0673,200.527,-8.75406],"tipVelocity":[-98.1632,51.2189,187.181],"tool":false,"touchDistance":0.333333,"touchZone":"none","type":4,"width":15.8833}],"r":[[0.733014,0.0918753,0.67398],[0.0710801,0.975066,-0.210225],[-0.676489,0.202004,0.708207]],"s":0.911265,"t":[144.575,-97.0472,-169.961],"timestamp":15424906817},false],[2,{"currentFrameRate":110.334,"devices":[],"gestures":[],"hands":[{"armBasis":[[0.894966,-0.0748484,-0.439811],[0.205508,0.944171,0.257504],[0.395983,-0.320842,0.860382]],"armWidth":63.029,"confidence":0.627669,"direction":[-0.0658542,0.740663,-0.668641],"elbow":[63.0345,107.287,283.121],"grabStrength":0,"id":363,"palmNormal":[-0.278931,-0.657046,-0.700348],"palmPosition":[-54.6548,230.788,16.5132],"palmVelocity":[-63.0756,35.0074,251.793],"palmWidth":90.0033,"pinchStrength":0.451108,"r":[[0.738417,0.0845601,0.669022],[0.0722844,0.976465,-0.203201],[-0.670459,0.198407,0.714926]],"s":0.910288,"sphereCenter":[-68.3243,215.428,-27.1371],"sphereRadius":46.8399,"stabilizedPalmPosition":[-47.5991,222.068,-4.27981],"t":[144.073,-96.9331,-167.285],"timeVisible":15.4736,"type":"right","wrist":[-42.7215,192.975,53.337]}],"id":1177653,"interactionBox":{"center":[0,200,0],"size":[235.247,235.247,147.751]},"pointables":[{"bases":[[[0.62215,0.675717,0.395392],[-0.620591,0.117766,0.775241],[0.47728,-0.727693,0.492612]],[[0.343587,0.929535,0.133842],[-0.628528,0.121713,0.768205],[0.697783,-0.348068,0.626057]],[[0.343587,0.929535,0.133842],[-0.92097,0.305622,0.241679],[0.183744,-0.206302,0.961081]],[[0.343587,0.929535,0.133842],[-0.921285,0.305977,0.240025],[0.182159,-0.205776,0.961496]]],"btipPosition":[-117.362,216.315,-30.4198],"carpPosition":[-72.4944,187.408,55.1644],"dipPosition":[-113.145,211.552,-8.16134],"direction":[-0.183744,0.206302,-0.961081],"extended":false,"handId":363,"id":3630,"length":51.5512,"mcpPosition":[-72.4944,187.408,55.1644],"pipPosition":[-106.948,204.594,24.252],"stabilizedTipPosition":[-109.779,208.178,-41.4973],"timeVisible":15.4736,"tipPosition":[-116.694,215.849,-24.9146],"tipVelocity":[-101.4,91.5371,286.033],"tool":false,"touchDistance":0.375633,"touchZone":"hovering","type":0,"width":20.0304},{"bases":[[[0.933393,-0.0140321,-0.358582],[0.242353,0.761584,0.601045],[0.264657,-0.647914,0.714258]],[[0.953371,-0.0720983,-0.293062],[0.194162,0.889935,0.412695],[0.231052,-0.450353,0.862437]],[[0.953371,-0.0720983,-0.293062],[0.138915,0.966898,0.214037],[0.26793,-0.244767,0.931828]],[[0.953371,-0.0720983,-0.293062],[0.0935475,0.993816,0.0598274],[0.286936,-0.0844529,0.95422]]],"btipPosition":[-100.487,280.403,-67.394],"carpPosition":[-60.1533,206.835,59.6395],"dipPosition":[-95.6375,278.976,-51.2674],"direction":[-0.26793,0.244767,-0.931828],"extended":true,"handId":363,"id":3631,"length":58.1698,"mcpPosition":[-79.4129,253.985,7.66161],"pipPosition":[-89.2318,273.124,-28.9889],"stabilizedTipPosition":[-86.9493,271.269,-87.5546],"timeVisible":15.4736,"tipPosition":[-98.8497,281.597,-63.1382],"tipVelocity":[-140.665,81.8463,329.213],"tool":false,"touchDistance":0.397675,"touchZone":"hovering","type":1,"width":19.133},{"bases":[[[0.905484,-0.231063,-0.355961],[0.402417,0.733838,0.547305],[0.134756,-0.63882,0.757463]],[[0.904508,-0.226539,-0.361309],[0.0190171,0.867821,-0.496512],[0.426032,0.442228,0.78926]],[[0.904508,-0.226539,-0.361309],[-0.423125,-0.371054,-0.82661],[0.0531945,0.900555,-0.431476]],[[0.904508,-0.226539,-0.361309],[-0.350359,-0.877778,-0.326733],[-0.243132,0.422121,-0.873328]]],"btipPosition":[-75.242,198.15,-5.61868],"carpPosition":[-48.6533,208.326,55.9148],"dipPosition":[-79.7614,205.997,-21.8523],"direction":[-0.0531945,-0.900555,0.431476],"extended":false,"handId":363,"id":3632,"length":66.2798,"mcpPosition":[-57.9529,252.412,3.64127],"pipPosition":[-78.2652,231.328,-33.9888],"stabilizedTipPosition":[-65.9452,187.849,-35.6573],"timeVisible":15.4736,"tipPosition":[-76.4327,200.228,-9.92269],"tipVelocity":[-93.4721,55.8314,264.825],"tool":false,"touchDistance":0.333333,"touchZone":"none","type":2,"width":18.7912},{"bases":[[[0.882516,-0.37721,-0.280853],[0.470172,0.694716,0.544342],[-0.0102183,-0.612439,0.790452]],[[0.881142,-0.404624,-0.24468],[0.200095,0.78791,-0.582374],[0.428428,0.464195,0.775224]],[[0.881142,-0.404624,-0.24468],[-0.407025,-0.385669,-0.828004],[0.240665,0.82918,-0.504521]],[[0.881142,-0.404624,-0.24468],[-0.466049,-0.830613,-0.304763],[-0.0799197,0.382572,-0.920463]]],"btipPosition":[-60.8738,194.345,-0.918752],"carpPosition":[-37.4549,206.704,51.4832],"dipPosition":[-62.3508,201.415,-17.9302],"direction":[-0.240665,-0.82918,0.504521],"extended":false,"handId":363,"id":3633,"length":63.7298,"mcpPosition":[-36.8218,244.651,2.50626],"pipPosition":[-55.7562,224.136,-31.7549],"stabilizedTipPosition":[-49.6978,182.423,-32.5743],"timeVisible":15.4736,"tipPosition":[-61.2524,196.236,-5.50596],"tipVelocity":[-94.3847,56.2139,230.578],"tool":false,"touchDistance":0.333333,"touchZone":"none","type":3,"width":17.881},{"bases":[[[0.785503,-0.555126,-0.273533],[0.598949,0.570734,0.561714],[-0.155707,-0.605061,0.780805]],[[0.772206,-0.597376,-0.216426],[0.389866,0.714457,-0.580995],[0.5017,0.364271,0.784605]],[[0.772206,-0.597376,-0.216426],[-0.457901,-0.287088,-0.841372],[0.440482,0.748814,-0.49523]],[[0.772206,-0.597376,-0.216426],[-0.633815,-0.70041,-0.328184],[0.0444622,0.390599,-0.919487]]],"btipPosition":[-45.9996,199.299,-2.05247],"carpPosition":[-28.1031,198.482,44.9157],"dipPosition":[-45.2415,205.959,-17.7296],"direction":[-0.440482,-0.748814,0.49523],"extended":false,"handId":363,"id":3634,"length":49.963,"mcpPosition":[-19.1723,233.186,0.131469],"pipPosition":[-36.7196,220.446,-27.3107],"stabilizedTipPosition":[-35.3953,188.645,-27.9702],"timeVisible":15.4736,"tipPosition":[-45.8531,200.925,-5.87325],"tipVelocity":[-95.1148,49.0631,223.817],"tool":false,"touchDistance":0.333333,"touchZone":"none","type":4,"width":15.8833}],"r":[[0.738417,0.0845601,0.669022],[0.0722844,0.976465,-0.203201],[-0.670459,0.198407,0.714926]],"s":0.910288,"t":[144.073,-96.9331,-167.285],"timestamp":15424915845},false],[3,{"currentFrameRate":110.329,"devices":[],"gestures":[],"hands":[{"armBasis":[[0.896496,-0.0626688,-0.438598],[0.195749,0.94411,0.265213],[0.397465,-0.323618,0.858658]],"armWidth":63.029,"confidence":0.654874,"direction":[-0.0745237,0.750865,-0.656237],"elbow":[62.7338,106.615,284.757],"grabStrength":0,"id":363,"palmNormal":[-0.274615,-0.648076,-0.710341],"palmPosition":[-55.8004,231.342,19.2647],"palmVelocity":[-80.5447,42.1916,266.023],"palmWidth":90.0033,"pinchStrength":0.449555,"r":[[0.742877,0.0779262,0.664877],[0.0713735,0.97832,-0.19441],[-0.665612,0.191877,0.72121]],"s":0.909342,"sphereCenter":[-69.4066,216.468,-24.6044],"sphereRadius":46.8184,"stabilizedPalmPosition":[-47.7245,222.209,-3.91968],"t":[143.249,-96.5993,-164.571],"timeVisible":15.4827,"type":"right","wrist":[-43.4179,193.044,55.4337]}],"id":1177654,"interactionBox":{"center":[0,200,0],"size":[235.247,235.247,147.751]},"pointables":[{"bases":[[[0.616844,0.67496,0.404887],[-0.61963,0.0992227,0.778597],[0.485348,-0.731153,0.47943]],[[0.335391,0.930324,0.148356],[-0.627697,0.10325,0.77158],[0.702502,-0.351904,0.618591]],[[0.335391,0.930324,0.148356],[-0.923096,0.293079,0.248997],[0.188168,-0.220458,0.957074]],[[0.335391,0.930324,0.148356],[-0.923371,0.293402,0.247591],[0.186812,-0.220027,0.957439]]],"btipPosition":[-118.49,217.073,-27.7434],"carpPosition":[-73.1325,187.168,57.243],"dipPosition":[-114.166,211.979,-5.57888],"direction":[-0.188168,0.220458,-0.957074],"extended":false,"handId":363,"id":3630,"length":51.5512,"mcpPosition":[-73.1325,187.168,57.243],"pipPosition":[-107.819,204.544,26.6993],"stabilizedTipPosition":[-110.095,208.494,-40.7259],"timeVisible":15.4827,"tipPosition":[-117.798,216.501,-22.2567],"tipVelocity":[-106.985,86.9948,287.849],"tool":false,"touchDistance":0.411225,"touchZone":"hovering","type":0,"width":20.0304},{"bases":[[[0.93254,0.000603471,-0.361066],[0.236801,0.753878,0.612856],[0.27257,-0.657014,0.702879]],[[0.953053,-0.0577175,-0.297251],[0.185177,0.8878,0.421332],[0.239581,-0.456596,0.856808]],[[0.953053,-0.0577175,-0.297251],[0.127614,0.966788,0.221438],[0.274598,-0.248975,0.928766]],[[0.953053,-0.0577175,-0.297251],[0.080895,0.994518,0.0662609],[0.291797,-0.0871963,0.952497]]],"btipPosition":[-102.475,281.277,-63.8582],"carpPosition":[-60.9618,206.635,62.0057],"dipPosition":[-97.5438,279.803,-47.7607],"direction":[-0.274598,0.248975,-0.928766],"extended":true,"handId":363,"id":3631,"length":58.1698,"mcpPosition":[-80.7972,254.447,10.8559],"pipPosition":[-90.9786,273.851,-25.5554],"stabilizedTipPosition":[-87.3901,271.565,-86.7154],"timeVisible":15.4827,"tipPosition":[-100.835,282.476,-59.5933],"tipVelocity":[-161.79,85.5304,345.734],"tool":false,"touchDistance":0.444177,"touchZone":"hovering","type":1,"width":19.133},{"bases":[[[0.906667,-0.216694,-0.361936],[0.396976,0.72852,0.558273],[0.142703,-0.649848,0.746547]],[[0.905643,-0.212127,-0.367167],[0.00889082,0.875188,-0.483701],[0.423947,0.434796,0.794494]],[[0.905643,-0.212127,-0.367167],[-0.421845,-0.362714,-0.830954],[0.0430911,0.907436,-0.417975]],[[0.905643,-0.212127,-0.367167],[-0.342877,-0.875788,-0.339751],[-0.249491,0.433586,-0.865885]]],"btipPosition":[-76.1214,198.827,-3.27022],"carpPosition":[-49.486,208.295,58.2777],"dipPosition":[-80.759,206.887,-19.3655],"direction":[-0.0430911,-0.907436,0.417975],"extended":false,"handId":363,"id":3632,"length":66.2798,"mcpPosition":[-59.3341,253.142,6.75739],"pipPosition":[-79.5469,232.411,-31.1223],"stabilizedTipPosition":[-66.071,187.993,-35.3363],"timeVisible":15.4827,"tipPosition":[-77.3427,200.97,-7.54084],"tipVelocity":[-95.2553,62.5213,264.14],"tool":false,"touchDistance":0.333333,"touchZone":"none","type":2,"width":18.7912},{"bases":[[[0.885262,-0.364261,-0.289179],[0.465086,0.690089,0.554502],[-0.00242395,-0.625373,0.780322]],[[0.884257,-0.392021,-0.253788],[0.187917,0.796195,-0.575118],[0.427523,0.460862,0.777708]],[[0.884257,-0.392021,-0.253788],[-0.407315,-0.381588,-0.82975],[0.228437,0.837084,-0.497098]],[[0.884257,-0.392021,-0.253788],[-0.45859,-0.831588,-0.313299],[-0.0882277,0.393422,-0.915115]]],"btipPosition":[-61.6578,195.023,1.60608],"carpPosition":[-38.2846,206.85,53.7924],"dipPosition":[-63.2884,202.294,-15.3065],"direction":[-0.228437,-0.837084,0.497098],"extended":false,"handId":363,"id":3633,"length":63.7298,"mcpPosition":[-38.1344,245.599,5.4431],"pipPosition":[-57.0288,225.231,-28.9278],"stabilizedTipPosition":[-49.8189,182.563,-32.277],"timeVisible":15.4827,"tipPosition":[-62.0901,196.997,-3.02419],"tipVelocity":[-93.2574,62.7342,244.459],"tool":false,"touchDistance":0.333333,"touchZone":"none","type":3,"width":17.881},{"bases":[[[0.789936,-0.543175,-0.28454],[0.595061,0.567053,0.56952],[-0.148,-0.619203,0.771157]],[[0.777164,-0.586534,-0.228023],[0.381811,0.727514,-0.570038],[0.500237,0.355951,0.789343]],[[0.777164,-0.586534,-0.228023],[-0.457321,-0.277488,-0.844901],[0.432289,0.760906,-0.483888]],[[0.777164,-0.586534,-0.228023],[-0.628121,-0.700835,-0.338075],[0.0384855,0.405965,-0.913078]]],"btipPosition":[-46.9006,200.248,0.15867],"carpPosition":[-28.8736,198.825,47.0678],"dipPosition":[-46.2444,207.17,-15.4092],"direction":[-0.432289,-0.760906,0.483888],"extended":false,"handId":363,"id":3634,"length":49.963,"mcpPosition":[-20.3849,234.341,2.83703],"pipPosition":[-37.881,221.891,-24.7708],"stabilizedTipPosition":[-35.5754,188.854,-27.5809],"timeVisible":15.4827,"tipPosition":[-46.7785,201.935,-3.63092],"tipVelocity":[-96.9881,66.2626,230.081],"tool":false,"touchDistance":0.333333,"touchZone":"none","type":4,"width":15.8833}],"r":[[0.742877,0.0779262,0.664877],[0.0713735,0.97832,-0.19441],[-0.665612,0.191877,0.72121]],"s":0.909342,"t":[143.249,-96.5993,-164.571],"timestamp":15424924918},false],[4,{"currentFrameRate":108.877,"devices":[],"gestures":[],"hands":[{"armBasis":[[0.924288,-0.114762,-0.364035],[0.244221,0.910766,0.332959],[0.29334,-0.396655,0.869837]],"armWidth":63.029,"confidence":0.774455,"direction":[0.0240886,0.778714,-0.626917],"elbow":[67.0086,134.838,284.511],"grabStrength":0,"id":363,"palmNormal":[-0.269069,-0.598908,-0.754262],"palmPosition":[-18.4571,281.218,16.9635],"palmVelocity":[209.457,79.2497,-264.83],"palmWidth":90.0033,"pinchStrength":0.417608,"r":[[0.732252,-0.031759,0.680292],[0.142462,0.983955,-0.107408],[-0.665966,0.175566,0.725028]],"s":0.916366,"sphereCenter":[-32.9867,270.654,-27.7239],"sphereRadius":46.9576,"stabilizedPalmPosition":[-40.1473,273.35,40.649],"t":[178.038,-47.0928,-161.772],"timeVisible":16.3143,"type":"right","wrist":[-11.3343,240.774,52.2019]}],"id":1177744,"interactionBox":{"center":[0,200,0],"size":[235.247,235.247,147.751]},"pointables":[{"bases":[[[0.632799,0.612442,0.473792],[-0.663941,0.114314,0.738996],[0.398432,-0.782206,0.478963]],[[0.384334,0.899895,0.206097],[-0.685447,0.128611,0.716674],[0.618425,-0.416711,0.66626]],[[0.384334,0.899895,0.206097],[-0.899911,0.315366,0.30117],[0.206025,-0.301219,0.931032]],[[0.384334,0.899895,0.206097],[-0.919092,0.351948,0.17721],[0.0869347,-0.25753,0.962352]]],"btipPosition":[-80.9371,273.705,-34.8077],"carpPosition":[-41.4407,237.009,51.7679],"dipPosition":[-78.9246,267.744,-12.5294],"direction":[-0.206025,0.301219,-0.931032],"extended":false,"handId":363,"id":3630,"length":51.5512,"mcpPosition":[-41.4407,237.009,51.7679],"pipPosition":[-71.9762,257.585,18.8704],"stabilizedTipPosition":[-112.156,263.067,6.98582],"timeVisible":16.3143,"tipPosition":[-80.3512,272.207,-29.7787],"tipVelocity":[255.318,91.2476,-306.471],"tool":false,"touchDistance":-0.640566,"touchZone":"hovering","type":0,"width":20.0304},{"bases":[[[0.953196,-0.053453,-0.297592],[0.245635,0.71081,0.6591],[0.176301,-0.70135,0.690671]],[[0.959105,-0.0795597,-0.271639],[0.211707,0.838634,0.50187],[0.187877,-0.538854,0.821181]],[[0.959105,-0.0795597,-0.271639],[0.175656,0.919829,0.350799],[0.221952,-0.384168,0.896187]],[[0.959105,-0.0795597,-0.271639],[0.145167,0.96212,0.230762],[0.24299,-0.260758,0.934324]]],"btipPosition":[-58.5273,342.874,-64.2112],"carpPosition":[-28.3003,255.344,58.1643],"dipPosition":[-54.4207,338.467,-48.4208],"direction":[-0.221952,0.384168,-0.896187],"extended":true,"handId":363,"id":3631,"length":58.1698,"mcpPosition":[-41.13,306.383,7.90286],"pipPosition":[-49.1142,329.282,-26.9945],"stabilizedTipPosition":[-73.3464,334.269,-45.473],"timeVisible":16.3143,"tipPosition":[-57.9579,339.775,-61.1113],"tipVelocity":[284.687,161.08,-267.478],"tool":false,"touchDistance":-0.538683,"touchZone":"hovering","type":1,"width":19.133},{"bases":[[[0.912316,-0.268104,-0.309515],[0.407058,0.67597,0.614303],[0.0445256,-0.686429,0.725832]],[[0.91178,-0.260641,-0.317371],[0.109124,0.898773,-0.424616],[0.395917,0.352524,0.847925]],[[0.91178,-0.260641,-0.317371],[-0.38388,-0.266314,-0.884145],[0.145925,0.927978,-0.342874]],[[0.91178,-0.260641,-0.317371],[-0.383004,-0.818562,-0.428093],[-0.148209,0.511881,-0.846175]]],"btipPosition":[-39.8035,251.253,-9.85858],"carpPosition":[-16.5046,256.306,55.286],"dipPosition":[-42.5584,260.767,-25.5875],"direction":[-0.145925,-0.927978,0.342874],"extended":false,"handId":363,"id":3632,"length":66.2798,"mcpPosition":[-19.5774,303.677,5.19528],"pipPosition":[-38.4538,286.87,-35.2319],"stabilizedTipPosition":[-62.4328,247.618,10.9121],"timeVisible":16.3143,"tipPosition":[-40.3225,253.427,-13.1326],"tipVelocity":[231.872,69.0224,-276.912],"tool":false,"touchDistance":0.333333,"touchZone":"none","type":2,"width":18.7912},{"bases":[[[0.875626,-0.416385,-0.244751],[0.472411,0.632861,0.613445],[-0.100536,-0.652771,0.750855]],[[0.869586,-0.448141,-0.207338],[0.300808,0.813771,-0.497283],[0.391579,0.370061,0.842449]],[[0.869586,-0.448141,-0.207338],[-0.358515,-0.28428,-0.889186],[0.339539,0.847558,-0.407872]],[[0.869586,-0.448141,-0.207338],[-0.493254,-0.768975,-0.406667],[0.0228065,0.455903,-0.889737]]],"btipPosition":[-25.9483,246.664,-4.63433],"carpPosition":[-5.14631,254.223,51.5014],"dipPosition":[-25.5268,255.09,-21.0779],"direction":[-0.339539,-0.847558,0.407872],"extended":false,"handId":363,"id":3633,"length":63.7298,"mcpPosition":[1.08295,294.669,4.97787],"pipPosition":[-16.2229,278.314,-32.2542],"stabilizedTipPosition":[-41.544,244.575,8.67266],"timeVisible":16.3143,"tipPosition":[-25.7929,248.662,-8.36761],"tipVelocity":[227.01,73.4301,-271.116],"tool":false,"touchDistance":0.333333,"touchZone":"none","type":3,"width":17.881},{"bases":[[[0.767932,-0.587942,-0.254175],[0.592101,0.50022,0.631819],[-0.24433,-0.635691,0.732257]],[[0.708867,-0.696215,-0.113103],[0.567275,0.658028,-0.495176],[0.419173,0.286853,0.861399]],[[0.708867,-0.696215,-0.113103],[-0.35528,-0.213911,-0.909955],[0.60933,0.685221,-0.398986]],[[0.708867,-0.696215,-0.113103],[-0.666498,-0.608682,-0.43045],[0.230842,0.380514,-0.8955]]],"btipPosition":[-12.245,252.48,-4.05811],"carpPosition":[4.12637,245.797,45.0824],"dipPosition":[-8.30918,258.968,-19.3263],"direction":[-0.60933,-0.685221,0.398986],"extended":false,"handId":363,"id":3634,"length":49.963,"mcpPosition":[18.1403,282.258,3.08276],"pipPosition":[3.47935,272.225,-27.0453],"stabilizedTipPosition":[-24.1894,250.752,5.56942],"timeVisible":16.3143,"tipPosition":[-11.1164,254.002,-7.87563],"tipVelocity":[227.369,71.9603,-248.143],"tool":false,"touchDistance":0.333333,"touchZone":"none","type":4,"width":15.8833}],"r":[[0.732252,-0.031759,0.680292],[0.142462,0.983955,-0.107408],[-0.665966,0.175566,0.725028]],"s":0.916366,"t":[178.038,-47.0928,-161.772],"timestamp":15425756488},false],[5,{"currentFrameRate":108.83,"devices":[],"gestures":[],"hands":[{"armBasis":[[0.927283,-0.117313,-0.355505],[0.242799,0.911279,0.332594],[0.284947,-0.394726,0.873497]],"armWidth":63.029,"confidence":0.777927,"direction":[0.0271687,0.779171,-0.626222],"elbow":[66.1257,135.886,283.832],"grabStrength":0,"id":363,"palmNormal":[-0.265911,-0.59825,-0.755903],"palmPosition":[-16.9265,281.78,15.3053],"palmVelocity":[196.961,73.9876,-240.617],"palmWidth":90.0033,"pinchStrength":0.421174,"r":[[0.727825,-0.0309201,0.685066],[0.14349,0.983736,-0.108046],[-0.670583,0.176939,0.720424]],"s":0.919418,"sphereCenter":[-31.4786,271.509,-29.2447],"sphereRadius":46.9288,"stabilizedPalmPosition":[-37.7753,274.211,38.0602],"t":[179.668,-46.4601,-163.794],"timeVisible":16.3235,"type":"right","wrist":[-9.97564,241.307,50.545]}],"id":1177745,"interactionBox":{"center":[0,200,0],"size":[235.247,235.247,147.751]},"pointables":[{"bases":[[[0.630896,0.611861,0.477071],[-0.667195,0.114005,0.736107],[0.396007,-0.782706,0.480156]],[[0.385474,0.898448,0.21024],[-0.688708,0.128511,0.713559],[0.614077,-0.419852,0.668306]],[[0.385474,0.898448,0.21024],[-0.900623,0.316784,0.297532],[0.200717,-0.304038,0.931275]],[[0.385474,0.898448,0.21024],[-0.919123,0.353778,0.173358],[0.0813746,-0.260062,0.962157]]],"btipPosition":[-79.0552,274.558,-36.7066],"carpPosition":[-40.0812,237.553,49.9737],"dipPosition":[-77.1714,268.538,-14.4329],"direction":[-0.200717,0.304038,-0.931275],"extended":false,"handId":363,"id":3630,"length":51.5512,"mcpPosition":[-40.0812,237.553,49.9737],"pipPosition":[-70.4021,258.284,16.9752],"stabilizedTipPosition":[-108.989,264.022,3.34309],"timeVisible":16.3235,"tipPosition":[-78.5496,272.973,-31.6855],"tipVelocity":[239.679,91.0437,-277.873],"tool":false,"touchDistance":-0.633342,"touchZone":"hovering","type":0,"width":20.0304},{"bases":[[[0.954497,-0.0535766,-0.29337],[0.242942,0.710231,0.66072],[0.172961,-0.701927,0.690929]],[[0.960283,-0.079718,-0.267397],[0.210916,0.834785,0.508575],[0.182676,-0.544775,0.818444]],[[0.960283,-0.079718,-0.267397],[0.176306,0.91613,0.360032],[0.21627,-0.392876,0.893799]],[[0.960283,-0.079718,-0.267397],[0.146915,0.959178,0.241649],[0.237218,-0.271336,0.932794]]],"btipPosition":[-56.4925,344.089,-65.7525],"carpPosition":[-26.963,255.879,56.4424],"dipPosition":[-52.4834,339.503,-49.988],"direction":[-0.21627,0.392876,-0.893799],"extended":true,"handId":363,"id":3631,"length":58.1698,"mcpPosition":[-39.5497,306.959,6.16217],"pipPosition":[-47.3128,330.11,-28.6188],"stabilizedTipPosition":[-69.8485,335.994,-48.7501],"timeVisible":16.3235,"tipPosition":[-55.9358,341.016,-62.6734],"tipVelocity":[265.638,151.374,-239.151],"tool":false,"touchDistance":-0.536358,"touchZone":"hovering","type":1,"width":19.133},{"bases":[[[0.913594,-0.268204,-0.305635],[0.404552,0.675366,0.616619],[0.0410359,-0.686985,0.725512]],[[0.913109,-0.260922,-0.313292],[0.112572,0.899881,-0.421358],[0.391867,0.349477,0.851062]],[[0.913109,-0.260922,-0.313292],[-0.379305,-0.261813,-0.887458],[0.149533,0.929179,-0.338032]],[[0.913109,-0.260922,-0.313292],[-0.381981,-0.816143,-0.433592],[-0.142558,0.515588,-0.844894]]],"btipPosition":[-38.2256,251.866,-11.8145],"carpPosition":[-15.1542,256.838,53.6176],"dipPosition":[-40.8755,261.45,-27.5196],"direction":[-0.149533,-0.929179,0.338032],"extended":false,"handId":363,"id":3632,"length":66.2798,"mcpPosition":[-17.9861,304.248,3.54891],"pipPosition":[-36.6695,287.586,-37.0278],"stabilizedTipPosition":[-59.9242,248.304,8.11206],"timeVisible":16.3235,"tipPosition":[-38.7077,254.045,-15.0388],"tipVelocity":[215.231,68.691,-258.171],"tool":false,"touchDistance":0.333333,"touchZone":"none","type":2,"width":18.7912},{"bases":[[[0.876561,-0.41652,-0.241146],[0.469892,0.632234,0.616021],[-0.104124,-0.653293,0.749911]],[[0.870291,-0.448528,-0.203513],[0.29777,0.808261,-0.507984],[0.392336,0.381493,0.83698]],[[0.870291,-0.448528,-0.203513],[-0.358305,-0.293027,-0.886427],[0.337952,0.844368,-0.415729]],[[0.870291,-0.448528,-0.203513],[-0.491882,-0.770142,-0.40612],[0.0254223,0.453546,-0.89087]]],"btipPosition":[-24.3978,246.853,-5.71716],"carpPosition":[-3.7798,254.754,49.8822],"dipPosition":[-23.928,255.235,-22.1817],"direction":[-0.337952,-0.844368,0.415729],"extended":false,"handId":363,"id":3633,"length":63.7298,"mcpPosition":[2.67177,295.232,3.4171],"pipPosition":[-14.6676,278.372,-33.5733],"stabilizedTipPosition":[-39.264,245.131,6.27077],"timeVisible":16.3235,"tipPosition":[-24.2077,248.984,-9.67051],"tipVelocity":[210.513,58.1908,-227.804],"tool":false,"touchDistance":0.333333,"touchZone":"none","type":3,"width":17.881},{"bases":[[[0.768849,-0.588031,-0.251179],[0.589452,0.499536,0.634831],[-0.247827,-0.636147,0.730684]],[[0.710695,-0.69427,-0.113585],[0.563039,0.658136,-0.499844],[0.421781,0.291284,0.858635]],[[0.710695,-0.69427,-0.113585],[-0.357713,-0.217603,-0.908125],[0.605767,0.686031,-0.402999]],[[0.710695,-0.69427,-0.113585],[-0.665094,-0.610463,-0.430098],[0.229265,0.381214,-0.895608]]],"btipPosition":[-10.6477,252.856,-5.37575],"carpPosition":[5.51844,246.329,43.4984],"dipPosition":[-6.73878,259.356,-20.6458],"direction":[-0.605767,-0.686031,0.402999],"extended":false,"handId":363,"id":3634,"length":49.963,"mcpPosition":[19.7329,282.816,1.58897],"pipPosition":[4.98081,272.628,-28.4425],"stabilizedTipPosition":[-21.8955,251.324,3.27294],"timeVisible":16.3235,"tipPosition":[-9.52161,254.452,-9.28256],"tipVelocity":[211.666,63.2015,-218.298],"tool":false,"touchDistance":0.333333,"touchZone":"none","type":4,"width":15.8833}],"r":[[0.727825,-0.0309201,0.685066],[0.14349,0.983736,-0.108046],[-0.670583,0.176939,0.720424]],"s":0.919418,"t":[179.668,-46.4601,-163.794],"timestamp":15425765760},false],[6,{"currentFrameRate":108.88,"devices":[],"gestures":[],"hands":[{"armBasis":[[0.928439,-0.106696,-0.355832],[0.236304,0.908716,0.344088],[0.286637,-0.403549,0.8689]],"armWidth":63.029,"confidence":0.790203,"direction":[0.0259041,0.775866,-0.630366],"elbow":[67.8639,134.329,281.598],"grabStrength":0,"id":363,"palmNormal":[-0.2571,-0.604196,-0.75422],"palmPosition":[-15.6879,282.335,14.032],"palmVelocity":[180.123,70.4114,-212.744],"palmWidth":90.0033,"pinchStrength":0.421205,"r":[[0.723432,-0.0285031,0.689807],[0.143132,0.983631,-0.109465],[-0.675396,0.177923,0.71567]],"s":0.921931,"sphereCenter":[-29.9036,271.803,-30.491],"sphereRadius":46.921,"stabilizedPalmPosition":[-35.559,275.026,35.6492],"t":[181.103,-45.8661,-165.442],"timeVisible":16.3326,"type":"right","wrist":[-8.68892,242.105,49.5395]}],"id":1177746,"interactionBox":{"center":[0,200,0],"size":[235.247,235.247,147.751]},"pointables":[{"bases":[[[0.623743,0.618728,0.477619],[-0.672592,0.113566,0.731247],[0.398202,-0.777353,0.486988]],[[0.379971,0.900945,0.209572],[-0.694123,0.127963,0.708392],[0.611405,-0.414637,0.673989]],[[0.379971,0.900945,0.209572],[-0.903866,0.313484,0.291125],[0.19659,-0.300044,0.933449]],[[0.379971,0.900945,0.209572],[-0.921734,0.349767,0.167539],[0.0776418,-0.256829,0.963333]]],"btipPosition":[-77.3808,274.684,-38.2618],"carpPosition":[-38.7644,238.146,48.7996],"dipPosition":[-75.5834,268.738,-15.9609],"direction":[-0.19659,0.300044,-0.933449],"extended":false,"handId":363,"id":3630,"length":51.5512,"mcpPosition":[-38.7644,238.146,48.7996],"pipPosition":[-68.9533,258.619,15.5205],"stabilizedTipPosition":[-105.95,264.904,-0.118476],"timeVisible":16.3326,"tipPosition":[-76.9193,273.034,-33.2471],"tipVelocity":[223.676,70.1664,-248.074],"tool":false,"touchDistance":-0.621576,"touchZone":"hovering","type":0,"width":20.0304},{"bases":[[[0.956673,-0.048757,-0.287054],[0.233983,0.715493,0.658272],[0.173289,-0.696917,0.695901]],[[0.962486,-0.0747931,-0.260821],[0.202669,0.837303,0.507789],[0.180407,-0.5416,0.82105]],[[0.962486,-0.0747931,-0.260821],[0.168647,0.917928,0.359119],[0.212555,-0.389633,0.896106]],[[0.962486,-0.0747931,-0.260821],[0.139826,0.960513,0.24055],[0.23253,-0.267996,0.934938]]],"btipPosition":[-55.0995,344.171,-67.5103],"carpPosition":[-25.8106,256.595,55.2486],"dipPosition":[-51.1697,339.642,-51.7095],"direction":[-0.212555,0.389633,-0.896106],"extended":true,"handId":363,"id":3631,"length":58.1698,"mcpPosition":[-38.4212,307.311,4.60662],"pipPosition":[-46.0879,330.327,-30.2851],"stabilizedTipPosition":[-66.8125,337.378,-51.6839],"timeVisible":16.3326,"tipPosition":[-54.536,341.183,-64.4077],"tipVelocity":[233.921,112.348,-226.184],"tool":false,"touchDistance":-0.537296,"touchZone":"hovering","type":1,"width":19.133},{"bases":[[[0.91729,-0.26372,-0.298381],[0.396099,0.681475,0.615384],[0.0410504,-0.682674,0.729569]],[[0.916813,-0.256599,-0.305959],[0.109494,0.898382,-0.425348],[0.384012,0.356464,0.851744]],[[0.916813,-0.256599,-0.305959],[-0.371632,-0.267969,-0.888866],[0.146095,0.928628,-0.341038]],[[0.916813,-0.256599,-0.305959],[-0.374027,-0.820169,-0.432927],[-0.13985,0.51135,-0.847917]]],"btipPosition":[-36.6425,252.11,-13.111],"carpPosition":[-13.9909,257.618,52.4929],"dipPosition":[-39.242,261.615,-28.8722],"direction":[-0.146095,-0.928628,0.341038],"extended":false,"handId":363,"id":3632,"length":66.2798,"mcpPosition":[-16.8238,304.73,2.14426],"pipPosition":[-35.1327,287.735,-38.465],"stabilizedTipPosition":[-57.5419,248.933,5.50246],"timeVisible":16.3326,"tipPosition":[-37.1101,254.28,-16.3415],"tipVelocity":[204.181,56.5344,-226.533],"tool":false,"touchDistance":0.333333,"touchZone":"none","type":2,"width":18.7912},{"bases":[[[0.880846,-0.411923,-0.233302],[0.46173,0.638782,0.615437],[-0.104483,-0.649828,0.752866]],[[0.874558,-0.443735,-0.195567],[0.295538,0.807479,-0.510525],[0.384454,0.388686,0.837328]],[[0.874558,-0.443735,-0.195567],[-0.350623,-0.300051,-0.887149],[0.334979,0.844434,-0.417996]],[[0.874558,-0.443735,-0.195567],[-0.484101,-0.775492,-0.405289],[0.0281803,0.449123,-0.893026]]],"btipPosition":[-22.7963,247.237,-6.85502],"carpPosition":[-2.57938,255.59,48.8408],"dipPosition":[-22.2755,255.537,-23.3594],"direction":[-0.334979,-0.844434,0.417996],"extended":false,"handId":363,"id":3633,"length":63.7298,"mcpPosition":[3.8945,295.854,2.19266],"pipPosition":[-13.0965,278.676,-34.8131],"stabilizedTipPosition":[-37.0706,245.662,4.03323],"timeVisible":16.3326,"tipPosition":[-22.5949,249.346,-10.81],"tipVelocity":[201.334,53.1816,-199.633],"tool":false,"touchDistance":0.333333,"touchZone":"none","type":3,"width":17.881},{"bases":[[[0.774352,-0.58421,-0.243058],[0.582055,0.507,0.635738],[-0.248174,-0.633758,0.732639]],[[0.717711,-0.687826,-0.108566],[0.553975,0.658456,-0.509457],[0.421904,0.3055,0.85362]],[[0.717711,-0.687826,-0.108566],[-0.35804,-0.230793,-0.904733],[0.597243,0.688207,-0.411912]],[[0.717711,-0.687826,-0.108566],[-0.65869,-0.620029,-0.426253],[0.225874,0.377438,-0.898065]]],"btipPosition":[-9.11241,253.108,-6.03388],"carpPosition":[6.81542,247.193,42.5626],"dipPosition":[-5.26128,259.543,-21.3458],"direction":[-0.597243,-0.688207,0.411912],"extended":false,"handId":363,"id":3634,"length":49.963,"mcpPosition":[21.0498,283.543,0.541088],"pipPosition":[6.2934,272.858,-29.3149],"stabilizedTipPosition":[-19.6976,251.849,1.21017],"timeVisible":16.3326,"tipPosition":[-7.99214,254.764,-10.0516],"tipVelocity":[199.388,52.9179,-178.162],"tool":false,"touchDistance":0.333333,"touchZone":"none","type":4,"width":15.8833}],"r":