{"sensorType":"Leap","data":[[0,{"currentFrameRate":109.714,"devices":[],"gestures":[],"hands":[{"armBasis":[[0.922757,0.291497,-0.252088],[-0.173172,0.897996,0.404493],[0.344282,-0.329595,0.879111]],"armWidth":63.029,"confidence":0.923853,"direction":[0.0390619,0.603447,-0.796446],"elbow":[47.6596,167.919,314.048],"grabStrength":0.531425,"id":360,"palmNormal":[0.185752,-0.787546,-0.587594],"palmPosition":[-48.8114,283.87,33.1323],"palmVelocity":[24.9461,205.925,-160.91],"palmWidth":90.0033,"pinchStrength":0.271492,"r":[[0.723668,0.241834,0.64639],[-0.369473,0.926831,0.0668899],[-0.582918,-0.28723,0.760069]],"s":1.28418,"sphereCenter":[-65.3409,264.574,-8.4489],"sphereRadius":48.5879,"stabilizedPalmPosition":[-56.5623,260.874,55.903],"t":[8.7429,55.8043,-120.136],"timeVisible":10.7743,"type":"right","wrist":[-44.2886,255.945,79.262]}],"id":1170524,"interactionBox":{"center":[0,200,0],"size":[235.247,235.247,147.751]},"pointables":[{"bases":[[[0.236562,0.87245,0.427632],[-0.888478,0.0161071,0.458636],[0.393249,-0.488438,0.778963]],[[0.0251685,0.99959,0.0136516],[-0.886998,0.0160308,0.461495],[0.461087,-0.0237241,0.887038]],[[0.0251685,0.99959,0.0136516],[-0.999682,0.0251875,-0.00122376],[-0.0015671,-0.0136164,0.999906]],[[0.0251685,0.99959,0.0136516],[-0.93487,0.0186975,0.354497],[0.354097,-0.0216846,0.934957]]],"btipPosition":[-101.034,244.097,-27.5131],"carpPosition":[-70.1227,241.964,71.6523],"dipPosition":[-92.8366,243.595,-5.86905],"direction":[0.0015671,0.0136164,-0.999906],"extended":false,"handId":360,"id":3600,"length":51.5512,"mcpPosition":[-70.1227,241.964,71.6523],"pipPosition":[-92.8894,243.136,27.8537],"stabilizedTipPosition":[-105.357,216.387,6.67223],"timeVisible":10.7743,"tipPosition":[-98.1144,243.976,-22.5983],"tipVelocity":[29.775,212.425,-163.347],"tool":false,"touchDistance":-0.498578,"touchZone":"hovering","type":0,"width":20.0304},{"bases":[[[0.97444,0.224535,0.00710205],[-0.202439,0.863965,0.461067],[0.0973897,-0.45072,0.887337]],[[0.954723,0.278922,-0.103469],[-0.180273,0.819084,0.544612],[0.236654,-0.501301,0.832281]],[[0.954723,0.278922,-0.103469],[-0.291509,0.946529,-0.138223],[0.0593828,0.162127,0.984982]],[[0.954723,0.278922,-0.103469],[-0.274898,0.694164,-0.665257],[-0.113731,0.66358,0.73941]]],"btipPosition":[-82.1109,303.593,-60.2608],"carpPosition":[-65.4691,264.581,75.7269],"dipPosition":[-84.033,314.808,-47.7645],"direction":[-0.0593828,-0.162127,-0.984982],"extended":true,"handId":360,"id":3601,"length":58.1698,"mcpPosition":[-72.5563,297.381,11.1538],"pipPosition":[-82.6133,318.684,-24.2153],"stabilizedTipPosition":[-82.4267,298.444,-52.4367],"timeVisible":10.7743,"tipPosition":[-81.8386,304.036,-56.4332],"tipVelocity":[0.617254,325.816,-210.569],"tool":false,"touchDistance":-0.590912,"touchZone":"hovering","type":1,"width":19.133},{"bases":[[[0.998777,0.0109794,0.0482137],[-0.0325965,0.879382,0.475],[-0.037183,-0.47599,0.878664]],[[0.996891,-0.00550415,0.0786009],[0.054719,0.766133,-0.640348],[-0.0566942,0.642658,0.764052]],[[0.996891,-0.00550415,0.0786009],[0.075024,-0.238542,-0.96823],[0.0240789,0.971116,-0.237388]],[[0.996891,-0.00550415,0.0786009],[0.0516648,-0.707516,-0.704806],[0.0594907,0.706676,-0.705032]]],"btipPosition":[-50.6399,230.76,-1.21184],"carpPosition":[-54.1259,269.004,76.0718],"dipPosition":[-49.5341,243.896,-14.3171],"direction":[-0.0240789,-0.971116,0.237388],"extended":false,"handId":360,"id":3602,"length":66.2798,"mcpPosition":[-51.5599,301.852,15.4339],"pipPosition":[-48.8568,271.212,-20.9944],"stabilizedTipPosition":[-53.7993,222.052,5.24133],"timeVisible":10.7743,"tipPosition":[-50.276,234.278,-5.55886],"tipVelocity":[16.3712,198.007,-132.93],"tool":false,"touchDistance":0.333333,"touchZone":"none","type":2,"width":18.7912},{"bases":[[[0.982015,-0.125509,0.141045],[0.0376762,0.862298,0.504998],[-0.185005,-0.490602,0.851518]],[[0.983442,-0.121639,0.134331],[0.180521,0.722636,-0.66724],[-0.0159098,0.680442,0.73263]],[[0.983442,-0.121639,0.134331],[0.0933055,-0.295583,-0.95075],[0.155354,0.947541,-0.279339]],[[0.983442,-0.121639,0.134331],[0.00303841,-0.730084,-0.68335],[0.181195,0.672444,-0.717626]]],"btipPosition":[-37.4869,232.24,12.1425],"carpPosition":[-42.0473,270.306,76.3648],"dipPosition":[-34.1381,244.667,-1.12019],"direction":[-0.155354,-0.947541,0.279339],"extended":false,"handId":360,"id":3603,"length":63.7298,"mcpPosition":[-30.5843,300.704,23.6041],"pipPosition":[-29.8812,270.632,-8.77453],"stabilizedTipPosition":[-42.1397,217.827,25.2661],"timeVisible":10.7743,"tipPosition":[-36.5372,235.264,8.06841],"tipVelocity":[14.8913,199.71,-137.249],"tool":false,"touchDistance":0.333333,"touchZone":"none","type":3,"width":17.881},{"bases":[[[0.934188,-0.322187,0.153259],[0.173463,0.785525,0.594021],[-0.311775,-0.528342,0.789716]],[[0.842208,-0.430966,0.323966],[0.539142,0.677037,-0.500947],[-0.00344584,0.596565,0.802557]],[[0.842208,-0.430966,0.323966],[0.238257,-0.241526,-0.94069],[0.483652,0.869444,-0.100734]],[[0.842208,-0.430966,0.323966],[-0.041891,-0.651371,-0.757603],[0.537523,0.624488,-0.566643]]],"btipPosition":[-29.7424,246.526,13.7877],"carpPosition":[-29.2234,264.556,75.5429],"dipPosition":[-20.5777,257.174,4.12645],"direction":[-0.483652,-0.869444,0.100734],"extended":false,"handId":360,"id":3604,"length":49.963,"mcpPosition":[-11.3411,294.86,30.2476],"pipPosition":[-11.2206,273.995,2.17757],"stabilizedTipPosition":[-33.7494,230.897,28.8672],"timeVisible":10.7743,"tipPosition":[-27.2856,249.128,10.7927],"tipVelocity":[17.0599,197.909,-146.147],"tool":false,"touchDistance":0.333333,"touchZone":"none","type":4,"width":15.8833}],"r":[[0.723668,0.241834,0.64639],[-0.369473,0.926831,0.0668899],[-0.582918,-0.28723,0.760069]],"s":1.28418,"t":[8.7429,55.8043,-120.136],"timestamp":15359360274},false],[1,{"currentFrameRate":110.045,"devices":[],"gestures":[],"hands":[{"armBasis":[[0.924873,0.288963,-0.247204],[-0.17235,0.897987,0.404864],[0.338976,-0.331842,0.880327]],"armWidth":63.029,"confidence":0.925418,"direction":[0.0370832,0.607399,-0.793531],"elbow":[46.3472,169.15,312.362],"grabStrength":0.497804,"id":360,"palmNormal":[0.184862,-0.784542,-0.591879],"palmPosition":[-48.8181,285.927,31.27],"palmVelocity":[18.2164,215.386,-176.142],"palmWidth":90.0033,"pinchStrength":0.278283,"r":[[0.723537,0.24015,0.647165],[-0.368258,0.927261,0.0676288],[-0.583849,-0.287256,0.759345]],"s":1.29082,"sphereCenter":[-65.6793,266.962,-10.3503],"sphereRadius":48.7247,"stabilizedPalmPosition":[-55.7884,263.378,53.4413],"t":[8.81233,57.8026,-121.848],"timeVisible":10.7827,"type":"right","wrist":[-44.184,257.776,77.2512]}],"id":1170525,"interactionBox":{"center":[0,200,0],"size":[235.247,235.247,147.751]},"pointables":[{"bases":[[[0.23707,0.870436,0.431439],[-0.887505,0.0134175,0.460603],[0.395136,-0.4921,0.775697]],[[0.0246095,0.99953,0.0183019],[-0.885754,0.0133128,0.463965],[0.463503,-0.027629,0.885664]],[[0.0246095,0.99953,0.0183019],[-0.999684,0.0246986,-0.00465752],[-0.00510736,-0.0181815,0.999822]],[[0.0246095,0.99953,0.0183019],[-0.938466,0.0167896,0.344964],[0.344494,-0.0256651,0.938437]]],"btipPosition":[-100.717,246.393,-29.5478],"carpPosition":[-70.0278,243.821,69.6275],"dipPosition":[-92.7416,245.799,-7.82318],"direction":[0.00510736,0.0181815,-0.999822],"extended":false,"handId":360,"id":3600,"length":51.5512,"mcpPosition":[-70.0278,243.821,69.6275],"pipPosition":[-92.9139,245.186,25.8967],"stabilizedTipPosition":[-104.704,219.401,3.5224],"timeVisible":10.7827,"tipPosition":[-98.0711,246.264,-24.5801],"tipVelocity":[30.1793,226.882,-182.676],"tool":false,"touchDistance":-0.507296,"touchZone":"hovering","type":0,"width":20.0304},{"bases":[[[0.974349,0.224958,0.00613597],[-0.201854,0.861577,0.465767],[0.0994914,-0.455059,0.884886]],[[0.954436,0.279757,-0.103863],[-0.178351,0.81381,0.553086],[0.239254,-0.509361,0.826625]],[[0.954436,0.279757,-0.103863],[-0.290452,0.950752,-0.1082],[0.0684778,0.133437,0.988689]],[[0.954436,0.279757,-0.103863],[-0.280739,0.723757,-0.630366],[-0.101178,0.630802,0.769319]]],"btipPosition":[-82.7109,307.33,-62.359],"carpPosition":[-65.376,266.42,73.804],"dipPosition":[-84.4208,317.991,-49.3572],"direction":[-0.0684778,-0.133437,-0.988689],"extended":true,"handId":360,"id":3601,"length":58.1698,"mcpPosition":[-72.6161,299.535,9.4093],"pipPosition":[-82.7836,321.181,-25.7194],"stabilizedTipPosition":[-82.6464,302.12,-54.6842],"timeVisible":10.7827,"tipPosition":[-82.3869,307.622,-58.4397],"tipVelocity":[-16.5021,351.696,-216.5],"tool":false,"touchDistance":-0.589883,"touchZone":"hovering","type":1,"width":19.133},{"bases":[[[0.998872,0.0112133,0.0461384],[-0.0319896,0.877006,0.479414],[-0.0350878,-0.480349,0.876375]],[[0.99706,-0.00541415,0.0764345],[0.0530893,0.768102,-0.638122],[-0.0552546,0.640304,0.766131]],[[0.99706,-0.00541415,0.0764345],[0.0729851,-0.236724,-0.968832],[0.0233393,0.971562,-0.235633]],[[0.99706,-0.00541415,0.0764345],[0.050303,-0.706215,-0.706208],[0.0578027,0.707976,-0.703867]]],"btipPosition":[-50.7092,232.979,-3.14917],"carpPosition":[-54.0342,270.846,74.1466],"dipPosition":[-49.6348,246.139,-16.2328],"direction":[-0.0233393,-0.971562,0.235633],"extended":false,"handId":360,"id":3602,"length":66.2798,"mcpPosition":[-51.6127,303.996,13.6667],"pipPosition":[-48.9783,273.467,-22.8607],"stabilizedTipPosition":[-53.2714,224.259,3.43828],"timeVisible":10.7827,"tipPosition":[-50.3568,236.488,-7.47651],"tipVelocity":[9.73728,214.681,-157.633],"tool":false,"touchDistance":0.333333,"touchZone":"none","type":2,"width":18.7912},{"bases":[[[0.982372,-0.125741,0.138329],[0.0383548,0.859806,0.509178],[-0.18296,-0.494896,0.849472]],[[0.983831,-0.1217,0.131395],[0.178501,0.726112,-0.664002],[-0.0145988,0.67672,0.736095]],[[0.983831,-0.1217,0.131395],[0.0911726,-0.291147,-0.952324],[0.154153,0.948906,-0.275344]],[[0.983831,-0.1217,0.131395],[0.00174934,-0.727091,-0.686539],[0.179088,0.675668,-0.715122]]],"btipPosition":[-37.5079,234.42,10.0159],"carpPosition":[-41.9556,272.152,74.4203],"dipPosition":[-34.1981,246.907,-3.20054],"direction":[-0.154153,-0.948906,0.275344],"extended":false,"handId":360,"id":3603,"length":63.7298,"mcpPosition":[-30.6192,302.817,21.7864],"pipPosition":[-29.974,272.909,-10.7454],"stabilizedTipPosition":[-41.4281,220.396,22.8527],"timeVisible":10.7827,"tipPosition":[-36.5749,237.455,5.96734],"tipVelocity":[10.0766,215.003,-166.473],"tool":false,"touchDistance":0.333333,"touchZone":"none","type":3,"width":17.881},{"bases":[[[0.934662,-0.322499,0.149671],[0.174367,0.782659,0.59753],[-0.309844,-0.53239,0.787754]],[[0.846554,-0.429093,0.315001],[0.532233,0.672751,-0.51394],[0.00861089,0.602732,0.797897]],[[0.846554,-0.429093,0.315001],[0.222842,-0.251734,-0.941792],[0.483412,0.867473,-0.117486]],[[0.846554,-0.429093,0.315001],[-0.0532845,-0.657109,-0.75191],[0.529629,0.619748,-0.579142]]],"btipPosition":[-30.0429,248.519,12.6001],"carpPosition":[-29.1308,266.413,73.5427],"dipPosition":[-21.0128,259.085,2.72579],"direction":[-0.483412,-0.867473,0.117486],"extended":false,"handId":360,"id":3604,"length":49.963,"mcpPosition":[-11.3592,296.949,28.3599],"pipPosition":[-11.6604,275.868,0.452823],"stabilizedTipPosition":[-33.0314,233.386,26.5657],"timeVisible":10.7827,"tipPosition":[-27.5421,251.169,9.3728],"tipVelocity":[2.39926,206.898,-145.985],"tool":false,"touchDistance":0.333333,"touchZone":"none","type":4,"width":15.8833}],"r":[[0.723537,0.24015,0.647165],[-0.368258,0.927261,0.0676288],[-0.583849,-0.287256,0.759345]],"s":1.29082,"t":[8.81233,57.8026,-121.848],"timestamp":15359368771},false],[2,{"currentFrameRate":109.821,"devices":[],"gestures":[],"hands":[{"armBasis":[[0.928161,0.28311,-0.241588],[-0.167357,0.897276,0.408519],[0.332427,-0.33874,0.880197]],"armWidth":63.029,"confidence":0.92847,"direction":[0.0343527,0.610801,-0.791039],"elbow":[45.0044,168.723,310.382],"grabStrength":0.451299,"id":360,"palmNormal":[0.179243,-0.782437,-0.596375],"palmPosition":[-48.5903,287.559,29.4767],"palmVelocity":[19.8713,202.811,-179.746],"palmWidth":90.0033,"pinchStrength":0.290405,"r":[[0.7243,0.237814,0.647174],[-0.366676,0.927752,0.0694572],[-0.583899,-0.287611,0.759172]],"s":1.2977,"sphereCenter":[-66.1535,269.025,-12.1292],"sphereRadius":48.9775,"stabilizedPalmPosition":[-54.9798,266.094,50.7493],"t":[8.96097,59.6176,-123.6],"timeVisible":10.7923,"type":"right","wrist":[-43.7777,259.191,75.3061]}],"id":1170526,"interactionBox":{"center":[0,200,0],"size":[235.247,235.247,147.751]},"pointables":[{"bases":[[[0.242022,0.867832,0.433928],[-0.884844,0.0139206,0.465679],[0.398091,-0.496664,0.771265]],[[0.0272876,0.999386,0.0219749],[-0.883266,0.0138118,0.468668],[0.468077,-0.0321985,0.883101]],[[0.0272876,0.999386,0.0219749],[-0.999597,0.0274514,-0.0071857],[-0.00778453,-0.0217699,0.999733]],[[0.0272876,0.999386,0.0219749],[-0.942653,0.0184106,0.333267],[0.332657,-0.0298087,0.942577]]],"btipPosition":[-100.255,248.358,-31.3742],"carpPosition":[-69.7044,245.344,67.7674],"dipPosition":[-92.5538,247.668,-9.55368],"direction":[0.00778453,0.0217699,-0.999733],"extended":false,"handId":360,"id":3600,"length":51.5512,"mcpPosition":[-69.7044,245.344,67.7674],"pipPosition":[-92.8163,246.934,24.1632],"stabilizedTipPosition":[-103.973,222.787,0.00948127],"timeVisible":10.7923,"tipPosition":[-97.9762,248.233,-26.3308],"tipVelocity":[33.5661,220.437,-184.732],"tool":false,"touchDistance":-0.511964,"touchZone":"hovering","type":0,"width":20.0304},{"bases":[[[0.975015,0.222134,0.00160795],[-0.196725,0.86008,0.470704],[0.103176,-0.459259,0.88229]],[[0.954806,0.277156,-0.107376],[-0.170453,0.806528,0.56609],[0.243497,-0.522204,0.81732]],[[0.954806,0.277156,-0.107376],[-0.284879,0.956384,-0.0646041],[0.0847874,0.0922736,0.992117]],[[0.954806,0.277156,-0.107376],[-0.286712,0.763573,-0.578578],[-0.0783669,0.583216,0.808528]]],"btipPosition":[-83.5225,311.461,-64.306],"carpPosition":[-64.9637,267.91,72.0173],"dipPosition":[-84.847,321.317,-50.6417],"direction":[-0.0847874,-0.0922736,-0.992117],"extended":true,"handId":360,"id":3601,"length":58.1698,"mcpPosition":[-72.4721,301.332,7.81145],"pipPosition":[-82.8198,323.523,-26.9218],"stabilizedTipPosition":[-83.0812,306.395,-57.0702],"timeVisible":10.7923,"tipPosition":[-83.0983,311.463,-60.2837],"tipVelocity":[-33.6283,369.931,-208.539],"tool":false,"touchDistance":-0.586148,"touchZone":"hovering","type":1,"width":19.133},{"bases":[[[0.999145,0.00814463,0.0405265],[-0.0267418,0.87496,0.483455],[-0.0315215,-0.484126,0.87443]],[[0.997457,-0.00860911,0.0707541],[0.0517471,0.770117,-0.6358],[-0.0490153,0.637845,0.768604]],[[0.997457,-0.00860911,0.0707541],[0.0667628,-0.234772,-0.969755],[0.0249598,0.972012,-0.2336]],[[0.997457,-0.00860911,0.0707541],[0.0441267,-0.704978,-0.707855],[0.0559741,0.709177,-0.702805]]],"btipPosition":[-50.8376,234.779,-5.04122],"carpPosition":[-53.6074,272.303,72.3151],"dipPosition":[-49.7972,247.961,-18.1051],"direction":[-0.0249598,-0.972012,0.2336],"extended":false,"handId":360,"id":3602,"length":66.2798,"mcpPosition":[-51.432,305.713,11.9694],"pipPosition":[-49.0951,275.302,-24.6758],"stabilizedTipPosition":[-52.8094,226.602,1.45329],"timeVisible":10.7923,"tipPosition":[-50.5012,238.273,-9.33812],"tipVelocity":[2.816,207.548,-169.407],"tool":false,"touchDistance":0.333333,"touchZone":"none","type":2,"width":18.7912},{"bases":[[[0.98277,-0.129169,0.132203],[0.0437197,0.857428,0.512744],[-0.179585,-0.49813,0.848302]],[[0.984244,-0.12498,0.125073],[0.176613,0.72866,-0.661711],[-0.00843503,0.673375,0.739253]],[[0.984244,-0.12498,0.125073],[0.0847475,-0.287368,-0.954064],[0.155181,0.949631,-0.272249]],[[0.984244,-0.12498,0.125073],[-0.00436509,-0.724329,-0.68944],[0.17676,0.678032,-0.713463]]],"btipPosition":[-37.5427,236.126,7.93924],"carpPosition":[-41.5237,273.573,72.5262],"dipPosition":[-34.2759,248.656,-5.24654],"direction":[-0.155181,-0.949631,0.272249],"extended":false,"handId":360,"id":3603,"length":63.7298,"mcpPosition":[-30.3965,304.438,19.9648],"pipPosition":[-30.0237,274.678,-12.7066],"stabilizedTipPosition":[-40.761,223.073,20.2709],"timeVisible":10.7923,"tipPosition":[-36.6299,239.168,3.91217],"tipVelocity":[5.82628,205.078,-181.214],"tool":false,"touchDistance":0.333333,"touchZone":"none","type":3,"width":17.881},{"bases":[[[0.934556,-0.325838,0.142947],[0.180005,0.7795,0.599982],[-0.306924,-0.534986,0.787139]],[[0.848218,-0.431874,0.306613],[0.529385,0.673049,-0.516485],[0.016691,0.600408,0.79952]],[[0.848218,-0.431874,0.306613],[0.213683,-0.25066,-0.944198],[0.48463,0.866403,-0.12033]],[[0.848218,-0.431874,0.306613],[-0.0617751,-0.655617,-0.752563],[0.526033,0.619396,-0.582785]]],"btipPosition":[-30.0452,250.163,10.7036],"carpPosition":[-28.7207,267.801,71.5505],"dipPosition":[-21.0764,260.724,0.767186],"direction":[-0.48463,-0.866403,0.12033],"extended":false,"handId":360,"id":3604,"length":49.963,"mcpPosition":[-11.1167,298.486,26.403],"pipPosition":[-11.7004,277.486,-1.5608],"stabilizedTipPosition":[-32.3339,236.039,24.0588],"timeVisible":10.7923,"tipPosition":[-27.5835,252.808,7.47402],"tipVelocity":[1.2122,197.125,-161.812],"tool":false,"touchDistance":0.333333,"touchZone":"none","type":4,"width":15.8833}],"r":[[0.7243,0.237814,0.647174],[-0.366676,0.927752,0.0694572],[-0.583899,-0.287611,0.759172]],"s":1.2977,"t":[8.96097,59.6176,-123.6],"timestamp":15359378276},false],[3,{"currentFrameRate":110.089,"devices":[],"gestures":[],"hands":[{"armBasis":[[0.928967,0.285247,-0.235911],[-0.171191,0.896136,0.409432],[0.328198,-0.339963,0.881312]],"armWidth":63.029,"confidence":0.924317,"direction":[0.0327937,0.612007,-0.790172],"elbow":[44.0347,169.304,309.539],"grabStrength":0.401491,"id":360,"palmNormal":[0.182833,-0.78093,-0.597261],"palmPosition":[-48.4937,288.51,28.3691],"palmVelocity":[17.5832,178.413,-166.248],"palmWidth":90.0033,"pinchStrength":0.298423,"r":[[0.724597,0.236325,0.647387],[-0.366135,0.927842,0.0710993],[-0.58387,-0.288549,0.758838]],"s":1.30538,"sphereCenter":[-66.5619,270.233,-13.2722],"sphereRadius":49.3209,"stabilizedPalmPosition":[-54.3284,268.346,48.5014],"t":[9.08355,61.0006,-125.03],"timeVisible":10.8009,"type":"right","wrist":[-43.6178,260.098,74.1646]}],"id":1170527,"interactionBox":{"center":[0,200,0],"size":[235.247,235.247,147.751]},"pointables":[{"bases":[[[0.238262,0.86816,0.435349],[-0.885352,0.00989264,0.464816],[0.399228,-0.496186,0.770984]],[[0.0232541,0.999464,0.0230213],[-0.883881,0.00979409,0.467609],[0.467133,-0.0312219,0.883635]],[[0.0232541,0.999464,0.0230213],[-0.999633,0.023566,-0.0133709],[-0.0139062,-0.0227019,0.999646]],[[0.0232541,0.999464,0.0230213],[-0.94684,0.0146273,0.321371],[0.320863,-0.0292707,0.946673]]],"btipPosition":[-99.508,249.148,-32.6786],"carpPosition":[-69.4838,246.163,66.5813],"dipPosition":[-92.0801,248.47,-10.7633],"direction":[0.0139062,0.0227019,-0.999646],"extended":false,"handId":360,"id":3600,"length":51.5512,"mcpPosition":[-69.4838,246.163,66.5813],"pipPosition":[-92.5491,247.704,22.9507],"stabilizedTipPosition":[-103.315,225.58,-2.93731],"timeVisible":10.8009,"tipPosition":[-97.4756,249.04,-27.5833],"tipVelocity":[45.699,186.489,-175.291],"tool":false,"touchDistance":-0.50834,"touchZone":"hovering","type":0,"width":20.0304},{"bases":[[[0.974154,0.225868,0.00288142],[-0.200488,0.858676,0.471678],[0.104063,-0.460064,0.881766]],[[0.954008,0.280642,-0.105396],[-0.171021,0.798257,0.577527],[0.246212,-0.53294,0.80954]],[[0.954008,0.280642,-0.105396],[-0.284297,0.958504,-0.0211112],[0.0950982,0.0501041,0.994206]],[[0.954008,0.280642,-0.105396],[-0.293159,0.799892,-0.523669],[-0.0626578,0.530483,0.845377]]],"btipPosition":[-84.0845,314.706,-65.7607],"carpPosition":[-64.8339,268.741,70.8666],"dipPosition":[-85.1435,323.671,-51.4735],"direction":[-0.0950982,-0.0501041,-0.994206],"extended":true,"handId":360,"id":3601,"length":58.1698,"mcpPosition":[-72.4067,302.221,6.69885],"pipPosition":[-82.8698,324.869,-27.7038],"stabilizedTipPosition":[-83.5228,310.068,-58.9841],"timeVisible":10.8009,"tipPosition":[-83.5673,314.37,-61.6517],"tipVelocity":[-40.1238,365.502,-193.69],"tool":false,"touchDistance":-0.575538,"touchZone":"hovering","type":1,"width":19.133},{"bases":[[[0.999066,0.0119199,0.0415328],[-0.0305763,0.874191,0.484619],[-0.030531,-0.485436,0.873739]],[[0.997411,-0.00488838,0.0717483],[0.0494413,0.771116,-0.634772],[-0.0522232,0.636676,0.769361]],[[0.997411,-0.00488838,0.0717483],[0.0686205,-0.233801,-0.96986],[0.0215159,0.972272,-0.23286]],[[0.997411,-0.00488838,0.0717483],[0.0474889,-0.704449,-0.708164],[0.0540047,0.709738,-0.702393]]],"btipPosition":[-50.5069,235.781,-6.1915],"carpPosition":[-53.4948,273.176,71.1817],"dipPosition":[-49.5031,248.974,-19.2477],"direction":[-0.0215159,-0.972272,0.23286],"extended":false,"handId":360,"id":3602,"length":66.2798,"mcpPosition":[-51.3878,306.677,10.8838],"pipPosition":[-48.8979,276.322,-25.7976],"stabilizedTipPosition":[-52.4246,228.457,-0.163935],"timeVisible":10.8009,"tipPosition":[-50.181,239.264,-10.464],"tipVelocity":[11.9697,183.533,-159.899],"tool":false,"touchDistance":0.333333,"touchZone":"none","type":2,"width":18.7912},{"bases":[[[0.983127,-0.12558,0.133006],[0.0399229,0.856888,0.513954],[-0.178514,-0.499972,0.847444]],[[0.984518,-0.121593,0.126251],[0.174908,0.728573,-0.662261],[-0.0114564,0.67409,0.738561]],[[0.984518,-0.121593,0.126251],[0.0863682,-0.290245,-0.953047],[0.152528,0.949196,-0.275249]],[[0.984518,-0.121593,0.126251],[-0.00170025,-0.726858,-0.686785],[0.175275,0.675938,-0.715812]]],"btipPosition":[-37.2679,237.178,7.029],"carpPosition":[-41.4163,274.493,71.4065],"dipPosition":[-34.0286,249.671,-6.20021],"direction":[-0.152528,-0.949196,0.275249],"extended":false,"handId":360,"id":3603,"length":63.7298,"mcpPosition":[-30.3554,305.472,18.8983],"pipPosition":[-29.8491,275.68,-13.7425],"stabilizedTipPosition":[-40.219,225.244,18.1885],"timeVisible":10.8009,"tipPosition":[-36.3577,240.201,2.96879],"tipVelocity":[12.531,182.929,-161.574],"tool":false,"touchDistance":0.333333,"touchZone":"none","type":3,"width":17.881},{"bases":[[[0.935657,-0.322448,0.143434],[0.17642,0.779364,0.601221],[-0.30565,-0.537232,0.786104]],[[0.849691,-0.42892,0.30668],[0.527106,0.675985,-0.51498],[0.0135741,0.599226,0.800465]],[[0.849691,-0.42892,0.30668],[0.215412,-0.248502,-0.944375],[0.481272,0.86849,-0.118756]],[[0.849691,-0.42892,0.30668],[-0.0586589,-0.654908,-0.753428],[0.524007,0.622192,-0.58163]]],"btipPosition":[-29.7793,251.216,9.56503],"carpPosition":[-28.5903,268.771,70.4357],"dipPosition":[-20.8451,261.824,-0.351695],"direction":[-0.481272,-0.86849,0.118756],"extended":false,"handId":360,"id":3604,"length":49.963,"mcpPosition":[-11.0593,299.585,25.3476],"pipPosition":[-11.5341,278.626,-2.64922],"stabilizedTipPosition":[-31.7657,238.211,21.9911],"timeVisible":10.8009,"tipPosition":[-27.333,253.87,6.35204],"tipVelocity":[8.81446,177.67,-153.868],"tool":false,"touchDistance":0.333333,"touchZone":"none","type":4,"width":15.8833}],"r":[[0.724597,0.236325,0.647387],[-0.366135,0.927842,0.0710993],[-0.58387,-0.288549,0.758838]],"s":1.30538,"t":[9.08355,61.0006,-125.03],"timestamp":15359386883},false],[4,{"currentFrameRate":110.01,"devices":[],"gestures":[],"hands":[{"armBasis":[[0.929509,0.283658,-0.235693],[-0.170445,0.897144,0.40753],[0.32705,-0.33863,0.882251]],"armWidth":63.029,"confidence":0.927836,"direction":[0.0347471,0.612964,-0.789346],"elbow":[43.7198,170.465,308.505],"grabStrength":0.348594,"id":360,"palmNormal":[0.182743,-0.780404,-0.597975],"palmPosition":[-48.3979,289.379,27.1136],"palmVelocity":[15.5638,154.785,-157.765],"palmWidth":90.0033,"pinchStrength":0.306677,"r":[[0.7247,0.234785,0.647832],[-0.365489,0.927985,0.0725386],[-0.584147,-0.289344,0.758322]],"s":1.31369,"sphereCenter":[-67.1804,271.515,-14.5456],"sphereRadius":49.6883,"stabilizedPalmPosition":[-53.7271,270.478,46.333],"t":[9.19277,62.1269,-126.373],"timeVisible":10.8101,"type":"right","wrist":[-43.6263,260.904,72.8804]}],"id":1170528,"interactionBox":{"center":[0,200,0],"size":[235.247,235.247,147.751]},"pointables":[{"bases":[[[0.238704,0.867307,0.436804],[-0.886033,0.0104219,0.463505],[0.397449,-0.497664,0.770951]],[[0.024288,0.999418,0.0239568],[-0.884883,0.0103414,0.465698],[0.465179,-0.0325099,0.88462]],[[0.024288,0.999418,0.0239568],[-0.999484,0.0247798,-0.0204501],[-0.0210318,-0.0234478,0.999504]],[[0.024288,0.999418,0.0239568],[-0.95069,0.015679,0.309745],[0.309189,-0.0302986,0.950518]]],"btipPosition":[-98.9156,250.108,-34.152],"carpPosition":[-69.4984,247.01,65.2407],"dipPosition":[-91.7579,249.406,-12.1477],"direction":[0.0210318,0.0234478,-0.999504],"extended":false,"handId":360,"id":3600,"length":51.5512,"mcpPosition":[-69.4984,247.01,65.2407],"pipPosition":[-92.4672,248.616,21.5615],"stabilizedTipPosition":[-102.655,228.237,-5.79004],"timeVisible":10.8101,"tipPosition":[-97.1196,250.007,-29.0089],"tipVelocity":[48.9941,163.188,-170.271],"tool":false,"touchDistance":-0.507633,"touchZone":"hovering","type":0,"width":20.0304},{"bases":[[[0.974432,0.224634,0.00462358],[-0.200112,0.858331,0.472465],[0.102163,-0.46131,0.881338]],[[0.954548,0.279511,-0.103493],[-0.167696,0.7907,0.588788],[0.246405,-0.544672,0.801634]],[[0.954548,0.279511,-0.103493],[-0.278519,0.960125,0.024208],[0.106133,0.00571707,0.994336]],[[0.954548,0.279511,-0.103493],[-0.294933,0.835646,-0.463369],[-0.0430332,0.472831,0.880102]]],"btipPosition":[-84.5426,318.167,-67.2885],"carpPosition":[-64.8265,269.577,69.5615],"dipPosition":[-85.2699,326.158,-52.4145],"direction":[-0.106133,-0.00571707,-0.994336],"extended":true,"handId":360,"id":3601,"length":58.1698,"mcpPosition":[-72.2611,303.148,5.42501],"pipPosition":[-82.7324,326.294,-28.6417],"stabilizedTipPosition":[-83.9876,313.959,-60.8961],"timeVisible":10.8101,"tipPosition":[-83.9318,317.519,-63.1296],"tipVelocity":[-40.4703,361.34,-181.683],"tool":false,"touchDistance":-0.56721,"touchZone":"hovering","type":1,"width":19.133},{"bases":[[[0.999017,0.0106066,0.0430411],[-0.0301999,0.873615,0.485679],[-0.0324499,-0.486502,0.873077]],[[0.997297,-0.00622543,0.0732107],[0.0513558,0.771654,-0.633966],[-0.0525466,0.636012,0.769888]],[[0.997297,-0.00622543,0.0732107],[0.0697357,-0.233617,-0.969825],[0.0231409,0.972309,-0.232551]],[[0.997297,-0.00622543,0.0732107],[0.0475856,-0.704478,-0.708129],[0.0559837,0.709699,-0.702277]]],"btipPosition":[-50.4291,236.707,-7.46423],"carpPosition":[-53.4823,273.998,69.8993],"dipPosition":[-49.3885,249.899,-20.5183],"direction":[-0.0231409,-0.972309,0.232552],"extended":false,"handId":360,"id":3602,"length":66.2798,"mcpPosition":[-51.2429,307.572,9.64697],"pipPosition":[-48.7376,277.249,-27.0595],"stabilizedTipPosition":[-52.0888,230.152,-1.71221],"timeVisible":10.8101,"tipPosition":[-50.0942,240.175,-11.7136],"tipVelocity":[11.2347,160.198,-153.706],"tool":false,"touchDistance":0.333333,"touchZone":"none","type":2,"width":18.7912},{"bases":[[[0.982768,-0.126989,0.134317],[0.0402334,0.856187,0.515098],[-0.180412,-0.500817,0.846542]],[[0.984148,-0.123072,0.127698],[0.176946,0.730032,-0.660108],[-0.0119827,0.67224,0.740237]],[[0.984148,-0.123072,0.127698],[0.0877149,-0.288025,-0.953597],[0.154141,0.949681,-0.272664]],[[0.984148,-0.123072,0.127698],[-0.00141784,-0.725465,-0.688258],[0.177345,0.677166,-0.714139]]],"btipPosition":[-37.1958,238.083,5.64628],"carpPosition":[-41.4025,275.299,70.1438],"dipPosition":[-33.9182,250.598,-7.55201],"direction":[-0.154141,-0.949681,0.272664],"extended":false,"handId":360,"id":3603,"length":63.7298,"mcpPosition":[-30.224,306.33,17.6914],"pipPosition":[-29.6945,276.62,-15.0234],"stabilizedTipPosition":[-39.7381,227.246,16.205],"timeVisible":10.8101,"tipPosition":[-36.2849,241.097,1.661],"tipVelocity":[11.4757,159.251,-158.052],"tool":false,"touchDistance":0.333333,"touchZone":"none","type":3,"width":17.881},{"bases":[[[0.935034,-0.323809,0.144424],[0.176502,0.77838,0.602471],[-0.307502,-0.53784,0.784965]],[[0.850081,-0.4291,0.305346],[0.526282,0.670396,-0.523065],[0.0197445,0.605345,0.795718]],[[0.850081,-0.4291,0.305346],[0.208172,-0.258795,-0.943234],[0.483763,0.865389,-0.13067]],[[0.850081,-0.4291,0.305346],[-0.0651151,-0.660973,-0.74758],[0.522611,0.615621,-0.589821]]],"btipPosition":[-29.9053,252,8.91568],"carpPosition":[-28.5823,269.562,69.1849],"dipPosition":[-20.9948,262.496,-1.1407],"direction":[-0.483763,-0.865389,0.13067],"extended":false,"handId":360,"id":3604,"length":49.963,"mcpPosition":[-10.945,300.411,24.1621],"pipPosition":[-11.6356,279.238,-3.66873],"stabilizedTipPosition":[-31.2701,240.265,20.0403],"timeVisible":10.8101,"tipPosition":[-27.4222,254.653,5.57187],"tipVelocity":[2.34758,150.872,-131.413],"tool":false,"touchDistance":0.333333,"touchZone":"none","type":4,"width":15.8833}],"r":[[0.7247,0.234785,0.647832],[-0.365489,0.927985,0.0725386],[-0.584147,-0.289344,0.758322]],"s":1.31369,"t":[9.19277,62.1269,-126.373],"timestamp":15359396114},false],[5,{"currentFrameRate":110.072,"devices":[],"gestures":[],"hands":[{"armBasis":[[0.931523,0.280687,-0.231255],[-0.169256,0.897407,0.407447],[0.321895,-0.340405,0.883464]],"armWidth":63.029,"confidence":0.932792,"direction":[0.0382339,0.61065,-0.790977],"elbow":[42.2176,171.245,307.059],"grabStrength":0.305024,"id":360,"palmNormal":[0.182069,-0.782563,-0.595354],"palmPosition":[-48.3398,290.517,25.2528],"palmVelocity":[13.0739,147.101,-171.346],"palmWidth":90.0033,"pinchStrength":0.312677,"r":[[0.7246,0.233532,0.648396],[-0.364514,0.928332,0.072998],[-0.584879,-0.289244,0.757796]],"s":1.32185,"sphereCenter":[-67.7316,272.863,-16.3812],"sphereRadius":50.0216,"stabilizedPalmPosition":[-53.243,272.279,44.4389],"t":[9.27643,63.2587,-127.975],"timeVisible":10.8191,"type":"right","wrist":[-43.7516,262.157,71.1104]}],"id":1170529,"interactionBox":{"center":[0,200,0],"size":[235.247,235.247,147.751]},"pointables":[{"bases":[[[0.239986,0.867894,0.434934],[-0.887089,0.0140768,0.461384],[0.394309,-0.496551,0.773277]],[[0.0267607,0.999422,0.0209598],[-0.886054,0.0140074,0.463371],[0.46281,-0.0309716,0.885917]],[[0.0267607,0.999422,0.0209598],[-0.999232,0.0273445,-0.0280789],[-0.0286358,-0.0201923,0.999386]],[[0.0267607,0.999422,0.0209598],[-0.953664,0.0192385,0.300257],[0.29968,-0.0280237,0.953628]]],"btipPosition":[-98.4662,251.17,-36.076],"carpPosition":[-69.6426,248.311,63.4487],"dipPosition":[-91.5286,250.521,-13.9997],"direction":[0.0286358,0.0201923,-0.999386],"extended":false,"handId":360,"id":3600,"length":51.5512,"mcpPosition":[-69.6426,248.311,63.4487],"pipPosition":[-92.4944,249.84,19.7054],"stabilizedTipPosition":[-102.091,230.461,-8.24992],"timeVisible":10.8191,"tipPosition":[-96.8471,251.089,-30.9037],"tipVelocity":[47.7456,151.284,-181.855],"tool":false,"touchDistance":-0.513816,"touchZone":"hovering","type":0,"width":20.0304},{"bases":[[[0.975013,0.222058,0.00629128],[-0.198935,0.860183,0.469585],[0.0988633,-0.459103,0.882865]],[[0.955536,0.27667,-0.101999],[-0.164361,0.786922,0.59476],[0.244817,-0.55155,0.797407]],[[0.955536,0.27667,-0.101999],[-0.271992,0.96058,0.0575027],[0.113887,-0.0272031,0.993121]],[[0.955536,0.27667,-0.101999],[-0.29362,0.860888,-0.415523],[-0.0271532,0.426996,0.903846]]],"btipPosition":[-84.7831,321.16,-69.4365],"carpPosition":[-64.9208,270.878,67.7173],"dipPosition":[-85.2419,328.377,-54.1613],"direction":[-0.113887,0.0272031,-0.993121],"extended":true,"handId":360,"id":3601,"length":58.1698,"mcpPosition":[-72.1152,304.287,3.46959],"pipPosition":[-82.5191,327.726,-30.4174],"stabilizedTipPosition":[-84.3406,317.431,-62.866],"timeVisible":10.8191,"tipPosition":[-84.1164,320.311,-65.2729],"tipVelocity":[-34.8403,348.302,-194.664],"tool":false,"touchDistance":-0.569658,"touchZone":"hovering","type":1,"width":19.133},{"bases":[[[0.998938,0.00807401,0.0453662],[-0.029015,0.875053,0.483157],[-0.0357968,-0.48396,0.874358]],[[0.997101,-0.00867637,0.0755927],[0.0549689,0.769075,-0.636791],[-0.0526114,0.6391,0.767322]],[[0.997101,-0.00867637,0.0755927],[0.0713494,-0.238537,-0.968509],[0.0264348,0.971095,-0.237226]],[[0.997101,-0.00867637,0.0755927],[0.047242,-0.708201,-0.704428],[0.0596467,0.705957,-0.705738]]],"btipPosition":[-50.4391,237.76,-9.06436],"carpPosition":[-53.5656,275.269,68.0693],"dipPosition":[-49.3304,250.882,-22.1828],"direction":[-0.0264348,-0.971095,0.237226],"extended":false,"handId":360,"id":3602,"length":66.2798,"mcpPosition":[-51.0953,308.668,7.72867],"pipPosition":[-48.5869,278.197,-28.8555],"stabilizedTipPosition":[-51.8379,231.552,-3.0778],"timeVisible":10.8191,"tipPosition":[-50.0859,241.188,-13.313],"tipVelocity":[8.32854,147.944,-160.896],"tool":false,"touchDistance":0.333333,"touchZone":"none","type":2,"width":18.7912},{"bases":[[[0.982108,-0.129221,0.136988],[0.0413024,0.85752,0.51279],[-0.183733,-0.497957,0.847514]],[[0.98351,-0.125337,0.13038],[0.180461,0.727674,-0.661758],[-0.0119315,0.674374,0.738293]],[[0.98351,-0.125337,0.13038],[0.0891603,-0.291193,-0.9525],[0.15735,0.948418,-0.275216]],[[0.98351,-0.125337,0.13038],[-0.00179434,-0.727639,-0.685958],[0.180846,0.674412,-0.715865]]],"btipPosition":[-37.2254,239.136,3.96868],"carpPosition":[-41.4831,276.539,68.3387],"dipPosition":[-33.8831,251.6,-9.2615],"direction":[-0.15735,-0.948418,0.275216],"extended":false,"handId":360,"id":3603,"length":63.7298,"mcpPosition":[-30.0988,307.393,15.8261],"pipPosition":[-29.5715,277.588,-16.8029],"stabilizedTipPosition":[-39.3711,228.896,14.496],"timeVisible":10.8191,"tipPosition":[-36.2988,242.132,-0.0144381],"tipVelocity":[7.88251,147.432,-166.189],"tool":false,"touchDistance":0.333333,"touchZone":"none","type":3,"width":17.881},{"bases":[[[0.933827,-0.325885,0.147535],[0.177158,0.779597,0.600702],[-0.310777,-0.534815,0.785742]],[[0.848283,-0.430435,0.308449],[0.529186,0.667679,-0.52361],[0.0194346,0.607396,0.794161]],[[0.848283,-0.430435,0.308449],[0.209595,-0.261998,-0.942033],[0.486297,0.863761,-0.132032]],[[0.848283,-0.430435,0.308449],[-0.0652491,-0.663005,-0.745766],[0.525507,0.612495,-0.590502]]],"btipPosition":[-29.8987,253.042,7.20476],"carpPosition":[-28.6759,270.765,67.4261],"dipPosition":[-20.9389,263.485,-2.86323],"direction":[-0.486297,-0.863761,0.132032],"extended":false,"handId":360,"id":3604,"length":49.963,"mcpPosition":[-10.8509,301.44,22.3588],"pipPosition":[-11.5306,280.196,-5.4176],"stabilizedTipPosition":[-30.8821,241.981,18.3274],"timeVisible":10.8191,"tipPosition":[-27.4117,255.673,3.87865],"tipVelocity":[2.25274,140.993,-147.72],"tool":false,"touchDistance":0.333333,"touchZone":"none","type":4,"width":15.8833}],"r":[[0.7246,0.233532,0.648396],[-0.364514,0.928332,0.072998],[-0.584879,-0.289244,0.757796]],"s":1.32185,"t":[9.27643,63.2587,-127.975],"timestamp":15359405088},false],[6,{"currentFrameRate":110.028,"devices":[],"gestures":[],"hands":[{"armBasis":[[0.931661,0.278253,-0.233631],[-0.1672,0.899241,0.404241],[0.322572,-0.337552,0.884311]],"armWidth":63.029,"confidence":0.937672,"direction":[0.040545,0.607669,-0.793155],"elbow":[42.2323,173.31,305.738],"grabStrength":0.26776,"id":360,"palmNormal":[0.180463,-0.785206,-0.592355],"palmPosition":[-48.3909,291.666,23.5996],"palmVelocity":[7.87266,141.037,-173.856],"palmWidth":90.0033,"pinchStrength":0.315992,"r":[[0.724535,0.23261,0.648801],[-0.363246,0.928858,0.0726302],[-0.585749,-0.288297,0.757484]],"s":1.32968,"sphereCenter":[-68.3447,274.171,-17.9706],"sphereRadius":50.31,"stabilizedPalmPosition":[-52.8443,273.872,42.7262],"t":[9.29271,64.3991,-129.602],"timeVisible":10.8282,"type":"right","wrist":[-43.9177,263.461,69.5636]}],"id":1170530,"interactionBox":{"center":[0,200,0],"size":[235.247,235.247,147.751]},"pointables":[{"bases":[[[0.241955,0.868818,0.431986],[-0.887437,0.0181381,0.460573],[0.392319,-0.494798,0.77541]],[[0.0292477,0.999428,0.0169956],[-0.886253,0.0180648,0.462849],[0.462277,-0.0285996,0.886274]],[[0.0292477,0.999428,0.0169956],[-0.999038,0.0297834,-0.0321734],[-0.0326611,-0.0160383,0.999338]],[[0.0292477,0.999428,0.0169956],[-0.954653,0.0228895,0.296839],[0.29628,-0.0249067,0.954776]]],"btipPosition":[-98.4223,252.186,-37.6372],"carpPosition":[-69.8395,249.657,61.9302],"dipPosition":[-91.5635,251.61,-15.5343],"direction":[0.0326611,0.0160383,-0.999338],"extended":false,"handId":360,"id":3600,"length":51.5512,"mcpPosition":[-69.8395,249.657,61.9302],"pipPosition":[-92.665,251.069,18.1693],"stabilizedTipPosition":[-101.622,232.391,-10.4223],"timeVisible":10.8282,"tipPosition":[-96.8735,252.134,-32.4615],"tipVelocity":[35.2137,140.513,-178.446],"tool":false,"touchDistance":-0.514093,"touchZone":"hovering","type":0,"width":20.0304},{"bases":[[[0.975602,0.219456,0.00631695],[-0.197014,0.862415,0.46629],[0.0968822,-0.456158,0.884609]],[[0.95656,0.273339,-0.101387],[-0.160653,0.784418,0.599065],[0.243278,-0.556753,0.794256]],[[0.95656,0.273339,-0.101387],[-0.265419,0.960378,0.0850129],[0.120608,-0.0544097,0.991208]],[[0.95656,0.273339,-0.101387],[-0.291244,0.880367,-0.374341],[-0.0130638,0.387608,0.921732]]],"btipPosition":[-85.112,323.831,-71.2825],"carpPosition":[-65.0605,272.226,66.1209],"dipPosition":[-85.3328,330.382,-55.7049],"direction":[-0.120608,0.0544097,-0.991208],"extended":true,"handId":360,"id":3601,"length":58.1698,"mcpPosition":[-72.1108,305.421,1.74627],"pipPosition":[-82.4492,329.081,-32.0068],"stabilizedTipPosition":[-84.6716,320.614,-64.812],"timeVisible":10.8282,"tipPosition":[-84.4251,322.833,-67.1348],"tipVelocity":[-33.4648,327.77,-194.419],"tool":false,"touchDistance":-0.567672,"touchZone":"hovering","type":1,"width":19.133},{"bases":[[[0.998917,0.00555166,0.0461885],[-0.0270658,0.876876,0.479954],[-0.0378371,-0.480684,0.876077]],[[0.997009,-0.0110878,0.0764812],[0.0575718,0.766761,-0.639346],[-0.0515539,0.641837,0.765106]],[[0.997009,-0.0110878,0.0764812],[0.0715315,-0.24217,-0.967593],[0.0292499,0.97017,-0.240653]],[[0.997009,-0.0110878,0.0764812],[0.045926,-0.710933,-0.701759],[0.0621539,0.703173,-0.708297]]],"btipPosition":[-50.6028,238.8,-10.5361],"carpPosition":[-53.6939,276.588,66.4667],"dipPosition":[-49.4475,251.87,-23.7021],"direction":[-0.0292499,-0.97017,0.240653],"extended":false,"handId":360,"id":3602,"length":66.2798,"mcpPosition":[-51.0827,309.761,6.00735],"pipPosition":[-48.6247,279.159,-30.4712],"stabilizedTipPosition":[-51.66,232.768,-4.32117],"timeVisible":10.8282,"tipPosition":[-50.2384,242.202,-14.7754],"tipVelocity":[1.35284,137.962,-161.131],"tool":false,"touchDistance":0.333333,"touchZone":"none","type":2,"width":18.7912},{"bases":[[[0.981641,-0.131364,0.138294],[0.0431792,0.859262,0.50971],[-0.185788,-0.494381,0.849159]],[[0.983042,-0.127554,0.131752],[0.183067,0.724635,-0.664372],[-0.0107289,0.677225,0.735697]],[[0.983042,-0.127554,0.131752],[0.0890886,-0.295798,-0.951087],[0.160287,0.946696,-0.279418]],[[0.983042,-0.127554,0.131752],[-0.00338471,-0.730959,-0.682413],[0.18335,0.670395,-0.718995]]],"btipPosition":[-37.4031,240.197,2.55754],"carpPosition":[-41.6082,277.826,66.7417],"dipPosition":[-34.0145,252.587,-10.7305],"direction":[-0.160287,-0.946696,0.279418],"extended":false,"handId":360,"id":3603,"length":63.7298,"mcpPosition":[-30.0966,308.458,14.1272],"pipPosition":[-29.6224,278.528,-18.387],"stabilizedTipPosition":[-39.0919,230.334,12.9721],"timeVisible":10.8282,"tipPosition":[-36.4673,243.163,-1.42732],"tipVelocity":[0.601147,138.078,-163.177],"tool":false,"touchDistance":0.333333,"touchZone":"none","type":3,"width":17.881},{"bases":[[[0.932821,-0.327857,0.149513],[0.17875,0.781294,0.59802],[-0.312879,-0.53112,0.787412]],[[0.847164,-0.431319,0.310285],[0.530886,0.663207,-0.527558],[0.0217623,0.611654,0.790826]],[[0.847164,-0.431319,0.310285],[0.207978,-0.268194,-0.940647],[0.488936,0.861415,-0.137499]],[[0.847164,-0.431319,0.310285],[-0.067755,-0.666905,-0.742056],[0.526994,0.60762,-0.594202]]],"btipPosition":[-30.0759,254.06,5.8294],"carpPosition":[-28.8159,272.015,65.8611],"dipPosition":[-21.0907,264.419,-4.30167],"direction":[-0.488936,-0.861415,0.137499],"extended":false,"handId":360,"id":3604,"length":49.963,"mcpPosition":[-10.8703,302.478,20.6979],"pipPosition":[-11.6314,281.085,-6.96183],"stabilizedTipPosition":[-30.5846,243.478,16.7921],"timeVisible":10.8282,"tipPosition":[-27.5861,256.664,2.49469]