{"sensorType":"Leap","data":[[0,{"currentFrameRate":110.53,"devices":[],"gestures":[],"hands":[{"armBasis":[[0.947852,0.23007,-0.220553],[-0.17604,0.954813,0.239461],[0.26568,-0.188148,0.945524]],"armWidth":63.029,"confidence":0.727267,"direction":[0.141646,0.243954,-0.959387],"elbow":[53.8967,159.842,306.298],"grabStrength":0,"id":360,"palmNormal":[0.173002,-0.960344,-0.218655],"palmPosition":[-16.1029,218.001,0.25165],"palmVelocity":[-56.5653,10.8653,95.1536],"palmWidth":90.0033,"pinchStrength":0.792059,"r":[[0.694973,0.437856,0.570345],[-0.287377,0.896244,-0.337877],[-0.65911,0.070911,0.748696]],"s":1.37839,"sphereCenter":[-45.9336,193.488,-33.8656],"sphereRadius":56.8841,"stabilizedPalmPosition":[-11.4185,217.318,-7.48045],"t":[42.1232,-8.26158,-155.454],"timeVisible":27.0882,"type":"right","wrist":[-17.0589,210.092,53.775]}],"id":1172298,"interactionBox":{"center":[0,200,0],"size":[235.247,235.247,147.751]},"pointables":[{"bases":[[[0.265112,0.960886,0.0800845],[-0.917067,0.225622,0.328759],[0.297831,-0.160601,0.941012]],[[0.153114,0.960563,-0.232109],[-0.927862,0.220564,0.300704],[0.34004,0.169323,0.925042]],[[0.153114,0.960563,-0.232109],[-0.953539,0.0819408,-0.289912],[-0.259459,0.265715,0.928481]],[[0.153114,0.960563,-0.232109],[-0.0526304,-0.226619,-0.97256],[-0.986806,0.161129,0.0158562]]],"btipPosition":[-28.3703,174.147,-27.6955],"carpPosition":[-43.1753,195.2,49.6605],"dipPosition":[-51.2147,177.878,-27.3285],"direction":[0.259459,-0.265715,-0.928481],"extended":false,"handId":360,"id":3600,"length":51.5512,"mcpPosition":[-43.1753,195.2,49.6605],"pipPosition":[-59.9652,186.839,3.98536],"stabilizedTipPosition":[-29.0975,173.33,-39.0052],"timeVisible":27.0882,"tipPosition":[-33.1783,174.267,-27.8829],"tipVelocity":[-41.05,17.9805,95.0572],"tool":false,"touchDistance":0.131387,"touchZone":"hovering","type":0,"width":20.0304},{"bases":[[[0.984629,0.174048,0.0146204],[-0.17465,0.982031,0.0715016],[-0.00191303,-0.072956,0.997333]],[[0.975232,0.182536,-0.124912],[-0.097992,0.86286,0.495854],[0.198293,-0.471332,0.859375]],[[0.975232,0.182536,-0.124912],[-0.138378,0.944089,0.299246],[0.172551,-0.274549,0.945965]],[[0.975232,0.182536,-0.124912],[-0.16974,0.979722,0.106461],[0.141812,-0.0826214,0.98644]]],"btipPosition":[-52.0558,250.732,-103.229],"carpPosition":[-37.2462,217.433,45.1569],"dipPosition":[-49.6591,249.336,-86.5577],"direction":[-0.172551,0.274549,-0.945965],"extended":true,"handId":360,"id":3601,"length":58.1698,"mcpPosition":[-37.107,222.742,-27.4208],"pipPosition":[-45.5337,242.772,-63.9413],"stabilizedTipPosition":[-46.6838,256.572,-103.164],"timeVisible":27.0882,"tipPosition":[-51.6933,251.731,-98.824],"tipVelocity":[-65.3675,-119.611,56.2209],"tool":false,"touchDistance":0.395099,"touchZone":"hovering","type":1,"width":19.133},{"bases":[[[0.990568,-0.00738857,0.136824],[-0.00567244,0.995478,0.0948229],[-0.136906,-0.0947046,0.986046]],[[0.990976,-0.00710276,0.133848],[0.127724,0.352884,-0.926909],[-0.0406494,0.93564,0.350607]],[[0.990976,-0.00710276,0.133848],[0.111621,-0.509122,-0.853426],[0.0742069,0.860665,-0.503735]],[[0.990976,-0.00710276,0.133848],[0.0725298,-0.811349,-0.580046],[0.112718,0.584519,-0.803512]]],"btipPosition":[-18.4719,148.079,-10.7873],"carpPosition":[-25.6756,221.226,44.8724],"dipPosition":[-16.3767,158.944,-25.7232],"direction":[-0.0742069,-0.860665,0.503735],"extended":false,"handId":360,"id":3602,"length":66.2798,"mcpPosition":[-16.2275,227.762,-23.1761],"pipPosition":[-14.2894,183.153,-39.8923],"stabilizedTipPosition":[-16.8214,149.848,-27.6192],"timeVisible":27.0882,"tipPosition":[-17.9226,150.863,-14.6325],"tipVelocity":[1.90195,7.22248,115.909],"tool":false,"touchDistance":0.333333,"touchZone":"none","type":2,"width":18.7912},{"bases":[[[0.957214,-0.0962668,0.272898],[0.0607523,0.98888,0.135741],[-0.282931,-0.113354,0.952419]],[[0.961824,-0.0943526,0.25689],[0.273669,0.332147,-0.902653],[-0.0001577,0.938496,0.345289]],[[0.961824,-0.0943526,0.25689],[0.167616,-0.538922,-0.825511],[0.216333,0.837055,-0.502533]],[[0.961824,-0.0943526,0.25689],[0.0674141,-0.828076,-0.556548],[0.265236,0.552619,-0.790103]]],"btipPosition":[-6.88363,154.497,-0.0890632],"carpPosition":[-13.5914,222.1,45.8112],"dipPosition":[-1.98169,164.71,-14.6913],"direction":[-0.216333,-0.837055,0.502533],"extended":false,"handId":360,"id":3603,"length":63.7298,"mcpPosition":[3.9392,229.124,-13.2014],"pipPosition":[3.94617,187.647,-28.4615],"stabilizedTipPosition":[-4.39864,155.905,-14.6853],"timeVisible":27.0882,"tipPosition":[-5.75274,157.324,-3.19689],"tipVelocity":[-1.0491,13.7931,96.2564],"tool":false,"touchDistance":0.333333,"touchZone":"none","type":3,"width":17.881},{"bases":[[[0.89475,-0.270799,0.355091],[0.183658,0.947943,0.260141],[-0.407052,-0.167546,0.897907]],[[0.843348,-0.287909,0.453732],[0.53169,0.324651,-0.782245],[0.0779115,0.90095,0.426872]],[[0.843348,-0.287909,0.453732],[0.258187,-0.523418,-0.812018],[0.471279,0.801961,-0.367089]],[[0.843348,-0.287909,0.453732],[0.0485672,-0.800066,-0.597943],[0.535169,0.52631,-0.660751]]],"btipPosition":[1.19678,169.632,0.446622],"carpPosition":[-1.18299,216.023,48.5098],"dipPosition":[10.3213,178.606,-10.8191],"direction":[-0.471279,-0.801961,0.367089],"extended":false,"handId":360,"id":3604,"length":49.963,"mcpPosition":[22.1641,225.632,-2.99091],"pipPosition":[19.439,194.121,-17.9211],"stabilizedTipPosition":[5.36613,170.323,-11.8992],"timeVisible":27.0882,"tipPosition":[3.12996,172.123,-1.67147],"tipVelocity":[-1.06426,17.0657,70.7659],"tool":false,"touchDistance":0.333333,"touchZone":"none","type":4,"width":15.8833}],"r":[[0.694973,0.437856,0.570345],[-0.287377,0.896244,-0.337877],[-0.65911,0.070911,0.748696]],"s":1.37839,"t":[42.1232,-8.26158,-155.454],"timestamp":15375674229},true],[1,{"currentFrameRate":110.522,"devices":[],"gestures":[],"hands":[{"armBasis":[[0.944748,0.241527,-0.221619],[-0.186079,0.951754,0.244006],[0.269861,-0.189286,0.944111]],"armWidth":63.029,"confidence":0.732855,"direction":[0.139895,0.248661,-0.958435],"elbow":[54.3851,159.637,307.228],"grabStrength":0,"id":360,"palmNormal":[0.182878,-0.957789,-0.2218],"palmPosition":[-16.7709,218.291,1.58727],"palmVelocity":[-61.3004,16.7195,109.577],"palmWidth":90.0033,"pinchStrength":0.788668,"r":[[0.691393,0.443565,0.570286],[-0.294209,0.89379,-0.338497],[-0.659861,0.0662517,0.748461]],"s":1.37616,"sphereCenter":[-45.9444,193.334,-32.6092],"sphereRadius":56.6719,"stabilizedPalmPosition":[-11.5356,217.339,-7.28208],"t":[41.526,-8.04827,-154.348],"timeVisible":27.0973,"type":"right","wrist":[-17.6873,210.189,55.0825]}],"id":1172299,"interactionBox":{"center":[0,200,0],"size":[235.247,235.247,147.751]},"pointables":[{"bases":[[[0.255312,0.963239,0.0835784],[-0.919552,0.215203,0.328803],[0.29873,-0.160802,0.940693]],[[0.143964,0.963033,-0.227689],[-0.92942,0.210587,0.303037],[0.339783,0.167993,0.925379]],[[0.143964,0.963033,-0.227689],[-0.954219,0.0741347,-0.289778],[-0.262186,0.258983,0.929616]],[[0.143964,0.963033,-0.227689],[-0.0471182,-0.223154,-0.973644],[-0.98846,0.150898,0.01325]]],"btipPosition":[-28.7006,174.526,-26.4542],"carpPosition":[-43.6484,195.048,50.8965],"dipPosition":[-51.5832,178.019,-26.1474],"direction":[0.262186,-0.258983,-0.929616],"extended":false,"handId":360,"id":3600,"length":51.5512,"mcpPosition":[-43.6484,195.048,50.8965],"pipPosition":[-60.4257,186.753,5.20469],"stabilizedTipPosition":[-29.1296,173.343,-38.922],"timeVisible":27.0973,"tipPosition":[-33.4902,174.603,-26.6591],"tipVelocity":[-40.0448,22.881,106.211],"tool":false,"touchDistance":0.151845,"touchZone":"hovering","type":0,"width":20.0304},{"bases":[[[0.982805,0.183951,0.0159936],[-0.184635,0.979963,0.0747202],[-0.00192832,-0.0763883,0.997076]],[[0.973636,0.192745,-0.121994],[-0.10882,0.862502,0.494214],[0.200478,-0.467909,0.860738]],[[0.973636,0.192745,-0.121994],[-0.150884,0.945277,0.289285],[0.171077,-0.263251,0.949437]],[[0.973636,0.192745,-0.121994],[-0.182738,0.979162,0.0885898],[0.136528,-0.0639612,0.988569]]],"btipPosition":[-52.7181,250.174,-102.07],"carpPosition":[-37.9413,217.356,46.4736],"dipPosition":[-50.4107,249.093,-85.3632],"direction":[-0.171077,0.263251,-0.949437],"extended":true,"handId":360,"id":3601,"length":58.1698,"mcpPosition":[-37.801,222.915,-26.0854],"pipPosition":[-46.3206,242.799,-62.6638],"stabilizedTipPosition":[-47.3682,255.745,-102.55],"timeVisible":27.0973,"tipPosition":[-52.4399,251.316,-97.6319],"tipVelocity":[-68.1235,-101.379,76.2511],"tool":false,"touchDistance":0.406424,"touchZone":"hovering","type":1,"width":19.133},{"bases":[[[0.990488,0.0021662,0.137581],[-0.0158193,0.995039,0.0982208],[-0.136686,-0.099463,0.985608]],[[0.990883,0.00245648,0.134704],[0.124983,0.356564,-0.925873],[-0.0503051,0.934268,0.353006]],[[0.990883,0.00245648,0.134704],[0.117399,-0.506262,-0.854351],[0.066097,0.862376,-0.501935]],[[0.990883,0.00245648,0.134704],[0.0810652,-0.809459,-0.581553],[0.107609,0.587171,-0.802278]]],"btipPosition":[-18.4376,148.416,-9.60625],"carpPosition":[-26.4095,221.267,46.2112],"dipPosition":[-16.4373,159.33,-24.5192],"direction":[-0.066097,-0.862376,0.501935],"extended":false,"handId":360,"id":3602,"length":66.2798,"mcpPosition":[-16.9766,228.131,-21.8071],"pipPosition":[-14.5782,183.587,-38.6376],"stabilizedTipPosition":[-16.8227,149.849,-27.603],"timeVisible":27.0973,"tipPosition":[-17.9106,151.193,-13.4592],"tipVelocity":[1.75749,15.8447,120.05],"tool":false,"touchDistance":0.333333,"touchZone":"none","type":2,"width":18.7912},{"bases":[[[0.957933,-0.0875107,0.273324],[0.0506378,0.988973,0.139168],[-0.282489,-0.119473,0.951802]],[[0.962513,-0.085505,0.257404],[0.271057,0.337481,-0.901462],[-0.00978955,0.937441,0.348007]],[[0.962513,-0.085505,0.257404],[0.173637,-0.534811,-0.826938],[0.20837,0.840634,-0.499916]],[[0.962513,-0.085505,0.257404],[0.0761459,-0.825662,-0.559003],[0.260326,0.557648,-0.7882]]],"btipPosition":[-6.92047,154.891,1.07349],"carpPosition":[-14.3355,222.26,47.1625],"dipPosition":[-2.10928,165.198,-13.4935],"direction":[-0.20837,-0.840634,0.499916],"extended":false,"handId":360,"id":3603,"length":63.7298,"mcpPosition":[3.16774,229.663,-11.8118],"pipPosition":[3.60039,188.232,-27.192],"stabilizedTipPosition":[-4.40028,155.907,-14.6709],"timeVisible":27.0973,"tipPosition":[-5.81121,157.726,-2.04458],"tipVelocity":[-2.51806,22.656,105.347],"tool":false,"touchDistance":0.333333,"touchZone":"none","type":3,"width":17.881},{"bases":[[[0.897177,-0.262946,0.35487],[0.173858,0.948856,0.263525],[-0.406014,-0.174732,0.897007]],[[0.844621,-0.281271,0.455524],[0.531986,0.345503,-0.773058],[0.0600538,0.895273,0.441452]],[[0.844621,-0.281271,0.455524],[0.272967,-0.505704,-0.818384],[0.460548,0.815567,-0.350351]],[[0.844621,-0.281271,0.455524],[0.0646643,-0.791038,-0.608339],[0.531445,0.543272,-0.64994]]],"btipPosition":[1.34769,169.967,0.820504],"carpPosition":[-1.86823,216.299,49.8502],"dipPosition":[10.4088,179.23,-10.2609],"direction":[-0.460548,-0.815567,0.350351],"extended":false,"handId":360,"id":3604,"length":49.963,"mcpPosition":[21.4193,226.321,-1.59893],"pipPosition":[19.3188,195.008,-17.039],"stabilizedTipPosition":[5.36169,170.327,-11.8758],"timeVisible":27.0973,"tipPosition":[3.17772,172.512,-1.04641],"tipVelocity":[3.38373,24.5751,63.9064],"tool":false,"touchDistance":0.333333,"touchZone":"none","type":4,"width":15.8833}],"r":[[0.691393,0.443565,0.570286],[-0.294209,0.89379,-0.338497],[-0.659861,0.0662517,0.748461]],"s":1.37616,"t":[41.526,-8.04827,-154.348],"timestamp":15375683292},true],[2,{"currentFrameRate":110.523,"devices":[],"gestures":[],"hands":[{"armBasis":[[0.942056,0.248318,-0.22554],[-0.192008,0.95046,0.244455],[0.275069,-0.186985,0.943066]],"armWidth":63.029,"confidence":0.736493,"direction":[0.139447,0.254445,-0.956981],"elbow":[55.2062,160.126,308.115],"grabStrength":0,"id":360,"palmNormal":[0.189409,-0.955433,-0.226433],"palmPosition":[-17.3279,218.444,2.79636],"palmVelocity":[-61.3749,16.782,116.221],"palmWidth":90.0033,"pinchStrength":0.78445,"r":[[0.687771,0.44843,0.57086],[-0.300742,0.891741,-0.33816],[-0.660701,0.0608953,0.748175]],"s":1.37399,"sphereCenter":[-45.8939,193.236,-31.5382],"sphereRadius":56.4338,"stabilizedPalmPosition":[-11.6452,217.36,-7.09144],"t":[40.949,-7.86497,-153.19],"timeVisible":27.1063,"type":"right","wrist":[-18.2571,210.065,56.2485]}],"id":1172300,"interactionBox":{"center":[0,200,0],"size":[235.247,235.247,147.751]},"pointables":[{"bases":[[[0.248906,0.964449,0.0887952],[-0.921344,0.207516,0.328729],[0.298616,-0.163634,0.940241]],[[0.138423,0.965308,-0.221404],[-0.929912,0.203597,0.306286],[0.340738,0.16349,0.925834]],[[0.138423,0.965308,-0.221404],[-0.954707,0.0706053,-0.28905],[-0.26339,0.251387,0.931359]],[[0.138423,0.965308,-0.221404],[-0.0415083,-0.217705,-0.975131],[-0.989503,0.14417,0.0099329]]],"btipPosition":[-29.148,174.887,-25.4023],"carpPosition":[-44.1135,194.776,51.9528],"dipPosition":[-52.0548,178.225,-25.1724],"direction":[0.26339,-0.251387,-0.931359],"extended":false,"handId":360,"id":3600,"length":51.5512,"mcpPosition":[-44.1135,194.776,51.9528],"pipPosition":[-60.9379,186.703,6.2385],"stabilizedTipPosition":[-29.1598,173.356,-38.8445],"timeVisible":27.1063,"tipPosition":[-33.8951,174.938,-25.6298],"tipVelocity":[-42.8136,26.5091,108.451],"tool":false,"touchDistance":0.169081,"touchZone":"hovering","type":0,"width":20.0304},{"bases":[[[0.981561,0.190283,0.0181716],[-0.19113,0.978343,0.0794655],[-0.00265711,-0.0814734,0.996672]],[[0.972657,0.199656,-0.118646],[-0.116746,0.861943,0.493382],[0.200772,-0.466039,0.861683]],[[0.972657,0.199656,-0.118646],[-0.159991,0.946321,0.280856],[0.168352,-0.254194,0.952388]],[[0.972657,0.199656,-0.118646],[-0.191979,0.978675,0.0730664],[0.130704,-0.048291,0.990245]]],"btipPosition":[-53.1196,249.77,-101.003],"carpPosition":[-38.5469,217.142,47.6506],"dipPosition":[-50.9107,248.954,-84.2676],"direction":[-0.168352,0.254194,-0.952388],"extended":true,"handId":360,"id":3601,"length":58.1698,"mcpPosition":[-38.3536,223.071,-24.8791],"pipPosition":[-46.8857,242.876,-61.4976],"stabilizedTipPosition":[-47.9581,255.052,-101.943],"timeVisible":27.1063,"tipPosition":[-52.909,251.039,-96.5341],"tipVelocity":[-62.2703,-83.8905,87.9622],"tool":false,"touchDistance":0.415223,"touchZone":"hovering","type":1,"width":19.133},{"bases":[[[0.990283,0.00793541,0.138844],[-0.0224455,0.994402,0.103256],[-0.137247,-0.105369,0.984917]],[[0.990673,0.0082379,0.136015],[0.123801,0.362626,-0.923675],[-0.0569318,0.931898,0.358224]],[[0.990673,0.0082379,0.136015],[0.121813,-0.500901,-0.856889],[0.0610712,0.865465,-0.497233]],[[0.990673,0.0082379,0.136015],[0.0870936,-0.805953,-0.585537],[0.104798,0.591922,-0.799153]]],"btipPosition":[-18.5205,148.624,-8.78621],"carpPosition":[-27.0406,221.13,47.4226],"dipPosition":[-16.5725,159.627,-23.641],"direction":[-0.0610712,-0.865465,0.497233],"extended":false,"handId":360,"id":3602,"length":66.2798,"mcpPosition":[-17.569,228.402,-20.5479],"pipPosition":[-14.8546,183.971,-37.6272],"stabilizedTipPosition":[-16.8237,149.85,-27.591],"timeVisible":27.1063,"tipPosition":[-18.0097,151.415,-12.6016],"tipVelocity":[-1.61951,18.4493,112.354],"tool":false,"touchDistance":0.333333,"touchZone":"none","type":2,"width":18.7912},{"bases":[[[0.958147,-0.082642,0.274087],[0.0439993,0.988562,0.144256],[-0.282874,-0.126159,0.950824]],[[0.962694,-0.0805444,0.258326],[0.270051,0.346293,-0.898417],[-0.0170942,0.934662,0.355126]],[[0.962694,-0.0805444,0.258326],[0.178815,-0.527152,-0.830744],[0.203089,0.845945,-0.493083]],[[0.962694,-0.0805444,0.258326],[0.0828443,-0.821097,-0.564745],[0.257598,0.565078,-0.783792]]],"btipPosition":[-7.0177,155.083,1.78248],"carpPosition":[-14.9745,222.197,48.3942],"dipPosition":[-2.25693,165.526,-12.7031],"direction":[-0.203089,-0.845945,0.493083],"extended":false,"handId":360,"id":3603,"length":63.7298,"mcpPosition":[2.55255,230.014,-10.5195],"pipPosition":[3.30803,188.706,-26.2144],"stabilizedTipPosition":[-4.40158,155.908,-14.6597],"timeVisible":27.1063,"tipPosition":[-5.93971,157.93,-1.25944],"tipVelocity":[-5.14146,23.2028,98.4831],"tool":false,"touchDistance":0.333333,"touchZone":"none","type":3,"width":17.881},{"bases":[[[0.898439,-0.258883,0.354664],[0.167325,0.948618,0.268563],[-0.405968,-0.181943,0.895593]],[[0.845788,-0.27809,0.455311],[0.5308,0.352562,-0.770683],[0.0537941,0.893513,0.445804]],[[0.845788,-0.27809,0.455311],[0.2773,-0.499943,-0.820465],[0.455793,0.820197,-0.345731]],[[0.845788,-0.27809,0.455311],[0.0706126,-0.787555,-0.612186],[0.528825,0.54993,-0.646468]]],"btipPosition":[1.09697,170.244,1.81797],"carpPosition":[-2.4719,216.304,51.0673],"dipPosition":[10.1134,179.62,-9.20424],"direction":[-0.455793,-0.820197,0.345731],"extended":false,"handId":360,"id":3604,"length":49.963,"mcpPosition":[20.8129,226.74,-0.300678],"pipPosition":[18.9315,195.488,-15.893],"stabilizedTipPosition":[5.35776,170.331,-11.8558],"timeVisible":27.1063,"tipPosition":[2.91955,172.807,-0.0447242],"tipVelocity":[-5.50584,27.0435,77.1081],"tool":false,"touchDistance":0.333333,"touchZone":"none","type":4,"width":15.8833}],"r":[[0.687771,0.44843,0.57086],[-0.300742,0.891741,-0.33816],[-0.660701,0.0608953,0.748175]],"s":1.37399,"t":[40.949,-7.86497,-153.19],"timestamp":15375692337},true],[3,{"currentFrameRate":110.552,"devices":[],"gestures":[],"hands":[{"armBasis":[[0.940342,0.252563,-0.227968],[-0.195682,0.9496,0.244884],[0.278327,-0.185665,0.942371]],"armWidth":63.029,"confidence":0.741251,"direction":[0.138118,0.261523,-0.955264],"elbow":[55.6746,160.28,308.905],"grabStrength":0,"id":360,"palmNormal":[0.193956,-0.952975,-0.232853],"palmPosition":[-17.7757,218.608,3.82943],"palmVelocity":[-58.1954,17.1662,115.845],"palmWidth":90.0033,"pinchStrength":0.777349,"r":[[0.684428,0.452192,0.57191],[-0.306819,0.890225,-0.336692],[-0.661378,0.0549688,0.748036]],"s":1.37193,"sphereCenter":[-45.828,193.261,-30.6522],"sphereRadius":56.1951,"stabilizedPalmPosition":[-11.7443,217.38,-6.91476],"t":[40.4366,-7.69155,-152.095],"timeVisible":27.1153,"type":"right","wrist":[-18.6588,209.866,57.2242]}],"id":1172301,"interactionBox":{"center":[0,200,0],"size":[235.247,235.247,147.751]},"pointables":[{"bases":[[[0.244296,0.965012,0.0952431],[-0.922289,0.200892,0.330189],[0.299503,-0.168506,0.939097]],[[0.134411,0.967692,-0.213319],[-0.9293,0.197828,0.311873],[0.343998,0.156318,0.925867]],[[0.134411,0.967692,-0.213319],[-0.955953,0.0699406,-0.285065],[-0.260935,0.242239,0.934469]],[[0.134411,0.967692,-0.213319],[-0.0405001,-0.209728,-0.976921],[-0.990098,0.139948,0.0110018]]],"btipPosition":[-29.7067,175.354,-24.6582],"carpPosition":[-44.4422,194.482,52.8281],"dipPosition":[-52.6272,178.594,-24.4035],"direction":[0.260935,-0.242239,-0.934469],"extended":false,"handId":360,"id":3600,"length":51.5512,"mcpPosition":[-44.4422,194.482,52.8281],"pipPosition":[-61.4275,186.764,7.11224],"stabilizedTipPosition":[-29.1916,173.372,-38.7665],"timeVisible":27.1153,"tipPosition":[-34.3834,175.391,-24.8582],"tipVelocity":[-48.2046,32.7878,101.564],"tool":false,"touchDistance":0.181577,"touchZone":"hovering","type":0,"width":20.0304},{"bases":[[[0.980641,0.194854,0.0193673],[-0.195802,0.976861,0.0860429],[-0.00215332,-0.0881694,0.996103]],[[0.971777,0.205056,-0.116629],[-0.122279,0.86064,0.494314],[0.201738,-0.466102,0.861424]],[[0.971777,0.205056,-0.116629],[-0.166915,0.947044,0.274311],[0.166702,-0.247102,0.954542]],[[0.971777,0.205056,-0.116629],[-0.199266,0.978141,0.0594336],[0.126267,-0.0345159,0.991396]]],"btipPosition":[-53.5192,249.619,-99.9965],"carpPosition":[-38.9832,216.903,48.6756],"dipPosition":[-51.3852,249.035,-83.2416],"direction":[-0.166702,0.247102,-0.954542],"extended":true,"handId":360,"id":3601,"length":58.1698,"mcpPosition":[-38.8265,223.32,-23.8126],"pipPosition":[-47.3996,243.127,-60.4201],"stabilizedTipPosition":[-48.4414,254.521,-101.39],"timeVisible":27.1153,"tipPosition":[-53.3544,250.997,-95.5046],"tipVelocity":[-57.8968,-63.8508,94.6679],"tool":false,"touchDistance":0.422199,"touchZone":"hovering","type":1,"width":19.133},{"bases":[[[0.990249,0.0117455,0.138813],[-0.0271944,0.993568,0.109927],[-0.136628,-0.11263,0.984199]],[[0.990634,0.0120661,0.13601],[0.121978,0.369464,-0.921204],[-0.0613663,0.929167,0.364532]],[[0.990634,0.0120661,0.13601],[0.124124,-0.494662,-0.860176],[0.0569002,0.869001,-0.491527]],[[0.990634,0.0120661,0.13601],[0.0908733,-0.801718,-0.590754],[0.101914,0.59758,-0.795306]]],"btipPosition":[-18.6363,148.868,-8.21857],"carpPosition":[-27.4961,220.947,48.4735],"dipPosition":[-16.7419,159.976,-23.0019],"direction":[-0.0569002,-0.869001,0.491527],"extended":false,"handId":360,"id":3602,"length":66.2798,"mcpPosition":[-18.0672,228.72,-19.4475],"pipPosition":[-15.1414,184.42,-36.8276],"stabilizedTipPosition":[-16.8245,149.851,-27.5818],"timeVisible":27.1153,"tipPosition":[-18.1395,151.681,-12.0122],"tipVelocity":[-5.08533,21.5764,99.3394],"tool":false,"touchDistance":0.333333,"touchZone":"none","type":2,"width":18.7912},{"bases":[[[0.958563,-0.0798899,0.273448],[0.0392824,0.987771,0.150882],[-0.282158,-0.133888,0.949979]],[[0.96314,-0.0776439,0.257553],[0.268017,0.358815,-0.894102],[-0.0229921,0.930174,0.366399]],[[0.96314,-0.0776439,0.257553],[0.182338,-0.515489,-0.837272],[0.197775,0.853371,-0.48233]],[[0.96314,-0.0776439,0.257553],[0.0879176,-0.814002,-0.57417],[0.254229,0.57565,-0.777171]]],"btipPosition":[-7.05416,155.23,1.97662],"carpPosition":[-15.4352,222.066,49.4512],"dipPosition":[-2.35565,165.869,-12.3866],"direction":[-0.197775,-0.853371,0.48233],"extended":false,"handId":360,"id":3603,"length":63.7298,"mcpPosition":[2.04755,230.362,-9.41019],"pipPosition":[3.06369,189.252,-25.6032],"stabilizedTipPosition":[-4.40262,155.909,-14.6508],"timeVisible":27.1153,"tipPosition":[-6.02879,158.105,-0.916974],"tipVelocity":[-5.27965,22.6962,78.2364],"tool":false,"touchDistance":0.333333,"touchZone":"none","type":3,"width":17.881},{"bases":[[[0.899709,-0.256952,0.352846],[0.162812,0.947585,0.274908],[-0.40499,-0.189889,0.894386]],[[0.846472,-0.277302,0.45452],[0.530001,0.357344,-0.769028],[0.0508327,0.891857,0.449452]],[[0.846472,-0.277302,0.45452],[0.27944,-0.495266,-0.822573],[0.453209,0.823296,-0.341739]],[[0.846472,-0.277302,0.45452],[0.0741036,-0.783999,-0.616323],[0.527251,0.555381,-0.643084]]],"btipPosition":[0.788992,170.516,2.64109],"carpPosition":[-2.90417,216.215,52.0837],"dipPosition":[9.77856,179.985,-8.32342],"direction":[-0.453209,-0.823296,0.341739],"extended":false,"handId":360,"id":3604,"length":49.963,"mcpPosition":[20.3246,227.106,0.784989],"pipPosition":[18.5467,195.913,-14.935],"stabilizedTipPosition":[5.35414,170.334,-11.8385],"timeVisible":27.1153,"tipPosition":[2.64914,173.072,0.715394],"tipVelocity":[-13.58,28.5638,81.4654],"tool":false,"touchDistance":0.333333,"touchZone":"none","type":4,"width":15.8833}],"r":[[0.684428,0.452192,0.57191],[-0.306819,0.890225,-0.336692],[-0.661378,0.0549688,0.748036]],"s":1.37193,"t":[40.4366,-7.69155,-152.095],"timestamp":15375701332},true],[4,{"currentFrameRate":110.559,"devices":[],"gestures":[],"hands":[{"armBasis":[[0.940789,0.250628,-0.228259],[-0.194851,0.950795,0.240877],[0.277398,-0.182138,0.943332]],"armWidth":63.029,"confidence":0.74231,"direction":[0.134194,0.263195,-0.955364],"elbow":[55.2676,161.303,310.487],"grabStrength":0,"id":360,"palmNormal":[0.194046,-0.952399,-0.235122],"palmPosition":[-18.1479,218.775,5.16591],"palmVelocity":[-53.5147,17.5417,124.689],"palmWidth":90.0033,"pinchStrength":0.776091,"r":[[0.682078,0.455144,0.572376],[-0.312114,0.889021,-0.335001],[-0.661328,0.0498507,0.748438]],"s":1.36967,"sphereCenter":[-45.9053,193.22,-29.2345],"sphereRadius":55.956,"stabilizedPalmPosition":[-11.8283,217.399,-6.75642],"t":[39.9943,-7.52116,-150.879],"timeVisible":27.1243,"type":"right","wrist":[-18.8177,209.947,58.5496]}],"id":1172302,"interactionBox":{"center":[0,200,0],"size":[235.247,235.247,147.751]},"pointables":[{"bases":[[[0.243664,0.965111,0.0958565],[-0.921226,0.199407,0.334035],[0.303266,-0.169698,0.937674]],[[0.132735,0.968228,-0.211932],[-0.927428,0.196761,0.318061],[0.349655,0.154334,0.924079]],[[0.132735,0.968228,-0.211932],[-0.957437,0.0699594,-0.280036],[-0.256312,0.240083,0.936304]],[[0.132735,0.968228,-0.211932],[-0.0414963,-0.208208,-0.977204],[-0.990283,0.138504,0.0125414]]],"btipPosition":[-30.2974,175.62,-23.2681],"carpPosition":[-44.6019,194.543,54.2274],"dipPosition":[-53.2222,178.826,-22.9778],"direction":[0.256312,-0.240083,-0.936304],"extended":false,"handId":360,"id":3600,"length":51.5512,"mcpPosition":[-44.6019,194.543,54.2274],"pipPosition":[-61.8666,186.923,8.59983],"stabilizedTipPosition":[-29.2243,173.387,-38.6869],"timeVisible":27.1243,"tipPosition":[-34.9562,175.672,-23.4693],"tipVelocity":[-52.9686,31.6183,116.226],"tool":false,"touchDistance":0.204882,"touchZone":"hovering","type":0,"width":20.0304},{"bases":[[[0.980507,0.195839,0.0159308],[-0.196478,0.976519,0.0883578],[0.00174719,-0.0897654,0.995961]],[[0.971218,0.2062,-0.119233],[-0.122885,0.862578,0.490773],[0.204045,-0.461996,0.863091]],[[0.971218,0.2062,-0.119233],[-0.169454,0.949933,0.262513],[0.167393,-0.234753,0.957534]],[[0.971218,0.2062,-0.119233],[-0.202796,0.978398,0.0401498],[0.124936,-0.0148144,0.992054]]],"btipPosition":[-54.0938,249.006,-98.7252],"carpPosition":[-39.1819,216.977,50.0901],"dipPosition":[-51.9824,248.755,-81.9592],"direction":[-0.167393,0.234753,-0.957534],"extended":true,"handId":360,"id":3601,"length":58.1698,"mcpPosition":[-39.3091,223.509,-22.3878],"pipPosition":[-47.9803,243.143,-59.0662],"stabilizedTipPosition":[-48.8549,254.075,-100.868],"timeVisible":27.1243,"tipPosition":[-53.9552,250.526,-94.218],"tipVelocity":[-59.6301,-62.6181,107.435],"tool":false,"touchDistance":0.432419,"touchZone":"hovering","type":1,"width":19.133},{"bases":[[[0.99076,0.0125498,0.135045],[-0.0277976,0.993362,0.111624],[-0.132747,-0.114346,0.984532]],[[0.991133,0.0128744,0.132249],[0.11796,0.372901,-0.920342],[-0.0611647,0.927782,0.368076]],[[0.991133,0.0128744,0.132249],[0.121403,-0.492292,-0.861922],[0.0540084,0.870335,-0.489489]],[[0.991133,0.0128744,0.132249],[0.0894507,-0.800632,-0.592442],[0.0982556,0.599018,-0.794684]]],"btipPosition":[-18.9682,149.074,-7.10239],"carpPosition":[-27.6999,221.033,49.8505],"dipPosition":[-17.1418,160.209,-21.8742],"direction":[-0.0540084,-0.870335,0.489489],"extended":false,"handId":360,"id":3602,"length":66.2798,"mcpPosition":[-18.5388,228.925,-18.0935],"pipPosition":[-15.6226,184.69,-35.6425],"stabilizedTipPosition":[-16.8252,149.851,-27.5743],"timeVisible":27.1243,"tipPosition":[-18.4972,151.875,-10.8319],"tipVelocity":[-14.2814,22.1051,106.093],"tool":false,"touchDistance":0.333333,"touchZone":"none","type":2,"width":18.7912},{"bases":[[[0.959684,-0.0793337,0.269653],[0.0388413,0.987569,0.152315],[-0.278385,-0.1357,0.950835]],[[0.964291,-0.0770085,0.253402],[0.263757,0.365878,-0.892505],[-0.0239839,0.927471,0.373125]],[[0.964291,-0.0770085,0.253402],[0.180584,-0.508711,-0.841785],[0.193733,0.857486,-0.476639]],[[0.964291,-0.0770085,0.253402],[0.0876265,-0.810139,-0.579652],[0.249929,0.581158,-0.774462]]],"btipPosition":[-7.25519,155.344,2.75301],"carpPosition":[-15.6364,222.163,50.7839],"dipPosition":[-2.63615,166.084,-11.5601],"direction":[-0.193733,-0.857486,0.476639],"extended":false,"handId":360,"id":3603,"length":63.7298,"mcpPosition":[1.61248,230.571,-8.13052],"pipPosition":[2.67245,189.581,-24.6208],"stabilizedTipPosition":[-4.40355,155.91,-14.6435],"timeVisible":27.1243,"tipPosition":[-6.28131,158.223,-0.0225356],"tipVelocity":[-10.5127,20.6345,80.7122],"tool":false,"touchDistance":0.333333,"touchZone":"none","type":3,"width":17.881},{"bases":[[[0.901316,-0.256583,0.348991],[0.162886,0.947312,0.275803],[-0.40137,-0.19174,0.895621]],[[0.848013,-0.277303,0.451638],[0.527419,0.357971,-0.77051],[0.0519915,0.891605,0.449819]],[[0.848013,-0.277303,0.451638],[0.277223,-0.494201,-0.823962],[0.451687,0.823935,-0.342214]],[[0.848013,-0.277303,0.451638],[0.0729472,-0.783002,-0.617727],[0.524931,0.556787,-0.643767]]],"btipPosition":[0.424602,170.7,3.85358],"carpPosition":[-3.08945,216.32,53.3591],"dipPosition":[9.37461,180.193,-7.12258],"direction":[-0.451687,-0.823935,0.342214],"extended":false,"handId":360,"id":3604,"length":49.963,"mcpPosition":[19.9317,227.318,1.98947],"pipPosition":[18.1133,196.133,-13.7433],"stabilizedTipPosition":[5.3508,170.337,-11.8232],"timeVisible":27.1243,"tipPosition":[2.29715,173.251,1.89765],"tipVelocity":[-21.228,26.4813,95.9165],"tool":false,"touchDistance":0.333333,"touchZone":"none","type":4,"width":15.8833}],"r":[[0.682078,0.455144,0.572376],[-0.312114,0.889021,-0.335001],[-0.661328,0.0498507,0.748438]],"s":1.36967,"t":[39.9943,-7.52116,-150.879],"timestamp":15375710365},true],[5,{"currentFrameRate":110.498,"devices":[],"gestures":[],"hands":[{"armBasis":[[0.940518,0.249537,-0.230559],[-0.194285,0.951748,0.237547],[0.278711,-0.178623,0.943618]],"armWidth":63.029,"confidence":0.744936,"direction":[0.131353,0.268182,-0.954371],"elbow":[55.3178,162.16,311.731],"grabStrength":0,"id":360,"palmNormal":[0.194681,-0.950944,-0.240424],"palmPosition":[-18.5993,218.963,6.37676],"palmVelocity":[-52.3381,18.376,126.791],"palmWidth":90.0033,"pinchStrength":0.777265,"r":[[0.680366,0.457098,0.572856],[-0.316754,0.888286,-0.332589],[-0.660885,0.0448277,0.749147]],"s":1.36717,"sphereCenter":[-46.0299,193.322,-28.0834],"sphereRadius":55.7242,"stabilizedPalmPosition":[-11.9007,217.415,-6.61597],"t":[39.5474,-7.34193,-149.666],"timeVisible":27.1335,"type":"right","wrist":[-19.1181,209.865,59.7168]}],"id":1172303,"interactionBox":{"center":[0,200,0],"size":[235.247,235.247,147.751]},"pointables":[{"bases":[[[0.242646,0.964938,0.100086],[-0.920612,0.1965,0.337433],[0.305936,-0.174017,0.936014]],[[0.131062,0.969519,-0.207014],[-0.926179,0.194218,0.323221],[0.353574,0.14937,0.923403]],[[0.131062,0.969519,-0.207014],[-0.958664,0.0707469,-0.275605],[-0.252559,0.234578,0.938716]],[[0.131062,0.969519,-0.207014],[-0.0422803,-0.203159,-0.978233],[-0.990472,0.136962,0.0143652]]],"btipPosition":[-30.9044,175.992,-22.2016],"carpPosition":[-44.8932,194.45,55.3842],"dipPosition":[-53.8337,179.163,-21.869],"direction":[0.252559,-0.234578,-0.938716],"extended":false,"handId":360,"id":3600,"length":51.5512,"mcpPosition":[-44.8932,194.45,55.3842],"pipPosition":[-62.3514,187.074,9.78999],"stabilizedTipPosition":[-29.259,173.403,-38.6042],"timeVisible":27.1335,"tipPosition":[-35.5475,176.058,-22.3941],"tipVelocity":[-56.7126,33.8959,116.592],"tool":false,"touchDistance":0.22282,"touchZone":"hovering","type":0,"width":20.0304},{"bases":[[[0.980287,0.197057,0.0143646],[-0.197529,0.9758,0.0937906],[0.00446513,-0.0947791,0.995488]],[[0.970719,0.208043,-0.120092],[-0.124225,0.862653,0.490303],[0.205602,-0.461028,0.863239]],[[0.970719,0.208043,-0.120092],[-0.172451,0.951568,0.254518],[0.167226,-0.226355,0.959583]],[[0.970719,0.208043,-0.120092],[-0.20651,0.97812,0.0252152],[0.12271,0.000323282,0.992443]]],"btipPosition":[-54.6478,248.807,-97.4968],"carpPosition":[-39.5136,216.911,51.3459],"dipPosition":[-52.574,248.812,-80.7242],"direction":[-0.167226,0.226355,-0.959583],"extended":true,"handId":360,"id":3601,"length":58.1698,"mcpPosition":[-39.8385,223.808,-21.0976],"pipPosition":[-48.5759,243.4,-57.7822],"stabilizedTipPosition":[-49.2025,253.731,-100.395],"timeVisible":27.1335,"tipPosition":[-54.5324,250.43,-92.9796],"tipVelocity":[-60.1352,-49.4351,114.925],"tool":false,"touchDistance":0.44096,"touchZone":"hovering","type":1,"width":19.133},{"bases":[[[0.991092,0.0131832,0.132526],[-0.0288103,0.992749,0.116702],[-0.130026,-0.11948,0.984285]],[[0.991459,0.0135245,0.129713],[0.11464,0.383819,-0.916265],[-0.0621784,0.923309,0.37899]],[[0.991459,0.0135245,0.129713],[0.12004,-0.483425,-0.867116],[0.0509794,0.875281,-0.48092]],[[0.991459,0.0135245,0.129713],[0.0892001,-0.795906,-0.598813],[0.095141,0.605269,-0.790315]]],"btipPosition":[-19.3022,149.337,-6.68161],"carpPosition":[-28.0375,220.984,51.0969],"dipPosition":[-17.5337,160.588,-21.3722],"direction":[-0.0509794,-0.875281,0.48092],"extended":false,"handId":360,"id":3602,"length":66.2798,"mcpPosition":[-19.0642,229.229,-16.8301],"pipPosition":[-16.0997,185.208,-34.8995],"stabilizedTipPosition":[-16.826,149.852,-27.5676],"timeVisible":27.1335,"tipPosition":[-18.871,152.14,-10.2029],"tipVelocity":[-20.87,24.7457,89.9046],"tool":false,"touchDistance":0.333333,"touchZone":"none","type":2,"width":18.7912},{"bases":[[[0.960488,-0.0794184,0.26675],[0.0379421,0.986839,0.157189],[-0.275723,-0.140857,0.950861]],[[0.965189,-0.0769288,0.249985],[0.260255,0.377637,-0.888627],[-0.0260427,0.922753,0.384512]],[[0.965189,-0.0769288,0.249985],[0.180155,-0.497362,-0.848631],[0.189617,0.864125,-0.466189]],[[0.965189,-0.0769288,0.249985],[0.0885032,-0.80333,-0.588921],[0.246126,0.590544,-0.768557]]],"btipPosition":[-7.48278,155.478,3.07335],"carpPosition":[-15.9732,222.124,52.0046],"dipPosition":[-2.93403,166.392,-11.1307],"direction":[-0.189617,-0.864125,0.466189],"extended":false,"handId":360,"id":3603,"length":63.7298,"mcpPosition":[1.11083,230.852,-6.91145],"pipPosition":[2.26179,190.071,-23.905],"stabilizedTipPosition":[-4.40446,155.911,-14.637],"timeVisible":27.1335,"tipPosition":[-6.56546,158.377,0.454777],"tipVelocity":[-15.0007,20.1831,68.7344],"tool":false,"touchDistance":0.333333,"touchZone":"none","type":3,"width":17.881},{"bases":[[[0.90256,-0.257143,0.345345],[0.162362,0.946126,0.28015],[-0.398779,-0.196781,0.895686]],[[0.84923,-0.278556,0.44857],[0.52544,0.361878,-0.770037],[0.052171,0.889635,0.453682]],[[0.84923,-0.278556,0.44857],[0.276063,-0.489943,-0.826889],[0.450109,0.826052,-0.339175]],[[0.84923,-0.278556,0.44857],[0.0726785,-0.779777,-0.621825],[0.522998,0.560674,-0.641964]]],"btipPosition":[0.0107715,170.916,4.78376],"carpPosition":[-3.41184,216.286,54.5176],"dipPosition":[8.92782,180.475,-6.16166],"direction":[-0.450109,-0.826052,0.339175],"extended":false,"handId":360,"id":3604,"length":49.963,"mcpPosition":[19.4607,227.572,3.14428],"pipPosition":[17.636,196.457,-12.7236],"stabilizedTipPosition":[5.34757,170.34,-11.8093],"timeVisible":27.1335,"tipPosition":[1.88871,173.472,2.81993],"tipVelocity":[-28.1361,26.1418,97.7102],"tool":false,"touchDistance":0.333333,"touchZone":"none","type":4,"width":15.8833}],"r":[[0.680366,0.457098,0.572856],[-0.316754,0.888286,-0.332589],[-0.660885,0.0448277,0.749147]],"s":1.36717,"t":[39.5474,-7.34193,-149.666],"timestamp":15375719522},true],[6,{"currentFrameRate":110.55,"devices":[],"gestures":[],"hands":[{"armBasis":[[0.939831,0.249055,-0.233857],[-0.194588,0.952865,0.232774],[0.280808,-0.173262,0.943995]],"armWidth":63.029,"confidence":0.747576,"direction":[0.128756,0.272064,-0.953626],"elbow":[55.5153,163.554,312.914],"grabStrength":0,"id":360,"palmNormal":[0.196174,-0.949615,-0.244433],"palmPosition":[-19.0945,219.128,7.49248],"palmVelocity":[-53.1511,18.3922,126.194],"palmWidth":90.0033,"pinchStrength":0.780443,"r":[[0.67904,0.458509,0.573301],[-0.320978,0.887791,-0.32985],[-0.660211,0.0399641,0.750016]],"s":1.36447,"sphereCenter":[-46.1825,193.332,-27.0117],"sphereRadius":55.5087,"stabilizedPalmPosition":[-11.9625,217.43,-6.49472],"t":[39.0764,-7.16979,-148.501],"timeVisible":27.1425,"type":"right","wrist":[-19.4807,209.827,60.7987]}],"id":1172304,"interactionBox":{"center":[0,200,0],"size":[235.247,235.247,147.751]},"pointables":[{"bases":[[[0.240823,0.965065,0.103221],[-0.920304,0.193275,0.340126],[0.308293,-0.176905,0.934698]],[[0.128545,0.970558,-0.203701],[-0.925363,0.191253,0.3273],[0.356622,0.146424,0.922703]],[[0.128545,0.970558,-0.203701],[-0.959642,0.0699294,-0.272392],[-0.250127,0.230494,0.940377]],[[0.128545,0.970558,-0.203701],[-0.0415171,-0.199958,-0.978924],[-0.990834,0.134293,0.0145912]]],"btipPosition":[-31.4677,176.262,-21.15],"carpPosition":[-45.2324,194.374,56.4625],"dipPosition":[-54.4053,179.37,-20.8122],"direction":[0.250127,-0.230494,-0.940377],"extended":false,"handId":360,"id":3600,"length":51.5512,"mcpPosition":[-45.2324,194.374,56.4625],"pipPosition":[-62.841,187.144,10.9028],"stabilizedTipPosition":[-29.2944,173.42,-38.5213],"timeVisible":27.1425,"tipPosition":[-36.1064,176.341,-21.3535],"tipVelocity":[-58.4642,32.4209,116.862],"tool":false,"touchDistance":0.240367,"touchZone":"hovering","type":0,"width":20.0304},{"bases":[[[0.979897,0.199076,0.0130315],[-0.199386,0.975018,0.0979005],[0.00678368,-0.0985308,0.995111]],[[0.970087,0.210516,-0.120887],[-0.126503,0.863402,0.4884],[0.20719,-0.458498,0.864206]],[[0.970087,0.210516,-0.120887],[-0.176352,0.953347,0.245008],[0.166825,-0.216361,0.961955]],[[0.970087,0.210516,-0.120887],[-0.211009,0.977444,0.00885919],[0.120025,0.016914,0.992627]]],"btipPosition":[-55.2242,248.404,-96.4184],"carpPosition":[-39.9087,216.862,52.4978],"dipPosition":[-53.1957,248.689,-79.6427],"direction":[-0.166825,0.216361,-0.961955],"extended":true,"handId":360,"id":3601,"length":58.1698,"mcpPosition":[-40.4024,224.032,-19.9182],"pipPosition":[-49.2072,243.517,-56.644],"stabilizedTipPosition":[-49.4917,253.457,-99.9874],"timeVisible":27.1425,"tipPosition":[-55.1315,250.138,-91.8942],"tipVelocity":[-61.6117,-46.2553,116.454],"tool":false,"touchDistance":0.446384,"touchZone":"hovering","type":1,"width":19.133},{"bases":[[[0.991342,0.0147801,0.130473],[-0.0306552,0.992238,0.120518],[-0.127679,-0.123474,0.9841]],[[0.991726,0.0151557,0.127478],[0.111179,0.39508,-0.911894],[-0.0641846,0.918522,0.390126]],[[0.991726,0.0151557,0.127478],[0.119373,-0.474186,-0.872294],[0.0472283,0.880294,-0.472072]],[[0.991726,0.0151557,0.127478],[0.0898561,-0.791153,-0.604981],[0.0916861,0.61143,-0.785969]]],"btipPosition":[-19.6031,149.561,-6.38645],"carpPosition":[-28.4418,220.96,52.2398],"dipPosition":[-17.8988,160.927,-20.9962],"direction":[-0.0472283,-0.880294,0.472072],"extended":false,"handId":360,"id":3602,"length":66.2798,"mcpPosition":[-19.6305,229.481,-15.6743],"pipPosition":[-16.5704,185.688,-34.2747],"stabilizedTipPosition":[-16.8269,149.853,-27.5607],"timeVisible":27.1425,"tipPosition":[-19.2165,152.366,-9.67759],"tipVelocity":[-24.8031,25.6374,74.9049],"tool":false,"touchDistance":0.333333,"touchZone":"none","type":2,"width":18.7912},{"bases":[[[0.961219,-0.0783926,0.26441],[0.0361956,0.986316,0.160841],[-0.273401,-0.145033,0.950903]],[[0.965924,-0.0758036,0.247475],[0.257304,0.384725,-0.886443],[-0.0280143,0.919913,0.39112]],[[0.965924,-0.0758036,0.247475],[0.180067,-0.490008,-0.852917],[0.185919,0.868416,-0.459661]],[[0.965924,-0.0758036,0.247475],[0.0898109,-0.798578,-0.595153],[0.242743,0.597099,-0.764558]]],"btipPosition":[-7.78049,155.622,3.64754],"carpPosition":[-16.378,222.122,53.1263],"dipPosition":[-3.29426,166.657,-10.4825],"direction":[-0.185919,-0.868416,0.459661],"extended":false,"handId":360,"id":3603,"length":63.7298,"mcpPosition":[0.562128,231.109,-5.79242],"pipPosition":[1.80022,190.453,-23.078],"stabilizedTipPosition":[-4.40541,155.912,-14.631],"timeVisible":27.1425,"tipPosition":[-6.89147,158.533,1.09197],"tipVelocity":[-20.4285,19.9028,67.9939],"tool":false,"touchDistance":0.333333,"touchZone":"none","type":3,"width":17.881},{"bases":[[[0.903833,-0.256535,0.342455],[0.160962,0.945402,0.283383],[-0.396456,-0.201008,0.895778]],[[0.849838,-0.278765,0.447287],[0.524687,0.367318,-0.767972],[0.049787,0.887337,0.458425]],[[0.849838,-0.278765,0.447287],[0.277741,-0.484392,-0.829593],[0.447924,0.82925,-0.33423]],[[0.849838,-0.278765,0.447287],[0.0749399,-0.776134,-0.626099],[0.521689,0.565602,-0.638698]]],"btipPosition":[-0.361716,171.108,5.5341],"carpPosition":[-3.79907,216.301,55.5905],"dipPosition":[8.53302,180.752,-5.35562],"direction":[-0.447924,-0.82925,0.33423],"extended":false,"handId":360,"id":3604,"length":49.963,"mcpPosition":[18.9402,227.83,4.21191],"pipPosition":[17.1989,196.795,-11.8219],"stabilizedTipPosition":[5.34447,170.343,-11.7967],"timeVisible":27.1425,"tipPosition":[1.51074,173.669,3.60764],"tipVelocity":[-31.9737,25.4549,94.2982],"tool":false,"touchDistance":0.333333,"touchZone":"none","type":4,"width":15.8833}],"r":[[0.67904,0.45850