{"sensorType":"Leap","data":[[0,{"currentFrameRate":110.181,"devices":[],"gestures":[],"hands":[{"armBasis":[[0.966297,-0.0316989,-0.255472],[0.104488,0.955262,0.276688],[0.235272,-0.294056,0.926379]],"armWidth":63.029,"confidence":0.788029,"direction":[0.0295948,0.627048,-0.778418],"elbow":[33.42,170.056,316.543],"grabStrength":0.732905,"id":360,"palmNormal":[-0.100893,-0.772908,-0.626445],"palmPosition":[-35.7633,279.513,25.1816],"palmVelocity":[-22.0195,215.581,-130.866],"palmWidth":90.0033,"pinchStrength":0.323582,"r":[[0.875652,-0.00205691,0.482939],[-0.0872965,0.982844,0.16247],[-0.474988,-0.184426,0.86045]],"s":1.21698,"sphereCenter":[-58.5633,266.976,-11.202],"sphereRadius":44.9019,"stabilizedPalmPosition":[-47.635,253.035,73.3879],"t":[22.3592,51.2483,-128.594],"timeVisible":1.69935,"type":"right","wrist":[-29.4147,248.59,69.1327]}],"id":1169536,"interactionBox":{"center":[0,200,0],"size":[235.247,235.247,147.751]},"pointables":[{"bases":[[[0.496183,0.774604,0.392162],[-0.766762,0.179067,0.61645],[0.407282,-0.606567,0.682787]],[[0.26541,0.962815,0.0504461],[-0.825102,0.199758,0.528491],[0.498762,-0.18189,0.847439]],[[0.26541,0.962815,0.0504461],[-0.962649,0.261734,0.069292],[0.0535119,-0.0669527,0.99632]],[[0.26541,0.962815,0.0504461],[-0.948696,0.251476,0.191667],[0.171854,-0.0987284,0.980163]]],"btipPosition":[-89.0454,254.473,-31.9215],"carpPosition":[-58.6353,240.948,66.2142],"dipPosition":[-85.0671,252.187,-9.2309],"direction":[-0.0535119,0.0669527,-0.99632],"extended":false,"handId":360,"id":3600,"length":51.5512,"mcpPosition":[-58.6353,240.948,66.2142],"pipPosition":[-83.2623,249.929,24.3709],"stabilizedTipPosition":[-99.5429,229.112,15.3181],"timeVisible":1.69935,"tipPosition":[-86.987,253.297,-26.6562],"tipVelocity":[-21.4722,228.208,-151.793],"tool":false,"touchDistance":-0.585084,"touchZone":"touching","type":0,"width":20.0304},{"bases":[[[0.985308,0.00958414,-0.170515],[0.079336,0.858471,0.506689],[0.151239,-0.512773,0.845098]],[[0.964195,0.0629451,-0.257618],[0.0785364,0.860074,0.504088],[0.2533,-0.506271,0.824335]],[[0.964195,0.0629451,-0.257618],[-0.136139,0.951137,-0.277138],[0.227585,0.302287,0.92565]],[[0.964195,0.0629451,-0.257618],[-0.248104,0.557208,-0.792442],[0.0936663,0.827984,0.552874]]],"btipPosition":[-77.2314,299.369,-58.236],"carpPosition":[-48.437,261.76,69.7692],"dipPosition":[-75.6484,313.363,-48.8923],"direction":[-0.227585,-0.302287,-0.92565],"extended":false,"handId":360,"id":3601,"length":58.1698,"mcpPosition":[-59.4429,299.075,8.26982],"pipPosition":[-70.2073,320.59,-26.7616],"stabilizedTipPosition":[-80.4772,274.432,-20.5371],"timeVisible":1.69935,"tipPosition":[-76.4047,300.417,-55.0732],"tipVelocity":[24.6026,258.804,-221.897],"tool":false,"touchDistance":-0.602293,"touchZone":"hovering","type":1,"width":19.133},{"bases":[[[0.968624,-0.206271,-0.138635],[0.248073,0.836266,0.488997],[0.0150693,-0.508046,0.861198]],[[0.968664,-0.220506,-0.114311],[0.0827058,0.720334,-0.688679],[0.2342,0.657644,0.715999]],[[0.968664,-0.220506,-0.114311],[-0.225682,-0.589217,-0.775816],[0.103718,0.777303,-0.620518]],[[0.968664,-0.220506,-0.114311],[-0.240019,-0.949417,-0.20248],[-0.063881,0.223572,-0.972592]]],"btipPosition":[-50.4558,241.306,10.0384],"carpPosition":[-36.5198,263.619,68.0754],"dipPosition":[-51.6432,245.461,-8.04034],"direction":[-0.103718,-0.777303,0.620518],"extended":false,"handId":360,"id":3602,"length":66.2798,"mcpPosition":[-37.5597,298.68,8.6429],"pipPosition":[-48.7259,267.325,-25.4943],"stabilizedTipPosition":[-66.4885,218.516,47.021],"timeVisible":1.69935,"tipPosition":[-50.6848,242.545,5.78357],"tipVelocity":[30.1131,191.541,-171.077],"tool":false,"touchDistance":0.333333,"touchZone":"none","type":2,"width":18.7912},{"bases":[[[0.938809,-0.341237,-0.0468568],[0.316997,0.802771,0.505047],[-0.134725,-0.488996,0.861819]],[[0.937152,-0.346987,-0.0366768],[0.221509,0.672864,-0.705825],[0.26959,0.653341,0.707437]],[[0.937152,-0.346987,-0.0366768],[-0.246189,-0.583078,-0.774217],[0.247258,0.734589,-0.631857]],[[0.937152,-0.346987,-0.0366768],[-0.34668,-0.914088,-0.21037],[0.0394698,0.209864,-0.976934]]],"btipPosition":[-35.6699,239.699,16.8405],"carpPosition":[-24.5983,262.282,66.1357],"dipPosition":[-34.9404,243.577,-1.21463],"direction":[-0.247258,-0.734589,0.631857],"extended":false,"handId":360,"id":3603,"length":63.7298,"mcpPosition":[-16.2506,292.581,12.7367],"pipPosition":[-28.1652,263.706,-18.5285],"stabilizedTipPosition":[-50.3724,214.943,52.8524],"timeVisible":1.69935,"tipPosition":[-35.5639,240.562,12.4494],"tipVelocity":[29.8918,215.498,-152.647],"tool":false,"touchDistance":0.333333,"touchZone":"none","type":3,"width":17.881},{"bases":[[[0.851537,-0.523458,-0.0295956],[0.446001,0.693547,0.565753],[-0.275622,-0.49496,0.824043]],[[0.795462,-0.596901,0.104643],[0.502455,0.553098,-0.664546],[0.33879,0.581199,0.739884]],[[0.795462,-0.596901,0.104643],[-0.283553,-0.519219,-0.806232],[0.535573,0.611655,-0.582272]],[[0.795462,-0.596901,0.104643],[-0.552986,-0.785598,-0.277565],[0.247886,0.162926,-0.954991]]],"btipPosition":[-24.3518,247.426,17.2361],"carpPosition":[-13.7231,253.976,62.8308],"dipPosition":[-20.1254,250.203,0.95365],"direction":[-0.535573,-0.611655,0.582272],"extended":false,"handId":360,"id":3604,"length":49.963,"mcpPosition":[2.08561,282.365,15.5666],"pipPosition":[-9.76385,262.037,-10.3114],"stabilizedTipPosition":[-37.2973,224.231,50.054],"timeVisible":1.69935,"tipPosition":[-23.3367,248.071,12.9513],"tipVelocity":[27.501,224.241,-121.024],"tool":false,"touchDistance":0.333333,"touchZone":"none","type":4,"width":15.8833}],"r":[[0.875652,-0.00205691,0.482939],[-0.0872965,0.982844,0.16247],[-0.474988,-0.184426,0.86045]],"s":1.21698,"t":[22.3592,51.2483,-128.594],"timestamp":15350285371},false],[1,{"currentFrameRate":110.34,"devices":[],"gestures":[],"hands":[{"armBasis":[[0.967704,-0.0128316,-0.251763],[0.0860884,0.955485,0.282201],[0.236934,-0.294761,0.925731]],"armWidth":63.029,"confidence":0.796537,"direction":[0.0298437,0.633875,-0.772859],"elbow":[32.8858,172.654,314.781],"grabStrength":0.724482,"id":360,"palmNormal":[-0.0808522,-0.769139,-0.633946],"palmPosition":[-36.6563,282.562,23.767],"palmVelocity":[-43.4418,250.981,-138.99],"palmWidth":90.0033,"pinchStrength":0.323318,"r":[[0.870917,0.00554364,0.491399],[-0.0978295,0.981878,0.162309],[-0.481594,-0.189431,0.855677]],"s":1.22239,"sphereCenter":[-58.7235,269.848,-13.152],"sphereRadius":44.9576,"stabilizedPalmPosition":[-46.0662,257.254,66.2976],"t":[21.7014,53.842,-129.828],"timeVisible":1.70813,"type":"right","wrist":[-30.3928,251.377,67.5444]}],"id":1169537,"interactionBox":{"center":[0,200,0],"size":[235.247,235.247,147.751]},"pointables":[{"bases":[[[0.47904,0.778871,0.404822],[-0.777288,0.162106,0.607902],[0.407853,-0.605873,0.683063]],[[0.25505,0.964468,0.0689275],[-0.828596,0.181264,0.529691],[0.498376,-0.192211,0.845385]],[[0.25505,0.964468,0.0689275],[-0.965849,0.250752,0.065261],[0.0456584,-0.0832184,0.995485]],[[0.25505,0.964468,0.0689275],[-0.948804,0.235896,0.21006],[0.186336,-0.118974,0.975256]]],"btipPosition":[-89.913,258.361,-33.7066],"carpPosition":[-59.4516,243.31,64.186],"dipPosition":[-85.5994,255.607,-11.1296],"direction":[-0.0456585,0.0832184,-0.995485],"extended":false,"handId":360,"id":3600,"length":51.5512,"mcpPosition":[-59.4516,243.31,64.186],"pipPosition":[-84.0595,252.801,22.444],"stabilizedTipPosition":[-98.341,232.35,10.3586],"timeVisible":1.70813,"tipPosition":[-87.666,256.902,-28.5948],"tipVelocity":[-39.9038,282.619,-166.435],"tool":false,"touchDistance":-0.582077,"touchZone":"touching","type":0,"width":20.0304},{"bases":[[[0.987147,0.0261778,-0.157659],[0.0595079,0.855352,0.514618],[0.148326,-0.517386,0.8428]],[[0.966283,0.0800172,-0.244734],[0.0594278,0.855516,0.514355],[0.250531,-0.511557,0.821915]],[[0.966283,0.0800172,-0.244734],[-0.145765,0.953509,-0.263769],[0.212249,0.290549,0.933023]],[[0.966283,0.0800172,-0.244734],[-0.245856,0.569121,-0.784638],[0.0764984,0.818351,0.569604]]],"btipPosition":[-77.4317,302.859,-60.1528],"carpPosition":[-49.6237,264.246,68.0413],"dipPosition":[-76.1388,316.69,-50.5263],"direction":[-0.212249,-0.290549,-0.933023],"extended":false,"handId":360,"id":3601,"length":58.1698,"mcpPosition":[-60.4176,301.897,6.70925],"pipPosition":[-71.0643,323.636,-28.2193],"stabilizedTipPosition":[-79.8705,280.169,-27.3252],"timeVisible":1.70813,"tipPosition":[-76.6649,303.931,-56.9837],"tipVelocity":[9.81061,294.931,-218.926],"tool":false,"touchDistance":-0.598173,"touchZone":"hovering","type":1,"width":19.133},{"bases":[[[0.973405,-0.190166,-0.127749],[0.228782,0.835897,0.498934],[0.0119042,-0.514891,0.857173]],[[0.973361,-0.204374,-0.103925],[0.0832675,0.737417,-0.670286],[0.213625,0.643776,0.73479]],[[0.973361,-0.204374,-0.103925],[-0.204965,-0.572482,-0.793885],[0.102754,0.794037,-0.599121]],[[0.973361,-0.204374,-0.103925],[-0.22317,-0.948448,-0.225038],[-0.0525756,0.242236,-0.968792]]],"btipPosition":[-50.6357,244.305,7.18957],"carpPosition":[-37.7161,266.303,66.5172],"dipPosition":[-51.613,248.808,-10.8185],"direction":[-0.102754,-0.794037,0.599121],"extended":false,"handId":360,"id":3602,"length":66.2798,"mcpPosition":[-38.5376,301.836,7.36245],"pipPosition":[-48.7227,271.143,-27.6707],"stabilizedTipPosition":[-65.6052,220.032,44.5356],"timeVisible":1.70813,"tipPosition":[-50.7988,245.574,3.28597],"tipVelocity":[17.9855,234.329,-211.81],"tool":false,"touchDistance":0.333333,"touchZone":"none","type":2,"width":18.7912},{"bases":[[[0.944512,-0.326333,-0.0374621],[0.298006,0.803335,0.515603],[-0.138163,-0.498157,0.856009]],[[0.942803,-0.332231,-0.027284],[0.219953,0.6815,-0.697982],[0.250486,0.652058,0.715595]],[[0.942803,-0.332231,-0.027284],[-0.227333,-0.580941,-0.781555],[0.243807,0.743055,-0.62324]],[[0.942803,-0.332231,-0.027284],[-0.329782,-0.917639,-0.221773],[0.0486432,0.218086,-0.974716]]],"btipPosition":[-35.8405,242.823,15.1483],"carpPosition":[-25.7513,265.166,64.7212],"dipPosition":[-34.9415,246.853,-2.86579],"direction":[-0.243807,-0.743055,0.62324],"extended":false,"handId":360,"id":3603,"length":63.7298,"mcpPosition":[-17.1906,296.032,11.6822],"pipPosition":[-28.2609,267.214,-19.9436],"stabilizedTipPosition":[-49.1005,217.429,49.241],"timeVisible":1.70813,"tipPosition":[-35.6894,243.724,10.7557],"tipVelocity":[17.8213,254.278,-163.125],"tool":false,"touchDistance":0.333333,"touchZone":"none","type":3,"width":17.881},{"bases":[[[0.859864,-0.510014,-0.0228107],[0.427899,0.69561,0.577086],[-0.278455,-0.505976,0.816365]],[[0.803604,-0.585035,0.109334],[0.503149,0.569678,-0.649853],[0.317902,0.577236,0.752155]],[[0.803604,-0.585035,0.109334],[-0.262923,-0.513769,-0.816647],[0.53394,0.627515,-0.566686]],[[0.803604,-0.585035,0.109334],[-0.536254,-0.791427,-0.293386],[0.258171,0.177135,-0.949722]]],"btipPosition":[-24.5866,250.727,15.5154],"carpPosition":[-14.7071,257.056,61.4902],"dipPosition":[-20.1848,253.747,-0.67729],"direction":[-0.53394,-0.627515,0.566686],"extended":false,"handId":360,"id":3604,"length":49.963,"mcpPosition":[1.26403,286.077,14.6664],"pipPosition":[-9.85482,265.887,-11.6408],"stabilizedTipPosition":[-35.798,227.201,45.8736],"timeVisible":1.70813,"tipPosition":[-23.55,251.429,11.36],"tipVelocity":[14.1521,266.737,-140.539],"tool":false,"touchDistance":0.333333,"touchZone":"none","type":4,"width":15.8833}],"r":[[0.870917,0.00554364,0.491399],[-0.0978295,0.981878,0.162309],[-0.481594,-0.189431,0.855677]],"s":1.22239,"t":[21.7014,53.842,-129.828],"timestamp":15350294153},false],[2,{"currentFrameRate":110.168,"devices":[],"gestures":[],"hands":[{"armBasis":[[0.968189,0.00906832,-0.250056],[0.0648376,0.956118,0.285718],[0.241673,-0.292842,0.925115]],"armWidth":63.029,"confidence":0.799918,"direction":[0.0293236,0.657319,-0.753042],"elbow":[33.0639,175.045,312.683],"grabStrength":0.704404,"id":360,"palmNormal":[-0.0578879,-0.750984,-0.657778],"palmPosition":[-37.6856,285.631,22.697],"palmVelocity":[-62.2912,272.638,-131.9],"palmWidth":90.0033,"pinchStrength":0.32061,"r":[[0.865534,0.0117044,0.500714],[-0.110247,0.979659,0.167674],[-0.488566,-0.20033,0.849218]],"s":1.22845,"sphereCenter":[-59.4147,273.849,-14.8785],"sphereRadius":45.2103,"stabilizedPalmPosition":[-44.4437,262.748,57.8562],"t":[20.8578,56.6733,-130.98],"timeVisible":1.71751,"type":"right","wrist":[-31.4803,253.255,65.6102]}],"id":1169538,"interactionBox":{"center":[0,200,0],"size":[235.247,235.247,147.751]},"pointables":[{"bases":[[[0.459048,0.774662,0.434941],[-0.788653,0.129928,0.600953],[0.409024,-0.618884,0.670583]],[[0.237837,0.965795,0.103314],[-0.835924,0.149359,0.528131],[0.494636,-0.211972,0.842854]],[[0.237837,0.965795,0.103314],[-0.970647,0.232413,0.0618712],[0.0357433,-0.114997,0.992723]],[[0.237837,0.965795,0.103314],[-0.952566,0.211133,0.219182],[0.189872,-0.150543,0.970199]]],"btipPosition":[-90.3618,262.611,-35.9732],"carpPosition":[-60.3375,244.781,61.5842],"dipPosition":[-85.9663,259.126,-13.5132],"direction":[-0.0357433,0.114997,-0.992723],"extended":false,"handId":360,"id":3600,"length":51.5512,"mcpPosition":[-60.3375,244.781,61.5842],"pipPosition":[-84.7608,255.247,19.9672],"stabilizedTipPosition":[-97.0358,236.627,4.38195],"timeVisible":1.71751,"tipPosition":[-88.0523,261.011,-30.9612],"tipVelocity":[-41.588,325.963,-188.63],"tool":false,"touchDistance":-0.586605,"touchZone":"touching","type":0,"width":20.0304},{"bases":[[[0.988649,0.0483774,-0.142239],[0.0366814,0.840365,0.540779],[0.145694,-0.539858,0.829052]],[[0.968037,0.104474,-0.228014],[0.0394359,0.834404,0.549741],[0.247689,-0.541162,0.803613]],[[0.968037,0.104474,-0.228014],[-0.154715,0.964276,-0.215023],[0.197404,0.243428,0.949618]],[[0.968037,0.104474,-0.228014],[-0.243267,0.612373,-0.75221],[0.0610433,0.783635,0.618215]]],"btipPosition":[-77.826,308.982,-61.426],"carpPosition":[-50.9464,265.762,66.2081],"dipPosition":[-76.7943,322.226,-50.978],"direction":[-0.197404,-0.243428,-0.949618],"extended":false,"handId":360,"id":3601,"length":58.1698,"mcpPosition":[-61.5488,305.048,5.87651],"pipPosition":[-72.0748,328.046,-28.2743],"stabilizedTipPosition":[-79.3614,287.277,-34.3969],"timeVisible":1.71751,"tipPosition":[-77.1104,309.849,-58.1854],"tipVelocity":[-6.75381,392.565,-189.54],"tool":false,"touchDistance":-0.582954,"touchZone":"hovering","type":1,"width":19.133},{"bases":[[[0.978408,-0.16898,-0.119015],[0.206486,0.824389,0.527017],[0.00905939,-0.540212,0.84148]],[[0.97829,-0.183661,-0.0960034],[0.0802276,0.762762,-0.641683],[0.19108,0.62005,0.760938]],[[0.97829,-0.183661,-0.0960034],[-0.182679,-0.545494,-0.817964],[0.0978587,0.817744,-0.567202]],[[0.97829,-0.183661,-0.0960034],[-0.202849,-0.943467,-0.262149],[-0.0424295,0.275932,-0.96024]]],"btipPosition":[-50.7569,247.662,4.37371],"carpPosition":[-39.0576,268.074,64.9218],"dipPosition":[-51.5456,252.791,-13.4754],"direction":[-0.0978587,-0.817744,0.567202],"extended":false,"handId":360,"id":3602,"length":66.2798,"mcpPosition":[-39.6828,305.355,6.85004],"pipPosition":[-48.793,275.792,-29.4297],"stabilizedTipPosition":[-64.5815,222.043,41.4459],"timeVisible":1.71751,"tipPosition":[-50.882,249.037,0.631354],"tipVelocity":[10.5126,273.807,-235.828],"tool":false,"touchDistance":0.333333,"touchZone":"none","type":2,"width":18.7912},{"bases":[[[0.950708,-0.308296,-0.0332746],[0.276045,0.792568,0.543723],[-0.141255,-0.526107,0.838605]],[[0.948936,-0.314619,-0.0231587],[0.216559,0.703035,-0.67738],[0.229398,0.637775,0.735268]],[[0.948936,-0.314619,-0.0231587],[-0.206656,-0.564481,-0.799159],[0.238358,0.763136,-0.600674]],[[0.948936,-0.314619,-0.0231587],[-0.31012,-0.916863,-0.251373],[0.0578532,0.245718,-0.967613]]],"btipPosition":[-36.0365,246.162,13.1556],"carpPosition":[-27.0499,267.203,63.2691],"dipPosition":[-34.9673,250.704,-4.72727],"direction":[-0.238358,-0.763136,0.600674],"extended":false,"handId":360,"id":3603,"length":63.7298,"mcpPosition":[-18.2976,299.801,11.3086],"pipPosition":[-28.4359,271.615,-21.1867],"stabilizedTipPosition":[-47.6084,220.768,44.7346],"timeVisible":1.71751,"tipPosition":[-35.8334,247.206,8.71927],"tipVelocity":[8.00093,286.767,-176.229],"tool":false,"touchDistance":0.333333,"touchZone":"none","type":3,"width":17.881},{"bases":[[[0.869203,-0.493804,-0.0253698],[0.406983,0.685354,0.603867],[-0.280805,-0.535208,0.796681]],[[0.812651,-0.573534,0.103232],[0.501971,0.59895,-0.623926],[0.296012,0.558854,0.774635]],[[0.812651,-0.573534,0.103232],[-0.241384,-0.492524,-0.836154],[0.530407,0.654583,-0.538692]],[[0.812651,-0.573534,0.103232],[-0.517299,-0.791537,-0.325377],[0.268327,0.211016,-0.939932]]],"btipPosition":[-24.8996,254.28,13.6197],"carpPosition":[-15.8158,259.391,59.9603],"dipPosition":[-20.3247,257.878,-2.40605],"direction":[-0.530407,-0.654583,0.538692],"extended":false,"handId":360,"id":3604,"length":49.963,"mcpPosition":[0.290184,290.088,14.2655],"pipPosition":[-10.0631,270.542,-12.828],"stabilizedTipPosition":[-34.0799,231.213,40.7069],"timeVisible":1.71751,"tipPosition":[-23.8279,255.126,9.54191],"tipVelocity":[1.84549,302.631,-156.874],"tool":false,"touchDistance":0.333333,"touchZone":"none","type":4,"width":15.8833}],"r":[[0.865534,0.0117044,0.500714],[-0.110247,0.979659,0.167674],[-0.488566,-0.20033,0.849218]],"s":1.22845,"t":[20.8578,56.6733,-130.98],"timestamp":15350303534},false],[3,{"currentFrameRate":110.278,"devices":[],"gestures":[],"hands":[{"armBasis":[[0.968295,0.0360973,-0.247187],[0.0412702,0.952792,0.300805],[0.246376,-0.301469,0.921095]],"armWidth":63.029,"confidence":0.808082,"direction":[0.0309258,0.66705,-0.744371],"elbow":[32.948,175.279,310.083],"grabStrength":0.670537,"id":360,"palmNormal":[-0.0312926,-0.743716,-0.667763],"palmPosition":[-38.8667,288.577,21.455],"palmVelocity":[-81.5033,288.745,-134.086],"palmWidth":90.0033,"pinchStrength":0.313792,"r":[[0.859119,0.0185457,0.511439],[-0.124543,0.976877,0.173785],[-0.49639,-0.212998,0.841563]],"s":1.23621,"sphereCenter":[-60.3532,277.178,-16.5649],"sphereRadius":45.5921,"stabilizedPalmPosition":[-43.248,268.286,50.0519],"t":[19.8455,59.5621,-132.177],"timeVisible":1.72639,"type":"right","wrist":[-32.8521,255.793,64.0846]}],"id":1169539,"interactionBox":{"center":[0,200,0],"size":[235.247,235.247,147.751]},"pointables":[{"bases":[[[0.436031,0.77768,0.45287],[-0.802089,0.10764,0.587423],[0.40808,-0.619377,0.670703]],[[0.2179,0.96856,0.120049],[-0.846016,0.126124,0.518024],[0.486596,-0.214441,0.8469]],[[0.2179,0.96856,0.120049],[-0.975699,0.21328,0.0502351],[0.0230518,-0.128078,0.991496]],[[0.2179,0.96856,0.120049],[-0.957984,0.188754,0.215958],[0.186508,-0.162062,0.968995]]],"btipPosition":[-90.5841,265.489,-38.2773],"carpPosition":[-61.4627,246.83,59.4106],"dipPosition":[-86.2665,261.738,-15.8452],"direction":[-0.0230518,0.128078,-0.991496],"extended":false,"handId":360,"id":3600,"length":51.5512,"mcpPosition":[-61.4627,246.83,59.4106],"pipPosition":[-85.489,257.418,17.5939],"stabilizedTipPosition":[-95.8728,241.001,-1.4762],"timeVisible":1.72639,"tipPosition":[-88.2376,263.885,-33.2987],"tipVelocity":[-37.6503,323.66,-208.094],"tool":false,"touchDistance":-0.590936,"touchZone":"touching","type":0,"width":20.0304},{"bases":[[[0.990042,0.0686784,-0.122885],[0.0105863,0.834128,0.551469],[0.140376,-0.547279,0.825094]],[[0.969793,0.125843,-0.208962],[0.0168305,0.820086,0.571993],[0.243348,-0.558231,0.793196]],[[0.969793,0.125843,-0.208962],[-0.163263,0.971344,-0.172729],[0.181237,0.201627,0.962549]],[[0.969793,0.125843,-0.208962],[-0.239514,0.653509,-0.718024],[0.0461997,0.746384,0.66391]]],"btipPosition":[-78.2307,314.039,-63.5206],"carpPosition":[-52.56,267.924,64.4643],"dipPosition":[-77.4499,326.653,-52.3003],"direction":[-0.181237,-0.201627,-0.962549],"extended":false,"handId":360,"id":3601,"length":58.1698,"mcpPosition":[-62.7754,307.75,4.42066],"pipPosition":[-73.1168,331.473,-29.2874],"stabilizedTipPosition":[-79.0446,294.45,-40.8153],"timeVisible":1.72639,"tipPosition":[-77.5347,314.655,-60.1474],"tipVelocity":[-19.0589,436.235,-196.723],"tool":false,"touchDistance":-0.581746,"touchZone":"hovering","type":1,"width":19.133},{"bases":[[[0.983497,-0.149104,-0.102482],[0.180892,0.821513,0.540736],[0.00356411,-0.55035,0.834926]],[[0.983232,-0.163962,-0.0798201],[0.0777338,0.772788,-0.629885],[0.164961,0.613119,0.772576]],[[0.983232,-0.163962,-0.0798201],[-0.156867,-0.53726,-0.8287],[0.0929911,0.827326,-0.553972]],[[0.983232,-0.163962,-0.0798201],[-0.179939,-0.943384,-0.278656],[-0.029612,0.288346,-0.957068]]],"btipPosition":[-50.8714,250.592,2.34968],"carpPosition":[-40.6952,270.475,63.4315],"dipPosition":[-51.4218,255.952,-15.4405],"direction":[-0.0929911,-0.827326,0.553972],"extended":false,"handId":360,"id":3602,"length":66.2798,"mcpPosition":[-40.9412,308.455,5.812],"pipPosition":[-48.8061,279.223,-31.0226],"stabilizedTipPosition":[-63.5299,224.349,38.1023],"timeVisible":1.72639,"tipPosition":[-50.9537,252.009,-1.36232],"tipVelocity":[5.83641,290.744,-233.312],"tool":false,"touchDistance":0.333333,"touchZone":"none","type":2,"width":18.7912},{"bases":[[[0.956848,-0.289969,-0.0189678],[0.250717,0.790798,0.558372],[-0.146911,-0.539033,0.829374]],[[0.954907,-0.296787,-0.0084411],[0.214461,0.70913,-0.67167],[0.205328,0.639572,0.740802]],[[0.954907,-0.296787,-0.0084411],[-0.18289,-0.565573,-0.804163],[0.233891,0.769445,-0.594348]],[[0.954907,-0.296787,-0.0084411],[-0.288485,-0.920723,-0.262764],[0.070213,0.253351,-0.964823]]],"btipPosition":[-36.3227,249.217,11.9852],"carpPosition":[-28.6443,269.85,61.9963],"dipPosition":[-35.0251,253.899,-5.84605],"direction":[-0.233891,-0.769445,0.594348],"extended":false,"handId":360,"id":3603,"length":63.7298,"mcpPosition":[-19.5416,303.249,10.6077],"pipPosition":[-28.6161,274.983,-22.1321],"stabilizedTipPosition":[-46.0994,224.614,39.9345],"timeVisible":1.72639,"tipPosition":[-36.0426,250.331,7.41346],"tipVelocity":[-1.31585,303.34,-163.835],"tool":false,"touchDistance":0.333333,"touchZone":"none","type":3,"width":17.881},{"bases":[[[0.878747,-0.477058,-0.0148461],[0.382519,0.68532,0.61969],[-0.285453,-0.550229,0.784706]],[[0.82139,-0.559349,0.111566],[0.501962,0.616033,-0.607073],[0.270838,0.554645,0.786775]],[[0.82139,-0.559349,0.111566],[-0.216353,-0.486538,-0.846447],[0.52774,0.671125,-0.520655]],[[0.82139,-0.559349,0.111566],[-0.495957,-0.797036,-0.344616],[0.281682,0.227732,-0.932091]]],"btipPosition":[-25.3167,257.585,12.2459],"carpPosition":[-17.2039,262.292,58.8069],"dipPosition":[-20.5141,261.467,-3.64613],"direction":[-0.52774,-0.671125,0.520655],"extended":false,"handId":360,"id":3604,"length":49.963,"mcpPosition":[-0.831302,293.851,13.799],"pipPosition":[-10.3041,274.452,-13.7191],"stabilizedTipPosition":[-32.4295,235.773,35.3354],"timeVisible":1.72639,"tipPosition":[-24.1869,258.502,8.20229],"tipVelocity":[-9.80715,323.554,-155.374],"tool":false,"touchDistance":0.333333,"touchZone":"none","type":4,"width":15.8833}],"r":[[0.859119,0.0185457,0.511439],[-0.124543,0.976877,0.173785],[-0.49639,-0.212998,0.841563]],"s":1.23621,"t":[19.8455,59.5621,-132.177],"timestamp":15350312408},false],[4,{"currentFrameRate":110.296,"devices":[],"gestures":[],"hands":[{"armBasis":[[0.968528,0.0472988,-0.244368],[0.0316538,0.950401,0.309412],[0.246883,-0.307409,0.918993]],"armWidth":63.029,"confidence":0.811381,"direction":[0.029742,0.679156,-0.733391],"elbow":[32.3651,175.424,307.674],"grabStrength":0.603453,"id":360,"palmNormal":[-0.0211259,-0.733124,-0.679766],"palmPosition":[-39.6071,290.938,20.1019],"palmVelocity":[-81.628,281.203,-138.409],"palmWidth":90.0033,"pinchStrength":0.302757,"r":[[0.853177,0.0236666,0.521084],[-0.137856,0.973682,0.18149],[-0.503075,-0.226678,0.833986]],"s":1.24703,"sphereCenter":[-61.7378,280.42,-18.1134],"sphereRadius":46.1736,"stabilizedPalmPosition":[-42.3514,273.864,42.6763],"t":[18.9691,62.187,-133.452],"timeVisible":1.73542,"type":"right","wrist":[-33.5704,257.525,62.2366]}],"id":1169540,"interactionBox":{"center":[0,200,0],"size":[235.247,235.247,147.751]},"pointables":[{"bases":[[[0.426829,0.773882,0.467894],[-0.806418,0.091553,0.584216],[0.409277,-0.626678,0.663149]],[[0.208759,0.968409,0.136399],[-0.847817,0.109688,0.51882],[0.487469,-0.22395,0.843932]],[[0.208759,0.968409,0.136399],[-0.977712,0.203477,0.051743],[0.0223544,-0.14416,0.989302]],[[0.208759,0.968409,0.136399],[-0.958067,0.17452,0.227267],[0.196283,-0.178123,0.964233]]],"btipPosition":[-91.4442,268.444,-40.1103],"carpPosition":[-62.077,248.401,57.2468],"dipPosition":[-86.9003,264.321,-17.7884],"direction":[-0.0223544,0.14416,-0.989302],"extended":false,"handId":360,"id":3600,"length":51.5512,"mcpPosition":[-62.077,248.401,57.2468],"pipPosition":[-86.1464,259.459,15.5766],"stabilizedTipPosition":[-94.9027,245.697,-7.41296],"timeVisible":1.73542,"tipPosition":[-88.9892,266.835,-35.1936],"tipVelocity":[-51.9177,322.002,-207.436],"tool":false,"touchDistance":-0.588051,"touchZone":"touching","type":0,"width":20.0304},{"bases":[[[0.990141,0.0788274,-0.115787],[0.000351456,0.825219,0.564813],[0.140072,-0.559285,0.817056]],[[0.96982,0.137433,-0.201399],[0.0116624,0.798916,0.60133],[0.243544,-0.585531,0.773201]],[[0.96982,0.137433,-0.201399],[-0.159711,0.982204,-0.0988287],[0.184233,0.128012,0.974511]],[[0.96982,0.137433,-0.201399],[-0.236954,0.725931,-0.64566],[0.0574673,0.673896,0.736588]]],"btipPosition":[-79.3,320.618,-65.3731],"carpPosition":[-53.381,269.484,62.6914],"dipPosition":[-78.3287,332.007,-52.9245],"direction":[-0.184233,-0.128012,-0.974511],"extended":false,"handId":360,"id":3601,"length":58.1698,"mcpPosition":[-63.5743,310.184,3.23276],"pipPosition":[-73.924,335.067,-29.6256],"stabilizedTipPosition":[-79.0536,302.548,-46.9187],"timeVisible":1.73542,"tipPosition":[-78.506,320.702,-61.6991],"tipVelocity":[-45.0767,508.089,-190.405],"tool":false,"touchDistance":-0.575454,"touchZone":"hovering","type":1,"width":19.133},{"bases":[[[0.985298,-0.139301,-0.098914],[0.170817,0.814186,0.554908],[0.00323514,-0.563645,0.826011]],[[0.98503,-0.154373,-0.076718],[0.0743223,0.781863,-0.619004],[0.15554,0.604035,0.781632]],[[0.98503,-0.154373,-0.076718],[-0.147746,-0.526746,-0.837084],[0.088812,0.835887,-0.541669]],[[0.98503,-0.154373,-0.076718],[-0.170302,-0.940425,-0.294276],[-0.0267194,0.302935,-0.952636]]],"btipPosition":[-51.1726,253.105,0.444538],"carpPosition":[-41.532,272.149,61.7712],"dipPosition":[-51.6692,258.737,-17.2633],"direction":[-0.088812,-0.835887,0.541669],"extended":false,"handId":360,"id":3602,"length":66.2798,"mcpPosition":[-41.7553,311.047,4.76707],"pipPosition":[-49.1711,282.248,-32.4994],"stabilizedTipPosition":[-62.4137,227.088,34.2976],"timeVisible":1.73542,"tipPosition":[-51.2504,254.595,-3.31195],"tipVelocity":[-4.57801,289.188,-226.557],"tool":false,"touchDistance":0.333333,"touchZone":"none","type":2,"width":18.7912},{"bases":[[[0.959335,-0.281706,-0.0178296],[0.240791,0.783771,0.572471],[-0.147294,-0.553485,0.819731]],[[0.957365,-0.288788,-0.00730434],[0.212628,0.721551,-0.658903],[0.195554,0.629257,0.752193]],[[0.957365,-0.288788,-0.00730434],[-0.173333,-0.554025,-0.814256],[0.231101,0.780806,-0.580461]],[[0.957365,-0.288788,-0.00730434],[-0.279255,-0.918697,-0.279309],[0.0739506,0.26944,-0.960174]]],"btipPosition":[-36.6834,251.757,10.0156],"carpPosition":[-29.4681,271.647,60.3991],"dipPosition":[-35.3167,256.736,-7.72976],"direction":[-0.231101,-0.780806,0.58046],"extended":false,"handId":360,"id":3603,"length":63.7298,"mcpPosition":[-20.3416,305.942,9.60792],"pipPosition":[-28.9842,278.132,-23.6353],"stabilizedTipPosition":[-44.5933,228.992,34.6716],"timeVisible":1.73542,"tipPosition":[-36.3829,252.946,5.47245],"tipVelocity":[-11.4665,299.316,-178.16],"tool":false,"touchDistance":0.333333,"touchZone":"none","type":3,"width":17.881},{"bases":[[[0.882778,-0.469476,-0.0171769],[0.373106,0.678415,0.632886],[-0.285472,-0.565107,0.774054]],[[0.826121,-0.553398,0.106184],[0.49781,0.628456,-0.597686],[0.264026,0.54662,0.794668]],[[0.826121,-0.553398,0.106184],[-0.209863,-0.477044,-0.853455],[0.522955,0.682773,-0.510234]],[[0.826121,-0.553398,0.106184],[-0.4874,-0.796327,-0.358197],[0.282783,0.244159,-0.927588]]],"btipPosition":[-25.746,260.158,10.6538],"carpPosition":[-17.9462,264.236,57.1582],"dipPosition":[-20.9245,264.321,-5.16152],"direction":[-0.522955,-0.682773,0.510234],"extended":false,"handId":360,"id":3604,"length":49.963,"mcpPosition":[-1.57257,296.648,12.7612],"pipPosition":[-10.8071,277.53,-15.0329],"stabilizedTipPosition":[-30.8705,240.843,29.6694],"timeVisible":1.73542,"tipPosition":[-24.605,261.166,6.58846],"tipVelocity":[-20.0616,314.848,-160.583],"tool":false,"touchDistance":0.333333,"touchZone":"none","type":4,"width":15.8833}],"r":[[0.853177,0.0236666,0.521084],[-0.137856,0.973682,0.18149],[-0.503075,-0.226678,0.833986]],"s":1.24703,"t":[18.9691,62.187,-133.452],"timestamp":15350321442},false],[5,{"currentFrameRate":110.256,"devices":[],"gestures":[],"hands":[{"armBasis":[[0.968952,0.0547798,-0.241105],[0.0246043,0.948944,0.314483],[0.246023,-0.310651,0.918133]],"armWidth":63.029,"confidence":0.820492,"direction":[0.0270985,0.689591,-0.723692],"elbow":[31.647,175.924,305.988],"grabStrength":0.534696,"id":360,"palmNormal":[-0.0144029,-0.723614,-0.690055],"palmPosition":[-40.2094,292.852,19.1027],"palmVelocity":[-77.2491,261.218,-130.313],"palmWidth":90.0033,"pinchStrength":0.29001,"r":[[0.847989,0.0273138,0.529309],[-0.149954,0.970231,0.190171],[-0.508358,-0.240635,0.826841]],"s":1.25997,"sphereCenter":[-63.2395,283.213,-19.1785],"sphereRadius":46.8011,"stabilizedPalmPosition":[-41.7599,279.108,36.1664],"t":[18.2298,64.4564,-134.589],"timeVisible":1.74456,"type":"right","wrist":[-34.0588,258.89,60.78]}],"id":1169541,"interactionBox":{"center":[0,200,0],"size":[235.247,235.247,147.751]},"pointables":[{"bases":[[[0.420378,0.770062,0.479882],[-0.808549,0.0779252,0.583246],[0.411741,-0.633192,0.655391]],[[0.200881,0.968199,0.149122],[-0.847727,0.0955239,0.52176],[0.490923,-0.231226,0.839958]],[[0.200881,0.968199,0.149122],[-0.979289,0.194541,0.0561029],[0.0253084,-0.157304,0.987226]],[[0.200881,0.968199,0.149122],[-0.956545,0.161021,0.243094],[0.211351,-0.191475,0.958472]]],"btipPosition":[-92.4763,270.802,-41.3725],"carpPosition":[-62.49,249.647,55.585],"dipPosition":[-87.5835,266.369,-19.1841],"direction":[-0.0253084,0.157304,-0.987226],"extended":false,"handId":360,"id":3600,"length":51.5512,"mcpPosition":[-62.49,249.647,55.585],"pipPosition":[-86.73,261.064,14.111],"stabilizedTipPosition":[-94.1965,250.486,-13.1509],"timeVisible":1.74456,"tipPosition":[-89.8807,269.23,-36.515],"tipVelocity":[-66.4438,302.012,-189.076],"tool":false,"touchDistance":-0.576973,"touchZone":"touching","type":0,"width":20.0304},{"bases":[[[0.989889,0.0870742,-0.11197],[-0.00668859,0.817175,0.576351],[0.141684,-0.569774,0.809495]],[[0.969264,0.147048,-0.197242],[0.00971364,0.778223,0.627913],[0.245831,-0.610529,0.752875]],[[0.969264,0.147048,-0.197242],[-0.154951,0.987602,-0.0251673],[0.191096,0.0549566,0.980032]],[[0.969264,0.147048,-0.197242],[-0.234983,0.790797,-0.565174],[0.072871,0.594152,0.801045]]],"btipPosition":[-80.5084,326.763,-66.523],"carpPosition":[-53.9505,270.709,61.3489],"dipPosition":[-79.2769,336.804,-52.9851],"direction":[-0.191096,-0.0549566,-0.980032],"extended":true,"handId":360,"id":3601,"length":58.1698,"mcpPosition":[-64.2611,312.173,2.44041],"pipPosition":[-74.7081,338.118,-29.5542],"stabilizedTipPosition":[-79.435,311.182,-52.2866],"timeVisible":1.74456,"tipPosition":[-79.6352,326.445,-62.659],"tipVelocity":[-67.4951,544.33,-164.804],"tool":false,"touchDistance":-0.559732,"touchZone":"hovering","type":1,"width":19.133},{"bases":[[[0.98647,-0.131298,-0.0981769],[0.163873,0.807424,0.566756],[0.00485665,-0.575176,0.818015]],[[0.986248,-0.146589,-0.0763288],[0.0699576,0.788706,-0.610777],[0.149734,0.597038,0.788115]],[[0.986248,-0.146589,-0.0763288],[-0.142316,-0.518464,-0.843173],[0.0840259,0.842441,-0.532196]],[[0.986248,-0.146589,-0.0763288],[-0.163115,-0.937704,-0.306764],[-0.0266057,0.314996,-0.94872]]],"btipPosition":[-51.4605,255.143,-0.924766],"carpPosition":[-42.1174,273.466,60.4986],"dipPosition":[-51.955,260.999,-18.5598],"direction":[-0.0840259,-0.842441,0.532196],"extended":false,"handId":360,"id":3602,"length":66.2798,"mcpPosition":[-42.4526,313.16,4.04613],"pipPosition":[-49.5915,284.695,-33.5294],"stabilizedTipPosition":[-61.2742,230.179,30.1688],"timeVisible":1.74456,"tipPosition":[-51.544,256.701,-4.7523],"tipVelocity":[-12.0528,272.326,-204.691],"tool":false,"touchDistance":0.333333,"touchZone":"none","type":2,"width":18.7912},{"bases":[[[0.961253,-0.274999,-0.0191723],[0.234004,0.777233,0.584081],[-0.145721,-0.565936,0.811469]],[[0.959287,-0.282301,-0.00866806],[0.209582,0.732082,-0.648175],[0.189326,0.619969,0.761442]],[[0.959287,-0.282301,-0.00866806],[-0.167425,-0.543675,-0.822427],[0.227459,0.790394,-0.568805]],[[0.959287,-0.282301,-0.00866806],[-0.272357,-0.916499,-0.293002],[0.0747706,0.283434,-0.956072]]],"btipPosition":[-36.9998,253.835,8.47681],"carpPosition":[-30.0468,273.065,59.1523],"dipPosition":[-35.6179,259.073,-9.19274],"direction":[-0.22746,-0.790394,0.568805],"extended":false,"handId":360,"id":3603,"length":63.7298,"mcpPosition":[-21.0178,308.13,8.87309],"pipPosition":[-29.3851,280.731,-24.7789],"stabilizedTipPosition":[-43.2019,233.573,29.3501],"timeVisible":1.74456,"tipPosition":[-36.6932,255.09,3.95549],"tipVelocity":[-17.7988,281.09,-174.897],"tool":false,"touchDistance":0.333333,"touchZone":"none","type":3,"width":17.881},{"bases":[[[0.885961,-0.463268,-0.0213665],[0.366866,0.671926,0.64337],[-0.283696,-0.577839,0.765257]],[[0.829904,-0.548871,0.100001],[0.494153,0.639959,-0.588443],[0.258983,0.537767,0.802331]],[[0.829904,-0.548871,0.100001],[-0.205065,-0.466797,-0.860261],[0.518852,0.693428,-0.499951]],[[0.829904,-0.548871,0.100001],[-0.480929,-0.794664,-0.370428],[0.282784,0.259327,-0.923462]]],"btipPosition":[-26.1126,262.274,9.30184],"carpPosition":[-18.4668,265.777,55.8391],"dipPosition":[-21.2912,266.695,-6.44308],"direction":[-0.518852,-0.693428,0.499951],"extended":false,"handId":360,"id":3604,"length":49.963,"mcpPosition":[-2.19499,298.919,11.9466],"pipPosition":[-11.2531,280.111,-16.1155],"stabilizedTipPosition":[-29.5297,245.973,24.1871],"timeVisible":1.74456,"tipPosition":[-24.9721,263.356,5.25259],"tipVelocity":[-25.6402,293.463,-156.561],"tool":false,"touchDistance":0.333333,"touchZone":"none","type":4,"width":15.8833}],"r":[[0.847989,0.0273138,0.529309],[-0.149954,0.970231,0.190171],[-0.508358,-0.240635,0.826841]],"s":1.25997,"t":[18.2298,64.4564,-134.589],"timestamp":15350330583},false],[6,{"currentFrameRate":110.259,"devices":[],"gestures":[],"hands":[{"armBasis":[[0.968899,0.0612912,-0.239745],[0.0176211,0.949292,0.313902],[0.246827,-0.308364,0.918688]],"armWidth":63.029,"confidence":0.832807,"direction":[0.0255904,0.69453,-0.719009],"elbow":[31.4852,177.663,305.261],"grabStrength":0.481729,"id":360,"palmNormal":[-0.00722989,-0.719097,-0.694872],"palmPosition":[-40.6369,294.217,18.4292],"palmVelocity":[-68.9414,230.656,-114.845],"palmWidth":90.0033,"pinchStrength":0.281309,"r":[[0.843302,0.0304717,0.536575],[-0.161021,0.966853,0.19816],[-0.512751,-0.253509,0.820256]],"s":1.27288,"sphereCenter":[-64.197,285.026,-19.9325],"sphereRadius":47.2616,"stabilizedPalmPosition":[-41.4232,283.638,30.8477],"t":[17.6463,66.2735,-135.495],"timeVisible":1.75362,"type":"right","wrist":[-34.4355,260.018,59.9049]}],"id":1169542,"interactionBox":{"center":[0,200,0],"size":[235.247,235.247,147.751]},"pointables":[{"bases":[[[0.413715,0.769458,0.486595],[-0.811263,0.0690343,0.580592],[0.413149,-0.634956,0.652793]],[[0.193672,0.968674,0.155441],[-0.84786,0.0855493,0.523272],[0.493582,-0.233136,0.837869]],[[0.193672,0.968674,0.155441],[-0.98071,0.186885,0.0572959],[0.0264515,-0.163539,0.986182]],[[0.193672,0.968674,0.155441],[-0.955071,0.149928,0.255657],[0.224343,-0.197971,0.95419]]],"btipPosition":[-93.2452,272.243,-42.182],"carpPosition":[-62.7883,250.633,54.538],"dipPosition":[-88.0517,267.66,-20.0927],"direction":[-0.0264515,0.163539,-0.986182],"extended":false,"handId":360,"id":3600,"length":51.5512,"mcpPosition":[-62.7883,250.633,54.538],"pipPosition":[-87.1596,262.145,13.1672],"stabilizedTipPosition":[-93.7315,254.972,-18.3406],"timeVisible":1.75362,"tipPosition":[-90.5336,270.711,-37.3744],"tipVelocity":[-69.4181,261.458,-162.216],"tool":false,"touchDistance":-0.560093,"touchZone":"touching","type":0,"width":20.0304},{"bases":[[[0.989752,0.0939587,-0.107532],[-0.0140057,0.813278,0.581707],[0.14211,-0.57424,0.806259]],[[0.969115,0.154291,-0.192379],[0.00579406,0.76564,0.643243],[0.24654,-0.624491,0.7411]],[[0.969115,0.154291,-0.192379],[-0.152277,0.988014,0.0253057],[0.193978,0.00477079,0.980994]],[[0.969115,0.154291,-0.192379],[-0.232487,0.831802,-0.504039],[0.0822527,0.533198,0.841983]]],"btipPosition":[-81.2491,330.911,-67.3765],"carpPosition":[-54.4026,271.709,60.4742],"dipPosition":[-79.859,339.923,-53.1468],"direction":[-0.193978,-0.00477079,-0.980994],"extended":true,"handId":360,"id":3601,"length":58.1698,"mcpPosition":[-64.7442,313.498,1.80129],"pipPosition":[-75.2213,340.037,-29.6929],"stabilizedTipPosition":[-79.9804,319.14,-56.6],"timeVisible":1.75362,"tipPosition":[-80.3494,330.335,-63.4433],"tipVelocity":[-70.3128,513.188,-140.447],"tool":false,"touchDistance":-0.542509,"touchZone":"hovering","type":1,"width":19.133},{"bases":[[[0.98764,-0.124517,-0.0951959],[0.156649,0.80465,0.572713],[0.00528688,-0.580547,0.81421]],[[0.987431,-0.139915,-0.0735049],[0.0673665,0.793311,-0.605078],[0.142972,0.592521,0.792766]],[[0.987431,-0.139915,-0.0735049],[-0.135813,-0.513297,-0.847396],[0.0808335,0.846729,-0.525848]],[[0.987431,-0.139915,-0.0735049],[-0.156076,-0.936471,-0.314105],[-0.0248873,0.321629,-0.946539]]],"btipPosition":[-51.5762,256.565,-1.91322],"carpPosition":[-42.5837,274.546,59.6883],"dipPosition":[-52.0388,262.543,-19.5077],"direction":[-0.0808335,-0.846729,0.525848],"extended":false,"handId":360,"id":3602,"length":66.2798,"mcpPosition":[-42.9486,314.61,3.4985],"pipPosition":[-49.7651,286.36,-34.2988],"stabilizedTipPosition":[-60.168,233.381,26.0019],"timeVisible":1.75362,"tipPosition":[-51.6548,258.147,-5.72578],"tipVelocity":[-12.0266,241.282,-177.994],"tool":false,"touchDistance":0.333333,"touchZone":"none","type":2,"width":18.7912},{"bases":[[[0.963016,-0.268893,-0.0172415],[0.226899,0.774781,0.590112],[-0.145319,-0.572199,0.807138]],[[0.961039,-0.276331,-0.00671691],[0.207599,0.73762,-0.642511],[0.1825,0.616083,0.766247]],[[0.961039,-0.276331,-0.00671691],[-0.160818,-0.539209,-0.826675],[0.224814,0.795547,-0.56264]],[[0.961039,-0.276331,-0.00671691],[-0.26553,-0.916178,-0.300185],[0.0767965,0.290273,-0.953857]]],"btipPosition":[-37.1468,255.29,7.55711],"carpPosition":[-30.5057,274.228,58.3865],"dipPosition":[-35.7275,260.654,-10.0715],"direction":[-0.224814,-0.795547,0.56264],"extended":false,"handId":360,"id":3603,"length":63.7298,"mcpPosition":[-21.5017,309.681,8.37565],"pipPosition":[-29.5673,282.454,-25.4887],"stabilizedTipPosition":[-41.9907,237.929,24.4441],"timeVisible":1.75362,"tipPosition":[-36.8288,256.577,3.04986],"tipVelocity":[-17.102,248.684,-154.331],"tool":false,"touchDistance":0.333333,"touchZone":"none","type":3,"width":17.881},{"bases":[[[0.888907,-0.457607,-0.0209732],[0.360185,0.669909,0.649221],[-0.283038,-0.584651,0.760311]],[[0.832989,-0.544274,0.0994788],[0.492331,0.647093,-0.582135],[0.252469,0.533888,0.806984]],[[0.832989,-0.544274,0.0994788],[-0.198748,-0.462137,-0.86425],[0.516362,0.700139,-0.493128]],[[0.832989,-0.544274,0.0994788],[-0.474429,-0.795133,-0.377731],[0.284688,0.26745,-0.920556]]],"btipPosition":[-26.3078,263.789,8.47254],"carpPosition":[-18.8678,267.034,55.0703],"dipPosition":[-21.4539,268.349,-7.22283],"direction":[-0.516362,-0.700139,0.493128],"extended":false,"handId":360,"id":3604,"length":49.963,"mcpPosition":[-2.63375,300.567,11.4616],"pipPosition":[-11.464,281.894,-16.7632],"stabilizedTipPosition":[-28.4554,250.645,19.4018],"timeVisible":1.75362,"tipPosition":[-25.1606,264.906,4.4445],"tipVelocity":[-24.2795,259.553,-138