{"sensorType":"Leap","data":[[0,{"currentFrameRate":110.308,"devices":[],"gestures":[],"hands":[{"armBasis":[[0.936177,0.250463,-0.246659],[-0.145877,0.915207,0.375655],[0.319831,-0.315698,0.893332]],"armWidth":63.029,"confidence":0.930947,"direction":[0.0282711,0.651415,-0.758195],"elbow":[43.8279,165.073,311.006],"grabStrength":0.313746,"id":360,"palmNormal":[0.162419,-0.751412,-0.639531],"palmPosition":[-46.8229,280.179,28.2323],"palmVelocity":[31.7151,244.686,-192.326],"palmWidth":90.0033,"pinchStrength":0.319255,"r":[[0.739717,0.204252,0.641171],[-0.365849,0.921769,0.12844],[-0.564777,-0.329581,0.756573]],"s":1.31786,"sphereCenter":[-65.8325,264.92,-13.8085],"sphereRadius":49.5765,"stabilizedPalmPosition":[-49.5159,255.992,47.6368],"t":[10.632,51.7245,-124.606],"timeVisible":7.65592,"type":"right","wrist":[-41.5901,249.388,72.4216]}],"id":1170185,"interactionBox":{"center":[0,200,0],"size":[235.247,235.247,147.751]},"pointables":[{"bases":[[[0.257136,0.841473,0.475188],[-0.877451,-0.00273766,0.479659],[0.404921,-0.540292,0.737647]],[[0.0378015,0.996479,0.0748386],[-0.868318,-0.00431063,0.49599],[0.494566,-0.0837328,0.865097]],[[0.0378015,0.996479,0.0748386],[-0.998724,0.0401846,-0.0305971],[-0.0334967,-0.0735864,0.996726]],[[0.0378015,0.996479,0.0748386],[-0.962413,0.016148,0.271111],[0.268947,-0.082274,0.959634]]],"btipPosition":[-97.28,244.713,-33.9727],"carpPosition":[-67.7638,236.193,64.5734],"dipPosition":[-91.0539,242.809,-11.7574],"direction":[0.0334967,0.0735864,-0.996726],"extended":false,"handId":360,"id":3600,"length":51.5512,"mcpPosition":[-67.7638,236.193,64.5734],"pipPosition":[-92.1836,240.327,21.8581],"stabilizedTipPosition":[-95.4687,218.469,-7.08625],"timeVisible":7.65592,"tipPosition":[-94.9947,244.316,-28.7102],"tipVelocity":[22.1755,275.148,-202.905],"tool":false,"touchDistance":-0.54479,"touchZone":"hovering","type":0,"width":20.0304},{"bases":[[[0.977062,0.212947,-0.00206083],[-0.181053,0.835741,0.518417],[0.112118,-0.506152,0.855125]],[[0.959019,0.266849,-0.0952578],[-0.147089,0.756216,0.637576],[0.242172,-0.597436,0.764476]],[[0.959019,0.266849,-0.0952578],[-0.256748,0.960626,0.106198],[0.119846,-0.0773882,0.989772]],[[0.959019,0.266849,-0.0952578],[-0.282894,0.882873,-0.374842],[-0.0159258,0.386429,0.922182]]],"btipPosition":[-83.7839,316.001,-64.0343],"carpPosition":[-62.7372,258.459,69.9313],"dipPosition":[-84.053,322.532,-48.4491],"direction":[-0.119846,0.0773882,-0.989772],"extended":true,"handId":360,"id":3601,"length":58.1698,"mcpPosition":[-70.8962,295.293,7.70223],"pipPosition":[-81.1877,320.682,-24.7853],"stabilizedTipPosition":[-84.04,312.12,-57.5249],"timeVisible":7.65592,"tipPosition":[-83.125,315.062,-59.9589],"tipVelocity":[13.9073,437.439,-209.914],"tool":false,"touchDistance":-0.573715,"touchZone":"hovering","type":1,"width":19.133},{"bases":[[[0.999679,-0.00300845,0.0251416],[-0.0107574,0.848395,0.529254],[-0.0229222,-0.529354,0.848091]],[[0.999172,-0.0116541,0.0389903],[0.0327583,0.798794,-0.600712],[-0.0241445,0.601491,0.798514]],[[0.999172,-0.0116541,0.0389903],[0.0354205,-0.222676,-0.974249],[0.0200362,0.974823,-0.222079]],[[0.999172,-0.0116541,0.0389903],[0.0193605,-0.706608,-0.70734],[0.0357943,0.707509,-0.705797]]],"btipPosition":[-49.8309,230.01,-6.9521],"carpPosition":[-51.335,262.727,70.2811],"dipPosition":[-49.1656,243.161,-20.0716],"direction":[-0.0200362,-0.974823,0.222079],"extended":false,"handId":360,"id":3602,"length":66.2798,"mcpPosition":[-49.7532,299.258,11.7531],"pipPosition":[-48.602,270.581,-26.3183],"stabilizedTipPosition":[-51.8233,213.15,6.76466],"timeVisible":7.65592,"tipPosition":[-49.6375,233.081,-10.4209],"tipVelocity":[4.8026,246.885,-184.045],"tool":false,"touchDistance":0.333333,"touchZone":"none","type":2,"width":18.7912},{"bases":[[[0.983358,-0.144822,0.109702],[0.0599675,0.828705,0.556463],[-0.171498,-0.540624,0.823598]],[[0.985325,-0.138393,0.0999155],[0.170251,0.754772,-0.633509],[0.0122594,0.641222,0.767257]],[[0.985325,-0.138393,0.0999155],[0.0576768,-0.280987,-0.957977],[0.160652,0.949681,-0.268881]],[[0.985325,-0.138393,0.0999155],[-0.0328057,-0.727983,-0.68481],[0.167509,0.671483,-0.721839]]],"btipPosition":[-36.6512,230.602,6.1368],"carpPosition":[-39.2377,263.876,70.3682],"dipPosition":[-33.5554,243.011,-7.20379],"direction":[-0.160652,-0.949681,0.268881],"extended":false,"handId":360,"id":3603,"length":63.7298,"mcpPosition":[-28.6115,297.373,19.3375],"pipPosition":[-29.1533,269.034,-14.5716],"stabilizedTipPosition":[-37.5789,213.359,19.5524],"timeVisible":7.65592,"tipPosition":[-35.802,233.473,2.45817],"tipVelocity":[1.66661,237.421,-176.997],"tool":false,"touchDistance":0.333333,"touchZone":"none","type":3,"width":17.881},{"bases":[[[0.933383,-0.341342,0.110825],[0.196797,0.745052,0.637314],[-0.300112,-0.573048,0.762594]],[[0.849644,-0.453972,0.268354],[0.525922,0.691925,-0.494616],[0.0388611,0.561381,0.826645]],[[0.849644,-0.453972,0.268354],[0.175748,-0.236024,-0.955722],[0.49721,0.859187,-0.120752]],[[0.849644,-0.453972,0.268354],[-0.107989,-0.647857,-0.754069],[0.516181,0.611711,-0.599472]]],"btipPosition":[-29.0744,244.229,8.7929],"carpPosition":[-26.5084,258.048,68.888],"dipPosition":[-20.2736,254.659,-1.42803],"direction":[-0.49721,-0.859187,0.120752],"extended":false,"handId":360,"id":3604,"length":49.963,"mcpPosition":[-9.29505,290.916,25.1483],"pipPosition":[-10.6543,271.281,-3.76418],"stabilizedTipPosition":[-29.3683,227.275,22.4693],"timeVisible":7.65592,"tipPosition":[-26.8704,246.69,5.89107],"tipVelocity":[7.29023,228.57,-172.469],"tool":false,"touchDistance":0.333333,"touchZone":"none","type":4,"width":15.8833}],"r":[[0.739717,0.204252,0.641171],[-0.365849,0.921769,0.12844],[-0.564777,-0.329581,0.756573]],"s":1.31786,"t":[10.632,51.7245,-124.606],"timestamp":15356241941},false],[1,{"currentFrameRate":110.565,"devices":[],"gestures":[],"hands":[{"armBasis":[[0.938326,0.242458,-0.246492],[-0.13512,0.913369,0.384058],[0.318256,-0.327066,0.889799]],"armWidth":63.029,"confidence":0.935432,"direction":[0.033019,0.641241,-0.766629],"elbow":[43.4596,164.673,308.544],"grabStrength":0.283844,"id":360,"palmNormal":[0.15093,-0.76145,-0.630408],"palmPosition":[-46.5785,282.305,26.341],"palmVelocity":[30.8538,245.421,-199.673],"palmWidth":90.0033,"pinchStrength":0.322799,"r":[[0.740678,0.200329,0.641299],[-0.360103,0.924199,0.127206],[-0.567205,-0.325153,0.756673]],"s":1.32505,"sphereCenter":[-66.2866,266.919,-15.388],"sphereRadius":49.7498,"stabilizedPalmPosition":[-49.122,259.52,44.7815],"t":[10.8767,53.9518,-126.547],"timeVisible":7.66451,"type":"right","wrist":[-41.5376,252.023,70.9032]}],"id":1170186,"interactionBox":{"center":[0,200,0],"size":[235.247,235.247,147.751]},"pointables":[{"bases":[[[0.269013,0.844372,0.463322],[-0.875515,0.0139088,0.482991],[0.40138,-0.535576,0.743002]],[[0.0500402,0.996821,0.0620018],[-0.867239,0.0125764,0.497734],[0.495372,-0.0786771,0.865111]],[[0.0500402,0.996821,0.0620018],[-0.998258,0.0518625,-0.0281384],[-0.0312645,-0.0604857,0.997679]],[[0.0500402,0.996821,0.0620018],[-0.962892,0.0316661,0.268022],[0.265207,-0.0731129,0.961416]]],"btipPosition":[-97.442,246.659,-35.2947],"carpPosition":[-67.8973,239.042,63.3254],"dipPosition":[-91.3026,244.967,-13.0381],"direction":[0.0312645,0.0604857,-0.997679],"extended":false,"handId":360,"id":3600,"length":51.5512,"mcpPosition":[-67.8973,239.042,63.3254],"pipPosition":[-92.357,242.927,20.6095],"stabilizedTipPosition":[-95.5568,222.832,-10.7101],"timeVisible":7.66451,"tipPosition":[-95.3167,246.295,-30.0064],"tipVelocity":[10.7336,263.818,-189.681],"tool":false,"touchDistance":-0.538332,"touchZone":"hovering","type":0,"width":20.0304},{"bases":[[[0.979511,0.20121,-0.0085245],[-0.169039,0.844433,0.508289],[0.109471,-0.496434,0.861144]],[[0.961776,0.254049,-0.102205],[-0.134299,0.762865,0.632456],[0.238643,-0.594555,0.767824]],[[0.961776,0.254049,-0.102205],[-0.241885,0.963125,0.11782],[0.128368,-0.0885948,0.987761]],[[0.961776,0.254049,-0.102205],[-0.273825,0.89566,-0.350448],[0.00250963,0.365038,0.930989]]],"btipPosition":[-83.8043,318.656,-66.2699],"carpPosition":[-62.5849,261.314,68.3767],"dipPosition":[-83.7619,324.825,-50.5358],"direction":[-0.128368,0.0885948,-0.987761],"extended":true,"handId":360,"id":3601,"length":58.1698,"mcpPosition":[-70.5514,297.44,5.70971],"pipPosition":[-80.6929,322.707,-26.9201],"stabilizedTipPosition":[-83.932,315.62,-59.7807],"timeVisible":7.66451,"tipPosition":[-83.1154,317.653,-62.1907],"tipVelocity":[11.8091,400.997,-222.148],"tool":false,"touchDistance":-0.577697,"touchZone":"hovering","type":1,"width":19.133},{"bases":[[[0.999664,-0.0146327,0.0213724],[0.00143664,0.85519,0.518313],[-0.0258618,-0.518109,0.854924]],[[0.999106,-0.0231311,0.0353959],[0.0399615,0.79014,-0.611622],[-0.0138202,0.61249,0.790358]],[[0.999106,-0.0231311,0.0353959],[0.0289098,-0.237194,-0.971032],[0.0308568,0.971187,-0.236313]],[[0.999106,-0.0231311,0.0353959],[0.00808451,-0.71716,-0.696861],[0.0415037,0.696524,-0.716332]]],"btipPosition":[-50.3272,231.738,-8.09149],"carpPosition":[-51.1315,265.449,68.6281],"dipPosition":[-49.5557,244.685,-21.4068],"direction":[-0.0308568,-0.971187,0.236313],"extended":false,"handId":360,"id":3602,"length":66.2798,"mcpPosition":[-49.3467,301.205,9.62861],"pipPosition":[-48.6878,272.003,-28.0538],"stabilizedTipPosition":[-51.5405,216.795,3.73666],"timeVisible":7.66451,"tipPosition":[-50.1106,234.753,-11.6204],"tipVelocity":[-10.9618,233.387,-171.863],"tool":false,"touchDistance":0.333333,"touchZone":"none","type":2,"width":18.7912},{"bases":[[[0.981991,-0.155143,0.107815],[0.0720293,0.835007,0.545505],[-0.174657,-0.527915,0.831144]],[[0.983972,-0.148942,0.0980612],[0.176847,0.744394,-0.643896],[0.0229071,0.650918,0.758803]],[[0.983972,-0.148942,0.0980612],[0.0504857,-0.294732,-0.954245],[0.171029,0.943901,-0.282488]],[[0.983972,-0.148942,0.0980612],[-0.0443516,-0.737025,-0.674409],[0.172721,0.65925,-0.731818]]],"btipPosition":[-37.0901,232.349,4.88639],"carpPosition":[-39.021,266.454,68.6544],"dipPosition":[-33.898,244.533,-8.63862],"direction":[-0.171029,-0.943901,0.282488],"extended":false,"handId":360,"id":3603,"length":63.7298,"mcpPosition":[-28.1992,299.164,17.1561],"pipPosition":[-29.2115,270.397,-16.3793],"stabilizedTipPosition":[-37.3896,216.731,16.8016],"timeVisible":7.66451,"tipPosition":[-36.2235,235.152,1.17035],"tipVelocity":[-11.5758,226.846,-170.006],"tool":false,"touchDistance":0.333333,"touchZone":"none","type":3,"width":17.881},{"bases":[[[0.929686,-0.351021,0.111661],[0.208173,0.750769,0.626905],[-0.303889,-0.55958,0.771052]],[[0.846063,-0.459814,0.269717],[0.530529,0.676821,-0.510346],[0.0521143,0.574878,0.816578]],[[0.846063,-0.459814,0.269717],[0.164937,-0.255336,-0.95268],[0.506924,0.850514,-0.14019]],[[0.846063,-0.459814,0.269717],[-0.121679,-0.659177,-0.742078],[0.51901,0.595027,-0.613655]]],"btipPosition":[-29.4172,245.845,7.59067],"carpPosition":[-26.368,260.456,67.2009],"dipPosition":[-20.5681,255.99,-2.87208],"direction":[-0.506924,-0.850514,0.14019],"extended":false,"handId":360,"id":3604,"length":49.963,"mcpPosition":[-8.93804,292.552,22.9762],"pipPosition":[-10.7608,272.445,-5.58429],"stabilizedTipPosition":[-29.0628,230.491,19.8106],"timeVisible":7.66451,"tipPosition":[-27.1822,248.254,4.57688],"tipVelocity":[-4.82121,215.893,-165.598],"tool":false,"touchDistance":0.333333,"touchZone":"none","type":4,"width":15.8833}],"r":[[0.740678,0.200329,0.641299],[-0.360103,0.924199,0.127206],[-0.567205,-0.325153,0.756673]],"s":1.32505,"t":[10.8767,53.9518,-126.547],"timestamp":15356250531},false],[2,{"currentFrameRate":110.467,"devices":[],"gestures":[],"hands":[{"armBasis":[[0.940125,0.238719,-0.243265],[-0.128507,0.909338,0.395715],[0.315675,-0.34076,0.885568]],"armWidth":63.029,"confidence":0.939581,"direction":[0.0382349,0.621575,-0.782421],"elbow":[42.5827,164.259,306.375],"grabStrength":0.265639,"id":360,"palmNormal":[0.142648,-0.77837,-0.611385],"palmPosition":[-46.531,284.476,24.566],"palmVelocity":[23.6469,242.589,-197.632],"palmWidth":90.0033,"pinchStrength":0.326401,"r":[[0.741978,0.19893,0.640231],[-0.35365,0.927429,0.121686],[-0.569562,-0.316706,0.758483]],"s":1.33054,"sphereCenter":[-66.4782,268.276,-16.7449],"sphereRadius":49.7833,"stabilizedPalmPosition":[-48.7372,263.226,41.7794],"t":[11.0228,56.151,-128.405],"timeVisible":7.67374,"type":"right","wrist":[-41.7254,255.267,69.8641]}],"id":1170187,"interactionBox":{"center":[0,200,0],"size":[235.247,235.247,147.751]},"pointables":[{"bases":[[[0.277858,0.85299,0.441818],[-0.874685,0.034509,0.483462],[0.397141,-0.520786,0.755686]],[[0.0607283,0.997405,0.0386766],[-0.866777,0.0334805,0.49757],[0.494984,-0.0637406,0.866561]],[[0.0607283,0.997405,0.0386766],[-0.997616,0.0619227,-0.0304701],[-0.032786,-0.036734,0.998787]],[[0.0607283,0.997405,0.0386766],[-0.964408,0.0486409,0.259905],[0.257349,-0.0530836,0.964859]]],"btipPosition":[-97.513,247.974,-36.1672],"carpPosition":[-68.2207,242.359,62.6416],"dipPosition":[-91.5554,246.745,-13.8309],"direction":[0.032786,0.036734,-0.998787],"extended":false,"handId":360,"id":3600,"length":51.5512,"mcpPosition":[-68.2207,242.359,62.6416],"pipPosition":[-92.6612,245.507,19.8541],"stabilizedTipPosition":[-95.6614,227.269,-14.3368],"timeVisible":7.67374,"tipPosition":[-95.584,247.651,-30.8538],"tipVelocity":[4.2951,233.048,-162.454],"tool":false,"touchDistance":-0.525645,"touchZone":"hovering","type":0,"width":20.0304},{"bases":[[[0.981414,0.191345,-0.0146243],[-0.160112,0.858456,0.487254],[0.105788,-0.475857,0.873138]],[[0.964084,0.241971,-0.109513],[-0.12594,0.779497,0.613615],[0.233842,-0.577784,0.781974]],[[0.964084,0.241971,-0.109513],[-0.230836,0.967297,0.105124],[0.131368,-0.0760688,0.988411]],[[0.964084,0.241971,-0.109513],[-0.265297,0.896989,-0.353594],[0.0126722,0.369947,0.928966]]],"btipPosition":[-83.6754,319.446,-68.9721],"carpPosition":[-62.6846,264.697,67.1299],"dipPosition":[-83.4612,325.698,-53.2723],"direction":[-0.131368,0.0760688,-0.988411],"extended":true,"handId":360,"id":3601,"length":58.1698,"mcpPosition":[-70.383,299.326,3.59011],"pipPosition":[-80.3204,323.88,-29.6411],"stabilizedTipPosition":[-83.7978,317.93,-62.229],"timeVisible":7.67374,"tipPosition":[-83.0036,318.586,-64.8713],"tipVelocity":[13.6184,313.164,-242.225],"tool":false,"touchDistance":-0.588912,"touchZone":"hovering","type":1,"width":19.133},{"bases":[[[0.999502,-0.0238723,0.020625],[0.0104745,0.867791,0.496819],[-0.0297584,-0.496355,0.867609]],[[0.998875,-0.0320589,0.0349377],[0.0469319,0.773602,-0.631931],[-0.00676888,0.63286,0.774237]],[[0.998875,-0.0320589,0.0349377],[0.0252694,-0.263571,-0.964309],[0.0401233,0.964107,-0.262465]],[[0.998875,-0.0320589,0.0349377],[0.0000641246,-0.735897,-0.677094],[0.0474174,0.676334,-0.735067]]],"btipPosition":[-50.8246,233.116,-8.47719],"carpPosition":[-51.191,268.725,67.2654],"dipPosition":[-49.9432,245.688,-22.1408],"direction":[-0.0401233,-0.964107,0.262465],"extended":false,"handId":360,"id":3602,"length":66.2798,"mcpPosition":[-49.1373,302.979,7.39043],"pipPosition":[-48.8146,272.806,-29.5234],"stabilizedTipPosition":[-51.3668,220.428,0.832808],"timeVisible":7.67374,"tipPosition":[-50.5829,236.031,-12.1053],"tipVelocity":[-22.2364,207.2,-137.829],"tool":false,"touchDistance":0.333333,"touchZone":"none","type":2,"width":18.7912},{"bases":[[[0.980576,-0.162004,0.110565],[0.0809037,0.847603,0.524427],[-0.178674,-0.505295,0.844246]],[[0.982567,-0.156182,0.100847],[0.183474,0.72708,-0.661582],[0.0300032,0.668552,0.74306]],[[0.982567,-0.156182,0.100847],[0.0465591,-0.318439,-0.946799],[0.179986,0.934989,-0.305616]],[[0.982567,-0.156182,0.100847],[-0.0524302,-0.75322,-0.655676],[0.178365,0.638958,-0.748277]]],"btipPosition":[-37.5549,233.945,4.30704],"carpPosition":[-39.0713,269.612,67.2532],"dipPosition":[-34.2584,245.754,-9.52216],"direction":[-0.179986,-0.934989,0.305616],"extended":false,"handId":360,"id":3603,"length":63.7298,"mcpPosition":[-28.0005,300.921,14.9431],"pipPosition":[-29.3265,271.374,-17.8965],"stabilizedTipPosition":[-37.2867,220.19,14.0813],"timeVisible":7.67374,"tipPosition":[-36.6714,236.633,0.560059],"tipVelocity":[-21.7251,209.128,-142.07],"tool":false,"touchDistance":0.333333,"touchZone":"none","type":3,"width":17.881},{"bases":[[[0.926369,-0.357205,0.119353],[0.216329,0.764093,0.607753],[-0.308289,-0.537184,0.785106]],[[0.842,-0.461112,0.280021],[0.536253,0.658725,-0.527743],[0.0588917,0.594522,0.80192]],[[0.842,-0.461112,0.280021],[0.160874,-0.28083,-0.946179],[0.514932,0.841731,-0.162278]],[[0.842,-0.461112,0.280021],[-0.129369,-0.676499,-0.724992],[0.523736,0.574217,-0.629266]]],"btipPosition":[-29.7486,247.398,6.72565],"carpPosition":[-26.4793,263.456,65.9358],"dipPosition":[-20.819,257.189,-4.00326],"direction":[-0.514932,-0.841731,0.162278],"extended":false,"handId":360,"id":3604,"length":49.963,"mcpPosition":[-8.79697,294.267,20.9049],"pipPosition":[-10.8567,273.473,-7.1428],"stabilizedTipPosition":[-28.833,233.709,17.1984],"timeVisible":7.67374,"tipPosition":[-27.5001,249.705,3.65687],"tipVelocity":[-12.9808,200.075,-147.314],"tool":false,"touchDistance":0.333333,"touchZone":"none","type":4,"width":15.8833}],"r":[[0.741978,0.19893,0.640231],[-0.35365,0.927429,0.121686],[-0.569562,-0.316706,0.758483]],"s":1.33054,"t":[11.0228,56.151,-128.405],"timestamp":15356259757},false],[3,{"currentFrameRate":110.542,"devices":[],"gestures":[],"hands":[{"armBasis":[[0.94154,0.228373,-0.247683],[-0.111787,0.905308,0.409782],[0.317813,-0.358139,0.877913]],"armWidth":63.029,"confidence":0.894318,"direction":[0.0501827,0.595541,-0.801756],"elbow":[42.594,163.857,302.86],"grabStrength":0.248924,"id":360,"palmNormal":[0.124723,-0.80022,-0.586593],"palmPosition":[-46.5432,287.364,22.199],"palmVelocity":[16.8337,264.76,-216.127],"palmWidth":90.0033,"pinchStrength":0.335735,"r":[[0.744043,0.198633,0.637923],[-0.344418,0.932177,0.111456],[-0.572518,-0.30264,0.761992]],"s":1.33411,"sphereCenter":[-66.8472,270.289,-18.5643],"sphereRadius":49.7516,"stabilizedPalmPosition":[-48.4074,266.855,38.836],"t":[11.0897,58.6946,-130.518],"timeVisible":7.68265,"type":"right","wrist":[-42.285,259.505,68.3938]}],"id":1170188,"interactionBox":{"center":[0,200,0],"size":[235.247,235.247,147.751]},"pointables":[{"bases":[[[0.296981,0.860341,0.414265],[-0.87285,0.0686645,0.483133],[0.387214,-0.505072,0.771341]],[[0.0841225,0.996401,0.0103674],[-0.865536,0.0679109,0.496221],[0.493731,-0.0507167,0.868134]],[[0.0841225,0.996401,0.0103674],[-0.995743,0.0844512,-0.03694],[-0.0376826,-0.0072158,0.999264]],[[0.0841225,0.996401,0.0103674],[-0.966618,0.0790722,0.243714],[0.242017,-0.0305231,0.969792]]],"btipPosition":[-97.7758,250.405,-37.4026],"carpPosition":[-69.0654,246.951,61.6142],"dipPosition":[-92.1731,249.699,-14.9521],"direction":[0.0376826,0.0072158,-0.999264],"extended":false,"handId":360,"id":3600,"length":51.5512,"mcpPosition":[-69.0654,246.951,61.6142],"pipPosition":[-93.444,249.455,18.7489],"stabilizedTipPosition":[-95.8169,231.596,-17.7089],"timeVisible":7.68265,"tipPosition":[-96.1844,250.082,-32.0398],"tipVelocity":[-7.39736,247.522,-155.152],"tool":false,"touchDistance":-0.519551,"touchZone":"hovering","type":0,"width":20.0304},{"bases":[[[0.98528,0.169551,-0.0218062],[-0.140685,0.876698,0.460009],[0.0971125,-0.45017,0.887647]],[[0.968761,0.217743,-0.118703],[-0.10808,0.801493,0.588157],[0.223206,-0.556954,0.799988]],[[0.968761,0.217743,-0.118703],[-0.208721,0.974369,0.0839133],[0.133932,-0.0565161,0.989378]],[[0.968761,0.217743,-0.118703],[-0.246516,0.897729,-0.365121],[0.0270606,0.382977,0.923361]]],"btipPosition":[-83.253,320.602,-72.4653],"carpPosition":[-63.0411,269.295,65.3865],"dipPosition":[-82.7957,327.074,-56.8602],"direction":[-0.133932,0.0565161,-0.989378],"extended":true,"handId":360,"id":3601,"length":58.1698,"mcpPosition":[-70.1081,302.055,0.790833],"pipPosition":[-79.5936,325.723,-33.2059],"stabilizedTipPosition":[-83.5508,319.511,-64.7551],"timeVisible":7.68265,"tipPosition":[-82.5801,319.881,-68.3286],"tipVelocity":[24.5221,264.732,-283.649],"tool":false,"touchDistance":-0.611079,"touchZone":"hovering","type":1,"width":19.133},{"bases":[[[0.998792,-0.0447838,0.0202199],[0.0300799,0.882645,0.469076],[-0.038854,-0.467901,0.882926]],[[0.998013,-0.0525158,0.034819],[0.0624663,0.752175,-0.655996],[0.00826027,0.656868,0.75396]],[[0.998013,-0.0525158,0.034819],[0.0178365,-0.294532,-0.955475],[0.0604329,0.954197,-0.29301]],[[0.998013,-0.0525158,0.034819],[-0.0170446,-0.756997,-0.653196],[0.060661,0.651304,-0.756388]]],"btipPosition":[-52.0031,235.103,-9.19631],"carpPosition":[-51.4632,273.076,65.3811],"dipPosition":[-50.8755,247.209,-23.2562],"direction":[-0.0604329,-0.954197,0.29301],"extended":false,"handId":360,"id":3602,"length":66.2798,"mcpPosition":[-48.7818,305.367,4.44909],"pipPosition":[-49.1756,274.049,-31.498],"stabilizedTipPosition":[-51.4408,223.856,-1.77124],"timeVisible":7.68265,"tipPosition":[-51.7058,237.89,-12.908],"tipVelocity":[-50.456,208.202,-125.047],"tool":false,"touchDistance":0.333333,"touchZone":"none","type":2,"width":18.7912},{"bases":[[[0.97706,-0.179561,0.11451],[0.100108,0.861825,0.497229],[-0.187971,-0.474359,0.86003]],[[0.97901,-0.174489,0.105327],[0.198939,0.705745,-0.679961],[0.0443114,0.686642,0.725644]],[[0.97901,-0.174489,0.105327],[0.0394773,-0.34465,-0.937901],[0.199954,0.922372,-0.330528]],[[0.97901,-0.174489,0.105327],[-0.0692171,-0.770709,-0.633416],[0.1917,0.61283,-0.766609]]],"btipPosition":[-38.6607,236.145,3.19389],"carpPosition":[-39.3272,273.701,65.3269],"dipPosition":[-35.1178,247.471,-10.9741],"direction":[-0.199954,-0.922372,0.330528],"extended":false,"handId":360,"id":3603,"length":63.7298,"mcpPosition":[-27.6804,303.092,12.0388],"pipPosition":[-29.6388,272.746,-20.0311],"stabilizedTipPosition":[-37.3868,223.512,11.5494],"timeVisible":7.68265,"tipPosition":[-37.7449,238.667,-0.457178],"tipVelocity":[-47.8639,216.013,-139.768],"tool":false,"touchDistance":0.333333,"touchZone":"none","type":3,"width":17.881},{"bases":[[[0.918675,-0.373169,0.129539],[0.233855,0.778088,0.583002],[-0.318351,-0.505296,0.802078]],[[0.832415,-0.470068,0.293464],[0.549304,0.630032,-0.548931],[0.0731435,0.618139,0.782658]],[[0.832415,-0.470068,0.293464],[0.152991,-0.314046,-0.937],[0.532615,0.82487,-0.1895]],[[0.832415,-0.470068,0.293464],[-0.145311,-0.696198,-0.702988],[0.534761,0.542535,-0.647832]]],"btipPosition":[-30.594,249.389,5.52386],"carpPosition":[-26.8732,267.236,64.1906],"dipPosition":[-21.4764,258.639,-5.52161],"direction":[-0.532615,-0.82487,0.1895],"extended":false,"handId":360,"id":3604,"length":49.963,"mcpPosition":[-8.61376,296.218,18.1863],"pipPosition":[-11.172,274.598,-9.18781],"stabilizedTipPosition":[-28.7767,236.693,14.8161],"timeVisible":7.68265,"tipPosition":[-28.3045,251.547,2.38492],"tipVelocity":[-33.9527,202.61,-146.136],"tool":false,"touchDistance":0.333333,"touchZone":"none","type":4,"width":15.8833}],"r":[[0.744043,0.198633,0.637923],[-0.344418,0.932177,0.111456],[-0.572518,-0.30264,0.761992]],"s":1.33411,"t":[11.0897,58.6946,-130.518],"timestamp":15356268671},false],[4,{"currentFrameRate":110.51,"devices":[],"gestures":[],"hands":[{"armBasis":[[0.943509,0.216308,-0.251002],[-0.0986705,0.90657,0.410361],[0.316315,-0.362412,0.8767]],"armWidth":63.029,"confidence":0.875859,"direction":[0.0544998,0.585322,-0.808967],"elbow":[42.1388,165.373,301.381],"grabStrength":0.230754,"id":360,"palmNormal":[0.111304,-0.808683,-0.577618],"palmPosition":[-46.4353,289.53,20.7362],"palmVelocity":[15.4521,257.31,-200.745],"palmWidth":90.0033,"pinchStrength":0.347705,"r":[[0.746794,0.197855,0.634943],[-0.334389,0.936973,0.101324],[-0.574876,-0.287986,0.765886]],"s":1.33589,"sphereCenter":[-67.0229,272.223,-19.766],"sphereRadius":49.6902,"stabilizedPalmPosition":[-48.0903,270.5,35.9259],"t":[11.1771,61.0495,-132.305],"timeVisible":7.69175,"type":"right","wrist":[-42.34,262.163,67.2386]}],"id":1170189,"interactionBox":{"center":[0,200,0],"size":[235.247,235.247,147.751]},"pointables":[{"bases":[[[0.310377,0.861088,0.402732],[-0.869636,0.0860945,0.486129],[0.383927,-0.501113,0.775555]],[[0.0998423,0.995,0.00239118],[-0.862394,0.0853369,0.498993],[0.496294,-0.0518827,0.866603]],[[0.0998423,0.995,0.00239118],[-0.994164,0.0998565,-0.0408252],[-0.0408598,0.00169886,0.999163]],[[0.0998423,0.995,0.00239118],[-0.969297,0.0967198,0.226074],[0.224712,-0.0248895,0.974107]]],"btipPosition":[-97.6461,252.972,-38.3115],"carpPosition":[-69.317,249.891,60.7262],"dipPosition":[-92.4441,252.396,-15.7611],"direction":[0.0408598,-0.00169886,-0.999163],"extended":false,"handId":360,"id":3600,"length":51.5512,"mcpPosition":[-69.317,249.891,60.7262],"pipPosition":[-93.8221,252.453,17.9366],"stabilizedTipPosition":[-95.9527,236.155,-21.0168],"timeVisible":7.69175,"tipPosition":[-96.4162,252.558,-32.9059],"tipVelocity":[-4.2042,257.965,-139.109],"tool":false,"touchDistance":-0.509217,"touchZone":"hovering","type":0,"width":20.0304},{"bases":[[[0.987355,0.156006,-0.0281561],[-0.126817,0.883872,0.450208],[0.0951217,-0.440945,0.89248]],[[0.970942,0.203476,-0.125974],[-0.0947148,0.810137,0.578539],[0.219775,-0.549796,0.805868]],[[0.970942,0.203476,-0.125974],[-0.194015,0.977445,0.0834214],[0.140107,-0.0565564,0.98852]],[[0.970942,0.203476,-0.125974],[-0.235724,0.904,-0.356677],[0.0413053,0.376008,0.925695]]],"btipPosition":[-83.2862,322.645,-74.2653],"carpPosition":[-62.9765,272.195,64.207],"dipPosition":[-82.5881,329,-58.6207],"direction":[-0.140107,0.0565564,-0.98852],"extended":true,"handId":360,"id":3601,"length":58.1698,"mcpPosition":[-69.8987,304.283,-0.74033],"pipPosition":[-79.2384,327.647,-34.9869],"stabilizedTipPosition":[-83.4025,321.114,-66.8173],"timeVisible":7.69175,"tipPosition":[-82.5896,321.967,-70.1111],"tipVelocity":[18.3998,252.721,-259.537],"tool":false,"touchDistance":-0.605168,"touchZone":"hovering","type":1,"width":19.133},{"bases":[[[0.998184,-0.057981,0.0163458],[0.0440517,0.887627,0.458452],[-0.0410905,-0.456899,0.888569]],[[0.997361,-0.0655848,0.0311471],[0.0696872,0.744319,-0.664178],[0.0203766,0.664596,0.746925]],[[0.997361,-0.0655848,0.0311471],[0.00964537,-0.305505,-0.952142],[0.0719616,0.949929,-0.304066]],[[0.997361,-0.0655848,0.0311471],[-0.0301634,-0.764503,-0.643914],[0.066043,0.641275,-0.764464]]],"btipPosition":[-52.7367,237.025,-10.0645],"carpPosition":[-51.3491,275.82,64.1058],"dipPosition":[-51.509,248.945,-24.2745],"direction":[-0.0719616,-0.949929,0.304066],"extended":false,"handId":360,"id":3602,"length":66.2798,"mcpPosition":[-48.5134,307.351,2.78439],"pipPosition":[-49.4849,275.664,-32.8273],"stabilizedTipPosition":[-51.6591,227.283,-4.26167],"timeVisible":7.69175,"tipPosition":[-52.4207,239.746,-13.7731],"tipVelocity":[-58.1059,207.702,-117.864],"tool":false,"touchDistance":0.333333,"touchZone":"none","type":2,"width":18.7912},{"bases":[[[0.975077,-0.191332,0.112321],[0.113923,0.866199,0.48654],[-0.190383,-0.461618,0.866408]],[[0.976808,-0.187026,0.104249],[0.207348,0.704767,-0.678462],[0.0534189,0.684343,0.727201]],[[0.976808,-0.187026,0.104249],[0.0341779,-0.344442,-0.938185],[0.211373,0.91999,-0.330062]],[[0.976808,-0.187026,0.104249],[-0.0806745,-0.772466,-0.629911],[0.198339,0.606892,-0.769639]]],"btipPosition":[-39.2283,238.212,1.43693],"carpPosition":[-39.2062,276.28,63.9907],"dipPosition":[-35.5628,249.428,-12.7871],"direction":[-0.211373,-0.91999,0.330062],"extended":false,"handId":360,"id":3603,"length":63.7298,"mcpPosition":[-27.41,304.882,10.3074],"pipPosition":[-29.7708,274.637,-21.8313],"stabilizedTipPosition":[-37.576,226.786,9.01352],"timeVisible":7.69175,"tipPosition":[-38.3322,240.643,-1.8763],"tipVelocity":[-51.0193,218.281,-154.912],"tool":false,"touchDistance":0.333333,"touchZone":"none","type":3,"width":17.881},{"bases":[[[0.914172,-0.383947,0.129899],[0.246925,0.781686,0.572708],[-0.32143,-0.491479,0.809402]],[[0.827432,-0.477689,0.295245],[0.555156,0.6166,-0.558217],[0.0846065,0.625794,0.775386]],[[0.827432,-0.477689,0.295245],[0.144665,-0.326691,-0.933994],[0.542612,0.815528,-0.201209]],[[0.827432,-0.477689,0.295245],[-0.157818,-0.702367,-0.694099],[0.538934,0.527725,-0.656549]]],"btipPosition":[-31.055,251.161,4.41886],"carpPosition":[-26.8454,269.635,62.8762],"dipPosition":[-21.8662,260.159,-6.77522],"direction":[-0.542612,-0.815528,0.201209],"extended":false,"handId":360,"id":3604,"length":49.963,"mcpPosition":[-8.4093,297.824,16.4518],"pipPosition":[-11.3685,275.937,-10.668],"stabilizedTipPosition":[-28.8057,239.606,12.5312],"timeVisible":7.69175,"tipPosition":[-28.7631,253.247,1.26865],"tipVelocity":[-38.0799,198.635,-140.307],"tool":false,"touchDistance":0.333333,"touchZone":"none","type":4,"width":15.8833}],"r":[[0.746794,0.197855,0.634943],[-0.334389,0.936973,0.101324],[-0.574876,-0.287986,0.765886]],"s":1.33589,"t":[11.1771,61.0495,-132.305],"timestamp":15356277776},false],[5,{"currentFrameRate":110.498,"devices":[],"gestures":[],"hands":[{"armBasis":[[0.943502,0.221587,-0.246381],[-0.102492,0.902214,0.418934],[0.315119,-0.370012,0.873951]],"armWidth":63.029,"confidence":0.878741,"direction":[0.0531706,0.584194,-0.809871],"elbow":[41.9436,164.474,299.911],"grabStrength":0.207016,"id":360,"palmNormal":[0.1141,-0.80926,-0.576263],"palmPosition":[-46.3683,290.575,19.9547],"palmVelocity":[13.222,217.999,-169.066],"palmWidth":90.0033,"pinchStrength":0.361484,"r":[[0.748791,0.197847,0.632589],[-0.326922,0.940481,0.0928323],[-0.576571,-0.276319,0.768904]],"s":1.33683,"sphereCenter":[-66.9158,273.166,-20.5807],"sphereRadius":49.7285,"stabilizedPalmPosition":[-47.8081,273.791,33.3082],"t":[11.2544,62.749,-133.59],"timeVisible":7.70083,"type":"right","wrist":[-42.2158,263.294,66.503]}],"id":1170190,"interactionBox":{"center":[0,200,0],"size":[235.247,235.247,147.751]},"pointables":[{"bases":[[[0.307517,0.862674,0.40153],[-0.87017,0.0842133,0.485502],[0.385016,-0.4987,0.77657]],[[0.0979464,0.995187,0.0029289],[-0.86261,0.0834297,0.498943],[0.496297,-0.0513961,0.86663]],[[0.0979464,0.995187,0.0029289],[-0.994018,0.0979734,-0.0482647],[-0.0483193,0.00181597,0.99883]],[[0.0979464,0.995187,0.0029289],[-0.974321,0.0952923,0.204007],[0.202746,-0.0228354,0.978965]]],"btipPosition":[-96.7207,253.935,-39.1452],"carpPosition":[-69.1515,250.93,59.9951],"dipPosition":[-92.0272,253.406,-16.4823],"direction":[0.0483193,-0.00181597,-0.99883],"extended":false,"handId":360,"id":3600,"length":51.5512,"mcpPosition":[-69.1515,250.93,59.9951],"pipPosition":[-93.6568,253.467,17.2041],"stabilizedTipPosition":[-95.8715,240.758,-24.3841],"timeVisible":7.70083,"tipPosition":[-95.8181,253.506,-33.7049],"tipVelocity":[21.5937,216.326,-125.27],"tool":false,"touchDistance":-0.498746,"touchZone":"touching","type":0,"width":20.0304},{"bases":[[[0.986889,0.158977,-0.0278505],[-0.129771,0.884198,0.448724],[0.095962,-0.439227,0.893236]],[[0.970285,0.206451,-0.126199],[-0.0972035,0.810191,0.578051],[0.221584,-0.548607,0.806183]],[[0.970285,0.206451,-0.126199],[-0.19506,0.975992,0.0969119],[0.143176,-0.0694157,0.98726]],[[0.970285,0.206451,-0.126199],[-0.237474,0.912534,-0.333],[0.0464127,0.353073,0.934444]]],"btipPosition":[-83.4885,324.228,-75.2147],"carpPosition":[-62.8811,273.258,63.4438],"dipPosition":[-82.7041,330.195,-59.4223],"direction":[-0.143176,0.0694157,-0.98726],"extended":true,"handId":360,"id":3601,"length":58.1698,"mcpPosition":[-69.8645,305.221,-1.55861],"pipPosition":[-79.281,328.535,-35.8186],"stabilizedTipPosition":[-83.372,322.562,-68.3556],"timeVisible":7.70083,"tipPosition":[-82.7641,323.488,-71.0523],"tipVelocity":[7.75232,228.37,-215.684],"tool":false,"touchDistance":-0.586716,"touchZone":"hovering","type":1,"width":19.133},{"bases":[[[0.998347,-0.0549054,0.0169993],[0.041081,0.888488,0.457058],[-0.0401986,-0.455604,0.889275]],[[0.997523,-0.0626153,0.0320609],[0.0681184,0.745994,-0.66246],[0.0175629,0.663003,0.748411]],[[0.997523,-0.0626153,0.0320609],[0.0114961,-0.304529,-0.952434],[0.0694004,0.950443,-0.303055]],[[0.997523,-0.0626153,0.0320609],[-0.0273467,-0.765077,-0.643358],[0.064813,0.640887,-0.764894]]],"btipPosition":[-52.4848,238.103,-10.9669],"carpPosition":[-51.2648,276.918,63.3433],"dipPosition":[-51.2801,250.015,-25.185],"direction":[-0.0694004,-0.950443,0.303055],"extended":false,"handId":360,"id":3602,"length":66.2798,"mcpPosition":[-48.4906,308.36,1.97322],"pipPosition":[-49.328,276.75,-33.7093],"stabilizedTipPosition":[-51.7807,230.287,-6.47203],"timeVisible":7.70083,"tipPosition":[-52.1788,240.786,-14.5726],"tipVelocity":[-34.5297,183.078,-112.837],"tool":false,"touchDistance":0.333333,"touchZone":"none","type":2,"width":18.7912},{"bases":[[[0.975593,-0.188173,0.113174],[0.111001,0.867318,0.485219],[-0.189464,-0.460814,0.867037]],[[0.97707,-0.184501,0.106273],[0.207403,0.711846,-0.671014],[0.0481531,0.677669,0.733789]],[[0.97707,-0.184501,0.106273],[0.0387466,-0.336715,-0.940809],[0.209364,0.923354,-0.321846]],[[0.97707,-0.184501,0.106273],[-0.0765387,-0.770111,-0.633302],[0.198687,0.610646,-0.766573]]],"btipPosition":[-38.9211,239.431,0.0685854],"carpPosition":[-39.1233,277.415,63.2343],"dipPosition":[-35.2491,250.717,-14.0988],"direction":[-0.209364,-0.923354,0.321846],"extended":false,"handId":360,"id":3603,"length":63.7298,"mcpPosition":[-27.384,305.968,9.51204],"pipPosition":[-29.5122,276.018,-22.9178],"stabilizedTipPosition":[-37.6698,229.644,6.72506],"timeVisible":7.70083,"tipPosition":[-38.0539,241.836,-2.99429],"tipVelocity":[-27.5075,195.572,-153.387],"tool":false,"touchDistance":0.333333,"touchZone":"none","type":3,"width":17.881},{"bases":[[[0.915267,-0.380945,0.131026],[0.244212,0.78335,0.571597],[-0.320386,-0.491166,0.810006]],[[0.828473,-0.474884,0.296847],[0.554623,0.622258,-0.552438],[0.0776287,0.622318,0.778905]],[[0.828473,-0.474884,0.296847],[0.150314,-0.322049,-0.934714],[0.53948,0.819006,-0.195427]],[[0.828473,-0.474884,0.296847],[-0.152948,-0.701767,-0.695795],[0.538739,0.531045,-0.654027]]],"btipPosition":[-30.7031,252.313,3.36748],"carpPosition":[-26.7416,270.806,62.1373],"dipPosition":[-21.5177,261.367,-7.78362],"direction":[-0.53948,-0.819005,0.195427],"extended":false,"handId":360,"id":3604,"length":49.963,"mcpPosition":[-8.36539,298.978,15.6783],"pipPosition":[-11.0805,277.212,-11.5645],"stabilizedTipPosition":[-28.7679,242.204,10.4706],"timeVisible":7.70083,"tipPosition":[-28.4837,254.379,0.399256],"tipVelocity":[-16.8531,179.2,-133.257],"tool":false,"touchDistance":0.333333,"touchZone":"none","type":4,"width":15.8833}],"r":[[0.748791,0.197847,0.632589],[-0.326922,0.940481,0.0928323],[-0.576571,-0.276319,0.768904]],"s":1.33683,"t":[11.2544,62.749,-133.59],"timestamp":15356286848},false],[6,{"currentFrameRate":110.522,"devices":[],"gestures":[],"hands":[{"armBasis":[[0.943488,0.228643,-0.239901],[-0.111349,0.900511,0.420335],[0.31214,-0.369868,0.87508]],"armWidth":63.029,"confidence":0.88506,"direction":[0.0501111,0.594136,-0.802802],"elbow":[41.157,165.262,299.283],"grabStrength":0.175464,"id":360,"palmNormal":[0.123264,-0.801346,-0.585364],"palmPosition":[-46.4767,291.829,19.3357],"palmVelocity":[6.28178,196.393,-141.503],"palmWidth":90.0033,"pinchStrength":0.375929,"r":[[0.74963,0.19772,0.631634],[-0.322726,0.942391,0.0880188],[-0.577843,-0.269827,0.770254]],"s":1.33814,"sphereCenter":[-67.0607,274.878,-21.4868],"sphereRadius":49.8951,"stabilizedPalmPosition":[-47.5854,276.808,30.9712],"t":[11.2388,64.2262,-134.542],"timeVisible":7.70983,"type":"right","wrist":[-42.2071,264.043,65.5733]}],"id":1170191,"interactionBox":{"center":[0,200,0],"size":[235.247,235.247,147.751]},"pointables":[{"bases":[[[0.298347,0.860697,0.412542],[-0.87232,0.0704701,0.483831],[0.38736,-0.504218,0.771827]],[[0.0892533,0.995883,0.0158681],[-0.864291,0.0695222,0.498165],[0.495011,-0.0581775,0.866937]],[[0.0892533,0.995883,0.0158681],[-0.994479,0.0899876,-0.0539761],[-0.0551818,-0.0109629,0.998416]],[[0.0892533,0.995883,0.0158681],[-0.979224,0.0848256,0.184187],[0.182083,-0.0319777,0.982763]]],"btipPosition":[-95.804,255.491,-40.3896],"carpPosition":[-69.008,251.508,58.8397],"dipPosition":[-91.5888,254.751,-17.6388],"direction":[0.0551818,0.0109629,-0.998416],"extended":false,"handId":360,"id":3600,"length":51.5512,"mcpPosition":[-69.008,251.508,58.8397],"pipPosition":[-93.4498,254.381,16.0336],"stabilizedTipPosition":[-95.5842,244.792,-27.368],"timeVisible":7.70983,"tipPosition":[-95.139,255.015,-34.9335],"tipVelocity":[40.2723,202.882,-128.204],"tool":false,"touchDistance":-0.495568,"touchZone":"touching","type":0,"width":20.0304},{"bases":[[[0.985452,0.168392,-0.0230098],[-0.139257,0.877629,0.458666],[0.0974296,-0.448789,0.888311]],[[0.968591,0.217075,-0.121281],[-0.105264,0.799838,0.590913],[0.225278,-0.559587,0.797567]],[[0.968591,0.217075,-0.121281],[-0.201156,0.970759,0.131009],[0.146174,-0.102498,0.983935]],[[0.968591,0.217075,-0.121281],[-0.243525,0.926704,-0.28621],[0.0502627,0.306756,0.95046]]],"btipPosition":[-83.9626,327.557,-75.5562],"carpPosition":[-62.9548,273.851,62.5689],"dipPosition":[-83.1132,332.742,-59.4931],"direction":[-0.146174,0.102498,-0.983935],"extended":true,"handId":360,"id":3601,"length":58.1698,"mcpPosition":[-70.0449,306.511,-2.07509],"pipPosition":[-79.6184,330.291,-35.9689],"stabilizedTipPosition":[-83.5016,324.591,-69.5051],"timeVisible":7.70983,"tipPosition":[-83.194,326.589,-71.4122],"tipVelocity":[-8.38538,261.716,-164.952],"tool":false,"touchDistance":-0.560566,"touchZone":"hovering","type":1,"width":19.133},{"bases":[[[0.998759,-0.0458879,0.0193637],[0.0315225,0.883397,0.467565],[-0.0385614,-0.466374,0.883747]],[[0.997942,-0.0539559,0.0346621],[0.063561,0.760305,-0.646449],[0.00852592,0.647321,0.762169]],[[0.997942,-0.0539559,0.0346621],[0.0178398,-0.285596,-0.958184],[0.061599,0.95683,-0.284046]],[[0.997942,-0.0539559,0.0346621],[-0.0180262,-0.754709,-0.655812],[0.0615447,0.653838,-0.754128]]],"btipPosition":[-51.9946,239.874,-12.7732],"carpPosition":[-51.3726,277.62,62.5464],"dipPosition":[-50.8506,252.028,-26.7911],"direction":[-0.061599,-0.95683,0.284046],"extended":false,"handId":360,"id":3602,"length":66.2798,"mcpPosition":[-48.7114,309.805,1.55771],"pipPosition":[-49.1179,278.942,-34.7808],"stabilizedTipPosition":[-51.7699,232.993,-8.55313],"timeVisible":7.70983,"tipPosition":[-51.712,242.553,-16.1006],"tipVelocity":[-10.5143,188.527,-135.539],"tool":false,"touchDistance":0.333333,"touchZone":"none","type":2,"width":18.7912},{"bases":[[[0.976961,-0.180481,0.113901],[0.101553,0.862544,0.495687],[-0.187707,-0.4727,0.861]],[[0.97828,-0.177093,0.107735],[0.203592,0.723129,-0.660026],[0.0389796,0.667624,0.743477]],[[0.97828,-0.177093,0.107735],[0.0454882,-0.323661,-0.945079],[0.202237,0.929452,-0.308575]],[[0.97828,-0.177093,0.107735],[-0.0672812,-0.762867,-0.643046],[0.196067,0.62183,-0.758212]]],"btipPosition":[-38.4935,241.052,-1.25823],"carpPosition":[-39.236,278.23,62.4798],"dipPosition":[-34.8699,252.544,-15.271],"direction":[-0.202237,-0.929452,0.308575],"extended":false,"handId":360,"id":3603,"length":63.7298,"mcpPosition":[-27.6056,307.519,9.13156],"pipPosition":[-29.3283,278.013,-23.7265],"stabilizedTipPosition":[-37.668,232.235,4.65874],"timeVisible":7.70983,"tipPosition":[-37.6402,243.493,-4.25125],"tipVelocity":[-7.24574,192.751,-150.642],"tool":false,"touchDistance":0.333333,"touchZone":"none","type":3,"width":17.881},{"bases":[[[0.918371,-0.373998,0.129309],[0.235285,0.778799,0.581475],[-0.318176,-0.503585,0.803222]],[[0.831957,-0.470685,0.293773],[0.550711,0.636043,-0.540524],[0.0675644,0.611477,0.788372]],[[0.831957,-0.470685,0.293773],[0.157652,-0.307113,-0.938524],[0.531971,0.827126,-0.1813]],[[0.831957,-0.470685,0.293773],[-0.143529,-0.694024,-0.7055],[0.535954,0.544781,-0.644955]]],"btipPosition":[-30.334,253.955,2.20282],"carpPosition":[-26.7904,271.749,61.3427],"dipPosition":[-21.196,263.244,-8.79358],"direction":[-0.531971,-0.827126,0.1813],"extended":false,"handId":360,"id":3604,"length":49.963,"mcpPosition":[-8.54101,300.633,15.2728],"pipPosition":[-10.9041,279.246,-12.3011],"stabilizedTipPosition":[-28.6738,244.644,8.57385],"timeVisible":7.70983,"tipPosition":[-28.1591,256.065,-0.650594],"tip