{"sensorType":"Leap","data":[[0,{"currentFrameRate":108.558,"devices":[],"gestures":[],"hands":[{"armBasis":[[0.966174,0.148348,-0.210951],[-0.0752703,0.944585,0.319522],[0.246661,-0.292836,0.923799]],"armWidth":63.029,"confidence":0.686555,"direction":[-0.138955,0.717607,-0.682445],"elbow":[53.0827,186.24,308.536],"grabStrength":0,"id":361,"palmNormal":[0.011249,-0.687942,-0.725678],"palmPosition":[-27.6342,299.021,22.921],"palmVelocity":[41.0184,73.0682,-231.708],"palmWidth":90.0033,"pinchStrength":0.543293,"r":[[0.984276,-0.138193,0.110012],[0.140704,0.989932,-0.0153641],[-0.106781,0.0306017,0.993811]],"s":0.944907,"sphereCenter":[-28.5343,281.857,-24.112],"sphereRadius":48.3509,"stabilizedPalmPosition":[-45.0864,277.814,72.699],"t":[25.5049,29.0002,-66.322],"timeVisible":0.19875,"type":"right","wrist":[-12.7936,264.448,61.8145]}],"id":1173122,"interactionBox":{"center":[0,200,0],"size":[235.247,235.247,147.751]},"pointables":[{"bases":[[[0.361292,0.799008,0.480681],[-0.747737,-0.0597301,0.661303],[0.557098,-0.598346,0.575868]],[[0.146021,0.956773,0.251524],[-0.790389,-0.0400737,0.611294],[0.594948,-0.288063,0.750371]],[[0.146021,0.956773,0.251524],[-0.954694,0.0696441,0.289324],[0.2593,-0.282376,0.923595]],[[0.146021,0.956773,0.251524],[-0.988601,0.150555,0.00123064],[-0.0366907,-0.248836,0.96785]]],"btipPosition":[-77.3988,281.117,-31.765],"carpPosition":[-40.1267,251.61,58.8401],"dipPosition":[-78.2482,275.357,-9.35948],"direction":[-0.2593,0.282376,-0.923595],"extended":false,"handId":361,"id":3610,"length":51.5512,"mcpPosition":[-40.1267,251.61,58.8401],"pipPosition":[-69.503,265.834,21.7896],"stabilizedTipPosition":[-95.0455,268.162,16.3647],"timeVisible":0.19875,"tipPosition":[-77.9085,280.822,-26.2738],"tipVelocity":[91.5844,29.3854,-282.056],"tool":false,"touchDistance":-0.0856799,"touchZone":"hovering","type":0,"width":20.0304},{"bases":[[[0.952846,0.22746,-0.200862],[-0.056108,0.782567,0.620032],[0.298221,-0.579526,0.758429]],[[0.969675,0.190663,-0.152896],[-0.089077,0.858292,0.505371],[0.227585,-0.476426,0.849249]],[[0.969675,0.190663,-0.152896],[-0.115172,0.908277,0.402205],[0.215558,-0.372399,0.902693]],[[0.969675,0.190663,-0.152896],[-0.134103,0.938104,0.319339],[0.204319,-0.289151,0.935225]]],"btipPosition":[-73.8953,349.587,-63.7157],"carpPosition":[-33.915,273.377,64.9541],"dipPosition":[-70.4423,344.7,-47.9101],"direction":[-0.215558,0.372399,-0.902693],"extended":true,"handId":361,"id":3611,"length":58.1698,"mcpPosition":[-55.6171,315.55,9.76188],"pipPosition":[-65.2887,335.797,-26.3282],"stabilizedTipPosition":[-82.4086,333.746,-35.9261],"timeVisible":0.19875,"tipPosition":[-72.4617,347.282,-60.7065],"tipVelocity":[54.124,119.779,-227.36],"tool":false,"touchDistance":-0.130031,"touchZone":"hovering","type":1,"width":19.133},{"bases":[[[0.979887,0.0103094,-0.199286],[0.112351,0.796843,0.593649],[0.16492,-0.604099,0.779658]],[[0.986435,-0.0174865,-0.163216],[-0.0463995,0.924057,-0.379428],[0.157455,0.381854,0.910711]],[[0.986435,-0.0174865,-0.163216],[-0.163236,-0.209251,-0.964141],[-0.0172936,0.977706,-0.209267]],[[0.986435,-0.0174865,-0.163216],[-0.109386,-0.811395,-0.574171],[-0.122392,0.584236,-0.802302]]],"btipPosition":[-38.8297,262.896,-13.2902],"carpPosition":[-22.7027,277.773,63.1361],"dipPosition":[-41.1047,273.756,-28.2036],"direction":[0.0172936,-0.977706,0.209267],"extended":false,"handId":361,"id":3612,"length":66.2798,"mcpPosition":[-34.084,319.463,9.33079],"pipPosition":[-41.5912,301.257,-34.0898],"stabilizedTipPosition":[-58.9738,241.471,36.8741],"timeVisible":0.19875,"tipPosition":[-39.3187,265.054,-16.2922],"tipVelocity":[107.056,72.7444,-245.436],"tool":false,"touchDistance":0.333333,"touchZone":"none","type":2,"width":18.7912},{"bases":[[[0.9822,-0.1388,-0.126562],[0.187272,0.77588,0.602445],[0.0145776,-0.615423,0.788062]],[[0.982306,-0.149194,-0.113208],[0.0862115,0.896841,-0.43387],[0.166261,0.416434,0.893835]],[[0.982306,-0.149194,-0.113208],[-0.148761,-0.254346,-0.955603],[0.113777,0.955536,-0.27204]],[[0.982306,-0.149194,-0.113208],[-0.186906,-0.819289,-0.542062],[-0.0118776,0.55363,-0.832678]]],"btipPosition":[-22.0367,262.41,-4.86635],"carpPosition":[-10.8874,279.098,60.6223],"dipPosition":[-22.2562,272.642,-20.2554],"direction":[-0.113777,-0.955536,0.27204],"extended":false,"handId":361,"id":3613,"length":63.7298,"mcpPosition":[-11.7907,317.23,11.7934],"pipPosition":[-19.1386,298.825,-27.7097],"stabilizedTipPosition":[-43.4554,240.702,48.9694],"timeVisible":0.19875,"tipPosition":[-21.942,264.816,-8.35993],"tipVelocity":[97.2447,86.4117,-234.791],"tool":false,"touchDistance":0.333333,"touchZone":"none","type":3,"width":17.881},{"bases":[[[0.932751,-0.335373,-0.132292],[0.338308,0.687406,0.642667],[-0.124595,-0.644203,0.754638]],[[0.904915,-0.425038,-0.0217315],[0.381992,0.833662,-0.398861],[0.187647,0.352634,0.916754]],[[0.904915,-0.425038,-0.0217315],[-0.118046,-0.201608,-0.972327],[0.408894,0.882438,-0.232612]],[[0.904915,-0.425038,-0.0217315],[-0.356992,-0.730263,-0.582471],[0.231702,0.534844,-0.812561]]],"btipPosition":[-10.1208,272.051,-1.18546],"carpPosition":[1.15725,273.626,55.8077],"dipPosition":[-6.17031,281.17,-15.0395],"direction":[-0.408894,-0.882438,0.232612],"extended":false,"handId":361,"id":3614,"length":49.963,"mcpPosition":[8.30356,310.576,12.5244],"pipPosition":[1.74045,298.242,-19.5398],"stabilizedTipPosition":[-29.9178,248.072,57.4448],"timeVisible":0.19875,"tipPosition":[-9.02315,273.864,-3.74374],"tipVelocity":[80.4405,94.6922,-209.473],"tool":false,"touchDistance":0.333333,"touchZone":"none","type":4,"width":15.8833}],"r":[[0.984276,-0.138193,0.110012],[0.140704,0.989932,-0.0153641],[-0.106781,0.0306017,0.993811]],"s":0.944907,"t":[25.5049,29.0002,-66.322],"timestamp":15383248579},false],[1,{"currentFrameRate":108.701,"devices":[],"gestures":[],"hands":[{"armBasis":[[0.966001,0.153944,-0.207709],[-0.0802303,0.942233,0.325209],[0.245774,-0.297488,0.922549]],"armWidth":63.029,"confidence":0.711896,"direction":[-0.135617,0.717178,-0.683567],"elbow":[53.0461,185.374,307.217],"grabStrength":0,"id":361,"palmNormal":[0.0194876,-0.687876,-0.725566],"palmPosition":[-27.223,299.35,21.8153],"palmVelocity":[42.3748,63.171,-202.2],"palmWidth":90.0033,"pinchStrength":0.537588,"r":[[0.984057,-0.133145,0.117917],[0.135422,0.990721,-0.0114828],[-0.115294,0.0272683,0.992957]],"s":0.947858,"sphereCenter":[-28.2621,282.332,-25.0613],"sphereRadius":48.2646,"stabilizedPalmPosition":[-44.9749,277.948,72.3814],"t":[25.8676,29.4349,-67.8347],"timeVisible":0.207692,"type":"right","wrist":[-12.5934,264.824,60.8301]}],"id":1173123,"interactionBox":{"center":[0,200,0],"size":[235.247,235.247,147.751]},"pointables":[{"bases":[[[0.354709,0.800156,0.483665],[-0.752993,-0.0621733,0.655085],[0.554241,-0.596561,0.580458]],[[0.139191,0.95795,0.250913],[-0.792328,-0.0442531,0.608489],[0.594006,-0.283501,0.752851]],[[0.139191,0.95795,0.250913],[-0.957742,0.0658225,0.279997],[0.251707,-0.279283,0.926631]],[[0.139191,0.95795,0.250913],[-0.989605,0.143809,-0.0000677755],[-0.0361484,-0.248295,0.96801]]],"btipPosition":[-76.8412,281.063,-33.2044],"carpPosition":[-39.8592,251.898,57.6292],"dipPosition":[-77.678,275.315,-10.7952],"direction":[-0.251707,0.279283,-0.926631],"extended":false,"handId":361,"id":3610,"length":51.5512,"mcpPosition":[-39.8592,251.898,57.6292],"pipPosition":[-69.1889,265.896,20.4562],"stabilizedTipPosition":[-95.0455,268.162,16.3647],"timeVisible":0.207692,"tipPosition":[-77.2062,280.743,-27.7726],"tipVelocity":[83.6916,19.7923,-248.964],"tool":false,"touchDistance":-0.109656,"touchZone":"hovering","type":0,"width":20.0304},{"bases":[[[0.953737,0.23055,-0.192958],[-0.0637757,0.78236,0.619553],[0.293801,-0.578585,0.760869]],[[0.969831,0.194956,-0.146354],[-0.0951894,0.855554,0.508888],[0.224425,-0.479604,0.848301]],[[0.969831,0.194956,-0.146354],[-0.121454,0.906963,0.403321],[0.211368,-0.373378,0.903279]],[[0.969831,0.194956,-0.146354],[-0.140434,0.937537,0.318281],[0.199263,-0.288125,0.936631]]],"btipPosition":[-73.1076,349.967,-65.0501],"carpPosition":[-33.7688,273.685,63.7947],"dipPosition":[-69.74,345.098,-49.2207],"direction":[-0.211368,0.373378,-0.903279],"extended":true,"handId":361,"id":3611,"length":58.1698,"mcpPosition":[-55.1493,315.789,8.42494],"pipPosition":[-64.6865,336.171,-27.6249],"stabilizedTipPosition":[-81.7796,334.688,-37.5169],"timeVisible":0.207692,"tipPosition":[-71.679,347.696,-62.0282],"tipVelocity":[62.8013,98.8033,-205.858],"tool":false,"touchDistance":-0.152181,"touchZone":"hovering","type":1,"width":19.133},{"bases":[[[0.981466,0.0134876,-0.191161],[0.104849,0.797181,0.594566],[0.160409,-0.60359,0.780992]],[[0.987787,-0.0141912,-0.155164],[-0.0464839,0.923654,-0.380398],[0.148716,0.382964,0.911714]],[[0.987787,-0.0141912,-0.155164],[-0.154637,-0.211328,-0.965105],[-0.0190945,0.977312,-0.210941]],[[0.987787,-0.0141912,-0.155164],[-0.101775,-0.812811,-0.573568],[-0.117979,0.582354,-0.804329]]],"btipPosition":[-37.9865,263.198,-14.4117],"carpPosition":[-22.5561,278.117,62.0697],"dipPosition":[-40.1795,274.023,-29.3628],"direction":[0.0190945,-0.977312,0.210941],"extended":false,"handId":361,"id":3612,"length":66.2798,"mcpPosition":[-33.6261,319.772,8.17231],"pipPosition":[-40.7166,301.513,-35.2961],"stabilizedTipPosition":[-58.7134,241.779,36.1784],"timeVisible":0.207692,"tipPosition":[-38.4653,265.362,-17.4672],"tipVelocity":[104.148,61.8543,-212.926],"tool":false,"touchDistance":0.333333,"touchZone":"none","type":2,"width":18.7912},{"bases":[[[0.983659,-0.135616,-0.118421],[0.179762,0.77646,0.603983],[0.0100393,-0.6154,0.788151]],[[0.983677,-0.146927,-0.103885],[0.0867275,0.892955,-0.441712],[0.157664,0.425493,0.891122]],[[0.983677,-0.146927,-0.103885],[-0.140428,-0.265819,-0.95374],[0.112516,0.952761,-0.282113]],[[0.983677,-0.146927,-0.103885],[-0.179811,-0.824791,-0.536086],[-0.00691803,0.546015,-0.837747]]],"btipPosition":[-21.2701,262.608,-5.35066],"carpPosition":[-10.7248,279.48,59.6539],"dipPosition":[-21.3979,272.699,-20.8334],"direction":[-0.112516,-0.952761,0.282113],"extended":false,"handId":361,"id":3613,"length":63.7298,"mcpPosition":[-11.3468,317.61,10.8195],"pipPosition":[-18.3148,298.806,-28.5637],"stabilizedTipPosition":[-43.2214,240.958,48.3582],"timeVisible":0.207692,"tipPosition":[-21.1733,265.051,-9.06361],"tipVelocity":[94.7459,67.8507,-186.122],"tool":false,"touchDistance":0.333333,"touchZone":"none","type":3,"width":17.881},{"bases":[[[0.934895,-0.332348,-0.124562],[0.330745,0.688475,0.645454],[-0.128757,-0.64463,0.753574]],[[0.905714,-0.423716,-0.0121498],[0.38497,0.834213,-0.394824],[0.177429,0.352921,0.918676]],[[0.905714,-0.423716,-0.0121498],[-0.107643,-0.20218,-0.973415],[0.409995,0.882943,-0.228728]],[[0.905714,-0.423716,-0.0121498],[-0.349989,-0.731332,-0.585372],[0.239146,0.534432,-0.810673]]],"btipPosition":[-9.4531,272.484,-2.16749],"carpPosition":[1.37702,274.048,54.9392],"dipPosition":[-5.37569,281.596,-15.9894],"direction":[-0.409995,-0.882943,0.228728],"extended":false,"handId":361,"id":3614,"length":49.963,"mcpPosition":[8.76208,311.021,11.7169],"pipPosition":[2.55637,298.678,-20.4145],"stabilizedTipPosition":[-29.6576,248.394,56.6816],"timeVisible":0.207692,"tipPosition":[-8.32767,274.29,-4.72854],"tipVelocity":[79.7562,82.012,-182.035],"tool":false,"touchDistance":0.333333,"touchZone":"none","type":4,"width":15.8833}],"r":[[0.984057,-0.133145,0.117917],[0.135422,0.990721,-0.0114828],[-0.115294,0.0272683,0.992957]],"s":0.947858,"t":[25.8676,29.4349,-67.8347],"timestamp":15383257521},false],[2,{"currentFrameRate":108.773,"devices":[],"gestures":[],"hands":[{"armBasis":[[0.966464,0.157128,-0.203122],[-0.0834264,0.940169,0.330336],[0.242875,-0.302312,0.921748]],"armWidth":63.029,"confidence":0.70101,"direction":[-0.131389,0.715255,-0.686401],"elbow":[52.5856,184.337,306.125],"grabStrength":0,"id":361,"palmNormal":[0.0263298,-0.689642,-0.723672],"palmPosition":[-26.6571,299.481,20.7371],"palmVelocity":[47.9185,49.7008,-179.212],"palmWidth":90.0033,"pinchStrength":0.53246,"r":[[0.983658,-0.128742,0.125867],[0.130863,0.991362,-0.00869242],[-0.123661,0.0250217,0.992009]],"s":0.950543,"sphereCenter":[-27.7893,282.447,-26.0032],"sphereRadius":48.2112,"stabilizedPalmPosition":[-44.8794,278.061,72.1122],"t":[26.3319,29.7174,-69.1302],"timeVisible":0.216755,"type":"right","wrist":[-12.2794,265.076,59.9519]}],"id":1173124,"interactionBox":{"center":[0,200,0],"size":[235.247,235.247,147.751]},"pointables":[{"bases":[[[0.34958,0.801937,0.484449],[-0.758034,-0.0617883,0.649281],[0.550616,-0.594205,0.586296]],[[0.134246,0.959405,0.248033],[-0.793377,-0.0459111,0.606997],[0.593743,-0.27827,0.755006]],[[0.134246,0.959405,0.248033],[-0.96034,0.0642295,0.271334],[0.244388,-0.274621,0.929977]],[[0.134246,0.959405,0.248033],[-0.990103,0.140197,-0.00640266],[-0.0409162,-0.244719,0.96873]]],"btipPosition":[-76.1099,280.764,-34.5012],"carpPosition":[-39.498,252.097,56.5685],"dipPosition":[-77.0571,275.099,-12.0752],"direction":[-0.244388,0.274621,-0.929977],"extended":false,"handId":361,"id":3610,"length":51.5512,"mcpPosition":[-39.498,252.097,56.5685],"pipPosition":[-68.8149,265.837,19.2891],"stabilizedTipPosition":[-94.9998,268.19,16.253],"timeVisible":0.216755,"tipPosition":[-76.3828,280.432,-29.1399],"tipVelocity":[82.089,5.77806,-219.601],"tool":false,"touchDistance":-0.131204,"touchZone":"hovering","type":0,"width":20.0304},{"bases":[[[0.954852,0.231642,-0.186008],[-0.0699341,0.783788,0.617078],[0.288732,-0.57621,0.764602]],[[0.970273,0.197119,-0.14041],[-0.0999112,0.85468,0.509451],[0.220428,-0.480278,0.848967]],[[0.970273,0.197119,-0.14041],[-0.126217,0.907177,0.401372],[0.206495,-0.371719,0.905088]],[[0.970273,0.197119,-0.14041],[-0.14515,0.938222,0.31412],[0.193655,-0.284402,0.938943]]],"btipPosition":[-72.0807,349.944,-66.4997],"carpPosition":[-33.492,273.909,62.7274],"dipPosition":[-68.8079,345.138,-50.6313],"direction":[-0.206495,0.371719,-0.905088],"extended":true,"handId":361,"id":3611,"length":58.1698,"mcpPosition":[-54.5036,315.84,7.08597],"pipPosition":[-63.871,336.251,-28.9922],"stabilizedTipPosition":[-81.2126,335.456,-38.8915],"timeVisible":0.216755,"tipPosition":[-70.6644,347.716,-63.4569],"tipVelocity":[76.0849,71.2612,-192.904],"tool":false,"touchDistance":-0.176191,"touchZone":"hovering","type":1,"width":19.133},{"bases":[[[0.98292,0.0146303,-0.18345],[0.0988579,0.798826,0.593384],[0.155226,-0.601385,0.783735]],[[0.988989,-0.0128783,-0.147429],[-0.0452726,0.922118,-0.38425],[0.140895,0.386694,0.911382]],[[0.988989,-0.0128783,-0.147429],[-0.146711,-0.215991,-0.96531],[-0.0194117,0.97631,-0.215502]],[[0.988989,-0.0128783,-0.147429],[-0.0956991,-0.815539,-0.570734],[-0.112884,0.578559,-0.807791]]],"btipPosition":[-37.0589,263.205,-15.3824],"carpPosition":[-22.2733,278.355,61.0798],"dipPosition":[-39.1572,273.959,-30.3979],"direction":[0.0194117,-0.97631,0.215502],"extended":false,"handId":361,"id":3612,"length":66.2798,"mcpPosition":[-32.9856,319.858,6.99309],"pipPosition":[-39.7032,301.421,-36.4595],"stabilizedTipPosition":[-58.4511,242.075,35.4967],"timeVisible":0.216755,"tipPosition":[-37.5253,265.378,-18.5059],"tipVelocity":[104.316,44.4872,-184.15],"tool":false,"touchDistance":0.333333,"touchZone":"none","type":2,"width":18.7912},{"bases":[[[0.984782,-0.134289,-0.110324],[0.173728,0.778252,0.603443],[0.00482425,-0.613426,0.789738]],[[0.984703,-0.145601,-0.0957118],[0.0887119,0.891712,-0.443825],[0.149969,0.428545,0.890988]],[[0.984703,-0.145601,-0.0957118],[-0.132606,-0.269888,-0.953717],[0.113031,0.95182,-0.285067]],[[0.984703,-0.145601,-0.0957118],[-0.174236,-0.827371,-0.533947],[-0.001446,0.542455,-0.840083]]],"btipPosition":[-20.4228,262.694,-6.21886],"carpPosition":[-10.4255,279.732,58.7539],"dipPosition":[-20.4495,272.719,-21.7448],"direction":[-0.113031,-0.95182,0.285067],"extended":false,"handId":361,"id":3613,"length":63.7298,"mcpPosition":[-10.7244,317.74,9.82121],"pipPosition":[-17.3523,298.8,-29.5561],"stabilizedTipPosition":[-42.9781,241.214,47.7374],"timeVisible":0.216755,"tipPosition":[-20.3101,265.114,-9.95953],"tipVelocity":[95.1078,51.2697,-161.476],"tool":false,"touchDistance":0.333333,"touchZone":"none","type":3,"width":17.881},{"bases":[[[0.936389,-0.331115,-0.116358],[0.324522,0.690618,0.646322],[-0.133648,-0.642969,0.754141]],[[0.905803,-0.423695,-0.00207557],[0.388747,0.833017,-0.393648],[0.168516,0.35576,0.919259]],[[0.905803,-0.423695,-0.00207557],[-0.0984023,-0.205601,-0.973676],[0.412115,0.882163,-0.227926]],[[0.905803,-0.423695,-0.00207557],[-0.344479,-0.733579,-0.58583],[0.24669,0.531361,-0.810432]]],"btipPosition":[-8.68556,272.617,-3.03084],"carpPosition":[1.72196,274.308,54.1484],"dipPosition":[-4.47952,281.676,-16.8486],"direction":[-0.412115,-0.882163,0.227926],"extended":false,"handId":361,"id":3614,"length":49.963,"mcpPosition":[9.38751,311.186,10.8936],"pipPosition":[3.49355,298.743,-21.2582],"stabilizedTipPosition":[-29.3932,248.711,55.9237],"timeVisible":0.216755,"tipPosition":[-7.53086,274.41,-5.60831],"tipVelocity":[82.0204,63.0411,-158.038],"tool":false,"touchDistance":0.333333,"touchZone":"none","type":4,"width":15.8833}],"r":[[0.983658,-0.128742,0.125867],[0.130863,0.991362,-0.00869242],[-0.123661,0.0250217,0.992009]],"s":0.950543,"t":[26.3319,29.7174,-69.1302],"timestamp":15383266584},false],[3,{"currentFrameRate":108.869,"devices":[],"gestures":[],"hands":[{"armBasis":[[0.967014,0.150992,-0.205149],[-0.0778264,0.941998,0.326471],[0.242544,-0.299736,0.922676]],"armWidth":63.029,"confidence":0.682172,"direction":[-0.120104,0.71576,-0.687941],"elbow":[52.5296,185.312,304.801],"grabStrength":0,"id":361,"palmNormal":[0.0255493,-0.690499,-0.722882],"palmPosition":[-26.0364,299.858,19.0325],"palmVelocity":[53.6778,47.5285,-181.938],"palmWidth":90.0033,"pinchStrength":0.526713,"r":[[0.982861,-0.126936,0.133687],[0.128947,0.99163,-0.0064651],[-0.131747,0.0235929,0.991003]],"s":0.953048,"sphereCenter":[-27.5019,282.904,-27.5999],"sphereRadius":48.1581,"stabilizedPalmPosition":[-44.7973,278.155,71.8811],"t":[26.8744,30.0471,-70.6302],"timeVisible":0.225768,"type":"right","wrist":[-12.2472,265.363,58.38]}],"id":1173125,"interactionBox":{"center":[0,200,0],"size":[235.247,235.247,147.751]},"pointables":[{"bases":[[[0.353064,0.799278,0.486312],[-0.763257,-0.054553,0.643787],[0.541095,-0.59848,0.590794]],[[0.140074,0.958758,0.247311],[-0.795026,-0.0399726,0.605256],[0.59018,-0.2814,0.756638]],[[0.140074,0.958758,0.247311],[-0.961605,0.0721923,0.264772],[0.235999,-0.274903,0.932058]],[[0.140074,0.958758,0.247311],[-0.988999,0.147471,-0.0115489],[-0.0475439,-0.242973,0.968867]]],"btipPosition":[-75.5528,281.411,-36.4145],"carpPosition":[-39.5533,252.62,54.809],"dipPosition":[-76.6535,275.786,-13.9854],"direction":[-0.235999,0.274903,-0.932058],"extended":false,"handId":361,"id":3610,"length":51.5512,"mcpPosition":[-39.5533,252.62,54.809],"pipPosition":[-68.6942,266.515,17.449],"stabilizedTipPosition":[-94.8749,268.267,15.9439],"timeVisible":0.225768,"tipPosition":[-75.7429,281.039,-31.1197],"tipVelocity":[75.4363,24.2125,-217.569],"tool":false,"touchDistance":-0.163081,"touchZone":"hovering","type":0,"width":20.0304},{"bases":[[[0.958178,0.223093,-0.179233],[-0.0675481,0.784929,0.615893],[0.278087,-0.578028,0.767171]],[[0.972484,0.189748,-0.135169],[-0.0953679,0.853595,0.512134],[0.212556,-0.485151,0.848203]],[[0.972484,0.189748,-0.135169],[-0.121319,0.907788,0.401501],[0.198888,-0.374054,0.905829]],[[0.972484,0.189748,-0.135169],[-0.14,0.939731,0.311939],[0.186212,-0.284432,0.940438]]],"btipPosition":[-70.573,350.816,-68.4313],"carpPosition":[-33.4012,274.384,60.9933],"dipPosition":[-67.426,346.009,-52.5376],"direction":[-0.198888,0.374054,-0.905829],"extended":true,"handId":361,"id":3611,"length":58.1698,"mcpPosition":[-53.638,316.448,5.16493],"pipPosition":[-62.6709,337.066,-30.8807],"stabilizedTipPosition":[-80.6634,336.145,-40.1425],"timeVisible":0.225768,"tipPosition":[-69.176,348.603,-65.3789],"tipVelocity":[100.274,78.2459,-198.611],"tool":false,"touchDistance":-0.208287,"touchZone":"hovering","type":1,"width":19.133},{"bases":[[[0.984321,0.00584597,-0.176289],[0.101537,0.798464,0.593419],[0.14423,-0.602014,0.785351]],[[0.989875,-0.0216207,-0.140282],[-0.0346271,0.921684,-0.386392],[0.13765,0.387338,0.911604]],[[0.989875,-0.0216207,-0.140282],[-0.141613,-0.217331,-0.965771],[-0.00960714,0.975858,-0.218193]],[[0.989875,-0.0216207,-0.140282],[-0.0985116,-0.816181,-0.569337],[-0.102186,0.577392,-0.810047]]],"btipPosition":[-36.4787,263.628,-17.0429],"carpPosition":[-22.1321,278.731,59.4238],"dipPosition":[-38.3782,274.36,-32.1003],"direction":[0.00960714,-0.975858,0.218193],"extended":false,"handId":361,"id":3612,"length":66.2798,"mcpPosition":[-32.0856,320.277,5.22562],"pipPosition":[-38.6484,301.809,-38.2376],"stabilizedTipPosition":[-58.2052,242.35,34.8573],"timeVisible":0.225768,"tipPosition":[-36.9097,265.817,-20.2221],"tipVelocity":[94.7274,44.9985,-184.466],"tool":false,"touchDistance":0.333333,"touchZone":"none","type":2,"width":18.7912},{"bases":[[[0.984343,-0.143017,-0.103026],[0.176149,0.777243,0.60404],[-0.00631185,-0.612731,0.790267]],[[0.984059,-0.154299,-0.0884268],[0.0998146,0.890719,-0.44346],[0.147189,0.427564,0.891922]],[[0.984059,-0.154299,-0.0884268],[-0.128007,-0.269376,-0.95449],[0.123457,0.950594,-0.284834]],[[0.984059,-0.154299,-0.0884268],[-0.177594,-0.826366,-0.534397],[0.00938407,0.541582,-0.840596]]],"btipPosition":[-19.9264,263.013,-7.8605],"carpPosition":[-10.2561,280.001,57.1833],"dipPosition":[-19.7529,273.022,-23.3959],"direction":[-0.123457,-0.950594,0.284834],"extended":false,"handId":361,"id":3613,"length":63.7298,"mcpPosition":[-9.86499,317.966,8.21779],"pipPosition":[-16.37,299.07,-31.2008],"stabilizedTipPosition":[-42.75,241.452,47.1529],"timeVisible":0.225768,"tipPosition":[-19.7689,265.418,-11.5932],"tipVelocity":[85.5066,46.8082,-167.224],"tool":false,"touchDistance":0.333333,"touchZone":"none","type":3,"width":17.881},{"bases":[[[0.93427,-0.339417,-0.109248],[0.325852,0.68833,0.648092],[-0.144775,-0.641091,0.753686]],[[0.90127,-0.433201,0.00695051],[0.401167,0.82835,-0.391026],[0.163636,0.355209,0.920353]],[[0.90127,-0.433201,0.00695051],[-0.0916749,-0.206359,-0.974172],[0.423447,0.877356,-0.225699]],[[0.90127,-0.433201,0.00695051],[-0.34695,-0.731248,-0.587284],[0.259495,0.526891,-0.809351]]],"btipPosition":[-8.15965,272.857,-4.58192],"carpPosition":[1.87654,274.467,52.671],"dipPosition":[-3.73529,281.84,-18.3813],"direction":[-0.423447,-0.877356,0.225699],"extended":false,"handId":361,"id":3614,"length":49.963,"mcpPosition":[10.1803,311.238,9.44228],"pipPosition":[4.45701,298.814,-22.7478],"stabilizedTipPosition":[-29.1479,249,55.2215],"timeVisible":0.225768,"tipPosition":[-6.95779,274.626,-7.17077],"tipVelocity":[77.0448,52.492,-161.773],"tool":false,"touchDistance":0.333333,"touchZone":"none","type":4,"width":15.8833}],"r":[[0.982861,-0.126936,0.133687],[0.128947,0.99163,-0.0064651],[-0.131747,0.0235929,0.991003]],"s":0.953048,"t":[26.8744,30.0471,-70.6302],"timestamp":15383275597},false],[4,{"currentFrameRate":108.961,"devices":[],"gestures":[],"hands":[{"armBasis":[[0.969432,0.143645,-0.198918],[-0.0726087,0.942355,0.326643],[0.234371,-0.302215,0.923979]],"armWidth":63.029,"confidence":0.682744,"direction":[-0.113575,0.713585,-0.691301],"elbow":[50.5072,185.237,303.46],"grabStrength":0,"id":361,"palmNormal":[0.023519,-0.693677,-0.719902],"palmPosition":[-25.5421,300.362,17.1569],"palmVelocity":[53.9947,49.8589,-189.123],"palmWidth":90.0033,"pinchStrength":0.516674,"r":[[0.981932,-0.126594,0.140655],[0.128631,0.991678,-0.00544575],[-0.138795,0.0234399,0.990044]],"s":0.955506,"sphereCenter":[-27.4256,283.298,-29.3286],"sphereRadius":48.1266,"stabilizedPalmPosition":[-44.7265,278.237,71.6798],"t":[27.3928,30.4644,-72.318],"timeVisible":0.234782,"type":"right","wrist":[-12.0869,265.95,56.6911]}],"id":1173126,"interactionBox":{"center":[0,200,0],"size":[235.247,235.247,147.751]},"pointables":[{"bases":[[[0.356483,0.799131,0.484055],[-0.765556,-0.0471518,0.641639],[0.535578,-0.599305,0.594971]],[[0.145136,0.958946,0.243636],[-0.793639,-0.0342092,0.607426],[0.590824,-0.281518,0.756092]],[[0.145136,0.958946,0.243636],[-0.961568,0.0787025,0.263045],[0.233071,-0.27245,0.933514]],[[0.145136,0.958946,0.243636],[-0.988211,0.152626,-0.0120475],[-0.0487382,-0.239015,0.969792]]],"btipPosition":[-75.3647,281.982,-38.1783],"carpPosition":[-39.4598,253.36,53.0888],"dipPosition":[-76.493,276.449,-15.7278],"direction":[-0.233071,0.27245,-0.933514],"extended":false,"handId":361,"id":3610,"length":51.5512,"mcpPosition":[-39.4598,253.36,53.0888],"pipPosition":[-68.6325,267.26,15.7558],"stabilizedTipPosition":[-94.7747,268.332,15.6891],"timeVisible":0.234782,"tipPosition":[-75.4352,281.546,-32.9597],"tipVelocity":[60.238,35.62,-211.397],"tool":false,"touchDistance":-0.192395,"touchZone":"hovering","type":0,"width":20.0304},{"bases":[[[0.960081,0.216442,-0.177192],[-0.0646059,0.787912,0.612389],[0.272159,-0.576496,0.770443]],[[0.97366,0.184237,-0.134324],[-0.0912225,0.854694,0.511054],[0.208961,-0.485339,0.848988]],[[0.97366,0.184237,-0.134324],[-0.117253,0.909851,0.398023],[0.195545,-0.371789,0.907488]],[[0.97366,0.184237,-0.134324],[-0.136007,0.942145,0.306375],[0.182998,-0.280036,0.942386]]],"btipPosition":[-69.6463,351.311,-70.5677],"carpPosition":[-33.1928,275.112,59.201],"dipPosition":[-66.5535,346.578,-54.6411],"direction":[-0.195545,0.371789,-0.907488],"extended":true,"handId":361,"id":3611,"length":58.1698,"mcpPosition":[-52.9983,317.064,3.13445],"pipPosition":[-61.8784,337.689,-32.9446],"stabilizedTipPosition":[-80.1667,336.741,-41.2757],"timeVisible":0.234782,"tipPosition":[-68.2575,349.147,-67.4932],"tipVelocity":[100.591,72.36,-208.938],"tool":false,"touchDistance":-0.243768,"touchZone":"hovering","type":1,"width":19.133},{"bases":[[[0.984876,-0.000946783,-0.173257],[0.104628,0.800313,0.590383],[0.138101,-0.599581,0.788308]],[[0.990143,-0.0282487,-0.137181],[-0.0284596,0.918436,-0.394544],[0.137137,0.394559,0.90858]],[[0.990143,-0.0282487,-0.137181],[-0.140007,-0.22629,-0.963945],[-0.00381241,0.97365,-0.228015]],[[0.990143,-0.0282487,-0.137181],[-0.101307,-0.820772,-0.562201],[-0.0967125,0.570557,-0.815543]]],"btipPosition":[-36.0564,263.956,-18.4999],"carpPosition":[-21.8924,279.382,57.6483],"dipPosition":[-37.8541,274.561,-33.6594],"direction":[0.00381241,-0.97365,0.228015],"extended":false,"handId":361,"id":3612,"length":66.2798,"mcpPosition":[-31.4229,320.76,3.24598],"pipPosition":[-37.9613,301.948,-40.073],"stabilizedTipPosition":[-57.9844,242.594,34.28],"timeVisible":0.234782,"tipPosition":[-36.4803,266.182,-21.8283],"tipVelocity":[82.2798,41.7472,-178.906],"tool":false,"touchDistance":0.333333,"touchZone":"none","type":2,"width":18.7912},{"bases":[[[0.983756,-0.149498,-0.099372],[0.179075,0.778679,0.601324],[-0.012518,-0.609351,0.792802]],[[0.983358,-0.1607,-0.0847478],[0.106716,0.88844,-0.446415],[0.147032,0.429942,0.890804]],[[0.983358,-0.1607,-0.0847478],[-0.126715,-0.272394,-0.953805],[0.130192,0.948671,-0.288225]],[[0.983358,-0.1607,-0.0847478],[-0.181036,-0.827572,-0.531367],[0.0152559,0.537867,-0.842892]]],"btipPosition":[-19.5738,263.389,-9.5768],"carpPosition":[-10.0019,280.57,55.4393],"dipPosition":[-19.2919,273.329,-25.1546],"direction":[-0.130192,-0.948671,0.288225],"extended":false,"handId":361,"id":3613,"length":63.7298,"mcpPosition":[-9.2263,318.326,6.31673],"pipPosition":[-15.7244,299.324,-33.0524],"stabilizedTipPosition":[-42.55,241.661,46.6341],"timeVisible":0.234782,"tipPosition":[-19.3939,265.767,-13.3099],"tipVelocity":[73.5119,44.9158,-173.895],"tool":false,"touchDistance":0.333333,"touchZone":"none","type":3,"width":17.881},{"bases":[[[0.932493,-0.345611,-0.104927],[0.328091,0.689033,0.646212],[-0.15104,-0.637014,0.75591]],[[0.89748,-0.44082,0.0143684],[0.410644,0.823269,-0.391916],[0.160936,0.357638,0.919889]],[[0.89748,-0.44082,0.0143684],[-0.0876802,-0.210249,-0.973708],[0.432251,0.872624,-0.227345]],[[0.89748,-0.44082,0.0143684],[-0.349944,-0.731535,-0.585145],[0.268455,0.520128,-0.810801]]],"btipPosition":[-7.79534,273.22,-6.31979],"carpPosition":[2.11019,274.942,50.9879],"dipPosition":[-3.21821,282.088,-20.1439],"direction":[-0.432251,-0.872624,0.227345],"extended":false,"handId":361,"id":3614,"length":49.963,"mcpPosition":[10.7733,311.479,7.63157],"pipPosition":[5.14443,298.97,-24.5422],"stabilizedTipPosition":[-28.9345,249.251,54.6051],"timeVisible":0.234782,"tipPosition":[-6.5584,274.953,-8.92312],"tipVelocity":[68.0458,48.3354,-170.476],"tool":false,"touchDistance":0.333333,"touchZone":"none","type":4,"width":15.8833}],"r":[[0.981932,-0.126594,0.140655],[0.128631,0.991678,-0.00544575],[-0.138795,0.0234399,0.990044]],"s":0.955506,"t":[27.3928,30.4644,-72.318],"timestamp":15383284611},false],[5,{"currentFrameRate":108.972,"devices":[],"gestures":[],"hands":[{"armBasis":[[0.970079,0.141407,-0.197359],[-0.071359,0.94304,0.324936],[0.232065,-0.30113,0.924914]],"armWidth":63.029,"confidence":0.621135,"direction":[-0.108764,0.716029,-0.689546],"elbow":[50.0449,185.843,302.071],"grabStrength":0,"id":361,"palmNormal":[0.024134,-0.691554,-0.721921],"palmPosition":[-25.1329,300.84,15.5722],"palmVelocity":[51.4022,50.4999,-184.646],"palmWidth":90.0033,"pinchStrength":0.509477,"r":[[0.980964,-0.12701,0.146891],[0.128981,0.991639,-0.00392916],[-0.145164,0.0228005,0.989145]],"s":0.957755,"sphereCenter":[-27.2705,283.984,-30.9082],"sphereRadius":48.1021,"stabilizedPalmPosition":[-44.6642,278.309,71.5013],"t":[27.8566,30.9118,-73.9542],"timeVisible":0.243939,"type":"right","wrist":[-11.9333,266.266,55.052]}],"id":1173127,"interactionBox":{"center":[0,200,0],"size":[235.247,235.247,147.751]},"pointables":[{"bases":[[[0.357083,0.796558,0.48784],[-0.76813,-0.0467525,0.638585],[0.531477,-0.602752,0.595165]],[[0.146996,0.957816,0.246941],[-0.793299,-0.03496,0.607827],[0.59082,-0.285246,0.754696]],[[0.146996,0.957816,0.246941],[-0.961874,0.0802084,0.261467],[0.230631,-0.275961,0.933089]],[[0.146996,0.957816,0.246941],[-0.987816,0.155049,-0.0133762],[-0.0510998,-0.241966,0.968938]]],"btipPosition":[-75.0985,282.764,-39.8566],"carpPosition":[-39.3307,253.772,51.3075],"dipPosition":[-76.2815,277.163,-17.4259],"direction":[-0.230631,0.275961,-0.933089],"extended":false,"handId":361,"id":3610,"length":51.5512,"mcpPosition":[-39.3307,253.772,51.3075],"pipPosition":[-68.5032,267.856,14.0434],"stabilizedTipPosition":[-94.6907,268.389,15.4709],"timeVisible":0.243939,"tipPosition":[-75.09,282.244,-34.6977],"tipVelocity":[51.1725,49.0218,-203.702],"tool":false,"touchDistance":-0.220443,"touchZone":"hovering","type":0,"width":20.0304},{"bases":[[[0.961405,0.214032,-0.172889],[-0.0645236,0.786241,0.614542],[0.267464,-0.579668,0.769706]],[[0.974362,0.182647,-0.131374],[-0.0902424,0.852161,0.51544],[0.206095,-0.490369,0.846795]],[[0.974362,0.182647,-0.131374],[-0.116394,0.908921,0.400393],[0.192539,-0.374837,0.906877]],[[0.974362,0.182647,-0.131374],[-0.135214,0.942083,0.306914],[0.179822,-0.281282,0.942626]]],"btipPosition":[-68.885,352.223,-72.1016],"carpPosition":[-33.0205,275.485,57.5097],"dipPosition":[-65.846,347.469,-56.1709],"direction":[-0.192539,0.374837,-0.906877],"extended":true,"handId":361,"id":3611,"length":58.1698,"mcpPosition":[-52.4843,317.669,1.49682],"pipPosition":[-61.2427,338.508,-34.489],"stabilizedTipPosition":[-79.7021,337.299,-42.329],"timeVisible":0.243939,"tipPosition":[-67.4996,350.1,-69.0148],"tipVelocity":[95.3515,79.804,-197.367],"tool":false,"touchDistance":-0.269317,"touchZone":"hovering","type":1,"width":19.133},{"bases":[[[0.98552,-0.00344298,-0.169524],[0.10483,0.798189,0.593215],[0.133269,-0.602397,0.786993]],[[0.990563,-0.0308448,-0.133545],[-0.0245025,0.9188,-0.393962],[0.134852,0.393516,0.909373]],[[0.990563,-0.0308448,-0.133545],[-0.13706,-0.226468,-0.964327],[-0.000499038,0.97353,-0.228558]],[[0.990563,-0.0308448,-0.133545],[-0.101358,-0.820728,-0.562256],[-0.0922611,0.570486,-0.816109]]],"btipPosition":[-35.5988,264.548,-20.0565],"carpPosition":[-21.7013,279.725,56.0129],"dipPosition":[-37.3138,275.152,-35.2265],"direction":[0.000499038,-0.97353,0.228558],"extended":false,"handId":361,"id":3612,"length":66.2798,"mcpPosition":[-30.8984,321.298,1.70143],"pipPosition":[-37.3278,302.536,-41.6554],"stabilizedTipPosition":[-57.7845,242.816,33.7541],"timeVisible":0.243939,"tipPosition":[-36.0124,266.803,-23.4616],"tipVelocity":[73.8549,48.1251,-176.495],"tool":false,"touchDistance":0.333333,"touchZone":"none","type":2,"width":18.7912},{"bases":[[[0.983665,-0.152214,-0.0960969],[0.179168,0.776294,0.604373],[-0.0173947,-0.611718,0.790885]],[[0.983189,-0.163264,-0.0817632],[0.110821,0.88944,-0.443414],[0.145117,0.426898,0.89258]],[[0.983189,-0.163264,-0.0817632],[-0.124229,-0.269937,-0.954831],[0.133818,0.948936,-0.285681]],[[0.983189,-0.163264,-0.0817632],[-0.181542,-0.826065,-0.533535],[0.019565,0.539409,-0.841817]]],"btipPosition":[-19.163,263.948,-11.2127],"carpPosition":[-9.79892,280.884,53.8527],"dipPosition":[-18.8014,273.917,-26.7707],"direction":[-0.133818,-0.948936,0.285681],"extended":false,"handId":361,"id":3613,"length":63.7298,"mcpPosition":[-8.72113,318.786,4.84888],"pipPosition":[-15.1346,299.919,-34.5988],"stabilizedTipPosition":[-42.3738,241.845,46.1728],"timeVisible":0.243939,"tipPosition":[-18.9713,266.325,-14.9505],"tipVelocity":[66.087,49.6132,-175.081],"tool":false,"touchDistance":0.333333,"touchZone":"none","type":3,"width":17.881},{"bases":[[[0.931824,-0.348151,-0.102445],[0.327737,0.686055,0.649552],[-0.155859,-0.638843,0.753384]],[[0.895433,-0.444831,0.0180299],[0.416349,0.822383,-0.387736],[0.15765,0.354699,0.921594]],[[0.895433,-0.444831,0.0180299],[-0.0836042,-0.207795,-0.974593],[0.437275,0.871175,-0.223257]],[[0.895433,-0.444831,0.0180299],[-0.350224,-0.728838,-0.588336],[0.274851,0.520501,-0.808416]]],"btipPosition":[-7.40764,273.739,-7.91214],"carpPosition":[2.31277,275.232,49.4301],"dipPosition":[-2.72147,282.614,-21.6955],"direction":[-0.437275,-0.871175,0.223257],"extended":false,"handId":361,"id":3614,"length":49.963,"mcpPosition":[11.2523,311.874,6.21864],"pipPosition":[5.73837,299.468,-26.0148],"stabilizedTipPosition":[-28.748,249.469,54.0633],"timeVisible":0.243939,"tipPosition":[-6.14508,275.472,-10.5238],"tipVelocity":[61.6461,50.7191,-171.144],"tool":false,"touchDistance":0.333333,"touchZone":"none","type":4,"width":15.8833}],"r":[[0.980964,-0.12701,0.146891],[0.128981,0.991639,-0.00392916],[-0.145164,0.0228005,0.989145]],"s":0.957755,"t":[27.8566,30.9118,-73.9542],"timestamp":15383293768},false],[6,{"currentFrameRate":109.051,"devices":[],"gestures":[],"hands":[{"armBasis":[[0.969746,0.14182,-0.198695],[-0.0679088,0.938532,0.338447],[0.23448,-0.314715,0.919768]],"armWidth":63.029,"confidence":0.628192,"direction":[-0.103733,0.717002,-0.689309],"elbow":[50.8398,182.625,298.834],"grabStrength":0,"id":361,"palmNormal":[0.0241126,-0.691031,-0.722422],"palmPosition":[-24.7184,301.331,13.694],"palmVelocity":[49.8929,51.575,-191.096],"palmWidth":90.0033,"pinchStrength":0.506592,"r":[[0.979962,-0.128091,0.152537],[0.129983,0.991513,-0.00245518],[-0.150928,0.0222331,0.988295]],"s":0.959704,"sphereCenter":[-27.1745,284.611,-32.731],"sphereRadius":48.0627,"stabilizedPalmPosition":[-44.6111,278.37,71.3476],"t":[28.2957,31.3811,-75.7115],"timeVisible":0.252966,"type":"right","wrist":[-11.7834,266.676,53.1899]}],"id":1173128,"interactionBox":{"center":[0,200,0],"size":[235.247,235.247,147.751]},"pointables":[{"bases":[[[0.3583,0.794831,0.48976],[-0.770517,-0.0444688,0.635866],[0.527185,-0.605199,0.596498]],[[0.149289,0.957228,0.247846],[-0.793819,-0.0334214,0.607235],[0.589545,-0.287398,0.754876]],[[0.149289,0.957228,0.247846],[-0.962152,0.0828365,0.259619],[0.227984,-0.277223,0.933365]],[[0.149289,0.957228,0.247846],[-0.987251,0.158295,-0.0166966],[-0.0552151,-0.242193,0.968656]]],"btipPosition":[-74.7335,283.432,-41.8363],"carpPosition":[-39.2132,254.285,49.3394],"dipPosition":[-76.0117,277.825,-19.4121],"direction":[-0.227984,0.277223,-0.933365],"extended":false,"handId":361,"id":3610,"length":51.5512,"mcpPosition":[-39.2132,254.285,49.3394],"pipPosition":[-68.3228,268.476,12.0664],"stabilizedTipPosition":[-94.6207,268.438,15.2853],"timeVisible":0.252966,"tipPosition":[-74.6975,282.874,-36.7096],"tipVelocity":[47.5477,55.8507,-208.045],"tool":false,"touchDistance":-0.253464,"touchZone":"hovering","type":0,"width":20.0304},{"bases":[[[0.96278,0.210646,-0.169358],[-0.0637802,0.785956,0.614984],[0.262652,-0.581293,0.770138]],[[0.974993,0.18053,-0.129602],[-0.0884228,0.850165,0.519038],[0.203885,-0.494599,0.844868]],[[0.974993,0.18053,-0.129602],[-0.114752,0.90839,0.40207],[0.190315,-0.377144,0.90639]],[[0.974993,0.18053,-0.129602],[-0.133703,0.942339,0.306791],[0.177514,-0.281791,0.942912]]],"btipPosition":[-68.1733,353.07,-73.972],"carpPosition":[-32.845,275.97,55.5821],"dipPosition":[-65.1732,348.307,-58.0364],"direction":[-0.190315,0.377144,-0.90639],"extended":true,"handId":361,"id":3611,"length":58.1698,"mcpPosition":[-51.9587,318.272,-0.462246],"pipPosition":[-60.6231,339.29,-36.3662],"stabilizedTipPosition":[-79.2812,337.805,-43.2928],"timeVisible":0.252966,"tipPosition":[-66.7794,350.97,-70.8811],"tipVelocity":[90.5343,83.5965,-200.038],"tool":false,"touchDistance":-0.298758,"touchZone":"hovering","type":1,"width":19.133},{"bases":[[[0.986086,-0.0069184,-0.166094],[0.105689,0.797301,0.594257],[0.128316,-0.603543,0.786938]],[[0.990903,-0.0343754,-0.130113],[-0.0197276,0.91928,-0.393111],[0.133123,0.392101,0.910239]],[[0.990903,-0.0343754,-0.130113],[-0.134522,-0.225311,-0.964955],[0.00385494,0.97368,-0.227885]],[[0.990903,-0.0343754,-0.130113],[-0.102374,-0.820104,-0.562982],[-0.0873533,0.571181,-0.816163]]],"btipPosition":[-35.1921,265.122,-21.9965],"carpPosition":[-21.5052,280.17,54.1283],"dipPosition":[-36.8159,275.739,-37.1675],"direction":[-0.00385494,-0.97368,0.227885],"extended":false,"handId":361,"id":3612,"length":66.2798,"mcpPosition":[-30.3604,321.822,-0.179385],"pipPosition":[-36.7074,303.127,-43.5775],"stabilizedTipPosition":[-57.6139,243.006,33.2994],"timeVisible":0.252966,"tipPosition":[-35.5857,267.378,-25.4053],"tipVelocity":[66.5665,52.4757,-187.078],"tool":false,"touchDistance":0.333333,"touchZone":"none","type":2,"width":18.7912},{"bases":[[[0.983429,-0.155743,-0.0928015],[0.179907,0.775123,0.605655],[-0.0223942,-0.612314,0.790297]],[[0.982876,-0.166597,-0.0787465],[0.115382,0.889604,-0.441918],[0.143675,0.425265,0.893592]],[[0.982876,-0.166597,-0.0787465],[-0.122117,-0.268855,-0.955408],[0.137997,0.948663,-0.284596]],[[0.982876,-0.166597,-0.0787465],[-0.182698,-0.825305,-0.534315],[0.0240255,0.539552,-0.841609]]],"btipPosition":[-18.7787,264.465,-13.0968],"carpPosition":[-9.59119,281.286,52.0105],"dipPosition":[-18.3347,274.436,-28.6509],"direction":[-0.137997,-0.948663,0.284596],"extended":false,"handId":361,"id":3613,"length":63.7298,"mcpPosition":[-8.20363,319.226,3.04311],"pipPosition":[-14.5534,300.431,-36.4493],"stabilizedTipPosition":[-42.2265,242,45.7821],"timeVisible":0.252966,"tipPosition":[-18.5736,266.831,-16.8309],"tipVelocity":[60.1906,51.733,-184.313],"tool":false,"touchDistance":0.333333,"touchZone":"none","type":3,"width":17.881},{"bases":[[[0.930892,-0.351483,-0.099497],[0.327986,0.684301,0.651273],[-0.160826,-0.638899,0.752292]],[[0.892881,-0.449712,0.0228562],[0.422963,0.820194,-0.385207],[0.154486,0.353611,0.922547]],[[0.892881,-0.449712,0.0228562],[-0.0795528,-0.207501,-0.974995],[0.443209,0.868736,-0.22105]],[[0.892881,-0.449712,0.0228562],[-0.351168,-0.727203,-0.589794],[0.281859,0.51859,-0.80723]]],"btipPosition":[-7.04415,274.223,-9.75053],"carpPosition":[2.51502,275.594,47.6253],"dipPosition":[-2.2385,283.064,-23.5137],"direction":[-0.443209,-0.868736,0.22105],"extended":false,"handId":361,"id":3614,"length":49.963,"mcpPosition":[11.7394,312.239,4.4765],"pipPosition":[6.33615,299.872,-27.7903],"stabilizedTipPosition":[-28.5935,249.651,53.6094],"timeVisible":0.252966,"tipPosition":[-5.75248,275.943,-12.3735],"