{"sensorType":"Leap","data":[[0,{"currentFrameRate":104.303,"devices":[],"gestures":[],"hands":[{"armBasis":[[0.922708,0.294349,-0.248934],[-0.164655,0.884803,0.435904],[0.348566,-0.361224,0.864881]],"armWidth":63.029,"confidence":0.817504,"direction":[0.06899,0.550308,-0.832107],"elbow":[48.3775,167.096,313.605],"grabStrength":0.446913,"id":360,"palmNormal":[0.173548,-0.827996,-0.533201],"palmPosition":[-47.6954,288.614,34.7432],"palmVelocity":[65.7257,207.807,-237.532],"palmWidth":90.0033,"pinchStrength":0.296073,"r":[[0.715307,0.24563,0.654219],[-0.369756,0.927435,0.0560714],[-0.592973,-0.28201,0.754224]],"s":1.31733,"sphereCenter":[-63.5548,267.745,-5.85089],"sphereRadius":48.9458,"stabilizedPalmPosition":[-56.9778,264.871,60.6448],"t":[9.55376,60.7662,-117.842],"timeVisible":13.7838,"type":"right","wrist":[-44.7147,263.569,82.619]}],"id":1170850,"interactionBox":{"center":[0,200,0],"size":[235.247,235.247,147.751]},"pointables":[{"bases":[[[0.253553,0.891273,0.375956],[-0.895172,0.0689096,0.440362],[0.366576,-0.4482,0.815315]],[[0.0588143,0.9976,-0.03655],[-0.889413,0.0689916,0.451868],[0.453305,0.00593172,0.891336]],[[0.0588143,0.9976,-0.03655],[-0.997537,0.0573296,-0.0404239],[-0.0382315,0.0388375,0.998514]],[[0.0588143,0.9976,-0.03655],[-0.966069,0.0661033,0.249683],[0.2515,0.0206249,0.967638]]],"btipPosition":[-97.7123,247.746,-24.6518],"carpPosition":[-70.797,249.826,75.4355],"dipPosition":[-91.8901,248.224,-2.25113],"direction":[0.0382315,-0.0388375,-0.998514],"extended":false,"handId":360,"id":3600,"length":51.5512,"mcpPosition":[-70.797,249.826,75.4355],"pipPosition":[-93.1795,249.533,31.4246],"stabilizedTipPosition":[-104.592,220.154,9.59522],"timeVisible":13.7838,"tipPosition":[-96.1251,247.356,-19.3662],"tipVelocity":[83.4307,186.701,-178.669],"tool":false,"touchDistance":-0.572965,"touchZone":"hovering","type":0,"width":20.0304},{"bases":[[[0.980043,0.198495,0.0107494],[-0.186008,0.896629,0.401818],[0.0701206,-0.395798,0.915657]],[[0.96755,0.238333,-0.0839297],[-0.157252,0.827952,0.5383],[0.197784,-0.507634,0.838564]],[[0.96755,0.238333,-0.0839297],[-0.245972,0.964414,-0.0969689],[0.0578321,0.114467,0.991742]],[[0.96755,0.238333,-0.0839297],[-0.238996,0.755373,-0.610158],[-0.0820227,0.610418,0.787821]]],"btipPosition":[-79.0903,309.847,-61.1368],"carpPosition":[-65.5859,272.524,78.1586],"dipPosition":[-80.4765,320.163,-47.8223],"direction":[-0.0578321,-0.114467,-0.991742],"extended":true,"handId":360,"id":3601,"length":58.1698,"mcpPosition":[-70.6887,301.327,11.5246],"pipPosition":[-79.0938,322.9,-24.1115],"stabilizedTipPosition":[-82.4151,308.563,-48.8],"timeVisible":13.7838,"tipPosition":[-78.8998,310.267,-57.1508],"tipVelocity":[103.859,125.553,-319.736],"tool":false,"touchDistance":-0.698402,"touchZone":"hovering","type":1,"width":19.133},{"bases":[[[0.99776,-0.0125849,0.0657005],[-0.0160575,0.908371,0.417856],[-0.0649391,-0.417975,0.906135]],[[0.997561,-0.0138392,0.0684195],[0.0576167,0.71659,-0.695111],[-0.039409,0.697357,0.715639]],[[0.997561,-0.0138392,0.0684195],[0.0624745,-0.260239,-0.963521],[0.0311398,0.965445,-0.258739]],[[0.997561,-0.0138392,0.0684195],[0.0388856,-0.703818,-0.709316],[0.0579712,0.710246,-0.701563]]],"btipPosition":[-49.7247,231.895,2.09604],"carpPosition":[-54.1317,276.656,78.4311],"dipPosition":[-48.6471,245.097,-10.9448],"direction":[-0.0311398,-0.965445,0.258739],"extended":false,"handId":360,"id":3602,"length":66.2798,"mcpPosition":[-49.6501,305.501,15.8975],"pipPosition":[-47.7712,272.253,-18.2226],"stabilizedTipPosition":[-54.0144,223.769,10.8928],"timeVisible":13.7838,"tipPosition":[-49.431,235.018,-1.4979],"tipVelocity":[21.107,136.028,-138.928],"tool":false,"touchDistance":0.333333,"touchZone":"none","type":2,"width":18.7912},{"bases":[[[0.975681,-0.142397,0.166642],[0.053207,0.891364,0.450155],[-0.212639,-0.430341,0.877264]],[[0.979896,-0.133407,0.148343],[0.19942,0.676974,-0.708476],[-0.00590831,0.723815,0.689969]],[[0.979896,-0.133407,0.148343],[0.102068,-0.303648,-0.947301],[0.171421,0.943398,-0.283927]],[[0.979896,-0.133407,0.148343],[0.0075432,-0.71824,-0.695754],[0.199364,0.682886,-0.702795]]],"btipPosition":[-36.9735,233.856,14.782],"carpPosition":[-42.0281,277.652,78.8624],"dipPosition":[-33.289,246.477,1.79334],"direction":[-0.171421,-0.943398,0.283927],"extended":false,"handId":360,"id":3603,"length":63.7298,"mcpPosition":[-28.8529,304.316,24.5065],"pipPosition":[-28.5917,272.327,-5.98673],"stabilizedTipPosition":[-40.0487,225.466,23.3971],"timeVisible":13.7838,"tipPosition":[-36.0305,236.768,11.4605],"tipVelocity":[22.0849,155.051,-161.504],"tool":false,"touchDistance":0.333333,"touchZone":"none","type":3,"width":17.881},{"bases":[[[0.92222,-0.336556,0.190371],[0.185317,0.81682,0.546317],[-0.339365,-0.468546,0.815657]],[[0.827361,-0.429661,0.361752],[0.561586,0.621665,-0.546034],[0.0097205,0.654923,0.755633]],[[0.827361,-0.429661,0.361752],[0.263648,-0.271615,-0.925589],[0.495947,0.861172,-0.111445]],[[0.827361,-0.429661,0.361752],[-0.00935279,-0.654515,-0.755991],[0.561592,0.622094,-0.545539]]],"btipPosition":[-29.402,248.222,16.8855],"carpPosition":[-29.3568,271.522,78.64],"dipPosition":[-19.8269,258.829,7.58412],"direction":[-0.495947,-0.861172,0.111445],"extended":false,"handId":360,"id":3604,"length":49.963,"mcpPosition":[-9.89203,298.396,31.8569],"pipPosition":[-10.232,275.49,5.42803],"stabilizedTipPosition":[-32.035,238.285,27.7041],"timeVisible":13.7838,"tipPosition":[-26.9506,250.673,14.1901],"tipVelocity":[34.5222,144.461,-160.32],"tool":false,"touchDistance":0.333333,"touchZone":"none","type":4,"width":15.8833}],"r":[[0.715307,0.24563,0.654219],[-0.369756,0.927435,0.0560714],[-0.592973,-0.28201,0.754224]],"s":1.31733,"t":[9.55376,60.7662,-117.842],"timestamp":15362369783},false],[1,{"currentFrameRate":104.502,"devices":[],"gestures":[],"hands":[{"armBasis":[[0.923464,0.298014,-0.241664],[-0.171917,0.884472,0.433768],[0.343014,-0.359023,0.868011]],"armWidth":63.029,"confidence":0.827464,"direction":[0.0648387,0.560326,-0.82573],"elbow":[47.4199,167.955,312.971],"grabStrength":0.426716,"id":360,"palmNormal":[0.181557,-0.820285,-0.542374],"palmPosition":[-47.3491,289.399,33.5574],"palmVelocity":[57.8755,173.564,-207.161],"palmWidth":90.0033,"pinchStrength":0.302354,"r":[[0.71469,0.248088,0.653965],[-0.365403,0.92968,0.0466506],[-0.596405,-0.272302,0.755085]],"s":1.31818,"sphereCenter":[-62.9313,268.812,-7.33507],"sphereRadius":48.972,"stabilizedPalmPosition":[-56.0315,267.281,57.9827],"t":[9.95225,62.0196,-119.557],"timeVisible":13.793,"type":"right","wrist":[-44.1896,263.84,81.1491]}],"id":1170851,"interactionBox":{"center":[0,200,0],"size":[235.247,235.247,147.751]},"pointables":[{"bases":[[[0.245111,0.889198,0.386326],[-0.896196,0.0558169,0.440134],[0.369803,-0.454105,0.810577]],[[0.0505268,0.998441,-0.0237381],[-0.89022,0.055799,0.452101],[0.45272,-0.00171108,0.891651]],[[0.0505268,0.998441,-0.0237381],[-0.997788,0.0494369,-0.0444533],[-0.0432104,0.0259316,0.998729]],[[0.0505268,0.998441,-0.0237381],[-0.967881,0.0548138,0.24536],[0.246279,0.0105784,0.969141]]],"btipPosition":[-96.7371,248.91,-26.3634],"carpPosition":[-70.1395,249.945,73.7814],"dipPosition":[-91.0358,249.155,-3.928],"direction":[0.0432104,-0.0259316,-0.998729],"extended":false,"handId":360,"id":3600,"length":51.5512,"mcpPosition":[-70.1395,249.945,73.7814],"pipPosition":[-92.4931,250.029,29.755],"stabilizedTipPosition":[-103.589,223.308,6.22378],"timeVisible":13.793,"tipPosition":[-95.2575,248.453,-21.0811],"tipVelocity":[88.9068,168.241,-180.507],"tool":false,"touchDistance":-0.569557,"touchZone":"hovering","type":0,"width":20.0304},{"bases":[[[0.978197,0.207201,0.0140764],[-0.194506,0.89029,0.411765],[0.0727861,-0.405525,0.911181]],[[0.965456,0.24796,-0.0800681],[-0.165516,0.820927,0.546519],[0.201245,-0.514388,0.83361]],[[0.965456,0.24796,-0.0800681],[-0.253913,0.964283,-0.0754085],[0.05851,0.0931339,0.993933]],[[0.965456,0.24796,-0.0800681],[-0.246951,0.772704,-0.584759],[-0.083128,0.584332,0.807246]]],"btipPosition":[-78.9795,311.925,-62.3721],"carpPosition":[-65.1365,272.656,76.7677],"dipPosition":[-80.3844,321.8,-48.7294],"direction":[-0.05851,-0.0931339,-0.993933],"extended":true,"handId":360,"id":3601,"length":58.1698,"mcpPosition":[-70.4333,302.167,10.4594],"pipPosition":[-78.9855,324.027,-24.9661],"stabilizedTipPosition":[-81.9461,309.412,-50.3723],"timeVisible":13.793,"tipPosition":[-78.787,312.289,-58.3337],"tipVelocity":[78.0529,150.538,-265.585],"tool":false,"touchDistance":-0.674292,"touchZone":"hovering","type":1,"width":19.133},{"bases":[[[0.997767,-0.00432072,0.0666474],[-0.0246851,0.903384,0.428122],[-0.062058,-0.428811,0.90126]],[[0.997555,-0.00574648,0.0696437],[0.0518724,0.728688,-0.682879],[-0.0468244,0.684822,0.727204]],[[0.997555,-0.00574648,0.0696437],[0.0661382,-0.244125,-0.967486],[0.0225614,0.969727,-0.243148]],[[0.997555,-0.00574648,0.0696437],[0.0462149,-0.693292,-0.719173],[0.0524162,0.720634,-0.691332]]],"btipPosition":[-48.8141,233.158,-0.0791065],"carpPosition":[-53.7204,276.888,77.0997],"dipPosition":[-47.8398,246.554,-12.9297],"direction":[-0.0225614,-0.969727,0.243148],"extended":false,"handId":360,"id":3602,"length":66.2798,"mcpPosition":[-49.4377,306.481,14.9024],"pipPosition":[-47.2052,273.83,-19.769],"stabilizedTipPosition":[-53.2789,225.46,9.00439],"timeVisible":13.793,"tipPosition":[-48.5553,236.281,-3.45131],"tipVelocity":[42.1699,137.768,-164.887],"tool":false,"touchDistance":0.333333,"touchZone":"none","type":2,"width":18.7912},{"bases":[[[0.976763,-0.135465,0.166084],[0.0446983,0.886637,0.460301],[-0.209611,-0.442181,0.872089]],[[0.980807,-0.126483,0.14839],[0.194501,0.688058,-0.699103],[-0.0136763,0.714548,0.699453]],[[0.980807,-0.126483,0.14839],[0.106397,-0.29057,-0.95092],[0.163393,0.948457,-0.271535]],[[0.980807,-0.126483,0.14839],[0.0150442,-0.70969,-0.704354],[0.1944,0.693067,-0.694166]]],"btipPosition":[-36.1047,235.009,12.8775],"carpPosition":[-41.6268,277.988,77.5555],"dipPosition":[-32.5119,247.817,0.0483759],"direction":[-0.163393,-0.948457,0.271535],"extended":false,"handId":360,"id":3603,"length":63.7298,"mcpPosition":[-28.6391,305.386,23.5203],"pipPosition":[-28.0347,273.807,-7.39212],"stabilizedTipPosition":[-39.4372,227.067,21.6703],"timeVisible":13.793,"tipPosition":[-35.1909,237.954,9.65122],"tipVelocity":[41.6847,148.055,-173.132],"tool":false,"touchDistance":0.333333,"touchZone":"none","type":3,"width":17.881},{"bases":[[[0.925035,-0.330356,0.187549],[0.177381,0.812201,0.555756],[-0.335925,-0.480827,0.809914]],[[0.830688,-0.426379,0.357993],[0.556736,0.634296,-0.536389],[0.00163089,0.644879,0.764283]],[[0.830688,-0.426379,0.357993],[0.267864,-0.257616,-0.928377],[0.488065,0.867084,-0.0997868]],[[0.830688,-0.426379,0.357993],[-0.00250443,-0.645874,-0.76344],[0.556733,0.633284,-0.537587]]],"btipPosition":[-28.6246,249.427,15.1888],"carpPosition":[-28.9003,271.976,77.2775],"dipPosition":[-19.1323,260.224,6.02296],"direction":[-0.488065,-0.867084,0.0997868],"extended":false,"handId":360,"id":3604,"length":49.963,"mcpPosition":[-9.63285,299.555,30.8238],"pipPosition":[-9.68989,276.999,4.09241],"stabilizedTipPosition":[-31.3779,239.886,25.9863],"timeVisible":13.793,"tipPosition":[-26.2221,251.911,12.5793],"tipVelocity":[47.9289,142.015,-166.131],"tool":false,"touchDistance":0.333333,"touchZone":"none","type":4,"width":15.8833}],"r":[[0.71469,0.248088,0.653965],[-0.365403,0.92968,0.0466506],[-0.596405,-0.272302,0.755085]],"s":1.31818,"t":[9.95225,62.0196,-119.557],"timestamp":15362378980},false],[2,{"currentFrameRate":104.91,"devices":[],"gestures":[],"hands":[{"armBasis":[[0.924162,0.300628,-0.235687],[-0.177451,0.88422,0.432048],[0.338285,-0.35746,0.870509]],"armWidth":63.029,"confidence":0.840821,"direction":[0.0610924,0.574122,-0.816487],"elbow":[46.6946,168.586,312.399],"grabStrength":0.392831,"id":360,"palmNormal":[0.188214,-0.809967,-0.555454],"palmPosition":[-46.9753,290.356,32.7363],"palmVelocity":[53.7782,156.244,-176.661],"palmWidth":90.0033,"pinchStrength":0.305361,"r":[[0.713708,0.249034,0.654678],[-0.363337,0.930708,0.0420643],[-0.598838,-0.267891,0.754737]],"s":1.32029,"sphereCenter":[-62.5112,270.367,-8.54962],"sphereRadius":49.1043,"stabilizedPalmPosition":[-55.2149,269.362,55.7063],"t":[10.3384,63.1248,-120.825],"timeVisible":13.8017,"type":"right","wrist":[-43.6518,264.054,79.9099]}],"id":1170852,"interactionBox":{"center":[0,200,0],"size":[235.247,235.247,147.751]},"pointables":[{"bases":[[[0.238018,0.884669,0.400884],[-0.896894,0.0418028,0.440265],[0.372731,-0.464341,0.803404]],[[0.0428983,0.999052,-0.00746802],[-0.890768,0.0416315,0.452548],[0.45243,-0.0127613,0.891709]],[[0.0428983,0.999052,-0.00746802],[-0.998069,0.0425177,-0.0452729],[-0.0449124,0.00939573,0.998947]],[[0.0428983,0.999052,-0.00746802],[-0.968605,0.0434207,0.244782],[0.244874,-0.00326717,0.969549]]],"btipPosition":[-95.9826,250.47,-27.8673],"carpPosition":[-69.4892,250.081,72.2972],"dipPosition":[-90.3138,250.394,-5.42238],"direction":[0.0449124,-0.00939573,-0.998947],"extended":false,"handId":360,"id":3600,"length":51.5512,"mcpPosition":[-69.4892,250.081,72.2972],"pipPosition":[-91.8285,250.711,28.268],"stabilizedTipPosition":[-102.656,226.15,3.19461],"timeVisible":13.8017,"tipPosition":[-94.5206,249.95,-22.596],"tipVelocity":[87.9026,168.57,-178.009],"tool":false,"touchDistance":-0.563459,"touchZone":"hovering","type":0,"width":20.0304},{"bases":[[[0.976568,0.214437,0.0182143],[-0.201612,0.88198,0.425986],[0.0752824,-0.419677,0.904546]],[[0.963711,0.256317,-0.0745822],[-0.171924,0.809679,0.561126],[0.204214,-0.527941,0.824364]],[[0.963711,0.256317,-0.0745822],[-0.259589,0.964973,-0.037944],[0.0622441,0.0559278,0.996493]],[[0.963711,0.256317,-0.0745822],[-0.255098,0.80194,-0.540201],[-0.0786522,0.539623,0.838225]]],"btipPosition":[-78.9785,315.298,-63.1935],"carpPosition":[-64.6628,272.779,75.6552],"dipPosition":[-80.3077,324.418,-49.0273],"direction":[-0.0622441,-0.0559278,-0.996493],"extended":true,"handId":360,"id":3601,"length":58.1698,"mcpPosition":[-70.1412,303.319,9.82977],"pipPosition":[-78.8196,325.755,-25.2028],"stabilizedTipPosition":[-81.5658,310.552,-51.7386],"timeVisible":13.8017,"tipPosition":[-78.7537,315.435,-59.0672],"tipVelocity":[57.6493,208.096,-215.711],"tool":false,"touchDistance":-0.645712,"touchZone":"hovering","type":1,"width":19.133},{"bases":[[[0.997726,0.0022461,0.0673654],[-0.0319072,0.896108,0.442689],[-0.0593723,-0.443831,0.894141]],[[0.997505,0.000643092,0.0705943],[0.0467896,0.742772,-0.667908],[-0.052865,0.669545,0.740888]],[[0.997505,0.000643092,0.0705943],[0.0689382,-0.224382,-0.97206],[0.015215,0.974501,-0.223866]],[[0.997505,0.000643092,0.0705943],[0.0522279,-0.67952,-0.731796],[0.0474996,0.733657,-0.677858]]],"btipPosition":[-47.9727,234.751,-2.06783],"carpPosition":[-53.2797,277.092,76.0649],"dipPosition":[-47.0898,248.388,-14.668],"direction":[-0.015215,-0.974501,0.223866],"extended":false,"handId":360,"id":3602,"length":66.2798,"mcpPosition":[-49.1823,307.721,14.3589],"pipPosition":[-46.6618,275.799,-20.9649],"stabilizedTipPosition":[-52.6222,226.941,7.33918],"timeVisible":13.8017,"tipPosition":[-47.7424,237.899,-5.25596],"tipVelocity":[55.9678,151.24,-179.738],"tool":false,"touchDistance":0.333333,"touchZone":"none","type":2,"width":18.7912},{"bases":[[[0.977661,-0.130651,0.164647],[0.037581,0.879373,0.474648],[-0.206799,-0.457858,0.864639]],[[0.981601,-0.12147,0.147327],[0.189917,0.701068,-0.687339],[-0.0197946,0.702672,0.711238]],[[0.981601,-0.12147,0.147327],[0.109476,-0.27414,-0.955438],[0.156446,0.953988,-0.255798]],[[0.981601,-0.12147,0.147327],[0.021027,-0.698107,-0.715685],[0.189784,0.705615,-0.682708]]],"btipPosition":[-35.3013,236.41,11.1679],"carpPosition":[-41.1952,278.277,76.5482],"dipPosition":[-31.7938,249.451,-1.44946],"direction":[-0.156446,-0.953988,0.255798],"extended":false,"handId":360,"id":3603,"length":63.7298,"mcpPosition":[-28.3818,306.647,22.9745],"pipPosition":[-27.507,275.592,-8.45873],"stabilizedTipPosition":[-38.8755,228.47,20.1469],"timeVisible":13.8017,"tipPosition":[-34.4087,239.408,8.0041],"tipVelocity":[54.4926,152.849,-177.492],"tool":false,"touchDistance":0.333333,"touchZone":"none","type":3,"width":17.881},{"bases":[[[0.927417,-0.326254,0.182909],[0.170767,0.804418,0.56899],[-0.332771,-0.496456,0.801745]],[[0.833995,-0.425511,0.351273],[0.551766,0.646095,-0.527366],[-0.00255545,0.633641,0.773623]],[[0.833995,-0.425511,0.351273],[0.267921,-0.244246,-0.931967],[0.482359,0.871369,-0.0896962]],[[0.833995,-0.425511,0.351273],[-0.0000256335,-0.636656,-0.771148],[0.551772,0.643124,-0.530979]]],"btipPosition":[-27.9866,250.858,13.9281],"carpPosition":[-28.4228,272.368,76.1829],"dipPosition":[-18.5789,261.823,4.87496],"direction":[-0.482359,-0.871369,0.0896962],"extended":false,"handId":360,"id":3604,"length":49.963,"mcpPosition":[-9.33623,300.843,30.1977],"pipPosition":[-9.24685,278.681,3.13963],"stabilizedTipPosition":[-30.7822,241.333,24.4699],"timeVisible":13.8017,"tipPosition":[-25.5932,253.387,11.3081],"tipVelocity":[53.9982,148.874,-159.32],"tool":false,"touchDistance":0.333333,"touchZone":"none","type":4,"width":15.8833}],"r":[[0.713708,0.249034,0.654678],[-0.363337,0.930708,0.0420643],[-0.598838,-0.267891,0.754737]],"s":1.32029,"t":[10.3384,63.1248,-120.825],"timestamp":15362387751},false],[3,{"currentFrameRate":105.102,"devices":[],"gestures":[],"hands":[{"armBasis":[[0.924628,0.303626,-0.229942],[-0.182739,0.883359,0.431606],[0.334168,-0.357055,0.872263]],"armWidth":63.029,"confidence":0.854479,"direction":[0.0580193,0.59006,-0.805272],"elbow":[46.0187,168.963,311.69],"grabStrength":0.340186,"id":360,"palmNormal":[0.194808,-0.797816,-0.57056],"palmPosition":[-46.6795,291.498,32.0657],"palmVelocity":[47.7926,147.458,-147.836],"palmWidth":90.0033,"pinchStrength":0.307176,"r":[[0.712365,0.248322,0.656409],[-0.363038,0.930834,0.0418481],[-0.600616,-0.268112,0.753244]],"s":1.32462,"sphereCenter":[-62.4938,272.389,-9.67017],"sphereRadius":49.4026,"stabilizedPalmPosition":[-54.4181,271.428,53.4994],"t":[10.6794,64.2484,-121.794],"timeVisible":13.8109,"type":"right","wrist":[-43.2283,264.323,78.7327]}],"id":1170853,"interactionBox":{"center":[0,200,0],"size":[235.247,235.247,147.751]},"pointables":[{"bases":[[[0.231076,0.878533,0.418071],[-0.897757,0.0269055,0.439669],[0.375015,-0.476923,0.794926]],[[0.0355803,0.999301,0.011499],[-0.891516,0.0265389,0.452212],[0.451591,-0.0263414,0.891836]],[[0.0355803,0.999301,0.011499],[-0.998266,0.0360786,-0.0465087],[-0.0468911,-0.0098243,0.998852]],[[0.0355803,0.999301,0.011499],[-0.969321,0.0317081,0.243743],[0.243207,-0.0198187,0.969772]]],"btipPosition":[-95.3005,252.403,-29.3563],"carpPosition":[-68.9538,250.312,70.8165],"dipPosition":[-89.6703,251.944,-6.90622],"direction":[0.0468911,0.0098243,-0.998852],"extended":false,"handId":360,"id":3600,"length":51.5512,"mcpPosition":[-68.9538,250.312,70.8165],"pipPosition":[-91.2517,251.613,26.7809],"stabilizedTipPosition":[-101.693,229.062,0.145181],"timeVisible":13.8109,"tipPosition":[-93.8529,251.815,-24.0974],"tipVelocity":[83.8941,177.745,-173.676],"tool":false,"touchDistance":-0.557764,"touchZone":"hovering","type":0,"width":20.0304},{"bases":[[[0.974965,0.221085,0.0237416],[-0.208555,0.872194,0.442473],[0.0771172,-0.436348,0.896467]],[[0.962117,0.2642,-0.0673014],[-0.177014,0.793085,0.582823],[0.207358,-0.54883,0.809807]],[[0.962117,0.2642,-0.0673014],[-0.26347,0.964467,0.0196719],[0.0701073,-0.00119477,0.997539]],[[0.962117,0.2642,-0.0673014],[-0.264232,0.842772,-0.468953],[-0.0671779,0.468971,0.880655]]],"btipPosition":[-79.261,320.156,-63.7695],"carpPosition":[-64.2962,272.976,74.6149],"dipPosition":[-80.3963,328.082,-48.8861],"direction":[-0.0701073,0.00119477,-0.997539],"extended":true,"handId":360,"id":3601,"length":58.1698,"mcpPosition":[-69.9082,304.73,9.37732],"pipPosition":[-78.7202,328.053,-25.0367],"stabilizedTipPosition":[-81.2143,312.518,-53.219],"timeVisible":13.8109,"tipPosition":[-78.9432,319.829,-59.5432],"tipVelocity":[34.3455,289.571,-168.107],"tool":false,"touchDistance":-0.615639,"touchZone":"hovering","type":1,"width":19.133},{"bases":[[[0.997593,0.00815178,0.0688582],[-0.0389798,0.887223,0.459691],[-0.0573453,-0.461269,0.885405]],[[0.997371,0.00642386,0.0721744],[0.0422884,0.757231,-0.651777],[-0.0588396,0.653115,0.754969]],[[0.997371,0.00642386,0.0721744],[0.0719707,-0.203342,-0.976459],[0.00840346,0.979087,-0.20327]],[[0.997371,0.00642386,0.0721744],[0.0582127,-0.664157,-0.745324],[0.0431472,0.747566,-0.662785]]],"btipPosition":[-47.2208,236.621,-3.93709],"carpPosition":[-52.9452,277.363,75.1236],"dipPosition":[-46.4188,250.517,-16.2571],"direction":[-0.00840346,-0.979087,0.20327],"extended":false,"handId":360,"id":3602,"length":66.2798,"mcpPosition":[-48.9878,309.196,14.0205],"pipPosition":[-46.1824,278.057,-21.9747],"stabilizedTipPosition":[-51.9629,228.461,5.67379],"timeVisible":13.8109,"tipPosition":[-47.0132,239.811,-6.99142],"tipVelocity":[62.6846,167.802,-184.569],"tool":false,"touchDistance":0.333333,"touchZone":"none","type":2,"width":18.7912},{"bases":[[[0.978362,-0.126723,0.163552],[0.0305852,0.870382,0.491427],[-0.204627,-0.475791,0.855424]],[[0.982228,-0.11726,0.146552],[0.185895,0.715504,-0.673422],[-0.025893,0.688697,0.724586]],[[0.982228,-0.11726,0.146552],[0.112812,-0.255202,-0.960284],[0.150004,0.959751,-0.237438]],[[0.982228,-0.11726,0.146552],[0.0270112,-0.684379,-0.728626],[0.185736,0.719636,-0.669049]]],"btipPosition":[-34.5901,238.071,9.49243],"carpPosition":[-40.8703,278.626,75.6472],"dipPosition":[-31.1574,251.37,-2.87253],"direction":[-0.150004,-0.959751,0.237438],"extended":false,"handId":360,"id":3603,"length":63.7298,"mcpPosition":[-28.1914,308.106,22.6444],"pipPosition":[-27.0471,277.669,-9.37872],"stabilizedTipPosition":[-38.3029,229.898,18.624],"timeVisible":13.8109,"tipPosition":[-33.7145,241.13,6.38892],"tipVelocity":[60.4238,162.583,-177.247],"tool":false,"touchDistance":0.333333,"touchZone":"none","type":3,"width":17.881},{"bases":[[[0.929511,-0.322997,0.177997],[0.164185,0.794599,0.584514],[-0.330233,-0.514087,0.791619]],[[0.836538,-0.426167,0.344364],[0.547844,0.66034,-0.513632],[-0.00850394,0.61833,0.785872]],[[0.836538,-0.426167,0.344364],[0.271017,-0.22439,-0.936055],[0.476188,0.876374,-0.0722119]],[[0.836538,-0.426167,0.344364],[0.00546432,-0.621984,-0.783011],[0.547882,0.656899,-0.517985]]],"btipPosition":[-27.3706,252.521,12.5254],"carpPosition":[-28.055,272.817,75.1877],"dipPosition":[-18.0292,263.721,3.69385],"direction":[-0.476188,-0.876374,0.0722119],"extended":false,"handId":360,"id":3604,"length":49.963,"mcpPosition":[-9.114,302.303,29.7833],"pipPosition":[-8.81657,280.676,2.29679],"stabilizedTipPosition":[-30.1692,242.85,22.9291],"timeVisible":13.8109,"tipPosition":[-25.0003,255.11,9.97107],"tipVelocity":[57.2308,159.656,-156.053],"tool":false,"touchDistance":0.333333,"touchZone":"none","type":4,"width":15.8833}],"r":[[0.712365,0.248322,0.656409],[-0.363038,0.930834,0.0418481],[-0.600616,-0.268112,0.753244]],"s":1.32462,"t":[10.6794,64.2484,-121.794],"timestamp":15362396909},false],[4,{"currentFrameRate":105.401,"devices":[],"gestures":[],"hands":[{"armBasis":[[0.925329,0.303733,-0.226965],[-0.18536,0.884551,0.428032],[0.33077,-0.354,0.8748]],"armWidth":63.029,"confidence":0.866965,"direction":[0.0532203,0.604632,-0.794725],"elbow":[45.6135,170.262,311.102],"grabStrength":0.277848,"id":360,"palmNormal":[0.198616,-0.786361,-0.584969],"palmPosition":[-46.4134,292.786,31.2972],"palmVelocity":[42.8832,146.58,-130.98],"palmWidth":90.0033,"pinchStrength":0.309044,"r":[[0.711191,0.246259,0.658455],[-0.363899,0.930346,0.0450999],[-0.601485,-0.271686,0.751267]],"s":1.33093,"sphereCenter":[-62.7034,274.576,-10.7924],"sphereRadius":49.738,"stabilizedPalmPosition":[-53.6702,273.424,51.4249],"t":[10.9829,65.4543,-122.663],"timeVisible":13.8198,"type":"right","wrist":[-42.7259,264.806,77.4677]}],"id":1170854,"interactionBox":{"center":[0,200,0],"size":[235.247,235.247,147.751]},"pointables":[{"bases":[[[0.226536,0.872315,0.433299],[-0.89719,0.0137274,0.441431],[0.379118,-0.488752,0.785742]],[[0.0291596,0.999177,0.0281939],[-0.890521,0.0131569,0.454751],[0.454006,-0.0383677,0.890172]],[[0.0291596,0.999177,0.0281939],[-0.998498,0.0304254,-0.0455584],[-0.0463787,-0.0268231,0.998564]],[[0.0291596,0.999177,0.0281939],[-0.969829,0.0214509,0.242841],[0.242037,-0.0344244,0.969656]]],"btipPosition":[-94.8366,254.382,-30.7361],"carpPosition":[-68.3806,250.785,69.342],"dipPosition":[-89.2335,253.585,-8.28879],"direction":[0.0463787,0.0268231,-0.998564],"extended":false,"handId":360,"id":3600,"length":51.5512,"mcpPosition":[-68.3806,250.785,69.342],"pipPosition":[-90.7977,252.68,25.3886],"stabilizedTipPosition":[-100.774,231.897,-2.75546],"timeVisible":13.8198,"tipPosition":[-93.4182,253.78,-25.492],"tipVelocity":[74.9852,187.31,-168.465],"tool":false,"touchDistance":-0.551029,"touchZone":"hovering","type":0,"width":20.0304},{"bases":[[[0.973674,0.226433,0.0262051],[-0.21301,0.862923,0.458247],[0.0811492,-0.451765,0.888438]],[[0.960782,0.270227,-0.0622562],[-0.179368,0.776809,0.603651],[0.211484,-0.56881,0.794814]],[[0.960782,0.270227,-0.0622562],[-0.264865,0.960743,0.0825812],[0.0821278,-0.0628531,0.994638]],[[0.960782,0.270227,-0.0622562],[-0.272917,0.881657,-0.384965],[-0.0491393,0.386858,0.920829]]],"btipPosition":[-79.8771,325.418,-64.2362],"carpPosition":[-63.8513,273.405,73.5363],"dipPosition":[-80.7076,331.956,-48.6739],"direction":[-0.0821278,0.0628531,-0.994638],"extended":true,"handId":360,"id":3601,"length":58.1698,"mcpPosition":[-69.7567,306.281,8.88307],"pipPosition":[-78.744,330.454,-24.8938],"stabilizedTipPosition":[-80.9801,315.461,-54.7385],"timeVisible":13.8198,"tipPosition":[-79.4572,324.59,-59.9326],"tipVelocity":[8.29903,361.561,-131.734],"tool":false,"touchDistance":-0.587067,"touchZone":"hovering","type":1,"width":19.133},{"bases":[[[0.997637,0.0128684,0.0674889],[-0.0434989,0.878653,0.475475],[-0.0531808,-0.477287,0.877137]],[[0.997429,0.0110624,0.0708073],[0.0367759,0.769002,-0.638187],[-0.0615109,0.63915,0.766618]],[[0.997429,0.0110624,0.0708073],[0.0716296,-0.185496,-0.980031],[0.00229295,0.982583,-0.185811]],[[0.997429,0.0110624,0.0708073],[0.0609593,-0.650472,-0.75708],[0.037683,0.75945,-0.649474]]],"btipPosition":[-46.6879,238.56,-5.67801],"carpPosition":[-52.5257,277.85,74.106],"dipPosition":[-45.9875,252.677,-17.7506],"direction":[-0.00229295,-0.982583,0.185811],"extended":false,"handId":360,"id":3602,"length":66.2798,"mcpPosition":[-48.8557,310.788,13.5735],"pipPosition":[-45.923,280.315,-22.9771],"stabilizedTipPosition":[-51.3478,229.971,4.07519],"timeVisible":13.8198,"tipPosition":[-46.5041,241.803,-8.67222],"tipVelocity":[61.1485,182.806,-185.657],"tool":false,"touchDistance":0.333333,"touchZone":"none","type":2,"width":18.7912},{"bases":[[[0.979359,-0.123782,0.159795],[0.0262158,0.861665,0.5068],[-0.200422,-0.49215,0.847124]],[[0.983088,-0.114142,0.143212],[0.180835,0.728561,-0.660679],[-0.0289275,0.675404,0.736881]],[[0.983088,-0.114142,0.143212],[0.11286,-0.238252,-0.964623],[0.144225,0.964473,-0.221341]],[[0.983088,-0.114142,0.143212],[0.0297282,-0.67217,-0.7398],[0.180706,0.731546,-0.657409]]],"btipPosition":[-34.0526,239.872,7.79374],"carpPosition":[-40.4577,279.175,74.6338],"dipPosition":[-30.7129,253.392,-4.35609],"direction":[-0.144225,-0.964473,0.221341],"extended":false,"handId":360,"id":3603,"length":63.7298,"mcpPosition":[-28.0394,309.669,22.1453],"pipPosition":[-26.7609,279.82,-10.4212],"stabilizedTipPosition":[-37.7621,231.308,17.1558],"timeVisible":13.8198,"tipPosition":[-33.1984,242.977,4.73468],"tipVelocity":[59.7053,174.792,-179.27],"tool":false,"touchDistance":0.333333,"touchZone":"none","type":3,"width":17.881},{"bases":[[[0.931695,-0.32057,0.170817],[0.160412,0.785034,0.598322],[-0.325901,-0.530053,0.782836]],[[0.83953,-0.427301,0.335564],[0.543216,0.67184,-0.503535],[-0.0102845,0.605016,0.796147]],[[0.83953,-0.427301,0.335564],[0.269562,-0.20866,-0.940105],[0.471727,0.879701,-0.0599922]],[[0.83953,-0.427301,0.335564],[0.00611163,-0.610159,-0.792255],[0.543279,0.667173,-0.509635]]],"btipPosition":[-26.9459,254.298,11.155],"carpPosition":[-27.6089,273.452,74.0516],"dipPosition":[-17.683,265.674,2.46575],"direction":[-0.471727,-0.879701,0.0599922],"extended":false,"handId":360,"id":3604,"length":49.963,"mcpPosition":[-8.91635,303.854,29.1509],"pipPosition":[-8.55665,282.693,1.3051],"stabilizedTipPosition":[-29.5853,244.384,21.4271],"timeVisible":13.8198,"tipPosition":[-24.5891,256.933,8.61678],"tipVelocity":[54.0397,171.607,-154.343],"tool":false,"touchDistance":0.333333,"touchZone":"none","type":4,"width":15.8833}],"r":[[0.711191,0.246259,0.658455],[-0.363899,0.930346,0.0450999],[-0.601485,-0.271686,0.751267]],"s":1.33093,"t":[10.9829,65.4543,-122.663],"timestamp":15362405840},false],[5,{"currentFrameRate":105.574,"devices":[],"gestures":[],"hands":[{"armBasis":[[0.926445,0.303534,-0.222635],[-0.186876,0.884273,0.427948],[0.326767,-0.354865,0.875953]],"armWidth":63.029,"confidence":0.877936,"direction":[0.049444,0.608748,-0.791821],"elbow":[45.0577,171.92,310.077],"grabStrength":0.230401,"id":360,"palmNormal":[0.19993,-0.782777,-0.589311],"palmPosition":[-46.0958,294.891,30.1119],"palmVelocity":[40.6047,169.816,-130.572],"palmWidth":90.0033,"pinchStrength":0.310434,"r":[[0.71038,0.244419,0.660015],[-0.365191,0.929653,0.048785],[-0.601661,-0.275687,0.749667]],"s":1.33781,"sphereCenter":[-62.8049,277.037,-12.0544],"sphereRadius":49.9835,"stabilizedPalmPosition":[-52.7992,275.893,48.9741],"t":[11.2935,67.1098,-123.69],"timeVisible":13.829,"type":"right","wrist":[-42.2127,266.694,76.1343]}],"id":1170855,"interactionBox":{"center":[0,200,0],"size":[235.247,235.247,147.751]},"pointables":[{"bases":[[[0.224596,0.870902,0.437134],[-0.896248,0.00854037,0.44347],[0.382486,-0.491383,0.782462]],[[0.025659,0.999139,0.0326151],[-0.889122,0.00789609,0.457601],[0.45695,-0.0407405,0.888559]],[[0.025659,0.999139,0.0326151],[-0.998673,0.0270773,-0.043813],[-0.0446584,-0.0314477,0.998507]],[[0.025659,0.999139,0.0326151],[-0.970395,0.0170564,0.240922],[0.240158,-0.0378314,0.969996]]],"btipPosition":[-94.4546,256.577,-32.0089],"carpPosition":[-67.8386,252.629,67.9956],"dipPosition":[-88.895,255.701,-9.5537],"direction":[0.0446584,0.0314477,-0.998507],"extended":false,"handId":360,"id":3600,"length":51.5512,"mcpPosition":[-67.8386,252.629,67.9956],"pipPosition":[-90.4011,254.641,24.1218],"stabilizedTipPosition":[-99.8376,234.914,-5.72488],"timeVisible":13.829,"tipPosition":[-93.0695,255.995,-26.7675],"tipVelocity":[65.4237,201.402,-160.224],"tool":false,"touchDistance":-0.543324,"touchZone":"hovering","type":0,"width":20.0304},{"bases":[[[0.972972,0.229547,0.025185],[-0.21486,0.85992,0.463004],[0.0846241,-0.455901,0.885998]],[[0.96004,0.273013,-0.0615438],[-0.179654,0.769811,0.612466],[0.214588,-0.576936,0.788097]],[[0.96004,0.273013,-0.0615438],[-0.264257,0.956721,0.121872],[0.0921529,-0.100739,0.990636]],[[0.96004,0.273013,-0.0615438],[-0.277852,0.903484,-0.326367],[-0.0334985,0.330425,0.943237]]],"btipPosition":[-80.2899,329.761,-65.3001],"carpPosition":[-63.3753,275.243,72.2924],"dipPosition":[-80.8561,335.346,-49.3591],"direction":[-0.0921529,0.100739,-0.990636],"extended":true,"handId":360,"id":3601,"length":58.1698,"mcpPosition":[-69.5336,308.419,7.81669],"pipPosition":[-78.6529,332.937,-25.6747],"stabilizedTipPosition":[-80.8403,319.352,-56.4603],"timeVisible":13.829,"tipPosition":[-79.8158,328.683,-61.0048],"tipVelocity":[-4.72499,386.355,-124.772],"tool":false,"touchDistance":-0.571346,"touchZone":"touching","type":1,"width":19.133},{"bases":[[[0.997736,0.0158613,0.0653526],[-0.0453643,0.87613,0.479936],[-0.049645,-0.481814,0.874866]],[[0.997534,0.0139734,0.06878],[0.032936,0.772176,-0.634555],[-0.0619771,0.635255,0.769811]],[[0.997534,0.0139734,0.06878],[0.0701736,-0.180852,-0.981004],[-0.00126896,0.983411,-0.181386]],[[0.997534,0.0139734,0.06878],[0.0614685,-0.646937,-0.760062],[0.0338756,0.762416,-0.6462]]],"btipPosition":[-46.2763,240.852,-7.10567],"carpPosition":[-52.0634,279.722,72.8592],"dipPosition":[-45.6467,255.024,-19.1174],"direction":[0.00126896,-0.983411,0.181386],"extended":false,"handId":360,"id":3602,"length":66.2798,"mcpPosition":[-48.6373,312.973,12.4834],"pipPosition":[-45.6824,282.685,-24.2194],"stabilizedTipPosition":[-50.7251,231.659,2.41057],"timeVisible":13.829,"tipPosition":[-46.1084,244.109,-10.0907],"tipVelocity":[56.1477,202.026,-176.97],"tool":false,"touchDistance":0.333333,"touchZone":"none","type":2,"width":18.7912},{"bases":[[[0.980118,-0.121306,0.157017],[0.0244759,0.859219,0.511023],[-0.196902,-0.497019,0.845104]],[[0.983731,-0.111703,0.140698],[0.17719,0.732421,-0.657391],[-0.0296172,0.671626,0.740298]],[[0.983731,-0.111703,0.140698],[0.111571,-0.233954,-0.965825],[0.140802,0.96581,-0.217685]],[[0.983731,-0.111703,0.140698],[0.0301648,-0.669359,-0.742327],[0.177097,0.734494,-0.6551]]],"btipPosition":[-33.6207,242.159,6.35818],"carpPosition":[-39.9986,281.085,73.3669],"dipPosition":[-30.3477,255.733,-5.74898],"direction":[-0.140802,-0.96581,0.217685],"extended":false,"handId":360,"id":3603,"length":63.7298,"mcpPosition":[-27.7984,311.881,21.0037],"pipPosition":[-26.4895,282.198,-11.7139],"stabilizedTipPosition":[-37.2062,232.895,15.6129],"timeVisible":13.829,"tipPosition":[-32.7818,245.271,3.30246],"tipVelocity":[55.7546,196.1,-172.729],"tool":false,"touchDistance":0.333333,"touchZone":"none","type":3,"width":17.881},{"bases":[[[0.933133,-0.318305,0.167165],[0.159129,0.782583,0.601866],[-0.322397,-0.53502,0.780906]],[[0.841575,-0.426261,0.331743],[0.540059,0.674714,-0.503088],[-0.0093851,0.602547,0.798028]],[[0.841575,-0.426261,0.331743],[0.265236,-0.208904,-0.941281],[0.470533,0.880148,-0.0627488]],[[0.841575,-0.426261,0.331743],[0.00214601,-0.611536,-0.791214],[0.540136,0.666577,-0.513739]]],"btipPosition":[-26.6249,256.627,9.99958],"carpPosition":[-27.1322,275.408,72.728],"dipPosition":[-17.4156,267.992,1.2404],"direction":[-0.470533,-0.880148,0.0627488],"extended":false,"handId":360,"id":3604,"length":49.963,"mcpPosition":[-8.64063,306.094,27.9381],"pipPosition":[-8.31238,285.02,0.0264138],"stabilizedTipPosition":[-28.9801,246.154,19.8253],"timeVisible":13.829,"tipPosition":[-24.267,259.251,7.39449],"tipVelocity":[48.381,194.601,-147.007],"tool":false,"touchDistance":0.333333,"touchZone":"none","type":4,"width":15.8833}],"r":[[0.71038,0.244419,0.660015],[-0.365191,0.929653,0.048785],[-0.601661,-0.275687,0.749667]],"s":1.33781,"t":[11.2935,67.1098,-123.69],"timestamp":15362414992},false],[6,{"currentFrameRate":105.861,"devices":[],"gestures":[],"hands":[{"armBasis":[[0.926198,0.309288,-0.215634],[-0.193321,0.880579,0.432675],[0.323704,-0.359056,0.875382]],"armWidth":63.029,"confidence":0.881446,"direction":[0.0478261,0.608768,-0.791906],"elbow":[44.2408,172.688,308.627],"grabStrength":0.199612,"id":360,"palmNormal":[0.205648,-0.781829,-0.588602],"palmPosition":[-46.1483,296.742,28.7964],"palmVelocity":[27.9403,180.108,-135.197],"palmWidth":90.0033,"pinchStrength":0.310441,"r":[[0.709159,0.24378,0.661562],[-0.36729,0.928679,0.051504],[-0.601824,-0.27951,0.748119]],"s":1.3441,"sphereCenter":[-62.8563,278.893,-13.4193],"sphereRadius":50.1248,"stabilizedPalmPosition":[-51.9153,278.663,46.2926],"t":[11.4225,68.863,-124.861],"timeVisible":13.8379,"type":"right","wrist":[-42.2115,268.582,74.8366]}],"id":1170856,"interactionBox":{"center":[0,200,0],"size":[235.247,235.247,147.751]},"pointables":[{"bases":[[[0.218722,0.872284,0.437358],[-0.897285,0.00365636,0.441437],[0.38346,-0.488986,0.783487]],[[0.0200634,0.99927,0.0325048],[-0.889637,0.00300769,0.456658],[0.456227,-0.0380796,0.889048]],[[0.0200634,0.99927,0.0325048],[-0.998679,0.0215684,-0.0466332],[-0.0473003,-0.0315263,0.998383]],[[0.0200634,0.99927,0.0325048],[-0.97164,0.0118264,0.236168],[0.235612,-0.0363213,0.971168]]],"btipPosition":[-94.1257,258.155,-33.4071],"carpPosition":[-67.7397,254.371,66.6445],"dipPosition":[-88.6713,257.314,-10.9248],"direction":[0.0473003,0.0315263,-0.998383],"extended":false,"handId":360,"id":3600,"length":51.5512,"mcpPosition":[-67.7397,254.371,66.6445],"pipPosition":[-90.2665,256.251,22.7466],"stabilizedTipPosition":[-98.9631,237.807,-8.55064],"timeVisible":13.8379,"tipPosition":[-92.7694,257.584,-28.1662],"tipVelocity":[56.9112,194.995,-159.105],"tool":false,"touchDistance":-0.538204,"touchZone":"hovering","type":0,"width":20.0304},{"bases":[[[0.971611,0.235004,0.0273129],[-0.220724,0.858847,0.462236],[0.0851697,-0.455142,0.886336]],[[0.958877,0.27778,-0.0582467],[-0.185015,0.767386,0.613912],[0.21523,-0.57789,0.787222]],[[0.958877,0.27778,-0.0582467],[-0.267481,0.953066,0.141839],[0.0949131,-0.120427,0.988175]],[[0.958877,0.27778,-0.0582467],[-0.282424,0.913505,-0.292822],[-0.0281316,0.297231,0.954391]]],"btipPosition":[-80.5513,332.546,-66.7656],"carpPosition":[-63.413,277.01,70.944],"dipPosition":[-81.0267,337.569,-50.6361],"direction":[-0.0949131,0.120427,-0.988175],"extended":true,"handId":360,"id":3601,"length":58.1698,"mcpPosition":[-69.6109,310.132,6.44373],"pipPosition":[-78.7575,334.69,-27.0105],"stabilizedTipPosition":[-80.7901,323.36,-58.3024],"timeVisible":13.8379,"tipPosition":[-80.0789,331.392,-62.4939],"tipVelocity":[-10.7844,362.246,-134.232],"tool":false,"touchDistance":-0.563876,"touchZone":"touching","type":1,"width":19.133},{"bases":[[[0.997481,0.0214732,0.0676062],[-0.0513605,0.876012,0.479546],[-0.0489265,-0.481811,0.874908]],[[0.997266,0.0194456,0.0712872],[0.0303416,0.771901,-0.635019],[-0.0673749,0.635446,0.7692]],[[0.997266,0.0194456,0.0712872],[0.0736404,-0.182053,-0.980527],[-0.00608887,0.983096,-0.182987]],[[0.997266,0.0194456,0.0712872],[0.0668658,-0.648078,-0.758633],[0.0314476,0.761326,-0.647607]]],"btipPosition":[-45.9521,242.703,-8.3325],"carpPosition":[-52.1276,281.553,71.535],"dipPosition":[-45.3675,256.854,-20.3704],"direction":[0.00608887,-0.983096,0.182987],"extended":false,"handId":360,"id":3602,"length":66.2798,"mcpPosition":[-48.7511,314.804,11.1563],"pipPosition":[-45.5388,284.507,-25.5174],"stabilizedTipPosition":[-50.128,233.399,0.766655],"timeVisible":13.8379,"tipPosition":[-45.7917,245.953,-11.341],"tipVelocity":[50.4422,203.401,-166.429],"tool":false,"touchDistance":0.333333,"touchZone":"none","type":2,"width":18.7912},{"bases":[[[0.980424,-0.115762,0.159275],[0.0185028,0.859502,0.510797],[-0.196029,-0.49785,0.844818]],[[0.983976,-0.106268,0.143171],[0.174809,0.733084,-0.65729],[-0.0351075,0.671785,0.739914]],[[0.983976,-0.106268,0.143171],[0.115019,-0.235249,-0.965105],[0.136241,0.966108,-0.219257]],[[0.983976,-0.106268,0.143171],[0.0352615,-0.671139,-0.740493],[0.174778,0.733675,-0.656638]]],"btipPosition":[-33.3376,244.109,5.16702],"carpPosition":[-40.0718,282.984,72.0696],"dipPosition":[-30.1074,257.669,-6.96856],"direction":[-0.136241,-0.966108,0.219257],"extended":false,"handId":360,"id":3603,"length":63.7298,"mcpPosition":[-27.9258,313.831,19.724],"pipPosition":[-26.3742,284.142,-12.9766],"stabilizedTipPosition":[-36.6684,234.567,14.0693],"timeVisible":13.8379,"tipPosition":[-32.5066,247.208,2.08792],"tipVelocity":[48.9154,202.161,-162.27],"tool":false,"touchDistance":0.333333,"touchZone":"none","type":3,"width":17.881},{"bases":[[[0.934521,-0.313018,0.169381],[0.153377,0.783651,0.601969],[-0.321163,-0.536574,0.780348]],[[0.843058,-0.421556,0.333982],[0.537614,0.677872,-0.501459],[-0.0150039,0.602312,0.79812]],[[0.843058,-0.421556,0.333982],[0.268587,-0.208004,-0.940529],[0.465956,0.882624,-0.0621348]],[[0.843058,-0.421556,0.333982],[0.00696587,-0.612378,-0.790535],[0.537778,0.668793,-0.513333]]],"btipPosition":[-26.4106,258.609,8.74319],"carpPosition":[-27.1724,277.378,71.4616],"dipPosition":[-17.2416,270.012,-0.00908461],"direction":[-0.465956,-0.882624,0.0621348],"extended":false,"handId":360,"id":3604,"length":49.963,"mcpPosition":[-8.75165,308.154,26.7037],"pipPosition":[-8.22688,287.088,-1.21119],"stabilizedTipPosition":[-28.3968,248.034,18.1926],"timeVisible":13.8379,"tipPosition":[-