{"sensorType":"Leap","data":[[0,{"currentFrameRate":108.411,"devices":[],"gestures":[],"hands":[{"armBasis":[[0.942207,0.235567,-0.23823],[-0.1614,0.942268,0.293395],[0.29359,-0.237989,0.925833]],"armWidth":63.029,"confidence":0.624584,"direction":[0.0604356,0.321033,-0.945138],"elbow":[56.1419,151.005,314.919],"grabStrength":0,"id":360,"palmNormal":[0.162353,-0.937421,-0.30803],"palmPosition":[-25.7721,226.69,15.0343],"palmVelocity":[-90.4223,23.1141,142.122],"palmWidth":90.0033,"pinchStrength":0.819899,"r":[[0.699682,0.437854,0.564561],[-0.352079,0.898898,-0.26081],[-0.62168,-0.0162855,0.783102]],"s":1.34079,"sphereCenter":[-48.1324,200.764,-18.7418],"sphereRadius":52.0586,"stabilizedPalmPosition":[-19.8651,225.324,6.42057],"t":[32.8194,0.250821,-141.301],"timeVisible":24.3134,"type":"right","wrist":[-22.2679,214.565,67.6547]}],"id":1171995,"interactionBox":{"center":[0,200,0],"size":[235.247,235.247,147.751]},"pointables":[{"bases":[[[0.262894,0.955354,0.134854],[-0.888818,0.18543,0.419069],[0.375353,-0.230031,0.897884]],[[0.113717,0.97512,-0.190286],[-0.882371,0.18715,0.431735],[0.456606,0.118807,0.881701]],[[0.113717,0.97512,-0.190286],[-0.973551,0.071169,-0.217102],[-0.198158,0.209941,0.957423]],[[0.113717,0.97512,-0.190286],[-0.0971365,-0.179698,-0.978914],[-0.988753,0.129803,0.074285]]],"btipPosition":[-41.4837,183.71,-13.0488],"carpPosition":[-48.5107,199.662,64.4959],"dipPosition":[-64.3731,186.715,-11.3291],"direction":[0.198158,-0.209941,-0.957423],"extended":false,"handId":360,"id":3600,"length":51.5512,"mcpPosition":[-48.5107,199.662,64.4959],"pipPosition":[-71.0562,193.795,20.9608],"stabilizedTipPosition":[-36.1247,181.516,-27.8584],"timeVisible":24.3134,"tipPosition":[-47.0862,184.558,-13.5127],"tipVelocity":[-135.368,25.4532,157.912],"tool":false,"touchDistance":0.404294,"touchZone":"hovering","type":0,"width":20.0304},{"bases":[[[0.981046,0.186817,-0.0514606],[-0.176249,0.970638,0.163701],[0.0805319,-0.151529,0.985167]],[[0.972819,0.197135,-0.121497],[-0.117962,0.873365,0.472565],[0.199271,-0.445388,0.872881]],[[0.972819,0.197135,-0.121497],[-0.174074,0.96856,0.177737],[0.152715,-0.151757,0.976549]],[[0.972819,0.197135,-0.121497],[-0.209489,0.97279,-0.0989634],[0.0986819,0.121726,0.987646]]],"btipPosition":[-62.8015,253.792,-87.5083],"carpPosition":[-43.1538,222.266,61.3176],"dipPosition":[-61.1338,255.849,-70.8168],"direction":[-0.152715,0.151757,-0.976549],"extended":true,"handId":360,"id":3601,"length":58.1698,"mcpPosition":[-49.0143,233.293,-10.3747],"pipPosition":[-57.4826,252.221,-47.4691],"stabilizedTipPosition":[-54.6682,258.662,-90.9726],"timeVisible":24.3134,"tipPosition":[-62.7715,256.379,-82.8841],"tipVelocity":[-150.026,-55.5179,151.624],"tool":false,"touchDistance":0.471322,"touchZone":"hovering","type":1,"width":19.133},{"bases":[[[0.998482,-0.00359793,0.0549642],[-0.00604298,0.984686,0.174234],[-0.0547493,-0.174302,0.983169]],[[0.998823,-0.00244238,0.0484454],[0.0446288,0.437574,-0.898074],[-0.019005,0.899179,0.437168]],[[0.998823,-0.00244238,0.0484454],[0.0423751,-0.442114,-0.895957],[0.0236067,0.896956,-0.44149]],[[0.998823,-0.00244238,0.0484454],[0.0289703,-0.771009,-0.636165],[0.0389056,0.636819,-0.770031]]],"btipPosition":[-28.3799,158.331,-1.56215],"carpPosition":[-31.6772,226.24,60.3992],"dipPosition":[-27.6567,170.168,-15.8756],"direction":[-0.0236067,-0.896956,0.44149],"extended":false,"handId":360,"id":3602,"length":66.2798,"mcpPosition":[-27.8988,238.269,-7.45072],"pipPosition":[-26.9927,195.398,-28.2939],"stabilizedTipPosition":[-17.6889,156.418,-18.8994],"timeVisible":24.3134,"tipPosition":[-28.2121,161.096,-4.83949],"tipVelocity":[-153.719,29.3215,126.981],"tool":false,"touchDistance":0.333333,"touchZone":"none","type":2,"width":18.7912},{"bases":[[[0.977138,-0.103428,0.185755],[0.0635673,0.975854,0.208968],[-0.202883,-0.192383,0.960118]],[[0.98063,-0.0999498,0.168449],[0.19487,0.411066,-0.890534],[0.019765,0.90611,0.422581]],[[0.98063,-0.0999498,0.168449],[0.103365,-0.466426,-0.8785],[0.166375,0.878895,-0.44706]],[[0.98063,-0.0999498,0.168449],[0.02802,-0.779574,-0.625682],[0.193855,0.618283,-0.761673]]],"btipPosition":[-16.0087,163.579,8.58245],"carpPosition":[-19.5642,227.215,60.4212],"dipPosition":[-12.426,175.006,-5.49433],"direction":[-0.166375,-0.878895,0.44706],"extended":false,"handId":360,"id":3603,"length":63.7298,"mcpPosition":[-6.99349,239.135,0.931518],"pipPosition":[-7.86701,199.089,-17.7445],"stabilizedTipPosition":[-5.73862,162.623,-6.21273],"timeVisible":24.3134,"tipPosition":[-15.1988,166.385,5.69872],"tipVelocity":[-136.94,17.1529,100.564],"tool":false,"touchDistance":0.333333,"touchZone":"none","type":3,"width":17.881},{"bases":[[[0.923064,-0.284807,0.258531],[0.196598,0.927032,0.319314],[-0.33061,-0.24392,0.911702]],[[0.859875,-0.319502,0.398163],[0.501862,0.386138,-0.773971],[0.0935401,0.865341,0.492376]],[[0.859875,-0.319502,0.398163],[0.22998,-0.453876,-0.860875],[0.455768,0.831814,-0.316797]],[[0.859875,-0.319502,0.398163],[0.0290451,-0.748057,-0.662998],[0.509678,0.58166,-0.633956]]],"btipPosition":[-8.74341,178.841,9.03427],"carpPosition":[-6.92679,221.126,61.6096],"dipPosition":[-0.0534578,188.758,-1.7746],"direction":[-0.455768,-0.831814,0.316797],"extended":false,"handId":360,"id":3604,"length":49.963,"mcpPosition":[12.0358,235.117,9.31766],"pipPosition":[8.76416,204.851,-7.90358],"stabilizedTipPosition":[2.29547,178.065,-4.55193],"timeVisible":24.3134,"tipPosition":[-6.69685,181.353,6.64129],"tipVelocity":[-128.617,11.9594,110.745],"tool":false,"touchDistance":0.333333,"touchZone":"none","type":4,"width":15.8833}],"r":[[0.699682,0.437854,0.564561],[-0.352079,0.898898,-0.26081],[-0.62168,-0.0162855,0.783102]],"s":1.34079,"t":[32.8194,0.250821,-141.301],"timestamp":15372899405},false],[1,{"currentFrameRate":108.471,"devices":[],"gestures":[],"hands":[{"armBasis":[[0.944076,0.218255,-0.247152],[-0.14151,0.945221,0.294163],[0.297816,-0.242738,0.923246]],"armWidth":63.029,"confidence":0.626449,"direction":[0.0543853,0.321806,-0.945242],"elbow":[56.8345,149.697,316.042],"grabStrength":0,"id":360,"palmNormal":[0.142537,-0.939451,-0.311633],"palmPosition":[-26.6416,226.812,16.9163],"palmVelocity":[-91.8125,20.4138,160.002],"palmWidth":90.0033,"pinchStrength":0.837032,"r":[[0.707337,0.432462,0.559152],[-0.348493,0.901552,-0.256431],[-0.615001,-0.0134775,0.788411]],"s":1.33399,"sphereCenter":[-48.9829,200.807,-16.6367],"sphereRadius":51.5839,"stabilizedPalmPosition":[-20.1627,225.39,6.88152],"t":[31.9388,0.468426,-139.607],"timeVisible":24.3225,"type":"right","wrist":[-22.7038,214.526,69.4686]}],"id":1171996,"interactionBox":{"center":[0,200,0],"size":[235.247,235.247,147.751]},"pointables":[{"bases":[[[0.280811,0.950461,0.133303],[-0.880342,0.199754,0.430227],[0.382286,-0.238165,0.892824]],[[0.124786,0.972585,-0.196232],[-0.877472,0.200493,0.435712],[0.46311,0.117817,0.878435]],[[0.124786,0.972585,-0.196232],[-0.974535,0.083007,-0.208307],[-0.186308,0.217228,0.958176]],[[0.124786,0.972585,-0.196232],[-0.12326,-0.181049,-0.975719],[-0.984498,0.145943,0.0972886]]],"btipPosition":[-43.0264,183.557,-11.3366],"carpPosition":[-49.2341,200.079,66.6048],"dipPosition":[-65.8173,186.935,-9.0844],"direction":[0.186308,-0.217228,-0.958176],"extended":false,"handId":360,"id":3600,"length":51.5512,"mcpPosition":[-49.2341,200.079,66.6048],"pipPosition":[-72.1007,194.261,23.2309],"stabilizedTipPosition":[-36.5544,181.615,-27.2555],"timeVisible":24.3225,"tipPosition":[-48.7068,184.705,-11.4785],"tipVelocity":[-144.099,16.3369,169.97],"tool":false,"touchDistance":0.424719,"touchZone":"hovering","type":0,"width":20.0304},{"bases":[[[0.983396,0.170143,-0.063123],[-0.157622,0.973183,0.167544],[0.0899366,-0.154812,0.983842]],[[0.974594,0.180647,-0.132412],[-0.100744,0.881564,0.461189],[0.200042,-0.436132,0.877366]],[[0.974594,0.180647,-0.132412],[-0.161468,0.976376,0.143592],[0.155224,-0.118564,0.980739]],[[0.974594,0.180647,-0.132412],[-0.199946,0.96812,-0.150883],[0.100934,0.173525,0.979643]]],"btipPosition":[-63.9937,252.297,-85.4842],"carpPosition":[-43.5308,222.595,63.4009],"dipPosition":[-62.2878,255.23,-68.9279],"direction":[-0.155224,0.118564,-0.980739],"extended":true,"handId":360,"id":3601,"length":58.1698,"mcpPosition":[-50.0756,233.861,-8.19508],"pipPosition":[-58.5767,252.395,-45.4801],"stabilizedTipPosition":[-55.775,257.957,-89.8208],"timeVisible":24.3225,"tipPosition":[-63.959,255.31,-80.8726],"tipVelocity":[-144.438,-79.5039,170.248],"tool":false,"touchDistance":0.487419,"touchZone":"hovering","type":1,"width":19.133},{"bases":[[[0.99887,-0.0207502,0.042747],[0.0129148,0.984302,0.176019],[-0.0457284,-0.175268,0.983458]],[[0.999148,-0.0196043,0.0363187],[0.0412421,0.440782,-0.896666],[0.00156987,0.8974,0.441215]],[[0.999148,-0.0196043,0.0363187],[0.0240373,-0.438921,-0.898204],[0.0335497,0.898312,-0.438075]],[[0.999148,-0.0196043,0.0363187],[0.00814005,-0.769094,-0.639083],[0.0404613,0.638834,-0.76828]]],"btipPosition":[-30.6147,158.541,0.0463173],"carpPosition":[-31.9999,226.374,62.3492],"dipPosition":[-29.8626,170.416,-14.2346],"direction":[-0.0335497,-0.898312,0.438075],"extended":false,"handId":360,"id":3602,"length":66.2798,"mcpPosition":[-28.8441,238.469,-5.5207],"pipPosition":[-28.919,195.683,-26.5568],"stabilizedTipPosition":[-18.0477,156.554,-18.4588],"timeVisible":24.3225,"tipPosition":[-30.4413,161.311,-3.15581],"tipVelocity":[-178.922,27.8373,140.959],"tool":false,"touchDistance":0.333333,"touchZone":"none","type":2,"width":18.7912},{"bases":[[[0.977419,-0.120458,0.173614],[0.0827822,0.974215,0.209884],[-0.194419,-0.190773,0.962189]],[[0.980592,-0.117187,0.157183],[0.192543,0.424442,-0.884747],[0.0369662,0.89784,0.438768]],[[0.980592,-0.117187,0.157183],[0.088273,-0.451966,-0.887657],[0.175064,0.884304,-0.43285]],[[0.980592,-0.117187,0.157183],[0.00990366,-0.77108,-0.636661],[0.19581,0.625861,-0.754954]]],"btipPosition":[-17.8759,163.484,9.02886],"carpPosition":[-19.8727,227.142,62.2248],"dipPosition":[-14.2571,175.051,-4.92374],"direction":[-0.175064,-0.884304,0.43285],"extended":false,"handId":360,"id":3603,"length":63.7298,"mcpPosition":[-7.82636,238.962,2.60685],"pipPosition":[-9.46008,199.282,-16.7845],"stabilizedTipPosition":[-6.0801,162.729,-5.84927],"timeVisible":24.3225,"tipPosition":[-17.1002,166.327,6.51922],"tipVelocity":[-155.556,10.4626,87.1268],"tool":false,"touchDistance":0.333333,"touchZone":"none","type":3,"width":17.881},{"bases":[[[0.921144,-0.30103,0.246728],[0.216295,0.922913,0.31851],[-0.323589,-0.240027,0.915247]],[[0.859008,-0.334944,0.387193],[0.499197,0.380144,-0.778648],[0.113614,0.86215,0.493749]],[[0.859008,-0.334944,0.387193],[0.212224,-0.45529,-0.86468],[0.465904,0.824939,-0.320015]],[[0.859008,-0.334944,0.387193],[0.0084646,-0.746897,-0.664886],[0.511893,0.57442,-0.638755]]],"btipPosition":[-10.4829,178.695,10.5653],"carpPosition":[-7.32762,220.836,63.248],"dipPosition":[-1.75516,188.489,-0.325359],"direction":[-0.465904,-0.824939,0.320015],"extended":false,"handId":360,"id":3604,"length":49.963,"mcpPosition":[11.2323,234.603,10.7527],"pipPosition":[7.25856,204.449,-6.51659],"stabilizedTipPosition":[1.99254,178.146,-4.1972],"timeVisible":24.3225,"tipPosition":[-8.43406,181.167,8.1724],"tipVelocity":[-145.638,3.34682,126.07],"tool":false,"touchDistance":0.333333,"touchZone":"none","type":4,"width":15.8833}],"r":[[0.707337,0.432462,0.559152],[-0.348493,0.901552,-0.256431],[-0.615001,-0.0134775,0.788411]],"s":1.33399,"t":[31.9388,0.468426,-139.607],"timestamp":15372908516},false],[2,{"currentFrameRate":108.577,"devices":[],"gestures":[],"hands":[{"armBasis":[[0.945589,0.204422,-0.253127],[-0.126546,0.947795,0.292696],[0.299746,-0.244738,0.922093]],"armWidth":63.029,"confidence":0.525514,"direction":[0.048353,0.32462,-0.944608],"elbow":[57.0414,149.157,316.974],"grabStrength":0,"id":360,"palmNormal":[0.127799,-0.939952,-0.316478],"palmPosition":[-27.3529,227.048,18.2453],"palmVelocity":[-88.2494,21.9887,156.519],"palmWidth":90.0033,"pinchStrength":0.85294,"r":[[0.71561,0.425978,0.553575],[-0.343918,0.904674,-0.251566],[-0.607966,-0.0103613,0.793895]],"s":1.32633,"sphereCenter":[-49.626,200.942,-15.1491],"sphereRadius":51.1981,"stabilizedPalmPosition":[-20.4275,225.451,7.29994],"t":[31.1429,0.695114,-138.095],"timeVisible":24.3315,"type":"right","wrist":[-23.0124,214.52,70.7088]}],"id":1171997,"interactionBox":{"center":[0,200,0],"size":[235.247,235.247,147.751]},"pointables":[{"bases":[[[0.293752,0.946482,0.133726],[-0.873269,0.208833,0.440215],[0.388729,-0.246092,0.887878]],[[0.131415,0.97096,-0.199919],[-0.874029,0.208643,0.438796],[0.467765,0.11707,0.876065]],[[0.131415,0.97096,-0.199919],[-0.975606,0.0909002,-0.199826],[-0.17585,0.221302,0.95922]],[[0.131415,0.97096,-0.199919],[-0.145931,-0.180523,-0.972685],[-0.980528,0.157,0.117969]]],"btipPosition":[-44.212,183.528,-10.2645],"carpPosition":[-49.7453,200.407,68.0738],"dipPosition":[-66.9111,187.163,-7.53357],"direction":[0.17585,-0.221302,-0.95922],"extended":false,"handId":360,"id":3600,"length":51.5512,"mcpPosition":[-49.7453,200.407,68.0738],"pipPosition":[-72.8418,194.627,24.8169],"stabilizedTipPosition":[-37.0191,181.714,-26.6197],"timeVisible":24.3315,"tipPosition":[-49.9375,184.912,-10.1255],"tipVelocity":[-139.973,12.7762,159.267],"tool":false,"touchDistance":0.433313,"touchZone":"hovering","type":0,"width":20.0304},{"bases":[[[0.984676,0.158425,-0.0729],[-0.143987,0.974397,0.172677],[0.09839,-0.159534,0.982277]],[[0.975339,0.169234,-0.141679],[-0.0886498,0.88825,0.450725],[0.202125,-0.42705,0.881348]],[[0.975339,0.169234,-0.141679],[-0.153533,0.981392,0.115317],[0.158558,-0.0907203,0.983173]],[[0.975339,0.169234,-0.141679],[-0.194786,0.961873,-0.191985],[0.103787,0.214847,0.971117]]],"btipPosition":[-65.0967,251.16,-83.9641],"carpPosition":[-43.8022,222.864,64.8903],"dipPosition":[-63.3427,254.791,-67.5519],"direction":[-0.158558,0.0907203,-0.983173],"extended":true,"handId":360,"id":3601,"length":58.1698,"mcpPosition":[-50.9622,234.473,-6.59174],"pipPosition":[-59.5518,252.622,-44.046],"stabilizedTipPosition":[-56.7807,257.285,-88.7347],"timeVisible":24.3315,"tipPosition":[-65.038,254.435,-79.4041],"tipVelocity":[-138.007,-87.4214,168.761],"tool":false,"touchDistance":0.494314,"touchZone":"hovering","type":1,"width":19.133},{"bases":[[[0.998938,-0.0330331,0.0321175],[0.026752,0.983414,0.17939],[-0.0375106,-0.178341,0.983254]],[[0.999157,-0.0318929,0.0258343],[0.0373567,0.445923,-0.894292],[0.0170014,0.894503,0.446738]],[[0.999157,-0.0318929,0.0258343],[0.00945343,-0.43369,-0.901013],[0.03994,0.900498,-0.433023]],[[0.999157,-0.0318929,0.0258343],[-0.0078111,-0.765692,-0.64316],[0.0402934,0.642416,-0.765296]]],"btipPosition":[-32.3322,158.895,0.980755],"carpPosition":[-32.2379,226.506,63.7304],"dipPosition":[-31.5833,170.837,-13.2447],"direction":[-0.03994,-0.900498,0.433023],"extended":false,"handId":360,"id":3602,"length":66.2798,"mcpPosition":[-29.6492,238.814,-4.12536],"pipPosition":[-30.4598,196.166,-25.4248],"stabilizedTipPosition":[-18.5256,156.727,-17.9112],"timeVisible":24.3315,"tipPosition":[-32.1592,161.676,-2.14306],"tipVelocity":[-182.104,31.4645,131.07],"tool":false,"touchDistance":0.333333,"touchZone":"none","type":2,"width":18.7912},{"bases":[[[0.977652,-0.132957,0.162846],[0.0968439,0.972355,0.212479],[-0.186595,-0.19196,0.963501]],[[0.980635,-0.129729,0.146717],[0.188719,0.425694,-0.884969],[0.0523499,0.89552,0.441932]],[[0.980635,-0.129729,0.146717],[0.0737656,-0.449309,-0.890326],[0.181422,0.883907,-0.431039]],[[0.980635,-0.129729,0.146717],[-0.0059504,-0.768536,-0.639779],[0.195755,0.626517,-0.754425]]],"btipPosition":[-19.4454,163.645,10.0041],"carpPosition":[-20.1042,227.127,63.4806],"dipPosition":[-15.8276,175.223,-3.93869],"direction":[-0.181422,-0.883907,0.431039],"extended":false,"handId":360,"id":3603,"length":63.7298,"mcpPosition":[-8.54269,239.021,3.7814],"pipPosition":[-10.8563,199.444,-15.7498],"stabilizedTipPosition":[-6.53939,162.86,-5.38583],"timeVisible":24.3315,"tipPosition":[-18.6573,166.48,7.47558],"tipVelocity":[-160.636,12.5696,92.9713],"tool":false,"touchDistance":0.333333,"touchZone":"none","type":3,"width":17.881},{"bases":[[[0.919954,-0.313102,0.235905],[0.230857,0.919033,0.319504],[-0.316842,-0.239468,0.917751]],[[0.858754,-0.346835,0.377158],[0.496467,0.381156,-0.779898],[0.12674,0.856986,0.499511]],[[0.858754,-0.346835,0.377158],[0.199939,-0.450902,-0.869892],[0.47177,0.822431,-0.317868]],[[0.858754,-0.346835,0.377158],[-0.00585432,-0.74267,-0.669632],[0.512355,0.57284,-0.639801]]],"btipPosition":[-11.7495,178.749,11.2972],"carpPosition":[-7.6268,220.666,64.3487],"dipPosition":[-3.01391,188.516,0.388701],"direction":[-0.47177,-0.822431,0.317868],"extended":false,"handId":360,"id":3604,"length":49.963,"mcpPosition":[10.5461,234.401,11.7098],"pipPosition":[6.11329,204.427,-5.76099],"stabilizedTipPosition":[1.62749,178.235,-3.79318],"timeVisible":24.3315,"tipPosition":[-9.73415,181.203,8.98401],"tipVelocity":[-144.149,3.89143,113.585],"tool":false,"touchDistance":0.333333,"touchZone":"none","type":4,"width":15.8833}],"r":[[0.71561,0.425978,0.553575],[-0.343918,0.904674,-0.251566],[-0.607966,-0.0103613,0.793895]],"s":1.32633,"t":[31.1429,0.695114,-138.095],"timestamp":15372917536},false],[3,{"currentFrameRate":108.689,"devices":[],"gestures":[],"hands":[{"armBasis":[[0.945409,0.205039,-0.253299],[-0.12953,0.949656,0.285265],[0.299037,-0.236882,0.924372]],"armWidth":63.029,"confidence":0.545307,"direction":[-0.000398573,0.41194,-0.911211],"elbow":[57.0365,148.855,321.506],"grabStrength":0.288541,"id":360,"palmNormal":[0.130609,-0.903384,-0.408459],"palmPosition":[-29.7667,229.364,23.8123],"palmVelocity":[-137.664,86.6262,283.394],"palmWidth":90.0033,"pinchStrength":0.88166,"r":[[0.725094,0.413517,0.550675],[-0.34615,0.910138,-0.22766],[-0.595331,-0.0255416,0.803074]],"s":1.30135,"sphereCenter":[-43.919,204.024,-10.7153],"sphereRadius":47.1014,"stabilizedPalmPosition":[-20.7278,225.576,7.8309],"t":[29.538,1.96669,-134.556],"timeVisible":24.3405,"type":"right","wrist":[-22.8281,212.12,74.6325]}],"id":1171998,"interactionBox":{"center":[0,200,0],"size":[235.247,235.247,147.751]},"pointables":[{"bases":[[[0.282053,0.93635,0.209035],[-0.856155,0.147329,0.495271],[0.43295,-0.318659,0.843214]],[[0.096418,0.987207,-0.126992],[-0.882444,0.143803,0.447899],[0.460431,0.0688774,0.885019]],[[0.096418,0.987207,-0.126992],[-0.98931,0.0810267,-0.121246],[-0.109405,0.137324,0.984466]],[[0.096418,0.987207,-0.126992],[-0.514867,-0.0597232,-0.855187],[-0.851831,0.147839,0.502522]]],"btipPosition":[-48.7137,186.259,-16.688],"carpPosition":[-49.3888,197.714,71.8463],"dipPosition":[-68.4334,189.682,-5.05468],"direction":[0.109405,-0.137324,-0.984466],"extended":false,"handId":360,"id":3600,"length":51.5512,"mcpPosition":[-49.3888,197.714,71.8463],"pipPosition":[-72.1232,194.313,28.1473],"stabilizedTipPosition":[-37.9881,182.033,-25.867],"timeVisible":24.3405,"tipPosition":[-55.0348,187.73,-13.058],"tipVelocity":[-217.98,91.0954,-17.9679],"tool":false,"touchDistance":0.357677,"touchZone":"hovering","type":0,"width":20.0304},{"bases":[[[0.977292,0.186649,-0.10031],[-0.153915,0.950661,0.269358],[0.145636,-0.247803,0.957802]],[[0.974597,0.190953,-0.11704],[-0.113228,0.870959,0.478131],[0.193237,-0.452733,0.870455]],[[0.974597,0.190953,-0.11704],[-0.19992,0.977288,-0.0702817],[0.100961,0.091895,0.990637]],[[0.974597,0.190953,-0.11704],[-0.223292,0.787881,-0.57392],[-0.0173779,0.585475,0.810505]]],"btipPosition":[-64.9398,245.678,-73.5464],"carpPosition":[-44.0096,220.498,70.5281],"dipPosition":[-65.2335,255.573,-59.8486],"direction":[-0.100961,-0.091895,-0.990637],"extended":true,"handId":360,"id":3601,"length":58.1698,"mcpPosition":[-54.6078,238.531,0.82715],"pipPosition":[-62.8197,257.77,-36.1642],"stabilizedTipPosition":[-57.5614,256.399,-86.9942],"timeVisible":24.3405,"tipPosition":[-62.3617,244.198,-63.7225],"tipVelocity":[-109.699,-186.695,421.221],"tool":false,"touchDistance":0.625117,"touchZone":"hovering","type":1,"width":19.133},{"bases":[[[0.999807,-0.013364,-0.0144245],[0.0167581,0.962859,0.269485],[0.0102873,-0.269675,0.962897]],[[0.999374,-0.0077296,-0.0345291],[-0.0235087,0.584284,-0.811209],[0.0264451,0.811513,0.583736]],[[0.999374,-0.0077296,-0.0345291],[-0.0345951,-0.418323,-0.907639],[-0.00742861,0.908265,-0.418328]],[[0.999374,-0.0077296,-0.0345291],[-0.0271972,-0.792041,-0.609862],[-0.0226344,0.610419,-0.791755]]],"btipPosition":[-33.9196,167.517,1.41695],"carpPosition":[-32.5785,224.492,69.215],"dipPosition":[-34.3403,178.863,-13.3004],"direction":[0.00742861,-0.908265,0.418328],"extended":false,"handId":360,"id":3602,"length":66.2798,"mcpPosition":[-33.2884,243.102,2.76408],"pipPosition":[-34.5493,204.411,-25.0671],"stabilizedTipPosition":[-19.4252,157.505,-16.9855],"timeVisible":24.3405,"tipPosition":[-34.0902,169.541,-2.0914],"tipVelocity":[-188.745,281.686,104.941],"tool":false,"touchDistance":0.333333,"touchZone":"none","type":2,"width":18.7912},{"bases":[[[0.986296,-0.125449,0.107157],[0.0884663,0.950356,0.298324],[-0.139262,-0.284756,0.94843]],[[0.98978,-0.117502,0.0808057],[0.131179,0.527954,-0.839081],[0.0559317,0.841105,0.537972]],[[0.98978,-0.117502,0.0808057],[0.0165533,-0.468143,-0.883498],[0.141641,0.875806,-0.461413]],[[0.98978,-0.117502,0.0808057],[-0.0556724,-0.84006,-0.539629],[0.131289,0.529615,-0.838016]]],"btipPosition":[-20.6328,172.091,14.0892],"carpPosition":[-20.482,225.406,68.4992],"dipPosition":[-18.2064,181.879,-1.39855],"direction":[-0.141641,-0.875806,0.461413],"extended":false,"handId":360,"id":3603,"length":63.7298,"mcpPosition":[-11.8533,243.05,9.7337],"pipPosition":[-14.3252,205.877,-14.042],"stabilizedTipPosition":[-7.26015,163.472,-4.53847],"timeVisible":24.3405,"tipPosition":[-19.9637,174.657,10.0896],"tipVelocity":[-161.119,254.242,181.237],"tool":false,"touchDistance":0.333333,"touchZone":"none","type":3,"width":17.881},{"bases":[[[0.935283,-0.312854,0.165433],[0.228141,0.890359,0.393971],[-0.27055,-0.330732,0.904112]],[[0.908502,-0.340179,0.242696],[0.394106,0.504402,-0.768283],[0.138938,0.793635,0.592317]],[[0.908502,-0.340179,0.242696],[0.0713805,-0.445912,-0.892226],[0.411738,0.827913,-0.38083]],[[0.908502,-0.340179,0.242696],[-0.140727,-0.795919,-0.58882],[0.393471,0.500791,-0.770967]]],"btipPosition":[-11.8775,185.831,16.1555],"carpPosition":[-7.86145,219.175,68.2162],"dipPosition":[-5.16891,194.369,3.01063],"direction":[-0.411738,-0.827913,0.38083],"extended":false,"handId":360,"id":3604,"length":49.963,"mcpPosition":[7.65633,238.145,16.3596],"pipPosition":[2.79687,210.387,-4.35718],"stabilizedTipPosition":[1.17508,178.596,-3.15306],"timeVisible":24.3405,"tipPosition":[-10.124,187.786,12.1948],"tipVelocity":[-122.702,210.257,214.931],"tool":false,"touchDistance":0.333333,"touchZone":"none","type":4,"width":15.8833}],"r":[[0.725094,0.413517,0.550675],[-0.34615,0.910138,-0.22766],[-0.595331,-0.0255416,0.803074]],"s":1.30135,"t":[29.538,1.96669,-134.556],"timestamp":15372926535},false],[4,{"currentFrameRate":108.703,"devices":[],"gestures":[],"hands":[{"armBasis":[[0.947484,0.181067,-0.263607],[-0.106749,0.956069,0.273016],[0.30146,-0.230538,0.925188]],"armWidth":63.029,"confidence":0.568594,"direction":[-0.0192029,0.439913,-0.897835],"elbow":[57.8822,149.719,324.593],"grabStrength":0.529925,"id":360,"palmNormal":[0.105008,-0.892147,-0.439372],"palmPosition":[-30.7035,230.201,27.4466],"palmVelocity":[-127.742,87.8933,314.861],"palmWidth":90.0033,"pinchStrength":0.840209,"r":[[0.73693,0.397995,0.546383],[-0.346023,0.916469,-0.200877],[-0.580691,-0.0410285,0.813089]],"s":1.27271,"sphereCenter":[-39.6458,205.126,-7.58108],"sphereRadius":45.0264,"stabilizedPalmPosition":[-21.0012,225.703,8.36864],"t":[28.2672,3.02066,-130.969],"timeVisible":24.3497,"type":"right","wrist":[-22.6295,211.29,77.5006]}],"id":1171999,"interactionBox":{"center":[0,200,0],"size":[235.247,235.247,147.751]},"pointables":[{"bases":[[[0.302429,0.925135,0.229484],[-0.839662,0.144632,0.523497],[0.451114,-0.351009,0.820541]],[[0.102468,0.988766,-0.108823],[-0.879659,0.141147,0.454178],[0.464436,0.0491888,0.88424]],[[0.102468,0.988766,-0.108823],[-0.993343,0.0959208,-0.0637929],[-0.0526379,0.114636,0.992012]],[[0.102468,0.988766,-0.108823],[-0.741045,0.00289625,-0.671449],[-0.663591,0.149445,0.733016]]],"btipPosition":[-55.2754,187.619,-19.0598],"carpPosition":[-49.4805,197.374,75.0263],"dipPosition":[-70.6374,191.079,-2.0906],"direction":[0.0526379,-0.114636,-0.992012],"extended":false,"handId":360,"id":3600,"length":51.5512,"mcpPosition":[-49.4805,197.374,75.0263],"pipPosition":[-72.4127,194.945,31.3659],"stabilizedTipPosition":[-40.0232,182.657,-24.8202],"timeVisible":24.3497,"tipPosition":[-60.6707,188.931,-13.832],"tipVelocity":[-326.264,107.296,-47.7712],"tool":false,"touchDistance":0.338074,"touchZone":"hovering","type":0,"width":20.0304},{"bases":[[[0.976947,0.175121,-0.122098],[-0.131419,0.944048,0.302492],[0.168239,-0.279473,0.945299]],[[0.979681,0.170316,-0.105913],[-0.102014,0.877825,0.467993],[0.17268,-0.447679,0.877363]],[[0.979681,0.170316,-0.105913],[-0.190429,0.95564,-0.224699],[0.0629446,0.240303,0.968655]],[[0.979681,0.170316,-0.105913],[-0.190381,0.6236,-0.758207],[-0.0630876,0.762965,0.643354]]],"btipPosition":[-63.8025,240.827,-65.8546],"carpPosition":[-43.7825,220.105,74.2532],"dipPosition":[-64.8687,253.722,-54.9817],"direction":[-0.0629446,-0.240303,-0.968655],"extended":true,"handId":360,"id":3601,"length":58.1698,"mcpPosition":[-56.0256,240.442,5.46202],"pipPosition":[-63.3638,259.467,-31.8228],"stabilizedTipPosition":[-58.1175,255.319,-84.9676],"timeVisible":24.3497,"tipPosition":[-61.2208,239.021,-57.556],"tipVelocity":[-49.8933,-261.17,517.888],"tool":false,"touchDistance":0.701569,"touchZone":"hovering","type":1,"width":19.133},{"bases":[[[0.998688,-0.0277668,-0.0430288],[0.0393629,0.953699,0.298176],[0.0327571,-0.299478,0.953541]],[[0.997261,-0.0187978,-0.0715272],[-0.0420339,0.651689,-0.757321],[0.0608494,0.758254,0.649114]],[[0.997261,-0.0187978,-0.0715272],[-0.0728419,-0.416908,-0.906025],[-0.012789,0.908754,-0.417135]],[[0.997261,-0.0187978,-0.0715272],[-0.0553558,-0.831089,-0.553377],[-0.0490432,0.555821,-0.829854]]],"btipPosition":[-36.2212,172.589,3.14578],"carpPosition":[-32.3308,223.967,72.7406],"dipPosition":[-37.1329,182.921,-12.2797],"direction":[0.012789,-0.908754,0.417135],"extended":false,"handId":360,"id":3602,"length":66.2798,"mcpPosition":[-34.5914,244.634,6.93534],"pipPosition":[-37.4926,208.483,-24.0129],"stabilizedTipPosition":[-21.1374,159.263,-15.3158],"timeVisible":24.3497,"tipPosition":[-36.5412,174.063,-0.44129],"tipVelocity":[-209.521,350.282,123.29],"tool":false,"touchDistance":0.333333,"touchZone":"none","type":2,"width":18.7912},{"bases":[[[0.986795,-0.143349,0.0754071],[0.111638,0.939245,0.324585],[-0.117355,-0.31188,0.942846]],[[0.990237,-0.132579,0.0430569],[0.115011,0.602535,-0.789762],[0.0787623,0.787003,0.6119]],[[0.990237,-0.132579,0.0430569],[-0.0237573,-0.464879,-0.885055],[0.137356,0.875392,-0.46349]],[[0.990237,-0.132579,0.0430569],[-0.0938727,-0.862588,-0.497122],[0.103048,0.488227,-0.866612]]],"btipPosition":[-22.1237,176.256,14.9661],"carpPosition":[-20.246,224.724,71.712],"dipPosition":[-20.2193,185.279,-1.05006],"direction":[-0.137356,-0.875392,0.46349],"extended":false,"handId":360,"id":3603,"length":63.7298,"mcpPosition":[-12.9746,244.048,13.2926],"pipPosition":[-16.4555,209.266,-13.7504],"stabilizedTipPosition":[-8.46246,164.71,-3.21987],"timeVisible":24.3497,"tipPosition":[-21.7366,178.059,11.1966],"tipVelocity":[-165.162,304.645,153.639],"tool":false,"touchDistance":0.333333,"touchZone":"none","type":3,"width":17.881},{"bases":[[[0.934479,-0.331689,0.12935],[0.252952,0.874247,0.414376],[-0.250528,-0.354506,0.900867]],[[0.923924,-0.34535,0.164614],[0.339571,0.542071,-0.768668],[0.176227,0.766089,0.618103]],[[0.923924,-0.34535,0.164614],[-0.0216487,-0.476784,-0.878754],[0.381963,0.808338,-0.447988]],[[0.923924,-0.34535,0.164614],[-0.216356,-0.826525,-0.51966],[0.315522,0.444511,-0.838365]]],"btipPosition":[-12.3012,188.638,20.555],"carpPosition":[-7.73761,218.317,70.883],"dipPosition":[-6.92161,196.217,6.26096],"direction":[-0.381963,-0.808338,0.447988],"extended":false,"handId":360,"id":3604,"length":49.963,"mcpPosition":[6.63179,238.65,19.2125],"pipPosition":[0.468115,211.856,-2.40614],"stabilizedTipPosition":[0.646452,179.105,-2.27106],"timeVisible":24.3497,"tipPosition":[-11.0124,190.194,16.0316],"tipVelocity":[-110.646,230.27,280.74],"tool":false,"touchDistance":0.333333,"touchZone":"none","type":4,"width":15.8833}],"r":[[0.73693,0.397995,0.546383],[-0.346023,0.916469,-0.200877],[-0.580691,-0.0410285,0.813089]],"s":1.27271,"t":[28.2672,3.02066,-130.969],"timestamp":15372935709},false],[5,{"currentFrameRate":108.855,"devices":[],"gestures":[],"hands":[{"armBasis":[[0.94797,0.170747,-0.268696],[-0.0935107,0.956115,0.27767],[0.304316,-0.238097,0.922335]],"armWidth":63.029,"confidence":0.60054,"direction":[-0.0302609,0.451714,-0.891649],"elbow":[58.6139,147.472,326.21],"grabStrength":0.688564,"id":360,"palmNormal":[0.0894276,-0.887257,-0.452524],"palmPosition":[-31.401,230.693,30.2172],"palmVelocity":[-114.265,78.999,313.767],"palmWidth":90.0033,"pinchStrength":0.775128,"r":[[0.748813,0.382871,0.541007],[-0.344492,0.92218,-0.175813],[-0.56622,-0.0547216,0.822436]],"s":1.24589,"sphereCenter":[-37.1302,205.613,-5.11821],"sphereRadius":44.1561,"stabilizedPalmPosition":[-21.228,225.812,8.84503],"t":[27.283,3.79379,-127.791],"timeVisible":24.3586,"type":"right","wrist":[-22.6603,211.061,79.88]}],"id":1172000,"interactionBox":{"center":[0,200,0],"size":[235.247,235.247,147.751]},"pointables":[{"bases":[[[0.314709,0.919327,0.236211],[-0.829383,0.145312,0.539452],[0.461609,-0.365679,0.808206]],[[0.104665,0.9889,-0.105463],[-0.876281,0.14185,0.460445],[0.470294,0.0442233,0.881401]],[[0.104665,0.9889,-0.105463],[-0.994353,0.10219,-0.0286156],[-0.0175206,0.107863,0.994011]],[[0.104665,0.9889,-0.105463],[-0.852042,0.0344738,-0.522337],[-0.512903,0.144529,0.846192]]],"btipPosition":[-60.4324,188.252,-18.9516],"carpPosition":[-49.6755,197.419,77.6818],"dipPosition":[-72.306,191.597,0.63758],"direction":[0.0175206,-0.107863,-0.994011],"extended":false,"handId":360,"id":3600,"length":51.5512,"mcpPosition":[-49.6755,197.419,77.6818],"pipPosition":[-72.8969,195.235,34.1615],"stabilizedTipPosition":[-43.3589,183.574,-23.3247],"timeVisible":24.3586,"tipPosition":[-64.2009,189.529,-12.8432],"tipVelocity":[-370.467,96.6041,-13.0445],"tool":false,"touchDistance":0.348261,"touchZone":"hovering","type":0,"width":20.0304},{"bases":[[[0.97632,0.167949,-0.136355],[-0.117659,0.94117,0.31679],[0.181538,-0.293245,0.938643]],[[0.982506,0.156698,-0.100632],[-0.0943959,0.884849,0.456215],[0.160532,-0.438734,0.884161]],[[0.982506,0.156698,-0.100632],[-0.181489,0.926805,-0.328776],[0.0417476,0.341289,0.939031]],[[0.982506,0.156698,-0.100632],[-0.165595,0.487882,-0.857059],[-0.0852031,0.85873,0.505295]]],"btipPosition":[-63.3743,237.418,-59.7662],"carpPosition":[-43.7832,220.106,77.1047],"dipPosition":[-64.8143,251.931,-51.2265],"direction":[-0.0417476,-0.341289,-0.939031],"extended":true,"handId":360,"id":3601,"length":58.1698,"mcpPosition":[-56.9941,241.446,8.79788],"pipPosition":[-63.8162,260.091,-28.7759],"stabilizedTipPosition":[-58.5386,254.221,-82.9204],"timeVisible":24.3586,"tipPosition":[-61.79,237.502,-53.5581],"tipVelocity":[-25.8487,-282.842,546.482],"tool":false,"touchDistance":0.748023,"touchZone":"hovering","type":1,"width":19.133},{"bases":[[[0.997527,-0.0361373,-0.0602813],[0.0531077,0.949348,0.309707],[0.0460359,-0.312143,0.948919]],[[0.995345,-0.0253479,-0.0929797],[-0.0520226,0.670833,-0.739782],[0.0811258,0.741175,0.666392]],[[0.995345,-0.0253479,-0.0929797],[-0.0947413,-0.434147,-0.895846],[-0.017659,0.900485,-0.434528]],[[0.995345,-0.0253479,-0.0929797],[-0.0694209,-0.857783,-0.509302],[-0.0668467,0.513386,-0.85555]]],"btipPosition":[-37.6293,175.217,6.31551],"carpPosition":[-32.3237,223.885,75.4482],"dipPosition":[-38.8719,184.76,-9.58765],"direction":[0.017659,-0.900485,0.434528],"extended":false,"handId":360,"id":3602,"length":66.2798,"mcpPosition":[-35.5007,245.427,9.96197],"pipPosition":[-39.3686,210.089,-21.8101],"stabilizedTipPosition":[-23.3982,161.708,-12.8938],"timeVisible":24.3586,"tipPosition":[-38.0671,176.279,2.29689],"tipVelocity":[-197.811,329.638,183.206],"tool":false,"touchDistance":0.333333,"touchZone":"none","type":2,"width":18.7912},{"bases":[[[0.986568,-0.15314,0.0568426],[0.125681,0.933906,0.334701],[-0.104342,-0.323061,0.940608]],[[0.989746,-0.141119,0.0221075],[0.108318,0.640604,-0.760193],[0.0931155,0.754792,0.649321]],[[0.989746,-0.141119,0.0221075],[-0.0461174,-0.462181,-0.885585],[0.135191,0.875485,-0.46395]],[[0.989746,-0.141119,0.0221075],[-0.114009,-0.873697,-0.472921],[0.0860535,0.465551,-0.880827]]],"btipPosition":[-23.1964,178.612,16.2394],"carpPosition":[-20.2514,224.547,74.2251],"dipPosition":[-21.606,187.216,-0.039548],"direction":[-0.135191,-0.875485,0.46395],"extended":false,"handId":360,"id":3603,"length":63.7298,"mcpPosition":[-13.7863,244.564,15.9443],"pipPosition":[-17.9016,211.206,-12.7525],"stabilizedTipPosition":[-10.0427,166.457,-1.49148],"timeVisible":24.3586,"tipPosition":[-22.9647,179.923,12.6685],"tipVelocity":[-155.166,290.729,148.855],"tool":false,"touchDistance":0.333333,"touchZone":"none","type":3,"width":17.881},{"bases":[[[0.933442,-0.341691,0.109237],[0.267883,0.866482,0.421244],[-0.238587,-0.363944,0.900345]],[[0.929119,-0.348015,0.124996],[0.315357,0.569209,-0.75931],[0.193103,0.744907,0.638612]],[[0.929119,-0.348015,0.124996],[-0.0615711,-0.478905,-0.875705],[0.36462,0.805938,-0.466387]],[[0.929119,-0.348015,0.124996],[-0.246508,-0.834881,-0.492147],[0.275631,0.42645,-0.861492]]],"btipPosition":[-12.6411,189.998,22.837],"carpPosition":[-7.81801,218.04,73.1021],"dipPosition":[-7.94161,197.269,8.14869],"direction":[-0.36462,-0.805938,0.466387],"extended":false,"handId":360,"id":3604,"length":49.963,"mcpPosition":[5.86649,238.915,21.4616],"pipPosition":[-0.887419,212.861,-0.874371],"stabilizedTipPosition":[0.118154,179.649,-1.33061],"timeVisible":24.3586,"tipPosition":[-11.7633,191.287,18.3413],"tipVelocity":[-95.6779,206.94,271.241],"tool":false,"touchDistance":0.333333,"touchZone":"none","type":4,"width":15.8833}],"r":[[0.748813,0.382871,0.541007],[-0.344492,0.92218,-0.175813],[-0.56622,-0.0547216,0.822436]],"s":1.24589,"t":[27.283,3.79379,-127.791],"timestamp":15372944622},false],[6,{"currentFrameRate":108.937,"devices":[],"gestures":[],"hands":[{"armBasis":[[0.947568,0.167316,-0.27225],[-0.0886741,0.956186,0.279008],[0.307004,-0.240238,0.920888]],"armWidth":63.029,"confidence":0.629647,"direction":[-0.0355866,0.458058,-0.88821],"elbow":[59.0413,146.928,327.242],"grabStrength":0.797347,"id":360,"palmNormal":[0.083367,-0.884314,-0.459389],"palmPosition":[-32.0046,231.096,31.8419],"palmVelocity":[-101.202,69.5154,276.896],"palmWidth":90.0033,"pinchStrength":0.732204,"r":[[0.759211,0.369616,0.535708],[-0.342613,0.926787,-0.153889],[-0.553367,-0.0667067,0.830262]],"s":1.22299,"sphereCenter":[-35.6603,205.92,-3.74588],"sphereRadius":43.7922,"stabilizedPalmPosition":[-21.4231,225.908,9.26136],"t":[26.4891,4.38161,-125.389],"timeVisible":24.3676,"type":"right","wrist":[-22.951,211.089,81.2988]}],"id":1172001,"interactionBox":{"center":[0,200,0],"size":[235.247,235.247,147.751]},"pointables":[{"bases":[[[0.319231,0.916711,0.240275],[-0.824876,0.143964,0.546676],[0.466553,-0.372713,0.802131]],[[0.1029,0.989112,-0.105211],[-0.874702,0.140342,0.463897],[0.473611,0.0442931,0.879619]],[[0.1029,0.989112,-0.105211],[-0.994691,0.102403,-0.0101341],[0.000750167,0.105695,0.994398]],[[0.1029,0.989112,-0.105211],[-0.911273,0.0513413,-0.40859],[-0.398739,0.13792,0.906634]]],"btipPosition":[-64.2025,188.598,-18.7494],"carpPosition":[-50.0228,197.542,79.2083],"dipPosition":[-73.4332,191.791,2.23897],"direction":[-0.000750167,-0.105695,-0.994398],"extended":false,"handId":360,"id":3600,"length":51.5512,"mcpPosition":[-50.0228,197.542,79.2083],"pipPosition":[-73.4079,195.355,35.7759],"stabilizedTipPosition":[-48.0662,184.754,-21.3976],"timeVisible":24.3676,"tipPosition":[-66.5336,189.869,-12.2364],"tipVelocity":[-364.862,79.4883,6.5261],"tool":false,"touchDistance":0.354629,"touchZone":"hovering","type":0,"width":20.0304},{"bases":[[[0.97577,0.166021,-0.14251],[-0.112453,0.939263,0.324253],[0.187687,-0.30037,0.935174]],[[0.984041,0.150557,-0.0948459],[-0.0935602,0.891168,0.443921],[0.151359,-0.427963,0.891032]],[[0.984041,0.150557,-0.0948459],[-0.176231,0.898315,-0.402459],[0.0246086,0.412751,0.910511]],[[0.984041,0.150557,-0.0948459],[-0.146373,0.381802,-0.91258],[-0.101183,0.911899,0.397746]]],"btipPosition":[-63.0357,234.982,-55.6651],"carpPosition":[-44.0668,220.216,78.7458],"dipPosition":[-64.7457,250.393,-48.943],"direction":[-0.0246086,-0.412751,-0.910511],"extended":true,"handId":360,"id":3601,"length":58.1698,"mcpPosition":[-57.7252,242.074,10.6915],"pipPosition":[-64.1574,260.261,-27.1742],"stabilizedTipPosition":[-58.8724,253.15,-80.9545],"timeVisible":24.3676,"tipPosition":[-62.3194,236.761,-51.2498],"tipVelocity":[-10.2991,-272.939,508.282],"tool":false,"touchDistance":0.7618,"touchZone":"hovering","type":1,"width":19.133},{"bases":[[[0.996934,-0.0386567,-0.0680297],[0.0582796,0.946986,0.315944],[0.0522098,-0.31894,0.946336]],[[0.994347,-0.0269287,-0.102705],[-0.0562811,0.686551,-0.7249],[0.0900329,0.726583,0.681154]],[[0.994347,-0.0269287,-0.102705],[-0.104134,-0.436153,-0.893827],[-0.0207255,0.89947,-0.436492]],[[0.994347,-0.0269287,-0.102705],[-0.0741514,-0.86845,-0.4902],[-0.0759937,0.495045,-0.865538]]],"btipPosition":[-38.5088,176.839,7.61245],"carpPosition":[-32.6087,223.973,77.0299],"dipPosition":[-39.9214,186.041,-8.47635],"direction":[0.0207255,-0.899469,0.436492],"extended":false,"handId":360,"id":3602,"length":66.2798,"mcpPosition":[-36.2118,245.983,11.7219],"pipPosition":[-40.5043,211.341,-20.754],"stabilizedTipPosition":[-25.9832,164.597,-10.0793],"timeVisible":24.3676,"tipPosition":[-38.986,177.709,3.61294],"tipVelocity":[-171.342,285.914,170.995],"tool":false,"touchDistance":0.333333,"touchZone":"none","type":2,"width":18.7912},{"bases":[[[0.986502,-0.156447,0.0483506],[0.130992,0.931155,0.340283],[-0.0982581,-0.329356,0.939079]],[[0.989521,-0.14383,0.0126625],[0.10396,0.648866,-0.753767],[0.100198,0.747185,0.657019]],[[0.989521,-0.14383,0.0126625],[-0.0572953,-0.471646,-0.879924],[0.132532,0.869979,-0.474945]],[[0.989521,-0.14383,0.0126625],[-0.122438,-0.882349,-0.45439],[0.0765276,0.448078,-0.890713]]],"btipPosition":[-23.9301,179.873,17.9734],"carpPosition":[-20.544,224.607,75.7206],"dipPosition":[-22.5157,188.154,1.51183],"direction":[-0.132532,-0.869979,0.474945],"extended":false,"handId":360,"id":3603,"length":63.7298,"mcpPosition":[-14.4559,245.015,17.5346],"pipPosition":[-18.8841,211.993,-11.5024],"stabilizedTipPosition":[-11.8319,168.478,0.576993],"timeVisible":24.3676,"tipPosition":[-23.7555,180.989,14.1533],"tipVelocity":[-136.037,246.829,159.454],"tool":false,"touchDistance":0.333333,"touchZone":"none","type":3,"width":17.881},{"bases":[[[0.933204,-0.345204,0.0998202],[0.273635,0.862705,0.42528],[-0.232924,-0.369559,0.89954]],[[0.931562,-0.347766,0.106074],[0.304642,0.587342,-0.749815],[0.198458,0.730813,0.65309]],[[0.931562,-0.347766,0.106074],[-0.0780974,-0.476329,-0.875792],[0.355096,0.80757,-0.47089]],[[0.931562,-0.347766,0.106074],[-0.258298,-0.838335,-0.480079],[0.25588,0.419825,-0.870788]]],"btipPosition":[-12.9532,190.926,23.979],"carpPosition":[-8.13897,218.072,74.4587],"dipPosition":[-8.59047,198.084,9.13213],"direction":[-0.355096,-0.80757,0.47089],"extended":false,"handId":360,"id":3604,"length":49.963,"mcpPosition":[5.2207,239.269,22.8643],"pipPosition":[-1.72053,213.708,0.0219694],"stabilizedTipPosition":[-0.40748,180.212,-0.376949],"timeVisible":24.3676,"tipPosition":[-12.2778,192.092,19.6199],"tipVelocity":[-81.2061,177.456,230.249],"tool":false,"touch