{"sensorType":"Leap","data":[[0,{"currentFrameRate":105.23,"devices":[],"gestures":[],"hands":[{"armBasis":[[0.941503,0.226884,-0.249191],[-0.124871,0.921658,0.367361],[0.313018,-0.314755,0.896074]],"armWidth":63.029,"confidence":0.925628,"direction":[0.0411782,0.607914,-0.792935],"elbow":[45.3526,171.535,317.406],"grabStrength":0.702688,"id":360,"palmNormal":[0.140723,-0.789226,-0.597762],"palmPosition":[-42.9034,284.04,32.291],"palmVelocity":[-15.9222,174.981,-200.36],"palmWidth":90.0033,"pinchStrength":0.280156,"r":[[0.756089,0.19592,0.624456],[-0.320357,0.942811,0.0920841],[-0.570702,-0.269672,0.775613]],"s":1.24597,"sphereCenter":[-61.5418,266.558,-8.05134],"sphereRadius":47.536,"stabilizedPalmPosition":[-43.3815,244.332,69.7135],"t":[15.0462,56.2836,-120.947],"timeVisible":4.6276,"type":"right","wrist":[-38.2456,255.597,78.0896]}],"id":1169854,"interactionBox":{"center":[0,200,0],"size":[235.247,235.247,147.751]},"pointables":[{"bases":[[[0.280217,0.859525,0.427429],[-0.8751,0.0457134,0.481779],[0.394562,-0.509046,0.764979]],[[0.072501,0.996677,0.0371209],[-0.856635,0.043166,0.514114],[0.510803,-0.0690728,0.856918]],[[0.072501,0.996677,0.0371209],[-0.995365,0.074663,-0.0606105],[-0.0631807,-0.0325545,0.997471]],[[0.072501,0.996677,0.0371209],[-0.949078,0.0575019,0.30975],[0.306586,-0.0576878,0.950093]]],"btipPosition":[-94.964,248.5,-26.8876],"carpPosition":[-64.7759,242.656,71.0589],"dipPosition":[-87.8666,247.164,-4.89311],"direction":[0.0631807,0.0325545,-0.997471],"extended":false,"handId":360,"id":3600,"length":51.5512,"mcpPosition":[-64.7759,242.656,71.0589],"pipPosition":[-89.9974,246.066,28.7475],"stabilizedTipPosition":[-92.0521,209.996,20.8757],"timeVisible":4.6276,"tipPosition":[-92.2222,247.716,-21.7711],"tipVelocity":[-2.08022,193.413,-217.013],"tool":false,"touchDistance":-0.602159,"touchZone":"hovering","type":0,"width":20.0304},{"bases":[[[0.982063,0.187804,-0.0167649],[-0.157782,0.867226,0.472254],[0.10323,-0.461138,0.881303]],[[0.958409,0.249667,-0.13827],[-0.141422,0.836273,0.529762],[0.247896,-0.488174,0.8368]],[[0.958409,0.249667,-0.13827],[-0.277834,0.926999,-0.251953],[0.0652718,0.27989,0.957811]],[[0.958409,0.249667,-0.13827],[-0.25816,0.551844,-0.792983],[-0.121678,0.795698,0.593346]]],"btipPosition":[-76.7212,299.213,-57.453],"carpPosition":[-59.1701,265.049,75.1694],"dipPosition":[-78.7776,312.661,-47.4253],"direction":[-0.0652718,-0.27989,-0.957811],"extended":false,"handId":360,"id":3601,"length":58.1698,"mcpPosition":[-66.6824,298.607,11.0354],"pipPosition":[-77.2171,319.352,-24.5257],"stabilizedTipPosition":[-76.4797,272.934,-24.6288],"timeVisible":4.6276,"tipPosition":[-76.4542,300.009,-54.0515],"tipVelocity":[-37.757,342.082,-260.085],"tool":false,"touchDistance":-0.712121,"touchZone":"hovering","type":1,"width":19.133},{"bases":[[[0.999393,-0.0268348,0.022196],[0.012824,0.876157,0.481855],[-0.0323776,-0.481278,0.87597]],[[0.997323,-0.045901,0.0569191],[0.0717959,0.762237,-0.643304],[-0.0138576,0.645668,0.763492]],[[0.997323,-0.045901,0.0569191],[0.0318156,-0.428472,-0.902995],[0.0658366,0.902389,-0.425864]],[[0.997323,-0.045901,0.0569191],[-0.0136881,-0.88186,-0.471313],[0.0718284,0.469273,-0.880127]]],"btipPosition":[-47.9552,237.365,6.73432],"carpPosition":[-47.6633,269.041,75.2491],"dipPosition":[-46.62,246.088,-9.62568],"direction":[-0.0658366,-0.902389,0.425864],"extended":false,"handId":360,"id":3602,"length":66.2798,"mcpPosition":[-45.4289,302.254,14.7972],"pipPosition":[-44.7682,271.47,-21.6044],"stabilizedTipPosition":[-53.8392,213.854,32.3361],"timeVisible":4.6276,"tipPosition":[-47.538,239.684,1.37256],"tipVelocity":[1.02566,177.278,-192.837],"tool":false,"touchDistance":0.333333,"touchZone":"none","type":2,"width":18.7912},{"bases":[[[0.979907,-0.163338,0.114472],[0.0831547,0.856212,0.509888],[-0.181297,-0.490124,0.85259]],[[0.982372,-0.15639,0.102404],[0.184554,0.724246,-0.664385],[0.0297379,0.671573,0.740342]],[[0.982372,-0.15639,0.102404],[0.0179537,-0.46634,-0.884423],[0.18607,0.870672,-0.455312]],[[0.982372,-0.15639,0.102404],[-0.093135,-0.884443,-0.45726],[0.162081,0.439662,-0.883418]]],"btipPosition":[-33.7158,238.592,18.4923],"carpPosition":[-35.5407,269.887,75.2358],"dipPosition":[-30.7203,246.717,2.16546],"direction":[-0.18607,-0.870672,0.455312],"extended":false,"handId":360,"id":3603,"length":63.7298,"mcpPosition":[-24.3074,300.255,22.4087],"pipPosition":[-25.6217,270.575,-10.3108],"stabilizedTipPosition":[-32.0547,206.665,36.6641],"timeVisible":4.6276,"tipPosition":[-32.9009,240.54,13.5319],"tipVelocity":[-1.69703,179.522,-192.227],"tool":false,"touchDistance":0.333333,"touchZone":"none","type":3,"width":17.881},{"bases":[[[0.925038,-0.358177,0.126549],[0.218208,0.773696,0.594793],[-0.310952,-0.522592,0.793855]],[[0.838403,-0.460552,0.291499],[0.541905,0.646967,-0.536445],[0.0584707,0.607722,0.791995]],[[0.838403,-0.460552,0.291499],[0.0746861,-0.432693,-0.898442],[0.539909,0.775028,-0.328375]],[[0.838403,-0.460552,0.291499],[-0.254811,-0.803959,-0.537328],[0.48182,0.37622,-0.791396]]],"btipPosition":[-25.8383,250.977,20.6518],"carpPosition":[-22.9679,263.668,74.039],"dipPosition":[-17.6234,257.392,7.15862],"direction":[-0.539909,-0.775028,0.328375],"extended":false,"handId":360,"id":3604,"length":49.963,"mcpPosition":[-5.13283,293.642,28.5063],"pipPosition":[-7.17789,272.386,0.805652],"stabilizedTipPosition":[-24.5217,218.789,44.1812],"timeVisible":4.6276,"tipPosition":[-23.5186,252.551,16.341],"tipVelocity":[-17.6706,179.425,-152.179],"tool":false,"touchDistance":0.333333,"touchZone":"none","type":4,"width":15.8833}],"r":[[0.756089,0.19592,0.624456],[-0.320357,0.942811,0.0920841],[-0.570702,-0.269672,0.775613]],"s":1.24597,"t":[15.0462,56.2836,-120.947],"timestamp":15353213625},false],[1,{"currentFrameRate":105.478,"devices":[],"gestures":[],"hands":[{"armBasis":[[0.940674,0.234307,-0.245423],[-0.131236,0.918243,0.373641],[0.312905,-0.319266,0.894516]],"armWidth":63.029,"confidence":0.930021,"direction":[0.0375206,0.621686,-0.782367],"elbow":[45.1582,171.145,315.556],"grabStrength":0.664099,"id":360,"palmNormal":[0.147116,-0.777824,-0.611021],"palmPosition":[-43.2298,285.6,31.3455],"palmVelocity":[-21.4981,174.41,-174.072],"palmWidth":90.0033,"pinchStrength":0.278747,"r":[[0.75387,0.195657,0.627215],[-0.322293,0.942009,0.0935178],[-0.572545,-0.272647,0.773211]],"s":1.25667,"sphereCenter":[-62.2981,268.97,-9.25556],"sphereRadius":47.9008,"stabilizedPalmPosition":[-43.3784,245.181,68.9245],"t":[14.7581,57.8789,-122.215],"timeVisible":4.63662,"type":"right","wrist":[-38.41,256.412,76.6558]}],"id":1169855,"interactionBox":{"center":[0,200,0],"size":[235.247,235.247,147.751]},"pointables":[{"bases":[[[0.27347,0.854108,0.442395],[-0.875899,0.0310517,0.481494],[0.39751,-0.519168,0.756604]],[[0.0650375,0.996418,0.0540522],[-0.857331,0.0280764,0.514],[0.510641,-0.0797698,0.856086]],[[0.0650375,0.996418,0.0540522],[-0.995828,0.0682825,-0.0605287],[-0.0640027,-0.04989,0.996702]],[[0.0650375,0.996418,0.0540522],[-0.949905,0.0452259,0.309248],[0.305696,-0.0714572,0.949444]]],"btipPosition":[-94.9692,250.675,-28.4899],"carpPosition":[-64.8374,243.399,69.3745],"dipPosition":[-87.8924,249.02,-6.51043],"direction":[0.0640027,0.04989,-0.996702],"extended":false,"handId":360,"id":3600,"length":51.5512,"mcpPosition":[-64.8374,243.399,69.3745],"pipPosition":[-90.0509,247.338,27.1042],"stabilizedTipPosition":[-92.0756,210.729,20.0701],"timeVisible":4.63662,"tipPosition":[-92.251,249.843,-23.3858],"tipVelocity":[-1.81096,204.289,-206.28],"tool":false,"touchDistance":-0.594363,"touchZone":"hovering","type":0,"width":20.0304},{"bases":[[[0.980675,0.195246,-0.0124295],[-0.164619,0.857835,0.486847],[0.105718,-0.475393,0.873399]],[[0.956969,0.25849,-0.131882],[-0.143806,0.81717,0.55817],[0.252051,-0.515186,0.819178]],[[0.956969,0.25849,-0.131882],[-0.280889,0.939249,-0.197265],[0.0728786,0.225821,0.971439]],[[0.956969,0.25849,-0.131882],[-0.267057,0.606675,-0.74875],[-0.113535,0.75175,0.649601]]],"btipPosition":[-77.6284,304.144,-58.7009],"carpPosition":[-59.4002,265.759,73.8741],"dipPosition":[-79.5472,316.848,-47.7224],"direction":[-0.0728786,-0.225821,-0.971439],"extended":false,"handId":360,"id":3601,"length":58.1698,"mcpPosition":[-67.0935,300.354,10.3152],"pipPosition":[-77.8048,322.247,-24.497],"stabilizedTipPosition":[-76.6587,276.775,-28.1791],"timeVisible":4.63662,"tipPosition":[-77.3212,304.684,-55.1816],"tipVelocity":[-54.0723,393.129,-219.918],"tool":false,"touchDistance":-0.68468,"touchZone":"hovering","type":1,"width":19.133},{"bases":[[[0.99954,-0.0198959,0.022872],[0.00590666,0.867848,0.496794],[-0.0297336,-0.49643,0.867567]],[[0.997598,-0.0393992,0.0569655],[0.0665616,0.772792,-0.631159],[-0.0191553,0.633435,0.773559]],[[0.997598,-0.0393992,0.0569655],[0.0355065,-0.41526,-0.90901],[0.0594698,0.908849,-0.412864]],[[0.997598,-0.0393992,0.0569655],[-0.00694692,-0.87522,-0.483675],[0.0689138,0.482118,-0.873392]]],"btipPosition":[-47.9116,239.365,5.12941],"carpPosition":[-47.9231,269.833,74.0351],"dipPosition":[-46.6307,248.327,-11.1054],"direction":[-0.0594698,-0.908849,0.412864],"extended":false,"handId":360,"id":3602,"length":66.2798,"mcpPosition":[-45.8712,304.092,14.1631],"pipPosition":[-44.9579,273.891,-22.7184],"stabilizedTipPosition":[-53.6226,214.814,31.259],"timeVisible":4.63662,"tipPosition":[-47.5132,241.743,-0.162859],"tipVelocity":[1.69166,191.189,-187.852],"tool":false,"touchDistance":0.333333,"touchZone":"none","type":2,"width":18.7912},{"bases":[[[0.980962,-0.158098,0.112776],[0.0763534,0.847942,0.524561],[-0.17856,-0.505964,0.84387]],[[0.983811,-0.149613,0.0986464],[0.17722,0.730498,-0.65952],[0.0266119,0.666325,0.745186]],[[0.983811,-0.149613,0.0986464],[0.0186558,-0.461965,-0.886702],[0.178234,0.874188,-0.451695]],[[0.983811,-0.149613,0.0986464],[-0.0876708,-0.881906,-0.463202],[0.156298,0.447055,-0.880745]]],"btipPosition":[-33.692,240.453,17.4843],"carpPosition":[-35.8071,270.768,74.0501],"dipPosition":[-30.8034,248.715,1.20691],"direction":[-0.178234,-0.874188,0.451695],"extended":false,"handId":360,"id":3603,"length":63.7298,"mcpPosition":[-24.7434,302.118,21.7633],"pipPosition":[-25.9195,272.669,-11.1703],"stabilizedTipPosition":[-32.0898,207.954,35.8359],"timeVisible":4.63662,"tipPosition":[-32.905,242.471,12.4347],"tipVelocity":[-1.25245,187.853,-169.735],"tool":false,"touchDistance":0.333333,"touchZone":"none","type":3,"width":17.881},{"bases":[[[0.927512,-0.353512,0.121454],[0.211922,0.764975,0.608196],[-0.307914,-0.53837,0.78444]],[[0.841533,-0.459265,0.284426],[0.537528,0.659538,-0.525427],[0.0537202,0.595051,0.80189]],[[0.841533,-0.459265,0.284426],[0.0772967,-0.418726,-0.904817],[0.534647,0.783418,-0.316872]],[[0.841533,-0.459265,0.284426],[-0.249874,-0.797734,-0.548802],[0.478942,0.390764,-0.786078]]],"btipPosition":[-25.9154,252.91,19.2549],"carpPosition":[-23.1878,264.662,72.7614],"dipPosition":[-17.7495,259.572,5.85238],"direction":[-0.534647,-0.783418,0.316872],"extended":false,"handId":360,"id":3604,"length":49.963,"mcpPosition":[-5.52694,295.541,27.7687],"pipPosition":[-7.40584,274.729,-0.278052],"stabilizedTipPosition":[-24.5054,219.994,43.2348],"timeVisible":4.63662,"tipPosition":[-23.6302,254.545,15.0108],"tipVelocity":[-15.5041,190.73,-152.278],"tool":false,"touchDistance":0.333333,"touchZone":"none","type":4,"width":15.8833}],"r":[[0.75387,0.195657,0.627215],[-0.322293,0.942009,0.0935178],[-0.572545,-0.272647,0.773211]],"s":1.25667,"t":[14.7581,57.8789,-122.215],"timestamp":15353222646},false],[2,{"currentFrameRate":105.69,"devices":[],"gestures":[],"hands":[{"armBasis":[[0.940772,0.234689,-0.244682],[-0.131764,0.918047,0.373936],[0.312388,-0.319549,0.894596]],"armWidth":63.029,"confidence":0.932785,"direction":[0.034625,0.635761,-0.771109],"elbow":[44.8759,171.821,314.081],"grabStrength":0.628105,"id":360,"palmNormal":[0.148236,-0.766304,-0.625144],"palmPosition":[-43.5236,287.149,30.3894],"palmVelocity":[-24.5084,173.402,-155.1],"palmWidth":90.0033,"pinchStrength":0.277661,"r":[[0.752178,0.193586,0.629883],[-0.32433,0.940839,0.0981463],[-0.573619,-0.278114,0.770464]],"s":1.2683,"sphereCenter":[-63.3615,271.579,-10.3263],"sphereRadius":48.3038,"stabilizedPalmPosition":[-43.382,246.234,67.958],"t":[14.4672,59.4508,-123.327],"timeVisible":4.64569,"type":"right","wrist":[-38.5543,257.163,75.1597]}],"id":1169856,"interactionBox":{"center":[0,200,0],"size":[235.247,235.247,147.751]},"pointables":[{"bases":[[[0.271878,0.846747,0.457277],[-0.875221,0.0200142,0.48331],[0.400089,-0.53162,0.746532]],[[0.0613452,0.995669,0.069858],[-0.856524,0.0165799,0.51584],[0.512448,-0.0914794,0.853832]],[[0.0613452,0.995669,0.069858],[-0.996191,0.065422,-0.0576474],[-0.061968,-0.0660555,0.99589]],[[0.0613452,0.995669,0.069858],[-0.949793,0.0367182,0.310717],[0.306806,-0.0854116,0.947932]]],"btipPosition":[-95.2736,252.934,-30.005],"carpPosition":[-64.9582,244.212,67.6857],"dipPosition":[-88.1711,250.957,-8.06059],"direction":[0.061968,0.0660555,-0.99589],"extended":false,"handId":360,"id":3600,"length":51.5512,"mcpPosition":[-64.9582,244.212,67.6857],"pipPosition":[-90.261,248.729,25.5267],"stabilizedTipPosition":[-92.1116,211.69,19.0338],"timeVisible":4.64569,"tipPosition":[-92.6147,252.141,-24.9138],"tipVelocity":[-10.4053,214.417,-195.689],"tool":false,"touchDistance":-0.586108,"touchZone":"hovering","type":0,"width":20.0304},{"bases":[[[0.980129,0.19809,-0.0104094],[-0.166149,0.848488,0.502457],[0.108364,-0.490743,0.86454]],[[0.956213,0.263128,-0.128145],[-0.141301,0.798486,0.585195],[0.256303,-0.541464,0.800703]],[[0.956213,0.263128,-0.128145],[-0.280445,0.949005,-0.144018],[0.0837154,0.173649,0.981243]],[[0.956213,0.263128,-0.128145],[-0.274822,0.656675,-0.702318],[-0.10065,0.706783,0.700234]]],"btipPosition":[-78.6522,309.128,-59.6566],"carpPosition":[-59.5739,266.502,72.5786],"dipPosition":[-80.3532,321.073,-47.8225],"direction":[-0.0837154,-0.173649,-0.981243],"extended":true,"handId":360,"id":3601,"length":58.1698,"mcpPosition":[-67.4597,302.214,9.66448],"pipPosition":[-78.3517,325.224,-24.3626],"stabilizedTipPosition":[-77.0051,281.875,-32.3568],"timeVisible":4.64569,"tipPosition":[-78.2937,309.449,-56.0569],"tipVelocity":[-68.8009,431.038,-182.267],"tool":false,"touchDistance":-0.65593,"touchZone":"hovering","type":1,"width":19.133},{"bases":[[[0.999625,-0.0176005,0.0209857],[0.00436521,0.858782,0.512322],[-0.0270393,-0.512038,0.858537]],[[0.997816,-0.037507,0.0543695],[0.0631411,0.78329,-0.618442],[-0.0193912,0.620524,0.783948]],[[0.997816,-0.037507,0.0543695],[0.0347934,-0.401213,-0.915324],[0.0561448,0.915217,-0.399032]],[[0.997816,-0.037507,0.0543695],[-0.00554321,-0.867783,-0.496912],[0.0658186,0.495526,-0.866096]]],"btipPosition":[-48.1196,241.4,3.49294],"carpPosition":[-48.1075,270.603,72.7955],"dipPosition":[-46.8962,250.611,-12.6062],"direction":[-0.0561448,-0.915217,0.399032],"extended":false,"handId":360,"id":3602,"length":66.2798,"mcpPosition":[-46.2414,305.94,13.5466],"pipPosition":[-45.3169,276.354,-23.8302],"stabilizedTipPosition":[-53.3949,215.944,30.0203],"timeVisible":4.64569,"tipPosition":[-47.7433,243.842,-1.73027],"tipVelocity":[-5.51684,202.107,-184.855],"tool":false,"touchDistance":0.333333,"touchZone":"none","type":2,"width":18.7912},{"bases":[[[0.981558,-0.157448,0.108417],[0.0749086,0.83857,0.539619],[-0.175877,-0.521546,0.834899]],[[0.984836,-0.147131,0.0919291],[0.170708,0.727322,-0.664726],[0.0309396,0.670339,0.741409]],[[0.984836,-0.147131,0.0919291],[0.0113465,-0.474126,-0.880384],[0.173117,0.868077,-0.465267]],[[0.984836,-0.147131,0.0919291],[-0.0900429,-0.886412,-0.454055],[0.148292,0.438892,-0.886218]]],"btipPosition":[-33.9482,242.362,17.4388],"carpPosition":[-35.9939,271.571,72.8088],"dipPosition":[-31.2076,250.474,1.06024],"direction":[-0.173117,-0.868077,0.465267],"extended":false,"handId":360,"id":3603,"length":63.7298,"mcpPosition":[-25.0965,303.886,21.0778],"pipPosition":[-26.4639,274.26,-11.6888],"stabilizedTipPosition":[-32.1456,209.6,34.8299],"timeVisible":4.64569,"tipPosition":[-33.1782,244.393,12.0612],"tipVelocity":[-9.75214,193.061,-124.922],"tool":false,"touchDistance":0.333333,"touchZone":"none","type":3,"width":17.881},{"bases":[[[0.928645,-0.35313,0.113657],[0.21083,0.754479,0.62154],[-0.305237,-0.553228,0.775093]],[[0.844577,-0.460733,0.272791],[0.531887,0.663379,-0.526332],[0.0615343,0.589622,0.805332]],[[0.844577,-0.460733,0.272791],[0.0679851,-0.413077,-0.908155],[0.531101,0.785552,-0.317552]],[[0.844577,-0.460733,0.272791],[-0.253257,-0.792629,-0.554618],[0.471753,0.399331,-0.78612]]],"btipPosition":[-26.3237,254.625,18.3143],"carpPosition":[-23.3604,265.523,71.3911],"dipPosition":[-18.2804,261.434,4.91104],"direction":[-0.531101,-0.785553,0.317552],"extended":false,"handId":360,"id":3604,"length":49.963,"mcpPosition":[-5.85311,297.254,26.9346],"pipPosition":[-8.00532,276.632,-1.23255],"stabilizedTipPosition":[-24.504,221.494,42.0742],"timeVisible":4.64569,"tipPosition":[-24.0337,256.358,13.9949],"tipVelocity":[-24.5201,191.331,-138.863],"tool":false,"touchDistance":0.333333,"touchZone":"none","type":4,"width":15.8833}],"r":[[0.752178,0.193586,0.629883],[-0.32433,0.940839,0.0981463],[-0.573619,-0.278114,0.770464]],"s":1.2683,"t":[14.4672,59.4508,-123.327],"timestamp":15353231715},false],[3,{"currentFrameRate":105.903,"devices":[],"gestures":[],"hands":[{"armBasis":[[0.942111,0.233925,-0.240223],[-0.130989,0.916271,0.378536],[0.308658,-0.325156,0.89387]],"armWidth":63.029,"confidence":0.936466,"direction":[0.0309966,0.642679,-0.765508],"elbow":[43.9492,171.375,312.6],"grabStrength":0.597518,"id":360,"palmNormal":[0.146662,-0.760511,-0.632545],"palmPosition":[-43.6573,288.595,29.3911],"palmVelocity":[-21.8216,169.659,-142.743],"palmWidth":90.0033,"pinchStrength":0.274625,"r":[[0.751264,0.190951,0.631775],[-0.326095,0.939624,0.103773],[-0.573815,-0.28398,0.768174]],"s":1.27906,"sphereCenter":[-64.1092,273.619,-11.3086],"sphereRadius":48.5576,"stabilizedPalmPosition":[-43.3903,247.508,66.7974],"t":[14.2549,60.96,-124.383],"timeVisible":4.65474,"type":"right","wrist":[-38.4847,258.215,73.8717]}],"id":1169857,"interactionBox":{"center":[0,200,0],"size":[235.247,235.247,147.751]},"pointables":[{"bases":[[[0.27272,0.842917,0.463804],[-0.873387,0.0147206,0.486805],[0.403509,-0.537842,0.740207]],[[0.0598653,0.995208,0.0773112],[-0.854438,0.0110459,0.519436],[0.516093,-0.0971538,0.851005]],[[0.0598653,0.995208,0.0773112],[-0.996566,0.0640256,-0.0525028],[-0.0572011,-0.0739026,0.995624]],[[0.0598653,0.995208,0.0773112],[-0.949137,0.0327671,0.313154],[0.30912,-0.092126,0.94655]]],"btipPosition":[-95.6128,254.725,-31.1275],"carpPosition":[-64.9032,245.303,66.3828],"dipPosition":[-88.4568,252.592,-9.21499],"direction":[0.0572011,0.0739026,-0.995624],"extended":false,"handId":360,"id":3600,"length":51.5512,"mcpPosition":[-64.9032,245.303,66.3828],"pipPosition":[-90.3859,250.1,24.3633],"stabilizedTipPosition":[-92.1649,212.914,17.7355],"timeVisible":4.65474,"tipPosition":[-92.9902,253.965,-26.0463],"tipVelocity":[-17.5018,208.768,-176.143],"tool":false,"touchDistance":-0.572777,"touchZone":"hovering","type":0,"width":20.0304},{"bases":[[[0.979869,0.199256,-0.0123732],[-0.165132,0.843771,0.510668],[0.112194,-0.498345,0.859689]],[[0.955539,0.265117,-0.129063],[-0.137439,0.787704,0.600527],[0.260874,-0.556089,0.78912]],[[0.955539,0.265117,-0.129063],[-0.279201,0.954265,-0.10689],[0.0948217,0.138172,0.985859]],[[0.955539,0.265117,-0.129063],[-0.281642,0.691023,-0.665706],[-0.0873048,0.672458,0.734968]]],"btipPosition":[-79.5663,312.783,-60.6328],"carpPosition":[-59.524,267.554,71.4546],"dipPosition":[-81.0418,324.147,-48.2116],"direction":[-0.0948217,-0.138172,-0.985859],"extended":true,"handId":360,"id":3601,"length":58.1698,"mcpPosition":[-67.6885,303.819,8.89345],"pipPosition":[-78.7748,327.451,-24.6414],"stabilizedTipPosition":[-77.5306,287.947,-36.9615],"timeVisible":4.65474,"tipPosition":[-79.1709,313.002,-56.9825],"tipVelocity":[-76.1042,419.471,-157.625],"tool":false,"touchDistance":-0.631287,"touchZone":"hovering","type":1,"width":19.133},{"bases":[[[0.999716,-0.0166858,0.0170137],[0.00540722,0.854164,0.519975],[-0.0232087,-0.519735,0.854012]],[[0.998089,-0.0366161,0.0497702],[0.0595004,0.786739,-0.614411],[-0.0166589,0.616199,0.787415]],[[0.998089,-0.0366161,0.0497702],[0.0311502,-0.397455,-0.917093],[0.0533618,0.916891,-0.395555]],[[0.998089,-0.0366161,0.0497702],[-0.00677808,-0.865516,-0.500835],[0.0614156,0.499541,-0.864111]]],"btipPosition":[-48.3079,243.078,2.37416],"carpPosition":[-48.0612,271.665,71.6644],"dipPosition":[-47.1663,252.364,-13.6881],"direction":[-0.0533618,-0.916891,0.395555],"extended":false,"handId":360,"id":3602,"length":66.2798,"mcpPosition":[-46.4596,307.533,12.7278],"pipPosition":[-45.6653,278.154,-24.8143],"stabilizedTipPosition":[-53.1561,217.25,28.6217],"timeVisible":4.65474,"tipPosition":[-47.9612,245.537,-2.82325],"tipVelocity":[-10.3078,198.027,-167.703],"tool":false,"touchDistance":0.333333,"touchZone":"none","type":2,"width":18.7912},{"bases":[[[0.982133,-0.15733,0.103257],[0.076076,0.833786,0.546821],[-0.172125,-0.529195,0.830858]],[[0.985435,-0.146518,0.0863115],[0.166754,0.733148,-0.659308],[0.0333216,0.664099,0.746902]],[[0.985435,-0.146518,0.0863115],[0.00765395,-0.468832,-0.883254],[0.169878,0.87105,-0.460883]],[[0.985435,-0.146518,0.0863115],[-0.0913493,-0.884218,-0.458054],[0.143431,0.443498,-0.884724]]],"btipPosition":[-34.0622,244.021,16.1301],"carpPosition":[-35.9488,272.646,71.6402],"dipPosition":[-31.4114,252.217,-0.22084],"direction":[-0.169878,-0.87105,0.460883],"extended":false,"handId":360,"id":3603,"length":63.7298,"mcpPosition":[-25.2838,305.435,20.1596],"pipPosition":[-26.7564,276.086,-12.8498],"stabilizedTipPosition":[-32.2159,211.555,33.621],"timeVisible":4.65474,"tipPosition":[-33.3359,246.047,10.8458],"tipVelocity":[-11.1661,190.961,-130.159],"tool":false,"touchDistance":0.333333,"touchZone":"none","type":3,"width":17.881},{"bases":[[[0.929449,-0.35311,0.106946],[0.2124,0.749115,0.627466],[-0.301679,-0.560483,0.771265]],[[0.848037,-0.460341,0.262525],[0.524618,0.659255,-0.538664],[0.0748983,0.594533,0.800576]],[[0.848037,-0.460341,0.262525],[0.0523007,-0.420268,-0.905892],[0.52735,0.78196,-0.332326]],[[0.848037,-0.460341,0.262525],[-0.261216,-0.794142,-0.548731],[0.461086,0.396768,-0.79371]]],"btipPosition":[-26.6947,256.085,17.8446],"carpPosition":[-23.3143,266.626,70.1202],"dipPosition":[-18.8332,262.85,4.31194],"direction":[-0.52735,-0.78196,0.332326],"extended":false,"handId":360,"id":3604,"length":49.963,"mcpPosition":[-6.01108,298.773,25.8833],"pipPosition":[-8.6307,277.979,-2.11748],"stabilizedTipPosition":[-24.5235,223.329,40.6859],"timeVisible":4.65474,"tipPosition":[-24.4105,257.863,13.3849],"tipVelocity":[-30.3388,182.747,-115.779],"tool":false,"touchDistance":0.333333,"touchZone":"none","type":4,"width":15.8833}],"r":[[0.751264,0.190951,0.631775],[-0.326095,0.939624,0.103773],[-0.573815,-0.28398,0.768174]],"s":1.27906,"t":[14.2549,60.96,-124.383],"timestamp":15353240765},false],[4,{"currentFrameRate":106.127,"devices":[],"gestures":[],"hands":[{"armBasis":[[0.942695,0.233798,-0.238044],[-0.130515,0.914983,0.381801],[0.30707,-0.328854,0.893064]],"armWidth":63.029,"confidence":0.939614,"direction":[0.0303231,0.642367,-0.765797],"elbow":[43.3577,171.912,311.265],"grabStrength":0.569367,"id":360,"palmNormal":[0.145674,-0.760809,-0.632415],"palmPosition":[-43.8662,290.104,28.2661],"palmVelocity":[-22.1985,169.044,-137.828],"palmWidth":90.0033,"pinchStrength":0.261264,"r":[[0.750695,0.188833,0.633087],[-0.327421,0.938655,0.108269],[-0.573806,-0.288563,0.766471]],"s":1.2891,"sphereCenter":[-64.6529,275.227,-12.3362],"sphereRadius":48.7562,"stabilizedPalmPosition":[-43.41,249.273,65.2015],"t":[14.0443,62.4689,-125.473],"timeVisible":4.66375,"type":"right","wrist":[-38.6523,259.74,72.7527]}],"id":1169858,"interactionBox":{"center":[0,200,0],"size":[235.247,235.247,147.751]},"pointables":[{"bases":[[[0.27354,0.843008,0.463155],[-0.872816,0.0152047,0.487812],[0.404187,-0.537685,0.739951]],[[0.0602214,0.995232,0.0767303],[-0.853595,0.0114975,0.520811],[0.517445,-0.0968605,0.850217]],[[0.0602214,0.995232,0.0767303],[-0.996655,0.0642059,-0.0505651],[-0.0552506,-0.0734285,0.995769]],[[0.0602214,0.995232,0.0767303],[-0.948906,0.0332246,0.313804],[0.309759,-0.0917076,0.946382]]],"btipPosition":[-95.9407,256.215,-32.1728],"carpPosition":[-65.0837,246.833,65.2995],"dipPosition":[-88.7698,254.092,-10.2643],"direction":[0.0552506,0.0734285,-0.995769],"extended":false,"handId":360,"id":3600,"length":51.5512,"mcpPosition":[-65.0837,246.833,65.2995],"pipPosition":[-90.6332,251.615,23.3189],"stabilizedTipPosition":[-92.2393,214.41,16.1672],"timeVisible":4.66375,"tipPosition":[-93.3283,255.469,-27.0972],"tipVelocity":[-22.5885,196.909,-159.647],"tool":false,"touchDistance":-0.559527,"touchZone":"hovering","type":0,"width":20.0304},{"bases":[[[0.979921,0.198923,-0.0135885],[-0.164257,0.844027,0.510526],[0.113025,-0.498044,0.859755]],[[0.955633,0.26445,-0.129735],[-0.135387,0.785496,0.603876],[0.261601,-0.55952,0.786449]],[[0.955633,0.26445,-0.129735],[-0.276538,0.957152,-0.0859505],[0.101446,0.118014,0.987817]],[[0.955633,0.26445,-0.129735],[-0.284399,0.713685,-0.640134],[-0.0766937,0.64863,0.75723]]],"btipPosition":[-80.1626,315.322,-62.0454],"carpPosition":[-59.6912,269.084,70.3563],"dipPosition":[-81.4587,326.284,-49.248],"direction":[-0.101446,-0.118014,-0.987817],"extended":true,"handId":360,"id":3601,"length":58.1698,"mcpPosition":[-67.9162,305.327,7.79036],"pipPosition":[-79.0333,329.105,-25.631],"stabilizedTipPosition":[-78.1599,294.369,-41.7171],"timeVisible":4.66375,"tipPosition":[-79.7564,315.519,-58.3319],"tipVelocity":[-72.118,378.805,-154.755],"tool":false,"touchDistance":-0.616383,"touchZone":"hovering","type":1,"width":19.133},{"bases":[[[0.999729,-0.0170136,0.0158605],[0.00629591,0.854367,0.519631],[-0.0223915,-0.519391,0.854243]],[[0.99817,-0.0366189,0.0481142],[0.0587227,0.776719,-0.627104],[-0.0144073,0.628782,0.777448]],[[0.99817,-0.0366189,0.0481142],[0.0285153,-0.4166,-0.908642],[0.0533179,0.908352,-0.414794]],[[0.99817,-0.0366189,0.0481142],[-0.00868486,-0.874326,-0.485261],[0.0598372,0.483955,-0.873045]]],"btipPosition":[-48.6066,244.511,2.42739],"carpPosition":[-48.2268,273.192,70.5512],"dipPosition":[-47.4944,253.507,-13.801],"direction":[-0.0533179,-0.908352,0.414794],"extended":false,"handId":360,"id":3602,"length":66.2798,"mcpPosition":[-46.6815,309.036,11.5986],"pipPosition":[-45.9946,279.057,-25.4683],"stabilizedTipPosition":[-52.9,218.814,27.0263],"timeVisible":4.66375,"tipPosition":[-48.2627,246.923,-2.96325],"tipVelocity":[-16.7937,185.273,-121.153],"tool":false,"touchDistance":0.333333,"touchZone":"none","type":2,"width":18.7912},{"bases":[[[0.9822,-0.157618,0.102179],[0.076989,0.833976,0.546403],[-0.171338,-0.52881,0.831266]],[[0.985598,-0.14642,0.0846086],[0.165283,0.728266,-0.665064],[0.0357609,0.66947,0.741978]],[[0.985598,-0.14642,0.0846086],[0.00472262,-0.476297,-0.879272],[0.169042,0.867007,-0.468746]],[[0.985598,-0.14642,0.0846086],[-0.0930092,-0.887206,-0.451902],[0.141233,0.437524,-0.888046]]],"btipPosition":[-34.3205,245.503,15.4717],"carpPosition":[-36.1141,274.169,70.5126],"dipPosition":[-31.7103,253.589,-0.940677],"direction":[-0.169042,-0.867007,0.468746],"extended":false,"handId":360,"id":3603,"length":63.7298,"mcpPosition":[-25.4979,306.934,19.0067],"pipPosition":[-27.0783,277.347,-13.7851],"stabilizedTipPosition":[-32.3109,213.817,32.236],"timeVisible":4.66375,"tipPosition":[-33.6053,247.511,10.1563],"tipVelocity":[-16.2615,182.924,-114.902],"tool":false,"touchDistance":0.333333,"touchZone":"none","type":3,"width":17.881},{"bases":[[[0.929455,-0.353378,0.106007],[0.213378,0.749291,0.626923],[-0.300971,-0.560078,0.771835]],[[0.848318,-0.460393,0.261525],[0.523983,0.658916,-0.539696],[0.0761492,0.594868,0.800208]],[[0.848318,-0.460393,0.261525],[0.0506162,-0.421146,-0.905579],[0.527062,0.781456,-0.333963]],[[0.848318,-0.460393,0.261525],[-0.262541,-0.794668,-0.547335],[0.459814,0.395653,-0.795003]]],"btipPosition":[-26.9208,257.597,16.7385],"carpPosition":[-23.4834,268.143,68.9803],"dipPosition":[-19.081,264.343,3.18377],"direction":[-0.527062,-0.781456,0.333963],"extended":false,"handId":360,"id":3604,"length":49.963,"mcpPosition":[-6.22074,300.267,24.7106],"pipPosition":[-8.88412,279.461,-3.27731],"stabilizedTipPosition":[-24.5587,225.453,39.0814],"timeVisible":4.66375,"tipPosition":[-24.6636,259.357,12.3168],"tipVelocity":[-29.0516,178.495,-117.854],"tool":false,"touchDistance":0.333333,"touchZone":"none","type":4,"width":15.8833}],"r":[[0.750695,0.188833,0.633087],[-0.327421,0.938655,0.108269],[-0.573806,-0.288563,0.766471]],"s":1.2891,"t":[14.0443,62.4689,-125.473],"timestamp":15353249775},false],[5,{"currentFrameRate":106.332,"devices":[],"gestures":[],"hands":[{"armBasis":[[0.942055,0.237425,-0.236984],[-0.133394,0.913328,0.384758],[0.307795,-0.330851,0.892076]],"armWidth":63.029,"confidence":0.942081,"direction":[0.0326206,0.637276,-0.769945],"elbow":[43.1376,173.205,310.109],"grabStrength":0.55048,"id":360,"palmNormal":[0.148581,-0.764887,-0.626794],"palmPosition":[-44.141,291.629,27.1537],"palmVelocity":[-24.4656,169.022,-133.808],"palmWidth":90.0033,"pinchStrength":0.25291,"r":[[0.749746,0.188099,0.634429],[-0.328714,0.937958,0.110372],[-0.574307,-0.291296,0.765061]],"s":1.29764,"sphereCenter":[-64.8352,276.493,-13.3953],"sphereRadius":48.8375,"stabilizedPalmPosition":[-43.4502,251.602,63.1092],"t":[13.8016,63.986,-126.574],"timeVisible":4.67278,"type":"right","wrist":[-39.066,261.566,71.8603]}],"id":1169859,"interactionBox":{"center":[0,200,0],"size":[235.247,235.247,147.751]},"pointables":[{"bases":[[[0.271184,0.846295,0.458523],[-0.874606,0.0177492,0.484509],[0.401899,-0.532418,0.744988]],[[0.0598966,0.99563,0.0716484],[-0.854454,0.0140305,0.519337],[0.516062,-0.0923269,0.851561]],[[0.0598966,0.99563,0.0716484],[-0.996594,0.0637218,-0.0523493],[-0.0566861,-0.0682688,0.996055]],[[0.0598966,0.99563,0.0716484],[-0.951527,0.0352561,0.305537],[0.301676,-0.0864761,0.949481]]],"btipPosition":[-96.0131,257.452,-33.2232],"carpPosition":[-65.4599,248.589,64.3968],"dipPosition":[-89.0293,255.45,-11.2429],"direction":[0.0566861,0.0682689,-0.996055],"extended":false,"handId":360,"id":3600,"length":51.5512,"mcpPosition":[-65.4599,248.589,64.3968],"pipPosition":[-90.9411,253.147,22.3499],"stabilizedTipPosition":[-92.3282,216.157,14.3485],"timeVisible":4.67278,"tipPosition":[-93.472,256.698,-28.1372],"tipVelocity":[-19.8887,181.269,-147.224],"tool":false,"touchDistance":-0.547416,"touchZone":"hovering","type":0,"width":20.0304},{"bases":[[[0.979808,0.199619,-0.0113353],[-0.166784,0.847276,0.504287],[0.110269,-0.492214,0.863462]],[[0.955941,0.264262,-0.127838],[-0.138178,0.789273,0.598293],[0.259005,-0.554268,0.791014]],[[0.955941,0.264262,-0.127838],[-0.275719,0.957738,-0.0819553],[0.100778,0.113592,0.988403]],[[0.955941,0.264262,-0.127838],[-0.284044,0.722669,-0.630134],[-0.0741357,0.638682,0.765891]]],"btipPosition":[-80.2911,316.741,-63.701],"carpPosition":[-60.1033,270.877,69.3249],"dipPosition":[-81.5441,327.535,-50.7572],"direction":[-0.100778,-0.113592,-0.988403],"extended":true,"handId":360,"id":3601,"length":58.1698,"mcpPosition":[-68.1278,306.697,6.4892],"pipPosition":[-79.1346,330.251,-27.1261],"stabilizedTipPosition":[-78.7436,300.365,-46.3026],"timeVisible":4.67278,"tipPosition":[-79.9076,317.016,-59.9481],"tipVelocity":[-55.8809,316.638,-161.608],"tool":false,"touchDistance":-0.607406,"touchZone":"hovering","type":1,"width":19.133},{"bases":[[[0.999678,-0.0161005,0.0196243],[0.00372666,0.857815,0.513946],[-0.0251088,-0.513707,0.857598]],[[0.998059,-0.035142,0.0514177],[0.0598934,0.76793,-0.637728],[-0.0170742,0.639569,0.768544]],[[0.998059,-0.035142,0.0514177],[0.031188,-0.432598,-0.901048],[0.0539078,0.900902,-0.430662]],[[0.998059,-0.035142,0.0514177],[-0.00683875,-0.882443,-0.47037],[0.061903,0.469105,-0.88097]]],"btipPosition":[-48.7631,245.894,2.19712],"carpPosition":[-48.6429,274.996,69.5343],"dipPosition":[-47.6124,254.614,-14.1785],"direction":[-0.0539078,-0.900902,0.430662],"extended":false,"handId":360,"id":3602,"length":66.2798,"mcpPosition":[-46.9101,310.448,10.3502],"pipPosition":[-46.0961,279.954,-26.2922],"stabilizedTipPosition":[-52.6154,220.694,25.1774],"timeVisible":4.67278,"tipPosition":[-48.4093,248.201,-3.22888],"tipVelocity":[-16.6715,174.503,-95.8541],"tool":false,"touchDistance":0.333333,"touchZone":"none","type":2,"width":18.7912},{"bases":[[[0.981942,-0.156141,0.106813],[0.0743373,0.837659,0.541111],[-0.173963,-0.5234,0.83414]],[[0.985483,-0.144758,0.0887052],[0.166448,0.720881,-0.672774],[0.0334433,0.677772,0.734511]],[[0.985483,-0.144758,0.0887052],[0.00708861,-0.486949,-0.873402],[0.169626,0.861351,-0.478854]],[[0.985483,-0.144758,0.0887052],[-0.0912402,-0.892199,-0.44233],[0.143173,0.427815,-0.892455]]],"btipPosition":[-34.5241,246.949,15.0028],"carpPosition":[-36.5309,275.982,69.5334],"dipPosition":[-31.8781,254.856,-1.49098],"direction":[-0.169626,-0.861351,0.478854],"extended":false,"handId":360,"id":3603,"length":63.7298,"mcpPosition":[-25.752,308.412,17.8494],"pipPosition":[-27.2301,278.458,-14.6123],"stabilizedTipPosition":[-32.4305,216.421,30.6693],"timeVisible":4.67278,"tipPosition":[-33.7989,248.904,9.68691],"tipVelocity":[-17.7434,175.39,-98.1368],"tool":false,"touchDistance":0.333333,"touchZone":"none","type":3,"width":17.881},{"bases":[[[0.929337,-0.351914,0.111753],[0.210497,0.753622,0.622691],[-0.303353,-0.555167,0.774446]],[[0.84879,-0.456913,0.266058],[0.523133,0.652706,-0.548003],[0.0767319,0.604323,0.793036]],[[0.84879,-0.456913,0.266058],[0.0493456,-0.432549,-0.900259],[0.526423,0.77726,-0.344596]],[[0.84879,-0.456913,0.266058],[-0.26236,-0.800849,-0.538339],[0.459046,0.387133,-0.799628]]],"btipPosition":[-27.1857,259.025,16.2313],"carpPosition":[-23.89,269.957,68.0874],"dipPosition":[-19.359,265.625,2.59773],"direction":[-0.526423,-0.77726,0.344596],"extended":false,"handId":360,"id":3604,"length":49.963,"mcpPosition":[-6.49071,301.799,23.668],"pipPosition":[-9.17447,280.663,-4.06907],"stabilizedTipPosition":[-24.6163,227.899,37.2699],"timeVisible":4.67278,"tipPosition":[-24.9334,260.748,11.7825],"tipVelocity":[-29.2228,171.87,-101.428],"tool":false,"touchDistance":0.333333,"touchZone":"none","type":4,"width":15.8833}],"r":[[0.749746,0.188099,0.634429],[-0.328714,0.937958,0.110372],[-0.574307,-0.291296,0.765061]],"s":1.29764,"t":[13.8016,63.986,-126.574],"timestamp":15353258803},false],[6,{"currentFrameRate":106.527,"devices":[],"gestures":[],"hands":[{"armBasis":[[0.943422,0.232172,-0.236751],[-0.126139,0.911578,0.391298],[0.306665,-0.339295,0.889289]],"armWidth":63.029,"confidence":0.755104,"direction":[0.0453467,0.605791,-0.79433],"elbow":[41.7736,174.345,307.466],"grabStrength":0.543047,"id":360,"palmNormal":[0.140793,-0.791087,-0.59528],"palmPosition":[-44.5615,293.299,24.0753],"palmVelocity":[-30.5524,173.413,-190.833],"palmWidth":90.0033,"pinchStrength":0.24454,"r":[[0.748831,0.190432,0.634813],[-0.327241,0.939169,0.104284],[-0.576337,-0.285828,0.765596]],"s":1.30424,"sphereCenter":[-65.096,276.787,-15.9614],"sphereRadius":48.7996,"stabilizedPalmPosition":[-43.5201,254.223,60.6557],"t":[13.47,65.5797,-128.664],"timeVisible":4.68181,"type":"right","wrist":[-40.1282,264.962,69.9613]}],"id":1169860,"interactionBox":{"center":[0,200,0],"size":[235.247,235.247,147.751]},"pointables":[{"bases":[[[0.28089,0.859919,0.426192],[-0.876603,0.0490856,0.478704],[0.390727,-0.508064,0.767596]],[[0.0767034,0.996318,0.0382983],[-0.854266,0.0458627,0.51781],[0.514147,-0.0724347,0.854638]],[[0.0767034,0.996318,0.0382983],[-0.995356,0.0787572,-0.0553567],[-0.0581691,-0.0338744,0.997732]],[[0.0767034,0.996318,0.0382983],[-0.955142,0.0624051,0.289498],[0.286043,-0.0587858,0.956412]]],"btipPosition":[-96.713,258.147,-35.115],"carpPosition":[-66.6663,252.068,62.874],"dipPosition":[-90.0912,256.787,-12.9743],"direction":[0.0581691,0.0338744,-0.997732],"extended":false,"handId":360,"id":3600,"length":51.5512,"mcpPosition":[-66.6663,252.068,62.874],"pipPosition":[-92.053,255.644,20.6751],"stabilizedTipPosition":[-92.4507,217.941,12.4498],"timeVisible":4.68181,"tipPosition":[-94.31,257.361,-29.9985],"tipVelocity":[-38.2945,157.063,-163.247],"tool":false,"touchDistance":-0.548831,"touchZone":"hovering","type":0,"width":20.0304},{"bases":[[[0.982574,0.185351,-0.0139252],[-0.157237,0.868809,0.469518],[0.0991241,-0.459147,0.882813]],[[0.960191,0.24565,-0.132998],[-0.130255,0.814909,0.564763],[0.247115,-0.524957,0.814466]],[[0.960191,0.24565,-0.132998],[-0.261448,0.957954,-0.118191],[0.0983727,0.148258,0.984044]],[[0.960191,0.24565,-0.132998],[-0.271207,0.705715,-0.654533],[-0.0669269,0.664547,0.744243]]],"btipPosition":[-79.9552,315.403,-68.014],"carpPosition":[-61.0193,274.457,66.9466],"dipPosition":[-81.0863,326.634,-55.4361],"direction":[-0.0983727,-0.148258,-0.984044],"extended":true,"handId":360,"id":3601,"length":58.1698,"mcpPosition":[-68.2328,307.87,2.70267],"pipPosition":[-78.7343,330.179,-31.9093],"stabilizedTipPosition":[-79.0566,304.113,-50.3048],"timeVisible":4.68181,"tipPosition":[-79.6038,315.902,-64.2666],"tipVelocity":[-29.394,191.705,-251.196],"tool":false,"touchDistance":-0.640957,"touchZone":"hovering","type":1,"width":19.133},{"bases":[[[0.999244,-0.0292299,0.0256381],[0.0133569,0.877346,0.479673],[-0.0365143,-0.478967,0.877073]],[[0.997227,-0.0468092,0.0578477],[0.073545,0.738429,-0.670309],[-0.0113398,0.672705,0.739824]],[[0.997227,-0.0468092,0.0578477],[0.0288179,-0.473788,-0.880167],[0.0686074,0.879394,-0.471126]],[[0.997227,-0.0468092,0.0578477],[-0.017432,-0.902693,-0.429933],[0.0723435,0.427732,-0.901006]]],"btipPosition":[-49.7171,246.715,1.25373],"carpPosition":[-49.5031,278.421,67.055],"dipPosition":[-48.3723,254.666,-15.4944],"direction":[-0.0686074,-0.879394,0.471126],"extended":false,"handId":360,"id":3602,"length":66.2798,"mcpPosition":[-46.9832,311.475,6.52691],"pipPosition":[-46.4425,279.402,-28.7462],"stabilizedTipPosition":[-52.3861,222.685,23.1919],"timeVisible":4.68181,"tipPosition":[-49.3109,248.757,-4.23905],"tipVelocity":[-39.8102,146.109,-100.839],"tool":false,"touchDistance":0.333333,"touchZone":"none","type":2,"width":18.7912},{"bases":[[[0.97911,-0.16545,0.118194],[0.0835435,0.8573,0.507993],[-0.185375,-0.487507,0.853213]],[[0.982929,-0.154751,0.0995109],[0.179647,0.690513,-0.700656],[0.0397138,0.706572,0.706526]],[[0.982929,-0.154751,0.0995109],[0.00403949,-0.522583,-0.852579],[0.18394,0.838426,-0.513037]],[[0.982929,-0.154751,0.0995109],[-0.101908,-0.908249,-0.405831],[0.153183,0.388762,-0.908515]]],"btipPosition":[-35.519,248.057,13.8384],"carpPosition":[-37.3785,279.237,67.0805],"dipPosition":[-32.6879,255.242,-2.95221],"direction":[-0.18394,-0.838426,0.513037],"extended":false,"handId":360,"id":3603,"length":63.7298,"mcpPosition":[-25.8925,309.444,14.2147],"pipPosition":[-27.6477,278.217,-17.0102],"stabilizedTipPosition":[-32.6284,219.124,28.9889],"timeVisible":4.68181,"tipPosition":[-34.7466,249.778,8.48842],"tipVelocity":[-41.8953,155.831,-108.703],"tool":false,"touchDistance":0.333333,"touchZone":"none","type":3,"width":17.881},{"bases":[[[0.923721,-0.360123,0.130579],[0.218106,0.774669,0.593563],[-0.314911,-0.519807,0.794124]],[[0.841748,-0.457099,0.287266],[0.533369,0.621777,-0.573507],[0.083534,0.635967,0.767182]],[[0.841748,-0.457099,0.287266],[0.0448229,-0.471092,-0.880945],[0.538007,0.754409,-0.376052]],[[0.841748,-0.457099,0.287266],[-0.272329,-0.818948,-0.505135],[0.466152,0.346965,-0.813829]]],"btipPosition":[-28.0331,260.044,14.7121],"carpPosition":[-24.8171,272.984,65.9419],"dipPosition":[-20.0852,265.96,0.836373],"direction":[-0.538007,-0.754409,0.376052],"extended":false,"handId":360,"id":3604,"length":49.963,"mcpPosition":[-6.75489,302.798,20.3938],"pipPosition":[-9.67656,280.555,-6.439],"stabilizedTipPosition":[-24.7334,230.368,35.3726],"timeVisible":4.68181,"tipPosition":[-25.7612,261.55,10