{"sensorType":"Leap","data":[[0,{"currentFrameRate":103.822,"devices":[],"gestures":[],"hands":[{"armBasis":[[0.915086,0.323125,-0.241261],[-0.222853,0.903838,0.365258],[0.336085,-0.280477,0.899099]],"armWidth":63.029,"confidence":0.404989,"direction":[0.010008,0.342872,-0.939329],"elbow":[55.5895,150.229,325.232],"grabStrength":0,"id":360,"palmNormal":[0.222639,-0.91656,-0.332189],"palmPosition":[-40.034,237.983,32.8698],"palmVelocity":[-142.04,52.9893,180.526],"palmWidth":90.0033,"pinchStrength":0.34313,"r":[[0.686391,0.47337,0.552076],[-0.4076,0.879115,-0.247019],[-0.60227,-0.0554745,0.796363]],"s":1.37498,"sphereCenter":[-58.8159,207.078,-1.27053],"sphereRadius":50.8952,"stabilizedPalmPosition":[-27.8694,233.203,18.4283],"t":[19.0121,11.4222,-123.733],"timeVisible":16.0612,"type":"right","wrist":[-34.1695,225.137,85.1077]}],"id":1171098,"interactionBox":{"center":[0,200,0],"size":[235.247,235.247,147.751]},"pointables":[{"bases":[[[0.195096,0.969518,0.148234],[-0.888026,0.110456,0.446329],[0.41635,-0.218713,0.882506]],[[0.0330477,0.983539,-0.17765],[-0.872695,0.115033,0.474522],[0.487146,0.139353,0.862131]],[[0.0330477,0.983539,-0.17765],[-0.993401,0.0127929,-0.113973],[-0.109824,0.180245,0.977471]],[[0.0330477,0.983539,-0.17765],[-0.998628,0.0397175,0.0341193],[0.0406135,0.176279,0.983502]]],"btipPosition":[-80.6044,191.341,-15.9756],"carpPosition":[-59.3146,208.381,82.3272],"dipPosition":[-79.6642,195.421,6.79231],"direction":[0.109824,-0.180245,-0.977471],"extended":false,"handId":360,"id":3600,"length":51.5512,"mcpPosition":[-59.3146,208.381,82.3272],"pipPosition":[-83.3681,201.5,39.7584],"stabilizedTipPosition":[-71.2082,189.657,-19.7933],"timeVisible":16.0612,"tipPosition":[-80.3039,192.708,-10.5201],"tipVelocity":[-175.082,24.5023,182.769],"tool":false,"touchDistance":0.414841,"touchZone":"hovering","type":0,"width":20.0304},{"bases":[[[0.962691,0.260454,-0.0734196],[-0.242992,0.951433,0.189022],[0.119085,-0.164129,0.979224]],[[0.939799,0.279174,-0.197079],[-0.203144,0.920155,0.334735],[0.274793,-0.274548,0.921473]],[[0.939799,0.279174,-0.197079],[-0.281917,0.959328,0.0145846],[0.193135,0.0418535,0.980279]],[[0.939799,0.279174,-0.197079],[-0.324335,0.910336,-0.25709],[0.107635,0.305533,0.946078]]],"btipPosition":[-82.518,248.827,-70.353],"carpPosition":[-55.7376,231.38,79.4921],"dipPosition":[-80.6989,253.99,-54.364],"direction":[-0.193135,-0.0418535,-0.980279],"extended":true,"handId":360,"id":3601,"length":58.1698,"mcpPosition":[-64.4036,243.324,8.23217],"pipPosition":[-76.0814,254.991,-30.9272],"stabilizedTipPosition":[-78.0166,247.583,-70.701],"timeVisible":16.0612,"tipPosition":[-82.4156,251.288,-66.456],"tipVelocity":[-232.351,138.46,224.774],"tool":false,"touchDistance":0.355086,"touchZone":"hovering","type":1,"width":19.133},{"bases":[[[0.997153,0.0698465,0.0284116],[-0.0740661,0.977935,0.195341],[-0.0141408,-0.196889,0.980324]],[[0.997186,0.0703567,0.02587],[-0.0131305,0.503711,-0.863773],[-0.0738032,0.861003,0.503217]],[[0.997186,0.0703567,0.02587],[0.0536925,-0.429537,-0.901452],[-0.052311,0.900304,-0.432106]],[[0.997186,0.0703567,0.02587],[0.0714567,-0.787855,-0.611701],[-0.0226555,0.611829,-0.790666]]],"btipPosition":[-38.2297,172.056,13.5607],"carpPosition":[-44.6169,236.215,78.3552],"dipPosition":[-38.6509,183.429,-1.13633],"direction":[0.052311,-0.900304,0.432106],"extended":false,"handId":360,"id":3602,"length":66.2798,"mcpPosition":[-43.641,249.803,10.7016],"pipPosition":[-40.1223,208.752,-13.2906],"stabilizedTipPosition":[-19.4145,165.491,-16.0937],"timeVisible":16.0612,"tipPosition":[-38.2911,174.559,9.09506],"tipVelocity":[-176.077,69.4651,134.798],"tool":false,"touchDistance":0.333333,"touchZone":"none","type":2,"width":18.7912},{"bases":[[[0.986931,-0.0338096,0.157558],[-0.00304781,0.973651,0.228022],[-0.161116,-0.225523,0.960823]],[[0.990957,-0.0276485,0.131304],[0.128857,0.469048,-0.873722],[-0.0374307,0.88274,0.468368]],[[0.990957,-0.0276485,0.131304],[0.102952,-0.470924,-0.876146],[0.0860583,0.88174,-0.463819]],[[0.990957,-0.0276485,0.131304],[0.0553396,-0.807236,-0.587629],[0.12224,0.589582,-0.798405]]],"btipPosition":[-25.5938,177.994,25.3093],"carpPosition":[-32.6136,238.091,78.0772],"dipPosition":[-23.3347,188.89,10.5537],"direction":[-0.0860583,-0.88174,0.463819],"extended":false,"handId":360,"id":3603,"length":63.7298,"mcpPosition":[-22.6308,252.064,18.5439],"pipPosition":[-20.9765,213.052,-2.15572],"stabilizedTipPosition":[-7.15056,169.501,-7.70105],"timeVisible":16.0612,"tipPosition":[-24.9725,180.465,20.8424],"tipVelocity":[-162.153,57.304,123.032],"tool":false,"touchDistance":0.333333,"touchZone":"none","type":3,"width":17.881},{"bases":[[[0.948496,-0.220092,0.227847],[0.136271,0.932765,0.333737],[-0.285981,-0.2855,0.914716]],[[0.885477,-0.26575,0.381191],[0.46466,0.498264,-0.732],[0.00459535,0.825293,0.564685]],[[0.885477,-0.26575,0.381191],[0.255391,-0.407002,-0.876998],[0.388208,0.873914,-0.292521]],[[0.885477,-0.26575,0.381191],[0.0580877,-0.750588,-0.658212],[0.461038,0.604974,-0.649192]]],"btipPosition":[-18.6607,193.228,23.313],"carpPosition":[-19.5316,232.94,78.8001],"dipPosition":[-10.8001,203.543,12.2443],"direction":[-0.388208,-0.873914,0.292521],"extended":false,"handId":360,"id":3604,"length":49.963,"mcpPosition":[-3.12882,249.315,26.3353],"pipPosition":[-3.28955,220.45,6.58499],"stabilizedTipPosition":[0.405263,187.091,1.31685],"timeVisible":16.0612,"tipPosition":[-16.6246,195.639,20.241],"tipVelocity":[-160.675,56.8383,124.724],"tool":false,"touchDistance":0.333333,"touchZone":"none","type":4,"width":15.8833}],"r":[[0.686391,0.47337,0.552076],[-0.4076,0.879115,-0.247019],[-0.60227,-0.0554745,0.796363]],"s":1.37498,"t":[19.0121,11.4222,-123.733],"timestamp":15364647257},false],[1,{"currentFrameRate":104.104,"devices":[],"gestures":[],"hands":[{"armBasis":[[0.913069,0.327492,-0.24301],[-0.22305,0.899917,0.374698],[0.341399,-0.287922,0.894733]],"armWidth":63.029,"confidence":0.423407,"direction":[0.0109748,0.328983,-0.944272],"elbow":[55.7633,148.919,325.484],"grabStrength":0,"id":360,"palmNormal":[0.222793,-0.921396,-0.318423],"palmPosition":[-41.2268,237.89,34.0979],"palmVelocity":[-139.106,35.5132,168.023],"palmWidth":90.0033,"pinchStrength":0.351239,"r":[[0.690771,0.471297,0.548374],[-0.407979,0.880184,-0.242549],[-0.596983,-0.0561792,0.800285]],"s":1.37405,"sphereCenter":[-59.9717,206.524,0.398892],"sphereRadius":50.8731,"stabilizedPalmPosition":[-28.6073,233.462,19.2939],"t":[17.7425,11.5931,-122.232],"timeVisible":16.0703,"type":"right","wrist":[-35.415,225.815,86.5252]}],"id":1171099,"interactionBox":{"center":[0,200,0],"size":[235.247,235.247,147.751]},"pointables":[{"bases":[[[0.195128,0.971565,0.134111],[-0.888436,0.117173,0.443794],[0.41546,-0.205745,0.886037]],[[0.031261,0.980069,-0.196181],[-0.875054,0.121687,0.468478],[0.483014,0.157024,0.861418]],[[0.031261,0.980069,-0.196181],[-0.992855,0.00783459,-0.11907],[-0.11516,0.198502,0.973312]],[[0.031261,0.980069,-0.196181],[-0.998477,0.0395496,0.0384743],[0.0454664,0.19468,0.979813]]],"btipPosition":[-81.5786,190.069,-14.0741],"carpPosition":[-60.5605,209.024,83.9678],"dipPosition":[-80.5261,194.576,8.60838],"direction":[0.11516,-0.198502,-0.973312],"extended":false,"handId":360,"id":3600,"length":51.5512,"mcpPosition":[-60.5605,209.024,83.9678],"pipPosition":[-84.4099,201.271,41.4342],"stabilizedTipPosition":[-72.4128,189.829,-18.4927],"timeVisible":16.0703,"tipPosition":[-81.3341,191.66,-8.66941],"tipVelocity":[-155.561,-18.0216,189.565],"tool":false,"touchDistance":0.434918,"touchZone":"hovering","type":0,"width":20.0304},{"bases":[[[0.962808,0.259183,-0.076322],[-0.243002,0.954158,0.174738],[0.118112,-0.149692,0.981653]],[[0.940258,0.275976,-0.19938],[-0.203615,0.925159,0.320348],[0.272866,-0.260613,0.92608]],[[0.940258,0.275976,-0.19938],[-0.281679,0.959509,-0.000250217],[0.191238,0.0563965,0.979922]],[[0.940258,0.275976,-0.19938],[-0.323552,0.906575,-0.27099],[0.105967,0.31931,0.941707]]],"btipPosition":[-83.5307,247.201,-69.3379],"carpPosition":[-56.9766,231.978,80.7973],"dipPosition":[-81.7398,252.598,-53.4228],"direction":[-0.191238,-0.0563965,-0.979922],"extended":true,"handId":360,"id":3601,"length":58.1698,"mcpPosition":[-65.5718,242.871,9.3607],"pipPosition":[-77.1677,253.946,-29.9945],"stabilizedTipPosition":[-79.548,247.841,-69.1932],"timeVisible":16.0703,"tipPosition":[-83.4508,249.674,-65.4761],"tipVelocity":[-199.15,52.2816,193.027],"tool":false,"touchDistance":0.367883,"touchZone":"hovering","type":1,"width":19.133},{"bases":[[[0.997138,0.0700922,0.0283418],[-0.0740779,0.980721,0.180828],[-0.0151208,-0.18241,0.983106]],[[0.997173,0.0705587,0.025826],[-0.0121606,0.490744,-0.871219],[-0.074146,0.868442,0.490215]],[[0.997173,0.0705587,0.025826],[0.0545349,-0.443217,-0.894754],[-0.0516862,0.893633,-0.445812]],[[0.997173,0.0705587,0.025826],[0.0719308,-0.797135,-0.599502],[-0.0217133,0.599665,-0.799957]]],"btipPosition":[-39.4179,171.695,15.7917],"carpPosition":[-45.8539,236.794,79.6],"dipPosition":[-39.8215,182.841,0.921883],"direction":[0.0516862,-0.893633,0.445812],"extended":false,"handId":360,"id":3602,"length":66.2798,"mcpPosition":[-44.8104,249.383,11.7544],"pipPosition":[-41.2753,207.978,-11.6179],"stabilizedTipPosition":[-20.7307,166.065,-14.2293],"timeVisible":16.0703,"tipPosition":[-39.4744,174.13,11.3029],"tipVelocity":[-163.463,37.6669,164.286],"tool":false,"touchDistance":0.333333,"touchZone":"none","type":2,"width":18.7912},{"bases":[[[0.986772,-0.0316467,0.158992],[-0.00309185,0.976908,0.213638],[-0.162082,-0.211304,0.963888]],[[0.990883,-0.0257821,0.132235],[0.129213,0.459724,-0.878611],[-0.0381389,0.887688,0.458864]],[[0.990883,-0.0257821,0.132235],[0.103696,-0.480671,-0.870748],[0.086011,0.876522,-0.473616]],[[0.990883,-0.0257821,0.132235],[0.0558727,-0.814492,-0.577479],[0.122592,0.579602,-0.805625]]],"btipPosition":[-26.7443,177.795,27.1701],"carpPosition":[-33.85,238.663,79.306],"dipPosition":[-24.4786,188.506,12.281],"direction":[-0.086011,-0.876522,0.473616],"extended":false,"handId":360,"id":3603,"length":63.7298,"mcpPosition":[-23.8073,251.756,19.5827],"pipPosition":[-22.1217,212.525,-0.696792],"stabilizedTipPosition":[-8.28156,170.138,-5.83627],"timeVisible":16.0703,"tipPosition":[-26.1446,180.21,22.8479],"tipVelocity":[-152.319,34.0853,144.772],"tool":false,"touchDistance":0.333333,"touchZone":"none","type":3,"width":17.881},{"bases":[[[0.948237,-0.216866,0.231984],[0.136118,0.937561,0.320079],[-0.286913,-0.271934,0.918549]],[[0.884713,-0.260429,0.386601],[0.466125,0.488218,-0.737815],[0.00340242,0.832958,0.553325]],[[0.884713,-0.260429,0.386601],[0.257075,-0.419242,-0.870717],[0.388839,0.86972,-0.303959]],[[0.884713,-0.260429,0.386601],[0.0590988,-0.760012,-0.647216],[0.462375,0.595448,-0.657002]]],"btipPosition":[-19.8386,193.007,25.1621],"carpPosition":[-20.7697,233.522,80.1174],"dipPosition":[-11.9551,203.16,13.9603],"direction":[-0.388839,-0.86972,0.303959],"extended":false,"handId":360,"id":3604,"length":49.963,"mcpPosition":[-4.31337,249.119,27.4327],"pipPosition":[-4.43237,219.986,8.07972],"stabilizedTipPosition":[-0.900908,187.676,2.82416],"timeVisible":16.0703,"tipPosition":[-17.8106,195.367,22.1003],"tipVelocity":[-151.97,33.2522,145.643],"tool":false,"touchDistance":0.333333,"touchZone":"none","type":4,"width":15.8833}],"r":[[0.690771,0.471297,0.548374],[-0.407979,0.880184,-0.242549],[-0.596983,-0.0561792,0.800285]],"s":1.37405,"t":[17.7425,11.5931,-122.232],"timestamp":15364656333},false],[2,{"currentFrameRate":104.408,"devices":[],"gestures":[],"hands":[{"armBasis":[[0.910692,0.326775,-0.2527],[-0.215223,0.897492,0.38495],[0.352588,-0.296185,0.887669]],"armWidth":63.029,"confidence":0.456655,"direction":[0.0145963,0.3266,-0.94505],"elbow":[57.2149,147.354,326.289],"grabStrength":0,"id":360,"palmNormal":[0.214731,-0.924122,-0.316051],"palmPosition":[-42.6177,238.458,36.7567],"palmVelocity":[-143.302,43.0733,202.946],"palmWidth":90.0033,"pinchStrength":0.35988,"r":[[0.695018,0.468656,0.545263],[-0.406645,0.881648,-0.239452],[-0.592951,-0.0553051,0.803337]],"s":1.37272,"sphereCenter":[-61.594,207.216,3.10503],"sphereRadius":50.8454,"stabilizedPalmPosition":[-29.3059,233.711,20.1646],"t":[16.4123,11.9624,-120.152],"timeVisible":16.0793,"type":"right","wrist":[-36.9516,226.457,89.217]}],"id":1171100,"interactionBox":{"center":[0,200,0],"size":[235.247,235.247,147.751]},"pointables":[{"bases":[[[0.203754,0.970093,0.131924],[-0.88766,0.126214,0.442865],[0.41297,-0.207339,0.88683]],[[0.0380569,0.978523,-0.202595],[-0.876054,0.130202,0.464303],[0.480709,0.159814,0.862194]],[[0.0380569,0.978523,-0.202595],[-0.992217,0.0129486,-0.123845],[-0.118561,0.205731,0.9714]],[[0.0380569,0.978523,-0.202595],[-0.997967,0.0475895,0.0423892],[0.0511202,0.20057,0.978345]]],"btipPosition":[-83.1656,190.414,-11.3002],"carpPosition":[-62.2451,209.887,86.6815],"dipPosition":[-81.9821,195.057,11.3483],"direction":[0.118561,-0.205731,-0.9714],"extended":false,"handId":360,"id":3600,"length":51.5512,"mcpPosition":[-62.2451,209.887,86.6815],"pipPosition":[-85.9807,201.996,44.1096],"stabilizedTipPosition":[-73.4837,189.998,-17.2255],"timeVisible":16.0793,"tipPosition":[-82.9638,192.151,-5.92937],"tipVelocity":[-160.297,-1.59812,221.84],"tool":false,"touchDistance":0.46625,"touchZone":"hovering","type":0,"width":20.0304},{"bases":[[[0.965151,0.25034,-0.0762428],[-0.234544,0.956719,0.172273],[0.11607,-0.148387,0.982094]],[[0.943101,0.266911,-0.198292],[-0.195742,0.927732,0.317802],[0.268787,-0.260905,0.92719]],[[0.943101,0.266911,-0.198292],[-0.272805,0.962066,-0.00250356],[0.190102,0.0564562,0.98014]],[[0.943101,0.266911,-0.198292],[-0.314659,0.909168,-0.272771],[0.107475,0.319645,0.941423]]],"btipPosition":[-84.6834,247.934,-66.7563],"carpPosition":[-58.4529,232.8,83.4587],"dipPosition":[-82.867,253.336,-50.846],"direction":[-0.190102,-0.0564562,-0.98014],"extended":true,"handId":360,"id":3601,"length":58.1698,"mcpPosition":[-66.8995,243.598,11.9899],"pipPosition":[-78.322,254.686,-27.4125],"stabilizedTipPosition":[-80.8062,248.197,-67.5674],"timeVisible":16.0793,"tipPosition":[-84.6024,250.347,-62.898],"tipVelocity":[-179.398,60.2866,218.691],"tool":false,"touchDistance":0.403136,"touchZone":"hovering","type":1,"width":19.133},{"bases":[[[0.997707,0.0612007,0.0288989],[-0.0653917,0.981779,0.178423],[-0.0174527,-0.179904,0.983529]],[[0.997748,0.0616604,0.0263842],[-0.0071362,0.488764,-0.872387],[-0.0666874,0.870235,0.488103]],[[0.997748,0.0616604,0.0263842],[0.0511872,-0.445903,-0.893617],[-0.043336,0.892955,-0.448055]],[[0.997748,0.0616604,0.0263842],[0.0651926,-0.799265,-0.597433],[-0.01575,0.597808,-0.801485]]],"btipPosition":[-41.3909,172.209,18.6125],"carpPosition":[-47.2866,237.513,82.2579],"dipPosition":[-41.6837,183.321,3.71433],"direction":[0.043336,-0.892955,0.448055],"extended":false,"handId":360,"id":3602,"length":66.2798,"mcpPosition":[-46.0821,249.929,14.3831],"pipPosition":[-42.9026,208.438,-8.88857],"stabilizedTipPosition":[-22.0299,166.611,-12.3856],"timeVisible":16.0793,"tipPosition":[-41.4225,174.633,14.1261],"tipVelocity":[-177.945,42.7494,204.981],"tool":false,"touchDistance":0.333333,"touchZone":"none","type":2,"width":18.7912},{"bases":[[[0.986336,-0.0401267,0.159785],[0.00553407,0.977407,0.211294],[-0.164654,-0.207522,0.964274]],[[0.990547,-0.0343199,0.132814],[0.133446,0.465326,-0.875022],[-0.031771,0.884474,0.465507]],[[0.990547,-0.0343199,0.132814],[0.100704,-0.475492,-0.873937],[0.0931453,0.879051,-0.467541]],[[0.990547,-0.0343199,0.132814],[0.0497023,-0.812618,-0.580673],[0.127856,0.581785,-0.80323]]],"btipPosition":[-28.5752,178.203,29.304],"carpPosition":[-35.2661,239.274,81.9681],"dipPosition":[-26.2123,188.955,14.4592],"direction":[-0.0931453,-0.87905,0.467541],"extended":false,"handId":360,"id":3603,"length":63.7298,"mcpPosition":[-25.0641,252.132,22.221],"pipPosition":[-23.66,213.042,1.64786],"stabilizedTipPosition":[-9.43444,170.754,-3.98433],"timeVisible":16.0793,"tipPosition":[-27.9951,180.638,25.3305],"tipVelocity":[-165.624,37.4536,170.386],"tool":false,"touchDistance":0.333333,"touchZone":"none","type":3,"width":17.881},{"bases":[[[0.946086,-0.224816,0.233193],[0.144309,0.937068,0.31793],[-0.289993,-0.267137,0.91899]],[[0.88148,-0.267727,0.388992],[0.47214,0.484498,-0.736441],[0.00869901,0.832817,0.55348]],[[0.88148,-0.267727,0.388992],[0.255864,-0.421567,-0.869951],[0.396895,0.866374,-0.303101]],[[0.88148,-0.267727,0.388992],[0.0539881,-0.761213,-0.646251],[0.469124,0.590658,-0.65654]]],"btipPosition":[-21.5815,193.378,27.7909],"carpPosition":[-22.2331,234.017,82.8013],"dipPosition":[-13.583,203.449,16.597],"direction":[-0.396895,-0.866374,0.303101],"extended":false,"handId":360,"id":3604,"length":49.963,"mcpPosition":[-5.60017,249.339,30.0914],"pipPosition":[-5.90442,220.21,10.733],"stabilizedTipPosition":[-2.15125,188.208,4.31017],"timeVisible":16.0793,"tipPosition":[-19.556,195.709,24.8143],"tipVelocity":[-162.563,34.8597,185.859],"tool":false,"touchDistance":0.333333,"touchZone":"none","type":4,"width":15.8833}],"r":[[0.695018,0.468656,0.545263],[-0.406645,0.881648,-0.239452],[-0.592951,-0.0553051,0.803337]],"s":1.37272,"t":[16.4123,11.9624,-120.152],"timestamp":15364665343},false],[3,{"currentFrameRate":104.681,"devices":[],"gestures":[],"hands":[{"armBasis":[[0.907737,0.332352,-0.256038],[-0.215731,0.893183,0.394567],[0.359824,-0.302928,0.882474]],"armWidth":63.029,"confidence":0.477999,"direction":[0.0165536,0.314509,-0.94911],"elbow":[57.8004,146.25,326.64],"grabStrength":0,"id":360,"palmNormal":[0.215141,-0.928126,-0.303803],"palmPosition":[-43.8576,238.485,38.3355],"palmVelocity":[-141.599,32.0302,195.136],"palmWidth":90.0033,"pinchStrength":0.367008,"r":[[0.698199,0.4679,0.541837],[-0.405441,0.882218,-0.239392],[-0.59003,-0.0525397,0.80567]],"s":1.37103,"sphereCenter":[-62.6968,206.808,5.02023],"sphereRadius":50.8198,"stabilizedPalmPosition":[-29.9729,233.93,20.9975],"t":[15.1273,12.1607,-118.323],"timeVisible":16.0884,"type":"right","wrist":[-38.2987,227.154,90.9559]}],"id":1171101,"interactionBox":{"center":[0,200,0],"size":[235.247,235.247,147.751]},"pointables":[{"bases":[[[0.203721,0.971655,0.119937],[-0.888509,0.132044,0.439449],[0.411156,-0.19609,0.890224]],[[0.0375587,0.975415,-0.217151],[-0.877713,0.136083,0.459458],[0.477713,0.173339,0.861246]],[[0.0375587,0.975415,-0.217151],[-0.991619,0.00949813,-0.128847],[-0.123617,0.22017,0.967597]],[[0.0375587,0.975415,-0.217151],[-0.998127,0.0471181,0.0390117],[0.0482843,0.215279,0.975358]]],"btipPosition":[-84.1274,189.59,-9.15576],"carpPosition":[-63.591,210.558,88.5818],"dipPosition":[-83.0096,194.573,13.4236],"direction":[0.123617,-0.22017,-0.967597],"extended":false,"handId":360,"id":3600,"length":51.5512,"mcpPosition":[-63.591,210.558,88.5818],"pipPosition":[-87.1787,201.999,46.0566],"stabilizedTipPosition":[-74.3837,190.062,-16.0762],"timeVisible":16.0884,"tipPosition":[-84.0031,191.442,-3.83096],"tipVelocity":[-145.893,-23.9037,225.581],"tool":false,"touchDistance":0.484887,"touchZone":"hovering","type":0,"width":20.0304},{"bases":[[[0.96536,0.249142,-0.0775087],[-0.23466,0.958889,0.159581],[0.114081,-0.135865,0.984137]],[[0.943797,0.264052,-0.198804],[-0.196363,0.931769,0.305366],[0.265872,-0.249166,0.931251]],[[0.943797,0.264052,-0.198804],[-0.272319,0.962091,-0.0149517],[0.187319,0.0682496,0.979925]],[[0.943797,0.264052,-0.198804],[-0.313365,0.906127,-0.284142],[0.105113,0.330471,0.937945]]],"btipPosition":[-85.6424,246.686,-65.398],"carpPosition":[-59.787,233.427,85.0743],"dipPosition":[-83.866,252.271,-49.5464],"direction":[-0.187319,-0.0682496,-0.979925],"extended":true,"handId":360,"id":3601,"length":58.1698,"mcpPosition":[-68.0888,243.314,13.4568],"pipPosition":[-79.3875,253.902,-26.1181],"stabilizedTipPosition":[-81.8523,248.143,-66.1934],"timeVisible":16.0884,"tipPosition":[-85.5836,249.083,-61.5673],"tipVelocity":[-159.461,6.9028,199.404],"tool":false,"touchDistance":0.416327,"touchZone":"hovering","type":1,"width":19.133},{"bases":[[[0.997662,0.0613537,0.030103],[-0.0655141,0.98399,0.165748],[-0.0194519,-0.167332,0.985709]],[[0.997708,0.0617769,0.0276088],[-0.00535362,0.478807,-0.877904],[-0.0674535,0.875744,0.47804]],[[0.997708,0.0617769,0.0276088],[0.0528446,-0.456532,-0.888136],[-0.042262,0.887559,-0.458751]],[[0.997708,0.0617769,0.0276088],[0.0662003,-0.806706,-0.587234],[-0.0140053,0.587715,-0.808947]]],"btipPosition":[-42.6097,172.027,20.9593],"carpPosition":[-48.6172,238.122,83.8357],"dipPosition":[-42.87,182.951,5.92241],"direction":[0.042262,-0.887559,0.458751],"extended":false,"handId":360,"id":3602,"length":66.2798,"mcpPosition":[-47.2748,249.67,15.8105],"pipPosition":[-44.0588,207.917,-6.98135],"stabilizedTipPosition":[-23.2144,167.066,-10.6704],"timeVisible":16.0884,"tipPosition":[-42.6336,174.394,16.5168],"tipVelocity":[-165.821,24.1057,219.049],"tool":false,"touchDistance":0.333333,"touchZone":"none","type":2,"width":18.7912},{"bases":[[[0.986007,-0.0382924,0.162249],[0.00534508,0.980023,0.198813],[-0.166621,-0.195163,0.966514]],[[0.99026,-0.0328482,0.135298],[0.135025,0.463553,-0.875721],[-0.033952,0.88546,0.463473]],[[0.99026,-0.0328482,0.135298],[0.103322,-0.477984,-0.872271],[0.0933229,0.877754,-0.469934]],[[0.99026,-0.0328482,0.135298],[0.0515771,-0.816083,-0.575629],[0.129323,0.577001,-0.80644]]],"btipPosition":[-29.7186,178.12,30.9593],"carpPosition":[-36.5958,239.876,83.5474],"dipPosition":[-27.3285,188.784,16.0552],"direction":[-0.0933229,-0.877754,0.469934],"extended":false,"handId":360,"id":3603,"length":63.7298,"mcpPosition":[-26.2719,251.969,23.6615],"pipPosition":[-24.7713,212.836,3.17825],"stabilizedTipPosition":[-10.5359,171.302,-2.22528],"timeVisible":16.0884,"tipPosition":[-29.1685,180.541,27.2887],"tipVelocity":[-154.636,23.9863,173.466],"tool":false,"touchDistance":0.333333,"touchZone":"none","type":3,"width":17.881},{"bases":[[[0.945567,-0.222021,0.237927],[0.143898,0.941019,0.306231],[-0.291884,-0.255325,0.921745]],[[0.879406,-0.263506,0.396496],[0.476066,0.48266,-0.735119],[0.0023358,0.835227,0.549901]],[[0.879406,-0.263506,0.396496],[0.2631,-0.425106,-0.866062],[0.396766,0.865939,-0.304512]],[[0.879406,-0.263506,0.396496],[0.0591913,-0.765867,-0.640269],[0.472378,0.586526,-0.657911]]],"btipPosition":[-22.6361,193.306,29.4811],"carpPosition":[-23.5657,234.628,84.4737],"dipPosition":[-14.5821,203.307,18.2638],"direction":[-0.396766,-0.865939,0.304512],"extended":false,"handId":360,"id":3604,"length":49.963,"mcpPosition":[-6.8243,249.272,31.6057],"pipPosition":[-6.906,220.06,12.3725],"stabilizedTipPosition":[-3.2818,188.657,5.68091],"timeVisible":16.0884,"tipPosition":[-20.6767,195.61,26.7176],"tipVelocity":[-149.511,22.5633,185.988],"tool":false,"touchDistance":0.333333,"touchZone":"none","type":4,"width":15.8833}],"r":[[0.698199,0.4679,0.541837],[-0.405441,0.882218,-0.239392],[-0.59003,-0.0525397,0.80567]],"s":1.37103,"t":[15.1273,12.1607,-118.323],"timestamp":15364674385},false],[4,{"currentFrameRate":104.953,"devices":[],"gestures":[],"hands":[{"armBasis":[[0.906232,0.33594,-0.256688],[-0.216738,0.890441,0.400173],[0.363,-0.307015,0.879757]],"armWidth":63.029,"confidence":0.495175,"direction":[0.0152216,0.303839,-0.952602],"elbow":[57.8434,145.692,326.785],"grabStrength":0,"id":360,"palmNormal":[0.216413,-0.931131,-0.293532],"palmPosition":[-44.7264,238.417,39.087],"palmVelocity":[-129.135,21.1378,164.362],"palmWidth":90.0033,"pinchStrength":0.375031,"r":[[0.700673,0.468732,0.53791],[-0.404816,0.881996,-0.241261],[-0.587521,-0.0487093,0.807742]],"s":1.36924,"sphereCenter":[-63.4334,206.305,6.11744],"sphereRadius":50.7977,"stabilizedPalmPosition":[-30.6056,234.123,21.7733],"t":[14.0504,12.2258,-117.033],"timeVisible":16.0974,"type":"right","wrist":[-39.1038,227.687,91.8266]}],"id":1171102,"interactionBox":{"center":[0,200,0],"size":[235.247,235.247,147.751]},"pointables":[{"bases":[[[0.202218,0.973276,0.108822],[-0.88835,0.13552,0.438713],[0.412241,-0.185388,0.892014]],[[0.035414,0.972829,-0.228801],[-0.877709,0.139754,0.458362],[0.477884,0.184588,0.85881]],[[0.035414,0.972829,-0.228801],[-0.991484,0.00549176,-0.130112],[-0.125321,0.23146,0.964739]],[[0.035414,0.972829,-0.228801],[-0.998362,0.0447311,0.0356632],[0.0449287,0.227163,0.97282]]],"btipPosition":[-84.7804,188.845,-7.80069],"carpPosition":[-64.3707,211.024,89.6614],"dipPosition":[-83.7403,194.104,14.7199],"direction":[0.125321,-0.23146,-0.964739],"extended":false,"handId":360,"id":3600,"length":51.5512,"mcpPosition":[-64.3707,211.024,89.6614],"pipPosition":[-87.9668,201.91,47.2566],"stabilizedTipPosition":[-75.1256,190.061,-15.0934],"timeVisible":16.0974,"tipPosition":[-84.7246,190.746,-2.50951],"tipVelocity":[-126.209,-38.1128,204.426],"tool":false,"touchDistance":0.489855,"touchZone":"hovering","type":0,"width":20.0304},{"bases":[[[0.964881,0.24984,-0.0811503],[-0.236107,0.960237,0.14899],[0.115147,-0.124598,0.985503]],[[0.943469,0.263237,-0.201426],[-0.197891,0.934843,0.294803],[0.265905,-0.238277,0.934087]],[[0.943469,0.263237,-0.201426],[-0.273593,0.961523,-0.0249112],[0.187119,0.0786117,0.979187]],[[0.943469,0.263237,-0.201426],[-0.314445,0.903016,-0.292722],[0.104836,0.339512,0.934741]]],"btipPosition":[-86.5324,245.434,-64.7268],"carpPosition":[-60.6074,233.858,85.8936],"dipPosition":[-84.7606,251.172,-48.9294],"direction":[-0.187119,-0.0786117,-0.979187],"extended":true,"handId":360,"id":3601,"length":58.1698,"mcpPosition":[-68.9869,242.926,14.1767],"pipPosition":[-80.2869,253.052,-25.5187],"stabilizedTipPosition":[-82.7756,247.843,-65.0913],"timeVisible":16.0974,"tipPosition":[-86.4905,247.8,-60.9171],"tipVelocity":[-142.761,-32.0904,164.628],"tool":false,"touchDistance":0.417909,"touchZone":"hovering","type":1,"width":19.133},{"bases":[[[0.997585,0.0633267,0.0285386],[-0.0669976,0.985683,0.154726],[-0.0183317,-0.156265,0.987545]],[[0.997628,0.0637179,0.0260653],[-0.00724829,0.473732,-0.880639],[-0.0684604,0.878361,0.47307]],[[0.997628,0.0637179,0.0260653],[0.0526627,-0.462481,-0.885064],[-0.0443397,0.884337,-0.464739]],[[0.997628,0.0637179,0.0260653],[0.0670021,-0.81169,-0.580233],[-0.0158142,0.580603,-0.814034]]],"btipPosition":[-43.3762,171.797,22.0893],"carpPosition":[-49.4465,238.558,84.5925],"dipPosition":[-43.6701,182.589,6.95785],"direction":[0.0443397,-0.884337,0.464739],"extended":false,"handId":360,"id":3602,"length":66.2798,"mcpPosition":[-48.1814,249.342,16.4406],"pipPosition":[-44.9173,207.464,-6.11435],"stabilizedTipPosition":[-24.2552,167.437,-9.16412],"timeVisible":16.0974,"tipPosition":[-43.4141,174.126,17.8431],"tipVelocity":[-143.807,9.53746,192.577],"tool":false,"touchDistance":0.333333,"touchZone":"none","type":2,"width":18.7912},{"bases":[[[0.986207,-0.0348455,0.161807],[0.00389632,0.982205,0.187772],[-0.165471,-0.184552,0.968793]],[[0.990386,-0.0297553,0.135094],[0.133686,0.456858,-0.879437],[-0.035551,0.889042,0.456443]],[[0.990386,-0.0297553,0.135094],[0.103866,-0.485068,-0.868286],[0.0913661,0.87397,-0.477314]],[[0.990386,-0.0297553,0.135094],[0.0527919,-0.821379,-0.567934],[0.127863,0.569606,-0.811911]]],"btipPosition":[-30.471,177.997,32.1587],"carpPosition":[-37.4282,240.329,84.274],"dipPosition":[-28.1079,188.524,17.1535],"direction":[-0.0913661,-0.87397,0.477314],"extended":false,"handId":360,"id":3603,"length":63.7298,"mcpPosition":[-27.1755,251.764,24.2468],"pipPosition":[-25.6044,212.472,4.07429],"stabilizedTipPosition":[-11.5325,171.77,-0.635583],"timeVisible":16.0974,"tipPosition":[-29.9357,180.385,28.5629],"tipVelocity":[-135.223,12.6712,161.606],"tool":false,"touchDistance":0.333333,"touchZone":"none","type":3,"width":17.881},{"bases":[[[0.946136,-0.217778,0.239582],[0.142606,0.944639,0.295501],[-0.290672,-0.245418,0.924813]],[[0.87855,-0.258312,0.401776],[0.477627,0.483239,-0.733725],[-0.004624,0.836514,0.547927]],[[0.87855,-0.258312,0.401776],[0.269717,-0.425927,-0.86362],[0.394211,0.867099,-0.304528]],[[0.87855,-0.258312,0.401776],[0.0649412,-0.768745,-0.63625],[0.473214,0.585069,-0.658606]]],"btipPosition":[-23.25,193.18,30.1604],"carpPosition":[-24.3887,235.112,85.2478],"dipPosition":[-15.1817,203.155,18.9313],"direction":[-0.394211,-0.867099,0.304528],"extended":false,"handId":360,"id":3604,"length":49.963,"mcpPosition":[-7.71676,249.189,32.2038],"pipPosition":[-7.55503,219.931,13.0397],"stabilizedTipPosition":[-4.27462,189.03,6.88117],"timeVisible":16.0974,"tipPosition":[-21.3622,195.475,27.6082],"tipVelocity":[-126.994,12.3258,155.449],"tool":false,"touchDistance":0.333333,"touchZone":"none","type":4,"width":15.8833}],"r":[[0.700673,0.468732,0.53791],[-0.404816,0.881996,-0.241261],[-0.587521,-0.0487093,0.807742]],"s":1.36924,"t":[14.0504,12.2258,-117.033],"timestamp":15364683407},false],[5,{"currentFrameRate":110.418,"devices":[],"gestures":[],"hands":[{"armBasis":[[0.906278,0.314132,-0.282811],[-0.190029,0.900461,0.391228],[0.377557,-0.300819,0.875762]],"armWidth":63.029,"confidence":0.895697,"direction":[0.0387824,0.586394,-0.809097],"elbow":[51.6459,177.106,314.418],"grabStrength":0.866892,"id":360,"palmNormal":[0.202202,-0.797561,-0.568341],"palmPosition":[-53.6321,284.293,33.753],"palmVelocity":[41.0005,220.325,-178.266],"palmWidth":90.0033,"pinchStrength":0.31805,"r":[[0.719942,0.28111,0.634555],[-0.390651,0.919845,0.0357231],[-0.57365,-0.273608,0.772052]],"s":1.16371,"sphereCenter":[-66.619,262.246,-7.26548],"sphereRadius":46.2418,"stabilizedPalmPosition":[-56.282,257.741,51.2123],"t":[3.74819,56.2494,-119.74],"timeVisible":16.7845,"type":"right","wrist":[-49.1891,257.447,80.5263]}],"id":1171178,"interactionBox":{"center":[0,200,0],"size":[235.247,235.247,147.751]},"pointables":[{"bases":[[[0.220489,0.884748,0.410617],[-0.893115,0.0139051,0.449614],[0.392085,-0.465863,0.793247]],[[0.01028,0.999892,-0.0105033],[-0.896034,0.0138737,0.443768],[0.443866,0.00484941,0.89608]],[[0.01028,0.999892,-0.0105033],[-0.998853,0.00977685,-0.0468786],[-0.0467709,0.0109732,0.998845]],[[0.01028,0.999892,-0.0105033],[-0.947896,0.0130891,0.31831],[0.318413,0.00668384,0.947929]]],"btipPosition":[-102.465,242.186,-26.8987],"carpPosition":[-74.7551,242.95,72.9777],"dipPosition":[-95.0941,242.34,-4.95433],"direction":[0.0467709,-0.0109732,-0.998845],"extended":false,"handId":360,"id":3600,"length":51.5512,"mcpPosition":[-74.7551,242.95,72.9777],"pipPosition":[-96.6715,242.71,28.7326],"stabilizedTipPosition":[-104.723,210.623,9.10078],"timeVisible":16.7845,"tipPosition":[-99.5578,242.54,-21.8994],"tipVelocity":[34.5107,247.11,-209.691],"tool":false,"touchDistance":-0.479844,"touchZone":"hovering","type":0,"width":20.0304},{"bases":[[[0.971195,0.238007,0.0115301],[-0.218667,0.870962,0.440011],[0.0946833,-0.429858,0.897918]],[[0.943667,0.30351,-0.131808],[-0.226441,0.882789,0.411592],[0.241281,-0.358559,0.901787]],[[0.943667,0.30351,-0.131808],[-0.329141,0.820016,-0.468231],[-0.0340279,0.485237,0.87372]],[[0.943667,0.30351,-0.131808],[-0.22307,0.2893,-0.930884],[-0.244401,0.907847,0.340707]]],"btipPosition":[-82.6484,285.287,-53.7141],"carpPosition":[-70.4485,265.712,76.599],"dipPosition":[-86.7788,300.63,-47.9561],"direction":[0.0340279,-0.485237,-0.87372],"extended":false,"handId":360,"id":3601,"length":58.1698,"mcpPosition":[-77.3387,296.993,11.2559],"pipPosition":[-87.5924,312.231,-27.0669],"stabilizedTipPosition":[-83.3572,266.959,-37.0226],"timeVisible":16.7845,"tipPosition":[-82.5426,286.426,-51.014],"tipVelocity":[-15.428,473.847,-292.677],"tool":false,"touchDistance":-0.62328,"touchZone":"hovering","type":1,"width":19.133},{"bases":[[[0.99801,0.0257547,0.0575549],[-0.049195,0.889012,0.455233],[-0.0394427,-0.457158,0.88851]],[[0.99733,0.0190936,0.0704898],[0.0325139,0.74819,-0.662687],[-0.0653928,0.66321,0.745572]],[[0.99733,0.0190936,0.0704898],[0.0729192,-0.207222,-0.975573],[-0.00402011,0.978108,-0.208061]],[[0.99733,0.0190936,0.0704898],[0.0654606,-0.661645,-0.746955],[0.0323772,0.749574,-0.661128]]],"btipPosition":[-53.8191,228.78,-1.76733],"carpPosition":[-59.1702,270.296,76.9557],"dipPosition":[-53.2173,242.713,-14.0565],"direction":[0.00402011,-0.978108,0.208061],"extended":false,"handId":360,"id":3602,"length":66.2798,"mcpPosition":[-56.4482,301.846,15.6383],"pipPosition":[-53.3304,270.225,-19.9089],"stabilizedTipPosition":[-57.3132,221.173,1.58923],"timeVisible":16.7845,"tipPosition":[-53.5628,232.762,-6.2538],"tipVelocity":[39.8279,198.173,-102.201],"tool":false,"touchDistance":0.333333,"touchZone":"none","type":2,"width":18.7912},{"bases":[[[0.982178,-0.108892,0.153197],[0.0210017,0.873554,0.486273],[-0.186777,-0.474389,0.860273]],[[0.979338,-0.115826,0.165776],[0.198107,0.714171,-0.671352],[-0.0406325,0.690322,0.722361]],[[0.979338,-0.115826,0.165776],[0.132955,-0.248915,-0.959356],[0.152382,0.961575,-0.228372]],[[0.979338,-0.115826,0.165776],[0.0441552,-0.67749,-0.734206],[0.197352,0.726355,-0.658377]]],"btipPosition":[-41.568,230.883,10.5336],"carpPosition":[-47.1138,271.771,77.336],"dipPosition":[-37.9207,244.307,-1.63414],"direction":[-0.152382,-0.961575,0.228372],"extended":false,"handId":360,"id":3603,"length":63.7298,"mcpPosition":[-35.5409,301.164,24.0329],"pipPosition":[-33.7452,270.655,-7.89189],"stabilizedTipPosition":[-44.6265,214.287,22.2283],"timeVisible":16.7845,"tipPosition":[-40.4331,234.24,6.23218],"tipVelocity":[28.7521,215.114,-130.79],"tool":false,"touchDistance":0.333333,"touchZone":"none","type":3,"width":17.881},{"bases":[[[0.936897,-0.305895,0.169268],[0.156926,0.800617,0.578261],[-0.312406,-0.515209,0.798099]],[[0.843466,-0.413229,0.34323],[0.536638,0.67695,-0.503745],[-0.0241876,0.609082,0.792739]],[[0.843466,-0.413229,0.34323],[0.284477,-0.198387,-0.937931],[0.455673,0.888754,-0.0497784]],[[0.843466,-0.413229,0.34323],[0.026955,-0.605582,-0.795326],[0.536506,0.680082,-0.499649]]],"btipPosition":[-33.4044,245.639,12.7431],"carpPosition":[-34.2057,266.181,76.7639],"dipPosition":[-24.257,257.234,4.22418],"direction":[-0.455673,-0.888754,0.0497783],"extended":false,"handId":360,"id":3604,"length":49.963,"mcpPosition":[-16.2872,295.732,30.9878],"pipPosition":[-15.4412,274.429,3.26113],"stabilizedTipPosition":[-34.4789,227.831,25.2751],"timeVisible":16.7845,"tipPosition":[-30.7069,248.571,9.63846],"tipVelocity":[29.8529,211.831,-147.368],"tool":false,"touchDistance":0.333333,"touchZone":"none","type":4,"width":15.8833}],"r":[[0.719942,0.28111,0.634555],[-0.390651,0.919845,0.0357231],[-0.57365,-0.273608,0.772052]],"s":1.16371,"t":[3.74819,56.2494,-119.74],"timestamp":15365370548},false],[6,{"currentFrameRate":110.51,"devices":[],"gestures":[],"hands":[{"armBasis":[[0.905901,0.320988,-0.276244],[-0.196578,0.896496,0.397054],[0.375101,-0.305388,0.875235]],"armWidth":63.029,"confidence":0.896821,"direction":[0.0358933,0.593033,-0.804378],"elbow":[51.3435,177.223,313.639],"grabStrength":0.844292,"id":360,"palmNormal":[0.208379,-0.791646,-0.574348],"palmPosition":[-53.3975,285.969,33.3227],"palmVelocity":[37.034,211.698,-142.997],"palmWidth":90.0033,"pinchStrength":0.313914,"r":[[0.717491,0.278116,0.638638],[-0.389643,0.920222,0.0370128],[-0.577394,-0.275397,0.768617]],"s":1.18049,"sphereCenter":[-67.1956,264.493,-7.87618],"sphereRadius":46.6657,"stabilizedPalmPosition":[-56.044,260.07,49.7362],"t":[4.02527,58.0461,-120.623],"timeVisible":16.7934,"type":"right","wrist":[-48.8356,258.784,79.8884]}],"id":1171179,"interactionBox":{"center":[0,200,0],"size":[235.247,235.247,147.751]},"pointables":[{"bases":[[[0.213923,0.882942,0.417912],[-0.893795,0.00429069,0.448456],[0.394167,-0.469463,0.790087]],[[0.00338785,0.99999,-0.00281547],[-0.896736,0.00428402,0.442545],[0.442553,0.00102546,0.896742]],[[0.00338785,0.99999,-0.00281547],[-0.998912,0.00325324,-0.046513],[-0.0465034,0.00296999,0.998914]],[[0.00338785,0.99999,-0.00281547],[-0.946872,0.00411331,0.321584],[0.321592,0.00157641,0.946877]]],"btipPosition":[-102.02,243.987,-27.6976],"carpPosition":[-74.2923,244.174,72.1895],"dipPosition":[-94.5755,244.023,-5.77757],"direction":[0.0465034,-0.00296999,-0.998914],"extended":false,"handId":360,"id":3600,"length":51.5512,"mcpPosition":[-74.2923,244.174,72.1895],"pipPosition":[-96.1439,244.123,27.9117],"stabilizedTipPosition":[-104.4,213.063,6.77909],"timeVisible":16.7934,"tipPosition":[-99.111,244.314,-22.7044],"tipVelocity":[39.2568,234.209,-177.325],"tool":false,"touchDistance":-0.47226,"touchZone":"hovering","type":0,"width":20.0304},{"bases":[[[0.969541,0.244484,0.0147759],[-0.225168,0.865948,0.44658],[0.0963867,-0.436304,0.894622]],[[0.941589,0.311205,-0.128694],[-0.226711,0.868351,0.441099],[0.249024,-0.386157,0.888183]],[[0.941589,0.311205,-0.128694],[-0.335836,0.839351,-0.427439],[-0.0250018,0.445692,0.894837]],[[0.941589,0.311205,-0.128694],[-0.235204,0.334214,-0.912678],[-0.241019,0.889636,0.387888]]],"btipPosition":[-83.071,289.405,-54.8006],"carpPosition":[-70.1452,266.935,75.9968],"dipPosition":[-87.1443,304.44,-48.2452],"direction":[0.0250018,-0.445692,-0.894837],"extended":false,"handId":360,"id":3601,"length":58.1698,"mcpPosition":[-77.1594,298.686,10.8935],"pipPosition":[-87.7421,315.096,-26.8512],"stabilizedTipPosition":[-83.5057,272.871,-40.7361],"timeVisible":16.7934,"tipPosition":[-82.9115,290.448,-52.0448],"tipVelocity":[-23.7564,468.868,-240.785],"tool":false,"touchDistance":-0.602832,"touchZone":"hovering","type":1,"width":19.133},{"bases":[[[0.997734,0.0320611,0.0591578],[-0.0558431,0.885025,0.462182],[-0.0375381,-0.464438,0.88481]],[[0.997051,0.0250248,0.0725489],[0.029033,0.752085,-0.658427],[-0.07104,0.658591,0.74914]],[[0.997051,0.0250248,0.0725489],[0.0761235,-0.20256,-0.976307],[-0.00973643,0.97895,-0.203867]],[[0.997051,0.0250248,0.0725489],[0.0710633,-0.657985,-0.74967],[0.0289758,0.752615,-0.657823]]],"btipPosition":[-53.1859,230.719,-2.41167],"carpPosition":[-58.8988,271.593,76.4055],"dipPosition":[-52.6473,244.709,-14.6394],"direction":[0.00973643,-0.97895,0.203867],"extended":false,"handId":360,"id":3602,"length":66.2798,"mcpPosition":[-56.3082,303.645,15.3435],"pipPosition":[-52.9212,272.244,-20.3738],"stabilizedTipPosition":[-56.5601,223.435,0.382131],"timeVisible":16.7934,"tipPosition":[-52.9472,234.687,-6.8441],"tipVelocity":[47.9209,204.012,-93.7047],"tool":false,"touchDistance":0.333333,"touchZone":"none","type":2,"width":18.7912},{"bases":[[[0.982687,-0.103443,0.153709],[0.014415,0.869798,0.493197],[-0.184714,-0.482443,0.85623]],[[0.979925,-0.110379,0.166023],[0.194114,0.718143,-0.668274],[-0.0454647,0.687086,0.725153]],[[0.979925,-0.110379,0.166023],[0.13501,-0.245342,-0.959989],[0.146696,0.963132,-0.225515]],[[0.979925,-0.110379,0.166023],[0.0487654,-0.67475,-0.736433],[0.193311,0.729746,-0.655822]]],"btipPosition":[-40.9912,232.794,10.0136],"carpPosition":[-46.8532,273.146,76.8144],"dipPosition":[-37.4186,246.281,-2.10694],"direction":[-0.146696,-0.963132,0.225515],"extended":false,"handId":360,"id":3603,"length":63.7298,"mcpPosition":[-35.4082,303.038,23.7618],"pipPosition":[-33.3989,272.673,-8.28641],"stabilizedTipPosition":[-43.951,217.562,19.9543],"timeVisible":16.7934,"tipPosition":[-39.8775,236.178,5.73576],"tipVelocity":[38.0489,215.568,-110.828],"tool":false,"touchDistance":0.333333,"touchZone":"none","type":3,"width":17.881},{"bases":[[[0.938723,-0.30087,0.168158],[0.150707,0.797058,0.584796],[-0.309979,-0.523619,0.793559]],[[0.845915,-0.410099,0.340951],[0.532523,0.684405,-0.498005],[-0.0291176,0.602834,0.797335]],[[0.845915,-0.410099,0.340951],[0.286517,-0.189752,-0.939097],[0.449818,0.892084,-0.0430134]],[[0.845915,-0.410099,0.340951],[0.0315017,-0.599763,-0.799557],[0.532387,0.687098,-0.49443]]],"btipPosition":[-32.8887,247.623,12.0752],"carpPosition":[-33.9067,267.649,76.2162],"dipPosition":[-23.8115,259.338,3.64524],"direction":[-0.449818,-0.892084,0.0430134],"extended":false,"handId":360,"id":3604,"length":49.963,"mcpPosition":[-16.1274,297.682,30.7005],"pipPosition":[-15.109,276.597,2.81307],"stabilizedTipPosition":[-34.0162,230.66,23.3706],"timeVisible":16.7934,"tipPosition":[-30.2201,250.588,9.01195],"tipVelocity":[37.014,215.794,-127.131],"tool":false,"touchDistance":0.333333,"touchZone":"none","type":4,"width":15.8833}],"r":[[0.717