{"sensorType":"Leap","data":[[0,{"currentFrameRate":102.142,"devices":[],"gestures":[],"hands":[{"armBasis":[[0.915023,0.148952,-0.374894],[-0.0495132,0.963777,0.262075],[0.400351,-0.221243,0.889253]],"armWidth":63.029,"confidence":0.831999,"direction":[-0.0957576,0.627758,-0.772496],"elbow":[93.6219,133.598,289.448],"grabStrength":0,"id":371,"palmNormal":[0.0115082,-0.775312,-0.631473],"palmPosition":[-25.8712,222.381,8.49773],"palmVelocity":[-60.5745,10.4899,121.901],"palmWidth":90.0033,"pinchStrength":0.207282,"r":[[0.840316,0.280686,0.463772],[-0.404992,0.89374,0.192899],[-0.360348,-0.34992,0.8647]],"s":1.28143,"sphereCenter":[-48.6733,202.932,-29.3848],"sphereRadius":48.2663,"stabilizedPalmPosition":[-17.5406,216.732,-13.5971],"t":[50.4643,48.1968,-111.743],"timeVisible":25.6685,"type":"right","wrist":[-13.3006,192.686,51.9532]}],"id":1200191,"interactionBox":{"center":[0,200,0],"size":[235.247,235.247,147.751]},"pointables":[{"bases":[[[0.371543,0.843866,0.3871],[-0.768818,0.0459196,0.637817],[0.520456,-0.534586,0.66584]],[[0.170523,0.976024,0.135278],[-0.738496,0.0357023,0.673312],[0.652339,-0.214717,0.726877]],[[0.170523,0.976024,0.135278],[-0.978348,0.151365,0.141153],[0.117292,-0.156418,0.980702]],[[0.170523,0.976024,0.135278],[-0.970107,0.142236,0.196627],[0.172671,-0.164763,0.971101]]],"btipPosition":[-81.0841,200.014,-41.7345],"carpPosition":[-40.921,180.323,49.7119],"dipPosition":[-77.0868,196.2,-19.2536],"direction":[-0.117292,0.156418,-0.980702],"extended":false,"handId":371,"id":3710,"length":51.5512,"mcpPosition":[-40.921,180.323,49.7119],"pipPosition":[-73.1311,190.925,13.8214],"stabilizedTipPosition":[-76.3941,198.523,-43.2927],"timeVisible":25.6685,"tipPosition":[-78.7033,198.805,-36.5807],"tipVelocity":[-81.3705,10.8578,138.264],"tool":false,"touchDistance":0.217134,"touchZone":"hovering","type":0,"width":20.0304},{"bases":[[[0.96513,0.173776,-0.19577],[-0.0501745,0.856807,0.51319],[0.256917,-0.485473,0.835649]],[[0.914647,0.245794,-0.320945],[-0.098519,0.905515,0.412718],[0.392064,-0.345872,0.852442]],[[0.914647,0.245794,-0.320945],[-0.200109,0.965115,0.168847],[0.35125,-0.0902112,0.931926]],[[0.914647,0.245794,-0.320945],[-0.26853,0.962868,-0.0278656],[0.302179,0.111671,0.946688]]],"btipPosition":[-83.0788,252.813,-82.1033],"carpPosition":[-34.2164,202.516,53.2143],"dipPosition":[-77.9719,254.7,-66.104],"direction":[-0.35125,0.0902112,-0.931925],"extended":true,"handId":371,"id":3711,"length":58.1698,"mcpPosition":[-52.9127,237.845,-7.5974],"pipPosition":[-69.5741,252.543,-43.8232],"stabilizedTipPosition":[-70.8996,258.519,-102.853],"timeVisible":25.6685,"tipPosition":[-82.266,255.248,-77.6455],"tipVelocity":[-83.4048,-74.4843,125.011],"tool":false,"touchDistance":0.49651,"touchZone":"hovering","type":1,"width":19.133},{"bases":[[[0.985285,-0.0420392,-0.165669],[0.119367,0.862984,0.490927],[0.122332,-0.503478,0.855304]],[[0.984888,-0.0404244,-0.168412],[-0.0929216,0.697252,-0.710778],[0.146158,0.715686,0.682958]],[[0.984888,-0.0404244,-0.168412],[-0.165424,-0.507562,-0.845586],[-0.0512971,0.860666,-0.506579]],[[0.984888,-0.0404244,-0.168412],[-0.108386,-0.902296,-0.41727],[-0.135089,0.429217,-0.893042]]],"btipPosition":[-34.2788,174.772,-9.50576],"carpPosition":[-22.822,206.336,51.2327],"dipPosition":[-36.7899,182.75,-26.1058],"direction":[0.0512971,-0.860666,0.506579],"extended":false,"handId":371,"id":3712,"length":66.2798,"mcpPosition":[-31.2643,241.081,-7.793],"pipPosition":[-38.2328,206.959,-40.3549],"stabilizedTipPosition":[-28.1222,168.274,-33.0134],"timeVisible":25.6685,"tipPosition":[-34.8664,176.528,-13.25],"tipVelocity":[-56.0164,15.7273,113.752],"tool":false,"touchDistance":0.333333,"touchZone":"none","type":2,"width":18.7912},{"bases":[[[0.980727,-0.180607,-0.0745324],[0.193295,0.841286,0.504851],[-0.0284766,-0.509528,0.859983]],[[0.980903,-0.177027,-0.0805656],[0.0535641,0.644079,-0.763081],[0.186977,0.744193,0.641261]],[[0.980903,-0.177027,-0.0805656],[-0.167144,-0.555409,-0.814607],[0.0994604,0.812516,-0.574391]],[[0.980903,-0.177027,-0.0805656],[-0.194381,-0.906598,-0.37456],[-0.0067335,0.383067,-0.923696]]],"btipPosition":[-20.0006,176.342,0.157221],"carpPosition":[-10.9007,207.004,48.9726],"dipPosition":[-20.125,183.421,-16.914],"direction":[-0.0994604,-0.812516,0.574391],"extended":false,"handId":371,"id":3713,"length":63.7298,"mcpPosition":[-9.13623,238.575,-4.3126],"pipPosition":[-17.3997,205.685,-32.6532],"stabilizedTipPosition":[-12.9789,169.151,-25.1878],"timeVisible":25.6685,"tipPosition":[-19.9841,178.249,-3.66509],"tipVelocity":[-52.6427,15.5039,106.313],"tool":false,"touchDistance":0.333333,"touchZone":"none","type":3,"width":17.881},{"bases":[[[0.92533,-0.374871,-0.0568824],[0.340201,0.754611,0.561094],[-0.167414,-0.538548,0.825796]],[[0.892518,-0.447,0.0600179],[0.353424,0.61051,-0.70878],[0.280183,0.653811,0.702872]],[[0.892518,-0.447,0.0600179],[-0.182909,-0.480384,-0.857773],[0.412256,0.754601,-0.510512]],[[0.892518,-0.447,0.0600179],[-0.378752,-0.815105,-0.438349],[0.244863,0.368503,-0.896799]]],"btipPosition":[-11.2421,187.775,-1.47729],"carpPosition":[1.10596,200.635,45.3038],"dipPosition":[-7.06721,194.058,-16.7676],"direction":[-0.412256,-0.754601,0.510512],"extended":false,"handId":371,"id":3714,"length":49.963,"mcpPosition":[10.7082,231.524,-2.06084],"pipPosition":[0.908594,208.657,-26.6443],"stabilizedTipPosition":[-2.72508,181.006,-23.6084],"timeVisible":25.6685,"tipPosition":[-10.2059,189.444,-4.33137],"tipVelocity":[-56.5921,20.8736,86.2362],"tool":false,"touchDistance":0.333333,"touchZone":"none","type":4,"width":15.8833}],"r":[[0.840316,0.280686,0.463772],[-0.404992,0.89374,0.192899],[-0.360348,-0.34992,0.8647]],"s":1.28143,"t":[50.4643,48.1968,-111.743],"timestamp":15635585241},false],[1,{"currentFrameRate":102.387,"devices":[],"gestures":[],"hands":[{"armBasis":[[0.913798,0.1491,-0.377813],[-0.0483398,0.963497,0.263317],[0.403282,-0.222356,0.887649]],"armWidth":63.029,"confidence":0.834705,"direction":[-0.0970479,0.627125,-0.772849],"elbow":[93.9388,133.207,290.176],"grabStrength":0,"id":371,"palmNormal":[0.0098396,-0.775872,-0.630813],"palmPosition":[-26.4125,222.255,9.6537],"palmVelocity":[-59.9076,3.70066,122.578],"palmWidth":90.0033,"pinchStrength":0.206561,"r":[[0.84115,0.281097,0.462008],[-0.406093,0.892491,0.196335],[-0.357149,-0.352765,0.864871]],"s":1.27838,"sphereCenter":[-48.7516,202.488,-28.3413],"sphereRadius":48.1116,"stabilizedPalmPosition":[-17.5655,216.747,-13.5319],"t":[49.8837,48.165,-110.605],"timeVisible":25.6778,"type":"right","wrist":[-13.7667,192.592,53.1093]}],"id":1200192,"interactionBox":{"center":[0,200,0],"size":[235.247,235.247,147.751]},"pointables":[{"bases":[[[0.37274,0.844028,0.385592],[-0.767482,0.0468474,0.639357],[0.521571,-0.534249,0.665238]],[[0.171028,0.976142,0.133776],[-0.736044,0.0363229,0.675959],[0.654973,-0.214073,0.724695]],[[0.171028,0.976142,0.133776],[-0.978161,0.151944,0.141826],[0.118116,-0.155111,0.98081]],[[0.171028,0.976142,0.133776],[-0.968713,0.141813,0.203678],[0.179848,-0.164426,0.969855]]],"btipPosition":[-81.8847,199.848,-40.3777],"carpPosition":[-41.3975,180.24,50.9357],"dipPosition":[-77.7212,196.042,-17.9257],"direction":[-0.118116,0.155111,-0.98081],"extended":false,"handId":371,"id":3710,"length":51.5512,"mcpPosition":[-41.3975,180.24,50.9357],"pipPosition":[-73.7377,190.81,15.1529],"stabilizedTipPosition":[-76.6527,198.549,-42.8317],"timeVisible":25.6778,"tipPosition":[-79.4972,198.665,-35.2536],"tipVelocity":[-81.5399,2.79677,140.215],"tool":false,"touchDistance":0.239636,"touchZone":"hovering","type":0,"width":20.0304},{"bases":[[[0.964808,0.173142,-0.197908],[-0.0487104,0.857281,0.512539],[0.258405,-0.484861,0.835546]],[[0.914134,0.245038,-0.322978],[-0.101898,0.909965,0.40197],[0.392397,-0.334544,0.8568]],[[0.914134,0.245038,-0.322978],[-0.205267,0.966754,0.152486],[0.349605,-0.0730958,0.934041]],[[0.914134,0.245038,-0.322978],[-0.274183,0.960513,-0.0473035],[0.298633,0.131797,0.945224]]],"btipPosition":[-83.5607,251.455,-81.1163],"carpPosition":[-34.6752,202.433,54.4048],"dipPosition":[-78.5137,253.682,-65.1417],"direction":[-0.349605,0.0730958,-0.934041],"extended":true,"handId":371,"id":3711,"length":58.1698,"mcpPosition":[-53.4798,237.718,-6.39936],"pipPosition":[-70.1553,251.935,-42.8104],"stabilizedTipPosition":[-70.9941,258.465,-102.645],"timeVisible":25.6778,"tipPosition":[-82.7648,254.017,-76.6836],"tipVelocity":[-74.9074,-92.3077,119.509],"tool":false,"touchDistance":0.494913,"touchZone":"hovering","type":1,"width":19.133},{"bases":[[[0.984922,-0.0426558,-0.167659],[0.120788,0.863358,0.489921],[0.123852,-0.502785,0.855493]],[[0.984502,-0.0409738,-0.17052],[-0.0940445,0.69735,-0.710534],[0.148025,0.715559,0.682689]],[[0.984502,-0.0409738,-0.17052],[-0.167499,-0.507771,-0.845052],[-0.05196,0.860517,-0.506765]],[[0.984502,-0.0409738,-0.17052],[-0.109665,-0.902604,-0.416268],[-0.136856,0.428517,-0.893109]]],"btipPosition":[-34.8823,174.657,-8.33577],"carpPosition":[-23.2831,206.246,52.3964],"dipPosition":[-37.4262,182.623,-24.9371],"direction":[0.05196,-0.860517,0.506765],"extended":false,"handId":371,"id":3712,"length":66.2798,"mcpPosition":[-31.8303,240.943,-6.64234],"pipPosition":[-38.8878,206.827,-39.1914],"stabilizedTipPosition":[-28.1381,168.292,-32.9683],"timeVisible":25.6778,"tipPosition":[-35.4759,176.404,-12.0649],"tipVelocity":[-58.7517,7.71823,117.146],"tool":false,"touchDistance":0.333333,"touchZone":"none","type":2,"width":18.7912},{"bases":[[[0.980486,-0.181141,-0.0763909],[0.194734,0.841637,0.503712],[-0.0269497,-0.508759,0.860487]],[[0.980662,-0.177276,-0.0829171],[0.0520529,0.644676,-0.762682],[0.18866,0.743617,0.641437]],[[0.980662,-0.177276,-0.0829171],[-0.169195,-0.555016,-0.814451],[0.0983625,0.81273,-0.574277]],[[0.980662,-0.177276,-0.0829171],[-0.195506,-0.90666,-0.373824],[-0.00890748,0.382806,-0.923786]]],"btipPosition":[-20.5648,176.221,1.25534],"carpPosition":[-11.3661,206.907,50.1112],"dipPosition":[-20.7294,183.295,-15.8175],"direction":[-0.0983625,-0.81273,0.574277],"extended":false,"handId":371,"id":3713,"length":63.7298,"mcpPosition":[-9.69628,238.43,-3.20526],"pipPosition":[-18.0341,205.565,-31.5536],"stabilizedTipPosition":[-12.9889,169.163,-25.158],"timeVisible":25.6778,"tipPosition":[-20.5649,178.109,-2.53922],"tipVelocity":[-55.1882,7.4223,109.623],"tool":false,"touchDistance":0.333333,"touchZone":"none","type":3,"width":17.881},{"bases":[[[0.925033,-0.375363,-0.0584562],[0.341714,0.754941,0.559729],[-0.165971,-0.537743,0.826612]],[[0.892023,-0.44803,0.0597061],[0.353962,0.610291,-0.7087],[0.28108,0.65331,0.702979]],[[0.892023,-0.44803,0.0597061],[-0.183682,-0.480025,-0.857809],[0.412984,0.754218,-0.510488]],[[0.892023,-0.44803,0.0597061],[-0.379959,-0.814838,-0.437801],[0.244799,0.367842,-0.897087]]],"btipPosition":[-11.8453,187.658,-0.403868],"carpPosition":[0.629908,200.528,46.4233],"dipPosition":[-7.67151,193.93,-15.6991],"direction":[-0.412984,-0.754218,0.510488],"extended":false,"handId":371,"id":3714,"length":49.963,"mcpPosition":[10.1494,231.371,-0.988132],"pipPosition":[0.318382,208.521,-25.5754],"stabilizedTipPosition":[-2.74881,181.03,-23.5512],"timeVisible":25.6778,"tipPosition":[-10.8036,189.305,-3.2582],"tipVelocity":[-58.9339,11.3594,94.4409],"tool":false,"touchDistance":0.333333,"touchZone":"none","type":4,"width":15.8833}],"r":[[0.84115,0.281097,0.462008],[-0.406093,0.892491,0.196335],[-0.357149,-0.352765,0.864871]],"s":1.27838,"t":[49.8837,48.165,-110.605],"timestamp":15635594541},false],[2,{"currentFrameRate":102.533,"devices":[],"gestures":[],"hands":[{"armBasis":[[0.911358,0.152253,-0.38242],[-0.0487831,0.962479,0.266936],[0.408713,-0.224618,0.88459]],"armWidth":63.029,"confidence":0.822046,"direction":[-0.102953,0.631491,-0.768518],"elbow":[94.8959,132.541,290.276],"grabStrength":0,"id":371,"palmNormal":[0.00745986,-0.772112,-0.635443],"palmPosition":[-27.227,222.425,10.8254],"palmVelocity":[-67.3814,7.76587,122.892],"palmWidth":90.0033,"pinchStrength":0.208297,"r":[[0.842266,0.28121,0.4599],[-0.407063,0.891092,0.200634],[-0.353393,-0.356196,0.865007]],"s":1.27503,"sphereCenter":[-49.1059,202.5,-27.3578],"sphereRadius":47.9349,"stabilizedPalmPosition":[-17.5926,216.763,-13.4635],"t":[49.1861,48.2337,-109.451],"timeVisible":25.6872,"type":"right","wrist":[-14.2599,192.53,54.0268]}],"id":1200193,"interactionBox":{"center":[0,200,0],"size":[235.247,235.247,147.751]},"pointables":[{"bases":[[[0.373486,0.842454,0.388303],[-0.763652,0.0415862,0.644287],[0.526634,-0.537161,0.658874]],[[0.169711,0.97576,0.138171],[-0.731336,0.030721,0.681325],[0.660564,-0.216678,0.718822]],[[0.169711,0.97576,0.138171],[-0.97777,0.149198,0.147329],[0.123143,-0.160103,0.979389]],[[0.169711,0.97576,0.138171],[-0.96673,0.137606,0.215631],[0.191391,-0.170169,0.96665]]],"btipPosition":[-83.0801,200.175,-38.9528],"carpPosition":[-41.8801,180.138,51.9485],"dipPosition":[-78.6494,196.236,-16.575],"direction":[-0.123143,0.160103,-0.979389],"extended":false,"handId":371,"id":3710,"length":51.5512,"mcpPosition":[-41.8801,180.138,51.9485],"pipPosition":[-74.4963,190.836,16.4557],"stabilizedTipPosition":[-76.9249,198.585,-42.3775],"timeVisible":25.6872,"tipPosition":[-80.6645,198.991,-33.867],"tipVelocity":[-92.4784,10.9748,142.62],"tool":false,"touchDistance":0.2631,"touchZone":"hovering","type":0,"width":20.0304},{"bases":[[[0.963252,0.176172,-0.202754],[-0.0472062,0.854143,0.517892],[0.264419,-0.489289,0.831071]],[[0.911747,0.248632,-0.326955],[-0.107116,0.91237,0.395105],[0.39654,-0.325213,0.858483]],[[0.911747,0.248632,-0.326955],[-0.212636,0.96673,0.142191],[0.351431,-0.0601192,0.934282]],[[0.911747,0.248632,-0.326955],[-0.28225,0.957529,-0.0589305],[0.298417,0.146013,0.943201]]],"btipPosition":[-84.7181,250.719,-79.7306],"carpPosition":[-35.1788,202.323,55.5079],"dipPosition":[-79.6747,253.187,-63.7902],"direction":[-0.351431,0.0601192,-0.934282],"extended":true,"handId":371,"id":3711,"length":58.1698,"mcpPosition":[-54.421,237.929,-4.97065],"pipPosition":[-71.2726,251.75,-41.4532],"stabilizedTipPosition":[-71.1154,258.396,-102.388],"timeVisible":25.6872,"tipPosition":[-83.9309,253.389,-75.3019],"tipVelocity":[-88.4823,-86.4248,126.941],"tool":false,"touchDistance":0.499421,"touchZone":"hovering","type":1,"width":19.133},{"bases":[[[0.983959,-0.0397612,-0.173907],[0.122139,0.860681,0.494278],[0.130025,-0.50759,0.851731]],[[0.983486,-0.0379403,-0.176961],[-0.0994403,0.70368,-0.703524],[0.151216,0.709503,0.688287]],[[0.983486,-0.0379403,-0.176961],[-0.171957,-0.500807,-0.848306],[-0.0564383,0.864727,-0.499061]],[[0.983486,-0.0379403,-0.176961],[-0.11065,-0.8998,-0.422038],[-0.143217,0.434649,-0.88914]]],"btipPosition":[-35.7395,174.968,-7.57727],"carpPosition":[-23.8063,206.169,53.4527],"dipPosition":[-38.4017,183.048,-24.1048],"direction":[0.0564383,-0.864727,0.499061],"extended":false,"handId":371,"id":3712,"length":66.2798,"mcpPosition":[-32.7796,241.198,-5.32644],"pipPosition":[-39.9892,207.371,-38.1424],"stabilizedTipPosition":[-28.1567,168.311,-32.9194],"timeVisible":25.6872,"tipPosition":[-36.3503,176.727,-11.2268],"tipVelocity":[-68.673,15.7159,107.026],"tool":false,"touchDistance":0.333333,"touchZone":"none","type":2,"width":18.7912},{"bases":[[[0.980343,-0.178792,-0.0834348],[0.196209,0.839021,0.50749],[-0.0207314,-0.513884,0.857609]],[[0.980476,-0.174739,-0.0901866],[0.0459025,0.649352,-0.759102],[0.191207,0.740141,0.644695]],[[0.980476,-0.174739,-0.0901866],[-0.17323,-0.550516,-0.816654],[0.093052,0.816332,-0.570038]],[[0.980476,-0.174739,-0.0901866],[-0.196023,-0.904844,-0.377931],[-0.0155656,0.388231,-0.921431]]],"btipPosition":[-21.3328,176.453,2.1177],"carpPosition":[-11.9048,206.866,51.0988],"dipPosition":[-21.6205,183.628,-14.9116],"direction":[-0.093052,-0.816332,0.570038],"extended":false,"handId":371,"id":3713,"length":63.7298,"mcpPosition":[-10.6203,238.707,-2.03923],"pipPosition":[-19.0707,205.996,-30.5316],"stabilizedTipPosition":[-13.0007,169.176,-25.1252],"timeVisible":25.6872,"tipPosition":[-21.3651,178.36,-1.6669],"tipVelocity":[-63.4653,13.0144,104.593],"tool":false,"touchDistance":0.333333,"touchZone":"none","type":3,"width":17.881},{"bases":[[[0.925369,-0.373223,-0.0663125],[0.343692,0.75228,0.562095],[-0.159901,-0.542936,0.82441]],[[0.893105,-0.44684,0.0519396],[0.348821,0.614994,-0.707182],[0.284054,0.649705,0.705121]],[[0.893105,-0.44684,0.0519396],[-0.187874,-0.47541,-0.85947],[0.408738,0.757839,-0.508541]],[[0.893105,-0.44684,0.0519396],[-0.381147,-0.812976,-0.440224],[0.238935,0.373369,-0.896385]]],"btipPosition":[-12.6647,187.922,0.474796],"carpPosition":[0.0805231,200.533,47.3003],"dipPosition":[-8.59086,194.288,-14.8085],"direction":[-0.408738,-0.757839,0.508541],"extended":false,"handId":371,"id":3714,"length":49.963,"mcpPosition":[9.25189,231.674,0.0151113],"pipPosition":[-0.68313,208.95,-24.647],"stabilizedTipPosition":[-2.77652,181.055,-23.4879],"timeVisible":25.6872,"tipPosition":[-11.6405,189.583,-2.38585],"tipVelocity":[-67.5305,16.764,94.0379],"tool":false,"touchDistance":0.333333,"touchZone":"none","type":4,"width":15.8833}],"r":[[0.842266,0.28121,0.4599],[-0.407063,0.891092,0.200634],[-0.353393,-0.356196,0.865007]],"s":1.27503,"t":[49.1861,48.2337,-109.451],"timestamp":15635604015},false],[3,{"currentFrameRate":102.685,"devices":[],"gestures":[],"hands":[{"armBasis":[[0.909969,0.155638,-0.384361],[-0.0514666,0.962115,0.267741],[0.41147,-0.223854,0.883505]],"armWidth":63.029,"confidence":0.823988,"direction":[-0.110764,0.636807,-0.763026],"elbow":[95.087,132.577,290.849],"grabStrength":0,"id":371,"palmNormal":[0.00615297,-0.767296,-0.641264],"palmPosition":[-28.1888,222.527,12.0038],"palmVelocity":[-77.2243,8.63333,123.412],"palmWidth":90.0033,"pinchStrength":0.208577,"r":[[0.843558,0.281296,0.457474],[-0.408258,0.889327,0.20597],[-0.348905,-0.360515,0.86504]],"s":1.27143,"sphereCenter":[-49.5696,202.466,-26.3859],"sphereRadius":47.7576,"stabilizedPalmPosition":[-17.6242,216.78,-13.3876],"t":[48.3564,48.3191,-108.284],"timeVisible":25.6967,"type":"right","wrist":[-14.8052,192.362,54.8893]}],"id":1200194,"interactionBox":{"center":[0,200,0],"size":[235.247,235.247,147.751]},"pointables":[{"bases":[[[0.372797,0.841023,0.39205],[-0.759351,0.0336805,0.649809],[0.5333,-0.53995,0.651188]],[[0.166417,0.975497,0.14391],[-0.726306,0.0225564,0.687001],[0.666921,-0.218852,0.712264]],[[0.166417,0.975497,0.14391],[-0.977586,0.144134,0.153461],[0.128958,-0.166223,0.977619]],[[0.166417,0.975497,0.14391],[-0.964801,0.130948,0.228059],[0.203627,-0.176798,0.962953]]],"btipPosition":[-84.3827,200.379,-37.5246],"carpPosition":[-42.3894,179.874,52.9076],"dipPosition":[-79.6688,196.286,-15.2324],"direction":[-0.128958,0.166223,-0.977619],"extended":false,"handId":371,"id":3710,"length":51.5512,"mcpPosition":[-42.3894,179.874,52.9076],"pipPosition":[-75.3195,190.68,17.7386],"stabilizedTipPosition":[-77.2161,198.624,-41.9215],"timeVisible":25.6967,"tipPosition":[-81.9361,199.194,-32.4746],"tipVelocity":[-103.489,12.9358,144.463],"tool":false,"touchDistance":0.286575,"touchZone":"hovering","type":0,"width":20.0304},{"bases":[[[0.961122,0.18157,-0.208033],[-0.0470353,0.850044,0.524607],[0.27209,-0.494427,0.825536]],[[0.908645,0.254559,-0.331005],[-0.114124,0.913905,0.389555],[0.401672,-0.316191,0.859466]],[[0.908645,0.254559,-0.331005],[-0.222202,0.965906,0.13286],[0.353541,-0.0471722,0.934229]],[[0.908645,0.254559,-0.331005],[-0.292598,0.953686,-0.0697817],[0.297912,0.160258,0.941045]]],"btipPosition":[-86.1096,249.896,-78.2524],"carpPosition":[-35.7521,202.059,56.5875],"dipPosition":[-81.0748,252.604,-62.3484],"direction":[-0.353541,0.0471722,-0.934229],"extended":true,"handId":371,"id":3711,"length":58.1698,"mcpPosition":[-55.5526,238.039,-3.48825],"pipPosition":[-72.6223,251.476,-40.0126],"stabilizedTipPosition":[-71.2707,258.307,-102.076],"timeVisible":25.6967,"tipPosition":[-85.3445,252.664,-73.8269],"tipVelocity":[-105.361,-84.9607,135.129],"tool":false,"touchDistance":0.504861,"touchZone":"hovering","type":1,"width":19.133},{"bases":[[[0.982887,-0.0344886,-0.180951],[0.122116,0.857442,0.499882],[0.137915,-0.513424,0.84698]],[[0.982368,-0.0325803,-0.184098],[-0.10706,0.709232,-0.696799],[0.15327,0.704222,0.693238]],[[0.982368,-0.0325803,-0.184098],[-0.175913,-0.494533,-0.851171],[-0.063311,0.868548,-0.491544]],[[0.982368,-0.0325803,-0.184098],[-0.109993,-0.896966,-0.428198],[-0.151179,0.440897,-0.884734]]],"btipPosition":[-36.6439,175.196,-6.74822],"carpPosition":[-24.4096,205.966,54.4833],"dipPosition":[-39.454,183.392,-23.1939],"direction":[0.063311,-0.868548,0.491544],"extended":false,"handId":371,"id":3712,"length":66.2798,"mcpPosition":[-33.9273,241.398,-3.96802],"pipPosition":[-41.2348,207.822,-37.02],"stabilizedTipPosition":[-28.1801,168.334,-32.862],"timeVisible":25.6967,"tipPosition":[-37.2853,176.976,-10.3652],"tipVelocity":[-77.4385,18.9326,102.078],"tool":false,"touchDistance":0.333333,"touchZone":"none","type":2,"width":18.7912},{"bases":[[[0.980448,-0.174206,-0.091504],[0.196361,0.835983,0.512421],[-0.0127711,-0.52037,0.853845]],[[0.98052,-0.169942,-0.0984872],[0.0377902,0.655268,-0.754451],[0.192749,0.736032,0.648925]],[[0.98052,-0.169942,-0.0984872],[-0.176796,-0.545144,-0.819488],[0.0855762,0.820937,-0.56457]],[[0.98052,-0.169942,-0.0984872],[-0.194972,-0.902847,-0.383215],[-0.0237945,0.394952,-0.918394]]],"btipPosition":[-22.1598,176.649,2.91216],"carpPosition":[-12.5274,206.729,52.053],"dipPosition":[-22.5996,183.948,-14.061],"direction":[-0.0855762,-0.820937,0.56457],"extended":false,"handId":371,"id":3713,"length":63.7298,"mcpPosition":[-11.7361,238.972,-0.85183],"pipPosition":[-20.2547,206.443,-29.5311],"stabilizedTipPosition":[-13.0157,169.19,-25.0861],"timeVisible":25.6967,"tipPosition":[-22.2319,178.578,-0.860415],"tipVelocity":[-71.4079,16.0881,99.1144],"tool":false,"touchDistance":0.333333,"touchZone":"none","type":3,"width":17.881},{"bases":[[[0.926368,-0.36898,-0.0754663],[0.344561,0.749431,0.56536],[-0.15205,-0.549734,0.821385]],[[0.894976,-0.444023,0.0431412],[0.34245,0.621813,-0.704327],[0.285912,0.64513,0.708564]],[[0.894976,-0.444023,0.0431412],[-0.191328,-0.469394,-0.862011],[0.403003,0.763225,-0.505051]],[[0.894976,-0.444023,0.0431412],[-0.380972,-0.811025,-0.443957],[0.232116,0.380895,-0.895009]]],"btipPosition":[-13.5767,188.18,1.26145],"carpPosition":[-0.543429,200.473,48.1248],"dipPosition":[-9.61916,194.674,-13.9984],"direction":[-0.403003,-0.763225,0.505051],"extended":false,"handId":371,"id":3714,"length":49.963,"mcpPosition":[8.1776,232.004,1.01314],"pipPosition":[-1.82238,209.44,-23.7694],"stabilizedTipPosition":[-2.81125,181.086,-23.4133],"timeVisible":25.6967,"tipPosition":[-12.573,189.853,-1.59857],"tipVelocity":[-76.6347,20.6521,91.1155],"tool":false,"touchDistance":0.333333,"touchZone":"none","type":4,"width":15.8833}],"r":[[0.843558,0.281296,0.457474],[-0.408258,0.889327,0.20597],[-0.348905,-0.360515,0.86504]],"s":1.27143,"t":[48.3564,48.3191,-108.284],"timestamp":15635613464},false],[4,{"currentFrameRate":102.833,"devices":[],"gestures":[],"hands":[{"armBasis":[[0.909294,0.155663,-0.385945],[-0.0518328,0.962549,0.266106],[0.412914,-0.221964,0.883308]],"armWidth":63.029,"confidence":0.808333,"direction":[-0.120036,0.644048,-0.755509],"elbow":[95.0238,132.799,291.588],"grabStrength":0,"id":371,"palmNormal":[0.00088965,-0.760941,-0.64882],"palmPosition":[-29.1474,222.637,13.2375],"palmVelocity":[-84.169,9.51621,125.48],"palmWidth":90.0033,"pinchStrength":0.209046,"r":[[0.845429,0.280819,0.454302],[-0.409107,0.887316,0.212844],[-0.343339,-0.365802,0.865048]],"s":1.26744,"sphereCenter":[-50.0432,202.544,-25.3828],"sphereRadius":47.5531,"stabilizedPalmPosition":[-17.6621,216.8,-13.3002],"t":[47.4623,48.4171,-107.084],"timeVisible":25.7061,"type":"right","wrist":[-15.254,192.08,55.6807]}],"id":1200195,"interactionBox":{"center":[0,200,0],"size":[235.247,235.247,147.751]},"pointables":[{"bases":[[[0.375269,0.837891,0.396373],[-0.752527,0.0257351,0.658059],[0.541181,-0.545231,0.640193]],[[0.165634,0.974512,0.151301],[-0.718985,0.0143174,0.694879],[0.675001,-0.223878,0.70303]],[[0.165634,0.974512,0.151301],[-0.97649,0.140602,0.163395],[0.137957,-0.174807,0.97489]],[[0.165634,0.974512,0.151301],[-0.96161,0.125556,0.244011],[0.218795,-0.185909,0.957897]]],"btipPosition":[-85.8801,200.809,-35.9009],"carpPosition":[-42.8333,179.556,53.8663],"dipPosition":[-80.8151,196.506,-13.7257],"direction":[-0.137957,0.174807,-0.97489],"extended":false,"handId":371,"id":3710,"length":51.5512,"mcpPosition":[-42.8333,179.556,53.8663],"pipPosition":[-76.1623,190.61,19.1533],"stabilizedTipPosition":[-77.5414,198.676,-41.4391],"timeVisible":25.7061,"tipPosition":[-83.389,199.608,-30.891],"tipVelocity":[-116.793,20.7975,151.504],"tool":false,"touchDistance":0.313189,"touchZone":"hovering","type":0,"width":20.0304},{"bases":[[[0.958521,0.185575,-0.21633],[-0.0431597,0.844748,0.533421],[0.281734,-0.501959,0.817718]],[[0.905354,0.258839,-0.336654],[-0.118334,0.91514,0.385377],[0.407836,-0.309065,0.859155]],[[0.905354,0.258839,-0.336654],[-0.22962,0.965267,0.124641],[0.357223,-0.0355414,0.933343]],[[0.905354,0.258839,-0.336654],[-0.301295,0.950194,-0.0797025],[0.299257,0.173591,0.938249]]],"btipPosition":[-87.6328,249.296,-76.4948],"carpPosition":[-36.2008,201.717,57.6946],"dipPosition":[-82.5753,252.229,-60.638],"direction":[-0.357223,0.0355414,-0.933343],"extended":true,"handId":371,"id":3711,"length":58.1698,"mcpPosition":[-56.7031,238.245,-1.81229],"pipPosition":[-74.0347,251.38,-38.3234],"stabilizedTipPosition":[-71.4651,258.201,-101.702],"timeVisible":25.7061,"tipPosition":[-86.9104,252.162,-72.0564],"tipVelocity":[-121.197,-77.2678,149.379],"tool":false,"touchDistance":0.513909,"touchZone":"hovering","type":1,"width":19.133},{"bases":[[[0.980991,-0.0306935,-0.191609],[0.125707,0.852735,0.506992],[0.14783,-0.521441,0.840384]],[[0.980422,-0.0287085,-0.194806],[-0.115734,0.716384,-0.68804],[0.159309,0.697115,0.699036]],[[0.980422,-0.0287085,-0.194806],[-0.183991,-0.486009,-0.854367],[-0.0701499,0.873482,-0.481776]],[[0.980422,-0.0287085,-0.194806],[-0.112775,-0.892854,-0.435997],[-0.161416,0.44943,-0.878611]]],"btipPosition":[-37.7124,175.493,-5.93155],"carpPosition":[-24.8886,205.668,55.5098],"dipPosition":[-40.7129,183.847,-22.2634],"direction":[0.0701499,-0.873482,0.481776],"extended":false,"handId":371,"id":3712,"length":66.2798,"mcpPosition":[-35.0906,241.653,-2.48634],"pipPosition":[-42.6861,208.416,-35.8148],"stabilizedTipPosition":[-28.213,168.363,-32.7874],"timeVisible":25.7061,"tipPosition":[-38.3939,177.304,-9.5124],"tipVelocity":[-88.9757,23.5995,98.4087],"tool":false,"touchDistance":0.333333,"touchZone":"none","type":2,"width":18.7912},{"bases":[[[0.979767,-0.171288,-0.103521],[0.200122,0.831306,0.518538],[-0.00276173,-0.528763,0.848765]],[[0.979752,-0.166533,-0.111139],[0.0280707,0.663881,-0.747312],[0.198235,0.729061,0.655113]],[[0.979752,-0.166533,-0.111139],[-0.184602,-0.536502,-0.823461],[0.077507,0.827305,-0.556381]],[[0.979752,-0.166533,-0.111139],[-0.197142,-0.899286,-0.390409],[-0.0349299,0.404415,-0.913909]]],"btipPosition":[-23.1024,176.877,3.55549],"carpPosition":[-13.0343,206.479,52.9624],"dipPosition":[-23.748,184.351,-13.3348],"direction":[-0.077507,-0.827305,0.556381],"extended":false,"handId":371,"id":3713,"length":63.7298,"mcpPosition":[-12.8632,239.242,0.372261],"pipPosition":[-21.6242,207.021,-28.5805],"stabilizedTipPosition":[-13.0375,169.21,-25.0336],"timeVisible":25.7061,"tipPosition":[-23.2302,178.831,-0.172192],"tipVelocity":[-80.9633,19.6308,90.8282],"tool":false,"touchDistance":0.333333,"touchZone":"none","type":3,"width":17.881},{"bases":[[[0.926238,-0.366321,-0.0888349],[0.349039,0.744542,0.56906],[-0.142317,-0.558092,0.817484]],[[0.895907,-0.443202,0.0303579],[0.335286,0.629765,-0.700699],[0.291433,0.63794,0.712811]],[[0.895907,-0.443202,0.0303579],[-0.198536,-0.460586,-0.865126],[0.397408,0.769046,-0.500634]],[[0.895907,-0.443202,0.0303579],[-0.384058,-0.80707,-0.448484],[0.22327,0.390141,-0.893275]]],"btipPosition":[-14.6057,188.454,1.94373],"carpPosition":[-1.08017,200.286,48.8469],"dipPosition":[-10.799,195.106,-13.2865],"direction":[-0.397408,-0.769046,0.500634],"extended":false,"handId":371,"id":3714,"length":49.963,"mcpPosition":[7.08263,232.297,1.95898],"pipPosition":[-3.11046,209.984,-22.9721],"stabilizedTipPosition":[-2.85914,181.125,-23.3175],"timeVisible":25.7061,"tipPosition":[-13.6265,190.141,-0.910007],"tipVelocity":[-86.9297,24.141,85.9248],"tool":false,"touchDistance":0.333333,"touchZone":"none","type":4,"width":15.8833}],"r":[[0.845429,0.280819,0.454302],[-0.409107,0.887316,0.212844],[-0.343339,-0.365802,0.865048]],"s":1.26744,"t":[47.4623,48.4171,-107.084],"timestamp":15635622908},false],[5,{"currentFrameRate":103.018,"devices":[],"gestures":[],"hands":[{"armBasis":[[0.908907,0.153233,-0.387825],[-0.0501284,0.963443,0.263183],[0.413976,-0.219768,0.883361]],"armWidth":63.029,"confidence":0.813093,"direction":[-0.126763,0.650274,-0.749049],"elbow":[94.7906,133.006,292.58],"grabStrength":0,"id":371,"palmNormal":[-0.00567125,-0.755604,-0.655004],"palmPosition":[-30.0451,222.611,14.5998],"palmVelocity":[-87.5077,6.02827,131.185],"palmWidth":90.0033,"pinchStrength":0.209806,"r":[[0.847796,0.279623,0.450615],[-0.409244,0.885366,0.220558],[-0.337286,-0.3714,0.865044]],"s":1.26323,"sphereCenter":[-50.5526,202.526,-24.2171],"sphereRadius":47.3735,"stabilizedPalmPosition":[-17.7055,216.82,-13.2024],"t":[46.5664,48.4532,-105.803],"timeVisible":25.7155,"type":"right","wrist":[-15.7708,191.7,56.6588]}],"id":1200196,"interactionBox":{"center":[0,200,0],"size":[235.247,235.247,147.751]},"pointables":[{"bases":[[[0.379482,0.834424,0.399663],[-0.746281,0.0207342,0.665308],[0.546862,-0.550733,0.630583]],[[0.167339,0.973258,0.157374],[-0.712451,0.00903896,0.701663],[0.681477,-0.229536,0.694912]],[[0.167339,0.973258,0.157374],[-0.975146,0.139879,0.171827],[0.145219,-0.182216,0.972476]],[[0.167339,0.973258,0.157374],[-0.958712,0.12341,0.256205],[0.229932,-0.193749,0.953726]]],"btipPosition":[-87.2426,201.17,-34.1865],"carpPosition":[-43.3733,179.206,55.0018],"dipPosition":[-81.9197,196.685,-12.1079],"direction":[-0.145219,0.182216,-0.972476],"extended":false,"handId":371,"id":3710,"length":51.5512,"mcpPosition":[-43.3733,179.206,55.0018],"pipPosition":[-77.0221,190.539,20.6897],"stabilizedTipPosition":[-77.8898,198.736,-40.9323],"timeVisible":25.7155,"tipPosition":[-84.7432,199.951,-29.2045],"tipVelocity":[-123.172,24.5656,159.83],"tool":false,"touchDistance":0.340586,"touchZone":"hovering","type":0,"width":20.0304},{"bases":[[[0.956552,0.186846,-0.223825],[-0.0376339,0.840374,0.540698],[0.289124,-0.508782,0.810893]],[[0.902986,0.260356,-0.341805],[-0.119996,0.916663,0.381222],[0.412573,-0.303223,0.858976]],[[0.902986,0.260356,-0.341805],[-0.234513,0.965207,0.115665],[0.360026,-0.0242862,0.932626]],[[0.902986,0.260356,-0.341805],[-0.307555,0.947165,-0.0910402],[0.300043,0.187332,0.935351]]],"btipPosition":[-88.9433,248.657,-74.6702],"carpPosition":[-36.6919,201.331,58.9486],"dipPosition":[-83.8725,251.823,-58.8625],"direction":[-0.360026,0.0242862,-0.932626],"extended":true,"handId":371,"id":3711,"length":58.1698,"mcpPosition":[-57.732,238.356,-0.0615323],"pipPosition":[-75.2649,251.242,-36.565],"stabilizedTipPosition":[-71.6915,258.078,-101.277],"timeVisible":25.7155,"tipPosition":[-88.2491,251.596,-70.241],"tipVelocity":[-126.455,-73.0896,161.98],"tool":false,"touchDistance":0.52305,"touchZone":"hovering","type":1,"width":19.133},{"bases":[[[0.979125,-0.0296295,-0.201087],[0.130981,0.84849,0.512746],[0.155428,-0.528381,0.834659]],[[0.978522,-0.0276037,-0.204285],[-0.121807,0.722061,-0.681022],[0.166305,0.691278,0.703191]],[[0.978522,-0.0276037,-0.204285],[-0.192324,-0.478956,-0.856512],[-0.0742006,0.877405,-0.473978]],[[0.978522,-0.0276037,-0.204285],[-0.117387,-0.88924,-0.442123],[-0.169454,0.456607,-0.873381]]],"btipPosition":[-38.8169,175.633,-4.87112],"carpPosition":[-25.3985,205.294,56.6898],"dipPosition":[-41.9667,184.12,-21.1057],"direction":[0.0742006,-0.877405,0.473978],"extended":false,"handId":371,"id":3712,"length":66.2798,"mcpPosition":[-36.1248,241.758,-0.911264],"pipPosition":[-44.0538,208.8,-34.4378],"stabilizedTipPosition":[-28.2582,168.4,-32.6908],"timeVisible":25.7155,"tipPosition":[-39.5316,177.473,-8.4326],"tipVelocity":[-98.263,22.0709,103.321],"tool":false,"touchDistance":0.333333,"touchZone":"none","type":2,"width":18.7912},{"bases":[[[0.978647,-0.17094,-0.114145],[0.205488,0.826929,0.523414],[0.00491753,-0.535694,0.844398]],[[0.978555,-0.16581,-0.122214],[0.0210081,0.670564,-0.741554],[0.20491,0.723084,0.659667]],[[0.978555,-0.16581,-0.122214],[-0.192867,-0.529201,-0.826286],[0.0723304,0.832138,-0.549832]],[[0.978555,-0.16581,-0.122214],[-0.201267,-0.895909,-0.396029],[-0.0438274,0.412134,-0.910069]]],"btipPosition":[-24.1008,176.937,4.44952],"carpPosition":[-13.5682,206.12,54.0375],"dipPosition":[-24.9108,184.553,-12.3698],"direction":[-0.0723304,-0.832138,0.549832],"extended":false,"handId":371,"id":3713,"length":63.7298,"mcpPosition":[-13.8728,239.312,1.71797],"pipPosition":[-22.9288,207.355,-27.4361],"stabilizedTipPosition":[-13.0686,169.236,-24.9628],"timeVisible":25.7155,"tipPosition":[-24.2717,178.911,0.749551],"tipVelocity":[-89.4132,16.8579,92.6619],"tool":false,"touchDistance":0.333333,"touchZone":"none","type":3,"width":17.881},{"bases":[[[0.925143,-0.366059,-0.100552],[0.354824,0.739677,0.571819],[-0.134944,-0.564693,0.814194]],[[0.895562,-0.444519,0.0192959],[0.330597,0.635769,-0.697498],[0.297783,0.631032,0.716327]],[[0.895562,-0.444519,0.0192959],[-0.20609,-0.452859,-0.867436],[0.39433,0.772866,-0.497174]],[[0.895562,-0.444519,0.0192959],[-0.388859,-0.803028,-0.451592],[0.216236,0.396925,-0.892016]]],"btipPosition":[-15.6481,188.553,2.83319],"carpPosition":[-1.65701,199.955,49.7591],"dipPosition":[-11.9613,195.321,-12.3756],"direction":[-0.39433,-0.772866,0.497174],"extended":false,"handId":371,"id":3714,"length":49.963,"mcpPosition":[6.08288,232.344,3.05982],"pipPosition":[-4.33232,210.273,-21.9943],"stabilizedTipPosition":[-2.92369,181.173,-23.195],"timeVisible":25.7155,"tipPosition":[-14.6889,190.241,-0.0180979],"tipVelocity":[-94.7105,21.1124,88.6661],"tool":false,"touchDistance":0.333333,"touchZone":"none","type":4,"width":15.8833}],"r":[[0.847796,0.279623,0.450615],[-0.409244,0.885366,0.220558],[-0.337286,-0.3714,0.865044]],"s":1.26323,"t":[46.5664,48.4532,-105.803],"timestamp":15635632265},false],[6,{"currentFrameRate":103.153,"devices":[],"gestures":[],"hands":[{"armBasis":[[0.907739,0.146715,-0.393045],[-0.0447853,0.965392,0.256928],[0.417138,-0.215621,0.882895]],"armWidth":63.029,"confidence":0.819624,"direction":[-0.128413,0.651426,-0.747766],"elbow":[95.075,133.578,293.9],"grabStrength":0,"id":371,"palmNormal":[-0.0134246,-0.755082,-0.655493],"palmPosition":[-30.7243,222.174,16.158],"palmVelocity":[-83.0636,-8.9342,140.878],"palmWidth":90.0033,"pinchStrength":0.209193,"r":[[0.850505,0.277813,0.44661],[-0.408189,0.88413,0.227367],[-0.331696,-0.375678,0.865358]],"s":1.25903,"sphereCenter":[-50.9369,201.955,-22.7357],"sphereRadius":47.2258,"stabilizedPalmPosition":[-17.7513,216.839,-13.0991],"t":[45.7789,48.2526,-104.383],"timeVisible":25.7249,"type":"right","wrist":[-16.3308,191.164,58.1035]}],"id":1200197,"interactionBox":{"center":[0,200,0],"size":[235.247,235.247,147.751]},"pointables":[{"bases":[[[0.385979,0.832312,0.397841],[-0.741939,0.0237912,0.670045],[0.548221,-0.553797,0.626708]],[[0.17252,0.972494,0.1565],[-0.708115,0.0120054,0.705995],[0.684697,-0.232618,0.690709]],[[0.17252,0.972494,0.1565],[-0.973724,0.144399,0.176096],[0.148654,-0.182768,0.971853]],[[0.17252,0.972494,0.1565],[-0.955637,0.126741,0.265886],[0.238737,-0.195428,0.951216]]],"btipPosition":[-88.3505,200.976,-32.2888],"carpPosition":[-44.0025,178.802,56.6129],"dipPosition":[-82.8238,196.452,-10.2684],"direction":[-0.148654,0.182768,-0.971853],"extended":false,"handId":371,"id":3710,"length":51.5512,"mcpPosition":[-44.0025,178.802,56.6129],"pipPosition":[-77.8103,190.288,22.5082],"stabilizedTipPosition":[-78.2386,198.782,-40.4121],"timeVisible":25.7249,"tipPosition":[-85.8522,199.775,-27.3172],"tipVelocity":[-120.098,11.4118,171.211],"tool":false,"touchDistance":0.368125,"touchZone":"hovering","type":0,"width":20.0304},{"bases":[[[0.955992,0.182458,-0.229758],[-0.0302005,0.840142,0.541525],[0.291835,-0.510754,0.808679]],[[0.902741,0.255519,-0.346076],[-0.117673,0.920475,0.372665],[0.413777,-0.295696,0.861018]],[[0.902741,0.255519,-0.346076],[-0.234761,0.966749,0.101405],[0.36048,-0.0102976,0.93271]],[[0.902741,0.255519,-0.346076],[-0.308952,0.944897,-0.108256],[0.299345,0.204648,0.93194]]],"btipPosition":[-89.6899,247.415,-72.956],"carpPosition":[-37.1909,200.893,60.5329],"dipPosition":[-84.6308,250.874,-57.2059],"direction":[-0.36048,0.0102976,-0.93271],"extended":true,"handId":371,"id":3711,"length":58.1698,"mcpPosition":[-58.4283,238.062,1.68388],"pipPosition":[-76.0124,250.628,-34.9064],"stabilizedTipPosition":[-71.9409,257.932,-100.803],"timeVisible":25.7249,"tipPosition":[-89.0161,250.41,-68.5695],"tipVelocity":[-113.001,-87.7644,167.196],"tool":false,"touchDistance":0.529594,"touchZone":"hovering","type":1,"width":19.133},{"bases":[[[0.977678,-0.034139,-0.207318],[0.138271,0.847477,0.512508],[0.1582,-0.529734,0.833279]],[[0.977032,-0.0320039,-0.210674],[-0.123053,0.722416,-0.680421],[0.173971,0.690718,0.701886]],[[0.977032,-0.0320039,-0.210674],[-0.200014,-0.478742,-0.854869],[-0.0734995,0.877372,-0.474148]],[[0.977032,-0.0320039,-0.210674],[-0.124166,-0.88898,-0.440792],[-0.173178,0.456827,-0.872536]]],"btipPosition":[-39.819,175.259,-3.20911],"carpPosition":[-25.8933,204.804,58.2053],"dipPosition":[-43.0381,183.751,-19.428],"direction":[0.0734995,-0.877372,0.474148],"extended":false,"handId":371,"id":3712,"length":66.2798,"mcpPosition":[-36.8109,241.361,0.699461],"pipPosition":[-45.1055,208.43,-32.7648],"stabilizedTipPosition":[-28.3134,168.439,-32.5752],"timeVisible":25.7249,"tipPosition":[-40.558,177.105,-6.80437],"tipVelocity":[-101.008,4.48359,124.232],"tool":false,"touchDistance":0.333333,"touchZone":"none","type":2,"width":18.7912},{"bases":[[[0.977078,-0.17551,-0.120475],[0.212741,0.825553,0.522689],[0.00772168,-0.536338,0.843968]],[[0.976944,-0.169897,-0.129287],[0.0190589,0.672561,-0.739797],[0.212642,0.720276,0.660292]],[[0.976944,-0.169897,-0.129287],[-0.200872,-0.52633,-0.826213],[0.0723228,0.833134,-0.548323]],[[0.976944,-0.169897,-0.129287],[-0.207947,-0.894391,-0.396009],[-0.0483527,0.413764,-0.909099]]],"btipPosition":[-25.0406,176.499,5.83034],"carpPosition":[-14.0762,205.576,55.4786],"dipPosition":[-25.9342,184.146,-10.9711],"direction":[-0.0723228,-0.833134,0.548323],"extended":false,"handId":371,"id":3713,"length":63.7298,"mcpPosition":[-14.5547,238.807,3.18568],"pipPosition":[-23.9524,206.975,-25.996],"stabilizedTipPosition":[-13.1086,169.266,-24.8743],"timeVisible":25.7249,"tipPosition":[-25.2369,178.462,2.16713],"tipVelocity":[-92.8987,-1.0169,108.119],"tool":false,"touchDistance":0.333333,"touchZone":"none","type":3,"width":17.881},{"bases":[[[0.922733,-0.370382,-0.106682],[0.361963,0.737556,0.570083],[-0.132465,-0.564649,0.814632]],[[0.892975,-0.449855,0.0150315],[0.33228,0.636323,-0.696191],[0.30362,0.626676,0.717699]],[[0.892975,-0.449855,0.0150315],[-0.211642,-0.44912,-0.868043],[0.397244,0.77196,-0.496261]],[[0.892975,-0.449855,0.0150315],[-0.395477,-0.800104,-0.451034],[0.214927,0.396818,-0.89238]]],"btipPosition":[-16.5934,188.124,4.10983],"carpPosition":[-2.22196,199.357,51.1203],"dipPosition":[-12.929,194.89,-11.1052],"direction":[-0.397244,-0.77196,0.496261],"extended":false,"handId":371,"id":3714,"length":49.963,"mcpPosition":[5.37575,231.743,4.3959],"pipPosition":[-5.2436,209.825,-20.7062],"stabilizedTipPosition":[-3.00285,181.226,-23.0481],"timeVisible":25.7249,"tipPosition":[-15.6324,189.779,1.27958],"tipVelocity":[-96.4241,2.07542,101.942],"tool":false,"touchDistance":0.333333,"touchZone":