{"sensorType":"Leap","data":[[0,{"currentFrameRate":104.563,"devices":[],"gestures":[],"hands":[{"armBasis":[[0.93994,-0.143231,-0.309836],[0.223915,0.943837,0.242968],[0.257634,-0.297753,0.919221]],"armWidth":63.029,"confidence":0.777484,"direction":[-0.0893935,0.716164,-0.692183],"elbow":[63.5177,156.379,301.962],"grabStrength":0,"id":370,"palmNormal":[-0.306439,-0.681031,-0.66505],"palmPosition":[-18.5193,272.395,18.7626],"palmVelocity":[26.8576,88.4547,-157.664],"palmWidth":90.0033,"pinchStrength":0.682862,"r":[[0.956914,-0.0305427,0.288762],[-0.0160251,0.987382,0.157541],[-0.28993,-0.155381,0.94435]],"s":0.987287,"sphereCenter":[-27.2787,254.442,-26.3653],"sphereRadius":47.6401,"stabilizedPalmPosition":[-21.4611,260.241,38.3594],"t":[68.4514,85.1375,-106.492],"timeVisible":0.415176,"type":"right","wrist":[-5.28928,235.9,56.4632]}],"id":1197093,"interactionBox":{"center":[0,200,0],"size":[235.247,235.247,147.751]},"pointables":[{"bases":[[[0.637989,0.687449,0.346963],[-0.590759,0.147933,0.793171],[0.493937,-0.711006,0.500497]],[[0.359656,0.928262,0.0947452],[-0.685878,0.194161,0.701336],[0.632628,-0.317224,0.706506]],[[0.359656,0.928262,0.0947452],[-0.908726,0.325407,0.261393],[0.211811,-0.180109,0.960571]],[[0.359656,0.928262,0.0947452],[-0.932962,0.359399,0.0203626],[-0.0151495,-0.0957172,0.995293]]],"btipPosition":[-73.0136,254.459,-30.7148],"carpPosition":[-34.984,230.505,59.6068],"dipPosition":[-73.3643,252.243,-7.67392],"direction":[-0.211811,0.180109,-0.960571],"extended":false,"handId":370,"id":3700,"length":51.5512,"mcpPosition":[-34.984,230.505,59.6068],"pipPosition":[-66.2208,246.169,24.7222],"stabilizedTipPosition":[-82.3268,241.533,2.0483],"timeVisible":0.415176,"tipPosition":[-73.4988,253.654,-25.5851],"tipVelocity":[59.0909,66.3484,-181.727],"tool":false,"touchDistance":-0.495504,"touchZone":"hovering","type":0,"width":20.0304},{"bases":[[[0.919221,-0.0302481,-0.392579],[0.266373,0.782027,0.563454],[0.289964,-0.622511,0.726912]],[[0.948017,-0.106977,-0.2997],[0.243645,0.849832,0.467357],[0.204698,-0.516083,0.83172]],[[0.948017,-0.106977,-0.2997],[0.183617,0.953093,0.240619],[0.259901,-0.283141,0.923191]],[[0.948017,-0.106977,-0.2997],[0.129026,0.990131,0.0547154],[0.290889,-0.0905403,0.952463]]],"btipPosition":[-63.3728,325.572,-63.5059],"carpPosition":[-22.4427,250.04,62.9069],"dipPosition":[-58.4567,324.042,-47.409],"direction":[-0.259901,0.283141,-0.923191],"extended":true,"handId":370,"id":3701,"length":58.1698,"mcpPosition":[-43.544,295.341,10.0082],"pipPosition":[-52.2429,317.273,-25.337],"stabilizedTipPosition":[-63.5646,319.282,-54.0334],"timeVisible":0.415176,"tipPosition":[-62.2198,323.084,-60.0439],"tipVelocity":[43.5906,158.793,-159.767],"tool":false,"touchDistance":-0.33402,"touchZone":"hovering","type":1,"width":19.133},{"bases":[[[0.890976,-0.246944,-0.381026],[0.424244,0.751798,0.504794],[0.161799,-0.611408,0.774598]],[[0.89281,-0.25409,-0.371925],[0.0551247,0.881134,-0.469642],[0.447047,0.398799,0.800692]],[[0.89281,-0.25409,-0.371925],[-0.441632,-0.33137,-0.833759],[0.0886052,0.908643,-0.408065]],[[0.89281,-0.25409,-0.371925],[-0.37957,-0.868977,-0.317499],[-0.24252,0.424638,-0.872276]]],"btipPosition":[-41.5521,241.083,-5.23717],"carpPosition":[-11.0877,251.355,58.702],"dipPosition":[-46.0602,248.977,-21.4512],"direction":[-0.0886052,-0.908643,0.408065],"extended":false,"handId":370,"id":3702,"length":66.2798,"mcpPosition":[-22.2537,293.549,5.24586],"pipPosition":[-43.5679,274.535,-32.9293],"stabilizedTipPosition":[-51.5544,227.004,24.3279],"timeVisible":0.415176,"tipPosition":[-42.2125,242.819,-7.98957],"tipVelocity":[47.7281,66.9758,-177.533],"tool":false,"touchDistance":0.333333,"touchZone":"none","type":2,"width":18.7912},{"bases":[[[0.870541,-0.390192,-0.299847],[0.491758,0.71236,0.500717],[0.018223,-0.583347,0.812019]],[[0.870361,-0.385357,-0.306548],[0.194115,0.840637,-0.505617],[0.452539,0.380564,0.806461]],[[0.870361,-0.385357,-0.306548],[-0.434287,-0.307304,-0.846734],[0.232092,0.870094,-0.434821]],[[0.870361,-0.385357,-0.306548],[-0.474932,-0.821363,-0.315916],[-0.130047,0.42055,-0.897901]]],"btipPosition":[-25.1527,237.246,-3.53016],"carpPosition":[-0.067306,249.534,53.9155],"dipPosition":[-27.5561,245.018,-20.1246],"direction":[-0.232092,-0.870094,0.434821],"extended":false,"handId":370,"id":3703,"length":63.7298,"mcpPosition":[-1.19642,285.679,3.60223],"pipPosition":[-21.1964,268.86,-32.0394],"stabilizedTipPosition":[-35.5066,222.792,20.8717],"timeVisible":0.415176,"tipPosition":[-25.4653,239.035,-6.59934],"tipVelocity":[53.7405,77.5902,-159.079],"tool":false,"touchDistance":0.333333,"touchZone":"none","type":3,"width":17.881},{"bases":[[[0.7735,-0.567389,-0.282433],[0.620838,0.588644,0.517744],[-0.12751,-0.57582,0.807572]],[[0.749875,-0.638486,-0.17327],[0.470455,0.698769,-0.538882],[0.465144,0.322578,0.824369]],[[0.749875,-0.638486,-0.17327],[-0.419729,-0.256695,-0.870594],[0.511385,0.725564,-0.460481]],[[0.749875,-0.638486,-0.17327],[-0.655454,-0.681444,-0.325598],[0.0898161,0.357729,-0.929496]]],"btipPosition":[-11.3665,242.656,-3.09066],"carpPosition":[9.01378,241.048,47.3051],"dipPosition":[-9.83512,248.755,-18.9385],"direction":[-0.511385,-0.725564,0.460481],"extended":false,"handId":370,"id":3704,"length":49.963,"mcpPosition":[16.3273,274.075,0.985681],"pipPosition":[0.0584911,262.792,-27.8473],"stabilizedTipPosition":[-18.4577,229.572,15.9827],"timeVisible":0.415176,"tipPosition":[-10.8466,243.846,-5.48378],"tipVelocity":[52.1171,88.4312,-154.284],"tool":false,"touchDistance":0.333333,"touchZone":"none","type":4,"width":15.8833}],"r":[[0.956914,-0.0305427,0.288762],[-0.0160251,0.987382,0.157541],[-0.28993,-0.155381,0.94435]],"s":0.987287,"t":[68.4514,85.1375,-106.492],"timestamp":15605832220},false],[1,{"currentFrameRate":104.488,"devices":[],"gestures":[],"hands":[{"armBasis":[[0.94065,-0.149181,-0.304832],[0.229181,0.941693,0.246354],[0.250307,-0.301595,0.919993]],"armWidth":63.029,"confidence":0.784522,"direction":[-0.0812238,0.712309,-0.697151],"elbow":[61.8508,155.882,301.108],"grabStrength":0,"id":370,"palmNormal":[-0.305804,-0.683536,-0.662769],"palmPosition":[-17.7972,272.758,17.3945],"palmVelocity":[40.7632,73.5068,-152.755],"palmWidth":90.0033,"pinchStrength":0.686046,"r":[[0.955484,-0.0269297,0.29381],[-0.020409,0.987408,0.156874],[-0.294335,-0.155887,0.942903]],"s":0.991239,"sphereCenter":[-26.8679,254.905,-27.4531],"sphereRadius":47.526,"stabilizedPalmPosition":[-21.3443,260.641,37.691],"t":[68.9928,85.6448,-107.853],"timeVisible":0.424886,"type":"right","wrist":[-4.99923,236.429,55.4035]}],"id":1197094,"interactionBox":{"center":[0,200,0],"size":[235.247,235.247,147.751]},"pointables":[{"bases":[[[0.639393,0.686242,0.346768],[-0.594988,0.155949,0.78846],[0.486996,-0.710459,0.508018]],[[0.365081,0.926392,0.0922673],[-0.688246,0.201826,0.696839],[0.626924,-0.317905,0.711268]],[[0.365081,0.926392,0.0922673],[-0.908385,0.332768,0.253184],[0.203844,-0.176247,0.963008]],[[0.365081,0.926392,0.0922673],[-0.930842,0.364911,0.0193165],[-0.0157747,-0.0929383,0.995547]]],"btipPosition":[-72.2061,255.002,-32.2538],"carpPosition":[-34.7413,231.21,58.391],"dipPosition":[-72.5713,252.851,-9.20707],"direction":[-0.203844,0.176247,-0.963008],"extended":false,"handId":370,"id":3700,"length":51.5512,"mcpPosition":[-34.7413,231.21,58.391],"pipPosition":[-65.6965,246.907,23.2712],"stabilizedTipPosition":[-82.1193,241.802,1.44883],"timeVisible":0.424886,"tipPosition":[-72.6277,254.167,-27.1321],"tipVelocity":[66.0365,63.7547,-174.887],"tool":false,"touchDistance":-0.497352,"touchZone":"hovering","type":0,"width":20.0304},{"bases":[[[0.921519,-0.0374984,-0.386519],[0.266916,0.784107,0.560297],[0.282061,-0.619492,0.732578]],[[0.948709,-0.111571,-0.29581],[0.245814,0.848714,0.468252],[0.198815,-0.516949,0.832608]],[[0.948709,-0.111571,-0.29581],[0.1896,0.949515,0.249947],[0.25299,-0.293212,0.921967]],[[0.948709,-0.111571,-0.29581],[0.138212,0.987878,0.0706677],[0.28434,-0.107928,0.952629]]],"btipPosition":[-61.9474,326.583,-65.1862],"carpPosition":[-22.1184,250.698,61.6502],"dipPosition":[-57.142,324.759,-49.0864],"direction":[-0.25299,0.293212,-0.921967],"extended":true,"handId":370,"id":3701,"length":58.1698,"mcpPosition":[-42.6445,295.78,8.33915],"pipPosition":[-51.0934,317.748,-27.0438],"stabilizedTipPosition":[-62.9959,320.72,-55.5899],"timeVisible":0.424886,"tipPosition":[-60.797,324.047,-61.7605],"tipVelocity":[73.034,140.733,-163.635],"tool":false,"touchDistance":-0.354146,"touchZone":"hovering","type":1,"width":19.133},{"bases":[[[0.892059,-0.253967,-0.373807],[0.424995,0.752687,0.502833],[0.153657,-0.607423,0.779376]],[[0.89381,-0.261118,-0.364584],[0.0643849,0.879292,-0.471911],[0.4438,0.398325,0.802732]],[[0.89381,-0.261118,-0.364584],[-0.437262,-0.327025,-0.837769],[0.0995282,0.908225,-0.406475]],[[0.89381,-0.261118,-0.364584],[-0.384212,-0.865164,-0.322293],[-0.231268,0.428146,-0.873617]]],"btipPosition":[-40.9942,241.351,-6.87632],"carpPosition":[-10.7301,251.928,57.5097],"dipPosition":[-45.2931,249.309,-23.1153],"direction":[-0.0995282,-0.908225,0.406475],"extended":false,"handId":370,"id":3702,"length":66.2798,"mcpPosition":[-21.3342,293.847,3.7238],"pipPosition":[-42.4936,274.856,-34.5486],"stabilizedTipPosition":[-51.4301,227.214,23.8742],"timeVisible":0.424886,"tipPosition":[-41.594,243.13,-9.60554],"tipVelocity":[52.0259,55.8755,-175.152],"tool":false,"touchDistance":0.333333,"touchZone":"none","type":2,"width":18.7912},{"bases":[[[0.870355,-0.3966,-0.291876],[0.492324,0.712872,0.49943],[0.00999648,-0.578378,0.815707]],[[0.870241,-0.391755,-0.298679],[0.201259,0.836124,-0.510285],[0.44964,0.383959,0.806474]],[[0.870241,-0.391755,-0.298679],[-0.430536,-0.310162,-0.847607],[0.239415,0.866215,-0.43858]],[[0.870241,-0.391755,-0.298679],[-0.477352,-0.820398,-0.314772],[-0.121723,0.416503,-0.900949]]],"btipPosition":[-24.4914,237.454,-4.71054],"carpPosition":[0.31064,250.02,52.8049],"dipPosition":[-26.741,245.152,-21.3613],"direction":[-0.239415,-0.866215,0.43858],"extended":false,"handId":370,"id":3703,"length":63.7298,"mcpPosition":[-0.308749,285.857,2.26306],"pipPosition":[-20.1806,268.888,-33.3791],"stabilizedTipPosition":[-35.2303,223.225,20.0973],"timeVisible":0.424886,"tipPosition":[-24.7751,239.248,-7.82089],"tipVelocity":[59.0122,60.6545,-148.488],"tool":false,"touchDistance":0.333333,"touchZone":"none","type":3,"width":17.881},{"bases":[[[0.772271,-0.573174,-0.273986],[0.620639,0.588591,0.518043],[-0.135663,-0.570116,0.810286]],[[0.747742,-0.643133,-0.165113],[0.476012,0.692582,-0.541981],[0.46292,0.326666,0.824011]],[[0.747742,-0.643133,-0.165113],[-0.416413,-0.260518,-0.871052],[0.517187,0.720077,-0.462609]],[[0.747742,-0.643133,-0.165113],[-0.656825,-0.680008,-0.325838],[0.0972794,0.352093,-0.930896]]],"btipPosition":[-10.6857,242.785,-4.16879],"carpPosition":[9.38856,241.445,46.3051],"dipPosition":[-9.02711,248.788,-20.0405],"direction":[-0.517187,-0.720077,0.462609],"extended":false,"handId":370,"id":3704,"length":49.963,"mcpPosition":[17.1697,274.145,-0.169993],"pipPosition":[0.978753,262.719,-28.9904],"stabilizedTipPosition":[-18.1254,230.167,15.0127],"timeVisible":0.424886,"tipPosition":[-10.1425,243.992,-6.64113],"tipVelocity":[58.266,65.7799,-141.789],"tool":false,"touchDistance":0.333333,"touchZone":"none","type":4,"width":15.8833}],"r":[[0.955484,-0.0269297,0.29381],[-0.020409,0.987408,0.156874],[-0.294335,-0.155887,0.942903]],"s":0.991239,"t":[68.9928,85.6448,-107.853],"timestamp":15605841930},false],[2,{"currentFrameRate":104.72,"devices":[],"gestures":[],"hands":[{"armBasis":[[0.943896,-0.143761,-0.297308],[0.221575,0.943249,0.247357],[0.244876,-0.299355,0.922183]],"armWidth":63.029,"confidence":0.792634,"direction":[-0.0759413,0.717674,-0.692226],"elbow":[60.3786,156.876,300.204],"grabStrength":0,"id":370,"palmNormal":[-0.29656,-0.679071,-0.671502],"palmPosition":[-17.5226,273.421,16.0639],"palmVelocity":[37.808,73.3013,-150.866],"palmWidth":90.0033,"pinchStrength":0.685488,"r":[[0.953686,-0.0239419,0.29985],[-0.0248529,0.987148,0.157866],[-0.299775,-0.158007,0.940834]],"s":0.995439,"sphereCenter":[-26.5705,256.264,-28.796],"sphereRadius":47.4311,"stabilizedPalmPosition":[-21.2454,260.971,37.1313],"t":[69.4007,86.2302,-109.198],"timeVisible":0.434003,"type":"right","wrist":[-5.02092,236.825,53.9146]}],"id":1197095,"interactionBox":{"center":[0,200,0],"size":[235.247,235.247,147.751]},"pointables":[{"bases":[[[0.633511,0.685335,0.359139],[-0.603893,0.14778,0.783246],[0.483712,-0.713076,0.507489]],[[0.362764,0.925948,0.104991],[-0.695058,0.193804,0.69234],[0.620723,-0.324131,0.713892]],[[0.362764,0.925948,0.104991],[-0.911371,0.329013,0.247291],[0.194435,-0.185394,0.963236]],[[0.362764,0.925948,0.104991],[-0.931763,0.362205,0.0250197],[-0.0148614,-0.106903,0.994158]]],"btipPosition":[-71.6396,256.224,-34.21],"carpPosition":[-34.7771,231.492,56.5399],"dipPosition":[-71.9836,253.749,-11.1954],"direction":[-0.194435,0.185394,-0.963236],"extended":false,"handId":370,"id":3700,"length":51.5512,"mcpPosition":[-34.7771,231.492,56.5399],"pipPosition":[-65.4261,247.497,21.2906],"stabilizedTipPosition":[-81.9327,242.05,0.903951],"timeVisible":0.434003,"tipPosition":[-71.9346,255.243,-29.1135],"tipVelocity":[65.1046,80.9946,-186.126],"tool":false,"touchDistance":-0.505404,"touchZone":"hovering","type":0,"width":20.0304},{"bases":[[[0.925725,-0.0316022,-0.376875],[0.258462,0.78035,0.569431],[0.276099,-0.624544,0.730557]],[[0.951568,-0.104075,-0.289288],[0.239105,0.842012,0.483575],[0.193256,-0.529324,0.826116]],[[0.951568,-0.104075,-0.289288],[0.186743,0.943147,0.274954],[0.244226,-0.31566,0.916904]],[[0.951568,-0.104075,-0.289288],[0.138929,0.98497,0.102631],[0.274259,-0.137851,0.951724]]],"btipPosition":[-61.0292,328.812,-66.1856],"carpPosition":[-22.2502,250.992,60.0915],"dipPosition":[-56.3941,326.482,-50.1012],"direction":[-0.244226,0.31566,-0.916904],"extended":true,"handId":370,"id":3701,"length":58.1698,"mcpPosition":[-42.3424,296.441,6.92749],"pipPosition":[-50.5551,318.935,-28.1796],"stabilizedTipPosition":[-62.3838,322.245,-56.9818],"timeVisible":0.434003,"tipPosition":[-59.8894,326.151,-62.8377],"tipVelocity":[79.5258,166.005,-148.748],"tool":false,"touchDistance":-0.362109,"touchZone":"hovering","type":1,"width":19.133},{"bases":[[[0.8968,-0.248254,-0.366224],[0.417245,0.749872,0.513419],[0.147163,-0.613239,0.776068]],[[0.898499,-0.255589,-0.356894],[0.0684522,0.884648,-0.461207],[0.433605,0.389964,0.812352]],[[0.898499,-0.255589,-0.356894],[-0.426419,-0.315123,-0.847859],[0.104238,0.913987,-0.392125]],[[0.898499,-0.255589,-0.356894],[-0.379742,-0.86041,-0.33984],[-0.220216,0.440873,-0.870135]]],"btipPosition":[-40.4898,242.113,-9.00091],"carpPosition":[-10.822,252.289,56.0837],"dipPosition":[-44.5832,250.308,-25.1752],"direction":[-0.104238,-0.913987,0.392125],"extended":false,"handId":370,"id":3702,"length":66.2798,"mcpPosition":[-20.9779,294.609,2.52618],"pipPosition":[-41.6512,276.017,-36.2049],"stabilizedTipPosition":[-51.3251,227.39,23.4901],"timeVisible":0.434003,"tipPosition":[-41.0404,243.949,-11.6913],"tipVelocity":[54.3817,65.2383,-190.768],"tool":false,"touchDistance":0.333333,"touchZone":"none","type":2,"width":18.7912},{"bases":[[[0.874659,-0.391609,-0.285683],[0.48473,0.710288,0.510419],[0.00303208,-0.584921,0.811084]],[[0.874604,-0.386767,-0.292368],[0.203673,0.840324,-0.502368],[0.439983,0.379825,0.813725]],[[0.874604,-0.386767,-0.292368],[-0.420392,-0.304544,-0.854707],[0.241534,0.870439,-0.428949]],[[0.874604,-0.386767,-0.292368],[-0.471563,-0.818735,-0.327569],[-0.112679,0.424363,-0.898454]]],"btipPosition":[-23.8945,238.214,-6.37671],"carpPosition":[0.274466,250.452,51.4827],"dipPosition":[-25.9769,246.057,-22.9814],"direction":[-0.241534,-0.870439,0.428949],"extended":false,"handId":370,"id":3703,"length":63.7298,"mcpPosition":[0.0865955,286.695,1.22736],"pipPosition":[-19.3585,269.908,-34.7353],"stabilizedTipPosition":[-34.9875,223.6,19.42],"timeVisible":0.434003,"tipPosition":[-24.1474,240.059,-9.50776],"tipVelocity":[61.976,67.9596,-157.678],"tool":false,"touchDistance":0.333333,"touchZone":"none","type":3,"width":17.881},{"bases":[[[0.776936,-0.568616,-0.270271],[0.613221,0.586246,0.52941],[-0.142586,-0.577054,0.804163]],[[0.751548,-0.639337,-0.162551],[0.478852,0.698202,-0.532179],[0.453736,0.32212,0.830881]],[[0.751548,-0.639337,-0.162551],[-0.406585,-0.254882,-0.877339],[0.519484,0.725454,-0.451501]],[[0.751548,-0.639337,-0.162551],[-0.651074,-0.679207,-0.338794],[0.106197,0.360453,-0.926712]]],"btipPosition":[-10.1044,243.608,-5.6371],"carpPosition":[9.44808,241.957,45.0121],"dipPosition":[-8.29375,249.754,-21.4374],"direction":[-0.519484,-0.725454,0.451501],"extended":false,"handId":370,"id":3704,"length":49.963,"mcpPosition":[17.6263,275.055,-1.11181],"pipPosition":[1.75656,263.789,-30.1725],"stabilizedTipPosition":[-17.8311,230.685,14.1655],"timeVisible":0.434003,"tipPosition":[-9.53629,244.858,-8.13964],"tipVelocity":[60.8565,73.574,-146.637],"tool":false,"touchDistance":0.333333,"touchZone":"none","type":4,"width":15.8833}],"r":[[0.953686,-0.0239419,0.29985],[-0.0248529,0.987148,0.157866],[-0.299775,-0.158007,0.940834]],"s":0.995439,"t":[69.4007,86.2302,-109.198],"timestamp":15605851047},false],[3,{"currentFrameRate":104.603,"devices":[],"gestures":[],"hands":[{"armBasis":[[0.943593,-0.145453,-0.297447],[0.223135,0.943055,0.246694],[0.244627,-0.29915,0.922316]],"armWidth":63.029,"confidence":0.796782,"direction":[-0.0686071,0.71322,-0.697575],"elbow":[60.1932,158.45,297.74],"grabStrength":0,"id":370,"palmNormal":[-0.293258,-0.682749,-0.669219],"palmPosition":[-17.2475,274.72,13.2248],"palmVelocity":[34.9605,90.8227,-191.936],"palmWidth":90.0033,"pinchStrength":0.684259,"r":[[0.951727,-0.0216806,0.306179],[-0.0281101,0.987154,0.157278],[-0.305656,-0.158292,0.938892]],"s":1.00012,"sphereCenter":[-26.6678,257.747,-31.2844],"sphereRadius":47.299,"stabilizedPalmPosition":[-21.1522,261.292,36.5739],"t":[69.7422,87.1721,-111.291],"timeVisible":0.443781,"type":"right","wrist":[-5.13976,238.345,51.4148]}],"id":1197096,"interactionBox":{"center":[0,200,0],"size":[235.247,235.247,147.751]},"pointables":[{"bases":[[[0.632624,0.685998,0.359435],[-0.609502,0.154676,0.777549],[0.477802,-0.710972,0.515969]],[[0.366289,0.924764,0.103165],[-0.698155,0.199837,0.687492],[0.615152,-0.323846,0.718826]],[[0.366289,0.924764,0.103165],[-0.911623,0.334426,0.238962],[0.186482,-0.181576,0.965533]],[[0.366289,0.924764,0.103165],[-0.930444,0.365238,0.0295865],[-0.0103191,-0.106826,0.994224]]],"btipPosition":[-71.3543,257.698,-37.2269],"carpPosition":[-34.93,233.111,53.8457],"dipPosition":[-71.5932,255.225,-14.2107],"direction":[-0.186482,0.181576,-0.965533],"extended":false,"handId":370,"id":3700,"length":51.5512,"mcpPosition":[-34.93,233.111,53.8457],"pipPosition":[-65.3039,249.101,18.3527],"stabilizedTipPosition":[-81.7516,242.31,0.338784],"timeVisible":0.443781,"tipPosition":[-71.5049,256.643,-32.145],"tipVelocity":[55.2527,101.532,-222.158],"tool":false,"touchDistance":-0.528445,"touchZone":"hovering","type":0,"width":20.0304},{"bases":[[[0.928512,-0.0366528,-0.369489],[0.25623,0.783444,0.566182],[0.268722,-0.620381,0.736829]],[[0.952769,-0.105912,-0.284631],[0.238751,0.840451,0.486457],[0.187697,-0.531437,0.826042]],[[0.952769,-0.105912,-0.284631],[0.190229,0.938707,0.287476],[0.236738,-0.328044,0.914518]],[[0.952769,-0.105912,-0.284631],[0.145781,0.981678,0.122702],[0.26642,-0.1584,0.950752]]],"btipPosition":[-60.0711,330.85,-69.2933],"carpPosition":[-22.3767,252.599,57.3635],"dipPosition":[-55.5685,328.173,-53.2253],"direction":[-0.236738,0.328044,-0.914518],"extended":true,"handId":370,"id":3701,"length":58.1698,"mcpPosition":[-41.932,297.745,3.74313],"pipPosition":[-49.9085,320.33,-31.3608],"stabilizedTipPosition":[-61.6986,323.88,-58.7448],"timeVisible":0.443781,"tipPosition":[-58.9408,328.092,-65.9975],"tipVelocity":[84.044,176.077,-198.645],"tool":false,"touchDistance":-0.400904,"touchZone":"hovering","type":1,"width":19.133},{"bases":[[[0.898904,-0.253149,-0.357613],[0.415355,0.752158,0.511604],[0.13947,-0.608419,0.781265]],[[0.900542,-0.260571,-0.348033],[0.0762344,0.882736,-0.463643],[0.428033,0.390998,0.814806]],[[0.900542,-0.260571,-0.348033],[-0.419842,-0.313238,-0.85183],[0.112945,0.913228,-0.391483]],[[0.900542,-0.260571,-0.348033],[-0.381098,-0.858381,-0.343432],[-0.209256,0.44191,-0.872312]]],"btipPosition":[-40.2343,243.283,-12.1023],"carpPosition":[-10.9144,253.838,53.4356],"dipPosition":[-44.124,251.497,-28.317],"direction":[-0.112945,-0.913228,0.391483],"extended":false,"handId":370,"id":3702,"length":66.2798,"mcpPosition":[-20.5394,295.826,-0.480563],"pipPosition":[-40.9471,277.184,-39.3286],"stabilizedTipPosition":[-51.2293,227.557,23.1207],"timeVisible":0.443781,"tipPosition":[-40.7356,245.135,-14.7822],"tipVelocity":[47.475,81.3782,-228.268],"tool":false,"touchDistance":0.333333,"touchZone":"none","type":2,"width":18.7912},{"bases":[[[0.875744,-0.395899,-0.276289],[0.482751,0.712371,0.509391],[-0.00484736,-0.579475,0.814976]],[[0.875755,-0.391205,-0.282864],[0.207977,0.83451,-0.510234],[0.435659,0.388011,0.812188]],[[0.875755,-0.391205,-0.282864],[-0.415141,-0.31122,-0.854868],[0.246396,0.866084,-0.434958]],[[0.875755,-0.391205,-0.282864],[-0.471388,-0.819369,-0.326232],[-0.104147,0.419038,-0.901976]]],"btipPosition":[-23.5684,239.221,-8.87],"carpPosition":[0.212061,251.941,48.9329],"dipPosition":[-25.4932,246.965,-25.5398],"direction":[-0.246396,-0.866084,0.434958],"extended":false,"handId":370,"id":3703,"length":63.7298,"mcpPosition":[0.512407,287.845,-1.56358],"pipPosition":[-18.7416,270.697,-37.4583],"stabilizedTipPosition":[-34.7634,223.955,18.764],"timeVisible":0.443781,"tipPosition":[-23.7959,241.104,-12.1191],"tipVelocity":[54.6375,77.5837,-186.78],"tool":false,"touchDistance":0.333333,"touchZone":"none","type":3,"width":17.881},{"bases":[[[0.777414,-0.572532,-0.26045],[0.610747,0.58811,0.530203],[-0.150385,-0.571256,0.806877]],[[0.751092,-0.642281,-0.152763],[0.484245,0.693241,-0.533782],[0.44874,0.326945,0.831709]],[[0.751092,-0.642281,-0.152763],[-0.40068,-0.259571,-0.87868],[0.524706,0.721178,-0.452311]],[[0.751092,-0.642281,-0.152763],[-0.65019,-0.679496,-0.33991],[0.114516,0.354628,-0.927968]]],"btipPosition":[-9.7616,244.709,-8.20642],"carpPosition":[9.41167,243.378,42.5903],"dipPosition":[-7.80912,250.755,-24.0282],"direction":[-0.524706,-0.721178,0.452311],"extended":false,"handId":370,"id":3704,"length":49.963,"mcpPosition":[18.0372,276.143,-3.68924],"pipPosition":[2.34222,264.708,-32.7789],"stabilizedTipPosition":[-17.5595,231.176,13.3361],"timeVisible":0.443781,"tipPosition":[-9.16771,245.959,-10.7485],"tipVelocity":[54.243,84.3714,-180.977],"tool":false,"touchDistance":0.333333,"touchZone":"none","type":4,"width":15.8833}],"r":[[0.951727,-0.0216806,0.306179],[-0.0281101,0.987154,0.157278],[-0.305656,-0.158292,0.938892]],"s":1.00012,"t":[69.7422,87.1721,-111.291],"timestamp":15605860825},false],[4,{"currentFrameRate":104.815,"devices":[],"gestures":[],"hands":[{"armBasis":[[0.943615,-0.147858,-0.296189],[0.225334,0.942328,0.247471],[0.242517,-0.300259,0.922513]],"armWidth":63.029,"confidence":0.805204,"direction":[-0.0625503,0.708315,-0.70312],"elbow":[59.6699,159.135,296.293],"grabStrength":0,"id":370,"palmNormal":[-0.290924,-0.686845,-0.666038],"palmPosition":[-16.8823,275.453,11.3908],"palmVelocity":[36.3441,87.8719,-194.332],"palmWidth":90.0033,"pinchStrength":0.682322,"r":[[0.949735,-0.0199054,0.312422],[-0.0304011,0.987395,0.155327],[-0.311576,-0.157017,0.937159]],"s":1.00493,"sphereCenter":[-26.7773,258.646,-32.7285],"sphereRadius":47.1522,"stabilizedPalmPosition":[-21.0733,261.554,36.1083],"t":[70.0956,88.0099,-113.254],"timeVisible":0.452926,"type":"right","wrist":[-5.09956,239.326,49.916]}],"id":1197097,"interactionBox":{"center":[0,200,0],"size":[235.247,235.247,147.751]},"pointables":[{"bases":[[[0.632173,0.687,0.358313],[-0.61382,0.161832,0.772681],[0.472845,-0.708408,0.524]],[[0.36958,0.92379,0.100115],[-0.699386,0.205618,0.68453],[0.611777,-0.323007,0.722077]],[[0.36958,0.92379,0.100115],[-0.911913,0.339908,0.229949],[0.178395,-0.17628,0.96804]],[[0.36958,0.92379,0.100115],[-0.929169,0.368282,0.0318389],[-0.00745786,-0.10479,0.994466]]],"btipPosition":[-70.9684,258.504,-39.1201],"carpPosition":[-34.9172,234.184,52.2031],"dipPosition":[-71.141,256.078,-16.0984],"direction":[-0.178395,0.17628,-0.96804],"extended":false,"handId":370,"id":3700,"length":51.5512,"mcpPosition":[-34.9172,234.184,52.2031],"pipPosition":[-65.1245,250.133,16.5495],"stabilizedTipPosition":[-81.5962,242.536,-0.155475],"timeVisible":0.452926,"tipPosition":[-71.0205,257.408,-34.061],"tipVelocity":[52.0848,98.1445,-217.908],"tool":false,"touchDistance":-0.532313,"touchZone":"hovering","type":0,"width":20.0304},{"bases":[[[0.930644,-0.0416537,-0.363548],[0.25478,0.786883,0.562052],[0.262658,-0.615695,0.742921]],[[0.95357,-0.107914,-0.281174],[0.238831,0.839715,0.487687],[0.183478,-0.532196,0.8265]],[[0.95357,-0.107914,-0.281174],[0.193347,0.935161,0.2968],[0.230914,-0.337383,0.912607]],[[0.95357,-0.107914,-0.281174],[0.151587,0.978697,0.138466],[0.260242,-0.174659,0.949615]]],"btipPosition":[-59.1662,332.106,-71.3985],"carpPosition":[-22.336,253.666,55.6563],"dipPosition":[-54.768,329.154,-55.3497],"direction":[-0.230914,0.337383,-0.912607],"extended":true,"handId":370,"id":3701,"length":58.1698,"mcpPosition":[-41.4501,298.471,1.5926],"pipPosition":[-49.2472,321.088,-33.5308],"stabilizedTipPosition":[-61.0611,325.237,-60.357],"timeVisible":0.452926,"tipPosition":[-58.0415,329.288,-68.1424],"tipVelocity":[87.4618,163.383,-207.56],"tool":false,"touchDistance":-0.42079,"touchZone":"hovering","type":1,"width":19.133},{"bases":[[[0.900413,-0.257983,-0.350288],[0.414153,0.754804,0.508672],[0.13317,-0.603088,0.78648]],[[0.901984,-0.265389,-0.340578],[0.0820166,0.879747,-0.468314],[0.423908,0.394479,0.815284]],[[0.901984,-0.265389,-0.340578],[-0.414964,-0.3149,-0.853606],[0.11929,0.911267,-0.394161]],[[0.901984,-0.265389,-0.340578],[-0.382089,-0.857967,-0.343366],[-0.201079,0.439842,-0.875275]]],"btipPosition":[-39.8658,243.852,-14.0007],"carpPosition":[-10.8469,254.848,51.7895],"dipPosition":[-43.6035,252.028,-30.2706],"direction":[-0.11929,-0.911267,0.394161],"extended":false,"handId":370,"id":3702,"length":66.2798,"mcpPosition":[-20.0372,296.468,-2.48664],"pipPosition":[-40.2481,277.66,-41.3575],"stabilizedTipPosition":[-51.1517,227.692,22.8185],"timeVisible":0.452926,"tipPosition":[-40.3379,245.715,-16.6999],"tipVelocity":[46.5396,75.7935,-222.9],"tool":false,"touchDistance":0.333333,"touchZone":"none","type":2,"width":18.7912},{"bases":[[[0.876396,-0.400082,-0.268075],[0.481459,0.714834,0.507158],[-0.0112754,-0.573539,0.819101]],[[0.876458,-0.395505,-0.274585],[0.211323,0.828423,-0.518708],[0.432624,0.396599,0.809657]],[[0.876458,-0.395505,-0.274585],[-0.411367,-0.318768,-0.853911],[0.250197,0.861372,-0.442085]],[[0.876458,-0.395505,-0.274585],[-0.471496,-0.820558,-0.323073],[-0.097536,0.412626,-0.905664]]],"btipPosition":[-23.1726,239.67,-10.3147],"carpPosition":[0.301857,252.89,47.3685],"dipPosition":[-24.9752,247.296,-27.0526],"direction":[-0.250197,-0.861372,0.442085],"extended":false,"handId":370,"id":3703,"length":63.7298,"mcpPosition":[1.00049,288.427,-3.38358],"pipPosition":[-18.1194,270.899,-39.1665],"stabilizedTipPosition":[-34.5816,224.24,18.2286],"timeVisible":0.452926,"tipPosition":[-23.3838,241.577,-13.6801],"tipVelocity":[52.333,68.8449,-179.241],"tool":false,"touchDistance":0.333333,"touchZone":"none","type":3,"width":17.881},{"bases":[[[0.777522,-0.576349,-0.251559],[0.609009,0.590407,0.529648],[-0.15674,-0.565015,0.810056]],[[0.750514,-0.644974,-0.144007],[0.488437,0.688157,-0.536534],[0.44515,0.332338,0.831501]],[[0.750514,-0.644974,-0.144007],[-0.396296,-0.264865,-0.879088],[0.528847,0.716837,-0.454385]],[[0.750514,-0.644974,-0.144007],[-0.64968,-0.680187,-0.339502],[0.121019,0.348359,-0.929516]]],"btipPosition":[-9.35621,245.234,-9.76106],"carpPosition":[9.518,244.258,41.1442],"dipPosition":[-7.29285,251.173,-25.6092],"direction":[-0.528847,-0.716837,0.454385],"extended":false,"handId":370,"id":3704,"length":49.963,"mcpPosition":[18.508,276.665,-5.31769],"pipPosition":[2.93859,265.042,-34.4001],"stabilizedTipPosition":[-17.3399,231.567,12.6595],"timeVisible":0.452926,"tipPosition":[-8.74219,246.484,-12.3445],"tipVelocity":[52.2598,76.1168,-178.106],"tool":false,"touchDistance":0.333333,"touchZone":"none","type":4,"width":15.8833}],"r":[[0.949735,-0.0199054,0.312422],[-0.0304011,0.987395,0.155327],[-0.311576,-0.157017,0.937159]],"s":1.00493,"t":[70.0956,88.0099,-113.254],"timestamp":15605869970},false],[5,{"currentFrameRate":104.872,"devices":[],"gestures":[],"hands":[{"armBasis":[[0.945391,-0.14337,-0.292714],[0.220605,0.942557,0.250838],[0.239937,-0.301714,0.922713]],"armWidth":63.029,"confidence":0.77917,"direction":[-0.0571581,0.711485,-0.700373],"elbow":[58.8772,159.726,293.975],"grabStrength":0,"id":370,"palmNormal":[-0.283306,-0.684241,-0.671976],"palmPosition":[-16.6851,276.592,9.0774],"palmVelocity":[31.9371,97.2686,-208.904],"palmWidth":90.0033,"pinchStrength":0.678114,"r":[[0.947511,-0.0184297,0.319192],[-0.0328799,0.987427,0.154616],[-0.318028,-0.156995,0.934992]],"s":1.01026,"sphereCenter":[-26.9535,260.571,-34.8046],"sphereRadius":46.9837,"stabilizedPalmPosition":[-21.0019,261.798,35.6686],"t":[70.3709,88.9982,-115.392],"timeVisible":0.462355,"type":"right","wrist":[-5.20314,240.306,47.5441]}],"id":1197098,"interactionBox":{"center":[0,200,0],"size":[235.247,235.247,147.751]},"pointables":[{"bases":[[[0.627468,0.686449,0.36752],[-0.621444,0.15711,0.767544],[0.469139,-0.710003,0.525172]],[[0.368041,0.923402,0.108972],[-0.703985,0.200172,0.681422],[0.607413,-0.327506,0.723733]],[[0.368041,0.923402,0.108972],[-0.914407,0.338207,0.22243],[0.168537,-0.181508,0.968839]],[[0.368041,0.923402,0.108972],[-0.929781,0.366407,0.0353917],[-0.0072474,-0.114346,0.993415]]],"btipPosition":[-70.5398,260.04,-41.8845],"carpPosition":[-35.0317,235.1,49.523],"dipPosition":[-70.7076,257.393,-18.8872],"direction":[-0.168537,0.181508,-0.968839],"extended":false,"handId":370,"id":3700,"length":51.5512,"mcpPosition":[-35.0317,235.1,49.523],"pipPosition":[-65.0236,251.271,13.7878],"stabilizedTipPosition":[-81.4456,242.767,-0.653352],"timeVisible":0.462355,"tipPosition":[-70.4995,258.861,-36.8568],"tipVelocity":[50.2228,115.083,-239.576],"tool":false,"touchDistance":-0.548965,"touchZone":"hovering","type":0,"width":20.0304},{"bases":[[[0.934137,-0.0382796,-0.354855],[0.247969,0.7847,0.568118],[0.256707,-0.618693,0.742509]],[[0.955727,-0.102251,-0.275919],[0.233964,0.83274,0.501802],[0.178459,-0.54414,0.819795]],[[0.955727,-0.102251,-0.275919],[0.192062,0.927169,0.321669],[0.222933,-0.360421,0.905758]],[[0.955727,-0.102251,-0.275919],[0.153609,0.973146,0.171438],[0.25098,-0.206232,0.945768]]],"btipPosition":[-58.3563,334.838,-73.3243],"carpPosition":[-22.5198,254.588,53.1868],"dipPosition":[-54.1147,331.353,-57.3406],"direction":[-0.222933,0.360421,-0.905758],"extended":true,"handId":370,"id":3701,"length":58.1698,"mcpPosition":[-41.2008,299.612,-0.846993],"pipPosition":[-48.7847,322.736,-35.6854],"stabilizedTipPosition":[-60.394,326.832,-62.0411],"timeVisible":0.462355,"tipPosition":[-57.255,331.866,-70.1583],"tipVelocity":[85.9226,195.76,-207.068],"tool":false,"touchDistance":-0.436157,"touchZone":"hovering","type":1,"width":19.133},{"bases":[[[0.90418,-0.254723,-0.342893],[0.407902,0.753157,0.51611],[0.126787,-0.606523,0.784892]],[[0.905683,-0.262228,-0.333129],[0.0849976,0.882121,-0.463291],[0.415348,0.39128,0.82121]],[[0.905683,-0.262228,-0.333129],[-0.405992,-0.310148,-0.859639],[0.122102,0.913808,-0.387358]],[[0.905683,-0.262228,-0.333129],[-0.377693,-0.855987,-0.353037],[-0.192578,0.44556,-0.874294]]],"btipPosition":[-39.404,245.025,-16.7376],"carpPosition":[-10.9966,255.809,49.4352],"dipPosition":[-42.9837,253.307,-32.9891],"direction":[-0.122102,-0.913808,0.387358],"extended":false,"handId":370,"id":3702,"length":66.2798,"mcpPosition":[-19.7464,297.666,-4.73134],"pipPosition":[-39.5492,279.01,-43.8848],"stabilizedTipPosition":[-51.0793,227.819,22.5317],"timeVisible":0.462355,"tipPosition":[-39.8528,246.922,-19.451],"tipVelocity":[48.3356,90.4037,-242.01],"tool":false,"touchDistance":0.333333,"touchZone":"none","type":2,"width":18.7912},{"bases":[[[0.879643,-0.397248,-0.261577],[0.475293,0.713316,0.515051],[-0.0180162,-0.577386,0.816272]],[[0.879756,-0.392785,-0.267862],[0.212546,0.828915,-0.51742],[0.425269,0.398271,0.812728]],[[0.879756,-0.392785,-0.267862],[-0.403404,-0.318578,-0.857772],[0.251585,0.862686,-0.438722]],[[0.879756,-0.392785,-0.267862],[-0.466908,-0.819985,-0.331092],[-0.0895946,0.416346,-0.904781]]],"btipPosition":[-22.7192,240.732,-12.6406],"carpPosition":[0.1973,253.892,45.1115],"dipPosition":[-24.3751,248.426,-29.3622],"direction":[-0.251585,-0.862686,0.438722],"extended":false,"handId":370,"id":3703,"length":63.7298,"mcpPosition":[1.3136,289.667,-5.4653],"pipPosition":[-17.4812,272.065,-41.3839],"stabilizedTipPosition":[-34.4159,224.503,17.7275],"timeVisible":0.462355,"tipPosition":[-22.9096,242.705,-16.1131],"tipVelocity":[52.1414,81.807,-198.385],"tool":false,"touchDistance":0.333333,"touchZone":"none","type":3,"width":17.881},{"bases":[[[0.780941,-0.573767,-0.246825],[0.602852,0.589013,0.538175],[-0.163404,-0.569082,0.805882]],[[0.753243,-0.642559,-0.140509],[0.491064,0.691503,-0.529793],[0.437586,0.330064,0.836407]],[[0.753243,-0.642559,-0.140509],[-0.388007,-0.261591,-0.883754],[0.531108,0.7202,-0.446359]],[[0.753243,-0.642559,-0.140509],[-0.644974,-0.679683,-0.349342],[0.128971,0.353764,-0.9264]]],"btipPosition":[-8.91863,246.437,-12.1107],"carpPosition":[9.48814,245.305,38.9351],"dipPosition":[-6.71969,252.468,-27.9058],"direction":[-0.531108,-0.7202,0.446359],"extended":false,"handId":370,"id":3704,"length":49.963,"mcpPosition":[18.8604,277.946,-7.28735],"pipPosition":[3.5555,266.402,-36.5413],"stabilizedTipPosition":[-17.1393,231.932,12.0214],"timeVisible":0.462355,"tipPosition":[-8.28077,247.725,-14.7308],"tipVelocity":[51.533,91.4539,-198.04],"tool":false,"touchDistance":0.333333,"touchZone":"none","type":4,"width":15.8833}],"r":[[0.947511,-0.0184297,0.319192],[-0.0328799,0.987427,0.154616],[-0.318028,-0.156995,0.934992]],"s":1.01026,"t":[70.3709,88.9982,-115.392],"timestamp":15605879399},false],[6,{"currentFrameRate":104.962,"devices":[],"gestures":[],"hands":[{"armBasis":[[0.947833,-0.128872,-0.291556],[0.207708,0.943496,0.25821],[0.241806,-0.305299,0.921044]],"armWidth":63.029,"confidence":0.463584,"direction":[-0.0541157,0.711778,-0.700317],"elbow":[59.1323,160.211,292.035],"grabStrength":0,"id":370,"palmNormal":[-0.266261,-0.686237,-0.676893],"palmPosition":[-16.7321,277.965,7.45965],"palmVelocity":[21.4481,111.288,-198.667],"palmWidth":90.0033,"pinchStrength":0.671763,"r":[[0.944763,-0.0153794,0.327392],[-0.0373498,0.987339,0.154162],[-0.325618,-0.157875,0.932228]],"s":1.01582,"sphereCenter":[-26.9153,262.399,-36.2585],"sphereRadius":46.8759,"stabilizedPalmPosition":[-20.9383,262.039,35.2486],"t":[70.485,90.1788,-117.27],"timeVisible":0.471715,"type":"right","wrist":[-5.44732,241.748,46.0501]}],"id":1197099,"interactionBox":{"center":[0,200,0],"size":[235.247,235.247,147.751]},"pointables":[{"bases":[[[0.614851,0.692386,0.377572],[-0.634323,0.1497,0.758435],[0.468607,-0.705827,0.53124]],[[0.357645,0.926597,0.116227],[-0.712663,0.190381,0.675179],[0.603492,-0.324305,0.72844]],[[0.357645,0.926597,0.116227],[-0.920568,0.328891,0.210678],[0.156987,-0.182342,0.970622]],[[0.357645,0.926597,0.116227],[-0.933787,0.356373,0.0322641],[-0.0115243,-0.12007,0.992699]]],"btipPosition":[-70.0726,261.175,-44.1026],"carpPosition":[-35.2467,236.233,47.5809],"dipPosition":[-70.3394,258.396,-21.1218],"direction":[-0.156987,0.182342,-0.970622],"extended":false,"handId":370,"id":3700,"length":51.5512,"mcpPosition":[-35.2467,236.233,47.5809],"pipPosition":[-65.0449,252.246,11.6132],"stabilizedTipPosition":[-81.3038,242.99,-1.13195],"timeVisible":0.471715,"tipPosition":[-69.9184,259.947,-39.1209],"tipVelocity":[49.4454,115.933,-238.953],"tool":false,"touchDistance":-0.555731,"touchZone":"hovering","type":0,"width":20.0304},{"bases":[[[0.939632,-0.0282004,-0.341022],[0.231432,0.786463,0.572639],[0.252052,-0.616993,0.745513]],[[0.960193,-0.0900131,-0.264438],[0.219078,0.829982,0.512966],[0.173305,-0.550479,0.816663]],[[0.960193,-0.0900131,-0.264438],[0.18041,0.922574,0.341041],[0.213265,-0.375173,0.902088]],[[0.960193,-0.0900131,-0.264438],[0.145172,0.969578,0.19709],[0.238652,-0.227634,0.944049]]],"btipPosition":[-57.8311,336.954,-75.0276],"carpPosition":[-22.9919,255.844,51.4522],"dipPosition":[-53.7978,333.107,-59.0729],"direction":[-0.213265,0.375173,-0.902088],"extended":true,"handId":370,"id":3701,"length":58.1698,"mcpPosition":[-41.3342,300.744,-2.80013],"pipPosition":[-48.699,324.137,-37.5055],"stabilizedTipPosition":[-59.7685,328.487,-63.7107],"timeVisible":0.471715,"tipPosition":[-56.7538,333.913,-71.9153],"tipVelocity":[76.0077,201.842,-200.147],"tool":false,"touchDistance":-0.446523,"touchZone":"hovering","type":1,"width":19.133},{"bases":[[[0.911733,-0.244956,-0.329756],[0.392434,0.756636,0.52297],[0.121401,-0.606216,0.78598]],[[0.913178,-0.252504,-0.319919],[0.0828661,0.883593,-0.460865],[0.399048,0.394341,0.827802]],[[0.913178,-0.252504,-0.319919],[-0.389808,-0.311959,-0.866447],[0.11898,0.915927,-0.383303]],[[0.913178,-0.252504,-0.319919],[-0.363948,-0.858508,-0.361255],[-0.183435,0.446324,-0.875869]]],"btipPosition":[-38.7683,246.163,-18.7738],"carpPosition":[-11.4277,257.188,47.8731],"dipPosition":[-42.1781,254.46,-35.0546],"direction":[-0.11898,-0.915927,0.383303],"extended":false,"handId":370,"id":3702,"length":66.2798,"mcpPosition":[-19.8057,299.024,-6.36847],"pipPosition":[-38.8314,280.223,-45.8362],"stabilizedTipPosition":[-51.0083,227.944,22.2544],"timeVisible":0.471715,"tipPosition":[-39.1961,248.078,-21.5079],"tipVelocity":[55.0786,99.3664,-235.269],"tool":false,"touchDistance":0.333333,"touchZone":"none","type":2,"width":18.7912},{"bases":[[[0.887466,-0.387833,-0.248977],[0.46024,0.717491,0.522863],[-0.024144,-0.578612,0.815245]],[[0.887622,-0.383475,-0.255094],[0.209962,0.829872,-0.516941],[0.409929,0.405288,0.817129]],[[0.887622,-0.383475,-0.255094],[-0.387962,-0.324033,-0.862837],[0.248218,0.86484,-0.436393]],[[0.887622,-0.383475,-0.255094],[-0.453497,-0.824393,-0.338699],[-0.0804148,0.416321,-0.905654]]],"btipPosition":[-22.0881,241.939,-14.2171],"carpPosition":[-0.151785,255.392,43.7136],"dipPosition":[-23.5742,249.633,-30.9549],"direction":[-0.248218,-0.86484,0.436393],"extended":false,"handId":370,"id":3703,"length":63.7298,"mcpPosition":[1.3442,291.243,-6.79964],"pipPosition":[-16.7727,273.331,-42.9127],"stabilizedTipPosition":[-34.2534,224.764,17.2421],"timeVisible":0.471715,"tipPosition":[-22.2538,243.951,-17.7776],"tipVelocity":[57.6645,95.2045,-189.996],"tool":false,"touchDistance":0.333333,"touchZone":"none","type":3,"width":17.881},{"bases":[[[0.790381,-0.565377,-0.235895],[0.588717,0.594478,0.54773],[-0.16944,-0.57179,0.802712]],[[0.762013,-0.634243,-0.130661],[0.490647,0.697171,-0.522703],[0.422613,0.334198,0.842443]],[[0.762013,-0.634243,-0.130661],[-0.372691,-0.264535,-0.889451],[0.529563,0.726469,-0.437956]],[[0.762013,-0.634243,-0.130661],[-0.632516,-0.685756,-0.360088],[0.138782,0.357037,-0.923723]]],"btipPosition":[-8.35684,247.875,-13.6178],"carpPosition":[9.31747,246.91,37.6655],"dipPosition":[-5.99062,253.962,-29.3672],"direction":[-0.529563,-0.726469,0.437956],"extended":false,"handId":370,"id":3704,"length":49.963,"mcpPosition":[19.0359,279.706,-8.37515],"pipPosition":[4.25469,268.017,-37.8402],"stabilizedTipPosition":[-16.9402,232.302,11.3967],"timeVisible":0.471715,"tipPosition":[-7.69211,249.195,-16.2704],"tipVelocity":[55.1088,109.498,-187.213],"tool":false,"touchDistance":0.333333,"touchZone":"none","type":4,"width":1