{"sensorType":"Leap","data":[[0,{"currentFrameRate":104.679,"devices":[],"gestures":[],"hands":[{"armBasis":[[0.940427,0.0516523,-0.33605],[0.0102328,0.983645,0.179826],[0.339843,-0.172552,0.924518]],"armWidth":63.029,"confidence":0.823265,"direction":[-0.0557148,0.717539,-0.694287],"elbow":[89.487,141.126,287.074],"grabStrength":0,"id":371,"palmNormal":[-0.0522736,-0.696509,-0.715641],"palmPosition":[-11.9929,222.534,0.593247],"palmVelocity":[-66.185,38.1577,137.064],"palmWidth":90.0033,"pinchStrength":0.369525,"r":[[0.850537,0.177783,0.494955],[-0.352561,0.891086,0.285774],[-0.390242,-0.417563,0.82058]],"s":1.2437,"sphereCenter":[-37.9537,209.408,-38.603],"sphereRadius":48.1745,"stabilizedPalmPosition":[-7.54293,218.562,-9.17445],"t":[64.3681,48.0974,-120.022],"timeVisible":17.4801,"type":"right","wrist":[-1.27554,187.21,40.1608]}],"id":1199340,"interactionBox":{"center":[0,200,0],"size":[235.247,235.247,147.751]},"pointables":[{"bases":[[[0.437104,0.764432,0.473902],[-0.757321,0.0285784,0.652417],[0.485185,-0.644071,0.591412]],[[0.170419,0.973073,0.155197],[-0.700035,0.00871504,0.714055],[0.693475,-0.230332,0.682671]],[[0.170419,0.973073,0.155197],[-0.978391,0.148385,0.143993],[0.117086,-0.176382,0.977333]],[[0.170419,0.973073,0.155197],[-0.980561,0.183016,-0.0707556],[-0.0972538,-0.140122,0.985346]]],"btipPosition":[-65.7006,197.805,-52.462],"carpPosition":[-29.7619,177.239,37.0177],"dipPosition":[-67.952,194.561,-29.6514],"direction":[-0.117086,0.176382,-0.977333],"extended":false,"handId":371,"id":3710,"length":51.5512,"mcpPosition":[-29.7619,177.239,37.0177],"pipPosition":[-64.0031,188.612,3.30997],"stabilizedTipPosition":[-62.5051,193.283,-52.9563],"timeVisible":17.4801,"tipPosition":[-66.1064,196.584,-47.146],"tipVelocity":[-104.959,98.294,168.187],"tool":false,"touchDistance":0.0520046,"touchZone":"hovering","type":0,"width":20.0304},{"bases":[[[0.973568,0.124004,-0.191803],[0.0187139,0.793643,0.608096],[0.227629,-0.595612,0.770345]],[[0.911877,0.235881,-0.335918],[-0.072068,0.89768,0.434715],[0.404087,-0.372197,0.835573]],[[0.911877,0.235881,-0.335918],[-0.162027,0.958782,0.23342],[0.377131,-0.158422,0.91251]],[[0.911877,0.235881,-0.335918],[-0.223619,0.971761,0.0753355],[0.344202,0.00642088,0.938874]]],"btipPosition":[-69.957,261.174,-86.3505],"carpPosition":[-21.386,198.334,42.9017],"dipPosition":[-64.1399,261.283,-70.4832],"direction":[-0.377131,0.158422,-0.91251],"extended":true,"handId":371,"id":3711,"length":58.1698,"mcpPosition":[-37.951,241.678,-13.1577],"pipPosition":[-55.1233,257.495,-48.6666],"stabilizedTipPosition":[-62.9737,259.644,-90.6898],"timeVisible":17.4801,"tipPosition":[-68.7426,262.715,-82.0537],"tipVelocity":[-125.233,12.388,184.204],"tool":false,"touchDistance":0.071206,"touchZone":"hovering","type":1,"width":19.133},{"bases":[[[0.97782,-0.0947311,-0.186799],[0.188031,0.789913,0.58368],[0.0922626,-0.605858,0.790205]],[[0.978029,-0.0961173,-0.18499],[-0.0296451,0.814228,-0.579788],[0.206352,0.572533,0.793489]],[[0.978029,-0.0961173,-0.18499],[-0.208458,-0.460662,-0.862749],[-0.00229293,0.882356,-0.470577]],[[0.978029,-0.0961173,-0.18499],[-0.161016,-0.91192,-0.377461],[-0.132416,0.398954,-0.90736]]],"btipPosition":[-23.4365,183.791,-21.0965],"carpPosition":[-9.75685,201.512,41.1658],"dipPosition":[-25.8979,191.207,-37.9627],"direction":[0.00229293,-0.882356,0.470577],"extended":false,"handId":371,"id":3712,"length":66.2798,"mcpPosition":[-16.124,243.323,-13.3674],"pipPosition":[-25.9624,216.026,-51.1991],"stabilizedTipPosition":[-18.4446,180.585,-31.4922],"timeVisible":17.4801,"tipPosition":[-23.9097,185.393,-24.536],"tipVelocity":[-98.6588,60.7805,111.986],"tool":false,"touchDistance":0.333333,"touchZone":"none","type":2,"width":18.7912},{"bases":[[[0.963764,-0.242131,-0.111943],[0.260256,0.76141,0.593735],[-0.0585269,-0.601354,0.796836]],[[0.96498,-0.22604,-0.133112],[0.0880548,0.757112,-0.647324],[0.247102,0.612933,0.750502]],[[0.96498,-0.22604,-0.133112],[-0.234031,-0.512608,-0.826113],[0.1185,0.828335,-0.547557]],[[0.96498,-0.22604,-0.133112],[-0.258163,-0.908328,-0.329077],[-0.0465248,0.351917,-0.934874]]],"btipPosition":[-7.5218,182.531,-11.4738],"carpPosition":[2.15976,201.561,38.7855],"dipPosition":[-8.38165,189.035,-28.7516],"direction":[-0.1185,-0.828335,0.547557],"extended":false,"handId":371,"id":3713,"length":63.7298,"mcpPosition":[5.78613,238.822,-10.587],"pipPosition":[-5.13455,211.733,-43.7555],"stabilizedTipPosition":[-2.82732,179.601,-21.5145],"timeVisible":17.4801,"tipPosition":[-7.76049,184.127,-15.1539],"tipVelocity":[-87.2836,46.917,105.087],"tool":false,"touchDistance":0.333333,"touchZone":"none","type":3,"width":17.881},{"bases":[[[0.894174,-0.43256,-0.115519],[0.400789,0.658341,0.637146],[-0.199553,-0.616018,0.762037]],[[0.840077,-0.541572,0.0311484],[0.451612,0.666412,-0.593246],[0.300528,0.512439,0.804418]],[[0.840077,-0.541572,0.0311484],[-0.242167,-0.425787,-0.871815],[0.485413,0.724848,-0.488845]],[[0.840077,-0.541572,0.0311484],[-0.488504,-0.780227,-0.390653],[0.23587,0.312963,-0.920011]]],"btipPosition":[1.14438,192.844,-12.495],"carpPosition":[13.6226,194.794,34.2043],"dipPosition":[5.16593,198.18,-28.181],"direction":[-0.485413,-0.724848,0.488845],"extended":false,"handId":371,"id":3714,"length":49.963,"mcpPosition":[25.0683,230.126,-9.50343],"pipPosition":[14.5571,212.203,-37.6386],"stabilizedTipPosition":[7.13153,189.535,-22.4163],"timeVisible":17.4801,"tipPosition":[2.20571,194.128,-15.9566],"tipVelocity":[-87.1263,45.4049,104.55],"tool":false,"touchDistance":0.333333,"touchZone":"none","type":4,"width":15.8833}],"r":[[0.850537,0.177783,0.494955],[-0.352561,0.891086,0.285774],[-0.390242,-0.417563,0.82058]],"s":1.2437,"t":[64.3681,48.0974,-120.022],"timestamp":15627396901},false],[1,{"currentFrameRate":104.744,"devices":[],"gestures":[],"hands":[{"armBasis":[[0.938745,0.0499766,-0.34097],[0.0150202,0.982554,0.185368],[0.344285,-0.179135,0.921617]],"armWidth":63.029,"confidence":0.819724,"direction":[-0.0622165,0.719753,-0.691437],"elbow":[90.3742,139.28,287.78],"grabStrength":0,"id":371,"palmNormal":[-0.0624862,-0.694229,-0.717037],"palmPosition":[-12.6758,222.59,2.30995],"palmVelocity":[-67.9757,28.9709,149.934],"palmWidth":90.0033,"pinchStrength":0.370661,"r":[[0.85513,0.173959,0.488356],[-0.348809,0.889965,0.293759],[-0.383518,-0.421545,0.821714]],"s":1.23974,"sphereCenter":[-38.53,209.307,-36.8244],"sphereRadius":47.9638,"stabilizedPalmPosition":[-7.64392,218.642,-8.94849],"t":[63.7039,48.2825,-118.417],"timeVisible":17.4896,"type":"right","wrist":[-1.57485,187.122,41.6419]}],"id":1199341,"interactionBox":{"center":[0,200,0],"size":[235.247,235.247,147.751]},"pointables":[{"bases":[[[0.444579,0.76195,0.470937],[-0.749433,0.0284431,0.661468],[0.490611,-0.647011,0.583676]],[[0.175949,0.971707,0.157564],[-0.691256,0.00800181,0.722566],[0.700861,-0.236052,0.673107]],[[0.175949,0.971707,0.157564],[-0.976097,0.151472,0.155853],[0.127577,-0.18122,0.975132]],[[0.175949,0.971707,0.157564],[-0.980403,0.187384,-0.0608064],[-0.088611,-0.143778,0.985635]]],"btipPosition":[-66.9781,198.325,-50.1315],"carpPosition":[-30.1209,177.23,38.8085],"dipPosition":[-69.0295,194.997,-27.3142],"direction":[-0.127577,0.18122,-0.975132],"extended":false,"handId":371,"id":3710,"length":51.5512,"mcpPosition":[-30.1209,177.23,38.8085],"pipPosition":[-64.7268,188.885,5.57298],"stabilizedTipPosition":[-63.2159,193.898,-51.7959],"timeVisible":17.4896,"tipPosition":[-67.3742,197.052,-44.8356],"tipVelocity":[-112.299,85.4034,190.812],"tool":false,"touchDistance":0.0908728,"touchZone":"hovering","type":0,"width":20.0304},{"bases":[[[0.971517,0.122234,-0.203009],[0.0278871,0.791766,0.610188],[0.235321,-0.598469,0.765806]],[[0.908621,0.234379,-0.345651],[-0.0699391,0.901375,0.427354],[0.411724,-0.364128,0.8354]],[[0.908621,0.234379,-0.345651],[-0.163593,0.961275,0.221782],[0.384247,-0.14497,0.911777]],[[0.908621,0.234379,-0.345651],[-0.227393,0.971875,0.0612555],[0.350287,0.0229407,0.936362]]],"btipPosition":[-71.3523,260.39,-84.1995],"carpPosition":[-21.624,198.286,44.6551],"dipPosition":[-65.4324,260.778,-68.3747],"direction":[-0.384247,0.14497,-0.911777],"extended":true,"handId":371,"id":3711,"length":58.1698,"mcpPosition":[-38.7488,241.838,-11.074],"pipPosition":[-56.2457,257.312,-46.5756],"stabilizedTipPosition":[-63.6612,259.726,-89.6973],"timeVisible":17.4896,"tipPosition":[-70.1434,262.118,-79.8763],"tipVelocity":[-131.029,-12.943,196.475],"tool":false,"touchDistance":0.106893,"touchZone":"hovering","type":1,"width":19.133},{"bases":[[[0.975294,-0.0965248,-0.198707],[0.196892,0.787701,0.583747],[0.100176,-0.608449,0.787245]],[[0.97552,-0.0979148,-0.196908],[-0.034543,0.816063,-0.57693],[0.217179,0.569609,0.792704]],[[0.97552,-0.0979148,-0.196908],[-0.219834,-0.457581,-0.861564],[-0.00574133,0.883761,-0.467904]],[[0.97552,-0.0979148,-0.196908],[-0.167713,-0.910418,-0.378168],[-0.14224,0.401934,-0.904553]]],"btipPosition":[-24.471,183.944,-19.3577],"carpPosition":[-10.0086,201.441,42.7903],"dipPosition":[-27.115,191.415,-36.1717],"direction":[0.00574133,-0.883761,0.467904],"extended":false,"handId":371,"id":3712,"length":66.2798,"mcpPosition":[-16.9219,243.431,-11.5386],"pipPosition":[-27.2765,216.273,-49.3329],"stabilizedTipPosition":[-18.7574,180.824,-31.1025],"timeVisible":17.4896,"tipPosition":[-24.9823,185.557,-22.7908],"tipVelocity":[-103.1,48.4359,133.051],"tool":false,"touchDistance":0.333333,"touchZone":"none","type":2,"width":18.7912},{"bases":[[[0.961769,-0.244115,-0.124128],[0.269162,0.758995,0.592857],[-0.0505127,-0.603602,0.795684]],[[0.962777,-0.227859,-0.145397],[0.0819065,0.758567,-0.646427],[0.257587,0.610456,0.748994]],[[0.962777,-0.227859,-0.145397],[-0.245215,-0.510019,-0.824469],[0.113708,0.829434,-0.54691]],[[0.962777,-0.227859,-0.145397],[-0.264207,-0.906867,-0.328308],[-0.0570477,0.354502,-0.933313]]],"btipPosition":[-8.43683,182.61,-9.89939],"carpPosition":[1.87891,201.469,40.2685],"dipPosition":[-9.49115,189.162,-27.1483],"direction":[-0.113708,-0.829434,0.54691],"extended":false,"handId":371,"id":3713,"length":63.7298,"mcpPosition":[5.00872,238.869,-9.03266],"pipPosition":[-6.37538,211.889,-42.1345],"stabilizedTipPosition":[-3.04776,179.771,-21.2264],"timeVisible":17.4896,"tipPosition":[-8.71877,184.216,-13.5906],"tipVelocity":[-91.4367,36.2351,122.977],"tool":false,"touchDistance":0.333333,"touchZone":"none","type":3,"width":17.881},{"bases":[[[0.891676,-0.434364,-0.127441],[0.409948,0.655457,0.634285],[-0.191978,-0.617821,0.762523]],[[0.839038,-0.54372,0.0195851],[0.446243,0.667132,-0.596491],[0.311258,0.509219,0.80238]],[[0.839038,-0.54372,0.0195851],[-0.25347,-0.422487,-0.870206],[0.481422,0.725172,-0.492299]],[[0.839038,-0.54372,0.0195851],[-0.495013,-0.777826,-0.387232],[0.225779,0.315208,-0.921774]]],"btipPosition":[0.231126,192.909,-11.0279],"carpPosition":[13.2699,194.687,35.531],"dipPosition":[4.08064,198.283,-26.7441],"direction":[-0.481422,-0.725172,0.492299],"extended":false,"handId":371,"id":3714,"length":49.963,"mcpPosition":[24.2811,230.123,-8.20456],"pipPosition":[13.3946,212.313,-36.2684],"stabilizedTipPosition":[6.90794,189.707,-22.1273],"timeVisible":17.4896,"tipPosition":[1.25352,194.2,-14.4972],"tipVelocity":[-91.1144,34.6908,118.931],"tool":false,"touchDistance":0.333333,"touchZone":"none","type":4,"width":15.8833}],"r":[[0.85513,0.173959,0.488356],[-0.348809,0.889965,0.293759],[-0.383518,-0.421545,0.821714]],"s":1.23974,"t":[63.7039,48.2825,-118.417],"timestamp":15627406326},false],[2,{"currentFrameRate":104.772,"devices":[],"gestures":[],"hands":[{"armBasis":[[0.937378,0.0462851,-0.345225],[0.0209137,0.981865,0.188427],[0.347686,-0.183847,0.91941]],"armWidth":63.029,"confidence":0.821891,"direction":[-0.0667487,0.719574,-0.6912],"elbow":[90.8386,138.226,288.741],"grabStrength":0,"id":371,"palmNormal":[-0.0724571,-0.694412,-0.715921],"palmPosition":[-13.397,222.812,3.95574],"palmVelocity":[-70.271,27.3697,156.665],"palmWidth":90.0033,"pinchStrength":0.371867,"r":[[0.859882,0.170354,0.48123],[-0.344487,0.889322,0.300726],[-0.376738,-0.424366,0.823397]],"s":1.23552,"sphereCenter":[-39.0536,209.244,-35.1337],"sphereRadius":47.7482,"stabilizedPalmPosition":[-7.73634,218.709,-8.74118],"t":[63.0113,48.4861,-116.791],"timeVisible":17.499,"type":"right","wrist":[-2.01862,187.326,43.1924]}],"id":1199342,"interactionBox":{"center":[0,200,0],"size":[235.247,235.247,147.751]},"pointables":[{"bases":[[[0.452223,0.760589,0.465832],[-0.742426,0.0315736,0.669184],[0.494266,-0.648465,0.578959]],[[0.182453,0.97066,0.156624],[-0.682688,0.0104292,0.730635],[0.707565,-0.240232,0.664561]],[[0.182453,0.97066,0.156624],[-0.973653,0.156209,0.166129],[0.136789,-0.182808,0.973586]],[[0.182453,0.97066,0.156624],[-0.9796,0.193107,-0.0556162],[-0.0842296,-0.143281,0.986091]]],"btipPosition":[-68.2289,198.881,-47.8152],"carpPosition":[-30.6285,177.537,40.6612],"dipPosition":[-70.1787,195.564,-24.9874],"direction":[-0.136789,0.182808,-0.973586],"extended":false,"handId":371,"id":3710,"length":51.5512,"mcpPosition":[-30.6285,177.537,40.6612],"pipPosition":[-65.5654,189.399,7.84766],"stabilizedTipPosition":[-63.8728,194.405,-50.6856],"timeVisible":17.499,"tipPosition":[-68.6333,197.585,-42.5505],"tipVelocity":[-117.18,77.7745,206.162],"tool":false,"touchDistance":0.129518,"touchZone":"hovering","type":0,"width":20.0304},{"bases":[[[0.969801,0.118555,-0.213145],[0.037109,0.792013,0.609376],[0.241058,-0.598883,0.763695]],[[0.906433,0.23005,-0.354197],[-0.0677275,0.906957,0.415743],[0.416883,-0.352854,0.837677]],[[0.906433,0.23005,-0.354197],[-0.164747,0.964792,0.205022],[0.388892,-0.127486,0.91242]],[[0.906433,0.23005,-0.354197],[-0.230412,0.972196,0.0417855],[0.353962,0.0437355,0.934237]]],"btipPosition":[-72.5326,259.452,-82.3708],"carpPosition":[-21.9945,198.566,46.4064],"dipPosition":[-66.5506,260.191,-66.5819],"direction":[-0.388892,0.127486,-0.91242],"extended":true,"handId":371,"id":3711,"length":58.1698,"mcpPosition":[-39.5367,242.148,-9.16912],"pipPosition":[-57.2528,257.143,-44.7675],"stabilizedTipPosition":[-64.2958,259.717,-88.7695],"timeVisible":17.499,"tipPosition":[-71.3542,261.379,-78.0221],"tipVelocity":[-128.674,-35.1847,195.122],"tool":false,"touchDistance":0.137234,"touchZone":"hovering","type":1,"width":19.133},{"bases":[[[0.972822,-0.100214,-0.208747],[0.205815,0.787313,0.581187],[0.106106,-0.608355,0.786541]],[[0.97306,-0.101595,-0.20696],[-0.0375992,0.815728,-0.577213],[0.227465,0.569444,0.789932]],[[0.97306,-0.101595,-0.20696],[-0.230431,-0.457586,-0.858788],[-0.0074535,0.883342,-0.468669]],[[0.97306,-0.101595,-0.20696],[-0.174901,-0.910154,-0.375539],[-0.150213,0.401619,-0.903404]]],"btipPosition":[-25.5533,184.198,-17.5477],"carpPosition":[-10.3876,201.677,44.4193],"dipPosition":[-28.3455,191.664,-34.3404],"direction":[0.0074535,-0.883343,0.468669],"extended":false,"handId":371,"id":3712,"length":66.2798,"mcpPosition":[-17.7101,243.66,-9.86098],"pipPosition":[-28.5552,216.511,-47.5231],"stabilizedTipPosition":[-19.0696,181.038,-30.6955],"timeVisible":17.499,"tipPosition":[-26.0979,185.812,-20.9912],"tipVelocity":[-107.265,42.1968,149.746],"tool":false,"touchDistance":0.333333,"touchZone":"none","type":2,"width":18.7912},{"bases":[[[0.959531,-0.24771,-0.13394],[0.27807,0.758347,0.589565],[-0.0444679,-0.602951,0.796538]],[[0.960378,-0.23145,-0.155255],[0.0779441,0.757896,-0.647703],[0.267578,0.609938,0.745907]],[[0.960378,-0.23145,-0.155255],[-0.255626,-0.509598,-0.821563],[0.111033,0.828699,-0.548571]],[[0.960378,-0.23145,-0.155255],[-0.270903,-0.90609,-0.324982],[-0.065458,0.354164,-0.932889]]],"btipPosition":[-9.42991,182.81,-8.27227],"carpPosition":[1.47318,201.66,41.7744],"dipPosition":[-10.6397,189.355,-25.5134],"direction":[-0.111033,-0.828699,0.548571],"extended":false,"handId":371,"id":3713,"length":63.7298,"mcpPosition":[4.22845,239.019,-7.57966],"pipPosition":[-7.59718,212.063,-40.5451],"stabilizedTipPosition":[-3.2683,179.922,-20.9287],"timeVisible":17.499,"tipPosition":[-9.74463,184.414,-11.9626],"tipVelocity":[-96.3028,31.8314,136.94],"tool":false,"touchDistance":0.333333,"touchZone":"none","type":3,"width":17.881},{"bases":[[[0.888712,-0.437703,-0.136409],[0.418898,0.654319,0.629596],[-0.186321,-0.616671,0.764854]],[[0.837196,-0.546788,0.0112347],[0.442488,0.665141,-0.601491],[0.321415,0.508537,0.7988]],[[0.837196,-0.546788,0.0112347],[-0.264012,-0.422053,-0.867277],[0.478958,0.723115,-0.497699]],[[0.837196,-0.546788,0.0112347],[-0.501845,-0.776225,-0.381611],[0.217381,0.313845,-0.924255]]],"btipPosition":[-0.738099,193.077,-9.49736],"carpPosition":[12.7895,194.834,36.9233],"dipPosition":[2.96822,198.428,-25.2558],"direction":[-0.478958,-0.723114,0.497699],"extended":false,"handId":371,"id":3714,"length":49.963,"mcpPosition":[23.4762,230.204,-6.94598],"pipPosition":[12.2345,212.417,-34.8846],"stabilizedTipPosition":[6.6847,189.858,-21.8314],"timeVisible":17.499,"tipPosition":[0.252699,194.361,-12.9782],"tipVelocity":[-95.2659,29.6294,130.786],"tool":false,"touchDistance":0.333333,"touchZone":"none","type":4,"width":15.8833}],"r":[[0.859882,0.170354,0.48123],[-0.344487,0.889322,0.300726],[-0.376738,-0.424366,0.823397]],"s":1.23552,"t":[63.0113,48.4861,-116.791],"timestamp":15627415819},false],[3,{"currentFrameRate":104.823,"devices":[],"gestures":[],"hands":[{"armBasis":[[0.936526,0.045667,-0.347612],[0.0228028,0.981447,0.190371],[0.349857,-0.186213,0.918109]],"armWidth":63.029,"confidence":0.825666,"direction":[-0.0711665,0.725081,-0.684977],"elbow":[90.8016,137.246,289.586],"grabStrength":0,"id":371,"palmNormal":[-0.0786006,-0.688659,-0.720812],"palmPosition":[-14.2702,222.784,5.51596],"palmVelocity":[-76.6161,18.701,159.103],"palmWidth":90.0033,"pinchStrength":0.372034,"r":[[0.864384,0.16655,0.474449],[-0.34033,0.888368,0.308185],[-0.370157,-0.427859,0.824573]],"s":1.23067,"sphereCenter":[-39.401,209.099,-33.7948],"sphereRadius":47.4829,"stabilizedPalmPosition":[-7.823,218.763,-8.5521],"t":[62.2283,48.574,-115.198],"timeVisible":17.5085,"type":"right","wrist":[-2.63547,186.978,44.3845]}],"id":1199343,"interactionBox":{"center":[0,200,0],"size":[235.247,235.247,147.751]},"pointables":[{"bases":[[[0.456545,0.756419,0.468398],[-0.737332,0.0270504,0.674989],[0.497904,-0.653527,0.570082]],[[0.186803,0.9684,0.165248],[-0.675899,0.00462195,0.736979],[0.712927,-0.249361,0.655404]],[[0.186803,0.9684,0.165248],[-0.971588,0.157231,0.176905],[0.145333,-0.193599,0.970257]],[[0.186803,0.9684,0.165248],[-0.978836,0.197784,-0.0525552],[-0.0835779,-0.151933,0.984851]]],"btipPosition":[-69.4426,199.598,-45.8915],"carpPosition":[-31.2742,177.239,41.9918],"dipPosition":[-71.3774,196.08,-23.0924],"direction":[-0.145333,0.193599,-0.970257],"extended":false,"handId":371,"id":3710,"length":51.5512,"mcpPosition":[-31.2742,177.239,41.9918],"pipPosition":[-66.4759,189.551,9.63038],"stabilizedTipPosition":[-64.4814,194.849,-49.67],"timeVisible":17.5085,"tipPosition":[-69.8593,198.201,-40.683],"tipVelocity":[-120.314,75.8307,205.251],"tool":false,"touchDistance":0.16147,"touchZone":"hovering","type":0,"width":20.0304},{"bases":[[[0.968297,0.119237,-0.219505],[0.0425578,0.787135,0.61531],[0.246148,-0.605145,0.757107]],[[0.904705,0.230946,-0.358011],[-0.0704945,0.909892,0.408812],[0.420165,-0.344616,0.839464]],[[0.904705,0.230946,-0.358011],[-0.171253,0.966583,0.190763],[0.390104,-0.111274,0.914023]],[[0.904705,0.230946,-0.358011],[-0.238651,0.970829,0.0231837],[0.352922,0.0644655,0.933429]]],"btipPosition":[-73.6337,258.466,-80.5608],"carpPosition":[-22.5743,198.212,47.8375],"dipPosition":[-67.6692,259.555,-64.7856],"direction":[-0.390104,0.111274,-0.914023],"extended":true,"handId":371,"id":3711,"length":58.1698,"mcpPosition":[-40.487,242.25,-7.25852],"pipPosition":[-58.3425,256.895,-42.9328],"stabilizedTipPosition":[-64.8832,259.643,-87.8968],"timeVisible":17.5085,"tipPosition":[-72.5163,260.634,-76.1559],"tipVelocity":[-125.338,-52.5329,194.029],"tool":false,"touchDistance":0.167348,"touchZone":"hovering","type":1,"width":19.133},{"bases":[[[0.971113,-0.0995631,-0.216857],[0.211041,0.782485,0.585815],[0.111362,-0.614658,0.780893]],[[0.971357,-0.100924,-0.215128],[-0.0411667,0.820164,-0.570645],[0.234032,0.563156,0.792518]],[[0.971357,-0.100924,-0.215128],[-0.237407,-0.450913,-0.860416],[-0.0101677,0.886844,-0.461958]],[[0.971357,-0.100924,-0.215128],[-0.178639,-0.907141,-0.381029],[-0.156696,0.408545,-0.899187]]],"btipPosition":[-26.624,184.356,-16.1801],"carpPosition":[-10.9793,201.327,45.7877],"dipPosition":[-29.5367,191.95,-32.8944],"direction":[0.0101677,-0.886844,0.461958],"extended":false,"handId":371,"id":3712,"length":66.2798,"mcpPosition":[-18.6646,243.746,-8.10289],"pipPosition":[-29.8227,216.896,-45.8883],"stabilizedTipPosition":[-19.3767,181.227,-30.2971],"timeVisible":17.5085,"tipPosition":[-27.1975,185.998,-19.6228],"tipVelocity":[-109.846,35.8017,148.878],"tool":false,"touchDistance":0.333333,"touchZone":"none","type":2,"width":18.7912},{"bases":[[[0.958225,-0.247632,-0.143119],[0.283326,0.753379,0.593419],[-0.0391268,-0.609178,0.792067]],[[0.958935,-0.230984,-0.164593],[0.0741143,0.76422,-0.640684],[0.273773,0.602175,0.749956]],[[0.958935,-0.230984,-0.164593],[-0.262261,-0.501154,-0.82466],[0.107997,0.833961,-0.541152]],[[0.958935,-0.230984,-0.164593],[-0.27431,-0.902813,-0.331184],[-0.0720981,0.362733,-0.9291]]],"btipPosition":[-10.4407,182.895,-7.16856],"carpPosition":[0.861169,201.319,43.0534],"dipPosition":[-11.7732,189.599,-24.3396],"direction":[-0.107997,-0.833961,0.541152],"extended":false,"handId":371,"id":3713,"length":63.7298,"mcpPosition":[3.2855,239.064,-6.02367],"pipPosition":[-8.81391,212.451,-39.168],"stabilizedTipPosition":[-3.48959,180.055,-20.6385],"timeVisible":17.5085,"tipPosition":[-10.7792,184.521,-10.8127],"tipVelocity":[-100.223,26.4116,131.684],"tool":false,"touchDistance":0.333333,"touchZone":"none","type":3,"width":17.881},{"bases":[[[0.887183,-0.437526,-0.146553],[0.424338,0.648893,0.631565],[-0.181229,-0.622502,0.761346]],[[0.836651,-0.547735,0.00063049],[0.438709,0.669427,-0.599502],[0.327946,0.50185,0.800373]],[[0.836651,-0.547735,0.00063049],[-0.270959,-0.414883,-0.868593],[0.476021,0.726539,-0.495526]],[[0.836651,-0.547735,0.00063049],[-0.505547,-0.772652,-0.383966],[0.210799,0.320927,-0.923347]]],"btipPosition":[-1.74581,193.144,-8.26858],"carpPosition":[12.1332,194.52,38.0634],"dipPosition":[1.84829,198.615,-24.0115],"direction":[-0.476021,-0.726539,0.495526],"extended":false,"handId":371,"id":3714,"length":49.963,"mcpPosition":[22.5279,230.224,-5.60466],"pipPosition":[11.0577,212.671,-33.5983],"stabilizedTipPosition":[6.46218,189.991,-21.5404],"timeVisible":17.5085,"tipPosition":[-0.780501,194.454,-11.7466],"tipVelocity":[-99.3154,24.0263,130.697],"tool":false,"touchDistance":0.333333,"touchZone":"none","type":4,"width":15.8833}],"r":[[0.864384,0.16655,0.474449],[-0.34033,0.888368,0.308185],[-0.370157,-0.427859,0.824573]],"s":1.23067,"t":[62.2283,48.574,-115.198],"timestamp":15627425264},false],[4,{"currentFrameRate":104.923,"devices":[],"gestures":[],"hands":[{"armBasis":[[0.936909,0.0388657,-0.347407],[0.0231704,0.984711,0.172651],[0.348806,-0.169807,0.921683]],"armWidth":63.029,"confidence":0.837046,"direction":[-0.0767446,0.727018,-0.682316],"elbow":[90.053,141.422,292.313],"grabStrength":0,"id":371,"palmNormal":[-0.0858739,-0.686611,-0.721935],"palmPosition":[-15.0594,222.696,7.49432],"palmVelocity":[-78.8368,10.7138,174.018],"palmWidth":90.0033,"pinchStrength":0.372431,"r":[[0.868827,0.163105,0.467479],[-0.336213,0.887465,0.315225],[-0.363456,-0.431048,0.825892]],"s":1.22586,"sphereCenter":[-39.9853,208.834,-31.8285],"sphereRadius":47.3009,"stabilizedPalmPosition":[-7.90074,218.805,-8.37971],"t":[61.4423,48.5737,-113.413],"timeVisible":17.5178,"type":"right","wrist":[-3.10322,186.772,46.1567]}],"id":1199344,"interactionBox":{"center":[0,200,0],"size":[235.247,235.247,147.751]},"pointables":[{"bases":[[[0.461552,0.754705,0.46625],[-0.731084,0.0258989,0.681796],[0.502479,-0.655553,0.563707]],[[0.190363,0.96734,0.167379],[-0.668277,0.00279182,0.743907],[0.719144,-0.253469,0.646982]],[[0.190363,0.96734,0.167379],[-0.969475,0.1584,0.187157],[0.154532,-0.197898,0.967965]],[[0.190363,0.96734,0.167379],[-0.978417,0.200906,-0.0483319],[-0.080381,-0.154566,0.984707]]],"btipPosition":[-70.6317,199.834,-43.3865],"carpPosition":[-31.7721,177.066,44.0003],"dipPosition":[-72.4925,196.256,-20.5907],"direction":[-0.154532,0.197898,-0.967965],"extended":false,"handId":371,"id":3710,"length":51.5512,"mcpPosition":[-31.7721,177.066,44.0003],"pipPosition":[-67.2808,189.582,12.0548],"stabilizedTipPosition":[-65.0243,195.192,-48.7186],"timeVisible":17.5178,"tipPosition":[-71.0562,198.412,-38.2053],"tipVelocity":[-121.767,61.0904,223.037],"tool":false,"touchDistance":0.203207,"touchZone":"hovering","type":0,"width":20.0304},{"bases":[[[0.966358,0.118924,-0.228053],[0.0489602,0.785409,0.617037],[0.252496,-0.607445,0.753164]],[[0.902126,0.230377,-0.364821],[-0.0707541,0.913068,0.401623],[0.425631,-0.336502,0.840003]],[[0.902126,0.230377,-0.364821],[-0.175654,0.968381,0.177156],[0.394098,-0.0957349,0.914068]],[[0.902126,0.230377,-0.364821],[-0.245257,0.969441,0.00571325],[0.354989,0.0843207,0.93106]]],"btipPosition":[-74.8828,257.385,-78.2722],"carpPosition":[-22.9987,198.016,49.8231],"dipPosition":[-68.8834,258.81,-62.537],"direction":[-0.394098,0.0957349,-0.914068],"extended":true,"handId":371,"id":3711,"length":58.1698,"mcpPosition":[-41.3733,242.221,-4.98601],"pipPosition":[-59.4611,256.521,-40.6832],"stabilizedTipPosition":[-65.4393,259.519,-87.0423],"timeVisible":17.5178,"tipPosition":[-73.7854,259.678,-73.879],"tipVelocity":[-127.457,-68.0906,208.175],"tool":false,"touchDistance":0.205337,"touchZone":"hovering","type":1,"width":19.133},{"bases":[[[0.968986,-0.0998843,-0.226027],[0.217161,0.780681,0.585985],[0.117925,-0.616896,0.77816]],[[0.969229,-0.101164,-0.224413],[-0.045921,0.821342,-0.568585],[0.24184,0.561394,0.791423]],[[0.969229,-0.101164,-0.224413],[-0.245767,-0.449262,-0.858931],[-0.0139278,0.887654,-0.4603]],[[0.969229,-0.101164,-0.224413],[-0.182823,-0.906298,-0.381051],[-0.164837,0.410354,-0.896905]]],"btipPosition":[-27.6327,184.337,-14.1405],"carpPosition":[-11.42,201.125,47.6755],"dipPosition":[-30.6967,191.964,-30.8123],"direction":[0.0139278,-0.887654,0.4603],"extended":false,"handId":371,"id":3712,"length":66.2798,"mcpPosition":[-19.5581,243.698,-6.02646],"pipPosition":[-31.0885,216.932,-43.7597],"stabilizedTipPosition":[-19.6632,181.382,-29.9032],"timeVisible":17.5178,"tipPosition":[-28.2463,185.991,-17.6071],"tipVelocity":[-110.367,25.2917,168.844],"tool":false,"touchDistance":0.333333,"touchZone":"none","type":2,"width":18.7912},{"bases":[[[0.956632,-0.248142,-0.152578],[0.289485,0.751486,0.592846],[-0.0324498,-0.611305,0.79073]],[[0.957162,-0.231387,-0.174074],[0.068886,0.765887,-0.639274],[0.281241,0.599897,0.749017]],[[0.957162,-0.231387,-0.174074],[-0.27033,-0.498695,-0.823544],[0.103748,0.835323,-0.539882]],[[0.957162,-0.231387,-0.174074],[-0.278182,-0.901668,-0.331072],[-0.0803516,0.365314,-0.92741]]],"btipPosition":[-11.3818,182.837,-5.33089],"carpPosition":[0.394929,201.113,44.8327],"dipPosition":[-12.8668,189.589,-22.4707],"direction":[-0.103748,-0.835323,0.539882],"extended":false,"handId":371,"id":3713,"length":63.7298,"mcpPosition":[2.40554,238.99,-4.16147],"pipPosition":[-10.0239,212.478,-37.2644],"stabilizedTipPosition":[-3.69981,180.166,-20.3483],"timeVisible":17.5178,"tipPosition":[-11.7533,184.472,-8.97069],"tipVelocity":[-101.425,17.5003,150.32],"tool":false,"touchDistance":0.333333,"touchZone":"none","type":3,"width":17.881},{"bases":[[[0.885378,-0.437959,-0.155878],[0.43074,0.646764,0.629412],[-0.174841,-0.62441,0.761277]],[[0.836032,-0.548616,-0.00840097],[0.434224,0.670916,-0.6011],[0.33541,0.498891,0.79913]],[[0.836032,-0.548616,-0.00840097],[-0.278907,-0.411739,-0.867573],[0.472505,0.727662,-0.49724]],[[0.836032,-0.548616,-0.00840097],[-0.509736,-0.770936,-0.381874],[0.203025,0.323541,-0.924176]]],"btipPosition":[-2.69177,193.088,-6.51622],"carpPosition":[11.6142,194.317,39.721],"dipPosition":[0.769789,198.604,-22.2733],"direction":[-0.472505,-0.727662,0.49724],"extended":false,"handId":371,"id":3714,"length":49.963,"mcpPosition":[21.6424,230.131,-3.9431],"pipPosition":[9.91121,212.682,-31.8933],"stabilizedTipPosition":[6.25041,190.102,-21.2516],"timeVisible":17.5178,"tipPosition":[-1.75906,194.404,-9.99031],"tipVelocity":[-100.785,15.8396,146.709],"tool":false,"touchDistance":0.333333,"touchZone":"none","type":4,"width":15.8833}],"r":[[0.868827,0.163105,0.467479],[-0.336213,0.887465,0.315225],[-0.363456,-0.431048,0.825892]],"s":1.22586,"t":[61.4423,48.5737,-113.413],"timestamp":15627434608},false],[5,{"currentFrameRate":104.984,"devices":[],"gestures":[],"hands":[{"armBasis":[[0.935665,0.0358711,-0.351061],[0.0222441,0.986847,0.160121],[0.352187,-0.157629,0.92256]],"armWidth":63.029,"confidence":0.844835,"direction":[-0.0822302,0.727209,-0.681473],"elbow":[90.3534,144.574,294.079],"grabStrength":0,"id":371,"palmNormal":[-0.0907407,-0.686412,-0.721529],"palmPosition":[-15.9694,222.601,9.12789],"palmVelocity":[-83.9296,4.80497,173.893],"palmWidth":90.0033,"pinchStrength":0.373198,"r":[[0.872991,0.160449,0.46059],[-0.33252,0.886648,0.321381],[-0.356816,-0.433718,0.827388]],"s":1.2214,"sphereCenter":[-40.7354,208.505,-30.1707],"sphereRadius":47.1618,"stabilizedPalmPosition":[-7.97445,218.84,-8.21977],"t":[60.5942,48.5264,-111.703],"timeVisible":17.5272,"type":"right","wrist":[-3.70601,186.672,47.6885]}],"id":1199345,"interactionBox":{"center":[0,200,0],"size":[235.247,235.247,147.751]},"pointables":[{"bases":[[[0.464484,0.754839,0.463112],[-0.726065,0.0251859,0.687165],[0.507035,-0.655426,0.559761]],[[0.191455,0.967217,0.166843],[-0.662408,0.00189451,0.749141],[0.724266,-0.253945,0.641055]],[[0.191455,0.967217,0.166843],[-0.968108,0.158108,0.19434],[0.16159,-0.19873,0.966641]],[[0.191455,0.967217,0.166843],[-0.978603,0.201166,-0.0432307],[-0.0753768,-0.154996,0.985035]]],"btipPosition":[-71.8501,199.778,-41.3175],"carpPosition":[-32.3837,176.949,45.7396],"dipPosition":[-73.5951,196.19,-18.5142],"direction":[-0.16159,0.19873,-0.966641],"extended":false,"handId":371,"id":3710,"length":51.5512,"mcpPosition":[-32.3837,176.949,45.7396],"pipPosition":[-68.1453,189.487,14.0867],"stabilizedTipPosition":[-65.517,195.449,-47.8566],"timeVisible":17.5272,"tipPosition":[-72.2622,198.357,-36.144],"tipVelocity":[-123.155,41.8958,222.179],"tool":false,"touchDistance":0.237718,"touchZone":"hovering","type":0,"width":20.0304},{"bases":[[[0.964578,0.119629,-0.235114],[0.0529927,0.785223,0.616941],[0.258421,-0.607547,0.751069]],[[0.899522,0.230754,-0.370962],[-0.0725062,0.916202,0.394101],[0.430817,-0.327606,0.840875]],[[0.899522,0.230754,-0.370962],[-0.180851,0.969635,0.164621],[0.397685,-0.0809913,0.913941]],[[0.899522,0.230754,-0.370962],[-0.252213,0.967623,-0.00967157],[0.35672,0.102261,0.928598]]],"btipPosition":[-76.2318,256.244,-76.4302],"carpPosition":[-23.5812,197.902,51.5051],"dipPosition":[-70.2032,257.973,-60.7366],"direction":[-0.397685,0.0809913,-0.913941],"extended":true,"handId":371,"id":3711,"length":58.1698,"mcpPosition":[-42.387,242.114,-3.15154],"pipPosition":[-60.6952,256.036,-38.8858],"stabilizedTipPosition":[-66.0033,259.346,-86.1896],"timeVisible":17.5272,"tipPosition":[-75.1388,258.623,-72.0687],"tipVelocity":[-131.784,-81.119,204.338],"tool":false,"touchDistance":0.235879,"touchZone":"hovering","type":1,"width":19.133},{"bases":[[[0.967361,-0.0991782,-0.233185],[0.220964,0.780614,0.58465],[0.124043,-0.617094,0.777051]],[[0.967613,-0.10044,-0.231596],[-0.0506465,0.821542,-0.567894],[0.247305,0.561231,0.789848]],[[0.967613,-0.10044,-0.231596],[-0.251801,-0.449141,-0.857245],[-0.0179177,0.887797,-0.459886]],[[0.967613,-0.10044,-0.231596],[-0.185017,-0.906315,-0.379949],[-0.171737,0.410493,-0.895546]]],"btipPosition":[-28.6757,184.245,-12.4278],"carpPosition":[-12.0206,201.019,49.2735],"dipPosition":[-31.868,191.876,-29.0744],"direction":[0.0179177,-0.887797,0.459886],"extended":false,"handId":371,"id":3712,"length":66.2798,"mcpPosition":[-20.581,243.606,-4.35193],"pipPosition":[-32.372,216.848,-42.0101],"stabilizedTipPosition":[-19.9344,181.511,-29.5234],"timeVisible":17.5272,"tipPosition":[-29.3172,185.9,-15.8922],"tipVelocity":[-111.391,15.3357,172.768],"tool":false,"touchDistance":0.333333,"touchZone":"none","type":2,"width":18.7912},{"bases":[[[0.955644,-0.24747,-0.1597],[0.293354,0.751464,0.590969],[-0.0262381,-0.611605,0.790728]],[[0.956004,-0.230508,-0.181447],[0.0631901,0.765816,-0.639948],[0.286468,0.600327,0.746688]],[[0.956004,-0.230508,-0.181447],[-0.276238,-0.499175,-0.82129],[0.0987399,0.835278,-0.540889]],[[0.956004,-0.230508,-0.181447],[-0.279893,-0.90194,-0.328884],[-0.0878438,0.3652,-0.926775]]],"btipPosition":[-12.3438,182.743,-3.70091],"carpPosition":[-0.226928,201.016,46.3439],"dipPosition":[-13.9673,189.492,-20.829],"direction":[-0.0987399,-0.835278,0.540889],"extended":false,"handId":371,"id":3713,"length":63.7298,"mcpPosition":[1.39881,238.912,-2.65025],"pipPosition":[-11.2617,212.38,-35.6502],"stabilizedTipPosition":[-3.90134,180.258,-20.0643],"timeVisible":17.5272,"tipPosition":[-12.7499,184.379,-7.36073],"tipVelocity":[-102.619,9.63341,156.926],"tool":false,"touchDistance":0.333333,"touchZone":"none","type":3,"width":17.881},{"bases":[[[0.884489,-0.437332,-0.162544],[0.434942,0.64682,0.626458],[-0.168834,-0.624792,0.762319]],[[0.836296,-0.548081,-0.0147349],[0.429378,0.671411,-0.604021],[0.340946,0.498813,0.796832]],[[0.836296,-0.548081,-0.0147349],[-0.284996,-0.411591,-0.865662],[0.468388,0.728148,-0.500413]],[[0.836296,-0.548081,-0.0147349],[-0.512033,-0.771118,-0.378418],[0.196041,0.324014,-0.925518]]],"btipPosition":[-3.68662,193.007,-4.98508],"carpPosition":[10.9588,194.229,41.1473],"dipPosition":[-0.344134,198.531,-20.765],"direction":[-0.468388,-0.728148,0.500413],"extended":false,"handId":371,"id":3714,"length":49.963,"mcpPosition":[20.6425,230.065,-2.57657],"pipPosition":[8.71763,212.618,-30.4464],"stabilizedTipPosition":[6.0446,190.195,-20.9679],"timeVisible":17.5272,"tipPosition":[-2.78084,194.324,-8.46577],"tipVelocity":[-103.019,8.91915,151.108],"tool":false,"touchDistance":0.333333,"touchZone":"none","type":4,"width":15.8833}],"r":[[0.872991,0.160449,0.46059],[-0.33252,0.886648,0.321381],[-0.356816,-0.433718,0.827388]],"s":1.2214,"t":[60.5942,48.5264,-111.703],"timestamp":15627444019},false],[6,{"currentFrameRate":105.001,"devices":[],"gestures":[],"hands":[{"armBasis":[[0.933839,0.0383006,-0.355636],[0.0175913,0.98813,0.152609],[0.35726,-0.148769,0.922081]],"armWidth":63.029,"confidence":0.850138,"direction":[-0.0902435,0.731204,-0.676164],"elbow":[90.9249,147.013,295.579],"grabStrength":0,"id":371,"palmNormal":[-0.093262,-0.682155,-0.725236],"palmPosition":[-17.1844,222.869,11.0797],"palmVelocity":[-96.5871,11.5075,183.006],"palmWidth":90.0033,"pinchStrength":0.375784,"r":[[0.876816,0.158476,0.453959],[-0.329773,0.885285,0.327903],[-0.349918,-0.437215,0.828493]],"s":1.21702,"sphereCenter":[-41.7243,208.693,-28.2826],"sphereRadius":47.0112,"stabilizedPalmPosition":[-8.05,218.873,-8.06147],"t":[59.5627,48.6364,-109.872],"timeVisible":17.5367,"type":"right","wrist":[-4.48922,186.745,49.3173]}],"id":1199346,"interactionBox":{"center":[0,200,0],"size":[235.247,235.247,147.751]},"pointables":[{"bases":[[[0.464801,0.75378,0.464516],[-0.721061,0.0177849,0.692643],[0.513839,-0.656886,0.551788]],[[0.189629,0.966568,0.172591],[-0.656753,-0.00580247,0.754083],[0.729874,-0.256346,0.633696]],[[0.189629,0.966568,0.172591],[-0.967575,0.15409,0.200138],[0.166852,-0.204947,0.964447]],[[0.189629,0.966568,0.172591],[-0.979346,0.198759,-0.0370905],[-0.0701546,-0.161993,0.984295]]],"btipPosition":[-73.1822,200.235,-39.0853],"carpPosition":[-33.1405,176.915,47.5173],"dipPosition":[-74.8062,196.484,-16.2991],"direction":[-0.166852,0.204947,-0.964447],"extended":false,"handId":371,"id":3710,"length":51.5512,"mcpPosition":[-33.1405,176.915,47.5173],"pipPosition":[-69.179,189.572,16.2277],"stabilizedTipPosition":[-65.9774,195.674,-47.054],"timeVisible":17.5367,"tipPosition":[-73.6185,198.775,-33.9181],"tipVelocity":[-127.248,42.5514,225.791],"tool":false,"touchDistance":0.274856,"touchZone":"hovering","type":0,"width":20.0304},{"bases":[[[0.962315,0.125124,-0.241441],[0.0543375,0.781476,0.621565],[0.266453,-0.611261,0.745227]],[[0.896308,0.236181,-0.375299],[-0.077403,0.916691,0.392029],[0.436623,-0.32233,0.839919]],[[0.896308,0.236181,-0.375299],[-0.189111,0.969122,0.158237],[0.401084,-0.0708559,0.913297]],[[0.896308,0.236181,-0.375299],[-0.262022,0.964883,-0.0185598],[0.357737,0.114972,0.926718]]],"btipPosition":[-77.9618,255.799,-74.07],"carpPosition":[-24.3815,197.867,53.3523],"dipPosition":[-71.9159,257.742,-58.4082],"direction":[-0.401084,0.0708559,-0.913297],"extended":true,"handId":371,"id":3711,"length":58.1698,"mcpPosition":[-43.7717,242.35,-0.879196],"pipPosition":[-62.3267,256.048,-36.5728],"stabilizedTipPosition":[-66.5951,259.173,-85.3092],"timeVisible":17.5367,"tipPosition":[-76.896,258.237,-69.717],"tipVelocity":[-146.16,-69.8127,216.842],"tool":false,"touchDistance":0.275093,"touchZone":"hovering","type":1,"width":19.133},{"bases":[[[0.966009,-0.0936781,-0.240939],[0.222083,0.777769,0.588009],[0.132311,-0.62153,0.772136]],[[0.966273,-0.0949258,-0.239388],[-0.0582527,0.824918,-0.562243],[0.250847,0.557224,0.791566]],[[0.966273,-0.0949258,-0.239388],[-0.256305,-0.444749,-0.858199],[-0.0250023,0.890611,-0.454079]],[[0.966273,-0.0949258,-0.239388],[-0.184089,-0.904653,-0.384337],[-0.180079,0.415443,-0.891616]]],"btipPosition":[-29.8907,184.599,-10.6248],"carpPosition":[-12.8505,201.047,51.0556],"dipPosition":[-33.238,192.321,-27.1983],"direction":[0.0250023,-0.890611,0.454079],"extended":false,"handId":371,"id":3712,"length":66.2798,"mcpPosition":[-21.9815,243.939,-2.23059],"pipPosition":[-33.9413,217.372,-39.9707],"stabilizedTipPosition":[-20.2011,181.632,-29.1483],"timeVisible":17.5367,"tipPosition":[-30.5662,186.273,-14.0779],"tipVelocity":[-117.241,22.2664,178.212],"tool":false,"touchDistance":0.333333,"touchZone":"none","type":2,"width":18.7912},{"bases":[[[0.955442,-0.242484,-0.168323],[0.294637,0.748879,0.593607],[-0.0178864,-0.616751,0.786955]],[[0.955571,-0.225324,-0.190035],[0.0552269,0.770152,-0.635465],[0.289541,0.596737,0.748379]],[[0.955571,-0.225324,-0.190035],[-0.280291,-0.495084,-0.822392],[0.0912213,0.839119,-0.536244]],[[0.955571,-0.225324,-0.190035],[-0.278592,-0.900993,-0.332565],[-0.0962853,0.370731,-0.923736]]],"btipPosition":[-13.4871,183.108,-2.02991],"carpPosition":[-1.07893,201.111,48.0392],"dipPosition":[-15.2666,189.959,-19.1018],"direction":[-0.0912213,-0.839119,0.536244],"extended":false,"handId":371,"id":3713,"length":63.7298,"mcpPosition":[0.0293281,239.325,-0.72109],"pipPosition":[-12.767,212.953,-33.7958],"stabilizedTipPosition":[-4.10262,180.347,-19.7802],"timeVisible":17.5367,"tipPosition":[-13.9282,184.765,-5.67905],"tipVelocity":[-108.824,18.6251,162.807],"tool":false,"touchDistance":0.333333,"touchZone":"none","type":3,"width":17.881},{"bases":[[[0.885046,-0.432617,-0.171862],[0.436911,0.644598,0.627378],[-0.160633,-0.630346,0.759513]],[[0.8384,-0.544509,-0.0244143],[0.422137,0.677011,-0.602874],[0.344799,0.495143,0.797463]],[[0.8384,-0.544509,-0.0244143],[-0.289718,-0.407253,-0.866146],[0.461681,0.73325,-0.499195]],[[0.8384,-0.544509,-0.0244143],[-0.51166,-0.770804,-0.37956],[0.187855,0.330715,-0.924845]]],"btipPosition":[-4.88545,193.416,-3.31162],"carpPosition":[10.0957,194.404,42.7169],"dipPosition":[-1.68254,199.054,-19.0801],"direction":[-0.461681,-0.73325,0.499195],"extended":false,"handId":371,"id":3714,"length":49.963,"mcpPosition":[19.3091,230.558,-0.84602],"pipPosition":[7.24946,213.24,-28.7379],"stabilizedTipPosition":[5.83513,190.288,-20.6796],"timeVisible":17.5367,"tipPosition":[-4.01155,194.759,-6.79185],"tipVelocity":[-110.677,19.5215,158.424],"tool":false,"touchDistance":0.333333,"to