{"sensorType":"Leap","data":[[0,{"currentFrameRate":105.324,"devices":[],"gestures":[],"hands":[{"armBasis":[[0.894442,-0.130927,-0.427589],[0.24271,0.945222,0.218283],[0.375587,-0.299022,0.877223]],"armWidth":63.029,"confidence":0.831684,"direction":[0.00182772,0.732402,-0.68087],"elbow":[82.8344,148.039,290.892],"grabStrength":0,"id":371,"palmNormal":[-0.288093,-0.651618,-0.701709],"palmPosition":[-25.8282,265.724,18.8252],"palmVelocity":[102.278,288.206,-182.7],"palmWidth":90.0033,"pinchStrength":0.5634,"r":[[0.942673,-0.024443,0.332821],[-0.108885,0.920207,0.375984],[-0.315454,-0.390669,0.864793]],"s":1.14873,"sphereCenter":[-49.0474,254.536,-22.2924],"sphereRadius":46.4876,"stabilizedPalmPosition":[-31.6817,253.701,27.0315],"t":[49.0202,88.6365,-98.5405],"timeVisible":15.4048,"type":"right","wrist":[-17.4744,227.899,56.61]}],"id":1199124,"interactionBox":{"center":[0,200,0],"size":[235.247,235.247,147.751]},"pointables":[{"bases":[[[0.643371,0.646292,0.410341],[-0.642545,0.164478,0.748387],[0.416184,-0.745153,0.521093]],[[0.370856,0.92143,0.115897],[-0.654243,0.170646,0.736781],[0.659115,-0.349064,0.666125]],[[0.370856,0.92143,0.115897],[-0.910414,0.336078,0.241243],[0.183338,-0.194981,0.963519]],[[0.370856,0.92143,0.115897],[-0.928406,0.370935,0.0216918],[-0.0230028,-0.115644,0.993024]]],"btipPosition":[-85.7569,250.515,-31.0398],"carpPosition":[-47.5616,224.026,57.3348],"dipPosition":[-86.2895,247.838,-8.05151],"direction":[-0.183338,0.194981,-0.963519],"extended":false,"handId":371,"id":3710,"length":51.5512,"mcpPosition":[-47.5616,224.026,57.3348],"pipPosition":[-80.1062,241.262,24.444],"stabilizedTipPosition":[-92.9299,236.545,-15.2458],"timeVisible":15.4048,"tipPosition":[-85.1079,249.761,-25.9024],"tipVelocity":[118.837,285.832,-207.023],"tool":false,"touchDistance":-0.469553,"touchZone":"hovering","type":0,"width":20.0304},{"bases":[[[0.944313,-0.0716623,-0.32115],[0.261323,0.756429,0.599604],[0.199958,-0.650138,0.733033]],[[0.932079,-0.0362967,-0.360433],[0.208156,0.867972,0.450883],[0.29648,-0.495285,0.816573]],[[0.932079,-0.0362967,-0.360433],[0.136945,0.956438,0.257823],[0.335374,-0.289671,0.896446]],[[0.932079,-0.0362967,-0.360433],[0.0788941,0.991424,0.10418],[0.353561,-0.12554,0.926949]]],"btipPosition":[-75.4747,320.213,-63.1176],"carpPosition":[-34.3305,242.806,62.0263],"dipPosition":[-69.4994,318.092,-47.4519],"direction":[-0.335374,0.289671,-0.896446],"extended":true,"handId":371,"id":3711,"length":58.1698,"mcpPosition":[-48.8818,290.118,8.68216],"pipPosition":[-61.4812,311.166,-26.0194],"stabilizedTipPosition":[-75.2303,316.711,-58.1792],"timeVisible":15.4048,"tipPosition":[-74.3756,317.075,-59.8422],"tipVelocity":[171.608,436.669,-186.139],"tool":false,"touchDistance":0.273664,"touchZone":"hovering","type":1,"width":19.133},{"bases":[[[0.904168,-0.286735,-0.316643],[0.421535,0.718967,0.552626],[0.0691983,-0.633143,0.770936]],[[0.904054,-0.285701,-0.317901],[0.123864,0.886979,-0.444889],[0.409077,0.362827,0.837265]],[[0.904054,-0.285701,-0.317901],[-0.396159,-0.280899,-0.874159],[0.16045,0.916226,-0.367131]],[[0.904054,-0.285701,-0.317901],[-0.398204,-0.83325,-0.383571],[-0.155305,0.473359,-0.867071]]],"btipPosition":[-48.5348,235.42,-7.93894],"carpPosition":[-22.6292,243.595,58.7393],"dipPosition":[-51.4217,244.219,-24.0562],"direction":[-0.16045,-0.916226,0.367131],"extended":false,"handId":371,"id":3712,"length":66.2798,"mcpPosition":[-27.4047,287.29,5.53597],"pipPosition":[-46.9085,269.991,-34.3829],"stabilizedTipPosition":[-55.2779,226.119,-3.03472],"timeVisible":15.4048,"tipPosition":[-49.1967,237.243,-11.4948],"tipVelocity":[112.633,282.422,-187.528],"tool":false,"touchDistance":0.333333,"touchZone":"none","type":2,"width":18.7912},{"bases":[[[0.870129,-0.43016,-0.240494],[0.487047,0.676094,0.552885],[-0.0752321,-0.598214,0.797797]],[[0.865269,-0.459583,-0.200233],[0.304082,0.798717,-0.519215],[0.398552,0.388374,0.830856]],[[0.865269,-0.459583,-0.200233],[-0.368138,-0.311415,-0.876068],[0.34027,0.831748,-0.438648]],[[0.865269,-0.459583,-0.200233],[-0.501285,-0.789433,-0.354272],[0.00474666,0.406914,-0.913454]]],"btipPosition":[-33.7408,230.872,-2.47334],"carpPosition":[-11.3765,241.282,54.777],"dipPosition":[-33.6531,238.393,-19.3552],"direction":[-0.34027,-0.831748,0.438648],"extended":false,"handId":371,"id":3713,"length":63.7298,"mcpPosition":[-6.71509,278.348,5.34488],"pipPosition":[-24.3291,261.184,-31.3749],"stabilizedTipPosition":[-39.0663,222.295,0.87434],"timeVisible":15.4048,"tipPosition":[-33.7756,232.472,-6.49575],"tipVelocity":[111.212,281.869,-171.966],"tool":false,"touchDistance":0.333333,"touchZone":"none","type":3,"width":17.881},{"bases":[[[0.763058,-0.602263,-0.234566],[0.607882,0.545433,0.577046],[-0.219593,-0.582908,0.782302]],[[0.691535,-0.7208,-0.0471778],[0.623392,0.628525,-0.465123],[0.364913,0.292239,0.883988]],[[0.691535,-0.7208,-0.0471778],[-0.29815,-0.225336,-0.92754],[0.65794,0.655493,-0.370734]],[[0.691535,-0.7208,-0.0471778],[-0.667681,-0.612917,-0.422534],[0.275647,0.323697,-0.905118]]],"btipPosition":[-19.8511,237.461,-4.48508],"carpPosition":[-2.25433,232.449,48.6985],"dipPosition":[-15.1514,242.98,-19.9172],"direction":[-0.65794,-0.655493,0.370734],"extended":false,"handId":371,"id":3714,"length":49.963,"mcpPosition":[10.3407,265.883,3.82843],"pipPosition":[-2.42238,255.661,-27.0897],"stabilizedTipPosition":[-23.8529,228.9,-1.00438],"timeVisible":15.4048,"tipPosition":[-18.8588,238.605,-7.89252],"tipVelocity":[112.921,280.823,-176.804],"tool":false,"touchDistance":0.333333,"touchZone":"none","type":4,"width":15.8833}],"r":[[0.942673,-0.024443,0.332821],[-0.108885,0.920207,0.375984],[-0.315454,-0.390669,0.864793]],"s":1.14873,"t":[49.0202,88.6365,-98.5405],"timestamp":15625321577},false],[1,{"currentFrameRate":105.369,"devices":[],"gestures":[],"hands":[{"armBasis":[[0.899286,-0.135411,-0.415872],[0.246374,0.942485,0.22588],[0.361366,-0.30559,0.880925]],"armWidth":63.029,"confidence":0.839575,"direction":[0.00287623,0.727987,-0.685585],"elbow":[79.8347,148.172,290.669],"grabStrength":0,"id":371,"palmNormal":[-0.289151,-0.655696,-0.697463],"palmPosition":[-24.9761,267.38,17.3709],"palmVelocity":[98.9461,256.236,-174.688],"palmWidth":90.0033,"pinchStrength":0.563388,"r":[[0.941377,-0.0255523,0.336388],[-0.107787,0.922082,0.371682],[-0.319675,-0.386151,0.865272]],"s":1.15523,"sphereCenter":[-48.7407,256.586,-23.3252],"sphereRadius":46.5604,"stabilizedPalmPosition":[-30.0589,257.011,24.6936],"t":[49.8799,90.9472,-100.145],"timeVisible":15.4142,"type":"right","wrist":[-16.6762,229.787,55.3984]}],"id":1199125,"interactionBox":{"center":[0,200,0],"size":[235.247,235.247,147.751]},"pointables":[{"bases":[[[0.644393,0.647948,0.406105],[-0.642222,0.170284,0.747365],[0.415101,-0.742406,0.525856]],[[0.372433,0.921508,0.110077],[-0.653888,0.176387,0.735743],[0.658577,-0.345993,0.668255]],[[0.372433,0.921508,0.110077],[-0.909828,0.339145,0.239152],[0.183048,-0.189219,0.964723]],[[0.372433,0.921508,0.110077],[-0.927794,0.372534,0.0204222],[-0.0221881,-0.109734,0.993713]]],"btipPosition":[-84.947,251.971,-32.3856],"carpPosition":[-46.7691,225.965,56.1508],"dipPosition":[-85.4607,249.43,-9.3813],"direction":[-0.183048,0.189219,-0.964723],"extended":false,"handId":371,"id":3710,"length":51.5512,"mcpPosition":[-46.7691,225.965,56.1508],"pipPosition":[-79.2872,243.049,23.1548],"stabilizedTipPosition":[-91.1107,239.978,-17.9866],"timeVisible":15.4142,"tipPosition":[-84.3089,251.239,-27.2413],"tipVelocity":[109.637,249.426,-188.679],"tool":false,"touchDistance":-0.471063,"touchZone":"hovering","type":0,"width":20.0304},{"bases":[[[0.944172,-0.0751706,-0.320762],[0.26253,0.759886,0.594686],[0.19904,-0.645696,0.737197]],[[0.932172,-0.0405196,-0.359741],[0.214157,0.86291,0.457736],[0.291877,-0.50373,0.813058]],[[0.932172,-0.0405196,-0.359741],[0.147592,0.949918,0.275451],[0.330563,-0.309862,0.891467]],[[0.932172,-0.0405196,-0.359741],[0.0928845,0.987221,0.129489],[0.349897,-0.15412,0.924023]]],"btipPosition":[-74.2139,323.163,-64.4093],"carpPosition":[-33.509,244.755,60.7198],"dipPosition":[-68.3005,320.558,-48.793],"direction":[-0.330563,0.309862,-0.891467],"extended":true,"handId":371,"id":3711,"length":58.1698,"mcpPosition":[-47.9935,291.743,7.07263],"pipPosition":[-60.3973,313.15,-27.4795],"stabilizedTipPosition":[-73.8036,320.225,-59.7631],"timeVisible":15.4142,"tipPosition":[-73.1668,319.909,-61.1936],"tipVelocity":[160.466,398.215,-172.566],"tool":false,"touchDistance":0.275803,"touchZone":"hovering","type":1,"width":19.133},{"bases":[[[0.903701,-0.290149,-0.314863],[0.422681,0.721877,0.547937],[0.0683093,-0.628257,0.775001]],[[0.903583,-0.28908,-0.316181],[0.1253,0.884082,-0.450221],[0.409679,0.367194,0.835064]],[[0.903583,-0.28908,-0.316181],[-0.396621,-0.285465,-0.872469],[0.161955,0.913752,-0.372596]],[[0.903583,-0.28908,-0.316181],[-0.39955,-0.83494,-0.378463],[-0.154586,0.468303,-0.86994]]],"btipPosition":[-47.7356,236.948,-9.21999],"carpPosition":[-21.8069,245.505,57.4268],"dipPosition":[-50.609,245.653,-25.3906],"direction":[-0.161955,-0.913752,0.372596],"extended":false,"handId":371,"id":3712,"length":66.2798,"mcpPosition":[-26.521,288.862,3.9429],"pipPosition":[-46.0536,271.355,-35.871],"stabilizedTipPosition":[-53.6073,229.234,-5.43934],"timeVisible":15.4142,"tipPosition":[-48.3931,238.75,-12.7808],"tipVelocity":[104.84,247.553,-173.264],"tool":false,"touchDistance":0.333333,"touchZone":"none","type":2,"width":18.7912},{"bases":[[[0.869451,-0.433026,-0.237787],[0.488128,0.678907,0.548467],[-0.0760652,-0.592936,0.801649]],[[0.864568,-0.462093,-0.197463],[0.305681,0.7955,-0.523201],[0.398849,0.391982,0.829017]],[[0.864568,-0.462093,-0.197463],[-0.368363,-0.315503,-0.874509],[0.341805,0.828811,-0.442992]],[[0.864568,-0.462093,-0.197463],[-0.502486,-0.790751,-0.349601],[0.00540429,0.401476,-0.915854]]],"btipPosition":[-32.9381,232.434,-3.7658],"carpPosition":[-10.5581,243.149,53.4785],"dipPosition":[-32.8382,239.853,-20.6921],"direction":[-0.341805,-0.828811,0.442992],"extended":false,"handId":371,"id":3713,"length":63.7298,"mcpPosition":[-5.84505,279.888,3.80776],"pipPosition":[-23.4722,262.564,-32.8307],"stabilizedTipPosition":[-37.4975,225.316,-1.30192],"timeVisible":15.4142,"tipPosition":[-32.9707,234.001,-7.76816],"tipVelocity":[103.92,248.131,-162.42],"tool":false,"touchDistance":0.333333,"touchZone":"none","type":3,"width":17.881},{"bases":[[[0.762119,-0.604925,-0.230739],[0.608766,0.548221,0.57346],[-0.220404,-0.577511,0.786068]],[[0.691073,-0.721449,-0.0439226],[0.619795,0.62277,-0.477505],[0.37185,0.302768,0.87753]],[[0.691073,-0.721449,-0.0439226],[-0.305411,-0.236394,-0.922411],[0.65509,0.650868,-0.383704]],[[0.691073,-0.721449,-0.0439226],[-0.670044,-0.616674,-0.413224],[0.271034,0.314998,-0.909569]]],"btipPosition":[-19.109,238.834,-5.39049],"carpPosition":[-1.44994,234.263,47.4564],"dipPosition":[-14.4879,244.205,-20.8985],"direction":[-0.65509,-0.650868,0.383704],"extended":false,"handId":371,"id":3714,"length":49.963,"mcpPosition":[11.1917,267.387,2.37035],"pipPosition":[-1.81407,256.797,-28.3219],"stabilizedTipPosition":[-22.3981,231.698,-2.99686],"timeVisible":15.4142,"tipPosition":[-18.0898,240.007,-8.95396],"tipVelocity":[102.672,241.37,-154.372],"tool":false,"touchDistance":0.333333,"touchZone":"none","type":4,"width":15.8833}],"r":[[0.941377,-0.0255523,0.336388],[-0.107787,0.922082,0.371682],[-0.319675,-0.386151,0.865272]],"s":1.15523,"t":[49.8799,90.9472,-100.145],"timestamp":15625330984},false],[2,{"currentFrameRate":105.371,"devices":[],"gestures":[],"hands":[{"armBasis":[[0.900872,-0.152566,-0.40639],[0.259073,0.940151,0.221355],[0.348297,-0.304698,0.886481]],"armWidth":63.029,"confidence":0.842399,"direction":[0.0113336,0.720882,-0.692965],"elbow":[76.8453,151.05,290.121],"grabStrength":0,"id":371,"palmNormal":[-0.29787,-0.659114,-0.690538],"palmPosition":[-24.0399,269.731,14.9645],"palmVelocity":[98.8696,253.817,-197.357],"palmWidth":90.0033,"pinchStrength":0.562177,"r":[[0.940311,-0.0280778,0.339155],[-0.104537,0.924577,0.366373],[-0.323862,-0.379959,0.866455]],"s":1.16125,"sphereCenter":[-48.4145,259.395,-25.3102],"sphereRadius":46.6202,"stabilizedPalmPosition":[-28.5492,260.202,22.2533],"t":[50.7778,93.278,-102.151],"timeVisible":15.4237,"type":"right","wrist":[-16.1751,232.427,53.3669]}],"id":1199126,"interactionBox":{"center":[0,200,0],"size":[235.247,235.247,147.751]},"pointables":[{"bases":[[[0.652738,0.643987,0.399016],[-0.639419,0.185849,0.746059],[0.406295,-0.742119,0.533088]],[[0.384131,0.917782,0.100598],[-0.650907,0.191924,0.734497],[0.654801,-0.347623,0.671114]],[[0.384131,0.917782,0.100598],[-0.905262,0.352973,0.236453],[0.181504,-0.181896,0.966421]],[[0.384131,0.917782,0.100598],[-0.923056,0.384144,0.0200208],[-0.0202693,-0.100548,0.994726]]],"btipPosition":[-84.2964,254.613,-34.5782],"carpPosition":[-46.3126,228.987,54.18],"dipPosition":[-84.7656,252.286,-11.5505],"direction":[-0.181504,0.181896,-0.966421],"extended":false,"handId":371,"id":3710,"length":51.5512,"mcpPosition":[-46.3126,228.987,54.18],"pipPosition":[-78.6442,246.151,21.0429],"stabilizedTipPosition":[-89.485,243.396,-20.7246],"timeVisible":15.4237,"tipPosition":[-83.6603,253.908,-29.4256],"tipVelocity":[98.1597,259.268,-200.7],"tool":false,"touchDistance":-0.485098,"touchZone":"hovering","type":0,"width":20.0304},{"bases":[[[0.942891,-0.0901608,-0.320667],[0.272457,0.762575,0.586725],[0.191633,-0.640586,0.74359]],[[0.931439,-0.0561623,-0.359537],[0.229287,0.857798,0.460011],[0.282575,-0.51091,0.811864]],[[0.931439,-0.0561623,-0.359537],[0.167758,0.943037,0.287296],[0.322921,-0.327914,0.887803]],[[0.931439,-0.0561623,-0.359537],[0.116504,0.982038,0.148422],[0.344743,-0.180134,0.921251]]],"btipPosition":[-72.3169,326.868,-66.8613],"carpPosition":[-32.8162,247.656,58.5478],"dipPosition":[-66.4907,323.824,-51.2919],"direction":[-0.322921,0.327914,-0.887803],"extended":true,"handId":371,"id":3711,"length":58.1698,"mcpPosition":[-46.7617,294.272,4.43538],"pipPosition":[-58.7702,315.984,-30.066],"stabilizedTipPosition":[-72.0962,323.815,-61.8875],"timeVisible":15.4237,"tipPosition":[-71.3475,323.549,-63.6853],"tipVelocity":[171.195,392.965,-197.55],"tool":false,"touchDistance":0.262397,"touchZone":"hovering","type":1,"width":19.133},{"bases":[[[0.899758,-0.304548,-0.312549],[0.432083,0.722105,0.540249],[0.0611617,-0.62114,0.781309]],[[0.899652,-0.303486,-0.313884],[0.135876,0.877827,-0.4593],[0.414927,0.370561,0.830975]],[[0.899652,-0.303486,-0.313884],[-0.400889,-0.28939,-0.869219],[0.17296,0.907827,-0.382014]],[[0.899652,-0.303486,-0.313884],[-0.41021,-0.833725,-0.369636],[-0.149514,0.461302,-0.874555]]],"btipPosition":[-47.1979,239.315,-11.2977],"carpPosition":[-21.1085,248.227,55.2388],"dipPosition":[-49.9771,247.89,-27.5541],"direction":[-0.17296,-0.907827,0.382014],"extended":false,"handId":371,"id":3712,"length":66.2798,"mcpPosition":[-25.3293,291.093,1.31955],"pipPosition":[-45.1121,273.425,-38.2994],"stabilizedTipPosition":[-52.1567,232.264,-7.85204],"timeVisible":15.4237,"tipPosition":[-47.8363,241.09,-14.8772],"tipVelocity":[91.6673,247.207,-186.993],"tool":false,"touchDistance":0.333333,"touchZone":"none","type":2,"width":18.7912},{"bases":[[[0.863802,-0.446197,-0.233997],[0.496992,0.678333,0.541169],[-0.0827402,-0.583757,0.807701]],[[0.858584,-0.474829,-0.193317],[0.319825,0.790785,-0.521891],[0.400681,0.38626,0.830818]],[[0.858584,-0.474829,-0.193317],[-0.368688,-0.309855,-0.87639],[0.356235,0.823728,-0.4411]],[[0.858584,-0.474829,-0.193317],[-0.51249,-0.784828,-0.348424],[0.0137209,0.398224,-0.917185]]],"btipPosition":[-32.4897,234.859,-6.41958],"carpPosition":[-9.89322,245.691,51.3065],"dipPosition":[-32.2361,242.219,-23.3704],"direction":[-0.356235,-0.823728,0.4411],"extended":false,"handId":371,"id":3713,"length":63.7298,"mcpPosition":[-4.76657,281.861,1.26077],"pipPosition":[-22.4747,264.791,-35.4573],"stabilizedTipPosition":[-36.1799,228.238,-3.6469],"timeVisible":15.4237,"tipPosition":[-32.4697,236.362,-10.1982],"tipVelocity":[88.7245,249.885,-196.268],"tool":false,"touchDistance":0.333333,"touchZone":"none","type":3,"width":17.881},{"bases":[[[0.754349,-0.616668,-0.225121],[0.616019,0.546419,0.567404],[-0.22689,-0.566699,0.792069]],[[0.683609,-0.728729,-0.0404038],[0.618983,0.608211,-0.49693],[0.386701,0.314696,0.86685]],[[0.683609,-0.728729,-0.0404038],[-0.320007,-0.249519,-0.913967],[0.655953,0.637726,-0.403772]],[[0.683609,-0.728729,-0.0404038],[-0.679778,-0.615584,-0.398695],[0.265669,0.300017,-0.916193]]],"btipPosition":[-18.633,240.676,-6.94775],"carpPosition":[-0.901285,236.632,45.3686],"dipPosition":[-14.1034,245.791,-22.5687],"direction":[-0.655953,-0.637726,0.403772],"extended":false,"handId":371,"id":3714,"length":49.963,"mcpPosition":[12.1123,269.136,-0.0616482],"pipPosition":[-1.41287,258.129,-30.3804],"stabilizedTipPosition":[-21.1534,234.328,-4.95017],"timeVisible":15.4237,"tipPosition":[-17.5752,241.878,-10.7255],"tipVelocity":[86.9643,226.016,-157.964],"tool":false,"touchDistance":0.333333,"touchZone":"none","type":4,"width":15.8833}],"r":[[0.940311,-0.0280778,0.339155],[-0.104537,0.924577,0.366373],[-0.323862,-0.379959,0.866455]],"s":1.16125,"t":[50.7778,93.278,-102.151],"timestamp":15625340471},false],[3,{"currentFrameRate":105.369,"devices":[],"gestures":[],"hands":[{"armBasis":[[0.900777,-0.159498,-0.403931],[0.264824,0.938906,0.219824],[0.344192,-0.304984,0.887985]],"armWidth":63.029,"confidence":0.846676,"direction":[0.0159106,0.716901,-0.696993],"elbow":[76.3793,152.844,289.268],"grabStrength":0,"id":371,"palmNormal":[-0.301161,-0.661274,-0.687037],"palmPosition":[-23.1708,271.429,13.4949],"palmVelocity":[96.7606,232.263,-185.126],"palmWidth":90.0033,"pinchStrength":0.559676,"r":[[0.939363,-0.0307729,0.34154],[-0.10091,0.927064,0.361068],[-0.327741,-0.373639,0.867744]],"s":1.16639,"sphereCenter":[-47.766,261.29,-26.642],"sphereRadius":46.6866,"stabilizedPalmPosition":[-27.1855,263.048,20.0326],"t":[51.6613,95.2922,-103.889],"timeVisible":15.4332,"type":"right","wrist":[-15.5448,234.296,52.1116]}],"id":1199127,"interactionBox":{"center":[0,200,0],"size":[235.247,235.247,147.751]},"pointables":[{"bases":[[[0.656133,0.642487,0.395853],[-0.638849,0.193679,0.744554],[0.401698,-0.741417,0.537531]],[[0.389984,0.915761,0.0964029],[-0.650104,0.199674,0.73314],[0.652133,-0.348585,0.67321]],[[0.389984,0.915761,0.0964029],[-0.903122,0.359958,0.234094],[0.179673,-0.178357,0.967423]],[[0.389984,0.915761,0.0964029],[-0.920677,0.389634,0.0232113],[-0.0163059,-0.097808,0.995072]]],"btipPosition":[-83.5839,256.524,-35.9807],"carpPosition":[-45.7019,231.033,52.9228],"dipPosition":[-83.9614,254.26,-12.945],"direction":[-0.179673,0.178357,-0.967423],"extended":false,"handId":371,"id":3710,"length":51.5512,"mcpPosition":[-45.7019,231.033,52.9228],"pipPosition":[-77.9018,248.245,19.6822],"stabilizedTipPosition":[-88.0323,246.546,-23.2126],"timeVisible":15.4332,"tipPosition":[-82.9397,255.789,-30.8231],"tipVelocity":[92.1546,243.041,-185.42],"tool":false,"touchDistance":-0.485931,"touchZone":"hovering","type":0,"width":20.0304},{"bases":[[[0.942577,-0.0973341,-0.319492],[0.276409,0.764294,0.582626],[0.187477,-0.63748,0.747309]],[[0.931562,-0.0640779,-0.357892],[0.236493,0.85445,0.462587],[0.27616,-0.515567,0.811127]],[[0.931562,-0.0640779,-0.357892],[0.178617,0.93803,0.296977],[0.316684,-0.340578,0.885278]],[[0.931562,-0.0640779,-0.357892],[0.130064,0.97794,0.163453],[0.339523,-0.198816,0.919345]]],"btipPosition":[-70.7905,329.452,-68.3606],"carpPosition":[-32.1022,249.649,57.1952],"dipPosition":[-65.0524,326.092,-52.8234],"direction":[-0.316684,0.340578,-0.885278],"extended":true,"handId":371,"id":3711,"length":58.1698,"mcpPosition":[-45.7452,296.04,2.81216],"pipPosition":[-57.481,317.949,-31.6579],"stabilizedTipPosition":[-70.5132,326.748,-63.6358],"timeVisible":15.4332,"tipPosition":[-69.8733,326.155,-65.2026],"tipVelocity":[167.585,356.047,-186.386],"tool":false,"touchDistance":0.260968,"touchZone":"hovering","type":1,"width":19.133},{"bases":[[[0.898215,-0.311423,-0.310202],[0.435832,0.722654,0.53649],[0.0570931,-0.61708,0.784827]],[[0.898116,-0.310363,-0.311548],[0.141185,0.874448,-0.464121],[0.416479,0.372849,0.829174]],[[0.898116,-0.310363,-0.311548],[-0.401953,-0.291979,-0.867861],[0.178387,0.904667,-0.386982]],[[0.898116,-0.310363,-0.311548],[-0.414709,-0.833438,-0.365235],[-0.146301,0.457226,-0.877235]]],"btipPosition":[-46.4842,240.998,-12.6125],"carpPosition":[-20.3892,250.135,53.8913],"dipPosition":[-49.2037,249.497,-28.9188],"direction":[-0.178387,-0.904667,0.386982],"extended":false,"handId":371,"id":3712,"length":66.2798,"mcpPosition":[-24.3292,292.72,-0.270696],"pipPosition":[-44.186,274.944,-39.8038],"stabilizedTipPosition":[-50.8722,234.985,-10.0182],"timeVisible":15.4332,"tipPosition":[-47.1101,242.757,-16.2027],"tipVelocity":[87.3443,226.588,-173.401],"tool":false,"touchDistance":0.333333,"touchZone":"none","type":2,"width":18.7912},{"bases":[[[0.861399,-0.452422,-0.230881],[0.50049,0.678518,0.537702],[-0.0866108,-0.57873,0.810907]],[[0.856001,-0.480751,-0.190107],[0.328925,0.790167,-0.51715],[0.398837,0.380149,0.834515]],[[0.856001,-0.480751,-0.190107],[-0.365888,-0.303596,-0.879747],[0.365224,0.822622,-0.43578]],[[0.856001,-0.480751,-0.190107],[-0.51658,-0.781052,-0.350861],[0.0201933,0.398543,-0.916927]]],"btipPosition":[-31.827,236.664,-8.25751],"carpPosition":[-9.18591,247.513,49.9812],"dipPosition":[-31.4538,244.03,-25.2036],"direction":[-0.365224,-0.822622,0.43578],"extended":false,"handId":371,"id":3713,"length":63.7298,"mcpPosition":[-3.81944,283.372,-0.263193],"pipPosition":[-21.4461,266.571,-37.1447],"stabilizedTipPosition":[-35.0408,230.835,-5.8304],"timeVisible":15.4332,"tipPosition":[-31.7689,238.127,-11.8512],"tipVelocity":[84.119,232.746,-195.459],"tool":false,"touchDistance":0.333333,"touchZone":"none","type":3,"width":17.881},{"bases":[[[0.75097,-0.622213,-0.221125],[0.618745,0.546077,0.564761],[-0.23065,-0.560938,0.795078]],[[0.679512,-0.732784,-0.0359234],[0.622765,0.601992,-0.499769],[0.387849,0.317227,0.865413]],[[0.679512,-0.732784,-0.0359234],[-0.320745,-0.252677,-0.91284],[0.659838,0.631808,-0.406734]],[[0.679512,-0.732784,-0.0359234],[-0.682967,-0.613912,-0.395813],[0.267992,0.293494,-0.917628]]],"btipPosition":[-17.9128,242.22,-8.25635],"carpPosition":[-0.241818,238.369,44.1005],"dipPosition":[-13.3435,247.224,-23.9018],"direction":[-0.659838,-0.631808,0.406734],"extended":false,"handId":371,"id":3714,"length":49.963,"mcpPosition":[12.9874,270.543,-1.50228],"pipPosition":[-0.577852,259.447,-31.7708],"stabilizedTipPosition":[-20.0375,236.679,-6.74553],"timeVisible":15.4332,"tipPosition":[-16.8466,243.395,-12.0363],"tipVelocity":[84.0489,207.037,-152.347],"tool":false,"touchDistance":0.333333,"touchZone":"none","type":4,"width":15.8833}],"r":[[0.939363,-0.0307729,0.34154],[-0.10091,0.927064,0.361068],[-0.327741,-0.373639,0.867744]],"s":1.16639,"t":[51.6613,95.2922,-103.889],"timestamp":15625349966},false],[4,{"currentFrameRate":105.441,"devices":[],"gestures":[],"hands":[{"armBasis":[[0.901559,-0.163063,-0.400752],[0.270659,0.935196,0.228368],[0.337543,-0.314354,0.887269]],"armWidth":63.029,"confidence":0.851083,"direction":[0.0157236,0.711713,-0.702294],"elbow":[75.3854,151.988,288.056],"grabStrength":0,"id":371,"palmNormal":[-0.305231,-0.665437,-0.681196],"palmPosition":[-22.4068,272.812,12.2266],"palmVelocity":[92.4949,208.366,-171.094],"palmWidth":90.0033,"pinchStrength":0.560473,"r":[[0.938792,-0.0329519,0.342906],[-0.097229,0.929598,0.355519],[-0.33048,-0.367099,0.869495]],"s":1.17039,"sphereCenter":[-47.2298,262.568,-27.7091],"sphereRadius":46.7085,"stabilizedPalmPosition":[-25.9991,265.472,18.0946],"t":[52.485,96.9912,-105.392],"timeVisible":15.4425,"type":"right","wrist":[-14.7631,235.943,51.091]}],"id":1199128,"interactionBox":{"center":[0,200,0],"size":[235.247,235.247,147.751]},"pointables":[{"bases":[[[0.659217,0.643495,0.389034],[-0.635916,0.200973,0.745131],[0.401302,-0.738596,0.541694]],[[0.393699,0.914898,0.0892322],[-0.647227,0.206959,0.733665],[0.652761,-0.346597,0.673627]],[[0.393699,0.914898,0.0892322],[-0.901226,0.365039,0.233532],[0.181085,-0.17236,0.968246]],[[0.393699,0.914898,0.0892322],[-0.919196,0.392764,0.0285475],[-0.00892914,-0.093261,0.995602]]],"btipPosition":[-83.0581,257.858,-36.9423],"carpPosition":[-44.9266,232.772,52.0218],"dipPosition":[-83.2648,255.699,-13.8943],"direction":[-0.181085,0.17236,-0.968246],"extended":false,"handId":371,"id":3710,"length":51.5512,"mcpPosition":[-44.9266,232.772,52.0218],"pipPosition":[-77.1575,249.886,18.7606],"stabilizedTipPosition":[-86.7986,249.254,-25.3233],"timeVisible":15.4425,"tipPosition":[-82.4074,257.108,-31.7743],"tipVelocity":[83.1618,215.3,-161.918],"tool":false,"touchDistance":-0.480053,"touchZone":"hovering","type":0,"width":20.0304},{"bases":[[[0.941272,-0.102379,-0.321755],[0.280438,0.767758,0.57611],[0.188048,-0.632508,0.75138]],[[0.930378,-0.0697781,-0.359899],[0.241411,0.855427,0.458221],[0.275893,-0.513202,0.812716]],[[0.930378,-0.0697781,-0.359899],[0.184657,0.937284,0.295636],[0.316698,-0.341512,0.884914]],[[0.930378,-0.0697781,-0.359899],[0.136923,0.976815,0.164572],[0.340071,-0.202393,0.918362]]],"btipPosition":[-69.9886,330.804,-69.7802],"carpPosition":[-31.2605,251.38,56.114],"dipPosition":[-64.2413,327.383,-54.2596],"direction":[-0.316698,0.341512,-0.884914],"extended":true,"handId":371,"id":3711,"length":58.1698,"mcpPosition":[-44.9451,297.409,1.43479],"pipPosition":[-56.6696,319.218,-33.1028],"stabilizedTipPosition":[-69.4297,328.666,-65.1466],"timeVisible":15.4425,"tipPosition":[-69.0766,327.62,-66.601],"tipVelocity":[144.445,295.647,-176.701],"tool":false,"touchDistance":0.254308,"touchZone":"hovering","type":1,"width":19.133},{"bases":[[[0.896332,-0.316266,-0.310749],[0.439595,0.725323,0.529776],[0.0578435,-0.611459,0.789159]],[[0.896221,-0.315108,-0.312243],[0.143109,0.87161,-0.468845],[0.419891,0.375504,0.82625]],[[0.896221,-0.315108,-0.312243],[-0.405147,-0.294734,-0.865441],[0.180678,0.90213,-0.391812]],[[0.896221,-0.315108,-0.312243],[-0.418475,-0.834101,-0.35938],[-0.147199,0.45275,-0.879403]]],"btipPosition":[-45.914,242.311,-13.7177],"carpPosition":[-19.5567,251.808,52.7696],"dipPosition":[-48.6501,250.727,-30.0643],"direction":[-0.180678,-0.90213,0.391812],"extended":false,"handId":371,"id":3712,"length":66.2798,"mcpPosition":[-23.5486,294.005,-1.69147],"pipPosition":[-43.568,276.102,-41.0852],"stabilizedTipPosition":[-49.793,237.294,-11.8777],"timeVisible":15.4425,"tipPosition":[-46.5352,244.041,-17.2738],"tipVelocity":[79.7532,201.583,-158.029],"tool":false,"touchDistance":0.333333,"touchZone":"none","type":2,"width":18.7912},{"bases":[[[0.859368,-0.456572,-0.230278],[0.50413,0.681012,0.531107],[-0.0856668,-0.572507,0.815412]],[[0.854028,-0.484552,-0.189331],[0.329291,0.785258,-0.524344],[0.402746,0.385459,0.830191]],[[0.854028,-0.484552,-0.189331],[-0.369691,-0.309228,-0.876189],[0.366013,0.818283,-0.443224]],[[0.854028,-0.484552,-0.189331],[-0.519905,-0.782152,-0.343418],[0.0183185,0.391723,-0.919901]]],"btipPosition":[-31.2328,237.901,-9.22452],"carpPosition":[-8.37349,249.126,48.8433],"dipPosition":[-30.8942,245.141,-26.2256],"direction":[-0.366013,-0.818283,0.443224],"extended":false,"handId":371,"id":3713,"length":63.7298,"mcpPosition":[-3.06551,284.599,-1.68024],"pipPosition":[-20.8649,267.563,-38.3706],"stabilizedTipPosition":[-34.0811,232.992,-7.63443],"timeVisible":15.4425,"tipPosition":[-31.1811,239.346,-12.8401],"tipVelocity":[78.0453,203.386,-169.743],"tool":false,"touchDistance":0.333333,"touchZone":"none","type":3,"width":17.881},{"bases":[[[0.748488,-0.62597,-0.218922],[0.622094,0.548435,0.558764],[-0.229705,-0.554419,0.79991]],[[0.677382,-0.734898,-0.0328431],[0.622802,0.596676,-0.506058],[0.391498,0.32234,0.861874]],[[0.677382,-0.734898,-0.0328431],[-0.324367,-0.258313,-0.909978],[0.660257,0.627056,-0.413353]],[[0.677382,-0.734898,-0.0328431],[-0.685925,-0.614849,-0.389189],[0.265821,0.286158,-0.920572]]],"btipPosition":[-17.2982,243.428,-9.33024],"carpPosition":[0.525755,239.913,43.0017],"dipPosition":[-12.7659,248.307,-25.0259],"direction":[-0.660257,-0.627056,0.413353],"extended":false,"handId":371,"id":3714,"length":49.963,"mcpPosition":[13.7008,271.713,-2.87822],"pipPosition":[0.00786162,260.439,-33.0229],"stabilizedTipPosition":[-19.0837,238.664,-8.30786],"timeVisible":15.4425,"tipPosition":[-16.2423,244.574,-13.1183],"tipVelocity":[78.5969,184.096,-142.065],"tool":false,"touchDistance":0.333333,"touchZone":"none","type":4,"width":15.8833}],"r":[[0.938792,-0.0329519,0.342906],[-0.097229,0.929598,0.355519],[-0.33048,-0.367099,0.869495]],"s":1.17039,"t":[52.485,96.9912,-105.392],"timestamp":15625359316},false],[5,{"currentFrameRate":105.474,"devices":[],"gestures":[],"hands":[{"armBasis":[[0.89943,-0.172935,-0.401397],[0.281245,0.931994,0.228667],[0.334555,-0.318561,0.8869]],"armWidth":63.029,"confidence":0.856028,"direction":[0.024026,0.70687,-0.706935],"elbow":[74.6166,153.163,286.089],"grabStrength":0,"id":371,"palmNormal":[-0.311589,-0.66662,-0.677148],"palmPosition":[-21.9444,274.934,10.1084],"palmVelocity":[80.108,213.174,-186.437],"palmWidth":90.0033,"pinchStrength":0.560505,"r":[[0.938176,-0.0362319,0.344258],[-0.0923644,0.932249,0.349828],[-0.33361,-0.359997,0.871267]],"s":1.1738,"sphereCenter":[-46.9643,264.889,-29.7056],"sphereRadius":46.7473,"stabilizedPalmPosition":[-25.0134,267.772,16.1532],"t":[53.1281,98.9014,-107.202],"timeVisible":15.452,"type":"right","wrist":[-14.7338,238.242,49.2226]}],"id":1199129,"interactionBox":{"center":[0,200,0],"size":[235.247,235.247,147.751]},"pointables":[{"bases":[[[0.665625,0.638992,0.385529],[-0.634514,0.212624,0.743091],[0.392856,-0.739243,0.546977]],[[0.40493,0.910362,0.0852776],[-0.64506,0.218327,0.732278],[0.64802,-0.35153,0.675645]],[[0.40493,0.910362,0.0852776],[-0.897188,0.377615,0.229042],[0.176309,-0.169256,0.969674]],[[0.40493,0.910362,0.0852776],[-0.914332,0.403707,0.031905],[-0.00538203,-0.0908914,0.995846]]],"btipPosition":[-82.7487,260.568,-38.9768],"carpPosition":[-44.9303,235.398,50.1408],"dipPosition":[-82.8733,258.464,-15.9231],"direction":[-0.176309,0.169256,-0.969674],"extended":false,"handId":371,"id":3710,"length":51.5512,"mcpPosition":[-44.9303,235.398,50.1408],"pipPosition":[-76.9272,252.755,16.7799],"stabilizedTipPosition":[-85.7691,252.027,-27.4613],"timeVisible":15.452,"tipPosition":[-82.1228,259.753,-33.8107],"tipVelocity":[69.3733,236.34,-177.305],"tool":false,"touchDistance":-0.490879,"touchZone":"hovering","type":0,"width":20.0304},{"bases":[[[0.940462,-0.1145,-0.320033],[0.287996,0.768505,0.571365],[0.180526,-0.629515,0.755725]],[[0.93017,-0.0826328,-0.357708],[0.251788,0.852673,0.457767],[0.267182,-0.515868,0.813937]],[[0.93017,-0.0826328,-0.357708],[0.197795,0.933637,0.298663],[0.30929,-0.34856,0.884786]],[[0.93017,-0.0826328,-0.357708],[0.15195,0.973621,0.170213],[0.334207,-0.212681,0.91819]]],"btipPosition":[-68.6055,333.548,-72.1306],"carpPosition":[-31.0712,253.886,54.1259],"dipPosition":[-62.9573,329.953,-56.6129],"direction":[-0.30929,0.34856,-0.884786],"extended":true,"handId":371,"id":3711,"length":58.1698,"mcpPosition":[-44.2084,299.697,-0.869649],"pipPosition":[-55.5627,321.62,-35.4592],"stabilizedTipPosition":[-68.2186,330.979,-67.0944],"timeVisible":15.452,"tipPosition":[-67.7574,330.395,-68.9517],"tipVelocity":[144.435,293.194,-197.498],"tool":false,"touchDistance":0.234087,"touchZone":"hovering","type":1,"width":19.133},{"bases":[[[0.893237,-0.327819,-0.307673],[0.44674,0.724077,0.525487],[0.0505139,-0.606834,0.793222]],[[0.893135,-0.326614,-0.309248],[0.153867,0.867918,-0.472274],[0.422653,0.374221,0.825423]],[[0.893135,-0.326614,-0.309248],[-0.406936,-0.293867,-0.864896],[0.191609,0.898313,-0.395373]],[[0.893135,-0.326614,-0.309248],[-0.427143,-0.831306,-0.355639],[-0.140923,0.449726,-0.881979]]],"btipPosition":[-45.7673,244.576,-15.7886],"carpPosition":[-19.3601,254.167,50.7916],"dipPosition":[-48.3868,252.936,-32.183],"direction":[-0.191609,-0.898313,0.395373],"extended":false,"handId":371,"id":3712,"length":66.2798,"mcpPosition":[-22.8461,296.046,-3.94979],"pipPosition":[-42.9972,278.204,-43.3041],"stabilizedTipPosition":[-48.9552,239.547,-13.7577],"timeVisible":15.452,"tipPosition":[-46.3575,246.281,-19.3178],"tipVelocity":[62.2499,212.286,-176],"tool":false,"touchDistance":0.333333,"touchZone":"none","type":2,"width":18.7912},{"bases":[[[0.854699,-0.467192,-0.226323],[0.510799,0.679091,0.527181],[-0.0926009,-0.566186,0.81906]],[[0.849037,-0.494766,-0.185317],[0.338433,0.778659,-0.52835],[0.405708,0.385871,0.828556]],[[0.849037,-0.494766,-0.185317],[-0.371602,-0.309894,-0.875145],[0.375564,0.811894,-0.446967]],[[0.849037,-0.494766,-0.185317],[-0.527789,-0.778355,-0.340003],[0.0239801,0.386483,-0.921985]]],"btipPosition":[-31.1289,239.978,-11.185],"carpPosition":[-8.20196,251.341,46.8954],"dipPosition":[-30.6857,247.121,-28.2246],"direction":[-0.375564,-0.811894,0.446967],"extended":false,"handId":371,"id":3713,"length":63.7298,"mcpPosition":[-2.46434,286.422,-3.85411],"pipPosition":[-20.3947,269.368,-40.4722],"stabilizedTipPosition":[-33.3522,235.051,-9.41697],"timeVisible":15.452,"tipPosition":[-31.0518,241.409,-14.795],"tipVelocity":[59.6501,207.594,-180.963],"tool":false,"touchDistance":0.333333,"touchZone":"none","type":3,"width":17.881},{"bases":[[[0.74201,-0.635322,-0.213978],[0.627316,0.545452,0.555839],[-0.236422,-0.54667,0.803279]],[[0.669674,-0.742146,-0.0275116],[0.629409,0.586829,-0.509388],[0.394185,0.323808,0.860097]],[[0.669674,-0.742146,-0.0275116],[-0.326337,-0.260789,-0.908567],[0.667114,0.617421,-0.416833]],[[0.669674,-0.742146,-0.0275116],[-0.692003,-0.610124,-0.385851],[0.269572,0.277432,-0.922151]]],"btipPosition":[-17.1244,245.35,-11.2445],"carpPosition":[0.604785,241.996,41.1243],"dipPosition":[-12.5283,250.08,-26.9671],"direction":[-0.667114,-0.617421,0.416833],"extended":false,"handId":371,"id":3714,"length":49.963,"mcpPosition":[14.1651,273.351,-4.94887],"pipPosition":[0.378189,262.025,-35.0314],"stabilizedTipPosition":[-18.3514,240.552,-9.89872],"timeVisible":15.452,"tipPosition":[-16.054,246.462,-15.0387],"tipVelocity":[61.8757,188.75,-159.702],"tool":false,"touchDistance":0.333333,"touchZone":"none","type":4,"width":15.8833}],"r":[[0.938176,-0.0362319,0.344258],[-0.0923644,0.932249,0.349828],[-0.33361,-0.359997,0.871267]],"s":1.1738,"t":[53.1281,98.9014,-107.202],"timestamp":15625368736},false],[6,{"currentFrameRate":105.463,"devices":[],"gestures":[],"hands":[{"armBasis":[[0.898378,-0.17868,-0.401237],[0.287504,0.92984,0.22965],[0.332053,-0.32167,0.886719]],"armWidth":63.029,"confidence":0.854131,"direction":[0.0276287,0.704898,-0.70877],"elbow":[74.5824,153.882,284.742],"grabStrength":0,"id":371,"palmNormal":[-0.316141,-0.666486,-0.675168],"palmPosition":[-21.125,276.424,8.7217],"palmVelocity":[81.8673,196.987,-174.796],"palmWidth":90.0033,"pinchStrength":0.559058,"r":[[0.93768,-0.0397885,0.345215],[-0.0872844,0.934608,0.344804],[-0.33636,-0.353448,0.87289]],"s":1.17656,"sphereCenter":[-46.2727,266.511,-31.0136],"sphereRadius":46.7617,"stabilizedPalmPosition":[-24.0913,269.824,14.3908],"t":[53.8593,100.602,-108.801],"timeVisible":15.4615,"type":"right","wrist":[-14.0995,239.791,47.9239]}],"id":1199130,"interactionBox":{"center":[0,200,0],"size":[235.247,235.247,147.751]},"pointables":[{"bases":[[[0.669753,0.635999,0.383321],[-0.632594,0.218308,0.743079],[0.388915,-0.740166,0.548542]],[[0.412226,0.907162,0.0844198],[-0.642765,0.223904,0.732612],[0.645696,-0.356264,0.675391]],[[0.412226,0.907162,0.0844198],[-0.894227,0.385119,0.228124],[0.174434,-0.169529,0.969965]],[[0.412226,0.907162,0.0844198],[-0.911081,0.410364,0.0391448],[0.000867803,-0.0930498,0.995661]]],"btipPosition":[-82.0968,262.592,-40.2356],"carpPosition":[-44.3117,237.129,48.875],"dipPosition":[-82.0767,260.438,-17.1862],"direction":[-0.174434,0.169529,-0.969965],"extended":false,"handId":371,"id":3710,"length":51.5512,"mcpPosition":[-44.3117,237.129,48.875],"pipPosition":[-76.1938,254.72,15.5267],"stabilizedTipPosition":[-84.7995,254.682,-29.4318],"timeVisible":15.4615,"tipPosition":[-81.4849,261.688,-35.0699],"tipVelocity":[70.1614,229.285,-164.448],"tool":false,"touchDistance":-0.489021,"touchZone":"hovering","type":0,"width":20.0304},{"bases":[[[0.939486,-0.120925,-0.320534],[0.293064,0.768238,0.569143],[0.177423,-0.62864,0.757188]],[[0.929513,-0.0895478,-0.357753],[0.258166,0.850734,0.457824],[0.263355,-0.517913,0.813886]],[[0.929513,-0.0895478,-0.357753],[0.205629,0.931127,0.301197],[0.306142,-0.353531,0.883908]],[[0.929513,-0.0895478,-0.357753],[0.160803,0.971412,0.174647],[0.331886,-0.219864,0.917339]]],"btipPosition":[-67.3705,335.469,-73.5245],"carpPosition":[-30.3392,255.544,52.8008],"dipPosition":[-61.7615,331.753,-58.0212],"direction":[-0.306142,0.353531,-0.883908],"extended":true,"handId":371,"id":3711,"length":58.1698,"mcpPosition":[-43.2505,301.292,-2.30113],"pipPosition":[-54.4422,323.301,-36.8885],"stabilizedTipPosition":[-67.0298,333,-68.687],"timeVisible":15.4615,"tipPosition":[-66.5461,332.39,-70.3386],"tipVelocity":[140.004,266.204,-182.996],"tool":false,"touchDistance":0.227795,"touchZone":"hovering","type":1,"width":19.133},{"bases":[[[0.891001,-0.333927,-0.307586],[0.4515,0.722746,0.523245],[0.0475804,-0.605088,0.794736]],[[0.890903,-0.332701,-0.309195],[0.158936,0.866079,-0.473968],[0.425477,0.373118,0.824471]],[[0.890903,-0.332701,-0.309195],[-0.409265,-0.292834,-0.864147],[0.19696,0.896414,-0.397049]],[[0.890903,-0.332701,-0.309195],[-0.432481,-0.82936,-0.353726],[-0.138749,0.448857,-0.882766]]],"btipPosition":[-45.1598,246.158,-17.1216],"carpPosition":[-18.6294,255.747,49.4559],"dipPosition":[-47.7389,254.501,-33.5306],"direction":[-0.19696,-0.896414,0.397049],"extended":false,"handId":371,"id":3712,"length":66.2798,"mcpPosition":[-21.913,297.505,-5.38997],"pipPosition":[-42.1988,279.716,-44.6989],"stabilizedTipPosition":[-48.1876,241.592,-15.4688],"timeVisible":15.4615,"tipPosition":[-45.7391,247.86,-20.6448],"tipVelocity":[63.0149,198.996,-165.836],"tool":false,"touchDistance":0.333333,"touchZone":"none","type":2,"width":18.7912},{"bases":[[[0.851704,-0.472858,-0.225845],[0.515291,0.677384,0.525001],[-0.0952673,-0.563521,0.82059]],[[0.845934,-0.500212,-0.184889],[0.342904,0.775723,-0.529783],[0.408427,0.384762,0.827735]],[[0.845934,-0.500212,-0.184889],[-0.373713,-0.30871,-0.874664],[0.38044,0.809003,-0.448084]],[[0.845934,-0.500212,-0.184889],[-0.532651,-0.775586,-0.338746],[0.0260468,0.385038,-0.922533]]],"btipPosition":[-30.5454,241.472,-12.5407],"carpPosition":[-7.49176,252.844,45.5576],"dipPosition":[-30.064,248.588,-29.5904],"direction":[-0.38044,-0.809003,0.448084],"extended":false,"handId":371,"id":3713,"length":63.7298,"mcpPosition":[-1.58893,287.76,-5.28681],"pipPosition":[-19.6394,270.756,-41.8687],"stabilizedTipPosition":[-32.6816,236.903,-11.0364],"timeVisible":15.4615,"tipPosition":[-30.4568,242.903,-16.1391],"tipVelocity":[60.4201,192.908,-170.028],"tool":false,"touchDistance":0.333333,"touchZone":"none","type":3,"width":17.881},{"bases":[[[0.738026,-0.640282,-0.212972],[0.631035,0.543126,0.553903],[-0.238983,-0.543188,0.804881]],[[0.665562,-0.745858,-0.0268954],[0.631565,0.582043,-0.512202],[0.397684,0.323916,0.858444]],[[0.665562,-0.745858,-0.0268954],[-0.329521,-0.26133,-0.907261],[0.669659,0.612701,-0.419707]],[[0.665562,-0.745858,-0.0268954],[-0.695959,-0.607212,-0.38332],[0.269571,0.273841,-0.923224]]],"btipPosition":[-16.4998,246.736,-12.526],"carpPosition":[1.25416,243.432,39.8031],"dipPosition":[-11.9036,251.405,-28.2668],"direction":[-0.669659,-0.612701,0.419707],"extended":false,"handId":371,"id":3714,"length":49.963,"mcpPosition":[14.9614,274.588,-6.36205],"pipPosition":[1.05205,263.258,-36.3868],"stabilizedTipPosition":[-17.6748,242.24,-11.352],"timeVisible":15.4615,"tipPosition":[-15.4281,247.84,-16.3321],"tipVelocity":[62.9859,175.978,-152.689],"tool":false,"touchDistance":0.333333,"touchZone":"none","typ