{"sensorType":"Leap","data":[[0,{"currentFrameRate":105.978,"devices":[],"gestures":[],"hands":[{"armBasis":[[0.911089,-0.143773,-0.386325],[0.244549,0.942981,0.225795],[0.331834,-0.300195,0.894298]],"armWidth":63.029,"confidence":0.81261,"direction":[-0.0292154,0.73188,-0.680807],"elbow":[83.4566,154.516,289.653],"grabStrength":0.601875,"id":371,"palmNormal":[-0.306456,-0.654857,-0.690831],"palmPosition":[-15.211,272.405,13.3292],"palmVelocity":[101.908,268.2,-140.162],"palmWidth":90.0033,"pinchStrength":0.352546,"r":[[0.962002,0.00532737,0.272991],[-0.105865,0.928877,0.354936],[-0.251684,-0.370349,0.894146]],"s":1.15574,"sphereCenter":[-40.1198,266.185,-21.2802],"sphereRadius":45.1423,"stabilizedPalmPosition":[-17.051,267.516,15.8935],"t":[59.6985,95.6656,-104.541],"timeVisible":9.69761,"type":"right","wrist":[-5.16699,234.69,50.8107]}],"id":1198531,"interactionBox":{"center":[0,200,0],"size":[235.247,235.247,147.751]},"pointables":[{"bases":[[[0.651257,0.652701,0.387098],[-0.617257,0.158902,0.770548],[0.441427,-0.740764,0.50637]],[[0.37929,0.918167,0.114492],[-0.662215,0.182949,0.726637],[0.646228,-0.351424,0.677415]],[[0.37929,0.918167,0.114492],[-0.912485,0.350666,0.210724],[0.153332,-0.184397,0.970818]],[[0.37929,0.918167,0.114492],[-0.913682,0.35213,0.20295],[0.146026,-0.181586,0.972473]]],"btipPosition":[-75.6315,258.306,-36.1031],"carpPosition":[-35.1714,230.531,52.5993],"dipPosition":[-72.251,254.102,-13.5906],"direction":[-0.153332,0.184397,-0.970818],"extended":false,"handId":371,"id":3710,"length":51.5512,"mcpPosition":[-35.1714,230.531,52.5993],"pipPosition":[-67.0798,247.883,19.1511],"stabilizedTipPosition":[-83.086,243.141,-17.4962],"timeVisible":9.69761,"tipPosition":[-74.5748,258.667,-30.263],"tipVelocity":[107.816,323.675,-187.454],"tool":false,"touchDistance":-0.597438,"touchZone":"hovering","type":0,"width":20.0304},{"bases":[[[0.933024,-0.0628954,-0.354274],[0.275096,0.759331,0.589693],[0.231922,-0.647657,0.725777]],[[0.929932,-0.0544739,-0.363675],[0.289189,0.719221,0.631736],[0.22715,-0.692643,0.68458]],[[0.929932,-0.0544739,-0.363675],[0.0527166,0.9985,-0.014764],[0.363934,-0.0054422,0.931409]],[[0.929932,-0.0544739,-0.363675],[-0.168666,0.815623,-0.553454],[0.326771,0.576014,0.749285]]],"btipPosition":[-62.717,316.401,-60.027],"carpPosition":[-21.9629,249.44,56.8129],"dipPosition":[-57.1945,326.136,-47.3638],"direction":[-0.363934,0.0054422,-0.931409],"extended":true,"handId":371,"id":3711,"length":58.1698,"mcpPosition":[-38.8403,296.571,3.99685],"pipPosition":[-48.4934,326.006,-25.0954],"stabilizedTipPosition":[-63.0861,313.462,-55.6929],"timeVisible":9.69761,"tipPosition":[-61.4758,315.992,-56.5412],"tipVelocity":[176.843,526.317,-168.445],"tool":false,"touchDistance":0.333333,"touchZone":"hovering","type":1,"width":19.133},{"bases":[[[0.89512,-0.278338,-0.348265],[0.4339,0.723363,0.537101],[0.102426,-0.631881,0.768267]],[[0.89493,-0.277176,-0.349676],[-0.0171132,0.761768,-0.647624],[0.445878,0.585562,0.676986]],[[0.89493,-0.277176,-0.349676],[-0.439971,-0.417599,-0.795007],[0.0743324,0.865324,-0.495671]],[[0.89493,-0.277176,-0.349676],[-0.404244,-0.835413,-0.372385],[-0.188908,0.474614,-0.859683]]],"btipPosition":[-37.2995,232.865,-2.25971],"carpPosition":[-10.3931,250.338,53.1144],"dipPosition":[-40.8109,241.687,-18.2397],"direction":[-0.0743324,-0.865324,0.495671],"extended":false,"handId":371,"id":3712,"length":66.2798,"mcpPosition":[-17.4617,293.945,0.0951819],"pipPosition":[-38.7201,266.027,-32.1819],"stabilizedTipPosition":[-39.9712,228.197,-1.56828],"timeVisible":9.69761,"tipPosition":[-38.0967,234.611,-5.72788],"tipVelocity":[83.368,301.849,-197.194],"tool":false,"touchDistance":0.333333,"touchZone":"none","type":2,"width":18.7912},{"bases":[[[0.865163,-0.422023,-0.270903],[0.499787,0.681117,0.535063],[-0.0412926,-0.598311,0.800199]],[[0.865403,-0.418296,-0.275872],[0.125699,0.714183,-0.68858],[0.485053,0.561222,0.670636]],[[0.865403,-0.418296,-0.275872],[-0.448159,-0.399889,-0.799526],[0.224121,0.815547,-0.533528]],[[0.865403,-0.418296,-0.275872],[-0.496619,-0.789277,-0.361125],[-0.066682,0.449522,-0.890777]]],"btipPosition":[-23.0531,229.743,0.62058],"carpPosition":[0.734221,248.129,48.758],"dipPosition":[-24.2855,238.05,-15.8422],"direction":[-0.224121,-0.815547,0.533528],"extended":false,"handId":371,"id":3713,"length":63.7298,"mcpPosition":[3.29274,285.201,-0.822921],"pipPosition":[-18.1442,260.398,-30.4617],"stabilizedTipPosition":[-26.2014,222.909,2.75069],"timeVisible":9.69761,"tipPosition":[-23.2957,231.393,-2.69116],"tipVelocity":[81.1269,290.777,-190.73],"tool":false,"touchDistance":0.333333,"touchZone":"none","type":3,"width":17.881},{"bases":[[[0.760018,-0.595135,-0.261127],[0.622643,0.551632,0.554994],[-0.18625,-0.584394,0.789807]],[[0.740158,-0.645342,-0.188944],[0.356034,0.614472,-0.704033],[0.570443,0.453825,0.684571]],[[0.740158,-0.645342,-0.188944],[-0.482128,-0.313435,-0.818114],[0.468742,0.696629,-0.543129]],[[0.740158,-0.645342,-0.188944],[-0.661637,-0.648784,-0.37592],[0.120013,0.403252,-0.907185]]],"btipPosition":[-10.6638,236.672,-0.904013],"carpPosition":[9.72003,239.379,42.3647],"dipPosition":[-8.61762,243.547,-16.3714],"direction":[-0.468742,-0.696629,0.543129],"extended":false,"handId":371,"id":3714,"length":49.963,"mcpPosition":[20.4027,272.898,-2.93578],"pipPosition":[0.45099,257.025,-26.8792],"stabilizedTipPosition":[-14.0579,229.278,1.74306],"timeVisible":9.69761,"tipPosition":[-10.236,238.064,-4.06356],"tipVelocity":[91.6353,279.692,-167.621],"tool":false,"touchDistance":0.333333,"touchZone":"none","type":4,"width":15.8833}],"r":[[0.962002,0.00532737,0.272991],[-0.105865,0.928877,0.354936],[-0.251684,-0.370349,0.894146]],"s":1.15574,"t":[59.6985,95.6656,-104.541],"timestamp":15619614385},false],[1,{"currentFrameRate":105.873,"devices":[],"gestures":[],"hands":[{"armBasis":[[0.911622,-0.152022,-0.381884],[0.253679,0.939122,0.231724],[0.323408,-0.30812,0.894689]],"armWidth":63.029,"confidence":0.813632,"direction":[-0.0171486,0.72956,-0.683701],"elbow":[80.6731,155.642,287.458],"grabStrength":0.568682,"id":371,"palmNormal":[-0.307998,-0.654405,-0.690573],"palmPosition":[-15.1047,275.603,10.8197],"palmVelocity":[75.4675,286.695,-175.128],"palmWidth":90.0033,"pinchStrength":0.359509,"r":[[0.960226,-0.00249029,0.279212],[-0.101298,0.928728,0.356654],[-0.2602,-0.370753,0.891537]],"s":1.16277,"sphereCenter":[-40.0545,269.692,-23.904],"sphereRadius":45.3104,"stabilizedPalmPosition":[-16.2813,270.714,13.887],"t":[60.1547,98.5733,-106.421],"timeVisible":9.70725,"type":"right","wrist":[-5.70021,237.932,48.5112]}],"id":1198532,"interactionBox":{"center":[0,200,0],"size":[235.247,235.247,147.751]},"pointables":[{"bases":[[[0.654909,0.647707,0.389319],[-0.621112,0.167879,0.76553],[0.43048,-0.743164,0.512245]],[[0.386669,0.915269,0.113007],[-0.664427,0.191503,0.722401],[0.63955,-0.354415,0.682177]],[[0.386669,0.915269,0.113007],[-0.910837,0.359826,0.202242],[0.144443,-0.181132,0.972794]],[[0.386669,0.915269,0.113007],[-0.911498,0.360663,0.197723],[0.140212,-0.179459,0.973722]]],"btipPosition":[-75.4522,261.839,-38.9322],"carpPosition":[-35.7562,234.076,50.101],"dipPosition":[-72.2063,257.684,-16.3907],"direction":[-0.144443,0.181132,-0.972794],"extended":false,"handId":371,"id":3710,"length":51.5512,"mcpPosition":[-35.7562,234.076,50.101],"pipPosition":[-67.3348,251.576,16.4176],"stabilizedTipPosition":[-80.7961,247.989,-21.9368],"timeVisible":9.70725,"tipPosition":[-74.3874,262.158,-33.1478],"tipVelocity":[80.9271,336.494,-218.105],"tool":false,"touchDistance":-0.608364,"touchZone":"hovering","type":0,"width":20.0304},{"bases":[[[0.934849,-0.0734207,-0.347371],[0.278391,0.758801,0.588828],[0.220353,-0.647171,0.729804]],[[0.93212,-0.0656001,-0.356159],[0.293573,0.712733,0.637045],[0.212056,-0.698361,0.683611]],[[0.93212,-0.0656001,-0.356159],[0.0733784,0.997269,0.00835738],[0.354638,-0.0339245,0.934388]],[[0.93212,-0.0656001,-0.356159],[-0.141633,0.839094,-0.525224],[0.333306,0.540016,0.772845]]],"btipPosition":[-61.5507,321.328,-63.2224],"carpPosition":[-22.3918,252.869,54.3388],"dipPosition":[-55.9178,330.454,-50.1611],"direction":[-0.354638,0.0339245,-0.934388],"extended":true,"handId":371,"id":3711,"length":58.1698,"mcpPosition":[-38.4273,299.965,1.2296],"pipPosition":[-47.439,329.643,-27.8215],"stabilizedTipPosition":[-61.5199,318.975,-58.1966],"timeVisible":9.70725,"tipPosition":[-60.3286,320.825,-59.6781],"tipVelocity":[161.362,517.671,-213.123],"tool":false,"touchDistance":0.333333,"touchZone":"hovering","type":1,"width":19.133},{"bases":[[[0.894777,-0.288455,-0.340835],[0.437201,0.721072,0.537504],[0.0907211,-0.629959,0.771311]],[[0.89461,-0.287307,-0.34224],[-0.00187064,0.763483,-0.645826],[0.446844,0.578402,0.682482]],[[0.89461,-0.287307,-0.34224],[-0.437919,-0.411357,-0.799382],[0.088885,0.865009,-0.493821]],[[0.89461,-0.287307,-0.34224],[-0.410289,-0.831553,-0.374409],[-0.17702,0.475368,-0.861794]]],"btipPosition":[-37.5627,236.37,-5.13937],"carpPosition":[-10.7877,253.64,50.7196],"dipPosition":[-40.8531,245.206,-21.1586],"direction":[-0.088885,-0.865009,0.493821],"extended":false,"handId":371,"id":3712,"length":66.2798,"mcpPosition":[-17.0485,297.114,-2.50965],"pipPosition":[-38.353,269.537,-35.0488],"stabilizedTipPosition":[-39.42,231.603,-3.98973],"timeVisible":9.70725,"tipPosition":[-38.2805,238.094,-8.50413],"tipVelocity":[52.704,319.928,-227.012],"tool":false,"touchDistance":0.333333,"touchZone":"none","type":2,"width":18.7912},{"bases":[[[0.862853,-0.431546,-0.263159],[0.502681,0.678171,0.536093],[-0.0528822,-0.594854,0.802092]],[[0.863133,-0.428243,-0.267599],[0.140659,0.71284,-0.687076],[0.484991,0.555398,0.675512]],[[0.863133,-0.428243,-0.267599],[-0.445237,-0.395358,-0.803403],[0.238254,0.812588,-0.531916]],[[0.863133,-0.428243,-0.267599],[-0.502028,-0.784886,-0.36321],[-0.0544925,0.447841,-0.892451]]],"btipPosition":[-23.3311,233.074,-2.03248],"carpPosition":[0.347913,251.305,46.451],"dipPosition":[-24.3382,241.35,-18.5262],"direction":[-0.238254,-0.812588,0.531916],"extended":false,"handId":371,"id":3713,"length":63.7298,"mcpPosition":[3.62453,288.163,-3.24725],"pipPosition":[-17.8097,263.617,-33.1016],"stabilizedTipPosition":[-25.3558,226.776,0.0020628],"timeVisible":9.70725,"tipPosition":[-23.5112,234.702,-5.29824],"tipVelocity":[50.6977,306.508,-215.532],"tool":false,"touchDistance":0.333333,"touchZone":"none","type":3,"width":17.881},{"bases":[[[0.755936,-0.603575,-0.253493],[0.624106,0.547558,0.557379],[-0.197618,-0.579549,0.790614]],[[0.734937,-0.653572,-0.180864],[0.369154,0.60931,-0.701759],[0.568853,0.448982,0.689073]],[[0.734937,-0.653572,-0.180864],[-0.47819,-0.310361,-0.82159],[0.480835,0.690304,-0.540628]],[[0.734937,-0.653572,-0.180864],[-0.665303,-0.643273,-0.378908],[0.131299,0.398803,-0.907588]]],"btipPosition":[-10.8106,239.825,-3.35965],"carpPosition":[9.292,242.442,40.1544],"dipPosition":[-8.57197,246.625,-18.8339],"direction":[-0.480835,-0.690304,0.540628],"extended":false,"handId":371,"id":3714,"length":49.963,"mcpPosition":[20.6266,275.683,-5.19242],"pipPosition":[0.730594,259.98,-29.2933],"stabilizedTipPosition":[-12.8576,233.142,-1.02033],"timeVisible":9.70725,"tipPosition":[-10.3408,241.192,-6.49817],"tipVelocity":[61.8816,292.971,-193.02],"tool":false,"touchDistance":0.333333,"touchZone":"none","type":4,"width":15.8833}],"r":[[0.960226,-0.00249029,0.279212],[-0.101298,0.928728,0.356654],[-0.2602,-0.370753,0.891537]],"s":1.16277,"t":[60.1547,98.5733,-106.421],"timestamp":15619624024},false],[2,{"currentFrameRate":105.985,"devices":[],"gestures":[],"hands":[{"armBasis":[[0.910378,-0.155213,-0.383563],[0.257882,0.93776,0.232602],[0.323587,-0.31067,0.893743]],"armWidth":63.029,"confidence":0.776107,"direction":[-0.0112375,0.729504,-0.683884],"elbow":[80.8071,156.954,286.181],"grabStrength":0.536033,"id":371,"palmNormal":[-0.309251,-0.652933,-0.691406],"palmPosition":[-14.7056,277.638,9.76031],"palmVelocity":[66.4302,268.112,-158.208],"palmWidth":90.0033,"pinchStrength":0.364444,"r":[[0.95855,-0.00973323,0.284759],[-0.0969089,0.928696,0.357956],[-0.267939,-0.370714,0.889258]],"s":1.16922,"sphereCenter":[-39.7778,272.004,-25.0313],"sphereRadius":45.4714,"stabilizedPalmPosition":[-15.666,273.418,12.2756],"t":[60.5823,101.044,-107.891],"timeVisible":9.71648,"type":"right","wrist":[-5.61395,239.925,47.4877]}],"id":1198533,"interactionBox":{"center":[0,200,0],"size":[235.247,235.247,147.751]},"pointables":[{"bases":[[[0.657055,0.644374,0.391231],[-0.622603,0.171255,0.763568],[0.425023,-0.745288,0.513713]],[[0.390666,0.913488,0.113664],[-0.663488,0.193833,0.722643],[0.638094,-0.357727,0.681812]],[[0.390666,0.913488,0.113664],[-0.90968,0.364202,0.199599],[0.140934,-0.181374,0.973263]],[[0.390666,0.913488,0.113664],[-0.909761,0.364307,0.199036],[0.140408,-0.181164,0.973378]]],"btipPosition":[-75.2046,264.2,-40.0381],"carpPosition":[-35.6944,236.226,48.9849],"dipPosition":[-71.9542,260.006,-17.5046],"direction":[-0.140934,0.181374,-0.973263],"extended":false,"handId":371,"id":3710,"length":51.5512,"mcpPosition":[-35.6944,236.226,48.9849],"pipPosition":[-67.2011,253.889,15.3196],"stabilizedTipPosition":[-79.0237,252.252,-25.5488],"timeVisible":9.71648,"tipPosition":[-74.0778,264.409,-34.3456],"tipVelocity":[65.7853,313.601,-190.602],"tool":false,"touchDistance":-0.592477,"touchZone":"hovering","type":0,"width":20.0304},{"bases":[[[0.935528,-0.0783447,-0.344455],[0.280502,0.757462,0.589551],[0.214724,-0.648162,0.730603]],[[0.93306,-0.0710673,-0.352631],[0.296638,0.706531,0.642511],[0.203483,-0.704105,0.680317]],[[0.93306,-0.0710673,-0.352631],[0.0882755,0.995551,0.0329386],[0.348722,-0.0618624,0.935182]],[[0.93306,-0.0710673,-0.352631],[-0.121058,0.861076,-0.493856],[0.338739,0.503486,0.794832]]],"btipPosition":[-60.581,325.01,-64.6091],"carpPosition":[-22.2457,254.95,53.2608],"dipPosition":[-54.8562,333.519,-51.1762],"direction":[-0.348722,0.0618624,-0.935183],"extended":true,"handId":371,"id":3711,"length":58.1698,"mcpPosition":[-37.8715,302.118,0.0934919],"pipPosition":[-46.5189,332.04,-28.8176],"stabilizedTipPosition":[-60.2698,323.404,-60.0382],"timeVisible":9.71648,"tipPosition":[-59.3631,324.402,-61.0089],"tipVelocity":[146.221,480.089,-192.898],"tool":false,"touchDistance":0.333333,"touchZone":"hovering","type":1,"width":19.133},{"bases":[[[0.894319,-0.293167,-0.338005],[0.439272,0.718898,0.538726],[0.0850543,-0.630269,0.771704]],[[0.894163,-0.292021,-0.339406],[0.00706981,0.767153,-0.641425],[0.447686,0.571139,0.688025]],[[0.894163,-0.292021,-0.339406],[-0.437046,-0.404547,-0.803326],[0.0972824,0.86664,-0.489358]],[[0.894163,-0.292021,-0.339406],[-0.413872,-0.828284,-0.377697],[-0.170829,0.478194,-0.86148]]],"btipPosition":[-37.4019,238.659,-6.60428],"carpPosition":[-10.6266,255.66,49.6775],"dipPosition":[-40.5773,247.548,-22.6177],"direction":[-0.0972824,-0.86664,0.489358],"extended":false,"handId":371,"id":3712,"length":66.2798,"mcpPosition":[-16.4963,299.155,-3.57889],"pipPosition":[-37.8409,271.925,-36.3823],"stabilizedTipPosition":[-39.0024,234.554,-6.03204],"timeVisible":9.71648,"tipPosition":[-38.0682,240.372,-9.8717],"tipVelocity":[43.6132,300.143,-207.826],"tool":false,"touchDistance":0.333333,"touchZone":"none","type":2,"width":18.7912},{"bases":[[[0.861412,-0.436074,-0.260401],[0.504532,0.675657,0.537527],[-0.0584594,-0.594412,0.802033]],[[0.86168,-0.433241,-0.264214],[0.150122,0.714999,-0.682817],[0.484738,0.548706,0.68114]],[[0.86168,-0.433241,-0.264214],[-0.443307,-0.389288,-0.807424],[0.246954,0.812869,-0.527501]],[[0.86168,-0.433241,-0.264214],[-0.505217,-0.781237,-0.366638],[-0.0475712,0.449411,-0.892058]]],"btipPosition":[-23.1787,235.267,-3.41293],"carpPosition":[0.509933,253.266,45.4438],"dipPosition":[-24.0578,243.572,-19.8994],"direction":[-0.246954,-0.812869,0.527501],"extended":false,"handId":371,"id":3713,"length":63.7298,"mcpPosition":[4.13212,290.096,-4.25071],"pipPosition":[-17.2909,265.846,-34.3538],"stabilizedTipPosition":[-24.7368,230.036,-2.25674],"timeVisible":9.71648,"tipPosition":[-23.3123,236.882,-6.60956],"tipVelocity":[42.0074,287.397,-196.988],"tool":false,"touchDistance":0.333333,"touchZone":"none","type":3,"width":17.881},{"bases":[[[0.753572,-0.607544,-0.251036],[0.625211,0.54442,0.559213],[-0.203077,-0.578358,0.790102]],[[0.731993,-0.657601,-0.178177],[0.376039,0.60803,-0.69921],[0.568138,0.444815,0.692357]],[[0.731993,-0.657601,-0.178177],[-0.476359,-0.30701,-0.82391],[0.487102,0.687972,-0.537983]],[[0.731993,-0.657601,-0.178177],[-0.667439,-0.639624,-0.381322],[0.136791,0.398047,-0.907109]]],"btipPosition":[-10.552,241.874,-4.48225],"carpPosition":[9.42734,244.356,39.1766],"dipPosition":[-8.21975,248.661,-19.9484],"direction":[-0.487102,-0.687972,0.537983],"extended":false,"handId":371,"id":3714,"length":49.963,"mcpPosition":[21.0751,277.529,-6.14084],"pipPosition":[1.20406,261.971,-30.3566],"stabilizedTipPosition":[-11.9444,236.449,-3.27575],"timeVisible":9.71648,"tipPosition":[-10.0617,243.232,-7.60559],"tipVelocity":[53.0396,272.991,-172.948],"tool":false,"touchDistance":0.333333,"touchZone":"none","type":4,"width":15.8833}],"r":[[0.95855,-0.00973323,0.284759],[-0.0969089,0.928696,0.357956],[-0.267939,-0.370714,0.889258]],"s":1.16922,"t":[60.5823,101.044,-107.891],"timestamp":15619633252},false],[3,{"currentFrameRate":106.003,"devices":[],"gestures":[],"hands":[{"armBasis":[[0.908267,-0.149802,-0.390654],[0.255659,0.937825,0.234781],[0.331194,-0.313118,0.890094]],"armWidth":63.029,"confidence":0.777506,"direction":[-0.00823421,0.725867,-0.687786],"elbow":[82.9441,158.494,284.296],"grabStrength":0.505367,"id":371,"palmNormal":[-0.303679,-0.65714,-0.689889],"palmPosition":[-14.4298,279.614,8.59425],"palmVelocity":[55.8635,251.638,-148.473],"palmWidth":90.0033,"pinchStrength":0.371737,"r":[[0.95679,-0.0148716,0.290399],[-0.0941919,0.928992,0.357913],[-0.275101,-0.3698,0.88745]],"s":1.17496,"sphereCenter":[-39.4328,273.864,-26.3501],"sphereRadius":45.61,"stabilizedPalmPosition":[-15.1675,275.917,10.791],"t":[60.934,103.268,-109.209],"timeVisible":9.72588,"type":"right","wrist":[-5.5086,242.119,46.5771]}],"id":1198534,"interactionBox":{"center":[0,200,0],"size":[235.247,235.247,147.751]},"pointables":[{"bases":[[[0.653392,0.647642,0.391968],[-0.627735,0.174124,0.758702],[0.423117,-0.741782,0.520319]],[[0.388541,0.914653,0.111556],[-0.665684,0.194925,0.720326],[0.637104,-0.354137,0.684606]],[[0.388541,0.914653,0.111556],[-0.911421,0.363697,0.192447],[0.135449,-0.176448,0.974946]],[[0.388541,0.914653,0.111556],[-0.911054,0.363221,0.195066],[0.137898,-0.177425,0.974425]]],"btipPosition":[-74.8094,265.915,-41.3384],"carpPosition":[-35.5911,238.371,47.9036],"dipPosition":[-71.6171,261.808,-18.7806],"direction":[-0.135449,0.176448,-0.974946],"extended":false,"handId":371,"id":3710,"length":51.5512,"mcpPosition":[-35.5911,238.371,47.9036],"pipPosition":[-67.0489,255.857,14.1003],"stabilizedTipPosition":[-77.554,256.029,-28.6973],"timeVisible":9.72588,"tipPosition":[-73.6538,266.017,-35.7448],"tipVelocity":[58.6162,276.85,-175.536],"tool":false,"touchDistance":-0.580983,"touchZone":"hovering","type":0,"width":20.0304},{"bases":[[[0.937831,-0.0784265,-0.338116],[0.275386,0.761077,0.587303],[0.211272,-0.643903,0.735359]],[[0.935595,-0.0717598,-0.345707],[0.292283,0.706696,0.644322],[0.198073,-0.703868,0.682156]],[[0.935595,-0.0717598,-0.345707],[0.0948537,0.994218,0.0503307],[0.340096,-0.0798807,0.936992]],[[0.935595,-0.0717598,-0.345707],[-0.106062,0.876787,-0.469036],[0.336769,0.475494,0.812707]]],"btipPosition":[-59.8186,327.787,-66.4741],"carpPosition":[-22.2039,257.143,52.1654],"dipPosition":[-54.1271,335.823,-52.7391],"direction":[-0.340096,0.0798807,-0.936992],"extended":true,"handId":371,"id":3711,"length":58.1698,"mcpPosition":[-37.5785,304.001,-1.34801],"pipPosition":[-45.996,333.913,-30.3372],"stabilizedTipPosition":[-59.2674,326.953,-61.9043],"timeVisible":9.72588,"tipPosition":[-58.6169,327.124,-62.8205],"tipVelocity":[127.436,424.159,-192.355],"tool":false,"touchDistance":0.333333,"touchZone":"hovering","type":1,"width":19.133},{"bases":[[[0.896972,-0.293287,-0.330791],[0.434544,0.72254,0.537687],[0.081313,-0.626034,0.775545]],[[0.896819,-0.292115,-0.332243],[0.0136913,0.768971,-0.639138],[0.442187,0.568642,0.693627]],[[0.896819,-0.292115,-0.332243],[-0.430455,-0.402852,-0.807725],[0.102104,0.867398,-0.487027]],[[0.896819,-0.292115,-0.332243],[-0.410612,-0.829148,-0.379356],[-0.164663,0.476637,-0.863541]]],"btipPosition":[-37.0687,240.689,-8.18921],"carpPosition":[-10.5636,257.855,48.652],"dipPosition":[-40.1295,249.549,-24.2409],"direction":[-0.102104,-0.867398,0.487027],"extended":false,"handId":371,"id":3712,"length":66.2798,"mcpPosition":[-16.1751,301.058,-4.86949],"pipPosition":[-37.2576,273.947,-37.94],"stabilizedTipPosition":[-38.5976,237.245,-7.9575],"timeVisible":9.72588,"tipPosition":[-37.6749,242.369,-11.3356],"tipVelocity":[42.0832,275.94,-196.916],"tool":false,"touchDistance":0.333333,"touchZone":"none","type":2,"width":18.7912},{"bases":[[[0.863835,-0.435845,-0.252644],[0.499889,0.679414,0.537128],[-0.0624548,-0.590284,0.804776]],[[0.864084,-0.433411,-0.255954],[0.156082,0.714155,-0.682365],[0.478536,0.549671,0.684738]],[[0.864084,-0.433411,-0.255954],[-0.436242,-0.391162,-0.810361],[0.2511,0.811878,-0.527069]],[[0.864084,-0.433411,-0.255954],[-0.501654,-0.783198,-0.367347],[-0.0412509,0.445819,-0.894172]]],"btipPosition":[-22.7935,237.255,-4.65701],"carpPosition":[0.603826,255.46,44.5015],"dipPosition":[-23.5559,245.495,-21.1826],"direction":[-0.2511,-0.811878,0.52707],"extended":false,"handId":371,"id":3713,"length":63.7298,"mcpPosition":[4.47357,292.034,-5.36304],"pipPosition":[-16.6754,267.741,-35.6251],"stabilizedTipPosition":[-24.165,232.984,-4.26248],"timeVisible":9.72588,"tipPosition":[-22.89,238.846,-7.81563],"tipVelocity":[42.5258,265.322,-178.842],"tool":false,"touchDistance":0.333333,"touchZone":"none","type":3,"width":17.881},{"bases":[[[0.75625,-0.607462,-0.243055],[0.620667,0.548516,0.56027],[-0.207023,-0.57456,0.791847]],[[0.73414,-0.657477,-0.169595],[0.381681,0.606172,-0.697765],[0.561568,0.447526,0.695961]],[[0.73414,-0.657477,-0.169595],[-0.469117,-0.310564,-0.826728],[0.490885,0.686494,-0.536431]],[[0.73414,-0.657477,-0.169595],[-0.663776,-0.642343,-0.383139],[0.142967,0.393851,-0.907988]]],"btipPosition":[-10.1248,243.839,-5.56213],"carpPosition":[9.57693,246.533,38.3379],"dipPosition":[-7.68724,250.554,-21.0432],"direction":[-0.490885,-0.686494,0.536431],"extended":false,"handId":371,"id":3714,"length":49.963,"mcpPosition":[21.451,279.488,-7.07962],"pipPosition":[1.80977,263.835,-31.4214],"stabilizedTipPosition":[-11.1393,239.471,-5.25359],"timeVisible":9.72588,"tipPosition":[-9.60913,245.173,-8.66264],"tipVelocity":[51.6093,254.26,-156.506],"tool":false,"touchDistance":0.333333,"touchZone":"none","type":4,"width":15.8833}],"r":[[0.95679,-0.0148716,0.290399],[-0.0941919,0.928992,0.357913],[-0.275101,-0.3698,0.88745]],"s":1.17496,"t":[60.934,103.268,-109.209],"timestamp":15619642653},false],[4,{"currentFrameRate":105.881,"devices":[],"gestures":[],"hands":[{"armBasis":[[0.911105,-0.148403,-0.384531],[0.25501,0.9359,0.243024],[0.323817,-0.31948,0.890548]],"armWidth":63.029,"confidence":0.774012,"direction":[-0.00347751,0.721646,-0.692254],"elbow":[80.8118,159.242,283.442],"grabStrength":0.47361,"id":371,"palmNormal":[-0.297747,-0.661607,-0.688202],"palmPosition":[-14.3267,281.822,7.32202],"palmVelocity":[42.6787,244.831,-143.545],"palmWidth":90.0033,"pinchStrength":0.375412,"r":[[0.954883,-0.0184541,0.296407],[-0.0927284,0.929642,0.356606],[-0.282133,-0.368003,0.885988]],"s":1.1807,"sphereCenter":[-39.2489,275.971,-27.783],"sphereRadius":45.7872,"stabilizedPalmPosition":[-14.8157,278.388,9.33942],"t":[61.1615,105.484,-110.504],"timeVisible":9.73555,"type":"right","wrist":[-5.67061,244.567,45.6017]}],"id":1198535,"interactionBox":{"center":[0,200,0],"size":[235.247,235.247,147.751]},"pointables":[{"bases":[[[0.649778,0.650598,0.393078],[-0.633773,0.178203,0.752712],[0.419666,-0.738218,0.528124]],[[0.387685,0.915236,0.109746],[-0.667101,0.196409,0.71861],[0.636142,-0.351806,0.686699]],[[0.387685,0.915236,0.109746],[-0.912585,0.364297,0.18568],[0.129961,-0.172138,0.976462]],[[0.387685,0.915236,0.109746],[-0.912059,0.363608,0.189572],[0.133598,-0.173589,0.975714]]],"btipPosition":[-74.6456,267.996,-42.7095],"carpPosition":[-35.7594,240.801,46.7168],"dipPosition":[-71.5528,263.977,-20.1219],"direction":[-0.129961,0.172138,-0.976462],"extended":false,"handId":371,"id":3710,"length":51.5512,"mcpPosition":[-35.7594,240.801,46.7168],"pipPosition":[-67.1698,258.172,12.8101],"stabilizedTipPosition":[-76.4117,259.514,-31.4799],"timeVisible":9.73555,"tipPosition":[-73.4379,267.939,-37.2495],"tipVelocity":[45.7691,259.472,-165.491],"tool":false,"touchDistance":-0.571682,"touchZone":"hovering","type":0,"width":20.0304},{"bases":[[[0.940502,-0.0796655,-0.330316],[0.270168,0.764891,0.584766],[0.20607,-0.639214,0.740905]],[[0.938545,-0.0737185,-0.337191],[0.287678,0.706883,0.646187],[0.190719,-0.703478,0.684649]],[[0.938545,-0.0737185,-0.337191],[0.102396,0.992414,0.0680433],[0.329617,-0.0983886,0.938974]],[[0.938545,-0.0737185,-0.337191],[-0.0891588,0.891989,-0.443178],[0.333441,0.446006,0.830599]]],"btipPosition":[-59.0383,330.837,-68.531],"carpPosition":[-22.4214,259.61,50.9679],"dipPosition":[-53.403,338.375,-54.4936],"direction":[-0.329617,0.0983886,-0.938974],"extended":true,"handId":371,"id":3711,"length":58.1698,"mcpPosition":[-37.4175,306.127,-2.94911],"pipPosition":[-45.5224,336.022,-32.0443],"stabilizedTipPosition":[-58.3823,330.213,-63.8763],"timeVisible":9.73555,"tipPosition":[-57.8674,330.091,-64.8252],"tipVelocity":[113.415,388.996,-196.199],"tool":false,"touchDistance":0.333333,"touchZone":"hovering","type":1,"width":19.133},{"bases":[[[0.899767,-0.294513,-0.321997],[0.42974,0.726192,0.536628],[0.0757871,-0.621215,0.779967]],[[0.899614,-0.29328,-0.323544],[0.0214212,0.769655,-0.6381],[0.436159,0.567113,0.698675]],[[0.899614,-0.29328,-0.323544],[-0.423157,-0.402482,-0.811755],[0.107851,0.867176,-0.486182]],[[0.899614,-0.29328,-0.323544],[-0.407412,-0.830386,-0.380097],[-0.157192,0.473757,-0.866513]]],"btipPosition":[-36.8917,242.945,-9.8147],"carpPosition":[-10.7547,260.311,47.5409],"dipPosition":[-39.8136,251.751,-25.9216],"direction":[-0.107851,-0.867176,0.486182],"extended":false,"handId":371,"id":3712,"length":66.2798,"mcpPosition":[-15.9849,303.182,-6.28575],"pipPosition":[-36.78,276.143,-39.597],"stabilizedTipPosition":[-38.2501,239.841,-9.82696],"timeVisible":9.73555,"tipPosition":[-37.4467,244.592,-12.8773],"tipVelocity":[36.1131,263.135,-188.898],"tool":false,"touchDistance":0.333333,"touchZone":"none","type":2,"width":18.7912},{"bases":[[[0.866139,-0.43662,-0.243239],[0.495123,0.683121,0.536842],[-0.0682338,-0.585413,0.807859]],[[0.866396,-0.434356,-0.246357],[0.1605,0.709394,-0.686294],[0.472861,0.555062,0.684331]],[[0.866396,-0.434356,-0.246357],[-0.429924,-0.397876,-0.810469],[0.254012,0.808102,-0.531459]],[[0.866396,-0.434356,-0.246357],[-0.498115,-0.786515,-0.36507],[-0.0351931,0.439009,-0.897793]]],"btipPosition":[-22.5335,239.385,-5.65207],"carpPosition":[0.446708,257.9,43.4922],"dipPosition":[-23.1839,247.499,-22.2445],"direction":[-0.254012,-0.808102,0.531459],"extended":false,"handId":371,"id":3713,"length":63.7298,"mcpPosition":[4.67452,294.173,-6.5633],"pipPosition":[-16.2236,269.642,-36.8074],"stabilizedTipPosition":[-23.6597,235.803,-6.03762],"timeVisible":9.73555,"tipPosition":[-22.6178,240.961,-8.87827],"tipVelocity":[38.7416,251.303,-157.159],"tool":false,"touchDistance":0.333333,"touchZone":"none","type":3,"width":17.881},{"bases":[[[0.758626,-0.60827,-0.23344],[0.615825,0.552473,0.561723],[-0.21271,-0.569896,0.793709]],[[0.735863,-0.658078,-0.159496],[0.3896,0.604132,-0.695152],[0.553821,0.449397,0.700946]],[[0.735863,-0.658078,-0.159496],[-0.460336,-0.313445,-0.830568],[0.496585,0.684606,-0.53359]],[[0.735863,-0.658078,-0.159496],[-0.660029,-0.644493,-0.385992],[0.151219,0.389309,-0.908609]]],"btipPosition":[-9.88058,246.031,-6.7721],"carpPosition":[9.47499,248.944,37.4534],"dipPosition":[-7.30232,252.668,-22.2638],"direction":[-0.496585,-0.684606,0.53359],"extended":false,"handId":371,"id":3714,"length":49.963,"mcpPosition":[21.6753,281.631,-8.07087],"pipPosition":[2.30497,265.913,-32.587],"stabilizedTipPosition":[-10.4775,242.361,-7.06974],"timeVisible":9.73555,"tipPosition":[-9.3335,247.339,-9.83292],"tipVelocity":[44.8997,245.678,-147.43],"tool":false,"touchDistance":0.333333,"touchZone":"none","type":4,"width":15.8833}],"r":[[0.954883,-0.0184541,0.296407],[-0.0927284,0.929642,0.356606],[-0.282133,-0.368003,0.885988]],"s":1.1807,"t":[61.1615,105.484,-110.504],"timestamp":15619652322},false],[5,{"currentFrameRate":105.938,"devices":[],"gestures":[],"hands":[{"armBasis":[[0.911749,-0.154843,-0.380444],[0.260683,0.933917,0.244628],[0.317424,-0.322214,0.891863]],"armWidth":63.029,"confidence":0.761919,"direction":[0.00187462,0.718033,-0.696006],"elbow":[78.9382,160.413,282.656],"grabStrength":0.451659,"id":371,"palmNormal":[-0.300089,-0.663525,-0.685332],"palmPosition":[-14.2118,283.57,5.97468],"palmVelocity":[34.081,228.538,-143.772],"palmWidth":90.0033,"pinchStrength":0.374111,"r":[[0.953179,-0.0220605,0.3016],[-0.0906507,0.930627,0.354564],[-0.288499,-0.365303,0.885055]],"s":1.18583,"sphereCenter":[-39.1767,277.698,-29.2188],"sphereRadius":45.8918,"stabilizedPalmPosition":[-14.5695,280.5,7.96798],"t":[61.3326,107.466,-111.825],"timeVisible":9.74488,"type":"right","wrist":[-5.83702,246.468,44.4647]}],"id":1198536,"interactionBox":{"center":[0,200,0],"size":[235.247,235.247,147.751]},"pointables":[{"bases":[[[0.652624,0.649023,0.390961],[-0.634228,0.185641,0.750528],[0.414532,-0.737771,0.532783]],[[0.394844,0.91238,0.107985],[-0.662914,0.201543,0.721059],[0.636116,-0.35629,0.684407]],[[0.394844,0.91238,0.107985],[-0.909334,0.371307,0.187732],[0.131187,-0.172319,0.976266]],[[0.394844,0.91238,0.107985],[-0.90851,0.37024,0.19373],[0.136775,-0.174598,0.975094]]],"btipPosition":[-74.9482,270.321,-43.7519],"carpPosition":[-35.9484,242.875,45.5403],"dipPosition":[-71.7819,266.279,-21.1786],"direction":[-0.131187,0.172319,-0.976266],"extended":false,"handId":371,"id":3710,"length":51.5512,"mcpPosition":[-35.9484,242.875,45.5403],"pipPosition":[-67.3575,260.467,11.7468],"stabilizedTipPosition":[-75.7082,262.684,-33.7522],"timeVisible":9.74488,"tipPosition":[-73.6295,269.996,-38.4422],"tipVelocity":[24.1418,256.361,-150.352],"tool":false,"touchDistance":-0.558532,"touchZone":"hovering","type":0,"width":20.0304},{"bases":[[[0.940682,-0.0866061,-0.32805],[0.273284,0.76642,0.581306],[0.201079,-0.636475,0.744626]],[[0.938871,-0.0809868,-0.334607],[0.290782,0.706865,0.644816],[0.184301,-0.702696,0.687205]],[[0.938871,-0.0809868,-0.334607],[0.113149,0.990532,0.0777411],[0.325143,-0.11085,0.939146]],[[0.938871,-0.0809868,-0.334607],[-0.0742011,0.90149,-0.426393],[0.336177,0.425156,0.840373]]],"btipPosition":[-58.4344,333.276,-70.3279],"carpPosition":[-22.5143,261.632,49.7196],"dipPosition":[-52.7529,340.461,-56.1254],"direction":[-0.325143,0.11085,-0.939146],"extended":true,"handId":371,"id":3711,"length":58.1698,"mcpPosition":[-37.1471,307.949,-4.46816],"pipPosition":[-44.9793,337.811,-33.672],"stabilizedTipPosition":[-57.6782,332.859,-65.6636],"timeVisible":9.74488,"tipPosition":[-57.2679,332.537,-66.6004],"tipVelocity":[99.9418,350.381,-194.004],"tool":false,"touchDistance":0.310127,"touchZone":"hovering","type":1,"width":19.133},{"bases":[[[0.898737,-0.301178,-0.318692],[0.432732,0.726585,0.533683],[0.0708224,-0.617549,0.783338]],[[0.898591,-0.299929,-0.320275],[0.0299863,0.77018,-0.637121],[0.43776,0.562908,0.701071]],[[0.898591,-0.299929,-0.320275],[-0.423203,-0.399612,-0.813148],[0.115901,0.866229,-0.486019]],[[0.898591,-0.299929,-0.320275],[-0.411624,-0.829025,-0.378528],[-0.151984,0.471975,-0.868413]]],"btipPosition":[-37.0312,244.891,-11.3598],"carpPosition":[-10.8372,262.249,46.3119],"dipPosition":[-39.8563,253.664,-27.502],"direction":[-0.115901,-0.866229,0.486019],"extended":false,"handId":371,"id":3712,"length":66.2798,"mcpPosition":[-15.7248,304.867,-7.74732],"pipPosition":[-36.5962,278.029,-41.1728],"stabilizedTipPosition":[-38.0658,242.129,-11.5252],"timeVisible":9.74488,"tipPosition":[-37.5513,246.512,-14.3589],"tipVelocity":[22.3307,247.431,-182.528],"tool":false,"touchDistance":0.333333,"touchZone":"none","type":2,"width":18.7912},{"bases":[[[0.864167,-0.442683,-0.239262],[0.497874,0.683154,0.53425],[-0.0730509,-0.580803,0.81076]],[[0.864414,-0.440679,-0.242055],[0.168158,0.707105,-0.686822],[0.473826,0.552995,0.685335]],[[0.864414,-0.440679,-0.242055],[-0.429528,-0.397026,-0.811095],[0.261331,0.805092,-0.532479]],[[0.864414,-0.440679,-0.242055],[-0.50189,-0.784941,-0.363282],[-0.029908,0.435511,-0.899687]]],"btipPosition":[-22.6642,241.193,-7.00763],"carpPosition":[0.358416,259.756,42.2979],"dipPosition":[-23.217,249.242,-23.6351],"direction":[-0.261331,-0.805092,0.532479],"extended":false,"handId":371,"id":3713,"length":63.7298,"mcpPosition":[4.8847,295.743,-7.9374],"pipPosition":[-16.0561,271.303,-38.2259],"stabilizedTipPosition":[-23.3677,238.238,-7.64985],"timeVisible":9.74488,"tipPosition":[-22.7199,242.746,-10.1991],"tipVelocity":[24.4868,234.554,-154.024],"tool":false,"touchDistance":0.333333,"touchZone":"none","type":3,"width":17.881},{"bases":[[[0.755683,-0.613681,-0.22878],[0.6178,0.551969,0.560048],[-0.217411,-0.564558,0.796245]],[[0.732459,-0.663047,-0.154507],[0.395466,0.599097,-0.696196],[0.554176,0.448833,0.701027]],[[0.732459,-0.663047,-0.154507],[-0.459765,-0.31436,-0.830538],[0.502115,0.679372,-0.535102]],[[0.732459,-0.663047,-0.154507],[-0.66282,-0.642667,-0.384252],[0.155481,0.383858,-0.910208]]],"btipPosition":[-9.92957,247.713,-7.99381],"carpPosition":[9.34842,250.718,36.3235],"dipPosition":[-7.27865,254.257,-23.5128],"direction":[-0.502115,-0.679372,0.535102],"extended":false,"handId":371,"id":3714,"length":49.963,"mcpPosition":[21.8183,283.099,-9.34627],"pipPosition":[2.43563,267.401,-33.8652],"stabilizedTipPosition":[-10.072,244.763,-8.64377],"timeVisible":9.74488,"tipPosition":[-9.36903,248.999,-11.0541],"tipVelocity":[31.2061,226.488,-142.936],"tool":false,"touchDistance":0.333333,"touchZone":"none","type":4,"width":15.8833}],"r":[[0.953179,-0.0220605,0.3016],[-0.0906507,0.930627,0.354564],[-0.288499,-0.365303,0.885055]],"s":1.18583,"t":[61.3326,107.466,-111.825],"timestamp":15619661656},false],[6,{"currentFrameRate":105.873,"devices":[],"gestures":[],"hands":[{"armBasis":[[0.912309,-0.154988,-0.37904],[0.259869,0.934471,0.243377],[0.316481,-0.320536,0.892802]],"armWidth":63.029,"confidence":0.703968,"direction":[0.00419798,0.71651,-0.697564],"elbow":[78.6316,162.326,282.191],"grabStrength":0.437607,"id":371,"palmNormal":[-0.297818,-0.66502,-0.684875],"palmPosition":[-14.138,284.95,5.15],"palmVelocity":[26.4582,204.181,-127.132],"palmWidth":90.0033,"pinchStrength":0.370439,"r":[[0.951581,-0.0248025,0.306395],[-0.0892093,0.931561,0.35247],[-0.294168,-0.362737,0.884244]],"s":1.18995,"sphereCenter":[-38.967,278.925,-30.249],"sphereRadius":45.9483,"stabilizedPalmPosition":[-14.39,282.351,6.79574],"t":[61.4551,109.147,-112.898],"timeVisible":9.75445,"type":"right","wrist":[-5.89174,247.932,43.7486]}],"id":1198537,"interactionBox":{"center":[0,200,0],"size":[235.247,235.247,147.751]},"pointables":[{"bases":[[[0.651329,0.649872,0.391709],[-0.636717,0.187285,0.748008],[0.412748,-0.736607,0.535769]],[[0.398048,0.910646,0.11082],[-0.659461,0.200072,0.724626],[0.637706,-0.361517,0.680174]],[[0.398048,0.910646,0.11082],[-0.907396,0.37308,0.193502],[0.134867,-0.17758,0.974821]],[[0.398048,0.910646,0.11082],[-0.907755,0.373555,0.190886],[0.132433,-0.176579,0.975337]]],"btipPosition":[-75.1085,272.269,-44.308],"carpPosition":[-36.0066,244.342,44.732],"dipPosition":[-72.0427,268.181,-21.7292],"direction":[-0.134867,0.17758,-0.974821],"extended":false,"handId":371,"id":3710,"length":51.5512,"mcpPosition":[-36.0066,244.342,44.732],"pipPosition":[-67.4941,262.192,11.1475],"stabilizedTipPosition":[-75.253,265.7,-35.6233],"timeVisible":9.75445,"tipPosition":[-73.7427,271.642,-39.1513],"tipVelocity":[11.6209,240.809,-123.656],"tool":false,"touchDistance":-0.539335,"touchZone":"touching","type":0,"width":20.0304},{"bases":[[[0.941766,-0.0873286,-0.32473],[0.271361,0.767687,0.580535],[0.198594,-0.634847,0.746679]],[[0.940029,-0.0818821,-0.331121],[0.288682,0.708055,0.644454],[0.181683,-0.701394,0.68923]],[[0.940029,-0.0818821,-0.331121],[0.115841,0.989699,0.084125],[0.320821,-0.117437,0.939831]],[[0.940029,-0.0818821,-0.331121],[-0.0673559,0.907082,-0.415529],[0.334378,0.412912,0.847169]]],"btipPosition":[-58.0805,334.943,-71.4994],"carpPosition":[-22.5862,263.107,48.9149],"dipPosition":[-52.4294,341.921,-57.1819],"direction":[-0.320821,0.117437,-0.939831],"extended":true,"handId":371,"id":3711,"length":58.1698,"mcpPosition":[-37.0382,309.306,-5.42229],"pipPosition":[-44.7591,339.113,-34.7122],"stabilizedTipPosition":[-57.1752,334.927,-67.0888],"timeVisible":9.75445,"tipPosition":[-56.9157,334.257,-67.7565],"tipVelocity":[81.5345,298.016,-172.523],"tool":false,"touchDistance":0.297654,"touchZone":"hovering","type":1,"width":19.133},{"bases":[[[0.899787,-0.30188,-0.315043],[0.430965,0.727747,0.53353],[0.0682097,-0.615836,0.784917]],[[0.899647,-0.300629,-0.316636],[0.034709,0.772148,-0.634495],[0.435237,0.559831,0.705095]],[[0.899647,-0.300629,-0.316636],[-0.41997,-0.397468,-0.815871],[0.119422,0.866973,-0.483835]],[[0.899647,-0.300629,-0.316636],[-0.41063,-0.829035,-0.379584],[-0.148389,0.471511,-0.869286]]],"btipPosition":[-36.957,246.375,-12.473],"carpPosition":[-10.8979,263.718,45.5448],"dipPosition":[-39.7153,255.14,-28.6314],"direction":[-0.119422,-0.866973,0.483835],"extended":false,"handId":371,"id":3712,"length":66.2798,"mcpPosition":[-15.6051,306.218,-8.62347],"pipPosition":[-36.3562,279.526,-42.2408],"stabilizedTipPosition":[-37.9106,244.179,-13.0517],"timeVisible":9.75445,"tipPosition":[-37.454,247.979,-15.4275],"tipVelocity":[18.5802,220.706,-163.515],"tool":false,"touchDistance":0.333333,"touchZone":"none","type":2,"width":18.7912},{"bases":[[[0.864952,-0.443211,-0.23542],[0.496104,0.684317,0.534408],[-0.0757535,-0.579029,0.81178]],[[0.865149,-0.441679,-0.237564],[0.174661,0.709391,-0.682831],[0.470118,0.549258,0.690873]],[[0.865149,-0.441679,-0.237564],[-0.424886,-0.393853,-0.815078],[0.266438,0.806101,-0.528405]],[[0.865149,-0.441679,-0.237564],[-0.500908,-0.784305,-0.366002],[-0.0246669,0.435644,-0.899781]]],"btipPosition":[-22.6171,242.678,-8.14994],"carpPosition":[0.311036,261.215,41.5734],"dipPosition":[-23.0729,250.729,-24.7791],"direction":[-0.266438,-0.806101,0.528405],"extended":false,"handId":371,"id":3713,"length":63.7298,"mcpPosition":[5.00478,297.092,-8.72509],"pipPosition":[-15.7721,272.818,-39.2583],"stabilizedTipPosition":[-23.145,240.408,-9.14139],"timeVisible":9.75445,"tipPosition":[-22.6336,244.212,-11.261],"tipVelocity":[19.5075,211.633,-144.031],"tool":false,"touchDistance":0.333333,"touchZone":"none","type":3,"width":17.881},{"bases":[[[0.756431,-0.614184,-0.224924],[0.615942,0.553188,0.560891],[-0.220064,-0.562815,0.79675]],[[0.732942,-0.663419,-0.15057],[0.399709,0.599061,-0.6938],[0.550481,0.448331,0.704251]],[[0.732942,-0.663419,-0.15057],[-0.455667,-0.314411,-0.832775],[0.505138,0.678985,-0.532743]],[[0.732942,-0.663419,-0.15057],[-0.661387,-0.643086,-0.386015],[0.15926,0.382511,-0.910122]]],"btipPosition":[-9.79877,249.107,-8.85747],"carpPosition":[9.32074,252.165,35.6487],"dipPosition":[-7.08341,255.629,-24.3749],"direction":[-0.505138,-0.678985,0.532743],"extended":false,"handId":371,"id":3714,"length":49.963,"mcpPosition":[21.9428,284.446,-10.05],"pipPosition":[2.68934,268.765,-34.6818],"stabilizedTipPosition":[-9.75204,246.846,-9.99184],"timeVisible":9.75445,"tipPosition":[-9.22661,250.384,-11.8946],"tipVelocity":[26.5856,202.997,-127.705],"tool":false,"touchDis