{"sensorType":"Leap","data":[[0,{"currentFrameRate":102.33,"devices":[],"gestures":[],"hands":[{"armBasis":[[0.903845,-0.132485,-0.406832],[0.251931,0.933336,0.255764],[0.345826,-0.333665,0.876968]],"armWidth":63.029,"confidence":0.854228,"direction":[0.0335382,0.698237,-0.715081],"elbow":[80.0462,150.2,291.314],"grabStrength":0.468241,"id":371,"palmNormal":[-0.268472,-0.682892,-0.679398],"palmPosition":[-18.9289,275.31,17.2421],"palmVelocity":[128.402,247.242,-168.604],"palmWidth":90.0033,"pinchStrength":0.292345,"r":[[0.934775,-0.0192461,0.35472],[-0.100909,0.943013,0.317086],[-0.340608,-0.332199,0.879562]],"s":1.16954,"sphereCenter":[-47.2114,270.398,-17.3472],"sphereRadius":46.5986,"stabilizedPalmPosition":[-21.0791,271.217,20.0688],"t":[55.6525,99.0389,-100.373],"timeVisible":6.50927,"type":"right","wrist":[-12.3142,239.313,57.1002]}],"id":1198197,"interactionBox":{"center":[0,200,0],"size":[235.247,235.247,147.751]},"pointables":[{"bases":[[[0.634062,0.660625,0.40192],[-0.667802,0.205743,0.715339],[0.389878,-0.721973,0.571621]],[[0.376115,0.922595,0.0857678],[-0.682736,0.213367,0.698818],[0.626426,-0.321393,0.710139]],[[0.376115,0.922595,0.0857678],[-0.919282,0.359964,0.159207],[0.11601,-0.138725,0.983513]],[[0.376115,0.922595,0.0857678],[-0.899837,0.341619,0.271274],[0.220976,-0.179207,0.958673]]],"btipPosition":[-82.4017,260.407,-33.524],"carpPosition":[-42.443,235.71,56.9029],"dipPosition":[-77.2861,256.258,-11.3309],"direction":[-0.11601,0.138725,-0.983513],"extended":false,"handId":371,"id":3710,"length":51.5512,"mcpPosition":[-42.443,235.71,56.9029],"pipPosition":[-73.3736,251.579,21.8389],"stabilizedTipPosition":[-84.3519,253.05,-23.8047],"timeVisible":6.50927,"tipPosition":[-80.3286,259.246,-28.648],"tipVelocity":[128.455,272.64,-191.887],"tool":false,"touchDistance":-0.586019,"touchZone":"hovering","type":0,"width":20.0304},{"bases":[[[0.954668,-0.0944808,-0.282282],[0.246429,0.782792,0.57141],[0.16698,-0.615069,0.770589]],[[0.938922,-0.0467019,-0.340945],[0.25538,0.758641,0.59937],[0.230663,-0.649833,0.724232]],[[0.938922,-0.0467019,-0.340945],[0.0532162,0.998535,0.00977403],[0.339989,-0.0273209,0.940032]],[[0.938922,-0.0467019,-0.340945],[-0.132768,0.864883,-0.484097],[0.317486,0.499796,0.805858]]],"btipPosition":[-64.6631,319.177,-61.7864],"carpPosition":[-29.2151,254.595,61.1619],"dipPosition":[-59.2975,327.624,-48.1672],"direction":[-0.339989,0.0273209,-0.940032],"extended":true,"handId":371,"id":3711,"length":58.1698,"mcpPosition":[-41.3666,299.355,5.08472],"pipPosition":[-51.1689,326.971,-25.6926],"stabilizedTipPosition":[-65.8209,316.132,-55.9209],"timeVisible":6.50927,"tipPosition":[-63.4576,318.782,-58.0107],"tipVelocity":[182.194,387.509,-208.81],"tool":false,"touchDistance":-0.661853,"touchZone":"hovering","type":1,"width":19.133},{"bases":[[[0.912359,-0.308764,-0.268825],[0.407885,0.741856,0.53224],[0.0350927,-0.595244,0.802779]],[[0.91262,-0.313731,-0.262102],[0.0787696,0.76407,-0.640306],[0.401148,0.56371,0.722019]],[[0.91262,-0.313731,-0.262102],[-0.393583,-0.500937,-0.770815],[0.110532,0.80662,-0.580644]],[[0.91262,-0.313731,-0.262102],[-0.374719,-0.898279,-0.229522],[-0.163433,0.307681,-0.937348]]],"btipPosition":[-39.0136,240.928,2.20479],"carpPosition":[-17.3949,255.133,58.2739],"dipPosition":[-42.0515,246.647,-15.2188],"direction":[-0.110532,-0.80662,0.580644],"extended":false,"handId":371,"id":3712,"length":66.2798,"mcpPosition":[-19.8167,296.212,2.87298],"pipPosition":[-38.9425,269.336,-31.5512],"stabilizedTipPosition":[-41.852,237.828,1.42911],"timeVisible":6.50927,"tipPosition":[-39.8633,242.051,-2.19318],"tipVelocity":[125.481,252.911,-185.415],"tool":false,"touchDistance":0.333333,"touchZone":"none","type":2,"width":18.7912},{"bases":[[[0.874217,-0.448033,-0.187112],[0.472938,0.698547,0.536994],[-0.109885,-0.557941,0.822573]],[[0.873503,-0.45156,-0.181895],[0.215208,0.693331,-0.687733],[0.436666,0.561592,0.702807]],[[0.873503,-0.45156,-0.181895],[-0.414965,-0.495277,-0.76322],[0.254551,0.742155,-0.620007]],[[0.873503,-0.45156,-0.181895],[-0.48373,-0.84712,-0.219985],[-0.0547505,0.280146,-0.958395]]],"btipPosition":[-24.4809,236.781,7.51955],"carpPosition":[-6.02765,252.543,54.8457],"dipPosition":[-25.4927,241.958,-10.1929],"direction":[-0.254551,-0.742155,0.620007],"extended":false,"handId":371,"id":3713,"length":63.7298,"mcpPosition":[0.780871,287.114,3.87849],"pipPosition":[-18.5176,262.294,-27.1821],"stabilizedTipPosition":[-26.3034,234.695,5.75514],"timeVisible":6.50927,"tipPosition":[-24.985,237.829,2.68175],"tipVelocity":[125.605,248.366,-174.616],"tool":false,"touchDistance":0.333333,"touchZone":"none","type":3,"width":17.881},{"bases":[[[0.765383,-0.618818,-0.176788],[0.591574,0.568302,0.571902],[-0.253434,-0.542307,0.801045]],[[0.723814,-0.68681,-0.0662241],[0.475288,0.565857,-0.673726],[0.500196,0.456177,0.736008]],[[0.723814,-0.68681,-0.0662241],[-0.447348,-0.394034,-0.802881],[0.525332,0.610761,-0.59245]],[[0.723814,-0.68681,-0.0662241],[-0.675087,-0.685061,-0.273769],[0.14266,0.242865,-0.959513]]],"btipPosition":[-12.3282,242.547,5.67734],"carpPosition":[3.2262,243.354,49.5433],"dipPosition":[-9.89588,246.688,-10.6822],"direction":[-0.525332,-0.610761,0.59245],"extended":false,"handId":371,"id":3714,"length":49.963,"mcpPosition":[17.7623,274.459,3.59823],"pipPosition":[0.267565,258.504,-22.1442],"stabilizedTipPosition":[-13.2126,240.614,3.91852],"timeVisible":6.50927,"tipPosition":[-12.0398,243.337,1.09432],"tipVelocity":[127.801,246.344,-166.661],"tool":false,"touchDistance":0.333333,"touchZone":"none","type":4,"width":15.8833}],"r":[[0.934775,-0.0192461,0.35472],[-0.100909,0.943013,0.317086],[-0.340608,-0.332199,0.879562]],"s":1.16954,"t":[55.6525,99.0389,-100.373],"timestamp":15616426042},false],[1,{"currentFrameRate":102.445,"devices":[],"gestures":[],"hands":[{"armBasis":[[0.90341,-0.14189,-0.40462],[0.259877,0.931777,0.253486],[0.341048,-0.334153,0.878651]],"armWidth":63.029,"confidence":0.83974,"direction":[0.0385547,0.699777,-0.713321],"elbow":[79.7791,151.494,290.577],"grabStrength":0.445196,"id":371,"palmNormal":[-0.275297,-0.678787,-0.680778],"palmPosition":[-17.6653,276.893,16.158],"palmVelocity":[129.563,223.772,-152.743],"palmWidth":90.0033,"pinchStrength":0.29317,"r":[[0.933231,-0.0231149,0.358531],[-0.098722,0.943017,0.317764],[-0.345446,-0.331942,0.877771]],"s":1.17509,"sphereCenter":[-46.0576,272.331,-18.4469],"sphereRadius":46.6864,"stabilizedPalmPosition":[-19.7576,273.414,18.555],"t":[56.8514,100.905,-101.668],"timeVisible":6.51881,"type":"right","wrist":[-11.3054,240.737,55.9134]}],"id":1198198,"interactionBox":{"center":[0,200,0],"size":[235.247,235.247,147.751]},"pointables":[{"bases":[[[0.640294,0.654092,0.402725],[-0.665003,0.20963,0.716816],[0.38444,-0.726787,0.569198]],[[0.38436,0.918997,0.0878197],[-0.679292,0.217117,0.701015],[0.625164,-0.329097,0.707718]],[[0.38436,0.918997,0.0878197],[-0.915752,0.367491,0.162322],[0.1169,-0.142811,0.982822]],[[0.38436,0.918997,0.0878197],[-0.895843,0.348306,0.275951],[0.22301,-0.184737,0.957151]]],"btipPosition":[-81.4378,262.737,-34.4993],"carpPosition":[-41.4643,237.394,55.7497],"dipPosition":[-76.2752,258.46,-12.3414],"direction":[-0.1169,0.142811,-0.982822],"extended":false,"handId":371,"id":3710,"length":51.5512,"mcpPosition":[-41.4643,237.394,55.7497],"pipPosition":[-72.3326,253.644,20.8051],"stabilizedTipPosition":[-83.007,255.904,-25.6405],"timeVisible":6.51881,"tipPosition":[-79.3668,261.528,-29.6408],"tipVelocity":[120.867,263.549,-166.262],"tool":false,"touchDistance":-0.570501,"touchZone":"hovering","type":0,"width":20.0304},{"bases":[[[0.953422,-0.101968,-0.283881],[0.253965,0.779154,0.573081],[0.162751,-0.618484,0.768759]],[[0.938365,-0.054852,-0.341267],[0.26323,0.753289,0.602715],[0.224012,-0.655398,0.721299]],[[0.938365,-0.054852,-0.341267],[0.068194,0.997301,0.027213],[0.338853,-0.048808,0.939573]],[[0.938365,-0.054852,-0.341267],[-0.115924,0.880201,-0.460225],[0.325628,0.47142,0.819591]]],"btipPosition":[-63.0362,322.214,-62.873],"carpPosition":[-28.0682,256.154,60.0386],"dipPosition":[-57.533,330.181,-49.0216],"direction":[-0.338853,0.048808,-0.939573],"extended":true,"handId":371,"id":3711,"length":58.1698,"mcpPosition":[-39.9118,301.162,4.09461],"pipPosition":[-49.4316,329.014,-26.5581],"stabilizedTipPosition":[-63.9404,319.806,-57.6695],"timeVisible":6.51881,"tipPosition":[-61.8393,321.765,-59.074],"tipVelocity":[179.778,364.189,-179.809],"tool":false,"touchDistance":-0.639499,"touchZone":"hovering","type":1,"width":19.133},{"bases":[[[0.909287,-0.315913,-0.270918],[0.415007,0.73693,0.533576],[0.0310838,-0.597606,0.801187]],[[0.90952,-0.321032,-0.264029],[0.0853549,0.765918,-0.637248],[0.406802,0.557054,0.724019]],[[0.90952,-0.321032,-0.264029],[-0.398526,-0.493013,-0.773379],[0.11811,0.808627,-0.576345]],[[0.90952,-0.321032,-0.264029],[-0.38334,-0.893417,-0.234216],[-0.160697,0.314237,-0.935645]]],"btipPosition":[-38.1235,242.694,0.927984],"carpPosition":[-16.2478,256.597,57.1352],"dipPosition":[-41.1105,248.535,-16.464],"direction":[-0.11811,-0.808627,0.576345],"extended":false,"handId":371,"id":3712,"length":66.2798,"mcpPosition":[-18.393,297.839,1.84415],"pipPosition":[-37.7884,271.28,-32.6754],"stabilizedTipPosition":[-40.7548,240.068,-0.194742],"timeVisible":6.51881,"tipPosition":[-38.9356,243.866,-3.39327],"tipVelocity":[116.547,234.192,-170.308],"tool":false,"touchDistance":0.333333,"touchZone":"none","type":2,"width":18.7912},{"bases":[[[0.870061,-0.45506,-0.189511],[0.479691,0.69305,0.538125],[-0.113539,-0.559108,0.821284]],[[0.869374,-0.458361,-0.184647],[0.220586,0.694335,-0.685011],[0.44219,0.5548,0.704745]],[[0.869374,-0.458361,-0.184647],[-0.419819,-0.487993,-0.765255],[0.260657,0.74281,-0.616677]],[[0.869374,-0.458361,-0.184647],[-0.491293,-0.841889,-0.223281],[-0.0531086,0.28483,-0.957106]]],"btipPosition":[-23.5767,238.423,6.2372],"carpPosition":[-4.90816,253.918,53.6842],"dipPosition":[-24.5582,243.688,-11.4514],"direction":[-0.260657,-0.74281,0.616677],"extended":false,"handId":371,"id":3713,"length":63.7298,"mcpPosition":[2.12678,288.561,2.79688],"pipPosition":[-17.4158,264.042,-28.3494],"stabilizedTipPosition":[-25.2782,236.72,4.28501],"timeVisible":6.51881,"tipPosition":[-24.0592,239.506,1.47934],"tipVelocity":[116.917,226.99,-162.846],"tool":false,"touchDistance":0.333333,"touchZone":"none","type":3,"width":17.881},{"bases":[[[0.759773,-0.624927,-0.179474],[0.597249,0.561698,0.572528],[-0.256978,-0.542182,0.8]],[[0.717864,-0.692732,-0.0692323],[0.479461,0.564045,-0.672287],[0.504765,0.449417,0.737046]],[[0.717864,-0.692732,-0.0692323],[-0.451391,-0.387432,-0.80383],[0.530016,0.608292,-0.590816]],[[0.717864,-0.692732,-0.0692323],[-0.68119,-0.678394,-0.27525],[0.143708,0.244752,-0.958877]]],"btipPosition":[-11.3607,244.101,4.46013],"carpPosition":[4.25873,244.664,48.3449],"dipPosition":[-8.91053,248.274,-11.8886],"direction":[-0.530016,-0.608292,0.590816],"extended":false,"handId":371,"id":3714,"length":49.963,"mcpPosition":[18.9981,275.761,2.45979],"pipPosition":[1.34354,260.043,-23.319],"stabilizedTipPosition":[-12.1542,242.563,2.50821],"timeVisible":6.51881,"tipPosition":[-11.0644,244.908,-0.0823463],"tipVelocity":[120.307,222.493,-155.307],"tool":false,"touchDistance":0.333333,"touchZone":"none","type":4,"width":15.8833}],"r":[[0.933231,-0.0231149,0.358531],[-0.098722,0.943017,0.317764],[-0.345446,-0.331942,0.877771]],"s":1.17509,"t":[56.8514,100.905,-101.668],"timestamp":15616435584},false],[2,{"currentFrameRate":102.7,"devices":[],"gestures":[],"hands":[{"armBasis":[[0.906011,-0.15176,-0.395111],[0.264319,0.931969,0.248133],[0.330574,-0.329247,0.884487]],"armWidth":63.029,"confidence":0.807169,"direction":[0.0409368,0.702145,-0.710856],"elbow":[77.6813,155.07,289.895],"grabStrength":0.422246,"id":371,"palmNormal":[-0.280045,-0.674874,-0.68273],"palmPosition":[-16.8476,279.335,14.0598],"palmVelocity":[117.986,235.07,-173.553],"palmWidth":90.0033,"pinchStrength":0.294085,"r":[[0.932077,-0.0274406,0.361221],[-0.0958794,0.942882,0.31903],[-0.349343,-0.331994,0.876208]],"s":1.18008,"sphereCenter":[-45.3444,275.081,-20.537],"sphereRadius":46.7748,"stabilizedPalmPosition":[-18.6613,275.645,16.8614],"t":[57.8597,103.059,-103.365],"timeVisible":6.52806,"type":"right","wrist":[-10.6058,243.002,53.6729]}],"id":1198199,"interactionBox":{"center":[0,200,0],"size":[235.247,235.247,147.751]},"pointables":[{"bases":[[[0.644413,0.649284,0.403934],[-0.662625,0.210495,0.718763],[0.381655,-0.730837,0.565878]],[[0.389402,0.916606,0.090553],[-0.67663,0.217971,0.703321],[0.62493,-0.335145,0.705081]],[[0.389402,0.916606,0.090553],[-0.913463,0.371708,0.165586],[0.118118,-0.147196,0.982029]],[[0.389402,0.916606,0.090553],[-0.893377,0.351939,0.279315],[0.224153,-0.189664,0.95592]]],"btipPosition":[-80.8115,265.721,-36.5122],"carpPosition":[-40.782,239.818,53.5513],"dipPosition":[-75.6224,261.33,-14.3828],"direction":[-0.118118,0.147196,-0.982029],"extended":false,"handId":371,"id":3710,"length":51.5512,"mcpPosition":[-40.782,239.818,53.5513],"pipPosition":[-71.6387,256.366,18.737],"stabilizedTipPosition":[-81.8872,258.814,-27.5508],"timeVisible":6.52806,"tipPosition":[-78.7525,264.48,-31.6633],"tipVelocity":[106.107,279.336,-180.882],"tool":false,"touchDistance":-0.572077,"touchZone":"hovering","type":0,"width":20.0304},{"bases":[[[0.952371,-0.105906,-0.28596],[0.259045,0.775739,0.575434],[0.160888,-0.622103,0.766226]],[[0.937863,-0.0596042,-0.341848],[0.268752,0.74795,0.606912],[0.219511,-0.661073,0.717494]],[[0.937863,-0.0596042,-0.341848],[0.0799744,0.995744,0.0457935],[0.337664,-0.0702871,0.938639]],[[0.937863,-0.0596042,-0.341848],[-0.10167,0.894705,-0.434933],[0.331777,0.442663,0.833051]]],"btipPosition":[-61.9973,326.056,-64.8869],"carpPosition":[-27.2806,258.491,57.8839],"dipPosition":[-56.3901,333.537,-50.8081],"direction":[-0.337664,0.0702871,-0.938639],"extended":true,"handId":371,"id":3711,"length":58.1698,"mcpPosition":[-38.9887,303.763,2.12419],"pipPosition":[-48.3171,331.856,-28.3668],"stabilizedTipPosition":[-62.4253,323.542,-59.5345],"timeVisible":6.52806,"tipPosition":[-60.8133,325.532,-61.0678],"tipVelocity":[161.536,375.149,-188.861],"tool":false,"touchDistance":-0.633306,"touchZone":"hovering","type":1,"width":19.133},{"bases":[[[0.907143,-0.319663,-0.27369],[0.419794,0.73282,0.535488],[0.02939,-0.600658,0.798966]],[[0.907367,-0.324936,-0.266649],[0.0887236,0.768127,-0.63412],[0.410869,0.551721,0.725803]],[[0.907367,-0.324936,-0.266649],[-0.402167,-0.486586,-0.775562],[0.12226,0.810956,-0.572191]],[[0.907367,-0.324936,-0.266649],[-0.388822,-0.88984,-0.23875],[-0.159697,0.320313,-0.933754]]],"btipPosition":[-37.5513,245.267,-1.33012],"carpPosition":[-15.4633,258.884,54.9609],"dipPosition":[-40.5198,251.221,-18.6869],"direction":[-0.12226,-0.810956,0.572191],"extended":false,"handId":371,"id":3712,"length":66.2798,"mcpPosition":[-17.4915,300.336,-0.176926],"pipPosition":[-37.0808,274.032,-34.7815],"stabilizedTipPosition":[-39.8775,242.354,-1.97924],"timeVisible":6.52806,"tipPosition":[-38.3414,246.483,-5.6032],"tipVelocity":[101.302,247.329,-190.794],"tool":false,"touchDistance":0.333333,"touchZone":"none","type":2,"width":18.7912},{"bases":[[[0.867337,-0.458898,-0.192716],[0.484256,0.688588,0.539762],[-0.114994,-0.561479,0.819462]],[[0.866657,-0.462137,-0.187975],[0.222981,0.695849,-0.682696],[0.446301,0.549748,0.70611]],[[0.866657,-0.462137,-0.187975],[-0.42348,-0.48223,-0.766889],[0.263761,0.744233,-0.613634]],[[0.866657,-0.462137,-0.187975],[-0.496104,-0.838147,-0.226694],[-0.0527865,0.289721,-0.955654]]],"btipPosition":[-22.995,240.905,3.97518],"carpPosition":[-4.14386,256.159,51.4799],"dipPosition":[-23.9706,246.259,-13.6866],"direction":[-0.263761,-0.744233,0.613634],"extended":false,"handId":371,"id":3713,"length":63.7298,"mcpPosition":[2.98124,290.948,0.705419],"pipPosition":[-16.7431,266.652,-30.5012],"stabilizedTipPosition":[-24.4741,238.835,2.57741],"timeVisible":6.52806,"tipPosition":[-23.464,242.025,-0.742163],"tipVelocity":[101.769,239.197,-185.607],"tool":false,"touchDistance":0.333333,"touchZone":"none","type":3,"width":17.881},{"bases":[[[0.756182,-0.628224,-0.183095],[0.601189,0.556501,0.573479],[-0.258381,-0.543729,0.798497]],[[0.714166,-0.696145,-0.0731382],[0.481579,0.56448,-0.670406],[0.507985,0.44356,0.738381]],[[0.714166,-0.696145,-0.0731382],[-0.454314,-0.381498,-0.805021],[0.532509,0.608146,-0.588721]],[[0.714166,-0.696145,-0.0731382],[-0.685072,-0.673686,-0.277171],[0.143679,0.248051,-0.958033]]],"btipPosition":[-10.7342,246.554,2.19051],"carpPosition":[4.96512,246.876,46.0907],"dipPosition":[-8.28452,250.783,-14.1438],"direction":[-0.532509,-0.608146,0.588721],"extended":false,"handId":371,"id":3714,"length":49.963,"mcpPosition":[19.7849,278.062,0.291785],"pipPosition":[2.01777,262.548,-25.5337],"stabilizedTipPosition":[-11.3283,244.63,0.811484],"timeVisible":6.52806,"tipPosition":[-10.4332,247.381,-2.3102],"tipVelocity":[105.521,234.847,-180.504],"tool":false,"touchDistance":0.333333,"touchZone":"none","type":4,"width":15.8833}],"r":[[0.932077,-0.0274406,0.361221],[-0.0958794,0.942882,0.31903],[-0.349343,-0.331994,0.876208]],"s":1.18008,"t":[57.8597,103.059,-103.365],"timestamp":15616444836},false],[3,{"currentFrameRate":102.85,"devices":[],"gestures":[],"hands":[{"armBasis":[[0.906273,-0.154969,-0.393262],[0.269069,0.929031,0.253976],[0.325994,-0.335986,0.883652]],"armWidth":63.029,"confidence":0.81258,"direction":[0.0443281,0.705467,-0.707356],"elbow":[77.3488,155.524,287.724],"grabStrength":0.392855,"id":371,"palmNormal":[-0.283441,-0.670075,-0.686048],"palmPosition":[-15.7817,281.816,12.2938],"palmVelocity":[116.548,243.026,-177.435],"palmWidth":90.0033,"pinchStrength":0.296354,"r":[[0.931112,-0.0321801,0.363312],[-0.092673,0.942537,0.320991],[-0.352765,-0.332547,0.874625]],"s":1.1851,"sphereCenter":[-44.3301,277.936,-22.3518],"sphereRadius":46.8963,"stabilizedPalmPosition":[-17.562,278.001,15.1178],"t":[58.8968,105.376,-105.096],"timeVisible":6.5375,"type":"right","wrist":[-9.71513,245.256,51.7246]}],"id":1198200,"interactionBox":{"center":[0,200,0],"size":[235.247,235.247,147.751]},"pointables":[{"bases":[[[0.64765,0.644077,0.407081],[-0.661505,0.210179,0.719886],[0.378102,-0.73552,0.562182]],[[0.394151,0.91409,0.0953073],[-0.674887,0.217487,0.705143],[0.623836,-0.342255,0.702631]],[[0.394151,0.91409,0.0953073],[-0.911346,0.375347,0.169006],[0.118713,-0.153472,0.980996]],[[0.394151,0.91409,0.0953073],[-0.890964,0.354608,0.283614],[0.225453,-0.196702,0.95419]]],"btipPosition":[-79.9323,268.85,-38.2766],"carpPosition":[-39.9067,242.221,51.591],"dipPosition":[-74.7132,264.296,-16.1873],"direction":[-0.118713,0.153472,-0.980996],"extended":false,"handId":371,"id":3710,"length":51.5512,"mcpPosition":[-39.9067,242.221,51.591],"pipPosition":[-70.7094,259.12,16.8977],"stabilizedTipPosition":[-80.7908,261.937,-29.5125],"timeVisible":6.5375,"tipPosition":[-77.874,267.553,-33.4459],"tipVelocity":[102.616,293.129,-182.9],"tool":false,"touchDistance":-0.569807,"touchZone":"hovering","type":0,"width":20.0304},{"bases":[[[0.951808,-0.109178,-0.286604],[0.262928,0.771576,0.579258],[0.157895,-0.626699,0.763098]],[[0.9381,-0.0641403,-0.340373],[0.273228,0.740997,0.613408],[0.212871,-0.668438,0.712655]],[[0.9381,-0.0641403,-0.340373],[0.0934599,0.993128,0.0704381],[0.333516,-0.0978892,0.937649]],[[0.9381,-0.0641403,-0.340373],[-0.0833578,0.912012,-0.401603],[0.336183,0.405117,0.850212]]],"btipPosition":[-60.5049,330.312,-66.589],"carpPosition":[-26.3129,260.806,56.0148],"dipPosition":[-54.8233,337.159,-52.2201],"direction":[-0.333516,0.0978892,-0.937649],"extended":true,"handId":371,"id":3711,"length":58.1698,"mcpPosition":[-37.8032,306.412,0.482804],"pipPosition":[-46.8495,334.818,-29.8025],"stabilizedTipPosition":[-60.8357,327.652,-61.3814],"timeVisible":6.5375,"tipPosition":[-59.3544,329.641,-62.7363],"tipVelocity":[161.085,392.423,-184.413],"tool":false,"touchDistance":-0.62284,"touchZone":"hovering","type":1,"width":19.133},{"bases":[[[0.905527,-0.322768,-0.275394],[0.42346,0.728064,0.539078],[0.0265075,-0.604768,0.79596]],[[0.905732,-0.328293,-0.268092],[0.0941039,0.772483,-0.628024],[0.413273,0.543593,0.730556]],[[0.905732,-0.328293,-0.268092],[-0.403872,-0.476562,-0.780881],[0.128596,0.815544,-0.564226]],[[0.905732,-0.328293,-0.268092],[-0.394095,-0.885097,-0.247574],[-0.15601,0.329889,-0.931039]]],"btipPosition":[-36.7445,247.902,-3.49238],"carpPosition":[-14.4941,261.155,53.0923],"dipPosition":[-39.6444,254.034,-20.7987],"direction":[-0.128596,-0.815544,0.564226],"extended":false,"handId":371,"id":3712,"length":66.2798,"mcpPosition":[-16.3234,302.891,-1.83808],"pipPosition":[-36.0273,276.974,-36.6693],"stabilizedTipPosition":[-39.019,244.776,-3.89178],"timeVisible":6.5375,"tipPosition":[-37.4813,249.177,-7.65246],"tipVelocity":[97.2614,257.688,-201.398],"tool":false,"touchDistance":0.333333,"touchZone":"none","type":2,"width":18.7912},{"bases":[[[0.865042,-0.462206,-0.195109],[0.487703,0.683493,0.543123],[-0.117679,-0.56498,0.81667]],[[0.864374,-0.46534,-0.190566],[0.225431,0.697357,-0.680348],[0.449486,0.545116,0.70768]],[[0.864374,-0.46534,-0.190566],[-0.426177,-0.476792,-0.768793],[0.26689,0.74574,-0.610444]],[[0.864374,-0.46534,-0.190566],[-0.500208,-0.834487,-0.231135],[-0.0514685,0.295109,-0.954076]]],"btipPosition":[-22.1242,243.418,2.07871],"carpPosition":[-3.1886,258.391,49.5964],"dipPosition":[-23.0754,248.872,-15.5539],"direction":[-0.26689,-0.74574,0.610444],"extended":false,"handId":371,"id":3713,"length":63.7298,"mcpPosition":[4.10288,293.398,-1.00509],"pipPosition":[-15.7622,269.306,-32.2811],"stabilizedTipPosition":[-23.6472,241.1,0.81033],"timeVisible":6.5375,"tipPosition":[-22.5765,244.588,-2.62981],"tipVelocity":[99.2251,247.645,-189.792],"tool":false,"touchDistance":0.333333,"touchZone":"none","type":3,"width":17.881},{"bases":[[[0.753055,-0.631027,-0.186317],[0.603986,0.550665,0.576168],[-0.260979,-0.546419,0.795812]],[[0.710747,-0.699246,-0.0767672],[0.484311,0.565561,-0.66752],[0.510178,0.437259,0.740624]],[[0.710747,-0.699246,-0.0767672],[-0.456154,-0.375059,-0.807004],[0.535502,0.608593,-0.585536]],[[0.710747,-0.699246,-0.0767672],[-0.68836,-0.668869,-0.280668],[0.144909,0.252327,-0.95673]]],"btipPosition":[-9.832,249.061,0.251414],"carpPosition":[5.87391,249.091,44.1599],"dipPosition":[-7.36132,253.363,-16.0607],"direction":[-0.535502,-0.608593,0.585536],"extended":false,"handId":371,"id":3714,"length":49.963,"mcpPosition":[20.8427,280.431,-1.48503],"pipPosition":[2.99888,265.138,-27.3889],"stabilizedTipPosition":[-10.4792,246.859,-0.961799],"timeVisible":6.5375,"tipPosition":[-9.52305,249.913,-4.23076],"tipVelocity":[102.834,244.184,-187.487],"tool":false,"touchDistance":0.333333,"touchZone":"none","type":4,"width":15.8833}],"r":[[0.931112,-0.0321801,0.363312],[-0.092673,0.942537,0.320991],[-0.352765,-0.332547,0.874625]],"s":1.1851,"t":[58.8968,105.376,-105.096],"timestamp":15616454273},false],[4,{"currentFrameRate":103.052,"devices":[],"gestures":[],"hands":[{"armBasis":[[0.908305,-0.15298,-0.389331],[0.26793,0.927516,0.26063],[0.32124,-0.341045,0.883455]],"armWidth":63.029,"confidence":0.815672,"direction":[0.0480174,0.704395,-0.708182],"elbow":[76.4026,156.92,285.378],"grabStrength":0.361151,"id":371,"palmNormal":[-0.279337,-0.67124,-0.686591],"palmPosition":[-15.2513,284.5,9.91142],"palmVelocity":[99.6787,255.731,-199.541],"palmWidth":90.0033,"pinchStrength":0.297021,"r":[[0.929916,-0.0357866,0.366027],[-0.0905457,0.942342,0.32217],[-0.356452,-0.332733,0.873058]],"s":1.19028,"sphereCenter":[-43.6547,280.666,-24.8885],"sphereRadius":47.0296,"stabilizedPalmPosition":[-16.7076,280.404,13.1926],"t":[59.6806,107.877,-107.153],"timeVisible":6.54682,"type":"right","wrist":[-9.39156,248.003,49.4319]}],"id":1198201,"interactionBox":{"center":[0,200,0],"size":[235.247,235.247,147.751]},"pointables":[{"bases":[[[0.645112,0.644957,0.409709],[-0.665607,0.211025,0.715846],[0.375231,-0.734506,0.565423]],[[0.39367,0.914167,0.0965529],[-0.678158,0.217906,0.701868],[0.620585,-0.341783,0.705733]],[[0.39367,0.914167,0.0965529],[-0.912154,0.375442,0.164375],[0.114016,-0.152781,0.981661]],[[0.39367,0.914167,0.0965529],[-0.892306,0.354772,0.279153],[0.220938,-0.196049,0.95538]]],"btipPosition":[-79.1829,271.523,-40.9369],"carpPosition":[-39.5808,244.956,49.1338],"dipPosition":[-74.0683,266.985,-18.82],"direction":[-0.114016,0.152781,-0.981661],"extended":false,"handId":371,"id":3710,"length":51.5512,"mcpPosition":[-39.5808,244.956,49.1338],"pipPosition":[-70.223,261.832,14.2874],"stabilizedTipPosition":[-79.834,264.873,-31.6905],"timeVisible":6.54682,"tipPosition":[-77.1656,270.21,-36.1037],"tipVelocity":[95.6027,291.442,-211.7],"tool":false,"touchDistance":-0.580968,"touchZone":"hovering","type":0,"width":20.0304},{"bases":[[[0.95344,-0.109244,-0.281102],[0.259383,0.772569,0.579532],[0.15386,-0.625462,0.764934]],[[0.940561,-0.0658552,-0.333178],[0.270359,0.738925,0.617168],[0.20555,-0.670562,0.712808]],[[0.940561,-0.0658552,-0.333178],[0.10168,0.990624,0.0912391],[0.324046,-0.119694,0.938439]],[[0.940561,-0.0658552,-0.333178],[-0.0666448,0.926158,-0.3712],[0.333021,0.371341,0.866719]]],"btipPosition":[-59.3264,334.152,-69.4368],"carpPosition":[-26.019,263.553,53.6051],"dipPosition":[-53.6983,340.427,-54.7889],"direction":[-0.324046,0.119694,-0.938439],"extended":true,"handId":371,"id":3711,"length":58.1698,"mcpPosition":[-37.2157,309.069,-2.06057],"pipPosition":[-45.9509,337.566,-32.3524],"stabilizedTipPosition":[-59.4525,331.571,-63.6934],"timeVisible":6.54682,"tipPosition":[-58.2267,333.335,-65.5498],"tipVelocity":[150.91,393.952,-216.72],"tool":false,"touchDistance":-0.630643,"touchZone":"hovering","type":1,"width":19.133},{"bases":[[[0.907179,-0.322834,-0.269822],[0.420154,0.729058,0.540319],[0.0222821,-0.603533,0.797027]],[[0.907348,-0.328483,-0.262331],[0.098044,0.772182,-0.627791],[0.408786,0.543905,0.732844]],[[0.907348,-0.328483,-0.262331],[-0.398881,-0.475736,-0.783944],[0.132712,0.81595,-0.562684]],[[0.907348,-0.328483,-0.262331],[-0.39286,-0.88466,-0.251074],[-0.1496,0.330871,-0.931742]]],"btipPosition":[-36.1641,250.519,-6.04941],"carpPosition":[-14.1842,263.902,50.7483],"dipPosition":[-38.9449,256.67,-23.3688],"direction":[-0.132712,-0.81595,0.562684],"extended":false,"handId":371,"id":3712,"length":66.2798,"mcpPosition":[-15.7219,305.553,-4.2557],"pipPosition":[-35.2119,279.621,-39.196],"stabilizedTipPosition":[-38.2802,247.163,-5.93976],"timeVisible":6.54682,"tipPosition":[-36.8511,251.815,-10.1634],"tipVelocity":[88.196,264.354,-222.117],"tool":false,"touchDistance":0.333333,"touchZone":"none","type":2,"width":18.7912},{"bases":[[[0.866299,-0.462165,-0.18955],[0.48439,0.68452,0.544793],[-0.122033,-0.56377,0.816867]],[[0.865626,-0.465209,-0.185127],[0.229594,0.697386,-0.678925],[0.444947,0.545191,0.710485]],[[0.865626,-0.465209,-0.185127],[-0.421029,-0.476214,-0.771981],[0.270973,0.746191,-0.608089]],[[0.865626,-0.465209,-0.185127],[-0.498646,-0.834383,-0.234856],[-0.0452099,0.29561,-0.954238]]],"btipPosition":[-21.551,246.064,-0.395389],"carpPosition":[-2.85827,261.138,47.3199],"dipPosition":[-22.3866,251.528,-18.031],"direction":[-0.270973,-0.746191,0.608089],"extended":false,"handId":371,"id":3713,"length":63.7298,"mcpPosition":[4.70302,296.069,-3.29373],"pipPosition":[-14.9615,271.974,-34.6937],"stabilizedTipPosition":[-22.9422,243.403,-1.13802],"timeVisible":6.54682,"tipPosition":[-21.9525,247.245,-5.03236],"tipVelocity":[89.3602,257.967,-211.207],"tool":false,"touchDistance":0.333333,"touchZone":"none","type":3,"width":17.881},{"bases":[[[0.754329,-0.631016,-0.181125],[0.600538,0.551788,0.578692],[-0.265221,-0.545297,0.795178]],[[0.71173,-0.698716,-0.0723654],[0.484205,0.562622,-0.670076],[0.508907,0.441874,0.738756]],[[0.71173,-0.698716,-0.0723654],[-0.45463,-0.37965,-0.805716],[0.535493,0.606351,-0.587865]],[[0.71173,-0.698716,-0.0723654],[-0.686782,-0.670509,-0.280621],[0.147553,0.249425,-0.957087]]],"btipPosition":[-9.22492,251.67,-1.80704],"carpPosition":[6.23813,251.832,41.9486],"dipPosition":[-6.70917,255.923,-18.1253],"direction":[-0.535493,-0.606351,0.587865],"extended":false,"handId":371,"id":3714,"length":49.963,"mcpPosition":[21.4503,283.108,-3.65995],"pipPosition":[3.65086,267.653,-29.4985],"stabilizedTipPosition":[-9.75481,249.147,-2.77924],"timeVisible":6.54682,"tipPosition":[-8.87569,252.545,-6.32832],"tipVelocity":[92.4842,253.93,-196.963],"tool":false,"touchDistance":0.333333,"touchZone":"none","type":4,"width":15.8833}],"r":[[0.929916,-0.0357866,0.366027],[-0.0905457,0.942342,0.32217],[-0.356452,-0.332733,0.873058]],"s":1.19028,"t":[59.6806,107.877,-107.153],"timestamp":15616463594},false],[5,{"currentFrameRate":103.209,"devices":[],"gestures":[],"hands":[{"armBasis":[[0.911221,-0.144328,-0.385805],[0.259417,0.928605,0.265323],[0.319966,-0.341852,0.883605]],"armWidth":63.029,"confidence":0.707484,"direction":[0.0453552,0.71005,-0.702689],"elbow":[76.4831,158.868,283.558],"grabStrength":0.329465,"id":371,"palmNormal":[-0.271449,-0.668187,-0.692706],"palmPosition":[-14.9573,286.914,8.30262],"palmVelocity":[80.2122,256.082,-191.495],"palmWidth":90.0033,"pinchStrength":0.297614,"r":[[0.92871,-0.0377913,0.368877],[-0.0905579,0.941556,0.324457],[-0.35958,-0.334731,0.871009]],"s":1.19562,"sphereCenter":[-43.2247,283.259,-26.6158],"sphereRadius":47.1593,"stabilizedPalmPosition":[-16.0668,282.787,11.4024],"t":[60.2194,110.334,-108.986],"timeVisible":6.55621,"type":"right","wrist":[-8.97104,250.167,47.5716]}],"id":1198202,"interactionBox":{"center":[0,200,0],"size":[235.247,235.247,147.751]},"pointables":[{"bases":[[[0.6385,0.6468,0.417094],[-0.67002,0.20051,0.714751],[0.37867,-0.735829,0.561395]],[[0.386358,0.91634,0.105117],[-0.682562,0.207401,0.700781],[0.620352,-0.342501,0.705589]],[[0.386358,0.91634,0.105117],[-0.915596,0.367264,0.163711],[0.111409,-0.159495,0.980892]],[[0.386358,0.91634,0.105117],[-0.896161,0.345978,0.277838],[0.218226,-0.201546,0.954859]]],"btipPosition":[-78.5744,273.846,-42.8951],"carpPosition":[-39.1344,246.89,47.1306],"dipPosition":[-73.5225,269.181,-20.7902],"direction":[-0.111409,0.159495,-0.980892],"extended":false,"handId":371,"id":3710,"length":51.5512,"mcpPosition":[-39.1344,246.89,47.1306],"pipPosition":[-69.7651,263.801,12.2912],"stabilizedTipPosition":[-79.0061,267.574,-33.7829],"timeVisible":6.55621,"tipPosition":[-76.5902,272.511,-38.0583],"tipVelocity":[86.393,277.993,-210.866],"tool":false,"touchDistance":-0.580619,"touchZone":"hovering","type":0,"width":20.0304},{"bases":[[[0.955351,-0.0997898,-0.278114],[0.251134,0.770161,0.586331],[0.155683,-0.629995,0.760835]],[[0.943025,-0.0580862,-0.327613],[0.263119,0.732859,0.627444],[0.203648,-0.677896,0.706388]],[[0.943025,-0.0580862,-0.327613],[0.102908,0.987283,0.12117],[0.316409,-0.14798,0.93701]],[[0.943025,-0.0580862,-0.327613],[-0.0570899,0.941792,-0.331313],[0.327788,0.331139,0.884817]]],"btipPosition":[-58.8225,338.152,-70.9474],"carpPosition":[-25.7344,265.557,51.7949],"dipPosition":[-53.2828,343.749,-55.9937],"direction":[-0.316409,0.14798,-0.93701],"extended":true,"handId":371,"id":3711,"length":58.1698,"mcpPosition":[-37.0637,311.403,-3.57237],"pipPosition":[-45.718,340.211,-33.5914],"stabilizedTipPosition":[-58.49,335.548,-65.6216],"timeVisible":6.55621,"tipPosition":[-57.7764,337.164,-67.0463],"tipVelocity":[122.604,398.319,-198.676],"tool":false,"touchDistance":-0.617517,"touchZone":"hovering","type":1,"width":19.133},{"bases":[[[0.910697,-0.313809,-0.268618],[0.412389,0.728185,0.547433],[0.0238143,-0.60932,0.792567]],[[0.910882,-0.319595,-0.261061],[0.0946887,0.777609,-0.621577],[0.401656,0.541464,0.738572]],[[0.910882,-0.319595,-0.261061],[-0.391944,-0.472066,-0.789641],[0.129127,0.821591,-0.55526]],[[0.910882,-0.319595,-0.261061],[-0.385279,-0.885251,-0.26056],[-0.147831,0.337921,-0.929492]]],"btipPosition":[-35.5691,252.861,-8.02564],"carpPosition":[-13.8914,266.018,48.988],"dipPosition":[-38.317,259.143,-25.3032],"direction":[-0.129127,-0.821591,0.55526],"extended":false,"handId":371,"id":3712,"length":66.2798,"mcpPosition":[-15.5349,308.068,-5.70819],"pipPosition":[-34.6849,282.253,-40.9216],"stabilizedTipPosition":[-37.6035,249.488,-7.91206],"timeVisible":6.55621,"tipPosition":[-36.2372,254.203,-12.116],"tipVelocity":[81.3484,260.992,-218.488],"tool":false,"touchDistance":0.333333,"touchZone":"none","type":2,"width":18.7912},{"bases":[[[0.870579,-0.45405,-0.189556],[0.476949,0.684109,0.551829],[-0.120881,-0.570819,0.812129]],[[0.869914,-0.45712,-0.185175],[0.226734,0.704086,-0.672945],[0.437996,0.543419,0.716139]],[[0.869914,-0.45712,-0.185175],[-0.414246,-0.473429,-0.777345],[0.267673,0.752931,-0.601203]],[[0.869914,-0.45712,-0.185175],[-0.491282,-0.836234,-0.243629],[-0.0434818,0.30291,-0.952027]]],"btipPosition":[-20.9296,248.489,-2.31708],"carpPosition":[-2.53113,263.367,45.5842],"dipPosition":[-21.7332,254.087,-19.9119],"direction":[-0.267673,-0.752931,0.601203],"extended":false,"handId":371,"id":3713,"length":63.7298,"mcpPosition":[4.95873,298.735,-4.73596],"pipPosition":[-14.3985,274.718,-36.3858],"stabilizedTipPosition":[-22.2829,245.702,-3.02291],"timeVisible":6.55621,"tipPosition":[-21.3131,249.712,-6.93419],"tipVelocity":[82.9777,258.951,-209.038],"tool":false,"touchDistance":0.333333,"touchZone":"none","type":3,"width":17.881},{"bases":[[[0.759884,-0.623815,-0.182842],[0.593984,0.552023,0.585195],[-0.264121,-0.553285,0.79001]],[[0.717696,-0.692256,-0.0754586],[0.478684,0.569147,-0.668531],[0.505742,0.443681,0.739846]],[[0.717696,-0.692256,-0.0754586],[-0.451712,-0.380343,-0.807029],[0.529971,0.613287,-0.585671]],[[0.717696,-0.692256,-0.0754586],[-0.680712,-0.6746,-0.285563],[0.146779,0.256313,-0.955385]]],"btipPosition":[-8.63758,254.153,-3.38925],"carpPosition":[6.65785,254.172,40.1796],"dipPosition":[-6.13502,258.523,-19.6784],"direction":[-0.529971,-0.613287,0.585671],"extended":false,"handId":371,"id":3714,"length":49.963,"mcpPosition":[21.8069,285.906,-5.13257],"pipPosition":[4.11817,270.388,-31.0092],"stabilizedTipPosition":[-9.09376,251.494,-4.48048],"timeVisible":6.55621,"tipPosition":[-8.26167,255.095,-7.93736],"tipVelocity":[83.8648,257.722,-188.643],"tool":false,"touchDistance":0.333333,"touchZone":"none","type":4,"width":15.8833}],"r":[[0.92871,-0.0377913,0.368877],[-0.0905579,0.941556,0.324457],[-0.35958,-0.334731,0.871009]],"s":1.19562,"t":[60.2194,110.334,-108.986],"timestamp":15616472987},false],[6,{"currentFrameRate":103.295,"devices":[],"gestures":[],"hands":[{"armBasis":[[0.9133,-0.136368,-0.383779],[0.251117,0.930405,0.266995],[0.32066,-0.34022,0.883984]],"armWidth":63.029,"confidence":0.708102,"direction":[0.0450676,0.712232,-0.700496],"elbow":[76.9208,161,282.086],"grabStrength":0.303015,"id":371,"palmNormal":[-0.262381,-0.668151,-0.696226],"palmPosition":[-14.7006,288.674,6.78931],"palmVelocity":[64.8859,235.621,-182.139],"palmWidth":90.0033,"pinchStrength":0.29909,"r":[[0.927306,-0.038333,0.372337],[-0.0922804,0.940625,0.326664],[-0.362751,-0.337277,0.868709]],"s":1.20076,"sphereCenter":[-42.6718,284.968,-28.3354],"sphereRadius":47.2504,"stabilizedPalmPosition":[-15.5733,284.914,9.73615],"t":[60.6172,112.443,-110.659],"timeVisible":6.56573,"type":"right","wrist":[-8.71867,251.864,45.9989]}],"id":1198203,"interactionBox":{"center":[0,200,0],"size":[235.247,235.247,147.751]},"pointables":[{"bases":[[[0.63135,0.650006,0.422952],[-0.675998,0.194018,0.710904],[0.380031,-0.734744,0.561896]],[[0.379766,0.918465,0.110454],[-0.688292,0.200761,0.697101],[0.618087,-0.34076,0.708414]],[[0.379766,0.918465,0.110454],[-0.918975,0.360863,0.158943],[0.106125,-0.161866,0.98109]],[[0.379766,0.918465,0.110454],[-0.900397,0.33959,0.271963],[0.212279,-0.202735,0.955948]]],"btipPosition":[-77.8677,275.361,-44.8441],"carpPosition":[-38.8555,248.383,45.3529],"dipPosition":[-72.9535,270.667,-22.7141],"direction":[-0.106125,0.161866,-0.98109],"extended":false,"handId":371,"id":3710,"length":51.5512,"mcpPosition":[-38.8555,248.383,45.3529],"pipPosition":[-69.3743,265.208,10.374],"stabilizedTipPosition":[-78.2505,269.808,-35.7716],"timeVisible":6.56573,"tipPosition":[-75.9464,274.015,-39.9936],"tipVelocity":[81.9386,243.576,-208.936],"tool":false,"touchDistance":-0.580039,"touchZone":"hovering","type":0,"width":20.0304},{"bases":[[[0.957794,-0.0925342,-0.272153],[0.242061,0.770271,0.589991],[0.155037,-0.630968,0.76016]],[[0.946215,-0.0528664,-0.319191],[0.254344,0.731302,0.632856],[0.199968,-0.680002,0.705415]],[[0.946215,-0.0528664,-0.319191],[0.102606,0.984666,0.141081],[0.306839,-0.166244,0.93713]],[[0.946215,-0.0528664,-0.319191],[-0.0488802,0.951877,-0.302557],[0.319826,0.301886,0.898096]]],"btipPosition":[-58.1352,340.815,-72.7253],"carpPosition":[-25.6137,267.128,50.1538],"dipPosition":[-52.73,345.917,-57.5472],"direction":[-0.306839,0.166244,-0.93713],"extended":true,"handId":371,"id":3711,"length":58.1698,"mcpPosition":[-36.896,313.044,-5.16438],"pipPosition":[-45.394,341.942,-35.1421],"stabilizedTipPosition":[-57.6694,338.855,-67.4768],"timeVisible":6.56573,"tipPosition":[-57.1534,339.757,-68.8017],"tipVelocity":[107.164,360.735,-193.696],"tool":false,"touchDistance":-0.609993,"touchZone":"hovering","type":1,"width":19.133},{"bases":[[[0.914541,-0.306877,-0.263516],[0.403848,0.729498,0.552032],[0.0228281,-0.611277,0.791088]],[[0.914719,-0.312765,-0.255864],[0.0938636,0.780323,-0.618293],[0.393037,0.541548,0.743133]],[[0.914719,-0.312765,-0.255864],[-0.383298,-0.471072,-0.794464],[0.12795,0.824784,-0.550781]],[[0.914719,-0.312765,-0.255864],[-0.377859,-0.886449,-0.267266],[-0.143219,0.341154,-0.929033]]],"btipPosition":[-35.0075,254.502,-9.8383],"carpPosition":[-13.7562,267.677,47.4252],"dipPosition":[-37.6697,260.843,-27.1074],"direction":[-0.12795,-0.824784,0.550781],"extended":false,"handId":371,"id":3712,"length":66.2798,"mcpPosition":[-15.3316,309.862,-7.16886],"pipPosition":[-34.0707,284.043,-42.5998],"stabilizedTipPosition":[-36.978,251.529,-9.77188],"timeVisible":6.56573,"tipPosition":[-35.6411,255.868,-13.8948],"tipVelocity":[75.5123,235.887,-210.357],"tool":false,"touchDistance":0.333333,"touchZone":"none","type":2,"width":18.7912},{"bases":[[[0.874869,-0.4476,-0.185088],[0.468677,0.685851,0.556732],[-0.12225,-0.573814,0.80981]],[[0.874166,-0.45083,-0.180518],[0.223301,0.703249,-0.674965],[0.431243,0.549721,0.715427]],[[0.874166,-0.45083,-0.180518],[-0.407323,-0.47827,-0.77804],[0.264427,0.753665,-0.601721]],[[0.874166,-0.45083,-0.180518],[-0.483978,-0.839379,-0.247401],[-0.039987,0.303636,-0.951949]]],"btipPosition":[-20.347,250.108,-3.62493],"carpPosition":[-2.35623,265.112,44.0884],"dipPosition":[-21.0861,255.72,-21.2183],"direction":[-0.264427,-0.753665,0.601721],"extended":false,"handId":371,"id":3713,"length":63.7298,"mcpPosition":[5.21849,300.666,-6.08801],"pipPosition":[-13.8403,276.371,-37.7064],"stabilizedTipPosition":[-21.6574,247.72,-4.66953],"timeVisible":6.56573,"tipPosition":[-20.6897,251.394,-8.31757],"tipVelocity":[77.1595,233.473,-188.408],"tool":false,"touchDistance":0.333333,"touchZone":"none","type":3,"width":17.881},{"bases":[[[0.765294,-0.618133,-0.179544],[0.586392,0.554476,0.590509],[-0.26546,-0.557197,0.786805]],[[0.722943,-0.687066,-0.072762],[0.478699,0.574048,-0.664317],[0.498198,0.445432,0.743901]],[[0.722943,-0.687066,-0.072762],[-0.444056,-0.38138,-0.81078],[0.529309,0.618458,-0.580811]],[[0.722943,-0.687066,-0.072762],[-0.674175,-0.678474,-0.291826],[0.151136,0.260028,-0.9537]]],"btipPosition":[-8.08607,255.976,-4.9302],"carpPosition":[6.93018,255.995,38.7194],"dipPosition":[-5.50921,260.409,-21.1907],"direction":[-0.529309,-0.618458,0.580811],"extended":false,"handId":371,"id":3714,"length":49.963,"mcpPosition":[22.156,287.954,-6.40894],"pipPosition":[4.73117,272.374,-32.4275],"stabilizedTipPosition":[-8.47683,253.615,-6.09555],"timeVisible":6.56573,"tipPosition":[-7.68055,256.94,-9.45951],"tipVelocity":[76.9199,239.101,-180.744],"tool":false,"touchDistance":0.333333,"touchZone":"none","type":4,"width":15.8833}],"r":[[0.927306,-0.