{"sensorType":"Leap","data":[[0,{"currentFrameRate":105.185,"devices":[],"gestures":[],"hands":[{"armBasis":[[0.892422,-0.201989,-0.403464],[0.317209,0.916785,0.242659],[0.320875,-0.344537,0.882232]],"armWidth":63.029,"confidence":0.863011,"direction":[0.0403218,0.700333,-0.712677],"elbow":[72.2462,140.545,290.561],"grabStrength":0.414212,"id":371,"palmNormal":[-0.339843,-0.661121,-0.668898],"palmPosition":[-19.8339,269.174,15.6095],"palmVelocity":[91.3153,320.534,-160.719],"palmWidth":90.0033,"pinchStrength":0.338057,"r":[[0.946044,-0.0997062,0.308316],[-0.00857849,0.943444,0.331422],[-0.323924,-0.316185,0.891684]],"s":1.16665,"sphereCenter":[-49.3235,266.383,-17.5937],"sphereRadius":46.5032,"stabilizedPalmPosition":[-20.661,266.363,16.9945],"t":[55.0651,92.2817,-102.149],"timeVisible":3.3677,"type":"right","wrist":[-13.4506,232.562,54.9415]}],"id":1197870,"interactionBox":{"center":[0,200,0],"size":[235.247,235.247,147.751]},"pointables":[{"bases":[[[0.689932,0.61967,0.37417],[-0.619952,0.238973,0.747363],[0.373701,-0.747597,0.549041]],[[0.435206,0.897276,0.0741023],[-0.635997,0.248131,0.730711],[0.637263,-0.365138,0.678653]],[[0.435206,0.897276,0.0741023],[-0.894635,0.421741,0.14752],[0.101114,-0.130496,0.986279]],[[0.435206,0.897276,0.0741023],[-0.876259,0.403227,0.263777],[0.206801,-0.17973,0.961733]]],"btipPosition":[-83.3771,257.31,-32.8687],"carpPosition":[-43.7138,230.719,56.1678],"dipPosition":[-78.5897,253.149,-10.6048],"direction":[-0.101114,0.130496,-0.986279],"extended":false,"handId":371,"id":3710,"length":51.5512,"mcpPosition":[-43.7138,230.719,56.1678],"pipPosition":[-75.1795,248.748,22.6584],"stabilizedTipPosition":[-83.7367,252.346,-25.3427],"timeVisible":3.3677,"tipPosition":[-81.6729,256.058,-28.0072],"tipVelocity":[115.343,318.757,-195.606],"tool":false,"touchDistance":-0.605538,"touchZone":"hovering","type":0,"width":20.0304},{"bases":[[[0.933048,-0.147761,-0.328005],[0.318577,0.762924,0.562544],[0.167121,-0.629376,0.758918]],[[0.922444,-0.112922,-0.369249],[0.329545,0.72861,0.600439],[0.201236,-0.675556,0.709316]],[[0.922444,-0.112922,-0.369249],[0.14109,0.988728,0.0500981],[0.35943,-0.09831,0.927979]],[[0.922444,-0.112922,-0.369249],[-0.0590334,0.903797,-0.42387],[0.38159,0.412794,0.827037]]],"btipPosition":[-64.9738,318.655,-61.6591],"carpPosition":[-29.2179,248.771,59.8758],"dipPosition":[-58.5248,325.631,-47.6819],"direction":[-0.35943,0.09831,-0.927979],"extended":true,"handId":371,"id":3711,"length":58.1698,"mcpPosition":[-41.3796,294.572,4.6479],"pipPosition":[-49.9314,323.28,-25.4955],"stabilizedTipPosition":[-64.7953,316.898,-56.7068],"timeVisible":3.3677,"tipPosition":[-63.578,317.947,-57.8759],"tipVelocity":[150.053,431.087,-213.313],"tool":false,"touchDistance":-0.65017,"touchZone":"hovering","type":1,"width":19.133},{"bases":[[[0.878976,-0.359314,-0.313519],[0.475325,0.712957,0.515517],[0.0382928,-0.602151,0.797463]],[[0.879214,-0.363353,-0.308151],[0.0889729,0.760641,-0.643046],[0.468046,0.537958,0.701095]],[[0.879214,-0.363353,-0.308151],[-0.46024,-0.480596,-0.746463],[0.123134,0.798124,-0.589776]],[[0.879214,-0.363353,-0.308151],[-0.434142,-0.877423,-0.204085],[-0.196224,0.313215,-0.929189]]],"btipPosition":[-42.3108,236.277,1.82924],"carpPosition":[-17.5368,248.642,56.4287],"dipPosition":[-45.9583,242.099,-15.4427],"direction":[-0.123134,-0.798124,0.589776],"extended":false,"handId":371,"id":3712,"length":66.2798,"mcpPosition":[-20.1794,290.197,1.39463],"pipPosition":[-42.4948,264.549,-32.032],"stabilizedTipPosition":[-44.3364,233.585,0.37857],"timeVisible":3.3677,"tipPosition":[-42.9614,237.36,-1.34231],"tipVelocity":[94.3232,320.566,-200.828],"tool":false,"touchDistance":0.333333,"touchZone":"none","type":2,"width":18.7912},{"bases":[[[0.836681,-0.496726,-0.230712],[0.537888,0.665905,0.516959],[-0.103154,-0.556628,0.824333]],[[0.833862,-0.510395,-0.21017],[0.232267,0.669863,-0.70522],[0.500726,0.53924,0.677121]],[[0.833862,-0.510395,-0.21017],[-0.480036,-0.482607,-0.732568],[0.27247,0.711749,-0.647436]],[[0.833862,-0.510395,-0.21017],[-0.545997,-0.81858,-0.178363],[-0.0810051,0.263483,-0.961257]]],"btipPosition":[-28.2229,231.705,6.95398],"carpPosition":[-6.51574,245.421,52.4496],"dipPosition":[-29.72,236.575,-10.8114],"direction":[-0.27247,-0.711749,0.647436],"extended":false,"handId":371,"id":3713,"length":63.7298,"mcpPosition":[-0.124208,279.91,1.37328],"pipPosition":[-22.2538,256.078,-28.5522],"stabilizedTipPosition":[-29.5198,229.797,4.36442],"timeVisible":3.3677,"tipPosition":[-28.6177,232.485,2.76474],"tipVelocity":[97.9005,319.061,-165.763],"tool":false,"touchDistance":0.333333,"touchZone":"none","type":3,"width":17.881},{"bases":[[[0.718666,-0.660964,-0.215978],[0.650234,0.528729,0.545565],[-0.246405,-0.532515,0.809761]],[[0.670454,-0.737097,-0.0847328],[0.477234,0.515868,-0.711427],[0.568101,0.436542,0.697634]],[[0.670454,-0.737097,-0.0847328],[-0.521279,-0.386698,-0.760745],[0.527977,0.554214,-0.643496]],[[0.670454,-0.737097,-0.0847328],[-0.734921,-0.644073,-0.212274],[0.101893,0.204592,-0.97353]]],"btipPosition":[-15.7653,236.812,4.87204],"carpPosition":[1.92339,235.748,46.6692],"dipPosition":[-14.0281,240.301,-11.7265],"direction":[-0.527977,-0.554214,0.643496],"extended":false,"handId":371,"id":3714,"length":49.963,"mcpPosition":[16.0563,266.291,0.224212],"pipPosition":[-3.81348,251.023,-24.1761],"stabilizedTipPosition":[-16.2538,234.924,2.42661],"timeVisible":3.3677,"tipPosition":[-15.5903,237.433,1.01782],"tipVelocity":[102.818,319.555,-166.922],"tool":false,"touchDistance":0.333333,"touchZone":"none","type":4,"width":15.8833}],"r":[[0.946044,-0.0997062,0.308316],[-0.00857849,0.943444,0.331422],[-0.323924,-0.316185,0.891684]],"s":1.16665,"t":[55.0651,92.2817,-102.149],"timestamp":15613284476},false],[1,{"currentFrameRate":105.204,"devices":[],"gestures":[],"hands":[{"armBasis":[[0.889955,-0.206573,-0.406581],[0.323684,0.91415,0.244048],[0.321262,-0.348795,0.880416]],"armWidth":63.029,"confidence":0.862667,"direction":[0.0415351,0.703995,-0.708989],"elbow":[73.097,140.846,289.055],"grabStrength":0.396592,"id":371,"palmNormal":[-0.346918,-0.655292,-0.671],"palmPosition":[-19.032,270.868,14.8191],"palmVelocity":[89.4101,279.919,-138.572],"palmWidth":90.0033,"pinchStrength":0.339657,"r":[[0.944568,-0.101072,0.312372],[-0.00884104,0.94326,0.331937],[-0.328198,-0.316299,0.890079]],"s":1.16984,"sphereCenter":[-48.6196,268.356,-18.4183],"sphereRadius":46.4978,"stabilizedPalmPosition":[-19.8162,268.699,15.8664],"t":[55.8743,94.5137,-103.226],"timeVisible":3.37718,"type":"right","wrist":[-12.7032,234,53.9203]}],"id":1197871,"interactionBox":{"center":[0,200,0],"size":[235.247,235.247,147.751]},"pointables":[{"bases":[[[0.695434,0.613294,0.374489],[-0.615135,0.238689,0.751423],[0.371457,-0.752926,0.543251]],[[0.441366,0.893988,0.0773401],[-0.630546,0.247668,0.735576],[0.638442,-0.373425,0.673013]],[[0.441366,0.893988,0.0773401],[-0.891132,0.426578,0.154643],[0.105258,-0.137175,0.984939]],[[0.441366,0.893988,0.0773401],[-0.873258,0.4081,0.266223],[0.206438,-0.18504,0.960804]]],"btipPosition":[-82.8244,259.687,-33.4198],"carpPosition":[-42.9716,232.338,55.2714],"dipPosition":[-78.0454,255.403,-11.1774],"direction":[-0.105258,0.137175,-0.984939],"extended":false,"handId":371,"id":3710,"length":51.5512,"mcpPosition":[-42.9716,232.338,55.2714],"pipPosition":[-74.4955,250.777,22.0405],"stabilizedTipPosition":[-82.8586,255.12,-26.6354],"timeVisible":3.37718,"tipPosition":[-81.1506,258.404,-28.5672],"tipVelocity":[98.9475,298.468,-156.363],"tool":false,"touchDistance":-0.581658,"touchZone":"hovering","type":0,"width":20.0304},{"bases":[[[0.930648,-0.151742,-0.332971],[0.325817,0.75781,0.565303],[0.166549,-0.634585,0.754694]],[[0.920273,-0.117185,-0.373316],[0.336887,0.722572,0.603653],[0.199008,-0.681291,0.704442]],[[0.920273,-0.117185,-0.373316],[0.152106,0.986199,0.0653908],[0.360501,-0.116961,0.925397]],[[0.920273,-0.117185,-0.373316],[-0.0467904,0.914292,-0.402344],[0.388468,0.387734,0.835915]]],"btipPosition":[-64.1085,321.655,-62.0948],"carpPosition":[-28.3471,250.279,59.0139],"dipPosition":[-57.5432,328.208,-47.9676],"direction":[-0.360501,0.116961,-0.925397],"extended":true,"handId":371,"id":3711,"length":58.1698,"mcpPosition":[-40.4671,296.459,4.09341],"pipPosition":[-48.9243,325.412,-25.8429],"stabilizedTipPosition":[-63.5902,320.334,-57.8801],"timeVisible":3.37718,"tipPosition":[-62.7152,320.933,-58.3126],"tipVelocity":[134.038,395.384,-164.306],"tool":false,"touchDistance":-0.619504,"touchZone":"hovering","type":1,"width":19.133},{"bases":[[[0.875322,-0.363031,-0.319407],[0.482041,0.707131,0.517303],[0.0380649,-0.606774,0.793963]],[[0.87556,-0.367139,-0.314013],[0.0912904,0.764005,-0.638719],[0.474406,0.53057,0.702449]],[[0.87556,-0.367139,-0.314013],[-0.466319,-0.472378,-0.747934],[0.126263,0.801291,-0.584799]],[[0.87556,-0.367139,-0.314013],[-0.440836,-0.873056,-0.208416],[-0.197633,0.320909,-0.926261]]],"btipPosition":[-41.8058,238.171,0.89727],"carpPosition":[-16.6823,250.097,55.5141],"dipPosition":[-45.4794,244.136,-16.3203],"direction":[-0.126263,-0.801291,0.584799],"extended":false,"handId":371,"id":3712,"length":66.2798,"mcpPosition":[-19.3093,291.971,0.721623],"pipPosition":[-41.9279,266.675,-32.7695],"stabilizedTipPosition":[-43.6195,236.119,-1.08499],"timeVisible":3.37718,"tipPosition":[-42.4576,239.296,-2.27472],"tipVelocity":[82.3886,286.994,-171.087],"tool":false,"touchDistance":0.333333,"touchZone":"none","type":2,"width":18.7912},{"bases":[[[0.832537,-0.500633,-0.237169],[0.544314,0.659684,0.518208],[-0.102975,-0.560521,0.821713]],[[0.829413,-0.515758,-0.214632],[0.246396,0.682566,-0.688035],[0.501361,0.517781,0.69321]],[[0.829413,-0.515758,-0.214632],[-0.479422,-0.45995,-0.747396],[0.286756,0.722799,-0.628754]],[[0.829413,-0.515758,-0.214632],[-0.553714,-0.809896,-0.193571],[-0.0739937,0.279396,-0.957321]]],"btipPosition":[-27.9667,233.707,4.83927],"carpPosition":[-5.69935,246.829,51.4682],"dipPosition":[-29.3342,238.87,-12.8533],"direction":[-0.286756,-0.722799,0.628754],"extended":false,"handId":371,"id":3713,"length":63.7298,"mcpPosition":[0.681081,281.559,0.554264],"pipPosition":[-21.4766,258.676,-30.0822],"stabilizedTipPosition":[-28.9232,232.252,2.63301],"timeVisible":3.37718,"tipPosition":[-28.2263,234.543,1.07209],"tipVelocity":[78.4926,290.217,-181.745],"tool":false,"touchDistance":0.333333,"touchZone":"none","type":3,"width":17.881},{"bases":[[[0.713566,-0.664213,-0.222811],[0.655928,0.521657,0.545558],[-0.246136,-0.535439,0.807912]],[[0.665491,-0.740734,-0.0918414],[0.47822,0.517611,-0.709496],[0.573086,0.428243,0.698699]],[[0.665491,-0.740734,-0.0918414],[-0.526027,-0.378143,-0.761777],[0.529545,0.555266,-0.641296]],[[0.665491,-0.740734,-0.0918414],[-0.739699,-0.638041,-0.213892],[0.0998387,0.210278,-0.97253]]],"btipPosition":[-15.2203,238.541,3.80918],"carpPosition":[2.65361,237.136,45.5971],"dipPosition":[-13.518,242.127,-12.7724],"direction":[-0.529545,-0.555266,0.641296],"extended":false,"handId":371,"id":3714,"length":49.963,"mcpPosition":[16.7711,267.847,-0.7418],"pipPosition":[-3.27307,252.869,-25.1793],"stabilizedTipPosition":[-15.5178,237.219,1.17089],"timeVisible":3.37718,"tipPosition":[-15.0438,239.192,-0.0107284],"tipVelocity":[89.598,280.955,-151.123],"tool":false,"touchDistance":0.333333,"touchZone":"none","type":4,"width":15.8833}],"r":[[0.944568,-0.101072,0.312372],[-0.00884104,0.94326,0.331937],[-0.328198,-0.316299,0.890079]],"s":1.16984,"t":[55.8743,94.5137,-103.226],"timestamp":15613293947},false],[2,{"currentFrameRate":105.253,"devices":[],"gestures":[],"hands":[{"armBasis":[[0.891106,-0.210305,-0.402122],[0.328224,0.910612,0.251106],[0.313369,-0.355748,0.880479]],"armWidth":63.029,"confidence":0.778766,"direction":[0.0432818,0.704436,-0.708447],"elbow":[71.3928,141.249,287.738],"grabStrength":0.377734,"id":371,"palmNormal":[-0.350087,-0.653456,-0.671144],"palmPosition":[-18.5387,273.183,13.5234],"palmVelocity":[78.8635,270.258,-138.321],"palmWidth":90.0033,"pinchStrength":0.341293,"r":[[0.943371,-0.102906,0.315375],[-0.0082874,0.943064,0.332509],[-0.331636,-0.316293,0.888806]],"s":1.17284,"sphereCenter":[-48.1908,270.821,-19.7159],"sphereRadius":46.5687,"stabilizedPalmPosition":[-19.1497,271.039,14.6439],"t":[56.5256,96.7872,-104.412],"timeVisible":3.38658,"type":"right","wrist":[-12.2992,236.259,52.5863]}],"id":1197872,"interactionBox":{"center":[0,200,0],"size":[235.247,235.247,147.751]},"pointables":[{"bases":[[[0.698103,0.610436,0.374193],[-0.613387,0.2403,0.752338],[0.369336,-0.754734,0.542187]],[[0.445109,0.892076,0.0779679],[-0.627864,0.248822,0.737478],[0.638486,-0.377211,0.670856]],[[0.445109,0.892076,0.0779679],[-0.889118,0.429912,0.156985],[0.106523,-0.139198,0.984519]],[[0.445109,0.892076,0.0779679],[-0.87203,0.412014,0.264212],[0.203573,-0.185593,0.961308]]],"btipPosition":[-82.4032,262.323,-34.6109],"carpPosition":[-42.5719,234.707,53.9713],"dipPosition":[-77.6905,258.027,-12.3568],"direction":[-0.106523,0.139198,-0.984519],"extended":false,"handId":371,"id":3710,"length":51.5512,"mcpPosition":[-42.5719,234.707,53.9713],"pipPosition":[-74.098,253.332,20.8469],"stabilizedTipPosition":[-82.1675,257.911,-27.9182],"timeVisible":3.38658,"tipPosition":[-80.7695,261.027,-29.7618],"tipVelocity":[83.0355,293.173,-147.79],"tool":false,"touchDistance":-0.569652,"touchZone":"hovering","type":0,"width":20.0304},{"bases":[[[0.9297,-0.154857,-0.334181],[0.329237,0.75614,0.565557],[0.165107,-0.635824,0.753968]],[[0.919676,-0.121039,-0.373559],[0.340548,0.719491,0.605277],[0.19551,-0.683873,0.702917]],[[0.919676,-0.121039,-0.373559],[0.161192,0.983831,0.0780664],[0.35807,-0.132011,0.924316]],[[0.919676,-0.121039,-0.373559],[-0.0342291,0.922977,-0.383329],[0.391184,0.365325,0.844697]]],"btipPosition":[-63.3732,324.906,-63.4019],"carpPosition":[-27.8776,252.591,57.7118],"dipPosition":[-56.7621,331.08,-49.1262],"direction":[-0.35807,0.132011,-0.924316],"extended":true,"handId":371,"id":3711,"length":58.1698,"mcpPosition":[-39.8927,298.861,2.84412],"pipPosition":[-48.2012,327.924,-27.0274],"stabilizedTipPosition":[-62.6139,323.701,-59.1377],"timeVisible":3.38658,"tipPosition":[-62.0064,324.144,-59.6123],"tipVelocity":[118.42,378.503,-156.029],"tool":false,"touchDistance":-0.604981,"touchZone":"hovering","type":1,"width":19.133},{"bases":[[[0.873619,-0.365955,-0.320729],[0.485219,0.704931,0.517334],[0.0367712,-0.607577,0.793409]],[[0.873847,-0.370051,-0.315361],[0.0938118,0.764765,-0.637444],[0.477064,0.527444,0.703003]],[[0.873847,-0.370051,-0.315361],[-0.468668,-0.4685,-0.748905],[0.129387,0.802228,-0.582829]],[[0.873847,-0.370051,-0.315361],[-0.444633,-0.870648,-0.210415],[-0.196704,0.324091,-0.92535]]],"btipPosition":[-41.4837,240.562,-0.479184],"carpPosition":[-16.2177,252.369,54.1983],"dipPosition":[-45.14,246.587,-17.6798],"direction":[-0.129386,-0.802228,0.582829],"extended":false,"handId":371,"id":3712,"length":66.2798,"mcpPosition":[-18.7553,294.299,-0.556055],"pipPosition":[-41.5006,269.152,-34.0736],"stabilizedTipPosition":[-43.0652,238.614,-2.51911],"timeVisible":3.38658,"tipPosition":[-42.1272,241.716,-3.65123],"tipVelocity":[68.7781,278.039,-163.895],"tool":false,"touchDistance":0.333333,"touchZone":"none","type":2,"width":18.7912},{"bases":[[[0.830428,-0.503468,-0.238557],[0.547321,0.657256,0.518126],[-0.104067,-0.560833,0.821362]],[[0.827239,-0.518754,-0.215798],[0.248027,0.681807,-0.688202],[0.50414,0.515784,0.692683]],[[0.827239,-0.518754,-0.215798],[-0.481981,-0.45783,-0.747052],[0.288738,0.722001,-0.628764]],[[0.827239,-0.518754,-0.215798],[-0.556976,-0.807644,-0.193622],[-0.0738458,0.280366,-0.957049]]],"btipPosition":[-27.631,236.054,3.54815],"carpPosition":[-5.25139,249.065,50.1368],"dipPosition":[-28.9957,241.235,-14.1394],"direction":[-0.288738,-0.722001,0.628764],"extended":false,"handId":371,"id":3713,"length":63.7298,"mcpPosition":[1.19667,283.815,-0.755405],"pipPosition":[-21.0839,261.019,-31.3686],"stabilizedTipPosition":[-28.4577,234.628,1.13287],"timeVisible":3.38658,"tipPosition":[-27.8884,236.905,-0.234442],"tipVelocity":[66.3035,278.72,-169.012],"tool":false,"touchDistance":0.333333,"touchZone":"none","type":3,"width":17.881},{"bases":[[[0.710877,-0.666625,-0.224198],[0.658461,0.5188,0.54523],[-0.247151,-0.535217,0.807749]],[[0.662633,-0.74313,-0.09314],[0.482682,0.51883,-0.705573],[0.572656,0.42258,0.702489]],[[0.662633,-0.74313,-0.09314],[-0.525117,-0.372322,-0.765264],[0.534012,0.555999,-0.636943]],[[0.662633,-0.74313,-0.09314],[-0.741921,-0.634332,-0.217201],[0.102327,0.213027,-0.971673]]],"btipPosition":[-14.8702,240.876,2.23787],"carpPosition":[3.0593,239.347,44.2479],"dipPosition":[-13.1255,244.508,-14.329],"direction":[-0.534012,-0.555999,0.636943],"extended":false,"handId":371,"id":3714,"length":49.963,"mcpPosition":[17.235,270.045,-2.08168],"pipPosition":[-2.79412,255.265,-26.6518],"stabilizedTipPosition":[-14.9811,239.518,-0.232889],"timeVisible":3.38658,"tipPosition":[-14.6661,241.54,-1.48814],"tipVelocity":[74.9555,271.916,-155.543],"tool":false,"touchDistance":0.333333,"touchZone":"none","type":4,"width":15.8833}],"r":[[0.943371,-0.102906,0.315375],[-0.0082874,0.943064,0.332509],[-0.331636,-0.316293,0.888806]],"s":1.17284,"t":[56.5256,96.7872,-104.412],"timestamp":15613303357},false],[3,{"currentFrameRate":105.246,"devices":[],"gestures":[],"hands":[{"armBasis":[[0.888719,-0.21122,-0.406897],[0.330604,0.910159,0.249622],[0.317616,-0.356366,0.878705]],"armWidth":63.029,"confidence":0.780265,"direction":[0.0468069,0.706273,-0.706391],"elbow":[72.6518,143.964,285.378],"grabStrength":0.356105,"id":371,"palmNormal":[-0.351573,-0.65027,-0.673458],"palmPosition":[-18.2267,276.196,11.7334],"palmVelocity":[65.604,283.605,-152.653],"palmWidth":90.0033,"pinchStrength":0.345885,"r":[[0.942243,-0.105242,0.317967],[-0.00724636,0.942722,0.3335],[-0.334852,-0.316542,0.887511]],"s":1.17573,"sphereCenter":[-47.8631,274.065,-21.5966],"sphereRadius":46.6464,"stabilizedPalmPosition":[-18.6642,273.751,13.1129],"t":[57.0072,99.4304,-105.9],"timeVisible":3.3961,"type":"right","wrist":[-12.1747,239.139,50.6999]}],"id":1197873,"interactionBox":{"center":[0,200,0],"size":[235.247,235.247,147.751]},"pointables":[{"bases":[[[0.699827,0.606817,0.376849],[-0.613513,0.240415,0.752199],[0.365847,-0.757611,0.540539]],[[0.449222,0.889645,0.0820522],[-0.626268,0.248064,0.739089],[0.637172,-0.383401,0.668592]],[[0.449222,0.889645,0.0820522],[-0.887168,0.433346,0.15857],[0.105514,-0.144027,0.983932]],[[0.449222,0.889645,0.0820522],[-0.871261,0.4159,0.260635],[0.197747,-0.188572,0.961944]]],"btipPosition":[-82.0522,265.848,-36.4253],"carpPosition":[-42.4546,237.694,52.0401],"dipPosition":[-77.4744,261.482,-14.1564],"direction":[-0.105514,0.144027,-0.983932],"extended":false,"handId":371,"id":3710,"length":51.5512,"mcpPosition":[-42.4546,237.694,52.0401],"pipPosition":[-73.9158,256.625,19.0276],"stabilizedTipPosition":[-81.6248,261.131,-29.4907],"timeVisible":3.3961,"tipPosition":[-80.4778,264.502,-31.5903],"tipVelocity":[68.8187,314.916,-160.031],"tool":false,"touchDistance":-0.568184,"touchZone":"hovering","type":0,"width":20.0304},{"bases":[[[0.929575,-0.157313,-0.333381],[0.331241,0.753328,0.568134],[0.16177,-0.638553,0.752383]],[[0.920024,-0.12426,-0.371638],[0.342779,0.714776,0.609589],[0.18989,-0.688226,0.700205]],[[0.920024,-0.12426,-0.371638],[0.170885,0.980687,0.0951412],[0.352638,-0.15104,0.92349]],[[0.920024,-0.12426,-0.371638],[-0.0191477,0.933003,-0.359359],[0.391394,0.337735,0.856006]]],"btipPosition":[-62.5877,329.133,-65.2036],"carpPosition":[-27.7001,255.514,55.8508],"dipPosition":[-55.973,334.841,-50.7368],"direction":[-0.352638,0.15104,-0.92349],"extended":true,"handId":371,"id":3711,"length":58.1698,"mcpPosition":[-39.4724,301.982,1.0985],"pipPosition":[-47.5421,331.23,-28.6578],"stabilizedTipPosition":[-61.7179,327.606,-60.7232],"timeVisible":3.3961,"tipPosition":[-61.2615,328.293,-61.4041],"tipVelocity":[108.122,394.181,-164.29],"tool":false,"touchDistance":-0.599182,"touchZone":"hovering","type":1,"width":19.133},{"bases":[[[0.872705,-0.368241,-0.320601],[0.487099,0.701685,0.519974],[0.0334857,-0.609948,0.791734]],[[0.872911,-0.372356,-0.315241],[0.0995335,0.768473,-0.632094],[0.477618,0.520385,0.707871]],[[0.872911,-0.372356,-0.315241],[-0.46866,-0.460402,-0.753915],[0.135587,0.805842,-0.576399]],[[0.872911,-0.372356,-0.315241],[-0.448317,-0.867078,-0.217226],[-0.192453,0.330947,-0.923816]]],"btipPosition":[-41.3554,243.723,-2.65104],"carpPosition":[-16.0364,255.259,52.3522],"dipPosition":[-44.9328,249.875,-19.8231],"direction":[-0.135587,-0.805842,0.576399],"extended":false,"handId":371,"id":3712,"length":66.2798,"mcpPosition":[-18.3473,297.352,-2.28645],"pipPosition":[-41.119,272.541,-36.0361],"stabilizedTipPosition":[-42.6826,241.428,-4.27976],"timeVisible":3.3961,"tipPosition":[-41.9679,244.908,-5.78043],"tipVelocity":[53.4122,294.506,-182.219],"tool":false,"touchDistance":0.333333,"touchZone":"none","type":2,"width":18.7912},{"bases":[[[0.828901,-0.505827,-0.238876],[0.549024,0.653781,0.520713],[-0.107218,-0.562769,0.819631]],[[0.825556,-0.521461,-0.215721],[0.252504,0.683205,-0.685181],[0.504677,0.511185,0.695695]],[[0.825556,-0.521461,-0.215721],[-0.481997,-0.452764,-0.750122],[0.293489,0.723245,-0.625125]],[[0.825556,-0.521461,-0.215721],[-0.559927,-0.804524,-0.198048],[-0.0702784,0.284288,-0.95616]]],"btipPosition":[-27.4809,239.131,1.56533],"carpPosition":[-5.07678,251.926,48.296],"dipPosition":[-28.7798,244.385,-16.1058],"direction":[-0.293489,-0.723245,0.625125],"extended":false,"handId":371,"id":3713,"length":63.7298,"mcpPosition":[1.56653,286.795,-2.48893],"pipPosition":[-20.7377,264.204,-33.2353],"stabilizedTipPosition":[-28.1364,237.335,-0.588295],"timeVisible":3.3961,"tipPosition":[-27.7134,240.01,-2.19736],"tipVelocity":[52.2193,292.094,-180.23],"tool":false,"touchDistance":0.333333,"touchZone":"none","type":3,"width":17.881},{"bases":[[[0.708735,-0.668586,-0.225139],[0.659621,0.514843,0.547573],[-0.250189,-0.536591,0.805901]],[[0.660104,-0.745204,-0.0945177],[0.486347,0.519881,-0.702275],[0.572476,0.417606,0.705603]],[[0.660104,-0.745204,-0.0945177],[-0.524565,-0.367241,-0.768092],[0.537675,0.556601,-0.633325]],[[0.660104,-0.745204,-0.0945177],[-0.743784,-0.630808,-0.221057],[0.10511,0.216222,-0.97067]]],"btipPosition":[-14.661,243.91,0.290694],"carpPosition":[3.20622,242.194,42.3907],"dipPosition":[-12.8689,247.596,-16.2591],"direction":[-0.537675,-0.556601,0.633325],"extended":false,"handId":371,"id":3714,"length":49.963,"mcpPosition":[17.5562,272.971,-3.83286],"pipPosition":[-2.46665,258.365,-28.5119],"stabilizedTipPosition":[-14.6082,242.186,-1.90473],"timeVisible":3.3961,"tipPosition":[-14.4394,244.592,-3.40884],"tipVelocity":[60.0409,285.802,-169.554],"tool":false,"touchDistance":0.333333,"touchZone":"none","type":4,"width":15.8833}],"r":[[0.942243,-0.105242,0.317967],[-0.00724636,0.942722,0.3335],[-0.334852,-0.316542,0.887511]],"s":1.17573,"t":[57.0072,99.4304,-105.9],"timestamp":15613312872},false],[4,{"currentFrameRate":105.326,"devices":[],"gestures":[],"hands":[{"armBasis":[[0.888636,-0.218909,-0.402994],[0.336047,0.908784,0.247355],[0.312086,-0.355234,0.881142]],"armWidth":63.029,"confidence":0.782359,"direction":[0.0532219,0.708516,-0.703685],"elbow":[71.3121,146.376,284.312],"grabStrength":0.34208,"id":371,"palmNormal":[-0.355199,-0.645165,-0.676459],"palmPosition":[-17.7494,278.493,10.1451],"palmVelocity":[61.4845,272.883,-157.555],"palmWidth":90.0033,"pinchStrength":0.349875,"r":[[0.941064,-0.108735,0.320275],[-0.00514126,0.942207,0.334991],[-0.33819,-0.316895,0.886118]],"s":1.1779,"sphereCenter":[-47.3079,276.642,-23.3358],"sphereRadius":46.6655,"stabilizedPalmPosition":[-18.1934,276.192,11.5855],"t":[57.4867,101.901,-107.438],"timeVisible":3.40545,"type":"right","wrist":[-12.0374,241.249,48.984]}],"id":1197874,"interactionBox":{"center":[0,200,0],"size":[235.247,235.247,147.751]},"pointables":[{"bases":[[[0.703632,0.600242,0.380279],[-0.613015,0.242149,0.752048],[0.359327,-0.762282,0.538341]],[[0.456486,0.885468,0.0869857],[-0.624014,0.248934,0.740702],[0.634214,-0.3924,0.666179]],[[0.456486,0.885468,0.0869857],[-0.883746,0.439925,0.159557],[0.103016,-0.149709,0.983349]],[[0.456486,0.885468,0.0869857],[-0.868934,0.422666,0.257503],[0.191245,-0.193131,0.962354]]],"btipPosition":[-81.5462,268.917,-38.0684],"carpPosition":[-42.3295,240.022,50.2677],"dipPosition":[-77.1189,264.446,-15.79],"direction":[-0.103016,0.149709,-0.983349],"extended":false,"handId":371,"id":3710,"length":51.5512,"mcpPosition":[-42.3295,240.022,50.2677],"pipPosition":[-73.6446,259.397,17.3743],"stabilizedTipPosition":[-81.1119,264.291,-31.1058],"timeVisible":3.40545,"tipPosition":[-80.037,267.52,-33.2484],"tipVelocity":[63.6077,318.011,-164.437],"tool":false,"touchDistance":-0.564313,"touchZone":"hovering","type":0,"width":20.0304},{"bases":[[[0.928962,-0.16293,-0.332392],[0.335807,0.748759,0.571484],[0.155769,-0.642506,0.750281]],[[0.919917,-0.130297,-0.369833],[0.34693,0.710008,0.612804],[0.182738,-0.692035,0.698352]],[[0.919917,-0.130297,-0.369833],[0.18133,0.977627,0.106608],[0.347668,-0.165132,0.922962]],[[0.919917,-0.130297,-0.369833],[-0.00492223,0.939265,-0.343158],[0.392083,0.317497,0.863404]]],"btipPosition":[-61.4904,332.466,-66.7657],"carpPosition":[-27.4506,257.718,54.1694],"dipPosition":[-54.8641,337.832,-52.1739],"direction":[-0.347668,0.165132,-0.922962],"extended":true,"handId":371,"id":3711,"length":58.1698,"mcpPosition":[-38.7862,304.475,-0.429909],"pipPosition":[-46.5519,333.884,-30.1074],"stabilizedTipPosition":[-60.6979,331.155,-62.2876],"timeVisible":3.40545,"tipPosition":[-60.1877,331.626,-62.9574],"tipVelocity":[110.837,381.149,-164.225],"tool":false,"touchDistance":-0.590597,"touchZone":"hovering","type":1,"width":19.133},{"bases":[[[0.870517,-0.373479,-0.320491],[0.491363,0.696146,0.523396],[0.0276317,-0.613102,0.78952]],[[0.870683,-0.377595,-0.315173],[0.107927,0.771855,-0.626571],[0.479858,0.511529,0.712794]],[[0.870683,-0.377595,-0.315173],[-0.470112,-0.450515,-0.758967],[0.144592,0.808986,-0.569767]],[[0.870683,-0.377595,-0.315173],[-0.454983,-0.861734,-0.22451],[-0.186821,0.338876,-0.922096]]],"btipPosition":[-41.1629,246.258,-4.61415],"carpPosition":[-15.7831,257.39,50.6896],"dipPosition":[-44.6356,252.558,-21.7543],"direction":[-0.144592,-0.808986,0.569767],"extended":false,"handId":371,"id":3712,"length":66.2798,"mcpPosition":[-17.69,299.701,-3.79634],"pipPosition":[-40.5685,275.313,-37.7807],"stabilizedTipPosition":[-42.3794,244.069,-6.07816],"timeVisible":3.40545,"tipPosition":[-41.7444,247.482,-7.71546],"tipVelocity":[44.8413,288.953,-189.885],"tool":false,"touchDistance":0.333333,"touchZone":"none","type":2,"width":18.7912},{"bases":[[[0.82556,-0.51104,-0.239352],[0.552932,0.647785,0.524062],[-0.112768,-0.56499,0.817355]],[[0.821929,-0.527262,-0.215469],[0.262225,0.686092,-0.678613],[0.505638,0.501271,0.702181]],[[0.821929,-0.527262,-0.215469],[-0.481908,-0.442068,-0.756532],[0.303639,0.725652,-0.61744]],[[0.821929,-0.527262,-0.215469],[-0.566066,-0.798156,-0.206195],[-0.0632592,0.291447,-0.954493]]],"btipPosition":[-27.352,241.575,-0.478104],"carpPosition":[-4.84141,253.992,46.6396],"dipPosition":[-28.5211,246.961,-18.1185],"direction":[-0.303639,-0.725652,0.61744],"extended":false,"handId":371,"id":3713,"length":63.7298,"mcpPosition":[2.14579,288.999,-4.00437],"pipPosition":[-20.2009,266.845,-35.0373],"stabilizedTipPosition":[-27.9014,239.832,-2.38732],"timeVisible":3.40545,"tipPosition":[-27.5304,242.492,-4.14893],"tipVelocity":[42.2311,284.322,-190.904],"tool":false,"touchDistance":0.333333,"touchZone":"none","type":3,"width":17.881},{"bases":[[[0.704175,-0.672957,-0.226421],[0.662456,0.507936,0.550593],[-0.255518,-0.537708,0.80348]],[[0.654872,-0.749563,-0.09643],[0.492397,0.519986,-0.697968],[0.573313,0.409598,0.709607]],[[0.654872,-0.749563,-0.09643],[-0.524791,-0.359213,-0.771726],[0.543818,0.555987,-0.628602]],[[0.654872,-0.749563,-0.09643],[-0.747803,-0.624252,-0.226054],[0.109245,0.220147,-0.96933]]],"btipPosition":[-14.4004,246.226,-1.50326],"carpPosition":[3.37978,244.221,40.7122],"dipPosition":[-12.5378,249.979,-18.0302],"direction":[-0.543818,-0.555987,0.628602],"extended":false,"handId":371,"id":3714,"length":49.963,"mcpPosition":[18.0354,275.062,-5.37257],"pipPosition":[-2.01668,260.736,-30.1916],"stabilizedTipPosition":[-14.2956,244.595,-3.5752],"timeVisible":3.40545,"tipPosition":[-14.157,246.929,-5.16833],"tipVelocity":[51.4173,275.496,-175.743],"tool":false,"touchDistance":0.333333,"touchZone":"none","type":4,"width":15.8833}],"r":[[0.941064,-0.108735,0.320275],[-0.00514126,0.942207,0.334991],[-0.33819,-0.316895,0.886118]],"s":1.1779,"t":[57.4867,101.901,-107.438],"timestamp":15613322218},false],[5,{"currentFrameRate":105.344,"devices":[],"gestures":[],"hands":[{"armBasis":[[0.890118,-0.221628,-0.398209],[0.338303,0.906802,0.251518],[0.305353,-0.358597,0.882138]],"armWidth":63.029,"confidence":0.751087,"direction":[0.0567364,0.710565,-0.70134],"elbow":[69.8113,146.753,283.505],"grabStrength":0.332679,"id":371,"palmNormal":[-0.355726,-0.641983,-0.679204],"palmPosition":[-17.2635,279.907,9.1777],"palmVelocity":[58.5895,237.541,-141.729],"palmWidth":90.0033,"pinchStrength":0.354592,"r":[[0.939912,-0.112287,0.322425],[-0.00304234,0.941579,0.336779],[-0.341405,-0.317524,0.884659]],"s":1.17945,"sphereCenter":[-46.7039,278.147,-24.4721],"sphereRadius":46.6681,"stabilizedPalmPosition":[-17.7172,278.094,10.3525],"t":[57.9694,103.842,-108.691],"timeVisible":3.4149,"type":"right","wrist":[-11.7401,242.524,47.9105]}],"id":1197875,"interactionBox":{"center":[0,200,0],"size":[235.247,235.247,147.751]},"pointables":[{"bases":[[[0.704625,0.596962,0.383588],[-0.613822,0.241592,0.751569],[0.355986,-0.765029,0.536661]],[[0.460394,0.882913,0.0922007],[-0.622826,0.247259,0.742261],[0.632554,-0.399158,0.663738]],[[0.460394,0.882913,0.0922007],[-0.881828,0.442928,0.161844],[0.102056,-0.155817,0.9825]],[[0.460394,0.882913,0.0922007],[-0.868123,0.426098,0.254565],[0.185472,-0.197242,0.96265]]],"btipPosition":[-81.0069,270.912,-39.0645],"carpPosition":[-42.0381,241.382,49.1292],"dipPosition":[-76.7133,266.346,-16.7794],"direction":[-0.102056,0.155817,-0.9825],"extended":false,"handId":371,"id":3710,"length":51.5512,"mcpPosition":[-42.0381,241.382,49.1292],"pipPosition":[-73.2713,261.091,16.3563],"stabilizedTipPosition":[-80.587,266.968,-32.467],"timeVisible":3.4149,"tipPosition":[-79.5497,269.437,-34.2659],"tipVelocity":[60.7898,286.691,-147.464],"tool":false,"touchDistance":-0.551134,"touchZone":"hovering","type":0,"width":20.0304},{"bases":[[[0.92915,-0.164626,-0.331028],[0.336852,0.745963,0.574517],[0.152354,-0.64532,0.748566]],[[0.920413,-0.132297,-0.367882],[0.34756,0.707756,0.615047],[0.179002,-0.693959,0.697409]],[[0.920413,-0.132297,-0.367882],[0.185917,0.975907,0.114196],[0.343911,-0.173503,0.922834]],[[0.920413,-0.132297,-0.367882],[0.00274395,0.943165,-0.332313],[0.390938,0.304856,0.868464]]],"btipPosition":[-60.6384,334.47,-67.736],"carpPosition":[-27.1151,259.022,53.1167],"dipPosition":[-54.0315,339.622,-53.0587],"direction":[-0.343911,0.173503,-0.922834],"extended":true,"handId":371,"id":3711,"length":58.1698,"mcpPosition":[-38.2022,305.983,-1.35783],"pipPosition":[-45.8091,335.474,-30.9953],"stabilizedTipPosition":[-59.7587,333.831,-63.5204],"timeVisible":3.4149,"tipPosition":[-59.3475,333.656,-63.9155],"tipVelocity":[104.758,331.201,-145.982],"tool":false,"touchDistance":-0.574131,"touchZone":"hovering","type":1,"width":19.133},{"bases":[[[0.87006,-0.375038,-0.319909],[0.49235,0.693043,0.526577],[0.0242238,-0.615661,0.787639]],[[0.870205,-0.379221,-0.314539],[0.114097,0.776167,-0.620119],[0.479297,0.503743,0.718692]],[[0.870205,-0.379221,-0.314539],[-0.468852,-0.441209,-0.765188],[0.151398,0.813342,-0.561741]],[[0.870205,-0.379221,-0.314539],[-0.458083,-0.857788,-0.233151],[-0.181392,0.346974,-0.920166]]],"btipPosition":[-40.8519,247.814,-6.05736],"carpPosition":[-15.4416,258.671,49.6594],"dipPosition":[-44.2236,254.263,-23.1616],"direction":[-0.151398,-0.813342,0.561741],"extended":false,"handId":371,"id":3712,"length":66.2798,"mcpPosition":[-17.1133,301.158,-4.69669],"pipPosition":[-39.9651,277.141,-38.9623],"stabilizedTipPosition":[-42.0678,246.235,-7.69949],"timeVisible":3.4149,"tipPosition":[-41.3929,249.075,-9.10477],"tipVelocity":[42.1209,254.345,-178.957],"tool":false,"touchDistance":0.333333,"touchZone":"none","type":2,"width":18.7912},{"bases":[[[0.824534,-0.51272,-0.239294],[0.553775,0.644498,0.527215],[-0.11609,-0.567222,0.815342]],[[0.820755,-0.529214,-0.215161],[0.266173,0.687501,-0.675644],[0.505483,0.497268,0.705132]],[[0.820755,-0.529214,-0.215161],[-0.481302,-0.437675,-0.759466],[0.307749,0.726892,-0.613936]],[[0.820755,-0.529214,-0.215161],[-0.568155,-0.795501,-0.210659],[-0.0596769,0.295144,-0.953587]]],"btipPosition":[-26.9786,243.048,-1.61533],"carpPosition":[-4.5018,255.252,45.6208],"dipPosition":[-28.0815,248.503,-19.2389],"direction":[-0.307749,-0.726892,0.613936],"extended":false,"handId":371,"id":3713,"length":63.7298,"mcpPosition":[2.69121,290.398,-4.8984],"pipPosition":[-19.6487,268.421,-36.0618],"stabilizedTipPosition":[-27.6021,241.832,-3.85494],"timeVisible":3.4149,"tipPosition":[-27.1379,243.991,-5.28318],"tipVelocity":[41.9048,248.003,-170.554],"tool":false,"touchDistance":0.333333,"touchZone":"none","type":3,"width":17.881},{"bases":[[[0.702646,-0.674318,-0.227118],[0.662832,0.504243,0.553527],[-0.258731,-0.539475,0.801265]],[[0.652922,-0.751108,-0.0976219],[0.49778,0.522665,-0.692124],[0.570884,0.403309,0.715146]],[[0.652922,-0.751108,-0.0976219],[-0.521776,-0.352607,-0.7768],[0.549038,0.558126,-0.622135]],[[0.652922,-0.751108,-0.0976219],[-0.748799,-0.620705,-0.232436],[0.11399,0.224861,-0.9677]]],"btipPosition":[-13.9903,247.681,-2.75578],"carpPosition":[3.70256,245.476,39.6792],"dipPosition":[-12.0468,251.515,-19.255],"direction":[-0.549038,-0.558126,0.622135],"extended":false,"handId":371,"id":3714,"length":49.963,"mcpPosition":[18.5424,276.419,-6.27843],"pipPosition":[-1.42467,262.313,-31.2912],"stabilizedTipPosition":[-13.9342,246.501,-5.00459],"timeVisible":3.4149,"tipPosition":[-13.717,248.406,-6.35319],"tipVelocity":[49.6739,241.217,-163.147],"tool":false,"touchDistance":0.333333,"touchZone":"none","type":4,"width":15.8833}],"r":[[0.939912,-0.112287,0.322425],[-0.00304234,0.941579,0.336779],[-0.341405,-0.317524,0.884659]],"s":1.17945,"t":[57.9694,103.842,-108.691],"timestamp":15613331676},false],[6,{"currentFrameRate":105.34,"devices":[],"gestures":[],"hands":[{"armBasis":[[0.89213,-0.220306,-0.394422],[0.336488,0.906584,0.254717],[0.301461,-0.359959,0.882922]],"armWidth":63.029,"confidence":0.669437,"direction":[0.0558414,0.715649,-0.696224],"elbow":[69.1296,147.397,282.651],"grabStrength":0.326077,"id":371,"palmNormal":[-0.354656,-0.637621,-0.683856],"palmPosition":[-16.9525,281.183,8.38234],"palmVelocity":[51.1567,207.888,-125.049],"palmWidth":90.0033,"pinchStrength":0.360811,"r":[[0.938997,-0.115317,0.324016],[-0.00165902,0.940583,0.33956],[-0.343921,-0.319384,0.883013]],"s":1.18037,"sphereCenter":[-46.2996,279.488,-25.4114],"sphereRadius":46.6501,"stabilizedPalmPosition":[-17.3294,279.661,9.35344],"t":[58.3663,105.452,-109.715],"timeVisible":3.42441,"type":"right","wrist":[-11.3823,243.532,46.8477]}],"id":1197876,"interactionBox":{"center":[0,200,0],"size":[235.247,235.247,147.751]},"pointables":[{"bases":[[[0.703679,0.595225,0.387999],[-0.614322,0.235313,0.75315],[0.356993,-0.768332,0.531245]],[[0.461299,0.881494,0.100855],[-0.621064,0.239633,0.746227],[0.633626,-0.406872,0.658007]],[[0.461299,0.881494,0.100855],[-0.881165,0.441885,0.168183],[0.103685,-0.166453,0.980583]],[[0.461299,0.881494,0.100855],[-0.868302,0.425161,0.255516],[0.182356,-0.205443,0.96153]]],"btipPosition":[-80.6835,272.798,-39.7683],"carpPosition":[-41.679,242.338,48.0519],"dipPosition":[-76.462,268.042,-17.5091],"direction":[-0.103685,0.166453,-0.980583],"extended":false,"handId":371,"id":3710,"length":51.5512,"mcpPosition":[-41.679,242.338,48.0519],"pipPosition":[-72.9651,262.428,15.5619],"stabilizedTipPosition":[-80.1555,269.305,-33.5435],"timeVisible":3.42441,"tipPosition":[-79.2691,271.201,-35.0058],"tipVelocity":[52.5979,259.996,-126.545],"tool":false,"touchDistance":-0.535,"touchZone":"touching","type":0,"width":20.0304},{"bases":[[[0.929454,-0.160901,-0.332003],[0.335652,0.74232,0.579913],[0.153144,-0.65044,0.743959]],[[0.920801,-0.12873,-0.368176],[0.346113,0.704862,0.619173],[0.179807,-0.697566,0.693593]],[[0.920801,-0.12873,-0.368176],[0.185628,0.97484,0.123407],[0.343027,-0.181977,0.92153]],[[0.920801,-0.12873,-0.368176],[0.00424146,0.947213,-0.320578],[0.390009,0.293627,0.872741]]],"btipPosition":[-60.3606,336.337,-68.2277],"carpPosition":[-26.7824,259.971,52.1686],"dipPosition":[-53.7693,341.299,-53.4781],"direction":[-0.343027,0.181977,-0.92153],"extended":true,"handId":371,"id":3711,"length":58.1698,"mcpPosition":[-37.927,307.304,-1.97064],"pipPosition":[-45.5682,336.949,-31.4459],"stabilizedTipPosition":[-59.2031,336.048,-64.3196],"timeVisible":3.42441,"tipPosition":[-59.0692,335.545,-64.3972],"tipVelocity":[82.9399,291.152,-118.392],"tool":false,"touchDistance":-0.552178,"touchZone":"touching","type":1,"width":19.133},{"bases":[[[0.870669,-0.371473,-0.322403],[0.491236,0.689971,0.531628],[0.0249634,-0.621248,0.783217]],[[0.87082,-0.375726,-0.317023],[0.116622,0.784355,-0.609251],[0.47757,0.493576,0.72685]],[[0.87082,-0.375726,-0.317023],[-0.466628,-0.428813,-0.773549],[0.154699,0.821553,-0.548743]],[[0.87082,-0.375726,-0.317023],[-0.458128,-0.854131,-0.246128],[-0.178302,0.35957,-0.915924]]],"btipPosition":[-40.637,249.209,-7.53361],"carpPosition":[-15.1077,259.661,48.7114],"dipPosition":[-43.9513,255.893,-24.559],"direction":[-0.154699,-0.821553,0.548743],"extended":false,"handId":371,"id":3712,"length":66.2798,"mcpPosition":[-16.8305,302.534,-5.33954],"pipPosition":[-39.5999,279.002,-39.9941],"stabilizedTipPosition":[-41.8002,248.041,-9.20044],"timeVisible":3.42441,"tipPosition":[-41.1382,250.522,-10.4953],"tipVelocity":[36.914,225.079,-171.625],"tool":false,"touchDistance":0.333333,"touchZone":"none","type":2,"width":18.7912},{"bases":[[[0.825327,-0.509795,-0.242785],[0.552731,0.641512,0.531931],[-0.115426,-0.573212,0.811236]],[[0.821527,-0.526626,-0.218538],[0.265763,0.692782,-0.67039],[0.504444,0.492665,0.709097]],[[0.821527,-0.526626,-0.218538],[-0.480204,-0.432414,-0.763166],[0.307404,0.731904,-0.608127]],[[0.821527,-0.526626,-0.218538],[-0.56708,-0.794524,-0.217145],[-0.0592793,0.302319,-0.951362]]],"btipPosition":[-26.632,244.388,-2.70657],"carpPosition":[-4.16215,256.288,44.6507],"dipPosition":[-27.7276,249.976,-20.2891],"direction":[-0.307404,-0.731904,0.608127],"extended":false,"handId":371,"id":3713,"length":63.7298,"mcpPosition":[2.98973,291.804,-5.61413],"pipPosition":[-19.3042,270.031,-36.9527],"stabilizedTipPosition":[-27.2893,243.505,-5.11649],"timeVisible":3.42441,"tipPosition":[-26.7848,245.367,-6.36598],"tipVelocity":[40.3949,218.172,-154.253],"tool":false,"touchDistance":0.333333,"touchZone":"none","type":3,"width":17.881},{"bases":[[[0.703672,-0.671653,-0.231792],[0.661987,0.501231,0.557261],[-0.258104,-0.545573,0.797329]],[[0.654117,-0.749341,-0.103047],[0.499043,0.529917,-0.685671],[0.568408,0.397084,0.720581]],[[0.654117,-0.749341,-0.103047],[-0.519045,-0.34558,-0.781772],[0.550203,0.564857,-0.614991]],[[0.654117,-0.749341,-0.103047],[-0.7475,-0.61957,-0.239534],[0.115648,0.233711,-0.965404]]],"btipPosition":[-13.6353,249.057,-3.93568],"carpPosition":[4.05762,246.566,38.641],"dipPosition":[-11.6635,253.042,-20.3957],"direction":[-0.550203,-0.564857,0.614991],"extended":false,"handId":371,"id":3714,"length":49.963,"mcpPosition":[18.8616,277.858,-7.09088],"pipPosition":[-1.01894,263.97,-32.2938],"stabilizedTipPosition":[-13.5842,248.116,-6.26822],"timeVisible":3.42441,"tipPosition":[-13.3446,249.82,-7.47908],"tipVelocity":[46.3293,214.565,-151.672],"tool":false,"touchDistance":