{"sensorType":"Leap","data":[[0,{"currentFrameRate":105.96,"devices":[],"gestures":[],"hands":[{"armBasis":[[0.874818,-0.275799,-0.398281],[0.383396,0.89671,0.221175],[0.296143,-0.346187,0.890199]],"armWidth":63.029,"confidence":0.797576,"direction":[0.0395479,0.665253,-0.74557],"elbow":[73.1292,140.085,301.616],"grabStrength":0,"id":371,"palmNormal":[-0.408799,-0.670079,-0.619579],"palmPosition":[-12.4715,267.696,23.2478],"palmVelocity":[100.561,280.075,-304.574],"palmWidth":90.0033,"pinchStrength":0.620897,"r":[[0.951998,-0.143779,0.270235],[0.069681,0.961435,0.266058],[-0.298067,-0.234456,0.925304]],"s":1.06312,"sphereCenter":[-25.837,246.413,-21.8127],"sphereRadius":48.5343,"stabilizedPalmPosition":[-17.325,255.429,36.5939],"t":[62.475,90.997,-93.0752],"timeVisible":0.26429,"type":"right","wrist":[-5.96225,232.542,63.8688]}],"id":1197548,"interactionBox":{"center":[0,200,0],"size":[235.247,235.247,147.751]},"pointables":[{"bases":[[[0.740251,0.596643,0.309913],[-0.566398,0.305055,0.765594],[0.362246,-0.742266,0.563755]],[[0.522831,0.851102,0.0476719],[-0.634698,0.351343,0.688271],[0.56904,-0.390107,0.723885]],[[0.522831,0.851102,0.0476719],[-0.805919,0.475306,0.352958],[0.277744,-0.222957,0.934424]],[[0.522831,0.851102,0.0476719],[-0.845512,0.510659,0.156003],[0.10843,-0.12187,0.986606]]],"btipPosition":[-76.1485,262.02,-23.4017],"carpPosition":[-36.1741,232.418,66.6951],"dipPosition":[-73.6384,259.199,-0.561942],"direction":[-0.277744,0.222957,-0.934424],"extended":false,"handId":371,"id":3710,"length":51.5512,"mcpPosition":[-36.1741,232.418,66.6951],"pipPosition":[-64.2712,251.68,30.9523],"stabilizedTipPosition":[-84.6442,243.926,3.26739],"timeVisible":0.26429,"tipPosition":[-75.0443,261.847,-18.0941],"tipVelocity":[132.882,290.952,-354.045],"tool":false,"touchDistance":-0.48352,"touchZone":"hovering","type":0,"width":20.0304},{"bases":[[[0.905463,-0.212919,-0.367153],[0.387351,0.76815,0.509809],[0.17348,-0.603831,0.778006]],[[0.915848,-0.257183,-0.308349],[0.368326,0.843876,0.390141],[0.159871,-0.470882,0.867589]],[[0.915848,-0.257183,-0.308349],[0.292324,0.953533,0.072943],[0.275262,-0.156943,0.948472]],[[0.915848,-0.257183,-0.308349],[0.210388,0.961456,-0.177028],[0.341993,0.0972577,0.934656]]],"btipPosition":[-52.3541,315.853,-63.1298],"carpPosition":[-20.5748,249.792,68.8289],"dipPosition":[-46.5743,317.497,-47.3339],"direction":[-0.275262,0.156943,-0.948472],"extended":true,"handId":371,"id":3711,"length":58.1698,"mcpPosition":[-33.1993,293.734,12.212],"pipPosition":[-39.9933,313.745,-24.6575],"stabilizedTipPosition":[-54.1497,308.519,-53.3745],"timeVisible":0.26429,"tipPosition":[-50.9465,314.472,-59.3876],"tipVelocity":[162.702,391.655,-312.612],"tool":false,"touchDistance":0.151895,"touchZone":"hovering","type":1,"width":19.133},{"bases":[[[0.841187,-0.420352,-0.34016],[0.538568,0.707651,0.457356],[0.0484646,-0.567921,0.821655]],[[0.842178,-0.4353,-0.318198],[0.239683,0.830847,-0.502241],[0.483,0.34671,0.804055]],[[0.842178,-0.4353,-0.318198],[-0.409119,-0.131475,-0.902959],[0.351223,0.890633,-0.288815]],[[0.842178,-0.4353,-0.318198],[-0.539125,-0.670008,-0.510326],[0.00894953,0.601334,-0.798948]]],"btipPosition":[-45.5325,235.305,-7.25396],"carpPosition":[-9.114,248.872,64.8103],"dipPosition":[-45.3662,246.483,-22.105],"direction":[-0.351223,-0.890633,0.288815],"extended":false,"handId":371,"id":3712,"length":66.2798,"mcpPosition":[-12.4586,288.065,8.1067],"pipPosition":[-35.4869,271.535,-30.2288],"stabilizedTipPosition":[-52.3854,224.676,4.47798],"timeVisible":0.26429,"tipPosition":[-45.876,237.618,-11.3219],"tipVelocity":[138.119,287.065,-334.269],"tool":false,"touchDistance":0.333333,"touchZone":"none","type":2,"width":18.7912},{"bases":[[[0.796141,-0.551486,-0.249043],[0.598562,0.657346,0.457843],[-0.0887872,-0.513575,0.853438]],[[0.792197,-0.570583,-0.216468],[0.384162,0.741873,-0.549585],[0.474176,0.352221,0.806906]],[[0.792197,-0.570583,-0.216468],[-0.345666,-0.127214,-0.929694],[0.50293,0.811327,-0.29801]],[[0.792197,-0.570583,-0.216468],[-0.582181,-0.600231,-0.548442],[0.183,0.560498,-0.807684]]],"btipPosition":[-31.12,228.545,-5.01035],"carpPosition":[1.49814,244.88,60.4375],"dipPosition":[-27.7379,238.904,-19.9375],"direction":[-0.50293,-0.811327,0.29801],"extended":false,"handId":371,"id":3713,"length":63.7298,"mcpPosition":[6.99946,276.702,7.55787],"pipPosition":[-13.9568,261.135,-28.1034],"stabilizedTipPosition":[-36.752,218.387,5.32754],"timeVisible":0.26429,"tipPosition":[-30.5619,230.875,-9.15442],"tipVelocity":[138.051,293.205,-325.697],"tool":false,"touchDistance":0.333333,"touchZone":"none","type":3,"width":17.881},{"bases":[[[0.670597,-0.708201,-0.220795],[0.704893,0.515594,0.487123],[-0.23114,-0.4823,0.844962]],[[0.630908,-0.769595,-0.0983798],[0.620167,0.576427,-0.532095],[0.466206,0.274691,0.84095]],[[0.630908,-0.769595,-0.0983798],[-0.262505,-0.0924162,-0.960495],[0.7301,0.631809,-0.260329]],[[0.630908,-0.769595,-0.0983798],[-0.655574,-0.460977,-0.5981],[0.414944,0.441841,-0.79536]]],"btipPosition":[-15.1464,232.815,-4.58258],"carpPosition":[9.10188,234.516,54.697],"dipPosition":[-8.0717,240.348,-18.1434],"direction":[-0.730101,-0.631809,0.260329],"extended":false,"handId":371,"id":3714,"length":49.963,"mcpPosition":[22.3593,262.179,6.23298],"pipPosition":[6.05334,252.571,-23.1799],"stabilizedTipPosition":[-18.1122,224.695,2.46658],"timeVisible":0.26429,"tipPosition":[-13.4064,234.671,-8.74362],"tipVelocity":[133.979,298.527,-310.422],"tool":false,"touchDistance":0.333333,"touchZone":"none","type":4,"width":15.8833}],"r":[[0.951998,-0.143779,0.270235],[0.069681,0.961435,0.266058],[-0.298067,-0.234456,0.925304]],"s":1.06312,"t":[62.475,90.997,-93.0752],"timestamp":15610181062},false],[1,{"currentFrameRate":105.958,"devices":[],"gestures":[],"hands":[{"armBasis":[[0.878722,-0.269814,-0.39376],[0.375346,0.900204,0.220788],[0.294893,-0.341808,0.892303]],"armWidth":63.029,"confidence":0.80548,"direction":[0.0453538,0.670023,-0.740954],"elbow":[72.9119,143.166,299.474],"grabStrength":0,"id":371,"palmNormal":[-0.398614,-0.667972,-0.628427],"palmPosition":[-12.0333,269.829,20.6866],"palmVelocity":[85.0784,264.604,-295.048],"palmWidth":90.0033,"pinchStrength":0.619112,"r":[[0.949857,-0.143282,0.277923],[0.0653806,0.960194,0.271573],[-0.305772,-0.239785,0.921416]],"s":1.06788,"sphereCenter":[-25.1456,249.079,-24.4931],"sphereRadius":48.4552,"stabilizedPalmPosition":[-16.4385,257.842,33.929],"t":[63.0787,93.3521,-95.7549],"timeVisible":0.273732,"type":"right","wrist":[-5.84579,234.453,61.1642]}],"id":1197549,"interactionBox":{"center":[0,200,0],"size":[235.247,235.247,147.751]},"pointables":[{"bases":[[[0.733976,0.597877,0.322216],[-0.576623,0.297878,0.760773],[0.358867,-0.744186,0.563384]],[[0.519094,0.852637,0.0595974],[-0.642352,0.34317,0.685287],[0.563849,-0.394011,0.72583]],[[0.519094,0.852637,0.0595974],[-0.81218,0.470337,0.345176],[0.266279,-0.227583,0.936644]],[[0.519094,0.852637,0.0595974],[-0.849118,0.50647,0.149953],[0.0976707,-0.128445,0.986895]]],"btipPosition":[-75.1701,264.285,-26.6385],"carpPosition":[-36.0878,234.182,63.6359],"dipPosition":[-72.909,261.312,-3.79205],"direction":[-0.266279,0.227583,-0.936644],"extended":false,"handId":371,"id":3710,"length":51.5512,"mcpPosition":[-36.0878,234.182,63.6359],"pipPosition":[-63.9286,253.636,27.7971],"stabilizedTipPosition":[-83.4243,246.328,0.258325],"timeVisible":0.273732,"tipPosition":[-74.1404,264.012,-21.3597],"tipVelocity":[122.781,275.286,-350.786],"tool":false,"touchDistance":-0.512031,"touchZone":"hovering","type":0,"width":20.0304},{"bases":[[[0.910608,-0.20676,-0.357832],[0.378022,0.766628,0.519019],[0.167011,-0.607891,0.776258]],[[0.920323,-0.250307,-0.300586],[0.360215,0.841893,0.401823],[0.152482,-0.478082,0.864978]],[[0.920323,-0.250307,-0.300586],[0.28991,0.95237,0.094569],[0.262598,-0.174177,0.949055]],[[0.920323,-0.250307,-0.300586],[0.213864,0.965413,-0.149129],[0.327518,0.0729622,0.942024]]],"btipPosition":[-51.0374,319.095,-65.8001],"carpPosition":[-20.5903,251.609,66.0589],"dipPosition":[-45.5022,320.328,-49.8796],"direction":[-0.262598,0.174177,-0.949055],"extended":true,"handId":371,"id":3711,"length":58.1698,"mcpPosition":[-32.744,295.846,9.56918],"pipPosition":[-39.224,316.163,-27.1894],"stabilizedTipPosition":[-52.7777,311.916,-56.1162],"timeVisible":0.273732,"tipPosition":[-49.7105,317.601,-62.0607],"tipVelocity":[154.35,374.957,-303.224],"tool":false,"touchDistance":0.146017,"touchZone":"hovering","type":1,"width":19.133},{"bases":[[[0.846925,-0.414629,-0.332868],[0.530104,0.707104,0.467968],[0.0413395,-0.572788,0.81866]],[[0.847724,-0.429717,-0.310976],[0.241973,0.834994,-0.494201],[0.47203,0.343698,0.811825]],[[0.847724,-0.429717,-0.310976],[-0.398025,-0.127793,-0.90843],[0.350627,0.893875,-0.279372]],[[0.847724,-0.429717,-0.310976],[-0.530211,-0.669359,-0.520418],[0.0154777,0.606054,-0.795273]]],"btipPosition":[-44.5878,237.497,-10.3929],"carpPosition":[-9.07941,250.763,62.1691],"dipPosition":[-44.3001,248.762,-25.1756],"direction":[-0.350627,-0.893875,0.279372],"extended":false,"handId":371,"id":3712,"length":66.2798,"mcpPosition":[-11.9323,290.292,5.67213],"pipPosition":[-34.4376,273.905,-33.0338],"stabilizedTipPosition":[-51.1752,227.048,1.66634],"timeVisible":0.273732,"tipPosition":[-44.8912,239.833,-14.4428],"tipVelocity":[128.081,271.962,-333.272],"tool":false,"touchDistance":0.333333,"touchZone":"none","type":2,"width":18.7912},{"bases":[[[0.80139,-0.546517,-0.243092],[0.590306,0.657054,0.468848],[-0.0965096,-0.519229,0.849169]],[[0.797177,-0.565722,-0.210874],[0.383502,0.744241,-0.546838],[0.466299,0.355056,0.810247]],[[0.797177,-0.565722,-0.210874],[-0.341656,-0.134735,-0.930117],[0.497775,0.813514,-0.30069]],[[0.797177,-0.565722,-0.210874],[-0.575989,-0.607941,-0.546485],[0.180959,0.557106,-0.810485]]],"btipPosition":[-30.0122,230.736,-7.30942],"carpPosition":[1.60036,246.844,57.8964],"dipPosition":[-26.6678,241.032,-22.2883],"direction":[-0.497775,-0.813514,0.30069],"extended":false,"handId":371,"id":3713,"length":63.7298,"mcpPosition":[7.58016,279.016,5.28125],"pipPosition":[-13.028,263.324,-30.5277],"stabilizedTipPosition":[-35.4596,220.92,2.55944],"timeVisible":0.273732,"tipPosition":[-29.4682,233.1,-11.6309],"tipVelocity":[131.862,275.294,-302.553],"tool":false,"touchDistance":0.333333,"touchZone":"none","type":3,"width":17.881},{"bases":[[[0.676208,-0.703941,-0.217279],[0.696904,0.515581,0.498499],[-0.238889,-0.488512,0.839219]],[[0.634593,-0.767141,-0.0937349],[0.625939,0.581311,-0.519882],[0.453312,0.271241,0.84908]],[[0.634593,-0.767141,-0.0937349],[-0.249617,-0.0886653,-0.964277],[0.731425,0.635321,-0.247758]],[[0.634593,-0.767141,-0.0937349],[-0.646824,-0.460815,-0.607674],[0.422978,0.446256,-0.788635]]],"btipPosition":[-14.1998,235.18,-7.41075],"carpPosition":[9.31568,236.548,52.1816],"dipPosition":[-6.98812,242.789,-20.8569],"direction":[-0.731425,-0.635321,0.247758],"extended":false,"handId":371,"id":3714,"length":49.963,"mcpPosition":[23.0175,264.567,4.04701],"pipPosition":[7.16255,255.08,-25.6502],"stabilizedTipPosition":[-16.9827,227.175,-0.162885],"timeVisible":0.273732,"tipPosition":[-12.4337,237.032,-11.4918],"tipVelocity":[125.29,285.335,-306.509],"tool":false,"touchDistance":0.333333,"touchZone":"none","type":4,"width":15.8833}],"r":[[0.949857,-0.143282,0.277923],[0.0653806,0.960194,0.271573],[-0.305772,-0.239785,0.921416]],"s":1.06788,"t":[63.0787,93.3521,-95.7549],"timestamp":15610190504},false],[2,{"currentFrameRate":106.008,"devices":[],"gestures":[],"hands":[{"armBasis":[[0.890304,-0.236731,-0.388994],[0.346071,0.906963,0.240112],[0.295961,-0.348392,0.889399]],"armWidth":63.029,"confidence":0.498548,"direction":[0.044194,0.684045,-0.7281],"elbow":[73.108,143.239,295.091],"grabStrength":0,"id":371,"palmNormal":[-0.367003,-0.666736,-0.64867],"palmPosition":[-12.1487,272.204,17.5655],"palmVelocity":[57.4687,261.665,-306.121],"palmWidth":90.0033,"pinchStrength":0.610918,"r":[[0.947538,-0.138993,0.287842],[0.0556869,0.958519,0.279537],[-0.314755,-0.248842,0.915973]],"s":1.07329,"sphereCenter":[-24.2336,252.303,-28.0839],"sphereRadius":48.4081,"stabilizedPalmPosition":[-15.769,260.083,31.3753],"t":[63.3227,95.717,-98.6553],"timeVisible":0.283073,"type":"right","wrist":[-5.93506,236.284,57.5577]}],"id":1197550,"interactionBox":{"center":[0,200,0],"size":[235.247,235.247,147.751]},"pointables":[{"bases":[[[0.710776,0.610763,0.348948],[-0.600908,0.269339,0.752573],[0.365658,-0.744597,0.558453]],[[0.496042,0.863942,0.0868779],[-0.661311,0.311059,0.682576],[0.562682,-0.39604,0.725632]],[[0.496042,0.863942,0.0868779],[-0.830875,0.443223,0.336452],[0.252169,-0.239079,0.937685]],[[0.496042,0.863942,0.0868779],[-0.86433,0.48174,0.144433],[0.082929,-0.146736,0.985693]]],"btipPosition":[-74.4144,266.205,-30.931],"carpPosition":[-36.2069,235.19,59.3409],"dipPosition":[-72.4946,262.808,-8.11234],"direction":[-0.252169,0.239079,-0.937685],"extended":false,"handId":371,"id":3710,"length":51.5512,"mcpPosition":[-36.2069,235.19,59.3409],"pipPosition":[-63.99,254.745,23.5119],"stabilizedTipPosition":[-82.3866,248.425,-2.58983],"timeVisible":0.283073,"tipPosition":[-73.3997,265.696,-25.7549],"tipVelocity":[108.532,252.561,-381.793],"tool":false,"touchDistance":-0.553644,"touchZone":"hovering","type":0,"width":20.0304},{"bases":[[[0.923399,-0.17683,-0.340685],[0.346263,0.76676,0.540538],[0.16564,-0.617099,0.769254]],[[0.932815,-0.220115,-0.285316],[0.32943,0.841796,0.427615],[0.146053,-0.492878,0.857753]],[[0.932815,-0.220115,-0.285316],[0.265679,0.955003,0.131849],[0.243455,-0.198793,0.949321]],[[0.932815,-0.220115,-0.285316],[0.197746,0.974576,-0.10535],[0.301251,0.0418516,0.952626]]],"btipPosition":[-50.4005,322.864,-68.8151],"carpPosition":[-21.228,252.965,62.4127],"dipPosition":[-45.3093,323.571,-52.7155],"direction":[-0.243455,0.198793,-0.949321],"extended":true,"handId":371,"id":3711,"length":58.1698,"mcpPosition":[-33.2819,297.873,6.43271],"pipPosition":[-39.4887,318.818,-30.0188],"stabilizedTipPosition":[-51.6923,315.315,-58.8681],"timeVisible":0.283073,"tipPosition":[-49.1733,321.211,-65.093],"tipVelocity":[126.837,379.38,-307.512],"tool":false,"touchDistance":0.133369,"touchZone":"hovering","type":1,"width":19.133},{"bases":[[[0.864638,-0.386682,-0.320747],[0.500942,0.712091,0.491917],[0.0381857,-0.586006,0.809406]],[[0.865347,-0.402116,-0.299126],[0.23155,0.850115,-0.472957],[0.444476,0.340009,0.828755]],[[0.865347,-0.402116,-0.299126],[-0.373769,-0.120198,-0.919701],[0.333872,0.907665,-0.254311]],[[0.865347,-0.402116,-0.299126],[-0.500852,-0.67252,-0.544852],[0.0179255,0.621304,-0.783364]]],"btipPosition":[-43.1669,239.636,-14.887],"carpPosition":[-9.61566,252.485,58.7699],"dipPosition":[-42.8337,251.185,-29.4483],"direction":[-0.333872,-0.907665,0.254311],"extended":false,"handId":371,"id":3712,"length":66.2798,"mcpPosition":[-12.2509,292.926,2.91156],"pipPosition":[-33.4425,276.716,-36.6016],"stabilizedTipPosition":[-50.0451,229.179,-1.11577],"timeVisible":0.283073,"tipPosition":[-43.4179,242.036,-18.8345],"tipVelocity":[135.209,261.763,-373.618],"tool":false,"touchDistance":0.333333,"touchZone":"none","type":2,"width":18.7912},{"bases":[[[0.820593,-0.521275,-0.234304],[0.562399,0.663602,0.493296],[-0.101658,-0.536568,0.837712]],[[0.816197,-0.541058,-0.202679],[0.372933,0.76128,-0.530447],[0.441298,0.357363,0.823133]],[[0.816197,-0.541058,-0.202679],[-0.323214,-0.136807,-0.936385],[0.47891,0.829783,-0.286539]],[[0.816197,-0.541058,-0.202679],[-0.549951,-0.619976,-0.559628],[0.177135,0.568231,-0.803578]]],"btipPosition":[-28.3461,233.133,-10.9082],"carpPosition":[1.25489,248.919,54.6726],"dipPosition":[-25.0724,243.634,-25.7594],"direction":[-0.47891,-0.829783,0.286539],"extended":false,"handId":371,"id":3713,"length":63.7298,"mcpPosition":[7.55372,282.165,2.76735],"pipPosition":[-11.9495,266.372,-33.6111],"stabilizedTipPosition":[-34.1705,223.317,-0.20725],"timeVisible":0.283073,"tipPosition":[-27.8052,235.583,-15.3041],"tipVelocity":[144.545,271.415,-325.1],"tool":false,"touchDistance":0.333333,"touchZone":"none","type":3,"width":17.881},{"bases":[[[0.699032,-0.682306,-0.214038],[0.671979,0.524417,0.522907],[-0.244538,-0.509357,0.82508]],[[0.655651,-0.749583,-0.0908187],[0.623761,0.605483,-0.49428],[0.425493,0.267426,0.864546]],[[0.655651,-0.749583,-0.0908187],[-0.224666,-0.0788378,-0.971241],[0.720866,0.657199,-0.220096]],[[0.655651,-0.749583,-0.0908187],[-0.621211,-0.467133,-0.629193],[0.429207,0.468948,-0.771925]]],"btipPosition":[-12.759,238.08,-11.1853],"carpPosition":[9.36145,238.929,48.9571],"dipPosition":[-5.44106,246.076,-24.3465],"direction":[-0.720866,-0.657199,0.220096],"extended":false,"handId":371,"id":3714,"length":49.963,"mcpPosition":[23.3872,268.144,1.63352],"pipPosition":[8.50531,258.79,-28.6046],"stabilizedTipPosition":[-15.8498,229.62,-2.8576],"timeVisible":0.283073,"tipPosition":[-10.9646,240.015,-15.1503],"tipVelocity":[134.237,295.148,-332.168],"tool":false,"touchDistance":0.333333,"touchZone":"none","type":4,"width":15.8833}],"r":[[0.947538,-0.138993,0.287842],[0.0556869,0.958519,0.279537],[-0.314755,-0.248842,0.915973]],"s":1.07329,"t":[63.3227,95.717,-98.6553],"timestamp":15610199845},false],[3,{"currentFrameRate":106.021,"devices":[],"gestures":[],"hands":[{"armBasis":[[0.895634,-0.21796,-0.387728],[0.327515,0.912979,0.243317],[0.300954,-0.34491,0.88908]],"armWidth":63.029,"confidence":0.503353,"direction":[0.0442259,0.688977,-0.723433],"elbow":[74.8175,145.342,292.976],"grabStrength":0,"id":371,"palmNormal":[-0.347104,-0.668431,-0.657814],"palmPosition":[-11.7432,273.516,15.655],"palmVelocity":[53.3731,226.809,-276.747],"palmWidth":90.0033,"pinchStrength":0.598998,"r":[[0.945121,-0.133054,0.298402],[0.0440773,0.956897,0.287064],[-0.323734,-0.258157,0.910248]],"s":1.07914,"sphereCenter":[-23.3575,253.999,-30.1922],"sphereRadius":48.4312,"stabilizedPalmPosition":[-15.1783,262.054,29.0683],"t":[63.6475,97.5552,-101.061],"timeVisible":0.292481,"type":"right","wrist":[-5.55889,237.458,55.5274]}],"id":1197551,"interactionBox":{"center":[0,200,0],"size":[235.247,235.247,147.751]},"pointables":[{"bases":[[[0.696048,0.619553,0.362865],[-0.615948,0.255551,0.745186],[0.368952,-0.742191,0.559488]],[[0.482938,0.869823,0.100888],[-0.669885,0.292792,0.682296],[0.563937,-0.39709,0.724082]],[[0.482938,0.869823,0.100888],[-0.840258,0.427903,0.332965],[0.24645,-0.245574,0.937527]],[[0.482938,0.869823,0.100888],[-0.872155,0.467515,0.144135],[0.0782055,-0.157599,0.984402]]],"btipPosition":[-73.8003,267.424,-33.3013],"carpPosition":[-35.8329,235.886,56.8588],"dipPosition":[-71.9898,263.775,-10.5126],"direction":[-0.24645,0.245574,-0.937527],"extended":false,"handId":371,"id":3710,"length":51.5512,"mcpPosition":[-35.8329,235.886,56.8588],"pipPosition":[-63.6781,255.493,21.1063],"stabilizedTipPosition":[-81.4911,250.231,-5.12318],"timeVisible":0.292481,"tipPosition":[-72.6877,266.649,-28.266],"tipVelocity":[95.4409,215.741,-344.987],"tool":false,"touchDistance":-0.562271,"touchZone":"hovering","type":0,"width":20.0304},{"bases":[[[0.93091,-0.16054,-0.328075],[0.326399,0.768767,0.549965],[0.163921,-0.619051,0.768053]],[[0.940056,-0.203203,-0.273867],[0.310345,0.84264,0.44005],[0.141352,-0.498665,0.855192]],[[0.940056,-0.203203,-0.273867],[0.25138,0.955582,0.153851],[0.23044,-0.213474,0.949382]],[[0.940056,-0.203203,-0.273867],[0.189158,0.97892,-0.0770451],[0.28375,0.0206226,0.958677]]],"btipPosition":[-49.4186,324.868,-70.8827],"carpPosition":[-21.1779,253.872,60.2526],"dipPosition":[-44.6231,325.217,-54.6808],"direction":[-0.23044,0.213474,-0.949382],"extended":true,"handId":371,"id":3711,"length":58.1698,"mcpPosition":[-33.1067,298.921,4.36001],"pipPosition":[-39.1137,320.113,-31.9827],"stabilizedTipPosition":[-50.6771,318.211,-61.36],"timeVisible":0.292481,"tipPosition":[-48.2678,323.123,-67.1728],"tipVelocity":[118.372,329.462,-281.787],"tool":false,"touchDistance":0.124515,"touchZone":"hovering","type":1,"width":19.133},{"bases":[[[0.875124,-0.371388,-0.310208],[0.482601,0.71678,0.503312],[0.035427,-0.590167,0.806504]],[[0.875756,-0.386946,-0.288659],[0.227561,0.858231,-0.460061],[0.425755,0.337214,0.839654]],[[0.875756,-0.386946,-0.288659],[-0.355996,-0.113773,-0.927536],[0.326064,0.915057,-0.237388]],[[0.875756,-0.386946,-0.288659],[-0.482212,-0.672837,-0.561037],[0.0228704,0.630527,-0.77583]]],"btipPosition":[-41.848,240.784,-17.814],"carpPosition":[-9.50747,253.593,56.7782],"dipPosition":[-41.4229,252.504,-32.2353],"direction":[-0.326064,-0.915057,0.237388],"extended":false,"handId":371,"id":3712,"length":66.2798,"mcpPosition":[-11.9523,294.321,1.12025],"pipPosition":[-32.2514,278.243,-38.9126],"stabilizedTipPosition":[-48.9893,230.999,-3.66336],"timeVisible":0.292481,"tipPosition":[-42.0134,243.2,-21.5497],"tipVelocity":[137.267,223.133,-354.826],"tool":false,"touchDistance":0.333333,"touchZone":"none","type":2,"width":18.7912},{"bases":[[[0.831911,-0.507159,-0.225197],[0.544774,0.669236,0.505316],[-0.105565,-0.543059,0.833032]],[[0.827378,-0.527128,-0.193862],[0.366776,0.768506,-0.524284],[0.425349,0.362677,0.829183]],[[0.827378,-0.527128,-0.193862],[-0.311361,-0.143214,-0.939438],[0.46744,0.837631,-0.282619]],[[0.827378,-0.527128,-0.193862],[-0.533624,-0.630121,-0.564086],[0.175189,0.570161,-0.802636]]],"btipPosition":[-26.828,234.349,-12.8622],"carpPosition":[1.47578,250.219,52.8209],"dipPosition":[-23.5902,244.886,-27.696],"direction":[-0.46744,-0.837631,0.282619],"extended":false,"handId":371,"id":3713,"length":63.7298,"mcpPosition":[8.01669,283.867,1.20561],"pipPosition":[-10.7816,267.839,-35.4402],"stabilizedTipPosition":[-32.8843,225.457,-2.76255],"timeVisible":0.292481,"tipPosition":[-26.2835,236.827,-17.305],"tipVelocity":[149.09,231.15,-291.51],"tool":false,"touchDistance":0.333333,"touchZone":"none","type":3,"width":17.881},{"bases":[[[0.712577,-0.670162,-0.207645],[0.656054,0.531583,0.535736],[-0.248649,-0.51798,0.818456]],[[0.6678,-0.739595,-0.0839164],[0.62314,0.61716,-0.480426],[0.407111,0.268537,0.873011]],[[0.6678,-0.739595,-0.0839164],[-0.208153,-0.077317,-0.975036],[0.714644,0.668596,-0.205582]],[[0.6678,-0.739595,-0.0839164],[-0.60487,-0.473509,-0.640251],[0.433792,0.478318,-0.763568]]],"btipPosition":[-11.3806,239.616,-13.3138],"carpPosition":[9.81888,240.389,47.1681],"dipPosition":[-3.9845,247.771,-26.3326],"direction":[-0.714644,-0.668596,0.205582],"extended":false,"handId":371,"id":3714,"length":49.963,"mcpPosition":[24.0805,270.099,0.224337],"pipPosition":[9.8415,260.706,-30.3099],"stabilizedTipPosition":[-14.7078,231.817,-5.3469],"timeVisible":0.292481,"tipPosition":[-9.56982,241.571,-17.2028],"tipVelocity":[138.281,258.654,-300.982],"tool":false,"touchDistance":0.333333,"touchZone":"none","type":4,"width":15.8833}],"r":[[0.945121,-0.133054,0.298402],[0.0440773,0.956897,0.287064],[-0.323734,-0.258157,0.910248]],"s":1.07914,"t":[63.6475,97.5552,-101.061],"timestamp":15610209253},false],[4,{"currentFrameRate":106.027,"devices":[],"gestures":[],"hands":[{"armBasis":[[0.903908,-0.207093,-0.374249],[0.313178,0.916384,0.24932],[0.291323,-0.342569,0.893184]],"armWidth":63.029,"confidence":0.481463,"direction":[0.0450664,0.692586,-0.719926],"elbow":[72.3659,148.479,291.484],"grabStrength":0,"id":371,"palmNormal":[-0.330708,-0.669681,-0.664951],"palmPosition":[-11.5521,276.123,13.1429],"palmVelocity":[43.9315,241.079,-273.871],"palmWidth":90.0033,"pinchStrength":0.589814,"r":[[0.942583,-0.126374,0.309138],[0.0317011,0.95532,0.29387],[-0.332463,-0.267196,0.904474]],"s":1.08519,"sphereCenter":[-22.8095,256.979,-32.8249],"sphereRadius":48.4367,"stabilizedPalmPosition":[-14.6674,264.036,26.8247],"t":[63.9055,99.778,-103.52],"timeVisible":0.301901,"type":"right","wrist":[-5.43845,239.97,52.9394]}],"id":1197552,"interactionBox":{"center":[0,200,0],"size":[235.247,235.247,147.751]},"pointables":[{"bases":[[[0.68391,0.626263,0.374247],[-0.628335,0.244926,0.738381],[0.370758,-0.740139,0.56101]],[[0.471361,0.874941,0.110887],[-0.677171,0.278497,0.681087],[0.565029,-0.396127,0.723758]],[[0.471361,0.874941,0.110887],[-0.848338,0.415429,0.32824],[0.241125,-0.24879,0.938063]],[[0.471361,0.874941,0.110887],[-0.878902,0.455581,0.141342],[0.0731479,-0.164082,0.983731]]],"btipPosition":[-73.4304,269.778,-36.2663],"carpPosition":[-35.7058,238.03,53.8804],"dipPosition":[-71.737,265.98,-13.4931],"direction":[-0.241125,0.24879,-0.938063],"extended":false,"handId":371,"id":3710,"length":51.5512,"mcpPosition":[-35.7058,238.03,53.8804],"pipPosition":[-63.6049,257.589,18.1439],"stabilizedTipPosition":[-80.7189,251.938,-7.49067],"timeVisible":0.301901,"tipPosition":[-72.2551,268.877,-31.3173],"tipVelocity":[78.5946,224.462,-336.468],"tool":false,"touchDistance":-0.578906,"touchZone":"hovering","type":0,"width":20.0304},{"bases":[[[0.936841,-0.14796,-0.316917],[0.310161,0.770228,0.557269],[0.161645,-0.620368,0.767473]],[[0.945739,-0.190267,-0.263395],[0.295032,0.842482,0.450755],[0.136141,-0.504007,0.852903]],[[0.945739,-0.190267,-0.263395],[0.240782,0.954688,0.174913],[0.21818,-0.228843,0.948698]],[[0.945739,-0.190267,-0.263395],[0.18391,0.98173,-0.0488234],[0.267872,-0.00226688,0.963452]]],"btipPosition":[-48.6042,328.248,-73.5253],"carpPosition":[-21.3121,256.175,57.5349],"dipPosition":[-44.0771,328.21,-57.2427],"direction":[-0.21818,0.228843,-0.948698],"extended":true,"handId":371,"id":3711,"length":58.1698,"mcpPosition":[-33.0753,301.32,1.68447],"pipPosition":[-38.8608,322.738,-34.5609],"stabilizedTipPosition":[-49.7572,321.173,-63.8474],"timeVisible":0.301901,"tipPosition":[-47.5441,326.39,-69.8301],"tipVelocity":[107.392,335.143,-280.867],"tool":false,"touchDistance":0.10908,"touchZone":"hovering","type":1,"width":19.133},{"bases":[[[0.883373,-0.359537,-0.300641],[0.467553,0.720318,0.512382],[0.0323374,-0.59319,0.804412]],[[0.88392,-0.375142,-0.279203],[0.224178,0.863897,-0.451028],[0.410402,0.336081,0.847715]],[[0.88392,-0.375142,-0.279203],[-0.34139,-0.109621,-0.933508],[0.319591,0.920463,-0.224966]],[[0.88392,-0.375142,-0.279203],[-0.466845,-0.673136,-0.573536],[0.027216,0.637304,-0.770131]]],"btipPosition":[-40.8903,243.226,-21.08],"carpPosition":[-9.59626,256.05,54.2076],"dipPosition":[-40.3844,255.073,-35.3954],"direction":[-0.319591,-0.920463,0.224966],"extended":false,"handId":371,"id":3712,"length":66.2798,"mcpPosition":[-11.8279,296.987,-1.3061],"pipPosition":[-31.3949,280.964,-41.7232],"stabilizedTipPosition":[-48.0261,232.752,-6.09143],"timeVisible":0.301901,"tipPosition":[-40.992,245.671,-24.6805],"tipVelocity":[127.672,234.324,-351.772],"tool":false,"touchDistance":0.333333,"touchZone":"none","type":2,"width":18.7912},{"bases":[[[0.840727,-0.496181,-0.216753],[0.530264,0.673514,0.514975],[-0.109535,-0.54789,0.829348]],[[0.836052,-0.51629,-0.185639],[0.362688,0.773959,-0.519081],[0.411673,0.366649,0.834322]],[[0.836052,-0.51629,-0.185639],[-0.300562,-0.147926,-0.942221],[0.458999,0.843541,-0.278851]],[[0.836052,-0.51629,-0.185639],[-0.519975,-0.637664,-0.56834],[0.175053,0.571689,-0.801578]]],"btipPosition":[-25.7438,236.889,-15.429],"carpPosition":[1.47585,252.826,50.3757],"dipPosition":[-22.5085,247.455,-30.2433],"direction":[-0.458999,-0.843541,0.278851],"extended":false,"handId":371,"id":3713,"length":63.7298,"mcpPosition":[8.26272,286.773,-1.01136],"pipPosition":[-9.93122,270.569,-37.8843],"stabilizedTipPosition":[-31.6553,227.618,-5.2679],"timeVisible":0.301901,"tipPosition":[-25.1873,239.385,-19.8904],"tipVelocity":[139.372,242.337,-285.947],"tool":false,"touchDistance":0.333333,"touchZone":"none","type":3,"width":17.881},{"bases":[[[0.72315,-0.660677,-0.201397],[0.642798,0.537072,0.546227],[-0.252715,-0.524462,0.813065]],[[0.677067,-0.731864,-0.0771736],[0.623169,0.625953,-0.468874],[0.391459,0.269367,0.879887]],[[0.677067,-0.731864,-0.0771736],[-0.193949,-0.0762955,-0.97804],[0.709904,0.677167,-0.193602]],[[0.677067,-0.731864,-0.0771736],[-0.591214,-0.478487,-0.649242],[0.43823,0.485207,-0.756656]]],"btipPosition":[-10.3956,242.407,-15.9748],"carpPosition":[10.0073,243.121,44.788],"dipPosition":[-2.92381,250.68,-28.8757],"direction":[-0.709904,-0.677167,0.193602],"extended":false,"handId":371,"id":3714,"length":49.963,"mcpPosition":[24.5021,273.202,-1.84652],"pipPosition":[10.8105,263.781,-32.6212],"stabilizedTipPosition":[-13.6183,234.074,-7.80294],"timeVisible":0.301901,"tipPosition":[-8.56938,244.374,-19.7984],"tipVelocity":[129.187,270.221,-294.881],"tool":false,"touchDistance":0.333333,"touchZone":"none","type":4,"width":15.8833}],"r":[[0.942583,-0.126374,0.309138],[0.0317011,0.95532,0.29387],[-0.332463,-0.267196,0.904474]],"s":1.08519,"t":[63.9055,99.778,-103.52],"timestamp":15610218673},false],[5,{"currentFrameRate":96.4601,"devices":[],"gestures":[],"hands":[{"armBasis":[[0.893322,-0.248482,-0.374476],[0.356636,0.898981,0.25425],[0.27347,-0.360679,0.891698]],"armWidth":63.029,"confidence":0.593413,"direction":[0.0669129,0.68181,-0.728463],"elbow":[68.5432,148.263,285.99],"grabStrength":0,"id":371,"palmNormal":[-0.365848,-0.662483,-0.65366],"palmPosition":[-9.48146,280.517,7.68486],"palmVelocity":[61.8663,184.182,-219.631],"palmWidth":90.0033,"pinchStrength":0.579807,"r":[[0.939977,-0.128391,0.316164],[0.0305081,0.954428,0.296879],[-0.339872,-0.269414,0.901057]],"s":1.09151,"sphereCenter":[-22.6228,261.801,-37.7703],"sphereRadius":48.3982,"stabilizedPalmPosition":[-12.9205,269.588,20.3775],"t":[65.0698,103.086,-107.478],"timeVisible":0.330717,"type":"right","wrist":[-4.49305,244.59,47.8419]}],"id":1197553,"interactionBox":{"center":[0,200,0],"size":[235.247,235.247,147.751]},"pointables":[{"bases":[[[0.713813,0.600744,0.359969],[-0.609565,0.279869,0.74169],[0.344822,-0.748852,0.565966]],[[0.510144,0.854626,0.0967827],[-0.653014,0.311628,0.690262],[0.559755,-0.415333,0.717058]],[[0.510144,0.854626,0.0967827],[-0.825262,0.454681,0.334975],[0.242273,-0.250757,0.937243]],[[0.510144,0.854626,0.0967827],[-0.85633,0.494179,0.149956],[0.0803284,-0.159377,0.983944]]],"btipPosition":[-72.4731,276.608,-40.6846],"carpPosition":[-34.804,243.954,49.1086],"dipPosition":[-70.6135,272.918,-17.9064],"direction":[-0.242273,0.250757,-0.937243],"extended":false,"handId":371,"id":3710,"length":51.5512,"mcpPosition":[-34.804,243.954,49.1086],"pipPosition":[-62.4426,264.461,13.7029],"stabilizedTipPosition":[-78.033,259.314,-16.1474],"timeVisible":0.330717,"tipPosition":[-71.2445,275.587,-35.8146],"tipVelocity":[50.3079,233.076,-218.829],"tool":false,"touchDistance":-0.615606,"touchZone":"hovering","type":0,"width":20.0304},{"bases":[[[0.926323,-0.191363,-0.324508],[0.348465,0.762585,0.545011],[0.14317,-0.617936,0.773083]],[[0.933761,-0.231792,-0.272696],[0.335497,0.832225,0.441411],[0.124629,-0.503661,0.854865]],[[0.933761,-0.231792,-0.272696],[0.286225,0.941069,0.180179],[0.214862,-0.246297,0.945078]],[[0.933761,-0.231792,-0.272696],[0.232083,0.972181,-0.0316595],[0.272448,-0.0337257,0.961579]]],"btipPosition":[-45.0707,334.339,-79.0291],"carpPosition":[-19.6141,261.509,52.4045],"dipPosition":[-40.4662,333.769,-62.7781],"direction":[-0.214862,0.246297,-0.945078],"extended":true,"handId":371,"id":3711,"length":58.1698,"mcpPosition":[-30.0329,306.477,-3.85416],"pipPosition":[-35.3292,327.881,-40.1829],"stabilizedTipPosition":[-46.1007,329.469,-71.1304],"timeVisible":0.330717,"tipPosition":[-44.093,332.355,-75.3622],"tipVelocity":[117.572,252.938,-223.315],"tool":false,"touchDistance":0.0384482,"touchZone":"hovering","type":1,"width":19.133},{"bases":[[[0.864081,-0.400269,-0.305203],[0.503113,0.705502,0.499143],[0.01553,-0.584852,0.810992]],[[0.86419,-0.415576,-0.283677],[0.256356,0.848771,-0.46246],[0.432964,0.326931,0.840035]],[[0.86419,-0.415576,-0.283677],[-0.355361,-0.104951,-0.928819],[0.356223,0.903483,-0.238377]],[[0.86419,-0.415576,-0.283677],[-0.501048,-0.659071,-0.560871],[0.0461214,0.626835,-0.777786]]],"btipPosition":[-40.5414,248.556,-25.8941],"carpPosition":[-7.94978,260.847,48.9618],"dipPosition":[-39.6841,260.208,-40.3517],"direction":[-0.356223,-0.903483,0.238377],"extended":false,"handId":371,"id":3712,"length":66.2798,"mcpPosition":[-9.02154,301.208,-7.00587],"pipPosition":[-29.6643,285.621,-47.0568],"stabilizedTipPosition":[-45.699,238.352,-13.0977],"timeVisible":0.330717,"tipPosition":[-40.5691,250.959,-29.4911],"tipVelocity":[55.2567,201.623,-233.88],"tool":false,"touchDistance":0.333333,"touchZone":"none","type":2,"width":18.7912},{"bases":[[[0.816547,-0.534009,-0.219286],[0.563801,0.656099,0.50166],[-0.124018,-0.533262,0.83681]],[[0.811344,-0.553557,-0.187872],[0.390438,0.752343,-0.530603],[0.435063,0.357149,0.826538]],[[0.811344,-0.553557,-0.187872],[-0.315998,-0.144934,-0.937625],[0.4918,0.820103,-0.292514]],[[0.811344,-0.553557,-0.187872],[-0.552529,-0.621249,-0.555663],[0.190876,0.554639,-0.809903]]],"btipPosition":[-25.6128,241.644,-20.3371],"carpPosition":[2.93435,257.11,45.0577],"dipPosition":[-22.0852,251.895,-35.3053],"direction":[-0.4918,-0.820103,0.292514],"extended":false,"handId":371,"id":3713,"length":63.7298,"mcpPosition":[10.6186,290.151,-6.79169],"pipPosition":[-8.60905,274.367,-43.3206],"stabilizedTipPosition":[-29.0898,233.751,-12.1973],"timeVisible":0.330717,"tipPosition":[-24.9946,244.045,-24.7655],"tipVelocity":[54.2839,191.066,-212.483],"tool":false,"touchDistance":0.333333,"touchZone":"none","type":3,"width":17.881},{"bases":[[[0.692249,-0.693156,-0.200814],[0.670754,0.515346,0.533393],[-0.266235,-0.503937,0.821685]],[[0.643529,-0.761922,-0.0731079],[0.646066,0.591915,-0.481908],[0.41045,0.262889,0.873167]],[[0.643529,-0.761922,-0.0731079],[-0.207125,-0.0813949,-0.974923],[0.736865,0.642533,-0.210193]],[[0.643529,-0.761922,-0.0731079],[-0.618885,-0.461747,-0.63543],[0.450391,0.454163,-0.76869]]],"btipPosition":[-10.0343,246.522,-20.9962],"carpPosition":[10.9863,246.987,39.4998],"dipPosition":[-2.35516,254.266,-34.1022],"direction":[-0.736865,-0.642533,0.210193],"extended":false,"handId":371,"id":3714,"length":49.963,"mcpPosition":[26.2566,275.891,-7.62912],"pipPosition":[11.9007,266.697,-38.1688],"stabilizedTipPosition":[-11.5103,239.68,-14.1889],"timeVisible":0.330717,"tipPosition":[-8.18316,248.329,-24.843],"tipVelocity":[55.3378,185.681,-218.467],"tool":false,"touchDistance":0.333333,"touchZone":"none","type":4,"width":15.8833}],"r":[[0.939977,-0.128391,0.316164],[0.0305081,0.954428,0.296879],[-0.339872,-0.269414,0.901057]],"s":1.09151,"t":[65.0698,103.086,-107.478],"timestamp":15610247489},false],[6,{"currentFrameRate":97.1379,"devices":[],"gestures":[],"hands":[{"armBasis":[[0.892567,-0.251958,-0.373953],[0.360076,0.897463,0.254764],[0.271419,-0.362046,0.89177]],"armWidth":63.029,"confidence":0.622783,"direction":[0.0679488,0.680885,-0.729232],"elbow":[68.0819,148.696,284.927],"grabStrength":0,"id":371,"palmNormal":[-0.368936,-0.661962,-0.652452],"palmPosition":[-9.34313,281.291,6.57562],"palmVelocity":[49.2166,157.591,-193.604],"palmWidth":90.0033,"pinchStrength":0.576303,"r":[[0.937866,-0.130549,0.321504],[0.0302325,0.953748,0.299084],[-0.345679,-0.270781,0.898434]],"s":1.0965,"sphereCenter":[-22.7621,262.701,-38.7732],"sphereRadius":48.3685,"stabilizedPalmPosition":[-12.51,270.931,18.7936],"t":[65.7211,105.128,-110.012],"timeVisible":0.339647,"type":"right","wrist":[-4.40663,245.388,46.7602]}],"id":1197554,"interactionBox":{"center":[0,200,0],"size":[235.247,235.247,147.751]},"pointables":[{"bases":[[[0.716255,0.598839,0.35829],[-0.607543,0.282514,0.742346],[0.343324,-0.749385,0.566172]],[[0.513213,0.852941,0.095415],[-0.65036,0.313941,0.691717],[0.560039,-0.417052,0.715837]],[[0.513213,0.852941,0.095415],[-0.82316,0.457704,0.336028],[0.24294,-0.250996,0.937007]],[[0.513213,0.852941,0.095415],[-0.854452,0.497306,0.150326],[0.0807688,-0.158677,0.984021]]],"btipPosition":[-72.4332,277.579,-41.6529],"carpPosition":[-34.7174,244.849,48.0738],"dipPosition":[-70.5635,273.906,-18.873],"direction":[-0.24294,0.250996,-0.937007],"extended":false,"handId":371,"id":3710,"length":51.5512,"mcpPosition":[-34.7174,244.849,48.0738],"pipPosition":[-62.3701,265.441,12.7284],"stabilizedTipPosition":[-77.3472,261.296,-18.4522],"timeVisible":0.339647,"tipPosition":[-71.22,276.547,-36.7883],"tipVelocity":[37.874,199.287,-188.706],"tool":false,"touchDistance":-0.596898,"touchZone":"hovering","type":0,"width":20.0304},{"bases":[[[0.925217,-0.194603,-0.325735],[0.351703,0.762012,0.543731],[0.142403,-0.617631,0.773469]],[[0.932533,-0.234458,-0.274611],[0.338795,0.831196,0.440829],[0.1249,-0.504125,0.854551]],[[0.932533,-0.234458,-0.274611],[0.290242,0.939138,0.183793],[0.214806,-0.251097,0.943827]],[[0.932533,-0.234458,-0.274611],[0.236902,0.971219,-0.0247309],[0.272506,-0.0419937,0.961237]]],"btipPosition":[-44.8791,335.441,-80.0834],"carpPosition":[-19.4673,262.358,51.3293],"dipPosition":[-40.2737,334.731,-63.8382],"direction":[-0.214806,0.251097,-0.943827],"extended":true,"handId":371,"id":3711,"length":58.1698,"mcpPosition":[-29.8302,307.305,-4.95741],"pipPosition":[-35.138,328.728,-41.2729],"stabilizedTipPosition":[-45.499,331.001,-72.5066],"timeVisible":0.339647,"tipPosition":[-43.9056,333.433,-76.4269],"tipVelocity":[91.3599,216.621,-194.644],"tool":false,"touchDistance":0.0308079,"touchZone":"hovering","type":1,"width":19.133},{"bases":[[[0.862346,-0.403292,-0.30613],[0.5061,0.704397,0.497683],[0.0149259,-0.584107,0.811539]],[[0.862439,-0.418554,-0.284624],[0.257033,0.846575,-0.466095],[0.436042,0.328821,0.837702]],[[0.862439,-0.418554,-0.284624],[-0.358904,-0.109176,-0.926967],[0.356912,0.901606,-0.244378]],[[0.862439,-0.418554,-0.284624],[-0.504214,-0.661155,-0.555556],[0.0443497,0.622645,-0.781247]]],"btipPosition":[-40.4935,249.355,-26.6799],"carpPosition":[-7.81035,261.657,47.8694],"dipPosition":[-39.6691,260.929,-41.2019],"direction":[-0.356912,-0.901606,0.244378],"extended":false,"handId":371,"id":3712,"length":66.2798,"mcpPosition":[-8.8404,301.967,-8.13605],"pipPosition":[-29.6299,286.289,-48.0758],"stabilizedTipPosition":[-45.1337,239.783,-14.8706],"timeVisible":0.339647,"tipPosition":[-40.537,251.778,-30.3673],"tipVelocity":[41.4174,170.481,-194.54],"tool":false,"touchDistance":0.333333,"touchZone":"none","type":2,"width":18.7912},{"bases":[[[0.814521,-0.536797,-0.220009],[0.566635,0.654804,0.500156],[-0.124419,-0.532052,0.83752]],[[0.809306,-0.556294,-0.188577],[0.39198,0.750585,-0.531952],[0.437465,0.356594,0.825509]],[[0.809306,-0.556294,-0.188577],[-0.317924,-0.144897,-0.936979],[0.493911,0.818256,-0.294125]],[[0.809306,-0.556294,-0.188577],[-0.555351,-0.620085,-0.554148],[0.191336,0.553202,-0.810776]]],"btipPosition":[-25.6388,242.443,-21.3807],"carpPosition":[3.05595,257.881,43.9523],"dipPosition":[-22.1027,252.666,-36.365],"direction":[-0.493911,-0.818256,0.294125],"extended":false,"handId":371,"id":3713,"length":63.7298,"mcpPosition":[10.7651,290.848,-7.94104],"pipPosition":[-8.56874,275.088,-44.4245],"stabilizedTipPosition":[-28.5331,235.192,-13.8462],"timeVisible":0.339647,"tipPosition":[-25.0195,244.836,-25.8089],"tipVelocity":[38.7412,163.146,-186.514],"tool":false,"touchDistance":0.333333,"touchZone":"none","type":3,"width":17.881},{"bases":[[[0.68975,-0.695533,-0.201193],[0.673192,0.513746,0.531862],[-0.266566,-0.502293,0.822584]],[[0.640603,-0.76445,-0.0724152],[0.648136,0.588873,-0.482854],[0.411761,0.262383,0.872701]],[[0.640603,-0.76445,-0.0724152],[-0.208429,-0.0823429,-0.974565],[0.739044,0.639402,-0.212083]],[[0.640603,-0.76445,-0.0724152],[-0.621586,-0.460881,-0.633419],[0.450843,0.450782,-0.770413]]],"btipPosition":[-10.0299,247.305,-22.0732],"carpPosition":[11.0674,247.728,38.3921],"dipPosition":[-2.34309,254.99,-35.2087],"direction":[-0.739044,-0.639402,0.212083],"extended":false,"handId":371,"id":3714,"length":49.963,"mcpPosition":[26.3566,276.538,-8.78839],"pipPosition":[11.955,267.361,-39.3118],"stabilizedTipPosition":[-11.0695,240.955,-15.6689],"timeVisible":0.339647,"tipPosition":[-8.18641,249.085,-25.9098],"tipVelocity":[40.4308,158.527,-191.982],"tool":false,"touchDistance":0.333333,"touchZone":"none","type":4,"width":15.8833}],"r":[[0.937866,-0.130549,0.321504],[0.0302325,0.9537