{"sensorType":"Leap","data":[[0,{"currentFrameRate":98.7612,"devices":[],"gestures":[],"hands":[{"armBasis":[[0.917115,-0.0793692,-0.390642],[0.192754,0.94609,0.260308],[0.348922,-0.31403,0.882972]],"armWidth":63.029,"confidence":0.781277,"direction":[-0.105821,0.621192,-0.776481],"elbow":[75.3039,147.653,294.552],"grabStrength":0,"id":371,"palmNormal":[-0.248565,-0.7726,-0.584213],"palmPosition":[-31.8576,262.39,16.5439],"palmVelocity":[194.94,256.663,-159.694],"palmWidth":90.0033,"pinchStrength":0.393835,"r":[[0.950677,0.173333,0.257234],[-0.22594,0.955151,0.191411],[-0.21252,-0.24009,0.947202]],"s":1.25119,"sphereCenter":[-52.0716,246.287,-21.3713],"sphereRadius":47.7019,"stabilizedPalmPosition":[-33.4677,260.163,17.9605],"t":[42.1519,85.9112,-101.08],"timeVisible":12.49,"type":"right","wrist":[-17.8833,231.521,58.7349]}],"id":1198820,"interactionBox":{"center":[0,200,0],"size":[235.247,235.247,147.751]},"pointables":[{"bases":[[[0.589109,0.759461,0.275988],[-0.62241,0.208664,0.754364],[0.515321,-0.61618,0.595622]],[[0.411924,0.906859,0.0890242],[-0.605655,0.199487,0.770316],[0.680809,-0.371229,0.631417]],[[0.411924,0.906859,0.0890242],[-0.885711,0.375523,0.272945],[0.214092,-0.191282,0.957902]],[[0.411924,0.906859,0.0890242],[-0.904278,0.394796,0.162536],[0.112251,-0.147455,0.982678]]],"btipPosition":[-90.7658,253.059,-24.4503],"carpPosition":[-47.3309,224.864,61.7816],"dipPosition":[-88.1672,249.645,-1.70151],"direction":[-0.214092,0.191282,-0.957902],"extended":false,"handId":371,"id":3710,"length":51.5512,"mcpPosition":[-47.3309,224.864,61.7816],"pipPosition":[-80.9468,243.194,30.6046],"stabilizedTipPosition":[-93.6625,246.41,-14.8109],"timeVisible":12.49,"tipPosition":[-89.5282,254.112,-18.3779],"tipVelocity":[185.309,308.823,-232.938],"tool":false,"touchDistance":0.17434,"touchZone":"hovering","type":0,"width":20.0304},{"bases":[[[0.931382,-0.0250221,-0.363183],[0.206359,0.858159,0.470083],[0.299907,-0.512773,0.804437]],[[0.949693,-0.0599909,-0.307384],[0.241156,0.766289,0.595521],[0.199819,-0.639689,0.742206]],[[0.949693,-0.0599909,-0.307384],[0.172278,0.919713,0.352773],[0.261542,-0.387981,0.883779]],[[0.949693,-0.0599909,-0.307384],[0.10236,0.987037,0.123616],[0.295984,-0.148861,0.943522]]],"btipPosition":[-77.5338,321.628,-64.1787],"carpPosition":[-35.9622,245.336,62.9784],"dipPosition":[-72.5316,319.112,-48.2328],"direction":[-0.261542,0.387981,-0.883779],"extended":true,"handId":371,"id":3711,"length":58.1698,"mcpPosition":[-57.7869,282.651,4.43799],"pipPosition":[-66.2786,309.836,-27.1032],"stabilizedTipPosition":[-78.1795,318.986,-59.5295],"timeVisible":12.49,"tipPosition":[-76.4857,322.669,-59.3027],"tipVelocity":[315.302,356.318,-155.29],"tool":false,"touchDistance":0.294866,"touchZone":"hovering","type":1,"width":19.133},{"bases":[[[0.91442,-0.239996,-0.325942],[0.367384,0.830109,0.419462],[0.169898,-0.503311,0.847238]],[[0.913124,-0.236226,-0.332268],[-0.035815,0.765385,-0.642576],[0.406106,0.598651,0.690431]],[[0.913124,-0.236226,-0.332268],[-0.375432,-0.169537,-0.911212],[0.15892,0.956794,-0.243495]],[[0.913124,-0.236226,-0.332268],[-0.404503,-0.626555,-0.666188],[-0.050813,0.742716,-0.667676]]],"btipPosition":[-59.1802,212.251,-13.2021],"carpPosition":[-24.5675,246.778,58.9253],"dipPosition":[-60.1247,226.057,-25.613],"direction":[-0.15892,-0.956794,0.243495],"extended":false,"handId":371,"id":3712,"length":66.2798,"mcpPosition":[-36.2924,281.512,0.45613],"pipPosition":[-55.6546,252.97,-32.462],"stabilizedTipPosition":[-62.7209,208.618,-10.7013],"timeVisible":12.49,"tipPosition":[-59.0972,214.814,-14.7899],"tipVelocity":[159.192,330.316,-262.053],"tool":false,"touchDistance":0.333333,"touchZone":"none","type":2,"width":18.7912},{"bases":[[[0.899141,-0.373336,-0.228399],[0.437005,0.794373,0.421898],[0.0239245,-0.479157,0.877403]],[[0.899204,-0.374679,-0.225936],[0.143862,0.74087,-0.656061],[0.413201,0.557429,0.720095]],[[0.899204,-0.374679,-0.225936],[-0.294556,-0.136571,-0.945825],[0.323525,0.917041,-0.233169]],[[0.899204,-0.374679,-0.225936],[-0.417393,-0.579748,-0.699768],[0.131203,0.723538,-0.677701]]],"btipPosition":[-44.3545,211.577,-12.6052],"carpPosition":[-13.3208,245.024,54.6699],"dipPosition":[-41.9297,224.949,-25.1301],"direction":[-0.323525,-0.917041,0.233169],"extended":false,"handId":371,"id":3713,"length":63.7298,"mcpPosition":[-14.8032,274.713,0.305393],"pipPosition":[-33.0646,250.077,-31.5193],"stabilizedTipPosition":[-47.4462,207.376,-9.16815],"timeVisible":12.49,"tipPosition":[-43.6447,214.085,-13.9375],"tipVelocity":[159.866,319.493,-277.623],"tool":false,"touchDistance":0.333333,"touchZone":"none","type":3,"width":17.881},{"bases":[[[0.811218,-0.552371,-0.191863],[0.57192,0.681161,0.457085],[-0.121791,-0.480526,0.868482]],[[0.801012,-0.583885,-0.132129],[0.369109,0.655468,-0.658878],[0.471315,0.478999,0.740555]],[[0.801012,-0.583885,-0.132129],[-0.23637,-0.105692,-0.965898],[0.550008,0.804927,-0.222674]],[[0.801012,-0.583885,-0.132129],[-0.478635,-0.492069,-0.72717],[0.359567,0.645714,-0.673621]]],"btipPosition":[-29.8665,220.558,-10.5498],"carpPosition":[-3.59592,236.332,49.3716],"dipPosition":[-23.7359,231.567,-22.035],"direction":[-0.550008,-0.804927,0.222674],"extended":false,"handId":371,"id":3714,"length":49.963,"mcpPosition":[3.38957,263.893,-0.441465],"pipPosition":[-13.0951,247.14,-26.343],"stabilizedTipPosition":[-31.9043,217.324,-8.65917],"timeVisible":12.49,"tipPosition":[-28.622,222.697,-11.8777],"tipVelocity":[175.165,292.377,-232.351],"tool":false,"touchDistance":0.333333,"touchZone":"none","type":4,"width":15.8833}],"r":[[0.950677,0.173333,0.257234],[-0.22594,0.955151,0.191411],[-0.21252,-0.24009,0.947202]],"s":1.25119,"t":[42.1519,85.9112,-101.08],"timestamp":15622406745},false],[1,{"currentFrameRate":99.1827,"devices":[],"gestures":[],"hands":[{"armBasis":[[0.917967,-0.0838673,-0.38769],[0.200228,0.941702,0.270383],[0.342412,-0.325829,0.881243]],"armWidth":63.029,"confidence":0.792695,"direction":[-0.091426,0.626139,-0.774333],"elbow":[73.9265,147.224,291.925],"grabStrength":0,"id":371,"palmNormal":[-0.250293,-0.767076,-0.590718],"palmPosition":[-30.7427,265.465,14.3952],"palmVelocity":[174.016,277.954,-180.083],"palmWidth":90.0033,"pinchStrength":0.394673,"r":[[0.950512,0.159019,0.266908],[-0.215976,0.955756,0.19971],[-0.223341,-0.247473,0.942802]],"s":1.24873,"sphereCenter":[-50.4057,249.536,-23.9793],"sphereRadius":47.7089,"stabilizedPalmPosition":[-32.0781,262.867,16.1424],"t":[43.5624,88.627,-102.903],"timeVisible":12.4992,"type":"right","wrist":[-17.5223,234.244,56.5696]}],"id":1198821,"interactionBox":{"center":[0,200,0],"size":[235.247,235.247,147.751]},"pointables":[{"bases":[[[0.593877,0.752017,0.285973],[-0.628081,0.2112,0.748939],[0.502817,-0.624391,0.597754]],[[0.418401,0.903154,0.0961941],[-0.612768,0.202515,0.763874],[0.670415,-0.37855,0.638156]],[[0.418401,0.903154,0.0961941],[-0.884289,0.380894,0.270098],[0.207301,-0.198073,0.958015]],[[0.418401,0.903154,0.0961941],[-0.902254,0.401134,0.158207],[0.104298,-0.152985,0.982709]]],"btipPosition":[-89.5745,256.785,-27.2923],"carpPosition":[-47.066,227.872,59.2769],"dipPosition":[-87.16,253.244,-4.5428],"direction":[-0.207301,0.198073,-0.958016],"extended":false,"handId":371,"id":3710,"length":51.5512,"mcpPosition":[-47.066,227.872,59.2769],"pipPosition":[-80.1686,246.564,27.7671],"stabilizedTipPosition":[-92.1056,249.616,-17.2415],"timeVisible":12.4992,"tipPosition":[-88.3288,257.713,-21.2525],"tipVelocity":[168.129,334.337,-253.8],"tool":false,"touchDistance":0.163092,"touchZone":"hovering","type":0,"width":20.0304},{"bases":[[[0.93481,-0.0326884,-0.35364],[0.210148,0.853635,0.476598],[0.2863,-0.519846,0.804856]],[[0.952366,-0.0685477,-0.297154],[0.241491,0.764564,0.597599],[0.186229,-0.640893,0.744698]],[[0.952366,-0.0685477,-0.297154],[0.176762,0.91811,0.354725],[0.248504,-0.390353,0.886493]],[[0.952366,-0.0685477,-0.297154],[0.110227,0.985908,0.125842],[0.28434,-0.152602,0.946501]]],"btipPosition":[-74.9987,325.198,-66.7121],"carpPosition":[-35.5033,248.221,60.6965],"dipPosition":[-70.1933,322.619,-50.7159],"direction":[-0.248504,0.390353,-0.886493],"extended":true,"handId":371,"id":3711,"length":58.1698,"mcpPosition":[-56.3379,286.051,2.12571],"pipPosition":[-64.2519,313.286,-29.5214],"stabilizedTipPosition":[-75.5158,322.478,-61.7069],"timeVisible":12.4992,"tipPosition":[-73.9721,326.193,-61.8509],"tipVelocity":[302.32,364.196,-188.254],"tool":false,"touchDistance":0.279744,"touchZone":"hovering","type":1,"width":19.133},{"bases":[[[0.915282,-0.247663,-0.317682],[0.371398,0.824199,0.427505],[0.155956,-0.509274,0.846356]],[[0.914094,-0.243859,-0.323983],[-0.0204511,0.770226,-0.637443],[0.404986,0.589309,0.699072]],[[0.914094,-0.243859,-0.323983],[-0.367738,-0.161823,-0.915741],[0.170884,0.956214,-0.237598]],[[0.914094,-0.243859,-0.323983],[-0.403771,-0.621122,-0.671697],[-0.0374336,0.744809,-0.666227]]],"btipPosition":[-58.2353,215.875,-15.9021],"carpPosition":[-24.0529,249.567,56.7691],"dipPosition":[-58.9312,229.719,-28.2861],"direction":[-0.170884,-0.956214,0.237598],"extended":false,"handId":371,"id":3712,"length":66.2798,"mcpPosition":[-34.8157,284.713,-1.6391],"pipPosition":[-54.1245,256.616,-34.9692],"stabilizedTipPosition":[-61.4284,211.738,-13.1065],"timeVisible":12.4992,"tipPosition":[-58.1357,218.426,-17.536],"tipVelocity":[144.89,347.818,-270.234],"tool":false,"touchDistance":0.333333,"touchZone":"none","type":2,"width":18.7912},{"bases":[[[0.897637,-0.381329,-0.220989],[0.440624,0.787743,0.430477],[0.00992861,-0.483785,0.87513]],[[0.897658,-0.382482,-0.218902],[0.15709,0.741806,-0.651956],[0.411744,0.550846,0.725972]],[[0.897658,-0.382482,-0.218902],[-0.287795,-0.13261,-0.948466],[0.333742,0.914397,-0.229115]],[[0.897658,-0.382482,-0.218902],[-0.416797,-0.575497,-0.703622],[0.143145,0.722849,-0.676016]]],"btipPosition":[-43.3838,214.935,-14.9148],"carpPosition":[-12.7809,247.719,52.6216],"dipPosition":[-40.7383,228.295,-27.4085],"direction":[-0.333742,-0.914397,0.229115],"extended":false,"handId":371,"id":3713,"length":63.7298,"mcpPosition":[-13.3961,277.695,-1.60217],"pipPosition":[-31.5932,253.35,-33.6866],"stabilizedTipPosition":[-46.1298,210.373,-11.5976],"timeVisible":12.4992,"tipPosition":[-42.6722,217.468,-16.4088],"tipVelocity":[145.966,331.637,-269.536],"tool":false,"touchDistance":0.333333,"touchZone":"none","type":3,"width":17.881},{"bases":[[[0.807527,-0.55964,-0.186286],[0.57401,0.672986,0.466478],[-0.135692,-0.483624,0.864694]],[[0.79639,-0.591328,-0.126865],[0.3829,0.655364,-0.651065],[0.468136,0.469925,0.748344]],[[0.79639,-0.591328,-0.126865],[-0.22712,-0.0980051,-0.968923],[0.560518,0.800454,-0.212352]],[[0.79639,-0.591328,-0.126865],[-0.475967,-0.483399,-0.734698],[0.373121,0.645489,-0.666427]]],"btipPosition":[-28.8865,223.767,-12.9192],"carpPosition":[-3.0901,238.956,47.3796],"dipPosition":[-22.5248,234.773,-24.2817],"direction":[-0.560518,-0.800454,0.212352],"extended":false,"handId":371,"id":3714,"length":49.963,"mcpPosition":[4.69274,266.695,-2.21613],"pipPosition":[-11.6807,250.259,-28.39],"stabilizedTipPosition":[-30.483,220.17,-10.8393],"timeVisible":12.4992,"tipPosition":[-27.6048,225.904,-14.2452],"tipVelocity":[157.317,307.666,-238.169],"tool":false,"touchDistance":0.333333,"touchZone":"none","type":4,"width":15.8833}],"r":[[0.950512,0.159019,0.266908],[-0.215976,0.955756,0.19971],[-0.223341,-0.247473,0.942802]],"s":1.24873,"t":[43.5624,88.627,-102.903],"timestamp":15622415997},false],[2,{"currentFrameRate":99.4376,"devices":[],"gestures":[],"hands":[{"armBasis":[[0.915086,-0.0987443,-0.390983],[0.214933,0.939792,0.265697],[0.341206,-0.32717,0.881214]],"armWidth":63.029,"confidence":0.798458,"direction":[-0.0804893,0.631962,-0.770808],"elbow":[74.2633,149.552,290.069],"grabStrength":0,"id":371,"palmNormal":[-0.26377,-0.759253,-0.594945],"palmPosition":[-29.5375,268.614,12.7242],"palmVelocity":[160.182,292.843,-178.577],"palmWidth":90.0033,"pinchStrength":0.396971,"r":[[0.950718,0.143852,0.274667],[-0.204686,0.956582,0.207496],[-0.232892,-0.253491,0.938884]],"s":1.24647,"sphereCenter":[-49.1361,252.955,-25.9481],"sphereRadius":47.7163,"stabilizedPalmPosition":[-30.7549,265.86,14.3621],"t":[44.8702,91.5593,-104.65],"timeVisible":12.5088,"type":"right","wrist":[-16.8634,236.93,54.7211]}],"id":1198822,"interactionBox":{"center":[0,200,0],"size":[235.247,235.247,147.751]},"pointables":[{"bases":[[[0.60701,0.739869,0.290058],[-0.624212,0.218005,0.750222],[0.491832,-0.63645,0.594166]],[[0.432598,0.896074,0.0995498],[-0.609643,0.209383,0.764522],[0.664225,-0.391421,0.636864]],[[0.432598,0.896074,0.0995498],[-0.8771,0.392717,0.276531],[0.208697,-0.206942,0.955835]],[[0.432598,0.896074,0.0995498],[-0.895546,0.414312,0.162308],[0.104195,-0.159366,0.981706]]],"btipPosition":[-88.7618,261.059,-29.0104],"carpPosition":[-46.5142,231.063,57.3983],"dipPosition":[-86.3497,257.369,-6.28406],"direction":[-0.208697,0.206942,-0.955835],"extended":false,"handId":371,"id":3710,"length":51.5512,"mcpPosition":[-46.5142,231.063,57.3983],"pipPosition":[-79.3112,250.39,25.9523],"stabilizedTipPosition":[-90.7201,253.381,-19.5663],"timeVisible":12.5088,"tipPosition":[-87.4547,261.853,-23.023],"tipVelocity":[144.117,365.902,-232.584],"tool":false,"touchDistance":0.177566,"touchZone":"hovering","type":0,"width":20.0304},{"bases":[[[0.934062,-0.047115,-0.353991],[0.22514,0.847139,0.481318],[0.277202,-0.529278,0.801888]],[[0.951175,-0.0840503,-0.296988],[0.253423,0.761935,0.596013],[0.17619,-0.642176,0.746034]],[[0.951175,-0.0840503,-0.296988],[0.19121,0.915793,0.353217],[0.242291,-0.392758,0.887151]],[[0.951175,-0.0840503,-0.296988],[0.126027,0.984105,0.125121],[0.281751,-0.156441,0.946648]]],"btipPosition":[-72.8104,329.038,-68.3382],"carpPosition":[-34.596,251.197,58.9293],"dipPosition":[-68.0487,326.394,-52.3396],"direction":[-0.242291,0.392758,-0.887151],"extended":true,"handId":371,"id":3711,"length":58.1698,"mcpPosition":[-54.7685,289.714,0.574518],"pipPosition":[-62.2559,317.004,-31.1293],"stabilizedTipPosition":[-73.0793,326.294,-63.5992],"timeVisible":12.5088,"tipPosition":[-71.7357,330.008,-63.4926],"tipVelocity":[280.838,374.616,-183.014],"tool":false,"touchDistance":0.279353,"touchZone":"hovering","type":1,"width":19.133},{"bases":[[[0.910766,-0.261911,-0.31923],[0.385845,0.815152,0.432031],[0.147067,-0.516652,0.84347]],[[0.909634,-0.258018,-0.325564],[-0.00534524,0.776383,-0.630238],[0.415375,0.575027,0.704846]],[[0.909634,-0.258018,-0.325564],[-0.370667,-0.150321,-0.91652],[0.18754,0.954374,-0.232376]],[[0.909634,-0.258018,-0.325564],[-0.414605,-0.612663,-0.672865],[-0.0258501,0.747041,-0.664275]]],"btipPosition":[-57.8722,219.872,-17.9232],"carpPosition":[-23.1241,252.364,55.0074],"dipPosition":[-58.3527,233.759,-30.2709],"direction":[-0.18754,-0.954374,0.232376],"extended":false,"handId":371,"id":3712,"length":66.2798,"mcpPosition":[-33.2734,288.019,-3.20169],"pipPosition":[-53.0776,260.603,-36.8071],"stabilizedTipPosition":[-60.3432,215.306,-15.5179],"timeVisible":12.5088,"tipPosition":[-57.7572,222.398,-19.597],"tipVelocity":[115.515,368.477,-253.017],"tool":false,"touchDistance":0.333333,"touchZone":"none","type":2,"width":18.7912},{"bases":[[[0.890786,-0.395785,-0.22328],[0.45442,0.777472,0.434787],[0.00151188,-0.488766,0.872414]],[[0.890787,-0.396881,-0.221322],[0.170149,0.742918,-0.647396],[0.421364,0.539034,0.729311]],[[0.890787,-0.396881,-0.221322],[-0.290505,-0.122841,-0.948956],[0.349435,0.909613,-0.224721]],[[0.890787,-0.396881,-0.221322],[-0.427169,-0.565213,-0.705734],[0.154998,0.723201,-0.67302]]],"btipPosition":[-43.0422,218.513,-16.8438],"carpPosition":[-11.8867,250.342,50.8475],"dipPosition":[-40.1776,231.879,-29.2822],"direction":[-0.349435,-0.909613,0.224721],"extended":false,"handId":371,"id":3713,"length":63.7298,"mcpPosition":[-11.9803,280.627,-3.20791],"pipPosition":[-30.6025,256.804,-35.4399],"stabilizedTipPosition":[-45.0205,213.693,-13.9981],"timeVisible":12.5088,"tipPosition":[-42.3005,221.043,-18.3778],"tipVelocity":[115.654,344.046,-249.607],"tool":false,"touchDistance":0.333333,"touchZone":"none","type":3,"width":17.881},{"bases":[[[0.797564,-0.572678,-0.189557],[0.585775,0.660192,0.470122],[-0.144085,-0.48599,0.862005]],[[0.785875,-0.604501,-0.130304],[0.39434,0.652208,-0.647396],[0.476337,0.457388,0.750932]],[[0.785875,-0.604501,-0.130304],[-0.228979,-0.0887252,-0.96938],[0.57443,0.791648,-0.208145]],[[0.785875,-0.604501,-0.130304],[-0.484562,-0.471065,-0.737087],[0.384188,0.642398,-0.663117]]],"btipPosition":[-28.4113,227.048,-14.8181],"carpPosition":[-2.35158,241.44,45.5549],"dipPosition":[-21.861,238.001,-26.1242],"direction":[-0.57443,-0.791648,0.208145],"extended":false,"handId":371,"id":3714,"length":49.963,"mcpPosition":[5.91261,269.314,-3.88663],"pipPosition":[-10.7476,253.317,-30.1511],"stabilizedTipPosition":[-29.2982,223.282,-13.0178],"timeVisible":12.5088,"tipPosition":[-27.0923,229.172,-16.1504],"tipVelocity":[127.553,317.602,-226.379],"tool":false,"touchDistance":0.333333,"touchZone":"none","type":4,"width":15.8833}],"r":[[0.950718,0.143852,0.274667],[-0.204686,0.956582,0.207496],[-0.232892,-0.253491,0.938884]],"s":1.24647,"t":[44.8702,91.5593,-104.65],"timestamp":15622425553},false],[3,{"currentFrameRate":99.776,"devices":[],"gestures":[],"hands":[{"armBasis":[[0.9124,-0.118338,-0.391819],[0.234932,0.935309,0.264584],[0.335161,-0.333458,0.881177]],"armWidth":63.029,"confidence":0.799326,"direction":[-0.070423,0.632837,-0.771076],"elbow":[73.3016,150.178,288.739],"grabStrength":0,"id":371,"palmNormal":[-0.281189,-0.754242,-0.59334],"palmPosition":[-28.3902,271.135,11.4213],"palmVelocity":[149.509,286.17,-167.399],"palmWidth":90.0033,"pinchStrength":0.39867,"r":[[0.951429,0.127854,0.280064],[-0.19165,0.9579,0.21377],[-0.240942,-0.257061,0.935877]],"s":1.24436,"sphereCenter":[-48.1522,255.579,-27.3468],"sphereRadius":47.722,"stabilizedPalmPosition":[-29.5362,268.579,12.8465],"t":[46.0978,94.2859,-106.175],"timeVisible":12.5181,"type":"right","wrist":[-16.2107,239.235,53.4011]}],"id":1198823,"interactionBox":{"center":[0,200,0],"size":[235.247,235.247,147.751]},"pointables":[{"bases":[[[0.622881,0.727669,0.287258],[-0.617005,0.231199,0.752231],[0.480961,-0.645791,0.592985]],[[0.449521,0.888124,0.0957462],[-0.603243,0.222769,0.765814],[0.658808,-0.402008,0.635894]],[[0.449521,0.888124,0.0957462],[-0.867725,0.4087,0.282873],[0.212095,-0.210239,0.954366]],[[0.449521,0.888124,0.0957462],[-0.887216,0.431445,0.163409],[0.103818,-0.158403,0.981901]]],"btipPosition":[-88.0504,264.579,-30.1276],"carpPosition":[-45.9644,233.972,56.1882],"dipPosition":[-85.647,260.912,-7.39672],"direction":[-0.212095,0.210239,-0.954367],"extended":false,"handId":371,"id":3710,"length":51.5512,"mcpPosition":[-45.9644,233.972,56.1882],"pipPosition":[-78.4939,253.821,24.7901],"stabilizedTipPosition":[-89.5346,257.19,-21.5283],"timeVisible":12.5181,"tipPosition":[-86.7057,265.31,-24.1821],"tipVelocity":[124.722,368.944,-200.415],"tool":false,"touchDistance":0.199754,"touchZone":"hovering","type":0,"width":20.0304},{"bases":[[[0.931654,-0.0662936,-0.357247],[0.243942,0.842799,0.479772],[0.269282,-0.53413,0.801369]],[[0.948318,-0.103778,-0.299873],[0.269596,0.761925,0.588888],[0.167367,-0.639297,0.750525]],[[0.948318,-0.103778,-0.299873],[0.209484,0.914561,0.345968],[0.238348,-0.390906,0.889035]],[[0.948318,-0.103778,-0.299873],[0.145098,0.982243,0.118931],[0.282205,-0.156295,0.946537]]],"btipPosition":[-70.8124,331.886,-69.8045],"carpPosition":[-33.6359,253.861,57.6594],"dipPosition":[-66.043,329.245,-53.8077],"direction":[-0.238348,0.390906,-0.889035],"extended":true,"handId":371,"id":3711,"length":58.1698,"mcpPosition":[-53.232,292.731,-0.657713],"pipPosition":[-60.3445,319.899,-32.5524],"stabilizedTipPosition":[-70.9292,329.48,-65.2138],"timeVisible":12.5181,"tipPosition":[-69.6678,332.843,-64.9901],"tipVelocity":[261.768,354.676,-175.544],"tool":false,"touchDistance":0.278777,"touchZone":"hovering","type":1,"width":19.133},{"bases":[[[0.904141,-0.280546,-0.322215],[0.40379,0.807527,0.429946],[0.139578,-0.518839,0.8434]],[[0.903047,-0.276567,-0.32866],[0.00862669,0.776663,-0.629857],[0.429456,0.565955,0.703749]],[[0.903047,-0.276567,-0.32866],[-0.377412,-0.145528,-0.914539],[0.205102,0.949912,-0.235798]],[[0.903047,-0.276567,-0.32866],[-0.42928,-0.607859,-0.668002],[-0.0150321,0.744324,-0.66765]]],"btipPosition":[-57.7544,223.061,-19.0185],"carpPosition":[-22.1568,254.793,53.6959],"dipPosition":[-58.0338,236.896,-31.429],"direction":[-0.205102,-0.949912,0.235798],"extended":false,"handId":371,"id":3712,"length":66.2798,"mcpPosition":[-31.7892,290.599,-4.50836],"pipPosition":[-52.2647,263.615,-38.0615],"stabilizedTipPosition":[-59.5244,218.853,-17.579],"timeVisible":12.5181,"tipPosition":[-57.6328,225.57,-20.7868],"tipVelocity":[87.7018,360.219,-214.856],"tool":false,"touchDistance":0.333333,"touchZone":"none","type":2,"width":18.7912},{"bases":[[[0.881797,-0.413911,-0.226078],[0.471599,0.768469,0.432493],[-0.00527966,-0.487989,0.872834]],[[0.881784,-0.414956,-0.224207],[0.183456,0.739682,-0.647468],[0.434512,0.529795,0.728366]],[[0.881784,-0.414956,-0.224207],[-0.296393,-0.117736,-0.947781],[0.36689,0.902192,-0.226808]],[[0.881784,-0.414956,-0.224207],[-0.441275,-0.557975,-0.702809],[0.166532,0.718662,-0.675123]]],"btipPosition":[-42.9846,221.359,-18.0814],"carpPosition":[-10.9773,252.541,49.4981],"dipPosition":[-39.9069,234.641,-30.5586],"direction":[-0.36689,-0.902192,0.226808],"extended":false,"handId":371,"id":3713,"length":63.7298,"mcpPosition":[-10.6502,282.777,-4.58332],"pipPosition":[-29.8535,259.363,-36.7735],"stabilizedTipPosition":[-44.1915,216.932,-16.0988],"timeVisible":12.5181,"tipPosition":[-42.2118,223.866,-19.6629],"tipVelocity":[86.0593,332.108,-216.559],"tool":false,"touchDistance":0.333333,"touchZone":"none","type":3,"width":17.881},{"bases":[[[0.785135,-0.588854,-0.191869],[0.600678,0.648584,0.467467],[-0.150826,-0.482276,0.862937]],[[0.773018,-0.62038,-0.132559],[0.405351,0.643766,-0.649042],[0.487989,0.447989,0.749114]],[[0.773018,-0.62038,-0.132559],[-0.234224,-0.0849165,-0.968467],[0.589561,0.779691,-0.21095]],[[0.773018,-0.62038,-0.132559],[-0.496787,-0.462039,-0.734658],[0.39452,0.633757,-0.665361]]],"btipPosition":[-28.1927,229.546,-16.0906],"carpPosition":[-1.6432,243.443,44.1797],"dipPosition":[-21.4662,240.351,-27.435],"direction":[-0.589561,-0.779691,0.21095],"extended":false,"handId":371,"id":3714,"length":49.963,"mcpPosition":[7.00767,271.104,-5.31528],"pipPosition":[-10.0601,255.436,-31.5161],"stabilizedTipPosition":[-28.4139,226.199,-14.912],"timeVisible":12.5181,"tipPosition":[-26.8368,231.643,-17.4518],"tipVelocity":[99.2065,302.16,-200.98],"tool":false,"touchDistance":0.333333,"touchZone":"none","type":4,"width":15.8833}],"r":[[0.951429,0.127854,0.280064],[-0.19165,0.9579,0.21377],[-0.240942,-0.257061,0.935877]],"s":1.24436,"t":[46.0978,94.2859,-106.175],"timestamp":15622434913},false],[4,{"currentFrameRate":100.035,"devices":[],"gestures":[],"hands":[{"armBasis":[[0.913608,-0.119692,-0.388579],[0.238118,0.932159,0.272724],[0.329574,-0.341691,0.88013]],"armWidth":63.029,"confidence":0.690257,"direction":[-0.0599248,0.649685,-0.757838],"elbow":[71.8895,150.64,286.084],"grabStrength":0,"id":371,"palmNormal":[-0.282939,-0.73912,-0.611266],"palmPosition":[-27.7584,274.781,9.65457],"palmVelocity":[125.69,314.301,-172.784],"palmWidth":90.0033,"pinchStrength":0.397909,"r":[[0.951585,0.112282,0.286144],[-0.180011,0.958131,0.222667],[-0.249162,-0.263396,0.931955]],"s":1.24239,"sphereCenter":[-47.0672,259.881,-29.7939],"sphereRadius":47.7444,"stabilizedPalmPosition":[-28.6063,271.823,11.177],"t":[47.0275,97.4721,-107.821],"timeVisible":12.5276,"type":"right","wrist":[-16.1307,241.896,51.0261]}],"id":1198824,"interactionBox":{"center":[0,200,0],"size":[235.247,235.247,147.751]},"pointables":[{"bases":[[[0.626575,0.716321,0.307063],[-0.62048,0.220081,0.752708],[0.471602,-0.662154,0.58236]],[[0.454591,0.883043,0.116544],[-0.606843,0.211277,0.766227],[0.651989,-0.419044,0.631912]],[[0.454591,0.883043,0.116544],[-0.865823,0.407388,0.290492],[0.209038,-0.232961,0.949754]],[[0.454591,0.883043,0.116544],[-0.885477,0.43389,0.166344],[0.0963219,-0.178815,0.979156]]],"btipPosition":[-87.4169,269.502,-32.4063],"carpPosition":[-45.9442,236.814,53.4937],"dipPosition":[-85.187,265.362,-9.73906],"direction":[-0.209038,0.232961,-0.949754],"extended":false,"handId":371,"id":3710,"length":51.5512,"mcpPosition":[-45.9442,236.814,53.4937],"pipPosition":[-78.137,257.505,22.2922],"stabilizedTipPosition":[-88.5074,261.626,-23.7402],"timeVisible":12.5276,"tipPosition":[-86.0743,270.017,-26.5019],"tipVelocity":[106.866,408.655,-212.254],"tool":false,"touchDistance":0.207092,"touchZone":"hovering","type":0,"width":20.0304},{"bases":[[[0.933613,-0.0661842,-0.352117],[0.247203,0.830378,0.499363],[0.25934,-0.553256,0.791612]],[[0.949633,-0.105192,-0.295181],[0.269818,0.753518,0.599507],[0.159361,-0.648956,0.743949]],[[0.949633,-0.105192,-0.295181],[0.212324,0.908781,0.359214],[0.230469,-0.403796,0.885344]],[[0.949633,-0.105192,-0.295181],[0.150283,0.979461,0.134432],[0.274977,-0.172022,0.945937]]],"btipPosition":[-69.2714,336.969,-70.9007],"carpPosition":[-33.4692,256.568,55.4753],"dipPosition":[-64.6242,334.062,-54.9141],"direction":[-0.230469,0.403796,-0.885344],"extended":true,"handId":371,"id":3711,"length":58.1698,"mcpPosition":[-52.3418,296.829,-2.13182],"pipPosition":[-59.1141,324.408,-33.747],"stabilizedTipPosition":[-69.1361,333.965,-66.5356],"timeVisible":12.5276,"tipPosition":[-68.1033,337.852,-66.0703],"tipVelocity":[232.37,404.768,-158.373],"tool":false,"touchDistance":0.285171,"touchZone":"hovering","type":1,"width":19.133},{"bases":[[[0.904154,-0.280906,-0.321865],[0.407116,0.794886,0.449903],[0.129466,-0.537818,0.833061]],[[0.903126,-0.27674,-0.328295],[0.0198898,0.790732,-0.611839],[0.428914,0.546039,0.719635]],[[0.903126,-0.27674,-0.328295],[-0.372593,-0.125112,-0.919522],[0.213395,0.952765,-0.216103]],[[0.903126,-0.27674,-0.328295],[-0.429326,-0.593528,-0.680737],[-0.00646533,0.755738,-0.654843]]],"btipPosition":[-57.2216,227.726,-21.9381],"carpPosition":[-21.9552,257.491,51.6123],"dipPosition":[-57.3418,241.773,-34.1105],"direction":[-0.213395,-0.952765,0.216103],"extended":false,"handId":371,"id":3712,"length":66.2798,"mcpPosition":[-30.8898,294.607,-5.87845],"pipPosition":[-51.3394,268.573,-40.189],"stabilizedTipPosition":[-58.7492,222.977,-20.0183],"timeVisible":12.5276,"tipPosition":[-57.1064,230.257,-23.7449],"tipVelocity":[79.7454,399.402,-239.837],"tool":false,"touchDistance":0.333333,"touchZone":"none","type":2,"width":18.7912},{"bases":[[[0.880071,-0.416105,-0.228759],[0.474593,0.755236,0.452084],[-0.0153479,-0.506434,0.862142]],[[0.880038,-0.417149,-0.22698],[0.194049,0.75209,-0.629846],[0.433449,0.510243,0.742815]],[[0.880038,-0.417149,-0.22698],[-0.291047,-0.0960717,-0.951873],[0.375266,0.903746,-0.205957]],[[0.880038,-0.417149,-0.22698],[-0.441063,-0.54074,-0.716285],[0.17606,0.730471,-0.65986]]],"btipPosition":[-42.5065,225.803,-20.9642],"carpPosition":[-10.7644,255.239,47.4449],"dipPosition":[-39.2527,239.303,-33.1593],"direction":[-0.375266,-0.903746,0.205957],"extended":false,"handId":371,"id":3713,"length":63.7298,"mcpPosition":[-9.81345,286.618,-5.97411],"pipPosition":[-28.9698,264.068,-38.8029],"stabilizedTipPosition":[-43.4223,220.718,-18.5236],"timeVisible":12.5276,"tipPosition":[-41.7186,228.34,-22.5499],"tipVelocity":[77.0375,372.718,-239.632],"tool":false,"touchDistance":0.333333,"touchZone":"none","type":3,"width":17.881},{"bases":[[[0.781785,-0.590952,-0.19897],[0.602466,0.633593,0.485381],[-0.160771,-0.499336,0.851362]],[[0.769006,-0.623617,-0.14047],[0.415633,0.654739,-0.631321],[0.485673,0.427106,0.762694]],[[0.769006,-0.623617,-0.14047],[-0.227908,-0.062168,-0.971696],[0.597233,0.779255,-0.189935]],[[0.769006,-0.623617,-0.14047],[-0.495491,-0.442668,-0.747351],[0.403879,0.644319,-0.649411]]],"btipPosition":[-27.6713,233.821,-18.7619],"carpPosition":[-1.46516,246.181,41.998],"dipPosition":[-20.7852,244.807,-29.8343],"direction":[-0.597233,-0.779254,0.189935],"extended":false,"handId":371,"id":3714,"length":49.963,"mcpPosition":[7.75608,274.821,-6.83308],"pipPosition":[-9.23071,259.883,-33.5089],"stabilizedTipPosition":[-27.6105,229.703,-17.1209],"timeVisible":12.5276,"tipPosition":[-26.2929,235.935,-20.0987],"tipVelocity":[87.6045,346.006,-222.198],"tool":false,"touchDistance":0.333333,"touchZone":"none","type":4,"width":15.8833}],"r":[[0.951585,0.112282,0.286144],[-0.180011,0.958131,0.222667],[-0.249162,-0.263396,0.931955]],"s":1.24239,"t":[47.0275,97.4721,-107.821],"timestamp":15622444404},false],[5,{"currentFrameRate":100.246,"devices":[],"gestures":[],"hands":[{"armBasis":[[0.913819,-0.129654,-0.384871],[0.245804,0.930954,0.270008],[0.32329,-0.341341,0.882593]],"armWidth":63.029,"confidence":0.695422,"direction":[-0.0544477,0.658094,-0.750964],"elbow":[70.6495,152.362,285.015],"grabStrength":0,"id":371,"palmNormal":[-0.291267,-0.72984,-0.618464],"palmPosition":[-27.0465,276.953,8.28843],"palmVelocity":[110.875,289.125,-164.13],"palmWidth":90.0033,"pinchStrength":0.395923,"r":[[0.951822,0.097257,0.290818],[-0.168735,0.957999,0.231875],[-0.256052,-0.269775,0.928256]],"s":1.24082,"sphereCenter":[-46.3314,262.398,-31.4514],"sphereRadius":47.7689,"stabilizedPalmPosition":[-27.7867,274.519,9.65905],"t":[47.8483,100.152,-109.327],"timeVisible":12.5372,"type":"right","wrist":[-15.6922,243.525,49.2986]}],"id":1198825,"interactionBox":{"center":[0,200,0],"size":[235.247,235.247,147.751]},"pointables":[{"bases":[[[0.634219,0.706737,0.313511],[-0.617144,0.218496,0.755905],[0.465725,-0.672891,0.574733]],[[0.462588,0.87787,0.12392],[-0.603407,0.209344,0.769464],[0.649548,-0.430719,0.626553]],[[0.462588,0.87787,0.12392],[-0.860621,0.411067,0.300591],[0.212941,-0.245698,0.945668]],[[0.462588,0.87787,0.12392],[-0.8812,0.439905,0.173121],[0.0974646,-0.189282,0.977074]]],"btipPosition":[-87.0621,272.655,-33.6901],"carpPosition":[-45.552,238.719,51.7593],"dipPosition":[-84.8058,268.273,-11.071],"direction":[-0.212941,0.245698,-0.945668],"extended":false,"handId":371,"id":3710,"length":51.5512,"mcpPosition":[-45.552,238.719,51.7593],"pipPosition":[-77.6242,259.987,20.8225],"stabilizedTipPosition":[-87.6976,265.757,-25.6976],"timeVisible":12.5372,"tipPosition":[-85.6716,273.01,-27.8485],"tipVelocity":[86.8828,384.149,-190.037],"tool":false,"touchDistance":0.221723,"touchZone":"hovering","type":0,"width":20.0304},{"bases":[[[0.93239,-0.0719348,-0.354222],[0.256294,0.82261,0.507568],[0.254875,-0.564037,0.78543]],[[0.948143,-0.111826,-0.297524],[0.276896,0.750205,0.600434],[0.15606,-0.651681,0.742265]],[[0.948143,-0.111826,-0.297524],[0.22059,0.90544,0.362655],[0.228836,-0.40948,0.883154]],[[0.948143,-0.111826,-0.297524],[0.159404,0.977132,0.140723],[0.274984,-0.180852,0.944286]]],"btipPosition":[-68.1733,339.911,-71.8479],"carpPosition":[-32.8752,258.324,53.9265],"dipPosition":[-63.526,336.855,-55.8891],"direction":[-0.228836,0.40948,-0.883154],"extended":true,"handId":371,"id":3711,"length":58.1698,"mcpPosition":[-51.4229,299.37,-3.23073],"pipPosition":[-58.0549,327.065,-34.7744],"stabilizedTipPosition":[-67.7681,337.495,-67.641],"timeVisible":12.5372,"tipPosition":[-66.9552,340.73,-67.0339],"tipVelocity":[198.396,375.644,-141.415],"tool":false,"touchDistance":0.288533,"touchZone":"hovering","type":1,"width":19.133},{"bases":[[[0.900808,-0.286651,-0.326154],[0.41577,0.786023,0.457497],[0.125223,-0.547722,0.827237]],[[0.89979,-0.282312,-0.332684],[0.027234,0.797322,-0.60294],[0.435473,0.533459,0.72511]],[[0.89979,-0.282312,-0.332684],[-0.376154,-0.115527,-0.919327],[0.221103,0.952341,-0.210142]],[[0.89979,-0.282312,-0.332684],[-0.436315,-0.587051,-0.68191],[-0.00279119,0.75873,-0.651399]]],"btipPosition":[-56.9295,230.646,-23.5856],"carpPosition":[-21.358,259.171,50.0555],"dipPosition":[-56.9814,244.749,-35.694],"direction":[-0.221103,-0.952341,0.210142],"extended":false,"handId":371,"id":3712,"length":66.2798,"mcpPosition":[-29.9998,296.971,-7.03325],"pipPosition":[-50.7622,271.536,-41.6049],"stabilizedTipPosition":[-58.1067,226.855,-22.2758],"timeVisible":12.5372,"tipPosition":[-56.8449,233.188,-25.5019],"tipVelocity":[65.9996,372.588,-219.861],"tool":false,"touchDistance":0.333333,"touchZone":"none","type":2,"width":18.7912},{"bases":[[[0.875494,-0.422561,-0.234418],[0.482846,0.745674,0.459163],[-0.0192245,-0.515182,0.856865]],[[0.875461,-0.423408,-0.233008],[0.199343,0.75557,-0.624],[0.440261,0.49984,0.745876]],[[0.875461,-0.423408,-0.233008],[-0.296188,-0.0890823,-0.950966],[0.38189,0.901549,-0.203396]],[[0.875461,-0.423408,-0.233008],[-0.449099,-0.534617,-0.715888],[0.178543,0.731376,-0.658189]]],"btipPosition":[-42.2269,228.46,-22.4707],"carpPosition":[-10.1966,256.85,45.8477],"dipPosition":[-38.9272,241.976,-34.6349],"direction":[-0.38189,-0.901549,0.203396],"extended":false,"handId":371,"id":3713,"length":63.7298,"mcpPosition":[-9.0054,288.771,-7.24425],"pipPosition":[-28.4628,266.68,-40.2083],"stabilizedTipPosition":[-42.7786,224.292,-20.7451],"timeVisible":12.5372,"tipPosition":[-41.4659,231.04,-24.272],"tipVelocity":[63.5411,345.382,-215.683],"tool":false,"touchDistance":0.333333,"touchZone":"none","type":3,"width":17.881},{"bases":[[[0.77549,-0.596707,-0.206293],[0.609531,0.622408,0.490998],[-0.164584,-0.506506,0.846383]],[[0.762494,-0.629788,-0.148225],[0.422482,0.658169,-0.623155],[0.490013,0.412529,0.767924]],[[0.762494,-0.629788,-0.148225],[-0.229482,-0.0490523,-0.972076],[0.604931,0.775217,-0.181927]],[[0.762494,-0.629788,-0.148225],[-0.501334,-0.430296,-0.750673],[0.408984,0.646693,-0.643832]]],"btipPosition":[-27.3723,236.355,-20.6144],"carpPosition":[-0.997102,247.756,40.2929],"dipPosition":[-20.3992,247.381,-31.5917],"direction":[-0.604931,-0.775217,0.181927],"extended":false,"handId":371,"id":3714,"length":49.963,"mcpPosition":[8.44282,276.807,-8.25261],"pipPosition":[-8.69574,262.379,-35.1113],"stabilizedTipPosition":[-26.9614,232.941,-19.2419],"timeVisible":12.5372,"tipPosition":[-25.9818,238.463,-21.9617],"tipVelocity":[71.9251,322.845,-213.298],"tool":false,"touchDistance":0.333333,"touchZone":"none","type":4,"width":15.8833}],"r":[[0.951822,0.097257,0.290818],[-0.168735,0.957999,0.231875],[-0.256052,-0.269775,0.928256]],"s":1.24082,"t":[47.8483,100.152,-109.327],"timestamp":15622453968},false],[6,{"currentFrameRate":100.599,"devices":[],"gestures":[],"hands":[{"armBasis":[[0.912647,-0.13379,-0.386233],[0.25025,0.930012,0.269172],[0.323189,-0.342314,0.882253]],"armWidth":63.029,"confidence":0.700348,"direction":[-0.0519083,0.663582,-0.7463],"elbow":[71.0425,152.887,283.793],"grabStrength":0,"id":371,"palmNormal":[-0.296348,-0.723881,-0.623036],"palmPosition":[-26.502,278.085,7.40867],"palmVelocity":[96.243,242.212,-144.71],"palmWidth":90.0033,"pinchStrength":0.394814,"r":[[0.952051,0.0837204,0.294262],[-0.158587,0.957568,0.240654],[-0.261628,-0.275781,0.92493]],"s":1.23949,"sphereCenter":[-45.7992,263.751,-32.505],"sphereRadius":47.78,"stabilizedPalmPosition":[-27.1311,276.339,8.51068],"t":[48.5309,102.057,-110.52],"timeVisible":12.5465,"type":"right","wrist":[-15.2723,244.31,48.1681]}],"id":1198826,"interactionBox":{"center":[0,200,0],"size":[235.247,235.247,147.751]},"pointables":[{"bases":[[[0.638686,0.700963,0.317381],[-0.614718,0.216721,0.758389],[0.46282,-0.679472,0.569312]],[[0.466939,0.874909,0.128462],[-0.601146,0.20752,0.771724],[0.64853,-0.437573,0.622847]],[[0.466939,0.874909,0.128462],[-0.857516,0.412522,0.307394],[0.215948,-0.253693,0.942871]],[[0.466939,0.874909,0.128462],[-0.878839,0.443033,0.1771],[0.0980337,-0.195593,0.975773]]],"btipPosition":[-86.7294,274.345,-34.4987],"carpPosition":[-45.1549,239.655,50.6433],"dipPosition":[-84.4599,269.817,-11.9097],"direction":[-0.215948,0.253693,-0.942871],"extended":false,"handId":371,"id":3710,"length":51.5512,"mcpPosition":[-45.1549,239.655,50.6433],"pipPosition":[-77.1769,261.261,19.8894],"stabilizedTipPosition":[-87.0731,268.92,-27.2086],"timeVisible":12.5465,"tipPosition":[-85.3294,274.606,-28.6925],"tipVelocity":[72.6552,326.462,-161.382],"tool":false,"touchDistance":0.232288,"touchZone":"hovering","type":0,"width":20.0304},{"bases":[[[0.931414,-0.0747262,-0.356207],[0.261725,0.817614,0.512842],[0.252917,-0.570897,0.781095]],[[0.947,-0.115007,-0.299941],[0.28115,0.7484,0.60071],[0.15539,-0.6532,0.741069]],[[0.947,-0.115007,-0.299941],[0.225428,0.903119,0.365455],[0.228853,-0.413701,0.88118]],[[0.947,-0.115007,-0.299941],[0.164784,0.975425,0.146259],[0.27575,-0.187933,0.942679]]],"btipPosition":[-67.5048,341.544,-72.4078],"carpPosition":[-32.3643,259.173,52.9259],"dipPosition":[-62.8445,338.368,-56.4762],"direction":[-0.228853,0.413701,-0.88118],"extended":true,"handId":371,"id":3711,"length":58.1698,"mcpPosition":[-50.7695,300.718,-3.91586],"pipPosition":[-57.3731,328.477,-35.4087],"stabilizedTipPosition":[-66.8701,339.727,-68.3826],"timeVisible":12.5465,"tipPosition":[-66.249,342.29,-67.6246],"tipVelocity":[163.014,318.803,-118.855],"tool":false,"touchDistance":0.291992,"touchZone":"hovering","type":1,"width":19.133},{"bases":[[[0.898665,-0.28945,-0.329576],[0.420913,0.780478,0.462262],[0.123425,-0.554142,0.823221]],[[0.897638,-0.284961,-0.33622],[0.0304866,0.801182,-0.597644],[0.439679,0.526217,0.727859]],[[0.897638,-0.284961,-0.33622],[-0.379478,-0.111731,-0.918429],[0.22415,0.952005,-0.20843]],[[0.897638,-0.284961,-0.33622],[-0.440725,-0.585249,-0.680621],[-0.00282183,0.759132,-0.650931]]],"btipPosition":[-56.5816,232.246,-24.5095],"carpPosition":[-20.8486,259.982,49.0424],"dipPosition":[-56.6341,246.357,-36.6092],"direction":[-0.22415,-0.952005,0.20843],"extended":false,"handId":371,"id":3712,"length":66.2798,"mcpPosition":[-29.3663,298.224,-7.76926],"pipPosition":[-50.3292,273.135,-42.4719],"stabilizedTipPosition":[-57.5661,229.941,-24.0682],"timeVisible":12.5465,"tipPosition":[-56.543,234.815,-26.568],"tipVelocity":[58.0068,316.52,-186.053],"tool":false,"touchDistance":0.333333,"touchZone":"none","type":2,"width":18.7912},{"bases":[[[0.872728,-0.425849,-0.238743],[0.487763,0.739741,0.463541],[-0.0207905,-0.520995,0.853306]],[[0.872698,-0.426595,-0.237519],[0.20274,0.759144,-0.618545],[0.444179,0.491648,0.748991]],[[0.872698,-0.426595,-0.237519],[-0.29869,-0.0816242,-0.950853],[0.386242,0.900752,-0.198653]],[[0.872698,-0.426595,-0.237519],[-0.453641,-0.528502,-0.717562],[0.180579,0.733963,-0.654744]]],"btipPosition":[-41.9704,229.933,-23.6284],"carpPosition":[-9.70703,257.627,44.8008],"dipPosition":[-38.633,243.498,-35.729],"direction":[-0.386242,-0.900752,0.198653],"extended":false,"handId":371,"id":3713,"length":63.7298,"mcpPosition":[-8.41884,289.908,-8.0707],"pipPosition":[-28.0494,268.18,-41.1724],"stabilizedTipPosition":[-42.2616,227.166,-22.604],"timeVisible":12.5465,"tipPosition":[-41.2132,232.523,-25.4654],"tipVelocity":[53.731,293.367,-189.77],"tool":false,"touchDistance":0.333333,"touchZone":"none","type":3,"width":17.881},{"bases":[[[0.771787,-0.59962,-0.211664],[0.613801,0.615546,0.494319],[-0.166115,-0.511429,0.843117]],[[0.758597,-0.63324,-0.153422],[0.427049,0.661063,-0.616948],[0.492097,0.402496,0.771905]],[[0.758597,-0.63324,-0.153422],[-0.230433,-0.0404944,-0.972245],[0.609451,0.772896,-0.176639]],[[0.758597,-0.63324,-0.153422],[-0.505207,-0.422966,-0.75224],[0.411456,0.648157,-0.640778]]],"btipPosition":[-27.0576,237.772,-21.8453],"carpPosition":[-0.567731,248.52,39.1683],"dipPosition":[-20.0423,248.823,-32.7705],"direction":[-0.609451,-0.772896,0.176639],"extended":false,"handId":371,"id":3714,"length":49.963,"mcpPosition":[8.96,277.853,-9.18987],"pipPosition":[-8.25146,263.776,-36.1879],"stabilizedTipPosition":[-26.4389,235.48,-21.0036],"timeVisible":12.5465,"tipPosition":[-25.6633,239.871,-23.2119],"tipVelocity":[61.5571,275.305,-190.358],"tool":false,"touchDistance":0.333333,"touchZone":"none","type":4,"width":15.8833}],"r":[[0.952051,0.0837204,0.294262],[-0.158587,0.957568,0.240654],[-0.261628,-0.275781,0.9