{"sensorType":"Leap","data":[[0,{"currentFrameRate":105.428,"devices":[],"gestures":[],"hands":[{"armBasis":[[0.927778,0.0904393,-0.362008],[-0.017812,0.979811,0.199133],[0.372708,-0.178303,0.910657]],"armWidth":63.029,"confidence":0.870363,"direction":[-0.0557762,0.661786,-0.747616],"elbow":[92.4705,136.184,289.723],"grabStrength":0,"id":371,"palmNormal":[-0.0116741,-0.749162,-0.662284],"palmPosition":[-17.6265,215.738,4.12128],"palmVelocity":[-71.2392,-3.51837,102.693],"palmWidth":90.0033,"pinchStrength":0.230202,"r":[[0.844362,0.224321,0.486552],[-0.373348,0.897685,0.234037],[-0.38427,-0.379265,0.841721]],"s":1.28361,"sphereCenter":[-42.3688,200.048,-34.3539],"sphereRadius":48.806,"stabilizedPalmPosition":[-8.91722,211.585,-15.4262],"t":[58.8463,41.7326,-115.993],"timeVisible":20.2444,"type":"right","wrist":[-7.06957,183.804,46.5115]}],"id":1199628,"interactionBox":{"center":[0,200,0],"size":[235.247,235.247,147.751]},"pointables":[{"bases":[[[0.401301,0.810559,0.426557],[-0.776498,0.0540595,0.627797],[0.485807,-0.583156,0.651092]],[[0.181348,0.973332,0.140489],[-0.742223,0.0417477,0.668852],[0.64515,-0.22557,0.73]],[[0.181348,0.973332,0.140489],[-0.979436,0.165918,0.114784],[0.0884134,-0.158416,0.983406]],[[0.181348,0.973332,0.140489],[-0.960512,0.144653,0.237681],[0.21102,-0.178045,0.96113]]],"btipPosition":[-74.8806,193.367,-48.0978],"carpPosition":[-35.1586,172.765,43.3631],"dipPosition":[-69.9955,189.245,-25.8478],"direction":[-0.0884134,0.158416,-0.983406],"extended":false,"handId":371,"id":3710,"length":51.5512,"mcpPosition":[-35.1586,172.765,43.3631],"pipPosition":[-67.0137,183.903,7.31838],"stabilizedTipPosition":[-68.9529,191.318,-49.4746],"timeVisible":20.2444,"tipPosition":[-72.6926,192.228,-42.7234],"tipVelocity":[-93.8923,10.8829,119.136],"tool":false,"touchDistance":0.116824,"touchZone":"hovering","type":0,"width":20.0304},{"bases":[[[0.974837,0.138926,-0.174334],[-0.0214776,0.836947,0.546862],[0.221882,-0.529357,0.818871]],[[0.932856,0.213524,-0.290152],[-0.0580541,0.883991,0.463886],[0.355542,-0.415894,0.837031]],[[0.932856,0.213524,-0.290152],[-0.143561,0.959038,0.244204],[0.33041,-0.186152,0.925298]],[[0.932856,0.213524,-0.290152],[-0.203972,0.976938,0.0631508],[0.296944,0.000272284,0.954895]]],"btipPosition":[-71.7323,255.127,-85.5575],"carpPosition":[-27.5582,194.484,47.8644],"dipPosition":[-66.7139,255.131,-69.4195],"direction":[-0.33041,0.186152,-0.925298],"extended":true,"handId":371,"id":3711,"length":58.1698,"mcpPosition":[-43.705,233.007,-11.7263],"pipPosition":[-58.8143,250.681,-47.2972],"stabilizedTipPosition":[-60.1419,255.754,-98.7494],"timeVisible":20.2444,"tipPosition":[-70.5839,256.731,-81.1931],"tipVelocity":[-93.5545,-52.454,101.397],"tool":false,"touchDistance":0.181438,"touchZone":"hovering","type":1,"width":19.133},{"bases":[[[0.985134,-0.0785972,-0.152754],[0.148516,0.83656,0.527362],[0.0863391,-0.542208,0.835797]],[[0.985202,-0.0790273,-0.152091],[-0.0443181,0.739728,-0.671445],[0.165569,0.66825,0.725279]],[[0.985202,-0.0790273,-0.152091],[-0.171384,-0.465116,-0.868501],[-0.00210475,0.881715,-0.471777]],[[0.985202,-0.0790273,-0.152091],[-0.139551,-0.885046,-0.444094],[-0.0995122,0.458747,-0.882977]]],"btipPosition":[-27.9215,170.106,-16.3684],"carpPosition":[-15.9781,197.876,46.2076],"dipPosition":[-29.7712,178.633,-32.7814],"direction":[0.00210475,-0.881715,0.471777],"extended":false,"handId":371,"id":3712,"length":66.2798,"mcpPosition":[-21.9365,235.294,-11.4719],"pipPosition":[-29.8305,203.434,-46.0516],"stabilizedTipPosition":[-21.2412,167.034,-34.3345],"timeVisible":20.2444,"tipPosition":[-28.4847,171.702,-20.6908],"tipVelocity":[-65.3236,3.65638,118.157],"tool":false,"touchDistance":0.333333,"touchZone":"none","type":2,"width":18.7912},{"bases":[[[0.973084,-0.220369,-0.0674123],[0.221196,0.811096,0.541475],[-0.0646466,-0.541812,0.83801]],[[0.97255,-0.22459,-0.0608724],[0.106248,0.661341,-0.742522],[0.20702,0.715673,0.667049]],[[0.97255,-0.22459,-0.0608724],[-0.176151,-0.539662,-0.823247],[0.152042,0.811372,-0.56441]],[[0.97255,-0.22459,-0.0608724],[-0.230567,-0.894828,-0.382258],[0.0313808,0.3858,-0.922049]]],"btipPosition":[-13.8934,170.689,-4.74564],"carpPosition":[-4.00346,198.11,44.1519],"dipPosition":[-13.3134,177.819,-21.7864],"direction":[-0.152042,-0.811372,0.56441],"extended":false,"handId":371,"id":3713,"length":63.7298,"mcpPosition":[0.00208551,231.682,-7.77182],"pipPosition":[-9.14719,200.052,-37.2521],"stabilizedTipPosition":[-6.57493,166.868,-24.2181],"timeVisible":20.2444,"tipPosition":[-13.9221,172.115,-9.30921],"tipVelocity":[-60.7304,6.07855,121.426],"tool":false,"touchDistance":0.333333,"touchZone":"none","type":3,"width":17.881},{"bases":[[[0.909048,-0.412564,-0.0585032],[0.363268,0.715871,0.596293],[-0.204128,-0.563311,0.800632]],[[0.864876,-0.497097,0.0698919],[0.41099,0.621257,-0.667178],[0.288232,0.605751,0.741612]],[[0.864876,-0.497097,0.0698919],[-0.184224,-0.443825,-0.876973],[0.46696,0.745596,-0.47543]],[[0.864876,-0.497097,0.0698919],[-0.413239,-0.784085,-0.463081],[0.284997,0.371626,-0.883556]]],"btipPosition":[-4.49143,181.734,-7.19372],"carpPosition":[7.77494,191.372,40.4036],"dipPosition":[0.367749,188.07,-22.2582],"direction":[-0.46696,-0.745596,0.47543],"extended":false,"handId":371,"id":3714,"length":49.963,"mcpPosition":[19.483,223.681,-5.51782],"pipPosition":[9.40189,202.495,-31.4563],"stabilizedTipPosition":[4.56925,178.151,-25.1839],"timeVisible":20.2444,"tipPosition":[-3.32887,183.001,-10.7733],"tipVelocity":[-67.9284,5.36324,112.883],"tool":false,"touchDistance":0.333333,"touchZone":"none","type":4,"width":15.8833}],"r":[[0.844362,0.224321,0.486552],[-0.373348,0.897685,0.234037],[-0.38427,-0.379265,0.841721]],"s":1.28361,"t":[58.8463,41.7326,-115.993],"timestamp":15630161151},false],[1,{"currentFrameRate":105.601,"devices":[],"gestures":[],"hands":[{"armBasis":[[0.926165,0.0920168,-0.365719],[-0.0183843,0.979639,0.199925],[0.376669,-0.17844,0.908999]],"armWidth":63.029,"confidence":0.870233,"direction":[-0.0583246,0.66091,-0.748196],"elbow":[92.809,136.12,290.184],"grabStrength":0,"id":371,"palmNormal":[-0.0123654,-0.749892,-0.661444],"palmPosition":[-18.4837,215.653,5.01568],"palmVelocity":[-77.4876,-5.13783,101.316],"palmWidth":90.0033,"pinchStrength":0.219159,"r":[[0.845059,0.224909,0.485068],[-0.374022,0.896966,0.23571],[-0.382076,-0.380615,0.84211]],"s":1.28415,"sphereCenter":[-43.2324,199.835,-33.3876],"sphereRadius":48.7946,"stabilizedPalmPosition":[-8.96237,211.604,-15.3298],"t":[58.0391,41.6317,-115.049],"timeVisible":20.2535,"type":"right","wrist":[-7.78882,183.776,47.4152]}],"id":1199629,"interactionBox":{"center":[0,200,0],"size":[235.247,235.247,147.751]},"pointables":[{"bases":[[[0.40136,0.81149,0.424728],[-0.77507,0.0538308,0.629578],[0.488033,-0.581882,0.650567]],[[0.183137,0.972736,0.142287],[-0.739713,0.0410167,0.671672],[0.647523,-0.228259,0.727057]],[[0.183137,0.972736,0.142287],[-0.97883,0.166968,0.118377],[0.0913925,-0.160954,0.982721]],[[0.183137,0.972736,0.142287],[-0.956447,0.142833,0.254572],[0.227309,-0.182712,0.956529]]],"btipPosition":[-76.189,193.63,-46.8406],"carpPosition":[-35.8723,172.701,44.3454],"dipPosition":[-70.9268,189.4,-24.6971],"direction":[-0.0913925,0.160954,-0.982721],"extended":false,"handId":371,"id":3710,"length":51.5512,"mcpPosition":[-35.8723,172.701,44.3454],"pipPosition":[-67.8446,183.972,8.44601],"stabilizedTipPosition":[-69.3376,191.404,-48.9813],"timeVisible":20.2535,"tipPosition":[-73.9261,192.336,-41.5752],"tipVelocity":[-104.926,15.1014,123.477],"tool":false,"touchDistance":0.13737,"touchZone":"hovering","type":0,"width":20.0304},{"bases":[[[0.974257,0.139878,-0.176796],[-0.0211628,0.837513,0.546007],[0.224444,-0.52821,0.818914]],[[0.931852,0.214387,-0.292728],[-0.0588889,0.885438,0.461011],[0.358027,-0.412356,0.837723]],[[0.931852,0.214387,-0.292728],[-0.145448,0.959829,0.239946],[0.33241,-0.181018,0.925601]],[[0.931852,0.214387,-0.292728],[-0.20648,0.976728,0.0580362],[0.298358,0.00636141,0.954433]]],"btipPosition":[-72.8245,254.617,-84.6487],"carpPosition":[-28.2867,194.435,48.8052],"dipPosition":[-67.7822,254.725,-68.5184],"direction":[-0.33241,0.181018,-0.925601],"extended":true,"handId":371,"id":3711,"length":58.1698,"mcpPosition":[-44.6199,232.873,-10.7886],"pipPosition":[-59.8348,250.397,-46.3889],"stabilizedTipPosition":[-60.3944,255.73,-98.359],"timeVisible":20.2535,"tipPosition":[-71.6771,256.215,-80.309],"tipVelocity":[-100.575,-52.6224,100.766],"tool":false,"touchDistance":0.196555,"touchZone":"hovering","type":1,"width":19.133},{"bases":[[[0.98486,-0.0776096,-0.155006],[0.148784,0.837304,0.526104],[0.0889562,-0.541201,0.836175]],[[0.984925,-0.0780071,-0.154391],[-0.0472668,0.737207,-0.674012],[0.166396,0.671149,0.722406]],[[0.984925,-0.0780071,-0.154391],[-0.172897,-0.471427,-0.864791],[-0.0053244,0.878448,-0.477808]],[[0.984925,-0.0780071,-0.154391],[-0.138895,-0.888635,-0.437077],[-0.103102,0.451933,-0.886074]]],"btipPosition":[-28.7207,170.079,-15.1207],"carpPosition":[-16.7146,197.838,47.1173],"dipPosition":[-30.6372,178.479,-31.5913],"direction":[0.0053244,-0.878448,0.477808],"extended":false,"handId":371,"id":3712,"length":66.2798,"mcpPosition":[-22.8536,235.187,-10.5884],"pipPosition":[-30.787,203.188,-45.0311],"stabilizedTipPosition":[-21.2876,167.063,-34.2441],"timeVisible":20.2535,"tipPosition":[-29.3076,171.651,-19.5142],"tipVelocity":[-71.9226,0.92796,122.822],"tool":false,"touchDistance":0.333333,"touchZone":"none","type":2,"width":18.7912},{"bases":[[[0.97318,-0.219303,-0.0694821],[0.221528,0.811941,0.540072],[-0.0620242,-0.540979,0.838746]],[[0.972731,-0.223009,-0.0637273],[0.102048,0.658255,-0.745847],[0.208279,0.719005,0.663062]],[[0.972731,-0.223009,-0.0637273],[-0.178792,-0.545967,-0.818507],[0.147741,0.807581,-0.570952]],[[0.972731,-0.223009,-0.0637273],[-0.230435,-0.898039,-0.374735],[0.0263394,0.379201,-0.924939]]],"btipPosition":[-14.6421,170.69,-3.50137],"carpPosition":[-4.74509,198.084,45.0329],"dipPosition":[-14.1553,177.698,-20.5955],"direction":[-0.147741,-0.807581,0.570952],"extended":false,"handId":371,"id":3713,"length":63.7298,"mcpPosition":[-0.902032,231.604,-6.93642],"pipPosition":[-10.1069,199.827,-36.2405],"stabilizedTipPosition":[-6.60276,166.887,-24.1593],"timeVisible":20.2535,"tipPosition":[-14.7027,172.084,-8.13421],"tipVelocity":[-67.2572,3.55948,125.106],"tool":false,"touchDistance":0.333333,"touchZone":"none","type":3,"width":17.881},{"bases":[[[0.90939,-0.411563,-0.0602135],[0.36384,0.716941,0.594656],[-0.201569,-0.562682,0.801722]],[[0.8656,-0.496038,0.0684265],[0.407973,0.619396,-0.670751],[0.290335,0.608518,0.73852]],[[0.8656,-0.496038,0.0684265],[-0.188175,-0.448874,-0.873557],[0.464033,0.743275,-0.481887]],[[0.8656,-0.496038,0.0684265],[-0.414952,-0.787066,-0.456445],[0.28027,0.366705,-0.887117]]],"btipPosition":[-5.31723,181.713,-6.10212],"carpPosition":[7.03229,191.356,41.2639],"dipPosition":[-0.538648,187.966,-21.2274],"direction":[-0.464033,-0.743275,0.481887],"extended":false,"handId":371,"id":3714,"length":49.963,"mcpPosition":[18.5935,223.629,-4.71999],"pipPosition":[8.43886,202.346,-30.5503],"stabilizedTipPosition":[4.52528,178.176,-25.1058],"timeVisible":20.2535,"tipPosition":[-4.17849,182.958,-9.75742],"tipVelocity":[-74.7084,2.66179,114.245],"tool":false,"touchDistance":0.333333,"touchZone":"none","type":4,"width":15.8833}],"r":[[0.845059,0.224909,0.485068],[-0.374022,0.896966,0.23571],[-0.382076,-0.380615,0.84211]],"s":1.28415,"t":[58.0391,41.6317,-115.049],"timestamp":15630170301},false],[2,{"currentFrameRate":105.573,"devices":[],"gestures":[],"hands":[{"armBasis":[[0.925008,0.0933283,-0.368307],[-0.0183051,0.979184,0.20215],[0.379506,-0.180248,0.907461]],"armWidth":63.029,"confidence":0.876797,"direction":[-0.0655747,0.655804,-0.752078],"elbow":[93.245,135.783,292.056],"grabStrength":0,"id":371,"palmNormal":[-0.0159741,-0.754294,-0.656343],"palmPosition":[-19.2044,215.495,7.17433],"palmVelocity":[-76.9637,-8.44937,137.415],"palmWidth":90.0033,"pinchStrength":0.203154,"r":[[0.846279,0.226371,0.482253],[-0.374558,0.896549,0.236447],[-0.378838,-0.380732,0.843519]],"s":1.28486,"sphereCenter":[-44.0908,199.308,-30.9243],"sphereRadius":48.7549,"stabilizedPalmPosition":[-9.00989,211.622,-15.2254],"t":[57.2752,41.502,-113.498],"timeVisible":20.2631,"type":"right","wrist":[-8.11059,183.922,49.6989]}],"id":1199630,"interactionBox":{"center":[0,200,0],"size":[235.247,235.247,147.751]},"pointables":[{"bases":[[[0.402972,0.815114,0.416177],[-0.770224,0.0564246,0.635273],[0.494337,-0.576546,0.650558]],[[0.183953,0.973401,0.136573],[-0.73439,0.0437538,0.677316],[0.653325,-0.224892,0.722904]],[[0.183953,0.973401,0.136573],[-0.977917,0.167216,0.12537],[0.0991982,-0.156619,0.982665]],[[0.183953,0.973401,0.136573],[-0.951661,0.141602,0.272563],[0.245974,-0.18011,0.952396]]],"btipPosition":[-77.4925,193.326,-43.9602],"carpPosition":[-36.1939,172.77,46.9231],"dipPosition":[-71.7982,189.156,-21.9124],"direction":[-0.0991982,0.156619,-0.982665],"extended":false,"handId":371,"id":3710,"length":51.5512,"mcpPosition":[-36.1939,172.77,46.9231],"pipPosition":[-68.4527,183.874,11.2288],"stabilizedTipPosition":[-69.7188,191.457,-48.4193],"timeVisible":20.2631,"tipPosition":[-75.1625,191.972,-38.7693],"tipVelocity":[-111.118,1.96454,174.353],"tool":false,"touchDistance":0.185009,"touchZone":"hovering","type":0,"width":20.0304},{"bases":[[[0.972546,0.140696,-0.185363],[-0.0186418,0.841077,0.540594],[0.231964,-0.522297,0.820609]],[[0.929178,0.21421,-0.301234],[-0.0582841,0.88967,0.452869],[0.365008,-0.403239,0.839147]],[[0.929178,0.21421,-0.301234],[-0.147183,0.961979,0.230075],[0.339065,-0.169444,0.925377]],[[0.929178,0.21421,-0.301234],[-0.209806,0.976598,0.0473052],[0.304318,0.0192457,0.952376]]],"btipPosition":[-74.2609,253.418,-82.4185],"carpPosition":[-28.6193,194.548,51.1791],"dipPosition":[-69.1178,253.743,-66.3231],"direction":[-0.339065,0.169444,-0.925377],"extended":true,"handId":371,"id":3711,"length":58.1698,"mcpPosition":[-45.4997,232.556,-8.53804],"pipPosition":[-61.0113,249.692,-44.1989],"stabilizedTipPosition":[-60.7105,255.674,-97.8695],"timeVisible":20.2631,"tipPosition":[-73.1092,255.049,-78.1103],"tipVelocity":[-114.344,-72.2187,138.944],"tool":false,"touchDistance":0.233591,"touchZone":"hovering","type":1,"width":19.133},{"bases":[[[0.983776,-0.0766203,-0.162215],[0.151144,0.841084,0.519359],[0.0966433,-0.535451,0.839019]],[[0.983858,-0.0770753,-0.161502],[-0.055818,0.725291,-0.686175],[0.170023,0.684114,0.709282]],[[0.983858,-0.0770753,-0.161502],[-0.178424,-0.491746,-0.852262],[-0.0137298,0.867321,-0.49756]],[[0.983858,-0.0770753,-0.161502],[-0.13877,-0.898431,-0.41661],[-0.112989,0.432297,-0.894625]]],"btipPosition":[-29.3573,169.867,-11.7161],"carpPosition":[-17.0679,197.963,49.3779],"dipPosition":[-31.4575,177.902,-28.3456],"direction":[0.0137298,-0.867321,0.49756],"extended":false,"handId":371,"id":3712,"length":66.2798,"mcpPosition":[-23.7374,234.916,-8.52404],"pipPosition":[-31.8437,202.299,-42.341],"stabilizedTipPosition":[-21.3286,167.085,-34.1546],"timeVisible":20.2631,"tipPosition":[-30.0179,171.399,-16.3563],"tipVelocity":[-71.7372,-8.27846,189.301],"tool":false,"touchDistance":0.333333,"touchZone":"none","type":2,"width":18.7912},{"bases":[[[0.973064,-0.217766,-0.0756656],[0.224048,0.815963,0.532923],[-0.0543124,-0.535521,0.842774]],[[0.972691,-0.221235,-0.0701982],[0.094504,0.653732,-0.750802],[0.211994,0.723664,0.656786]],[[0.972691,-0.221235,-0.0701982],[-0.184353,-0.552643,-0.812773],[0.141019,0.803518,-0.578336]],[[0.972691,-0.221235,-0.0701982],[-0.231443,-0.901667,-0.365281],[0.0175174,0.371552,-0.928247]]],"btipPosition":[-15.3075,170.535,-1.04501],"carpPosition":[-5.11569,198.22,47.198],"dipPosition":[-14.9837,177.402,-18.2003],"direction":[-0.141019,-0.803518,0.578336],"extended":false,"handId":371,"id":3713,"length":63.7298,"mcpPosition":[-1.75045,231.402,-5.02088],"pipPosition":[-11.1196,199.419,-34.0476],"stabilizedTipPosition":[-6.62865,166.903,-24.1018],"timeVisible":20.2631,"tipPosition":[-15.4132,171.883,-5.67307],"tipVelocity":[-69.1419,-3.1499,162.931],"tool":false,"touchDistance":0.333333,"touchZone":"none","type":3,"width":17.881},{"bases":[[[0.909753,-0.41009,-0.0646225],[0.366983,0.72162,0.587017],[-0.194097,-0.557755,0.806992]],[[0.867113,-0.493853,0.0650035],[0.401108,0.614899,-0.678978],[0.295345,0.614824,0.731275]],[[0.867113,-0.493853,0.0650035],[-0.195357,-0.457212,-0.867636],[0.458205,0.739639,-0.492932]],[[0.867113,-0.493853,0.0650035],[-0.417727,-0.792045,-0.445161],[0.27133,0.358851,-0.893088]]],"btipPosition":[-6.04219,181.55,-3.71803],"carpPosition":[6.6459,191.491,43.3814],"dipPosition":[-1.41605,187.668,-18.9451],"direction":[-0.458205,-0.739639,0.492932],"extended":false,"handId":371,"id":3714,"length":49.963,"mcpPosition":[17.7786,223.482,-2.90479],"pipPosition":[7.4487,201.978,-28.4817],"stabilizedTipPosition":[4.48294,178.197,-25.0261],"timeVisible":20.2631,"tipPosition":[-4.94365,182.761,-7.42503],"tipVelocity":[-76.1752,-3.98596,152.73],"tool":false,"touchDistance":0.333333,"touchZone":"none","type":4,"width":15.8833}],"r":[[0.846279,0.226371,0.482253],[-0.374558,0.896549,0.236447],[-0.378838,-0.380732,0.843519]],"s":1.28486,"t":[57.2752,41.502,-113.498],"timestamp":15630179825},false],[3,{"currentFrameRate":105.63,"devices":[],"gestures":[],"hands":[{"armBasis":[[0.92269,0.0941238,-0.373878],[-0.0177359,0.979078,0.202713],[0.385135,-0.18041,0.905054]],"armWidth":63.029,"confidence":0.879532,"direction":[-0.0722943,0.655853,-0.751419],"elbow":[94.2755,135.811,293.279],"grabStrength":0,"id":371,"palmNormal":[-0.0203961,-0.754205,-0.656323],"palmPosition":[-20.0509,215.561,9.13535],"palmVelocity":[-80.7833,-4.04829,157.87],"palmWidth":90.0033,"pinchStrength":0.192453,"r":[[0.847963,0.22771,0.478651],[-0.3748,0.896125,0.237666],[-0.374812,-0.38093,0.845227]],"s":1.28527,"sphereCenter":[-44.9229,199.213,-28.8268],"sphereRadius":48.6655,"stabilizedPalmPosition":[-9.05569,211.639,-15.1243],"t":[56.4699,41.4702,-111.742],"timeVisible":20.2724,"type":"right","wrist":[-8.58337,183.994,51.5645]}],"id":1199631,"interactionBox":{"center":[0,200,0],"size":[235.247,235.247,147.751]},"pointables":[{"bases":[[[0.405396,0.815485,0.413083],[-0.765185,0.0554825,0.641415],[0.500146,-0.576113,0.646489]],[[0.185315,0.973096,0.136901],[-0.729114,0.0427549,0.683056],[0.658826,-0.226397,0.717421]],[[0.185315,0.973096,0.136901],[-0.976833,0.167243,0.133514],[0.107026,-0.158472,0.981546]],[[0.185315,0.973096,0.136901],[-0.9478,0.140208,0.286385],[0.259485,-0.182827,0.948284]]],"btipPosition":[-78.8228,193.566,-41.4684],"carpPosition":[-36.6758,172.811,49.0113],"dipPosition":[-72.8158,189.334,-19.5158],"direction":[-0.107026,0.158472,-0.981546],"extended":false,"handId":371,"id":3710,"length":51.5512,"mcpPosition":[-36.6758,172.811,49.0113],"pipPosition":[-69.2062,183.989,13.5877],"stabilizedTipPosition":[-70.0714,191.509,-47.8714],"timeVisible":20.2724,"tipPosition":[-76.4662,192.148,-36.3339],"tipVelocity":[-117.732,8.27141,199.754],"tool":false,"touchDistance":0.226175,"touchZone":"hovering","type":0,"width":20.0304},{"bases":[[[0.97088,0.141785,-0.193102],[-0.0152378,0.840969,0.540869],[0.23908,-0.522177,0.81864]],[[0.92686,0.214806,-0.307878],[-0.0575027,0.891675,0.449009],[0.370977,-0.398465,0.83881]],[[0.92686,0.214806,-0.307878],[-0.148893,0.963199,0.223783],[0.344618,-0.161574,0.924734]],[[0.92686,0.214806,-0.307878],[-0.213121,0.976226,0.0395157],[0.309047,0.0289898,0.950605]]],"btipPosition":[-75.7169,252.902,-80.1844],"carpPosition":[-29.0912,194.596,53.2104],"dipPosition":[-70.4939,253.392,-64.1188],"direction":[-0.344618,0.161574,-0.924734],"extended":true,"handId":371,"id":3711,"length":58.1698,"mcpPosition":[-46.4895,232.596,-6.36354],"pipPosition":[-62.2547,249.529,-42.01],"stabilizedTipPosition":[-61.0558,255.607,-97.3347],"timeVisible":20.2724,"tipPosition":[-74.5872,254.581,-75.8791],"tipVelocity":[-125.479,-66.2089,167.038],"tool":false,"touchDistance":0.270712,"touchZone":"hovering","type":1,"width":19.133},{"bases":[[[0.982532,-0.0755222,-0.170082],[0.154373,0.841164,0.518278],[0.103926,-0.535481,0.838129]],[[0.98263,-0.0760329,-0.169283],[-0.0633382,0.720023,-0.691054],[0.17443,0.689772,0.702701]],[[0.98263,-0.0760329,-0.169283],[-0.184414,-0.501926,-0.845022],[-0.020718,0.861562,-0.507229]],[[0.98263,-0.0760329,-0.169283],[-0.139816,-0.90314,-0.405942],[-0.122021,0.42256,-0.898084]]],"btipPosition":[-30.1958,170.004,-9.065],"carpPosition":[-17.5583,198.025,51.3175],"dipPosition":[-32.464,177.858,-25.7588],"direction":[0.020718,-0.861562,0.50723],"extended":false,"handId":371,"id":3712,"length":66.2798,"mcpPosition":[-24.7303,234.979,-6.52299],"pipPosition":[-33.0467,202.092,-40.0261],"stabilizedTipPosition":[-21.3636,167.103,-34.0753],"timeVisible":20.2724,"tipPosition":[-30.9151,171.528,-13.8328],"tipVelocity":[-77.9702,-3.04191,215.503],"tool":false,"touchDistance":0.333333,"touchZone":"none","type":2,"width":18.7912},{"bases":[[[0.972664,-0.216694,-0.0834738],[0.22741,0.81612,0.531256],[-0.0469951,-0.535716,0.843089]],[[0.97236,-0.219954,-0.0783349],[0.0874265,0.65408,-0.751356],[0.216501,0.72374,0.655231]],[[0.97236,-0.219954,-0.0783349],[-0.190539,-0.553603,-0.810691],[0.134948,0.803209,-0.580211]],[[0.97236,-0.219954,-0.0783349],[-0.233316,-0.902504,-0.362008],[0.00892762,0.370279,-0.928878]]],"btipPosition":[-16.1433,170.65,0.911483],"carpPosition":[-5.62411,198.295,49.0422],"dipPosition":[-15.9783,177.494,-16.2555],"direction":[-0.134948,-0.803209,0.580211],"extended":false,"handId":371,"id":3713,"length":63.7298,"mcpPosition":[-2.71225,231.489,-3.19619],"pipPosition":[-12.2805,199.503,-32.1542],"stabilizedTipPosition":[-6.65235,166.916,-24.0491],"timeVisible":20.2724,"tipPosition":[-16.2938,171.986,-3.70739],"tipVelocity":[-75.9671,1.08767,175.923],"tool":false,"touchDistance":0.333333,"touchZone":"none","type":3,"width":17.881},{"bases":[[[0.909653,-0.409089,-0.0719581],[0.370875,0.721924,0.584189],[-0.187037,-0.558097,0.808421]],[[0.868107,-0.492968,0.058073],[0.395057,0.615331,-0.682128],[0.300533,0.615102,0.728923]],[[0.868107,-0.492968,0.058073],[-0.202165,-0.457987,-0.865665],[0.453342,0.73975,-0.497243]],[[0.868107,-0.492968,0.058073],[-0.420752,-0.792867,-0.440829],[0.263359,0.358253,-0.89571]]],"btipPosition":[-6.93058,181.656,-1.8404],"carpPosition":[6.11393,191.579,45.1306],"dipPosition":[-2.44034,187.764,-17.1122],"direction":[-0.453342,-0.73975,0.497243],"extended":false,"handId":371,"id":3714,"length":49.963,"mcpPosition":[16.8417,223.59,-1.23752],"pipPosition":[6.33033,202.076,-26.7322],"stabilizedTipPosition":[4.44326,178.216,-24.9509],"timeVisible":20.2724,"tipPosition":[-5.86822,182.862,-5.56238],"tipVelocity":[-82.4367,0.297636,165.996],"tool":false,"touchDistance":0.333333,"touchZone":"none","type":4,"width":15.8833}],"r":[[0.847963,0.22771,0.478651],[-0.3748,0.896125,0.237666],[-0.374812,-0.38093,0.845227]],"s":1.28527,"t":[56.4699,41.4702,-111.742],"timestamp":15630189187},false],[4,{"currentFrameRate":105.654,"devices":[],"gestures":[],"hands":[{"armBasis":[[0.921708,0.0862487,-0.378175],[-0.0139922,0.981724,0.189795],[0.387633,-0.169644,0.906069]],"armWidth":63.029,"confidence":0.812749,"direction":[-0.0774991,0.64955,-0.756359],"elbow":[94.4175,138.898,295.73],"grabStrength":0,"id":371,"palmNormal":[-0.0280697,-0.759761,-0.649596],"palmPosition":[-20.8824,215.434,11.1492],"palmVelocity":[-82.9193,-6.7246,173.826],"palmWidth":90.0033,"pinchStrength":0.18517,"r":[[0.850259,0.229193,0.473847],[-0.374133,0.896376,0.23777],[-0.37025,-0.379447,0.8479]],"s":1.28524,"sphereCenter":[-45.7715,198.653,-26.531],"sphereRadius":48.5562,"stabilizedPalmPosition":[-9.09962,211.653,-15.0267],"t":[55.6516,41.391,-109.857],"timeVisible":20.2818,"type":"right","wrist":[-9.10841,184.205,53.7441]}],"id":1199632,"interactionBox":{"center":[0,200,0],"size":[235.247,235.247,147.751]},"pointables":[{"bases":[[[0.411012,0.818014,0.402396],[-0.759257,0.0628498,0.647749],[0.504577,-0.571754,0.646915]],[[0.189833,0.973429,0.128062],[-0.723178,0.0504107,0.688819],[0.664061,-0.223372,0.713532]],[[0.189833,0.973429,0.128062],[-0.975127,0.171728,0.140134],[0.114418,-0.151479,0.981816]],[[0.189833,0.973429,0.128062],[-0.944079,0.145162,0.296045],[0.269589,-0.1771,0.94655]]],"btipPosition":[-80.1376,193.307,-38.7174],"carpPosition":[-37.2489,173.069,51.5392],"dipPosition":[-73.8967,189.207,-16.805],"direction":[-0.114418,0.151479,-0.981816],"extended":false,"handId":371,"id":3710,"length":51.5512,"mcpPosition":[-37.2489,173.069,51.5392],"pipPosition":[-70.0378,184.098,16.3076],"stabilizedTipPosition":[-70.3975,191.542,-47.3352],"timeVisible":20.2818,"tipPosition":[-77.7951,191.886,-33.6055],"tipVelocity":[-122.336,-1.03271,225.807],"tool":false,"touchDistance":0.27187,"touchZone":"hovering","type":0,"width":20.0304},{"bases":[[[0.969437,0.13776,-0.203013],[-0.00839585,0.845617,0.533724],[0.245197,-0.515707,0.820929]],[[0.925005,0.209323,-0.317094],[-0.0536099,0.898114,0.436483],[0.376153,-0.38675,0.841982]],[[0.925005,0.209323,-0.317094],[-0.147294,0.966852,0.208572],[0.350242,-0.146224,0.925175]],[[0.925005,0.209323,-0.317094],[-0.213106,0.976755,0.0231244],[0.314564,0.0461846,0.948112]]],"btipPosition":[-77.0941,251.551,-78.1822],"carpPosition":[-29.5756,194.871,55.4824],"dipPosition":[-71.7779,252.331,-62.1588],"direction":[-0.350242,0.146224,-0.925175],"extended":true,"handId":371,"id":3711,"length":58.1698,"mcpPosition":[-47.419,232.4,-4.2581],"pipPosition":[-63.4042,248.836,-40.0394],"stabilizedTipPosition":[-61.4436,255.506,-96.7369],"timeVisible":20.2818,"tipPosition":[-75.9795,253.314,-73.8933],"tipVelocity":[-130.74,-86.229,179.731],"tool":false,"touchDistance":0.303921,"touchZone":"hovering","type":1,"width":19.133},{"bases":[[[0.980783,-0.0793697,-0.178228],[0.161005,0.845206,0.509612],[0.110192,-0.528515,0.841742]],[[0.980907,-0.0799668,-0.177277],[-0.0689085,0.709501,-0.701328],[0.181861,0.700153,0.690444]],[[0.980907,-0.0799668,-0.177277],[-0.192872,-0.516918,-0.834024],[-0.0249436,0.852291,-0.522472]],[[0.980907,-0.0799668,-0.177277],[-0.1445,-0.909763,-0.389168],[-0.13016,0.407354,-0.903948]]],"btipPosition":[-31.2062,169.802,-6.05303],"carpPosition":[-18.0521,198.255,53.4567],"dipPosition":[-33.6257,177.374,-22.8558],"direction":[0.0249436,-0.852291,0.522472],"extended":false,"handId":371,"id":3712,"length":66.2798,"mcpPosition":[-25.6566,234.729,-4.63314],"pipPosition":[-34.3273,201.347,-37.5519],"stabilizedTipPosition":[-21.3952,167.117,-34.0019],"timeVisible":20.2818,"tipPosition":[-31.9779,171.284,-10.9208],"tipVelocity":[-87.3835,-10.2579,244.49],"tool":false,"touchDistance":0.333333,"touchZone":"none","type":2,"width":18.7912},{"bases":[[[0.971362,-0.219768,-0.0903226],[0.234097,0.820097,0.52215],[-0.0406784,-0.528341,0.848057]],[[0.971114,-0.222784,-0.0854737],[0.0820243,0.648042,-0.757175],[0.224077,0.728292,0.647596]],[[0.971114,-0.222784,-0.0854737],[-0.199276,-0.560155,-0.804062],[0.131254,0.797868,-0.588369]],[[0.971114,-0.222784,-0.0854737],[-0.238616,-0.905319,-0.351369],[0.000898648,0.361615,-0.932327]]],"btipPosition":[-17.1341,170.481,3.25845],"carpPosition":[-6.13826,198.477,51.0723],"dipPosition":[-17.1175,177.164,-13.9723],"direction":[-0.131254,-0.797868,0.588369],"extended":false,"handId":371,"id":3713,"length":63.7298,"mcpPosition":[-3.61779,231.213,-1.47396],"pipPosition":[-13.5209,199.027,-30.0945],"stabilizedTipPosition":[-6.67533,166.927,-23.998],"timeVisible":20.2818,"tipPosition":[-17.3268,171.769,-1.34382],"tipVelocity":[-85.336,-5.48518,196.375],"tool":false,"touchDistance":0.333333,"touchZone":"none","type":3,"width":17.881},{"bases":[[[0.908004,-0.411903,-0.0765865],[0.37781,0.72601,0.574604],[-0.181078,-0.550677,0.814841]],[[0.867419,-0.494578,0.0545578],[0.39047,0.608633,-0.690724],[0.308411,0.62045,0.721058]],[[0.867419,-0.494578,0.0545578],[-0.211146,-0.465154,-0.85968],[0.450556,0.734183,-0.507912]],[[0.867419,-0.494578,0.0545578],[-0.426739,-0.795829,-0.429592],[0.255886,0.349355,-0.901373]]],"btipPosition":[-7.9322,181.423,0.352429],"carpPosition":[5.54831,191.699,47.1136],"dipPosition":[-3.56938,187.379,-15.0159],"direction":[-0.450556,-0.734183,0.507912],"extended":false,"handId":371,"id":3714,"length":49.963,"mcpPosition":[15.9343,223.284,0.377244],"pipPosition":[5.1474,201.583,-24.8423],"stabilizedTipPosition":[4.40443,178.232,-24.8766],"timeVisible":20.2818,"tipPosition":[-6.90509,182.59,-3.38739],"tipVelocity":[-90.1427,-7.91076,184.382],"tool":false,"touchDistance":0.333333,"touchZone":"none","type":4,"width":15.8833}],"r":[[0.850259,0.229193,0.473847],[-0.374133,0.896376,0.23777],[-0.37025,-0.379447,0.8479]],"s":1.28524,"t":[55.6516,41.391,-109.857],"timestamp":15630198607},false],[5,{"currentFrameRate":105.676,"devices":[],"gestures":[],"hands":[{"armBasis":[[0.920122,0.0857566,-0.382128],[-0.0146321,0.982578,0.185276],[0.391359,-0.164885,0.905346]],"armWidth":63.029,"confidence":0.814657,"direction":[-0.0865658,0.651149,-0.753997],"elbow":[94.9055,140.4,296.581],"grabStrength":0,"id":371,"palmNormal":[-0.0332509,-0.758304,-0.651052],"palmPosition":[-21.8891,215.74,12.3904],"palmVelocity":[-89.7497,4.46848,161.813],"palmWidth":90.0033,"pinchStrength":0.183996,"r":[[0.852951,0.230492,0.468346],[-0.373464,0.896318,0.239037],[-0.364691,-0.378798,0.850596]],"s":1.28426,"sphereCenter":[-46.4994,198.707,-25.2699],"sphereRadius":48.3673,"stabilizedPalmPosition":[-9.14554,211.667,-14.9283],"t":[54.739,41.5045,-108.294],"timeVisible":20.2913,"type":"right","wrist":[-9.61556,184.436,54.7886]}],"id":1199633,"interactionBox":{"center":[0,200,0],"size":[235.247,235.247,147.751]},"pointables":[{"bases":[[[0.413512,0.817898,0.400062],[-0.752672,0.0598236,0.655672],[0.51234,-0.572244,0.640347]],[[0.189741,0.973322,0.129006],[-0.716793,0.0475284,0.695665],[0.670974,-0.224466,0.706688]],[[0.189741,0.973322,0.129006],[-0.974025,0.170061,0.149515],[0.123588,-0.154024,0.980307]],[[0.189741,0.973322,0.129006],[-0.941112,0.142847,0.306435],[0.279831,-0.179552,0.943109]]],"btipPosition":[-81.5316,193.683,-36.9409],"carpPosition":[-37.7552,173.249,52.8472],"dipPosition":[-75.0535,189.526,-15.1081],"direction":[-0.123588,0.154024,-0.980307],"extended":false,"handId":371,"id":3710,"length":51.5512,"mcpPosition":[-37.7552,173.249,52.8472],"pipPosition":[-70.8854,184.332,17.9536],"stabilizedTipPosition":[-70.7111,191.58,-46.8338],"timeVisible":20.2913,"tipPosition":[-79.2067,192.246,-31.8504],"tipVelocity":[-127.994,10.2671,214.618],"tool":false,"touchDistance":0.301173,"touchZone":"hovering","type":0,"width":20.0304},{"bases":[[[0.967021,0.140173,-0.212653],[-0.00457522,0.844356,0.535763],[0.254654,-0.517121,0.817152]],[[0.922144,0.21081,-0.324359],[-0.0545232,0.900928,0.43053],[0.382984,-0.379326,0.84228]],[[0.922144,0.21081,-0.324359],[-0.150895,0.968069,0.200184],[0.356203,-0.135655,0.924509]],[[0.922144,0.21081,-0.324359],[-0.218274,0.975792,0.0136475],[0.319384,0.0582141,0.945836]]],"btipPosition":[-78.8058,251.068,-76.5855],"carpPosition":[-30.0848,195.057,56.7624],"dipPosition":[-73.4081,252.052,-60.6006],"direction":[-0.356203,0.135655,-0.924509],"extended":true,"handId":371,"id":3711,"length":58.1698,"mcpPosition":[-48.6164,232.689,-2.70321],"pipPosition":[-64.8919,248.809,-38.4972],"stabilizedTipPosition":[-61.8931,255.388,-96.0726],"timeVisible":20.2913,"tipPosition":[-77.7427,252.935,-72.2672],"tipVelocity":[-144.711,-74.8267,176.531],"tool":false,"touchDistance":0.330383,"touchZone":"hovering","type":1,"width":19.133},{"bases":[[[0.979052,-0.0769906,-0.188495],[0.164569,0.84434,0.509909],[0.119896,-0.530247,0.839323]],[[0.979195,-0.0776282,-0.187486],[-0.0777934,0.709734,-0.700161],[0.187417,0.700179,0.68893]],[[0.979195,-0.0776282,-0.187486],[-0.200284,-0.518216,-0.831468],[-0.0326129,0.851719,-0.522982]],[[0.979195,-0.0776282,-0.187486],[-0.146225,-0.910542,-0.386693],[-0.140695,0.406063,-0.902949]]],"btipPosition":[-32.2667,170.174,-4.64858],"carpPosition":[-18.5895,198.469,54.6262],"dipPosition":[-34.882,177.722,-21.4328],"direction":[0.0326129,-0.851719,0.522982],"extended":false,"handId":371,"id":3712,"length":66.2798,"mcpPosition":[-26.8637,235.062,-3.29668],"pipPosition":[-35.7993,201.679,-36.1433],"stabilizedTipPosition":[-21.4259,167.129,-33.9338],"timeVisible":20.2913,"tipPosition":[-33.0901,171.658,-9.50493],"tipVelocity":[-95.9315,3.77107,217.382],"tool":false,"touchDistance":0.333333,"touchZone":"none","type":2,"width":18.7912},{"bases":[[[0.970814,-0.217611,-0.100827],[0.237836,0.819348,0.521634],[-0.0309013,-0.53039,0.84719]],[[0.970652,-0.220187,-0.0967074],[0.0732082,0.653582,-0.753307],[0.229074,0.724119,0.65052]],[[0.970652,-0.220187,-0.0967074],[-0.206392,-0.556309,-0.804936],[0.123437,0.801272,-0.585428]],[[0.970652,-0.220187,-0.0967074],[-0.240275,-0.904867,-0.351403],[-0.010133,0.364327,-0.931216]]],"btipPosition":[-18.1057,170.892,4.12936],"carpPosition":[-6.70131,198.72,52.1199],"dipPosition":[-18.293,177.625,-13.0808],"direction":[-0.123437,-0.801273,0.585428],"extended":false,"handId":371,"id":3713,"length":63.7298,"mcpPosition":[-4.78665,231.583,-0.372661],"pipPosition":[-14.9106,199.581,-29.1225],"stabilizedTipPosition":[-6.69993,166.939,-23.9461],"timeVisible":20.2913,"tipPosition":[-18.3469,172.182,-0.337432],"tipVelocity":[-91.8335,8.88014,166.851],"tool":false,"touchDistance":0.333333,"touchZone":"none","type":3,"width":17.881},{"bases":[[[0.907981,-0.409904,-0.0868898],[0.382267,0.725428,0.572386],[-0.171591,-0.552931,0.815367]],[[0.868907,-0.492972,0.0444828],[0.382295,0.611303,-0.692935],[0.314405,0.619102,0.719626]],[[0.868907,-0.492972,0.0444828],[-0.219167,-0.463761,-0.858424],[0.443808,0.736142,-0.511009]],[[0.868907,-0.492972,0.0444828],[-0.429745,-0.795939,-0.42638],[0.245599,0.351369,-0.90345]]],"btipPosition":[-8.97108,181.803,1.37925],"carpPosition":[4.95727,191.975,48.0252],"dipPosition":[-4.78365,187.793,-14.0245],"direction":[-0.443808,-0.736142,0.511009],"extended":false,"handId":371,"id":3714,"length":49.963,"mcpPosition":[14.7991,223.689,1.25869],"pipPosition":[3.80258,202.035,-23.9108],"stabilizedTipPosition":[4.36294,178.248,-24.8007],"timeVisible":20.2913,"tipPosition":[-7.99084,182.975,-2.36365],"tipVelocity":[-97.1069,6.09182,162.615],"tool":false,"touchDistance":0.333333,"touchZone":"none","type":4,"width":15.8833}],"r":[[0.852951,0.230492,0.468346],[-0.373464,0.896318,0.239037],[-0.364691,-0.378798,0.850596]],"s":1.28426,"t":[54.739,41.5045,-108.294],"timestamp":15630208029},false],[6,{"currentFrameRate":105.656,"devices":[],"gestures":[],"hands":[{"armBasis":[[0.918855,0.0860982,-0.385089],[-0.0164928,0.983433,0.180523],[0.394252,-0.159523,0.905051]],"armWidth":63.029,"confidence":0.818866,"direction":[-0.0945088,0.653944,-0.750617],"elbow":[95.1107,141.963,297.303],"grabStrength":0,"id":371,"palmNormal":[-0.036748,-0.755769,-0.653806],"palmPosition":[-22.8893,216.009,13.4209],"palmVelocity":[-94.2092,11.3277,146.473],"palmWidth":90.0033,"pinchStrength":0.186034,"r":[[0.855733,0.231593,0.462694],[-0.372981,0.895888,0.241392],[-0.358617,-0.379143,0.853021]],"s":1.28226,"sphereCenter":[-46.9437,198.676,-24.3662],"sphereRadius":48.133,"stabilizedPalmPosition":[-9.19809,211.684,-14.8199],"t":[53.7827,41.6959,-106.997],"timeVisible":20.3008,"type":"right","wrist":[-10.1829,184.567,55.5887]}],"id":1199634,"interactionBox":{"center":[0,200,0],"size":[235.247,235.247,147.751]},"pointables":[{"bases":[[[0.41475,0.817351,0.3999],[-0.747328,0.0552498,0.662154],[0.519118,-0.573485,0.633744]],[[0.188902,0.973083,0.132007],[-0.712198,0.0432082,0.700648],[0.676084,-0.226368,0.70119]],[[0.188902,0.973083,0.132007],[-0.973336,0.167723,0.156481],[0.130128,-0.158046,0.97882]],[[0.188902,0.973083,0.132007],[-0.939143,0.139741,0.31382],[0.286926,-0.183254,0.940261]]],"btipPosition":[-82.7227,194.065,-35.5639],"carpPosition":[-38.3092,173.315,53.8367],"dipPosition":[-76.0804,189.822,-13.797],"direction":[-0.130128,0.158046,-0.97882],"extended":false,"handId":371,"id":3710,"length":51.5512,"mcpPosition":[-38.3092,173.315,53.8367],"pipPosition":[-71.6917,184.492,19.2146],"stabilizedTipPosition":[-71.0195,191.624,-46.355],"timeVisible":20.3008,"tipPosition":[-80.4674,192.613,-30.4772],"tipVelocity":[-126.093,18.2656,194.125],"tool":false,"touchDistance":0.323871,"touchZone":"hovering","type":0,"width":20.0304},{"bases":[[[0.964854,0.14352,-0.220133],[-0.00225729,0.842185,0.539184],[0.262776,-0.519737,0.81291]],[[0.919986,0.21308,-0.328972],[-0.0582748,0.90435,0.422794],[0.387595,-0.369794,0.844407]],[[0.919986,0.21308,-0.328972],[-0.157179,0.96944,0.188364],[0.359055,-0.121585,0.925363]],[[0.919986,0.21308,-0.328972],[-0.225686,0.9742,-0.000137294],[0.320455,0.0743706,0.94434]]],"btipPosition":[-80.2563,250.314,-75.349],"carpPosition":[-30.662,195.127,57.7758],"dipPosition":[-74.8405,251.571,-59.3893],"direction":[-0.359055,0.121585,-0.925363],"extended":true,"handId":371,"id":3711,"length":58.1698,"mcpPosition":[-49.7847,232.949,-1.38111],"pipPosition":[-66.2561,248.664,-37.2655],"stabilizedTipPosition":[-62.4219,255.241,-95.319],"timeVisible":20.3008,"tipPosition":[-79.2715,252.347,-70.98],"tipVelocity":[-146.866,-74.2246,163.019],"tool":false,"touchDistance":0.34914,"touchZone":"hovering","type":1,"width":19.133},{"bases":[[[0.977638,-0.0737072,-0.196953],[0.166665,0.842709,0.511922],[0.128241,-0.5333,0.836149]],[[0.977791,-0.0743436,-0.195955],[-0.0854196,0.712431,-0.696524],[0.191386,0.697794,0.690258]],[[0.977791,-0.0743436,-0.195955],[-0.205883,-0.515641,-0.831701],[-0.0392106,0.853573,-0.519495]],[[0.977791,-0.0743436,-0.195955],[-0.147044,-0.909579,-0.388645],[-0.149343,0.408827,-0.900309]]],"btipPosition":[-33.2897,170.503,-3.70854],"carpPosition":[-19.1936,198.577,55.5577],"dipPosition":[-36.0657,178.103,-20.4437],"direction":[0.0392106,-0.853573,0.519495],"extended":false,"handId":371,"id":3712,"length":66.2798,"mcpPosition":[-28.0437,235.381,-2.14617],"pipPosition":[-37.1686,202.112,-35.0561],"stabilizedTipPosition":[-21.4587,167.143,-33.8646],"timeVisible":20.3008,"tipPosition":[-34.1541,172.001,-8.53483],"tipVelocity":[-100.42,13.0069,183.674],"tool":false,"touchDistance":0.333333,"touchZone":"none","type":2,"width":18.7912},{"bases":[[[0.97049,-0.214699,-0.109786],[0.24009,0.81786,0.522936],[-0.0224841,-0.533863,0.845272]],[[0.970371,-0.21727,-0.10571],[0.0652354,0.656842,-0.751201],[0.232649,0.722047,0.651554]],[[0.970371,-0.21727,-0.10571],[-0.211748,-0.553967,-0.80516],[0.116377,0.803688,-0.58356]],[[0.970371,-0.21727,-0.10571],[-0.240871,-0.904327,-0.352384],[-0.019034,0.367406,-0.929866]]],"btipPosition":[-19.0534,171.224,4.96004],"carpPosition":[-7.32743,198.869,52.9535],"dipPosition":[-19.4052,178.015,-12.2252],"direction":[-0.116377,-0.803688,0.58356],"extended":false,"handId":371,"id":3713,"length":63.7298,"mcpPosition":[-5.9343,231.948,0.579808],"pipPosition":[-16.2162,200.037,-28.2157],"stabilizedTipPosition":[-6.72915,166.953,-23.8875],"timeVisible":20.3008,"tipPosition":[-19.3342,172.528,0.505751],"tipVelocity":[-95.249,16.7922,144.192],"tool":false,"touchDistance":0.333333,"touchZone":"none","type":3,"width":17.881},{"bases":[[[0.908265,-0.407208,-0.0961025],[0.385178,0.72411,0.572104],[-0.163377,-0.556639,0.814531]],[[0.870357,-0.49113,0.0356393],[0.375915,0.61594,-0.692319],[0.318067,0.615962,0.720711]],[[0.870357,-0.49113,0.0356393],[-0.224657,-0.460446,-0.858789],[0.438187,0.739447,-0.511088]],[[0.870357,-0.49113,0.0356393],[-0.431421,-0.79543,-0.425637],[0.237392,0.35508,-0.904192]]],"btipPosition":[-9.96516,182.194,2.11293],"carpPosition":[4.31375,192.17,48.7347],"dipPosition":[-5.91766,188.248,-13.3034],"direction":[-0.438187,-0.739447,0.511088],"extended":false,"handId":371,"id":3714,"length":49.963,"mcpPosition":[13.6844,224.097,2.0161],"pipPosition":[2.55981,202.554,-23.1913],"stabilizedTipPosition":[4.31377,178.268,-24.7149],"timeVisible":20.3008,"tipPosition":[-9.02342,183.373,-1.60549],"tipVelocity":[-100.24,16.6104,137.978],"tool