{"sensorType":"Leap","data":[[0,{"currentFrameRate":108.29,"devices":[],"gestures":[],"hands":[{"armBasis":[[0.959005,0.184436,-0.215155],[-0.065866,0.883501,0.463776],[0.275627,-0.430592,0.85943]],"armWidth":63.029,"confidence":0.794946,"direction":[-0.0650953,0.687546,-0.723217],"elbow":[60.023,131.678,295.938],"grabStrength":0,"id":350,"palmNormal":[0.0498182,-0.721611,-0.690504],"palmPosition":[-24.3681,279.708,24.9235],"palmVelocity":[16.2598,293.82,-345.844],"palmWidth":90.0033,"pinchStrength":0.442834,"r":[[0.898332,0.183349,0.399227],[-0.257123,0.956272,0.139396],[-0.356212,-0.227874,0.906194]],"s":1.13379,"sphereCenter":[-30.8676,263.74,-18.4019],"sphereRadius":46.753,"stabilizedPalmPosition":[-25.8165,264.192,42.1357],"t":[42.6899,135.265,-90.8579],"timeVisible":3.87752,"type":"right","wrist":[-13.5892,246.677,66.4084]}],"id":1154386,"interactionBox":{"center":[0,200,0],"size":[235.247,235.247,147.751]},"pointables":[{"bases":[[[0.343782,0.812176,0.471363],[-0.798961,-0.010781,0.601287],[0.493433,-0.583312,0.645191]],[[0.109196,0.980619,0.162676],[-0.819227,-0.00390751,0.573457],[0.562978,-0.195888,0.802922]],[[0.109196,0.980619,0.162676],[-0.986564,0.0869085,0.138339],[0.12152,-0.175597,0.976933]],[[0.109196,0.980619,0.162676],[-0.993987,0.109051,0.00984418],[-0.00808671,-0.162773,0.98663]]],"btipPosition":[-72.6497,253.72,-33.595],"carpPosition":[-40.9407,234.358,61.8385],"dipPosition":[-72.8369,249.952,-10.7547],"direction":[-0.12152,0.175597,-0.976933],"extended":false,"handId":350,"id":3500,"length":51.5512,"mcpPosition":[-40.9407,234.358,61.8385],"pipPosition":[-68.7385,244.03,22.1932],"stabilizedTipPosition":[-89.8494,214.387,51.1794],"timeVisible":3.87752,"tipPosition":[-71.8977,252.786,-27.9333],"tipVelocity":[64.0166,251.783,-371.35],"tool":false,"touchDistance":-0.787868,"touchZone":"hovering","type":0,"width":20.0304},{"bases":[[[0.971557,0.195269,-0.13397],[-0.0836091,0.812154,0.577422],[0.221557,-0.549797,0.805379]],[[0.977327,0.179946,-0.111583],[-0.082029,0.807627,0.583961],[0.195198,-0.561568,0.804076]],[[0.977327,0.179946,-0.111583],[-0.147461,0.956644,0.251174],[0.151942,-0.229025,0.961489]],[[0.977327,0.179946,-0.111583],[-0.18565,0.981677,-0.0429505],[0.101809,0.062692,0.992827]]],"btipPosition":[-64.4139,324.529,-65.1086],"carpPosition":[-34.6422,256.238,67.4375],"dipPosition":[-62.6933,325.588,-48.3295],"direction":[-0.151942,0.229025,-0.961489],"extended":true,"handId":350,"id":3501,"length":58.1698,"mcpPosition":[-50.7653,296.248,8.82854],"pipPosition":[-59.0606,320.112,-25.3419],"stabilizedTipPosition":[-66.1836,308.088,-42.6628],"timeVisible":3.87752,"tipPosition":[-63.1575,322.517,-61.316],"tipVelocity":[24.1589,371.774,-378.67],"tool":false,"touchDistance":-0.831878,"touchZone":"hovering","type":1,"width":19.133},{"bases":[[[0.99248,-0.0221388,-0.120389],[0.0867323,0.821206,0.564002],[0.0863779,-0.570202,0.816951]],[[0.991837,-0.0180621,-0.126226],[-0.0486955,0.861235,-0.505869],[0.117847,0.507886,0.853325]],[[0.991837,-0.0180621,-0.126226],[-0.124373,-0.355333,-0.926429],[-0.0281189,0.934565,-0.354679]],[[0.991837,-0.0180621,-0.126226],[-0.0764183,-0.876648,-0.475024],[-0.102076,0.480792,-0.870873]]],"btipPosition":[-32.0975,240.19,-4.57288],"carpPosition":[-23.2061,260.279,66.3263],"dipPosition":[-33.9949,249.127,-20.7609],"direction":[0.0281189,-0.934565,0.354679],"extended":false,"handId":350,"id":3502,"length":66.2798,"mcpPosition":[-29.1671,299.629,9.94733],"pipPosition":[-34.7858,275.414,-30.7373],"stabilizedTipPosition":[-45.8251,207.444,42.4253],"timeVisible":3.87752,"tipPosition":[-32.3295,241.648,-6.75136],"tipVelocity":[46.0555,283.431,-357.814],"tool":false,"touchDistance":0.333333,"touchZone":"none","type":2,"width":18.7912},{"bases":[[[0.984992,-0.16765,-0.0410277],[0.160128,0.798931,0.579714],[-0.0644108,-0.577584,0.813786]],[[0.983721,-0.177683,-0.0268496],[0.136147,0.834453,-0.533997],[0.117287,0.521649,0.84506]],[[0.983721,-0.177683,-0.0268496],[-0.0925941,-0.37314,-0.923143],[0.154008,0.910601,-0.383519]],[[0.983721,-0.177683,-0.0268496],[-0.169458,-0.867518,-0.467651],[0.0598011,0.464588,-0.883506]]],"btipPosition":[-17.7155,240.4,3.77699],"carpPosition":[-11.1976,261.205,64.7098],"dipPosition":[-16.6103,248.986,-12.5514],"direction":[-0.154008,-0.910601,0.383519],"extended":false,"handId":350,"id":3503,"length":63.7298,"mcpPosition":[-7.2067,296.993,14.2871],"pipPosition":[-12.3902,273.938,-23.0604],"stabilizedTipPosition":[-24.6589,217.664,30.4151],"timeVisible":3.87752,"tipPosition":[-17.4096,241.788,1.37773],"tipVelocity":[41.3589,292.692,-347.331],"tool":false,"touchDistance":0.333333,"touchZone":"none","type":3,"width":17.881},{"bases":[[[0.930829,-0.363059,-0.0417829],[0.305057,0.708941,0.635879],[-0.20124,-0.604641,0.770657]],[[0.874426,-0.473015,0.107866],[0.46357,0.749021,-0.47336],[0.143112,0.463922,0.87424]],[[0.874426,-0.473015,0.107866],[-0.0625573,-0.330404,-0.941764],[0.481108,0.816755,-0.318505]],[[0.874426,-0.473015,0.107866],[-0.353567,-0.773547,-0.525943],[0.332219,0.421761,-0.843652]]],"btipPosition":[-7.39873,250.692,6.89578],"carpPosition":[1.0365,255.231,61.1289],"dipPosition":[-1.73444,257.883,-7.48839],"direction":[-0.481108,-0.816755,0.318505],"extended":false,"handId":350,"id":3504,"length":49.963,"mcpPosition":[12.5789,289.911,16.9268],"pipPosition":[7.57342,273.685,-13.6504],"stabilizedTipPosition":[-9.13863,235.924,22.0456],"timeVisible":3.87752,"tipPosition":[-6.23666,251.662,4.81912],"tipVelocity":[43.3797,301.132,-347.02],"tool":false,"touchDistance":0.333333,"touchZone":"none","type":4,"width":15.8833}],"r":[[0.898332,0.183349,0.399227],[-0.257123,0.956272,0.139396],[-0.356212,-0.227874,0.906194]],"s":1.13379,"t":[42.6899,135.265,-90.8579],"timestamp":15211002138},false],[1,{"currentFrameRate":108.283,"devices":[],"gestures":[],"hands":[{"armBasis":[[0.959977,0.184566,-0.210665],[-0.0692918,0.885287,0.459853],[0.271372,-0.426851,0.862644]],"armWidth":63.029,"confidence":0.78793,"direction":[-0.0621696,0.68197,-0.728733],"elbow":[58.7445,134.587,294.704],"grabStrength":0,"id":350,"palmNormal":[0.0543885,-0.726746,-0.68475],"palmPosition":[-24.3341,281.289,22.5262],"palmVelocity":[12.7246,259.291,-321.506],"palmWidth":90.0033,"pinchStrength":0.446721,"r":[[0.89505,0.186637,0.405034],[-0.259957,0.956305,0.1338],[-0.362364,-0.225049,0.904459]],"s":1.13695,"sphereCenter":[-31.0529,265.11,-20.6811],"sphereRadius":46.7801,"stabilizedPalmPosition":[-25.6082,266.595,39.3804],"t":[42.7522,137.124,-93.4248],"timeVisible":3.88676,"type":"right","wrist":[-13.7314,248.587,64.3161]}],"id":1154387,"interactionBox":{"center":[0,200,0],"size":[235.247,235.247,147.751]},"pointables":[{"bases":[[[0.340244,0.816175,0.467004],[-0.802104,-0.00729593,0.597139],[0.490777,-0.577759,0.652175]],[[0.10709,0.981959,0.155845],[-0.821848,-0.000788731,0.569706],[0.559551,-0.189091,0.806937]],[[0.10709,0.981959,0.155845],[-0.987411,0.0866853,0.13231],[0.116414,-0.168052,0.97888]],[[0.10709,0.981959,0.155845],[-0.994143,0.108043,0.00236719],[-0.0145135,-0.155186,0.987779]]],"btipPosition":[-72.2613,254.794,-36.0282],"carpPosition":[-41.0425,236.197,59.6958],"dipPosition":[-72.5972,251.201,-13.1614],"direction":[-0.116414,0.168052,-0.97888],"extended":false,"handId":350,"id":3500,"length":51.5512,"mcpPosition":[-41.0425,236.197,59.6958],"pipPosition":[-68.6711,245.534,19.8522],"stabilizedTipPosition":[-88.5186,217.395,44.9518],"timeVisible":3.88676,"tipPosition":[-71.5631,253.905,-30.3711],"tipVelocity":[56.7908,214.882,-340.751],"tool":false,"touchDistance":-0.773821,"touchZone":"hovering","type":0,"width":20.0304},{"bases":[[[0.971996,0.195542,-0.130331],[-0.0876996,0.816386,0.570809],[0.218018,-0.543395,0.810673]],[[0.977132,0.181928,-0.110071],[-0.0854651,0.810025,0.580133],[0.194703,-0.557459,0.80705]],[[0.977132,0.181928,-0.110071],[-0.149009,0.955149,0.255902],[0.15169,-0.233649,0.960416]],[[0.977132,0.181928,-0.110071],[-0.186295,0.982014,-0.0306947],[0.102507,0.0504985,0.99345]]],"btipPosition":[-64.3007,326.094,-67.8805],"carpPosition":[-34.8019,258.127,65.162],"dipPosition":[-62.5683,326.947,-51.0909],"direction":[-0.15169,0.233649,-0.960416],"extended":true,"handId":350,"id":3501,"length":58.1698,"mcpPosition":[-50.6674,297.671,6.16785],"pipPosition":[-58.9416,321.361,-28.129],"stabilizedTipPosition":[-65.7113,311.856,-47.0838],"timeVisible":3.88676,"tipPosition":[-63.0452,324.113,-64.1044],"tipVelocity":[20.8917,313.437,-356.418],"tool":false,"touchDistance":-0.818567,"touchZone":"hovering","type":1,"width":19.133},{"bases":[[[0.993128,-0.0217283,-0.114995],[0.0826983,0.825563,0.558217],[0.0828063,-0.563891,0.821687]],[[0.99256,-0.0180058,-0.120416],[-0.0461887,0.859391,-0.509229],[0.112653,0.511002,0.852165]],[[0.99256,-0.0180058,-0.120416],[-0.118826,-0.358859,-0.925797],[-0.0265425,0.933218,-0.358329]],[[0.99256,-0.0180058,-0.120416],[-0.0730686,-0.879197,-0.470822],[-0.0973916,0.476118,-0.873972]]],"btipPosition":[-31.894,241.626,-6.93002],"carpPosition":[-23.3653,262.175,64.0804],"dipPosition":[-33.7043,250.477,-23.1756],"direction":[0.0265425,-0.933218,0.358329],"extended":false,"handId":350,"id":3502,"length":66.2798,"mcpPosition":[-29.0798,301.09,7.37462],"pipPosition":[-34.4509,276.726,-33.2547],"stabilizedTipPosition":[-44.6046,210.714,37.6308],"timeVisible":3.88676,"tipPosition":[-32.1143,243.085,-9.14839],"tipVelocity":[39.9075,246.838,-329.295],"tool":false,"touchDistance":0.333333,"touchZone":"none","type":2,"width":18.7912},{"bases":[[[0.985411,-0.166645,-0.0345746],[0.156039,0.803505,0.574484],[-0.067954,-0.571498,0.817785]],[[0.98394,-0.177484,-0.0190151],[0.139978,0.83331,-0.534791],[0.110762,0.523541,0.84477]],[[0.98394,-0.177484,-0.0190151],[-0.0855635,-0.375475,-0.922875],[0.156656,0.90968,-0.384631]],[[0.98394,-0.177484,-0.0190151],[-0.16587,-0.869758,-0.464767],[0.0659501,0.460457,-0.885229]]],"btipPosition":[-17.5458,241.941,1.41471],"carpPosition":[-11.3497,263.105,62.5202],"dipPosition":[-16.327,250.451,-14.9455],"direction":[-0.156656,-0.90968,0.384631],"extended":false,"handId":350,"id":3503,"length":63.7298,"mcpPosition":[-7.13919,298.515,11.8497],"pipPosition":[-12.0343,275.377,-25.485],"stabilizedTipPosition":[-23.8408,220.567,26.7896],"timeVisible":3.88676,"tipPosition":[-17.2147,243.328,-0.98965],"tipVelocity":[35.6878,256.727,-321.734],"tool":false,"touchDistance":0.333333,"touchZone":"none","type":3,"width":17.881},{"bases":[[[0.931504,-0.362126,-0.0341355],[0.300786,0.714136,0.63209],[-0.204519,-0.599062,0.774143]],[[0.872832,-0.473216,0.119294],[0.469621,0.747954,-0.469064],[0.132742,0.465437,0.87507]],[[0.872832,-0.473216,0.119294],[-0.0520693,-0.333351,-0.941364],[0.485235,0.815441,-0.315599]],[[0.872832,-0.473216,0.119294],[-0.349345,-0.77654,-0.524351],[0.340768,0.415995,-0.843105]]],"btipPosition":[-7.19916,252.332,4.52138],"carpPosition":[0.910879,257.12,59.049],"dipPosition":[-1.38911,259.425,-9.85346],"direction":[-0.485235,-0.815441,0.315599],"extended":false,"handId":350,"id":3504,"length":49.963,"mcpPosition":[12.6413,291.48,14.647],"pipPosition":[7.99859,275.201,-15.9593],"stabilizedTipPosition":[-8.70422,238.316,19.2832],"timeVisible":3.88676,"tipPosition":[-6.01008,253.283,2.45448],"tipVelocity":[38.2732,265.659,-321.591],"tool":false,"touchDistance":0.333333,"touchZone":"none","type":4,"width":15.8833}],"r":[[0.89505,0.186637,0.405034],[-0.259957,0.956305,0.1338],[-0.362364,-0.225049,0.904459]],"s":1.13695,"t":[42.7522,137.124,-93.4248],"timestamp":15211011386},false],[2,{"currentFrameRate":108.513,"devices":[],"gestures":[],"hands":[{"armBasis":[[0.958936,0.183696,-0.216095],[-0.0657663,0.885164,0.460608],[0.275891,-0.427482,0.860897]],"armWidth":63.029,"confidence":0.795675,"direction":[-0.0598999,0.680645,-0.730161],"elbow":[59.7454,136.284,291.836],"grabStrength":0,"id":350,"palmNormal":[0.0515014,-0.728393,-0.683222],"palmPosition":[-24.4334,283.104,20.058],"palmVelocity":[6.25625,245.007,-310.442],"palmWidth":90.0033,"pinchStrength":0.449266,"r":[[0.892554,0.188797,0.409516],[-0.261485,0.956559,0.128917],[-0.367387,-0.222148,0.903148]],"s":1.13949,"sphereCenter":[-31.5787,266.924,-23.088],"sphereRadius":46.8036,"stabilizedPalmPosition":[-25.462,268.649,36.9763],"t":[42.7337,138.961,-95.9423],"timeVisible":3.89557,"type":"right","wrist":[-13.9374,250.453,61.914]}],"id":1154388,"interactionBox":{"center":[0,200,0],"size":[235.247,235.247,147.751]},"pointables":[{"bases":[[[0.343387,0.81591,0.465163],[-0.801934,-0.00308407,0.597404],[0.488863,-0.578171,0.653247]],[[0.111377,0.981683,0.154577],[-0.820597,0.00311235,0.571499],[0.56055,-0.190498,0.805912]],[[0.111377,0.981683,0.154577],[-0.986929,0.0910336,0.132979],[0.116472,-0.167368,0.97899]],[[0.111377,0.981683,0.154577],[-0.993643,0.112574,0.00101956],[-0.0164005,-0.153708,0.98798]]],"btipPosition":[-72.5216,256.762,-38.3533],"carpPosition":[-41.2953,238.153,57.3285],"dipPosition":[-72.9013,253.204,-15.4817],"direction":[-0.116472,0.167368,-0.97899],"extended":false,"handId":350,"id":3500,"length":51.5512,"mcpPosition":[-41.2953,238.153,57.3285],"pipPosition":[-68.9732,247.559,17.5356],"stabilizedTipPosition":[-87.4429,220.002,39.6746],"timeVisible":3.89557,"tipPosition":[-71.8519,255.848,-32.7409],"tipVelocity":[33.2123,217.481,-320.089],"tool":false,"touchDistance":-0.759632,"touchZone":"hovering","type":0,"width":20.0304},{"bases":[[[0.972666,0.191696,-0.13105],[-0.0845198,0.817912,0.569102],[0.216282,-0.542469,0.811757]],[[0.977312,0.179369,-0.112643],[-0.0820801,0.810999,0.579262],[0.195255,-0.556873,0.807321]],[[0.977312,0.179369,-0.112643],[-0.145101,0.954413,0.260849],[0.154296,-0.238587,0.958785]],[[0.977312,0.179369,-0.112643],[-0.182792,0.982933,-0.0207486],[0.106999,0.0408681,0.993419]]],"btipPosition":[-64.5066,328.227,-70.3472],"carpPosition":[-34.9725,260.072,62.7462],"dipPosition":[-62.6983,328.918,-53.5581],"direction":[-0.154296,0.238587,-0.958785],"extended":true,"handId":350,"id":3501,"length":58.1698,"mcpPosition":[-50.7117,299.548,3.67317],"pipPosition":[-59.0093,323.214,-30.6352],"stabilizedTipPosition":[-65.4144,314.884,-50.6378],"timeVisible":3.89557,"tipPosition":[-63.2437,326.303,-66.583],"tipVelocity":[9.49376,293.145,-335.907],"tool":false,"touchDistance":-0.802045,"touchZone":"hovering","type":1,"width":19.133},{"bases":[[[0.993005,-0.0256177,-0.115259],[0.0859066,0.826437,0.556437],[0.0809996,-0.562446,0.822857]],[[0.992508,-0.0222875,-0.120128],[-0.0421409,0.860438,-0.507809],[0.114681,0.509067,0.853053]],[[0.992508,-0.0222875,-0.120128],[-0.120141,-0.356834,-0.92641],[-0.0222185,0.933902,-0.356838]],[[0.992508,-0.0222875,-0.120128],[-0.0767413,-0.878789,-0.471],[-0.09507,0.47669,-0.873915]]],"btipPosition":[-32.1869,243.489,-9.52401],"carpPosition":[-23.5214,264.075,61.6525],"dipPosition":[-33.9541,252.35,-25.7685],"direction":[0.0222185,-0.933902,0.356838],"extended":false,"handId":350,"id":3502,"length":66.2798,"mcpPosition":[-29.1113,302.89,4.86593],"pipPosition":[-34.579,278.619,-35.8057],"stabilizedTipPosition":[-43.627,213.548,33.4886],"timeVisible":3.89557,"tipPosition":[-32.3985,244.962,-11.7688],"tipVelocity":[20.4929,237.438,-319.978],"tool":false,"touchDistance":0.333333,"touchZone":"none","type":2,"width":18.7912},{"bases":[[[0.984781,-0.170334,-0.0345289],[0.159171,0.804144,0.572727],[-0.0697888,-0.569507,0.819018]],[[0.983219,-0.1815,-0.0184173],[0.143521,0.83188,-0.536076],[0.112619,0.524436,0.843969]],[[0.983219,-0.1815,-0.0184173],[-0.0868619,-0.376975,-0.922141],[0.160425,0.908266,-0.386414]],[[0.983219,-0.1815,-0.0184173],[-0.169305,-0.87021,-0.462678],[0.067949,0.458032,-0.886335]]],"btipPosition":[-17.8077,243.714,-0.990644],"carpPosition":[-11.503,264.958,60.0865],"dipPosition":[-16.5519,252.179,-17.3713],"direction":[-0.160425,-0.908266,0.386414],"extended":false,"handId":350,"id":3503,"length":63.7298,"mcpPosition":[-7.17882,300.245,9.33957],"pipPosition":[-12.156,277.067,-27.9597],"stabilizedTipPosition":[-23.2104,223.069,23.6437],"timeVisible":3.89557,"tipPosition":[-17.4676,245.101,-3.43214],"tipVelocity":[18.3156,241.534,-308.831],"tool":false,"touchDistance":0.333333,"touchZone":"none","type":3,"width":17.881},{"bases":[[[0.930158,-0.365614,-0.0336577],[0.303608,0.714367,0.630478],[-0.206468,-0.596663,0.775477]],[[0.870227,-0.477355,0.12181],[0.474441,0.745436,-0.46822],[0.132705,0.46525,0.875175]],[[0.870227,-0.477355,0.12181],[-0.0524373,-0.3356,-0.940544],[0.489853,0.812099,-0.317079]],[[0.870227,-0.477355,0.12181],[-0.353327,-0.777049,-0.520917],[0.343315,0.410277,-0.844871]]],"btipPosition":[-7.39532,254.164,2.07512],"carpPosition":[0.734402,258.92,56.6242],"dipPosition":[-1.54185,261.159,-12.3298],"direction":[-0.489853,-0.812099,0.317079],"extended":false,"handId":350,"id":3504,"length":49.963,"mcpPosition":[12.5767,293.143,12.1456],"pipPosition":[7.93518,276.87,-18.4643],"stabilizedTipPosition":[-8.38873,240.391,16.8449],"timeVisible":3.89557,"tipPosition":[-6.1972,255.09,-0.0461784],"tipVelocity":[22.2627,249.467,-310.046],"tool":false,"touchDistance":0.333333,"touchZone":"none","type":4,"width":15.8833}],"r":[[0.892554,0.188797,0.409516],[-0.261485,0.956559,0.128917],[-0.367387,-0.222148,0.903148]],"s":1.13949,"t":[42.7337,138.961,-95.9423],"timestamp":15211020187},false],[3,{"currentFrameRate":108.611,"devices":[],"gestures":[],"hands":[{"armBasis":[[0.959191,0.181929,-0.216459],[-0.0652972,0.887351,0.456447],[0.275116,-0.423686,0.863019]],"armWidth":63.029,"confidence":0.787323,"direction":[-0.0557898,0.680106,-0.730988],"elbow":[59.0367,139.413,289.433],"grabStrength":0,"id":350,"palmNormal":[0.0520231,-0.729154,-0.682369],"palmPosition":[-24.7149,285.206,17.023],"palmVelocity":[-4.05033,241.614,-317.508],"palmWidth":90.0033,"pinchStrength":0.453416,"r":[[0.890351,0.190181,0.41365],[-0.262307,0.9569,0.124651],[-0.372115,-0.219486,0.901863]],"s":1.14132,"sphereCenter":[-32.0709,269.022,-26.1471],"sphereRadius":46.8399,"stabilizedPalmPosition":[-25.3743,270.592,34.6347],"t":[42.5837,140.93,-98.7185],"timeVisible":3.90459,"type":"right","wrist":[-14.4391,252.568,58.9443]}],"id":1154389,"interactionBox":{"center":[0,200,0],"size":[235.247,235.247,147.751]},"pointables":[{"bases":[[[0.343808,0.815507,0.465558],[-0.803942,-0.000576091,0.594708],[0.485257,-0.578747,0.655422]],[[0.114739,0.981061,0.156057],[-0.820702,0.00510215,0.571334],[0.559717,-0.193631,0.805744]],[[0.114739,0.981061,0.156057],[-0.986798,0.0944856,0.13154],[0.114304,-0.16909,0.97895]],[[0.114739,0.981061,0.156057],[-0.993092,0.117166,-0.00641174],[-0.0245749,-0.154244,0.987727]]],"btipPosition":[-72.7342,259.164,-41.388],"carpPosition":[-41.8113,240.33,54.2783],"dipPosition":[-73.3031,255.594,-18.5223],"direction":[-0.114304,0.16909,-0.97895],"extended":false,"handId":350,"id":3500,"length":51.5512,"mcpPosition":[-41.8113,240.33,54.2783],"pipPosition":[-69.4481,249.891,14.4936],"stabilizedTipPosition":[-86.4832,222.526,34.6843],"timeVisible":3.90459,"tipPosition":[-72.1336,258.174,-35.8475],"tipVelocity":[16.2593,230.764,-324.531],"tool":false,"touchDistance":-0.757543,"touchZone":"hovering","type":0,"width":20.0304},{"bases":[[[0.973564,0.189208,-0.127957],[-0.08444,0.818647,0.568056],[0.212233,-0.542234,0.812982]],[[0.977645,0.178237,-0.11154],[-0.0819537,0.811549,0.578508],[0.193632,-0.556434,0.808015]],[[0.977645,0.178237,-0.11154],[-0.143578,0.953461,0.265138],[0.153606,-0.243196,0.957737]],[[0.977645,0.178237,-0.11154],[-0.180674,0.983469,-0.0120489],[0.107548,0.0319319,0.993687]]],"btipPosition":[-64.6166,330.619,-73.4946],"carpPosition":[-35.4533,262.239,59.6969],"dipPosition":[-62.799,331.159,-56.701],"direction":[-0.153606,0.243196,-0.957737],"extended":true,"handId":350,"id":3501,"length":58.1698,"mcpPosition":[-50.8979,301.698,0.534703],"pipPosition":[-59.1266,325.345,-33.8031],"stabilizedTipPosition":[-65.2051,317.614,-53.9076],"timeVisible":3.90459,"tipPosition":[-63.3478,328.752,-69.7344],"tipVelocity":[3.59068,284.313,-339.357],"tool":false,"touchDistance":-0.79737,"touchZone":"hovering","type":1,"width":19.133},{"bases":[[[0.993321,-0.0281393,-0.111896],[0.0860483,0.826746,0.555956],[0.0768656,-0.561872,0.823645]],[[0.992915,-0.0252618,-0.116113],[-0.0368696,0.863422,-0.503132],[0.112964,0.503849,0.856374]],[[0.992915,-0.0252618,-0.116113],[-0.117564,-0.351007,-0.928963],[-0.017289,0.936032,-0.35149]],[[0.992915,-0.0252618,-0.116113],[-0.0777857,-0.876868,-0.474396],[-0.0898313,0.480067,-0.87262]]],"btipPosition":[-32.5233,245.714,-12.9258],"carpPosition":[-23.989,266.213,58.6379],"dipPosition":[-34.1931,254.637,-29.1462],"direction":[0.017289,-0.936032,0.35149],"extended":false,"handId":350,"id":3502,"length":66.2798,"mcpPosition":[-29.2936,304.988,1.79697],"pipPosition":[-34.6794,280.966,-39.033],"stabilizedTipPosition":[-42.7901,216.219,29.5738],"timeVisible":3.90459,"tipPosition":[-32.7156,247.204,-15.1658],"tipVelocity":[5.27328,240.326,-335.433],"tool":false,"touchDistance":0.333333,"touchZone":"none","type":2,"width":18.7912},{"bases":[[[0.984474,-0.17276,-0.0310604],[0.159203,0.80429,0.572514],[-0.0739257,-0.56857,0.819306]],[[0.982746,-0.184416,-0.0142051],[0.148357,0.83179,-0.534898],[0.110459,0.523561,0.844797]],[[0.982746,-0.184416,-0.0142051],[-0.0840266,-0.376717,-0.92251],[0.164774,0.907786,-0.385713]],[[0.982746,-0.184416,-0.0142051],[-0.169971,-0.870142,-0.46256],[0.0729428,0.456993,-0.886474]]],"btipPosition":[-18.1276,245.834,-4.03671],"carpPosition":[-11.9632,267.065,57.1116],"dipPosition":[-16.7796,254.28,-20.42],"direction":[-0.164774,-0.907786,0.385713],"extended":false,"handId":350,"id":3503,"length":63.7298,"mcpPosition":[-7.38274,302.294,6.34676],"pipPosition":[-12.2645,279.155,-30.9891],"stabilizedTipPosition":[-22.6944,225.433,20.6345],"timeVisible":3.90459,"tipPosition":[-17.7698,247.221,-6.50759],"tipVelocity":[4.16363,239.542,-316.695],"tool":false,"touchDistance":0.333333,"touchZone":"none","type":3,"width":17.881},{"bases":[[[0.929373,-0.367906,-0.0301919],[0.303226,0.714216,0.630833],[-0.210523,-0.595434,0.775331]],[[0.867357,-0.481026,0.12769],[0.481069,0.744588,-0.462776],[0.127531,0.46282,0.877231]],[[0.867357,-0.481026,0.12769],[-0.0476038,-0.335577,-0.940809],[0.495404,0.809939,-0.313964]],[[0.867357,-0.481026,0.12769],[-0.354245,-0.776919,-0.520488],[0.349573,0.406215,-0.844268]]],"btipPosition":[-7.65925,256.364,-0.987165],"carpPosition":[0.270986,260.995,53.696],"dipPosition":[-1.69906,263.29,-15.3818],"direction":[-0.495404,-0.809939,0.313964],"extended":false,"handId":350,"id":3504,"length":49.963,"mcpPosition":[12.3459,295.147,9.22581],"pipPosition":[7.88537,278.959,-21.456],"stabilizedTipPosition":[-8.15073,242.381,14.4491],"timeVisible":3.90459,"tipPosition":[-6.44378,257.263,-3.13703],"tipVelocity":[8.8329,247.368,-317.981],"tool":false,"touchDistance":0.333333,"touchZone":"none","type":4,"width":15.8833}],"r":[[0.890351,0.190181,0.41365],[-0.262307,0.9569,0.124651],[-0.372115,-0.219486,0.901863]],"s":1.14132,"t":[42.5837,140.93,-98.7185],"timestamp":15211029217},false],[4,{"currentFrameRate":108.68,"devices":[],"gestures":[],"hands":[{"armBasis":[[0.959551,0.18112,-0.215539],[-0.0647686,0.887067,0.457074],[0.273983,-0.424625,0.862917]],"armWidth":63.029,"confidence":0.772189,"direction":[-0.0538696,0.679921,-0.731304],"elbow":[58.2663,140.797,286.567],"grabStrength":0,"id":350,"palmNormal":[0.0520648,-0.729459,-0.682041],"palmPosition":[-25.0807,286.839,14.1586],"palmVelocity":[-14.0755,224.548,-316.963],"palmWidth":90.0033,"pinchStrength":0.45106,"r":[[0.888503,0.191098,0.417186],[-0.262738,0.957238,0.121091],[-0.376207,-0.217201,0.900718]],"s":1.14295,"sphereCenter":[-32.7274,270.661,-29.0171],"sphereRadius":46.8846,"stabilizedPalmPosition":[-25.3429,272.329,32.4455],"t":[42.3258,142.731,-101.539],"timeVisible":3.91367,"type":"right","wrist":[-14.9069,254.202,56.1059]}],"id":1154390,"interactionBox":{"center":[0,200,0],"size":[235.247,235.247,147.751]},"pointables":[{"bases":[[[0.344187,0.815228,0.465767],[-0.804793,0.000663158,0.593555],[0.483574,-0.57914,0.656318]],[[0.118171,0.98016,0.159131],[-0.819081,0.00561738,0.57365],[0.561375,-0.19813,0.803494]],[[0.118171,0.98016,0.159131],[-0.986409,0.0974457,0.132297],[0.114165,-0.172602,0.978353]],[[0.118171,0.98016,0.159131],[-0.99257,0.121273,-0.00989059],[-0.0289927,-0.15678,0.987208]]],"btipPosition":[-73.1858,261.232,-44.1181],"carpPosition":[-42.288,241.999,51.4049],"dipPosition":[-73.8569,257.603,-21.2645],"direction":[-0.114165,0.172602,-0.978353],"extended":false,"handId":350,"id":3500,"length":51.5512,"mcpPosition":[-42.288,241.999,51.4049],"pipPosition":[-70.0066,251.781,11.7314],"stabilizedTipPosition":[-85.6495,224.928,30.0194],"timeVisible":3.91367,"tipPosition":[-72.6233,260.119,-38.6699],"tipVelocity":[-2.71514,229.522,-318.035],"tool":false,"touchDistance":-0.751115,"touchZone":"hovering","type":0,"width":20.0304},{"bases":[[[0.973988,0.187914,-0.126628],[-0.084203,0.818953,0.56765],[0.210372,-0.542222,0.813473]],[[0.977521,0.178397,-0.112373],[-0.0816928,0.811821,0.578163],[0.19437,-0.555987,0.808146]],[[0.977521,0.178397,-0.112373],[-0.142698,0.952152,0.270268],[0.155211,-0.248157,0.956205]],[[0.977521,0.178397,-0.112373],[-0.179774,0.983706,-0.00215709],[0.110157,0.0223103,0.993664]]],"btipPosition":[-65.0514,332.543,-76.3708],"carpPosition":[-35.9097,263.901,56.825],"dipPosition":[-63.1897,332.92,-59.5776],"direction":[-0.155211,0.248157,-0.956205],"extended":true,"handId":350,"id":3501,"length":58.1698,"mcpPosition":[-51.2189,303.359,-2.37298],"pipPosition":[-59.4789,326.987,-36.7164],"stabilizedTipPosition":[-65.1137,319.974,-56.8316],"timeVisible":3.91367,"tipPosition":[-63.7608,330.724,-72.6167],"tipVelocity":[-10.341,263.134,-333.13],"tool":false,"touchDistance":-0.789111,"touchZone":"hovering","type":1,"width":19.133},{"bases":[[[0.993444,-0.0294527,-0.110463],[0.0863127,0.826829,0.555792],[0.0749644,-0.561682,0.82395]],[[0.993084,-0.0268381,-0.114297],[-0.0344907,0.863875,-0.502524],[0.112225,0.502991,0.856975]],[[0.993084,-0.0268381,-0.114297],[-0.116433,-0.350191,-0.929414],[-0.015082,0.936294,-0.350894]],[[0.993084,-0.0268381,-0.114297],[-0.0783265,-0.876654,-0.474703],[-0.0874586,0.480373,-0.872693]]],"btipPosition":[-32.9129,247.375,-15.8477],"carpPosition":[-24.4387,267.86,55.7811],"dipPosition":[-34.5386,256.305,-32.0695],"direction":[0.015082,-0.936294,0.350894],"extended":false,"handId":350,"id":3502,"length":66.2798,"mcpPosition":[-29.6122,306.622,-1.0809],"pipPosition":[-34.9628,282.641,-41.9395],"stabilizedTipPosition":[-42.1021,218.624,26.0153],"timeVisible":3.91367,"tipPosition":[-33.1005,248.88,-18.1298],"tipVelocity":[-7.74458,224.522,-331.691],"tool":false,"touchDistance":0.333333,"touchZone":"none","type":2,"width":18.7912},{"bases":[[[0.984295,-0.174033,-0.0295895],[0.159415,0.804285,0.572462],[-0.075829,-0.568188,0.819397]],[[0.982464,-0.186052,-0.0121941],[0.15081,0.831415,-0.534795],[0.109638,0.523578,0.844894]],[[0.982464,-0.186052,-0.0121941],[-0.0829997,-0.377849,-0.922139],[0.166958,0.906981,-0.386666]],[[0.982464,-0.186052,-0.0121941],[-0.170628,-0.870796,-0.461086],[0.0751675,0.455082,-0.887271]]],"btipPosition":[-18.5209,247.498,-6.84567],"carpPosition":[-12.4098,268.696,54.2717],"dipPosition":[-17.1317,255.909,-23.2437],"direction":[-0.166958,-0.906981,0.386666],"extended":false,"handId":350,"id":3503,"length":63.7298,"mcpPosition":[-7.71134,303.901,3.50122],"pipPosition":[-12.5568,280.762,-33.8389],"stabilizedTipPosition":[-22.2959,227.562,17.8628],"timeVisible":3.91367,"tipPosition":[-18.1554,248.879,-9.37223],"tipVelocity":[-8.68268,223.737,-314.788],"tool":false,"touchDistance":0.333333,"touchZone":"none","type":3,"width":17.881},{"bases":[[[0.928942,-0.369108,-0.0287321],[0.303238,0.714046,0.631018],[-0.212398,-0.594892,0.775236]],[[0.864981,-0.484098,0.132125],[0.486598,0.744844,-0.456541],[0.122598,0.45919,0.879837]],[[0.864981,-0.484098,0.132125],[-0.0426067,-0.3332,-0.941893],[0.499992,0.80909,-0.308837]],[[0.864981,-0.484098,0.132125],[-0.354414,-0.77576,-0.522099],[0.355244,0.404779,-0.842589]]],"btipPosition":[-8.01412,258.114,-4.02094],"carpPosition":[-0.178466,262.609,50.8758],"dipPosition":[-1.95725,265.016,-18.387],"direction":[-0.499992,-0.80909,0.308837],"extended":false,"handId":350,"id":3504,"length":49.963,"mcpPosition":[12.0039,296.73,6.41102],"pipPosition":[7.71596,280.669,-24.362],"stabilizedTipPosition":[-7.99163,244.183,12.1844],"timeVisible":3.91367,"tipPosition":[-6.77721,259.007,-6.17199],"tipVelocity":[-3.74533,232.121,-322.263],"tool":false,"touchDistance":0.333333,"touchZone":"none","type":4,"width":15.8833}],"r":[[0.888503,0.191098,0.417186],[-0.262738,0.957238,0.121091],[-0.376207,-0.217201,0.900718]],"s":1.14295,"t":[42.3258,142.731,-101.539],"timestamp":15211038295},false],[5,{"currentFrameRate":108.715,"devices":[],"gestures":[],"hands":[{"armBasis":[[0.960312,0.182003,-0.211367],[-0.0667395,0.885701,0.459434],[0.270827,-0.427094,0.862696]],"armWidth":63.029,"confidence":0.718179,"direction":[-0.0539261,0.67876,-0.732378],"elbow":[57.2705,141.341,284.167],"grabStrength":0,"id":350,"palmNormal":[0.0542606,-0.730369,-0.680894],"palmPosition":[-25.2263,287.964,11.7549],"palmVelocity":[-14.5932,196.338,-301.983],"palmWidth":90.0033,"pinchStrength":0.448818,"r":[[0.886827,0.192254,0.42021],[-0.263422,0.957451,0.117885],[-0.379666,-0.215236,0.899737]],"s":1.14434,"sphereCenter":[-33.085,271.718,-31.4155],"sphereRadius":46.9239,"stabilizedPalmPosition":[-25.3318,273.824,30.4671],"t":[42.1241,144.194,-104.151],"timeVisible":3.92281,"type":"right","wrist":[-15.0597,255.405,53.7648]}],"id":1154391,"interactionBox":{"center":[0,200,0],"size":[235.247,235.247,147.751]},"pointables":[{"bases":[[[0.342163,0.816476,0.465071],[-0.805656,0.000203014,0.592383],[0.483573,-0.577379,0.657869]],[[0.118603,0.979808,0.160967],[-0.817968,0.00450857,0.575247],[0.562905,-0.199892,0.801986]],[[0.118603,0.979808,0.160967],[-0.986336,0.0975872,0.132734],[0.114345,-0.174511,0.977993]],[[0.118603,0.979808,0.160967],[-0.992389,0.122377,-0.0137015],[-0.0331236,-0.158117,0.986865]]],"btipPosition":[-73.2976,262.565,-46.3866],"carpPosition":[-42.4138,243.149,49.0419],"dipPosition":[-74.0644,258.905,-23.5408],"direction":[-0.114345,0.174511,-0.977993],"extended":false,"handId":350,"id":3500,"length":51.5512,"mcpPosition":[-42.4138,243.149,49.0419],"pipPosition":[-70.208,253.019,9.44284],"stabilizedTipPosition":[-84.9144,227.15,25.7234],"timeVisible":3.92281,"tipPosition":[-72.784,261.352,-41.0118],"tipVelocity":[-6.0338,206.059,-298.697],"tool":false,"touchDistance":-0.738391,"touchZone":"hovering","type":0,"width":20.0304},{"bases":[[[0.973861,0.189337,-0.125487],[-0.0863798,0.819643,0.566326],[0.210081,-0.540683,0.814572]],[[0.976859,0.181326,-0.113436],[-0.0838594,0.812595,0.576765],[0.19676,-0.553905,0.808996]],[[0.976859,0.181326,-0.113436],[-0.144599,0.950675,0.274424],[0.157601,-0.251671,0.954895]],[[0.976859,0.181326,-0.113436],[-0.181715,0.983326,0.00698937],[0.112812,0.0137854,0.993521]]],"btipPosition":[-65.4037,333.74,-78.8391],"carpPosition":[-36.0796,265.07,54.4391],"dipPosition":[-63.4971,333.972,-62.0482],"direction":[-0.157601,0.251671,-0.954895],"extended":true,"handId":350,"id":3501,"length":58.1698,"mcpPosition":[-51.3676,304.416,-4.83881],"pipPosition":[-59.7292,327.955,-39.2183],"stabilizedTipPosition":[-65.0928,321.917,-59.3824],"timeVisible":3.92281,"tipPosition":[-64.0853,331.969,-75.0883],"tipVelocity":[-17.8745,225.382,-315.637],"tool":false,"touchDistance":-0.775565,"touchZone":"hovering","type":1,"width":19.133},{"bases":[[[0.993651,-0.0279739,-0.108976],[0.0841397,0.827783,0.554704],[0.074691,-0.560351,0.824881]],[[0.993313,-0.0255145,-0.112594],[-0.0348749,0.863397,-0.503318],[0.110056,0.503879,0.856734]],[[0.993313,-0.0255145,-0.112594],[-0.114355,-0.351395,-0.929217],[-0.0158566,0.93588,-0.351963]],[[0.993313,-0.0255145,-0.112594],[-0.0762155,-0.877471,-0.473536],[-0.0867163,0.478951,-0.873548]]],"btipPosition":[-32.9575,248.466,-18.2295],"carpPosition":[-24.6136,269.046,53.4061],"dipPosition":[-34.5694,257.369,-34.4672],"direction":[0.0158566,-0.93588,0.351963],"extended":false,"handId":350,"id":3502,"length":66.2798,"mcpPosition":[-29.7682,307.717,-3.52011],"pipPosition":[-35.0154,283.693,-44.3672],"stabilizedTipPosition":[-41.5247,220.722,22.8581],"timeVisible":3.92281,"tipPosition":[-33.1454,249.973,-20.5438],"tipVelocity":[-6.85232,195.095,-312.061],"tool":false,"touchDistance":0.333333,"touchZone":"none","type":2,"width":18.7912},{"bases":[[[0.984623,-0.172451,-0.0279036],[0.157255,0.805384,0.571513],[-0.0760848,-0.567113,0.820118]],[[0.982685,-0.185034,-0.0096387],[0.151526,0.832493,-0.532912],[0.106631,0.522224,0.846116]],[[0.982685,-0.185034,-0.0096387],[-0.0802646,-0.378233,-0.922224],[0.166997,0.90703,-0.386535]],[[0.982685,-0.185034,-0.0096387],[-0.168727,-0.872164,-0.459195],[0.07656,0.452871,-0.888283]]],"btipPosition":[-18.5731,248.735,-9.28796],"carpPosition":[-12.5839,269.9,51.913],"dipPosition":[-17.1581,257.105,-25.7047],"direction":[-0.166997,-0.90703,0.386535],"extended":false,"handId":350,"id":3503,"length":63.7298,"mcpPosition":[-7.8696,305.039,1.09783],"pipPosition":[-12.5822,281.959,-36.2963],"stabilizedTipPosition":[-21.969,229.427,15.3654],"timeVisible":3.92281,"tipPosition":[-18.2045,250.093,-11.8478],"tipVelocity":[-7.67533,198.887,-301.72],"tool":false,"touchDistance":0.333333,"touchZone":"none","type":3,"width":17.881},{"bases":[[[0.929591,-0.367615,-0.0268407],[0.301141,0.715469,0.630411],[-0.212545,-0.594107,0.775797]],[[0.864034,-0.484422,0.137043],[0.489753,0.74578,-0.451614],[0.116568,0.457326,0.881626]],[[0.864034,-0.484422,0.137043],[-0.0370608,-0.332682,-0.942311],[0.502068,0.809109,-0.305401]],[[0.864034,-0.484422,0.137043],[-0.352555,-0.776553,-0.522179],[0.359376,0.402865,-0.841753]]],"btipPosition":[-8.06455,259.386,-6.52845],"carpPosition":[-0.337625,263.828,48.5438],"dipPosition":[-1.93723,266.255,-20.8802],"direction":[-0.502068,-0.809109,0.305401],"extended":false,"handId":350,"id":3504,"length":49.963,"mcpPosition":[11.8532,297.904,4.0468],"pipPosition":[7.77613,281.909,-26.7887],"stabilizedTipPosition":[-7.86617,245.758,10.1176],"timeVisible":3.92281,"tipPosition":[-6.8105,260.269,-8.69138],"tipVelocity":[-3.74554,206.061,-308.871],"tool":false,"touchDistance":0.333333,"touchZone":"none","type":4,"width":15.8833}],"r":[[0.886827,0.192254,0.42021],[-0.263422,0.957451,0.117885],[-0.379666,-0.215236,0.899737]],"s":1.14434,"t":[42.1241,144.194,-104.151],"timestamp":15211047431},false],[6,{"currentFrameRate":108.805,"devices":[],"gestures":[],"hands":[{"armBasis":[[0.959652,0.188094,-0.209017],[-0.0725192,0.883742,0.462322],[0.271677,-0.42851,0.861725]],"armWidth":63.029,"confidence":0.725826,"direction":[-0.0556714,0.677268,-0.733627],"elbow":[57.4823,141.527,282.393],"grabStrength":0,"id":350,"palmNormal":[0.0599734,-0.731171,-0.679552],"palmPosition":[-25.3072,288.404,10.1612],"palmVelocity":[-13.043,155.717,-267.436],"palmWidth":90.0033,"pinchStrength":0.448472,"r":[[0.885049,0.194276,0.423019],[-0.265052,0.957368,0.114866],[-0.382669,-0.213784,0.898811]],"s":1.14564,"sphereCenter":[-33.3328,272.087,-32.9831],"sphereRadius":46.9596,"stabilizedPalmPosition":[-25.3298,275.021,28.7995],"t":[41.9827,145.146,-106.254],"timeVisible":3.93184,"type":"right","wrist":[-15.075,255.97,52.2507]}],"id":1154392,"interactionBox":{"center":[0,200,0],"size":[235.247,235.247,147.751]},"pointables":[{"bases":[[[0.336543,0.819065,0.464621],[-0.807189,-0.00317987,0.590284],[0.484958,-0.573693,0.66007]],[[0.114472,0.980159,0.161816],[-0.818141,0.000619633,0.575017],[0.563508,-0.198211,0.801979]],[[0.114472,0.980159,0.161816],[-0.986983,0.0936879,0.130721],[0.112967,-0.174673,0.978125]],[[0.114472,0.980159,0.161816],[-0.992639,0.119338,-0.0206442],[-0.0395453,-0.158261,0.986605]]],"btipPosition":[-73.0687,262.9,-47.9498],"carpPosition":[-42.3503,243.559,47.4768],"dipPosition":[-73.9841,259.237,-25.1101],"direction":[-0.112967,0.174673,-0.978125],"extended":false,"handId":350,"id":3500,"length":51.5512,"mcpPosition":[-42.3503,243.559,47.4768],"pipPosition":[-70.1742,253.346,7.87798],"stabilizedTipPosition":[-84.2846,229.039,22.02],"timeVisible":3.93184,"tipPosition":[-72.6385,261.635,-42.6212],"tipVelocity":[1.56616,159.52,-264.169],"tool":false,"touchDistance":-0.716355,"touchZone":"hovering","type":0,"width":20.0304},{"bases":[[[0.97315,0.194383,-0.123263],[-0.0922741,0.820084,0.564755],[0.210865,-0.538217,0.816001]],[[0.975559,0.18805,-0.113674],[-0.0896423,0.812902,0.57546],[0.200621,-0.551205,0.809891]],[[0.975559,0.18805,-0.113674],[-0.150141,0.948175,0.280039],[0.160444,-0.256128,0.953235]],[[0.975559,0.18805,-0.113674],[-0.187137,0.982155,0.0187456],[0.115171,0.0029852,0.993341]]],"btipPosition":[-65.8015,334.186,-80.523],"carpPosition":[-36.1484,265.522,52.8545],"dipPosition":[-63.855,334.237,-63.7352],"direction":[-0.160444,0.256128,-0.953235],"extended":true,"handId":350,"id":3501,"length":58.1698,"mcpPosition":[-51.4934,304.689,-6.52743],"pipPosition":[-60.0191,328.113,-40.945],"stabilizedTipPosition":[-65.1242,323.397,-61.4652],"timeVisible":3.93184,"tipPosition":[-64.447,332.438,-76.7806],"tipVelocity":[-24.8027,175.672,-280.103],"tool":false,"touchDistance":-0.751611,"touchZone":"hovering","type":1,"width":19.133},{"bases":[[[0.994068,-0.0227911,-0.106344],[0.0782289,0.829125,0.553563],[0.0755562,-0.558599,0.82599]],[[0.993731,-0.0203703,-0.109922],[-0.0381622,0.862386,-0.504811],[0.105079,0.505842,0.856202]],[[0.993731,-0.0203703,-0.109922],[-0.110002,-0.353513,-0.928939],[-0.0199362,0.935208,-0.353538]],[[0.993731,-0.0203703,-0.109922],[-0.0702533,-0.878642,-0.472285],[-0.0869617,0.477047,-0.874565]]],"btipPosition":[-32.7483,248.818,-19.7788],"carpPosition":[-24.7014,269.558,51.8448],"dipPosition":[-34.3647,257.685,-36.0354],"direction":[0.0199362,-0.935208,0.353538],"extended":false,"handId":350,"id":3502,"length":66.2798,"mcpPosition":[-29.9156,308.108,-5.15795],"pipPosition":[-34.9255,283.991,-45.9797],"stabilizedTipPosition":[-41.0454,222.441,20.213],"timeVisible":3.93184,"tipPosition":[-32.9387,250.323,-22.1039],"tipVelocity":[1.38115,151.857,-273.518],"tool":false,"touchDistance":0.333333,"touchZone":"none","type":2,"width":18.7912},{"bases":[[[0.985607,-0.167183,-0.0250592],[0.151419,0.807148,0.5706],[-0.0751679,-0.566182,0.820846]],[[0.98363,-0.180093,-0.00627173],[0.149168,0.833263,-0.532374],[0.101103,0.522723,0.846486]],[[0.98363,-0.180093,-0.00627173],[-0.0753906,-0.379657,-0.92205],[0.163674,0.907429,-0.387019]],[[0.98363,-0.180093,-0.00627173],[-0.162952,-0.87407,-0.457656],[0.0769387,0.451186,-0.889107]]],"btipPosition":[-18.3902,249.25,-10.8523],"carpPosition":[-12.6725,270.474,50.3816],"dipPosition":[-16.9682,257.589,-27.2843],"direction":[-0.163674,-0.907429,0.387019],"extended":false,"handId":350,"id":3503,"length":63.7298,"mcpPosition":[-8.01505,305.556,-0.478672],"pipPosition":[-12.4833,282.454,-37.8892],"stabilizedTipPosition":[-21.693,230.963,13.2456],"timeVisible":3.93184,"tipPosition":[-18.0215,250.602,-13.4474],"tipVelocity":[0.0648525,159.608,-266.458],"tool":false,"touchDistance":0.333333,"touchZone":"none","type":3,"width":17.881},{"bases":[[[0.931625,-0.362639,-0.0238195],[0.295634,0.718106,0.630019],[-0.211365,-0.593983,0.776214]],[[0.864681,-0.481511,0.143086],[0.490667,0.748625,-0.445877],[0.107577,0.455749,0.883584]],[[0.864681,-0.481511,0.143086],[-0.0289564,-0.332156,-0.94278],[0.501486,0.811061,-0.301152]],[[0.864681,-0.481511,0.143086],[-0.347104,-0.778647,-0.522712],[0.363105,0.402313,-0.840416]]],"btipPosition":[-7.91744,260.041,-8.21543],"carpPosition":[-0.38496,264.463,47.0542],"dipPosition":[-1.72654,266.901,-22.5444],"direction":[-0.501486,-0.811061,0.301152],"extended":false,"handId":350,"id":3504,"length":49.963,"mcpPosition":[11.7382,298.532,2.53329],"pipPosition":[7.97556,282.592,-28.3707],"stabilizedTipPosition":[-7.75365,247.058,8.34468],"timeVisible":3.93184,"tipPosition":[-6.64825,260.918,-10.3837],"tipVelocity":[