{"sensorType":"Leap","data":[[0,{"currentFrameRate":107.822,"devices":[],"gestures":[{"direction":[0.341834,0.691397,-0.636491],"duration":9095,"handIds":[349],"id":1,"pointableIds":[3490],"position":[-74.6832,234.231,-19.1773],"speed":246.596,"startPosition":[-109.517,163.253,45.9741],"state":"update","type":"swipe"}],"hands":[{"armBasis":[[0.958868,0.012547,-0.283576],[0.105188,0.912189,0.396038],[0.263644,-0.409577,0.873349]],"armWidth":63.029,"confidence":0.728134,"direction":[-0.0236253,0.72828,-0.684872],"elbow":[58.2372,123.172,293.808],"grabStrength":0,"id":349,"palmNormal":[-0.12429,-0.681888,-0.72082],"palmPosition":[-21.4473,269.058,21.7025],"palmVelocity":[81.5182,397.59,-351.999],"palmWidth":90.0033,"pinchStrength":0.628574,"r":[[0.957213,0.00392732,0.289359],[-0.0684471,0.974608,0.213198],[-0.281174,-0.223882,0.933176]],"s":0.956884,"sphereCenter":[-26.5913,252.633,-23.7938],"sphereRadius":46.6301,"stabilizedPalmPosition":[-22.9379,261.262,28.7434],"t":[38.8654,116.809,-86.3475],"timeVisible":0.225984,"type":"right","wrist":[-12.1747,232.558,60.5608]}],"id":1153637,"interactionBox":{"center":[0,200,0],"size":[235.247,235.247,147.751]},"pointables":[{"bases":[[[0.505723,0.724609,0.468173],[-0.733523,0.0755289,0.675455],[0.454081,-0.685009,0.569714]],[[0.261965,0.948439,0.178432],[-0.829027,0.126505,0.544711],[0.494053,-0.290621,0.819422]],[[0.261965,0.948439,0.178432],[-0.944419,0.213888,0.249647],[0.19861,-0.233914,0.951755]],[[0.261965,0.948439,0.178432],[-0.957768,0.278211,-0.0726577],[-0.118553,-0.151863,0.981266]]],"btipPosition":[-69.7432,250.483,-37.0896],"carpPosition":[-41.3949,224.729,58.1853],"dipPosition":[-72.4877,246.967,-14.3735],"direction":[-0.19861,0.233914,-0.951755],"extended":false,"handId":349,"id":3490,"length":51.5512,"mcpPosition":[-41.3949,224.729,58.1853],"pipPosition":[-65.7894,239.078,17.7253],"stabilizedTipPosition":[-74.3768,237.096,-21.3699],"timeVisible":0.225984,"tipPosition":[-70.8097,249.052,-32.222],"tipVelocity":[135.299,450.385,-372.947],"tool":false,"touchDistance":0.122818,"touchZone":"hovering","type":0,"width":20.0304},{"bases":[[[0.973916,0.0551529,-0.220106],[0.094754,0.782539,0.615349],[0.20618,-0.620153,0.756901]],[[0.9815,0.0298661,-0.189116],[0.0721049,0.857373,0.50962],[0.177364,-0.513828,0.839359]],[[0.9815,0.0298661,-0.189116],[0.0156556,0.971931,0.234743],[0.190819,-0.233361,0.953483]],[[0.9815,0.0298661,-0.189116],[-0.0288349,0.999551,0.00820249],[0.189276,-0.0025976,0.98192]]],"btipPosition":[-61.6296,317.671,-66.1146],"carpPosition":[-31.3272,245.082,64.0273],"dipPosition":[-58.4308,317.627,-49.5198],"direction":[-0.190819,0.233361,-0.953483],"extended":true,"handId":349,"id":3491,"length":58.1698,"mcpPosition":[-46.3313,290.212,8.94619],"pipPosition":[-53.8686,312.048,-26.7236],"stabilizedTipPosition":[-62.3532,310.673,-57.4673],"timeVisible":0.225984,"tipPosition":[-60.3135,315.802,-62.4841],"tipVelocity":[122.089,510.943,-352.02],"tool":false,"touchDistance":0.220683,"touchZone":"hovering","type":1,"width":19.133},{"bases":[[[0.962298,-0.163357,-0.217477],[0.262546,0.766793,0.585747],[0.0710743,-0.620761,0.780772]],[[0.96451,-0.190872,-0.182448],[0.102681,0.907723,-0.406812],[0.243261,0.37364,0.895107]],[[0.96451,-0.190872,-0.182448],[-0.233317,-0.292579,-0.927341],[0.123623,0.936998,-0.326729]],[[0.96451,-0.190872,-0.182448],[-0.252936,-0.866207,-0.430939],[-0.0757834,0.461793,-0.883744]]],"btipPosition":[-38.125,237.511,-8.97099],"carpPosition":[-19.5533,247.426,61.9704],"dipPosition":[-39.5337,246.095,-25.3982],"direction":[-0.123623,-0.936998,0.326729],"extended":false,"handId":349,"id":3492,"length":66.2798,"mcpPosition":[-24.4583,290.266,8.08819],"pipPosition":[-36.0564,272.451,-34.5885],"stabilizedTipPosition":[-41.8809,227.611,-1.28514],"timeVisible":0.225984,"tipPosition":[-38.2975,239.617,-11.898],"tipVelocity":[111.665,403.377,-391.627],"tool":false,"touchDistance":0.333333,"touchZone":"none","type":2,"width":18.7912},{"bases":[[[0.939721,-0.310262,-0.143743],[0.332758,0.732983,0.593303],[-0.0787184,-0.605371,0.792042]],[[0.938931,-0.315997,-0.136215],[0.222356,0.859268,-0.460669],[0.262615,0.402248,0.877058]],[[0.938931,-0.315997,-0.136215],[-0.240486,-0.319461,-0.916576],[0.24612,0.893359,-0.375945]],[[0.938931,-0.315997,-0.136215],[-0.34371,-0.842255,-0.415295],[0.0165049,0.436752,-0.899431]]],"btipPosition":[-21.5188,233.818,-1.68423],"carpPosition":[-7.74086,246.637,59.2287],"dipPosition":[-21.2138,241.89,-18.307],"direction":[-0.24612,-0.893359,0.375945],"extended":false,"handId":349,"id":3493,"length":63.7298,"mcpPosition":[-2.86341,284.147,10.1532],"pipPosition":[-14.4697,266.369,-28.6085],"stabilizedTipPosition":[-25.1691,222.494,6.47576],"timeVisible":0.225984,"tipPosition":[-21.2433,235.443,-4.35311],"tipVelocity":[106.703,406.793,-375.022],"tool":false,"touchDistance":0.333333,"touchZone":"none","type":3,"width":17.881},{"bases":[[[0.856309,-0.495059,-0.147148],[0.466598,0.619421,0.631351],[-0.221409,-0.609291,0.761408]],[[0.820104,-0.570317,-0.0465551],[0.500593,0.75449,-0.424443],[0.277193,0.324783,0.904257]],[[0.820104,-0.570317,-0.0465551],[-0.223799,-0.244809,-0.943389],[0.526634,0.784096,-0.328405]],[[0.820104,-0.570317,-0.0465551],[-0.521592,-0.711615,-0.470686],[0.235311,0.410295,-0.881071]]],"btipPosition":[-8.14124,240.532,0.307999],"carpPosition":[3.0552,239.11,54.231],"dipPosition":[-4.12921,247.528,-14.7142],"direction":[-0.526634,-0.784096,0.328405],"extended":false,"handId":349,"id":3494,"length":49.963,"mcpPosition":[15.7544,274.057,10.5593],"pipPosition":[6.05941,262.697,-21.0677],"stabilizedTipPosition":[-9.61485,232.643,5.352],"timeVisible":0.225984,"tipPosition":[-7.14317,241.745,-1.85514],"tipVelocity":[106.101,414.306,-368.917],"tool":false,"touchDistance":0.333333,"touchZone":"none","type":4,"width":15.8833}],"r":[[0.957213,0.00392732,0.289359],[-0.0684471,0.974608,0.213198],[-0.281174,-0.223882,0.933176]],"s":0.956884,"t":[38.8654,116.809,-86.3475],"timestamp":15204105761},false],[1,{"currentFrameRate":107.959,"devices":[],"gestures":[{"direction":[0.341834,0.691397,-0.636491],"duration":9095,"handIds":[349],"id":1,"pointableIds":[3490],"position":[-74.6832,234.231,-19.1773],"speed":246.596,"startPosition":[-109.517,163.253,45.9741],"state":"update","type":"swipe"}],"hands":[{"armBasis":[[0.963225,0.013767,-0.268342],[0.0987997,0.910575,0.401363],[0.249871,-0.413115,0.875729]],"armWidth":63.029,"confidence":0.737741,"direction":[-0.0213114,0.725368,-0.688031],"elbow":[54.8724,124.919,292.192],"grabStrength":0,"id":349,"palmNormal":[-0.115735,-0.685351,-0.718957],"palmPosition":[-20.9817,271.552,19.2293],"palmVelocity":[73.3048,364.309,-330.648],"palmWidth":90.0033,"pinchStrength":0.628291,"r":[[0.954705,0.00585118,0.297496],[-0.0727697,0.974038,0.21437],[-0.288518,-0.226309,0.930345]],"s":0.959498,"sphereCenter":[-26.401,255.166,-26.1124],"sphereRadius":46.586,"stabilizedPalmPosition":[-22.3947,264.119,26.1015],"t":[39.3613,119.76,-89.1868],"timeVisible":0.234999,"type":"right","wrist":[-11.8611,235.25,58.3092]}],"id":1153638,"interactionBox":{"center":[0,200,0],"size":[235.247,235.247,147.751]},"pointables":[{"bases":[[[0.498959,0.728662,0.469139],[-0.739127,0.0751671,0.669359],[0.452473,-0.680736,0.576079]],[[0.259755,0.948695,0.180294],[-0.828958,0.123292,0.545553],[0.495334,-0.291166,0.818454]],[[0.259755,0.948695,0.180294],[-0.947424,0.214238,0.237677],[0.186858,-0.232553,0.954465]],[[0.259755,0.948695,0.180294],[-0.956726,0.278181,-0.0853857],[-0.131159,-0.150312,0.9799]]],"btipPosition":[-68.7517,252.986,-39.5502],"carpPosition":[-41.0283,227.287,55.7367],"dipPosition":[-71.788,249.507,-16.8657],"direction":[-0.186858,0.232553,-0.954465],"extended":false,"handId":349,"id":3490,"length":51.5512,"mcpPosition":[-41.0283,227.287,55.7367],"pipPosition":[-65.4861,241.664,15.3245],"stabilizedTipPosition":[-73.1784,240.766,-24.523],"timeVisible":0.234999,"tipPosition":[-69.8025,251.493,-34.744],"tipVelocity":[126.29,403.148,-345.671],"tool":false,"touchDistance":0.117642,"touchZone":"hovering","type":0,"width":20.0304},{"bases":[[[0.975376,0.0583964,-0.212679],[0.0866043,0.785444,0.612844],[0.202835,-0.616172,0.761046]],[[0.982219,0.0355358,-0.184347],[0.0649348,0.857015,0.511183],[0.176153,-0.514064,0.839469]],[[0.982219,0.0355358,-0.184347],[0.0110098,0.96933,0.245515],[0.187417,-0.243179,0.951703]],[[0.982219,0.0355358,-0.184347],[-0.0312598,0.999172,0.0260513],[0.18512,-0.0198254,0.982516]]],"btipPosition":[-60.949,320.542,-68.842],"carpPosition":[-31.093,247.707,61.5736],"dipPosition":[-57.8204,320.207,-52.2372],"direction":[-0.187417,0.243179,-0.951703],"extended":true,"handId":349,"id":3491,"length":58.1698,"mcpPosition":[-45.8536,292.547,6.19091],"pipPosition":[-53.3395,314.393,-29.4836],"stabilizedTipPosition":[-61.5545,314.355,-60.3087],"timeVisible":0.234999,"tipPosition":[-59.6376,318.59,-65.2421],"tipVelocity":[108.786,455.965,-338.346],"tool":false,"touchDistance":0.21074,"touchZone":"hovering","type":1,"width":19.133},{"bases":[[[0.964661,-0.160148,-0.209241],[0.254689,0.77029,0.584625],[0.06755,-0.617256,0.783857]],[[0.966713,-0.187498,-0.174099],[0.10184,0.906183,-0.410441],[0.234723,0.379048,0.895113]],[[0.966713,-0.187498,-0.174099],[-0.224769,-0.297215,-0.927977],[0.122249,0.93622,-0.329466]],[[0.966713,-0.187498,-0.174099],[-0.24595,-0.868537,-0.430294],[-0.0705323,0.45879,-0.885741]]],"btipPosition":[-37.2936,239.756,-11.441],"carpPosition":[-19.3133,250.092,59.5995],"dipPosition":[-38.6046,248.284,-27.9053],"direction":[-0.122249,-0.93622,0.329466],"extended":false,"handId":349,"id":3492,"length":66.2798,"mcpPosition":[-23.975,292.69,5.50444],"pipPosition":[-35.166,274.618,-37.1725],"stabilizedTipPosition":[-40.9735,230.597,-4.23702],"timeVisible":0.234999,"tipPosition":[-37.4521,241.867,-14.4049],"tipVelocity":[107.006,360.52,-359.539],"tool":false,"touchDistance":0.333333,"touchZone":"none","type":2,"width":18.7912},{"bases":[[[0.942125,-0.306846,-0.135082],[0.324982,0.736811,0.592871],[-0.0823904,-0.602458,0.793887]],[[0.941232,-0.312992,-0.126954],[0.223568,0.859076,-0.460441],[0.253178,0.404999,0.878565]],[[0.941232,-0.312992,-0.126954],[-0.23065,-0.321035,-0.918552],[0.246743,0.893853,-0.37436]],[[0.941232,-0.312992,-0.126954],[-0.336935,-0.843845,-0.417612],[0.0235799,0.435846,-0.899713]]],"btipPosition":[-20.7575,236.224,-4.17817],"carpPosition":[-7.47636,249.343,56.9539],"dipPosition":[-20.3218,244.279,-20.8061],"direction":[-0.246743,-0.893853,0.37436],"extended":false,"handId":349,"id":3493,"length":63.7298,"mcpPosition":[-2.37139,286.671,7.76409],"pipPosition":[-13.5606,268.772,-31.0642],"stabilizedTipPosition":[-24.1781,225.917,3.2956],"timeVisible":0.234999,"tipPosition":[-20.4592,237.858,-6.85209],"tipVelocity":[101.501,368.217,-348.007],"tool":false,"touchDistance":0.333333,"touchZone":"none","type":3,"width":17.881},{"bases":[[[0.859523,-0.492008,-0.13838],[0.458996,0.623976,0.632437],[-0.224818,-0.60711,0.762151]],[[0.821981,-0.56839,-0.035774],[0.503691,0.754857,-0.420103],[0.265787,0.327298,0.906771]],[[0.821981,-0.56839,-0.035774],[-0.211686,-0.246609,-0.945713],[0.528711,0.784931,-0.323028]],[[0.821981,-0.56839,-0.035774],[-0.514362,-0.713946,-0.475093],[0.244497,0.408918,-0.879208]]],"btipPosition":[-7.40844,243.057,-2.11713],"carpPosition":[3.39038,241.841,52.0722],"dipPosition":[-3.23979,250.029,-17.1075],"direction":[-0.528711,-0.784931,0.323028],"extended":false,"handId":349,"id":3494,"length":49.963,"mcpPosition":[16.2851,276.663,8.35796],"pipPosition":[6.98903,265.215,-23.357],"stabilizedTipPosition":[-8.78274,235.803,2.482],"timeVisible":0.234999,"tipPosition":[-6.38206,244.27,-4.28814],"tipVelocity":[100.376,377.24,-341.222],"tool":false,"touchDistance":0.333333,"touchZone":"none","type":4,"width":15.8833}],"r":[[0.954705,0.00585118,0.297496],[-0.0727697,0.974038,0.21437],[-0.288518,-0.226309,0.930345]],"s":0.959498,"t":[39.3613,119.76,-89.1868],"timestamp":15204114776},false],[2,{"currentFrameRate":108.073,"devices":[],"gestures":[{"direction":[0.341834,0.691397,-0.636491],"duration":9095,"handIds":[349],"id":1,"pointableIds":[3490],"position":[-74.6832,234.231,-19.1773],"speed":246.596,"startPosition":[-109.517,163.253,45.9741],"state":"stop","type":"swipe"}],"hands":[{"armBasis":[[0.963899,0.019996,-0.265518],[0.0910239,0.912356,0.39915],[0.250228,-0.408908,0.877599]],"armWidth":63.029,"confidence":0.745676,"direction":[-0.0208037,0.724196,-0.68928],"elbow":[55.334,127.46,291.559],"grabStrength":0,"id":349,"palmNormal":[-0.107213,-0.68707,-0.718638],"palmPosition":[-20.5593,272.859,17.9821],"palmVelocity":[65.9644,303.686,-277.485],"palmWidth":90.0033,"pinchStrength":0.629047,"r":[[0.952237,0.00852169,0.305242],[-0.0775926,0.973553,0.214879],[-0.295338,-0.228301,0.927714]],"s":0.962324,"sphereCenter":[-26.3114,256.67,-27.2],"sphereRadius":46.5169,"stabilizedPalmPosition":[-21.9042,266.455,23.9317],"t":[39.8205,121.89,-91.23],"timeVisible":0.244045,"type":"right","wrist":[-11.495,236.668,57.1773]}],"id":1153639,"interactionBox":{"center":[0,200,0],"size":[235.247,235.247,147.751]},"pointables":[{"bases":[[[0.491825,0.732127,0.471273],[-0.743914,0.0720814,0.664377],[0.452438,-0.677344,0.580091]],[[0.254755,0.949682,0.182218],[-0.830404,0.118291,0.54446],[0.495509,-0.290019,0.818755]],[[0.254755,0.949682,0.182218],[-0.950361,0.211074,0.228608],[0.178643,-0.231412,0.956313]],[[0.254755,0.949682,0.182218],[-0.956673,0.274991,-0.0956934],[-0.140987,-0.149945,0.97859]]],"btipPosition":[-67.8277,254.134,-40.908],"carpPosition":[-40.6002,228.539,54.4258],"dipPosition":[-71.0915,250.663,-18.2538],"direction":[-0.178643,0.231412,-0.956313],"extended":false,"handId":349,"id":3490,"length":51.5512,"mcpPosition":[-40.6002,228.539,54.4258],"pipPosition":[-65.0666,242.859,13.9987],"stabilizedTipPosition":[-72.07,243.795,-27.2155],"timeVisible":0.244045,"tipPosition":[-68.8875,252.633,-36.1324],"tipVelocity":[118.038,327.034,-291.952],"tool":false,"touchDistance":0.11607,"touchZone":"hovering","type":0,"width":20.0304},{"bases":[[[0.976414,0.0634813,-0.206363],[0.0782269,0.786839,0.61218],[0.201237,-0.613884,0.763315]],[[0.982628,0.0428059,-0.180583],[0.057363,0.855336,0.514888],[0.176499,-0.516302,0.838022]],[[0.982628,0.0428059,-0.180583],[0.0054158,0.966008,0.258455],[0.185508,-0.254943,0.948995]],[[0.982628,0.0428059,-0.180583],[-0.0350394,0.998328,0.0459824],[0.182249,-0.0388561,0.982484]]],"btipPosition":[-60.4768,322.389,-70.1579],"carpPosition":[-30.8165,249.022,60.2961],"dipPosition":[-57.3967,321.732,-53.5536],"direction":[-0.185508,0.254943,-0.948995],"extended":true,"handId":349,"id":3491,"length":58.1698,"mcpPosition":[-45.4609,293.696,4.74825],"pipPosition":[-52.9615,315.637,-30.8648],"stabilizedTipPosition":[-60.8958,317.262,-62.5325],"timeVisible":0.244045,"tipPosition":[-59.1682,320.352,-66.5945],"tipVelocity":[92.8408,384.273,-285.159],"tool":false,"touchDistance":0.213927,"touchZone":"hovering","type":1,"width":19.133},{"bases":[[[0.966887,-0.155114,-0.202657],[0.246574,0.772575,0.585089],[0.0658126,-0.615684,0.78524]],[[0.968859,-0.182409,-0.167446],[0.0994706,0.906003,-0.411417],[0.226753,0.381949,0.895934]],[[0.968859,-0.182409,-0.167446],[-0.216939,-0.299321,-0.929163],[0.119368,0.936554,-0.329572]],[[0.968859,-0.182409,-0.167446],[-0.238392,-0.869969,-0.431651],[-0.0669361,0.458127,-0.886363]]],"btipPosition":[-36.5038,240.889,-12.7648],"carpPosition":[-19.0375,251.47,58.3957],"dipPosition":[-37.748,249.405,-29.2407],"direction":[-0.119368,-0.936554,0.329572],"extended":false,"handId":349,"id":3492,"length":66.2798,"mcpPosition":[-23.5793,293.959,4.20515],"pipPosition":[-34.3904,275.749,-38.5109],"stabilizedTipPosition":[-40.1155,233.109,-6.76299],"timeVisible":0.244045,"tipPosition":[-36.6534,243.009,-15.7472],"tipVelocity":[102.043,295.578,-300.828],"tool":false,"touchDistance":0.333333,"touchZone":"none","type":2,"width":18.7912},{"bases":[[[0.944676,-0.301822,-0.12842],[0.316996,0.739498,0.593848],[-0.0842701,-0.601702,0.794262]],[[0.943745,-0.308082,-0.120127],[0.221725,0.859083,-0.461318],[0.245323,0.408731,0.879065]],[[0.943745,-0.308082,-0.120127],[-0.222821,-0.324067,-0.919419],[0.244328,0.894464,-0.374484]],[[0.943745,-0.308082,-0.120127],[-0.329536,-0.846125,-0.418901],[0.0274135,0.434922,-0.900051]]],"btipPosition":[-20.0018,237.452,-5.33885],"carpPosition":[-7.17952,250.782,55.829],"dipPosition":[-19.4951,245.49,-21.973],"direction":[-0.244328,-0.894464,0.374484],"extended":false,"handId":349,"id":3493,"length":63.7298,"mcpPosition":[-1.95808,288.064,6.61587],"pipPosition":[-12.8001,270,-32.2345],"stabilizedTipPosition":[-23.2515,228.806,0.606091],"timeVisible":0.244045,"tipPosition":[-19.694,239.109,-8.06064],"tipVelocity":[97.0469,303.988,-287.465],"tool":false,"touchDistance":0.333333,"touchZone":"none","type":3,"width":17.881},{"bases":[[[0.863123,-0.487443,-0.131973],[0.45137,0.627468,0.634468],[-0.226458,-0.607192,0.7616]],[[0.824565,-0.565085,-0.0277571],[0.504735,0.756895,-0.415154],[0.255607,0.328312,0.909328]],[[0.824565,-0.565085,-0.0277571],[-0.200945,-0.246648,-0.948043],[0.528879,0.787301,-0.316928]],[[0.824565,-0.565085,-0.0277571],[-0.506766,-0.715873,-0.480326],[0.251555,0.410127,-0.87665]]],"btipPosition":[-6.71185,244.453,-3.37844],"carpPosition":[3.76041,243.333,51.0303],"dipPosition":[-2.42287,251.445,-18.3252],"direction":[-0.528879,-0.787301,0.316928],"extended":false,"handId":349,"id":3494,"length":49.963,"mcpPosition":[16.7492,278.16,7.34769],"pipPosition":[7.8092,266.677,-24.4567],"stabilizedTipPosition":[-7.99879,238.433,0.0978214],"timeVisible":0.244045,"tipPosition":[-5.66178,245.676,-5.55814],"tipVelocity":[94.7751,315.884,-285.269],"tool":false,"touchDistance":0.333333,"touchZone":"none","type":4,"width":15.8833}],"r":[[0.952237,0.00852169,0.305242],[-0.0775926,0.973553,0.214879],[-0.295338,-0.228301,0.927714]],"s":0.962324,"t":[39.8205,121.89,-91.23],"timestamp":15204123822},false],[3,{"currentFrameRate":108.171,"devices":[],"gestures":[],"hands":[{"armBasis":[[0.965234,0.0284246,-0.259839],[0.0824952,0.910137,0.406011],[0.24803,-0.413331,0.87615]],"armWidth":63.029,"confidence":0.748503,"direction":[-0.0214386,0.724521,-0.688919],"elbow":[55.1117,128.329,289.946],"grabStrength":0,"id":349,"palmNormal":[-0.0978554,-0.68729,-0.719762],"palmPosition":[-20.1955,274.873,16.7225],"palmVelocity":[58.8231,281.162,-239.192],"palmWidth":90.0033,"pinchStrength":0.626799,"r":[[0.949797,0.011923,0.31264],[-0.0830784,0.973011,0.215284],[-0.301635,-0.23045,0.925154]],"s":0.965767,"sphereCenter":[-26.3522,259.031,-28.308],"sphereRadius":46.4592,"stabilizedPalmPosition":[-21.4556,268.665,22.0388],"t":[40.2319,123.962,-92.8814],"timeVisible":0.253113,"type":"right","wrist":[-11.1301,238.718,55.9507]}],"id":1153640,"interactionBox":{"center":[0,200,0],"size":[235.247,235.247,147.751]},"pointables":[{"bases":[[[0.483714,0.73519,0.474886],[-0.748617,0.0664468,0.659665],[0.453424,-0.674597,0.582517]],[[0.248739,0.950437,0.186544],[-0.831503,0.110769,0.544365],[0.496722,-0.290516,0.817843]],[[0.248739,0.950437,0.186544],[-0.953334,0.206215,0.22052],[0.171122,-0.23269,0.957378]],[[0.248739,0.950437,0.186544],[-0.958072,0.269717,-0.0967019],[-0.142223,-0.154669,0.977676]]],"btipPosition":[-67.165,256.162,-42.2953],"carpPosition":[-40.16,230.39,53.0082],"dipPosition":[-70.4575,252.582,-19.6623],"direction":[-0.171122,0.23269,-0.957378],"extended":false,"handId":349,"id":3490,"length":51.5512,"mcpPosition":[-40.16,230.39,53.0082],"pipPosition":[-64.6862,244.734,12.6261],"stabilizedTipPosition":[-71.0684,246.583,-29.6],"timeVisible":0.253113,"tipPosition":[-68.1227,254.605,-37.5469],"tipVelocity":[105.411,297.696,-253.7],"tool":false,"touchDistance":0.114045,"touchZone":"hovering","type":0,"width":20.0304},{"bases":[[[0.977245,0.0704027,-0.200088],[0.0688563,0.78693,0.613188],[0.200625,-0.613012,0.764176]],[[0.98284,0.0519242,-0.177002],[0.0490213,0.851535,0.522002],[0.177828,-0.521721,0.834377]],[[0.98284,0.0519242,-0.177002],[-0.00121582,0.961366,0.275269],[0.184457,-0.270331,0.944932]],[[0.98284,0.0519242,-0.177002],[-0.0400677,0.996748,0.0699156],[0.180057,-0.0616238,0.981724]]],"btipPosition":[-60.1665,325.223,-71.2975],"carpPosition":[-30.5565,250.937,58.9543],"dipPosition":[-57.1234,324.181,-54.706],"direction":[-0.184457,0.270331,-0.944932],"extended":true,"handId":349,"id":3491,"length":58.1698,"mcpPosition":[-45.1563,295.547,3.34382],"pipPosition":[-52.7134,317.718,-32.1143],"stabilizedTipPosition":[-60.3678,320.115,-64.3609],"timeVisible":0.253113,"tipPosition":[-58.8592,323.065,-67.7893],"tipVelocity":[76.3816,361.74,-241.175],"tool":false,"touchDistance":0.219837,"touchZone":"hovering","type":1,"width":19.133},{"bases":[[[0.969213,-0.148256,-0.196588],[0.237468,0.773854,0.587161],[0.0650801,-0.615768,0.785235]],[[0.971152,-0.175589,-0.161347],[0.0959849,0.907219,-0.409562],[0.218292,0.38226,0.897901]],[[0.971152,-0.175589,-0.161347],[-0.208688,-0.298415,-0.931342],[0.115385,0.938146,-0.326449]],[[0.971152,-0.175589,-0.161347],[-0.229748,-0.870206,-0.43584],[-0.0638767,0.460336,-0.885444]]],"btipPosition":[-35.74,242.792,-14.2281],"carpPosition":[-18.7828,253.467,57.1307],"dipPosition":[-36.9273,251.349,-30.687],"direction":[-0.115385,-0.938146,0.326449],"extended":false,"handId":349,"id":3492,"length":66.2798,"mcpPosition":[-23.2741,295.962,2.94051],"pipPosition":[-33.6818,277.737,-39.8694],"stabilizedTipPosition":[-39.285,235.468,-9.04082],"timeVisible":0.253113,"tipPosition":[-35.8818,244.921,-17.209],"tipVelocity":[97.5191,272.157,-262.172],"tool":false,"touchDistance":0.333333,"touchZone":"none","type":2,"width":18.7912},{"bases":[[[0.947548,-0.295167,-0.122591],[0.308061,0.741261,0.596348],[-0.0851505,-0.602834,0.79331]],[[0.946576,-0.301647,-0.114033],[0.218167,0.859414,-0.462398],[0.237482,0.412816,0.879309]],[[0.946576,-0.301647,-0.114033],[-0.215071,-0.327025,-0.920217],[0.240289,0.89558,-0.374429]],[[0.946576,-0.301647,-0.114033],[-0.321051,-0.848217,-0.421253],[0.0303453,0.435358,-0.899746]]],"btipPosition":[-19.2689,239.384,-6.48746],"carpPosition":[-6.90422,252.863,54.6393],"dipPosition":[-18.7081,247.43,-23.116],"direction":[-0.240289,-0.89558,0.374429],"extended":false,"handId":349,"id":3493,"length":63.7298,"mcpPosition":[-1.62823,290.215,5.4852],"pipPosition":[-12.1238,271.971,-33.376],"stabilizedTipPosition":[-22.3579,231.507,-1.76689],"timeVisible":0.253113,"tipPosition":[-18.9559,241.096,-9.31883],"tipVelocity":[92.9411,278.925,-242.99],"tool":false,"touchDistance":0.333333,"touchZone":"none","type":3,"width":17.881},{"bases":[[[0.867312,-0.481348,-0.126787],[0.442948,0.630137,0.63775],[-0.227086,-0.609288,0.759737]],[[0.828201,-0.560003,-0.0219061],[0.503173,0.760228,-0.410938],[0.24678,0.329317,0.9114]],[[0.828201,-0.560003,-0.0219061],[-0.191885,-0.246624,-0.949925],[0.526558,0.790932,-0.311711]],[[0.828201,-0.560003,-0.0219061],[-0.498486,-0.718232,-0.485443],[0.256116,0.412964,-0.873994]]],"btipPosition":[-6.04287,246.58,-4.61507],"carpPosition":[4.11754,245.494,49.9056],"dipPosition":[-1.67612,253.621,-19.5166],"direction":[-0.526558,-0.790932,0.311711],"extended":false,"handId":349,"id":3494,"length":49.963,"mcpPosition":[17.1424,280.441,6.32978],"pipPosition":[8.51105,268.923,-25.5471],"stabilizedTipPosition":[-7.24093,240.933,-1.98617],"timeVisible":0.253113,"tipPosition":[-4.97383,247.826,-6.80944],"tipVelocity":[89.5166,293.758,-243.806],"tool":false,"touchDistance":0.333333,"touchZone":"none","type":4,"width":15.8833}],"r":[[0.949797,0.011923,0.31264],[-0.0830784,0.973011,0.215284],[-0.301635,-0.23045,0.925154]],"s":0.965767,"t":[40.2319,123.962,-92.8814],"timestamp":15204132890},false],[4,{"currentFrameRate":108.293,"devices":[],"gestures":[],"hands":[{"armBasis":[[0.965948,0.0394821,-0.255705],[0.0739172,0.904989,0.418964],[0.247952,-0.423598,0.871254]],"armWidth":63.029,"confidence":0.754096,"direction":[-0.0212721,0.722811,-0.690718],"elbow":[55.2689,127.371,287.478],"grabStrength":0,"id":349,"palmNormal":[-0.0876259,-0.689564,-0.718905],"palmPosition":[-19.9721,276.505,15.4119],"palmVelocity":[49.4652,253.646,-213.409],"palmWidth":90.0033,"pinchStrength":0.624685,"r":[[0.947291,0.0160951,0.319971],[-0.0891462,0.972537,0.215001],[-0.307723,-0.232193,0.92271]],"s":0.969528,"sphereCenter":[-26.4811,260.89,-29.4138],"sphereRadius":46.3898,"stabilizedPalmPosition":[-21.0741,270.681,20.3347],"t":[40.5494,125.814,-94.3624],"timeVisible":0.262126,"type":"right","wrist":[-10.9521,240.502,54.79]}],"id":1153641,"interactionBox":{"center":[0,200,0],"size":[235.247,235.247,147.751]},"pointables":[{"bases":[[[0.474982,0.739607,0.476837],[-0.754026,0.0626973,0.653845],[0.453692,-0.670112,0.587463]],[[0.241776,0.952038,0.18753],[-0.834305,0.105282,0.541156],[0.495458,-0.287296,0.819745]],[[0.241776,0.952038,0.18753],[-0.95662,0.201491,0.210425],[0.162548,-0.230271,0.959455]],[[0.241776,0.952038,0.18753],[-0.959256,0.263628,-0.101628],[-0.146192,-0.155318,0.976987]]],"btipPosition":[-66.4619,257.512,-43.8038],"carpPosition":[-39.9002,231.965,51.6477],"dipPosition":[-69.8462,253.916,-21.1867],"direction":[-0.162548,0.230271,-0.959455],"extended":false,"handId":349,"id":3490,"length":51.5512,"mcpPosition":[-39.9002,231.965,51.6477],"pipPosition":[-64.3641,246.15,11.1717],"stabilizedTipPosition":[-70.1585,248.984,-31.7398],"timeVisible":0.262126,"tipPosition":[-67.3833,255.945,-39.0631],"tipVelocity":[97.2358,256.911,-230.077],"tool":false,"touchDistance":0.101086,"touchZone":"hovering","type":0,"width":20.0304},{"bases":[[[0.978216,0.0767714,-0.192871],[0.0587406,0.788761,0.611887],[0.199105,-0.609887,0.767069]],[[0.983181,0.0604685,-0.172332],[0.0401139,0.849057,0.526776],[0.178173,-0.524829,0.832351]],[[0.983181,0.0604685,-0.172332],[-0.00820226,0.957266,0.289094],[0.182449,-0.282818,0.941662]],[[0.983181,0.0604685,-0.172332],[-0.0453102,0.994858,0.0905779],[0.176923,-0.0812461,0.980866]]],"btipPosition":[-59.8982,327.412,-72.6644],"carpPosition":[-30.4852,252.591,57.6191],"dipPosition":[-56.9082,326.039,-56.0875],"direction":[-0.182449,0.282818,-0.941662],"extended":true,"handId":349,"id":3491,"length":58.1698,"mcpPosition":[-44.9744,296.974,1.79807],"pipPosition":[-52.5461,319.277,-33.574],"stabilizedTipPosition":[-59.9421,322.683,-66.0126],"timeVisible":0.262126,"tipPosition":[-58.598,325.155,-69.2032],"tipVelocity":[63.1933,326.754,-216.669],"tool":false,"touchDistance":0.217805,"touchZone":"hovering","type":1,"width":19.133},{"bases":[[[0.97168,-0.141929,-0.188931],[0.227631,0.776803,0.587163],[0.0634264,-0.613541,0.787112]],[[0.973544,-0.169218,-0.153551],[0.0925375,0.906396,-0.412168],[0.208925,0.387055,0.898075]],[[0.973544,-0.169218,-0.153551],[-0.199544,-0.302184,-0.93213],[0.111332,0.93811,-0.327955]],[[0.973544,-0.169218,-0.153551],[-0.22046,-0.87229,-0.436471],[-0.0600828,0.458775,-0.886519]]],"btipPosition":[-35.0689,244.172,-15.5557],"carpPosition":[-18.716,255.2,55.8786],"dipPosition":[-36.1858,252.7,-32.0346],"direction":[-0.111332,-0.93811,0.327955],"extended":false,"handId":349,"id":3492,"length":66.2798,"mcpPosition":[-23.0932,297.541,1.55888],"pipPosition":[-33.0542,279.087,-41.2593],"stabilizedTipPosition":[-38.4968,237.592,-11.0923],"timeVisible":0.262126,"tipPosition":[-35.203,246.318,-18.582],"tipVelocity":[91.6725,239.244,-230.731],"tool":false,"touchDistance":0.333333,"touchZone":"none","type":2,"width":18.7912},{"bases":[[[0.950479,-0.288822,-0.114763],[0.298377,0.744724,0.596957],[-0.0869474,-0.601638,0.794023]],[[0.949477,-0.295352,-0.106116],[0.215748,0.859832,-0.462754],[0.227918,0.41648,0.880112]],[[0.949477,-0.295352,-0.106116],[-0.205671,-0.33019,-0.921235],[0.23705,0.896516,-0.374253]],[[0.949477,-0.295352,-0.106116],[-0.311942,-0.851061,-0.422359],[0.0344331,0.434122,-0.900196]]],"btipPosition":[-18.6324,240.956,-7.7247],"carpPosition":[-6.81498,254.673,53.4782],"dipPosition":[-17.996,248.979,-24.3616],"direction":[-0.23705,-0.896516,0.374253],"extended":false,"handId":349,"id":3493,"length":63.7298,"mcpPosition":[-1.42766,291.951,4.27994],"pipPosition":[-11.5005,273.545,-34.6167],"stabilizedTipPosition":[-21.5124,233.974,-3.90358],"timeVisible":0.262126,"tipPosition":[-18.3091,242.673,-10.5714],"tipVelocity":[87.3351,250.011,-213.985],"tool":false,"touchDistance":0.333333,"touchZone":"none","type":3,"width":17.881},{"bases":[[[0.871574,-0.475567,-0.119139],[0.433718,0.634637,0.639629],[-0.228577,-0.609157,0.759395]],[[0.831918,-0.55473,-0.0137039],[0.50164,0.762398,-0.408787],[0.237214,0.333203,0.912527]],[[0.831918,-0.55473,-0.0137039],[-0.182351,-0.249977,-0.950926],[0.524081,0.793591,-0.309116]],[[0.831918,-0.55473,-0.0137039],[-0.48977,-0.722441,-0.488062],[0.260842,0.412739,-0.872701]]],"btipPosition":[-5.47972,248.265,-5.76802],"carpPosition":[4.29327,247.371,48.8446],"dipPosition":[-1.03239,255.303,-20.6475],"direction":[-0.524081,-0.793591,0.309116],"extended":false,"handId":349,"id":3494,"length":49.963,"mcpPosition":[17.4036,282.31,5.28847],"pipPosition":[9.10685,270.656,-26.6279],"stabilizedTipPosition":[-6.52772,243.226,-3.83167],"timeVisible":0.262126,"tipPosition":[-4.39453,249.521,-7.97592],"tipVelocity":[82.6496,264.387,-211.792],"tool":false,"touchDistance":0.333333,"touchZone":"none","type":4,"width":15.8833}],"r":[[0.947291,0.0160951,0.319971],[-0.0891462,0.972537,0.215001],[-0.307723,-0.232193,0.92271]],"s":0.969528,"t":[40.5494,125.814,-94.3624],"timestamp":15204141903},false],[5,{"currentFrameRate":108.414,"devices":[],"gestures":[],"hands":[{"armBasis":[[0.966769,0.0442151,-0.2518],[0.0671424,0.906443,0.416957],[0.246678,-0.420007,0.873352]],"armWidth":63.029,"confidence":0.757011,"direction":[-0.0184233,0.724901,-0.688606],"elbow":[54.869,130.106,286.597],"grabStrength":0,"id":349,"palmNormal":[-0.0795402,-0.687603,-0.721717],"palmPosition":[-19.8508,278.373,14.0142],"palmVelocity":[39.5747,240.929,-197.41],"palmWidth":90.0033,"pinchStrength":0.616411,"r":[[0.944705,0.0198878,0.327317],[-0.0950235,0.971935,0.215203],[-0.313851,-0.234406,0.920082]],"s":0.973756,"sphereCenter":[-26.7527,263.207,-30.7196],"sphereRadius":46.3572,"stabilizedPalmPosition":[-20.7624,272.641,18.7245],"t":[40.7687,127.674,-95.8018],"timeVisible":0.271133,"type":"right","wrist":[-11.0119,242.278,53.3494]}],"id":1153642,"interactionBox":{"center":[0,200,0],"size":[235.247,235.247,147.751]},"pointables":[{"bases":[[[0.468602,0.739773,0.482855],[-0.759346,0.0579814,0.648099],[0.451449,-0.670354,0.588913]],[[0.238757,0.951376,0.194626],[-0.836005,0.0994074,0.539642],[0.494055,-0.291551,0.81909]],[[0.238757,0.951376,0.194626],[-0.958743,0.199096,0.202911],[0.154295,-0.235042,0.95966]],[[0.238757,0.951376,0.194626],[-0.960348,0.261041,-0.0979253],[-0.143969,-0.163528,0.975977]]],"btipPosition":[-66.1695,259.757,-45.4493],"carpPosition":[-39.9041,233.649,49.9534],"dipPosition":[-69.5024,255.971,-22.8556],"direction":[-0.154295,0.235042,-0.95966],"extended":false,"handId":349,"id":3490,"length":51.5512,"mcpPosition":[-39.9041,233.649,49.9534],"pipPosition":[-64.2987,248.044,9.50978],"stabilizedTipPosition":[-69.3953,251.329,-33.7558],"timeVisible":0.271133,"tipPosition":[-66.9427,258.113,-40.7253],"tipVelocity":[79.7971,253.475,-217.221],"tool":false,"touchDistance":0.0873586,"touchZone":"hovering","type":0,"width":20.0304},{"bases":[[[0.979419,0.0808257,-0.184947],[0.0511425,0.787034,0.614786],[0.19525,-0.611592,0.766703]],[[0.983622,0.0668407,-0.167393],[0.0337961,0.843835,0.535537],[0.177048,-0.532423,0.827756]],[[0.983622,0.0668407,-0.167393],[-0.0125097,0.951776,0.306539],[0.17981,-0.299425,0.937024]],[[0.983622,0.0668407,-0.167393],[-0.0479553,0.992273,0.114428],[0.173748,-0.104526,0.979227]]],"btipPosition":[-59.5774,330.348,-73.8602],"carpPosition":[-30.6094,254.29,56.0628],"dipPosition":[-56.641,328.581,-57.3109],"direction":[-0.17981,0.299425,-0.937024],"extended":true,"handId":349,"id":3491,"length":58.1698,"mcpPosition":[-44.8181,298.796,0.268438],"pipPosition":[-52.342,321.422,-34.9083],"stabilizedTipPosition":[-59.5528,325.399,-67.5252],"timeVisible":0.271133,"tipPosition":[-58.2748,328,-70.4535],"tipVelocity":[55.2418,323.76,-193.808],"tool":false,"touchDistance":0.22016,"touchZone":"hovering","type":1,"width":19.133},{"bases":[[[0.973628,-0.137908,-0.18174],[0.220263,0.77575,0.591351],[0.0594326,-0.615787,0.785668]],[[0.975313,-0.165344,-0.146376],[0.0919779,0.906786,-0.411436],[0.20076,0.387816,0.899608]],[[0.975313,-0.165344,-0.146376],[-0.191283,-0.30135,-0.93413],[0.110342,0.939068,-0.325538]],[[0.975313,-0.165344,-0.146376],[-0.213989,-0.871332,-0.441577],[-0.0545299,0.461999,-0.885203]]],"btipPosition":[-34.5997,245.949,-17.0774],"carpPosition":[-18.8363,256.945,54.4229],"dipPosition":[-35.6133,254.537,-33.5317],"direction":[-0.110342,-0.939068,0.325538],"extended":false,"handId":349,"id":3492,"length":66.2798,"mcpPosition":[-22.9378,299.441,0.202775],"pipPosition":[-32.5096,280.951,-42.6885],"stabilizedTipPosition":[-37.771,239.638,-13.0277],"timeVisible":0.271133,"tipPosition":[-34.7197,248.147,-20.1754],"tipVelocity":[81.5223,228.134,-213.581],"tool":false,"touchDistance":0.333333,"touchZone":"none","type":2,"width":18.7912},{"bases":[[[0.952369,-0.285107,-0.1082],[0.291044,0.743889,0.6016],[-0.091032,-0.604436,0.791436]],[[0.951306,-0.291761,-0.0994585],[0.216465,0.862032,-0.458306],[0.219452,0.41446,0.883212]],[[0.951306,-0.291761,-0.0994585],[-0.197007,-0.327324,-0.924147],[0.237074,0.898741,-0.368864]],[[0.951306,-0.291761,-0.0994585],[-0.305584,-0.850322,-0.428452],[0.0404337,0.437982,-0.898074]]],"btipPosition":[-18.2168,242.881,-9.25216],"carpPosition":[-6.91502,256.468,52.1143],"dipPosition":[-17.4695,250.975,-25.8498],"direction":[-0.237074,-0.898741,0.368864],"extended":false,"handId":349,"id":3493,"length":63.7298,"mcpPosition":[-1.27461,293.919,3.07635],"pipPosition":[-10.9733,275.602,-35.9573],"stabilizedTipPosition":[-20.7463,236.353,-5.92864],"timeVisible":0.271133,"tipPosition":[-17.8754,244.622,-12.1041],"tipVelocity":[76.795,240.539,-201.51],"tool":false,"touchDistance":0.333333,"touchZone":"none","type":3,"width":17.881},{"bases":[[[0.874164,-0.472115,-0.113777],[0.426435,0.634146,0.644989],[-0.232358,-0.612345,0.755674]],[[0.833666,-0.552207,-0.00825548],[0.502767,0.765042,-0.402413],[0.228531,0.331328,0.915421]],[[0.833666,-0.552207,-0.00825548],[-0.173491,-0.247669,-0.953185],[0.524311,0.79607,-0.302276]],[[0.833666,-0.552207,-0.00825548],[-0.4834,-0.722397,-0.494435],[0.267067,0.416185,-0.869175]]],"btipPosition":[-5.10793,250.256,-7.14758],"carpPosition":[4.25506,249.219,47.5453],"dipPosition":[-0.554464,257.351,-21.9669],"direction":[-0.524311,-0.79607,0.302276],"extended":false,"handId":349,"id":3494,"length":49.963,"mcpPosition":[17.5823,284.341,4.20259],"pipPosition":[9.58922,272.753,-27.815],"stabilizedTipPosition":[-5.88839,245.471,-5.57425],"timeVisible":0.271133,"tipPosition":[-4.00274,251.526,-9.36042],"tipVelocity":[72.0271,252.866,-195.262],"tool":false,"touchDistance":0.333333,"touchZone":"none","type":4,"width":15.8833}],"r":[[0.944705,0.0198878,0.327317],[-0.0950235,0.971935,0.215203],[-0.313851,-0.234406,0.920082]],"s":0.973756,"t":[40.7687,127.674,-95.8018],"timestamp":15204150910},false],[6,{"currentFrameRate":108.503,"devices":[],"gestures":[],"hands":[{"armBasis":[[0.967449,0.0553971,-0.24693],[0.0575477,0.902025,0.427831],[0.246437,-0.428114,0.869475]],"armWidth":63.029,"confidence":0.758737,"direction":[-0.0168876,0.723901,-0.689698],"elbow":[54.7939,129.788,284.086],"grabStrength":0,"id":349,"palmNormal":[-0.0680584,-0.689028,-0.721532],"palmPosition":[-19.737,280.11,12.4096],"palmVelocity":[32.1186,227.356,-191.828],"palmWidth":90.0033,"pinchStrength":0.603882,"r":[[0.941924,0.0242795,0.334948],[-0.101454,0.971354,0.214892],[-0.320136,-0.236393,0.917405]],"s":0.978387,"sphereCenter":[-26.7922,265.049,-32.254],"sphereRadius":46.388,"stabilizedPalmPosition":[-20.5042,274.522,17.1339],"t":[40.9353,129.472,-97.3237],"timeVisible":0.280189,"type":"right","wrist":[-11.0226,244.125,51.8734]}],"id":1153643,"interactionBox":{"center":[0,200,0],"size":[235.247,235.247,147.751]},"pointables":[{"bases":[[[0.458985,0.743557,0.486268],[-0.765786,0.0536008,0.640858],[0.45045,-0.666521,0.594007]],[[0.233236,0.951821,0.199093],[-0.836754,0.0921351,0.539772],[0.495423,-0.292486,0.817929]],[[0.233236,0.951821,0.199093],[-0.96142,0.195004,0.194023],[0.145852,-0.236665,0.960582]],[[0.233236,0.951821,0.199093],[-0.963173,0.254293,-0.0873711],[-0.13379,-0.171383,0.976078]]],"btipPosition":[-66.106,261.685,-47.1615],"carpPosition":[-39.8221,235.294,48.2173],"dipPosition":[-69.2032,257.718,-24.5655],"direction":[-0.145852,0.236665,-0.960582],"extended":false,"handId":349,"id":3490,"length":51.5512,"mcpPosition":[-39.8221,235.294,48.2173],"pipPosition":[-64.2842,249.736,7.83098],"stabilizedTipPosition":[-68.7886,253.553,-35.6885],"timeVisible":0.280189,"tipPosition":[-66.5867,259.939,-42.4564],"tipVelocity":[61.3599,241.004,-209.433],"tool":false,"touchDistance":0.0681941,"touchZone":"hovering","type":0,"width":20.0304},{"bases":[[[0.980542,0.0872829,-0.17584],[0.0399905,0.78813,0.614208],[0.192195,-0.609289,0.769304]],[[0.984009,0.0757157,-0.161224],[0.0233231,0.842587,0.538055],[0.176584,-0.533212,0.827347]],[[0.984009,0.0757157,-0.161224],[-0.0214661,0.948965,0.314649],[0.176819,-0.306156,0.935416]],[[0.984009,0.0757157,-0.161224],[-0.055409,0.990364,0.126924],[0.16928,-0.115961,0.978722]]],"btipPosition":[-59.3051,332.284,-75.6612],"carpPosition":[-30.7262,256.006,54.3867],"dipPosition":[-56.4443,330.324,-59.1205],"direction":[-0.176819,0.306156,-0.935416],"extended":true,"handId":349,"id":3491,"length":58.1698,"mcpPosition":[-44.7126,300.345,-1.59693],"pipPosition":[-52.2168,323.004,-36.7563],"stabilizedTipPosition":[-59.2138,327.807,-69.1465],"timeVisible":0.280189,"tipPosition":[-57.9812,329.953,-72.2705],"tipVelocity":[47.761,292.051,-195.267],"tool":false,"touchDistance":0.207635,"touchZone":"hovering","type":1,"width":19.133},{"bases":[[[0.976212,-0.131481,-0.172402],[0.209397,0.777972,0.592379],[0.0562373,-0.614388,0.786998]],[[0.977752,-0.158879,-0.136964],[0.0896917,0.90689,-0.411712],[0.189624,0.390268,0.900963]],[[0.977752,-0.158879,-0.136964],[-0.180318,-0.302982,-0.935782],[0.107179,0.939659,-0.32489]],[[0.977752,-0.158879,-0.136964],[-0.203954,-0.872674,-0.44367],[-0.0490348,0.461734,-0.885662]]],"btipPosition":[-33.9817,247.518,-18.8123],"carpPosition":[-18.9566,258.739,52.854],"dipPosition":[-34.8931,256.101,-35.2752],"direction":[-0.107179,-0.939659,0.32489],"extended":false,"handId":349,"id":3492,"length":66.2798,"mcpPosition":[-22.8376,301.139,-1.45782],"pipPosition":[-31.8784,282.532,-44.4137],"stabilizedTipPosition":[-37.0684,241.573,-14.9062],"timeVisible":0.280189,"tipPosition":[-34.0857,249.72,-21.9188],"tipVelocity":[78.5742,212.956,-207.567],"tool":false,"touchDistance":0.333333,"touchZone":"none","type":2,"width":18.7912},{"bases":[[[0.955266,-0.27873,-0.0988718],[0.280294,0.746608,0.603333],[-0.0943489,-0.604057,0.791336]],[[0.954159,-0.285426,-0.0900721],[0.213539,0.860064,-0.463347],[0.209719,0.422873,0.881588]],[[0.954159,-0.285426,-0.0900721],[-0.187105,-0.333945,-0.923836],[0.233607,0.898339,-0.372041]],[[0.954159,-0.285426,-0.0900721],[-0.295793,-0.853325,-0.429352],[0.0456875,0.436313,-0.898634]]],"btipPosition":[-17.6793,244.4,-10.5329],"carpPosition":[-7.01114,258.341,50.6582],"dipPosition":[-16.835,252.464,-27.1409],"direction":[-0.233607,-0.898339,0.372041],"extended":false,"handId":349,"id":3493,"length":63.7298,"mcpPosition":[-1.16521,295.769,1.62643],"pipPosition":[-10.4338,277.08,-37.3354],"stabilizedTipPosition":[-20.0143,238.575,-7.81941],"timeVisible":0.280189,"tipPosition":[-17.3218,246.224,-13.5547],"tipVelocity":[72.66,220.241,-184.997],"tool":false,"touchDistance":0.333333,"touchZone":"none","type":3,"width":17.881},{"bases":[[[0.878394,-0.466274,-0.104939],[0.416016,0.637847,0.648137],[-0.235275,-0.612976,0.754259]],[[0.837015,-0.547178,0.00124026],[0.502027,0.767042