{"sensorType":"Leap","data":[[0,{"currentFrameRate":108.102,"devices":[],"gestures":[],"hands":[{"armBasis":[[0.965932,0.0548141,-0.252926],[0.0625635,0.898866,0.433734],[0.251121,-0.434781,0.864814]],"armWidth":63.029,"confidence":0.72996,"direction":[-0.0942391,0.762842,-0.63968],"elbow":[58.0582,125.721,289.119],"grabStrength":0,"id":344,"palmNormal":[-0.109756,-0.646584,-0.754906],"palmPosition":[-21.9728,279.815,21.8484],"palmVelocity":[74.0789,174.037,-170.9],"palmWidth":90.0033,"pinchStrength":0.623838,"r":[[0.935993,-0.314833,0.15747],[0.308465,0.949079,0.0640167],[-0.169607,-0.0113452,0.985447]],"s":0.896235,"sphereCenter":[-25.7473,263.436,-25.8853],"sphereRadius":47.6405,"stabilizedPalmPosition":[-24.2196,274.543,27.0974],"t":[46.771,121.534,-94.2516],"timeVisible":0.388889,"type":"right","wrist":[-9.00933,241.839,58.1517]}],"id":1151395,"interactionBox":{"center":[0,200,0],"size":[235.247,235.247,147.751]},"pointables":[{"bases":[[[0.477944,0.727553,0.492175],[-0.710466,-0.00929977,0.70367],[0.516534,-0.685989,0.512457]],[[0.247185,0.932902,0.261902],[-0.766426,0.022862,0.641925],[0.592866,-0.359403,0.720652]],[[0.247185,0.932902,0.261902],[-0.949791,0.179767,0.256087],[0.191823,-0.312053,0.930498]],[[0.247185,0.932902,0.261902],[-0.96579,0.259077,-0.0113191],[-0.0784125,-0.250144,0.965028]]],"btipPosition":[-71.6928,266.384,-32.9736],"carpPosition":[-37.7652,232.323,56.3316],"dipPosition":[-73.5081,260.593,-10.6334],"direction":[-0.191823,0.312053,-0.930498],"extended":false,"handId":344,"id":3440,"length":51.5512,"mcpPosition":[-37.7652,232.323,56.3316],"pipPosition":[-67.0387,250.069,20.7485],"stabilizedTipPosition":[-75.9747,256.852,-19.1348],"timeVisible":0.388889,"tipPosition":[-71.6518,265.243,-27.8652],"tipVelocity":[78.8456,189.137,-197.19],"tool":false,"touchDistance":-0.353658,"touchZone":"hovering","type":0,"width":20.0304},{"bases":[[[0.959611,0.129002,-0.25001],[0.0701161,0.750961,0.656613],[0.272452,-0.647623,0.711585]],[[0.971325,0.0985107,-0.216388],[0.0155541,0.881846,0.471281],[0.237247,-0.461132,0.855027]],[[0.971325,0.0985107,-0.216388],[-0.0329218,0.957084,0.287934],[0.235466,-0.272553,0.932883]],[[0.971325,0.0985107,-0.216388],[-0.0680302,0.987228,0.144061],[0.227816,-0.125209,0.96562]]],"btipPosition":[-68.1346,328.268,-63.7342],"carpPosition":[-28.7458,252.91,63.0077],"dipPosition":[-64.2844,326.152,-47.4149],"direction":[-0.235466,0.272553,-0.932883],"extended":true,"handId":344,"id":3441,"length":58.1698,"mcpPosition":[-48.5727,300.039,11.2244],"pipPosition":[-58.6549,319.636,-25.1113],"stabilizedTipPosition":[-70.0005,322.101,-54.7516],"timeVisible":0.388889,"tipPosition":[-66.2609,327.111,-60.3646],"tipVelocity":[94.2337,199.15,-185.407],"tool":false,"touchDistance":-0.213902,"touchZone":"hovering","type":1,"width":19.133},{"bases":[[[0.96149,-0.0896033,-0.259822],[0.237305,0.747559,0.620357],[0.138646,-0.658124,0.740034]],[[0.966197,-0.115404,-0.230532],[0.0210565,0.926551,-0.375578],[0.256943,0.358028,0.897661]],[[0.966197,-0.115404,-0.230532],[-0.249463,-0.192895,-0.948978],[0.0650473,0.974409,-0.215163]],[[0.966197,-0.115404,-0.230532],[-0.230108,-0.789256,-0.56932],[-0.116247,0.603122,-0.789132]]],"btipPosition":[-38.7119,245.835,-12.4621],"carpPosition":[-17.2244,256.106,60.6864],"dipPosition":[-40.8727,257.046,-27.1307],"direction":[-0.0650473,-0.974409,0.215163],"extended":false,"handId":344,"id":3442,"length":66.2798,"mcpPosition":[-26.7926,301.525,9.61563],"pipPosition":[-39.0431,284.455,-33.1828],"stabilizedTipPosition":[-41.9643,244.699,-11.9656],"timeVisible":0.388889,"tipPosition":[-39.2158,248.359,-15.7296],"tipVelocity":[116.577,157.944,-163.697],"tool":false,"touchDistance":0.333333,"touchZone":"none","type":2,"width":18.7912},{"bases":[[[0.95077,-0.241573,-0.194109],[0.309691,0.717886,0.623483],[-0.011268,-0.652903,0.757358]],[[0.950798,-0.239727,-0.196248],[0.133204,0.88823,-0.439664],[0.279713,0.391891,0.87646]],[[0.950798,-0.239727,-0.196248],[-0.253025,-0.235334,-0.938401],[0.178777,0.941886,-0.284412]],[[0.950798,-0.239727,-0.196248],[-0.308696,-0.786742,-0.53455],[-0.0262505,0.56883,-0.822036]]],"btipPosition":[-21.5764,243.036,-5.17944],"carpPosition":[-5.49902,256.223,57.4965],"dipPosition":[-22.0615,253.548,-20.3718],"direction":[-0.178777,-0.941886,0.284412],"extended":false,"handId":344,"id":3443,"length":63.7298,"mcpPosition":[-4.80085,296.677,10.5701],"pipPosition":[-17.1628,279.357,-28.1652],"stabilizedTipPosition":[-23.6247,242.714,-6.31282],"timeVisible":0.388889,"tipPosition":[-21.6575,245.722,-9.06015],"tipVelocity":[110.109,162.507,-140.015],"tool":false,"touchDistance":0.333333,"touchZone":"none","type":3,"width":17.881},{"bases":[[[0.878749,-0.430788,-0.20548],[0.451581,0.611052,0.650147],[-0.154516,-0.664107,0.731496]],[[0.851327,-0.51319,-0.108986],[0.42771,0.799207,-0.422295],[0.30382,0.312897,0.899883]],[[0.851327,-0.51319,-0.108986],[-0.226363,-0.171901,-0.958754],[0.473289,0.840884,-0.262511]],[[0.851327,-0.51319,-0.108986],[-0.478115,-0.673391,-0.563871],[0.215983,0.532147,-0.81864]]],"btipPosition":[-9.06419,251.494,-2.69845],"carpPosition":[5.53871,249.688,51.6952],"dipPosition":[-5.38171,260.567,-16.6562],"direction":[-0.473289,-0.840884,0.262511],"extended":false,"handId":344,"id":3444,"length":49.963,"mcpPosition":[14.4012,287.779,9.73921],"pipPosition":[3.77487,276.835,-21.7349],"stabilizedTipPosition":[-9.81902,251.078,-3.9293],"timeVisible":0.388889,"tipPosition":[-8.08175,253.642,-6.01423],"tipVelocity":[100.984,165.933,-131.466],"tool":false,"touchDistance":0.333333,"touchZone":"none","type":4,"width":15.8833}],"r":[[0.935993,-0.314833,0.15747],[0.308465,0.949079,0.0640167],[-0.169607,-0.0113452,0.985447]],"s":0.896235,"t":[46.771,121.534,-94.2516],"timestamp":15183453211},false],[1,{"currentFrameRate":108.398,"devices":[],"gestures":[],"hands":[{"armBasis":[[0.966366,0.0611169,-0.249801],[0.0543613,0.900855,0.430704],[0.251358,-0.429797,0.867233]],"armWidth":63.029,"confidence":0.737766,"direction":[-0.0944375,0.760404,-0.642547],"elbow":[58.5431,128.007,289.144],"grabStrength":0,"id":344,"palmNormal":[-0.101003,-0.64942,-0.753693],"palmPosition":[-21.5311,280.588,21.03],"palmVelocity":[67.8819,151.347,-150.453],"palmWidth":90.0033,"pinchStrength":0.617328,"r":[[0.935602,-0.312518,0.164258],[0.305626,0.949838,0.0663421],[-0.176751,-0.0118683,0.984184]],"s":0.900876,"sphereCenter":[-25.432,264.199,-26.5013],"sphereRadius":47.5303,"stabilizedPalmPosition":[-24.2196,274.543,27.0974],"t":[47.3121,122.625,-95.382],"timeVisible":0.397579,"type":"right","wrist":[-8.58757,242.794,57.5304]}],"id":1151396,"interactionBox":{"center":[0,200,0],"size":[235.247,235.247,147.751]},"pointables":[{"bases":[[[0.470444,0.731764,0.493157],[-0.715037,-0.0113815,0.698994],[0.517111,-0.681463,0.517884]],[[0.240209,0.93499,0.260946],[-0.770156,0.0199291,0.637544],[0.590897,-0.354113,0.724875]],[[0.240209,0.93499,0.260946],[-0.952187,0.17467,0.250661],[0.188786,-0.308681,0.932243]],[[0.240209,0.93499,0.260946],[-0.967513,0.252439,-0.0138817],[-0.0788523,-0.249135,0.965253]]],"btipPosition":[-70.9928,266.768,-34.0289],"carpPosition":[-37.275,233.105,55.5489],"dipPosition":[-72.8182,261.001,-11.6834],"direction":[-0.188786,0.308681,-0.932243],"extended":false,"handId":344,"id":3440,"length":51.5512,"mcpPosition":[-37.275,233.105,55.5489],"pipPosition":[-66.4513,250.59,19.7573],"stabilizedTipPosition":[-75.2268,258.26,-20.7341],"timeVisible":0.397579,"tipPosition":[-70.924,265.603,-28.9322],"tipVelocity":[79.2293,150.675,-176.962],"tool":false,"touchDistance":-0.362436,"touchZone":"hovering","type":0,"width":20.0304},{"bases":[[[0.960478,0.133862,-0.244057],[0.0614082,0.753276,0.654832],[0.271499,-0.643938,0.715284]],[[0.971078,0.106573,-0.21366],[0.00687849,0.881998,0.471202],[0.238665,-0.459044,0.855756]],[[0.971078,0.106573,-0.21366],[-0.0412632,0.9563,0.289461],[0.235172,-0.272273,0.933039]],[[0.971078,0.106573,-0.21366],[-0.0759461,0.986251,0.146768],[0.226364,-0.126296,0.96582]]],"btipPosition":[-67.7678,328.777,-64.8259],"carpPosition":[-28.4197,253.764,62.2233],"dipPosition":[-63.9422,326.642,-48.5032],"direction":[-0.235172,0.272273,-0.933039],"extended":true,"handId":344,"id":3441,"length":58.1698,"mcpPosition":[-48.1772,300.625,10.1708],"pipPosition":[-58.3196,320.133,-26.1959],"stabilizedTipPosition":[-69.2798,323.533,-56.215],"timeVisible":0.397579,"tipPosition":[-65.8715,327.6,-61.4643],"tipVelocity":[80.195,161.55,-169.45],"tool":false,"touchDistance":-0.232084,"touchZone":"hovering","type":1,"width":19.133},{"bases":[[[0.963692,-0.084757,-0.253208],[0.22885,0.750742,0.619689],[0.137571,-0.655136,0.74288]],[[0.968369,-0.110536,-0.223705],[0.0174406,0.924319,-0.381223],[0.248913,0.365263,0.897009]],[[0.968369,-0.110536,-0.223705],[-0.242188,-0.20057,-0.949272],[0.0600601,0.973424,-0.220996]],[[0.968369,-0.110536,-0.223705],[-0.221483,-0.793681,-0.566583],[-0.114922,0.598208,-0.793057]]],"btipPosition":[-37.8168,246.318,-13.1083],"carpPosition":[-16.902,257.021,59.9686],"dipPosition":[-39.953,257.437,-27.8498],"direction":[-0.0600602,-0.973424,0.220996],"extended":false,"handId":344,"id":3442,"length":66.2798,"mcpPosition":[-26.396,302.233,8.70133],"pipPosition":[-38.2636,284.818,-34.066],"stabilizedTipPosition":[-41.056,245.737,-13.0919],"timeVisible":0.397579,"tipPosition":[-38.3246,248.863,-16.4637],"tipVelocity":[113.134,129.997,-140.401],"tool":false,"touchDistance":0.333333,"touchZone":"none","type":2,"width":18.7912},{"bases":[[[0.953421,-0.236593,-0.187117],[0.301386,0.721501,0.62338],[-0.0124824,-0.650738,0.7592]],[[0.953446,-0.235172,-0.188774],[0.131345,0.88733,-0.442034],[0.271459,0.396661,0.87691]],[[0.953446,-0.235172,-0.188774],[-0.245293,-0.240653,-0.939104],[0.175422,0.94169,-0.287136]],[[0.953446,-0.235172,-0.188774],[-0.300621,-0.790706,-0.533303],[-0.0238473,0.565225,-0.824592]]],"btipPosition":[-20.7465,243.736,-5.83231],"carpPosition":[-5.15664,257.196,56.8558],"dipPosition":[-21.1872,254.182,-21.0719],"direction":[-0.175422,-0.94169,0.287136],"extended":false,"handId":344,"id":3443,"length":63.7298,"mcpPosition":[-4.38321,297.516,9.8152],"pipPosition":[-16.3804,279.986,-28.9399],"stabilizedTipPosition":[-22.7467,243.797,-7.26914],"timeVisible":0.397579,"tipPosition":[-20.8166,246.397,-9.72956],"tipVelocity":[106.53,140.209,-123.055],"tool":false,"touchDistance":0.333333,"touchZone":"none","type":3,"width":17.881},{"bases":[[[0.882577,-0.426258,-0.198401],[0.443714,0.615574,0.651296],[-0.155489,-0.662852,0.732428]],[[0.855269,-0.507923,-0.102611],[0.423626,0.799393,-0.426041],[0.298423,0.320911,0.898866]],[[0.855269,-0.507923,-0.102611],[-0.222135,-0.180474,-0.958168],[0.468157,0.842284,-0.267181]],[[0.855269,-0.507923,-0.102611],[-0.471289,-0.680147,-0.561504],[0.215411,0.528596,-0.821087]]],"btipPosition":[-8.29229,252.196,-3.13263],"carpPosition":[5.957,250.709,51.1468],"dipPosition":[-4.61956,261.208,-17.1321],"direction":[-0.468157,-0.842284,0.267181],"extended":false,"handId":344,"id":3444,"length":49.963,"mcpPosition":[14.8753,288.728,9.13737],"pipPosition":[4.43774,277.504,-22.3011],"stabilizedTipPosition":[-9.00057,252.179,-4.76561],"timeVisible":0.397579,"tipPosition":[-7.31638,254.359,-6.52511],"tipVelocity":[97.6749,142.815,-110.038],"tool":false,"touchDistance":0.333333,"touchZone":"none","type":4,"width":15.8833}],"r":[[0.935602,-0.312518,0.164258],[0.305626,0.949838,0.0663421],[-0.176751,-0.0118683,0.984184]],"s":0.900876,"t":[47.3121,122.625,-95.382],"timestamp":15183461901},false],[2,{"currentFrameRate":108.469,"devices":[],"gestures":[],"hands":[{"armBasis":[[0.969163,0.0666222,-0.237242],[0.0440248,0.900456,0.432713],[0.242454,-0.429814,0.869756]],"armWidth":63.029,"confidence":0.739964,"direction":[-0.0924381,0.760461,-0.64277],"elbow":[56.497,128.929,289.284],"grabStrength":0,"id":344,"palmNormal":[-0.0887447,-0.649257,-0.755374],"palmPosition":[-21.0504,281.469,20.3971],"palmVelocity":[63.7273,136.279,-128.069],"palmWidth":90.0033,"pinchStrength":0.610408,"r":[[0.935283,-0.309499,0.171628],[0.301972,0.950814,0.0690281],[-0.18455,-0.012734,0.982741]],"s":0.904733,"sphereCenter":[-24.797,265.211,-27.073],"sphereRadius":47.4527,"stabilizedPalmPosition":[-23.7532,275.562,26.1113],"t":[47.823,123.611,-96.2637],"timeVisible":0.40667,"type":"right","wrist":[-8.25575,243.72,56.9967]}],"id":1151397,"interactionBox":{"center":[0,200,0],"size":[235.247,235.247,147.751]},"pointables":[{"bases":[[[0.460418,0.734248,0.498894],[-0.722396,-0.0167116,0.691278],[0.515907,-0.678676,0.522723]],[[0.23091,0.93649,0.263944],[-0.77639,0.0138442,0.6301],[0.586429,-0.35042,0.730279]],[[0.23091,0.93649,0.263944],[-0.955581,0.167212,0.242703],[0.183154,-0.308262,0.933504]],[[0.23091,0.93649,0.263944],[-0.969445,0.244532,-0.019504],[-0.0828081,-0.251375,0.964341]]],"btipPosition":[-70.0731,267.368,-35.1677],"carpPosition":[-36.8574,233.85,54.6983],"dipPosition":[-71.9901,261.549,-12.8434],"direction":[-0.183154,0.308262,-0.933504],"extended":false,"handId":344,"id":3440,"length":51.5512,"mcpPosition":[-36.8574,233.85,54.6983],"pipPosition":[-65.813,251.152,18.6398],"stabilizedTipPosition":[-74.4563,259.531,-22.2544],"timeVisible":0.40667,"tipPosition":[-69.9789,266.191,-30.0799],"tipVelocity":[84.6632,126.864,-162.795],"tool":false,"touchDistance":-0.371681,"touchZone":"hovering","type":0,"width":20.0304},{"bases":[[[0.962156,0.140284,-0.233615],[0.0495439,0.752962,0.656197],[0.267957,-0.642938,0.717516]],[[0.971651,0.115731,-0.206158],[-0.00428334,0.88047,0.474082],[0.236382,-0.459759,0.856005]],[[0.971651,0.115731,-0.206158],[-0.0515251,0.954695,0.293093],[0.230738,-0.274161,0.933593]],[[0.971651,0.115731,-0.206158],[-0.085302,0.984871,0.150838],[0.220496,-0.128976,0.966823]]],"btipPosition":[-66.9954,329.619,-65.7648],"carpPosition":[-28.2072,254.558,61.4876],"dipPosition":[-63.2689,327.439,-49.4252],"direction":[-0.230738,0.274161,-0.933593],"extended":true,"handId":344,"id":3441,"length":58.1698,"mcpPosition":[-47.707,301.346,9.27268],"pipPosition":[-57.7524,320.884,-27.1046],"stabilizedTipPosition":[-68.5498,324.831,-57.5608],"timeVisible":0.40667,"tipPosition":[-65.0985,328.443,-62.3982],"tipVelocity":[80.8211,142.146,-151.006],"tool":false,"touchDistance":-0.247667,"touchZone":"hovering","type":1,"width":19.133},{"bases":[[[0.966874,-0.0782996,-0.242948],[0.217366,0.75154,0.622848],[0.133816,-0.655024,0.743664]],[[0.971413,-0.104164,-0.213324],[0.0149361,0.923633,-0.382986],[0.236926,0.368851,0.898785]],[[0.971413,-0.104164,-0.213324],[-0.230838,-0.204689,-0.951218],[0.0554174,0.973269,-0.222883]],[[0.971413,-0.104164,-0.213324],[-0.209997,-0.796126,-0.567524],[-0.110717,0.596098,-0.795241]]],"btipPosition":[-36.7189,247.053,-13.7623],"carpPosition":[-16.6871,257.891,59.3597],"dipPosition":[-38.7769,258.133,-28.5444],"direction":[-0.0554174,-0.973269,0.222883],"extended":false,"handId":344,"id":3442,"length":66.2798,"mcpPosition":[-25.922,303.095,8.03836],"pipPosition":[-37.2181,285.509,-34.8137],"stabilizedTipPosition":[-40.0457,246.747,-14.1561],"timeVisible":0.40667,"tipPosition":[-37.2181,249.624,-17.1953],"tipVelocity":[115.796,116.115,-121.725],"tool":false,"touchDistance":0.333333,"touchZone":"none","type":2,"width":18.7912},{"bases":[[[0.956872,-0.230268,-0.177121],[0.290044,0.722762,0.627288],[-0.0164284,-0.651607,0.758379]],[[0.956891,-0.229485,-0.178033],[0.131972,0.889566,-0.437327],[0.258732,0.394979,0.881504]],[[0.956891,-0.229485,-0.178033],[-0.232665,-0.238733,-0.942801],[0.173856,0.94358,-0.281835]],[[0.956891,-0.229485,-0.178033],[-0.289934,-0.791091,-0.538622],[-0.0172348,0.56702,-0.823524]]],"btipPosition":[-19.7727,244.728,-6.63213],"carpPosition":[-4.91049,258.145,56.3731],"dipPosition":[-20.0912,255.208,-21.852],"direction":[-0.173856,-0.94358,0.281835],"extended":false,"handId":344,"id":3443,"length":63.7298,"mcpPosition":[-3.89257,298.519,9.38344],"pipPosition":[-15.3272,281.063,-29.5747],"stabilizedTipPosition":[-21.7861,244.903,-8.21741],"timeVisible":0.40667,"tipPosition":[-19.803,247.354,-10.45],"tipVelocity":[107.549,131.839,-113.203],"tool":false,"touchDistance":0.333333,"touchZone":"none","type":3,"width":17.881},{"bases":[[[0.887375,-0.420372,-0.189351],[0.432743,0.617722,0.656623],[-0.159059,-0.664611,0.730063]],[[0.859429,-0.502623,-0.0935557],[0.423667,0.80259,-0.419947],[0.286162,0.321278,0.902713]],[[0.859429,-0.502623,-0.0935557],[-0.210115,-0.180418,-0.960886],[0.466084,0.84547,-0.260665]],[[0.859429,-0.502623,-0.0935557],[-0.46084,-0.682359,-0.567461],[0.22138,0.530807,-0.818068]]],"btipPosition":[-7.37221,253.211,-3.67873],"carpPosition":[6.30515,251.736,50.7772],"dipPosition":[-3.5977,262.261,-17.6267],"direction":[-0.466084,-0.84547,0.260665],"extended":false,"handId":344,"id":3444,"length":49.963,"mcpPosition":[15.4282,289.855,8.90339],"pipPosition":[5.41949,278.618,-22.6697],"stabilizedTipPosition":[-8.08283,253.324,-5.54537],"timeVisible":0.40667,"tipPosition":[-6.37498,255.373,-7.04284],"tipVelocity":[99.3663,134.457,-95.8399],"tool":false,"touchDistance":0.333333,"touchZone":"none","type":4,"width":15.8833}],"r":[[0.935283,-0.309499,0.171628],[0.301972,0.950814,0.0690281],[-0.18455,-0.012734,0.982741]],"s":0.904733,"t":[47.823,123.611,-96.2637],"timestamp":15183470992},false],[3,{"currentFrameRate":108.572,"devices":[],"gestures":[],"hands":[{"armBasis":[[0.969526,0.0772752,-0.232482],[0.0324118,0.900151,0.434371],[0.242835,-0.428669,0.870215]],"armWidth":63.029,"confidence":0.744297,"direction":[-0.0921826,0.761304,-0.641809],"elbow":[56.7947,130.68,288.377],"grabStrength":0,"id":344,"palmNormal":[-0.0760778,-0.648054,-0.757785],"palmPosition":[-20.7948,282.902,19.3339],"palmVelocity":[53.9841,142.479,-125.244],"palmWidth":90.0033,"pinchStrength":0.608561,"r":[[0.935116,-0.305676,0.17922],[0.297365,0.952029,0.0722109],[-0.192696,-0.0142317,0.981155]],"s":0.90859,"sphereCenter":[-24.5794,266.909,-27.9788],"sphereRadius":47.3238,"stabilizedPalmPosition":[-23.0301,277.356,24.4547],"t":[48.2063,124.821,-97.2361],"timeVisible":0.415695,"type":"right","wrist":[-8.05976,245.166,55.9667]}],"id":1151398,"interactionBox":{"center":[0,200,0],"size":[235.247,235.247,147.751]},"pointables":[{"bases":[[[0.449571,0.736654,0.5052],[-0.729026,-0.0242134,0.684057],[0.516146,-0.675837,0.526154]],[[0.220273,0.937913,0.267953],[-0.782427,0.0058528,0.622715],[0.582485,-0.346821,0.735138]],[[0.220273,0.937913,0.267953],[-0.959214,0.158383,0.234144],[0.177168,-0.3086,0.934547]],[[0.220273,0.937913,0.267953],[-0.971176,0.236526,-0.0295478],[-0.0910912,-0.25372,0.962979]]],"btipPosition":[-69.1846,268.479,-36.7479],"carpPosition":[-36.5572,235.073,53.3617],"dipPosition":[-71.2933,262.605,-14.4551],"direction":[-0.177168,0.3086,-0.934547],"extended":false,"handId":344,"id":3440,"length":51.5512,"mcpPosition":[-36.5572,235.073,53.3617],"pipPosition":[-65.3182,252.197,17.0633],"stabilizedTipPosition":[-73.7137,260.709,-23.7075],"timeVisible":0.415695,"tipPosition":[-69.1431,267.311,-31.6597],"tipVelocity":[87.1129,125.439,-166.4],"tool":false,"touchDistance":-0.386658,"touchZone":"hovering","type":0,"width":20.0304},{"bases":[[[0.963259,0.148553,-0.223748],[0.0370278,0.75169,0.658477],[0.266008,-0.642569,0.718572]],[[0.971725,0.12668,-0.199255],[-0.0162735,0.877815,0.478724],[0.235553,-0.461945,0.855056]],[[0.971725,0.12668,-0.199255],[-0.0626515,0.951975,0.299697],[0.227651,-0.278739,0.932995]],[[0.971725,0.12668,-0.199255],[-0.0955565,0.982684,0.158749],[0.215915,-0.13522,0.967004]]],"btipPosition":[-66.6007,331.174,-66.9913],"carpPosition":[-28.1408,255.833,60.2864],"dipPosition":[-62.9516,328.889,-50.6486],"direction":[-0.227651,0.278739,-0.932995],"extended":true,"handId":344,"id":3441,"length":58.1698,"mcpPosition":[-47.4987,302.594,7.9946],"pipPosition":[-57.5089,322.225,-28.3423],"stabilizedTipPosition":[-67.9197,326.145,-58.8424],"timeVisible":0.415695,"tipPosition":[-64.7034,329.954,-63.6324],"tipVelocity":[70.0713,149.711,-146.827],"tool":false,"touchDistance":-0.268097,"touchZone":"hovering","type":1,"width":19.133},{"bases":[[[0.969821,-0.0699622,-0.233564],[0.205176,0.751693,0.626786],[0.131717,-0.655792,0.743362]],[[0.974286,-0.095941,-0.203869],[0.0110139,0.924012,-0.382206],[0.225047,0.370132,0.901308]],[[0.974286,-0.095941,-0.203869],[-0.219842,-0.206547,-0.953419],[0.0493635,0.973722,-0.222327]],[[0.974286,-0.095941,-0.203869],[-0.197774,-0.797641,-0.569785],[-0.107949,0.595453,-0.796105]]],"btipPosition":[-35.829,248.415,-14.9405],"carpPosition":[-16.6274,259.263,58.2805],"dipPosition":[-37.8356,259.484,-29.7386],"direction":[-0.0493635,-0.973722,0.222327],"extended":false,"handId":344,"id":3442,"length":66.2798,"mcpPosition":[-25.7174,304.52,6.98003],"pipPosition":[-36.4471,286.873,-35.9923],"stabilizedTipPosition":[-39.0587,247.855,-15.2569],"timeVisible":0.415695,"tipPosition":[-36.3219,250.999,-18.4193],"tipVelocity":[111.424,125.627,-124.266],"tool":false,"touchDistance":0.333333,"touchZone":"none","type":2,"width":18.7912},{"bases":[[[0.960389,-0.22217,-0.168207],[0.278036,0.723485,0.631874],[-0.0186887,-0.653613,0.756598]],[[0.960382,-0.222413,-0.167926],[0.126144,0.884225,-0.449704],[0.248504,0.410704,0.87725]],[[0.960382,-0.222413,-0.167926],[-0.224424,-0.259974,-0.939174],[0.165228,0.939652,-0.299589]],[[0.960382,-0.222413,-0.167926],[-0.278143,-0.802588,-0.52772],[-0.0174036,0.553521,-0.832654]]],"btipPosition":[-18.8548,245.988,-6.64053],"carpPosition":[-4.82425,259.618,55.4112],"dipPosition":[-19.1765,256.217,-22.0291],"direction":[-0.165228,-0.939652,0.299589],"extended":false,"handId":344,"id":3443,"length":63.7298,"mcpPosition":[-3.66628,300.117,8.53181],"pipPosition":[-14.6489,281.965,-30.2383],"stabilizedTipPosition":[-20.7872,246.105,-8.90348],"timeVisible":0.415695,"tipPosition":[-18.9166,248.661,-10.8158],"tipVelocity":[105.917,132.21,-83.486],"tool":false,"touchDistance":0.333333,"touchZone":"none","type":3,"width":17.881},{"bases":[[[0.892541,-0.412792,-0.181584],[0.421276,0.619516,0.662365],[-0.160924,-0.667685,0.726843]],[[0.863376,-0.497562,-0.0837489],[0.426665,0.808559,-0.405204],[0.26933,0.314111,0.910382]],[[0.863376,-0.497562,-0.0837489],[-0.192839,-0.172016,-0.966035],[0.466256,0.850202,-0.244464]],[[0.863376,-0.497562,-0.0837489],[-0.448507,-0.680779,-0.579121],[0.231134,0.537562,-0.810928]]],"btipPosition":[-6.65419,255.008,-5.06365],"carpPosition":[6.4971,253.312,49.9109],"dipPosition":[-2.71338,264.174,-18.8899],"direction":[-0.466256,-0.850202,0.244464],"extended":false,"handId":344,"id":3444,"length":49.963,"mcpPosition":[15.7271,291.608,8.22187],"pipPosition":[6.30713,280.622,-23.6195],"stabilizedTipPosition":[-7.21946,254.726,-6.54306],"timeVisible":0.415695,"tipPosition":[-5.63014,257.12,-8.24488],"tipVelocity":[95.0811,153.066,-110.843],"tool":false,"touchDistance":0.333333,"touchZone":"none","type":4,"width":15.8833}],"r":[[0.935116,-0.305676,0.17922],[0.297365,0.952029,0.0722109],[-0.192696,-0.0142317,0.981155]],"s":0.90859,"t":[48.2063,124.821,-97.2361],"timestamp":15183480017},false],[4,{"currentFrameRate":108.715,"devices":[],"gestures":[],"hands":[{"armBasis":[[0.970533,0.088933,-0.223959],[0.0195471,0.897286,0.441016],[0.240176,-0.432399,0.869107]],"armWidth":63.029,"confidence":0.615324,"direction":[-0.0953692,0.760574,-0.642209],"elbow":[56.2245,131.173,287.152],"grabStrength":0,"id":344,"palmNormal":[-0.0625976,-0.648455,-0.758675],"palmPosition":[-20.7722,284.267,18.3183],"palmVelocity":[39.9329,145.241,-122.059],"palmWidth":90.0033,"pinchStrength":0.609632,"r":[[0.935291,-0.300555,0.18681],[0.291408,0.95363,0.075302],[-0.20078,-0.0159914,0.979506]],"s":0.91176,"sphereCenter":[-24.4516,268.388,-28.8793],"sphereRadius":47.2258,"stabilizedPalmPosition":[-22.4847,279.025,22.9726],"t":[48.4093,126.108,-98.2301],"timeVisible":0.424636,"type":"right","wrist":[-7.91975,246.655,55.0382]}],"id":1151399,"interactionBox":{"center":[0,200,0],"size":[235.247,235.247,147.751]},"pointables":[{"bases":[[[0.43715,0.741347,0.50922],[-0.734326,-0.032704,0.678008],[0.519293,-0.670325,0.530094]],[[0.207098,0.940422,0.269662],[-0.787254,-0.00344517,0.616619],[0.580811,-0.339993,0.739637]],[[0.207098,0.940422,0.269662],[-0.962917,0.147222,0.226089],[0.172918,-0.306485,0.936038]],[[0.207098,0.940422,0.269662],[-0.973346,0.225825,-0.0400218],[-0.0985337,-0.254186,0.962123]]],"btipPosition":[-68.5096,269.254,-38.1686],"carpPosition":[-36.2805,236.246,52.1936],"dipPosition":[-70.7906,263.37,-15.8956],"direction":[-0.172918,0.306485,-0.936038],"extended":false,"handId":344,"id":3440,"length":51.5512,"mcpPosition":[-36.2805,236.246,52.1936],"pipPosition":[-64.9588,253.034,15.6731],"stabilizedTipPosition":[-73.0364,261.75,-25.0591],"timeVisible":0.424636,"tipPosition":[-68.535,268.111,-33.0781],"tipVelocity":[82.7305,114.802,-164.491],"tool":false,"touchDistance":-0.397704,"touchZone":"hovering","type":0,"width":20.0304},{"bases":[[[0.963356,0.159399,-0.215727],[0.0232147,0.751702,0.659094],[0.267221,-0.63995,0.720456]],[[0.971066,0.139782,-0.193626],[-0.0302903,0.876341,0.480737],[0.236881,-0.460963,0.85522]],[[0.971066,0.139782,-0.193626],[-0.0762186,0.9498,0.30343],[0.22632,-0.279893,0.932973]],[[0.971066,0.139782,-0.193626],[-0.108498,0.980522,0.163723],[0.21274,-0.137978,0.967318]]],"btipPosition":[-66.6725,332.278,-68.2298],"carpPosition":[-28.1534,257.095,59.1968],"dipPosition":[-63.0771,329.946,-51.8818],"direction":[-0.22632,0.279893,-0.932973],"extended":true,"handId":344,"id":3441,"length":58.1698,"mcpPosition":[-47.5996,303.665,6.7679],"pipPosition":[-57.6662,323.254,-29.576],"stabilizedTipPosition":[-67.4734,327.35,-60.0532],"timeVisible":0.424636,"tipPosition":[-64.778,331.049,-64.8689],"tipVelocity":[48.3687,142.222,-144.52],"tool":false,"touchDistance":-0.288179,"touchZone":"hovering","type":1,"width":19.133},{"bases":[[[0.972434,-0.0590243,-0.225585],[0.191608,0.753596,0.628792],[0.132886,-0.654683,0.744132]],[[0.976946,-0.0849894,-0.195841],[0.00391616,0.924322,-0.381594],[0.213452,0.372029,0.903345]],[[0.976946,-0.0849894,-0.195841],[-0.209635,-0.208427,-0.955307],[0.0403724,0.974338,-0.221439]],[[0.976946,-0.0849894,-0.195841],[-0.184163,-0.799505,-0.57173],[-0.107985,0.594616,-0.796725]]],"btipPosition":[-35.1387,249.638,-16.0972],"carpPosition":[-16.6628,260.654,57.2875],"dipPosition":[-37.1459,260.691,-30.9069],"direction":[-0.0403724,-0.974338,0.221439],"extended":false,"handId":344,"id":3442,"length":66.2798,"mcpPosition":[-25.8334,305.835,5.93393],"pipPosition":[-36.0103,288.097,-37.1355],"stabilizedTipPosition":[-38.155,248.985,-16.3665],"timeVisible":0.424636,"tipPosition":[-35.6309,252.215,-19.577],"tipVelocity":[102.076,128.551,-125.741],"tool":false,"touchDistance":0.333333,"touchZone":"none","type":2,"width":18.7912},{"bases":[[[0.96416,-0.211363,-0.160376],[0.264733,0.726199,0.634469],[-0.0176385,-0.654187,0.756127]],[[0.964147,-0.211838,-0.159827],[0.11962,0.884565,-0.450818],[0.236878,0.415536,0.878191]],[[0.964147,-0.211838,-0.159827],[-0.21424,-0.265965,-0.939874],[0.156592,0.940419,-0.301813]],[[0.964147,-0.211838,-0.159827],[-0.264797,-0.807475,-0.52713],[-0.0173905,0.550553,-0.834619]]],"btipPosition":[-18.1865,247.368,-7.45099],"carpPosition":[-4.8411,261.143,54.5158],"dipPosition":[-18.5079,257.543,-22.8759],"direction":[-0.156592,-0.940419,0.301813],"extended":false,"handId":344,"id":3443,"length":63.7298,"mcpPosition":[-3.7482,301.677,7.66563],"pipPosition":[-14.217,283.312,-31.1461],"stabilizedTipPosition":[-19.8674,247.417,-9.6662],"timeVisible":0.424636,"tipPosition":[-18.254,250.018,-11.6542],"tipVelocity":[97.4075,137.877,-85.6959],"tool":false,"touchDistance":0.333333,"touchZone":"none","type":3,"width":17.881},{"bases":[[[0.898555,-0.402722,-0.174398],[0.408867,0.623816,0.666094],[-0.159458,-0.669827,0.725193]],[[0.869261,-0.488457,-0.0761234],[0.420677,0.811765,-0.405054],[0.259646,0.320074,0.911118]],[[0.869261,-0.488457,-0.0761234],[-0.184493,-0.17768,-0.96664],[0.458636,0.854307,-0.244567]],[[0.869261,-0.488457,-0.0761234],[-0.436919,-0.687068,-0.580551],[0.231272,0.53791,-0.810657]]],"btipPosition":[-6.1568,256.491,-5.80196],"carpPosition":[6.59481,254.966,49.1064],"dipPosition":[-2.21363,265.662,-19.6236],"direction":[-0.458636,-0.854307,0.244567],"extended":false,"handId":344,"id":3444,"length":49.963,"mcpPosition":[15.7408,293.385,7.51192],"pipPosition":[6.65946,282.19,-24.3551],"stabilizedTipPosition":[-6.48161,256.178,-7.45634],"timeVisible":0.424636,"tipPosition":[-5.12352,258.632,-9.04226],"tipVelocity":[84.3257,156.598,-103.092],"tool":false,"touchDistance":0.333333,"touchZone":"none","type":4,"width":15.8833}],"r":[[0.935291,-0.300555,0.18681],[0.291408,0.95363,0.075302],[-0.20078,-0.0159914,0.979506]],"s":0.91176,"t":[48.4093,126.108,-98.2301],"timestamp":15183488958},false],[5,{"currentFrameRate":108.803,"devices":[],"gestures":[],"hands":[{"armBasis":[[0.971408,0.0907677,-0.219379],[0.0153101,0.898158,0.439405],[0.236921,-0.430201,0.871089]],"armWidth":63.029,"confidence":0.623312,"direction":[-0.0953569,0.760982,-0.641727],"elbow":[55.5881,132.639,286.793],"grabStrength":0,"id":344,"palmNormal":[-0.0583276,-0.647829,-0.75955],"palmPosition":[-20.5223,285.149,17.4263],"palmVelocity":[36.5528,132.14,-115.641],"palmWidth":90.0033,"pinchStrength":0.600043,"r":[[0.935401,-0.295986,0.193436],[0.286041,0.955027,0.0781253],[-0.207861,-0.0177479,0.977997]],"s":0.914918,"sphereCenter":[-24.6216,269.496,-29.5667],"sphereRadius":47.088,"stabilizedPalmPosition":[-22.0129,280.498,21.6392],"t":[48.6357,127.192,-99.1731],"timeVisible":0.433669,"type":"right","wrist":[-7.68683,247.534,54.149]}],"id":1151400,"interactionBox":{"center":[0,200,0],"size":[235.247,235.247,147.751]},"pointables":[{"bases":[[[0.433438,0.742011,0.511421],[-0.736451,-0.0354322,0.675563],[0.519395,-0.669451,0.531097]],[[0.202528,0.941276,0.27015],[-0.787934,-0.00717919,0.615718],[0.5815,-0.337561,0.74021]],[[0.202528,0.941276,0.27015],[-0.96453,0.144044,0.221206],[0.169303,-0.305369,0.937063]],[[0.202528,0.941276,0.27015],[-0.97351,0.223417,-0.0486196],[-0.106121,-0.253147,0.96159]]],"btipPosition":[-67.9749,269.877,-39.2121],"carpPosition":[-36.0094,237.05,51.2006],"dipPosition":[-70.4316,264.017,-16.9515],"direction":[-0.169303,0.305369,-0.937063],"extended":false,"handId":344,"id":3440,"length":51.5512,"mcpPosition":[-36.0094,237.05,51.2006],"pipPosition":[-64.7217,253.718,14.6518],"stabilizedTipPosition":[-72.4198,262.68,-26.2978],"timeVisible":0.433669,"tipPosition":[-68.0831,268.789,-34.1263],"tipVelocity":[75.0155,102.333,-151.09],"tool":false,"touchDistance":-0.401962,"touchZone":"hovering","type":0,"width":20.0304},{"bases":[[[0.963615,0.162271,-0.212401],[0.0189873,0.751072,0.659948],[0.266619,-0.639968,0.720663]],[[0.970486,0.144869,-0.192794],[-0.0343359,0.874317,0.484139],[0.2387,-0.46323,0.853487]],[[0.970486,0.144869,-0.192794],[-0.0799195,0.947483,0.309658],[0.227529,-0.285111,0.931098]],[[0.970486,0.144869,-0.192794],[-0.111931,0.978719,0.17199],[0.213607,-0.145334,0.966049]]],"btipPosition":[-66.5587,333.444,-69.0496],"carpPosition":[-27.9626,257.914,58.252],"dipPosition":[-62.9487,330.988,-52.7231],"direction":[-0.227529,0.285111,-0.931098],"extended":true,"handId":344,"id":3441,"length":58.1698,"mcpPosition":[-47.365,304.486,5.8081],"pipPosition":[-57.5089,324.171,-30.4621],"stabilizedTipPosition":[-67.1025,328.525,-61.1674],"timeVisible":0.433669,"tipPosition":[-64.6645,332.149,-65.7071],"tipVelocity":[38.6166,137.732,-129.864],"tool":false,"touchDistance":-0.300066,"touchZone":"touching","type":1,"width":19.133},{"bases":[[[0.973326,-0.0561156,-0.222456],[0.187473,0.75346,0.6302],[0.132248,-0.655095,0.743883]],[[0.977844,-0.0823184,-0.192472],[0.000258624,0.919913,-0.392123],[0.209337,0.383385,0.899552]],[[0.977844,-0.0823184,-0.192472],[-0.206309,-0.223139,-0.952704],[0.0354771,0.971305,-0.235178]],[[0.977844,-0.0823184,-0.192472],[-0.178783,-0.806692,-0.56328],[-0.108898,0.58521,-0.803536]]],"btipPosition":[-34.5567,250.238,-16.2894],"carpPosition":[-16.4757,261.507,56.3842],"dipPosition":[-36.5809,261.116,-31.2257],"direction":[-0.0354771,-0.971305,0.235178],"extended":false,"handId":344,"id":3442,"length":66.2798,"mcpPosition":[-25.6023,306.716,5.04776],"pipPosition":[-35.583,288.437,-37.8408],"stabilizedTipPosition":[-37.3057,250.003,-17.277],"timeVisible":0.433669,"tipPosition":[-35.0877,252.897,-20.046],"tipVelocity":[91.5881,110.213,-97.8577],"tool":false,"touchDistance":0.333333,"touchZone":"none","type":2,"width":18.7912},{"bases":[[[0.965258,-0.208545,-0.157433],[0.260654,0.726258,0.636088],[-0.0183157,-0.655025,0.755385]],[[0.965243,-0.209097,-0.156796],[0.119114,0.885957,-0.448209],[0.232634,0.413954,0.88007]],[[0.965243,-0.209097,-0.156796],[-0.210216,-0.264666,-0.941149],[0.155293,0.941398,-0.299423]],[[0.965243,-0.209097,-0.156796],[-0.260864,-0.807557,-0.528963],[-0.0160167,0.55148,-0.834034]]],"btipPosition":[-17.752,248.334,-8.42848],"carpPosition":[-4.64635,262.031,53.6518],"dipPosition":[-18.048,258.526,-23.8426],"direction":[-0.155293,-0.941398,0.299423],"extended":false,"handId":344,"id":3443,"length":63.7298,"mcpPosition":[-3.5115,302.617,6.84755],"pipPosition":[-13.7928,284.322,-32.0472],"stabilizedTipPosition":[-19.1031,248.634,-10.5276],"timeVisible":0.433669,"tipPosition":[-17.8122,250.958,-12.5836],"tipVelocity":[84.0041,129.481,-91.8222],"tool":false,"touchDistance":0.333333,"touchZone":"none","type":3,"width":17.881},{"bases":[[[0.900226,-0.400068,-0.171869],[0.404965,0.624239,0.668079],[-0.15999,-0.671023,0.723969]],[[0.870576,-0.48658,-0.0730614],[0.420224,0.812517,-0.404016],[0.25595,0.321024,0.91183]],[[0.870576,-0.48658,-0.0730614],[-0.181303,-0.17919,-0.966964],[0.457414,0.855062,-0.244217]],[[0.870576,-0.48658,-0.0730614],[-0.433685,-0.688691,-0.581052],[0.232412,0.537535,-0.81058]]],"btipPosition":[-5.76347,257.444,-6.59772],"carpPosition":[6.82417,255.892,48.2734],"dipPosition":[-1.80088,266.608,-20.418],"direction":[-0.457414,-0.855062,0.244217],"extended":false,"handId":344,"id":3444,"length":49.963,"mcpPosition":[16.0006,294.379,6.74912],"pipPosition":[7.04857,283.151,-25.1428],"stabilizedTipPosition":[-5.86177,257.461,-8.33884],"timeVisible":0.433669,"tipPosition":[-4.72622,259.584,-9.86252],"tipVelocity":[73.229,142.463,-98.9522],"tool":false,"touchDistance":0.333333,"touchZone":"none","type":4,"width":15.8833}],"r":[[0.935401,-0.295986,0.193436],[0.286041,0.955027,0.0781253],[-0.207861,-0.0177479,0.977997]],"s":0.914918,"t":[48.6357,127.192,-99.1731],"timestamp":15183497991},false],[6,{"currentFrameRate":108.867,"devices":[],"gestures":[],"hands":[{"armBasis":[[0.971344,0.0920538,-0.219128],[0.0135847,0.898943,0.437856],[0.23729,-0.428285,0.871932]],"armWidth":63.029,"confidence":0.63217,"direction":[-0.0937956,0.762399,-0.640274],"elbow":[55.8186,134.312,285.621],"grabStrength":0,"id":344,"palmNormal":[-0.0562402,-0.646139,-0.761144],"palmPosition":[-20.3002,286.39,16.0797],"palmVelocity":[33.2193,133.429,-124.709],"palmWidth":90.0033,"pinchStrength":0.595076,"r":[[0.935343,-0.292393,0.199098],[0.281654,0.956097,0.0809295],[-0.21402,-0.0196201,0.976632]],"s":0.917949,"sphereCenter":[-24.9175,271.033,-30.7449],"sphereRadius":46.9724,"stabilizedPalmPosition":[-21.6124,281.876,20.3391],"t":[48.86,128.355,-100.318],"timeVisible":0.44274,"type":"right","wrist":[-7.55494,248.695,52.7518]}],"id":1151401,"interactionBox":{"center":[0,200,0],"size":[235.247,235.247,147.751]},"pointables":[{"bases":[[[0.431984,0.740931,0.514209],[-0.73821,-0.0370506,0.673553],[0.518108,-0.670558,0.530958]],[[0.20104,0.941033,0.272103],[-0.7883,-0.00948203,0.615218],[0.581521,-0.338183,0.739909]],[[0.20104,0.941033,0.272103],[-0.965436,0.143302,0.21771],[0.16588,-0.306467,0.937316]],[[0.20104,0.941033,0.272103],[-0.973023,0.223928,-0.0555172],[-0.113175,-0.253602,0.960665]]],"btipPosition":[-67.5558,271.119,-40.6791],"carpPosition":[-35.868,238.214,49.7059],"dipPosition":[-70.1758,265.248,-18.4399],"direction":[-0.16588,0.306467,-0.937316],"extended":false,"handId":344,"id":3440,"length":51.5512,"mcpPosition":[-35.868,238.214,49.7059],"pipPosition":[-64.5814,254.912,13.1719],"stabilizedTipPosition":[-71.8658,263.601,-27.5025],"timeVisible":0.44274,"tipPosition":[-67.7334,270.054,-35.607],"tipVelocity":[65.9049,111.808,-154.179],"tool":false,"touchDistance":-0.412178,"touchZone":"hovering","type":0,"width":20.0304},{"bases":[[[0.964142,0.162889,-0.209517],[0.0171446,0.749599,0.661671],[0.264832,-0.641537,0.719927]],[[0.970091,0.147789,-0.192564],[-0.0355206,0.871184,0.489671],[0.240127,-0.468185,0.850377]],[[0.970091,0.147789,-0.192564],[-0.0806559,0.944472,0.318538],[0.228948,-0.29348,0.928145]],[[0.970091,0.147789,-0.192564],[-0.112416,0.976625,0.183213],[0.21514,-0.156085,0.964029]]],"btipPosition":[-66.4296,335.299,-70.1863],"carpPosition":[-27.843,259.063,56.8249],"dipPosition":[-62.7937,332.661,-53.8939],"direction":[-0.228948,0.29348,-0.928145],"extended":true,"handId":344,"id":3441,"length":58.1698,"mcpPosition":[-47.1153,305.749,4.43456],"pipPosition":[-57.3199,325.645,-31.7035],"stabilizedTipPosition":[-66.7772,329.854,-62.3037],"timeVisible":0.44274,"tipPosition":[-64.5402,333.9,-66.8752],"tipVelocity":[32.0595,154.92,-128.843],"tool":false,"touchDistance":-0.31556,"touchZone":"touching","type":1,"width":19.133},{"bases":[[[0.973914,-0.0554737,-0.220034],[0.185708,0.752079,0.632369],[0.130403,-0.656735,0.742761]],[[0.97838,-0.0819114,-0.189903],[-0.0000506952,0.91813,-0.39628],[0.206815,0.387722,0.898275]],[[0.97838,-0.0819114,-0.189903],[-0.203952,-0.229861,-0.951613],[0.0342966,0.96977,-0.241598]],[[0.97838,-0.0819114,-0.189903],[-0.17638,-0.809945,-0.559355],[-0.107994,0.580757,-0.806882]]],"btipPosition":[-34.1688,251.425,-17.2974],"carpPosition":[-16.3518,262.661,54.9952],"dipPosition":[-36.1762,262.22,-32.2959],"direction":[-0.0342966,-0.96977,0.241598],"extended":false,"handId":344,"id":3442,"length":66.2798,"mcpPosition":[-25.3511,307.984,3.73614],"pipPosition":[-35.2116,289.498,-39.0916],"stabilizedTipPosition":[-36.5708,251.076,-18.2302],"timeVisible":0.44274,"tipPosition":[-34.7118,254.109,-21.1866],"tipVelocity":[78.2081,115.337,-101.96],"tool":false,"touchDistance":0.333333,"touchZone":"none","type":2,"width":18.7912},{"bases":[[[0.965699,-0.208049,-0.155373],[0.258877,0.724875,0.638388],[-0.0201903,-0.656713,0.75387]],[[0.965681,-0.208621,-0.154716],[0.120218,0.887049,-0.445749],[0.230233,0.411851,0.881687]],[[0.965681,-0.208621,-0.154716],[-0.207692,-0.262562,-0.942298],[0.15596,0.942093,-0.29688]],[[0.965681,-0.208621,-0.154716],[-0.259356,-0.806474,-0.531351],[-0.0139237,0.553242,-0.832904]]],"btipPosition":[-17.4558,249.642,-9.85345],"carpPosition":[-4.51541,263.193,52.2949],"dipPosition":[-17.7131,259.867,-25.2467],"direction":[-0.15596,-0.942093,0.29688],"extended":false,"handId":344,"id":3443,"length":63.7298,"mcpPosition":[-3.26441,303.884,5.58456],"pipPosition":[-13.4396,285.682,-33.3817],"stabilizedTipPosition":[-18.5218,249.864,-11.5769],"timeVisible":0.44274,"tipPosition":[-17.5059,252.268,-13.9925],"tipVelocity":[70.0818,133.788,-109.717],"tool":false,"touchDistance":0.333333,"touchZone":"none","type":3,"width":17.881},{"bases":[[[0.900734,-0.399549,-0.170406],[0.40312,0.622805,0.670528],[-0.161779,-0.672662,0.722048]],[[0.870622,-0.486759,-0.0713],[0.421953,0.813371,-0.400478],[0.25293,0.31858,0.913528]],[[0.870622,-0.486759,-0.0713],[-0.178166,-0.176881,-0.967972],[0.458557,0.855441,-0.24072]],[[0.870622,-0.486759,-0.0713],[-0.432124,-0.687395,-0.583743],[0.235131,0.53903,-0.808802]]],"btipPosition":[-5.47778,258.766,-7.98543],"carpPosition":[6.97008,257.068,46.9329],"dipPosition":[-1.46882,267.957,-21.7754],"direction":[-0.458557,-0.855441,0.24072],"extended":false,"handId":344,"id":3444,"length":49.963,"mcpPosition":[16.2492,295.649,5.5188],"pipPosition":[7.40275,284.507,-26.4325],"stabilizedTipPosition":[-5.37557,258.734,-9.388],"timeVisible":0.44274,"tipPosition":[-4.43203,260.902,-11.2337],"tipVelocity":[62.018,143.574,-113.675],"tool":false,"touc