{"sensorType":"Leap","data":[[0,{"currentFrameRate":104.005,"devices":[],"gestures":[{"direction":[0.266274,0.785588,-0.558524],"duration":27340,"handIds":[350],"id":2,"pointableIds":[3501],"position":[-72.8661,301.933,-47.397],"speed":314.196,"startPosition":[-105.559,208.326,17.9105],"state":"update","type":"swipe"}],"hands":[{"armBasis":[[0.949271,-0.0297031,-0.313053],[0.148548,0.919804,0.363171],[0.27716,-0.391251,0.877556]],"armWidth":63.029,"confidence":0.610727,"direction":[-0.117134,0.703384,-0.701092],"elbow":[60.9505,135.106,293.668],"grabStrength":0,"id":350,"palmNormal":[-0.207617,-0.707696,-0.675323],"palmPosition":[-27.5377,274.646,20.6892],"palmVelocity":[71.8619,341.926,-326.779],"palmWidth":90.0033,"pinchStrength":0.656594,"r":[[0.957752,-0.0396601,0.284847],[-0.0406599,0.961824,0.27063],[-0.284706,-0.270778,0.919577]],"s":0.982403,"sphereCenter":[-21.676,252.229,-28.4855],"sphereRadius":51.7121,"stabilizedPalmPosition":[-28.9574,267.578,27.6058],"t":[39.1738,129.509,-94.8703],"timeVisible":0.235267,"type":"right","wrist":[-13.0712,239.598,59.2973]}],"id":1153991,"interactionBox":{"center":[0,200,0],"size":[235.247,235.247,147.751]},"pointables":[{"bases":[[[0.553638,0.743495,0.375101],[-0.643031,0.095468,0.759866],[0.529147,-0.661892,0.530945]],[[0.300587,0.944043,0.135762],[-0.749761,0.14591,0.645421],[0.589496,-0.295794,0.751665]],[[0.300587,0.944043,0.135762],[-0.94178,0.271305,0.198608],[0.150662,-0.187557,0.970631]],[[0.300587,0.944043,0.135762],[-0.953011,0.291673,0.0818404],[0.0376627,-0.153983,0.987356]]],"btipPosition":[-77.3388,256.027,-31.7954],"carpPosition":[-42.2786,231.531,60.9115],"dipPosition":[-76.4669,252.462,-8.93828],"direction":[-0.150662,0.187557,-0.970631],"extended":false,"handId":350,"id":3500,"length":51.5512,"mcpPosition":[-42.2786,231.531,60.9115],"pipPosition":[-71.3857,246.136,23.7971],"stabilizedTipPosition":[-81.7143,241.419,-12.2237],"timeVisible":0.235267,"tipPosition":[-77.657,256.008,-25.8802],"tipVelocity":[108.748,347.522,-370.336],"tool":false,"touchDistance":-0.136315,"touchZone":"hovering","type":0,"width":20.0304},{"bases":[[[0.937718,0.0525883,-0.343394],[0.164002,0.804381,0.57103],[0.306249,-0.591782,0.745658]],[[0.978832,-0.0608472,-0.195412],[0.150763,0.860082,0.487371],[0.138415,-0.506515,0.851049]],[[0.978832,-0.0608472,-0.195412],[0.0928242,0.982921,0.158902],[0.182406,-0.173677,0.967763]],[[0.978832,-0.0608472,-0.195412],[0.0394591,0.992976,-0.111538],[0.200826,0.101467,0.974358]]],"btipPosition":[-67.6785,319.161,-65.3079],"carpPosition":[-31.7549,252.134,64.7261],"dipPosition":[-64.2844,320.876,-48.8409],"direction":[-0.182406,0.173677,-0.967763],"extended":true,"handId":350,"id":3501,"length":58.1698,"mcpPosition":[-54.0413,295.199,10.4633],"pipPosition":[-59.9234,316.724,-25.7034],"stabilizedTipPosition":[-68.9788,312.623,-55.595],"timeVisible":0.235267,"tipPosition":[-66.5192,318.857,-61.317],"tipVelocity":[127.481,410.627,-343.508],"tool":false,"touchDistance":0.150879,"touchZone":"hovering","type":1,"width":19.133},{"bases":[[[0.928682,-0.16575,-0.331778],[0.326857,0.788504,0.520986],[0.175254,-0.592274,0.786446]],[[0.935573,-0.191997,-0.296378],[0.0176197,0.863617,-0.50384],[0.352692,0.466157,0.81136]],[[0.935573,-0.191997,-0.296378],[-0.349037,-0.375315,-0.858669],[0.0536264,0.906794,-0.418149]],[[0.935573,-0.191997,-0.296378],[-0.293187,-0.890133,-0.348863],[-0.196835,0.413281,-0.889075]]],"btipPosition":[-47.1186,239.926,-3.55386],"carpPosition":[-20.3589,254.467,61.1157],"dipPosition":[-50.7775,247.609,-20.0802],"direction":[-0.0536264,-0.906794,0.418149],"extended":false,"handId":350,"id":3502,"length":66.2798,"mcpPosition":[-32.4535,295.34,6.84192],"pipPosition":[-49.2691,273.115,-31.8419],"stabilizedTipPosition":[-49.7221,232.417,1.59089],"timeVisible":0.235267,"tipPosition":[-47.9351,242.108,-7.42473],"tipVelocity":[66.9225,355.197,-344.009],"tool":false,"touchDistance":0.333333,"touchZone":"none","type":2,"width":18.7912},{"bases":[[[0.91705,-0.310068,-0.250753],[0.397792,0.755364,0.520755],[0.0279408,-0.577306,0.816049]],[[0.916094,-0.295875,-0.27061],[0.154221,0.882986,-0.443342],[0.370118,0.364409,0.854528]],[[0.916094,-0.295875,-0.27061],[-0.344964,-0.237574,-0.908052],[0.20438,0.925211,-0.319707]],[[0.916094,-0.295875,-0.27061],[-0.391367,-0.806585,-0.443004],[-0.0871958,0.511741,-0.854704]]],"btipPosition":[-31.0577,238.5,-6.84284],"carpPosition":[-8.9802,253.645,56.9295],"dipPosition":[-32.6692,247.958,-22.639],"direction":[-0.20438,-0.925211,0.319707],"extended":false,"handId":350,"id":3503,"length":63.7298,"mcpPosition":[-10.7114,289.415,6.36652],"pipPosition":[-27.0688,273.31,-31.3994],"stabilizedTipPosition":[-33.3648,230.464,-0.491552],"timeVisible":0.235267,"tipPosition":[-31.3276,239.959,-9.20463],"tipVelocity":[66.1655,358.087,-354.539],"tool":false,"touchDistance":0.333333,"touchZone":"none","type":3,"width":17.881},{"bases":[[[0.835703,-0.495318,-0.237193],[0.536479,0.643951,0.545451],[-0.117431,-0.583084,0.80388]],[[0.841613,-0.455932,-0.289504],[0.299021,0.83975,-0.453218],[0.449748,0.294867,0.843078]],[[0.841613,-0.455932,-0.289504],[-0.399471,-0.164762,-0.901818],[0.363469,0.874631,-0.320798]],[[0.841613,-0.455932,-0.289504],[-0.540062,-0.706027,-0.458103],[0.00446612,0.541896,-0.840434]]],"btipPosition":[-14.9311,242.974,-4.19111],"carpPosition":[1.17179,246.004,50.8681],"dipPosition":[-14.855,252.213,-18.5204],"direction":[-0.363468,-0.874631,0.320798],"extended":false,"handId":350,"id":3504,"length":49.963,"mcpPosition":[7.90721,279.448,4.76049],"pipPosition":[-7.82307,269.135,-24.7268],"stabilizedTipPosition":[-16.471,236.838,0.875408],"timeVisible":0.235267,"tipPosition":[-14.9788,244.33,-6.45195],"tipVelocity":[69.7054,359.671,-358.458],"tool":false,"touchDistance":0.333333,"touchZone":"none","type":4,"width":15.8833}],"r":[[0.957752,-0.0396601,0.284847],[-0.0406599,0.961824,0.27063],[-0.284706,-0.270778,0.919577]],"s":0.982403,"t":[39.1738,129.509,-94.8703],"timestamp":15207359889},false],[1,{"currentFrameRate":104.372,"devices":[],"gestures":[{"direction":[0.266274,0.785588,-0.558524],"duration":27340,"handIds":[350],"id":2,"pointableIds":[3501],"position":[-72.8661,301.933,-47.397],"speed":314.196,"startPosition":[-105.559,208.326,17.9105],"state":"stop","type":"swipe"}],"hands":[{"armBasis":[[0.951841,-0.0293444,-0.305185],[0.145616,0.919242,0.365774],[0.269805,-0.392599,0.879245]],"armWidth":63.029,"confidence":0.623309,"direction":[-0.114437,0.704978,-0.699936],"elbow":[59.0377,136.87,292.013],"grabStrength":0,"id":350,"palmNormal":[-0.203448,-0.706262,-0.678087],"palmPosition":[-27.3335,276.849,18.598],"palmVelocity":[58.5682,316.302,-301.864],"palmWidth":90.0033,"pinchStrength":0.660193,"r":[[0.956092,-0.0437927,0.289776],[-0.0383113,0.961611,0.271729],[-0.290552,-0.2709,0.917711]],"s":0.982528,"sphereCenter":[-21.3882,254.653,-30.5662],"sphereRadius":51.643,"stabilizedPalmPosition":[-28.5505,269.901,25.3486],"t":[39.4944,132.026,-97.395],"timeVisible":0.244161,"type":"right","wrist":[-13.0198,241.722,57.1914]}],"id":1153992,"interactionBox":{"center":[0,200,0],"size":[235.247,235.247,147.751]},"pointables":[{"bases":[[[0.55092,0.743188,0.379682],[-0.646916,0.0928748,0.756884],[0.527244,-0.662606,0.531947]],[[0.298149,0.944351,0.138953],[-0.754132,0.143808,0.640785],[0.585143,-0.295838,0.755041]],[[0.298149,0.944351,0.138953],[-0.943664,0.269727,0.191693],[0.143546,-0.188278,0.971569]],[[0.298149,0.944351,0.138953],[-0.953994,0.289983,0.0761911],[0.0316572,-0.155276,0.987364]]],"btipPosition":[-76.692,258.17,-34.2652],"carpPosition":[-42.2258,233.618,58.6403],"dipPosition":[-75.9592,254.576,-11.4079],"direction":[-0.143546,0.188278,-0.971569],"extended":false,"handId":350,"id":3500,"length":51.5512,"mcpPosition":[-42.2258,233.618,58.6403],"pipPosition":[-71.118,248.226,21.3591],"stabilizedTipPosition":[-80.7524,244.37,-15.3338],"timeVisible":0.244161,"tipPosition":[-77.0664,258.137,-28.3628],"tipVelocity":[97.9773,318.362,-345.151],"tool":false,"touchDistance":-0.177478,"touchZone":"hovering","type":0,"width":20.0304},{"bases":[[[0.939357,0.0544848,-0.338586],[0.160244,0.803155,0.573816],[0.303201,-0.593274,0.745718]],[[0.979577,-0.0578645,-0.192565],[0.147293,0.858431,0.491325],[0.136874,-0.509654,0.849422]],[[0.979577,-0.0578645,-0.192565],[0.0919727,0.980582,0.173206],[0.178804,-0.187379,0.965877]],[[0.979577,-0.0578645,-0.192565],[0.0411862,0.995133,-0.089517],[0.196808,0.0797577,0.977193]]],"btipPosition":[-67.2268,322.187,-67.4142],"carpPosition":[-31.7446,254.223,62.5579],"dipPosition":[-63.9006,323.535,-50.8993],"direction":[-0.178804,0.187379,-0.965877],"extended":true,"handId":350,"id":3501,"length":58.1698,"mcpPosition":[-53.8091,297.397,8.29067],"pipPosition":[-59.6257,319.055,-27.8068],"stabilizedTipPosition":[-68.2041,315.662,-58.0636],"timeVisible":0.244161,"tipPosition":[-66.0816,321.673,-63.4505],"tipVelocity":[106.156,388.911,-314.17],"tool":false,"touchDistance":0.149134,"touchZone":"hovering","type":1,"width":19.133},{"bases":[[[0.93051,-0.163892,-0.327551],[0.323364,0.787583,0.524546],[0.172005,-0.594014,0.785851]],[[0.937236,-0.190131,-0.2923],[0.019227,0.865169,-0.501112],[0.348166,0.46404,0.814523]],[[0.937236,-0.190131,-0.2923],[-0.344363,-0.372952,-0.861581],[0.0547993,0.908162,-0.415018]],[[0.937236,-0.190131,-0.2923],[-0.290522,-0.88936,-0.353037],[-0.192837,0.415798,-0.888778]]],"btipPosition":[-46.7603,242.173,-5.86283],"carpPosition":[-20.3334,256.578,59.0101],"dipPosition":[-50.3448,249.902,-22.3836],"direction":[-0.0547993,-0.908162,0.415018],"extended":false,"handId":350,"id":3502,"length":66.2798,"mcpPosition":[-32.2037,297.572,4.77734],"pipPosition":[-48.8034,275.447,-34.0573],"stabilizedTipPosition":[-49.2468,234.982,-0.911839],"timeVisible":0.244161,"tipPosition":[-47.5582,244.352,-9.71613],"tipVelocity":[60.2044,327.646,-321.028],"tool":false,"touchDistance":0.333333,"touchZone":"none","type":2,"width":18.7912},{"bases":[[[0.918638,-0.308421,-0.246941],[0.394337,0.754524,0.524587],[0.0245291,-0.579284,0.814757]],[[0.917739,-0.29385,-0.267222],[0.157656,0.887027,-0.433967],[0.364555,0.356139,0.860387]],[[0.917739,-0.29385,-0.267222],[-0.338867,-0.228334,-0.912706],[0.207183,0.928179,-0.309127]],[[0.917739,-0.29385,-0.267222],[-0.388645,-0.803139,-0.451578],[-0.0819205,0.518285,-0.851275]]],"btipPosition":[-30.7275,240.92,-9.4258],"carpPosition":[-8.933,255.779,54.8787],"dipPosition":[-32.2415,250.499,-25.1586],"direction":[-0.207183,-0.928179,0.309127],"extended":false,"handId":350,"id":3503,"length":63.7298,"mcpPosition":[-10.4528,291.672,4.39574],"pipPosition":[-26.5644,275.933,-33.6291],"stabilizedTipPosition":[-32.8859,233.113,-3.11808],"timeVisible":0.244161,"tipPosition":[-30.9714,242.412,-11.7522],"tipVelocity":[58.956,335.562,-336.663],"tool":false,"touchDistance":0.333333,"touchZone":"none","type":3,"width":17.881},{"bases":[[[0.837435,-0.493795,-0.234242],[0.533026,0.643206,0.5497],[-0.120774,-0.585195,0.801848]],[[0.843588,-0.454017,-0.286753],[0.302351,0.8429,-0.445089],[0.443782,0.288771,0.848333]],[[0.843588,-0.454017,-0.286753],[-0.393315,-0.158846,-0.905578],[0.365598,0.876719,-0.312572]],[[0.843588,-0.454017,-0.286753],[-0.536916,-0.704248,-0.464496],[0.00894382,0.545806,-0.837864]]],"btipPosition":[-14.5624,245.362,-6.48033],"carpPosition":[1.25771,248.165,48.8492],"dipPosition":[-14.4099,254.668,-20.7658],"direction":[-0.365598,-0.876719,0.312572],"extended":false,"handId":350,"id":3504,"length":49.963,"mcpPosition":[8.18485,281.729,2.85804],"pipPosition":[-7.33677,271.629,-26.8131],"stabilizedTipPosition":[-16.0211,239.307,-1.58787],"timeVisible":0.244161,"tipPosition":[-14.594,246.743,-8.73749],"tipVelocity":[62.5642,335.348,-330.676],"tool":false,"touchDistance":0.333333,"touchZone":"none","type":4,"width":15.8833}],"r":[[0.956092,-0.0437927,0.289776],[-0.0383113,0.961611,0.271729],[-0.290552,-0.2709,0.917711]],"s":0.982528,"t":[39.4944,132.026,-97.395],"timestamp":15207368783},false],[2,{"currentFrameRate":104.586,"devices":[],"gestures":[],"hands":[{"armBasis":[[0.953729,-0.030953,-0.299069],[0.145714,0.917652,0.369705],[0.262998,-0.396177,0.879702]],"armWidth":63.029,"confidence":0.637608,"direction":[-0.11268,0.699439,-0.705753],"elbow":[57.2119,138.374,290.83],"grabStrength":0,"id":350,"palmNormal":[-0.200586,-0.711666,-0.673274],"palmPosition":[-27.2412,278.997,16.9737],"palmVelocity":[45.0511,293.476,-267.138],"palmWidth":90.0033,"pinchStrength":0.663973,"r":[[0.954546,-0.0464861,0.294415],[-0.0367759,0.961848,0.271103],[-0.295785,-0.269608,0.916419]],"s":0.983046,"sphereCenter":[-21.348,256.547,-31.9363],"sphereRadius":51.5503,"stabilizedPalmPosition":[-28.2254,272.159,23.2692],"t":[39.7009,134.358,-99.4696],"timeVisible":0.253323,"type":"right","wrist":[-13.0275,244.182,55.8856]}],"id":1153993,"interactionBox":{"center":[0,200,0],"size":[235.247,235.247,147.751]},"pointables":[{"bases":[[[0.549025,0.746579,0.375755],[-0.649526,0.0981752,0.753975],[0.526012,-0.658013,0.538823]],[[0.296515,0.945823,0.132282],[-0.757074,0.148355,0.636263],[0.582167,-0.288809,0.760047]],[[0.296515,0.945823,0.132282],[-0.944995,0.270546,0.183821],[0.138074,-0.179512,0.974018]],[[0.296515,0.945823,0.132282],[-0.954686,0.289846,0.0675515],[0.0255503,-0.146318,0.988908]]],"btipPosition":[-76.2248,259.766,-35.9714],"carpPosition":[-42.2314,236.065,57.2995],"dipPosition":[-75.6333,256.379,-13.0784],"direction":[-0.138074,0.179512,-0.974018],"extended":false,"handId":350,"id":3500,"length":51.5512,"mcpPosition":[-42.2314,236.065,57.2995],"pipPosition":[-70.9767,250.325,19.7712],"stabilizedTipPosition":[-79.9023,247.035,-18.1359],"timeVisible":0.253323,"tipPosition":[-76.6598,259.768,-30.0867],"tipVelocity":[83.8916,279.63,-300.6],"tool":false,"touchDistance":-0.205778,"touchZone":"hovering","type":0,"width":20.0304},{"bases":[[[0.94044,0.0526702,-0.335855],[0.15765,0.807711,0.568111],[0.301196,-0.587222,0.7513]],[[0.979975,-0.0571029,-0.190756],[0.144898,0.861599,0.486469],[0.136576,-0.504368,0.852619]],[[0.979975,-0.0571029,-0.190756],[0.0918013,0.979676,0.178346],[0.176695,-0.192287,0.9653]],[[0.979975,-0.0571029,-0.190756],[0.0432426,0.996166,-0.0760514],[0.194367,0.0662796,0.978687]]],"btipPosition":[-67.0126,324.352,-69.4332],"carpPosition":[-31.7806,256.708,61.0925],"dipPosition":[-63.7277,325.473,-52.893],"direction":[-0.176695,0.192287,-0.9653],"extended":true,"handId":350,"id":3501,"length":58.1698,"mcpPosition":[-53.6992,299.441,6.419],"pipPosition":[-59.5032,320.875,-29.8144],"stabilizedTipPosition":[-67.6078,318.402,-60.3805],"timeVisible":0.253323,"tipPosition":[-65.8789,323.664,-65.495],"tipVelocity":[82.7919,344.777,-287.845],"tool":false,"touchDistance":0.138892,"touchZone":"hovering","type":1,"width":19.133},{"bases":[[[0.931739,-0.165622,-0.323159],[0.320948,0.791899,0.519508],[0.169867,-0.587763,0.790999]],[[0.93835,-0.191501,-0.287795],[0.0202537,0.861561,-0.507251],[0.345092,0.47015,0.812324]],[[0.93835,-0.191501,-0.287795],[-0.341195,-0.379306,-0.860066],[0.0555407,0.905237,-0.421261]],[[0.93835,-0.191501,-0.287795],[-0.288674,-0.892095,-0.347611],[-0.190173,0.40926,-0.892379]]],"btipPosition":[-46.5628,244.122,-7.3161],"carpPosition":[-20.3595,259.045,57.5647],"dipPosition":[-50.0978,251.729,-23.9038],"direction":[-0.0555407,-0.905237,0.421261],"extended":false,"handId":350,"id":3502,"length":66.2798,"mcpPosition":[-32.0823,299.607,2.97669],"pipPosition":[-48.5355,277.192,-35.7531],"stabilizedTipPosition":[-48.8324,237.394,-3.17535],"timeVisible":0.253323,"tipPosition":[-47.3479,246.258,-11.1737],"tipVelocity":[49.7791,294.743,-276.223],"tool":false,"touchDistance":0.333333,"touchZone":"none","type":2,"width":18.7912},{"bases":[[[0.919718,-0.309533,-0.241472],[0.391947,0.758902,0.520043],[0.0222827,-0.572937,0.819296]],[[0.918845,-0.294752,-0.262384],[0.159773,0.885842,-0.43561],[0.360828,0.358336,0.861045]],[[0.918845,-0.294752,-0.262384],[-0.334727,-0.229994,-0.913817],[0.209003,0.927483,-0.30999]],[[0.918845,-0.294752,-0.262384],[-0.386761,-0.80467,-0.450469],[-0.0783559,0.515391,-0.853365]]],"btipPosition":[-30.5511,242.948,-11.0748],"carpPosition":[-8.94475,258.225,53.4777],"dipPosition":[-31.9992,252.473,-26.8462],"direction":[-0.209003,-0.927483,0.30999],"extended":false,"handId":350,"id":3503,"length":63.7298,"mcpPosition":[-10.3254,293.724,2.71353],"pipPosition":[-26.2722,277.887,-35.3404],"stabilizedTipPosition":[-32.4699,235.612,-5.52536],"timeVisible":0.253323,"tipPosition":[-30.7787,244.458,-13.409],"tipVelocity":[48.3503,303.33,-293.258],"tool":false,"touchDistance":0.333333,"touchZone":"none","type":3,"width":17.881},{"bases":[[[0.838627,-0.494873,-0.227609],[0.530644,0.647901,0.546481],[-0.122971,-0.579073,0.805948]],[[0.844948,-0.455269,-0.280701],[0.304645,0.841033,-0.447051],[0.439607,0.292221,0.849325]],[[0.844948,-0.455269,-0.280701],[-0.389014,-0.162945,-0.906707],[0.367057,0.875317,-0.314786]],[[0.844948,-0.455269,-0.280701],[-0.534714,-0.707289,-0.462409],[0.0119839,0.540807,-0.841062]]],"btipPosition":[-14.3556,247.41,-7.96049],"carpPosition":[1.27246,250.572,47.5415],"dipPosition":[-14.1513,256.631,-22.3005],"direction":[-0.367057,-0.875317,0.314786],"extended":false,"handId":350,"id":3504,"length":49.963,"mcpPosition":[8.32563,283.786,1.31521],"pipPosition":[-7.04996,273.565,-28.3906],"stabilizedTipPosition":[-15.6277,241.656,-3.80962],"timeVisible":0.253323,"tipPosition":[-14.3757,248.793,-10.2338],"tipVelocity":[51.7771,303.583,-283.913],"tool":false,"touchDistance":0.333333,"touchZone":"none","type":4,"width":15.8833}],"r":[[0.954546,-0.0464861,0.294415],[-0.0367759,0.961848,0.271103],[-0.295785,-0.269608,0.916419]],"s":0.983046,"t":[39.7009,134.358,-99.4696],"timestamp":15207377945},false],[3,{"currentFrameRate":104.976,"devices":[],"gestures":[],"hands":[{"armBasis":[[0.954257,-0.0386547,-0.296477],[0.153768,0.913863,0.375778],[0.256414,-0.404177,0.878005]],"armWidth":63.029,"confidence":0.651023,"direction":[-0.114984,0.693698,-0.711028],"elbow":[55.6686,138.743,288.669],"grabStrength":0,"id":350,"palmNormal":[-0.206923,-0.716801,-0.665867],"palmPosition":[-27.1642,281.21,15.0577],"palmVelocity":[35.2727,282.194,-253.836],"palmWidth":90.0033,"pinchStrength":0.670475,"r":[[0.953629,-0.0487134,0.297015],[-0.0346146,0.962518,0.269],[-0.298986,-0.266807,0.916199]],"s":0.983463,"sphereCenter":[-21.9287,258.463,-33.5951],"sphereRadius":51.4025,"stabilizedPalmPosition":[-27.9781,274.269,21.3555],"t":[39.8427,136.631,-101.465],"timeVisible":0.262122,"type":"right","wrist":[-12.8124,246.688,54.1784]}],"id":1153994,"interactionBox":{"center":[0,200,0],"size":[235.247,235.247,147.751]},"pointables":[{"bases":[[[0.5536,0.748094,0.365898],[-0.644506,0.106627,0.757128],[0.527389,-0.65497,0.54118]],[[0.300066,0.946059,0.122197],[-0.753282,0.156408,0.638829],[0.585258,-0.28374,0.759582]],[[0.300066,0.946059,0.122197],[-0.9436,0.275585,0.183498],[0.139924,-0.170367,0.975396]],[[0.300066,0.946059,0.122197],[-0.953647,0.294451,0.0621039],[0.0227728,-0.135168,0.990561]]],"btipPosition":[-76.1752,261.557,-37.489],"carpPosition":[-42.0311,238.672,55.8437],"dipPosition":[-75.6481,258.428,-14.5577],"direction":[-0.139924,0.170367,-0.975396],"extended":false,"handId":350,"id":3500,"length":51.5512,"mcpPosition":[-42.0311,238.672,55.8437],"pipPosition":[-70.929,252.682,18.3383],"stabilizedTipPosition":[-79.2438,249.397,-20.5452],"timeVisible":0.262122,"tipPosition":[-76.6863,261.597,-31.6195],"tipVelocity":[62.3591,260.942,-265.818],"tool":false,"touchDistance":-0.230925,"touchZone":"hovering","type":0,"width":20.0304},{"bases":[[[0.938478,0.0469112,-0.342138],[0.16362,0.812071,0.560151],[0.304118,-0.581671,0.754435]],[[0.978306,-0.0604285,-0.198158],[0.150469,0.864732,0.479164],[0.142398,-0.498585,0.855065]],[[0.978306,-0.0604285,-0.198158],[0.0968596,0.978948,0.179664],[0.183129,-0.19496,0.963563]],[[0.978306,-0.0604285,-0.198158],[0.0479167,0.996579,-0.0673436],[0.201549,0.0563875,0.977854]]],"btipPosition":[-67.4621,326.541,-71.4082],"carpPosition":[-31.4949,259.315,59.3939],"dipPosition":[-64.0558,327.494,-54.8821],"direction":[-0.183129,0.19496,-0.963563],"extended":true,"handId":350,"id":3501,"length":58.1698,"mcpPosition":[-53.6261,301.645,4.49232],"pipPosition":[-59.6775,322.833,-31.845],"stabilizedTipPosition":[-67.342,320.793,-62.4479],"timeVisible":0.262122,"tipPosition":[-66.3015,325.732,-67.5011],"tipVelocity":[47.5841,317.727,-270.87],"tool":false,"touchDistance":0.122467,"touchZone":"hovering","type":1,"width":19.133},{"bases":[[[0.929201,-0.171236,-0.327511],[0.326563,0.795343,0.510672],[0.173038,-0.58147,0.794953]],[[0.935939,-0.19676,-0.292068],[0.0197378,0.857362,-0.514335],[0.351609,0.475622,0.806322]],[[0.935939,-0.19676,-0.292068],[-0.347725,-0.385098,-0.854861],[0.0557275,0.901657,-0.428846]],[[0.935939,-0.19676,-0.292068],[-0.29359,-0.893966,-0.338569],[-0.194482,0.402628,-0.894465]]],"btipPosition":[-46.7471,246.193,-8.84017],"carpPosition":[-20.0891,261.587,55.7752],"dipPosition":[-50.3621,253.677,-25.4667],"direction":[-0.0557275,-0.901657,0.428846],"extended":false,"handId":350,"id":3502,"length":66.2798,"mcpPosition":[-32.0307,301.715,0.914315],"pipPosition":[-48.7946,279.039,-37.5293],"stabilizedTipPosition":[-48.5687,239.606,-5.17079],"timeVisible":0.262122,"tipPosition":[-47.5484,248.288,-12.6978],"tipVelocity":[30.1648,277.871,-248.748],"tool":false,"touchDistance":0.333333,"touchZone":"none","type":2,"width":18.7912},{"bases":[[[0.917258,-0.314404,-0.244516],[0.397465,0.762135,0.511049],[0.0256787,-0.565951,0.824039]],[[0.916279,-0.299566,-0.265882],[0.161621,0.883887,-0.438887],[0.366486,0.359171,0.858303]],[[0.916279,-0.299566,-0.265882],[-0.339939,-0.230529,-0.911756],[0.211837,0.925806,-0.313063]],[[0.916279,-0.299566,-0.265882],[-0.392341,-0.80489,-0.445219],[-0.0806337,0.512261,-0.855036]]],"btipPosition":[-30.805,245.054,-12.9857],"carpPosition":[-8.70258,260.697,51.6245],"dipPosition":[-32.2952,254.521,-28.7879],"direction":[-0.211837,-0.925806,0.313063],"extended":false,"handId":350,"id":3503,"length":63.7298,"mcpPosition":[-10.2937,295.763,0.566447],"pipPosition":[-26.4905,279.89,-37.3663],"stabilizedTipPosition":[-32.2121,237.877,-7.68837],"timeVisible":0.262122,"tipPosition":[-31.0297,246.573,-15.3161],"tipVelocity":[27.2575,285.686,-272.979],"tool":false,"touchDistance":0.333333,"touchZone":"none","type":3,"width":17.881},{"bases":[[[0.835699,-0.499369,-0.228556],[0.53599,0.650941,0.537577],[-0.119673,-0.571757,0.811648]],[[0.84182,-0.460117,-0.282189],[0.304776,0.836689,-0.455042],[0.445477,0.297059,0.844575]],[[0.84182,-0.460117,-0.282189],[-0.394822,-0.168435,-0.903186],[0.368041,0.871735,-0.323457]],[[0.84182,-0.460117,-0.282189],[-0.53969,-0.709226,-0.453579],[0.00856356,0.534126,-0.845361]]],"btipPosition":[-14.5289,249.394,-9.73084],"carpPosition":[1.45432,252.962,45.6909],"dipPosition":[-14.3829,258.501,-24.1441],"direction":[-0.368041,-0.871735,0.323457],"extended":false,"handId":350,"id":3504,"length":49.963,"mcpPosition":[8.31835,285.756,-0.862325],"pipPosition":[-7.26255,275.366,-30.402],"stabilizedTipPosition":[-15.384,243.772,-5.79731],"timeVisible":0.262122,"tipPosition":[-14.5565,250.776,-12.032],"tipVelocity":[32.1144,281.756,-262.149],"tool":false,"touchDistance":0.333333,"touchZone":"none","type":4,"width":15.8833}],"r":[[0.953629,-0.0487134,0.297015],[-0.0346146,0.962518,0.269],[-0.298986,-0.266807,0.916199]],"s":0.983463,"t":[39.8427,136.631,-101.465],"timestamp":15207386744},false],[4,{"currentFrameRate":105.107,"devices":[],"gestures":[],"hands":[{"armBasis":[[0.954333,-0.04182,-0.295804],[0.157794,0.911329,0.380238],[0.253673,-0.409549,0.87631]],"armWidth":63.029,"confidence":0.661634,"direction":[-0.117445,0.698222,-0.706182],"elbow":[55.0077,139.041,286.257],"grabStrength":0,"id":350,"palmNormal":[-0.212174,-0.712326,-0.66901],"palmPosition":[-27.2362,283.209,13.3876],"palmVelocity":[23.1543,263.436,-233.092],"palmWidth":90.0033,"pinchStrength":0.676705,"r":[[0.953197,-0.051253,0.297974],[-0.0321751,0.962736,0.268521],[-0.300633,-0.265541,0.916028]],"s":0.983761,"sphereCenter":[-22.5276,260.851,-35.3535],"sphereRadius":51.2899,"stabilizedPalmPosition":[-27.9781,274.269,21.3555],"t":[39.8775,138.766,-103.298],"timeVisible":0.271392,"type":"right","wrist":[-12.7413,248.42,52.2189]}],"id":1153995,"interactionBox":{"center":[0,200,0],"size":[235.247,235.247,147.751]},"pointables":[{"bases":[[[0.557242,0.744694,0.367304],[-0.640048,0.103422,0.761342],[0.52898,-0.659344,0.534271]],[[0.302764,0.944673,0.126203],[-0.750301,0.154599,0.642766],[0.587692,-0.289297,0.755596]],[[0.302764,0.944673,0.126203],[-0.942395,0.276979,0.187547],[0.142215,-0.175716,0.974114]],[[0.302764,0.944673,0.126203],[-0.952877,0.297406,0.0597903],[0.0189487,-0.138358,0.990201]]],"btipPosition":[-76.2207,263.87,-39.0854],"carpPosition":[-41.9676,240.457,53.9989],"dipPosition":[-75.782,260.667,-16.1625],"direction":[-0.142215,0.175716,-0.974114],"extended":false,"handId":350,"id":3500,"length":51.5512,"mcpPosition":[-41.9676,240.457,53.9989],"pipPosition":[-70.9857,254.741,16.6904],"stabilizedTipPosition":[-78.6845,251.856,-22.9204],"timeVisible":0.271392,"tipPosition":[-76.8061,263.858,-33.229],"tipVelocity":[42.8052,257.211,-239.524],"tool":false,"touchDistance":-0.257642,"touchZone":"hovering","type":0,"width":20.0304},{"bases":[[[0.936657,0.0469827,-0.347082],[0.168489,0.808324,0.564113],[0.307058,-0.58686,0.749206]],[[0.97682,-0.0602649,-0.205402],[0.154942,0.861131,0.484196],[0.147698,-0.504798,0.850508]],[[0.97682,-0.0602649,-0.205402],[0.100969,0.975818,0.193869],[0.188751,-0.210115,0.959283]],[[0.97682,-0.0602649,-0.205402],[0.0518111,0.997583,-0.0462953],[0.207695,0.0345801,0.977582]]],"btipPosition":[-68.0119,329.654,-72.5065],"carpPosition":[-31.3672,261.056,57.6146],"dipPosition":[-64.5018,330.238,-55.985],"direction":[-0.188751,0.210115,-0.959283],"extended":true,"handId":350,"id":3501,"length":58.1698,"mcpPosition":[-53.7124,303.763,3.09346],"pipPosition":[-59.989,325.215,-33.0502],"stabilizedTipPosition":[-67.3006,323.502,-64.3328],"timeVisible":0.271392,"tipPosition":[-66.8347,328.705,-68.6361],"tipVelocity":[18.2156,320.238,-227.999],"tool":false,"touchDistance":0.132933,"touchZone":"hovering","type":1,"width":19.133},{"bases":[[[0.926991,-0.171229,-0.333719],[0.331117,0.79155,0.513625],[0.176207,-0.586626,0.790456]],[[0.933855,-0.196912,-0.298564],[0.018789,0.860648,-0.508854],[0.357157,0.469586,0.80742]],[[0.933855,-0.196912,-0.298564],[-0.353337,-0.378677,-0.855428],[0.0553843,0.904339,-0.423206]],[[0.933855,-0.196912,-0.298564],[-0.29747,-0.891092,-0.342734],[-0.198559,0.408878,-0.890726]]],"btipPosition":[-47.0326,248.382,-10.6395],"carpPosition":[-19.9769,263.325,53.946],"dipPosition":[-50.7235,255.983,-27.1965],"direction":[-0.0553843,-0.904339,0.423206],"extended":false,"handId":350,"id":3502,"length":66.2798,"mcpPosition":[-32.1372,303.809,-0.60453],"pipPosition":[-49.1657,281.42,-39.1005],"stabilizedTipPosition":[-48.4188,241.902,-7.19453],"timeVisible":0.271392,"tipPosition":[-47.8496,250.493,-14.4676],"tipVelocity":[12.47,266.956,-232.879],"tool":false,"touchDistance":0.333333,"touchZone":"none","type":2,"width":18.7912},{"bases":[[[0.915202,-0.314869,-0.251522],[0.401948,0.75819,0.513406],[0.0290458,-0.570969,0.820457]],[[0.914119,-0.299722,-0.273044],[0.16235,0.887683,-0.430884],[0.371522,0.34955,0.860108]],[[0.914119,-0.299722,-0.273044],[-0.34475,-0.220159,-0.912512],[0.213387,0.928276,-0.30458]],[[0.914119,-0.299722,-0.273044],[-0.396786,-0.799763,-0.450488],[-0.0833496,0.52014,-0.850004]]],"btipPosition":[-31.1415,247.315,-15.0669],"carpPosition":[-8.61559,262.435,49.7266],"dipPosition":[-32.6819,256.928,-30.7761],"direction":[-0.213387,-0.928276,0.30458],"extended":false,"handId":350,"id":3503,"length":63.7298,"mcpPosition":[-10.4153,297.813,-1.10958],"pipPosition":[-26.8347,282.364,-39.1221],"stabilizedTipPosition":[-32.0691,240.203,-9.88248],"timeVisible":0.271392,"tipPosition":[-31.3706,248.875,-17.3983],"tipVelocity":[9.01398,274.956,-258.684],"tool":false,"touchDistance":0.333333,"touchZone":"none","type":3,"width":17.881},{"bases":[[[0.833334,-0.499754,-0.236222],[0.540379,0.646544,0.53849],[-0.116385,-0.576392,0.808843]],[[0.839287,-0.459728,-0.290253],[0.305062,0.840101,-0.448517],[0.450038,0.287889,0.845332]],[[0.839287,-0.459728,-0.290253],[-0.399499,-0.159356,-0.902777],[0.368778,0.873645,-0.317406]],[[0.839287,-0.459728,-0.290253],[-0.543664,-0.704621,-0.456002],[0.00511851,0.540517,-0.841317]]],"btipPosition":[-14.7955,251.588,-11.7835],"carpPosition":[1.4914,254.715,43.6898],"dipPosition":[-14.7082,260.804,-26.1278],"direction":[-0.368778,-0.873645,0.317406],"extended":false,"handId":350,"id":3504,"length":49.963,"mcpPosition":[8.16683,287.775,-2.70249],"pipPosition":[-7.57359,277.706,-32.2686],"stabilizedTipPosition":[-15.2507,245.947,-7.83042],"timeVisible":0.271392,"tipPosition":[-14.8339,253,-14.0818],"tipVelocity":[14.5666,269.819,-250.203],"tool":false,"touchDistance":0.333333,"touchZone":"none","type":4,"width":15.8833}],"r":[[0.953197,-0.051253,0.297974],[-0.0321751,0.962736,0.268521],[-0.300633,-0.265541,0.916028]],"s":0.983761,"t":[39.8775,138.766,-103.298],"timestamp":15207396014},false],[5,{"currentFrameRate":105.492,"devices":[],"gestures":[],"hands":[{"armBasis":[[0.953591,-0.0424014,-0.298106],[0.160707,0.908904,0.384796],[0.254634,-0.414845,0.873536]],"armWidth":63.029,"confidence":0.662449,"direction":[-0.118771,0.697772,-0.706405],"elbow":[55.5535,138.791,284.48],"grabStrength":0,"id":350,"palmNormal":[-0.214518,-0.712671,-0.667894],"palmPosition":[-27.0227,284.355,12.3638],"palmVelocity":[23.4788,227.82,-201.874],"palmWidth":90.0033,"pinchStrength":0.681924,"r":[[0.952995,-0.0533893,0.298243],[-0.0299271,0.962952,0.268008],[-0.301503,-0.264336,0.916091]],"s":0.984036,"sphereCenter":[-22.6279,262.054,-36.3014],"sphereRadius":51.1935,"stabilizedPalmPosition":[-27.8877,275.223,20.5048],"t":[40.0017,140.407,-104.726],"timeVisible":0.280157,"type":"right","wrist":[-12.4521,249.585,51.1831]}],"id":1153996,"interactionBox":{"center":[0,200,0],"size":[235.247,235.247,147.751]},"pointables":[{"bases":[[[0.558807,0.744533,0.365246],[-0.637938,0.104515,0.762963],[0.529877,-0.659354,0.53337]],[[0.303485,0.944688,0.124344],[-0.749541,0.156121,0.643284],[0.58829,-0.288428,0.755463]],[[0.303485,0.944688,0.124344],[-0.942084,0.277944,0.187684],[0.142742,-0.174102,0.974327]],[[0.303485,0.944688,0.124344],[-0.952732,0.298925,0.054276],[0.0141044,-0.134939,0.990754]]],"btipPosition":[-75.8679,264.883,-40.0508],"carpPosition":[-41.6798,241.646,53.047],"dipPosition":[-75.5414,261.759,-17.115],"direction":[-0.142742,0.174102,-0.974327],"extended":false,"handId":350,"id":3500,"length":51.5512,"mcpPosition":[-41.6798,241.646,53.047],"pipPosition":[-70.7273,255.887,15.745],"stabilizedTipPosition":[-78.193,253.948,-24.9355],"timeVisible":0.280157,"tipPosition":[-76.5156,264.876,-34.2025],"tipVelocity":[41.3268,219.732,-204.695],"tool":false,"touchDistance":-0.273682,"touchZone":"hovering","type":0,"width":20.0304},{"bases":[[[0.935767,0.0459721,-0.349609],[0.17063,0.808623,0.56304],[0.308586,-0.586528,0.748839]],[[0.976028,-0.0603524,-0.20911],[0.156909,0.860944,0.483896],[0.150828,-0.505107,0.849775]],[[0.976028,-0.0603524,-0.20911],[0.103122,0.97433,0.200119],[0.191664,-0.216886,0.957197]],[[0.976028,-0.0603524,-0.20911],[0.0542496,0.997921,-0.0348034],[0.210776,0.022625,0.977273]]],"btipPosition":[-68.0641,331.19,-73.3894],"carpPosition":[-31.0535,262.239,56.6186],"dipPosition":[-64.5019,331.573,-56.8732],"direction":[-0.191664,0.216886,-0.957197],"extended":true,"handId":350,"id":3501,"length":58.1698,"mcpPosition":[-53.5099,304.922,2.12424],"pipPosition":[-59.9195,326.387,-33.9882],"stabilizedTipPosition":[-67.2844,325.764,-65.8624],"timeVisible":0.280157,"tipPosition":[-66.8833,330.159,-69.5451],"tipVelocity":[12.0936,279.9,-193.868],"tool":false,"touchDistance":0.140195,"touchZone":"hovering","type":1,"width":19.133},{"bases":[[[0.925964,-0.172221,-0.336052],[0.333109,0.791681,0.512132],[0.177846,-0.586158,0.790436]],[[0.932887,-0.197822,-0.300979],[0.0181751,0.860451,-0.509209],[0.359711,0.469564,0.806299]],[[0.932887,-0.197822,-0.300979],[-0.355936,-0.378606,-0.854381],[0.0550632,0.90417,-0.423609]],[[0.932887,-0.197822,-0.300979],[-0.299151,-0.890954,-0.341629],[-0.200577,0.408739,-0.890338]]],"btipPosition":[-46.9152,249.53,-11.6086],"carpPosition":[-19.6712,264.496,52.918],"dipPosition":[-50.6436,257.128,-28.1584],"direction":[-0.0550632,-0.90417,0.423609],"extended":false,"handId":350,"id":3502,"length":66.2798,"mcpPosition":[-31.9446,304.948,-1.63118],"pipPosition":[-49.0947,282.56,-40.0737],"stabilizedTipPosition":[-48.2856,243.836,-8.88992],"timeVisible":0.280157,"tipPosition":[-47.7395,251.629,-15.4255],"tipVelocity":[12.4549,230.424,-199.989],"tool":false,"touchDistance":0.333333,"touchZone":"none","type":2,"width":18.7912},{"bases":[[[0.914279,-0.315789,-0.253714],[0.403914,0.758264,0.511751],[0.0307769,-0.570362,0.820817]],[[0.913129,-0.300424,-0.275573],[0.162252,0.887944,-0.430383],[0.373991,0.348283,0.859552]],[[0.913129,-0.300424,-0.275573],[-0.347105,-0.218423,-0.912036],[0.213806,0.92846,-0.303727]],[[0.913129,-0.300424,-0.275573],[-0.398747,-0.798839,-0.450397],[-0.0848289,0.521154,-0.849236]]],"btipPosition":[-31.0483,248.469,-16.1597],"carpPosition":[-8.32186,263.595,48.669],"dipPosition":[-32.616,258.101,-31.8548],"direction":[-0.213806,-0.92846,0.303727],"extended":false,"handId":350,"id":3503,"length":63.7298,"mcpPosition":[-10.2288,298.935,-2.18941],"pipPosition":[-26.7574,283.542,-40.1774],"stabilizedTipPosition":[-31.9462,242.154,-11.7232],"timeVisible":0.280157,"tipPosition":[-31.2816,250.055,-18.5116],"tipVelocity":[9.25643,236.616,-222.607],"tool":false,"touchDistance":0.333333,"touchZone":"none","type":3,"width":17.881},{"bases":[[[0.832306,-0.500597,-0.238053],[0.542322,0.646528,0.536552],[-0.114689,-0.575677,0.809594]],[[0.838169,-0.460387,-0.292431],[0.305792,0.840645,-0.446999],[0.451623,0.285238,0.845385]],[[0.838169,-0.460387,-0.292431],[-0.401098,-0.156985,-0.902483],[0.369584,0.873727,-0.316241]],[[0.838169,-0.460387,-0.292431],[-0.545397,-0.7037,-0.455357],[0.00385641,0.541157,-0.840913]]],"btipPosition":[-14.6708,252.774,-12.9363],"carpPosition":[1.76291,255.862,42.6114],"dipPosition":[-14.6051,262.001,-27.2738],"direction":[-0.369584,-0.873727,0.316241],"extended":false,"handId":350,"id":3504,"length":49.963,"mcpPosition":[8.34103,288.881,-3.82402],"pipPosition":[-7.45484,278.905,-33.392],"stabilizedTipPosition":[-15.13,247.764,-9.53604],"timeVisible":0.280157,"tipPosition":[-14.7105,254.2,-15.2409],"tipVelocity":[14.3235,233.784,-218.293],"tool":false,"touchDistance":0.333333,"touchZone":"none","type":4,"width":15.8833}],"r":[[0.952995,-0.0533893,0.298243],[-0.0299271,0.962952,0.268008],[-0.301503,-0.264336,0.916091]],"s":0.984036,"t":[40.0017,140.407,-104.726],"timestamp":15207404779},false],[6,{"currentFrameRate":105.738,"devices":[],"gestures":[],"hands":[{"armBasis":[[0.954615,-0.0391906,-0.295253],[0.158057,0.906866,0.390657],[0.252445,-0.419593,0.871902]],"armWidth":63.029,"confidence":0.670713,"direction":[-0.120826,0.700339,-0.70351],"elbow":[54.8479,139.075,283.07],"grabStrength":0,"id":350,"palmNormal":[-0.212001,-0.710557,-0.670943],"palmPosition":[-27.245,286.022,11.5313],"palmVelocity":[10.2495,216.097,-171.824],"palmWidth":90.0033,"pinchStrength":0.685843,"r":[[0.952847,-0.0547291,0.298474],[-0.0287711,0.962877,0.268404],[-0.302084,-0.264336,0.9159]],"s":0.98414,"sphereCenter":[-22.8541,263.986,-37.1861],"sphereRadius":51.1349,"stabilizedPalmPosition":[-27.7401,277.703,18.4437],"t":[39.9527,142.061,-105.856],"timeVisible":0.28916,"type":"right","wrist":[-12.5731,251.137,50.2091]}],"id":1153997,"interactionBox":{"center":[0,200,0],"size":[235.247,235.247,147.751]},"pointables":[{"bases":[[[0.556276,0.744806,0.36854],[-0.638502,0.0992424,0.763194],[0.531857,-0.65986,0.530766]],[[0.300245,0.945197,0.128281],[-0.751042,0.151348,0.642674],[0.588038,-0.289304,0.755324]],[[0.300245,0.945197,0.128281],[-0.943276,0.274235,0.18715],[0.141714,-0.177196,0.973919]],[[0.300245,0.945197,0.128281],[-0.953824,0.296299,0.0492662],[0.00855659,-0.13715,0.990513]]],"btipPosition":[-75.788,266.531,-41.0411],"carpPosition":[-41.7754,243.095,52.0305],"dipPosition":[-75.5899,263.356,-18.1109],"direction":[-0.141714,0.177196,-0.973919],"extended":false,"handId":350,"id":3500,"length":51.5512,"mcpPosition":[-41.7754,243.095,52.0305],"pipPosition":[-70.8105,257.38,14.7354],"stabilizedTipPosition":[-77.7565,256.059,-26.8648],"timeVisible":0.28916,"tipPosition":[-76.4884,266.485,-35.2072],"tipVelocity":[31.5128,209.299,-178.724],"tool":false,"touchDistance":-0.28952,"touchZone":"hovering","type":0,"width":20.0304},{"bases":[[[0.935717,0.0504766,-0.34912],[0.167833,0.806805,0.566479],[0.310266,-0.588658,0.74647]],[[0.976151,-0.0557452,-0.209814],[0.153857,0.859484,0.487457],[0.153158,-0.508113,0.847563]],[[0.976151,-0.0557452,-0.209814],[0.100264,0.972985,0.207961],[0.192553,-0.224038,0.955369]],[[0.976151,-0.0557452,-0.209814],[0.0519093,0.998369,-0.0237496],[0.210796,0.0122919,0.977453]]],"btipPosition":[-68.4706,333.287,-74.0092],"carpPosition":[-31.2171,263.708,55.6917],"dipPosition":[-64.9081,333.495,-57.4899],"direction":[-0.192553,0.224038,-0.955369],"extended":true,"handId":350,"id":3501,"length":58.1698,"mcpPosition":[-53.7957,306.545,1.36979],"pipPosition":[-60.3044,328.138,-34.6487],"stabilizedTipPosition":[-67.3979,328.108,-67.2082],"timeVisible":0.28916,"tipPosition":[-67.2895,332.225,-70.1795],"tipVelocity":[-3.62701,265.766,-159.508],"tool":false,"touchDistance":0.152788,"touchZone":"hovering","type":1,"width":19.133},{"bases":[[[0.926619,-0.167802,-0.336481],[0.330382,0.790604,0.515551],[0.179512,-0.588887,0.788027]],[[0.933601,-0.19347,-0.301594],[0.0155878,0.862834,-0.505247],[0.357976,0.466997,0.808559]],[[0.933601,-0.19347,-0.301594],[-0.354472,-0.375741,-0.856252],[0.0523374,0.906305,-0.419372]],[[0.933601,-0.19347,-0.301594],[-0.296214,-0.89032,-0.345815],[-0.201611,0.412189,-0.888512]]],"btipPosition":[-47.0215,251.237,-12.617],"carpPosition":[-19.8411,266.017,52.0042],"dipPosition":[-50.7691,258.899,-29.1328],"direction":[-0.0523374,-0.906305,0.419372],"extended":false,"handId":350,"id":3502,"length":66.2798,"mcpPosition":[-32.2295,306.657,-2.37873],"pipPosition":[-49.297,284.392,-40.929],"stabilizedTipPosition":[-48.1993,245.801,-10.5042],"timeVisible":0.28916,"tipPosition":[-47.8504,253.342,-16.4153],"tipVelocity":[5.65547,219.675,-175.585],"tool":false,"touchDistance":0.333333,"touchZone":"none","type":2,"width":18.7912},{"bases":[[[0.915376,-0.311751,-0.254749],[0.401295,0.757419,0.515052],[0.0323839,-0.573696,0.818428]],[[0.914157,-0.296038,-0.276908],[0.159887,0.891063,-0.424786],[0.372495,0.344048,0.861904]],[[0.914157,-0.296038,-0.276908],[-0.345913,-0.213575,-0.913636],[0.21133,0.930993,-0.297644]],[[0.914157,-0.296038,-0.276908],[-0.396123,-0.797401,-0.455235],[-0.0860396,0.525845,-0.846217]]],"btipPosition":[-31.1573,250.283,-17.2521],"carpPosition":[-8.48765,265.17,47.755],"dipPosition":[-32.7474,260.001,-32.8914],"direction":[-0.21133,-0.930993,0.297644],"extended":false,"handId":350,"id":3503,"length":63.7298,"mcpPosition":[-10.4942,300.717,-2.95536],"pipPosition":[-26.9566,285.512,-41.0473],"stabilizedTipPosition":[-31.8648,244.148,-13.4793],"timeVisible":0.28916,"tipPosition":[-31.3963,251.898,-19.6158],"tipVelocity":[3.23067,227.554,-194.4],"tool":false,"touchDistance":0.333333,"touchZone":"none","type":3,"width":17.881},{"bases":[[[0.833999,-0.496889,-0.239889],[0.540058,0.64603,0.539428],[-0.11306,-0.579437,0.807137]],[[0.839757,-0.45634,-0.294215],[0.303273,0.843681,-0.442977],[0.450372,0.282765,0.846882]],[[0.839757,-0.45634,-0.294215],[-0.400273,-0.154178,-0.903333],[0.366866,0.876346,-0.312133]],[[0.839757,-0.45634,-0.294215],[-0.542958,-0.703494,-0.458577],[0.00228893,0.