{"sensorType":"Leap","data":[[0,{"currentFrameRate":107.803,"devices":[],"gestures":[{"direction":[0.0800112,0.781042,-0.619331],"duration":36028,"handIds":[351],"id":2,"pointableIds":[3510],"position":[-82.2901,250.457,-31.3696],"speed":265.489,"startPosition":[-92.3534,156.052,42.8226],"state":"update","type":"swipe"},{"direction":[0.105457,0.847096,-0.520872],"duration":63390,"handIds":[351],"id":1,"pointableIds":[3511],"position":[-73.3191,312.05,-57.2825],"speed":325.626,"startPosition":[-96.2632,185.317,14.6324],"state":"update","type":"swipe"}],"hands":[{"armBasis":[[0.956721,0.144487,-0.252604],[-0.0212651,0.900424,0.434493],[0.290229,-0.410317,0.864527]],"armWidth":63.029,"confidence":0.784357,"direction":[-0.0609364,0.692584,-0.718759],"elbow":[55.4297,123.278,289.888],"grabStrength":0,"id":351,"palmNormal":[0.00233213,-0.719997,-0.693974],"palmPosition":[-32.8533,266.448,17.9585],"palmVelocity":[16.8805,407.082,-342.63],"palmWidth":90.0033,"pinchStrength":0.403738,"r":[[0.907772,0.0993142,0.407537],[-0.244274,0.914988,0.321133],[-0.340998,-0.391066,0.854861]],"s":1.11222,"sphereCenter":[-42.9896,253.703,-23.3296],"sphereRadius":46.7022,"stabilizedPalmPosition":[-33.1742,258.172,25.0265],"t":[22.7901,137.24,-94.0165],"timeVisible":0.234994,"type":"right","wrist":[-22.0823,232.862,58.9974]}],"id":1154759,"interactionBox":{"center":[0,200,0],"size":[235.247,235.247,147.751]},"pointables":[{"bases":[[[0.387672,0.796821,0.463451],[-0.780558,0.0163192,0.624871],[0.490347,-0.603995,0.628291]],[[0.210208,0.948291,0.237816],[-0.785191,0.0188264,0.618968],[0.582484,-0.316844,0.748547]],[[0.210208,0.948291,0.237816],[-0.97167,0.175768,0.157997],[0.108027,-0.264291,0.958374]],[[0.210208,0.948291,0.237816],[-0.977637,0.205449,0.0449157],[-0.00626612,-0.24194,0.970271]]],"btipPosition":[-82.2567,251.745,-36.5357],"carpPosition":[-49.9976,221.587,55.2083],"dipPosition":[-82.4018,246.145,-14.0742],"direction":[-0.108027,0.264291,-0.958374],"extended":false,"handId":351,"id":3510,"length":51.5512,"mcpPosition":[-49.9976,221.587,55.2083],"pipPosition":[-78.7585,237.231,18.2478],"stabilizedTipPosition":[-83.4375,240.405,-21.5035],"timeVisible":0.234994,"tipPosition":[-81.1532,249.968,-31.3275],"tipVelocity":[44.992,406.429,-395.816],"tool":false,"touchDistance":0.0319698,"touchZone":"hovering","type":0,"width":20.0304},{"bases":[[[0.973738,0.159627,-0.16234],[-0.0360776,0.812215,0.582241],[0.224796,-0.561093,0.796644]],[[0.981398,0.138727,-0.13271],[-0.012013,0.734284,0.678736],[0.191606,-0.664516,0.722292]],[[0.981398,0.138727,-0.13271],[-0.0819962,0.927928,0.363629],[0.173591,-0.345984,0.922042]],[[0.981398,0.138727,-0.13271],[-0.131872,0.9895,0.0591572],[0.139524,-0.0405559,0.989388]]],"btipPosition":[-73.7343,321.222,-66.7477],"carpPosition":[-42.7246,243.194,60.6859],"dipPosition":[-71.3763,320.537,-50.0267],"direction":[-0.173591,0.345984,-0.922042],"extended":true,"handId":351,"id":3511,"length":58.1698,"mcpPosition":[-59.0834,284.025,2.71266],"pipPosition":[-67.226,312.265,-27.9822],"stabilizedTipPosition":[-73.3862,314.645,-58.6925],"timeVisible":0.234994,"tipPosition":[-72.2237,319.694,-62.8735],"tipVelocity":[22.2628,513.501,-338.122],"tool":false,"touchDistance":0.222874,"touchZone":"hovering","type":1,"width":19.133},{"bases":[[[0.986944,-0.0584643,-0.150081],[0.134008,0.814993,0.563762],[0.0893553,-0.576513,0.812187]],[[0.982291,-0.0340703,-0.18424],[-0.0614736,0.87029,-0.488689],[0.176992,0.49136,0.852783]],[[0.982291,-0.0340703,-0.18424],[-0.182245,-0.402012,-0.897315],[-0.0434948,0.915,-0.401101]],[[0.982291,-0.0340703,-0.18424],[-0.104678,-0.915343,-0.388831],[-0.155395,0.401231,-0.902699]]],"btipPosition":[-41.6772,229.975,-9.40111],"carpPosition":[-31.184,246.811,59.2461],"dipPosition":[-44.5657,237.433,-26.1807],"direction":[0.0434948,-0.915,0.401101],"extended":false,"handId":351,"id":3512,"length":66.2798,"mcpPosition":[-37.3506,286.597,3.19587],"pipPosition":[-45.7891,263.171,-37.4629],"stabilizedTipPosition":[-44.6024,217.777,-0.518238],"timeVisible":0.234994,"tipPosition":[-42.1683,231.021,-12.1984],"tipVelocity":[67.3414,417.36,-387.675],"tool":false,"touchDistance":0.333333,"touchZone":"none","type":2,"width":18.7912},{"bases":[[[0.976407,-0.203936,-0.0709943],[0.206958,0.78994,0.577202],[-0.061631,-0.578277,0.813509]],[[0.977999,-0.182838,-0.100439],[0.0963829,0.823038,-0.559748],[0.185009,0.537753,0.822553]],[[0.977999,-0.182838,-0.100439],[-0.174326,-0.451859,-0.874891],[0.114579,0.873151,-0.473791]],[[0.977999,-0.182838,-0.100439],[-0.206841,-0.912463,-0.353026],[-0.0271001,0.366034,-0.930207]]],"btipPosition":[-26.1994,228.672,0.689953],"carpPosition":[-19.2029,247.298,57.2743],"dipPosition":[-26.7003,235.437,-16.5016],"direction":[-0.114579,-0.873151,0.473791],"extended":false,"handId":351,"id":3513,"length":63.7298,"mcpPosition":[-15.3842,283.129,6.86862],"pipPosition":[-23.5606,259.363,-29.4842],"stabilizedTipPosition":[-27.9676,219.466,5.5164],"timeVisible":0.234994,"tipPosition":[-26.4022,229.863,-3.11736],"tipVelocity":[62.3473,410.73,-335.736],"tool":false,"touchDistance":0.333333,"touchZone":"none","type":3,"width":17.881},{"bases":[[[0.915004,-0.397193,-0.0707504],[0.350042,0.694391,0.628722],[-0.200596,-0.600049,0.774405]],[[0.92146,-0.375962,-0.0977947],[0.278786,0.8153,-0.507507],[0.270535,0.440384,0.85608]],[[0.92146,-0.375962,-0.0977947],[-0.238153,-0.347822,-0.906809],[0.30691,0.858879,-0.41004]],[[0.92146,-0.375962,-0.0977947],[-0.380255,-0.821412,-0.425075],[0.0794821,0.428876,-0.89986]]],"btipPosition":[-12.5613,235.974,2.22645],"carpPosition":[-7.31173,240.889,53.3101],"dipPosition":[-11.2062,243.287,-13.1161],"direction":[-0.30691,-0.858879,0.41004],"extended":false,"handId":351,"id":3514,"length":49.963,"mcpPosition":[4.19373,275.306,8.89305],"pipPosition":[-5.26845,259.903,-21.049],"stabilizedTipPosition":[-13.3088,229.12,5.3688],"timeVisible":0.234994,"tipPosition":[-12.2805,237.044,-1.27548],"tipVelocity":[53.7743,431.05,-333.308],"tool":false,"touchDistance":0.333333,"touchZone":"none","type":4,"width":15.8833}],"r":[[0.907772,0.0993142,0.407537],[-0.244274,0.914988,0.321133],[-0.340998,-0.391066,0.854861]],"s":1.11222,"t":[22.7901,137.24,-94.0165],"timestamp":15214436715},false],[1,{"currentFrameRate":107.801,"devices":[],"gestures":[{"direction":[0.0716432,0.773664,-0.629533],"duration":45308,"handIds":[351],"id":2,"pointableIds":[3510],"position":[-82.3345,253.057,-34.4251],"speed":268.332,"startPosition":[-92.3534,156.052,42.8226],"state":"update","type":"swipe"},{"direction":[0.105457,0.847096,-0.520872],"duration":63390,"handIds":[351],"id":1,"pointableIds":[3511],"position":[-73.3191,312.05,-57.2825],"speed":325.626,"startPosition":[-96.2632,185.317,14.6324],"state":"update","type":"swipe"}],"hands":[{"armBasis":[[0.956757,0.150684,-0.248816],[-0.0247517,0.894441,0.446501],[0.289832,-0.421034,0.859493]],"armWidth":63.029,"confidence":0.798781,"direction":[-0.0588055,0.689821,-0.721587],"elbow":[55.219,123.485,285.823],"grabStrength":0,"id":351,"palmNormal":[0.00767384,-0.722504,-0.691324],"palmPosition":[-32.8221,269.342,15.0592],"palmVelocity":[13.069,380.255,-334.119],"palmWidth":90.0033,"pinchStrength":0.395434,"r":[[0.903562,0.102507,0.416014],[-0.251897,0.912522,0.322259],[-0.346588,-0.395974,0.850342]],"s":1.11796,"sphereCenter":[-43.4961,256.71,-26.0277],"sphereRadius":46.7812,"stabilizedPalmPosition":[-33.0752,261.313,22.2232],"t":[22.872,140.347,-96.9705],"timeVisible":0.244274,"type":"right","wrist":[-22.1871,235.931,56.276]}],"id":1154760,"interactionBox":{"center":[0,200,0],"size":[235.247,235.247,147.751]},"pointables":[{"bases":[[[0.383351,0.799421,0.462567],[-0.78386,0.0167269,0.620713],[0.488474,-0.600538,0.633046]],[[0.206306,0.949865,0.234935],[-0.787973,0.0189297,0.615419],[0.580118,-0.312087,0.752373]],[[0.206306,0.949865,0.234935],[-0.972462,0.172434,0.156792],[0.10842,-0.260812,0.959282]],[[0.206306,0.949865,0.234935],[-0.978487,0.200566,0.0483412],[-0.0012023,-0.239853,0.970808]]],"btipPosition":[-82.3281,254.334,-39.5941],"carpPosition":[-50.0553,224.576,52.382],"dipPosition":[-82.356,248.781,-17.12],"direction":[-0.10842,0.260812,-0.959282],"extended":false,"handId":351,"id":3510,"length":51.5512,"mcpPosition":[-50.0553,224.576,52.382],"pipPosition":[-78.6994,239.985,15.2326],"stabilizedTipPosition":[-83.4375,240.405,-21.5035],"timeVisible":0.244274,"tipPosition":[-81.1643,252.611,-34.391],"tipVelocity":[30.9644,370.841,-377.059],"tool":false,"touchDistance":-0.0689548,"touchZone":"hovering","type":0,"width":20.0304},{"bases":[[[0.974195,0.161358,-0.157822],[-0.0410511,0.814236,0.57908],[0.221943,-0.557659,0.799849]],[[0.981058,0.14266,-0.131044],[-0.0161811,0.734477,0.67844],[0.193035,-0.663469,0.722873]],[[0.981058,0.14266,-0.131044],[-0.083837,0.922544,0.376674],[0.174631,-0.358553,0.91703]],[[0.981058,0.14266,-0.131044],[-0.13225,0.987564,0.0850147],[0.141543,-0.0660738,0.987725]]],"btipPosition":[-73.7841,324.686,-69.7248],"carpPosition":[-42.8623,246.22,57.8188],"dipPosition":[-71.392,323.569,-53.0319],"direction":[-0.174631,0.358553,-0.91703],"extended":true,"handId":351,"id":3511,"length":58.1698,"mcpPosition":[-59.0135,286.801,-0.387689],"pipPosition":[-67.2169,314.997,-31.1073],"stabilizedTipPosition":[-73.3254,318.553,-61.5656],"timeVisible":0.244274,"tipPosition":[-72.2892,322.981,-65.9397],"tipVelocity":[14.7149,470.958,-333.44],"tool":false,"touchDistance":0.210458,"touchZone":"hovering","type":1,"width":19.133},{"bases":[[[0.987852,-0.0566551,-0.144699],[0.129122,0.817353,0.561482],[0.0864595,-0.573345,0.814739]],[[0.983359,-0.0325671,-0.178731],[-0.0609371,0.867681,-0.493372],[0.171149,0.496053,0.851258]],[[0.983359,-0.0325671,-0.178731],[-0.176402,-0.406436,-0.896489],[-0.0434468,0.913099,-0.405418]],[[0.983359,-0.0325671,-0.178731],[-0.100527,-0.917005,-0.386001],[-0.151326,0.397545,-0.905019]]],"btipPosition":[-41.4147,232.703,-12.1598],"carpPosition":[-31.3229,249.86,56.4262],"dipPosition":[-44.2276,240.093,-28.9825],"direction":[0.0434468,-0.913099,0.405418],"extended":false,"handId":351,"id":3512,"length":66.2798,"mcpPosition":[-37.2896,289.427,0.199897],"pipPosition":[-45.4496,265.776,-40.3861],"stabilizedTipPosition":[-44.0684,221.272,-3.77855],"timeVisible":0.244274,"tipPosition":[-41.9,233.781,-15.0239],"tipVelocity":[56.8648,382.11,-362.503],"tool":false,"touchDistance":0.333333,"touchZone":"none","type":2,"width":18.7912},{"bases":[[[0.977245,-0.201863,-0.065139],[0.20206,0.792523,0.575395],[-0.0645271,-0.575464,0.815277]],[[0.978926,-0.181191,-0.0942027],[0.0963545,0.81652,-0.569219],[0.180056,0.548146,0.816771]],[[0.978926,-0.181191,-0.0942027],[-0.169198,-0.461319,-0.870952],[0.114351,0.868536,-0.482254]],[[0.978926,-0.181191,-0.0942027],[-0.202908,-0.915108,-0.348433],[-0.0230728,0.360205,-0.932588]]],"btipPosition":[-25.9992,231.342,-1.64705],"carpPosition":[-19.3328,250.368,54.5154],"dipPosition":[-26.4256,237.999,-18.8826],"direction":[-0.114351,-0.868536,0.482254],"extended":false,"handId":351,"id":3513,"length":63.7298,"mcpPosition":[-15.3346,286.024,4.00019],"pipPosition":[-23.2922,261.799,-32.0971],"stabilizedTipPosition":[-27.4829,222.941,2.63269],"timeVisible":0.244274,"tipPosition":[-26.1722,232.617,-5.61318],"tipVelocity":[51.3787,375.323,-312.4],"tool":false,"touchDistance":0.333333,"touchZone":"none","type":3,"width":17.881},{"bases":[[[0.916299,-0.395265,-0.0645122],[0.345097,0.697502,0.628011],[-0.203233,-0.597709,0.775526]],[[0.922166,-0.376522,-0.0885522],[0.282874,0.812635,-0.509516],[0.263805,0.444809,0.855893]],[[0.922166,-0.376522,-0.0885522],[-0.230933,-0.352293,-0.90695],[0.310291,0.856808,-0.411824]],[[0.922166,-0.376522,-0.0885522],[-0.376931,-0.823408,-0.424173],[0.086796,0.424536,-0.901241]]],"btipPosition":[-12.4589,238.883,-0.446435],"carpPosition":[-7.4059,243.973,50.6369],"dipPosition":[-10.979,246.121,-15.8125],"direction":[-0.310291,-0.856808,0.411824],"extended":false,"handId":351,"id":3514,"length":49.963,"mcpPosition":[4.25082,278.255,6.15556],"pipPosition":[-4.97595,262.698,-23.7799],"stabilizedTipPosition":[-12.9467,232.596,2.52481],"timeVisible":0.244274,"tipPosition":[-12.1205,239.954,-3.95683],"tipVelocity":[42.6017,397.397,-320.712],"tool":false,"touchDistance":0.333333,"touchZone":"none","type":4,"width":15.8833}],"r":[[0.903562,0.102507,0.416014],[-0.251897,0.912522,0.322259],[-0.346588,-0.395974,0.850342]],"s":1.11796,"t":[22.872,140.347,-96.9705],"timestamp":15214445995},false],[2,{"currentFrameRate":107.955,"devices":[],"gestures":[{"direction":[0.0668749,0.766684,-0.638532],"duration":54293,"handIds":[351],"id":2,"pointableIds":[3510],"position":[-82.1249,254.955,-36.7462],"speed":270.365,"startPosition":[-92.3534,156.052,42.8226],"state":"update","type":"swipe"},{"direction":[0.105457,0.847096,-0.520872],"duration":63390,"handIds":[351],"id":1,"pointableIds":[3511],"position":[-73.3191,312.05,-57.2825],"speed":325.626,"startPosition":[-96.2632,185.317,14.6324],"state":"update","type":"swipe"}],"hands":[{"armBasis":[[0.957693,0.158302,-0.240344],[-0.0333445,0.890538,0.453686],[0.285855,-0.426477,0.85814]],"armWidth":63.029,"confidence":0.813888,"direction":[-0.0576098,0.687536,-0.723861],"elbow":[54.2508,124.429,283.531],"grabStrength":0,"id":351,"palmNormal":[0.0176148,-0.724253,-0.68931],"palmPosition":[-32.6214,271.563,12.9586],"palmVelocity":[15.6131,343.756,-306.609],"palmWidth":90.0033,"pinchStrength":0.38412,"r":[[0.899339,0.10639,0.424112],[-0.259647,0.910361,0.32222],[-0.351814,-0.399905,0.846347]],"s":1.12316,"sphereCenter":[-43.3924,258.882,-28.0927],"sphereRadius":46.8492,"stabilizedPalmPosition":[-32.9558,264.01,19.7856],"t":[23.0133,143.011,-99.4978],"timeVisible":0.253259,"type":"right","wrist":[-22.093,238.329,54.3454]}],"id":1154761,"interactionBox":{"center":[0,200,0],"size":[235.247,235.247,147.751]},"pointables":[{"bases":[[[0.37467,0.803062,0.463372],[-0.788727,0.0133541,0.614599],[0.487373,-0.595746,0.6384]],[[0.198748,0.951612,0.23438],[-0.791506,0.0148257,0.610981],[0.577942,-0.306944,0.756153]],[[0.198748,0.951612,0.23438],[-0.974153,0.165621,0.153611],[0.10736,-0.258852,0.959932]],[[0.198748,0.951612,0.23438],[-0.980031,0.191472,0.0536385],[0.00616578,-0.24036,0.970664]]],"btipPosition":[-82.1578,256.235,-41.9144],"carpPosition":[-49.8576,226.785,50.2668],"dipPosition":[-82.015,250.671,-19.4438],"direction":[-0.10736,0.258852,-0.959932],"extended":false,"handId":351,"id":3510,"length":51.5512,"mcpPosition":[-49.8576,226.785,50.2668],"pipPosition":[-78.3942,241.941,12.9308],"stabilizedTipPosition":[-83.1612,243.468,-24.7122],"timeVisible":0.253259,"tipPosition":[-80.9016,254.517,-36.7406],"tipVelocity":[28.8705,327.099,-344.506],"tool":false,"touchDistance":-0.10764,"touchZone":"hovering","type":0,"width":20.0304},{"bases":[[[0.97434,0.167156,-0.150731],[-0.0507059,0.815475,0.576567],[0.219293,-0.55413,0.803026]],[[0.98059,0.150134,-0.126107],[-0.025547,0.735525,0.677016],[0.194398,-0.660653,0.725084]],[[0.98059,0.150134,-0.126107],[-0.0916473,0.919555,0.382124],[0.173332,-0.36315,0.915466]],[[0.98059,0.150134,-0.126107],[-0.138367,0.985576,0.097441],[0.138917,-0.0781006,0.987219]]],"btipPosition":[-73.5561,326.892,-72.1217],"carpPosition":[-42.8446,248.489,55.7011],"dipPosition":[-71.2083,325.572,-55.4373],"direction":[-0.173332,0.36315,-0.915466],"extended":true,"handId":351,"id":3511,"length":58.1698,"mcpPosition":[-58.803,288.814,-2.73655],"pipPosition":[-67.0643,316.889,-33.5501],"stabilizedTipPosition":[-73.2096,321.561,-64.0808],"timeVisible":0.253259,"tipPosition":[-72.0775,325.162,-68.3694],"tipVelocity":[17.3266,407.717,-315.217],"tool":false,"touchDistance":0.1964,"touchZone":"hovering","type":1,"width":19.133},{"bases":[[[0.989282,-0.0507304,-0.13692],[0.119575,0.819631,0.560274],[0.0838012,-0.570642,0.816912]],[[0.984942,-0.026958,-0.170771],[-0.0626208,0.865067,-0.497733],[0.161146,0.500932,0.850352]],[[0.984942,-0.026958,-0.170771],[-0.166652,-0.410896,-0.896321],[-0.0460061,0.911283,-0.409202]],[[0.984942,-0.026958,-0.170771],[-0.0917657,-0.918657,-0.38425],[-0.146521,0.394135,-0.907298]]],"btipPosition":[-40.7669,234.738,-14.1561],"carpPosition":[-31.3182,252.199,54.3879],"dipPosition":[-43.4905,242.064,-31.0212],"direction":[0.0460061,-0.911283,0.409202],"extended":false,"handId":351,"id":3512,"length":66.2798,"mcpPosition":[-37.1015,291.58,-1.98838],"pipPosition":[-44.7845,267.696,-42.5312],"stabilizedTipPosition":[-43.5357,224.289,-6.61731],"timeVisible":0.253259,"tipPosition":[-41.2442,235.855,-17.098],"tipVelocity":[61.668,338.976,-324.325],"tool":false,"touchDistance":0.333333,"touchZone":"none","type":2,"width":18.7912},{"bases":[[[0.978984,-0.195794,-0.0570564],[0.192559,0.795303,0.574816],[-0.0671685,-0.573722,0.816291]],[[0.980755,-0.17524,-0.0860873],[0.0956781,0.815722,-0.570476],[0.170194,0.55126,0.81679]],[[0.980755,-0.17524,-0.0860873],[-0.159438,-0.46434,-0.871187],[0.112693,0.868147,-0.483344]],[[0.980755,-0.17524,-0.0860873],[-0.194414,-0.917142,-0.347928],[-0.0179833,0.357968,-0.933561]]],"btipPosition":[-25.4326,233.559,-3.60993],"carpPosition":[-19.3171,252.778,52.5683],"dipPosition":[-25.765,240.175,-20.8634],"direction":[-0.112693,-0.868147,0.483344],"extended":false,"handId":351,"id":3513,"length":63.7298,"mcpPosition":[-15.1553,288.327,1.99029],"pipPosition":[-22.677,263.964,-34.1078],"stabilizedTipPosition":[-26.9925,225.957,0.0956679],"timeVisible":0.253259,"tipPosition":[-25.5796,234.829,-7.5736],"tipVelocity":[55.2403,339.781,-286.769],"tool":false,"touchDistance":0.333333,"touchZone":"none","type":3,"width":17.881},{"bases":[[[0.919266,-0.389578,-0.0563828],[0.335787,0.701336,0.628788],[-0.205419,-0.596956,0.77553]],[[0.924434,-0.373463,-0.0771164],[0.285149,0.811237,-0.510474],[0.253203,0.44991,0.856428]],[[0.924434,-0.373463,-0.0771164],[-0.220076,-0.357328,-0.90768],[0.31143,0.856062,-0.412516]],[[0.924434,-0.373463,-0.0771164],[-0.369363,-0.826606,-0.42461],[0.0948313,0.421007,-0.902086]]],"btipPosition":[-12.036,241.213,-2.27545],"carpPosition":[-7.32016,246.45,48.7991],"dipPosition":[-10.4192,248.391,-17.6559],"direction":[-0.31143,-0.856062,0.412516],"extended":false,"handId":351,"id":3514,"length":49.963,"mcpPosition":[4.46192,280.689,4.31749],"pipPosition":[-4.39405,264.953,-25.6367],"stabilizedTipPosition":[-12.5746,235.576,0.105432],"timeVisible":0.253259,"tipPosition":[-11.6339,242.291,-5.80144],"tipVelocity":[44.7866,359.106,-288.692],"tool":false,"touchDistance":0.333333,"touchZone":"none","type":4,"width":15.8833}],"r":[[0.899339,0.10639,0.424112],[-0.259647,0.910361,0.32222],[-0.351814,-0.399905,0.846347]],"s":1.12316,"t":[23.0133,143.011,-99.4978],"timestamp":15214454980},false],[3,{"currentFrameRate":107.961,"devices":[],"gestures":[{"direction":[0.0612562,0.760793,-0.646097],"duration":63544,"handIds":[351],"id":2,"pointableIds":[3510],"position":[-82.1035,257.333,-39.0715],"speed":272.925,"startPosition":[-92.3534,156.052,42.8226],"state":"update","type":"swipe"},{"direction":[0.105457,0.847096,-0.520872],"duration":63390,"handIds":[351],"id":1,"pointableIds":[3511],"position":[-73.3191,312.05,-57.2825],"speed":325.626,"startPosition":[-96.2632,185.317,14.6324],"state":"update","type":"swipe"}],"hands":[{"armBasis":[[0.959264,0.160067,-0.23279],[-0.0379275,0.889509,0.45534],[0.279954,-0.427962,0.859345]],"armWidth":63.029,"confidence":0.826159,"direction":[-0.053435,0.686801,-0.724879],"elbow":[52.6641,126.353,281.781],"grabStrength":0,"id":351,"palmNormal":[0.0237834,-0.724835,-0.688512],"palmPosition":[-32.3835,273.83,10.7812],"palmVelocity":[18.4502,316.032,-286.584],"palmWidth":90.0033,"pinchStrength":0.368123,"r":[[0.895231,0.109826,0.431857],[-0.266596,0.908575,0.321588],[-0.357055,-0.403027,0.842663]],"s":1.128,"sphereCenter":[-43.2304,261.157,-30.2955],"sphereRadius":46.9308,"stabilizedPalmPosition":[-32.8076,266.554,17.4534],"t":[23.2029,145.477,-101.85],"timeVisible":0.26251,"type":"right","wrist":[-22.1038,240.65,52.2735]}],"id":1154762,"interactionBox":{"center":[0,200,0],"size":[235.247,235.247,147.751]},"pointables":[{"bases":[[[0.370009,0.804071,0.465364],[-0.793199,0.0126387,0.608832],[0.483662,-0.594399,0.642464]],[[0.196448,0.951644,0.236181],[-0.793821,0.0129703,0.608013],[0.575549,-0.306928,0.757983]],[[0.196448,0.951644,0.236181],[-0.974624,0.163155,0.153259],[0.107314,-0.260295,0.959547]],[[0.196448,0.951644,0.236181],[-0.980417,0.187251,0.0609891],[0.0138149,-0.243537,0.969793]]],"btipPosition":[-82.1771,258.63,-44.2351],"carpPosition":[-49.8195,229.058,48.0034],"dipPosition":[-81.8572,252.992,-21.7846],"direction":[-0.107314,0.260295,-0.959547],"extended":false,"handId":351,"id":3510,"length":51.5512,"mcpPosition":[-49.8195,229.058,48.0034],"pipPosition":[-78.238,244.213,10.577],"stabilizedTipPosition":[-82.9451,246.301,-27.6461],"timeVisible":0.26251,"tipPosition":[-80.8153,256.87,-39.1175],"tipVelocity":[21.4077,307.402,-318.326],"tool":false,"touchDistance":-0.146395,"touchZone":"hovering","type":0,"width":20.0304},{"bases":[[[0.975144,0.168579,-0.143788],[-0.0561983,0.815904,0.57545],[0.214326,-0.553066,0.805098]],[[0.980795,0.152932,-0.121052],[-0.0313698,0.736248,0.675984],[0.192504,-0.659204,0.726906]],[[0.980795,0.152932,-0.121052],[-0.0953664,0.917412,0.386342],[0.170139,-0.367377,0.914378]],[[0.980795,0.152932,-0.121052],[-0.140268,0.98431,0.107049],[0.135524,-0.0880137,0.986857]]],"btipPosition":[-73.0166,329.31,-74.5498],"carpPosition":[-42.8808,250.778,53.469],"dipPosition":[-70.7262,327.823,-57.8716],"direction":[-0.170139,0.367377,-0.914378],"extended":true,"handId":351,"id":3511,"length":58.1698,"mcpPosition":[-58.4777,291.026,-5.11943],"pipPosition":[-66.6585,319.04,-36.0104],"stabilizedTipPosition":[-72.9474,324.26,-66.4973],"timeVisible":0.26251,"tipPosition":[-71.5546,327.579,-70.8104],"tipVelocity":[28.4469,365.44,-300.438],"tool":false,"touchDistance":0.175421,"touchZone":"hovering","type":1,"width":19.133},{"bases":[[[0.990332,-0.0492706,-0.129673],[0.11419,0.820318,0.560393],[0.0787625,-0.569782,0.818013]],[[0.986263,-0.0258367,-0.163148],[-0.0605267,0.862467,-0.502481],[0.153692,0.505453,0.849056]],[[0.986263,-0.0258367,-0.163148],[-0.159077,-0.414575,-0.896003],[-0.0444872,0.909648,-0.412991]],[[0.986263,-0.0258367,-0.163148],[-0.0875041,-0.919438,-0.383376],[-0.140099,0.392385,-0.909069]]],"btipPosition":[-40.2588,236.848,-16.1823],"carpPosition":[-31.3511,254.505,52.2364],"dipPosition":[-42.8629,244.141,-33.0803],"direction":[0.0444872,-0.909648,0.412991],"extended":false,"handId":351,"id":3512,"length":66.2798,"mcpPosition":[-36.7866,293.827,-4.21587],"pipPosition":[-44.1143,269.728,-44.6969],"stabilizedTipPosition":[-43.001,227.131,-9.30301],"timeVisible":0.26251,"tipPosition":[-40.7304,238.044,-19.2563],"tipVelocity":[60.6083,307.583,-294.96],"tool":false,"touchDistance":0.333333,"touchZone":"none","type":2,"width":18.7912},{"bases":[[[0.979684,-0.19428,-0.0497561],[0.187105,0.79612,0.575487],[-0.0721936,-0.573105,0.816296]],[[0.981629,-0.173814,-0.0787005],[0.098644,0.81539,-0.570446],[0.163323,0.552203,0.817556]],[[0.981629,-0.173814,-0.0787005],[-0.152268,-0.465085,-0.872072],[0.114976,0.868035,-0.483007]],[[0.981629,-0.173814,-0.0787005],[-0.19045,-0.917593,-0.348929],[-0.0115663,0.357507,-0.933839]]],"btipPosition":[-25.0197,235.815,-5.71286],"carpPosition":[-19.338,255.102,50.5036],"dipPosition":[-25.2334,242.422,-22.9715],"direction":[-0.114976,-0.868035,0.483007],"extended":false,"handId":351,"id":3513,"length":63.7298,"mcpPosition":[-14.8648,290.612,-0.0747081],"pipPosition":[-22.0829,266.208,-36.2067],"stabilizedTipPosition":[-26.5115,228.802,-2.34922],"timeVisible":0.26251,"tipPosition":[-25.1358,237.09,-9.67345],"tipVelocity":[53.0905,312.753,-270.097],"tool":false,"touchDistance":0.333333,"touchZone":"none","type":3,"width":17.881},{"bases":[[[0.920271,-0.388158,-0.0493428],[0.330086,0.702429,0.630584],[-0.210106,-0.596596,0.774551]],[[0.924736,-0.374731,-0.0666367],[0.291346,0.809583,-0.5096],[0.244911,0.451831,0.857827]],[[0.924736,-0.374731,-0.0666367],[-0.211098,-0.359283,-0.90904],[0.316704,0.854689,-0.411347]],[[0.924736,-0.374731,-0.0666367],[-0.365923,-0.827153,-0.426519],[0.104711,0.418801,-0.902021]]],"btipPosition":[-11.7314,243.529,-4.26359],"carpPosition":[-7.30388,248.789,46.8275],"dipPosition":[-9.94606,250.669,-19.6429],"direction":[-0.316704,-0.854689,0.411347],"extended":false,"handId":351,"id":3514,"length":49.963,"mcpPosition":[4.74707,283.008,2.40202],"pipPosition":[-3.81888,267.205,-27.6011],"stabilizedTipPosition":[-12.2099,238.366,-2.19389],"timeVisible":0.26251,"tipPosition":[-11.2617,244.614,-7.79432],"tipVelocity":[42.6327,328.281,-267.948],"tool":false,"touchDistance":0.333333,"touchZone":"none","type":4,"width":15.8833}],"r":[[0.895231,0.109826,0.431857],[-0.266596,0.908575,0.321588],[-0.357055,-0.403027,0.842663]],"s":1.128,"t":[23.2029,145.477,-101.85],"timestamp":15214464231},false],[4,{"currentFrameRate":108.169,"devices":[],"gestures":[{"direction":[0.0612562,0.760793,-0.646097],"duration":63544,"handIds":[351],"id":2,"pointableIds":[3510],"position":[-82.1035,257.333,-39.0715],"speed":272.925,"startPosition":[-92.3534,156.052,42.8226],"state":"update","type":"swipe"},{"direction":[0.105457,0.847096,-0.520872],"duration":63390,"handIds":[351],"id":1,"pointableIds":[3511],"position":[-73.3191,312.05,-57.2825],"speed":325.626,"startPosition":[-96.2632,185.317,14.6324],"state":"stop","type":"swipe"}],"hands":[{"armBasis":[[0.959003,0.161501,-0.232873],[-0.0390035,0.889125,0.455999],[0.280698,-0.428222,0.858973]],"armWidth":63.029,"confidence":0.829025,"direction":[-0.0491855,0.685642,-0.726276],"elbow":[52.826,128.462,279.705],"grabStrength":0,"id":351,"palmNormal":[0.0262674,-0.726016,-0.687176],"palmPosition":[-32.1838,275.95,8.70104],"palmVelocity":[19.5533,295.143,-272.465],"palmWidth":90.0033,"pinchStrength":0.353487,"r":[[0.89149,0.112495,0.438851],[-0.272247,0.907292,0.320473],[-0.362114,-0.405174,0.839468]],"s":1.13248,"sphereCenter":[-43.2745,263.29,-32.3701],"sphereRadius":47.0171,"stabilizedPalmPosition":[-32.6578,268.809,15.3523],"t":[23.3975,147.77,-104.066],"timeVisible":0.27138,"type":"right","wrist":[-22.1405,242.828,50.2976]}],"id":1154763,"interactionBox":{"center":[0,200,0],"size":[235.247,235.247,147.751]},"pointables":[{"bases":[[[0.368679,0.804437,0.465786],[-0.796094,0.0145482,0.604999],[0.479907,-0.59386,0.645771]],[[0.197848,0.951033,0.237471],[-0.793812,0.0133199,0.608017],[0.575081,-0.308802,0.757577]],[[0.197848,0.951033,0.237471],[-0.974102,0.163701,0.155972],[0.10946,-0.26218,0.958791]],[[0.197848,0.951033,0.237471],[-0.979974,0.186333,0.0702272],[0.0225397,-0.24661,0.968853]]],"btipPosition":[-82.4572,261.059,-46.2572],"carpPosition":[-49.8484,231.26,45.914],"dipPosition":[-81.9355,255.35,-23.8284],"direction":[-0.10946,0.26218,-0.958791],"extended":false,"handId":351,"id":3510,"length":51.5512,"mcpPosition":[-49.8484,231.26,45.914],"pipPosition":[-78.2438,246.508,8.50766],"stabilizedTipPosition":[-82.8297,248.854,-30.2005],"timeVisible":0.27138,"tipPosition":[-80.9871,259.235,-41.2126],"tipVelocity":[8.45494,297.811,-293.973],"tool":false,"touchDistance":-0.18018,"touchZone":"hovering","type":0,"width":20.0304},{"bases":[[[0.976012,0.167246,-0.139391],[-0.0580373,0.816931,0.573807],[0.20984,-0.551953,0.807041]],[[0.981106,0.152934,-0.1185],[-0.0335983,0.737868,0.674108],[0.190532,-0.65739,0.729065]],[[0.981106,0.152934,-0.1185],[-0.0958757,0.91632,0.388799],[0.168045,-0.370092,0.91367]],[[0.981106,0.152934,-0.1185],[-0.13954,0.983616,0.114137],[0.134014,-0.0954452,0.986372]]],"btipPosition":[-72.5615,331.546,-76.8504],"carpPosition":[-42.9116,252.982,51.3765],"dipPosition":[-70.2967,329.933,-60.1804],"direction":[-0.168045,0.370092,-0.91367],"extended":true,"handId":351,"id":3511,"length":58.1698,"mcpPosition":[-58.1821,293.148,-7.35337],"pipPosition":[-66.279,321.085,-38.3361],"stabilizedTipPosition":[-72.645,326.565,-68.6708],"timeVisible":0.27138,"tipPosition":[-71.1046,329.826,-73.117],"tipVelocity":[34.4657,333.811,-289.356],"tool":false,"touchDistance":0.150781,"touchZone":"hovering","type":1,"width":19.133},{"bases":[[[0.990886,-0.0505959,-0.12484],[0.112426,0.821129,0.55956],[0.074198,-0.568495,0.819334]],[[0.987048,-0.0274291,-0.158065],[-0.0569457,0.86121,-0.505049],[0.14998,0.507508,0.848494]],[[0.987048,-0.0274291,-0.158065],[-0.155041,-0.416261,-0.895929],[-0.0412216,0.908831,-0.415122]],[[0.987048,-0.0274291,-0.158065],[-0.0868061,-0.919895,-0.382437],[-0.134913,0.391205,-0.910361]]],"btipPosition":[-39.9758,238.894,-18.2062],"carpPosition":[-31.3719,256.694,50.1929],"dipPosition":[-42.4836,246.166,-35.1281],"direction":[0.0412216,-0.908831,0.415122],"extended":false,"handId":351,"id":3512,"length":66.2798,"mcpPosition":[-36.4924,295.926,-6.35048],"pipPosition":[-43.6431,271.73,-46.8047],"stabilizedTipPosition":[-42.5409,229.656,-11.7075],"timeVisible":0.27138,"tipPosition":[-40.433,240.118,-21.3241],"tipVelocity":[53.4995,286.589,-277.014],"tool":false,"touchDistance":0.333333,"touchZone":"none","type":2,"width":18.7912},{"bases":[[[0.979691,-0.195459,-0.0447317],[0.185241,0.796875,0.575044],[-0.0767518,-0.571652,0.816898]],[[0.981787,-0.175203,-0.0734758],[0.102699,0.814788,-0.570591],[0.159837,0.552653,0.817941]],[[0.981787,-0.175203,-0.0734758],[-0.148322,-0.465156,-0.872715],[0.118725,0.867718,-0.48267]],[[0.981787,-0.175203,-0.0734758],[-0.189886,-0.917465,-0.349574],[-0.00616492,0.357159,-0.934023]]],"btipPosition":[-24.7977,237.892,-7.75984],"carpPosition":[-19.35,257.275,48.5168],"dipPosition":[-24.9116,244.493,-25.0219],"direction":[-0.118725,-0.867718,0.48267],"extended":false,"handId":351,"id":3513,"length":63.7298,"mcpPosition":[-14.5944,292.695,-2.09885],"pipPosition":[-21.6583,268.27,-38.2478],"stabilizedTipPosition":[-26.1145,231.298,-4.55618],"timeVisible":0.27138,"tipPosition":[-24.8841,239.175,-11.6969],"tipVelocity":[46.1817,291.405,-259.457],"tool":false,"touchDistance":0.333333,"touchZone":"none","type":3,"width":17.881},{"bases":[[[0.920059,-0.389269,-0.0442789],[0.32785,0.703118,0.630983],[-0.214489,-0.595059,0.774532]],[[0.922399,-0.382595,-0.052932],[0.30148,0.798853,-0.520523],[0.241434,0.464172,0.852205]],[[0.922399,-0.382595,-0.052932],[-0.206274,-0.372102,-0.904982],[0.326545,0.845672,-0.422145]],[[0.922399,-0.382595,-0.052932],[-0.368052,-0.829112,-0.420846],[0.117127,0.40767,-0.905586]]],"btipPosition":[-11.7621,245.526,-5.71463],"carpPosition":[-7.30547,250.942,44.909],"dipPosition":[-9.76507,252.477,-21.1548],"direction":[-0.326545,-0.845672,0.422145],"extended":false,"handId":351,"id":3514,"length":49.963,"mcpPosition":[4.99686,285.072,0.484638],"pipPosition":[-3.44749,268.838,-29.3219],"stabilizedTipPosition":[-11.9593,240.786,-4.1475],"timeVisible":0.27138,"tipPosition":[-11.1703,246.678,-9.42321],"tipVelocity":[31.6201,298.974,-240.073],"tool":false,"touchDistance":0.333333,"touchZone":"none","type":4,"width":15.8833}],"r":[[0.89149,0.112495,0.438851],[-0.272247,0.907292,0.320473],[-0.362114,-0.405174,0.839468]],"s":1.13248,"t":[23.3975,147.77,-104.066],"timestamp":15214473101},false],[5,{"currentFrameRate":108.247,"devices":[],"gestures":[{"direction":[0.0612562,0.760793,-0.646097],"duration":63544,"handIds":[351],"id":2,"pointableIds":[3510],"position":[-82.1035,257.333,-39.0715],"speed":272.925,"startPosition":[-92.3534,156.052,42.8226],"state":"update","type":"swipe"}],"hands":[{"armBasis":[[0.960675,0.160711,-0.22644],[-0.0399073,0.886931,0.460175],[0.274792,-0.433042,0.858466]],"armWidth":63.029,"confidence":0.83678,"direction":[-0.0458944,0.686527,-0.725654],"elbow":[51.5456,128.451,277.905],"grabStrength":0,"id":351,"palmNormal":[0.0283096,-0.725234,-0.68792],"palmPosition":[-31.7032,277.283,7.03735],"palmVelocity":[28.7732,253.963,-247.643],"palmWidth":90.0033,"pinchStrength":0.344149,"r":[[0.888133,0.114372,0.445128],[-0.276859,0.906221,0.319551],[-0.366836,-0.407041,0.83651]],"s":1.13646,"sphereCenter":[-43.1282,264.76,-34.0322],"sphereRadius":47.0872,"stabilizedPalmPosition":[-32.4351,270.787,13.4121],"t":[23.7351,149.583,-106.006],"timeVisible":0.280477,"type":"right","wrist":[-21.8437,244.105,48.6329]}],"id":1154764,"interactionBox":{"center":[0,200,0],"size":[235.247,235.247,147.751]},"pointables":[{"bases":[[[0.367536,0.803603,0.468123],[-0.798373,0.0144657,0.60199],[0.476989,-0.594989,0.646891]],[[0.198992,0.949885,0.241082],[-0.794121,0.0121418,0.607638],[0.574259,-0.312363,0.75674]],[[0.198992,0.949885,0.241082],[-0.973813,0.164056,0.157399],[0.10996,-0.26609,0.957656]],[[0.198992,0.949885,0.241082],[-0.979648,0.186209,0.0749348],[0.0262879,-0.251087,0.967608]]],"btipPosition":[-82.2156,262.774,-47.932],"carpPosition":[-49.5438,232.564,44.1307],"dipPosition":[-81.6071,256.961,-25.5321],"direction":[-0.10996,0.26609,-0.957656],"extended":false,"handId":351,"id":3510,"length":51.5512,"mcpPosition":[-49.5438,232.564,44.1307],"pipPosition":[-77.8986,247.987,6.76567],"stabilizedTipPosition":[-82.688,251.218,-32.5642],"timeVisible":0.280477,"tipPosition":[-80.7342,260.893,-42.9394],"tipVelocity":[14.0795,266.794,-263.734],"tool":false,"touchDistance":-0.208205,"touchZone":"hovering","type":0,"width":20.0304},{"bases":[[[0.976664,0.166644,-0.135491],[-0.0595781,0.816306,0.574539],[0.206346,-0.553059,0.807185]],[[0.981119,0.153977,-0.117032],[-0.0352379,0.737301,0.674645],[0.190168,-0.657783,0.728805]],[[0.981119,0.153977,-0.117032],[-0.0962377,0.913557,0.395161],[0.167761,-0.376437,0.911127]],[[0.981119,0.153977,-0.117032],[-0.139097,0.982207,0.126181],[0.134378,-0.107519,0.98508]]],"btipPosition":[-71.9903,333.291,-78.4988],"carpPosition":[-42.6108,254.273,49.6449],"dipPosition":[-69.7193,331.474,-61.8506],"direction":[-0.167761,0.376437,-0.911127],"extended":true,"handId":351,"id":3511,"length":58.1698,"mcpPosition":[-57.627,294.52,-9.09545],"pipPosition":[-65.7084,322.474,-40.0671],"stabilizedTipPosition":[-72.266,328.597,-70.6028],"timeVisible":0.280477,"tipPosition":[-70.5211,331.555,-74.7885],"tipVelocity":[42.3572,293.022,-259.541],"tool":false,"touchDistance":0.132145,"touchZone":"hovering","type":1,"width":19.133},{"bases":[[[0.991313,-0.0512266,-0.121138],[0.110941,0.820387,0.560943],[0.0706448,-0.569509,0.818943]],[[0.987652,-0.02819,-0.154105],[-0.0541957,0.861462,-0.504922],[0.14699,0.507039,0.849297]],[[0.987652,-0.02819,-0.154105],[-0.1518,-0.415381,-0.896892],[-0.038729,0.909211,-0.414531]],[[0.987652,-0.02819,-0.154105],[-0.0861538,-0.91931,-0.383988],[-0.130846,0.392524,-0.910387]]],"btipPosition":[-39.4257,240.235,-19.9172],"carpPosition":[-31.0638,257.978,48.5095],"dipPosition":[-41.8579,247.532,-36.8396],"direction":[0.038729,-0.909211,0.414531],"extended":false,"handId":351,"id":3512,"length":66.2798,"mcpPosition":[-35.9391,297.28,-8.00701],"pipPosition":[-42.9472,273.106,-48.4996],"stabilizedTipPosition":[-42.0658,231.935,-13.9571],"timeVisible":0.280477,"tipPosition":[-39.8712,241.488,-23.0672],"tipVelocity":[55.9624,248.198,-252.376],"tool":false,"touchDistance":0.333333,"touchZone":"none","type":2,"width":18.7912},{"bases":[[[0.979701,-0.196174,-0.0412427],[0.183678,0.796058,0.576675],[-0.0802971,-0.572545,0.815932]],[[0.981903,-0.176117,-0.0696314],[0.105761,0.814939,-0.569814],[0.157099,0.552138,0.818818]],[[0.981903,-0.176117,-0.0696314],[-0.145257,-0.464456,-0.873602],[0.121515,0.867908,-0.481633]],[[0.981903,-0.176117,-0.0696314],[-0.189372,-0.916921,-0.351274],[-0.00198132,0.358103,-0.93368]]],"btipPosition":[-24.296,239.224,-9.41063],"carpPosition":[-19.0351,258.551,46.8796],"dipPosition":[-24.3326,245.842,-26.6663],"direction":[-0.121515,-0.867908,0.481633],"extended":false,"handId":351,"id":3513,"length":63.7298,"mcpPosition":[-14.0599,294.026,-3.67611],"pipPosition":[-21.0029,269.625,-39.8638],"stabilizedTipPosition":[-25.695,233.488,-6.60108],"timeVisible":0.280477,"tipPosition":[-24.3596,240.523,-13.3588],"tipVelocity":[49.2075,251.348,-237.801],"tool":false,"touchDistance":0.333333,"touchZone":"none","type":3,"width":17.881},{"bases":[[[0.919917,-0.389938,-0.041243],[0.326001,0.702123,0.633045],[-0.217891,-0.595794,0.773015]],[[0.920991,-0.386966,-0.0450931],[0.308783,0.795644,-0.521156],[0.237548,0.466056,0.852269]],[[0.920991,-0.386966,-0.0450931],[-0.20147,-0.374013,-0.905276],[0.333445,0.842836,-0.422425]],[[0.920991,-0.386966,-0.0450931],[-0.368663,-0.828256,-0.421995],[0.125949,0.405278,-0.905476]]],"btipPosition":[-11.3914,246.869,-7.2252],"carpPosition":[-6.982,252.213,43.3102],"dipPosition":[-9.24403,253.779,-22.6635],"direction":[-0.333445,-0.842836,0.422425],"extended":false,"handId":351,"id":3514,"length":49.963,"mcpPosition":[5.51545,286.386,-1.02722],"pipPosition":[-2.79297,270.085,-30.836],"stabilizedTipPosition":[-11.6683,242.889,-5.96448],"timeVisible":0.280477,"tipPosition":[-10.7297,248.045,-10.9643],"tipVelocity":[35.2014,256.757,-219.549],"tool":false,"touchDistance":0.333333,"touchZone":"none","type":4,"width":15.8833}],"r":[[0.888133,0.114372,0.445128],[-0.276859,0.906221,0.319551],[-0.366836,-0.407041,0.83651]],"s":1.13646,"t":[23.7351,149.583,-106.006],"timestamp":15214482198},false],[6,{"currentFrameRate":108.52,"devices":[],"gestures":[{"direction":[0.0612562,0.760793,-0.646097],"duration":63544,"handIds":[351],"id":2,"pointableIds":[3510],"position":[-82.1035,257.333,-39.0715],"speed":272.925,"startPosition":[-92.3534,156.052,42.8226],"state":"update","type":"swipe"}],"hands":[{"armBasis":[[0.962065,0.158035,-0.222386],[-0.0408296,0.889362,0.455378],[0.269747,-0.429023,0.862076]],"armWidth":63.029,"confidence":0.841693,"direction":[-0.0444728,0.685754,-0.726474],"elbow":[50.3325,130.697,276.962],"grabStrength":0,"id":351,"palmNormal":[0.0295268,-0.725973,-0.687089],"palmPosition":[-31.488,278.412,5.07617],"palmVelocity":[27.6769,220.656,-241.55],"palmWidth":90.0033,"pinchStrength":0.340255,"r":[[0.885246,0.115942,0.45044],[-0.280643,0.90543,0.31849],[-0.370916,-0.408355,0.834067]],"s":1.13974,"sphereCenter":[-43.2822,265.938,-35.9377],"sphereRadius":47.1363,"stabilizedPalmPosition":[-32.4351,270.787,13.4121],"t":[24.0115,151.053,-107.957],"timeVisible":0.289199,"type":"right","wrist":[-21.7094,245.277,46.7256]}],"id":1154765,"interactionBox":{"center":[0,200,0],"size":[235.247,235.247,147.751]},"pointables":[{"bases":[[[0.366736,0.80407,0.467948],[-0.799495,0.0151849,0.600481],[0.475723,-0.59434,0.648419]],[[0.199461,0.949667,0.241552],[-0.794153,0.0122536,0.607594],[0.574053,-0.31302,0.756625]],[[0.199461,0.949667,0.241552],[-0.973725,0.164442,0.157542],[0.109891,-0.266628,0.957514]],[[0.199461,0.949667,0.241552],[-0.979562,0.186712,0.0748082],[0.0259423,-0.251536,0.9675]]],"btipPosition":[-82.0535,264.005,-49.8658],"carpPosition":[-49.4021,233.734,42.184],"dipPosition":[-81.4529,258.182,-27.4684],"direction":[-0.109891,0.266628,-0.957514],"extended":false,"handId":351,"id":3510,"length":51.5512,"mcpPosition":[-49.4021,233.734,42.184],"pipPosition":[-77.7467,249.189,4.82463],"stabilizedTipPosition":[-82.5556,253.179,-34.6456],"timeVisible":0.289199,"tipPosition":[-80.6189,262.109,-44.8955],"tipVelocity":[15.23,233.123,-252.517],"tool":false,"touchDistance":-0.240444,"touchZone":"hovering","type":0,"width":20.0304},{"bases":[[[0.976931,0.166408,-0.133843],[-0.0605747,0.816927,0.573551],[0.204784,-0.552213,0.808161]],[[0.980836,0.155317,-0.117633],[-0.0360454,0.737987,0.673851],[0.191472,-0.656697,0.729443]],[[0.980836,0.155317,-0.117633],[-0.0961721,0.911025,0.400979],[0.169445,-0.381981,0.908503]],[[0.980836,0.155317,-0.117633],[-0.138656,0.980594,0.138599],[0.136877,-0.119632,0.983338]]],"btipPosition":[-71.8812,334.695,-80.4618],"carpPosition":[-42.4774,255.448,47.6878],"dipPosition":[-69.568,332.674,-63.8431],"direction":[-0.169445,0.381981,-0.908503],"extended":true,"handId":351,"id":3511,"length":58.1698,"mcpPosition":[-57.3799,295.634,-11.1235],"pipPosition":[-65.5168,323.541,-42.1223],"stabilizedTipPosition":[-72.0006,330.228,-72.3503],"timeVisible":0.289199,"tipPosition":[-70.4001,332.922,-76.7813],"tipVel