{"sensorType":"Leap","data":[[0,{"currentFrameRate":110.514,"devices":[],"gestures":[{"direction":[0.205034,0.703241,-0.680744],"duration":35932,"handIds":[348],"id":1,"pointableIds":[3480],"position":[-75.2434,251.105,-19.8644],"speed":262.887,"startPosition":[-97.8603,169.817,56.1442],"state":"update","type":"swipe"},{"direction":[0.202005,0.780356,-0.59181],"duration":26919,"handIds":[348],"id":2,"pointableIds":[3481],"position":[-68.1117,312.262,-52.7937],"speed":323.935,"startPosition":[-91.8408,222.087,14.0346],"state":"update","type":"swipe"}],"hands":[{"armBasis":[[0.960474,-0.0214885,-0.277538],[0.138046,0.90255,0.407856],[0.241728,-0.430048,0.869843]],"armWidth":63.029,"confidence":0.733703,"direction":[-0.136241,0.693516,-0.707442],"elbow":[52.1253,128.657,293.416],"grabStrength":0,"id":348,"palmNormal":[-0.191426,-0.719072,-0.668051],"palmPosition":[-27.8577,277.816,22.2025],"palmVelocity":[61.7432,329.417,-316.75],"palmWidth":90.0033,"pinchStrength":0.74237,"r":[[0.954327,0.066376,0.291296],[-0.154967,0.943567,0.292688],[-0.25543,-0.324462,0.910758]],"s":0.923877,"sphereCenter":[-17.1441,253.684,-28.5255],"sphereRadius":54.1639,"stabilizedPalmPosition":[-29.6813,268.083,31.4872],"t":[24.7052,123.111,-99.3037],"timeVisible":0.235073,"type":"right","wrist":[-12.4334,243.511,61.1051]}],"id":1153210,"interactionBox":{"center":[0,200,0],"size":[235.247,235.247,147.751]},"pointables":[{"bases":[[[0.535764,0.760615,0.366635],[-0.643486,0.0866626,0.760537],[0.546702,-0.643393,0.535876]],[[0.283518,0.949888,0.131644],[-0.765384,0.141437,0.62784],[0.577759,-0.278762,0.767129]],[[0.283518,0.949888,0.131644],[-0.943137,0.251358,0.217513],[0.173523,-0.185827,0.967139]],[[0.283518,0.949888,0.131644],[-0.956832,0.289364,-0.0272272],[-0.0639558,-0.118242,0.990923]]],"btipPosition":[-74.326,257.502,-30.5661],"carpPosition":[-41.4268,234.734,62.8692],"dipPosition":[-75.8066,254.765,-7.62642],"direction":[-0.173523,0.185827,-0.967139],"extended":false,"handId":348,"id":3480,"length":51.5512,"mcpPosition":[-41.4268,234.734,62.8692],"pipPosition":[-69.9544,248.498,24.9912],"stabilizedTipPosition":[-79.2431,239.377,-7.88625],"timeVisible":0.235073,"tipPosition":[-75.1203,257.79,-24.9863],"tipVelocity":[77.6132,344.804,-340.134],"tool":false,"touchDistance":-0.401279,"touchZone":"hovering","type":0,"width":20.0304},{"bases":[[[0.935331,0.0726661,-0.346229],[0.145176,0.813638,0.562954],[0.322613,-0.576813,0.750472]],[[0.983774,-0.0580848,-0.169748],[0.135636,0.860096,0.49177],[0.117435,-0.506815,0.854019]],[[0.983774,-0.0580848,-0.169748],[0.0882285,0.980458,0.175833],[0.156217,-0.187956,0.969674]],[[0.983774,-0.0580848,-0.169748],[0.0438727,0.995302,-0.0863111],[0.173964,0.0774634,0.981701]]],"btipPosition":[-66.5545,322.326,-64.2188],"carpPosition":[-31.4118,255.628,66.4616],"dipPosition":[-63.6144,323.635,-47.6277],"direction":[-0.156217,0.187956,-0.969674],"extended":true,"handId":348,"id":3481,"length":58.1698,"mcpPosition":[-54.889,297.603,11.8484],"pipPosition":[-59.8796,319.141,-24.4444],"stabilizedTipPosition":[-67.855,314.187,-53.8252],"timeVisible":0.235073,"tipPosition":[-65.5118,321.585,-60.3],"tipVelocity":[95.2665,403.467,-315.064],"tool":false,"touchDistance":0.157971,"touchZone":"hovering","type":1,"width":19.133},{"bases":[[[0.931773,-0.145709,-0.332518],[0.308262,0.801348,0.512655],[0.191764,-0.580181,0.791591]],[[0.927074,-0.132212,-0.35079],[-0.0623333,0.868352,-0.492015],[0.369659,0.478001,0.796786]],[[0.927074,-0.132212,-0.35079],[-0.37333,-0.240665,-0.895938],[0.0340308,0.961561,-0.272473]],[[0.927074,-0.132212,-0.35079],[-0.315019,-0.782004,-0.537804],[-0.203215,0.60909,-0.766625]]],"btipPosition":[-48.1241,237.09,-7.90287],"carpPosition":[-20.0858,258.209,62.8006],"dipPosition":[-51.9015,248.412,-22.1531],"direction":[-0.0340308,-0.961561,0.272473],"extended":false,"handId":348,"id":3482,"length":66.2798,"mcpPosition":[-33.3197,298.248,8.17173],"pipPosition":[-50.9442,275.458,-29.8172],"stabilizedTipPosition":[-51.7462,220.25,7.39963],"timeVisible":0.235073,"tipPosition":[-48.5701,239.042,-9.79058],"tipVelocity":[43.9821,353.696,-340.877],"tool":false,"touchDistance":0.333333,"touchZone":"none","type":2,"width":18.7912},{"bases":[[[0.92393,-0.289491,-0.250098],[0.380001,0.769987,0.512561],[0.0441905,-0.568608,0.821421]],[[0.922667,-0.276321,-0.268946],[0.130271,0.879847,-0.457054],[0.362925,0.386673,0.847803]],[[0.922667,-0.276321,-0.268946],[-0.317831,-0.150062,-0.936197],[0.218332,0.949278,-0.22628]],[[0.922667,-0.276321,-0.268946],[-0.384092,-0.72018,-0.577767],[-0.0340407,0.636387,-0.770619]]],"btipPosition":[-32.8308,238.001,-9.32812],"carpPosition":[-8.69966,257.632,58.5939],"dipPosition":[-33.4599,249.762,-23.5702],"direction":[-0.218332,-0.949278,0.22628],"extended":false,"handId":348,"id":3483,"length":63.7298,"mcpPosition":[-11.4377,292.863,7.69806],"pipPosition":[-27.4773,275.774,-29.7707],"stabilizedTipPosition":[-35.4868,223.743,3.94539],"timeVisible":0.235073,"tipPosition":[-32.7675,240.145,-11.1898],"tipVelocity":[44.6301,353.902,-355.831],"tool":false,"touchDistance":0.333333,"touchZone":"none","type":3,"width":17.881},{"bases":[[[0.847262,-0.476573,-0.234576],[0.521482,0.662307,0.537966],[-0.101019,-0.578124,0.809671]],[[0.852099,-0.437142,-0.28781],[0.265844,0.835181,-0.481455],[0.450838,0.333735,0.827869]],[[0.852099,-0.437142,-0.28781],[-0.368327,-0.110171,-0.923146],[0.371837,0.892619,-0.254888]],[[0.852099,-0.437142,-0.28781],[-0.519429,-0.638874,-0.567479],[0.0641947,0.633045,-0.771448]]],"btipPosition":[-16.6366,243.613,-4.73095],"carpPosition":[1.62604,250.189,52.5799],"dipPosition":[-15.5421,254.406,-17.8841],"direction":[-0.371837,-0.892619,0.254888],"extended":false,"handId":348,"id":3484,"length":49.963,"mcpPosition":[7.42013,283.348,6.14004],"pipPosition":[-8.34826,271.675,-22.8153],"stabilizedTipPosition":[-18.2888,233.539,4.84047],"timeVisible":0.235073,"tipPosition":[-16.2486,245.618,-6.52171],"tipVelocity":[49.0289,343.86,-354.051],"tool":false,"touchDistance":0.333333,"touchZone":"none","type":4,"width":15.8833}],"r":[[0.954327,0.066376,0.291296],[-0.154967,0.943567,0.292688],[-0.25543,-0.324462,0.910758]],"s":0.923877,"t":[24.7052,123.111,-99.3037],"timestamp":15200156127},false],[1,{"currentFrameRate":110.506,"devices":[],"gestures":[{"direction":[0.205034,0.703241,-0.680744],"duration":35932,"handIds":[348],"id":1,"pointableIds":[3480],"position":[-75.2434,251.105,-19.8644],"speed":262.887,"startPosition":[-97.8603,169.817,56.1442],"state":"update","type":"swipe"},{"direction":[0.202005,0.780356,-0.59181],"duration":26919,"handIds":[348],"id":2,"pointableIds":[3481],"position":[-68.1117,312.262,-52.7937],"speed":323.935,"startPosition":[-91.8408,222.087,14.0346],"state":"update","type":"swipe"}],"hands":[{"armBasis":[[0.959727,-0.0312136,-0.279196],[0.144526,0.907069,0.395395],[0.240908,-0.419822,0.87505]],"armWidth":63.029,"confidence":0.724869,"direction":[-0.133395,0.700918,-0.700656],"elbow":[51.9848,133.435,292.553],"grabStrength":0,"id":348,"palmNormal":[-0.201792,-0.711374,-0.673221],"palmPosition":[-27.6587,280.346,20.3317],"palmVelocity":[50.7544,315.522,-286.286],"palmWidth":90.0033,"pinchStrength":0.743569,"r":[[0.954294,0.0602851,0.292726],[-0.150237,0.943464,0.295474],[-0.258364,-0.325947,0.909399]],"s":0.923414,"sphereCenter":[-17.5066,256.557,-30.6693],"sphereRadius":54.1511,"stabilizedPalmPosition":[-29.2448,270.73,29.0794],"t":[25.0429,125.621,-101.51],"timeVisible":0.244135,"type":"right","wrist":[-12.355,245.557,58.8516]}],"id":1153211,"interactionBox":{"center":[0,200,0],"size":[235.247,235.247,147.751]},"pointables":[{"bases":[[[0.544905,0.752287,0.370327],[-0.63859,0.086106,0.764715],[0.543398,-0.653184,0.527323]],[[0.293348,0.945926,0.138456],[-0.760539,0.143158,0.633314],[0.579247,-0.291083,0.761409]],[[0.293348,0.945926,0.138456],[-0.939635,0.258599,0.22408],[0.176159,-0.195832,0.964685]],[[0.293348,0.945926,0.138456],[-0.954137,0.298739,-0.0194348],[-0.0597461,-0.126405,0.990178]]],"btipPosition":[-74.5798,260.943,-32.3572],"carpPosition":[-41.4207,237.04,60.6957],"dipPosition":[-75.9629,258.017,-9.43474],"direction":[-0.176159,0.195832,-0.964685],"extended":false,"handId":348,"id":3480,"length":51.5512,"mcpPosition":[-41.4207,237.04,60.6957],"pipPosition":[-70.0218,251.413,23.1001],"stabilizedTipPosition":[-78.5227,242.841,-11.0695],"timeVisible":0.244135,"tipPosition":[-75.339,261.166,-26.7785],"tipVelocity":[49.1253,353.126,-300.902],"tool":false,"touchDistance":-0.41641,"touchZone":"hovering","type":0,"width":20.0304},{"bases":[[[0.93413,0.0668354,-0.35062],[0.155885,0.807287,0.569199],[0.321093,-0.586363,0.743692]],[[0.982154,-0.0652859,-0.176386],[0.146284,0.854624,0.498216],[0.118218,-0.515127,0.848922]],[[0.982154,-0.0652859,-0.176386],[0.0985762,0.977376,0.187136],[0.160178,-0.201183,0.966369]],[[0.982154,-0.0652859,-0.176386],[0.0533249,0.995998,-0.0717252],[0.180363,0.0610394,0.981704]]],"btipPosition":[-66.4569,326.146,-65.4763],"carpPosition":[-31.1887,257.806,64.4151],"dipPosition":[-63.4087,327.178,-48.8851],"direction":[-0.160178,0.201183,-0.966369],"extended":true,"handId":348,"id":3481,"length":58.1698,"mcpPosition":[-54.5553,300.477,10.2953],"pipPosition":[-59.5791,322.368,-25.7809],"stabilizedTipPosition":[-67.233,317.801,-56.1471],"timeVisible":0.244135,"tipPosition":[-65.3955,325.344,-61.5774],"tipVelocity":[72.6867,406.533,-266.373],"tool":false,"touchDistance":0.179337,"touchZone":"hovering","type":1,"width":19.133},{"bases":[[[0.928569,-0.151607,-0.338784],[0.318579,0.793895,0.517918],[0.190438,-0.588852,0.785485]],[[0.9239,-0.137901,-0.356921],[-0.0563773,0.873557,-0.483445],[0.378459,0.466777,0.799305]],[[0.9239,-0.137901,-0.356921],[-0.380323,-0.228588,-0.896159],[0.0419936,0.963707,-0.263639]],[[0.9239,-0.137901,-0.356921],[-0.325366,-0.774022,-0.543164],[-0.201362,0.617959,-0.759987]]],"btipPosition":[-48.483,240.101,-10.0583],"carpPosition":[-19.8583,260.312,60.7157],"dipPosition":[-52.2259,251.588,-24.1851],"direction":[-0.0419936,-0.963707,0.263639],"extended":false,"handId":348,"id":3482,"length":66.2798,"mcpPosition":[-33.0007,300.95,6.50825],"pipPosition":[-51.0447,278.695,-31.6008],"stabilizedTipPosition":[-51.3447,224.009,3.93863],"timeVisible":0.244135,"tipPosition":[-48.929,242.087,-11.9543],"tipVelocity":[21.1372,348.95,-311.559],"tool":false,"touchDistance":0.333333,"touchZone":"none","type":2,"width":18.7912},{"bases":[[[0.919797,-0.296022,-0.257573],[0.390015,0.761858,0.517165],[0.0431416,-0.576145,0.816208]],[[0.918536,-0.282459,-0.276602],[0.13611,0.882833,-0.449533],[0.371168,0.375264,0.849359]],[[0.918536,-0.282459,-0.276602],[-0.324288,-0.138147,-0.935817],[0.226118,0.94928,-0.218491]],[[0.918536,-0.282459,-0.276602],[-0.394024,-0.711074,-0.582338],[-0.0321981,0.643887,-0.764443]]],"btipPosition":[-33.1785,240.866,-11.5525],"carpPosition":[-8.50061,259.664,56.4429],"dipPosition":[-33.7735,252.766,-25.6805],"direction":[-0.226118,-0.94928,0.218491],"extended":false,"handId":348,"id":3483,"length":63.7298,"mcpPosition":[-11.1737,295.362,5.87002],"pipPosition":[-27.5775,278.778,-31.6675],"stabilizedTipPosition":[-35.1205,227.094,0.782483],"timeVisible":0.244135,"tipPosition":[-33.1111,243.041,-13.4241],"tipVelocity":[21.9467,344.444,-324.55],"tool":false,"touchDistance":0.333333,"touchZone":"none","type":3,"width":17.881},{"bases":[[[0.841438,-0.4825,-0.243261],[0.530598,0.652627,0.540872],[-0.102212,-0.584184,0.805159]],[[0.846483,-0.441069,-0.298202],[0.273336,0.840662,-0.467519],[0.456895,0.314238,0.832167]],[[0.846483,-0.441069,-0.298202],[-0.372267,-0.0898958,-0.923762],[0.380635,0.89296,-0.240291]],[[0.846483,-0.441069,-0.298202],[-0.528174,-0.625112,-0.574689],[0.0670675,0.643967,-0.762108]]],"btipPosition":[-16.9034,246.437,-7.33502],"carpPosition":[1.72184,252.176,50.309],"dipPosition":[-15.7599,257.417,-20.3289],"direction":[-0.380635,-0.89296,0.240291],"extended":false,"handId":348,"id":3484,"length":49.963,"mcpPosition":[7.58436,285.683,4.12797],"pipPosition":[-8.39589,274.692,-24.9777],"stabilizedTipPosition":[-17.9874,236.36,2.06748],"timeVisible":0.244135,"tipPosition":[-16.5166,248.459,-9.07413],"tipVelocity":[27.6992,336.278,-334.516],"tool":false,"touchDistance":0.333333,"touchZone":"none","type":4,"width":15.8833}],"r":[[0.954294,0.0602851,0.292726],[-0.150237,0.943464,0.295474],[-0.258364,-0.325947,0.909399]],"s":0.923414,"t":[25.0429,125.621,-101.51],"timestamp":15200165189},false],[2,{"currentFrameRate":110.512,"devices":[],"gestures":[{"direction":[0.205034,0.703241,-0.680744],"duration":35932,"handIds":[348],"id":1,"pointableIds":[3480],"position":[-75.2434,251.105,-19.8644],"speed":262.887,"startPosition":[-97.8603,169.817,56.1442],"state":"update","type":"swipe"},{"direction":[0.202005,0.780356,-0.59181],"duration":26919,"handIds":[348],"id":2,"pointableIds":[3481],"position":[-68.1117,312.262,-52.7937],"speed":323.935,"startPosition":[-91.8408,222.087,14.0346],"state":"update","type":"swipe"}],"hands":[{"armBasis":[[0.959721,-0.0317114,-0.27916],[0.143315,0.909875,0.389344],[0.241654,-0.413669,0.87777]],"armWidth":63.029,"confidence":0.73231,"direction":[-0.129027,0.705601,-0.696764],"elbow":[51.9025,137.243,291.138],"grabStrength":0,"id":348,"palmNormal":[-0.20169,-0.706623,-0.678236],"palmPosition":[-27.7112,282.792,18.3552],"palmVelocity":[35.1676,303.163,-267.648],"palmWidth":90.0033,"pinchStrength":0.744403,"r":[[0.954082,0.0544814,0.294549],[-0.14609,0.943078,0.298768],[-0.261506,-0.32808,0.907733]],"s":0.923016,"sphereCenter":[-17.5206,259.278,-32.7725],"sphereRadius":54.1417,"stabilizedPalmPosition":[-29.2448,270.73,29.0794],"t":[25.1855,128.098,-103.602],"timeVisible":0.253174,"type":"right","wrist":[-12.6366,247.723,56.7102]}],"id":1153212,"interactionBox":{"center":[0,200,0],"size":[235.247,235.247,147.751]},"pointables":[{"bases":[[[0.545912,0.748374,0.376718],[-0.640832,0.0833102,0.763147],[0.539735,-0.658024,0.525062]],[[0.295869,0.9441,0.145384],[-0.762085,0.141533,0.631819],[0.575924,-0.297731,0.761359]],[[0.295869,0.9441,0.145384],[-0.939647,0.260275,0.222082],[0.171828,-0.202317,0.964128]],[[0.295869,0.9441,0.145384],[-0.953155,0.301811,-0.0201574],[-0.0629091,-0.13261,0.98917]]],"btipPosition":[-74.5089,263.875,-34.6011],"carpPosition":[-41.7332,239.281,58.4071],"dipPosition":[-75.9653,260.805,-11.702],"direction":[-0.171828,0.202317,-0.964128],"extended":false,"handId":348,"id":3480,"length":51.5512,"mcpPosition":[-41.7332,239.281,58.4071],"pipPosition":[-70.1702,253.982,20.814],"stabilizedTipPosition":[-77.8927,246.322,-14.1972],"timeVisible":0.253174,"tipPosition":[-75.2778,264.037,-29.0315],"tipVelocity":[37.2338,344.176,-286.556],"tool":false,"touchDistance":-0.436842,"touchZone":"hovering","type":0,"width":20.0304},{"bases":[[[0.935466,0.0662054,-0.347159],[0.156408,0.803309,0.574657],[0.316922,-0.591871,0.741114]],[[0.982416,-0.0664681,-0.174474],[0.147004,0.851484,0.503354],[0.115105,-0.520152,0.846282]],[[0.982416,-0.0664681,-0.174474],[0.100821,0.975384,0.196113],[0.157144,-0.210255,0.964934]],[[0.982416,-0.0664681,-0.174474],[0.0567596,0.99658,-0.0600617],[0.17787,0.0491025,0.982828]]],"btipPosition":[-66.1698,329.366,-67.2887],"carpPosition":[-31.4521,259.993,62.2875],"dipPosition":[-63.1637,330.196,-50.6786],"direction":[-0.157144,0.210255,-0.964934],"extended":true,"handId":348,"id":3481,"length":58.1698,"mcpPosition":[-54.5151,303.065,8.35535],"pipPosition":[-59.4067,325.169,-27.6087],"stabilizedTipPosition":[-66.6969,321.393,-58.3839],"timeVisible":0.253174,"tipPosition":[-65.1123,328.53,-63.3956],"tipVelocity":[61.1141,391.256,-248.091],"tool":false,"touchDistance":0.187622,"touchZone":"hovering","type":1,"width":19.133},{"bases":[[[0.929221,-0.152288,-0.336685],[0.319228,0.789748,0.523824],[0.186124,-0.594228,0.782465]],[[0.924649,-0.138451,-0.35476],[-0.0519329,0.877024,-0.477632],[0.377262,0.460066,0.803749]],[[0.924649,-0.138451,-0.35476],[-0.378037,-0.221308,-0.89895],[0.0459495,0.965326,-0.256972]],[[0.924649,-0.138451,-0.35476],[-0.325944,-0.769477,-0.549241],[-0.196937,0.623487,-0.756624]]],"btipPosition":[-48.5657,242.82,-12.387],"carpPosition":[-20.1023,262.488,58.6405],"dipPosition":[-52.2264,254.409,-26.4513],"direction":[-0.0459495,-0.965326,0.256972],"extended":false,"handId":348,"id":3482,"length":66.2798,"mcpPosition":[-32.9469,303.497,4.64146],"pipPosition":[-50.9339,281.562,-33.6795],"stabilizedTipPosition":[-51.0165,227.648,0.624548],"timeVisible":0.253174,"tipPosition":[-49.0075,244.831,-14.2983],"tipVelocity":[13.3678,336.39,-296.259],"tool":false,"touchDistance":0.333333,"touchZone":"none","type":2,"width":18.7912},{"bases":[[[0.919756,-0.297172,-0.256392],[0.390571,0.757504,0.523107],[0.0387653,-0.581271,0.812786]],[[0.918565,-0.283178,-0.275768],[0.14021,0.885736,-0.442507],[0.369566,0.367806,0.853311]],[[0.918565,-0.283178,-0.275768],[-0.321666,-0.130076,-0.937876],[0.229715,0.950206,-0.210572]],[[0.918565,-0.283178,-0.275768],[-0.394284,-0.705663,-0.58871],[-0.0278898,0.6495,-0.75985]]],"btipPosition":[-33.2467,243.552,-13.8591],"carpPosition":[-8.73264,261.832,54.4008],"dipPosition":[-33.7621,255.556,-27.9022],"direction":[-0.229715,-0.950206,0.210572],"extended":false,"handId":348,"id":3483,"length":63.7298,"mcpPosition":[-11.1346,297.848,4.03994],"pipPosition":[-27.4676,281.593,-33.6722],"stabilizedTipPosition":[-34.8242,230.338,-2.23403],"timeVisible":0.253174,"tipPosition":[-33.1735,245.753,-15.7412],"tipVelocity":[14.376,332.154,-304.838],"tool":false,"touchDistance":0.333333,"touchZone":"none","type":3,"width":17.881},{"bases":[[[0.8408,-0.4835,-0.243483],[0.530752,0.647712,0.5466],[-0.106575,-0.58881,0.801215]],[[0.846243,-0.440499,-0.299724],[0.280071,0.846331,-0.453083],[0.453248,0.299475,0.839572]],[[0.846243,-0.440499,-0.299724],[-0.367046,-0.0742222,-0.927237],[0.386201,0.89468,-0.224493]],[[0.846243,-0.440499,-0.299724],[-0.527777,-0.616006,-0.584797],[0.072971,0.653068,-0.753776]]],"btipPosition":[-16.9682,249.206,-9.87021],"carpPosition":[1.48766,254.352,48.2543],"dipPosition":[-15.724,260.341,-22.722],"direction":[-0.386201,-0.89468,0.224493],"extended":false,"handId":348,"id":3484,"length":49.963,"mcpPosition":[7.6004,288.124,2.29948],"pipPosition":[-8.2523,277.65,-27.0652],"stabilizedTipPosition":[-17.7542,239.112,-0.592765],"timeVisible":0.253174,"tipPosition":[-16.5749,251.238,-11.5619],"tipVelocity":[18.7977,329.115,-318.626],"tool":false,"touchDistance":0.333333,"touchZone":"none","type":4,"width":15.8833}],"r":[[0.954082,0.0544814,0.294549],[-0.14609,0.943078,0.298768],[-0.261506,-0.32808,0.907733]],"s":0.923016,"t":[25.1855,128.098,-103.602],"timestamp":15200174228},false],[3,{"currentFrameRate":110.453,"devices":[],"gestures":[{"direction":[0.205034,0.703241,-0.680744],"duration":35932,"handIds":[348],"id":1,"pointableIds":[3480],"position":[-75.2434,251.105,-19.8644],"speed":262.887,"startPosition":[-97.8603,169.817,56.1442],"state":"update","type":"swipe"},{"direction":[0.202005,0.780356,-0.59181],"duration":26919,"handIds":[348],"id":2,"pointableIds":[3481],"position":[-68.1117,312.262,-52.7937],"speed":323.935,"startPosition":[-91.8408,222.087,14.0346],"state":"stop","type":"swipe"}],"hands":[{"armBasis":[[0.960649,-0.0369456,-0.275297],[0.145606,0.911006,0.385833],[0.236543,-0.410735,0.880536]],"armWidth":63.029,"confidence":0.733974,"direction":[-0.130243,0.702317,-0.699849],"elbow":[50.8133,140.233,289.894],"grabStrength":0,"id":348,"palmNormal":[-0.204283,-0.709725,-0.67421],"palmPosition":[-27.5059,284.826,16.2427],"palmVelocity":[31.6136,280.563,-257.352],"palmWidth":90.0033,"pinchStrength":0.746267,"r":[[0.954065,0.0499257,0.29541],[-0.142416,0.943068,0.300567],[-0.263586,-0.328831,0.906859]],"s":0.922808,"sphereCenter":[-17.6071,261.079,-34.7709],"sphereRadius":54.0856,"stabilizedPalmPosition":[-28.8777,273.706,26.3697],"t":[25.3594,130.354,-105.704],"timeVisible":0.262331,"type":"right","wrist":[-12.3607,249.929,54.727]}],"id":1153213,"interactionBox":{"center":[0,200,0],"size":[235.247,235.247,147.751]},"pointables":[{"bases":[[[0.547711,0.749647,0.37154],[-0.638631,0.0876986,0.7645],[0.540521,-0.656002,0.526781]],[[0.297486,0.94438,0.140174],[-0.759758,0.145258,0.633772],[0.578161,-0.295036,0.760713]],[[0.297486,0.94438,0.140174],[-0.939023,0.262903,0.221625],[0.172446,-0.197557,0.965005]],[[0.297486,0.94438,0.140174],[-0.952752,0.303091,-0.0199952],[-0.0613684,-0.127602,0.989925]]],"btipPosition":[-74.4037,265.709,-36.4777],"carpPosition":[-41.461,241.525,56.5457],"dipPosition":[-75.8243,262.755,-13.5611],"direction":[-0.172446,0.197557,-0.965005],"extended":false,"handId":348,"id":3480,"length":51.5512,"mcpPosition":[-41.461,241.525,56.5457],"pipPosition":[-70.0084,256.093,18.9845],"stabilizedTipPosition":[-77.3339,249.628,-17.2028],"timeVisible":0.262331,"tipPosition":[-75.17,265.864,-30.9219],"tipVelocity":[30.3124,304.914,-263.689],"tool":false,"touchDistance":-0.449579,"touchZone":"hovering","type":0,"width":20.0304},{"bases":[[[0.934567,0.0635474,-0.350065],[0.158812,0.805949,0.570285],[0.318375,-0.588564,0.743122]],[[0.981734,-0.0676119,-0.17784],[0.149103,0.854025,0.498407],[0.118182,-0.51582,0.848506]],[[0.981734,-0.0676119,-0.17784],[0.102385,0.975585,0.194298],[0.160361,-0.208957,0.964687]],[[0.981734,-0.0676119,-0.17784],[0.0579694,0.996581,-0.0588744],[0.181213,0.0474898,0.982297]]],"btipPosition":[-66.2358,331.19,-69.5058],"carpPosition":[-31.1483,262.246,60.2963],"dipPosition":[-63.1732,331.993,-52.9046],"direction":[-0.160361,0.208957,-0.964687],"extended":true,"handId":348,"id":3481,"length":58.1698,"mcpPosition":[-54.317,305.076,6.21795],"pipPosition":[-59.3393,326.997,-29.8406],"stabilizedTipPosition":[-66.3374,324.472,-60.6365],"timeVisible":0.262331,"tipPosition":[-65.1582,330.353,-65.6189],"tipVelocity":[42.473,337.544,-246.488],"tool":false,"touchDistance":0.175207,"touchZone":"hovering","type":1,"width":19.133},{"bases":[[[0.92813,-0.154886,-0.338504],[0.321477,0.791973,0.519069],[0.187689,-0.590584,0.784846]],[[0.92352,-0.141128,-0.356641],[-0.0521138,0.875051,-0.481218],[0.379992,0.463,0.800773]],[[0.92352,-0.141128,-0.356641],[-0.380728,-0.224733,-0.896962],[0.0464371,0.964146,-0.261277]],[[0.92352,-0.141128,-0.356641],[-0.328308,-0.771617,-0.544812],[-0.198302,0.620234,-0.758938]]],"btipPosition":[-48.496,244.745,-14.2802],"carpPosition":[-19.806,264.711,56.6057],"dipPosition":[-52.1821,256.274,-28.3875],"direction":[-0.0464371,-0.964146,0.261277],"extended":false,"handId":348,"id":3482,"length":66.2798,"mcpPosition":[-32.7587,305.468,2.44235],"pipPosition":[-50.8759,283.393,-35.7367],"stabilizedTipPosition":[-50.7278,231.057,-2.50841],"timeVisible":0.262331,"tipPosition":[-48.9487,246.759,-16.2249],"tipVelocity":[11.5863,300.817,-271.617],"tool":false,"touchDistance":0.333333,"touchZone":"none","type":2,"width":18.7912},{"bases":[[[0.918741,-0.299366,-0.257478],[0.392785,0.759653,0.518312],[0.0404289,-0.577328,0.815511]],[[0.917473,-0.285111,-0.277409],[0.139787,0.883958,-0.446182],[0.372429,0.370582,0.850862]],[[0.917473,-0.285111,-0.277409],[-0.324545,-0.133222,-0.936441],[0.230032,0.949191,-0.214759]],[[0.917473,-0.285111,-0.277409],[-0.396694,-0.707677,-0.58466],[-0.0296235,0.646456,-0.762376]]],"btipPosition":[-33.1692,245.46,-15.8212],"carpPosition":[-8.44883,264.023,52.3378],"dipPosition":[-33.7166,257.407,-29.911],"direction":[-0.230032,-0.949191,0.214759],"extended":false,"handId":348,"id":3483,"length":63.7298,"mcpPosition":[-10.9538,299.795,1.80816],"pipPosition":[-27.4134,283.417,-35.7957],"stabilizedTipPosition":[-34.5644,233.374,-5.09304],"timeVisible":0.262331,"tipPosition":[-33.1075,247.664,-17.7394],"tipVelocity":[12.5054,297.254,-279.93],"tool":false,"touchDistance":0.333333,"touchZone":"none","type":3,"width":17.881},{"bases":[[[0.839632,-0.485547,-0.243438],[0.53292,0.649833,0.541954],[-0.10495,-0.584775,0.804378]],[[0.84508,-0.441176,-0.301998],[0.279091,0.845819,-0.454641],[0.456013,0.299923,0.837913]],[[0.84508,-0.441176,-0.301998],[-0.370164,-0.0752396,-0.925914],[0.385769,0.894261,-0.226891]],[[0.84508,-0.441176,-0.301998],[-0.53004,-0.617413,-0.581256],[0.0699787,0.651279,-0.755605]]],"btipPosition":[-16.8395,251.147,-11.9706],"carpPosition":[1.74682,256.502,46.1997],"dipPosition":[-15.6464,262.252,-24.8536],"direction":[-0.385769,-0.894261,0.226891],"extended":false,"handId":348,"id":3484,"length":49.963,"mcpPosition":[7.76638,290.043,0.0634929],"pipPosition":[-8.18302,279.553,-29.2432],"stabilizedTipPosition":[-17.5449,241.679,-3.11651],"timeVisible":0.262331,"tipPosition":[-16.4734,253.187,-13.6966],"tipVelocity":[17.1174,296.274,-293.976],"tool":false,"touchDistance":0.333333,"touchZone":"none","type":4,"width":15.8833}],"r":[[0.954065,0.0499257,0.29541],[-0.142416,0.943068,0.300567],[-0.263586,-0.328831,0.906859]],"s":0.922808,"t":[25.3594,130.354,-105.704],"timestamp":15200183385},false],[4,{"currentFrameRate":110.452,"devices":[],"gestures":[{"direction":[0.205034,0.703241,-0.680744],"duration":35932,"handIds":[348],"id":1,"pointableIds":[3480],"position":[-75.2434,251.105,-19.8644],"speed":262.887,"startPosition":[-97.8603,169.817,56.1442],"state":"stop","type":"swipe"}],"hands":[{"armBasis":[[0.960814,-0.0305993,-0.275499],[0.141338,0.909064,0.391952],[0.238453,-0.415531,0.877766]],"armWidth":63.029,"confidence":0.736496,"direction":[-0.129953,0.701984,-0.700236],"elbow":[51.2944,140.503,288.1],"grabStrength":0,"id":348,"palmNormal":[-0.198419,-0.710351,-0.6753],"palmPosition":[-27.504,286.327,15.1306],"palmVelocity":[22.9475,248.868,-220.214],"palmWidth":90.0033,"pinchStrength":0.750586,"r":[[0.953736,0.0470331,0.296944],[-0.140505,0.942919,0.301931],[-0.265793,-0.329684,0.905904]],"s":0.922732,"sphereCenter":[-17.4844,262.712,-35.7757],"sphereRadius":53.9689,"stabilizedPalmPosition":[-28.5931,276.32,24.0413],"t":[25.4474,132.232,-107.311],"timeVisible":0.271387,"type":"right","wrist":[-12.3898,251.48,53.6727]}],"id":1153214,"interactionBox":{"center":[0,200,0],"size":[235.247,235.247,147.751]},"pointables":[{"bases":[[[0.543028,0.751741,0.374173],[-0.642376,0.0849113,0.761671],[0.540808,-0.653969,0.52901]],[[0.292693,0.94569,0.141424],[-0.763097,0.141888,0.630517],[0.576207,-0.292468,0.763183]],[[0.292693,0.94569,0.141424],[-0.941864,0.25961,0.213296],[0.164997,-0.195633,0.966697]],[[0.292693,0.94569,0.141424],[-0.953855,0.299128,-0.0261337],[-0.0670184,-0.127249,0.989604]]],"btipPosition":[-73.928,266.943,-37.8354],"carpPosition":[-41.4639,242.959,55.3596],"dipPosition":[-75.4795,263.997,-14.9263],"direction":[-0.164997,0.195633,-0.966697],"extended":false,"handId":348,"id":3480,"length":51.5512,"mcpPosition":[-41.4639,242.959,55.3596],"pipPosition":[-69.9148,257.4,17.6765],"stabilizedTipPosition":[-76.7967,252.56,-19.9099],"timeVisible":0.271387,"tipPosition":[-74.7591,267.081,-32.2858],"tipVelocity":[35.5259,258.414,-232.34],"tool":false,"touchDistance":-0.453346,"touchZone":"hovering","type":0,"width":20.0304},{"bases":[[[0.935853,0.0674081,-0.345883],[0.153024,0.806421,0.571199],[0.317431,-0.587487,0.744377]],[[0.982619,-0.0627006,-0.174723],[0.143322,0.854433,0.499403],[0.117976,-0.515765,0.848568]],[[0.982619,-0.0627006,-0.174723],[0.0978025,0.974863,0.200192],[0.157779,-0.213801,0.964051]],[[0.982619,-0.0627006,-0.174723],[0.054908,0.997284,-0.0490871],[0.177326,0.0386402,0.983393]]],"btipPosition":[-66.1341,332.849,-70.7379],"carpPosition":[-31.2514,263.72,59.1615],"dipPosition":[-63.1372,333.502,-54.1182],"direction":[-0.157779,0.213801,-0.964051],"extended":true,"handId":348,"id":3481,"length":58.1698,"mcpPosition":[-54.3514,306.472,4.99184],"pipPosition":[-59.365,328.39,-31.0694],"stabilizedTipPosition":[-66.0654,327.07,-62.5499],"timeVisible":0.271387,"tipPosition":[-65.0619,331.962,-66.861],"tipVelocity":[33.388,293.88,-215.874],"tool":false,"touchDistance":0.172993,"touchZone":"hovering","type":1,"width":19.133},{"bases":[[[0.930244,-0.151053,-0.334408],[0.315971,0.793114,0.520704],[0.18657,-0.590045,0.785518]],[[0.925658,-0.137303,-0.352568],[-0.0532694,0.875257,-0.480715],[0.374592,0.463759,0.802875]],[[0.925658,-0.137303,-0.352568],[-0.375803,-0.22549,-0.898847],[0.0439139,0.964522,-0.260326]],[[0.925658,-0.137303,-0.352568],[-0.322827,-0.772598,-0.546694],[-0.197331,0.619871,-0.759487]]],"btipPosition":[-48.2052,246.188,-15.5269],"carpPosition":[-19.9029,266.232,55.5221],"dipPosition":[-51.8732,257.711,-29.6444],"direction":[-0.0439139,-0.964522,0.260326],"extended":false,"handId":348,"id":3482,"length":66.2798,"mcpPosition":[-32.7783,306.952,1.31239],"pipPosition":[-50.638,284.841,-36.9669],"stabilizedTipPosition":[-50.4384,234.122,-5.31172],"timeVisible":0.271387,"tipPosition":[-48.6645,248.212,-17.4965],"tipVelocity":[17.3778,261.733,-234.715],"tool":false,"touchDistance":0.333333,"touchZone":"none","type":2,"width":18.7912},{"bases":[[[0.921077,-0.295592,-0.253463],[0.387411,0.761082,0.520257],[0.0391223,-0.577391,0.81553]],[[0.919783,-0.280803,-0.274135],[0.138394,0.885783,-0.442985],[0.367215,0.369511,0.853589]],[[0.919783,-0.280803,-0.274135],[-0.319899,-0.131898,-0.938226],[0.227299,0.950659,-0.211146]],[[0.919783,-0.280803,-0.274135],[-0.391345,-0.708207,-0.587616],[-0.0291398,0.64776,-0.761287]]],"btipPosition":[-32.8671,247.014,-17.0953],"carpPosition":[-8.52413,265.591,51.3047],"dipPosition":[-33.4056,258.986,-31.1649],"direction":[-0.227299,-0.950659,0.211146],"extended":false,"handId":348,"id":3483,"length":63.7298,"mcpPosition":[-10.9482,301.366,0.773811],"pipPosition":[-27.1773,285.035,-36.9507],"stabilizedTipPosition":[-34.2989,236.14,-7.66427],"timeVisible":0.271387,"tipPosition":[-32.8162,249.227,-19.032],"tipVelocity":[18.3238,262.754,-241.354],"tool":false,"touchDistance":0.333333,"touchZone":"none","type":3,"width":17.881},{"bases":[[[0.842656,-0.482094,-0.239825],[0.52788,0.65182,0.544493],[-0.106175,-0.585419,0.803748]],[[0.848268,-0.436514,-0.299829],[0.27706,0.848323,-0.451204],[0.451309,0.299671,0.840546]],[[0.848268,-0.436514,-0.299829],[-0.366468,-0.0751507,-0.927391],[0.382287,0.896553,-0.223717]],[[0.848268,-0.436514,-0.299829],[-0.525052,-0.619466,-0.583595],[0.0690131,0.65247,-0.754665]]],"btipPosition":[-16.5388,252.739,-13.0936],"carpPosition":[1.72896,258.113,45.2101],"dipPosition":[-15.3621,263.864,-25.9606],"direction":[-0.382287,-0.896553,0.223716],"extended":false,"handId":348,"id":3484,"length":49.963,"mcpPosition":[7.81875,291.69,-0.890041],"pipPosition":[-7.96614,281.209,-30.2888],"stabilizedTipPosition":[-17.324,244.036,-5.35541],"timeVisible":0.271387,"tipPosition":[-16.1958,254.788,-14.8455],"tipVelocity":[21.4431,263.148,-246.948],"tool":false,"touchDistance":0.333333,"touchZone":"none","type":4,"width":15.8833}],"r":[[0.953736,0.0470331,0.296944],[-0.140505,0.942919,0.301931],[-0.265793,-0.329684,0.905904]],"s":0.922732,"t":[25.4474,132.232,-107.311],"timestamp":15200192441},false],[5,{"currentFrameRate":110.594,"devices":[],"gestures":[],"hands":[{"armBasis":[[0.961063,-0.0344789,-0.274171],[0.144883,0.907746,0.393708],[0.235303,-0.418101,0.877396]],"armWidth":63.029,"confidence":0.738093,"direction":[-0.130736,0.697279,-0.704776],"elbow":[50.6342,141.303,286.853],"grabStrength":0,"id":348,"palmNormal":[-0.20058,-0.71478,-0.669969],"palmPosition":[-27.3697,287.562,13.7762],"palmVelocity":[20.8809,219.706,-202.408],"palmWidth":90.0033,"pinchStrength":0.760562,"r":[[0.953603,0.0449301,0.297696],[-0.138653,0.943239,0.301786],[-0.26724,-0.32906,0.905705]],"s":0.922554,"sphereCenter":[-17.8591,263.751,-36.8221],"sphereRadius":53.7111,"stabilizedPalmPosition":[-28.3508,278.547,22.0083],"t":[25.5585,133.789,-108.792],"timeVisible":0.280178,"type":"right","wrist":[-12.2087,252.966,52.5252]}],"id":1153215,"interactionBox":{"center":[0,200,0],"size":[235.247,235.247,147.751]},"pointables":[{"bases":[[[0.544587,0.753741,0.367831],[-0.640663,0.0908137,0.762433],[0.541273,-0.650866,0.53235]],[[0.292728,0.946874,0.133193],[-0.761733,0.146723,0.631059],[0.577991,-0.286186,0.764215]],[[0.292728,0.946874,0.133193],[-0.942887,0.26268,0.204849],[0.158979,-0.185551,0.969689]],[[0.292728,0.946874,0.133193],[-0.953468,0.299561,-0.0340838],[-0.0721724,-0.117018,0.990504]]],"btipPosition":[-73.5176,267.584,-39.0351],"carpPosition":[-41.2877,244.486,54.3326],"dipPosition":[-75.1884,264.875,-16.1051],"direction":[-0.158979,0.185551,-0.969689],"extended":false,"handId":348,"id":3480,"length":51.5512,"mcpPosition":[-41.2877,244.486,54.3326],"pipPosition":[-69.8267,258.617,16.5985],"stabilizedTipPosition":[-76.3086,254.988,-22.2453],"timeVisible":0.280178,"tipPosition":[-74.4612,267.795,-33.476],"tipVelocity":[37.6886,210.143,-206.389],"tool":false,"touchDistance":-0.454269,"touchZone":"hovering","type":0,"width":20.0304},{"bases":[[[0.935181,0.0640631,-0.348328],[0.15506,0.810177,0.565305],[0.318423,-0.582674,0.747729]],[[0.982002,-0.0639404,-0.177721],[0.145172,0.857452,0.493661],[0.120822,-0.510576,0.851302]],[[0.982002,-0.0639404,-0.177721],[0.0996898,0.974676,0.20017],[0.160421,-0.214285,0.963508]],[[0.982002,-0.0639404,-0.177721],[0.0569751,0.997404,-0.0440283],[0.180074,0.0331102,0.983096]]],"btipPosition":[-66.2316,333.926,-72.2717],"carpPosition":[-31.0461,265.262,57.9697],"dipPosition":[-63.1882,334.486,-55.6571],"direction":[-0.160421,0.214285,-0.963508],"extended":true,"handId":348,"id":3481,"length":58.1698,"mcpPosition":[-54.2183,307.665,3.55613],"pipPosition":[-59.3528,329.362,-32.6212],"stabilizedTipPosition":[-65.9114,329.085,-64.2524],"timeVisible":0.280178,"tipPosition":[-65.1492,332.981,-68.4094],"tipVelocity":[21.7446,247.102,-204.768],"tool":false,"touchDistance":0.154848,"touchZone":"hovering","type":1,"width":19.133},{"bases":[[[0.929375,-0.154308,-0.335338],[0.317885,0.796355,0.514556],[0.187648,-0.584814,0.789164]],[[0.924763,-0.140675,-0.353588],[-0.053204,0.872244,-0.486169],[0.376807,0.468403,0.799134]],[[0.924763,-0.140675,-0.353588],[-0.377932,-0.230817,-0.8966],[0.0445146,0.962774,-0.266616]],[[0.924763,-0.140675,-0.353588],[-0.324828,-0.77585,-0.540874],[-0.198244,0.615035,-0.763172]]],"btipPosition":[-48.185,247.251,-16.5879],"carpPosition":[-19.7028,267.738,54.289],"dipPosition":[-51.87,258.684,-30.7739],"direction":[-0.0445146,-0.962774,0.266616],"extended":false,"handId":348,"id":3482,"length":66.2798,"mcpPosition":[-32.6527,308.097,-0.172418],"pipPosition":[-50.6179,285.764,-38.2733],"stabilizedTipPosition":[-50.2023,236.768,-7.75329],"timeVisible":0.280178,"tipPosition":[-48.6531,249.272,-18.5924],"tipVelocity":[13.1975,223.192,-204.508],"tool":false,"touchDistance":0.333333,"touchZone":"none","type":2,"width":18.7912},{"bases":[[[0.920234,-0.298277,-0.25338],[0.389292,0.764247,0.514177],[0.0402775,-0.571802,0.819402]],[[0.918852,-0.283102,-0.274889],[0.138485,0.883667,-0.447163],[0.369503,0.372809,0.851164]],[[0.918852,-0.283102,-0.274889],[-0.322169,-0.13596,-0.936868],[0.227855,0.949404,-0.216133]],[[0.918852,-0.283102,-0.274889],[-0.393418,-0.711168,-0.582634],[-0.0305475,0.643501,-0.764836]]],"btipPosition":[-32.8386,248.101,-18.2786],"carpPosition":[-8.33376,267.056,50.0518],"dipPosition":[-33.4032,259.994,-32.4138],"direction":[-0.227855,-0.949404,0.216133],"extended":false,"handId":348,"id":3483,"length":63.7298,"mcpPosition":[-10.8294,302.485,-0.718945],"pipPosition":[-27.1596,286.009,-38.3362],"stabilizedTipPosition":[-34.0818,238.538,-9.92655],"timeVisible":0.280178,"tipPosition":[-32.8015,250.306,-20.2533],"tipVelocity":[14.0791,224.743,-213.084],"tool":false,"touchDistance":0.333333,"touchZone":"none","type":3,"width":17.881},{"bases":[[[0.841653,-0.4846,-0.23829],[0.529701,0.655011,0.538867],[-0.105052,-0.579762,0.807985]],[[0.847264,-0.438202,-0.300204],[0.276011,0.846084,-0.456026],[0.453829,0.303515,0.837805]],[[0.847264,-0.438202,-0.300204],[-0.369335,-0.0798181,-0.925862],[0.381753,0.895326,-0.22947]],[[0.847264,-0.438202,-0.300204],[-0.526998,-0.622767,-0.578303],[0.0664562,0.648182,-0.75858]]],"btipPosition":[-16.4676,253.79,-14.2857],"carpPosition":[1.89871,259.526,43.9871],"dipPosition":[-15.3346,264.841,-27.2194],"direction":[-0.381753,-0.895326,0.22947],"extended":false,"handId":348,"id":3484,"length":49.963,"mcpPosition":[7.92413,292.779,-2.35603],"pipPosition":[-7.9489,282.163,-31.6589],"stabilizedTipPosition":[-17.1387,246.075,-7.32973],"timeVisible":0.280178,"tipPosition":[-16.1453,255.839,-16.0736],"tipVelocity":[17.5433,223.985,-217.449],"tool":false,"touchDistance":0.333333,"touchZone":"none","type":4,"width":15.8833}],"r":[[0.953603,0.0449301,0.297696],[-0.138653,0.943239,0.301786],[-0.26724,-0.32906,0.905705]],"s":0.922554,"t":[25.5585,133.789,-108.792],"timestamp":15200201232},false],[6,{"currentFrameRate":110.58,"devices":[],"gestures":[],"hands":[{"armBasis":[[0.962281,-0.0374275,-0.269472],[0.145436,0.907853,0.393257],[0.229922,-0.417614,0.879053]],"armWidth":63.029,"confidence":0.73122,"direction":[-0.128838,0.695226,-0.707151],"elbow":[49.0834,142.753,285.632],"grabStrength":0,"id":348,"palmNormal":[-0.200021,-0.716656,-0.668128],"palmPosition":[-27.3825,288.776,11.9796],"palmVelocity":[14.7197,195.993,-201.221],"palmWidth":90.0033,"pinchStrength":0.769794,"r":[[0.953393,0.0432598,0.298614],[-0.13711,0.943703,0.301041],[-0.26878,-0.327953,0.905651]],"s":0.922596,"sphereCenter":[-18.2237,264.996,-38.3496],"sphereRadius":53.4434,"stabilizedPalmPosition":[-28.1629,280.531,20.0625],"t":[25.6076,135.175,-110.431],"timeVisible":0.289247,"type":"right","wrist":[-12.3225,254.286,50.8619]}],"id":1153216,"interactionBox":{"center":[0,200,0],"size":[235.247,235.247,147.751]},"pointables":[{"bases":[[[0.544606,0.754379,0.366493],[-0.64195,0.0937338,0.760995],[0.539726,-0.649713,0.535322]],[[0.292127,0.947542,0.129717],[-0.762526,0.148897,0.62959],[0.577248,-0.282833,0.766022]],[[0.292127,0.947542,0.129717],[-0.944641,0.264689,0.193891],[0.149385,-0.179177,0.972409]],[[0.292127,0.947542,0.129717],[-0.952989,0.299812,-0.0438674],[-0.080457,-0.110804,0.99058]]],"btipPosition":[-73.0903,268.411,-40.9075],"carpPosition":[-41.4123,245.838,52.643],"dipPosition":[-74.9528,265.846,-17.9757],"direction":[-0.149385,0.179177,-0.972409],"extended":false,"handId":348,"id":3480,"length":51.5512,"mcpPosition":[-41.4123,245.838,52.643],"pipPosition":[-69.9147,259.803,14.8196],"stabilizedTipPosition":[-75.8542,257.078,-24.426],"timeVisible":0.289247,"tipPosition":[-74.1403,268.665,-35.3528],"tipVelocity":[38.952,178.291,-206.395],"tool":false,"touchDistance":-0.465254,"touchZone":"hovering","type":0,"width":20.0304},{"bases":[[[0.935863,0.0621509,-0.346839],[0.154776,0.811772,0.56309],[0.316551,-0.580658,0.750088]],[[0.982079,-0.0643798,-0.177131],[0.145037,0.858333,0.492168],[0.120352,-0.509038,0.852288]],[[0.982079,-0.0643798,-0.177131],[0.101085,0.973158,0.206749],[0.159066,-0.220949,0.962226]],[[0.982079,-0.0643798,-0.177131],[0.0598458,0.997732,-0.030827],[0.178714,0.019674,0.983704]]],"btipPosition":[-66.1324,335.454,-74.2],"carpPosition":[-31.1585,266.616,56.2346],"dipPosition":[-63.1121,335.786,-57.5751],"direction":[-0.159066,0.220949,-0.962226],"extended":true,"handId":348,"id":3481,"length":58.1698,"mcpPosition":[-54.1945,308.872,1.64937],"pipPosition":[-59.3091,330.504,-34.5699],"stabilizedTipPosition":[-65.7786,330.893,-65.9695],"timeVisible":0.289247,"tipPosition":[-65.0659,334.396,-70.3554],"tipVelocity":[18.5956,223.785,-206.869],"tool":false,"touchDistance":0.122748,"touchZone":"hovering","type":1,"width":19.133},{"bases":[[[0.929836,-0.156174,-0.333188],[0.317679,0.797648,0.512678],[0.1857,-0.582553,0.791295]],[[0.925268,-0.142588,-0.351494],[-0.0513488,0.87104,-0.48852],[0.375822,0.470061,0.798624]],[[0.925268,-0.142588,-0.351494],[-0.376511,-0.232791,-0.896687],[0.0460328,0.962017,-0.26908]],[[0.925268,-0.142588,-0.351494],[-0.324606,-0.777064,-0.539261],[-0.196241,0.613058,-0.765278]]],"btipPosition":[-48.1872,248.406,-18.3244],"carpPosition":[-19.8064,269.07,52.5667],"dipPosition":[-51.835,259.802,-32.5495],"direction":[-0.0460328,-0.962017,0.26908],"extended":false,"handId":348,"id":3482,"length"