{"sensorType":"Leap","data":[[0,{"currentFrameRate":109.747,"devices":[],"gestures":[],"hands":[{"armBasis":[[0.966696,0.0437767,-0.252155],[0.0639585,0.912675,0.40365],[0.247806,-0.406334,0.87948]],"armWidth":63.029,"confidence":0.712586,"direction":[-0.0529885,0.752294,-0.656694],"elbow":[60.2885,141.569,297.317],"grabStrength":0,"id":347,"palmNormal":[-0.0948001,-0.658437,-0.746641],"palmPosition":[-16.6246,287.63,24.9661],"palmVelocity":[48.5335,156.479,-223.831],"palmWidth":90.0033,"pinchStrength":0.785716,"r":[[0.843436,0.239322,0.480979],[-0.289701,0.956581,0.0320452],[-0.452426,-0.166368,0.876146]],"s":1.09392,"sphereCenter":[-15.3947,267.74,-24.9501],"sphereRadius":49.1506,"stabilizedPalmPosition":[-18.3929,281.572,33.5775],"t":[57.5646,154.005,-100.434],"timeVisible":0.34349,"type":"right","wrist":[-5.89367,250.089,62.4327]}],"id":1152786,"interactionBox":{"center":[0,200,0],"size":[235.247,235.247,147.751]},"pointables":[{"bases":[[[0.474469,0.72659,0.496937],[-0.736958,0.0191305,0.675668],[0.481427,-0.686805,0.544543]],[[0.195813,0.962779,0.186316],[-0.795619,0.0449047,0.604131],[0.573278,-0.266534,0.774798]],[[0.195813,0.962779,0.186316],[-0.979515,0.182925,0.084192],[0.0469764,-0.198986,0.978876]],[[0.195813,0.962779,0.186316],[-0.974139,0.212815,-0.0759179],[-0.112743,-0.166632,0.979552]]],"btipPosition":[-62.0399,264.878,-34.2724],"carpPosition":[-34.7592,241.149,59.6742],"dipPosition":[-64.6499,261.02,-11.5959],"direction":[-0.0469764,0.198986,-0.978876],"extended":false,"handId":347,"id":3470,"length":51.5512,"mcpPosition":[-34.7592,241.149,59.6742],"pipPosition":[-63.0655,254.309,21.4175],"stabilizedTipPosition":[-69.3364,252.455,-10.2366],"timeVisible":0.34349,"tipPosition":[-62.3705,263.62,-28.0918],"tipVelocity":[91.7416,137.161,-257.182],"tool":false,"touchDistance":-0.539111,"touchZone":"hovering","type":0,"width":20.0304},{"bases":[[[0.971076,0.103942,-0.214959],[0.0612432,0.761729,0.644995],[0.230783,-0.639504,0.733331]],[[0.980295,0.0756878,-0.182466],[-0.0023547,0.928098,0.372328],[0.197527,-0.364562,0.909988]],[[0.980295,0.0756878,-0.182466],[-0.0271644,0.966561,0.254993],[0.195665,-0.245012,0.949571]],[[0.980295,0.0756878,-0.182466],[-0.0446859,0.984708,0.168387],[0.192421,-0.156915,0.968686]]],"btipPosition":[-58.6745,332.205,-64.7937],"carpPosition":[-25.5558,261.665,66.3172],"dipPosition":[-55.4225,329.553,-48.4226],"direction":[-0.195665,0.245012,-0.949571],"extended":true,"handId":347,"id":3471,"length":58.1698,"mcpPosition":[-42.3503,308.203,12.9513],"pipPosition":[-50.7445,323.696,-25.72],"stabilizedTipPosition":[-60.7882,324.896,-52.2491],"timeVisible":0.34349,"tipPosition":[-57.3552,329.758,-61.4765],"tipVelocity":[88.0427,188.405,-248.479],"tool":false,"touchDistance":-0.235828,"touchZone":"hovering","type":1,"width":19.133},{"bases":[[[0.968564,-0.114802,-0.220693],[0.229585,0.75411,0.615311],[0.0957877,-0.646636,0.756761]],[[0.970482,-0.129394,-0.203525],[-0.00193325,0.839689,-0.543064],[0.241167,0.527428,0.814653]],[[0.970482,-0.129394,-0.203525],[-0.0984062,0.557992,-0.823991],[0.220185,0.819696,0.528788]],[[0.970482,-0.129394,-0.203525],[-0.138989,0.389588,-0.910441],[0.197096,0.911854,0.360104]]],"btipPosition":[-41.8526,244.045,-48.2475],"carpPosition":[-13.8869,264.573,64.3859],"dipPosition":[-38.189,260.995,-41.5538],"direction":[-0.220185,-0.819696,-0.528788],"extended":false,"handId":347,"id":3472,"length":66.2798,"mcpPosition":[-20.4973,309.198,12.1608],"pipPosition":[-31.9956,284.052,-26.68],"stabilizedTipPosition":[-46.4529,242.013,-36.3372],"timeVisible":0.34349,"tipPosition":[-41.0155,248.009,-46.7716],"tipVelocity":[117.457,107.494,-204.653],"tool":false,"touchDistance":-0.372056,"touchZone":"hovering","type":2,"width":18.7912},{"bases":[[[0.952021,-0.265228,-0.152676],[0.301135,0.722984,0.621782],[-0.0545312,-0.637926,0.768165]],[[0.952057,-0.264808,-0.153181],[0.127251,0.798144,-0.588875],[0.2782,0.54115,0.793575]],[[0.952057,-0.264808,-0.153181],[-0.000577566,0.499165,-0.866507],[0.305921,0.825052,0.47508]],[[0.952057,-0.264808,-0.153181],[-0.0604159,0.328108,-0.942706],[0.299896,0.906764,0.296379]]],"btipPosition":[-24.8895,240.625,-39.5125],"carpPosition":[-2.04806,264.381,61.6511],"dipPosition":[-19.347,257.383,-34.035],"direction":[-0.305921,-0.825052,-0.47508],"extended":false,"handId":347,"id":3473,"length":63.7298,"mcpPosition":[1.33073,303.907,14.0551],"pipPosition":[-10.9643,279.991,-21.0171],"stabilizedTipPosition":[-27.6285,239.591,-30.5384],"timeVisible":0.34349,"tipPosition":[-23.6289,244.818,-38.7704],"tipVelocity":[108.997,128.859,-203.671],"tool":false,"touchDistance":-0.188373,"touchZone":"hovering","type":3,"width":17.881},{"bases":[[[0.876381,-0.453065,-0.163367],[0.439534,0.613711,0.655872],[-0.196893,-0.646599,0.736982]],[[0.846141,-0.527929,-0.0730514],[0.387263,0.703196,-0.596274],[0.366159,0.476242,0.79945]],[[0.846141,-0.527929,-0.0730514],[0.207485,0.452555,-0.867262],[0.490912,0.718669,0.492462]],[[0.846141,-0.527929,-0.0730514],[0.1135,0.312419,-0.94314],[0.520733,0.789738,0.32427]]],"btipPosition":[-10.8307,250.566,-28.886],"carpPosition":[9.0589,257.505,56.4023],"dipPosition":[-1.95227,264.031,-23.3573],"direction":[-0.490912,-0.718669,-0.492462],"extended":false,"handId":347,"id":3474,"length":49.963,"mcpPosition":[20.352,294.592,14.1316],"pipPosition":[7.54527,277.935,-13.8297],"stabilizedTipPosition":[-11.7878,249.25,-21.085],"timeVisible":0.34349,"tipPosition":[-8.66593,253.917,-28.1008],"tipVelocity":[93.8555,131.259,-191.117],"tool":false,"touchDistance":-0.146417,"touchZone":"hovering","type":4,"width":15.8833}],"r":[[0.843436,0.239322,0.480979],[-0.289701,0.956581,0.0320452],[-0.452426,-0.166368,0.876146]],"s":1.09392,"t":[57.5646,154.005,-100.434],"timestamp":15196260357},false],[1,{"currentFrameRate":109.626,"devices":[],"gestures":[],"hands":[{"armBasis":[[0.967825,0.0504192,-0.24652],[0.0559742,0.912031,0.406284],[0.245319,-0.40701,0.879864]],"armWidth":63.029,"confidence":0.714128,"direction":[-0.049571,0.750443,-0.659074],"elbow":[59.4569,143.11,295.598],"grabStrength":0,"id":347,"palmNormal":[-0.0840252,-0.660679,-0.745951],"palmPosition":[-16.5719,289.211,22.9412],"palmVelocity":[36.3852,160.113,-221.853],"palmWidth":90.0033,"pinchStrength":0.785251,"r":[[0.838795,0.242766,0.487327],[-0.292361,0.955926,0.0270145],[-0.459291,-0.165135,0.872801]],"s":1.09764,"sphereCenter":[-14.9557,269.286,-26.8523],"sphereRadius":49.1018,"stabilizedPalmPosition":[-18.1488,282.596,32.1517],"t":[57.7948,155.305,-102.256],"timeVisible":0.352828,"type":"right","wrist":[-6.06088,251.811,60.6104]}],"id":1152787,"interactionBox":{"center":[0,200,0],"size":[235.247,235.247,147.751]},"pointables":[{"bases":[[[0.465959,0.72996,0.50004],[-0.744032,0.0174028,0.667917],[0.478851,-0.683268,0.551223]],[[0.189474,0.964118,0.185945],[-0.802997,0.0431666,0.594417],[0.565062,-0.26194,0.782363]],[[0.189474,0.964118,0.185945],[-0.981012,0.177892,0.0772661],[0.0414156,-0.197054,0.979517]],[[0.189474,0.964118,0.185945],[-0.974647,0.207626,-0.0833899],[-0.119005,-0.165431,0.979015]]],"btipPosition":[-61.3977,266.141,-36.7553],"carpPosition":[-34.8551,242.732,57.574],"dipPosition":[-64.1526,262.311,-14.0913],"direction":[-0.0414156,0.197054,-0.979517],"extended":false,"handId":347,"id":3470,"length":51.5512,"mcpPosition":[-34.8551,242.732,57.574],"pipPosition":[-62.7558,255.665,18.9438],"stabilizedTipPosition":[-68.8398,253.326,-11.685],"timeVisible":0.352828,"tipPosition":[-61.7389,264.9,-30.6046],"tipVelocity":[84.2246,136.825,-259.737],"tool":false,"touchDistance":-0.55082,"touchZone":"hovering","type":0,"width":20.0304},{"bases":[[[0.972778,0.107861,-0.205106],[0.0510587,0.763569,0.643705],[0.226043,-0.636655,0.737276]],[[0.981165,0.0818858,-0.17496],[-0.0108232,0.927591,0.373441],[0.192871,-0.364514,0.911005]],[[0.981165,0.0818858,-0.17496],[-0.0351362,0.966252,0.25519],[0.189952,-0.244236,0.95093]],[[0.981165,0.0818858,-0.17496],[-0.0522449,0.984443,0.167759],[0.185975,-0.155458,0.970178]]],"btipPosition":[-58.1452,333.594,-67.2375],"carpPosition":[-25.8148,263.306,64.2614],"dipPosition":[-55.0022,330.967,-50.8412],"direction":[-0.189952,0.244236,-0.95093],"extended":true,"handId":347,"id":3471,"length":58.1698,"mcpPosition":[-42.2644,309.637,10.6085],"pipPosition":[-50.4607,325.127,-28.106],"stabilizedTipPosition":[-60.2503,326.19,-54.0416],"timeVisible":0.352828,"tipPosition":[-56.803,331.239,-63.9054],"tipVelocity":[78.3998,177.329,-252.049],"tool":false,"touchDistance":-0.276462,"touchZone":"hovering","type":1,"width":19.133},{"bases":[[[0.971321,-0.110906,-0.210323],[0.219734,0.756648,0.615793],[0.090845,-0.644347,0.759318]],[[0.97312,-0.125384,-0.193175],[-0.000626495,0.837355,-0.546659],[0.230298,0.532086,0.814768]],[[0.97312,-0.125384,-0.193175],[-0.0944218,0.547839,-0.831238],[0.210053,0.827134,0.521274]],[[0.97312,-0.125384,-0.193175],[-0.133744,0.375176,-0.917254],[0.187484,0.918435,0.348322]]],"btipPosition":[-40.7826,245.024,-49.9406],"carpPosition":[-14.1398,266.263,62.4444],"dipPosition":[-37.2976,262.096,-43.4659],"direction":[-0.210053,-0.827134,-0.521274],"extended":false,"handId":347,"id":3472,"length":66.2798,"mcpPosition":[-20.4092,310.73,10.0428],"pipPosition":[-31.3892,285.361,-28.8035],"stabilizedTipPosition":[-45.7151,242.804,-37.7182],"timeVisible":0.352828,"tipPosition":[-40.001,249.118,-48.6586],"tipVelocity":[115.398,107.571,-199.571],"tool":false,"touchDistance":-0.389337,"touchZone":"hovering","type":2,"width":18.7912},{"bases":[[[0.954756,-0.26124,-0.142109],[0.291353,0.725865,0.623084],[-0.0596226,-0.636297,0.769137]],[[0.954767,-0.26112,-0.142254],[0.130363,0.797545,-0.589005],[0.267255,0.543818,0.79551]],[[0.954767,-0.26112,-0.142254],[0.00655306,0.496759,-0.867864],[0.297282,0.827676,0.476]],[[0.954767,-0.26112,-0.142254],[-0.051879,0.324782,-0.944365],[0.292794,0.909029,0.296545]]],"btipPosition":[-23.9468,242.03,-41.5043],"carpPosition":[-2.2724,266.118,59.8334],"dipPosition":[-18.5355,258.83,-36.0237],"direction":[-0.297282,-0.827676,-0.476],"extended":false,"handId":347,"id":3473,"length":63.7298,"mcpPosition":[1.42186,305.544,12.1771],"pipPosition":[-10.3895,281.51,-22.9805],"stabilizedTipPosition":[-26.8819,240.546,-32.0094],"timeVisible":0.352828,"tipPosition":[-22.714,246.216,-40.7478],"tipVelocity":[105.805,135.261,-206.376],"tool":false,"touchDistance":-0.221557,"touchZone":"hovering","type":3,"width":17.881},{"bases":[[[0.880086,-0.449447,-0.15312],[0.429885,0.61731,0.658883],[-0.201611,-0.645698,0.736497]],[[0.849071,-0.524569,-0.0625023],[0.391396,0.70411,-0.592485],[0.354807,0.478598,0.803153]],[[0.849071,-0.524569,-0.0625023],[0.214795,0.450893,-0.866348],[0.482641,0.722165,0.495515]],[[0.849071,-0.524569,-0.0625023],[0.121611,0.309221,-0.943182],[0.514091,0.793228,0.326344]]],"btipPosition":[-10.0289,252.08,-30.767],"carpPosition":[8.91977,259.281,54.7174],"dipPosition":[-1.26372,265.605,-25.2029],"direction":[-0.482641,-0.722165,-0.495515],"extended":false,"handId":347,"id":3474,"length":49.963,"mcpPosition":[20.4835,296.316,12.4746],"pipPosition":[8.07379,279.576,-15.6163],"stabilizedTipPosition":[-11.1356,250.276,-22.5367],"timeVisible":0.352828,"tipPosition":[-7.89804,255.421,-29.9507],"tipVelocity":[90.8016,140.424,-193.792],"tool":false,"touchDistance":-0.177631,"touchZone":"hovering","type":4,"width":15.8833}],"r":[[0.838795,0.242766,0.487327],[-0.292361,0.955926,0.0270145],[-0.459291,-0.165135,0.872801]],"s":1.09764,"t":[57.7948,155.305,-102.256],"timestamp":15196269695},false],[2,{"currentFrameRate":109.701,"devices":[],"gestures":[],"hands":[{"armBasis":[[0.96847,0.0546544,-0.243061],[0.0499604,0.913212,0.40441],[0.244069,-0.403803,0.881688]],"armWidth":63.029,"confidence":0.718434,"direction":[-0.0471072,0.749879,-0.659896],"elbow":[58.9678,145.565,293.984],"grabStrength":0,"id":347,"palmNormal":[-0.0764515,-0.661398,-0.746129],"palmPosition":[-16.5688,290.753,20.7403],"palmVelocity":[26.5066,163.297,-228.215],"palmWidth":90.0033,"pinchStrength":0.784591,"r":[[0.834158,0.246116,0.493566],[-0.295098,0.955204,0.0224232],[-0.465937,-0.164355,0.869419]],"s":1.10108,"sphereCenter":[-14.8688,270.918,-28.9553],"sphereRadius":49.0333,"stabilizedPalmPosition":[-17.9638,283.552,30.8151],"t":[57.9115,156.726,-104.267],"timeVisible":0.361809,"type":"right","wrist":[-6.21626,253.41,58.5093]}],"id":1152788,"interactionBox":{"center":[0,200,0],"size":[235.247,235.247,147.751]},"pointables":[{"bases":[[[0.45996,0.731741,0.502984],[-0.748968,0.0154502,0.662426],[0.476953,-0.681408,0.555157]],[[0.1849,0.964889,0.186552],[-0.80791,0.0411605,0.587866],[0.559547,-0.259414,0.787154]],[[0.1849,0.964889,0.186552],[-0.982044,0.174174,0.07248],[0.0374426,-0.196604,0.979768]],[[0.1849,0.964889,0.186552],[-0.974931,0.204001,-0.0888414],[-0.123779,-0.165448,0.97842]]],"btipPosition":[-60.9842,267.507,-39.2931],"carpPosition":[-34.9585,244.237,55.2674],"dipPosition":[-63.8497,263.677,-16.6429],"direction":[-0.0374426,0.196604,-0.979768],"extended":false,"handId":347,"id":3470,"length":51.5512,"mcpPosition":[-34.9585,244.237,55.2674],"pipPosition":[-62.5869,257.046,16.4006],"stabilizedTipPosition":[-68.4172,254.107,-13.0002],"timeVisible":0.361809,"tipPosition":[-61.3341,266.283,-33.1752],"tipVelocity":[72.9811,141.014,-266.094],"tool":false,"touchDistance":-0.562186,"touchZone":"hovering","type":0,"width":20.0304},{"bases":[[[0.973912,0.110821,-0.198028],[0.0439109,0.76412,0.643578],[0.222639,-0.635484,0.739319]],[[0.981498,0.0871782,-0.170474],[-0.0167116,0.925941,0.377299],[0.190741,-0.367469,0.910266]],[[0.981498,0.0871782,-0.170474],[-0.0407805,0.965086,0.25874],[0.187078,-0.247001,0.950785]],[[0.981498,0.0871782,-0.170474],[-0.0576867,0.983603,0.170873],[0.182575,-0.157877,0.970433]]],"btipPosition":[-57.8988,335.28,-69.6091],"carpPosition":[-26.0328,264.845,62.0079],"dipPosition":[-54.8132,332.611,-53.2084],"direction":[-0.187078,0.247001,-0.950785],"extended":true,"handId":347,"id":3471,"length":58.1698,"mcpPosition":[-42.2346,311.09,8.20637],"pipPosition":[-50.3405,326.706,-30.4768],"stabilizedTipPosition":[-59.8244,327.369,-55.6827],"timeVisible":0.361809,"tipPosition":[-56.5287,332.97,-66.2797],"tipVelocity":[64.0286,179.885,-255.313],"tool":false,"touchDistance":-0.312708,"touchZone":"hovering","type":1,"width":19.133},{"bases":[[[0.973186,-0.107952,-0.203116],[0.212807,0.757718,0.616909],[0.0873076,-0.643592,0.760373]],[[0.974906,-0.122424,-0.185934],[0.000873748,0.837312,-0.546725],[0.222617,0.532843,0.816407]],[[0.974906,-0.122424,-0.185934],[-0.0906751,0.544422,-0.833896],[0.203315,0.829829,0.519659]],[[0.974906,-0.122424,-0.185934],[-0.129077,0.369641,-0.920166],[0.181379,0.921074,0.344563]]],"btipPosition":[-40.0837,246.385,-52.1458],"carpPosition":[-14.3542,267.837,60.2748],"dipPosition":[-36.7121,263.506,-45.741],"direction":[-0.203315,-0.82983,-0.519659],"extended":false,"handId":347,"id":3472,"length":66.2798,"mcpPosition":[-20.3794,312.252,7.80041],"pipPosition":[-30.9933,286.847,-31.124],"stabilizedTipPosition":[-45.0626,243.57,-39.0376],"timeVisible":0.361809,"tipPosition":[-39.3321,250.501,-50.9134],"tipVelocity":[104.304,119.973,-212.661],"tool":false,"touchDistance":-0.412056,"touchZone":"hovering","type":2,"width":18.7912},{"bases":[[[0.956597,-0.258296,-0.13493],[0.284468,0.727166,0.624746],[-0.0632528,-0.636013,0.769082]],[[0.956589,-0.258369,-0.134842],[0.132517,0.797685,-0.588335],[0.259569,0.544926,0.797295]],[[0.956589,-0.258369,-0.134842],[0.0115071,0.4958,-0.868361],[0.291212,0.829113,0.47725]],[[0.956589,-0.258369,-0.134842],[-0.0459404,0.323213,-0.945211],[0.287796,0.910373,0.297312]]],"btipPosition":[-23.3185,243.509,-43.7104],"carpPosition":[-2.46753,267.729,57.7511],"dipPosition":[-17.9997,260.334,-38.2157],"direction":[-0.291212,-0.829113,-0.47725],"extended":false,"handId":347,"id":3473,"length":63.7298,"mcpPosition":[1.45167,307.136,10.0982],"pipPosition":[-10.02,283.053,-25.1383],"stabilizedTipPosition":[-26.2363,241.468,-33.4169],"timeVisible":0.361809,"tipPosition":[-22.1051,247.695,-42.9479],"tipVelocity":[95.3289,143.516,-217.041],"tool":false,"touchDistance":-0.258273,"touchZone":"hovering","type":3,"width":17.881},{"bases":[[[0.882606,-0.446746,-0.146369],[0.423077,0.619073,0.66163],[-0.204967,-0.645884,0.735406]],[[0.850882,-0.522442,-0.0552558],[0.394489,0.704843,-0.589556],[0.346956,0.479845,0.805836]],[[0.850882,-0.522442,-0.0552558],[0.218306,0.447281,-0.867342],[0.477851,0.725943,0.494636]],[[0.850882,-0.522442,-0.0552558],[0.124733,0.303072,-0.944769],[0.510334,0.796995,0.323044]]],"btipPosition":[-9.54132,253.553,-32.7206],"carpPosition":[8.78352,260.924,52.7218],"dipPosition":[-0.840179,267.142,-27.2128],"direction":[-0.477851,-0.725943,-0.494636],"extended":false,"handId":347,"id":3474,"length":49.963,"mcpPosition":[20.5397,297.969,10.5415],"pipPosition":[8.40467,281.186,-17.6432],"stabilizedTipPosition":[-10.5801,251.266,-23.9145],"timeVisible":0.361809,"tipPosition":[-7.41942,256.918,-31.9459],"tipVelocity":[80.3449,147.326,-200.693],"tool":false,"touchDistance":-0.210407,"touchZone":"hovering","type":4,"width":15.8833}],"r":[[0.834158,0.246116,0.493566],[-0.295098,0.955204,0.0224232],[-0.465937,-0.164355,0.869419]],"s":1.10108,"t":[57.9115,156.726,-104.267],"timestamp":15196278676},false],[3,{"currentFrameRate":109.902,"devices":[],"gestures":[],"hands":[{"armBasis":[[0.968654,0.0607768,-0.240863],[0.0449436,0.91073,0.41055],[0.244313,-0.408506,0.879451]],"armWidth":63.029,"confidence":0.689984,"direction":[-0.0419551,0.74756,-0.662868],"elbow":[58.8472,145.403,292.252],"grabStrength":0,"id":347,"palmNormal":[-0.0678815,-0.664052,-0.744598],"palmPosition":[-16.4491,291.7,19.3788],"palmVelocity":[23.0748,148.573,-208.805],"palmWidth":90.0033,"pinchStrength":0.781269,"r":[[0.829329,0.24944,0.499994],[-0.297645,0.954516,0.0175033],[-0.472886,-0.163337,0.865852]],"s":1.1043,"sphereCenter":[-14.4827,271.78,-30.1957],"sphereRadius":49.0071,"stabilizedPalmPosition":[-17.8058,284.401,29.6225],"t":[58.0296,157.91,-105.953],"timeVisible":0.37055,"type":"right","wrist":[-6.40195,254.504,57.3747]}],"id":1152789,"interactionBox":{"center":[0,200,0],"size":[235.247,235.247,147.751]},"pointables":[{"bases":[[[0.453642,0.734284,0.505011],[-0.755496,0.0162987,0.65495],[0.472688,-0.678647,0.562142]],[[0.181188,0.965897,0.184967],[-0.814237,0.0418577,0.579022],[0.551533,-0.255519,0.794053]],[[0.181188,0.965897,0.184967],[-0.982858,0.171332,0.0680833],[0.0340706,-0.194132,0.980384]],[[0.181188,0.965897,0.184967],[-0.974656,0.201457,-0.0972646],[-0.131211,-0.162656,0.97792]]],"btipPosition":[-60.4383,268.196,-41.0298],"carpPosition":[-35.0941,245.267,53.8805],"dipPosition":[-63.4758,264.431,-18.3912],"direction":[-0.0340706,0.194132,-0.980384],"extended":false,"handId":347,"id":3470,"length":51.5512,"mcpPosition":[-35.0941,245.267,53.8805],"pipPosition":[-62.3268,257.884,14.6731],"stabilizedTipPosition":[-68.0443,254.784,-14.1693],"timeVisible":0.37055,"tipPosition":[-60.7804,267.002,-34.9583],"tipVelocity":[68.9478,124.824,-248.121],"tool":false,"touchDistance":-0.560392,"touchZone":"hovering","type":0,"width":20.0304},{"bases":[[[0.975615,0.111955,-0.188787],[0.036168,0.766367,0.641384],[0.216486,-0.632572,0.74363]],[[0.982284,0.0908268,-0.163917],[-0.0225474,0.925624,0.377773],[0.186038,-0.367384,0.911273]],[[0.982284,0.0908268,-0.163917],[-0.0461388,0.964986,0.258211],[0.18163,-0.246074,0.952081]],[[0.982284,0.0908268,-0.163917],[-0.0626644,0.983542,0.169462],[0.176611,-0.156188,0.971809]]],"btipPosition":[-57.2601,336.082,-71.389],"carpPosition":[-26.2728,265.913,60.6388],"dipPosition":[-54.2753,333.443,-54.9651],"direction":[-0.18163,0.246074,-0.952081],"extended":true,"handId":347,"id":3471,"length":58.1698,"mcpPosition":[-42.0269,311.947,6.52349],"pipPosition":[-49.9329,327.559,-32.2024],"stabilizedTipPosition":[-59.4294,328.354,-57.1322],"timeVisible":0.37055,"tipPosition":[-55.8689,333.851,-68.0459],"tipVelocity":[65.7376,156.498,-241.305],"tool":false,"touchDistance":-0.336389,"touchZone":"hovering","type":1,"width":19.133},{"bases":[[[0.975338,-0.106835,-0.19314],[0.205331,0.760188,0.616404],[0.0809687,-0.64086,0.763376]],[[0.976915,-0.12126,-0.175876],[0.00489209,0.83577,-0.549059],[0.21357,0.535523,0.817069]],[[0.976915,-0.12126,-0.175876],[-0.0835453,0.540854,-0.836957],[0.196612,0.83233,0.518238]],[[0.976915,-0.12126,-0.175876],[-0.12088,0.365035,-0.923113],[0.176137,0.923063,0.34195]]],"btipPosition":[-39.1578,247.046,-53.5601],"carpPosition":[-14.5831,268.921,59.0109],"dipPosition":[-35.8838,264.204,-47.2038],"direction":[-0.196612,-0.83233,-0.518238],"extended":false,"handId":347,"id":3472,"length":66.2798,"mcpPosition":[-20.1709,313.148,6.32918],"pipPosition":[-30.3534,287.616,-32.6268],"stabilizedTipPosition":[-44.4434,244.26,-40.2523],"timeVisible":0.37055,"tipPosition":[-38.4278,251.164,-52.3417],"tipVelocity":[104.049,108.351,-199.38],"tool":false,"touchDistance":-0.420565,"touchZone":"hovering","type":2,"width":18.7912},{"bases":[[[0.95835,-0.256979,-0.124611],[0.276966,0.729795,0.625051],[-0.0696839,-0.63353,0.770574]],[[0.958321,-0.257239,-0.124295],[0.137217,0.796029,-0.5895],[0.250585,0.547875,0.798148]],[[0.958321,-0.257239,-0.124295],[0.0193303,0.492449,-0.870127],[0.285039,0.831458,0.476897]],[[0.958321,-0.257239,-0.124295],[-0.0371627,0.319125,-0.946984],[0.283267,0.912133,0.296265]]],"btipPosition":[-22.4746,244.226,-44.9578],"carpPosition":[-2.67195,268.827,56.6049],"dipPosition":[-17.2394,261.084,-39.4824],"direction":[-0.285039,-0.831458,-0.476897],"extended":false,"handId":347,"id":3473,"length":63.7298,"mcpPosition":[1.64571,308.081,8.85955],"pipPosition":[-9.4289,283.867,-26.4147],"stabilizedTipPosition":[-25.6262,242.283,-34.6802],"timeVisible":0.37055,"tipPosition":[-21.2769,248.413,-44.1977],"tipVelocity":[95.0665,127.279,-197.266],"tool":false,"touchDistance":-0.279136,"touchZone":"hovering","type":3,"width":17.881},{"bases":[[[0.884819,-0.445603,-0.13614],[0.415401,0.622084,0.663666],[-0.211041,-0.643777,0.735536]],[[0.852174,-0.521344,-0.0447119],[0.399818,0.703883,-0.587106],[0.337556,0.48244,0.808274]],[[0.852174,-0.521344,-0.0447119],[0.225703,0.443324,-0.86748],[0.472078,0.729153,0.495458]],[[0.852174,-0.521344,-0.0447119],[0.132392,0.297493,-0.9455],[0.506233,0.799811,0.322537]]],"btipPosition":[-8.82557,254.333,-33.8325],"carpPosition":[8.64053,262.025,51.7099],"dipPosition":[-0.194367,267.97,-28.3333],"direction":[-0.472078,-0.729153,-0.495458],"extended":false,"handId":347,"id":3474,"length":49.963,"mcpPosition":[20.7451,298.95,9.52218],"pipPosition":[8.93878,282.077,-18.7478],"stabilizedTipPosition":[-10.0503,252.144,-25.1403],"timeVisible":0.37055,"tipPosition":[-6.72005,257.7,-33.0591],"tipVelocity":[80.2641,132.112,-181.07],"tool":false,"touchDistance":-0.228972,"touchZone":"hovering","type":4,"width":15.8833}],"r":[[0.829329,0.24944,0.499994],[-0.297645,0.954516,0.0175033],[-0.472886,-0.163337,0.865852]],"s":1.1043,"t":[58.0296,157.91,-105.953],"timestamp":15196287417},false],[4,{"currentFrameRate":109.921,"devices":[],"gestures":[],"hands":[{"armBasis":[[0.969315,0.0711383,-0.235302],[0.0331238,0.910682,0.411777],[0.243578,-0.406936,0.880382]],"armWidth":63.029,"confidence":0.606949,"direction":[-0.0444191,0.747719,-0.662528],"elbow":[58.4567,146.744,291.575],"grabStrength":0,"id":347,"palmNormal":[-0.0560285,-0.664004,-0.745627],"palmPosition":[-16.729,292.557,18.4131],"palmVelocity":[8.16904,133.63,-180.553],"palmWidth":90.0033,"pinchStrength":0.778633,"r":[[0.824195,0.253621,0.506338],[-0.301527,0.953365,0.01328],[-0.479357,-0.16362,0.862233]],"s":1.10725,"sphereCenter":[-14.4404,272.77,-31.1306],"sphereRadius":48.9813,"stabilizedPalmPosition":[-17.6982,285.216,28.5022],"t":[57.9488,158.93,-107.279],"timeVisible":0.379615,"type":"right","wrist":[-6.59617,255.425,56.4495]}],"id":1152790,"interactionBox":{"center":[0,200,0],"size":[235.247,235.247,147.751]},"pointables":[{"bases":[[[0.442813,0.738197,0.508902],[-0.760342,0.0083632,0.649469],[0.47518,-0.674533,0.564986]],[[0.170261,0.967518,0.186869],[-0.819221,0.0335918,0.572493],[0.54762,-0.25056,0.79833]],[[0.170261,0.967518,0.186869],[-0.984819,0.160568,0.0659537],[0.0338063,-0.195261,0.980168]],[[0.170261,0.967518,0.186869],[-0.976116,0.191566,-0.102468],[-0.134937,-0.164959,0.977026]]],"btipPosition":[-60.227,268.689,-42.3539],"carpPosition":[-35.1711,245.913,52.7397],"dipPosition":[-63.3507,264.87,-19.7359],"direction":[-0.0338063,0.195261,-0.980168],"extended":false,"handId":347,"id":3470,"length":51.5512,"mcpPosition":[-35.1711,245.913,52.7397],"pipPosition":[-62.2106,258.285,13.3211],"stabilizedTipPosition":[-67.7123,255.393,-15.2439],"timeVisible":0.379615,"tipPosition":[-60.5504,267.502,-36.3278],"tipVelocity":[55.7376,104.984,-220.07],"tool":false,"touchDistance":-0.552618,"touchZone":"hovering","type":0,"width":20.0304},{"bases":[[[0.975823,0.1216,-0.181614],[0.0240701,0.766099,0.642271],[0.217235,-0.631114,0.74465]],[[0.981945,0.10246,-0.159014],[-0.034567,0.923644,0.381689],[0.185981,-0.369301,0.91051]],[[0.981945,0.10246,-0.159014],[-0.0582316,0.963514,0.261246],[0.17998,-0.247269,0.952085]],[[0.981945,0.10246,-0.159014],[-0.0746979,0.982317,0.171678],[0.173793,-0.156701,0.972235]]],"btipPosition":[-57.5524,336.82,-72.4977],"carpPosition":[-26.6001,266.638,59.5791],"dipPosition":[-54.6152,334.171,-56.0666],"direction":[-0.17998,0.247269,-0.952085],"extended":true,"handId":347,"id":3471,"length":58.1698,"mcpPosition":[-42.4087,312.566,5.38957],"pipPosition":[-50.3122,328.26,-33.3039],"stabilizedTipPosition":[-59.1441,329.232,-58.4273],"timeVisible":0.379615,"tipPosition":[-56.1332,334.661,-69.1498],"tipVelocity":[38.3357,135.676,-208.381],"tool":false,"touchDistance":-0.34769,"touchZone":"hovering","type":1,"width":19.133},{"bases":[[[0.977703,-0.0971789,-0.186152],[0.193461,0.761586,0.618514],[0.0816646,-0.640736,0.763406]],[[0.979298,-0.111619,-0.168871],[0.000878714,0.836574,-0.547854],[0.202424,0.536364,0.819353]],[[0.979298,-0.111619,-0.168871],[-0.0827634,0.540544,-0.837235],[0.184733,0.833879,0.520115]],[[0.979298,-0.111619,-0.168871],[-0.117833,0.364,-0.923915],[0.164595,0.924687,0.343312]]],"btipPosition":[-38.4714,247.763,-54.7215],"carpPosition":[-14.9288,269.761,58.0385],"dipPosition":[-35.4118,264.951,-48.3399],"direction":[-0.184733,-0.833879,-0.520115],"extended":false,"handId":347,"id":3472,"length":66.2798,"mcpPosition":[-20.5645,313.979,5.35474],"pipPosition":[-30.2157,288.407,-33.7101],"stabilizedTipPosition":[-43.8347,244.94,-41.4377],"timeVisible":0.379615,"tipPosition":[-37.7909,251.88,-53.4935],"tipVelocity":[94.7206,100.491,-179.516],"tool":false,"touchDistance":-0.424176,"touchZone":"hovering","type":2,"width":18.7912},{"bases":[[[0.96168,-0.247543,-0.117875],[0.265324,0.731884,0.627654],[-0.0691003,-0.634877,0.769517]],[[0.961605,-0.248225,-0.117047],[0.134427,0.797863,-0.58766],[0.23926,0.549363,0.800597]],[[0.961605,-0.248225,-0.117047],[0.0209818,0.491746,-0.870486],[0.273634,0.834608,0.478074]],[[0.961605,-0.248225,-0.117047],[-0.0335691,0.316906,-0.947863],[0.272377,0.915398,0.296406]]],"btipPosition":[-21.8246,245.055,-45.9215],"carpPosition":[-3.00012,269.784,55.7188],"dipPosition":[-16.7907,261.973,-40.4435],"direction":[-0.273634,-0.834608,-0.478074],"extended":false,"handId":347,"id":3473,"length":63.7298,"mcpPosition":[1.28139,309.122,8.03898],"pipPosition":[-9.29272,284.843,-27.3435],"stabilizedTipPosition":[-25.0242,243.092,-35.8917],"timeVisible":0.379615,"tipPosition":[-20.6735,249.255,-45.1682],"tipVelocity":[87.2004,117.794,-172.118],"tool":false,"touchDistance":-0.294002,"touchZone":"hovering","type":3,"width":17.881},{"bases":[[[0.890071,-0.436862,-0.130095],[0.404516,0.625488,0.667182],[-0.210093,-0.646465,0.733447]],[[0.857322,-0.513336,-0.0385433],[0.39801,0.708474,-0.582797],[0.326478,0.484304,0.811703]],[[0.857322,-0.513336,-0.0385433],[0.227406,0.444833,-0.866262],[0.461829,0.733901,0.4981]],[[0.857322,-0.513336,-0.0385433],[0.135371,0.297054,-0.945216],[0.496663,0.805137,0.324162]]],"btipPosition":[-8.35841,255.312,-34.7211],"carpPosition":[8.4131,263.098,50.9003],"dipPosition":[0.109634,269.039,-29.1941],"direction":[-0.461829,-0.733901,-0.4981],"extended":false,"handId":347,"id":3474,"length":49.963,"mcpPosition":[20.4633,300.177,8.83241],"pipPosition":[9.0445,283.238,-19.5575],"stabilizedTipPosition":[-9.53597,253.038,-26.3146],"timeVisible":0.379615,"tipPosition":[-6.2929,258.695,-33.941],"tipVelocity":[71.1836,126.075,-157.931],"tool":false,"touchDistance":-0.243674,"touchZone":"hovering","type":4,"width":15.8833}],"r":[[0.824195,0.253621,0.506338],[-0.301527,0.953365,0.01328],[-0.479357,-0.16362,0.862233]],"s":1.10725,"t":[57.9488,158.93,-107.279],"timestamp":15196296482},false],[5,{"currentFrameRate":109.952,"devices":[],"gestures":[],"hands":[{"armBasis":[[0.969004,0.0749667,-0.235396],[0.029854,0.910329,0.412807],[0.245234,-0.407039,0.879875]],"armWidth":63.029,"confidence":0.612511,"direction":[-0.0442255,0.743632,-0.667124],"elbow":[58.7919,147.418,290.827],"grabStrength":0,"id":347,"palmNormal":[-0.0518922,-0.668586,-0.741822],"palmPosition":[-16.8099,293.004,17.547],"palmVelocity":[3.45024,110.437,-157.196],"palmWidth":90.0033,"pinchStrength":0.775491,"r":[[0.819576,0.257995,0.5116],[-0.305103,0.952281,0.00854431],[-0.484982,-0.163093,0.859181]],"s":1.11075,"sphereCenter":[-14.6493,273.07,-31.82],"sphereRadius":48.9463,"stabilizedPalmPosition":[-17.6171,285.927,27.5021],"t":[57.8679,159.664,-108.375],"timeVisible":0.388655,"type":"right","wrist":[-6.70336,256.127,55.837]}],"id":1152791,"interactionBox":{"center":[0,200,0],"size":[235.247,235.247,147.751]},"pointables":[{"bases":[[[0.439245,0.74238,0.505902],[-0.762455,0.0102453,0.646961],[0.475107,-0.669901,0.570531]],[[0.167363,0.96897,0.181896],[-0.821506,0.0350568,0.569121],[0.545085,-0.244678,0.801882]],[[0.167363,0.96897,0.181896],[-0.985256,0.157738,0.0662547],[0.035507,-0.190302,0.981083]],[[0.167363,0.96897,0.181896],[-0.976525,0.188303,-0.104598],[-0.135604,-0.16012,0.977739]]],"btipPosition":[-60.2139,268.724,-43.224],"carpPosition":[-35.2413,246.518,52.0923],"dipPosition":[-63.3531,265.017,-20.5895],"direction":[-0.035507,0.190302,-0.981083],"extended":false,"handId":347,"id":3470,"length":51.5512,"mcpPosition":[-35.2413,246.518,52.0923],"pipPosition":[-62.1556,258.599,12.4983],"stabilizedTipPosition":[-67.4428,255.889,-16.1498],"timeVisible":0.388655,"tipPosition":[-60.5082,267.564,-37.235],"tipVelocity":[40.6655,77.903,-185.828],"tool":false,"touchDistance":-0.538684,"touchZone":"hovering","type":0,"width":20.0304},{"bases":[[[0.976084,0.123072,-0.179201],[0.0200021,0.769979,0.637755],[0.216471,-0.626087,0.749103]],[[0.981485,0.106415,-0.15926],[-0.0379906,0.923102,0.382674],[0.187736,-0.369538,0.910053]],[[0.981485,0.106415,-0.15926],[-0.061875,0.963038,0.262164],[0.181272,-0.247456,0.951791]],[[0.981485,0.106415,-0.15926],[-0.0785015,0.98191,0.172309],[0.174715,-0.156616,0.972083]]],"btipPosition":[-57.7642,337.135,-73.5366],"carpPosition":[-26.7464,267.306,58.8352],"dipPosition":[-54.8114,334.488,-57.1081],"direction":[-0.181272,0.247456,-0.951791],"extended":true,"handId":347,"id":3471,"length":58.1698,"mcpPosition":[-42.4994,312.867,4.32168],"pipPosition":[-50.4775,328.572,-34.3524],"stabilizedTipPosition":[-58.9451,329.937,-59.5223],"timeVisible":0.388655,"tipPosition":[-56.3198,334.973,-70.1985],"tipVelocity":[21.4221,107.893,-182.641],"tool":false,"touchDistance":-0.356846,"touchZone":"hovering","type":1,"width":19.133},{"bases":[[[0.978549,-0.0957243,-0.182426],[0.18948,0.765768,0.61457],[0.0808665,-0.635952,0.76748]],[[0.980129,-0.110097,-0.165004],[0.000728145,0.833821,-0.552034],[0.198361,0.540944,0.817332]],[[0.980129,-0.110097,-0.165004],[-0.0814343,0.53517,-0.84081],[0.180876,0.837539,0.515569]],[[0.980129,-0.110097,-0.165004],[-0.115871,0.357387,-0.926741],[0.161002,0.927445,0.337528]]],"btipPosition":[-38.1968,247.749,-55.3959],"carpPosition":[-15.0783,270.45,57.3135],"dipPosition":[-35.2041,264.989,-49.1219],"direction":[-0.180876,-0.837539,-0.51557],"extended":false,"handId":347,"id":3472,"length":66.2798,"mcpPosition":[-20.659,314.338,4.3486],"pipPosition":[-30.1164,288.547,-34.6199],"stabilizedTipPosition":[-43.3052,245.507,-42.4852],"timeVisible":0.388655,"tipPosition":[-37.5316,251.86,-54.1827],"tipVelocity":[76.5156,72.7337,-151.355],"tool":false,"touchDistance":-0.420579,"touchZone":"hovering","type":2,"width":18.7912},{"bases":[[[0.962696,-0.245719,-0.113303],[0.26139,0.73631,0.624118],[-0.069932,-0.630452,0.773071]],[[0.962592,-0.246649,-0.112162],[0.134923,0.795311,-0.590996],[0.234972,0.553755,0.798839]],[[0.962592,-0.246649,-0.112162],[0.0228274,0.486302,-0.873492],[0.269991,0.838257,0.473741]],[[0.962592,-0.246649,-0.112162],[-0.0312696,0.310062,-0.950202],[0.269144,0.918164,0.290751]]],"btipPosition":[-21.5663,245.142,-46.5275],"carpPosition":[-3.14235,270.491,55.0321],"dipPosition":[-16.5921,262.111,-41.154],"direction":[-0.269991,-0.838257,-0.473741],"extended":false,"handId":347,"id":3473,"length":63.7298,"mcpPosition":[1.19069,309.554,7.132],"pipPosition":[-9.19393,285.081,-28.1728],"stabilizedTipPosition":[-24.5037,243.765,-36.955],"timeVisible":0.388655,"tipPosition":[-20.4308,249.328,-45.7804],"tipVelocity":[70.6248,88.3399,-143.89],"tool":false,"touchDistance":-0.302386,"touchZone":"hovering","type":3,"width":17.881},{"bases":[[[0.891621,-0.435295,-0.124621],[0.400731,0.630517,0.664728],[-0.210777,-0.642625,0.736618]],[[0.858475,-0.511854,-0.0320207],[0.396252,0.701636,-0.592192],[0.325583,0.495694,0.805161]],[[0.858475,-0.511854,-0.0320207],[0.218035,0.420773,-0.880574],[0.464199,0.74897,0.472826]],[[0.858475,-0.511854,-0.0320207],[0.122357,0.265048,-0.95644],[0.498045,0.817163,0.290166]]],"btipPosition":[-8.46666,254.904,-34.2155],"carpPosition":[8.30373,263.806,50.2903],"dipPosition":[0.0249503,268.837,-29.2682],"direction":[-0.464199,-0.74897,-0.472826],"extended":false,"handId":347,"id":3474,"length":49.963,"mcpPosition":[20.3932,300.664,8.04051],"pipPosition":[9.00567,283.327,-20.1206],"stabilizedTipPosition":[-9.12446,253.729,-27.2354],"timeVisible":0.388655,"tipPosition":[-6.30449,258.504,-33.8228],"tipVelocity":[48.4292,80.3411,-103.054],"tool":false,"touchDistance":-0.23747,"touchZone":"touching","type":4,"width":15.8833}],"r":[[0.819576,0.257995,0.5116],[-0.305103,0.952281,0.00854431],[-0.484982,-0.163093,0.859181]],"s":1.11075,"t":[57.8679,159.664,-108.375],"timestamp":15196305522},false],[6,{"currentFrameRate":109.738,"devices":[],"gestures":[],"hands":[{"armBasis":[[0.968437,0.0782152,-0.23667],[0.0276564,0.909912,0.413878],[0.24772,-0.40736,0.879029]],"armWidth":63.029,"confidence":0.620787,"direction":[-0.045418,0.740616,-0.670391],"elbow":[59.3854,148.187,288.99],"grabStrength":0,"id":347,"palmNormal":[-0.0496456,-0.671928,-0.738951],"palmPosition":[-16.9349,293.667,15.767],"palmVelocity":[-1.32211,98.7875,-165.901],"palmWidth":90.0033,"pinchStrength":0.775136,"r":[[0.815626,0.262329,0.515691],[-0.308389,0.951253,0.00385619],[-0.489541,-0.162178,0.856766]],"s":1.11456,"sphereCenter":[-15.2854,273.716,-33.383],"sphereRadius":48.8217,"stabilizedPalmPosition":[-17.5603,286.571,26.5256],"t":[57.7649,160.362,-109.813],"timeVisible":0.398148,"type":"right","wrist":[-6.77379,256.981,54.2259]}],"id":1152792,"interactionBox":{"center":[0,200,0],"size":[235.247,235.247,147.751]},"pointables":[{"bases":[[[0.437027,0.745621,0.503047],[-0.763043,0.0112341,0.64625],[0.476207,-0.666275,0.573851]],[[0.164784,0.970191,0.177698],[-0.822097,0.0355532,0.568236],[0.54498,-0.239721,0.803449]],[[0.164784,0.970191,0.177698],[-0.985657,0.155323,0.0659924],[0.0364244,-0.186024,0.98187]],[[0.164784,0.970191,0.177698],[-0.976883,0.18541,-0.106412],[-0.136187,-0.156056,0.978315]]],"btipPosition":[-60.2703,269.011,-44.9352],"carpPosition":[-35.2854,247.288,50.4983],"dipPosition":[-63.423,265.398,-22.2874],"direction":[-0.0364244,0.186024,-0.98187],"extended":false,"handId":347,"id":3470,"length":51.5512,"mcpPosition":[-35.2854,247.288,50.4983],"pipPosition":[-62.1945,259.125,10.827],"stabilizedTipPosition":[-67.2261,256.302,-16.9422],"timeVisible":0.398148,"tipPosition":[-60.5647,267.889,-38.9665],"tipVelocity":[27.1859,64.8638,-184.137],"tool":false,"touchDistance":-0.538772,"touchZone":"hovering","type":0,"width":20.0304},{"bases":[[[0.975944,0.124627,-0.178891],[0.0176045,0.772791,0.634417],[0.21731,-0.622304,0.752006]],[[0.980679,0.110296,-0.161566],[-0.0400949,0.921693,0.385842],[0.191471,-0.371909,0.908308]],[[0.980679,0.110296,-0.161566],[-0.0644738,0.961987,0.265374],[0.184694,-0.24983,0.950512]],[[0.980679,0.110296,-0.161566],[-0.081477,0.981147,0.175247],[0.177849,-0.158697,0.971177]]],"btipPosition":[-58.2185,337.871,-75.305],"carpPosition":[-26.8461,268.125,57.1581],"dipPosition":[-55.2128,335.189,-58.8918],"direction":[-0.184694,0.24983,-0.950512],"extended":true,"handId":347,"id":3471,"length":58.1698,"mcpPosition":[-42.6602,313.412,2.43322],"pipPosition":[-50.7971,329.216,-36.1667],"stabilizedTipPosition":[-58.8243,330.56,-60.5451],"timeVisible":0.398148,"tipPosition":[-56.7541,335.699,-71.983],"tipVelocity":[1.89225,98.952,-183.794],"tool":false,"touchDistance":-0.376074,"touchZone":"hovering","type":1,"width":19.133},{"bases":[[[0.978934,-0.094175,-0.181161],[0.187113,0.768885,0.611396],[0.0817138,-0.632414,0.770309]],[[0.980537,-0.108515,-0.163618],[-0.000397387,0.832276,-0.554362],[0.196332,0.543638,0.816034]],[[0.980537,-0.108515,-0.163618],[-0.0819016,0.531319,-0.843203],[0.178434,0.840193,0.512091]],[[0.980537,-0.108515,-0.163618],[-0.11599,0.352214,-0.928704],[0.158407,0.929607,0.332772]]],"btipPosition":[-38.1476,248.102,-57.0238],"carpPosition":[-15.1842,271.291,55.6327],"dipPosition":[-35.2031,265.382,-50.8381],"direction":[-0.178434,-0.840193,-0.512091],"extended":false,"handId":347,"id":3472,"length":66.2798,"mcpPosition":[-20.8234,314.935,2.47262],"pipPosition":[-30.1841,289.015,-36.434],"stabilizedTipPosition":[-42.8723,245.994,-43.4583],"timeVisible":0.398148,"tipPosition":[-37.4932,252.194,-55.8106],"tipVelocity":[55.694,62.8103,-157.75],"tool":false,"touchDistance":-0.431577,"touchZone":"hovering","type":2,"width":18.7912},{"bases":[[[0.96338,-0.243906,-0.1114],[0.259084,0.73964,0.621135],[-0.0691023,-0.62725,0.775746]],[[0.963167,-0.245797,-0.109059],[0.134517,0.791585,-0.596069],[0.232841,0.559444,0.795492]],[[0.963167,-0.245797,-0.109059],[0.0211862,0.47367,-0.880447],[0.268069,0.845707,0.461431]],[[0.963167,-0.245797,-0.109059],[-0.0334249,0.292988,-0.955532],[0.26682,0.923981,0.273981]]],"btipPosition":[-21.5319,245.24,-47.5686],"carpPosition":[-3.2464,271.35,53.3615],"dipPosition":[-16.6007,262.316,-42.5051],"direction":[-0.268069,-0.845707,-0.461431],"extended":false,"handId":347,"id":3473,"length":63.7298,"mcpPosition":[1.03523,310.215,5.29571],"pipPosition":[-9.25521,285.49,-29.8611],"stabilizedTipPosition":[-24.0823,244.32,-37.9246],"timeVisible":0.398148,"tipPosition":[-20.4019,249.521,-47.0113],"tipVelocity":[51.0792,66.6753,-136.219],"tool":false,"touchDistance":-0.317167,"touchZone":"hovering","type":3,"width":17.881},{"bases":[[[0.892767,-0.433698,-0.121955],[0.398641,0.634358,0.662325],[-0.209886,-0.639918,0.739224]],[[0.859419,-0.510486,-0.0283384],[0.396575,0.700578,-0.593227],[0.322687,0.498593,0.804536]],[[0.859419,-0.510486,-0.0283384],[0.217205,0.414725,-0.883643],[0.46284,0.753265,0.467302]],[[0.859419,-0.510486,-0.0283384],[0.120554,0.256198,-0.959077],[0.496856,0.820833,0.281723]]],"btipPosition":[-8.45391,255.368,-35.7239],"carpPosition":[8.21977,264.672,48.6587],"dipPosition":[0.0174249,269.363,-30.9205],"direction":[-0.46284,-0.753265,-0.467302],"extended":false,"handId":347,"id":3474,"length":49.963,"mcpPosition":[20.2581,301.375,6.25949],"pipPosition":[8.97185,283.936,-21.8798],"stabilizedTipPosition":[-8.79821,254.334,-28.1552],"timeVisible":0.398148,"tipPosition":[-6.31056,258.954,-35.349],"tipVelocity":[34.7638,71.7358,-120.094],"tool"