{"sensorType":"Leap","data":[[0,{"currentFrameRate":110.4,"devices":[],"gestures":[],"hands":[{"armBasis":[[0.966791,0.138915,-0.214519],[-0.0319092,0.89842,0.437977],[0.253569,-0.416587,0.873017]],"armWidth":63.029,"confidence":0.748705,"direction":[-0.0624374,0.704418,-0.707034],"elbow":[51.6994,136.149,293.022],"grabStrength":0,"id":345,"palmNormal":[0.0122721,-0.707821,-0.706286],"palmPosition":[-26.8293,281.611,19.3476],"palmVelocity":[120.694,260.23,-236.554],"palmWidth":90.0033,"pinchStrength":0.445742,"r":[[0.873099,-0.1461,0.465137],[0.106504,0.988157,0.110464],[-0.475768,-0.046907,0.878319]],"s":0.888362,"sphereCenter":[-37.8912,268.993,-22.7429],"sphereRadius":46.7213,"stabilizedPalmPosition":[-29.9549,274.806,25.5098],"t":[55.5491,160.292,-135.78],"timeVisible":0.31639,"type":"right","wrist":[-16.0219,247.408,59.8634]}],"id":1151830,"interactionBox":{"center":[0,200,0],"size":[235.247,235.247,147.751]},"pointables":[{"bases":[[[0.378422,0.791785,0.479451],[-0.784284,-0.000835488,0.620401],[0.491625,-0.610799,0.620669]],[[0.177063,0.958106,0.225126],[-0.802335,0.0080415,0.596819],[0.570006,-0.286301,0.770146]],[[0.177063,0.958106,0.225126],[-0.974319,0.138309,0.177687],[0.139106,-0.250806,0.95799]],[[0.177063,0.958106,0.225126],[-0.984103,0.169142,0.0541603],[0.0138131,-0.231137,0.972823]]],"btipPosition":[-76.9772,263.92,-37.1428],"carpPosition":[-43.8212,235.974,55.7139],"dipPosition":[-76.6574,258.569,-14.6221],"direction":[-0.139106,0.250806,-0.95799],"extended":false,"handId":345,"id":3450,"length":51.5512,"mcpPosition":[-43.8212,235.974,55.7139],"pipPosition":[-71.966,250.11,17.6869],"stabilizedTipPosition":[-81.8729,250.647,-21.2206],"timeVisible":0.31639,"tipPosition":[-75.922,263.143,-31.7114],"tipVelocity":[129.198,312.759,-270.913],"tool":false,"touchDistance":-0.351686,"touchZone":"hovering","type":0,"width":20.0304},{"bases":[[[0.973323,0.170299,-0.153758],[-0.046123,0.801685,0.595964],[0.224757,-0.572974,0.788153]],[[0.976728,0.161293,-0.141379],[-0.025555,0.741976,0.66994],[0.212956,-0.650736,0.72883]],[[0.976728,0.161293,-0.141379],[-0.100445,0.926384,0.362937],[0.18951,-0.34029,0.921026]],[[0.976728,0.161293,-0.141379],[-0.152689,0.985806,0.0697982],[0.15063,-0.0465869,0.987492]]],"btipPosition":[-69.2401,335.814,-65.4299],"carpPosition":[-36.7577,257.541,61.6072],"dipPosition":[-66.6945,335.027,-48.741],"direction":[-0.18951,0.34029,-0.921026],"extended":true,"handId":345,"id":3451,"length":58.1698,"mcpPosition":[-53.1137,299.237,4.25188],"pipPosition":[-62.1636,326.891,-26.7209],"stabilizedTipPosition":[-71.7612,329.494,-57.5768],"timeVisible":0.31639,"tipPosition":[-67.95,334.787,-61.7467],"tipVelocity":[168.025,342.532,-228.765],"tool":false,"touchDistance":-0.679151,"touchZone":"hovering","type":1,"width":19.133},{"bases":[[[0.988246,-0.047857,-0.145191],[0.124038,0.806161,0.578549],[0.0893597,-0.589758,0.802621]],[[0.983889,-0.0242704,-0.177123],[-0.0544874,0.902897,-0.426389],[0.170272,0.42917,0.887029]],[[0.983889,-0.0242704,-0.177123],[-0.17494,-0.334888,-0.925876],[-0.0368449,0.941945,-0.333738]],[[0.983889,-0.0242704,-0.177123],[-0.101161,-0.892456,-0.439646],[-0.147404,0.450481,-0.880533]]],"btipPosition":[-35.7477,246.646,-11.6277],"carpPosition":[-25.239,261.276,60.2989],"dipPosition":[-38.4877,255.019,-27.9953],"direction":[0.0368449,-0.941945,0.333738],"extended":false,"handId":345,"id":3452,"length":66.2798,"mcpPosition":[-31.4058,301.976,4.90884],"pipPosition":[-39.524,281.515,-37.3827],"stabilizedTipPosition":[-39.1924,242.834,-10.0896],"timeVisible":0.31639,"tipPosition":[-36.0015,248.604,-13.8716],"tipVelocity":[132.677,277.554,-254.101],"tool":false,"touchDistance":0.333333,"touchZone":"none","type":2,"width":18.7912},{"bases":[[[0.978443,-0.194758,-0.0686937],[0.197113,0.781471,0.591988],[-0.0616122,-0.592767,0.803014]],[[0.979717,-0.179228,-0.0896184],[0.109872,0.854477,-0.507737],[0.167578,0.487592,0.856838]],[[0.979717,-0.179228,-0.0896184],[-0.15555,-0.39827,-0.903983],[0.126327,0.899588,-0.41807]],[[0.979717,-0.179228,-0.0896184],[-0.200172,-0.895981,-0.396422],[-0.00924638,0.40632,-0.913684]]],"btipPosition":[-20.1302,244.914,-0.874299],"carpPosition":[-13.251,261.894,58.4071],"dipPosition":[-20.3011,252.423,-17.7605],"direction":[-0.126327,-0.899588,0.41807],"extended":false,"handId":345,"id":3453,"length":63.7298,"mcpPosition":[-9.43342,298.623,8.65181],"pipPosition":[-16.8395,277.073,-29.2162],"stabilizedTipPosition":[-23.1905,240.418,0.626727],"timeVisible":0.31639,"tipPosition":[-20.3308,246.771,-5.2978],"tipVelocity":[125.965,259.415,-224.443],"tool":false,"touchDistance":0.333333,"touchZone":"none","type":3,"width":17.881},{"bases":[[[0.918627,-0.388482,-0.0721549],[0.340674,0.686205,0.6427],[-0.200164,-0.614983,0.762712]],[[0.916603,-0.394544,-0.0646097],[0.328093,0.834666,-0.442365],[0.22846,0.384275,0.894505]],[[0.916603,-0.394544,-0.0646097],[-0.192945,-0.295004,-0.935812],[0.350159,0.870235,-0.346527]],[[0.916603,-0.394544,-0.0646097],[-0.377393,-0.800521,-0.465554],[0.13196,0.451112,-0.882658]]],"btipPosition":[-6.819,252.957,1.12465],"carpPosition":[-1.28482,255.651,54.4037],"dipPosition":[-4.56909,260.648,-13.9246],"direction":[-0.350159,-0.870235,0.346527],"extended":false,"handId":345,"id":3454,"length":49.963,"mcpPosition":[10.1959,290.925,10.6573],"pipPosition":[2.20532,277.484,-20.6287],"stabilizedTipPosition":[-8.79159,249.346,2.25888],"timeVisible":0.31639,"tipPosition":[-6.05275,254.528,-2.63753],"tipVelocity":[118.793,261.192,-221.145],"tool":false,"touchDistance":0.333333,"touchZone":"none","type":4,"width":15.8833}],"r":[[0.873099,-0.1461,0.465137],[0.106504,0.988157,0.110464],[-0.475768,-0.046907,0.878319]],"s":0.888362,"t":[55.5491,160.292,-135.78],"timestamp":15187439045},false],[1,{"currentFrameRate":110.576,"devices":[],"gestures":[],"hands":[{"armBasis":[[0.966238,0.133089,-0.220616],[-0.0233546,0.897975,0.439426],[0.25659,-0.419438,0.870766]],"armWidth":63.029,"confidence":0.750517,"direction":[-0.0553789,0.706458,-0.705585],"elbow":[53.1396,136.914,290.745],"grabStrength":0,"id":345,"palmNormal":[0.00562879,-0.706437,-0.707753],"palmPosition":[-25.8508,283.325,17.74],"palmVelocity":[118.381,243.1,-222.516],"palmWidth":90.0033,"pinchStrength":0.435959,"r":[[0.870097,-0.151454,0.469034],[0.109781,0.987264,0.115142],[-0.480499,-0.0486932,0.875642]],"s":0.891245,"sphereCenter":[-37.4717,270.996,-24.2545],"sphereRadius":46.7596,"stabilizedPalmPosition":[-28.9553,276.88,23.6173],"t":[56.5635,162.155,-137.552],"timeVisible":0.325122,"type":"right","wrist":[-15.3885,248.934,58.1878]}],"id":1151831,"interactionBox":{"center":[0,200,0],"size":[235.247,235.247,147.751]},"pointables":[{"bases":[[[0.385933,0.78708,0.481209],[-0.784451,0.00548322,0.620167],[0.485482,-0.616827,0.619541]],[[0.187028,0.9555,0.228124],[-0.800027,0.013391,0.599815],[0.570068,-0.294687,0.76693]],[[0.187028,0.9555,0.228124],[-0.972423,0.147139,0.180951],[0.139333,-0.255676,0.956669]],[[0.187028,0.9555,0.228124],[-0.982306,0.179596,0.0531071],[0.00977377,-0.23402,0.972183]]],"btipPosition":[-76.3693,266.37,-38.6322],"carpPosition":[-43.2961,237.779,54.0063],"dipPosition":[-76.1431,260.952,-16.1264],"direction":[-0.139333,0.255676,-0.956669],"extended":false,"handId":345,"id":3450,"length":51.5512,"mcpPosition":[-43.2961,237.779,54.0063],"pipPosition":[-71.4439,252.329,16.1381],"stabilizedTipPosition":[-80.6982,253.708,-23.8078],"timeVisible":0.325122,"tipPosition":[-75.3273,265.487,-33.2821],"tipVelocity":[112.593,303.675,-244.164],"tool":false,"touchDistance":-0.367243,"touchZone":"hovering","type":0,"width":20.0304},{"bases":[[[0.974977,0.161169,-0.153115],[-0.0385328,0.800855,0.597617],[0.218941,-0.576763,0.787026]],[[0.977604,0.154042,-0.143395],[-0.0186679,0.742146,0.669979],[0.209625,-0.652297,0.7284]],[[0.977604,0.154042,-0.143395],[-0.0918794,0.925392,0.367707],[0.189339,-0.346297,0.918819]],[[0.977604,0.154042,-0.143395],[-0.143794,0.986422,0.0793385],[0.15367,-0.0569422,0.98648]]],"btipPosition":[-67.9905,338.198,-66.9204],"carpPosition":[-36.0256,259.264,59.9466],"dipPosition":[-65.3934,337.236,-50.2486],"direction":[-0.189339,0.346297,-0.918819],"extended":true,"handId":345,"id":3451,"length":58.1698,"mcpPosition":[-51.9583,301.236,2.67328],"pipPosition":[-60.8666,328.956,-28.2812],"stabilizedTipPosition":[-70.2849,332.361,-59.4387],"timeVisible":0.325122,"tipPosition":[-66.6518,337.166,-63.2313],"tipVelocity":[161.72,322.69,-213.344],"tool":false,"touchDistance":-0.661985,"touchZone":"hovering","type":1,"width":19.133},{"bases":[[[0.987781,-0.0571391,-0.144998],[0.131669,0.803716,0.580262],[0.0833818,-0.592263,0.801419]],[[0.9838,-0.0341103,-0.175992],[-0.0458763,0.901135,-0.431105],[0.173298,0.432196,0.884972]],[[0.9838,-0.0341103,-0.175992],[-0.177099,-0.337141,-0.924647],[-0.0277942,0.940836,-0.337721]],[[0.9838,-0.0341103,-0.175992],[-0.109392,-0.89199,-0.438619],[-0.142022,0.450766,-0.881272]]],"btipPosition":[-35.0658,248.314,-12.9704],"carpPosition":[-24.4708,262.89,58.6494],"dipPosition":[-37.7058,256.693,-29.3517],"direction":[0.0277942,-0.940836,0.337721],"extended":false,"handId":345,"id":3452,"length":66.2798,"mcpPosition":[-30.2251,303.763,3.34235],"pipPosition":[-38.4876,283.157,-38.8511],"stabilizedTipPosition":[-38.2537,244.81,-11.863],"timeVisible":0.325122,"tipPosition":[-35.3448,250.345,-15.4724],"tipVelocity":[118.774,254.448,-227.346],"tool":false,"touchDistance":0.333333,"touchZone":"none","type":2,"width":18.7912},{"bases":[[[0.976529,-0.204097,-0.0688098],[0.204496,0.77829,0.593671],[-0.0676123,-0.593809,0.80176]],[[0.977963,-0.188508,-0.0897397],[0.118276,0.854442,-0.505905],[0.172045,0.484142,0.857908]],[[0.977963,-0.188508,-0.0897397],[-0.159126,-0.394747,-0.904906],[0.135158,0.899244,-0.416044]],[[0.977963,-0.188508,-0.0897397],[-0.208718,-0.893099,-0.398512],[-0.00502372,0.40846,-0.912762]]],"btipPosition":[-19.5017,246.602,-2.56113],"carpPosition":[-12.4767,263.396,56.7625],"dipPosition":[-19.5945,254.151,-19.4303],"direction":[-0.135158,-0.899244,0.416044],"extended":false,"handId":345,"id":3453,"length":63.7298,"mcpPosition":[-8.28744,300.189,7.08482],"pipPosition":[-15.891,278.792,-30.8305],"stabilizedTipPosition":[-22.2402,242.47,-1.20464],"timeVisible":0.325122,"tipPosition":[-19.6802,248.47,-6.96954],"tipVelocity":[112.069,242.015,-215.956],"tool":false,"touchDistance":0.333333,"touchZone":"none","type":3,"width":17.881},{"bases":[[[0.914838,-0.397223,-0.0726917],[0.347111,0.681531,0.644227],[-0.206361,-0.614596,0.761372]],[[0.911433,-0.406969,-0.0605472],[0.335863,0.820901,-0.461863],[0.237667,0.400622,0.884882]],[[0.911433,-0.406969,-0.0605472],[-0.200754,-0.311414,-0.928827],[0.359148,0.858719,-0.365533]],[[0.911433,-0.406969,-0.0605472],[-0.387907,-0.800866,-0.456225],[0.137179,0.439306,-0.887802]]],"btipPosition":[-6.33418,254.181,0.339423],"carpPosition":[-0.570456,257.045,52.7496],"dipPosition":[-3.99529,261.671,-14.7975],"direction":[-0.359148,-0.858719,0.365533],"extended":false,"handId":345,"id":3454,"length":49.963,"mcpPosition":[11.2656,292.297,9.08006],"pipPosition":[2.95305,278.284,-21.8694],"stabilizedTipPosition":[-7.93588,251.22,0.715942],"timeVisible":0.325122,"tipPosition":[-5.50517,255.888,-3.67932],"tipVelocity":[102.488,227.393,-186.647],"tool":false,"touchDistance":0.333333,"touchZone":"none","type":4,"width":15.8833}],"r":[[0.870097,-0.151454,0.469034],[0.109781,0.987264,0.115142],[-0.480499,-0.0486932,0.875642]],"s":0.891245,"t":[56.5635,162.155,-137.552],"timestamp":15187447777},false],[2,{"currentFrameRate":110.308,"devices":[],"gestures":[],"hands":[{"armBasis":[[0.968112,0.133749,-0.211827],[-0.027958,0.897955,0.439199],[0.248954,-0.419272,0.87306]],"armWidth":63.029,"confidence":0.694996,"direction":[-0.0515617,0.710127,-0.702183],"elbow":[51.2197,140.014,287.794],"grabStrength":0,"id":345,"palmNormal":[0.0115566,-0.702647,-0.711444],"palmPosition":[-25.5032,286.58,14.2884],"palmVelocity":[94.7503,271.417,-262.696],"palmWidth":90.0033,"pinchStrength":0.424334,"r":[[0.867058,-0.155989,0.473157],[0.111928,0.986433,0.120095],[-0.485471,-0.0511693,0.872754]],"s":0.894217,"sphereCenter":[-37.2899,274.522,-27.7352],"sphereRadius":46.8104,"stabilizedPalmPosition":[-28.0826,279.333,21.2589],"t":[57.2446,164.714,-140.163],"timeVisible":0.334661,"type":"right","wrist":[-15.2689,251.99,54.624]}],"id":1151832,"interactionBox":{"center":[0,200,0],"size":[235.247,235.247,147.751]},"pointables":[{"bases":[[[0.381437,0.785062,0.48804],[-0.788715,0.00104323,0.614758],[0.482114,-0.619416,0.619588]],[[0.185102,0.953995,0.235862],[-0.801405,0.00763057,0.598073],[0.568759,-0.299726,0.765949]],[[0.185102,0.953995,0.235862],[-0.973323,0.144863,0.177926],[0.135573,-0.262504,0.955359]],[[0.185102,0.953995,0.235862],[-0.982716,0.180266,0.042101],[-0.00235382,-0.239578,0.970874]]],"btipPosition":[-75.7315,270.015,-42.3249],"carpPosition":[-43.1305,240.816,50.1907],"dipPosition":[-75.786,264.469,-19.8493],"direction":[-0.135573,0.262504,-0.955359],"extended":false,"handId":345,"id":3450,"length":51.5512,"mcpPosition":[-43.1305,240.816,50.1907],"pipPosition":[-71.2137,255.616,12.371],"stabilizedTipPosition":[-79.5669,257.141,-26.8558],"timeVisible":0.334661,"tipPosition":[-74.7781,269.019,-37.0541],"tipVelocity":[97.4535,325.417,-285.6],"tool":false,"touchDistance":-0.414346,"touchZone":"hovering","type":0,"width":20.0304},{"bases":[[[0.975769,0.163394,-0.145523],[-0.0438407,0.797603,0.601588],[0.214365,-0.580631,0.78544]],[[0.977589,0.15836,-0.138717],[-0.0244472,0.739849,0.672329],[0.209099,-0.65387,0.72714]],[[0.977589,0.15836,-0.138717],[-0.0960697,0.921878,0.375383],[0.187325,-0.353644,0.916431]],[[0.977589,0.15836,-0.138717],[-0.146478,0.984917,0.0921012],[0.15121,-0.0697181,0.98604]]],"btipPosition":[-67.4529,341.954,-70.3382],"carpPosition":[-35.933,262.28,56.2952],"dipPosition":[-64.8974,340.776,-53.6739],"direction":[-0.187325,0.353644,-0.916431],"extended":true,"handId":345,"id":3451,"length":58.1698,"mcpPosition":[-51.5328,304.534,-0.862653],"pipPosition":[-60.4188,332.321,-31.7636],"stabilizedTipPosition":[-69.0534,335.718,-61.9836],"timeVisible":0.334661,"tipPosition":[-66.0754,340.91,-66.6426],"tipVelocity":[131.045,341.688,-255.201],"tool":false,"touchDistance":-0.675413,"touchZone":"hovering","type":1,"width":19.133},{"bases":[[[0.988841,-0.0549358,-0.138479],[0.126473,0.800803,0.585423],[0.0787338,-0.596403,0.798814]],[[0.98518,-0.0324666,-0.168424],[-0.0450429,0.898492,-0.436674],[0.165505,0.437789,0.883713]],[[0.98518,-0.0324666,-0.168424],[-0.169274,-0.342569,-0.924117],[-0.0276938,0.938931,-0.342988]],[[0.98518,-0.0324666,-0.168424],[-0.104347,-0.892765,-0.438272],[-0.136134,0.449351,-0.882922]]],"btipPosition":[-34.3899,251.453,-16.1041],"carpPosition":[-24.3749,265.93,55.0971],"dipPosition":[-36.9204,259.806,-32.516],"direction":[0.0276938,-0.938931,0.342988],"extended":false,"handId":345,"id":3452,"length":66.2798,"mcpPosition":[-29.8085,307.089,-0.0301664],"pipPosition":[-37.6994,286.216,-42.1636],"stabilizedTipPosition":[-37.3424,247.188,-14.0889],"timeVisible":0.334661,"tipPosition":[-34.7146,253.571,-18.9493],"tipVelocity":[105.716,275.781,-256.736],"tool":false,"touchDistance":0.333333,"touchZone":"none","type":2,"width":18.7912},{"bases":[[[0.977283,-0.202313,-0.0631526],[0.199243,0.775411,0.599199],[-0.0722566,-0.598169,0.798105]],[[0.978843,-0.186539,-0.0840843],[0.120151,0.85664,-0.501729],[0.165622,0.481011,0.860928]],[[0.978843,-0.186539,-0.0840843],[-0.152538,-0.39136,-0.907507],[0.136378,0.901133,-0.411535]],[[0.978843,-0.186539,-0.0840843],[-0.204614,-0.891583,-0.403997],[0.000393218,0.412654,-0.910888]]],"btipPosition":[-18.9558,249.949,-6.09308],"carpPosition":[-12.3689,266.463,53.2958],"dipPosition":[-18.9485,257.575,-22.9275],"direction":[-0.136378,-0.901133,0.411535],"extended":false,"handId":345,"id":3453,"length":63.7298,"mcpPosition":[-7.89183,303.526,3.84456],"pipPosition":[-15.2115,282.268,-34.2043],"stabilizedTipPosition":[-21.3578,244.95,-3.5571],"timeVisible":0.334661,"tipPosition":[-19.1027,251.844,-10.4994],"tipVelocity":[96.9487,273.937,-260.217],"tool":false,"touchDistance":0.333333,"touchZone":"none","type":3,"width":17.881},{"bases":[[[0.915906,-0.395506,-0.0684873],[0.341649,0.678591,0.650223],[-0.210692,-0.618942,0.75665]],[[0.911667,-0.407383,-0.0538641],[0.338595,0.818982,-0.463273],[0.232843,0.404113,0.884577]],[[0.911667,-0.407383,-0.0538641],[-0.195566,-0.314847,-0.928776],[0.361409,0.857269,-0.366706]],[[0.911667,-0.407383,-0.0538641],[-0.385001,-0.800952,-0.45853],[0.143655,0.438765,-0.887045]]],"btipPosition":[-5.92653,257.451,-2.78749],"carpPosition":[-0.425821,260.151,49.3314],"dipPosition":[-3.47723,264.932,-17.9115],"direction":[-0.361409,-0.857269,0.366706],"extended":false,"handId":345,"id":3454,"length":49.963,"mcpPosition":[11.6587,295.652,5.93271],"pipPosition":[3.51485,281.518,-25.0061],"stabilizedTipPosition":[-7.16743,253.595,-1.36954],"timeVisible":0.334661,"tipPosition":[-5.06336,259.212,-6.86359],"tipVelocity":[86.0229,260.626,-227.266],"tool":false,"touchDistance":0.333333,"touchZone":"none","type":4,"width":15.8833}],"r":[[0.867058,-0.155989,0.473157],[0.111928,0.986433,0.120095],[-0.485471,-0.0511693,0.872754]],"s":0.894217,"t":[57.2446,164.714,-140.163],"timestamp":15187457316},false],[3,{"currentFrameRate":110.489,"devices":[],"gestures":[],"hands":[{"armBasis":[[0.968947,0.136974,-0.205866],[-0.0322742,0.895489,0.443913],[0.245155,-0.423484,0.872101]],"armWidth":63.029,"confidence":0.673536,"direction":[-0.0509575,0.711584,-0.700751],"elbow":[50.6772,140.596,285.569],"grabStrength":0,"id":345,"palmNormal":[0.0164816,-0.700968,-0.713003],"palmPosition":[-24.9775,288.349,12.3589],"palmVelocity":[85.5102,253.005,-251.547],"palmWidth":90.0033,"pinchStrength":0.421319,"r":[[0.864323,-0.159318,0.477037],[0.112931,0.985759,0.124604],[-0.490095,-0.053826,0.870006]],"s":0.898144,"sphereCenter":[-37.2294,276.498,-29.4805],"sphereRadius":46.886,"stabilizedPalmPosition":[-28.0826,279.333,21.2589],"t":[57.8479,166.878,-142.434],"timeVisible":0.343391,"type":"right","wrist":[-14.7968,253.696,52.6549]}],"id":1151833,"interactionBox":{"center":[0,200,0],"size":[235.247,235.247,147.751]},"pointables":[{"bases":[[[0.377135,0.785085,0.491336],[-0.791123,-0.00275894,0.611651],[0.481554,-0.619382,0.620058]],[[0.181702,0.953788,0.239319],[-0.802429,0.00313647,0.59674],[0.568412,-0.300465,0.765917]],[[0.181702,0.953788,0.239319],[-0.974263,0.141593,0.175396],[0.133405,-0.26503,0.954967]],[[0.181702,0.953788,0.239319],[-0.983294,0.178898,0.0335773],[-0.0107882,-0.241422,0.97036]]],"btipPosition":[-74.9223,271.812,-44.4024],"carpPosition":[-42.6068,242.449,48.0865],"dipPosition":[-75.172,266.224,-21.9387],"direction":[-0.133405,0.26503,-0.954967],"extended":false,"handId":345,"id":3450,"length":51.5512,"mcpPosition":[-42.6068,242.449,48.0865],"pipPosition":[-70.6728,257.285,10.2684],"stabilizedTipPosition":[-78.612,259.927,-29.433],"timeVisible":0.343391,"tipPosition":[-74.0548,270.776,-39.1651],"tipVelocity":[94.8032,293.134,-272.941],"tool":false,"touchDistance":-0.432449,"touchZone":"hovering","type":0,"width":20.0304},{"bases":[[[0.975833,0.166679,-0.141308],[-0.0486219,0.796078,0.603238],[0.213039,-0.581789,0.784943]],[[0.976874,0.163801,-0.137426],[-0.0293699,0.739441,0.672581],[0.211788,-0.652991,0.727151]],[[0.976874,0.163801,-0.137426],[-0.100545,0.919155,0.380847],[0.188699,-0.358222,0.914368]],[[0.976874,0.163801,-0.137426],[-0.150411,0.983265,0.102793],[0.151964,-0.0797455,0.985164]]],"btipPosition":[-67.0816,343.921,-72.2653],"carpPosition":[-35.4984,263.921,54.2684],"dipPosition":[-64.5134,342.573,-55.6157],"direction":[-0.188699,0.358222,-0.914368],"extended":true,"handId":345,"id":3451,"length":58.1698,"mcpPosition":[-51.0017,306.258,-2.85332],"pipPosition":[-60.0019,334.008,-33.7547],"stabilizedTipPosition":[-68.212,338.31,-64.1022],"timeVisible":0.343391,"tipPosition":[-65.6529,342.865,-68.5682],"tipVelocity":[107.45,309.337,-246.084],"tool":false,"touchDistance":-0.665162,"touchZone":"hovering","type":1,"width":19.133},{"bases":[[[0.989539,-0.0516258,-0.134713],[0.121743,0.79983,0.58775],[0.0774048,-0.598002,0.797748]],[[0.986003,-0.0294926,-0.164101],[-0.0461067,0.897618,-0.438355],[0.160228,0.439786,0.883694]],[[0.986003,-0.0294926,-0.164101],[-0.164143,-0.344421,-0.924355],[-0.0292582,0.938352,-0.344441]],[[0.986003,-0.0294926,-0.164101],[-0.0997303,-0.893069,-0.438728],[-0.133614,0.448952,-0.88351]]],"btipPosition":[-33.6214,253.17,-17.9507],"carpPosition":[-23.9469,267.608,53.1242],"dipPosition":[-36.105,261.515,-34.3736],"direction":[0.0292582,-0.938352,0.344441],"extended":false,"handId":345,"id":3452,"length":66.2798,"mcpPosition":[-29.2887,308.877,-1.92951],"pipPosition":[-36.928,287.909,-44.062],"stabilizedTipPosition":[-36.5598,249.151,-15.9868],"timeVisible":0.343391,"tipPosition":[-33.9656,255.311,-20.9358],"tipVelocity":[101.315,254.565,-244.717],"tool":false,"touchDistance":0.333333,"touchZone":"none","type":2,"width":18.7912},{"bases":[[[0.978132,-0.199211,-0.0597712],[0.194536,0.774627,0.601755],[-0.0735756,-0.600223,0.796441]],[[0.979794,-0.182515,-0.0818011],[0.11191,0.83925,-0.532105],[0.165769,0.512199,0.842717]],[[0.979794,-0.182515,-0.0818011],[-0.152958,-0.420257,-0.89442],[0.128867,0.88886,-0.439683]],[[0.979794,-0.182515,-0.0818011],[-0.199996,-0.898389,-0.391024],[-0.00212159,0.399483,-0.916738]]],"btipPosition":[-18.1949,250.996,-6.23015],"carpPosition":[-11.9355,268.182,51.3713],"dipPosition":[-18.2341,258.379,-23.1727],"direction":[-0.128867,-0.88886,0.439683],"extended":false,"handId":345,"id":3453,"length":63.7298,"mcpPosition":[-7.37675,305.372,2.02322],"pipPosition":[-14.7029,282.735,-35.2208],"stabilizedTipPosition":[-20.5734,246.876,-5.19108],"timeVisible":0.343391,"tipPosition":[-18.3124,253.139,-11.1128],"tipVelocity":[94.0017,231.023,-195.556],"tool":false,"touchDistance":0.333333,"touchZone":"none","type":3,"width":17.881},{"bases":[[[0.917364,-0.392575,-0.0657903],[0.337033,0.678121,0.653116],[-0.211784,-0.621319,0.754394]],[[0.91265,-0.405707,-0.0497231],[0.338524,0.818424,-0.46431],[0.229068,0.40692,0.884276]],[[0.91265,-0.405707,-0.0497231],[-0.192015,-0.318161,-0.928388],[0.360833,0.85684,-0.368272]],[[0.91265,-0.405707,-0.0497231],[-0.381727,-0.802508,-0.458548],[0.146133,0.437474,-0.887278]]],"btipPosition":[-5.29508,259.284,-4.50519],"carpPosition":[0.0420988,261.915,47.4396],"dipPosition":[-2.80353,266.743,-19.6332],"direction":[-0.360833,-0.85684,0.368272],"extended":false,"handId":345,"id":3454,"length":49.963,"mcpPosition":[12.1892,297.552,4.17021],"pipPosition":[4.17741,283.32,-26.758],"stabilizedTipPosition":[-6.50828,255.591,-3.1526],"timeVisible":0.343391,"tipPosition":[-4.42256,261.06,-8.61199],"tipVelocity":[82.6574,246.898,-219.131],"tool":false,"touchDistance":0.333333,"touchZone":"none","type":4,"width":15.8833}],"r":[[0.864323,-0.159318,0.477037],[0.112931,0.985759,0.124604],[-0.490095,-0.053826,0.870006]],"s":0.898144,"t":[57.8479,166.878,-142.434],"timestamp":15187466046},false],[4,{"currentFrameRate":110.467,"devices":[],"gestures":[],"hands":[{"armBasis":[[0.96855,0.144163,-0.2028],[-0.039589,0.893954,0.446407],[0.245649,-0.424339,0.871546]],"armWidth":63.029,"confidence":0.67903,"direction":[-0.0518158,0.708502,-0.703804],"elbow":[51.3484,141.135,284.468],"grabStrength":0,"id":345,"palmNormal":[0.024228,-0.703652,-0.710132],"palmPosition":[-24.4495,288.896,11.2199],"palmVelocity":[77.9119,199.594,-216.574],"palmWidth":90.0033,"pinchStrength":0.416408,"r":[[0.861841,-0.160567,0.481091],[0.112399,0.985444,0.127543],[-0.494567,-0.0558481,0.867343]],"s":0.902899,"sphereCenter":[-37.2683,277.053,-30.3083],"sphereRadius":46.9715,"stabilizedPalmPosition":[-28.0826,279.333,21.2589],"t":[58.4136,168.234,-144.138],"timeVisible":0.352483,"type":"right","wrist":[-14.2576,254.465,51.7022]}],"id":1151834,"interactionBox":{"center":[0,200,0],"size":[235.247,235.247,147.751]},"pointables":[{"bases":[[[0.369957,0.789285,0.490062],[-0.794089,-0.00515673,0.607779],[0.482238,-0.614005,0.624855]],[[0.174568,0.955898,0.236191],[-0.804591,0.00020803,0.593829],[0.56759,-0.2937,0.769143]],[[0.174568,0.955898,0.236191],[-0.975941,0.136148,0.170305],[0.130638,-0.260238,0.956666]],[[0.174568,0.955898,0.236191],[-0.98447,0.173972,0.0235291],[-0.018599,-0.23663,0.971422]]],"btipPosition":[-73.977,271.787,-45.6878],"carpPosition":[-41.9762,243.031,47.0423],"dipPosition":[-74.4075,266.309,-23.1995],"direction":[-0.130638,0.260238,-0.956666],"extended":false,"handId":345,"id":3450,"length":51.5512,"mcpPosition":[-41.9762,243.031,47.0423],"pipPosition":[-70.0017,257.533,9.06488],"stabilizedTipPosition":[-77.6821,262.1,-31.705],"timeVisible":0.352483,"tipPosition":[-73.1895,270.788,-40.4542],"tipVelocity":[96.0758,211.963,-236.33],"tool":false,"touchDistance":-0.436733,"touchZone":"hovering","type":0,"width":20.0304},{"bases":[[[0.97549,0.172042,-0.137191],[-0.056403,0.798133,0.599835],[0.212694,-0.577395,0.788274]],[[0.97552,0.17196,-0.137079],[-0.0367298,0.741987,0.669407],[0.216823,-0.647985,0.730139]],[[0.97552,0.17196,-0.137079],[-0.10778,0.917198,0.383577],[0.191689,-0.359412,0.913279]],[[0.97552,0.17196,-0.137079],[-0.157252,0.981209,0.111807],[0.15373,-0.0875143,0.98423]]],"btipPosition":[-66.9017,344.196,-73.6874],"carpPosition":[-35.0284,264.569,53.1739],"dipPosition":[-64.3036,342.717,-57.0536],"direction":[-0.191689,0.359412,-0.913279],"extended":true,"handId":345,"id":3451,"length":58.1698,"mcpPosition":[-50.5065,306.587,-4.19023],"pipPosition":[-59.7207,334.124,-35.2186],"stabilizedTipPosition":[-67.6031,340.08,-65.9403],"timeVisible":0.352483,"tipPosition":[-65.4044,343.093,-70.013],"tipVelocity":[83.3813,231.144,-221.358],"tool":false,"touchDistance":-0.648364,"touchZone":"hovering","type":1,"width":19.133},{"bases":[[[0.990483,-0.0461477,-0.129665],[0.11401,0.802858,0.585167],[0.0770982,-0.594381,0.800479]],[[0.987049,-0.0246312,-0.158516],[-0.0498086,0.892248,-0.448791],[0.15249,0.450874,0.879465]],[[0.987049,-0.0246312,-0.158516],[-0.156853,-0.355371,-0.921471],[-0.0336351,0.934401,-0.354632]],[[0.987049,-0.0246312,-0.158516],[-0.0918118,-0.897041,-0.432306],[-0.131547,0.441261,-0.887685]]],"btipPosition":[-32.6936,253.36,-18.6259],"carpPosition":[-23.4938,268.322,52.0716],"dipPosition":[-35.1388,261.562,-35.1264],"direction":[0.0336351,-0.934401,0.354632],"extended":false,"handId":345,"id":3452,"length":66.2798,"mcpPosition":[-28.8145,309.341,-3.17058],"pipPosition":[-36.0849,287.845,-45.1015],"stabilizedTipPosition":[-35.7447,250.655,-17.5743],"timeVisible":0.352483,"tipPosition":[-33.0698,255.528,-21.8289],"tipVelocity":[101.787,188.833,-198.052],"tool":false,"touchDistance":0.333333,"touchZone":"none","type":2,"width":18.7912},{"bases":[[[0.979602,-0.193503,-0.0541952],[0.186884,0.778153,0.599627],[-0.0738578,-0.597524,0.798442]],[[0.981304,-0.176462,-0.0768403],[0.104137,0.822552,-0.559074],[0.161861,0.540619,0.82555]],[[0.981304,-0.176462,-0.0768403],[-0.149849,-0.449942,-0.880396],[0.120783,0.87545,-0.467972]],[[0.981304,-0.176462,-0.0768403],[-0.192425,-0.907859,-0.372511],[-0.00402605,0.380332,-0.924841]]],"btipPosition":[-17.2901,251.074,-5.66652],"carpPosition":[-11.4777,268.962,50.3753],"dipPosition":[-17.3645,258.103,-22.7589],"direction":[-0.120783,-0.87545,0.467972],"extended":false,"handId":345,"id":3453,"length":63.7298,"mcpPosition":[-6.90144,305.985,0.903176],"pipPosition":[-14.0549,282.092,-35.5821],"stabilizedTipPosition":[-19.6961,248.438,-6.37462],"timeVisible":0.352483,"tipPosition":[-17.397,253.238,-10.8493],"tipVelocity":[95.2805,166.939,-125.275],"tool":false,"touchDistance":0.333333,"touchZone":"none","type":3,"width":17.881},{"bases":[[[0.920035,-0.387255,-0.0597457],[0.329709,0.682716,0.652067],[-0.211727,-0.619623,0.755803]],[[0.914748,-0.401859,-0.0417825],[0.334852,0.811936,-0.478156],[0.226076,0.423401,0.877281]],[[0.914748,-0.401859,-0.0417825],[-0.189631,-0.335722,-0.922676],[0.356758,0.851939,-0.383306]],[[0.914748,-0.401859,-0.0417825],[-0.376532,-0.810432,-0.448802],[0.146493,0.426274,-0.892654]]],"btipPosition":[-4.60625,259.733,-4.87139],"carpPosition":[0.556807,262.753,46.527],"dipPosition":[-2.10856,267.001,-20.091],"direction":[-0.356758,-0.851939,0.383306],"extended":false,"handId":345,"id":3454,"length":49.963,"mcpPosition":[12.7007,298.292,3.17682],"pipPosition":[4.79354,283.483,-27.5067],"stabilizedTipPosition":[-5.83129,257.18,-4.57939],"timeVisible":0.352483,"tipPosition":[-3.7236,261.536,-9.11698],"tipVelocity":[80.7907,190.872,-170.238],"tool":false,"touchDistance":0.333333,"touchZone":"none","type":4,"width":15.8833}],"r":[[0.861841,-0.160567,0.481091],[0.112399,0.985444,0.127543],[-0.494567,-0.0558481,0.867343]],"s":0.902899,"t":[58.4136,168.234,-144.138],"timestamp":15187475138},false],[5,{"currentFrameRate":110.58,"devices":[],"gestures":[],"hands":[{"armBasis":[[0.968226,0.15048,-0.199735],[-0.045986,0.892211,0.449271],[0.245813,-0.425811,0.870782]],"armWidth":63.029,"confidence":0.689801,"direction":[-0.0530218,0.707382,-0.70484],"elbow":[51.941,141.387,283.536],"grabStrength":0,"id":345,"palmNormal":[0.0307689,-0.70434,-0.709195],"palmPosition":[-23.9353,289.437,10.4131],"palmVelocity":[72.5664,162.151,-182.67],"palmWidth":90.0033,"pinchStrength":0.393877,"r":[[0.85965,-0.160518,0.485011],[0.110787,0.985339,0.129742],[-0.498727,-0.0577995,0.86483]],"s":0.907919,"sphereCenter":[-37.1333,277.633,-30.9033],"sphereRadius":47.0294,"stabilizedPalmPosition":[-27.5023,280.747,19.7413],"t":[58.9536,169.182,-145.394],"timeVisible":0.361326,"type":"right","wrist":[-13.7087,255.109,50.9747]}],"id":1151835,"interactionBox":{"center":[0,200,0],"size":[235.247,235.247,147.751]},"pointables":[{"bases":[[[0.363774,0.791872,0.490517],[-0.796348,-0.00879167,0.604775],[0.483217,-0.610623,0.627408]],[[0.16877,0.95695,0.236142],[-0.805815,-0.00400754,0.592153],[0.567608,-0.290224,0.770449]],[[0.16877,0.95695,0.236142],[-0.97709,0.130914,0.167801],[0.129663,-0.259051,0.957121]],[[0.16877,0.95695,0.236142],[-0.985345,0.169813,0.0160671],[-0.0247244,-0.235393,0.971586]]],"btipPosition":[-73.1735,272.035,-46.5901],"carpPosition":[-41.3465,243.519,46.2236],"dipPosition":[-73.7458,266.586,-24.098],"direction":[-0.129663,0.259051,-0.957121],"extended":false,"handId":345,"id":3450,"length":51.5512,"mcpPosition":[-41.3465,243.519,46.2236],"pipPosition":[-69.3728,257.849,8.18168],"stabilizedTipPosition":[-76.857,263.737,-33.5357],"timeVisible":0.361326,"tipPosition":[-72.4422,271.019,-41.3804],"tipVelocity":[93.668,162.396,-199.976],"tool":false,"touchDistance":-0.434915,"touchZone":"hovering","type":0,"width":20.0304},{"bases":[[[0.975047,0.177219,-0.133703],[-0.0630419,0.798515,0.598665],[0.212859,-0.575298,0.789762]],[[0.974113,0.179718,-0.137134],[-0.0430381,0.742959,0.667952],[0.221927,-0.644759,0.73146]],[[0.974113,0.179718,-0.137134],[-0.114177,0.914693,0.387685],[0.195109,-0.361992,0.911534]],[[0.974113,0.179718,-0.137134],[-0.163502,0.979019,0.121613],[0.156112,-0.0960427,0.983059]]],"btipPosition":[-66.7642,344.645,-74.6084],"carpPosition":[-34.5399,265.102,52.3557],"dipPosition":[-64.1259,343.022,-57.9944],"direction":[-0.195109,0.361992,-0.911534],"extended":true,"handId":345,"id":3451,"length":58.1698,"mcpPosition":[-50.03,306.967,-5.11666],"pipPosition":[-59.4611,334.367,-36.2012],"stabilizedTipPosition":[-67.1851,341.292,-67.3417],"timeVisible":0.361326,"tipPosition":[-65.2081,343.514,-70.9505],"tipVelocity":[65.3148,181.329,-189.793],"tool":false,"touchDistance":-0.625745,"touchZone":"hovering","type":1,"width":19.133},{"bases":[[[0.991206,-0.0408764,-0.12586],[0.107398,0.804156,0.584636],[0.0773128,-0.593012,0.801473]],[[0.98788,-0.0200315,-0.15392],[-0.055963,0.878977,-0.473569],[0.144779,0.476443,0.867203]],[[0.98788,-0.0200315,-0.15392],[-0.149916,-0.380116,-0.912709],[-0.0402247,0.924722,-0.378512]],[[0.98788,-0.0200315,-0.15392],[-0.0836891,-0.903893,-0.419493],[-0.130725,0.42729,-0.894614]]],"btipPosition":[-31.6988,253.172,-18.0884],"carpPosition":[-23.022,268.917,51.2926],"dipPosition":[-34.1287,261.115,-34.7177],"direction":[0.0402247,-0.924722,0.378512],"extended":false,"handId":345,"id":3452,"length":66.2798,"mcpPosition":[-28.3575,309.841,-4.01819],"pipPosition":[-35.2602,287.126,-45.3644],"stabilizedTipPosition":[-34.8982,251.71,-18.6275],"timeVisible":0.361326,"tipPosition":[-32.1621,255.498,-21.83],"tipVelocity":[104.79,130.197,-128.94],"tool":false,"touchDistance":0.333333,"touchZone":"none","type":2,"width":18.7912},{"bases":[[[0.980844,-0.188201,-0.0502562],[0.18035,0.779866,0.599402],[-0.0736149,-0.596983,0.798869]],[[0.982545,-0.171091,-0.07303],[0.101582,0.822344,-0.55985],[0.155841,0.542659,0.825369]],[[0.982545,-0.171091,-0.07303],[-0.144158,-0.452158,-0.880211],[0.117575,0.875375,-0.46893]],[[0.982545,-0.171091,-0.07303],[-0.186004,-0.909496,-0.37178],[-0.00281249,0.378874,-0.925444]]],"btipPosition":[-16.4991,251.638,-6.38188],"carpPosition":[-11.0032,269.62,49.641],"dipPosition":[-16.5511,258.64,-23.4854],"direction":[-0.117575,-0.875375,0.46893],"extended":false,"handId":345,"id":3453,"length":63.7298,"mcpPosition":[-6.44196,306.609,0.142476],"pipPosition":[-13.3294,282.626,-36.3348],"stabilizedTipPosition":[-18.8368,249.735,-7.43792],"timeVisible":0.361326,"tipPosition":[-16.5961,253.763,-11.5064],"tipVelocity":[93.8613,138.829,-113.348],"tool":false,"touchDistance":0.333333,"touchZone":"none","type":3,"width":17.881},{"bases":[[[0.922359,-0.382283,-0.055801],[0.323495,0.685274,0.652496],[-0.211199,-0.619887,0.755735]],[[0.916586,-0.398192,-0.0362299],[0.330169,0.804872,-0.493122],[0.225518,0.440027,0.869205]],[[0.916586,-0.398192,-0.0362299],[-0.189483,-0.352793,-0.916315],[0.352088,0.846747,-0.398816]],[[0.916586,-0.398192,-0.0362299],[-0.372403,-0.817198,-0.439889],[0.145554,0.416689,-0.897321]]],"btipPosition":[-3.98785,260.15,-4.88666],"carpPosition":[1.07962,263.473,45.8457],"dipPosition":[-1.50617,267.255,-20.1859],"direction":[-0.352088,-0.846747,0.398816],"extended":false,"handId":345,"id":3454,"length":49.963,"mcpPosition":[13.1932,299.027,2.49947],"pipPosition":[5.30557,283.637,-27.9017],"stabilizedTipPosition":[-5.1821,258.418,-5.60822],"timeVisible":0.361326,"tipPosition":[-3.09785,262.002,-9.27966],"tipVelocity":[77.7405,150.851,-125.214],"tool":false,"touchDistance":0.333333,"touchZone":"none","type":4,"width":15.8833}],"r":[[0.85965,-0.160518,0.485011],[0.110787,0.985339,0.129742],[-0.498727,-0.0577995,0.86483]],"s":0.907919,"t":[58.9536,169.182,-145.394],"timestamp":15187483981},false],[6,{"currentFrameRate":110.525,"devices":[],"gestures":[],"hands":[{"armBasis":[[0.96754,0.157807,-0.19739],[-0.0539217,0.891995,0.448817],[0.246898,-0.423605,0.87155]],"armWidth":63.029,"confidence":0.700825,"direction":[-0.0520835,0.703697,-0.708588],"elbow":[52.5562,143.15,282.502],"grabStrength":0,"id":345,"palmNormal":[0.0396314,-0.707536,-0.705565],"palmPosition":[-23.5199,290.358,8.93891],"palmVelocity":[65.0089,145.047,-176.688],"palmWidth":90.0033,"pinchStrength":0.36833,"r":[[0.857385,-0.159054,0.489482],[0.108205,0.9855,0.130698],[-0.503172,-0.0590942,0.862163]],"s":0.913364,"sphereCenter":[-37.0553,278.447,-32.138],"sphereRadius":47.1169,"stabilizedPalmPosition":[-26.728,282.615,17.6409],"t":[59.4312,170.117,-146.759],"timeVisible":0.370472,"type":"right","wrist":[-13.3834,256.283,49.7352]}],"id":1151836,"interactionBox":{"center":[0,200,0],"size":[235.247,235.247,147.751]},"pointables":[{"bases":[[[0.355924,0.796241,0.489201],[-0.800466,-0.0103834,0.599288],[0.482258,-0.60489,0.633668]],[[0.162313,0.958735,0.233411],[-0.808872,-0.00620038,0.587952],[0.565138,-0.284232,0.774488]],[[0.162313,0.958735,0.233411],[-0.978683,0.126253,0.161989],[0.125835,-0.254729,0.95879]],[[0.162313,0.958735,0.233411],[-0.986192,0.165496,0.00602014],[-0.0328568,-0.231166,0.972359]]],"btipPosition":[-72.3098,272.491,-48.2384],"carpPosition":[-40.9221,244.514,44.8489],"dipPosition":[-73.0705,267.139,-25.7285],"direction":[-0.125835,0.254729,-0.95879],"extended":false,"handId":345,"id":3450,"length":51.5512,"mcpPosition":[-40.9221,244.514,44.8489],"pipPosition":[-68.8266,258.548,6.60756],"stabilizedTipPosition":[-76.0817,265.071,-35.2247],"timeVisible":0.370472,"tipPosition":[-71.6451,271.459,-43.0504],"tipVelocity":[92.5613,131.753,-194.353],"tool":false,"touchDistance":-0.44442,"touchZone":"hovering","type":0,"width":20.0304},{"bases":[[[0.974945,0.182062,-0.127809],[-0.0716625,0.800998,0.594362],[0.210585,-0.570311,0.793977]],[[0.972985,0.187253,-0.13504],[-0.0514454,0.746075,0.663871],[0.225061,-0.63899,0.735554]],[[0.972985,0.187253,-0.13504],[-0.12188,0.913397,0.388395],[0.196073,-0.361444,0.911545]],[[0.972985,0.187253,-0.13504],[-0.170329,0.977088,0.127624],[0.155844,-0.101175,0.982587]]],"btipPosition":[-66.4897,345.173,-76.5131],"carpPosition":[-34.2792,266.164,50.9239],"dipPosition":[-63.8559,343.463,-59.9071],"direction":[-0.196073,0.361444,-0.911545],"extended":true,"handId":345,"id":3451,"length":58.1698,"mcpPosition":[-49.6038,307.667,-6.85517],"pipPosition":[-59.1682,334.822,-38.1136],"stabilizedTipPosition":[-66.8457,342.202,-68.7376],"timeVisible":0.370472,"tipPosition":[-64.8844,344.024,-72.8672],"tipVelocity":[55.456,146.318,-194.989],"tool":false,"touchDistance":-0.620103,"touchZone":"hovering","type":1,"width":19.133},{"bases":[[[0.992269,-0.0358988,-0.118803],[0.098836,0.807531,0.581485],[0.0750628,-0.588732,0.804836]],[[0.989177,-0.0160471,-0.145847],[-0.0601774,0.862186,-0.503005],[0.133819,0.506338,0.851889]],[[0.989177,-0.0160471,-0.145847],[-0.139522,-0.410524,-0.901112],[-0.0454133,0.911709,-0.40832]],[[0.989177,-0.0160471,-0.145847],[-0.0739462,-0.91306,-0.401064],[-0.126731,0.407508,-0.904365]]],"btipPosition":[-30.7029,253.308,-17.941],"carpPosition":[-22.7757,270.039,49.9222],"dipPosition":[-33.0587,260.882,-34.7516],"direction":[0.0454133,-0.911709,0.40832],"extended":false,"handId":345,"id":3452,"length":66.2798,"mcpPosition":[-27.9559,310.668,-5.62071],"pipPosition":[-34.336,286.527,-46.2368],"stabilizedTipPosition":[-33.9342,252.591,-19.4666],"timeVisible":0.370472,"tipPosition":[-31.2286,255.701,-22.1931],"tipVelocity":[106.449,95.494,-89.8347],"tool":false,"touchDistance":0.333333,"touchZone":"none","type":2,"width":18.7912},{"bases":[[[0.982207,-0.182917,-0.0425648],[0.171819,0.783724,0.596871],[-0.0758186,-0.593564,0.801207]],[[0.983963,-0.165996,-0.0652878],[0.0997095,0.815351,-0.570316],[0.147903,0.55466,0.818827]],[[0.983963,-0.165996,-0.0652878],[-0.136596,-0.465832,-0.874266],[0.114712,0.869164,-0.481036]],[[0.983963,-0.165996,-0.0652878],[-0.178373,-0.914917,-0.362092],[0.0003729,0.36793,-0.929853]]],"btipPosition":[-15.7388,252.45,-7.11504],"carpPosition":[-10.7498,270.802,48.3503],"dipPosition":[-15.7319,259.25,-24.3],"direction":[-0.114712,-0.869164,0.481036],"extended":false,"handId":345,"id":3453,"length":63.7298,"mcpPosition":[-6.05205,307.579,-1.29306],"pipPosition":[-12.5886,283.066,-37.4812],"stabilizedTipPosition":[-17.9554,250.952,-8.47005],"timeVisible":0.370472,"tipPosition":[-15.8122,254.515,-12.3189],"tipVelocity":[91.2868,123.484,-104.681],"tool":false,"touchDistance":0.333333,"touchZone":"none","type":3,"width":17.881},{"bases":[[[0.924848,-0.377348,-0.0475791],[0.315118,0.690193,0.651409],[-0.212969,-0.617448,0.757233]],[[0.91864,-0.394191,-0.0267309],[0.32906,0.800794,-0.500448],[0.218678,0.450935,0.865354]],[[0.91864,-0.394191,-0.0267309],[-0.182719,-0.363882,-0.913348],[0.350306,0.843922,-0.406302]],[[0.91864,-0.394191,-0.0267309],[-0.365708,-0.822757,-0.435118],[0.149526,0.409493,-0.899977]]],"btipPosition":[-3.36669,261.038,-5.82515],"carpPosition":[1.39325,264.704,44.6684],"dipPosition":[-0.817279,268.02,-21.1696],"direction":[-0.350306,-0.843922,0.406302],"extended":false,"handId":345,"id":3454,"length":49.963,"mcpPosition":[13.6084,300.119,1.23616],"pipPosition":[5.95999,284.347,-29.0303],"stabilizedTipPosition":[-4.52,259.583,-6.64093],"timeVisible":0.370472,"