{"sensorType":"Leap","data":[[0,{"currentFrameRate":108.035,"devices":[],"gestures":[{"direction":[0.361405,0.696986,-0.619351],"duration":54039,"handIds":[343],"id":2,"pointableIds":[3430],"position":[-77.7943,261.939,-29.7925],"speed":274.866,"startPosition":[-128.699,169.412,53.3762],"state":"update","type":"swipe"},{"direction":[0.320812,0.802503,-0.50306],"duration":54184,"handIds":[343],"id":1,"pointableIds":[3431],"position":[-73.2114,318.658,-57.3954],"speed":331.96,"startPosition":[-123.713,210.631,10.5965],"state":"update","type":"swipe"}],"hands":[{"armBasis":[[0.961904,0.0595344,-0.266825],[0.0615989,0.903705,0.423701],[0.266356,-0.423996,0.865611]],"armWidth":63.029,"confidence":0.672326,"direction":[-0.0904308,0.744813,-0.661117],"elbow":[55.5247,124.092,288.137],"grabStrength":0,"id":343,"palmNormal":[-0.104818,-0.667268,-0.737406],"palmPosition":[-28.3572,274.281,19.5359],"palmVelocity":[96.392,397.571,-263.671],"palmWidth":90.0033,"pinchStrength":0.531289,"r":[[0.931899,-0.307342,0.192627],[0.308813,0.950842,0.0231044],[-0.190259,0.0379549,0.981]],"s":0.937685,"sphereCenter":[-33.4548,259.526,-25.628],"sphereRadius":46.8439,"stabilizedPalmPosition":[-29.826,267.808,23.7926],"t":[57.0298,120.597,-89.6584],"timeVisible":0.225982,"type":"right","wrist":[-15.6115,237.329,56.9565]}],"id":1151019,"interactionBox":{"center":[0,200,0],"size":[235.247,235.247,147.751]},"pointables":[{"bases":[[[0.474629,0.741108,0.474854],[-0.714877,0.00983959,0.699181],[0.513496,-0.671313,0.534471]],[[0.271943,0.925098,0.265029],[-0.77764,0.0490271,0.626795],[0.566853,-0.37655,0.732726]],[[0.271943,0.925098,0.265029],[-0.956338,0.229158,0.181397],[0.107077,-0.302787,0.947024]],[[0.271943,0.925098,0.265029],[-0.956753,0.230352,0.177656],[0.103299,-0.301879,0.947733]]],"btipPosition":[-78.3443,263.546,-34.8386],"carpPosition":[-44.3525,227.753,55.2197],"dipPosition":[-75.9529,256.558,-12.8988],"direction":[-0.107077,0.302787,-0.947024],"extended":false,"handId":343,"id":3430,"length":51.5512,"mcpPosition":[-44.3525,227.753,55.2197],"pipPosition":[-72.3417,246.346,19.0404],"stabilizedTipPosition":[-82.5714,250.551,-20.3808],"timeVisible":0.225982,"tipPosition":[-78.8294,262.921,-29.0124],"tipVelocity":[164.55,404.649,-330.824],"tool":false,"touchDistance":0.151951,"touchZone":"hovering","type":0,"width":20.0304},{"bases":[[[0.961128,0.12248,-0.247449],[0.065767,0.768868,0.636017],[0.268155,-0.627567,0.730925]],[[0.977564,0.0781802,-0.195595],[0.0476897,0.822315,0.567031],[0.205171,-0.563637,0.800137]],[[0.977564,0.0781802,-0.195595],[-0.0114122,0.946865,0.321429],[0.210331,-0.311985,0.926513]],[[0.977564,0.0781802,-0.195595],[-0.0569582,0.992089,0.111871],[0.202794,-0.0982205,0.974283]]],"btipPosition":[-72.0705,327.263,-64.4305],"carpPosition":[-35.3813,248.522,61.3804],"dipPosition":[-68.6432,325.603,-47.9648],"direction":[-0.210331,0.311985,-0.926513],"extended":true,"handId":343,"id":3431,"length":58.1698,"mcpPosition":[-54.8954,294.191,8.18959],"pipPosition":[-63.6145,318.144,-25.8134],"stabilizedTipPosition":[-72.583,321.022,-58.0058],"timeVisible":0.225982,"tipPosition":[-70.3546,325.295,-61.0936],"tipVelocity":[127.059,511.635,-251.705],"tool":false,"touchDistance":0.277949,"touchZone":"hovering","type":1,"width":19.133},{"bases":[[[0.963132,-0.0963123,-0.251199],[0.233182,0.764541,0.600919],[0.134176,-0.637339,0.758812]],[[0.9678,-0.122206,-0.220066],[0.0136678,0.898469,-0.438824],[0.251349,0.421686,0.871208]],[[0.9678,-0.122206,-0.220066],[-0.248899,-0.334044,-0.909101],[0.0375855,0.934602,-0.353705]],[[0.9678,-0.122206,-0.220066],[-0.20819,-0.880015,-0.426885],[-0.141494,0.458955,-0.87712]]],"btipPosition":[-43.517,240.717,-8.60687],"carpPosition":[-23.8464,251.658,59.044],"dipPosition":[-46.1471,249.248,-24.911],"direction":[-0.0375855,-0.934602,0.353705],"extended":false,"handId":343,"id":3432,"length":66.2798,"mcpPosition":[-33.1061,295.641,6.67724],"pipPosition":[-45.0899,275.536,-34.86],"stabilizedTipPosition":[-47.254,232.64,-4.63716],"timeVisible":0.225982,"tipPosition":[-43.8951,242.436,-11.0117],"tipVelocity":[129.1,414.339,-318.36],"tool":false,"touchDistance":0.333333,"touchZone":"none","type":2,"width":18.7912},{"bases":[[[0.952042,-0.246411,-0.181376],[0.305556,0.734999,0.605319],[-0.0158463,-0.63171,0.775043]],[[0.952115,-0.24293,-0.185639],[0.122253,0.859027,-0.497118],[0.280234,0.450619,0.847592]],[[0.952115,-0.24293,-0.185639],[-0.267494,-0.367832,-0.890588],[0.148066,0.897599,-0.415201]],[[0.952115,-0.24293,-0.185639],[-0.298555,-0.869594,-0.393283],[-0.0658902,0.429874,-0.900481]]],"btipPosition":[-26.3439,238.377,-1.53651],"carpPosition":[-12.1012,251.691,55.9258],"dipPosition":[-27.5616,246.322,-18.1787],"direction":[-0.148066,-0.897599,0.415201],"extended":false,"handId":343,"id":3433,"length":63.7298,"mcpPosition":[-11.1194,290.832,7.90358],"pipPosition":[-23.5043,270.917,-29.5558],"stabilizedTipPosition":[-29.4167,231.224,0.929133],"timeVisible":0.225982,"tipPosition":[-26.3863,240.284,-4.42437],"tipVelocity":[125.513,405.317,-283.229],"tool":false,"touchDistance":0.333333,"touchZone":"none","type":3,"width":17.881},{"bases":[[[0.880148,-0.435901,-0.18796],[0.447305,0.629009,0.635819],[-0.158926,-0.643691,0.748602]],[[0.861534,-0.493925,-0.117463],[0.382506,0.78361,-0.489536],[0.333839,0.376822,0.864035]],[[0.861534,-0.493925,-0.117463],[-0.291426,-0.291662,-0.911045],[0.415728,0.819129,-0.39522]],[[0.861534,-0.493925,-0.117463],[-0.492107,-0.755517,-0.432464],[0.124859,0.430387,-0.893967]]],"btipPosition":[-13.758,245.558,0.107755],"carpPosition":[-1.02535,245.004,50.3769],"dipPosition":[-11.6292,252.896,-15.1343],"direction":[-0.415728,-0.819129,0.39522],"extended":false,"handId":343,"id":3434,"length":49.963,"mcpPosition":[8.09007,281.923,7.43981],"pipPosition":[-3.58621,268.744,-22.7805],"stabilizedTipPosition":[-15.5218,239.526,1.65908],"timeVisible":0.225982,"tipPosition":[-13.241,246.79,-2.40347],"tipVelocity":[123.131,415.151,-272.193],"tool":false,"touchDistance":0.333333,"touchZone":"none","type":4,"width":15.8833}],"r":[[0.931899,-0.307342,0.192627],[0.308813,0.950842,0.0231044],[-0.190259,0.0379549,0.981]],"s":0.937685,"t":[57.0298,120.597,-89.6584],"timestamp":15180000122},false],[1,{"currentFrameRate":108.114,"devices":[],"gestures":[{"direction":[0.361405,0.696986,-0.619351],"duration":54039,"handIds":[343],"id":2,"pointableIds":[3430],"position":[-77.7943,261.939,-29.7925],"speed":274.866,"startPosition":[-128.699,169.412,53.3762],"state":"update","type":"swipe"},{"direction":[0.320812,0.802503,-0.50306],"duration":54184,"handIds":[343],"id":1,"pointableIds":[3431],"position":[-73.2114,318.658,-57.3954],"speed":331.96,"startPosition":[-123.713,210.631,10.5965],"state":"update","type":"swipe"}],"hands":[{"armBasis":[[0.960994,0.0690432,-0.267814],[0.0533821,0.903825,0.424559],[0.27137,-0.422295,0.864885]],"armWidth":63.029,"confidence":0.672773,"direction":[-0.0806248,0.743114,-0.66429],"elbow":[57.1639,127.07,286.932],"grabStrength":0,"id":343,"palmNormal":[-0.0915138,-0.669163,-0.737459],"palmPosition":[-27.4929,276.697,18.2312],"palmVelocity":[95.9768,360.86,-230.271],"palmWidth":90.0033,"pinchStrength":0.5304,"r":[[0.929946,-0.30713,0.202169],[0.307785,0.951014,0.0289933],[-0.20117,0.0352622,0.978921]],"s":0.939524,"sphereCenter":[-32.4292,261.988,-26.8292],"sphereRadius":46.7537,"stabilizedPalmPosition":[-28.9848,271.013,21.7876],"t":[57.8068,123.41,-91.3613],"timeVisible":0.23509,"type":"right","wrist":[-15.3115,239.853,55.9456]}],"id":1151020,"interactionBox":{"center":[0,200,0],"size":[235.247,235.247,147.751]},"pointables":[{"bases":[[[0.465513,0.742987,0.480904],[-0.726395,0.0103218,0.6872],[0.505617,-0.669227,0.544506]],[[0.266157,0.92609,0.267428],[-0.787197,0.0487109,0.614775],[0.55631,-0.374145,0.74198]],[[0.266157,0.92609,0.267428],[-0.959343,0.22746,0.167103],[0.0939232,-0.30103,0.948978]],[[0.266157,0.92609,0.267428],[-0.960229,0.230442,0.157659],[0.0843804,-0.298754,0.950592]]],"btipPosition":[-76.5942,265.769,-36.8924],"carpPosition":[-44.0046,230.227,53.7549],"dipPosition":[-74.6408,258.853,-14.8864],"direction":[-0.0939232,0.30103,-0.948978],"extended":false,"handId":343,"id":3430,"length":51.5512,"mcpPosition":[-44.0046,230.227,53.7549],"pipPosition":[-71.4732,248.701,17.1187],"stabilizedTipPosition":[-80.9321,254.027,-23.3016],"timeVisible":0.23509,"tipPosition":[-77.1297,265.115,-31.1174],"tipVelocity":[169.137,360.624,-301.146],"tool":false,"touchDistance":0.152584,"touchZone":"hovering","type":0,"width":20.0304},{"bases":[[[0.964907,0.123455,-0.231761],[0.0539905,0.770462,0.635195],[0.256981,-0.625417,0.736759]],[[0.979663,0.08224,-0.183023],[0.0370516,0.822314,0.567826],[0.1972,-0.563059,0.802544]],[[0.979663,0.08224,-0.183023],[-0.0184483,0.9452,0.325971],[0.199801,-0.315965,0.927494]],[[0.979663,0.08224,-0.183023],[-0.0608567,0.990963,0.119536],[0.1912,-0.105966,0.975814]]],"btipPosition":[-70.2592,329.81,-66.3727],"carpPosition":[-35.1697,251.024,60.0143],"dipPosition":[-67.0279,328.019,-49.8811],"direction":[-0.199801,0.315965,-0.927494],"extended":true,"handId":343,"id":3431,"length":58.1698,"mcpPosition":[-53.8706,296.537,6.39898],"pipPosition":[-62.251,320.465,-27.7063],"stabilizedTipPosition":[-71.1868,324.835,-60.088],"timeVisible":0.23509,"tipPosition":[-68.5621,327.862,-63.0236],"tipVelocity":[145.603,446.386,-240.857],"tool":false,"touchDistance":0.272241,"touchZone":"hovering","type":1,"width":19.133},{"bases":[[[0.967318,-0.0953422,-0.234958],[0.221971,0.766324,0.60289],[0.122573,-0.63534,0.762442]],[[0.971506,-0.121126,-0.203727],[0.0194647,0.897423,-0.440742],[0.236214,0.424218,0.874209]],[[0.971506,-0.121126,-0.203727],[-0.233268,-0.336395,-0.912373],[0.041979,0.933899,-0.355065]],[[0.971506,-0.121126,-0.203727],[-0.199726,-0.881178,-0.428526],[-0.127614,0.457005,-0.880262]]],"btipPosition":[-42.1323,243.03,-10.0857],"carpPosition":[-23.6026,254.173,57.8621],"dipPosition":[-44.5045,251.525,-26.4482],"direction":[-0.041979,-0.933899,0.355065],"extended":false,"handId":343,"id":3432,"length":66.2798,"mcpPosition":[-32.0615,298.019,5.24486],"pipPosition":[-43.3237,277.793,-36.4354],"stabilizedTipPosition":[-45.9665,236.113,-7.22892],"timeVisible":0.23509,"tipPosition":[-42.4758,244.752,-12.5192],"tipVelocity":[137.265,369.599,-275.5],"tool":false,"touchDistance":0.333333,"touchZone":"none","type":2,"width":18.7912},{"bases":[[[0.955309,-0.245294,-0.164973],[0.294309,0.73691,0.608561],[-0.0277064,-0.629916,0.776169]],[[0.955444,-0.241888,-0.169164],[0.130277,0.859835,-0.493672],[0.264866,0.449638,0.853037]],[[0.955444,-0.241888,-0.169164],[-0.251155,-0.365128,-0.896439],[0.155071,0.898984,-0.409611]],[[0.955444,-0.241888,-0.169164],[-0.290903,-0.868752,-0.400805],[-0.0500116,0.432157,-0.900411]]],"btipPosition":[-25.1213,240.756,-2.98805],"carpPosition":[-11.8073,254.219,54.9392],"dipPosition":[-26.0456,248.743,-19.6289],"direction":[-0.155071,-0.898984,0.409611],"extended":false,"handId":343,"id":3433,"length":63.7298,"mcpPosition":[-10.0906,293.249,6.84716],"pipPosition":[-21.7964,273.377,-30.8529],"stabilizedTipPosition":[-28.1338,234.797,-1.50444],"timeVisible":0.23509,"tipPosition":[-25.1118,242.662,-5.84356],"tipVelocity":[129.987,365.651,-248.865],"tool":false,"touchDistance":0.333333,"touchZone":"none","type":3,"width":17.881},{"bases":[[[0.883833,-0.434916,-0.1723],[0.4357,0.631221,0.641659],[-0.170309,-0.64219,0.747387]],[[0.863924,-0.493325,-0.101322],[0.390351,0.783045,-0.484218],[0.318216,0.378776,0.869061]],[[0.863924,-0.493325,-0.101322],[-0.274929,-0.293412,-0.9156],[0.421959,0.818865,-0.389115]],[[0.863924,-0.493325,-0.101322],[-0.483702,-0.756762,-0.439708],[0.140242,0.428884,-0.892407]]],"btipPosition":[-12.5465,247.967,-0.929305],"carpPosition":[-0.630338,247.536,49.5907],"dipPosition":[-10.1554,255.279,-16.1447],"direction":[-0.421959,-0.818865,0.389115],"extended":false,"handId":343,"id":3434,"length":49.963,"mcpPosition":[9.13795,284.37,6.72324],"pipPosition":[-1.99192,271.122,-23.6728],"stabilizedTipPosition":[-14.2813,243.088,-0.483108],"timeVisible":0.23509,"tipPosition":[-11.9797,249.204,-3.44817],"tipVelocity":[127.709,373.171,-228.09],"tool":false,"touchDistance":0.333333,"touchZone":"none","type":4,"width":15.8833}],"r":[[0.929946,-0.30713,0.202169],[0.307785,0.951014,0.0289933],[-0.20117,0.0352622,0.978921]],"s":0.939524,"t":[57.8068,123.41,-91.3613],"timestamp":15180009230},false],[2,{"currentFrameRate":108.25,"devices":[],"gestures":[{"direction":[0.361405,0.696986,-0.619351],"duration":54039,"handIds":[343],"id":2,"pointableIds":[3430],"position":[-77.7943,261.939,-29.7925],"speed":274.866,"startPosition":[-128.699,169.412,53.3762],"state":"update","type":"swipe"},{"direction":[0.320812,0.802503,-0.50306],"duration":54184,"handIds":[343],"id":1,"pointableIds":[3431],"position":[-73.2114,318.658,-57.3954],"speed":331.96,"startPosition":[-123.713,210.631,10.5965],"state":"update","type":"swipe"}],"hands":[{"armBasis":[[0.962734,0.0782059,-0.258895],[0.0428271,0.901113,0.431463],[0.267036,-0.426472,0.864184]],"armWidth":63.029,"confidence":0.680118,"direction":[-0.0732059,0.742328,-0.666026],"elbow":[56.2551,128.072,285.97],"grabStrength":0,"id":343,"palmNormal":[-0.0761962,-0.670029,-0.738415],"palmPosition":[-26.7966,278.734,17.2359],"palmVelocity":[90.8912,324.018,-197.465],"palmWidth":90.0033,"pinchStrength":0.524693,"r":[[0.927902,-0.306073,0.21288],[0.305902,0.951435,0.0345793],[-0.213125,0.0330343,0.976466]],"s":0.941211,"sphereCenter":[-31.4168,264.054,-27.8337],"sphereRadius":46.7346,"stabilizedPalmPosition":[-28.1864,273.83,20.1269],"t":[58.5434,125.835,-92.7103],"timeVisible":0.244081,"type":"right","wrist":[-15.0629,241.971,55.1703]}],"id":1151021,"interactionBox":{"center":[0,200,0],"size":[235.247,235.247,147.751]},"pointables":[{"bases":[[[0.454012,0.745475,0.487996],[-0.737643,0.00727974,0.675152],[0.499756,-0.666494,0.553199]],[[0.257972,0.927117,0.271854],[-0.794958,0.0437734,0.605084],[0.549083,-0.372207,0.748311]],[[0.257972,0.927117,0.271854],[-0.962247,0.221276,0.158485],[0.0867797,-0.302475,0.949199]],[[0.257972,0.927117,0.271854],[-0.964017,0.228307,0.136186],[0.0641944,-0.297204,0.952654]]],"btipPosition":[-75.1947,267.667,-38.5006],"carpPosition":[-43.6702,232.207,52.5145],"dipPosition":[-73.7086,260.787,-16.4469],"direction":[-0.0867797,0.302475,-0.949199],"extended":false,"handId":343,"id":3430,"length":51.5512,"mcpPosition":[-43.6702,232.207,52.5145],"pipPosition":[-70.7819,250.585,15.5657],"stabilizedTipPosition":[-79.3789,257.108,-25.8889],"timeVisible":0.244081,"tipPosition":[-75.658,266.89,-32.8503],"tipVelocity":[162.159,319.837,-267.263],"tool":false,"touchDistance":0.154806,"touchZone":"hovering","type":0,"width":20.0304},{"bases":[[[0.967994,0.127899,-0.21594],[0.0398807,0.771087,0.635479],[0.247786,-0.623752,0.741307]],[[0.981357,0.0894401,-0.170113],[0.0236699,0.822135,0.568801],[0.190729,-0.562223,0.804691]],[[0.981357,0.0894401,-0.170113],[-0.0289398,0.943793,0.329267],[0.190001,-0.318206,0.928787]],[[0.981357,0.0894401,-0.170113],[-0.0685773,0.989809,0.124798],[0.179541,-0.110806,0.97749]]],"btipPosition":[-68.7521,331.814,-67.964],"carpPosition":[-35.038,253.05,58.9044],"dipPosition":[-65.7178,329.942,-51.4441],"direction":[-0.190001,0.318206,-0.928787],"extended":true,"handId":343,"id":3431,"length":58.1698,"mcpPosition":[-53.0699,298.441,4.95812],"pipPosition":[-61.1752,322.334,-29.2384],"stabilizedTipPosition":[-69.7615,327.815,-61.9427],"timeVisible":0.244081,"tipPosition":[-67.0639,329.925,-64.5922],"tipVelocity":[150.261,384.508,-223.136],"tool":false,"touchDistance":0.26747,"touchZone":"hovering","type":1,"width":19.133},{"bases":[[[0.971494,-0.0908861,-0.21895],[0.208388,0.767728,0.605945],[0.113022,-0.634298,0.764782]],[[0.975284,-0.116584,-0.187695],[0.0222366,0.896947,-0.441579],[0.219833,0.426491,0.87737]],[[0.975284,-0.116584,-0.187695],[-0.216672,-0.338176,-0.9158],[0.0432933,0.933834,-0.355078]],[[0.975284,-0.116584,-0.187695],[-0.188503,-0.882184,-0.43153],[-0.115272,0.456245,-0.882356]]],"btipPosition":[-40.8082,244.945,-11.28],"carpPosition":[-23.4522,256.253,56.9406],"dipPosition":[-42.9509,253.426,-27.6815],"direction":[-0.0432933,-0.933834,0.355078],"extended":false,"handId":343,"id":3432,"length":66.2798,"mcpPosition":[-31.252,300.027,4.1619],"pipPosition":[-41.7331,279.693,-37.6691],"stabilizedTipPosition":[-44.6326,239.196,-9.46578],"timeVisible":0.244081,"tipPosition":[-41.1247,246.685,-13.762],"tipVelocity":[141.621,326.535,-236.635],"tool":false,"touchDistance":0.333333,"touchZone":"none","type":2,"width":18.7912},{"bases":[[[0.959045,-0.240852,-0.149071],[0.280761,0.738661,0.612824],[-0.0374867,-0.629579,0.776031]],[[0.959227,-0.237584,-0.153093],[0.135789,0.862437,-0.487609],[0.247881,0.44694,0.859535]],[[0.959227,-0.237584,-0.153093],[-0.233451,-0.360663,-0.903008],[0.159326,0.901929,-0.401422]],[[0.959227,-0.237584,-0.153093],[-0.280408,-0.867859,-0.410112],[-0.035427,0.436318,-0.899095]]],"btipPosition":[-23.9542,242.831,-4.24249],"carpPosition":[-11.6108,256.352,54.2121],"dipPosition":[-24.609,250.895,-20.859],"direction":[-0.159326,-0.901929,0.401422],"extended":false,"handId":343,"id":3433,"length":63.7298,"mcpPosition":[-9.28805,295.361,6.12859],"pipPosition":[-20.2432,275.609,-31.8586],"stabilizedTipPosition":[-26.8442,237.962,-3.60414],"timeVisible":0.244081,"tipPosition":[-23.9,244.732,-7.05449],"tipVelocity":[131.828,329.173,-218.696],"tool":false,"touchDistance":0.333333,"touchZone":"none","type":3,"width":17.881},{"bases":[[[0.888599,-0.430815,-0.157446],[0.422087,0.633664,0.648314],[-0.179536,-0.642548,0.744916]],[[0.867371,-0.490258,-0.0855247],[0.396774,0.784979,-0.475793],[0.300397,0.378755,0.875389]],[[0.867371,-0.490258,-0.0855247],[-0.25627,-0.292689,-0.921227],[0.426607,0.820963,-0.379508]],[[0.867371,-0.490258,-0.0855247],[-0.472727,-0.757938,-0.44951],[0.155553,0.430321,-0.889172]]],"btipPosition":[-11.4304,250.107,-1.78795],"carpPosition":[-0.315742,249.72,49.0526],"dipPosition":[-8.77824,257.444,-16.9482],"direction":[-0.426607,-0.820963,0.379508],"extended":false,"handId":343,"id":3434,"length":49.963,"mcpPosition":[9.98181,286.574,6.32696],"pipPosition":[-0.524793,273.327,-24.2905],"stabilizedTipPosition":[-13.0253,246.248,-2.22217],"timeVisible":0.244081,"tipPosition":[-10.809,251.356,-4.29701],"tipVelocity":[128.561,336.257,-191.327],"tool":false,"touchDistance":0.333333,"touchZone":"none","type":4,"width":15.8833}],"r":[[0.927902,-0.306073,0.21288],[0.305902,0.951435,0.0345793],[-0.213125,0.0330343,0.976466]],"s":0.941211,"t":[58.5434,125.835,-92.7103],"timestamp":15180018221},false],[3,{"currentFrameRate":108.325,"devices":[],"gestures":[{"direction":[0.361405,0.696986,-0.619351],"duration":54039,"handIds":[343],"id":2,"pointableIds":[3430],"position":[-77.7943,261.939,-29.7925],"speed":274.866,"startPosition":[-128.699,169.412,53.3762],"state":"update","type":"swipe"},{"direction":[0.320812,0.802503,-0.50306],"duration":54184,"handIds":[343],"id":1,"pointableIds":[3431],"position":[-73.2114,318.658,-57.3954],"speed":331.96,"startPosition":[-123.713,210.631,10.5965],"state":"update","type":"swipe"}],"hands":[{"armBasis":[[0.965166,0.0854293,-0.247299],[0.0328597,0.898129,0.438503],[0.259568,-0.431354,0.864036]],"armWidth":63.029,"confidence":0.682413,"direction":[-0.0700659,0.741485,-0.667301],"elbow":[54.6448,128.971,284.977],"grabStrength":0,"id":343,"palmNormal":[-0.0633806,-0.670903,-0.738832],"palmPosition":[-26.1983,280.842,16.1251],"palmVelocity":[83.9343,298.445,-176.592],"palmWidth":90.0033,"pinchStrength":0.518674,"r":[[0.926032,-0.304061,0.223631],[0.303066,0.952145,0.0396238],[-0.224978,0.0310822,0.973868]],"s":0.942995,"sphereCenter":[-30.8501,266.201,-28.9159],"sphereRadius":46.7184,"stabilizedPalmPosition":[-27.436,276.477,18.6163],"t":[59.2109,128.101,-93.9403],"timeVisible":0.253177,"type":"right","wrist":[-14.6785,244.174,54.2169]}],"id":1151022,"interactionBox":{"center":[0,200,0],"size":[235.247,235.247,147.751]},"pointables":[{"bases":[[[0.443615,0.748573,0.492792],[-0.745505,0.00303802,0.666493],[0.497422,-0.663045,0.559413]],[[0.250187,0.928139,0.275616],[-0.798709,0.0369522,0.600582],[0.547239,-0.370395,0.750558]],[[0.250187,0.928139,0.275616],[-0.964392,0.21368,0.155847],[0.0857538,-0.304793,0.94855]],[[0.250187,0.928139,0.275616],[-0.966858,0.224537,0.121526],[0.050907,-0.296886,0.953555]]],"btipPosition":[-74.2825,269.671,-39.8915],"carpPosition":[-43.1912,234.23,51.2336],"dipPosition":[-73.104,262.798,-17.8169],"direction":[-0.0857538,0.304793,-0.94855],"extended":false,"handId":343,"id":3430,"length":51.5512,"mcpPosition":[-43.1912,234.23,51.2336],"pipPosition":[-70.2119,252.519,14.1738],"stabilizedTipPosition":[-77.9681,259.994,-28.2349],"timeVisible":0.253177,"tipPosition":[-74.5814,268.727,-34.3964],"tipVelocity":[142.861,292.313,-235.434],"tool":false,"touchDistance":0.15682,"touchZone":"hovering","type":0,"width":20.0304},{"bases":[[[0.96963,0.133835,-0.20471],[0.0276381,0.771675,0.635416],[0.243011,-0.621776,0.74454]],[[0.981722,0.0987897,-0.162675],[0.0116901,0.821821,0.569625],[0.189963,-0.561115,0.805645]],[[0.981722,0.0987897,-0.162675],[-0.0396887,0.942208,0.33267],[0.186138,-0.320133,0.928907]],[[0.981722,0.0987897,-0.162675],[-0.0778616,0.988405,0.130357],[0.173667,-0.115308,0.978031]]],"btipPosition":[-67.9072,333.826,-69.4456],"carpPosition":[-34.7648,255.13,57.7106],"dipPosition":[-64.9721,331.877,-52.9166],"direction":[-0.186138,0.320133,-0.928907],"extended":true,"handId":343,"id":3431,"length":58.1698,"mcpPosition":[-52.4491,300.378,3.52909],"pipPosition":[-60.5219,324.223,-30.708],"stabilizedTipPosition":[-68.6,330.369,-63.6423],"timeVisible":0.253177,"tipPosition":[-66.187,332,-66.0626],"tipVelocity":[133.672,338.7,-206.378],"tool":false,"touchDistance":0.260916,"touchZone":"hovering","type":1,"width":19.133},{"bases":[[[0.974533,-0.0849254,-0.207541],[0.196496,0.769354,0.607852],[0.108051,-0.633153,0.766448]],[[0.978108,-0.11049,-0.17634],[0.0220125,0.89758,-0.440302],[0.206928,0.426781,0.880363]],[[0.978108,-0.11049,-0.17634],[-0.203799,-0.337298,-0.919074],[0.0420693,0.934892,-0.352431]],[[0.978108,-0.11049,-0.17634],[-0.178213,-0.88228,-0.435687],[-0.107442,0.457575,-0.882656]]],"btipPosition":[-39.6858,246.949,-12.6669],"carpPosition":[-23.177,258.404,55.8802],"dipPosition":[-41.6829,255.454,-29.0739],"direction":[-0.0420693,-0.934892,0.352431],"extended":false,"handId":343,"id":3432,"length":66.2798,"mcpPosition":[-30.6337,302.099,2.98654],"pipPosition":[-40.4996,281.751,-38.9871],"stabilizedTipPosition":[-43.2997,242.08,-11.5375],"timeVisible":0.253177,"tipPosition":[-39.9834,248.705,-15.1646],"tipVelocity":[137.591,297.272,-213.356],"tool":false,"touchDistance":0.333333,"touchZone":"none","type":2,"width":18.7912},{"bases":[[[0.962207,-0.234927,-0.137718],[0.268964,0.740745,0.615594],[-0.042606,-0.62937,0.775937]],[[0.962409,-0.23177,-0.141605],[0.136731,0.863918,-0.484717],[0.234678,0.447134,0.863132]],[[0.962409,-0.23177,-0.141605],[-0.220041,-0.359705,-0.906749],[0.159221,0.903822,-0.397182]],[[0.962409,-0.23177,-0.141605],[-0.27029,-0.868515,-0.415481],[-0.0266906,0.438137,-0.898512]]],"btipPosition":[-22.9068,244.948,-5.44469],"carpPosition":[-11.3054,258.576,53.29],"dipPosition":[-23.4001,253.045,-22.0504],"direction":[-0.159221,-0.903822,0.397182],"extended":false,"handId":343,"id":3433,"length":63.7298,"mcpPosition":[-8.66554,297.572,5.21234],"pipPosition":[-19.0372,277.811,-32.9339],"stabilizedTipPosition":[-25.5664,240.919,-5.49543],"timeVisible":0.253177,"tipPosition":[-22.8303,246.852,-8.25786],"tipVelocity":[128.339,302.681,-194.647],"tool":false,"touchDistance":0.333333,"touchZone":"none","type":3,"width":17.881},{"bases":[[[0.893053,-0.425333,-0.146794],[0.410521,0.636654,0.652797],[-0.184199,-0.643245,0.743174]],[[0.87094,-0.485797,-0.0739192],[0.399544,0.787667,-0.468984],[0.286054,0.378923,0.880108]],[[0.87094,-0.485797,-0.0739192],[-0.241416,-0.291995,-0.92545],[0.427997,0.823857,-0.371589]],[[0.87094,-0.485797,-0.0739192],[-0.462528,-0.759665,-0.457139],[0.165923,0.432331,-0.886318]]],"btipPosition":[-10.459,252.342,-2.84073],"carpPosition":[0.0902834,252.011,48.2669],"dipPosition":[-7.63004,259.714,-17.9523],"direction":[-0.427997,-0.823857,0.371589],"extended":false,"handId":343,"id":3434,"length":49.963,"mcpPosition":[10.6553,288.906,5.64109],"pipPosition":[0.650287,275.652,-25.1414],"stabilizedTipPosition":[-11.7945,249.228,-3.78862],"timeVisible":0.253177,"tipPosition":[-9.7981,253.607,-5.34137],"tipVelocity":[123.769,311.427,-170.044],"tool":false,"touchDistance":0.333333,"touchZone":"none","type":4,"width":15.8833}],"r":[[0.926032,-0.304061,0.223631],[0.303066,0.952145,0.0396238],[-0.224978,0.0310822,0.973868]],"s":0.942995,"t":[59.2109,128.101,-93.9403],"timestamp":15180027317},false],[4,{"currentFrameRate":108.465,"devices":[],"gestures":[{"direction":[0.361405,0.696986,-0.619351],"duration":54039,"handIds":[343],"id":2,"pointableIds":[3430],"position":[-77.7943,261.939,-29.7925],"speed":274.866,"startPosition":[-128.699,169.412,53.3762],"state":"update","type":"swipe"},{"direction":[0.320812,0.802503,-0.50306],"duration":54184,"handIds":[343],"id":1,"pointableIds":[3431],"position":[-73.2114,318.658,-57.3954],"speed":331.96,"startPosition":[-123.713,210.631,10.5965],"state":"stop","type":"swipe"}],"hands":[{"armBasis":[[0.96721,0.0883185,-0.238127],[0.0275516,0.895571,0.444065],[0.252479,-0.436065,0.863772]],"armWidth":63.029,"confidence":0.477876,"direction":[-0.0720821,0.749335,-0.658256],"elbow":[52.0957,131.156,281.33],"grabStrength":0,"id":343,"palmNormal":[-0.0590643,-0.662022,-0.747154],"palmPosition":[-26.9442,284.7,12.9811],"palmVelocity":[38.188,334.527,-224.22],"palmWidth":90.0033,"pinchStrength":0.520658,"r":[[0.924624,-0.302209,0.231822],[0.299882,0.952862,0.0460923],[-0.234824,0.0269011,0.971666]],"s":0.944457,"sphereCenter":[-32.105,270.734,-32.1069],"sphereRadius":46.6346,"stabilizedPalmPosition":[-27.2535,279.528,16.5253],"t":[59.1717,131.163,-96.1272],"timeVisible":0.262145,"type":"right","wrist":[-15.3343,247.617,50.6407]}],"id":1151023,"interactionBox":{"center":[0,200,0],"size":[235.247,235.247,147.751]},"pointables":[{"bases":[[[0.439409,0.744376,0.502815],[-0.746746,-0.00842679,0.665056],[0.499289,-0.667707,0.552158]],[[0.246024,0.925497,0.287971],[-0.799077,0.0255129,0.600687],[0.548587,-0.377895,0.74582]],[[0.246024,0.925497,0.287971],[-0.965453,0.207674,0.157388],[0.0858577,-0.316744,0.944617]],[[0.246024,0.925497,0.287971],[-0.96818,0.220606,0.118155],[0.0458241,-0.307877,0.950322]]],"btipPosition":[-74.8411,274.054,-43.2029],"carpPosition":[-43.7975,237.586,47.4808],"dipPosition":[-73.7803,266.927,-21.2031],"direction":[-0.0858577,0.316744,-0.944617],"extended":false,"handId":343,"id":3430,"length":51.5512,"mcpPosition":[-43.7975,237.586,47.4808],"pipPosition":[-70.8847,256.245,10.6549],"stabilizedTipPosition":[-77.0909,263.226,-30.8132],"timeVisible":0.262145,"tipPosition":[-75.1471,272.999,-37.7581],"tipVelocity":[85.8742,344.319,-272.592],"tool":false,"touchDistance":0.130854,"touchZone":"hovering","type":0,"width":20.0304},{"bases":[[[0.969411,0.140579,-0.201196],[0.0230717,0.763903,0.644918],[0.244356,-0.629833,0.737293]],[[0.980632,0.108208,-0.163254],[0.00696962,0.81372,0.581216],[0.195735,-0.571097,0.797205]],[[0.980632,0.108208,-0.163254],[-0.0449519,0.935621,0.350133],[0.190631,-0.336013,0.922364]],[[0.980632,0.108208,-0.163254],[-0.0833748,0.984862,0.151972],[0.177227,-0.135418,0.974809]]],"btipPosition":[-69.128,338.867,-71.8287],"carpPosition":[-35.4749,258.441,54.2306],"dipPosition":[-66.1328,336.578,-55.3541],"direction":[-0.190631,0.336013,-0.922364],"extended":true,"handId":343,"id":3431,"length":58.1698,"mcpPosition":[-53.2571,304.275,0.576483],"pipPosition":[-61.5752,328.544,-33.302],"stabilizedTipPosition":[-68.5266,334.006,-65.6489],"timeVisible":0.262145,"tipPosition":[-67.3631,337.013,-68.4832],"tipVelocity":[60.2331,397.475,-223.009],"tool":false,"touchDistance":0.247332,"touchZone":"hovering","type":1,"width":19.133},{"bases":[[[0.97528,-0.0781066,-0.20671],[0.191989,0.762659,0.61765],[0.109407,-0.642067,0.758801]],[[0.9789,-0.103953,-0.175921],[0.0190951,0.903697,-0.427746],[0.203445,0.415361,0.886614]],[[0.9789,-0.103953,-0.175921],[-0.200574,-0.324316,-0.92444],[0.039044,0.94022,-0.338323]],[[0.9789,-0.103953,-0.175921],[-0.173787,-0.876384,-0.449164],[-0.107483,0.47026,-0.875958]]],"btipPosition":[-40.2486,251.107,-16.3761],"carpPosition":[-23.8982,261.788,52.4628],"dipPosition":[-42.2466,259.848,-32.6586],"direction":[-0.039044,-0.94022,0.338323],"extended":false,"handId":343,"id":3432,"length":66.2798,"mcpPosition":[-31.4485,306.098,0.0968048],"pipPosition":[-41.1483,286.294,-42.1749],"stabilizedTipPosition":[-42.5441,245.298,-14.0402],"timeVisible":0.262145,"tipPosition":[-40.5493,252.91,-18.867],"tipVelocity":[82.7382,344.473,-267.299],"tool":false,"touchDistance":0.333333,"touchZone":"none","type":2,"width":18.7912},{"bases":[[[0.963483,-0.22901,-0.138762],[0.264568,0.734273,0.625177],[-0.0412822,-0.63906,0.768048]],[[0.963673,-0.225887,-0.14251],[0.134324,0.871086,-0.472405],[0.230849,0.436102,0.869784]],[[0.963673,-0.225887,-0.14251],[-0.216336,-0.347255,-0.912476],[0.156629,0.910159,-0.383508]],[[0.963673,-0.225887,-0.14251],[-0.265793,-0.863488,-0.428652],[-0.0262291,0.450959,-0.892159]]],"btipPosition":[-23.4743,249.093,-9.13446],"carpPosition":[-12.0227,262.044,49.8975],"dipPosition":[-23.9591,257.427,-25.6228],"direction":[-0.156629,-0.910159,0.383508],"extended":false,"handId":343,"id":3433,"length":63.7298,"mcpPosition":[-9.46483,301.64,2.30865],"pipPosition":[-19.6672,282.367,-36.1315],"stabilizedTipPosition":[-24.9161,244.231,-7.93518],"timeVisible":0.262145,"tipPosition":[-23.4007,251.035,-11.9279],"tipVelocity":[75.9409,348.014,-253.17],"tool":false,"touchDistance":0.333333,"touchZone":"none","type":3,"width":17.881},{"bases":[[[0.895182,-0.419589,-0.150313],[0.40651,0.630352,0.661367],[-0.182752,-0.653148,0.734847]],[[0.87285,-0.481835,-0.0772598],[0.398748,0.795499,-0.456269],[0.281306,0.367447,0.886481]],[[0.87285,-0.481835,-0.0772598],[-0.236532,-0.27926,-0.930627],[0.426833,0.830572,-0.357721]],[[0.87285,-0.481835,-0.0772598],[-0.45819,-0.754733,-0.46951],[0.167916,0.445211,-0.87954]]],"btipPosition":[-11.0667,256.542,-6.421],"carpPosition":[-0.588982,255.591,44.8158],"dipPosition":[-8.20372,264.133,-21.4171],"direction":[-0.426833,-0.830572,0.357721],"extended":false,"handId":343,"id":3434,"length":49.963,"mcpPosition":[9.893,293.053,2.66757],"pipPosition":[0.0540895,280.202,-28.3378],"stabilizedTipPosition":[-11.2698,252.657,-6.09045],"timeVisible":0.262145,"tipPosition":[-10.3922,257.853,-8.90687],"tipVelocity":[71.5765,355.913,-231.973],"tool":false,"touchDistance":0.333333,"touchZone":"none","type":4,"width":15.8833}],"r":[[0.924624,-0.302209,0.231822],[0.299882,0.952862,0.0460923],[-0.234824,0.0269011,0.971666]],"s":0.944457,"t":[59.1717,131.163,-96.1272],"timestamp":15180036285},false],[5,{"currentFrameRate":108.578,"devices":[],"gestures":[{"direction":[0.361405,0.696986,-0.619351],"duration":54039,"handIds":[343],"id":2,"pointableIds":[3430],"position":[-77.7943,261.939,-29.7925],"speed":274.866,"startPosition":[-128.699,169.412,53.3762],"state":"update","type":"swipe"}],"hands":[{"armBasis":[[0.967974,0.0812639,-0.237535],[0.0327577,0.897189,0.440431],[0.248905,-0.434107,0.865793]],"armWidth":63.029,"confidence":0.496348,"direction":[-0.0659511,0.747165,-0.661358],"elbow":[51.1607,133.501,280.018],"grabStrength":0,"id":343,"palmNormal":[-0.0622024,-0.664591,-0.744614],"palmPosition":[-26.6124,286.448,10.9617],"palmVelocity":[37.8165,295.932,-224.216],"palmWidth":90.0033,"pinchStrength":0.521549,"r":[[0.922945,-0.3018,0.238932],[0.298549,0.953053,0.0505895],[-0.242983,0.0246415,0.969718]],"s":0.945875,"sphereCenter":[-32.5354,272.497,-33.9179],"sphereRadius":46.5645,"stabilizedPalmPosition":[-27.0218,282.029,14.5145],"t":[59.318,133.568,-98.2304],"timeVisible":0.271152,"type":"right","wrist":[-15.3148,249.439,48.7887]}],"id":1151024,"interactionBox":{"center":[0,200,0],"size":[235.247,235.247,147.751]},"pointables":[{"bases":[[[0.443507,0.743431,0.500612],[-0.747924,-0.00079214,0.663784],[0.493874,-0.668812,0.555679]],[[0.253056,0.924138,0.286236],[-0.797232,0.0315842,0.602847],[0.548073,-0.38075,0.744745]],[[0.253056,0.924138,0.286236],[-0.963859,0.215353,0.156843],[0.0833026,-0.315581,0.945235]],[[0.253056,0.924138,0.286236],[-0.966914,0.231728,0.106675],[0.0322537,-0.30376,0.952202]]],"btipPosition":[-74.4568,276.06,-45.0757],"carpPosition":[-43.8389,239.585,45.6192],"dipPosition":[-73.7101,269.028,-23.0324],"direction":[-0.0833026,0.315581,-0.945235],"extended":false,"handId":343,"id":3430,"length":51.5512,"mcpPosition":[-43.8389,239.585,45.6192],"pipPosition":[-70.9007,258.385,8.84646],"stabilizedTipPosition":[-76.3629,266.137,-33.1984],"timeVisible":0.271152,"tipPosition":[-74.7776,274.932,-39.7132],"tipVelocity":[71.7979,311.572,-254.519],"tool":false,"touchDistance":0.121647,"touchZone":"hovering","type":0,"width":20.0304},{"bases":[[[0.970671,0.133307,-0.200067],[0.0270658,0.766301,0.641912],[0.238883,-0.6285,0.740218]],[[0.980615,0.104311,-0.165872],[0.0113213,0.814947,0.579424],[0.195617,-0.57007,0.797969]],[[0.980615,0.104311,-0.165872],[-0.039874,0.935042,0.352287],[0.191845,-0.338844,0.921075]],[[0.980615,0.104311,-0.165872],[-0.0780594,0.984415,0.157589],[0.179725,-0.141586,0.973474]]],"btipPosition":[-68.7099,340.868,-73.9508],"carpPosition":[-35.3888,260.411,52.3005],"dipPosition":[-65.6725,338.475,-57.4988],"direction":[-0.191845,0.338844,-0.921075],"extended":true,"handId":343,"id":3431,"length":58.1698,"mcpPosition":[-52.7728,306.148,-1.56652],"pipPosition":[-61.0858,330.374,-35.4774],"stabilizedTipPosition":[-68.2954,336.838,-67.676],"timeVisible":0.271152,"tipPosition":[-66.9173,339.024,-70.6128],"tipVelocity":[56.7334,348.59,-226.628],"tool":false,"touchDistance":0.232631,"touchZone":"hovering","type":1,"width":19.133},{"bases":[[[0.975089,-0.0854328,-0.204701],[0.196018,0.763821,0.614942],[0.103819,-0.639748,0.76154]],[[0.978477,-0.111104,-0.173895],[0.0260008,0.90235,-0.43022],[0.204713,0.416439,0.885817]],[[0.978477,-0.111104,-0.173895],[-0.201114,-0.324677,-0.924196],[0.0462218,0.939277,-0.340033]],[[0.978477,-0.111104,-0.173895],[-0.179057,-0.876007,-0.447829],[-0.102578,0.469327,-0.877046]]],"btipPosition":[-40.1054,252.825,-18.382],"carpPosition":[-23.7871,263.674,50.5395],"dipPosition":[-42.0121,261.549,-34.6848],"direction":[-0.0462218,-0.939277,0.340033],"extended":false,"handId":343,"id":3432,"length":66.2798,"mcpPosition":[-30.9517,307.824,-2.01552],"pipPosition":[-40.712,287.969,-44.2492],"stabilizedTipPosition":[-41.9744,248.013,-16.3447],"timeVisible":0.271152,"tipPosition":[-40.3904,254.636,-20.8978],"tipVelocity":[65.0146,302.122,-255.19],"tool":false,"touchDistance":0.333333,"touchZone":"none","type":2,"width":18.7912},{"bases":[[[0.962169,-0.235981,-0.136174],[0.268392,0.734983,0.622709],[-0.0468624,-0.635699,0.770513]],[[0.962384,-0.232911,-0.13989],[0.140944,0.868172,-0.475828],[0.232274,0.438213,0.868342]],[[0.962384,-0.232911,-0.13989],[-0.21704,-0.349335,-0.911514],[0.163433,0.907589,-0.386746]],[[0.962384,-0.232911,-0.13989],[-0.270837,-0.86323,-0.426007],[-0.0215359,0.44787,-0.893839]]],"btipPosition":[-23.3478,250.715,-11.0073],"carpPosition":[-11.9057,263.84,47.9939],"dipPosition":[-23.7458,258.992,-27.5267],"direction":[-0.163433,-0.907589,0.386746],"extended":false,"handId":343,"id":3433,"length":63.7298,"mcpPosition":[-9.00211,303.228,0.252284],"pipPosition":[-19.2675,283.862,-38.1242],"stabilizedTipPosition":[-24.4425,246.922,-10.1391],"timeVisible":0.271152,"tipPosition":[-23.2571,252.652,-13.8246],"tipVelocity":[59.5439,301.485,-240.959],"tool":false,"touchDistance":0.333333,"touchZone":"none","type":3,"width":17.881},{"bases":[[[0.892618,-0.426145,-0.147085],[0.409576,0.630262,0.659558],[-0.188366,-0.648976,0.737122]],[[0.869614,-0.488236,-0.073467],[0.404811,0.790247,-0.460041],[0.282666,0.370317,0.884853]],[[0.869614,-0.488236,-0.073467],[-0.236976,-0.282201,-0.929626],[0.433145,0.825826,-0.361106]],[[0.869614,-0.488236,-0.073467],[-0.462513,-0.753486,-0.467269],[0.172781,0.440323,-0.881057]]],"btipPosition":[-10.9149,258.078,-8.26123],"carpPosition":[-0.506654,257.291,42.9577],"dipPosition":[-7.96904,265.585,-23.2832],"direction":[-0.433145,-0.825826,0.361106],"extended":false,"handId":343,"id":3434,"length":49.963,"mcpPosition":[10.2973,294.514,0.679049],"pipPosition":[0.410881,281.562,-30.2694],"stabilizedTipPosition":[-10.8871,255.306,-8.1758],"timeVisible":0.271152,"tipPosition":[-10.2172,259.399,-10.7965],"tipVelocity":[57.1201,304.381,-224.554],"tool":false,"touchDistance":0.333333,"touchZone":"none","type":4,"width":15.8833}],"r":[[0.922945,-0.3018,0.238932],[0.298549,0.953053,0.0505895],[-0.242983,0.0246415,0.969718]],"s":0.945875,"t":[59.318,133.568,-98.2304],"timestamp":15180045292},false],[6,{"currentFrameRate":108.665,"devices":[],"gestures":[{"direction":[0.361405,0.696986,-0.619351],"duration":54039,"handIds":[343],"id":2,"pointableIds":[3430],"position":[-77.7943,261.939,-29.7925],"speed":274.866,"startPosition":[-128.699,169.412,53.3762],"state":"stop","type":"swipe"}],"hands":[{"armBasis":[[0.966937,0.0776698,-0.242899],[0.0382443,0.897552,0.439247],[0.25213,-0.434014,0.864906]],"armWidth":63.029,"confidence":0.512515,"direction":[-0.0585566,0.747847,-0.661283],"elbow":[51.9404,134.695,278.311],"grabStrength":0,"id":343,"palmNormal":[-0.0652658,-0.663871,-0.744994],"palmPosition":[-26.3144,287.713,9.47432],"palmVelocity":[36.4739,252.899,-207.734],"palmWidth":90.0033,"pinchStrength":0.518665,"r":[[0.920973,-0.302896,0.245076],[0.298869,0.952742,0.0543986],[-0.249971,0.0231459,0.967977]],"s":0.947868,"sphereCenter":[-33.1721,274.077,-35.1901],"sphereRadius":46.5046,"stabilizedPalmPosition":[-26.7763,284.002,12.7653],"t":[59.5401,135.404,-100.026],"timeVisible":0.280197,"type":"right","wrist":[-15.3967,250.608,47.3187]}],"id":1151025,"interactionBox":{"center":[0,200,0],"size":[235.247,235.247,147.751]},"pointables":[{"bases":[[[0.447797,0.7399,0.502022],[-0.749654,0.00465954,0.661814],[0.487337,-0.6727,0.556756]],[[0.261753,0.920531,0.290013],[-0.79403,0.03458,0.606895],[0.548637,-0.389135,0.739981]],[[0.261753,0.920531,0.290013],[-0.961588,0.223001,0.160059],[0.0826664,-0.320769,0.943543]],[[0.261753,0.920531,0.290013],[-0.965032,0.245229,0.092613],[0.0141337,-0.304113,0.952531]]],"btipPosition":[-74.1908,278.044,-46.3393],"carpPosition":[-43.986,240.971,44.0709],"dipPosition":[-73.8636,271.003,-24.2884],"direction":[-0.0826664,0.320769,-0.943543],"extended":false,"handId":343,"id":3430,"length":51.5512,"mcpPosition":[-43.986,240.971,44.0709],"pipPosition":[-71.0757,260.185,7.53344],"stabilizedTipPosition":[-75.7753,268.827,-35.3082],"timeVisible":0.280197,"tipPosition":[-74.4821,276.755,-41.116],"tipVelocity":[57.1669,286.061,-222.804],"tool":false,"touchDistance":0.121166,"touchZone":"hovering","type":0,"width":20.0304},{"bases":[[[0.972175,0.126024,-0.197469],[0.03117,0.765875,0.642233],[0.232173,-0.630518,0.740637]],[[0.980628,0.100887,-0.167903],[0.0159899,0.813077,0.581936],[0.195228,-0.573348,0.795713]],[[0.980628,0.100887,-0.167903],[-0.0341485,0.932089,0.360616],[0.192882,-0.347897,0.917477]],[[0.980628,0.100887,-0.167903],[-0.0718761,0.982701,0.170681],[0.182218,-0.155307,0.970915]]],"btipPosition":[-68.2795,342.922,-75.2753],"carpPosition":[-35.3963,261.73,50.7813],"dipPosition":[-65.1999,340.297,-58.8665],"direction":[-0.192882,0.347897,-0.917477],"extended":true,"handId":343,"id":3431,"length":58.1698,"mcpPosition":[-52.2919,307.614,-3.1162],"pipPosition":[-60.5885,331.98,-36.9312],"stabilizedTipPosition":[-67.9754,339.259,-69.366],"timeVisible":0.280197,"tipPosition":[-66.4514,341.03,-71.967],"tipVelocity":[54.5075,313.458,-204.819],"tool":false,"t