{"sensorType":"Leap","data":[[0,{"currentFrameRate":110.64,"devices":[],"gestures":[],"hands":[{"armBasis":[[0.947551,0.167463,-0.27222],[-0.0326157,0.897958,0.438871],[0.317936,-0.406974,0.856323]],"armWidth":63.029,"confidence":0.822256,"direction":[-0.0707077,0.709657,-0.700991],"elbow":[65.6822,157.335,292.423],"grabStrength":0.006176,"id":368,"palmNormal":[0.00969723,-0.702227,-0.711887],"palmPosition":[-30.486,300.5,23.5604],"palmVelocity":[20.6573,149.958,-153.031],"palmWidth":90.0033,"pinchStrength":0.366343,"r":[[0.84984,0.358869,0.385984],[-0.332589,0.933294,-0.135452],[-0.408846,-0.0132613,0.912507]],"s":1.46667,"sphereCenter":[-46.7934,286.617,-17.9019],"sphereRadius":46.7376,"stabilizedPalmPosition":[-30.7782,298.069,26.2766],"t":[-2.72636,69.0113,-69.3995],"timeVisible":24.7926,"type":"right","wrist":[-19.2297,266.026,63.7229]}],"id":1188690,"interactionBox":{"center":[0,200,0],"size":[235.247,235.247,147.751]},"pointables":[{"bases":[[[0.3789,0.789558,0.482734],[-0.779484,-0.00888884,0.626359],[0.498838,-0.613611,0.61208]],[[0.137946,0.972918,0.185476],[-0.775689,-0.0103176,0.631032],[0.615856,-0.23092,0.753258]],[[0.137946,0.972918,0.185476],[-0.98598,0.117145,0.118827],[0.0938809,-0.199268,0.975438]],[[0.137946,0.972918,0.185476],[-0.982192,0.110261,0.152121],[0.127551,-0.203158,0.970803]]],"btipPosition":[-83.5415,277.337,-32.8677],"carpPosition":[-47.0138,254.511,59.6968],"dipPosition":[-80.5887,272.633,-10.3938],"direction":[-0.0938809,0.199268,-0.975438],"extended":false,"handId":368,"id":3680,"length":51.5512,"mcpPosition":[-47.0138,254.511,59.6968],"pipPosition":[-77.4225,265.913,22.5037],"stabilizedTipPosition":[-84.456,273.507,-23.3168],"timeVisible":24.7926,"tipPosition":[-82.4563,275.783,-27.8607],"tipVelocity":[65.0359,123.992,-181.558],"tool":false,"touchDistance":0.0479139,"touchZone":"hovering","type":0,"width":20.0304},{"bases":[[[0.971418,0.175475,-0.159862],[-0.044773,0.796811,0.602567],[0.233115,-0.578187,0.781893]],[[0.957744,0.20578,-0.200951],[-0.0557831,0.818292,0.572089],[0.282161,-0.536705,0.795193]],[[0.957744,0.20578,-0.200951],[-0.16214,0.963344,0.213725],[0.237565,-0.172112,0.956002]],[[0.957744,0.20578,-0.200951],[-0.228469,0.968717,-0.0969012],[0.174724,0.138718,0.974797]]],"btipPosition":[-77.58,342.714,-64.3187],"carpPosition":[-39.9922,276.06,65.7048],"dipPosition":[-74.6271,345.059,-47.8444],"direction":[-0.237565,0.172112,-0.956002],"extended":true,"handId":368,"id":3681,"length":58.1698,"mcpPosition":[-56.9565,318.136,8.80497],"pipPosition":[-68.9473,340.944,-24.988],"stabilizedTipPosition":[-77.3541,340.941,-57.8265],"timeVisible":24.7926,"tipPosition":[-76.1611,341.384,-60.4087],"tipVelocity":[28.8854,183.682,-178.328],"tool":false,"touchDistance":0.14585,"touchZone":"hovering","type":1,"width":19.133},{"bases":[[[0.987286,-0.0426785,-0.15312],[0.12523,0.802119,0.583886],[0.0979013,-0.595637,0.797265]],[[0.988278,-0.0490593,-0.144567],[-0.0333936,0.854559,-0.518279],[0.148968,0.517031,0.842904]],[[0.988278,-0.0490593,-0.144567],[-0.151572,-0.428414,-0.890779],[-0.0182338,0.90225,-0.430829]],[[0.988278,-0.0490593,-0.144567],[-0.101477,-0.918581,-0.381985],[-0.114057,0.392177,-0.912791]]],"btipPosition":[-39.7249,263.64,-1.78497],"carpPosition":[-28.4991,279.853,64.3377],"dipPosition":[-41.845,270.929,-18.7521],"direction":[0.0182338,-0.90225,0.430829],"extended":false,"handId":368,"id":3682,"length":66.2798,"mcpPosition":[-35.2554,320.959,9.31724],"pipPosition":[-42.3579,296.308,-30.8705],"stabilizedTipPosition":[-41.6938,260.873,-0.573625],"timeVisible":24.7926,"tipPosition":[-40.0111,265.204,-4.37444],"tipVelocity":[52.2918,146.038,-170.924],"tool":false,"touchDistance":0.333333,"touchZone":"none","type":2,"width":18.7912},{"bases":[[[0.978663,-0.190211,-0.0777044],[0.198504,0.777624,0.596571],[-0.0530498,-0.599267,0.798789]],[[0.977956,-0.197394,-0.0681056],[0.123531,0.809868,-0.573458],[0.168354,0.552404,0.816399]],[[0.977956,-0.197394,-0.0681056],[-0.155162,-0.468679,-0.869635],[0.139741,0.861031,-0.488976]],[[0.977956,-0.197394,-0.0681056],[-0.208678,-0.912148,-0.35276],[0.00751052,0.359196,-0.933232]]],"btipPosition":[-24.6499,263.02,7.43084],"carpPosition":[-16.5285,280.535,62.3591],"dipPosition":[-24.5111,269.659,-9.81658],"direction":[-0.139741,-0.861031,0.488976],"extended":false,"handId":368,"id":3683,"length":63.7298,"mcpPosition":[-13.2415,317.666,12.8655],"pipPosition":[-20.682,293.252,-23.2153],"stabilizedTipPosition":[-25.7248,261.098,7.08311],"timeVisible":24.7926,"tipPosition":[-24.4157,264.592,4.51942],"tipVelocity":[48.692,151.301,-155.41],"tool":false,"touchDistance":0.333333,"touchZone":"none","type":3,"width":17.881},{"bases":[[[0.919604,-0.384145,-0.0822265],[0.342834,0.682553,0.645435],[-0.191817,-0.621735,0.759376]],[[0.873803,-0.483941,0.0476366],[0.435891,0.736065,-0.517888],[0.215564,0.473296,0.854121]],[[0.873803,-0.483941,0.0476366],[-0.170548,-0.396724,-0.901955],[0.455392,0.780007,-0.429194]],[[0.873803,-0.483941,0.0476366],[-0.423575,-0.805585,-0.414268],[0.238856,0.341811,-0.908908]]],"btipPosition":[-13.9888,272.56,8.58703],"carpPosition":[-4.56845,274.372,58.2154],"dipPosition":[-9.91637,278.388,-6.90974],"direction":[-0.455392,-0.780007,0.429194],"extended":false,"handId":368,"id":3684,"length":49.963,"mcpPosition":[6.43347,310.033,14.6603],"pipPosition":[-1.10603,293.479,-15.2132],"stabilizedTipPosition":[-13.8915,271.002,7.85578],"timeVisible":24.7926,"tipPosition":[-13.0273,273.762,6.20241],"tipVelocity":[44.3561,158.654,-149.342],"tool":false,"touchDistance":0.333333,"touchZone":"none","type":4,"width":15.8833}],"r":[[0.84984,0.358869,0.385984],[-0.332589,0.933294,-0.135452],[-0.408846,-0.0132613,0.912507]],"s":1.46667,"t":[-2.72636,69.0113,-69.3995],"timestamp":15526418051},false],[1,{"currentFrameRate":110.661,"devices":[],"gestures":[],"hands":[{"armBasis":[[0.947867,0.171635,-0.268495],[-0.040274,0.900325,0.433351],[0.316111,-0.399946,0.8603]],"armWidth":63.029,"confidence":0.744408,"direction":[-0.0669103,0.715751,-0.695143],"elbow":[64.9717,160.068,291.765],"grabStrength":0,"id":368,"palmNormal":[0.0182591,-0.695709,-0.718092],"palmPosition":[-30.4707,301.683,22.0564],"palmVelocity":[15.4503,144.851,-156.896],"palmWidth":90.0033,"pinchStrength":0.364628,"r":[[0.846043,0.361566,0.391766],[-0.335375,0.932205,-0.13608],[-0.414408,-0.0162592,0.909946]],"s":1.46846,"sphereCenter":[-46.4487,288.134,-19.6695],"sphereRadius":46.7788,"stabilizedPalmPosition":[-30.6986,299.004,25.1847],"t":[-2.67073,70.0874,-70.7429],"timeVisible":24.8016,"type":"right","wrist":[-19.4529,266.882,62.0031]}],"id":1188691,"interactionBox":{"center":[0,200,0],"size":[235.247,235.247,147.751]},"pointables":[{"bases":[[[0.372041,0.786369,0.493163],[-0.784909,-0.0170852,0.619376],[0.495483,-0.617521,0.610872]],[[0.133029,0.971662,0.195385],[-0.780958,-0.0186177,0.624306],[0.610253,-0.235639,0.756351]],[[0.133029,0.971662,0.195385],[-0.98703,0.112007,0.115006],[0.0898625,-0.20815,0.97396]],[[0.133029,0.971662,0.195385],[-0.984117,0.106117,0.142316],[0.11755,-0.211214,0.970346]]],"btipPosition":[-83.0463,278.859,-35.0278],"carpPosition":[-47.1623,255.314,57.6289],"dipPosition":[-80.325,273.969,-12.5645],"direction":[-0.0898625,0.20815,-0.97396],"extended":false,"handId":368,"id":3680,"length":51.5512,"mcpPosition":[-47.1623,255.314,57.6289],"pipPosition":[-77.2943,266.949,20.2831],"stabilizedTipPosition":[-84.0665,274.316,-24.569],"timeVisible":24.8016,"tipPosition":[-81.9913,277.288,-30.0203],"tipVelocity":[60.6617,135.083,-197.683],"tool":false,"touchDistance":0.0118715,"touchZone":"hovering","type":0,"width":20.0304},{"bases":[[[0.972195,0.180054,-0.149722],[-0.0526884,0.791166,0.609327],[0.228167,-0.584496,0.778655]],[[0.95854,0.211182,-0.19132],[-0.0638057,0.81341,0.578181],[0.277723,-0.542002,0.793161]],[[0.95854,0.211182,-0.19132],[-0.166398,0.959852,0.225823],[0.231329,-0.184625,0.955197]],[[0.95854,0.211182,-0.19132],[-0.229754,0.969915,-0.0804878],[0.168567,0.121107,0.978222]]],"btipPosition":[-77.0509,344.766,-65.8471],"carpPosition":[-40.265,276.831,63.893],"dipPosition":[-74.2021,346.813,-49.3149],"direction":[-0.231329,0.184625,-0.955197],"extended":true,"handId":368,"id":3681,"length":58.1698,"mcpPosition":[-56.8691,319.366,7.22882],"pipPosition":[-68.6714,342.399,-26.4777],"stabilizedTipPosition":[-77.0563,342.276,-59.1374],"timeVisible":24.8016,"tipPosition":[-75.6595,343.421,-61.9379],"tipVelocity":[36.3665,193.749,-175.586],"tool":false,"touchDistance":0.120599,"touchZone":"hovering","type":1,"width":19.133},{"bases":[[[0.988725,-0.0380993,-0.144813],[0.117454,0.797192,0.59219],[0.0928816,-0.602522,0.792679]],[[0.989682,-0.0446842,-0.136138],[-0.0314536,0.859201,-0.51067],[0.139789,0.509683,0.84893]],[[0.989682,-0.0446842,-0.136138],[-0.142249,-0.420413,-0.896113],[-0.0171922,0.906232,-0.422431]],[[0.989682,-0.0446842,-0.136138],[-0.0951869,-0.915206,-0.391584],[-0.107097,0.400502,-0.910016]]],"btipPosition":[-39.3733,265.018,-3.71994],"carpPosition":[-28.773,280.673,62.6613],"dipPosition":[-41.3641,272.463,-20.6355],"direction":[0.0171922,-0.906232,0.422431],"extended":false,"handId":368,"id":3682,"length":66.2798,"mcpPosition":[-35.1828,322.254,7.95738],"pipPosition":[-41.8477,297.953,-32.5177],"stabilizedTipPosition":[-41.3525,261.946,-1.86279],"timeVisible":24.8016,"tipPosition":[-39.642,266.611,-6.3166],"tipVelocity":[49.5658,149.084,-182.664],"tool":false,"touchDistance":0.333333,"touchZone":"none","type":2,"width":18.7912},{"bases":[[[0.979931,-0.186337,-0.0708122],[0.190694,0.77282,0.605298],[-0.0580642,-0.606653,0.792843]],[[0.979155,-0.193679,-0.0611939],[0.125713,0.8145,-0.56638],[0.159538,0.54688,0.821869]],[[0.979155,-0.193679,-0.0611939],[-0.14612,-0.462399,-0.874549],[0.141086,0.865261,-0.48106]],[[0.979155,-0.193679,-0.0611939],[-0.202597,-0.909754,-0.362355],[0.0145091,0.367199,-0.930029]]],"btipPosition":[-24.3751,264.334,5.71664],"carpPosition":[-16.7878,281.411,60.7943],"dipPosition":[-24.1069,271.121,-11.4716],"direction":[-0.141086,-0.865261,0.48106],"extended":false,"handId":368,"id":3683,"length":63.7298,"mcpPosition":[-13.1901,319,11.6692],"pipPosition":[-20.2409,294.83,-24.6534],"stabilizedTipPosition":[-25.4053,262.184,5.87875],"timeVisible":24.8016,"tipPosition":[-24.1263,265.944,2.74937],"tipVelocity":[44.6149,150.895,-164.621],"tool":false,"touchDistance":0.333333,"touchZone":"none","type":3,"width":17.881},{"bases":[[[0.921555,-0.380412,-0.0776061],[0.334904,0.677777,0.654567],[-0.196405,-0.62921,0.75201]],[[0.874855,-0.481677,0.0511441],[0.438025,0.741626,-0.50806],[0.206791,0.466881,0.859802]],[[0.874855,-0.481677,0.0511441],[-0.161546,-0.389681,-0.90667],[0.456652,0.784943,-0.418728]],[[0.874855,-0.481677,0.0511441],[-0.417405,-0.80324,-0.424946],[0.245768,0.350419,-0.903773]]],"btipPosition":[-13.7642,273.924,7.00581],"carpPosition":[-4.77156,275.325,56.7004],"dipPosition":[-9.57386,279.899,-8.4034],"direction":[-0.456652,-0.784943,0.418728],"extended":false,"handId":368,"id":3684,"length":49.963,"mcpPosition":[6.49354,311.414,13.5678],"pipPosition":[-0.739136,295.085,-16.5044],"stabilizedTipPosition":[-13.6083,272.117,6.71525],"timeVisible":24.8016,"tipPosition":[-12.7806,275.157,4.59963],"tipVelocity":[39.8581,157.729,-155.962],"tool":false,"touchDistance":0.333333,"touchZone":"none","type":4,"width":15.8833}],"r":[[0.846043,0.361566,0.391766],[-0.335375,0.932205,-0.13608],[-0.414408,-0.0162592,0.909946]],"s":1.46846,"t":[-2.67073,70.0874,-70.7429],"timestamp":15526427051},false],[2,{"currentFrameRate":110.656,"devices":[],"gestures":[],"hands":[{"armBasis":[[0.948559,0.178217,-0.261676],[-0.0480956,0.89804,0.437276],[0.312926,-0.402197,0.860416]],"armWidth":63.029,"confidence":0.726875,"direction":[-0.0620531,0.713629,-0.69777],"elbow":[63.5915,161.175,290.105],"grabStrength":0,"id":368,"palmNormal":[0.0287774,-0.697547,-0.715961],"palmPosition":[-30.6962,303.241,20.1535],"palmVelocity":[4.31594,152.414,-171.64],"palmWidth":90.0033,"pinchStrength":0.363101,"r":[[0.841824,0.364567,0.398024],[-0.338014,0.930993,-0.137833],[-0.420808,-0.0185062,0.906961]],"s":1.4704,"sphereCenter":[-46.3367,289.587,-21.6675],"sphereRadius":46.8251,"stabilizedPalmPosition":[-30.6981,300.005,23.996],"t":[-2.75565,71.4047,-72.366],"timeVisible":24.8106,"type":"right","wrist":[-19.9822,268.59,60.3124]}],"id":1188692,"interactionBox":{"center":[0,200,0],"size":[235.247,235.247,147.751]},"pointables":[{"bases":[[[0.363607,0.789115,0.495063],[-0.791562,-0.0184668,0.61081],[0.491142,-0.613968,0.617918]],[[0.126802,0.972824,0.193737],[-0.787691,-0.0199545,0.615747],[0.60288,-0.230683,0.763755]],[[0.126802,0.972824,0.193737],[-0.988453,0.10759,0.106699],[0.0829551,-0.20503,0.975234]],[[0.126802,0.972824,0.193737],[-0.986217,0.102716,0.12971],[0.106285,-0.207515,0.972441]]],"btipPosition":[-82.6238,280.013,-37.4466],"carpPosition":[-47.5976,256.904,55.6672],"dipPosition":[-80.1633,275.209,-14.9348],"direction":[-0.0829551,0.20503,-0.975234],"extended":false,"handId":368,"id":3680,"length":51.5512,"mcpPosition":[-47.5976,256.904,55.6672],"pipPosition":[-77.3656,268.294,17.9558],"stabilizedTipPosition":[-84.0665,274.316,-24.569],"timeVisible":24.8106,"tipPosition":[-81.6152,278.499,-32.4119],"tipVelocity":[54.984,133.605,-216.566],"tool":false,"touchDistance":-0.078256,"touchZone":"hovering","type":0,"width":20.0304},{"bases":[[[0.973076,0.183412,-0.139582],[-0.0623816,0.79258,0.606568],[0.221882,-0.58153,0.782682]],[[0.959434,0.215047,-0.182322],[-0.0733824,0.814874,0.574974],[0.272216,-0.53827,0.797599]],[[0.959434,0.215047,-0.182322],[-0.171203,0.958192,0.229256],[0.224001,-0.188742,0.956138]],[[0.959434,0.215047,-0.182322],[-0.230977,0.97037,-0.0709306],[0.161667,0.110166,0.980677]]],"btipPosition":[-76.6545,346.307,-68.338],"carpPosition":[-40.8518,278.463,61.9478],"dipPosition":[-73.9223,348.169,-51.7642],"direction":[-0.224001,0.188742,-0.956138],"extended":true,"handId":368,"id":3681,"length":58.1698,"mcpPosition":[-56.9986,320.782,4.9906],"pipPosition":[-68.5668,343.657,-28.9046],"stabilizedTipPosition":[-76.7642,343.54,-60.6651],"timeVisible":24.8106,"tipPosition":[-75.2913,344.96,-64.4212],"tipVelocity":[37.6039,186.01,-202.807],"tool":false,"touchDistance":0.0792445,"touchZone":"hovering","type":1,"width":19.133},{"bases":[[[0.990388,-0.0346625,-0.133902],[0.107913,0.799218,0.591274],[0.086522,-0.600041,0.795277]],[[0.991289,-0.0413318,-0.125052],[-0.0290342,0.857545,-0.513589],[0.128465,0.512746,0.848875]],[[0.991289,-0.0413318,-0.125052],[-0.130741,-0.423473,-0.896425],[-0.0159051,0.904965,-0.425188]],[[0.991289,-0.0413318,-0.125052],[-0.0874372,-0.916581,-0.390171],[-0.0984936,0.397706,-0.912211]]],"btipPosition":[-39.1795,266.462,-5.6082],"carpPosition":[-29.3618,282.346,60.8313],"dipPosition":[-41.0103,273.855,-22.5646],"direction":[0.0159051,-0.904965,0.425188],"extended":false,"handId":368,"id":3682,"length":66.2798,"mcpPosition":[-35.3328,323.756,5.94812],"pipPosition":[-41.4577,299.31,-34.5243],"stabilizedTipPosition":[-41.0569,262.995,-3.15279],"timeVisible":24.8106,"tipPosition":[-39.4271,268.053,-8.23921],"tipVelocity":[42.9268,151.624,-190.141],"tool":false,"touchDistance":0.333333,"touchZone":"none","type":2,"width":18.7912},{"bases":[[[0.981354,-0.182735,-0.0596004],[0.181099,0.775164,0.605247],[-0.0643996,-0.604755,0.793803]],[[0.980517,-0.189928,-0.0501368],[0.128651,0.81378,-0.566754],[0.148443,0.549262,0.82236]],[[0.980517,-0.189928,-0.0501368],[-0.134744,-0.464587,-0.875216],[0.142936,0.86492,-0.481127]],[[0.980517,-0.189928,-0.0501368],[-0.195058,-0.911235,-0.362771],[0.0232141,0.365482,-0.930529]]],"btipPosition":[-24.2758,265.868,3.94554],"carpPosition":[-17.3599,283.126,59.0934],"dipPosition":[-23.8468,272.622,-13.2519],"direction":[-0.142936,-0.86492,0.481127],"extended":false,"handId":368,"id":3683,"length":63.7298,"mcpPosition":[-13.3697,320.597,9.90871],"pipPosition":[-19.9301,296.322,-26.4356],"stabilizedTipPosition":[-25.1459,263.29,4.63509],"timeVisible":24.8106,"tipPosition":[-24.0067,267.473,0.966576],"tipVelocity":[36.4649,155.798,-173.28],"tool":false,"touchDistance":0.333333,"touchZone":"none","type":3,"width":17.881},{"bases":[[[0.923802,-0.377051,-0.0665052],[0.325125,0.680811,0.656346],[-0.202199,-0.627956,0.751523]],[[0.875984,-0.47831,0.062215],[0.439408,0.738153,-0.511909],[0.198927,0.475762,0.856784]],[[0.875984,-0.47831,0.062215],[-0.153163,-0.398147,-0.904445],[0.457376,0.78275,-0.42203]],[[0.875984,-0.47831,0.062215],[-0.410598,-0.807147,-0.424173],[0.253103,0.346024,-0.903441]]],"btipPosition":[-13.8007,275.41,5.64455],"carpPosition":[-5.27634,277.076,55.1474],"dipPosition":[-9.4853,281.309,-9.75902],"direction":[-0.457376,-0.78275,0.42203],"extended":false,"handId":368,"id":3684,"length":49.963,"mcpPosition":[6.32104,313.093,12.0428],"pipPosition":[-0.636585,296.453,-17.9239],"stabilizedTipPosition":[-13.4103,273.267,5.57404],"timeVisible":24.8106,"tipPosition":[-12.767,276.683,3.05219],"tipVelocity":[28.6302,158.987,-154.411],"tool":false,"touchDistance":0.333333,"touchZone":"none","type":4,"width":15.8833}],"r":[[0.841824,0.364567,0.398024],[-0.338014,0.930993,-0.137833],[-0.420808,-0.0185062,0.906961]],"s":1.4704,"t":[-2.75565,71.4047,-72.366],"timestamp":15526436097},false],[3,{"currentFrameRate":110.439,"devices":[],"gestures":[],"hands":[{"armBasis":[[0.948108,0.179347,-0.262537],[-0.0494439,0.898844,0.435471],[0.31408,-0.399892,0.861069]],"armWidth":63.029,"confidence":0.728316,"direction":[-0.0607633,0.711617,-0.699935],"elbow":[63.9321,162.997,289.152],"grabStrength":0,"id":368,"palmNormal":[0.0307222,-0.699565,-0.713908],"palmPosition":[-30.5869,304.329,18.9027],"palmVelocity":[6.39305,141.792,-160.462],"palmWidth":90.0033,"pinchStrength":0.361398,"r":[[0.838192,0.367253,0.403188],[-0.340127,0.92991,-0.139936],[-0.42632,-0.0198416,0.904355]],"s":1.47236,"sphereCenter":[-46.2767,290.596,-22.8813],"sphereRadius":46.8694,"stabilizedPalmPosition":[-30.6981,300.005,23.996],"t":[-2.74345,72.6072,-73.803],"timeVisible":24.82,"type":"right","wrist":[-19.9499,269.797,59.1843]}],"id":1188693,"interactionBox":{"center":[0,200,0],"size":[235.247,235.247,147.751]},"pointables":[{"bases":[[[0.362128,0.790678,0.493651],[-0.792952,-0.0170812,0.609045],[0.489991,-0.611994,0.620784]],[[0.1256,0.973554,0.190831],[-0.789037,-0.0185702,0.614065],[0.601369,-0.227699,0.765838]],[[0.1256,0.973554,0.190831],[-0.988627,0.10679,0.105885],[0.0827063,-0.20196,0.975895]],[[0.1256,0.973554,0.190831],[-0.986892,0.102963,0.124268],[0.101334,-0.203937,0.973725]]],"btipPosition":[-82.3781,280.86,-38.7597],"carpPosition":[-47.5495,258.085,54.509],"dipPosition":[-80.0323,276.139,-16.2182],"direction":[-0.0827063,0.20196,-0.975895],"extended":false,"handId":368,"id":3680,"length":51.5512,"mcpPosition":[-47.5495,258.085,54.509],"pipPosition":[-77.2429,269.328,16.6948],"stabilizedTipPosition":[-84.0665,274.316,-24.569],"timeVisible":24.82,"tipPosition":[-81.4024,279.398,-33.707],"tipVelocity":[45.9102,121.664,-194.225],"tool":false,"touchDistance":-0.100027,"touchZone":"hovering","type":0,"width":20.0304},{"bases":[[[0.973314,0.183444,-0.137873],[-0.0641168,0.794272,0.604169],[0.22034,-0.579206,0.784838]],[[0.959477,0.21553,-0.181523],[-0.075308,0.816884,0.571864],[0.271537,-0.53502,0.800013]],[[0.959477,0.21553,-0.181523],[-0.170923,0.957293,0.233187],[0.224029,-0.192711,0.955339]],[[0.959477,0.21553,-0.181523],[-0.229674,0.971377,-0.0606338],[0.163259,0.0998678,0.981516]]],"btipPosition":[-76.5167,347.471,-69.7965],"carpPosition":[-40.8275,279.665,60.7438],"dipPosition":[-73.7576,349.159,-53.2086],"direction":[-0.224029,0.192711,-0.955339],"extended":true,"handId":368,"id":3681,"length":58.1698,"mcpPosition":[-56.862,321.815,3.62974],"pipPosition":[-68.4014,344.552,-30.368],"stabilizedTipPosition":[-76.5303,344.686,-62.075],"timeVisible":24.82,"tipPosition":[-75.1583,346.129,-65.88],"tipVelocity":[31.2169,166.877,-188.912],"tool":false,"touchDistance":0.0549899,"touchZone":"hovering","type":1,"width":19.133},{"bases":[[[0.990708,-0.0346056,-0.131533],[0.10621,0.800942,0.589247],[0.0849592,-0.597741,0.797175]],[[0.991625,-0.0415272,-0.12229],[-0.0280673,0.854968,-0.517921],[0.126062,0.517016,0.846642]],[[0.991625,-0.0415272,-0.12229],[-0.128259,-0.42762,-0.894813],[-0.0151346,0.903004,-0.429365]],[[0.991625,-0.0415272,-0.12229],[-0.0861826,-0.918,-0.387103],[-0.0961872,0.3944,-0.913891]]],"btipPosition":[-38.9965,267.42,-6.67271],"carpPosition":[-29.3367,283.55,59.6426],"dipPosition":[-40.7845,274.752,-23.6603],"direction":[0.0151346,-0.903004,0.429365],"extended":false,"handId":368,"id":3682,"length":66.2798,"mcpPosition":[-35.1998,324.801,4.62846],"pipPosition":[-41.2102,300.151,-35.7375],"stabilizedTipPosition":[-40.7894,263.986,-4.35765],"timeVisible":24.82,"tipPosition":[-39.2457,269.028,-9.40868],"tipVelocity":[36.4981,136.88,-168.249],"tool":false,"touchDistance":0.333333,"touchZone":"none","type":2,"width":18.7912},{"bases":[[[0.981567,-0.18247,-0.0568319],[0.179374,0.77696,0.603455],[-0.0659566,-0.602526,0.795369]],[[0.980722,-0.189558,-0.0474545],[0.129401,0.811971,-0.569173],[0.146423,0.55206,0.820847]],[[0.980722,-0.189558,-0.0474545],[-0.132639,-0.467433,-0.874021],[0.143496,0.863466,-0.483564]],[[0.980722,-0.189558,-0.0474545],[-0.193797,-0.912395,-0.360526],[0.0250435,0.362772,-0.931541]]],"btipPosition":[-24.1105,266.9,2.83754],"carpPosition":[-17.3312,284.33,57.93],"dipPosition":[-23.6477,273.605,-14.3786],"direction":[-0.143496,-0.863466,0.483564],"extended":false,"handId":368,"id":3683,"length":63.7298,"mcpPosition":[-13.2444,321.663,8.64833],"pipPosition":[-19.7156,297.265,-27.6291],"stabilizedTipPosition":[-24.9124,264.344,3.45763],"timeVisible":24.82,"tipPosition":[-23.8403,268.501,-0.175508],"tipVelocity":[31.284,142.186,-157.438],"tool":false,"touchDistance":0.333333,"touchZone":"none","type":3,"width":17.881},{"bases":[[[0.924116,-0.376831,-0.0633165],[0.323323,0.682816,0.655152],[-0.203648,-0.625908,0.752839]],[[0.875981,-0.477847,0.0657199],[0.439812,0.735346,-0.515589],[0.198046,0.48055,0.854312]],[[0.875981,-0.477847,0.0657199],[-0.151923,-0.402648,-0.902659],[0.457795,0.780728,-0.425308]],[[0.875981,-0.477847,0.0657199],[-0.409536,-0.8088,-0.422045],[0.254827,0.342789,-0.90419]]],"btipPosition":[-13.6838,276.417,4.61324],"carpPosition":[-5.23595,278.274,54.029],"dipPosition":[-9.33906,282.262,-10.8031],"direction":[-0.457795,-0.780728,0.425308],"extended":false,"handId":368,"id":3684,"length":49.963,"mcpPosition":[6.44458,314.174,10.8488],"pipPosition":[-0.482229,297.366,-19.0314],"stabilizedTipPosition":[-13.2339,274.36,4.47842],"timeVisible":24.82,"tipPosition":[-12.6327,277.705,1.92986],"tipVelocity":[24.1904,143.681,-141.598],"tool":false,"touchDistance":0.333333,"touchZone":"none","type":4,"width":15.8833}],"r":[[0.838192,0.367253,0.403188],[-0.340127,0.92991,-0.139936],[-0.42632,-0.0198416,0.904355]],"s":1.47236,"t":[-2.74345,72.6072,-73.803],"timestamp":15526445535},false],[4,{"currentFrameRate":110.638,"devices":[],"gestures":[],"hands":[{"armBasis":[[0.946725,0.181901,-0.265753],[-0.0512852,0.899832,0.433211],[0.317934,-0.396502,0.861222]],"armWidth":63.029,"confidence":0.718944,"direction":[-0.0607032,0.70972,-0.701864],"elbow":[64.7324,165.406,287.242],"grabStrength":0,"id":368,"palmNormal":[0.0327078,-0.701369,-0.712048],"palmPosition":[-30.8038,305.714,16.8468],"palmVelocity":[-1.96365,146.504,-180.763],"palmWidth":90.0033,"pinchStrength":0.361679,"r":[[0.835038,0.369828,0.407355],[-0.342013,0.928872,-0.14221],[-0.430974,-0.0205699,0.90213]],"s":1.47466,"sphereCenter":[-46.6737,291.962,-24.8528],"sphereRadius":46.9421,"stabilizedPalmPosition":[-30.7041,300.333,23.5854],"t":[-2.84582,73.9011,-75.5494],"timeVisible":24.8287,"type":"right","wrist":[-20.179,271.301,57.2332]}],"id":1188694,"interactionBox":{"center":[0,200,0],"size":[235.247,235.247,147.751]},"pointables":[{"bases":[[[0.36034,0.792443,0.492127],[-0.793815,-0.0165778,0.607933],[0.489911,-0.60972,0.62308]],[[0.122715,0.974701,0.186815],[-0.79037,-0.0178619,0.612369],[0.600213,-0.2228,0.768182]],[[0.122715,0.974701,0.186815],[-0.988851,0.104087,0.106486],[0.0843473,-0.1978,0.976607]],[[0.122715,0.974701,0.186815],[-0.987907,0.101995,0.116778],[0.0947696,-0.198886,0.97543]]],"btipPosition":[-82.4308,281.816,-40.8997],"carpPosition":[-47.7559,259.54,52.5482],"dipPosition":[-80.2369,277.212,-18.3187],"direction":[-0.0843473,0.1978,-0.976607],"extended":false,"handId":368,"id":3680,"length":51.5512,"mcpPosition":[-47.7559,259.54,52.5482],"pipPosition":[-77.3923,270.541,14.6182],"stabilizedTipPosition":[-83.8671,274.916,-25.6069],"timeVisible":24.8287,"tipPosition":[-81.5228,280.479,-35.8005],"tipVelocity":[30.9893,119.385,-207.834],"tool":false,"touchDistance":-0.135543,"touchZone":"hovering","type":0,"width":20.0304},{"bases":[[[0.973265,0.184404,-0.136931],[-0.0660702,0.795746,0.602015],[0.219977,-0.576873,0.786656]],[[0.959148,0.216979,-0.181539],[-0.0771073,0.817896,0.570175],[0.272196,-0.532884,0.801214]],[[0.959148,0.216979,-0.181539],[-0.170488,0.955396,0.241146],[0.225765,-0.200344,0.953359]],[[0.959148,0.216979,-0.181539],[-0.228415,0.972551,-0.0444053],[0.16692,0.0840575,0.982381]]],"btipPosition":[-76.8663,349.14,-71.9541],"carpPosition":[-41.0722,281.145,58.7368],"dipPosition":[-74.0453,350.561,-55.3515],"direction":[-0.225765,0.200344,-0.953359],"extended":true,"handId":368,"id":3681,"length":58.1698,"mcpPosition":[-57.0802,323.125,1.49044],"pipPosition":[-68.6476,345.771,-32.5584],"stabilizedTipPosition":[-76.4607,345.749,-63.4231],"timeVisible":24.8287,"tipPosition":[-75.5004,347.739,-68.0553],"tipVelocity":[12.6139,171.723,-204.651],"tool":false,"touchDistance":0.0190859,"touchZone":"hovering","type":1,"width":19.133},{"bases":[[[0.990944,-0.0336047,-0.130002],[0.104269,0.802608,0.587323],[0.0846035,-0.59556,0.798843]],[[0.991875,-0.0406437,-0.120548],[-0.0283362,0.853199,-0.520816],[0.124019,0.52,0.845115]],[[0.991875,-0.0406437,-0.120548],[-0.126258,-0.430516,-0.893709],[-0.015574,0.901668,-0.432149]],[[0.991875,-0.0406437,-0.120548],[-0.0844304,-0.919127,-0.384808],[-0.0951585,0.391859,-0.915091]]],"btipPosition":[-39.1296,268.705,-8.6148],"carpPosition":[-29.585,285.043,57.6423],"dipPosition":[-40.8984,275.989,-25.6247],"direction":[0.015574,-0.901668,0.432149],"extended":false,"handId":368,"id":3682,"length":66.2798,"mcpPosition":[-35.4236,326.143,2.51293],"pipPosition":[-41.3365,301.351,-37.7802],"stabilizedTipPosition":[-40.6175,264.864,-5.47871],"timeVisible":24.8287,"tipPosition":[-39.3798,270.317,-11.4007],"tipVelocity":[22.8264,139.477,-183.144],"tool":false,"touchDistance":0.333333,"touchZone":"none","type":2,"width":18.7912},{"bases":[[[0.981895,-0.181288,-0.0549308],[0.177444,0.778762,0.601701],[-0.0663029,-0.600554,0.796831]],[[0.981075,-0.188121,-0.0458453],[0.128096,0.808141,-0.57489],[0.145198,0.558138,0.816945]],[[0.981075,-0.188121,-0.0458453],[-0.131438,-0.473179,-0.871106],[0.14218,0.860646,-0.488951]],[[0.981075,-0.188121,-0.0458453],[-0.191978,-0.914229,-0.356833],[0.0252147,0.358882,-0.933042]]],"btipPosition":[-24.2489,268.163,1.10985],"carpPosition":[-17.578,285.835,55.9451],"dipPosition":[-23.7829,274.795,-16.1341],"direction":[-0.14218,-0.860646,0.488951],"extended":false,"handId":368,"id":3683,"length":63.7298,"mcpPosition":[-13.4699,323.046,6.57285],"pipPosition":[-19.8869,298.379,-29.5321],"stabilizedTipPosition":[-24.7775,265.279,2.35249],"timeVisible":24.8287,"tipPosition":[-23.99,269.784,-2.05312],"tipVelocity":[18.7273,142.526,-168.676],"tool":false,"touchDistance":0.333333,"touchZone":"none","type":3,"width":17.881},{"bases":[[[0.924715,-0.375742,-0.0609953],[0.321445,0.684947,0.65385],[-0.203901,-0.624232,0.754161]],[[0.876549,-0.476457,0.068189],[0.439219,0.733882,-0.518173],[0.196845,0.484154,0.852553]],[[0.876549,-0.476457,0.068189],[-0.150643,-0.406134,-0.901311],[0.45713,0.779772,-0.427771]],[[0.876549,-0.476457,0.068189],[-0.40794,-0.810619,-0.420098],[0.255434,0.34042,-0.904913]]],"btipPosition":[-13.8578,277.765,2.7073],"carpPosition":[-5.46898,279.785,52.0774],"dipPosition":[-9.50273,283.569,-12.7214],"direction":[-0.45713,-0.779772,0.427771],"extended":false,"handId":368,"id":3684,"length":49.963,"mcpPosition":[6.22603,315.589,8.82138],"pipPosition":[-0.658762,298.655,-20.9973],"stabilizedTipPosition":[-13.155,275.35,3.36703],"timeVisible":24.8287,"tipPosition":[-12.8007,279.057,-0.029203],"tipVelocity":[12.4809,146.442,-162.415],"tool":false,"touchDistance":0.333333,"touchZone":"none","type":4,"width":15.8833}],"r":[[0.835038,0.369828,0.407355],[-0.342013,0.928872,-0.14221],[-0.430974,-0.0205699,0.90213]],"s":1.47466,"t":[-2.84582,73.9011,-75.5494],"timestamp":15526454222},false],[5,{"currentFrameRate":110.654,"devices":[],"gestures":[],"hands":[{"armBasis":[[0.945993,0.182943,-0.267636],[-0.0518525,0.900318,0.432133],[0.320013,-0.394918,0.861181]],"armWidth":63.029,"confidence":0.717267,"direction":[-0.0601702,0.707672,-0.703974],"elbow":[65.2461,166.779,285.962],"grabStrength":0,"id":368,"palmNormal":[0.0335861,-0.703417,-0.709983],"palmPosition":[-30.813,306.544,15.4682],"palmVelocity":[-1.70438,131.554,-173.14],"palmWidth":90.0033,"pinchStrength":0.365211,"r":[[0.832395,0.37216,0.410627],[-0.343524,0.927938,-0.144642],[-0.434867,-0.0206614,0.900258]],"s":1.47715,"sphereCenter":[-46.9774,292.843,-26.0855],"sphereRadius":47.0141,"stabilizedPalmPosition":[-30.7229,301.406,22.1826],"t":[-2.90159,74.963,-77.1119],"timeVisible":24.8377,"type":"right","wrist":[-20.2204,272.25,55.9645]}],"id":1188695,"interactionBox":{"center":[0,200,0],"size":[235.247,235.247,147.751]},"pointables":[{"bases":[[[0.359659,0.79395,0.490193],[-0.794419,-0.0150105,0.607185],[0.489432,-0.607798,0.62533]],[[0.120141,0.976059,0.181317],[-0.791996,-0.0158908,0.610319],[0.598588,-0.216927,0.771126]],[[0.120141,0.976059,0.181317],[-0.988879,0.101531,0.108675],[0.087664,-0.192357,0.977402]],[[0.120141,0.976059,0.181317],[-0.989939,0.104034,0.0958995],[0.0747403,-0.191015,0.978738]]],"btipPosition":[-82.0327,282.089,-42.4106],"carpPosition":[-47.7898,260.469,51.286],"dipPosition":[-80.3024,277.667,-19.753],"direction":[-0.087664,0.192357,-0.977402],"extended":false,"handId":368,"id":3680,"length":51.5512,"mcpPosition":[-47.7898,260.469,51.286],"pipPosition":[-77.3459,271.18,13.2107],"stabilizedTipPosition":[-83.6412,275.539,-26.7797],"timeVisible":24.8377,"tipPosition":[-81.3541,280.949,-37.2186],"tipVelocity":[31.3658,96.1921,-196.27],"tool":false,"touchDistance":-0.160431,"touchZone":"hovering","type":0,"width":20.0304},{"bases":[[[0.973358,0.184241,-0.136492],[-0.0668609,0.797468,0.599645],[0.219327,-0.574543,0.78854]],[[0.958829,0.217599,-0.182475],[-0.0775357,0.818734,0.568913],[0.273193,-0.531342,0.801898]],[[0.958829,0.217599,-0.182475],[-0.168579,0.953223,0.250892],[0.228533,-0.209801,0.950661]],[[0.958829,0.217599,-0.182475],[-0.225825,0.973839,-0.0253249],[0.17219,0.0654895,0.982884]]],"btipPosition":[-77.0619,350.394,-73.3823],"carpPosition":[-41.1174,282.094,57.4188],"dipPosition":[-74.1518,351.5,-56.7713],"direction":[-0.228533,0.209801,-0.950661],"extended":true,"handId":368,"id":3681,"length":58.1698,"mcpPosition":[-57.0782,323.904,0.0353001],"pipPosition":[-68.688,346.484,-34.0426],"stabilizedTipPosition":[-76.4607,345.749,-63.4231],"timeVisible":24.8377,"tipPosition":[-75.677,348.917,-69.5143],"tipVelocity":[3.80567,160.562,-191.918],"tool":false,"touchDistance":-0.0546853,"touchZone":"hovering","type":1,"width":19.133},{"bases":[[[0.991082,-0.0337423,-0.128914],[0.103491,0.804328,0.585104],[0.0839464,-0.593227,0.800647]],[[0.992038,-0.0410304,-0.119064],[-0.0279229,0.850242,-0.525651],[0.122801,0.52479,0.842327]],[[0.992038,-0.0410304,-0.119064],[-0.12502,-0.434691,-0.89186],[-0.0151629,0.899645,-0.43636]],[[0.992038,-0.0410304,-0.119064],[-0.0839149,-0.920336,-0.382021],[-0.0939049,0.38897,-0.916452]]],"btipPosition":[-39.1061,269.374,-9.78039],"carpPosition":[-29.63,285.991,56.3245],"dipPosition":[-40.8517,276.605,-26.8156],"direction":[0.0151629,-0.899645,0.43636],"extended":false,"handId":368,"id":3682,"length":66.2798,"mcpPosition":[-35.4233,326.931,1.07069],"pipPosition":[-41.2782,301.91,-39.0895],"stabilizedTipPosition":[-40.4757,265.653,-6.52894],"timeVisible":24.8377,"tipPosition":[-39.3608,271.013,-12.6745],"tipVelocity":[17.433,121.188,-168.547],"tool":false,"touchDistance":0.333333,"touchZone":"none","type":2,"width":18.7912},{"bases":[[[0.981992,-0.18121,-0.0534255],[0.176658,0.780541,0.599623],[-0.0669567,-0.598263,0.798498]],[[0.981156,-0.188089,-0.0442236],[0.128233,0.805083,-0.579136],[0.144533,0.562551,0.814031]],[[0.981156,-0.188089,-0.0442236],[-0.130655,-0.477233,-0.86901],[0.142347,0.858412,-0.492815]],[[0.981156,-0.188089,-0.0442236],[-0.191449,-0.915455,-0.353962],[0.0260918,0.355759,-0.934214]]],"btipPosition":[-24.2433,268.891,-0.0452074],"carpPosition":[-17.6216,286.781,54.637],"dipPosition":[-23.7611,275.466,-17.3108],"direction":[-0.142347,-0.858412,0.492815],"extended":false,"handId":368,"id":3683,"length":63.7298,"mcpPosition":[-13.4729,323.85,5.16148],"pipPosition":[-19.8605,298.988,-30.8147],"stabilizedTipPosition":[-24.6715,266.121,1.30604],"timeVisible":24.8377,"tipPosition":[-23.9858,270.519,-3.29637],"tipVelocity":[13.8648,125.161,-157.708],"tool":false,"touchDistance":0.333333,"touchZone":"none","type":3,"width":17.881},{"bases":[[[0.924865,-0.375695,-0.0589847],[0.320629,0.686912,0.652187],[-0.204506,-0.622097,0.755759]],[[0.876914,-0.475556,0.0697675],[0.437042,0.728504,-0.527518],[0.200039,0.49308,0.846674]],[[0.876914,-0.475556,0.0697675],[-0.153566,-0.414752,-0.896883],[0.455455,0.775775,-0.436731]],[[0.876914,-0.475556,0.0697675],[-0.408134,-0.813399,-0.414499],[0.253867,0.335006,-0.907371]]],"btipPosition":[-13.914,278.438,1.75805],"carpPosition":[-5.50723,280.723,50.7989],"dipPosition":[-9.58556,284.15,-13.7125],"direction":[-0.455454,-0.775775,0.436731],"extended":false,"handId":368,"id":3684,"length":49.963,"mcpPosition":[6.22249,316.404,7.45124],"pipPosition":[-0.774019,299.158,-22.1618],"stabilizedTipPosition":[-13.1083,276.218,2.34768],"timeVisible":24.8377,"tipPosition":[-12.8366,279.767,-1.17187],"tipVelocity":[7.15185,126.075,-147.031],"tool":false,"touchDistance":0.333333,"touchZone":"none","type":4,"width":15.8833}],"r":[[0.832395,0.37216,0.410627],[-0.343524,0.927938,-0.144642],[-0.434867,-0.0206614,0.900258]],"s":1.47715,"t":[-2.90159,74.963,-77.1119],"timestamp":15526463231},false],[6,{"currentFrameRate":110.621,"devices":[],"gestures":[],"hands":[{"armBasis":[[0.946163,0.183011,-0.266989],[-0.0523696,0.900508,0.431675],[0.319427,-0.394452,0.861611]],"armWidth":63.029,"confidence":0.718999,"direction":[-0.0582638,0.70518,-0.706631],"elbow":[65.1017,167.661,285.118],"grabStrength":0,"id":368,"palmNormal":[0.0349614,-0.705958,-0.707391],"palmPosition":[-30.6938,307.162,14.363],"palmVelocity":[2.39804,113.909,-158.824],"palmWidth":90.0033,"pinchStrength":0.368635,"r":[[0.830104,0.374254,0.413355],[-0.344584,0.927109,-0.147413],[-0.438395,-0.0200674,0.898559]],"s":1.47969,"sphereCenter":[-47.058,293.483,-27.0544],"sphereRadius":47.076,"stabilizedPalmPosition":[-30.7185,302.293,20.9781],"t":[-2.86989,75.8027,-78.4458],"timeVisible":24.8468,"type":"right","wrist":[-20.2084,273.008,55.0058]}],"id":1188696,"interactionBox":{"center":[0,200,0],"size":[235.247,235.247,147.751]},"pointables":[{"bases":[[[0.358828,0.795557,0.488192],[-0.795831,-0.0125447,0.605389],[0.487746,-0.605749,0.628627]],[[0.117428,0.977608,0.174626],[-0.793564,-0.0133441,0.60834],[0.597048,-0.210013,0.774227]],[[0.117428,0.977608,0.174626],[-0.989052,0.0993049,0.109154],[0.0893687,-0.185532,0.978566]],[[0.117428,0.977608,0.174626],[-0.991733,0.106281,0.0719007],[0.0517312,-0.181625,0.982006]]],"btipPosition":[-81.4631,282.052,-43.6594],"carpPosition":[-47.7715,261.221,50.3054],"dipPosition":[-80.2655,277.848,-20.9261],"direction":[-0.0893687,0.185532,-0.978566],"extended":false,"handId":368,"id":3680,"length":51.5512,"mcpPosition":[-47.7715,261.221,50.3054],"pipPosition":[-77.2515,271.591,12.0769],"stabilizedTipPosition":[-83.4395,275.995,-27.7375],"timeVisible":24.8468,"tipPosition":[-81.0105,281.131,-38.3945],"tipVelocity":[36.2902,69.9355,-179.385],"tool":false,"touchDistance":-0.180952,"touchZone":"hovering","type":0,"width":20.0304},{"bases":[[[0.973743,0.183385,-0.134888],[-0.0679439,0.799627,0.596641],[0.217276,-0.57181,0.791091]],[[0.959051,0.217162,-0.18183],[-0.0784795,0.820588,0.566106],[0.272145,-0.528654,0.804029]],[[0.959051,0.217162,-0.18183],[-0.167192,0.952256,0.255452],[0.228623,-0.214591,0.949569]],[[0.959051,0.217162,-0.18183],[-0.223381,0.974628,-0.014193],[0.174134,0.0542292,0.983228]]],"btipPosition":[-76.8906,351.157,-74.6805],"carpPosition":[-41.1049,282.865,56.3765],"dipPosition":[-73.9476,352.073,-58.0636],"direction":[-0.228623,0.214591,-0.949569],"extended":true,"handId":368,"id":3681,"length":58.1698,"mcpPosition":[-56.9165,324.477,-1.19263],"pipPosition":[-68.4817,346.943,-35.361],"stabilizedTipPosition":[-76.4607,345.749,-63.4231],"timeVisible":24.8468,"tipPosition":[-75.5146,349.671,-70.8258],"tipVelocity":[8.19882,137.973,-178.235],"tool":false,"touchDistance":-0.0762991,"touchZone":"hovering","type":1,"width":19.133},{"bases":[[[0.991365,-0.0345762,-0.126492],[0.102444,0.806371,0.58247],[0.0818599,-0.590399,0.80295]],[[0.992332,-0.0421328,-0.116201],[-0.026259,0.846789,-0.531281],[0.120782,0.530258,0.839189]],[[0.992332,-0.0421328,-0.116201],[-0.12285,-0.43985,-0.889629],[-0.0136284,0.897082,-0.441654]],[[0.992332,-0.0421328,-0.116201],[-0.0834311,-0.921959,-0.378195],[-0.0911979,0.38499,-0.918404]]],"btipPosition":[-38.9429,269.827,-10.634],"carpPosition":[-29.6135,286.754,55.2949],"dipPosition":[-40.6381,276.984,-27.7055],"direction":[0.0136284,-0.897082,0.441654],"extended":false,"handId":368,"id":3682,"length":66.2798,"mcpPosition":[-35.2628,327.498,-0.117771],"pipPosition":[-41.0214,302.217,-40.1284],"stabilizedTipPosition":[-40.344,266.323,-7.45414],"timeVisible":24.8468,"tipPosition":[-39.1977,271.486,-13.646],"tipVelocity":[17.9273,100.891,-148.095],"tool":false,"touchDistance":0.333333,"touchZone":"none","type":2,"width":18.7912},{"bases":[[[0.982044,-0.18177,-0.0504995],[0.175568,0.782608,0.597244],[-0.0690398,-0.595386,0.800468]],[[0.981141,-0.188927,-0.0408554],[0.129595,0.799771,-0.586149],[0.143415,0.5698,0.809172]],[[0.981141,-0.188927,-0.0408554],[-0.12933,-0.484552,-0.865149],[0.143654,0.854117,-0.499848]],[[0.981141,-0.188927,-0.0408554],[-0.191199,-0.917539,-0.348663],[0.0283856,0.349899,-0.936357]]],"btipPosition":[-24.1224,269.371,-0.724698],"carpPosition":[-17.6009,287.533,53.6325],"dipPosition":[-23.5977,275.837,-18.0299],"direction":[-0.143654,-0.854117,0.499848],"extended":false,"handId":368,"id":3683,"length":63.7298,"mcpPosition":[-13.3232,324.424,4.03492],"pipPosition":[-19.6614,299.241,-31.7265],"stabilizedTipPosition":[-24.5706,266.834,0.400978],"timeVisible":24.8468,"tipPosition":[-23.8606,271.004,-4.13897],"tipVelocity":[14.0031,104.332,-134.979],"tool":false,"touchDistance":0.333333,"touchZone":"none","type":3,"width":17.881},{"bases":[[[0.924854,-0.376252,-0.0554978],[0.31938,0.689113,0.650476],[-0.206499,-0.619321,0.757496]],[[0.877125,-0.474786,0.0723236],[0.434689,0.720809,-0.539889],[0.2042,0.504988,0.838623]],[[0.877125,-0.474786,0.0723236],[-0.157119,-0.425986,-0.890982],[0.453835,0.770139,-0.448241]],[[0.877125,-0.474786,0.0723236],[-0.408423,-0.816642,-0.407781],[0.252671,0.328136,-0.910211]]],"btipPosition":[-13.8663,278.822,1.2564],"carpPosition":[-5.48005,281.457,49.8442],"dipPosition":[-9.55829,284.417,-14.2626],"direction":[-0.453835,-0.770139,0.448241],"extended":false,"handId":368,"id":3684,"length":49.963,"mcpPosition":[6.36398,316.979,6.39692],"pipPosition":[-0.778079,299.317,-22.9346],"stabilizedTipPosition":[-13.066,276.926,1.49983],"timeVisible":24.8468,"tipPosition":[-12.7595,280.2,-1.90666],"tipVelocity":[6.47877,102.032,-121.906],"tool":false,"