{"sensorType":"Leap","data":[[0,{"currentFrameRate":101.328,"devices":[],"gestures":[],"hands":[{"armBasis":[[0.954401,0.122467,-0.272251],[-0.000213603,0.912259,0.409613],[0.298527,-0.390877,0.870687]],"armWidth":63.029,"confidence":0.903251,"direction":[-0.0421633,0.739956,-0.671333],"elbow":[54.3916,140.865,291.907],"grabStrength":0,"id":368,"palmNormal":[-0.0181714,-0.672387,-0.739976],"palmPosition":[-35.1987,281.765,20.6653],"palmVelocity":[53.6589,269.426,-197.499],"palmWidth":90.0033,"pinchStrength":0.350127,"r":[[0.865614,0.301191,0.399996],[-0.278126,0.953503,-0.116093],[-0.416363,-0.0107577,0.909135]],"s":1.46831,"sphereCenter":[-56.6075,270.885,-20.5564],"sphereRadius":47.7911,"stabilizedPalmPosition":[-38.0705,271.753,29.3965],"t":[-8.23741,46.5869,-70.3313],"timeVisible":21.4573,"type":"right","wrist":[-25.3368,245.258,59.3711]}],"id":1188325,"interactionBox":{"center":[0,200,0],"size":[235.247,235.247,147.751]},"pointables":[{"bases":[[[0.409999,0.753437,0.514037],[-0.779364,-0.00336919,0.626562],[0.473807,-0.657512,0.58582]],[[0.156635,0.967188,0.200034],[-0.760601,-0.0110743,0.649125],[0.630041,-0.253822,0.733909]],[[0.156635,0.967188,0.200034],[-0.986681,0.144238,0.0752026],[0.0438825,-0.20915,0.976899]],[[0.156635,0.967188,0.200034],[-0.952077,0.093991,0.291057],[0.262705,-0.236038,0.93556]]],"btipPosition":[-92.228,260.085,-35.9255],"carpPosition":[-53.5574,235.034,54.917],"dipPosition":[-86.1464,254.621,-14.2675],"direction":[-0.0438825,0.20915,-0.976899],"extended":false,"handId":368,"id":3680,"length":51.5512,"mcpPosition":[-53.5574,235.034,54.917],"pipPosition":[-84.6665,247.567,18.6793],"stabilizedTipPosition":[-97.5077,243.74,-15.8712],"timeVisible":21.4573,"tipPosition":[-90.6823,258.265,-31.0699],"tipVelocity":[87.4947,291.846,-230.177],"tool":false,"touchDistance":-0.72682,"touchZone":"hovering","type":0,"width":20.0304},{"bases":[[[0.977685,0.142971,-0.153921],[-0.0130757,0.772682,0.634659],[0.20967,-0.618483,0.757309]],[[0.956466,0.194731,-0.217375],[-0.0258981,0.798531,0.601396],[0.290692,-0.569585,0.768812]],[[0.956466,0.194731,-0.217375],[-0.123436,0.944863,0.303311],[0.264454,-0.263275,0.927766]],[[0.956466,0.194731,-0.217375],[-0.190448,0.980853,0.0406948],[0.221138,0.00247546,0.975239]]],"btipPosition":[-83.3541,331.489,-64.6558],"carpPosition":[-45.6827,256.023,61.79],"dipPosition":[-79.6168,331.531,-48.1739],"direction":[-0.264454,0.263275,-0.927766],"extended":true,"handId":368,"id":3681,"length":58.1698,"mcpPosition":[-60.9407,301.031,6.67923],"pipPosition":[-73.2941,325.236,-25.9926],"stabilizedTipPosition":[-82.9201,327.351,-59.0348],"timeVisible":21.4573,"tipPosition":[-81.8746,329.247,-61.1332],"tipVelocity":[41.3263,384.435,-164.4],"tool":false,"touchDistance":-0.672648,"touchZone":"hovering","type":1,"width":19.133},{"bases":[[[0.984831,-0.0757352,-0.156114],[0.157008,0.771963,0.615972],[0.0738635,-0.63114,0.772144]],[[0.984516,-0.0731108,-0.159323],[-0.0169952,0.864784,-0.501857],[0.174471,0.496794,0.850151]],[[0.984516,-0.0731108,-0.159323],[-0.174231,-0.308053,-0.935279],[0.0192993,0.948556,-0.316021]],[[0.984516,-0.0731108,-0.159323],[-0.149212,-0.82653,-0.542756],[-0.0920035,0.558125,-0.824641]]],"btipPosition":[-46.2955,242.221,-9.03958],"carpPosition":[-34.047,259.407,60.5628],"dipPosition":[-48.0056,252.596,-24.3682],"direction":[-0.0192993,-0.948556,0.316021],"extended":false,"handId":368,"id":3682,"length":66.2798,"mcpPosition":[-39.1444,302.963,7.27602],"pipPosition":[-47.4628,279.277,-33.2572],"stabilizedTipPosition":[-50.7069,232.791,-1.82212],"timeVisible":21.4573,"tipPosition":[-46.5556,244.072,-11.6966],"tipVelocity":[84.2003,285.905,-232.681],"tool":false,"touchDistance":0.333333,"touchZone":"none","type":2,"width":18.7912},{"bases":[[[0.97031,-0.225764,-0.0867724],[0.229243,0.744067,0.627545],[-0.0771126,-0.628805,0.77373]],[[0.969213,-0.234005,-0.0766009],[0.150115,0.808175,-0.569489],[0.19517,0.540458,0.818422]],[[0.969213,-0.234005,-0.0766009],[-0.157558,-0.35035,-0.923272],[0.189213,0.906916,-0.376433]],[[0.969213,-0.234005,-0.0766009],[-0.238648,-0.816199,-0.526182],[0.0606075,0.528263,-0.846915]]],"btipPosition":[-32.2108,240.152,0.452951],"carpPosition":[-22.0583,259.691,58.597],"dipPosition":[-31.0907,249.915,-15.1992],"direction":[-0.189213,-0.906916,0.376433],"extended":false,"handId":368,"id":3683,"length":63.7298,"mcpPosition":[-17.2804,298.652,10.6562],"pipPosition":[-25.9059,274.766,-25.5141],"stabilizedTipPosition":[-34.1905,234.909,2.81869],"timeVisible":21.4573,"tipPosition":[-31.9781,241.942,-3.53566],"tipVelocity":[82.3647,286.836,-216.997],"tool":false,"touchDistance":0.333333,"touchZone":"none","type":3,"width":17.881},{"bases":[[[0.903558,-0.416841,-0.0991262],[0.369652,0.641398,0.672284],[-0.216656,-0.64409,0.733626]],[[0.845434,-0.532344,0.0430293],[0.47387,0.710523,-0.520196],[0.24635,0.460182,0.852962]],[[0.845434,-0.532344,0.0430293],[-0.135909,-0.292356,-0.946603],[0.516498,0.794442,-0.319518]],[[0.845434,-0.532344,0.0430293],[-0.413482,-0.703398,-0.578155],[0.338044,0.471,-0.814791]]],"btipPosition":[-22.2985,250.678,2.35102],"carpPosition":[-10.3527,253.23,54.1885],"dipPosition":[-16.5349,258.708,-11.5411],"direction":[-0.516498,-0.794442,0.319518],"extended":false,"handId":368,"id":3684,"length":49.963,"mcpPosition":[2.07389,290.173,12.1103],"pipPosition":[-6.54238,274.078,-17.7227],"stabilizedTipPosition":[-22.6834,246.244,3.72752],"timeVisible":21.4573,"tipPosition":[-21.0895,252.189,-1.30102],"tipVelocity":[76.2349,289.819,-201.203],"tool":false,"touchDistance":0.333333,"touchZone":"none","type":4,"width":15.8833}],"r":[[0.865614,0.301191,0.399996],[-0.278126,0.953503,-0.116093],[-0.416363,-0.0107577,0.909135]],"s":1.46831,"t":[-8.23741,46.5869,-70.3313],"timestamp":15523082817},false],[1,{"currentFrameRate":101.715,"devices":[],"gestures":[],"hands":[{"armBasis":[[0.954094,0.131466,-0.269112],[-0.00773686,0.909034,0.41665],[0.299407,-0.395441,0.868321]],"armWidth":63.029,"confidence":0.91124,"direction":[-0.0435677,0.735148,-0.676505],"elbow":[54.8073,142.242,290.231],"grabStrength":0,"id":368,"palmNormal":[-0.00988173,-0.677432,-0.735519],"palmPosition":[-35.058,284.035,19.3262],"palmVelocity":[43.089,263.977,-183.621],"palmWidth":90.0033,"pinchStrength":0.350386,"r":[[0.861505,0.305191,0.405793],[-0.283413,0.952149,-0.114408],[-0.421292,-0.0164444,0.906776]],"s":1.4728,"sphereCenter":[-56.3911,272.829,-21.8574],"sphereRadius":47.8601,"stabilizedPalmPosition":[-37.3868,274.54,27.1111],"t":[-7.71991,50.0513,-72.5738],"timeVisible":21.4664,"type":"right","wrist":[-25.1561,247.853,58.327]}],"id":1188326,"interactionBox":{"center":[0,200,0],"size":[235.247,235.247,147.751]},"pointables":[{"bases":[[[0.402333,0.759569,0.511061],[-0.782568,-0.00435484,0.62255],[0.475095,-0.650412,0.592663]],[[0.14958,0.969368,0.194809],[-0.763355,-0.0120058,0.645868],[0.628423,-0.245318,0.738176]],[[0.14958,0.969368,0.194809],[-0.987924,0.138477,0.0695],[0.0403946,-0.202852,0.978376]],[[0.14958,0.969368,0.194809],[-0.955,0.0906052,0.282428],[0.256126,-0.228288,0.9393]]],"btipPosition":[-91.6058,261.652,-37.393],"carpPosition":[-53.285,237.413,53.7965],"dipPosition":[-85.6765,256.367,-15.6484],"direction":[-0.0403946,0.202852,-0.978376],"extended":false,"handId":368,"id":3680,"length":51.5512,"mcpPosition":[-53.285,237.413,53.7965],"pipPosition":[-84.3142,249.526,17.3481],"stabilizedTipPosition":[-96.1595,246.838,-18.9368],"timeVisible":21.4664,"tipPosition":[-90.1037,259.869,-32.5163],"tipVelocity":[81.1626,260.051,-210.558],"tool":false,"touchDistance":-0.704186,"touchZone":"hovering","type":0,"width":20.0304},{"bases":[[[0.977504,0.148433,-0.149843],[-0.0214805,0.776809,0.629369],[0.209818,-0.611993,0.762523]],[[0.956092,0.199996,-0.214217],[-0.0337922,0.80131,0.597294],[0.291111,-0.563829,0.772885]],[[0.956092,0.199996,-0.214217],[-0.129661,0.944191,0.302807],[0.262822,-0.261736,0.928665]],[[0.956092,0.199996,-0.214217],[-0.195158,0.979797,0.0437247],[0.218634,0.00000121488,0.975807]]],"btipPosition":[-83.2037,333.253,-66.4607],"carpPosition":[-45.5851,258.499,60.5686],"dipPosition":[-79.5087,333.253,-49.9693],"direction":[-0.262822,0.261736,-0.928665],"extended":true,"handId":368,"id":3681,"length":58.1698,"mcpPosition":[-60.8539,303.035,5.07844],"pipPosition":[-73.2251,326.995,-27.7665],"stabilizedTipPosition":[-82.6903,329.747,-60.5094],"timeVisible":21.4664,"tipPosition":[-81.7289,331.043,-62.9337],"tipVelocity":[34.1695,331.465,-173.81],"tool":false,"touchDistance":-0.660758,"touchZone":"hovering","type":1,"width":19.133},{"bases":[[[0.986108,-0.070231,-0.150528],[0.148699,0.777096,0.611564],[0.0740237,-0.625452,0.776744]],[[0.985799,-0.067689,-0.153683],[-0.0200601,0.861145,-0.507964],[0.166726,0.503834,0.847558]],[[0.985799,-0.067689,-0.153683],[-0.167282,-0.31558,-0.934037],[0.0147249,0.946482,-0.322422]],[[0.985799,-0.067689,-0.153683],[-0.140933,-0.831108,-0.537957],[-0.091313,0.551976,-0.828845]]],"btipPosition":[-45.7402,244.211,-10.1593],"carpPosition":[-33.9658,261.952,59.3786],"dipPosition":[-47.4376,254.471,-25.5661],"direction":[-0.0147249,-0.946482,0.322422],"extended":false,"handId":368,"id":3682,"length":66.2798,"mcpPosition":[-39.0743,305.115,5.77444],"pipPosition":[-47.0234,281.094,-34.6352],"stabilizedTipPosition":[-49.807,235.501,-4.15844],"timeVisible":21.4664,"tipPosition":[-45.9995,246.052,-12.8437],"tipVelocity":[77.8956,266.569,-202.928],"tool":false,"touchDistance":0.333333,"touchZone":"none","type":2,"width":18.7912},{"bases":[[[0.972219,-0.219885,-0.0802539],[0.221056,0.749758,0.623696],[-0.0769707,-0.62411,0.777536]],[[0.971059,-0.228516,-0.0694673],[0.147363,0.802123,-0.578691],[0.187962,0.551706,0.812583]],[[0.971059,-0.228516,-0.0694673],[-0.15128,-0.3634,-0.919268],[0.184823,0.903172,-0.387453]],[[0.971059,-0.228516,-0.0694673],[-0.230893,-0.823746,-0.517814],[0.0611054,0.518867,-0.852668]]],"btipPosition":[-31.7008,242.252,-0.240803],"carpPosition":[-21.9692,262.302,57.4727],"dipPosition":[-30.5715,251.841,-15.9993],"direction":[-0.184823,-0.903172,0.387453],"extended":false,"handId":368,"id":3683,"length":63.7298,"mcpPosition":[-17.2,300.973,9.29604],"pipPosition":[-25.507,276.59,-26.6161],"stabilizedTipPosition":[-33.4868,237.353,1.10788],"timeVisible":21.4664,"tipPosition":[-31.455,244.06,-4.35367],"tipVelocity":[75.165,270.185,-178.806],"tool":false,"touchDistance":0.333333,"touchZone":"none","type":3,"width":17.881},{"bases":[[[0.906797,-0.41148,-0.0916652],[0.361906,0.648327,0.669848],[-0.2162,-0.64059,0.736818]],[[0.848612,-0.526539,0.0511333],[0.472179,0.710306,-0.522026],[0.238547,0.467142,0.851395]],[[0.848612,-0.526539,0.0511333],[-0.128817,-0.29942,-0.945386],[0.513093,0.795679,-0.321918]],[[0.848612,-0.526539,0.0511333],[-0.405856,-0.709996,-0.575489],[0.339322,0.467614,-0.81621]]],"btipPosition":[-21.8534,252.928,1.27298],"carpPosition":[-10.1984,255.891,53.1681],"dipPosition":[-16.068,260.9,-12.6433],"direction":[-0.513093,-0.795679,0.321918],"extended":false,"handId":368,"id":3684,"length":49.963,"mcpPosition":[2.20206,292.633,10.9068],"pipPosition":[-6.1413,276.294,-18.8714],"stabilizedTipPosition":[-22.0686,248.668,2.11845],"timeVisible":21.4664,"tipPosition":[-20.6349,254.42,-2.37028],"tipVelocity":[68.8452,277.726,-178.515],"tool":false,"touchDistance":0.333333,"touchZone":"none","type":4,"width":15.8833}],"r":[[0.861505,0.305191,0.405793],[-0.283413,0.952149,-0.114408],[-0.421292,-0.0164444,0.906776]],"s":1.4728,"t":[-7.71991,50.0513,-72.5738],"timestamp":15523091904},false],[2,{"currentFrameRate":102.077,"devices":[],"gestures":[],"hands":[{"armBasis":[[0.953912,0.138633,-0.266144],[-0.0161226,0.909288,0.415856],[0.299652,-0.392399,0.869616]],"armWidth":63.029,"confidence":0.918755,"direction":[-0.0471532,0.73449,-0.676979],"elbow":[55.3657,145.576,289.338],"grabStrength":0,"id":368,"palmNormal":[-0.00231041,-0.677811,-0.735232],"palmPosition":[-34.7233,286.461,18.0398],"palmVelocity":[41.3388,264.681,-171.892],"palmWidth":90.0033,"pinchStrength":0.349823,"r":[[0.857438,0.309727,0.410936],[-0.289047,0.95058,-0.113352],[-0.425736,-0.0215871,0.90459]],"s":1.47657,"sphereCenter":[-56.0754,275.174,-23.1362],"sphereRadius":47.9409,"stabilizedPalmPosition":[-36.7433,277.42,24.9196],"t":[-7.29377,52.9966,-74.3383],"timeVisible":21.4755,"type":"right","wrist":[-24.663,250.375,57.0882]}],"id":1188327,"interactionBox":{"center":[0,200,0],"size":[235.247,235.247,147.751]},"pointables":[{"bases":[[[0.394814,0.762897,0.511967],[-0.784461,-0.0101612,0.620095],[0.47827,-0.64644,0.594451]],[[0.142441,0.970184,0.196095],[-0.764081,-0.01816,0.644865],[0.629199,-0.241687,0.738712]],[[0.142441,0.970184,0.196095],[-0.988999,0.131518,0.0677058],[0.039897,-0.203582,0.978245]],[[0.142441,0.970184,0.196095],[-0.958569,0.0858347,0.271622],[0.246692,-0.226661,0.942214]]],"btipPosition":[-90.8196,263.761,-38.8047],"carpPosition":[-52.6956,239.714,52.4744],"dipPosition":[-85.1087,258.514,-16.9926],"direction":[-0.039897,0.203582,-0.978245],"extended":false,"handId":368,"id":3680,"length":51.5512,"mcpPosition":[-52.6956,239.714,52.4744],"pipPosition":[-83.7631,251.648,15.9996],"stabilizedTipPosition":[-94.8541,249.921,-21.8505],"timeVisible":21.4755,"tipPosition":[-89.3893,261.969,-33.9187],"tipVelocity":[81.0761,252.442,-194.703],"tool":false,"touchDistance":-0.683042,"touchZone":"hovering","type":0,"width":20.0304},{"bases":[[[0.976787,0.155957,-0.146846],[-0.0294895,0.776896,0.628939],[0.212171,-0.610009,0.763461]],[[0.954882,0.207921,-0.212061],[-0.0412119,0.799903,0.598712],[0.294113,-0.56296,0.772382]],[[0.954882,0.207921,-0.212061],[-0.135681,0.940586,0.311269],[0.264181,-0.268452,0.926359]],[[0.954882,0.207921,-0.212061],[-0.200075,0.978059,0.0580535],[0.219479,-0.0130061,0.97553]]],"btipPosition":[-83.1453,335.815,-67.7556],"carpPosition":[-45.181,260.862,59.2608],"dipPosition":[-79.436,335.596,-51.2688],"direction":[-0.264181,0.268452,-0.926359],"extended":true,"handId":368,"id":3681,"length":58.1698,"mcpPosition":[-60.6211,305.253,3.70241],"pipPosition":[-73.1199,329.177,-29.1211],"stabilizedTipPosition":[-82.524,332.261,-61.9524],"timeVisible":21.4755,"tipPosition":[-81.6634,333.62,-64.2465],"tipVelocity":[26.5754,316.068,-165.091],"tool":false,"touchDistance":-0.642454,"touchZone":"hovering","type":1,"width":19.133},{"bases":[[[0.987091,-0.0626336,-0.147402],[0.140738,0.778496,0.611667],[0.0764413,-0.624516,0.777262]],[[0.986807,-0.0603587,-0.150232],[-0.0250676,0.85976,-0.510083],[0.159952,0.507119,0.846904]],[[0.986807,-0.0603587,-0.150232],[-0.161681,-0.318715,-0.933959],[0.00849128,0.945927,-0.324269]],[[0.986807,-0.0603587,-0.150232],[-0.132762,-0.832767,-0.53747],[-0.0926675,0.550324,-0.829793]]],"btipPosition":[-45.003,246.489,-11.3673],"carpPosition":[-33.5852,264.405,58.1057],"dipPosition":[-46.7255,256.718,-26.7917],"direction":[-0.00849128,-0.945927,0.324269],"extended":false,"handId":368,"id":3682,"length":66.2798,"mcpPosition":[-38.8606,307.503,4.46573],"pipPosition":[-46.4867,283.325,-35.9127],"stabilizedTipPosition":[-48.8768,238.316,-6.42841],"timeVisible":21.4755,"tipPosition":[-45.2737,248.37,-14.1291],"tipVelocity":[78.5765,261.829,-183.581],"tool":false,"touchDistance":0.333333,"touchZone":"none","type":2,"width":18.7912},{"bases":[[[0.974145,-0.212361,-0.0771031],[0.213267,0.751727,0.624038],[-0.0745607,-0.624347,0.77758]],[[0.972999,-0.221128,-0.0661503],[0.143075,0.802735,-0.578918],[0.181116,0.553822,0.812698]],[[0.972999,-0.221128,-0.0661503],[-0.145602,-0.365668,-0.919286],[0.179091,0.904096,-0.387991]],[[0.972999,-0.221128,-0.0661503],[-0.222934,-0.826144,-0.517481],[0.0597799,0.518256,-0.853134]]],"btipPosition":[-30.9826,244.704,-1.46076],"carpPosition":[-21.5858,264.847,56.2373],"dipPosition":[-29.8778,254.283,-17.2279],"direction":[-0.179091,-0.904096,0.387991],"extended":false,"handId":368,"id":3683,"length":63.7298,"mcpPosition":[-16.966,303.532,8.05782],"pipPosition":[-24.9704,279.056,-27.8594],"stabilizedTipPosition":[-32.7346,239.958,-0.581406],"timeVisible":21.4755,"tipPosition":[-30.7366,246.52,-5.57319],"tipVelocity":[76.0274,269.89,-166.449],"tool":false,"touchDistance":0.333333,"touchZone":"none","type":3,"width":17.881},{"bases":[[[0.91025,-0.404463,-0.0886307],[0.354755,0.651413,0.670679],[-0.21353,-0.641927,0.736434]],[[0.852442,-0.520008,0.0541725],[0.468431,0.713629,-0.52087],[0.232198,0.469388,0.851915]],[[0.852442,-0.520008,0.0541725],[-0.123583,-0.301092,-0.945553],[0.508006,0.799334,-0.320927]],[[0.852442,-0.520008,0.0541725],[-0.398672,-0.713554,-0.576109],[0.338236,0.469503,-0.815576]]],"btipPosition":[-21.2213,255.458,0.0512974],"carpPosition":[-9.75212,258.526,51.9725],"dipPosition":[-15.4544,263.463,-13.8542],"direction":[-0.508006,-0.799334,0.320927],"extended":false,"handId":368,"id":3684,"length":49.963,"mcpPosition":[2.49517,295.344,9.73333],"pipPosition":[-5.62612,278.927,-20.0631],"stabilizedTipPosition":[-21.4157,251.26,0.536811],"timeVisible":21.4755,"tipPosition":[-20.0013,256.959,-3.58641],"tipVelocity":[68.8799,278.013,-166.155],"tool":false,"touchDistance":0.333333,"touchZone":"none","type":4,"width":15.8833}],"r":[[0.857438,0.309727,0.410936],[-0.289047,0.95058,-0.113352],[-0.425736,-0.0215871,0.90459]],"s":1.47657,"t":[-7.29377,52.9966,-74.3383],"timestamp":15523101007},false],[3,{"currentFrameRate":102.49,"devices":[],"gestures":[],"hands":[{"armBasis":[[0.954834,0.145507,-0.259076],[-0.0247011,0.907747,0.41879],[0.296113,-0.393475,0.870342]],"armWidth":63.029,"confidence":0.879177,"direction":[-0.0521683,0.730384,-0.681042],"elbow":[54.9609,147.48,288.553],"grabStrength":0,"id":368,"palmNormal":[0.00532246,-0.681757,-0.731559],"palmPosition":[-34.416,288.351,16.8448],"palmVelocity":[39.3999,249.911,-161.31],"palmWidth":90.0033,"pinchStrength":0.342477,"r":[[0.853407,0.315287,0.41508],[-0.29518,0.948654,-0.113688],[-0.429611,-0.0255015,0.902654]],"s":1.47977,"sphereCenter":[-55.6165,276.652,-24.3033],"sphereRadius":47.9774,"stabilizedPalmPosition":[-36.1575,280.172,22.8868],"t":[-6.92708,55.4143,-75.8181],"timeVisible":21.4845,"type":"right","wrist":[-24.1225,252.566,56.1095]}],"id":1188328,"interactionBox":{"center":[0,200,0],"size":[235.247,235.247,147.751]},"pointables":[{"bases":[[[0.386903,0.76912,0.508685],[-0.785707,-0.0137831,0.618445],[0.482669,-0.638956,0.59897]],[[0.136085,0.971409,0.19454],[-0.76321,-0.0224054,0.645762],[0.631657,-0.236354,0.73834]],[[0.136085,0.971409,0.19454],[-0.989755,0.124748,0.0694431],[0.043189,-0.201997,0.978433]],[[0.136085,0.971409,0.19454],[-0.961708,0.0823763,0.261403],[0.237904,-0.222664,0.945422]]],"btipPosition":[-90.2021,265.27,-39.8485],"carpPosition":[-52.0492,241.633,51.4928],"dipPosition":[-84.6947,260.115,-17.9622],"direction":[-0.043189,0.201997,-0.978433],"extended":false,"handId":368,"id":3680,"length":51.5512,"mcpPosition":[-52.0492,241.633,51.4928],"pipPosition":[-83.2381,253.303,15.0363],"stabilizedTipPosition":[-93.6442,252.817,-24.5007],"timeVisible":21.4845,"tipPosition":[-88.7964,263.418,-34.9773],"tipVelocity":[76.2992,230.049,-172.739],"tool":false,"touchDistance":-0.658473,"touchZone":"hovering","type":0,"width":20.0304},{"bases":[[[0.975688,0.163829,-0.145577],[-0.0377648,0.779981,0.624662],[0.215885,-0.603978,0.767205]],[[0.953282,0.215606,-0.211583],[-0.0495631,0.802558,0.594512],[0.297987,-0.556251,0.77575]],[[0.953282,0.215606,-0.211583],[-0.14366,0.939714,0.310322],[0.265734,-0.265428,0.926786]],[[0.953282,0.215606,-0.211583],[-0.207423,0.976384,0.0604057],[0.21961,-0.0136964,0.975492]]],"btipPosition":[-83.1759,337.051,-69.2606],"carpPosition":[-44.7374,262.883,58.181],"dipPosition":[-79.4644,336.82,-52.7745],"direction":[-0.265734,0.265428,-0.926786],"extended":true,"handId":368,"id":3681,"length":58.1698,"mcpPosition":[-60.4477,306.835,2.35006],"pipPosition":[-73.1112,330.474,-30.6166],"stabilizedTipPosition":[-82.4409,334.211,-63.4],"timeVisible":21.4845,"tipPosition":[-81.6918,334.942,-65.7364],"tipVelocity":[18.3811,267.185,-165.839],"tool":false,"touchDistance":-0.62912,"touchZone":"hovering","type":1,"width":19.133},{"bases":[[[0.987931,-0.0546615,-0.144929],[0.132479,0.783,0.60775],[0.0802588,-0.619615,0.780791]],[[0.987701,-0.0529132,-0.147131],[-0.0317656,0.853466,-0.520179],[0.153096,0.518455,0.841288]],[[0.987701,-0.0529132,-0.147131],[-0.156355,-0.330563,-0.930742],[0.000612485,0.9423,-0.33477]],[[0.987701,-0.0529132,-0.147131],[-0.123957,-0.838532,-0.530565],[-0.0953003,0.542277,-0.834777]]],"btipPosition":[-44.2548,247.979,-12.029],"carpPosition":[-33.171,266.522,57.0317],"dipPosition":[-46.0262,258.059,-27.5461],"direction":[-0.000612485,-0.9423,0.33477],"extended":false,"handId":368,"id":3682,"length":66.2798,"mcpPosition":[-38.7097,309.283,3.14821],"pipPosition":[-46.009,284.564,-36.9625],"stabilizedTipPosition":[-47.9293,241.01,-8.48986],"timeVisible":21.4845,"tipPosition":[-44.5542,249.935,-14.9951],"tipVelocity":[79.5608,234.583,-154.171],"tool":false,"touchDistance":0.333333,"touchZone":"none","type":2,"width":18.7912},{"bases":[[[0.976157,-0.204117,-0.0738491],[0.205215,0.756943,0.620423],[-0.0707391,-0.620785,0.780783]],[[0.975058,-0.212884,-0.0627885],[0.137289,0.800772,-0.583023],[0.174396,0.559861,0.810026]],[[0.975058,-0.212884,-0.0627885],[-0.140342,-0.372191,-0.917485],[0.171949,0.903412,-0.392785]],[[0.975058,-0.212884,-0.0627885],[-0.21449,-0.831064,-0.513153],[0.057061,0.513822,-0.855997]]],"btipPosition":[-30.2624,246.531,-2.40721],"carpPosition":[-21.1718,267.061,55.1869],"dipPosition":[-29.2079,256.027,-18.2272],"direction":[-0.171949,-0.903412,0.392785],"extended":false,"handId":368,"id":3683,"length":63.7298,"mcpPosition":[-16.7888,305.525,6.80901],"pipPosition":[-24.4962,280.782,-28.9902],"stabilizedTipPosition":[-31.9582,242.463,-2.14437],"timeVisible":21.4845,"tipPosition":[-30.0234,248.331,-6.52663],"tipVelocity":[76.8428,251.187,-150.14],"tool":false,"touchDistance":0.333333,"touchZone":"none","type":3,"width":17.881},{"bases":[[[0.913993,-0.396838,-0.0844755],[0.347484,0.658142,0.66791],[-0.209455,-0.639819,0.739432]],[[0.856828,-0.51222,0.0589594],[0.463413,0.714917,-0.523585],[0.22604,0.475945,0.849931]],[[0.856828,-0.51222,0.0589594],[-0.118794,-0.307391,-0.944139],[0.501731,0.801961,-0.32423]],[[0.856828,-0.51222,0.0589594],[-0.391159,-0.720265,-0.572899],[0.335917,0.467813,-0.817503]]],"btipPosition":[-20.5996,257.382,-0.945067],"carpPosition":[-9.27317,260.822,50.982],"dipPosition":[-14.8723,265.358,-14.8834],"direction":[-0.501731,-0.801961,0.32423],"extended":false,"handId":368,"id":3684,"length":49.963,"mcpPosition":[2.74044,297.52,8.57081],"pipPosition":[-5.16547,280.873,-21.1562],"stabilizedTipPosition":[-20.7493,253.745,-0.927324],"timeVisible":21.4845,"tipPosition":[-19.3836,258.874,-4.58347],"tipVelocity":[68.7192,260.422,-151.31],"tool":false,"touchDistance":0.333333,"touchZone":"none","type":4,"width":15.8833}],"r":[[0.853407,0.315287,0.41508],[-0.29518,0.948654,-0.113688],[-0.429611,-0.0255015,0.902654]],"s":1.47977,"t":[-6.92708,55.4143,-75.8181],"timestamp":15523109976},false],[4,{"currentFrameRate":102.792,"devices":[],"gestures":[],"hands":[{"armBasis":[[0.954264,0.156855,-0.254513],[-0.0365384,0.906119,0.421442],[0.296724,-0.392867,0.870408]],"armWidth":63.029,"confidence":0.774263,"direction":[-0.053935,0.727518,-0.683965],"elbow":[55.3997,149.804,287.019],"grabStrength":0,"id":368,"palmNormal":[0.017701,-0.684158,-0.729119],"palmPosition":[-34.1802,290.276,15.0893],"palmVelocity":[35.5982,238.871,-169.786],"palmWidth":90.0033,"pinchStrength":0.339544,"r":[[0.848858,0.321656,0.419496],[-0.301743,0.946416,-0.1151],[-0.434041,-0.0288764,0.90043]],"s":1.48225,"sphereCenter":[-54.8801,278.19,-26.2145],"sphereRadius":47.9916,"stabilizedPalmPosition":[-35.6371,282.831,20.8349],"t":[-6.62582,57.5858,-77.4357],"timeVisible":21.4936,"type":"right","wrist":[-23.847,254.728,54.5574]}],"id":1188329,"interactionBox":{"center":[0,200,0],"size":[235.247,235.247,147.751]},"pointables":[{"bases":[[[0.375392,0.774588,0.509014],[-0.790363,-0.0193518,0.612333],[0.484156,-0.63217,0.604941]],[[0.127684,0.972349,0.195537],[-0.765663,-0.0286826,0.642602],[0.630442,-0.231765,0.740829]],[[0.127684,0.972349,0.195537],[-0.990887,0.116534,0.0675523],[0.0428977,-0.20238,0.978367]],[[0.127684,0.972349,0.195537],[-0.967204,0.0784256,0.241589],[0.219574,-0.219971,0.950474]]],"btipPosition":[-89.2876,266.868,-41.8181],"carpPosition":[-51.6288,243.506,49.7608],"dipPosition":[-84.2045,261.775,-19.8148],"direction":[-0.0428977,0.20238,-0.978367],"extended":false,"handId":368,"id":3680,"length":51.5512,"mcpPosition":[-51.6288,243.506,49.7608],"pipPosition":[-82.7577,254.95,13.1814],"stabilizedTipPosition":[-92.4723,255.548,-27.1],"timeVisible":21.4936,"tipPosition":[-87.9578,264.964,-36.9428],"tipVelocity":[79.9,215.004,-183.727],"tool":false,"touchDistance":-0.650099,"touchZone":"hovering","type":0,"width":20.0304},{"bases":[[[0.975158,0.172854,-0.13852],[-0.0502588,0.781696,0.621631],[0.215732,-0.599227,0.770965]],[[0.952664,0.224385,-0.205139],[-0.0621734,0.804274,0.590997],[0.297599,-0.550267,0.780154]],[[0.952664,0.224385,-0.205139],[-0.154894,0.93883,0.307581],[0.261608,-0.261247,0.929146]],[[0.952664,0.224385,-0.205139],[-0.216843,0.974432,0.0588344],[0.213096,-0.0115663,0.976963]]],"btipPosition":[-82.7791,338.282,-71.5517],"carpPosition":[-44.577,264.849,56.4319],"dipPosition":[-79.1777,338.087,-55.0407],"direction":[-0.261608,0.261247,-0.929146],"extended":true,"handId":368,"id":3681,"length":58.1698,"mcpPosition":[-60.2762,308.456,0.327432],"pipPosition":[-72.9231,331.841,-32.8264],"stabilizedTipPosition":[-82.2474,335.8,-65.1189],"timeVisible":21.4936,"tipPosition":[-81.3108,336.249,-68.0017],"tipVelocity":[24.5628,230.443,-189.175],"tool":false,"touchDistance":-0.628821,"touchZone":"hovering","type":1,"width":19.133},{"bases":[[[0.989523,-0.0455032,-0.137016],[0.120075,0.78632,0.606039],[0.0801619,-0.616142,0.783545]],[[0.989315,-0.043928,-0.139019],[-0.0358447,0.850975,-0.523982],[0.141319,0.523366,0.840308]],[[0.989315,-0.043928,-0.139019],[-0.145679,-0.335678,-0.930644],[-0.00578417,0.940952,-0.33849]],[[0.989315,-0.043928,-0.139019],[-0.111632,-0.841562,-0.528499],[-0.0937772,0.538371,-0.837474]]],"btipPosition":[-43.4019,249.691,-13.6889],"carpPosition":[-33.0379,268.597,55.3604],"dipPosition":[-45.1451,259.698,-29.256],"direction":[0.00578417,-0.940952,0.33849],"extended":false,"handId":368,"id":3682,"length":66.2798,"mcpPosition":[-38.57,311.118,1.28684],"pipPosition":[-45.3078,286.165,-38.7771],"stabilizedTipPosition":[-46.9405,243.642,-10.5936],"timeVisible":21.4936,"tipPosition":[-43.6989,251.654,-16.6966],"tipVelocity":[83.5437,220.815,-162.076],"tool":false,"touchDistance":0.333333,"touchZone":"none","type":2,"width":18.7912},{"bases":[[[0.978648,-0.194823,-0.0655112],[0.19296,0.761017,0.61937],[-0.0708127,-0.618787,0.782361]],[[0.977543,-0.2036,-0.0543834],[0.133728,0.798756,-0.586605],[0.162872,0.566159,0.808045]],[[0.977543,-0.2036,-0.0543834],[-0.129995,-0.379467,-0.916027],[0.165866,0.902526,-0.397412]],[[0.977543,-0.2036,-0.0543834],[-0.202515,-0.836198,-0.509668],[0.0582929,0.509235,-0.858651]]],"btipPosition":[-29.4633,248.424,-3.82105],"carpPosition":[-21.0305,269.247,53.6075],"dipPosition":[-28.386,257.836,-19.6901],"direction":[-0.165866,-0.902525,0.397412],"extended":false,"handId":368,"id":3683,"length":63.7298,"mcpPosition":[-16.6429,307.588,5.13181],"pipPosition":[-23.841,282.566,-30.5798],"stabilizedTipPosition":[-31.1245,244.933,-3.76336],"timeVisible":21.4936,"tipPosition":[-29.2127,250.233,-7.98275],"tipVelocity":[79.909,238.219,-151.675],"tool":false,"touchDistance":0.333333,"touchZone":"none","type":3,"width":17.881},{"bases":[[[0.918449,-0.388178,-0.0759524],[0.335807,0.663773,0.668311],[-0.209008,-0.639315,0.739994]],[[0.861085,-0.503918,0.0678254],[0.46117,0.717837,-0.521567],[0.214139,0.480392,0.85051]],[[0.861085,-0.503918,0.0678254],[-0.107935,-0.311509,-0.944093],[0.496873,0.805623,-0.322626]],[[0.861085,-0.503918,0.0678254],[-0.379719,-0.726024,-0.573325],[0.338151,0.467927,-0.816516]]],"btipPosition":[-19.919,259.413,-2.51004],"carpPosition":[-9.03901,263.11,49.5174],"dipPosition":[-14.1536,267.391,-16.4315],"direction":[-0.496873,-0.805623,0.322626],"extended":false,"handId":368,"id":3684,"length":49.963,"mcpPosition":[2.94896,299.779,7.07394],"pipPosition":[-4.54072,282.977,-22.6733],"stabilizedTipPosition":[-20.0415,256.208,-2.49795],"timeVisible":21.4936,"tipPosition":[-18.6871,260.902,-6.12185],"tipVelocity":[70.5506,249.69,-156.657],"tool":false,"touchDistance":0.333333,"touchZone":"none","type":4,"width":15.8833}],"r":[[0.848858,0.321656,0.419496],[-0.301743,0.946416,-0.1151],[-0.434041,-0.0288764,0.90043]],"s":1.48225,"t":[-6.62582,57.5858,-77.4357],"timestamp":15523119132},false],[5,{"currentFrameRate":103.148,"devices":[],"gestures":[],"hands":[{"armBasis":[[0.95288,0.165718,-0.254083],[-0.0461212,0.907001,0.418595],[0.299822,-0.387152,0.871906]],"armWidth":63.029,"confidence":0.654505,"direction":[-0.0524032,0.732753,-0.678474],"elbow":[56.1335,153.249,284.948],"grabStrength":0,"id":368,"palmNormal":[0.0282003,-0.678051,-0.734474],"palmPosition":[-34.146,292.454,12.82],"palmVelocity":[26.8487,239.585,-192.29],"palmWidth":90.0033,"pinchStrength":0.336236,"r":[[0.844036,0.327055,0.425016],[-0.307916,0.944408,-0.115245],[-0.43908,-0.0335982,0.897819]],"s":1.48431,"sphereCenter":[-54.3995,280.561,-28.7854],"sphereRadius":48.0198,"stabilizedPalmPosition":[-35.2522,285.315,18.7659],"t":[-6.45809,59.7606,-79.3792],"timeVisible":21.5027,"type":"right","wrist":[-23.9407,256.647,52.0867]}],"id":1188330,"interactionBox":{"center":[0,200,0],"size":[235.247,235.247,147.751]},"pointables":[{"bases":[[[0.366236,0.772638,0.518558],[-0.795528,-0.0291078,0.605217],[0.482708,-0.63418,0.603995]],[[0.122535,0.970479,0.207742],[-0.768267,-0.0397588,0.638894],[0.628292,-0.237888,0.740714]],[[0.122535,0.970479,0.207742],[-0.99161,0.111037,0.0661777],[0.041157,-0.214108,0.975943]],[[0.122535,0.970479,0.207742],[-0.971908,0.074957,0.223108],[0.20095,-0.229244,0.9524]]],"btipPosition":[-88.6738,269.572,-44.58],"carpPosition":[-51.611,245.298,46.9562],"dipPosition":[-84.0218,264.265,-22.5321],"direction":[-0.041157,0.214108,-0.975943],"extended":false,"handId":368,"id":3680,"length":51.5512,"mcpPosition":[-51.611,245.298,46.9562],"pipPosition":[-82.6338,257.044,10.3824],"stabilizedTipPosition":[-91.4611,258.207,-29.6773],"timeVisible":21.5027,"tipPosition":[-87.4044,267.569,-39.7343],"tipVelocity":[73.6155,236.833,-217.105],"tool":false,"touchDistance":-0.654697,"touchZone":"hovering","type":0,"width":20.0304},{"bases":[[[0.975258,0.179835,-0.128574],[-0.060414,0.776267,0.627502],[0.212655,-0.604209,0.767926]],[[0.952892,0.232048,-0.19532],[-0.0723038,0.799184,0.596722],[0.294565,-0.554489,0.778314]],[[0.952892,0.232048,-0.19532],[-0.162683,0.934514,0.316573],[0.255989,-0.269885,0.928241]],[[0.952892,0.232048,-0.19532],[-0.222404,0.97242,0.0702488],[0.206234,-0.0234996,0.97822]]],"btipPosition":[-82.3462,341.011,-73.8219],"carpPosition":[-44.7473,266.628,53.862],"dipPosition":[-78.8608,340.614,-57.2897],"direction":[-0.255989,0.269885,-0.928241],"extended":true,"handId":368,"id":3681,"length":58.1698,"mcpPosition":[-60.2226,310.597,-2.02136],"pipPosition":[-72.7406,334.161,-35.097],"stabilizedTipPosition":[-81.9874,337.694,-66.9319],"timeVisible":21.5027,"tipPosition":[-80.9015,338.997,-70.2721],"tipVelocity":[30.1945,248.858,-206.224],"tool":false,"touchDistance":-0.628253,"touchZone":"hovering","type":1,"width":19.133},{"bases":[[[0.990936,-0.0384369,-0.12872],[0.110018,0.782041,0.613439],[0.0770856,-0.62204,0.779182]],[[0.990742,-0.0368958,-0.13065],[-0.0363756,0.855028,-0.517305],[0.130795,0.517268,0.84577]],[[0.990742,-0.0368958,-0.13065],[-0.135495,-0.328809,-0.934626],[-0.00847508,0.943675,-0.330764]],[[0.990742,-0.0368958,-0.13065],[-0.101934,-0.837792,-0.536389],[-0.0896668,0.544741,-0.833797]]],"btipPosition":[-42.873,252.05,-16.3723],"carpPosition":[-33.2223,270.454,52.922],"dipPosition":[-44.5398,262.176,-31.8711],"direction":[0.00847508,-0.943675,0.330764],"extended":false,"handId":368,"id":3682,"length":66.2798,"mcpPosition":[-38.5421,313.382,-0.850489],"pipPosition":[-44.7782,288.72,-41.1749],"stabilizedTipPosition":[-46.0695,246.18,-12.8027],"timeVisible":21.5027,"tipPosition":[-43.1554,254.04,-19.37],"tipVelocity":[77.2277,232.853,-198.85],"tool":false,"touchDistance":0.333333,"touchZone":"none","type":2,"width":18.7912},{"bases":[[[0.980347,-0.1884,-0.0585287],[0.182936,0.757069,0.627201],[-0.0738542,-0.625581,0.776655]],[[0.979196,-0.19729,-0.0474624],[0.13388,0.803893,-0.57951],[0.152486,0.5611,0.813582]],[[0.979196,-0.19729,-0.0474624],[-0.119916,-0.373924,-0.919675],[0.163695,0.906233,-0.389803]],[[0.979196,-0.19729,-0.0474624],[-0.193073,-0.833873,-0.517086],[0.0624382,0.515493,-0.854616]]],"btipPosition":[-29.0068,250.795,-6.32328],"carpPosition":[-21.2043,271.19,51.2795],"dipPosition":[-27.8529,260.322,-22.1178],"direction":[-0.163695,-0.906233,0.389803],"extended":false,"handId":368,"id":3683,"length":63.7298,"mcpPosition":[-16.6282,309.952,3.15733],"pipPosition":[-23.3674,285.154,-32.799],"stabilizedTipPosition":[-30.4089,247.351,-5.62288],"timeVisible":21.5027,"tipPosition":[-28.7333,252.646,-10.4753],"tipVelocity":[72.387,245.788,-185.741],"tool":false,"touchDistance":0.333333,"touchZone":"none","type":3,"width":17.881},{"bases":[[[0.921417,-0.38202,-0.0710677],[0.325941,0.660287,0.676597],[-0.211549,-0.646592,0.732916]],[[0.863319,-0.499551,0.0716175],[0.46138,0.723796,-0.513077],[0.204471,0.475992,0.85535]],[[0.863319,-0.499551,0.0716175],[-0.0990428,-0.306871,-0.946584],[0.494844,0.810111,-0.314404]],[[0.863319,-0.499551,0.0716175],[-0.371318,-0.724891,-0.58022],[0.341764,0.474322,-0.811305]]],"btipPosition":[-19.5591,261.837,-4.79393],"carpPosition":[-9.14062,265.159,47.2447],"dipPosition":[-13.7321,269.924,-18.6266],"direction":[-0.494844,-0.810111,0.314404],"extended":false,"handId":368,"id":3684,"length":49.963,"mcpPosition":[2.99306,302.245,5.20725],"pipPosition":[-4.15848,285.597,-24.7093],"stabilizedTipPosition":[-19.4497,258.64,-4.27663],"timeVisible":21.5027,"tipPosition":[-18.2966,263.368,-8.41021],"tipVelocity":[62.5508,255.699,-182.593],"tool":false,"touchDistance":0.333333,"touchZone":"none","type":4,"width":15.8833}],"r":[[0.844036,0.327055,0.425016],[-0.307916,0.944408,-0.115245],[-0.43908,-0.0335982,0.897819]],"s":1.48431,"t":[-6.45809,59.7606,-79.3792],"timestamp":15523128152},false],[6,{"currentFrameRate":103.566,"devices":[],"gestures":[],"hands":[{"armBasis":[[0.95352,0.171294,-0.247908],[-0.0534707,0.905839,0.420234],[0.296548,-0.387446,0.872895]],"armWidth":63.029,"confidence":0.658574,"direction":[-0.0523183,0.73624,-0.674695],"elbow":[55.2736,154.564,283.206],"grabStrength":0,"id":368,"palmNormal":[0.036064,-0.673786,-0.738046],"palmPosition":[-34.0914,294.012,10.9537],"palmVelocity":[21.2377,222.248,-197.225],"palmWidth":90.0033,"pinchStrength":0.333273,"r":[[0.839275,0.331749,0.430767],[-0.313704,0.942567,-0.114706],[-0.44408,-0.0388635,0.895144]],"s":1.48613,"sphereCenter":[-54.1047,282.258,-30.8262],"sphereRadius":48.0615,"stabilizedPalmPosition":[-34.966,287.46,16.8394],"t":[-6.34695,61.6266,-81.2841],"timeVisible":21.5115,"type":"right","wrist":[-23.9261,258.04,50.0804]}],"id":1188331,"interactionBox":{"center":[0,200,0],"size":[235.247,235.247,147.751]},"pointables":[{"bases":[[[0.359118,0.771646,0.524972],[-0.798878,-0.0366599,0.600375],[0.482523,-0.634995,0.603286]],[[0.117436,0.969426,0.215459],[-0.769964,-0.0481402,0.636269],[0.627188,-0.240617,0.740769]],[[0.117436,0.969426,0.215459],[-0.992273,0.105799,0.0648148],[0.0400377,-0.221406,0.974359]],[[0.117436,0.969426,0.215459],[-0.975586,0.0720754,0.207453],[0.185581,-0.234562,0.954223]]],"btipPosition":[-88.1204,271.353,-46.8027],"carpPosition":[-51.5057,246.575,44.725],"dipPosition":[-83.8242,265.922,-24.7126],"direction":[-0.0400377,0.221406,-0.974359],"extended":false,"handId":368,"id":3680,"length":51.5512,"mcpPosition":[-51.5057,246.575,44.725],"pipPosition":[-82.4739,258.455,8.14853],"stabilizedTipPosition":[-90.6026,260.567,-32.0662],"timeVisible":21.5115,"tipPosition":[-86.933,269.314,-41.9615],"tipVelocity":[68.0764,226.205,-225.915],"tool":false,"touchDistance":-0.650755,"touchZone":"hovering","type":0,"width":20.0304},{"bases":[[[0.975027,0.185668,-0.121859],[-0.0681721,0.772428,0.631433],[0.211364,-0.607357,0.765796]],[[0.952606,0.238471,-0.188872],[-0.0799747,0.795352,0.600849],[0.293505,-0.557267,0.776729]],[[0.952606,0.238471,-0.188872],[-0.168443,0.930495,0.325277],[0.253314,-0.278046,0.926565]],[[0.952606,0.238471,-0.188872],[-0.226562,0.970485,0.0826356],[0.203004,-0.0359278,0.978519]]],"btipPosition":[-82.1367,343.037,-75.6374],"carpPosition":[-44.7953,267.901,51.7891],"dipPosition":[-78.7058,342.429,-59.1001],"direction":[-0.253314,0.278046,-0.926565],"extended":true,"handId":368,"id":3681,"length":58.1698,"mcpPosition":[-60.1766,312.1,-3.93925],"pipPosition":[-72.6495,335.782,-36.9475],"stabilizedTipPosition":[-81.7662,339.493,-68.6271],"timeVisible":21.5115,"tipPosition":[-80.7057,341.033,-72.0932],"tipVelocity":[28.0334,241.856,-205.794],"tool":false,"touchDistance":-0.620976,"touchZone":"hovering","type":1,"width":19.133},{"bases":[[[0.991859,-0.0325139,-0.123123],[0.102306,0.779175,0.618401],[0.0758278,-0.625962,0.776158]],[[0.991704,-0.031254,-0.124685],[-0.0378209,0.856108,-0.515411],[0.122852,0.515851,0.847824]],[[0.991704,-0.031254,-0.124685],[-0.128026,-0.326991,-0.936315],[-0.0115073,0.94451,-0.32828]],[[0.991704,-0.031254,-0.124685],[-0.0942767,-0.836215,-0.540238],[-0.0873788,0.547511,-0.832224]]],"btipPosition":[-42.4278,253.652,-18.3448],"carpPosition":[-33.2853,271.793,50.9378],"dipPosition":[-44.052,263.83,-33.8144],"direction":[0.0115073,-0.94451,0.32828],"extended":false,"handId":368,"id":3682,"length":66.2798,"mcpPosition":[-38.5183,314.992,-2.62594],"pipPosition":[-44.3757,290.397,-43.0483],"stabilizedTipPosition":[-45.3268,248.41,-14.8706],"timeVisible":21.5115,"tipPosition":[-42.7111,255.703,-21.4313],"tipVelocity":[70.2051,219.084,-205.051],"tool":false,"touchDistance":0.333333,"touchZone":"none","type":2,"width":18.7912},{"bases":[[[0.981653,-0.182919,-0.053828],[0.175274,0.75451,0.632451],[-0.0750739,-0.630282,0.772728]],[[0.980484,-0.191877,-0.0428177],[0.133018,0.807846,-0.574187],[0.144763,0.557286,0.817604]],[[0.980484,-0.191877,-0.0428177],[-0.112584,-0.369464,-0.9224],[0.161168,0.909219,-0.383856]],[[0.980484,-0.191877,-0.0428177],[-0.185656,-0.832053,-0.522704],[0.0646683,0.520452,-0.851438]]],"btipPosition":[-28.6196,252.492,-8.38892],"carpPosition":[-21.262,272.602,49.3699],"dipPosition":[-27.4244,262.111,-24.1247],"direction":[-0.161168,-0.909219,0.383856],"extended":false,"handId":368,"id":3683,"length":63.7298,"mcpPosition":[-16.6104,311.654,1.49111],"pipPosition":[-23.0082,287.025,-34.643],"stabilizedTipPosition":[-29.8151,249.467,-7.45979],"timeVisible":21.5115,"tipPosition":[-28.3323,254.37,-12.5241],"tipVelocity":[64.8924,231.708,-198.136],"tool":false,"touchDistance":0.333333,"touchZone":"none","type":3,"width":17.881},{"bases":[[[0.923822,-0.376774,-0.0677857],[0.318497,0.658206,0.682147],[-0.212398,-0.651772,0.728066]],[[0.865371,-0.495613,0.0741734],[0.460887,0.728993,-0.506115],[0.196765,0.472162,0.859271]],[[0.865371,-0.495613,0.0741734],[-0.0918381,-0.302347,-0.948763],[0.492645,0.81422,-0.307158]],[[0.865371,-0.495613,0.0741734],[-0.364296,-0.723787,-0.586021],[0.344125,0.480104,-0.806894]]],"btipPosition":[-19.2413,263.587,-6.74053],"carpPosition":[-9.1433,266.656,45.3725],"dipPosition":[-13.374,271.773,-20.498],"direction":[-0.492645,-0.81422,0.307158],"extended":false,"handId":368,"id":3684,"length":49.963,"mcpPosition":[3.0391,304.04,3.61318],"pipPosition":[-3.84291,287.525,-26.4405],"stabilizedTipPosition":[-18.9623,260.776,-6.03724],"timeVisible":21.5115,"tipPosition":[-17.9638,265.143,-10.3349],"tipVeloci