{"sensorType":"Leap","data":[[0,{"currentFrameRate":110.653,"devices":[],"gestures":[],"hands":[{"armBasis":[[0.946545,0.226376,-0.229798],[-0.107366,0.89287,0.437329],[0.30418,-0.389279,0.869446]],"armWidth":63.029,"confidence":0.965359,"direction":[-0.0888018,0.681329,-0.726571],"elbow":[63.5223,141.589,298.551],"grabStrength":0,"id":368,"palmNormal":[0.0846154,-0.721656,-0.687061],"palmPosition":[-29.5806,277.94,24.6498],"palmVelocity":[43.9112,270.329,-204.586],"palmWidth":90.0033,"pinchStrength":0.437882,"r":[[0.802274,0.424367,0.419844],[-0.380542,0.905446,-0.188029],[-0.459939,-0.00891708,0.887906]],"s":1.44279,"sphereCenter":[-36.1424,260.517,-20.1983],"sphereRadius":48.2476,"stabilizedPalmPosition":[-31.6364,267.825,32.791],"t":[-2.03128,44.9909,-67.6763],"timeVisible":14.4435,"type":"right","wrist":[-17.7157,245.555,66.3466]}],"id":1187563,"interactionBox":{"center":[0,200,0],"size":[235.247,235.247,147.751]},"pointables":[{"bases":[[[0.306348,0.827708,0.47016],[-0.801902,-0.0417443,0.595996],[0.512937,-0.559604,0.650952]],[[0.105354,0.972044,0.209836],[-0.791253,-0.0458711,0.609766],[0.602345,-0.230274,0.7643]],[[0.105354,0.972044,0.209836],[-0.98448,0.0721693,0.15997],[0.140355,-0.223432,0.964561]],[[0.105354,0.972044,0.209836],[-0.992468,0.0895134,0.083636],[0.0625148,-0.217066,0.974153]]],"btipPosition":[-80.4195,256.016,-31.1728],"carpPosition":[-44.4972,232.085,61.6476],"dipPosition":[-78.9723,250.991,-8.62138],"direction":[-0.140355,0.223432,-0.964561],"extended":false,"handId":368,"id":3680,"length":51.5512,"mcpPosition":[-44.4972,232.085,61.6476],"pipPosition":[-74.2388,243.455,23.9093],"stabilizedTipPosition":[-86.63,236.972,-8.36209],"timeVisible":14.4435,"tipPosition":[-79.4153,255.042,-26.0889],"tipVelocity":[53.0623,298.41,-231.876],"tool":false,"touchDistance":-0.611481,"touchZone":"hovering","type":0,"width":20.0304},{"bases":[[[0.96345,0.235149,-0.128335],[-0.121384,0.810255,0.57337],[0.238811,-0.536836,0.809183]],[[0.969002,0.221948,-0.108505],[-0.114871,0.79361,0.597484],[0.218721,-0.5665,0.794506]],[[0.969002,0.221948,-0.108505],[-0.16515,0.908587,0.38366],[0.183739,-0.353848,0.917078]],[[0.969002,0.221948,-0.108505],[-0.198485,0.960915,0.192993],[0.147098,-0.165474,0.975182]]],"btipPosition":[-72.7085,328.629,-63.8615],"carpPosition":[-39.156,254.231,67.1946],"dipPosition":[-70.2225,325.832,-47.3806],"direction":[-0.183739,0.353848,-0.917078],"extended":true,"handId":368,"id":3681,"length":58.1698,"mcpPosition":[-56.5347,293.298,8.30888],"pipPosition":[-65.8296,317.372,-25.4548],"stabilizedTipPosition":[-72.7609,322.31,-57.3708],"timeVisible":14.4435,"tipPosition":[-71.4517,326.842,-60.3908],"tipVelocity":[41.1295,371.296,-170.178],"tool":false,"touchDistance":-0.547281,"touchZone":"hovering","type":1,"width":19.133},{"bases":[[[0.993338,0.0188613,-0.113684],[0.0485189,0.826362,0.561046],[0.104526,-0.562824,0.819941]],[[0.993611,0.0173712,-0.111513],[-0.0661162,0.890368,-0.450414],[0.0914633,0.454909,0.885828]],[[0.993611,0.0173712,-0.111513],[-0.112315,0.055373,-0.992129],[-0.0110597,0.998315,0.0569703]],[[0.993611,0.0173712,-0.111513],[-0.0903731,-0.469367,-0.878366],[-0.0675988,0.882832,-0.464798]]],"btipPosition":[-37.8978,231.403,-25.64],"carpPosition":[-27.8912,258.742,66.1423],"dipPosition":[-39.1544,247.813,-34.2798],"direction":[0.0110597,-0.998315,-0.0569702],"extended":false,"handId":368,"id":3682,"length":66.2798,"mcpPosition":[-35.1047,297.583,9.55692],"pipPosition":[-39.4655,275.894,-32.6774],"stabilizedTipPosition":[-41.2095,225.714,-20.6477],"timeVisible":14.4435,"tipPosition":[-38.2567,235.207,-28.2059],"tipVelocity":[74.2888,289.602,-196.508],"tool":false,"touchDistance":-0.416344,"touchZone":"hovering","type":2,"width":18.7912},{"bases":[[[0.99139,-0.126517,-0.0337522],[0.122672,0.807235,0.577342],[-0.0457977,-0.576511,0.815805]],[[0.990286,-0.137935,-0.0175524],[0.108683,0.846579,-0.521049],[0.0867307,0.51408,0.853346]],[[0.990286,-0.137935,-0.0175524],[-0.0224496,-0.0340281,-0.999169],[0.137224,0.989857,-0.0367941]],[[0.990286,-0.137935,-0.0175524],[-0.0883951,-0.527064,-0.845216],[0.107334,0.838557,-0.534137]]],"btipPosition":[-22.6604,230.542,-12.7799],"carpPosition":[-15.9211,260.163,64.6018],"dipPosition":[-20.6767,246.04,-22.6515],"direction":[-0.137224,-0.989856,0.0367941],"extended":false,"handId":368,"id":3683,"length":63.7298,"mcpPosition":[-13.0835,295.884,14.054],"pipPosition":[-16.9166,273.164,-23.6597],"stabilizedTipPosition":[-23.5015,228.552,-11.7076],"timeVisible":14.4435,"tipPosition":[-22.1603,234.636,-16.5542],"tipVelocity":[65.7686,278.615,-168.563],"tool":false,"touchDistance":0.333333,"touchZone":"none","type":3,"width":17.881},{"bases":[[[0.945438,-0.324019,-0.0340313],[0.270844,0.723604,0.634855],[-0.18108,-0.609433,0.771882]],[[0.883812,-0.448275,0.133885],[0.457167,0.766743,-0.450671],[0.0993689,0.459517,0.882593]],[[0.883812,-0.448275,0.133885],[0.130952,-0.0376981,-0.990672],[0.44914,0.893101,0.0253846]],[[0.883812,-0.448275,0.133885],[-0.115156,-0.485818,-0.866441],[0.453447,0.750353,-0.480994]]],"btipPosition":[-12.9341,243.501,-6.30392],"carpPosition":[-3.42409,254.69,61.128],"dipPosition":[-5.20287,256.295,-14.5048],"direction":[-0.44914,-0.893101,-0.0253846],"extended":false,"handId":368,"id":3684,"length":49.963,"mcpPosition":[6.96202,289.645,16.8557],"pipPosition":[3.48651,273.573,-14.0137],"stabilizedTipPosition":[-11.9191,241.232,-5.46914],"timeVisible":14.4435,"tipPosition":[-10.6626,246.967,-9.6172],"tipVelocity":[38.4125,269.439,-138.625],"tool":false,"touchDistance":0.333333,"touchZone":"none","type":4,"width":15.8833}],"r":[[0.802274,0.424367,0.419844],[-0.380542,0.905446,-0.188029],[-0.459939,-0.00891708,0.887906]],"s":1.44279,"t":[-2.03128,44.9909,-67.6763],"timestamp":15516068987},false],[1,{"currentFrameRate":110.671,"devices":[],"gestures":[],"hands":[{"armBasis":[[0.947428,0.226291,-0.226214],[-0.109487,0.893585,0.435338],[0.300654,-0.387684,0.871383]],"armWidth":63.029,"confidence":0.968188,"direction":[-0.0864646,0.680798,-0.72735],"elbow":[62.5736,144.437,297.241],"grabStrength":0,"id":368,"palmNormal":[0.0875089,-0.722073,-0.68626],"palmPosition":[-29.4501,280.328,22.7572],"palmVelocity":[35.8302,268.918,-206.129],"palmWidth":90.0033,"pinchStrength":0.433592,"r":[[0.800021,0.423631,0.424856],[-0.381075,0.905735,-0.185544],[-0.463409,-0.0134626,0.886042]],"s":1.44694,"sphereCenter":[-36.0969,262.931,-22.0006],"sphereRadius":48.2252,"stabilizedPalmPosition":[-31.1475,270.621,30.5472],"t":[-1.81287,47.3998,-69.5309],"timeVisible":14.4525,"type":"right","wrist":[-17.7228,247.976,64.5191]}],"id":1187564,"interactionBox":{"center":[0,200,0],"size":[235.247,235.247,147.751]},"pointables":[{"bases":[[[0.304198,0.828177,0.47073],[-0.804072,-0.0417493,0.593064],[0.510815,-0.55891,0.653213]],[[0.104398,0.972117,0.209975],[-0.792747,-0.0461487,0.607801],[0.600544,-0.22991,0.765825]],[[0.104398,0.972117,0.209975],[-0.985114,0.0720855,0.156057],[0.13657,-0.223141,0.965172]],[[0.104398,0.972117,0.209975],[-0.992666,0.0889118,0.081911],[0.0609579,-0.216986,0.97427]]],"btipPosition":[-80.1497,258.391,-33.1886],"carpPosition":[-44.48,234.49,59.7304],"dipPosition":[-78.7386,253.368,-10.6344],"direction":[-0.13657,0.223141,-0.965172],"extended":false,"handId":368,"id":3680,"length":51.5512,"mcpPosition":[-44.48,234.49,59.7304],"pipPosition":[-74.1326,245.842,21.9168],"stabilizedTipPosition":[-85.4111,240.602,-11.8798],"timeVisible":14.4525,"tipPosition":[-79.1574,257.393,-28.1147],"tipVelocity":[46.4652,288.919,-229.659],"tool":false,"touchDistance":-0.608893,"touchZone":"hovering","type":0,"width":20.0304},{"bases":[[[0.963798,0.235548,-0.124941],[-0.123902,0.810577,0.572375],[0.236096,-0.536174,0.810417]],[[0.969001,0.223084,-0.106163],[-0.117447,0.794,0.596464],[0.217355,-0.565506,0.795588]],[[0.969001,0.223084,-0.106163],[-0.167172,0.908454,0.3831],[0.181908,-0.353477,0.917586]],[[0.969001,0.223084,-0.106163],[-0.200015,0.96061,0.19293],[0.145021,-0.165715,0.975452]]],"btipPosition":[-72.3884,330.945,-65.9264],"carpPosition":[-39.1704,256.643,65.2822],"dipPosition":[-69.9375,328.144,-49.4409],"direction":[-0.181908,0.353476,-0.917586],"extended":true,"handId":368,"id":3681,"length":58.1698,"mcpPosition":[-56.3515,295.661,6.30668],"pipPosition":[-65.5884,319.693,-27.503],"stabilizedTipPosition":[-72.3708,325.639,-59.3557],"timeVisible":14.4525,"tipPosition":[-71.1314,329.211,-62.4423],"tipVelocity":[39.3519,339.94,-186.394],"tool":false,"touchDistance":-0.551844,"touchZone":"hovering","type":1,"width":19.133},{"bases":[[[0.993741,0.0192855,-0.110035],[0.0460365,0.826761,0.560666],[0.101785,-0.562222,0.820698]],[[0.994094,0.0173016,-0.107138],[-0.0645335,0.887952,-0.455387],[0.0872549,0.459611,0.883824]],[[0.994094,0.0173016,-0.107138],[-0.107838,0.0464179,-0.993084],[-0.0122088,0.998772,0.0480095]],[[0.994094,0.0173016,-0.107138],[-0.0859033,-0.477854,-0.874229],[-0.066322,0.878269,-0.473545]]],"btipPosition":[-37.5123,233.626,-27.0559],"carpPosition":[-27.904,261.158,64.2684],"dipPosition":[-38.7451,249.951,-35.8583],"direction":[0.0122088,-0.998772,-0.0480095],"extended":false,"handId":368,"id":3682,"length":66.2798,"mcpPosition":[-34.9284,299.958,7.63082],"pipPosition":[-39.0885,278.045,-34.5079],"stabilizedTipPosition":[-40.3015,228.817,-22.8908],"timeVisible":14.4525,"tipPosition":[-37.8747,237.465,-29.7579],"tipVelocity":[65.8113,277.265,-186.865],"tool":false,"touchDistance":-0.424842,"touchZone":"hovering","type":2,"width":18.7912},{"bases":[[[0.991571,-0.12604,-0.0300132],[0.120138,0.807683,0.577248],[-0.0485154,-0.575988,0.816017]],[[0.99055,-0.136273,-0.0154841],[0.107291,0.84027,-0.531446],[0.0854323,0.524763,0.846951]],[[0.99055,-0.136273,-0.0154841],[-0.0229982,-0.05374,-0.99829],[0.135207,0.989213,-0.0563662]],[[0.99055,-0.136273,-0.0154841],[-0.0878873,-0.544028,-0.834452],[0.105289,0.827927,-0.550864]]],"btipPosition":[-22.3495,232.673,-13.4957],"carpPosition":[-15.9291,262.584,62.7712],"dipPosition":[-20.4036,247.975,-23.6764],"direction":[-0.135207,-0.989213,0.0563662],"extended":false,"handId":368,"id":3683,"length":63.7298,"mcpPosition":[-12.9231,298.273,12.2101],"pipPosition":[-16.6987,275.081,-25.2209],"stabilizedTipPosition":[-22.9478,231.197,-13.1373],"timeVisible":14.4525,"tipPosition":[-21.8544,236.752,-17.458],"tipVelocity":[56.9211,265.715,-146.265],"tool":false,"touchDistance":0.333333,"touchZone":"none","type":3,"width":17.881},{"bases":[[[0.945719,-0.323566,-0.0303292],[0.26814,0.724165,0.635363],[-0.183619,-0.609008,0.771618]],[[0.883888,-0.447261,0.136749],[0.457263,0.76498,-0.45356],[0.0982495,0.463426,0.880672]],[[0.883888,-0.447261,0.136749],[0.13106,-0.043811,-0.990406],[0.448961,0.89333,0.0198939]],[[0.883888,-0.447261,0.136749],[-0.114883,-0.491054,-0.863521],[0.45337,0.747545,-0.485419]]],"btipPosition":[-12.7371,245.809,-7.82085],"carpPosition":[-3.41659,257.116,59.3471],"dipPosition":[-5.00716,258.555,-16.0972],"direction":[-0.448961,-0.89333,-0.0198939],"extended":false,"handId":368,"id":3684,"length":49.963,"mcpPosition":[7.11511,292.046,15.0899],"pipPosition":[3.67876,275.838,-15.7123],"stabilizedTipPosition":[-11.5672,243.984,-7.02896],"timeVisible":14.4525,"tipPosition":[-10.4767,249.248,-11.1221],"tipVelocity":[33.8626,265.493,-147.353],"tool":false,"touchDistance":0.333333,"touchZone":"none","type":4,"width":15.8833}],"r":[[0.800021,0.423631,0.424856],[-0.381075,0.905735,-0.185544],[-0.463409,-0.0134626,0.886042]],"s":1.44694,"t":[-1.81287,47.3998,-69.5309],"timestamp":15516077991},false],[2,{"currentFrameRate":110.637,"devices":[],"gestures":[],"hands":[{"armBasis":[[0.946578,0.2332,-0.22273],[-0.11465,0.888928,0.443466],[0.301407,-0.394238,0.868176]],"armWidth":63.029,"confidence":0.9361,"direction":[-0.0847722,0.688719,-0.720056],"elbow":[62.6978,144.202,294.544],"grabStrength":0,"id":368,"palmNormal":[0.0933749,-0.713986,-0.693906],"palmPosition":[-29.4086,282.278,21.2235],"palmVelocity":[27.1662,253.796,-195.722],"palmWidth":90.0033,"pinchStrength":0.429023,"r":[[0.79749,0.422547,0.430655],[-0.381878,0.906134,-0.18191],[-0.467097,-0.0193865,0.883994]],"s":1.45129,"sphereCenter":[-36.1089,265.48,-23.5939],"sphereRadius":48.179,"stabilizedPalmPosition":[-30.7472,273.304,28.4012],"t":[-1.6829,49.5794,-71.225],"timeVisible":14.4616,"type":"right","wrist":[-17.7996,249.492,62.6785]}],"id":1187565,"interactionBox":{"center":[0,200,0],"size":[235.247,235.247,147.751]},"pointables":[{"bases":[[[0.299126,0.823725,0.481664],[-0.807043,-0.0509297,0.588292],[0.509122,-0.564697,0.649547]],[[0.100484,0.969897,0.221815],[-0.795007,-0.0557761,0.604031],[0.59822,-0.23704,0.76547]],[[0.100484,0.969897,0.221815],[-0.986098,0.0674315,0.151865],[0.132336,-0.233991,0.96319]],[[0.100484,0.969897,0.221815],[-0.993243,0.0847783,0.079252],[0.0580613,-0.22828,0.971863]]],"btipPosition":[-79.8341,260.859,-35.1827],"carpPosition":[-44.4889,235.979,57.5962],"dipPosition":[-78.49,255.574,-12.6843],"direction":[-0.132336,0.233991,-0.96319],"extended":false,"handId":368,"id":3680,"length":51.5512,"mcpPosition":[-44.4889,235.979,57.5962],"pipPosition":[-74.0268,247.683,19.8001],"stabilizedTipPosition":[-84.308,244.171,-15.2774],"timeVisible":14.4616,"tipPosition":[-78.8569,259.783,-30.1298],"tipVelocity":[42.7331,282.198,-227.147],"tool":false,"touchDistance":-0.606442,"touchZone":"hovering","type":0,"width":20.0304},{"bases":[[[0.963699,0.239907,-0.11717],[-0.129446,0.803661,0.580838],[0.233511,-0.544586,0.805543]],[[0.968515,0.228097,-0.0997559],[-0.123029,0.786867,0.604735],[0.216433,-0.573422,0.790155]],[[0.968515,0.228097,-0.0997559],[-0.172262,0.903285,0.392939],[0.179736,-0.363383,0.914138]],[[0.968515,0.228097,-0.0997559],[-0.204511,0.957441,0.203671],[0.141967,-0.176857,0.973944]]],"btipPosition":[-72.1652,333.759,-67.089],"carpPosition":[-39.278,258.083,63.4261],"dipPosition":[-69.7659,330.77,-50.629],"direction":[-0.179736,0.363383,-0.914138],"extended":true,"handId":368,"id":3681,"length":58.1698,"mcpPosition":[-56.2711,297.714,4.80527],"pipPosition":[-65.4687,322.082,-28.7735],"stabilizedTipPosition":[-72.0445,328.841,-61.0563],"timeVisible":14.4616,"tipPosition":[-70.9048,332.045,-63.6095],"tipVelocity":[34.8838,330.137,-170.331],"tool":false,"touchDistance":-0.54252,"touchZone":"hovering","type":1,"width":19.133},{"bases":[[[0.99424,0.0235822,-0.104551],[0.0405003,0.820499,0.570211],[0.0992308,-0.571161,0.814818]],[[0.994661,0.0211047,-0.101016],[-0.0645881,0.890755,-0.449871],[0.080486,0.453994,0.887362]],[[0.994661,0.0211047,-0.101016],[-0.101935,0.0482895,-0.993618],[-0.016092,0.99861,0.050183]],[[0.994661,0.0211047,-0.101016],[-0.0787753,-0.477056,-0.875335],[-0.066664,0.878619,-0.472847]]],"btipPosition":[-37.0143,235.995,-28.6383],"carpPosition":[-28.0207,262.645,62.523],"dipPosition":[-38.2535,252.327,-37.4277],"direction":[0.016092,-0.99861,-0.0501829],"extended":false,"handId":368,"id":3682,"length":66.2798,"mcpPosition":[-34.8687,302.061,6.29122],"pipPosition":[-38.7061,280.416,-36.0162],"stabilizedTipPosition":[-39.4663,231.859,-25.0521],"timeVisible":14.4616,"tipPosition":[-37.3853,239.891,-31.4357],"tipVelocity":[62.6971,272.635,-183.19],"tool":false,"touchDistance":-0.434382,"touchZone":"hovering","type":2,"width":18.7912},{"bases":[[[0.992105,-0.122646,-0.0261897],[0.114573,0.801462,0.586968],[-0.0509994,-0.585335,0.809186]],[[0.991169,-0.131936,-0.0133224],[0.104186,0.836949,-0.537273],[0.0820358,0.53114,0.843303]],[[0.991169,-0.131936,-0.0133224],[-0.0223111,-0.0668875,-0.997511],[0.130717,0.988999,-0.0692404]],[[0.991169,-0.131936,-0.0133224],[-0.0848016,-0.553404,-0.828585],[0.101948,0.822397,-0.559705]]],"btipPosition":[-21.9741,234.619,-14.0609],"carpPosition":[-16.0426,264.124,61.1053],"dipPosition":[-20.09,249.818,-24.405],"direction":[-0.130717,-0.988999,0.0692404],"extended":false,"handId":368,"id":3683,"length":63.7298,"mcpPosition":[-12.8826,300.392,10.9676],"pipPosition":[-16.5082,276.918,-26.3023],"stabilizedTipPosition":[-22.4282,233.752,-14.3569],"timeVisible":14.4616,"tipPosition":[-21.4805,238.777,-18.2083],"tipVelocity":[52.1484,250.617,-124.093],"tool":false,"touchDistance":0.333333,"touchZone":"none","type":3,"width":17.881},{"bases":[[[0.946874,-0.320296,-0.028981],[0.262528,0.717746,0.644918],[-0.185763,-0.618264,0.763702]],[[0.887152,-0.44242,0.131246],[0.44931,0.763217,-0.46435],[0.105268,0.470919,0.875873]],[[0.887152,-0.44242,0.131246],[0.117716,-0.0580416,-0.99135],[0.446211,0.894928,0.00058821]],[[0.887152,-0.44242,0.131246],[-0.123643,-0.501884,-0.856052],[0.444605,0.74322,-0.49995]]],"btipPosition":[-12.7355,247.738,-8.23894],"carpPosition":[-3.49515,258.733,57.6859],"dipPosition":[-5.15499,260.41,-16.763],"direction":[-0.446211,-0.894928,-0.00058821],"extended":false,"handId":368,"id":3684,"length":49.963,"mcpPosition":[7.15956,294.195,13.8827],"pipPosition":[3.47772,277.724,-16.7516],"stabilizedTipPosition":[-11.3437,246.575,-8.26069],"timeVisible":14.4616,"tipPosition":[-10.4409,251.272,-11.7783],"tipVelocity":[23.4813,250.166,-120.99],"tool":false,"touchDistance":0.333333,"touchZone":"none","type":4,"width":15.8833}],"r":[[0.79749,0.422547,0.430655],[-0.381878,0.906134,-0.18191],[-0.467097,-0.0193865,0.883994]],"s":1.45129,"t":[-1.6829,49.5794,-71.225],"timestamp":15516087089},false],[3,{"currentFrameRate":110.628,"devices":[],"gestures":[],"hands":[{"armBasis":[[0.947205,0.229931,-0.223459],[-0.114267,0.89326,0.434775],[0.299575,-0.386287,0.872375]],"armWidth":63.029,"confidence":0.843643,"direction":[-0.08406,0.690034,-0.718879],"elbow":[62.0137,148.339,292.824],"grabStrength":0,"id":368,"palmNormal":[0.0925849,-0.712903,-0.695124],"palmPosition":[-29.5696,284.375,18.4388],"palmVelocity":[14.7586,247.661,-226.582],"palmWidth":90.0033,"pinchStrength":0.420296,"r":[[0.795542,0.421334,0.43542],[-0.382338,0.906579,-0.178693],[-0.470032,-0.0243204,0.882314]],"s":1.45578,"sphereCenter":[-36.6712,267.82,-26.2079],"sphereRadius":48.1218,"stabilizedPalmPosition":[-30.4848,275.771,26.181],"t":[-1.69845,51.7176,-73.4645],"timeVisible":14.4707,"type":"right","wrist":[-17.9943,251.506,59.8375]}],"id":1187566,"interactionBox":{"center":[0,200,0],"size":[235.247,235.247,147.751]},"pointables":[{"bases":[[[0.300025,0.822583,0.483054],[-0.807076,-0.0510662,0.588235],[0.50854,-0.566347,0.648566]],[[0.10129,0.96951,0.223138],[-0.794655,-0.0560992,0.604464],[0.598552,-0.238544,0.764743]],[[0.10129,0.96951,0.223138],[-0.98597,0.0679144,0.152484],[0.13268,-0.235453,0.962787]],[[0.10129,0.96951,0.223138],[-0.993072,0.0851034,0.0810233],[0.0595631,-0.229799,0.971414]]],"btipPosition":[-80.1062,263.069,-37.9858],"carpPosition":[-44.6983,238.03,54.7332],"dipPosition":[-78.7273,257.749,-15.4978],"direction":[-0.13268,0.235453,-0.962787],"extended":false,"handId":368,"id":3680,"length":51.5512,"mcpPosition":[-44.6983,238.03,54.7332],"pipPosition":[-74.2526,249.808,16.973],"stabilizedTipPosition":[-83.4717,247.442,-18.5227],"timeVisible":14.4707,"tipPosition":[-79.1197,261.992,-32.9358],"tipVelocity":[22.8876,271.423,-249.967],"tool":false,"touchDistance":-0.616213,"touchZone":"hovering","type":0,"width":20.0304},{"bases":[[[0.963951,0.239073,-0.116797],[-0.128564,0.80281,0.58221],[0.232957,-0.546206,0.804606]],[[0.968336,0.228311,-0.100989],[-0.121905,0.785446,0.606806],[0.217862,-0.575281,0.788408]],[[0.968336,0.228311,-0.100989],[-0.171117,0.901545,0.397411],[0.181779,-0.367547,0.912067]],[[0.968336,0.228311,-0.100989],[-0.203545,0.956248,0.210139],[0.144547,-0.182929,0.972442]]],"btipPosition":[-72.4635,336.194,-69.6973],"carpPosition":[-39.4635,260.119,60.6005],"dipPosition":[-70.0206,333.102,-53.2627],"direction":[-0.181779,0.367547,-0.912067],"extended":true,"handId":368,"id":3681,"length":58.1698,"mcpPosition":[-56.4162,299.867,2.04788],"pipPosition":[-65.6745,324.315,-31.4567],"stabilizedTipPosition":[-71.9841,331.65,-63.112],"timeVisible":14.4707,"tipPosition":[-71.1765,334.479,-66.2328],"tipVelocity":[16.4695,312.511,-203],"tool":false,"touchDistance":-0.555813,"touchZone":"hovering","type":1,"width":19.133},{"bases":[[[0.994261,0.0226947,-0.104548],[0.0413999,0.819484,0.571605],[0.0986479,-0.572653,0.813841]],[[0.994766,0.0196793,-0.100262],[-0.0639268,0.885363,-0.460484],[0.079706,0.464483,0.881988]],[[0.994766,0.0196793,-0.100262],[-0.100808,0.0290743,-0.994481],[-0.0166557,0.999384,0.030906]],[[0.994766,0.0196793,-0.100262],[-0.0775155,-0.493936,-0.866036],[-0.0665659,0.869275,-0.489826]]],"btipPosition":[-37.1035,237.775,-30.2751],"carpPosition":[-28.2013,264.67,59.7047],"dipPosition":[-38.3408,253.933,-39.3801],"direction":[0.0166557,-0.999384,-0.030906],"extended":false,"handId":368,"id":3682,"length":66.2798,"mcpPosition":[-35.0091,304.189,3.54042],"pipPosition":[-38.8093,282.044,-38.5107],"stabilizedTipPosition":[-38.8854,234.551,-27.0973],"timeVisible":14.4707,"tipPosition":[-37.5027,241.785,-33.4],"tipVelocity":[42.6869,250.422,-184.73],"tool":false,"touchDistance":-0.444917,"touchZone":"hovering","type":2,"width":18.7912},{"bases":[[[0.991972,-0.123664,-0.0264358],[0.115453,0.800338,0.588327],[-0.0515976,-0.586656,0.808191]],[[0.991176,-0.131657,-0.015407],[0.102303,0.833692,-0.542672],[0.0842911,0.536307,0.839804]],[[0.991176,-0.131657,-0.015407],[-0.0255375,-0.0756081,-0.996811],[0.130072,0.988408,-0.0783031]],[[0.991176,-0.131657,-0.015407],[-0.0871763,-0.559881,-0.823974],[0.0998557,0.818046,-0.566417]]],"btipPosition":[-22.1595,236.584,-16.2883],"carpPosition":[-16.2217,266.139,58.2892],"dipPosition":[-20.3141,251.702,-26.7565],"direction":[-0.130072,-0.988408,0.0783031],"extended":false,"handId":368,"id":3683,"length":63.7298,"mcpPosition":[-13.0246,302.488,8.21308],"pipPosition":[-16.7499,278.786,-28.9021],"stabilizedTipPosition":[-22.1732,236.073,-15.9533],"timeVisible":14.4707,"tipPosition":[-21.683,240.716,-20.4357],"tipVelocity":[31.8335,240.771,-158.607],"tool":false,"touchDistance":0.333333,"touchZone":"none","type":3,"width":17.881},{"bases":[[[0.946529,-0.32126,-0.0295617],[0.26332,0.716366,0.646129],[-0.186398,-0.619364,0.762656]],[[0.889303,-0.439839,0.125229],[0.441202,0.753112,-0.488019],[0.120338,0.489248,0.863803]],[[0.889303,-0.439839,0.125229],[0.0987098,-0.0827642,-0.991669],[0.446539,0.894255,-0.030186]],[[0.889303,-0.439839,0.125229],[-0.137713,-0.518683,-0.843803],[0.436091,0.73315,-0.521838]]],"btipPosition":[-13.2723,249.352,-9.61398],"carpPosition":[-3.68016,260.74,54.8601],"dipPosition":[-5.837,261.852,-18.5113],"direction":[-0.446539,-0.894255,0.030186],"extended":false,"handId":368,"id":3684,"length":49.963,"mcpPosition":[7.01098,296.265,11.1169],"pipPosition":[2.80205,279.153,-19.0953],"stabilizedTipPosition":[-11.4297,248.799,-9.59857],"timeVisible":14.4707,"tipPosition":[-10.9639,252.938,-13.3701],"tipVelocity":[-0.381245,229.104,-132.125],"tool":false,"touchDistance":0.333333,"touchZone":"none","type":4,"width":15.8833}],"r":[[0.795542,0.421334,0.43542],[-0.382338,0.906579,-0.178693],[-0.470032,-0.0243204,0.882314]],"s":1.45578,"t":[-1.69845,51.7176,-73.4645],"timestamp":15516096144},false],[4,{"currentFrameRate":110.64,"devices":[],"gestures":[],"hands":[{"armBasis":[[0.949423,0.225662,-0.21834],[-0.10955,0.889712,0.443182],[0.294269,-0.396848,0.869435]],"armWidth":63.029,"confidence":0.801657,"direction":[-0.0804508,0.687119,-0.722077],"elbow":[60.4446,148.03,289.844],"grabStrength":0,"id":368,"palmNormal":[0.0895319,-0.716516,-0.691801],"palmPosition":[-29.5464,286.75,16.0878],"palmVelocity":[11.4068,251.986,-235.964],"palmWidth":90.0033,"pinchStrength":0.410616,"r":[[0.794329,0.419992,0.438916],[-0.381835,0.907126,-0.176988],[-0.472486,-0.0270063,0.880924]],"s":1.46077,"sphereCenter":[-37.188,270.202,-28.2556],"sphereRadius":48.0858,"stabilizedPalmPosition":[-30.2829,278.133,24.0097],"t":[-1.69463,53.9743,-75.7596],"timeVisible":14.4797,"type":"right","wrist":[-18.1465,254.017,57.6426]}],"id":1187567,"interactionBox":{"center":[0,200,0],"size":[235.247,235.247,147.751]},"pointables":[{"bases":[[[0.303693,0.823361,0.479424],[-0.807585,-0.0445429,0.588066],[0.505545,-0.565768,0.651407]],[[0.105175,0.970281,0.217929],[-0.794636,-0.0497599,0.605044],[0.597907,-0.23681,0.765786]],[[0.105175,0.970281,0.217929],[-0.985664,0.0726381,0.152286],[0.13193,-0.230821,0.96401]],[[0.105175,0.970281,0.217929],[-0.992703,0.0894389,0.080881],[0.058986,-0.224845,0.972607]]],"btipPosition":[-80.249,265.327,-40.2525],"carpPosition":[-44.9116,240.644,52.587],"dipPosition":[-78.8835,260.122,-17.7368],"direction":[-0.13193,0.230821,-0.96401],"extended":false,"handId":368,"id":3680,"length":51.5512,"mcpPosition":[-44.9116,240.644,52.587],"pipPosition":[-74.4341,252.337,14.7753],"stabilizedTipPosition":[-82.8285,250.477,-21.5328],"timeVisible":14.4797,"tipPosition":[-79.2665,264.299,-35.1942],"tipVelocity":[12.1429,266.439,-250.152],"tool":false,"touchDistance":-0.616829,"touchZone":"hovering","type":0,"width":20.0304},{"bases":[[[0.965128,0.233966,-0.117418],[-0.125032,0.806073,0.578458],[0.229987,-0.543606,0.807217]],[[0.96895,0.224558,-0.103483],[-0.118187,0.788259,0.603887],[0.21718,-0.572906,0.790324]],[[0.96895,0.224558,-0.103483],[-0.166756,0.902516,0.397062],[0.182559,-0.367477,0.911939]],[[0.96895,0.224558,-0.103483],[-0.19905,0.956718,0.212298],[0.146678,-0.185107,0.97171]]],"btipPosition":[-72.3845,338.555,-72.1983],"carpPosition":[-39.575,262.735,58.3555],"dipPosition":[-69.9056,335.427,-55.776],"direction":[-0.182559,0.367477,-0.911939],"extended":true,"handId":368,"id":3681,"length":58.1698,"mcpPosition":[-56.3115,302.294,-0.387134],"pipPosition":[-65.5409,326.641,-33.9731],"stabilizedTipPosition":[-71.9154,334.154,-65.261],"timeVisible":14.4797,"tipPosition":[-71.0705,336.844,-68.7413],"tipVelocity":[14.6008,298.309,-223.532],"tool":false,"touchDistance":-0.566122,"touchZone":"hovering","type":1,"width":19.133},{"bases":[[[0.994406,0.0175046,-0.104162],[0.0450146,0.821892,0.567862],[0.0955503,-0.569374,0.816507]],[[0.994987,0.0139251,-0.0990274],[-0.0598391,0.876312,-0.478012],[0.0801226,0.481542,0.872753]],[[0.994987,0.0139251,-0.0990274],[-0.0990751,0.00277672,-0.995076],[-0.0135816,0.999899,0.00414243]],[[0.994987,0.0139251,-0.0990274],[-0.0776709,-0.516128,-0.852983],[-0.0629887,0.856398,-0.512459]]],"btipPosition":[-37.1522,239.519,-31.1056],"carpPosition":[-28.2909,267.228,57.4444],"dipPosition":[-38.323,255.437,-40.6313],"direction":[0.0135816,-0.999899,-0.00414243],"extended":false,"handId":368,"id":3682,"length":66.2798,"mcpPosition":[-34.885,306.521,1.0961],"pipPosition":[-38.705,283.563,-40.5148],"stabilizedTipPosition":[-38.4697,237.002,-28.8576],"timeVisible":14.4797,"tipPosition":[-37.5571,243.604,-34.5464],"tipVelocity":[29.9284,233.049,-162.202],"tool":false,"touchDistance":0.333333,"touchZone":"none","type":2,"width":18.7912},{"bases":[[[0.991387,-0.128482,-0.0253806],[0.118968,0.802473,0.584708],[-0.0547572,-0.582691,0.810847]],[[0.990729,-0.134848,-0.0165099],[0.102703,0.822965,-0.558731],[0.0889309,0.551856,0.829184]],[[0.990729,-0.134848,-0.0165099],[-0.0301286,-0.0995864,-0.994573],[0.132472,0.985849,-0.102726]],[[0.990729,-0.134848,-0.0165099],[-0.0921919,-0.57807,-0.810762],[0.0997858,0.804768,-0.585142]]],"btipPosition":[-22.3154,238.461,-17.2295],"carpPosition":[-16.3038,268.634,56.028],"dipPosition":[-20.4712,253.335,-28.0437],"direction":[-0.132472,-0.985849,0.102726],"extended":false,"handId":368,"id":3683,"length":63.7298,"mcpPosition":[-12.911,304.738,5.78732],"pipPosition":[-16.8413,280.348,-30.8586],"stabilizedTipPosition":[-22.0692,238.216,-17.3416],"timeVisible":14.4797,"tipPosition":[-21.839,242.565,-21.5586],"tipVelocity":[18.3148,230.1,-146.115],"tool":false,"touchDistance":0.333333,"touchZone":"none","type":3,"width":17.881},{"bases":[[[0.94501,-0.325873,-0.0276227],[0.266409,0.718068,0.642966],[-0.18969,-0.614968,0.765396]],[[0.889293,-0.440389,0.123356],[0.43682,0.738029,-0.514297],[0.13545,0.511244,0.848695]],[[0.889293,-0.440389,0.123356],[0.0817313,-0.112347,-0.990302],[0.449976,0.89075,-0.0639159]],[[0.889293,-0.440389,0.123356],[-0.151681,-0.53847,-0.82888],[0.431453,0.718406,-0.545656]]],"btipPosition":[-13.7057,251.07,-10.4143],"carpPosition":[-3.78639,263.161,52.6299],"dipPosition":[-6.34949,263.319,-19.7177],"direction":[-0.449977,-0.89075,0.0639159],"extended":false,"handId":368,"id":3684,"length":49.963,"mcpPosition":[7.09355,298.433,8.72951],"pipPosition":[2.35607,280.552,-20.9542],"stabilizedTipPosition":[-11.6629,250.831,-10.7785],"timeVisible":14.4797,"tipPosition":[-11.388,254.643,-14.3593],"tipVelocity":[-14.0498,216.723,-123.043],"tool":false,"touchDistance":0.333333,"touchZone":"none","type":4,"width":15.8833}],"r":[[0.794329,0.419992,0.438916],[-0.381835,0.907126,-0.176988],[-0.472486,-0.0270063,0.880924]],"s":1.46077,"t":[-1.69463,53.9743,-75.7596],"timestamp":15516105162},false],[5,{"currentFrameRate":110.635,"devices":[],"gestures":[],"hands":[{"armBasis":[[0.950143,0.222991,-0.217952],[-0.109366,0.892899,0.436773],[0.292005,-0.39116,0.872769]],"armWidth":63.029,"confidence":0.802566,"direction":[-0.076711,0.684377,-0.725081],"elbow":[59.6238,151.546,289.327],"grabStrength":0,"id":368,"palmNormal":[0.0903823,-0.719457,-0.688631],"palmPosition":[-29.5609,288.602,14.5117],"palmVelocity":[7.82065,238.95,-218.928],"palmWidth":90.0033,"pinchStrength":0.404535,"r":[[0.793228,0.418949,0.441895],[-0.380958,0.90757,-0.1766],[-0.475037,-0.0282594,0.879512]],"s":1.46627,"sphereCenter":[-37.6556,272.086,-29.5516],"sphereRadius":48.0754,"stabilizedPalmPosition":[-30.1306,280.341,22.0066],"t":[-1.69993,56.0288,-77.6953],"timeVisible":14.4887,"type":"right","wrist":[-18.3627,256.014,56.2344]}],"id":1187568,"interactionBox":{"center":[0,200,0],"size":[235.247,235.247,147.751]},"pointables":[{"bases":[[[0.303751,0.824674,0.477125],[-0.809601,-0.0405925,0.585575],[0.502276,-0.56415,0.655327]],[[0.105522,0.971289,0.213222],[-0.795974,-0.0460253,0.603579],[0.596063,-0.23341,0.768264]],[[0.105522,0.971289,0.213222],[-0.986006,0.0743672,0.149202],[0.129061,-0.225983,0.965544]],[[0.105522,0.971289,0.213222],[-0.992992,0.0914445,0.0748665],[0.0532189,-0.219628,0.974131]]],"btipPosition":[-80.1536,266.904,-41.9046],"carpPosition":[-45.1376,242.674,51.1442],"dipPosition":[-78.9216,261.82,-19.3537],"direction":[-0.129061,0.225983,-0.965544],"extended":false,"handId":368,"id":3680,"length":51.5512,"mcpPosition":[-45.1376,242.674,51.1442],"pipPosition":[-74.5689,254.199,13.2101],"stabilizedTipPosition":[-82.2983,253.211,-24.2543],"timeVisible":14.4887,"tipPosition":[-79.2218,265.944,-36.8321],"tipVelocity":[10.7659,241.887,-231.272],"tool":false,"touchDistance":-0.60814,"touchZone":"hovering","type":0,"width":20.0304},{"bases":[[[0.965972,0.231588,-0.115172],[-0.125331,0.808629,0.574814],[0.226251,-0.54082,0.810138]],[[0.969133,0.22377,-0.103484],[-0.118255,0.790229,0.601294],[0.216327,-0.570496,0.792298]],[[0.969133,0.22377,-0.103484],[-0.165897,0.902401,0.397681],[0.182373,-0.368238,0.911669]],[[0.969133,0.22377,-0.103484],[-0.197713,0.956169,0.215986],[0.147279,-0.188859,0.970897]]],"btipPosition":[-72.2832,340.373,-73.9883],"carpPosition":[-39.776,264.777,56.8418],"dipPosition":[-69.7941,337.181,-57.5798],"direction":[-0.182373,0.368238,-0.911669],"extended":true,"handId":368,"id":3681,"length":58.1698,"mcpPosition":[-56.2407,304.133,-2.11345],"pipPosition":[-65.4339,328.377,-35.7834],"stabilizedTipPosition":[-71.8364,336.27,-67.1724],"timeVisible":14.4887,"tipPosition":[-70.9376,338.655,-70.5422],"tipVelocity":[13.7333,271.01,-216.541],"tool":false,"touchDistance":-0.564742,"touchZone":"hovering","type":1,"width":19.133},{"bases":[[[0.994776,0.0151247,-0.100953],[0.04478,0.82407,0.564715],[0.0917338,-0.566285,0.819088]],[[0.995407,0.0110741,-0.0950925],[-0.0566132,0.869091,-0.491402],[0.0772022,0.494529,0.865726]],[[0.995407,0.0110741,-0.0950925],[-0.0949001,-0.0167696,-0.995346],[-0.0126173,0.999798,-0.0156417]],[[0.995407,0.0110741,-0.0950925],[-0.0746419,-0.532213,-0.843314],[-0.0599485,0.846538,-0.528942]]],"btipPosition":[-37.0224,240.888,-31.5803],"carpPosition":[-28.4801,269.244,55.9499],"dipPosition":[-38.1367,256.624,-41.4124],"direction":[0.0126173,-0.999798,0.0156417],"extended":false,"handId":368,"id":3682,"length":66.2798,"mcpPosition":[-34.8108,308.324,-0.57653],"pipPosition":[-38.4916,284.746,-41.8524],"stabilizedTipPosition":[-38.1187,239.213,-30.3263],"timeVisible":14.4887,"tipPosition":[-37.4183,244.992,-35.1954],"tipVelocity":[26.0259,209.234,-134.083],"tool":false,"touchDistance":0.333333,"touchZone":"none","type":2,"width":18.7912},{"bases":[[[0.991208,-0.130539,-0.0215988],[0.118639,0.804573,0.581882],[-0.0585805,-0.579328,0.812986]],[[0.99068,-0.135404,-0.014764],[0.10211,0.810041,-0.577414],[0.0901437,0.570525,0.816318]],[[0.99068,-0.135404,-0.014764],[-0.0320973,-0.126738,-0.991417],[0.132371,0.982651,-0.129903]],[[0.99068,-0.135404,-0.014764],[-0.0935359,-0.597518,-0.796382],[0.0990118,0.790341,-0.604614]]],"btipPosition":[-22.2969,239.769,-17.1494],"carpPosition":[-16.4856,270.62,54.5674],"dipPosition":[-20.467,254.375,-28.3235],"direction":[-0.132371,-0.982651,0.129903],"extended":false,"handId":368,"id":3683,"length":63.7298,"mcpPosition":[-12.8559,306.516,4.19419],"pipPosition":[-16.8398,281.301,-31.8831],"stabilizedTipPosition":[-21.9949,240.105,-18.2562],"timeVisible":14.4887,"tipPosition":[-21.8172,243.855,-21.6725],"tipVelocity":[13.7275,204.615,-105.896],"tool":false,"touchDistance":0.333333,"touchZone":"none","type":3,"width":17.881},{"bases":[[[0.944447,-0.327845,-0.0232041],[0.265719,0.720111,0.640963],[-0.193427,-0.611521,0.767221]],[[0.88996,-0.438834,0.124078],[0.431278,0.721458,-0.541755],[0.148223,0.535653,0.831328]],[[0.88996,-0.438834,0.124078],[0.0665526,-0.144187,-0.98731],[0.451156,0.886924,-0.0991153]],[[0.88996,-0.438834,0.124078],[-0.1624,-0.559211,-0.812963],[0.426142,0.703355,-0.568943]]],"btipPosition":[-14.052,252.297,-10.2309],"carpPosition":[-3.96802,265.109,51.2325],"dipPosition":[-6.78635,264.289,-19.9313],"direction":[-0.451156,-0.886924,0.0991153],"extended":false,"handId":368,"id":3684,"length":49.963,"mcpPosition":[7.12625,300.183,7.22749],"pipPosition":[1.94202,281.449,-21.8488],"stabilizedTipPosition":[-11.9648,252.607,-11.4863],"timeVisible":14.4887,"tipPosition":[-11.7189,255.862,-14.3781],"tipVelocity":[-21.3663,192.563,-86.297],"tool":false,"touchDistance":0.333333,"touchZone":"none","type":4,"width":15.8833}],"r":[[0.793228,0.418949,0.441895],[-0.380958,0.90757,-0.1766],[-0.475037,-0.0282594,0.879512]],"s":1.46627,"t":[-1.69993,56.0288,-77.6953],"timestamp":15516114210},false],[6,{"currentFrameRate":110.668,"devices":[],"gestures":[],"hands":[{"armBasis":[[0.952237,0.21941,-0.212377],[-0.107793,0.89225,0.438486],[0.285701,-0.39465,0.873285]],"armWidth":63.029,"confidence":0.806196,"direction":[-0.074297,0.683003,-0.726627],"elbow":[57.8816,152.365,288.178],"grabStrength":0,"id":368,"palmNormal":[0.0896899,-0.721111,-0.686989],"palmPosition":[-29.4954,290.29,13.1424],"palmVelocity":[7.67669,224.978,-200.73],"palmWidth":90.0033,"pinchStrength":0.399638,"r":[[0.792409,0.417954,0.4443],[-0.379816,0.908016,-0.176769],[-0.477313,-0.0286789,0.878265]],"s":1.47203,"sphereCenter":[-38.2006,273.853,-30.6767],"sphereRadius":48.1131,"stabilizedPalmPosition":[-29.9998,282.39,20.1814],"t":[-1.66983,57.8998,-79.3478],"timeVisible":14.4977,"type":"right","wrist":[-18.4213,257.765,54.9483]}],"id":1187569,"interactionBox":{"center":[0,200,0],"size":[235.247,235.247,147.751]},"pointables":[{"bases":[[[0.30494,0.825021,0.475765],[-0.810432,-0.037588,0.584625],[0.500211,-0.563851,0.657161]],[[0.105953,0.972078,0.209375],[-0.7963,-0.0431634,0.603359],[0.59555,-0.230653,0.769493]],[[0.105953,0.972078,0.209375],[-0.98584,0.0751667,0.149896],[0.129973,-0.222292,0.966278]],[[0.105953,0.972078,0.209375],[-0.993293,0.0936636,0.0677914],[0.0462878,-0.215154,0.975483]]],"btipPosition":[-80.0798,268.339,-43.3134],"carpPosition":[-45.2187,244.473,49.8522],"dipPosition":[-79.0082,263.359,-20.7311],"direction":[-0.129973,0.222292,-0.966278],"extended":false,"handId":368,"id":3680,"length":51.5512,"mcpPosition":[-45.2187,244.473,49.8522],"pipPosition":[-74.6248,255.862,11.8575],"stabilizedTipPosition":[-81.8666,255.66,-26.6824],"timeVisible":14.4977,"tipPosition":[-79.2127,267.469,-38.2165],"tipVelocity":[8.94422,220.135,-210.676],"tool":false,"touchDistance":-0.596683,"touchZone":"hovering","type":0,"width":20.0304},{"bases":[[[0.96662,0.22924,-0.114429],[-0.1243,0.810117,0.572939],[0.224042,-0.539591,0.81157]],[[0.9691,0.223103,-0.105214],[-0.11686,0.79089,0.600696],[0.21723,-0.56984,0.792524]],[[0.9691,0.223103,-0.105214],[-0.163936,0.901247,0.401098],[0.18431,-0.371456,0.909973]],[[0.9691,0.223103,-0.105214],[-0.195635,0.954975,0.223048],[0.150239,-0.195572,0.969113]]],"btipPosition":[-72.2973,342.246,-75.3634],"carpPosition":[-39.8162,266.576,55.5098],"dipPosition":[-69.7582,338.941,-58.985],"direction":[-0.18431,0.371456,-0.909973],"extended":true,"handId":368,"id":3681,"length":58.1698,"mcpPosition":[-56.1201,305.844,-3.54964],"pipPosition":[-65.3517,330.06,-37.2291],"stabilizedTipPosition":[-71.7911,338.187,-68.7987],"timeVisible":14.4977,"tipPosition":[-70.9105,340.501,-71.9394],"tipVelocity":[9.89074,253.11,-199.385],"tool":false,"touchDistance":-0.557331,"touchZone":"hovering","type":1,"width":19.133},{"bases":[[[0.994934,0.0127451,-0.0997152],[0.0458575,0.825167,0.563024],[0.0894575,-0.564745,0.820403]],[[0.995608,0.0082971,-0.093251],[-0.0542347,0.863016,-0.502257],[0.0763098,0.505109,0.859675]],[[0.995608,0.0082971,-0.093251],[-0.092927,-0.0333339,-0.995115],[-0.011365,0.99941,-0.0324165]],[[0.995608,0.0082971,-0.093251],[-0.0736404,-0.545635,-0.834781],[-0.0578073,0.837982,-0.542627]]],"btipPosition":[-36.9272,242.22,-31.9833],"carpPosition":[-28.5095,271.017,54.6229],"dipPosition":[-38.0017,257.797,-42.0698],"direction":[0.011365,-0.99941,0.0324165],"extended":false,"handId":368,"id":3682,"length":66.2798,"mcpPosition":[-34.6831,309.991,-1.99425],"pipPosition":[-38.3214,285.908,-42.9816],"stabilizedTipPosition":[-37.8286,241.238,-31.5479],"timeVisible":14.4977,"tipPosition":[-37.318,246.334,-35.7429],"tipVelocity":[22.0797,191.448,-111.428],"tool":false,"touchDistance":0.333333,"touchZone":"none","type":2,"width":18.7912},{"bases":[[[0.990948,-0.132742,-0.0200569],[0.119652,0.805546,0.580327],[-0.0608769,-0.577474,0.814136]],[[0.990568,-0.136171,-0.0152188],[0.099614,0.791962,-0.60239],[0.0940807,0.595193,0.798057]],[[0.990568,-0.136171,-0.0152188],[-0.0372806,-0.16097,-0.986255],[0.131849,0.97752,-0.164528]],[[0.990568,-0.136171,-0.0152188],[-0.097174,-0.619862,-0.778671],[0.0965988,0.772806,-0.627248]]],"btipPosition":[-22.2944,240.772,-16.3611],"carpPosition":[-16.5103,272.364,53.2528],"dipPosition":[-20.5091,255.055,-27.9535],"direction":[-0.131849,-0.97752,0.164528],"extended":false,"handId":368,"id":3683,"length":63.7298,"mcpPosition":[-12.7383,308.145,2.80832],"pipPosition":[-16.8962,281.84,-32.4619],"stabilizedTipPosition":[-21.9486,241.753,-18.5777],"timeVisible":14.4977,"tipPosition":[-21.8146,244.882,-21.1652],"tipVelocity":[9.72913,176.904,-55.757],"tool":false,"touchDistance":0.333333,"touchZone":"none","type":3,"width":17.881},{"bases":[[[0.943759,-0.329948,-0.0213039],[0.266473,0.720889,0.639775],[-0.195735,-0.60947,0.768267]],[[0.88883,-0.440526,0.126171],[0.433101,0.717658,-0.545335],[0.149686,0.539355,0.828668]],[[0.88883,-0.440526,0.126171],[0.0657335,-0.14992,-0.986511],[0.453499,0.885133,-0.104296]],[[0.88883,-0.440526,0.126171],[-0.164049,-0.562993,-0.810016],[0.427867,0.699268,-0.572673]]],"btipPosition":[-14.078,253.864,-11.321],"carpPosition":[-4.00051,266.819,49.9456],"dipPosition":[-6.78296,265.787,-21.085],"direction":[-0.453499,-0.885133,0.104296],"extended":false,"handId":368,"id":3684,"length":49.963,"mcpPosition":[7.22614,301.776,5.88053],"pipPosition":[1.99075,282.911,-23.1028],"stabilizedTipPosition":[-12.1513,254.321,-12.3777],"timeVisible":14.4977,"tipPosition":[-11.7755,257.353,-15.3765],"tipVelocity"