{"sensorType":"Leap","data":[[0,{"currentFrameRate":110.547,"devices":[],"gestures":[],"hands":[{"armBasis":[[0.945694,0.0277265,-0.323874],[0.100764,0.922271,0.37318],[0.309047,-0.385549,0.869392]],"armWidth":63.029,"confidence":0.702586,"direction":[-0.047485,0.710646,-0.701945],"elbow":[50.7518,141.331,290.538],"grabStrength":0.0610694,"id":368,"palmNormal":[-0.129394,-0.701193,-0.701132],"palmPosition":[-42.3434,279.697,18.8022],"palmVelocity":[122.344,283.829,-304.9],"palmWidth":90.0033,"pinchStrength":0.328558,"r":[[0.907673,0.282928,0.30997],[-0.257024,0.958627,-0.122361],[-0.331765,0.0313938,0.942839]],"s":1.48307,"sphereCenter":[-63.0812,269.161,-19.8509],"sphereRadius":46.5848,"stabilizedPalmPosition":[-45.1738,273.16,25.9086],"t":[-15.3208,46.8385,-72.269],"timeVisible":28.0827,"type":"right","wrist":[-31.786,244.3,58.3478]}],"id":1189048,"interactionBox":{"center":[0,200,0],"size":[235.247,235.247,147.751]},"pointables":[{"bases":[[[0.505024,0.742685,0.439739],[-0.720714,0.0825461,0.6883],[0.474891,-0.664534,0.576951]],[[0.240736,0.960896,0.136836],[-0.732283,0.0872837,0.675384],[0.637031,-0.262792,0.72466]],[[0.240736,0.960896,0.136836],[-0.964799,0.221532,0.141723],[0.105868,-0.166137,0.980403]],[[0.240736,0.960896,0.136836],[-0.937616,0.1938,0.288647],[0.250841,-0.197787,0.947607]]],"btipPosition":[-101.769,259.184,-34.0173],"carpPosition":[-60.9374,236.027,56.7656],"dipPosition":[-95.9621,254.605,-12.0804],"direction":[-0.105868,0.166137,-0.980403],"extended":false,"handId":368,"id":3680,"length":51.5512,"mcpPosition":[-60.9374,236.027,56.7656],"pipPosition":[-92.3916,249.002,20.9846],"stabilizedTipPosition":[-106.677,247.046,-17.6698],"timeVisible":28.0827,"tipPosition":[-100.659,257.41,-28.8054],"tipVelocity":[149.466,317.947,-318.182],"tool":false,"touchDistance":-0.528381,"touchZone":"hovering","type":0,"width":20.0304},{"bases":[[[0.968422,0.0626017,-0.241329],[0.0963492,0.798789,0.593846],[0.229947,-0.598345,0.767533]],[[0.963669,0.0744609,-0.25651],[0.0974457,0.796152,0.597199],[0.248689,-0.600498,0.759971]],[[0.963669,0.0744609,-0.25651],[-0.0168671,0.975404,0.219778],[0.266566,-0.207466,0.941223]],[[0.963669,0.0744609,-0.25651],[-0.107194,0.987439,-0.116075],[0.244645,0.139354,0.959546]]],"btipPosition":[-88.8454,328.318,-64.9731],"carpPosition":[-51.0356,256.651,61.8975],"dipPosition":[-84.7108,330.673,-48.7565],"direction":[-0.266566,0.207466,-0.941223],"extended":true,"handId":368,"id":3681,"length":58.1698,"mcpPosition":[-67.7692,300.194,6.04269],"pipPosition":[-78.3376,325.713,-26.2534],"stabilizedTipPosition":[-90.0724,322.208,-55.5921],"timeVisible":28.0827,"tipPosition":[-87.5764,326.723,-61.2585],"tipVelocity":[135.721,378.262,-311.098],"tool":false,"touchDistance":0.180584,"touchZone":"hovering","type":1,"width":19.133},{"bases":[[[0.959875,-0.15591,-0.23309],[0.26371,0.784543,0.561204],[0.0953721,-0.600154,0.794178]],[[0.958956,-0.150371,-0.240401],[-0.0129746,0.82365,-0.56695],[0.283259,0.546799,0.787893]],[[0.958956,-0.150371,-0.240401],[-0.283297,-0.471798,-0.834955],[0.0121323,0.868789,-0.495033]],[[0.958956,-0.150371,-0.240401],[-0.223141,-0.923313,-0.312572],[-0.174964,0.353386,-0.91897]]],"btipPosition":[-56.515,243.44,-1.82351],"carpPosition":[-39.3391,259.099,59.5425],"dipPosition":[-59.7673,250.009,-18.9055],"direction":[-0.0121323,-0.868789,0.495033],"extended":false,"handId":368,"id":3682,"length":66.2798,"mcpPosition":[-45.9208,300.517,4.73509],"pipPosition":[-59.426,274.447,-32.8298],"stabilizedTipPosition":[-61.6044,236.089,4.00873],"timeVisible":28.0827,"tipPosition":[-57.0102,244.95,-4.77198],"tipVelocity":[122.659,279.244,-315.273],"tool":false,"touchDistance":0.333333,"touchZone":"none","type":2,"width":18.7912},{"bases":[[[0.940819,-0.301224,-0.155318],[0.334521,0.751867,0.568147],[-0.0543608,-0.586481,0.808137]],[[0.940208,-0.30726,-0.146971],[0.148726,0.758554,-0.63441],[0.306414,0.574619,0.758896]],[[0.940208,-0.30726,-0.146971],[-0.292035,-0.505166,-0.81211],[0.175284,0.806473,-0.564692]],[[0.940208,-0.30726,-0.146971],[-0.337221,-0.900392,-0.274911],[-0.047862,0.308036,-0.95017]]],"btipPosition":[-41.6668,241.552,6.00092],"carpPosition":[-27.5746,258.4,56.5792],"dipPosition":[-42.5514,247.244,-11.5596],"direction":[-0.175284,-0.806473,0.564692],"extended":false,"handId":368,"id":3683,"length":63.7298,"mcpPosition":[-24.2063,294.738,6.50648],"pipPosition":[-37.7483,269.343,-27.033],"stabilizedTipPosition":[-44.9257,236.079,9.20922],"timeVisible":28.0827,"tipPosition":[-41.6321,243.039,2.46243],"tipVelocity":[120.946,273.938,-292.755],"tool":false,"touchDistance":0.333333,"touchZone":"none","type":3,"width":17.881},{"bases":[[[0.859912,-0.48714,-0.152466],[0.470655,0.641075,0.606223],[-0.197573,-0.593057,0.780543]],[[0.819849,-0.571687,-0.0319541],[0.429483,0.650905,-0.625992],[0.378671,0.499495,0.779174]],[[0.819849,-0.571687,-0.0319541],[-0.335567,-0.434514,-0.835818],[0.463942,0.695967,-0.548076]],[[0.819849,-0.571687,-0.0319541],[-0.551153,-0.772815,-0.314622],[0.155171,0.275554,-0.948679]]],"btipPosition":[-30.3124,249.277,6.3047],"carpPosition":[-16.7788,250.895,51.5477],"dipPosition":[-27.6667,253.976,-9.87017],"direction":[-0.463942,-0.695967,0.548076],"extended":false,"handId":368,"id":3684,"length":49.963,"mcpPosition":[-5.44668,284.91,6.77859],"pipPosition":[-18.691,267.44,-20.4736],"stabilizedTipPosition":[-32.1137,244.724,8.7982],"timeVisible":28.0827,"tipPosition":[-29.5925,250.418,3.00626],"tipVelocity":[123.768,276.701,-295.152],"tool":false,"touchDistance":0.333333,"touchZone":"none","type":4,"width":15.8833}],"r":[[0.907673,0.282928,0.30997],[-0.257024,0.958627,-0.122361],[-0.331765,0.0313938,0.942839]],"s":1.48307,"t":[-15.3208,46.8385,-72.269],"timestamp":15529708187},false],[1,{"currentFrameRate":110.527,"devices":[],"gestures":[],"hands":[{"armBasis":[[0.946629,0.0302133,-0.320906],[0.0989823,0.920242,0.378625],[0.306751,-0.390182,0.868137]],"armWidth":63.029,"confidence":0.724015,"direction":[-0.0486964,0.70609,-0.706446],"elbow":[51.1461,142.222,287.923],"grabStrength":0.0362304,"id":368,"palmNormal":[-0.12674,-0.705936,-0.696844],"palmPosition":[-41.3913,281.547,16.2901],"palmVelocity":[117.495,261.653,-297.061],"palmWidth":90.0033,"pinchStrength":0.331204,"r":[[0.906431,0.284195,0.312437],[-0.257359,0.958204,-0.124949],[-0.334888,0.0328496,0.941685]],"s":1.48667,"sphereCenter":[-62.4633,270.928,-22.153],"sphereRadius":46.6919,"stabilizedPalmPosition":[-44.2199,275.275,23.4829],"t":[-14.4282,48.933,-75.0608],"timeVisible":28.0918,"type":"right","wrist":[-30.7784,246.429,56.0682]}],"id":1189049,"interactionBox":{"center":[0,200,0],"size":[235.247,235.247,147.751]},"pointables":[{"bases":[[[0.502529,0.746816,0.435582],[-0.721657,0.0848905,0.687026],[0.476105,-0.659591,0.581605]],[[0.244537,0.95973,0.138277],[-0.731494,0.0889833,0.676016],[0.636489,-0.26646,0.723797]],[[0.244537,0.95973,0.138277],[-0.964141,0.225499,0.139935],[0.103119,-0.167538,0.980458]],[[0.244537,0.95973,0.138277],[-0.938638,0.198526,0.28204],[0.243231,-0.198761,0.949385]]],"btipPosition":[-100.441,261.474,-36.2752],"carpPosition":[-59.9053,238.065,54.5081],"dipPosition":[-94.8106,256.872,-14.2971],"direction":[-0.103119,0.167538,-0.980458],"extended":false,"handId":368,"id":3680,"length":51.5512,"mcpPosition":[-59.9053,238.065,54.5081],"pipPosition":[-91.3328,251.222,18.7697],"stabilizedTipPosition":[-105.049,249.936,-20.5988],"timeVisible":28.0918,"tipPosition":[-99.4046,259.499,-31.1267],"tipVelocity":[147.321,299.558,-298.634],"tool":false,"touchDistance":-0.537603,"touchZone":"hovering","type":0,"width":20.0304},{"bases":[[[0.968499,0.0637417,-0.240722],[0.0935409,0.802766,0.588912],[0.230781,-0.592878,0.771515]],[[0.96324,0.0766464,-0.257477],[0.0960655,0.796786,0.596577],[0.25088,-0.599381,0.760133]],[[0.96324,0.0766464,-0.257477],[-0.0150487,0.972325,0.233146],[0.268221,-0.2207,0.937736]],[[0.96324,0.0766464,-0.257477],[-0.103256,0.990442,-0.0914506],[0.248007,0.114675,0.961947]]],"btipPosition":[-88.1254,330.704,-67.604],"carpPosition":[-50.0654,258.749,59.5204],"dipPosition":[-83.934,332.642,-51.3468],"direction":[-0.268221,0.2207,-0.937736],"extended":true,"handId":368,"id":3681,"length":58.1698,"mcpPosition":[-66.8598,301.894,3.37586],"pipPosition":[-77.5213,327.365,-28.9271],"stabilizedTipPosition":[-89.1268,325.113,-58.2795],"timeVisible":28.0918,"tipPosition":[-86.8295,329.004,-63.9227],"tipVelocity":[120.496,343.348,-304.88],"tool":false,"touchDistance":0.156266,"touchZone":"hovering","type":1,"width":19.133},{"bases":[[[0.960542,-0.154736,-0.231119],[0.260975,0.788774,0.556533],[0.0961843,-0.594889,0.798032]],[[0.959645,-0.149419,-0.238234],[-0.0140603,0.820608,-0.571318],[0.280863,0.551613,0.785391]],[[0.959645,-0.149419,-0.238234],[-0.280993,-0.47586,-0.833427],[0.0111639,0.866736,-0.498642]],[[0.959645,-0.149419,-0.238234],[-0.220782,-0.925021,-0.309178],[-0.174174,0.349299,-0.920681]]],"btipPosition":[-55.4783,245.096,-4.2173],"carpPosition":[-38.3732,261.214,57.1621],"dipPosition":[-58.7159,251.589,-21.3311],"direction":[-0.0111639,-0.866736,0.498642],"extended":false,"handId":368,"id":3682,"length":66.2798,"mcpPosition":[-45.011,302.268,2.08872],"pipPosition":[-58.4019,275.969,-35.3569],"stabilizedTipPosition":[-60.4909,238.262,1.49233],"timeVisible":28.0918,"tipPosition":[-55.9699,246.603,-7.18254],"tipVelocity":[120.402,251.879,-301.181],"tool":false,"touchDistance":0.333333,"touchZone":"none","type":2,"width":18.7912},{"bases":[[[0.941802,-0.299611,-0.152454],[0.331867,0.756337,0.563754],[-0.0535999,-0.581539,0.811751]],[[0.941146,-0.306073,-0.143397],[0.145577,0.749952,-0.645274],[0.305043,0.586422,0.750372]],[[0.941146,-0.306073,-0.143397],[-0.290582,-0.515987,-0.805804],[0.172644,0.800048,-0.574558]],[[0.941146,-0.306073,-0.143397],[-0.334627,-0.903529,-0.267695],[-0.0476294,0.299925,-0.952773]]],"btipPosition":[-40.6145,243.178,4.10835],"carpPosition":[-26.6037,260.528,54.2154],"dipPosition":[-41.4948,248.721,-13.5002],"direction":[-0.172644,-0.800048,0.574558],"extended":false,"handId":368,"id":3683,"length":63.7298,"mcpPosition":[-23.2826,296.561,3.91872],"pipPosition":[-36.764,270.644,-29.244],"stabilizedTipPosition":[-43.9178,238.133,6.96458],"timeVisible":28.0918,"tipPosition":[-40.5953,244.678,0.377938],"tipVelocity":[119.568,246.638,-269.738],"tool":false,"touchDistance":0.333333,"touchZone":"none","type":3,"width":17.881},{"bases":[[[0.861402,-0.485726,-0.148517],[0.468264,0.64616,0.602665],[-0.196765,-0.588682,0.784052]],[[0.821493,-0.569548,-0.0276373],[0.428164,0.648125,-0.629769],[0.376596,0.505518,0.77629]],[[0.821493,-0.569548,-0.0276373],[-0.333524,-0.440619,-0.833437],[0.462505,0.69388,-0.551924]],[[0.821493,-0.569548,-0.0276373],[-0.548632,-0.776256,-0.310529],[0.155408,0.27026,-0.950162]]],"btipPosition":[-29.2658,251.073,3.9986],"carpPosition":[-15.7822,253.021,49.2423],"dipPosition":[-26.6161,255.681,-12.2016],"direction":[-0.462505,-0.69388,0.551924],"extended":false,"handId":368,"id":3684,"length":49.963,"mcpPosition":[-4.49645,286.786,4.27189],"pipPosition":[-17.6682,269.105,-22.8795],"stabilizedTipPosition":[-31.1804,246.724,6.49677],"timeVisible":28.0918,"tipPosition":[-28.5464,252.199,0.68738],"tipVelocity":[121.431,254.207,-283.912],"tool":false,"touchDistance":0.333333,"touchZone":"none","type":4,"width":15.8833}],"r":[[0.906431,0.284195,0.312437],[-0.257359,0.958204,-0.124949],[-0.334888,0.0328496,0.941685]],"s":1.48667,"t":[-14.4282,48.933,-75.0608],"timestamp":15529717270},false],[2,{"currentFrameRate":110.542,"devices":[],"gestures":[],"hands":[{"armBasis":[[0.949517,0.0489473,-0.309874],[0.0788522,0.918806,0.386752],[0.303645,-0.391662,0.868562]],"armWidth":63.029,"confidence":0.745081,"direction":[-0.052467,0.71114,-0.70109],"elbow":[51.0476,143.441,286.946],"grabStrength":0.0127108,"id":368,"palmNormal":[-0.106605,-0.702034,-0.70412],"palmPosition":[-40.7922,283.313,15.3695],"palmVelocity":[103.447,243.548,-243.425],"palmWidth":90.0033,"pinchStrength":0.33393,"r":[[0.903717,0.28775,0.317009],[-0.260566,0.957194,-0.126036],[-0.339706,0.0312993,0.940011]],"s":1.48968,"sphereCenter":[-61.5194,272.835,-23.3263],"sphereRadius":46.7625,"stabilizedPalmPosition":[-43.3936,277.213,21.5269],"t":[-13.6824,50.8634,-76.917],"timeVisible":28.1008,"type":"right","wrist":[-30.0475,248.043,54.9773]}],"id":1189050,"interactionBox":{"center":[0,200,0],"size":[235.247,235.247,147.751]},"pointables":[{"bases":[[[0.484659,0.751475,0.44765],[-0.730942,0.066845,0.679158],[0.480447,-0.656367,0.581681]],[[0.230742,0.960787,0.153772],[-0.739674,0.0705267,0.669259],[0.632171,-0.268167,0.726943]],[[0.230742,0.960787,0.153772],[-0.968647,0.211863,0.129754],[0.0920872,-0.17889,0.97955]],[[0.230742,0.960787,0.153772],[-0.946273,0.184785,0.265371],[0.22655,-0.206742,0.951805]]],"btipPosition":[-98.5725,263.262,-37.9593],"carpPosition":[-59.008,239.202,53.0048],"dipPosition":[-93.3279,258.476,-15.9252],"direction":[-0.0920872,0.17889,-0.97955],"extended":false,"handId":368,"id":3680,"length":51.5512,"mcpPosition":[-59.008,239.202,53.0048],"pipPosition":[-90.2222,252.443,17.111],"stabilizedTipPosition":[-103.403,252.556,-23.2332],"timeVisible":28.1008,"tipPosition":[-97.6648,261.163,-32.8471],"tipVelocity":[161.084,270.41,-267.457],"tool":false,"touchDistance":-0.537243,"touchZone":"hovering","type":0,"width":20.0304},{"bases":[[[0.970011,0.0821415,-0.22876],[0.0730231,0.799201,0.596611],[0.231832,-0.595424,0.769236]],[[0.964434,0.0957882,-0.246358],[0.0770162,0.789754,0.60857],[0.252856,-0.605899,0.754288]],[[0.964434,0.0957882,-0.246358],[-0.0295343,0.965242,0.259683],[0.26267,-0.243171,0.933741]],[[0.964434,0.0957882,-0.246358],[-0.112514,0.992143,-0.0547033],[0.239183,0.0804765,0.967634]]],"btipPosition":[-87.5186,333.538,-68.4067],"carpPosition":[-49.58,260.005,58.3041],"dipPosition":[-83.4764,334.898,-52.0534],"direction":[-0.26267,0.243171,-0.933741],"extended":true,"handId":368,"id":3681,"length":58.1698,"mcpPosition":[-66.4509,303.336,2.3254],"pipPosition":[-77.1964,329.084,-29.7292],"stabilizedTipPosition":[-88.3083,327.931,-60.3325],"timeVisible":28.1008,"tipPosition":[-86.2306,331.699,-64.769],"tipVelocity":[104.812,331.285,-244.822],"tool":false,"touchDistance":0.171117,"touchZone":"hovering","type":1,"width":19.133},{"bases":[[[0.965658,-0.136514,-0.221064],[0.241036,0.788316,0.566091],[0.0969889,-0.599935,0.794148]],[[0.96477,-0.13125,-0.228016],[-0.0213309,0.824801,-0.565021],[0.262227,0.549979,0.792944]],[[0.96477,-0.13125,-0.228016],[-0.263082,-0.4733,-0.840699],[0.00242109,0.871068,-0.491156]],[[0.96477,-0.13125,-0.228016],[-0.20157,-0.925722,-0.320013],[-0.169078,0.354701,-0.919565]]],"btipPosition":[-54.0257,246.774,-5.59855],"carpPosition":[-37.9048,262.688,56.1042],"dipPosition":[-57.1686,253.367,-22.6916],"direction":[-0.00242109,-0.871068,0.491156],"extended":false,"handId":368,"id":3682,"length":66.2798,"mcpPosition":[-44.5981,304.09,1.29887],"pipPosition":[-57.1005,277.868,-36.5069],"stabilizedTipPosition":[-59.349,240.256,-0.699516],"timeVisible":28.1008,"tipPosition":[-54.5105,248.31,-8.58233],"tipVelocity":[132.251,234.462,-260.316],"tool":false,"touchDistance":0.333333,"touchZone":"none","type":2,"width":18.7912},{"bases":[[[0.948469,-0.282347,-0.14383],[0.312381,0.757022,0.573878],[-0.0531501,-0.589235,0.806212]],[[0.947766,-0.289372,-0.13418],[0.143904,0.763341,-0.629764],[0.284661,0.57756,0.76511]],[[0.947766,-0.289372,-0.13418],[-0.26998,-0.503756,-0.820573],[0.169856,0.813937,-0.555567]],[[0.947766,-0.289372,-0.13418],[-0.316732,-0.903519,-0.288677],[-0.0376996,0.316097,-0.947977]]],"btipPosition":[-39.3368,245.065,2.26654],"carpPosition":[-26.0918,262.226,53.2907],"dipPosition":[-40.0336,250.907,-15.2534],"direction":[-0.169856,-0.813937,0.555567],"extended":false,"handId":368,"id":3683,"length":63.7298,"mcpPosition":[-22.7986,298.735,3.33727],"pipPosition":[-35.3792,273.21,-30.4768],"stabilizedTipPosition":[-42.8814,240.073,4.91833],"timeVisible":28.1008,"tipPosition":[-39.2651,246.61,-1.2583],"tipVelocity":[126.933,238.438,-251.093],"tool":false,"touchDistance":0.333333,"touchZone":"none","type":3,"width":17.881},{"bases":[[[0.871203,-0.469821,-0.142384],[0.450168,0.64884,0.613478],[-0.195841,-0.598561,0.77677]],[[0.831383,-0.55523,-0.0228325],[0.424145,0.660575,-0.619469],[0.359031,0.505332,0.784689]],[[0.831383,-0.55523,-0.0228325],[-0.316309,-0.439049,-0.840943],[0.456892,0.706368,-0.540643]],[[0.831383,-0.55523,-0.0228325],[-0.53162,-0.782722,-0.323615],[0.161809,0.281186,-0.945913]]],"btipPosition":[-28.0099,253.143,2.97289],"carpPosition":[-15.0871,254.946,48.3833],"dipPosition":[-25.2511,257.937,-13.1548],"direction":[-0.456892,-0.706368,0.540643],"extended":false,"handId":368,"id":3684,"length":49.963,"mcpPosition":[-3.85437,289.277,3.83061],"pipPosition":[-16.4117,271.603,-23.6145],"stabilizedTipPosition":[-30.1842,248.693,4.60308],"timeVisible":28.1008,"tipPosition":[-27.2722,254.312,-0.327649],"tipVelocity":[127.098,248.705,-236.59],"tool":false,"touchDistance":0.333333,"touchZone":"none","type":4,"width":15.8833}],"r":[[0.903717,0.28775,0.317009],[-0.260566,0.957194,-0.126036],[-0.339706,0.0312993,0.940011]],"s":1.48968,"t":[-13.6824,50.8634,-76.917],"timestamp":15529726289},false],[3,{"currentFrameRate":110.469,"devices":[],"gestures":[],"hands":[{"armBasis":[[0.951469,0.0588243,-0.30207],[0.0680163,0.917092,0.392831],[0.300134,-0.394313,0.868583]],"armWidth":63.029,"confidence":0.765151,"direction":[-0.0545127,0.713408,-0.698626],"elbow":[50.7958,143.787,286.376],"grabStrength":0,"id":368,"palmNormal":[-0.0955337,-0.700182,-0.707543],"palmPosition":[-40.176,284.424,14.8627],"palmVelocity":[93.3034,209.317,-190.863],"palmWidth":90.0033,"pinchStrength":0.336935,"r":[[0.900563,0.292,0.322059],[-0.26473,0.955988,-0.126507],[-0.344824,0.0286694,0.938229]],"s":1.49256,"sphereCenter":[-60.9881,274.156,-23.8653],"sphereRadius":46.8716,"stabilizedPalmPosition":[-42.6132,278.962,19.9108],"t":[-13.0014,52.3839,-78.0984],"timeVisible":28.11,"type":"right","wrist":[-29.3617,249.097,54.4012]}],"id":1189051,"interactionBox":{"center":[0,200,0],"size":[235.247,235.247,147.751]},"pointables":[{"bases":[[[0.474766,0.754135,0.453737],[-0.735912,0.0573863,0.67464],[0.482731,-0.654208,0.582222]],[[0.222973,0.961362,0.161449],[-0.744055,0.0608364,0.665343],[0.629813,-0.26848,0.728871]],[[0.222973,0.961362,0.161449],[-0.971068,0.204521,0.123279],[0.0854962,-0.184266,0.979151]],[[0.222973,0.961362,0.161449],[-0.951053,0.178181,0.252486],[0.213963,-0.209844,0.954036]]],"btipPosition":[-97.1601,264.325,-38.892],"carpPosition":[-58.2256,239.997,52.2055],"dipPosition":[-92.2068,259.468,-16.8062],"direction":[-0.0854962,0.184266,-0.979151],"extended":false,"handId":368,"id":3680,"length":51.5512,"mcpPosition":[-58.2256,239.997,52.2055],"pipPosition":[-89.3234,253.253,16.2165],"stabilizedTipPosition":[-101.773,254.907,-25.5683],"timeVisible":28.11,"tipPosition":[-96.3604,262.202,-33.7865],"tipVelocity":[157.025,226.739,-220.777],"tool":false,"touchDistance":-0.525665,"touchZone":"hovering","type":0,"width":20.0304},{"bases":[[[0.970669,0.0920103,-0.222114],[0.0617495,0.797463,0.6002],[0.232353,-0.596312,0.768391]],[[0.964703,0.106552,-0.240821],[0.067457,0.783987,0.617101],[0.254554,-0.611565,0.749127]],[[0.964703,0.106552,-0.240821],[-0.0351014,0.958355,0.283414],[0.260991,-0.264957,0.928268]],[[0.964703,0.106552,-0.240821],[-0.114573,0.993223,-0.0195118],[0.23711,0.0464147,0.970373]]],"btipPosition":[-86.9988,335.8,-68.6979],"carpPosition":[-49.0253,260.865,57.6475],"dipPosition":[-82.9916,336.584,-52.2983],"direction":[-0.260991,0.264957,-0.928268],"extended":true,"handId":368,"id":3681,"length":58.1698,"mcpPosition":[-65.934,304.26,1.73033],"pipPosition":[-76.7517,330.249,-30.1049],"stabilizedTipPosition":[-87.5517,330.66,-61.8903],"timeVisible":28.11,"tipPosition":[-85.7026,333.807,-65.1157],"tipVelocity":[91.109,303.538,-184.988],"tool":false,"touchDistance":0.192697,"touchZone":"hovering","type":1,"width":19.133},{"bases":[[[0.968293,-0.126705,-0.215303],[0.23005,0.788252,0.570733],[0.0973987,-0.602167,0.792407]],[[0.967418,-0.121515,-0.222118],[-0.0252826,0.826547,-0.5623],[0.251919,0.549595,0.796544]],[[0.967418,-0.121515,-0.222118],[-0.253174,-0.472224,-0.844338],[-0.0022895,0.873063,-0.487602]],[[0.967418,-0.121515,-0.222118],[-0.191054,-0.926035,-0.325512],[-0.166134,0.357343,-0.919079]]],"btipPosition":[-52.9414,247.817,-6.32898],"carpPosition":[-37.3614,263.664,55.5342],"dipPosition":[-56.0295,254.46,-23.413],"direction":[0.0022895,-0.873063,0.487602],"extended":false,"handId":368,"id":3682,"length":66.2798,"mcpPosition":[-44.083,305.22,0.849093],"pipPosition":[-56.0939,279.017,-37.1283],"stabilizedTipPosition":[-58.2017,242.086,-2.62442],"timeVisible":28.11,"tipPosition":[-53.4233,249.374,-9.33457],"tipVelocity":[128.684,201.071,-209.776],"tool":false,"touchDistance":0.333333,"touchZone":"none","type":2,"width":18.7912},{"bases":[[[0.951956,-0.272996,-0.138755],[0.30163,0.757588,0.578861],[-0.052908,-0.592903,0.803534]],[[0.951204,-0.280532,-0.1285],[0.143115,0.770048,-0.621727],[0.273366,0.572999,0.772621]],[[0.951204,-0.280532,-0.1285],[-0.258527,-0.49722,-0.828213],[0.168447,0.82102,-0.545483]],[[0.951204,-0.280532,-0.1285],[-0.306899,-0.903315,-0.299723],[-0.0319943,0.324535,-0.945333]]],"btipPosition":[-38.3544,246.24,1.28055],"carpPosition":[-25.5267,263.323,52.796],"dipPosition":[-38.9457,252.238,-16.1905],"direction":[-0.168447,-0.82102,0.545483],"extended":false,"handId":368,"id":3683,"length":63.7298,"mcpPosition":[-22.2485,300.059,3.00844],"pipPosition":[-34.3299,274.736,-31.1376],"stabilizedTipPosition":[-41.8548,241.838,3.12838],"timeVisible":28.11,"tipPosition":[-38.2597,247.8,-2.15702],"tipVelocity":[122.108,208.699,-210.623],"tool":false,"touchDistance":0.333333,"touchZone":"none","type":3,"width":17.881},{"bases":[[[0.876423,-0.461181,-0.138547],[0.440155,0.650526,0.618934],[-0.195313,-0.60343,0.773127]],[[0.836701,-0.547302,-0.0197821],[0.422649,0.668263,-0.612203],[0.34828,0.50387,0.790453]],[[0.836701,-0.547302,-0.0197821],[-0.305256,-0.436069,-0.846559],[0.454697,0.714356,-0.531927]],[[0.836701,-0.547302,-0.0197821],[-0.521661,-0.785465,-0.333039],[0.166735,0.288974,-0.942705]]],"btipPosition":[-27.0421,254.404,2.30543],"carpPosition":[-14.4235,256.164,47.9319],"dipPosition":[-24.1993,259.331,-13.7676],"direction":[-0.454697,-0.714356,0.531927],"extended":false,"handId":368,"id":3684,"length":49.963,"mcpPosition":[-3.22103,290.775,3.58809],"pipPosition":[-15.4024,273.151,-24.0586],"stabilizedTipPosition":[-29.1712,250.52,3.00334],"timeVisible":28.11,"tipPosition":[-26.2918,255.604,-0.955751],"tipVelocity":[121.632,218.547,-190.441],"tool":false,"touchDistance":0.333333,"touchZone":"none","type":4,"width":15.8833}],"r":[[0.900563,0.292,0.322059],[-0.26473,0.955988,-0.126507],[-0.344824,0.0286694,0.938229]],"s":1.49256,"t":[-13.0014,52.3839,-78.0984],"timestamp":15529735470},false],[4,{"currentFrameRate":110.533,"devices":[],"gestures":[],"hands":[{"armBasis":[[0.953072,0.068907,-0.294799],[0.0575826,0.914717,0.39997],[0.297218,-0.398176,0.867823]],"armWidth":63.029,"confidence":0.781959,"direction":[-0.0565178,0.716807,-0.694978],"elbow":[50.6956,143.81,285.479],"grabStrength":0,"id":368,"palmNormal":[-0.0849243,-0.697019,-0.712006],"palmPosition":[-39.5656,285.603,14.2988],"palmVelocity":[86.4835,188.215,-155.999],"palmWidth":90.0033,"pinchStrength":0.345653,"r":[[0.897073,0.296614,0.327535],[-0.269592,0.954673,-0.126171],[-0.350113,0.0248833,0.936377]],"s":1.49543,"sphereCenter":[-60.5984,275.655,-24.4533],"sphereRadius":47.0188,"stabilizedPalmPosition":[-41.8793,280.561,18.5593],"t":[-12.3557,53.7339,-78.9711],"timeVisible":28.1189,"type":"right","wrist":[-28.6831,250.152,53.7071]}],"id":1189052,"interactionBox":{"center":[0,200,0],"size":[235.247,235.247,147.751]},"pointables":[{"bases":[[[0.465228,0.755748,0.460877],[-0.740559,0.0470859,0.670339],[0.484907,-0.653168,0.581582]],[[0.214217,0.962041,0.169081],[-0.748104,0.0502889,0.661673],[0.628054,-0.268231,0.730479]],[[0.214217,0.962041,0.169081],[-0.973503,0.196092,0.117644],[0.0800232,-0.189802,0.978556]],[[0.214217,0.962041,0.169081],[-0.955046,0.16997,0.242894],[0.204935,-0.213512,0.955204]]],"btipPosition":[-95.9049,265.397,-39.9031],"carpPosition":[-57.4509,240.809,51.2807],"dipPosition":[-91.1607,260.455,-17.7903],"direction":[-0.0800232,0.189802,-0.978556],"extended":false,"handId":368,"id":3680,"length":51.5512,"mcpPosition":[-57.4509,240.809,51.2807],"pipPosition":[-88.4619,254.053,15.2124],"stabilizedTipPosition":[-100.241,256.967,-27.6052],"timeVisible":28.1189,"tipPosition":[-95.1634,263.276,-34.8072],"tipVelocity":[151.04,197.004,-191.22],"tool":false,"touchDistance":-0.516505,"touchZone":"hovering","type":0,"width":20.0304},{"bases":[[[0.971172,0.10184,-0.215533],[0.0509431,0.794597,0.604996],[0.232875,-0.598535,0.766502]],[[0.964746,0.117467,-0.235515],[0.0585015,0.776767,0.627065],[0.2566,-0.618736,0.742511]],[[0.964746,0.117467,-0.235515],[-0.0401339,0.950066,0.309458],[0.260106,-0.289096,0.921286]],[[0.964746,0.117467,-0.235515],[-0.116301,0.993034,0.0188849],[0.236093,0.00917156,0.971687]]],"btipPosition":[-86.5303,338.335,-68.8861],"carpPosition":[-48.4703,261.727,56.896],"dipPosition":[-82.5403,338.49,-52.4643],"direction":[-0.260106,0.289096,-0.921286],"extended":true,"handId":368,"id":3681,"length":58.1698,"mcpPosition":[-65.417,305.284,1.11625],"pipPosition":[-76.3216,331.578,-30.4379],"stabilizedTipPosition":[-86.8637,333.396,-63.0323],"timeVisible":28.1189,"tipPosition":[-85.2168,336.173,-65.3716],"tipVelocity":[80.4323,293.717,-140.098],"tool":false,"touchDistance":0.214129,"touchZone":"hovering","type":1,"width":19.133},{"bases":[[[0.970695,-0.116922,-0.209952],[0.219498,0.787041,0.57653],[0.0978321,-0.605719,0.789642]],[[0.969876,-0.112041,-0.216303],[-0.027131,0.832741,-0.552998],[0.242083,0.542208,0.804616]],[[0.969876,-0.112041,-0.216303],[-0.243558,-0.462207,-0.852669],[-0.00444253,0.879666,-0.475572]],[[0.969876,-0.112041,-0.216303],[-0.182146,-0.923153,-0.338543],[-0.16175,0.367744,-0.915752]]],"btipPosition":[-51.9807,249.013,-7.58629],"carpPosition":[-36.8188,264.641,54.8712],"dipPosition":[-54.9873,255.848,-24.6085],"direction":[0.00444253,-0.879666,0.475572],"extended":false,"handId":368,"id":3682,"length":66.2798,"mcpPosition":[-43.5703,306.443,0.376858],"pipPosition":[-55.1123,280.592,-37.9854],"stabilizedTipPosition":[-57.1114,243.762,-4.37479],"timeVisible":28.1189,"tipPosition":[-52.4323,250.601,-10.5134],"tipVelocity":[123.482,184.068,-190.496],"tool":false,"touchDistance":0.333333,"touchZone":"none","type":2,"width":18.7912},{"bases":[[[0.955185,-0.26378,-0.134321],[0.291296,0.756967,0.584934],[-0.052617,-0.597848,0.799881]],[[0.954415,-0.271574,-0.123851],[0.140499,0.774847,-0.616338],[0.263347,0.570841,0.777682]],[[0.954415,-0.271574,-0.123851],[-0.248715,-0.494181,-0.833022],[0.165023,0.825853,-0.539198]],[[0.954415,-0.271574,-0.123851],[-0.297124,-0.903957,-0.307537],[-0.0284369,0.330317,-0.943442]]],"btipPosition":[-37.3396,247.5,0.485123],"carpPosition":[-24.9648,264.42,52.205],"dipPosition":[-37.8652,253.605,-16.951],"direction":[-0.165023,-0.825853,0.539198],"extended":false,"handId":368,"id":3683,"length":63.7298,"mcpPosition":[-21.7046,301.463,2.64382],"pipPosition":[-33.3433,276.235,-31.7259],"stabilizedTipPosition":[-40.841,243.468,1.59332],"timeVisible":28.1189,"tipPosition":[-37.2358,249.082,-2.94909],"tipVelocity":[120.24,190.971,-177.193],"tool":false,"touchDistance":0.333333,"touchZone":"none","type":3,"width":17.881},{"bases":[[[0.881326,-0.452624,-0.13563],[0.430515,0.650912,0.625276],[-0.194731,-0.609463,0.768527]],[[0.841728,-0.539607,-0.0178162],[0.422089,0.678272,-0.601489],[0.336652,0.49877,0.798683]],[[0.841728,-0.539607,-0.0178162],[-0.293048,-0.42891,-0.854493],[0.453449,0.724472,-0.519157]],[[0.841728,-0.539607,-0.0178162],[-0.511557,-0.786553,-0.345896],[0.172635,0.300264,-0.938104]]],"btipPosition":[-26.0902,255.763,1.39469],"carpPosition":[-13.7685,257.387,47.3707],"dipPosition":[-23.1468,260.883,-14.5999],"direction":[-0.453449,-0.724472,0.519157],"extended":false,"handId":368,"id":3684,"length":49.963,"mcpPosition":[-2.59938,292.344,3.2907],"pipPosition":[-14.374,274.899,-24.6438],"stabilizedTipPosition":[-28.1716,252.228,1.59693],"timeVisible":28.1189,"tipPosition":[-25.3275,257.001,-1.78466],"tipVelocity":[118.219,201.779,-165.736],"tool":false,"touchDistance":0.333333,"touchZone":"none","type":4,"width":15.8833}],"r":[[0.897073,0.296614,0.327535],[-0.269592,0.954673,-0.126171],[-0.350113,0.0248833,0.936377]],"s":1.49543,"t":[-12.3557,53.7339,-78.9711],"timestamp":15529744405},false],[5,{"currentFrameRate":110.468,"devices":[],"gestures":[],"hands":[{"armBasis":[[0.953625,0.080252,-0.290103],[0.0477205,0.911302,0.408963],[0.297191,-0.403841,0.865211]],"armWidth":63.029,"confidence":0.799079,"direction":[-0.0563092,0.714724,-0.697136],"elbow":[51.2577,144.371,283.436],"grabStrength":0,"id":368,"palmNormal":[-0.0731995,-0.69932,-0.711051],"palmPosition":[-38.9422,287.497,12.778],"palmVelocity":[81.3294,193.335,-158.762],"palmWidth":90.0033,"pinchStrength":0.353764,"r":[[0.893185,0.301876,0.333303],[-0.274795,0.9531,-0.126839],[-0.355961,0.0217008,0.934249]],"s":1.49828,"sphereCenter":[-60.1106,277.555,-25.978],"sphereRadius":47.1678,"stabilizedPalmPosition":[-41.8793,280.561,18.5593],"t":[-11.7212,55.3556,-80.1679],"timeVisible":28.1281,"type":"right","wrist":[-28.1139,252.225,52.3621]}],"id":1189053,"interactionBox":{"center":[0,200,0],"size":[235.247,235.247,147.751]},"pointables":[{"bases":[[[0.455162,0.760534,0.463051],[-0.746643,0.0426601,0.663855],[0.485131,-0.647895,0.587265]],[[0.205338,0.96399,0.168998],[-0.753628,0.0455743,0.655719],[0.624404,-0.262006,0.735848]],[[0.205338,0.96399,0.168998],[-0.975949,0.188769,0.109045],[0.0732164,-0.187325,0.979566]],[[0.205338,0.96399,0.168998],[-0.958654,0.163351,0.23302],[0.197023,-0.209859,0.957675]]],"btipPosition":[-94.6448,266.758,-41.8287],"carpPosition":[-56.7837,242.645,49.7115],"dipPosition":[-90.0837,261.9,-19.6587],"direction":[-0.0732164,0.187325,-0.979566],"extended":false,"handId":368,"id":3680,"length":51.5512,"mcpPosition":[-56.7837,242.645,49.7115],"pipPosition":[-87.6144,255.582,13.378],"stabilizedTipPosition":[-98.7457,258.918,-29.658],"timeVisible":28.1281,"tipPosition":[-93.9243,264.671,-36.7314],"tipVelocity":[145.973,184.053,-196.073],"tool":false,"touchDistance":-0.521874,"touchZone":"hovering","type":0,"width":20.0304},{"bases":[[[0.972136,0.109168,-0.207444],[0.0393551,0.796374,0.603522],[0.231089,-0.59487,0.769888]],[[0.965264,0.125829,-0.228981],[0.0484313,0.775037,0.630057],[0.256749,-0.619262,0.742021]],[[0.965264,0.125829,-0.228981],[-0.0460277,0.944581,0.325036],[0.25719,-0.303206,0.917562]],[[0.965264,0.125829,-0.228981],[-0.118608,0.991917,0.0450895],[0.232804,-0.0163643,0.972386]]],"btipPosition":[-85.8312,340.78,-70.5766],"carpPosition":[-48.0201,263.648,55.3538],"dipPosition":[-81.8968,340.504,-54.143],"direction":[-0.25719,0.303206,-0.917562],"extended":true,"handId":368,"id":3681,"length":58.1698,"mcpPosition":[-64.8369,306.938,-0.672346],"pipPosition":[-75.7478,333.255,-32.2057],"stabilizedTipPosition":[-86.1315,336.163,-64.455],"timeVisible":28.1281,"tipPosition":[-84.5073,338.536,-67.1039],"tipVelocity":[78.8809,283.181,-152.375],"tool":false,"touchDistance":0.208303,"touchZone":"hovering","type":1,"width":19.133},{"bases":[[[0.973371,-0.109577,-0.201348],[0.208204,0.790112,0.576519],[0.0959145,-0.603089,0.791887]],[[0.972646,-0.105179,-0.207115],[-0.0266556,0.835192,-0.549312],[0.230757,0.539807,0.809543]],[[0.972646,-0.105179,-0.207115],[-0.232247,-0.457596,-0.858293],[-0.00450075,0.882918,-0.469506]],[[0.972646,-0.105179,-0.207115],[-0.173242,-0.922423,-0.345143],[-0.154746,0.371583,-0.915412]]],"btipPosition":[-50.9936,250.793,-9.60224],"carpPosition":[-36.3755,266.651,53.422],"dipPosition":[-53.87,257.7,-26.6181],"direction":[0.00450075,-0.882918,0.469506],"extended":false,"handId":368,"id":3682,"length":66.2798,"mcpPosition":[-42.9947,308.271,-1.22726],"pipPosition":[-53.9966,282.535,-39.8244],"stabilizedTipPosition":[-56.0191,245.488,-6.20475],"timeVisible":28.1281,"tipPosition":[-51.4065,252.383,-12.462],"tipVelocity":[119.986,187.391,-198.656],"tool":false,"touchDistance":0.333333,"touchZone":"none","type":2,"width":18.7912},{"bases":[[[0.958393,-0.256381,-0.125505],[0.280166,0.760636,0.58561],[-0.0546754,-0.596407,0.800818]],[[0.957568,-0.264407,-0.114685],[0.139595,0.773636,-0.618062],[0.252144,0.575827,0.777719]],[[0.957568,-0.264407,-0.114685],[-0.237497,-0.498484,-0.833732],[0.163276,0.825593,-0.540128]],[[0.957568,-0.264407,-0.114685],[-0.287331,-0.906824,-0.308402],[-0.0224557,0.328268,-0.944318]]],"btipPosition":[-36.3125,249.335,-0.879888],"carpPosition":[-24.4976,266.519,50.8581],"dipPosition":[-36.7275,255.402,-18.3322],"direction":[-0.163276,-0.825593,0.540128],"extended":false,"handId":368,"id":3683,"length":63.7298,"mcpPosition":[-21.1099,303.473,1.2388],"pipPosition":[-32.2535,278.024,-33.1326],"stabilizedTipPosition":[-39.7718,245.22,0.0286897],"timeVisible":28.1281,"tipPosition":[-36.1905,250.922,-4.3549],"tipVelocity":[118.729,193.268,-169.417],"tool":false,"touchDistance":0.333333,"touchZone":"none","type":3,"width":17.881},{"bases":[[[0.88607,-0.445816,-0.126998],[0.419882,0.655801,0.627395],[-0.196417,-0.60924,0.768275]],[[0.846227,-0.532739,-0.00947527],[0.422907,0.68237,-0.596256],[0.324114,0.50056,0.802739]],[[0.846227,-0.532739,-0.00947527],[-0.279895,-0.429325,-0.858684],[0.453387,0.729293,-0.512417]],[[0.846227,-0.532739,-0.00947527],[-0.501388,-0.790158,-0.352506],[0.180307,0.303051,-0.935761]]],"btipPosition":[-25.1201,257.726,-0.137171],"carpPosition":[-13.204,259.566,46.1365],"dipPosition":[-22.0459,262.893,-16.0918],"direction":[-0.453387,-0.729293,0.512417],"extended":false,"handId":368,"id":3684,"length":49.963,"mcpPosition":[-1.93822,294.51,2.07101],"pipPosition":[-13.2744,277.002,-26.0054],"stabilizedTipPosition":[-27.1294,254.082,0.0984901],"timeVisible":28.1281,"tipPosition":[-24.338,258.974,-3.26833],"tipVelocity":[115.676,205.547,-165.838],"tool":false,"touchDistance":0.333333,"touchZone":"none","type":4,"width":15.8833}],"r":[[0.893185,0.301876,0.333303],[-0.274795,0.9531,-0.126839],[-0.355961,0.0217008,0.934249]],"s":1.49828,"t":[-11.7212,55.3556,-80.1679],"timestamp":15529753572},false],[6,{"currentFrameRate":110.4,"devices":[],"gestures":[],"hands":[{"armBasis":[[0.955353,0.0945921,-0.279915],[0.0325744,0.907874,0.417976],[0.293664,-0.408433,0.864259]],"armWidth":63.029,"confidence":0.81598,"direction":[-0.0574101,0.714233,-0.697549],"elbow":[50.7445,144.922,282.132],"grabStrength":0,"id":368,"palmNormal":[-0.0566448,-0.699907,-0.711985],"palmPosition":[-38.5092,289.153,11.619],"palmVelocity":[71.7958,189.727,-149.689],"palmWidth":90.0033,"pinchStrength":0.356664,"r":[[0.888513,0.308245,0.339896],[-0.281017,0.951133,-0.127964],[-0.362731,0.0181812,0.931717]],"s":1.50098,"sphereCenter":[-59.4866,279.121,-27.2703],"sphereRadius":47.2757,"stabilizedPalmPosition":[-41.2539,282.155,17.2714],"t":[-11.1873,56.9945,-81.3458],"timeVisible":28.1373,"type":"right","wrist":[-27.685,254.003,51.3126]}],"id":1189054,"interactionBox":{"center":[0,200,0],"size":[235.247,235.247,147.751]},"pointables":[{"bases":[[[0.440549,0.765934,0.468255],[-0.754435,0.0331715,0.655536],[0.486565,-0.642063,0.592461]],[[0.191977,0.966201,0.172049],[-0.760488,0.0356497,0.648373],[0.620325,-0.255314,0.741628]],[[0.191977,0.966201,0.172049],[-0.979193,0.176831,0.0995573],[0.0657687,-0.187582,0.980045]],[[0.191977,0.966201,0.172049],[-0.963426,0.152145,0.220597],[0.186965,-0.208106,0.960071]]],"btipPosition":[-93.3786,267.821,-43.5556],"carpPosition":[-56.2029,244.07,48.3416],"dipPosition":[-89.0504,263.003,-21.3301],"direction":[-0.0657687,0.187582,-0.980045],"extended":false,"handId":368,"id":3680,"length":51.5512,"mcpPosition":[-56.2029,244.07,48.3416],"pipPosition":[-86.8323,256.677,11.7227],"stabilizedTipPosition":[-97.3377,260.643,-31.6023],"timeVisible":28.1373,"tipPosition":[-92.6661,265.757,-38.4684],"tipVelocity":[142.102,165.27,-193.469],"tool":false,"touchDistance":-0.523733,"touchZone":"hovering","type":0,"width":20.0304},{"bases":[[[0.972953,0.121264,-0.196614],[0.0227973,0.796575,0.60411],[0.229875,-0.592253,0.772265]],[[0.965744,0.138694,-0.219325],[0.0326396,0.773553,0.632891],[0.257437,-0.618369,0.742527]],[[0.965744,0.138694,-0.219325],[-0.0587339,0.940081,0.335855],[0.252764,-0.311468,0.916023]],[[0.965744,0.138694,-0.219325],[-0.127891,0.989799,0.0627798],[0.225794,-0.0325796,0.97363]]],"btipPosition":[-85.2908,342.553,-72.0234],"carpPosition":[-47.7631,265.178,54.0858],"dipPosition":[-81.4748,342.003,-55.5687],"direction":[-0.252764,0.311468,-0.916023],"extended":true,"handId":368,"id":3681,"length":58.1698,"mcpPosition":[-64.4915,308.277,-2.11335],"pipPosition":[-75.4317,334.556,-33.6682],"stabilizedTipPosition":[-85.4681,338.581,-65.9159],"timeVisible":28.1373,"tipPosition":[-83.9669,340.32,-68.5647],"tipVelocity":[72.4657,256.124,-153.691],"tool":false,"touchDistance":0.20176,"touchZone":"hovering","type":1,"width":19.133},{"bases":[[[0.976827,-0.0974514,-0.190557],[0.192,0.792412,0.578981],[0.094577,-0.602152,0.79276]],[[0.97617,-0.0934032,-0.195879],[-0.0296712,0.836709,-0.546844],[0.214971,0.539624,0.813998]],[[0.97617,-0.0934032,-0.195879],[-0.216833,-0.456124,-0.863096],[-0.00872944,0.885001,-0.465508]],[[0.97617,-0.0934032,-0.195879],[-0.158702,-0.922896,-0.350823],[-0.148008,0.373549,-0.915726]]],"btipPosition":[-49.9152,252.316,-11.1195],"carpPosition":[-36.1358,268.325,52.2841],"dipPosition":[-52.6665,259.259,-28.1412],"direction":[0.00872944,-0.885001,0.465508],"extended":false,"handId":368,"id":3682,"length":66.2798,"mcpPosition":[-42.6627,309.881,-2.42545],"pipPosition":[-52.912,284.153,-41.235],"stabilizedTipPosition":[-54.922,247.177,-7.97536],"timeVisible":28.1373,"tipPosition":[-50.3078,253.911,-13.9772],"tipVelocity":[120.161,181.655,-189.382],"tool":false,"touchDistance":0.333333,"touchZone":"none","type":2,"width":18.7912},{"bases":[[[0.962826,-0.244457,-0.114919],[0.264216,0.763825,0.588864],[-0.0561739,-0.597337,0.800021]],[[0.961943,-0.25282,-0.103675],[0.136485,0.773241,-0.61925],[0.236724,0.581533,0.778319]],[[0.961943,-0.25282,-0.103675],[-0.222245,-0.503144,-0.835137],[0.158976,0.826395,-0.540183]],[[0.961943,-0.25282,-0.103675],[-0.272803,-0.910296,-0.311351],[-0.0156589,0.327784,-0.944623]]],"btipPosition":[-35.2778,250.949,-1.85579],"carpPosition":[-24.2295,268.341,49.8521],"dipPosition":[-35.5672,257.007,-19.3137],"direction":[-0.158976,-0.826395,0.540183],"extended":false,"handId":368,"id":3683,"length":63.7298,"mcpPosition":[-20.7489,305.353,0.282262],"pipPosition":[-31.211,279.652,-34.1156],"stabilizedTipPosition":[-38.6584,247.011,-1.4549],"timeVisible":28.1373,"tipPosition":[-35.1405,252.558,-5.4219],"tipVelocity":[117.93,188.353,-151.84],"tool":false,"touchDistance":0.333333,"touchZone":"none","type":3,"width":17.881},{"bases":[[[0.892873,-0.434772,-0.11726],[0.404746,0.660711,0.632172],[-0.197376,-0.61191,0.765904]],[[0.852855,-0.522148,-0.000318058],[0.421503,0.688824,-0.589794],[0.308179,0.502874,0.807554]],[[0.852855,-0.522148,-0.000318058],[-0.263764,-0.430296,-0.863293],[0.45063,0.736347,-0.504704]],[[0.852855,-0.522148,-0.000318058],[-0.487112,-0.795409,-0.360619],[0.188044,0.307711,-0.932713]]],"btipPosition":[-24.1813,259.546,-1.25269],"carpPosition":[-12.799,261.53,45.2546],"dipPosition":[-20.9752,264.793,-17.1553],"direction":[-0.45063,-0.736347,0.504704],"extended":false,"handId":368,"id":3684,"length":49.963,"mcpPosition":[-1.47821,296.627,1.32512],"pipPosition":[-12.257,279.039,-26.9197],"stabilizedTipPosition":[-26.0724,255.995,-1.33795],"timeVisible":28.1373,"tipPosition":[-23.3784,260.813,-4.35886],"tipVelocity":[112.858,204.086,-153.104],"tool":false,"touchDistance":0.33