{"sensorType":"Leap","data":[[0,{"currentFrameRate":109.765,"devices":[],"gestures":[],"hands":[{"armBasis":[[0.958893,0.151432,-0.239984],[-0.0444113,0.91537,0.400156],[0.28027,-0.373049,0.884468]],"armWidth":63.029,"confidence":0.681783,"direction":[0.0948689,0.766264,-0.635483],"elbow":[61.8364,121.758,291.782],"grabStrength":0,"id":368,"palmNormal":[0.0964008,-0.642433,-0.760254],"palmPosition":[-15.0075,259.655,17.3562],"palmVelocity":[-157.859,-20.1583,122.201],"palmWidth":90.0033,"pinchStrength":0.151093,"r":[[0.758938,0.30438,0.575644],[-0.271077,0.951465,-0.145709],[-0.592056,-0.0454599,0.804614]],"s":1.57243,"sphereCenter":[-39.4275,254.302,-26.0177],"sphereRadius":51.7027,"stabilizedPalmPosition":[-5.35136,260.327,9.38102],"t":[14.3654,29.3771,-77.9607],"timeVisible":30.0896,"type":"right","wrist":[-13.016,221.389,55.5653]}],"id":1189265,"interactionBox":{"center":[0,200,0],"size":[235.247,235.247,147.751]},"pointables":[{"bases":[[[0.330988,0.719761,0.610238],[-0.877535,-0.00299789,0.479504],[0.346958,-0.694215,0.630623]],[[0.14111,0.954087,0.264209],[-0.80586,-0.0443207,0.590445],[0.575046,-0.296233,0.762606]],[[0.14111,0.954087,0.264209],[-0.989274,0.146068,0.000889369],[-0.0377439,-0.2615,0.964465]],[[0.14111,0.954087,0.264209],[-0.986902,0.114492,0.113646],[0.0781786,-0.276785,0.957746]]],"btipPosition":[-69.1775,242.092,-46.5608],"carpPosition":[-40.247,212.238,45.793],"dipPosition":[-67.3677,235.685,-24.3891],"direction":[0.0377439,0.2615,-0.964465],"extended":false,"handId":368,"id":3680,"length":51.5512,"mcpPosition":[-40.247,212.238,45.793],"pipPosition":[-68.6407,226.865,8.1383],"stabilizedTipPosition":[-64.3801,240.096,-44.4805],"timeVisible":30.0896,"tipPosition":[-68.0875,240.058,-41.5746],"tipVelocity":[-201.894,25.2462,137.215],"tool":false,"touchDistance":0.0842856,"touchZone":"hovering","type":0,"width":20.0304},{"bases":[[[0.992674,0.117948,0.0262028],[-0.106139,0.747651,0.655555],[0.057731,-0.653534,0.754692]],[[0.968736,0.226428,-0.101392],[-0.11014,0.758718,0.642041],[0.222304,-0.610801,0.759936]],[[0.968736,0.226428,-0.101392],[-0.152638,0.866147,0.475911],[0.19558,-0.445556,0.873629]],[[0.968736,0.226428,-0.101392],[-0.182091,0.926503,0.329294],[0.168501,-0.300537,0.938768]]],"btipPosition":[-54.3749,321.935,-69.1208],"carpPosition":[-33.2029,232.688,54.8466],"dipPosition":[-51.5272,316.856,-53.2554],"direction":[-0.19558,0.445556,-0.873629],"extended":true,"handId":368,"id":3681,"length":58.1698,"mcpPosition":[-37.404,280.247,-0.0737172],"pipPosition":[-46.8512,306.203,-32.3684],"stabilizedTipPosition":[-45.1782,319.1,-73.2616],"timeVisible":30.0896,"tipPosition":[-53.6793,320.292,-65.7717],"tipVelocity":[-191.844,20.7712,167.024],"tool":false,"touchDistance":0.347331,"touchZone":"hovering","type":1,"width":19.133},{"bases":[[[0.994799,-0.100627,0.0157808],[0.0645057,0.742298,0.666958],[-0.0788281,-0.662471,0.744928]],[[0.99621,-0.0869842,0.000460299],[0.0741936,0.846936,-0.526493],[0.0454067,0.524531,0.850179]],[[0.99621,-0.0869842,0.000460299],[-0.0315101,-0.3658,-0.93016],[0.0810776,0.92662,-0.367155]],[[0.99621,-0.0869842,0.000460299],[-0.0740975,-0.851369,-0.519307],[0.0455634,0.517304,-0.854588]]],"btipPosition":[-21.3071,220.778,-9.90418],"carpPosition":[-21.4547,235.749,55.8264],"dipPosition":[-20.4601,230.394,-25.7894],"direction":[-0.0810776,-0.92662,0.367155],"extended":false,"handId":368,"id":3682,"length":66.2798,"mcpPosition":[-16.0147,281.467,4.41783],"pipPosition":[-18.1796,256.458,-36.1168],"stabilizedTipPosition":[-5.55671,222.33,-26.7367],"timeVisible":30.0896,"tipPosition":[-21.1516,223.234,-14.0442],"tipVelocity":[-176.41,-6.1145,107.527],"tool":false,"touchDistance":0.333333,"touchZone":"none","type":2,"width":18.7912},{"bases":[[[0.964644,-0.252688,0.0749079],[0.132869,0.711715,0.689788],[-0.227614,-0.655446,0.720126]],[[0.972424,-0.228199,0.0481421],[0.215368,0.799434,-0.560822],[0.0894926,0.555725,0.826536]],[[0.972424,-0.228199,0.0481421],[-0.0501777,-0.406299,-0.912362],[0.22776,0.884786,-0.406545]],[[0.972424,-0.228199,0.0481421],[-0.173606,-0.846103,-0.503955],[0.155735,0.4817,-0.862387]]],"btipPosition":[-8.27518,218.635,1.93645],"carpPosition":[-9.30398,235.73,56.0067],"dipPosition":[-5.39697,227.537,-14.0017],"direction":[-0.22776,-0.884786,0.406545],"extended":false,"handId":368,"id":3683,"length":63.7298,"mcpPosition":[4.79915,276.342,11.3872],"pipPosition":[0.844017,251.782,-25.1417],"stabilizedTipPosition":[7.09023,220.735,-13.812],"timeVisible":30.0896,"tipPosition":[-7.54086,220.864,-2.03132],"tipVelocity":[-171.296,-12.1845,97.4531],"tool":false,"touchDistance":0.333333,"touchZone":"none","type":3,"width":17.881},{"bases":[[[0.896514,-0.440949,0.0427417],[0.260654,0.603027,0.753935],[-0.358222,-0.664772,0.655557]],[[0.807687,-0.564004,0.171875],[0.575163,0.689537,-0.440144],[0.129728,0.454354,0.881324]],[[0.807687,-0.564004,0.171875],[-0.027019,-0.326604,-0.944775],[0.588992,0.758439,-0.279033]],[[0.807687,-0.564004,0.171875],[-0.36968,-0.711508,-0.597573],[0.459324,0.419113,-0.783177]]],"btipPosition":[-0.381595,229.498,3.76735],"carpPosition":[2.83592,229.08,53.4413],"dipPosition":[7.44982,236.644,-9.58572],"direction":[-0.588992,-0.758439,0.279033],"extended":false,"handId":368,"id":3684,"length":49.963,"mcpPosition":[23.3822,267.209,15.8409],"pipPosition":[18.8449,251.317,-14.9841],"stabilizedTipPosition":[16.4493,231.352,-11.646],"timeVisible":30.0896,"tipPosition":[1.61682,231.362,0.318714],"tipVelocity":[-173.626,-20.996,116.649],"tool":false,"touchDistance":0.333333,"touchZone":"none","type":4,"width":15.8833}],"r":[[0.758938,0.30438,0.575644],[-0.271077,0.951465,-0.145709],[-0.592056,-0.0454599,0.804614]],"s":1.57243,"t":[14.3654,29.3771,-77.9607],"timestamp":15531715061},false],[1,{"currentFrameRate":110.044,"devices":[],"gestures":[],"hands":[{"armBasis":[[0.957388,0.154396,-0.244068],[-0.0437519,0.912886,0.405863],[0.28547,-0.37789,0.880742]],"armWidth":63.029,"confidence":0.708612,"direction":[0.0892618,0.764762,-0.6381],"elbow":[62.0134,120.307,292.786],"grabStrength":0,"id":368,"palmNormal":[0.0917502,-0.644247,-0.759294],"palmPosition":[-16.5458,259.397,19.2732],"palmVelocity":[-163.456,-22.7574,148.841],"palmWidth":90.0033,"pinchStrength":0.150844,"r":[[0.761935,0.302168,0.572843],[-0.27126,0.952063,-0.141401],[-0.588109,-0.047651,0.807376]],"s":1.57334,"sphereCenter":[-41.3082,253.931,-23.8667],"sphereRadius":51.7339,"stabilizedPalmPosition":[-6.64769,260.22,10.5265],"t":[12.8376,29.1276,-76.4151],"timeVisible":30.0982,"type":"right","wrist":[-14.2277,221.231,57.5642]}],"id":1189266,"interactionBox":{"center":[0,200,0],"size":[235.247,235.247,147.751]},"pointables":[{"bases":[[[0.334441,0.721747,0.605995],[-0.874041,-0.0029149,0.485844],[0.352423,-0.69215,0.629862]],[[0.141657,0.955005,0.260573],[-0.802796,-0.043181,0.594688],[0.579182,-0.293428,0.760557]],[[0.141657,0.955005,0.260573],[-0.989479,0.144422,0.00860766],[-0.029412,-0.25905,0.965416]],[[0.141657,0.955005,0.260573],[-0.985566,0.111411,0.127465],[0.0926993,-0.274868,0.957003]]],"btipPosition":[-71.2685,241.609,-44.2551],"carpPosition":[-41.5166,212.021,48.0123],"dipPosition":[-69.1225,235.246,-22.1007],"direction":[0.029412,0.25905,-0.965416],"extended":false,"handId":368,"id":3680,"length":51.5512,"mcpPosition":[-41.5166,212.021,48.0123],"pipPosition":[-70.1145,226.509,10.4588],"stabilizedTipPosition":[-66.2896,240.111,-42.8916],"timeVisible":30.0982,"tipPosition":[-70.0997,239.607,-39.2458],"tipVelocity":[-210.471,4.04948,171.711],"tool":false,"touchDistance":0.127235,"touchZone":"hovering","type":0,"width":20.0304},{"bases":[[[0.992681,0.119306,0.018723],[-0.102384,0.749184,0.654402],[0.064047,-0.651529,0.755915]],[[0.967694,0.227385,-0.10892],[-0.10639,0.759929,0.64124],[0.22858,-0.608937,0.75957]],[[0.967694,0.227385,-0.10892],[-0.150249,0.867003,0.475112],[0.202467,-0.443398,0.873158]],[[0.967694,0.227385,-0.10892],[-0.180859,0.927034,0.328478],[0.175663,-0.298168,0.93821]]],"btipPosition":[-56.6182,321.433,-67.0575],"carpPosition":[-34.4341,232.502,56.9627],"dipPosition":[-53.6494,316.394,-51.2014],"direction":[-0.202467,0.443398,-0.873158],"extended":true,"handId":368,"id":3681,"length":58.1698,"mcpPosition":[-39.0949,279.915,1.95339],"pipPosition":[-48.8088,305.793,-30.3257],"stabilizedTipPosition":[-46.8879,319.287,-71.696],"timeVisible":30.0982,"tipPosition":[-55.8977,319.799,-63.7088],"tipVelocity":[-209.273,0.138903,186.263],"tool":false,"touchDistance":0.376849,"touchZone":"hovering","type":1,"width":19.133},{"bases":[[[0.995019,-0.0992923,0.00884209],[0.0683458,0.744082,0.664583],[-0.0725672,-0.660668,0.747162]],[[0.996326,-0.0853624,-0.00688865],[0.0689319,0.84708,-0.526975],[0.0508191,0.524565,0.849853]],[[0.996326,-0.0853624,-0.00688865],[-0.0377137,-0.365118,-0.930197],[0.0768886,0.927039,-0.366996]],[[0.996326,-0.0853624,-0.00688865],[-0.0765318,-0.851381,-0.518934],[0.0384326,0.517555,-0.854786]]],"btipPosition":[-22.9754,220.468,-8.02019],"carpPosition":[-22.6833,235.581,57.8497],"dipPosition":[-22.261,230.089,-23.9091],"direction":[-0.0768886,-0.92704,0.366996],"extended":false,"handId":368,"id":3682,"length":66.2798,"mcpPosition":[-17.6753,281.174,6.28701],"pipPosition":[-20.0983,256.164,-34.232],"stabilizedTipPosition":[-7.02654,222.36,-25.4536],"timeVisible":30.0982,"tipPosition":[-22.8574,222.897,-12.0681],"tipVelocity":[-182.039,-13.9998,137],"tool":false,"touchDistance":0.333333,"touchZone":"none","type":2,"width":18.7912},{"bases":[[[0.965493,-0.251241,0.0685724],[0.136913,0.713647,0.686996],[-0.221538,-0.653901,0.723419]],[[0.973151,-0.226438,0.0412809],[0.208504,0.791291,-0.574792],[0.0974891,0.567966,0.817258]],[[0.973151,-0.226438,0.0412809],[-0.0593298,-0.420067,-0.905552],[0.222392,0.878789,-0.422223]],[[0.973151,-0.226438,0.0412809],[-0.177258,-0.851697,-0.493144],[0.146825,0.472586,-0.868968]]],"btipPosition":[-9.92086,218.179,4.62917],"carpPosition":[-10.5315,235.579,57.9422],"dipPosition":[-7.20732,226.913,-11.4306],"direction":[-0.222392,-0.878789,0.422223],"extended":false,"handId":368,"id":3683,"length":63.7298,"mcpPosition":[3.19511,276.095,13.1187],"pipPosition":[-1.11344,250.994,-23.0001],"stabilizedTipPosition":[5.653,220.687,-12.5186],"timeVisible":30.0982,"tipPosition":[-9.21058,220.43,0.425996],"tipVelocity":[-177.808,-24.154,153.596],"tool":false,"touchDistance":0.333333,"touchZone":"none","type":3,"width":17.881},{"bases":[[[0.89738,-0.439672,0.0373788],[0.265301,0.605289,0.750493],[-0.352596,-0.663561,0.65982]],[[0.809806,-0.562346,0.167275],[0.570774,0.689155,-0.44641],[0.135758,0.456982,0.879055]],[[0.809806,-0.562346,0.167275],[-0.0337155,-0.329247,-0.943642],[0.585728,0.758527,-0.285586]],[[0.809806,-0.562346,0.167275],[-0.373093,-0.713635,-0.592896],[0.452786,0.417722,-0.787714]]],"btipPosition":[-1.97817,229.217,5.67107],"carpPosition":[1.59828,228.938,55.306],"dipPosition":[5.74178,236.339,-7.75935],"direction":[-0.585728,-0.758527,0.285586],"extended":false,"handId":368,"id":3684,"length":49.963,"mcpPosition":[21.8219,266.997,17.4611],"pipPosition":[17.0737,251.014,-13.2845],"stabilizedTipPosition":[15.0385,231.31,-10.4406],"timeVisible":30.0982,"tipPosition":[-0.0125454,231.072,2.2056],"tipVelocity":[-177.638,-24.2742,143.8],"tool":false,"touchDistance":0.333333,"touchZone":"none","type":4,"width":15.8833}],"r":[[0.761935,0.302168,0.572843],[-0.27126,0.952063,-0.141401],[-0.588109,-0.047651,0.807376]],"s":1.57334,"t":[12.8376,29.1276,-76.4151],"timestamp":15531723652},false],[2,{"currentFrameRate":110.062,"devices":[],"gestures":[],"hands":[{"armBasis":[[0.954451,0.155882,-0.254408],[-0.0391388,0.910713,0.411182],[0.295789,-0.382496,0.875332]],"armWidth":63.029,"confidence":0.726385,"direction":[0.0858999,0.760413,-0.643734],"elbow":[63.3178,118.878,293.414],"grabStrength":0,"id":368,"palmNormal":[0.0834951,-0.649344,-0.755898],"palmPosition":[-18.2199,258.959,21.1236],"palmVelocity":[-169.378,-29.8356,164.171],"palmWidth":90.0033,"pinchStrength":0.149103,"r":[[0.76546,0.300714,0.568896],[-0.271102,0.952503,-0.138712],[-0.583588,-0.0480503,0.810627]],"s":1.57431,"sphereCenter":[-43.3876,253.315,-21.7322],"sphereRadius":51.7476,"stabilizedPalmPosition":[-7.99938,260.072,11.7643],"t":[11.2367,28.7838,-74.7171],"timeVisible":30.1072,"type":"right","wrist":[-15.6791,221.032,59.6376]}],"id":1189267,"interactionBox":{"center":[0,200,0],"size":[235.247,235.247,147.751]},"pointables":[{"bases":[[[0.341581,0.724672,0.598475],[-0.869862,0.00263334,0.493287],[0.355895,-0.689089,0.631264]],[[0.146496,0.95625,0.253227],[-0.798921,-0.0365788,0.600322],[0.583321,-0.290253,0.75861]],[[0.146496,0.95625,0.253227],[-0.988984,0.147064,0.0167941],[-0.0211811,-0.252898,0.967261]],[[0.146496,0.95625,0.253227],[-0.983519,0.113378,0.140838],[0.105966,-0.269686,0.9571]]],"btipPosition":[-73.6148,240.941,-41.8577],"carpPosition":[-43.0738,211.837,50.3781],"dipPosition":[-71.1617,234.698,-19.701],"direction":[0.0211811,0.252898,-0.967261],"extended":false,"handId":368,"id":3680,"length":51.5512,"mcpPosition":[-43.0738,211.837,50.3781],"pipPosition":[-71.876,226.169,12.9208],"stabilizedTipPosition":[-68.2945,239.931,-41.0738],"timeVisible":30.1072,"tipPosition":[-72.3822,238.975,-36.8273],"tipVelocity":[-221.756,-16.5822,197.422],"tool":false,"touchDistance":0.167592,"touchZone":"hovering","type":0,"width":20.0304},{"bases":[[[0.993128,0.116651,0.0094919],[-0.0947371,0.753637,0.650428],[0.0687194,-0.646857,0.759509]],[[0.967386,0.223879,-0.118501],[-0.0986681,0.763907,0.637739],[0.2333,-0.605248,0.761082]],[[0.967386,0.223879,-0.118501],[-0.143648,0.870182,0.471326],[0.208637,-0.438932,0.873962]],[[0.967386,0.223879,-0.118501],[-0.175351,0.929477,0.324538],[0.182801,-0.293174,0.93842]]],"btipPosition":[-58.8519,320.598,-65.2326],"carpPosition":[-35.8591,232.355,59.1361],"dipPosition":[-55.7625,315.643,-49.373],"direction":[-0.208637,0.438932,-0.873962],"extended":true,"handId":368,"id":3681,"length":58.1698,"mcpPosition":[-40.8599,279.428,3.86531],"pipPosition":[-50.7743,305.149,-28.478],"stabilizedTipPosition":[-48.7768,319.315,-69.9988],"timeVisible":30.1072,"tipPosition":[-58.1109,318.981,-61.8805],"tipVelocity":[-218.765,-24.7441,190.515],"tool":false,"touchDistance":0.399883,"touchZone":"hovering","type":1,"width":19.133},{"bases":[[[0.994783,-0.102012,0.000994933],[0.0760585,0.748124,0.659186],[-0.0679891,-0.655671,0.75198]],[[0.995997,-0.0881336,-0.014896],[0.0666661,0.84348,-0.533008],[0.0595404,0.529881,0.845979]],[[0.995997,-0.0881336,-0.014896],[-0.0466922,-0.370906,-0.927496],[0.0762185,0.924479,-0.373537]],[[0.995997,-0.0881336,-0.014896],[-0.0832756,-0.854413,-0.512878],[0.0324744,0.512066,-0.858332]]],"btipPosition":[-24.9869,219.87,-5.86468],"carpPosition":[-24.0927,235.407,59.9032],"dipPosition":[-24.3833,229.388,-21.8195],"direction":[-0.0762185,-0.924479,0.373537],"extended":false,"handId":368,"id":3682,"length":66.2798,"mcpPosition":[-19.4007,280.656,8.00797],"pipPosition":[-22.2394,255.392,-32.3264],"stabilizedTipPosition":[-8.6611,222.332,-23.9935],"timeVisible":30.1072,"tipPosition":[-24.8974,222.273,-9.92423],"tipVelocity":[-193.898,-29.0825,164.436],"tool":false,"touchDistance":0.333333,"touchZone":"none","type":2,"width":18.7912},{"bases":[[[0.965352,-0.253492,0.061949],[0.144731,0.717641,0.681208],[-0.217138,-0.648639,0.729464]],[[0.972911,-0.228641,0.0341623],[0.204861,0.784215,-0.585695],[0.107123,0.576828,0.809811]],[[0.972911,-0.228641,0.0341623],[-0.0692989,-0.42942,-0.900442],[0.220548,0.873683,-0.433632]],[[0.972911,-0.228641,0.0341623],[-0.184016,-0.855374,-0.484224],[0.139935,0.464821,-0.874277]]],"btipPosition":[-11.8505,217.538,6.94426],"carpPosition":[-11.9406,235.372,59.892],"dipPosition":[-9.26428,226.129,-9.21359],"direction":[-0.220548,-0.873683,0.433632],"extended":false,"handId":368,"id":3683,"length":63.7298,"mcpPosition":[1.51338,275.562,14.6939],"pipPosition":[-3.22093,250.069,-21.0958],"stabilizedTipPosition":[4.1106,220.58,-11.0822],"timeVisible":30.1072,"tipPosition":[-11.1719,219.77,2.6698],"tipVelocity":[-188.452,-38.0447,181.091],"tool":false,"touchDistance":0.333333,"touchZone":"none","type":3,"width":17.881},{"bases":[[[0.89646,-0.441928,0.0325477],[0.27336,0.609334,0.744303],[-0.348761,-0.65834,0.667049]],[[0.810103,-0.563051,0.163422],[0.567774,0.683937,-0.458108],[0.146167,0.463902,0.873745]],[[0.810103,-0.563051,0.163422],[-0.0445147,-0.337007,-0.940449],[0.584595,0.754586,-0.298074]],[[0.810103,-0.563051,0.163422],[-0.380722,-0.717186,-0.583691],[0.445852,0.410632,-0.79536]]],"btipPosition":[-3.87238,228.615,7.70331],"carpPosition":[0.147972,228.68,57.1952],"dipPosition":[3.72934,235.616,-5.85748],"direction":[-0.584595,-0.754586,0.298074],"extended":false,"handId":368,"id":3684,"length":49.963,"mcpPosition":[20.1516,266.44,18.9357],"pipPosition":[15.0393,250.215,-11.6242],"stabilizedTipPosition":[13.4926,231.212,-9.08723],"timeVisible":30.1072,"tipPosition":[-1.93498,230.445,4.18332],"tipVelocity":[-187.186,-36.7748,165.15],"tool":false,"touchDistance":0.333333,"touchZone":"none","type":4,"width":15.8833}],"r":[[0.76546,0.300714,0.568896],[-0.271102,0.952503,-0.138712],[-0.583588,-0.0480503,0.810627]],"s":1.57431,"t":[11.2367,28.7838,-74.7171],"timestamp":15531732705},false],[3,{"currentFrameRate":110.132,"devices":[],"gestures":[],"hands":[{"armBasis":[[0.952837,0.154225,-0.261373],[-0.034334,0.9105,0.412081],[0.301533,-0.383673,0.872854]],"armWidth":63.029,"confidence":0.74862,"direction":[0.0833556,0.756699,-0.648427],"elbow":[63.336,118.316,294.508],"grabStrength":0,"id":368,"palmNormal":[0.0762666,-0.653628,-0.752964],"palmPosition":[-19.9086,258.511,22.6947],"palmVelocity":[-174.627,-35.37,167.255],"palmWidth":90.0033,"pinchStrength":0.147782,"r":[[0.76924,0.299736,0.564295],[-0.270636,0.952855,-0.137199],[-0.578815,-0.0471792,0.814093]],"s":1.5752,"sphereCenter":[-45.4151,252.738,-19.9214],"sphereRadius":51.7524,"stabilizedPalmPosition":[-9.33729,259.897,12.9923],"t":[9.59188,28.3876,-73.0825],"timeVisible":30.1162,"type":"right","wrist":[-17.195,220.785,61.3936]}],"id":1189268,"interactionBox":{"center":[0,200,0],"size":[235.247,235.247,147.751]},"pointables":[{"bases":[[[0.347871,0.726923,0.592089],[-0.866279,0.0077105,0.499501],[0.358533,-0.686676,0.6324]],[[0.15116,0.957054,0.247382],[-0.795756,-0.0306571,0.604842],[0.58645,-0.288284,0.756947]],[[0.15116,0.957054,0.247382],[-0.988403,0.150001,0.0236401],[-0.0144828,-0.248087,0.968629]],[[0.15116,0.957054,0.247382],[-0.981573,0.115728,0.152059],[0.116899,-0.265809,0.956912]]],"btipPosition":[-75.8553,240.371,-39.8146],"carpPosition":[-44.6808,211.616,52.3808],"dipPosition":[-73.1491,234.217,-17.6623],"direction":[0.0144828,0.248087,-0.968629],"extended":false,"handId":368,"id":3680,"length":51.5512,"mcpPosition":[-44.6808,211.616,52.3808],"pipPosition":[-73.6375,225.85,15.0056],"stabilizedTipPosition":[-70.2386,239.658,-39.2934],"timeVisible":30.1162,"tipPosition":[-74.5804,238.419,-34.7708],"tipVelocity":[-227.755,-28.8291,205.791],"tool":false,"touchDistance":0.201856,"touchZone":"hovering","type":0,"width":20.0304},{"bases":[[[0.993487,0.11393,0.00172948],[-0.0879806,0.757383,0.647016],[0.0724046,-0.642955,0.762474]],[[0.967178,0.22039,-0.126468],[-0.0917201,0.76696,0.635106],[0.236967,-0.602662,0.762001]],[[0.967178,0.22039,-0.126468],[-0.137492,0.872469,0.468929],[0.213687,-0.436149,0.874135]],[[0.967178,0.22039,-0.126468],[-0.170035,0.931204,0.322408],[0.188823,-0.290323,0.938114]]],"btipPosition":[-60.9862,319.895,-63.6466],"carpPosition":[-37.3468,232.161,60.976],"dipPosition":[-57.795,314.989,-47.7921],"direction":[-0.213687,0.436149,-0.874135],"extended":true,"handId":368,"id":3681,"length":58.1698,"mcpPosition":[-42.6158,278.95,5.48933],"pipPosition":[-52.6861,304.561,-26.8931],"stabilizedTipPosition":[-50.726,319.222,-68.3004],"timeVisible":30.1162,"tipPosition":[-60.2284,318.274,-60.2984],"tipVelocity":[-223.401,-39.1059,186.814],"tool":false,"touchDistance":0.417001,"touchZone":"hovering","type":1,"width":19.133},{"bases":[[[0.99448,-0.104779,-0.00559941],[0.0828579,0.751441,0.654577],[-0.0643783,-0.651428,0.755975]],[[0.995621,-0.0909503,-0.0216189],[0.0650879,0.840401,-0.538042],[0.0671036,0.534279,0.842641]],[[0.995621,-0.0909503,-0.0216189],[-0.0544104,-0.375719,-0.925135],[0.0760186,0.92226,-0.379022]],[[0.995621,-0.0909503,-0.0216189],[-0.0893011,-0.856882,-0.507719],[0.0276523,0.507426,-0.861251]]],"btipPosition":[-26.9757,219.293,-4.03383],"carpPosition":[-25.5669,235.184,61.642],"dipPosition":[-26.4617,228.725,-20.043],"direction":[-0.0760186,-0.92226,0.379022],"extended":false,"handId":368,"id":3682,"length":66.2798,"mcpPosition":[-21.124,280.14,9.47108],"pipPosition":[-24.3234,254.666,-30.7041],"stabilizedTipPosition":[-10.36,222.251,-22.4737],"timeVisible":30.1162,"tipPosition":[-26.909,221.673,-8.10324],"tipVelocity":[-202.233,-39.3552,174.996],"tool":false,"touchDistance":0.333333,"touchZone":"none","type":2,"width":18.7912},{"bases":[[[0.965072,-0.255847,0.0563808],[0.151603,0.720886,0.676269],[-0.213665,-0.644101,0.734494]],[[0.972526,-0.231067,0.0282956],[0.20251,0.779793,-0.592378],[0.114815,0.581834,0.805163]],[[0.972526,-0.231067,0.0282956],[-0.0772816,-0.435116,-0.897052],[0.219591,0.87022,-0.441019]],[[0.972526,-0.231067,0.0282956],[-0.189916,-0.857812,-0.477589],[0.134627,0.459094,-0.878128]]],"btipPosition":[-13.756,216.979,8.76339],"carpPosition":[-13.4154,235.115,61.5438],"dipPosition":[-11.2679,225.464,-7.46563],"direction":[-0.219591,-0.87022,0.441019],"extended":false,"handId":368,"id":3683,"length":63.7298,"mcpPosition":[-0.176513,275.024,16.034],"pipPosition":[-5.25075,249.309,-19.5503],"stabilizedTipPosition":[2.54572,220.431,-9.62422],"timeVisible":30.1162,"tipPosition":[-13.1058,219.181,4.4681],"tipVelocity":[-195.795,-45.448,186.62],"tool":false,"touchDistance":0.333333,"touchZone":"none","type":3,"width":17.881},{"bases":[[[0.895452,-0.444245,0.0284919],[0.280385,0.612561,0.739022],[-0.34576,-0.65377,0.673078]],[[0.810076,-0.564025,0.160166],[0.565503,0.67944,-0.467513],[0.154865,0.469295,0.869355]],[[0.810076,-0.564025,0.160166],[-0.0533894,-0.342993,-0.93782],[0.583889,0.751154,-0.307963]],[[0.810076,-0.564025,0.160166],[-0.387159,-0.719708,-0.576306],[0.440324,0.404842,-0.801385]]],"btipPosition":[-5.7537,228.024,9.40619],"carpPosition":[-1.36493,228.375,58.7963],"dipPosition":[1.75377,234.926,-4.25734],"direction":[-0.583889,-0.751154,0.307963],"extended":false,"handId":368,"id":3684,"length":49.963,"mcpPosition":[18.4666,265.873,20.191],"pipPosition":[13.0501,249.459,-10.2154],"stabilizedTipPosition":[11.8984,231.066,-7.69034],"timeVisible":30.1162,"tipPosition":[-3.84132,229.832,5.85074],"tipVelocity":[-194.109,-45.4538,171.267],"tool":false,"touchDistance":0.333333,"touchZone":"none","type":4,"width":15.8833}],"r":[[0.76924,0.299736,0.564295],[-0.270636,0.952855,-0.137199],[-0.578815,-0.0471792,0.814093]],"s":1.5752,"t":[9.59188,28.3876,-73.0825],"timestamp":15531741660},false],[4,{"currentFrameRate":108.405,"devices":[],"gestures":[{"center":[-143.65,255.461,1.82008],"duration":126267,"handIds":[368],"id":4,"normal":[0.72008,-0.259625,0.64349],"pointableIds":[3681],"progress":0.901661,"radius":46.2846,"state":"update","type":"circle"}],"hands":[{"armBasis":[[0.946709,0.0750844,-0.313215],[0.0487367,0.927857,0.369737],[0.31838,-0.365298,0.874752]],"armWidth":63.029,"confidence":0.912571,"direction":[-0.0324637,0.722121,-0.691004],"elbow":[57.3647,137.188,296.198],"grabStrength":0,"id":368,"palmNormal":[-0.0682323,-0.691357,-0.719284],"palmPosition":[-37.2099,270.545,23.1335],"palmVelocity":[101.781,242.871,-198.783],"palmWidth":90.0033,"pinchStrength":0.412041,"r":[[0.888163,0.297969,0.34983],[-0.267487,0.954244,-0.133675],[-0.373655,0.0251506,0.927227]],"s":1.4699,"sphereCenter":[-56.0731,257.842,-18.8431],"sphereRadius":47.0269,"stabilizedPalmPosition":[-38.5497,267.239,25.9563],"t":[-10.1861,37.9767,-69.2072],"timeVisible":30.9391,"type":"right","wrist":[-27.6658,234.749,62.5759]}],"id":1189357,"interactionBox":{"center":[0,200,0],"size":[235.247,235.247,147.751]},"pointables":[{"bases":[[[0.455941,0.749701,0.479652],[-0.759309,0.0465187,0.649065],[0.464292,-0.660139,0.590465]],[[0.185436,0.971553,0.147301],[-0.779517,0.0541706,0.624035],[0.598303,-0.230542,0.767387]],[[0.185436,0.971553,0.147301],[-0.979183,0.1701,0.110755],[0.0825488,-0.164773,0.982871]],[[0.185436,0.971553,0.147301],[-0.953109,0.141345,0.267592],[0.23916,-0.190015,0.952206]]],"btipPosition":[-94.2657,246.929,-33.8292],"carpPosition":[-56.4032,225.59,59.2532],"dipPosition":[-88.7292,242.53,-11.7858],"direction":[-0.0825488,0.164773,-0.982871],"extended":false,"handId":368,"id":3680,"length":51.5512,"mcpPosition":[-56.4032,225.59,59.2532],"pipPosition":[-85.9452,236.973,21.3624],"stabilizedTipPosition":[-96.5755,240.692,-23.0232],"timeVisible":30.9391,"tipPosition":[-93.8825,245.998,-28.3844],"tipVelocity":[158.145,228.265,-249.056],"tool":false,"touchDistance":0.0106858,"touchZone":"hovering","type":0,"width":20.0304},{"bases":[[[0.977535,0.0977853,-0.186719],[0.0378946,0.7899,0.612064],[0.20734,-0.605389,0.768449]],[[0.961759,0.13744,-0.236919],[0.000946259,0.863316,0.504664],[0.273897,-0.485589,0.830171]],[[0.961759,0.13744,-0.236919],[-0.0525853,0.941551,0.332741],[0.268803,-0.307558,0.912772]],[[0.961759,0.13744,-0.236919],[-0.0922507,0.976994,0.192282],[0.257895,-0.163073,0.952312]]],"btipPosition":[-84.9853,321.215,-63.839],"carpPosition":[-47.472,246.415,65.279],"dipPosition":[-80.6268,318.459,-47.7446],"direction":[-0.268803,0.307558,-0.912772],"extended":true,"handId":368,"id":3681,"length":58.1698,"mcpPosition":[-62.5605,290.47,9.35761],"pipPosition":[-74.2001,311.106,-25.9218],"stabilizedTipPosition":[-84.9381,317.416,-58.6406],"timeVisible":30.9391,"tipPosition":[-83.6487,318.49,-60.6683],"tipVelocity":[122.042,359.834,-177.31],"tool":false,"touchDistance":0.247882,"touchZone":"hovering","type":1,"width":19.133},{"bases":[[[0.975681,-0.121005,-0.18277],[0.207156,0.781577,0.588408],[0.0716482,-0.61196,0.787637]],[[0.974655,-0.11295,-0.193108],[0.0124038,0.889143,-0.457461],[0.223371,0.443471,0.868008]],[[0.974655,-0.11295,-0.193108],[-0.220798,-0.346723,-0.911609],[0.0360114,0.931142,-0.362874]],[[0.974655,-0.11295,-0.193108],[-0.187088,-0.884811,-0.42674],[-0.122664,0.452053,-0.883517]]],"btipPosition":[-50.0781,235.77,-5.4985],"carpPosition":[-35.7509,249.276,63.6122],"dipPosition":[-52.3582,244.173,-21.9215],"direction":[-0.0360114,-0.931142,0.362874],"extended":false,"handId":368,"id":3682,"length":66.2798,"mcpPosition":[-40.6955,291.508,9.25622],"pipPosition":[-51.3453,270.364,-32.1284],"stabilizedTipPosition":[-53.629,231.934,-3.49303],"timeVisible":30.9391,"tipPosition":[-50.346,237.372,-7.91062],"tipVelocity":[134.797,254.691,-253.785],"tool":false,"touchDistance":0.333333,"touchZone":"none","type":2,"width":18.7912},{"bases":[[[0.957179,-0.268313,-0.108704],[0.278513,0.751028,0.598654],[-0.0789874,-0.603295,0.793597]],[[0.956641,-0.272258,-0.103505],[0.179842,0.831649,-0.525372],[0.229116,0.483978,0.844554]],[[0.956641,-0.272258,-0.103505],[-0.208456,-0.391772,-0.896137],[0.20343,0.878858,-0.431538]],[[0.956641,-0.272258,-0.103505],[-0.290742,-0.871212,-0.395549],[0.0175165,0.408492,-0.912594]]],"btipPosition":[-34.9562,233.365,3.4808],"carpPosition":[-23.8264,249.005,61.2869],"dipPosition":[-34.6324,240.914,-13.3852],"direction":[-0.20343,-0.878858,0.431538],"extended":false,"handId":368,"id":3683,"length":63.7298,"mcpPosition":[-18.9323,286.386,12.1151],"pipPosition":[-29.0581,264.996,-25.2101],"stabilizedTipPosition":[-37.2967,230.487,3.7049],"timeVisible":30.9391,"tipPosition":[-34.6417,234.978,0.739756],"tipVelocity":[132.877,250.791,-220.783],"tool":false,"touchDistance":0.333333,"touchZone":"none","type":3,"width":17.881},{"bases":[[[0.88234,-0.456713,-0.113534],[0.415919,0.643883,0.642204],[-0.220201,-0.613863,0.758079]],[[0.824641,-0.564742,0.0321453],[0.51329,0.72321,-0.462062],[0.237698,0.397535,0.886265]],[[0.824641,-0.564742,0.0321453],[-0.179143,-0.314645,-0.932151],[0.536539,0.762932,-0.360639]],[[0.824641,-0.564742,0.0321453],[-0.488552,-0.739727,-0.462731],[0.285102,0.365882,-0.885916]]],"btipPosition":[-23.4596,242.25,4.32863],"carpPosition":[-12.5346,241.943,56.7252],"dipPosition":[-18.5986,248.488,-10.7761],"direction":[-0.536539,-0.762932,0.360639],"extended":false,"handId":368,"id":3684,"length":49.963,"mcpPosition":[0.0953189,277.152,13.2445],"pipPosition":[-8.21835,263.248,-17.7533],"stabilizedTipPosition":[-24.21,239.811,4.141],"timeVisible":30.9391,"tipPosition":[-22.3463,243.417,1.98125],"tipVelocity":[131.156,263.53,-216.839],"tool":false,"touchDistance":0.333333,"touchZone":"none","type":4,"width":15.8833}],"r":[[0.888163,0.297969,0.34983],[-0.267487,0.954244,-0.133675],[-0.373655,0.0251506,0.927227]],"s":1.4699,"t":[-10.1861,37.9767,-69.2072],"timestamp":15532564603},false],[5,{"currentFrameRate":108.601,"devices":[],"gestures":[{"center":[-143.65,255.461,1.82008],"duration":126267,"handIds":[368],"id":4,"normal":[0.72008,-0.259625,0.64349],"pointableIds":[3681],"progress":0.901661,"radius":46.2846,"state":"update","type":"circle"}],"hands":[{"armBasis":[[0.950933,0.0772167,-0.299606],[0.0415489,0.927714,0.370971],[0.306594,-0.365217,0.878986]],"armWidth":63.029,"confidence":0.919752,"direction":[-0.0307366,0.718459,-0.69489],"elbow":[54.6524,139.545,295.922],"grabStrength":0,"id":368,"palmNormal":[-0.0592112,-0.695306,-0.716271],"palmPosition":[-36.6484,272.633,21.473],"palmVelocity":[91.3875,240.944,-195.725],"palmWidth":90.0033,"pinchStrength":0.412397,"r":[[0.884254,0.301781,0.356404],[-0.27117,0.953122,-0.134259],[-0.380213,0.0220734,0.924635]],"s":1.4723,"sphereCenter":[-55.5933,259.883,-20.4394],"sphereRadius":47.1186,"stabilizedPalmPosition":[-37.8772,269.147,24.3707],"t":[-9.48942,40.0455,-70.9384],"timeVisible":30.948,"type":"right","wrist":[-27.2303,237.084,61.169]}],"id":1189358,"interactionBox":{"center":[0,200,0],"size":[235.247,235.247,147.751]},"pointables":[{"bases":[[[0.448463,0.754398,0.479338],[-0.764526,0.0459567,0.642953],[0.463013,-0.654807,0.597366]],[[0.179738,0.973093,0.144169],[-0.783573,0.0530187,0.619034],[0.594734,-0.224231,0.772018]],[[0.179738,0.973093,0.144169],[-0.980764,0.165921,0.102822],[0.0761345,-0.159877,0.984197]],[[0.179738,0.973093,0.144169],[-0.957023,0.139065,0.254494],[0.227597,-0.183715,0.956268]]],"btipPosition":[-93.0972,248.48,-35.7782],"carpPosition":[-55.8949,227.764,57.6715],"dipPosition":[-87.8284,244.227,-13.6408],"direction":[-0.0761345,0.159877,-0.984197],"extended":false,"handId":368,"id":3680,"length":51.5512,"mcpPosition":[-55.8949,227.764,57.6715],"pipPosition":[-85.2607,238.836,19.5521],"stabilizedTipPosition":[-96.5755,240.692,-23.0232],"timeVisible":30.948,"tipPosition":[-92.7539,247.563,-30.3421],"tipVelocity":[149.166,214.918,-240.546],"tool":false,"touchDistance":-0.0714375,"touchZone":"hovering","type":0,"width":20.0304},{"bases":[[[0.978447,0.101773,-0.179678],[0.0292102,0.793153,0.608321],[0.204423,-0.600458,0.773086]],[[0.962487,0.141917,-0.231254],[-0.00561978,0.862548,0.505944],[0.27127,-0.485665,0.830989]],[[0.962487,0.141917,-0.231254],[-0.0568419,0.938856,0.339585],[0.265307,-0.313701,0.911704]],[[0.962487,0.141917,-0.231254],[-0.0948013,0.974483,0.20346],[0.254227,-0.173904,0.951381]]],"btipPosition":[-84.1587,323.438,-65.7887],"carpPosition":[-47.1149,248.664,63.6602],"dipPosition":[-79.8622,320.499,-49.71],"direction":[-0.265307,0.313701,-0.911704],"extended":true,"handId":368,"id":3681,"length":58.1698,"mcpPosition":[-61.9912,292.36,7.4014],"pipPosition":[-73.5192,312.999,-27.9127],"stabilizedTipPosition":[-84.057,320.081,-60.3604],"timeVisible":30.948,"tipPosition":[-82.8193,320.702,-62.633],"tipVelocity":[113.829,329.082,-189.024],"tool":false,"touchDistance":0.238036,"touchZone":"hovering","type":1,"width":19.133},{"bases":[[[0.977657,-0.117002,-0.174633],[0.198689,0.785565,0.586012],[0.0686215,-0.607616,0.791261]],[[0.976687,-0.109125,-0.184862],[0.0115248,0.886567,-0.462456],[0.214359,0.449545,0.867156]],[[0.976687,-0.109125,-0.184862],[-0.211916,-0.352666,-0.911437],[0.0342662,0.929364,-0.36757]],[[0.976687,-0.109125,-0.184862],[-0.179414,-0.887792,-0.423834],[-0.117868,0.44712,-0.886674]]],"btipPosition":[-49.1245,237.622,-7.06017],"carpPosition":[-35.3958,251.575,62.0692],"dipPosition":[-51.3154,245.933,-23.5419],"direction":[-0.0342662,-0.929364,0.36757],"extended":false,"handId":368,"id":3682,"length":66.2798,"mcpPosition":[-40.1315,293.508,7.46315],"pipPosition":[-50.3516,272.075,-33.8809],"stabilizedTipPosition":[-52.6052,233.879,-5.37604],"timeVisible":30.948,"tipPosition":[-49.3854,239.229,-9.5214],"tipVelocity":[128.08,241.704,-233.222],"tool":false,"touchDistance":0.333333,"touchZone":"none","type":2,"width":18.7912},{"bases":[[[0.959321,-0.264026,-0.0999651],[0.270116,0.755429,0.596963],[-0.0820973,-0.599681,0.796017]],[[0.958695,-0.268404,-0.0941415],[0.180778,0.830504,-0.526861],[0.219597,0.488081,0.844722]],[[0.958695,-0.268404,-0.0941415],[-0.198726,-0.395264,-0.896813],[0.203498,0.878479,-0.432277]],[[0.958695,-0.268404,-0.0941415],[-0.283432,-0.873701,-0.395363],[0.0238657,0.405716,-0.913688]]],"btipPosition":[-34.088,235.369,1.91424],"carpPosition":[-23.4525,251.353,59.8373],"dipPosition":[-33.6469,242.868,-14.972],"direction":[-0.203498,-0.878479,0.432277],"extended":false,"handId":368,"id":3683,"length":63.7298,"mcpPosition":[-18.3657,288.51,10.5155],"pipPosition":[-28.0708,266.939,-26.8171],"stabilizedTipPosition":[-36.2964,232.483,1.99011],"timeVisible":30.948,"tipPosition":[-33.7546,236.979,-0.838547],"tipVelocity":[124.264,243.81,-209.038],"tool":false,"touchDistance":0.333333,"touchZone":"none","type":3,"width":17.881},{"bases":[[[0.885465,-0.452823,-0.104415],[0.407716,0.649199,0.642112],[-0.222977,-0.61114,0.759466]],[[0.826366,-0.561491,0.0429771],[0.515096,0.722828,-0.460647],[0.227584,0.402801,0.886542]],[[0.826366,-0.561491,0.0429771],[-0.16861,-0.31952,-0.932458],[0.537298,0.763305,-0.358713]],[[0.826366,-0.561491,0.0429771],[-0.48119,-0.743706,-0.464067],[0.292531,0.362809,-0.884757]]],"btipPosition":[-22.6439,244.337,2.85572],"carpPosition":[-12.0906,244.325,55.3985],"dipPosition":[-17.6563,250.522,-12.2293],"direction":[-0.537298,-0.763305,0.358713],"extended":false,"handId":368,"id":3684,"length":49.963,"mcpPosition":[0.698616,279.378,11.8383],"pipPosition":[-7.26132,265.29,-19.1692],"stabilizedTipPosition":[-23.2607,241.892,2.47743],"timeVisible":30.948,"tipPosition":[-21.4988,245.499,0.491841],"tipVelocity":[121.47,255.615,-203.017],"tool":false,"touchDistance":0.333333,"touchZone":"none","type":4,"width":15.8833}],"r":[[0.884254,0.301781,0.356404],[-0.27117,0.953122,-0.134259],[-0.380213,0.0220734,0.924635]],"s":1.4723,"t":[-9.48942,40.0455,-70.9384],"timestamp":15532573459},false],[6,{"currentFrameRate":108.567,"devices":[],"gestures":[{"center":[-143.65,255.461,1.82008],"duration":126267,"handIds":[368],"id":4,"normal":[0.72008,-0.259625,0.64349],"pointableIds":[3681],"progress":0.901661,"radius":46.2846,"state":"update","type":"circle"}],"hands":[{"armBasis":[[0.950435,0.0893024,-0.297823],[0.0332004,0.923241,0.382785],[0.309146,-0.3737,0.874515]],"armWidth":63.029,"confidence":0.925309,"direction":[-0.0295491,0.71435,-0.699164],"elbow":[55.6685,140.05,293.015],"grabStrength":0,"id":368,"palmNormal":[-0.04862,-0.699669,-0.712811],"palmPosition":[-36.2098,275.119,19.4824],"palmVelocity":[78.9766,248.595,-201.072],"palmWidth":90.0033,"pinchStrength":0.411494,"r":[[0.88007,0.306367,0.36279],[-0.275125,0.951701,-0.136279],[-0.387019,0.0201224,0.921852]],"s":1.4746,"sphereCenter":[-55.0679,262.197,-22.4075],"sphereRadius":47.1916,"stabilizedPalmPosition":[-37.285,271.268,22.6344],"t":[-8.92181,42.3227,-72.7993],"timeVisible":30.9572,"type":"right","wrist":[-26.8958,239.855,59.4561]}],"id":1189359,"interactionBox":{"center":[0,200,0],"size":[235.247,235.247,147.751]},"pointables":[{"bases":[[[0.439467,0.759993,0.478832],[-0.770215,0.0445224,0.636229],[0.46221,-0.648405,0.604924]],[[0.172927,0.974771,0.141132],[-0.78804,0.0509739,0.61351],[0.590838,-0.21731,0.776973]],[[0.172927,0.974771,0.141132],[-0.982428,0.16049,0.0952824],[0.0702282,-0.155129,0.985395]],[[0.172927,0.974771,0.141132],[-0.961104,0.135672,0.240567],[0.21535,-0.177243,0.960317]]],"btipPosition":[-91.9957,250.392,-38.0584],"carpPosition":[-55.4685,230.327,55.7701],"dipPosition":[-87.0104,246.289,-15.8272],"direction":[-0.0702282,0.155129,-0.985395],"extended":false,"handId":368,"id":3680,"length":51.5512,"mcpPosition":[-55.4685,230.327,55.7701],"pipPosition":[-84.6419,241.057,17.4061],"stabilizedTipPosition":[-95.1869,242.815,-25.4292],"timeVisible":30.9572,"tipPosition":[-91.6703,249.461,-32.6425],"tipVelocity":[138.639,213.5,-241.412],"tool":false,"touchDistance":-0.109081,"touchZone":"hovering","type":0,"width":20.0304},{"bases":[[[0.979246,0.107194,-0.172011],[0.0188946,0.796713,0.604063],[0.201795,-0.594776,0.778152]],[[0.963132,0.147664,-0.224883],[-0.0143492,0.862911,0.505153],[0.268647,-0.483302,0.833216]],[[0.963132,0.147664,-0.224883],[-0.0636824,0.937283,0.342703],[0.261384,-0.315747,0.912131]],[[0.963132,0.147664,-0.224883],[-0.100161,0.972626,0.20968],[0.249689,-0.179425,0.951558]]],"btipPosition":[-83.4465,325.72,-68.2109],"carpPosition":[-46.8759,251.317,61.7146],"dipPosition":[-79.2267,322.688,-52.1292],"direction":[-0.261384,0.315747,-0.912131],"extended":true,"handId":368,"id":3681,"length":58.1698,"mcpPosition":[-61.5609,294.6,5.08703],"pipPosition":[-72.9774,315.139,-30.3217],"stabilizedTipPosition":[-83.2695,322.542,-62.4282],"timeVisible":30.9572,"tipPosition":[-82.1067,323.019,-65.0517],"tipVelocity":[102.874,305.07,-209.344],"tool":false,"touchDistance":0.217292,"touchZone":"hovering","type":1,"width":19.133},{"bases":[[[0.97984,-0.111549,-0.165739],[0.188602,0.790114,0.583223],[0.0658944,-0.602725,0.795224]],[[0.97894,-0.104004,-0.175669],[0.00968842,0.883196,-0.468905],[0.203918,0.457327,0.865603]],[[0.97894,-0.104004,-0.175669],[-0.2017,-0.359892,-0.910931],[0.0315192,0.927179,-0.37329]],[[0.97894,-0.104004,-0.175669],[-0.170153,-0.891148,-0.420598],[-0.112803,0.441631,-0.890077]]],"btipPosition":[-48.2226,239.799,-8.89889],"carpPosition":[-35.163,254.297,60.2058],"dipPosition":[-50.3194,248.008,-25.4438],"direction":[-0.0315192,-0.927179,0.37329],"extended":false,"handId":368,"id":3682,"length":66.2798,"mcpPosition":[-39.7105,295.892,5.32623],"pipPosition":[-49.4328,274.087,-35.9438],"stabilizedTipPosition":[-51.5864,235.918,-7.29021],"timeVisible":30.9572,"tipPosition":[-48.4796,241.43,-11.4502],"tipVelocity":[120.066,239.031,-223.84],"tool":false,"touchDistance":0.333333,"touchZone":"none","type":2,"width":18.7912},{"bases":[[[0.961833,-0.258272,-0.0903998],[0.260129,0.760509,0.594945],[-0.0849077,-0.595753,0.798667]],[[0.961114,-0.263092,-0.083923],[0.180708,0.828983,-0.529275],[0.208819,0.493528,0.84429]],[[0.961114,-0.263092,-0.083923],[-0.187932,-0.400464,-0.896834],[0.202342,0.877731,-0.434334]],[[0.961114,-0.263092,-0.083923],[-0.274517,-0.877201,-0.393901],[0.0300149,0.401622,-0.915314]]],"btipPosition":[-33.2671,237.769,0.093991],"carpPosition":[-23.2,254.141,58.0757],"dipPosition":[-32.7124,245.191,-16.8223],"direction":[-0.202342,-0.877731,0.434334],"extended":false,"handId":368,"id":3683,"length":63.7298,"mcpPosition":[-17.9391,291.054,8.58972],"pipPosition":[-27.1679,269.243,-28.7237],"stabilizedTipPosition":[-35.3163,234.654,0.193473],"timeVisible":30.9572,"tipPosition":[-32.9162,239.37,-2.68312],"tipVelocity":[115.002,247.507,-205.672],"tool":false,"touchDistance":0.333333,"touchZone":"none","type":3,"width":17.881},{"bases":[[[0.889251,-0.447572,-0.0944063],[0.398033,0.655439,0.641849],[-0.225396,-0.608341,0.760998]],[[0.829278,-0.556245,0.0537585],[0.514872,0.723094,-0.46048],[0.217267,0.409545,0.886041]],[[0.829278,-0.556245,0.0537585],[-0.158482,-0.326335,-0.931874],[0.535893,0.764263,-0.358777]],[[0.829278