{"sensorType":"Leap","data":[[0,{"currentFrameRate":101.074,"devices":[],"gestures":[],"hands":[{"armBasis":[[0.952063,0.159293,-0.261156],[-0.0364747,0.906744,0.420101],[0.303721,-0.390437,0.869087]],"armWidth":63.029,"confidence":0.782949,"direction":[-0.0680528,0.72797,-0.682223],"elbow":[63.3843,153.955,290.786],"grabStrength":0,"id":368,"palmNormal":[0.0117516,-0.683176,-0.730159],"palmPosition":[-28.838,293.76,19.4026],"palmVelocity":[44.5586,148.027,-147.188],"palmWidth":90.0033,"pinchStrength":0.351417,"r":[[0.852364,0.334046,0.402354],[-0.316841,0.941979,-0.110849],[-0.416038,-0.0329985,0.908748]],"s":1.4554,"sphereCenter":[-44.5802,280.941,-22.7545],"sphereRadius":46.9314,"stabilizedPalmPosition":[-29.5358,291.3,21.8762],"t":[-1.63624,60.8851,-72.2118],"timeVisible":18.0143,"type":"right","wrist":[-17.7311,258.23,58.6772]}],"id":1187950,"interactionBox":{"center":[0,200,0],"size":[235.247,235.247,147.751]},"pointables":[{"bases":[[[0.377646,0.776322,0.504685],[-0.781569,-0.0250173,0.623316],[0.49652,-0.629839,0.597302]],[[0.145897,0.964153,0.221635],[-0.782341,-0.0246808,0.622361],[0.605521,-0.264195,0.750696]],[[0.145897,0.964153,0.221635],[-0.982262,0.114501,0.148498],[0.117797,-0.239369,0.963756]],[[0.145897,0.964153,0.221635],[-0.976289,0.104105,0.189793],[0.159916,-0.24407,0.956481]]],"btipPosition":[-83.0801,273.608,-37.4565],"carpPosition":[-45.5068,246.84,54.256],"dipPosition":[-79.3781,267.958,-15.3141],"direction":[-0.117797,0.239369,-0.963756],"extended":false,"handId":368,"id":3680,"length":51.5512,"mcpPosition":[-45.5068,246.84,54.256],"pipPosition":[-75.4053,259.885,17.1894],"stabilizedTipPosition":[-83.867,268.895,-28.3461],"timeVisible":18.0143,"tipPosition":[-81.7705,271.28,-32.6871],"tipVelocity":[67.0601,138.216,-167.424],"tool":false,"touchDistance":0.0453788,"touchZone":"hovering","type":0,"width":20.0304},{"bases":[[[0.972024,0.179115,-0.151945],[-0.0464204,0.780634,0.623262],[0.230249,-0.598772,0.76711]],[[0.959776,0.20781,-0.188797],[-0.0492147,0.786548,0.615565],[0.276419,-0.581513,0.765137]],[[0.959776,0.20781,-0.188797],[-0.152759,0.950703,0.269868],[0.235571,-0.230173,0.944207]],[[0.959776,0.20781,-0.188797],[-0.218829,0.974972,-0.0392905],[0.175907,0.0790244,0.98123]]],"btipPosition":[-75.6031,340.673,-66.6425],"carpPosition":[-38.4956,268.219,60.8546],"dipPosition":[-72.6302,342.008,-50.0594],"direction":[-0.235571,0.230173,-0.944207],"extended":true,"handId":368,"id":3681,"length":58.1698,"mcpPosition":[-55.2512,311.793,5.03066],"pipPosition":[-66.9981,336.505,-27.485],"stabilizedTipPosition":[-75.4328,338.536,-60.8391],"timeVisible":18.0143,"tipPosition":[-74.2376,339.076,-62.8117],"tipVelocity":[45.0365,189.646,-157.945],"tool":false,"touchDistance":0.134128,"touchZone":"hovering","type":1,"width":19.133},{"bases":[[[0.987771,-0.0391492,-0.150919],[0.123646,0.786342,0.605291],[0.094977,-0.616549,0.781567]],[[0.988151,-0.0416705,-0.147721],[-0.0384013,0.864708,-0.500804],[0.148604,0.500543,0.852862]],[[0.988151,-0.0416705,-0.147721],[-0.153126,-0.333476,-0.93024],[-0.0104978,0.941837,-0.335906]],[[0.988151,-0.0416705,-0.147721],[-0.112432,-0.851691,-0.511842],[-0.104484,0.522385,-0.846284]]],"btipPosition":[-38.3984,254.523,-9.79388],"carpPosition":[-26.9963,272.041,59.6264],"dipPosition":[-40.3406,264.233,-25.5248],"direction":[0.0104978,-0.941837,0.335906],"extended":false,"handId":368,"id":3682,"length":66.2798,"mcpPosition":[-33.5507,314.59,5.68934],"pipPosition":[-40.6358,290.725,-34.9732],"stabilizedTipPosition":[-40.611,252.52,-8.64411],"timeVisible":18.0143,"tipPosition":[-38.6481,256.229,-12.2176],"tipVelocity":[65.1404,153.587,-175.807],"tool":false,"touchDistance":0.333333,"touchZone":"none","type":2,"width":18.7912},{"bases":[[[0.978831,-0.188618,-0.0794567],[0.196867,0.761481,0.617568],[-0.05598,-0.620137,0.782494]],[[0.978898,-0.187868,-0.080404],[0.113444,0.826861,-0.550846],[0.169969,0.5301,0.830725]],[[0.978898,-0.187868,-0.080404],[-0.145684,-0.365663,-0.919275],[0.143301,0.91159,-0.385316]],[[0.978898,-0.187868,-0.080404],[-0.202835,-0.845443,-0.494048],[0.0248387,0.499932,-0.865709]]],"btipPosition":[-23.4478,253.546,-0.933805],"carpPosition":[-15.0189,272.768,57.7063],"dipPosition":[-22.9888,262.785,-16.9333],"direction":[-0.143301,-0.91159,0.385316],"extended":false,"handId":368,"id":3683,"length":63.7298,"mcpPosition":[-11.5503,311.192,9.22238],"pipPosition":[-19.0621,287.764,-27.4916],"stabilizedTipPosition":[-24.3676,253.075,-1.91147],"timeVisible":18.0143,"tipPosition":[-23.321,255.072,-3.93765],"tipVelocity":[66.1337,155.356,-159.194],"tool":false,"touchDistance":0.333333,"touchZone":"none","type":3,"width":17.881},{"bases":[[[0.919699,-0.382333,-0.0892982],[0.34099,0.665075,0.664381],[-0.194625,-0.64148,0.74204]],[[0.863644,-0.500753,0.0580151],[0.458877,0.733296,-0.501706],[0.208688,0.459917,0.863091]],[[0.863644,-0.500753,0.0580151],[-0.117803,-0.312382,-0.942624],[0.490144,0.807257,-0.328777]],[[0.863644,-0.500753,0.0580151],[-0.391661,-0.739002,-0.548159],[0.317365,0.450692,-0.83436]]],"btipPosition":[-14.0776,264.116,1.27931],"carpPosition":[-3.04781,266.711,53.4409],"dipPosition":[-8.66654,271.8,-12.9464],"direction":[-0.490144,-0.807257,0.328777],"extended":false,"handId":368,"id":3684,"length":49.963,"mcpPosition":[8.11518,303.504,10.8801],"pipPosition":[0.816139,287.418,-19.3072],"stabilizedTipPosition":[-13.5399,263.996,-0.180421],"timeVisible":18.0143,"tipPosition":[-13.1058,265.304,-1.46332],"tipVelocity":[64.0336,156.859,-146.283],"tool":false,"touchDistance":0.333333,"touchZone":"none","type":4,"width":15.8833}],"r":[[0.852364,0.334046,0.402354],[-0.316841,0.941979,-0.110849],[-0.416038,-0.0329985,0.908748]],"s":1.4554,"t":[-1.63624,60.8851,-72.2118],"timestamp":15519639760},false],[1,{"currentFrameRate":101.669,"devices":[],"gestures":[],"hands":[{"armBasis":[[0.952915,0.159408,-0.257959],[-0.0376363,0.906274,0.421011],[0.300894,-0.391479,0.869601]],"armWidth":63.029,"confidence":0.774562,"direction":[-0.0671471,0.729268,-0.680925],"elbow":[62.8002,154.337,290.179],"grabStrength":0,"id":368,"palmNormal":[0.013319,-0.681749,-0.731465],"palmPosition":[-28.6123,294.491,18.708],"palmVelocity":[39.6016,131.013,-129.257],"palmWidth":90.0033,"pinchStrength":0.353128,"r":[[0.848327,0.337069,0.40832],[-0.320582,0.940748,-0.110546],[-0.421388,-0.0371209,0.90612]],"s":1.45749,"sphereCenter":[-44.3146,281.741,-23.5147],"sphereRadius":46.9469,"stabilizedPalmPosition":[-29.3057,292.095,21.0869],"t":[-1.19647,62.4287,-73.8232],"timeVisible":18.023,"type":"right","wrist":[-17.5602,258.89,57.9329]}],"id":1187951,"interactionBox":{"center":[0,200,0],"size":[235.247,235.247,147.751]},"pointables":[{"bases":[[[0.376438,0.775492,0.506859],[-0.782657,-0.0265468,0.621886],[0.495724,-0.630799,0.596952]],[[0.145116,0.963777,0.223773],[-0.783275,-0.0262757,0.621119],[0.604501,-0.26541,0.75109]],[[0.145116,0.963777,0.223773],[-0.982448,0.11357,0.147977],[0.117203,-0.241319,0.963342]],[[0.145116,0.963777,0.223773],[-0.976729,0.103443,0.187882],[0.157929,-0.24583,0.956361]]],"btipPosition":[-82.7802,274.432,-38.2746],"carpPosition":[-45.3234,247.498,53.4406],"dipPosition":[-79.1242,268.741,-16.135],"direction":[-0.117203,0.241319,-0.963342],"extended":false,"handId":368,"id":3680,"length":51.5512,"mcpPosition":[-45.3234,247.498,53.4406],"pipPosition":[-75.1714,260.603,16.3545],"stabilizedTipPosition":[-83.4856,269.732,-29.303],"timeVisible":18.023,"tipPosition":[-81.475,272.114,-33.5049],"tipVelocity":[58.0557,126.353,-147.904],"tool":false,"touchDistance":0.0317324,"touchZone":"hovering","type":0,"width":20.0304},{"bases":[[[0.972217,0.179805,-0.149881],[-0.0478391,0.779402,0.624696],[0.229141,-0.60017,0.766349]],[[0.959864,0.208905,-0.187134],[-0.0508193,0.785732,0.616476],[0.275822,-0.582223,0.764813]],[[0.959864,0.208905,-0.187134],[-0.153491,0.949717,0.272905],[0.234736,-0.233229,0.943665]],[[0.959864,0.208905,-0.187134],[-0.218945,0.975129,-0.0344579],[0.175281,0.074047,0.98173]]],"btipPosition":[-75.3035,341.609,-67.3304],"carpPosition":[-38.3326,268.867,60.0931],"dipPosition":[-72.3412,342.861,-50.7388],"direction":[-0.234736,0.233229,-0.943665],"extended":true,"handId":368,"id":3681,"length":58.1698,"mcpPosition":[-55.0076,312.542,4.3245],"pipPosition":[-66.729,337.285,-28.1774],"stabilizedTipPosition":[-75.1806,339.582,-61.6712],"timeVisible":18.023,"tipPosition":[-73.9421,340.041,-63.4987],"tipVelocity":[42.1444,167.217,-136.878],"tool":false,"touchDistance":0.123727,"touchZone":"hovering","type":1,"width":19.133},{"bases":[[[0.988051,-0.0384548,-0.149251],[0.122257,0.785213,0.607036],[0.0938504,-0.61803,0.780532]],[[0.988454,-0.0411706,-0.145819],[-0.0371988,0.866986,-0.496942],[0.146883,0.496629,0.855445]],[[0.988454,-0.0411706,-0.145819],[-0.151214,-0.329156,-0.93209],[-0.00962253,0.943378,-0.331581]],[[0.988454,-0.0411706,-0.145819],[-0.1114,-0.849793,-0.515211],[-0.102705,0.525507,-0.844568]]],"btipPosition":[-38.1327,255.365,-10.733],"carpPosition":[-26.8327,272.695,58.8926],"dipPosition":[-40.0418,265.133,-26.432],"direction":[0.00962253,-0.943378,0.331581],"extended":false,"handId":368,"id":3682,"length":66.2798,"mcpPosition":[-33.3094,315.346,5.02691],"pipPosition":[-40.3124,291.668,-35.7587],"stabilizedTipPosition":[-40.2323,253.465,-9.70261],"timeVisible":18.023,"tipPosition":[-38.3747,257.082,-13.1436],"tipVelocity":[56.1587,138.873,-157.518],"tool":false,"touchDistance":0.333333,"touchZone":"none","type":2,"width":18.7912},{"bases":[[[0.979046,-0.188066,-0.0780959],[0.195466,0.760358,0.619394],[-0.0571065,-0.621681,0.781186]],[[0.979115,-0.187315,-0.0790403],[0.114009,0.827757,-0.549381],[0.168333,0.528896,0.831825]],[[0.979115,-0.187315,-0.0790403],[-0.144059,-0.36487,-0.919846],[0.143461,0.912021,-0.384234]],[[0.979115,-0.187315,-0.0790403],[-0.201648,-0.845145,-0.495044],[0.0259285,0.500643,-0.865265]]],"btipPosition":[-23.1636,254.333,-1.65049],"carpPosition":[-14.8522,273.431,56.995],"dipPosition":[-22.6844,263.585,-17.6418],"direction":[-0.143461,-0.912021,0.384234],"extended":false,"handId":368,"id":3683,"length":63.7298,"mcpPosition":[-11.3138,311.951,8.59216],"pipPosition":[-18.7533,288.576,-28.1704],"stabilizedTipPosition":[-24.043,253.911,-2.75532],"timeVisible":18.023,"tipPosition":[-23.0355,255.87,-4.68472],"tipVelocity":[57.3633,138.169,-138.68],"tool":false,"touchDistance":0.333333,"touchZone":"none","type":3,"width":17.881},{"bases":[[[0.920012,-0.381786,-0.0884184],[0.339545,0.663919,0.666274],[-0.195671,-0.643002,0.740447]],[[0.86361,-0.500716,0.0588352],[0.460012,0.734843,-0.498392],[0.206318,0.457481,0.864953]],[[0.86361,-0.500716,0.0588352],[-0.115507,-0.310102,-0.94366],[0.490751,0.808158,-0.325643]],[[0.86361,-0.500716,0.0588352],[-0.390422,-0.738045,-0.550327],[0.318981,0.452297,-0.832874]]],"btipPosition":[-13.7973,264.92,0.517732],"carpPosition":[-2.87116,267.387,52.739],"dipPosition":[-8.35872,272.631,-13.6827],"direction":[-0.490751,-0.808158,0.325643],"extended":false,"handId":368,"id":3684,"length":49.963,"mcpPosition":[8.35183,304.267,10.2696],"pipPosition":[1.13569,288.267,-19.9828],"stabilizedTipPosition":[-13.2479,264.789,-0.935145],"timeVisible":18.023,"tipPosition":[-12.8183,266.114,-2.2179],"tipVelocity":[55.7541,139.889,-130.466],"tool":false,"touchDistance":0.333333,"touchZone":"none","type":4,"width":15.8833}],"r":[[0.848327,0.337069,0.40832],[-0.320582,0.940748,-0.110546],[-0.421388,-0.0371209,0.90612]],"s":1.45749,"t":[-1.19647,62.4287,-73.8232],"timestamp":15519648452},false],[2,{"currentFrameRate":102.188,"devices":[],"gestures":[],"hands":[{"armBasis":[[0.953278,0.161782,-0.255124],[-0.0409408,0.905909,0.421488],[0.299309,-0.39135,0.870206]],"armWidth":63.029,"confidence":0.745478,"direction":[-0.0656454,0.727238,-0.683239],"elbow":[62.3816,155.236,289.551],"grabStrength":0,"id":368,"palmNormal":[0.017702,-0.68376,-0.729493],"palmPosition":[-28.5089,295.226,17.7725],"palmVelocity":[32.1093,118.226,-123.105],"palmWidth":90.0033,"pinchStrength":0.352066,"r":[[0.844583,0.340012,0.413608],[-0.323833,0.939566,-0.111122],[-0.426394,-0.0400882,0.903649]],"s":1.4592,"sphereCenter":[-44.0598,282.323,-24.4775],"sphereRadius":46.9685,"stabilizedPalmPosition":[-29.1175,292.835,20.304],"t":[-0.924855,63.5677,-75.0967],"timeVisible":18.0318,"type":"right","wrist":[-17.5555,259.755,57.1431]}],"id":1187952,"interactionBox":{"center":[0,200,0],"size":[235.247,235.247,147.751]},"pointables":[{"bases":[[[0.372823,0.777618,0.506274],[-0.785229,-0.026302,0.618646],[0.494386,-0.628187,0.600802]],[[0.142481,0.964613,0.221858],[-0.785311,-0.0262665,0.618544],[0.602483,-0.262358,0.753778]],[[0.142481,0.964613,0.221858],[-0.983035,0.11175,0.145447],[0.115508,-0.238817,0.96417]],[[0.142481,0.964613,0.221858],[-0.977997,0.102693,0.181592],[0.152383,-0.24285,0.958021]]],"btipPosition":[-82.4495,274.928,-39.3488],"carpPosition":[-45.2778,248.297,52.5654],"dipPosition":[-78.9218,269.306,-17.1708],"direction":[-0.115508,0.238817,-0.96417],"extended":false,"handId":368,"id":3680,"length":51.5512,"mcpPosition":[-45.2778,248.297,52.5654],"pipPosition":[-75.0262,261.252,15.3466],"stabilizedTipPosition":[-83.1467,270.447,-30.2099],"timeVisible":18.0318,"tipPosition":[-81.1646,272.656,-34.5653],"tipVelocity":[51.651,107.997,-140.709],"tool":false,"touchDistance":0.0139762,"touchZone":"hovering","type":0,"width":20.0304},{"bases":[[[0.972501,0.181236,-0.146275],[-0.0519548,0.781048,0.622306],[0.227032,-0.597593,0.768986]],[[0.960053,0.21063,-0.184207],[-0.0552183,0.787978,0.613222],[0.274314,-0.578554,0.768132]],[[0.960053,0.21063,-0.184207],[-0.156425,0.949835,0.270824],[0.23201,-0.231191,0.94484]],[[0.960053,0.21063,-0.184207],[-0.220547,0.974753,-0.0348766],[0.17221,0.0741097,0.982269]]],"btipPosition":[-74.9919,342.047,-68.6059],"carpPosition":[-38.3556,269.698,59.1877],"dipPosition":[-72.0815,343.3,-52.0052],"direction":[-0.23201,0.231191,-0.94484],"extended":true,"handId":368,"id":3681,"length":58.1698,"mcpPosition":[-54.8771,313.186,3.2272],"pipPosition":[-66.5345,337.772,-29.4157],"stabilizedTipPosition":[-74.9309,340.383,-62.578],"timeVisible":18.0318,"tipPosition":[-73.6403,340.542,-64.7592],"tipVelocity":[39.975,135.626,-139.022],"tool":false,"touchDistance":0.102502,"touchZone":"hovering","type":1,"width":19.133},{"bases":[[[0.988745,-0.0369905,-0.144968],[0.118203,0.787134,0.605349],[0.0917168,-0.615672,0.782647]],[[0.989153,-0.0397967,-0.141398],[-0.036577,0.86555,-0.499484],[0.142265,0.499238,0.854706]],[[0.989153,-0.0397967,-0.141398],[-0.146561,-0.33195,-0.931842],[-0.00985294,0.942457,-0.334182]],[[0.989153,-0.0397967,-0.141398],[-0.107641,-0.851386,-0.513377],[-0.0999539,0.523028,-0.846434]]],"btipPosition":[-37.8352,255.999,-11.6034],"carpPosition":[-26.858,273.545,58.025],"dipPosition":[-39.6932,265.721,-27.3371],"direction":[0.00985294,-0.942457,0.334182],"extended":false,"handId":368,"id":3682,"length":66.2798,"mcpPosition":[-33.1875,316.033,4.01343],"pipPosition":[-39.9703,292.231,-36.737],"stabilizedTipPosition":[-39.8838,254.309,-10.6791],"timeVisible":18.0318,"tipPosition":[-38.0706,257.716,-14.0342],"tipVelocity":[50.5084,120.596,-142.011],"tool":false,"touchDistance":0.333333,"touchZone":"none","type":2,"width":18.7912},{"bases":[[[0.979722,-0.18642,-0.0734331],[0.191406,0.762453,0.618086],[-0.0592343,-0.619608,0.782673]],[[0.9798,-0.185599,-0.0744703],[0.114316,0.82535,-0.552928],[0.164087,0.533246,0.829894]],[[0.9798,-0.185599,-0.0744703],[-0.140056,-0.371035,-0.917996],[0.142748,0.909882,-0.389534]],[[0.9798,-0.185599,-0.0744703],[-0.198039,-0.84872,-0.490361],[0.027806,0.495204,-0.868332]]],"btipPosition":[-22.878,255.039,-2.27437],"carpPosition":[-14.871,274.298,56.1761],"dipPosition":[-22.3641,264.191,-18.3223],"direction":[-0.142748,-0.909882,0.389534],"extended":false,"handId":368,"id":3683,"length":63.7298,"mcpPosition":[-11.2008,312.69,7.68104],"pipPosition":[-18.4526,289.123,-28.9962],"stabilizedTipPosition":[-23.735,254.687,-3.52579],"timeVisible":18.0318,"tipPosition":[-22.7504,256.589,-5.42121],"tipVelocity":[50.9097,121.876,-120.85],"tool":false,"touchDistance":0.333333,"touchZone":"none","type":3,"width":17.881},{"bases":[[[0.921098,-0.380279,-0.0834631],[0.335468,0.666419,0.665843],[-0.197585,-0.641306,0.741409]],[[0.864221,-0.49902,0.0640365],[0.460893,0.734222,-0.498494],[0.201742,0.460323,0.864525]],[[0.864221,-0.49902,0.0640365],[-0.11106,-0.313363,-0.943117],[0.490701,0.807949,-0.326237]],[[0.864221,-0.49902,0.0640365],[-0.386928,-0.740594,-0.54937],[0.321572,0.45,-0.833122]]],"btipPosition":[-13.5602,265.645,-0.258159],"carpPosition":[-2.86066,268.265,51.9876],"dipPosition":[-8.07741,273.317,-14.4628],"direction":[-0.490701,-0.807949,0.326237],"extended":false,"handId":368,"id":3684,"length":49.963,"mcpPosition":[8.4721,305.048,9.46302],"pipPosition":[1.41604,288.948,-20.7744],"stabilizedTipPosition":[-12.9797,265.529,-1.66719],"timeVisible":18.0318,"tipPosition":[-12.5674,266.837,-3.009],"tipVelocity":[48.3176,124.15,-119.132],"tool":false,"touchDistance":0.333333,"touchZone":"none","type":4,"width":15.8833}],"r":[[0.844583,0.340012,0.413608],[-0.323833,0.939566,-0.111122],[-0.426394,-0.0400882,0.903649]],"s":1.4592,"t":[-0.924855,63.5677,-75.0967],"timestamp":15519657244},false],[3,{"currentFrameRate":102.534,"devices":[],"gestures":[],"hands":[{"armBasis":[[0.95468,0.158163,-0.252131],[-0.0404723,0.908237,0.416494],[0.294868,-0.387414,0.873477]],"armWidth":63.029,"confidence":0.701247,"direction":[-0.0629652,0.727419,-0.683298],"elbow":[60.9817,158.027,288.234],"grabStrength":0,"id":368,"palmNormal":[0.0179698,-0.68372,-0.729524],"palmPosition":[-28.5798,296.989,15.563],"palmVelocity":[21.0569,139.196,-156.314],"palmWidth":90.0033,"pinchStrength":0.352457,"r":[[0.841509,0.342043,0.418174],[-0.326047,0.93873,-0.111711],[-0.430762,-0.0423387,0.901472]],"s":1.46068,"sphereCenter":[-44.1701,284.136,-26.702],"sphereRadius":46.9942,"stabilizedPalmPosition":[-28.9975,293.761,19.2463],"t":[-0.824491,65.0188,-76.8382],"timeVisible":18.0408,"type":"right","wrist":[-17.7694,261.495,54.9523]}],"id":1187953,"interactionBox":{"center":[0,200,0],"size":[235.247,235.247,147.751]},"pointables":[{"bases":[[[0.373175,0.776905,0.507108],[-0.78653,-0.0249668,0.617047],[0.492048,-0.629122,0.601742]],[[0.143485,0.96445,0.221919],[-0.786583,-0.0249437,0.616981],[0.600583,-0.263085,0.755041]],[[0.143485,0.96445,0.221919],[-0.983015,0.112965,0.144641],[0.11443,-0.238904,0.964277]],[[0.143485,0.96445,0.221919],[-0.978885,0.105322,0.175187],[0.145586,-0.24237,0.959198]]],"btipPosition":[-82.3868,276.745,-41.6903],"carpPosition":[-45.5027,250.087,50.3171],"dipPosition":[-79.0165,271.134,-19.4851],"direction":[-0.11443,0.238904,-0.964277],"extended":false,"handId":368,"id":3680,"length":51.5512,"mcpPosition":[-45.5027,250.087,50.3171],"pipPosition":[-75.1572,263.077,13.036],"stabilizedTipPosition":[-83.1467,270.447,-30.2099],"timeVisible":18.0408,"tipPosition":[-81.1655,274.523,-36.881],"tipVelocity":[38.1518,133.528,-172.875],"tool":false,"touchDistance":-0.0749445,"touchZone":"hovering","type":0,"width":20.0304},{"bases":[[[0.973116,0.179522,-0.14428],[-0.0518319,0.781079,0.622277],[0.224407,-0.59807,0.769386]],[[0.960486,0.209615,-0.183106],[-0.0553645,0.788622,0.612381],[0.272766,-0.578046,0.769065]],[[0.960486,0.209615,-0.183106],[-0.154757,0.949015,0.274628],[0.231336,-0.23544,0.943955]],[[0.960486,0.209615,-0.183106],[-0.218018,0.975577,-0.0268019],[0.173015,0.0656632,0.982728]]],"btipPosition":[-74.9329,344.082,-70.8934],"carpPosition":[-38.556,271.475,56.9556],"dipPosition":[-72.0089,345.191,-54.285],"direction":[-0.231336,0.23544,-0.943955],"extended":true,"handId":368,"id":3681,"length":58.1698,"mcpPosition":[-54.8864,314.997,0.965983],"pipPosition":[-66.478,339.562,-31.7166],"stabilizedTipPosition":[-74.7473,341.466,-63.8092],"timeVisible":18.0408,"tipPosition":[-73.579,342.598,-67.0459],"tipVelocity":[30.795,159.03,-170.145],"tool":false,"touchDistance":0.0644072,"touchZone":"hovering","type":1,"width":19.133},{"bases":[[[0.98897,-0.0387329,-0.142962],[0.118371,0.786865,0.605667],[0.0890326,-0.615909,0.78277]],[[0.989398,-0.0417738,-0.139095],[-0.0337556,0.865368,-0.499999],[0.141255,0.499393,0.854783]],[[0.989398,-0.0417738,-0.139095],[-0.145048,-0.332489,-0.931887],[-0.00731909,0.942182,-0.335023]],[[0.989398,-0.0417738,-0.139095],[-0.108063,-0.851621,-0.512898],[-0.0970305,0.522491,-0.847106]]],"btipPosition":[-37.9186,257.782,-13.7878],"carpPosition":[-27.0492,275.302,55.8167],"dipPosition":[-39.7223,267.495,-29.534],"direction":[0.00731909,-0.942182,0.335023],"extended":false,"handId":368,"id":3682,"length":66.2798,"mcpPosition":[-33.1934,317.806,1.79656],"pipPosition":[-39.9281,293.996,-38.9575],"stabilizedTipPosition":[-39.6217,255.274,-11.8173],"timeVisible":18.0408,"tipPosition":[-38.1502,259.514,-16.2748],"tipVelocity":[34.3595,141.446,-169.307],"tool":false,"touchDistance":0.333333,"touchZone":"none","type":2,"width":18.7912},{"bases":[[[0.979537,-0.188153,-0.071461],[0.191503,0.762052,0.61855],[-0.061925,-0.619577,0.782489]],[[0.979664,-0.186856,-0.0730981],[0.11622,0.82543,-0.552411],[0.163559,0.532681,0.830361]],[[0.979664,-0.186856,-0.0730981],[-0.139193,-0.370518,-0.918336],[0.144513,0.909836,-0.388992]],[[0.979664,-0.186856,-0.0730981],[-0.198433,-0.848327,-0.490883],[0.0297135,0.495406,-0.868153]]],"btipPosition":[-22.9577,256.795,-4.48568],"carpPosition":[-15.0571,276.034,53.9921],"dipPosition":[-22.4086,265.95,-20.5304],"direction":[-0.144513,-0.909836,0.388992],"extended":false,"handId":368,"id":3683,"length":63.7298,"mcpPosition":[-11.2202,314.423,5.5085],"pipPosition":[-18.4487,290.881,-31.1894],"stabilizedTipPosition":[-23.528,255.652,-4.59141],"timeVisible":18.0408,"tipPosition":[-22.8316,258.356,-7.63914],"tipVelocity":[34.6289,141.638,-154.717],"tool":false,"touchDistance":0.333333,"touchZone":"none","type":3,"width":17.881},{"bases":[[[0.920589,-0.381907,-0.0816295],[0.335297,0.665758,0.66659],[-0.20023,-0.641025,0.740942]],[[0.863174,-0.500601,0.0657967],[0.462985,0.732766,-0.498698],[0.201435,0.460926,0.864275]],[[0.863174,-0.500601,0.0657967],[-0.110914,-0.31513,-0.942545],[0.492574,0.806282,-0.327536]],[[0.863174,-0.500601,0.0657967],[-0.387954,-0.740982,-0.548122],[0.323145,0.447598,-0.833807]]],"btipPosition":[-13.6492,267.395,-2.34595],"carpPosition":[-3.04905,269.98,49.8275],"dipPosition":[-8.13962,275.027,-16.5623],"direction":[-0.492574,-0.806282,0.327536],"extended":false,"handId":368,"id":3684,"length":49.963,"mcpPosition":[8.43541,306.747,7.32969],"pipPosition":[1.39006,290.625,-22.899],"stabilizedTipPosition":[-12.8192,266.502,-2.7274],"timeVisible":18.0408,"tipPosition":[-12.6382,268.602,-5.15609],"tipVelocity":[32.4116,142.802,-149.817],"tool":false,"touchDistance":0.333333,"touchZone":"none","type":4,"width":15.8833}],"r":[[0.841509,0.342043,0.418174],[-0.326047,0.93873,-0.111711],[-0.430762,-0.0423387,0.901472]],"s":1.46068,"t":[-0.824491,65.0188,-76.8382],"timestamp":15519666336},false],[4,{"currentFrameRate":102.857,"devices":[],"gestures":[],"hands":[{"armBasis":[[0.954423,0.154101,-0.255597],[-0.0361982,0.909839,0.41338],[0.296255,-0.385288,0.873949]],"armWidth":63.029,"confidence":0.703246,"direction":[-0.0603331,0.726741,-0.684257],"elbow":[61.0575,160.296,286.472],"grabStrength":0,"id":368,"palmNormal":[0.0143159,-0.684805,-0.728585],"palmPosition":[-28.7509,298.683,13.6348],"palmVelocity":[10.004,152.163,-171.673],"palmWidth":90.0033,"pinchStrength":0.352491,"r":[[0.839405,0.343031,0.421578],[-0.327002,0.938316,-0.112398],[-0.43413,-0.0435096,0.899799]],"s":1.46209,"sphereCenter":[-44.5683,285.873,-28.5686],"sphereRadius":47.0264,"stabilizedPalmPosition":[-28.9975,293.761,19.2463],"t":[-0.859879,66.5912,-78.673],"timeVisible":18.05,"type":"right","wrist":[-18.0638,263.196,53.0643]}],"id":1187954,"interactionBox":{"center":[0,200,0],"size":[235.247,235.247,147.751]},"pointables":[{"bases":[[[0.377045,0.775949,0.505707],[-0.786102,-0.0206273,0.617753],[0.489776,-0.630458,0.602198]],[[0.147604,0.964262,0.220027],[-0.786008,-0.0206683,0.61787],[0.600336,-0.264143,0.754867]],[[0.147604,0.964262,0.220027],[-0.98225,0.116881,0.14671],[0.11575,-0.237776,0.964398]],[[0.147604,0.964262,0.220027],[-0.979265,0.111273,0.169285],[0.138752,-0.240452,0.960693]]],"btipPosition":[-82.6096,278.533,-43.5689],"carpPosition":[-45.8513,251.904,48.4687],"dipPosition":[-79.3975,272.966,-21.3291],"direction":[-0.11575,0.237776,-0.964399],"extended":false,"handId":368,"id":3680,"length":51.5512,"mcpPosition":[-45.8513,251.904,48.4687],"pipPosition":[-75.4937,264.947,11.1961],"stabilizedTipPosition":[-82.9997,271.232,-31.1602],"timeVisible":18.05,"tipPosition":[-81.4664,276.378,-38.7279],"tipVelocity":[19.6762,151.226,-181.885],"tool":false,"touchDistance":-0.106121,"touchZone":"hovering","type":0,"width":20.0304},{"bases":[[[0.973777,0.175012,-0.145362],[-0.0478391,0.782165,0.621233],[0.22242,-0.597988,0.770026]],[[0.96089,0.205877,-0.185216],[-0.0515952,0.790198,0.610676],[0.272081,-0.577236,0.769916]],[[0.96089,0.205877,-0.185216],[-0.1496,0.948729,0.278449],[0.233046,-0.239851,0.942423]],[[0.96089,0.205877,-0.185216],[-0.212761,0.976941,-0.0178704],[0.177266,0.0565782,0.982535]]],"btipPosition":[-75.1203,346.096,-72.8204],"carpPosition":[-38.8043,273.271,55.0714],"dipPosition":[-72.1244,347.052,-56.2153],"direction":[-0.233046,0.239851,-0.942423],"extended":true,"handId":368,"id":3681,"length":58.1698,"mcpPosition":[-54.9902,316.787,-0.964799],"pipPosition":[-66.5527,341.318,-33.6835],"stabilizedTipPosition":[-74.667,342.698,-65.1281],"timeVisible":18.05,"tipPosition":[-73.7541,344.625,-68.9789],"tipVelocity":[17.0503,175.182,-181.655],"tool":false,"touchDistance":0.0322774,"touchZone":"hovering","type":1,"width":19.133},{"bases":[[[0.988665,-0.0433091,-0.143753],[0.122373,0.787174,0.604469],[0.0869794,-0.615209,0.783551]],[[0.98912,-0.0466265,-0.139525],[-0.0301714,0.863982,-0.502618],[0.143982,0.501359,0.853175]],[[0.98912,-0.0466265,-0.139525],[-0.147071,-0.335231,-0.930586],[-0.00338311,0.940981,-0.338441]],[[0.98912,-0.0466265,-0.139525],[-0.112141,-0.852841,-0.509987],[-0.0952136,0.520085,-0.848791]]],"btipPosition":[-38.284,259.462,-15.5369],"carpPosition":[-27.2817,277.045,53.9173],"dipPosition":[-40.0538,269.129,-31.3144],"direction":[0.00338311,-0.940981,0.338441],"extended":false,"handId":368,"id":3682,"length":66.2798,"mcpPosition":[-33.2842,319.501,-0.156666],"pipPosition":[-40.149,295.597,-40.8341],"stabilizedTipPosition":[-39.4738,256.293,-12.9848],"timeVisible":18.05,"tipPosition":[-38.5201,261.217,-18.1276],"tipVelocity":[13.9399,153.045,-175.827],"tool":false,"touchDistance":0.333333,"touchZone":"none","type":2,"width":18.7912},{"bases":[[[0.978632,-0.192587,-0.0720356],[0.195406,0.762055,0.617324],[-0.0639931,-0.618209,0.783404]],[[0.978822,-0.190713,-0.074408],[0.11858,0.824483,-0.553323],[0.166874,0.532781,0.829637]],[[0.978822,-0.190713,-0.074408],[-0.142068,-0.371128,-0.91765],[0.147393,0.908786,-0.390362]],[[0.978822,-0.190713,-0.074408],[-0.202477,-0.848314,-0.489252],[0.0301856,0.493956,-0.868963]]],"btipPosition":[-23.2947,258.448,-6.36846],"carpPosition":[-15.2881,277.721,52.0815],"dipPosition":[-22.7369,267.577,-22.4281],"direction":[-0.147393,-0.908786,0.390362],"extended":false,"handId":368,"id":3683,"length":63.7298,"mcpPosition":[-11.323,316.026,3.54121],"pipPosition":[-18.698,292.48,-33.1247],"stabilizedTipPosition":[-23.4514,256.69,-5.75052],"timeVisible":18.05,"tipPosition":[-23.1785,260.013,-9.53522],"tipVelocity":[14.8217,152.526,-169.24],"tool":false,"touchDistance":0.333333,"touchZone":"none","type":3,"width":17.881},{"bases":[[[0.918819,-0.386092,-0.0818838],[0.338814,0.665193,0.665375],[-0.202427,-0.639102,0.742005]],[[0.861001,-0.504334,0.0657674],[0.465519,0.729362,-0.501322],[0.204865,0.462254,0.862758]],[[0.861001,-0.504334,0.0657674],[-0.114377,-0.317998,-0.941167],[0.495576,0.802823,-0.331481]],[[0.861001,-0.504334,0.0657674],[-0.392538,-0.741162,-0.544603],[0.323406,0.443087,-0.836111]]],"btipPosition":[-13.9671,269.011,-4.15066],"carpPosition":[-3.3105,271.608,47.915],"dipPosition":[-8.45309,276.565,-18.4063],"direction":[-0.495576,-0.802823,0.331481],"extended":false,"handId":368,"id":3684,"length":49.963,"mcpPosition":[8.29999,308.265,5.3563],"pipPosition":[1.13468,292.097,-24.8193],"stabilizedTipPosition":[-12.7895,267.55,-3.8887],"timeVisible":18.05,"tipPosition":[-12.9439,270.224,-7.02323],"tipVelocity":[13.77,151.854,-163.492],"tool":false,"touchDistance":0.333333,"touchZone":"none","type":4,"width":15.8833}],"r":[[0.839405,0.343031,0.421578],[-0.327002,0.938316,-0.112398],[-0.43413,-0.0435096,0.899799]],"s":1.46209,"t":[-0.859879,66.5912,-78.673],"timestamp":15519675445},false],[5,{"currentFrameRate":103.26,"devices":[],"gestures":[],"hands":[{"armBasis":[[0.955946,0.150089,-0.252271],[-0.0346039,0.911028,0.41089],[0.291496,-0.384059,0.876087]],"armWidth":63.029,"confidence":0.707111,"direction":[-0.0590385,0.725885,-0.685278],"elbow":[59.7152,161.634,286.041],"grabStrength":0,"id":368,"palmNormal":[0.0130534,-0.685855,-0.727621],"palmPosition":[-28.7592,299.656,12.5832],"palmVelocity":[7.02239,140.413,-157.006],"palmWidth":90.0033,"pinchStrength":0.354386,"r":[[0.837839,0.343634,0.424195],[-0.327424,0.938071,-0.113213],[-0.436829,-0.0440371,0.898466]],"s":1.46341,"sphereCenter":[-44.7208,286.845,-29.5753],"sphereRadius":47.0614,"stabilizedPalmPosition":[-28.9975,293.761,19.2463],"t":[-0.881746,67.8639,-80.1162],"timeVisible":18.0589,"type":"right","wrist":[-18.1352,264.205,52.0623]}],"id":1187955,"interactionBox":{"center":[0,200,0],"size":[235.247,235.247,147.751]},"pointables":[{"bases":[[[0.378465,0.775976,0.504603],[-0.786118,-0.0183345,0.617804],[0.488653,-0.630495,0.60307]],[[0.148766,0.964562,0.217921],[-0.785823,-0.0184643,0.618176],[0.600293,-0.263211,0.755227]],[[0.148766,0.964562,0.217921],[-0.981935,0.118033,0.147892],[0.11693,-0.235986,0.964696]],[[0.148766,0.964562,0.217921],[-0.980226,0.114761,0.161205],[0.130483,-0.237594,0.962561]]],"btipPosition":[-82.5477,279.413,-44.6252],"carpPosition":[-45.9433,252.958,47.4834],"dipPosition":[-79.5271,273.913,-22.3421],"direction":[-0.11693,0.235986,-0.964696],"extended":false,"handId":368,"id":3680,"length":51.5512,"mcpPosition":[-45.9433,252.958,47.4834],"pipPosition":[-75.5835,265.954,10.1931],"stabilizedTipPosition":[-82.8328,272.238,-32.3736],"timeVisible":18.0589,"tipPosition":[-81.4949,277.353,-39.7447],"tipVelocity":[14.8579,137.372,-164.276],"tool":false,"touchDistance":-0.123561,"touchZone":"hovering","type":0,"width":20.0304},{"bases":[[[0.974087,0.173044,-0.145636],[-0.0464035,0.783124,0.620132],[0.221361,-0.597305,0.770861]],[[0.960919,0.204601,-0.186473],[-0.0503656,0.791577,0.60899],[0.272208,-0.575799,0.770947]],[[0.960919,0.204601,-0.186473],[-0.147227,0.948154,0.281653],[0.234432,-0.243192,0.941222]],[[0.960919,0.204601,-0.186473],[-0.21012,0.977623,-0.0101088],[0.180232,0.0488955,0.982408]]],"btipPosition":[-75.1849,347.244,-73.9097],"carpPosition":[-38.8573,274.32,54.0559],"dipPosition":[-72.1389,348.071,-57.3066],"direction":[-0.234432,0.243192,-0.941222],"extended":true,"handId":368,"id":3681,"length":58.1698,"mcpPosition":[-54.9662,317.787,-2.04107],"pipPosition":[-66.5341,342.256,-34.8036],"stabilizedTipPosition":[-74.6243,343.804,-66.287],"timeVisible":18.0589,"tipPosition":[-73.8089,345.792,-70.0738],"tipVelocity":[10.7798,161.609,-165.432],"tool":false,"touchDistance":0.0141157,"touchZone":"hovering","type":1,"width":19.133},{"bases":[[[0.988581,-0.0453014,-0.14372],[0.123817,0.787801,0.603357],[0.0858897,-0.614262,0.784414]],[[0.98904,-0.0486874,-0.139393],[-0.0285259,0.863275,-0.503927],[0.144869,0.50238,0.852424]],[[0.98904,-0.0486874,-0.139393],[-0.147642,-0.336408,-0.93007],[-0.00161025,0.940457,-0.33991]],[[0.98904,-0.0486874,-0.139393],[-0.113702,-0.85342,-0.508671],[-0.0941948,0.518945,-0.849602]]],"btipPosition":[-38.3661,260.411,-16.5255],"carpPosition":[-27.3279,278.072,52.8961],"dipPosition":[-40.1171,270.057,-32.318],"direction":[0.00161025,-0.940457,0.33991],"extended":false,"handId":368,"id":3682,"length":66.2798,"mcpPosition":[-33.2553,320.463,-1.23738],"pipPosition":[-40.1623,296.51,-41.879],"stabilizedTipPosition":[-39.3695,257.23,-14.0456],"timeVisible":18.0589,"tipPosition":[-38.6005,262.169,-19.1363],"tipVelocity":[7.76317,140.173,-158.209],"tool":false,"touchDistance":0.333333,"touchZone":"none","type":2,"width":18.7912},{"bases":[[[0.97828,-0.194459,-0.0717924],[0.196805,0.762568,0.616245],[-0.065088,-0.616989,0.784276]],[[0.978587,-0.191433,-0.0756353],[0.117962,0.822715,-0.55608],[0.168679,0.535251,0.82768]],[[0.978587,-0.191433,-0.0756353],[-0.144103,-0.374792,-0.915841],[0.146975,0.90713,-0.394353]],[[0.978587,-0.191433,-0.0756353],[-0.203827,-0.850066,-0.485637],[0.028672,0.490654,-0.870882]]],"btipPosition":[-23.3123,259.373,-7.21361],"carpPosition":[-15.3332,278.724,51.0591],"dipPosition":[-22.7824,268.441,-23.3087],"direction":[-0.146975,-0.90713,0.394353],"extended":false,"handId":368,"id":3683,"length":63.7298,"mcpPosition":[-11.3003,316.953,2.46476],"pipPosition":[-18.7551,293.298,-34.1146],"stabilizedTipPosition":[-23.4004,257.62,-6.75847],"timeVisible":18.0589,"tipPosition":[-23.2215,260.962,-10.4718],"tipVelocity":[10.0479,138.766,-149.18],"tool":false,"touchDistance":0.333333,"touchZone":"none","type":3,"width":17.881},{"bases":[[[0.918116,-0.38787,-0.0813665],[0.340039,0.665514,0.664428],[-0.203561,-0.63769,0.74291]],[[0.860005,-0.505919,0.0666156],[0.467127,0.727987,-0.501823],[0.205387,0.462689,0.862401]],[[0.860005,-0.505919,0.0666156],[-0.114836,-0.319079,-0.940745],[0.497196,0.801395,-0.332507]],[[0.860005,-0.505919,0.0666156],[-0.394035,-0.741349,-0.543267],[0.324234,0.440963,-0.836913]]],"btipPosition":[-14.0221,269.954,-5.17074],"carpPosition":[-3.36684,272.584,46.9008],"dipPosition":[-8.49399,277.472,-19.44],"direction":[-0.497196,-0.801395,0.332507],"extended":false,"handId":368,"id":3684,"length":49.963,"mcpPosition":[8.30868,309.159,4.29021],"pipPosition":[1.12513,292.976,-25.8729],"stabilizedTipPosition":[-12.7808,268.477,-4.91239],"timeVisible":18.0589,"tipPosition":[-12.9944,271.163,-8.05016],"tipVelocity":[8.43538,139.014,-150.19],"tool":false,"touchDistance":0.333333,"touchZone":"none","type":4,"width":15.8833}],"r":[[0.837839,0.343634,0.424195],[-0.327424,0.938071,-0.113213],[-0.436829,-0.0440371,0.898466]],"s":1.46341,"t":[-0.881746,67.8639,-80.1162],"timestamp":15519684367},false],[6,{"currentFrameRate":103.584,"devices":[],"gestures":[],"hands":[{"armBasis":[[0.95546,0.149981,-0.254167],[-0.0336104,0.910933,0.411183],[0.293199,-0.384327,0.875401]],"armWidth":63.029,"confidence":0.733726,"direction":[-0.0581646,0.725032,-0.686255],"elbow":[60.161,162.137,285.321],"grabStrength":0,"id":368,"palmNormal":[0.0124277,-0.686839,-0.726703],"palmPosition":[-28.7247,300.189,11.9979],"palmVelocity":[6.14019,117.969,-131.569],"palmWidth":90.0033,"pinchStrength":0.356527,"r":[[0.836641,0.344049,0.426218],[-0.327555,0.937914,-0.114126],[-0.439021,-0.0441269,0.897393]],"s":1.4648,"sphereCenter":[-44.8419,287.397,-30.0937],"sphereRadius":47.0965,"stabilizedPalmPosition":[-28.9879,293.989,18.9892],"t":[-0.875399,68.767,-81.1305],"timeVisible":18.0679,"type":"right","wrist":[-18.1442,264.78,51.5258]}],"id":1187956,"interactionBox":{"center":[0,200,0],"size":[235.247,235.247,147.751]},"pointables":[{"bases":[[[0.379219,0.776245,0.503622],[-0.786227,-0.0166713,0.617712],[0.487892,-0.63021,0.603983]],[[0.149191,0.964943,0.215934],[-0.785868,-0.0168285,0.618166],[0.600129,-0.26192,0.755807]],[[0.149191,0.964943,0.215934],[-0.981742,0.118488,0.148809],[0.118007,-0.234192,0.965002]],[[0.149191,0.964943,0.215934],[-0.981237,0.117502,0.152867],[0.122135,-0.234688,0.964367]]],"btipPosition":[-82.403,279.82,-45.2315],"carpPosition":[-45.9636,253.556,46.9579],"dipPosition":[-79.5756,274.387,-22.9066],"direction":[-0.118007,0.234192,-0.965002],"extended":false,"handId":368,"id":3680,"length":51.5512,"mcpPosition":[-45.9636,253.556,46.9579],"pipPosition":[-75.5957,266.489,9.63896],"stabilizedTipPosition":[-82.6844,273.108,-33.4348],"timeVisible":18.0679,"tipPosition":[-81.4443,277.853,-40.3108],"tipVelocity":[13.8197,112.38,-137.181],"tool":false,"touchDistance":-0.133505,"touchZone":"hovering","type":0,"width":20.0304},{"bases":[[[0.974293,0.17181,-0.145723],[-0.0456584,0.784,0.61908],[0.220611,-0.596511,0.77169]],[[0.960841,0.204022,-0.187509],[-0.0497201,0.792637,0.607664],[0.272603,-0.574545,0.771742]],[[0.960841,0.204022,-0.187509],[-0.145417,0.947269,0.285543],[0.235879,-0.247095,0.939843]],[[0.960841,0.204022,-0.187509],[-0.207979,0.978132,-0.00146222],[0.18311,0.040403,0.982262]]],"btipPosition":[-75.2289,347.97,-74.5214],"carpPosition":[-38.8558,274.92,53.5028],"dipPosition":[-72.1343,348.653,-57.9208],"direction":[-0.235879,0.247095,-0.939843],"extended":true,"handId":368,"id":3681,"length":58.1698,"mcpPosition":[-54.9101,318.329,-2.65443],"pipPosition":[-66.4948,342.745,-35.4508],"stabilizedTipPosition":[-74.6004,344.77,-67.2735],"timeVisible":18.0679,"tipPosition":[-73.8453,346.525,-70.6964],"tipVelocity":[6.80851,138.167,-138.495],"tool":false,"touchDistance":0.00391108,"touchZone":"hovering","type":1,"width":19.133},{"bases":[[[0.988553,-0.0465475,-0.143514],[0.124569,0.788473,0.602323],[0.0851204,-0.613305,0.785246]],[[0.989014,-0.0499827,-0.139113],[-0.02746,0.862593,-0.505153],[0.145246,0.503424,0.851744]],[[0.989014,-0.0499827,-0.139113],[-0.147819,-0.337592,-0.929614],[-0.000498649,0.939965,-0.341272]],[[0.989014,-0.0499827,-0.139113],[-0.11454,-0.854026,-0.507465],[-0.0934412,0.517824,-0.850369]]],"btipPosition":[-38.3706,260.916,-17.0542],"carpPosition":[-27.3223,278.657,52.3398],"dipPosition":[-40.1075,270.541,-32.861],"direction":[0.000498649,-0.939965,0.341272],"extended":false,"handId":368,"id":3682,"length":66.2798,"mcpPosition":[-33.1965,320.983,-1.85113],"pipPosition":[-40.1216,296.98,-42.4603],"stabilizedTipPosition":[-39.2838,258.073,-14.9954],"timeVisible":18.0679,"tipPosition":[-38.6038,262.676,-19.6806],"tipVelocity":[5.58454,116.771,-130.816],"tool":false,"touchDistance":0.333333,"touchZone":"none","type":2,"width":18.7912},{"bases":[[[0.978082,-0.195598,-0.0713891],[0.197528,0.76318,0.615255],[-0.0658601,-0.615872,0.785089]],[[0.978521,-0.191264,-0.0769067],[0.116416,0.820584,-0.559543],[0.170129,0.538572,0.825225]],[[0.978521,-0.191264,-0.0769067],[-0.146,-0.37961,-0.913553],[0.145535,0.90516,-0.399381]],[[0.978521,-0.191264,-0.0769067],[-0.204439,-0.852434,-0.481208],[0.0264797,0.486595,-0.873226]]],"btipPosition":[-23.242,259.856,-7.52986],"carpPosition":[-15.3266,279.294,50.5036],"dipPosition":[-22.7526,268.849,-23.6683],"direction":[-0.145535,-0.90516,0.399381],"extended":false,"handId":368,"id":3683,"length":63.7298,"mcpPosition":[-11.2458,317.454,1.85892],"pipPosition":[-18.7647,293.652,-34.612],"stabilizedTipPosition":[-23.3493,258.432,-7.60408],"timeVisible":18.0679,"tipPosition":[-23.1803,261.476,-10.905],"tipVelocity":[9.13878,114.727,-118.001],"tool":false,"touchDistance":0.333333,"touchZone":"none","type":3,"width":17.881},{"bases":[[[0.917713,-0.388957,-0.0807138],[0.340652,0.666037,0.663589],[-0.204349,-0.63648,0.74373]],[[0.859539,-0.506626,0.0672528],[0.467139,0.725445,-0.505481],[0.207301,0.465897,0.860213]],[[0.859539,-0.506626,0.0672528],[-0.117221,-0.323517,-0.938933],[0.497445,0.799166,-0.337463]],[[0.859539,-0.506626,0.0672528],[-0.395856,-0.743209,-0.539387],[0.32325,0.437002,-0.839368]]],"btipPosition":[-14.0313,270.435,-5.54902],"carpPosition":[-3.36616,273.136,46.3554],"dipPosition":[-8.51989,277.886,-19.8601],"direction":[-0.497445,-0.799166,0.337463],"extended":false,"handId":368,"id":3684,"length":49.963,"mcpPosition":[8.35456,309.642,3.69765],"pipPosition":[1.10404,293.347,-26.3889],"stabilizedTipPosition":[-12.7772,269.258,-5.74784],"timeVisible":18.0679,"tipPosition":[-12.9853,271.669,-8.51919],"tipVelocity":[5.71422,114.89,-120.614],"t