{"sensorType":"Leap","data":[[0,{"currentFrameRate":110.697,"devices":[],"gestures":[],"hands":[{"armBasis":[[0.941787,0.254514,-0.219679],[-0.12147,0.866847,0.48355],[0.313499,-0.428717,0.847302]],"armWidth":63.029,"confidence":0.702596,"direction":[-0.102307,0.649611,-0.753351],"elbow":[61.0529,144.978,293.969],"grabStrength":0,"id":368,"palmNormal":[0.102162,-0.746459,-0.657542],"palmPosition":[-35.1629,289.897,24.7046],"palmVelocity":[66.5806,194.456,-229.357],"palmWidth":90.0033,"pinchStrength":0.503835,"r":[[0.803103,0.444321,0.396994],[-0.399406,0.895865,-0.194683],[-0.442154,-0.00221142,0.896936]],"s":1.43504,"sphereCenter":[-39.5027,271.881,-19.1453],"sphereRadius":47.8137,"stabilizedPalmPosition":[-44.0272,271.893,48.5073],"t":[-7.84884,57.6123,-67.4513],"timeVisible":10.9998,"type":"right","wrist":[-22.6739,259.476,67.6788]}],"id":1187189,"interactionBox":{"center":[0,200,0],"size":[235.247,235.247,147.751]},"pointables":[{"bases":[[[0.286829,0.852453,0.437095],[-0.802099,-0.0357732,0.596118],[0.523799,-0.521578,0.673491]],[[0.0854946,0.981043,0.173909],[-0.817341,-0.0307603,0.575333],[0.569776,-0.191331,0.799217]],[[0.0854946,0.981043,0.173909],[-0.981578,0.0530011,0.183563],[0.170866,-0.186399,0.967502]],[[0.0854946,0.981043,0.173909],[-0.995813,0.0898077,-0.0170699],[-0.0323647,-0.171721,0.984614]]],"btipPosition":[-82.2857,264.944,-31.3995],"carpPosition":[-49.1389,245.235,63.4864],"dipPosition":[-83.0349,260.969,-8.60588],"direction":[-0.170866,0.186399,-0.967502],"extended":false,"handId":368,"id":3680,"length":51.5512,"mcpPosition":[-49.1389,245.235,63.4864],"pipPosition":[-77.2723,254.683,24.024],"stabilizedTipPosition":[-100.998,240.468,14.0015],"timeVisible":10.9998,"tipPosition":[-82.0435,264.337,-26.2988],"tipVelocity":[101.566,199.442,-264.613],"tool":false,"touchDistance":-0.656724,"touchZone":"hovering","type":0,"width":20.0304},{"bases":[[[0.958268,0.251259,-0.13635],[-0.140638,0.829604,0.540351],[0.248884,-0.498625,0.830319]],[[0.96806,0.229643,-0.100615],[-0.123355,0.785632,0.606272],[0.218272,-0.574497,0.788867]],[[0.96806,0.229643,-0.100615],[-0.179746,0.915461,0.360032],[0.174788,-0.330447,0.927499]],[[0.96806,0.229643,-0.100615],[-0.215409,0.967161,0.134905],[0.128291,-0.108923,0.985737]]],"btipPosition":[-78.0382,338.141,-64.6316],"carpPosition":[-44.3036,267.699,68.1505],"dipPosition":[-75.8701,336.3,-47.9724],"direction":[-0.174788,0.330447,-0.927499],"extended":true,"handId":368,"id":3681,"length":58.1698,"mcpPosition":[-62.4154,303.985,7.72665],"pipPosition":[-71.6912,328.399,-25.7974],"stabilizedTipPosition":[-83.1663,328.277,-47.8069],"timeVisible":10.9998,"tipPosition":[-76.7733,336.876,-60.8632],"tipVelocity":[119.458,199.126,-268.341],"tool":false,"touchDistance":-0.619988,"touchZone":"hovering","type":1,"width":19.133},{"bases":[[[0.992924,0.0364494,-0.113022],[0.0288919,0.84899,0.527618],[0.115186,-0.52715,0.841929]],[[0.992629,0.0377834,-0.115153],[-0.0866444,0.885594,-0.456307],[0.0847377,0.462921,0.88234]],[[0.992629,0.0377834,-0.115153],[-0.109216,-0.132972,-0.985084],[-0.0525319,0.990399,-0.127865]],[[0.992629,0.0377834,-0.115153],[-0.0553395,-0.704011,-0.708029],[-0.107821,0.709183,-0.696731]]],"btipPosition":[-41.647,245.682,-16.6894],"carpPosition":[-33.1395,272.414,66.9337],"dipPosition":[-43.6512,258.865,-29.6404],"direction":[0.0525319,-0.990399,0.127865],"extended":false,"handId":368,"id":3682,"length":66.2798,"mcpPosition":[-41.0887,308.794,8.83094],"pipPosition":[-45.1288,286.723,-33.237],"stabilizedTipPosition":[-52.5383,234.56,-1.15669],"timeVisible":10.9998,"tipPosition":[-42.1824,248.854,-20.2619],"tipVelocity":[133.597,192.314,-233.682],"tool":false,"touchDistance":0.333333,"touchZone":"none","type":2,"width":18.7912},{"bases":[[[0.99403,-0.105627,-0.0273439],[0.103415,0.832188,0.544765],[-0.0347868,-0.54434,0.838143]],[[0.992381,-0.123204,-0.000180274],[0.106351,0.857368,-0.503596],[0.0621997,0.49974,0.863939]],[[0.992381,-0.123204,-0.000180274],[-0.0223931,-0.178932,-0.983607],[0.121152,0.976117,-0.180328]],[[0.992381,-0.123204,-0.000180274],[-0.0892994,-0.718277,-0.690003],[0.0848818,0.684762,-0.723806]]],"btipPosition":[-26.6826,246.278,-6.44194],"carpPosition":[-21.2006,274.039,65.3537],"dipPosition":[-25.1139,258.933,-19.8189],"direction":[-0.121152,-0.976117,0.180328],"extended":false,"handId":368,"id":3683,"length":63.7298,"mcpPosition":[-19.0452,307.767,13.4217],"pipPosition":[-21.7941,285.681,-24.7602],"stabilizedTipPosition":[-33.6622,237.963,3.75011],"timeVisible":10.9998,"tipPosition":[-26.2806,249.444,-10.2076],"tipVelocity":[121.241,202.558,-228.442],"tool":false,"touchDistance":0.333333,"touchZone":"none","type":3,"width":17.881},{"bases":[[[0.95248,-0.303959,-0.0197867],[0.253282,0.754246,0.605774],[-0.169206,-0.581999,0.795391]],[[0.883124,-0.435888,0.173477],[0.467318,0.784781,-0.407104],[0.0413105,0.440592,0.896757]],[[0.883124,-0.435888,0.173477],[0.11733,-0.152814,-0.981265],[0.454232,0.886933,-0.0838113]],[[0.883124,-0.435888,0.173477],[-0.175244,-0.649511,-0.739882],[0.435181,0.623007,-0.649985]]],"btipPosition":[-16.5248,258.902,-2.16377],"carpPosition":[-8.57733,268.712,62.1181],"dipPosition":[-9.10502,269.524,-13.2459],"direction":[-0.454232,-0.886932,0.0838113],"extended":false,"handId":368,"id":3684,"length":49.963,"mcpPosition":[1.12773,302.094,16.4973],"pipPosition":[-0.317137,286.684,-14.8674],"stabilizedTipPosition":[-21.6954,249.619,8.16912],"timeVisible":10.9998,"tipPosition":[-14.506,261.549,-5.55214],"tipVelocity":[110.759,206.357,-203.075],"tool":false,"touchDistance":0.333333,"touchZone":"none","type":4,"width":15.8833}],"r":[[0.803103,0.444321,0.396994],[-0.399406,0.895865,-0.194683],[-0.442154,-0.00221142,0.896936]],"s":1.43504,"t":[-7.84884,57.6123,-67.4513],"timestamp":15512625309},false],[1,{"currentFrameRate":110.492,"devices":[],"gestures":[],"hands":[{"armBasis":[[0.940931,0.259469,-0.217543],[-0.125503,0.863972,0.487649],[0.314481,-0.431541,0.845502]],"armWidth":63.029,"confidence":0.716599,"direction":[-0.0947618,0.657014,-0.747899],"elbow":[61.4416,145.768,291.388],"grabStrength":0,"id":368,"palmNormal":[0.107659,-0.74011,-0.663812],"palmPosition":[-34.6113,291.871,22.7883],"palmVelocity":[64.3057,198.803,-222.013],"palmWidth":90.0033,"pinchStrength":0.499042,"r":[[0.798409,0.445369,0.405203],[-0.399797,0.895332,-0.196325],[-0.450228,-0.00525137,0.892898]],"s":1.4374,"sphereCenter":[-39.007,274.372,-21.2194],"sphereRadius":47.8308,"stabilizedPalmPosition":[-43.17,273.711,46.1657],"t":[-7.30227,59.4821,-69.4028],"timeVisible":11.0092,"type":"right","wrist":[-22.5476,261.021,65.5779]}],"id":1187190,"interactionBox":{"center":[0,200,0],"size":[235.247,235.247,147.751]},"pointables":[{"bases":[[[0.283453,0.847892,0.448033],[-0.807638,-0.0408471,0.588262],[0.517084,-0.528593,0.673212]],[[0.0839172,0.979483,0.183224],[-0.821519,-0.036062,0.56904],[0.563972,-0.198274,0.801638]],[[0.0839172,0.979483,0.183224],[-0.982744,0.0509332,0.17782],[0.16484,-0.194984,0.966855]],[[0.0839172,0.979483,0.183224],[-0.995752,0.0894203,-0.0219673],[-0.0379005,-0.180602,0.982826]]],"btipPosition":[-81.5129,267.393,-33.941],"carpPosition":[-48.9841,246.846,61.0011],"dipPosition":[-82.3903,263.212,-11.1888],"direction":[-0.16484,0.194984,-0.966855],"extended":false,"handId":368,"id":3680,"length":51.5512,"mcpPosition":[-48.9841,246.846,61.0011],"pipPosition":[-76.831,256.636,21.4192],"stabilizedTipPosition":[-99.6347,242.303,10.9826],"timeVisible":11.0092,"tipPosition":[-81.2361,266.752,-28.8499],"tipVelocity":[95.1215,215.327,-266.446],"tool":false,"touchDistance":-0.65765,"touchZone":"hovering","type":0,"width":20.0304},{"bases":[[[0.959701,0.2517,-0.124983],[-0.144975,0.824428,0.547084],[0.24074,-0.506918,0.827694]],[[0.968614,0.231091,-0.091564],[-0.127904,0.779218,0.613563],[0.213137,-0.582595,0.784319]],[[0.968614,0.231091,-0.091564],[-0.181662,0.909544,0.373804],[0.169664,-0.345438,0.922977]],[[0.968614,0.231091,-0.091564],[-0.215488,0.964271,0.154095],[0.123903,-0.129528,0.983804]]],"btipPosition":[-76.9011,341.355,-66.3282],"carpPosition":[-44.174,269.259,65.9288],"dipPosition":[-74.8071,339.166,-49.7016],"direction":[-0.169664,0.345438,-0.922977],"extended":true,"handId":368,"id":3681,"length":58.1698,"mcpPosition":[-61.6931,306.149,5.69602],"pipPosition":[-70.7507,330.907,-27.6348],"stabilizedTipPosition":[-82.2918,329.907,-49.7119],"timeVisible":11.0092,"tipPosition":[-75.6282,339.982,-62.6037],"tipVelocity":[119.329,237.296,-243.451],"tool":false,"touchDistance":-0.611884,"touchZone":"hovering","type":1,"width":19.133},{"bases":[[[0.993962,0.0366421,-0.10343],[0.0246819,0.843782,0.536118],[0.106917,-0.535433,0.837783]],[[0.993696,0.0379551,-0.105485],[-0.0816023,0.890073,-0.448455],[0.0768678,0.454236,0.887559]],[[0.993696,0.0379551,-0.105485],[-0.100098,-0.123281,-0.987311],[-0.0504778,0.991646,-0.118705]],[[0.993696,0.0379551,-0.105485],[-0.0493118,-0.697037,-0.715337],[-0.100677,0.71603,-0.690772]]],"btipPosition":[-40.7473,248.067,-19.0924],"carpPosition":[-32.9952,273.975,64.8619],"dipPosition":[-42.6187,261.376,-31.9326],"direction":[0.0504778,-0.991646,0.118705],"extended":false,"handId":368,"id":3682,"length":66.2798,"mcpPosition":[-40.3737,310.926,7.04526],"pipPosition":[-44.0386,289.27,-35.2715],"stabilizedTipPosition":[-50.9058,236.941,-4.15838],"timeVisible":11.0092,"tipPosition":[-41.2459,251.273,-22.6356],"tipVelocity":[123.684,210.608,-239.077],"tool":false,"touchDistance":0.333333,"touchZone":"none","type":2,"width":18.7912},{"bases":[[[0.994154,-0.106264,-0.0191347],[0.0990285,0.826746,0.553791],[-0.0430283,-0.552449,0.832436]],[[0.992255,-0.123981,0.00765518],[0.111594,0.862658,-0.493323],[0.054559,0.490357,0.869812]],[[0.992255,-0.123981,0.00765518],[-0.0134717,-0.168672,-0.98558],[0.123485,0.977844,-0.169036]],[[0.992255,-0.123981,0.00765518],[-0.0834981,-0.711347,-0.697863],[0.0919674,0.691819,-0.71619]]],"btipPosition":[-25.8693,248.583,-8.74296],"carpPosition":[-21.0408,275.604,63.4088],"dipPosition":[-24.1696,261.369,-21.9791],"direction":[-0.123485,-0.977844,0.169036],"extended":false,"handId":368,"id":3683,"length":63.7298,"mcpPosition":[-18.3747,309.835,11.8304],"pipPosition":[-20.7859,288.163,-26.611],"stabilizedTipPosition":[-32.3768,240.093,1.30967],"timeVisible":11.0092,"tipPosition":[-25.4351,251.764,-12.4345],"tipVelocity":[112.222,215.541,-232.034],"tool":false,"touchDistance":0.333333,"touchZone":"none","type":3,"width":17.881},{"bases":[[[0.952372,-0.304621,-0.0138984],[0.248257,0.748076,0.615427],[-0.177075,-0.589566,0.788071]],[[0.881326,-0.4381,0.17701],[0.471294,0.788217,-0.395722],[0.0338439,0.432184,0.90115]],[[0.881326,-0.4381,0.17701],[0.123969,-0.147105,-0.981322],[0.455956,0.886808,-0.0753366]],[[0.881326,-0.4381,0.17701],[-0.171683,-0.64592,-0.74385],[0.440215,0.625185,-0.64448]]],"btipPosition":[-15.7465,261.181,-4.03468],"carpPosition":[-8.39231,270.298,60.2388],"dipPosition":[-8.24087,271.841,-15.023],"direction":[-0.455956,-0.886808,0.0753366],"extended":false,"handId":368,"id":3684,"length":49.963,"mcpPosition":[1.76409,304.114,15.0379],"pipPosition":[0.580369,288.998,-16.4805],"stabilizedTipPosition":[-20.4348,251.921,5.74963],"timeVisible":11.0092,"tipPosition":[-13.7166,263.817,-7.40528],"tipVelocity":[103.354,216.827,-201.195],"tool":false,"touchDistance":0.333333,"touchZone":"none","type":4,"width":15.8833}],"r":[[0.798409,0.445369,0.405203],[-0.399797,0.895332,-0.196325],[-0.450228,-0.00525137,0.892898]],"s":1.4374,"t":[-7.30227,59.4821,-69.4028],"timestamp":15512634721},false],[2,{"currentFrameRate":110.608,"devices":[],"gestures":[],"hands":[{"armBasis":[[0.942211,0.257266,-0.214598],[-0.126447,0.866261,0.483325],[0.310241,-0.428259,0.848731]],"armWidth":63.029,"confidence":0.718557,"direction":[-0.0887649,0.662454,-0.743824],"elbow":[60.5365,147.877,290.505],"grabStrength":0,"id":368,"palmNormal":[0.109239,-0.735793,-0.668338],"palmPosition":[-34.0597,293.433,21.1927],"palmVelocity":[63.7963,192.846,-210.806],"palmWidth":90.0033,"pinchStrength":0.498817,"r":[[0.794396,0.445164,0.413236],[-0.399376,0.895407,-0.196837],[-0.457639,-0.00866984,0.889096]],"s":1.44005,"sphereCenter":[-38.91,276.416,-22.8449],"sphereRadius":47.8233,"stabilizedPalmPosition":[-42.3787,275.424,43.9966],"t":[-6.75319,61.198,-71.1764],"timeVisible":11.0181,"type":"right","wrist":[-22.3202,262.253,63.8327]}],"id":1187191,"interactionBox":{"center":[0,200,0],"size":[235.247,235.247,147.751]},"pointables":[{"bases":[[[0.283364,0.843948,0.455473],[-0.810993,-0.0426132,0.583502],[0.511855,-0.534729,0.672361]],[[0.0831964,0.978809,0.187115],[-0.823903,-0.0380652,0.565451],[0.560591,-0.201208,0.803276]],[[0.0831964,0.978809,0.187115],[-0.983421,0.0502818,0.174228],[0.161128,-0.198508,0.966764]],[[0.0831964,0.978809,0.187115],[-0.995593,0.0897943,-0.0270517],[-0.0432803,-0.18404,0.981966]]],"btipPosition":[-80.8831,269.076,-35.9883],"carpPosition":[-48.7709,248.186,59.0118],"dipPosition":[-81.885,264.815,-13.256],"direction":[-0.161128,0.198508,-0.966764],"extended":false,"handId":368,"id":3680,"length":51.5512,"mcpPosition":[-48.7709,248.186,59.0118],"pipPosition":[-76.4508,258.121,19.349],"stabilizedTipPosition":[-98.3655,244.071,8.12207],"timeVisible":11.0181,"tipPosition":[-80.6167,268.521,-30.8743],"tipVelocity":[87.7987,208.034,-257.185],"tool":false,"touchDistance":-0.650997,"touchZone":"hovering","type":0,"width":20.0304},{"bases":[[[0.961085,0.249811,-0.117936],[-0.14567,0.821025,0.551995],[0.234723,-0.513335,0.825465]],[[0.969079,0.230735,-0.0874534],[-0.128409,0.774215,0.61976],[0.210708,-0.589366,0.779904]],[[0.969079,0.230735,-0.0874534],[-0.180311,0.90412,0.38737],[0.168448,-0.359623,0.917767]],[[0.969079,0.230735,-0.0874534],[-0.213202,0.96139,0.173995],[0.124223,-0.149969,0.980856]]],"btipPosition":[-76.0871,344.085,-67.6112],"carpPosition":[-43.9248,270.55,64.1216],"dipPosition":[-73.9877,341.55,-51.0344],"direction":[-0.168448,0.359623,-0.917767],"extended":true,"handId":368,"id":3681,"length":58.1698,"mcpPosition":[-61.006,307.906,4.05104],"pipPosition":[-69.9604,332.952,-29.0922],"stabilizedTipPosition":[-81.4019,331.716,-51.5865],"timeVisible":11.0181,"tipPosition":[-74.7755,342.587,-63.9469],"tipVelocity":[112.008,254.238,-217.234],"tool":false,"touchDistance":-0.598445,"touchZone":"hovering","type":1,"width":19.133},{"bases":[[[0.994618,0.0345116,-0.0976909],[0.0240991,0.839969,0.542099],[0.100766,-0.541535,0.834617]],[[0.994402,0.0356635,-0.0994661],[-0.0763024,0.893543,-0.442446],[0.0730981,0.447558,0.891262]],[[0.994402,0.0356635,-0.0994661],[-0.0947433,-0.115879,-0.988734],[-0.0467878,0.992623,-0.111852]],[[0.994402,0.0356635,-0.0994661],[-0.0472588,-0.691824,-0.720518],[-0.0945092,0.721185,-0.686266]]],"btipPosition":[-40.0933,249.949,-21.0397],"carpPosition":[-32.727,275.242,63.1491],"dipPosition":[-41.8501,263.355,-33.7962],"direction":[0.0467878,-0.992623,0.111852],"extended":false,"handId":368,"id":3682,"length":66.2798,"mcpPosition":[-39.681,312.614,5.551],"pipPosition":[-43.1661,291.275,-36.9423],"stabilizedTipPosition":[-49.488,239.133,-6.85759],"timeVisible":11.0181,"tipPosition":[-40.5588,253.175,-24.5459],"tipVelocity":[111.059,211.931,-233.428],"tool":false,"touchDistance":0.333333,"touchZone":"none","type":2,"width":18.7912},{"bases":[[[0.99394,-0.108975,-0.0143912],[0.0982984,0.822597,0.560063],[-0.0491948,-0.558084,0.828325]],[[0.991874,-0.126664,0.0119513],[0.116461,0.86612,-0.48608],[0.0512173,0.483522,0.873833]],[[0.991874,-0.126664,0.0119513],[-0.00881362,-0.16212,-0.986732],[0.12692,0.978608,-0.161919]],[[0.991874,-0.126664,0.0119513],[-0.0818263,-0.70704,-0.702423],[0.0974215,0.695737,-0.711659]]],"btipPosition":[-25.2539,250.383,-10.5801],"carpPosition":[-20.7601,276.846,61.7733],"dipPosition":[-23.4534,263.241,-23.7326],"direction":[-0.12692,-0.978608,0.161919],"extended":false,"handId":368,"id":3683,"length":63.7298,"mcpPosition":[-17.712,311.426,10.4497],"pipPosition":[-19.9755,290.056,-28.1694],"stabilizedTipPosition":[-31.257,242.061,-0.906166],"timeVisible":11.0181,"tipPosition":[-24.7974,253.563,-14.2345],"tipVelocity":[101.42,212.842,-224.919],"tool":false,"touchDistance":0.333333,"touchZone":"none","type":3,"width":17.881},{"bases":[[[0.95157,-0.307244,-0.0107644],[0.246961,0.743075,0.621972],[-0.183098,-0.594509,0.782965]],[[0.879585,-0.441231,0.177893],[0.474573,0.78757,-0.393083],[0.0333369,0.430173,0.902131]],[[0.879585,-0.441231,0.177893],[0.122216,-0.151809,-0.980825],[0.459776,0.88446,-0.0796034]],[[0.879585,-0.441231,0.177893],[-0.176174,-0.649438,-0.739725],[0.44192,0.61931,-0.648969]]],"btipPosition":[-15.2033,262.909,-5.21948],"carpPosition":[-8.10939,271.526,58.6364],"dipPosition":[-7.66865,273.468,-16.2843],"direction":[-0.459776,-0.88446,0.0796034],"extended":false,"handId":368,"id":3684,"length":49.963,"mcpPosition":[2.39248,305.625,13.7283],"pipPosition":[1.2265,290.579,-17.8244],"stabilizedTipPosition":[-19.3009,254.105,3.5494],"timeVisible":11.0181,"tipPosition":[-13.1546,265.518,-8.69607],"tipVelocity":[92.2336,210.346,-183.587],"tool":false,"touchDistance":0.333333,"touchZone":"none","type":4,"width":15.8833}],"r":[[0.794396,0.445164,0.413236],[-0.399376,0.895407,-0.196837],[-0.457639,-0.00866984,0.889096]],"s":1.44005,"t":[-6.75319,61.198,-71.1764],"timestamp":15512643558},false],[3,{"currentFrameRate":110.575,"devices":[],"gestures":[],"hands":[{"armBasis":[[0.943214,0.25561,-0.212159],[-0.126193,0.866509,0.482947],[0.307284,-0.428749,0.849559]],"armWidth":63.029,"confidence":0.721691,"direction":[-0.0855157,0.665736,-0.741271],"elbow":[60.2093,148.598,289.706],"grabStrength":0,"id":368,"palmNormal":[0.109479,-0.733213,-0.671128],"palmPosition":[-33.4246,294.488,20.2735],"palmVelocity":[65.4555,171.502,-180.361],"palmWidth":90.0033,"pinchStrength":0.497793,"r":[[0.7911,0.44431,0.420415],[-0.398577,0.895793,-0.1967],[-0.464001,-0.0119583,0.885754]],"s":1.44276,"sphereCenter":[-38.783,277.802,-23.7603],"sphereRadius":47.8375,"stabilizedPalmPosition":[-41.5599,277.168,41.8274],"t":[-6.16107,62.5832,-72.5228],"timeVisible":11.0272,"type":"right","wrist":[-21.8577,263.105,62.8127]}],"id":1187192,"interactionBox":{"center":[0,200,0],"size":[235.247,235.247,147.751]},"pointables":[{"bases":[[[0.283887,0.841462,0.459727],[-0.812577,-0.0434111,0.581234],[0.509044,-0.538569,0.67143]],[[0.0820348,0.978778,0.187789],[-0.824239,-0.0392954,0.564877],[0.560268,-0.201123,0.803523]],[[0.0820348,0.978778,0.187789],[-0.983692,0.0492577,0.172985],[0.160064,-0.198917,0.966856]],[[0.0820348,0.978778,0.187789],[-0.995636,0.0888976,-0.0284051],[-0.0444963,-0.184639,0.981799]]],"btipPosition":[-80.3563,270.026,-37.1465],"carpPosition":[-48.3241,249.112,57.8651],"dipPosition":[-81.3864,265.752,-14.418],"direction":[-0.160064,0.198917,-0.966856],"extended":false,"handId":368,"id":3680,"length":51.5512,"mcpPosition":[-48.3241,249.112,57.8651],"pipPosition":[-75.9881,259.043,18.1901],"stabilizedTipPosition":[-97.0732,245.887,5.21058],"timeVisible":11.0272,"tipPosition":[-80.074,269.566,-32.012],"tipVelocity":[79.3051,179.204,-221.189],"tool":false,"touchDistance":-0.631616,"touchZone":"hovering","type":0,"width":20.0304},{"bases":[[[0.961887,0.248357,-0.114422],[-0.145439,0.819004,0.55505],[0.231563,-0.517254,0.82391]],[[0.969093,0.23092,-0.0868035],[-0.127778,0.770837,0.624085],[0.211025,-0.593705,0.776519]],[[0.969093,0.23092,-0.0868035],[-0.178784,0.899855,0.397866],[0.169986,-0.37005,0.913328]],[[0.969093,0.23092,-0.0868035],[-0.211452,0.958768,0.189871],[0.127069,-0.165648,0.977964]]],"btipPosition":[-75.4769,345.964,-68.2399],"carpPosition":[-43.4462,271.445,63.0809],"dipPosition":[-73.3294,343.165,-51.712],"direction":[-0.169986,0.37005,-0.913328],"extended":true,"handId":368,"id":3681,"length":58.1698,"mcpPosition":[-60.2975,309.087,3.12348],"pipPosition":[-69.2653,334.317,-29.8759],"stabilizedTipPosition":[-80.4167,333.804,-53.5591],"timeVisible":11.0272,"tipPosition":[-74.1251,344.384,-64.628],"tipVelocity":[99.8802,239.135,-176.505],"tool":false,"touchDistance":-0.576534,"touchZone":"hovering","type":1,"width":19.133},{"bases":[[[0.994934,0.0329077,-0.0949918],[0.0243927,0.837646,0.545669],[0.0975262,-0.545222,0.832599]],[[0.994738,0.0339941,-0.0966507],[-0.0732491,0.895542,-0.438906],[0.0716346,0.443676,0.89332]],[[0.994738,0.0339941,-0.0966507],[-0.0923237,-0.111598,-0.989456],[-0.0444216,0.993172,-0.107872]],[[0.994738,0.0339941,-0.0966507],[-0.0467566,-0.688764,-0.723476],[-0.0911634,0.724188,-0.68355]]],"btipPosition":[-39.4382,251.194,-22.1534],"carpPosition":[-32.2365,276.118,62.1567],"dipPosition":[-41.1328,264.655,-34.8594],"direction":[0.0444216,-0.993172,0.107872],"extended":false,"handId":368,"id":3682,"length":66.2798,"mcpPosition":[-38.9669,313.745,4.69786],"pipPosition":[-42.3823,292.591,-37.8936],"stabilizedTipPosition":[-48.1109,241.293,-9.45471],"timeVisible":11.0272,"tipPosition":[-39.8869,254.433,-25.6443],"tipVelocity":[100.659,191.486,-202.282],"tool":false,"touchDistance":0.333333,"touchZone":"none","type":2,"width":18.7912},{"bases":[[[0.993753,-0.110924,-0.0122953],[0.0985104,0.820049,0.563751],[-0.052451,-0.561441,0.825853]],[[0.991782,-0.127376,0.0119796],[0.117448,0.869332,-0.480071],[0.0507352,0.477533,0.877148]],[[0.991782,-0.127376,0.0119796],[-0.00822054,-0.156889,-0.987582],[0.127673,0.979368,-0.156646]],[[0.991782,-0.127376,0.0119796],[-0.0819432,-0.704347,-0.705111],[0.0982518,0.698334,-0.708996]]],"btipPosition":[-24.5696,251.645,-11.7221],"carpPosition":[-20.263,277.705,60.8184],"dipPosition":[-22.7538,264.551,-24.8253],"direction":[-0.127673,-0.979368,0.156646],"extended":false,"handId":368,"id":3683,"length":63.7298,"mcpPosition":[-17.0131,312.492,9.64794],"pipPosition":[-19.2553,291.387,-29.1177],"stabilizedTipPosition":[-30.1573,244.004,-3.04667],"timeVisible":11.0272,"tipPosition":[-24.1282,254.793,-15.3066],"tipVelocity":[94.2528,192.61,-197.003],"tool":false,"touchDistance":0.333333,"touchZone":"none","type":3,"width":17.881},{"bases":[[[0.950974,-0.30912,-0.00960704],[0.246852,0.739968,0.625709],[-0.18631,-0.597404,0.779998]],[[0.878299,-0.443669,0.178183],[0.477016,0.787941,-0.389364],[0.0323514,0.426974,0.903685]],[[0.878299,-0.443669,0.178183],[0.122215,-0.151961,-0.980801],[0.462228,0.883213,-0.0792446]],[[0.878299,-0.443669,0.178183],[-0.178374,-0.649841,-0.738843],[0.443592,0.617142,-0.649894]]],"btipPosition":[-14.5661,264.094,-6.03949],"carpPosition":[-7.6149,272.372,57.6917],"dipPosition":[-7.0029,274.616,-17.1201],"direction":[-0.462228,-0.883213,0.0792446],"extended":false,"handId":368,"id":3684,"length":49.963,"mcpPosition":[3.07119,306.637,12.9538],"pipPosition":[1.93968,291.703,-18.6532],"stabilizedTipPosition":[-18.1578,256.296,1.40643],"timeVisible":11.0272,"tipPosition":[-12.5241,266.672,-9.51835],"tipVelocity":[86.2727,187.86,-157.779],"tool":false,"touchDistance":0.333333,"touchZone":"none","type":4,"width":15.8833}],"r":[[0.7911,0.44431,0.420415],[-0.398577,0.895793,-0.1967],[-0.464001,-0.0119583,0.885754]],"s":1.44276,"t":[-6.16107,62.5832,-72.5228],"timestamp":15512652660},false],[4,{"currentFrameRate":110.671,"devices":[],"gestures":[],"hands":[{"armBasis":[[0.945448,0.250715,-0.208016],[-0.124759,0.868499,0.479735],[0.300938,-0.427612,0.852399]],"armWidth":63.029,"confidence":0.72814,"direction":[-0.0854624,0.667047,-0.740097],"elbow":[59.046,149.699,289.29],"grabStrength":0,"id":368,"palmNormal":[0.107695,-0.732278,-0.672436],"palmPosition":[-32.8995,295.369,19.1631],"palmVelocity":[63.7669,151.951,-165.424],"palmWidth":90.0033,"pinchStrength":0.496384,"r":[[0.788648,0.443254,0.426099],[-0.397738,0.896275,-0.196204],[-0.46887,-0.0147398,0.883144]],"s":1.44561,"sphereCenter":[-38.9309,278.911,-24.7751],"sphereRadius":47.8453,"stabilizedPalmPosition":[-40.7844,278.797,39.7979],"t":[-5.60248,63.7163,-73.7512],"timeVisible":11.036,"type":"right","wrist":[-21.3263,263.902,61.6382]}],"id":1187193,"interactionBox":{"center":[0,200,0],"size":[235.247,235.247,147.751]},"pointables":[{"bases":[[[0.285574,0.84033,0.460752],[-0.811961,-0.0432357,0.582108],[0.509084,-0.540348,0.669968]],[[0.0819824,0.978921,0.187063],[-0.822951,-0.03938,0.566747],[0.562167,-0.200407,0.802375]],[[0.0819824,0.978921,0.187063],[-0.983286,0.0488317,0.175394],[0.162563,-0.198316,0.966563]],[[0.0819824,0.978921,0.187063],[-0.99574,0.0884016,-0.0262214],[-0.0422054,-0.184116,0.981998]]],"btipPosition":[-80.0809,270.799,-38.2508],"carpPosition":[-47.8177,249.953,56.6988],"dipPosition":[-81.058,266.537,-15.5177],"direction":[-0.162563,0.198316,-0.966563],"extended":false,"handId":368,"id":3680,"length":51.5512,"mcpPosition":[-47.8177,249.953,56.6988],"pipPosition":[-75.5754,259.849,17.0804],"stabilizedTipPosition":[-95.8897,247.576,2.51186],"timeVisible":11.036,"tipPosition":[-79.7759,270.388,-33.104],"tipVelocity":[66.6014,154.352,-194.966],"tool":false,"touchDistance":-0.613337,"touchZone":"hovering","type":0,"width":20.0304},{"bases":[[[0.962093,0.247224,-0.11514],[-0.143671,0.818305,0.556538],[0.231809,-0.518899,0.822805]],[[0.968592,0.231602,-0.0904928],[-0.125271,0.768883,0.626998],[0.214793,-0.595969,0.773747]],[[0.968592,0.231602,-0.0904928],[-0.176269,0.896229,0.407065],[0.17538,-0.378329,0.908905]],[[0.968592,0.231602,-0.0904928],[-0.209509,0.956152,0.204643],[0.133921,-0.179257,0.974645]]],"btipPosition":[-75.3565,347.434,-69.0159],"carpPosition":[-42.9031,272.271,61.9449],"dipPosition":[-73.0932,344.404,-52.5441],"direction":[-0.17538,0.378329,-0.908905],"extended":true,"handId":368,"id":3681,"length":58.1698,"mcpPosition":[-59.7723,310.032,2.06787],"pipPosition":[-68.9002,335.359,-30.8137],"stabilizedTipPosition":[-79.4889,335.954,-55.4988],"timeVisible":11.036,"tipPosition":[-73.9468,345.776,-65.4591],"tipVelocity":[77.2991,217.632,-152.78],"tool":false,"touchDistance":-0.559046,"touchZone":"hovering","type":1,"width":19.133},{"bases":[[[0.994867,0.031698,-0.0960951],[0.0261747,0.83673,0.54699],[0.0977441,-0.546698,0.831606]],[[0.994731,0.0324544,-0.0972457],[-0.0720344,0.896208,-0.437746],[0.0729456,0.442445,0.893824]],[[0.994731,0.0324544,-0.0972457],[-0.0931002,-0.111177,-0.98943],[-0.0429229,0.993271,-0.10757]],[[0.994731,0.0324544,-0.0972457],[-0.048244,-0.688782,-0.723362],[-0.0904574,0.724242,-0.683587]]],"btipPosition":[-39.0226,252.163,-23.2581],"carpPosition":[-31.6881,276.93,61.0153],"dipPosition":[-40.7041,265.625,-35.9648],"direction":[0.0429229,-0.993271,0.10757],"extended":false,"handId":368,"id":3682,"length":66.2798,"mcpPosition":[-38.4335,314.658,3.62497],"pipPosition":[-41.9114,293.564,-38.9905],"stabilizedTipPosition":[-46.8891,243.254,-11.8033],"timeVisible":11.036,"tipPosition":[-39.4675,255.396,-26.7533],"tipVelocity":[86.1737,169.203,-181.234],"tool":false,"touchDistance":0.333333,"touchZone":"none","type":2,"width":18.7912},{"bases":[[[0.993585,-0.112266,-0.0136292],[0.100289,0.819003,0.564957],[-0.0522629,-0.5627,0.825007]],[[0.991921,-0.126632,0.00749318],[0.114568,0.868927,-0.481497],[0.0544621,0.478466,0.876416]],[[0.991921,-0.126632,0.00749318],[-0.0133109,-0.162645,-0.986595],[0.126154,0.978525,-0.163017]],[[0.991921,-0.126632,0.00749318],[-0.0852975,-0.709533,-0.699491],[0.0938949,0.693201,-0.714602]]],"btipPosition":[-24.0748,252.597,-12.512],"carpPosition":[-19.7139,278.502,59.6656],"dipPosition":[-22.3394,265.409,-25.7189],"direction":[-0.126154,-0.978525,0.163017],"extended":false,"handId":368,"id":3683,"length":63.7298,"mcpPosition":[-16.4757,313.367,8.5475],"pipPosition":[-18.8826,292.222,-30.1858],"stabilizedTipPosition":[-29.1711,245.759,-4.94902],"timeVisible":11.036,"tipPosition":[-23.6658,255.713,-16.2101],"tipVelocity":[83.2679,168.852,-168.483],"tool":false,"touchDistance":0.333333,"touchZone":"none","type":3,"width":17.881},{"bases":[[[0.950538,-0.310407,-0.0112107],[0.248593,0.738619,0.626613],[-0.186225,-0.598406,0.77925]],[[0.877843,-0.445223,0.176543],[0.477758,0.788043,-0.388247],[0.033733,0.425165,0.904487]],[[0.877843,-0.445223,0.176543],[0.120772,-0.150923,-0.98114],[0.463471,0.882609,-0.0787165]],[[0.877843,-0.445223,0.176543],[-0.180522,-0.648994,-0.739067],[0.443625,0.616915,-0.650087]]],"btipPosition":[-14.1059,265.015,-7.2077],"carpPosition":[-7.07682,273.157,56.5156],"dipPosition":[-6.54212,275.534,-18.2916],"direction":[-0.463471,-0.882609,0.0787165],"extended":false,"handId":368,"id":3684,"length":49.963,"mcpPosition":[3.60435,307.48,11.8206],"pipPosition":[2.42451,292.609,-19.8145],"stabilizedTipPosition":[-17.1573,258.22,-0.52202],"timeVisible":11.036,"tipPosition":[-12.0746,267.582,-10.6692],"tipVelocity":[76.9629,165.09,-150.754],"tool":false,"touchDistance":0.333333,"touchZone":"none","type":4,"width":15.8833}],"r":[[0.788648,0.443254,0.426099],[-0.397738,0.896275,-0.196204],[-0.46887,-0.0147398,0.883144]],"s":1.44561,"t":[-5.60248,63.7163,-73.7512],"timestamp":15512661525},false],[5,{"currentFrameRate":110.72,"devices":[],"gestures":[],"hands":[{"armBasis":[[0.944348,0.254874,-0.207958],[-0.128168,0.867318,0.480969],[0.302953,-0.427549,0.851717]],"armWidth":63.029,"confidence":0.731663,"direction":[-0.0852869,0.669104,-0.738259],"elbow":[59.7936,150.855,287.474],"grabStrength":0,"id":368,"palmNormal":[0.11117,-0.729941,-0.674408],"palmPosition":[-32.6628,296.61,17.5971],"palmVelocity":[53.5751,148.337,-168.055],"palmWidth":90.0033,"pinchStrength":0.496394,"r":[[0.786231,0.442523,0.431295],[-0.397417,0.896582,-0.19545],[-0.473182,-0.0177348,0.880786]],"s":1.4485,"sphereCenter":[-39.1518,280.442,-26.2665],"sphereRadius":47.8318,"stabilizedPalmPosition":[-40.0666,280.372,37.8356],"t":[-5.20484,64.9034,-75.1484],"timeVisible":11.045,"type":"right","wrist":[-21.1166,265.041,60.004]}],"id":1187194,"interactionBox":{"center":[0,200,0],"size":[235.247,235.247,147.751]},"pointables":[{"bases":[[[0.282352,0.839614,0.464032],[-0.813287,-0.0470294,0.579959],[0.508765,-0.541144,0.669568]],[[0.0775979,0.979059,0.18821],[-0.823964,-0.0433048,0.564985],[0.561304,-0.19892,0.803348]],[[0.0775979,0.979059,0.18821],[-0.98374,0.0445208,0.173996],[0.161973,-0.198651,0.966593]],[[0.0775979,0.979059,0.18821],[-0.996069,0.0842223,-0.0274464],[-0.0427231,-0.18534,0.981745]]],"btipPosition":[-79.7498,271.855,-40.0365],"carpPosition":[-47.5611,251.042,54.9563],"dipPosition":[-80.7389,267.564,-17.3093],"direction":[-0.161973,0.198651,-0.966593],"extended":false,"handId":368,"id":3680,"length":51.5512,"mcpPosition":[-47.5611,251.042,54.9563],"pipPosition":[-75.2762,260.864,15.2899],"stabilizedTipPosition":[-94.8118,249.154,-0.0162768],"timeVisible":11.045,"tipPosition":[-79.4509,271.48,-34.8715],"tipVelocity":[58.4339,144.216,-196.276],"tool":false,"touchDistance":-0.607143,"touchZone":"hovering","type":0,"width":20.0304},{"bases":[[[0.961759,0.249953,-0.111997],[-0.147073,0.816235,0.558686],[0.231061,-0.520849,0.821783]],[[0.967537,0.236081,-0.0902093],[-0.128067,0.76571,0.630308],[0.217878,-0.598293,0.771087]],[[0.967537,0.236081,-0.0902093],[-0.178662,0.891385,0.416548],[0.17875,-0.386909,0.904627]],[[0.967537,0.236081,-0.0902093],[-0.21188,0.95229,0.219661],[0.137763,-0.193417,0.971397]]],"btipPosition":[-75.3904,349.204,-70.3332],"carpPosition":[-42.7148,273.356,60.2829],"dipPosition":[-73.0622,345.935,-53.9163],"direction":[-0.17875,0.386909,-0.904627],"extended":true,"handId":368,"id":3681,"length":58.1698,"mcpPosition":[-59.5295,311.259,0.480323],"pipPosition":[-68.7886,336.685,-32.2882],"stabilizedTipPosition":[-78.6491,338.219,-57.5029],"timeVisible":11.045,"tipPosition":[-73.9371,347.479,-66.8227],"tipVelocity":[55.604,210.552,-151.655],"tool":false,"touchDistance":-0.551424,"touchZone":"hovering","type":1,"width":19.133},{"bases":[[[0.99502,0.0344511,-0.0935321],[0.0227495,0.835108,0.549615],[0.0970443,-0.549006,0.830166]],[[0.994938,0.0349156,-0.0942344],[-0.0726532,0.897765,-0.434442],[0.0694315,0.439089,0.895757]],[[0.994938,0.0349156,-0.0942344],[-0.0899623,-0.108466,-0.990021],[-0.0447884,0.993487,-0.104776]],[[0.994938,0.0349156,-0.0942344],[-0.0445441,-0.687336,-0.724973],[-0.0900836,0.7255,-0.682301]]],"btipPosition":[-38.5823,253.568,-24.9733],"carpPosition":[-31.5091,278.046,59.3954],"dipPosition":[-40.2568,267.054,-37.656],"direction":[0.0447884,-0.993487,0.104776],"extended":false,"handId":368,"id":3682,"length":66.2798,"mcpPosition":[-38.2062,315.933,2.10446],"pipPosition":[-41.5166,294.999,-40.6032],"stabilizedTipPosition":[-45.7767,245.138,-14.0624],"timeVisible":11.045,"tipPosition":[-39.0201,256.787,-28.4432],"tipVelocity":[76.1291,166.061,-183.932],"tool":false,"touchDistance":0.333333,"touchZone":"none","type":2,"width":18.7912},{"bases":[[[0.993891,-0.109768,-0.0115113],[0.096863,0.817509,0.567712],[-0.0529059,-0.565358,0.823147]],[[0.992497,-0.122098,0.00648147],[0.110158,0.869926,-0.480722],[0.0530565,0.477829,0.876849]],[[0.992497,-0.122098,0.00648147],[-0.0141385,-0.167259,-0.985812],[0.121449,0.978323,-0.16773]],[[0.992497,-0.122098,0.00648147],[-0.0833735,-0.71459,-0.694558],[0.0894354,0.688806,-0.719408]]],"btipPosition":[-23.5831,254.026,-13.7833],"carpPosition":[-19.5355,279.652,58.0802],"dipPosition":[-21.9302,266.756,-27.079],"direction":[-0.121449,-0.978323,0.16773],"extended":false,"handId":368,"id":3683,"length":63.7298,"mcpPosition":[-16.2575,314.682,7.0774],"pipPosition":[-18.6023,293.564,-31.675],"stabilizedTipPosition":[-28.2604,247.468,-6.76379],"timeVisible":11.045,"tipPosition":[-23.2069,257.101,-17.5787],"tipVelocity":[74.9555,165.79,-161.902],"tool":false,"touchDistance":0.333333,"touchZone":"none","type":3,"width":17.881},{"bases":[[[0.951329,-0.308021,-0.00980675],[0.245213,0.737303,0.629488],[-0.186665,-0.601255,0.776948]],[[0.878748,-0.443291,0.176905],[0.47602,0.787007,-0.392459],[0.0347482,0.429083,0.902596]],[[0.878748,-0.443291,0.176905],[0.118548,-0.156316,-0.980567],[0.46233,0.882643,-0.0848112]],[[0.878748,-0.443291,0.176905],[-0.180749,-0.65212,-0.736253],[0.441738,0.615006,-0.653173]]],"btipPosition":[-13.8625,266.264,-8.40946],"carpPosition":[-6.87749,274.347,54.9452],"dipPosition":[-6.33095,276.749,-19.546],"direction":[-0.46233,-0.882643,0.0848112],"extended":false,"handId":368,"id":3684,"length":49.963,"mcpPosition":[3.82895,308.833,10.3822],"pipPosition":[2.61361,293.826,-21.1868],"stabilizedTipPosition":[-16.2952,260.013,-2.31398],"timeVisible":11.045,"tipPosition":[-11.8088,268.869,-11.9351],"tipVelocity":[63.1427,157.887,-146.638],"tool":false,"touchDistance":0.333333,"touchZone":"none","type":4,"width":15.8833}],"r":[[0.786231,0.442523,0.431295],[-0.397417,0.896582,-0.19545],[-0.473182,-0.0177348,0.880786]],"s":1.4485,"t":[-5.20484,64.9034,-75.1484],"timestamp":15512670471},false],[6,{"currentFrameRate":110.722,"devices":[],"gestures":[],"hands":[{"armBasis":[[0.944534,0.255648,-0.206152],[-0.129969,0.867454,0.480241],[0.3016,-0.426811,0.852567]],"armWidth":63.029,"confidence":0.73549,"direction":[-0.084436,0.670017,-0.737529],"elbow":[59.7042,151.826,286.666],"grabStrength":0,"id":368,"palmNormal":[0.113125,-0.72894,-0.675166],"palmPosition":[-32.3361,297.43,16.5815],"palmVelocity":[48.7899,132.506,-152.756],"palmWidth":90.0033,"pinchStrength":0.495699,"r":[[0.784032,0.441946,0.435865],[-0.397243,0.896809,-0.19476],[-0.476961,-0.0204462,0.878687]],"s":1.45101,"sphereCenter":[-39.1518,281.402,-27.2348],"sphereRadius":47.8329,"stabilizedPalmPosition":[-39.3993,281.844,36.001],"t":[-4.84264,65.9069,-76.3547],"timeVisible":11.054,"type":"right","wrist":[-20.8448,265.815,58.9687]}],"id":1187195,"interactionBox":{"center":[0,200,0],"size":[235.247,235.247,147.751]},"pointables":[{"bases":[[[0.28071,0.839239,0.465703],[-0.814374,-0.0485174,0.578309],[0.507934,-0.541594,0.669835]],[[0.0754609,0.979187,0.188413],[-0.824656,-0.044942,0.563846],[0.560578,-0.197924,0.804101]],[[0.0754609,0.979187,0.188413],[-0.984077,0.042636,0.172551],[0.160926,-0.198434,0.966813]],[[0.0754609,0.979187,0.188413],[-0.996183,0.0823441,-0.0289651],[-0.043877,-0.185508,0.981663]]],"btipPosition":[-79.3579,272.559,-41.1847],"carpPosition":[-47.267,251.799,53.8507],"dipPosition":[-80.3737,268.265,-18.4594],"direction":[-0.160926,0.198434,-0.966813],"extended":false,"handId":368,"id":3680,"length":51.5512,"mcpPosition":[-47.267,251.799,53.8507],"pipPosition":[-74.9463,261.572,14.1472],"stabilizedTipPosition":[-93.8344,250.593,-2.32414],"timeVisible":11.054,"tipPosition":[-79.0723,272.2,-36.0117],"tipVelocity":[54.1095,125.967,-177.268],"tool":false,"touchDistance":-0.591992,"touchZone":"hovering","type":0,"width":20.0304},{"bases":[[[0.961755,0.250944,-0.109788],[-0.148878,0.815357,0.559489],[0.229917,-0.521746,0.821534]],[[0.966897,0.238602,-0.0904336],[-0.129607,0.76453,0.631423],[0.219798,-0.598801,0.770147]],[[0.966897,0.238602,-0.0904336],[-0.179917,0.888823,0.421455],[0.180939,-0.391233,0.902329]],[[0.966897,0.238602,-0.0904336],[-0.213111,0.950037,0.228065],[0.140332,-0.201243,0.969437]]],"btipPosition":[-75.2205,350.28,-71.2534],"carpPosition":[-42.4507,274.11,59.2166],"dipPosition":[-72.8488,346.879,-54.8696],"direction":[-0.180939,0.391233,-0.902329],"extended":true,"handId":368,"id":3681,"length":58.1698,"mcpPosition":[-59.1822,312.079,-0.567931],"pipPosition":[-68.5229,337.526,-33.2965],"stabilizedTipPosition":[-77.8799,340.402,-59.435],"timeVisible":11.054,"tipPosition":[-73.7389,348.554,-67.7601],"tipVelocity":[45.7822,184.49,-138.199],"tool":false,"touchDistance":-0.538533,"touchZone":"hovering","type":1,"width":19.133},{"bases":[[[0.99517,0.0354471,-0.0915463],[0.0209458,0.834391,0.550774],[0.0959088,-0.550031,0.829619]],[[0.99518,0.0353856,-0.0914536],[-0.0717972,0.898162,-0.433763],[0.0667911,0.438239,0.896374]],[[0.99518,0.0353856,-0.0914536],[-0.0870833,-0.109847,-0.990126],[-0.0450821,0.993318,-0.106236]],[[0.99518,0.0353856,-0.0914536],[-0.0419736,-0.689154,-0.723399],[-0.0886235,0.723751,-0.684347]]],"btipPosition":[-38.1353,254.482,-25.924],"carpPosition":[-31.2474,278.811,58.3572],"dipPosition":[-39.7826,267.935,-38.6448],"direction":[0.0450821,-0.993318,0.106236],"extended":false,"handId":368,"id":3682,"length":66.2798,"mcpPosition":[-37.8662,316.769,1.10401],"pipPosition":[-41.0507,295.875,-41.633],"stabilizedTipPosition":[-44.7622,246.876,-16.128],"timeVisible":11.054,"tipPosition":[-38.5651,257.677,-29.4217],"tipVelocity":[68.9916,147.978,-162.554],"tool":false,"touchDistance":0.333333,"touchZone":"none","type":2,"width":18.7912},{"bases":[[[0.994007,-0.108882,-0.00972077],[0.0950393,0.816833,0.568992],[-0.054013,-0.566506,0.822286]],[[0.992789,-0.119721,0.00604287],[0.107898,0.870511,-0.480175],[0.0522268,0.477365,0.877152]],[[0.992789,-0.119721,0.00604287],[-0.014508,-0.170042,-0.98533],[0.118993,0.978137,-0.170553]],[[0.992789,-0.119721,0.00604287],[-0.0823454,-0.717748,-0.691417],[0.0871147,0.685934,-0.722431]]],"btipPosition":[-23.1049,254.953,-14.6228],"carpPosition":[-19.2728,280.429,57.0675],"dipPosition":[-21.4949,267.63,-27.9744],"direction":[-0.118993,-0.978137,0.170553],"extended":false,"handId":368,"id":3683,"length":63.7298,"mcpPosition":[-15.9261,315.53,6.11804],"pipPosition":[-18.2343,294.433,-32.6478],"stabilizedTipPosition":[-27.4176,249.054,-8.43067],"timeVisible":11.054,"tipPosition":[-22.7497,257.994,-18.4543],"tipVelocity":[68.6022,148.047,-143.322],"tool":false,"touchDistance":0.333333,"touchZone":"none","type":3,"width":17.881},{"bases":[[[0.951616,-0.307175,-0.00836421],[0.243339,0.736674,0.63095],[-0.18765,-0.602458,0.775778]],[[0.878736,-0.442826,0.178124],[0.476149,0.787282,-0.391751],[0.0332436,0.42906,0.902664]],[[0.878736,-0.442826,0.178124],[0.119472,-0.157245,-0.980306],[0.462114,0.882711,-0.0852719]],[[0.878736,-0.442826,0.178124],[-0.179945,-0.652999,-0.735671],[0.442089,0.614408,-0.653498]]],"btipPosition":[-13.4817,267.135,-9.3254],"carpPosition":[-6.604,275.14,53.95],"dipPosition":[-5.94416,277.611,-20.4675],"direction":[-0.462114,-0.882711,0.0852719],"extended":false,"handId":368,"id":3684,"length":49.963,"mcpPosition":[4.15895,309.695,9.45417],"pipPosition":[2.99623,294.688,-22.1172],"stabilizedTipPosition":[-15.5307,261.616,-3.92364],"timeVisible"