{"sensorType":"Leap","data":[[0,{"currentFrameRate":105.059,"devices":[],"gestures":[],"hands":[{"armBasis":[[0.964492,0.00549144,-0.264056],[0.088704,0.934975,0.343444],[0.248772,-0.354672,0.901288]],"armWidth":63.029,"confidence":0.685556,"direction":[-0.0740774,0.742118,-0.666164],"elbow":[53.7487,144.625,299.961],"grabStrength":0,"id":368,"palmNormal":[-0.138032,-0.669199,-0.73015],"palmPosition":[-24.685,276.413,21.6957],"palmVelocity":[93.6262,287.71,-261.85],"palmWidth":90.0033,"pinchStrength":0.589109,"r":[[0.921237,0.239689,0.306386],[-0.23314,0.970689,-0.0583803],[-0.311398,-0.0176486,0.950116]],"s":1.38636,"sphereCenter":[-28.6225,259.721,-24.8636],"sphereRadius":47.73,"stabilizedPalmPosition":[-27.166,269.006,28.4608],"t":[2.54765,43.4399,-70.2244],"timeVisible":4.33881,"type":"right","wrist":[-12.6913,239.348,59.2523]}],"id":1186463,"interactionBox":{"center":[0,200,0],"size":[235.247,235.247,147.751]},"pointables":[{"bases":[[[0.506434,0.728125,0.461908],[-0.704218,0.0401261,0.708849],[0.497596,-0.684269,0.53308]],[[0.26959,0.938739,0.214689],[-0.777893,0.080879,0.62317],[0.56763,-0.335005,0.752042]],[[0.26959,0.938739,0.214689],[-0.93937,0.207302,0.273148],[0.211909,-0.27531,0.937709]],[[0.26959,0.938739,0.214689],[-0.961074,0.276289,-0.00124699],[-0.0604868,-0.205996,0.976682]]],"btipPosition":[-75.54,261.35,-33.3746],"carpPosition":[-41.766,230.755,57.9936],"dipPosition":[-76.9403,256.581,-10.7646],"direction":[-0.211909,0.27531,-0.937709],"extended":false,"handId":368,"id":3680,"length":51.5512,"mcpPosition":[-41.766,230.755,57.9936],"pipPosition":[-69.7934,247.296,20.8605],"stabilizedTipPosition":[-82.3635,248.548,-15.0003],"timeVisible":4.33881,"tipPosition":[-76.4023,261.443,-27.4502],"tipVelocity":[143.369,295.374,-321.825],"tool":false,"touchDistance":-0.648537,"touchZone":"hovering","type":0,"width":20.0304},{"bases":[[[0.961195,0.0872761,-0.261701],[0.101073,0.771262,0.628442],[0.256688,-0.630506,0.732512]],[[0.976215,0.0448948,-0.212104],[0.0628575,0.877694,0.47508],[0.207491,-0.477113,0.853997]],[[0.976215,0.0448948,-0.212104],[0.0296135,0.941543,0.335588],[0.214771,-0.333887,0.917819]],[[0.976215,0.0448948,-0.212104],[0.00414547,0.974281,0.2253],[0.216764,-0.220821,0.950922]]],"btipPosition":[-68.2964,329.124,-63.7605],"carpPosition":[-32.0009,251.251,63.8519],"dipPosition":[-64.633,325.392,-47.6896],"direction":[-0.214771,0.333887,-0.917819],"extended":true,"handId":368,"id":3681,"length":58.1698,"mcpPosition":[-50.6806,297.134,10.5457],"pipPosition":[-59.4982,317.409,-25.7461],"stabilizedTipPosition":[-69.9294,321.733,-55.5288],"timeVisible":4.33881,"tipPosition":[-66.7905,326.872,-60.6129],"tipVelocity":[149.132,368.641,-264.985],"tool":false,"touchDistance":-0.7267,"touchZone":"touching","type":1,"width":19.133},{"bases":[[[0.955629,-0.131479,-0.263604],[0.267731,0.760884,0.591081],[0.122857,-0.635428,0.762323]],[[0.959849,-0.157317,-0.232254],[0.0428174,0.900406,-0.432938],[0.277231,0.405611,0.87099]],[[0.959849,-0.157317,-0.232254],[-0.268607,-0.27673,-0.922644],[0.0808764,0.947983,-0.307875]],[[0.959849,-0.157317,-0.232254],[-0.25402,-0.83871,-0.481704],[-0.119013,0.52136,-0.844997]]],"btipPosition":[-42.1581,242.125,-8.43876],"carpPosition":[-20.3991,253.968,61.3301],"dipPosition":[-44.3703,251.817,-24.1457],"direction":[-0.0808764,-0.947983,0.307875],"extended":false,"handId":368,"id":3682,"length":66.2798,"mcpPosition":[-28.8777,297.82,8.72112],"pipPosition":[-42.0954,278.481,-32.8057],"stabilizedTipPosition":[-46.6032,235.24,-2.83695],"timeVisible":4.33881,"tipPosition":[-42.5276,243.642,-11.0499],"tipVelocity":[125.194,300.883,-304.781],"tool":false,"touchDistance":0.333333,"touchZone":"none","type":2,"width":18.7912},{"bases":[[[0.940372,-0.280536,-0.192352],[0.339102,0.728902,0.594737],[-0.0266398,-0.624501,0.78057]],[[0.940293,-0.282313,-0.190129],[0.159044,0.858298,-0.487882],[0.300923,0.428513,0.851952]],[[0.940293,-0.282313,-0.190129],[-0.273333,-0.293439,-0.916069],[0.202827,0.913342,-0.353084]],[[0.940293,-0.282313,-0.190129],[-0.339636,-0.814826,-0.469794],[-0.0222931,0.506318,-0.862058]]],"btipPosition":[-25.4991,238.943,-2.35929],"carpPosition":[-8.70468,253.572,58.0504],"dipPosition":[-25.9111,248.301,-18.2913],"direction":[-0.202827,-0.913342,0.353084],"extended":false,"handId":368,"id":3683,"length":63.7298,"mcpPosition":[-7.05406,292.266,9.68571],"pipPosition":[-20.3534,273.328,-27.9664],"stabilizedTipPosition":[-28.9773,233.13,1.27086],"timeVisible":4.33881,"tipPosition":[-25.4784,240.541,-5.2128],"tipVelocity":[122.248,295.441,-270.973],"tool":false,"touchDistance":0.333333,"touchZone":"none","type":3,"width":17.881},{"bases":[[[0.861926,-0.467483,-0.196322],[0.477541,0.618339,0.624188],[-0.170404,-0.631756,0.756205]],[[0.838848,-0.532169,-0.114587],[0.423358,0.770087,-0.477215],[0.342201,0.351799,0.871284]],[[0.838848,-0.532169,-0.114587],[-0.269204,-0.222583,-0.937009],[0.473142,0.816856,-0.329975]],[[0.838848,-0.532169,-0.114587],[-0.509827,-0.69424,-0.508042],[0.190813,0.48459,-0.853676]]],"btipPosition":[-12.5462,246.327,-0.501037],"carpPosition":[2.05586,246.462,52.407],"dipPosition":[-9.29284,254.589,-15.0561],"direction":[-0.473142,-0.816856,0.329975],"extended":false,"handId":368,"id":3684,"length":49.963,"mcpPosition":[11.8296,282.697,9.03378],"pipPosition":[-0.139108,270.392,-21.4401],"stabilizedTipPosition":[-14.6689,241.176,2.2312],"timeVisible":4.33881,"tipPosition":[-12.0176,247.568,-3.00462],"tipVelocity":[121.152,296.76,-255.87],"tool":false,"touchDistance":0.333333,"touchZone":"none","type":4,"width":15.8833}],"r":[[0.921237,0.239689,0.306386],[-0.23314,0.970689,-0.0583803],[-0.311398,-0.0176486,0.950116]],"s":1.38636,"t":[2.54765,43.4399,-70.2244],"timestamp":15505964294},false],[1,{"currentFrameRate":105.217,"devices":[],"gestures":[],"hands":[{"armBasis":[[0.964268,-0.000709307,-0.264929],[0.092839,0.937491,0.335398],[0.248131,-0.348009,0.904058]],"armWidth":63.029,"confidence":0.691301,"direction":[-0.0646739,0.746601,-0.662121],"elbow":[53.6925,147.831,298.799],"grabStrength":0,"id":368,"palmNormal":[-0.13991,-0.663741,-0.734761],"palmPosition":[-24.0786,278.157,19.955],"palmVelocity":[85.8434,260.162,-241.443],"palmWidth":90.0033,"pinchStrength":0.586688,"r":[[0.918995,0.237234,0.314908],[-0.2308,0.971262,-0.0581525],[-0.319654,-0.0192388,0.947339]],"s":1.38833,"sphereCenter":[-28.5779,262.003,-26.525],"sphereRadius":47.5901,"stabilizedPalmPosition":[-26.4032,271.267,26.3593],"t":[3.16234,45.5391,-72.206],"timeVisible":4.34802,"type":"right","wrist":[-12.5762,240.774,57.3503]}],"id":1186464,"interactionBox":{"center":[0,200,0],"size":[235.247,235.247,147.751]},"pointables":[{"bases":[[[0.510108,0.721199,0.468682],[-0.707367,0.0417727,0.705611],[0.489308,-0.691468,0.53146]],[[0.276361,0.935136,0.221688],[-0.778933,0.0828359,0.621612],[0.562928,-0.344469,0.751301]],[[0.276361,0.935136,0.221688],[-0.938959,0.213548,0.269727],[0.20489,-0.282698,0.937071]],[[0.276361,0.935136,0.221688],[-0.958929,0.283646,-0.00106807],[-0.0638796,-0.212288,0.975117]]],"btipPosition":[-74.9405,263.886,-35.3755],"carpPosition":[-41.7139,232.429,55.8982],"dipPosition":[-76.4193,258.972,-12.8018],"direction":[-0.20489,0.282698,-0.937071],"extended":false,"handId":368,"id":3680,"length":51.5512,"mcpPosition":[-41.7139,232.429,55.8982],"pipPosition":[-69.5092,249.437,18.8018],"stabilizedTipPosition":[-81.1734,250.935,-17.5514],"timeVisible":4.34802,"tipPosition":[-75.7293,263.86,-29.5255],"tipVelocity":[120.898,288.749,-292.791],"tool":false,"touchDistance":-0.642156,"touchZone":"hovering","type":0,"width":20.0304},{"bases":[[[0.963164,0.0808786,-0.256463],[0.104296,0.7667,0.633477],[0.247865,-0.636891,0.730023]],[[0.97678,0.040889,-0.210305],[0.0678421,0.872072,0.484653],[0.203218,-0.487667,0.849048]],[[0.97678,0.040889,-0.210305],[0.0353481,0.937408,0.346435],[0.211307,-0.345825,0.914196]],[[0.97678,0.040889,-0.210305],[0.0103039,0.971517,0.236746],[0.213995,-0.233416,0.948537]]],"btipPosition":[-67.1521,332.093,-65.1687],"carpPosition":[-31.8099,252.809,61.9255],"dipPosition":[-63.5355,328.149,-49.1381],"direction":[-0.211307,0.345825,-0.914196],"extended":true,"handId":368,"id":3681,"length":58.1698,"mcpPosition":[-49.8474,299.156,8.80039],"pipPosition":[-58.4835,319.881,-27.2812],"stabilizedTipPosition":[-68.6965,324.963,-57.5624],"timeVisible":4.34802,"tipPosition":[-65.6295,329.813,-62.0503],"tipVelocity":[141.834,354.201,-233.874],"tool":false,"touchDistance":-0.703625,"touchZone":"touching","type":1,"width":19.133},{"bases":[[[0.95581,-0.137808,-0.259686],[0.271045,0.755167,0.596873],[0.113852,-0.640884,0.759148]],[[0.959658,-0.163831,-0.228509],[0.0523341,0.902581,-0.427327],[0.276257,0.398129,0.874743]],[[0.959658,-0.163831,-0.228509],[-0.266303,-0.268829,-0.925642],[0.0902193,0.949153,-0.301612]],[[0.959658,-0.163831,-0.228509],[-0.258549,-0.833562,-0.488187],[-0.110496,0.527573,-0.842293]]],"btipPosition":[-41.6859,244.187,-10.4785],"carpPosition":[-20.1737,255.445,59.4767],"dipPosition":[-43.7398,253.994,-26.1352],"direction":[-0.0902193,-0.949153,0.301612],"extended":false,"handId":368,"id":3682,"length":66.2798,"mcpPosition":[-28.0309,299.674,7.08681],"pipPosition":[-41.2022,280.692,-34.6189],"stabilizedTipPosition":[-45.6671,237.599,-5.20476],"timeVisible":4.34802,"tipPosition":[-42.031,245.736,-13.0929],"tipVelocity":[105.598,280.12,-281.092],"tool":false,"touchDistance":0.333333,"touchZone":"none","type":2,"width":18.7912},{"bases":[[[0.938976,-0.28715,-0.189391],[0.342132,0.722576,0.60069],[-0.0356385,-0.628831,0.776725]],[[0.938827,-0.289637,-0.186315],[0.169986,0.860232,-0.480735],[0.299513,0.419656,0.856843]],[[0.938827,-0.289637,-0.186315],[-0.270342,-0.284656,-0.919721],[0.21335,0.913828,-0.345544]],[[0.938827,-0.289637,-0.186315],[-0.344158,-0.808812,-0.476843],[-0.0125823,0.511795,-0.859016]]],"btipPosition":[-25.1093,240.889,-4.39843],"carpPosition":[-8.46687,254.972,56.252],"dipPosition":[-25.3418,250.347,-20.2742],"direction":[-0.21335,-0.913828,0.345544],"extended":false,"handId":368,"id":3683,"length":63.7298,"mcpPosition":[-6.25868,293.934,8.12559],"pipPosition":[-19.4957,275.388,-29.7427],"stabilizedTipPosition":[-28.0415,235.567,-1.01556],"timeVisible":4.34802,"tipPosition":[-25.0509,242.508,-7.24811],"tipVelocity":[101.123,272.551,-256.693],"tool":false,"touchDistance":0.333333,"touchZone":"none","type":3,"width":17.881},{"bases":[[[0.859016,-0.473417,-0.194852],[0.47951,0.610704,0.630167],[-0.179335,-0.634757,0.751613]],[[0.834912,-0.538584,-0.113356],[0.432313,0.769208,-0.470557],[0.340629,0.343868,0.875058]],[[0.834912,-0.538584,-0.113356],[-0.266365,-0.215172,-0.939548],[0.481635,0.814634,-0.32311]],[[0.834912,-0.538584,-0.113356],[-0.513121,-0.687205,-0.514253],[0.19907,0.487521,-0.850114]]],"btipPosition":[-12.0772,248.114,-2.35063],"carpPosition":[2.26268,247.806,50.6196],"dipPosition":[-8.68309,256.426,-16.845],"direction":[-0.481635,-0.814634,0.32311],"extended":false,"handId":368,"id":3684,"length":49.963,"mcpPosition":[12.5487,284.214,7.50975],"pipPosition":[0.634954,272.187,-23.0961],"stabilizedTipPosition":[-13.7534,243.578,0.0824114],"timeVisible":4.34802,"tipPosition":[-11.5225,249.37,-4.86171],"tipVelocity":[102.468,268.34,-240.026],"tool":false,"touchDistance":0.333333,"touchZone":"none","type":4,"width":15.8833}],"r":[[0.918995,0.237234,0.314908],[-0.2308,0.971262,-0.0581525],[-0.319654,-0.0192388,0.947339]],"s":1.38833,"t":[3.16234,45.5391,-72.206],"timestamp":15505973505},false],[2,{"currentFrameRate":105.621,"devices":[],"gestures":[],"hands":[{"armBasis":[[0.962267,-0.00234173,-0.272096],[0.0966048,0.937761,0.333573],[0.25438,-0.347272,0.902604]],"armWidth":63.029,"confidence":0.697866,"direction":[-0.0576086,0.747956,-0.661244],"elbow":[55.6146,149.422,297.243],"grabStrength":0,"id":368,"palmNormal":[-0.140916,-0.661805,-0.736313],"palmPosition":[-23.4546,279.675,18.7987],"palmVelocity":[82.0302,237.158,-212.365],"palmWidth":90.0033,"pinchStrength":0.58341,"r":[[0.917169,0.234073,0.322508],[-0.227729,0.972005,-0.0578428],[-0.327019,-0.0203928,0.944798]],"s":1.3903,"sphereCenter":[-28.5742,263.848,-27.5292],"sphereRadius":47.4603,"stabilizedPalmPosition":[-25.7181,273.221,24.6027],"t":[3.78168,47.3475,-73.775],"timeVisible":4.35673,"type":"right","wrist":[-12.3231,242.169,56.1829]}],"id":1186465,"interactionBox":{"center":[0,200,0],"size":[235.247,235.247,147.751]},"pointables":[{"bases":[[[0.512505,0.71746,0.471794],[-0.709911,0.0449207,0.702857],[0.483079,-0.69515,0.532355]],[[0.281212,0.93304,0.224401],[-0.778669,0.0851806,0.621626],[0.560887,-0.349543,0.750483]],[[0.281212,0.93304,0.224401],[-0.938635,0.218766,0.266656],[0.199709,-0.285618,0.937304]],[[0.281212,0.93304,0.224401],[-0.957421,0.288696,-0.000567143],[-0.065313,-0.214687,0.974497]]],"btipPosition":[-74.4217,265.86,-36.6245],"carpPosition":[-41.5038,233.998,54.6024],"dipPosition":[-75.9336,260.89,-14.0651],"direction":[-0.199709,0.285618,-0.937304],"extended":false,"handId":368,"id":3680,"length":51.5512,"mcpPosition":[-41.5038,233.998,54.6024],"pipPosition":[-69.1983,251.258,17.5463],"stabilizedTipPosition":[-80.1294,253.182,-19.8149],"timeVisible":4.35673,"tipPosition":[-75.0982,265.718,-30.8719],"tipVelocity":[104.259,271.71,-252.932],"tool":false,"touchDistance":-0.625058,"touchZone":"hovering","type":0,"width":20.0304},{"bases":[[[0.964641,0.0755417,-0.252511],[0.106317,0.765124,0.635045],[0.241175,-0.639436,0.730038]],[[0.976967,0.038459,-0.209897],[0.071062,0.868846,0.489956],[0.201211,-0.493587,0.846101]],[[0.976967,0.038459,-0.209897],[0.0389104,0.935028,0.352433],[0.209813,-0.352482,0.911995]],[[0.976967,0.038459,-0.209897],[0.0140303,0.96992,0.243021],[0.212929,-0.240368,0.94704]]],"btipPosition":[-66.2195,334.309,-66.1923],"carpPosition":[-31.5031,254.31,60.6997],"dipPosition":[-62.6209,330.246,-50.1871],"direction":[-0.209813,0.352482,-0.911995],"extended":true,"handId":368,"id":3681,"length":58.1698,"mcpPosition":[-49.0538,300.843,7.5735],"pipPosition":[-57.6046,321.819,-28.3828],"stabilizedTipPosition":[-67.5816,327.8,-59.2319],"timeVisible":4.35673,"tipPosition":[-64.6615,332.032,-63.0909],"tipVelocity":[132.39,326.616,-202.93],"tool":false,"touchDistance":-0.677038,"touchZone":"touching","type":1,"width":19.133},{"bases":[[[0.956002,-0.143092,-0.256094],[0.273139,0.752656,0.599086],[0.107026,-0.642677,0.758625]],[[0.959566,-0.169129,-0.225008],[0.0594542,0.903106,-0.425281],[0.275133,0.394708,0.876645]],[[0.959566,-0.169129,-0.225008],[-0.264165,-0.265016,-0.927353],[0.097212,0.949295,-0.298978]],[[0.959566,-0.169129,-0.225008],[-0.261623,-0.830815,-0.491223],[-0.103859,0.530228,-0.84147]]],"btipPosition":[-41.1495,245.857,-11.798],"carpPosition":[-19.8419,256.881,58.3012],"dipPosition":[-43.08,255.713,-27.4394],"direction":[-0.097212,-0.949295,0.298978],"extended":false,"handId":368,"id":3682,"length":66.2798,"mcpPosition":[-27.2279,301.233,5.9474],"pipPosition":[-40.3457,282.415,-35.8491],"stabilizedTipPosition":[-44.8611,239.682,-7.22111],"timeVisible":4.35673,"tipPosition":[-41.4749,247.433,-14.4218],"tipVelocity":[94.6914,256.788,-246.312],"tool":false,"touchDistance":0.333333,"touchZone":"none","type":2,"width":18.7912},{"bases":[[[0.938003,-0.292436,-0.186093],[0.344016,0.719638,0.603137],[-0.0424594,-0.629763,0.775626]],[[0.937777,-0.295609,-0.182179],[0.178449,0.860348,-0.477449],[0.297875,0.415231,0.859566]],[[0.937777,-0.295609,-0.182179],[-0.267535,-0.280645,-0.921772],[0.221356,0.913156,-0.342268]],[[0.937777,-0.295609,-0.182179],[-0.347202,-0.805726,-0.47985],[-0.00493847,0.513245,-0.858228]]],"btipPosition":[-24.6334,242.505,-5.68465],"carpPosition":[-8.1253,256.343,55.1224],"dipPosition":[-24.7246,251.99,-21.5459],"direction":[-0.221356,-0.913156,0.342268],"extended":false,"handId":368,"id":3683,"length":63.7298,"mcpPosition":[-5.49449,295.364,7.064],"pipPosition":[-18.6591,277.012,-30.9246],"stabilizedTipPosition":[-27.2624,237.665,-2.92885],"timeVisible":4.35673,"tipPosition":[-24.5453,244.132,-8.53931],"tipVelocity":[89.6828,249.451,-227.418],"tool":false,"touchDistance":0.333333,"touchZone":"none","type":3,"width":17.881},{"bases":[[[0.856963,-0.478217,-0.192152],[0.48061,0.606909,0.632989],[-0.186087,-0.634799,0.749935]],[[0.832068,-0.543529,-0.11063],[0.439031,0.767255,-0.467516],[0.33899,0.340435,0.877035]],[[0.832068,-0.543529,-0.11063],[-0.263809,-0.212341,-0.940912],[0.487921,0.812089,-0.32007]],[[0.832068,-0.543529,-0.11063],[-0.515229,-0.683499,-0.517076],[0.20543,0.487243,-0.84876]]],"btipPosition":[-11.5414,249.607,-3.50321],"carpPosition":[2.58392,249.123,49.5218],"dipPosition":[-8.03887,257.914,-17.9745],"direction":[-0.487921,-0.812089,0.32007],"extended":false,"handId":368,"id":3684,"length":49.963,"mcpPosition":[13.2572,285.532,6.5082],"pipPosition":[1.4008,273.625,-24.1668],"stabilizedTipPosition":[-12.9825,245.606,-1.684],"timeVisible":4.35673,"tipPosition":[-10.9661,250.867,-6.0234],"tipVelocity":[92.2728,242.353,-211.048],"tool":false,"touchDistance":0.333333,"touchZone":"none","type":4,"width":15.8833}],"r":[[0.917169,0.234073,0.322508],[-0.227729,0.972005,-0.0578428],[-0.327019,-0.0203928,0.944798]],"s":1.3903,"t":[3.78168,47.3475,-73.775],"timestamp":15505982223},false],[3,{"currentFrameRate":105.781,"devices":[],"gestures":[],"hands":[{"armBasis":[[0.960498,-0.00294565,-0.27827],[0.101948,0.934152,0.342005],[0.258939,-0.356864,0.897552]],"armWidth":63.029,"confidence":0.69504,"direction":[-0.0514418,0.747493,-0.662275],"elbow":[57.2006,147.857,295.105],"grabStrength":0,"id":368,"palmNormal":[-0.142393,-0.661867,-0.735973],"palmPosition":[-22.764,280.69,17.9337],"palmVelocity":[80.1842,201.954,-179.509],"palmWidth":90.0033,"pinchStrength":0.580293,"r":[[0.915719,0.230588,0.329071],[-0.22415,0.972831,-0.057936],[-0.33349,-0.0207081,0.942526]],"s":1.392,"sphereCenter":[-28.5408,265.022,-28.2392],"sphereRadius":47.3572,"stabilizedPalmPosition":[-25.0064,275.02,22.996],"t":[4.43664,48.7592,-74.992],"timeVisible":4.36589,"type":"right","wrist":[-11.9547,243.166,55.3944]}],"id":1186466,"interactionBox":{"center":[0,200,0],"size":[235.247,235.247,147.751]},"pointables":[{"bases":[[[0.515081,0.71514,0.472512],[-0.711761,0.0497016,0.700661],[0.477586,-0.697212,0.534609]],[[0.286644,0.93121,0.225129],[-0.776499,0.0881831,0.623917],[0.561145,-0.353655,0.748361]],[[0.286644,0.93121,0.225129],[-0.937853,0.224765,0.264412],[0.195622,-0.28693,0.937765]],[[0.286644,0.93121,0.225129],[-0.955667,0.294446,-0.00113159],[-0.0673423,-0.214825,0.974328]]],"btipPosition":[-73.9214,267.269,-37.3985],"carpPosition":[-41.1756,235.157,53.7353],"dipPosition":[-75.4803,262.296,-14.843],"direction":[-0.195622,0.28693,-0.937765],"extended":false,"handId":368,"id":3680,"length":51.5512,"mcpPosition":[-41.1756,235.157,53.7353],"pipPosition":[-68.8828,252.619,16.784],"stabilizedTipPosition":[-79.0913,255.479,-22.0147],"timeVisible":4.36589,"tipPosition":[-74.4732,266.981,-31.7782],"tipVelocity":[90.1004,238.837,-206.027],"tool":false,"touchDistance":-0.602509,"touchZone":"hovering","type":0,"width":20.0304},{"bases":[[[0.965803,0.0698635,-0.249688],[0.108675,0.76526,0.634482],[0.235403,-0.639919,0.731498]],[[0.976912,0.0358843,-0.210608],[0.0741033,0.86768,0.49157],[0.20038,-0.495827,0.844987]],[[0.976912,0.0358843,-0.210608],[0.0420265,0.934254,0.354124],[0.209469,-0.354799,0.911175]],[[0.976912,0.0358843,-0.210608],[0.0171264,0.969467,0.244624],[0.212955,-0.242583,0.946469]]],"btipPosition":[-65.3333,335.641,-67.0824],"carpPosition":[-31.0801,255.419,59.8394],"dipPosition":[-61.7343,331.541,-51.0867],"direction":[-0.209469,0.354799,-0.911175],"extended":true,"handId":368,"id":3681,"length":58.1698,"mcpPosition":[-48.2108,301.988,6.60695],"pipPosition":[-56.7262,323.058,-29.3021],"stabilizedTipPosition":[-66.4694,330.294,-60.7402],"timeVisible":4.36589,"tipPosition":[-63.7287,333.42,-63.9764],"tipVelocity":[122.466,275.879,-173.53],"tool":false,"touchDistance":-0.651051,"touchZone":"touching","type":1,"width":19.133},{"bases":[[[0.955955,-0.148723,-0.253045],[0.275533,0.751819,0.599041],[0.101153,-0.642378,0.759683]],[[0.959269,-0.17463,-0.222054],[0.0661042,0.902982,-0.424564],[0.274653,0.392592,0.877746]],[[0.959269,-0.17463,-0.222054],[-0.26269,-0.262282,-0.928548],[0.103912,0.949059,-0.297473]],[[0.959269,-0.17463,-0.222054],[-0.264967,-0.828772,-0.492879],[-0.097961,0.53164,-0.841286]]],"btipPosition":[-40.575,246.959,-12.7973],"carpPosition":[-19.3975,257.923,57.4731],"dipPosition":[-42.3959,256.841,-28.4353],"direction":[-0.103912,-0.949059,0.297473],"extended":false,"handId":368,"id":3682,"length":66.2798,"mcpPosition":[-26.3783,302.254,5.04623],"pipPosition":[-39.4731,283.536,-36.8027],"stabilizedTipPosition":[-44.0676,241.641,-9.10318],"timeVisible":4.36589,"tipPosition":[-40.8807,248.565,-15.4242],"tipVelocity":[86.5527,218.945,-208.06],"tool":false,"touchDistance":0.333333,"touchZone":"none","type":2,"width":18.7912},{"bases":[[[0.936912,-0.297882,-0.182927],[0.346212,0.718412,0.603343],[-0.0483084,-0.62861,0.776219]],[[0.936541,-0.302391,-0.177345],[0.187793,0.859945,-0.474582],[0.296016,0.411161,0.86216]],[[0.936541,-0.302391,-0.177345],[-0.264384,-0.277064,-0.923762],[0.230202,0.912028,-0.339429]],[[0.936541,-0.302391,-0.177345],[-0.350544,-0.803142,-0.481748],[0.00324328,0.513344,-0.858177]]],"btipPosition":[-24.1317,243.615,-6.70693],"carpPosition":[-7.67461,257.315,54.3302],"dipPosition":[-24.0718,253.102,-22.5672],"direction":[-0.230202,-0.912028,0.339429],"extended":false,"handId":368,"id":3683,"length":63.7298,"mcpPosition":[-4.68139,296.264,6.23513],"pipPosition":[-17.7639,278.093,-31.8681],"stabilizedTipPosition":[-26.5179,239.59,-4.68705],"timeVisible":4.36589,"tipPosition":[-24.0023,245.237,-9.54294],"tipVelocity":[81.0149,213.719,-195.145],"tool":false,"touchDistance":0.333333,"touchZone":"none","type":3,"width":17.881},{"bases":[[[0.854854,-0.483215,-0.189017],[0.482084,0.604957,0.633737],[-0.191884,-0.632874,0.7501]],[[0.829296,-0.548401,-0.107349],[0.444927,0.76422,-0.466913],[0.338094,0.339447,0.877763]],[[0.829296,-0.548401,-0.107349],[-0.262125,-0.212101,-0.941437],[0.493516,0.808869,-0.319644]],[[0.829296,-0.548401,-0.107349],[-0.517565,-0.681349,-0.517581],[0.210699,0.484788,-0.848874]]],"btipPosition":[-10.9487,250.541,-4.296],"carpPosition":[3.01094,250.029,48.7702],"dipPosition":[-7.35628,258.807,-18.7692],"direction":[-0.493516,-0.808869,0.319644],"extended":false,"handId":368,"id":3684,"length":49.963,"mcpPosition":[14.0167,286.328,5.74719],"pipPosition":[2.19164,274.456,-24.9533],"stabilizedTipPosition":[-12.2271,247.412,-3.25303],"timeVisible":4.36589,"tipPosition":[-10.3564,251.8,-6.82909],"tipVelocity":[85.2252,202.957,-176.374],"tool":false,"touchDistance":0.333333,"touchZone":"none","type":4,"width":15.8833}],"r":[[0.915719,0.230588,0.329071],[-0.22415,0.972831,-0.057936],[-0.33349,-0.0207081,0.942526]],"s":1.392,"t":[4.43664,48.7592,-74.992],"timestamp":15505991381},false],[4,{"currentFrameRate":106.042,"devices":[],"gestures":[],"hands":[{"armBasis":[[0.963188,0.0013962,-0.268827],[0.0935997,0.935676,0.340221],[0.25201,-0.352858,0.9011]],"armWidth":63.029,"confidence":0.695754,"direction":[-0.0472985,0.75114,-0.658446],"elbow":[55.2964,150.741,294.552],"grabStrength":0,"id":368,"palmNormal":[-0.131812,-0.658113,-0.741291],"palmPosition":[-22.5639,282.679,16.5364],"palmVelocity":[64.3857,207.499,-173.121],"palmWidth":90.0033,"pinchStrength":0.578976,"r":[[0.913614,0.228134,0.336549],[-0.221933,0.973374,-0.0573449],[-0.34067,-0.0222999,0.939918]],"s":1.39336,"sphereCenter":[-28.3752,267.4,-29.6706],"sphereRadius":47.2756,"stabilizedPalmPosition":[-24.4278,276.835,21.4657],"t":[4.86421,50.4595,-76.2991],"timeVisible":4.37484,"type":"right","wrist":[-12.0084,244.979,53.8934]}],"id":1186467,"interactionBox":{"center":[0,200,0],"size":[235.247,235.247,147.751]},"pointables":[{"bases":[[[0.507099,0.71439,0.48218],[-0.719456,0.0428056,0.693218],[0.474588,-0.698437,0.535679]],[[0.281154,0.930613,0.234331],[-0.781151,0.0800863,0.619185],[0.557455,-0.357134,0.749466]],[[0.281154,0.930613,0.234331],[-0.94116,0.219669,0.256834],[0.187538,-0.292753,0.937617]],[[0.281154,0.930613,0.234331],[-0.956794,0.290696,-0.00648221],[-0.0741515,-0.222384,0.972135]]],"btipPosition":[-73.3108,269.52,-39.2598],"carpPosition":[-41.1775,236.865,51.8727],"dipPosition":[-75.0274,264.372,-16.7551],"direction":[-0.187538,0.292753,-0.937617],"extended":false,"handId":368,"id":3680,"length":51.5512,"mcpPosition":[-41.1775,236.865,51.8727],"pipPosition":[-68.7025,254.499,14.8669],"stabilizedTipPosition":[-78.124,257.788,-24.1825],"timeVisible":4.37484,"tipPosition":[-73.805,269.073,-33.7402],"tipVelocity":[83.0158,241.095,-206.921],"tool":false,"touchDistance":-0.598686,"touchZone":"hovering","type":0,"width":20.0304},{"bases":[[[0.968148,0.0751228,-0.238844],[0.0987761,0.761963,0.640043],[0.230072,-0.643249,0.730272]],[[0.978138,0.0439393,-0.203263],[0.0648937,0.864123,0.499079],[0.197573,-0.501358,0.84238]],[[0.978138,0.0439393,-0.203263],[0.0333021,0.931713,0.361665],[0.205274,-0.360527,0.909881]],[[0.978138,0.0439393,-0.203263],[0.00888704,0.967698,0.251954],[0.207768,-0.248252,0.946152]]],"btipPosition":[-64.7874,338.063,-68.4827],"carpPosition":[-31.2294,257.131,58.2028],"dipPosition":[-61.2761,333.867,-52.4924],"direction":[-0.205274,0.360527,-0.909881],"extended":true,"handId":368,"id":3681,"length":58.1698,"mcpPosition":[-47.9722,303.942,5.05952],"pipPosition":[-56.3684,325.248,-30.7387],"stabilizedTipPosition":[-65.5629,332.772,-62.2203],"timeVisible":4.37484,"tipPosition":[-63.1426,335.903,-65.3677],"tipVelocity":[105.053,273.78,-168.909],"tool":false,"touchDistance":-0.635303,"touchZone":"touching","type":1,"width":19.133},{"bases":[[[0.959211,-0.143477,-0.243575],[0.266058,0.749387,0.606327],[0.0955374,-0.646401,0.756993]],[[0.962289,-0.169491,-0.212774],[0.0678008,0.906925,-0.4158],[0.263445,0.385693,0.884216]],[[0.962289,-0.169491,-0.212774],[-0.251276,-0.254175,-0.933946],[0.104213,0.952191,-0.287179]],[[0.962289,-0.169491,-0.212774],[-0.2566,-0.825233,-0.503136],[-0.0903115,0.53876,-0.837604]]],"btipPosition":[-39.9384,249.117,-14.774],"carpPosition":[-19.5322,259.694,55.9772],"dipPosition":[-41.6171,259.131,-30.3436],"direction":[-0.104213,-0.952191,0.287179],"extended":false,"handId":368,"id":3682,"length":66.2798,"mcpPosition":[-26.1254,304.303,3.73601],"pipPosition":[-38.6858,285.915,-38.4214],"stabilizedTipPosition":[-43.3185,243.598,-10.9546],"timeVisible":4.37484,"tipPosition":[-40.2154,250.767,-17.3796],"tipVelocity":[83.3392,225.935,-211.084],"tool":false,"touchDistance":0.333333,"touchZone":"none","type":2,"width":18.7912},{"bases":[[[0.940011,-0.293118,-0.174532],[0.33682,0.716233,0.611198],[-0.0541474,-0.633318,0.771995]],[[0.939488,-0.298781,-0.167608],[0.191983,0.864382,-0.464743],[0.283733,0.404442,0.869438]],[[0.939488,-0.298781,-0.167608],[-0.251691,-0.270072,-0.929362],[0.232409,0.91531,-0.328929]],[[0.939488,-0.298781,-0.167608],[-0.342347,-0.80069,-0.491623],[0.0126856,0.519254,-0.854526]]],"btipPosition":[-23.5612,245.84,-8.49471],"carpPosition":[-7.77376,259.151,52.9575],"dipPosition":[-23.3267,255.437,-24.2875],"direction":[-0.232409,-0.91531,0.328929],"extended":false,"handId":368,"id":3683,"length":63.7298,"mcpPosition":[-4.41875,298.392,5.12417],"pipPosition":[-16.9584,280.518,-33.3007],"stabilizedTipPosition":[-25.8221,241.545,-6.40649],"timeVisible":4.37484,"tipPosition":[-23.3903,247.483,-11.3092],"tipVelocity":[77.5228,224.05,-195.936],"tool":false,"touchDistance":0.333333,"touchZone":"none","type":3,"width":17.881},{"bases":[[[0.858766,-0.478734,-0.182581],[0.472809,0.603139,0.642398],[-0.197416,-0.637995,0.744304]],[[0.832556,-0.544565,-0.101483],[0.446974,0.768635,-0.457618],[0.327206,0.335632,0.883339]],[[0.832556,-0.544565,-0.101483],[-0.251103,-0.207716,-0.945411],[0.493758,0.81259,-0.309677]],[[0.832556,-0.544565,-0.101483],[-0.509274,-0.680398,-0.526971],[0.217921,0.490416,-0.843803]]],"btipPosition":[-10.3892,252.711,-5.73709],"carpPosition":[3.00009,251.94,47.471],"dipPosition":[-6.67372,261.073,-20.1238],"direction":[-0.493758,-0.81259,0.309677],"extended":false,"handId":368,"id":3684,"length":49.963,"mcpPosition":[14.3231,288.533,4.78039],"pipPosition":[2.87887,276.794,-26.1151],"stabilizedTipPosition":[-11.5244,249.297,-4.76507],"timeVisible":4.37484,"tipPosition":[-9.77256,253.991,-8.26429],"tipVelocity":[79.8836,214.438,-171.575],"tool":false,"touchDistance":0.333333,"touchZone":"none","type":4,"width":15.8833}],"r":[[0.913614,0.228134,0.336549],[-0.221933,0.973374,-0.0573449],[-0.34067,-0.0222999,0.939918]],"s":1.39336,"t":[4.86421,50.4595,-76.2991],"timestamp":15506000330},false],[5,{"currentFrameRate":106.252,"devices":[],"gestures":[],"hands":[{"armBasis":[[0.965193,0.00577808,-0.261473],[0.0870612,0.93564,0.342051],[0.246621,-0.352909,0.90257]],"armWidth":63.029,"confidence":0.698915,"direction":[-0.0459841,0.753911,-0.655365],"elbow":[54.0322,152.078,293.891],"grabStrength":0,"id":368,"palmNormal":[-0.124041,-0.655291,-0.745123],"palmPosition":[-22.2936,284.154,15.5819],"palmVelocity":[54.9051,195.372,-154.579],"palmWidth":90.0033,"pinchStrength":0.578753,"r":[[0.91123,0.226614,0.343956],[-0.220898,0.973672,-0.0562822],[-0.347654,-0.0246929,0.937298]],"s":1.39445,"sphereCenter":[-28.3769,269.222,-30.5869],"sphereRadius":47.1744,"stabilizedPalmPosition":[-23.9111,278.606,20.0414],"t":[5.21312,52.0473,-77.4299],"timeVisible":4.38387,"type":"right","wrist":[-11.8335,246.33,52.8395]}],"id":1186468,"interactionBox":{"center":[0,200,0],"size":[235.247,235.247,147.751]},"pointables":[{"bases":[[[0.500834,0.714298,0.488819],[-0.724302,0.0366784,0.688507],[0.47387,-0.69888,0.535737]],[[0.275899,0.930568,0.24067],[-0.783857,0.0729213,0.616644],[0.55628,-0.358782,0.749552]],[[0.275899,0.930568,0.24067],[-0.943661,0.214644,0.251857],[0.182712,-0.296598,0.937361]],[[0.275899,0.930568,0.24067],[-0.957958,0.286719,-0.0104361],[-0.078716,-0.227672,0.970551]]],"btipPosition":[-72.761,271.093,-40.507],"carpPosition":[-40.9541,238.104,50.5845],"dipPosition":[-74.5832,265.822,-18.0389],"direction":[-0.182712,0.296598,-0.937361],"extended":false,"handId":368,"id":3680,"length":51.5512,"mcpPosition":[-40.9541,238.104,50.5845],"pipPosition":[-68.4211,255.819,13.5744],"stabilizedTipPosition":[-77.1996,260.049,-26.2685],"timeVisible":4.38387,"tipPosition":[-73.2215,270.547,-35.0552],"tipVelocity":[76.1922,221.821,-188.255],"tool":false,"touchDistance":-0.585985,"touchZone":"hovering","type":0,"width":20.0304},{"bases":[[[0.969419,0.0802223,-0.231931],[0.0912568,0.75946,0.644122],[0.227815,-0.645589,0.728914]],[[0.978348,0.0522836,-0.200254],[0.0573863,0.861102,0.505184],[0.198852,-0.505737,0.839457]],[[0.978348,0.0522836,-0.200254],[0.0255857,0.929591,0.367703],[0.20538,-0.364865,0.908126]],[[0.978348,0.0522836,-0.200254],[0.00111428,0.966222,0.257711],[0.206964,-0.252354,0.945243]]],"btipPosition":[-64.571,339.843,-69.332],"carpPosition":[-31.1339,258.383,57.0731],"dipPosition":[-61.0732,335.579,-53.3571],"direction":[-0.20538,0.364865,-0.908126],"extended":true,"handId":368,"id":3681,"length":58.1698,"mcpPosition":[-47.7124,305.363,4.02868],"pipPosition":[-56.1629,326.855,-31.6453],"stabilizedTipPosition":[-64.8859,335.067,-63.5157],"timeVisible":4.38387,"tipPosition":[-62.8651,337.751,-66.2116],"tipVelocity":[82.6429,252.231,-148.423],"tool":false,"touchDistance":-0.612898,"touchZone":"touching","type":1,"width":19.133},{"bases":[[[0.961428,-0.138389,-0.237706],[0.258814,0.747731,0.611485],[0.0931168,-0.64942,0.754707]],[[0.964403,-0.16449,-0.207049],[0.0673707,0.909984,-0.409135],[0.255709,0.380622,0.888673]],[[0.964403,-0.16449,-0.207049],[-0.243627,-0.248243,-0.937561],[0.102821,0.95463,-0.27948]],[[0.964403,-0.16449,-0.207049],[-0.249926,-0.822779,-0.510462],[-0.0863892,0.544038,-0.834601]]],"btipPosition":[-39.3368,250.71,-16.1399],"carpPosition":[-19.4327,261.004,54.9384],"dipPosition":[-40.9426,260.822,-31.6536],"direction":[-0.102821,-0.95463,0.27948],"extended":false,"handId":368,"id":3682,"length":66.2798,"mcpPosition":[-25.8588,305.822,2.85504],"pipPosition":[-38.0505,287.674,-39.5149],"stabilizedTipPosition":[-42.5879,245.507,-12.725],"timeVisible":4.38387,"tipPosition":[-39.5995,252.397,-18.7386],"tipVelocity":[79.2566,213.016,-194.243],"tool":false,"touchDistance":0.333333,"touchZone":"none","type":2,"width":18.7912},{"bases":[[[0.942388,-0.288419,-0.169469],[0.329679,0.71485,0.616686],[-0.0567195,-0.637028,0.768751]],[[0.941746,-0.295038,-0.161453],[0.193559,0.868034,-0.457222],[0.275045,0.399336,0.874575]],[[0.941746,-0.295038,-0.161453],[-0.24293,-0.264736,-0.93322],[0.232593,0.918078,-0.320988]],[[0.941746,-0.295038,-0.161453],[-0.335836,-0.799046,-0.498738],[0.0181383,0.523906,-0.851583]]],"btipPosition":[-23.0018,247.506,-9.75409],"carpPosition":[-7.65195,260.524,51.9962],"dipPosition":[-22.6666,257.189,-25.4925],"direction":[-0.232593,-0.918078,0.320988],"extended":false,"handId":368,"id":3683,"length":63.7298,"mcpPosition":[-4.13757,299.994,4.36379],"pipPosition":[-16.2932,282.346,-34.2881],"stabilizedTipPosition":[-25.1434,243.463,-8.03855],"timeVisible":4.38387,"tipPosition":[-22.806,249.168,-12.5561],"tipVelocity":[73.9488,213.781,-180.028],"tool":false,"touchDistance":0.333333,"touchZone":"none","type":3,"width":17.881},{"bases":[[[0.861976,-0.474332,-0.178904],[0.465927,0.602181,0.648299],[-0.199776,-0.642174,0.740069]],[[0.835455,-0.540716,-0.098183],[0.446994,0.772535,-0.450983],[0.319704,0.332889,0.887116]],[[0.835455,-0.540716,-0.098183],[-0.243793,-0.204543,-0.948012],[0.492523,0.815958,-0.30271]],[[0.835455,-0.540716,-0.098183],[-0.502903,-0.680191,-0.533318],[0.221591,0.49494,-0.840198]]],"btipPosition":[-9.84138,254.346,-6.74306],"carpPosition":[3.18883,253.381,46.5505],"dipPosition":[-6.06329,262.785,-21.0683],"direction":[-0.492523,-0.815958,0.30271],"extended":false,"handId":368,"id":3684,"length":49.963,"mcpPosition":[14.6473,290.214,4.10279],"pipPosition":[3.46541,278.571,-26.9248],"stabilizedTipPosition":[-10.8391,251.174,-6.18097],"timeVisible":4.38387,"tipPosition":[-9.21073,255.645,-9.27011],"tipVelocity":[75.0416,205.82,-154.595],"tool":false,"touchDistance":0.333333,"touchZone":"none","type":4,"width":15.8833}],"r":[[0.91123,0.226614,0.343956],[-0.220898,0.973672,-0.0562822],[-0.347654,-0.0246929,0.937298]],"s":1.39445,"t":[5.21312,52.0473,-77.4299],"timestamp":15506009356},false],[6,{"currentFrameRate":106.491,"devices":[],"gestures":[],"hands":[{"armBasis":[[0.966179,0.0233706,-0.256811],[0.07071,0.933703,0.350996],[0.247988,-0.357284,0.900472]],"armWidth":63.029,"confidence":0.704865,"direction":[-0.0517266,0.752642,-0.656395],"elbow":[54.3307,154.366,291.686],"grabStrength":0,"id":368,"palmNormal":[-0.107492,-0.657653,-0.745613],"palmPosition":[-22.6086,287.42,13.8149],"palmVelocity":[30.2787,241.688,-166.278],"palmWidth":90.0033,"pinchStrength":0.580249,"r":[[0.907978,0.228214,0.351419],[-0.222946,0.973222,-0.0559806],[-0.354784,-0.0275183,0.934543]],"s":1.39557,"sphereCenter":[-28.7859,272.59,-32.188],"sphereRadius":47.0499,"stabilizedPalmPosition":[-23.586,280.807,18.4869],"t":[5.23007,54.474,-78.8788],"timeVisible":4.39282,"type":"right","wrist":[-11.9001,249.787,51.1955]}],"id":1186469,"interactionBox":{"center":[0,200,0],"size":[235.247,235.247,147.751]},"pointables":[{"bases":[[[0.485574,0.722215,0.492568],[-0.730788,0.0261268,0.682104],[0.479756,-0.691175,0.540473]],[[0.2593,0.934988,0.241995],[-0.789438,0.0608454,0.610807],[0.556372,-0.349422,0.753892]],[[0.2593,0.934988,0.241995],[-0.949128,0.200345,0.242934],[0.178658,-0.292677,0.939373]],[[0.2593,0.934988,0.241995],[-0.962068,0.272057,-0.0202718],[-0.0847903,-0.227559,0.970066]]],"btipPosition":[-72.405,273.508,-42.6698],"carpPosition":[-40.8709,241.116,48.6927],"dipPosition":[-74.3679,268.24,-20.2129],"direction":[-0.178658,0.292677,-0.939373],"extended":false,"handId":368,"id":3680,"length":51.5512,"mcpPosition":[-40.8709,241.116,48.6927],"pipPosition":[-68.3425,258.369,11.4682],"stabilizedTipPosition":[-76.3785,262.365,-28.3929],"timeVisible":4.39282,"tipPosition":[-72.8955,272.952,-37.2442],"tipVelocity":[65.247,234.949,-202.915],"tool":false,"touchDistance":-0.5882,"touchZone":"hovering","type":0,"width":20.0304},{"bases":[[[0.97008,0.0948351,-0.223499],[0.0740094,0.761236,0.644238],[0.231232,-0.641503,0.731441]],[[0.978143,0.0704655,-0.195631],[0.0397086,0.860213,0.508387],[0.204108,-0.505043,0.838613]],[[0.978143,0.0704655,-0.195631],[0.00740263,0.928431,0.371431],[0.207803,-0.36476,0.907617]],[[0.978143,0.0704655,-0.195631],[-0.0171879,0.965009,0.261655],[0.207223,-0.252573,0.945127]]],"btipPosition":[-65.3898,342.682,-71.2895],"carpPosition":[-31.4184,261.547,55.2494],"dipPosition":[-61.8877,338.414,-55.3166],"direction":[-0.207803,0.36476,-0.907617],"extended":true,"handId":368,"id":3681,"length":58.1698,"mcpPosition":[-48.2456,308.23,2.02113],"pipPosition":[-56.9195,329.693,-33.617],"stabilizedTipPosition":[-64.7721,337.57,-65.063],"timeVisible":4.39282,"tipPosition":[-63.6235,340.618,-68.1748],"tipVelocity":[35.0813,269.938,-167.639],"tool":false,"touchDistance":-0.609312,"touchZone":"touching","type":1,"width":19.133},{"bases":[[[0.965475,-0.123877,-0.229155],[0.242006,0.752041,0.61308],[0.0963869,-0.647371,0.756056]],[[0.968583,-0.149955,-0.198393],[0.0574907,0.911161,-0.408021],[0.241953,0.383796,0.891156]],[[0.968583,-0.149955,-0.198393],[-0.231364,-0.250804,-0.939983],[0.0911973,0.956353,-0.277618]],[[0.968583,-0.149955,-0.198393],[-0.233008,-0.826006,-0.513246],[-0.0869101,0.543349,-0.834996]]],"btipPosition":[-38.8776,253.722,-18.1198],"carpPosition":[-19.7403,264.345,53.2151],"dipPosition":[-40.4931,263.822,-33.6409],"direction":[-0.0911973,-0.956353,0.277618],"extended":false,"handId":368,"id":3682,"length":66.2798,"mcpPosition":[-26.3921,309.021,1.03857],"pipPosition":[-37.9279,290.723,-41.4497],"stabilizedTipPosition":[-41.9005,247.676,-14.5707],"timeVisible":4.39282,"tipPosition":[-39.1405,255.427,-20.7288],"tipVelocity":[71.5469,246.687,-201.654],"tool":false,"touchDistance":0.333333,"touchZone":"none","type":2,"width":18.7912},{"bases":[[[0.948127,-0.27413,-0.160957],[0.313316,0.720249,0.618931],[-0.0537383,-0.637255,0.768777]],[[0.947503,-0.280888,-0.152777],[0.184483,0.870492,-0.456299],[0.26116,0.40416,0.876613]],[[0.947503,-0.280888,-0.152777],[-0.230571,-0.269169,-0.935086],[0.221531,0.921222,-0.319803]],[[0.947503,-0.280888,-0.152777],[-0.319252,-0.80446,-0.500921],[0.0177993,0.523398,-0.851902]]],"btipPosition":[-22.5399,250.749,-11.492],"carpPosition":[-7.92825,264.042,50.3766],"dipPosition":[-22.2109,260.422,-27.2363],"direction":[-0.221531,-0.921222,0.319803],"extended":false,"handId":368,"id":3683,"length":63.7298,"mcpPosition":[-4.59858,303.527,2.74259],"pipPosition":[-16.1406,285.665,-35.9994],"stabilizedTipPosition":[-24.4971,245.757,-9.74508],"timeVisible":4.39282,"tipPosition":[-22.3438,252.416,-14.303],"tipVelocity":[67.7982,254.298,-183.925],"tool":false,"touchDistance":0.333333,"touchZone":"none","type":3,"width":17.881},{"bases":[[[0.870646,-0.461256,-0.170936],[0.450983,0.609695,0.651833],[-0.196443,-0.644605,0.738847]],[[0.844345,-0.528159,-0.0901611],[0.439635,0.779113,-0.446883],[0.306271,0.337686,0.890037]],[[0.844345,-0.528159,-0.0901611],[-0.231959,-0.208636,-0.950087],[0.482986,0.823116,-0.298672]],[[0.844345,-0.528159,-0.0901611],[-0.487833,-0.688203,-0.537025],[0.221585,0.497418,-0.838734]]],"btipPosition":[-9.49944,257.818,-8.39648],"carpPosition":[3.06755,257.062,45.0322],"dipPosition":[-5.72144,266.299,-22.6968],"direction":[-0.482986,-0.823116,0.298672],"extended":false,"handId":368,"id":3684,"length":49.963,"mcpPosition":[14.3348,294.035,2.65461],"pipPosition":[3.62275,282.224,-28.4751],"stabilizedTipPosition":[-10.2218,253.576,-7.71949],"timeVisible":4.39282,"tipPosition":[-8.86274,259.13,-10.9312],"tipVelocity":[64.97,255.867,-162.648],"tool":false,"touchDistance":0.333333,"touchZone":"none","typ