{"sensorType":"Leap","data":[[0,{"currentFrameRate":110.546,"devices":[],"gestures":[],"hands":[{"armBasis":[[0.928049,-0.0675682,-0.366278],[0.179819,0.942487,0.28175],[0.326175,-0.327342,0.886824]],"armWidth":63.029,"confidence":0.870072,"direction":[0.0633382,0.78308,-0.618688],"elbow":[76.9517,125.999,295.121],"grabStrength":0,"id":365,"palmNormal":[-0.175281,-0.601567,-0.779355],"palmPosition":[-14.9344,253.87,22.6451],"palmVelocity":[107.233,30.263,-217.496],"palmWidth":90.0033,"pinchStrength":0.497673,"r":[[0.780578,0.144428,0.608144],[-0.334317,0.918546,0.210965],[-0.528139,-0.367987,0.765281]],"s":1.09062,"sphereCenter":[-30.4645,241.351,-23.407],"sphereRadius":46.1764,"stabilizedPalmPosition":[-24.2997,257.888,29.8126],"t":[53.8995,38.8981,-74.4896],"timeVisible":5.10679,"type":"right","wrist":[-10.1606,213.423,58.2746]}],"id":1180422,"interactionBox":{"center":[0,200,0],"size":[235.247,235.247,147.751]},"pointables":[{"bases":[[[0.564482,0.627361,0.536449],[-0.737024,0.0904231,0.669791],[0.371693,-0.773461,0.513422]],[[0.326946,0.915042,0.236232],[-0.715677,0.0764865,0.69423],[0.617181,-0.396041,0.679881]],[[0.326946,0.915042,0.236232],[-0.927862,0.263364,0.264028],[0.179382,-0.305514,0.935138]],[[0.326946,0.915042,0.236232],[-0.931092,0.354686,-0.0852382],[-0.161785,-0.192085,0.967951]]],"btipPosition":[-72.731,243.101,-32.6772],"carpPosition":[-39.9524,208.795,54.8391],"dipPosition":[-76.4763,238.654,-10.2693],"direction":[-0.179382,0.305514,-0.935138],"extended":false,"handId":365,"id":3650,"length":51.5512,"mcpPosition":[-39.9524,208.795,54.8391],"pipPosition":[-70.4265,228.35,21.2691],"stabilizedTipPosition":[-83.1544,242.716,-6.05199],"timeVisible":5.10679,"tipPosition":[-72.8251,242.935,-26.6948],"tipVelocity":[84.8838,117.519,-238.425],"tool":false,"touchDistance":-0.3906,"touchZone":"hovering","type":0,"width":20.0304},{"bases":[[[0.979166,-0.0240862,-0.201628],[0.158134,0.713355,0.682728],[0.127388,-0.700388,0.702302]],[[0.952769,0.0713211,-0.295201],[0.0533352,0.91763,0.393842],[0.298975,-0.390985,0.870486]],[[0.952769,0.0713211,-0.295201],[-0.0380023,0.992392,0.11711],[0.301308,-0.100361,0.948231]],[[0.952769,0.0713211,-0.295201],[-0.100648,0.991254,-0.0853568],[0.286532,0.111037,0.951615]]],"btipPosition":[-62.0756,295.567,-64.2803],"carpPosition":[-28.0537,227.46,62.5733],"dipPosition":[-57.2331,297.443,-48.1977],"direction":[-0.301308,0.100361,-0.948231],"extended":true,"handId":365,"id":3651,"length":58.1698,"mcpPosition":[-37.324,278.429,11.4655],"pipPosition":[-50.0293,295.044,-25.5271],"stabilizedTipPosition":[-67.4583,288.875,-53.333],"timeVisible":5.10679,"tipPosition":[-60.9478,294.586,-60.5622],"tipVelocity":[203.166,255.062,-229.008],"tool":false,"touchDistance":-0.266123,"touchZone":"hovering","type":1,"width":19.133},{"bases":[[[0.945973,-0.239744,-0.218305],[0.324155,0.683464,0.654065],[-0.00760474,-0.689493,0.724253]],[[0.945998,-0.231708,-0.226714],[0.109203,0.886264,-0.450122],[0.305226,0.401057,0.863707]],[[0.945998,-0.231708,-0.226714],[-0.231866,0.00512949,-0.972734],[0.226553,0.972772,-0.0488727]],[[0.945998,-0.231708,-0.226714],[-0.316213,-0.505539,-0.80277],[0.0713956,0.831109,-0.551508]]],"btipPosition":[-37.7912,214.429,-18.6508],"carpPosition":[-16.0639,228.779,60.8843],"dipPosition":[-36.4641,229.878,-28.9023],"direction":[-0.226553,-0.972772,0.0488727],"extended":false,"handId":365,"id":3652,"length":66.2798,"mcpPosition":[-15.5391,276.362,10.9026],"pipPosition":[-30.0916,257.24,-30.277],"stabilizedTipPosition":[-45.2956,219.153,-2.54747],"timeVisible":5.10679,"tipPosition":[-37.4636,217.206,-20.1354],"tipVelocity":[47.5597,64.4688,-216.528],"tool":false,"touchDistance":0.333333,"touchZone":"none","type":2,"width":18.7912},{"bases":[[[0.907398,-0.389431,-0.158027],[0.390505,0.642261,0.659551],[-0.155355,-0.660185,0.734861]],[[0.913262,-0.36055,-0.189622],[0.233481,0.8447,-0.48163],[0.333826,0.395581,0.855614]],[[0.913262,-0.36055,-0.189622],[-0.208904,-0.0148859,-0.977823],[0.349732,0.932621,-0.0889153]],[[0.913262,-0.36055,-0.189622],[-0.360139,-0.497012,-0.78948],[0.190403,0.789292,-0.58375]]],"btipPosition":[-22.5598,210.329,-11.8822],"carpPosition":[-4.33014,227.048,58.2393],"dipPosition":[-19.0409,224.916,-22.6707],"direction":[-0.349732,-0.932621,0.0889153],"extended":false,"handId":365,"id":3653,"length":63.7298,"mcpPosition":[5.29579,267.954,12.7068],"pipPosition":[-9.45769,250.471,-25.1071],"stabilizedTipPosition":[-28.1655,215.309,3.44771],"timeVisible":5.10679,"tipPosition":[-21.9261,212.969,-13.2675],"tipVelocity":[41.0322,44.7624,-227.516],"tool":false,"touchDistance":0.333333,"touchZone":"none","type":3,"width":17.881},{"bases":[[[0.806239,-0.563954,-0.178703],[0.511615,0.513005,0.689258],[-0.297034,-0.647133,0.702132]],[[0.732151,-0.680123,-0.0372465],[0.590624,0.661142,-0.462661],[0.339291,0.316739,0.885753]],[[0.732151,-0.680123,-0.0372465],[-0.0698292,-0.0205519,-0.997347],[0.677554,0.73281,-0.0625396]],[[0.732151,-0.680123,-0.0372465],[-0.413466,-0.400309,-0.817801],[0.541295,0.614154,-0.574294]]],"btipPosition":[-11.3914,220.324,-7.50652],"carpPosition":[5.77619,218.934,52.7435],"dipPosition":[-2.16239,230.795,-17.2982],"direction":[-0.677554,-0.73281,0.0625396],"extended":false,"handId":365,"id":3654,"length":49.963,"mcpPosition":[22.813,256.051,12.4718],"pipPosition":[10.946,244.973,-18.5081],"stabilizedTipPosition":[-17.1024,226.732,5.81938],"timeVisible":5.10679,"tipPosition":[-9.49914,222.053,-8.83834],"tipVelocity":[61.6995,19.7321,-222.404],"tool":false,"touchDistance":0.333333,"touchZone":"none","type":4,"width":15.8833}],"r":[[0.780578,0.144428,0.608144],[-0.334317,0.918546,0.210965],[-0.528139,-0.367987,0.765281]],"s":1.09062,"t":[53.8995,38.8981,-74.4896],"timestamp":15450395397},false],[1,{"currentFrameRate":110.367,"devices":[],"gestures":[],"hands":[{"armBasis":[[0.926119,-0.0713038,-0.370431],[0.184335,0.942292,0.279477],[0.329126,-0.327112,0.885818]],"armWidth":63.029,"confidence":0.770319,"direction":[0.0753618,0.779507,-0.621843],"elbow":[77.2461,127.697,293.092],"grabStrength":0,"id":365,"palmNormal":[-0.17232,-0.604053,-0.778091],"palmPosition":[-14.7709,255.365,20.644],"palmVelocity":[81.7088,66.9988,-216.332],"palmWidth":90.0033,"pinchStrength":0.496152,"r":[[0.780008,0.135345,0.610958],[-0.321545,0.924267,0.205763],[-0.53684,-0.356948,0.764455]],"s":1.09794,"sphereCenter":[-30.3693,243.043,-25.41],"sphereRadius":46.3144,"stabilizedPalmPosition":[-24.1217,257.841,29.6414],"t":[54.4472,39.8967,-76.5593],"timeVisible":5.11617,"type":"right","wrist":[-10.6544,215.059,56.5147]}],"id":1180423,"interactionBox":{"center":[0,200,0],"size":[235.247,235.247,147.751]},"pointables":[{"bases":[[[0.56405,0.625673,0.53887],[-0.742779,0.0993573,0.662124],[0.360733,-0.773732,0.520779]],[[0.331384,0.913859,0.234619],[-0.722022,0.085557,0.68656],[0.607346,-0.396915,0.688179]],[[0.331384,0.913859,0.234619],[-0.928429,0.271588,0.253493],[0.167938,-0.301831,0.938454]],[[0.331384,0.913859,0.234619],[-0.928353,0.360197,-0.0917554],[-0.16836,-0.187403,0.967747]]],"btipPosition":[-72.2009,244.759,-35.2216],"carpPosition":[-40.446,210.643,52.8114],"dipPosition":[-76.0984,240.421,-12.8184],"direction":[-0.167938,0.301831,-0.938454],"extended":false,"handId":365,"id":3650,"length":51.5512,"mcpPosition":[-40.446,210.643,52.8114],"pipPosition":[-70.4345,230.241,18.8317],"stabilizedTipPosition":[-82.9797,242.735,-6.46926],"timeVisible":5.11617,"tipPosition":[-72.336,244.586,-29.2566],"tipVelocity":[75.7647,135.133,-247.818],"tool":false,"touchDistance":-0.418056,"touchZone":"hovering","type":0,"width":20.0304},{"bases":[[[0.980864,-0.03256,-0.19195],[0.156972,0.71549,0.680759],[0.115173,-0.697863,0.70691]],[[0.956918,0.0603005,-0.284027],[0.0620098,0.913188,0.402793],[0.283659,-0.403052,0.870107]],[[0.956918,0.0603005,-0.284027],[-0.0207117,0.989881,0.140377],[0.289618,-0.128447,0.948485]],[[0.956918,0.0603005,-0.284027],[-0.078573,0.995478,-0.0533755],[0.279524,0.0733928,0.95733]]],"btipPosition":[-60.5641,298.998,-66.7051],"carpPosition":[-28.48,229.254,60.5704],"dipPosition":[-55.8401,300.238,-50.5259],"direction":[-0.289618,0.128447,-0.948485],"extended":true,"handId":365,"id":3651,"length":58.1698,"mcpPosition":[-36.8613,280.039,9.12729],"pipPosition":[-48.9158,297.167,-27.8492],"stabilizedTipPosition":[-65.432,291.518,-55.7833],"timeVisible":5.11617,"tipPosition":[-59.5132,297.587,-63.0043],"tipVelocity":[190.406,282.128,-236.744],"tool":false,"touchDistance":-0.303883,"touchZone":"hovering","type":1,"width":19.133},{"bases":[[[0.946179,-0.248038,-0.207901],[0.32303,0.68419,0.653862],[-0.0199388,-0.685829,0.72749]],[[0.946346,-0.240096,-0.216294],[0.120509,0.883239,-0.453175],[0.299844,0.402795,0.864783]],[[0.946346,-0.240096,-0.216294],[-0.22256,0.00104171,-0.974918],[0.2343,0.970749,-0.05245]],[[0.946346,-0.240096,-0.216294],[-0.312405,-0.508523,-0.802376],[0.0826573,0.826897,-0.556246]]],"btipPosition":[-37.5113,215.923,-20.629],"carpPosition":[-16.4646,230.473,58.992],"dipPosition":[-35.9749,231.294,-30.9687],"direction":[-0.2343,-0.970749,0.05245],"extended":false,"handId":365,"id":3652,"length":66.2798,"mcpPosition":[-15.0886,277.803,8.78691],"pipPosition":[-29.3845,258.599,-32.444],"stabilizedTipPosition":[-45.2375,219.155,-2.69332],"timeVisible":5.11617,"tipPosition":[-37.1558,218.703,-22.1763],"tipVelocity":[43.9852,90.8757,-215.563],"tool":false,"touchDistance":0.333333,"touchZone":"none","type":2,"width":18.7912},{"bases":[[[0.90587,-0.397127,-0.147274],[0.389004,0.642509,0.660195],[-0.167556,-0.655341,0.736514]],[[0.912199,-0.368777,-0.178594],[0.245061,0.840336,-0.483509],[0.328386,0.39729,0.856927]],[[0.912199,-0.368777,-0.178594],[-0.199308,-0.0185195,-0.979762],[0.358006,0.929333,-0.0903938]],[[0.912199,-0.368777,-0.178594],[-0.356264,-0.498525,-0.790284],[0.202405,0.784523,-0.586136]]],"btipPosition":[-22.4011,211.723,-13.7273],"carpPosition":[-4.71929,228.64,56.47],"dipPosition":[-18.6604,226.222,-24.5599],"direction":[-0.358006,-0.929333,0.0903938],"extended":false,"handId":365,"id":3653,"length":63.7298,"mcpPosition":[5.6626,269.245,10.8351],"pipPosition":[-8.85044,251.687,-27.0369],"stabilizedTipPosition":[-28.118,215.307,3.30672],"timeVisible":5.11617,"tipPosition":[-21.727,214.36,-15.1468],"tipVelocity":[35.7256,73.685,-219.084],"tool":false,"touchDistance":0.333333,"touchZone":"none","type":3,"width":17.881},{"bases":[[[0.803579,-0.570972,-0.168086],[0.508823,0.512481,0.69171],[-0.308806,-0.641369,0.702342]],[[0.725358,-0.687958,-0.0238729],[0.605912,0.654542,-0.452156],[0.32669,0.31351,0.891619]],[[0.725358,-0.687958,-0.0238729],[-0.0529495,-0.0211833,-0.998372],[0.686333,0.725441,-0.0517925]],[[0.725358,-0.687958,-0.0238729],[-0.405492,-0.398997,-0.822422],[0.556267,0.60623,-0.568377]]],"btipPosition":[-11.0995,221.871,-9.6635],"carpPosition":[5.37728,220.421,51.1126],"dipPosition":[-1.61525,232.208,-19.3543],"direction":[-0.686333,-0.725441,0.0517925],"extended":false,"handId":365,"id":3654,"length":49.963,"mcpPosition":[23.0893,257.208,10.8288],"pipPosition":[11.663,246.242,-20.3563],"stabilizedTipPosition":[-17.0174,226.706,5.63552],"timeVisible":5.11617,"tipPosition":[-9.17165,223.562,-10.9358],"tipVelocity":[54.7888,60.0934,-223.868],"tool":false,"touchDistance":0.333333,"touchZone":"none","type":4,"width":15.8833}],"r":[[0.780008,0.135345,0.610958],[-0.321545,0.924267,0.205763],[-0.53684,-0.356948,0.764455]],"s":1.09794,"t":[54.4472,39.8967,-76.5593],"timestamp":15450404774},false],[2,{"currentFrameRate":110.544,"devices":[],"gestures":[],"hands":[{"armBasis":[[0.926462,-0.0865821,-0.366293],[0.197179,0.9406,0.27639],[0.320605,-0.328291,0.888503]],"armWidth":63.029,"confidence":0.776756,"direction":[0.0845013,0.775173,-0.626072],"elbow":[75.2168,128.348,292.902],"grabStrength":0,"id":365,"palmNormal":[-0.1815,-0.605833,-0.774612],"palmPosition":[-14.0573,256.193,19.5312],"palmVelocity":[81.711,74.4286,-192.544],"palmWidth":90.0033,"pinchStrength":0.49444,"r":[[0.779981,0.126695,0.612844],[-0.308753,0.929714,0.200755],[-0.544335,-0.345803,0.764277]],"s":1.10504,"sphereCenter":[-30.1352,244.062,-26.3722],"sphereRadius":46.4128,"stabilizedPalmPosition":[-23.9688,257.816,29.4878],"t":[55.0779,40.8097,-78.1506],"timeVisible":5.1249,"type":"right","wrist":[-10.4079,216.026,55.6076]}],"id":1180424,"interactionBox":{"center":[0,200,0],"size":[235.247,235.247,147.751]},"pointables":[{"bases":[[[0.573078,0.621071,0.534652],[-0.740308,0.112543,0.66278],[0.351462,-0.775632,0.52428]],[[0.343498,0.910801,0.229021],[-0.720005,0.0988219,0.686897],[0.602994,-0.400844,0.689726]],[[0.343498,0.910801,0.229021],[-0.924516,0.28505,0.253017],[0.165166,-0.298644,0.939964]],[[0.343498,0.910801,0.229021],[-0.924847,0.370456,-0.0861395],[-0.163298,-0.18222,0.969603]]],"btipPosition":[-71.8245,246.062,-36.2278],"carpPosition":[-40.2609,211.98,51.9755],"dipPosition":[-75.6048,241.844,-13.7817],"direction":[-0.165166,0.298644,-0.939964],"extended":false,"handId":365,"id":3650,"length":51.5512,"mcpPosition":[-40.2609,211.98,51.9755],"pipPosition":[-70.0345,231.772,17.9194],"stabilizedTipPosition":[-82.8127,242.773,-6.86852],"timeVisible":5.1249,"tipPosition":[-71.9231,245.874,-30.2742],"tipVelocity":[67.8488,139.761,-212.034],"tool":false,"touchDistance":-0.419529,"touchZone":"hovering","type":0,"width":20.0304},{"bases":[[[0.980033,-0.0463923,-0.193348],[0.167446,0.716948,0.676718],[0.107226,-0.695581,0.710401]],[[0.957964,0.0438696,-0.283515],[0.0788777,0.909878,0.407308],[0.275833,-0.412549,0.86817]],[[0.957964,0.0438696,-0.283515],[0.000996612,0.987725,0.156203],[0.286888,-0.149919,0.946161]],[[0.957964,0.0438696,-0.283515],[-0.0546834,0.998043,-0.0303368],[0.28163,0.0445651,0.958488]]],"btipPosition":[-59.1833,301.455,-67.7943],"carpPosition":[-28.0396,230.473,59.6169],"dipPosition":[-54.4236,302.208,-51.5956],"direction":[-0.286888,0.149919,-0.946161],"extended":true,"handId":365,"id":3651,"length":58.1698,"mcpPosition":[-35.8427,281.092,7.91972],"pipPosition":[-47.5646,298.624,-28.9745],"stabilizedTipPosition":[-63.5793,294.069,-57.8736],"timeVisible":5.1249,"tipPosition":[-58.1973,299.796,-64.1145],"tipVelocity":[182.022,278.506,-206.633],"tool":false,"touchDistance":-0.318099,"touchZone":"hovering","type":1,"width":19.133},{"bases":[[[0.942508,-0.261479,-0.208105],[0.333036,0.683338,0.64972],[-0.0276823,-0.681673,0.731134]],[[0.942764,-0.253611,-0.216512],[0.131493,0.879414,-0.457537],[0.30644,0.40288,0.862428]],[[0.942764,-0.253611,-0.216512],[-0.224302,-0.00185003,-0.974518],[0.246748,0.967305,-0.0586295]],[[0.942764,-0.253611,-0.216512],[-0.320493,-0.509822,-0.798352],[0.0920883,0.822048,-0.561922]]],"btipPosition":[-37.3643,216.873,-21.4681],"carpPosition":[-16.012,231.527,58.0128],"dipPosition":[-35.6525,232.153,-31.9132],"direction":[-0.246748,-0.967305,0.0586295],"extended":false,"handId":365,"id":3652,"length":66.2798,"mcpPosition":[-14.1016,278.57,7.55624],"pipPosition":[-28.712,259.362,-33.5624],"stabilizedTipPosition":[-45.1871,219.163,-2.82245],"timeVisible":5.1249,"tipPosition":[-36.9821,219.645,-23.0696],"tipVelocity":[37.9567,95.0342,-184.334],"tool":false,"touchDistance":0.333333,"touchZone":"none","type":2,"width":18.7912},{"bases":[[[0.900356,-0.409707,-0.146627],[0.39847,0.640832,0.656167],[-0.174873,-0.649211,0.740233]],[[0.906914,-0.382038,-0.177632],[0.25599,0.834533,-0.487878],[0.334627,0.396991,0.854648]],[[0.906914,-0.382038,-0.177632],[-0.200723,-0.0211042,-0.979421],[0.370427,0.923906,-0.0958237]],[[0.906914,-0.382038,-0.177632],[-0.364019,-0.498259,-0.78691],[0.212123,0.778322,-0.590948]]],"btipPosition":[-22.3202,212.506,-14.6077],"carpPosition":[-4.29593,229.527,55.4817],"dipPosition":[-18.3998,226.891,-25.5292],"direction":[-0.370427,-0.923906,0.0958237],"extended":false,"handId":365,"id":3653,"length":63.7298,"mcpPosition":[6.53935,269.752,9.61631],"pipPosition":[-8.24954,252.207,-28.1549],"stabilizedTipPosition":[-28.0806,215.31,3.19251],"timeVisible":5.1249,"tipPosition":[-21.6055,215.131,-16.0663],"tipVelocity":[29.9114,77.1809,-188.06],"tool":false,"touchDistance":0.333333,"touchZone":"none","type":3,"width":17.881},{"bases":[[[0.795767,-0.582307,-0.166356],[0.516632,0.509416,0.688176],[-0.315985,-0.633573,0.706214]],[[0.715455,-0.698368,-0.0201504],[0.615522,0.643702,-0.45473],[0.33054,0.312936,0.890401]],[[0.715455,-0.698368,-0.0201504],[-0.0528884,-0.0253784,-0.998278],[0.696654,0.715288,-0.0550927]],[[0.715455,-0.698368,-0.0201504],[-0.411337,-0.397738,-0.820126],[0.564735,0.595051,-0.571828]]],"btipPosition":[-10.8603,222.559,-10.6813],"carpPosition":[5.68342,221.149,50.1516],"dipPosition":[-1.23166,232.705,-20.4309],"direction":[-0.696654,-0.715288,0.0550927],"extended":false,"handId":365,"id":3654,"length":49.963,"mcpPosition":[23.8072,257.488,9.64567],"pipPosition":[12.2463,246.543,-21.4968],"stabilizedTipPosition":[-16.9522,226.692,5.49093],"timeVisible":5.1249,"tipPosition":[-8.90024,224.225,-11.9827],"tipVelocity":[48.4751,63.7441,-195.566],"tool":false,"touchDistance":0.333333,"touchZone":"none","type":4,"width":15.8833}],"r":[[0.779981,0.126695,0.612844],[-0.308753,0.929714,0.200755],[-0.544335,-0.345803,0.764277]],"s":1.10504,"t":[55.0779,40.8097,-78.1506],"timestamp":15450413506},false],[3,{"currentFrameRate":110.543,"devices":[],"gestures":[],"hands":[{"armBasis":[[0.925044,-0.105018,-0.365054],[0.211951,0.940213,0.266603],[0.31523,-0.323993,0.891997]],"armWidth":63.029,"confidence":0.778534,"direction":[0.0928568,0.771674,-0.629203],"elbow":[73.9478,130.301,292.748],"grabStrength":0,"id":365,"palmNormal":[-0.193933,-0.605814,-0.771609],"palmPosition":[-13.474,256.921,18.3191],"palmVelocity":[76.9532,76.1035,-176.379],"palmWidth":90.0033,"pinchStrength":0.493605,"r":[[0.780783,0.117931,0.613571],[-0.295543,0.934926,0.196388],[-0.550483,-0.334673,0.764828]],"s":1.11245,"sphereCenter":[-30.2945,245.199,-27.3622],"sphereRadius":46.5329,"stabilizedPalmPosition":[-23.8208,257.803,29.3303],"t":[55.6849,41.6304,-79.5523],"timeVisible":5.13395,"type":"right","wrist":[-10.2414,216.831,54.5206]}],"id":1180425,"interactionBox":{"center":[0,200,0],"size":[235.247,235.247,147.751]},"pointables":[{"bases":[[[0.584564,0.614502,0.529786],[-0.735479,0.125638,0.665797],[0.342572,-0.778847,0.525396]],[[0.35759,0.906634,0.223931],[-0.715622,0.111962,0.689456],[0.600012,-0.406792,0.688844]],[[0.35759,0.906634,0.223931],[-0.919321,0.299573,0.255155],[0.164249,-0.297105,0.940612]],[[0.35759,0.906634,0.223931],[-0.920605,0.382508,-0.0785755],[-0.156895,-0.178054,0.971432]]],"btipPosition":[-71.7006,247.436,-37.1828],"carpPosition":[-40.1669,213.208,51.0411],"dipPosition":[-75.3327,243.314,-14.6944],"direction":[-0.164249,0.297105,-0.940612],"extended":false,"handId":365,"id":3650,"length":51.5512,"mcpPosition":[-40.1669,213.208,51.0411],"pipPosition":[-69.7932,233.294,17.0286],"stabilizedTipPosition":[-82.629,242.839,-7.31804],"timeVisible":5.13395,"tipPosition":[-71.7643,247.24,-31.2331],"tipVelocity":[53.9498,143.77,-182.36],"tool":false,"touchDistance":-0.420088,"touchZone":"hovering","type":0,"width":20.0304},{"bases":[[[0.978337,-0.0613574,-0.197718],[0.181042,0.71678,0.673387],[0.100403,-0.694594,0.712361]],[[0.958095,0.0260037,-0.285266],[0.0992625,0.904027,0.41579],[0.268701,-0.426683,0.863563]],[[0.958095,0.0260037,-0.285266],[0.0269957,0.983242,0.180296],[0.285174,-0.180442,0.941338]],[[0.958095,0.0260037,-0.285266],[-0.0259632,0.999655,0.00392453],[0.28527,0.00364635,0.95844]]],"btipPosition":[-58.0064,304.48,-68.6818],"carpPosition":[-27.6418,231.548,58.5602],"dipPosition":[-53.1852,304.542,-52.4838],"direction":[-0.285174,0.180442,-0.941338],"extended":true,"handId":365,"id":3651,"length":58.1698,"mcpPosition":[-34.9483,282.095,6.72037],"pipPosition":[-46.3672,300.228,-29.9781],"stabilizedTipPosition":[-61.696,297.007,-59.8699],"timeVisible":5.13395,"tipPosition":[-57.0884,302.465,-65.0391],"tipVelocity":[168.12,289.046,-176.692],"tool":false,"touchDistance":-0.327937,"touchZone":"hovering","type":1,"width":19.133},{"bases":[[[0.937613,-0.275924,-0.211537],[0.345996,0.680665,0.645742],[-0.0341901,-0.678647,0.733668]],[[0.937943,-0.268125,-0.219934],[0.142304,0.875927,-0.460979],[0.316247,0.401074,0.859725]],[[0.937943,-0.268125,-0.219934],[-0.229154,-0.00318052,-0.973385],[0.26029,0.963379,-0.0644252]],[[0.937943,-0.268125,-0.219934],[-0.331824,-0.509599,-0.793853],[0.100774,0.817568,-0.566945]]],"btipPosition":[-37.5208,217.838,-22.3739],"carpPosition":[-15.6078,232.421,56.8967],"dipPosition":[-35.6476,233.035,-32.9124],"direction":[-0.26029,-0.963379,0.0644252],"extended":false,"handId":365,"id":3652,"length":66.2798,"mcpPosition":[-13.2482,279.255,6.26519],"pipPosition":[-28.3262,260.133,-34.7245],"stabilizedTipPosition":[-45.1378,219.176,-2.95644],"timeVisible":5.13395,"tipPosition":[-37.1153,220.61,-24.043],"tipVelocity":[23.8461,97.6422,-161.752],"tool":false,"touchDistance":0.333333,"touchZone":"none","type":2,"width":18.7912},{"bases":[[[0.893594,-0.423306,-0.149339],[0.410833,0.637231,0.652037],[-0.180848,-0.64401,0.743334]],[[0.900299,-0.396353,-0.179905],[0.266872,0.82915,-0.491212],[0.343861,0.394226,0.852259]],[[0.900299,-0.396353,-0.179905],[-0.205051,-0.0216173,-0.978513],[0.383947,0.917844,-0.100735]],[[0.900299,-0.396353,-0.179905],[-0.374912,-0.496134,-0.78313],[0.221139,0.772499,-0.595267]]],"btipPosition":[-22.5333,213.294,-15.6431],"carpPosition":[-3.93404,230.241,54.3185],"dipPosition":[-18.4463,227.571,-26.6444],"direction":[-0.383947,-0.917844,0.100735],"extended":false,"handId":365,"id":3653,"length":63.7298,"mcpPosition":[7.27145,270.144,8.26096],"pipPosition":[-7.92554,252.722,-29.4047],"stabilizedTipPosition":[-28.0481,215.317,3.08551],"timeVisible":5.13395,"tipPosition":[-21.7787,215.904,-17.1444],"tipVelocity":[16.3325,79.1532,-168.307],"tool":false,"touchDistance":0.333333,"touchZone":"none","type":3,"width":17.881},{"bases":[[[0.786409,-0.594429,-0.167971],[0.527216,0.504217,0.683965],[-0.321875,-0.626434,0.709914]],[[0.704139,-0.709794,-0.0195089],[0.625192,0.632769,-0.456879],[0.336634,0.309509,0.889315]],[[0.704139,-0.709794,-0.0195089],[-0.0551486,-0.0272761,-0.998106],[0.707917,0.703881,-0.0583503]],[[0.704139,-0.709794,-0.0195089],[-0.420001,-0.394188,-0.817444],[0.572527,0.583788,-0.575677]]],"btipPosition":[-10.8727,223.233,-11.9065],"carpPosition":[5.89711,221.7,48.972],"dipPosition":[-1.1112,233.187,-21.7217],"direction":[-0.707917,-0.703881,0.0583503],"extended":false,"handId":365,"id":3654,"length":49.963,"mcpPosition":[24.3587,257.63,8.25389],"pipPosition":[12.5847,246.805,-22.8506],"stabilizedTipPosition":[-16.8979,226.684,5.36276],"timeVisible":5.13395,"tipPosition":[-8.88716,224.865,-13.2287],"tipVelocity":[35.657,65.3627,-179.427],"tool":false,"touchDistance":0.333333,"touchZone":"none","type":4,"width":15.8833}],"r":[[0.780783,0.117931,0.613571],[-0.295543,0.934926,0.196388],[-0.550483,-0.334673,0.764828]],"s":1.11245,"t":[55.6849,41.6304,-79.5523],"timestamp":15450422555},false],[4,{"currentFrameRate":110.476,"devices":[],"gestures":[],"hands":[{"armBasis":[[0.922079,-0.137744,-0.361659],[0.240406,0.936206,0.256365],[0.303275,-0.323334,0.89637]],"armWidth":63.029,"confidence":0.781779,"direction":[0.101914,0.766311,-0.634335],"elbow":[71.1661,131.104,292.633],"grabStrength":0,"id":365,"palmNormal":[-0.222506,-0.603941,-0.765341],"palmPosition":[-12.6481,257.461,16.9062],"palmVelocity":[80.6106,71.3082,-170.158],"palmWidth":90.0033,"pinchStrength":0.494146,"r":[[0.78397,0.107436,0.611432],[-0.279425,0.940569,0.193005],[-0.554358,-0.32216,0.767398]],"s":1.11981,"sphereCenter":[-30.8538,246.326,-28.301],"sphereRadius":46.6313,"stabilizedPalmPosition":[-23.6754,257.799,29.1686],"t":[56.4013,42.3109,-80.9595],"timeVisible":5.14312,"type":"right","wrist":[-9.8302,217.458,53.2377]}],"id":1180426,"interactionBox":{"center":[0,200,0],"size":[235.247,235.247,147.751]},"pointables":[{"bases":[[[0.609062,0.601531,0.516918],[-0.720586,0.147391,0.677519],[0.331359,-0.785135,0.523225]],[[0.384172,0.898315,0.213168],[-0.701397,0.133827,0.700095],[0.600378,-0.418473,0.681488]],[[0.384172,0.898315,0.213168],[-0.907317,0.324614,0.267209],[0.170841,-0.296066,0.939765]],[[0.384172,0.898315,0.213168],[-0.912565,0.404506,-0.0600065],[-0.140133,-0.171477,0.975171]]],"btipPosition":[-72.0557,249.209,-37.6375],"carpPosition":[-39.8936,214.591,50.2813],"dipPosition":[-75.2998,245.239,-15.0624],"direction":[-0.170841,0.296066,-0.939765],"extended":false,"handId":365,"id":3650,"length":51.5512,"mcpPosition":[-39.8936,214.591,50.2813],"pipPosition":[-69.538,235.254,16.632],"stabilizedTipPosition":[-82.4149,242.958,-7.86528],"timeVisible":5.14312,"tipPosition":[-72.0319,249.016,-31.6834],"tipVelocity":[30.8107,158.65,-144.712],"tool":false,"touchDistance":-0.412934,"touchZone":"hovering","type":0,"width":20.0304},{"bases":[[[0.972937,-0.0873664,-0.213917],[0.210798,0.714778,0.666826],[0.0946453,-0.693873,0.713851]],[[0.95427,-0.00254817,-0.298934],[0.134468,0.896751,0.421611],[0.266995,-0.442528,0.856086]],[[0.95427,-0.00254817,-0.298934],[0.0651954,0.977668,0.199786],[0.291749,-0.210139,0.933126]],[[0.95427,-0.00254817,-0.298934],[0.0128337,0.999391,0.0324492],[0.298669,-0.0348018,0.953722]]],"btipPosition":[-57.0327,307.548,-69.2558],"carpPosition":[-26.776,232.635,57.5007],"dipPosition":[-51.9851,306.96,-53.1376],"direction":[-0.291749,0.210139,-0.933126],"extended":true,"handId":365,"id":3651,"length":58.1698,"mcpPosition":[-33.6635,283.13,5.55248],"pipPosition":[-45.0099,301.935,-30.8282],"stabilizedTipPosition":[-59.8629,300.282,-61.6573],"timeVisible":5.14312,"tipPosition":[-56.1669,305.272,-65.6696],"tipVelocity":[152.423,297.184,-145.422],"tool":false,"touchDistance":-0.332363,"touchZone":"hovering","type":1,"width":19.133},{"bases":[[[0.926492,-0.300871,-0.226029],[0.374277,0.67431,0.636571],[-0.0391124,-0.674375,0.737352]],[[0.926877,-0.293169,-0.234415],[0.157193,0.870259,-0.46684],[0.340865,0.395855,0.852708]],[[0.926877,-0.293169,-0.234415],[-0.245851,-0.00223138,-0.969305],[0.283647,0.956058,-0.0741441]],[[0.926877,-0.293169,-0.234415],[-0.35842,-0.505723,-0.784716],[0.111506,0.811355,-0.573821]]],"btipPosition":[-38.3571,218.883,-23.1589],"carpPosition":[-14.7536,233.19,55.6301],"dipPosition":[-36.2844,233.965,-33.8252],"direction":[-0.283647,-0.956058,0.0741441],"extended":false,"handId":365,"id":3652,"length":66.2798,"mcpPosition":[-12.0544,279.73,4.74439],"pipPosition":[-28.306,260.857,-35.9108],"stabilizedTipPosition":[-45.0913,219.196,-3.10155],"timeVisible":5.14312,"tipPosition":[-37.9175,221.64,-24.8886],"tipVelocity":[-6.85284,101.392,-141.405],"tool":false,"touchDistance":0.333333,"touchZone":"none","type":2,"width":18.7912},{"bases":[[[0.879769,-0.446803,-0.162398],[0.438076,0.62925,0.641977],[-0.184648,-0.635934,0.749328]],[[0.886577,-0.420457,-0.192867],[0.2802,0.819867,-0.499307],[0.368062,0.388632,0.844687]],[[0.886577,-0.420457,-0.192867],[-0.221984,-0.0209155,-0.974826],[0.405838,0.907072,-0.111878]],[[0.886577,-0.420457,-0.192867],[-0.400867,-0.490269,-0.773913],[0.23084,0.763448,-0.603208]]],"btipPosition":[-23.3976,213.962,-16.6807],"carpPosition":[-3.18514,230.7,52.8655],"dipPosition":[-19.1314,228.072,-27.8288],"direction":[-0.405838,-0.907072,0.111878],"extended":false,"handId":365,"id":3653,"length":63.7298,"mcpPosition":[8.25577,270.103,6.43655],"pipPosition":[-8.01075,252.927,-30.8945],"stabilizedTipPosition":[-28.0228,215.325,2.98533],"timeVisible":5.14312,"tipPosition":[-22.5983,216.549,-18.2366],"tipVelocity":[-13.2643,76.2291,-153.948],"tool":false,"touchDistance":0.333333,"touchZone":"none","type":3,"width":17.881},{"bases":[[[0.767928,-0.615189,-0.178406],[0.551534,0.493424,0.672565],[-0.325725,-0.614878,0.718211]],[[0.685045,-0.727974,-0.0276936],[0.633623,0.614155,-0.470463],[0.359493,0.304741,0.881985]],[[0.685045,-0.727974,-0.0276936],[-0.0728783,-0.0306577,-0.99687],[0.724846,0.684919,-0.0740554]],[[0.685045,-0.727974,-0.0276936],[-0.444062,-0.387135,-0.808044],[0.577514,0.565844,-0.588471]]],"btipPosition":[-11.4298,223.596,-13.1817],"carpPosition":[6.33128,221.886,47.3943],"dipPosition":[-1.58322,233.243,-23.2151],"direction":[-0.724846,-0.684919,0.0740554],"extended":false,"handId":365,"id":3654,"length":49.963,"mcpPosition":[25.0137,257.153,6.20029],"pipPosition":[12.4402,246.494,-24.6478],"stabilizedTipPosition":[-16.8589,226.68,5.25747],"timeVisible":5.14312,"tipPosition":[-9.41977,225.177,-14.5691],"tipVelocity":[9.35827,56.0185,-169.695],"tool":false,"touchDistance":0.333333,"touchZone":"none","type":4,"width":15.8833}],"r":[[0.78397,0.107436,0.611432],[-0.279425,0.940569,0.193005],[-0.554358,-0.32216,0.767398]],"s":1.11981,"t":[56.4013,42.3109,-80.9595],"timestamp":15450431725},false],[5,{"currentFrameRate":110.574,"devices":[],"gestures":[],"hands":[{"armBasis":[[0.915776,-0.157271,-0.369623],[0.259925,0.933566,0.246767],[0.306258,-0.322058,0.895815]],"armWidth":63.029,"confidence":0.789409,"direction":[0.106012,0.760705,-0.640382],"elbow":[72.4261,132.316,291.726],"grabStrength":0,"id":365,"palmNormal":[-0.243572,-0.604526,-0.758433],"palmPosition":[-12.0143,258.16,15.9462],"palmVelocity":[78.1276,73.3317,-153.362],"palmWidth":90.0033,"pinchStrength":0.493717,"r":[[0.788439,0.0970179,0.607414],[-0.262693,0.946011,0.189882],[-0.556198,-0.309274,0.771358]],"s":1.12619,"sphereCenter":[-31.1494,247.266,-28.8721],"sphereRadius":46.681,"stabilizedPalmPosition":[-23.5351,257.803,29.0095],"t":[57.0764,43.0005,-82.1432],"timeVisible":5.15199,"type":"right","wrist":[-9.36686,218.328,52.4789]}],"id":1180427,"interactionBox":{"center":[0,200,0],"size":[235.247,235.247,147.751]},"pointables":[{"bases":[[[0.626484,0.594023,0.504634],[-0.708323,0.163715,0.686641],[0.325264,-0.787613,0.523325]],[[0.402398,0.892851,0.202223],[-0.689691,0.150411,0.708309],[0.601998,-0.424493,0.676316]],[[0.402398,0.892851,0.202223],[-0.898108,0.342206,0.276221],[0.177422,-0.292768,0.939579]],[[0.402398,0.892851,0.202223],[-0.907045,0.418739,-0.0439059],[-0.12388,-0.165757,0.978355]]],"btipPosition":[-72.3539,250.632,-37.7689],"carpPosition":[-39.5135,215.961,49.962],"dipPosition":[-75.2217,246.795,-15.1201],"direction":[-0.177422,0.292768,-0.939579],"extended":false,"handId":365,"id":3650,"length":51.5512,"mcpPosition":[-39.5135,215.961,49.962],"pipPosition":[-69.238,236.921,16.568],"stabilizedTipPosition":[-82.1133,243.176,-8.65744],"timeVisible":5.15199,"tipPosition":[-72.2448,250.431,-31.8113],"tipVelocity":[15.9837,160.068,-108.964],"tool":false,"touchDistance":-0.40169,"touchZone":"touching","type":0,"width":20.0304},{"bases":[[[0.968185,-0.105303,-0.227],[0.232368,0.714966,0.659415],[0.0928591,-0.691183,0.716689]],[[0.950459,-0.0229921,-0.309998],[0.15891,0.89304,0.420984],[0.267162,-0.44939,0.852451]],[[0.950459,-0.0229921,-0.309998],[0.0912517,0.973961,0.207542],[0.297155,-0.225548,0.927808]],[[0.950459,-0.0229921,-0.309998],[0.0391505,0.998174,0.046003],[0.308375,-0.0558605,0.949623]]],"btipPosition":[-56.4163,309.552,-69.7261],"carpPosition":[-25.9892,233.819,56.8861],"dipPosition":[-51.2046,308.608,-53.6772],"direction":[-0.297155,0.225548,-0.927808],"extended":true,"handId":365,"id":3651,"length":58.1698,"mcpPosition":[-32.7467,284.118,4.73132],"pipPosition":[-44.1002,303.215,-31.4949],"stabilizedTipPosition":[-58.2998,303.328,-63.1303],"timeVisible":5.15199,"tipPosition":[-55.5932,307.219,-66.1623],"tipVelocity":[131.088,275.36,-120.849],"tool":false,"touchDistance":-0.334753,"touchZone":"touching","type":1,"width":19.133},{"bases":[[[0.917935,-0.318047,-0.237152],[0.394688,0.671522,0.627119],[-0.040201,-0.669256,0.741944]],[[0.918332,-0.31045,-0.245536],[0.1657,0.864894,-0.473816],[0.359459,0.394435,0.845701]],[[0.918332,-0.31045,-0.245536],[-0.259724,-0.00452656,-0.965672],[0.298682,0.950579,-0.0847882]],[[0.918332,-0.31045,-0.245536],[-0.378237,-0.505499,-0.775505],[0.116637,0.805042,-0.581639]]],"btipPosition":[-38.9199,219.835,-23.4834],"carpPosition":[-13.9866,234.157,54.8437],"dipPosition":[-36.7518,234.8,-34.295],"direction":[-0.298682,-0.950579,0.0847882],"extended":false,"handId":365,"id":3652,"length":66.2798,"mcpPosition":[-11.2123,280.343,3.64114],"pipPosition":[-28.3505,261.538,-36.68],"stabilizedTipPosition":[-45.0433,219.226,-3.2662],"timeVisible":5.15199,"tipPosition":[-38.4663,222.579,-25.2764],"tipVelocity":[-21.5306,102.19,-113.998],"tool":false,"touchDistance":0.333333,"touchZone":"none","type":2,"width":18.7912},{"bases":[[[0.869632,-0.462778,-0.171979],[0.457779,0.625407,0.631905],[-0.184875,-0.628254,0.755724]],[[0.876317,-0.437339,-0.202],[0.289152,0.812896,-0.50556],[0.385306,0.384622,0.838812]],[[0.876317,-0.437339,-0.202],[-0.234851,-0.0217291,-0.971788],[0.420612,0.899034,-0.121751]],[[0.876317,-0.437339,-0.202],[-0.41999,-0.488198,-0.76503],[0.235961,0.755246,-0.611494]]],"btipPosition":[-23.9626,214.788,-17.3267],"carpPosition":[-2.50261,231.452,51.9325],"dipPosition":[-19.6017,228.746,-28.6279],"direction":[-0.420612,-0.899034,0.121751],"extended":false,"handId":365,"id":3653,"length":63.7298,"mcpPosition":[8.95239,270.379,5.10725],"pipPosition":[-8.07624,253.381,-31.9641],"stabilizedTipPosition":[-28.001,215.337,2.88671],"timeVisible":5.15199,"tipPosition":[-23.1335,217.338,-18.9277],"tipVelocity":[-26.2753,79.7273,-133.024],"tool":false,"touchDistance":0.333333,"touchZone":"none","type":3,"width":17.881},{"bases":[[[0.754717,-0.629313,-0.185386],[0.569322,0.487836,0.661731],[-0.325998,-0.604964,0.72646]],[[0.671684,-0.740136,-0.0322481],[0.636349,0.59869,-0.486446],[0.379343,0.306217,0.873115]],[[0.671684,-0.740136,-0.0322481],[-0.0908216,-0.0390648,-0.995101],[0.73525,0.671322,-0.0934595]],[[0.671684,-0.740136,-0.0322481],[-0.464447,-0.386781,-0.796674],[0.577174,0.55009,-0.603549]]],"btipPosition":[-11.8514,224.065,-13.724],"carpPosition":[6.78371,222.444,46.3825],"dipPosition":[-2.01069,233.444,-24.0144],"direction":[-0.73525,-0.671322,0.0934595],"extended":false,"handId":365,"id":3654,"length":49.963,"mcpPosition":[25.4818,257.142,4.71534],"pipPosition":[12.214,246.432,-25.8225],"stabilizedTipPosition":[-16.8305,226.678,5.17403],"timeVisible":5.15199,"tipPosition":[-9.80082,225.655,-15.3013],"tipVelocity":[-6.11348,53.2954,-142.059],"tool":false,"touchDistance":0.333333,"touchZone":"none","type":4,"width":15.8833}],"r":[[0.788439,0.0970179,0.607414],[-0.262693,0.946011,0.189882],[-0.556198,-0.309274,0.771358]],"s":1.12619,"t":[57.0764,43.0005,-82.1432],"timestamp":15450440595},false],[6,{"currentFrameRate":110.444,"devices":[],"gestures":[],"hands":[{"armBasis":[[0.908517,-0.190086,-0.372109],[0.289471,0.92854,0.232423],[0.301338,-0.318875,0.898618]],"armWidth":63.029,"confidence":0.79282,"direction":[0.11702,0.755095,-0.645088],"elbow":[71.238,134.286,291.223],"grabStrength":0,"id":365,"palmNormal":[-0.272516,-0.600204,-0.751991],"palmPosition":[-11.3556,259.206,14.5782],"palmVelocity":[76.1,84.4093,-151.663],"palmWidth":90.0033,"pinchStrength":0.494153,"r":[[0.794281,0.0846297,0.601627],[-0.243318,0.951678,0.187363],[-0.556699,-0.295205,0.776492]],"s":1.13253,"sphereCenter":[-31.675,248.995,-29.7611],"sphereRadius":46.7485,"stabilizedPalmPosition":[-23.3833,257.82,28.8296],"t":[57.7433,43.8682,-83.419],"timeVisible":5.16128,"type":"right","wrist":[-9.24085,219.448,51.2266]}],"id":1180428,"interactionBox":{"center":[0,200,0],"size":[235.247,235.247,147.751]},"pointables":[{"bases":[[[0.650873,0.578031,0.492183],[-0.692381,0.186033,0.697137],[0.311405,-0.794526,0.521302]],[[0.430319,0.882018,0.192014],[-0.674466,0.172795,0.717801],[0.599935,-0.43839,0.669248]],[[0.430319,0.882018,0.192014],[-0.884104,0.368892,0.286842],[0.182168,-0.293194,0.938537]],[[0.430319,0.882018,0.192014],[-0.896144,0.442973,-0.0264659],[-0.1084,-0.160683,0.981035]]],"btipPosition":[-72.7353,253.173,-38.21],"carpPosition":[-39.4784,217.919,49.1988],"dipPosition":[-75.2447,249.454,-15.4992],"direction":[-0.182168,0.293194,-0.938537],"extended":false,"handId":365,"id":3650,"length":51.5512,"mcpPosition":[-39.4784,217.919,49.1988],"pipPosition":[-69.101,239.565,16.1538],"stabilizedTipPosition":[-81.6097,243.699,-10.0496],"timeVisible":5.16128,"tipPosition":[-72.5522,252.961,-32.2519],"tipVelocity":[2.39997,192.928,-91.2049],"tool":false,"touchDistance":-0.396257,"touchZone":"touching","type":0,"width":20.0304},{"bases":[[[0.961099,-0.133268,-0.241927],[0.262828,0.710554,0.652713],[0.0849163,-0.690907,0.71794]],[[0.945235,-0.0539334,-0.321904],[0.194981,0.884238,0.424389],[0.261751,-0.463913,0.846328]],[[0.945235,-0.0539334,-0.321904],[0.13053,0.966415,0.221367],[0.299154,-0.251262,0.920529]],[[0.945235,-0.0539334,-0.321904],[0.0795177,0.994589,0.0668563],[0.316557,-0.088792,0.944409]]],"btipPosition":[-55.1553,312.917,-70.3468],"carpPosition":[-25.3501,235.416,55.8341],"dipPosition":[-49.8054,311.416,-54.386],"direction":[-0.299154,0.251262,-0.920529],"extended":true,"handId":365,"id":3651,"length":58.1698,"mcpPosition":[-31.5296,285.694,3.58829],"pipPosition":[-42.6531,305.409,-32.3777],"stabilizedTipPosition":[-56.6082,306.902,-64.5012],"timeVisible":5.16128,"tipPosition":[-54.4276,310.409,-66.8249],"tipVelocity":[133.384,296.018,-106.24],"tool":false,"touchDistance":-0.339225,"touchZone":"touching","type":1,"width":19.133},{"bases":[[[0.904753,-0.344554,-0.25041],[0.42333,0.662453,0.618019],[-0.0470561,-0.665161,0.745216]],[[0.905224,-0.337064,-0.258761],[0.182561,0.858364,-0.47946],[0.38372,0.38678,0.838547]],[[0.905224,-0.337064,-0.258761],[-0.275471,-0.00182278,-0.961308],[0.323551,0.94148,-0.0945013]],[[0.905224,-0.337064,-0.258761],[-0.404865,-0.499192,-0.766089],[0.12905,0.798245,-0.588346]]],"btipPosition":[-39.9241,221.552,-24.2141],"carpPosition":[-13.377,235.409,53.5999],"dipPosition":[-37.5253,236.39,-35.1504],"direction":[-0.323551,-0.94148,0.0945013],"extended":false,"handId":365,"id":3652,"length":66.2798,"mcpPosition":[-10.1295,281.313,2.17142],"pipPosition":[-28.4244,262.872,-37.8086],"stabilizedTipPosition":[-44.9848,219.285,-3.50798],"timeVisible":5.16128,"tipPosition":[-39.4332,224.281,-26.0734],"tipVelocity":[-44.3391,124.626,-104.917],"tool":false,"touchDistance":0.333333,"touchZone":"none","type":2,"width":18.7912},{"bases":[[[0.853463,-0.487634,-0.183887],[0.485172,0.614602,0.62199],[-0.190286,-0.620063,0.761126]],[[0.860253,-0.463007,-0.213517],[0.303729,0.801713,-0.514786],[0.409529,0.377994,0.830305]],[[0.860253,-0.463007,-0.213517],[-0.25139,-0.0208348,-0.967662],[0.443586,0.886109,-0.134319]],[[0.860253,-0.463007,-0.213517],[-0.446066,-0.480598,-0.755017],[0.246963,0.744748,-0.619968]]],"btipPosition":[-25.0494,216.042,-18.1994],"carpPosition":[-2.02127,232.372,50.5175],"dipPosition":[-20.4852,229.806,-29.6573],"direction":[-0.443586,-0.886109,0.134319],"extended":false,"handId":365,"id":3653,"length":63.7298,"mcpPosition":[9.76898,270.792,3.35756],"pipPosition":[-8.33019,254.087,-33.3378],"stabilizedTipPosition":[-27.9795,215.357,2.75885],"timeVisible":5.16128,"tipPosition":[-24.1658,218.599,-19.9224],"tipVelocity":[-50.4463,93.9659,-123.116],"tool":false,"touchDistance":0.333333,"touchZone":"none","type":3,"width":17.881},{"bases":[[[0.733728,-0.650924,-0.194785],[0.593281,0.474064,0.650601],[-0.331151,-0.592927,0.734014]],[[0.650348,-0.758565,-0.0403181],[0.641644,0.576968,-0.505373],[0.40662,0.302798,0.861959]],[[0.650348,-0.758565,-0.0403181],[-0.114977,-0.0458328,-0.99231],[0.750884,0.649983,-0.117025]],[[0.650348,-0.758565,-0.0403181],[-0.492384,-0.380535,-0.782784],[0.57845,0.528934,-0.620986]]],"btipPosition":[-12.6988,224.911,-14.5388],"carpPosition":[6.91905,223.087,44.8575],"dipPosition":[-2.83631,233.929,-25.1266],"direction":[-0.750884,-0.649983,0.117025],"extended":false,"handId":365,"id":3654,"length":49.963,"mcpPosition":[25.9127,257.095,2.75706],"pipPosition":[11.6908,246.504,-27.3906],"stabilizedTipPosition":[-16.8065,226.679,5.09122],"timeVisible":5.16128,"tipPosition":[-10.5874,226.523,-16.3921],"tipVelocity":[-29.967,61.4289,-128.827],"tool":false,"touchDistance":0.333333,"touchZone":