{"sensorType":"Leap","data":[[0,{"currentFrameRate":110.433,"devices":[],"gestures":[],"hands":[{"armBasis":[[0.813563,-0.32105,-0.484811],[0.44447,0.880932,0.162498],[0.374916,-0.347686,0.859391]],"armWidth":63.029,"confidence":0.838917,"direction":[0.122598,0.637028,-0.761029],"elbow":[83.1791,127.229,291.694],"grabStrength":0,"id":366,"palmNormal":[-0.441252,-0.651868,-0.616737],"palmPosition":[-18.9903,254.429,20.4065],"palmVelocity":[-1.61938,89.6607,-107.866],"palmWidth":90.0033,"pinchStrength":0.46473,"r":[[0.935607,-0.231479,0.266564],[0.237044,0.97143,0.0115777],[-0.261628,0.052355,0.963748]],"s":1.60615,"sphereCenter":[-48.8228,247.069,-17.1668],"sphereRadius":47.2965,"stabilizedPalmPosition":[-17.6859,262.259,0.0319173],"t":[98.2049,113.782,-46.7572],"timeVisible":12.6537,"type":"right","wrist":[-16.9504,220.086,62.175]}],"id":1182795,"interactionBox":{"center":[0,200,0],"size":[235.247,235.247,147.751]},"pointables":[{"bases":[[[0.776309,0.541801,0.322174],[-0.565949,0.374021,0.734718],[0.277571,-0.752702,0.596987]],[[0.556737,0.830667,0.00598641],[-0.584396,0.386538,0.713491],[0.590359,-0.400726,0.700639]],[[0.556737,0.830667,0.00598641],[-0.785032,0.523768,0.330746],[0.271604,-0.188838,0.943701]],[[0.556737,0.830667,0.00598641],[-0.830158,0.556109,0.0397547],[0.0296939,-0.0271026,0.999192]]],"btipPosition":[-86.1444,249.35,-25.7179],"carpPosition":[-47.1472,222.567,63.8353],"dipPosition":[-85.457,248.722,-2.58678],"direction":[-0.271604,0.188838,-0.943701],"extended":false,"handId":366,"id":3660,"length":51.5512,"mcpPosition":[-47.1472,222.567,63.8353],"pipPosition":[-76.297,242.354,29.2404],"stabilizedTipPosition":[-83.7804,245.684,-19.9452],"timeVisible":12.6537,"tipPosition":[-85.5767,249.531,-20.218],"tipVelocity":[-51.1889,209.782,-54.3035],"tool":false,"touchDistance":-0.360385,"touchZone":"touching","type":0,"width":20.0304},{"bases":[[[0.896934,-0.298618,-0.326094],[0.432157,0.748059,0.503635],[0.0935432,-0.592651,0.800009]],[[0.881002,-0.230969,-0.412903],[0.394088,0.84116,0.37033],[0.261783,-0.488981,0.832086]],[[0.881002,-0.230969,-0.412903],[0.344602,0.911254,0.225534],[0.324169,-0.340983,0.882409]],[[0.881002,-0.230969,-0.412903],[0.300606,0.947203,0.111551],[0.365338,-0.222398,0.903918]]],"btipPosition":[-62.0799,314.455,-63.8484],"carpPosition":[-30.2231,238.636,66.1038],"dipPosition":[-55.9056,310.696,-48.5719],"direction":[-0.324169,0.340983,-0.882409],"extended":true,"handId":366,"id":3661,"length":58.1698,"mcpPosition":[-37.0304,281.764,7.88573],"pipPosition":[-48.1553,302.544,-27.475],"stabilizedTipPosition":[-66.2164,308.888,-54.0378],"timeVisible":12.6537,"tipPosition":[-61.6862,311.5,-60.4654],"tipVelocity":[166.307,201.681,-149.473],"tool":false,"touchDistance":-0.460036,"touchZone":"touching","type":1,"width":19.133},{"bases":[[[0.814423,-0.499063,-0.29606],[0.579521,0.673611,0.458697],[-0.0294892,-0.545146,0.837822]],[[0.814662,-0.493981,-0.303824],[0.275237,0.790463,-0.547187],[0.510461,0.362149,0.779922]],[[0.814662,-0.493981,-0.303824],[-0.484543,-0.291911,-0.824625],[0.31866,0.819006,-0.477163]],[[0.814662,-0.493981,-0.303824],[-0.571039,-0.774687,-0.271616],[-0.101195,0.39477,-0.91319]]],"btipPosition":[-48.1277,226.622,-2.05129],"carpPosition":[-18.743,236.643,62.5567],"dipPosition":[-50.0088,233.96,-19.0259],"direction":[-0.31866,-0.819006,0.477163],"extended":false,"handId":366,"id":3662,"length":66.2798,"mcpPosition":[-16.7079,274.264,4.73735],"pipPosition":[-41.0455,256.997,-32.4475],"stabilizedTipPosition":[-48.1673,227.655,5.21627],"timeVisible":12.6537,"tipPosition":[-48.5659,228.008,-5.66246],"tipVelocity":[-96.3969,127.223,-62.2378],"tool":false,"touchDistance":0.333333,"touchZone":"none","type":2,"width":18.7912},{"bases":[[[0.755187,-0.623196,-0.203271],[0.634992,0.618513,0.462846],[-0.162718,-0.478611,0.862818]],[[0.761296,-0.602771,-0.238946],[0.375249,0.710107,-0.595765],[0.528787,0.363889,0.766791]],[[0.761296,-0.602771,-0.238946],[-0.498459,-0.308373,-0.810213],[0.414688,0.735917,-0.53522]],[[0.761296,-0.602771,-0.238946],[-0.647537,-0.725826,-0.232105],[-0.0335273,0.331427,-0.942885]]],"btipPosition":[-32.3859,218.933,3.44776],"carpPosition":[-8.35474,231.65,58.7053],"dipPosition":[-33.0055,225.058,-13.9781],"direction":[-0.414688,-0.735917,0.53522],"extended":false,"handId":366,"id":3663,"length":63.7298,"mcpPosition":[1.72742,261.305,5.24446],"pipPosition":[-21.6424,245.223,-28.6439],"stabilizedTipPosition":[-29.453,222.738,6.78366],"timeVisible":12.6537,"tipPosition":[-32.6275,220.197,-0.533936],"tipVelocity":[-111.908,84.184,-50.9639],"tool":false,"touchDistance":0.333333,"touchZone":"none","type":3,"width":17.881},{"bases":[[[0.615909,-0.767974,-0.175705],[0.727834,0.469323,0.499993],[-0.301519,-0.435835,0.848018]],[[0.529467,-0.847956,0.0252031],[0.707409,0.424922,-0.564813],[0.468227,0.316879,0.824834]],[[0.529467,-0.847956,0.0252031],[-0.407913,-0.280527,-0.868857],[0.743822,0.44975,-0.494422]],[[0.529467,-0.847956,0.0252031],[-0.806896,-0.512556,-0.293607],[0.261884,0.135119,-0.955594]]],"btipPosition":[-19.3892,223.43,1.91175],"carpPosition":[-1.45109,220.52,53.542],"dipPosition":[-14.9242,225.734,-14.381],"direction":[-0.743822,-0.44975,0.494422],"extended":false,"handId":366,"id":3664,"length":49.963,"mcpPosition":[15.843,245.518,4.90275],"pipPosition":[-0.533648,234.435,-23.9464],"stabilizedTipPosition":[-15.5597,230.305,5.93424],"timeVisible":12.6537,"tipPosition":[-18.5436,223.719,-1.32337],"tipVelocity":[-96.4974,46.2463,-73.8803],"tool":false,"touchDistance":0.333333,"touchZone":"none","type":4,"width":15.8833}],"r":[[0.935607,-0.231479,0.266564],[0.237044,0.97143,0.0115777],[-0.261628,0.052355,0.963748]],"s":1.60615,"t":[98.2049,113.782,-46.7572],"timestamp":15472187360},false],[1,{"currentFrameRate":110.477,"devices":[],"gestures":[],"hands":[{"armBasis":[[0.796637,-0.352695,-0.490893],[0.477926,0.864742,0.154298],[0.370076,-0.35753,0.857448]],"armWidth":63.029,"confidence":0.792135,"direction":[0.131582,0.621277,-0.772464],"elbow":[81.0978,126.928,290.134],"grabStrength":0,"id":366,"palmNormal":[-0.47293,-0.6455,-0.599722],"palmPosition":[-19.3007,256.19,18.8851],"palmVelocity":[-10.6499,118.869,-124.76],"palmWidth":90.0033,"pinchStrength":0.469599,"r":[[0.931121,-0.252072,0.263579],[0.262296,0.96498,-0.00373519],[-0.253407,0.0726135,0.964631]],"s":1.60885,"sphereCenter":[-49.968,249.538,-18.0364],"sphereRadius":47.3315,"stabilizedPalmPosition":[-17.6979,262.215,0.171241],"t":[97.9793,115.175,-48.0706],"timeVisible":12.6627,"type":"right","wrist":[-17.7391,222.414,61.1335]}],"id":1182796,"interactionBox":{"center":[0,200,0],"size":[235.247,235.247,147.751]},"pointables":[{"bases":[[[0.799254,0.519826,0.30162],[-0.541003,0.403731,0.737779],[0.261743,-0.75285,0.603911]],[[0.584213,0.81145,-0.0156506],[-0.558823,0.416166,0.717303],[0.588568,-0.410312,0.696586]],[[0.584213,0.81145,-0.0156506],[-0.761968,0.555024,0.333696],[0.279464,-0.183024,0.942551]],[[0.584213,0.81145,-0.0156506],[-0.810632,0.584349,0.0375813],[0.0396407,-0.00926861,0.999171]]],"btipPosition":[-87.2084,252.589,-26.0821],"carpPosition":[-47.8042,225.942,63.2317],"dipPosition":[-86.2907,252.375,-2.95144],"direction":[-0.279464,0.183024,-0.942551],"extended":false,"handId":366,"id":3660,"length":51.5512,"mcpPosition":[-47.8042,225.942,63.2317],"pipPosition":[-76.8655,246.202,28.8369],"stabilizedTipPosition":[-85.0874,248.469,-20.2771],"timeVisible":12.6627,"tipPosition":[-86.6315,252.876,-20.6042],"tipVelocity":[-68.0254,254.092,-50.5485],"tool":false,"touchDistance":-0.358145,"touchZone":"touching","type":0,"width":20.0304},{"bases":[[[0.880944,-0.333614,-0.335618],[0.465241,0.740275,0.485329],[0.0865369,-0.58369,0.807352]],[[0.866619,-0.269217,-0.420111],[0.430785,0.828542,0.357689],[0.251784,-0.490958,0.834005]],[[0.866619,-0.269217,-0.420111],[0.383433,0.898089,0.215442],[0.319297,-0.347791,0.881528]],[[0.866619,-0.269217,-0.420111],[0.34045,0.93456,0.103404],[0.364781,-0.232638,0.901562]]],"btipPosition":[-61.1101,317.046,-65.5187],"carpPosition":[-30.3139,241.459,64.9886],"dipPosition":[-54.9452,313.114,-50.282],"direction":[-0.319297,0.347791,-0.881528],"extended":true,"handId":366,"id":3661,"length":58.1698,"mcpPosition":[-36.6114,283.935,6.23612],"pipPosition":[-47.3113,304.799,-29.2062],"stabilizedTipPosition":[-63.9903,311.363,-56.7594],"timeVisible":12.6627,"tipPosition":[-60.8185,314.172,-62.0998],"tipVelocity":[150.29,224.307,-159.792],"tool":false,"touchDistance":-0.467558,"touchZone":"touching","type":1,"width":19.133},{"bases":[[[0.79223,-0.530683,-0.301242],[0.609264,0.660222,0.439209],[-0.0341943,-0.53149,0.846374]],[[0.792507,-0.525855,-0.308884],[0.294071,0.773212,-0.561841],[0.53428,0.354429,0.767415]],[[0.792507,-0.525855,-0.308884],[-0.506678,-0.285834,-0.813374],[0.339427,0.801109,-0.492965]],[[0.792507,-0.525855,-0.308884],[-0.601299,-0.758325,-0.251759],[-0.101846,0.385252,-0.917174]]],"btipPosition":[-49.7344,229.112,-2.79172],"carpPosition":[-18.9667,239.026,61.2916],"dipPosition":[-51.6275,236.273,-19.8404],"direction":[-0.339427,-0.801109,0.492965],"extended":false,"handId":366,"id":3662,"length":66.2798,"mcpPosition":[-16.6069,275.705,2.8821],"pipPosition":[-42.0801,258.806,-33.7065],"stabilizedTipPosition":[-48.304,227.867,4.40154],"timeVisible":12.6627,"tipPosition":[-50.1752,230.457,-6.39019],"tipVelocity":[-119.117,167.112,-68.31],"tool":false,"touchDistance":0.333333,"touchZone":"none","type":2,"width":18.7912},{"bases":[[[0.730365,-0.651363,-0.205654],[0.662908,0.603341,0.443321],[-0.164683,-0.460116,0.872452]],[[0.736552,-0.631773,-0.241566],[0.389304,0.688034,-0.612415],[0.553113,0.357033,0.752724]],[[0.736552,-0.631773,-0.241566],[-0.521507,-0.303015,-0.797629],[0.430723,0.713473,-0.552661]],[[0.736552,-0.631773,-0.241566],[-0.675354,-0.70661,-0.211188],[-0.03727,0.318693,-0.947125]]],"btipPosition":[-34.1712,220.918,2.6767],"carpPosition":[-8.8165,233.628,57.3532],"dipPosition":[-34.86,226.808,-14.8275],"direction":[-0.430723,-0.713473,0.552661],"extended":false,"handId":366,"id":3663,"length":63.7298,"mcpPosition":[1.38739,262.137,3.29544],"pipPosition":[-23.0575,246.358,-29.9713],"stabilizedTipPosition":[-29.7607,222.708,6.27053],"timeVisible":12.6627,"tipPosition":[-34.427,222.137,-1.31812],"tipVelocity":[-136.233,120.069,-61.0893],"tool":false,"touchDistance":0.333333,"touchZone":"none","type":3,"width":17.881},{"bases":[[[0.586757,-0.790914,-0.173699],[0.751265,0.451649,0.481263],[-0.302187,-0.412878,0.859194]],[[0.501007,-0.864936,0.0296276],[0.711706,0.392288,-0.582739],[0.49241,0.313042,0.812119]],[[0.501007,-0.864936,0.0296276],[-0.43139,-0.279264,-0.857855],[0.750263,0.41701,-0.513038]],[[0.501007,-0.864936,0.0296276],[-0.828305,-0.489147,-0.273212],[0.250803,0.11234,-0.961497]]],"btipPosition":[-21.0578,224.945,0.885793],"carpPosition":[-2.3765,222.196,52.2516],"dipPosition":[-16.7817,226.861,-15.5076],"direction":[-0.750263,-0.41701,0.513038],"extended":false,"handId":366,"id":3664,"length":49.963,"mcpPosition":[14.9559,245.877,2.97126],"pipPosition":[-2.26655,234.928,-25.4332],"stabilizedTipPosition":[-15.6579,230.198,5.74254],"timeVisible":12.6627,"tipPosition":[-20.2465,225.167,-2.3816],"tipVelocity":[-122.322,77.0923,-85.6653],"tool":false,"touchDistance":0.333333,"touchZone":"none","type":4,"width":15.8833}],"r":[[0.931121,-0.252072,0.263579],[0.262296,0.96498,-0.00373519],[-0.253407,0.0726135,0.964631]],"s":1.60885,"t":[97.9793,115.175,-48.0706],"timestamp":15472196334},false],[2,{"currentFrameRate":110.516,"devices":[],"gestures":[],"hands":[{"armBasis":[[0.778705,-0.387047,-0.493775],[0.50984,0.849044,0.138515],[0.365625,-0.359608,0.858487]],"armWidth":63.029,"confidence":0.799141,"direction":[0.139291,0.610851,-0.779397],"elbow":[79.5197,127.401,289.557],"grabStrength":0,"id":366,"palmNormal":[-0.505221,-0.633088,-0.586473],"palmPosition":[-19.269,256.95,17.8036],"palmVelocity":[-6.76347,109.486,-123.572],"palmWidth":90.0033,"pinchStrength":0.472218,"r":[[0.92616,-0.274485,0.258621],[0.288834,0.957202,-0.0184415],[-0.242491,0.0917785,0.965803]],"s":1.61116,"sphereCenter":[-50.7149,251.252,-18.5021],"sphereRadius":47.35,"stabilizedPalmPosition":[-17.7129,262.164,0.339602],"t":[97.8824,116.251,-49.268],"timeVisible":12.6717,"type":"right","wrist":[-18.1286,223.443,60.2787]}],"id":1182797,"interactionBox":{"center":[0,200,0],"size":[235.247,235.247,147.751]},"pointables":[{"bases":[[[0.821775,0.494125,0.283771],[-0.513841,0.427378,0.743852],[0.246278,-0.757092,0.605111]],[[0.611134,0.790871,-0.0322316],[-0.531083,0.4399,0.724181],[0.586912,-0.425454,0.688856]],[[0.611134,0.790871,-0.0322316],[-0.736938,0.583374,0.341463],[0.288856,-0.184927,0.939342]],[[0.611134,0.790871,-0.0322316],[-0.789762,0.611983,0.0418602],[0.0528312,-0.000126861,0.998603]]],"btipPosition":[-87.9581,255.266,-25.9433],"carpPosition":[-48.0136,228.019,62.8675],"dipPosition":[-86.7351,255.263,-2.8258],"direction":[-0.288856,0.184927,-0.939342],"extended":false,"handId":366,"id":3660,"length":51.5512,"mcpPosition":[-48.0136,228.019,62.8675],"pipPosition":[-76.9932,249.026,28.8543],"stabilizedTipPosition":[-86.2755,251.588,-20.4373],"timeVisible":12.6717,"tipPosition":[-87.3368,255.607,-20.4881],"tipVelocity":[-70.1199,267.641,-32.5517],"tool":false,"touchDistance":-0.348627,"touchZone":"touching","type":0,"width":20.0304},{"bases":[[[0.862971,-0.366146,-0.348164],[0.498788,0.727253,0.4715],[0.0805657,-0.580551,0.810228]],[[0.85012,-0.304535,-0.429599],[0.467379,0.812197,0.349131],[0.242596,-0.497589,0.832798]],[[0.85012,-0.304535,-0.429599],[0.421693,0.88232,0.209014],[0.315392,-0.358845,0.878498]],[[0.85012,-0.304535,-0.429599],[0.379344,0.919998,0.0985025],[0.365232,-0.246705,0.897631]]],"btipPosition":[-59.8585,319.079,-66.3238],"carpPosition":[-29.9731,242.936,64.2026],"dipPosition":[-53.686,314.909,-51.1535],"direction":[-0.315392,0.358845,-0.878498],"extended":true,"handId":366,"id":3661,"length":58.1698,"mcpPosition":[-35.836,285.184,5.24087],"pipPosition":[-46.1455,306.33,-30.1501],"stabilizedTipPosition":[-62.0084,313.775,-58.9283],"timeVisible":12.6717,"tipPosition":[-59.6645,316.279,-62.8783],"tipVelocity":[147.351,223.2,-141.035],"tool":false,"touchDistance":-0.461441,"touchZone":"touching","type":1,"width":19.133},{"bases":[[[0.768162,-0.559792,-0.310742],[0.639151,0.64196,0.423525],[-0.0376021,-0.523947,0.850921]],[[0.768467,-0.555077,-0.318351],[0.310878,0.758711,-0.572461],[0.559296,0.34095,0.755606]],[[0.768467,-0.555077,-0.318351],[-0.530207,-0.273819,-0.802436],[0.358243,0.785438,-0.504727]],[[0.768467,-0.555077,-0.318351],[-0.631293,-0.738933,-0.235473],[-0.104534,0.381926,-0.918262]]],"btipPosition":[-50.987,230.798,-3.15349],"carpPosition":[-18.7824,240.087,60.3295],"dipPosition":[-52.9301,237.897,-20.2224],"direction":[-0.358243,-0.785438,0.504727],"extended":false,"handId":366,"id":3662,"length":66.2798,"mcpPosition":[-16.1875,276.246,1.60625],"pipPosition":[-42.8534,259.99,-34.4193],"stabilizedTipPosition":[-48.5769,228.265,3.40047],"timeVisible":12.6717,"tipPosition":[-51.4444,232.133,-6.75483],"tipVelocity":[-125.051,172.343,-60.7718],"tool":false,"touchDistance":0.333333,"touchZone":"none","type":2,"width":18.7912},{"bases":[[[0.703873,-0.677584,-0.213172],[0.690875,0.583295,0.427151],[-0.165089,-0.447936,0.878692]],[[0.710081,-0.658542,-0.249214],[0.401906,0.669688,-0.624491],[0.578149,0.343278,0.740205]],[[0.710081,-0.658542,-0.249214],[-0.545437,-0.290616,-0.786156],[0.445291,0.694164,-0.565554]],[[0.710081,-0.658542,-0.249214],[-0.702824,-0.684359,-0.194139],[-0.0427029,0.313008,-0.94879]]],"btipPosition":[-35.6288,222.092,2.13284],"carpPosition":[-8.89391,234.315,56.2586],"dipPosition":[-36.418,227.877,-15.4021],"direction":[-0.445291,-0.694164,0.565554],"extended":false,"handId":366,"id":3663,"length":63.7298,"mcpPosition":[1.3351,262.07,1.81422],"pipPosition":[-24.2163,246.898,-30.8992],"stabilizedTipPosition":[-30.2321,222.764,5.63384],"timeVisible":12.6717,"tipPosition":[-35.9081,223.294,-1.869],"tipVelocity":[-144.086,122.271,-61.1611],"tool":false,"touchDistance":0.333333,"touchZone":"none","type":3,"width":17.881},{"bases":[[[0.556142,-0.811874,-0.177668],[0.774625,0.428925,0.464736],[-0.301101,-0.396086,0.867441]],[[0.471704,-0.881338,0.0271843],[0.713551,0.363427,-0.598971],[0.518016,0.301935,0.800309]],[[0.471704,-0.881338,0.0271843],[-0.456205,-0.270318,-0.847824],[0.754567,0.38752,-0.529581]],[[0.471704,-0.881338,0.0271843],[-0.849125,-0.462341,-0.255397],[0.237659,0.0973887,-0.966454]]],"btipPosition":[-22.4386,225.632,0.114053],"carpPosition":[-2.94022,222.632,51.1352],"dipPosition":[-18.3865,227.293,-16.3639],"direction":[-0.754567,-0.38752,0.529581],"extended":false,"handId":366,"id":3664,"length":49.963,"mcpPosition":[14.3299,245.35,1.3819],"pipPosition":[-3.78815,234.79,-26.6095],"stabilizedTipPosition":[-15.8177,230.084,5.48511],"timeVisible":12.6717,"tipPosition":[-21.6614,225.82,-3.19751],"tipVelocity":[-132.511,75.1372,-86.3337],"tool":false,"touchDistance":0.333333,"touchZone":"none","type":4,"width":15.8833}],"r":[[0.92616,-0.274485,0.258621],[0.288834,0.957202,-0.0184415],[-0.242491,0.0917785,0.965803]],"s":1.61116,"t":[97.8824,116.251,-49.268],"timestamp":15472205314},false],[3,{"currentFrameRate":110.548,"devices":[],"gestures":[],"hands":[{"armBasis":[[0.768433,-0.405771,-0.494833],[0.527202,0.839719,0.130116],[0.362723,-0.360863,0.859191]],"armWidth":63.029,"confidence":0.801647,"direction":[0.143332,0.606152,-0.782327],"elbow":[78.5854,127.649,289.249],"grabStrength":0,"id":366,"palmNormal":[-0.522988,-0.624709,-0.579847],"palmPosition":[-19.2019,257.445,17.2329],"palmVelocity":[-2.86111,94.5463,-107.095],"palmWidth":90.0033,"pinchStrength":0.469066,"r":[[0.921075,-0.29577,0.253259],[0.313398,0.949103,-0.0313799],[-0.231088,0.108274,0.966889]],"s":1.61396,"sphereCenter":[-51.0881,252.611,-18.65],"sphereRadius":47.4132,"stabilizedPalmPosition":[-17.7298,262.111,0.531405],"t":[97.8675,117.036,-50.152],"timeVisible":12.6807,"type":"right","wrist":[-18.2879,224.025,59.7831]}],"id":1182798,"interactionBox":{"center":[0,200,0],"size":[235.247,235.247,147.751]},"pointables":[{"bases":[[[0.833839,0.478953,0.27444],[-0.498239,0.438985,0.747696],[0.237636,-0.760195,0.604676]],[[0.62589,0.778874,-0.0402183],[-0.51382,0.450593,0.730038],[0.586729,-0.436258,0.682222]],[[0.62589,0.778874,-0.0402183],[-0.721699,0.597952,0.348719],[0.295657,-0.189234,0.936364]],[[0.62589,0.778874,-0.0402183],[-0.777324,0.62718,0.0491115],[0.0634758,0.000524266,0.997983]]],"btipPosition":[-88.4642,257.092,-25.7173],"carpPosition":[-48.0529,229.181,62.6511],"dipPosition":[-86.9947,257.104,-2.61418],"direction":[-0.295657,0.189234,-0.936364],"extended":false,"handId":366,"id":3660,"length":51.5512,"mcpPosition":[-48.0529,229.181,62.6511],"pipPosition":[-77.0234,250.722,28.9655],"stabilizedTipPosition":[-87.2119,254.374,-20.4202],"timeVisible":12.6807,"tipPosition":[-87.7531,257.366,-20.3218],"tipVelocity":[-64.6005,250.056,-16.8286],"tool":false,"touchDistance":-0.338758,"touchZone":"touching","type":0,"width":20.0304},{"bases":[[[0.85234,-0.383496,-0.355595],[0.517236,0.718698,0.464694],[0.0773567,-0.580003,0.810933]],[[0.840706,-0.325,-0.433115],[0.489408,0.79833,0.350925],[0.231718,-0.506995,0.830219]],[[0.840706,-0.325,-0.433115],[0.446382,0.868735,0.214578],[0.306524,-0.373731,0.875424]],[[0.840706,-0.325,-0.433115],[0.40584,0.907701,0.106643],[0.35848,-0.26543,0.895008]]],"btipPosition":[-58.581,320.927,-66.5794],"carpPosition":[-29.7175,243.752,63.7709],"dipPosition":[-52.5226,316.441,-51.4534],"direction":[-0.306524,0.373731,-0.875424],"extended":true,"handId":366,"id":3661,"length":58.1698,"mcpPosition":[-35.3469,285.96,4.75787],"pipPosition":[-45.1941,307.506,-30.5235],"stabilizedTipPosition":[-60.1642,316.116,-60.5244],"timeVisible":12.6807,"tipPosition":[-58.5121,318.097,-63.1383],"tipVelocity":[145.12,216.169,-110.464],"tool":false,"touchDistance":-0.447616,"touchZone":"touching","type":1,"width":19.133},{"bases":[[[0.754206,-0.575195,-0.316739],[0.65546,0.630608,0.415578],[-0.0392997,-0.521041,0.852626]],[[0.754527,-0.570522,-0.324336],[0.319718,0.751156,-0.577534],[0.573122,0.332069,0.749174]],[[0.754527,-0.570522,-0.324336],[-0.543251,-0.265706,-0.796417],[0.368195,0.777114,-0.510418]],[[0.754527,-0.570522,-0.324336],[-0.647604,-0.727326,-0.227169],[-0.106293,0.381446,-0.91826]]],"btipPosition":[-51.6158,231.856,-3.33758],"carpPosition":[-18.622,240.68,59.7964],"dipPosition":[-53.5917,238.947,-20.4064],"direction":[-0.368195,-0.777114,0.510418],"extended":false,"handId":366,"id":3662,"length":66.2798,"mcpPosition":[-15.9099,276.638,0.955436],"pipPosition":[-43.235,260.806,-34.7635],"stabilizedTipPosition":[-48.9436,228.813,2.28132],"timeVisible":12.6807,"tipPosition":[-52.0843,233.193,-6.94477],"tipVelocity":[-110.172,157.312,-49.721],"tool":false,"touchDistance":0.333333,"touchZone":"none","type":2,"width":18.7912},{"bases":[[[0.688631,-0.691491,-0.218237],[0.706083,0.570971,0.418854],[-0.165027,-0.442529,0.881439]],[[0.694794,-0.672849,-0.254039],[0.407898,0.659568,-0.63134],[0.592352,0.335029,0.732717]],[[0.694794,-0.672849,-0.254039],[-0.559055,-0.283051,-0.77932],[0.452459,0.683489,-0.572821]],[[0.694794,-0.672849,-0.254039],[-0.717724,-0.671352,-0.184823],[-0.0461915,0.310743,-0.949371]]],"btipPosition":[-36.3846,222.85,1.88934],"carpPosition":[-8.88634,234.709,55.6445],"dipPosition":[-37.2383,228.593,-15.6564],"direction":[-0.452459,-0.683489,0.572821],"extended":false,"handId":366,"id":3663,"length":63.7298,"mcpPosition":[1.33887,262.128,1.02994],"pipPosition":[-24.8402,247.322,-31.3526],"stabilizedTipPosition":[-30.8122,222.893,4.92288],"timeVisible":12.6807,"tipPosition":[-36.6746,224.058,-2.14308],"tipVelocity":[-128.085,111.566,-51.8921],"tool":false,"touchDistance":0.333333,"touchZone":"none","type":3,"width":17.881},{"bases":[[[0.538708,-0.822833,-0.18094],[0.787223,0.415113,0.456028],[-0.300125,-0.388106,0.871378]],[[0.455647,-0.889852,0.0234492],[0.711251,0.348102,-0.610694],[0.535264,0.294939,0.79152]],[[0.455647,-0.889852,0.0234492],[-0.472638,-0.264169,-0.84073],[0.75432,0.371994,-0.540946]],[[0.455647,-0.889852,0.0234492],[-0.860371,-0.447004,-0.244847],[0.228359,0.0913887,-0.969278]]],"btipPosition":[-23.2025,226.091,-0.17736],"carpPosition":[-3.20822,222.901,50.4942],"dipPosition":[-19.309,227.649,-16.7034],"direction":[-0.75432,-0.371994,0.540946],"extended":false,"handId":366,"id":3664,"length":49.963,"mcpPosition":[14.0059,245.162,0.51505],"pipPosition":[-4.71541,234.846,-27.169],"stabilizedTipPosition":[-16.0334,229.963,5.17056],"timeVisible":12.6807,"tipPosition":[-22.4247,226.291,-3.58718],"tipVelocity":[-120.591,67.8117,-71.8854],"tool":false,"touchDistance":0.333333,"touchZone":"none","type":4,"width":15.8833}],"r":[[0.921075,-0.29577,0.253259],[0.313398,0.949103,-0.0313799],[-0.231088,0.108274,0.966889]],"s":1.61396,"t":[97.8675,117.036,-50.152],"timestamp":15472214302},false],[4,{"currentFrameRate":110.551,"devices":[],"gestures":[],"hands":[{"armBasis":[[0.760881,-0.41941,-0.495132],[0.53874,0.833627,0.121757],[0.361689,-0.35939,0.860244]],"armWidth":63.029,"confidence":0.722345,"direction":[0.148384,0.608107,-0.779864],"elbow":[78.1038,128.026,289.116],"grabStrength":0,"id":366,"palmNormal":[-0.534948,-0.613901,-0.580479],"palmPosition":[-19.125,257.662,16.9987],"palmVelocity":[0.273337,75.1022,-84.7141],"palmWidth":90.0033,"pinchStrength":0.462881,"r":[[0.915885,-0.315699,0.247969],[0.335543,0.941125,-0.0411605],[-0.220376,0.120903,0.967893]],"s":1.61684,"sphereCenter":[-51.1932,253.628,-18.7074],"sphereRadius":47.4429,"stabilizedPalmPosition":[-17.7475,262.054,0.741205],"t":[97.8985,117.538,-50.7112],"timeVisible":12.6897,"type":"right","wrist":[-18.4934,224.009,59.3692]}],"id":1182799,"interactionBox":{"center":[0,200,0],"size":[235.247,235.247,147.751]},"pointables":[{"bases":[[[0.842122,0.465216,0.272773],[-0.488062,0.442292,0.752445],[0.229404,-0.76678,0.599518]],[[0.63727,0.76965,-0.0390497],[-0.501178,0.452402,0.737667],[0.585412,-0.450523,0.674034]],[[0.63727,0.76965,-0.0390497],[-0.71003,0.606093,0.358482],[0.299574,-0.200724,0.93272]],[[0.63727,0.76965,-0.0390497],[-0.767291,0.638405,0.0608627],[0.0717725,-0.00882353,0.997382]]],"btipPosition":[-88.8354,258.804,-25.415],"carpPosition":[-48.165,229.585,62.4123],"dipPosition":[-87.1738,258.6,-2.32583],"direction":[-0.299574,0.200724,-0.93272],"extended":false,"handId":366,"id":3660,"length":51.5512,"mcpPosition":[-48.165,229.585,62.4123],"pipPosition":[-77.0705,251.83,29.1309],"stabilizedTipPosition":[-87.8989,256.8,-20.2455],"timeVisible":12.6897,"tipPosition":[-88.0265,258.913,-20.0971],"tipVelocity":[-56.7624,231.805,-3.07168],"tool":false,"touchDistance":-0.328729,"touchZone":"touching","type":0,"width":20.0304},{"bases":[[[0.844859,-0.394073,-0.361829],[0.530012,0.708571,0.465847],[0.0728035,-0.585349,0.807506]],[[0.834283,-0.337342,-0.436087],[0.504259,0.786691,0.356146],[0.222923,-0.517027,0.826431]],[[0.834283,-0.337342,-0.436087],[0.462799,0.858376,0.221377],[0.299647,-0.386512,0.87225]],[[0.834283,-0.337342,-0.436087],[0.423223,0.898772,0.114414],[0.353346,-0.280015,0.892602]]],"btipPosition":[-57.5194,322.422,-66.3069],"carpPosition":[-29.6122,243.88,63.5166],"dipPosition":[-51.5477,317.689,-51.2216],"direction":[-0.299647,0.386512,-0.87225],"extended":true,"handId":366,"id":3661,"length":58.1698,"mcpPosition":[-34.9102,286.477,4.75284],"pipPosition":[-44.3837,308.449,-30.3676],"stabilizedTipPosition":[-58.4726,318.313,-61.498],"timeVisible":12.6897,"tipPosition":[-57.4918,319.669,-62.8637],"tipVelocity":[136.873,200.42,-71.9902],"tool":false,"touchDistance":-0.427241,"touchZone":"touching","type":1,"width":19.133},{"bases":[[[0.744111,-0.584514,-0.323483],[0.666685,0.618725,0.415585],[-0.0427681,-0.524903,0.850087]],[[0.744463,-0.579817,-0.33104],[0.327867,0.749398,-0.575245],[0.581618,0.319711,0.748001]],[[0.744463,-0.579817,-0.33104],[-0.551008,-0.253548,-0.79505],[0.377049,0.77429,-0.50824]],[[0.744463,-0.579817,-0.33104],[-0.659326,-0.716551,-0.227692],[-0.105188,0.387772,-0.915734]]],"btipPosition":[-52.0118,232.66,-3.5402],"carpPosition":[-18.5827,240.666,59.4709],"dipPosition":[-53.967,239.868,-20.5621],"direction":[-0.377049,-0.774291,0.50824],"extended":false,"handId":366,"id":3662,"length":66.2798,"mcpPosition":[-15.6312,276.89,0.805122],"pipPosition":[-43.3614,261.647,-34.8579],"stabilizedTipPosition":[-49.3679,229.477,1.10695],"timeVisible":12.6897,"tipPosition":[-52.4782,234.025,-7.14163],"tipVelocity":[-91.728,139.266,-41.8627],"tool":false,"touchDistance":0.333333,"touchZone":"none","type":2,"width":18.7912},{"bases":[[[0.677318,-0.700355,-0.225262],[0.716442,0.558334,0.418298],[-0.167186,-0.444708,0.879934]],[[0.683486,-0.68193,-0.26042],[0.412223,0.655005,-0.633278],[0.602428,0.325486,0.728793]],[[0.683486,-0.68193,-0.26042],[-0.568629,-0.273685,-0.77573],[0.45772,0.678283,-0.574825]],[[0.683486,-0.68193,-0.26042],[-0.728418,-0.660359,-0.182572],[-0.0474698,0.31448,-0.948076]]],"btipPosition":[-36.8866,223.346,1.78196],"carpPosition":[-8.95627,234.575,55.2395],"dipPosition":[-37.7639,229.158,-15.7398],"direction":[-0.45772,-0.678283,0.574825],"extended":false,"handId":366,"id":3663,"length":63.7298,"mcpPosition":[1.40268,262.129,0.718147],"pipPosition":[-25.2217,247.744,-31.4909],"stabilizedTipPosition":[-31.4594,223.077,4.18344],"timeVisible":12.6897,"tipPosition":[-37.1749,224.606,-2.32556],"tipVelocity":[-108.247,96.4216,-40.6933],"tool":false,"touchDistance":0.333333,"touchZone":"none","type":3,"width":17.881},{"bases":[[[0.525666,-0.829679,-0.187903],[0.795464,0.40111,0.454255],[-0.301517,-0.388257,0.87083]],[[0.443923,-0.895959,0.0137648],[0.706638,0.340591,-0.62021],[0.550995,0.285052,0.784315]],[[0.443923,-0.895959,0.0137648],[-0.487367,-0.254311,-0.835344],[0.751934,0.36412,-0.549555]],[[0.443923,-0.895959,0.0137648],[-0.868478,-0.433988,-0.239583],[0.22063,0.0944021,-0.970778]]],"btipPosition":[-23.7643,226.358,-0.196456],"carpPosition":[-3.47758,222.712,49.9995],"dipPosition":[-20.0026,227.967,-16.7481],"direction":[-0.751934,-0.36412,0.549555],"extended":false,"handId":366,"id":3664,"length":49.963,"mcpPosition":[13.8163,244.982,0.0518217],"pipPosition":[-5.45513,235.012,-27.3802],"stabilizedTipPosition":[-16.3068,229.834,4.80528],"timeVisible":12.6897,"tipPosition":[-22.9593,226.619,-3.77261],"tipVelocity":[-105.399,57.6051,-52.8304],"tool":false,"touchDistance":0.333333,"touchZone":"none","type":4,"width":15.8833}],"r":[[0.915885,-0.315699,0.247969],[0.335543,0.941125,-0.0411605],[-0.220376,0.120903,0.967893]],"s":1.61684,"t":[97.8985,117.538,-50.7112],"timestamp":15472223344},false],[5,{"currentFrameRate":110.561,"devices":[],"gestures":[],"hands":[{"armBasis":[[0.755192,-0.435758,-0.489694],[0.55057,0.827095,0.113078],[0.355749,-0.355006,0.864531]],"armWidth":63.029,"confidence":0.722793,"direction":[0.152561,0.614341,-0.774151],"elbow":[76.3879,129.432,289.35],"grabStrength":0,"id":366,"palmNormal":[-0.54854,-0.598949,-0.583407],"palmPosition":[-19.0162,258.373,16.4658],"palmVelocity":[3.51423,76.1023,-77.6454],"palmWidth":90.0033,"pinchStrength":0.449164,"r":[[0.910639,-0.334991,0.241905],[0.355942,0.933301,-0.0474831],[-0.209864,0.129344,0.969137]],"s":1.62007,"sphereCenter":[-51.3675,255.288,-19.0824],"sphereRadius":47.5298,"stabilizedPalmPosition":[-17.7661,262,0.971799],"t":[97.9684,118.144,-51.2572],"timeVisible":12.6987,"type":"right","wrist":[-18.6226,224.244,58.4577]}],"id":1182800,"interactionBox":{"center":[0,200,0],"size":[235.247,235.247,147.751]},"pointables":[{"bases":[[[0.851205,0.4489,0.271919],[-0.475836,0.441491,0.7607],[0.221428,-0.7769,0.589402]],[[0.649881,0.759269,-0.0341445],[-0.484459,0.448441,0.751133],[0.585623,-0.471605,0.659268]],[[0.649881,0.759269,-0.0341445],[-0.694957,0.611822,0.377768],[0.307718,-0.221775,0.92527]],[[0.649881,0.759269,-0.0341445],[-0.755137,0.650132,0.0842341],[0.0861548,-0.0289583,0.995861]]],"btipPosition":[-89.4694,261.687,-25.0401],"carpPosition":[-48.181,230.251,61.7717],"dipPosition":[-87.475,261.017,-1.98607],"direction":[-0.307718,0.221775,-0.92527],"extended":false,"handId":366,"id":3660,"length":51.5512,"mcpPosition":[-48.181,230.251,61.7717],"pipPosition":[-77.0969,253.537,29.2195],"stabilizedTipPosition":[-88.5604,259.616,-19.9433],"timeVisible":12.6987,"tipPosition":[-88.4781,261.469,-19.8606],"tipVelocity":[-58.14,252.65,8.96203],"tool":false,"touchDistance":-0.318686,"touchZone":"touching","type":0,"width":20.0304},{"bases":[[[0.836033,-0.403217,-0.372109],[0.544305,0.694954,0.469863],[0.0691421,-0.595361,0.800478]],[[0.826273,-0.347368,-0.443406],[0.520179,0.772551,0.364113],[0.216073,-0.531507,0.819031]],[[0.826273,-0.347368,-0.443406],[0.479855,0.846349,0.231158],[0.294979,-0.40377,0.866001]],[[0.826273,-0.347368,-0.443406],[0.440888,0.888772,0.12531],[0.350558,-0.299033,0.887518]]],"btipPosition":[-56.5892,324.86,-65.86],"carpPosition":[-29.3982,244.24,62.9021],"dipPosition":[-50.6646,319.806,-50.8607],"direction":[-0.294979,0.40377,-0.866001],"extended":true,"handId":366,"id":3661,"length":58.1698,"mcpPosition":[-34.4298,287.566,4.64991],"pipPosition":[-43.6122,310.153,-30.1561],"stabilizedTipPosition":[-56.9608,320.82,-61.9228],"timeVisible":12.6987,"tipPosition":[-56.591,322.139,-62.4363],"tipVelocity":[127.235,217.355,-39.1502],"tool":false,"touchDistance":-0.406444,"touchZone":"touching","type":1,"width":19.133},{"bases":[[[0.732566,-0.59247,-0.335152],[0.679196,0.603541,0.417649],[-0.0451669,-0.533589,0.844537]],[[0.732938,-0.587705,-0.342643],[0.335661,0.750506,-0.569274],[0.591721,0.302231,0.747344]],[[0.732938,-0.587705,-0.342643],[-0.560383,-0.236007,-0.793896],[0.385711,0.773888,-0.502319]],[[0.732938,-0.587705,-0.342643],[-0.672092,-0.703531,-0.230948],[-0.105331,0.399558,-0.910636]]],"btipPosition":[-52.4351,234.118,-4.11461],"carpPosition":[-18.4488,240.899,58.7434],"dipPosition":[-54.393,241.545,-21.0417],"direction":[-0.385711,-0.773888,0.502319],"extended":false,"handId":366,"id":3662,"length":66.2798,"mcpPosition":[-15.3318,277.723,0.460693],"pipPosition":[-43.5437,263.313,-35.171],"stabilizedTipPosition":[-49.8413,230.331,-0.11982],"timeVisible":12.6987,"tipPosition":[-52.9039,235.532,-7.69897],"tipVelocity":[-79.407,146.935,-47.1922],"tool":false,"touchDistance":0.333333,"touchZone":"none","type":2,"width":18.7912},{"bases":[[[0.664635,-0.708335,-0.237742],[0.728013,0.542352,0.419346],[-0.168097,-0.451791,0.876144]],[[0.67077,-0.689892,-0.272244],[0.41615,0.653939,-0.63181],[0.613912,0.310504,0.725741]],[[0.67077,-0.689892,-0.272244],[-0.579655,-0.258658,-0.77272],[0.462676,0.676125,-0.573399]],[[0.67077,-0.689892,-0.272244],[-0.739972,-0.647317,-0.182819],[-0.0501032,0.324083,-0.944701]]],"btipPosition":[-37.4175,224.459,1.18804],"carpPosition":[-8.94895,234.705,54.3773],"dipPosition":[-38.3434,230.449,-16.2713],"direction":[-0.462676,-0.676125,0.573399],"extended":false,"handId":366,"id":3663,"length":63.7298,"mcpPosition":[1.46649,262.698,0.0907869],"pipPosition":[-25.6654,248.976,-31.9834],"stabilizedTipPosition":[-32.1521,223.387,3.3965],"timeVisible":12.6987,"tipPosition":[-37.7114,225.79,-2.9695],"tipVelocity":[-94.9814,105.068,-47.1665],"tool":false,"touchDistance":0.333333,"touchZone":"none","type":3,"width":17.881},{"bases":[[[0.511226,-0.835674,-0.200738],[0.804795,0.383518,0.45301],[-0.301582,-0.393144,0.868612]],[[0.430295,-0.902688,-0.000225087],[0.706234,0.336804,-0.622733],[0.56221,0.2678,0.782434]],[[0.430295,-0.902688,-0.000225087],[-0.497791,-0.23708,-0.834265],[0.753028,0.359092,-0.551364]],[[0.430295,-0.902688,-0.000225087],[-0.876617,-0.417807,-0.238705],[0.215382,0.102911,-0.971092]]],"btipPosition":[-24.3009,227.298,-0.994199],"carpPosition":[-3.69401,222.817,48.9684],"dipPosition":[-20.6287,229.053,-17.5512],"direction":[-0.753028,-0.359092,0.551364],"extended":false,"handId":366,"id":3664,"length":49.963,"mcpPosition":[13.6037,245.367,-0.852042],"pipPosition":[-6.06006,236,-28.2183],"stabilizedTipPosition":[-16.6258,229.739,4.3766],"timeVisible":12.6987,"tipPosition":[-23.5004,227.609,-4.59952],"tipVelocity":[-93.3797,71.4589,-62.6539],"tool":false,"touchDistance":0.333333,"touchZone":"none","type":4,"width":15.8833}],"r":[[0.910639,-0.334991,0.241905],[0.355942,0.933301,-0.0474831],[-0.209864,0.129344,0.969137]],"s":1.62007,"t":[97.9684,118.144,-51.2572],"timestamp":15472232370},false],[6,{"currentFrameRate":110.509,"devices":[],"gestures":[],"hands":[{"armBasis":[[0.747212,-0.450108,-0.488955],[0.562094,0.820557,0.103616],[0.354577,-0.352262,0.866133]],"armWidth":63.029,"confidence":0.688516,"direction":[0.160385,0.620839,-0.767356],"elbow":[75.8043,130.541,289.13],"grabStrength":0,"id":366,"palmNormal":[-0.560438,-0.582675,-0.588557],"palmPosition":[-18.8477,259.247,16.2262],"palmVelocity":[7.66733,81.5259,-63.3357],"palmWidth":90.0033,"pinchStrength":0.42039,"r":[[0.90506,-0.353974,0.235732],[0.375193,0.92556,-0.0506854],[-0.200243,0.134318,0.970495]],"s":1.62418,"sphereCenter":[-51.4016,257.064,-19.3406],"sphereRadius":47.6768,"stabilizedPalmPosition":[-17.7868,261.948,1.26265],"t":[98.0876,118.883,-51.65],"timeVisible":12.7079,"type":"right","wrist":[-18.8933,224.62,57.8102]}],"id":1182801,"interactionBox":{"center":[0,200,0],"size":[235.247,235.247,147.751]},"pointables":[{"bases":[[[0.859522,0.431268,0.27428],[-0.465867,0.440364,0.767494],[0.210213,-0.787456,0.579416]],[[0.664113,0.747194,-0.0256016],[-0.46685,0.441201,0.766415],[0.583956,-0.497034,0.641835]],[[0.664113,0.747194,-0.0256016],[-0.676938,0.615498,0.403629],[0.317347,-0.250725,0.914564]],[[0.664113,0.747194,-0.0256016],[-0.739993,0.661824,0.119993],[0.106602,-0.060744,0.992445]]],"btipPosition":[-90.3396,265.487,-24.2143],"carpPosition":[-48.3354,231.083,61.2965],"dipPosition":[-87.8718,264.081,-1.23944],"direction":[-0.317347,0.250725,-0.914564],"extended":false,"handId":366,"id":3660,"length":51.5512,"mcpPosition":[-48.3354,231.083,61.2965],"pipPosition":[-77.169,255.625,29.605],"stabilizedTipPosition":[-89.3322,263.15,-19.2979],"timeVisible":12.7079,"tipPosition":[-89.0369,264.737,-19.2561],"tipVelocity":[-65.1357,292.861,31.0468],"tool":false,"touchDistance":-0.303038,"touchZone":"touching","type":0,"width":20.0304},{"bases":[[[0.827913,-0.412766,-0.379717],[0.557454,0.680079,0.47617],[0.0616903,-0.605902,0.793144]],[[0.819113,-0.35709,-0.448933],[0.534602,0.758955,0.371736],[0.207977,-0.544494,0.812571]],[[0.819113,-0.35709,-0.448933],[0.495248,0.835132,0.239338],[0.289453,-0.418378,0.860916]],[[0.819113,-0.35709,-0.448933],[0.456712,0.879506,0.133729],[0.347086,-0.314572,0.883502]]],"btipPosition":[-55.4298,327.291,-65.2368],"carpPosition":[-29.316,244.74,62.5276],"dipPosition":[-49.5639,321.974,-50.3054],"direction":[-0.289453,0.418378,-0.860916],"extended":true,"handId":366,"id":3661,"length":58.1698,"mcpPosition":[-33.8053,288.833,4.80912],"pipPosition":[-42.6436,311.972,-29.7223],"stabilizedTipPosition":[-55.4684,323.54,-61.8605],"timeVisible":12.7079,"tipPosition":[-55.4381,324.634,-61.8189],"tipVelocity":[126.712,229.03,-9.76531],"tool":false,"touchDistance":-0.385019,"touchZone":"touching","type":1,"width":19.133},{"bases":[[[0.721391,-0.600679,-0.344644],[0.690616,0.587037,0.422417],[-0.0514185,-0.542745,0.838322]],[[0.721818,-0.595859,-0.352039],[0.346449,0.75144,-0.561526],[0.599127,0.283356,0.748837]],[[0.721818,-0.595859,-0.352039],[-0.566762,-0.217,-0.79479],[0.39719,0.773216,-0.494345]],[[0.721818,-0.595859,-0.352039],[-0.684625,-0.689237,-0.237152],[-0.101329,0.412195,-0.905443]]],"btipPosition":[-52.7432,235.8,-4.52899],"carpPosition":[-18.438,241.265,58.2921],"dipPosition":[-54.6267,243.462,-21.3596],"direction":[-0.39719,-0.773216,0.494345],"extended":false,"handId":366,"id":3662,"length":66.2798,"mcpPosition":[-14.8895,278.721,0.438314],"pipPosition":[-43.4545,265.211,-35.2645],"stabilizedTipPosition":[-50.3472,231.428,-1.37587],"timeVisible":12.7079,"tipPosition":[-53.1964,237.27,-8.09665],"tipVelocity":[-66.1709,158.885,-45.9988],"tool":false,"touchDistance":0.333333,"touchZone":"none","type":2,"width":18.7912},{"bases":[[[0.651834,-0.716534,-0.248378],[0.7384,0.525021,0.423223],[-0.172851,-0.459273,0.871315]],[[0.658087,-0.698052,-0.282214],[0.4228,0.652739,-0.628627],[0.623027,0.294371,0.724696]],[[0.658087,-0.698052,-0.282214],[-0.588371,-0.242877,-0.771252],[0.469831,0.673597,-0.570548]],[[0.658087,-0.698052,-0.282214],[-0.751306,-0.633485,-0.185032],[-0.0496159,0.333796,-0.941339]]],"btipPosition":[-37.8399,225.785,0.836387],"carpPosition":[-9.05799,234.965,53.8205],"dipPosition":[-38.7569,231.954,-16.5609],"direction":[-0.469831,-0.673597,0.570548],"extended":false,"handId":366,"id":3663,"length":63.7298,"mcpPosition":[1.65196,263.422,-0.166804],"pipPosition":[-25.8828,250.412,-32.1948],"stabilizedTipPosition":[-32.8808,223.858,2.5859],"timeVisible":12.7079,"tipPosition":[-38.1328,227.186,-3.37881],"tipVelocity":[-81.3502,117.445,-44.312],"tool":false,"touchDistance":0.333333,"touchZone":"none","type":3,"width":17.881},{"bases":[[[0.496422,-0.841707,-0.212354],[0.812604,0.36453,0.454744],[-0.305352,-0.398305,0.864935]],[[0.415605,-0.909443,-0.0136402],[0.70763,0.332728,-0.623339],[0.57143,0.24941,0.781833]],[[0.415605,-0.909443,-0.0136402],[-0.506244,-0.218836,-0.834163],[0.755639,0.353587,-0.551349]],[[0.415605,-0.909443,-0.0136402],[-0.88428,-0.400504,-0.240095],[0.212889,0.111846,-0.970654]]],"btipPosition":[-24.7428,228.43,-1.48494],"carpPosition":[-4.02161,223.055,48.2535],"dipPosition":[-21.113,230.337,-18.0345],"direction":[-0.755639,-0.353587,0.55135],"extended":false,"handId":366,"id":3664,"length":49.963,"mcpPosition":[13.4923,245.901,-1.35606],"pipPosition":[-6.49392,237.177,-28.7013],"stabilizedTipPosition":[-16.9941,229.695,3.88765],"timeVisible":12.7079,"tipPosition":[-23.9361,228.794,-5.13518],"tipVelocity":[-81.1458,87.0755,-60.1063],"tool":false,"touchDistance":0.333333,"touchZone":"none","type":4,"width":15.8833}],"r":[[0.90506,-0.353