{"sensorType":"Leap","data":[[0,{"currentFrameRate":103.792,"devices":[],"gestures":[],"hands":[{"armBasis":[[0.956508,0.124225,-0.263934],[-0.0319512,0.943963,0.3285],[0.289952,-0.30578,0.906877]],"armWidth":63.029,"confidence":0.509295,"direction":[-0.217399,0.718446,-0.660736],"elbow":[79.6481,144.178,289.502],"grabStrength":0,"id":367,"palmNormal":[-0.0789978,-0.687657,-0.721726],"palmPosition":[-17.0754,260.49,10.4791],"palmVelocity":[-13.3422,-31.1184,133.954],"palmWidth":90.0033,"pinchStrength":0.537614,"r":[[0.798854,0.240025,0.551562],[-0.338362,0.937426,0.0821239],[-0.497336,-0.252233,0.830082]],"s":1.13663,"sphereCenter":[-16.6922,245.184,-35.1343],"sphereRadius":48.6842,"stabilizedPalmPosition":[-16.8691,263.201,-20.2808],"t":[85.9699,35.4873,-131.493],"timeVisible":6.25485,"type":"right","wrist":[2.21007,225.843,47.3008]}],"id":1184711,"interactionBox":{"center":[0,200,0],"size":[235.247,235.247,147.751]},"pointables":[{"bases":[[[0.419721,0.797384,0.433605],[-0.662796,-0.0571212,0.746618],[0.620109,-0.600763,0.504528]],[[0.22106,0.937719,0.267984],[-0.697606,-0.0399836,0.715365],[0.681526,-0.345086,0.64532]],[[0.22106,0.937719,0.267984],[-0.96251,0.165484,0.214919],[0.157187,-0.305447,0.939146]],[[0.22106,0.937719,0.267984],[-0.947865,0.271251,-0.167257],[-0.229531,-0.217039,0.948794]]],"btipPosition":[-58.9711,245.477,-37.8581],"carpPosition":[-25.3322,213.112,47.6433],"dipPosition":[-64.2847,240.453,-15.8937],"direction":[-0.157187,0.305447,-0.939146],"extended":false,"handId":367,"id":3670,"length":51.5512,"mcpPosition":[-25.3322,213.112,47.6433],"pipPosition":[-58.9834,230.151,15.7798],"stabilizedTipPosition":[-54.6719,239.511,-61.4651],"timeVisible":6.25485,"tipPosition":[-58.7207,243.297,-33.45],"tipVelocity":[-74.5212,28.3292,168.242],"tool":false,"touchDistance":0.332086,"touchZone":"hovering","type":0,"width":20.0304},{"bases":[[[0.922568,0.223848,-0.314263],[0.0221014,0.782502,0.622255],[0.385202,-0.581018,0.716964]],[[0.974736,0.121506,-0.187418],[0.0125115,0.808069,0.588955],[0.223009,-0.576421,0.786134]],[[0.974736,0.121506,-0.187418],[-0.0339239,0.909889,0.413463],[0.220768,-0.396659,0.891024]],[[0.974736,0.121506,-0.187418],[-0.0696498,0.962598,0.26183],[0.212222,-0.242161,0.946742]]],"btipPosition":[-64.7175,315.206,-69.9224],"carpPosition":[-18.3438,234.852,52.9634],"dipPosition":[-61.1309,311.113,-53.9222],"direction":[-0.220768,0.396659,-0.891024],"extended":true,"handId":367,"id":3671,"length":58.1698,"mcpPosition":[-46.3756,277.134,0.788643],"pipPosition":[-55.8527,301.63,-32.6193],"stabilizedTipPosition":[-64.1811,319.793,-91.5614],"timeVisible":6.25485,"tipPosition":[-63.5132,314.816,-65.9536],"tipVelocity":[-30.8371,-37.4822,130.858],"tool":false,"touchDistance":0.328675,"touchZone":"hovering","type":1,"width":19.133},{"bases":[[[0.948752,0.00659279,-0.315953],[0.186206,0.796135,0.575757],[0.255337,-0.605083,0.754107]],[[0.944958,0.0153468,-0.32683],[-0.200429,0.816693,-0.541148],[0.258615,0.576868,0.774817]],[[0.944958,0.0153468,-0.32683],[-0.290158,-0.422304,-0.858759],[-0.151201,0.906324,-0.394607]],[[0.944958,0.0153468,-0.32683],[-0.137695,-0.887483,-0.439788],[-0.296806,0.460585,-0.836521]]],"btipPosition":[-27.5965,219.405,-12.5276],"carpPosition":[-7.41524,239.205,49.807],"dipPosition":[-33.1136,227.966,-28.0771],"direction":[0.151201,-0.906324,0.394607],"extended":false,"handId":367,"id":3672,"length":66.2798,"mcpPosition":[-25.0364,280.963,-2.23508],"pipPosition":[-37.3666,253.459,-39.1766],"stabilizedTipPosition":[-29.3745,217.923,-42.4776],"timeVisible":6.25485,"tipPosition":[-28.8434,220.748,-16.3027],"tipVelocity":[6.08874,-23.2486,138.81],"tool":false,"touchDistance":0.333333,"touchZone":"none","type":2,"width":18.7912},{"bases":[[[0.959231,-0.142557,-0.244034],[0.261559,0.774877,0.575458],[0.107061,-0.615827,0.780574]],[[0.953656,-0.115591,-0.277811],[-0.06527,0.82182,-0.565996],[0.293734,0.557898,0.776189]],[[0.953656,-0.115591,-0.277811],[-0.300092,-0.432936,-0.850007],[-0.0220216,0.893983,-0.44756]],[[0.953656,-0.115591,-0.277811],[-0.221803,-0.893943,-0.389448],[-0.203331,0.433018,-0.878152]]],"btipPosition":[-11.238,221.487,-8.28816],"carpPosition":[4.01592,240.485,45.8872],"dipPosition":[-14.9958,229.489,-24.5176],"direction":[0.0220216,-0.893983,0.44756],"extended":false,"handId":367,"id":3673,"length":63.7298,"mcpPosition":[-2.61764,278.642,-2.47773],"pipPosition":[-15.5993,253.986,-36.7815],"stabilizedTipPosition":[-14.4141,224.254,-46.2841],"timeVisible":6.25485,"tipPosition":[-12.4009,223.568,-13.1503],"tipVelocity":[6.38529,-32.7378,146.274],"tool":false,"touchDistance":0.333333,"touchZone":"none","type":3,"width":17.881},{"bases":[[[0.908684,-0.338933,-0.243756],[0.415994,0.6858,0.597183],[-0.0352373,-0.644052,0.76417]],[[0.906915,-0.264682,-0.327794],[0.0660365,0.857714,-0.509868],[0.416106,0.44076,0.795353]],[[0.906915,-0.264682,-0.327794],[-0.40226,-0.312654,-0.860485],[0.125268,0.912245,-0.390022]],[[0.906915,-0.264682,-0.327794],[-0.392194,-0.814596,-0.427337],[-0.153911,0.516117,-0.842576]]],"btipPosition":[3.03902,230.045,-10.0807],"carpPosition":[15.3709,234.969,39.6559],"dipPosition":[0.414846,238.845,-24.4466],"direction":[-0.125268,-0.912245,0.390022],"extended":false,"handId":367,"id":3674,"length":49.963,"mcpPosition":[17.392,271.91,-4.17413],"pipPosition":[2.83837,256.494,-31.9922],"stabilizedTipPosition":[1.17876,232.002,-45.3878],"timeVisible":6.25485,"tipPosition":[2.24018,232.149,-14.0038],"tipVelocity":[2.28853,-30.8967,150.246],"tool":false,"touchDistance":0.333333,"touchZone":"none","type":4,"width":15.8833}],"r":[[0.798854,0.240025,0.551562],[-0.338362,0.937426,0.0821239],[-0.497336,-0.252233,0.830082]],"s":1.13663,"t":[85.9699,35.4873,-131.493],"timestamp":15489812393},false],[1,{"currentFrameRate":104.154,"devices":[],"gestures":[],"hands":[{"armBasis":[[0.956029,0.124857,-0.265366],[-0.0322111,0.944076,0.328149],[0.291498,-0.305173,0.906586]],"armWidth":63.029,"confidence":0.509945,"direction":[-0.219567,0.712782,-0.666132],"elbow":[79.8135,144.291,290.194],"grabStrength":0,"id":367,"palmNormal":[-0.0778838,-0.693421,-0.716311],"palmPosition":[-17.4309,260.109,10.9947],"palmVelocity":[-20.5675,-34.279,113.199],"palmWidth":90.0033,"pinchStrength":0.540217,"r":[[0.797019,0.24288,0.552964],[-0.341027,0.936631,0.0801434],[-0.498458,-0.252451,0.829342]],"s":1.13934,"sphereCenter":[-17.6817,244.529,-34.2781],"sphereRadius":48.5027,"stabilizedPalmPosition":[-16.8691,263.201,-20.2803],"t":[85.698,35.1496,-130.684],"timeVisible":6.26377,"type":"right","wrist":[1.96258,225.794,48.0701]}],"id":1184712,"interactionBox":{"center":[0,200,0],"size":[235.247,235.247,147.751]},"pointables":[{"bases":[[[0.418142,0.801713,0.427099],[-0.662129,-0.0528893,0.747521],[0.621887,-0.595364,0.508722]],[[0.222656,0.938576,0.263628],[-0.694401,-0.0371184,0.71863],[0.684274,-0.343071,0.643484]],[[0.222656,0.938576,0.263628],[-0.962014,0.167711,0.215413],[0.157968,-0.301577,0.940265]],[[0.222656,0.938576,0.263628],[-0.945314,0.273966,-0.176984],[-0.238338,-0.209805,0.948249]]],"btipPosition":[-59.1463,244.969,-36.9045],"carpPosition":[-25.5492,213.002,48.5314],"dipPosition":[-64.6638,240.112,-14.9527],"direction":[-0.157968,0.301577,-0.940265],"extended":false,"handId":367,"id":3670,"length":51.5512,"mcpPosition":[-25.5492,213.002,48.5314],"pipPosition":[-59.3362,229.941,16.7585],"stabilizedTipPosition":[-54.6731,239.512,-61.4587],"timeVisible":6.26377,"tipPosition":[-59.1323,242.812,-32.5179],"tipVelocity":[-60.9966,6.26438,151.435],"tool":false,"touchDistance":0.346472,"touchZone":"hovering","type":0,"width":20.0304},{"bases":[[[0.921812,0.223579,-0.316662],[0.0206925,0.787358,0.616149],[0.387084,-0.574526,0.72117]],[[0.973575,0.124322,-0.191563],[0.0113276,0.81151,0.584229],[0.228088,-0.57096,0.788657]],[[0.973575,0.124322,-0.191563],[-0.0360057,0.911903,0.408822],[0.225513,-0.391122,0.892282]],[[0.973575,0.124322,-0.191563],[-0.0724089,0.963599,0.257361],[0.216586,-0.236689,0.947137]]],"btipPosition":[-65.5222,314.223,-69.6583],"carpPosition":[-18.6085,234.799,53.6776],"dipPosition":[-61.8619,310.223,-53.6514],"direction":[-0.225513,0.391122,-0.892282],"extended":true,"handId":367,"id":3671,"length":58.1698,"mcpPosition":[-46.7773,276.608,1.19678],"pipPosition":[-56.4702,300.872,-32.3184],"stabilizedTipPosition":[-64.1815,319.788,-91.5426],"timeVisible":6.26377,"tipPosition":[-64.2425,313.764,-65.7613],"tipVelocity":[-46.499,-56.6436,103.31],"tool":false,"touchDistance":0.333102,"touchZone":"hovering","type":1,"width":19.133},{"bases":[[[0.948509,0.00637939,-0.316686],[0.184731,0.801016,0.569427],[0.257303,-0.598608,0.758593]],[[0.944787,0.0148194,-0.327351],[-0.201927,0.813096,-0.545985],[0.258076,0.581941,0.771195]],[[0.944787,0.0148194,-0.327351],[-0.289943,-0.427649,-0.856183],[-0.152679,0.903824,-0.39974]],[[0.944787,0.0148194,-0.327351],[-0.136471,-0.890426,-0.434187],[-0.297916,0.454887,-0.83924]]],"btipPosition":[-27.9216,218.84,-11.797],"carpPosition":[-7.69252,239.153,50.4795],"dipPosition":[-33.4593,227.296,-27.397],"direction":[0.152679,-0.903824,0.39974],"extended":false,"handId":367,"id":3672,"length":66.2798,"mcpPosition":[-25.4494,280.464,-1.8721],"pipPosition":[-37.7539,252.718,-38.6409],"stabilizedTipPosition":[-29.3745,217.923,-42.4761],"timeVisible":6.26377,"tipPosition":[-29.1546,220.181,-15.5275],"tipVelocity":[-5.64631,-34.9105,122.943],"tool":false,"touchDistance":0.333333,"touchZone":"none","type":2,"width":18.7912},{"bases":[[[0.959392,-0.142183,-0.243619],[0.260134,0.779935,0.569238],[0.109071,-0.609496,0.78525]],[[0.953737,-0.115525,-0.277559],[-0.0675471,0.817279,-0.57227],[0.292955,0.564543,0.771666]],[[0.953737,-0.115525,-0.277559],[-0.299651,-0.440144,-0.846453],[-0.0243791,0.890465,-0.454399]],[[0.953737,-0.115525,-0.277559],[-0.219994,-0.897422,-0.382409],[-0.20491,0.425779,-0.88132]]],"btipPosition":[-11.5175,220.975,-7.47767],"carpPosition":[3.73279,240.429,46.5416],"dipPosition":[-15.3045,228.844,-23.7657],"direction":[0.0243791,-0.890465,0.454399],"extended":false,"handId":367,"id":3673,"length":63.7298,"mcpPosition":[-3.02536,278.194,-2.11308],"pipPosition":[-15.9725,253.244,-36.2169],"stabilizedTipPosition":[-14.4141,224.254,-46.2831],"timeVisible":6.26377,"tipPosition":[-12.6846,223.014,-12.3427],"tipVelocity":[-4.09809,-40.3843,130.758],"tool":false,"touchDistance":0.333333,"touchZone":"none","type":3,"width":17.881},{"bases":[[[0.90931,-0.33867,-0.241781],[0.414795,0.691393,0.59154],[-0.033171,-0.638183,0.76917]],[[0.907419,-0.266201,-0.325158],[0.0623602,0.850502,-0.522262],[0.415574,0.453634,0.788362]],[[0.907419,-0.266201,-0.325158],[-0.402031,-0.324714,-0.856114],[0.122315,0.907578,-0.401673]],[[0.907419,-0.266201,-0.325158],[-0.390682,-0.819412,-0.419441],[-0.154783,0.507642,-0.84755]]],"btipPosition":[2.73658,229.416,-9.12367],"carpPosition":[15.0964,234.892,40.345],"dipPosition":[0.0975522,238.071,-23.5743],"direction":[-0.122315,-0.907578,0.401673],"extended":false,"handId":367,"id":3674,"length":49.963,"mcpPosition":[16.9989,271.496,-3.77177],"pipPosition":[2.46394,255.63,-31.3454],"stabilizedTipPosition":[1.17877,232.002,-45.3873],"timeVisible":6.26377,"tipPosition":[1.94851,231.532,-13.098],"tipVelocity":[-7.67902,-42.716,137.941],"tool":false,"touchDistance":0.333333,"touchZone":"none","type":4,"width":15.8833}],"r":[[0.797019,0.24288,0.552964],[-0.341027,0.936631,0.0801434],[-0.498458,-0.252451,0.829342]],"s":1.13934,"t":[85.698,35.1496,-130.684],"timestamp":15489821314},false],[2,{"currentFrameRate":104.474,"devices":[],"gestures":[],"hands":[{"armBasis":[[0.956062,0.130456,-0.262538],[-0.0379274,0.943048,0.330487],[0.2907,-0.306009,0.90656]],"armWidth":63.029,"confidence":0.526007,"direction":[-0.223516,0.711374,-0.666324],"elbow":[79.2188,144.098,291.12],"grabStrength":0,"id":367,"palmNormal":[-0.0728238,-0.693896,-0.716383],"palmPosition":[-17.9982,260.015,11.9107],"palmVelocity":[-32.2482,-27.7605,110.152],"palmWidth":90.0033,"pinchStrength":0.541421,"r":[[0.795132,0.246175,0.554222],[-0.344362,0.93555,0.0784954],[-0.499179,-0.253267,0.828659]],"s":1.14121,"sphereCenter":[-18.6455,244.477,-33.2033],"sphereRadius":48.37,"stabilizedPalmPosition":[-16.8692,263.201,-20.2795],"t":[85.2784,34.9337,-129.822],"timeVisible":6.27275,"type":"right","wrist":[1.58078,225.824,49.0032]}],"id":1184713,"interactionBox":{"center":[0,200,0],"size":[235.247,235.247,147.751]},"pointables":[{"bases":[[[0.412641,0.804359,0.427474],[-0.662442,-0.057118,0.746932],[0.625218,-0.591392,0.509272]],[[0.220033,0.938272,0.266893],[-0.691879,-0.042766,0.720746],[0.687669,-0.343245,0.639761]],[[0.220033,0.938272,0.266893],[-0.962166,0.163676,0.217824],[0.160694,-0.304724,0.938787]],[[0.220033,0.938272,0.266893],[-0.943832,0.273907,-0.184812],[-0.246508,-0.211238,0.94584]]],"btipPosition":[-59.5168,244.972,-35.7065],"carpPosition":[-25.8493,212.857,49.44],"dipPosition":[-65.2234,240.082,-13.8105],"direction":[-0.160694,0.304724,-0.938787],"extended":false,"handId":367,"id":3670,"length":51.5512,"mcpPosition":[-25.8493,212.857,49.44],"pipPosition":[-59.8039,229.805,17.8509],"stabilizedTipPosition":[-54.6745,239.513,-61.4519],"timeVisible":6.27275,"tipPosition":[-59.6718,242.8,-31.3641],"tipVelocity":[-56.9255,4.39716,146.131],"tool":false,"touchDistance":0.362936,"touchZone":"hovering","type":0,"width":20.0304},{"bases":[[[0.920649,0.229456,-0.315842],[0.0151237,0.787467,0.616171],[0.390099,-0.572054,0.721511]],[[0.972319,0.132122,-0.192718],[0.00584362,0.810775,0.585329],[0.233585,-0.570252,0.78756]],[[0.972319,0.132122,-0.192718],[-0.0423819,0.910826,0.410609],[0.229783,-0.391075,0.891213]],[[0.972319,0.132122,-0.192718],[-0.0793204,0.962445,0.259631],[0.219783,-0.237158,0.946283]]],"btipPosition":[-66.5751,313.918,-68.6816],"carpPosition":[-19.0523,234.697,54.5924],"dipPosition":[-62.8607,309.91,-52.6891],"direction":[-0.229783,0.391075,-0.891213],"extended":true,"handId":367,"id":3671,"length":58.1698,"mcpPosition":[-47.4405,276.327,2.08679],"pipPosition":[-57.367,300.56,-31.3817],"stabilizedTipPosition":[-64.1832,319.78,-91.5139],"timeVisible":6.27275,"tipPosition":[-65.2436,313.392,-64.8384],"tipVelocity":[-65.52,-50.4847,104.722],"tool":false,"touchDistance":0.347726,"touchZone":"hovering","type":1,"width":19.133},{"bases":[[[0.94873,0.0124309,-0.315842],[0.179113,0.802172,0.569594],[0.260441,-0.596963,0.758819]],[[0.945055,0.0206482,-0.326259],[-0.205652,0.813342,-0.544225],[0.254123,0.581419,0.772899]],[[0.945055,0.0206482,-0.326259],[-0.286567,-0.427956,-0.857166],[-0.157323,0.903564,-0.398524]],[[0.945055,0.0206482,-0.326259],[-0.130543,-0.891144,-0.434534],[-0.299717,0.45325,-0.839485]]],"btipPosition":[-28.2544,218.757,-10.999],"carpPosition":[-8.16144,239.121,51.4041],"dipPosition":[-33.8256,227.182,-26.6035],"direction":[0.157323,-0.903564,0.398524],"extended":false,"handId":367,"id":3672,"length":66.2798,"mcpPosition":[-26.1348,280.318,-0.963119],"pipPosition":[-38.2508,252.598,-37.8132],"stabilizedTipPosition":[-29.3745,217.923,-42.4748],"timeVisible":6.27275,"tipPosition":[-29.4751,220.096,-14.6812],"tipVelocity":[-14.4949,-28.0906,113.596],"tool":false,"touchDistance":0.333333,"touchZone":"none","type":2,"width":18.7912},{"bases":[[[0.960496,-0.136059,-0.242767],[0.254649,0.781572,0.569473],[0.112258,-0.608796,0.785344]],[[0.95472,-0.109514,-0.276617],[-0.0720682,0.816959,-0.572175],[0.288646,0.566202,0.772074]],[[0.95472,-0.109514,-0.276617],[-0.29605,-0.441605,-0.846959],[-0.0294016,0.890501,-0.454031]],[[0.95472,-0.109514,-0.276617],[-0.214061,-0.898578,-0.383062],[-0.206611,0.424929,-0.881333]]],"btipPosition":[-11.8292,220.914,-6.57665],"carpPosition":[3.25899,240.47,47.4763],"dipPosition":[-15.6477,228.767,-22.8649],"direction":[0.0294016,-0.890501,0.454031],"extended":false,"handId":367,"id":3673,"length":63.7298,"mcpPosition":[-3.69659,278.192,-1.18418],"pipPosition":[-16.4533,253.168,-35.3061],"stabilizedTipPosition":[-14.414,224.254,-46.2822],"timeVisible":6.27275,"tipPosition":[-12.9941,222.944,-11.411],"tipVelocity":[-12.7108,-31.2962,122.442],"tool":false,"touchDistance":0.333333,"touchZone":"none","type":3,"width":17.881},{"bases":[[[0.911666,-0.332862,-0.240974],[0.409852,0.694018,0.591912],[-0.0297843,-0.63839,0.769137]],[[0.909428,-0.260798,-0.323921],[0.0574898,0.850281,-0.52318],[0.411868,0.457172,0.788263]],[[0.909428,-0.260798,-0.323921],[-0.398979,-0.327496,-0.856483],[0.117286,0.908147,-0.401887]],[[0.909428,-0.260798,-0.323921],[-0.385281,-0.821557,-0.420241],[-0.156521,0.506979,-0.847628]]],"btipPosition":[2.36566,229.418,-8.16805],"carpPosition":[14.6632,235.006,41.2898],"dipPosition":[-0.303008,238.062,-22.62],"direction":[-0.117286,-0.908147,0.401887],"extended":false,"handId":367,"id":3674,"length":49.963,"mcpPosition":[16.3715,271.622,-2.8251],"pipPosition":[1.96609,255.632,-30.3952],"stabilizedTipPosition":[1.17878,232.002,-45.3868],"timeVisible":6.27275,"tipPosition":[1.5818,231.538,-12.1299],"tipVelocity":[-17.105,-31.036,129.316],"tool":false,"touchDistance":0.333333,"touchZone":"none","type":4,"width":15.8833}],"r":[[0.795132,0.246175,0.554222],[-0.344362,0.93555,0.0784954],[-0.499179,-0.253267,0.828659]],"s":1.14121,"t":[85.2784,34.9337,-129.822],"timestamp":15489830288},false],[3,{"currentFrameRate":104.746,"devices":[],"gestures":[],"hands":[{"armBasis":[[0.955409,0.137104,-0.261525],[-0.0442599,0.942158,0.332233],[0.291949,-0.305843,0.906215]],"armWidth":63.029,"confidence":0.539045,"direction":[-0.226668,0.709775,-0.666964],"elbow":[79.1202,144.171,291.986],"grabStrength":0,"id":367,"palmNormal":[-0.0667483,-0.694498,-0.716392],"palmPosition":[-18.5703,259.91,12.8187],"palmVelocity":[-40.8055,-23.3338,107.482],"palmWidth":90.0033,"pinchStrength":0.542293,"r":[[0.793046,0.249861,0.55556],[-0.348271,0.934227,0.076982],[-0.499785,-0.254536,0.827905]],"s":1.14263,"sphereCenter":[-19.5385,244.386,-32.1304],"sphereRadius":48.253,"stabilizedPalmPosition":[-16.8692,263.201,-20.2784],"t":[84.7826,34.7729,-128.937],"timeVisible":6.28179,"type":"right","wrist":[1.14884,225.854,49.9613]}],"id":1184714,"interactionBox":{"center":[0,200,0],"size":[235.247,235.247,147.751]},"pointables":[{"bases":[[[0.406474,0.807106,0.428205],[-0.663693,-0.0612675,0.745492],[0.627926,-0.587219,0.510767]],[[0.217578,0.937733,0.270771],[-0.690527,-0.0481715,0.7217],[0.689806,-0.344001,0.637049]],[[0.217578,0.937733,0.270771],[-0.962135,0.159395,0.221109],[0.164181,-0.308627,0.936907]],[[0.217578,0.937733,0.270771],[-0.940755,0.275401,-0.197822],[-0.260075,-0.211688,0.942098]]],"btipPosition":[-59.7739,245.003,-34.5218],"carpPosition":[-26.1974,212.708,50.3408],"dipPosition":[-65.7946,240.103,-12.7124],"direction":[-0.164181,0.308627,-0.936907],"extended":false,"handId":367,"id":3670,"length":51.5512,"mcpPosition":[-26.1974,212.708,50.3408],"pipPosition":[-60.2574,229.694,18.8856],"stabilizedTipPosition":[-54.6759,239.514,-61.445],"timeVisible":6.28179,"tipPosition":[-60.1327,242.808,-30.2309],"tipVelocity":[-51.2802,4.06319,141.376],"tool":false,"touchDistance":0.377448,"touchZone":"hovering","type":0,"width":20.0304},{"bases":[[[0.91983,0.235364,-0.313874],[0.00866183,0.787672,0.616034],[0.392221,-0.569365,0.722486]],[[0.971232,0.139986,-0.192645],[-0.000610379,0.810435,0.585828],[0.238134,-0.568858,0.787206]],[[0.971232,0.139986,-0.192645],[-0.0495944,0.91014,0.411323],[0.232913,-0.389936,0.890899]],[[0.971232,0.139986,-0.192645],[-0.0869254,0.961558,0.26048],[0.221703,-0.236241,0.946065]]],"btipPosition":[-67.5315,313.517,-67.8154],"carpPosition":[-19.5536,234.594,55.5034],"dipPosition":[-63.7847,309.525,-51.8266],"direction":[-0.232913,0.389936,-0.890899],"extended":true,"handId":367,"id":3671,"length":58.1698,"mcpPosition":[-48.0962,276.027,2.92684],"pipPosition":[-58.2161,300.202,-30.5267],"stabilizedTipPosition":[-64.1872,319.769,-91.4696],"timeVisible":6.28179,"tipPosition":[-66.1532,312.956,-64.0093],"tipVelocity":[-76.3971,-48.6948,102.25],"tool":false,"touchDistance":0.359268,"touchZone":"hovering","type":1,"width":19.133},{"bases":[[[0.949319,0.0185258,-0.313767],[0.172654,0.803432,0.569814],[0.262646,-0.595108,0.759515]],[[0.945692,0.0265468,-0.323977],[-0.208912,0.813209,-0.543182],[0.249041,0.581366,0.774592]],[[0.945692,0.0265468,-0.323977],[-0.282011,-0.428669,-0.85832],[-0.161665,0.903072,-0.397902]],[[0.945692,0.0265468,-0.323977],[-0.123923,-0.89195,-0.43482],[-0.300514,0.451354,-0.84022]]],"btipPosition":[-28.5507,218.647,-10.1976],"carpPosition":[-8.68473,239.088,52.338],"dipPosition":[-34.1367,227.037,-25.8158],"direction":[0.161665,-0.903072,0.397902],"extended":false,"handId":367,"id":3672,"length":66.2798,"mcpPosition":[-26.8103,280.157,-0.0772577],"pipPosition":[-38.684,252.439,-37.008],"stabilizedTipPosition":[-29.3745,217.923,-42.4736],"timeVisible":6.28179,"tipPosition":[-29.758,219.984,-13.8423],"tipVelocity":[-19.6377,-23.9486,106.63],"tool":false,"touchDistance":0.333333,"touchZone":"none","type":2,"width":18.7912},{"bases":[[[0.961888,-0.12987,-0.240634],[0.248322,0.783322,0.569862],[0.114486,-0.607898,0.785718]],[[0.956084,-0.103643,-0.274156],[-0.0772118,0.813282,-0.576724],[0.28274,0.572565,0.769564]],[[0.956084,-0.103643,-0.274156],[-0.290958,-0.448312,-0.845198],[-0.0353081,0.887848,-0.45878]],[[0.956084,-0.103643,-0.274156],[-0.206831,-0.901334,-0.38055],[-0.207664,0.420542,-0.883187]]],"btipPosition":[-12.0486,220.771,-5.36582],"carpPosition":[2.73529,240.51,48.435],"dipPosition":[-15.8865,228.543,-21.6884],"direction":[0.0353081,-0.887848,0.45878],"extended":false,"handId":367,"id":3673,"length":63.7298,"mcpPosition":[-4.35833,278.176,-0.24872],"pipPosition":[-16.854,252.871,-34.2597],"stabilizedTipPosition":[-14.414,224.254,-46.2814],"timeVisible":6.28179,"tipPosition":[-13.2166,222.798,-10.2268],"tipVelocity":[-16.0343,-27.6096,125.378],"tool":false,"touchDistance":0.333333,"touchZone":"none","type":3,"width":17.881},{"bases":[[[0.914333,-0.326985,-0.238906],[0.404041,0.696783,0.59266],[-0.0273255,-0.638416,0.769206]],[[0.911837,-0.255203,-0.321598],[0.0533861,0.850382,-0.52345],[0.407067,0.460132,0.789034]],[[0.911837,-0.255203,-0.321598],[-0.394773,-0.32993,-0.857497],[0.112731,0.908855,-0.40159]],[[0.911837,-0.255203,-0.321598],[-0.3792,-0.823753,-0.421472],[-0.157357,0.506263,-0.847901]]],"btipPosition":[2.01997,229.427,-7.21529],"carpPosition":[14.1882,235.119,42.2746],"dipPosition":[-0.662944,238.059,-21.6719],"direction":[-0.112731,-0.908855,0.40159],"extended":false,"handId":367,"id":3674,"length":49.963,"mcpPosition":[15.7555,271.736,-1.84428],"pipPosition":[1.51803,255.642,-29.4413],"stabilizedTipPosition":[1.17879,232.002,-45.3863],"timeVisible":6.28179,"tipPosition":[1.24195,231.546,-11.1638],"tipVelocity":[-23.0315,-22.2893,122.698],"tool":false,"touchDistance":0.333333,"touchZone":"none","type":4,"width":15.8833}],"r":[[0.793046,0.249861,0.55556],[-0.348271,0.934227,0.076982],[-0.499785,-0.254536,0.827905]],"s":1.14263,"t":[84.7826,34.7729,-128.937],"timestamp":15489839326},false],[4,{"currentFrameRate":105.044,"devices":[],"gestures":[],"hands":[{"armBasis":[[0.95366,0.147044,-0.262509],[-0.051565,0.939414,0.338883],[0.296436,-0.309643,0.903464]],"armWidth":63.029,"confidence":0.551123,"direction":[-0.229469,0.705165,-0.670885],"elbow":[79.7847,143.507,292.365],"grabStrength":0,"id":367,"palmNormal":[-0.056999,-0.697831,-0.713991],"palmPosition":[-19.2119,259.941,13.6994],"palmVelocity":[-49.2228,-15.9797,104.948],"palmWidth":90.0033,"pinchStrength":0.535142,"r":[[0.790352,0.254628,0.557232],[-0.353107,0.932598,0.0746792],[-0.500658,-0.255786,0.826992]],"s":1.14465,"sphereCenter":[-20.7314,244.246,-30.9256],"sphereRadius":48.1245,"stabilizedPalmPosition":[-16.8694,263.2,-20.2767],"t":[84.2138,34.7084,-128.055],"timeVisible":6.29075,"type":"right","wrist":[0.614915,226.204,51.0749]}],"id":1184715,"interactionBox":{"center":[0,200,0],"size":[235.247,235.247,147.751]},"pointables":[{"bases":[[[0.397192,0.8123,0.427092],[-0.66693,-0.0642023,0.742349],[0.63043,-0.579696,0.516247]],[[0.215786,0.936947,0.274895],[-0.685398,-0.0551742,0.726075],[0.695461,-0.345089,0.630276]],[[0.215786,0.936947,0.274895],[-0.961299,0.15446,0.228137],[0.171292,-0.313485,0.934016]],[[0.215786,0.936947,0.274895],[-0.936351,0.278398,-0.213874],[-0.276919,-0.211247,0.937385]]],"btipPosition":[-60.3223,245.323,-32.9543],"carpPosition":[-26.6166,212.821,51.3672],"dipPosition":[-66.7329,240.433,-11.254],"direction":[-0.171292,0.313485,-0.934016],"extended":false,"handId":367,"id":3670,"length":51.5512,"mcpPosition":[-26.6166,212.821,51.3672],"pipPosition":[-60.9559,229.86,20.2465],"stabilizedTipPosition":[-54.6774,239.515,-61.4378],"timeVisible":6.29075,"tipPosition":[-60.783,243.061,-28.804],"tipVelocity":[-56.7223,12.7854,149.763],"tool":false,"touchDistance":0.396171,"touchZone":"hovering","type":0,"width":20.0304},{"bases":[[[0.919324,0.242214,-0.310123],[-0.00138834,0.790101,0.612975],[0.3935,-0.563091,0.726695]],[[0.970239,0.149494,-0.190494],[-0.0108807,0.8128,0.582441],[0.241905,-0.563034,0.790237]],[[0.970239,0.149494,-0.190494],[-0.0605359,0.911444,0.406946],[0.23446,-0.383303,0.893368]],[[0.970239,0.149494,-0.190494],[-0.098051,0.961845,0.255423],[0.22141,-0.229143,0.947877]]],"btipPosition":[-68.4546,312.724,-67.366],"carpPosition":[-20.1913,234.784,56.4776],"dipPosition":[-64.7127,308.852,-51.3466],"direction":[-0.23446,0.383303,-0.893368],"extended":true,"handId":367,"id":3671,"length":58.1698,"mcpPosition":[-48.827,275.761,3.59465],"pipPosition":[-59.1071,299.688,-29.9877],"stabilizedTipPosition":[-64.1962,319.748,-91.3964],"timeVisible":6.29075,"tipPosition":[-67.036,312.197,-63.5687],"tipVelocity":[-83.6998,-58.725,88.1955],"tool":false,"touchDistance":0.36352,"touchZone":"hovering","type":1,"width":19.133},{"bases":[[[0.950711,0.0256459,-0.309015],[0.162694,0.807122,0.567526],[0.263968,-0.589828,0.763167]],[[0.947153,0.0334108,-0.319038],[-0.212245,0.811009,-0.545175],[0.240528,0.584078,0.775241]],[[0.947153,0.0334108,-0.319038],[-0.274006,-0.432889,-0.858795],[-0.166801,0.900828,-0.400857]],[[0.947153,0.0334108,-0.319038],[-0.113939,-0.89467,-0.431953],[-0.299866,0.445476,-0.843582]]],"btipPosition":[-28.7651,218.599,-9.32328],"carpPosition":[-9.34626,239.36,53.3497],"dipPosition":[-34.3391,226.879,-25.004],"direction":[0.166801,-0.900828,0.400857],"extended":false,"handId":367,"id":3672,"length":66.2798,"mcpPosition":[-27.5631,280.065,0.682425],"pipPosition":[-39.0309,252.218,-36.2793],"stabilizedTipPosition":[-29.3746,217.923,-42.4725],"timeVisible":6.29075,"tipPosition":[-29.9492,219.91,-12.9314],"tipVelocity":[-20.7236,-19.6439,103.696],"tool":false,"touchDistance":0.333333,"touchZone":"none","type":2,"width":18.7912},{"bases":[[[0.964206,-0.122349,-0.235238],[0.238534,0.787678,0.568036],[0.115793,-0.603817,0.788668]],[[0.958458,-0.0967496,-0.268323],[-0.0858346,0.799278,-0.594801],[0.272011,0.593123,0.75777]],[[0.958458,-0.0967496,-0.268323],[-0.281635,-0.469937,-0.836565],[-0.0451577,0.877382,-0.477663]],[[0.958458,-0.0967496,-0.268323],[-0.194941,-0.908915,-0.368606],[-0.20822,0.405601,-0.890018]]],"btipPosition":[-12.0299,220.53,-3.31952],"carpPosition":[2.08065,240.868,49.4991],"dipPosition":[-15.8782,228.026,-19.7683],"direction":[0.0451577,-0.877382,0.477663],"extended":false,"handId":367,"id":3673,"length":63.7298,"mcpPosition":[-5.09398,278.281,0.632672],"pipPosition":[-17.1155,252.068,-32.857],"stabilizedTipPosition":[-14.414,224.254,-46.2807],"timeVisible":6.29075,"tipPosition":[-13.2283,222.578,-8.37265],"tipVelocity":[-11.148,-29.3379,152.643],"tool":false,"touchDistance":0.333333,"touchZone":"none","type":3,"width":17.881},{"bases":[[[0.918372,-0.319866,-0.232978],[0.394886,0.702598,0.591964],[-0.0256592,-0.635643,0.771557]],[[0.915715,-0.248838,-0.315509],[0.0488987,0.848355,-0.527165],[0.398842,0.467305,0.789019]],[[0.915715,-0.248838,-0.315509],[-0.387225,-0.336707,-0.858304],[0.107344,0.908135,-0.404684]],[[0.915715,-0.248838,-0.315509],[-0.370025,-0.828339,-0.420637],[-0.156678,0.50193,-0.850599]]],"btipPosition":[1.72819,229.54,-6.10015],"carpPosition":[13.6117,235.553,43.4182],"dipPosition":[-0.943156,238.098,-20.6028],"direction":[-0.107345,-0.908135,0.404684],"extended":false,"handId":367,"id":3674,"length":49.963,"mcpPosition":[15.0834,272.012,-0.835522],"pipPosition":[1.13361,255.667,-28.4321],"stabilizedTipPosition":[1.17879,232.002,-45.3858],"timeVisible":6.29075,"tipPosition":[0.964678,231.643,-10.0495],"tipVelocity":[-25.5536,-13.2668,122.834],"tool":false,"touchDistance":0.333333,"touchZone":"none","type":4,"width":15.8833}],"r":[[0.790352,0.254628,0.557232],[-0.353107,0.932598,0.0746792],[-0.500658,-0.255786,0.826992]],"s":1.14465,"t":[84.2138,34.7084,-128.055],"timestamp":15489848292},false],[5,{"currentFrameRate":105.26,"devices":[],"gestures":[],"hands":[{"armBasis":[[0.951974,0.157376,-0.262636],[-0.0590304,0.936035,0.346921],[0.300433,-0.314756,0.900371]],"armWidth":63.029,"confidence":0.561201,"direction":[-0.232102,0.701133,-0.674196],"elbow":[80.2723,142.515,292.527],"grabStrength":0,"id":367,"palmNormal":[-0.0468806,-0.700382,-0.712227],"palmPosition":[-19.8886,260.027,14.4812],"palmVelocity":[-56.1926,-8.92519,99.6755],"palmWidth":90.0033,"pinchStrength":0.515198,"r":[[0.787107,0.260169,0.559263],[-0.358709,0.930677,0.0718959],[-0.501788,-0.257202,0.825867]],"s":1.14752,"sphereCenter":[-21.8246,244.145,-29.9159],"sphereRadius":48.0759,"stabilizedPalmPosition":[-16.8696,263.2,-20.2736],"t":[83.5911,34.7192,-127.222],"timeVisible":6.29985,"type":"right","wrist":[0.0349896,226.578,52.0629]}],"id":1184716,"interactionBox":{"center":[0,200,0],"size":[235.247,235.247,147.751]},"pointables":[{"bases":[[[0.387594,0.817056,0.426837],[-0.67036,-0.0680097,0.738913],[0.632763,-0.572533,0.521361]],[[0.215064,0.935243,0.281191],[-0.680675,-0.062921,0.729878],[0.700306,-0.348371,0.623065]],[[0.215064,0.935243,0.281191],[-0.959882,0.149383,0.2373],[0.179927,-0.320945,0.92985]],[[0.215064,0.935243,0.281191],[-0.936169,0.279419,-0.213335],[-0.278091,-0.217362,0.935638]]],"btipPosition":[-61.2862,246.01,-31.5372],"carpPosition":[-27.0772,212.952,52.2472],"dipPosition":[-67.7239,240.978,-9.87738],"direction":[-0.179927,0.320945,-0.92985],"extended":false,"handId":367,"id":3670,"length":51.5512,"mcpPosition":[-27.0772,212.952,52.2472],"pipPosition":[-61.6557,230.153,21.4826],"stabilizedTipPosition":[-54.6796,239.516,-61.4283],"timeVisible":6.29985,"tipPosition":[-61.6892,243.623,-27.463],"tipVelocity":[-70.5505,29.1628,151.137],"tool":false,"touchDistance":0.411004,"touchZone":"hovering","type":0,"width":20.0304},{"bases":[[[0.918798,0.249526,-0.305854],[-0.0117777,0.791834,0.610623],[0.394552,-0.557437,0.730474]],[[0.96883,0.160153,-0.188994],[-0.0219578,0.815433,0.578435],[0.24675,-0.556256,0.793532]],[[0.96883,0.160153,-0.188994],[-0.0725753,0.912941,0.401586],[0.236856,-0.375352,0.896108]],[[0.96883,0.160153,-0.188994],[-0.11044,0.962141,0.249172],[0.221745,-0.220533,0.949839]]],"btipPosition":[-69.4848,311.892,-67.0298],"carpPosition":[-20.8761,234.986,57.3275],"dipPosition":[-65.7372,308.165,-50.9772],"direction":[-0.236856,0.375353,-0.896108],"extended":true,"handId":367,"id":3671,"length":58.1698,"mcpPosition":[-49.5884,275.552,4.16961],"pipPosition":[-60.0744,299.191,-29.5528],"stabilizedTipPosition":[-64.2165,319.708,-91.2673],"timeVisible":6.29985,"tipPosition":[-68.0026,311.45,-63.2217],"tipVelocity":[-91.8412,-66.7822,74.2271],"tool":false,"touchDistance":0.365659,"touchZone":"hovering","type":1,"width":19.133},{"bases":[[[0.952112,0.0332512,-0.303938],[0.152391,0.810189,0.566014],[0.265067,-0.585225,0.766323]],[[0.948568,0.0408922,-0.313921],[-0.216386,0.807561,-0.548655],[0.231075,0.588365,0.774875]],[[0.948568,0.0408922,-0.313921],[-0.265251,-0.438614,-0.858638],[-0.172802,0.897745,-0.405208]],[[0.948568,0.0408922,-0.313921],[-0.103193,-0.897521,-0.428728],[-0.299282,0.439072,-0.84714]]],"btipPosition":[-28.9416,218.573,-8.43988],"carpPosition":[-10.0555,239.651,54.2449],"dipPosition":[-34.5047,226.734,-24.1867],"direction":[0.172802,-0.897745,0.405208],"extended":false,"handId":367,"id":3672,"length":66.2798,"mcpPosition":[-28.3482,280.038,1.35987],"pipPosition":[-39.3653,251.986,-35.5844],"stabilizedTipPosition":[-29.3746,217.924,-42.4715],"timeVisible":6.29985,"tipPosition":[-30.123,219.863,-12.0721],"tipVelocity":[-20.2785,-15.8184,101.402],"tool":false,"touchDistance":0.333333,"touchZone":"none","type":2,"width":18.7912},{"bases":[[[0.966526,-0.114403,-0.229652],[0.228397,0.791425,0.566992],[0.116887,-0.600465,0.791062]],[[0.960803,-0.0892348,-0.262477],[-0.0921342,0.790187,-0.605901],[0.261473,0.606335,0.750992]],[[0.960803,-0.0892348,-0.262477],[-0.272201,-0.483192,-0.832125],[-0.0525721,0.870955,-0.488542]],[[0.960803,-0.0892348,-0.262477],[-0.183896,-0.913644,-0.362542],[-0.207459,0.3966,-0.894242]]],"btipPosition":[-12.1453,220.462,-1.83946],"carpPosition":[1.37829,241.249,50.4518],"dipPosition":[-15.9794,227.792,-18.3663],"direction":[0.0525721,-0.870955,0.488542],"extended":false,"handId":367,"id":3673,"length":63.7298,"mcpPosition":[-5.86411,278.455,1.43704],"pipPosition":[-17.4199,251.658,-31.7531],"stabilizedTipPosition":[-14.414,224.254,-46.2801],"timeVisible":6.29985,"tipPosition":[-13.3382,222.501,-6.94198],"tipVelocity":[-11.4719,-24.4349,154.872],"tool":false,"touchDistance":0.333333,"touchZone":"none","type":3,"width":17.881},{"bases":[[[0.922445,-0.312314,-0.227057],[0.385371,0.707817,0.592017],[-0.0241803,-0.633604,0.773279]],[[0.919852,-0.243765,-0.307328],[0.0424048,0.840673,-0.53988],[0.389966,0.483578,0.783632]],[[0.919852,-0.243765,-0.307328],[-0.379294,-0.35292,-0.855326],[0.100036,0.903342,-0.417093]],[[0.919852,-0.243765,-0.307328],[-0.360051,-0.835611,-0.41487],[-0.155676,0.492273,-0.856407]]],"btipPosition":[1.45568,229.578,-4.64049],"carpPosition":[12.9893,236.021,44.4492],"dipPosition":[-1.19857,237.972,-19.2421],"direction":[-0.100036,-0.903342,0.417093],"extended":false,"handId":367,"id":3674,"length":49.963,"mcpPosition":[14.3762,272.362,0.0966339],"pipPosition":[0.736797,255.448,-27.3115],"stabilizedTipPosition":[1.17878,232.002,-45.3854],"timeVisible":6.29985,"tipPosition":[0.702457,231.71,-8.71274],"tipVelocity":[-26.652,-9.57218,132.557],"tool":false,"touchDistance":0.333333,"touchZone":"none","type":4,"width":15.8833}],"r":[[0.787107,0.260169,0.559263],[-0.358709,0.930677,0.0718959],[-0.501788,-0.257202,0.825867]],"s":1.14752,"t":[83.5911,34.7192,-127.222],"timestamp":15489857391},false],[6,{"currentFrameRate":105.486,"devices":[],"gestures":[],"hands":[{"armBasis":[[0.947607,0.179717,-0.264089],[-0.0766565,0.930506,0.358166],[0.310105,-0.319156,0.89553]],"armWidth":63.029,"confidence":0.572557,"direction":[-0.239051,0.696906,-0.676149],"elbow":[82.1212,142.002,292.414],"grabStrength":0,"id":367,"palmNormal":[-0.0274483,-0.700909,-0.712722],"palmPosition":[-20.9038,260.325,15.4883],"palmVelocity":[-71.6163,2.59215,102.848],"palmWidth":90.0033,"pinchStrength":0.49323,"r":[[0.782485,0.267485,0.562288],[-0.366755,0.927752,0.0690411],[-0.503197,-0.260246,0.824054]],"s":1.15058,"sphereCenter":[-22.9365,244.341,-28.7505],"sphereRadius":48.0103,"stabilizedPalmPosition":[-16.8703,263.2,-20.2679],"t":[82.7722,34.8731,-126.302],"timeVisible":6.30891,"type":"right","wrist":[-0.699137,227.24,53.2424]}],"id":1184717,"interactionBox":{"center":[0,200,0],"size":[235.247,235.247,147.751]},"pointables":[{"bases":[[[0.368478,0.823992,0.430419],[-0.67558,-0.0807032,0.732857],[0.638604,-0.560824,0.526935]],[[0.203868,0.934789,0.290875],[-0.678259,-0.0793923,0.730521],[0.705976,-0.346218,0.617843]],[[0.203868,0.934789,0.290875],[-0.961046,0.134454,0.241481],[0.186625,-0.328774,0.925785]],[[0.203868,0.934789,0.290875],[-0.93786,0.271705,-0.215857],[-0.280813,-0.228794,0.932093]]],"btipPosition":[-62.2054,246.591,-30.1261],"carpPosition":[-27.5536,213.112,53.1814],"dipPosition":[-68.7062,241.295,-8.54835],"direction":[-0.186625,0.328774,-0.925785],"extended":false,"handId":367,"id":3670,"length":51.5512,"mcpPosition":[-27.5536,213.112,53.1814],"pipPosition":[-62.4121,230.207,22.6746],"stabilizedTipPosition":[-54.6829,239.518,-61.4151],"timeVisible":6.30891,"tipPosition":[-62.5851,244.093,-26.1184],"tipVelocity":[-79.5286,36.9915,151.836],"tool":false,"touchDistance":0.424121,"touchZone":"hovering","type":0,"width":20.0304},{"bases":[[[0.916703,0.266674,-0.297558],[-0.0319878,0.791285,0.61061],[0.398288,-0.55023,0.733903]],[[0.966123,0.181012,-0.18396],[-0.0434434,0.816687,0.575443],[0.2544,-0.547956,0.796884]],[[0.966123,0.181012,-0.18396],[-0.0955108,0.912957,0.396721],[0.239759,-0.365711,0.899317]],[[0.966123,0.181012,-0.18396],[-0.133739,0.960764,0.242994],[0.220727,-0.21016,0.952425]]],"btipPosition":[-71.0673,310.879,-66.5493],"carpPosition":[-21.8095,235.256,58.3204],"dipPosition":[-67.3369,307.327,-50.453],"direction":[-0.239759,0.365711,-0.899317],"extended":true,"handId":367,"id":3671,"length":58.1698,"mcpPosition":[-50.7936,275.297,4.9129],"pipPosition":[-61.6047,298.583,-28.9519],"stabilizedTipPosition":[-64.264,319.631,-91.0419],"timeVisible":6.30891,"tipPosition":[-69.5396,310.577,-62.7021],"tipVelocity":[-114.833,-78.0036,68.6799],"tool":false,"touchDistance":0.369784,"touchZone":"hovering","type":1,"width":19.133},{"bases":[[[0.954016,0.0510562,-0.295375],[0.132204,0.812706,0.567478],[0.269026,-0.580433,0.768585]],[[0.950478,0.0585157,-0.305233],[-0.227025,0.801448,-0.553299],[0.212252,0.595194,0.775044]],[[0.950478,0.0585157,-0.305233],[-0.248069,-0.448798,-0.858511],[-0.187225,0.891715,-0.412057]],[[0.950478,0.0585157,-0.305233],[-0.0807974,-0.901823,-0.424485],[-0.300105,0.428125,-0.852435]]],"btipPosition":[-28.8912,218.761,-7.22213],"carpPosition":[-11.0503,240.122,55.3357],"dipPosition":[-34.4696,226.719,-23.0674],"direction":[0.187225,-0.891715,0.412057],"extended":false,"handId":367,"id":3672,"length":66.2798,"mcpPosition":[-29.6162,280.178,2.29458],"pipPosition":[-39.7359,251.801,-34.6577],"stabilizedTipPosition":[-29.3746,217.924,-42.4708],"timeVisible":6.30891,"tipPosition":[-30.1056,220.046,-10.9815],"tipVelocity":[-13.25,-7.15471,109.826],"tool":false,"touchDistance":0.333333,"touchZone":"none","type":2,"width":18.7912},{"bases":[[[0.970509,-0.0963273,-0.220985],[0.208535,0.795359,0.569136],[0.120939,-0.598435,0.791991]],[[0.964632,-0.0713276,-0.253768],[-0.101523,0.787905,-0.607371],[0.243267,0.611652,0.752796]],[[0.964632,-0.0713276,-0.253768],[-0.255618,-0.488245,-0.834432],[-0.0643827,0.869787,-0.489209]],[[0.964632,-0.0713276,-0.253768],[-0.163686,-0.916684,-0.364552],[-0.206622,0.393196,-0.895937]]],"btipPosition":[-12.2765,220.881,-0.733311],"carpPosition":[0.385318,241.934,51.6457],"dipPosition":[-16.0952,228.148,-17.2915],"direction":[0.0643827,-0.869787,0.489209],"extended":false,"handId":367,"id":3673,"length":63.7298,"mcpPosition":[-7.10814,279.014,2.57332],"pipPosition":[-17.8594,251.982,-30.6966],"stabilizedTipPosition":[-14.4139,224.254,-46.2797],"timeVisible":6.30891,"tipPosition":[-13.4496,222.899,-5.80577],"tipVelocity":[-12.1959,-5.36489,145.601],"tool":false,"touchDistance":0.333333,"touchZone":"none","type":3,"width":17.881},{"bases":[[[0.930097,-0.295026,-0.218815],[0.366806,0.714679,0.595557],[-0.0193222,-0.634188,0.772938]],[[0.927278,-0.229338,-0.295905],[0.0289164,0.831914,-0.55415],[0.373255,0.505295,0.778047]],[[0.927278,-0.229338,-0.295905],[-0.364712,-0.37497,-0.852281],[0.0845046,0.898221,-0.431344]],[[0.927278,-0.229338,-0.295905],[-0.340059,-0.846546,-0.409537],[-0.156575,0.480379,-0.862972]]],"btipPosition":[1.23301,230.058,-2.74042],"carpPosition":[12.145,236.924,45.7467],"dipPosition":[-1.43657,238.248,-17.454],"direction":[-0.0845046,-0.898221,0.431344],"extended":false,"handId":367,"id":3674,"length":49.963,"mcpPosition":[13.2532,273.299,1.41373],"pipPosition":[0.198314,255.626,-25.7991],"stabilizedTipPosition":[1.17878,232.002,-45.3851],"timeVisible":6.30891,"tipPosition":[0.475943,232.222,-6.98026],"tipVelocity":[-26.1865,6.25581,153.08],