{"sensorType":"Leap","data":[[0,{"currentFrameRate":103.416,"devices":[],"gestures":[],"hands":[{"armBasis":[[0.935484,0.18522,-0.300938],[-0.0701582,0.932022,0.355547],[0.346336,-0.311495,0.884886]],"armWidth":63.029,"confidence":0.63356,"direction":[-0.12348,0.781856,-0.611108],"elbow":[78.8544,138.495,280.343],"grabStrength":0,"id":367,"palmNormal":[0.00695125,-0.615124,-0.788399],"palmPosition":[-27.6904,260.054,8.53555],"palmVelocity":[-10.9276,-25.2404,168.398],"palmWidth":90.0033,"pinchStrength":0.369824,"r":[[0.703458,0.186621,0.685799],[-0.35176,0.929865,0.107781],[-0.617586,-0.317056,0.719766]],"s":1.2048,"sphereCenter":[-55.7175,251.207,-28.9368],"sphereRadius":49.1261,"stabilizedPalmPosition":[-25.2479,265.237,-15.889],"t":[75.254,34.9373,-134.007],"timeVisible":2.86521,"type":"right","wrist":[-13.6423,221.686,44.0148]}],"id":1184342,"interactionBox":{"center":[0,200,0],"size":[235.247,235.247,147.751]},"pointables":[{"bases":[[[0.368996,0.743633,0.557541],[-0.753534,-0.111805,0.647832],[0.544085,-0.659174,0.519097]],[[0.101455,0.953849,0.282627],[-0.768841,-0.105114,0.630742],[0.631341,-0.281287,0.722694]],[[0.101455,0.953849,0.282627],[-0.993083,0.0802244,0.0857341],[0.0591039,-0.28937,0.955391]],[[0.101455,0.953849,0.282627],[-0.965689,0.162692,-0.202424],[-0.239063,-0.252393,0.937628]]],"btipPosition":[-68.7648,239.095,-49.9617],"carpPosition":[-41.1325,209.604,39.6495],"dipPosition":[-74.2991,233.252,-28.2558],"direction":[-0.0591039,0.28937,-0.955391],"extended":false,"handId":367,"id":3670,"length":51.5512,"mcpPosition":[-41.1325,209.604,39.6495],"pipPosition":[-72.3057,223.492,3.96556],"stabilizedTipPosition":[-63.5714,235.965,-72.1203],"timeVisible":2.86521,"tipPosition":[-70.6467,237.421,-44.8743],"tipVelocity":[-25.5938,7.77625,171.42],"tool":false,"touchDistance":0.503288,"touchZone":"hovering","type":0,"width":20.0304},{"bases":[[[0.957503,0.231432,-0.172126],[-0.0496468,0.720123,0.692068],[0.284119,-0.654112,0.70101]],[[0.890171,0.346125,-0.296298],[-0.10772,0.79175,0.601272],[0.442709,-0.503318,0.742078]],[[0.890171,0.346125,-0.296298],[-0.190658,0.873609,0.447725],[0.413817,-0.34206,0.843653]],[[0.890171,0.346125,-0.296298],[-0.249627,0.914516,0.318349],[0.381158,-0.209421,0.900478]]],"btipPosition":[-90.482,311.294,-70.0708],"carpPosition":[-34.6572,230.587,47.8673],"dipPosition":[-84.0404,307.755,-54.8524],"direction":[-0.413817,0.34206,-0.843653],"extended":true,"handId":367,"id":3671,"length":58.1698,"mcpPosition":[-55.3331,278.188,-3.14639],"pipPosition":[-74.1467,299.577,-34.6821],"stabilizedTipPosition":[-77.1414,312.035,-100.099],"timeVisible":2.86521,"tipPosition":[-88.7815,311.379,-66.2122],"tipVelocity":[-25.2886,-20.523,192.537],"tool":false,"touchDistance":0.545264,"touchZone":"hovering","type":1,"width":19.133},{"bases":[[[0.981425,0.0147546,-0.191276],[0.119195,0.734346,0.668227],[0.150322,-0.678615,0.718947]],[[0.980128,0.0204541,-0.197308],[-0.136563,0.791002,-0.596377],[0.143873,0.611471,0.778077]],[[0.980128,0.0204541,-0.197308],[-0.165328,-0.465413,-0.869516],[-0.109615,0.884858,-0.452782]],[[0.980128,0.0204541,-0.197308],[-0.0731612,-0.887272,-0.455408],[-0.184381,0.460793,-0.868143]]],"btipPosition":[-34.0926,219.193,-11.2891],"carpPosition":[-23.3697,234.969,46.5503],"dipPosition":[-37.5199,227.758,-27.4264],"direction":[0.109615,-0.884858,0.452782],"extended":false,"handId":367,"id":3672,"length":66.2798,"mcpPosition":[-33.7436,281.801,-3.0653],"pipPosition":[-40.6032,252.648,-40.1622],"stabilizedTipPosition":[-28.7415,222.163,-41.8357],"timeVisible":2.86521,"tipPosition":[-35.0853,220.824,-15.7805],"tipVelocity":[-21.3447,-8.05286,153.389],"tool":false,"touchDistance":0.333333,"touchZone":"none","type":2,"width":18.7912},{"bases":[[[0.981053,-0.14067,-0.133218],[0.19374,0.711517,0.675432],[-0.000226175,-0.688444,0.725289]],[[0.98087,-0.127182,-0.147375],[0.00421265,0.770758,-0.637114],[0.19462,0.624305,0.756549]],[[0.98087,-0.127182,-0.147375],[-0.191121,-0.485365,-0.853167],[0.0369769,0.865012,-0.500387]],[[0.98087,-0.127182,-0.147375],[-0.179221,-0.885522,-0.428638],[-0.0759884,0.446851,-0.891375]]],"btipPosition":[-19.714,219.456,-3.94092],"carpPosition":[-11.5179,236.352,44.249],"dipPosition":[-21.1183,227.715,-20.4148],"direction":[-0.0369769,-0.865012,0.500387],"extended":false,"handId":367,"id":3673,"length":63.7298,"mcpPosition":[-11.5039,279.009,-0.690415],"pipPosition":[-20.1051,251.417,-34.1262],"stabilizedTipPosition":[-14.742,223.303,-32.5828],"timeVisible":2.86521,"tipPosition":[-20.2147,220.98,-8.41241],"tipVelocity":[-19.8334,-13.2544,148.838],"tool":false,"touchDistance":0.333333,"touchZone":"none","type":3,"width":17.881},{"bases":[[[0.928845,-0.335021,-0.158136],[0.343185,0.617339,0.707896],[-0.139537,-0.711795,0.688387]],[[0.901105,-0.429044,-0.0626925],[0.310052,0.738651,-0.598551],[0.303113,0.519919,0.798628]],[[0.901105,-0.429044,-0.0626925],[-0.247453,-0.390123,-0.886888],[0.356057,0.814693,-0.45771]],[[0.901105,-0.429044,-0.0626925],[-0.40537,-0.782267,-0.473005],[0.153898,0.451641,-0.878826]]],"btipPosition":[-11.627,230.369,-4.57149],"carpPosition":[0.483745,231.189,39.0055],"dipPosition":[-9.00306,238.069,-19.5554],"direction":[-0.356057,-0.814693,0.45771],"extended":false,"handId":367,"id":3674,"length":49.963,"mcpPosition":[8.48706,272.015,-0.477935],"pipPosition":[-2.11453,253.831,-28.4106],"stabilizedTipPosition":[-5.70373,235.482,-32.1144],"timeVisible":2.86521,"tipPosition":[-11.1925,231.878,-8.64246],"tipVelocity":[-17.7644,-16.24,150.2],"tool":false,"touchDistance":0.333333,"touchZone":"none","type":4,"width":15.8833}],"r":[[0.703458,0.186621,0.685799],[-0.35176,0.929865,0.107781],[-0.617586,-0.317056,0.719766]],"s":1.2048,"t":[75.254,34.9373,-134.007],"timestamp":15486422751},false],[1,{"currentFrameRate":103.653,"devices":[],"gestures":[],"hands":[{"armBasis":[[0.934845,0.18854,-0.300862],[-0.0733011,0.931594,0.356034],[0.347408,-0.310783,0.884716]],"armWidth":63.029,"confidence":0.640361,"direction":[-0.127067,0.78176,-0.610496],"elbow":[79.189,138.702,281.841],"grabStrength":0,"id":367,"palmNormal":[0.00842582,-0.614612,-0.788785],"palmPosition":[-27.8239,260.04,10.1179],"palmVelocity":[-11.9297,-18.6064,169.405],"palmWidth":90.0033,"pinchStrength":0.369569,"r":[[0.705293,0.184186,0.684571],[-0.351357,0.92953,0.1119],[-0.615719,-0.319451,0.720306]],"s":1.20294,"sphereCenter":[-55.3993,250.901,-27.5463],"sphereRadius":48.9443,"stabilizedPalmPosition":[-25.248,265.237,-15.888],"t":[75.1436,34.84,-132.38],"timeVisible":2.87441,"type":"right","wrist":[-13.594,221.704,45.5586]}],"id":1184343,"interactionBox":{"center":[0,200,0],"size":[235.247,235.247,147.751]},"pointables":[{"bases":[[[0.36679,0.744674,0.557607],[-0.75242,-0.115033,0.648561],[0.54711,-0.657441,0.518114]],[[0.0984842,0.953917,0.283449],[-0.765312,-0.10946,0.634283],[0.63608,-0.279394,0.719264]],[[0.0984842,0.953917,0.283449],[-0.993203,0.0764624,0.0877619],[0.0620444,-0.290165,0.954963]],[[0.0984842,0.953917,0.283449],[-0.966505,0.159524,-0.20105],[-0.237002,-0.254154,0.937676]]],"btipPosition":[-69.0564,238.985,-48.2135],"carpPosition":[-41.0432,209.52,41.2151],"dipPosition":[-74.543,233.102,-26.5065],"direction":[-0.0620444,0.290165,-0.954963],"extended":false,"handId":367,"id":3670,"length":51.5512,"mcpPosition":[-41.0432,209.52,41.2151],"pipPosition":[-72.4505,223.316,5.70046],"stabilizedTipPosition":[-63.5715,235.965,-72.1199],"timeVisible":2.87441,"tipPosition":[-70.8186,237.315,-43.1802],"tipVelocity":[-26.9672,1.99731,176.632],"tool":false,"touchDistance":0.512519,"touchZone":"hovering","type":0,"width":20.0304},{"bases":[[[0.956443,0.235135,-0.172998],[-0.051618,0.719508,0.692563],[0.28732,-0.653467,0.700305]],[[0.888221,0.350081,-0.297501],[-0.114037,0.7953,0.595394],[0.445038,-0.494915,0.746324]],[[0.888221,0.350081,-0.297501],[-0.199897,0.877548,0.435833],[0.413648,-0.327647,0.849437]],[[0.888221,0.350081,-0.297501],[-0.260377,0.917118,0.301825],[0.378507,-0.190625,0.905757]]],"btipPosition":[-90.746,310.164,-68.8559],"carpPosition":[-34.6381,230.523,49.439],"dipPosition":[-84.3491,306.943,-53.5483],"direction":[-0.413648,0.327647,-0.849437],"extended":true,"handId":367,"id":3671,"length":58.1698,"mcpPosition":[-55.5469,278.077,-1.52354],"pipPosition":[-74.4595,299.109,-33.2397],"stabilizedTipPosition":[-77.1428,312.035,-100.095],"timeVisible":2.87441,"tipPosition":[-89.126,310.478,-64.8653],"tipVelocity":[-26.5542,-46.9283,176.242],"tool":false,"touchDistance":0.542602,"touchZone":"hovering","type":1,"width":19.133},{"bases":[[[0.981159,0.018561,-0.192307],[0.117144,0.734381,0.668553],[0.153636,-0.678484,0.71837]],[[0.979801,0.0243986,-0.198482],[-0.140177,0.791657,-0.594668],[0.14262,0.610479,0.779086]],[[0.979801,0.0243986,-0.198482],[-0.164558,-0.465584,-0.86957],[-0.113626,0.884667,-0.452165]],[[0.979801,0.0243986,-0.198482],[-0.07003,-0.887817,-0.454838],[-0.187313,0.45955,-0.868175]]],"btipPosition":[-34.0931,219.239,-9.75181],"carpPosition":[-23.3685,234.948,48.1126],"dipPosition":[-37.5749,227.781,-25.8896],"direction":[0.113626,-0.884667,0.452165],"extended":false,"handId":367,"id":3672,"length":66.2798,"mcpPosition":[-33.9712,281.771,-1.46311],"pipPosition":[-40.771,252.665,-38.6081],"stabilizedTipPosition":[-28.7415,222.163,-41.8354],"timeVisible":2.87441,"tipPosition":[-35.0896,220.852,-14.2014],"tipVelocity":[-15.7687,-4.56567,157.22],"tool":false,"touchDistance":0.333333,"touchZone":"none","type":2,"width":18.7912},{"bases":[[[0.981433,-0.1369,-0.134345],[0.191782,0.711827,0.675664],[0.00313184,-0.688883,0.724865]],[[0.981185,-0.123441,-0.148453],[0.000634435,0.770966,-0.636876],[0.193069,0.624799,0.756538]],[[0.981185,-0.123441,-0.148453],[-0.190226,-0.486605,-0.85266],[0.0330152,0.864857,-0.500932]],[[0.981185,-0.123441,-0.148453],[-0.176246,-0.886588,-0.427666],[-0.0788253,0.445784,-0.891663]]],"btipPosition":[-19.6991,219.511,-2.34329],"carpPosition":[-11.5245,236.377,45.7997],"dipPosition":[-21.1559,227.749,-18.8225],"direction":[-0.0330152,-0.864857,0.500932],"extended":false,"handId":367,"id":3673,"length":63.7298,"mcpPosition":[-11.7185,279.061,0.886485],"pipPosition":[-20.2512,251.448,-32.5488],"stabilizedTipPosition":[-14.7421,223.303,-32.5824],"timeVisible":2.87441,"tipPosition":[-20.2087,221.032,-6.81196],"tipVelocity":[-14.2,-8.02928,155.743],"tool":false,"touchDistance":0.333333,"touchZone":"none","type":3,"width":17.881},{"bases":[[[0.92993,-0.33143,-0.159326],[0.341614,0.618192,0.707911],[-0.136129,-0.712736,0.688097]],[[0.902532,-0.425899,-0.0636099],[0.307435,0.74071,-0.597354],[0.301529,0.519575,0.799451]],[[0.902532,-0.425899,-0.0636099],[-0.246651,-0.390195,-0.88708],[0.352986,0.816308,-0.457212]],[[0.902532,-0.425899,-0.0636099],[-0.40311,-0.783647,-0.472651],[0.151454,0.452225,-0.878951]]],"btipPosition":[-11.6588,230.467,-3.05638],"carpPosition":[0.490897,231.263,40.5402],"dipPosition":[-9.07655,238.177,-18.0424],"direction":[-0.352986,-0.816308,0.457212],"extended":false,"handId":367,"id":3674,"length":49.963,"mcpPosition":[8.29876,272.143,1.07347],"pipPosition":[-2.24744,253.97,-26.8879],"stabilizedTipPosition":[-5.7038,235.482,-32.114],"timeVisible":2.87441,"tipPosition":[-11.2296,231.971,-7.09421],"tipVelocity":[-14.054,-8.64032,154.237],"tool":false,"touchDistance":0.333333,"touchZone":"none","type":4,"width":15.8833}],"r":[[0.705293,0.184186,0.684571],[-0.351357,0.92953,0.1119],[-0.615719,-0.319451,0.720306]],"s":1.20294,"t":[75.1436,34.84,-132.38],"timestamp":15486431951},false],[2,{"currentFrameRate":104.024,"devices":[],"gestures":[],"hands":[{"armBasis":[[0.934749,0.191755,-0.299122],[-0.0766596,0.93088,0.35719],[0.34694,-0.310953,0.88484]],"armWidth":63.029,"confidence":0.644303,"direction":[-0.131264,0.784725,-0.605786],"elbow":[79.0823,138.55,282.998],"grabStrength":0,"id":367,"palmNormal":[0.00922427,-0.61008,-0.792286],"palmPosition":[-28.022,260.079,11.4881],"palmVelocity":[-14.7353,-12.3499,165.119],"palmWidth":90.0033,"pinchStrength":0.368835,"r":[[0.706886,0.182005,0.68351],[-0.351694,0.928852,0.116388],[-0.613697,-0.322659,0.720602]],"s":1.20094,"sphereCenter":[-55.2712,250.897,-26.3404],"sphereRadius":48.7982,"stabilizedPalmPosition":[-25.2481,265.237,-15.8872],"t":[74.9892,34.8107,-130.882],"timeVisible":2.88333,"type":"right","wrist":[-13.5756,221.597,46.6821]}],"id":1184344,"interactionBox":{"center":[0,200,0],"size":[235.247,235.247,147.751]},"pointables":[{"bases":[[[0.365034,0.742894,0.561122],[-0.750694,-0.121609,0.649362],[0.550644,-0.65827,0.513295]],[[0.0951507,0.952762,0.288427],[-0.762523,-0.116499,0.636386],[0.639926,-0.280485,0.715418]],[[0.0951507,0.952762,0.288427],[-0.993278,0.0716848,0.0908811],[0.0659123,-0.295136,0.953179]],[[0.0951507,0.952762,0.288427],[-0.967365,0.156853,-0.199005],[-0.234845,-0.260078,0.936593]]],"btipPosition":[-69.37,239.157,-46.8307],"carpPosition":[-40.9864,209.333,42.3228],"dipPosition":[-74.8066,233.136,-25.1487],"direction":[-0.0659123,0.295135,-0.953179],"extended":false,"handId":367,"id":3670,"length":51.5512,"mcpPosition":[-40.9864,209.333,42.3228],"pipPosition":[-72.5836,223.182,6.99807],"stabilizedTipPosition":[-63.5716,235.965,-72.1196],"timeVisible":2.88333,"tipPosition":[-71.0626,237.482,-41.8249],"tipVelocity":[-28.8502,5.7171,170.589],"tool":false,"touchDistance":0.515257,"touchZone":"hovering","type":0,"width":20.0304},{"bases":[[[0.955192,0.239787,-0.173521],[-0.0530076,0.715354,0.696748],[0.291201,-0.656331,0.696012]],[[0.886125,0.355386,-0.297461],[-0.119089,0.794903,0.594935],[0.447884,-0.491762,0.746706]],[[0.886125,0.355386,-0.297461],[-0.207124,0.877866,0.431799],[0.414586,-0.321017,0.851508]],[[0.886125,0.355386,-0.297461],[-0.268708,0.916931,0.295015],[0.377595,-0.18149,0.908011]]],"btipPosition":[-91.1639,309.715,-67.4326],"carpPosition":[-34.6457,230.313,50.6536],"dipPosition":[-84.7824,306.648,-52.0869],"direction":[-0.414586,0.321017,-0.851508],"extended":true,"handId":367,"id":3671,"length":58.1698,"mcpPosition":[-55.8369,278.075,0.00356624],"pipPosition":[-74.8704,298.973,-31.7288],"stabilizedTipPosition":[-77.1441,312.034,-100.091],"timeVisible":2.88333,"tipPosition":[-89.6043,310.144,-63.3645],"tipVelocity":[-32.1974,-46.7691,171.984],"tool":false,"touchDistance":0.543156,"touchZone":"hovering","type":1,"width":19.133},{"bases":[[[0.9807,0.0234228,-0.194111],[0.115648,0.731012,0.672494],[0.157649,-0.681963,0.714194]],[[0.979278,0.0294083,-0.200373],[-0.14453,0.794551,-0.589745],[0.141863,0.606484,0.782337]],[[0.979278,0.0294083,-0.200373],[-0.164437,-0.462072,-0.871464],[-0.118215,0.886355,-0.447661]],[[0.979278,0.0294083,-0.200373],[-0.0672113,-0.886131,-0.458535],[-0.191042,0.462501,-0.865792]]],"btipPosition":[-34.1628,219.408,-8.57173],"carpPosition":[-23.3958,234.789,49.3305],"dipPosition":[-37.7139,228.005,-24.6653],"direction":[0.118215,-0.886355,0.447661],"extended":false,"handId":367,"id":3672,"length":66.2798,"mcpPosition":[-34.2754,281.852,0.0429612],"pipPosition":[-41.0391,252.936,-37.2571],"stabilizedTipPosition":[-28.7416,222.163,-41.8351],"timeVisible":2.88333,"tipPosition":[-35.1735,221.035,-13.001],"tipVelocity":[-14.0906,2.21892,150.758],"tool":false,"touchDistance":0.333333,"touchZone":"none","type":2,"width":18.7912},{"bases":[[[0.981683,-0.132363,-0.137035],[0.190386,0.708705,0.679331],[0.00719951,-0.692977,0.720924]],[[0.981359,-0.118916,-0.150973],[-0.00306127,0.775802,-0.630969],[0.192158,0.619669,0.760977]],[[0.981359,-0.118916,-0.150973],[-0.189987,-0.481907,-0.855377],[0.0289628,0.868115,-0.495517]],[[0.981359,-0.118916,-0.150973],[-0.173677,-0.885102,-0.431777],[-0.0822816,0.449949,-0.889256]]],"btipPosition":[-19.7733,219.724,-1.28513],"carpPosition":[-11.5618,236.276,47.0026],"dipPosition":[-21.294,228.04,-17.7198],"direction":[-0.0289628,-0.868115,0.495517],"extended":false,"handId":367,"id":3673,"length":63.7298,"mcpPosition":[-12.0079,279.214,2.33368],"pipPosition":[-20.5004,251.827,-31.2978],"stabilizedTipPosition":[-14.7421,223.303,-32.5821],"timeVisible":2.88333,"tipPosition":[-20.2872,221.256,-5.6901],"tipVelocity":[-13.0475,1.21468,145.96],"tool":false,"touchDistance":0.333333,"touchZone":"none","type":3,"width":17.881},{"bases":[[[0.930876,-0.326945,-0.163024],[0.340639,0.615464,0.710752],[-0.132041,-0.717155,0.684291]],[[0.903939,-0.422293,-0.067549],[0.304065,0.745699,-0.592856],[0.30073,0.515366,0.802471]],[[0.903939,-0.422293,-0.067549],[-0.246693,-0.385862,-0.888962],[0.349338,0.820231,-0.452973]],[[0.903939,-0.422293,-0.067549],[-0.40119,-0.782637,-0.475947],[0.148123,0.457327,-0.876876]]],"btipPosition":[-11.7662,230.68,-1.91062],"carpPosition":[0.462642,231.238,41.6907],"dipPosition":[-9.24074,238.478,-16.8613],"direction":[-0.349337,-0.820231,0.452973],"extended":false,"handId":367,"id":3674,"length":49.963,"mcpPosition":[8.03605,272.372,2.44224],"pipPosition":[-2.48221,254.346,-25.6248],"stabilizedTipPosition":[-5.70386,235.482,-32.1138],"timeVisible":2.88333,"tipPosition":[-11.3467,232.202,-5.91374],"tipVelocity":[-13.906,0.835258,147.477],"tool":false,"touchDistance":0.333333,"touchZone":"none","type":4,"width":15.8833}],"r":[[0.706886,0.182005,0.68351],[-0.351694,0.928852,0.116388],[-0.613697,-0.322659,0.720602]],"s":1.20094,"t":[74.9892,34.8107,-130.882],"timestamp":15486440867},false],[3,{"currentFrameRate":104.329,"devices":[],"gestures":[],"hands":[{"armBasis":[[0.933827,0.192516,-0.301505],[-0.0763513,0.93068,0.357779],[0.349483,-0.311084,0.883792]],"armWidth":63.029,"confidence":0.644977,"direction":[-0.131813,0.786096,-0.603886],"elbow":[79.6203,138.254,284.204],"grabStrength":0,"id":367,"palmNormal":[0.0083093,-0.608304,-0.793661],"palmPosition":[-28.1961,259.898,13.0753],"palmVelocity":[-15.9935,-14.4658,168.134],"palmWidth":90.0033,"pinchStrength":0.368532,"r":[[0.708309,0.17994,0.682583],[-0.351907,0.92825,0.120468],[-0.611931,-0.325535,0.72081]],"s":1.19876,"sphereCenter":[-55.0515,250.614,-24.9441],"sphereRadius":48.6314,"stabilizedPalmPosition":[-25.2481,265.236,-15.8866],"t":[74.825,34.7058,-129.339],"timeVisible":2.89234,"type":"right","wrist":[-13.7169,221.335,48.1676]}],"id":1184345,"interactionBox":{"center":[0,200,0],"size":[235.247,235.247,147.751]},"pointables":[{"bases":[[[0.365719,0.741592,0.562397],[-0.750018,-0.122976,0.649885],[0.551111,-0.659483,0.511233]],[[0.095633,0.952076,0.290526],[-0.760197,-0.118565,0.638782],[0.642615,-0.281946,0.712427]],[[0.095633,0.952076,0.290526],[-0.993047,0.0711224,0.0938095],[0.0686508,-0.297477,0.952258]],[[0.095633,0.952076,0.290526],[-0.967298,0.157767,-0.198608],[-0.234925,-0.262032,0.936029]]],"btipPosition":[-69.7406,239.105,-45.1517],"carpPosition":[-41.1338,209.085,43.8099],"dipPosition":[-75.1791,233.039,-23.4828],"direction":[-0.0686508,0.297477,-0.952258],"extended":false,"handId":367,"id":3670,"length":51.5512,"mcpPosition":[-41.1338,209.085,43.8099],"pipPosition":[-72.8638,223.006,8.63293],"stabilizedTipPosition":[-63.5716,235.965,-72.1193],"timeVisible":2.89234,"tipPosition":[-71.3554,237.439,-40.1841],"tipVelocity":[-32.2366,2.24807,174.808],"tool":false,"touchDistance":0.522205,"touchZone":"hovering","type":0,"width":20.0304},{"bases":[[[0.955036,0.240064,-0.173999],[-0.0521815,0.713797,0.698406],[0.291861,-0.657923,0.694229]],[[0.8855,0.356407,-0.298101],[-0.122472,0.797921,0.590188],[0.448209,-0.486103,0.750209]],[[0.8855,0.356407,-0.298101],[-0.212505,0.881192,0.422306],[0.413197,-0.310604,0.856033]],[[0.8855,0.356407,-0.298101],[-0.275001,0.919145,0.282041],[0.37452,-0.167769,0.911915]]],"btipPosition":[-91.2767,308.842,-66.0985],"carpPosition":[-34.7817,230.045,52.181],"dipPosition":[-84.9472,306.007,-50.6868],"direction":[-0.413197,0.310604,-0.856033],"extended":true,"handId":367,"id":3671,"length":58.1698,"mcpPosition":[-56.021,277.923,1.66071],"pipPosition":[-75.0683,298.581,-30.2205],"stabilizedTipPosition":[-77.1455,312.034,-100.087],"timeVisible":2.89234,"tipPosition":[-89.7765,309.435,-61.9378],"tipVelocity":[-27.1479,-58.9146,165.854],"tool":false,"touchDistance":0.542413,"touchZone":"hovering","type":1,"width":19.133},{"bases":[[[0.980496,0.0237426,-0.195101],[0.11645,0.729489,0.674007],[0.158326,-0.68358,0.712496]],[[0.979029,0.0299044,-0.201516],[-0.145143,0.796506,-0.586951],[0.142956,0.603891,0.784143]],[[0.979029,0.0299044,-0.201516],[-0.165487,-0.460163,-0.872275],[-0.118815,0.887331,-0.445564]],[[0.979029,0.0299044,-0.201516],[-0.0675632,-0.885525,-0.459653],[-0.192193,0.463628,-0.864934]]],"btipPosition":[-34.3602,219.329,-7.09005],"carpPosition":[-23.5327,234.523,50.856],"dipPosition":[-37.9328,227.947,-23.1676],"direction":[0.118815,-0.887331,0.445564],"extended":false,"handId":367,"id":3672,"length":66.2798,"mcpPosition":[-34.459,281.698,1.68566],"pipPosition":[-41.2748,252.906,-35.7005],"stabilizedTipPosition":[-28.7416,222.163,-41.8349],"timeVisible":2.89234,"tipPosition":[-35.3708,220.954,-11.4826],"tipVelocity":[-16.3892,-0.656468,154.614],"tool":false,"touchDistance":0.333333,"touchZone":"none","type":2,"width":18.7912},{"bases":[[[0.981521,-0.132171,-0.138375],[0.191193,0.707158,0.680715],[0.00788249,-0.694592,0.719361]],[[0.981185,-0.118703,-0.152271],[-0.00367472,0.777049,-0.629429],[0.193037,0.618146,0.761992]],[[0.981185,-0.118703,-0.152271],[-0.190982,-0.480968,-0.855684],[0.0283349,0.868665,-0.494589]],[[0.981185,-0.118703,-0.152271],[-0.174127,-0.884757,-0.432302],[-0.0834072,0.450683,-0.888779]]],"btipPosition":[-19.9557,219.601,0.248874],"carpPosition":[-11.701,236.014,48.5189],"dipPosition":[-21.4972,227.93,-16.177],"direction":[-0.0283349,-0.868665,0.494589],"extended":false,"handId":367,"id":3673,"length":63.7298,"mcpPosition":[-12.1894,279.052,3.94679],"pipPosition":[-20.7208,251.733,-29.7295],"stabilizedTipPosition":[-14.7422,223.303,-32.5819],"timeVisible":2.89234,"tipPosition":[-20.4735,221.14,-4.15216],"tipVelocity":[-15.1696,-2.78837,152.681],"tool":false,"touchDistance":0.333333,"touchZone":"none","type":3,"width":17.881},{"bases":[[[0.930663,-0.326688,-0.164746],[0.341468,0.61383,0.711767],[-0.1314,-0.718671,0.682822]],[[0.903743,-0.422436,-0.0692569],[0.303987,0.747224,-0.590973],[0.301399,0.513034,0.803713]],[[0.903743,-0.422436,-0.0692569],[-0.247634,-0.383943,-0.889531],[0.349179,0.821057,-0.451595]],[[0.903743,-0.422436,-0.0692569],[-0.401963,-0.781792,-0.476683],[0.147224,0.458637,-0.876343]]],"btipPosition":[-11.9535,230.559,-0.41334],"carpPosition":[0.317189,230.987,43.183],"dipPosition":[-9.44331,238.378,-15.3549],"direction":[-0.349179,-0.821057,0.451595],"extended":false,"handId":367,"id":3674,"length":49.963,"mcpPosition":[7.85381,272.207,4.01871],"pipPosition":[-2.68784,254.263,-24.0918],"stabilizedTipPosition":[-5.7039,235.482,-32.1136],"timeVisible":2.89234,"tipPosition":[-11.5357,232.083,-4.39736],"tipVelocity":[-15.9013,-2.94165,152.662],"tool":false,"touchDistance":0.333333,"touchZone":"none","type":4,"width":15.8833}],"r":[[0.708309,0.17994,0.682583],[-0.351907,0.92825,0.120468],[-0.611931,-0.325535,0.72081]],"s":1.19876,"t":[74.825,34.7058,-129.339],"timestamp":15486449881},false],[4,{"currentFrameRate":104.637,"devices":[],"gestures":[],"hands":[{"armBasis":[[0.932679,0.187678,-0.308039],[-0.0687732,0.93084,0.358898],[0.354092,-0.313552,0.881081]],"armWidth":63.029,"confidence":0.649379,"direction":[-0.131465,0.786723,-0.603145],"elbow":[80.8775,137.162,284.865],"grabStrength":0,"id":367,"palmNormal":[-0.000271289,-0.608454,-0.793589],"palmPosition":[-28.1885,259.54,14.5496],"palmVelocity":[-11.3773,-21.4334,167.05],"palmWidth":90.0033,"pinchStrength":0.370805,"r":[[0.710541,0.177535,0.680892],[-0.350887,0.92815,0.124161],[-0.609926,-0.327138,0.721783]],"s":1.19616,"sphereCenter":[-54.7833,250.173,-23.542],"sphereRadius":48.4159,"stabilizedPalmPosition":[-25.2482,265.236,-15.8861],"t":[74.7468,34.4742,-127.83],"timeVisible":2.90132,"type":"right","wrist":[-13.6906,220.903,49.5527]}],"id":1184346,"interactionBox":{"center":[0,200,0],"size":[235.247,235.247,147.751]},"pointables":[{"bases":[[[0.373494,0.739649,0.55984],[-0.746382,-0.118752,0.654838],[0.550832,-0.662433,0.507707]],[[0.102791,0.951574,0.289725],[-0.75561,-0.114729,0.644896],[0.646906,-0.285209,0.707226]],[[0.102791,0.951574,0.289725],[-0.991911,0.0762508,0.101479],[0.0744732,-0.297813,0.951715]],[[0.102791,0.951574,0.289725],[-0.967456,0.163346,-0.193253],[-0.23122,-0.260432,0.937397]]],"btipPosition":[-70.3035,238.958,-43.3401],"carpPosition":[-41.2027,208.803,45.3781],"dipPosition":[-75.6562,232.929,-21.6395],"direction":[-0.0744732,0.297813,-0.951715],"extended":false,"handId":367,"id":3670,"length":51.5512,"mcpPosition":[-41.2027,208.803,45.3781],"pipPosition":[-73.1445,222.885,10.4579],"stabilizedTipPosition":[-63.5717,235.965,-72.119],"timeVisible":2.90132,"tipPosition":[-71.8527,237.318,-38.3834],"tipVelocity":[-39.9779,-2.57678,182.41],"tool":false,"touchDistance":0.5306,"touchZone":"hovering","type":0,"width":20.0304},{"bases":[[[0.955175,0.234779,-0.180334],[-0.0436469,0.714174,0.698606],[0.292808,-0.659419,0.692408]],[[0.885373,0.351602,-0.304122],[-0.118974,0.803782,0.582906],[0.449399,-0.479907,0.753479]],[[0.885373,0.351602,-0.304122],[-0.211575,0.887275,0.409853],[0.413945,-0.298528,0.85996]],[[0.885373,0.351602,-0.304122],[-0.275514,0.923785,0.265919],[0.374441,-0.151648,0.914766]]],"btipPosition":[-91.3112,307.811,-64.7247],"carpPosition":[-34.6802,229.729,53.7033],"dipPosition":[-84.983,305.248,-49.2649],"direction":[-0.413945,0.298528,-0.85996],"extended":true,"handId":367,"id":3671,"length":58.1698,"mcpPosition":[-55.9884,277.716,3.31548],"pipPosition":[-75.0863,298.111,-28.7047],"stabilizedTipPosition":[-77.1472,312.033,-100.082],"timeVisible":2.90132,"tipPosition":[-89.8641,308.584,-60.4702],"tipVelocity":[-20.7716,-72.3351,162.664],"tool":false,"touchDistance":0.542277,"touchZone":"hovering","type":1,"width":19.133},{"bases":[[[0.979304,0.018318,-0.201565],[0.124904,0.728934,0.673093],[0.159257,-0.684339,0.71156]],[[0.977762,0.0247551,-0.20825],[-0.144543,0.799023,-0.583668],[0.151948,0.60079,0.784833]],[[0.977762,0.0247551,-0.20825],[-0.174039,-0.458262,-0.871611],[-0.11701,0.888472,-0.443763]],[[0.977762,0.0247551,-0.20825],[-0.0752356,-0.885502,-0.458503],[-0.195756,0.463975,-0.863948]]],"btipPosition":[-34.7208,219.112,-5.68001],"carpPosition":[-23.4157,234.145,52.3034],"dipPosition":[-38.3595,227.737,-21.7393],"direction":[0.11701,-0.888472,0.443763],"extended":false,"handId":367,"id":3672,"length":66.2798,"mcpPosition":[-34.4063,281.372,3.19759],"pipPosition":[-41.6508,252.728,-34.2215],"stabilizedTipPosition":[-28.7417,222.163,-41.8348],"timeVisible":2.90132,"tipPosition":[-35.737,220.72,-9.98422],"tipVelocity":[-23.3655,-7.03695,155.402],"tool":false,"touchDistance":0.333333,"touchZone":"none","type":2,"width":18.7912},{"bases":[[[0.979845,-0.13759,-0.144819],[0.199565,0.706193,0.679312],[0.00880356,-0.694521,0.719418]],[[0.979491,-0.124124,-0.158714],[-0.00351679,0.777062,-0.629415],[0.201456,0.617064,0.760688]],[[0.979491,-0.124124,-0.158714],[-0.199277,-0.480442,-0.854087],[0.0297602,0.868199,-0.495323]],[[0.979491,-0.124124,-0.158714],[-0.181771,-0.884204,-0.430282],[-0.0869271,0.450307,-0.888632]]],"btipPosition":[-20.2495,219.22,1.68945],"carpPosition":[-11.5917,235.571,49.888],"dipPosition":[-21.8561,227.543,-14.7337],"direction":[-0.0297602,-0.868199,0.495323],"extended":false,"handId":367,"id":3673,"length":63.7298,"mcpPosition":[-12.1372,278.604,5.31233],"pipPosition":[-21.0406,251.333,-28.3064],"stabilizedTipPosition":[-14.7422,223.303,-32.5818],"timeVisible":2.90132,"tipPosition":[-20.7864,220.759,-2.70018],"tipVelocity":[-20.4364,-13.6821,154.821],"tool":false,"touchDistance":0.333333,"touchZone":"none","type":3,"width":17.881},{"bases":[[[0.927745,-0.331828,-0.170819],[0.349526,0.612044,0.70939],[-0.130847,-0.717839,0.683803]],[[0.900836,-0.427651,-0.074887],[0.304786,0.745762,-0.592406],[0.309191,0.510836,0.802151]],[[0.900836,-0.427651,-0.074887],[-0.255467,-0.382658,-0.887868],[0.351042,0.818955,-0.453963]],[[0.900836,-0.427651,-0.074887],[-0.409567,-0.779847,-0.473384],[0.144043,0.457113,-0.877667]]],"btipPosition":[-12.1935,230.144,0.944286],"carpPosition":[0.36321,230.476,44.4738],"dipPosition":[-9.73757,237.938,-14.0198],"direction":[-0.351042,-0.818955,0.453963],"extended":false,"handId":367,"id":3674,"length":49.963,"mcpPosition":[7.86813,271.649,5.25334],"pipPosition":[-2.94607,253.782,-22.8025],"stabilizedTipPosition":[-5.70393,235.482,-32.1134],"timeVisible":2.90132,"tipPosition":[-11.7901,231.658,-3.02246],"tipVelocity":[-19.2497,-14.9702,152.099],"tool":false,"touchDistance":0.333333,"touchZone":"none","type":4,"width":15.8833}],"r":[[0.710541,0.177535,0.680892],[-0.350887,0.92815,0.124161],[-0.609926,-0.327138,0.721783]],"s":1.19616,"t":[74.7468,34.4742,-127.83],"timestamp":15486458861},false],[5,{"currentFrameRate":110.646,"devices":[],"gestures":[],"hands":[{"armBasis":[[0.945786,0.0701099,-0.317133],[0.0373684,0.94645,0.320679],[0.322634,-0.315145,0.89252]],"armWidth":63.029,"confidence":0.794145,"direction":[0.00749623,0.809014,-0.587742],"elbow":[82.9662,145.473,296.274],"grabStrength":0,"id":367,"palmNormal":[-0.0404699,-0.587031,-0.808552],"palmPosition":[-10.5065,270.569,23.2717],"palmVelocity":[31.6369,111.231,-61.5764],"palmWidth":90.0033,"pinchStrength":0.379263,"r":[[0.70424,0.0626497,0.707192],[-0.2345,0.96072,0.148412],[-0.670116,-0.270354,0.69127]],"s":1.12394,"sphereCenter":[-24.7124,260.551,-22.3588],"sphereRadius":46.5895,"stabilizedPalmPosition":[-19.2047,262.248,16.1405],"t":[92.1102,44.1488,-116.943],"timeVisible":3.7781,"type":"right","wrist":[-3.20028,229.639,57.9069]}],"id":1184443,"interactionBox":{"center":[0,200,0],"size":[235.247,235.247,147.751]},"pointables":[{"bases":[[[0.439716,0.670911,0.597099],[-0.788939,-0.0291804,0.613779],[0.429214,-0.740964,0.516477]],[[0.18862,0.939147,0.287097],[-0.773874,-0.0378402,0.632209],[0.604601,-0.341424,0.719644]],[[0.18862,0.939147,0.287097],[-0.970585,0.133732,0.200202],[0.149626,-0.316414,0.936747]],[[0.18862,0.939147,0.287097],[-0.971097,0.221909,-0.0879038],[-0.146264,-0.262219,0.95386]]],"btipPosition":[-63.3463,255.071,-37.1498],"carpPosition":[-31.833,221.471,52.0578],"dipPosition":[-66.7322,249.001,-15.0681],"direction":[-0.149626,0.316414,-0.936747],"extended":false,"handId":367,"id":3670,"length":51.5512,"mcpPosition":[-31.833,221.471,52.0578],"pipPosition":[-61.686,238.329,16.5245],"stabilizedTipPosition":[-66.9368,245.116,-33.831],"timeVisible":3.7781,"tipPosition":[-63.3623,253.583,-31.9364],"tipVelocity":[24.3471,121.069,-72.054],"tool":false,"touchDistance":-0.137947,"touchZone":"touching","type":0,"width":20.0304},{"bases":[[[0.986227,0.106412,-0.126621],[0.0162328,0.699586,0.714364],[0.164599,-0.706581,0.688223]],[[0.956552,0.197148,-0.214806],[-0.0724219,0.874309,0.479936],[0.282425,-0.443527,0.8506]],[[0.956552,0.197148,-0.214806],[-0.134861,0.952363,0.273528],[0.258498,-0.232674,0.937572]],[[0.956552,0.197148,-0.214806],[-0.175648,0.977696,0.115149],[0.232716,-0.0724156,0.969845]]],"btipPosition":[-57.0933,318.204,-63.7879],"carpPosition":[-22.9998,241.15,61.2493],"dipPosition":[-53.1603,316.98,-47.3972],"direction":[-0.258498,0.232674,-0.937572],"extended":true,"handId":367,"id":3671,"length":58.1698,"mcpPosition":[-34.978,292.569,11.1661],"pipPosition":[-46.9801,311.417,-24.9814],"stabilizedTipPosition":[-59.3841,310.695,-57.4085],"timeVisible":3.7781,"tipPosition":[-56.1662,316.41,-60.3433],"tipVelocity":[58.6961,170.488,-57.4956],"tool":false,"touchDistance":0.120744,"touchZone":"hovering","type":1,"width":19.133},{"bases":[[[0.982083,-0.11086,-0.152389],[0.186342,0.691822,0.69761],[0.0280891,-0.713507,0.700084]],[[0.9816,-0.100973,-0.162065],[0.0290851,0.917907,-0.395729],[0.188719,0.383734,0.903954]],[[0.9816,-0.100973,-0.162065],[-0.184033,-0.273947,-0.943973],[0.0509186,0.95643,-0.287488]],[[0.9816,-0.100973,-0.162065],[-0.172729,-0.831349,-0.528227],[-0.0813961,0.546501,-0.833493]]],"btipPosition":[-22.041,237.905,-7.30715],"carpPosition":[-11.1856,244.022,60.5255],"dipPosition":[-23.554,248.064,-22.8003],"direction":[-0.0509186,-0.95643,0.287488],"extended":false,"handId":367,"id":3672,"length":66.2798,"mcpPosition":[-13.1241,293.262,12.2117],"pipPosition":[-22.1217,274.966,-30.8868],"stabilizedTipPosition":[-28.0246,227.262,-18.697],"timeVisible":3.7781,"tipPosition":[-22.4123,239.805,-10.5082],"tipVelocity":[31.3353,117.028,-63.019],"tool":false,"touchDistance":0.333333,"touchZone":"none","type":2,"width":18.7912},{"bases":[[[0.958652,-0.266485,-0.0998574],[0.256832,0.659036,0.706901],[-0.122569,-0.703319,0.700228]],[[0.963004,-0.236281,-0.129597],[0.160763,0.889648,-0.427413],[0.216285,0.390765,0.89472]],[[0.963004,-0.236281,-0.129597],[-0.195813,-0.283101,-0.938888],[0.185153,0.929529,-0.318895]],[[0.963004,-0.236281,-0.129597],[-0.268948,-0.812188,-0.517704],[0.0170667,0.533406,-0.845687]]],"btipPosition":[-6.52003,234.856,0.174806],"carpPosition":[0.833145,243.876,58.736],"dipPosition":[-6.20461,244.714,-15.4547],"direction":[-0.185153,-0.929529,0.318895],"extended":false,"handId":367,"id":3673,"length":63.7298,"mcpPosition":[8.42762,287.454,15.3493],"pipPosition":[-1.13114,270.185,-24.1929],"stabilizedTipPosition":[-12.5541,226.024,-14.7651],"timeVisible":3.7781,"tipPosition":[-6.54723,236.72,-2.95146],"tipVelocity":[29.3375,109.632,-55.5198],"tool":false,"touchDistance":0.333333,"touchZone":"none","type":3,"width":17.881},{"bases":[[[0.882321,-0.4513,-0.133561],[0.390966,0.544822,0.741832],[-0.262022,-0.706752,0.65715]],[[0.814784,-0.579754,-0.0036274],[0.534575,0.753683,-0.382351],[0.224403,0.309594,0.92401]],[[0.814784,-0.579754,-0.0036274],[-0.158137,-0.216217,-0.963454],[0.557781,0.78558,-0.26785]],[[0.814784,-0.579754,-0.0036274],[-0.479255,-0.669997,-0.566938],[0.326254,0.46367,-0.823752]]],"btipPosition":[3.0875,243.918,3.0023],"carpPosition":[12.2614,237.313,53.7852],"dipPosition":[8.6501,251.823,-11.0426],"direction":[-0.557781,-0.78558,0.26785],"extended":false,"handId":367,"id":3674,"length":49.963,"mcpPosition":[27.29,277.85,16.0934],"pipPosition":[19.4413,267.022,-16.2246],"stabilizedTipPosition":[-2.82864,236.082,-7.94012],"timeVisible":3.7781,"tipPosition":[4.19637,245.352,0.208818],"tipVelocity":[30.7041,107.805,-55.0053],"tool":false,"touchDistance":0.333333,"touchZone":"none","type":4,"width":15.8833}],"r":[[0.70424,0.0626497,0.707192],[-0.2345,0.96072,0.148412],[-0.670116,-0.270354,0.69127]],"s":1.12394,"t":[92.1102,44.1488,-116.943],"timestamp":15487335639},false],[6,{"currentFrameRate":110.664,"devices":[],"gestures":[],"hands":[{"armBasis":[[0.946118,0.074453,-0.315147],[0.0329406,0.946033,0.322391],[0.322143,-0.315401,0.892606]],"armWidth":63.029,"confidence":0.808715,"direction":[0.0077494,0.807356,-0.590014],"elbow":[82.8638,146.198,296.071],"grabStrength":0,"id":367,"palmNormal":[-0.0347919,-0.589456,-0.807051],"palmPosition":[-10.4416,271.24,22.8945],"palmVelocity":[24.9279,101.161,-56.1673],"palmWidth":90.0033,"pinchStrength":0.377578,"r":[[0.70284,0.0622779,0.708617],[-0.233511,0.961158,0.147134],[-0.671929,-0.268882,0.690083]],"s":1.12607,"sphereCenter":[-24.461,261.105,-22.7549],"sphereRadius":46.6168,"stabilizedPalmPosition":[-18.7364,262.728,16.5015],"t":[92.2628,45.0457,-117.46],"timeVisible":3.7871,"type":"right","wrist":[-3.17153,230.433,57.6811]}],"id":1184444,"interactionBox":{"center":[0,200,0],"size":[235.247,235.247,147.751]},"pointables":[{"bases":[[[0.434773,0.67399,0.597252],[-0.791747,-0.0299155,0.610116],[0.429079,-0.738134,0.520623]],[[0.184777,0.940279,0.285889],[-0.776592,-0.0385811,0.628821],[0.602297,-0.338211,0.723085]],[[0.184777,0.940279,0.285889],[-0.971967,0.131806,0.1947],[0.145391,-0.313851,0.938274]],[[0.184777,0.940279,0.285889],[-0.972426,0.21704,-0.0853344],[-0.142287,-0.262238,0.954456]]],"btipPosition":[-63.0992,255.513,-37.723],"carpPosition":[-31.7504,222.158,51.7198],"dipPosition":[-66.3931,249.442,-15.6275],"direction":[-0.145391,0.313851,-0.938275],"extended":false,"handId":367,"id":3670,"length":51.5512,"mcpPosition":[-31.7504,222.158,51.7198],"pipPosition":[-61.4897,238.857,16.0166],"stabilizedTipPosition":[-66.3581,246.807,-33.6074],"timeVisible":3.7871,"tipPosition":[-63.0946,253.996,-32.5109],"tipVelocity":[25.8433,101.297,-69.6521],"tool":false,"touchDistance":-0.147448,"touchZone":"touching","type":0,"width":20.0304},{"bases":[[[0.986478,0.109155,-0.122252],[0.0106494,0.701665,0.712427],[0.163545,-0.704096,0.691015]],[[0.957205,0.198915,-0.210219],[-0.0762711,0.874068,0.479779],[0.279181,-0.443213,0.851834]],[[0.957205,0.198915,-0.210219],[-0.137491,0.951711,0.274486],[0.254667,-0.233836,0.938331]],[[0.957205,0.198915,-0.210219],[-0.177411,0.977179,0.116816],[0.228658,-0.074522,0.97065]]],"btipPosition":[-56.7414,318.814,-64.428],"carpPosition":[-23.0227,241.89,60.8966],"dipPosition":[-52.877,317.554,-48.0237],"direction":[-0.254667,0.233836,-0.938331],"extended":true,"handId":367,"id":3671,"length":58.1698,"mcpPosition":[-34.9241,293.129,10.6102],"pipPosition":[-46.7884,311.964,-25.5898],"stabilizedTipPosition":[-58.5918,312.452,-58.1369],"timeVisible":3.7871,"tipPosition":[-55.8332,317.03,-60.9782],"tipVelocity":[52.8274,142.009,-61.1334],"tool":false,"touchDistance":0.118752,"touchZone":"hovering","type":1,"width":19.133},{"bases":[[[0.983138,-0.108201,-0.147418],[0.18086,0.694389,0.696501],[0.0270028,-0.711418,0.70225]],[[0.982655,-0.0980788,-0.157384],[0.0281369,0.917721,-0.396229],[0.183296,0.384928,0.904562]],[[0.982655,-0.0980788,-0.157384],[-0.178807,-0.276114,-0.944346],[0.0491643,0.956107,-0.288862]],[[0.982655,-0.0980788,-0.157384],[-0.16752,-0.833491,-0.526526],[-0.0795371,0.543759,-0.835464]]],"btipPosition":[-21.7213,238.54,-7.7152],"carpPosition":[-11.2142,244.797,60.2206],"dipPosition":[-23.1998,248.647,-23.245],"direction":[-0.0491643,-0.956107,0.288862],"extended":false,"handId":367,"id":3672,"length":66.2798,"mcpPosition":[-13.0777,293.893,11.7574],"pipPosition":[-21.8169,275.541,-31.3701],"stabilizedTipPosition":[-27.6817,228.044,-18.2709],"timeVisible":3.7871,"tipPosition":[-22.0861,240.417,-10.9129],"tipVelocity":[32.7224,103.885,-58.4141],"tool":false,"touchDistance":0.333333,"touchZone":"none","type":2,"width":18.7912},{"bases":[[[0.959946,-0.263749,-0.0945519],[0.251407,0.661852,0.70622],[-0.123686,-0.701704,0.70165]],[[0.964351,-0.233551,-0.124421],[0.159574,0.888308,-0.430634],[0.211099,0.395428,0.893909]],[[0.964351,-0.233551,-0.124421],[-0.190962,-0.288692,-0.938185],[0.183195,0.928499,-0.323]],[[0.964351,-0.233551,-0.124421],[-0.263963,-0.815716,-0.514714],[0.0187202,0.529208,-0.848286]]],"btipPosition":[-6.21844,235.464,0.0354733],"carpPosition":[0.813269,244.685,58.4884],"dipPosition":[-5.87246,245.244,-15.642],"direction":[-0.183195,-0.928499,0.323],"extended":false,"handId":367,"id":3673,"length":63.7298,"mcpPosition":[8.47692,288.163,15.0137],"pipPosition":[-0.852624,270.687,-24.4928],"stabilizedTipPosition":[-12.2264,226.621,-14.1933],"timeVisible":3.7871,"tipPosition":[-6.23913,237.338,-3.16597],"tipVelocity":[30.694,97.5244,-44.8569],"tool":false,"touchDistance":0.333333,"touchZone":"none","type":3,"width":17.881},{"bases":[[[0.884355,-0.448898,-0.128088],[0.385732,0.548161,0.742113],[-0.262921,-0.705698,0.657923]],[[0.816527,-0.577303,0.00201356],[0.53417,0.754189,-0.381919],[0.218964,0.312923,0.924194]],[[0.816527,-0.577303,0.00201356],[-0.152941,-0.219678,-0.96351],[0.556679,0.786424,-0.267667]],[[0.816527,-0.577303,0.00201356],[-0.474614,-0.673263,-0.566972],[0.328671,0.461993,-0.823734]]],"btipPosition":[3.33342,244.584,2.77319],"carpPosition":[12.2854,238.144,53.6106],"dipPosition":[8.93721,252.461,-11.2714],"direction":[-0.556679,-0.786424,0.267667],"extended":false,"handId":367,"id":3674,"length":49.963,"mcpPosition":[27.3656,278.62,15.8745],"pipPosition":[19.7071,267.675,-16.4499],"stabilizedTipPosition":[-2.45525,236.599,-7.56512],"timeVisible":3.7871,"tipPosition":[4.45288,246.014,-0.0287319],"tipVelocity":[30.0613,98.3025,-46.8837],"tool":false,"touchDistance":0.333333,"touch