{"sensorType":"Leap","data":[[0,{"currentFrameRate":110.654,"devices":[],"gestures":[],"hands":[{"armBasis":[[0.948107,-0.0624027,-0.311769],[0.163191,0.93705,0.308717],[0.272878,-0.343574,0.898607]],"armWidth":63.029,"confidence":0.685739,"direction":[-0.09476,0.709446,-0.69836],"elbow":[70.9841,162.219,302.935],"grabStrength":0,"id":367,"palmNormal":[-0.226727,-0.698461,-0.678784],"palmPosition":[-15.2333,289.597,24.4511],"palmVelocity":[69.8446,54.7487,-176.994],"palmWidth":90.0033,"pinchStrength":0.820455,"r":[[0.87002,0.0650787,0.488702],[-0.102179,0.993529,0.0496011],[-0.482311,-0.093089,0.87104]],"s":0.995197,"sphereCenter":[-7.8897,263.947,-26.7228],"sphereRadius":53.4083,"stabilizedPalmPosition":[-26.2447,280.127,46.5992],"t":[87.1145,64.0228,-115.157],"timeVisible":0.316361,"type":"right","wrist":[-1.89401,253.978,62.9422]}],"id":1184067,"interactionBox":{"center":[0,200,0],"size":[235.247,235.247,147.751]},"pointables":[{"bases":[[[0.574359,0.725326,0.379491],[-0.64174,0.111153,0.758825],[0.508214,-0.679372,0.529313]],[[0.323789,0.936202,0.136695],[-0.781351,0.183121,0.596622],[0.533527,-0.299986,0.790795]],[[0.323789,0.936202,0.136695],[-0.91246,0.270791,0.306738],[0.250153,-0.224047,0.941927]],[[0.323789,0.936202,0.136695],[-0.934628,0.338957,-0.107607],[-0.147075,-0.0929166,0.984751]]],"btipPosition":[-62.7051,271.286,-29.1537],"carpPosition":[-31.3296,246.766,64.4569],"dipPosition":[-66.1099,269.135,-6.35693],"direction":[-0.250153,0.224047,-0.941927],"extended":false,"handId":367,"id":3670,"length":51.5512,"mcpPosition":[-31.3296,246.766,64.4569],"pipPosition":[-57.6733,261.578,25.4104],"stabilizedTipPosition":[-93.1088,265.124,21.4419],"timeVisible":0.316361,"tipPosition":[-63.664,271.982,-23.8165],"tipVelocity":[172.23,-107.42,-253.792],"tool":false,"touchDistance":-0.68074,"touchZone":"hovering","type":0,"width":20.0304},{"bases":[[[0.939666,0.0264366,-0.34107],[0.186218,0.79682,0.574804],[0.286967,-0.603638,0.743822]],[[0.974575,-0.0756083,-0.21092],[0.145543,0.929329,0.339361],[0.170355,-0.36143,0.916705]],[[0.974575,-0.0756083,-0.21092],[0.121775,0.968915,0.215347],[0.188081,-0.235557,0.953487]],[[0.974575,-0.0756083,-0.21092],[0.103046,0.987132,0.122279],[0.19896,-0.140905,0.969825]]],"btipPosition":[-56.196,334.335,-63.8902],"carpPosition":[-20.2142,267.034,68.3825],"dipPosition":[-52.8335,331.954,-47.4998],"direction":[-0.188081,0.235557,-0.953487],"extended":true,"handId":367,"id":3671,"length":58.1698,"mcpPosition":[-41.0973,310.962,14.2532],"pipPosition":[-48.3368,326.322,-24.7036],"stabilizedTipPosition":[-68.2559,328.538,-38.0262],"timeVisible":0.316361,"tipPosition":[-54.9972,332.906,-60.4189],"tipVelocity":[119.046,9.97493,-243.421],"tool":false,"touchDistance":-0.668763,"touchZone":"hovering","type":1,"width":19.133},{"bases":[[[0.924191,-0.191589,-0.3304],[0.348654,0.776372,0.525058],[0.155918,-0.60045,0.784315]],[[0.927205,-0.203909,-0.314184],[0.0343458,0.881576,-0.470792],[0.372976,0.425729,0.824405]],[[0.927205,-0.203909,-0.314184],[-0.339006,-0.100191,-0.935434],[0.159265,0.97385,-0.162024]],[[0.927205,-0.203909,-0.314184],[-0.367953,-0.652669,-0.662295],[-0.0700106,0.729688,-0.680187]]],"btipPosition":[-40.4672,249.23,-11.4241],"carpPosition":[-8.74602,269.046,64.8074],"dipPosition":[-41.7686,262.794,-24.0676],"direction":[-0.159265,-0.97385,0.162024],"extended":false,"handId":367,"id":3672,"length":66.2798,"mcpPosition":[-19.5062,310.484,10.6808],"pipPosition":[-37.2888,290.186,-28.625],"stabilizedTipPosition":[-59.3525,244.914,14.7246],"timeVisible":0.316361,"tipPosition":[-40.5861,252.108,-13.6409],"tipVelocity":[180.889,15.7639,-262.161],"tool":false,"touchDistance":0.333333,"touchZone":"none","type":2,"width":18.7912},{"bases":[[[0.908132,-0.335839,-0.250015],[0.418585,0.741163,0.524846],[0.00903853,-0.581282,0.813652]],[[0.908137,-0.336148,-0.249582],[0.188067,0.860125,-0.474148],[0.374056,0.383653,0.84433]],[[0.908137,-0.336148,-0.249582],[-0.284268,-0.0574094,-0.957025],[0.307374,0.940058,-0.147692]],[[0.908137,-0.336148,-0.249582],[-0.410691,-0.59939,-0.687069],[0.0813603,0.726454,-0.682382]]],"btipPosition":[-24.4042,247.784,-10.428],"carpPosition":[2.6135,267.908,60.6433],"dipPosition":[-22.9005,261.21,-23.0394],"direction":[-0.307374,-0.940058,0.147692],"extended":false,"handId":367,"id":3673,"length":63.7298,"mcpPosition":[2.05346,303.925,10.2289],"pipPosition":[-14.478,286.969,-27.0864],"stabilizedTipPosition":[-37.4889,247.869,-1.09352],"timeVisible":0.316361,"tipPosition":[-24.1653,251.484,-14.5031],"tipVelocity":[208.338,-12.6219,-122.624],"tool":false,"touchDistance":0.333333,"touchZone":"none","type":3,"width":17.881},{"bases":[[[0.821345,-0.518673,-0.237423],[0.553881,0.625619,0.549379],[-0.136411,-0.582734,0.801133]],[[0.827722,-0.48505,-0.282141],[0.342911,0.835225,-0.429897],[0.444172,0.259086,0.857663]],[[0.827722,-0.48505,-0.282141],[-0.296016,0.0497103,-0.953889],[0.476709,0.873072,-0.102436]],[[0.827722,-0.48505,-0.282141],[-0.520377,-0.475375,-0.709385],[0.209965,0.733993,-0.645887]]],"btipPosition":[-7.96298,254.954,-8.38113],"carpPosition":[12.5509,259.998,54.5723],"dipPosition":[-4.38311,267.468,-19.3934],"direction":[-0.476709,-0.873072,0.102436],"extended":false,"handId":367,"id":3674,"length":49.963,"mcpPosition":[20.3749,293.421,8.62219],"pipPosition":[4.83964,284.359,-21.3752],"stabilizedTipPosition":[-16.9173,254.166,-1.89377],"timeVisible":0.316361,"tipPosition":[-7.06922,258.465,-11.8418],"tipVelocity":[185.429,38.3013,-131.307],"tool":false,"touchDistance":0.333333,"touchZone":"none","type":4,"width":15.8833}],"r":[[0.87002,0.0650787,0.488702],[-0.102179,0.993529,0.0496011],[-0.482311,-0.093089,0.87104]],"s":0.995197,"t":[87.1145,64.0228,-115.157],"timestamp":15483873901},false],[1,{"currentFrameRate":110.492,"devices":[],"gestures":[],"hands":[{"armBasis":[[0.951026,-0.0521362,-0.304681],[0.152565,0.93642,0.315976],[0.268836,-0.346986,0.898514]],"armWidth":63.029,"confidence":0.693497,"direction":[-0.0946867,0.702966,-0.704892],"elbow":[70.3175,162.072,302.517],"grabStrength":0,"id":367,"palmNormal":[-0.212166,-0.706056,-0.675626],"palmPosition":[-14.7791,289.919,23.6386],"palmVelocity":[63.839,49.0034,-151.507],"palmWidth":90.0033,"pinchStrength":0.827316,"r":[[0.862188,0.0783283,0.500496],[-0.11615,0.992221,0.0448038],[-0.493093,-0.0967619,0.864579]],"s":0.997964,"sphereCenter":[-7.21784,264.237,-27.0753],"sphereRadius":53.1445,"stabilizedPalmPosition":[-25.8135,280.496,45.7357],"t":[87.5962,64.3221,-116.195],"timeVisible":0.325698,"type":"right","wrist":[-1.48111,254.742,62.5485]}],"id":1184068,"interactionBox":{"center":[0,200,0],"size":[235.247,235.247,147.751]},"pointables":[{"bases":[[[0.562676,0.734249,0.379834],[-0.650935,0.11029,0.751079],[0.509587,-0.669861,0.540006]],[[0.311083,0.941257,0.131389],[-0.787524,0.177911,0.590046],[0.532009,-0.287025,0.796607]],[[0.311083,0.941257,0.131389],[-0.919616,0.26323,0.291576],[0.239862,-0.211532,0.947481]],[[0.311083,0.941257,0.131389],[-0.937344,0.326691,-0.121074],[-0.156886,-0.0854924,0.98391]]],"btipPosition":[-61.5807,270.519,-30.2577],"carpPosition":[-30.8544,247.233,63.8077],"dipPosition":[-65.2126,268.539,-7.48042],"direction":[-0.239862,0.211532,-0.947481],"extended":false,"handId":367,"id":3670,"length":51.5512,"mcpPosition":[-30.8544,247.233,63.8077],"pipPosition":[-57.1231,261.405,24.4742],"stabilizedTipPosition":[-91.7435,265.344,19.3751],"timeVisible":0.325698,"tipPosition":[-62.5522,271.216,-24.9636],"tipVelocity":[155.97,-99.0622,-215.533],"tool":false,"touchDistance":-0.657627,"touchZone":"hovering","type":0,"width":20.0304},{"bases":[[[0.94293,0.0336633,-0.331286],[0.171747,0.803174,0.570452],[0.285283,-0.594793,0.751555]],[[0.977079,-0.0649482,-0.202726],[0.132672,0.930537,0.341321],[0.166476,-0.360393,0.917825]],[[0.977079,-0.0649482,-0.202726],[0.10954,0.969962,0.217199],[0.18253,-0.234428,0.954844]],[[0.977079,-0.0649482,-0.202726],[0.0913599,0.988097,0.123767],[0.192274,-0.139451,0.971382]]],"btipPosition":[-55.4422,334.208,-65.2506],"carpPosition":[-19.9935,267.647,67.6911],"dipPosition":[-52.1927,331.851,-48.8339],"direction":[-0.18253,0.234428,-0.954844],"extended":true,"handId":367,"id":3671,"length":58.1698,"mcpPosition":[-40.7541,310.931,12.9991],"pipPosition":[-47.8287,326.247,-26.0052],"stabilizedTipPosition":[-67.6704,328.759,-39.0387],"timeVisible":0.325698,"tipPosition":[-54.2585,332.68,-61.7929],"tipVelocity":[107.404,3.47614,-215.558],"tool":false,"touchDistance":-0.650536,"touchZone":"hovering","type":1,"width":19.133},{"bases":[[[0.929616,-0.184423,-0.319064],[0.334909,0.784049,0.522593],[0.153783,-0.592669,0.790629]],[[0.932594,-0.196625,-0.302665],[0.0320434,0.880373,-0.473198],[0.359501,0.431603,0.827332]],[[0.932594,-0.196625,-0.302665],[-0.327046,-0.105649,-0.939084],[0.152672,0.97477,-0.162833]],[[0.932594,-0.196625,-0.302665],[-0.354306,-0.658614,-0.663848],[-0.0688098,0.726337,-0.683886]]],"btipPosition":[-39.2777,249.155,-12.4932],"carpPosition":[-8.50942,269.752,64.2222],"dipPosition":[-40.5568,262.656,-25.2054],"direction":[-0.152672,-0.97477,0.162833],"extended":false,"handId":367,"id":3672,"length":66.2798,"mcpPosition":[-19.1222,310.652,9.6597],"pipPosition":[-36.2624,290.075,-29.7856],"stabilizedTipPosition":[-58.3552,245.285,13.2049],"timeVisible":0.325698,"tipPosition":[-39.3875,251.993,-14.6753],"tipVelocity":[165.893,8.57406,-220.817],"tool":false,"touchDistance":0.333333,"touchZone":"none","type":2,"width":18.7912},{"bases":[[[0.914205,-0.328206,-0.23772],[0.405202,0.749576,0.523399],[0.00640645,-0.574819,0.818256]],[[0.914205,-0.328219,-0.237701],[0.18283,0.857509,-0.480885],[0.361666,0.396169,0.843948]],[[0.914205,-0.328219,-0.237701],[-0.274677,-0.0705909,-0.958942],[0.297963,0.94196,-0.154689]],[[0.914205,-0.328219,-0.237701],[-0.397353,-0.610751,-0.684904],[0.0796223,0.720594,-0.688771]]],"btipPosition":[-23.1119,247.679,-10.8421],"carpPosition":[2.90518,268.701,60.1878],"dipPosition":[-21.6403,260.997,-23.5716],"direction":[-0.297963,-0.94196,0.154689],"extended":false,"handId":367,"id":3673,"length":63.7298,"mcpPosition":[2.50823,304.317,9.48807],"pipPosition":[-13.4756,286.808,-27.8103],"stabilizedTipPosition":[-34.735,248.407,-3.46575],"timeVisible":0.325698,"tipPosition":[-22.8751,251.332,-14.9327],"tipVelocity":[188.306,-12.9917,-101.277],"tool":false,"touchDistance":0.333333,"touchZone":"none","type":3,"width":17.881},{"bases":[[[0.8292,-0.511839,-0.224609],[0.541425,0.635655,0.550275],[-0.138878,-0.577896,0.804207]],[[0.835404,-0.48043,-0.266996],[0.340435,0.833655,-0.434883],[0.431513,0.272409,0.859994]],[[0.835404,-0.48043,-0.266996],[-0.285538,0.0357228,-0.957701],[0.469646,0.876305,-0.107338]],[[0.835404,-0.48043,-0.266996],[-0.507767,-0.488632,-0.709515],[0.210409,0.728303,-0.652152]]],"btipPosition":[-6.81172,255.095,-8.72466],"carpPosition":[12.9888,260.848,54.285],"dipPosition":[-3.22427,267.513,-19.8438],"direction":[-0.469646,-0.876305,0.107338],"extended":false,"handId":367,"id":3674,"length":49.963,"mcpPosition":[20.9544,293.994,8.15853],"pipPosition":[5.86184,284.466,-21.9204],"stabilizedTipPosition":[-14.8492,254.882,-3.67006],"timeVisible":0.325698,"tipPosition":[-5.9141,258.555,-12.2078],"tipVelocity":[167.884,31.0627,-105.281],"tool":false,"touchDistance":0.333333,"touchZone":"none","type":4,"width":15.8833}],"r":[[0.862188,0.0783283,0.500496],[-0.11615,0.992221,0.0448038],[-0.493093,-0.0967619,0.864579]],"s":0.997964,"t":[87.5962,64.3221,-116.195],"timestamp":15483883238},false],[2,{"currentFrameRate":110.647,"devices":[],"gestures":[],"hands":[{"armBasis":[[0.951778,-0.0440006,-0.303617],[0.145103,0.936532,0.319145],[0.270304,-0.347811,0.897755]],"armWidth":63.029,"confidence":0.701865,"direction":[-0.0928575,0.699672,-0.708404],"elbow":[70.941,162.548,301.9],"grabStrength":0,"id":367,"palmNormal":[-0.201984,-0.709922,-0.674695],"palmPosition":[-14.4241,290.384,22.9751],"palmVelocity":[57.5751,50.1121,-131.154],"palmWidth":90.0033,"pinchStrength":0.833569,"r":[[0.854682,0.0903169,0.511236],[-0.128545,0.990903,0.0398446],[-0.502986,-0.0997714,0.858516]],"s":1.00046,"sphereCenter":[-6.82629,264.785,-27.4356],"sphereRadius":52.9147,"stabilizedPalmPosition":[-25.4377,280.822,44.9847],"t":[88.0145,64.7045,-117.045],"timeVisible":0.334463,"type":"right","wrist":[-1.24963,255.439,62.1346]}],"id":1184069,"interactionBox":{"center":[0,200,0],"size":[235.247,235.247,147.751]},"pointables":[{"bases":[[[0.554869,0.739135,0.381838],[-0.658086,0.109164,0.744987],[0.508963,-0.664653,0.546986]],[[0.303628,0.943894,0.129901],[-0.791605,0.174032,0.585726],[0.530257,-0.280673,0.800032]],[[0.303628,0.943894,0.129901],[-0.924198,0.258617,0.281026],[0.231664,-0.205382,0.950868]],[[0.303628,0.943894,0.129901],[-0.938483,0.319815,-0.13026],[-0.164496,-0.0823593,0.982933]]],"btipPosition":[-60.7735,270.447,-31.1574],"carpPosition":[-30.5864,247.755,63.1688],"dipPosition":[-64.5816,268.54,-8.40267],"direction":[-0.231664,0.205382,-0.950868],"extended":false,"handId":367,"id":3670,"length":51.5512,"mcpPosition":[-30.5864,247.755,63.1688],"pipPosition":[-56.7685,261.613,23.6662],"stabilizedTipPosition":[-90.3972,265.553,17.3487],"timeVisible":0.334463,"tipPosition":[-61.7328,271.107,-25.9091],"tipVelocity":[137.581,-74.1562,-185.383],"tool":false,"touchDistance":-0.63377,"touchZone":"hovering","type":0,"width":20.0304},{"bases":[[[0.945545,0.0381822,-0.323245],[0.161887,0.806387,0.568799],[0.282378,-0.590154,0.756294]],[[0.978744,-0.0576644,-0.196812],[0.124155,0.930423,0.344816],[0.163235,-0.361922,0.917806]],[[0.978744,-0.0576644,-0.196812],[0.101456,0.970143,0.220293],[0.178233,-0.235578,0.955372]],[[0.978744,-0.0576644,-0.196812],[0.0836354,0.988459,0.126307],[0.187257,-0.140083,0.972271]]],"btipPosition":[-54.7964,334.576,-66.2466],"carpPosition":[-19.8843,268.25,67.0668],"dipPosition":[-51.6317,332.209,-49.8149],"direction":[-0.178233,0.235578,-0.955372],"extended":true,"handId":367,"id":3671,"length":58.1698,"mcpPosition":[-40.4335,311.196,12.03],"pipPosition":[-47.3704,326.577,-26.9736],"stabilizedTipPosition":[-67.1787,328.95,-39.8856],"timeVisible":0.334463,"tipPosition":[-53.6046,332.988,-62.8014],"tipVelocity":[97.7535,13.7472,-188.087],"tool":false,"touchDistance":-0.628703,"touchZone":"hovering","type":1,"width":19.133},{"bases":[[[0.933457,-0.179933,-0.310293],[0.325573,0.788081,0.522428],[0.150534,-0.588687,0.794221]],[[0.936403,-0.192213,-0.293606],[0.033288,0.881536,-0.470942],[0.349345,0.431218,0.831871]],[[0.936403,-0.192213,-0.293606],[-0.316998,-0.104396,-0.942663],[0.15054,0.975785,-0.158688]],[[0.936403,-0.192213,-0.293606],[-0.344807,-0.659526,-0.667933],[-0.0652555,0.726691,-0.683858]]],"btipPosition":[-38.4496,249.523,-13.6075],"carpPosition":[-8.38366,270.411,63.6892],"dipPosition":[-39.6626,263.031,-26.3192],"direction":[-0.15054,-0.975785,0.158688],"extended":false,"handId":367,"id":3672,"length":66.2798,"mcpPosition":[-18.7722,311.038,8.87891],"pipPosition":[-35.4282,290.478,-30.7828],"stabilizedTipPosition":[-57.4177,245.636,11.7845],"timeVisible":0.334463,"tipPosition":[-38.5348,252.323,-15.7181],"tipVelocity":[147.185,17.6011,-195.661],"tool":false,"touchDistance":0.333333,"touchZone":"none","type":2,"width":18.7912},{"bases":[[[0.918218,-0.323496,-0.228529],[0.396065,0.754044,0.523976],[0.0028168,-0.571637,0.820502]],[[0.918218,-0.323471,-0.228565],[0.181753,0.856847,-0.482471],[0.351911,0.401472,0.845564]],[[0.918218,-0.323471,-0.228565],[-0.265944,-0.0758784,-0.960997],[0.293511,0.943191,-0.155698]],[[0.918218,-0.323471,-0.228565],[-0.387679,-0.61581,-0.685917],[0.0811215,0.718432,-0.690851]]],"btipPosition":[-22.1975,247.969,-11.4166],"carpPosition":[3.07171,269.415,59.7579],"dipPosition":[-20.6982,261.246,-24.1845],"direction":[-0.293511,-0.943191,0.155698],"extended":false,"handId":367,"id":3673,"length":63.7298,"mcpPosition":[2.89718,304.834,8.91896],"pipPosition":[-12.6556,287.091,-28.4508],"stabilizedTipPosition":[-32.173,248.927,-5.63106],"timeVisible":0.334463,"tipPosition":[-21.9476,251.599,-15.5061],"tipVelocity":[165.953,-0.926428,-91.9531],"tool":false,"touchDistance":0.333333,"touchZone":"none","type":3,"width":17.881},{"bases":[[[0.834225,-0.507596,-0.215443],[0.532742,0.641064,0.55247],[-0.142319,-0.57566,0.805209]],[[0.840231,-0.478576,-0.254907],[0.340997,0.831886,-0.437821],[0.421584,0.280948,0.862169]],[[0.840231,-0.478576,-0.254907],[-0.276624,0.0259995,-0.960626],[0.46636,0.877661,-0.11054]],[[0.840231,-0.478576,-0.254907],[-0.498629,-0.497268,-0.709995],[0.213029,0.723664,-0.656452]]],"btipPosition":[-5.98309,255.475,-9.03495],"carpPosition":[13.2539,261.602,53.9729],"dipPosition":[-2.35097,267.813,-20.2274],"direction":[-0.46636,-0.877661,0.11054],"extended":false,"handId":367,"id":3674,"length":49.963,"mcpPosition":[21.4168,294.62,7.78904],"pipPosition":[6.67156,284.793,-22.366],"stabilizedTipPosition":[-12.9132,255.567,-5.25435],"timeVisible":0.334463,"tipPosition":[-5.07132,258.894,-12.5382],"tipVelocity":[148.508,33.8027,-87.0367],"tool":false,"touchDistance":0.333333,"touchZone":"none","type":4,"width":15.8833}],"r":[[0.854682,0.0903169,0.511236],[-0.128545,0.990903,0.0398446],[-0.502986,-0.0997714,0.858516]],"s":1.00046,"t":[88.0145,64.7045,-117.045],"timestamp":15483892003},false],[3,{"currentFrameRate":110.634,"devices":[],"gestures":[],"hands":[{"armBasis":[[0.953838,-0.0324202,-0.298565],[0.134462,0.935047,0.328036],[0.268537,-0.353039,0.896243]],"armWidth":63.029,"confidence":0.710727,"direction":[-0.0908091,0.700244,-0.708105],"elbow":[70.5432,162.128,300.845],"grabStrength":0,"id":367,"palmNormal":[-0.188294,-0.71029,-0.678258],"palmPosition":[-14.2042,291.323,22.2427],"palmVelocity":[48.3754,64.8901,-117.256],"palmWidth":90.0033,"pinchStrength":0.841001,"r":[[0.847129,0.101117,0.521678],[-0.140174,0.989478,0.0358319],[-0.512566,-0.10348,0.85239]],"s":1.00241,"sphereCenter":[-6.31606,266.028,-28.0446],"sphereRadius":52.7403,"stabilizedPalmPosition":[-25.0518,281.183,44.2036],"t":[88.3336,65.3652,-117.837],"timeVisible":0.343524,"type":"right","wrist":[-1.17562,256.415,61.4835]}],"id":1184070,"interactionBox":{"center":[0,200,0],"size":[235.247,235.247,147.751]},"pointables":[{"bases":[[[0.544202,0.743075,0.389466],[-0.667365,0.102107,0.737698],[0.508397,-0.661373,0.551469]],[[0.293608,0.946399,0.134621],[-0.796387,0.164275,0.58205],[0.528736,-0.278105,0.801932]],[[0.293608,0.946399,0.134621],[-0.929844,0.250078,0.26991],[0.221776,-0.204425,0.953428]],[[0.293608,0.946399,0.134621],[-0.940118,0.31138,-0.138635],[-0.173123,-0.0858556,0.981151]]],"btipPosition":[-60.0345,271.093,-32.2936],"carpPosition":[-30.4557,248.479,62.1715],"dipPosition":[-64.0423,269.106,-9.58011],"direction":[-0.221776,0.204425,-0.953428],"extended":false,"handId":367,"id":3670,"length":51.5512,"mcpPosition":[-30.4557,248.479,62.1715],"pipPosition":[-56.5627,262.211,22.5751],"stabilizedTipPosition":[-89.029,265.789,15.2844],"timeVisible":0.343524,"tipPosition":[-60.945,271.649,-27.1083],"tipVelocity":[120.709,-34.5463,-169.106],"tool":false,"touchDistance":-0.615911,"touchZone":"hovering","type":0,"width":20.0304},{"bases":[[[0.948776,0.046851,-0.312457],[0.148575,0.806618,0.572095],[0.278837,-0.589213,0.758339]],[[0.981028,-0.0473689,-0.187989],[0.112077,0.929798,0.350592],[0.158184,-0.36501,0.917467]],[[0.981028,-0.0473689,-0.187989],[0.0899012,0.97028,0.224665],[0.17176,-0.237303,0.956131]],[[0.981028,-0.0473689,-0.187989],[0.0725534,0.98893,0.129435],[0.179777,-0.140619,0.973605]]],"btipPosition":[-54.1318,335.496,-67.26],"carpPosition":[-19.9733,269.057,66.2286],"dipPosition":[-51.0936,333.12,-50.8057],"direction":[-0.17176,0.237303,-0.956131],"extended":true,"handId":367,"id":3671,"length":58.1698,"mcpPosition":[-40.2648,311.935,11.0429],"pipPosition":[-46.9871,327.446,-27.9463],"stabilizedTipPosition":[-66.7001,329.159,-40.7069],"timeVisible":0.343524,"tipPosition":[-52.9288,333.936,-63.8096],"tipVelocity":[90.1249,37.9284,-166.873],"tool":false,"touchDistance":-0.60929,"touchZone":"hovering","type":1,"width":19.133},{"bases":[[[0.938402,-0.171384,-0.300049],[0.312923,0.789795,0.527544],[0.146565,-0.588941,0.794775]],[[0.941294,-0.183811,-0.28316],[0.0346635,0.886964,-0.460535],[0.335805,0.423684,0.841265]],[[0.941294,-0.183811,-0.28316],[-0.303715,-0.0948859,-0.948026],[0.14739,0.978371,-0.145142]],[[0.941294,-0.183811,-0.28316],[-0.332045,-0.655485,-0.678296],[-0.060929,0.732498,-0.678037]]],"btipPosition":[-37.5923,250.631,-15.2868],"carpPosition":[-8.45409,271.323,62.9853],"dipPosition":[-38.7249,264.246,-27.8903],"direction":[-0.14739,-0.978371,0.145142],"extended":false,"handId":367,"id":3672,"length":66.2798,"mcpPosition":[-18.5687,311.966,8.13672],"pipPosition":[-34.5791,291.766,-31.9729],"stabilizedTipPosition":[-56.4572,246.035,10.3132],"timeVisible":0.343524,"tipPosition":[-37.6448,253.388,-17.2623],"tipVelocity":[133.23,47.2458,-192.051],"tool":false,"touchDistance":0.333333,"touchZone":"none","type":2,"width":18.7912},{"bases":[[[0.923464,-0.315231,-0.21873],[0.383681,0.756355,0.529826],[-0.00157981,-0.573198,0.819415]],[[0.923465,-0.315114,-0.218898],[0.179109,0.858584,-0.480367],[0.339313,0.404396,0.849312]],[[0.923465,-0.315114,-0.218898],[-0.255359,-0.0789618,-0.963616],[0.286364,0.945763,-0.153386]],[[0.923465,-0.315114,-0.218898],[-0.374902,-0.619711,-0.689497],[0.081617,0.718792,-0.690418]]],"btipPosition":[-21.2003,248.875,-12.1622],"carpPosition":[3.05303,270.432,59.1819],"dipPosition":[-19.6919,262.16,-24.9221],"direction":[-0.286364,-0.945763,0.153386],"extended":false,"handId":367,"id":3673,"length":63.7298,"mcpPosition":[3.15092,305.947,8.41031],"pipPosition":[-11.845,288.075,-29.1251],"stabilizedTipPosition":[-29.625,249.603,-7.76179],"timeVisible":0.343524,"tipPosition":[-20.9431,252.494,-16.2408],"tipVelocity":[150.58,27.0128,-89.2286],"tool":false,"touchDistance":0.333333,"touchZone":"none","type":3,"width":17.881},{"bases":[[[0.8409,-0.500063,-0.206938],[0.520986,0.644486,0.559654],[-0.146494,-0.578424,0.802474]],[[0.846628,-0.473597,-0.242747],[0.341241,0.833123,-0.435271],[0.408382,0.285677,0.866956]],[[0.846628,-0.473597,-0.242747],[-0.264593,0.0211726,-0.964128],[0.461748,0.880487,-0.107385]],[[0.846628,-0.473597,-0.242747],[-0.486149,-0.502673,-0.714828],[0.216518,0.723205,-0.655816]]],"btipPosition":[-5.13989,256.536,-9.59239],"carpPosition":[13.3661,262.717,53.498],"dipPosition":[-1.44828,268.867,-20.774],"direction":[-0.461748,-0.880487,0.107385],"extended":false,"handId":367,"id":3674,"length":49.963,"mcpPosition":[21.7685,295.893,7.47093],"pipPosition":[7.48502,285.901,-22.8515],"stabilizedTipPosition":[-10.9443,256.436,-6.83223],"timeVisible":0.343524,"tipPosition":[-4.20547,259.937,-13.0895],"tipVelocity":[133.612,56.7475,-79.9142],"tool":false,"touchDistance":0.333333,"touchZone":"none","type":4,"width":15.8833}],"r":[[0.847129,0.101117,0.521678],[-0.140174,0.989478,0.0358319],[-0.512566,-0.10348,0.85239]],"s":1.00241,"t":[88.3336,65.3652,-117.837],"timestamp":15483901064},false],[4,{"currentFrameRate":110.652,"devices":[],"gestures":[],"hands":[{"armBasis":[[0.954036,-0.0270222,-0.298471],[0.130153,0.934463,0.33142],[0.269955,-0.355034,0.895028]],"armWidth":63.029,"confidence":0.723269,"direction":[-0.0867731,0.698233,-0.710593],"elbow":[70.8991,162.388,299.855],"grabStrength":0,"id":367,"palmNormal":[-0.18091,-0.712468,-0.677984],"palmPosition":[-13.993,291.984,21.3839],"palmVelocity":[41.5299,67.2186,-111.241],"palmWidth":90.0033,"pinchStrength":0.838462,"r":[[0.839978,0.110406,0.53127],[-0.149985,0.988177,0.0317782],[-0.521481,-0.106375,0.846606]],"s":1.0044,"sphereCenter":[-6.02741,266.651,-28.7689],"sphereRadius":52.6792,"stabilizedPalmPosition":[-24.6669,281.559,43.4092],"t":[88.5988,66.0259,-118.662],"timeVisible":0.35253,"type":"right","wrist":[-1.19822,257.207,60.8183]}],"id":1184071,"interactionBox":{"center":[0,200,0],"size":[235.247,235.247,147.751]},"pointables":[{"bases":[[[0.539092,0.745442,0.39204],[-0.673658,0.102242,0.731937],[0.505533,-0.658683,0.557291]],[[0.290709,0.947204,0.13525],[-0.796869,0.16144,0.582183],[0.529611,-0.277022,0.80173]],[[0.290709,0.947204,0.13525],[-0.932353,0.248676,0.262448],[0.214958,-0.202396,0.955421]],[[0.290709,0.947204,0.13525],[-0.942055,0.308081,-0.132733],[-0.167394,-0.0888259,0.981881]]],"btipPosition":[-59.9874,271.759,-33.2531],"carpPosition":[-30.4626,249.199,61.2861],"dipPosition":[-63.8625,269.703,-10.5227],"direction":[-0.214958,0.202396,-0.955421],"extended":false,"handId":367,"id":3670,"length":51.5512,"mcpPosition":[-30.4626,249.199,61.2861],"pipPosition":[-56.6129,262.877,21.6997],"stabilizedTipPosition":[-87.8328,266.023,13.444],"timeVisible":0.35253,"tipPosition":[-60.6582,272.103,-28.132],"tipVelocity":[89.9144,-5.21458,-151.798],"tool":false,"touchDistance":-0.596988,"touchZone":"hovering","type":0,"width":20.0304},{"bases":[[[0.951187,0.0485021,-0.304779],[0.141819,0.808427,0.571255],[0.274099,-0.586594,0.762087]],[[0.98232,-0.0436885,-0.182042],[0.106412,0.930331,0.350941],[0.154027,-0.364108,0.918532]],[[0.98232,-0.0436885,-0.182042],[0.0845624,0.971085,0.223257],[0.167024,-0.234703,0.95761]],[[0.98232,-0.0436885,-0.182042],[0.0674783,0.989654,0.126613],[0.174627,-0.136658,0.975105]]],"btipPosition":[-53.5032,335.895,-68.4903],"carpPosition":[-20.0664,269.813,65.377],"dipPosition":[-50.5519,333.585,-52.0107],"direction":[-0.167024,0.234703,-0.95761],"extended":true,"handId":367,"id":3671,"length":58.1698,"mcpPosition":[-40.0131,312.5,9.91855],"pipPosition":[-46.5587,327.974,-29.1159],"stabilizedTipPosition":[-66.2491,329.36,-41.4867],"timeVisible":0.35253,"tipPosition":[-52.2778,334.394,-65.0265],"tipVelocity":[83.9317,40.127,-158.38],"tool":false,"touchDistance":-0.595061,"touchZone":"hovering","type":1,"width":19.133},{"bases":[[[0.941267,-0.169727,-0.291906],[0.30657,0.791914,0.528098],[0.141531,-0.58657,0.797436]],[[0.944077,-0.182227,-0.274793],[0.0395515,0.889973,-0.454296],[0.327343,0.418022,0.84741]],[[0.944077,-0.182227,-0.274793],[-0.294011,-0.0880073,-0.951742],[0.149249,0.97931,-0.136662]],[[0.944077,-0.182227,-0.274793],[-0.325171,-0.652568,-0.684411],[-0.054603,0.735492,-0.675329]]],"btipPosition":[-37.0841,251.433,-16.8149],"carpPosition":[-8.5267,272.1,62.2227],"dipPosition":[-38.0991,265.104,-29.3681],"direction":[-0.149249,-0.97931,0.136662],"extended":false,"handId":367,"id":3672,"length":66.2798,"mcpPosition":[-18.294,312.58,7.19047],"pipPosition":[-33.901,292.65,-33.2121],"stabilizedTipPosition":[-55.5529,246.438,8.89505],"timeVisible":0.35253,"tipPosition":[-37.101,254.148,-18.6886],"tipVelocity":[112.957,59.1205,-185.549],"tool":false,"touchDistance":0.333333,"touchZone":"none","type":2,"width":18.7912},{"bases":[[[0.926029,-0.313408,-0.210349],[0.377391,0.758662,0.531044],[-0.00684979,-0.571146,0.82082]],[[0.92603,-0.313292,-0.210515],[0.180533,0.857428,-0.481898],[0.331476,0.408247,0.850563]],[[0.92603,-0.313292,-0.210515],[-0.247796,-0.0838945,-0.965173],[0.28472,0.945944,-0.155321]],[[0.92603,-0.313292,-0.210515],[-0.367828,-0.623901,-0.689529],[0.0846836,0.715958,-0.692989]]],"btipPosition":[-20.5786,249.423,-12.8698],"carpPosition":[3.0135,271.229,58.5161],"dipPosition":[-19.0135,262.655,-25.6772],"direction":[-0.28472,-0.945944,0.155321],"extended":false,"handId":367,"id":3673,"length":63.7298,"mcpPosition":[3.43792,306.618,7.65747],"pipPosition":[-11.2117,288.575,-29.9333],"stabilizedTipPosition":[-27.3915,250.283,-9.67405],"timeVisible":0.35253,"tipPosition":[-20.3027,253.007,-16.9448],"tipVelocity":[128.574,35.9333,-86.6334],"tool":false,"touchDistance":0.333333,"touchZone":"none","type":3,"width":17.881},{"bases":[[[0.843841,-0.498421,-0.198767],[0.514731,0.64722,0.56228],[-0.151606,-0.576786,0.802704]],[[0.849199,-0.475107,-0.230508],[0.345089,0.82969,-0.43878],[0.399718,0.293066,0.868526]],[[0.849199,-0.475107,-0.230508],[-0.255487,0.0123781,-0.966733],[0.462155,0.879841,-0.110872]],[[0.849199,-0.475107,-0.230508],[-0.47887,-0.508846,-0.715374],[0.222586,0.717879,-0.659626]]],"btipPosition":[-4.62858,257.097,-10.0895],"carpPosition":[13.3925,263.526,52.9365],"dipPosition":[-0.833515,269.337,-21.3361],"direction":[-0.462155,-0.879841,0.110872],"extended":false,"handId":367,"id":3674,"length":49.963,"mcpPosition":[22.0881,296.609,6.89629],"pipPosition":[8.10766,286.359,-23.4811],"stabilizedTipPosition":[-9.17448,257.292,-8.27099],"timeVisible":0.35253,"tipPosition":[-3.65789,260.465,-13.6103],"tipVelocity":[113.227,57.6299,-73.5807],"tool":false,"touchDistance":0.333333,"touchZone":"none","type":4,"width":15.8833}],"r":[[0.839978,0.110406,0.53127],[-0.149985,0.988177,0.0317782],[-0.521481,-0.106375,0.846606]],"s":1.0044,"t":[88.5988,66.0259,-118.662],"timestamp":15483910070},false],[5,{"currentFrameRate":110.604,"devices":[],"gestures":[],"hands":[{"armBasis":[[0.954949,-0.0206364,-0.296053],[0.125567,0.93198,0.340067],[0.268898,-0.361921,0.892585]],"armWidth":63.029,"confidence":0.73146,"direction":[-0.0852473,0.698402,-0.71061],"elbow":[70.6441,161.331,298.438],"grabStrength":0,"id":367,"palmNormal":[-0.173953,-0.712685,-0.679573],"palmPosition":[-13.8649,292.745,20.5664],"palmVelocity":[33.8902,71.7036,-105.221],"palmWidth":90.0033,"pinchStrength":0.825383,"r":[[0.833365,0.118395,0.539893],[-0.158614,0.986932,0.0284046],[-0.529475,-0.109306,0.841254]],"s":1.00723,"sphereCenter":[-6.08552,267.646,-29.4398],"sphereRadius":52.4951,"stabilizedPalmPosition":[-24.2685,281.971,42.5668],"t":[88.7954,66.7367,-119.483],"timeVisible":0.361656,"type":"right","wrist":[-1.17088,257.99,60.0531]}],"id":1184072,"interactionBox":{"center":[0,200,0],"size":[235.247,235.247,147.751]},"pointables":[{"bases":[[[0.533729,0.747296,0.395831],[-0.678485,0.099021,0.72791],[0.504768,-0.657072,0.55988]],[[0.287381,0.947684,0.13895],[-0.796272,0.15576,0.584542],[0.532318,-0.278628,0.799377]],[[0.287381,0.947684,0.13895],[-0.934523,0.245627,0.257555],[0.20995,-0.203868,0.956221]],[[0.287381,0.947684,0.13895],[-0.944271,0.304631,-0.124707],[-0.160512,-0.0953681,0.982416]]],"btipPosition":[-60.0542,272.706,-34.1247],"carpPosition":[-30.4054,249.865,60.3377],"dipPosition":[-63.7701,270.498,-11.382],"direction":[-0.20995,0.203868,-0.956221],"extended":false,"handId":367,"id":3670,"length":51.5512,"mcpPosition":[-30.4054,249.865,60.3377],"pipPosition":[-56.6893,263.623,20.8674],"stabilizedTipPosition":[-86.8212,266.255,11.8533],"timeVisible":0.361656,"tipPosition":[-60.5235,272.818,-29.0614],"tipVelocity":[64.0134,23.9944,-136.073],"tool":false,"touchDistance":-0.578654,"touchZone":"hovering","type":0,"width":20.0304},{"bases":[[[0.952817,0.0525142,-0.29897],[0.135128,0.808567,0.572678],[0.271811,-0.586056,0.76332]],[[0.983101,-0.0373667,-0.179212],[0.100108,0.929342,0.355389],[0.15327,-0.367324,0.917378]],[[0.983101,-0.0373667,-0.179212],[0.0781541,0.97092,0.226286],[0.165545,-0.236468,0.957433]],[[0.983101,-0.0373667,-0.179212],[0.0610255,0.989846,0.128378],[0.172595,-0.137145,0.975398]]],"btipPosition":[-53.2849,336.747,-69.4025],"carpPosition":[-20.1165,270.517,64.5062],"dipPosition":[-50.3679,334.429,-52.9179],"direction":[-0.165545,0.236468,-0.957433],"extended":true,"handId":367,"id":3671,"length":58.1698,"mcpPosition":[-39.8966,313.166,8.95803],"pipPosition":[-46.41,328.776,-30.0273],"stabilizedTipPosition":[-65.8189,329.577,-42.248],"timeVisible":0.361656,"tipPosition":[-52.0131,335.261,-65.944],"tipVelocity":[67.0188,54.8718,-142.113],"tool":false,"touchDistance":-0.577554,"touchZone":"hovering","type":1,"width":19.133},{"bases":[[[0.943689,-0.165763,-0.286311],[0.300202,0.792741,0.530509],[0.139032,-0.586587,0.797864]],[[0.946446,-0.178269,-0.269183],[0.0387493,0.890435,-0.453457],[0.320528,0.418742,0.849657]],[[0.946446,-0.178269,-0.269183],[-0.287928,-0.0888304,-0.953523],[0.146072,0.979964,-0.135402]],[[0.946446,-0.178269,-0.269183],[-0.318382,-0.653728,-0.686493],[-0.053592,0.735432,-0.675476]]],"btipPosition":[-36.5565,252.135,-17.7834],"carpPosition":[-8.56707,272.853,61.4235],"dipPosition":[-37.5526,265.805,-30.3393],"direction":[-0.146072,-0.979964,0.135402],"extended":false,"handId":367,"id":3672,"length":66.2798,"mcpPosition":[-18.1619,313.334,6.36178],"pipPosition":[-33.4439,293.37,-34.1479],"stabilizedTipPosition":[-54.6665,246.856,7.49857],"timeVisible":0.361656,"tipPosition":[-36.5788,254.856,-19.6788],"tipVelocity":[97.768,64.0661,-163.503],"tool":false,"touchDistance":0.333333,"touchZone":"none","type":2,"width":18.7912},{"bases":[[[0.928529,-0.309562,-0.20495],[0.371137,0.75977,0.533861],[-0.00954811,-0.57177,0.820358]],[[0.928528,-0.309607,-0.204886],[0.17878,0.856542,-0.484121],[0.325381,0.41289,0.850676]],[[0.928528,-0.309607,-0.204886],[-0.243172,-0.0901686,-0.965783],[0.280539,0.94658,-0.159012]],[[0.928528,-0.309607,-0.204886],[-0.361574,-0.628883,-0.68831],[0.0842568,0.713197,-0.695882]]],"btipPosition":[-20.0343,250.092,-13.4213],"carpPosition":[2.99877,272.031,57.7864],"dipPosition":[-18.4771,263.272,-26.2821],"direction":[-0.280539,-0.94658,0.159012],"extended":false,"handId":367,"id":3673,"length":63.7298,"mcpPosition":[3.59038,307.458,6.95636],"pipPosition":[-10.7899,289.21,-30.6393],"stabilizedTipPosition":[-25.4547,250.996,-11.3573],"timeVisible":0.361656,"tipPosition":[-19.7593,253.662,-17.5314],"tipVelocity":[109.367,45.945,-79.7274],"tool":false,"touchDistance":0.333333,"touchZone":"none","type":3,"width":17.881},{"bases":[[[0.847012,-0.49491,-0.193999],[0.508727,0.648853,0.56585],[-0.154168,-0.577974,0.80136]],[[0.851793,-0.474834,-0.221318],[0.346865,0.827776,-0.44099],[0.392599,0.298865,0.869797]],[[0.851793,-0.474834,-0.221318],[-0.248462,0.00576082,-0.968624],[0.461211,0.880056,-0.113071]],[[0.851793,-0.474834,-0.221318],[-0.472395,-0.513542,-0.716323],[0.226478,0.714708,-0.66174]]],"btipPosition":[-4.23119,257.859,-10.6504],"carpPosition":[13.442,264.373,52.2643],"dipPosition":[-0.369757,270.045,-21.933],"direction":[-0.461211,-0.880056,0.113071],"extended":false,"handId":367,"id":3674,"length":49.963,"mcpPosition":[22.2846,297.524,6.30121],"pipPosition":[8.55315,287.071,-24.1206],"stabilizedTipPosition":[-7.63531,258.181,-9.58396],"timeVisible":0.361656,"tipPosition":[-3.23337,261.211,-14.189],"tipVelocity":[94.3319,64.4426,-70.4662],"tool":false,"touchDistance":0.333333,"touchZone":"none","type":4,"width":15.8833}],"r":[[0.833365,0.118395,0.539893],[-0.158614,0.986932,0.0284046],[-0.529475,-0.109306,0.841254]],"s":1.00723,"t":[88.7954,66.7367,-119.483],"timestamp":15483919196},false],[6,{"currentFrameRate":110.652,"devices":[],"gestures":[],"hands":[{"armBasis":[[0.956761,-0.0147189,-0.290503],[0.11804,0.932434,0.341515],[0.265849,-0.361039,0.893854]],"armWidth":63.029,"confidence":0.740722,"direction":[-0.084167,0.698864,-0.710285],"elbow":[69.7365,162.275,297.948],"grabStrength":0,"id":367,"palmNormal":[-0.165378,-0.712726,-0.681669],"palmPosition":[-13.8758,293.436,19.696],"palmVelocity":[24.2934,73.2005,-103.035],"palmWidth":90.0033,"pinchStrength":0.814701,"r":[[0.827073,0.125521,0.547901],[-0.166598,0.985691,0.0256693],[-0.536839,-0.11251,0.836149]],"s":1.01077,"sphereCenter":[-6.33968,268.722,-30.0717],"sphereRadius":52.1905,"stabilizedPalmPosition":[-23.8788,282.401,41.7091],"t":[88.8883,67.4375,-120.329],"timeVisible":0.370609,"type":"right","wrist":[-1.26424,258.699,59.2246]}],"id":1184073,"interactionBox":{"center":[0,200,0],"size":[235.247,235.247,147.751]},"pointables":[{"bases":[[[0.526904,0.749671,0.400456],[-0.68401,0.0943603,0.723344],[0.504483,-0.655049,0.562501]],[[0.281682,0.948854,0.142586],[-0.798531,0.149431,0.583111],[0.53198,-0.278111,0.799782]],[[0.281682,0.948854,0.142586],[-0.937617,0.240638,0.250932],[0.203786,-0.204374,0.957446]],[[0.281682,0.948854,0.142586],[-0.946181,0.299367,-0.122971],[-0.159367,-0.100273,0.982114]]],"btipPosition":[-59.906,273.36,-35.2193],"carpPosition":[-30.4552,250.414,59.2974],"dipPosition":[-63.5953,271.039,-12.4836],"direction":[-0.203786,0.204374,-0.957446],"extended":false,"handId":367,"id":3670,"length":51.5512,"mcpPosition":[-30.4552,250.414,59.2974],"pipPosition":[-56.7225,264.146,19.8071],"stabilizedTipPosition":[-85.9873,266.465,10.5147],"timeVisible":0.370609,"tipPosition":[-60.2999,273.348,-30.1795],"tipVelocity":[51.2265,36.6087,-132.347],"tool":false,"touchDistance":-0.565566,"touchZone":"hovering","type":0,"width":20.0304},{"bases":[[[0.954551,0.0581021,-0.292331],[0.126766,0.808535,0.574631],[0.269747,-0.585572,0.764422]],[[0.983879,-0.0288173,-0.176501],[0.0922113,0.927369,0.362607],[0.153232,-0.373037,0.915076]],[[0.983879,-0.0288173,-0.176501],[0.0701551,0.970016,0.232695],[0.164503,-0.241326,0.9564]],[[0.983879,-0.0288173,-0.176501],[0.0529976,0.989582,0.133858],[0.170804,-0.141055,0.975156]]],"btipPosition":[-53.2696,337.736,-70.2991],"carpPosition":[-20.3081,271.117,63.5631],"dipPosition":[-50.3829,335.352,-53.8187],"direction":[-0.164503,0.241326,-0.9564],"extended":true,"handId":367,"id":3671,"length":58.1698,"mcpPosition":[-39.9381,313.73,7.93473],"pipPosition":[-46.4499,329.583,-30.9528],"stabilizedTipPosition":[-65.4135,329.81,-42.9924],"timeVisible":0.370609,"tipPosition":[-51.9462,336.202,-66.8617],"tipVelocity":[48.9528,69.6079,-130.672],"tool":false,"touchDistance":-0.561596,"touchZone":"hovering","type":1,"width":19.133},{"bases":[[[0.946528,-0.160238,-0.280016],[0.292211,0.793666,0.53358],[0.136739,-0.586872,0.79805]],[[0.949238,-0.172764,-0.262868],[0.0359028,0.889717,-0.455099],[0.312502,0.42256,0.850756]],[[0.949238,-0.172764,-0.262868],[-0.281593,-0.0942834,-0.954891],[0.140187,0.98044,-0.138147]],[[0.949238,-0.172764,-0.262868],[-0.309806,-0.658187,-0.686156],[-0.0544729,0.732763,-0.6783]]],"btipPosition":[-36.0173,252.675,-18.5794],"carpPosition":[-8.75073,273.519,60.5631],"dipPosition":[-37.0299,266.296,-31.1878],"direction":[-0.140187,-0.98044,0.138147],"extended":false,"handId":367,"id":3672,"length":66.2798,"mcpPosition":[-18.1873,314.02,5.4885],"pipPosition":[-33.0867,293.874,-35.0736],"stabilizedTipPosition":[-53.8059,247.274,6.14436],"timeVisible":0.370609,"tipPosition":[-36.0834,255.453,-20.6581],"tipVelocity":[87.3888,62.6973,-143.48],"tool":false,"touchDistance":0.333333,"touchZone":"none","type":2,"width":18.7912},{"bases":[[[0.931594,-0.304225,-0.198945],[0.363299,0.761077,0.537379],[-0.0120715,-0.572896,0.819539]],[[0.931591,-0.304388,-0.198712],[0.175821,0.855759,-0.486583],[0.31816,0.418359,0.850735]],[[0.931591,-0.304388,-0.198712],[-0.237886,-0.0971566,-0.966422],[0.274861,0.94758,-0.16292]],[[0.931591,-0.304388,-0.198712],[-0.353878,-0.634417,-0.68723],[0.0831187,0.710537,-0.698733]]],"btipPosition":[-19.5367,250.676,-13.9951],"carpPosition":[2.84419,272.765,57.0046],"dipPosition":[-18.0006,263.807,-26.9087],"direction":[-0.274861,-0.94758,0.16292],"extended":false,"handId":367,"id":3673,"length":63.7298,"mcpPosition":[3.59214,308.262,6.22538],"pipPosition":[-10.469,289.772,-31.3729],"stabilizedTipPosition":[-23.8636,251.681,-12.7801],"timeVisible":0.370609,"tipPosition":[-19.2649,254.24,-18.145],"tipVelocity":[94.5133,50.8696,-75.8236],"tool":false,"touchDistance":0.333333,"touchZone":"none","type":3,"width":17.881},{"bases":[[[0.851016,-0.490029,-0.188793],[0.50127,0.650869,0.570173],[-0.156522,-0.579863,0.799537]],[[0.855157,-0.473188,-0.211657],[0.347231,0.826073,-0.443884],[0.384885,0.306097,0.870728]],[[0.855157,-0.473188,-0.211657],[-0.240968,-0.00136486,-0.970532],[0.458956,0.88096,-0.115191]],[[0.855157,-0.473188,-0.211657],[-0.464534,-0.51836,-0.717991],[0.23003,0.712317,-0.663092]]],"btipPosition":[-3.91853,258.536,-11.2339],"carpPosition":[13.3669,265.172,51.5449],"dipPosition":[0.00345335,270.681,-22.5395],"direction":[-0.458956,-0.88096,0.115191],"extended":false,"handId":367,"id":3674,"length":49.963,"mcpPosition":[22.3444,298.431,5.6863],"pipPosition":[8.88273,287.725,-24.7681],"stabilizedTipPosition":[-6.39556,259.026,-10.7248],"timeVisible":0.370609,"tipPosition":[-2.88935,261.889,-14.7917],"tipVelocity":[78.5165,67.2145,-69.1795],"tool":false,"touchDistance":0.333333,"touchZone":"none"