{"sensorType":"Leap","data":[[0,{"currentFrameRate":108.055,"devices":[],"gestures":[],"hands":[{"armBasis":[[0.951872,0.0407711,-0.303773],[0.0638427,0.942998,0.326616],[0.299774,-0.33029,0.895011]],"armWidth":63.029,"confidence":0.600303,"direction":[-0.100742,0.807168,-0.581662],"elbow":[71.1238,133.219,279.864],"grabStrength":0,"id":366,"palmNormal":[-0.1463,-0.590299,-0.793816],"palmPosition":[-22.3639,262.061,7.70895],"palmVelocity":[-162.916,0.0273144,177.314],"palmWidth":90.0033,"pinchStrength":0.362929,"r":[[0.943951,-0.0354735,0.328173],[-0.0311116,0.980221,0.195445],[-0.328615,-0.194701,0.924177]],"s":1.6366,"sphereCenter":[-52.3696,254.695,-29.4971],"sphereRadius":47.7919,"stabilizedPalmPosition":[-9.35839,259.955,-13.7691],"t":[96.2417,122.533,-62.3933],"timeVisible":8.65847,"type":"right","wrist":[-8.93746,221.431,40.8314]}],"id":1182359,"interactionBox":{"center":[0,200,0],"size":[235.247,235.247,147.751]},"pointables":[{"bases":[[[0.507195,0.683421,0.525061],[-0.687252,-0.0468931,0.724904],[0.520036,-0.728517,0.445899]],[[0.292678,0.895458,0.335402],[-0.68583,-0.0478392,0.726188],[0.666316,-0.442568,0.60013]],[[0.292678,0.895458,0.335402],[-0.934536,0.19361,0.298591],[0.202439,-0.400836,0.893504]],[[0.292678,0.895458,0.335402],[-0.946173,0.321897,-0.0337553],[-0.138191,-0.307469,0.94147]]],"btipPosition":[-74.4384,255.026,-42.2344],"carpPosition":[-37.9099,212.537,39.3269],"dipPosition":[-77.6375,247.908,-20.4395],"direction":[-0.202439,0.400836,-0.893504],"extended":false,"handId":366,"id":3660,"length":51.5512,"mcpPosition":[-37.9099,212.537,39.3269],"pipPosition":[-70.8101,234.389,9.69469],"stabilizedTipPosition":[-59.6969,246.234,-61.3929],"timeVisible":8.65847,"tipPosition":[-74.9052,252.297,-37.7663],"tipVelocity":[-206.12,30.8012,239.07],"tool":false,"touchDistance":0.360819,"touchZone":"hovering","type":0,"width":20.0304},{"bases":[[[0.953212,0.130471,-0.272698],[0.105439,0.701932,0.704396],[0.283319,-0.700192,0.655333]],[[0.872207,0.27495,-0.404546],[0.0151524,0.811476,0.584189],[0.488902,-0.515664,0.703609]],[[0.872207,0.27495,-0.404546],[-0.0915392,0.904201,0.417181],[0.480495,-0.326837,0.81382]],[[0.872207,0.27495,-0.404546],[-0.169201,0.945598,0.277877],[0.45894,-0.173917,0.871279]]],"btipPosition":[-88.9338,316.078,-64.6654],"carpPosition":[-28.2955,232.457,47.1072],"dipPosition":[-81.1776,313.139,-49.9405],"direction":[-0.480495,0.326837,-0.81382],"extended":true,"handId":366,"id":3661,"length":58.1698,"mcpPosition":[-48.9131,283.411,-0.582542],"pipPosition":[-69.6898,305.325,-30.4835],"stabilizedTipPosition":[-68.3739,317.143,-81.5667],"timeVisible":8.65847,"tipPosition":[-87.2291,316.37,-60.6721],"tipVelocity":[-235.928,-36.7562,225.708],"tool":false,"touchDistance":0.4091,"touchZone":"hovering","type":1,"width":19.133},{"bases":[[[0.950691,-0.0869138,-0.297713],[0.271267,0.698341,0.66237],[0.150336,-0.710468,0.687484]],[[0.949382,-0.0808875,-0.30353],[-0.0884611,0.858325,-0.505423],[0.30141,0.50669,0.807723]],[[0.949382,-0.0808875,-0.30353],[-0.312807,-0.331806,-0.889976],[-0.0287253,0.939873,-0.340313]],[[0.949382,-0.0808875,-0.30353],[-0.23662,-0.819682,-0.521663],[-0.206603,0.567078,-0.797331]]],"btipPosition":[-36.8952,223.513,-16.9355],"carpPosition":[-16.798,235.619,44.6258],"dipPosition":[-40.7355,234.054,-31.7565],"direction":[0.0287253,-0.939873,0.340313],"extended":false,"handId":366,"id":3662,"length":66.2798,"mcpPosition":[-27.173,284.649,-2.81843],"pipPosition":[-41.5435,260.491,-41.3288],"stabilizedTipPosition":[-24.6884,222.751,-41.5882],"timeVisible":8.65847,"tipPosition":[-37.812,225.706,-20.3085],"tipVelocity":[-173.499,6.13248,179.566],"tool":false,"touchDistance":0.333333,"touchZone":"none","type":2,"width":18.7912},{"bases":[[[0.93928,-0.242913,-0.242379],[0.343151,0.667343,0.660985],[0.00118808,-0.704022,0.710177]],[[0.938752,-0.22007,-0.265167],[0.0330642,0.823482,-0.566378],[0.343003,0.522921,0.780322]],[[0.938752,-0.22007,-0.265167],[-0.331009,-0.361965,-0.871444],[0.0957976,0.905842,-0.412641]],[[0.938752,-0.22007,-0.265167],[-0.326196,-0.815585,-0.47793],[-0.111088,0.535154,-0.837419]]],"btipPosition":[-20.9871,221.565,-10.648],"carpPosition":[-5.18248,235.766,41.0578],"dipPosition":[-23.0402,231.456,-26.1247],"direction":[-0.0957976,-0.905842,0.412641],"extended":false,"handId":366,"id":3663,"length":63.7298,"mcpPosition":[-5.2561,279.388,-2.94531],"pipPosition":[-20.4152,256.277,-37.4317],"stabilizedTipPosition":[-8.95245,219.928,-33.0351],"timeVisible":8.65847,"tipPosition":[-21.5666,223.672,-14.2601],"tipVelocity":[-161.731,6.57944,186.816],"tool":false,"touchDistance":0.333333,"touchZone":"none","type":3,"width":17.881},{"bases":[[[0.863408,-0.429666,-0.264414],[0.483814,0.556599,0.675368],[-0.14301,-0.711045,0.68845]],[[0.823902,-0.549922,-0.137005],[0.380668,0.716085,-0.585076],[0.419854,0.429893,0.799322]],[[0.823902,-0.549922,-0.137005],[-0.343106,-0.291597,-0.892888],[0.451069,0.78266,-0.428929]],[[0.823902,-0.549922,-0.137005],[-0.539822,-0.687897,-0.485169],[0.17256,0.47369,-0.86362]]],"btipPosition":[-12.6142,232.003,-9.97306],"carpPosition":[5.53684,229.474,34.4479],"dipPosition":[-9.67204,240.079,-24.6977],"direction":[-0.451069,-0.78266,0.428929],"extended":false,"handId":366,"id":3664,"length":49.963,"mcpPosition":[13.7394,270.257,-5.03916],"pipPosition":[-0.945339,255.221,-32.996],"stabilizedTipPosition":[1.28653,229.465,-32.4133],"timeVisible":8.65847,"tipPosition":[-11.9281,233.636,-13.3961],"tipVelocity":[-169.481,12.1865,164.101],"tool":false,"touchDistance":0.333333,"touchZone":"none","type":4,"width":15.8833}],"r":[[0.943951,-0.0354735,0.328173],[-0.0311116,0.980221,0.195445],[-0.328615,-0.194701,0.924177]],"s":1.6366,"t":[96.2417,122.533,-62.3933],"timestamp":15468192101},false],[1,{"currentFrameRate":110.584,"devices":[],"gestures":[],"hands":[{"armBasis":[[0.907851,-0.234437,-0.34763],[0.328085,0.913443,0.240795],[0.261089,-0.332658,0.906185]],"armWidth":63.029,"confidence":0.850559,"direction":[0.0782485,0.743851,-0.66375],"elbow":[67.152,130.451,294.351],"grabStrength":0,"id":366,"palmNormal":[-0.340496,-0.605814,-0.719064],"palmPosition":[-6.91776,258.566,15.3598],"palmVelocity":[177.552,283.203,-244.107],"palmWidth":90.0033,"pinchStrength":0.375196,"r":[[0.944595,-0.225096,0.238899],[0.20852,0.973599,0.092871],[-0.253497,-0.0379103,0.966593]],"s":1.61229,"sphereCenter":[-30.5912,250.871,-24.6419],"sphereRadius":46.0258,"stabilizedPalmPosition":[-12.7814,250.332,22.947],"t":[108.835,116.179,-50.6948],"timeVisible":9.48102,"type":"right","wrist":[-2.57743,219.294,52.334]}],"id":1182450,"interactionBox":{"center":[0,200,0],"size":[235.247,235.247,147.751]},"pointables":[{"bases":[[[0.696858,0.573421,0.430788],[-0.632343,0.207799,0.746299],[0.338427,-0.79247,0.507404]],[[0.457952,0.877277,0.143757],[-0.675794,0.238487,0.697443],[0.577566,-0.416545,0.702074]],[[0.457952,0.877277,0.143757],[-0.865001,0.402432,0.299704],[0.205071,-0.261599,0.943139]],[[0.457952,0.877277,0.143757],[-0.887435,0.441618,0.132033],[0.0523442,-0.188039,0.980766]]],"btipPosition":[-69.5477,252.008,-36.4741],"carpPosition":[-32.9017,218.264,52.7044],"dipPosition":[-68.336,247.654,-13.7696],"direction":[-0.205071,0.261599,-0.943139],"extended":false,"handId":366,"id":3660,"length":51.5512,"mcpPosition":[-32.9017,218.264,52.7044],"pipPosition":[-61.4198,238.832,18.0386],"stabilizedTipPosition":[-84.7835,237.131,-11.0541],"timeVisible":9.48102,"tipPosition":[-69.5643,251.796,-30.9343],"tipVelocity":[224.447,304.068,-302.054],"tool":false,"touchDistance":-0.521662,"touchZone":"hovering","type":0,"width":20.0304},{"bases":[[[0.936821,-0.153368,-0.314396],[0.324834,0.714918,0.619173],[0.129806,-0.68218,0.71957]],[[0.921241,-0.0910397,-0.37819],[0.261657,0.864436,0.429286],[0.287838,-0.494432,0.820175]],[[0.921241,-0.0910397,-0.37819],[0.200515,0.944247,0.261135],[0.333331,-0.316401,0.888133]],[[0.921241,-0.0910397,-0.37819],[0.15053,0.979916,0.130788],[0.358687,-0.177416,0.916443]]],"btipPosition":[-53.7224,316.821,-65.9967],"carpPosition":[-18.0127,235.603,57.9442],"dipPosition":[-47.6604,313.823,-50.5085],"direction":[-0.333331,0.316401,-0.888133],"extended":true,"handId":366,"id":3661,"length":58.1698,"mcpPosition":[-27.4589,285.246,5.57984],"pipPosition":[-39.6911,306.258,-29.2747],"stabilizedTipPosition":[-57.5095,309.288,-57.3506],"timeVisible":9.48102,"tipPosition":[-52.7243,313.98,-62.7861],"tipVelocity":[289.573,388.624,-269.617],"tool":false,"touchDistance":0.25161,"touchZone":"hovering","type":1,"width":19.133},{"bases":[[[0.87655,-0.363737,-0.315206],[0.481309,0.663547,0.572754],[0.000821522,-0.653759,0.756702]],[[0.87643,-0.353442,-0.327031],[0.139445,0.836341,-0.530178],[0.460897,0.419061,0.78228]],[[0.87643,-0.353442,-0.327031],[-0.446186,-0.340691,-0.827555],[0.181076,0.871211,-0.456293]],[[0.87643,-0.353442,-0.327031],[-0.457339,-0.823534,-0.335607],[-0.150704,0.443701,-0.883413]]],"btipPosition":[-30.5771,227.74,-5.48328],"carpPosition":[-6.25387,235.356,54.7794],"dipPosition":[-33.3784,235.988,-21.9044],"direction":[-0.181076,-0.871211,0.456293],"extended":false,"handId":366,"id":3662,"length":66.2798,"mcpPosition":[-6.31056,280.473,2.55833],"pipPosition":[-28.2851,260.493,-34.739],"stabilizedTipPosition":[-37.2856,220.412,-0.182529],"timeVisible":9.48102,"tipPosition":[-31.117,229.184,-8.53805],"tipVelocity":[180.157,299.852,-286.523],"tool":false,"touchDistance":0.333333,"touchZone":"none","type":2,"width":18.7912},{"bases":[[[0.828323,-0.504958,-0.242689],[0.542486,0.614685,0.572601],[-0.139962,-0.605954,0.78309]],[[0.82883,-0.502735,-0.245556],[0.284051,0.756213,-0.589455],[0.482032,0.418808,0.769575]],[[0.82883,-0.502735,-0.245556],[-0.449953,-0.338073,-0.826589],[0.332539,0.795591,-0.506412]],[[0.82883,-0.502735,-0.245556],[-0.558888,-0.764446,-0.321352],[-0.0261591,0.403585,-0.914568]]],"btipPosition":[-16.4864,221.856,-0.889372],"carpPosition":[4.77356,232.079,50.8639],"dipPosition":[-16.9698,229.315,-17.7919],"direction":[-0.332539,-0.795591,0.506412],"extended":false,"handId":366,"id":3663,"length":63.7298,"mcpPosition":[13.4457,269.625,2.34307],"pipPosition":[-7.85773,251.115,-31.6684],"stabilizedTipPosition":[-20.9444,216.478,1.60808],"timeVisible":9.48102,"tipPosition":[-16.5509,223.113,-4.46313],"tipVelocity":[176.857,291.656,-261.422],"tool":false,"touchDistance":0.333333,"touchZone":"none","type":3,"width":17.881},{"bases":[[[0.70546,-0.666273,-0.241675],[0.650206,0.472697,0.594803],[-0.282062,-0.576748,0.766683]],[[0.639018,-0.763718,-0.0916034],[0.587284,0.561332,-0.583099],[0.496743,0.318813,0.80722]],[[0.639018,-0.763718,-0.0916034],[-0.426366,-0.252568,-0.868574],[0.64021,0.594091,-0.487019]],[[0.639018,-0.763718,-0.0916034],[-0.735412,-0.571702,-0.363766],[0.225445,0.299819,-0.926975]]],"btipPosition":[-4.33652,227.885,-2.31655],"carpPosition":[13.0891,222.561,44.6638],"dipPosition":[-0.492719,232.997,-18.1214],"direction":[-0.64021,-0.594091,0.487019],"extended":false,"handId":366,"id":3664,"length":49.963,"mcpPosition":[29.2672,255.641,0.689566],"pipPosition":[11.8932,244.491,-27.5436],"stabilizedTipPosition":[-7.64563,222.72,-0.478142],"timeVisible":9.48102,"tipPosition":[-3.67058,228.846,-5.69913],"tipVelocity":[186.637,280.569,-242.8],"tool":false,"touchDistance":0.333333,"touchZone":"none","type":4,"width":15.8833}],"r":[[0.944595,-0.225096,0.238899],[0.20852,0.973599,0.092871],[-0.253497,-0.0379103,0.966593]],"s":1.61229,"t":[108.835,116.179,-50.6948],"timestamp":15469014648},false],[2,{"currentFrameRate":110.62,"devices":[],"gestures":[],"hands":[{"armBasis":[[0.907455,-0.23287,-0.34971],[0.328828,0.911749,0.24614],[0.261529,-0.338356,0.903946]],"armWidth":63.029,"confidence":0.852187,"direction":[0.0825126,0.741639,-0.665705],"elbow":[68.1529,131.206,292.269],"grabStrength":0,"id":366,"palmNormal":[-0.337664,-0.607668,-0.718834],"palmPosition":[-5.7997,260.731,13.7308],"palmVelocity":[163.034,271.682,-226.95],"palmWidth":90.0033,"pinchStrength":0.378968,"r":[[0.941942,-0.228097,0.246409],[0.21133,0.972995,0.0928421],[-0.260931,-0.0353784,0.964709]],"s":1.61441,"sphereCenter":[-29.7571,253.439,-26.0605],"sphereRadius":46.0862,"stabilizedPalmPosition":[-10.9522,253.056,20.5324],"t":[110.045,118.643,-52.6165],"timeVisible":9.49,"type":"right","wrist":[-1.69426,221.571,50.8506]}],"id":1182451,"interactionBox":{"center":[0,200,0],"size":[235.247,235.247,147.751]},"pointables":[{"bases":[[[0.695422,0.573912,0.43245],[-0.635803,0.210962,0.742461],[0.334877,-0.791277,0.511603]],[[0.458323,0.877166,0.143246],[-0.678576,0.241261,0.693778],[0.573999,-0.415178,0.705799]],[[0.458323,0.877166,0.143246],[-0.867013,0.405796,0.289168],[0.19552,-0.256729,0.9465]],[[0.458323,0.877166,0.143246],[-0.887651,0.443613,0.123626],[0.0448951,-0.183813,0.981935]]],"btipPosition":[-67.9967,253.994,-38.4304],"carpPosition":[-32.0213,220.58,51.0725],"dipPosition":[-66.9573,249.739,-15.6988],"direction":[-0.19552,0.256729,-0.9465],"extended":false,"handId":366,"id":3660,"length":51.5512,"mcpPosition":[-32.0213,220.58,51.0725],"pipPosition":[-60.3633,241.08,16.2228],"stabilizedTipPosition":[-81.2728,240.406,-15.621],"timeVisible":9.49,"tipPosition":[-68.0977,253.788,-32.8925],"tipVelocity":[209.088,282.082,-278.821],"tool":false,"touchDistance":-0.52708,"touchZone":"hovering","type":0,"width":20.0304},{"bases":[[[0.938186,-0.155542,-0.309214],[0.322641,0.716474,0.618521],[0.125338,-0.680053,0.72237]],[[0.923015,-0.0934299,-0.373249],[0.26354,0.860309,0.436365],[0.28034,-0.501138,0.818701]],[[0.923015,-0.0934299,-0.373249],[0.206014,0.939308,0.274333],[0.324964,-0.330108,0.886243]],[[0.923015,-0.0934299,-0.373249],[0.158734,0.976136,0.148194],[0.350496,-0.196033,0.915819]]],"btipPosition":[-51.8641,319.907,-67.6946],"carpPosition":[-17.1367,237.917,56.3318],"dipPosition":[-45.9406,316.594,-52.2169],"direction":[-0.324964,0.330108,-0.886243],"extended":true,"handId":366,"id":3661,"length":58.1698,"mcpPosition":[-26.2578,287.406,3.76357],"pipPosition":[-38.1712,308.702,-31.0284],"stabilizedTipPosition":[-54.7893,313.114,-59.9839],"timeVisible":9.49,"tipPosition":[-50.9125,316.975,-64.5236],"tipVelocity":[265.987,374.149,-247.649],"tool":false,"touchDistance":0.254808,"touchZone":"hovering","type":1,"width":19.133},{"bases":[[[0.877653,-0.365836,-0.309658],[0.479281,0.664759,0.573049],[-0.00379415,-0.651352,0.758766]],[[0.877605,-0.355598,-0.321495],[0.143178,0.834463,-0.532139],[0.457503,0.420977,0.783243]],[[0.877605,-0.355598,-0.321495],[-0.442466,-0.342775,-0.828692],[0.184481,0.869515,-0.458161]],[[0.877605,-0.355598,-0.321495],[-0.456706,-0.824024,-0.335266],[-0.1457,0.44106,-0.885572]]],"btipPosition":[-29.3941,229.869,-7.13173],"carpPosition":[-5.36249,237.645,53.2267],"dipPosition":[-32.1024,238.067,-23.5929],"direction":[-0.184481,-0.869515,0.458161],"extended":false,"handId":366,"id":3662,"length":66.2798,"mcpPosition":[-5.10065,282.596,0.863128],"pipPosition":[-26.9133,262.525,-36.4801],"stabilizedTipPosition":[-35.6138,223.021,-2.65173],"timeVisible":9.49,"tipPosition":[-29.9172,231.306,-10.1981],"tipVelocity":[167.56,282.324,-258.622],"tool":false,"touchDistance":0.333333,"touchZone":"none","type":2,"width":18.7912},{"bases":[[[0.828885,-0.506765,-0.236936],[0.540395,0.61582,0.573357],[-0.144647,-0.603286,0.784298]],[[0.829379,-0.504682,-0.239639],[0.288114,0.753863,-0.590493],[0.478666,0.420699,0.770644]],[[0.829379,-0.504682,-0.239639],[-0.446163,-0.340149,-0.827791],[0.336258,0.79347,-0.507283]],[[0.829379,-0.504682,-0.239639],[-0.558297,-0.764701,-0.321772],[-0.0208598,0.400661,-0.915989]]],"btipPosition":[-15.3405,223.982,-2.44839],"carpPosition":[5.68022,234.342,49.3768],"dipPosition":[-15.726,231.387,-19.3771],"direction":[-0.336258,-0.79347,0.507283],"extended":false,"handId":366,"id":3663,"length":63.7298,"mcpPosition":[14.6427,271.722,0.781176],"pipPosition":[-6.51203,253.13,-33.2775],"stabilizedTipPosition":[-19.4598,218.956,-0.531905],"timeVisible":9.49,"tipPosition":[-15.3828,225.232,-6.03064],"tipVelocity":[164.066,276.268,-237.571],"tool":false,"touchDistance":0.333333,"touchZone":"none","type":3,"width":17.881},{"bases":[[[0.705813,-0.667922,-0.236026],[0.647822,0.473769,0.596548],[-0.286626,-0.573955,0.767087]],[[0.639307,-0.763953,-0.0875376],[0.587875,0.558964,-0.584775],[0.495671,0.32239,0.806458]],[[0.639307,-0.763953,-0.0875376],[-0.425418,-0.256563,-0.867868],[0.640551,0.592074,-0.489022]],[[0.639307,-0.763953,-0.0875376],[-0.734604,-0.573136,-0.363143],[0.227253,0.296465,-0.927612]]],"btipPosition":[-3.14923,229.929,-3.6786],"carpPosition":[14.0146,224.794,43.2486],"dipPosition":[0.725413,234.983,-19.4943],"direction":[-0.640551,-0.592074,0.489022],"extended":false,"handId":366,"id":3664,"length":49.963,"mcpPosition":[30.4544,257.714,-0.74874],"pipPosition":[13.118,246.438,-28.9552],"stabilizedTipPosition":[-6.07754,225.156,-2.46841],"timeVisible":9.49,"tipPosition":[-2.46547,230.914,-7.13606],"tipVelocity":[171.96,265.679,-217.93],"tool":false,"touchDistance":0.333333,"touchZone":"none","type":4,"width":15.8833}],"r":[[0.941942,-0.228097,0.246409],[0.21133,0.972995,0.0928421],[-0.260931,-0.0353784,0.964709]],"s":1.61441,"t":[110.045,118.643,-52.6165],"timestamp":15469023624},false],[3,{"currentFrameRate":110.601,"devices":[],"gestures":[],"hands":[{"armBasis":[[0.908684,-0.235081,-0.345009],[0.330354,0.910168,0.249919],[0.255265,-0.341073,0.904715]],"armWidth":63.029,"confidence":0.854316,"direction":[0.0829824,0.736956,-0.670828],"elbow":[67.6631,132.804,291.233],"grabStrength":0,"id":366,"palmNormal":[-0.337784,-0.612501,-0.714664],"palmPosition":[-4.59119,262.797,12.2164],"palmVelocity":[154.776,259.527,-210.338],"palmWidth":90.0033,"pinchStrength":0.380208,"r":[[0.939739,-0.230222,0.252761],[0.213666,0.972613,0.091493],[-0.266903,-0.0319729,0.963193]],"s":1.61699,"sphereCenter":[-29.0066,255.725,-27.2389],"sphereRadius":46.1633,"stabilizedPalmPosition":[-9.22891,255.695,18.2795],"t":[111.254,120.909,-54.3345],"timeVisible":9.49907,"type":"right","wrist":[-0.510979,223.895,49.6085]}],"id":1182452,"interactionBox":{"center":[0,200,0],"size":[235.247,235.247,147.751]},"pointables":[{"bases":[[[0.695587,0.576596,0.428598],[-0.635865,0.216401,0.740842],[0.334418,-0.78785,0.517163]],[[0.458722,0.877911,0.137283],[-0.67812,0.246032,0.692548],[0.574219,-0.410781,0.708189]],[[0.458722,0.877911,0.137283],[-0.867425,0.408913,0.283486],[0.192739,-0.249124,0.949099]],[[0.458722,0.877911,0.137283],[-0.887452,0.444859,0.120536],[0.0447488,-0.177125,0.983171]]],"btipPosition":[-66.7275,255.704,-39.9064],"carpPosition":[-30.8385,222.919,49.8308],"dipPosition":[-65.6916,251.604,-17.1461],"direction":[-0.192739,0.249124,-0.949099],"extended":false,"handId":366,"id":3660,"length":51.5512,"mcpPosition":[-30.8385,222.919,49.8308],"pipPosition":[-59.1913,243.202,14.863],"stabilizedTipPosition":[-78.109,243.478,-19.6979],"timeVisible":9.49907,"tipPosition":[-66.8366,255.516,-34.3786],"tipVelocity":[189.917,257.284,-246.495],"tool":false,"touchDistance":-0.524746,"touchZone":"hovering","type":0,"width":20.0304},{"bases":[[[0.938182,-0.158104,-0.307926],[0.32283,0.720614,0.613593],[0.124884,-0.67507,0.727107]],[[0.923048,-0.0964228,-0.372403],[0.266575,0.85828,0.438513],[0.277344,-0.504042,0.817938]],[[0.923048,-0.0964228,-0.372403],[0.211552,0.935781,0.282065],[0.32129,-0.339142,0.884169]],[[0.923048,-0.0964228,-0.372403],[0.166151,0.973052,0.159883],[0.346952,-0.209455,0.914195]]],"btipPosition":[-50.3665,322.479,-69.2891],"carpPosition":[-15.9473,240.285,54.9725],"dipPosition":[-44.503,318.94,-53.8389],"direction":[-0.32129,0.339142,-0.884169],"extended":true,"handId":366,"id":3661,"length":58.1698,"mcpPosition":[-25.0353,289.411,2.05962],"pipPosition":[-36.8214,310.831,-32.6999],"stabilizedTipPosition":[-52.4714,316.548,-62.2938],"timeVisible":9.49907,"tipPosition":[-49.4374,319.501,-66.1457],"tipVelocity":[237.647,347.471,-227.946],"tool":false,"touchDistance":0.25484,"touchZone":"hovering","type":1,"width":19.133},{"bases":[[[0.877555,-0.36837,-0.306921],[0.479457,0.668514,0.568516],[-0.00424332,-0.646059,0.763276]],[[0.877515,-0.358248,-0.318788],[0.143669,0.830628,-0.537974],[0.457523,0.42628,0.780357]],[[0.877515,-0.358248,-0.318788],[-0.442438,-0.348397,-0.826358],[0.184977,0.866186,-0.464226]],[[0.877515,-0.358248,-0.318788],[-0.457012,-0.82614,-0.329595],[-0.145287,0.434914,-0.888674]]],"btipPosition":[-28.1958,231.8,-8.43185],"carpPosition":[-4.17254,239.987,51.8719],"dipPosition":[-30.8964,239.884,-24.9507],"direction":[-0.184977,-0.866186,0.464226],"extended":false,"handId":366,"id":3662,"length":66.2798,"mcpPosition":[-3.87971,284.572,-0.802822],"pipPosition":[-25.6934,264.248,-38.0085],"stabilizedTipPosition":[-33.9966,225.552,-4.93096],"timeVisible":9.49907,"tipPosition":[-28.7181,233.22,-11.5169],"tipVelocity":[157.794,262.303,-227.127],"tool":false,"touchDistance":0.333333,"touchZone":"none","type":2,"width":18.7912},{"bases":[[[0.828709,-0.508768,-0.233231],[0.540549,0.619552,0.569177],[-0.14508,-0.597755,0.788442]],[[0.829066,-0.507286,-0.235183],[0.288547,0.748426,-0.597158],[0.478947,0.427222,0.766871]],[[0.829066,-0.507286,-0.235183],[-0.446302,-0.346977,-0.824876],[0.336845,0.788839,-0.51407]],[[0.829066,-0.507286,-0.235183],[-0.558791,-0.766772,-0.315932],[-0.0200639,0.393347,-0.919171]]],"btipPosition":[-14.1676,225.923,-3.62299],"carpPosition":[6.8695,236.652,48.0475],"dipPosition":[-14.5384,233.193,-20.6106],"direction":[-0.336845,-0.788839,0.51407],"extended":false,"handId":366,"id":3663,"length":63.7298,"mcpPosition":[15.8588,273.69,-0.804974],"pipPosition":[-5.30835,254.808,-34.6969],"stabilizedTipPosition":[-18.0131,221.357,-2.47632],"timeVisible":9.49907,"tipPosition":[-14.201,227.173,-7.26074],"tipVelocity":[154.54,258.07,-208.081],"tool":false,"touchDistance":0.333333,"touchZone":"none","type":3,"width":17.881},{"bases":[[[0.705565,-0.66986,-0.231227],[0.647908,0.477617,0.593378],[-0.287042,-0.56848,0.770997]],[[0.63964,-0.764141,-0.0833551],[0.585888,0.554859,-0.590649],[0.49759,0.328966,0.802612]],[[0.63964,-0.764141,-0.0833551],[-0.427578,-0.26359,-0.864695],[0.638778,0.588735,-0.495333]],[[0.63964,-0.764141,-0.0833551],[-0.734921,-0.576165,-0.357667],[0.225282,0.290037,-0.930122]]],"btipPosition":[-1.93823,231.823,-4.86452],"carpPosition":[15.2009,227.058,41.9875],"dipPosition":[1.90279,236.768,-20.723],"direction":[-0.638778,-0.588735,0.495333],"extended":false,"handId":366,"id":3664,"length":49.963,"mcpPosition":[31.6646,259.664,-2.2341],"pipPosition":[14.261,248.158,-30.3061],"stabilizedTipPosition":[-4.56452,227.507,-4.28893],"timeVisible":9.49907,"tipPosition":[-1.25148,232.813,-8.382],"tipVelocity":[161.074,249.16,-194.104],"tool":false,"touchDistance":0.333333,"touchZone":"none","type":4,"width":15.8833}],"r":[[0.939739,-0.230222,0.252761],[0.213666,0.972613,0.091493],[-0.266903,-0.0319729,0.963193]],"s":1.61699,"t":[111.254,120.909,-54.3345],"timestamp":15469032699},false],[4,{"currentFrameRate":110.604,"devices":[],"gestures":[],"hands":[{"armBasis":[[0.909422,-0.233393,-0.344209],[0.328945,0.910109,0.251988],[0.254455,-0.342389,0.904446]],"armWidth":63.029,"confidence":0.847719,"direction":[0.0838558,0.735936,-0.671839],"elbow":[68.3243,134.031,290.113],"grabStrength":0,"id":366,"palmNormal":[-0.335213,-0.614087,-0.714514],"palmPosition":[-3.66247,264.309,11.0933],"palmVelocity":[140.446,234.109,-186.626],"palmWidth":90.0033,"pinchStrength":0.381789,"r":[[0.937865,-0.231598,0.258401],[0.215266,0.97238,0.0902123],[-0.272157,-0.0289821,0.961816]],"s":1.61961,"sphereCenter":[-28.3707,257.571,-28.1604],"sphereRadius":46.2295,"stabilizedPalmPosition":[-7.68788,258.08,16.29],"t":[112.323,122.797,-55.7551],"timeVisible":9.50811,"type":"right","wrist":[0.366477,225.474,48.5606]}],"id":1182453,"interactionBox":{"center":[0,200,0],"size":[235.247,235.247,147.751]},"pointables":[{"bases":[[[0.693798,0.578127,0.429435],[-0.638035,0.216886,0.738831],[0.334,-0.786594,0.51934]],[[0.457288,0.87871,0.136955],[-0.679969,0.246215,0.690666],[0.573175,-0.408958,0.710087]],[[0.457288,0.87871,0.136955],[-0.869485,0.409414,0.276362],[0.186771,-0.245457,0.951245]],[[0.457288,0.87871,0.136955],[-0.888286,0.443888,0.11795],[0.0428511,-0.175592,0.98353]]],"btipPosition":[-65.5527,256.999,-41.2055],"carpPosition":[-29.9604,224.463,48.706],"dipPosition":[-64.5607,252.934,-18.437],"direction":[-0.186771,0.245457,-0.951245],"extended":false,"handId":366,"id":3660,"length":51.5512,"mcpPosition":[-29.9604,224.463,48.706],"pipPosition":[-58.2616,244.656,13.6446],"stabilizedTipPosition":[-75.3122,246.232,-23.2574],"timeVisible":9.50811,"tipPosition":[-65.6953,256.802,-35.6799],"tipVelocity":[173.102,226.105,-218.13],"tool":false,"touchDistance":-0.520064,"touchZone":"hovering","type":0,"width":20.0304},{"bases":[[[0.939161,-0.157512,-0.305232],[0.320395,0.722013,0.613224],[0.123791,-0.673711,0.728553]],[[0.924171,-0.0961162,-0.369689],[0.266885,0.854883,0.444913],[0.273277,-0.50984,0.81571]],[[0.924171,-0.0961162,-0.369689],[0.21446,0.931451,0.293949],[0.316094,-0.350943,0.881433]],[[0.924171,-0.0961162,-0.369689],[0.171087,0.969474,0.17564],[0.341522,-0.22557,0.912404]]],"btipPosition":[-49.0538,324.751,-70.3191],"carpPosition":[-15.1029,241.855,53.8573],"dipPosition":[-43.282,320.939,-54.8991],"direction":[-0.316094,0.350943,-0.881433],"extended":true,"handId":366,"id":3661,"length":58.1698,"mcpPosition":[-24.1114,290.882,0.839238],"pipPosition":[-35.7247,312.548,-33.8256],"stabilizedTipPosition":[-50.5135,319.571,-64.1419],"timeVisible":9.50811,"tipPosition":[-48.1527,321.729,-67.2077],"tipVelocity":[211.548,319.079,-196.756],"tool":false,"touchDistance":0.259433,"touchZone":"hovering","type":1,"width":19.133},{"bases":[[[0.878779,-0.367847,-0.304033],[0.477198,0.670023,0.568639],[-0.00546307,-0.644792,0.764338]],[[0.878758,-0.357818,-0.315834],[0.143787,0.829493,-0.539691],[0.455093,0.428845,0.780373]],[[0.878758,-0.357818,-0.315834],[-0.439966,-0.350859,-0.826636],[0.184972,0.865369,-0.465748]],[[0.878758,-0.357818,-0.315834],[-0.455187,-0.827299,-0.329212],[-0.143491,0.433062,-0.88987]]],"btipPosition":[-27.1762,233.226,-9.52511],"carpPosition":[-3.3198,241.565,50.7877],"dipPosition":[-29.8435,241.276,-26.0662],"direction":[-0.184972,-0.865369,0.465748],"extended":false,"handId":366,"id":3662,"length":66.2798,"mcpPosition":[-2.94279,286.063,-1.96036],"pipPosition":[-24.6406,265.617,-39.1668],"stabilizedTipPosition":[-32.4826,227.876,-6.97955],"timeVisible":9.50811,"tipPosition":[-27.6955,234.663,-12.6507],"tipVelocity":[145.636,233.264,-198.034],"tool":false,"touchDistance":0.333333,"touchZone":"none","type":2,"width":18.7912},{"bases":[[[0.829906,-0.50818,-0.230237],[0.538346,0.621134,0.56954],[-0.146421,-0.596612,0.78906]],[[0.830071,-0.507506,-0.231128],[0.290694,0.747479,-0.597304],[0.475898,0.428617,0.76799]],[[0.830071,-0.507506,-0.231128],[-0.443136,-0.348673,-0.825868],[0.338545,0.78795,-0.514317]],[[0.830071,-0.507506,-0.231128],[-0.557399,-0.767702,-0.316133],[-0.0169979,0.391243,-0.92013]]],"btipPosition":[-13.1865,227.439,-4.73624],"carpPosition":[7.73601,238.237,46.9974],"dipPosition":[-13.5007,234.67,-21.7415],"direction":[-0.338545,-0.78795,0.514317],"extended":false,"handId":366,"id":3663,"length":63.7298,"mcpPosition":[16.8084,275.204,-1.89327],"pipPosition":[-4.22399,256.261,-35.8346],"stabilizedTipPosition":[-16.6644,223.554,-4.22693],"timeVisible":9.50811,"tipPosition":[-13.1976,228.678,-8.37533],"tipVelocity":[142.27,232.902,-184.814],"tool":false,"touchDistance":0.333333,"touchZone":"none","type":3,"width":17.881},{"bases":[[[0.706947,-0.669413,-0.228282],[0.645808,0.479366,0.594256],[-0.288372,-0.567534,0.771199]],[[0.641158,-0.7631,-0.0812121],[0.585605,0.55491,-0.590881],[0.495967,0.33129,0.80266]],[[0.641158,-0.7631,-0.0812121],[-0.426012,-0.265905,-0.864759],[0.638303,0.589044,-0.495577]],[[0.641158,-0.7631,-0.0812121],[-0.733311,-0.578034,-0.357956],[0.226213,0.28906,-0.9302]]],"btipPosition":[-0.91848,233.283,-5.88418],"carpPosition":[16.0944,228.642,40.9751],"dipPosition":[2.93843,238.211,-21.744],"direction":[-0.638303,-0.589044,0.495577],"extended":false,"handId":366,"id":3664,"length":49.963,"mcpPosition":[32.6343,261.194,-3.25809],"pipPosition":[15.2875,249.607,-31.3318],"stabilizedTipPosition":[-3.16615,229.638,-5.90628],"timeVisible":9.50811,"tipPosition":[-0.223466,234.283,-9.42367],"tipVelocity":[147.895,224.896,-171.719],"tool":false,"touchDistance":0.333333,"touchZone":"none","type":4,"width":15.8833}],"r":[[0.937865,-0.231598,0.258401],[0.215266,0.97238,0.0902123],[-0.272157,-0.0289821,0.961816]],"s":1.61961,"t":[112.323,122.797,-55.7551],"timestamp":15469041736},false],[5,{"currentFrameRate":110.592,"devices":[],"gestures":[],"hands":[{"armBasis":[[0.913673,-0.223927,-0.339202],[0.321595,0.908627,0.266409],[0.248551,-0.352497,0.902202]],"armWidth":63.029,"confidence":0.818573,"direction":[0.083307,0.742569,-0.664569],"elbow":[67.308,133.328,287.385],"grabStrength":0,"id":366,"palmNormal":[-0.326394,-0.609769,-0.722252],"palmPosition":[-3.11753,266.618,9.29313],"palmVelocity":[118.265,239.809,-189.947],"palmWidth":90.0033,"pinchStrength":0.384302,"r":[[0.936305,-0.231907,0.263726],[0.215126,0.972315,0.0912429],[-0.277585,-0.028697,0.960273]],"s":1.62235,"sphereCenter":[-27.9667,260.548,-29.8966],"sphereRadius":46.3112,"stabilizedPalmPosition":[-6.4019,260.482,14.3213],"t":[113.13,124.896,-57.3655],"timeVisible":9.51717,"type":"right","wrist":[0.926814,227.47,46.4325]}],"id":1182454,"interactionBox":{"center":[0,200,0],"size":[235.247,235.247,147.751]},"pointables":[{"bases":[[[0.687071,0.578797,0.439235],[-0.644302,0.205891,0.736535],[0.335869,-0.789052,0.514382]],[[0.450417,0.880486,0.147881],[-0.685943,0.235247,0.688579],[0.571496,-0.411585,0.709922]],[[0.450417,0.880486,0.147881],[-0.874879,0.402233,0.269805],[0.178076,-0.250903,0.951492]],[[0.450417,0.880486,0.147881],[-0.892055,0.436966,0.115321],[0.0369194,-0.183861,0.982259]]],"btipPosition":[-64.4717,259.297,-43.514],"carpPosition":[-29.3929,226.256,46.3684],"dipPosition":[-63.617,255.04,-20.7749],"direction":[-0.178076,0.250903,-0.951492],"extended":false,"handId":366,"id":3660,"length":51.5512,"mcpPosition":[-29.3929,226.256,46.3684],"pipPosition":[-57.6112,246.579,11.315],"stabilizedTipPosition":[-72.8744,248.901,-26.5764],"timeVisible":9.51717,"tipPosition":[-64.6824,259.036,-37.9922],"tipVelocity":[157.277,232.355,-228.446],"tool":false,"touchDistance":-0.531119,"touchZone":"hovering","type":0,"width":20.0304},{"bases":[[[0.942176,-0.148468,-0.300435],[0.311515,0.718513,0.62185],[0.123542,-0.679482,0.723216]],[[0.927268,-0.0868246,-0.364192],[0.260984,0.847348,0.462481],[0.268443,-0.523892,0.808378]],[[0.927268,-0.0868246,-0.364192],[0.211411,0.924243,0.31793],[0.308998,-0.371801,0.875377]],[[0.927268,-0.0868246,-0.364192],[0.170374,0.96404,0.203959],[0.333387,-0.251174,0.908716]]],"btipPosition":[-48.1068,328.544,-71.4941],"carpPosition":[-14.6866,243.699,51.7753],"dipPosition":[-42.4724,324.299,-56.1365],"direction":[-0.308998,0.371801,-0.875377],"extended":true,"handId":366,"id":3661,"length":58.1698,"mcpPosition":[-23.6769,293.146,-0.854471],"pipPosition":[-35.0848,315.41,-35.2077],"stabilizedTipPosition":[-48.9176,323.018,-65.7883],"timeVisible":9.51717,"tipPosition":[-47.2374,325.423,-68.4534],"tipVelocity":[181.021,343.511,-178.663],"tool":false,"touchDistance":0.262549,"touchZone":"hovering","type":1,"width":19.133},{"bases":[[[0.883202,-0.359203,-0.301542],[0.468953,0.667977,0.577833],[-0.0061357,-0.651752,0.758407]],[[0.883192,-0.349133,-0.313174],[0.141533,0.835001,-0.531735],[0.447147,0.425299,0.78688]],[[0.883192,-0.349133,-0.313174],[-0.432203,-0.34655,-0.832528],[0.182133,0.870637,-0.456967]],[[0.883192,-0.349133,-0.313174],[-0.447487,-0.827242,-0.339743],[-0.140455,0.4402,-0.886846]]],"btipPosition":[-26.2897,235.545,-11.7359],"carpPosition":[-2.88199,243.516,48.7811],"dipPosition":[-28.9005,243.728,-28.2208],"direction":[-0.182133,-0.870637,0.456967],"extended":false,"handId":366,"id":3662,"length":66.2798,"mcpPosition":[-2.45855,288.494,-3.55769],"pipPosition":[-23.7775,268.217,-41.0743],"stabilizedTipPosition":[-31.1007,230.236,-9.09177],"timeVisible":9.51717,"tipPosition":[-26.799,237.027,-14.8795],"tipVelocity":[132.827,240.449,-210.324],"tool":false,"touchDistance":0.333333,"touchZone":"none","type":2,"width":18.7912},{"bases":[[[0.834791,-0.500524,-0.229346],[0.530421,0.619489,0.578694],[-0.147573,-0.604738,0.782632]],[[0.834831,-0.50036,-0.229558],[0.290226,0.754369,-0.588809],[0.467788,0.424932,0.774988]],[[0.834831,-0.50036,-0.229558],[-0.435128,-0.344315,-0.831932],[0.337225,0.79441,-0.505166]],[[0.834831,-0.50036,-0.229558],[-0.550353,-0.768393,-0.326624],[-0.0129616,0.399014,-0.916853]]],"btipPosition":[-12.3106,229.844,-6.92217],"carpPosition":[8.22052,240.296,45.0339],"dipPosition":[-12.5502,237.218,-23.8669],"direction":[-0.337225,-0.79441,0.505166],"extended":false,"handId":366,"id":3663,"length":63.7298,"mcpPosition":[17.3643,277.766,-3.45856],"pipPosition":[-3.30968,258.986,-37.7092],"stabilizedTipPosition":[-15.4343,225.839,-6.1135],"timeVisible":9.51717,"tipPosition":[-12.2978,231.119,-10.5606],"tipVelocity":[130.195,242.873,-199.968],"tool":false,"touchDistance":0.333333,"touchZone":"none","type":3,"width":17.881},{"bases":[[[0.712907,-0.662583,-0.229666],[0.638668,0.478221,0.602833],[-0.289596,-0.576445,0.764098]],[[0.6471,-0.75771,-0.0844841],[0.584818,0.564407,-0.582609],[0.489132,0.327599,0.80835]],[[0.6471,-0.75771,-0.0844841],[-0.419382,-0.261222,-0.869415],[0.636695,0.598029,-0.486807]],[[0.6471,-0.75771,-0.0844841],[-0.727087,-0.579986,-0.367371],[0.229361,0.299153,-0.926229]]],"btipPosition":[-0.0437396,235.747,-7.90818],"carpPosition":[16.6824,230.813,38.9802],"dipPosition":[3.86684,240.847,-23.7003],"direction":[-0.636695,-0.598029,0.486807],"extended":false,"handId":366,"id":3664,"length":49.963,"mcpPosition":[33.2926,263.875,-4.84574],"pipPosition":[16.1848,252.417,-33.1184],"stabilizedTipPosition":[-1.9074,231.917,-7.66963],"timeVisible":9.51717,"tipPosition":[0.667367,236.796,-11.4523],"tipVelocity":[134.085,239.097,-185.505],"tool":false,"touchDistance":0.333333,"touchZone":"none","type":4,"width":15.8833}],"r":[[0.936305,-0.231907,0.263726],[0.215126,0.972315,0.0912429],[-0.277585,-0.028697,0.960273]],"s":1.62235,"t":[113.13,124.896,-57.3655],"timestamp":15469050798},false],[6,{"currentFrameRate":110.617,"devices":[],"gestures":[],"hands":[{"armBasis":[[0.918923,-0.215845,-0.330138],[0.310626,0.911837,0.26845],[0.243088,-0.349234,0.904955]],"armWidth":63.029,"confidence":0.66339,"direction":[0.0851965,0.748186,-0.657996],"elbow":[66.1378,136.322,285.545],"grabStrength":0,"id":366,"palmNormal":[-0.313325,-0.606776,-0.730514],"palmPosition":[-2.70407,268.988,6.96607],"palmVelocity":[98.416,246.297,-208.806],"palmWidth":90.0033,"pinchStrength":0.387214,"r":[[0.934771,-0.231114,0.269796],[0.213296,0.972453,0.0940158],[-0.284093,-0.0303367,0.958317]],"s":1.62531,"sphereCenter":[-27.5934,263.579,-32.2124],"sphereRadius":46.418,"stabilizedPalmPosition":[-5.37929,262.835,12.2872],"t":[113.74,127.13,-59.3342],"timeVisible":9.52617,"type":"right","wrist":[1.21564,229.593,43.8564]}],"id":1182455,"interactionBox":{"center":[0,200,0],"size":[235.247,235.247,147.751]},"pointables":[{"bases":[[[0.677465,0.580707,0.451464],[-0.654313,0.195378,0.730549],[0.336029,-0.790321,0.512326]],[[0.441798,0.882805,0.159597],[-0.695563,0.224723,0.682416],[0.566575,-0.412499,0.713328]],[[0.441798,0.882805,0.159597],[-0.881861,0.394691,0.257955],[0.164733,-0.254706,0.952884]],[[0.441798,0.882805,0.159597],[-0.896743,0.429446,0.106908],[0.025841,-0.190349,0.981376]]],"btipPosition":[-63.2203,261.512,-46.6446],"carpPosition":[-29.091,228.147,43.4324],"dipPosition":[-62.6221,257.105,-23.9259],"direction":[-0.164733,0.254706,-0.952884],"extended":false,"handId":366,"id":3660,"length":51.5512,"mcpPosition":[-29.091,228.147,43.4324],"pipPosition":[-57.0663,248.515,8.2109],"stabilizedTipPosition":[-70.791,251.369,-29.7345],"timeVisible":9.52617,"tipPosition":[-63.5326,261.196,-41.1268],"tipVelocity":[150.483,235.09,-261.399],"tool":false,"touchDistance":-0.553371,"touchZone":"hovering","type":0,"width":20.0304},{"bases":[[[0.946694,-0.138972,-0.290615],[0.298761,0.716158,0.630761],[0.120468,-0.683962,0.719502]],[[0.932065,-0.0770373,-0.354006],[0.252051,0.839778,0.480877],[0.260241,-0.537436,0.802145]],[[0.932065,-0.0770373,-0.354006],[0.206286,0.916116,0.343771],[0.297827,-0.393443,0.869771]],[[0.932065,-0.0770373,-0.354006],[0.168391,0.957289,0.235036],[0.32078,-0.27868,0.905228]]],"btipPosition":[-46.9514,332.389,-73.4021],"carpPosition":[-14.5835,245.661,49.1392],"dipPosition":[-41.5301,327.68,-58.1034],"direction":[-0.297827,0.393443,-0.869771],"extended":true,"handId":366,"id":3661,"length":58.1698,"mcpPosition":[-23.3502,295.434,-3.22031],"pipPosition":[-34.4095,318.273,-37.3087],"stabilizedTipPosition":[-47.4937,326.691,-67.6031],"timeVisible":9.52617,"tipPosition":[-46.1243,329.139,-70.4402],"tipVelocity":[165.087,363.29,-188.247],"tool":false,"touchDistance":0.256416,"touchZone":"hovering","type":1,"width":19.133},{"bases":[[[0.889371,-0.350138,-0.293979],[0.457082,0.667163,0.588192],[-0.00981628,-0.657493,0.753397]],[[0.889417,-0.34002,-0.305491],[0.140948,0.839771,-0.524327],[0.434824,0.423286,0.794831]],[[0.889417,-0.34002,-0.305491],[-0.419938,-0.343872,-0.839883],[0.180527,0.875293,-0.448633]],[[0.889417,-0.34002,-0.305491],[-0.43714,-0.828046,-0.351067],[-0.133591,0.445787,-0.885114]]],"btipPosition":[-25.3928,237.877,-14.5364],"carpPosition":[-2.74413,245.591,46.2805],"dipPosition":[-27.876,246.164,-30.9891],"direction":[-0.180527,-0.875293,0.448633],"extended":false,"handId":366,"id":3662,"length":66.2798,"mcpPosition":[-2.06669,290.965,-5.71254],"pipPosition":[-22.7981,270.784,-43.6083],"stabilizedTipPosition":[-29.8643,232.534,-11.313],"timeVisible":9.52617,"tipPosition":[-25.8788,239.398,-17.7009],"tipVelocity":[124.628,246.332,-237.81],"tool":false,"touchDistance":0.333333,"touchZone":"none","type":2,"width":18.7912},{"bases":[[[0.841228,-0.492368,-0.223404],[0.518909,0.619143,0.589402],[-0.151883,-0.611748,0.776335]],[[0.841106,-0.49286,-0.22278],[0.291758,0.760263,-0.580412],[0.455433,0.42319,0.783257]],[[0.841106,-0.49286,-0.22278],[-0.422657,-0.341915,-0.839318],[0.337494,0.800115,-0.495897]],[[0.841106,-0.49286,-0.22278],[-0.54085,-0.770035,-0.338419],[-0.00475519,0.405137,-0.914244]]],"btipPosition":[-11.4517,232.274,-9.59545],"carpPosition":[8.42538,242.485,42.6381],"dipPosition":[-11.5396,239.762,-26.492],"direction":[-0.337494,-0.800115,0.495897],"extended":false,"handId":366,"id":3663,"length":63.7298,"mcpPosition":[17.8362,280.389,-5.46421],"pipPosition":[-2.29171,261.686,-40.0803],"stabilizedTipPosition":[-14.3295,228.113,-8.16785],"timeVisible":9.52617,"tipPosition":[-11.3967,233.586,-13.2449],"tipVelocity":[121.726,251.149,-226.301],"tool":false,"touchDistance":0.333333,"touchZone":"none","type":3,"width":17.881},{"bases":[[[0.720615,-0.655348,-0.226345],[0.627963,0.47853,0.613736],[-0.293898,-0.584404,0.75637]],[[0.654084,-0.751851,-0.0830292],[0.586604,0.573478,-0.571855],[0.477565,0.325336,0.816142]],[[0.654084,-0.751851,-0.0830292],[-0.407723,-0.257976,-0.875905],[0.637131,0.606769,-0.475285]],[[0.654084,-0.751851,-0.0830292],[-0.718287,-0.582944,-0.37979],[0.237144,0.308053,-0.921339]]],"btipPosition":[0.813639,238.261,-10.412],"carpPosition":[17.0296,233.112,36.612],"dipPosition":[4.85692,243.514,-26.1207],"direction":[-0.63713,-0.606769,0.475285],"extended":false,"handId":366,"id":3664,"length":49.963,"mcpPosition":[33.8865,266.631,-6.77072],"pipPosition":[17.1833,255.253,-35.3159],"stabilizedTipPosition":[-0.78432,234.24,-9.6246],"timeVisible":9.52617,"tipPosition":[1.55729,239.35,-13.9482],"tipVelocity":[124.368,251.244,-210.39],"tool":false,"touchDistance":0.333333,"touchZone":"none","type":4,"width":15.8833}],"r":[[0.934771,-0.231114,0.269796],[0.21329