{"sensorType":"Leap","data":[[0,{"currentFrameRate":106.175,"devices":[],"gestures":[],"hands":[{"armBasis":[[0.901054,-0.272009,-0.337805],[0.366008,0.894767,0.255793],[0.232679,-0.354123,0.905791]],"armWidth":63.029,"confidence":0.785122,"direction":[0.0613675,0.772868,-0.631593],"elbow":[58.8404,123.041,289.772],"grabStrength":0,"id":366,"palmNormal":[-0.398422,-0.561217,-0.725462],"palmPosition":[-8.62651,258.734,13.0864],"palmVelocity":[132.27,204.596,-140.136],"palmWidth":90.0033,"pinchStrength":0.391499,"r":[[0.940373,-0.285094,0.185528],[0.267789,0.956828,0.113],[-0.209734,-0.0565794,0.97612]],"s":1.60489,"sphereCenter":[-35.021,254.485,-24.4647],"sphereRadius":45.7663,"stabilizedPalmPosition":[-9.8106,257.008,14.3067],"t":[107.282,117.444,-54.0035],"timeVisible":16.7119,"type":"right","wrist":[-3.30162,217.617,47.8605]}],"id":1183235,"interactionBox":{"center":[0,200,0],"size":[235.247,235.247,147.751]},"pointables":[{"bases":[[[0.736587,0.533605,0.415578],[-0.582274,0.187709,0.791026],[0.344087,-0.82464,0.448968]],[[0.502273,0.84814,0.168461],[-0.599133,0.200867,0.775043],[0.623507,-0.490214,0.609039]],[[0.502273,0.84814,0.168461],[-0.849338,0.447323,0.280225],[0.162314,-0.283831,0.945037]],[[0.502273,0.84814,0.168461],[-0.862455,0.477308,0.168371],[0.0623944,-0.229859,0.971222]]],"btipPosition":[-71.2769,256.456,-34.4676],"carpPosition":[-33.5718,217.357,49.9603],"dipPosition":[-69.8324,251.135,-11.984],"direction":[-0.162314,0.283831,-0.945037],"extended":false,"handId":366,"id":3660,"length":51.5512,"mcpPosition":[-33.5718,217.357,49.9603],"pipPosition":[-64.3583,241.562,19.8882],"stabilizedTipPosition":[-73.3373,252.223,-26.7825],"timeVisible":16.7119,"tipPosition":[-71.3554,254.902,-29.49],"tipVelocity":[162.892,203.26,-171.25],"tool":false,"touchDistance":0.143739,"touchZone":"hovering","type":0,"width":20.0304},{"bases":[[[0.912459,-0.16219,-0.37565],[0.380195,0.675404,0.631887],[0.15123,-0.719391,0.677942]],[[0.898816,-0.108679,-0.424638],[0.319634,0.825424,0.465305],[0.299938,-0.553952,0.776643]],[[0.898816,-0.108679,-0.424638],[0.22277,0.947591,0.229009],[0.377495,-0.300434,0.875921]],[[0.898816,-0.108679,-0.424638],[0.139145,0.98941,0.0413014],[0.415653,-0.0962088,0.90442]]],"btipPosition":[-57.7169,318.731,-63.4416],"carpPosition":[-17.9153,234.03,55.1248],"dipPosition":[-50.6922,317.105,-48.1566],"direction":[-0.377495,0.300434,-0.875921],"extended":true,"handId":366,"id":3661,"length":58.1698,"mcpPosition":[-28.9206,286.381,5.78974],"pipPosition":[-41.6669,309.922,-27.2149],"stabilizedTipPosition":[-57.3024,316.4,-58.9899],"timeVisible":16.7119,"tipPosition":[-56.3935,316.335,-60.0924],"tipVelocity":[168.976,286.575,-137.169],"tool":false,"touchDistance":0.256439,"touchZone":"hovering","type":1,"width":19.133},{"bases":[[[0.846229,-0.370639,-0.382785],[0.532212,0.622302,0.574013],[0.0254564,-0.689468,0.723868]],[[0.845909,-0.363272,-0.390475],[0.118425,0.841814,-0.526616],[0.520013,0.399228,0.755119]],[[0.845909,-0.363272,-0.390475],[-0.509995,-0.336792,-0.791502],[0.156021,0.86868,-0.470163]],[[0.845909,-0.363272,-0.390475],[-0.490795,-0.816746,-0.303392],[-0.208706,0.448285,-0.869185]]],"btipPosition":[-33.4282,229.412,-5.30851],"carpPosition":[-6.36927,233.632,51.2677],"dipPosition":[-37.3076,237.744,-21.4651],"direction":[-0.156021,-0.86868,0.470163],"extended":false,"handId":366,"id":3662,"length":66.2798,"mcpPosition":[-8.12605,281.213,1.31247],"pipPosition":[-32.9191,262.179,-34.6899],"stabilizedTipPosition":[-36.2659,228.855,-7.10219],"timeVisible":16.7119,"tipPosition":[-34.0456,231.329,-8.60805],"tipVelocity":[148.931,193.778,-154.844],"tool":false,"touchDistance":0.333333,"touchZone":"none","type":2,"width":18.7912},{"bases":[[[0.798207,-0.51391,-0.314264],[0.591851,0.571936,0.56798],[-0.112152,-0.639364,0.760681]],[[0.794953,-0.530681,-0.293986],[0.252852,0.730317,-0.634588],[0.551467,0.430133,0.714752]],[[0.794953,-0.530681,-0.293986],[-0.528651,-0.368221,-0.764815],[0.297621,0.763408,-0.573263]],[[0.794953,-0.530681,-0.293986],[-0.599801,-0.760225,-0.249592],[-0.0910415,0.374747,-0.922646]]],"btipPosition":[-19.579,223.025,0.601943],"carpPosition":[4.31685,230.264,46.5627],"dipPosition":[-21.2616,229.951,-16.4498],"direction":[-0.297621,-0.763408,0.573263],"extended":false,"handId":366,"id":3663,"length":63.7298,"mcpPosition":[11.2659,269.879,-0.56964],"pipPosition":[-13.1063,250.869,-32.1582],"stabilizedTipPosition":[-21.3703,222.935,-2.44015],"timeVisible":16.7119,"tipPosition":[-19.8727,224.82,-3.67254],"tipVelocity":[149.448,188.867,-115.731],"tool":false,"touchDistance":0.333333,"touchZone":"none","type":3,"width":17.881},{"bases":[[[0.671025,-0.671844,-0.31361],[0.696547,0.426293,0.577145],[-0.254062,-0.605722,0.754025]],[[0.623627,-0.757484,-0.19315],[0.47362,0.562691,-0.677542],[0.621911,0.331054,0.709669]],[[0.623627,-0.757484,-0.19315],[-0.575295,-0.27743,-0.769459],[0.529268,0.590974,-0.60879]],[[0.623627,-0.757484,-0.19315],[-0.778127,-0.577843,-0.246202],[0.0748837,0.303833,-0.949778]]],"btipPosition":[-6.70955,227.394,-0.651623],"carpPosition":[11.9865,220.845,39.4461],"dipPosition":[-5.43279,232.574,-16.8452],"direction":[-0.529268,-0.590974,0.60879],"extended":false,"handId":366,"id":3664,"length":49.963,"mcpPosition":[26.5586,255.587,-3.80209],"pipPosition":[4.8068,244.008,-28.6233],"stabilizedTipPosition":[-7.56124,227.281,-3.72767],"timeVisible":16.7119,"tipPosition":[-6.44767,228.761,-4.80499],"tipVelocity":[153.598,191.591,-110.587],"tool":false,"touchDistance":0.333333,"touchZone":"none","type":4,"width":15.8833}],"r":[[0.940373,-0.285094,0.185528],[0.267789,0.956828,0.113],[-0.209734,-0.0565794,0.97612]],"s":1.60489,"t":[107.282,117.444,-54.0035],"timestamp":15476245522},false],[1,{"currentFrameRate":106.385,"devices":[],"gestures":[],"hands":[{"armBasis":[[0.904412,-0.262208,-0.336579],[0.356168,0.898321,0.257223],[0.23491,-0.352514,0.905843]],"armWidth":63.029,"confidence":0.779517,"direction":[0.0594921,0.777176,-0.626465],"elbow":[60.1482,124.767,289.041],"grabStrength":0,"id":366,"palmNormal":[-0.389246,-0.559838,-0.731484],"palmPosition":[-8.00617,260.201,12.5572],"palmVelocity":[114.825,193.076,-117.747],"palmWidth":90.0033,"pinchStrength":0.386459,"r":[[0.940513,-0.281751,0.189871],[0.263206,0.957593,0.117209],[-0.214843,-0.0602616,0.974788]],"s":1.60924,"sphereCenter":[-34.2676,256.159,-25.032],"sphereRadius":45.8191,"stabilizedPalmPosition":[-8.93051,258.565,13.4534],"t":[108.165,119.011,-54.8576],"timeVisible":16.7209,"type":"right","wrist":[-2.58967,218.914,47.1154]}],"id":1183236,"interactionBox":{"center":[0,200,0],"size":[235.247,235.247,147.751]},"pointables":[{"bases":[[[0.729649,0.536751,0.423688],[-0.588917,0.178334,0.788273],[0.347548,-0.824679,0.446223]],[[0.494998,0.850596,0.177378],[-0.6059,0.191584,0.772127],[0.622786,-0.489675,0.61021]],[[0.494998,0.850596,0.177378],[-0.854579,0.439686,0.276353],[0.157074,-0.288378,0.944545]],[[0.494998,0.850596,0.177378],[-0.866968,0.469914,0.165973],[0.0578239,-0.235938,0.970046]]],"btipPosition":[-70.257,257.772,-35.429],"carpPosition":[-32.8701,218.406,49.0129],"dipPosition":[-68.9184,252.31,-12.9726],"direction":[-0.157074,0.288378,-0.944545],"extended":false,"handId":366,"id":3660,"length":51.5512,"mcpPosition":[-32.8701,218.406,49.0129],"pipPosition":[-63.6209,242.585,18.883],"stabilizedTipPosition":[-72.0948,253.797,-28.0592],"timeVisible":16.7209,"tipPosition":[-70.3649,256.181,-30.4521],"tipVelocity":[148.471,186.543,-153.683],"tool":false,"touchDistance":0.144536,"touchZone":"hovering","type":0,"width":20.0304},{"bases":[[[0.91615,-0.152798,-0.370569],[0.370744,0.674451,0.638486],[0.152372,-0.722335,0.674548]],[[0.902405,-0.0990665,-0.419346],[0.310894,0.823544,0.474469],[0.298346,-0.558535,0.773969]],[[0.902405,-0.0990665,-0.419346],[0.217291,0.94503,0.244343],[0.372088,-0.311616,0.874326]],[[0.902405,-0.0990665,-0.419346],[0.136838,0.98872,0.0608918],[0.408583,-0.112332,0.905782]]],"btipPosition":[-56.9467,320.818,-63.8084],"carpPosition":[-17.3785,235.168,54.3823],"dipPosition":[-50.0415,318.919,-48.5004],"direction":[-0.372088,0.311616,-0.874326],"extended":true,"handId":366,"id":3661,"length":58.1698,"mcpPosition":[-28.4669,287.733,5.29422],"pipPosition":[-41.1455,311.469,-27.5968],"stabilizedTipPosition":[-56.192,318.674,-59.7312],"timeVisible":16.7209,"tipPosition":[-55.6378,318.407,-60.4831],"tipVelocity":[145.17,269.526,-110.482],"tool":false,"touchDistance":0.265796,"touchZone":"hovering","type":1,"width":19.133},{"bases":[[[0.851597,-0.361707,-0.379409],[0.523549,0.622887,0.581299],[0.026069,-0.693671,0.71982]],[[0.851287,-0.354612,-0.386732],[0.112295,0.843105,-0.525894],[0.512543,0.404259,0.757545]],[[0.851287,-0.354612,-0.386732],[-0.502617,-0.339537,-0.795041],[0.150621,0.871186,-0.467278]],[[0.851287,-0.354612,-0.386732],[-0.482443,-0.818786,-0.311187],[-0.2063,0.451486,-0.868102]]],"btipPosition":[-32.4424,230.583,-5.91428],"carpPosition":[-5.80455,234.883,50.5994],"dipPosition":[-36.2772,238.976,-22.0508],"direction":[-0.150621,-0.871186,0.467278],"extended":false,"handId":366,"id":3662,"length":66.2798,"mcpPosition":[-7.60361,282.754,0.923644],"pipPosition":[-32.0405,263.48,-35.1944],"stabilizedTipPosition":[-35.1074,230.296,-8.09603],"timeVisible":16.7209,"tipPosition":[-33.0793,232.596,-9.33634],"tipVelocity":[138.364,176.654,-130.606],"tool":false,"touchDistance":0.333333,"touchZone":"none","type":2,"width":18.7912},{"bases":[[[0.804245,-0.505764,-0.31208],[0.583618,0.573023,0.575357],[-0.112165,-0.644863,0.756023]],[[0.800899,-0.523105,-0.291415],[0.249648,0.734049,-0.631544],[0.544277,0.433052,0.718491]],[[0.800899,-0.523105,-0.291415],[-0.521477,-0.370106,-0.768819],[0.294318,0.767713,-0.569205]],[[0.800899,-0.523105,-0.291415],[-0.59229,-0.763616,-0.257067],[-0.0880562,0.378487,-0.921408]]],"btipPosition":[-18.6036,224.413,-0.0263808],"carpPosition":[4.93827,231.627,45.9451],"dipPosition":[-20.231,231.408,-17.0553],"direction":[-0.294318,-0.767713,0.569205],"extended":false,"handId":366,"id":3663,"length":63.7298,"mcpPosition":[11.8881,271.583,-0.898633],"pipPosition":[-12.1662,252.444,-32.6524],"stabilizedTipPosition":[-20.204,224.44,-3.17284],"timeVisible":16.7209,"tipPosition":[-18.8871,226.243,-4.33845],"tipVelocity":[138.496,179.76,-102.916],"tool":false,"touchDistance":0.333333,"touchZone":"none","type":3,"width":17.881},{"bases":[[[0.678297,-0.664681,-0.313228],[0.689385,0.428144,0.58433],[-0.254287,-0.612284,0.74863]],[[0.631572,-0.750298,-0.19537],[0.468704,0.570213,-0.674665],[0.617603,0.334529,0.711799]],[[0.631572,-0.750298,-0.19537],[-0.571023,-0.279692,-0.771819],[0.524451,0.599021,-0.605083]],[[0.631572,-0.750298,-0.19537],[-0.771621,-0.583701,-0.252775],[0.0756186,0.310397,-0.947595]]],"btipPosition":[-5.72393,228.848,-1.14931],"carpPosition":[12.7279,222.312,38.8224],"dipPosition":[-4.43464,234.141,-17.3057],"direction":[-0.524451,-0.599021,0.605083],"extended":false,"handId":366,"id":3664,"length":49.963,"mcpPosition":[27.3129,257.43,-4.11635],"pipPosition":[5.71176,245.73,-29.0121],"stabilizedTipPosition":[-6.4057,228.789,-4.34372],"timeVisible":16.7209,"tipPosition":[-5.45884,230.272,-5.33746],"tipVelocity":[141.519,184.054,-95.1008],"tool":false,"touchDistance":0.333333,"touchZone":"none","type":4,"width":15.8833}],"r":[[0.940513,-0.281751,0.189871],[0.263206,0.957593,0.117209],[-0.214843,-0.0602616,0.974788]],"s":1.60924,"t":[108.165,119.011,-54.8576],"timestamp":15476254536},false],[2,{"currentFrameRate":106.608,"devices":[],"gestures":[],"hands":[{"armBasis":[[0.90718,-0.259283,-0.331358],[0.35076,0.901,0.255279],[0.232364,-0.347811,0.908314]],"armWidth":63.029,"confidence":0.755138,"direction":[0.0620694,0.7788,-0.624194],"elbow":[60.2218,127.301,288.827],"grabStrength":0,"id":366,"palmNormal":[-0.382402,-0.559119,-0.735632],"palmPosition":[-7.10605,261.546,11.7406],"palmVelocity":[110.857,181.246,-110.43],"palmWidth":90.0033,"pinchStrength":0.375366,"r":[[0.940458,-0.278689,0.194603],[0.258846,0.95826,0.121392],[-0.220311,-0.0637917,0.973341]],"s":1.61352,"sphereCenter":[-33.2492,257.712,-25.8894],"sphereRadius":45.8813,"stabilizedPalmPosition":[-8.03835,260.023,12.6159],"t":[109.057,120.467,-55.693],"timeVisible":16.7299,"type":"right","wrist":[-1.83611,220.192,46.2412]}],"id":1183237,"interactionBox":{"center":[0,200,0],"size":[235.247,235.247,147.751]},"pointables":[{"bases":[[[0.725116,0.537637,0.430294],[-0.595155,0.174953,0.784335],[0.346407,-0.824826,0.446839]],[[0.491883,0.851129,0.183389],[-0.612015,0.188189,0.768129],[0.619265,-0.490066,0.613471]],[[0.491883,0.851129,0.183389],[-0.857555,0.4372,0.271025],[0.1505,-0.290579,0.944941]],[[0.491883,0.851129,0.183389],[-0.869008,0.46696,0.163625],[0.0536306,-0.239851,0.969327]]],"btipPosition":[-69.0225,259.151,-36.6848],"carpPosition":[-32.1282,219.601,47.9148],"dipPosition":[-67.7809,253.599,-14.2451],"direction":[-0.1505,0.290579,-0.944941],"extended":false,"handId":366,"id":3660,"length":51.5512,"mcpPosition":[-32.1282,219.601,47.9148],"pipPosition":[-62.7052,243.799,17.6239],"stabilizedTipPosition":[-70.8693,255.285,-29.3237],"timeVisible":16.7299,"tipPosition":[-69.1285,257.523,-31.7148],"tipVelocity":[144.816,176.912,-150.05],"tool":false,"touchDistance":0.138751,"touchZone":"hovering","type":0,"width":20.0304},{"bases":[[[0.919243,-0.149554,-0.364179],[0.364286,0.673903,0.642768],[0.149292,-0.723525,0.673961]],[[0.905669,-0.0955851,-0.413069],[0.306203,0.821333,0.481302],[0.293262,-0.562384,0.773125]],[[0.905669,-0.0955851,-0.413069],[0.216658,0.941785,0.257101],[0.364447,-0.322343,0.873655]],[[0.905669,-0.0955851,-0.413069],[0.139704,0.987126,0.0778823],[0.400307,-0.128243,0.907363]]],"btipPosition":[-55.5257,322.815,-64.6857],"carpPosition":[-16.7202,236.39,53.4371],"dipPosition":[-48.7604,320.648,-49.351],"direction":[-0.364447,0.322343,-0.873655],"extended":true,"handId":366,"id":3661,"length":58.1698,"mcpPosition":[-27.5845,289.042,4.3917],"pipPosition":[-40.0471,312.941,-28.4634],"stabilizedTipPosition":[-54.8934,320.803,-60.5654],"timeVisible":16.7299,"tipPosition":[-54.247,320.37,-61.3834],"tipVelocity":[147.81,254.805,-106.82],"tool":false,"touchDistance":0.265597,"touchZone":"hovering","type":1,"width":19.133},{"bases":[[[0.8553,-0.358608,-0.37398],[0.51764,0.622869,0.586586],[0.0225858,-0.695295,0.71837]],[[0.855038,-0.351784,-0.380995],[0.108771,0.840033,-0.531521],[0.507029,0.413029,0.756524]],[[0.855038,-0.351784,-0.380995],[-0.496953,-0.345972,-0.795827],[0.148146,0.8698,-0.470639]],[[0.855038,-0.351784,-0.380995],[-0.477638,-0.820344,-0.314479],[-0.201919,0.45087,-0.869451]]],"btipPosition":[-31.2645,231.588,-6.50659],"carpPosition":[-5.11807,236.144,49.7388],"dipPosition":[-35.0178,239.969,-22.6681],"direction":[-0.148146,-0.8698,0.470639],"extended":false,"handId":366,"id":3662,"length":66.2798,"mcpPosition":[-6.67675,284.127,0.16303],"pipPosition":[-30.8507,264.435,-35.9063],"stabilizedTipPosition":[-33.9089,231.591,-8.95185],"timeVisible":16.7299,"tipPosition":[-31.9288,233.712,-10.1248],"tipVelocity":[137.003,158.88,-113.098],"tool":false,"touchDistance":0.333333,"touchZone":"none","type":2,"width":18.7912},{"bases":[[[0.80783,-0.502945,-0.307338],[0.577881,0.573174,0.580969],[-0.116038,-0.646929,0.75367]],[[0.804356,-0.520441,-0.286622],[0.252378,0.736009,-0.628169],[0.537881,0.432935,0.723361]],[[0.804356,-0.520441,-0.286622],[-0.514776,-0.369568,-0.773579],[0.296676,0.76978,-0.565175]],[[0.804356,-0.520441,-0.286622],[-0.588469,-0.764373,-0.263511],[-0.0819443,0.380625,-0.921091]]],"btipPosition":[-17.5298,225.75,-1.00121],"carpPosition":[5.66709,232.927,45.156],"dipPosition":[-19.0442,232.784,-18.0243],"direction":[-0.296676,-0.76978,0.565175],"extended":false,"handId":366,"id":3663,"length":63.7298,"mcpPosition":[12.8569,273.011,-1.54196],"pipPosition":[-10.9149,253.877,-33.511],"stabilizedTipPosition":[-19.0552,225.886,-4.03407],"timeVisible":16.7299,"tipPosition":[-17.7825,227.589,-5.30439],"tipVelocity":[134.142,171.612,-104.449],"tool":false,"touchDistance":0.333333,"touchZone":"none","type":3,"width":17.881},{"bases":[[[0.682309,-0.662185,-0.309783],[0.683956,0.428549,0.590382],[-0.258185,-0.614701,0.745308]],[[0.635287,-0.747713,-0.193225],[0.470948,0.573383,-0.670403],[0.612061,0.334899,0.716397]],[[0.635287,-0.747713,-0.193225],[-0.565145,-0.279591,-0.77617],[0.526329,0.602291,-0.600187]],[[0.635287,-0.747713,-0.193225],[-0.768012,-0.585427,-0.259678],[0.0810456,0.313369,-0.946167]]],"btipPosition":[-4.63019,230.197,-1.99208],"carpPosition":[13.5331,223.648,38.069],"dipPosition":[-3.24838,235.54,-18.1241],"direction":[-0.526329,-0.602291,0.600187],"extended":false,"handId":366,"id":3664,"length":49.963,"mcpPosition":[28.3416,258.905,-4.67922],"pipPosition":[6.93435,247.192,-29.7357],"stabilizedTipPosition":[-5.25548,230.238,-5.0903],"timeVisible":16.7299,"tipPosition":[-4.34292,231.639,-6.17019],"tipVelocity":[136.801,175.165,-94.613],"tool":false,"touchDistance":0.333333,"touchZone":"none","type":4,"width":15.8833}],"r":[[0.940458,-0.278689,0.194603],[0.258846,0.95826,0.121392],[-0.220311,-0.0637917,0.973341]],"s":1.61352,"t":[109.057,120.467,-55.693],"timestamp":15476263507},false],[3,{"currentFrameRate":106.79,"devices":[],"gestures":[],"hands":[{"armBasis":[[0.915491,-0.237255,-0.324941],[0.330447,0.904124,0.27086],[0.229524,-0.355346,0.906117]],"armWidth":63.029,"confidence":0.448486,"direction":[0.0611081,0.782428,-0.619736],"elbow":[59.8728,127.361,287.737],"grabStrength":0,"id":366,"palmNormal":[-0.357493,-0.562549,-0.745478],"palmPosition":[-6.71704,263.667,11.3002],"palmVelocity":[92.1912,196.022,-93.4505],"palmWidth":90.0033,"pinchStrength":0.367261,"r":[[0.940528,-0.273126,0.202015],[0.251476,0.959558,0.126525],[-0.228402,-0.0681987,0.971175]],"s":1.61768,"sphereCenter":[-32.2304,259.767,-26.6925],"sphereRadius":45.9523,"stabilizedPalmPosition":[-7.37088,261.864,11.9512],"t":[109.697,122.255,-56.3309],"timeVisible":16.7389,"type":"right","wrist":[-1.42675,222.264,45.7387]}],"id":1183238,"interactionBox":{"center":[0,200,0],"size":[235.247,235.247,147.751]},"pointables":[{"bases":[[[0.706675,0.548353,0.447123],[-0.613972,0.161191,0.772694],[0.351637,-0.820565,0.450583]],[[0.473169,0.858699,0.196842],[-0.630703,0.174186,0.756223],[0.615081,-0.48197,0.624003]],[[0.473169,0.858699,0.196842],[-0.870417,0.421198,0.254886],[0.135961,-0.291938,0.946724]],[[0.473169,0.858699,0.196842],[-0.880109,0.450869,0.148748],[0.0389804,-0.243625,0.969086]]],"btipPosition":[-67.5899,260.422,-38.3834],"carpPosition":[-31.7316,221.138,46.7908],"dipPosition":[-66.6875,254.782,-15.9493],"direction":[-0.135961,0.291938,-0.946724],"extended":false,"handId":366,"id":3660,"length":51.5512,"mcpPosition":[-31.7316,221.138,46.7908],"pipPosition":[-62.1021,244.936,15.9798],"stabilizedTipPosition":[-69.616,256.665,-30.7254],"timeVisible":16.7389,"tipPosition":[-67.7552,258.768,-33.4215],"tipVelocity":[146.242,166.322,-160.563],"tool":false,"touchDistance":0.122132,"touchZone":"hovering","type":0,"width":20.0304},{"bases":[[[0.928945,-0.131943,-0.345908],[0.339263,0.677396,0.652714],[0.148196,-0.723689,0.674027]],[[0.915418,-0.0779814,-0.394878],[0.283252,0.82182,0.494348],[0.285969,-0.564385,0.774397]],[[0.915418,-0.0779814,-0.394878],[0.198982,0.940464,0.27556],[0.349881,-0.330826,0.876435]],[[0.915418,-0.0779814,-0.394878],[0.127173,0.986833,0.0999339],[0.381886,-0.141699,0.913282]]],"btipPosition":[-54.492,325.122,-65.6557],"carpPosition":[-16.7358,238.169,52.6925],"dipPosition":[-48.038,322.727,-50.2209],"direction":[-0.349881,0.330826,-0.876435],"extended":true,"handId":366,"id":3661,"length":58.1698,"mcpPosition":[-27.5202,290.833,3.64235],"pipPosition":[-39.6729,314.818,-29.2668],"stabilizedTipPosition":[-53.7628,323.062,-61.4888],"timeVisible":16.7389,"tipPosition":[-53.2604,322.632,-62.373],"tipVelocity":[136.445,253.377,-106.278],"tool":false,"touchDistance":0.2638,"touchZone":"hovering","type":1,"width":19.133},{"bases":[[[0.868888,-0.342036,-0.357834],[0.494599,0.629284,0.599477],[0.0201364,-0.697863,0.715948]],[[0.868658,-0.335409,-0.364601],[0.101021,0.840415,-0.532445],[0.485003,0.42568,0.763917]],[[0.868658,-0.335409,-0.364601],[-0.475287,-0.356588,-0.80433],[0.139767,0.871978,-0.469169]],[[0.868658,-0.335409,-0.364601],[-0.456423,-0.828001,-0.325718],[-0.192641,0.44935,-0.872338]]],"btipPosition":[-29.9222,233.127,-7.18738],"carpPosition":[-5.05823,238.142,49.231],"dipPosition":[-33.5031,241.48,-23.4026],"direction":[-0.139767,-0.871978,0.469169],"extended":false,"handId":366,"id":3662,"length":66.2798,"mcpPosition":[-6.44787,286.302,-0.177578],"pipPosition":[-29.5717,266.007,-36.5994],"stabilizedTipPosition":[-32.5799,233.044,-9.77746],"timeVisible":16.7389,"tipPosition":[-30.5858,235.321,-10.95],"tipVelocity":[141.414,161.846,-103.088],"tool":false,"touchDistance":0.333333,"touchZone":"none","type":2,"width":18.7912},{"bases":[[[0.822607,-0.487463,-0.292742],[0.555803,0.580672,0.594897],[-0.120003,-0.652074,0.748598]],[[0.819002,-0.50518,-0.27208],[0.25219,0.742849,-0.620142],[0.515398,0.439282,0.735797]],[[0.819002,-0.50518,-0.27208],[-0.492311,-0.375116,-0.785441],[0.294728,0.777227,-0.555927]],[[0.819002,-0.50518,-0.27208],[-0.569555,-0.773255,-0.278718],[-0.0695849,0.383235,-0.921026]]],"btipPosition":[-16.2599,227.741,-1.79025],"carpPosition":[5.87271,235.132,44.8569],"dipPosition":[-17.5459,234.824,-18.8121],"direction":[-0.294728,-0.777227,0.555927],"extended":false,"handId":366,"id":3663,"length":63.7298,"mcpPosition":[13.3082,275.535,-1.52677],"pipPosition":[-9.46988,256.121,-34.0454],"stabilizedTipPosition":[-17.7816,227.661,-4.88564],"timeVisible":16.7389,"tipPosition":[-16.4543,229.595,-6.08521],"tipVelocity":[137.527,185.425,-99.7373],"tool":false,"touchDistance":0.333333,"touchZone":"none","type":3,"width":17.881},{"bases":[[[0.699971,-0.648855,-0.298376],[0.664182,0.437879,0.605907],[-0.262493,-0.622293,0.737461]],[[0.652356,-0.735314,-0.183699],[0.473466,0.584637,-0.658809],[0.591829,0.342803,0.729538]],[[0.652356,-0.735314,-0.183699],[-0.544652,-0.28627,-0.788292],[0.527054,0.614299,-0.58724]],[[0.652356,-0.735314,-0.183699],[-0.752032,-0.59786,-0.27751],[0.0942307,0.319183,-0.942997]]],"btipPosition":[-3.40466,232.399,-2.47935],"carpPosition":[14.0427,226.023,37.8957],"dipPosition":[-1.79803,237.841,-18.5573],"direction":[-0.527054,-0.614299,0.58724],"extended":false,"handId":366,"id":3664,"length":49.963,"mcpPosition":[29.0984,261.715,-4.40235],"pipPosition":[8.39872,249.726,-29.9185],"stabilizedTipPosition":[-3.98871,232.185,-5.71046],"timeVisible":16.7389,"tipPosition":[-3.0615,233.869,-6.64112],"tipVelocity":[138.075,194.778,-83.0373],"tool":false,"touchDistance":0.333333,"touchZone":"none","type":4,"width":15.8833}],"r":[[0.940528,-0.273126,0.202015],[0.251476,0.959558,0.126525],[-0.228402,-0.0681987,0.971175]],"s":1.61768,"t":[109.697,122.255,-56.3309],"timestamp":15476272538},false],[4,{"currentFrameRate":106.949,"devices":[],"gestures":[],"hands":[{"armBasis":[[0.916727,-0.228161,-0.327956],[0.325348,0.902759,0.281381],[0.231865,-0.364649,0.901815]],"armWidth":63.029,"confidence":0.477531,"direction":[0.0611349,0.781671,-0.620688],"elbow":[60.819,127.578,284.871],"grabStrength":0,"id":366,"palmNormal":[-0.349483,-0.565723,-0.746873],"palmPosition":[-6.38312,266.28,9.47565],"palmVelocity":[76.9115,221.54,-123.254],"palmWidth":90.0033,"pinchStrength":0.362,"r":[[0.940512,-0.267625,0.209318],[0.244351,0.960854,0.130583],[-0.236071,-0.071668,0.969089]],"s":1.62188,"sphereCenter":[-31.8294,262.402,-28.4976],"sphereRadius":46.0322,"stabilizedPalmPosition":[-6.87041,264.101,10.6969],"t":[110.184,124.456,-57.5621],"timeVisible":16.748,"type":"right","wrist":[-1.10563,224.965,44.0218]}],"id":1183239,"interactionBox":{"center":[0,200,0],"size":[235.247,235.247,147.751]},"pointables":[{"bases":[[[0.700736,0.552866,0.450896],[-0.620004,0.159264,0.768264],[0.352936,-0.817908,0.454381]],[[0.467855,0.861096,0.19906],[-0.636512,0.172031,0.751837],[0.613159,-0.478455,0.628583]],[[0.467855,0.861096,0.19906],[-0.874108,0.41756,0.248149],[0.130561,-0.290098,0.948049]],[[0.467855,0.861096,0.19906],[-0.883025,0.445973,0.1462],[0.0371165,-0.244175,0.969021]]],"btipPosition":[-66.9486,262.741,-40.5714],"carpPosition":[-31.4105,223.68,44.8721],"dipPosition":[-66.0893,257.088,-18.1387],"direction":[-0.130561,0.290098,-0.948049],"extended":false,"handId":366,"id":3660,"length":51.5512,"mcpPosition":[-31.4105,223.68,44.8721],"pipPosition":[-61.6861,247.305,13.835],"stabilizedTipPosition":[-68.6241,258.319,-32.3478],"timeVisible":16.748,"tipPosition":[-67.0917,261.06,-35.614],"tipVelocity":[125.103,191,-182.922],"tool":false,"touchDistance":0.0947359,"touchZone":"hovering","type":0,"width":20.0304},{"bases":[[[0.931938,-0.127608,-0.339423],[0.33127,0.680312,0.653786],[0.147485,-0.721729,0.676281]],[[0.918561,-0.0741609,-0.388261],[0.276827,0.821836,0.497949],[0.282158,-0.564877,0.775436]],[[0.918561,-0.0741609,-0.388261],[0.196124,0.938318,0.284771],[0.343193,-0.337727,0.876447]],[[0.918561,-0.0741609,-0.388261],[0.127469,0.985343,0.113363],[0.374163,-0.153622,0.914551]]],"btipPosition":[-53.7972,327.998,-67.7336],"carpPosition":[-16.5451,240.801,50.8445],"dipPosition":[-47.4737,325.402,-52.2773],"direction":[-0.343193,0.337727,-0.876447],"extended":true,"handId":366,"id":3661,"length":58.1698,"mcpPosition":[-27.2778,293.322,1.63032],"pipPosition":[-39.2686,317.328,-31.323],"stabilizedTipPosition":[-52.9142,325.655,-63.0963],"timeVisible":16.748,"tipPosition":[-52.6057,325.485,-64.4628],"tipVelocity":[119.028,269.671,-140.111],"tool":false,"touchDistance":0.245835,"touchZone":"hovering","type":1,"width":19.133},{"bases":[[[0.873076,-0.338038,-0.351382],[0.487214,0.632933,0.601679],[0.0190113,-0.69651,0.717295]],[[0.872861,-0.331532,-0.358051],[0.0982171,0.838104,-0.536596],[0.477983,0.433207,0.76411]],[[0.872861,-0.331532,-0.358051],[-0.468298,-0.362887,-0.805611],[0.137154,0.870861,-0.472006]],[[0.872861,-0.331532,-0.358051],[-0.449815,-0.831099,-0.327018],[-0.189159,0.446497,-0.874562]]],"btipPosition":[-29.2874,235.447,-8.93776],"carpPosition":[-4.84455,240.829,47.4617],"dipPosition":[-32.8036,243.747,-25.1943],"direction":[-0.137154,-0.870861,0.472006],"extended":false,"handId":366,"id":3662,"length":66.2798,"mcpPosition":[-6.15654,288.897,-2.03989],"pipPosition":[-28.9457,268.242,-38.4709],"stabilizedTipPosition":[-31.5253,234.875,-11.0085],"timeVisible":16.748,"tipPosition":[-29.9531,237.663,-12.7702],"tipVelocity":[122.166,187.495,-128.26],"tool":false,"touchDistance":0.333333,"touchZone":"none","type":2,"width":18.7912},{"bases":[[[0.827128,-0.483595,-0.286347],[0.548704,0.584639,0.597596],[-0.121585,-0.651408,0.748922]],[[0.823323,-0.501983,-0.264863],[0.248338,0.738227,-0.627175],[0.510361,0.450592,0.732461]],[[0.823323,-0.501983,-0.264863],[-0.487072,-0.385325,-0.783764],[0.291378,0.774298,-0.561749]],[[0.823323,-0.501983,-0.264863],[-0.563673,-0.777793,-0.27805],[-0.0664322,0.378221,-0.923329]]],"btipPosition":[-15.647,230.111,-3.15125],"carpPosition":[6.13137,237.871,43.1665],"dipPosition":[-16.8748,237.101,-20.2156],"direction":[-0.291378,-0.774298,0.561749],"extended":false,"handId":366,"id":3663,"length":63.7298,"mcpPosition":[13.6649,278.232,-3.23729],"pipPosition":[-8.89058,258.318,-35.6085],"stabilizedTipPosition":[-16.8247,229.758,-6.01725],"timeVisible":16.748,"tipPosition":[-15.832,231.994,-7.57962],"tipVelocity":[118.638,205.813,-113.976],"tool":false,"touchDistance":0.333333,"touchZone":"none","type":3,"width":17.881},{"bases":[[[0.705389,-0.645646,-0.292521],[0.657761,0.442442,0.609586],[-0.264153,-0.622404,0.736774]],[[0.65762,-0.731934,-0.178347],[0.47452,0.58632,-0.656551],[0.585121,0.347132,0.732893]],[[0.65762,-0.731934,-0.178347],[-0.537807,-0.290342,-0.791495],[0.527541,0.61642,-0.584575]],[[0.65762,-0.731934,-0.178347],[-0.746847,-0.602373,-0.28172],[0.0987687,0.318463,-0.942776]]],"btipPosition":[-2.80821,234.995,-4.23201],"carpPosition":[14.3962,228.793,36.2764],"dipPosition":[-1.12422,240.425,-20.3062],"direction":[-0.527541,-0.61642,0.584575],"extended":false,"handId":366,"id":3664,"length":49.963,"mcpPosition":[29.547,264.492,-5.98232],"pipPosition":[9.08196,252.35,-31.6158],"stabilizedTipPosition":[-3.08759,234.518,-6.98564],"timeVisible":16.748,"tipPosition":[-2.44642,236.462,-8.3842],"tipVelocity":[118.669,220.03,-113.5],"tool":false,"touchDistance":0.333333,"touchZone":"none","type":4,"width":15.8833}],"r":[[0.940512,-0.267625,0.209318],[0.244351,0.960854,0.130583],[-0.236071,-0.071668,0.969089]],"s":1.62188,"t":[110.184,124.456,-57.5621],"timestamp":15476281598},false],[5,{"currentFrameRate":107.111,"devices":[],"gestures":[],"hands":[{"armBasis":[[0.91657,-0.229325,-0.327582],[0.324853,0.904726,0.275576],[0.233175,-0.359001,0.903741]],"armWidth":63.029,"confidence":0.502977,"direction":[0.063578,0.781572,-0.620567],"elbow":[61.61,130.996,284.027],"grabStrength":0,"id":366,"palmNormal":[-0.348456,-0.565304,-0.74767],"palmPosition":[-5.80892,268.196,8.10341],"palmVelocity":[73.2175,218.883,-131.117],"palmWidth":90.0033,"pinchStrength":0.358421,"r":[[0.940263,-0.263474,0.21561],[0.238804,0.961793,0.133892],[-0.242649,-0.0744054,0.967257]],"s":1.62576,"sphereCenter":[-31.3257,264.494,-29.8183],"sphereRadius":46.0974,"stabilizedPalmPosition":[-6.33892,266.152,9.39835],"t":[110.715,126.514,-58.8639],"timeVisible":16.757,"type":"right","wrist":[-0.664658,226.876,42.6631]}],"id":1183240,"interactionBox":{"center":[0,200,0],"size":[235.247,235.247,147.751]},"pointables":[{"bases":[[[0.700383,0.55199,0.452516],[-0.621594,0.160077,0.766809],[0.350834,-0.818341,0.455229]],[[0.469803,0.859488,0.20141],[-0.637232,0.172291,0.751167],[0.610917,-0.481245,0.628636]],[[0.469803,0.859488,0.20141],[-0.873463,0.419544,0.247074],[0.127857,-0.292,0.947834]],[[0.469803,0.859488,0.20141],[-0.881855,0.446546,0.15142],[0.0402053,-0.248752,0.967732]]],"btipPosition":[-66.3807,264.998,-41.9664],"carpPosition":[-30.9731,225.629,43.4426],"dipPosition":[-65.45,259.239,-19.5636],"direction":[-0.127857,0.292,-0.947834],"extended":false,"handId":366,"id":3660,"length":51.5512,"mcpPosition":[-30.9731,225.629,43.4426],"pipPosition":[-61.1379,249.391,12.4029],"stabilizedTipPosition":[-67.7934,260.129,-33.8576],"timeVisible":16.757,"tipPosition":[-66.4466,263.235,-37.0387],"tipVelocity":[108.433,206.41,-175.241],"tool":false,"touchDistance":0.0854638,"touchZone":"hovering","type":0,"width":20.0304},{"bases":[[[0.932565,-0.128804,-0.337241],[0.330606,0.679912,0.654538],[0.144987,-0.721893,0.676645]],[[0.919429,-0.0755439,-0.385931],[0.277526,0.819944,0.50067],[0.278619,-0.567437,0.774846]],[[0.919429,-0.0755439,-0.385931],[0.199569,0.935248,0.292377],[0.338854,-0.345839,0.87497]],[[0.919429,-0.0755439,-0.385931],[0.133116,0.983228,0.124671],[0.37004,-0.166,0.914065]]],"btipPosition":[-52.8464,330.452,-69.0868],"carpPosition":[-16.0999,242.731,49.4492],"dipPosition":[-46.5926,327.647,-53.6389],"direction":[-0.338854,0.345839,-0.87497],"extended":true,"handId":366,"id":3661,"length":58.1698,"mcpPosition":[-26.6509,295.264,0.208477],"pipPosition":[-38.4912,319.379,-32.7198],"stabilizedTipPosition":[-52.0222,328.114,-64.5399],"timeVisible":16.757,"tipPosition":[-51.6821,327.934,-65.8282],"tipVelocity":[114.718,268.689,-142.807],"tool":false,"touchDistance":0.240298,"touchZone":"hovering","type":1,"width":19.133},{"bases":[[[0.873464,-0.339158,-0.349332],[0.486611,0.632334,0.602797],[0.0164505,-0.69651,0.717359]],[[0.873275,-0.332718,-0.355935],[0.100348,0.83769,-0.536849],[0.476782,0.433099,0.764921]],[[0.873275,-0.332718,-0.355935],[-0.466841,-0.362281,-0.806729],[0.139465,0.870661,-0.471697]],[[0.873275,-0.332718,-0.355935],[-0.450236,-0.830279,-0.328517],[-0.186221,0.447141,-0.874864]]],"btipPosition":[-28.72,237.361,-10.3518],"carpPosition":[-4.39144,242.745,46.0937],"dipPosition":[-32.1815,245.673,-26.614],"direction":[-0.139465,-0.870661,0.471697],"extended":false,"handId":366,"id":3662,"length":66.2798,"mcpPosition":[-5.52671,290.812,-3.41224],"pipPosition":[-28.2586,270.163,-39.8819],"stabilizedTipPosition":[-30.6772,236.731,-12.3101],"timeVisible":16.757,"tipPosition":[-29.373,239.582,-14.1869],"tipVelocity":[106.176,194.248,-136.059],"tool":false,"touchDistance":0.333333,"touchZone":"none","type":2,"width":18.7912},{"bases":[[[0.82718,-0.484655,-0.2844],[0.548049,0.583961,0.598859],[-0.124162,-0.651229,0.748656]],[[0.82319,-0.503515,-0.262358],[0.247616,0.734211,-0.632156],[0.510926,0.45542,0.729073]],[[0.82319,-0.503515,-0.262358],[-0.487099,-0.388899,-0.78198],[0.291708,0.771512,-0.565399]],[[0.82319,-0.503515,-0.262358],[-0.564138,-0.777529,-0.277846],[-0.0640913,0.376725,-0.924105]]],"btipPosition":[-15.1053,231.892,-4.21288],"carpPosition":[6.59071,239.772,41.8242],"dipPosition":[-16.2898,238.854,-21.2916],"direction":[-0.291708,-0.771512,0.565399],"extended":false,"handId":366,"id":3663,"length":63.7298,"mcpPosition":[14.2839,280.122,-4.56301],"pipPosition":[-8.29653,259.995,-36.7845],"stabilizedTipPosition":[-16.0754,231.692,-7.11704],"timeVisible":16.757,"tipPosition":[-15.2797,233.802,-8.71455],"tipVelocity":[102.757,203.172,-115.027],"tool":false,"touchDistance":0.333333,"touchZone":"none","type":3,"width":17.881},{"bases":[[[0.705249,-0.646551,-0.290852],[0.656897,0.441626,0.611108],[-0.266664,-0.622043,0.736174]],[[0.657317,-0.732477,-0.177233],[0.476272,0.586021,-0.655549],[0.584037,0.346492,0.73406]],[[0.657317,-0.732477,-0.177233],[-0.536466,-0.289621,-0.792669],[0.529281,0.616115,-0.583322]],[[0.657317,-0.732477,-0.177233],[-0.746802,-0.601556,-0.283581],[0.101101,0.318761,-0.942428]]],"btipPosition":[-2.23581,236.888,-5.59121],"carpPosition":[14.86,230.683,34.9538],"dipPosition":[-0.512059,242.323,-21.6595],"direction":[-0.529281,-0.616114,0.583322],"extended":false,"handId":366,"id":3664,"length":49.963,"mcpPosition":[30.1549,266.361,-7.27053],"pipPosition":[9.72779,254.242,-32.9448],"stabilizedTipPosition":[-2.37804,236.576,-8.29377],"timeVisible":16.757,"tipPosition":[-1.86492,238.358,-9.73526],"tipVelocity":[103.689,217.124,-123.612],"tool":false,"touchDistance":0.333333,"touchZone":"none","type":4,"width":15.8833}],"r":[[0.940263,-0.263474,0.21561],[0.238804,0.961793,0.133892],[-0.242649,-0.0744054,0.967257]],"s":1.62576,"t":[110.715,126.514,-58.8639],"timestamp":15476290639},false],[6,{"currentFrameRate":107.245,"devices":[],"gestures":[],"hands":[{"armBasis":[[0.916016,-0.235998,-0.324376],[0.32962,0.903673,0.27336],[0.228618,-0.357323,0.905569]],"armWidth":63.029,"confidence":0.531387,"direction":[0.0680999,0.78253,-0.618877],"elbow":[60.7867,132.472,283.614],"grabStrength":0,"id":366,"palmNormal":[-0.351911,-0.561606,-0.748837],"palmPosition":[-5.176,269.329,7.29282],"palmVelocity":[72.248,192.842,-119.544],"palmWidth":90.0033,"pinchStrength":0.354422,"r":[[0.939716,-0.261367,0.220502],[0.235488,0.962184,0.13692],[-0.24795,-0.0767401,0.965729]],"s":1.62927,"sphereCenter":[-30.9054,266.019,-30.5276],"sphereRadius":46.1651,"stabilizedPalmPosition":[-5.76226,267.727,8.35429],"t":[111.297,128.11,-59.92],"timeVisible":16.7661,"type":"right","wrist":[-0.270677,227.903,41.7617]}],"id":1183241,"interactionBox":{"center":[0,200,0],"size":[235.247,235.247,147.751]},"pointables":[{"bases":[[[0.703706,0.546854,0.453595],[-0.620515,0.162081,0.767262],[0.346061,-0.821389,0.453389]],[[0.476566,0.854948,0.204813],[-0.634595,0.173307,0.753163],[0.60842,-0.488905,0.625138]],[[0.476566,0.854948,0.204813],[-0.869973,0.425068,0.249928],[0.126616,-0.29729,0.946355]],[[0.476566,0.854948,0.204813],[-0.878132,0.451779,0.157415],[0.0420511,-0.254872,0.96606]]],"btipPosition":[-65.871,266.901,-42.604],"carpPosition":[-30.5858,226.834,42.5437],"dipPosition":[-64.8976,261.001,-20.2399],"direction":[-0.126616,0.29729,-0.946355],"extended":false,"handId":366,"id":3660,"length":51.5512,"mcpPosition":[-30.5858,226.834,42.5437],"pipPosition":[-60.6273,250.975,11.6767],"stabilizedTipPosition":[-67.057,261.987,-35.0937],"timeVisible":16.7661,"tipPosition":[-65.8722,265.046,-37.723],"tipVelocity":[94.2676,206.32,-146.464],"tool":false,"touchDistance":0.0936249,"touchZone":"hovering","type":0,"width":20.0304},{"bases":[[[0.931734,-0.133581,-0.33768],[0.334724,0.67652,0.655958],[0.140823,-0.724208,0.67505]],[[0.918855,-0.079962,-0.386408],[0.283301,0.81533,0.504952],[0.274673,-0.573448,0.771824]],[[0.918855,-0.079962,-0.386408],[0.208251,0.93004,0.302749],[0.335166,-0.358652,0.871224]],[[0.918855,-0.079962,-0.386408],[0.143973,0.979681,0.139628],[0.367392,-0.183931,0.911698]]],"btipPosition":[-51.7537,332.59,-69.577],"carpPosition":[-15.6108,243.835,48.5849],"dipPosition":[-45.5447,329.481,-54.169],"direction":[-0.335166,0.358652,-0.871224],"extended":true,"handId":366,"id":3661,"length":58.1698,"mcpPosition":[-25.8588,296.537,-0.53969],"pipPosition":[-37.5314,320.906,-33.3395],"stabilizedTipPosition":[-51.0054,330.368,-65.4349],"timeVisible":16.7661,"tipPosition":[-50.6112,330.026,-66.3517],"tipVelocity":[115.963,257.358,-118.518],"tool":false,"touchDistance":0.247806,"touchZone":"hovering","type":1,"width":19.133},{"bases":[[[0.871388,-0.343556,-0.350217],[0.490437,0.628133,0.604087],[0.0124453,-0.698153,0.71584]],[[0.871238,-0.337162,-0.356744],[0.104729,0.837718,-0.535967],[0.479559,0.429594,0.765162]],[[0.871238,-0.337162,-0.356744],[-0.469124,-0.358053,-0.807292],[0.144455,0.870701,-0.47012]],[[0.871238,-0.337162,-0.356744],[-0.455309,-0.826646,-0.330681],[-0.183408,0.450531,-0.873718]]],"btipPosition":[-28.2802,238.619,-11.1904],"carpPosition":[-3.90302,243.787,45.2275],"dipPosition":[-31.6894,246.994,-27.4313],"direction":[-0.144455,-0.870701,0.47012],"extended":false,"handId":366,"id":3662,"length":66.2798,"mcpPosition":[-4.76189,291.967,-4.17369],"pipPosition":[-27.6261,271.485,-40.6549],"stabilizedTipPosition":[-29.9972,238.339,-13.4129],"timeVisible":16.7661,"tipPosition":[-28.9216,240.862,-15.0301],"tipVelocity":[90.5713,179.3,-123.823],"tool":false,"touchDistance":0.333333,"touchZone":"none","type":2,"width":18.7912},{"bases":[[[0.824255,-0.488918,-0.285594],[0.551587,0.579407,0.600033],[-0.127892,-0.65211,0.747259]],[[0.820121,-0.507953,-0.263413],[0.251737,0.733719,-0.631098],[0.513839,0.451266,0.729608]],[[0.820121,-0.507953,-0.263413],[-0.489466,-0.384359,-0.782746],[0.296353,0.770878,-0.563846]],[[0.820121,-0.507953,-0.263413],[-0.568869,-0.773351,-0.279849],[-0.0615611,0.379357,-0.9232]]],"btipPosition":[-14.707,233.085,-5.08389],"carpPosition":[7.06068,240.758,40.9496],"dipPosition":[-15.8447,240.096,-22.1459],"direction":[-0.296353,-0.770878,0.563846],"extended":false,"handId":366,"id":3663,"length":63.7298,"mcpPosition":[14.985,281.163,-5.35108],"pipPosition":[-7.72421,261.22,-37.5962],"stabilizedTipPosition":[-15.5038,233.245,-8.09381],"timeVisible":16.7661,"tipPosition":[-14.8657,235.006,-9.57014],"tipVelocity":[86.7946,183.671,-109.629],"tool":false,"touchDistance":0.333333,"touchZone":"none","type":3,"width":17.881},{"bases":[[[0.701368,-0.650075,-0.292378],[0.659593,0.436405,0.611954],[-0.270221,-0.622055,0.734866]],[[0.653141,-0.735693,-0.179339],[0.479106,0.584891,-0.654492],[0.586399,0.341553,0.734491]],[[0.653141,-0.735693,-0.179339],[-0.53843,-0.284672,-0.79313],[0.532448,0.614587,-0.58205]],[[0.653141,-0.735693,-0.179339],[-0.750251,-0.596611,-0.284919],[0.102617,0.320642,-0.941625]]],"btipPosition":[-1.78655,238.011,-6.46526],"carpPosition":[15.275,231.636,34.058],"dipPosition":[-0.0369306,243.478,-22.5199],"direction":[-0.532448,-0.614587,0.58205],"extended":false,"handId":366,"id":3664,"length":49.963,"mcpPosition":[30.7739,267.315,-8.09121],"pipPosition":[10.2642,255.369,-33.7806],"stabilizedTipPosition":[-1.82143,238.084,-9.33769],"timeVisible":16.7661,"tipPosition":[-1.40904,239.493,-10.5994],"tipVelocity":[88.876,191.522,-115.953],"tool":false,"touchDistance":0.333333,"touchZone":"none","type":4,"width":15.8833}],"r":[[0.939716,-0.261367,0.220502],[0.235488,0.962184,0.13692],[-0.24795,-0.0767401,0.965729]],"s":1.629