{"sensorType":"Leap","data":[[0,{"currentFrameRate":109.667,"devices":[],"gestures":[],"hands":[{"armBasis":[[0.942325,-0.114601,-0.314469],[0.206803,0.938107,0.277825],[0.263167,-0.326835,0.907702]],"armWidth":63.029,"confidence":0.703254,"direction":[0.0441116,0.775955,-0.629243],"elbow":[72.7382,140.332,295.823],"grabStrength":0,"id":365,"palmNormal":[-0.220081,-0.606835,-0.763751],"palmPosition":[-3.47831,267.773,17.613],"palmVelocity":[110.803,222.109,-201.535],"palmWidth":90.0033,"pinchStrength":0.477568,"r":[[0.835123,0.0993018,0.541025],[-0.23497,0.953717,0.18765],[-0.497351,-0.283836,0.819804]],"s":1.18438,"sphereCenter":[-23.3908,259.832,-25.2859],"sphereRadius":46.6367,"stabilizedPalmPosition":[-17.1651,254.84,28.2287],"t":[65.4883,50.9991,-79.8349],"timeVisible":8.17998,"type":"right","wrist":[2.45363,227.621,53.4015]}],"id":1180756,"interactionBox":{"center":[0,200,0],"size":[235.247,235.247,147.751]},"pointables":[{"bases":[[[0.597583,0.624901,0.502387],[-0.703051,0.107122,0.703025],[0.385505,-0.77332,0.503352]],[[0.36123,0.905347,0.223292],[-0.721852,0.119913,0.68158],[0.590291,-0.407391,0.696843]],[[0.36123,0.905347,0.223292],[-0.921953,0.310888,0.230978],[0.139696,-0.289301,0.94699]],[[0.36123,0.905347,0.223292],[-0.932366,0.346994,0.101429],[0.0143471,-0.244829,0.96946]]],"btipPosition":[-61.716,258.907,-37.3553],"carpPosition":[-27.5262,223.367,51.4331],"dipPosition":[-61.3839,253.239,-14.9125],"direction":[-0.139696,0.289301,-0.94699],"extended":false,"handId":365,"id":3650,"length":51.5512,"mcpPosition":[-27.5262,223.367,51.4331],"pipPosition":[-56.6725,243.482,17.0256],"stabilizedTipPosition":[-79.3222,242.708,-9.27577],"timeVisible":8.17998,"tipPosition":[-60.9843,257.064,-32.4087],"tipVelocity":[159.708,267.463,-267.145],"tool":false,"touchDistance":-0.621268,"touchZone":"hovering","type":0,"width":20.0304},{"bases":[[[0.968056,-0.039446,-0.247611],[0.199825,0.717881,0.666871],[0.15145,-0.695047,0.702832]],[[0.957892,0.0000913802,-0.287127],[0.157121,0.836823,0.524442],[0.240323,-0.547473,0.801572]],[[0.957892,0.0000913802,-0.287127],[0.122307,0.904609,0.408319],[0.259775,-0.426243,0.866507]],[[0.957892,0.0000913802,-0.287127],[0.0945904,0.944077,0.315866],[0.271099,-0.329725,0.904316]]],"btipPosition":[-47.0549,331.552,-62.8143],"carpPosition":[-15.0283,241.943,58.396],"dipPosition":[-42.4733,325.98,-47.5311],"direction":[-0.259775,0.426243,-0.866507],"extended":true,"handId":365,"id":3651,"length":58.1698,"mcpPosition":[-26.0496,292.523,7.24964],"pipPosition":[-36.2625,315.789,-26.8144],"stabilizedTipPosition":[-51.1121,322.344,-54.3799],"timeVisible":8.17998,"tipPosition":[-46.2087,328.235,-59.9645],"tipVelocity":[186.246,332.717,-178.405],"tool":false,"touchDistance":-0.575619,"touchZone":"hovering","type":1,"width":19.133},{"bases":[[[0.931273,-0.254786,-0.260412],[0.363887,0.685444,0.630677],[0.0178103,-0.682093,0.731048]],[[0.93101,-0.247011,-0.268711],[0.127372,0.909801,-0.395017],[0.342047,0.333538,0.878496]],[[0.93101,-0.247011,-0.268711],[-0.325961,-0.231438,-0.916616],[0.164224,0.940969,-0.295987]],[[0.93101,-0.247011,-0.268711],[-0.351746,-0.803743,-0.479867],[-0.0974426,0.541279,-0.835178]]],"btipPosition":[-23.4614,237.723,-12.3595],"carpPosition":[-3.11623,243.082,56.1259],"dipPosition":[-25.2727,247.784,-27.8839],"direction":[-0.164224,-0.940969,0.295987],"extended":false,"handId":365,"id":3652,"length":66.2798,"mcpPosition":[-4.34534,290.154,5.67523],"pipPosition":[-20.6534,274.252,-36.2095],"stabilizedTipPosition":[-40.6964,225.753,5.93183],"timeVisible":8.17998,"tipPosition":[-23.7636,239.603,-15.199],"tipVelocity":[162.157,236.001,-251.499],"tool":false,"touchDistance":0.333333,"touchZone":"none","type":2,"width":18.7912},{"bases":[[[0.893645,-0.403327,-0.196791],[0.429874,0.643396,0.633443],[-0.12887,-0.650668,0.748347]],[[0.891311,-0.414391,-0.18397],[0.293064,0.83617,-0.463609],[0.345945,0.359305,0.866731]],[[0.891311,-0.414391,-0.18397],[-0.310244,-0.261542,-0.913972],[0.330625,0.871709,-0.361677]],[[0.891311,-0.414391,-0.18397],[-0.450981,-0.768515,-0.453873],[0.046697,0.487509,-0.871868]]],"btipPosition":[-8.77237,232.705,-5.70409],"carpPosition":[8.45456,241.165,52.9454],"dipPosition":[-7.90934,241.715,-21.8174],"direction":[-0.330625,-0.871709,0.361677],"extended":false,"handId":365,"id":3653,"length":63.7298,"mcpPosition":[16.4394,281.481,6.57728],"pipPosition":[1.15032,265.601,-31.728],"stabilizedTipPosition":[-22.662,222.047,8.72746],"timeVisible":8.17998,"tipPosition":[-8.37243,234.51,-9.07241],"tipVelocity":[156.263,236.417,-228.085],"tool":false,"touchDistance":0.333333,"touchZone":"none","type":3,"width":17.881},{"bases":[[[0.789329,-0.57665,-0.210796],[0.55055,0.512802,0.658733],[-0.271762,-0.63601,0.722244]],[[0.710507,-0.702102,-0.0472579],[0.620235,0.656552,-0.429242],[0.332399,0.275668,0.901953]],[[0.710507,-0.702102,-0.0472579],[-0.253919,-0.193167,-0.94774],[0.656282,0.685375,-0.315523]],[[0.710507,-0.702102,-0.0472579],[-0.623716,-0.597241,-0.504264],[0.32582,0.387758,-0.862255]]],"btipPosition":[3.88949,239.825,-5.10384],"carpPosition":[18.1802,232.859,47.0623],"dipPosition":[9.44469,246.437,-19.8052],"direction":[-0.656282,-0.685375,0.315523],"extended":false,"handId":365,"id":3654,"length":49.963,"mcpPosition":[33.7675,269.338,5.63695],"pipPosition":[22.1416,259.696,-25.9095],"stabilizedTipPosition":[-6.93341,229.963,6.05457],"timeVisible":8.17998,"tipPosition":[5.20764,241.261,-8.1767],"tipVelocity":[154.367,244.015,-210.925],"tool":false,"touchDistance":0.333333,"touchZone":"none","type":4,"width":15.8833}],"r":[[0.835123,0.0993018,0.541025],[-0.23497,0.953717,0.18765],[-0.497351,-0.283836,0.819804]],"s":1.18438,"t":[65.4883,50.9991,-79.8349],"timestamp":15453468580},false],[1,{"currentFrameRate":109.62,"devices":[],"gestures":[],"hands":[{"armBasis":[[0.941994,-0.102824,-0.319491],[0.198052,0.938812,0.281795],[0.270967,-0.328725,0.904719]],"armWidth":63.029,"confidence":0.722983,"direction":[0.0459484,0.773041,-0.632689],"elbow":[75.3093,141.507,294.104],"grabStrength":0,"id":365,"palmNormal":[-0.207603,-0.61214,-0.763011],"palmPosition":[-2.8588,269.23,16.4219],"palmVelocity":[98.6286,204.247,-181.346],"palmWidth":90.0033,"pinchStrength":0.470985,"r":[[0.82896,0.100846,0.550141],[-0.240595,0.95225,0.187974],[-0.504915,-0.288184,0.81364]],"s":1.18777,"sphereCenter":[-22.6105,261.242,-26.4935],"sphereRadius":46.7103,"stabilizedPalmPosition":[-15.6304,256.384,26.9621],"t":[66.1977,52.8797,-81.343],"timeVisible":8.18918,"type":"right","wrist":[2.94168,229.3,52.4791]}],"id":1180757,"interactionBox":{"center":[0,200,0],"size":[235.247,235.247,147.751]},"pointables":[{"bases":[[[0.587847,0.631398,0.505739],[-0.71148,0.10599,0.694667],[0.385008,-0.768181,0.511534]],[[0.354189,0.907892,0.224239],[-0.728669,0.11763,0.674689],[0.586167,-0.402363,0.703216]],[[0.354189,0.907892,0.224239],[-0.925683,0.306291,0.222029],[0.132896,-0.286214,0.948905]],[[0.354189,0.907892,0.224239],[-0.935081,0.340447,0.0985841],[0.0131622,-0.244599,0.969535]]],"btipPosition":[-60.7152,260.019,-38.9675],"carpPosition":[-26.9858,224.836,50.2019],"dipPosition":[-60.4105,254.356,-16.523],"direction":[-0.132896,0.286214,-0.948905],"extended":false,"handId":365,"id":3650,"length":51.5512,"mcpPosition":[-26.9858,224.836,50.2019],"pipPosition":[-55.9285,244.703,15.4797],"stabilizedTipPosition":[-77.0204,244.681,-12.2988],"timeVisible":8.18918,"tipPosition":[-59.9537,258.128,-34.0454],"tipVelocity":[145.247,226.446,-241.385],"tool":false,"touchDistance":-0.611651,"touchZone":"hovering","type":0,"width":20.0304},{"bases":[[[0.970977,-0.0342495,-0.236709],[0.187688,0.722558,0.665345],[0.148248,-0.690462,0.708015]],[[0.960933,0.00521135,-0.27673],[0.147936,0.835354,0.529433],[0.233927,-0.549688,0.801948]],[[0.960933,0.00521135,-0.27673],[0.114927,0.902042,0.416067],[0.251791,-0.431617,0.866203]],[[0.960933,0.00521135,-0.27673],[0.0886468,0.94136,0.325549],[0.2622,-0.337363,0.904123]]],"btipPosition":[-45.8692,333.157,-64.3861],"carpPosition":[-14.6887,243.53,57.2069],"dipPosition":[-41.4379,327.456,-49.1061],"direction":[-0.251791,0.431617,-0.866203],"extended":true,"handId":365,"id":3651,"length":58.1698,"mcpPosition":[-25.477,293.777,5.68336],"pipPosition":[-35.418,317.136,-28.3966],"stabilizedTipPosition":[-48.9494,325.626,-56.6219],"timeVisible":8.18918,"tipPosition":[-45.037,329.829,-61.5589],"tipVelocity":[169.122,287.502,-176.285],"tool":false,"touchDistance":-0.569978,"touchZone":"hovering","type":1,"width":19.133},{"bases":[[[0.93576,-0.249892,-0.248811],[0.35235,0.691031,0.631131],[0.0142218,-0.678255,0.734689]],[[0.935541,-0.242239,-0.257068],[0.125697,0.908464,-0.398614],[0.330097,0.340607,0.880354]],[[0.935541,-0.242239,-0.257068],[-0.314207,-0.238261,-0.91897],[0.161361,0.940506,-0.299016]],[[0.935541,-0.242239,-0.257068],[-0.341148,-0.808305,-0.479855],[-0.0915495,0.536623,-0.838841]]],"btipPosition":[-22.3167,238.875,-13.6093],"carpPosition":[-2.75995,244.737,55.0626],"dipPosition":[-24.0185,248.85,-29.2018],"direction":[-0.161361,-0.940506,0.299016],"extended":false,"handId":365,"id":3652,"length":66.2798,"mcpPosition":[-3.74142,291.544,4.3607],"pipPosition":[-19.4797,275.305,-37.6126],"stabilizedTipPosition":[-38.557,227.586,3.18126],"timeVisible":8.18918,"tipPosition":[-22.5991,240.757,-16.4794],"tipVelocity":[152.343,204.392,-219.588],"tool":false,"touchDistance":0.333333,"touchZone":"none","type":2,"width":18.7912},{"bases":[[[0.898412,-0.398356,-0.184848],[0.418579,0.649438,0.63484],[-0.132845,-0.647721,0.750206]],[[0.895865,-0.409994,-0.171263],[0.29461,0.836638,-0.461782],[0.332613,0.363239,0.870302]],[[0.895865,-0.409994,-0.171263],[-0.29661,-0.264836,-0.917543],[0.330831,0.872792,-0.358866]],[[0.895865,-0.409994,-0.171263],[-0.440866,-0.772192,-0.457555],[0.0553467,0.485411,-0.872532]]],"btipPosition":[-7.69916,234.074,-6.96751],"carpPosition":[8.85773,242.881,52.0198],"dipPosition":[-6.67627,243.045,-23.0931],"direction":[-0.330831,-0.872792,0.358866],"extended":false,"handId":365,"id":3653,"length":63.7298,"mcpPosition":[17.0889,283.014,5.53649],"pipPosition":[2.38901,266.961,-32.9266],"stabilizedTipPosition":[-20.4831,224.067,5.94556],"timeVisible":8.18918,"tipPosition":[-7.26463,235.863,-10.2844],"tipVelocity":[146.278,211.592,-202.75],"tool":false,"touchDistance":0.333333,"touchZone":"none","type":3,"width":17.881},{"bases":[[[0.795404,-0.572439,-0.199114],[0.539828,0.51978,0.662129],[-0.275533,-0.634147,0.722453]],[[0.715605,-0.697587,-0.0358115],[0.620603,0.658488,-0.425728],[0.320564,0.282429,0.904142]],[[0.715605,-0.697587,-0.0358115],[-0.242132,-0.199643,-0.949481],[0.655196,0.688124,-0.311774]],[[0.715605,-0.697587,-0.0358115],[-0.614142,-0.603924,-0.508042],[0.332776,0.38555,-0.860588]]],"btipPosition":[4.94447,241.218,-6.06866],"carpPosition":[18.7025,234.61,46.287],"dipPosition":[10.6183,247.791,-20.7416],"direction":[-0.655196,-0.688124,0.311774],"extended":false,"handId":365,"id":3654,"length":49.963,"mcpPosition":[34.5061,270.983,4.84969],"pipPosition":[23.2941,261.104,-26.7734],"stabilizedTipPosition":[-4.65257,232.172,3.37318],"timeVisible":8.18918,"tipPosition":[6.28691,242.647,-9.1348],"tipVelocity":[144.069,217.797,-181.03],"tool":false,"touchDistance":0.333333,"touchZone":"none","type":4,"width":15.8833}],"r":[[0.82896,0.100846,0.550141],[-0.240595,0.95225,0.187974],[-0.504915,-0.288184,0.81364]],"s":1.18777,"t":[66.1977,52.8797,-81.343],"timestamp":15453477785},false],[2,{"currentFrameRate":109.591,"devices":[],"gestures":[],"hands":[{"armBasis":[[0.94562,-0.0897726,-0.312638],[0.185908,0.937863,0.293002],[0.266909,-0.335191,0.903552]],"armWidth":63.029,"confidence":0.734978,"direction":[0.0505583,0.778733,-0.625315],"elbow":[74.2359,140.957,292.582],"grabStrength":0,"id":365,"palmNormal":[-0.189895,-0.607198,-0.771525],"palmPosition":[-2.55197,270.668,15.454],"palmVelocity":[80.4299,190.958,-160.164],"palmWidth":90.0033,"pinchStrength":0.465024,"r":[[0.821907,0.102381,0.560345],[-0.247207,0.95036,0.188959],[-0.513183,-0.293828,0.806417]],"s":1.19199,"sphereCenter":[-22.2225,263.481,-27.5008],"sphereRadius":46.8242,"stabilizedPalmPosition":[-14.1292,258.024,25.6412],"t":[66.7058,54.5388,-82.581],"timeVisible":8.19836,"type":"right","wrist":[2.95201,230.477,51.2682]}],"id":1180758,"interactionBox":{"center":[0,200,0],"size":[235.247,235.247,147.751]},"pointables":[{"bases":[[[0.574264,0.631571,0.520901],[-0.723909,0.0945925,0.68338],[0.38233,-0.769526,0.511521]],[[0.343599,0.908395,0.238238],[-0.739887,0.105617,0.664389],[0.578366,-0.404553,0.7084]],[[0.343599,0.908395,0.238238],[-0.93129,0.296907,0.211056],[0.120988,-0.294388,0.947997]],[[0.343599,0.908395,0.238238],[-0.939104,0.331064,0.0920866],[0.00477887,-0.255372,0.966831]]],"btipPosition":[-59.6455,261.619,-40.8852],"carpPosition":[-26.8969,225.803,48.447],"dipPosition":[-59.5348,255.707,-18.5032],"direction":[-0.120988,0.294388,-0.947997],"extended":false,"handId":365,"id":3650,"length":51.5512,"mcpPosition":[-26.8969,225.803,48.447],"pipPosition":[-55.4544,245.779,13.4688],"stabilizedTipPosition":[-74.803,246.666,-15.2857],"timeVisible":8.19836,"tipPosition":[-58.893,259.68,-35.9842],"tipVelocity":[135.885,210.166,-232.772],"tool":false,"touchDistance":-0.6078,"touchZone":"hovering","type":0,"width":20.0304},{"bases":[[[0.975071,-0.024761,-0.220507],[0.170767,0.718287,0.674465],[0.141687,-0.695307,0.704609]],[[0.965223,0.0155677,-0.260963],[0.135908,0.822848,0.55177],[0.223322,-0.568048,0.792116]],[[0.965223,0.0155677,-0.260963],[0.105777,0.889608,0.444307],[0.239071,-0.45646,0.857024]],[[0.965223,0.0155677,-0.260963],[0.081754,0.930184,0.357874],[0.248315,-0.366763,0.896563]]],"btipPosition":[-44.5802,336.382,-64.7642],"carpPosition":[-14.8666,244.531,55.8158],"dipPosition":[-40.3836,330.183,-49.612],"direction":[-0.239071,0.45646,-0.857024],"extended":true,"handId":365,"id":3651,"length":58.1698,"mcpPosition":[-25.1774,295.13,4.54017],"pipPosition":[-34.6678,319.27,-29.122],"stabilizedTipPosition":[-46.9569,329.111,-58.3615],"timeVisible":8.19836,"tipPosition":[-43.7751,332.855,-62.0733],"tipVelocity":[159.479,301.85,-139.471],"tool":false,"touchDistance":-0.547426,"touchZone":"hovering","type":1,"width":19.133},{"bases":[[[0.941755,-0.240557,-0.235012],[0.336225,0.68832,0.642782],[0.00713774,-0.684359,0.72911]],[[0.941619,-0.233024,-0.243008],[0.124974,0.912125,-0.390396],[0.312625,0.337235,0.887997]],[[0.941619,-0.233024,-0.243008],[-0.296816,-0.233874,-0.925853],[0.158912,0.943929,-0.289386]],[[0.941619,-0.233024,-0.243008],[-0.326702,-0.806816,-0.492254],[-0.0813558,0.542907,-0.835843]]],"btipPosition":[-21.2687,240.355,-15.0938],"carpPosition":[-2.9132,245.847,53.8841],"dipPosition":[-22.7809,250.447,-30.6306],"direction":[-0.158912,-0.943929,0.289386],"extended":false,"handId":365,"id":3652,"length":66.2798,"mcpPosition":[-3.40578,293.076,3.5672],"pipPosition":[-18.311,276.997,-38.7705],"stabilizedTipPosition":[-36.4268,229.484,0.433847],"timeVisible":8.19836,"tipPosition":[-21.5184,242.302,-18.0063],"tipVelocity":[143.022,193.161,-203.056],"tool":false,"touchDistance":0.333333,"touchZone":"none","type":2,"width":18.7912},{"bases":[[[0.904497,-0.389844,-0.172938],[0.402706,0.647208,0.647263],[-0.140405,-0.655091,0.74239]],[[0.901729,-0.401961,-0.1591],[0.296493,0.842872,-0.449064],[0.314607,0.357762,0.879221]],[[0.901729,-0.401961,-0.1591],[-0.278375,-0.258331,-0.92508],[0.330746,0.87846,-0.34484]],[[0.901729,-0.401961,-0.1591],[-0.427049,-0.771049,-0.472349],[0.0671923,0.493874,-0.866934]]],"btipPosition":[-6.74092,235.687,-8.36185],"carpPosition":[8.76836,244.107,51.0231],"dipPosition":[-5.49911,244.814,-24.384],"direction":[-0.330746,-0.87846,0.34484],"extended":false,"handId":365,"id":3653,"length":63.7298,"mcpPosition":[17.4679,284.697,5.02408],"pipPosition":[3.56385,268.886,-33.8332],"stabilizedTipPosition":[-18.3489,226.154,3.20817],"timeVisible":8.19836,"tipPosition":[-6.26135,237.515,-11.6484],"tipVelocity":[136.124,202.689,-187.843],"tool":false,"touchDistance":0.333333,"touchZone":"none","type":3,"width":17.881},{"bases":[[[0.803112,-0.564586,-0.190406],[0.524489,0.518259,0.675514],[-0.282706,-0.642379,0.712339]],[[0.721477,-0.691814,-0.029412],[0.622823,0.666918,-0.409039],[0.302594,0.276794,0.912043]],[[0.721477,-0.691814,-0.029412],[-0.224118,-0.193116,-0.955237],[0.655166,0.695773,-0.294377]],[[0.721477,-0.691814,-0.029412],[-0.600686,-0.604182,-0.523584],[0.344452,0.395421,-0.851466]]],"btipPosition":[5.85635,242.922,-7.15525],"carpPosition":[18.773,235.961,45.3887],"dipPosition":[11.7292,249.664,-21.6727],"direction":[-0.655166,-0.695773,0.294377],"extended":false,"handId":365,"id":3654,"length":49.963,"mcpPosition":[34.988,272.806,4.53152],"pipPosition":[24.4045,263.125,-27.3679],"stabilizedTipPosition":[-2.42999,234.477,0.774335],"timeVisible":8.19836,"tipPosition":[7.23614,244.384,-10.1849],"tipVelocity":[132.983,210.016,-162.46],"tool":false,"touchDistance":0.333333,"touchZone":"none","type":4,"width":15.8833}],"r":[[0.821907,0.102381,0.560345],[-0.247207,0.95036,0.188959],[-0.513183,-0.293828,0.806417]],"s":1.19199,"t":[66.7058,54.5388,-82.581],"timestamp":15453486962},false],[3,{"currentFrameRate":109.688,"devices":[],"gestures":[],"hands":[{"armBasis":[[0.950223,-0.0729091,-0.30292],[0.170148,0.935892,0.308474],[0.26101,-0.34466,0.901711]],"armWidth":63.029,"confidence":0.745612,"direction":[0.0470503,0.771936,-0.633956],"elbow":[73.0886,140.289,291.284],"grabStrength":0,"id":365,"palmNormal":[-0.171591,-0.618979,-0.766434],"palmPosition":[-2.25977,272.018,14.1038],"palmVelocity":[67.383,180.019,-157.645],"palmWidth":90.0033,"pinchStrength":0.459682,"r":[[0.814476,0.107266,0.570196],[-0.255692,0.948541,0.186793],[-0.520818,-0.297933,0.799991]],"s":1.19671,"sphereCenter":[-21.9749,264.616,-28.657],"sphereRadius":46.9424,"stabilizedPalmPosition":[-12.7507,259.649,24.3012],"t":[67.1059,56.0433,-83.8751],"timeVisible":8.2073,"type":"right","wrist":[3.38009,232.338,50.4622]}],"id":1180759,"interactionBox":{"center":[0,200,0],"size":[235.247,235.247,147.751]},"pointables":[{"bases":[[[0.558634,0.645977,0.520232],[-0.733577,0.0921249,0.673334],[0.387032,-0.757777,0.525338]],[[0.327788,0.915872,0.231806],[-0.748669,0.102161,0.655025],[0.576237,-0.388255,0.719172]],[[0.327788,0.915872,0.231806],[-0.937753,0.285604,0.197612],[0.114783,-0.282152,0.952479]],[[0.327788,0.915872,0.231806],[-0.944747,0.317017,0.0833861],[0.00288448,-0.246331,0.969181]]],"btipPosition":[-58.7516,261.586,-42.7354],"carpPosition":[-26.3613,227.197,47.3342],"dipPosition":[-58.6849,255.883,-20.299],"direction":[-0.114783,0.282152,-0.952479],"extended":false,"handId":365,"id":3650,"length":51.5512,"mcpPosition":[-26.3613,227.197,47.3342],"pipPosition":[-54.8137,246.368,11.8242],"stabilizedTipPosition":[-72.9094,248.27,-17.9127],"timeVisible":8.2073,"tipPosition":[-57.9762,259.707,-37.8145],"tipVelocity":[125.754,153.223,-225.307],"tool":false,"touchDistance":-0.602919,"touchZone":"hovering","type":0,"width":20.0304},{"bases":[[[0.977974,-0.0131765,-0.20831],[0.152064,0.728622,0.667822],[0.14298,-0.684789,0.714577]],[[0.967962,0.0268119,-0.249659],[0.120632,0.822366,0.556023],[0.220219,-0.568326,0.792785]],[[0.967962,0.0268119,-0.249659],[0.0924335,0.886413,0.453572],[0.233462,-0.462118,0.855536]],[[0.967962,0.0268119,-0.249659],[0.0700014,0.926048,0.370857],[0.24114,-0.376452,0.894503]]],"btipPosition":[-44.1143,337.58,-66.6399],"carpPosition":[-14.6939,246.184,54.6236],"dipPosition":[-40.039,331.218,-51.5225],"direction":[-0.233462,0.462118,-0.855536],"extended":true,"handId":365,"id":3651,"length":58.1698,"mcpPosition":[-25.0987,296.017,2.62253],"pipPosition":[-34.4573,320.169,-31.0681],"stabilizedTipPosition":[-45.5345,331.747,-60.1683],"timeVisible":8.2073,"tipPosition":[-43.3064,333.958,-64.0009],"tipVelocity":[129.29,254.836,-158.897],"tool":false,"touchDistance":-0.549272,"touchZone":"hovering","type":1,"width":19.133},{"bases":[[[0.947951,-0.229591,-0.220627],[0.318315,0.700694,0.638517],[0.0079947,-0.675512,0.737306]],[[0.947811,-0.222324,-0.228532],[0.116377,0.90856,-0.401218],[0.296835,0.353683,0.887016]],[[0.947811,-0.222324,-0.228532],[-0.281988,-0.250044,-0.926262],[0.148787,0.942364,-0.299687]],[[0.947811,-0.222324,-0.228532],[-0.308985,-0.817274,-0.486406],[-0.0786337,0.531634,-0.843316]]],"btipPosition":[-20.1653,241.017,-16.2462],"carpPosition":[-2.73776,247.651,52.8219],"dipPosition":[-21.627,250.899,-31.922],"direction":[-0.148787,-0.942364,0.299687],"extended":false,"handId":365,"id":3652,"length":66.2798,"mcpPosition":[-3.28949,294.269,1.93933],"pipPosition":[-17.4419,277.406,-40.3516],"stabilizedTipPosition":[-34.4169,231.226,-2.12635],"timeVisible":8.2073,"tipPosition":[-20.4083,242.964,-19.2341],"tipVelocity":[138.003,159.153,-183.758],"tool":false,"touchDistance":0.333333,"touchZone":"none","type":2,"width":18.7912},{"bases":[[[0.912084,-0.378659,-0.157224],[0.385321,0.660609,0.644301],[-0.140107,-0.648238,0.748437]],[[0.909268,-0.390864,-0.143027],[0.29029,0.841818,-0.455054],[0.298267,0.372247,0.878902]],[[0.909268,-0.390864,-0.143027],[-0.26279,-0.272657,-0.925526],[0.322757,0.879138,-0.350634]],[[0.909268,-0.390864,-0.143027],[-0.410052,-0.782363,-0.468791],[0.0713345,0.484905,-0.871652]]],"btipPosition":[-5.66116,236.709,-9.37524],"carpPosition":[9.00208,246.047,50.1243],"dipPosition":[-4.3428,245.671,-25.4846],"direction":[-0.322757,-0.879138,0.350634],"extended":false,"handId":365,"id":3653,"length":63.7298,"mcpPosition":[17.6832,286.212,3.75065],"pipPosition":[4.50127,269.761,-35.0925],"stabilizedTipPosition":[-16.3264,228.118,0.672338],"timeVisible":8.2073,"tipPosition":[-5.16686,238.51,-12.6742],"tipVelocity":[132.451,177.38,-168.091],"tool":false,"touchDistance":0.333333,"touchZone":"none","type":3,"width":17.881},{"bases":[[[0.81345,-0.555052,-0.173826],[0.508591,0.533789,0.675577],[-0.282195,-0.637955,0.716505]],[[0.731607,-0.681617,-0.0122109],[0.618368,0.671048,-0.409042],[0.287004,0.291708,0.912434]],[[0.731607,-0.681617,-0.0122109],[-0.209228,-0.207454,-0.955608],[0.648825,0.701685,-0.294388]],[[0.731607,-0.681617,-0.0122109],[-0.585375,-0.618925,-0.523706],[0.349409,0.390295,-0.851812]]],"btipPosition":[6.82926,244.14,-8.08018],"carpPosition":[19.1918,237.982,44.7103],"dipPosition":[12.7866,250.795,-22.6035],"direction":[-0.648825,-0.701685,0.294388],"extended":false,"handId":365,"id":3654,"length":49.963,"mcpPosition":[35.3775,274.573,3.61415],"pipPosition":[25.3393,264.37,-28.2989],"stabilizedTipPosition":[-0.352526,236.665,-1.60908],"timeVisible":8.2073,"tipPosition":[8.22385,245.584,-11.1102],"tipVelocity":[126.962,189.229,-146.369],"tool":false,"touchDistance":0.333333,"touchZone":"none","type":4,"width":15.8833}],"r":[[0.814476,0.107266,0.570196],[-0.255692,0.948541,0.186793],[-0.520818,-0.297933,0.799991]],"s":1.19671,"t":[67.1059,56.0433,-83.8751],"timestamp":15453495907},false],[4,{"currentFrameRate":109.619,"devices":[],"gestures":[],"hands":[{"armBasis":[[0.955254,-0.0572214,-0.2902],[0.153646,0.934353,0.321524],[0.252751,-0.351725,0.901336]],"armWidth":63.029,"confidence":0.748686,"direction":[0.0439492,0.769493,-0.637141],"elbow":[71.3247,139.593,290.656],"grabStrength":0,"id":365,"palmNormal":[-0.153174,-0.625026,-0.765428],"palmPosition":[-1.92888,272.949,13.3126],"palmVelocity":[58.5109,157.769,-137.409],"palmWidth":90.0033,"pinchStrength":0.458311,"r":[[0.806661,0.114004,0.579915],[-0.265611,0.946475,0.183401],[-0.527967,-0.301974,0.793765]],"s":1.20183,"sphereCenter":[-21.7699,265.748,-29.2597],"sphereRadius":47.0839,"stabilizedPalmPosition":[-11.4251,261.278,22.9552],"t":[67.4714,57.2615,-84.9178],"timeVisible":8.21655,"type":"right","wrist":[3.82187,233.529,49.9343]}],"id":1180760,"interactionBox":{"center":[0,200,0],"size":[235.247,235.247,147.751]},"pointables":[{"bases":[[[0.542834,0.656385,0.523917],[-0.74316,0.0848302,0.663714],[0.391209,-0.749641,0.533848]],[[0.311734,0.921597,0.231258],[-0.757683,0.0942422,0.645783],[0.573357,-0.376533,0.727657]],[[0.311734,0.921597,0.231258],[-0.944032,0.272788,0.185448],[0.107824,-0.276125,0.955054]],[[0.311734,0.921597,0.231258],[-0.950168,0.302772,0.0742286],[-0.0016097,-0.242874,0.970057]]],"btipPosition":[-57.7112,261.475,-44.1326],"carpPosition":[-25.8018,227.948,46.463],"dipPosition":[-57.7485,255.852,-21.676],"direction":[-0.107824,0.276125,-0.955054],"extended":false,"handId":365,"id":3650,"length":51.5512,"mcpPosition":[-25.8018,227.948,46.463],"pipPosition":[-54.1121,246.539,10.534],"stabilizedTipPosition":[-71.2364,249.582,-20.2317],"timeVisible":8.21655,"tipPosition":[-56.9416,259.644,-39.1945],"tipVelocity":[121.318,107.36,-204.339],"tool":false,"touchDistance":-0.59185,"touchZone":"hovering","type":0,"width":20.0304},{"bases":[[[0.980586,-0.000170904,-0.196091],[0.133318,0.733906,0.666039],[0.143798,-0.679251,0.719681]],[[0.970589,0.0392443,-0.237521],[0.106317,0.815327,0.569157],[0.215994,-0.57767,0.787175]],[[0.970589,0.0392443,-0.237521],[0.0799334,0.878118,0.47172],[0.227084,-0.476832,0.849155]],[[0.970589,0.0392443,-0.237521],[0.0589422,0.917857,0.392509],[0.233414,-0.394965,0.888549]]],"btipPosition":[-43.5155,339.189,-67.3408],"carpPosition":[-14.4981,247.134,53.8025],"dipPosition":[-39.5708,332.514,-52.324],"direction":[-0.227084,0.476832,-0.849155],"extended":true,"handId":365,"id":3651,"length":58.1698,"mcpPosition":[-24.9626,296.564,1.43],"pipPosition":[-34.1416,321.113,-32.0222],"stabilizedTipPosition":[-44.3688,334.1,-61.6497],"timeVisible":8.21655,"tipPosition":[-42.7267,335.417,-64.799],"tipVelocity":[110.258,229.962,-136.268],"tool":false,"touchDistance":-0.533539,"touchZone":"touching","type":1,"width":19.133},{"bases":[[[0.953807,-0.217049,-0.207708],[0.300303,0.708221,0.638938],[0.00842182,-0.671798,0.740686]],[[0.953667,-0.210027,-0.215425],[0.109004,0.908573,-0.403254],[0.280424,0.361088,0.889369]],[[0.953667,-0.210027,-0.215425],[-0.266417,-0.256823,-0.929012],[0.139791,0.943361,-0.300878]],[[0.953667,-0.210027,-0.215425],[-0.29139,-0.823042,-0.487538],[-0.0749081,0.527722,-0.846108]]],"btipPosition":[-19.0334,241.565,-17.1862],"carpPosition":[-2.54259,248.764,52.142],"dipPosition":[-20.4258,251.375,-32.9138],"direction":[-0.139791,-0.943361,0.300878],"extended":false,"handId":365,"id":3652,"length":66.2798,"mcpPosition":[-3.1238,295.125,1.02614],"pipPosition":[-16.4938,277.91,-41.377],"stabilizedTipPosition":[-32.419,232.897,-4.60352],"timeVisible":8.21655,"tipPosition":[-19.2593,243.505,-20.1777],"tipVelocity":[134.118,130.594,-161.07],"tool":false,"touchDistance":0.333333,"touchZone":"none","type":2,"width":18.7912},{"bases":[[[0.91928,-0.366311,-0.144016],[0.367796,0.669127,0.645751],[-0.140181,-0.646595,0.749843]],[[0.916452,-0.378523,-0.129751],[0.284148,0.84393,-0.455018],[0.281736,0.380134,0.880978]],[[0.916452,-0.378523,-0.129751],[-0.247014,-0.280066,-0.927657],[0.314801,0.882204,-0.350167]],[[0.916452,-0.378523,-0.129751],[-0.392934,-0.790035,-0.470581],[0.0756177,0.482249,-0.872765]]],"btipPosition":[-4.53758,237.492,-10.0724],"carpPosition":[9.25167,247.315,49.5983],"dipPosition":[-3.14006,246.405,-26.2023],"direction":[-0.314801,-0.882204,0.350167],"extended":false,"handId":365,"id":3653,"length":63.7298,"mcpPosition":[17.9374,287.378,3.13745],"pipPosition":[5.486,270.578,-35.7975],"stabilizedTipPosition":[-14.2871,230.042,-1.76173],"timeVisible":8.21655,"tipPosition":[-4.03084,239.29,-13.3692],"tipVelocity":[129.942,150.999,-142.206],"tool":false,"touchDistance":0.333333,"touchZone":"none","type":3,"width":17.881},{"bases":[[[0.823385,-0.544176,-0.160966],[0.492461,0.544235,0.679183],[-0.281991,-0.638499,0.716101]],[[0.741328,-0.671143,0.000271399],[0.613826,0.677854,-0.404637],[0.271385,0.300136,0.914477]],[[0.741328,-0.671143,0.000271399],[-0.194295,-0.215,-0.957092],[0.642403,0.709466,-0.289785]],[[0.741328,-0.671143,0.000271399],[-0.569923,-0.629737,-0.527844],[0.35443,0.391151,-0.849341]]],"btipPosition":[7.83279,245.1,-8.61878],"carpPosition":[19.6221,239.371,44.3512],"dipPosition":[13.8758,251.769,-23.1],"direction":[-0.642403,-0.709466,0.289785],"extended":false,"handId":365,"id":3654,"length":49.963,"mcpPosition":[35.7961,275.993,3.2782],"pipPosition":[26.3042,265.495,-28.7063],"stabilizedTipPosition":[1.70751,238.81,-3.83374],"timeVisible":8.21655,"tipPosition":[9.24425,246.55,-11.6398],"tipVelocity":[122.391,165.358,-121.329],"tool":false,"touchDistance":0.333333,"touchZone":"none","type":4,"width":15.8833}],"r":[[0.806661,0.114004,0.579915],[-0.265611,0.946475,0.183401],[-0.527967,-0.301974,0.793765]],"s":1.20183,"t":[67.4714,57.2615,-84.9178],"timestamp":15453505151},false],[5,{"currentFrameRate":109.857,"devices":[],"gestures":[],"hands":[{"armBasis":[[0.957588,-0.0502175,-0.283732],[0.146361,0.932976,0.328837],[0.248201,-0.356417,0.900757]],"armWidth":63.029,"confidence":0.753296,"direction":[0.0434175,0.766005,-0.641366],"elbow":[70.5675,139.52,290.089],"grabStrength":0,"id":365,"palmNormal":[-0.144416,-0.630417,-0.762704],"palmPosition":[-1.47207,273.879,12.6322],"palmVelocity":[56.9462,144.287,-121.698],"palmWidth":90.0033,"pinchStrength":0.457441,"r":[[0.799378,0.121007,0.588517],[-0.274879,0.944644,0.179134],[-0.534263,-0.304966,0.78839]],"s":1.20664,"sphereCenter":[-21.5291,266.788,-29.7696],"sphereRadius":47.2055,"stabilizedPalmPosition":[-10.1487,262.894,21.6314],"t":[67.8826,58.3354,-85.7793],"timeVisible":8.22523,"type":"right","wrist":[4.27978,234.709,49.5218]}],"id":1180761,"interactionBox":{"center":[0,200,0],"size":[235.247,235.247,147.751]},"pointables":[{"bases":[[[0.535437,0.662738,0.523532],[-0.74795,0.0841799,0.658395],[0.392273,-0.744105,0.540768]],[[0.304619,0.92483,0.227808],[-0.761778,0.0929871,0.64113],[0.571753,-0.36884,0.732841]],[[0.304619,0.92483,0.227808],[-0.946728,0.267762,0.178909],[0.104462,-0.270172,0.957128]],[[0.304619,0.92483,0.227808],[-0.95247,0.296512,0.0698693],[-0.00293068,-0.238264,0.971196]]],"btipPosition":[-56.9727,261.767,-45.0554],"carpPosition":[-25.2864,228.927,45.8925],"dipPosition":[-57.0406,256.251,-22.5724],"direction":[-0.104462,0.270172,-0.957128],"extended":false,"handId":365,"id":3650,"length":51.5512,"mcpPosition":[-25.2864,228.927,45.8925],"pipPosition":[-53.5175,247.139,9.70755],"stabilizedTipPosition":[-69.8844,250.618,-22.0966],"timeVisible":8.22523,"tipPosition":[-56.1953,259.982,-40.1071],"tipVelocity":[111.458,88.5018,-178.059],"tool":false,"touchDistance":-0.574749,"touchZone":"hovering","type":0,"width":20.0304},{"bases":[[[0.98182,0.00466076,-0.189757],[0.124545,0.738591,0.66255],[0.143241,-0.674138,0.724583]],[[0.971921,0.0435468,-0.231245],[0.100941,0.810557,0.576895],[0.212559,-0.584038,0.783401]],[[0.971921,0.0435468,-0.231245],[0.0756066,0.872826,0.48214],[0.222832,-0.486085,0.845025]],[[0.971921,0.0435468,-0.231245],[0.0553866,0.91278,0.404679],[0.228698,-0.406124,0.884738]]],"btipPosition":[-42.7965,340.588,-67.985],"carpPosition":[-14.147,248.225,53.1915],"dipPosition":[-38.9314,333.725,-53.0326],"direction":[-0.222832,0.486085,-0.845025],"extended":true,"handId":365,"id":3651,"length":58.1698,"mcpPosition":[-24.5709,297.283,0.462335],"pipPosition":[-33.6039,322.103,-32.8295],"stabilizedTipPosition":[-43.4046,336.023,-62.7843],"timeVisible":8.22523,"tipPosition":[-42.0269,336.789,-65.4832],"tipVelocity":[102.398,210.336,-120.203],"tool":false,"touchDistance":-0.518403,"touchZone":"touching","type":1,"width":19.133},{"bases":[[[0.956432,-0.212441,-0.200268],[0.291855,0.713766,0.636678],[0.00768782,-0.667388,0.74467]],[[0.956306,-0.2057,-0.207768],[0.106903,0.907438,-0.406359],[0.272124,0.366393,0.889778]],[[0.956306,-0.2057,-0.207768],[-0.258305,-0.261533,-0.929989],[0.13696,0.943021,-0.303239]],[[0.956306,-0.2057,-0.207768],[-0.283452,-0.826468,-0.486421],[-0.0716565,0.524059,-0.848662]]],"btipPosition":[-18.2163,242.24,-17.9101],"carpPosition":[-2.19107,249.918,51.5986],"dipPosition":[-19.5483,251.981,-33.6852],"direction":[-0.13696,-0.943021,0.303239],"extended":false,"handId":365,"id":3652,"length":66.2798,"mcpPosition":[-2.72162,295.975,0.207856],"pipPosition":[-15.6959,278.507,-42.2147],"stabilizedTipPosition":[-30.6484,234.373,-6.76137],"timeVisible":8.22523,"tipPosition":[-18.4254,244.172,-20.8976],"tipVelocity":[123.902,116.037,-140.729],"tool":false,"touchDistance":0.333333,"touchZone":"none","type":2,"width":18.7912},{"bases":[[[0.922398,-0.361535,-0.135923],[0.359538,0.675125,0.644157],[-0.141121,-0.643038,0.75272]],[[0.919609,-0.37345,-0.121878],[0.2822,0.84385,-0.456377],[0.273281,0.385295,0.8814]],[[0.919609,-0.37345,-0.121878],[-0.238614,-0.284559,-0.928488],[0.312063,0.882928,-0.350793]],[[0.919609,-0.37345,-0.121878],[-0.384827,-0.794081,-0.470471],[0.0789163,0.479552,-0.873958]]],"btipPosition":[-3.71525,238.285,-10.6887],"carpPosition":[9.628,248.526,49.1397],"dipPosition":[-2.25676,247.148,-26.8407],"direction":[-0.312063,-0.882928,0.350793],"extended":false,"handId":365,"id":3653,"length":63.7298,"mcpPosition":[18.372,288.369,2.50059],"pipPosition":[6.29425,271.341,-36.4529],"stabilizedTipPosition":[-12.4771,231.748,-3.85968],"timeVisible":8.22523,"tipPosition":[-3.20512,240.08,-13.9614],"tipVelocity":[121.003,134.765,-123.407],"tool":false,"touchDistance":0.333333,"touchZone":"none","type":3,"width":17.881},{"bases":[[[0.827694,-0.540077,-0.152442],[0.484738,0.551194,0.679128],[-0.282756,-0.636005,0.718016]],[[0.744886,-0.667121,0.00977439],[0.613774,0.67943,-0.402064],[0.261584,0.305491,0.915559]],[[0.744886,-0.667121,0.00977439],[-0.184715,-0.22028,-0.957788],[0.641113,0.711637,-0.28731]],[[0.744886,-0.667121,0.00977439],[-0.562292,-0.635588,-0.529014],[0.359128,0.388559,-0.848557]]],"btipPosition":[8.62241,246.016,-9.17247],"carpPosition":[20.0802,240.615,44.0064],"dipPosition":[14.7455,252.641,-23.6403],"direction":[-0.641113,-0.711637,0.28731],"extended":false,"handId":365,"id":3654,"length":49.963,"mcpPosition":[36.298,277.094,2.82362],"pipPosition":[27.1489,266.409,-29.1988],"stabilizedTipPosition":[3.49769,240.687,-5.69772],"timeVisible":8.22523,"tipPosition":[10.0403,247.441,-12.1664],"tipVelocity":[114.594,149.118,-105.918],"tool":false,"touchDistance":0.333333,"touchZone":"none","type":4,"width":15.8833}],"r":[[0.799378,0.121007,0.588517],[-0.274879,0.944644,0.179134],[-0.534263,-0.304966,0.78839]],"s":1.20664,"t":[67.8826,58.3354,-85.7793],"timestamp":15453513830},false],[6,{"currentFrameRate":109.904,"devices":[],"gestures":[],"hands":[{"armBasis":[[0.959702,-0.0480615,-0.276881],[0.143357,0.931154,0.335262],[0.241705,-0.361444,0.90052]],"armWidth":63.029,"confidence":0.757085,"direction":[0.046888,0.766439,-0.640603],"elbow":[68.9884,139.545,289.225],"grabStrength":0,"id":365,"palmNormal":[-0.138683,-0.630103,-0.764027],"palmPosition":[-1.11132,275.263,11.8181],"palmVelocity":[52.2894,146.808,-113.063],"palmWidth":90.0033,"pinchStrength":0.454656,"r":[[0.792626,0.126671,0.596404],[-0.282679,0.943044,0.175389],[-0.540218,-0.307609,0.783289]],"s":1.21087,"sphereCenter":[-21.218,268.468,-30.5788],"sphereRadius":47.3014,"stabilizedPalmPosition":[-8.79671,264.744,20.1633],"t":[68.2685,59.5642,-86.6171],"timeVisible":8.23424,"type":"right","wrist":[4.43565,236.076,48.7216]}],"id":1180762,"interactionBox":{"center":[0,200,0],"size":[235.247,235.247,147.751]},"pointables":[{"bases":[[[0.531253,0.662973,0.527481],[-0.752401,0.083006,0.653455],[0.389439,-0.744027,0.542919]],[[0.302423,0.924824,0.230739],[-0.765446,0.0913826,0.636978],[0.568008,-0.369255,0.735539]],[[0.302423,0.924824,0.230739],[-0.947871,0.266297,0.175004],[0.100403,-0.271636,0.957149]],[[0.302423,0.924824,0.230739],[-0.953165,0.294454,0.0690848],[-0.00405068,-0.240825,0.97056]]],"btipPosition":[-56.4382,263.235,-46.175],"carpPosition":[-25.0997,230.266,44.8922],"dipPosition":[-56.532,257.66,-23.7067],"direction":[-0.100403,0.271636,-0.957149],"extended":false,"handId":365,"id":3650,"length":51.5512,"mcpPosition":[-25.0997,230.266,44.8922],"pipPosition":[-53.1458,248.499,8.57398],"stabilizedTipPosition":[-68.6268,251.68,-23.8681],"timeVisible":8.23424,"tipPosition":[-55.647,261.438,-41.2328],"tipVelocity":[96.9282,108.521,-163.343],"tool":false,"touchDistance":-0.562451,"touchZone":"hovering","type":0,"width":20.0304},{"bases":[[[0.983055,0.00579175,-0.183217],[0.119367,0.738316,0.663807],[0.139117,-0.67443,0.725115]],[[0.973387,0.0447097,-0.224765],[0.098356,0.804356,0.585951],[0.206988,-0.592463,0.778552]],[[0.973387,0.0447097,-0.224765],[0.0738862,0.867184,0.492477],[0.216931,-0.495978,0.840802]],[[0.973387,0.0447097,-0.224765],[0.0542877,0.907881,0.415697],[0.222645,-0.416836,0.881293]]],"btipPosition":[-41.8985,342.731,-68.5731],"carpPosition":[-14.0292,249.571,52.2768],"dipPosition":[-38.1357,335.686,-53.679],"direction":[-0.216931,0.495978,-0.840802],"extended":true,"handId":365,"id":3651,"length":58.1698,"mcpPosition":[-24.153,298.65,-0.491142],"pipPosition":[-32.9492,323.828,-33.5769],"stabilizedTipPosition":[-42.4,338.178,-63.7853],"timeVisible":8.23424,"tipPosition":[-41.1479,338.969,-66.09],"tipVelocity":[100.913,216.576,-105.497],"tool":false,"touchDistance":-0.50392,"touchZone":"touching","type":1,"width":19.133},{"bases":[[[0.957963,-0.21133,-0.194027],[0.286871,0.71368,0.639035],[0.00342646,-0.667832,0.744304]],[[0.957884,-0.204811,-0.201273],[0.109308,0.908217,-0.403972],[0.265537,0.364957,0.892354]],[[0.957884,-0.204811,-0.201273],[-0.251413,-0.259503,-0.932443],[0.138743,0.943775,-0.300065]],[[0.957884,-0.204811,-0.201273],[-0.279521,-0.825585,-0.490182],[-0.0657732,0.525797,-0.848063]]],"btipPosition":[-17.6413,243.645,-18.9422],"carpPosition":[-2.06467,251.277,50.7645],"dipPosition":[-18.8639,253.418,-34.7062],"direction":[-0.138743,-0.943775,0.300065],"extended":false,"handId":365,"id":3652,"length":66.2798,"mcpPosition":[-2.30113,297.365,-0.601025],"pipPosition":[-14.9613,279.965,-43.1464],"stabilizedTipPosition":[-28.9266,235.931,-8.89995],"timeVisible":8.23424,"tipPosition":[-17.8258,245.589,-21.9229],"tipVelocity":[108.136,127.199,-133.431],"tool":false,"touchDistance":0.333333,"touchZone":"none","type":2,"width":18.7912},{"bases":[[[0.923656,-0.360498,-0.129999],[0.354543,0.675105,0.64694],[-0.145458,-0.643641,0.751378]],[[0.92086,-0.372138,-0.116321],[0.284355,0.84513,-0.452656],[0.266757,0.383756,0.884066]],[[0.92086,-0.372138,-0.116321],[-0.231762,-0.282543,-0.930836],[0.313534,0.884128,-0.34643]],[[0.92086,-0.372138,-0.116321],[-0.380652,-0.793518,-0.474798],[0.0843873,0.4815,-0.872374]]],"btipPosition":[-3.15564,239.694,-11.6285],"carpPosition":[9.77195,249.899,48.3834],"dipPosition":[-1.59605,248.593,-27.7512],"direction":[-0.313534,-0.884129,0.34643],"extended":false,"handId":365,"id":3653,"length":63.7298,"mcpPosition":[18.7846,289.78,1.82744],"pipPosition":[6.99527,272.819,-37.2439],"stabilizedTipPosition":[-10.7473,233.534,-5.91053],"timeVisible":8.23424,"tipPosition":[-2.63542,241.501,-14.88],"tipVelocity":[105.505,140.943,-117.93],"tool":false,"touchDistance":0.333333,"touchZone":"none","type":3,"width":17.881},{"bases":[[[0.829251,-0.539128,-0.147256],[0.479637,0.551282,0.682669],[-0.286866,-0.636733,0.715737]],[[0.744505,-0.667428,0.0158919],[0.618311,0.680347,-0.393471],[0.251801,0.302767,0.9192]],[[0.744505,-0.667428,0.0158919],[-0.174977,-0.218045,-0.960125],[0.644279,0.712037,-0.27912]],[[0.744505,-0.667428,0.0158919],[-0.557837,-0.634983,-0.534429],[0.366784,0.38902,-0.845064]]],"btipPosition":[9.19461,247.524,-10.0785],"carpPosition":[20.2662,242.002,43.315],"dipPosition":[15.4482,254.157,-24.4867],"direction":[-0.644279,-0.712037,0.27912],"extended":false,"handId":365,"id":3654,"length":49.963,"mcpPosition":[36.7199,278.522,2.26296],"pipPosition":[27.9129,267.933,-29.8868],"stabilizedTipPosition":[5.16144,242.637,-7.4919],"timeVisible":8.23424,"tipPosition":[10.6247,248.919,-13.0255],"tipVelocity":[101.45,154.169,-104.007],"tool":false,"touchDistance":0.333333,"touchZone":"none","type":4,"width":15.8833}],"r":[[0.792626,0.126671,0.596404],[-0.282679,0.943044,0.175389],[-0.540218,-0.307609,0.783289]],"s":1.2