{"sensorType":"Leap","data":[[0,{"currentFrameRate":104.953,"devices":[],"gestures":[],"hands":[{"armBasis":[[0.908858,-0.23324,-0.345798],[0.350729,0.876062,0.330914],[0.225758,-0.422035,0.87802]],"armWidth":63.029,"confidence":0.579336,"direction":[0.112463,0.759339,-0.640902],"elbow":[54.3894,137.725,285.054],"grabStrength":0,"id":366,"palmNormal":[-0.339358,-0.576861,-0.743013],"palmPosition":[-8.3891,290.804,14.6048],"palmVelocity":[127.588,-11.1079,-128.955],"palmWidth":90.0033,"pinchStrength":0.377143,"r":[[0.922692,-0.274801,0.270414],[0.242061,0.958838,0.148447],[-0.300077,-0.0715142,0.951231]],"s":1.64845,"sphereCenter":[-33.8509,288.455,-23.6095],"sphereRadius":46.76,"stabilizedPalmPosition":[-11.9515,291.206,18.26],"t":[107.526,151.492,-52.5071],"timeVisible":6.2092,"type":"right","wrist":[-5.90436,250.439,50.5594]}],"id":1182092,"interactionBox":{"center":[0,200,0],"size":[235.247,235.247,147.751]},"pointables":[{"bases":[[[0.701279,0.542987,0.461923],[-0.64373,0.203926,0.737581],[0.306299,-0.814604,0.492546]],[[0.485548,0.853821,0.187703],[-0.651036,0.209866,0.729458],[0.583434,-0.476388,0.657768]],[[0.485548,0.853821,0.187703],[-0.869218,0.448603,0.207884],[0.0932917,-0.264092,0.959975]],[[0.485548,0.853821,0.187703],[-0.873778,0.480735,0.0735207],[-0.0274617,-0.199708,0.97947]]],"btipPosition":[-67.564,287.248,-37.3004],"carpPosition":[-36.2456,250.196,50.2283],"dipPosition":[-68.1998,282.625,-14.6258],"direction":[-0.0932917,0.264092,-0.959975],"extended":false,"handId":366,"id":3660,"length":51.5512,"mcpPosition":[-36.2456,250.196,50.2283],"pipPosition":[-65.0534,273.718,17.7501],"stabilizedTipPosition":[-72.7414,286.346,-26.8433],"timeVisible":6.2092,"tipPosition":[-67.6675,286.181,-32.3915],"tipVelocity":[127.677,-8.25166,-129.26],"tool":false,"touchDistance":-0.101588,"touchZone":"touching","type":0,"width":20.0304},{"bases":[[[0.939535,-0.169289,-0.297684],[0.328789,0.689019,0.645872],[0.095771,-0.704695,0.703017]],[[0.932405,-0.128162,-0.337928],[0.299392,0.797653,0.523559],[0.202449,-0.589342,0.782106]],[[0.932405,-0.128162,-0.337928],[0.263101,0.881748,0.391534],[0.247788,-0.453977,0.855865]],[[0.932405,-0.128162,-0.337928],[0.231031,0.930392,0.284596],[0.277931,-0.343431,0.897112]]],"btipPosition":[-47.2351,359.973,-63.7431],"carpPosition":[-21.041,266.988,56.2773],"dipPosition":[-42.538,354.169,-48.5816],"direction":[-0.247788,0.453977,-0.855865],"extended":true,"handId":366,"id":3661,"length":58.1698,"mcpPosition":[-28.0104,318.27,5.1175],"pipPosition":[-36.6138,343.315,-28.1193],"stabilizedTipPosition":[-50.2004,359.644,-55.9812],"timeVisible":6.2092,"tipPosition":[-46.5839,357.327,-60.6837],"tipVelocity":[169.72,-33.6544,-173.578],"tool":false,"touchDistance":-0.108229,"touchZone":"hovering","type":1,"width":19.133},{"bases":[[[0.873927,-0.377903,-0.305681],[0.484918,0.63484,0.601525],[-0.0332591,-0.673919,0.738056]],[[0.873231,-0.389369,-0.293019],[0.172167,0.809034,-0.561981],[0.45588,0.440291,0.77351]],[[0.873231,-0.389369,-0.293019],[-0.440065,-0.371813,-0.817372],[0.209311,0.842702,-0.496026]],[[0.873231,-0.389369,-0.293019],[-0.473333,-0.820689,-0.32004],[-0.115864,0.418164,-0.900952]]],"btipPosition":[-32.3969,260.559,-3.74562],"carpPosition":[-9.22297,266.519,53.3685],"dipPosition":[-34.5506,268.332,-20.4927],"direction":[-0.209311,-0.842702,0.496026],"extended":false,"handId":366,"id":3662,"length":66.2798,"mcpPosition":[-6.92771,313.027,2.43421],"pipPosition":[-28.663,292.035,-34.445],"stabilizedTipPosition":[-35.357,262.863,-5.12533],"timeVisible":6.2092,"tipPosition":[-33.0251,262.776,-8.50898],"tipVelocity":[121.453,-16.2385,-116.741],"tool":false,"touchDistance":0.333333,"touchZone":"none","type":2,"width":18.7912},{"bases":[[[0.820449,-0.519731,-0.238209],[0.54481,0.584412,0.601369],[-0.173338,-0.623171,0.762635]],[[0.821372,-0.51636,-0.242322],[0.292707,0.746203,-0.597915],[0.489561,0.420182,0.764053]],[[0.821372,-0.51636,-0.242322],[-0.458291,-0.344504,-0.819321],[0.339584,0.784021,-0.519609]],[[0.821372,-0.51636,-0.242322],[-0.570137,-0.75593,-0.321734],[-0.0170477,0.40242,-0.915296]]],"btipPosition":[-18.0825,254.183,-0.257813],"carpPosition":[1.80361,263.062,49.6089],"dipPosition":[-18.3975,261.621,-17.1738],"direction":[-0.339584,-0.784021,0.519609],"extended":false,"handId":366,"id":3663,"length":63.7298,"mcpPosition":[12.5438,301.674,2.35552],"pipPosition":[-9.09239,283.104,-31.4119],"stabilizedTipPosition":[-20.1812,256.427,-1.98782],"timeVisible":6.2092,"tipPosition":[-18.0538,256.205,-4.83774],"tipVelocity":[117.624,-16.7218,-113.906],"tool":false,"touchDistance":0.333333,"touchZone":"none","type":3,"width":17.881},{"bases":[[[0.6935,-0.677733,-0.244408],[0.648318,0.439093,0.621997],[-0.31423,-0.58981,0.743898]],[[0.635382,-0.762136,-0.124247],[0.571376,0.57225,-0.588268],[0.519441,0.302784,0.799064]],[[0.635382,-0.762136,-0.124247],[-0.455407,-0.239898,-0.857352],[0.623613,0.60133,-0.499509]],[[0.635382,-0.762136,-0.124247],[-0.744548,-0.561979,-0.360318],[0.204787,0.321447,-0.924518]]],"btipPosition":[-5.6889,259.626,-1.85606],"carpPosition":[10.0123,253.501,43.3324],"dipPosition":[-2.1973,265.107,-17.619],"direction":[-0.623613,-0.60133,0.499509],"extended":false,"handId":366,"id":3664,"length":49.963,"mcpPosition":[28.0354,287.33,0.66503],"pipPosition":[9.86755,276.74,-27.2829],"stabilizedTipPosition":[-6.98141,261.516,-3.04344],"timeVisible":6.2092,"tipPosition":[-4.80873,261.118,-5.68893],"tipVelocity":[121.561,-19.9039,-126.339],"tool":false,"touchDistance":0.333333,"touchZone":"none","type":4,"width":15.8833}],"r":[[0.922692,-0.274801,0.270414],[0.242061,0.958838,0.148447],[-0.300077,-0.0715142,0.951231]],"s":1.64845,"t":[107.526,151.492,-52.5071],"timestamp":15465742830},false],[1,{"currentFrameRate":105.106,"devices":[],"gestures":[],"hands":[{"armBasis":[[0.912232,-0.231027,-0.33832],[0.343611,0.881163,0.324783],[0.223081,-0.412528,0.883208]],"armWidth":63.029,"confidence":0.593736,"direction":[0.114852,0.764909,-0.633817],"elbow":[54.3138,139.598,285.294],"grabStrength":0,"id":366,"palmNormal":[-0.331147,-0.572064,-0.75039],"palmPosition":[-7.6069,290.418,13.7668],"palmVelocity":[115.574,-19.705,-118.253],"palmWidth":90.0033,"pinchStrength":0.380467,"r":[[0.921157,-0.275624,0.274775],[0.242972,0.958797,0.147218],[-0.30403,-0.0688479,0.950171]],"s":1.6484,"sphereCenter":[-32.8022,288.347,-24.6612],"sphereRadius":46.7728,"stabilizedPalmPosition":[-11.2538,291.079,17.5385],"t":[108.487,151.144,-53.5047],"timeVisible":6.21843,"type":"right","wrist":[-5.26486,249.773,49.4138]}],"id":1182093,"interactionBox":{"center":[0,200,0],"size":[235.247,235.247,147.751]},"pointables":[{"bases":[[[0.695469,0.54179,0.472003],[-0.65047,0.195594,0.733916],[0.305307,-0.817439,0.488447]],[[0.480809,0.854054,0.19853],[-0.657615,0.201476,0.725913],[0.57997,-0.479582,0.65851]],[[0.480809,0.854054,0.19853],[-0.872575,0.443786,0.204125],[0.0862285,-0.271377,0.958603]],[[0.480809,0.854054,0.19853],[-0.876153,0.476828,0.070649],[-0.0343265,-0.207911,0.977545]]],"btipPosition":[-66.3516,287.067,-38.6417],"carpPosition":[-35.6013,249.422,48.8328],"dipPosition":[-67.1462,282.254,-16.0117],"direction":[-0.0862285,0.271377,-0.958603],"extended":false,"handId":366,"id":3660,"length":51.5512,"mcpPosition":[-35.6013,249.422,48.8328],"pipPosition":[-64.2381,273.102,16.318],"stabilizedTipPosition":[-71.5835,286.274,-28.0732],"timeVisible":6.21843,"tipPosition":[-66.4873,285.959,-33.7407],"tipVelocity":[127.604,-12.7562,-134.081],"tool":false,"touchDistance":-0.124113,"touchZone":"touching","type":0,"width":20.0304},{"bases":[[[0.942551,-0.163438,-0.29135],[0.320952,0.684965,0.654074],[0.0926643,-0.710008,0.69807]],[[0.935624,-0.122146,-0.331192],[0.29268,0.792956,0.534378],[0.197349,-0.59691,0.777658]],[[0.935624,-0.122146,-0.331192],[0.257402,0.878114,0.403312],[0.241562,-0.462598,0.853025]],[[0.935624,-0.122146,-0.331192],[0.226194,0.92775,0.296843],[0.271006,-0.352647,0.895654]]],"btipPosition":[-45.9945,360.275,-64.2377],"carpPosition":[-20.5091,266.22,55.1411],"dipPosition":[-41.4144,354.315,-49.1008],"direction":[-0.241562,0.462598,-0.853025],"extended":true,"handId":366,"id":3661,"length":58.1698,"mcpPosition":[-27.2524,317.889,4.34128],"pipPosition":[-35.639,343.255,-28.7065],"stabilizedTipPosition":[-48.7662,359.443,-57.2833],"timeVisible":6.21843,"tipPosition":[-45.3603,357.612,-61.2024],"tipVelocity":[159.004,-16.1236,-140.097],"tool":false,"touchDistance":-0.116568,"touchZone":"hovering","type":1,"width":19.133},{"bases":[[[0.877788,-0.372219,-0.301566],[0.477637,0.631719,0.610569],[-0.0367605,-0.679989,0.7323]],[[0.877036,-0.383728,-0.28907],[0.174945,0.815473,-0.551723],[0.44744,0.433309,0.78233]],[[0.877036,-0.383728,-0.28907],[-0.431241,-0.363591,-0.825731],[0.211753,0.848855,-0.484362]],[[0.877036,-0.383728,-0.28907],[-0.467959,-0.818513,-0.333243],[-0.108732,0.427539,-0.897434]]],"btipPosition":[-31.3971,260.262,-5.20567],"carpPosition":[-8.66606,265.818,52.3253],"dipPosition":[-33.4183,268.209,-21.8874],"direction":[-0.211753,-0.848855,0.484362],"extended":false,"handId":366,"id":3662,"length":66.2798,"mcpPosition":[-6.12916,312.745,1.78821],"pipPosition":[-27.4621,292.086,-35.5115],"stabilizedTipPosition":[-34.6437,262.705,-5.92479],"timeVisible":6.21843,"tipPosition":[-31.9656,262.486,-9.8276],"tipVelocity":[118.698,-19.4874,-127.914],"tool":false,"touchDistance":0.333333,"touchZone":"none","type":2,"width":18.7912},{"bases":[[[0.82429,-0.514783,-0.235678],[0.537715,0.581512,0.610496],[-0.177223,-0.629954,0.756142]],[[0.825156,-0.511664,-0.239412],[0.29709,0.753524,-0.586463],[0.480475,0.412797,0.773785]],[[0.825156,-0.511664,-0.239412],[-0.448928,-0.336689,-0.82771],[0.342903,0.790468,-0.507521]],[[0.825156,-0.511664,-0.239412],[-0.564824,-0.754479,-0.334269],[-0.00959751,0.411049,-0.911563]]],"btipPosition":[-17.0689,253.963,-1.66654],"carpPosition":[2.40357,262.431,48.6282],"dipPosition":[-17.2462,261.56,-18.5135],"direction":[-0.342903,-0.790468,0.507521],"extended":false,"handId":366,"id":3663,"length":63.7298,"mcpPosition":[13.3844,301.464,1.77712],"pipPosition":[-7.85017,283.22,-32.4204],"stabilizedTipPosition":[-19.4851,256.265,-2.7932],"timeVisible":6.21843,"tipPosition":[-17.0022,255.976,-6.1077],"tipVelocity":[116.399,-17.5998,-124.288],"tool":false,"touchDistance":0.333333,"touchZone":"none","type":3,"width":17.881},{"bases":[[[0.697985,-0.673192,-0.244189],[0.641593,0.436411,0.630796],[-0.318081,-0.596957,0.736524]],[[0.639097,-0.758902,-0.124996],[0.574946,0.579341,-0.577756],[0.510875,0.297376,0.806582]],[[0.639097,-0.758902,-0.124996],[-0.446576,-0.233828,-0.863652],[0.626199,0.607777,-0.488346]],[[0.639097,-0.758902,-0.124996],[-0.739376,-0.561446,-0.37162],[0.211845,0.32992,-0.919932]]],"btipPosition":[-4.65249,259.407,-2.98051],"carpPosition":[10.6986,252.952,42.3421],"dipPosition":[-1.04055,265.032,-18.6652],"direction":[-0.626199,-0.607777,0.488346],"extended":false,"handId":366,"id":3664,"length":49.963,"mcpPosition":[28.9426,287.191,0.0976872],"pipPosition":[11.0743,276.79,-28.1131],"stabilizedTipPosition":[-6.27078,261.333,-3.84064],"timeVisible":6.21843,"tipPosition":[-3.74914,260.916,-6.76294],"tipVelocity":[119.805,-19.9773,-124.53],"tool":false,"touchDistance":0.333333,"touchZone":"none","type":4,"width":15.8833}],"r":[[0.921157,-0.275624,0.274775],[0.242972,0.958797,0.147218],[-0.30403,-0.0688479,0.950171]],"s":1.6484,"t":[108.487,151.144,-53.5047],"timestamp":15465752059},false],[2,{"currentFrameRate":105.458,"devices":[],"gestures":[],"hands":[{"armBasis":[[0.914888,-0.231027,-0.331068],[0.339836,0.883404,0.322659],[0.217924,-0.407705,0.886727]],"armWidth":63.029,"confidence":0.610799,"direction":[0.114626,0.765546,-0.633088],"elbow":[53.8084,140.419,285.239],"grabStrength":0,"id":366,"palmNormal":[-0.327206,-0.572631,-0.751684],"palmPosition":[-6.7409,289.962,12.7847],"palmVelocity":[110.846,-28.3488,-116.354],"palmWidth":90.0033,"pinchStrength":0.386968,"r":[[0.919901,-0.275776,0.278801],[0.243069,0.958885,0.14648],[-0.307734,-0.0669798,0.949112]],"s":1.6481,"sphereCenter":[-31.8375,287.862,-25.7387],"sphereRadius":46.7738,"stabilizedPalmPosition":[-11.2538,291.079,17.5385],"t":[109.4,150.741,-54.4945],"timeVisible":6.22726,"type":"right","wrist":[-4.39297,249.306,48.4189]}],"id":1182094,"interactionBox":{"center":[0,200,0],"size":[235.247,235.247,147.751]},"pointables":[{"bases":[[[0.692468,0.543532,0.474407],[-0.65328,0.193379,0.732004],[0.306127,-0.816809,0.488987]],[[0.477516,0.855522,0.200151],[-0.660363,0.199194,0.724046],[0.579569,-0.477916,0.660073]],[[0.477516,0.855522,0.200151],[-0.874649,0.441216,0.200793],[0.0834725,-0.270944,0.958969]],[[0.477516,0.855522,0.200151],[-0.877906,0.473784,0.0693536],[-0.035495,-0.208831,0.977307]]],"btipPosition":[-65.3368,286.438,-39.8142],"carpPosition":[-34.7264,248.868,47.7443],"dipPosition":[-66.1585,281.604,-17.1897],"direction":[-0.0834725,0.270944,-0.958969],"extended":false,"handId":366,"id":3660,"length":51.5512,"mcpPosition":[-34.7264,248.868,47.7443],"pipPosition":[-63.3433,272.466,15.1524],"stabilizedTipPosition":[-70.5498,286.112,-29.1888],"timeVisible":6.22726,"tipPosition":[-65.4729,285.338,-34.9025],"tipVelocity":[123.988,-28.7022,-133.769],"tool":false,"touchDistance":-0.143676,"touchZone":"touching","type":0,"width":20.0304},{"bases":[[[0.943905,-0.160612,-0.288525],[0.316986,0.685551,0.655393],[0.0925348,-0.710087,0.698007]],[[0.937007,-0.119441,-0.328255],[0.289074,0.792688,0.536733],[0.196096,-0.597813,0.777281]],[[0.937007,-0.119441,-0.328255],[0.254053,0.877974,0.405732],[0.239738,-0.463568,0.853012]],[[0.937007,-0.119441,-0.328255],[0.223085,0.927737,0.299227],[0.268794,-0.353607,0.895942]]],"btipPosition":[-45.0432,359.845,-65.2554],"carpPosition":[-19.7015,265.707,54.1073],"dipPosition":[-40.5005,353.869,-50.1137],"direction":[-0.239738,0.463568,-0.853012],"extended":true,"handId":366,"id":3661,"length":58.1698,"mcpPosition":[-26.4354,317.381,3.31208],"pipPosition":[-34.7688,342.786,-29.7197],"stabilizedTipPosition":[-47.5642,359.198,-58.4152],"timeVisible":6.22726,"tipPosition":[-44.4076,357.207,-62.216],"tipVelocity":[144.888,-25.0393,-133.353],"tool":false,"touchDistance":-0.133512,"touchZone":"touching","type":1,"width":19.133},{"bases":[[[0.879768,-0.369571,-0.299042],[0.473956,0.632772,0.612344],[-0.0370796,-0.680453,0.731853]],[[0.879011,-0.381068,-0.286576],[0.176847,0.818737,-0.546255],[0.442791,0.429484,0.78707]],[[0.879011,-0.381068,-0.286576],[-0.426205,-0.35853,-0.830545],[0.213748,0.852199,-0.477565]],[[0.879011,-0.381068,-0.286576],[-0.465143,-0.817439,-0.339758],[-0.104788,0.43195,-0.895789]]],"btipPosition":[-30.4656,259.822,-6.62001],"carpPosition":[-7.84875,265.34,51.3278],"dipPosition":[-32.4134,267.851,-23.2711],"direction":[-0.213748,-0.852199,0.477565],"extended":false,"handId":366,"id":3662,"length":66.2798,"mcpPosition":[-5.28983,312.299,0.821584],"pipPosition":[-26.4011,291.822,-36.7041],"stabilizedTipPosition":[-34.0131,262.53,-6.68978],"timeVisible":6.22726,"tipPosition":[-30.9803,262.002,-11.0453],"tipVelocity":[115.647,-27.1136,-136.414],"tool":false,"touchDistance":0.333333,"touchZone":"none","type":2,"width":18.7912},{"bases":[[[0.826473,-0.51232,-0.233389],[0.534176,0.582737,0.612432],[-0.177757,-0.63083,0.755286]],[[0.827278,-0.509428,-0.236843],[0.298573,0.755803,-0.582766],[0.475884,0.411395,0.77736]],[[0.827278,-0.509428,-0.236843],[-0.444302,-0.335275,-0.830774],[0.343812,0.792511,-0.503706]],[[0.827278,-0.509428,-0.236843],[-0.561752,-0.755194,-0.337811],[-0.00677189,0.412511,-0.910927]]],"btipPosition":[-16.0718,253.551,-2.85286],"carpPosition":[3.24179,261.986,47.6632],"dipPosition":[-16.197,261.175,-19.6881],"direction":[-0.343812,-0.792511,0.503706],"extended":false,"handId":366,"id":3663,"length":63.7298,"mcpPosition":[14.2557,301.073,0.865104],"pipPosition":[-6.77598,282.891,-33.4904],"stabilizedTipPosition":[-18.8442,256.083,-3.53773],"timeVisible":6.22726,"tipPosition":[-15.9919,255.531,-7.19801],"tipVelocity":[115.826,-25.2589,-126.924],"tool":false,"touchDistance":0.333333,"touchZone":"none","type":3,"width":17.881},{"bases":[[[0.700647,-0.671084,-0.242366],[0.638403,0.437921,0.632982],[-0.318646,-0.598224,0.73525]],[[0.641629,-0.757027,-0.123384],[0.575096,0.581257,-0.575677],[0.507521,0.298413,0.808314]],[[0.641629,-0.757027,-0.123384],[-0.44324,-0.234669,-0.865141],[0.62598,0.609788,-0.486114]],[[0.641629,-0.757027,-0.123384],[-0.736634,-0.563363,-0.374155],[0.213735,0.330957,-0.919122]]],"btipPosition":[-3.64624,258.968,-3.96913],"carpPosition":[11.5831,252.533,41.398],"dipPosition":[-0.00207184,264.611,-19.64],"direction":[-0.62598,-0.609788,0.486114],"extended":false,"handId":366,"id":3664,"length":49.963,"mcpPosition":[29.8595,286.845,-0.773352],"pipPosition":[12.1086,276.408,-29.0448],"stabilizedTipPosition":[-5.60757,261.128,-4.55558],"timeVisible":6.22726,"tipPosition":[-2.73616,260.48,-7.74678],"tipVelocity":[118.452,-27.8765,-121.037],"tool":false,"touchDistance":0.333333,"touchZone":"none","type":4,"width":15.8833}],"r":[[0.919901,-0.275776,0.278801],[0.243069,0.958885,0.14648],[-0.307734,-0.0669798,0.949112]],"s":1.6481,"t":[109.4,150.741,-54.4945],"timestamp":15465760889},false],[3,{"currentFrameRate":105.587,"devices":[],"gestures":[],"hands":[{"armBasis":[[0.919856,-0.221313,-0.32386],[0.327944,0.886891,0.325389],[0.215216,-0.405519,0.88839]],"armWidth":63.029,"confidence":0.618416,"direction":[0.109312,0.766515,-0.632856],"elbow":[54.0113,140.628,284.806],"grabStrength":0,"id":366,"palmNormal":[-0.316418,-0.576719,-0.753176],"palmPosition":[-6.08512,289.54,11.8727],"palmVelocity":[99.6795,-33.2148,-111.426],"palmWidth":90.0033,"pinchStrength":0.390713,"r":[[0.919205,-0.273745,0.283066],[0.240776,0.959528,0.146056],[-0.311592,-0.0661,0.947914]],"s":1.64775,"sphereCenter":[-31.0053,287.231,-26.7523],"sphereRadius":46.7814,"stabilizedPalmPosition":[-11.2538,291.079,17.5385],"t":[110.185,150.329,-55.4454],"timeVisible":6.23649,"type":"right","wrist":[-3.46681,248.931,47.5414]}],"id":1182095,"interactionBox":{"center":[0,200,0],"size":[235.247,235.247,147.751]},"pointables":[{"bases":[[[0.683522,0.551697,0.477942],[-0.659512,0.18619,0.72827],[0.312796,-0.812997,0.491116]],[[0.465974,0.861495,0.201729],[-0.667021,0.192232,0.719812],[0.581336,-0.469972,0.66421]],[[0.465974,0.861495,0.201729],[-0.881237,0.43144,0.193083],[0.0793063,-0.267743,0.960221]],[[0.465974,0.861495,0.201729],[-0.883984,0.463063,0.0643787],[-0.0379515,-0.208324,0.977323]]],"btipPosition":[-64.2893,285.201,-41.1063],"carpPosition":[-33.7889,248.143,46.699],"dipPosition":[-65.1678,280.379,-18.4815],"direction":[-0.0793063,0.267743,-0.960221],"extended":false,"handId":366,"id":3660,"length":51.5512,"mcpPosition":[-33.7889,248.143,46.699],"pipPosition":[-62.4932,271.349,13.9028],"stabilizedTipPosition":[-69.5034,285.763,-30.3484],"timeVisible":6.23649,"tipPosition":[-64.4609,284.147,-36.1558],"tipVelocity":[120.642,-58.1528,-135.509],"tool":false,"touchDistance":-0.165211,"touchZone":"touching","type":0,"width":20.0304},{"bases":[[[0.947277,-0.149867,-0.283206],[0.305433,0.689468,0.656769],[0.0968334,-0.708642,0.698891]],[[0.940205,-0.109172,-0.322638],[0.277714,0.794136,0.540577],[0.197203,-0.597854,0.776969]],[[0.940205,-0.109172,-0.322638],[0.242789,0.879165,0.410028],[0.238889,-0.463844,0.853101]],[[0.940205,-0.109172,-0.322638],[0.212074,0.928863,0.303707],[0.26653,-0.353971,0.896474]]],"btipPosition":[-44.6375,359.205,-66.2889],"carpPosition":[-18.9944,265.157,53.136],"dipPosition":[-40.133,353.222,-51.1382],"direction":[-0.238889,0.463844,-0.853101],"extended":true,"handId":366,"id":3661,"length":58.1698,"mcpPosition":[-26.0412,316.726,2.27643],"pipPosition":[-34.4216,342.133,-30.7421],"stabilizedTipPosition":[-46.6014,358.865,-59.4816],"timeVisible":6.23649,"tipPosition":[-44.0034,356.567,-63.257],"tipVelocity":[116.304,-37.5218,-127.289],"tool":false,"touchDistance":-0.150702,"touchZone":"touching","type":1,"width":19.133},{"bases":[[[0.885609,-0.359556,-0.293965],[0.463236,0.63848,0.614619],[-0.0332993,-0.680487,0.732003]],[[0.884919,-0.371016,-0.28154],[0.171172,0.821268,-0.544259],[0.433149,0.433434,0.790264]],[[0.884919,-0.371016,-0.28154],[-0.416963,-0.361772,-0.833824],[0.207509,0.855259,-0.474839]],[[0.884919,-0.371016,-0.28154],[-0.453995,-0.822077,-0.343626],[-0.103957,0.431899,-0.895911]]],"btipPosition":[-29.3811,259.136,-7.76245],"carpPosition":[-7.12306,264.925,50.4224],"dipPosition":[-31.3134,267.164,-24.4158],"direction":[-0.207509,-0.855259,0.474839],"extended":false,"handId":366,"id":3662,"length":66.2798,"mcpPosition":[-4.82503,311.886,-0.0941674],"pipPosition":[-25.4766,291.221,-37.7721],"stabilizedTipPosition":[-33.3646,262.29,-7.44907],"timeVisible":6.23649,"tipPosition":[-29.8797,261.289,-12.1136],"tipVelocity":[116.272,-40.3518,-132.88],"tool":false,"touchDistance":0.333333,"touchZone":"none","type":2,"width":18.7912},{"bases":[[[0.833599,-0.502878,-0.228531],[0.524027,0.589142,0.615067],[-0.174666,-0.632476,0.75463]],[[0.834316,-0.500249,-0.231661],[0.29651,0.761457,-0.576424],[0.464756,0.41223,0.783625]],[[0.834316,-0.500249,-0.231661],[-0.433436,-0.335567,-0.836378],[0.34066,0.798214,-0.496796]],[[0.834316,-0.500249,-0.231661],[-0.551272,-0.760028,-0.344175],[-0.00389497,0.414859,-0.909877]]],"btipPosition":[-14.9546,253.129,-4.13993],"carpPosition":[4.0255,261.698,46.8211],"dipPosition":[-15.0266,260.796,-20.9557],"direction":[-0.34066,-0.798214,0.496796],"extended":false,"handId":366,"id":3663,"length":63.7298,"mcpPosition":[14.848,300.887,0.0636612],"pipPosition":[-5.69195,282.668,-34.5687],"stabilizedTipPosition":[-18.1784,255.878,-4.30614],"timeVisible":6.23649,"tipPosition":[-14.8563,255.057,-8.31474],"tipVelocity":[117.658,-30.7239,-130.297],"tool":false,"touchDistance":0.333333,"touchZone":"none","type":3,"width":17.881},{"bases":[[[0.70966,-0.663085,-0.23812],[0.629799,0.445546,0.636272],[-0.315809,-0.601505,0.733796]],[[0.651001,-0.749617,-0.119464],[0.571192,0.587415,-0.573309],[0.499937,0.304988,0.810583]],[[0.651001,-0.749617,-0.119464],[-0.436118,-0.240551,-0.867143],[0.621288,0.616611,-0.48352]],[[0.651001,-0.749617,-0.119464],[-0.728087,-0.572134,-0.37756],[0.214676,0.332772,-0.918247]]],"btipPosition":[-2.54238,258.568,-4.82091],"carpPosition":[12.5097,252.339,40.6073],"dipPosition":[1.11782,264.242,-20.4769],"direction":[-0.621288,-0.616611,0.48352],"extended":false,"handId":366,"id":3664,"length":49.963,"mcpPosition":[30.6234,286.839,-1.48067],"pipPosition":[13.1377,276.172,-29.8314],"stabilizedTipPosition":[-4.90144,260.902,-5.25433],"timeVisible":6.23649,"tipPosition":[-1.63059,260.087,-8.60071],"tipVelocity":[118.881,-31.9785,-112.864],"tool":false,"touchDistance":0.333333,"touchZone":"none","type":4,"width":15.8833}],"r":[[0.919205,-0.273745,0.283066],[0.240776,0.959528,0.146056],[-0.311592,-0.0661,0.947914]],"s":1.64775,"t":[110.185,150.329,-55.4454],"timestamp":15465770120},false],[4,{"currentFrameRate":105.937,"devices":[],"gestures":[],"hands":[{"armBasis":[[0.93088,-0.188366,-0.313018],[0.293463,0.895868,0.333616],[0.217581,-0.402416,0.889224]],"armWidth":63.029,"confidence":0.431786,"direction":[0.10948,0.774398,-0.623154],"elbow":[54.8168,141.188,284.111],"grabStrength":0,"id":366,"palmNormal":[-0.276779,-0.578377,-0.76738],"palmPosition":[-5.82631,289.489,11.1985],"palmVelocity":[80.7688,-25.842,-102.073],"palmWidth":90.0033,"pinchStrength":0.393611,"r":[[0.918165,-0.267782,0.292002],[0.23299,0.96104,0.148718],[-0.32045,-0.0685139,0.944785]],"s":1.64765,"sphereCenter":[-29.5792,287.056,-28.1295],"sphereRadius":46.8192,"stabilizedPalmPosition":[-11.2538,291.079,17.5385],"t":[110.706,150.097,-56.258],"timeVisible":6.24529,"type":"right","wrist":[-3.29307,248.662,46.6244]}],"id":1182096,"interactionBox":{"center":[0,200,0],"size":[235.247,235.247,147.751]},"pointables":[{"bases":[[[0.653081,0.565216,0.504],[-0.687265,0.162859,0.707915],[0.318044,-0.808707,0.494813]],[[0.436024,0.871942,0.222711],[-0.694996,0.169038,0.698861],[0.571719,-0.459504,0.679701]],[[0.436024,0.871942,0.222711],[-0.898337,0.406971,0.165426],[0.053605,-0.272199,0.960747]],[[0.436024,0.871942,0.222711],[-0.897696,0.438857,0.0393318],[-0.0634432,-0.217076,0.974091]]],"btipPosition":[-62.1099,283.989,-43.7188],"carpPosition":[-33.5413,247.095,44.7943],"dipPosition":[-63.5785,278.964,-21.1688],"direction":[-0.053605,0.272199,-0.960747],"extended":false,"handId":366,"id":3660,"length":51.5512,"mcpPosition":[-33.5413,247.095,44.7943],"pipPosition":[-61.7707,269.783,11.2332],"stabilizedTipPosition":[-68.3261,285.274,-31.7139],"timeVisible":6.24529,"tipPosition":[-62.4324,282.924,-38.752],"tipVelocity":[150.734,-81.0495,-179.54],"tool":false,"touchDistance":-0.209039,"touchZone":"touching","type":0,"width":20.0304},{"bases":[[[0.959506,-0.122825,-0.253501],[0.265949,0.691611,0.671525],[0.0928442,-0.711751,0.696269]],[[0.952707,-0.0823174,-0.292528],[0.240439,0.792872,0.559949],[0.185844,-0.603803,0.775167]],[[0.952707,-0.0823174,-0.292528],[0.208049,0.878328,0.430413],[0.221505,-0.470918,0.853915]],[[0.952707,-0.0823174,-0.292528],[0.179847,0.928666,0.3244],[0.244957,-0.361668,0.899551]]],"btipPosition":[-43.5028,359.258,-67.3931],"carpPosition":[-19.4129,264.432,51.8359],"dipPosition":[-39.3629,353.146,-52.1904],"direction":[-0.221505,0.470918,-0.853915],"extended":true,"handId":366,"id":3661,"length":58.1698,"mcpPosition":[-26.1694,316.227,1.16715],"pipPosition":[-34.0671,341.887,-31.7748],"stabilizedTipPosition":[-45.7206,358.645,-60.4415],"timeVisible":6.24529,"tipPosition":[-42.9186,356.554,-64.4025],"tipVelocity":[117.168,-26.7075,-126.461],"tool":false,"touchDistance":-0.168906,"touchZone":"touching","type":1,"width":19.133},{"bases":[[[0.903737,-0.333947,-0.267842],[0.42631,0.645095,0.634124],[-0.0389803,-0.687264,0.725361]],[[0.90295,-0.345498,-0.255562],[0.16747,0.830564,-0.531148],[0.395771,0.436801,0.807818]],[[0.90295,-0.345498,-0.255562],[-0.379958,-0.363994,-0.850377],[0.20078,0.864951,-0.459943]],[[0.90295,-0.345498,-0.255562],[-0.421088,-0.830076,-0.365593],[-0.0858243,0.437726,-0.895003]]],"btipPosition":[-27.69,258.669,-9.49271],"carpPosition":[-7.45838,264.531,49.5066],"dipPosition":[-29.2853,266.805,-26.1292],"direction":[-0.20078,-0.864951,0.459943],"extended":false,"handId":366,"id":3662,"length":66.2798,"mcpPosition":[-4.7683,311.96,-0.551592],"pipPosition":[-23.6377,291.135,-39.0665],"stabilizedTipPosition":[-32.6485,262.054,-8.241],"timeVisible":6.24529,"tipPosition":[-28.0945,260.83,-13.787],"tipVelocity":[139.118,-43.0396,-149.963],"tool":false,"touchDistance":0.333333,"touchZone":"none","type":2,"width":18.7912},{"bases":[[[0.853425,-0.479117,-0.205215],[0.488329,0.59735,0.636167],[-0.182213,-0.643133,0.74376]],[[0.854114,-0.47666,-0.208051],[0.29733,0.775732,-0.556628],[0.426714,0.413564,0.804288]],[[0.854114,-0.47666,-0.208051],[-0.395503,-0.335507,-0.854993],[0.337738,0.812546,-0.475081]],[[0.854114,-0.47666,-0.208051],[-0.519827,-0.769766,-0.37046],[0.0164332,0.424566,-0.905248]]],"btipPosition":[-13.2458,253.085,-5.63736],"carpPosition":[3.88111,261.625,46.2439],"dipPosition":[-12.9421,260.932,-22.3676],"direction":[-0.337738,-0.812546,0.475081],"extended":false,"handId":366,"id":3663,"length":63.7298,"mcpPosition":[15.1712,301.474,0.160011],"pipPosition":[-3.68752,283.197,-35.3856],"stabilizedTipPosition":[-17.4285,255.73,-5.08252],"timeVisible":6.24529,"tipPosition":[-13.0558,255.013,-9.66581],"tipVelocity":[140.945,-22.5186,-140.463],"tool":false,"touchDistance":0.333333,"touchZone":"none","type":3,"width":17.881},{"bases":[[[0.734103,-0.642402,-0.220027],[0.597093,0.456376,0.659697],[-0.323376,-0.615663,0.718601]],[[0.673969,-0.731398,-0.104032],[0.573434,0.606713,-0.55052],[0.465767,0.311378,0.828315]],[[0.673969,-0.731398,-0.104032],[-0.401905,-0.244846,-0.882339],[0.619869,0.636481,-0.458971]],[[0.673969,-0.731398,-0.104032],[-0.700378,-0.587788,-0.404939],[0.235023,0.345779,-0.908406]]],"btipPosition":[-0.938962,258.754,-5.5821],"carpPosition":[12.8035,252.542,40.2374],"dipPosition":[3.06815,264.65,-21.0703],"direction":[-0.619869,-0.636481,0.458971],"extended":false,"handId":366,"id":3664,"length":49.963,"mcpPosition":[31.3511,287.854,-0.978961],"pipPosition":[15.0606,276.964,-29.9499],"stabilizedTipPosition":[-4.08556,260.769,-5.90415],"timeVisible":6.24529,"tipPosition":[0.052447,260.325,-9.32447],"tipVelocity":[138.411,-16.1156,-104.603],"tool":false,"touchDistance":0.333333,"touchZone":"none","type":4,"width":15.8833}],"r":[[0.918165,-0.267782,0.292002],[0.23299,0.96104,0.148718],[-0.32045,-0.0685139,0.944785]],"s":1.64765,"t":[110.706,150.097,-56.258],"timestamp":15465778913},false],[5,{"currentFrameRate":105.966,"devices":[],"gestures":[],"hands":[{"armBasis":[[0.936112,-0.177864,-0.303413],[0.278751,0.901265,0.331692],[0.214459,-0.395077,0.893264]],"armWidth":63.029,"confidence":0.454031,"direction":[0.106765,0.782464,-0.613474],"elbow":[54.5715,142.461,283.972],"grabStrength":0,"id":366,"palmNormal":[-0.262089,-0.573032,-0.776494],"palmPosition":[-5.3535,289.159,10.4047],"palmVelocity":[72.1261,-28.4767,-97.0984],"palmWidth":90.0033,"pinchStrength":0.394159,"r":[[0.917239,-0.261527,0.300461],[0.224165,0.962407,0.153371],[-0.329276,-0.0733246,0.941382]],"s":1.64739,"sphereCenter":[-28.6501,286.858,-29.2314],"sphereRadius":46.8143,"stabilizedPalmPosition":[-11.2538,291.079,17.5385],"t":[111.204,149.817,-57.0611],"timeVisible":6.25467,"type":"right","wrist":[-2.7045,247.976,45.4062]}],"id":1182097,"interactionBox":{"center":[0,200,0],"size":[235.247,235.247,147.751]},"pointables":[{"bases":[[[0.6412,0.56716,0.516906],[-0.69635,0.147018,0.702483],[0.322426,-0.810379,0.48921]],[[0.42328,0.874573,0.236551],[-0.704043,0.153187,0.693439],[0.570226,-0.460061,0.680578]],[[0.42328,0.874573,0.236551],[-0.904785,0.394538,0.160324],[0.0468863,-0.28189,0.9583]],[[0.42328,0.874573,0.236551],[-0.903372,0.427281,0.0367422],[-0.0689401,-0.229246,0.970924]]],"btipPosition":[-61.0529,283.607,-45.1554],"carpPosition":[-32.9119,246.077,43.2452],"dipPosition":[-62.6488,278.3,-22.6787],"direction":[-0.0468863,0.28189,-0.9583],"extended":false,"handId":366,"id":3660,"length":51.5512,"mcpPosition":[-32.9119,246.077,43.2452],"pipPosition":[-61.0675,268.793,9.64081],"stabilizedTipPosition":[-67.1344,284.776,-33.1413],"timeVisible":6.25467,"tipPosition":[-61.3885,282.481,-40.1956],"tipVelocity":[139.01,-71.5289,-172.527],"tool":false,"touchDistance":-0.233263,"touchZone":"touching","type":0,"width":20.0304},{"bases":[[[0.96343,-0.108851,-0.244856],[0.250914,0.687185,0.681776],[0.0940497,-0.718281,0.689367]],[[0.956594,-0.0681771,-0.283337],[0.225454,0.789186,0.571276],[0.184657,-0.610359,0.770301]],[[0.956594,-0.0681771,-0.283337],[0.193358,0.875903,0.442048],[0.218038,-0.477645,0.851067]],[[0.956594,-0.0681771,-0.283337],[0.165608,0.927181,0.33602],[0.239796,-0.368357,0.898227]]],"btipPosition":[-43.018,359.352,-67.8071],"carpPosition":[-19.061,263.498,50.6224],"dipPosition":[-38.9653,353.127,-52.6268],"direction":[-0.218038,0.477645,-0.851067],"extended":true,"handId":366,"id":3661,"length":58.1698,"mcpPosition":[-25.9051,315.769,0.455923],"pipPosition":[-33.7524,341.707,-32.2792],"stabilizedTipPosition":[-44.9345,358.488,-61.2794],"timeVisible":6.25467,"tipPosition":[-42.4317,356.657,-64.825],"tipVelocity":[97.9265,-17.0465,-103.193],"tool":false,"touchDistance":-0.175891,"touchZone":"touching","type":1,"width":19.133},{"bases":[[[0.910293,-0.320435,-0.262084],[0.412185,0.642953,0.645535],[-0.0383445,-0.695653,0.717354]],[[0.909517,-0.332126,-0.249944],[0.163506,0.838694,-0.519479],[0.382159,0.431607,0.817111]],[[0.909517,-0.332126,-0.249944],[-0.366642,-0.357705,-0.858848],[0.19584,0.872777,-0.44711]],[[0.909517,-0.332126,-0.249944],[-0.407648,-0.830246,-0.380151],[-0.0812567,0.447642,-0.890513]]],"btipPosition":[-26.6576,258.322,-10.9157],"carpPosition":[-7.08515,263.762,48.4185],"dipPosition":[-28.168,266.643,-27.4688],"direction":[-0.19584,-0.872777,0.44711],"extended":false,"handId":366,"id":3662,"length":66.2798,"mcpPosition":[-4.43893,311.77,-1.08716],"pipPosition":[-22.6594,291.192,-40.0451],"stabilizedTipPosition":[-31.9251,261.821,-9.07192],"timeVisible":6.25467,"tipPosition":[-27.034,260.516,-15.145],"tipVelocity":[131.433,-40.0261,-149.859],"tool":false,"touchDistance":0.333333,"touchZone":"none","type":2,"width":18.7912},{"bases":[[[0.861049,-0.466864,-0.201575],[0.474735,0.595913,0.647699],[-0.182267,-0.653395,0.734747]],[[0.86168,-0.464582,-0.204137],[0.29559,0.786507,-0.542248],[0.412474,0.406903,0.815043]],[[0.86168,-0.464582,-0.204137],[-0.381015,-0.326623,-0.864954],[0.335166,0.823092,-0.458457]],[[0.86168,-0.464582,-0.204137],[-0.506924,-0.769706,-0.388046],[0.0231535,0.437854,-0.898748]]],"btipPosition":[-12.2274,252.88,-7.13172],"carpPosition":[4.32053,261.025,45.2421],"dipPosition":[-11.7995,260.972,-23.7418],"direction":[-0.335166,-0.823092,0.458457],"extended":false,"handId":366,"id":3663,"length":63.7298,"mcpPosition":[15.6139,301.509,-0.283383],"pipPosition":[-2.61543,283.526,-36.3043],"stabilizedTipPosition":[-16.6805,255.591,-5.91093],"timeVisible":6.25467,"tipPosition":[-11.9992,254.849,-11.0357],"tipVelocity":[132.589,-20.614,-144.968],"tool":false,"touchDistance":0.333333,"touchZone":"none","type":3,"width":17.881},{"bases":[[[0.743811,-0.631351,-0.21941],[0.5849,0.455961,0.670814],[-0.323476,-0.627292,0.708426]],[[0.683324,-0.722574,-0.104664],[0.573348,0.619816,-0.535817],[0.45204,0.306127,0.837822]],[[0.683324,-0.722574,-0.104664],[-0.388207,-0.238165,-0.890266],[0.618356,0.648971,-0.443252]],[[0.683324,-0.722574,-0.104664],[-0.688936,-0.590662,-0.420102],[0.241733,0.359173,-0.901421]]],"btipPosition":[0.068314,258.706,-6.76216],"carpPosition":[13.41,252.113,39.2295],"dipPosition":[4.18984,264.83,-22.1313],"direction":[-0.618356,-0.648971,0.443252],"extended":false,"handId":366,"id":3664,"length":49.963,"mcpPosition":[31.9634,288.092,-1.40328],"pipPosition":[16.153,277.385,-30.7068],"stabilizedTipPosition":[-3.23854,260.661,-6.63348],"timeVisible":6.25467,"tipPosition":[1.08004,260.308,-10.4274],"tipVelocity":[130.37,-11.4156,-109.789],"tool":false,"touchDistance":0.333333,"touchZone":"none","type":4,"width":15.8833}],"r":[[0.917239,-0.261527,0.300461],[0.224165,0.962407,0.153371],[-0.329276,-0.0733246,0.941382]],"s":1.64739,"t":[111.204,149.817,-57.0611],"timestamp":15465788297},false],[6,{"currentFrameRate":106.306,"devices":[],"gestures":[],"hands":[{"armBasis":[[0.932978,-0.190067,-0.305657],[0.292559,0.895129,0.336382],[0.209667,-0.40326,0.890742]],"armWidth":63.029,"confidence":0.473602,"direction":[0.110364,0.773383,-0.624258],"elbow":[53.9734,141.359,282.026],"grabStrength":0,"id":366,"palmNormal":[-0.274967,-0.579821,-0.766943],"palmPosition":[-4.50433,289.823,8.6326],"palmVelocity":[78.7329,-0.482297,-125.253],"palmWidth":90.0033,"pinchStrength":0.396294,"r":[[0.916318,-0.257842,0.306396],[0.219512,0.963346,0.154206],[-0.334926,-0.0740439,0.939331]],"s":1.64713,"sphereCenter":[-28.1525,287.28,-30.7893],"sphereRadius":46.8133,"stabilizedPalmPosition":[-10.9546,291.023,17.1437],"t":[111.877,150.008,-58.3488],"timeVisible":6.26345,"type":"right","wrist":[-2.02286,249.059,44.1333]}],"id":1182098,"interactionBox":{"center":[0,200,0],"size":[235.247,235.247,147.751]},"pointables":[{"bases":[[[0.651802,0.566388,0.504339],[-0.68876,0.163743,0.706256],[0.317433,-0.807708,0.496834]],[[0.434746,0.872862,0.221605],[-0.696772,0.170128,0.696825],[0.570531,-0.45735,0.682148]],[[0.434746,0.872862,0.221605],[-0.899093,0.406684,0.161989],[0.0512703,-0.269668,0.961588]],[[0.434746,0.872862,0.221605],[-0.898417,0.437316,0.0400096],[-0.0619888,-0.216488,0.974315]]],"btipPosition":[-60.7314,284.163,-46.4222],"carpPosition":[-32.2666,247.474,42.2453],"dipPosition":[-62.1665,279.151,-23.867],"direction":[-0.0512703,0.269668,-0.961588],"extended":false,"handId":366,"id":3660,"length":51.5512,"mcpPosition":[-32.2666,247.474,42.2453],"pipPosition":[-60.4373,270.056,8.56341],"stabilizedTipPosition":[-66.2649,284.523,-34.3001],"timeVisible":6.26345,"tipPosition":[-61.0318,283.113,-41.4273],"tipVelocity":[112.604,-33.2054,-164.369],"tool":false,"touchDistance":-0.254075,"touchZone":"touching","type":0,"width":20.0304},{"bases":[[[0.96007,-0.122802,-0.251367],[0.264275,0.692885,0.670872],[0.0917838,-0.710514,0.697672]],[[0.953394,-0.0826769,-0.290179],[0.23913,0.793528,0.559581],[0.184001,-0.602891,0.776316]],[[0.953394,-0.0826769,-0.290179],[0.206933,0.879077,0.429421],[0.219586,-0.469455,0.855215]],[[0.953394,-0.0826769,-0.290179],[0.178865,0.929389,0.322868],[0.242995,-0.359724,0.900862]]],"btipPosition":[-42.0159,359.459,-70.1476],"carpPosition":[-18.1606,264.83,49.2856],"dipPosition":[-37.9092,353.38,-54.9227],"direction":[-0.219586,0.469455,-0.855215],"extended":true,"handId":366,"id":3661,"length":58.1698,"mcpPosition":[-24.8399,316.535,-1.48525],"pipPosition":[-32.6593,342.156,-34.476],"stabilizedTipPosition":[-44.2483,358.412,-62.2326],"timeVisible":6.26345,"tipPosition":[-41.4344,356.818,-67.128],"tipVelocity":[102.658,-8.15338,-146.798],"tool":false,"touchDistance":-0.214728,"touchZone":"touching","type":1,"width":19.133},{"bases":[[[0.90443,-0.333975,-0.265457],[0.424733,0.646381,0.633872],[-0.0401104,-0.686041,0.726457]],[[0.903625,-0.345491,-0.253174],[0.169203,0.830938,-0.530012],[0.393487,0.436094,0.809315]],[[0.903625,-0.345491,-0.253174],[-0.377326,-0.362372,-0.852239],[0.202698,0.865634,-0.457811]],[[0.903625,-0.345491,-0.253174],[-0.420222,-0.829513,-0.367862],[-0.0829181,0.438799,-0.894751]]],"btipPosition":[-26.3541,258.978,-12.2309],"carpPosition":[-6.20144,264.931,46.98],"dipPosition":[-27.8954,267.135,-28.8627],"direction":[-0.202698,-0.865634,0.457811],"extended":false,"handId":366,"id":3662,"length":66.2798,"mcpPosition":[-3.43336,312.275,-3.15379],"pipPosition":[-22.1939,291.483,-41.7401],"stabilizedTipPosition":[-31.3994,261.724,-9.77577],"timeVisible":6.26345,"tipPosition":[-26.7282,261.108,-16.4191],"tipVelocity":[105.162,-10.3176,-150.386],"tool":false,"touchDistance":0.333333,"touchZone":"none","type":2,"width":18.7912},{"bases":[[[0.854061,-0.479062,-0.202684],[0.48677,0.59867,0.636121],[-0.183401,-0.641946,0.744493]],[[0.854671,-0.476905,-0.205181],[0.299675,0.775894,-0.555142],[0.423948,0.412977,0.806051]],[[0.854671,-0.476905,-0.205181],[-0.391972,-0.333595,-0.857363],[0.340434,0.813189,-0.472047]],[[0.854671,-0.476905,-0.205181],[-0.518762,-0.768825,-0.373889],[0.0205617,0.425992,-0.904493]]],"btipPosition":[-11.9353,253.393,-8.35662],"carpPosition":[5.14594,262.025,43.7451],"dipPosition":[-11.5553,261.266,-25.0729],"direction":[-0.340434,-0.813189,0.472047],"extended":false,"handId":366,"id":3663,"length":63.7298,"mcpPosition":[16.5096,301.8,-2.38427],"pipPosition":[-2.22686,283.548,-38.0078],"stabilizedTipPosition":[-16.1424,255.547,-6.61136],"timeVisible":6.26345,"tipPosition":[-11.7182,255.311,-12.2957],"tipVelocity":[105.541,-0.914347,-144.24],"tool":false,"touchDistance":0.333333,"touchZone":"none","type":3,"width":17.881},{"bases":[[[0.734846,-0.642428,-0.217455],[0.595554,0.457788,0.660111],[-0.324525,-0.614586,0.719004]],[[0.674128,-0.73171,-0.100758],[0.577144,0.60696,-0.546355],[0.46093,0.310161,0.831471]],[[0.674128,-0.73171,-0.100758],[-0.396521,-0.243428,-0.885163],[0.623155,0.636666,-0.45424]],[[0.674128,-0.73171,-0.100758],[-0.698636,-0.587407,-0.408486],[0.239707,0.345765,-0.907186]]],"btipPosition":[0.43388,259.125,-8.29334],"carpPosition":[14.0846,252.935,37.772],"dipPosition":[4.52086,265.02,-23.7608],"direction":[-0.623155,-0.636666,0.45424],"extended":false,"handId":366,"id":3664,"length":49.963,"mcpPosition":[32.6982,288.186,-3.46748],"pipPosition":[16.5769,277.338,-32.5488],"stabilizedTipPosition":[-2.62108,260.637,-7.33192],"timeVisible":6.26345,"tipPosition":[1.43399,260.652,-11.9389],"tipVelocity":[106.262,2.88756,-127.844],"tool":false,"touchDistance":0.333333,"touchZone":"none","type":4,"width":15.8833}],"r":[[0.91