{"sensorType":"Leap","data":[[0,{"currentFrameRate":110.594,"devices":[],"gestures":[],"hands":[{"armBasis":[[0.957468,-0.120863,-0.262006],[0.202886,0.927664,0.31349],[0.205164,-0.353314,0.91273]],"armWidth":63.029,"confidence":0.603582,"direction":[-0.0122983,0.832714,-0.553566],"elbow":[54.5472,139.606,284.111],"grabStrength":0,"id":365,"palmNormal":[-0.261908,-0.536963,-0.80192],"palmPosition":[-9.29881,277.169,9.04499],"palmVelocity":[13.3303,9.94329,-67.3171],"palmWidth":90.0033,"pinchStrength":0.667124,"r":[[0.85735,0.043347,0.512905],[-0.23673,0.918018,0.318123],[-0.457066,-0.394163,0.797324]],"s":1.10599,"sphereCenter":[-24.8485,269.144,-38.6139],"sphereRadius":47.8425,"stabilizedPalmPosition":[-8.41135,278.918,18.54],"t":[60.2606,62.4493,-89.5866],"timeVisible":0.569537,"type":"right","wrist":[-0.246433,233.966,40.3459]}],"id":1179931,"interactionBox":{"center":[0,200,0],"size":[235.247,235.247,147.751]},"pointables":[{"bases":[[[0.620177,0.588391,0.518822],[-0.654709,0.023903,0.755503],[0.43213,-0.808223,0.400049]],[[0.419938,0.842562,0.337255],[-0.691575,0.0564494,0.720096],[0.587688,-0.535632,0.6064]],[[0.419938,0.842562,0.337255],[-0.865337,0.25971,0.428653],[0.273578,-0.471847,0.838162]],[[0.419938,0.842562,0.337255],[-0.901063,0.43144,0.0441071],[-0.108342,-0.32241,0.940379]]],"btipPosition":[-65.9515,279.046,-39.9901],"carpPosition":[-30.2151,229.222,39.9891],"dipPosition":[-68.4596,271.582,-18.2205],"direction":[-0.273578,0.471847,-0.838162],"extended":false,"handId":365,"id":3650,"length":51.5512,"mcpPosition":[-30.2151,229.222,39.9891],"pipPosition":[-59.233,255.669,10.0473],"stabilizedTipPosition":[-67.1924,277.139,-22.0132],"timeVisible":0.569537,"tipPosition":[-65.8165,277.17,-35.3518],"tipVelocity":[9.17559,35.0851,-75.1065],"tool":false,"touchDistance":-0.364248,"touchZone":"hovering","type":0,"width":20.0304},{"bases":[[[0.94925,0.00661134,-0.314453],[0.233177,0.656159,0.717693],[0.211076,-0.754594,0.621317]],[[0.948891,0.00789017,-0.315506],[0.200227,0.757693,0.621136],[0.243957,-0.652564,0.717388]],[[0.948891,0.00789017,-0.315506],[0.150339,0.86768,0.473846],[0.277497,-0.497061,0.822147]],[[0.948891,0.00789017,-0.315506],[0.108492,0.930609,0.349566],[0.296371,-0.36593,0.88219]]],"btipPosition":[-54.9518,348.056,-62.4189],"carpPosition":[-17.5809,247.343,47.8474],"dipPosition":[-49.9431,341.872,-47.5096],"direction":[-0.277497,0.497061,-0.822147],"extended":true,"handId":365,"id":3651,"length":58.1698,"mcpPosition":[-32.9413,302.256,2.63306],"pipPosition":[-43.3086,329.988,-27.8534],"stabilizedTipPosition":[-54.8147,346.713,-53.1708],"timeVisible":0.569537,"tipPosition":[-53.0023,346.18,-59.401],"tipVelocity":[30.0574,28.3331,-71.341],"tool":false,"touchDistance":0.0122217,"touchZone":"hovering","type":1,"width":19.133},{"bases":[[[0.915287,-0.207354,-0.345331],[0.394879,0.631104,0.667666],[0.0794964,-0.74747,0.659522]],[[0.916233,-0.216945,-0.336825],[0.168463,0.971388,-0.167408],[0.363506,0.0966423,0.926565]],[[0.916233,-0.216945,-0.336825],[-0.304392,0.169696,-0.937309],[0.260503,0.961321,0.0894444]],[[0.916233,-0.216945,-0.336825],[-0.400642,-0.499136,-0.768342],[-0.0014334,0.838927,-0.544243]]],"btipPosition":[-35.992,253.309,-37.1853],"carpPosition":[-5.87395,248.967,44.9051],"dipPosition":[-36.0187,268.903,-47.3018],"direction":[-0.260503,-0.961321,-0.0894444],"extended":false,"handId":365,"id":3652,"length":66.2798,"mcpPosition":[-11.3601,300.551,-0.609415],"pipPosition":[-28.6913,295.943,-44.7859],"stabilizedTipPosition":[-37.253,258.94,-32.2025],"timeVisible":0.569537,"tipPosition":[-36.0132,257.082,-39.6552],"tipVelocity":[37.1931,7.27552,-78.3586],"tool":false,"touchDistance":-0.067953,"touchZone":"hovering","type":2,"width":18.7912},{"bases":[[[0.88462,-0.362072,-0.293855],[0.461596,0.590528,0.661971],[-0.0661516,-0.721236,0.689524]],[[0.882726,-0.379698,-0.276811],[0.318496,0.916608,-0.241641],[0.345478,0.125139,0.930046]],[[0.882726,-0.379698,-0.276811],[-0.24526,0.130179,-0.960677],[0.400802,0.915906,0.0217879]],[[0.882726,-0.379698,-0.276811],[-0.444884,-0.485732,-0.752425],[0.151238,0.787334,-0.597689]]],"btipPosition":[-19.4663,247.138,-32.589],"carpPosition":[5.48108,247.628,40.7887],"dipPosition":[-16.6712,261.689,-43.6352],"direction":[-0.400802,-0.915906,-0.0217879],"extended":false,"handId":365,"id":3653,"length":63.7298,"mcpPosition":[9.57988,292.317,-1.93469],"pipPosition":[-5.68855,286.786,-43.0382],"stabilizedTipPosition":[-20.3108,251.218,-31.3534],"timeVisible":0.569537,"tipPosition":[-18.8888,250.89,-35.8992],"tipVelocity":[35.9306,9.38312,-67.8891],"tool":false,"touchDistance":0.321937,"touchZone":"hovering","type":3,"width":17.881},{"bases":[[[0.782507,-0.535676,-0.317386],[0.585898,0.460968,0.666507],[-0.210727,-0.707503,0.674562]],[[0.762311,-0.592564,-0.260287],[0.537381,0.803639,-0.255705],[0.360699,0.0550538,0.931056]],[[0.762311,-0.592564,-0.260287],[-0.200278,0.166449,-0.965496],[0.615443,0.788138,0.00820835]],[[0.762311,-0.592564,-0.260287],[-0.54579,-0.372431,-0.750605],[0.347843,0.714257,-0.607324]]],"btipPosition":[-3.44997,251.372,-27.5592],"carpPosition":[14.9167,240.143,33.4997],"dipPosition":[2.48072,263.55,-37.914],"direction":[-0.615443,-0.788138,-0.00820835],"extended":false,"handId":365,"id":3654,"length":49.963,"mcpPosition":[27.0032,280.723,-5.19076],"pipPosition":[14.3875,278.797,-37.7552],"stabilizedTipPosition":[-3.25121,254.471,-25.7224],"timeVisible":0.569537,"tipPosition":[-1.85746,254.332,-30.1465],"tipVelocity":[28.5002,9.97926,-64.6581],"tool":false,"touchDistance":0.333333,"touchZone":"none","type":4,"width":15.8833}],"r":[[0.85735,0.043347,0.512905],[-0.23673,0.918018,0.318123],[-0.457066,-0.394163,0.797324]],"s":1.10599,"t":[60.2606,62.4493,-89.5866],"timestamp":15445858139},false],[1,{"currentFrameRate":110.517,"devices":[],"gestures":[],"hands":[{"armBasis":[[0.957325,-0.124492,-0.260827],[0.205873,0.927135,0.313109],[0.202842,-0.353445,0.913199]],"armWidth":63.029,"confidence":0.612125,"direction":[-0.00760854,0.832293,-0.554284],"elbow":[54.0666,140.053,283.172],"grabStrength":0,"id":365,"palmNormal":[-0.262166,-0.536572,-0.802097],"palmPosition":[-8.90969,277.661,7.9235],"palmVelocity":[21.4417,22.1156,-82.6234],"palmWidth":90.0033,"pinchStrength":0.660063,"r":[[0.855512,0.0427723,0.516013],[-0.237277,0.918168,0.317282],[-0.460216,-0.393876,0.795652]],"s":1.10829,"sphereCenter":[-24.4698,269.689,-39.7452],"sphereRadius":47.86,"stabilizedPalmPosition":[-8.41135,278.918,18.54],"t":[60.5584,62.8202,-90.4681],"timeVisible":0.578721,"type":"right","wrist":[-0.106876,234.448,39.2817]}],"id":1179932,"interactionBox":{"center":[0,200,0],"size":[235.247,235.247,147.751]},"pointables":[{"bases":[[[0.621314,0.586313,0.519813],[-0.656407,0.0271847,0.753917],[0.427901,-0.809628,0.40175]],[[0.423309,0.840473,0.338253],[-0.692205,0.0591574,0.719273],[0.584519,-0.538614,0.606821]],[[0.423309,0.840473,0.338253],[-0.864734,0.263442,0.42759],[0.270268,-0.473501,0.838303]],[[0.423309,0.840473,0.338253],[-0.900186,0.432361,0.0522343],[-0.102346,-0.326602,0.939605]]],"btipPosition":[-65.7007,279.949,-41.1294],"carpPosition":[-30.0936,229.824,38.8573],"dipPosition":[-68.07,272.388,-19.3778],"direction":[-0.270268,0.473501,-0.838303],"extended":false,"handId":365,"id":3650,"length":51.5512,"mcpPosition":[-30.0936,229.824,38.8573],"pipPosition":[-58.955,256.419,8.89472],"stabilizedTipPosition":[-67.1887,277.143,-22.0685],"timeVisible":0.578721,"tipPosition":[-65.515,277.989,-36.4992],"tipVelocity":[15.2117,52.0572,-88.9063],"tool":false,"touchDistance":-0.373309,"touchZone":"hovering","type":0,"width":20.0304},{"bases":[[[0.950016,0.00250809,-0.312191],[0.234118,0.655812,0.717704],[0.206539,-0.75492,0.622445]],[[0.949437,0.00461072,-0.313924],[0.201721,0.757235,0.621212],[0.240578,-0.653126,0.718017]],[[0.949437,0.00461072,-0.313924],[0.152778,0.866735,0.474795],[0.274278,-0.498748,0.822206]],[[0.949437,0.00461072,-0.313924],[0.11164,0.929583,0.3513],[0.293438,-0.368583,0.882066]]],"btipPosition":[-54.1755,348.747,-63.6436],"carpPosition":[-17.4049,247.901,46.7308],"dipPosition":[-49.2163,342.517,-48.7364],"direction":[-0.274278,0.498748,-0.822206],"extended":true,"handId":365,"id":3651,"length":58.1698,"mcpPosition":[-32.4351,302.838,1.43433],"pipPosition":[-42.6588,330.593,-29.0789],"stabilizedTipPosition":[-54.8147,346.713,-53.1708],"timeVisible":0.578721,"tipPosition":[-52.2517,346.854,-60.6258],"tipVelocity":[44.9263,41.111,-88.6788],"tool":false,"touchDistance":-0.0581991,"touchZone":"hovering","type":1,"width":19.133},{"bases":[[[0.915261,-0.211344,-0.342972],[0.395837,0.630062,0.668083],[0.0748982,-0.747232,0.660329]],[[0.916143,-0.220869,-0.334512],[0.172897,0.970619,-0.167351],[0.361646,0.0954809,0.927413]],[[0.916143,-0.220869,-0.334512],[-0.301443,0.170459,-0.938124],[0.264223,0.960292,0.0895858]],[[0.916143,-0.220869,-0.334512],[-0.400838,-0.498091,-0.768917],[0.00321237,0.838524,-0.544856]]],"btipPosition":[-35.5876,253.893,-38.3641],"carpPosition":[-5.6845,249.475,43.8151],"dipPosition":[-35.5279,269.479,-48.492],"direction":[-0.264223,-0.960292,-0.0895858],"extended":false,"handId":365,"id":3652,"length":66.2798,"mcpPosition":[-10.8533,301.043,-1.75519],"pipPosition":[-28.0958,296.49,-45.9721],"stabilizedTipPosition":[-37.253,258.94,-32.2025],"timeVisible":0.578721,"tipPosition":[-35.5879,257.651,-40.8281],"tipVelocity":[39.709,22.934,-92.4027],"tool":false,"touchDistance":-0.087643,"touchZone":"hovering","type":2,"width":18.7912},{"bases":[[[0.883846,-0.365894,-0.291442],[0.462403,0.589211,0.662582],[-0.0707136,-0.720383,0.689962]],[[0.881827,-0.383593,-0.274293],[0.322762,0.915022,-0.241989],[0.34381,0.124861,0.930701]],[[0.881827,-0.383593,-0.274293],[-0.24258,0.129809,-0.961408],[0.404395,0.914334,0.0214167]],[[0.881827,-0.383593,-0.274293],[-0.445123,-0.485016,-0.752745],[0.155711,0.785885,-0.598446]]],"btipPosition":[-19.0973,247.626,-33.6828],"carpPosition":[5.6748,248.087,39.7269],"dipPosition":[-16.2195,262.15,-44.7429],"direction":[-0.404395,-0.914334,-0.0214167],"extended":false,"handId":365,"id":3653,"length":63.7298,"mcpPosition":[10.0563,292.722,-3.02363],"pipPosition":[-5.13844,287.204,-44.1561],"stabilizedTipPosition":[-20.2437,251.209,-31.5277],"timeVisible":0.578721,"tipPosition":[-18.4964,251.366,-36.9878],"tipVelocity":[37.6945,21.4163,-82.2893],"tool":false,"touchDistance":0.303654,"touchZone":"hovering","type":3,"width":17.881},{"bases":[[[0.781088,-0.539102,-0.315072],[0.586168,0.459154,0.667522],[-0.215196,-0.706078,0.674644]],[[0.760276,-0.596449,-0.257351],[0.541267,0.800704,-0.256716],[0.35918,0.055879,0.931594]],[[0.760276,-0.596449,-0.257351],[-0.197637,0.165005,-0.966288],[0.618805,0.785508,0.0075687]],[[0.760276,-0.596449,-0.257351],[-0.545672,-0.371437,-0.751184],[0.352453,0.711536,-0.60786]]],"btipPosition":[-3.10343,251.773,-28.5942],"carpPosition":[15.0974,240.558,32.4667],"dipPosition":[2.90584,263.904,-38.9581],"direction":[-0.618805,-0.785508,-0.0075687],"extended":false,"handId":365,"id":3654,"length":49.963,"mcpPosition":[27.4403,281.056,-6.22847],"pipPosition":[14.8777,279.101,-38.8117],"stabilizedTipPosition":[-3.22042,254.473,-25.8282],"timeVisible":0.578721,"tipPosition":[-1.49155,254.731,-31.193],"tipVelocity":[31.6287,19.0679,-78.141],"tool":false,"touchDistance":0.333333,"touchZone":"none","type":4,"width":15.8833}],"r":[[0.855512,0.0427723,0.516013],[-0.237277,0.918168,0.317282],[-0.460216,-0.393876,0.795652]],"s":1.10829,"t":[60.5584,62.8202,-90.4681],"timestamp":15445867323},false],[2,{"currentFrameRate":110.576,"devices":[],"gestures":[],"hands":[{"armBasis":[[0.957,-0.12897,-0.259841],[0.209558,0.926742,0.311825],[0.20059,-0.352868,0.913919]],"armWidth":63.029,"confidence":0.618469,"direction":[-0.00291403,0.831463,-0.555572],"elbow":[53.6587,140.526,282.563],"grabStrength":0,"id":365,"palmNormal":[-0.26331,-0.536607,-0.801699],"palmPosition":[-8.46804,277.972,7.04238],"palmVelocity":[29.0754,25.587,-86.9743],"palmWidth":90.0033,"pinchStrength":0.655252,"r":[[0.853903,0.0416931,0.51876],[-0.236978,0.918602,0.316248],[-0.463348,-0.392979,0.794277]],"s":1.11031,"sphereCenter":[-24.0693,270.031,-40.6133],"sphereRadius":47.8684,"stabilizedPalmPosition":[-8.41139,278.917,18.5319],"t":[60.9281,63.1613,-91.3494],"timeVisible":0.587661,"type":"right","wrist":[0.0867474,234.768,38.4812]}],"id":1179933,"interactionBox":{"center":[0,200,0],"size":[235.247,235.247,147.751]},"pointables":[{"bases":[[[0.623138,0.584275,0.519924],[-0.657497,0.0313384,0.752805],[0.423552,-0.81095,0.403688]],[[0.426959,0.838731,0.337989],[-0.692758,0.0631525,0.7184],[0.581199,-0.540872,0.608001]],[[0.426959,0.838731,0.337989],[-0.86384,0.267794,0.426692],[0.267368,-0.474149,0.838866]],[[0.426959,0.838731,0.337989],[-0.898937,0.434216,0.0580456],[-0.0980758,-0.328614,0.939358]]],"btipPosition":[-65.3642,280.585,-42.0433],"carpPosition":[-29.92,230.28,38.015],"dipPosition":[-67.6347,272.978,-20.2973],"direction":[-0.267368,0.474149,-0.838866],"extended":false,"handId":365,"id":3650,"length":51.5512,"mcpPosition":[-29.92,230.28,38.015],"pipPosition":[-58.6175,256.986,7.99415],"stabilizedTipPosition":[-67.1834,277.15,-22.1287],"timeVisible":0.587661,"tipPosition":[-65.1474,278.581,-37.4066],"tipVelocity":[22.0287,56.9434,-92.582],"tool":false,"touchDistance":-0.37804,"touchZone":"hovering","type":0,"width":20.0304},{"bases":[[[0.950522,-0.00230347,-0.310648],[0.235943,0.655844,0.717077],[0.202084,-0.754893,0.623938]],[[0.949751,0.000551874,-0.313005],[0.204129,0.756992,0.620721],[0.237285,-0.653424,0.718841]],[[0.949751,0.000551874,-0.313005],[0.156024,0.866071,0.474949],[0.271347,-0.49992,0.822466]],[[0.949751,0.000551874,-0.313005],[0.115485,0.928828,0.352053],[0.290923,-0.37051,0.882092]]],"btipPosition":[-53.3557,349.228,-64.6433],"carpPosition":[-17.1618,248.311,45.8814],"dipPosition":[-48.439,342.966,-49.7357],"direction":[-0.271347,0.49992,-0.822466],"extended":true,"handId":365,"id":3651,"length":58.1698,"mcpPosition":[-31.8678,303.246,0.476311],"pipPosition":[-41.9516,331.014,-30.0719],"stabilizedTipPosition":[-54.8147,346.713,-53.1708],"timeVisible":0.587661,"tipPosition":[-51.4576,347.32,-61.6262],"tipVelocity":[57.3981,44.3646,-94.9956],"tool":false,"touchDistance":-0.0748595,"touchZone":"hovering","type":1,"width":19.133},{"bases":[[[0.914843,-0.216043,-0.341157],[0.397623,0.62928,0.66776],[0.0704189,-0.746547,0.661596]],[[0.915662,-0.225495,-0.332738],[0.17767,0.969614,-0.168173],[0.360549,0.0948723,0.927903]],[[0.915662,-0.225495,-0.332738],[-0.299136,0.170631,-0.93883],[0.268477,0.959186,0.0887866]],[[0.915662,-0.225495,-0.332738],[-0.401871,-0.497419,-0.768813],[0.00785369,0.837691,-0.546088]]],"btipPosition":[-35.1772,254.273,-39.2622],"carpPosition":[-5.42963,249.827,42.9823],"dipPosition":[-35.0312,269.844,-49.413],"direction":[-0.268477,-0.959186,-0.0887866],"extended":false,"handId":365,"id":3652,"length":66.2798,"mcpPosition":[-10.2893,301.348,-2.67531],"pipPosition":[-27.4795,296.824,-46.9156],"stabilizedTipPosition":[-37.253,258.94,-32.2025],"timeVisible":0.587661,"tipPosition":[-35.1569,258.017,-41.725],"tipVelocity":[42.0067,28.1891,-94.7625],"tool":false,"touchDistance":-0.102699,"touchZone":"hovering","type":2,"width":18.7912},{"bases":[[[0.882639,-0.370367,-0.289441],[0.46401,0.588118,0.662429],[-0.0751168,-0.718989,0.69095]],[[0.8805,-0.388117,-0.272184],[0.32731,0.91309,-0.243177],[0.34291,0.125029,0.931011]],[[0.8805,-0.388117,-0.272184],[-0.240554,0.128938,-0.962034],[0.408476,0.912546,0.0201669]],[[0.8805,-0.388117,-0.272184],[-0.446176,-0.484546,-0.752424],[0.160142,0.783952,-0.599811]]],"btipPosition":[-18.7234,247.911,-34.5103],"carpPosition":[5.92984,248.381,38.9148],"dipPosition":[-15.7637,262.4,-45.5956],"direction":[-0.408476,-0.912546,-0.0201669],"extended":false,"handId":365,"id":3653,"length":63.7298,"mcpPosition":[10.5841,292.93,-3.89694],"pipPosition":[-4.57081,287.405,-45.043],"stabilizedTipPosition":[-20.1816,251.21,-31.6837],"timeVisible":0.587661,"tipPosition":[-18.0998,251.637,-37.8135],"tipVelocity":[39.3976,24.0276,-85.2715],"tool":false,"touchDistance":0.289765,"touchZone":"hovering","type":3,"width":17.881},{"bases":[[[0.779131,-0.543142,-0.312973],[0.587173,0.457505,0.66777],[-0.219507,-0.704049,0.675375]],[[0.757799,-0.600683,-0.254793],[0.545498,0.797501,-0.257729],[0.358011,0.0563176,0.932017]],[[0.757799,-0.600683,-0.254793],[-0.195268,0.16382,-0.966971],[0.622584,0.782523,0.00684875]],[[0.757799,-0.600683,-0.254793],[-0.546145,-0.370266,-0.751418],[0.357023,0.708578,-0.608648]]],"btipPosition":[-2.73394,251.989,-29.4087],"carpPosition":[15.3298,240.798,31.6815],"dipPosition":[3.35326,264.071,-39.7861],"direction":[-0.622584,-0.782523,-0.00684875],"extended":false,"handId":365,"id":3654,"length":49.963,"mcpPosition":[27.9199,281.18,-7.05558],"pipPosition":[15.3982,279.21,-39.6536],"stabilizedTipPosition":[-3.19032,254.478,-25.9234],"timeVisible":0.587661,"tipPosition":[-1.10377,254.936,-32.0119],"tipVelocity":[34.825,20.125,-81.777],"tool":false,"touchDistance":0.333333,"touchZone":"none","type":4,"width":15.8833}],"r":[[0.853903,0.0416931,0.51876],[-0.236978,0.918602,0.316248],[-0.463348,-0.392979,0.794277]],"s":1.11031,"t":[60.9281,63.1613,-91.3494],"timestamp":15445876263},false],[3,{"currentFrameRate":110.516,"devices":[],"gestures":[],"hands":[{"armBasis":[[0.956858,-0.132426,-0.258622],[0.212039,0.926808,0.309944],[0.198648,-0.351411,0.914904]],"armWidth":63.029,"confidence":0.618504,"direction":[0.000485856,0.830296,-0.557323],"elbow":[53.3892,141.218,282.188],"grabStrength":0,"id":365,"palmNormal":[-0.26392,-0.537457,-0.800929],"palmPosition":[-8.03881,278.236,6.30181],"palmVelocity":[34.0379,26.4688,-85.2826],"palmWidth":90.0033,"pinchStrength":0.653335,"r":[[0.852491,0.040509,0.52117],[-0.236237,0.919231,0.31497],[-0.466316,-0.391629,0.793206]],"s":1.11208,"sphereCenter":[-23.7073,270.317,-41.2866],"sphereRadius":47.8489,"stabilizedPalmPosition":[-8.41089,278.916,18.5154],"t":[61.3275,63.4635,-92.1603],"timeVisible":0.596815,"type":"right","wrist":[0.335761,235.07,37.8431]}],"id":1179934,"interactionBox":{"center":[0,200,0],"size":[235.247,235.247,147.751]},"pointables":[{"bases":[[[0.624282,0.583389,0.519547],[-0.65842,0.0350125,0.751836],[0.420422,-0.811438,0.405973]],[[0.428999,0.838224,0.336661],[-0.693834,0.0671288,0.716999],[0.578406,-0.541179,0.610387]],[[0.428999,0.838224,0.336661],[-0.863448,0.271038,0.425436],[0.265363,-0.473201,0.840038]],[[0.428999,0.838224,0.336661],[-0.898169,0.435514,0.0601671],[-0.0961869,-0.32819,0.939702]]],"btipPosition":[-64.9669,280.955,-42.8783],"carpPosition":[-29.6844,230.677,37.3452],"dipPosition":[-67.1936,273.358,-21.1244],"direction":[-0.265363,0.473201,-0.840038],"extended":false,"handId":365,"id":3650,"length":51.5512,"mcpPosition":[-29.6844,230.677,37.3452],"pipPosition":[-58.244,257.399,7.2066],"stabilizedTipPosition":[-67.1762,277.159,-22.1955],"timeVisible":0.596815,"tipPosition":[-64.741,278.954,-38.2158],"tipVelocity":[28.2907,52.4181,-92.1462],"tool":false,"touchDistance":-0.381067,"touchZone":"hovering","type":0,"width":20.0304},{"bases":[[[0.950933,-0.00597606,-0.309339],[0.237048,0.656601,0.716019],[0.198833,-0.754214,0.625801]],[[0.949981,-0.00240459,-0.312299],[0.20579,0.756999,0.620164],[0.234919,-0.653412,0.719629]],[[0.949981,-0.00240459,-0.312299],[0.158421,0.865478,0.475237],[0.269145,-0.50094,0.822569]],[[0.949981,-0.00240459,-0.312299],[0.118425,0.928064,0.353089],[0.288984,-0.372412,0.881928]]],"btipPosition":[-52.6511,349.608,-65.5023],"carpPosition":[-16.8797,248.684,45.1912],"dipPosition":[-47.7672,343.314,-50.5974],"direction":[-0.269145,0.50094,-0.822569],"extended":true,"handId":365,"id":3651,"length":58.1698,"mcpPosition":[-31.3492,303.569,-0.349471],"pipPosition":[-41.3324,331.337,-30.9312],"stabilizedTipPosition":[-54.8147,346.713,-53.1708],"timeVisible":0.596815,"tipPosition":[-50.7871,347.672,-62.4925],"tipVelocity":[62.6211,43.3291,-94.6915],"tool":false,"touchDistance":-0.0891861,"touchZone":"touching","type":1,"width":19.133},{"bases":[[[0.914616,-0.219665,-0.339448],[0.398709,0.62942,0.666979],[0.0671439,-0.745371,0.66326]],[[0.915391,-0.229053,-0.331051],[0.180963,0.96871,-0.169866],[0.359601,0.0955854,0.928198]],[[0.915391,-0.229053,-0.331051],[-0.297351,0.169638,-0.939577],[0.271372,0.958518,0.0871764]],[[0.915391,-0.229053,-0.331051],[-0.402412,-0.49779,-0.76829],[0.0111852,0.836504,-0.547846]]],"btipPosition":[-34.7586,254.528,-39.9905],"carpPosition":[-5.13886,250.157,42.305],"dipPosition":[-34.5507,270.078,-50.174],"direction":[-0.271372,-0.958518,-0.0871764],"extended":false,"handId":365,"id":3652,"length":66.2798,"mcpPosition":[-9.77256,301.596,-3.46752],"pipPosition":[-26.9175,297.039,-47.7219],"stabilizedTipPosition":[-37.2529,258.94,-32.2027],"timeVisible":0.596815,"tipPosition":[-34.7237,258.263,-42.4594],"tipVelocity":[43.4781,27.947,-90.7564],"tool":false,"touchDistance":-0.114962,"touchZone":"hovering","type":2,"width":18.7912},{"bases":[[[0.881852,-0.373777,-0.287451],[0.464973,0.588036,0.661826],[-0.0783434,-0.717289,0.692357]],[[0.879618,-0.391588,-0.270057],[0.330499,0.911426,-0.245096],[0.342114,0.126337,0.931127]],[[0.879618,-0.391588,-0.270057],[-0.239009,0.127022,-0.962673],[0.411274,0.911331,0.0181381]],[[0.879618,-0.391588,-0.270057],[-0.446773,-0.485215,-0.751639],[0.163297,0.781809,-0.601754]]],"btipPosition":[-18.3316,248.106,-35.1698],"carpPosition":[6.22149,248.666,38.2561],"dipPosition":[-15.3136,262.555,-46.2911],"direction":[-0.411274,-0.911331,-0.0181381],"extended":false,"handId":365,"id":3653,"length":63.7298,"mcpPosition":[11.0757,293.11,-4.64283],"pipPosition":[-4.04406,287.526,-45.7941],"stabilizedTipPosition":[-20.121,251.215,-31.8278],"timeVisible":0.596815,"tipPosition":[-17.6911,251.817,-38.4738],"tipVelocity":[40.7532,22.9791,-81.8393],"tool":false,"touchDistance":0.333333,"touchZone":"none","type":3,"width":17.881},{"bases":[[[0.777827,-0.546271,-0.310762],[0.587712,0.457045,0.66761],[-0.222664,-0.701924,0.676553]],[[0.755796,-0.604614,-0.251426],[0.548062,0.794217,-0.262389],[0.35833,0.0605156,0.931631]],[[0.755796,-0.604614,-0.251426],[-0.195142,0.15855,-0.967875],[0.625054,0.780579,0.00184587]],[[0.755796,-0.604614,-0.251426],[-0.547253,-0.372391,-0.749559],[0.359565,0.704107,-0.612329]]],"btipPosition":[-2.37781,252.074,-29.9331],"carpPosition":[15.6071,241.038,31.0516],"dipPosition":[3.75273,264.079,-40.3732],"direction":[-0.625054,-0.780579,-0.00184587],"extended":false,"handId":365,"id":3654,"length":49.963,"mcpPosition":[28.3784,281.297,-7.75298],"pipPosition":[15.8455,279.181,-40.3375],"stabilizedTipPosition":[-3.15991,254.482,-26.0111],"timeVisible":0.596815,"tipPosition":[-0.73436,255.029,-32.5902],"tipVelocity":[36.2646,16.5702,-75.393],"tool":false,"touchDistance":0.333333,"touchZone":"none","type":4,"width":15.8833}],"r":[[0.852491,0.040509,0.52117],[-0.236237,0.919231,0.31497],[-0.466316,-0.391629,0.793206]],"s":1.11208,"t":[61.3275,63.4635,-92.1603],"timestamp":15445885417},false],[4,{"currentFrameRate":110.683,"devices":[],"gestures":[],"hands":[{"armBasis":[[0.956388,-0.13233,-0.260405],[0.212492,0.926885,0.309406],[0.200422,-0.351246,0.91458]],"armWidth":63.029,"confidence":0.622349,"direction":[0.00838804,0.826288,-0.563186],"elbow":[53.9099,141.922,281.394],"grabStrength":0,"id":365,"palmNormal":[-0.257813,-0.542378,-0.799599],"palmPosition":[-7.55589,278.693,5.20786],"palmVelocity":[39.7188,33.4014,-95.9613],"palmWidth":90.0033,"pinchStrength":0.645836,"r":[[0.850367,0.0398022,0.524682],[-0.235695,0.920321,0.312182],[-0.470451,-0.389134,0.791992]],"s":1.11424,"sphereCenter":[-22.9526,270.585,-42.3865],"sphereRadius":47.8523,"stabilizedPalmPosition":[-8.409,278.916,18.4861],"t":[61.7687,63.8434,-93.1127],"timeVisible":0.605556,"type":"right","wrist":[0.382659,235.73,37.135]}],"id":1179935,"interactionBox":{"center":[0,200,0],"size":[235.247,235.247,147.751]},"pointables":[{"bases":[[[0.621011,0.585227,0.521396],[-0.665535,0.0423391,0.745165],[0.414016,-0.809763,0.415782]],[[0.427864,0.839695,0.334431],[-0.700261,0.0740238,0.710039],[0.57146,-0.53799,0.619678]],[[0.427864,0.839695,0.334431],[-0.865944,0.274809,0.417876],[0.258984,-0.468393,0.84471]],[[0.427864,0.839695,0.334431],[-0.898743,0.434505,0.0588713],[-0.0958783,-0.325757,0.940579]]],"btipPosition":[-64.376,281.324,-44.4821],"carpPosition":[-29.6446,231.422,36.3781],"dipPosition":[-66.5956,273.783,-22.7079],"direction":[-0.258984,0.468393,-0.84471],"extended":false,"handId":365,"id":3650,"length":51.5512,"mcpPosition":[-29.6446,231.422,36.3781],"pipPosition":[-57.8611,257.986,5.78072],"stabilizedTipPosition":[-67.1675,277.168,-22.2614],"timeVisible":0.605556,"tipPosition":[-64.0884,279.324,-39.7937],"tipVelocity":[38.8686,50.0878,-116.466],"tool":false,"touchDistance":-0.39528,"touchZone":"hovering","type":0,"width":20.0304},{"bases":[[[0.953851,-0.0110117,-0.300078],[0.232123,0.660992,0.713588],[0.190492,-0.750312,0.633044]],[[0.952712,-0.00659166,-0.303802],[0.202345,0.759639,0.618065],[0.226706,-0.650311,0.725052]],[[0.952712,-0.00659166,-0.303802],[0.15697,0.866723,0.473446],[0.260192,-0.498746,0.826773]],[[0.952712,-0.00659166,-0.303802],[0.118576,0.928572,0.351702],[0.279784,-0.371094,0.885443]]],"btipPosition":[-51.3073,349.88,-67.3918],"carpPosition":[-16.8614,249.446,44.2192],"dipPosition":[-46.5788,343.608,-52.4275],"direction":[-0.260192,0.498746,-0.826773],"extended":true,"handId":365,"id":3651,"length":58.1698,"mcpPosition":[-30.7239,304.048,-1.8486],"pipPosition":[-40.3581,331.684,-32.6608],"stabilizedTipPosition":[-54.7644,346.732,-53.2888],"timeVisible":0.605556,"tipPosition":[-49.5091,347.909,-64.3767],"tipVelocity":[85.9328,40.2185,-126.808],"tool":false,"touchDistance":-0.120449,"touchZone":"touching","type":1,"width":19.133},{"bases":[[[0.917177,-0.224801,-0.329016],[0.394167,0.632982,0.666308],[0.0584743,-0.74081,0.669165]],[[0.917837,-0.234067,-0.320605],[0.185555,0.96697,-0.174751],[0.350919,0.100903,0.930954]],[[0.917837,-0.234067,-0.320605],[-0.287775,0.163964,-0.943558],[0.273423,0.958295,0.0831342]],[[0.917837,-0.234067,-0.320605],[-0.396504,-0.502047,-0.768591],[0.018943,0.832563,-0.553606]]],"btipPosition":[-33.8982,254.747,-41.1773],"carpPosition":[-5.08886,250.864,41.4363],"dipPosition":[-33.5461,270.223,-51.4679],"direction":[-0.273423,-0.958295,-0.0831342],"extended":false,"handId":365,"id":3652,"length":66.2798,"mcpPosition":[-9.12426,301.988,-4.74373],"pipPosition":[-25.8553,297.177,-49.1295],"stabilizedTipPosition":[-37.2386,258.937,-32.25],"timeVisible":0.605556,"tipPosition":[-33.8287,258.456,-43.6675],"tipVelocity":[59.2124,26.634,-103.57],"tool":false,"touchDistance":-0.135153,"touchZone":"hovering","type":2,"width":18.7912},{"bases":[[[0.883444,-0.37844,-0.276243],[0.460351,0.591365,0.662091],[-0.0872009,-0.712089,0.696653]],[[0.880954,-0.396341,-0.258523],[0.334417,0.907983,-0.252452],[0.334792,0.135944,0.932434]],[[0.880954,-0.396341,-0.258523],[-0.230965,0.116689,-0.965939],[0.413008,0.910658,0.0112563]],[[0.880954,-0.396341,-0.258523],[-0.441468,-0.491678,-0.750572],[0.170373,0.775349,-0.608117]]],"btipPosition":[-17.5535,248.141,-35.9356],"carpPosition":[6.30544,249.311,37.5082],"dipPosition":[-14.4048,262.471,-47.1744],"direction":[-0.413008,-0.910658,-0.0112563],"extended":false,"handId":365,"id":3653,"length":63.7298,"mcpPosition":[11.7085,293.432,-5.65697],"pipPosition":[-3.08769,287.424,-46.866],"stabilizedTipPosition":[-20.0541,251.22,-31.9638],"timeVisible":0.605556,"tipPosition":[-16.8636,251.855,-39.2891],"tipVelocity":[54.6017,17.0681,-84.2124],"tool":false,"touchDistance":0.333333,"touchZone":"none","type":3,"width":17.881},{"bases":[[[0.779125,-0.550787,-0.299331],[0.58263,0.460055,0.669994],[-0.231315,-0.696408,0.679345]],[[0.756247,-0.60885,-0.239566],[0.55323,0.790524,-0.262693],[0.349324,0.0661254,0.934666]],[[0.756247,-0.60885,-0.239566],[-0.185131,0.152065,-0.970877],[0.627549,0.778574,0.00228174]],[[0.756247,-0.60885,-0.239566],[-0.541128,-0.376198,-0.752101],[0.367792,0.69841,-0.613964]]],"btipPosition":[-1.62535,252.263,-30.7823],"carpPosition":[15.7369,241.603,30.4492],"dipPosition":[4.64547,264.171,-41.2503],"direction":[-0.627549,-0.778574,-0.00228174],"extended":false,"handId":365,"id":3654,"length":49.963,"mcpPosition":[29.0043,281.546,-8.51553],"pipPosition":[16.7865,279.234,-41.2062],"stabilizedTipPosition":[-3.12391,254.489,-26.0979],"timeVisible":0.605556,"tipPosition":[0.0510011,255.189,-33.4428],"tipVelocity":[50.5974,17.2267,-81.4182],"tool":false,"touchDistance":0.333333,"touchZone":"none","type":4,"width":15.8833}],"r":[[0.850367,0.0398022,0.524682],[-0.235695,0.920321,0.312182],[-0.470451,-0.389134,0.791992]],"s":1.11424,"t":[61.7687,63.8434,-93.1127],"timestamp":15445894158},false],[5,{"currentFrameRate":110.527,"devices":[],"gestures":[],"hands":[{"armBasis":[[0.958317,-0.12189,-0.258403],[0.203194,0.926574,0.3165],[0.200851,-0.355813,0.912719]],"armWidth":63.029,"confidence":0.627742,"direction":[0.00887279,0.823595,-0.567109],"elbow":[54.2979,141.418,280.129],"grabStrength":0,"id":365,"palmNormal":[-0.244227,-0.548171,-0.799913],"palmPosition":[-7.225,279.193,4.13704],"palmVelocity":[38.5242,39.1118,-101.31],"palmWidth":90.0033,"pinchStrength":0.642264,"r":[[0.847345,0.0410449,0.529454],[-0.237372,0.921137,0.308484],[-0.475038,-0.38707,0.790264]],"s":1.11629,"sphereCenter":[-22.0599,270.811,-43.5363],"sphereRadius":47.8398,"stabilizedPalmPosition":[-8.40516,278.917,18.4396],"t":[62.1548,64.2831,-94.1244],"timeVisible":0.614878,"type":"right","wrist":[0.656138,236.445,36.367]}],"id":1179936,"interactionBox":{"center":[0,200,0],"size":[235.247,235.247,147.751]},"pointables":[{"bases":[[[0.61037,0.59242,0.52582],[-0.674631,0.0409085,0.73702],[0.415115,-0.80459,0.424634]],[[0.416725,0.845238,0.334534],[-0.709708,0.0725573,0.70075],[0.568028,-0.529441,0.630108]],[[0.416725,0.845238,0.334534],[-0.872815,0.269199,0.407093],[0.254034,-0.461632,0.849919]],[[0.416725,0.845238,0.334534],[-0.903868,0.424451,0.0535135],[-0.0967618,-0.324675,0.940863]]],"btipPosition":[-63.7014,281.134,-46.2813],"carpPosition":[-29.3268,231.907,35.2761],"dipPosition":[-65.9414,273.618,-24.5005],"direction":[-0.254034,0.461632,-0.849919],"extended":false,"handId":365,"id":3650,"length":51.5512,"mcpPosition":[-29.3268,231.907,35.2761],"pipPosition":[-57.3739,258.049,4.16371],"stabilizedTipPosition":[-67.1575,277.176,-22.3258],"timeVisible":0.614878,"tipPosition":[-63.3965,279.173,-41.5384],"tipVelocity":[48.2013,30.3299,-138.072],"tool":false,"touchDistance":-0.411051,"touchZone":"hovering","type":0,"width":20.0304},{"bases":[[[0.957401,-0.00525071,-0.288713],[0.218671,0.666171,0.713021],[0.188588,-0.745781,0.638941]],[[0.956153,-0.000393731,-0.292868],[0.189475,0.763352,0.61757],[0.223318,-0.645982,0.729956]],[[0.956153,-0.000393731,-0.292868],[0.145243,0.868997,0.473021],[0.254315,-0.494818,0.830951]],[[0.956153,-0.000393731,-0.292868],[0.108028,0.929958,0.351438],[0.272216,-0.367666,0.889224]]],"btipPosition":[-50.6682,349.833,-69.2332],"carpPosition":[-16.7732,250.065,43.1791],"dipPosition":[-46.0676,343.62,-54.205],"direction":[-0.254315,0.494818,-0.830951],"extended":true,"handId":365,"id":3651,"length":58.1698,"mcpPosition":[-30.4971,304.337,-3.31783],"pipPosition":[-39.9874,331.789,-34.3384],"stabilizedTipPosition":[-54.6823,346.758,-53.4878],"timeVisible":0.614878,"tipPosition":[-48.9249,347.863,-66.1991],"tipVelocity":[80.1251,27.834,-146.369],"tool":false,"touchDistance":-0.150895,"touchZone":"touching","type":1,"width":19.133},{"bases":[[[0.922678,-0.219449,-0.317029],[0.381471,0.639157,0.667801],[0.0560837,-0.737102,0.67345]],[[0.923301,-0.228545,-0.308679],[0.180088,0.967476,-0.177649],[0.33924,0.108434,0.934429]],[[0.923301,-0.228545,-0.308679],[-0.278035,0.156747,-0.947696],[0.264976,0.960832,0.0811816]],[[0.923301,-0.228545,-0.308679],[-0.38361,-0.509101,-0.770493],[0.0189439,0.829809,-0.557725]]],"btipPosition":[-32.8294,254.806,-42.4148],"carpPosition":[-4.97944,251.558,40.5287],"dipPosition":[-32.4773,270.231,-52.7819],"direction":[-0.264976,-0.960832,-0.0811816],"extended":false,"handId":365,"id":3652,"length":66.2798,"mcpPosition":[-8.84986,302.427,-5.947],"pipPosition":[-25.0241,297.257,-50.4985],"stabilizedTipPosition":[-37.1952,258.931,-32.3714],"timeVisible":0.614878,"tipPosition":[-32.7607,258.507,-44.9291],"tipVelocity":[74.8947,20.5454,-112.358],"tool":false,"touchDistance":-0.156072,"touchZone":"hovering","type":2,"width":18.7912},{"bases":[[[0.889475,-0.373081,-0.263904],[0.44801,0.598023,0.664572],[-0.0901189,-0.709351,0.69907]],[[0.886907,-0.390925,-0.246116],[0.330578,0.909249,-0.252952],[0.322666,0.142984,0.935651]],[[0.886907,-0.390925,-0.246116],[-0.22032,0.110316,-0.96917],[0.406023,0.913788,0.0117117]],[[0.886907,-0.390925,-0.246116],[-0.428809,-0.498555,-0.753369],[0.171808,0.773706,-0.609804]]],"btipPosition":[-16.5053,248.367,-36.9736],"carpPosition":[6.47201,250.072,36.7434],"dipPosition":[-13.3301,262.666,-48.2436],"direction":[-0.406023,-0.913788,-0.0117117],"extended":false,"handId":365,"id":3653,"length":63.7298,"mcpPosition":[12.0558,294.024,-6.57153],"pipPosition":[-2.20441,287.705,-47.9227],"stabilizedTipPosition":[-19.9655,251.229,-32.1211],"timeVisible":0.614878,"tipPosition":[-15.8027,252.067,-40.3297],"tipVelocity":[71.1472,18.8728,-92.1063],"tool":false,"touchDistance":0.333333,"touchZone":"none","type":3,"width":17.881},{"bases":[[[0.786733,-0.546321,-0.287375],[0.571169,0.46768,0.674568],[-0.234131,-0.694844,0.679981]],[[0.76358,-0.604274,-0.227592],[0.548854,0.793063,-0.264218],[0.340155,0.0768369,0.937225]],[[0.76358,-0.604274,-0.227592],[-0.178025,0.141794,-0.973756],[0.620687,0.784058,0.00069548]],[[0.76358,-0.604274,-0.227592],[-0.530893,-0.38688,-0.753974],[0.367556,0.696546,-0.616219]]],"btipPosition":[-0.699106,252.523,-31.4538],"carpPosition":[16.0442,242.402,29.8346],"dipPosition":[5.56769,264.4,-41.9603],"direction":[-0.620687,-0.784058,-0.00069548],"extended":false,"handId":365,"id":3654,"length":49.963,"mcpPosition":[29.4731,282.256,-9.16667],"pipPosition":[17.5759,279.568,-41.9468],"stabilizedTipPosition":[-3.07175,254.499,-26.2028],"timeVisible":0.614878,"tipPosition":[0.97827,255.475,-34.1716],"tipVelocity":[64.3628,20.0378,-79.0325],"tool":false,"touchDistance":0.333333,"touchZone":"none","type":4,"width":15.8833}],"r":[[0.847345,0.0410449,0.529454],[-0.237372,0.921137,0.308484],[-0.475038,-0.38707,0.790264]],"s":1.11629,"t":[62.1548,64.2831,-94.1244],"timestamp":15445903480},false],[6,{"currentFrameRate":110.594,"devices":[],"gestures":[],"hands":[{"armBasis":[[0.959627,-0.12049,-0.254163],[0.20031,0.927104,0.316788],[0.197466,-0.35491,0.913809]],"armWidth":63.029,"confidence":0.612955,"direction":[0.0151965,0.820262,-0.571786],"elbow":[53.5578,142.288,279.416],"grabStrength":0,"id":365,"palmNormal":[-0.235521,-0.552826,-0.799321],"palmPosition":[-6.7017,279.633,2.79931],"palmVelocity":[44.0067,41.8878,-114.554],"palmWidth":90.0033,"pinchStrength":0.63596,"r":[[0.843738,0.0426568,0.535057],[-0.239348,0.922144,0.303914],[-0.480435,-0.384489,0.788258]],"s":1.11972,"sphereCenter":[-21.4369,271.314,-44.6434],"sphereRadius":47.7528,"stabilizedPalmPosition":[-8.39969,278.919,18.3893],"t":[62.6095,64.723,-95.299],"timeVisible":0.623803,"type":"right","wrist":[0.820087,237.074,35.3633]}],"id":1179937,"interactionBox":{"center":[0,200,0],"size":[235.247,235.247,147.751]},"pointables":[{"bases":[[[0.604651,0.595444,0.529002],[-0.682661,0.0452678,0.729331],[0.410329,-0.80212,0.433858]],[[0.411984,0.848172,0.332977],[-0.717824,0.0770224,0.691951],[0.561247,-0.524091,0.64057]],[[0.411984,0.848172,0.332977],[-0.877283,0.270458,0.396519],[0.246261,-0.455475,0.855511]],[[0.411984,0.848172,0.332977],[-0.905697,0.421248,0.0475753],[-0.0999139,-0.321176,0.941734]]],"btipPosition":[-62.8544,281.206,-48.3124],"carpPosition":[-29.1497,232.532,33.9704],"dipPosition":[-65.1674,273.771,-26.5114],"direction":[-0.246261,0.455474,-0.855511],"extended":false,"handId":365,"id":3650,"length":51.5512,"mcpPosition":[-29.1497,232.532,33.9704],"pipPosition":[-56.862,258.41,2.34145],"stabilizedTipPosition":[-67.1471,277.182,-22.3833],"timeVisible":0.623803,"tipPosition":[-62.5467,279.309,-43.5093],"tipVelocity":[60.4227,24.8195,-162.329],"tool":false,"touchDistance":-0.428675,"touchZone":"hovering","type":0,"width":20.0304},{"bases":[[[0.960507,-0.00700688,-0.278169],[0.210934,0.670317,0.711465],[0.181476,-0.742042,0.645322]],[[0.95911,-0.00140765,-0.28303],[0.18414,0.76252,0.620207],[0.214943,-0.646964,0.731599]],[[0.95911,-0.00140765,-0.28303],[0.142316,0.866777,0.477957],[0.244651,-0.498693,0.831535]],[[0.95911,-0.00140765,-0.28303],[0.107043,0.927517,0.358126],[0.262011,-0.373779,0.889741]]],"btipPosition":[-49.299,350.468,-71.0651],"carpPosition":[-16.6811,250.735,41.9041],"dipPosition":[-44.8709,344.151,-56.0281],"direction":[-0.244651,0.498693,-0.831535],"extended":true,"handId":365,"id":3651,"length":58.1698,"mcpPosition":[-29.8874,304.735,-5.05713],"pipPosition":[-39.0217,332.228,-36.1476],"stabilizedTipPosition":[-54.5831,346.793,-53.7066],"timeVisible":0.623803,"tipPosition":[-47.6792,348.326,-68.0933],"tipVelocity":[98.8938,38.9227,-162.361],"tool":false,"touchDistance":-0.181393,"touchZone":"touching","type":1,"width":19.133},{"bases":[[[0.926067,-0.221364,-0.30561],[0.374216,0.643028,0.66819],[0.0486024,-0.733153,0.678325]],[[0.926577,-0.230025,-0.297561],[0.17975,0.965799,-0.186873],[0.33037,0.119666,0.936235]],[[0.926577,-0.230025,-0.297561],[-0.269634,0.145301,-0.951938],[0.262206,0.962277,0.07261]],[[0.926577,-0.230025,-0.297561],[-0.375396,-0.517111,-0.769204],[0.023064,0.82443,-0.565494]]],"btipPosition":[-31.7682,254.711,-43.6061],"carpPosition":[-4.85874,252.212,39.3745],"dipPosition":[-31.3395,270.035,-54.1176],"direction":[-0.262206,-0.962277,-0.07261],"extended":false,"handId":365,"id":3652,"length":66.2798,"mcpPosition":[-8.21286,302.808,-7.4377],"pipPosition":[-23.9642,297.102,-52.0752],"stabilizedTipPosition":[-37.1432,258.925,-32.4998],"timeVisible":0.623803,"tipPosition":[-31.6844,258.477,-46.2377],"tipVelocity":[87.432,11.3238,-119.131],"tool":false,"touchDistance":-0.17648,"touchZone":"hovering","type":2,"width":18.7912},{"bases":[[[0.892263,-0.374681,-0.251954],[0.440782,0.60187,0.665931],[-0.0978684,-0.705242,0.702179]],[[0.889506,-0.392379,-0.234133],[0.329256,0.905713,-0.266973],[0.316812,0.160384,0.93483]],[[0.889506,-0.392379,-0.234133],[-0.218875,0.0838981,-0.972139],[0.40109,0.915969,-0.011254]],[[0.889506,-0.392379,-0.234133],[-0.424629,-0.520644,-0.740689],[0.168731,0.758267,-0.629731]]],"btipPosition":[-15.4131,248.199,-37.1521],"carpPosition":[6.63331,250.703,35.7236],"dipPosition":[-12.2948,262.213,-48.7904],"direction":[-0.40109,-0.915969,0.011254],"extended":false,"handId":365,"id":3653,"length":63.7298,"mcpPosition":[12.6973,294.4,-7.78393],"pipPosition":[-1.30424,287.312,-49.0988],"stabilizedTipPosition":[-19.8502,251.233,-32.2898],"timeVisible":0.623803,"tipPosition":[-14.7283,251.939,-40.8277],"tipVelocity":[84.7148,6.59707,-75.0367],"tool":false,"touchDistance":0.333333,"touchZone":"none","type":3,"width":17.881},{"bases":[[[0.789762,-0.548048,-0.275535],[0.563805,0.47158,0.678038],[-0.241661,-0.690837,0.681428]],[[0.765469,-0.606638,-0.214586],[0.55279,0.790644,-0.263258],[0.329364,0.0828953,0.940557]],[[0.765469,-0.606638,-0.214586],[-0.168387,0.133015,-0.976705],[0.62105,0.783771,-0.000331627]],[[0.765469,-0.606638,-0.214586],[-0.52423,-0.394536,-0.754668],[0.373149,0.690168,-0.620023]]],"btipPosition":[0.243229,252.785,-32.4381],"carpPosition":[16.2796,242.991,28.9651],"dipPosition":[6.60537,264.553,-43.0095],"direction":[-0.62105,-0.783771,0.000331627],"extended":false,"handId":365,"id":3654,"length":49.963,"mcpPosition":[30.1404,282.615,-10.1192],"pipPosition":[18.6206,279.716,-43.0159],"stabilizedTipPosition":[-3.00604,254.513,-26.322],"timeVisible":0.623803,"tipPosition":[1.9238,255.694,-35.1964],