{"sensorType":"Leap","data":[[0,{"currentFrameRate":109.541,"devices":[],"gestures":[],"hands":[{"armBasis":[[0.976472,0.0271042,-0.213932],[0.0328629,0.961778,0.271852],[0.213124,-0.272486,0.938259]],"armWidth":63.029,"confidence":0.702008,"direction":[-0.141253,0.598212,-0.78879],"elbow":[41.0708,130.391,305.526],"grabStrength":0,"id":358,"palmNormal":[-0.0890292,-0.801227,-0.5917],"palmPosition":[-31.2083,231.593,11.5367],"palmVelocity":[-118.263,26.0101,172.899],"palmWidth":90.0033,"pinchStrength":0.591689,"r":[[0.93682,0.182493,0.298436],[-0.156633,0.981668,-0.1086],[-0.312784,0.0549937,0.948231]],"s":0.999284,"sphereCenter":[-33.9156,208.684,-30.3625],"sphereRadius":48.1116,"stabilizedPalmPosition":[-21.5204,230.458,-7.93035],"t":[61.8554,41.8375,-151.264],"timeVisible":3.72383,"type":"right","wrist":[-15.8487,203.164,54.943]}],"id":1164801,"interactionBox":{"center":[0,200,0],"size":[235.247,235.247,147.751]},"pointables":[{"bases":[[[0.448816,0.838743,0.308341],[-0.698555,0.114112,0.706399],[0.557302,-0.532436,0.637123]],[[0.312417,0.936777,0.157622],[-0.742131,0.137111,0.656081],[0.59299,-0.321947,0.738047]],[[0.312417,0.936777,0.157622],[-0.947864,0.296436,0.116958],[0.0628386,-0.185943,0.980549]],[[0.312417,0.936777,0.157622],[-0.916558,0.340862,-0.209128],[-0.249633,-0.0791341,0.965102]]],"btipPosition":[-69.7447,216.203,-35.8686],"carpPosition":[-44.1247,192.204,55.9852],"dipPosition":[-75.5237,214.371,-13.5267],"direction":[-0.0628386,0.185943,-0.980549],"extended":false,"handId":358,"id":3580,"length":51.5512,"mcpPosition":[-44.1247,192.204,55.9852],"pipPosition":[-73.4044,208.1,19.5432],"stabilizedTipPosition":[-57.0878,205.987,-53.0449],"timeVisible":3.72383,"tipPosition":[-69.694,214.254,-31.3561],"tipVelocity":[-186.678,124.968,220.993],"tool":false,"touchDistance":0.211213,"touchZone":"hovering","type":0,"width":20.0304},{"bases":[[[0.948248,0.113606,-0.296511],[0.0428311,0.879509,0.473951],[0.314628,-0.462123,0.829127]],[[0.981788,0.0508309,-0.183051],[0.0468073,0.869115,0.492391],[0.184121,-0.491992,0.850907]],[[0.981788,0.0508309,-0.183051],[0.0151244,0.939569,0.342025],[0.189375,-0.338565,0.921689]],[[0.981788,0.0508309,-0.183051],[-0.0107817,0.976896,0.213444],[0.189672,-0.207583,0.959653]]],"btipPosition":[-74.4856,280.279,-76.9994],"carpPosition":[-36.032,214.139,57.7527],"dipPosition":[-71.2801,276.771,-60.781],"direction":[-0.189375,0.338565,-0.921689],"extended":true,"handId":358,"id":3581,"length":58.1698,"mcpPosition":[-58.928,247.768,-2.58434],"pipPosition":[-66.7525,268.676,-38.7449],"stabilizedTipPosition":[-57.6915,272.629,-97.7167],"timeVisible":3.72383,"tipPosition":[-73.226,278.214,-73.7743],"tipVelocity":[-168.519,78.621,208.54],"tool":false,"touchDistance":0.53543,"touchZone":"hovering","type":1,"width":19.133},{"bases":[[[0.960749,-0.101484,-0.25819],[0.209424,0.875694,0.435087],[0.181941,-0.472081,0.862576]],[[0.956711,-0.0915346,-0.276271],[-0.103391,0.780445,-0.616617],[0.272056,0.618488,0.737196]],[[0.956711,-0.0915346,-0.276271],[-0.290959,-0.27836,-0.915346],[0.0068831,0.956105,-0.292942]],[[0.956711,-0.0915346,-0.276271],[-0.245885,-0.762065,-0.598997],[-0.155708,0.640998,-0.751583]]],"btipPosition":[-47.5443,181.54,-17.9698],"carpPosition":[-24.718,217.258,54.4951],"dipPosition":[-50.4386,193.455,-31.9404],"direction":[-0.0068831,-0.956105,0.292942],"extended":false,"handId":358,"id":3582,"length":66.2798,"mcpPosition":[-37.274,249.837,-5.0325],"pipPosition":[-50.245,220.348,-40.1803],"stabilizedTipPosition":[-41.9386,184.497,-41.5343],"timeVisible":3.72383,"tipPosition":[-48.1881,184.596,-21.2523],"tipVelocity":[-67.4192,9.65662,190.326],"tool":false,"touchDistance":0.333333,"touchZone":"none","type":2,"width":18.7912},{"bases":[[[0.958512,-0.235571,-0.1605],[0.283223,0.850711,0.442804],[0.0322272,-0.469891,0.882136]],[[0.956662,-0.218014,-0.193048],[0.0215388,0.714099,-0.699714],[0.290402,0.665231,0.687847]],[[0.956662,-0.218014,-0.193048],[-0.264934,-0.376474,-0.887737],[0.120862,0.900409,-0.417918]],[[0.956662,-0.218014,-0.193048],[-0.288095,-0.805146,-0.518403],[-0.0424125,0.551553,-0.833061]]],"btipPosition":[-30.4207,182.042,-7.14902],"carpPosition":[-13.0615,217.193,51.0605],"dipPosition":[-31.2045,192.236,-22.5452],"direction":[-0.120862,-0.900409,0.417918],"extended":false,"handId":358,"id":3583,"length":63.7298,"mcpPosition":[-15.0583,246.308,-3.5973],"pipPosition":[-27.8927,216.908,-33.9968],"stabilizedTipPosition":[-24.9856,187.2,-39.9263],"timeVisible":3.72383,"tipPosition":[-30.7768,185.17,-12.4407],"tipVelocity":[-60.0435,-6.54992,291.717],"tool":false,"touchDistance":0.333333,"touchZone":"none","type":3,"width":17.881},{"bases":[[[0.895739,-0.425675,-0.128267],[0.430586,0.758836,0.488634],[-0.110666,-0.492918,0.863009]],[[0.902379,-0.372475,-0.216735],[0.154081,0.748552,-0.644925],[0.402457,0.548572,0.732869]],[[0.902379,-0.372475,-0.216735],[-0.326864,-0.263822,-0.907501],[0.280842,0.889753,-0.359816]],[[0.902379,-0.372475,-0.216735],[-0.427543,-0.71074,-0.558619],[0.0540295,0.59675,-0.800606]]],"btipPosition":[-15.8865,191.739,-7.96536],"carpPosition":[-1.80311,210.042,46.5549],"dipPosition":[-14.9653,201.914,-21.6156],"direction":[-0.280842,-0.889753,0.359816],"extended":false,"handId":358,"id":3584,"length":49.963,"mcpPosition":[4.54427,238.314,-2.9442],"pipPosition":[-9.53196,219.128,-28.5769],"stabilizedTipPosition":[-8.29112,193.325,-34.0297],"timeVisible":3.72383,"tipPosition":[-15.549,194.719,-11.8417],"tipVelocity":[-84.6872,18.5281,223.572],"tool":false,"touchDistance":0.333333,"touchZone":"none","type":4,"width":15.8833}],"r":[[0.93682,0.182493,0.298436],[-0.156633,0.981668,-0.1086],[-0.312784,0.0549937,0.948231]],"s":0.999284,"t":[61.8554,41.8375,-151.264],"timestamp":15306746838},false],[1,{"currentFrameRate":109.602,"devices":[],"gestures":[],"hands":[{"armBasis":[[0.974701,0.0289185,-0.221636],[0.0345101,0.960234,0.277055],[0.220835,-0.277695,0.934943]],"armWidth":63.029,"confidence":0.71474,"direction":[-0.144314,0.600969,-0.786136],"elbow":[41.9195,129.425,306.956],"grabStrength":0,"id":358,"palmNormal":[-0.0915788,-0.799154,-0.594109],"palmPosition":[-32.5882,232.171,14.0142],"palmVelocity":[-127.837,36.4963,200.929],"palmWidth":90.0033,"pinchStrength":0.550699,"r":[[0.935725,0.187173,0.298973],[-0.162177,0.98099,-0.106571],[-0.313237,0.0512346,0.948292]],"s":1.01155,"sphereCenter":[-36.3262,209.602,-27.7565],"sphereRadius":48.1704,"stabilizedPalmPosition":[-21.599,230.47,-7.7744],"t":[60.547,42.3031,-149.094],"timeVisible":3.73284,"type":"right","wrist":[-17.0593,203.589,57.2594]}],"id":1164802,"interactionBox":{"center":[0,200,0],"size":[235.247,235.247,147.751]},"pointables":[{"bases":[[[0.450226,0.837585,0.309432],[-0.695675,0.111794,0.709604],[0.559761,-0.534747,0.63302]],[[0.319513,0.93288,0.166271],[-0.728385,0.129556,0.672808],[0.606107,-0.33608,0.720891]],[[0.319513,0.93288,0.166271],[-0.94353,0.297002,0.146765],[0.0875313,-0.203775,0.975097]],[[0.319513,0.93288,0.166271],[-0.914602,0.349498,-0.203356],[-0.247818,-0.0870971,0.964884]]],"btipPosition":[-72.4756,218.114,-32.4401],"carpPosition":[-45.3331,192.63,58.3776],"dipPosition":[-78.2125,216.097,-10.1033],"direction":[-0.0875313,0.203775,-0.975097],"extended":false,"handId":358,"id":3580,"length":51.5512,"mcpPosition":[-45.3331,192.63,58.3776],"pipPosition":[-75.2604,209.225,22.7827],"stabilizedTipPosition":[-57.564,206.319,-52.3112],"timeVisible":3.73284,"tipPosition":[-72.3094,216.121,-28.0332],"tipVelocity":[-218.354,147.588,264.772],"tool":false,"touchDistance":0.268335,"touchZone":"hovering","type":0,"width":20.0304},{"bases":[[[0.947067,0.114454,-0.299941],[0.0449218,0.877853,0.476819],[0.317877,-0.465053,0.826244]],[[0.98048,0.0527141,-0.189422],[0.0495383,0.866083,0.49744],[0.190277,-0.497113,0.846565]],[[0.98048,0.0527141,-0.189422],[0.0168075,0.937394,0.347865],[0.1959,-0.344258,0.91821]],[[0.98048,0.0527141,-0.189422],[-0.0100036,0.975517,0.219695],[0.196366,-0.213512,0.957002]]],"btipPosition":[-76.4498,281.365,-74.0413],"carpPosition":[-37.2288,214.558,60.1885],"dipPosition":[-73.1311,277.757,-57.8677],"direction":[-0.1959,0.344258,-0.91821],"extended":true,"handId":358,"id":3581,"length":58.1698,"mcpPosition":[-60.3614,248.4,0.0612526],"pipPosition":[-68.4475,269.526,-35.9148],"stabilizedTipPosition":[-58.0234,272.775,-97.2115],"timeVisible":3.73284,"tipPosition":[-75.1279,279.318,-70.835],"tipVelocity":[-181.302,89.4355,241.117],"tool":false,"touchDistance":0.559437,"touchZone":"hovering","type":1,"width":19.133},{"bases":[[[0.959679,-0.10077,-0.262416],[0.211356,0.874141,0.43727],[0.185325,-0.475102,0.860193]],[[0.955682,-0.0910194,-0.279976],[-0.10732,0.777857,-0.61921],[0.274142,0.621816,0.733616]],[[0.955682,-0.0910194,-0.279976],[-0.294385,-0.28594,-0.911908],[0.00294478,0.953915,-0.300063]],[[0.955682,-0.0910194,-0.279976],[-0.24664,-0.766804,-0.592604],[-0.160749,0.635395,-0.75527]]],"btipPosition":[-48.8823,182.184,-14.9649],"carpPosition":[-25.9274,217.686,56.8961],"dipPosition":[-51.8703,193.995,-29.004],"direction":[-0.00294478,-0.953915,0.300063],"extended":false,"handId":358,"id":3582,"length":66.2798,"mcpPosition":[-38.717,250.473,-2.46711],"pipPosition":[-51.7875,220.827,-37.4442],"stabilizedTipPosition":[-41.9407,184.497,-41.5279],"timeVisible":3.73284,"tipPosition":[-49.6073,185.214,-18.4666],"tipVelocity":[-90.35,25.9084,229.172],"tool":false,"touchDistance":0.333333,"touchZone":"none","type":2,"width":18.7912},{"bases":[[[0.957809,-0.235194,-0.165183],[0.285181,0.849117,0.444603],[0.0356918,-0.472952,0.880365]],[[0.955868,-0.217775,-0.197207],[0.0129765,0.701876,-0.712181],[0.29351,0.678192,0.673726]],[[0.955868,-0.217775,-0.197207],[-0.27103,-0.394542,-0.877997],[0.113399,0.892698,-0.436154]],[[0.955868,-0.217775,-0.197207],[-0.289468,-0.812888,-0.505393],[-0.0502452,0.540174,-0.840052]]],"btipPosition":[-31.6469,182.518,-3.43259],"carpPosition":[-14.2849,217.631,53.4142],"dipPosition":[-32.5755,192.502,-18.9579],"direction":[-0.113399,-0.892698,0.436154],"extended":false,"handId":358,"id":3583,"length":63.7298,"mcpPosition":[-16.4964,246.936,-1.13383],"pipPosition":[-29.4681,216.963,-30.9092],"stabilizedTipPosition":[-24.9866,187.2,-39.9214],"timeVisible":3.73284,"tipPosition":[-32.0758,185.564,-8.87933],"tipVelocity":[-81.9518,8.3052,323.963],"tool":false,"touchDistance":0.333333,"touchZone":"none","type":3,"width":17.881},{"bases":[[[0.895128,-0.425397,-0.133356],[0.432709,0.757057,0.489518],[-0.107282,-0.495885,0.861736]],[[0.901383,-0.373234,-0.219557],[0.147047,0.740733,-0.655508],[0.407291,0.558579,0.722567]],[[0.901383,-0.373234,-0.219557],[-0.333341,-0.274446,-0.901977],[0.276392,0.886214,-0.371795]],[[0.901383,-0.373234,-0.219557],[-0.430202,-0.714088,-0.552272],[0.0493436,0.592263,-0.804233]]],"btipPosition":[-17.3269,192.156,-4.95483],"carpPosition":[-3.04627,210.494,48.8385],"dipPosition":[-16.4856,202.254,-18.6669],"direction":[-0.276392,-0.886214,0.371795],"extended":false,"handId":358,"id":3584,"length":49.963,"mcpPosition":[3.10702,238.936,-0.587564],"pipPosition":[-11.1383,219.399,-25.8599],"stabilizedTipPosition":[-8.29525,193.325,-34.0176],"timeVisible":3.73284,"tipPosition":[-17.0302,195.141,-8.98842],"tipVelocity":[-105.897,25.605,253.495],"tool":false,"touchDistance":0.333333,"touchZone":"none","type":4,"width":15.8833}],"r":[[0.935725,0.187173,0.298973],[-0.162177,0.98099,-0.106571],[-0.313237,0.0512346,0.948292]],"s":1.01155,"t":[60.547,42.3031,-149.094],"timestamp":15306755852},false],[2,{"currentFrameRate":109.675,"devices":[],"gestures":[],"hands":[{"armBasis":[[0.973402,0.0442037,-0.224801],[0.0226203,0.957873,0.286299],[0.227986,-0.283769,0.931396]],"armWidth":63.029,"confidence":0.72216,"direction":[-0.149382,0.607714,-0.77998],"elbow":[42.6274,128.218,309.006],"grabStrength":0,"id":358,"palmNormal":[-0.0810038,-0.793701,-0.60289],"palmPosition":[-34.017,232.871,17.2825],"palmVelocity":[-136.376,47.8356,245.552],"palmWidth":90.0033,"pinchStrength":0.512754,"r":[[0.934246,0.192411,0.30027],[-0.168809,0.980261,-0.102919],[-0.314146,0.0454633,0.948286]],"s":1.02296,"sphereCenter":[-38.0595,210.887,-24.5467],"sphereRadius":48.1896,"stabilizedPalmPosition":[-21.6847,230.487,-7.60163],"t":[59.1784,42.8857,-146.376],"timeVisible":3.74183,"type":"right","wrist":[-18.2613,204.005,60.2557]}],"id":1164803,"interactionBox":{"center":[0,200,0],"size":[235.247,235.247,147.751]},"pointables":[{"bases":[[[0.439848,0.839309,0.319523],[-0.698564,0.0961526,0.709057],[0.564395,-0.535084,0.628604]],[[0.312575,0.93239,0.181511],[-0.724112,0.110214,0.680819],[0.614784,-0.344242,0.709605]],[[0.312575,0.93239,0.181511],[-0.944335,0.284379,0.165409],[0.102608,-0.22311,0.969378]],[[0.312575,0.93239,0.181511],[-0.916765,0.34614,-0.199323],[-0.248675,-0.1041,0.962977]]],"btipPosition":[-74.4693,219.642,-28.8367],"carpPosition":[-46.4098,192.711,61.1868],"dipPosition":[-80.2261,217.232,-6.54395],"direction":[-0.102608,0.22311,-0.969378],"extended":false,"handId":358,"id":3580,"length":51.5512,"mcpPosition":[-46.4098,192.711,61.1868],"pipPosition":[-76.7656,209.708,26.1492],"stabilizedTipPosition":[-58.1486,206.729,-51.3939],"timeVisible":3.74183,"tipPosition":[-74.273,217.624,-24.4862],"tipVelocity":[-219.446,150.998,301.804],"tool":false,"touchDistance":0.328223,"touchZone":"hovering","type":0,"width":20.0304},{"bases":[[[0.946385,0.128534,-0.29637],[0.0337184,0.873119,0.486339],[0.321278,-0.470257,0.821973]],[[0.979677,0.067397,-0.188919],[0.0389936,0.859896,0.508978],[0.196754,-0.506,0.839793]],[[0.979677,0.067397,-0.188919],[0.00519294,0.933021,0.359785],[0.200514,-0.353454,0.913709]],[[0.979677,0.067397,-0.188919],[-0.0222645,0.972577,0.231511],[0.199342,-0.2226,0.954312]]],"btipPosition":[-78.4666,282.646,-70.2249],"carpPosition":[-38.5624,214.708,63.2532],"dipPosition":[-75.0977,278.884,-54.0967],"direction":[-0.200514,0.353454,-0.913709],"extended":true,"handId":358,"id":3581,"length":58.1698,"mcpPosition":[-61.9424,248.93,3.43678],"pipPosition":[-70.3037,270.433,-32.2515],"stabilizedTipPosition":[-58.4138,272.953,-96.6022],"timeVisible":3.74183,"tipPosition":[-77.0825,280.619,-67.0405],"tipVelocity":[-192.767,102.906,291.125],"tool":false,"touchDistance":0.593916,"touchZone":"hovering","type":1,"width":19.133},{"bases":[[[0.961382,-0.0869223,-0.261131],[0.200276,0.871743,0.447161],[0.188771,-0.482191,0.855487]],[[0.957496,-0.0774515,-0.277854],[-0.118092,0.773589,-0.622587],[0.263165,0.628937,0.731562]],[[0.957496,-0.0774515,-0.277854],[-0.288171,-0.298988,-0.909705],[-0.0126169,0.951109,-0.308599]],[[0.957496,-0.0774515,-0.277854],[-0.233231,-0.774668,-0.587786],[-0.16972,0.627607,-0.759806]]],"btipPosition":[-49.3549,182.873,-11.0916],"carpPosition":[-27.2901,218.001,60.0223],"dipPosition":[-52.5097,194.539,-25.215],"direction":[0.0126169,-0.951109,0.308599],"extended":false,"handId":358,"id":3582,"length":66.2798,"mcpPosition":[-40.3174,251.278,0.983915],"pipPosition":[-52.8646,221.292,-33.8953],"stabilizedTipPosition":[-41.9427,184.498,-41.521],"timeVisible":3.74183,"tipPosition":[-50.2144,185.913,-14.9444],"tipVelocity":[-81.1622,38.8087,283.921],"tool":false,"touchDistance":0.333333,"touchZone":"none","type":2,"width":18.7912},{"bases":[[[0.960831,-0.2224,-0.165354],[0.274366,0.84749,0.454405],[0.0390763,-0.481974,0.875314]],[[0.958778,-0.204747,-0.197038],[0.00404557,0.703178,-0.711002],[0.284128,0.680896,0.67502]],[[0.958778,-0.204747,-0.197038],[-0.265357,-0.397102,-0.878576],[0.101641,0.894644,-0.435064]],[[0.958778,-0.204747,-0.197038],[-0.278516,-0.814603,-0.508774],[-0.0563382,0.54268,-0.838048]]],"btipPosition":[-32.3618,183.345,-0.0892742],"carpPosition":[-15.6396,218.118,56.5686],"dipPosition":[-33.4031,193.374,-15.5776],"direction":[-0.101641,-0.894644,0.435064],"extended":false,"handId":358,"id":3583,"length":63.7298,"mcpPosition":[-18.0608,247.981,2.33355],"pipPosition":[-30.6179,217.889,-27.499],"stabilizedTipPosition":[-24.9876,187.2,-39.9166],"timeVisible":3.74183,"tipPosition":[-32.8239,186.363,-5.48166],"tipVelocity":[-82.0832,31.5741,337.392],"tool":false,"touchDistance":0.333333,"touchZone":"none","type":3,"width":17.881},{"bases":[[[0.900266,-0.413641,-0.135727],[0.422838,0.756649,0.498689],[-0.10358,-0.506344,0.856088]],[[0.906094,-0.361646,-0.219558],[0.135814,0.740126,-0.65861],[0.400685,0.566943,0.719741]],[[0.906094,-0.361646,-0.219558],[-0.330739,-0.281866,-0.900646],[0.263829,0.888686,-0.375008]],[[0.906094,-0.361646,-0.219558],[-0.420943,-0.718572,-0.553589],[0.0424349,0.594025,-0.803326]]],"btipPosition":[-18.21,193.051,-1.37987],"carpPosition":[-4.30905,211.16,51.944],"dipPosition":[-17.4865,203.179,-15.0765],"direction":[-0.263829,-0.888686,0.375008],"extended":false,"handId":358,"id":3584,"length":49.963,"mcpPosition":[1.63195,240.202,2.84183],"pipPosition":[-12.3823,220.372,-22.3317],"stabilizedTipPosition":[-8.29988,193.326,-34.0036],"timeVisible":3.74183,"tipPosition":[-17.9676,196.057,-5.52085],"tipVelocity":[-104.629,46.1086,293.168],"tool":false,"touchDistance":0.333333,"touchZone":"none","type":4,"width":15.8833}],"r":[[0.934246,0.192411,0.30027],[-0.168809,0.980261,-0.102919],[-0.314146,0.0454633,0.948286]],"s":1.02296,"t":[59.1784,42.8857,-146.376],"timestamp":15306764840},false],[3,{"currentFrameRate":109.71,"devices":[],"gestures":[],"hands":[{"armBasis":[[0.972381,0.0580168,-0.226075],[0.0110911,0.956033,0.293048],[0.233137,-0.287461,0.928985]],"armWidth":63.029,"confidence":0.732143,"direction":[-0.159348,0.614028,-0.773032],"elbow":[43.0736,127.414,310.567],"grabStrength":0,"id":358,"palmNormal":[-0.0731207,-0.788227,-0.611025],"palmPosition":[-35.438,233.309,19.8449],"palmVelocity":[-142.053,47.9904,255.891],"palmWidth":90.0033,"pinchStrength":0.476817,"r":[[0.932736,0.198261,0.301159],[-0.176598,0.97941,-0.0978197],[-0.314352,0.0380557,0.948543]],"s":1.03331,"sphereCenter":[-39.9623,211.962,-21.9314],"sphereRadius":48.1377,"stabilizedPalmPosition":[-21.7782,230.506,-7.41487],"t":[57.7836,43.3961,-143.735],"timeVisible":3.75089,"type":"right","wrist":[-19.1908,204.187,62.4614]}],"id":1164804,"interactionBox":{"center":[0,200,0],"size":[235.247,235.247,147.751]},"pointables":[{"bases":[[[0.430472,0.841263,0.327065],[-0.69744,0.0800039,0.712164],[0.57295,-0.534674,0.621169]],[[0.303918,0.93298,0.192824],[-0.719849,0.092305,0.687966],[0.62406,-0.34789,0.699659]],[[0.303918,0.93298,0.192824],[-0.945537,0.270621,0.180897],[0.116591,-0.2373,0.964414]],[[0.303918,0.93298,0.192824],[-0.921426,0.33929,-0.189357],[-0.242089,-0.120124,0.962789]]],"btipPosition":[-76.3363,220.498,-26.0023],"carpPosition":[-47.1947,192.537,63.3584],"dipPosition":[-81.9406,217.717,-3.71389],"direction":[-0.116591,0.2373,-0.964414],"extended":false,"handId":358,"id":3580,"length":51.5512,"mcpPosition":[-47.1947,192.537,63.3584],"pipPosition":[-78.0085,209.714,28.8118],"stabilizedTipPosition":[-58.8223,207.183,-50.3382],"timeVisible":3.75089,"tipPosition":[-76.1326,218.477,-21.6575],"tipVelocity":[-214.721,132.813,304.879],"tool":false,"touchDistance":0.371235,"touchZone":"hovering","type":0,"width":20.0304},{"bases":[[[0.94378,0.143358,-0.297874],[0.0244886,0.868281,0.495468],[0.329667,-0.474907,0.815955]],[[0.977416,0.083265,-0.194227],[0.0309862,0.852698,0.521485],[0.209038,-0.515726,0.830861]],[[0.977416,0.083265,-0.194227],[-0.00472677,0.927486,0.373827],[0.211269,-0.364467,0.906934]],[[0.977416,0.083265,-0.194227],[-0.0335634,0.968603,0.246337],[0.20864,-0.234255,0.949523]]],"btipPosition":[-81.0638,283.756,-66.7837],"carpPosition":[-39.6127,214.607,65.6341],"dipPosition":[-77.5377,279.797,-50.7364],"direction":[-0.211269,0.364467,-0.906934],"extended":true,"handId":358,"id":3581,"length":58.1698,"mcpPosition":[-63.6032,249.167,6.25552],"pipPosition":[-72.4866,271.083,-29.0532],"stabilizedTipPosition":[-58.8985,273.173,-95.8585],"timeVisible":3.75089,"tipPosition":[-79.5922,281.703,-63.6488],"tipVelocity":[-217.632,106.975,315.107],"tool":false,"touchDistance":0.619197,"touchZone":"hovering","type":1,"width":19.133},{"bases":[[[0.961546,-0.0722571,-0.264968],[0.190925,0.86938,0.455769],[0.197425,-0.488832,0.849745]],[[0.957622,-0.0629577,-0.281063],[-0.135338,0.763031,-0.632034],[0.254251,0.643288,0.722175]],[[0.957622,-0.0629577,-0.281063],[-0.286038,-0.322373,-0.902363],[-0.0337963,0.944517,-0.326719]],[[0.957622,-0.0629577,-0.281063],[-0.220595,-0.787747,-0.575145],[-0.185197,0.612773,-0.768252]]],"btipPosition":[-49.7459,183.18,-7.19944],"carpPosition":[-28.3922,218.073,62.4039],"dipPosition":[-53.1883,194.57,-21.4799],"direction":[0.0337963,-0.944517,0.326719],"extended":false,"handId":358,"id":3582,"length":66.2798,"mcpPosition":[-42.0169,251.808,3.76179],"pipPosition":[-54.139,221.138,-30.6699],"stabilizedTipPosition":[-41.9446,184.498,-41.5142],"timeVisible":3.75089,"tipPosition":[-50.8001,186.238,-11.5149],"tipVelocity":[-72.6979,35.5213,323.102],"tool":false,"touchDistance":0.333333,"touchZone":"none","type":2,"width":18.7912},{"bases":[[[0.962971,-0.208736,-0.170632],[0.265331,0.84597,0.46253],[0.0478029,-0.490677,0.870029]],[[0.960618,-0.190885,-0.201931],[-0.00830556,0.706655,-0.707509],[0.277749,0.681323,0.67724]],[[0.960618,-0.190885,-0.201931],[-0.263641,-0.39651,-0.87936],[0.0877887,0.897966,-0.431219]],[[0.960618,-0.190885,-0.201931],[-0.269762,-0.814932,-0.512947],[-0.0666464,0.54722,-0.834331]]],"btipPosition":[-33.1661,183.943,2.31354],"carpPosition":[-16.7552,218.37,58.9162],"dipPosition":[-34.3978,194.056,-13.1061],"direction":[-0.0877887,-0.897966,0.431219],"extended":false,"handId":358,"id":3583,"length":63.7298,"mcpPosition":[-19.7171,248.773,5.00853],"pipPosition":[-31.9922,218.662,-24.9222],"stabilizedTipPosition":[-24.9887,187.199,-39.9117],"timeVisible":3.75089,"tipPosition":[-33.6841,186.956,-3.01231],"tipVelocity":[-85.279,41.6689,318.001],"tool":false,"touchDistance":0.333333,"touchZone":"none","type":3,"width":17.881},{"bases":[[[0.904866,-0.401014,-0.142851],[0.415053,0.75651,0.505395],[-0.0946025,-0.516605,0.850981]],[[0.909777,-0.348882,-0.224918],[0.12167,0.742171,-0.659074],[0.396867,0.572244,0.717659]],[[0.909777,-0.348882,-0.224918],[-0.331824,-0.2857,-0.899038],[0.249399,0.892556,-0.37569]],[[0.909777,-0.348882,-0.224918],[-0.413923,-0.721734,-0.554768],[0.0312174,0.597814,-0.801027]]],"btipPosition":[-19.1663,193.757,1.19935],"carpPosition":[-5.35436,211.602,54.1835],"dipPosition":[-18.6341,203.95,-12.4581],"direction":[-0.249399,-0.892556,0.37569],"extended":false,"handId":358,"id":3584,"length":49.963,"mcpPosition":[0.0717036,241.233,5.37423],"pipPosition":[-13.809,221.218,-19.7264],"stabilizedTipPosition":[-8.30526,193.327,-33.9875],"timeVisible":3.75089,"tipPosition":[-18.995,196.775,-2.9829],"tipVelocity":[-106.243,55.3565,291.153],"tool":false,"touchDistance":0.333333,"touchZone":"none","type":4,"width":15.8833}],"r":[[0.932736,0.198261,0.301159],[-0.176598,0.97941,-0.0978197],[-0.314352,0.0380557,0.948543]],"s":1.03331,"t":[57.7836,43.3961,-143.735],"timestamp":15306773894},false],[4,{"currentFrameRate":109.785,"devices":[],"gestures":[],"hands":[{"armBasis":[[0.971163,0.0661227,-0.229066],[0.00513662,0.954746,0.297377],[0.238363,-0.289978,0.926874]],"armWidth":63.029,"confidence":0.743289,"direction":[-0.167739,0.621795,-0.765006],"elbow":[43.4263,126.621,311.766],"grabStrength":0,"id":358,"palmNormal":[-0.0713419,-0.781623,-0.619658],"palmPosition":[-36.912,233.567,22.036],"palmVelocity":[-148.13,42.7042,252.672],"palmWidth":90.0033,"pinchStrength":0.462679,"r":[[0.931561,0.203477,0.301315],[-0.184232,0.978634,-0.0912879],[-0.313453,0.0295285,0.949145]],"s":1.04186,"sphereCenter":[-42.1724,212.942,-19.6577],"sphereRadius":48.0242,"stabilizedPalmPosition":[-21.8807,230.527,-7.21552],"t":[56.3492,43.78,-141.319],"timeVisible":3.75986,"type":"right","wrist":[-20.2338,204.066,64.2233]}],"id":1164805,"interactionBox":{"center":[0,200,0],"size":[235.247,235.247,147.751]},"pointables":[{"bases":[[[0.426735,0.840301,0.334354],[-0.693943,0.0671603,0.716891],[0.579948,-0.537945,0.611781]],[[0.298929,0.932653,0.201987],[-0.716151,0.0793615,0.693419],[0.630689,-0.351937,0.691644]],[[0.298929,0.932653,0.201987],[-0.946057,0.261921,0.190719],[0.12497,-0.248103,0.960639]],[[0.298929,0.932653,0.201987],[-0.924325,0.3356,-0.181648],[-0.237201,-0.132402,0.962396]]],"btipPosition":[-78.0193,221.029,-23.6875],"carpPosition":[-48.1546,192.219,65.141],"dipPosition":[-83.5105,217.964,-1.40824],"direction":[-0.12497,0.248103,-0.960639],"extended":false,"handId":358,"id":3580,"length":51.5512,"mcpPosition":[-48.1546,192.219,65.141],"pipPosition":[-79.2957,209.597,30.9901],"stabilizedTipPosition":[-59.5479,207.649,-49.2114],"timeVisible":3.75986,"tipPosition":[-77.8383,219.018,-19.3456],"tipVelocity":[-206.477,110.642,291.949],"tool":false,"touchDistance":0.402135,"touchZone":"hovering","type":0,"width":20.0304},{"bases":[[[0.941125,0.153063,-0.301423],[0.021534,0.862674,0.505303],[0.337373,-0.482044,0.808587]],[[0.974875,0.0939637,-0.201964],[0.0296717,0.843817,0.53581],[0.220768,-0.52834,0.819828]],[[0.974875,0.0939637,-0.201964],[-0.00798037,0.920826,0.389893],[0.22261,-0.378485,0.89844]],[[0.974875,0.0939637,-0.201964],[-0.0383869,0.963978,0.263198],[0.21942,-0.248832,0.943365]]],"btipPosition":[-83.6696,285.098,-63.4766],"carpPosition":[-40.706,214.312,67.629],"dipPosition":[-79.9613,280.893,-47.5334],"direction":[-0.22261,0.378485,-0.89844],"extended":true,"handId":358,"id":3581,"length":58.1698,"mcpPosition":[-65.2572,249.391,8.78659],"pipPosition":[-74.6391,271.844,-26.0532],"stabilizedTipPosition":[-59.4957,273.446,-94.9585],"timeVisible":3.75986,"tipPosition":[-82.1172,282.986,-60.4089],"tipVelocity":[-236.27,116.902,328.996],"tool":false,"touchDistance":0.639858,"touchZone":"hovering","type":1,"width":19.133},{"bases":[[[0.9605,-0.0627922,-0.271105],[0.187734,0.865339,0.464699],[0.205418,-0.497238,0.842946]],[[0.956528,-0.053568,-0.286677],[-0.147086,0.760203,-0.632817],[0.251832,0.647473,0.719277]],[[0.956528,-0.053568,-0.286677],[-0.287858,-0.331183,-0.898585],[-0.0468071,0.942045,-0.332206]],[[0.956528,-0.053568,-0.286677],[-0.21546,-0.792271,-0.570862],[-0.196546,0.607813,-0.769372]]],"btipPosition":[-50.7398,183.539,-4.44397],"carpPosition":[-29.5269,217.89,64.3769],"dipPosition":[-54.3933,194.837,-18.7452],"direction":[0.0468071,-0.942045,0.332206],"extended":false,"handId":358,"id":3582,"length":66.2798,"mcpPosition":[-43.7031,252.205,6.20397],"pipPosition":[-55.7099,221.335,-28.0895],"stabilizedTipPosition":[-41.9465,184.498,-41.5076],"timeVisible":3.75986,"tipPosition":[-51.9003,186.585,-8.92166],"tipVelocity":[-84.6027,36.1023,318.549],"tool":false,"touchDistance":0.333333,"touchZone":"none","type":2,"width":18.7912},{"bases":[[[0.963356,-0.200334,-0.178358],[0.26233,0.842349,0.470776],[0.0559274,-0.500314,0.864036]],[[0.960725,-0.182229,-0.209285],[-0.0181955,0.711184,-0.70277],[0.276906,0.678977,0.679937]],[[0.960725,-0.182229,-0.209285],[-0.266256,-0.392781,-0.880245],[0.078203,0.901396,-0.425874]],[[0.960725,-0.182229,-0.209285],[-0.266972,-0.81273,-0.517876],[-0.0757204,0.55341,-0.82946]]],"btipPosition":[-34.3585,184.37,4.24145],"carpPosition":[-17.9118,218.305,60.8284],"dipPosition":[-35.7579,194.597,-11.0881],"direction":[-0.078203,-0.901396,0.425874],"extended":false,"handId":358,"id":3583,"length":63.7298,"mcpPosition":[-21.3771,249.304,7.29211],"pipPosition":[-33.615,219.297,-22.7578],"stabilizedTipPosition":[-24.9901,187.199,-39.906],"timeVisible":3.75986,"tipPosition":[-34.9266,187.395,-1.01727],"tipVelocity":[-99.4909,44.0853,290.365],"tool":false,"touchDistance":0.333333,"touchZone":"none","type":3,"width":17.881},{"bases":[[[0.906678,-0.393301,-0.152474],[0.412877,0.753403,0.511778],[-0.0864084,-0.526971,0.845479]],[[0.910786,-0.340764,-0.233129],[0.11105,0.746017,-0.656602],[0.397665,0.572135,0.717303]],[[0.910786,-0.340764,-0.233129],[-0.336102,-0.283974,-0.897995],[0.239802,0.896236,-0.37317]],[[0.910786,-0.340764,-0.233129],[-0.4123,-0.720761,-0.557236],[0.0218559,0.603642,-0.796956]]],"btipPosition":[-20.4579,194.25,3.18062],"carpPosition":[-6.49331,211.667,55.9549],"dipPosition":[-20.0852,204.542,-10.4074],"direction":[-0.239802,-0.896236,0.37317],"extended":false,"handId":358,"id":3584,"length":49.963,"mcpPosition":[-1.53723,241.892,7.46123],"pipPosition":[-15.4459,221.882,-17.627],"stabilizedTipPosition":[-8.31212,193.329,-33.9682],"timeVisible":3.75986,"tipPosition":[-20.3444,197.285,-1.00222],"tipVelocity":[-117.681,55.9444,272.356],"tool":false,"touchDistance":0.333333,"touchZone":"none","type":4,"width":15.8833}],"r":[[0.931561,0.203477,0.301315],[-0.184232,0.978634,-0.0912879],[-0.313453,0.0295285,0.949145]],"s":1.04186,"t":[56.3492,43.78,-141.319],"timestamp":15306782869},false],[5,{"currentFrameRate":109.549,"devices":[],"gestures":[],"hands":[{"armBasis":[[0.968714,0.197934,-0.14972],[-0.131429,0.920871,0.367047],[0.210524,-0.335886,0.918074]],"armWidth":63.029,"confidence":0.771336,"direction":[-0.0785719,0.69513,-0.714577],"elbow":[43.1798,155.356,309.426],"grabStrength":0,"id":358,"palmNormal":[0.109517,-0.706436,-0.699253],"palmPosition":[-24.2454,278.169,22.9216],"palmVelocity":[36.9861,177.902,-209.003],"palmWidth":90.0033,"pinchStrength":0.37174,"r":[[0.831878,0.278796,0.479846],[-0.305561,0.951887,-0.0233258],[-0.463262,-0.127218,0.877043]],"s":1.07481,"sphereCenter":[-31.6065,263.258,-19.6269],"sphereRadius":47.4015,"stabilizedPalmPosition":[-30.1655,259.901,43.4154],"t":[67.2601,87.2516,-136.169],"timeVisible":4.59151,"type":"right","wrist":[-13.0452,245.062,64.2338]}],"id":1164895,"interactionBox":{"center":[0,200,0],"size":[235.247,235.247,147.751]},"pointables":[{"bases":[[[0.285438,0.821097,0.494292],[-0.815764,-0.0625553,0.574993],[0.503045,-0.56735,0.651966]],[[0.106727,0.960782,0.255945],[-0.800161,-0.0698073,0.595709],[0.590213,-0.268375,0.76133]],[[0.106727,0.960782,0.255945],[-0.989246,0.0767166,0.124526],[0.100007,-0.266482,0.958637]],[[0.106727,0.960782,0.255945],[-0.980538,0.144367,-0.133056],[-0.164787,-0.236763,0.957491]]],"btipPosition":[-68.2515,259.126,-33.4872],"carpPosition":[-39.5509,231.406,58.601],"dipPosition":[-72.0663,253.645,-11.3215],"direction":[-0.100007,0.266482,-0.958637],"extended":false,"handId":358,"id":3580,"length":51.5512,"mcpPosition":[-39.5509,231.406,58.601],"pipPosition":[-68.6934,244.657,21.0094],"stabilizedTipPosition":[-91.7772,224.743,26.9359],"timeVisible":4.59151,"tipPosition":[-69.051,259.299,-27.7876],"tipVelocity":[44.2586,193.645,-250.355],"tool":false,"touchDistance":-0.640655,"touchZone":"hovering","type":0,"width":20.0304},{"bases":[[[0.963615,0.248023,-0.0996489],[-0.144475,0.796955,0.586507],[0.224883,-0.55077,0.803791]],[[0.968699,0.234831,-0.0804717],[-0.128188,0.750823,0.647945],[0.212578,-0.617349,0.757424]],[[0.968699,0.234831,-0.0804717],[-0.198237,0.926925,0.318609],[0.149411,-0.292684,0.944464]],[[0.968699,0.234831,-0.0804717],[-0.234699,0.972003,0.0112355],[0.0808572,0.00800283,0.996694]]],"btipPosition":[-64.9333,326.667,-65.3796],"carpPosition":[-34.5956,253.489,64.7266],"dipPosition":[-63.5667,326.803,-48.5351],"direction":[-0.149411,0.292684,-0.944464],"extended":true,"handId":358,"id":3581,"length":58.1698,"mcpPosition":[-50.9608,293.57,6.23327],"pipPosition":[-59.9946,319.805,-25.9546],"stabilizedTipPosition":[-69.2884,314.367,-49.0665],"timeVisible":4.59151,"tipPosition":[-63.9681,327.706,-60.8038],"tipVelocity":[68.6891,235.112,-206.745],"tool":false,"touchDistance":-0.593228,"touchZone":"hovering","type":1,"width":19.133},{"bases":[[[0.995554,0.0318117,-0.0886529],[0.025488,0.815127,0.578721],[0.0906735,-0.578408,0.810693]],[[0.994327,0.039132,-0.0989094],[-0.0885935,0.819301,-0.566478],[0.0588691,0.572027,0.81812]],[[0.994327,0.039132,-0.0989094],[-0.0833066,-0.291694,-0.952877],[-0.0661392,0.955711,-0.286779]],[[0.994327,0.039132,-0.0989094],[-0.0308959,-0.78353,-0.620585],[-0.101783,0.62012,-0.777876]]],"btipPosition":[-28.6715,232.375,-8.38211],"carpPosition":[-23.3596,258.141,64.0452],"dipPosition":[-30.5635,243.902,-22.8414],"direction":[0.0661392,-0.955711,0.286779],"extended":false,"handId":358,"id":3582,"length":66.2798,"mcpPosition":[-29.6171,298.057,8.0981],"pipPosition":[-32.4239,270.785,-30.908],"stabilizedTipPosition":[-34.4112,219.312,3.36991],"timeVisible":4.59151,"tipPosition":[-29.192,235.399,-12.5573],"tipVelocity":[25.2124,177.317,-173.052],"tool":false,"touchDistance":0.333333,"touchZone":"none","type":2,"width":18.7912},{"bases":[[[0.993274,-0.115191,-0.011759],[0.0994282,0.796463,0.596456],[-0.059341,-0.593614,0.802559]],[[0.994239,-0.103638,-0.0273469],[0.063279,0.773471,-0.630665],[0.0865132,0.625301,0.775573]],[[0.994239,-0.103638,-0.0273469],[-0.0630587,-0.359254,-0.931107],[0.0866739,0.927467,-0.363719]],[[0.994239,-0.103638,-0.0273469],[-0.100058,-0.805926,-0.583499],[0.0384333,0.582874,-0.811653]]],"btipPosition":[-14.604,232.68,3.79397],"carpPosition":[-11.372,259.721,62.8307],"dipPosition":[-13.8937,243.452,-11.2065],"direction":[-0.0866739,-0.927467,0.363719],"extended":false,"handId":358,"id":3583,"length":63.7298,"mcpPosition":[-7.69519,296.501,13.1035],"pipPosition":[-11.5187,268.866,-21.173],"stabilizedTipPosition":[-17.4142,223.157,12.6122],"timeVisible":4.59151,"tipPosition":[-14.4377,235.511,-0.762344],"tipVelocity":[15.3027,174.474,-194.974],"tool":false,"touchDistance":0.333333,"touchZone":"none","type":3,"width":17.881},{"bases":[[[0.949556,-0.313126,-0.0171816],[0.247072,0.713257,0.655912],[-0.193128,-0.62707,0.754642]],[[0.947059,-0.320967,-0.00771423],[0.258805,0.777417,-0.573273],[0.189999,0.540927,0.819328]],[[0.947059,-0.320967,-0.00771423],[-0.102347,-0.279042,-0.954809],[0.30431,0.90505,-0.297119]],[[0.947059,-0.320967,-0.00771423],[-0.251289,-0.72608,-0.640048],[0.199833,0.608101,-0.768297]]],"btipPosition":[-3.59578,243.624,6.46449],"carpPosition":[1.26697,254.455,59.557],"dipPosition":[-0.188647,253.992,-6.63487],"direction":[-0.30431,-0.90505,0.297119],"extended":false,"handId":358,"id":3584,"length":49.963,"mcpPosition":[12.3441,290.421,16.2735],"pipPosition":[5.69875,271.502,-12.3832],"stabilizedTipPosition":[-4.79189,235.397,15.0716],"timeVisible":4.59151,"tipPosition":[-2.52507,246.205,2.72244],"tipVelocity":[13.6941,168.765,-200.579],"tool":false,"touchDistance":0.333333,"touchZone":"none","type":4,"width":15.8833}],"r":[[0.831878,0.278796,0.479846],[-0.305561,0.951887,-0.0233258],[-0.463262,-0.127218,0.877043]],"s":1.07481,"t":[67.2601,87.2516,-136.169],"timestamp":15307614519},false],[6,{"currentFrameRate":109.557,"devices":[],"gestures":[],"hands":[{"armBasis":[[0.97037,0.181299,-0.159727],[-0.113332,0.925341,0.361801],[0.213396,-0.332978,0.91847]],"armWidth":63.029,"confidence":0.773812,"direction":[-0.0691008,0.698692,-0.712078],"elbow":[43.6976,157.603,306.977],"grabStrength":0,"id":358,"palmNormal":[0.0935993,-0.706095,-0.701904],"palmPosition":[-24.0745,279.967,20.5198],"palmVelocity":[31.9237,183.277,-224.136],"palmWidth":90.0033,"pinchStrength":0.369352,"r":[[0.833303,0.269982,0.482407],[-0.298077,0.954349,-0.019214],[-0.465572,-0.127783,0.875736]],"s":1.07608,"sphereCenter":[-32.1689,265.309,-21.9959],"sphereRadius":47.4014,"stabilizedPalmPosition":[-29.737,261.312,41.805],"t":[67.5062,88.9078,-138.294],"timeVisible":4.60062,"type":"right","wrist":[-13.2946,246.532,61.6796]}],"id":1164896,"interactionBox":{"center":[0,200,0],"size":[235.247,235.247,147.751]},"pointables":[{"bases":[[[0.302463,0.814225,0.495534],[-0.81422,-0.0495729,0.578436],[0.495542,-0.578429,0.647964]],[[0.124211,0.958402,0.256979],[-0.799216,-0.0568564,0.598348],[0.588069,-0.279703,0.758908]],[[0.124211,0.958402,0.256979],[-0.987237,0.0933512,0.129029],[0.0996722,-0.269726,0.957765]],[[0.124211,0.958402,0.256979],[-0.977956,0.162053,-0.131681],[-0.167848,-0.234958,0.957404]]],"btipPosition":[-68.5808,261.723,-35.814],"carpPosition":[-40.0683,233.377,56.1232],"dipPosition":[-72.4664,256.284,-13.6503],"direction":[-0.0996722,0.269726,-0.957765],"extended":false,"handId":358,"id":3580,"length":51.5512,"mcpPosition":[-40.0683,233.377,56.1232],"pipPosition":[-69.1049,247.187,18.6512],"stabilizedTipPosition":[-90.9054,226.139,24.6824],"timeVisible":4.60062,"tipPosition":[-69.4005,261.874,-30.1246],"tipVelocity":[21.4513,219.294,-251.741],"tool":false,"touchDistance":-0.639831,"touchZone":"hovering","type":0,"width":20.0304},{"bases":[[[0.967507,0.230829,-0.10319],[-0.127406,0.797588,0.589594],[0.218398,-0.55729,0.801081]],[[0.97171,0.219557,-0.0870326],[-0.112238,0.753521,0.647772],[0.207804,-0.619679,0.756846]],[[0.97171,0.219557,-0.0870326],[-0.181084,0.929175,0.322245],[0.15162,-0.297368,0.942647]],[[0.97171,0.219557,-0.0870326],[-0.218756,0.975599,0.0187536],[0.0890264,0.000815858,0.996029]]],"btipPosition":[-64.54,329.332,-67.5352],"carpPosition":[-34.6863,255.347,62.2945],"dipPosition":[-63.0354,329.346,-50.702],"direction":[-0.15162,0.297368,-0.942647],"extended":true,"handId":358,"id":3581,"length":58.1698,"mcpPosition":[-50.5795,295.902,3.99841],"pipPosition":[-59.4104,322.236,-28.1649],"stabilizedTipPosition":[-68.4093,316.95,-51.5853],"timeVisible":4.60062,"tipPosition":[-63.4819,330.3,-62.9848],"tipVelocity":[62.5684,250.153,-215.086],"tool":false,"touchDistance":-0.594612,"touchZone":"hovering","type":1,"width":19.133},{"bases":[[[0.995567,0.014041,-0.0930014],[0.0428223,0.812701,0.581105],[0.0837416,-0.582512,0.808497]],[[0.994428,0.0214071,-0.103219],[-0.0766183,0.819292,-0.568234],[0.0724026,0.572976,0.816368]],[[0.994428,0.0214071,-0.103219],[-0.0924646,-0.293094,-0.951602],[-0.050624,0.955844,-0.289482]],[[0.994428,0.0214071,-0.103219],[-0.0474062,-0.783751,-0.619263],[-0.0941549,0.620706,-0.77837]]],"btipPosition":[-29.4278,234.254,-10.5298],"carpPosition":[-23.3708,259.796,61.5772],"dipPosition":[-31.178,245.792,-24.9983],"direction":[0.050624,-0.955844,0.289482],"extended":false,"handId":358,"id":3582,"length":66.2798,"mcpPosition":[-29.1499,299.996,5.78166],"pipPosition":[-32.6019,272.678,-33.1409],"stabilizedTipPosition":[-33.9158,221.215,1.50664],"timeVisible":4.60062,"tipPosition":[-29.9187,237.293,-14.749],"tipVelocity":[-3.82092,185.395,-190.489],"tool":false,"touchDistance":0.333333,"touchZone":"none","type":2,"width":18.7912},{"bases":[[[0.990959,-0.133139,-0.0165506],[0.116489,0.792644,0.598453],[-0.0665585,-0.59497,0.800987]],[[0.992064,-0.121569,-0.032089],[0.0745531,0.774272,-0.628446],[0.101245,0.621067,0.777191]],[[0.992064,-0.121569,-0.032089],[-0.073645,-0.35498,-0.931969],[0.101908,0.926936,-0.361116]],[[0.992064,-0.121569,-0.032089],[-0.11723,-0.80208,-0.585597],[0.0454527,0.584712,-0.809967]]],"btipPosition":[-15.345,234.373,1.20073],"carpPosition":[-11.362,261.162,60.314],"dipPosition":[-14.505,245.18,-13.7686],"direction":[-0.101908,-0.926936,0.361116],"extended":false,"handId":358,"id":3583,"length":63.7298,"mcpPosition":[-7.23799,298.027,10.6843],"pipPosition":[-11.7125,270.579,-23.6637],"stabilizedTipPosition":[-17.1824,224.561,11.0902],"timeVisible":4.60062,"tipPosition":[-15.1472,237.212,-3.33265],"tipVelocity":[-10.6011,177.861,-219.611],"tool":false,"touchDistance":0.333333,"touchZone":"none","type":3,"width":17.881},{"bases":[[[0.943635,-0.33023,-0.0223865],[0.262861,0.706588,0.656992],[-0.201141,-0.625845,0.753565]],[[0.940365,-0.340003,-0.0105677],[0.27201,0.770242,-0.576834],[0.204265,0.53956,0.816793]],[[0.940365,-0.340003,-0.0105677],[-0.112274,-0.280896,-0.953149],[0.321105,0.897494,-0.302318]],[[0.940365,-0.340003,-0.0105677],[-0.268452,-0.722675,-0.636926],[0.20892,0.60178,-0.770852]]],"btipPosition":[-4.21719,245.08,4.16981],"carpPosition":[1.16482,255.679,56.9678],"dipPosition":[-0.655135,255.34,-8.97314],"direction":[-0.321105,-0.897494,0.302318],"extended":false,"handId":358,"id":3584,"length":49.963,"mcpPosition":[12.7015,291.575,13.746],"pipPosition":[5.55719,272.704,-14.822],"stabilizedTipPosition":[-4.6578,236.555,13.7322],"timeVisible":4.60062,"tipPosition":[-3.10345,247.638,0.369463],"tipVelocity":[-7.94368,165.491,-215.093],"tool":false,"to