{"sensorType":"Leap","data":[[0,{"currentFrameRate":106.433,"devices":[],"gestures":[],"hands":[{"armBasis":[[0.944538,0.114518,-0.307788],[0.0161504,0.919897,0.391826],[0.328005,-0.375066,0.867029]],"armWidth":63.029,"confidence":0.713074,"direction":[-0.0030588,0.651961,-0.758246],"elbow":[51.3863,156.359,301.108],"grabStrength":0.402466,"id":359,"palmNormal":[-0.0179158,-0.758164,-0.651818],"palmPosition":[-43.9934,288.2,26.3673],"palmVelocity":[184.09,166.828,-267.727],"palmWidth":90.0033,"pinchStrength":0.264368,"r":[[0.94887,-0.227476,0.218863],[0.228918,0.973258,0.0190945],[-0.217354,0.0319835,0.975569]],"s":0.978397,"sphereCenter":[-66.0458,275.263,-11.6623],"sphereRadius":46.947,"stabilizedPalmPosition":[-50.8039,282.396,35.2846],"t":[52.7186,28.1868,-120.009],"timeVisible":12.3829,"type":"right","wrist":[-36.2146,256.529,69.5484]}],"id":1166990,"interactionBox":{"center":[0,200,0],"size":[235.247,235.247,147.751]},"pointables":[{"bases":[[[0.417758,0.800677,0.429412],[-0.795455,0.0939524,0.598685],[0.439009,-0.591684,0.676152]],[[0.167957,0.983388,0.0688355],[-0.809875,0.0978362,0.578386],[0.562043,-0.152892,0.812854]],[[0.167957,0.983388,0.0688355],[-0.985647,0.166316,0.0289563],[0.0170268,-0.0727109,0.997208]],[[0.167957,0.983388,0.0688355],[-0.934988,0.136784,0.327243],[0.312391,-0.119323,0.94243]]],"btipPosition":[-100.148,259.313,-30.0381],"carpPosition":[-64.5899,246.549,65.5464],"dipPosition":[-92.9157,256.551,-8.22101],"direction":[-0.0170268,0.0727109,-0.997208],"extended":false,"handId":359,"id":3590,"length":51.5512,"mcpPosition":[-64.5899,246.549,65.5464],"pipPosition":[-92.3415,254.098,25.4107],"stabilizedTipPosition":[-106.649,252.392,-14.9884],"timeVisible":12.3829,"tipPosition":[-97.7167,258.242,-25.0868],"tipVelocity":[173.203,143.572,-232.997],"tool":false,"touchDistance":-0.548637,"touchZone":"hovering","type":0,"width":20.0304},{"bases":[[[0.985127,0.0980393,-0.141112],[-0.00763228,0.845404,0.534073],[0.171657,-0.525053,0.833579]],[[0.966858,0.142543,-0.211819],[-0.000528577,0.830754,0.55664],[0.255315,-0.53808,0.803296]],[[0.966858,0.142543,-0.211819],[-0.153199,0.987586,-0.0346915],[0.204245,0.0659923,0.976693]],[[0.966858,0.142543,-0.211819],[-0.234211,0.825464,-0.513571],[0.101643,0.546161,0.831491]]],"btipPosition":[-86.2419,318.289,-62.1857],"carpPosition":[-56.2992,268.021,70.0161],"dipPosition":[-84.5241,327.519,-48.1332],"direction":[-0.204245,-0.0659923,-0.976693],"extended":true,"handId":359,"id":3591,"length":58.1698,"mcpPosition":[-68.7909,306.23,9.35511],"pipPosition":[-79.6409,329.097,-24.7822],"stabilizedTipPosition":[-89.3697,318.248,-52.1697],"timeVisible":12.3829,"tipPosition":[-85.2503,318.13,-58.2889],"tipVelocity":[214.094,177.861,-365.55],"tool":false,"touchDistance":-0.646573,"touchZone":"hovering","type":1,"width":19.133},{"bases":[[[0.986032,-0.119366,-0.11616],[0.162796,0.838075,0.520699],[0.0351971,-0.532336,0.845801]],[[0.985828,-0.116499,-0.12071],[0.011997,0.766661,-0.64194],[0.167329,0.631394,0.757194]],[[0.985828,-0.116499,-0.12071],[-0.165587,-0.560355,-0.811531],[0.0269023,0.820018,-0.571705]],[[0.985828,-0.116499,-0.12071],[-0.143835,-0.957297,-0.250786],[-0.0863388,0.264594,-0.960487]]],"btipPosition":[-54.1012,249.582,8.19296],"carpPosition":[-44.5425,270.932,68.7295],"dipPosition":[-55.7061,254.5,-9.66078],"direction":[-0.0269023,-0.820018,0.571705],"extended":false,"handId":359,"id":3592,"length":66.2798,"mcpPosition":[-46.9715,307.669,10.3596],"pipPosition":[-54.9494,277.566,-25.7417],"stabilizedTipPosition":[-57.6989,248.311,8.30951],"timeVisible":12.3829,"tipPosition":[-54.4828,251.12,3.4615],"tipVelocity":[160.64,124.838,-200.73],"tool":false,"touchDistance":0.333333,"touchZone":"none","type":2,"width":18.7912},{"bases":[[[0.965368,-0.259238,-0.029347],[0.233866,0.810008,0.537767],[-0.115638,-0.526006,0.842583]],[[0.963242,-0.268221,-0.0148915],[0.181339,0.690125,-0.700603],[0.198194,0.67215,0.713396]],[[0.963242,-0.268221,-0.0148915],[-0.179379,-0.600945,-0.778902],[0.199969,0.752943,-0.626968]],[[0.963242,-0.268221,-0.0148915],[-0.264469,-0.937122,-0.227726],[0.0471259,0.223294,-0.973611]]],"btipPosition":[-40.4473,248.794,18.5402],"carpPosition":[-32.5028,270.667,67.1022],"dipPosition":[-39.5764,252.921,0.546497],"direction":[-0.199969,-0.752943,0.626968],"extended":false,"handId":359,"id":3593,"length":63.7298,"mcpPosition":[-25.3377,303.259,14.8952],"pipPosition":[-34.0969,273.553,-16.6334],"stabilizedTipPosition":[-42.3066,247.985,17.6901],"timeVisible":12.3829,"tipPosition":[-40.1185,250.083,13.53],"tipVelocity":[153.557,133.026,-201.864],"tool":false,"touchDistance":0.333333,"touchZone":"none","type":3,"width":17.881},{"bases":[[[0.893495,-0.448624,-0.0200785],[0.370028,0.710152,0.598969],[-0.254453,-0.542605,0.800521]],[[0.836102,-0.535618,0.118519],[0.48075,0.611361,-0.628583],[0.264222,0.582538,0.768659]],[[0.836102,-0.535618,0.118519],[-0.214994,-0.518707,-0.827478],[0.504689,0.666375,-0.548847]],[[0.836102,-0.535618,0.118519],[-0.48114,-0.819784,-0.310578],[0.263512,0.20265,-0.94313]]],"btipPosition":[-29.7791,257.817,17.7725],"carpPosition":[-20.8753,263.417,63.8733],"dipPosition":[-25.2863,261.272,1.69229],"direction":[-0.504689,-0.666375,0.548847],"extended":false,"handId":359,"id":3594,"length":49.963,"mcpPosition":[-6.2808,294.539,17.9583],"pipPosition":[-15.5222,274.164,-8.92609],"stabilizedTipPosition":[-30.846,257.102,17.2556],"timeVisible":12.3829,"tipPosition":[-28.563,258.957,13.1296],"tipVelocity":[163.343,123.546,-202.601],"tool":false,"touchDistance":0.333333,"touchZone":"none","type":4,"width":15.8833}],"r":[[0.94887,-0.227476,0.218863],[0.228918,0.973258,0.0190945],[-0.217354,0.0319835,0.975569]],"s":0.978397,"t":[52.7186,28.1868,-120.009],"timestamp":15326866684},false],[1,{"currentFrameRate":106.633,"devices":[],"gestures":[],"hands":[{"armBasis":[[0.947302,0.132366,-0.291715],[-0.00543326,0.917147,0.398512],[0.320295,-0.375926,0.869535]],"armWidth":63.029,"confidence":0.734191,"direction":[-0.00242198,0.6556,-0.755105],"elbow":[50.3895,157.161,300.531],"grabStrength":0.382993,"id":359,"palmNormal":[0.00493359,-0.75509,-0.655603],"palmPosition":[-42.8007,289.312,25.1565],"palmVelocity":[169.876,154.895,-231.081],"palmWidth":90.0033,"pinchStrength":0.265469,"r":[[0.946949,-0.227157,0.227347],[0.230531,0.972991,0.0119643],[-0.223924,0.0410809,0.97374]],"s":0.983232,"sphereCenter":[-64.0667,276.156,-13.2984],"sphereRadius":46.992,"stabilizedPalmPosition":[-49.0567,283.906,33.0735],"t":[54.0714,29.4381,-122.077],"timeVisible":12.392,"type":"right","wrist":[-35.1524,257.56,68.302]}],"id":1166991,"interactionBox":{"center":[0,200,0],"size":[235.247,235.247,147.751]},"pointables":[{"bases":[[[0.397506,0.80544,0.439609],[-0.806043,0.0775534,0.586754],[0.438502,-0.587582,0.680047]],[[0.152586,0.985095,0.0794082],[-0.819487,0.0812026,0.567316],[0.552412,-0.151638,0.819662]],[[0.152586,0.985095,0.0794082],[-0.988286,0.151866,0.0150559],[0.00277205,-0.0807753,0.996728]],[[0.152586,0.985095,0.0794082],[-0.943962,0.121476,0.306887],[0.292667,-0.121785,0.948427]]],"btipPosition":[-97.4348,260.156,-32.2287],"carpPosition":[-63.29,247.125,63.8146],"dipPosition":[-90.6596,257.336,-10.2728],"direction":[-0.00277205,0.0807753,-0.996728],"extended":false,"handId":359,"id":3590,"length":51.5512,"mcpPosition":[-63.29,247.125,63.8146],"pipPosition":[-90.5661,254.612,23.3427],"stabilizedTipPosition":[-104.437,253.853,-17.4917],"timeVisible":12.392,"tipPosition":[-95.2111,258.992,-27.2361],"tipVelocity":[205.145,129.421,-234.81],"tool":false,"touchDistance":-0.554487,"touchZone":"hovering","type":0,"width":20.0304},{"bases":[[[0.985382,0.115314,-0.125398],[-0.0301395,0.842475,0.537892],[0.167671,-0.52625,0.833635]],[[0.967128,0.160519,-0.197224],[-0.0231838,0.828013,0.56023],[0.253231,-0.537242,0.804516]],[[0.967128,0.160519,-0.197224],[-0.167884,0.985581,-0.021095],[0.190994,0.0535122,0.980132]],[[0.967128,0.160519,-0.197224],[-0.239618,0.834913,-0.495484],[0.0851297,0.526454,0.845931]]],"btipPosition":[-84.4016,319.661,-64.0704],"carpPosition":[-55.4333,268.711,68.5137],"dipPosition":[-82.9628,328.559,-49.7739],"direction":[-0.190994,-0.0535122,-0.980132],"extended":true,"handId":359,"id":3591,"length":58.1698,"mcpPosition":[-67.635,307.007,7.84853],"pipPosition":[-78.3965,329.838,-26.3406],"stabilizedTipPosition":[-87.8699,319.227,-54.6073],"timeVisible":12.392,"tipPosition":[-83.4462,319.525,-60.1326],"tipVelocity":[209.432,168.508,-320.859],"tool":false,"touchDistance":-0.637677,"touchZone":"hovering","type":1,"width":19.133},{"bases":[[[0.989579,-0.102167,-0.101466],[0.140574,0.838083,0.52712],[0.0311826,-0.53589,0.843712]],[[0.9894,-0.0993244,-0.105937],[0.00885864,0.76943,-0.63867],[0.144946,0.630961,0.762154]],[[0.9894,-0.0993244,-0.105937],[-0.143548,-0.558669,-0.816874],[0.0219522,0.823422,-0.567004]],[[0.9894,-0.0993244,-0.105937],[-0.123875,-0.957965,-0.258763],[-0.0757819,0.269143,-0.960114]]],"btipPosition":[-51.9806,250.561,6.65479],"carpPosition":[-43.7091,271.825,67.4228],"dipPosition":[-53.3893,255.564,-11.192],"direction":[-0.0219522,-0.823422,0.567004],"extended":false,"handId":359,"id":3592,"length":66.2798,"mcpPosition":[-45.8611,308.808,9.19701],"pipPosition":[-52.7718,278.725,-27.1407],"stabilizedTipPosition":[-56.1585,249.282,6.66478],"timeVisible":12.392,"tipPosition":[-52.3117,252.129,1.94343],"tipVelocity":[182.552,120.987,-192.433],"tool":false,"touchDistance":0.333333,"touchZone":"none","type":2,"width":18.7912},{"bases":[[[0.96995,-0.242799,-0.0156464],[0.211838,0.811132,0.545151],[-0.119671,-0.532084,0.838192]],[[0.967736,-0.251963,-0.00115209],[0.180648,0.697003,-0.69394],[0.17565,0.671343,0.720032]],[[0.967736,-0.251963,-0.00115209],[-0.156844,-0.598816,-0.785378],[0.197196,0.76022,-0.619015]],[[0.967736,-0.251963,-0.00115209],[-0.244997,-0.939896,-0.237848],[0.058846,0.230457,-0.971302]]],"btipPosition":[-38.4821,249.979,17.1367],"carpPosition":[-31.643,271.771,65.9806],"dipPosition":[-37.3945,254.238,-0.814271],"direction":[-0.197196,-0.76022,0.619015],"extended":false,"handId":359,"id":3593,"length":63.7298,"mcpPosition":[-24.2281,304.74,14.0456],"pipPosition":[-31.991,275.07,-17.7763],"stabilizedTipPosition":[-40.9721,248.959,16.1566],"timeVisible":12.392,"tipPosition":[-38.0974,251.3,12.2003],"tipVelocity":[172.822,133.537,-188.895],"tool":false,"touchDistance":0.333333,"touchZone":"none","type":3,"width":17.881},{"bases":[[[0.901156,-0.433413,-0.00838782],[0.348711,0.713277,0.607977],[-0.257522,-0.550807,0.79391]],[[0.843276,-0.521872,0.128591],[0.479693,0.622833,-0.61804],[0.242447,0.582862,0.775559]],[[0.843276,-0.521872,0.128591],[-0.193199,-0.517571,-0.833543],[0.501558,0.678063,-0.537281]],[[0.843276,-0.521872,0.128591],[-0.462045,-0.826096,-0.322615],[0.274592,0.212639,-0.937755]]],"btipPosition":[-27.9409,259.197,16.6191],"carpPosition":[-19.8464,264.734,62.8975],"dipPosition":[-23.2591,262.822,0.630526],"direction":[-0.501558,-0.678063,0.537281],"extended":false,"handId":359,"id":3594,"length":49.963,"mcpPosition":[-5.07585,296.326,17.3617],"pipPosition":[-13.5556,275.94,-9.76408],"stabilizedTipPosition":[-29.5053,258.088,15.8031],"timeVisible":12.392,"tipPosition":[-26.6782,260.383,12.0295],"tipVelocity":[175.848,132.884,-181.458],"tool":false,"touchDistance":0.333333,"touchZone":"none","type":4,"width":15.8833}],"r":[[0.946949,-0.227157,0.227347],[0.230531,0.972991,0.0119643],[-0.223924,0.0410809,0.97374]],"s":0.983232,"t":[54.0714,29.4381,-122.077],"timestamp":15326875694},false],[2,{"currentFrameRate":106.843,"devices":[],"gestures":[],"hands":[{"armBasis":[[0.948903,0.138841,-0.283385],[-0.0158138,0.917806,0.396715],[0.315173,-0.371962,0.873104]],"armWidth":63.029,"confidence":0.756222,"direction":[-0.00103335,0.670575,-0.741841],"elbow":[50.1247,158.411,300.311],"grabStrength":0.348954,"id":359,"palmNormal":[0.0163481,-0.741731,-0.670499],"palmPosition":[-41.5736,290.304,24.5627],"palmVelocity":[160.795,142.722,-185.904],"palmWidth":90.0033,"pinchStrength":0.268354,"r":[[0.945312,-0.226328,0.234862],[0.230345,0.973052,0.0105618],[-0.230923,0.0441152,0.971971]],"s":0.988088,"sphereCenter":[-62.7363,277.86,-14.3271],"sphereRadius":47.1744,"stabilizedPalmPosition":[-47.4787,285.255,31.2788],"t":[55.3613,30.5595,-123.408],"timeVisible":12.4009,"type":"right","wrist":[-34.0492,257.751,67.1297]}],"id":1166992,"interactionBox":{"center":[0,200,0],"size":[235.247,235.247,147.751]},"pointables":[{"bases":[[[0.38752,0.799434,0.459058],[-0.811594,0.0596926,0.581165],[0.4372,-0.597781,0.671948]],[[0.145417,0.984099,0.101995],[-0.824309,0.0634988,0.562569],[0.547147,-0.165882,0.820435]],[[0.145417,0.984099,0.101995],[-0.989357,0.145179,0.00978802],[-0.00517511,-0.102333,0.994737]],[[0.145417,0.984099,0.101995],[-0.948804,0.109494,0.296281],[0.280402,-0.139857,0.949639]]],"btipPosition":[-95.399,262.076,-33.852],"carpPosition":[-62.0662,247.196,62.1903],"dipPosition":[-88.9077,258.838,-11.8681],"direction":[0.00517511,0.102333,-0.994737],"extended":false,"handId":359,"id":3590,"length":51.5512,"mcpPosition":[-62.0662,247.196,62.1903],"pipPosition":[-89.0823,255.387,21.6803],"stabilizedTipPosition":[-102.275,255.389,-19.8126],"timeVisible":12.4009,"tipPosition":[-93.3037,260.792,-28.8589],"tipVelocity":[209.092,149.633,-219.836],"tool":false,"touchDistance":-0.551625,"touchZone":"hovering","type":0,"width":20.0304},{"bases":[[[0.985498,0.125229,-0.114505],[-0.0412216,0.831266,0.554344],[0.164604,-0.541584,0.824374]],[[0.967116,0.172558,-0.186844],[-0.0332032,0.814006,0.579907],[0.25216,-0.554633,0.792967]],[[0.967116,0.172558,-0.186844],[-0.171551,0.984937,0.0216707],[0.187769,0.0110952,0.982151]],[[0.967116,0.172558,-0.186844],[-0.239949,0.862616,-0.44533],[0.0843291,0.475519,0.875654]]],"btipPosition":[-83.0254,323.423,-64.5819],"carpPosition":[-54.4165,268.742,67.388],"dipPosition":[-81.6002,331.459,-49.783],"direction":[-0.187769,-0.0110952,-0.982151],"extended":true,"handId":359,"id":3591,"length":58.1698,"mcpPosition":[-66.3951,308.154,7.39689],"pipPosition":[-77.111,331.724,-26.3015],"stabilizedTipPosition":[-86.4392,320.899,-56.4248],"timeVisible":12.4009,"tipPosition":[-82.0458,323.046,-60.589],"tipVelocity":[193.969,231.107,-245.05],"tool":false,"touchDistance":-0.608182,"touchZone":"hovering","type":1,"width":19.133},{"bases":[[[0.991167,-0.0926498,-0.0948896],[0.129606,0.828379,0.544969],[0.0281132,-0.552454,0.833069]],[[0.991013,-0.0898654,-0.0990854],[0.00879505,0.7829,-0.622085],[0.133478,0.615623,0.776654]],[[0.991013,-0.0898654,-0.0990854],[-0.132096,-0.540701,-0.830779],[0.0210826,0.836401,-0.547712]],[[0.991013,-0.0898654,-0.0990854],[-0.114585,-0.952497,-0.282169],[-0.0690213,0.290987,-0.954234]]],"btipPosition":[-50.3219,251.805,5.08464],"carpPosition":[-42.7078,271.966,66.4615],"dipPosition":[-51.6049,257.214,-12.6529],"direction":[-0.0210826,-0.836401,0.547713],"extended":false,"handId":359,"id":3592,"length":66.2798,"mcpPosition":[-44.6479,310.092,8.97015],"pipPosition":[-51.0119,280.74,-28.059],"stabilizedTipPosition":[-54.6408,250.314,5.1147],"timeVisible":12.4009,"tipPosition":[-50.613,253.474,0.482898],"tipVelocity":[184.055,128.667,-186.875],"tool":false,"touchDistance":0.333333,"touchZone":"none","type":2,"width":18.7912},{"bases":[[[0.971892,-0.235119,-0.0120726],[0.200919,0.801609,0.563076],[-0.122713,-0.549674,0.826317]],[[0.969605,-0.244663,0.00232967],[0.181617,0.713308,-0.67691],[0.163953,0.656759,0.736062]],[[0.969605,-0.244663,0.00232967],[-0.144908,-0.581893,-0.800251],[0.197147,0.77559,-0.599661]],[[0.969605,-0.244663,0.00232967],[-0.235576,-0.936083,-0.261253],[0.0660996,0.252763,-0.965268]]],"btipPosition":[-36.8961,251.141,15.665],"carpPosition":[-30.6298,272.032,65.1234],"dipPosition":[-35.6745,255.812,-2.17453],"direction":[-0.197147,-0.77559,0.599661],"extended":false,"handId":359,"id":3593,"length":63.7298,"mcpPosition":[-23.0264,306.09,13.9241],"pipPosition":[-30.2723,277.065,-18.6062],"stabilizedTipPosition":[-39.6214,249.968,14.7322],"timeVisible":12.4009,"tipPosition":[-36.4796,252.565,10.8517],"tipVelocity":[174.828,135.31,-181.289],"tool":false,"touchDistance":0.333333,"touchZone":"none","type":3,"width":17.881},{"bases":[[[0.90451,-0.426353,-0.00922358],[0.338002,0.703548,0.62512],[-0.260033,-0.568544,0.780474]],[[0.846297,-0.517797,0.125168],[0.479968,0.639222,-0.600854],[0.23111,0.568578,0.789498]],[[0.846297,-0.517797,0.125168],[-0.181578,-0.501285,-0.846016],[0.50081,0.693253,-0.518257]],[[0.846297,-0.517797,0.125168],[-0.452433,-0.82268,-0.344241],[0.281221,0.2347,-0.9305]]],"btipPosition":[-26.4059,260.457,15.5158],"carpPosition":[-18.7533,265.147,62.0028],"dipPosition":[-21.6111,264.458,-0.349157],"direction":[-0.50081,-0.693253,0.518257],"extended":false,"handId":359,"id":3594,"length":49.963,"mcpPosition":[-3.83881,297.757,17.2376],"pipPosition":[-11.9221,277.87,-10.3757],"stabilizedTipPosition":[-28.1384,259.158,14.5228],"timeVisible":12.4009,"tipPosition":[-25.1195,261.745,11.0038],"tipVelocity":[175.322,137.579,-164.559],"tool":false,"touchDistance":0.333333,"touchZone":"none","type":4,"width":15.8833}],"r":[[0.945312,-0.226328,0.234862],[0.230345,0.973052,0.0105618],[-0.230923,0.0441152,0.971971]],"s":0.988088,"t":[55.3613,30.5595,-123.408],"timestamp":15326884669},false],[3,{"currentFrameRate":106.773,"devices":[],"gestures":[],"hands":[{"armBasis":[[0.950085,0.142136,-0.277734],[-0.0212953,0.917664,0.396787],[0.311264,-0.371066,0.874885]],"armWidth":63.029,"confidence":0.774134,"direction":[0.000894274,0.682978,-0.730439],"elbow":[50.2801,158.812,299.738],"grabStrength":0.295913,"id":359,"palmNormal":[0.0229375,-0.730261,-0.682783],"palmPosition":[-40.2422,291.152,24.0238],"palmVelocity":[154.883,127.391,-148.803],"palmWidth":90.0033,"pinchStrength":0.271382,"r":[[0.943842,-0.225778,0.241218],[0.229487,0.973225,0.0129873],[-0.237691,0.0430984,0.970384]],"s":0.993793,"sphereCenter":[-61.639,279.5,-15.1794],"sphereRadius":47.4653,"stabilizedPalmPosition":[-45.8695,286.566,29.6654],"t":[56.672,31.5443,-124.343],"timeVisible":12.4104,"type":"right","wrist":[-32.8499,257.913,66.0804]}],"id":1166993,"interactionBox":{"center":[0,200,0],"size":[235.247,235.247,147.751]},"pointables":[{"bases":[[[0.38195,0.792932,0.474734],[-0.815189,0.0470485,0.577281],[0.435409,-0.60749,0.66436]],[[0.141977,0.982519,0.120413],[-0.827404,0.0510192,0.559285],[0.543364,-0.179036,0.820184]],[[0.141977,0.982519,0.120413],[-0.989815,0.142199,0.00679648],[-0.0104449,-0.120152,0.992701]],[[0.141977,0.982519,0.120413],[-0.952498,0.102493,0.286781],[0.269426,-0.15541,0.950398]]],"btipPosition":[-93.5136,263.835,-35.1803],"carpPosition":[-60.7994,247.345,60.7986],"dipPosition":[-87.2764,260.237,-13.1787],"direction":[0.0104449,0.120152,-0.992701],"extended":false,"handId":359,"id":3590,"length":51.5512,"mcpPosition":[-60.7994,247.345,60.7986],"pipPosition":[-87.6287,256.185,20.301],"stabilizedTipPosition":[-99.996,257.091,-22.1161],"timeVisible":12.4104,"tipPosition":[-91.5362,262.461,-30.1835],"tipVelocity":[204.299,157.372,-196.747],"tool":false,"touchDistance":-0.544659,"touchZone":"hovering","type":0,"width":20.0304},{"bases":[[[0.985694,0.130588,-0.106555],[-0.047453,0.821654,0.568007],[0.161726,-0.554825,0.816097]],[[0.967381,0.179467,-0.178791],[-0.0373668,0.799141,0.599982],[0.250556,-0.57373,0.779779]],[[0.967381,0.179467,-0.178791],[-0.168103,0.982763,0.0769298],[0.189516,-0.0443651,0.980875]],[[0.967381,0.179467,-0.178791],[-0.235536,0.897026,-0.373989],[0.0932619,0.403901,0.910036]]],"btipPosition":[-81.7818,327.819,-64.9543],"carpPosition":[-53.2578,268.827,66.4034],"dipPosition":[-80.2057,334.645,-49.5744],"direction":[-0.189516,0.0443651,-0.980875],"extended":true,"handId":359,"id":3591,"length":58.1698,"mcpPosition":[-65.0269,309.203,7.01458],"pipPosition":[-75.6747,333.584,-26.1233],"stabilizedTipPosition":[-84.8758,323.543,-57.9796],"timeVisible":12.4104,"tipPosition":[-80.757,327.02,-60.8895],"tipVelocity":[176.922,289.302,-181.877],"tool":false,"touchDistance":-0.579279,"touchZone":"hovering","type":1,"width":19.133},{"bases":[[[0.992032,-0.0875699,-0.0905773],[0.123436,0.819523,0.559595],[0.0252265,-0.566317,0.823802]],[[0.9919,-0.0848557,-0.0945231],[0.0100041,0.79401,-0.607822],[0.126629,0.601953,0.788427]],[[0.9919,-0.0848557,-0.0945231],[-0.125129,-0.524662,-0.842065],[0.0218613,0.847071,-0.53103]],[[0.9919,-0.0848557,-0.0945231],[-0.109782,-0.947008,-0.301867],[-0.063899,0.309799,-0.948653]]],"btipPosition":[-48.761,252.905,3.72889],"carpPosition":[-41.5555,272.107,65.6005],"dipPosition":[-49.9488,258.663,-13.9049],"direction":[-0.0218613,-0.847071,0.53103],"extended":false,"handId":359,"id":3592,"length":66.2798,"mcpPosition":[-43.2965,311.19,8.74872],"pipPosition":[-49.3339,282.49,-28.8417],"stabilizedTipPosition":[-53.0713,251.41,3.59145],"timeVisible":12.4104,"tipPosition":[-49.021,254.656,-0.771544],"tipVelocity":[179.068,127.405,-173.487],"tool":false,"touchDistance":0.333333,"touchZone":"none","type":2,"width":18.7912},{"bases":[[[0.972785,-0.231482,-0.010286],[0.194738,0.792701,0.577669],[-0.125566,-0.563951,0.816206]],[[0.970409,-0.24143,0.00416621],[0.184143,0.728768,-0.659537],[0.156196,0.640788,0.751661]],[[0.970409,-0.24143,0.00416621],[-0.136638,-0.563266,-0.8149],[0.199088,0.790217,-0.579587]],[[0.970409,-0.24143,0.00416621],[-0.230359,-0.930808,-0.283781],[0.0723913,0.274424,-0.95888]]],"btipPosition":[-35.3863,252.136,14.1456],"carpPosition":[-29.4702,272.238,64.335],"dipPosition":[-34.0485,257.208,-3.57579],"direction":[-0.199088,-0.790217,0.579587],"extended":false,"handId":359,"id":3593,"length":63.7298,"mcpPosition":[-21.69,307.181,13.7623],"pipPosition":[-28.5931,278.861,-19.4574],"stabilizedTipPosition":[-38.2186,250.998,13.2924],"timeVisible":12.4104,"tipPosition":[-34.9477,253.639,9.55093],"tipVelocity":[171.091,129.328,-174.355],"tool":false,"touchDistance":0.333333,"touchZone":"none","type":3,"width":17.881},{"bases":[[[0.906076,-0.422971,-0.0110553],[0.331807,0.694088,0.638863],[-0.262547,-0.582526,0.769241]],[[0.847548,-0.516701,0.121175],[0.481414,0.652394,-0.58534],[0.223392,0.554438,0.801682]],[[0.847548,-0.516701,0.121175],[-0.173184,-0.485089,-0.857144],[0.501668,0.705485,-0.50062]],[[0.847548,-0.516701,0.121175],[-0.446471,-0.81761,-0.363563],[0.286927,0.254036,-0.923655]]],"btipPosition":[-24.9033,261.488,14.4424],"carpPosition":[-17.551,265.448,61.1692],"dipPosition":[-20.0112,265.819,-1.30579],"direction":[-0.501668,-0.705485,0.50062],"extended":false,"handId":359,"id":3594,"length":49.963,"mcpPosition":[-2.49229,298.86,17.0483],"pipPosition":[-10.3056,279.468,-10.9911],"stabilizedTipPosition":[-26.681,260.269,13.2852],"timeVisible":12.4104,"tipPosition":[-23.6055,262.855,10.0524],"tipVelocity":[171.095,131.544,-148.948],"tool":false,"touchDistance":0.333333,"touchZone":"none","type":4,"width":15.8833}],"r":[[0.943842,-0.225778,0.241218],[0.229487,0.973225,0.0129873],[-0.237691,0.0430984,0.970384]],"s":0.993793,"t":[56.672,31.5443,-124.343],"timestamp":15326894164},false],[4,{"currentFrameRate":107.125,"devices":[],"gestures":[],"hands":[{"armBasis":[[0.950151,0.142475,-0.277334],[-0.0237514,0.919978,0.391249],[0.310884,-0.365158,0.877502]],"armWidth":63.029,"confidence":0.790762,"direction":[0.00338414,0.691567,-0.722305],"elbow":[51.3446,160.911,299.388],"grabStrength":0.252061,"id":359,"palmNormal":[0.0266703,-0.722114,-0.69126],"palmPosition":[-38.9265,292.161,23.339],"palmVelocity":[153.952,124.367,-130.141],"palmWidth":90.0033,"pinchStrength":0.273195,"r":[[0.942466,-0.225729,0.246586],[0.228572,0.973371,0.0174246],[-0.243953,0.0399405,0.968964]],"s":0.999831,"sphereCenter":[-60.7178,281.221,-16.0298],"sphereRadius":47.7602,"stabilizedPalmPosition":[-44.4021,287.749,28.3283],"t":[57.9851,32.5411,-125.152],"timeVisible":12.4191,"type":"right","wrist":[-31.6839,258.434,65.0319]}],"id":1166994,"interactionBox":{"center":[0,200,0],"size":[235.247,235.247,147.751]},"pointables":[{"bases":[[[0.379058,0.787636,0.485741],[-0.817751,0.0394246,0.57422],[0.433126,-0.614878,0.659034]],[[0.140482,0.98115,0.132698],[-0.829644,0.0435111,0.556595],[0.54033,-0.188284,0.820118]],[[0.140482,0.98115,0.132698],[-0.989972,0.141204,0.00400005],[-0.014813,-0.13193,0.991148]],[[0.140482,0.98115,0.132698],[-0.955666,0.0993446,0.277187],[0.258779,-0.165755,0.951608]]],"btipPosition":[-91.7697,265.485,-36.4482],"carpPosition":[-59.5992,247.902,59.5031],"dipPosition":[-85.7791,261.648,-14.4186],"direction":[0.014813,0.13193,-0.991148],"extended":false,"handId":359,"id":3590,"length":51.5512,"mcpPosition":[-59.5992,247.902,59.5031],"pipPosition":[-86.2786,257.199,19.0087],"stabilizedTipPosition":[-97.9114,258.722,-24.1272],"timeVisible":12.4191,"tipPosition":[-89.9126,264.084,-31.4346],"tipVelocity":[201.589,164.344,-182.993],"tool":false,"touchDistance":-0.537448,"touchZone":"hovering","type":0,"width":20.0304},{"bases":[[[0.986016,0.1328,-0.100685],[-0.050778,0.814834,0.577466],[0.158729,-0.564277,0.810183]],[[0.96779,0.182908,-0.172992],[-0.0383502,0.786228,0.616746],[0.248819,-0.590246,0.767918]],[[0.96779,0.182908,-0.172992],[-0.162986,0.978906,0.123201],[0.191878,-0.0910376,0.977187]],[[0.96779,0.182908,-0.172992],[-0.23003,0.921693,-0.31236],[0.102313,0.342092,0.93408]]],"btipPosition":[-80.5457,331.865,-65.347],"carpPosition":[-52.1042,269.323,65.3944],"dipPosition":[-78.8166,337.647,-49.5608],"direction":[-0.191878,0.0910376,-0.977187],"extended":true,"handId":359,"id":3591,"length":58.1698,"mcpPosition":[-63.6552,310.387,6.43595],"pipPosition":[-74.2291,335.47,-26.1979],"stabilizedTipPosition":[-83.3624,326.633,-59.1757],"timeVisible":12.4191,"tipPosition":[-79.4955,330.744,-61.2929],"tipVelocity":[168.754,328.926,-142.578],"tool":false,"touchDistance":-0.554174,"touchZone":"hovering","type":1,"width":19.133},{"bases":[[[0.992508,-0.0855253,-0.0872592],[0.120148,0.812969,0.569777],[0.0222086,-0.575992,0.817153]],[[0.992393,-0.0828305,-0.0910799],[0.0119039,0.80091,-0.598666],[0.122535,0.593027,0.795804]],[[0.992393,-0.0828305,-0.0910799],[-0.120856,-0.514501,-0.84893],[0.0234566,0.85348,-0.520597]],[[0.992393,-0.0828305,-0.0910799],[-0.107572,-0.943205,-0.314312],[-0.0598725,0.321719,-0.94494]]],"btipPosition":[-47.3236,254.113,2.55466],"carpPosition":[-40.4019,272.624,64.6816],"dipPosition":[-48.4365,260.093,-15.0101],"direction":[-0.0234566,-0.85348,0.520597],"extended":false,"handId":359,"id":3592,"length":66.2798,"mcpPosition":[-41.9346,312.374,8.28863],"pipPosition":[-47.7767,284.1,-29.6535],"stabilizedTipPosition":[-51.6559,252.461,2.28298],"timeVisible":12.4191,"tipPosition":[-47.5632,255.922,-1.91348],"tipVelocity":[175.95,132.072,-162.771],"tool":false,"touchDistance":0.333333,"touchZone":"none","type":2,"width":18.7912},{"bases":[[[0.973058,-0.230395,-0.00875952],[0.191398,0.786005,0.587846],[-0.128552,-0.573684,0.808926]],[[0.970614,-0.240576,0.00564847],[0.186934,0.738999,-0.647253],[0.151539,0.629288,0.762254]],[[0.970614,-0.240576,0.00564847],[-0.131505,-0.549929,-0.824793],[0.201531,0.799813,-0.565406]],[[0.970614,-0.240576,0.00564847],[-0.227898,-0.926496,-0.299444],[0.0772723,0.289357,-0.954097]]],"btipPosition":[-33.9938,253.252,12.7873],"carpPosition":[-28.3113,272.781,63.4707],"dipPosition":[-32.5657,258.6,-4.84578],"direction":[-0.201531,-0.799813,0.565406],"extended":false,"handId":359,"id":3593,"length":63.7298,"mcpPosition":[-20.3461,308.327,13.3491],"pipPosition":[-27.0434,280.516,-20.3388],"stabilizedTipPosition":[-36.9596,251.961,12.0314],"timeVisible":12.4191,"tipPosition":[-33.5404,254.804,8.33849],"tipVelocity":[168.832,131.034,-168.918],"tool":false,"touchDistance":0.333333,"touchZone":"none","type":3,"width":17.881},{"bases":[[[0.906549,-0.421927,-0.0120842],[0.3283,0.68681,0.648469],[-0.265307,-0.591836,0.761145]],[[0.847458,-0.517372,0.11892],[0.484615,0.662522,-0.571151],[0.21671,0.541656,0.812185]],[[0.847458,-0.517372,0.11892],[-0.165591,-0.470463,-0.866744],[0.504376,0.714837,-0.484369]],[[0.847458,-0.517372,0.11892],[-0.442606,-0.812297,-0.379832],[0.293113,0.269257,-0.91738]]],"btipPosition":[-23.4896,262.622,13.226],"carpPosition":[-16.3715,266.041,60.2771],"dipPosition":[-18.492,267.212,-2.41527],"direction":[-0.504376,-0.714837,0.484369],"extended":false,"handId":359,"id":3594,"length":49.963,"mcpPosition":[-1.1544,299.987,16.6206],"pipPosition":[-8.734,281.042,-11.7862],"stabilizedTipPosition":[-25.3475,261.316,12.1619],"timeVisible":12.4191,"tipPosition":[-22.1875,264.03,9.00821],"tipVelocity":[169.592,133.089,-145.8],"tool":false,"touchDistance":0.333333,"touchZone":"none","type":4,"width":15.8833}],"r":[[0.942466,-0.225729,0.246586],[0.228572,0.973371,0.0174246],[-0.243953,0.0399405,0.968964]],"s":0.999831,"t":[57.9851,32.5411,-125.152],"timestamp":15326902855},false],[5,{"currentFrameRate":107.283,"devices":[],"gestures":[],"hands":[{"armBasis":[[0.952433,0.14066,-0.270343],[-0.0257604,0.921093,0.38849],[0.303656,-0.363047,0.880903]],"armWidth":63.029,"confidence":0.803782,"direction":[0.0058832,0.693078,-0.720839],"elbow":[50.7698,162.83,299.087],"grabStrength":0.213887,"id":359,"palmNormal":[0.0298483,-0.720652,-0.692655],"palmPosition":[-37.4231,293.599,22.1711],"palmVelocity":[157.39,133.981,-129.907],"palmWidth":90.0033,"pinchStrength":0.27529,"r":[[0.941164,-0.2257,0.251534],[0.227692,0.973495,0.0215598],[-0.249733,0.0369808,0.967608]],"s":1.00564,"sphereCenter":[-59.5491,282.941,-17.2784],"sphereRadius":48.0148,"stabilizedPalmPosition":[-42.6076,289.253,26.7452],"t":[59.3934,33.7588,-126.141],"timeVisible":12.4282,"type":"right","wrist":[-30.3283,259.79,63.8221]}],"id":1166995,"interactionBox":{"center":[0,200,0],"size":[235.247,235.247,147.751]},"pointables":[{"bases":[[[0.376662,0.78683,0.488901],[-0.820066,0.0377654,0.571021],[0.430834,-0.616013,0.659478]],[[0.139387,0.980951,0.135302],[-0.831741,0.0418293,0.553585],[0.537381,-0.189699,0.821728]],[[0.139387,0.980951,0.135302],[-0.990066,0.140602,0.000578519],[-0.0184563,-0.134039,0.990804]],[[0.139387,0.980951,0.135302],[-0.95727,0.0985195,0.271896],[0.253387,-0.167419,0.952767]]],"btipPosition":[-89.9925,267.016,-37.8864],"carpPosition":[-58.2152,249.253,58.1596],"dipPosition":[-84.1266,263.141,-15.8301],"direction":[0.0184563,0.134039,-0.990804],"extended":false,"handId":359,"id":3590,"length":51.5512,"mcpPosition":[-58.2152,249.253,58.1596],"pipPosition":[-84.7491,258.62,17.5857],"stabilizedTipPosition":[-95.7263,260.467,-26.1751],"timeVisible":12.4282,"tipPosition":[-88.1752,265.616,-32.864],"tipVelocity":[199.381,165.494,-176.258],"tool":false,"touchDistance":-0.533518,"touchZone":"hovering","type":0,"width":20.0304},{"bases":[[[0.986335,0.133562,-0.0964571],[-0.0535528,0.813596,0.578959],[0.155804,-0.565882,0.809631]],[[0.968206,0.184185,-0.169273],[-0.0393149,0.7803,0.624168],[0.247046,-0.597668,0.762733]],[[0.968206,0.184185,-0.169273],[-0.158489,0.975186,0.154573],[0.193543,-0.122831,0.973372]],[[0.968206,0.184185,-0.169273],[-0.224802,0.937457,-0.265778],[0.109734,0.295381,0.949057]]],"btipPosition":[-79.0746,335.19,-66.5173],"carpPosition":[-50.7561,270.667,64.1256],"dipPosition":[-77.2201,340.182,-50.4779],"direction":[-0.193543,0.122831,-0.973372],"extended":true,"handId":359,"id":3591,"length":58.1698,"mcpPosition":[-62.0942,311.847,5.20727],"pipPosition":[-72.5928,337.246,-27.2062],"stabilizedTipPosition":[-81.6499,330.158,-60.5025],"timeVisible":12.4282,"tipPosition":[-78.0171,333.884,-62.4893],"tipVelocity":[168.009,334.182,-137.214],"tool":false,"touchDistance":-0.54377,"touchZone":"hovering","type":1,"width":19.133},{"bases":[[[0.992897,-0.0847868,-0.0834618],[0.117403,0.811842,0.571952],[0.0192639,-0.577688,0.81603]],[[0.9928,-0.0821758,-0.087148],[0.0141631,0.802988,-0.595827],[0.118941,0.590303,0.798371]],[[0.9928,-0.0821758,-0.087148],[-0.117029,-0.510386,-0.851945],[0.0255302,0.85601,-0.516328]],[[0.9928,-0.0821758,-0.087148],[-0.105987,-0.941641,-0.319499],[-0.055807,0.326435,-0.943571]]],"btipPosition":[-45.734,255.553,1.14919],"carpPosition":[-39.0529,273.976,63.4665],"dipPosition":[-46.7713,261.621,-16.3901],"direction":[-0.0255302,-0.85601,0.516328],"extended":false,"handId":359,"id":3592,"length":66.2798,"mcpPosition":[-40.3823,313.843,7.15109],"pipPosition":[-46.0532,285.698,-30.9134],"stabilizedTipPosition":[-50.1368,253.661,0.901694],"timeVisible":12.4282,"tipPosition":[-45.9491,257.372,-3.24552],"tipVelocity":[176.489,140.203,-160.615],"tool":false,"touchDistance":0.333333,"touchZone":"none","type":2,"width":18.7912},{"bases":[[[0.973216,-0.229831,-0.0053436],[0.188596,0.784881,0.590249],[-0.131464,-0.575447,0.807204]],[[0.970719,-0.24005,0.00904194],[0.189839,0.743522,-0.6412],[0.147197,0.624141,0.767321]],[[0.970719,-0.24005,0.00904194],[-0.126519,-0.542893,-0.830217],[0.204202,0.804763,-0.557367]],[[0.970719,-0.24005,0.00904194],[-0.225711,-0.924327,-0.307692],[0.082219,0.296641,-0.951443]]],"btipPosition":[-32.4324,254.679,11.2344],"carpPosition":[-26.9576,274.142,62.3044],"dipPosition":[-30.9129,260.162,-6.34956],"direction":[-0.204202,-0.804763,0.557367],"extended":false,"handId":359,"id":3593,"length":63.7298,"mcpPosition":[-18.8121,309.797,12.2895],"pipPosition":[-25.3174,282.213,-21.6223],"stabilizedTipPosition":[-35.602,253.069,10.6836],"timeVisible":12.4282,"tipPosition":[-31.9658,256.245,6.94541],"tipVelocity":[170.581,139.405,-169.397],"tool":false,"touchDistance":0.333333,"touchZone":"none","type":3,"width":17.881},{"bases":[[[0.90683,-0.421393,-0.00933489],[0.32531,0.685635,0.651212],[-0.268016,-0.593576,0.758838]],[[0.846765,-0.517759,0.12213],[0.48923,0.667777,-0.561006],[0.20891,0.53479,0.818753]],[[0.846765,-0.517759,0.12213],[-0.156589,-0.462004,-0.872944],[0.508399,0.720054,-0.472284]],[[0.846765,-0.517759,0.12213],[-0.438762,-0.809563,-0.389995],[0.300795,0.276648,-0.912682]]],"btipPosition":[-21.9,264.109,11.6822],"carpPosition":[-15.0013,267.415,59.1446],"dipPosition":[-16.7715,268.825,-3.87896],"direction":[-0.508399,-0.720054,0.472284],"extended":false,"handId":359,"id":3594,"length":49.963,"mcpPosition":[0.37116,301.461,15.6204],"pipPosition":[-6.93563,282.756,-13.0161],"stabilizedTipPosition":[-23.8939,262.534,10.8869],"timeVisible":12.4282,"tipPosition":[-20.5913,265.507,7.67254],"tipVelocity":[172.268,142.66,-152.153],"tool":false,"touchDistance":0.333333,"touchZone":"none","type":4,"width":15.8833}],"r":[[0.941164,-0.2257,0.251534],[0.227692,0.973495,0.0215598],[-0.249733,0.0369808,0.967608]],"s":1.00564,"t":[59.3934,33.7588,-126.141],"timestamp":15326911888},false],[6,{"currentFrameRate":107.522,"devices":[],"gestures":[],"hands":[{"armBasis":[[0.955671,0.138346,-0.25991],[-0.0274794,0.920793,0.389082],[0.293152,-0.364693,0.883777]],"armWidth":63.029,"confidence":0.819749,"direction":[0.00887454,0.692329,-0.721527],"elbow":[49.2368,163.754,299.041],"grabStrength":0.185365,"id":359,"palmNormal":[0.0327985,-0.721369,-0.691774],"palmPosition":[-35.9773,294.919,21.293],"palmVelocity":[158.925,138.013,-121.537],"palmWidth":90.0033,"pinchStrength":0.277584,"r":[[0.939889,-0.225627,0.256324],[0.22694,0.973592,0.0248531],[-0.255162,0.034811,0.966271]],"s":1.01075,"sphereCenter":[-58.3384,284.398,-18.22],"sphereRadius":48.2096,"stabilizedPalmPosition":[-40.711,290.874,25.1855],"t":[60.8205,35.0276,-127.075],"timeVisible":12.437,"type":"right","wrist":[-29.0558,261.153,63.0085]}],"id":1166996,"interactionBox":{"center":[0,200,0],"size":[235.247,235.247,147.751]},"pointables":[{"bases":[[[0.374561,0.78736,0.489661],[-0.822461,0.03831,0.56753],[0.428092,-0.615302,0.661922]],[[0.138827,0.981077,0.134961],[-0.833864,0.0422874,0.550348],[0.534226,-0.188942,0.823956]],[[0.138827,0.981077,0.134961],[-0.990066,0.140566,-0.00339506],[-0.0223017,-0.133149,0.990845]],[[0.138827,0.981077,0.134961],[-0.95879,0.0990403,0.266295],[0.24789,-0.166368,0.954396]]],"btipPosition":[-88.2827,268.281,-38.9553],"carpPosition":[-56.9181,250.609,57.2398],"dipPosition":[-82.5441,264.429,-16.8612],"direction":[0.0223017,0.133149,-0.990845],"extended":false,"handId":359,"id":3590,"length":51.5512,"mcpPosition":[-56.9181,250.609,57.2398],"pipPosition":[-83.2962,259.939,16.5559],"stabilizedTipPosition":[-93.5753,262.168,-28.0648],"timeVisible":12.437,"tipPosition":[-86.502,266.89,-33.922],"tipVelocity":[196.71,159.454,-160.888],"tool":false,"touchDistance":-0.524403,"touchZone":"hovering","type":0,"width":20.0304},{"bases":[[[0.986725,0.13352,-0.0924499],[-0.0560302,0.814194,0.577883],[0.152431,-0.565031,0.810866]],[[0.968721,0.184472,-0.165982],[-0.0403167,0.77698,0.628233],[0.244855,-0.60189,0.760114]],[[0.968721,0.184472,-0.165982],[-0.154955,0.972112,0.176033],[0.193826,-0.144807,0.97029]],[[0.968721,0.184472,-0.165982],[-0.220233,0.947339,-0.232478],[0.114355,0.261761,0.958334]]],"btipPosition":[-77.5501,337.764,-67.4897],"carpPosition":[-49.4852,272.029,63.2148],"dipPosition":[-75.6175,342.188,-51.2936],"direction":[-0.193826,0.144807,-0.97029],"extended":true,"handId":359,"id":3591,"length":58.1698,"mcpPosition":[-60.5779,313.148,4.20663],"pipPosition":[-70.9834,338.726,-28.0956],"stabilizedTipPosition":[-79.8816,333.514,-61.7719],"timeVisible":12.437,"tipPosition":[-76.4967,336.358,-63.5016],"tipVelocity":[169.621,318.279,-128.644],"tool":false,"touchDistance":-0.531772,"touchZone":"touching","type":1,"width":19.133},{"bases":[[[0.993244,-0.0848146,-0.0792002],[0.114954,0.812443,0.571596],[0.0158659,-0.576839,0.816704]],[[0.993167,-0.0823431,-0.0826976],[0.0170465,0.803384,-0.595218],[0.11545,0.589741,0.799298]],[[0.993167,-0.0823431,-0.0826976],[-0.113237,-0.508579,-0.853537],[0.0282246,0.857069,-0.514428]],[[0.993167,-0.0823431,-0.0826976],[-0.10482,-0.940936,-0.321951],[-0.0513026,0.32842,-0.943137]]],"btipPosition":[-44.2192,256.817,0.131998],"carpPosition":[-37.7796,275.338,62.6015],"dipPosition":[-45.1728,262.922,-17.3993],"direction":[-0.0282246,-0.857069,0.514428],"extended":false,"handId":359,"id":3592,"length":66.2798,"mcpPosition":[-38.8745,315.147,6.2396],"pipPosition":[-44.3789,287.029,-31.8691],"stabilizedTipPosition":[-48.6084,254.884,-0.386307],"timeVisible":12.437,"tipPosition":[-44.4075,258.63,-4.18943],"tipVelocity":[175.543,141.105,-148.114],"tool":false,"touchDistance":0.333333,"touchZone":"none","type":2,"width":18.7912},{"bases":[[[0.973242,-0.229779,-0.0010147],[0.18607,0.785505,0.59022],[-0.134823,-0.574616,0.807242]],[[0.970697,-0.239939,0.0133095],[0.19359,0.747968,-0.634876],[0.142377,0.618849,0.772499]],[[0.970697,-0.239939,0.0133095],[-0.120972,-0.535758,-0.835661],[0.207639,0.809563,-0.549085]],[[0.970697,-0.239939,0.0133095],[-0.223681,-0.922389,-0.314906],[0.0878348,0.302701,-0.94903]]],"btipPosition":[-30.9311,255.98,9.91733],"carpPosition":[-25.6796,275.504,61.4901],"dipPosition":[-29.3078,261.575,-7.62206],"direction":[-0.207639,-0.809563,0.549085],"extended":false,"handId":359,"id":3593,"length":63.7298,"mcpPosition":[-17.3258,311.108,11.4728],"pipPosition":[-23.6182,283.758,-22.6679],"stabilizedTipPosition":[-34.2367,254.205,9.38432],"timeVisible":12.437,"tipPosition":[-30.455,257.54,5.83878],"tipVelocity":[170.968,142.18,-163.429],"tool":false,"touchDistance":0.333333,"touchZone":"none","type":3,"width":17.881},{"bases":[[[0.906884,-0.421349,-0.00508589],[0.322533,0.686331,0.651861],[-0.27117,-0.592803,0.758321]],[[0.84581,-0.518138,0.12704],[0.493409,0.669214,-0.555608],[0.202865,0.532622,0.821681]],[[0.84581,-0.518138,0.12704],[-0.149478,-0.458765,-0.875894],[0.512116,0.72185,-0.465478]],[[0.84581,-0.518138,0.12704],[-0.435874,-0.80848,-0.395442],[0.307603,0.279095,-0.909663]]],"btipPosition":[-20.404,265.423,10.6692],"carpPosition":[-13.7097,268.775,58.3876],"dipPosition":[-15.1594,270.182,-4.84049],"direction":[-0.512116,-0.72185,0.465478],"extended":false,"handId":359,"id":3594,"length":49.963,"mcpPosition":[1.84369,302.776,14.893],"pipPosition":[-5.25166,284.147,-13.846],"stabilizedTipPosition":[-22.4315,263.775,9.70823],"timeVisible":12.437,"tipPosition":[-19.08,266.804,6.78498],"tipVelocity":[172.121,144.473,-141.513],"tool":false,"tou