{"sensorType":"Leap","data":[[0,{"currentFrameRate":109.997,"devices":[],"gestures":[],"hands":[{"armBasis":[[0.959172,0.125578,-0.253414],[-0.0308212,0.937093,0.347715],[0.281138,-0.325708,0.902705]],"armWidth":63.029,"confidence":0.890265,"direction":[-0.0141333,0.690156,-0.723523],"elbow":[52.4448,150.537,308.05],"grabStrength":0.0238522,"id":359,"palmNormal":[0.0274711,-0.723054,-0.690245],"palmPosition":[-30.8134,271.075,25.3005],"palmVelocity":[139.163,200.607,-164.909],"palmWidth":90.0033,"pinchStrength":0.477225,"r":[[0.948864,-0.217879,0.228442],[0.222213,0.974974,0.00689871],[-0.224228,0.0442168,0.973533]],"s":0.967492,"sphereCenter":[-47.4112,257.566,-16.2039],"sphereRadius":46.9786,"stabilizedPalmPosition":[-36.419,264.163,31.5885],"t":[66.2259,10.566,-122.464],"timeVisible":18.5288,"type":"right","wrist":[-22.6393,237.524,66.9625]}],"id":1167659,"interactionBox":{"center":[0,200,0],"size":[235.247,235.247,147.751]},"pointables":[{"bases":[[[0.374877,0.793315,0.479708],[-0.81118,0.0301695,0.584018],[0.448838,-0.608064,0.65483]],[[0.13782,0.980401,0.14078],[-0.815837,0.0317734,0.577408],[0.561619,-0.194432,0.804227]],[[0.13782,0.980401,0.14078],[-0.9903,0.13893,0.00195589],[-0.0176411,-0.139684,0.990039]],[[0.13782,0.980401,0.14078],[-0.989632,0.130505,0.0599786],[0.0404305,-0.147587,0.988222]]],"btipPosition":[-78.5552,244.356,-34.1856],"carpPosition":[-50.4835,226.628,61.7913],"dipPosition":[-77.6192,240.94,-11.3084],"direction":[0.0176411,0.139684,-0.990039],"extended":false,"handId":359,"id":3590,"length":51.5512,"mcpPosition":[-50.4835,226.628,61.7913],"pipPosition":[-78.2142,236.229,22.0815],"stabilizedTipPosition":[-86.2445,235.365,-19.9731],"timeVisible":18.5288,"tipPosition":[-77.9508,243.331,-29.0835],"tipVelocity":[176.101,234.217,-207.996],"tool":false,"touchDistance":-0.572258,"touchZone":"hovering","type":0,"width":20.0304},{"bases":[[[0.98296,0.145089,-0.112865],[-0.0541287,0.815241,0.576587],[0.175668,-0.560652,0.809203]],[[0.972638,0.173698,-0.154285],[-0.0500707,0.805209,0.590874],[0.226865,-0.566981,0.791874]],[[0.972638,0.173698,-0.154285],[-0.137161,0.965327,0.222106],[0.187515,-0.194867,0.962738]],[[0.972638,0.173698,-0.154285],[-0.190969,0.975948,-0.105149],[0.13231,0.131736,0.982415]]],"btipPosition":[-72.3343,315.481,-64.6065],"carpPosition":[-43.1903,248.154,67.5531],"dipPosition":[-70.0982,317.708,-48.0033],"direction":[-0.187515,0.194867,-0.962738],"extended":true,"handId":359,"id":3591,"length":58.1698,"mcpPosition":[-55.9741,288.954,8.66597],"pipPosition":[-65.615,313.049,-24.9859],"stabilizedTipPosition":[-74.0318,311.551,-58.6192],"timeVisible":18.5288,"tipPosition":[-71.1665,313.764,-60.79],"tipVelocity":[170.528,342.626,-168.22],"tool":false,"touchDistance":-0.54029,"touchZone":"hovering","type":1,"width":19.133},{"bases":[[[0.992385,-0.0731098,-0.09913],[0.116702,0.815527,0.566831],[0.0394023,-0.574083,0.817849]],[[0.992511,-0.0750261,-0.0963989],[0.0140815,0.854167,-0.519807],[0.12134,0.514557,0.848827]],[[0.992511,-0.0750261,-0.0963989],[-0.116937,-0.355392,-0.927374],[0.0353178,0.931701,-0.361504]],[[0.992511,-0.0750261,-0.0963989],[-0.112385,-0.870074,-0.479938],[-0.0478663,0.487178,-0.87199]]],"btipPosition":[-40.1485,231.425,-3.84129],"carpPosition":[-31.5404,251.602,66.6926],"dipPosition":[-41.0382,240.48,-20.05],"direction":[-0.0353178,-0.931701,0.361504],"extended":false,"handId":359,"id":3592,"length":66.2798,"mcpPosition":[-34.2596,291.22,10.2517],"pipPosition":[-40.0448,266.687,-30.2184],"stabilizedTipPosition":[-45.6893,227.596,-1.81215],"timeVisible":18.5288,"tipPosition":[-40.3409,233.341,-7.61578],"tipVelocity":[174.007,209.696,-190.819],"tool":false,"touchDistance":0.333333,"touchZone":"none","type":2,"width":18.7912},{"bases":[[[0.975727,-0.218062,-0.0201425],[0.188501,0.789503,0.584082],[-0.111464,-0.573701,0.811445]],[[0.972285,-0.233787,0.00222366],[0.191285,0.789983,-0.582527],[0.134431,0.566808,0.812808]],[[0.972285,-0.233787,0.00222366],[-0.0960892,-0.408254,-0.907797],[0.213139,0.882424,-0.419404]],[[0.972285,-0.233787,0.00222366],[-0.206358,-0.862606,-0.461874],[0.109899,0.448615,-0.886943]]],"btipPosition":[-26.3745,229.936,7.01948],"carpPosition":[-19.4683,251.91,65.3351],"dipPosition":[-24.3435,238.227,-9.37245],"direction":[-0.213139,-0.882424,0.419404],"extended":false,"handId":359,"id":3593,"length":63.7298,"mcpPosition":[-12.5619,287.457,15.0573],"pipPosition":[-18.5031,262.407,-20.8648],"stabilizedTipPosition":[-28.8377,228.16,6.38007],"timeVisible":18.5288,"tipPosition":[-25.7861,231.925,2.38627],"tipVelocity":[165.539,209.033,-169.672],"tool":false,"touchDistance":0.333333,"touchZone":"none","type":3,"width":17.881},{"bases":[[[0.91162,-0.410428,-0.0223198],[0.327375,0.692168,0.643218],[-0.248545,-0.593677,0.765358]],[[0.840627,-0.524198,0.136242],[0.514402,0.693988,-0.503758],[0.169519,0.493556,0.853033]],[[0.840627,-0.524198,0.136242],[-0.0682975,-0.352134,-0.933454],[0.537291,0.775382,-0.331815]],[[0.840627,-0.524198,0.136242],[-0.382797,-0.752982,-0.535242],[0.38316,0.397786,-0.833639]]],"btipPosition":[-16.0844,240.321,8.90831],"carpPosition":[-7.48337,245.316,62.009],"dipPosition":[-9.55155,247.103,-5.30514],"direction":[-0.537291,-0.775382,0.331815],"extended":false,"handId":359,"id":3594,"length":49.963,"mcpPosition":[6.77231,279.367,18.1108],"pipPosition":[0.843248,262.104,-11.7247],"stabilizedTipPosition":[-16.9593,238.691,8.16424],"timeVisible":18.5288,"tipPosition":[-14.2947,241.85,4.98912],"tipVelocity":[161.864,213.3,-162.079],"tool":false,"touchDistance":0.333333,"touchZone":"none","type":4,"width":15.8833}],"r":[[0.948864,-0.217879,0.228442],[0.222213,0.974974,0.00689871],[-0.224228,0.0442168,0.973533]],"s":0.967492,"t":[66.2259,10.566,-122.464],"timestamp":15333012587},false],[1,{"currentFrameRate":109.816,"devices":[],"gestures":[],"hands":[{"armBasis":[[0.962208,0.127852,-0.240437],[-0.0340551,0.932497,0.359568],[0.270179,-0.337791,0.90161]],"armWidth":63.029,"confidence":0.899905,"direction":[-0.0103245,0.685018,-0.728453],"elbow":[50.3896,149.661,306.215],"grabStrength":0.00978522,"id":359,"palmNormal":[0.0325663,-0.727875,-0.684936],"palmPosition":[-29.7156,273.123,23.4723],"palmVelocity":[132.672,205.344,-173.192],"palmWidth":90.0033,"pinchStrength":0.467979,"r":[[0.947676,-0.21594,0.235117],[0.219812,0.975492,0.009938],[-0.231501,0.0422636,0.971916]],"s":0.972421,"sphereCenter":[-46.2297,259.343,-18.0459],"sphereRadius":47.0781,"stabilizedPalmPosition":[-34.6841,266.482,29.4878],"t":[67.3675,12.5331,-124.147],"timeVisible":18.5383,"type":"right","wrist":[-21.7676,239.876,65.4206]}],"id":1167660,"interactionBox":{"center":[0,200,0],"size":[235.247,235.247,147.751]},"pointables":[{"bases":[[[0.37102,0.797092,0.476434],[-0.814859,0.033394,0.578697],[0.445364,-0.602934,0.661907]],[[0.13738,0.981022,0.136833],[-0.817131,0.0341666,0.575439],[0.559843,-0.190864,0.806317]],[[0.13738,0.981022,0.136833],[-0.990404,0.138146,0.00392476],[-0.0150527,-0.136059,0.990586]],[[0.13738,0.981022,0.136833],[-0.989905,0.131118,0.0538099],[0.0348474,-0.142844,0.989132]]],"btipPosition":[-77.5092,246.232,-35.9675],"carpPosition":[-49.5672,228.913,60.152],"dipPosition":[-76.7025,242.926,-13.0693],"direction":[0.0150527,0.136059,-0.990586],"extended":false,"handId":359,"id":3590,"length":51.5512,"mcpPosition":[-49.5672,228.913,60.152],"pipPosition":[-77.2102,238.337,20.3391],"stabilizedTipPosition":[-84.0026,237.905,-22.6691],"timeVisible":18.5383,"tipPosition":[-76.8141,245.163,-30.8859],"tipVelocity":[156.592,224.93,-202.426],"tool":false,"touchDistance":-0.570022,"touchZone":"hovering","type":0,"width":20.0304},{"bases":[[[0.983495,0.145373,-0.107725],[-0.0586079,0.819228,0.570465],[0.171182,-0.554736,0.814227]],[[0.973034,0.174584,-0.150748],[-0.0544609,0.808958,0.585338],[0.22414,-0.561344,0.796652]],[[0.973034,0.174584,-0.150748],[-0.138531,0.964867,0.223251],[0.184428,-0.196348,0.963034]],[[0.973034,0.174584,-0.150748],[-0.190388,0.976846,-0.0975943],[0.13022,0.123663,0.983743]]],"btipPosition":[-70.9257,317.316,-66.9504],"carpPosition":[-42.3332,250.487,65.8074],"dipPosition":[-68.7249,319.406,-50.3248],"direction":[-0.184428,0.196348,-0.963034],"extended":true,"handId":359,"id":3591,"length":58.1698,"mcpPosition":[-54.7904,290.856,6.55461],"pipPosition":[-64.3155,314.711,-27.3003],"stabilizedTipPosition":[-72.3676,314.428,-60.6957],"timeVisible":18.5383,"tipPosition":[-69.7658,315.661,-63.1235],"tipVelocity":[164.251,299.396,-191.021],"tool":false,"touchDistance":-0.549676,"touchZone":"hovering","type":1,"width":19.133},{"bases":[[[0.993064,-0.0727128,-0.0923911],[0.11228,0.819633,0.561778],[0.0348784,-0.568255,0.822113]],[[0.993185,-0.0747904,-0.089384],[0.0166855,0.850284,-0.52606],[0.115346,0.520983,0.845737]],[[0.993185,-0.0747904,-0.089384],[-0.110562,-0.362008,-0.925595],[0.0368678,0.92917,-0.36781]],[[0.993185,-0.0747904,-0.089384],[-0.108501,-0.873364,-0.474829],[-0.0425522,0.481291,-0.875527]]],"btipPosition":[-38.8342,233.236,-5.44221],"carpPosition":[-30.6817,253.941,64.9955],"dipPosition":[-39.6252,242.182,-21.7167],"direction":[-0.0368678,-0.92917,0.36781],"extended":false,"handId":359,"id":3592,"length":66.2798,"mcpPosition":[-33.0887,293.157,8.26034],"pipPosition":[-38.5882,268.318,-32.0625],"stabilizedTipPosition":[-43.7612,229.82,-3.94253],"timeVisible":18.5383,"tipPosition":[-39.0011,235.138,-9.23161],"tipVelocity":[164.813,203.92,-185.276],"tool":false,"touchDistance":0.333333,"touchZone":"none","type":2,"width":18.7912},{"bases":[[[0.976064,-0.217123,-0.012488],[0.183998,0.793811,0.579662],[-0.115945,-0.568085,0.814761]],[[0.972524,-0.232594,0.00982242],[0.193977,0.786285,-0.586624],[0.128722,0.572412,0.8098]],[[0.972524,-0.232594,0.00982242],[-0.089983,-0.414481,-0.905598],[0.214708,0.879833,-0.424022]],[[0.972524,-0.232594,0.00982242],[-0.202501,-0.866006,-0.457195],[0.114847,0.442644,-0.889312]]],"btipPosition":[-25.1124,231.865,5.49373],"carpPosition":[-18.6017,254.253,63.7115],"dipPosition":[-22.9899,240.046,-10.942],"direction":[-0.214708,-0.879833,0.424022],"extended":false,"handId":359,"id":3593,"length":63.7298,"mcpPosition":[-11.4176,289.452,13.2283],"pipPosition":[-17.1065,264.154,-22.5609],"stabilizedTipPosition":[-27.2356,230.284,4.6057],"timeVisible":18.5383,"tipPosition":[-24.5023,233.819,0.873709],"tipVelocity":[157.133,206.994,-167.738],"tool":false,"touchDistance":0.333333,"touchZone":"none","type":3,"width":17.881},{"bases":[[[0.912176,-0.409569,-0.0137085],[0.3226,0.697049,0.640353],[-0.252713,-0.588537,0.767958]],[[0.840167,-0.522459,0.145453],[0.516783,0.689919,-0.506899],[0.164483,0.501048,0.849645]],[[0.840167,-0.522459,0.145453],[-0.0631312,-0.360596,-0.930583],[0.538641,0.772662,-0.335945]],[[0.840167,-0.522459,0.145453],[-0.379368,-0.75784,-0.53081],[0.387556,0.390789,-0.834916]]],"btipPosition":[-14.876,242.269,7.47757],"carpPosition":[-6.58912,247.649,60.5072],"dipPosition":[-8.26823,248.932,-6.75765],"direction":[-0.538641,-0.772662,0.335945],"extended":false,"handId":359,"id":3594,"length":49.963,"mcpPosition":[7.90562,281.405,16.4599],"pipPosition":[2.15269,263.88,-13.2571],"stabilizedTipPosition":[-15.4653,240.81,6.52191],"timeVisible":18.5383,"tipPosition":[-13.0669,243.772,3.55059],"tipVelocity":[152.764,210.564,-159.282],"tool":false,"touchDistance":0.333333,"touchZone":"none","type":4,"width":15.8833}],"r":[[0.947676,-0.21594,0.235117],[0.219812,0.975492,0.009938],[-0.231501,0.0422636,0.971916]],"s":0.972421,"t":[67.3675,12.5331,-124.147],"timestamp":15333022015},false],[2,{"currentFrameRate":109.879,"devices":[],"gestures":[],"hands":[{"armBasis":[[0.963607,0.135477,-0.23045],[-0.0440817,0.930795,0.362874],[0.263662,-0.339509,0.902893]],"armWidth":63.029,"confidence":0.90195,"direction":[-0.00843009,0.689105,-0.724613],"elbow":[49.4779,150.901,305.277],"grabStrength":0.00305657,"id":359,"palmNormal":[0.0441813,-0.723674,-0.688726],"palmPosition":[-28.7329,275.005,22.3076],"palmVelocity":[126.267,206.444,-161.226],"palmWidth":90.0033,"pinchStrength":0.458046,"r":[[0.946541,-0.213319,0.241983],[0.216454,0.976194,0.013877],[-0.239183,0.0392431,0.970181]],"s":0.976653,"sphereCenter":[-44.7767,261.299,-19.4994],"sphereRadius":47.1458,"stabilizedPalmPosition":[-33.1612,268.663,27.6504],"t":[68.4297,14.4577,-125.57],"timeVisible":18.5473,"type":"right","wrist":[-20.939,241.574,64.139]}],"id":1167661,"interactionBox":{"center":[0,200,0],"size":[235.247,235.247,147.751]},"pointables":[{"bases":[[[0.360828,0.796959,0.484416],[-0.820448,0.0242664,0.571206],[0.443473,-0.603545,0.66262]],[[0.130611,0.980633,0.145942],[-0.81984,0.0240543,0.572087],[0.557497,-0.19437,0.807104]],[[0.130611,0.980633,0.145942],[-0.99136,0.130976,0.00714443],[-0.0121088,-0.145614,0.989267]],[[0.130611,0.980633,0.145942],[-0.991088,0.125253,0.0453568],[0.0261988,-0.150565,0.988253]]],"btipPosition":[-76.3341,248.438,-37.546],"carpPosition":[-48.6089,230.444,58.5476],"dipPosition":[-75.7276,244.953,-14.6681],"direction":[0.0121088,0.145614,-0.989267],"extended":false,"handId":359,"id":3590,"length":51.5512,"mcpPosition":[-48.6089,230.444,58.5476],"pipPosition":[-76.136,240.042,18.6958],"stabilizedTipPosition":[-82.0673,240.317,-25.0523],"timeVisible":18.5473,"tipPosition":[-75.5434,247.268,-32.4977],"tipVelocity":[148.092,229.282,-195.21],"tool":false,"touchDistance":-0.5651,"touchZone":"hovering","type":0,"width":20.0304},{"bases":[[[0.983391,0.152985,-0.0976646],[-0.0698067,0.815497,0.574537],[0.167541,-0.558176,0.812631]],[[0.972874,0.182991,-0.141532],[-0.0659069,0.805688,0.588662],[0.22175,-0.563365,0.795893]],[[0.972874,0.182991,-0.141532],[-0.147385,0.961848,0.230493],[0.17831,-0.203381,0.962726]],[[0.972874,0.182991,-0.141532],[-0.196406,0.976623,-0.087368],[0.122236,0.112796,0.986071]]],"btipPosition":[-69.5276,319.553,-68.2483],"carpPosition":[-41.5828,252.037,64.3931],"dipPosition":[-67.4617,321.46,-51.5834],"direction":[-0.17831,0.203381,-0.962726],"extended":true,"handId":359,"id":3591,"length":58.1698,"mcpPosition":[-53.775,292.656,5.25644],"pipPosition":[-63.1987,316.597,-28.5663],"stabilizedTipPosition":[-70.8788,316.927,-62.3661],"timeVisible":18.5473,"tipPosition":[-68.3841,317.95,-64.4151],"tipVelocity":[160.913,284.266,-177.954],"tool":false,"touchDistance":-0.542375,"touchZone":"hovering","type":1,"width":19.133},{"bases":[[[0.99438,-0.0651116,-0.0834811],[0.101147,0.817168,0.567456],[0.0312701,-0.57271,0.819161]],[[0.994503,-0.0675266,-0.0800253],[0.0161283,0.853934,-0.520132],[0.103459,0.515982,0.850329]],[[0.994503,-0.0675266,-0.0800253],[-0.0989416,-0.355893,-0.929274],[0.0342703,0.932084,-0.360618]],[[0.994503,-0.0675266,-0.0800253],[-0.0979119,-0.87059,-0.482168],[-0.0371101,0.487353,-0.872416]]],"btipPosition":[-37.3142,235.224,-7.00284],"carpPosition":[-29.9493,255.578,63.7103],"dipPosition":[-38.004,244.283,-23.2195],"direction":[-0.0342703,-0.932084,0.360618],"extended":false,"handId":359,"id":3592,"length":66.2798,"mcpPosition":[-32.1073,295.102,7.17877],"pipPosition":[-37.04,270.501,-33.363],"stabilizedTipPosition":[-41.9753,231.947,-5.87093],"timeVisible":18.5473,"tipPosition":[-37.4502,237.156,-10.7463],"tipVelocity":[166.699,209.45,-181.671],"tool":false,"touchDistance":0.333333,"touchZone":"none","type":2,"width":18.7912},{"bases":[[[0.97767,-0.210096,-0.00456299],[0.172878,0.791755,0.585865],[-0.119475,-0.573572,0.810396]],[[0.974064,-0.225599,0.0174529],[0.193627,0.791131,-0.580191],[0.117083,0.568522,0.814294]],[[0.974064,-0.225599,0.0174529],[-0.0786147,-0.40974,-0.908809],[0.212178,0.883865,-0.416848]],[[0.974064,-0.225599,0.0174529],[-0.191964,-0.864741,-0.464083],[0.119789,0.448696,-0.88562]]],"btipPosition":[-23.66,233.885,4.1307],"carpPosition":[-17.8604,255.984,62.5414],"dipPosition":[-21.4461,242.177,-12.2368],"direction":[-0.212178,-0.883865,0.416848],"extended":false,"handId":359,"id":3593,"length":63.7298,"mcpPosition":[-10.4576,291.522,12.3287],"pipPosition":[-15.6321,266.397,-23.6591],"stabilizedTipPosition":[-25.7222,232.325,3.03501],"timeVisible":18.5473,"tipPosition":[-23.0256,235.869,-0.457178],"tipVelocity":[158.993,212.637,-162.842],"tool":false,"touchDistance":0.333333,"touchZone":"none","type":3,"width":17.881},{"bases":[[[0.915177,-0.402982,-0.00747657],[0.311598,0.695633,0.647303],[-0.25565,-0.594727,0.762196]],[[0.842401,-0.517402,0.150519],[0.516706,0.696368,-0.498083],[0.152892,0.49736,0.853966]],[[0.842401,-0.517402,0.150519],[-0.0518194,-0.355825,-0.933115],[0.536354,0.778257,-0.326559]],[[0.842401,-0.517402,0.150519],[-0.369035,-0.757503,-0.538519],[0.392649,0.398102,-0.829061]]],"btipPosition":[-13.527,244.355,6.28081],"carpPosition":[-5.77137,249.483,59.4125],"dipPosition":[-6.83237,251.142,-7.85458],"direction":[-0.536354,-0.778257,0.326559],"extended":false,"handId":359,"id":3594,"length":49.963,"mcpPosition":[8.89183,283.595,15.6957],"pipPosition":[3.54431,266.199,-14.1724],"stabilizedTipPosition":[-14.0548,242.88,5.10571],"timeVisible":18.5473,"tipPosition":[-11.6939,245.89,2.38567],"tipVelocity":[152.636,217.326,-151.41],"tool":false,"touchDistance":0.333333,"touchZone":"none","type":4,"width":15.8833}],"r":[[0.946541,-0.213319,0.241983],[0.216454,0.976194,0.013877],[-0.239183,0.0392431,0.970181]],"s":0.976653,"t":[68.4297,14.4577,-125.57],"timestamp":15333031004},false],[3,{"currentFrameRate":110.038,"devices":[],"gestures":[],"hands":[{"armBasis":[[0.964879,0.141262,-0.221481],[-0.0521245,0.929299,0.365632],[0.257472,-0.341246,0.904024]],"armWidth":63.029,"confidence":0.813033,"direction":[-0.00550036,0.691468,-0.722386],"elbow":[48.3891,151.792,304.599],"grabStrength":0,"id":359,"palmNormal":[0.0540693,-0.721134,-0.690682],"palmPosition":[-27.9662,276.459,21.3706],"palmVelocity":[115.703,195.299,-146.449],"palmWidth":90.0033,"pinchStrength":0.452444,"r":[[0.94536,-0.210429,0.249027],[0.212708,0.976949,0.0180393],[-0.247083,0.0359164,0.968329]],"s":0.980265,"sphereCenter":[-43.6228,262.791,-20.6404],"sphereRadius":47.2003,"stabilizedPalmPosition":[-31.8208,270.674,26.0302],"t":[69.3442,16.1468,-126.75],"timeVisible":18.5561,"type":"right","wrist":[-20.3745,242.929,63.1598]}],"id":1167662,"interactionBox":{"center":[0,200,0],"size":[235.247,235.247,147.751]},"pointables":[{"bases":[[[0.352368,0.797176,0.490252],[-0.825638,0.0181538,0.563907],[0.440633,-0.603474,0.664576]],[[0.125301,0.980422,0.151895],[-0.823393,0.0173559,0.567206],[0.553465,-0.196141,0.809448]],[[0.125301,0.980422,0.151895],[-0.992032,0.125836,0.00612444],[-0.0131094,-0.151453,0.988378]],[[0.125301,0.980422,0.151895],[-0.99201,0.121538,0.0338451],[0.0147213,-0.154923,0.987817]]],"btipPosition":[-75.1622,250.055,-38.8851],"carpPosition":[-47.9355,231.676,57.2841],"dipPosition":[-74.8214,246.469,-16.0173],"direction":[0.0131094,0.151453,-0.988378],"extended":false,"handId":359,"id":3590,"length":51.5512,"mcpPosition":[-47.9355,231.676,57.2841],"pipPosition":[-75.2635,241.361,17.3166],"stabilizedTipPosition":[-80.3226,242.544,-27.1942],"timeVisible":18.5561,"tipPosition":[-74.3856,248.832,-33.8483],"tipVelocity":[142.176,216.267,-183.653],"tool":false,"touchDistance":-0.557045,"touchZone":"hovering","type":0,"width":20.0304},{"bases":[[[0.983423,0.158348,-0.0883437],[-0.0791453,0.813205,0.576571],[0.163141,-0.560021,0.812257]],[[0.972896,0.189077,-0.133129],[-0.0754997,0.803884,0.589974],[0.218571,-0.563933,0.796371]],[[0.972896,0.189077,-0.133129],[-0.154322,0.959631,0.235145],[0.172215,-0.208227,0.9628]],[[0.972896,0.189077,-0.133129],[-0.200691,0.97639,-0.079913],[0.114876,0.104465,0.987872]]],"btipPosition":[-68.2927,321.216,-69.4033],"carpPosition":[-41.0734,253.285,63.2634],"dipPosition":[-66.3513,322.982,-52.708],"direction":[-0.172215,0.208227,-0.9628],"extended":true,"handId":359,"id":3591,"length":58.1698,"mcpPosition":[-52.9454,294.038,4.15395],"pipPosition":[-62.2339,318.003,-29.6891],"stabilizedTipPosition":[-69.5283,319.018,-63.7899],"timeVisible":18.5561,"tipPosition":[-67.1646,319.66,-65.5606],"tipVelocity":[154.461,257.552,-165.127],"tool":false,"touchDistance":-0.53369,"touchZone":"hovering","type":1,"width":19.133},{"bases":[[[0.995409,-0.0597357,-0.0747807],[0.0918545,0.815776,0.571028],[0.0268936,-0.575275,0.817518]],[[0.99552,-0.0623091,-0.0711221],[0.0166178,0.855757,-0.517111],[0.0930839,0.513612,0.852958]],[[0.99552,-0.0623091,-0.0711221],[-0.0886354,-0.35297,-0.931427],[0.0329323,0.933557,-0.356912]],[[0.99552,-0.0623091,-0.0711221],[-0.0891471,-0.869233,-0.486298],[-0.0315209,0.49046,-0.870893]]],"btipPosition":[-36.0871,236.725,-8.16109],"carpPosition":[-29.4527,256.888,62.6965],"dipPosition":[-36.673,245.842,-24.3495],"direction":[-0.0329323,-0.933557,0.356912],"extended":false,"handId":359,"id":3592,"length":66.2798,"mcpPosition":[-31.3086,296.589,6.27841],"pipPosition":[-35.7467,272.101,-34.3887],"stabilizedTipPosition":[-40.326,233.918,-7.59478],"timeVisible":18.5561,"tipPosition":[-36.1964,238.675,-11.8928],"tipVelocity":[160.058,199.328,-167.957],"tool":false,"touchDistance":0.333333,"touchZone":"none","type":2,"width":18.7912},{"bases":[[[0.978742,-0.205067,0.00350658],[0.163548,0.790669,0.589995],[-0.123761,-0.57688,0.807399]],[[0.975133,-0.220227,0.0248236],[0.193574,0.791824,-0.579262],[0.107913,0.569662,0.814764]],[[0.975133,-0.220227,0.0248236],[-0.0696559,-0.41089,-0.90902],[0.21039,0.884686,-0.416012]],[[0.975133,-0.220227,0.0248236],[-0.183607,-0.865515,-0.466017],[0.124115,0.449871,-0.884427]]],"btipPosition":[-22.5157,235.371,3.34662],"carpPosition":[-17.356,257.359,61.6374],"dipPosition":[-20.2219,243.685,-12.9988],"direction":[-0.21039,-0.884686,0.416012],"extended":false,"handId":359,"id":3593,"length":63.7298,"mcpPosition":[-9.68767,293.103,11.6103],"pipPosition":[-14.4569,267.927,-24.3982],"stabilizedTipPosition":[-24.329,234.175,1.7486],"timeVisible":18.5561,"tipPosition":[-21.8628,237.385,-1.26522],"tipVelocity":[151.724,200.958,-142.793],"tool":false,"touchDistance":0.333333,"touchZone":"none","type":3,"width":17.881},{"bases":[[[0.917273,-0.39826,-0.000602161],[0.302206,0.695056,0.652357],[-0.259389,-0.598571,0.757912]],[[0.843388,-0.513904,0.156839],[0.518194,0.700807,-0.490249],[0.142027,0.494744,0.857355]],[[0.843388,-0.513904,0.156839],[-0.0409897,-0.352587,-0.934881],[0.535739,0.782039,-0.318433]],[[0.843388,-0.513904,0.156839],[-0.360267,-0.757432,-0.544522],[0.398627,0.40274,-0.823952]]],"btipPosition":[-12.4574,245.963,5.34674],"carpPosition":[-5.20614,250.931,58.5956],"dipPosition":[-5.66083,252.829,-8.70155],"direction":[-0.535739,-0.782039,0.318433],"extended":false,"handId":359,"id":3594,"length":49.963,"mcpPosition":[9.67146,285.263,15.1245],"pipPosition":[4.70395,267.959,-14.8622],"stabilizedTipPosition":[-12.7688,244.777,3.88908],"timeVisible":18.5561,"tipPosition":[-10.6048,247.512,1.50454],"tipVelocity":[144.951,208.518,-138.576],"tool":false,"touchDistance":0.333333,"touchZone":"none","type":4,"width":15.8833}],"r":[[0.94536,-0.210429,0.249027],[0.212708,0.976949,0.0180393],[-0.247083,0.0359164,0.968329]],"s":0.980265,"t":[69.3442,16.1468,-126.75],"timestamp":15333039810},false],[4,{"currentFrameRate":109.894,"devices":[],"gestures":[],"hands":[{"armBasis":[[0.965708,0.142093,-0.217296],[-0.0536058,0.928034,0.368618],[0.254036,-0.344329,0.903827]],"armWidth":63.029,"confidence":0.762606,"direction":[-0.00215623,0.693004,-0.720931],"elbow":[47.8886,152.766,302.798],"grabStrength":0,"id":359,"palmNormal":[0.0570099,-0.719675,-0.691967],"palmPosition":[-27.3568,278.346,19.6603],"palmVelocity":[101.357,197.14,-156.769],"palmWidth":90.0033,"pinchStrength":0.449967,"r":[[0.944132,-0.208276,0.255412],[0.209703,0.977519,0.0219514],[-0.254242,0.0328356,0.966583]],"s":0.983388,"sphereCenter":[-43.0251,264.805,-22.4387],"sphereRadius":47.2657,"stabilizedPalmPosition":[-30.606,272.762,24.2967],"t":[70.1061,17.9353,-128.196],"timeVisible":18.5654,"type":"right","wrist":[-19.9574,244.727,61.4115]}],"id":1167663,"interactionBox":{"center":[0,200,0],"size":[235.247,235.247,147.751]},"pointables":[{"bases":[[[0.35033,0.796063,0.49351],[-0.828137,0.0171158,0.560264],[0.437559,-0.604972,0.665246]],[[0.125064,0.979979,0.154921],[-0.825423,0.0161338,0.564284],[0.550487,-0.198447,0.810915]],[[0.125064,0.979979,0.154921],[-0.99204,0.125831,0.00488102],[-0.0147107,-0.154299,0.987915]],[[0.125064,0.979979,0.154921],[-0.992117,0.122281,0.0273993],[0.00790669,-0.157127,0.987547]]],"btipPosition":[-74.362,252.131,-40.8306],"carpPosition":[-47.4941,233.492,55.3892],"dipPosition":[-74.179,248.494,-17.969],"direction":[0.0147107,0.154299,-0.987915],"extended":false,"handId":359,"id":3590,"length":51.5512,"mcpPosition":[-47.4941,233.492,55.3892],"pipPosition":[-74.6751,243.29,15.3493],"stabilizedTipPosition":[-78.731,244.864,-29.4156],"timeVisible":18.5654,"tipPosition":[-73.6247,250.899,-35.7913],"tipVelocity":[125.006,217.521,-190.592],"tool":false,"touchDistance":-0.558877,"touchZone":"hovering","type":0,"width":20.0304},{"bases":[[[0.983836,0.158344,-0.0836282],[-0.0815606,0.811993,0.577941],[0.159419,-0.561778,0.811782]],[[0.973111,0.190207,-0.129909],[-0.0780523,0.802926,0.590946],[0.216709,-0.564916,0.796183]],[[0.973111,0.190207,-0.129909],[-0.154736,0.957605,0.243001],[0.170622,-0.216366,0.961288]],[[0.973111,0.190207,-0.129909],[-0.199925,0.977568,-0.0662649],[0.11439,0.0904551,0.989309]]],"btipPosition":[-67.4778,323.619,-71.1674],"carpPosition":[-40.6547,255.086,61.4449],"dipPosition":[-65.5445,325.147,-54.4477],"direction":[-0.170622,0.216366,-0.961288],"extended":true,"handId":359,"id":3591,"length":58.1698,"mcpPosition":[-52.2559,295.967,2.37004],"pipPosition":[-61.4653,319.974,-31.4649],"stabilizedTipPosition":[-68.374,321.309,-65.4239],"timeVisible":18.5654,"tipPosition":[-66.3387,322.072,-67.3252],"tipVelocity":[135.297,255.686,-171.607],"tool":false,"touchDistance":-0.535031,"touchZone":"hovering","type":1,"width":19.133},{"bases":[[[0.995721,-0.0597704,-0.0704758],[0.0894626,0.814542,0.573164],[0.0231472,-0.577017,0.816404]],[[0.995825,-0.0626804,-0.0663566],[0.0194679,0.856073,-0.516488],[0.0891798,0.51304,0.85372]],[[0.995825,-0.0626804,-0.0663566],[-0.0842631,-0.351742,-0.932297],[0.0350964,0.933996,-0.355555]],[[0.995825,-0.0626804,-0.0663566],[-0.0872004,-0.868154,-0.488574],[-0.0269837,0.492321,-0.869996]]],"btipPosition":[-35.3658,238.626,-9.93445],"carpPosition":[-29.0309,258.688,60.9374],"dipPosition":[-35.8674,247.777,-26.1061],"direction":[-0.0350964,-0.933996,0.355555],"extended":false,"handId":359,"id":3592,"length":66.2798,"mcpPosition":[-30.6283,298.509,4.59622],"pipPosition":[-34.8802,274.048,-36.1072],"stabilizedTipPosition":[-38.8563,235.984,-9.43288],"timeVisible":18.5654,"tipPosition":[-35.4533,240.61,-13.6837],"tipVelocity":[137.11,200.664,-173.97],"tool":false,"touchDistance":0.333333,"touchZone":"none","type":2,"width":18.7912},{"bases":[[[0.978678,-0.205264,0.00742722],[0.161066,0.789381,0.592398],[-0.127461,-0.578571,0.805611]],[[0.97502,-0.220289,0.0284424],[0.195983,0.792955,-0.576899],[0.104531,0.568063,0.81632]],[[0.97502,-0.220289,0.0284424],[-0.0658846,-0.409118,-0.9101],[0.212121,0.885491,-0.413412]],[[0.97502,-0.220289,0.0284424],[-0.181667,-0.864571,-0.468524],[0.127801,0.451653,-0.882993]]],"btipPosition":[-21.8261,237.291,1.58666],"carpPosition":[-16.9295,259.159,59.9332],"dipPosition":[-19.4641,245.638,-14.7323],"direction":[-0.212121,-0.885491,0.413412],"extended":false,"handId":359,"id":3593,"length":63.7298,"mcpPosition":[-9.03194,295.008,10.0169],"pipPosition":[-13.6517,269.902,-26.0604],"stabilizedTipPosition":[-23.1399,236.141,0.220208],"timeVisible":18.5654,"tipPosition":[-21.1589,239.314,-3.00473],"tipVelocity":[130.069,202.42,-155.471],"tool":false,"touchDistance":0.333333,"touchZone":"none","type":3,"width":17.881},{"bases":[[[0.917192,-0.398436,0.00263403],[0.299428,0.693608,0.655172],[-0.262871,-0.60013,0.755475]],[[0.842215,-0.514819,0.160111],[0.521313,0.701883,-0.48538],[0.137503,0.492262,0.859518]],[[0.842215,-0.514819,0.160111],[-0.0361429,-0.350219,-0.93597],[0.537929,0.782501,-0.313566]],[[0.842215,-0.514819,0.160111],[-0.358002,-0.75607,-0.547898],[0.403123,0.404128,-0.82108]]],"btipPosition":[-11.7797,247.91,3.60399],"carpPosition":[-4.76744,252.735,56.9318],"dipPosition":[-4.90654,254.801,-10.3953],"direction":[-0.537929,-0.782501,0.313566],"extended":false,"handId":359,"id":3594,"length":49.963,"mcpPosition":[10.3099,287.157,13.6005],"pipPosition":[5.50062,269.94,-16.4618],"stabilizedTipPosition":[-11.6796,246.777,2.40363],"timeVisible":18.5654,"tipPosition":[-9.91778,249.457,-0.192622],"tipVelocity":[124.913,208.597,-151.771],"tool":false,"touchDistance":0.333333,"touchZone":"none","type":4,"width":15.8833}],"r":[[0.944132,-0.208276,0.255412],[0.209703,0.977519,0.0219514],[-0.254242,0.0328356,0.966583]],"s":0.983388,"t":[70.1061,17.9353,-128.196],"timestamp":15333049165},false],[5,{"currentFrameRate":110.078,"devices":[],"gestures":[],"hands":[{"armBasis":[[0.966302,0.139751,-0.216171],[-0.0516833,0.928022,0.368922],[0.252169,-0.345318,0.903972]],"armWidth":63.029,"confidence":0.772267,"direction":[0.00238801,0.693754,-0.720208],"elbow":[47.8403,154,301.615],"grabStrength":0,"id":359,"palmNormal":[0.0568001,-0.719142,-0.692538],"palmPosition":[-26.6646,279.913,18.4503],"palmVelocity":[95.3675,192.23,-151.775],"palmWidth":90.0033,"pinchStrength":0.447769,"r":[[0.942812,-0.207246,0.261064],[0.207908,0.977819,0.0254003],[-0.260537,0.0303294,0.964987]],"s":0.986024,"sphereCenter":[-42.4188,266.492,-23.6991],"sphereRadius":47.3174,"stabilizedPalmPosition":[-29.5942,274.598,22.7958],"t":[70.8332,19.6126,-129.523],"timeVisible":18.5742,"type":"right","wrist":[-19.507,246.225,60.1892]}],"id":1167664,"interactionBox":{"center":[0,200,0],"size":[235.247,235.247,147.751]},"pointables":[{"bases":[[[0.351409,0.79439,0.495436],[-0.829826,0.0192713,0.557689],[0.433475,-0.607103,0.665977]],[[0.127948,0.979349,0.156541],[-0.826795,0.0181527,0.56221],[0.547758,-0.201361,0.812044]],[[0.127948,0.979349,0.156541],[-0.991633,0.12905,0.00314771],[-0.0171188,-0.155634,0.987666]],[[0.127948,0.979349,0.156541],[-0.99178,0.126085,0.0218147],[0.00162674,-0.158045,0.987431]]],"btipPosition":[-73.5682,253.938,-42.1953],"carpPosition":[-47.0616,235.088,54.0691],"dipPosition":[-73.5305,250.279,-19.3365],"direction":[0.0171188,0.155634,-0.987666],"extended":false,"handId":359,"id":3590,"length":51.5512,"mcpPosition":[-47.0616,235.088,54.0691],"pipPosition":[-74.1079,245.03,13.9734],"stabilizedTipPosition":[-77.4214,246.949,-31.3205],"timeVisible":18.5742,"tipPosition":[-72.8777,252.7,-37.1552],"tipVelocity":[114.761,214.342,-181.285],"tool":false,"touchDistance":-0.551804,"touchZone":"hovering","type":0,"width":20.0304},{"bases":[[[0.98461,0.155179,-0.0803856],[-0.0806888,0.811659,0.578532],[0.155022,-0.563143,0.811689]],[[0.973763,0.188097,-0.128081],[-0.0773815,0.80299,0.590947],[0.214003,-0.565531,0.796478]],[[0.973763,0.188097,-0.128081],[-0.152018,0.956509,0.24896],[0.169339,-0.222958,0.960007]],[[0.973763,0.188097,-0.128081],[-0.196356,0.978982,-0.055123],[0.11502,0.0788261,0.990231]]],"btipPosition":[-66.5381,325.665,-72.4342],"carpPosition":[-40.1699,256.653,60.1688],"dipPosition":[-64.5942,326.997,-55.6989],"direction":[-0.169339,0.222958,-0.960007],"extended":true,"handId":359,"id":3591,"length":58.1698,"mcpPosition":[-51.4512,297.634,1.10074],"pipPosition":[-60.5456,321.667,-32.7468],"stabilizedTipPosition":[-67.371,323.357,-66.8126],"timeVisible":18.5742,"tipPosition":[-65.3924,324.139,-68.5906],"tipVelocity":[127.86,248.398,-164.264],"tool":false,"touchDistance":-0.52881,"touchZone":"hovering","type":1,"width":19.133},{"bases":[[[0.995734,-0.0629869,-0.0674244],[0.0903559,0.813648,0.574293],[0.0186868,-0.577936,0.815868]],[[0.995826,-0.0663626,-0.0626563],[0.0243685,0.854919,-0.518189],[0.0879544,0.514499,0.852968]],[[0.995826,-0.0663626,-0.0626563],[-0.0821508,-0.352666,-0.932136],[0.0397622,0.933393,-0.356645]],[[0.995826,-0.0663626,-0.0626563],[-0.0885974,-0.867747,-0.489045],[-0.0219155,0.492555,-0.870005]]],"btipPosition":[-34.7269,240.161,-11.0668],"carpPosition":[-28.5328,260.217,59.7014],"dipPosition":[-35.1343,249.317,-27.2386],"direction":[-0.0397622,-0.933393,0.356645],"extended":false,"handId":359,"id":3592,"length":66.2798,"mcpPosition":[-29.8224,300.102,3.3972],"pipPosition":[-34.0159,275.571,-37.2704],"stabilizedTipPosition":[-37.6895,237.801,-10.9807],"timeVisible":18.5742,"tipPosition":[-34.7909,242.189,-14.8668],"tipVelocity":[120.559,193.898,-161.985],"tool":false,"touchDistance":0.333333,"touchZone":"none","type":2,"width":18.7912},{"bases":[[[0.977968,-0.208504,0.0102727],[0.161815,0.788231,0.593724],[-0.131891,-0.578981,0.804603]],[[0.974311,-0.223111,0.0306612],[0.199845,0.793768,-0.574451],[0.103828,0.565821,0.817964]],[[0.974311,-0.223111,0.0306612],[-0.0644175,-0.40655,-0.911355],[0.215798,0.885967,-0.410479]],[[0.974311,-0.223111,0.0306612],[-0.182794,-0.86298,-0.471011],[0.131548,0.453307,-0.881594]]],"btipPosition":[-21.1879,238.862,0.272565],"carpPosition":[-16.4269,260.649,58.7355],"dipPosition":[-18.7567,247.24,-16.0205],"direction":[-0.215798,-0.885967,0.410479],"extended":false,"handId":359,"id":3593,"length":63.7298,"mcpPosition":[-8.25479,296.523,8.88172],"pipPosition":[-12.8435,271.517,-27.2683],"stabilizedTipPosition":[-22.2179,237.848,-1.13654],"timeVisible":18.5742,"tipPosition":[-20.5159,240.886,-4.25053],"tipVelocity":[115.21,196.454,-153.833],"tool":false,"touchDistance":0.333333,"touchZone":"none","type":3,"width":17.881},{"bases":[[[0.91586,-0.401467,0.00508514],[0.299663,0.691936,0.656831],[-0.267214,-0.600041,0.754021]],[[0.839646,-0.518165,0.162791],[0.525908,0.700748,-0.482051],[0.135706,0.490365,0.860887]],[[0.839646,-0.518165,0.162791],[-0.0336362,-0.348758,-0.936609],[0.542092,0.780944,-0.310262]],[[0.839646,-0.518165,0.162791],[-0.358761,-0.75415,-0.550044],[0.407782,0.403439,-0.819116]]],"btipPosition":[-11.137,249.467,2.37576],"carpPosition":[-4.27673,254.189,55.7655],"dipPosition":[-4.18441,256.345,-11.5901],"direction":[-0.542092,-0.780944,0.310262],"extended":false,"handId":359,"id":3594,"length":49.963,"mcpPosition":[11.0497,288.605,12.5176],"pipPosition":[6.30329,271.454,-17.5926],"stabilizedTipPosition":[-10.8252,248.481,1.11105],"timeVisible":18.5742,"tipPosition":[-9.2645,251.002,-1.38225],"tipVelocity":[111.648,200.223,-148.442],"tool":false,"touchDistance":0.333333,"touchZone":"none","type":4,"width":15.8833}],"r":[[0.942812,-0.207246,0.261064],[0.207908,0.977819,0.0254003],[-0.260537,0.0303294,0.964987]],"s":0.986024,"t":[70.8332,19.6126,-129.523],"timestamp":15333057923},false],[6,{"currentFrameRate":109.932,"devices":[],"gestures":[],"hands":[{"armBasis":[[0.965911,0.135394,-0.220644],[-0.0455491,0.927916,0.369996],[0.254834,-0.347333,0.902452]],"armWidth":63.029,"confidence":0.781615,"direction":[0.00893136,0.692966,-0.720915],"elbow":[48.7736,155.072,299.93],"grabStrength":0,"id":359,"palmNormal":[0.0527762,-0.720265,-0.691688],"palmPosition":[-26.1121,281.531,17.1229],"palmVelocity":[85.0644,186.765,-148.969],"palmWidth":90.0033,"pinchStrength":0.447461,"r":[[0.941318,-0.20778,0.265986],[0.207901,0.977748,0.0280299],[-0.265892,0.0289138,0.963569]],"s":0.988156,"sphereCenter":[-42.0426,268.203,-25.0377],"sphereRadius":47.3625,"stabilizedPalmPosition":[-28.6598,276.458,21.2736],"t":[71.4729,21.2605,-130.851],"timeVisible":18.5835,"type":"right","wrist":[-19.2854,247.835,58.91]}],"id":1167665,"interactionBox":{"center":[0,200,0],"size":[235.247,235.247,147.751]},"pointables":[{"bases":[[[0.356359,0.792269,0.495296],[-0.830728,0.0260241,0.55607],[0.427667,-0.609617,0.667434]],[[0.134975,0.978516,0.155849],[-0.827568,0.0248323,0.560816],[0.544897,-0.204672,0.81314]],[[0.134975,0.978516,0.155849],[-0.990657,0.136369,0.00176478],[-0.0195261,-0.154631,0.987779]],[[0.134975,0.978516,0.155849],[-0.990837,0.134075,0.0163241],[-0.00492206,-0.156624,0.987646]]],"btipPosition":[-73.0429,255.843,-43.5791],"carpPosition":[-46.9103,236.896,52.7483],"dipPosition":[-73.1568,252.217,-20.7152],"direction":[0.0195261,0.154631,-0.987779],"extended":false,"handId":359,"id":3590,"length":51.5512,"mcpPosition":[-46.9103,236.896,52.7483],"pipPosition":[-73.8154,247.002,12.5985],"stabilizedTipPosition":[-76.2404,249.136,-33.2199],"timeVisible":18.5835,"tipPosition":[-72.4187,254.616,-38.5319],"tipVelocity":[97.0732,211.532,-171.777],"tool":false,"touchDistance":-0.545695,"touchZone":"hovering","type":0,"width":20.0304},{"bases":[[[0.98589,0.147767,-0.0786484],[-0.0757572,0.812838,0.577542],[0.14927,-0.563435,0.812564]],[[0.975004,0.181715,-0.127854],[-0.0726818,0.804624,0.589319],[0.209962,-0.565296,0.797719]],[[0.975004,0.181715,-0.127854],[-0.14516,0.956613,0.252627],[0.168213,-0.227753,0.959079]],[[0.975004,0.181715,-0.127854],[-0.188922,0.980886,-0.0466047],[0.116941,0.0695942,0.990697]]],"btipPosition":[-65.6535,327.71,-73.866],"carpPosition":[-39.8701,258.416,58.8391],"dipPosition":[-63.6771,328.886,-57.1229],"direction":[-0.168213,0.227753,-0.959079],"extended":true,"handId":359,"id":3591,"length":58.1698,"mcpPosition":[-50.7328,299.418,-0.292644],"pipPosition":[-59.6555,323.441,-34.1929],"stabilizedTipPosition":[-66.3773,325.472,-68.2777],"timeVisible":18.5835,"tipPosition":[-64.5032,326.212,-70.02],"tipVelocity":[118.634,238.842,-161.024],"tool":false,"touchDistance":-0.525713,"touchZone":"hovering","type":1,"width":19.133},{"bases":[[[0.995366,-0.070462,-0.0654417],[0.0953055,0.813551,0.57363],[0.012821,-0.577209,0.816496]],[[0.995428,-0.0741896,-0.0601654],[0.0321295,0.853233,-0.520539],[0.0899537,0.516226,0.851716]],[[0.995428,-0.0741896,-0.0601654],[-0.0826951,-0.354094,-0.931547],[0.0478068,0.932263,-0.35861]],[[0.995428,-0.0741896,-0.0601654],[-0.094172,-0.867665,-0.488148],[-0.0159879,0.491582,-0.870684]]],"btipPosition":[-34.427,241.754,-12.2935],"carpPosition":[-28.2059,261.893,58.3905],"dipPosition":[-34.7242,250.892,-28.4779],"direction":[-0.0478068,-0.932262,0.35861],"extended":false,"handId":359,"id":3592,"length":66.2798,"mcpPosition":[-29.0907,301.727,2.04293],"pipPosition":[-33.3795,277.115,-38.5649],"stabilizedTipPosition":[-36.7132,239.652,-12.5197],"timeVisible":18.5835,"tipPosition":[-34.4635,243.803,-16.1206],"tipVelocity":[96.2163,187.071,-153.312],"tool":false,"touchDistance":0.333333,"touchZone":"none","type":2,"width":18.7912},{"bases":[[[0.976368,-0.215762,0.0123704],[0.166536,0.787623,0.593225],[-0.137739,-0.577145,0.804942]],[[0.972731,-0.229729,0.0319354],[0.206062,0.792778,-0.573621],[0.10646,0.564559,0.818498]],[[0.972731,-0.229729,0.0319354],[-0.0658309,-0.405487,-0.911727],[0.2224,0.884763,-0.409552]],[[0.972731,-0.229729,0.0319354],[-0.188021,-0.861657,-0.471377],[0.135806,0.452518,-0.881354]]],"btipPosition":[-20.8699,240.437,-1.08992],"carpPosition":[-16.0953,262.234,57.4474],"dipPosition":[-18.36,248.8,-17.3786],"direction":[-0.2224,-0.884763,0.409552],"extended":false,"handId":359,"id":3593,"length":63.7298,"mcpPosition":[-7.56087,297.994,7.57265],"pipPosition":[-12.2659,273.044,-28.601],"stabilizedTipPosition":[-21.4902,239.553,-2.53495],"timeVisible":18.5835,"tipPosition":[-20.1958,242.444,-5.54418],"tipVelocity":[92.715,188.355,-151.474],"tool":false,"touchDistance":0.333333,"touchZone":"none","type":3,"width":17.881},{"bases":[[[0.912836,-0.408263,0.00726139],[0.303542,0.690371,0.656696],[-0.273117,-0.597251,0.754121]],[[0.834888,-0.52484,0.165846],[0.533275,0.696675,-0.479856],[0.136307,0.489068,0.861529]],[[0.834888,-0.52484,0.165846],[-0.0329428,-0.348414,-0.936762],[0.549433,0.776628,-0.308177]],[[0.834888,-0.52484,0.165846],[-0.363047,-0.751559,-0.550777],[0.413713,0.399628,-0.818009]]],"btipPosition":[-10.7737,250.992,1.03031],"carpPosition":[-3.98785,255.68,54.5075],"dipPosition":[-3.71997,257.805,-12.9167],"direction":[-0.549433,-0.776628,0.308177],"extended":false,"handId":359,"id":3594,"length":49.963,"mcpPosition":[11.6772,289.936,11.2538],"pipPosition":[6.90974,272.831,-18.8789],"stabilizedTipPosition":[-10.1402,250.15,-0.234777],"timeVisible":18.5835,"tipPosition":[-8.8