{"sensorType":"Leap","data":[[0,{"currentFrameRate":110.466,"devices":[],"gestures":[],"hands":[{"armBasis":[[0.966564,-0.0256726,-0.255136],[0.110447,0.939633,0.32387],[0.23142,-0.34122,0.911051]],"armWidth":63.029,"confidence":0.490004,"direction":[0.0161531,0.724708,-0.688866],"elbow":[40.4428,161.118,307.536],"grabStrength":0,"id":358,"palmNormal":[-0.116002,-0.682946,-0.721199],"palmPosition":[-28.4841,288.731,24.8935],"palmVelocity":[56.5733,141.412,-191.174],"palmWidth":90.0033,"pinchStrength":0.469396,"r":[[0.92534,0.00176808,0.379134],[-0.0134471,0.999513,0.0281587],[-0.378899,-0.0311546,0.924913]],"s":1.01473,"sphereCenter":[-48.27,276.176,-16.1702],"sphereRadius":45.8532,"stabilizedPalmPosition":[-56.2114,261.267,107.59],"t":[62.794,97.6566,-134.425],"timeVisible":1.52747,"type":"right","wrist":[-21.363,252.249,64.22]}],"id":1164563,"interactionBox":{"center":[0,200,0],"size":[235.247,235.247,147.751]},"pointables":[{"bases":[[[0.506535,0.715416,0.481251],[-0.753681,0.0962815,0.65015],[0.418792,-0.692033,0.587965]],[[0.286298,0.938521,0.192902],[-0.79501,0.120318,0.594544],[0.534783,-0.323576,0.78058]],[[0.286298,0.938521,0.192902],[-0.955642,0.265175,0.12818],[0.0691463,-0.221043,0.97281]],[[0.286298,0.938521,0.192902],[-0.949784,0.304523,-0.0719501],[-0.12627,-0.162616,0.978576]]],"btipPosition":[-76.4763,272.278,-33.0981],"carpPosition":[-50.6618,245.082,60.9067],"dipPosition":[-79.3994,268.514,-10.4443],"direction":[-0.0691463,0.221043,-0.97281],"extended":false,"handId":358,"id":3580,"length":51.5512,"mcpPosition":[-50.6618,245.082,60.9067],"pipPosition":[-77.0674,261.059,22.3646],"stabilizedTipPosition":[-117.788,253.783,66.2705],"timeVisible":1.52747,"tipPosition":[-76.5516,270.955,-27.9748],"tipVelocity":[104.068,141.936,-241.208],"tool":false,"touchDistance":-0.622756,"touchZone":"hovering","type":0,"width":20.0304},{"bases":[[[0.981731,0.0314201,-0.187661],[0.0923457,0.783648,0.614303],[0.166362,-0.62041,0.76643]],[[0.952785,0.10968,-0.283144],[0.0114474,0.918846,0.39445],[0.303429,-0.379068,0.874207]],[[0.952785,0.10968,-0.283144],[-0.0305662,0.962392,0.269941],[0.302102,-0.248541,0.920305]],[[0.952785,0.10968,-0.283144],[-0.0609342,0.982579,0.175572],[0.297468,-0.15003,0.94287]]],"btipPosition":[-77.5754,334.966,-63.8812],"carpPosition":[-40.3242,265.231,66.9818],"dipPosition":[-72.5481,332.431,-47.9464],"direction":[-0.302102,0.248541,-0.920305],"extended":true,"handId":358,"id":3581,"length":58.1698,"mcpPosition":[-52.4307,310.379,11.2073],"pipPosition":[-65.3253,326.488,-25.9435],"stabilizedTipPosition":[-111.123,306.681,16.8953],"timeVisible":1.52747,"tipPosition":[-76.1533,332.473,-60.6879],"tipVelocity":[91.7654,204.417,-194.952],"tool":false,"touchDistance":-0.601952,"touchZone":"hovering","type":1,"width":19.133},{"bases":[[[0.964958,-0.186745,-0.184344],[0.26062,0.763867,0.590411],[0.0305582,-0.617765,0.785769]],[[0.965202,-0.192521,-0.176978],[0.0697083,0.841692,-0.535439],[0.252045,0.50447,0.825823]],[[0.965202,-0.192521,-0.176978],[-0.245298,-0.43198,-0.867884],[0.0906352,0.881095,-0.464172]],[[0.965202,-0.192521,-0.176978],[-0.244341,-0.905092,-0.348003],[-0.0931836,0.379136,-0.920637]]],"btipPosition":[-43.3801,254.041,1.87736],"carpPosition":[-28.437,267.291,65.3085],"dipPosition":[-45.1122,261.088,-15.2356],"direction":[-0.0906352,-0.881095,0.464172],"extended":false,"handId":358,"id":3582,"length":66.2798,"mcpPosition":[-30.5459,309.923,11.0814],"pipPosition":[-42.5628,285.871,-28.2919],"stabilizedTipPosition":[-82.2478,232.793,91.0852],"timeVisible":1.52747,"tipPosition":[-43.5898,255.519,-0.946599],"tipVelocity":[113.708,137.006,-240.154],"tool":false,"touchDistance":0.333333,"touchZone":"none","type":2,"width":18.7912},{"bases":[[[0.936527,-0.332667,-0.110682],[0.329737,0.72849,0.600479],[-0.119129,-0.598861,0.791943]],[[0.931167,-0.355773,-0.0797077],[0.240518,0.763724,-0.599063],[0.274005,0.538657,0.796725]],[[0.931167,-0.355773,-0.0797077],[-0.252558,-0.471755,-0.844785],[0.262949,0.806767,-0.529136]],[[0.931167,-0.355773,-0.0797077],[-0.36215,-0.877292,-0.314969],[0.0421303,0.322155,-0.945749]]],"btipPosition":[-29.2735,251.453,10.6647],"carpPosition":[-16.5612,266.214,62.9675],"dipPosition":[-28.4948,257.407,-6.81403],"direction":[-0.262949,-0.806767,0.529136],"extended":false,"handId":358,"id":3583,"length":63.7298,"mcpPosition":[-9.17992,303.32,13.8981],"pipPosition":[-21.2896,279.514,-21.3132],"stabilizedTipPosition":[-65.102,228.142,88.3512],"timeVisible":1.52747,"tipPosition":[-28.9566,252.81,7.43644],"tipVelocity":[111.03,145.484,-215.409],"tool":false,"touchDistance":0.333333,"touchZone":"none","type":3,"width":17.881},{"bases":[[[0.849002,-0.515507,-0.115964],[0.459558,0.612091,0.643546],[-0.260772,-0.599664,0.756572]],[[0.789781,-0.61309,0.0191387],[0.512797,0.64282,-0.569054],[0.336578,0.459242,0.822078]],[[0.789781,-0.61309,0.0191387],[-0.291286,-0.402327,-0.86792],[0.539813,0.679892,-0.496335]],[[0.789781,-0.61309,0.0191387],[-0.566891,-0.741474,-0.358959],[0.234265,0.272649,-0.933157]]],"btipPosition":[-17.0354,258.941,11.7368],"carpPosition":[-5.7824,258.412,58.3711],"dipPosition":[-13.0412,263.59,-4.17347],"direction":[-0.539813,-0.679892,0.496335],"extended":false,"handId":358,"id":3584,"length":49.963,"mcpPosition":[9.17453,292.806,14.9769],"pipPosition":[-2.59756,276.744,-13.7759],"stabilizedTipPosition":[-50.389,233.932,81.0753],"timeVisible":1.52747,"tipPosition":[-16.0677,259.897,8.84834],"tipVelocity":[103.813,160.942,-200.892],"tool":false,"touchDistance":0.333333,"touchZone":"none","type":4,"width":15.8833}],"r":[[0.92534,0.00176808,0.379134],[-0.0134471,0.999513,0.0281587],[-0.378899,-0.0311546,0.924913]],"s":1.01473,"t":[62.794,97.6566,-134.425],"timestamp":15304550479},false],[1,{"currentFrameRate":110.516,"devices":[],"gestures":[],"hands":[{"armBasis":[[0.967505,-0.0253303,-0.251582],[0.110998,0.936523,0.332571],[0.227188,-0.349689,0.908902]],"armWidth":63.029,"confidence":0.535947,"direction":[0.0174392,0.720442,-0.693296],"elbow":[39.8838,160.138,305.981],"grabStrength":0,"id":358,"palmNormal":[-0.115329,-0.687324,-0.717137],"palmPosition":[-27.8417,289.772,23.6783],"palmVelocity":[60.7112,134.523,-175.977],"palmWidth":90.0033,"pinchStrength":0.468564,"r":[[0.922239,0.00844206,0.386527],[-0.0217761,0.999309,0.0301312],[-0.386006,-0.0362052,0.921786]],"s":1.01797,"sphereCenter":[-48.2192,277.378,-17.1019],"sphereRadius":45.9964,"stabilizedPalmPosition":[-56.0891,261.39,107.228],"t":[63.3896,99.013,-135.843],"timeVisible":1.53643,"type":"right","wrist":[-20.7918,253.53,63.2387]}],"id":1164564,"interactionBox":{"center":[0,200,0],"size":[235.247,235.247,147.751]},"pointables":[{"bases":[[[0.506207,0.718136,0.477531],[-0.75453,0.100632,0.648504],[0.417659,-0.688589,0.592795]],[[0.284538,0.940626,0.185096],[-0.79566,0.124013,0.592914],[0.534756,-0.31598,0.783705]],[[0.284538,0.940626,0.185096],[-0.955973,0.263942,0.128258],[0.071788,-0.213441,0.974315]],[[0.284538,0.940626,0.185096],[-0.949842,0.302749,-0.078379],[-0.129763,-0.15351,0.97959]]],"btipPosition":[-75.9107,272.71,-34.3041],"carpPosition":[-50.0893,246.356,59.9293],"dipPosition":[-78.9147,269.156,-11.6268],"direction":[-0.071788,0.213441,-0.974315],"extended":false,"handId":358,"id":3580,"length":51.5512,"mcpPosition":[-50.0893,246.356,59.9293],"pipPosition":[-76.4935,261.958,21.2329],"stabilizedTipPosition":[-117.445,253.933,65.4763],"timeVisible":1.53643,"tipPosition":[-75.9965,271.566,-29.1528],"tipVelocity":[92.3015,117.78,-211.879],"tool":false,"touchDistance":-0.606822,"touchZone":"hovering","type":0,"width":20.0304},{"bases":[[[0.982003,0.0298128,-0.186498],[0.0918665,0.787376,0.60959],[0.165017,-0.615752,0.770467]],[[0.952884,0.108214,-0.283376],[0.0143387,0.917088,0.398427],[0.302996,-0.383718,0.872327]],[[0.952884,0.108214,-0.283376],[-0.0276623,0.961309,0.27408],[0.302071,-0.253328,0.919009]],[[0.952884,0.108214,-0.283376],[-0.0581835,0.982059,0.179373],[0.297702,-0.154434,0.942085]]],"btipPosition":[-76.8888,336.32,-65.1383],"carpPosition":[-39.7507,266.538,65.8943],"dipPosition":[-71.8575,333.71,-49.2168],"direction":[-0.302071,0.253328,-0.919009],"extended":true,"handId":358,"id":3581,"length":58.1698,"mcpPosition":[-51.7593,311.347,9.826],"pipPosition":[-64.6355,327.654,-27.2449],"stabilizedTipPosition":[-110.215,307.426,14.8854],"timeVisible":1.53643,"tipPosition":[-75.47,333.804,-61.9621],"tipVelocity":[87.6529,189.317,-180.095],"tool":false,"touchDistance":-0.588993,"touchZone":"hovering","type":1,"width":19.133},{"bases":[[[0.965123,-0.18832,-0.18186],[0.260164,0.767371,0.586052],[0.0291886,-0.612925,0.789602]],[[0.965355,-0.194084,-0.174415],[0.0709016,0.838365,-0.540479],[0.251122,0.509388,0.82308]],[[0.965355,-0.194084,-0.174415],[-0.244234,-0.436738,-0.8658],[0.0918641,0.878403,-0.469009]],[[0.965355,-0.194084,-0.174415],[-0.244368,-0.906825,-0.343442],[-0.0915075,0.374165,-0.922836]]],"btipPosition":[-42.7305,254.931,0.836754],"carpPosition":[-27.8602,268.581,64.2247],"dipPosition":[-44.4314,261.886,-16.3171],"direction":[-0.0918641,-0.878403,0.469009],"extended":false,"handId":358,"id":3582,"length":66.2798,"mcpPosition":[-29.8746,310.88,9.73316],"pipPosition":[-41.8475,286.594,-29.5094],"stabilizedTipPosition":[-81.9614,232.967,90.3958],"timeVisible":1.53643,"tipPosition":[-42.9362,256.404,-2.01438],"tipVelocity":[102.655,126.065,-206.517],"tool":false,"touchDistance":0.333333,"touchZone":"none","type":2,"width":18.7912},{"bases":[[[0.936522,-0.333772,-0.107339],[0.329251,0.732026,0.596433],[-0.120498,-0.593914,0.795453]],[[0.931203,-0.356337,-0.0767084],[0.238383,0.754572,-0.611387],[0.275742,0.55104,0.787605]],[[0.931203,-0.356337,-0.0767084],[-0.254194,-0.484028,-0.837319],[0.261239,0.799213,-0.541307]],[[0.931203,-0.356337,-0.0767084],[-0.362146,-0.880593,-0.305625],[0.0413565,0.312378,-0.949057]]],"btipPosition":[-28.6247,252.258,10.1842],"carpPosition":[-15.9817,267.485,61.9068],"dipPosition":[-27.8604,258.031,-7.35568],"direction":[-0.261239,-0.799213,0.541307],"extended":false,"handId":358,"id":3583,"length":63.7298,"mcpPosition":[-8.51557,304.284,12.6199],"pipPosition":[-20.702,279.931,-22.1884],"stabilizedTipPosition":[-64.6318,228.469,87.2968],"timeVisible":1.53643,"tipPosition":[-28.3201,253.646,6.68654],"tipVelocity":[100.364,128.993,-171.584],"tool":false,"touchDistance":0.333333,"touchZone":"none","type":3,"width":17.881},{"bases":[[[0.84892,-0.516601,-0.111615],[0.458958,0.615834,0.640395],[-0.262092,-0.594871,0.759892]],[[0.789445,-0.61335,0.0240475],[0.513978,0.639111,-0.572158],[0.335564,0.464047,0.819791]],[[0.789445,-0.61335,0.0240475],[-0.290064,-0.407296,-0.866009],[0.540961,0.676691,-0.499449]],[[0.789445,-0.61335,0.0240475],[-0.566664,-0.743294,-0.355535],[0.235942,0.267049,-0.934353]]],"btipPosition":[-16.3927,259.894,10.7092],"carpPosition":[-5.20021,259.649,57.3735],"dipPosition":[-12.37,264.447,-5.22138],"direction":[-0.540961,-0.676691,0.499449],"extended":false,"handId":358,"id":3584,"length":49.963,"mcpPosition":[9.83246,293.769,13.7887],"pipPosition":[-1.90414,277.539,-14.8841],"stabilizedTipPosition":[-49.7649,234.414,79.7521],"timeVisible":1.53643,"tipPosition":[-15.4192,260.835,7.80847],"tipVelocity":[95.2347,145.32,-177.452],"tool":false,"touchDistance":0.333333,"touchZone":"none","type":4,"width":15.8833}],"r":[[0.922239,0.00844206,0.386527],[-0.0217761,0.999309,0.0301312],[-0.386006,-0.0362052,0.921786]],"s":1.01797,"t":[63.3896,99.013,-135.843],"timestamp":15304559439},false],[2,{"currentFrameRate":110.541,"devices":[],"gestures":[],"hands":[{"armBasis":[[0.96985,-0.0224779,-0.242662],[0.104383,0.938088,0.330295],[0.220214,-0.345667,0.912151]],"armWidth":63.029,"confidence":0.561403,"direction":[0.0161747,0.716836,-0.697055],"elbow":[38.3084,162.742,305.277],"grabStrength":0,"id":358,"palmNormal":[-0.108477,-0.691773,-0.713921],"palmPosition":[-27.5988,291.05,21.8852],"palmVelocity":[51.449,136.577,-182.353],"palmWidth":90.0033,"pinchStrength":0.467094,"r":[[0.919338,0.0152138,0.393174],[-0.0296081,0.999094,0.0305713],[-0.392353,-0.0397465,0.918956]],"s":1.02115,"sphereCenter":[-48.25,278.643,-18.744],"sphereRadius":46.1069,"stabilizedPalmPosition":[-55.9392,261.546,106.779],"t":[63.8088,100.33,-137.448],"timeVisible":1.54543,"type":"right","wrist":[-20.5046,255.06,61.6667]}],"id":1164565,"interactionBox":{"center":[0,200,0],"size":[235.247,235.247,147.751]},"pointables":[{"bases":[[[0.500151,0.723544,0.475744],[-0.757739,0.0997622,0.644887],[0.419143,-0.683031,0.598154]],[[0.276812,0.944066,0.179208],[-0.798911,0.122472,0.588848],[0.533963,-0.306171,0.788126]],[[0.276812,0.944066,0.179208],[-0.958257,0.257314,0.124634],[0.0715498,-0.206227,0.975885]],[[0.276812,0.944066,0.179208],[-0.951878,0.294925,-0.0833539],[-0.131544,-0.147511,0.980274]]],"btipPosition":[-75.48,273.189,-36.2438],"carpPosition":[-49.747,247.701,58.2766],"dipPosition":[-78.5252,269.774,-13.5507],"direction":[-0.0715498,0.206227,-0.975885],"extended":false,"handId":358,"id":3580,"length":51.5512,"mcpPosition":[-49.747,247.701,58.2766],"pipPosition":[-76.1121,262.819,19.3619],"stabilizedTipPosition":[-117.108,254.084,64.6883],"timeVisible":1.54543,"tipPosition":[-75.5662,272.181,-31.0634],"tipVelocity":[79.8028,101.009,-212.757],"tool":false,"touchDistance":-0.603515,"touchZone":"hovering","type":0,"width":20.0304},{"bases":[[[0.982572,0.0344335,-0.182663],[0.0848859,0.791116,0.605747],[0.165366,-0.610696,0.774406]],[[0.953048,0.11289,-0.280991],[0.00990973,0.91579,0.401536],[0.302658,-0.385468,0.871672]],[[0.953048,0.11289,-0.280991],[-0.0319672,0.960235,0.277357],[0.301128,-0.255352,0.918758]],[[0.953048,0.11289,-0.280991],[-0.0624427,0.981234,0.182429],[0.296313,-0.156317,0.942212]]],"btipPosition":[-76.6511,337.542,-67.1118],"carpPosition":[-39.548,267.973,64.1758],"dipPosition":[-71.6433,334.9,-51.1881],"direction":[-0.301128,0.255352,-0.918758],"extended":true,"handId":358,"id":3581,"length":58.1698,"mcpPosition":[-51.5819,312.414,7.82084],"pipPosition":[-64.4438,328.795,-29.2222],"stabilizedTipPosition":[-109.202,308.287,12.5982],"timeVisible":1.54543,"tipPosition":[-75.2248,335.034,-63.9434],"tipVelocity":[70.6685,174.38,-190.828],"tool":false,"touchDistance":-0.588022,"touchZone":"hovering","type":1,"width":19.133},{"bases":[[[0.966916,-0.183764,-0.176929],[0.253389,0.771949,0.583],[0.0294456,-0.608544,0.792974]],[[0.967151,-0.189498,-0.169439],[0.068323,0.835801,-0.544764],[0.244849,0.515293,0.821293]],[[0.967151,-0.189498,-0.169439],[-0.238175,-0.442579,-0.864521],[0.0888352,0.876478,-0.473174]],[[0.967151,-0.189498,-0.169439],[-0.237829,-0.909887,-0.339917],[-0.0897565,0.369048,-0.925066]]],"btipPosition":[-42.1989,255.991,-0.833174],"carpPosition":[-27.6626,270.076,62.5437],"dipPosition":[-43.8673,262.851,-18.0285],"direction":[-0.0888352,-0.876478,0.473174],"extended":false,"handId":358,"id":3582,"length":66.2798,"mcpPosition":[-29.6947,312.072,7.81941],"pipPosition":[-41.3685,287.504,-31.338],"stabilizedTipPosition":[-81.6348,233.171,89.6064],"timeVisible":1.54543,"tipPosition":[-42.4025,257.455,-3.70916],"tipVelocity":[90.9084,123.104,-201.038],"tool":false,"touchDistance":0.333333,"touchZone":"none","type":2,"width":18.7912},{"bases":[[[0.938839,-0.32898,-0.10175],[0.322633,0.737054,0.593851],[-0.120369,-0.590358,0.798115]],[[0.933548,-0.351319,-0.0711501],[0.236448,0.752735,-0.614397],[0.269406,0.556746,0.785783]],[[0.933548,-0.351319,-0.0711501],[-0.247996,-0.489709,-0.835872],[0.258815,0.797972,-0.544293]],[[0.933548,-0.351319,-0.0711501],[-0.35581,-0.884181,-0.302693],[0.0434321,0.307894,-0.950429]]],"btipPosition":[-28.1115,253.452,8.58009],"carpPosition":[-15.7687,269.035,60.2799],"dipPosition":[-27.3089,259.143,-8.98516],"direction":[-0.258815,-0.797972,0.544293],"extended":false,"handId":358,"id":3583,"length":63.7298,"mcpPosition":[-8.31048,305.614,10.8281],"pipPosition":[-20.2169,281.009,-23.8997],"stabilizedTipPosition":[-64.092,228.855,86.0795],"timeVisible":1.54543,"tipPosition":[-27.8032,254.827,5.07113],"tipVelocity":[88.7251,129.419,-173.578],"tool":false,"touchDistance":0.333333,"touchZone":"none","type":3,"width":17.881},{"bases":[[[0.852297,-0.512327,-0.105407],[0.452819,0.621842,0.638958],[-0.261809,-0.592313,0.761985]],[[0.792903,-0.60859,0.0303698],[0.511557,0.637748,-0.575836],[0.33108,0.472118,0.817001]],[[0.792903,-0.60859,0.0303698],[-0.285506,-0.415078,-0.863827],[0.538322,0.67626,-0.502873]],[[0.792903,-0.60859,0.0303698],[-0.56114,-0.748695,-0.352955],[0.237543,0.262818,-0.935147]]],"btipPosition":[-15.9524,261.133,9.2254],"carpPosition":[-4.92425,261.237,55.8323],"dipPosition":[-11.9023,265.614,-6.71875],"direction":[-0.538322,-0.67626,0.502873],"extended":false,"handId":358,"id":3584,"length":49.963,"mcpPosition":[10.0922,295.21,12.1276],"pipPosition":[-1.48758,278.697,-16.4477],"stabilizedTipPosition":[-49.0637,234.974,78.2549],"timeVisible":1.54543,"tipPosition":[-14.9658,262.082,6.24836],"tipVelocity":[82.7049,142.707,-174.082],"tool":false,"touchDistance":0.333333,"touchZone":"none","type":4,"width":15.8833}],"r":[[0.919338,0.0152138,0.393174],[-0.0296081,0.999094,0.0305713],[-0.392353,-0.0397465,0.918956]],"s":1.02115,"t":[63.8088,100.33,-137.448],"timestamp":15304568441},false],[3,{"currentFrameRate":110.488,"devices":[],"gestures":[],"hands":[{"armBasis":[[0.969967,-0.017613,-0.242597],[0.10025,0.937671,0.332752],[0.221615,-0.347079,0.911275]],"armWidth":63.029,"confidence":0.585208,"direction":[0.017295,0.714481,-0.699441],"elbow":[38.9903,163.351,304.013],"grabStrength":0,"id":358,"palmNormal":[-0.103125,-0.69454,-0.712025],"palmPosition":[-27.2125,291.879,20.6992],"palmVelocity":[48.8848,123.768,-167.69],"palmWidth":90.0033,"pinchStrength":0.465625,"r":[[0.916562,0.0214258,0.399318],[-0.0364904,0.998879,0.0301612],[-0.398224,-0.0422159,0.916316]],"s":1.02407,"sphereCenter":[-47.9408,279.491,-19.8529],"sphereRadius":46.1651,"stabilizedPalmPosition":[-55.7605,261.735,106.244],"t":[64.2116,101.403,-138.844],"timeVisible":1.55458,"type":"right","wrist":[-20.1968,256.046,60.637]}],"id":1164566,"interactionBox":{"center":[0,200,0],"size":[235.247,235.247,147.751]},"pointables":[{"bases":[[[0.495804,0.726654,0.475555],[-0.761013,0.0997314,0.641025],[0.418375,-0.679726,0.60244]],[[0.271535,0.946362,0.175125],[-0.802305,0.122077,0.584297],[0.531578,-0.299161,0.792419]],[[0.271535,0.946362,0.175125],[-0.959901,0.25312,0.120503],[0.0697122,-0.200823,0.977144]],[[0.271535,0.946362,0.175125],[-0.952811,0.289993,-0.0897463],[-0.135717,-0.142492,0.980447]]],"btipPosition":[-74.858,273.432,-37.6419],"carpPosition":[-49.4014,248.589,57.137],"dipPosition":[-77.9998,270.134,-14.9447],"direction":[-0.0697122,0.200823,-0.977144],"extended":false,"handId":358,"id":3580,"length":51.5512,"mcpPosition":[-49.4014,248.589,57.137],"pipPosition":[-75.6487,263.361,18.0103],"stabilizedTipPosition":[-116.785,254.229,63.9325],"timeVisible":1.55458,"tipPosition":[-74.9777,272.555,-32.4337],"tipVelocity":[75.8423,81.1177,-196.056],"tool":false,"touchDistance":-0.592453,"touchZone":"hovering","type":0,"width":20.0304},{"bases":[[[0.983303,0.0367176,-0.178231],[0.0797426,0.793441,0.603401],[0.163571,-0.607539,0.777265]],[[0.95374,0.115294,-0.277648],[0.00650006,0.915416,0.402458],[0.300564,-0.385644,0.872319]],[[0.95374,0.115294,-0.277648],[-0.035124,0.959948,0.277968],[0.298575,-0.255357,0.91959]],[[0.95374,0.115294,-0.277648],[-0.0654218,0.981002,0.182636],[0.29343,-0.156023,0.943163]]],"btipPosition":[-76.0634,338.254,-68.5457],"carpPosition":[-39.2896,268.911,63.0134],"dipPosition":[-71.1043,335.617,-52.606],"direction":[-0.298575,0.255357,-0.91959],"extended":true,"handId":358,"id":3581,"length":58.1698,"mcpPosition":[-51.193,313.123,6.45035],"pipPosition":[-63.9659,329.512,-30.6202],"stabilizedTipPosition":[-108.128,309.207,10.1716],"timeVisible":1.55458,"tipPosition":[-74.6413,335.809,-65.3655],"tipVelocity":[68.5428,147.523,-181.238],"tool":false,"touchDistance":-0.579006,"touchZone":"hovering","type":1,"width":19.133},{"bases":[[[0.968264,-0.181505,-0.171817],[0.248406,0.774695,0.5815],[0.0275605,-0.605726,0.795196]],[[0.968482,-0.187244,-0.164263],[0.0681396,0.833476,-0.548338],[0.239583,0.519862,0.819966]],[[0.968482,-0.187244,-0.164263],[-0.232885,-0.446756,-0.863813],[0.0883584,0.874842,-0.476282]],[[0.968482,-0.187244,-0.164263],[-0.233599,-0.91167,-0.338066],[-0.0864531,0.365782,-0.926676]]],"btipPosition":[-41.6062,256.653,-1.92053],"carpPosition":[-27.4031,271.044,61.429],"dipPosition":[-43.2132,263.452,-19.1458],"direction":[-0.0883584,-0.874842,0.476282],"extended":false,"handId":358,"id":3582,"length":66.2798,"mcpPosition":[-29.3051,312.846,6.55141],"pipPosition":[-40.7278,288.06,-32.5427],"stabilizedTipPosition":[-81.2655,233.404,88.7172],"timeVisible":1.55458,"tipPosition":[-41.8057,258.129,-4.85774],"tipVelocity":[84.0725,108.572,-178.381],"tool":false,"touchDistance":0.333333,"touchZone":"none","type":2,"width":18.7912},{"bases":[[[0.940267,-0.326544,-0.0962681],[0.317701,0.740044,0.592791],[-0.12233,-0.587967,0.799582]],[[0.934923,-0.34871,-0.0657319],[0.236905,0.75128,-0.615998],[0.264188,0.560339,0.785]],[[0.934923,-0.34871,-0.0657319],[-0.242675,-0.49316,-0.835405],[0.258898,0.796991,-0.54569]],[[0.934923,-0.34871,-0.0657319],[-0.351733,-0.886169,-0.301642],[0.0469361,0.305132,-0.951153]]],"btipPosition":[-27.5536,254.219,7.51953],"carpPosition":[-15.4958,270.03,59.224],"dipPosition":[-26.6861,259.858,-10.0591],"direction":[-0.258898,-0.796991,0.54569],"extended":false,"handId":358,"id":3583,"length":63.7298,"mcpPosition":[-7.91612,306.461,9.6813],"pipPosition":[-19.5919,281.697,-25.0119],"stabilizedTipPosition":[-63.4832,229.297,84.7108],"timeVisible":1.55458,"tipPosition":[-27.2346,255.588,3.99963],"tipVelocity":[81.4631,116.363,-157.633],"tool":false,"touchDistance":0.333333,"touchZone":"none","type":3,"width":17.881},{"bases":[[[0.854284,-0.510158,-0.0996923],[0.448015,0.625373,0.638899],[-0.263594,-0.590464,0.762804]],[[0.795345,-0.605167,0.0346356],[0.507279,0.63324,-0.584529],[0.331805,0.482472,0.810633]],[[0.795345,-0.605167,0.0346356],[-0.285499,-0.424399,-0.859288],[0.534712,0.673542,-0.510318]],[[0.795345,-0.605167,0.0346356],[-0.557658,-0.752908,-0.349495],[0.23758,0.258654,-0.936298]]],"btipPosition":[-15.4899,261.801,8.58605],"carpPosition":[-4.6079,262.25,54.8535],"dipPosition":[-11.4391,266.211,-7.37772],"direction":[-0.534712,-0.673542,0.510318],"extended":false,"handId":358,"id":3584,"length":49.963,"mcpPosition":[10.5109,296.116,11.1018],"pipPosition":[-1.09422,279.242,-17.2507],"stabilizedTipPosition":[-48.278,235.608,76.5849],"timeVisible":1.55458,"tipPosition":[-14.474,262.805,5.40668],"tipVelocity":[73.7664,122.813,-145.221],"tool":false,"touchDistance":0.333333,"touchZone":"none","type":4,"width":15.8833}],"r":[[0.916562,0.0214258,0.399318],[-0.0364904,0.998879,0.0301612],[-0.398224,-0.0422159,0.916316]],"s":1.02407,"t":[64.2116,101.403,-138.844],"timestamp":15304577587},false],[4,{"currentFrameRate":110.532,"devices":[],"gestures":[],"hands":[{"armBasis":[[0.971164,-0.0150166,-0.237938],[0.0963221,0.937649,0.333971],[0.218087,-0.347259,0.912058]],"armWidth":63.029,"confidence":0.600107,"direction":[0.0168548,0.713879,-0.700066],"elbow":[38.2841,164.022,303.406],"grabStrength":0,"id":358,"palmNormal":[-0.0989064,-0.695541,-0.711646],"palmPosition":[-26.9853,292.537,19.8299],"palmVelocity":[42.4382,109.997,-148.319],"palmWidth":90.0033,"pinchStrength":0.465476,"r":[[0.914044,0.0270588,0.404711],[-0.0426641,0.998651,0.0295878],[-0.403365,-0.0443112,0.913966]],"s":1.02679,"sphereCenter":[-47.8831,280.236,-20.6456],"sphereRadius":46.2413,"stabilizedPalmPosition":[-55.5633,261.946,105.651],"t":[64.5266,102.269,-139.977],"timeVisible":1.56355,"type":"right","wrist":[-19.9609,256.766,59.8205]}],"id":1164567,"interactionBox":{"center":[0,200,0],"size":[235.247,235.247,147.751]},"pointables":[{"bases":[[[0.49212,0.728723,0.476215],[-0.763078,0.097832,0.638858],[0.418962,-0.677785,0.604218]],[[0.266487,0.948166,0.173105],[-0.804509,0.11991,0.58171],[0.530801,-0.294283,0.794763]],[[0.266487,0.948166,0.173105],[-0.961339,0.248549,0.118534],[0.0693649,-0.198,0.977745]],[[0.266487,0.948166,0.173105],[-0.953768,0.285309,-0.0944751],[-0.138967,-0.139925,0.980362]]],"btipPosition":[-74.4625,273.657,-38.6647],"carpPosition":[-49.1312,249.21,56.2482],"dipPosition":[-77.6795,270.418,-15.9696],"direction":[-0.0693649,0.198,-0.977745],"extended":false,"handId":358,"id":3580,"length":51.5512,"mcpPosition":[-49.1312,249.21,56.2482],"pipPosition":[-75.3401,263.74,17.0057],"stabilizedTipPosition":[-116.494,254.36,63.251],"timeVisible":1.56355,"tipPosition":[-74.6187,272.882,-33.438],"tipVelocity":[66.6262,66.192,-173.623],"tool":false,"touchDistance":-0.576891,"touchZone":"hovering","type":0,"width":20.0304},{"bases":[[[0.983659,0.0397792,-0.175591],[0.0754959,0.794263,0.602865],[0.163447,-0.60627,0.778281]],[[0.953857,0.118681,-0.27581],[0.00348231,0.914135,0.405395],[0.30024,-0.38765,0.871541]],[[0.953857,0.118681,-0.27581],[-0.0381784,0.959052,0.280644],[0.297823,-0.257165,0.91933]],[[0.953857,0.118681,-0.27581],[-0.068507,0.980362,0.184926],[0.292341,-0.157498,0.943256]]],"btipPosition":[-75.8167,338.973,-69.4625],"carpPosition":[-39.1021,269.57,62.1328],"dipPosition":[-70.8761,336.312,-53.5212],"direction":[-0.297823,0.257165,-0.91933],"extended":true,"handId":358,"id":3581,"length":58.1698,"mcpPosition":[-50.9965,313.69,5.49586],"pipPosition":[-63.7556,330.163,-31.5416],"stabilizedTipPosition":[-107.071,310.128,7.77005],"timeVisible":1.56355,"tipPosition":[-74.3909,336.571,-66.2817],"tipVelocity":[57.1795,128.941,-159.598],"tool":false,"touchDistance":-0.563185,"touchZone":"hovering","type":1,"width":19.133},{"bases":[[[0.969318,-0.178485,-0.169011],[0.244278,0.77605,0.581441],[0.0273828,-0.604888,0.79584]],[[0.969536,-0.184252,-0.161406],[0.0668795,0.833017,-0.54919],[0.235643,0.521665,0.819962]],[[0.969536,-0.184252,-0.161406],[-0.229041,-0.44832,-0.864031],[0.0868375,0.874677,-0.476864]],[[0.969536,-0.184252,-0.161406],[-0.229725,-0.912645,-0.338091],[-0.0850127,0.36487,-0.927169]]],"btipPosition":[-41.2054,257.227,-2.78956],"carpPosition":[-27.2184,271.74,60.5788],"dipPosition":[-42.7856,264.01,-20.024],"direction":[-0.0868375,-0.874677,0.476864],"extended":false,"handId":358,"id":3582,"length":66.2798,"mcpPosition":[-29.1081,313.484,5.6567],"pipPosition":[-40.3431,288.613,-33.4372],"stabilizedTipPosition":[-80.8738,233.655,87.7752],"timeVisible":1.56355,"tipPosition":[-41.4033,258.708,-5.75047],"tipVelocity":[73.4795,96.26,-156.141],"tool":false,"touchDistance":0.333333,"touchZone":"none","type":2,"width":18.7912},{"bases":[[[0.941592,-0.323545,-0.0934022],[0.313656,0.741637,0.592954],[-0.122576,-0.587616,0.799801]],[[0.936337,-0.345338,-0.0633648],[0.233587,0.74745,-0.621897],[0.262127,0.567504,0.780531]],[[0.936337,-0.345338,-0.0633648],[-0.240492,-0.499334,-0.832364],[0.255806,0.794611,-0.550596]],[[0.936337,-0.345338,-0.0633648],[-0.347918,-0.888354,-0.299634],[0.0471847,0.302605,-0.951948]]],"btipPosition":[-27.1732,254.726,7.03564],"carpPosition":[-15.3019,270.764,58.407],"dipPosition":[-26.3011,260.319,-10.5577],"direction":[-0.255806,-0.794611,0.550596],"extended":false,"handId":358,"id":3583,"length":63.7298,"mcpPosition":[-7.70693,307.173,8.85077],"pipPosition":[-19.2916,282.092,-25.6449],"stabilizedTipPosition":[-62.8305,229.775,83.2497],"timeVisible":1.56355,"tipPosition":[-26.8577,256.136,3.34399],"tipVelocity":[70.8064,99.6579,-129.355],"tool":false,"touchDistance":0.333333,"touchZone":"none","type":3,"width":17.881},{"bases":[[[0.856221,-0.507443,-0.0968868],[0.44422,0.627438,0.639523],[-0.263731,-0.590612,0.762642]],[[0.797249,-0.602495,0.0373315],[0.506729,0.634355,-0.583797],[0.328053,0.484349,0.811041]],[[0.797249,-0.602495,0.0373315],[-0.281635,-0.425947,-0.859797],[0.533924,0.674958,-0.50927]],[[0.797249,-0.602495,0.0373315],[-0.554112,-0.754958,-0.350711],[0.239485,0.258918,-0.935739]]],"btipPosition":[-15.1368,262.477,7.77133],"carpPosition":[-4.37666,263.015,54.0736],"dipPosition":[-11.0536,266.891,-8.18291],"direction":[-0.533924,-0.674958,0.50927],"extended":false,"handId":358,"id":3584,"length":49.963,"mcpPosition":[10.75,296.89,10.3312],"pipPosition":[-0.723904,279.95,-18.0356],"stabilizedTipPosition":[-47.4578,236.279,74.8404],"timeVisible":1.56355,"tipPosition":[-14.1143,263.486,4.58758],"tipVelocity":[64.5784,109.863,-130.269],"tool":false,"touchDistance":0.333333,"touchZone":"none","type":4,"width":15.8833}],"r":[[0.914044,0.0270588,0.404711],[-0.0426641,0.998651,0.0295878],[-0.403365,-0.0443112,0.913966]],"s":1.02679,"t":[64.5266,102.269,-139.977],"timestamp":15304586555},false],[5,{"currentFrameRate":110.347,"devices":[],"gestures":[],"hands":[{"armBasis":[[0.971949,-0.0144956,-0.234745],[0.0945599,0.93796,0.333601],[0.215345,-0.346441,0.91302]],"armWidth":63.029,"confidence":0.613431,"direction":[0.0176147,0.712717,-0.70123],"elbow":[37.767,164.759,303.103],"grabStrength":0,"id":358,"palmNormal":[-0.0965465,-0.696849,-0.71069],"palmPosition":[-26.721,292.98,19.1942],"palmVelocity":[38.3688,92.1163,-125.374],"palmWidth":90.0033,"pinchStrength":0.465497,"r":[[0.911793,0.0318968,0.40941],[-0.0478346,0.998442,0.0287441],[-0.407855,-0.0457926,0.911898]],"s":1.02978,"sphereCenter":[-47.924,280.839,-21.1243],"sphereRadius":46.3447,"stabilizedPalmPosition":[-55.3131,262.215,104.902],"t":[64.8162,102.923,-140.861],"timeVisible":1.57294,"type":"right","wrist":[-19.7457,257.284,59.2607]}],"id":1164568,"interactionBox":{"center":[0,200,0],"size":[235.247,235.247,147.751]},"pointables":[{"bases":[[[0.490246,0.730075,0.476077],[-0.764606,0.0980529,0.636995],[0.418373,-0.676296,0.60629]],[[0.263845,0.949364,0.170566],[-0.806261,0.120002,0.579261],[0.529461,-0.290356,0.797097]],[[0.263845,0.949364,0.170566],[-0.962088,0.246356,0.117025],[0.0690793,-0.194976,0.978372]],[[0.263845,0.949364,0.170566],[-0.9538,0.283135,-0.100503],[-0.143707,-0.136169,0.980207]]],"btipPosition":[-74.0453,273.754,-39.4095],"carpPosition":[-48.8995,249.689,55.6362],"dipPosition":[-77.3721,270.602,-16.7179],"direction":[-0.0690793,0.194976,-0.978372],"extended":false,"handId":358,"id":3580,"length":51.5512,"mcpPosition":[-48.8995,249.689,55.6362],"pipPosition":[-75.0423,264.026,16.2785],"stabilizedTipPosition":[-116.217,254.484,62.6037],"timeVisible":1.57294,"tipPosition":[-74.2586,273.07,-34.1677],"tipVelocity":[59.5438,50.8914,-146.808],"tool":false,"touchDistance":-0.558719,"touchZone":"hovering","type":0,"width":20.0304},{"bases":[[[0.984002,0.0405855,-0.173471],[0.0732678,0.795362,0.601691],[0.162392,-0.604775,0.779664]],[[0.954042,0.119886,-0.274648],[0.00282041,0.912859,0.408266],[0.29966,-0.390278,0.870567]],[[0.954042,0.119886,-0.274648],[-0.038863,0.958248,0.283284],[0.297142,-0.259591,0.918868]],[[0.954042,0.119886,-0.274648],[-0.0692523,0.979884,0.187165],[0.291561,-0.159543,0.943153]]],"btipPosition":[-75.49,339.57,-70.133],"carpPosition":[-38.9063,270.071,61.5088],"dipPosition":[-70.5625,336.873,-54.1935],"direction":[-0.297142,0.259591,-0.918868],"extended":true,"handId":358,"id":3581,"length":58.1698,"mcpPosition":[-50.7239,314.081,4.7712],"pipPosition":[-63.4584,330.667,-32.2249],"stabilizedTipPosition":[-105.964,311.104,5.25726],"timeVisible":1.57294,"tipPosition":[-74.0619,337.197,-66.9548],"tipVelocity":[50.7158,110.071,-134.511],"tool":false,"touchDistance":-0.545264,"touchZone":"hovering","type":1,"width":19.133},{"bases":[[[0.969891,-0.177683,-0.166555],[0.242118,0.777302,0.580673],[0.026288,-0.603515,0.796918]],[[0.970101,-0.183549,-0.158791],[0.0671293,0.831657,-0.551217],[0.233235,0.524076,0.819113]],[[0.970101,-0.183549,-0.158791],[-0.226569,-0.450321,-0.863642],[0.0870143,0.873797,-0.478443]],[[0.970101,-0.183549,-0.158791],[-0.228029,-0.913345,-0.337347],[-0.0831107,0.36347,-0.927891]]],"btipPosition":[-40.8585,257.58,-3.36687],"carpPosition":[-27.0216,272.251,59.9775],"dipPosition":[-42.4034,264.336,-20.6147],"direction":[-0.0870143,-0.873797,0.478443],"extended":false,"handId":358,"id":3582,"length":66.2798,"mcpPosition":[-28.8358,313.901,4.98103],"pipPosition":[-39.9559,288.914,-34.0724],"stabilizedTipPosition":[-80.4375,233.935,86.729],"timeVisible":1.57294,"tipPosition":[-41.0532,259.073,-6.37334],"tipVelocity":[63.3267,79.3653,-129.294],"tool":false,"touchDistance":0.333333,"touchZone":"none","type":2,"width":18.7912},{"bases":[[[0.942158,-0.322646,-0.0907635],[0.311508,0.742986,0.592397],[-0.123699,-0.586405,0.800517]],[[0.937145,-0.343361,-0.0621479],[0.228199,0.737812,-0.635263],[0.263978,0.581152,0.769791]],[[0.937145,-0.343361,-0.0621479],[-0.242097,-0.511539,-0.824449],[0.251292,0.787674,-0.562513]],[[0.937145,-0.343361,-0.0621479],[-0.345987,-0.891242,-0.293224],[0.0452929,0.296296,-0.954022]]],"btipPosition":[-26.8241,254.875,7.25771],"carpPosition":[-15.0991,271.285,57.8339],"dipPosition":[-25.987,260.351,-10.3739],"direction":[-0.251292,-0.787674,0.562513],"extended":false,"handId":358,"id":3583,"length":63.7298,"mcpPosition":[-7.43468,307.619,8.2333],"pipPosition":[-19.1012,281.935,-25.7877],"stabilizedTipPosition":[-62.0467,230.346,81.5166],"timeVisible":1.57294,"tipPosition":[-26.5231,256.357,3.24523],"tipVelocity":[60.9917,75.014,-86.0766],"tool":false,"touchDistance":0.333333,"touchZone":"none","type":3,"width":17.881},{"bases":[[[0.857001,-0.506646,-0.0941275],[0.442095,0.629012,0.63945],[-0.264767,-0.589622,0.763049]],[[0.797856,-0.601514,0.0400834],[0.50682,0.633277,-0.584888],[0.326434,0.486971,0.810123]],[[0.797856,-0.601514,0.0400834],[-0.279768,-0.428343,-0.859216],[0.534,0.674316,-0.510041]],[[0.797856,-0.601514,0.0400834],[-0.552523,-0.756228,-0.350481],[0.241131,0.257486,-0.935712]]],"btipPosition":[-14.8293,262.891,7.25875],"carpPosition":[-4.1557,263.541,53.5378],"dipPosition":[-10.718,267.281,-8.69503],"direction":[-0.534,-0.674316,0.510041],"extended":false,"handId":358,"id":3584,"length":49.963,"mcpPosition":[11.0304,297.359,9.77205],"pipPosition":[-0.3869,280.327,-18.5626],"stabilizedTipPosition":[-46.564,237.015,72.9437],"timeVisible":1.57294,"tipPosition":[-13.7971,263.905,4.04185],"tipVelocity":[55.7142,90.9837,-108.727],"tool":false,"touchDistance":0.333333,"touchZone":"none","type":4,"width":15.8833}],"r":[[0.911793,0.0318968,0.40941],[-0.0478346,0.998442,0.0287441],[-0.407855,-0.0457926,0.911898]],"s":1.02978,"t":[64.8162,102.923,-140.861],"timestamp":15304595945},false],[6,{"currentFrameRate":110.416,"devices":[],"gestures":[],"hands":[{"armBasis":[[0.971924,-0.00764975,-0.235171],[0.0885336,0.937912,0.335386],[0.218004,-0.34679,0.912256]],"armWidth":63.029,"confidence":0.620819,"direction":[0.0178202,0.711714,-0.702244],"elbow":[38.5093,165.193,302.259],"grabStrength":0,"id":358,"palmNormal":[-0.0896745,-0.698387,-0.71008],"palmPosition":[-26.6534,293.412,18.4638],"palmVelocity":[29.9641,80.1765,-113.468],"palmWidth":90.0033,"pinchStrength":0.460012,"r":[[0.909504,0.0367435,0.414068],[-0.0529327,0.998214,0.0276877],[-0.412311,-0.0470998,0.909825]],"s":1.03262,"sphereCenter":[-47.9083,281.299,-21.8122],"sphereRadius":46.4184,"stabilizedPalmPosition":[-55.0516,262.5,104.113],"t":[64.9949,103.467,-141.668],"timeVisible":1.58187,"type":"right","wrist":[-19.7135,257.811,58.6207]}],"id":1164569,"interactionBox":{"center":[0,200,0],"size":[235.247,235.247,147.751]},"pointables":[{"bases":[[[0.484397,0.733102,0.477411],[-0.768274,0.0954361,0.632967],[0.418467,-0.673389,0.609453]],[[0.257436,0.951399,0.169019],[-0.810027,0.117106,0.574581],[0.526862,-0.284827,0.800806]],[[0.257436,0.951399,0.169019],[-0.964016,0.240862,0.11251],[0.0663321,-0.191901,0.97917]],[[0.257436,0.951399,0.169019],[-0.954525,0.277597,-0.108729],[-0.150363,-0.133342,0.979597]]],"btipPosition":[-73.5834,273.696,-40.3809],"carpPosition":[-48.8127,250.074,54.8608],"dipPosition":[-77.0643,270.609,-17.7034],"direction":[-0.0663321,0.191901,-0.97917],"extended":false,"handId":358,"id":3580,"length":51.5512,"mcpPosition":[-48.8127,250.074,54.8608],"pipPosition":[-74.8272,264.137,15.3199],"stabilizedTipPosition":[-115.985,254.587,62.0601],"timeVisible":1.58187,"tipPosition":[-73.8622,273.091,-35.1274],"tipVelocity":[56.3195,35.7,-136.512],"tool":false,"touchDistance":-0.5458,"touchZone":"hovering","type":0,"width":20.0304},{"bases":[[[0.984667,0.0449445,-0.168556],[0.066486,0.796621,0.600812],[0.161278,-0.602806,0.781418]],[[0.954579,0.124495,-0.270703],[-0.00242377,0.911741,0.410758],[0.297948,-0.391445,0.870631]],[[0.954579,0.124495,-0.270703],[-0.0439578,0.957427,0.285308],[0.294698,-0.26045,0.919412]],[[0.954579,0.124495,-0.270703],[-0.0742152,0.979238,0.188642],[0.288567,-0.159983,0.943999]]],"btipPosition":[-75.266,339.944,-71.0475],"carpPosition":[-38.9451,270.511,60.7519],"dipPosition":[-70.3891,337.24,-55.0937],"direction":[-0.294698,0.26045,-0.919412],"extended":true,"handId":358,"id":3581,"length":58.1698,"mcpPosition":[-50.6817,314.378,3.88669],"pipPosition":[-63.3434,331.013,-33.1121],"stabilizedTipPosition":[-104.919,312.03,2.87387],"timeVisible":1.58187,"tipPosition":[-73.8375,337.61,-67.8654],"tipVelocity":[43.3613,91.4167,-125.634],"tool":false,"touchDistance":-0.532739,"touchZone":"touching","type":1,"width":19.133},{"bases":[[[0.971545,-0.173377,-0.161371],[0.235523,0.779323,0.580676],[0.0250843,-0.602159,0.797982]],[[0.971751,-0.179541,-0.153182],[0.0649313,0.827392,-0.557859],[0.2269,0.532154,0.815677]],[[0.971751,-0.179541,-0.153182],[-0.220304,-0.457259,-0.861615],[0.0846517,0.871022,-0.483896]],[[0.971751,-0.179541,-0.153182],[-0.22203,-0.915523,-0.335441],[-0.0800162,0.359976,-0.929524]]],"btipPosition":[-40.5061,257.738,-3.79288],"carpPosition":[-27.0632,272.745,59.2774],"dipPosition":[-41.9935,264.429,-21.0711],"direction":[-0.0846517,-0.871022,0.483896],"extended":false,"handId":358,"id":3582,"length":66.2798,"mcpPosition":[-28.7943,314.301,4.20749],"pipPosition":[-39.6124,288.929,-34.6821],"stabilizedTipPosition":[-80.0053,234.212,85.6974],"timeVisible":1.58187,"tipPosition":[-40.7064,259.293,-6.99863],"tipVelocity":[57.2132,62.0751,-107.234],"tool":false,"touchDistance":0.333333,"touchZone":"none","type":2,"width":18.7912},{"bases":[[[0.944109,-0.318352,-0.0854943],[0.305013,0.745352,0.592805],[-0.124997,-0.585749,0.800795]],[[0.939105,-0.338845,-0.0571536],[0.227065,0.736739,-0.636912],[0.257922,0.58515,0.768815]],[[0.939105,-0.338845,-0.0571536],[-0.235939,-0.51489,-0.824149],[0.249831,0.787447,-0.563483]],[[0.939105,-0.338845,-0.0571536],[-0.340202,-0.893347,-0.293589],[0.0484231,0.295154,-0.954222]]],"btipPosition":[-26.5203,255.232,6.67557],"carpPosition":[-15.1256,271.831,57.1956],"dipPosition":[-25.6253,260.687,-10.9598],"direction":[-0.249831,-0.787447,0.563483],"extended":false,"handId":358,"id":3583,"length":63.7298,"mcpPosition":[-7.38069,308.125,7.57774],"pipPosition":[-18.7796,282.264,-26.4001],"stabilizedTipPosition":[-61.2469,230.931,79.7506],"timeVisible":1.58187,"tipPosition":[-26.2115,256.718,2.62682],"tipVelocity":[54.0333,65.2809,-80.3925],"tool":false,"touchDistance":0.333333,"touchZone":"none","type":3,"width":17.881},{"bases":[[[0.859835,-0.502755,-0.0890018],[0.435894,0.632065,0.640695],[-0.265858,-0.589687,0.76262]],[[0.800472,-0.597677,0.045029],[0.50606,0.633688,-0.585101],[0.321167,0.491144,0.809709]],[[0.800472,-0.597677,0.045029],[-0.27422,-0.431995,-0.859176],[0.532962,0.675398,-0.509695]],[[0.800472,-0.597677,0.045029],[-0.547264,-0.759454,-0.351755],[0.244433,0.256927,-0.935008]]],"btipPosition":[-14.5874,263.329,6.70836],"carpPosition":[-4.12433,264.132,52.967],"dipPosition":[-10.4198,267.71,-9.23343],"direction":[-0.532962,-0.675398,0.509695],"extended":false,"handId":358,"id":3584,"length":49.963,"mcpPosition":[11.1243,297.954,9.22586],"pipPosition":[-0.108759,280.776,-19.0943],"stabilizedTipPosition":[-45.7019,237.73,71.1139],"timeVisible":1.58187,"tipPosition":[-13.5368,264.355,3.44887],"tipVelocity":[48.2944,79.4566,-95.7817],"tool":false,"touchDistance":0.333333,"touchZone":"none","type":4,"width":15.8833}