{"sensorType":"Leap","data":[[0,{"currentFrameRate":110.626,"devices":[],"gestures":[],"hands":[{"armBasis":[[0.95885,0.155221,-0.237725],[-0.0396402,0.902306,0.42927],[0.281132,-0.402182,0.871329]],"armWidth":63.029,"confidence":0.714317,"direction":[-0.0234014,0.698189,-0.71553],"elbow":[46.3531,149.897,298.626],"grabStrength":0.0592051,"id":359,"palmNormal":[0.0338891,-0.714761,-0.698547],"palmPosition":[-37.3683,291.242,24.6616],"palmVelocity":[134.425,157.607,-138.464],"palmWidth":90.0033,"pinchStrength":0.452141,"r":[[0.948279,-0.218045,0.230702],[0.216759,0.975726,0.0312296],[-0.231911,0.0203924,0.972523]],"s":0.976787,"sphereCenter":[-57.9449,278.026,-16.4018],"sphereRadius":47.6183,"stabilizedPalmPosition":[-39.4211,288.826,26.8015],"t":[59.7066,31.2161,-123.405],"timeVisible":15.4829,"type":"right","wrist":[-28.7294,257.309,65.9185]}],"id":1167329,"interactionBox":{"center":[0,200,0],"size":[235.247,235.247,147.751]},"pointables":[{"bases":[[[0.367178,0.791877,0.487967],[-0.810134,0.0145014,0.586065],[0.457015,-0.610509,0.646851]],[[0.122202,0.981911,0.144628],[-0.807788,0.0137311,0.589313],[0.576667,-0.188844,0.794854]],[[0.122202,0.981911,0.144628],[-0.992251,0.117572,0.0401726],[0.0224418,-0.148416,0.98867]],[[0.122202,0.981911,0.144628],[-0.992483,0.121861,0.0112512],[-0.00657677,-0.144915,0.989422]]],"btipPosition":[-85.5415,263.85,-34.8132],"carpPosition":[-56.4632,246.165,60.6824],"dipPosition":[-85.6937,260.495,-11.9083],"direction":[-0.0224418,0.148416,-0.98867],"extended":false,"handId":359,"id":3590,"length":51.5512,"mcpPosition":[-56.4632,246.165,60.6824],"pipPosition":[-84.9369,255.49,21.4355],"stabilizedTipPosition":[-89.2429,260.096,-26.4452],"timeVisible":15.4829,"tipPosition":[-85.6032,262.635,-29.7197],"tipVelocity":[195.868,162.937,-164.774],"tool":false,"touchDistance":-0.490898,"touchZone":"touching","type":0,"width":20.0304},{"bases":[[[0.981038,0.157247,-0.113303],[-0.0618218,0.807942,0.586011],[0.18369,-0.567894,0.802343]],[[0.952573,0.223043,-0.20702],[-0.0659593,0.815448,0.57506],[0.297077,-0.534132,0.791485]],[[0.952573,0.223043,-0.20702],[-0.185134,0.964667,0.187462],[0.241518,-0.140245,0.960209]],[[0.952573,0.223043,-0.20702],[-0.256237,0.954862,-0.150272],[0.164159,0.196191,0.966727]]],"btipPosition":[-83.9361,331.766,-64.6432],"carpPosition":[-49.3952,267.704,66.6751],"dipPosition":[-81.1617,335.082,-48.3052],"direction":[-0.241518,0.140245,-0.960209],"extended":true,"handId":359,"id":3591,"length":58.1698,"mcpPosition":[-62.7627,309.03,8.28714],"pipPosition":[-75.3874,331.729,-25.3482],"stabilizedTipPosition":[-85.3055,330.611,-58.8405],"timeVisible":15.4829,"tipPosition":[-82.5942,330.973,-60.7356],"tipVelocity":[159.27,162.056,-165.016],"tool":false,"touchDistance":0.14125,"touchZone":"hovering","type":1,"width":19.133},{"bases":[[[0.992904,-0.0609774,-0.102091],[0.108972,0.81023,0.575892],[0.0476008,-0.582931,0.811126]],[[0.993258,-0.0656983,-0.0955158],[0.00657287,0.854505,-0.519401],[0.115742,0.515271,0.849176]],[[0.993258,-0.0656983,-0.0955158],[-0.113174,-0.370949,-0.921731],[0.0251247,0.926326,-0.375884]],[[0.993258,-0.0656983,-0.0955158],[-0.102737,-0.880549,-0.462687],[-0.0537086,0.46938,-0.881361]]],"btipPosition":[-46.2978,252.171,-3.67878],"carpPosition":[-37.7861,271.29,65.8292],"dipPosition":[-47.2961,260.896,-20.0617],"direction":[-0.0251247,-0.926326,0.375884],"extended":false,"handId":359,"id":3592,"length":66.2798,"mcpPosition":[-41.0711,311.518,9.85217],"pipPosition":[-46.5894,286.952,-30.6346],"stabilizedTipPosition":[-49.7598,251.306,-4.77742],"timeVisible":15.4829,"tipPosition":[-46.507,253.778,-7.40075],"tipVelocity":[174.186,157.545,-145.287],"tool":false,"touchDistance":0.333333,"touchZone":"none","type":2,"width":18.7912},{"bases":[[[0.978028,-0.207,-0.024735],[0.181094,0.784808,0.59269],[-0.103274,-0.584147,0.805051]],[[0.974597,-0.223962,-0.0012259],[0.180694,0.789521,-0.586521],[0.132326,0.5714,0.809933]],[[0.974597,-0.223962,-0.0012259],[-0.101043,-0.434801,-0.89484],[0.199877,0.872232,-0.446386]],[[0.974597,-0.223962,-0.0012259],[-0.202762,-0.87999,-0.42954],[0.0951219,0.418877,-0.903047]]],"btipPosition":[-32.4054,251.046,7.69393],"carpPosition":[-25.7212,271.747,64.4493],"dipPosition":[-30.6474,258.787,-8.99564],"direction":[-0.199877,-0.872232,0.446386],"extended":false,"handId":359,"id":3593,"length":63.7298,"mcpPosition":[-19.3223,307.941,14.5678],"pipPosition":[-25.1704,282.688,-21.2273],"stabilizedTipPosition":[-34.0044,250.941,5.26665],"timeVisible":15.4829,"tipPosition":[-31.9571,252.712,2.89431],"tipVelocity":[166.833,159.432,-116.637],"tool":false,"touchDistance":0.333333,"touchZone":"none","type":3,"width":17.881},{"bases":[[[0.916046,-0.400026,-0.0289801],[0.321168,0.688346,0.650408],[-0.240231,-0.605111,0.759032]],[[0.845406,-0.517899,0.130651],[0.505869,0.697855,-0.507045],[0.171423,0.494751,0.85196]],[[0.845406,-0.517899,0.130651],[-0.0857482,-0.373033,-0.923847],[0.527197,0.769823,-0.359773]],[[0.845406,-0.517899,0.130651],[-0.39336,-0.769164,-0.503641],[0.361327,0.374388,-0.853977]]],"btipPosition":[-22.2487,261.45,9.20948],"carpPosition":[-13.6718,265.324,61.0222],"dipPosition":[-16.0881,267.833,-5.35072],"direction":[-0.527197,-0.769823,0.359773],"extended":false,"handId":359,"id":3594,"length":49.963,"mcpPosition":[0.107062,300.031,17.4868],"pipPosition":[-5.8886,282.727,-12.3111],"stabilizedTipPosition":[-22.5327,261.123,7.17087],"timeVisible":15.4829,"tipPosition":[-20.7153,262.934,4.88984],"tipVelocity":[158.919,165.166,-116.71],"tool":false,"touchDistance":0.333333,"touchZone":"none","type":4,"width":15.8833}],"r":[[0.948279,-0.218045,0.230702],[0.216759,0.975726,0.0312296],[-0.231911,0.0203924,0.972523]],"s":0.976787,"t":[59.7066,31.2161,-123.405],"timestamp":15329966638},false],[1,{"currentFrameRate":110.585,"devices":[],"gestures":[],"hands":[{"armBasis":[[0.959993,0.156822,-0.231992],[-0.0432602,0.901583,0.430438],[0.276662,-0.403181,0.872298]],"armWidth":63.029,"confidence":0.728228,"direction":[-0.0200603,0.701397,-0.712489],"elbow":[46.1851,151.016,297.635],"grabStrength":0.0524178,"id":359,"palmNormal":[0.0388386,-0.711548,-0.701564],"palmPosition":[-36.1421,292.803,23.516],"palmVelocity":[134.457,161.407,-134.92],"palmWidth":90.0033,"pinchStrength":0.44975,"r":[[0.947655,-0.215282,0.235803],[0.213322,0.976386,0.0341078],[-0.237578,0.0179797,0.971202]],"s":0.977602,"sphereCenter":[-56.5642,279.75,-17.6827],"sphereRadius":47.6472,"stabilizedPalmPosition":[-38.2083,290.297,25.5863],"t":[60.8947,32.6984,-124.595],"timeVisible":15.492,"type":"right","wrist":[-27.7037,258.694,64.6688]}],"id":1167330,"interactionBox":{"center":[0,200,0],"size":[235.247,235.247,147.751]},"pointables":[{"bases":[[[0.36336,0.790091,0.493686],[-0.813565,0.0108871,0.581372],[0.453962,-0.612893,0.646746]],[[0.120661,0.981223,0.150476],[-0.809999,0.00968505,0.586351],[0.573884,-0.192635,0.795958]],[[0.120661,0.981223,0.150476],[-0.992536,0.116542,0.0359283],[0.0177168,-0.153688,0.987961]],[[0.120661,0.981223,0.150476],[-0.992298,0.123501,-0.00963988],[-0.0280428,-0.148154,0.988567]]],"btipPosition":[-83.6774,265.666,-36.2863],"carpPosition":[-55.3928,247.541,59.2201],"dipPosition":[-84.3266,262.236,-13.4012],"direction":[-0.0177168,0.153688,-0.987961],"extended":false,"handId":359,"id":3590,"length":51.5512,"mcpPosition":[-55.3928,247.541,59.2201],"pipPosition":[-83.7291,257.053,19.9187],"stabilizedTipPosition":[-87.3266,261.788,-28.0648],"timeVisible":15.492,"tipPosition":[-83.9143,264.445,-31.2034],"tipVelocity":[194.791,172.487,-164.039],"tool":false,"touchDistance":-0.492306,"touchZone":"touching","type":0,"width":20.0304},{"bases":[[[0.981493,0.158919,-0.106845],[-0.0662252,0.805204,0.589288],[0.179681,-0.571307,0.800827]],[[0.953059,0.22592,-0.201591],[-0.0709645,0.813911,0.57664],[0.294351,-0.535266,0.791737]],[[0.953059,0.22592,-0.201591],[-0.187556,0.963166,0.192701],[0.2377,-0.145846,0.960327]],[[0.953059,0.22592,-0.201591],[-0.256662,0.956007,-0.142038],[0.160633,0.187111,0.969116]]],"btipPosition":[-82.3685,333.707,-65.9104],"carpPosition":[-48.3861,269.061,65.3515],"dipPosition":[-79.6537,336.869,-49.532],"direction":[-0.2377,0.145846,-0.960327],"extended":true,"handId":359,"id":3591,"length":58.1698,"mcpPosition":[-61.4618,310.636,7.07384],"pipPosition":[-73.9707,333.382,-26.5722],"stabilizedTipPosition":[-83.8946,332.126,-60.149],"timeVisible":15.492,"tipPosition":[-81.0282,332.954,-61.9892],"tipVelocity":[162.386,175.104,-157.525],"tool":false,"touchDistance":0.137219,"touchZone":"hovering","type":1,"width":19.133},{"bases":[[[0.993558,-0.0593396,-0.0965513],[0.104622,0.807741,0.58018],[0.0435607,-0.586544,0.808745]],[[0.993908,-0.0645872,-0.0893086],[0.00846039,0.852625,-0.522455],[0.109891,0.518517,0.847977]],[[0.993908,-0.0645872,-0.0893086],[-0.107102,-0.374735,-0.920925],[0.0260129,0.924879,-0.37937]],[[0.993908,-0.0645872,-0.0893086],[-0.0988051,-0.881188,-0.462327],[-0.0488373,0.468334,-0.882201]]],"btipPosition":[-44.846,253.7,-4.58306],"carpPosition":[-36.7765,272.664,64.5897],"dipPosition":[-45.7537,262.405,-20.9816],"direction":[-0.0260129,-0.924879,0.37937],"extended":false,"handId":359,"id":3592,"length":66.2798,"mcpPosition":[-39.7827,313.142,8.77707],"pipPosition":[-45.0221,288.421,-31.6525],"stabilizedTipPosition":[-48.1302,252.829,-6.01645],"timeVisible":15.492,"tipPosition":[-45.0418,255.411,-8.47615],"tipVelocity":[170.688,160.249,-132.611],"tool":false,"touchDistance":0.333333,"touchZone":"none","type":2,"width":18.7912},{"bases":[[[0.978406,-0.205729,-0.0199453],[0.176675,0.782328,0.597285],[-0.107275,-0.587911,0.801781]],[[0.974864,-0.222773,0.00342704],[0.182844,0.791155,-0.583646],[0.127309,0.569602,0.812001]],[[0.974864,-0.222773,0.00342704],[-0.095819,-0.433096,-0.89624],[0.201142,0.873384,-0.443555]],[[0.974864,-0.222773,0.00342704],[-0.199367,-0.879099,-0.432942],[0.0994604,0.421376,-0.901415]]],"btipPosition":[-31.0338,252.676,6.53074],"carpPosition":[-24.7044,273.142,63.2826],"dipPosition":[-29.1956,260.463,-10.1287],"direction":[-0.201142,-0.873384,0.443555],"extended":false,"handId":359,"id":3593,"length":63.7298,"mcpPosition":[-18.0576,309.569,13.6037],"pipPosition":[-23.684,284.396,-22.2828],"stabilizedTipPosition":[-32.4943,252.51,4.1241],"timeVisible":15.492,"tipPosition":[-30.5621,254.372,1.73867],"tipVelocity":[162.86,165.138,-119.476],"tool":false,"touchDistance":0.333333,"touchZone":"none","type":3,"width":17.881},{"bases":[[[0.916683,-0.398806,-0.0254265],[0.316526,0.685771,0.655385],[-0.243935,-0.608828,0.754867]],[[0.845546,-0.517136,0.132746],[0.506995,0.699783,-0.50325],[0.167356,0.492823,0.853884]],[[0.845546,-0.517136,0.132746],[-0.0817098,-0.371046,-0.925013],[0.527613,0.771294,-0.355991]],[[0.845546,-0.517136,0.132746],[-0.390146,-0.768205,-0.507589],[0.364469,0.3774,-0.851312]]],"btipPosition":[-20.9112,263.076,8.13735],"carpPosition":[-12.6273,266.749,59.897],"dipPosition":[-14.697,269.51,-6.37741],"direction":[-0.527613,-0.771294,0.355991],"extended":false,"handId":359,"id":3594,"length":49.963,"mcpPosition":[1.36392,301.669,16.6006],"pipPosition":[-4.48947,284.432,-13.2647],"stabilizedTipPosition":[-21.112,262.721,6.06631],"timeVisible":15.492,"tipPosition":[-19.3572,264.587,3.83349],"tipVelocity":[155.918,169.189,-116.649],"tool":false,"touchDistance":0.333333,"touchZone":"none","type":4,"width":15.8833}],"r":[[0.947655,-0.215282,0.235803],[0.213322,0.976386,0.0341078],[-0.237578,0.0179797,0.971202]],"s":0.977602,"t":[60.8947,32.6984,-124.595],"timestamp":15329975752},false],[2,{"currentFrameRate":110.425,"devices":[],"gestures":[],"hands":[{"armBasis":[[0.961271,0.152297,-0.229704],[-0.0433373,0.906611,0.419736],[0.272177,-0.393526,0.878099]],"armWidth":63.029,"confidence":0.734014,"direction":[-0.0145463,0.711503,-0.702532],"elbow":[45.8451,155.117,297.117],"grabStrength":0.0437854,"id":359,"palmNormal":[0.0408291,-0.701598,-0.711402],"palmPosition":[-34.9813,294.929,21.8939],"palmVelocity":[131.573,180.161,-145.901],"palmWidth":90.0033,"pinchStrength":0.451236,"r":[[0.946771,-0.214228,0.240273],[0.211,0.976692,0.0393994],[-0.243113,0.0133952,0.969906]],"s":0.978294,"sphereCenter":[-55.3141,282.504,-19.5866],"sphereRadius":47.6821,"stabilizedPalmPosition":[-36.9919,292.043,24.1945],"t":[62.0691,34.5024,-126.001],"timeVisible":15.5014,"type":"right","wrist":[-26.8458,260.217,62.6013]}],"id":1167331,"interactionBox":{"center":[0,200,0],"size":[235.247,235.247,147.751]},"pointables":[{"bases":[[[0.362662,0.782072,0.506793],[-0.81662,0.00467723,0.577157],[0.449008,-0.62317,0.640352]],[[0.122477,0.978598,0.165362],[-0.812359,0.00313149,0.583149],[0.57015,-0.205755,0.795357]],[[0.122477,0.978598,0.165362],[-0.99238,0.118491,0.0337922],[0.0134751,-0.168241,0.985654]],[[0.122477,0.978598,0.165362],[-0.99139,0.12841,-0.0256405],[-0.0463259,-0.160798,0.9859]]],"btipPosition":[-82.0668,268.769,-38.4892],"carpPosition":[-54.5328,249.213,56.848],"dipPosition":[-83.1392,265.046,-15.6658],"direction":[-0.0134751,0.168241,-0.985654],"extended":false,"handId":359,"id":3590,"length":51.5512,"mcpPosition":[-54.5328,249.213,56.848],"pipPosition":[-82.6848,259.372,17.5762],"stabilizedTipPosition":[-85.5071,264.011,-29.9431],"timeVisible":15.5014,"tipPosition":[-82.4456,267.502,-33.4254],"tipVelocity":[185.507,215.701,-184.818],"tool":false,"touchDistance":-0.504666,"touchZone":"touching","type":0,"width":20.0304},{"bases":[[[0.982435,0.157941,-0.0993797],[-0.0673878,0.79691,0.600328],[0.174013,-0.583086,0.793556]],[[0.954174,0.227309,-0.194635],[-0.0726527,0.806907,0.586193],[0.290299,-0.545189,0.786445]],[[0.954174,0.227309,-0.194635],[-0.186184,0.960124,0.208559],[0.234281,-0.162763,0.958447]],[[0.954174,0.227309,-0.194635],[-0.253534,0.959568,-0.122268],[0.158973,0.166012,0.973225]]],"btipPosition":[-80.794,337.312,-67.2104],"carpPosition":[-47.5061,270.625,63.3219],"dipPosition":[-78.1073,340.117,-50.7626],"direction":[-0.234281,0.162763,-0.958447],"extended":true,"handId":359,"id":3591,"length":58.1698,"mcpPosition":[-60.1693,313.057,5.57341],"pipPosition":[-72.506,336.226,-27.8477],"stabilizedTipPosition":[-82.3521,334.545,-61.5089],"timeVisible":15.5014,"tipPosition":[-79.4493,336.535,-63.2862],"tipVelocity":[163.942,232.343,-151.845],"tool":false,"touchDistance":0.146363,"touchZone":"hovering","type":1,"width":19.133},{"bases":[[[0.993909,-0.0604718,-0.0921291],[0.103511,0.799144,0.59216],[0.0378154,-0.59809,0.800536]],[[0.994222,-0.066122,-0.0845587],[0.0135596,0.858804,-0.512125],[0.106482,0.50802,0.854738]],[[0.994222,-0.066122,-0.0845587],[-0.102924,-0.363548,-0.925872],[0.0304794,0.929226,-0.368253]],[[0.994222,-0.066122,-0.0845587],[-0.098501,-0.87506,-0.473885],[-0.0426597,0.479476,-0.876517]]],"btipPosition":[-43.6347,256.214,-6.67407],"carpPosition":[-35.8839,274.21,62.6729],"dipPosition":[-44.4277,265.126,-22.967],"direction":[-0.0304794,-0.929226,0.368253],"extended":false,"handId":359,"id":3592,"length":66.2798,"mcpPosition":[-38.4936,315.485,7.42678],"pipPosition":[-43.5704,291.263,-33.3252],"stabilizedTipPosition":[-46.5948,254.763,-7.58452],"timeVisible":15.5014,"tipPosition":[-43.8045,258.008,-10.5867],"tipVelocity":[159.87,192.538,-157.732],"tool":false,"touchDistance":0.333333,"touchZone":"none","type":2,"width":18.7912},{"bases":[[[0.977991,-0.207896,-0.0176951],[0.17541,0.773309,0.609283],[-0.112984,-0.598977,0.792756]],[[0.974334,-0.225049,0.00512868],[0.187482,0.798656,-0.571839],[0.124596,0.558124,0.82035]],[[0.974334,-0.225049,0.00512868],[-0.0924175,-0.420681,-0.902489],[0.205262,0.878852,-0.430683]],[[0.974334,-0.225049,0.00512868],[-0.199209,-0.872623,-0.44592],[0.104829,0.433453,-0.895058]]],"btipPosition":[-29.8717,255.029,4.40478],"carpPosition":[-23.8038,274.675,61.4366],"dipPosition":[-27.9343,263.04,-12.1371],"direction":[-0.205262,-0.878852,0.430683],"extended":false,"handId":359,"id":3593,"length":63.7298,"mcpPosition":[-16.8032,311.788,12.3169],"pipPosition":[-22.3098,287.122,-23.9385],"stabilizedTipPosition":[-31.127,254.454,2.55363],"timeVisible":15.5014,"tipPosition":[-29.3766,256.795,-0.346835],"tipVelocity":[152.662,191.301,-149.296],"tool":false,"touchDistance":0.333333,"touchZone":"none","type":3,"width":17.881},{"bases":[[[0.915824,-0.40072,-0.0262496],[0.314712,0.675583,0.666742],[-0.249443,-0.618879,0.744827]],[[0.843583,-0.521076,0.129801],[0.511375,0.705732,-0.490345],[0.163902,0.480023,0.861808]],[[0.843583,-0.521076,0.129801],[-0.077636,-0.35752,-0.930673],[0.531358,0.775022,-0.342052]],[[0.843583,-0.521076,0.129801],[-0.389307,-0.759925,-0.520532],[0.369876,0.388579,-0.843918]]],"btipPosition":[-19.7364,265.389,6.16766],"carpPosition":[-11.7246,268.301,58.0244],"dipPosition":[-13.43,272.014,-8.22105],"direction":[-0.531358,-0.775022,0.342052],"extended":false,"handId":359,"id":3594,"length":49.963,"mcpPosition":[2.58259,303.797,15.3038],"pipPosition":[-3.15001,287.008,-14.8386],"stabilizedTipPosition":[-19.7943,264.676,4.57048],"timeVisible":15.5014,"tipPosition":[-18.1596,266.955,1.90869],"tipVelocity":[148.024,192.757,-142.469],"tool":false,"touchDistance":0.333333,"touchZone":"none","type":4,"width":15.8833}],"r":[[0.946771,-0.214228,0.240273],[0.211,0.976692,0.0393994],[-0.243113,0.0133952,0.969906]],"s":0.978294,"t":[62.0691,34.5024,-126.001],"timestamp":15329985092},false],[3,{"currentFrameRate":110.662,"devices":[],"gestures":[],"hands":[{"armBasis":[[0.962017,0.146304,-0.230475],[-0.0390455,0.909324,0.414253],[0.270183,-0.38952,0.880497]],"armWidth":63.029,"confidence":0.675066,"direction":[-0.00625467,0.709687,-0.704489],"elbow":[45.9947,156.792,296.688],"grabStrength":0.0250783,"id":359,"palmNormal":[0.0393791,-0.703782,-0.709324],"palmPosition":[-33.8637,295.48,20.6935],"palmVelocity":[131.075,149.386,-144.15],"palmWidth":90.0033,"pinchStrength":0.453215,"r":[[0.945512,-0.214581,0.244873],[0.210432,0.976649,0.0433051],[-0.248447,0.0105836,0.968588]],"s":0.979571,"sphereCenter":[-54.4411,283.163,-20.7718],"sphereRadius":47.7959,"stabilizedPalmPosition":[-35.9074,293.234,22.9807],"t":[63.2151,35.6796,-127.305],"timeVisible":15.51,"type":"right","wrist":[-26.1638,260.822,61.532]}],"id":1167332,"interactionBox":{"center":[0,200,0],"size":[235.247,235.247,147.751]},"pointables":[{"bases":[[[0.365635,0.780913,0.506444],[-0.819324,0.0118782,0.573208],[0.44161,-0.624527,0.644164]],[[0.129961,0.977609,0.165503],[-0.8148,0.0101857,0.579653],[0.564988,-0.210184,0.797879]],[[0.129961,0.977609,0.165503],[-0.991479,0.126631,0.0305594],[0.00891725,-0.168065,0.985736]],[[0.129961,0.977609,0.165503],[-0.989135,0.139398,-0.0466923],[-0.0687176,-0.157637,0.985103]]],"btipPosition":[-80.5054,269.69,-39.771],"carpPosition":[-53.8984,249.994,55.675],"dipPosition":[-82.0962,266.04,-16.9661],"direction":[-0.00891725,0.168065,-0.985736],"extended":false,"handId":359,"id":3590,"length":51.5512,"mcpPosition":[-53.8984,249.994,55.675],"pipPosition":[-81.7954,260.372,16.2787],"stabilizedTipPosition":[-83.9321,265.655,-31.5],"timeVisible":15.51,"tipPosition":[-81.0848,268.394,-34.7098],"tipVelocity":[180.701,187.408,-175.401],"tool":false,"touchDistance":-0.501823,"touchZone":"touching","type":0,"width":20.0304},{"bases":[[[0.98397,0.15088,-0.0950745],[-0.064745,0.798975,0.597869],[0.166168,-0.582129,0.795936]],[[0.95572,0.221998,-0.193174],[-0.0698642,0.808834,0.583872],[0.285864,-0.544522,0.788529]],[[0.95572,0.221998,-0.193174],[-0.179202,0.959731,0.216339],[0.233422,-0.172142,0.957017]],[[0.95572,0.221998,-0.193174],[-0.245229,0.963676,-0.105793],[0.162671,0.14848,0.975444]]],"btipPosition":[-79.3252,338.484,-68.6719],"carpPosition":[-46.7547,271.374,62.1255],"dipPosition":[-76.576,340.993,-52.1866],"direction":[-0.233422,0.172142,-0.957017],"extended":true,"handId":359,"id":3591,"length":58.1698,"mcpPosition":[-58.8471,313.737,4.20381],"pipPosition":[-70.9953,336.877,-29.3059],"stabilizedTipPosition":[-80.9153,336.318,-62.8327],"timeVisible":15.51,"tipPosition":[-77.9309,337.616,-64.7601],"tipVelocity":[166.101,204.755,-156.275],"tool":false,"touchDistance":0.145875,"touchZone":"hovering","type":1,"width":19.133},{"bases":[[[0.993897,-0.0675865,-0.0871862],[0.106203,0.800006,0.590518],[0.0298385,-0.596173,0.802301]],[[0.994145,-0.0735352,-0.0791719],[0.0219708,0.854968,-0.518215],[0.105796,0.513441,0.851578]],[[0.994145,-0.0735352,-0.0791719],[-0.100813,-0.367518,-0.924536],[0.0388888,0.927105,-0.372779]],[[0.994145,-0.0735352,-0.0791719],[-0.102371,-0.875462,-0.472321],[-0.0345798,0.47766,-0.877864]]],"btipPosition":[-42.6594,256.583,-7.64289],"carpPosition":[-35.105,274.877,61.5229],"dipPosition":[-43.3022,265.462,-23.9608],"direction":[-0.0388888,-0.927105,0.372779],"extended":false,"handId":359,"id":3592,"length":66.2798,"mcpPosition":[-37.1642,316.02,6.15493],"pipPosition":[-42.2083,291.54,-34.4464],"stabilizedTipPosition":[-45.3611,256.021,-8.826],"timeVisible":15.51,"tipPosition":[-42.7934,258.45,-11.6103],"tipVelocity":[148.575,152.708,-145.917],"tool":false,"touchDistance":0.333333,"touchZone":"none","type":2,"width":18.7912},{"bases":[[[0.976602,-0.214696,-0.0124367],[0.177838,0.773721,0.608054],[-0.120924,-0.596039,0.793798]],[[0.972832,-0.231304,0.00979848],[0.194475,0.793506,-0.576653],[0.125607,0.562892,0.816931]],[[0.972832,-0.231304,0.00979848],[-0.0923489,-0.426522,-0.89975],[0.212295,0.874401,-0.436295]],[[0.972832,-0.231304,0.00979848],[-0.203326,-0.873869,-0.441601],[0.110706,0.427611,-0.897158]]],"btipPosition":[-28.938,255.447,3.59075],"carpPosition":[-23.0162,275.256,60.3435],"dipPosition":[-26.892,263.35,-12.99],"direction":[-0.212295,-0.874401,0.436295],"extended":false,"handId":359,"id":3593,"length":63.7298,"mcpPosition":[-15.5236,312.187,11.1592],"pipPosition":[-21.0748,287.31,-24.9452],"stabilizedTipPosition":[-30.0533,255.589,1.43278],"timeVisible":15.51,"tipPosition":[-28.4171,257.216,-1.19472],"tipVelocity":[141.699,152.739,-135.058],"tool":false,"touchDistance":0.333333,"touchZone":"none","type":3,"width":17.881},{"bases":[[[0.913144,-0.407108,-0.0207757],[0.316184,0.67519,0.666443],[-0.257287,-0.615127,0.745266]],[[0.839446,-0.526397,0.135044],[0.518337,0.700892,-0.489977],[0.163271,0.481307,0.861212]],[[0.839446,-0.526397,0.135044],[-0.0759454,-0.359689,-0.929976],[0.53811,0.770409,-0.341917]],[[0.839446,-0.526397,0.135044],[-0.392146,-0.758778,-0.520075],[0.376234,0.383618,-0.843378]]],"btipPosition":[-18.7441,265.791,5.13346],"carpPosition":[-10.9652,268.789,57.0063],"dipPosition":[-12.3293,272.331,-9.24603],"direction":[-0.53811,-0.770409,0.341917],"extended":false,"handId":359,"id":3594,"length":49.963,"mcpPosition":[3.79189,304.07,14.2605],"pipPosition":[-1.91866,287.236,-15.861],"stabilizedTipPosition":[-18.7342,265.775,3.41861],"timeVisible":15.51,"tipPosition":[-17.1407,267.334,0.887116],"tipVelocity":[140.088,153.486,-136.459],"tool":false,"touchDistance":0.333333,"touchZone":"none","type":4,"width":15.8833}],"r":[[0.945512,-0.214581,0.244873],[0.210432,0.976649,0.0433051],[-0.248447,0.0105836,0.968588]],"s":0.979571,"t":[63.2151,35.6796,-127.305],"timestamp":15329993710},false],[4,{"currentFrameRate":110.647,"devices":[],"gestures":[],"hands":[{"armBasis":[[0.962894,0.143658,-0.228467],[-0.0382919,0.910713,0.411262],[0.267149,-0.387253,0.882421]],"armWidth":63.029,"confidence":0.687809,"direction":[-0.00290343,0.708813,-0.70539],"elbow":[45.9232,158.339,295.957],"grabStrength":0.0101785,"id":359,"palmNormal":[0.0398643,-0.70475,-0.708334],"palmPosition":[-32.9436,296.385,19.385],"palmVelocity":[122.908,135.709,-144.211],"palmWidth":90.0033,"pinchStrength":0.454491,"r":[[0.944263,-0.215197,0.249112],[0.210337,0.976532,0.0462969],[-0.253229,0.00868105,0.967367]],"s":0.980962,"sphereCenter":[-53.6666,284.1,-22.0618],"sphereRadius":47.8511,"stabilizedPalmPosition":[-34.8759,294.331,21.7293],"t":[64.2482,36.7209,-128.61],"timeVisible":15.519,"type":"right","wrist":[-25.4248,261.763,60.2874]}],"id":1167333,"interactionBox":{"center":[0,200,0],"size":[235.247,235.247,147.751]},"pointables":[{"bases":[[[0.365854,0.780803,0.506456],[-0.820846,0.0142637,0.570972],[0.438593,-0.624614,0.646137]],[[0.134217,0.976511,0.16856],[-0.816053,0.0124188,0.577844],[0.562177,-0.215111,0.798551]],[[0.134217,0.976511,0.16856],[-0.990926,0.131016,0.0300237],[0.0072344,-0.17106,0.985234]],[[0.134217,0.976511,0.16856],[-0.987461,0.146061,-0.0598952],[-0.0831084,-0.158408,0.98387]]],"btipPosition":[-79.2437,271.042,-41.0649],"carpPosition":[-53.1655,250.984,54.3689],"dipPosition":[-81.1677,267.375,-18.2885],"direction":[-0.0072344,0.17106,-0.985234],"extended":false,"handId":359,"id":3590,"length":51.5512,"mcpPosition":[-53.1655,250.984,54.3689],"pipPosition":[-80.9237,261.605,14.9394],"stabilizedTipPosition":[-82.4377,267.254,-33.0227],"timeVisible":15.519,"tipPosition":[-79.9378,269.637,-36.0213],"tipVelocity":[166.899,176.723,-166.58],"tool":false,"touchDistance":-0.49948,"touchZone":"touching","type":0,"width":20.0304},{"bases":[[[0.984528,0.148759,-0.0925983],[-0.0647346,0.799855,0.596692],[0.162829,-0.581466,0.79711]],[[0.955872,0.221412,-0.193097],[-0.0701337,0.810245,0.58188],[0.285291,-0.54266,0.790019]],[[0.955872,0.221412,-0.193097],[-0.177129,0.958715,0.222467],[0.234381,-0.178447,0.955627]],[[0.955872,0.221412,-0.193097],[-0.242392,0.965756,-0.092524],[0.165998,0.135246,0.976808]]],"btipPosition":[-78.378,339.714,-70.124],"carpPosition":[-45.9957,272.358,60.812],"dipPosition":[-75.5726,342,-53.6156],"direction":[-0.234381,0.178447,-0.955627],"extended":true,"handId":359,"id":3591,"length":58.1698,"mcpPosition":[-57.845,314.672,2.80486],"pipPosition":[-69.9689,337.733,-30.7682],"stabilizedTipPosition":[-79.634,337.897,-64.2395],"timeVisible":15.519,"tipPosition":[-76.9481,338.832,-66.2198],"tipVelocity":[149.48,184.129,-157.198],"tool":false,"touchDistance":0.138177,"touchZone":"hovering","type":1,"width":19.133},{"bases":[[[0.993989,-0.0697167,-0.0844102],[0.106234,0.800529,0.589803],[0.0264537,-0.595225,0.803124]],[[0.994208,-0.0758174,-0.0761693],[0.0251873,0.853381,-0.520679],[0.104478,0.515744,0.850348]],[[0.994208,-0.0758174,-0.0761693],[-0.0989613,-0.36944,-0.92397],[0.041913,0.926156,-0.374804]],[[0.994208,-0.0758174,-0.0761693],[-0.102911,-0.875885,-0.471417],[-0.030974,0.476525,-0.878615]]],"btipPosition":[-41.7473,257.415,-8.85646],"carpPosition":[-34.3373,275.836,60.2365],"dipPosition":[-42.3231,266.273,-25.1883],"direction":[-0.041913,-0.926156,0.374804],"extended":false,"handId":359,"id":3592,"length":66.2798,"mcpPosition":[-36.1629,316.913,4.81182],"pipPosition":[-41.1441,292.324,-35.7308],"stabilizedTipPosition":[-44.2352,257.131,-10.0507],"timeVisible":15.519,"tipPosition":[-41.8648,259.306,-12.843],"tipVelocity":[135.799,135.722,-142.693],"tool":false,"touchDistance":0.333333,"touchZone":"none","type":2,"width":18.7912},{"bases":[[[0.976193,-0.216697,-0.00952402],[0.177768,0.77412,0.607566],[-0.124285,-0.594795,0.794212]],[[0.972409,-0.232959,0.012304],[0.197033,0.79192,-0.577962],[0.124898,0.56444,0.815971]],[[0.972409,-0.232959,0.012304],[-0.0912828,-0.428506,-0.898916],[0.214683,0.872991,-0.437948]],[[0.972409,-0.232959,0.012304],[-0.203923,-0.874453,-0.440168],[0.113301,0.425514,-0.897831]]],"btipPosition":[-28.0403,256.312,2.41115],"carpPosition":[-22.2446,276.189,59.0894],"dipPosition":[-25.9463,264.176,-14.182],"direction":[-0.214683,-0.872991,0.437948],"extended":false,"handId":359,"id":3593,"length":63.7298,"mcpPosition":[-14.5438,313.043,9.87942],"pipPosition":[-20.0637,288.097,-26.1825],"stabilizedTipPosition":[-29.0689,256.588,0.312828],"timeVisible":15.519,"tipPosition":[-27.5114,258.078,-2.36173],"tipVelocity":[130.253,136.636,-133.787],"tool":false,"touchDistance":0.333333,"touchZone":"none","type":3,"width":17.881},{"bases":[[[0.912366,-0.40899,-0.0177944],[0.315754,0.675382,0.666453],[-0.260554,-0.613667,0.745335]],[[0.839135,-0.526619,0.136107],[0.517793,0.696782,-0.496371],[0.166562,0.486997,0.857374]],[[0.839135,-0.526619,0.136107],[-0.0798134,-0.366737,-0.926895],[0.538036,0.766926,-0.349773]],[[0.839135,-0.526619,0.136107],[-0.394264,-0.761283,-0.514785],[0.374711,0.378312,-0.846446]]],"btipPosition":[-17.877,266.57,4.25467],"carpPosition":[-10.1978,269.693,55.793],"dipPosition":[-11.4882,273.02,-10.1771],"direction":[-0.538036,-0.766926,0.349773],"extended":false,"handId":359,"id":3594,"length":49.963,"mcpPosition":[4.74668,304.891,13.0432],"pipPosition":[-1.07894,287.858,-16.9441],"stabilizedTipPosition":[-17.7785,266.711,2.39857],"timeVisible":15.519,"tipPosition":[-16.2636,268.124,-0.0460986],"tipVelocity":[127.635,134.207,-125.913],"tool":false,"touchDistance":0.333333,"touchZone":"none","type":4,"width":15.8833}],"r":[[0.944263,-0.215197,0.249112],[0.210337,0.976532,0.0462969],[-0.253229,0.00868105,0.967367]],"s":0.980962,"t":[64.2482,36.7209,-128.61],"timestamp":15330002774},false],[5,{"currentFrameRate":110.553,"devices":[],"gestures":[],"hands":[{"armBasis":[[0.964665,0.140267,-0.223037],[-0.037937,0.911637,0.409242],[0.260732,-0.386321,0.884746]],"armWidth":63.029,"confidence":0.698322,"direction":[-0.0005318,0.706677,-0.707536],"elbow":[45.0175,159.719,295.303],"grabStrength":0,"id":359,"palmNormal":[0.0403735,-0.706944,-0.706116],"palmPosition":[-32.0066,297.403,17.9903],"palmVelocity":[116.976,128.649,-146.227],"palmWidth":90.0033,"pinchStrength":0.451472,"r":[[0.943089,-0.215794,0.253013],[0.210491,0.976408,0.0481846],[-0.257442,0.00781457,0.966262]],"s":0.982718,"sphereCenter":[-52.8625,285.103,-23.3564],"sphereRadius":47.8827,"stabilizedPalmPosition":[-33.912,295.363,20.4732],"t":[65.2332,37.7504,-129.961],"timeVisible":15.5282,"type":"right","wrist":[-24.6168,262.895,59.0126]}],"id":1167334,"interactionBox":{"center":[0,200,0],"size":[235.247,235.247,147.751]},"pointables":[{"bases":[[[0.365854,0.781851,0.504836],[-0.821986,0.0170726,0.569252],[0.436452,-0.623231,0.648917]],[[0.137067,0.9761,0.168647],[-0.819353,0.0160442,0.573065],[0.556663,-0.21673,0.801969]],[[0.137067,0.9761,0.168647],[-0.990507,0.133271,0.0336822],[0.0104015,-0.171663,0.985101]],[[0.137067,0.9761,0.168647],[-0.9857,0.15125,-0.0742865],[-0.0980189,-0.156053,0.982873]]],"btipPosition":[-77.9272,272.238,-42.5048],"carpPosition":[-52.3596,252.135,53.0702],"dipPosition":[-80.1963,268.625,-19.7515],"direction":[-0.0104015,0.171663,-0.985101],"extended":false,"handId":359,"id":3590,"length":51.5512,"mcpPosition":[-52.3596,252.135,53.0702],"pipPosition":[-79.8455,262.836,13.4719],"stabilizedTipPosition":[-81.0367,268.713,-34.5151],"timeVisible":15.5282,"tipPosition":[-78.7591,270.777,-37.4267],"tipVelocity":[157.773,163.987,-163.871],"tool":false,"touchDistance":-0.499544,"touchZone":"touching","type":0,"width":20.0304},{"bases":[[[0.984911,0.147183,-0.0910413],[-0.0648909,0.801743,0.594136],[0.160438,-0.579263,0.799196]],[[0.955836,0.220965,-0.193781],[-0.0704991,0.812477,0.578714],[0.285319,-0.539495,0.792173]],[[0.955836,0.220965,-0.193781],[-0.175541,0.958044,0.226576],[0.235716,-0.182553,0.954522]],[[0.955836,0.220965,-0.193781],[-0.240193,0.967273,-0.0817999],[0.169364,0.124732,0.977629]]],"btipPosition":[-77.473,340.856,-71.7036],"carpPosition":[-45.1747,273.519,59.4631],"dipPosition":[-74.6107,342.964,-55.1814],"direction":[-0.235716,0.182553,-0.954522],"extended":true,"handId":359,"id":3591,"length":58.1698,"mcpPosition":[-56.8501,315.673,1.30423],"pipPosition":[-68.9752,338.599,-32.3604],"stabilizedTipPosition":[-78.5272,339.249,-65.678],"timeVisible":15.5282,"tipPosition":[-76.0133,339.958,-67.8076],"tipVelocity":[135.531,166.032,-161.105],"tool":false,"touchDistance":0.121059,"touchZone":"hovering","type":1,"width":19.133},{"bases":[[[0.994066,-0.0712796,-0.082173],[0.106092,0.802171,0.587593],[0.0240334,-0.592824,0.804973]],[[0.994265,-0.0775782,-0.0736102],[0.0270507,0.848365,-0.52872],[0.103465,0.523696,0.845599]],[[0.994265,-0.0775782,-0.0736102],[-0.0976348,-0.377612,-0.920802],[0.0436381,0.922708,-0.383021]],[[0.994265,-0.0775782,-0.0736102],[-0.103068,-0.878734,-0.466051],[-0.0285283,0.470965,-0.88169]]],"btipPosition":[-40.7993,258.214,-9.80494],"carpPosition":[-33.5105,276.979,58.9009],"dipPosition":[-41.3296,266.968,-26.194],"direction":[-0.0436381,-0.922708,0.383021],"extended":false,"handId":359,"id":3592,"length":66.2798,"mcpPosition":[-35.1691,317.891,3.34859],"pipPosition":[-40.1021,292.922,-36.9676],"stabilizedTipPosition":[-43.206,258.093,-11.145],"timeVisible":15.5282,"tipPosition":[-40.9093,260.155,-13.9054],"tipVelocity":[126.911,121.283,-131.97],"tool":false,"touchDistance":0.333333,"touchZone":"none","type":2,"width":18.7912},{"bases":[[[0.975923,-0.218009,-0.00687878],[0.177555,0.775722,0.605582],[-0.126686,-0.592223,0.795753]],[[0.972097,-0.234109,0.0148666],[0.199104,0.789912,-0.579997],[0.124039,0.566773,0.814483]],[[0.972097,-0.234109,0.0148666],[-0.0901089,-0.431172,-0.897759],[0.216583,0.871369,-0.440237]],[[0.972097,-0.234109,0.0148666],[-0.204164,-0.875561,-0.437847],[0.11552,0.422594,-0.898927]]],"btipPosition":[-27.1172,257.272,1.15236],"carpPosition":[-21.4151,277.313,57.7774],"dipPosition":[-24.9822,265.082,-15.4611],"direction":[-0.216583,-0.871369,0.440237],"extended":false,"handId":359,"id":3593,"length":63.7298,"mcpPosition":[-13.5655,314.008,8.47192],"pipPosition":[-19.0474,288.959,-27.5242],"stabilizedTipPosition":[-28.1648,257.506,-0.790694],"timeVisible":15.5282,"tipPosition":[-26.5791,259.023,-3.61537],"tipVelocity":[122.13,127.182,-134.733],"tool":false,"touchDistance":0.333333,"touchZone":"none","type":3,"width":17.881},{"bases":[[[0.911858,-0.410241,-0.0146973],[0.31529,0.676981,0.665048],[-0.262881,-0.611064,0.746656]],[[0.840359,-0.524751,0.135764],[0.513291,0.689961,-0.510378],[0.17415,0.498588,0.849166]],[[0.840359,-0.524751,0.135764],[-0.0885372,-0.380001,-0.920739],[0.53475,0.761731,-0.365798]],[[0.840359,-0.524751,0.135764],[-0.397333,-0.766753,-0.504199],[0.368677,0.369765,-0.852849]]],"btipPosition":[-17.0149,267.36,3.61743],"carpPosition":[-9.37021,270.791,54.5252],"dipPosition":[-10.729,273.664,-10.9235],"direction":[-0.53475,-0.761731,0.365798],"extended":false,"handId":359,"id":3594,"length":49.963,"mcpPosition":[5.70767,305.84,11.6997],"pipPosition":[-0.383354,288.401,-18.0005],"stabilizedTipPosition":[-16.9106,267.535,1.56362],"timeVisible":15.5282,"tipPosition":[-15.3934,268.943,-0.804256],"tipVelocity":[117.382,119.618,-110.791],"tool":false,"touchDistance":0.333333,"touchZone":"none","type":4,"width":15.8833}],"r":[[0.943089,-0.215794,0.253013],[0.210491,0.976408,0.0481846],[-0.257442,0.00781457,0.966262]],"s":0.982718,"t":[65.2332,37.7504,-129.961],"timestamp":15330011985},false],[6,{"currentFrameRate":110.578,"devices":[],"gestures":[],"hands":[{"armBasis":[[0.96425,0.144494,-0.222131],[-0.040717,0.90909,0.414606],[0.261846,-0.390739,0.882474]],"armWidth":63.029,"confidence":0.704931,"direction":[0.000434958,0.709783,-0.704421],"elbow":[45.9344,160.045,292.709],"grabStrength":0,"id":359,"palmNormal":[0.043686,-0.703762,-0.709092],"palmPosition":[-31.3203,299.076,16.1327],"palmVelocity":[105.799,144.377,-162.755],"palmWidth":90.0033,"pinchStrength":0.452758,"r":[[0.942054,-0.216186,0.256511],[0.210252,0.976333,0.0506814],[-0.261397,0.0061875,0.965212]],"s":0.984575,"sphereCenter":[-52.1739,286.967,-25.2518],"sphereRadius":47.9167,"stabilizedPalmPosition":[-33.1084,296.514,19.1274],"t":[66.0689,39.1017,-131.565],"timeVisible":15.5372,"type":"right","wrist":[-23.9973,264.4,57.025]}],"id":1167335,"interactionBox":{"center":[0,200,0],"size":[235.247,235.247,147.751]},"pointables":[{"bases":[[[0.363024,0.780224,0.509376],[-0.823732,0.013211,0.566825],[0.435521,-0.625361,0.647492]],[[0.136246,0.975047,0.175273],[-0.82241,0.0126794,0.568754],[0.55234,-0.221636,0.803616]],[[0.136246,0.975047,0.175273],[-0.990614,0.132123,0.0350357],[0.0110038,-0.178401,0.983896]],[[0.136246,0.975047,0.175273],[-0.984596,0.152843,-0.0849068],[-0.109577,-0.161005,0.980852]]],"btipPosition":[-76.811,274.308,-44.6176],"carpPosition":[-51.7041,253.62,50.9512],"dipPosition":[-79.3477,270.581,-21.9111],"direction":[-0.0110038,0.178401,-0.983896],"extended":false,"handId":359,"id":3590,"length":51.5512,"mcpPosition":[-51.7041,253.62,50.9512],"pipPosition":[-78.9766,264.564,11.2717],"stabilizedTipPosition":[-79.821,270.294,-36.1439],"timeVisible":15.5372,"tipPosition":[-77.7379,272.787,-39.5332],"tipVelocity":[146.634,181.311,-183.668],"tool":false,"touchDistance":-0.509777,"touchZone":"touching","type":0,"width":20.0304},{"bases":[[[0.984936,0.149206,-0.0874044],[-0.068022,0.799011,0.597456],[0.158981,-0.58251,0.797124]],[[0.955551,0.224366,-0.191265],[-0.0739892,0.810471,0.581087],[0.28539,-0.541107,0.791047]],[[0.955551,0.224366,-0.191265],[-0.177603,0.955876,0.234006],[0.235328,-0.189636,0.953236]],[[0.955551,0.224366,-0.191265],[-0.241335,0.967892,-0.0703036],[0.16935,0.113338,0.979017]]],"btipPosition":[-76.76,342.992,-73.5009],"carpPosition":[-44.5742,274.988,57.4599],"dipPosition":[-73.8979,344.907,-56.9552],"direction":[-0.235328,0.189636,-0.953236],"extended":true,"handId":359,"id":3591,"length":58.1698,"mcpPosition":[-56.1435,317.378,-0.548218],"pipPosition":[-68.2716,340.373,-34.165],"stabilizedTipPosition":[-77.6295,340.797,-67.1649],"timeVisible":15.5372,"tipPosition":[-75.2926,342.101,-69.6085],"tipVelocity":[120.074,184.261,-171.544],"tool":false,"touchDistance":0.100306,"touchZone":"hovering","type":1,"width":19.133},{"bases":[[[0.994427,-0.0692776,-0.0794689],[0.102979,0.799751,0.591434],[0.0225822,-0.596321,0.802428]],[[0.994613,-0.0757036,-0.0708119],[0.0273146,0.850377,-0.525464],[0.0999963,0.520699,0.847864]],[[0.994613,-0.0757036,-0.0708119],[-0.0941669,-0.374275,-0.922524],[0.0433353,0.924222,-0.379387]],[[0.994613,-0.0757036,-0.0708119],[-0.100208,-0.876998,-0.469928],[-0.0265266,0.474493,-0.87986]]],"btipPosition":[-39.966,259.981,-11.8261],"carpPosition":[-32.9141,278.47,56.9484],"dipPosition":[-40.4591,268.801,-28.1811],"direction":[-0.0433353,-0.924222,0.379387],"extended":false,"handId":359,"id":3592,"length":66.2798,"mcpPosition":[-34.4725,319.623,1.57165],"pipPosition":[-39.2401,294.798,-38.8526],"stabilizedTipPosition":[-42.3203,259.202,-12.4036],"timeVisible":15.5372,"tipPosition":[-40.0661,261.947,-15.921],"tipVelocity":[117.752,142.354,-157.163],"tool":false,"touchDistance":0.333333,"touchZone":"none","type":2,"width":18.7912},{"bases":[[[0.9763,-0.216366,-0.00487602],[0.174431,0.773341,0.609523],[-0.128109,-0.595928,0.792753]],[[0.972714,-0.2315,0.0153517],[0.196583,0.787239,-0.584475],[0.123221,0.571544,0.811267]],[[0.972714,-0.2315,0.0153517],[-0.0898316,-0.436808,-0.895058],[0.213912,0.869256,-0.445685]],[[0.972714,-0.2315,0.0153517],[-0.201897,-0.877212,-0.435588],[0.114306,0.420603,-0.900015]]],"btipPosition":[-26.2979,258.901,-0.264612],"carpPosition":[-20.8159,278.829,55.863],"dipPosition":[-24.1854,266.674,-16.8981],"direction":[-0.213912,-0.869256,0.445685],"extended":false,"handId":359,"id":3593,"length":63.7298,"mcpPosition":[-12.8781,315.753,6.74339],"pipPosition":[-18.3239,290.493,-29.1106],"stabilizedTipPosition":[-27.3686,258.583,-1.90736],"timeVisible":15.5372,"tipPosition":[-25.7625,260.716,-5.14173],"tipVelocity":[113.435,141.71,-141.114],"tool":false,"touchDistance":0.333333,"touchZone":"none","type":3,"width":17.881},{"bases":[[[0.91258,-0.408668,-0.013734],[0.31215,0.674566,0.668972],[-0.264123,-0.614777,0.743161]],[[0.841938,-0.522633,0.134146],[0.510687,0.691587,-0.510789],[0.174181,0.498559,0.849176]],[[0.841938,-0.522633,0.134146],[-0.0892869,-0.380134,-0.920612],[0.532136,0.76312,-0.366713]],[[0.841938,-0.522633,0.134146],[-0.395686,-0.767059,-0.505028],[0.366843,0.372122,-0.852614]]],"btipPosition":[-16.2431,269.057,1.92478],"carpPosition":[-8.75037,272.341,52.6187],"dipPosition":[-9.98843,275.401,-12.6122],"direction":[-0.532136,-0.76312,0.366713],"extended":false,"handId":359,"id":3594,"length":49.963,"mcpPosition":[6.39878,307.603,9.99368],"pipPosition":[0.306651,290.165,-19.7069],"stabilizedTipPosition":[-16.1547,268.605,0.49323],"timeVisible":15.5372,"tipPosition":[-14.6286,270.671,-2.4963],"t