{"sensorType":"Leap","data":[[0,{"currentFrameRate":110.256,"devices":[],"gestures":[],"hands":[{"armBasis":[[0.972709,0.10937,-0.204634],[-0.00980108,0.900518,0.434707],[0.23182,-0.420838,0.877014]],"armWidth":63.029,"confidence":0.72933,"direction":[-0.0272682,0.692231,-0.721161],"elbow":[36.7859,150.986,301.786],"grabStrength":0,"id":359,"palmNormal":[0.00141385,-0.721402,-0.692515],"palmPosition":[-34.1146,297.123,26.2213],"palmVelocity":[111.458,75.2634,-266.242],"palmWidth":90.0033,"pinchStrength":0.613084,"r":[[0.952085,-0.236934,0.193382],[0.238649,0.970994,0.0147242],[-0.191261,0.0321318,0.981013]],"s":0.9273,"sphereCenter":[-34.423,278.576,-19.3151],"sphereRadius":47.5453,"stabilizedPalmPosition":[-69.0731,274.227,96.432],"t":[63.2956,37.9388,-120.985],"timeVisible":0.271372,"type":"right","wrist":[-25.1269,263.381,67.5599]}],"id":1165673,"interactionBox":{"center":[0,200,0],"size":[235.247,235.247,147.751]},"pointables":[{"bases":[[[0.395662,0.788327,0.471161],[-0.794484,0.0364498,0.60619],[0.460702,-0.614176,0.640735]],[[0.208725,0.953775,0.216209],[-0.859857,0.0736505,0.505194],[0.465918,-0.291356,0.835483]],[[0.208725,0.953775,0.216209],[-0.966089,0.166724,0.197169],[0.152008,-0.250031,0.956231]],[[0.208725,0.953775,0.216209],[-0.965378,0.236307,-0.110473],[-0.156458,-0.185665,0.970077]]],"btipPosition":[-77.7178,279.886,-32.8299],"carpPosition":[-53.2079,252.77,63.13],"dipPosition":[-81.3398,275.588,-10.3728],"direction":[-0.152008,0.250032,-0.956231],"extended":false,"handId":359,"id":3590,"length":51.5512,"mcpPosition":[-53.2079,252.77,63.13],"pipPosition":[-76.2132,267.156,21.8769],"stabilizedTipPosition":[-119.58,258.796,44.9776],"timeVisible":0.271372,"tipPosition":[-79.3472,279.929,-27.3309],"tipVelocity":[177.969,63.6936,-322.358],"tool":false,"touchDistance":-0.554219,"touchZone":"hovering","type":0,"width":20.0304},{"bases":[[[0.980858,0.135848,-0.139512],[-0.0302831,0.814153,0.579861],[0.192356,-0.564536,0.802682]],[[0.988421,0.110686,-0.103788],[-0.0461671,0.870962,0.489176],[0.144541,-0.47872,0.865988]],[[0.988421,0.110686,-0.103788],[-0.0679343,0.934442,0.349576],[0.135677,-0.338477,0.931142]],[[0.988421,0.110686,-0.103788],[-0.0836642,0.9682,0.235774],[0.126585,-0.224361,0.96625]]],"btipPosition":[-71.0727,347.519,-65.0641],"carpPosition":[-45.549,274.208,68.742],"dipPosition":[-68.9334,343.727,-48.7341],"direction":[-0.135677,0.338477,-0.931142],"extended":true,"handId":359,"id":3591,"length":58.1698,"mcpPosition":[-59.5471,315.29,10.3293],"pipPosition":[-65.6895,335.634,-26.4721],"stabilizedTipPosition":[-93.0427,327.332,-23.8838],"timeVisible":0.271372,"tipPosition":[-69.5445,345.243,-61.8489],"tipVelocity":[150.782,140.204,-268.352],"tool":false,"touchDistance":-0.538454,"touchZone":"hovering","type":1,"width":19.133},{"bases":[[[0.988523,-0.0824693,-0.126578],[0.140209,0.812807,0.565409],[0.0562545,-0.576666,0.815041]],[[0.990022,-0.106974,-0.0917222],[0.0608233,0.911563,-0.406636],[0.12711,0.397,0.908974]],[[0.990022,-0.106974,-0.0917222],[-0.116696,-0.257558,-0.95919],[0.078985,0.960323,-0.267472]],[[0.990022,-0.106974,-0.0917222],[-0.139024,-0.847719,-0.511903],[-0.0229941,0.519547,-0.854132]]],"btipPosition":[-45.6307,261.744,-8.61499],"carpPosition":[-33.8939,277.545,67.5697],"dipPosition":[-46.0581,271.401,-24.4918],"direction":[-0.078985,-0.960323,0.267472],"extended":false,"handId":359,"id":3592,"length":66.2798,"mcpPosition":[-37.7761,317.341,11.3226],"pipPosition":[-43.8365,298.413,-32.0152],"stabilizedTipPosition":[-85.9844,234.512,72.261],"timeVisible":0.271372,"tipPosition":[-45.7346,263.556,-11.521],"tipVelocity":[163.675,77.9466,-284.421],"tool":false,"touchDistance":0.333333,"touchZone":"none","type":2,"width":18.7912},{"bases":[[[0.972625,-0.227468,-0.0475186],[0.212198,0.78604,0.580614],[-0.0947196,-0.574803,0.812791]],[[0.973469,-0.222084,-0.0551162],[0.172509,0.870542,-0.460866],[0.150332,0.439131,0.885756]],[[0.973469,-0.222084,-0.0551162],[-0.12298,-0.304662,-0.944488],[0.192964,0.926207,-0.323891]],[[0.973469,-0.222084,-0.0551162],[-0.220351,-0.844909,-0.487416],[0.0616792,0.486629,-0.871428]]],"btipPosition":[-29.0637,259.574,1.35435],"carpPosition":[-21.8613,277.739,65.8812],"dipPosition":[-27.9238,268.568,-14.7509],"direction":[-0.192964,-0.926207,0.323891],"extended":false,"handId":359,"id":3593,"length":63.7298,"mcpPosition":[-15.9924,313.355,15.5201],"pipPosition":[-22.6363,293.947,-23.626],"stabilizedTipPosition":[-69.7511,235.969,80.1097],"timeVisible":0.271372,"tipPosition":[-28.75,261.606,-2.07754],"tipVelocity":[152.967,80.2728,-260.24],"tool":false,"touchDistance":0.333333,"touchZone":"none","type":3,"width":17.881},{"bases":[[[0.906605,-0.419195,-0.0484041],[0.351686,0.687201,0.635667],[-0.233205,-0.593322,0.770445]],[[0.862195,-0.502263,0.0659682],[0.48604,0.783494,-0.387171],[0.142776,0.36588,0.919645]],[[0.862195,-0.502263,0.0659682],[-0.0671522,-0.242394,-0.967851],[0.502106,0.830046,-0.242719]],[[0.862195,-0.502263,0.0659682],[-0.385833,-0.73548,-0.556957],[0.328258,0.454753,-0.827917]]],"btipPosition":[-16.9661,268.46,4.66694],"carpPosition":[-10.0373,271.038,62.2105],"dipPosition":[-11.3693,276.213,-9.44895],"direction":[-0.502106,-0.830046,0.242719],"extended":false,"handId":359,"id":3594,"length":49.963,"mcpPosition":[3.33847,305.069,18.0205],"pipPosition":[-1.65523,292.272,-14.1448],"stabilizedTipPosition":[-57.381,243.825,87.5851],"timeVisible":0.271372,"tipPosition":[-15.6653,269.872,2.28748],"tipVelocity":[141.745,85.4809,-244.391],"tool":false,"touchDistance":0.333333,"touchZone":"none","type":4,"width":15.8833}],"r":[[0.952085,-0.236934,0.193382],[0.238649,0.970994,0.0147242],[-0.191261,0.0321318,0.981013]],"s":0.9273,"t":[63.2956,37.9388,-120.985],"timestamp":15314755110},false],[1,{"currentFrameRate":110.266,"devices":[],"gestures":[],"hands":[{"armBasis":[[0.973724,0.109439,-0.19971],[-0.0128514,0.901969,0.431609],[0.227367,-0.417702,0.879676]],"armWidth":63.029,"confidence":0.734778,"direction":[-0.023429,0.693257,-0.72031],"elbow":[36.066,152.252,301.301],"grabStrength":0,"id":359,"palmNormal":[0.00577143,-0.720402,-0.693533],"palmPosition":[-33.4221,297.607,25.0229],"palmVelocity":[101.817,69.2415,-229.315],"palmWidth":90.0033,"pinchStrength":0.604569,"r":[[0.950688,-0.235673,0.201619],[0.23683,0.971371,0.0187178],[-0.200258,0.0299547,0.979285]],"s":0.929928,"sphereCenter":[-34.3367,279.358,-20.421],"sphereRadius":47.4423,"stabilizedPalmPosition":[-68.4438,274.64,95.1715],"t":[64.0492,38.4614,-122.632],"timeVisible":0.280423,"type":"right","wrist":[-24.6574,263.809,66.3643]}],"id":1165674,"interactionBox":{"center":[0,200,0],"size":[235.247,235.247,147.751]},"pointables":[{"bases":[[[0.392546,0.787835,0.474577],[-0.797997,0.0351973,0.601632],[0.457283,-0.61488,0.642507]],[[0.207556,0.953272,0.21953],[-0.858903,0.0701804,0.507308],[0.468195,-0.293849,0.833334]],[[0.207556,0.953272,0.21953],[-0.967662,0.16719,0.188886],[0.143356,-0.251635,0.957146]],[[0.207556,0.953272,0.21953],[-0.96651,0.234464,-0.104331],[-0.150927,-0.190523,0.970011]]],"btipPosition":[-77.1658,280.597,-34.1265],"carpPosition":[-52.7072,253.191,61.7566],"dipPosition":[-80.6597,276.187,-11.6709],"direction":[-0.143356,0.251635,-0.957146],"extended":false,"handId":359,"id":3590,"length":51.5512,"mcpPosition":[-52.7072,253.191,61.7566],"pipPosition":[-75.8249,267.7,20.6097],"stabilizedTipPosition":[-118.466,259.353,42.9974],"timeVisible":0.280423,"tipPosition":[-78.5296,280.462,-28.7187],"tipVelocity":[146.592,67.0066,-272.955],"tool":false,"touchDistance":-0.546585,"touchZone":"hovering","type":0,"width":20.0304},{"bases":[[[0.981583,0.136515,-0.133636],[-0.0340331,0.813301,0.580847],[0.187981,-0.565601,0.802969]],[[0.988196,0.114243,-0.102062],[-0.0493394,0.868081,0.493964],[0.14503,-0.483098,0.863471]],[[0.988196,0.114243,-0.102062],[-0.071161,0.932314,0.35458],[0.135662,-0.343132,0.929439]],[[0.988196,0.114243,-0.102062],[-0.0869033,0.966711,0.240661],[0.126158,-0.228951,0.965228]]],"btipPosition":[-70.3098,348.388,-66.2183],"carpPosition":[-45.0912,274.625,67.4437],"dipPosition":[-68.1776,344.519,-49.9056],"direction":[-0.135662,0.343132,-0.929439],"extended":true,"handId":359,"id":3591,"length":58.1698,"mcpPosition":[-58.7709,315.785,9.01019],"pipPosition":[-64.9342,336.315,-27.6843],"stabilizedTipPosition":[-91.4631,328.703,-26.5082],"timeVisible":0.280423,"tipPosition":[-68.7466,346.151,-63.0037],"tipVelocity":[132.387,127.477,-229.619],"tool":false,"touchDistance":-0.530315,"touchZone":"hovering","type":1,"width":19.133},{"bases":[[[0.989278,-0.0818161,-0.120972],[0.13654,0.812057,0.56738],[0.0518155,-0.577814,0.814522]],[[0.990588,-0.106371,-0.0861427],[0.0627329,0.912169,-0.404983],[0.121655,0.395768,0.910257]],[[0.990588,-0.106371,-0.0861427],[-0.111019,-0.256257,-0.960212],[0.0800646,0.960738,-0.265654]],[[0.990588,-0.106371,-0.0861427],[-0.135648,-0.847058,-0.5139],[-0.0183035,0.520748,-0.853514]]],"btipPosition":[-44.7192,262.272,-9.92898],"carpPosition":[-33.4312,277.969,66.3437],"dipPosition":[-45.0594,271.952,-25.7943],"direction":[-0.0800646,-0.960738,0.265654],"extended":false,"handId":359,"id":3592,"length":66.2798,"mcpPosition":[-37.0071,317.845,10.1324],"pipPosition":[-42.8073,298.975,-33.2666],"stabilizedTipPosition":[-84.8575,235.333,69.9124],"timeVisible":0.280423,"tipPosition":[-44.8071,264.09,-12.8374],"tipVelocity":[146.916,72.6965,-245.923],"tool":false,"touchDistance":0.333333,"touchZone":"none","type":2,"width":18.7912},{"bases":[[[0.972994,-0.226936,-0.0422151],[0.208453,0.785303,0.582963],[-0.099144,-0.57602,0.811401]],[[0.973855,-0.221695,-0.049584],[0.174948,0.871128,-0.458835],[0.144915,0.438164,0.887137]],[[0.973855,-0.221695,-0.049584],[-0.117258,-0.303608,-0.945554],[0.19457,0.926646,-0.321666]],[[0.973855,-0.221695,-0.049584],[-0.217155,-0.84437,-0.489779],[0.0667142,0.487741,-0.870435]]],"btipPosition":[-28.2151,260.092,0.144097],"carpPosition":[-21.3891,278.172,64.7252],"dipPosition":[-26.9821,269.106,-15.9428],"direction":[-0.19457,-0.926646,0.321666],"extended":false,"handId":359,"id":3593,"length":63.7298,"mcpPosition":[-15.246,313.862,14.4502],"pipPosition":[-21.6506,294.498,-24.7569],"stabilizedTipPosition":[-68.6103,236.683,77.8274],"timeVisible":0.280423,"tipPosition":[-27.8805,262.131,-3.29314],"tipVelocity":[137.285,74.0546,-225.203],"tool":false,"touchDistance":0.333333,"touchZone":"none","type":3,"width":17.881},{"bases":[[[0.907073,-0.418694,-0.0437587],[0.347668,0.686451,0.63868],[-0.237373,-0.594543,0.768227]],[[0.860482,-0.504158,0.0734599],[0.490103,0.779716,-0.389668],[0.139177,0.371305,0.918021]],[[0.860482,-0.504158,0.0734599],[-0.063101,-0.248535,-0.966565],[0.505559,0.827076,-0.245673]],[[0.860482,-0.504158,0.0734599],[-0.384273,-0.736902,-0.556155],[0.334523,0.450333,-0.827825]]],"btipPosition":[-16.2783,268.916,3.80935],"carpPosition":[-9.54087,271.481,61.1133],"dipPosition":[-10.5747,276.594,-10.305],"direction":[-0.505559,-0.827076,0.245673],"extended":false,"handId":359,"id":3594,"length":49.963,"mcpPosition":[4.074,305.582,17.0505],"pipPosition":[-0.793801,292.595,-15.0579],"stabilizedTipPosition":[-56.1725,244.591,85.1055],"timeVisible":0.280423,"tipPosition":[-14.9098,270.379,1.25935],"tipVelocity":[124.353,75.2794,-203.094],"tool":false,"touchDistance":0.333333,"touchZone":"none","type":4,"width":15.8833}],"r":[[0.950688,-0.235673,0.201619],[0.23683,0.971371,0.0187178],[-0.200258,0.0299547,0.979285]],"s":0.929928,"t":[64.0492,38.4614,-122.632],"timestamp":15314764161},false],[2,{"currentFrameRate":110.26,"devices":[],"gestures":[],"hands":[{"armBasis":[[0.973026,0.10948,-0.203062],[-0.0123871,0.903745,0.427892],[0.230362,-0.413835,0.880723]],"armWidth":63.029,"confidence":0.739021,"direction":[-0.0167941,0.69418,-0.719605],"elbow":[37.0449,153.83,299.83],"grabStrength":0,"id":359,"palmNormal":[0.00740739,-0.719601,-0.694348],"palmPosition":[-32.8826,298.23,23.2614],"palmVelocity":[90.0871,69.0624,-219.545],"palmWidth":90.0033,"pinchStrength":0.592118,"r":[[0.949107,-0.235377,0.209267],[0.235988,0.971497,0.0224122],[-0.208578,0.028113,0.977602]],"s":0.933007,"sphereCenter":[-34.4359,280.255,-22.0958],"sphereRadius":47.3681,"stabilizedPalmPosition":[-67.8771,275.016,94.0255],"t":[64.6957,39.0341,-124.336],"timeVisible":0.289503,"type":"right","wrist":[-24.4784,264.353,64.6134]}],"id":1165675,"interactionBox":{"center":[0,200,0],"size":[235.247,235.247,147.751]},"pointables":[{"bases":[[[0.392427,0.785925,0.477832],[-0.801417,0.0372271,0.596946],[0.451367,-0.6172,0.644462]],[[0.210184,0.951933,0.222813],[-0.857709,0.070165,0.509326],[0.469211,-0.298161,0.831229]],[[0.210184,0.951933,0.222813],[-0.968324,0.171275,0.181697],[0.134801,-0.253945,0.957779]],[[0.210184,0.951933,0.222813],[-0.967141,0.235795,-0.0950721],[-0.143041,-0.195509,0.970214]]],"btipPosition":[-76.9394,281.65,-35.9779],"carpPosition":[-52.5366,253.837,59.8273],"dipPosition":[-80.2508,277.124,-13.5176],"direction":[-0.134801,0.253945,-0.957779],"extended":false,"handId":359,"id":3590,"length":51.5512,"mcpPosition":[-52.5366,253.837,59.8273],"pipPosition":[-75.7045,268.559,18.7843],"stabilizedTipPosition":[-117.442,259.887,41.1436],"timeVisible":0.289503,"tipPosition":[-78.0059,281.327,-30.6555],"tipVelocity":[114.215,79.7236,-253.818],"tool":false,"touchDistance":-0.548015,"touchZone":"hovering","type":0,"width":20.0304},{"bases":[[[0.982818,0.133304,-0.127668],[-0.0346838,0.812729,0.581608],[0.18129,-0.567187,0.803388]],[[0.988458,0.113771,-0.100035],[-0.049211,0.865641,0.498241],[0.14328,-0.487567,0.861249]],[[0.988458,0.113771,-0.100035],[-0.0707836,0.930646,0.359009],[0.133942,-0.347785,0.927958]],[[0.988458,0.113771,-0.100035],[-0.0863583,0.96568,0.244959],[0.124471,-0.233493,0.964359]]],"btipPosition":[-69.4687,349.494,-67.9631],"carpPosition":[-44.8811,275.238,65.5849],"dipPosition":[-67.3651,345.548,-51.6651],"direction":[-0.133942,0.347785,-0.927958],"extended":true,"handId":359,"id":3591,"length":58.1698,"mcpPosition":[-58.0739,316.513,7.12086],"pipPosition":[-64.1628,337.233,-29.4792],"stabilizedTipPosition":[-89.9422,330.049,-29.0594],"timeVisible":0.289503,"tipPosition":[-67.8881,347.291,-64.746],"tipVelocity":[121.188,125.384,-219.357],"tool":false,"touchDistance":-0.531839,"touchZone":"hovering","type":1,"width":19.133},{"bases":[[[0.989691,-0.0850671,-0.11522],[0.135961,0.810916,0.569148],[0.0450179,-0.578946,0.814122]],[[0.99071,-0.109658,-0.0804271],[0.0679952,0.911621,-0.40537],[0.117771,0.396135,0.910608]],[[0.99071,-0.109658,-0.0804271],[-0.106412,-0.25687,-0.96057],[0.0846745,0.960205,-0.266153]],[[0.99071,-0.109658,-0.0804271],[-0.135486,-0.846789,-0.514385],[-0.0116986,0.520503,-0.85378]]],"btipPosition":[-44.0894,262.927,-11.685],"carpPosition":[-33.2034,278.543,64.5579],"dipPosition":[-44.3069,272.602,-27.5552],"direction":[-0.0846745,-0.960205,0.266153],"extended":false,"handId":359,"id":3592,"length":66.2798,"mcpPosition":[-36.3101,318.497,8.37414],"pipPosition":[-41.9252,299.61,-35.0416],"stabilizedTipPosition":[-83.7776,236.123,67.6516],"timeVisible":0.289503,"tipPosition":[-44.1552,264.784,-14.673],"tipVelocity":[126.318,72.4959,-231.424],"tool":false,"touchDistance":0.333333,"touchZone":"none","type":2,"width":18.7912},{"bases":[[[0.972444,-0.230223,-0.0367342],[0.207688,0.783897,0.585124],[-0.105913,-0.57663,0.810111]],[[0.973286,-0.225449,-0.043429],[0.180963,0.869696,-0.459219],[0.141301,0.439092,0.887261]],[[0.973286,-0.225449,-0.043429],[-0.112803,-0.304807,-0.94571],[0.199972,0.925346,-0.322096]],[[0.973286,-0.225449,-0.043429],[-0.217368,-0.843921,-0.490457],[0.0739225,0.486795,-0.870383]]],"btipPosition":[-27.6793,260.677,-1.48501],"carpPosition":[-21.1513,278.707,63.0108],"dipPosition":[-26.3131,269.673,-17.5709],"direction":[-0.199972,-0.925346,0.322096],"extended":false,"handId":359,"id":3593,"length":63.7298,"mcpPosition":[-14.5888,314.435,12.8157],"pipPosition":[-20.8336,295.029,-26.3968],"stabilizedTipPosition":[-67.536,237.362,75.6652],"timeVisible":0.289503,"tipPosition":[-27.3112,262.736,-4.98926],"tipVelocity":[116.563,71.2657,-212.529],"tool":false,"touchDistance":0.333333,"touchZone":"none","type":3,"width":17.881},{"bases":[[[0.905877,-0.421751,-0.0388969],[0.346232,0.684502,0.641545],[-0.243947,-0.594628,0.766098]],[[0.857232,-0.508665,0.0800893],[0.496668,0.77571,-0.389353],[0.135924,0.373543,0.9176]],[[0.857232,-0.508665,0.0800893],[-0.0589381,-0.251435,-0.966078],[0.511547,0.823432,-0.245518]],[[0.857232,-0.508665,0.0800893],[-0.384672,-0.735986,-0.557093],[0.342318,0.44675,-0.826579]]],"btipPosition":[-15.8002,269.473,2.26963],"carpPosition":[-9.30486,271.98,59.461],"dipPosition":[-9.96371,277.09,-11.8235],"direction":[-0.511547,-0.823432,0.245518],"extended":false,"handId":359,"id":3594,"length":49.963,"mcpPosition":[4.68709,306.086,15.5204],"pipPosition":[-0.0669633,293.021,-16.5734],"stabilizedTipPosition":[-55.0341,245.318,82.7565],"timeVisible":0.289503,"tipPosition":[-14.3793,270.96,-0.375184],"tipVelocity":[105.448,70.991,-193.672],"tool":false,"touchDistance":0.333333,"touchZone":"none","type":4,"width":15.8833}],"r":[[0.949107,-0.235377,0.209267],[0.235988,0.971497,0.0224122],[-0.208578,0.028113,0.977602]],"s":0.933007,"t":[64.6957,39.0341,-124.336],"timestamp":15314773241},false],[3,{"currentFrameRate":110.317,"devices":[],"gestures":[],"hands":[{"armBasis":[[0.973288,0.112268,-0.200264],[-0.0157424,0.902865,0.429636],[0.229046,-0.415007,0.880515]],"armWidth":63.029,"confidence":0.744648,"direction":[-0.0143523,0.693144,-0.720656],"elbow":[36.9475,154.238,298.297],"grabStrength":0,"id":359,"palmNormal":[0.0118077,-0.720562,-0.69329],"palmPosition":[-32.4791,298.881,21.6964],"palmVelocity":[77.7546,70.0391,-207.248],"palmWidth":90.0033,"pinchStrength":0.587782,"r":[[0.947657,-0.234814,0.216354],[0.234984,0.97167,0.0253153],[-0.216169,0.0268496,0.975987]],"s":0.935804,"sphereCenter":[-34.574,281.032,-23.5222],"sphereRadius":47.2742,"stabilizedPalmPosition":[-67.3781,275.352,93.0061],"t":[65.2207,39.6459,-125.97],"timeVisible":0.298466,"type":"right","wrist":[-24.2242,265.075,63.1361]}],"id":1165676,"interactionBox":{"center":[0,200,0],"size":[235.247,235.247,147.751]},"pointables":[{"bases":[[[0.388966,0.787173,0.478606],[-0.804334,0.0368796,0.593031],[0.449168,-0.615628,0.647496]],[[0.208213,0.95228,0.223181],[-0.857717,0.068107,0.509591],[0.470073,-0.29753,0.830968]],[[0.208213,0.95228,0.223181],[-0.969713,0.171196,0.174209],[0.127688,-0.252694,0.959084]],[[0.208213,0.95228,0.223181],[-0.967496,0.234008,-0.0958681],[-0.143519,-0.195966,0.970051]]],"btipPosition":[-76.4379,282.26,-37.6026],"carpPosition":[-52.2435,254.51,58.2299],"dipPosition":[-79.7604,277.724,-15.1461],"direction":[-0.127688,0.252694,-0.959084],"extended":false,"handId":359,"id":3590,"length":51.5512,"mcpPosition":[-52.2435,254.51,58.2299],"pipPosition":[-75.454,269.201,17.1998],"stabilizedTipPosition":[-116.515,260.378,39.4481],"timeVisible":0.298466,"tipPosition":[-77.4119,281.844,-32.3383],"tipVelocity":[98.1942,76.4723,-233.994],"tool":false,"touchDistance":-0.545931,"touchZone":"hovering","type":0,"width":20.0304},{"bases":[[[0.983224,0.134578,-0.123126],[-0.0386782,0.813492,0.580288],[0.178256,-0.565791,0.80505]],[[0.98806,0.117805,-0.0992901],[-0.0529492,0.864857,0.499218],[0.144682,-0.488,0.860769]],[[0.98806,0.117805,-0.0992901],[-0.0747318,0.930037,0.359787],[0.134728,-0.348071,0.927736]],[[0.98806,0.117805,-0.0992901],[-0.0904139,0.965187,0.245436],[0.124747,-0.233528,0.964315]]],"btipPosition":[-69.0972,350.111,-69.6484],"carpPosition":[-44.6473,275.931,63.9941],"dipPosition":[-66.9889,346.165,-53.3511],"direction":[-0.134728,0.348071,-0.927736],"extended":true,"handId":359,"id":3591,"length":58.1698,"mcpPosition":[-57.6193,317.104,5.40916],"pipPosition":[-63.7678,337.843,-31.1705],"stabilizedTipPosition":[-88.5913,331.262,-31.3927],"timeVisible":0.298466,"tipPosition":[-67.484,347.981,-66.4138],"tipVelocity":[99.4027,109.905,-210.79],"tool":false,"touchDistance":-0.53227,"touchZone":"hovering","type":1,"width":19.133},{"bases":[[[0.990358,-0.0837655,-0.110338],[0.132027,0.811913,0.568652],[0.0419513,-0.577737,0.815144]],[[0.991246,-0.108295,-0.0755208],[0.0684901,0.910807,-0.407112],[0.112873,0.398376,0.910251]],[[0.991246,-0.108295,-0.0755208],[-0.1015,-0.259265,-0.960458],[0.0844332,0.959716,-0.267987]],[[0.991246,-0.108295,-0.0755208],[-0.131756,-0.84804,-0.513292],[-0.00845756,0.518749,-0.854885]]],"btipPosition":[-43.464,263.491,-13.2056],"carpPosition":[-32.9697,279.252,63.0186],"dipPosition":[-43.6213,273.134,-29.0964],"direction":[-0.0844332,-0.959716,0.267987],"extended":false,"handId":359,"id":3592,"length":66.2798,"mcpPosition":[-35.8648,319.122,6.76432],"pipPosition":[-41.2463,300.129,-36.6344],"stabilizedTipPosition":[-82.7856,236.852,65.5701],"timeVisible":0.298466,"tipPosition":[-43.5184,265.364,-16.2384],"tipVelocity":[111.27,69.6644,-214.668],"tool":false,"touchDistance":0.333333,"touchZone":"none","type":2,"width":18.7912},{"bases":[[[0.972947,-0.228837,-0.0317313],[0.203716,0.785023,0.585011],[-0.108962,-0.575649,0.810404]],[[0.973618,-0.225189,-0.0368598],[0.183117,0.86744,-0.46262],[0.13615,0.443665,0.88579]],[[0.973618,-0.225189,-0.0368598],[-0.107525,-0.310285,-0.944543],[0.201264,0.923587,-0.326313]],[[0.973618,-0.225189,-0.0368598],[-0.214223,-0.846397,-0.487566],[0.0785964,0.482599,-0.872308]]],"btipPosition":[-27.1438,261.264,-2.76856],"carpPosition":[-20.9105,279.431,61.5293],"dipPosition":[-25.6912,270.183,-18.89],"direction":[-0.201264,-0.923587,0.326313],"extended":false,"handId":359,"id":3593,"length":63.7298,"mcpPosition":[-14.1591,315.098,11.3161],"pipPosition":[-20.1763,295.491,-27.8315],"stabilizedTipPosition":[-66.5461,237.993,73.6686],"timeVisible":0.298466,"tipPosition":[-26.7478,263.327,-6.36626],"tipVelocity":[101.623,69.1422,-193.81],"tool":false,"touchDistance":0.333333,"touchZone":"none","type":3,"width":17.881},{"bases":[[[0.906673,-0.420466,-0.0339442],[0.342133,0.685912,0.642238],[-0.246756,-0.593913,0.765754]],[[0.856688,-0.508497,0.0867019],[0.498707,0.773504,-0.39113],[0.131824,0.378315,0.916242]],[[0.856688,-0.508497,0.0867019],[-0.0546981,-0.256682,-0.964947],[0.512928,0.821916,-0.24771]],[[0.856688,-0.508497,0.0867019],[-0.382018,-0.738364,-0.555771],[0.346625,0.443,-0.826802]]],"btipPosition":[-15.3282,270.095,0.968118],"carpPosition":[-9.03727,272.717,58.046],"dipPosition":[-9.41832,277.648,-13.1288],"direction":[-0.512927,-0.821916,0.24771],"extended":false,"handId":359,"id":3594,"length":49.963,"mcpPosition":[5.11579,306.781,14.1251],"pipPosition":[0.505137,293.549,-17.9211],"stabilizedTipPosition":[-53.9911,245.991,80.5969],"timeVisible":0.298466,"tipPosition":[-13.8713,271.6,-1.76196],"tipVelocity":[91.5187,70.1075,-180.438],"tool":false,"touchDistance":0.333333,"touchZone":"none","type":4,"width":15.8833}],"r":[[0.947657,-0.234814,0.216354],[0.234984,0.97167,0.0253153],[-0.216169,0.0268496,0.975987]],"s":0.935804,"t":[65.2207,39.6459,-125.97],"timestamp":15314782204},false],[4,{"currentFrameRate":110.32,"devices":[],"gestures":[],"hands":[{"armBasis":[[0.97431,0.112404,-0.195153],[-0.017896,0.902441,0.430441],[0.224498,-0.41589,0.881269]],"armWidth":63.029,"confidence":0.752847,"direction":[-0.0122397,0.691373,-0.722395],"elbow":[36.0306,154.565,297.348],"grabStrength":0,"id":359,"palmNormal":[0.0148076,-0.722244,-0.69148],"palmPosition":[-32.0557,299.336,20.4341],"palmVelocity":[69.1891,64.5847,-188.492],"palmWidth":90.0033,"pinchStrength":0.581181,"r":[[0.946328,-0.23413,0.222813],[0.234011,0.97185,0.0273259],[-0.222939,0.0262814,0.974478]],"s":0.93869,"sphereCenter":[-34.8186,281.582,-24.6039],"sphereRadius":47.1852,"stabilizedPalmPosition":[-66.927,275.659,92.0792],"t":[65.6949,40.1797,-127.419],"timeVisible":0.307526,"type":"right","wrist":[-23.9265,265.638,61.9858]}],"id":1165677,"interactionBox":{"center":[0,200,0],"size":[235.247,235.247,147.751]},"pointables":[{"bases":[[[0.38669,0.788614,0.478078],[-0.806491,0.0377593,0.59004],[0.447262,-0.613728,0.650611]],[[0.20755,0.95253,0.222732],[-0.856727,0.0670971,0.511386],[0.472166,-0.296959,0.829985]],[[0.20755,0.95253,0.222732],[-0.970554,0.172056,0.168588],[0.122262,-0.251163,0.960192]],[[0.20755,0.95253,0.222732],[-0.967682,0.233258,-0.095825],[-0.14323,-0.195645,0.970159]]],"btipPosition":[-76.0421,282.704,-38.8193],"carpPosition":[-51.9206,255.041,57.0046],"dipPosition":[-79.3578,278.175,-16.3603],"direction":[-0.122262,0.251163,-0.960192],"extended":false,"handId":359,"id":3590,"length":51.5512,"mcpPosition":[-51.9206,255.041,57.0046],"pipPosition":[-75.2344,269.704,16.023],"stabilizedTipPosition":[-115.656,260.838,37.8674],"timeVisible":0.307526,"tipPosition":[-76.909,282.186,-33.6187],"tipVelocity":[83.1913,68.9318,-206.445],"tool":false,"touchDistance":-0.537913,"touchZone":"hovering","type":0,"width":20.0304},{"bases":[[[0.983567,0.134971,-0.119914],[-0.0413357,0.814879,0.578155],[0.17575,-0.563698,0.807067]],[[0.987599,0.121038,-0.0999874],[-0.0554727,0.864831,0.498989],[0.146869,-0.487255,0.860821]],[[0.987599,0.121038,-0.0999874],[-0.0775495,0.929859,0.35965],[0.136506,-0.347436,0.927714]],[[0.987599,0.121038,-0.0999874],[-0.0934278,0.964939,0.245282],[0.12617,-0.232899,0.964282]]],"btipPosition":[-68.7871,350.452,-71.0467],"carpPosition":[-44.3601,276.481,62.7437],"dipPosition":[-66.6548,346.516,-54.75],"direction":[-0.136506,0.347436,-0.927714],"extended":true,"handId":359,"id":3591,"length":58.1698,"mcpPosition":[-57.1497,317.503,4.01196],"pipPosition":[-63.3912,338.209,-32.5699],"stabilizedTipPosition":[-87.4079,332.328,-33.4863],"timeVisible":0.307526,"tipPosition":[-67.1375,348.395,-67.7939],"tipVelocity":[81.5732,90.0102,-195.206],"tool":false,"touchDistance":-0.528353,"touchZone":"hovering","type":1,"width":19.133},{"bases":[[[0.990807,-0.0833352,-0.106566],[0.129412,0.813393,0.567138],[0.0394177,-0.575715,0.8167]],[[0.991587,-0.107719,-0.0717721],[0.068966,0.90889,-0.411293],[0.109537,0.402883,0.908673]],[[0.991587,-0.107719,-0.0717721],[-0.0981281,-0.263977,-0.959524],[0.0844132,0.958495,-0.272327]],[[0.991587,-0.107719,-0.0717721],[-0.129299,-0.85015,-0.510419],[-0.00603502,0.515405,-0.856926]]],"btipPosition":[-42.8864,263.789,-14.2942],"carpPosition":[-32.6814,279.808,61.8021],"dipPosition":[-42.9985,273.37,-30.2229],"direction":[-0.0844132,-0.958495,0.272327],"extended":false,"handId":359,"id":3592,"length":66.2798,"mcpPosition":[-35.4017,319.539,5.4405],"pipPosition":[-40.6242,300.33,-37.883],"stabilizedTipPosition":[-81.8557,237.532,63.6221],"timeVisible":0.307526,"tipPosition":[-42.932,265.695,-17.4143],"tipVelocity":[98.4672,59.0834,-188.836],"tool":false,"touchDistance":0.333333,"touchZone":"none","type":2,"width":18.7912},{"bases":[[[0.973215,-0.228226,-0.0276687],[0.20106,0.786593,0.58382],[-0.111479,-0.573746,0.811411]],[[0.973651,-0.225939,-0.0309001],[0.185203,0.862509,-0.470934],[0.133054,0.452802,0.881627]],[[0.973651,-0.225939,-0.0309001],[-0.104196,-0.32024,-0.941589],[0.202847,0.919999,-0.335344]],[[0.973651,-0.225939,-0.0309001],[-0.212567,-0.850139,-0.481746],[0.0825762,0.475621,-0.875766]]],"btipPosition":[-26.6745,261.53,-3.50906],"carpPosition":[-20.6171,279.992,60.3558],"dipPosition":[-25.1484,270.321,-19.6944],"direction":[-0.202847,-0.919999,0.335344],"extended":false,"handId":359,"id":3593,"length":63.7298,"mcpPosition":[-13.7097,315.542,10.0802],"pipPosition":[-19.5901,295.53,-28.8834],"stabilizedTipPosition":[-65.6075,238.59,71.7808],"timeVisible":0.307526,"tipPosition":[-26.2471,263.625,-7.27322],"tipVelocity":[88.3803,57.271,-163.31],"tool":false,"touchDistance":0.333333,"touchZone":"none","type":3,"width":17.881},{"bases":[[[0.907083,-0.419907,-0.0296518],[0.339339,0.68772,0.641787],[-0.249099,-0.592216,0.766309]],[[0.855819,-0.508884,0.0927985],[0.500608,0.769632,-0.396305],[0.130252,0.385621,0.913417]],[[0.855819,-0.508884,0.0927985],[-0.0532009,-0.265039,-0.962769],[0.514533,0.819019,-0.253898]],[[0.855819,-0.508884,0.0927985],[-0.381336,-0.74189,-0.551527],[0.34951,0.43662,-0.828979]]],"btipPosition":[-14.9086,270.468,0.0775991],"carpPosition":[-8.72669,273.278,56.9317],"dipPosition":[-8.94948,277.912,-14.0564],"direction":[-0.514533,-0.819019,0.253898],"extended":false,"handId":359,"id":3594,"length":49.963,"mcpPosition":[5.56071,307.245,12.979],"pipPosition":[1.00503,293.758,-18.9685],"stabilizedTipPosition":[-53.0167,246.622,78.579],"timeVisible":0.307526,"tipPosition":[-13.4129,271.993,-2.78162],"tipVelocity":[79.3827,61.3519,-158.015],"tool":false,"touchDistance":0.333333,"touchZone":"none","type":4,"width":15.8833}],"r":[[0.946328,-0.23413,0.222813],[0.234011,0.97185,0.0273259],[-0.222939,0.0262814,0.974478]],"s":0.93869,"t":[65.6949,40.1797,-127.419],"timestamp":15314791264},false],[5,{"currentFrameRate":110.328,"devices":[],"gestures":[],"hands":[{"armBasis":[[0.974463,0.115641,-0.192482],[-0.0212314,0.900804,0.433707],[0.223543,-0.418544,0.880255]],"armWidth":63.029,"confidence":0.748207,"direction":[-0.0118568,0.689085,-0.724584],"elbow":[36.0325,154.497,295.915],"grabStrength":0,"id":359,"palmNormal":[0.0184857,-0.72436,-0.689174],"palmPosition":[-31.7621,299.828,19.1443],"palmVelocity":[59.0518,61.7647,-175.81],"palmWidth":90.0033,"pinchStrength":0.574752,"r":[[0.945216,-0.232993,0.228651],[0.232743,0.972122,0.0284531],[-0.228906,0.0263226,0.973093]],"s":0.941465,"sphereCenter":[-35.1886,282.155,-25.6886],"sphereRadius":47.0844,"stabilizedPalmPosition":[-66.5286,275.932,91.2528],"t":[66.0788,40.6925,-128.788],"timeVisible":0.316576,"type":"right","wrist":[-23.6695,266.279,60.8238]}],"id":1165678,"interactionBox":{"center":[0,200,0],"size":[235.247,235.247,147.751]},"pointables":[{"bases":[[[0.383453,0.791028,0.476696],[-0.80824,0.0376623,0.587648],[0.446892,-0.61062,0.653782]],[[0.204953,0.953547,0.220776],[-0.856634,0.0656407,0.511733],[0.473469,-0.294005,0.830294]],[[0.204953,0.953547,0.220776],[-0.971593,0.170938,0.163667],[0.118325,-0.248048,0.961494]],[[0.204953,0.953547,0.220776],[-0.968067,0.230757,-0.0979685],[-0.144363,-0.193647,0.970392]]],"btipPosition":[-75.6508,282.965,-40.0915],"carpPosition":[-51.624,255.6,55.797],"dipPosition":[-78.9928,278.483,-17.6271],"direction":[-0.118325,0.248048,-0.961494],"extended":false,"handId":359,"id":3590,"length":51.5512,"mcpPosition":[-51.624,255.6,55.797],"pipPosition":[-75.0022,270.117,14.8002],"stabilizedTipPosition":[-114.884,261.254,36.4341],"timeVisible":0.316576,"tipPosition":[-76.4786,282.407,-34.9244],"tipVelocity":[71.9847,58.2111,-188.234],"tool":false,"touchDistance":-0.531518,"touchZone":"hovering","type":0,"width":20.0304},{"bases":[[[0.983575,0.136958,-0.117568],[-0.0449157,0.816577,0.575487],[0.174821,-0.560754,0.809316]],[[0.986801,0.125982,-0.101743],[-0.0589459,0.86464,0.498922],[0.150826,-0.48634,0.860654]],[[0.986801,0.125982,-0.101743],[-0.0815513,0.929424,0.35989],[0.139902,-0.346843,0.927431]],[[0.986801,0.125982,-0.101743],[-0.0977973,0.964413,0.245647],[0.129069,-0.232454,0.964005]]],"btipPosition":[-68.7888,350.772,-72.4451],"carpPosition":[-44.1311,277.076,61.4903],"dipPosition":[-66.6075,346.843,-56.1531],"direction":[-0.139902,0.346843,-0.927431],"extended":true,"handId":359,"id":3591,"length":58.1698,"mcpPosition":[-56.8531,317.883,2.59494],"pipPosition":[-63.2627,338.551,-33.9799],"stabilizedTipPosition":[-86.4443,333.212,-35.2609],"timeVisible":0.316576,"tipPosition":[-67.0976,348.764,-69.1851],"tipVelocity":[59.3599,74.9789,-184.017],"tool":false,"touchDistance":-0.524845,"touchZone":"hovering","type":1,"width":19.133},{"bases":[[[0.9913,-0.0812873,-0.103518],[0.125865,0.815466,0.564955],[0.0384919,-0.573069,0.818603]],[[0.992041,-0.105435,-0.0688284],[0.0671456,0.905418,-0.419178],[0.106514,0.411221,0.905291]],[[0.992041,-0.105435,-0.0688284],[-0.0954396,-0.273107,-0.957238],[0.0821287,0.956188,-0.280996]],[[0.992041,-0.105435,-0.0688284],[-0.125787,-0.854211,-0.50448],[-0.00560419,0.509123,-0.860676]]],"btipPosition":[-42.3984,264.011,-15.1817],"carpPosition":[-32.4577,280.428,60.5712],"dipPosition":[-42.5026,273.474,-31.1801],"direction":[-0.0821287,-0.956188,0.280996],"extended":false,"handId":359,"id":3592,"length":66.2798,"mcpPosition":[-35.1141,319.976,4.07827],"pipPosition":[-40.1925,300.37,-39.084],"stabilizedTipPosition":[-80.9989,238.154,61.8299],"timeVisible":0.316576,"tipPosition":[-42.4434,265.975,-18.4747],"tipVelocity":[86.233,48.7069,-164.282],"tool":false,"touchDistance":0.333333,"touchZone":"none","type":2,"width":18.7912},{"bases":[[[0.973832,-0.225974,-0.0242179],[0.19753,0.788891,0.581922],[-0.112394,-0.571478,0.812884]],[[0.974177,-0.224197,-0.0267434],[0.185115,0.860892,-0.473918],[0.129274,0.456729,0.880163]],[[0.974177,-0.224197,-0.0267434],[-0.100467,-0.32435,-0.940587],[0.202202,0.918985,-0.338498]],[[0.974177,-0.224197,-0.0267434],[-0.209322,-0.85238,-0.479201],[0.0846398,0.472424,-0.877298]]],"btipPosition":[-26.244,261.947,-4.61836],"carpPosition":[-20.3898,280.636,59.1583],"dipPosition":[-24.6798,270.678,-20.832],"direction":[-0.202202,-0.918985,0.338499],"extended":false,"handId":359,"id":3593,"length":63.7298,"mcpPosition":[-13.4258,316.045,8.79143],"pipPosition":[-19.1391,295.86,-30.1074],"stabilizedTipPosition":[-64.7448,239.14,70.0406],"timeVisible":0.316576,"tipPosition":[-25.8044,264.032,-8.40491],"tipVelocity":[77.3881,53.7669,-152.271],"tool":false,"touchDistance":0.333333,"touchZone":"none","type":3,"width":17.881},{"bases":[[[0.908165,-0.417818,-0.025788],[0.335881,0.690531,0.640586],[-0.249841,-0.59042,0.767453]],[[0.855982,-0.50757,0.0983229],[0.500616,0.766216,-0.40286],[0.129143,0.394063,0.909965]],[[0.855982,-0.50757,0.0983229],[-0.0524599,-0.274467,-0.960165],[0.514337,0.816726,-0.261566]],[[0.855982,-0.50757,0.0983229],[-0.379958,-0.746568,-0.546138],[0.350608,0.430126,-0.831905]]],"btipPosition":[-14.5893,270.887,-0.812104],"carpPosition":[-8.47381,273.94,55.7887],"dipPosition":[-8.61143,278.22,-14.996],"direction":[-0.514337,-0.816726,0.261566],"extended":false,"handId":359,"id":3594,"length":49.963,"mcpPosition":[5.85617,307.804,11.7703],"pipPosition":[1.33929,294.021,-20.0564],"stabilizedTipPosition":[-52.1278,247.201,76.7332],"timeVisible":0.316576,"tipPosition":[-13.0619,272.432,-3.80337],"tipVelocity":[67.3483,56.4174,-141.893],"tool":false,"touchDistance":0.333333,"touchZone":"none","type":4,"width":15.8833}],"r":[[0.945216,-0.232993,0.228651],[0.232743,0.972122,0.0284531],[-0.228906,0.0263226,0.973093]],"s":0.941465,"t":[66.0788,40.6925,-128.788],"timestamp":15314800314},false],[6,{"currentFrameRate":110.476,"devices":[],"gestures":[],"hands":[{"armBasis":[[0.974788,0.12333,-0.185953],[-0.0299634,0.898171,0.438623],[0.221113,-0.421993,0.879222]],"armWidth":63.029,"confidence":0.754376,"direction":[-0.0114017,0.687418,-0.726173],"elbow":[35.6398,154.389,294.159],"grabStrength":0,"id":359,"palmNormal":[0.0278266,-0.725721,-0.687426],"palmPosition":[-31.4402,300.497,17.5364],"palmVelocity":[53.016,65.62,-177.725],"palmWidth":90.0033,"pinchStrength":0.567775,"r":[[0.944282,-0.23076,0.234695],[0.230427,0.97265,0.0292319],[-0.235022,0.0264769,0.971629]],"s":0.944162,"sphereCenter":[-35.3299,282.92,-27.1458],"sphereRadius":47.0182,"stabilizedPalmPosition":[-66.1857,276.172,90.5324],"t":[66.4317,41.2834,-130.276],"timeVisible":0.325366,"type":"right","wrist":[-23.4134,267.091,59.3438]}],"id":1165679,"interactionBox":{"center":[0,200,0],"size":[235.247,235.247,147.751]},"pointables":[{"bases":[[[0.375102,0.794527,0.477521],[-0.812425,0.0337075,0.582091],[0.446391,-0.606293,0.658137]],[[0.197291,0.955332,0.220039],[-0.859101,0.0603579,0.508235],[0.472252,-0.289306,0.832635]],[[0.197291,0.955332,0.220039],[-0.973956,0.165422,0.155063],[0.111738,-0.244901,0.963088]],[[0.197291,0.955332,0.220039],[-0.969104,0.223945,-0.103372],[-0.148032,-0.192846,0.969998]]],"btipPosition":[-74.9233,283.23,-41.8966],"carpPosition":[-51.2637,256.221,54.152],"dipPosition":[-78.3502,278.765,-19.4413],"direction":[-0.111738,0.244901,-0.963088],"extended":false,"handId":359,"id":3590,"length":51.5512,"mcpPosition":[-51.2637,256.221,54.152],"pipPosition":[-74.5817,270.506,13.0396],"stabilizedTipPosition":[-114.207,261.615,35.1711],"timeVisible":0.325366,"tipPosition":[-75.7329,282.649,-36.7545],"tipVelocity":[74.2885,50.7672,-192.908],"tool":false,"touchDistance":-0.533809,"touchZone":"hovering","type":0,"width":20.0304},{"bases":[[[0.983444,0.143065,-0.111226],[-0.0540815,0.817517,0.573359],[0.172957,-0.557851,0.811719]],[[0.985793,0.135155,-0.0997255],[-0.0677267,0.863171,0.500349],[0.153705,-0.486486,0.860062]],[[0.985793,0.135155,-0.0997255],[-0.090571,0.927748,0.36205],[0.141453,-0.347875,0.926809]],[[0.985793,0.135155,-0.0997255],[-0.106889,0.962786,0.248231],[0.129564,-0.234045,0.963554]]],"btipPosition":[-68.6382,351.299,-74.2145],"carpPosition":[-43.9483,277.757,59.8482],"dipPosition":[-66.4485,347.344,-57.9301],"direction":[-0.141453,0.347875,-0.926809],"extended":true,"handId":359,"id":3591,"length":58.1698,"mcpPosition":[-56.5347,318.353,0.777952],"pipPosition":[-63.0666,339.027,-35.7717],"stabilizedTipPosition":[-85.688,333.922,-36.7152],"timeVisible":0.325366,"tipPosition":[-66.9125,349.31,-70.9555],"tipVelocity":[48.0564,70.7715,-188.719],"tool":false,"touchDistance":-0.52726,"touchZone":"hovering","type":1,"width":19.133},{"bases":[[[0.992482,-0.0750947,-0.0966401],[0.11677,0.817489,0.563983],[0.0366501,-0.571028,0.820112]],[[0.993145,-0.0990742,-0.0620192],[0.0633177,0.902022,-0.427021],[0.0982495,0.420167,0.902112]],[[0.993145,-0.0990742,-0.0620192],[-0.0878468,-0.282663,-0.955188],[0.077104,0.954089,-0.289429]],[[0.993145,-0.0990742,-0.0620192],[-0.116824,-0.858489,-0.499348],[-0.00377027,0.503171,-0.864179]]],"btipPosition":[-41.6032,264.368,-16.4026],"carpPosition":[-32.2909,281.182,59.0006],"dipPosition":[-41.6732,273.721,-32.4662],"direction":[-0.077104,-0.954089,0.289429],"extended":false,"handId":359,"id":3592,"length":66.2798,"mcpPosition":[-34.8201,320.59,2.40343],"pipPosition":[-39.5045,300.557,-40.6072],"stabilizedTipPosition":[-80.2067,238.725,60.1819],"timeVisible":0.325366,"tipPosition":[-41.6408,266.399,-19.8767],"tipVelocity":[87.6138,45.7523,-157.91],"tool":false,"touchDistance":0.333333,"touchZone":"none","type":2,"width":18.7912},{"bases":[[[0.975413,-0.219718,-0.0171391],[0.188489,0.791415,0.581493],[-0.114201,-0.570426,0.813371]],[[0.975585,-0.21885,-0.0183764],[0.183559,0.858475,-0.47888],[0.120579,0.463815,0.877688]],[[0.975585,-0.21885,-0.0183764],[-0.0921109,-0.331776,-0.93885],[0.199371,0.917621,-0.343835]],[[0.975585,-0.21885,-0.0183764],[-0.201035,-0.856207,-0.475915],[0.0884202,0.46799,-0.879299]]],"btipPosition":[-25.5655,262.518,-5.84554],"carpPosition":[-20.2153,281.466,57.6687],"dipPosition":[-23.9314,271.167,-22.0962],"direction":[-0.199371,-0.917621,0.343835],"extended":false,"handId":359,"id":3593,"length":63.7298,"mcpPosition":[-13.1393,316.81,7.27167],"pipPosition":[-18.4683,296.312,-31.5178],"stabilizedTipPosition":[-63.9496,239.65,68.4398],"timeVisible":0.325366,"tipPosition":[-25.1005,264.618,-9.72785],"tipVelocity":[77.8267,56.1954,-149.124],"tool":false,"touchDistance":0.333333,"touchZone":"none","type":3,"width":17.881},{"bases":[[[0.910998,-0.411986,-0.0187274],[0.327072,0.694081,0.641308],[-0.251212,-0.590355,0.767055]],[[0.854426,-0.507118,0.113084],[0.507422,0.767642,-0.391471],[0.111714,0.391865,0.913215]],[[0.854426,-0.507118,0.113084],[-0.0337276,-0.271324,-0.961897],[0.518478,0.818055,-0.24893]],[[0.854426,-0.507118,0.113084],[-0.369772,-0.746402,-0.553311],[0.365,0.430948,-0.825263]]],"btipPosition":[-13.9865,271.82,-2.65481],"carpPosition":[-8.23375,274.839,54.3945],"dipPosition":[-7.76325,279.168,-16.7255],"direction":[-0.518478,-0.818056,0.24893],"extended":false,"handId":359,"id":3594,"length":49.963,"mcpPosition":[6.17486,308.7,10.399],"pipPosition":[2.26758,294.994,-21.5414],"stabilizedTipPosition":[-51.3253,247.735,75.0577],"timeVisible":0.325366,"tipPosition":[-12.4021,273.311,-5.49583],"tipVelocity":[69.407,69.9061,-1