{"sensorType":"Leap","data":[[0,{"currentFrameRate":109.583,"devices":[],"gestures":[],"hands":[{"armBasis":[[0.948411,0.0948493,-0.302523],[0.0303948,0.922604,0.384549],[0.315583,-0.373906,0.872125]],"armWidth":63.029,"confidence":0.838391,"direction":[0.0174443,0.636997,-0.770669],"elbow":[54.9329,140.35,307.272],"grabStrength":0,"id":359,"palmNormal":[-0.0264553,-0.770223,-0.637226],"palmPosition":[-36.0682,271.181,30.4901],"palmVelocity":[131.84,135.107,-185.205],"palmWidth":90.0033,"pinchStrength":0.561436,"r":[[0.934892,-0.281739,0.215871],[0.286448,0.958045,0.00982426],[-0.209582,0.0526512,0.976373]],"s":0.938069,"sphereCenter":[-50.9525,252.425,-12.017],"sphereRadius":47.0781,"stabilizedPalmPosition":[-47.17,253.535,41.2767],"t":[60.9965,11.3335,-117.103],"timeVisible":9.27377,"type":"right","wrist":[-29.3506,240.21,74.3522]}],"id":1166652,"interactionBox":{"center":[0,200,0],"size":[235.247,235.247,147.751]},"pointables":[{"bases":[[[0.429262,0.800529,0.418195],[-0.799366,0.121212,0.58849],[0.420414,-0.586908,0.691948]],[[0.191562,0.979741,0.0584081],[-0.823634,0.128104,0.552464],[0.533789,-0.153938,0.831488]],[[0.191562,0.979741,0.0584081],[-0.980194,0.187927,0.0624709],[0.0502288,-0.0692183,0.996336]],[[0.191562,0.979741,0.0584081],[-0.976848,0.196095,-0.0855208],[-0.0952418,-0.0406733,0.994623]]],"btipPosition":[-83.7228,241.591,-27.4337],"carpPosition":[-57.8771,230.714,70.2497],"dipPosition":[-85.9276,240.65,-4.4084],"direction":[-0.0502288,0.0692183,-0.996336],"extended":false,"handId":359,"id":3590,"length":51.5512,"mcpPosition":[-57.8771,230.714,70.2497],"pipPosition":[-84.2336,238.315,29.1939],"stabilizedTipPosition":[-105.226,231.219,-1.18008],"timeVisible":9.27377,"tipPosition":[-83.5264,240.755,-22.0378],"tipVelocity":[170.928,56.5827,-161.385],"tool":false,"touchDistance":-0.473881,"touchZone":"hovering","type":0,"width":20.0304},{"bases":[[[0.988238,0.0758959,-0.132764],[0.00381943,0.855637,0.517563],[0.152879,-0.511982,0.845282]],[[0.971997,0.118434,-0.202968],[-0.0226562,0.906918,0.420697],[0.2339,-0.404317,0.884205]],[[0.971997,0.118434,-0.202968],[-0.0789323,0.978075,0.192716],[0.221342,-0.171298,0.960034]],[[0.971997,0.118434,-0.202968],[-0.119237,0.992831,0.00831197],[0.202498,0.016122,0.97915]]],"btipPosition":[-78.9863,310.365,-64.199],"carpPosition":[-49.2069,252.102,74.3901],"dipPosition":[-75.564,310.638,-47.651],"direction":[-0.221342,0.171298,-0.960034],"extended":true,"handId":359,"id":3591,"length":58.1698,"mcpPosition":[-60.3322,289.36,12.8774],"pipPosition":[-70.2721,306.542,-24.6982],"stabilizedTipPosition":[-82.2819,310.679,-53.8348],"timeVisible":9.27377,"tipPosition":[-77.9768,308.191,-60.5364],"tipVelocity":[187.139,17.6375,-290.872],"tool":false,"touchDistance":-0.562097,"touchZone":"hovering","type":1,"width":19.133},{"bases":[[[0.984578,-0.140957,-0.103616],[0.174193,0.844702,0.506099],[0.0161868,-0.516343,0.856229]],[[0.984665,-0.144413,-0.0978789],[0.0780642,0.866472,-0.493084],[0.156017,0.477881,0.864458]],[[0.984665,-0.144413,-0.0978789],[-0.146786,-0.382596,-0.912181],[0.0942824,0.91256,-0.397927]],[[0.984665,-0.144413,-0.0978789],[-0.170985,-0.910238,-0.377134],[-0.0346302,0.388087,-0.920972]]],"btipPosition":[-47.9464,234.723,1.17659],"carpPosition":[-37.3825,254.756,73.1694],"dipPosition":[-48.5901,241.937,-15.9426],"direction":[-0.0942824,-0.91256,0.397927],"extended":false,"handId":359,"id":3592,"length":66.2798,"mcpPosition":[-38.4996,290.389,14.0799],"pipPosition":[-45.9381,267.605,-27.1355],"stabilizedTipPosition":[-63.6736,228.847,11.4597],"timeVisible":9.27377,"tipPosition":[-48.0874,235.853,-1.97922],"tipVelocity":[177.838,60.6526,-130.122],"tool":false,"touchDistance":0.333333,"touchZone":"none","type":2,"width":18.7912},{"bases":[[[0.960277,-0.278678,-0.014341],[0.244519,0.815582,0.524439],[-0.134454,-0.507114,0.851327]],[[0.955567,-0.29451,0.0124751],[0.256267,0.809082,-0.528879],[0.145667,0.508576,0.848606]],[[0.955567,-0.29451,0.0124751],[-0.116998,-0.417776,-0.900986],[0.270561,0.859493,-0.43367]],[[0.955567,-0.29451,0.0124751],[-0.269788,-0.890838,-0.365543],[0.118769,0.345935,-0.930711]]],"btipPosition":[-33.0505,233.222,10.5034],"carpPosition":[-25.3348,254.223,71.6724],"dipPosition":[-30.8555,239.616,-6.69743],"direction":[-0.270561,-0.859493,0.43367],"extended":false,"handId":359,"id":3593,"length":63.7298,"mcpPosition":[-17.0039,285.644,18.9235],"pipPosition":[-23.4417,263.167,-18.5807],"stabilizedTipPosition":[-43.3433,228.805,14.6655],"timeVisible":9.27377,"tipPosition":[-32.5662,234.273,6.7887],"tipVelocity":[171.985,84.3304,-99.1168],"tool":false,"touchDistance":0.333333,"touchZone":"none","type":3,"width":17.881},{"bases":[[[0.884571,-0.4664,-0.00216691],[0.378055,0.714281,0.588963],[-0.273144,-0.521799,0.808157]],[[0.785014,-0.584561,0.205042],[0.613264,0.68657,-0.390549],[0.087524,0.432332,0.897457]],[[0.785014,-0.584561,0.205042],[-0.0191619,-0.353747,-0.935145],[0.619182,0.730172,-0.288898]],[[0.785014,-0.584561,0.205042],[-0.44356,-0.761462,-0.472685],[0.432445,0.280115,-0.857045]]],"btipPosition":[-20.5688,242.589,11.164],"carpPosition":[-13.8219,246.684,68.7045],"dipPosition":[-13.1956,247.365,-3.44849],"direction":[-0.619182,-0.730172,0.288898],"extended":false,"handId":359,"id":3594,"length":49.963,"mcpPosition":[1.84471,276.612,22.3515],"pipPosition":[-1.21651,261.491,-9.03771],"stabilizedTipPosition":[-27.5118,238.563,14.2984],"timeVisible":9.27377,"tipPosition":[-19.113,243.274,8.1002],"tipVelocity":[165.573,95.2943,-108.874],"tool":false,"touchDistance":0.333333,"touchZone":"none","type":4,"width":15.8833}],"r":[[0.934892,-0.281739,0.215871],[0.286448,0.958045,0.00982426],[-0.209582,0.0526512,0.976373]],"s":0.938069,"t":[60.9965,11.3335,-117.103],"timestamp":15323757510},false],[1,{"currentFrameRate":109.676,"devices":[],"gestures":[],"hands":[{"armBasis":[[0.950335,0.102753,-0.293776],[0.0226862,0.918546,0.394662],[0.3104,-0.381726,0.870596]],"armWidth":63.029,"confidence":0.840568,"direction":[0.0172659,0.649388,-0.760261],"elbow":[54.4998,139.44,304.829],"grabStrength":0,"id":359,"palmNormal":[-0.0183899,-0.76004,-0.649616],"palmPosition":[-35.0933,273.017,28.923],"palmVelocity":[125.57,154.232,-182.43],"palmWidth":90.0033,"pinchStrength":0.558251,"r":[[0.934425,-0.275985,0.225128],[0.282503,0.959261,0.00339633],[-0.216894,0.0604256,0.974323]],"s":0.940931,"sphereCenter":[-49.6476,254.83,-13.9819],"sphereRadius":47.1107,"stabilizedPalmPosition":[-46.3159,254.913,40.403],"t":[62.064,12.8639,-118.741],"timeVisible":9.28272,"type":"right","wrist":[-28.3993,241.388,72.3168]}],"id":1166653,"interactionBox":{"center":[0,200,0],"size":[235.247,235.247,147.751]},"pointables":[{"bases":[[[0.422087,0.796377,0.433158],[-0.803052,0.106746,0.58627],[0.420655,-0.595305,0.684588]],[[0.189032,0.978646,0.080741],[-0.825184,0.113741,0.553294],[0.532295,-0.171216,0.829064]],[[0.189032,0.978646,0.080741],[-0.980628,0.183835,0.0676299],[0.0513427,-0.0919611,0.994438]],[[0.189032,0.978646,0.080741],[-0.976373,0.196085,-0.090806],[-0.104699,-0.0616682,0.99259]]],"btipPosition":[-82.4347,244.764,-29.5356],"carpPosition":[-56.8442,231.781,67.9171],"dipPosition":[-84.8585,243.337,-6.55732],"direction":[-0.0513427,0.0919611,-0.994438],"extended":false,"handId":359,"id":3590,"length":51.5512,"mcpPosition":[-56.8442,231.781,67.9171],"pipPosition":[-83.1269,240.235,26.981],"stabilizedTipPosition":[-103.711,232.12,-2.75262],"timeVisible":9.28272,"tipPosition":[-82.3079,243.68,-24.219],"tipVelocity":[161.998,134.592,-181.781],"tool":false,"touchDistance":-0.486516,"touchZone":"hovering","type":0,"width":20.0304},{"bases":[[[0.988389,0.0841939,-0.126485],[-0.00418741,0.847221,0.531223],[0.151887,-0.524526,0.837737]],[[0.972206,0.127805,-0.196167],[-0.0302036,0.899326,0.436234],[0.232171,-0.418184,0.87819]],[[0.972206,0.127805,-0.196167],[-0.0852211,0.973562,0.211932],[0.218067,-0.189324,0.957394]],[[0.972206,0.127805,-0.196167],[-0.124386,0.991789,0.0297071],[0.198353,-0.00448109,0.98012]]],"btipPosition":[-77.8158,313.698,-65.2937],"carpPosition":[-48.3304,253.154,72.444],"dipPosition":[-74.4635,313.622,-48.7293],"direction":[-0.218067,0.189324,-0.957394],"extended":true,"handId":359,"id":3591,"length":58.1698,"mcpPosition":[-59.3835,291.324,11.4804],"pipPosition":[-69.2499,309.096,-25.8397],"stabilizedTipPosition":[-81.1449,311.331,-55.4954],"timeVisible":9.28272,"tipPosition":[-76.8129,311.517,-61.6656],"tipVelocity":[171.235,112.134,-244.676],"tool":false,"touchDistance":-0.550585,"touchZone":"hovering","type":1,"width":19.133},{"bases":[[[0.985957,-0.133118,-0.100836],[0.166307,0.837537,0.520455],[0.0151721,-0.529916,0.847914]],[[0.98604,-0.136875,-0.0948166],[0.0756053,0.875399,-0.477453],[0.148354,0.463619,0.873527]],[[0.98604,-0.136875,-0.0948166],[-0.139438,-0.367554,-0.919489],[0.091005,0.919874,-0.381509]],[[0.98604,-0.136875,-0.0948166],[-0.163412,-0.904793,-0.393252],[-0.031963,0.403256,-0.914529]]],"btipPosition":[-46.603,236.996,-1.1066],"carpPosition":[-36.5171,255.9,71.3264],"dipPosition":[-47.1971,244.492,-18.1061],"direction":[-0.091005,-0.919874,0.381509],"extended":false,"handId":359,"id":3592,"length":66.2798,"mcpPosition":[-37.5641,292.471,12.8106],"pipPosition":[-44.6373,270.366,-28.8372],"stabilizedTipPosition":[-61.6381,230.034,9.47921],"timeVisible":9.28272,"tipPosition":[-46.7303,238.186,-4.24611],"tipVelocity":[170.596,115.476,-163.428],"tool":false,"touchDistance":0.333333,"touchZone":"none","type":2,"width":18.7912},{"bases":[[[0.962082,-0.272404,-0.0139049],[0.236724,0.808567,0.538685],[-0.135497,-0.521551,0.842392]],[[0.957365,-0.288612,0.0124955],[0.253883,0.81995,-0.513055],[0.137828,0.494353,0.858265]],[[0.957365,-0.288612,0.0124955],[-0.109373,-0.40216,-0.909013],[0.267377,0.868891,-0.41658]],[[0.957365,-0.288612,0.0124955],[-0.262089,-0.885952,-0.382621],[0.121499,0.363033,-0.923821]]],"btipPosition":[-31.7267,235.416,8.24456],"carpPosition":[-24.4589,255.467,69.8825],"dipPosition":[-29.4812,242.125,-8.82893],"direction":[-0.267377,-0.868891,0.41658],"extended":false,"handId":359,"id":3593,"length":63.7298,"mcpPosition":[-16.0634,287.782,17.6872],"pipPosition":[-22.1547,265.934,-20.2439],"stabilizedTipPosition":[-41.2997,230.179,12.9225],"timeVisible":9.28272,"tipPosition":[-31.2322,236.547,4.58026],"tipVelocity":[165.748,130.481,-140.101],"tool":false,"touchDistance":0.333333,"touchZone":"none","type":3,"width":17.881},{"bases":[[[0.887507,-0.460767,-0.00512776],[0.370574,0.707079,0.602258],[-0.273875,-0.536408,0.798285]],[[0.787652,-0.582869,0.199668],[0.610614,0.695254,-0.379173],[0.0821887,0.420577,0.903527]],[[0.787652,-0.582869,0.199668],[-0.0151372,-0.342282,-0.939475],[0.615934,0.736957,-0.278422]],[[0.787652,-0.582869,0.199668],[-0.43825,-0.757811,-0.483383],[0.43306,0.293233,-0.852334]]],"btipPosition":[-19.3498,244.848,9.38338],"carpPosition":[-12.8838,248.049,66.8529],"dipPosition":[-11.9662,249.847,-5.14882],"direction":[-0.615934,-0.736957,0.278422],"extended":false,"handId":359,"id":3594,"length":49.963,"mcpPosition":[2.82468,278.815,21.0662],"pipPosition":[-0.0499335,264.105,-10.5354],"stabilizedTipPosition":[-25.7104,239.922,12.7898],"timeVisible":9.28272,"tipPosition":[-17.8604,245.604,6.25546],"tipVelocity":[157.608,139.791,-132.921],"tool":false,"touchDistance":0.333333,"touchZone":"none","type":4,"width":15.8833}],"r":[[0.934425,-0.275985,0.225128],[0.282503,0.959261,0.00339633],[-0.216894,0.0604256,0.974323]],"s":0.940931,"t":[62.064,12.8639,-118.741],"timestamp":15323766462},false],[2,{"currentFrameRate":109.707,"devices":[],"gestures":[],"hands":[{"armBasis":[[0.951796,0.103718,-0.288663],[0.0200132,0.918091,0.395864],[0.306077,-0.382559,0.87176]],"armWidth":63.029,"confidence":0.854875,"direction":[0.0230659,0.658648,-0.752098],"elbow":[54.14,140.275,303.868],"grabStrength":0,"id":359,"palmNormal":[-0.0135796,-0.752022,-0.658998],"palmPosition":[-33.968,274.606,27.9934],"palmVelocity":[125.195,160.06,-160.389],"palmWidth":90.0033,"pinchStrength":0.551973,"r":[[0.933632,-0.271914,0.233225],[0.279395,0.960176,0.000998403],[-0.224208,0.0642298,0.972422]],"s":0.94382,"sphereCenter":[-48.3786,257.049,-15.2148],"sphereRadius":47.164,"stabilizedPalmPosition":[-45.3586,256.439,39.441],"t":[63.1604,14.4234,-120.024],"timeVisible":9.29178,"type":"right","wrist":[-27.6046,242.446,71.0456]}],"id":1166654,"interactionBox":{"center":[0,200,0],"size":[235.247,235.247,147.751]},"pointables":[{"bases":[[[0.4189,0.790926,0.446048],[-0.807434,0.0997206,0.581468],[0.415418,-0.603731,0.680394]],[[0.191394,0.976579,0.0982911],[-0.828214,0.106949,0.550113],[0.526716,-0.186694,0.829286]],[[0.191394,0.976579,0.0982911],[-0.980261,0.185132,0.0693848],[0.0495629,-0.109631,0.992736]],[[0.191394,0.976579,0.0982911],[-0.97533,0.200455,-0.0924603],[-0.109998,-0.0781699,0.990853]]],"btipPosition":[-81.149,247.625,-31.0516],"carpPosition":[-56.0166,232.9,66.3144],"dipPosition":[-83.6955,245.815,-8.11353],"direction":[-0.0495629,0.109631,-0.992736],"extended":false,"handId":359,"id":3590,"length":51.5512,"mcpPosition":[-56.0166,232.9,66.3144],"pipPosition":[-82.0239,242.118,25.3674],"stabilizedTipPosition":[-101.974,233.313,-4.57219],"timeVisible":9.29178,"tipPosition":[-81.0344,246.366,-25.7837],"tipVelocity":[155.592,181.937,-178.072],"tool":false,"touchDistance":-0.489077,"touchZone":"hovering","type":0,"width":20.0304},{"bases":[[[0.989323,0.0855354,-0.117996],[-0.0080953,0.840652,0.541515],[0.145512,-0.534778,0.832369]],[[0.973576,0.130218,-0.187597],[-0.0326265,0.892377,0.450109],[0.226019,-0.432095,0.873046]],[[0.973576,0.130218,-0.187597],[-0.085025,0.969125,0.231448],[0.211943,-0.209382,0.954588]],[[0.973576,0.130218,-0.187597],[-0.122348,0.991072,0.0529861],[0.192822,-0.0286339,0.980816]]],"btipPosition":[-76.055,316.983,-65.9063],"carpPosition":[-47.5348,254.213,71.1668],"dipPosition":[-72.7962,316.499,-49.3302],"direction":[-0.211943,0.209382,-0.954588],"extended":true,"handId":359,"id":3591,"length":58.1698,"mcpPosition":[-58.124,293.13,10.5938],"pipPosition":[-67.729,311.493,-26.5076],"stabilizedTipPosition":[-79.8397,312.569,-56.9702],"timeVisible":9.29178,"tipPosition":[-75.0692,314.756,-62.3179],"tipVelocity":[176.962,178.421,-195.702],"tool":false,"touchDistance":-0.533009,"touchZone":"hovering","type":1,"width":19.133},{"bases":[[[0.986674,-0.132074,-0.0950298],[0.162475,0.831066,0.531914],[0.00872409,-0.540265,0.84145]],[[0.986711,-0.135991,-0.0889206],[0.0794609,0.881227,-0.465968],[0.141727,0.45271,0.880322]],[[0.986711,-0.135991,-0.0889206],[-0.132451,-0.356218,-0.924968],[0.0941124,0.924454,-0.369496]],[[0.986711,-0.135991,-0.0889206],[-0.160565,-0.899916,-0.405426],[-0.0248868,0.414316,-0.909793]]],"btipPosition":[-45.257,238.967,-2.56485],"carpPosition":[-35.7131,256.971,70.1719],"dipPosition":[-45.7196,246.668,-19.4763],"direction":[-0.0941124,-0.924454,0.369496],"extended":false,"handId":359,"id":3592,"length":66.2798,"mcpPosition":[-36.3152,294.256,12.1023],"pipPosition":[-43.0724,272.671,-29.8695],"stabilizedTipPosition":[-59.5455,231.41,7.43046],"timeVisible":9.29178,"tipPosition":[-45.3594,240.2,-5.70064],"tipVelocity":[165.434,145.094,-162.128],"tool":false,"touchDistance":0.333333,"touchZone":"none","type":2,"width":18.7912},{"bases":[[[0.962129,-0.27241,-0.00999347],[0.232748,0.80186,0.550317],[-0.141898,-0.531803,0.834896]],[[0.957231,-0.288878,0.0160737],[0.257651,0.825846,-0.501592],[0.131624,0.484281,0.864955]],[[0.957231,-0.288878,0.0160737],[-0.102952,-0.392011,-0.914182],[0.270388,0.873428,-0.404986]],[[0.957231,-0.288878,0.0160737],[-0.25944,-0.881623,-0.394247],[0.12806,0.373215,-0.918864]]],"btipPosition":[-30.4452,237.27,6.93529],"carpPosition":[-23.6444,256.553,68.8137],"dipPosition":[-28.0785,244.167,-10.0466],"direction":[-0.270388,-0.873428,0.404986],"extended":false,"handId":359,"id":3593,"length":63.7298,"mcpPosition":[-14.8523,289.504,17.0829],"pipPosition":[-20.6694,268.101,-21.1439],"stabilizedTipPosition":[-39.2613,231.731,11.1534],"timeVisible":9.29178,"tipPosition":[-29.925,238.452,3.25895],"tipVelocity":[159.889,152.272,-140.677],"tool":false,"touchDistance":0.333333,"touchZone":"none","type":3,"width":17.881},{"bases":[[[0.887469,-0.46085,-0.00408628],[0.366104,0.699574,0.613648],[-0.279941,-0.54609,0.789569]],[[0.786053,-0.585438,0.198452],[0.61337,0.69879,-0.368062],[0.0768013,0.411041,0.908376]],[[0.786053,-0.585438,0.198452],[-0.0100784,-0.333132,-0.942826],[0.618077,0.739111,-0.26776]],[[0.786053,-0.585438,0.198452],[-0.435937,-0.752608,-0.493499],[0.43827,0.301403,-0.846803]]],"btipPosition":[-18.1076,246.677,8.34096],"carpPosition":[-12.0476,249.17,65.7808],"dipPosition":[-10.6352,251.816,-6.09694],"direction":[-0.618077,-0.739111,0.26776],"extended":false,"handId":359,"id":3594,"length":49.963,"mcpPosition":[4.00879,280.492,20.4939],"pipPosition":[1.32261,266.115,-11.2772],"stabilizedTipPosition":[-23.888,241.473,11.2708],"timeVisible":9.29178,"tipPosition":[-16.5763,247.486,5.17784],"tipVelocity":[152.571,157.917,-127.327],"tool":false,"touchDistance":0.333333,"touchZone":"none","type":4,"width":15.8833}],"r":[[0.933632,-0.271914,0.233225],[0.279395,0.960176,0.000998403],[-0.224208,0.0642298,0.972422]],"s":0.94382,"t":[63.1604,14.4234,-120.024],"timestamp":15323775522},false],[3,{"currentFrameRate":109.888,"devices":[],"gestures":[],"hands":[{"armBasis":[[0.953189,0.106825,-0.282878],[0.0152743,0.91731,0.39788],[0.30199,-0.383575,0.872738]],"armWidth":63.029,"confidence":0.863175,"direction":[0.0262509,0.667787,-0.743889],"elbow":[53.815,140.885,302.989],"grabStrength":0,"id":359,"palmNormal":[-0.00733114,-0.743997,-0.668143],"palmPosition":[-33.0046,275.991,27.205],"palmVelocity":[121.043,159.471,-141.418],"palmWidth":90.0033,"pinchStrength":0.545222,"r":[[0.932774,-0.268727,0.240246],[0.276417,0.961036,0.00175275],[-0.231356,0.0647732,0.970711]],"s":0.947165,"sphereCenter":[-47.453,259.16,-16.2366],"sphereRadius":47.2402,"stabilizedPalmPosition":[-44.3352,258.059,38.4273],"t":[64.1903,15.896,-121.06],"timeVisible":9.30056,"type":"right","wrist":[-26.8382,243.328,69.9048]}],"id":1166655,"interactionBox":{"center":[0,200,0],"size":[235.247,235.247,147.751]},"pointables":[{"bases":[[[0.413927,0.786506,0.458337],[-0.811461,0.0906166,0.577338],[0.412547,-0.610899,0.675727]],[[0.190149,0.975089,0.114213],[-0.831317,0.0980323,0.547084],[0.522259,-0.198974,0.829249]],[[0.190149,0.975089,0.114213],[-0.980575,0.182927,0.0707902],[0.0481342,-0.125455,0.990931]],[[0.190149,0.975089,0.114213],[-0.975748,0.200552,-0.0877156],[-0.108436,-0.0947637,0.989576]]],"btipPosition":[-80.0941,250.017,-32.4014],"carpPosition":[-55.1938,233.768,64.8724],"dipPosition":[-82.6044,247.823,-9.49289],"direction":[-0.0481342,0.125455,-0.990931],"extended":false,"handId":359,"id":3590,"length":51.5512,"mcpPosition":[-55.1938,233.768,64.8724],"pipPosition":[-80.981,243.592,23.9271],"stabilizedTipPosition":[-100.083,234.751,-6.57483],"timeVisible":9.30056,"tipPosition":[-79.9275,248.629,-27.1639],"tipVelocity":[146.326,203.583,-171.748],"tool":false,"touchDistance":-0.488851,"touchZone":"hovering","type":0,"width":20.0304},{"bases":[[[0.989845,0.0894563,-0.110473],[-0.0138086,0.833992,0.551604],[0.141478,-0.544477,0.826758]],[[0.974351,0.135142,-0.179935],[-0.0364598,0.883832,0.466381],[0.22206,-0.447858,0.86609]],[[0.974351,0.135142,-0.179935],[-0.0863031,0.962861,0.255833],[0.207826,-0.233742,0.949828]],[[0.974351,0.135142,-0.179935],[-0.12186,0.989073,0.0829775],[0.189182,-0.0589223,0.980173]]],"btipPosition":[-74.6976,320.281,-66.2063],"carpPosition":[-46.7992,255.042,70.0383],"dipPosition":[-71.5004,319.286,-49.641],"direction":[-0.207826,0.233742,-0.949828],"extended":true,"handId":359,"id":3591,"length":58.1698,"mcpPosition":[-57.0948,294.665,9.87357],"pipPosition":[-66.5316,313.697,-26.9323],"stabilizedTipPosition":[-78.433,314.36,-58.2689],"timeVisible":9.30056,"tipPosition":[-73.715,317.94,-62.6786],"tipVelocity":[170.526,227.876,-152.357],"tool":false,"touchDistance":-0.512578,"touchZone":"hovering","type":1,"width":19.133},{"bases":[[[0.987612,-0.128422,-0.0901651],[0.156845,0.824953,0.543003],[0.00464844,-0.550419,0.834876]],[[0.987619,-0.132702,-0.0836645],[0.080798,0.887435,-0.453796],[0.134466,0.441417,0.887169]],[[0.987619,-0.132702,-0.0836645],[-0.125095,-0.34438,-0.930459],[0.0946612,0.929405,-0.356716]],[[0.987619,-0.132702,-0.0836645],[-0.155666,-0.895068,-0.417877],[-0.0194325,0.425726,-0.904643]]],"btipPosition":[-44.0118,240.725,-3.91051],"carpPosition":[-34.9785,257.842,69.1543],"dipPosition":[-44.373,248.639,-20.7262],"direction":[-0.0946612,-0.929405,0.356716],"extended":false,"handId":359,"id":3592,"length":66.2798,"mcpPosition":[-35.2993,295.827,11.5383],"pipPosition":[-41.7104,274.781,-30.7599],"stabilizedTipPosition":[-57.4862,232.894,5.4034],"timeVisible":9.30056,"tipPosition":[-44.0911,242.006,-7.03604],"tipVelocity":[159.809,161.431,-159.08],"tool":false,"touchDistance":0.333333,"touchZone":"none","type":2,"width":18.7912},{"bases":[[[0.962879,-0.269841,-0.00699909],[0.227073,0.795703,0.561511],[-0.14595,-0.542257,0.827439]],[[0.95788,-0.28656,0.018714],[0.258595,0.832394,-0.490152],[0.124881,0.474346,0.871436]],[[0.95788,-0.28656,0.018714],[-0.0963229,-0.382002,-0.919128],[0.270534,0.878612,-0.393514]],[[0.95788,-0.28656,0.018714],[-0.254709,-0.877893,-0.405496],[0.132628,0.38365,-0.913905]]],"btipPosition":[-29.2403,238.939,5.76125],"carpPosition":[-22.9002,257.47,67.87],"dipPosition":[-26.7892,246.03,-11.129],"direction":[-0.270534,-0.878612,0.393514],"extended":false,"handId":359,"id":3593,"length":63.7298,"mcpPosition":[-13.857,291.069,16.6013],"pipPosition":[-19.3761,270.105,-21.9119],"stabilizedTipPosition":[-37.3222,233.35,9.45387],"timeVisible":9.30056,"tipPosition":[-28.7024,240.171,2.07869],"tipVelocity":[154.4,163.822,-138.169],"tool":false,"touchDistance":0.333333,"touchZone":"none","type":3,"width":17.881},{"bases":[[[0.888672,-0.458527,-0.00386599],[0.360279,0.692992,0.624469],[-0.283657,-0.556341,0.78104]],[[0.786432,-0.58568,0.196225],[0.613494,0.703731,-0.358313],[0.0717667,0.402171,0.912747]],[[0.786432,-0.58568,0.196225],[-0.00564329,-0.324482,-0.945875],[0.617651,0.742759,-0.258488]],[[0.786432,-0.58568,0.196225],[-0.432161,-0.748705,-0.50267],[0.441318,0.310515,-0.841914]]],"btipPosition":[-16.9793,248.333,7.45754],"carpPosition":[-11.2647,250.154,64.8238],"dipPosition":[-9.45483,253.628,-6.89699],"direction":[-0.617651,-0.742759,0.258488],"extended":false,"handId":359,"id":3594,"length":49.963,"mcpPosition":[5.00479,282.064,20.0262],"pipPosition":[2.49469,267.997,-11.8979],"stabilizedTipPosition":[-22.1379,243.11,9.82955],"timeVisible":9.30056,"tipPosition":[-15.4091,249.204,4.25053],"tipVelocity":[146.478,167.287,-119.566],"tool":false,"touchDistance":0.333333,"touchZone":"none","type":4,"width":15.8833}],"r":[[0.932774,-0.268727,0.240246],[0.276417,0.961036,0.00175275],[-0.231356,0.0647732,0.970711]],"s":0.947165,"t":[64.1903,15.896,-121.06],"timestamp":15323784300},false],[4,{"currentFrameRate":109.778,"devices":[],"gestures":[],"hands":[{"armBasis":[[0.954543,0.106736,-0.278308],[0.0120952,0.91905,0.393956],[0.297828,-0.379415,0.875981]],"armWidth":63.029,"confidence":0.87595,"direction":[0.0260252,0.674979,-0.737377],"elbow":[53.7529,142.748,302.911],"grabStrength":0,"id":359,"palmNormal":[-0.00371085,-0.737557,-0.675275],"palmPosition":[-31.952,277.134,26.5633],"palmVelocity":[118.806,149.124,-120.952],"palmWidth":90.0033,"pinchStrength":0.539104,"r":[[0.932088,-0.266107,0.245763],[0.273473,0.96187,0.00431074],[-0.237539,0.0631916,0.96932]],"s":0.951002,"sphereCenter":[-46.7643,261.03,-16.9433],"sphereRadius":47.3208,"stabilizedPalmPosition":[-42.8829,260.296,37.0359],"t":[65.2316,17.2038,-121.899],"timeVisible":9.30987,"type":"right","wrist":[-25.7888,244.079,68.9613]}],"id":1166656,"interactionBox":{"center":[0,200,0],"size":[235.247,235.247,147.751]},"pointables":[{"bases":[[[0.410656,0.783228,0.466814],[-0.813013,0.082771,0.576332],[0.412761,-0.6162,0.670765]],[[0.188212,0.974063,0.125612],[-0.83262,0.0904177,0.546414],[0.520884,-0.207429,0.828042]],[[0.188212,0.974063,0.125612],[-0.980874,0.179966,0.0741505],[0.0496214,-0.137166,0.989304]],[[0.188212,0.974063,0.125612],[-0.976694,0.199069,-0.0802505],[-0.103175,-0.107581,0.988828]]],"btipPosition":[-79.1101,251.847,-33.3693],"carpPosition":[-54.1057,234.488,63.7727],"dipPosition":[-81.4986,249.356,-10.4781],"direction":[-0.0496214,0.137166,-0.989304],"extended":false,"handId":359,"id":3590,"length":51.5512,"mcpPosition":[-54.1057,234.488,63.7727],"pipPosition":[-79.825,244.73,22.8871],"stabilizedTipPosition":[-97.8585,236.55,-8.91965],"timeVisible":9.30987,"tipPosition":[-78.8926,250.39,-28.1463],"tipVelocity":[135.717,199.543,-152.739],"tool":false,"touchDistance":-0.482877,"touchZone":"hovering","type":0,"width":20.0304},{"bases":[[[0.989833,0.0933082,-0.107354],[-0.0174225,0.828608,0.559558],[0.141165,-0.551998,0.821809]],[[0.974296,0.139782,-0.176657],[-0.037989,0.87492,0.482774],[0.222043,-0.463654,0.857742]],[[0.974296,0.139782,-0.176657],[-0.0862845,0.955957,0.280537],[0.20809,-0.258083,0.943447]],[[0.974296,0.139782,-0.176657],[-0.12093,0.986167,0.113364],[0.190059,-0.0890875,0.977722]]],"btipPosition":[-73.6794,323.285,-66.1738],"carpPosition":[-45.7833,255.736,69.1618],"dipPosition":[-70.4674,321.78,-49.6499],"direction":[-0.20809,0.258083,-0.943447],"extended":true,"handId":359,"id":3591,"length":58.1698,"mcpPosition":[-56.0562,295.906,9.35731],"pipPosition":[-65.4923,315.609,-27.0937],"stabilizedTipPosition":[-76.8421,316.845,-59.4577],"timeVisible":9.30987,"tipPosition":[-72.6865,320.816,-62.7229],"tipVelocity":[153.373,251.128,-108.629],"tool":false,"touchDistance":-0.489309,"touchZone":"touching","type":1,"width":19.133},{"bases":[[[0.988174,-0.12476,-0.0891448],[0.153275,0.820134,0.55126],[0.00433524,-0.558404,0.829558]],[[0.988177,-0.129312,-0.082374],[0.0795491,0.891718,-0.445545],[0.131069,0.433725,0.891462]],[[0.988177,-0.129312,-0.082374],[-0.121876,-0.336542,-0.933748],[0.0930225,0.932747,-0.348323]],[[0.988177,-0.129312,-0.082374],[-0.152218,-0.891764,-0.42613],[-0.0183545,0.43363,-0.900904]]],"btipPosition":[-42.7923,242.137,-4.87626],"carpPosition":[-33.9687,258.577,68.3317],"dipPosition":[-43.1335,250.198,-21.6225],"direction":[-0.0930225,-0.932747,0.348323],"extended":false,"handId":359,"id":3592,"length":66.2798,"mcpPosition":[-34.2679,297.113,11.0827],"pipPosition":[-40.5169,276.434,-31.4201],"stabilizedTipPosition":[-55.2692,234.578,3.25987],"timeVisible":9.30987,"tipPosition":[-42.8665,243.461,-8.0249],"tipVelocity":[151.829,159.72,-142.979],"tool":false,"touchDistance":0.333333,"touchZone":"none","type":2,"width":18.7912},{"bases":[[[0.963656,-0.267042,-0.00739785],[0.223544,0.790906,0.569646],[-0.146268,-0.550596,0.821857]],[[0.958674,-0.283937,0.0180144],[0.25724,0.838004,-0.481224],[0.121541,0.465971,0.876413]],[[0.958674,-0.283937,0.0180144],[-0.0932615,-0.373441,-0.922954],[0.268788,0.883132,-0.384489]],[[0.958674,-0.283937,0.0180144],[-0.251325,-0.874838,-0.414119],[0.133343,0.392478,-0.910044]]],"btipPosition":[-28.0247,240.321,4.77],"carpPosition":[-21.8865,258.252,67.0715],"dipPosition":[-25.5603,247.574,-12.0489],"direction":[-0.268788,-0.883132,0.384489],"extended":false,"handId":359,"id":3593,"length":63.7298,"mcpPosition":[-12.8236,292.367,16.1486],"pipPosition":[-18.1951,271.773,-22.5845],"stabilizedTipPosition":[-35.3137,235.109,7.71258],"timeVisible":9.30987,"tipPosition":[-27.4858,241.589,1.09744],"tipVelocity":[147.783,160.621,-128.735],"tool":false,"touchDistance":0.333333,"touchZone":"none","type":3,"width":17.881},{"bases":[[[0.889979,-0.455958,-0.00624667],[0.3569,0.687971,0.631917],[-0.28383,-0.564622,0.775011]],[[0.788086,-0.584945,0.19173],[0.611412,0.70771,-0.354007],[0.071385,0.396214,0.915379]],[[0.788086,-0.584945,0.19173],[-0.0061562,-0.318944,-0.947754],[0.615535,0.745731,-0.254956]],[[0.788086,-0.584945,0.19173],[-0.430628,-0.746459,-0.507305],[0.439864,0.317236,-0.840167]]],"btipPosition":[-15.8489,249.689,6.77103],"carpPosition":[-10.2235,250.998,63.9817],"dipPosition":[-8.34931,255.097,-7.55373],"direction":[-0.615535,-0.745731,0.254956],"extended":false,"handId":359,"id":3594,"length":49.963,"mcpPosition":[6.05601,283.383,19.5298],"pipPosition":[3.55926,269.525,-12.4863],"stabilizedTipPosition":[-20.3108,244.893,8.38106],"timeVisible":9.30987,"tipPosition":[-14.2511,250.62,3.4969],"tipVelocity":[139.243,161.976,-106.427],"tool":false,"touchDistance":0.333333,"touchZone":"none","type":4,"width":15.8833}],"r":[[0.932088,-0.266107,0.245763],[0.273473,0.96187,0.00431074],[-0.237539,0.0631916,0.96932]],"s":0.951002,"t":[65.2316,17.2038,-121.899],"timestamp":15323793605},false],[5,{"currentFrameRate":109.945,"devices":[],"gestures":[],"hands":[{"armBasis":[[0.957335,0.105485,-0.269042],[0.00844191,0.920393,0.390903],[0.288859,-0.376496,0.880234]],"armWidth":63.029,"confidence":0.884265,"direction":[0.0260104,0.679083,-0.733601],"elbow":[52.3493,144.772,302.91],"grabStrength":0,"id":359,"palmNormal":[0.000384677,-0.733856,-0.679305],"palmPosition":[-30.9433,278.591,25.5902],"palmVelocity":[117.685,153.564,-118.168],"palmWidth":90.0033,"pinchStrength":0.534281,"r":[[0.931531,-0.263723,0.250401],[0.270515,0.962686,0.00754652],[-0.243047,0.0607073,0.968113]],"s":0.955078,"sphereCenter":[-46.0804,263.027,-17.9206],"sphereRadius":47.4082,"stabilizedPalmPosition":[-41.1933,262.885,35.4162],"t":[66.2565,18.5863,-122.805],"timeVisible":9.31866,"type":"right","wrist":[-24.7968,245.323,67.8237]}],"id":1166657,"interactionBox":{"center":[0,200,0],"size":[235.247,235.247,147.751]},"pointables":[{"bases":[[[0.406993,0.781895,0.472225],[-0.814845,0.0771616,0.574521],[0.412778,-0.618616,0.668527]],[[0.185595,0.973657,0.132462],[-0.83413,0.0848535,0.545002],[0.519405,-0.21164,0.827905]],[[0.185595,0.973657,0.132462],[-0.981367,0.176842,0.0751375],[0.0497334,-0.143939,0.988336]],[[0.185595,0.973657,0.132462],[-0.97759,0.19659,-0.0753075],[-0.0993642,-0.115516,0.988323]]],"btipPosition":[-78.0935,253.654,-34.5866],"carpPosition":[-53.0701,235.675,62.5043],"dipPosition":[-80.3937,250.98,-11.7071],"direction":[-0.0497334,0.143939,-0.988336],"extended":false,"handId":359,"id":3590,"length":51.5512,"mcpPosition":[-53.0701,235.675,62.5043],"pipPosition":[-78.7164,246.125,21.6254],"stabilizedTipPosition":[-95.6066,238.481,-11.3084],"timeVisible":9.31866,"tipPosition":[-77.8357,252.168,-29.3724],"tipVelocity":[130.907,199.834,-148.95],"tool":false,"touchDistance":-0.481223,"touchZone":"hovering","type":0,"width":20.0304},{"bases":[[[0.989837,0.0968793,-0.104099],[-0.021475,0.825475,0.56403],[0.140574,-0.556062,0.819167]],[[0.974332,0.143732,-0.173259],[-0.0398672,0.867645,0.495583],[0.221558,-0.475955,0.851104]],[[0.974332,0.143732,-0.173259],[-0.0866604,0.949806,0.300598],[0.207768,-0.277867,0.937882]],[[0.974332,0.143732,-0.173259],[-0.120386,0.983019,0.138495],[0.190223,-0.114082,0.97509]]],"btipPosition":[-72.6545,326.182,-66.6512],"carpPosition":[-44.8271,256.918,68.0325],"dipPosition":[-69.4397,324.254,-50.1718],"direction":[-0.207768,0.277867,-0.937882],"extended":true,"handId":359,"id":3591,"length":58.1698,"mcpPosition":[-55.0569,297.384,8.42029],"pipPosition":[-64.4723,317.61,-27.7487],"stabilizedTipPosition":[-75.2927,319.642,-60.528],"timeVisible":9.31866,"tipPosition":[-71.6596,323.608,-63.2669],"tipVelocity":[143.46,269.183,-94.3001],"tool":false,"touchDistance":-0.476026,"touchZone":"touching","type":1,"width":19.133},{"bases":[[[0.988789,-0.12129,-0.087087],[0.149269,0.817561,0.556158],[0.00374261,-0.562923,0.826501]],[[0.988786,-0.126059,-0.0800748],[0.0783328,0.894291,-0.440577],[0.127149,0.429364,0.894136]],[[0.988786,-0.126059,-0.0800748],[-0.11814,-0.332257,-0.935761],[0.0913558,0.934727,-0.343424]],[[0.988786,-0.126059,-0.0800748],[-0.148375,-0.890132,-0.430871],[-0.016962,0.43792,-0.898854]]],"btipPosition":[-41.5936,243.744,-6.04978],"carpPosition":[-33.0188,259.799,67.2507],"dipPosition":[-41.9089,251.884,-22.7579],"direction":[-0.0913558,-0.934727,0.343424],"extended":false,"handId":359,"id":3592,"length":66.2798,"mcpPosition":[-33.2771,298.647,10.2127],"pipPosition":[-39.3393,278.176,-32.4177],"stabilizedTipPosition":[-53.1653,236.285,1.22561],"timeVisible":9.31866,"tipPosition":[-41.6616,245.09,-9.21447],"tipVelocity":[147.813,166.456,-140.127],"tool":false,"touchDistance":0.333333,"touchZone":"none","type":2,"width":18.7912},{"bases":[[[0.964478,-0.26409,-0.00618743],[0.219576,0.788445,0.574579],[-0.146862,-0.555527,0.818426]],[[0.959499,-0.281071,0.0190167],[0.255909,0.841398,-0.475983],[0.117785,0.461572,0.879249]],[[0.959499,-0.281071,0.0190167],[-0.0897524,-0.36898,-0.925094],[0.267034,0.885919,-0.379262]],[[0.959499,-0.281071,0.0190167],[-0.247579,-0.873521,-0.419125],[0.134415,0.397441,-0.90773]]],"btipPosition":[-26.8394,241.918,3.62197],"carpPosition":[-20.9323,259.518,66.0222],"dipPosition":[-24.3552,249.264,-13.1541],"direction":[-0.267034,-0.885919,0.379262],"extended":false,"handId":359,"id":3593,"length":63.7298,"mcpPosition":[-11.8326,293.938,15.3119],"pipPosition":[-17.0381,273.539,-23.5465],"stabilizedTipPosition":[-33.4747,236.837,6.09648],"timeVisible":9.31866,"tipPosition":[-26.2964,243.211,-0.0521083],"tipVelocity":[144.405,166.918,-128.906],"tool":false,"touchDistance":0.333333,"touchZone":"none","type":3,"width":17.881},{"bases":[[[0.891371,-0.453231,-0.00627336],[0.353071,0.685574,0.636655],[-0.284251,-0.569711,0.771123]],[[0.789552,-0.583409,0.190372],[0.609813,0.711086,-0.349978],[0.0688095,0.392418,0.91721]],[[0.789552,-0.583409,0.190372],[-0.00416954,-0.315305,-0.948981],[0.613669,0.748477,-0.251382]],[[0.789552,-0.583409,0.190372],[-0.427784,-0.745648,-0.510891],[0.440009,0.321937,-0.838301]]],"btipPosition":[-14.7165,251.298,5.77247],"carpPosition":[-9.23884,252.316,62.9251],"dipPosition":[-7.21435,256.787,-8.52046],"direction":[-0.613669,-0.748477,0.251382],"extended":false,"handId":359,"id":3594,"length":49.963,"mcpPosition":[7.06479,284.993,18.6962],"pipPosition":[4.65812,271.268,-13.3839],"stabilizedTipPosition":[-18.6279,246.656,7.02553],"timeVisible":9.31866,"tipPosition":[-13.1043,252.265,2.47411],"tipVelocity":[136.426,168.188,-108.107],"tool":false,"touchDistance":0.333333,"touchZone":"none","type":4,"width":15.8833}],"r":[[0.931531,-0.263723,0.250401],[0.270515,0.962686,0.00754652],[-0.243047,0.0607073,0.968113]],"s":0.955078,"t":[66.2565,18.5863,-122.805],"timestamp":15323802403},false],[6,{"currentFrameRate":109.796,"devices":[],"gestures":[],"hands":[{"armBasis":[[0.959068,0.102183,-0.264096],[0.00763043,0.922961,0.384818],[0.283073,-0.371082,0.884403]],"armWidth":63.029,"confidence":0.895079,"direction":[0.0290624,0.680451,-0.732217],"elbow":[51.7018,147.657,302.813],"grabStrength":0,"id":359,"palmNormal":[0.0026002,-0.732576,-0.680681],"palmPosition":[-29.8724,280.112,24.4201],"palmVelocity":[116.708,156.037,-120.058],"palmWidth":90.0033,"pinchStrength":0.531322,"r":[[0.930848,-0.262003,0.254709],[0.268213,0.9633,0.0106888],[-0.248162,0.0583667,0.966959]],"s":0.959062,"sphereCenter":[-45.2777,264.946,-19.0648],"sphereRadius":47.4869,"stabilizedPalmPosition":[-39.0902,266.086,33.3734],"t":[67.3045,20.038,-123.843],"timeVisible":9.32804,"type":"right","wrist":[-23.899,246.762,66.6136]}],"id":1166658,"interactionBox":{"center":[0,200,0],"size":[235.247,235.247,147.751]},"pointables":[{"bases":[[[0.405571,0.780819,0.475219],[-0.816956,0.0764504,0.57161],[0.409993,-0.620062,0.668901]],[[0.185688,0.97326,0.13522],[-0.836067,0.0841927,0.542128],[0.516247,-0.21372,0.829345]],[[0.185688,0.97326,0.13522],[-0.981455,0.177039,0.0735038],[0.0475992,-0.146361,0.988085]],[[0.185688,0.97326,0.13522],[-0.977681,0.196763,-0.0736447],[-0.0982817,-0.118527,0.988075]]],"btipPosition":[-76.977,255.37,-35.9776],"carpPosition":[-52.1565,237.137,61.1701],"dipPosition":[-79.2522,252.626,-13.1039],"direction":[-0.0475992,0.146361,-0.988085],"extended":false,"handId":359,"id":3590,"length":51.5512,"mcpPosition":[-52.1565,237.137,61.1701],"pipPosition":[-77.6469,247.69,20.2202],"stabilizedTipPosition":[-93.1048,240.727,-13.9901],"timeVisible":9.32804,"tipPosition":[-76.7068,253.899,-30.7605],"tipVelocity":[127.727,194.575,-148.831],"tool":false,"touchDistance":-0.48232,"touchZone":"hovering","type":0,"width":20.0304},{"bases":[[[0.990264,0.0966245,-0.100208],[-0.0232176,0.824421,0.5655],[0.137255,-0.557668,0.818638]],[[0.975043,0.143602,-0.16932],[-0.0394197,0.86251,0.504502],[0.218488,-0.485237,0.846645]],[[0.975043,0.143602,-0.16932],[-0.0846895,0.945557,0.314245],[0.205228,-0.292063,0.93412]],[[0.975043,0.143602,-0.16932],[-0.117486,0.980853,0.155318],[0.188382,-0.131549,0.973246]]],"btipPosition":[-71.2883,328.775,-67.5654],"carpPosition":[-43.9247,258.366,66.7693],"dipPosition":[-68.1046,326.552,-51.1172],"direction":[-0.205228,0.292063,-0.93412],"extended":true,"handId":359,"id":3591,"length":58.1698,"mcpPosition":[-53.913,298.948,7.19551],"pipPosition":[-63.198,319.569,-28.784],"stabilizedTipPosition":[-73.5321,322.846,-61.7376],"timeVisible":9.32804,"tipPosition":[-70.3128,326.163,-64.2264],"tipVelocity":[143.891,269.249,-95.4334],"tool":false,"touchDistance":-0.470577,"touchZone":"touching","type":1,"width":19.133},{"bases":[[[0.989054,-0.121576,-0.083612],[0.147552,0.816445,0.558253],[0.000394467,-0.56448,0.825447]],[[0.989019,-0.126569,-0.0762995],[0.0807676,0.895259,-0.438164],[0.123766,0.42719,0.895651]],[[0.989019,-0.126569,-0.0762995],[-0.114554,-0.330352,-0.93688],[0.0933747,0.935333,-0.341223]],[[0.989019,-0.126569,-0.0762995],[-0.147209,-0.889364,-0.432853],[-0.0130721,0.439332,-0.89823]]],"btipPosition":[-40.4239,245.356,-7.33635],"carpPosition":[-32.1123,261.243,66.0371],"dipPosition":[-40.6669,253.522,-24.0328],"direction":[-0.0933747,-0.935333,0.341223],"extended":false,"handId":359,"id":3592,"length":66.2798,"mcpPosition":[-32.1395,300.199,9.07181],"pipPosition":[-38.0404,279.831,-33.6308],"stabilizedTipPosition":[-50.9484,238.198,-0.941779],"timeVisible":9.32804,"tipPosition":[-40.4768,246.709,-10.5107],"tipVelocity":[141.773,168.188,-139.228],"tool":false,"touchDistance":0.333333,"touchZone":"none","type":2,"width":18.7912},{"bases":[[[0.964376,-0.264517,-0.00307337],[0.217775,0.787262,0.576882],[-0.150176,-0.557001,0.816822]],[[0.959354,-0.281362,0.0218099],[0.257634,0.841662,-0.474584],[0.115173,0.460913,0.87994]],[[0.959354,-0.281362,0.0218099],[-0.0871773,-0.368975,-0.925342],[0.268403,0.885829,-0.378506]],[[0.959354,-0.281362,0.0218099],[-0.246611,-0.873414,-0.419919],[0.137198,0.397472,-0.9073]]],"btipPosition":[-25.6968,243.481,2.49328],"carpPosition":[-20.0214,260.958,64.8533],"dipPosition":[-23.1611,250.827,-14.2749],"direction":[-0.268403,-0.885829,0.378506],"extended":false,"handId":359,"id":3593,"length":63.7298,"mcpPosition":[-10.7164,295.47,14.2425],"pipPosition":[-15.8065,275.1,-24.6465],"stabilizedTipPosition":[-31.5958,238.71,4.42013],"timeVisible":9.32804,"tipPosition":[-25.1421,244.793,-1.22282],"tipVelocity":[138.366,166.862,-126.435],"tool":false,"touchDistance":0.333333,"touchZone":"none","type":3,"width":17.881},{"bases":[[[0.891185,-0.453624,-0.00378959],[0.350991,0.684213,0.639264],[-0.287393,-0.571033,0.768978]],[[0.788552,-0.584143,0.192257],[0.611477,0.711513,-0.346187],[0.0654291,0.390547,0.918255]],[[0.788552,-0.584143,0.192257],[-0.000742043,-0.313533,-0.949577],[0.614967,0.748648,-0.247671]],[[0.788552,-0.584143,0.192257],[-0.426279,-0.744539,-0.513758],[0.443251,0.32317,-0.836116]]],"btipPosition":[-13.5792,252.856,4.61125],"carpPosition":[-8.31966,253.757,61.7864],"dipPosition":[-6.02187,258.366,-9.64443],"direction":[-0.614967,-0.748648,0.247671],"extended":false,"handId":359,"id":3594,"length":49.963,"mcpPosition":[8.16416,286.51,17.6806],"pipPosition":[5.87573,272.85,-14.436],"stabilizedTipPosition":[-16.9034,248.553,5.57895],"timeVisible":9.32804,"tipPosition":[-11.9547,253.829,1.32101],"tipVelocity":[132.518,167.766,-112.329],"tool":fals