{"sensorType":"Leap","data":[[0,{"currentFrameRate":101.178,"devices":[],"gestures":[],"hands":[{"armBasis":[[0.958212,0.1754,-0.225977],[-0.0677632,0.906655,0.416396],[0.277919,-0.383682,0.880653]],"armWidth":63.029,"confidence":0.759272,"direction":[-0.00520192,0.669023,-0.743224],"elbow":[55.6072,122.936,304.369],"grabStrength":0.968391,"id":352,"palmNormal":[0.069355,-0.741203,-0.667689],"palmPosition":[-26.1204,257.56,26.2987],"palmVelocity":[-0.216533,332.313,-255.588],"palmWidth":90.0033,"pinchStrength":0.259846,"r":[[0.939683,-0.165323,0.299439],[0.141398,0.984885,0.100038],[-0.311452,-0.0516641,0.948856]],"s":0.968156,"sphereCenter":[-45.3756,244.692,-12.0906],"sphereRadius":45.2964,"stabilizedPalmPosition":[-26.2453,250.245,31.8643],"t":[26.0058,87.5994,-80.7251],"timeVisible":3.2088,"type":"right","wrist":[-18.6171,225.407,69.1715]}],"id":1156105,"interactionBox":{"center":[0,200,0],"size":[235.247,235.247,147.751]},"pointables":[{"bases":[[[0.338375,0.815639,0.469292],[-0.831832,0.0261008,0.554414],[0.439953,-0.577972,0.687306]],[[0.10562,0.988085,0.111952],[-0.863916,0.035425,0.502389],[0.492437,-0.14978,0.857364]],[[0.10562,0.988085,0.111952],[-0.994273,0.103091,0.0281552],[0.0162785,-0.114285,0.993315]],[[0.10562,0.988085,0.111952],[-0.947269,0.0657221,0.313627],[0.302532,-0.139174,0.942924]]],"btipPosition":[-77.8565,228.144,-34.3077],"carpPosition":[-45.9892,213.672,63.3547],"dipPosition":[-70.8529,224.922,-12.4792],"direction":[-0.0162785,0.114285,-0.993315],"extended":false,"handId":352,"id":3520,"length":51.5512,"mcpPosition":[-45.9892,213.672,63.3547],"pipPosition":[-70.3039,221.068,21.0212],"stabilizedTipPosition":[-76.9196,216.766,-20.5394],"timeVisible":3.2088,"tipPosition":[-74.7978,226.77,-29.2258],"tipVelocity":[19.4628,368.753,-301.491],"tool":false,"touchDistance":-0.745525,"touchZone":"hovering","type":0,"width":20.0304},{"bases":[[[0.982543,0.166569,-0.0828482],[-0.0941947,0.829466,0.550557],[0.160425,-0.533142,0.830676]],[[0.964012,0.214095,-0.157621],[-0.0863838,0.812948,0.575893],[0.251434,-0.541552,0.802186]],[[0.964012,0.214095,-0.157621],[-0.257003,0.902201,-0.346385],[0.0680468,0.374428,0.924756]],[[0.964012,0.214095,-0.157621],[-0.228917,0.366949,-0.901635],[-0.135196,0.905269,0.402753]]],"btipPosition":[-61.1287,273.089,-54.7145],"carpPosition":[-39.4271,235.528,68.7415],"dipPosition":[-63.4135,288.388,-47.9078],"direction":[-0.0680468,-0.374428,-0.924756],"extended":false,"handId":352,"id":3521,"length":58.1698,"mcpPosition":[-51.1016,274.326,8.29166],"pipPosition":[-61.7866,297.34,-25.7985],"stabilizedTipPosition":[-61.7624,262.837,-43.4322],"timeVisible":3.2088,"tipPosition":[-60.7882,274.304,-51.8457],"tipVelocity":[-7.04266,512.311,-318.279],"tool":false,"touchDistance":-0.710735,"touchZone":"hovering","type":1,"width":19.133},{"bases":[[[0.996749,-0.0508529,-0.0624937],[0.0768169,0.833779,0.546729],[0.0243032,-0.549752,0.834975]],[[0.996999,-0.0695295,-0.0340464],[0.0306617,0.758446,-0.651014],[0.071087,0.648016,0.758302]],[[0.996999,-0.0695295,-0.0340464],[-0.0644773,-0.502329,-0.862269],[0.0428506,0.861877,-0.505304]],[[0.996999,-0.0695295,-0.0340464],[-0.0772745,-0.920491,-0.383047],[-0.00470637,0.384528,-0.923101]]],"btipPosition":[-34.0251,214.895,5.78141],"carpPosition":[-27.8408,239.243,68.1863],"dipPosition":[-34.1126,222.043,-11.3774],"direction":[-0.0428506,-0.861877,0.505304],"extended":false,"handId":352,"id":3522,"length":66.2798,"mcpPosition":[-29.518,277.182,10.5635],"pipPosition":[-32.9073,246.286,-25.5906],"stabilizedTipPosition":[-34.6655,210.249,7.23641],"timeVisible":3.2088,"tipPosition":[-34.01,217.114,1.65728],"tipVelocity":[28.1329,344.613,-298.704],"tool":false,"touchDistance":0.333333,"touchZone":"none","type":2,"width":18.7912},{"bases":[[[0.980815,-0.193907,0.0200251],[0.148569,0.810065,0.567205],[-0.126207,-0.553348,0.823333]],[[0.979565,-0.199185,0.0278897],[0.165441,0.719121,-0.674903],[0.114374,0.665725,0.737379]],[[0.979565,-0.199185,0.0278897],[-0.0817823,-0.521147,-0.84954],[0.18375,0.829899,-0.526787]],[[0.979565,-0.199185,0.0278897],[-0.173696,-0.907699,-0.381985],[0.101401,0.369335,-0.923748]]],"btipPosition":[-19.8832,215.114,15.144],"carpPosition":[-15.7392,239.816,67.2399],"dipPosition":[-18.0092,221.94,-1.92816],"direction":[-0.18375,-0.829899,0.526787],"extended":false,"handId":352,"id":3523,"length":63.7298,"mcpPosition":[-7.91934,274.102,16.2256],"pipPosition":[-12.9741,244.68,-16.363],"stabilizedTipPosition":[-20.3483,207.441,19.2352],"timeVisible":3.2088,"tipPosition":[-19.4145,216.744,11.6414],"tipVelocity":[23.1135,348.279,-307.016],"tool":false,"touchDistance":0.333333,"touchZone":"none","type":3,"width":17.881},{"bases":[[[0.921495,-0.387811,0.0211865],[0.287576,0.717953,0.633911],[-0.261049,-0.578053,0.773116]],[[0.87715,-0.463204,0.126692],[0.431146,0.643436,-0.632537],[0.211475,0.609452,0.764098]],[[0.87715,-0.463204,0.126692],[-0.128601,-0.480763,-0.867369],[0.462677,0.74452,-0.481269]],[[0.87715,-0.463204,0.126692],[-0.370388,-0.820489,-0.435443],[0.305648,0.335024,-0.891257]]],"btipPosition":[-10.0744,225.158,17.9623],"carpPosition":[-3.48813,233.435,64.5236],"dipPosition":[-4.8631,230.87,2.76648],"direction":[-0.462677,-0.74452,0.481269],"extended":false,"handId":352,"id":3524,"length":49.963,"mcpPosition":[11.4847,266.59,20.1804],"pipPosition":[4.08818,245.274,-6.5445],"stabilizedTipPosition":[-9.37234,219.708,19.6552],"timeVisible":3.2088,"tipPosition":[-8.80558,226.698,14.1551],"tipVelocity":[19.099,347.243,-273.934],"tool":false,"touchDistance":0.333333,"touchZone":"none","type":4,"width":15.8833}],"r":[[0.939683,-0.165323,0.299439],[0.141398,0.984885,0.100038],[-0.311452,-0.0516641,0.948856]],"s":0.968156,"t":[26.0058,87.5994,-80.7251],"timestamp":15226801654},false],[1,{"currentFrameRate":101.627,"devices":[],"gestures":[],"hands":[{"armBasis":[[0.957839,0.177101,-0.226227],[-0.0672049,0.903681,0.4229],[0.279333,-0.389866,0.877483]],"armWidth":63.029,"confidence":0.720984,"direction":[-0.00352758,0.668634,-0.743583],"elbow":[56.0127,123.066,302.311],"grabStrength":0.934068,"id":352,"palmNormal":[0.0691538,-0.741645,-0.667219],"palmPosition":[-26.0044,259.328,25.0618],"palmVelocity":[3.3847,295.252,-223.326],"palmWidth":90.0033,"pinchStrength":0.2638,"r":[[0.938468,-0.16287,0.304551],[0.136227,0.98489,0.106926],[-0.317364,-0.058859,0.946475]],"s":0.979911,"sphereCenter":[-45.8902,246.706,-13.2728],"sphereRadius":45.6433,"stabilizedPalmPosition":[-26.1821,252.628,30.0798],"t":[26.013,91.5527,-83.7072],"timeVisible":3.21778,"type":"right","wrist":[-18.5895,227.188,67.96]}],"id":1156106,"interactionBox":{"center":[0,200,0],"size":[235.247,235.247,147.751]},"pointables":[{"bases":[[[0.33889,0.815458,0.469235],[-0.832412,0.0274516,0.553477],[0.438456,-0.578165,0.6881]],[[0.106656,0.988036,0.111402],[-0.864295,0.0367377,0.501642],[0.491547,-0.149787,0.857872]],[[0.106656,0.988036,0.111402],[-0.994184,0.104288,0.0268883],[0.0149487,-0.113622,0.993412]],[[0.106656,0.988036,0.111402],[-0.947071,0.0668311,0.31399],[0.302788,-0.138994,0.942868]]],"btipPosition":[-77.7544,229.931,-35.5705],"carpPosition":[-45.97,215.486,62.119],"dipPosition":[-70.7449,226.713,-13.7433],"direction":[-0.0149487,0.113622,-0.993412],"extended":false,"handId":352,"id":3520,"length":51.5512,"mcpPosition":[-45.97,215.486,62.119],"pipPosition":[-70.2408,222.881,19.7604],"stabilizedTipPosition":[-76.7467,219.529,-22.7654],"timeVisible":3.21778,"tipPosition":[-74.7134,228.575,-30.4933],"tipVelocity":[17.2874,322.313,-257.455],"tool":false,"touchDistance":-0.718253,"touchZone":"hovering","type":0,"width":20.0304},{"bases":[[[0.982845,0.165277,-0.081846],[-0.0937514,0.829877,0.550013],[0.158826,-0.532904,0.831136]],[[0.964047,0.213641,-0.158023],[-0.0816529,0.804059,0.588916],[0.252876,-0.55484,0.792595]],[[0.964047,0.213641,-0.158023],[-0.254018,0.915514,-0.311944],[0.0780283,0.34087,0.936867]],[[0.964047,0.213641,-0.158023],[-0.23548,0.411265,-0.880574],[-0.123137,0.886126,0.446787]]],"btipPosition":[-61.4751,276.57,-56.6141],"carpPosition":[-39.3861,237.336,67.5014],"dipPosition":[-63.5561,291.546,-49.0632],"direction":[-0.0780283,-0.34087,-0.936867],"extended":false,"handId":352,"id":3521,"length":58.1698,"mcpPosition":[-50.9442,276.116,7.01817],"pipPosition":[-61.6906,299.695,-26.6643],"stabilizedTipPosition":[-61.8157,267.621,-46.6201],"timeVisible":3.21778,"tipPosition":[-61.0532,277.559,-53.5671],"tipVelocity":[-14.2554,475.946,-283.847],"tool":false,"touchDistance":-0.693922,"touchZone":"hovering","type":1,"width":19.133},{"bases":[[[0.996752,-0.0521518,-0.0613605],[0.0772697,0.833971,0.546372],[0.0226786,-0.549338,0.835292]],[[0.996945,-0.0708881,-0.0327891],[0.0327815,0.760821,-0.648134],[0.0708916,0.645079,0.76082]],[[0.996945,-0.0708881,-0.0327891],[-0.0638635,-0.498181,-0.864718],[0.0449633,0.864171,-0.501186]],[[0.996945,-0.0708881,-0.0327891],[-0.0780562,-0.918978,-0.386505],[-0.00273388,0.387884,-0.921704]]],"btipPosition":[-33.9534,216.673,4.26847],"carpPosition":[-27.7945,241.035,66.9571],"dipPosition":[-34.0043,223.883,-12.8644],"direction":[-0.0449633,-0.864171,0.501186],"extended":false,"handId":352,"id":3522,"length":66.2798,"mcpPosition":[-29.3596,278.946,9.31243],"pipPosition":[-32.7395,248.19,-26.9617],"stabilizedTipPosition":[-34.4816,212.371,5.42236],"timeVisible":3.21778,"tipPosition":[-33.9263,218.868,0.266733],"tipVelocity":[22.8709,304.897,-262.874],"tool":false,"touchDistance":0.333333,"touchZone":"none","type":2,"width":18.7912},{"bases":[[[0.980546,-0.195142,0.0212164],[0.148969,0.810177,0.56694],[-0.127823,-0.55275,0.823486]],[[0.979308,-0.200299,0.0289108],[0.166611,0.716886,-0.676989],[0.114874,0.667798,0.735425]],[[0.979308,-0.200299,0.0289108],[-0.0821277,-0.523912,-0.847804],[0.184961,0.827887,-0.529522]],[[0.979308,-0.200299,0.0289108],[-0.174606,-0.908493,-0.379676],[0.102314,0.366772,-0.924668]]],"btipPosition":[-19.8071,216.865,14.0969],"carpPosition":[-15.6911,241.593,66.0239],"dipPosition":[-17.9162,223.643,-2.99229],"direction":[-0.184961,-0.827887,0.529522],"extended":false,"handId":352,"id":3523,"length":63.7298,"mcpPosition":[-7.77113,275.842,15.0001],"pipPosition":[-12.848,246.329,-17.502],"stabilizedTipPosition":[-20.1284,209.915,17.1919],"timeVisible":3.21778,"tipPosition":[-19.3354,218.489,10.514],"tipVelocity":[19.2216,305.975,-254.994],"tool":false,"touchDistance":0.333333,"touchZone":"none","type":3,"width":17.881},{"bases":[[[0.920978,-0.388969,0.0224147],[0.287784,0.717924,0.633849],[-0.26264,-0.577311,0.773132]],[[0.876377,-0.464307,0.127995],[0.433265,0.643962,-0.630552],[0.210346,0.608057,0.765521]],[[0.876377,-0.464307,0.127995],[-0.127085,-0.479268,-0.868419],[0.464557,0.744796,-0.479026]],[[0.876377,-0.464307,0.127995],[-0.370482,-0.819706,-0.436835],[0.307744,0.335413,-0.890389]]],"btipPosition":[-9.97271,226.912,16.6544],"carpPosition":[-3.44516,235.195,63.3245],"dipPosition":[-4.72571,232.631,1.47339],"direction":[-0.464557,-0.744796,0.479026],"extended":false,"handId":352,"id":3524,"length":49.963,"mcpPosition":[11.6189,268.307,18.9805],"pipPosition":[4.26193,247.04,-7.79418],"stabilizedTipPosition":[-9.20536,222.054,17.8676],"timeVisible":3.21778,"tipPosition":[-8.70456,228.44,12.9014],"tipVelocity":[17.2208,305.706,-238.71],"tool":false,"touchDistance":0.333333,"touchZone":"none","type":4,"width":15.8833}],"r":[[0.938468,-0.16287,0.304551],[0.136227,0.98489,0.106926],[-0.317364,-0.058859,0.946475]],"s":0.979911,"t":[26.013,91.5527,-83.7072],"timestamp":15226810629},false],[2,{"currentFrameRate":101.988,"devices":[],"gestures":[],"hands":[{"armBasis":[[0.956483,0.178198,-0.231053],[-0.0648206,0.901832,0.427196],[0.284497,-0.393629,0.874138]],"armWidth":63.029,"confidence":0.725203,"direction":[-0.00182325,0.671295,-0.741188],"elbow":[57.5204,123.495,300.271],"grabStrength":0.880401,"id":352,"palmNormal":[0.0671571,-0.739434,-0.669871],"palmPosition":[-25.7942,260.934,24.0307],"palmVelocity":[8.8462,262.233,-192.753],"palmWidth":90.0033,"pinchStrength":0.266535,"r":[[0.937384,-0.161646,0.308514],[0.132577,0.984697,0.113112],[-0.322077,-0.0651275,0.944471]],"s":0.992523,"sphereCenter":[-46.9427,248.976,-14.1922],"sphereRadius":46.2575,"stabilizedPalmPosition":[-26.0778,254.861,28.4532],"t":[26.1216,94.3325,-85.7138],"timeVisible":3.22689,"type":"right","wrist":[-18.4607,228.622,66.813]}],"id":1156107,"interactionBox":{"center":[0,200,0],"size":[235.247,235.247,147.751]},"pointables":[{"bases":[[[0.341065,0.812882,0.472119],[-0.832298,0.0276602,0.553638],[0.436984,-0.581771,0.685994]],[[0.109147,0.98738,0.114754],[-0.864093,0.0371813,0.501958],[0.491356,-0.153945,0.857246]],[[0.109147,0.98738,0.114754],[-0.993923,0.106749,0.0268619],[0.014273,-0.116988,0.993031]],[[0.109147,0.98738,0.114754],[-0.946677,0.0680483,0.314917],[0.303134,-0.143007,0.942157]]],"btipPosition":[-77.6325,231.87,-36.6967],"carpPosition":[-45.8723,217.012,60.9324],"dipPosition":[-70.6151,228.559,-14.886],"direction":[-0.014273,0.116988,-0.993031],"extended":false,"handId":352,"id":3520,"length":51.5512,"mcpPosition":[-45.8723,217.012,60.9324],"pipPosition":[-70.1337,224.614,18.6048],"stabilizedTipPosition":[-76.5787,222.201,-24.8228],"timeVisible":3.22689,"tipPosition":[-74.6196,230.509,-31.6284],"tipVelocity":[16.2584,291.249,-220.422],"tool":false,"touchDistance":-0.691711,"touchZone":"hovering","type":0,"width":20.0304},{"bases":[[[0.98327,0.162985,-0.0813337],[-0.0915311,0.82815,0.552983],[0.157485,-0.536287,0.829213]],[[0.96371,0.213511,-0.160239],[-0.0716067,0.78501,0.615331],[0.25717,-0.581526,0.77181]],[[0.96371,0.213511,-0.160239],[-0.248791,0.935963,-0.249153],[0.0967813,0.279977,0.955116]],[[0.96371,0.213511,-0.160239],[-0.246932,0.484901,-0.838985],[-0.101432,0.848106,0.520027]]],"btipPosition":[-62.2196,281.538,-58.3739],"carpPosition":[-39.2307,238.826,66.3925],"dipPosition":[-63.9338,295.872,-49.5853],"direction":[-0.0967813,-0.279977,-0.955116],"extended":false,"handId":352,"id":3521,"length":58.1698,"mcpPosition":[-50.6911,277.853,6.04914],"pipPosition":[-61.6199,302.565,-26.7501],"stabilizedTipPosition":[-62.0589,272.866,-49.5856],"timeVisible":3.22689,"tipPosition":[-61.6774,282.207,-55.1222],"tipVelocity":[-30.4013,490.67,-250],"tool":false,"touchDistance":-0.67499,"touchZone":"hovering","type":1,"width":19.133},{"bases":[[[0.996607,-0.0545511,-0.0616267],[0.0794999,0.831807,0.549343],[0.0212942,-0.552378,0.833321]],[[0.996752,-0.0734435,-0.0330411],[0.0350098,0.764644,-0.643502],[0.0725257,0.640255,0.764731]],[[0.996752,-0.0734435,-0.0330411],[-0.0650357,-0.492096,-0.868108],[0.0474975,0.867437,-0.495274]],[[0.996752,-0.0734435,-0.0330411],[-0.0805203,-0.916309,-0.392294],[-0.00146437,0.39368,-0.919246]]],"btipPosition":[-33.8656,218.374,2.90936],"carpPosition":[-27.6294,242.497,65.8605],"dipPosition":[-33.8928,225.692,-14.1778],"direction":[-0.0474975,-0.867437,0.495274],"extended":false,"handId":352,"id":3522,"length":66.2798,"mcpPosition":[-29.0989,280.617,8.35175],"pipPosition":[-32.5568,250.091,-28.1089],"stabilizedTipPosition":[-34.3229,214.371,3.74603],"timeVisible":3.22689,"tipPosition":[-33.8312,220.558,-1.0121],"tipVelocity":[19.3648,272.858,-230.992],"tool":false,"touchDistance":0.333333,"touchZone":"none","type":2,"width":18.7912},{"bases":[[[0.980031,-0.197792,0.0204398],[0.151138,0.807751,0.569821],[-0.129217,-0.555352,0.821515]],[[0.978798,-0.202902,0.0280103],[0.168724,0.721166,-0.671902],[0.11613,0.662382,0.74011]],[[0.978798,-0.202902,0.0280103],[-0.0829771,-0.517822,-0.851455],[0.187267,0.831078,-0.52368]],[[0.978798,-0.202902,0.0280103],[-0.176771,-0.905874,-0.384894],[0.10347,0.371782,-0.922536]]],"btipPosition":[-19.6944,218.518,12.7167],"carpPosition":[-15.5247,243.026,64.9283],"dipPosition":[-17.7821,225.389,-4.333],"direction":[-0.187267,-0.831078,0.52368],"extended":false,"handId":352,"id":3523,"length":63.7298,"mcpPosition":[-7.51831,277.436,14.0266],"pipPosition":[-12.6507,248.162,-18.6827],"stabilizedTipPosition":[-19.9291,212.237,15.2773],"timeVisible":3.22689,"tipPosition":[-19.2256,220.148,9.19538],"tipVelocity":[17.4711,272.066,-225.983],"tool":false,"touchDistance":0.333333,"touchZone":"none","type":3,"width":17.881},{"bases":[[[0.919954,-0.391466,0.0209502],[0.289715,0.714895,0.636388],[-0.264101,-0.579378,0.771084]],[[0.875097,-0.467151,0.126393],[0.435615,0.646588,-0.626229],[0.210819,0.60307,0.769325]],[[0.875097,-0.467151,0.126393],[-0.127147,-0.473929,-0.871335],[0.466947,0.746432,-0.474131]],[[0.875097,-0.467151,0.126393],[-0.372206,-0.816601,-0.441163],[0.309303,0.339016,-0.888482]]],"btipPosition":[-9.82886,228.522,15.3921],"carpPosition":[-3.29575,236.605,62.2051],"dipPosition":[-4.55528,234.303,0.243558],"direction":[-0.466947,-0.746432,0.474131],"extended":false,"handId":352,"id":3524,"length":49.963,"mcpPosition":[11.8522,269.836,17.9784],"pipPosition":[4.4786,248.744,-8.92931],"stabilizedTipPosition":[-9.04211,224.214,16.217],"timeVisible":3.22689,"tipPosition":[-8.56502,230.048,11.7028],"tipVelocity":[17.0085,270.341,-210.68],"tool":false,"touchDistance":0.333333,"touchZone":"none","type":4,"width":15.8833}],"r":[[0.937384,-0.161646,0.308514],[0.132577,0.984697,0.113112],[-0.322077,-0.0651275,0.944471]],"s":0.992523,"t":[26.1216,94.3325,-85.7138],"timestamp":15226819742},false],[3,{"currentFrameRate":102.337,"devices":[],"gestures":[],"hands":[{"armBasis":[[0.957818,0.173202,-0.229317],[-0.0599413,0.900825,0.430025],[0.281056,-0.39814,0.873208]],"armWidth":63.029,"confidence":0.729263,"direction":[-0.0028465,0.676435,-0.736497],"elbow":[56.9191,123.473,298.871],"grabStrength":0.824513,"id":352,"palmNormal":[0.0618172,-0.734972,-0.675273],"palmPosition":[-25.5566,262.438,23.1371],"palmVelocity":[13.6281,235.304,-166.512],"palmWidth":90.0033,"pinchStrength":0.265401,"r":[[0.936668,-0.161721,0.310642],[0.130375,0.984262,0.119295],[-0.325046,-0.0712399,0.943011]],"s":1.00565,"sphereCenter":[-47.9985,251.227,-14.9168],"sphereRadius":46.8452,"stabilizedPalmPosition":[-25.935,256.937,26.9967],"t":[26.2948,96.4742,-87.1639],"timeVisible":3.236,"type":"right","wrist":[-18.1431,229.805,65.6617]}],"id":1156108,"interactionBox":{"center":[0,200,0],"size":[235.247,235.247,147.751]},"pointables":[{"bases":[[[0.34578,0.808467,0.476253],[-0.829786,0.0265136,0.557451],[0.438054,-0.587943,0.680023]],[[0.112601,0.986282,0.120701],[-0.861694,0.0364386,0.506118],[0.494777,-0.160997,0.853976]],[[0.112601,0.986282,0.120701],[-0.993509,0.109782,0.0297803],[0.016121,-0.123271,0.992242]],[[0.112601,0.986282,0.120701],[-0.945563,0.0690316,0.318033],[0.305338,-0.149941,0.940365]]],"btipPosition":[-77.6604,233.904,-37.579],"carpPosition":[-45.6179,218.326,59.8206],"dipPosition":[-70.5919,230.433,-15.8098],"direction":[-0.016121,0.123271,-0.992242],"extended":false,"handId":352,"id":3520,"length":51.5512,"mcpPosition":[-45.6179,218.326,59.8206],"pipPosition":[-70.0482,226.275,17.6545],"stabilizedTipPosition":[-76.4476,224.829,-26.6903],"timeVisible":3.236,"tipPosition":[-74.7335,232.551,-32.5267],"tipVelocity":[11.2576,271.306,-186.455],"tool":false,"touchDistance":-0.664251,"touchZone":"hovering","type":0,"width":20.0304},{"bases":[[[0.983436,0.160351,-0.0845],[-0.0864085,0.824577,0.559112],[0.159331,-0.542549,0.824775]],[[0.962966,0.213,-0.16531],[-0.0595163,0.765916,0.64018],[0.262972,-0.606633,0.750228]],[[0.962966,0.213,-0.16531],[-0.242367,0.952459,-0.184607],[0.11813,0.217836,0.96881]],[[0.962966,0.213,-0.16531],[-0.2587,0.557176,-0.789068],[-0.0759649,0.802612,0.591645]]],"btipPosition":[-63.1918,286.569,-59.6612],"carpPosition":[-38.8811,240.079,65.4028],"dipPosition":[-64.4756,300.133,-49.6622],"direction":[-0.11813,-0.217836,-0.96881],"extended":false,"handId":352,"id":3521,"length":58.1698,"mcpPosition":[-50.4759,279.562,5.38245],"pipPosition":[-61.6513,305.342,-26.4996],"stabilizedTipPosition":[-62.5364,278.491,-52.1855],"timeVisible":3.236,"tipPosition":[-62.5526,287,-56.2468],"tipVelocity":[-48.5635,502.417,-211.396],"tool":false,"touchDistance":-0.650958,"touchZone":"hovering","type":1,"width":19.133},{"bases":[[[0.996146,-0.0573587,-0.0663615],[0.0846162,0.827704,0.554749],[0.023108,-0.558226,0.829367]],[[0.996352,-0.0764932,-0.0378437],[0.0345313,0.766854,-0.640892],[0.0780445,0.637247,0.766697]],[[0.996352,-0.0764932,-0.0378437],[-0.0705351,-0.488461,-0.86973],[0.0480433,0.869227,-0.492074]],[[0.996352,-0.0764932,-0.0378437],[-0.0852374,-0.913947,-0.396781],[-0.00423606,0.398559,-0.917133]]],"btipPosition":[-33.8586,219.999,1.9443],"carpPosition":[-27.2703,243.716,64.8456],"dipPosition":[-33.9373,227.408,-15.1036],"direction":[-0.0480433,-0.869227,0.492074],"extended":false,"handId":352,"id":3522,"length":66.2798,"mcpPosition":[-28.865,282.24,7.60974],"pipPosition":[-32.586,251.858,-28.9446],"stabilizedTipPosition":[-34.2074,216.27,2.26372],"timeVisible":3.236,"tipPosition":[-33.837,222.198,-2.03425],"tipVelocity":[13.8467,247.319,-196.049],"tool":false,"touchDistance":0.333333,"touchZone":"none","type":2,"width":18.7912},{"bases":[[[0.979457,-0.201113,0.0147808],[0.156264,0.803274,0.574746],[-0.127462,-0.560629,0.818199]],[[0.97826,-0.206192,0.0222047],[0.168169,0.72606,-0.66675],[0.121356,0.655989,0.74495]],[[0.97826,-0.206192,0.0222047],[-0.0881708,-0.510435,-0.855384],[0.187707,0.83483,-0.517518]],[[0.97826,-0.206192,0.0222047],[-0.181275,-0.902193,-0.391392],[0.100735,0.378858,-0.919956]]],"btipPosition":[-19.639,220.081,11.4277],"carpPosition":[-15.168,244.213,63.8641],"dipPosition":[-17.7773,227.082,-5.57438],"direction":[-0.187707,-0.83483,0.517518],"extended":false,"handId":352,"id":3523,"length":63.7298,"mcpPosition":[-7.27042,278.95,13.1679],"pipPosition":[-12.6338,249.958,-19.7552],"stabilizedTipPosition":[-19.7654,214.392,13.5083],"timeVisible":3.236,"tipPosition":[-19.1836,221.735,7.92894],"tipVelocity":[13.959,245.114,-202.237],"tool":false,"touchDistance":0.333333,"touchZone":"none","type":3,"width":17.881},{"bases":[[[0.918748,-0.394589,0.0142098],[0.294824,0.709508,0.640061],[-0.262643,-0.583865,0.768193]],[[0.874015,-0.470977,0.119491],[0.436018,0.651675,-0.620651],[0.214443,0.594559,0.774928]],[[0.874015,-0.470977,0.119491],[-0.130639,-0.464635,-0.875813],[0.468008,0.749863,-0.467626]],[[0.874015,-0.470977,0.119491],[-0.376098,-0.811439,-0.447345],[0.307649,0.346046,-0.886343]]],"btipPosition":[-9.70807,230.057,14.0376],"carpPosition":[-2.97221,237.771,61.043],"dipPosition":[-4.46268,235.957,-1.07449],"direction":[-0.468008,-0.749863,0.467626],"extended":false,"handId":352,"id":3524,"length":49.963,"mcpPosition":[12.092,271.26,16.9822],"pipPosition":[4.59173,250.464,-10.1215],"stabilizedTipPosition":[-8.89417,226.185,14.6691],"timeVisible":3.236,"tipPosition":[-8.46477,231.59,10.4313],"tipVelocity":[15.7729,242.946,-193.25],"tool":false,"touchDistance":0.333333,"touchZone":"none","type":4,"width":15.8833}],"r":[[0.936668,-0.161721,0.310642],[0.130375,0.984262,0.119295],[-0.325046,-0.0712399,0.943011]],"s":1.00565,"t":[26.2948,96.4742,-87.1639],"timestamp":15226828848},false],[4,{"currentFrameRate":102.872,"devices":[],"gestures":[],"hands":[{"armBasis":[[0.956791,0.1746,-0.232519],[-0.0607163,0.90199,0.427468],[0.284366,-0.39488,0.873617]],"armWidth":63.029,"confidence":0.644605,"direction":[-0.00455443,0.684419,-0.729074],"elbow":[58.1887,124.904,297.653],"grabStrength":0.778317,"id":352,"palmNormal":[0.0623109,-0.727471,-0.683303],"palmPosition":[-25.2599,263.448,22.1752],"palmVelocity":[19.091,203.499,-151.576],"palmWidth":90.0033,"pinchStrength":0.267292,"r":[[0.936198,-0.162182,0.311817],[0.128318,0.983651,0.126355],[-0.327212,-0.078282,0.941703]],"s":1.01775,"sphereCenter":[-48.4377,252.876,-15.9014],"sphereRadius":47.257,"stabilizedPalmPosition":[-25.756,258.664,25.7184],"t":[26.5297,98.0502,-88.3699],"timeVisible":3.2447,"type":"right","wrist":[-17.7575,230.365,64.3347]}],"id":1156109,"interactionBox":{"center":[0,200,0],"size":[235.247,235.247,147.751]},"pointables":[{"bases":[[[0.34499,0.803755,0.484727],[-0.829311,0.0191648,0.558459],[0.439575,-0.594652,0.673174]],[[0.110971,0.985154,0.130984],[-0.861232,0.0295557,0.507352],[0.495949,-0.16911,0.851726]],[[0.110971,0.985154,0.130984],[-0.993709,0.107987,0.02969],[0.0151045,-0.133455,0.99094]],[[0.110971,0.985154,0.130984],[-0.945935,0.064283,0.317923],[0.304783,-0.159183,0.939025]]],"btipPosition":[-77.2734,235.444,-38.8199],"carpPosition":[-45.2203,218.908,58.3937],"dipPosition":[-70.2178,231.759,-17.0816],"direction":[-0.0151045,0.133455,-0.99094],"extended":false,"handId":352,"id":3520,"length":51.5512,"mcpPosition":[-45.2203,218.908,58.3937],"pipPosition":[-69.7084,227.258,16.3387],"stabilizedTipPosition":[-76.2576,227.158,-28.3903],"timeVisible":3.2447,"tipPosition":[-74.4456,234.089,-33.777],"tipVelocity":[20.0293,244.638,-174.97],"tool":false,"touchDistance":-0.644879,"touchZone":"hovering","type":0,"width":20.0304},{"bases":[[[0.983113,0.162768,-0.0836378],[-0.0871456,0.818299,0.568148],[0.160917,-0.551265,0.818665]],[[0.961911,0.217453,-0.165653],[-0.0555579,0.748851,0.660406],[0.267657,-0.626048,0.732409]],[[0.961911,0.217453,-0.165653],[-0.24001,0.961889,-0.131013],[0.13085,0.165782,0.977443]],[[0.961911,0.217453,-0.165653],[-0.266726,0.613898,-0.742957],[-0.0598643,0.758843,0.648516]]],"btipPosition":[-63.7127,290.543,-60.823],"carpPosition":[-38.5113,240.61,64.2067],"dipPosition":[-64.7244,303.368,-49.8629],"direction":[-0.13085,-0.165782,-0.977443],"extended":false,"handId":352,"id":3521,"length":58.1698,"mcpPosition":[-50.2215,280.727,4.63093],"pipPosition":[-61.596,307.331,-26.4939],"stabilizedTipPosition":[-63.0328,283.776,-54.3403],"timeVisible":3.2447,"tipPosition":[-63.027,290.839,-57.3073],"tipVelocity":[-49.6602,484.998,-183.836],"tool":false,"touchDistance":-0.628307,"touchZone":"hovering","type":1,"width":19.133},{"bases":[[[0.99617,-0.0551078,-0.0678859],[0.08387,0.821735,0.563664],[0.0247219,-0.567199,0.82321]],[[0.996431,-0.0745641,-0.0395604],[0.0327802,0.773724,-0.632674],[0.0777836,0.62912,0.773407]],[[0.996431,-0.0745641,-0.0395604],[-0.0705731,-0.478824,-0.875069],[0.0463063,0.874738,-0.482378]],[[0.996431,-0.0745641,-0.0395604],[-0.0842214,-0.909468,-0.407154],[-0.00561979,0.409033,-0.912502]]],"btipPosition":[-33.5192,221.211,0.523569],"carpPosition":[-26.9066,244.27,63.6786],"dipPosition":[-33.6237,228.814,-16.4382],"direction":[-0.0463063,-0.874738,0.482378],"extended":false,"handId":352,"id":3522,"length":66.2798,"mcpPosition":[-28.6127,283.413,6.86771],"pipPosition":[-32.3212,253.418,-30.0066],"stabilizedTipPosition":[-34.0451,217.905,0.8852],"timeVisible":3.2447,"tipPosition":[-33.5043,223.452,-3.42729],"tipVelocity":[20.3759,219.839,-186.694],"tool":false,"touchDistance":0.333333,"touchZone":"none","type":2,"width":18.7912},{"bases":[[[0.979774,-0.199763,0.0116992],[0.155573,0.797198,0.583329],[-0.125854,-0.56971,0.812152]],[[0.978606,-0.204867,0.0189859],[0.166987,0.736959,-0.654986],[0.120193,0.644144,0.755402]],[[0.978606,-0.204867,0.0189859],[-0.0872563,-0.496825,-0.863453],[0.186326,0.843324,-0.504071]],[[0.978606,-0.204867,0.0189859],[-0.179917,-0.896871,-0.404044],[0.0998031,0.391984,-0.914543]]],"btipPosition":[-19.2701,221.275,9.69944],"carpPosition":[-14.806,244.796,62.6917],"dipPosition":[-17.4256,228.519,-7.20258],"direction":[-0.186326,-0.843324,0.504071],"extended":false,"handId":352,"id":3523,"length":63.7298,"mcpPosition":[-7.008,280.096,12.3701],"pipPosition":[-12.3199,251.628,-21.0149],"stabilizedTipPosition":[-19.5693,216.215,11.8671],"timeVisible":3.2447,"tipPosition":[-18.8275,222.96,6.30167],"tipVelocity":[21.4246,218.039,-200.562],"tool":false,"touchDistance":0.333333,"touchZone":"none","type":3,"width":17.881},{"bases":[[[0.919359,-0.393314,0.0090736],[0.294336,0.702937,0.647492],[-0.261046,-0.592607,0.762018]],[[0.874825,-0.470935,0.113585],[0.434669,0.659551,-0.613233],[0.213878,0.585844,0.781693]],[[0.874825,-0.470935,0.113585],[-0.13029,-0.454554,-0.881139],[0.466589,0.756043,-0.459013]],[[0.874825,-0.470935,0.113585],[-0.375078,-0.806843,-0.456421],[0.30659,0.356686,-0.882484]]],"btipPosition":[-9.36519,231.195,12.6691],"carpPosition":[-2.60302,238.404,59.7894],"dipPosition":[-4.13786,237.277,-2.37715],"direction":[-0.466589,-0.756043,0.459013],"extended":false,"handId":352,"id":3524,"length":49.963,"mcpPosition":[12.3696,272.394,16.0828],"pipPosition":[4.88911,251.904,-11.2575],"stabilizedTipPosition":[-8.70654,227.829,13.2679],"timeVisible":3.2447,"tipPosition":[-8.12992,232.765,9.09871],"tipVelocity":[21.9506,214.307,-183.182],"tool":false,"touchDistance":0.333333,"touchZone":"none","type":4,"width":15.8833}],"r":[[0.936198,-0.162182,0.311817],[0.128318,0.983651,0.126355],[-0.327212,-0.078282,0.941703]],"s":1.01775,"t":[26.5297,98.0502,-88.3699],"timestamp":15226837550},false],[5,{"currentFrameRate":103.07,"devices":[],"gestures":[],"hands":[{"armBasis":[[0.956442,0.179166,-0.230473],[-0.0669573,0.903096,0.424187],[0.284139,-0.390278,0.875756]],"armWidth":63.029,"confidence":0.667759,"direction":[-0.00587628,0.683484,-0.729942],"elbow":[58.5276,127.526,297.237],"grabStrength":0.739406,"id":352,"palmNormal":[0.0684765,-0.727966,-0.682185],"palmPosition":[-24.9016,264.749,21.1223],"palmVelocity":[24.5584,185.357,-140.623],"palmWidth":90.0033,"pinchStrength":0.271726,"r":[[0.935791,-0.161467,0.313405],[0.125511,0.983294,0.131834],[-0.329457,-0.0840332,0.940424]],"s":1.02869,"sphereCenter":[-48.5414,254.221,-16.9518],"sphereRadius":47.6255,"stabilizedPalmPosition":[-25.5152,260.379,24.4231],"t":[26.8263,99.4884,-89.4993],"timeVisible":3.25402,"type":"right","wrist":[-17.3581,231.759,63.3474]}],"id":1156110,"interactionBox":{"center":[0,200,0],"size":[235.247,235.247,147.751]},"pointables":[{"bases":[[[0.339052,0.806209,0.484842],[-0.831221,0.0153639,0.555729],[0.440585,-0.591432,0.675347]],[[0.104929,0.985988,0.129686],[-0.862877,0.0254348,0.504774],[0.494403,-0.164869,0.853454]],[[0.104929,0.985988,0.129686],[-0.994416,0.102546,0.0249396],[0.0112914,-0.131579,0.991241]],[[0.104929,0.985988,0.129686],[-0.947413,0.0594657,0.31444],[0.302322,-0.15586,0.940377]]],"btipPosition":[-76.5302,236.332,-40.0091],"carpPosition":[-44.7389,220.146,57.3313],"dipPosition":[-69.5315,232.724,-18.2396],"direction":[-0.0112914,0.131579,-0.991241],"extended":false,"handId":352,"id":3520,"length":51.5512,"mcpPosition":[-44.7389,220.146,57.3313],"pipPosition":[-69.1507,228.287,15.1909],"stabilizedTipPosition":[-75.9176,229.28,-30.0715],"timeVisible":3.25402,"tipPosition":[-73.77,235.04,-34.9553],"tipVelocity":[36.5147,202.881,-161.314],"tool":false,"touchDistance":-0.626455,"touchZone":"hovering","type":0,"width":20.0304},{"bases":[[[0.982486,0.167984,-0.0806375],[-0.093426,0.818516,0.566836],[0.161223,-0.549375,0.819875]],[[0.960724,0.223536,-0.164441],[-0.0580768,0.741406,0.668538],[0.27136,-0.632731,0.725269]],[[0.960724,0.223536,-0.164441],[-0.241331,0.965541,-0.0974193],[0.136998,0.133278,0.981564]],[[0.960724,0.223536,-0.164441],[-0.272663,0.65016,-0.709188],[-0.0516158,0.72617,0.685574]]],"btipPosition":[-63.8339,293.3,-62.4002],"carpPosition":[-38.1665,241.891,63.1389],"dipPosition":[-64.7062,305.572,-50.8138],"direction":[-0.136998,-0.133278,-0.981564],"extended":false,"handId":352,"id":3521,"length":58.1698,"mcpPosition":[-49.8989,281.87,3.47516],"pipPosition":[-61.4308,308.759,-27.3463],"stabilizedTipPosition":[-63.4338,288.719,-56.5003],"timeVisible":3.25402,"tipPosition":[-63.1292,293.538,-58.8296],"tipVelocity":[-38.3085,427.516,-175.289],"tool":false,"touchDistance":-0.615307,"touchZone":"hovering","type":1,"width":19.133},{"bases":[[[0.99667,-0.0497975,-0.0645703],[0.0775823,0.822872,0.562905],[0.0251018,-0.56604,0.823995]],[[0.996943,-0.0693003,-0.036098],[0.0310258,0.775073,-0.63111],[0.0717147,0.62806,0.774853]],[[0.996943,-0.0693003,-0.036098],[-0.0648536,-0.476172,-0.876957],[0.0435846,0.876617,-0.47921]],[[0.996943,-0.0693003,-0.036098],[-0.078016,-0.908639,-0.410231],[-0.00437096,0.411793,-0.911267]]],"btipPosition":[-32.8762,222.42,-0.746176],"carpPosition":[-26.58,245.613,62.6441],"dipPosition":[-32.9575,230.074,-17.685],"direction":[-0.0435846,-0.876617,0.47921],"extended":false,"handId":352,"id":3522,"length":66.2798,"mcpPosition":[-28.3123,284.676,5.77898],"pipPosition":[-31.7315,254.732,-31.1643],"stabilizedTipPosition":[-33.7544,219.491,-0.511805],"timeVisible":3.25402,"tipPosition":[-32.856,224.643,-4.60177],"tipVelocity":[34.2809,194.67,-172.221],"tool":false,"touchDistance":0.333333,"touchZone":"none","type":2,"width":18.7912},{"bases":[[[0.980797,-0.194441,0.0151419],[0.149352,0.798748,0.582834],[-0.125422,-0.569381,0.81245]],[[0.979628,-0.199561,0.0224582],[0.165166,0.73703,-0.655368],[0.114234,0.645726,0.754976]],[[0.979628,-0.199561,0.0224582],[-0.081737,-0.498372,-0.863102],[0.183434,0.843683,-0.50453]],[[0.979628,-0.199561,0.0224582],[-0.173751,-0.898335,-0.40349],[0.100696,0.391368,-0.914708]]],"btipPosition":[-18.6441,222.593,8.71971],"carpPosition":[-14.4793,246.203,61.6959],"dipPosition":[-16.7831,229.826,-8.18537],"direction":[-0.183434,-0.843683,0.50453],"extended":false,"handId":352,"id":3523,"length":63.7298,"mcpPosition":[-6.70812,281.482,11.3559],"pipPosition":[-11.7567,252.944,-22.0103],"stabilizedTipPosition":[-19.2661,218.017,10.2909],"timeVisible":3.25402,"tipPosition":[-18.1992,224.276,5.31665],"tipVelocity":[34.4693,196.25,-173.546],"tool":false,"touchDistance":0.333333,"touchZone":"none","type":3,"width":17.881},{"bases":[[[0.921439,-0.388319,0.0125618],[0.288413,0.705319,0.647567],[-0.260323,-0.593071,0.761905]],[[0.876951,-0.466098,0.117091],[0.433265,0.661363,-0.612275],[0.20794,0.587666,0.781926]],[[0.876951,-0.466098,0.117091],[-0.124696,-0.455986,-0.881208],[0.464121,0.758175,-0.457998]],[[0.876951,-0.466098,0.117091],[-0.369128,-0.809294,-0.456933],[0.307737,0.357486,-0.881761]]],"btipPosition":[-8.8003,232.573,11.6875],"carpPosition":[-2.23253,239.874,58.8414],"dipPosition":[-3.55342,238.668,-3.34642],"direction":[-0.464121,-0.758175,0.457998],"extended":false,"handId":352,"id":3524,"length":49.963,"mcpPosition":[12.6987,273.891,15.1413],"pipPosition":[5.42579,253.336,-12.2072],"stabilizedTipPosition":[-8.40742,229.481,11.914],"timeVisible":3.25402,"tipPosition":[-7.56259,234.141,8.13013],"tipVelocity":[33.0138,195.551,-161.035],"tool":false,"touchDistance":0.333333,"touchZone":"none","type":4,"width":15.8833}],"r":[[0.935791,-0.161467,0.313405],[0.125511,0.983294,0.131834],[-0.329457,-0.0840332,0.940424]],"s":1.02869,"t":[26.8263,99.4884,-89.4993],"timestamp":15226846878},false],[6,{"currentFrameRate":103.548,"devices":[],"gestures":[],"hands":[{"armBasis":[[0.956545,0.181927,-0.227867],[-0.071759,0.904324,0.420772],[0.282615,-0.386136,0.878082]],"armWidth":63.029,"confidence":0.672559,"direction":[-0.00245347,0.690885,-0.72296],"elbow":[57.8215,130.471,295.395],"grabStrength":0.704887,"id":352,"palmNormal":[0.0749313,-0.720803,-0.689078],"palmPosition":[-24.9869,266.999,18.9455],"palmVelocity":[15.3583,204.59,-169.602],"palmWidth":90.0033,"pinchStrength":0.277158,"r":[[0.9351,-0.161109,0.315645],[0.122607,0.98276,0.138387],[-0.332499,-0.0907052,0.938732]],"s":1.03802,"sphereCenter":[-48.7754,256.945,-19.3947],"sphereRadius":47.8917,"stabilizedPalmPosition":[-25.3769,262.111,22.9896],"t":[26.9319,101.333,-91.1524],"timeVisible":3.26278,"type":"right","wrist":[-17.6572,233.597,60.8836]}],"id":1156111,"interactionBox":{"center":[0,200,0],"size":[235.247,235.247,147.751]},"pointables":[{"bases":[[[0.333766,0.801999,0.495377],[-0.835082,0.00776674,0.550071],[0.437309,-0.597275,0.672327]],[[0.101456,0.984923,0.140117],[-0.866212,0.0181898,0.499345],[0.489268,-0.172032,0.854998]],[[0.101456,0.984923,0.140117],[-0.994834,0.0999636,0.0176637],[0.00339087,-0.141185,0.989977]],[[0.101456,0.984923,0.140117],[-0.949993,0.054105,0.307549],[0.295331,-0.164312,0.941159]]],"btipPosition":[-76.0774,239.043,-42.8328],"carpPosition":[-44.968,221.983,54.5594],"dipPosition":[-69.2406,235.239,-21.0451],"direction":[-0.00339087,0.141185,-0.989977],"extended":false,"handId":352,"id":3520,"length":51.5512,"mcpPosition":[-44.968,221.983,54.5594],"pipPosition":[-69.1262,230.477,12.3428],"stabilizedTipPosition":[-75.5857,231.368,-31.8924],"timeVisible":3.26278,"tipPosition":[-73.4099,237.741,-37.7722],"tipVelocity":[39.4527,230.135,-204.435],"tool":false,"touchDistance":-0.634435,"touchZone":"hovering","type":0,"width":20.0304},{"bases":[[[0.982617,0.171071,-0.0720957],[-0.0992976,0.812468,0.574487],[0.156854,-0.557342,0.815332]],[[0.960904,0.228256,-0.156722],[-0.0617633,0.728472,0.682285],[0.269904,-0.645931,0.71409]],[[0.960904,0.228256,-0.156722],[-0.239882,0.968975,-0.0595257],[0.138273,0.0947934,0.985847]],[[0.960904,0.228256,-0.156722],[-0.273107,0.688227,-0.672129],[-0.0455567,0.688653,0.723658]]],"btipPosition":[-63.9082,297.786,-64.8457],"carpPosition":[-38.4878,243.683,60.6339],"dipPosition":[-64.6781,309.425,-52.6156],"direction":[-0.138273,-0.0947934,-0.985847],"extended":true,"handId":352,"id":3521,"length":58.1698,"mcpPosition":[-49.9023,284.241,1.30065],"pipPosition":[-61.3723,311.691,-29.0457],"stabilizedTipPosition":[-63.6952,293.431,-58.7199],"timeVisible":3.26278,"tipPosition":[-63.2013,297.927,-61.2138],"tipVelocity":[-29.5919,445.863,-198.668],"tool":false,"touchDistance":-0.616571,"touchZone":"hovering","type":1,"width":19.133},{"bases":[[[0.997209,-0.0468302,-0.0581512],[0.0717229,0.817259,0.571789],[0.0207476,-0.574364,0.818337]],[[0.997329,-0.0667089,-0.0297537],[0.0339667,0.784177,-0.619607],[0.0646654,0.616942,0.784348]],[[0.997329,-0.0667089,-0.0297537],[-0.0573371,-0.462621,-0.8847],[0.0452527,0.884043,-0.46521]],[[0.997329,-0.0667089,-0.0297537],[-0.0730297,-0.902739,-0.423944],[0.00142105,0.424985,-0.905199]]],"btipPosition":[-32.7213,224.894,-3.70161],"carpPosition":[-26.9071,247.437,60.2574],"dipPosition":[-32.6949,232.793,-20.5277],"direction":[-0.0452527,-0.884043,0.46521],"extended":false,"handId":352,"id":3522,"length":66.2798,"mcpPosition":[-28.3389,287.074,3.78282],"pipPosition":[-31.422,257.66,-33.6131],"stabilizedTipPosition":[-33.518,221.133,-2.11789],"timeVisible":3.26278,"tipPosition":[-32.6765,227.128,-7.42473],"tipVelocity":[30.5939,219.987,-215.788],"tool":false,"touchDistance":0.333333,"touchZone":"none","type":2,"width":18.7912},{"bases":[[[0.98113,-0.192317,0.0199703],[0.14341,0.793099,0.591969],[-0.129684,-0.577934,0.805713]],[[0.979867,-0.19774,0.0275425],[0.169068,0.748471,-0.641254],[0.106187,0.633,0.766834]],[[0.979867,-0.19774,0.0275425],[-0.0729762,-0.483147,-0.872492],[0.185834,0.852917,-0.487851]],[[0.979867,-0.19774,0.0275425],[-0.168298,-0.892314,-0.418869],[0.107404,0.405801,-0.907629]]],"btipPosition":[-18.5363,225.027,5.72864],"carpPosition":[-14.8015,248.064,59.3994],"dipPosition":[-16.5513,232.527,-11.0456],"direction":[-0.185834,-0.852917,0.487851],"extended":false,"handId":352,"id":3523,"length":63.7298,"mcpPosition":[-6.76624,283.873,9.47682],"pipPosition":[-11.4592,255.898,-24.4135],"stabilizedTipPosition":[-19.0251,219.792,8.58019],"timeVisible":3.26278,"tipPosition":[-18.0703,226.749,2.46567],"tipVelocity":[29.4015,220.065,-217.722],"tool":false,"touchDistance":0.333333,"touchZone":"none","type":3,"width":17.881},{"bases":[[[0.922253,-0.386295,0.0150019],[0.282242,0.699336,0.65671],[-0.264175,-0.601419,0.753994]],[[0.877218,-0.465253,0.11844],[0.43601,0.668782,-0.602184],[0.200957,0.579888,0.789523]],[[0.877218,-0.465253,0.11844],[-0.117299,-0.446928,-0.886846],[0.465542,0.764065,-0.446627]],[[0.877218,-0.465253,0.11844],[-0.36393,-0.805316,-0.467997],[0.313119,0.367431,-0.875757]]],"btipPosition":[-8.74206,234.959,9.27748],"carpPosition":[-2.52023,241.793,56.5657],"dipPosition":[-3.40342,241.224,-5.65408],"direction":[-0.465542,-0.764065,0.446627],"extended":false,"handId":352,"id":3524,"length":49.963,"mcpPosition":[12.6319,276.288,13.3193],"pipPosition":[5.60328,256.006,-14.2948],"stabilizedTipPosition":[-8.18647,231.192,10.4123],"timeVisible":3.26278,"tipPosition":[-7.4845,236.563,5.75415],"tipVelocity":[26.5915,217.414,-1