{"sensorType":"Leap","data":[[0,{"currentFrameRate":110.111,"devices":[],"gestures":[{"center":[-145.699,235.65,46.704],"duration":81353,"handIds":[354],"id":2,"normal":[0.72062,-0.178546,0.669947],"pointableIds":[3540],"progress":0.850565,"radius":37.3801,"state":"update","type":"circle"}],"hands":[{"armBasis":[[0.973086,0.0858401,-0.213859],[-0.00439493,0.934777,0.355209],[0.230402,-0.344709,0.909995]],"armWidth":63.029,"confidence":0.906862,"direction":[0.020476,0.62007,-0.784279],"elbow":[26.4053,176.17,322.262],"grabStrength":0,"id":354,"palmNormal":[0.0110705,-0.784536,-0.619985],"palmPosition":[-41.5256,298.031,34.5138],"palmVelocity":[108.828,211.562,-214.866],"palmWidth":90.0033,"pinchStrength":0.490361,"r":[[0.840615,0.122182,0.527672],[-0.279098,0.932639,0.228669],[-0.464188,-0.339495,0.818091]],"s":1.12205,"sphereCenter":[-51.662,276.231,-7.62818],"sphereRadius":46.0384,"stabilizedPalmPosition":[-44.2083,292.855,39.8428],"t":[51.3722,152.81,-110.243],"timeVisible":9.5719,"type":"right","wrist":[-35.1286,268.232,79.2278]}],"id":1159292,"interactionBox":{"center":[0,200,0],"size":[235.247,235.247,147.751]},"pointables":[{"bases":[[[0.396382,0.821091,0.410719],[-0.817518,0.112093,0.564889],[0.417787,-0.559682,0.715689]],[[0.156438,0.987217,0.0305025],[-0.857694,0.120469,0.499848],[0.489784,-0.104357,0.865576]],[[0.156438,0.987217,0.0305025],[-0.986294,0.157782,-0.0482525],[-0.0524485,-0.0225359,0.998369]],[[0.156438,0.987217,0.0305025],[-0.975377,0.149553,0.162092],[0.155459,-0.0551088,0.986304]]],"btipPosition":[-89.2846,265.054,-24.6299],"carpPosition":[-63.2709,257.866,74.6127],"dipPosition":[-85.6858,263.778,-1.79712],"direction":[0.0524485,0.0225359,-0.998369],"extended":false,"handId":354,"id":3540,"length":51.5512,"mcpPosition":[-63.2709,257.866,74.6127],"pipPosition":[-87.4547,263.018,31.8738],"stabilizedTipPosition":[-94.8238,259.416,-10.8974],"timeVisible":9.5719,"tipPosition":[-89.1023,265.533,-19.1026],"tipVelocity":[179.446,144.99,-233.338],"tool":false,"touchDistance":-0.221489,"touchZone":"hovering","type":0,"width":20.0304},{"bases":[[[0.988975,0.100156,-0.109079],[-0.0328537,0.866632,0.497866],[0.144395,-0.488793,0.860367]],[[0.976616,0.133729,-0.168336],[-0.0768291,0.948382,0.307682],[0.200793,-0.287554,0.93648]],[[0.976616,0.133729,-0.168336],[-0.125935,0.990445,0.0562026],[0.174243,-0.0336889,0.984126]],[[0.976616,0.133729,-0.168336],[-0.157137,0.97839,-0.13439],[0.146726,0.157699,0.976526]]],"btipPosition":[-80.9791,325.501,-63.9542],"carpPosition":[-55.2926,279.571,78.4858],"dipPosition":[-78.4994,328.166,-47.4506],"direction":[-0.174243,0.0336889,-0.984126],"extended":true,"handId":354,"id":3541,"length":58.1698,"mcpPosition":[-65.8005,315.141,15.8753],"pipPosition":[-74.3335,327.361,-23.9218],"stabilizedTipPosition":[-82.3777,322.295,-56.4454],"timeVisible":9.5719,"tipPosition":[-79.9623,323.649,-59.8323],"tipVelocity":[138.546,290.413,-260.614],"tool":false,"touchDistance":0.150266,"touchZone":"hovering","type":1,"width":19.133},{"bases":[[[0.990403,-0.11602,-0.0751021],[0.137995,0.860146,0.491025],[0.00763012,-0.496677,0.867902]],[[0.99026,-0.129072,-0.0521983],[0.0775385,0.822661,-0.56322],[0.115637,0.553687,0.824656]],[[0.99026,-0.129072,-0.0521983],[-0.107168,-0.467308,-0.877575],[0.0888777,0.874622,-0.476589]],[[0.99026,-0.129072,-0.0521983],[-0.138996,-0.938112,-0.317216],[-0.00802415,0.321382,-0.946916]]],"btipPosition":[-51.9069,259.824,9.30258],"carpPosition":[-43.5162,282.521,77.5085],"dipPosition":[-52.056,265.798,-8.29889],"direction":[-0.0888777,-0.874622,0.476589],"extended":false,"handId":354,"id":3542,"length":66.2798,"mcpPosition":[-44.0427,316.798,17.6133],"pipPosition":[-49.5561,290.399,-21.7044],"stabilizedTipPosition":[-55.9195,256.438,11.2499],"timeVisible":9.5719,"tipPosition":[-51.9297,260.892,6.29148],"tipVelocity":[154.424,187.183,-230.789],"tool":false,"touchDistance":0.333333,"touchZone":"none","type":2,"width":18.7912},{"bases":[[[0.967492,-0.252355,0.0166349],[0.208575,0.833388,0.511821],[-0.143024,-0.491713,0.858931]],[[0.965171,-0.259909,0.0298808],[0.227989,0.779572,-0.583343],[0.128322,0.569838,0.811676]],[[0.965171,-0.259909,0.0298808],[-0.101562,-0.477488,-0.872749],[0.241103,0.839317,-0.487254]],[[0.965171,-0.259909,0.0298808],[-0.236007,-0.914267,-0.329266],[0.112898,0.310746,-0.943764]]],"btipPosition":[-36.9257,258.829,18.0349],"carpPosition":[-31.4233,282.288,76.3334],"dipPosition":[-34.8392,264.572,0.5928],"direction":[-0.241103,-0.839317,0.487254],"extended":false,"handId":354,"id":3543,"length":63.7298,"mcpPosition":[-22.5614,312.755,23.1134],"pipPosition":[-28.2326,287.57,-12.7587],"stabilizedTipPosition":[-39.1029,256.535,17.6096],"timeVisible":9.5719,"tipPosition":[-36.3726,259.615,14.3998],"tipVelocity":[150.382,206.968,-204.69],"tool":false,"touchDistance":0.333333,"touchZone":"none","type":3,"width":17.881},{"bases":[[[0.896585,-0.441777,0.0311371],[0.343056,0.737254,0.582038],[-0.280087,-0.511165,0.812565]],[[0.810056,-0.545897,0.214024],[0.577678,0.680453,-0.450857],[0.100488,0.488856,0.866558]],[[0.810056,-0.545897,0.214024],[-0.0331865,-0.407108,-0.912777],[0.585413,0.732298,-0.347897]],[[0.810056,-0.545897,0.214024],[-0.419807,-0.794781,-0.438274],[0.409355,0.265178,-0.872989]]],"btipPosition":[-25.3924,268.537,18.5348],"carpPosition":[-19.6373,275.005,73.8341],"dipPosition":[-18.4129,273.058,3.65046],"direction":[-0.585413,-0.732298,0.347897],"extended":false,"handId":354,"id":3544,"length":49.963,"mcpPosition":[-3.57247,304.324,27.2283],"pipPosition":[-7.08711,287.226,-3.0802],"stabilizedTipPosition":[-26.1323,266.135,18.4594],"timeVisible":9.5719,"tipPosition":[-24.105,269.04,15.8666],"tipVelocity":[154.525,227.935,-219.418],"tool":false,"touchDistance":0.333333,"touchZone":"none","type":4,"width":15.8833}],"r":[[0.840615,0.122182,0.527672],[-0.279098,0.932639,0.228669],[-0.464188,-0.339495,0.818091]],"s":1.12205,"t":[51.3722,152.81,-110.243],"timestamp":15256077239},false],[1,{"currentFrameRate":110.217,"devices":[],"gestures":[{"center":[-145.699,235.65,46.704],"duration":81353,"handIds":[354],"id":2,"normal":[0.72062,-0.178546,0.669947],"pointableIds":[3540],"progress":0.850565,"radius":37.3801,"state":"update","type":"circle"}],"hands":[{"armBasis":[[0.973333,0.101207,-0.205864],[-0.0185762,0.929242,0.369005],[0.228643,-0.355341,0.906342]],"armWidth":63.029,"confidence":0.91083,"direction":[0.0204249,0.610512,-0.791743],"elbow":[26.4099,175.911,320.097],"grabStrength":0,"id":354,"palmNormal":[0.0251568,-0.791972,-0.610039],"palmPosition":[-40.9919,299.983,32.9028],"palmVelocity":[95.585,213.765,-205.754],"palmWidth":90.0033,"pinchStrength":0.491387,"r":[[0.835666,0.131628,0.533232],[-0.288124,0.931606,0.221573],[-0.467597,-0.338798,0.816437]],"s":1.1258,"sphereCenter":[-50.7062,277.638,-9.06489],"sphereRadius":46.0973,"stabilizedPalmPosition":[-43.3502,294.757,37.9913],"t":[52.0906,154.685,-111.951],"timeVisible":9.58078,"type":"right","wrist":[-34.6543,270.813,78.0379]}],"id":1159293,"interactionBox":{"center":[0,200,0],"size":[235.247,235.247,147.751]},"pointables":[{"bases":[[[0.383671,0.830493,0.40383],[-0.823593,0.109917,0.556429],[0.417722,-0.546077,0.72616]],[[0.146105,0.989049,0.020879],[-0.862293,0.116979,0.492713],[0.484874,-0.0899919,0.869941]],[[0.146105,0.989049,0.020879],[-0.987492,0.147075,-0.0568158],[-0.0592643,-0.0123168,0.998166]],[[0.146105,0.989049,0.020879],[-0.979526,0.141679,0.143024],[0.138499,-0.0413481,0.989499]]],"btipPosition":[-87.7876,265.892,-26.2136],"carpPosition":[-62.6388,260.076,73.3116],"dipPosition":[-84.5813,264.935,-3.30689],"direction":[0.0592643,0.0123168,-0.998166],"extended":false,"handId":354,"id":3540,"length":51.5512,"mcpPosition":[-62.6388,260.076,73.3116],"pipPosition":[-86.5801,264.519,30.3571],"stabilizedTipPosition":[-93.4307,260.537,-12.698],"timeVisible":9.58078,"tipPosition":[-87.6798,266.345,-20.7023],"tipVelocity":[173.711,133.454,-217.855],"tool":false,"touchDistance":-0.247601,"touchZone":"hovering","type":0,"width":20.0304},{"bases":[[[0.988715,0.109858,-0.101848],[-0.0467852,0.872302,0.486724],[0.142313,-0.476467,0.867598]],[[0.976416,0.142747,-0.161973],[-0.0893937,0.950206,0.298526],[0.196521,-0.277006,0.940557]],[[0.976416,0.142747,-0.161973],[-0.135699,0.989287,0.0538288],[0.167922,-0.0305797,0.985326]],[[0.976416,0.142747,-0.161973],[-0.164747,0.977509,-0.13166],[0.139536,0.155239,0.977973]]],"btipPosition":[-80.0163,326.468,-66.2106],"carpPosition":[-54.9355,281.915,76.982],"dipPosition":[-77.6581,329.091,-49.6825],"direction":[-0.167922,0.0305797,-0.985326],"extended":true,"handId":354,"id":3541,"length":58.1698,"mcpPosition":[-65.2918,316.588,13.8453],"pipPosition":[-73.6433,328.36,-26.125],"stabilizedTipPosition":[-81.4265,323.859,-58.3989],"timeVisible":9.58078,"tipPosition":[-79.0196,324.703,-62.0942],"tipVelocity":[129.494,240.782,-258.632],"tool":false,"touchDistance":0.112755,"touchZone":"hovering","type":1,"width":19.133},{"bases":[[[0.992244,-0.105851,-0.0651687],[0.124178,0.867644,0.481429],[0.00558357,-0.485787,0.874059]],[[0.992044,-0.118676,-0.0420037],[0.0734115,0.816401,-0.5728],[0.102269,0.565159,0.818618]],[[0.992044,-0.118676,-0.0420037],[-0.094237,-0.478824,-0.872839],[0.0834726,0.869853,-0.486198]],[[0.992044,-0.118676,-0.0420037],[-0.125851,-0.943183,-0.307517],[-0.00312231,0.310357,-0.950615]]],"btipPosition":[-50.7356,261.328,8.06499],"carpPosition":[-43.1844,284.985,76.0689],"dipPosition":[-50.7936,267.097,-9.60526],"direction":[-0.0834726,-0.869853,0.486198],"extended":false,"handId":354,"id":3542,"length":66.2798,"mcpPosition":[-43.5697,318.51,15.7488],"pipPosition":[-48.4457,291.564,-23.281],"stabilizedTipPosition":[-54.8039,257.779,9.68588],"timeVisible":9.58078,"tipPosition":[-50.7412,262.378,5.02067],"tipVelocity":[148.927,180.882,-206.421],"tool":false,"touchDistance":0.333333,"touchZone":"none","type":2,"width":18.7912},{"bases":[[[0.970048,-0.241288,0.0280611],[0.194867,0.841936,0.50316],[-0.145032,-0.482621,0.863738]],[[0.967472,-0.249368,0.042579],[0.225969,0.776182,-0.588626],[0.113736,0.579101,0.807284]],[[0.967472,-0.249368,0.042579],[-0.0872402,-0.486863,-0.869111],[0.237459,0.837126,-0.492781]],[[0.967472,-0.249368,0.042579],[-0.222993,-0.920118,-0.321959],[0.119464,0.301991,-0.945796]]],"btipPosition":[-35.8347,260.662,16.7872],"carpPosition":[-31.0799,284.872,75.0003],"dipPosition":[-33.6269,266.243,-0.692471],"direction":[-0.237459,-0.837126,0.492781],"extended":false,"handId":354,"id":3543,"length":63.7298,"mcpPosition":[-22.0936,314.775,21.4825],"pipPosition":[-27.1201,289.182,-14.1955],"stabilizedTipPosition":[-37.9725,258.155,16.1598],"timeVisible":9.58078,"tipPosition":[-35.2494,261.436,13.1889],"tipVelocity":[143.74,205.662,-187.501],"tool":false,"touchDistance":0.333333,"touchZone":"none","type":3,"width":17.881},{"bases":[[[0.90112,-0.431298,0.0443158],[0.329789,0.74819,0.575719],[-0.281463,-0.504177,0.816446]],[[0.813067,-0.53501,0.229537],[0.57593,0.681615,-0.451338],[0.0850143,0.499165,0.862327]],[[0.813067,-0.53501,0.229537],[-0.0181225,-0.417346,-0.908567],[0.581888,0.734566,-0.349026]],[[0.813067,-0.53501,0.229537],[-0.406811,-0.804172,-0.433373],[0.416446,0.258983,-0.871493]]],"btipPosition":[-24.3803,270.524,17.3155],"carpPosition":[-19.1926,277.692,72.6931],"dipPosition":[-17.2799,274.939,2.4566],"direction":[-0.581888,-0.734566,0.349026],"extended":false,"handId":354,"id":3544,"length":49.963,"mcpPosition":[-3.04888,306.609,25.8646],"pipPosition":[-6.02232,289.151,-4.2959],"stabilizedTipPosition":[-25.0244,267.904,16.9665],"timeVisible":9.58078,"tipPosition":[-23.0566,271.017,14.6612],"tipVelocity":[144.343,226.015,-196.918],"tool":false,"touchDistance":0.333333,"touchZone":"none","type":4,"width":15.8833}],"r":[[0.835666,0.131628,0.533232],[-0.288124,0.931606,0.221573],[-0.467597,-0.338798,0.816437]],"s":1.1258,"t":[52.0906,154.685,-111.951],"timestamp":15256086124},false],[2,{"currentFrameRate":110.233,"devices":[],"gestures":[{"center":[-145.699,235.65,46.704],"duration":81353,"handIds":[354],"id":2,"normal":[0.72062,-0.178546,0.669947],"pointableIds":[3540],"progress":0.850565,"radius":37.3801,"state":"update","type":"circle"}],"hands":[{"armBasis":[[0.973445,0.122935,-0.193112],[-0.039241,0.920694,0.388307],[0.225534,-0.370418,0.901069]],"armWidth":63.029,"confidence":0.859868,"direction":[0.018818,0.605221,-0.795835],"elbow":[26.0239,173.891,317.818],"grabStrength":0,"id":354,"palmNormal":[0.0453067,-0.795674,-0.604028],"palmPosition":[-40.5422,301.56,31.7582],"palmVelocity":[82.941,202.916,-183.918],"palmWidth":90.0033,"pinchStrength":0.495901,"r":[[0.829965,0.142767,0.539237],[-0.298933,0.929998,0.213877],[-0.470954,-0.338706,0.814543]],"s":1.12848,"sphereCenter":[-49.457,278.766,-10.1961],"sphereRadius":46.1487,"stabilizedPalmPosition":[-42.6069,296.558,36.3413],"t":[52.6747,156.411,-113.378],"timeVisible":9.58983,"type":"right","wrist":[-34.2099,272.819,77.1681]}],"id":1159294,"interactionBox":{"center":[0,200,0],"size":[235.247,235.247,147.751]},"pointables":[{"bases":[[[0.365061,0.839706,0.402025],[-0.831431,0.0997697,0.546598],[0.418872,-0.533797,0.734579]],[[0.130425,0.991305,0.0174477],[-0.867986,0.10566,0.485217],[0.479155,-0.0784287,0.87422]],[[0.130425,0.991305,0.0174477],[-0.989175,0.131298,-0.0655266],[-0.0672477,-0.00871256,0.997698]],[[0.130425,0.991305,0.0174477],[-0.984724,0.127471,0.118613],[0.115357,-0.0326512,0.992787]]],"btipPosition":[-86.016,266.496,-27.5832],"carpPosition":[-61.9546,261.574,72.2136],"dipPosition":[-83.3455,265.74,-4.60034],"direction":[0.0672477,0.00871256,-0.997698],"extended":false,"handId":354,"id":3540,"length":51.5512,"mcpPosition":[-61.9546,261.574,72.2136],"pipPosition":[-85.6135,265.446,29.0479],"stabilizedTipPosition":[-91.9885,261.576,-14.4223],"timeVisible":9.58983,"tipPosition":[-86.0014,266.86,-22.0888],"tipVelocity":[176.068,116.495,-199.008],"tool":false,"touchDistance":-0.270136,"touchZone":"hovering","type":0,"width":20.0304},{"bases":[[[0.987776,0.125957,-0.0918304],[-0.0669303,0.87476,0.479911],[0.140778,-0.467898,0.872498]],[[0.975498,0.158402,-0.152681],[-0.108523,0.950129,0.292365],[0.191378,-0.268632,0.94404]],[[0.975498,0.158402,-0.152681],[-0.152093,0.986985,0.0522262],[0.158967,-0.0277248,0.986895]],[[0.975498,0.158402,-0.152681],[-0.178687,0.975307,-0.129801],[0.12835,0.153902,0.979714]]],"btipPosition":[-79.0108,327.094,-67.9531],"carpPosition":[-54.6634,283.566,75.8111],"dipPosition":[-76.8416,329.695,-51.3956],"direction":[-0.158967,0.0277248,-0.986895],"extended":true,"handId":354,"id":3541,"length":58.1698,"mcpPosition":[-64.9081,317.616,12.3178],"pipPosition":[-73.041,329.032,-27.8006],"stabilizedTipPosition":[-80.5467,325.016,-60.1333],"timeVisible":9.58983,"tipPosition":[-78.0356,325.428,-63.8407],"tipVelocity":[123.118,193.326,-240.238],"tool":false,"touchDistance":0.083826,"touchZone":"hovering","type":1,"width":19.133},{"bases":[[[0.994554,-0.0893987,-0.0535671],[0.104136,0.872977,0.476516],[0.00416291,-0.479499,0.877532]],[[0.994308,-0.102238,-0.0299922],[0.0665403,0.815706,-0.574627],[0.0832133,0.569361,0.817865]],[[0.994308,-0.102238,-0.0299922],[-0.0758742,-0.481815,-0.872982],[0.0748009,0.870288,-0.48683]],[[0.994308,-0.102238,-0.0299922],[-0.106505,-0.945899,-0.306484],[0.00296465,0.307934,-0.951403]]],"btipPosition":[-49.3705,262.571,6.82905],"carpPosition":[-42.9567,286.829,75.0043],"dipPosition":[-49.3154,268.295,-10.8558],"direction":[-0.0748009,-0.870288,0.48683],"extended":false,"handId":354,"id":3542,"length":66.2798,"mcpPosition":[-43.244,319.92,14.4445],"pipPosition":[-47.2114,292.775,-24.5494],"stabilizedTipPosition":[-53.6077,259.121,8.16501],"timeVisible":9.58983,"tipPosition":[-49.3515,263.634,3.80564],"tipVelocity":[150.274,168.586,-187.289],"tool":false,"touchDistance":0.333333,"touchZone":"none","type":2,"width":18.7912},{"bases":[[[0.973628,-0.224539,0.0403846],[0.175006,0.848629,0.499202],[-0.146362,-0.478969,0.865544]],[[0.970833,-0.233131,0.0559707],[0.220576,0.776995,-0.589598],[0.0939647,0.584747,0.805755]],[[0.970833,-0.233131,0.0559707],[-0.0681915,-0.492302,-0.867749],[0.229854,0.838623,-0.493841]],[[0.970833,-0.233131,0.0559707],[-0.203818,-0.925444,-0.319391],[0.126258,0.298668,-0.945969]]],"btipPosition":[-34.5568,262.25,15.8435],"carpPosition":[-30.841,286.915,74.0688],"dipPosition":[-32.2234,267.77,-1.6393],"direction":[-0.229854,-0.838623,0.493841],"extended":false,"handId":354,"id":3543,"length":63.7298,"mcpPosition":[-21.7723,316.592,20.4391],"pipPosition":[-25.925,290.749,-15.1713],"stabilizedTipPosition":[-36.7541,259.809,14.8227],"timeVisible":9.58983,"tipPosition":[-33.9387,263.03,12.277],"tipVelocity":[143.948,196.928,-164.594],"tool":false,"touchDistance":0.333333,"touchZone":"none","type":3,"width":17.881},{"bases":[[[0.907755,-0.415576,0.057249],[0.310687,0.757702,0.573901],[-0.281877,-0.503175,0.816921]],[[0.81878,-0.520007,0.243293],[0.570331,0.688223,-0.44841],[0.065737,0.505907,0.860079]],[[0.81878,-0.520007,0.243293],[0.000290078,-0.423401,-0.905942],[0.574107,0.741838,-0.346522]],[[0.81878,-0.520007,0.243293],[-0.388236,-0.813705,-0.432616],[0.422932,0.259762,-0.868131]]],"btipPosition":[-23.2587,272.307,16.5111],"carpPosition":[-18.8089,279.922,71.9431],"dipPosition":[-16.0478,276.736,1.70957],"direction":[-0.574107,-0.741838,0.346522],"extended":false,"handId":354,"id":3544,"length":49.963,"mcpPosition":[-2.64149,308.782,25.0875],"pipPosition":[-4.94069,291.088,-4.99448],"stabilizedTipPosition":[-23.8714,269.729,15.6669],"timeVisible":9.58983,"tipPosition":[-21.9009,272.812,13.8628],"tipVelocity":[139.514,218.153,-166.744],"tool":false,"touchDistance":0.333333,"touchZone":"none","type":4,"width":15.8833}],"r":[[0.829965,0.142767,0.539237],[-0.298933,0.929998,0.213877],[-0.470954,-0.338706,0.814543]],"s":1.12848,"t":[52.6747,156.411,-113.378],"timestamp":15256095168},false],[3,{"currentFrameRate":110.286,"devices":[],"gestures":[{"center":[-145.699,235.65,46.704],"duration":81353,"handIds":[354],"id":2,"normal":[0.72062,-0.178546,0.669947],"pointableIds":[3540],"progress":0.850565,"radius":37.3801,"state":"update","type":"circle"}],"hands":[{"armBasis":[[0.9751,0.105513,-0.195056],[-0.0262539,0.9283,0.370905],[0.220206,-0.356548,0.907955]],"armWidth":63.029,"confidence":0.42094,"direction":[0.0174528,0.594094,-0.804206],"elbow":[25.4593,179.104,315.085],"grabStrength":0,"id":354,"palmNormal":[0.0316943,-0.804253,-0.593441],"palmPosition":[-39.819,302.511,26.8559],"palmVelocity":[82.2996,176.354,-283.182],"palmWidth":90.0033,"pinchStrength":0.52843,"r":[[0.82659,0.151478,0.542036],[-0.30525,0.9298,0.205654],[-0.472833,-0.335448,0.814803]],"s":1.12868,"sphereCenter":[-49.2799,279.268,-14.6922],"sphereRadius":46.1014,"stabilizedPalmPosition":[-41.9821,297.892,34.2156],"t":[53.3284,157.749,-116.542],"timeVisible":9.5988,"type":"right","wrist":[-33.3515,274.328,72.5957]}],"id":1159295,"interactionBox":{"center":[0,200,0],"size":[235.247,235.247,147.751]},"pointables":[{"bases":[[[0.377191,0.841362,0.387088],[-0.825252,0.115641,0.552798],[0.42034,-0.527956,0.737955]],[[0.143374,0.989644,0.00701163],[-0.862448,0.121465,0.491355],[0.485415,-0.0764948,0.870931]],[[0.143374,0.989644,0.00701163],[-0.987441,0.143523,-0.0660449],[-0.0663672,0.00254557,0.997792]],[[0.143374,0.989644,0.00701163],[-0.987482,0.142583,0.0674425],[0.0657443,-0.0165934,0.997699]]],"btipPosition":[-84.5041,267.374,-31.6999],"carpPosition":[-61.2524,263.299,68.0514],"dipPosition":[-82.9821,266.99,-8.60334],"direction":[0.0663672,-0.00254557,-0.997792],"extended":false,"handId":354,"id":3540,"length":51.5512,"mcpPosition":[-61.2524,263.299,68.0514],"pipPosition":[-85.2204,267.076,25.0481],"stabilizedTipPosition":[-90.7413,262.485,-16.3271],"timeVisible":9.5988,"tipPosition":[-85.1065,267.639,-26.1158],"tipVelocity":[165.93,114.001,-269.359],"tool":false,"touchDistance":-0.332814,"touchZone":"hovering","type":0,"width":20.0304},{"bases":[[[0.988089,0.114666,-0.102628],[-0.0536818,0.881855,0.468454],[0.144219,-0.457365,0.877507]],[[0.975587,0.146363,-0.163729],[-0.0957447,0.954421,0.282689],[0.197642,-0.260112,0.945135]],[[0.975587,0.146363,-0.163729],[-0.140162,0.988922,0.0488687],[0.169068,-0.0247271,0.985294]],[[0.975587,0.146363,-0.163729],[-0.168166,0.977371,-0.128318],[0.141243,0.152719,0.978124]]],"btipPosition":[-79.0314,327.61,-72.8305],"carpPosition":[-53.7081,285.263,71.2795],"dipPosition":[-76.6444,330.191,-56.2999],"direction":[-0.169068,0.0247271,-0.985294],"extended":true,"handId":354,"id":3541,"length":58.1698,"mcpPosition":[-64.2032,318.546,7.42172],"pipPosition":[-72.6023,329.6,-32.7432],"stabilizedTipPosition":[-80.0451,325.791,-62.2948],"timeVisible":9.5988,"tipPosition":[-78.0487,325.998,-68.7295],"tipVelocity":[90.2973,156.006,-323.505],"tool":false,"touchDistance":0.0024317,"touchZone":"hovering","type":1,"width":19.133},{"bases":[[[0.993066,-0.100206,-0.0614767],[0.117319,0.87829,0.463511],[0.00754785,-0.46751,0.883956]],[[0.992903,-0.112901,-0.0373792],[0.0702355,0.810299,-0.581792],[0.0959735,0.575038,0.812478]],[[0.992903,-0.112901,-0.0373792],[-0.0878921,-0.484869,-0.870159],[0.0801182,0.867269,-0.491351]],[[0.992903,-0.112901,-0.0373792],[-0.11892,-0.946147,-0.301105],[-0.00137104,0.303413,-0.952858]]],"btipPosition":[-49.302,263.209,2.11293],"carpPosition":[-41.9773,288.396,70.3204],"dipPosition":[-49.3275,268.849,-15.599],"direction":[-0.0801182,-0.867269,0.491351],"extended":false,"handId":354,"id":3542,"length":66.2798,"mcpPosition":[-42.4981,320.66,9.31736],"pipPosition":[-47.0739,293.243,-29.4197],"stabilizedTipPosition":[-52.8133,260.116,6.29419],"timeVisible":9.5988,"tipPosition":[-49.285,264.307,-0.86197],"tipVelocity":[110.641,141.284,-280.134],"tool":false,"touchDistance":0.333333,"touchZone":"none","type":2,"width":18.7912},{"bases":[[[0.971664,-0.233834,0.0345093],[0.18815,0.853536,0.485877],[-0.143069,-0.465616,0.873346]],[[0.968756,-0.24268,0.0511748],[0.224087,0.768025,-0.599935],[0.106288,0.592658,0.79841]],[[0.968756,-0.24268,0.0511748],[-0.0801033,-0.50143,-0.861482],[0.234725,0.830467,-0.505202]],[[0.968756,-0.24268,0.0511748],[-0.216099,-0.927177,-0.306013],[0.121711,0.285393,-0.950651]]],"btipPosition":[-34.3845,262.973,11.2862],"carpPosition":[-29.8705,288.346,69.2725],"dipPosition":[-32.1351,268.247,-6.2831],"direction":[-0.234725,-0.830467,0.505202],"extended":false,"handId":354,"id":3543,"length":63.7298,"mcpPosition":[-21.0058,317.196,15.1594],"pipPosition":[-25.7033,291.003,-20.1265],"stabilizedTipPosition":[-35.9898,260.968,12.8166],"timeVisible":9.5988,"tipPosition":[-33.7887,263.712,7.73312],"tipVelocity":[109.193,163.333,-259.223],"tool":false,"touchDistance":0.333333,"touchZone":"none","type":3,"width":17.881},{"bases":[[[0.904041,-0.423945,0.0545991],[0.323604,0.762264,0.560566],[-0.279268,-0.489106,0.826308]],[[0.815623,-0.525033,0.243102],[0.573207,0.676115,-0.462927],[0.0786877,0.516922,0.852408]],[[0.815623,-0.525033,0.243102],[-0.0122752,-0.435775,-0.899972],[0.578453,0.731054,-0.361873]],[[0.815623,-0.525033,0.243102],[-0.400448,-0.815531,-0.417793],[0.417612,0.243412,-0.875415]]],"btipPosition":[-22.9753,272.883,11.8515],"carpPosition":[-17.9295,281.203,67.1324],"dipPosition":[-15.855,277.033,-3.07419],"direction":[-0.578453,-0.731054,0.361873],"extended":false,"handId":354,"id":3544,"length":49.963,"mcpPosition":[-1.91172,309.256,19.7384],"pipPosition":[-4.66388,291.177,-10.0752],"stabilizedTipPosition":[-23.1381,270.918,13.5691],"timeVisible":9.5988,"tipPosition":[-21.6325,273.341,9.17716],"tipVelocity":[109.318,174.035,-264.172],"tool":false,"touchDistance":0.333333,"touchZone":"none","type":4,"width":15.8833}],"r":[[0.82659,0.151478,0.542036],[-0.30525,0.9298,0.205654],[-0.472833,-0.335448,0.814803]],"s":1.12868,"t":[53.3284,157.749,-116.542],"timestamp":15256104141},false],[4,{"currentFrameRate":110.138,"devices":[],"gestures":[{"center":[-145.699,235.65,46.704],"duration":81353,"handIds":[354],"id":2,"normal":[0.72062,-0.178546,0.669947],"pointableIds":[3540],"progress":0.850565,"radius":37.3801,"state":"update","type":"circle"}],"hands":[{"armBasis":[[0.976308,0.0987834,-0.192521],[-0.0238147,0.933363,0.358144],[0.215071,-0.345074,0.913602]],"armWidth":63.029,"confidence":0.454423,"direction":[0.0202405,0.600792,-0.799149],"elbow":[24.624,182.673,314.497],"grabStrength":0,"id":354,"palmNormal":[0.0305308,-0.799311,-0.600141],"palmPosition":[-39.1388,303.416,24.9888],"palmVelocity":[79.6116,153.847,-259.576],"palmWidth":90.0033,"pinchStrength":0.547793,"r":[[0.823766,0.15711,0.544726],[-0.309858,0.929396,0.200529],[-0.474761,-0.333977,0.814286]],"s":1.12853,"sphereCenter":[-48.7038,280.661,-16.7322],"sphereRadius":46.0972,"stabilizedPalmPosition":[-41.4215,298.981,32.3963],"t":[53.9953,158.871,-119.058],"timeVisible":9.60814,"type":"right","wrist":[-32.8154,274.833,70.4997]}],"id":1159296,"interactionBox":{"center":[0,200,0],"size":[235.247,235.247,147.751]},"pointables":[{"bases":[[[0.378769,0.83709,0.394734],[-0.825807,0.113135,0.552489],[0.417824,-0.535239,0.734127]],[[0.148,0.98881,0.0187338],[-0.863636,0.119988,0.489628],[0.481901,-0.0886441,0.87173]],[[0.148,0.98881,0.0187338],[-0.986636,0.148927,-0.0660998],[-0.0681501,-0.00870063,0.997637]],[[0.148,0.98881,0.0187338],[-0.988628,0.147409,0.0297635],[0.026669,-0.0229257,0.999381]]],"btipPosition":[-82.8512,269.116,-34.0045],"carpPosition":[-60.7377,263.915,65.82],"dipPosition":[-82.2338,268.585,-10.869],"direction":[0.0681501,0.00870063,-0.997637],"extended":false,"handId":354,"id":3540,"length":51.5512,"mcpPosition":[-60.7377,263.915,65.82],"pipPosition":[-84.5322,268.292,22.7772],"stabilizedTipPosition":[-89.5265,263.47,-18.1959],"timeVisible":9.60814,"tipPosition":[-83.785,269.208,-28.397],"tipVelocity":[162.742,133.514,-262.672],"tool":false,"touchDistance":-0.3623,"touchZone":"hovering","type":0,"width":20.0304},{"bases":[[[0.988541,0.112952,-0.100148],[-0.0521231,0.87802,0.475778],[0.141672,-0.465106,0.873845]],[[0.976161,0.145314,-0.161226],[-0.0930526,0.951269,0.293987],[0.19609,-0.271976,0.942114]],[[0.976161,0.145314,-0.161226],[-0.135967,0.988403,0.0676246],[0.169183,-0.044091,0.984598]],[[0.976161,0.145314,-0.161226],[-0.163331,0.980997,-0.104725],[0.142944,0.128562,0.981345]]],"btipPosition":[-78.245,330.118,-74.5086],"carpPosition":[-53.1415,285.832,69.2444],"dipPosition":[-75.8292,332.29,-57.9235],"direction":[-0.169183,0.044091,-0.984598],"extended":true,"handId":354,"id":3541,"length":58.1698,"mcpPosition":[-63.4512,319.678,5.65309],"pipPosition":[-71.7843,331.236,-34.3835],"stabilizedTipPosition":[-80.0451,325.791,-62.2948],"timeVisible":9.60814,"tipPosition":[-77.2742,328.454,-70.4504],"tipVelocity":[88.7678,185.006,-282.361],"tool":false,"touchDistance":-0.075327,"touchZone":"hovering","type":1,"width":19.133},{"bases":[[[0.992897,-0.102271,-0.0607986],[0.118875,0.874051,0.471067],[0.00496441,-0.474949,0.88]],[[0.992657,-0.115319,-0.0365283],[0.0739596,0.817541,-0.571102],[0.0957222,0.564206,0.820066]],[[0.992657,-0.115319,-0.0365283],[-0.0869951,-0.470742,-0.877971],[0.0840513,0.874702,-0.477317]],[[0.992657,-0.115319,-0.0365283],[-0.120948,-0.94095,-0.316203],[0.00209284,0.318299,-0.947988]]],"btipPosition":[-48.7107,264.298,-0.451811],"carpPosition":[-41.4011,288.942,68.3297],"dipPosition":[-48.6717,270.215,-18.0732],"direction":[-0.0840513,-0.874702,0.477317],"extended":false,"handId":354,"id":3542,"length":66.2798,"mcpPosition":[-41.7437,321.719,7.59965],"pipPosition":[-46.3075,294.819,-31.4992],"stabilizedTipPosition":[-52.1538,261.005,4.56195],"timeVisible":9.60814,"tipPosition":[-48.6748,265.481,-3.3821],"tipVelocity":[97.6792,136.241,-277.925],"tool":false,"touchDistance":0.333333,"touchZone":"none","type":2,"width":18.7912},{"bases":[[[0.971,-0.236646,0.0340264],[0.189607,0.848925,0.493332],[-0.145631,-0.472574,0.869175]],[[0.96795,-0.24589,0.0511055],[0.226874,0.768839,-0.597842],[0.107711,0.590275,0.799984]],[[0.96795,-0.24589,0.0511055],[-0.0815513,-0.500199,-0.862062],[0.237535,0.830265,-0.50422]],[[0.96795,-0.24589,0.0511055],[-0.218861,-0.925683,-0.308564],[0.12318,0.287489,-0.94983]]],"btipPosition":[-33.8152,263.999,9.46042],"carpPosition":[-29.293,288.869,67.2999],"dipPosition":[-31.5387,269.312,-8.09375],"direction":[-0.237535,-0.830265,0.50422],"extended":false,"handId":354,"id":3543,"length":63.7298,"mcpPosition":[-20.2696,318.15,13.4452],"pipPosition":[-25.0299,292.063,-21.9102],"stabilizedTipPosition":[-35.3534,261.971,11.0728],"timeVisible":9.60814,"tipPosition":[-33.2079,264.795,5.73625],"tipVelocity":[95.7102,148.455,-241.051],"tool":false,"touchDistance":0.333333,"touchZone":"none","type":3,"width":17.881},{"bases":[[[0.902853,-0.426743,0.0524117],[0.324708,0.756675,0.567457],[-0.281817,-0.495312,0.821733]],[[0.813694,-0.529332,0.240227],[0.575977,0.678423,-0.456062],[0.0784326,0.509461,0.856912]],[[0.813694,-0.529332,0.240227],[-0.0117658,-0.428177,-0.903618],[0.581174,0.732443,-0.354633]],[[0.813694,-0.529332,0.240227],[-0.401972,-0.81091,-0.425257],[0.419905,0.249465,-0.872609]]],"btipPosition":[-22.3496,273.88,9.75413],"carpPosition":[-17.3672,281.713,65.1181],"dipPosition":[-15.1903,278.134,-5.12376],"direction":[-0.581174,-0.732443,0.354633],"extended":false,"handId":354,"id":3544,"length":49.963,"mcpPosition":[-1.20321,310.123,17.9864],"pipPosition":[-3.94646,292.304,-11.9847],"stabilizedTipPosition":[-22.5151,271.926,11.7176],"timeVisible":9.60814,"tipPosition":[-20.996,274.361,7.07798],"tipVelocity":[97.5947,155.69,-252.608],"tool":false,"touchDistance":0.333333,"touchZone":"none","type":4,"width":15.8833}],"r":[[0.823766,0.15711,0.544726],[-0.309858,0.929396,0.200529],[-0.474761,-0.333977,0.814286]],"s":1.12853,"t":[53.9953,158.871,-119.058],"timestamp":15256113482},false],[5,{"currentFrameRate":110.07,"devices":[],"gestures":[{"center":[-145.699,235.65,46.704],"duration":81353,"handIds":[354],"id":2,"normal":[0.72062,-0.178546,0.669947],"pointableIds":[3540],"progress":0.850565,"radius":37.3801,"state":"update","type":"circle"}],"hands":[{"armBasis":[[0.976109,0.0966006,-0.194625],[-0.0207874,0.933143,0.358903],[0.216283,-0.346283,0.912858]],"armWidth":63.029,"confidence":0.492232,"direction":[0.0228024,0.604646,-0.796168],"elbow":[25.3333,183.848,312.835],"grabStrength":0,"id":354,"palmNormal":[0.0282397,-0.796447,-0.604049],"palmPosition":[-38.6263,305.158,23.6627],"palmVelocity":[72.9105,163.754,-227.242],"palmWidth":90.0033,"pinchStrength":0.553424,"r":[[0.82152,0.160526,0.547116],[-0.312931,0.929059,0.197291],[-0.476633,-0.333288,0.813474]],"s":1.12867,"sphereCenter":[-48.4523,282.778,-18.1711],"sphereRadius":46.1317,"stabilizedPalmPosition":[-40.932,300.063,30.8669],"t":[54.585,160.303,-120.979],"timeVisible":9.61735,"type":"right","wrist":[-32.4299,276.33,69.0364]}],"id":1159297,"interactionBox":{"center":[0,200,0],"size":[235.247,235.247,147.751]},"pointables":[{"bases":[[[0.381323,0.833854,0.399099],[-0.825792,0.1132,0.552498],[0.415524,-0.540253,0.731756]],[[0.152274,0.988018,0.0251628],[-0.863439,0.120599,0.489826],[0.480922,-0.0963141,0.871457]],[[0.152274,0.988018,0.0251628],[-0.98606,0.153601,-0.0639718],[-0.0670703,-0.0150708,0.997634]],[[0.152274,0.988018,0.0251628],[-0.988289,0.151963,0.0138503],[0.00986053,-0.0269771,0.999587]]],"btipPosition":[-82.0981,271.418,-35.531],"carpPosition":[-60.3857,265.53,64.2847],"dipPosition":[-81.8699,270.794,-12.3907],"direction":[0.0670703,0.0150708,-0.997634],"extended":false,"handId":354,"id":3540,"length":51.5512,"mcpPosition":[-60.3857,265.53,64.2847],"pipPosition":[-84.1319,270.285,21.2554],"stabilizedTipPosition":[-88.452,264.591,-19.9214],"timeVisible":9.61735,"tipPosition":[-83.1148,271.426,-29.9352],"tipVelocity":[137.367,165.481,-235.529],"tool":false,"touchDistance":-0.377284,"touchZone":"hovering","type":0,"width":20.0304},{"bases":[[[0.988983,0.110107,-0.0989424],[-0.049483,0.875838,0.480061],[0.139516,-0.469876,0.871637]],[[0.976698,0.142933,-0.160096],[-0.0891231,0.948719,0.303296],[0.195237,-0.281961,0.939351]],[[0.976698,0.142933,-0.160096],[-0.130778,0.987838,0.0840965],[0.170169,-0.0611999,0.983513]],[[0.976698,0.142933,-0.160096],[-0.157689,0.983948,-0.0835495],[0.145584,0.106848,0.983559]]],"btipPosition":[-77.6965,333.237,-75.6644],"carpPosition":[-52.7179,287.403,67.8219],"dipPosition":[-75.2361,335.043,-59.042],"direction":[-0.170169,0.0611999,-0.983513],"extended":true,"handId":354,"id":3541,"length":58.1698,"mcpPosition":[-62.8707,321.597,4.39131],"pipPosition":[-71.1676,333.58,-35.5278],"stabilizedTipPosition":[-79.447,327.404,-64.2541],"timeVisible":9.61735,"tipPosition":[-76.7336,331.514,-71.6502],"tipVelocity":[80.9109,225.498,-238.211],"tool":false,"touchDistance":-0.0944478,"touchZone":"hovering","type":1,"width":19.133},{"bases":[[[0.992587,-0.10532,-0.0606507],[0.121504,0.871316,0.475443],[0.00277215,-0.479288,0.877653]],[[0.992282,-0.118573,-0.0362856],[0.0773819,0.820777,-0.565984],[0.0968926,0.558808,0.823617]],[[0.992282,-0.118573,-0.0362856],[-0.0877397,-0.464601,-0.881162],[0.0876235,0.877545,-0.471419]],[[0.992282,-0.118573,-0.0362856],[-0.123931,-0.938479,-0.322333],[0.00416664,0.324342,-0.945931]]],"btipPosition":[-48.3196,266.2,-2.0628],"carpPosition":[-40.9665,290.479,66.9303],"dipPosition":[-48.2421,272.229,-19.646],"direction":[-0.0876235,-0.877545,0.471419],"extended":false,"handId":354,"id":3542,"length":66.2798,"mcpPosition":[-41.1578,323.555,6.36213],"pipPosition":[-45.7775,296.912,-32.9061],"stabilizedTipPosition":[-51.6129,261.929,3.064],"timeVisible":9.61735,"tipPosition":[-48.2752,267.409,-5.00518],"tipVelocity":[82.4986,156.699,-248.848],"tool":false,"touchDistance":0.333333,"touchZone":"none","type":2,"width":18.7912},{"bases":[[[0.970174,-0.240085,0.0334971],[0.192136,0.845842,0.49763],[-0.147807,-0.476352,0.866742]],[[0.967004,-0.249618,0.0509247],[0.230775,0.773609,-0.590146],[0.107916,0.582426,0.805689]],[[0.967004,-0.249618,0.0509247],[-0.0812462,-0.491621,-0.867011],[0.241457,0.834266,-0.49568]],[[0.967004,-0.249618,0.0509247],[-0.221444,-0.92241,-0.31642],[0.125958,0.294703,-0.947251]]],"btipPosition":[-33.4133,265.838,7.68554],"carpPosition":[-28.858,290.37,65.9081],"dipPosition":[-31.0854,271.285,-9.82098],"direction":[-0.241457,-0.834266,0.49568],"extended":false,"handId":354,"id":3543,"length":63.7298,"mcpPosition":[-19.6998,319.885,12.2041],"pipPosition":[-24.4691,294.145,-23.4034],"stabilizedTipPosition":[-34.8387,263.035,9.53149],"timeVisible":9.61735,"tipPosition":[-32.8061,266.675,4.04531],"tipVelocity":[81.5013,163.747,-227.212],"tool":false,"touchDistance":0.333333,"touchZone":"none","type":3,"width":17.881},{"bases":[[[0.901374,-0.430039,0.0509015],[0.326876,0.752773,0.571389],[-0.284037,-0.498397,0.819099]],[[0.811508,-0.533438,0.238534],[0.578882,0.678226,-0.452665],[0.0796888,0.505424,0.859184]],[[0.811508,-0.533438,0.238534],[-0.012868,-0.424425,-0.905372],[0.5842,0.731647,-0.351288]],[[0.811508,-0.533438,0.238534],[-0.404817,-0.807601,-0.428841],[0.4214,0.251446,-0.871319]]],"btipPosition":[-21.938,275.651,8.31978],"carpPosition":[-16.955,283.185,63.6988],"dipPosition":[-14.7531,279.939,-6.53611],"direction":[-0.5842,-0.731647,0.351288],"extended":false,"handId":354,"id":3544,"length":49.963,"mcpPosition":[-0.66363,311.771,16.7182],"pipPosition":[-3.45081,294.094,-13.3324],"stabilizedTipPosition":[-22.012,272.989,10.1801],"timeVisible":9.61735,"tipPosition":[-20.5694,276.147,5.61865],"tipVelocity":[82.9716,166.204,-225.36],"tool":false,"touchDistance":0.333333,"touchZone":"none","type":4,"width":15.8833}],"r":[[0.82152,0.160526,0.547116],[-0.312931,0.929059,0.197291],[-0.476633,-0.333288,0.813474]],"s":1.12867,"t":[54.585,160.303,-120.979],"timestamp":15256122688},false],[6,{"currentFrameRate":110.295,"devices":[],"gestures":[{"center":[-145.699,235.65,46.704],"duration":81353,"handIds":[354],"id":2,"normal":[0.72062,-0.178546,0.669947],"pointableIds":[3540],"progress":0.850565,"radius":37.3801,"state":"update","type":"circle"}],"hands":[{"armBasis":[[0.976849,0.0940576,-0.192143],[-0.0209389,0.935886,0.351681],[0.212902,-0.339516,0.916189]],"armWidth":63.029,"confidence":0.53655,"direction":[0.0243163,0.607297,-0.794102],"elbow":[24.7631,187.044,312.53],"grabStrength":0,"id":354,"palmNormal":[0.0291984,-0.79443,-0.606654],"palmPosition":[-38.2082,306.7,22.553],"palmVelocity":[66.3484,167.499,-200.854],"palmWidth":90.0033,"pinchStrength":0.553383,"r":[[0.819521,0.162869,0.549417],[-0.315423,0.928657,0.195201],[-0.478428,-0.33327,0.812427]],"s":1.12963,"sphereCenter":[-48.3548,284.685,-19.3374],"sphereRadius":46.1838,"stabilizedPalmPosition":[-40.505,301.103,29.5636],"t":[55.0889,161.79,-122.494],"timeVisible":9.62602,"type":"right","wrist":[-32.0972,277.72,67.8412]}],"id":1159298,"interactionBox":{"center":[0,200,0],"size":[235.247,235.247,147.751]},"pointables":[{"bases":[[[0.380736,0.832457,0.402561],[-0.82676,0.111485,0.551397],[0.414135,-0.542758,0.730689]],[[0.152706,0.987839,0.0292389],[-0.864157,0.119115,0.488921],[0.479493,-0.0999283,0.871838]],[[0.152706,0.987839,0.0292389],[-0.985959,0.154305,-0.063839],[-0.0675743,-0.0190797,0.997532]],[[0.152706,0.987839,0.0292389],[-0.988271,0.152606,0.00565489],[0.0011241,-0.0297595,0.999556]]],"btipPosition":[-81.4687,273.206,-36.8267],"carpPosition":[-60.0461,266.939,63.0036],"dipPosition":[-81.4427,272.517,-13.6872],"direction":[0.0675743,0.0190797,-0.997532],"extended":false,"handId":354,"id":3540,"length":51.5512,"mcpPosition":[-60.0461,266.939,63.0036],"pipPosition":[-83.7217,271.873,19.9555],"stabilizedTipPosition":[-87.5077,265.733,-21.4863],"timeVisible":9.62602,"tipPosition":[-82.5125,273.174,-31.2424],"tipVelocity":[118.718,175.863,-212.652],"tool":false,"touchDistance":-0.387328,"touchZone":"hovering","type":0,"width":20.0304},{"bases":[[[0.989175,0.110282,-0.0968076],[-0.0502081,0.874238,0.482894],[0.137887,-0.472806,0.870311]],[[0.976891,0.143565,-0.158342],[-0.0883711,0.945842,0.312368],[0.194611,-0.291157,0.936672]],[[0.976891,0.143565,-0.158342],[-0.128552,0.986511,0.101344],[0.170755,-0.078647,0.98217]],[[0.976891,0.143565,-0.158342],[-0.154773,0.986076,-0.0608198],[0.147405,0.0839214,0.985509]]],"btipPosition":[-77.2597,336.042,-76.6493],"carpPosition":[-52.3814,288.8,66.6275],"dipPosition":[-74.7685,337.46,-59.9939],"direction":[-0.170755,0.078647,-0.98217],"extended":true,"handId":354,"id":3541,"length":58.1698,"mcpPosition":[-62.4157,323.207,3.29339],"pipPosition":[-70.686,335.58,-36.5119],"stabilizedTipPosition":[-78.8974,329.189,-65.9591],"timeVisible":9.62602,"tipPosition":[-76.2913,334.228,-72.6802],"tipVelocity":[73.0132,248.854,-204.846],"tool":false,"touchDistance":-0.120929,"touchZone":"hovering","type":1,"width":19.133},{"bases":[[[0.992678,-0.105273,-0.059229],[0.120786,0.869704,0.478566],[0.00113162,-0.482216,0.876052]],[[0.992322,-0.118708,-0.0347245],[0.0785267,0.821601,-0.564629],[0.0955554,0.557567,0.824614]],[[0.992322,-0.118708,-0.0347245],[-0.0862881,-0.463317,-0.881982],[0.0886095,0.878206,-0.470002]],[[0.992322,-0.118708,-0.0347245],[-0.123538,-0.937773,-0.324532],[0.00596068,0.32633,-0.945237]]],"btipPosition":[-47.8651,267.803,-3.21569],"carpPosition":[-40.6279,291.876,65.7671],"dipPosition":[-47.7543,273.869,-20.786],"direction":[-0.0886095,-0.878206,0.470002],"extended":false,"handId":354,"id":3542,"length":66.2798,"mcpPosition":[-40.706,325.155,5.3095],"pipPosition":[-45.2619,298.571,-34.0062],"stabilizedTipPosition":[-51.1412,262.838,1.77374],"timeVisible":9.62602,"tipPosition":[-47.8149,269.038,-6.2427],"tipVelocity":[74.7378,164.474,-217.95],"tool":false,"touchDistance":0.333333,"touchZone":"none","type":2,"width":18.7912},{"bases":[[[0.970076,-0.240348,0.0344281],[0.191374,0.844145,0.500794],[-0.149427,-0.47922,0.864882]],[[0.966789,-0.250177,0.0522514],[0.232754,0.777418,-0.584334],[0.105566,0.577089,0.80983]],[[0.966789,-0.250177,0.0522514],[-0.078667,-0.485816,-0.870514],[0.243167,0.837493,-0.489363]],[[0.966789,-0.250177,0.0522514],[-0.220821,-0.920608,-0.322054],[0.128673,0.29982,-