{"sensorType":"Leap","data":[[0,{"currentFrameRate":108.829,"devices":[],"gestures":[],"hands":[{"armBasis":[[0.942277,0.252174,-0.220278],[-0.152515,0.908907,0.388106],[0.298083,-0.332108,0.894903]],"armWidth":63.029,"confidence":0.912089,"direction":[-0.0174165,0.614123,-0.789018],"elbow":[70.6775,150.508,317.767],"grabStrength":0.082534,"id":355,"palmNormal":[0.153128,-0.77819,-0.609075],"palmPosition":[-16.6582,267.691,33.4087],"palmVelocity":[67.7371,178.424,-128.523],"palmWidth":90.0033,"pinchStrength":0.37225,"r":[[0.879266,0.165825,0.446536],[-0.250637,0.958242,0.137673],[-0.40506,-0.23297,0.884111]],"s":1.09979,"sphereCenter":[-27.1781,246.481,-9.00217],"sphereRadius":47.4953,"stabilizedPalmPosition":[-17.2695,265.952,34.8674],"t":[51.2321,106.952,-64.0068],"timeVisible":3.75125,"type":"right","wrist":[-8.93225,239.204,78.7632]}],"id":1160514,"interactionBox":{"center":[0,200,0],"size":[235.247,235.247,147.751]},"pointables":[{"bases":[[[0.25723,0.868756,0.423197],[-0.856863,0.00257419,0.515538],[0.446787,-0.495234,0.745067]],[[0.0427276,0.996902,0.0660387],[-0.833659,-0.000854179,0.552279],[0.550624,-0.0786513,0.83104]],[[0.0427276,0.996902,0.0660387],[-0.998949,0.0437273,-0.0137677],[-0.0166127,-0.065381,0.997722]],[[0.0427276,0.996902,0.0660387],[-0.983366,0.0302838,0.17909],[0.176535,-0.0725923,0.981614]]],"btipPosition":[-65.8138,232.875,-24.7493],"carpPosition":[-35.0995,225.106,72.6576],"dipPosition":[-61.727,231.195,-2.02508],"direction":[0.0166127,0.065381,-0.997722],"extended":false,"handId":355,"id":3550,"length":51.5512,"mcpPosition":[-35.0995,225.106,72.6576],"pipPosition":[-62.2873,228.99,31.624],"stabilizedTipPosition":[-65.9032,230.444,-18.0259],"timeVisible":3.75125,"tipPosition":[-64.8062,232.037,-19.4993],"tipVelocity":[88.2815,178.964,-118.924],"tool":false,"touchDistance":-0.442354,"touchZone":"touching","type":0,"width":20.0304},{"bases":[[[0.971102,0.232675,-0.0531345],[-0.178589,0.856113,0.48495],[0.158325,-0.461447,0.872926]],[[0.957523,0.26463,-0.114547],[-0.182536,0.863772,0.469658],[0.223228,-0.428799,0.875386]],[[0.957523,0.26463,-0.114547],[-0.261402,0.964289,0.0426151],[0.121734,-0.0108621,0.992503]],[[0.957523,0.26463,-0.114547],[-0.287477,0.907075,-0.307525],[0.0225224,0.327392,0.94462]]],"btipPosition":[-54.662,294.236,-63.69],"carpPosition":[-30.3629,247.706,76.7287],"dipPosition":[-54.2814,299.769,-47.7256],"direction":[-0.121734,0.0108621,-0.992503],"extended":true,"handId":355,"id":3551,"length":58.1698,"mcpPosition":[-41.8845,281.286,13.2043],"pipPosition":[-51.3709,299.509,-23.9966],"stabilizedTipPosition":[-54.7279,293.67,-58.7896],"timeVisible":3.75125,"tipPosition":[-53.9431,293.573,-59.5676],"tipVelocity":[32.5714,246.779,-136.498],"tool":false,"touchDistance":-0.475151,"touchZone":"touching","type":1,"width":19.133},{"bases":[[[0.999685,0.0188143,-0.0165988],[-0.00832273,0.872786,0.488033],[0.0236692,-0.487741,0.872668]],[[0.999965,0.00752657,0.0035927],[-0.00404723,0.81458,-0.580038],[-0.00729223,0.580003,0.814582]],[[0.999965,0.00752657,0.0035927],[0.00585681,-0.327048,-0.94499],[-0.00593755,0.944978,-0.32708]],[[0.999965,0.00752657,0.0035927],[0.00825716,-0.832865,-0.553414],[-0.00117308,0.553424,-0.832899]]],"btipPosition":[-20.1523,221.359,2.01725],"carpPosition":[-19.0553,252.22,76.3965],"dipPosition":[-20.1741,231.646,-13.4649],"direction":[0.00593755,-0.944978,0.32708],"extended":false,"handId":355,"id":3552,"length":66.2798,"mcpPosition":[-20.6888,285.88,16.1724],"pipPosition":[-20.3411,258.226,-22.665],"stabilizedTipPosition":[-20.895,221.504,0.119692],"timeVisible":3.75125,"tipPosition":[-20.1156,223.172,-1.63437],"tipVelocity":[63.6855,177.475,-119.501],"tool":false,"touchDistance":0.333333,"touchZone":"none","type":2,"width":18.7912},{"bases":[[[0.990036,-0.119014,0.0752599],[0.0638803,0.855907,0.51317],[-0.12549,-0.503249,0.854981]],[[0.98837,-0.125368,0.0860649],[0.151909,0.788258,-0.596299],[0.00691536,0.602438,0.798136]],[[0.98837,-0.125368,0.0860649],[0.0358025,-0.358213,-0.932953],[0.147792,0.925185,-0.349558]],[[0.98837,-0.125368,0.0860649],[-0.0587242,-0.836733,-0.544453],[0.14027,0.533067,-0.834364]]],"btipPosition":[-6.16586,222.974,12.6719],"carpPosition":[-6.99354,253.621,75.9222],"dipPosition":[-3.57347,232.826,-2.74829],"direction":[-0.147792,-0.925185,0.349558],"extended":false,"handId":355,"id":3553,"length":63.7298,"mcpPosition":[0.781897,284.802,22.9469],"pipPosition":[0.476272,258.177,-12.3267],"stabilizedTipPosition":[-6.19443,223.506,10.5331],"timeVisible":3.75125,"tipPosition":[-5.68183,224.819,8.69286],"tipVelocity":[69.8387,177.556,-122.432],"tool":false,"touchDistance":0.333333,"touchZone":"none","type":3,"width":17.881},{"bases":[[[0.944603,-0.316233,0.0878769],[0.20575,0.77913,0.592134],[-0.25572,-0.541251,0.801034]],[[0.85676,-0.43581,0.275738],[0.515707,0.726997,-0.453346],[-0.00288853,0.530609,0.847612]],[[0.85676,-0.43581,0.275738],[0.148154,-0.304141,-0.941036],[0.493976,0.847094,-0.196009]],[[0.85676,-0.43581,0.275738],[-0.17723,-0.750921,-0.636166],[0.484305,0.496172,-0.720598]]],"btipPosition":[2.74723,235.629,14.6791],"carpPosition":[5.79317,247.991,74.1912],"dipPosition":[11.0046,244.088,2.39301],"direction":[-0.493976,-0.847094,0.196009],"extended":false,"handId":355,"id":3554,"length":49.963,"mcpPosition":[20.4604,279.035,28.2468],"pipPosition":[20.5614,260.477,-1.39911],"stabilizedTipPosition":[4.0969,235.917,13.242],"timeVisible":3.75125,"tipPosition":[4.64917,237.161,11.3348],"tipVelocity":[66.2081,177.944,-125.122],"tool":false,"touchDistance":0.333333,"touchZone":"none","type":4,"width":15.8833}],"r":[[0.879266,0.165825,0.446536],[-0.250637,0.958242,0.137673],[-0.40506,-0.23297,0.884111]],"s":1.09979,"t":[51.2321,106.952,-64.0068],"timestamp":15267321176},false],[1,{"currentFrameRate":109,"devices":[],"gestures":[],"hands":[{"armBasis":[[0.943048,0.256976,-0.211243],[-0.155432,0.901825,0.403177],[0.294111,-0.347382,0.890407]],"armWidth":63.029,"confidence":0.91993,"direction":[-0.0202226,0.617017,-0.78669],"elbow":[70.1527,147.501,315.728],"grabStrength":0.064348,"id":355,"palmNormal":[0.155157,-0.775381,-0.612136],"palmPosition":[-16.2606,268.907,32.6855],"palmVelocity":[61.5304,167.231,-115.791],"palmWidth":90.0033,"pinchStrength":0.38095,"r":[[0.879271,0.166698,0.446201],[-0.251631,0.957937,0.137977],[-0.404432,-0.233597,0.884233]],"s":1.10194,"sphereCenter":[-26.8336,247.88,-9.79564],"sphereRadius":47.5494,"stabilizedPalmPosition":[-16.8257,267.252,33.9076],"t":[51.6864,108.294,-65.001],"timeVisible":3.76012,"type":"right","wrist":[-8.39618,240.277,77.9254]}],"id":1160515,"interactionBox":{"center":[0,200,0],"size":[235.247,235.247,147.751]},"pointables":[{"bases":[[[0.254718,0.86802,0.426216],[-0.856378,-0.00223516,0.516345],[0.449151,-0.496524,0.742783]],[[0.0398427,0.996723,0.0703952],[-0.831581,-0.00598258,0.555371],[0.553972,-0.0806668,0.828618]],[[0.0398427,0.996723,0.0703952],[-0.99909,0.0408112,-0.0123726],[-0.0152049,-0.0698382,0.997442]],[[0.0398427,0.996723,0.0703952],[-0.988214,0.0288855,0.150326],[0.1478,-0.075555,0.986127]]],"btipPosition":[-64.7836,234.201,-25.591],"carpPosition":[-34.5218,226.114,71.7914],"dipPosition":[-61.3621,232.452,-2.76231],"direction":[0.0152049,0.0698382,-0.997442],"extended":false,"handId":355,"id":3550,"length":51.5512,"mcpPosition":[-34.5218,226.114,71.7914],"pipPosition":[-61.8749,230.097,30.8773],"stabilizedTipPosition":[-65.0765,231.899,-19.0296],"timeVisible":3.76012,"tipPosition":[-64.0787,233.368,-20.2875],"tipVelocity":[91.1657,170.501,-111.682],"tool":false,"touchDistance":-0.438717,"touchZone":"touching","type":0,"width":20.0304},{"bases":[[[0.970266,0.23613,-0.0531685],[-0.180998,0.853683,0.488329],[0.160698,-0.464185,0.871039]],[[0.956502,0.268306,-0.114521],[-0.184602,0.860652,0.474552],[0.225888,-0.43277,0.872746]],[[0.956502,0.268306,-0.114521],[-0.263059,0.962974,0.0589949],[0.126109,-0.0263031,0.991668]],[[0.956502,0.268306,-0.114521],[-0.290329,0.913864,-0.283834],[0.0285018,0.304736,0.95201]]],"btipPosition":[-54.6476,296.363,-64.3312],"carpPosition":[-29.8572,248.714,75.9429],"dipPosition":[-54.1659,301.514,-48.2419],"direction":[-0.126109,0.0263031,-0.991668],"extended":true,"handId":355,"id":3551,"length":58.1698,"mcpPosition":[-41.5514,282.493,12.5559],"pipPosition":[-51.1509,300.885,-24.5328],"stabilizedTipPosition":[-54.629,295.678,-59.7428],"timeVisible":3.76012,"tipPosition":[-53.9108,295.634,-60.2162],"tipVelocity":[24.8908,242.241,-118.216],"tool":false,"touchDistance":-0.465156,"touchZone":"touching","type":1,"width":19.133},{"bases":[[[0.9996,0.0222304,-0.0174631],[-0.0107852,0.870915,0.491315],[0.026131,-0.49093,0.870807]],[[0.999939,0.0105344,0.00327694],[-0.00670971,0.816484,-0.577329],[-0.00875738,0.577271,0.816505]],[[0.999939,0.0105344,0.00327694],[0.00651973,-0.324648,-0.945813],[-0.00889972,0.945776,-0.324697]],[[0.999939,0.0105344,0.00327694],[0.0105805,-0.831581,-0.555303],[-0.00312475,0.555304,-0.831641]]],"btipPosition":[-19.6425,222.699,1.18406],"carpPosition":[-18.5651,253.267,75.617],"dipPosition":[-19.7006,233.021,-14.2747],"direction":[0.00889972,-0.945776,0.324697],"extended":false,"handId":355,"id":3552,"length":66.2798,"mcpPosition":[-20.3684,287.147,15.5214],"pipPosition":[-19.9509,259.624,-23.4077],"stabilizedTipPosition":[-20.4281,222.849,-0.819011],"timeVisible":3.76012,"tipPosition":[-19.6101,224.535,-2.48327],"tipVelocity":[61.7524,170.57,-112.413],"tool":false,"touchDistance":0.333333,"touchZone":"none","type":2,"width":18.7912},{"bases":[[[0.9905,-0.115973,0.0738864],[0.0614978,0.854185,0.51632],[-0.122992,-0.506872,0.853202]],[[0.989069,-0.121613,0.0833863],[0.147322,0.791036,-0.593765],[0.00624771,0.59956,0.800306]],[[0.989069,-0.121613,0.0833863],[0.0351236,-0.354921,-0.934236],[0.14321,0.926953,-0.34677]],[[0.989069,-0.121613,0.0833863],[-0.0565646,-0.835161,-0.547089],[0.136174,0.536392,-0.832911]]],"btipPosition":[-5.60483,224.305,11.7975],"carpPosition":[-6.5085,254.71,75.1368],"dipPosition":[-3.08814,234.218,-3.59582],"direction":[-0.14321,-0.926953,0.34677],"extended":false,"handId":355,"id":3553,"length":63.7298,"mcpPosition":[1.11217,286.116,22.2717],"pipPosition":[0.836052,259.618,-13.0979],"stabilizedTipPosition":[-5.71249,224.776,9.59433],"timeVisible":3.76012,"tipPosition":[-5.14425,226.176,7.82497],"tipVelocity":[67.5257,170.543,-115.785],"tool":false,"touchDistance":0.333333,"touchZone":"none","type":3,"width":17.881},{"bases":[[[0.94574,-0.31339,0.0858051],[0.203699,0.777589,0.594863],[-0.253145,-0.545108,0.799234]],[[0.858464,-0.433977,0.273319],[0.512859,0.730319,-0.451232],[-0.00378561,0.52754,0.849521]],[[0.858464,-0.433977,0.273319],[0.148134,-0.300394,-0.942242],[0.491014,0.849369,-0.193591]],[[0.858464,-0.433977,0.273319],[-0.175482,-0.749294,-0.638564],[0.481918,0.500222,-0.719398]]],"btipPosition":[3.23111,236.983,13.8298],"carpPosition":[6.29536,249.13,73.3726],"dipPosition":[11.4478,245.511,1.56412],"direction":[-0.491014,-0.849369,0.193591],"extended":false,"handId":355,"id":3554,"length":49.963,"mcpPosition":[20.8149,280.395,27.5314],"pipPosition":[20.9473,261.944,-2.18123],"stabilizedTipPosition":[4.52322,237.177,12.3123],"timeVisible":3.76012,"tipPosition":[5.12593,238.538,10.4923],"tipVelocity":[62.7667,171.588,-117.025],"tool":false,"touchDistance":0.333333,"touchZone":"none","type":4,"width":15.8833}],"r":[[0.879271,0.166698,0.446201],[-0.251631,0.957937,0.137977],[-0.404432,-0.233597,0.884233]],"s":1.10194,"t":[51.6864,108.294,-65.001],"timestamp":15267330043},false],[2,{"currentFrameRate":108.998,"devices":[],"gestures":[],"hands":[{"armBasis":[[0.944376,0.259706,-0.201758],[-0.160727,0.899715,0.405808],[0.286915,-0.350807,0.891411]],"armWidth":63.029,"confidence":0.916277,"direction":[-0.0235454,0.619342,-0.784768],"elbow":[68.6964,147.911,315.095],"grabStrength":0.0461396,"id":355,"palmNormal":[0.159788,-0.772563,-0.614503],"palmPosition":[-15.9466,270.328,31.8709],"palmVelocity":[53.9024,163.757,-108.241],"palmWidth":90.0033,"pinchStrength":0.387781,"r":[[0.879054,0.16813,0.44609],[-0.253535,0.957316,0.138802],[-0.403712,-0.235114,0.88416]],"s":1.10397,"sphereCenter":[-26.4553,249.422,-10.6796],"sphereRadius":47.6073,"stabilizedPalmPosition":[-16.4344,268.621,33.0011],"t":[52.0706,109.676,-65.9054],"timeVisible":3.7693,"type":"right","wrist":[-7.93065,241.602,77.0238]}],"id":1160516,"interactionBox":{"center":[0,200,0],"size":[235.247,235.247,147.751]},"pointables":[{"bases":[[[0.249601,0.868136,0.428997],[-0.856498,-0.00876866,0.516076],[0.451786,-0.496249,0.741368]],[[0.0341442,0.996703,0.0736018],[-0.830354,-0.012693,0.557091],[0.556189,-0.080137,0.827183]],[[0.0341442,0.996703,0.0736018],[-0.999328,0.0350319,-0.0108035],[-0.0133463,-0.0731835,0.997229]],[[0.0341442,0.996703,0.0736018],[-0.991966,0.0248216,0.124047],[0.121811,-0.077246,0.989543]]],"btipPosition":[-63.805,235.522,-26.5456],"carpPosition":[-33.9727,227.308,70.8378],"dipPosition":[-60.9851,233.733,-3.63791],"direction":[0.0133463,0.0731835,-0.997229],"extended":false,"handId":355,"id":3550,"length":51.5512,"mcpPosition":[-33.9727,227.308,70.8378],"pipPosition":[-61.4352,231.265,29.9945],"stabilizedTipPosition":[-64.2223,233.327,-20.0294],"timeVisible":3.7693,"tipPosition":[-63.3394,234.714,-21.2043],"tipVelocity":[91.2736,162.791,-108.989],"tool":false,"touchDistance":-0.437226,"touchZone":"touching","type":0,"width":20.0304},{"bases":[[[0.968907,0.241868,-0.052138],[-0.186043,0.851101,0.490933],[0.163116,-0.465968,0.869636]],[[0.954973,0.274163,-0.113405],[-0.189474,0.857694,0.477975],[0.22831,-0.434966,0.871022]],[[0.954973,0.274163,-0.113405],[-0.267103,0.960849,0.073654],[0.129159,-0.0400467,0.990815]],[[0.954973,0.274163,-0.113405],[-0.294905,0.919025,-0.26158],[0.0325069,0.283246,0.958496]]],"btipPosition":[-54.6492,298.486,-65.1269],"carpPosition":[-29.4392,249.922,75.0611],"dipPosition":[-54.0998,303.273,-48.928],"direction":[-0.129159,0.0400467,-0.990815],"extended":true,"handId":355,"id":3551,"length":58.1698,"mcpPosition":[-41.3095,283.831,11.7761],"pipPosition":[-51.0118,302.316,-25.2393],"stabilizedTipPosition":[-54.5719,297.779,-60.634],"timeVisible":3.7693,"tipPosition":[-53.901,297.705,-61.0147],"tipVelocity":[18.369,236.644,-108.65],"tool":false,"touchDistance":-0.458531,"touchZone":"touching","type":1,"width":19.133},{"bases":[[[0.999461,0.0280307,-0.0170906],[-0.0159326,0.869302,0.494024],[0.0287048,-0.493485,0.86928]],[[0.999863,0.0160959,0.00392324],[-0.0109115,0.817994,-0.575123],[-0.0124663,0.575001,0.818058]],[[0.999863,0.0160959,0.00392324],[0.00889715,-0.321927,-0.946723],[-0.0139754,0.946628,-0.322026]],[[0.999863,0.0160959,0.00392324],[0.0155473,-0.829819,-0.557817],[-0.005723,0.557801,-0.829955]]],"btipPosition":[-19.0605,224.187,0.244768],"carpPosition":[-18.1734,254.541,74.7528],"dipPosition":[-19.1669,234.555,-15.1826],"direction":[0.0139754,-0.946628,0.322026],"extended":false,"handId":355,"id":3552,"length":66.2798,"mcpPosition":[-20.1544,288.597,14.7626],"pipPosition":[-19.56,261.182,-24.2406],"stabilizedTipPosition":[-19.9253,224.242,-1.74907],"timeVisible":3.7693,"tipPosition":[-19.0354,226.051,-3.42217],"tipVelocity":[61.8763,168.538,-109.382],"tool":false,"touchDistance":0.333333,"touchZone":"none","type":2,"width":18.7912},{"bases":[[[0.99113,-0.110507,0.0738248],[0.0564383,0.852909,0.518999],[-0.120319,-0.510229,0.851581]],[[0.990098,-0.114733,0.0808812],[0.140322,0.792938,-0.592924],[0.00389415,0.598403,0.801186]],[[0.990098,-0.114733,0.0808812],[0.0353091,-0.354102,-0.93454],[0.135863,0.928142,-0.346545]],[[0.990098,-0.114733,0.0808812],[-0.052038,-0.83511,-0.547616],[0.130374,0.537984,-0.832812]]],"btipPosition":[-4.97459,225.847,10.9951],"carpPosition":[-6.1252,256.054,74.2807],"dipPosition":[-2.5651,235.789,-4.39643],"direction":[-0.135863,-0.928142,0.346545],"extended":false,"handId":355,"id":3553,"length":63.7298,"mcpPosition":[1.32986,287.668,21.5162],"pipPosition":[1.15776,261.222,-13.8923],"stabilizedTipPosition":[-5.18465,226.148,8.7204],"timeVisible":3.7693,"tipPosition":[-4.54312,227.754,6.99188],"tipVelocity":[67.0947,170.033,-107.856],"tool":false,"touchDistance":0.333333,"touchZone":"none","type":3,"width":17.881},{"bases":[[[0.947502,-0.308214,0.0851144],[0.199055,0.776888,0.597346],[-0.250235,-0.549044,0.797454]],[[0.860878,-0.429875,0.272208],[0.508763,0.734648,-0.448834],[-0.00703498,0.52488,0.851147]],[[0.860878,-0.429875,0.272208],[0.150038,-0.296727,-0.943102],[0.486187,0.852737,-0.190948]],[[0.860878,-0.429875,0.272208],[-0.171089,-0.7484,-0.640801],[0.479185,0.50508,-0.717828]]],"btipPosition":[3.7335,238.577,12.9276],"carpPosition":[6.71104,250.553,72.5031],"dipPosition":[11.9035,247.189,0.688701],"direction":[-0.486187,-0.852737,0.190948],"extended":false,"handId":355,"id":3554,"length":49.963,"mcpPosition":[21.0636,282.045,26.764],"pipPosition":[21.3097,263.687,-3.0055],"stabilizedTipPosition":[4.96917,238.561,11.4118],"timeVisible":3.7693,"tipPosition":[5.62016,240.157,9.5985],"tipVelocity":[60.1995,172.769,-111.61],"tool":false,"touchDistance":0.333333,"touchZone":"none","type":4,"width":15.8833}],"r":[[0.879054,0.16813,0.44609],[-0.253535,0.957316,0.138802],[-0.403712,-0.235114,0.88416]],"s":1.10397,"t":[52.0706,109.676,-65.9054],"timestamp":15267339221},false],[3,{"currentFrameRate":109.084,"devices":[],"gestures":[],"hands":[{"armBasis":[[0.947534,0.259308,-0.186919],[-0.162219,0.893936,0.417808],[0.275435,-0.365565,0.889099]],"armWidth":63.029,"confidence":0.923862,"direction":[-0.0252803,0.621662,-0.782878],"elbow":[65.8931,145.363,313.071],"grabStrength":0.0277098,"id":355,"palmNormal":[0.16075,-0.770409,-0.616952],"palmPosition":[-15.7708,271.842,30.5569],"palmVelocity":[44.4448,164.93,-118.564],"palmWidth":90.0033,"pinchStrength":0.396378,"r":[[0.878884,0.16933,0.445972],[-0.25539,0.956637,0.140077],[-0.402914,-0.237008,0.884018]],"s":1.10581,"sphereCenter":[-26.3905,251.12,-12.0343],"sphereRadius":47.6564,"stabilizedPalmPosition":[-16.1516,269.994,31.9594],"t":[52.3505,111.124,-67.0146],"timeVisible":3.77831,"type":"right","wrist":[-7.66784,242.995,75.6169]}],"id":1160517,"interactionBox":{"center":[0,200,0],"size":[235.247,235.247,147.751]},"pointables":[{"bases":[[[0.248322,0.867298,0.431429],[-0.856091,-0.0119083,0.516688],[0.45326,-0.497647,0.739529]],[[0.0322508,0.996555,0.0764035],[-0.829036,-0.0160251,0.558965],[0.558264,-0.0813684,0.825664]],[[0.0322508,0.996555,0.0764035],[-0.999407,0.033077,-0.00957339],[-0.0120676,-0.0760495,0.997031]],[[0.0322508,0.996555,0.0764035],[-0.994858,0.0246645,0.098233],[0.0960101,-0.0791787,0.992226]]],"btipPosition":[-63.0687,237.088,-27.9566],"carpPosition":[-33.6881,228.672,69.4072],"dipPosition":[-60.8461,235.255,-4.98675],"direction":[0.0120676,0.0760495,-0.997031],"extended":false,"handId":355,"id":3550,"length":51.5512,"mcpPosition":[-33.6881,228.672,69.4072],"pipPosition":[-61.2531,232.69,28.639],"stabilizedTipPosition":[-63.5054,234.765,-21.168],"timeVisible":3.77831,"tipPosition":[-62.8653,236.315,-22.5799],"tipVelocity":[84.4489,165.49,-121.628],"tool":false,"touchDistance":-0.442787,"touchZone":"touching","type":0,"width":20.0304},{"bases":[[[0.96842,0.243814,-0.052133],[-0.187243,0.849271,0.493638],[0.164631,-0.468287,0.868103]],[[0.954361,0.276304,-0.113362],[-0.19037,0.855273,0.481941],[0.230118,-0.438365,0.86884]],[[0.954361,0.276304,-0.113362],[-0.267209,0.959509,0.0891155],[0.133395,-0.054757,0.989549]],[[0.954361,0.276304,-0.113362],[-0.296095,0.924966,-0.238255],[0.0390254,0.260947,0.964564]]],"btipPosition":[-54.8017,300.887,-66.3606],"carpPosition":[-29.1932,251.281,73.6954],"dipPosition":[-54.1422,305.297,-50.0591],"direction":[-0.133395,0.054757,-0.989549],"extended":true,"handId":355,"id":3551,"length":58.1698,"mcpPosition":[-41.1737,285.359,10.522],"pipPosition":[-50.9529,303.988,-26.4007],"stabilizedTipPosition":[-54.6137,299.984,-61.6917],"timeVisible":3.77831,"tipPosition":[-54.0334,300.033,-62.2565],"tipVelocity":[9.43906,242.182,-115.692],"tool":false,"touchDistance":-0.459163,"touchZone":"touching","type":1,"width":19.133},{"bases":[[[0.999394,0.029929,-0.0177541],[-0.0171645,0.867777,0.496657],[0.030271,-0.496052,0.867765]],[[0.999837,0.0176918,0.00364267],[-0.0124072,0.81923,-0.573331],[-0.0131274,0.573193,0.819316]],[[0.999837,0.0176918,0.00364267],[0.00911038,-0.319791,-0.947444],[-0.0155971,0.947323,-0.3199]],[[0.999837,0.0176918,0.00364267],[0.0166976,-0.828367,-0.559938],[-0.00688881,0.559907,-0.828527]]],"btipPosition":[-18.8326,225.772,-1.15717],"carpPosition":[-17.9362,255.922,73.3926],"dipPosition":[-18.9606,236.18,-16.558],"direction":[0.0155971,-0.947323,0.3199],"extended":false,"handId":355,"id":3552,"length":66.2798,"mcpPosition":[-20.0252,290.155,13.5069],"pipPosition":[-19.3993,262.826,-25.5562],"stabilizedTipPosition":[-19.5525,225.618,-2.78347],"timeVisible":3.77831,"tipPosition":[-18.8108,227.672,-4.83407],"tipVelocity":[51.6665,170.845,-121.887],"tool":false,"touchDistance":0.333333,"touchZone":"none","type":2,"width":18.7912},{"bases":[[[0.991387,-0.108898,0.072749],[0.0552553,0.851443,0.521529],[-0.118735,-0.513017,0.850127]],[[0.990659,-0.111967,0.0778369],[0.136296,0.794911,-0.591219],[0.0043235,0.596305,0.802746]],[[0.990659,-0.111967,0.0778369],[0.0337046,-0.352043,-0.935377],[0.132133,0.929263,-0.34498]],[[0.990659,-0.111967,0.0778369],[-0.051133,-0.834164,-0.549141],[0.126414,0.540031,-0.832097]]],"btipPosition":[-4.68228,227.448,9.59549],"carpPosition":[-5.89113,257.459,72.9161],"dipPosition":[-2.34596,237.429,-5.78283],"direction":[-0.132133,-0.929263,0.34498],"extended":false,"handId":355,"id":3553,"length":63.7298,"mcpPosition":[1.46577,289.246,20.2416],"pipPosition":[1.2747,262.892,-15.2358],"stabilizedTipPosition":[-4.78741,227.522,7.70338],"timeVisible":3.77831,"tipPosition":[-4.27712,229.38,5.59123],"tipVelocity":[57.052,172.407,-120.803],"tool":false,"touchDistance":0.333333,"touchZone":"none","type":3,"width":17.881},{"bases":[[[0.948133,-0.306718,0.0834745],[0.198071,0.775449,0.599539],[-0.24862,-0.551909,0.79598]],[[0.862046,-0.428932,0.269988],[0.506789,0.736175,-0.448565],[-0.00635415,0.523511,0.851995]],[[0.862046,-0.428932,0.269988],[0.148467,-0.295621,-0.943698],[0.484596,0.853596,-0.191156]],[[0.862046,-0.428932,0.269988],[-0.171294,-0.747921,-0.641305],[0.477006,0.506588,-0.718216]]],"btipPosition":[3.92784,240.181,11.6022],"carpPosition":[6.9539,251.987,71.1123],"dipPosition":[12.0607,248.818,-0.643266],"direction":[-0.484596,-0.853596,0.191156],"extended":false,"handId":355,"id":3554,"length":49.963,"mcpPosition":[21.2138,283.643,25.4577],"pipPosition":[21.4361,265.333,-4.34151],"stabilizedTipPosition":[5.28589,239.939,10.4088],"timeVisible":3.77831,"tipPosition":[5.81741,241.791,8.25757],"tipVelocity":[49.3167,174.369,-121.399],"tool":false,"touchDistance":0.333333,"touchZone":"none","type":4,"width":15.8833}],"r":[[0.878884,0.16933,0.445972],[-0.25539,0.956637,0.140077],[-0.402914,-0.237008,0.884018]],"s":1.10581,"t":[52.3505,111.124,-67.0146],"timestamp":15267348234},false],[4,{"currentFrameRate":109.165,"devices":[],"gestures":[],"hands":[{"armBasis":[[0.949852,0.256152,-0.179353],[-0.163134,0.895246,0.414634],[0.266775,-0.364583,0.892138]],"armWidth":63.029,"confidence":0.930761,"direction":[-0.0265718,0.622645,-0.782053],"elbow":[63.8156,146.656,312.903],"grabStrength":0.00829127,"id":355,"palmNormal":[0.161443,-0.769387,-0.618045],"palmPosition":[-15.6005,272.92,29.6198],"palmVelocity":[37.4185,152.454,-114.544],"palmWidth":90.0033,"pinchStrength":0.404063,"r":[[0.87875,0.170413,0.445822],[-0.257116,0.955983,0.141376],[-0.402106,-0.238862,0.883887]],"s":1.10766,"sphereCenter":[-26.3683,252.337,-12.9677],"sphereRadius":47.7075,"stabilizedPalmPosition":[-15.9251,271.196,30.998],"t":[52.5757,112.387,-68.0377],"timeVisible":3.78732,"type":"right","wrist":[-7.43257,244.026,74.6375]}],"id":1160518,"interactionBox":{"center":[0,200,0],"size":[235.247,235.247,147.751]},"pointables":[{"bases":[[[0.247391,0.867072,0.432415],[-0.855778,-0.013743,0.51716],[0.454358,-0.497993,0.738622]],[[0.0314815,0.996411,0.078573],[-0.828526,-0.0179555,0.559662],[0.559064,-0.0827188,0.824988]],[[0.0314815,0.996411,0.078573],[-0.999449,0.0322095,-0.00801391],[-0.0105159,-0.0782774,0.996876]],[[0.0314815,0.996411,0.078573],[-0.996874,0.0256021,0.0747449],[0.0724651,-0.0806805,0.994102]]],"btipPosition":[-62.3643,238.267,-28.9446],"carpPosition":[-33.4369,229.675,68.424],"dipPosition":[-60.6868,236.4,-5.93133],"direction":[0.0105159,0.0782774,-0.996876],"extended":false,"handId":355,"id":3550,"length":51.5512,"mcpPosition":[-33.4369,229.675,68.424],"pipPosition":[-61.0414,233.76,27.6892],"stabilizedTipPosition":[-62.8628,236.058,-22.2132],"timeVisible":3.78732,"tipPosition":[-62.3973,237.486,-23.5395],"tipVelocity":[78.8868,155.721,-118.012],"tool":false,"touchDistance":-0.441512,"touchZone":"touching","type":0,"width":20.0304},{"bases":[[[0.968058,0.245197,-0.0523677],[-0.188113,0.848373,0.49485],[0.165763,-0.469192,0.867399]],[[0.953861,0.27786,-0.113763],[-0.190642,0.853215,0.485469],[0.231957,-0.441383,0.86682]],[[0.953861,0.27786,-0.113763],[-0.266611,0.958103,0.104678],[0.138082,-0.0695174,0.987978]],[[0.953861,0.27786,-0.113763],[-0.296652,0.930631,-0.214297],[0.0463266,0.238158,0.970121]]],"btipPosition":[-54.9747,302.823,-67.2362],"carpPosition":[-28.9703,252.285,72.7391],"dipPosition":[-54.1918,306.848,-50.8408],"direction":[-0.138082,0.0695174,-0.987978],"extended":true,"handId":355,"id":3551,"length":58.1698,"mcpPosition":[-41.0331,286.429,9.61687],"pipPosition":[-50.8905,305.186,-27.22],"stabilizedTipPosition":[-54.7112,302.014,-62.6477],"timeVisible":3.78732,"tipPosition":[-54.1761,301.876,-63.1494],"tipVelocity":[2.43117,231.925,-109.925],"tool":false,"touchDistance":-0.454391,"touchZone":"touching","type":1,"width":19.133},{"bases":[[[0.999342,0.0313094,-0.0182849],[-0.0180583,0.867106,0.497796],[0.0314406,-0.497138,0.867101]],[[0.999817,0.0188269,0.00347546],[-0.0134382,0.819427,-0.573026],[-0.0136362,0.572874,0.81953]],[[0.999817,0.0188269,0.00347546],[0.00931099,-0.319554,-0.947522],[-0.0167283,0.947381,-0.319671]],[[0.999817,0.0188269,0.00347546],[0.0175407,-0.828072,-0.560347],[-0.00767166,0.560306,-0.82825]]],"btipPosition":[-18.6262,226.873,-2.08987],"carpPosition":[-17.7197,256.941,72.4359],"dipPosition":[-18.7688,237.288,-17.4856],"direction":[0.0167283,-0.947381,0.319671],"extended":false,"handId":355,"id":3552,"length":66.2798,"mcpPosition":[-19.8895,291.249,12.596],"pipPosition":[-19.2393,263.936,-26.4773],"stabilizedTipPosition":[-19.2579,226.822,-3.72225],"timeVisible":3.78732,"tipPosition":[-18.6068,228.799,-5.78465],"tipVelocity":[43.6509,157.481,-116.781],"tool":false,"touchDistance":0.333333,"touchZone":"none","type":2,"width":18.7912},{"bases":[[[0.991576,-0.107646,0.072042],[0.0543978,0.850838,0.522605],[-0.117552,-0.514284,0.849526]],[[0.991118,-0.109614,0.0752942],[0.132894,0.795694,-0.59094],[0.00486422,0.595698,0.803194]],[[0.991118,-0.109614,0.0752942],[0.0322072,-0.35148,-0.935641],[0.129024,0.929756,-0.344828]],[[0.991118,-0.109614,0.0752942],[-0.0504854,-0.833952,-0.549523],[0.123027,0.540841,-0.832079]]],"btipPosition":[-4.41757,228.561,8.64685],"carpPosition":[-5.67704,258.495,71.9545],"dipPosition":[-2.14385,238.557,-6.73112],"direction":[-0.129024,-0.929756,0.344828],"extended":false,"handId":355,"id":3553,"length":63.7298,"mcpPosition":[1.60658,290.361,19.3173],"pipPosition":[1.39161,264.034,-16.18],"stabilizedTipPosition":[-4.46743,228.718,6.77386],"timeVisible":3.78732,"tipPosition":[-4.03499,230.514,4.63974],"tipVelocity":[48.9977,159.052,-116.515],"tool":false,"touchDistance":0.333333,"touchZone":"none","type":3,"width":17.881},{"bases":[[[0.948596,-0.305538,0.0825347],[0.197361,0.774936,0.600435],[-0.247415,-0.553281,0.795403]],[[0.862877,-0.428017,0.268784],[0.50538,0.736876,-0.449004],[-0.00587958,0.523273,0.852145]],[[0.862877,-0.428017,0.268784],[0.147303,-0.295748,-0.943841],[0.483472,0.854011,-0.192146]],[[0.862877,-0.428017,0.268784],[-0.171507,-0.748223,-0.640896],[0.475425,0.506916,-0.719033]]],"btipPosition":[4.11132,241.311,10.6872],"carpPosition":[7.17436,253.043,70.1362],"dipPosition":[12.2173,249.953,-1.57225],"direction":[-0.483472,-0.854011,0.192146],"extended":false,"handId":355,"id":3554,"length":49.963,"mcpPosition":[21.3652,284.778,24.5148],"pipPosition":[21.5708,266.476,-5.28964],"stabilizedTipPosition":[5.53291,241.142,9.49877],"timeVisible":3.78732,"tipPosition":[6.00248,242.939,7.33295],"tipVelocity":[41.1619,160.909,-116.023],"tool":false,"touchDistance":0.333333,"touchZone":"none","type":4,"width":15.8833}],"r":[[0.87875,0.170413,0.445822],[-0.257116,0.955983,0.141376],[-0.402106,-0.238862,0.883887]],"s":1.10766,"t":[52.5757,112.387,-68.0377],"timestamp":15267357250},false],[5,{"currentFrameRate":109.227,"devices":[],"gestures":[],"hands":[{"armBasis":[[0.947649,0.261208,-0.183664],[-0.168014,0.89701,0.408833],[0.271539,-0.356572,0.893937]],"armWidth":63.029,"confidence":0.937055,"direction":[-0.0285021,0.626597,-0.778822],"elbow":[65.2349,149.956,312.395],"grabStrength":0,"id":355,"palmNormal":[0.166142,-0.765332,-0.621823],"palmPosition":[-15.5303,274.276,28.7718],"palmVelocity":[29.2407,151.76,-108.809],"palmWidth":90.0033,"pinchStrength":0.412968,"r":[[0.878341,0.171678,0.446143],[-0.259479,0.955052,0.143339],[-0.401482,-0.241665,0.883408]],"s":1.10933,"sphereCenter":[-26.2742,253.958,-13.9148],"sphereRadius":47.7507,"stabilizedPalmPosition":[-15.7667,272.432,30.1047],"t":[52.7233,113.696,-68.9733],"timeVisible":3.79637,"type":"right","wrist":[-7.28563,245.187,73.6498]}],"id":1160519,"interactionBox":{"center":[0,200,0],"size":[235.247,235.247,147.751]},"pointables":[{"bases":[[[0.242476,0.866003,0.437315],[-0.856455,-0.0206713,0.515808],[0.455731,-0.499612,0.73668]],[[0.0264129,0.996134,0.083777],[-0.82914,-0.0249845,0.558482],[0.558416,-0.084214,0.825275]],[[0.0264129,0.996134,0.083777],[-0.999604,0.0271284,-0.00741295],[-0.00965702,-0.0835481,0.996457]],[[0.0264129,0.996134,0.083777],[-0.998657,0.0225573,0.04664],[0.0445699,-0.0848964,0.995392]]],"btipPosition":[-61.4883,239.682,-30.0759],"carpPosition":[-33.2097,230.741,67.3226],"dipPosition":[-60.4565,237.717,-7.03277],"direction":[0.00965702,0.0835481,-0.996457],"extended":false,"handId":355,"id":3550,"length":51.5512,"mcpPosition":[-33.2097,230.741,67.3226],"pipPosition":[-60.7822,234.899,26.5736],"stabilizedTipPosition":[-62.1988,237.365,-23.2689],"timeVisible":3.79637,"tipPosition":[-61.775,238.913,-24.6439],"tipVelocity":[79.3122,155.24,-119.75],"tool":false,"touchDistance":-0.442561,"touchZone":"touching","type":0,"width":20.0304},{"bases":[[[0.966911,0.250236,-0.0496437],[-0.193022,0.84483,0.499003],[0.166809,-0.47291,0.865177]],[[0.952566,0.2833,-0.111169],[-0.195053,0.84873,0.49154],[0.233606,-0.44654,0.86373]],[[0.952566,0.2833,-0.111169],[-0.269894,0.955188,0.121547],[0.140622,-0.0857778,0.986341]],[[0.952566,0.2833,-0.111169],[-0.300184,0.934754,-0.190064],[0.0500711,0.21442,0.975457]]],"btipPosition":[-55.1357,305.168,-67.9707],"carpPosition":[-28.861,253.35,71.7626],"dipPosition":[-54.2895,308.791,-51.4851],"direction":[-0.140622,0.0857778,-0.986341],"extended":true,"handId":355,"id":3551,"length":58.1698,"mcpPosition":[-41.0001,287.764,8.80213],"pipPosition":[-50.9275,306.741,-27.9034],"stabilizedTipPosition":[-54.8376,304.206,-63.4897],"timeVisible":3.79637,"tipPosition":[-54.3184,304.147,-63.9067],"tipVelocity":[-2.70357,236.632,-101.372],"tool":false,"touchDistance":-0.447991,"touchZone":"touching","type":1,"width":19.133},{"bases":[[[0.999201,0.03633,-0.0166344],[-0.0230661,0.864386,0.5023],[0.032627,-0.501515,0.864533]],[[0.999707,0.023626,0.00525048],[-0.0164466,0.822322,-0.568785],[-0.0177557,0.568532,0.822469]],[[0.999707,0.023626,0.00525048],[0.0124232,-0.314752,-0.949092],[-0.0207707,0.94888,-0.314954]],[[0.999707,0.023626,0.00525048],[0.0224662,-0.825203,-0.564389],[-0.00900154,0.564341,-0.825492]]],"btipPosition":[-18.2867,228.387,-3.17209],"carpPosition":[-17.6332,258.063,71.5006],"dipPosition":[-18.454,238.877,-18.5165],"direction":[0.0207707,-0.94888,0.314954],"extended":false,"handId":355,"id":3552,"length":66.2798,"mcpPosition":[-19.8848,292.673,11.8379],"pipPosition":[-19.0383,265.567,-27.3756],"stabilizedTipPosition":[-18.9659,228.067,-4.65509],"timeVisible":3.79637,"tipPosition":[-18.27,230.337,-6.85893],"tipVelocity":[41.7908,160.727,-117.212],"tool":false,"touchDistance":0.333333,"touchZone":"none","type":2,"width":18.7912},{"bases":[[[0.991989,-0.103133,0.0729523],[0.0494331,0.848345,0.527132],[-0.116253,-0.519302,0.846646]],[[0.991761,-0.104143,0.0745985],[0.128095,0.799353,-0.587049],[0.0015064,0.591767,0.806107]],[[0.991761,-0.104143,0.0745985],[0.0340671,-0.346948,-0.937265],[0.123491,0.932084,-0.340541]],[[0.991761,-0.104143,0.0745985],[-0.0457085,-0.831675,-0.553378],[0.119672,0.545409,-0.829583]]],"btipPosition":[-4.05662,230.082,7.62363],"carpPosition":[-5.59763,259.679,71.0452],"dipPosition":[-1.84492,240.161,-7.70822],"direction":[-0.123491,-0.932084,0.340541],"extended":false,"handId":355,"id":3553,"length":63.7298,"mcpPosition":[1.60552,291.855,18.5864],"pipPosition":[1.53894,265.702,-17.0396],"stabilizedTipPosition":[-4.15458,229.971,5.86319],"timeVisible":3.79637,"tipPosition":[-3.69355,232.069,3.6257],"tipVelocity":[46.0558,162.125,-115.257],"tool":false,"touchDistance":0.333333,"touchZone":"none","type":3,"width":17.881},{"bases":[[[0.949971,-0.301288,0.0823451],[0.192656,0.772742,0.604776],[-0.245843,-0.558655,0.792127]],[[0.864765,-0.424979,0.267533],[0.502104,0.740762,-0.446278],[-0.00851911,0.520255,0.853969]],[[0.864765,-0.424979,0.267533],[0.148591,-0.292346,-0.944698],[0.479689,0.856695,-0.189663]],[[0.864765,-0.424979,0.267533],[-0.168037,-0.746919,-0.643332],[0.473228,0.511376,-0.717322]]],"btipPosition":[4.33293,242.853,9.81538],"carpPosition":[7.28317,254.3,69.2176],"dipPosition":[12.4014,251.572,-2.41488],"direction":[-0.479689,-0.856695,0.189663],"extended":false,"handId":355,"id":3554,"length":49.963,"mcpPosition":[21.3838,286.342,23.784],"pipPosition":[21.6818,268.146,-6.08422],"stabilizedTipPosition":[5.75725,242.413,8.64475],"timeVisible":3.79637,"tipPosition":[6.23054,244.527,6.45205],"tipVelocity":[36.3051,164.094,-110.403],"tool":false,"touchDistance":0.333333,"touchZone":"none","type":4,"width":15.8833}],"r":[[0.878341,0.171678,0.446143],[-0.259479,0.955052,0.143339],[-0.401482,-0.241665,0.883408]],"s":1.10933,"t":[52.7233,113.696,-68.9733],"timestamp":15267366295},false],[6,{"currentFrameRate":109.262,"devices":[],"gestures":[],"hands":[{"armBasis":[[0.94675,0.263515,-0.184998],[-0.17118,0.898614,0.403968],[0.272693,-0.350788,0.895872]],"armWidth":63.029,"confidence":0.942803,"direction":[-0.0300969,0.628907,-0.776897],"elbow":[65.7129,152.412,312.234],"grabStrength":0,"id":355,"palmNormal":[0.169118,-0.76284,-0.624079],"palmPosition":[-15.4289,275.299,28.1781],"palmVelocity":[24.2347,140.883,-96.7703],"palmWidth":90.0033,"pinchStrength":0.418612,"r":[[0.877837,0.173002,0.446624],[-0.262028,0.954034,0.145464],[-0.400929,-0.244722,0.882818]],"s":1.11105,"sphereCenter":[-26.211,255.169,-14.5621],"sphereRadius":47.8009,"stabilizedPalmPosition":[-15.6328,273.568,29.3412],"t":[52.8479,114.862,-69.7379],"timeVisible":3.80546,"type":"right","wrist":[-7.1159,246.098,72.9712]}],"id":1160520,"interactionBox":{"center":[0,200,0],"size":[235.247,235.247,147.751]},"pointables":[{"bases":[[[0.23928,0.865453,0.440155],[-0.856718,-0.0251436,0.515172],[0.456924,-0.500359,0.735432]],[[0.0233014,0.995905,0.087356],[-0.829769,-0.0294719,0.557329],[0.557621,-0.0854718,0.825684]],[[0.0233014,0.995905,0.087356],[-0.999705,0.0238152,-0.00484303],[-0.0069036,-0.0872173,0.996165]],[[0.0233014,0.995905,0.087356],[-0.999433,0.0210807,0.0262584],[0.0243093,-0.0879183,0.995831]]],"btipPosition":[-60.8503,240.782,-30.8369],"carpPosition":[-32.9871,231.585,66.5821],"dipPosition":[-60.2876,238.747,-7.7836],"direction":[0.0069036,0.0872173,-0.996165],"extended":false,"handId":355,"id":3550,"length":51.5512,"mcpPosition":[-32.9871,231.585,66.5821],"pipPosition":[-60.5204,235.806,25.8129],"stabilizedTipPosition":[-61.5987,238.563,-24.189],"timeVisible":3.80546,"tipPosition":[-61.3034,240,-25.3885],"tipVelocity":[73.5002,145.271,-109.704],"tool":false,"touchDistance":-0.438017,"touchZone":"touching","type":0,"width":20.0304},{"bases":[[[0.966098,0.253633,-0.0482263],[-0.196184,0.842628,0.501488],[0.167831,-0.475025,0.863819]],[[0.951616,0.286966,-0.109899],[-0.197641,0.845425,0.496179],[0.235298,-0.450451,0.861236]],[[0.951616,0.286966,-0.109899],[-0.271399,0.952611,0.137389],[0.144117,-0.100915,0.984402]],[[0.951616,0.286966,-0.109899],[-0.302246,0.938623,-0.166235],[0.0554502,0.191409,0.979943]]],"btipPosition":[-55.3128,307.083,-68.463],"carpPosition":[-28.7174,254.194,71.095],"dipPosition":[-54.3757,310.318,-51.9016],"direction":[-0.144117,0.100915,-0.984402],"extended":true,"handId":355,"id":3551,"length":58.1698,"mcpPosition":[-40.9307,288.763,8.23328],"pipPosition":[-50.9301,307.905,-28.3663],"stabilizedTipPosition":[-54.9845,306.255,-64.1483],"timeVisible":3.80546,"tipPosition":[-54.47,305.978,-64.4218],"tipVelocity":[-6.71134,226.742,-87.7708],"tool":false,"touchDistance":-0.438648,"touchZone":"touching","type":1,"width":19.133},{"bases":[[[0.999084,0.0397347,-0.0158578],[-0.0262974,0.862743,0.504958],[0.0337456,-0.504079,0.862998]],[[0.99962,0.026848,0.00618755],[-0.0186245,0.823959,-0.566343],[-0.0203035,0.566012,0.824147]],[[0.99962,0.026848,0.00618755],[0.0142621,-0.312083,-0.949948],[-0.0235732,0.949675,-0.312348]],[[0.99962,0.026848,0.00618755],[0.0256276,-0.823601,-0.56659],[-0.0101157,0.566533,-0.823977]]],"btipPosition":[-18.0149,229.504,-3.89317],"carpPosition":[-17.5052,258.946,70.855],"dipPosition":[-18.203,240.034,-19.2094],"direction":[0.0235732,-0.949675,0.312348],"extended":false,"handId":355,"id":3552,"length":66.2798,"mcpPosition":[-19.8341,293.733,11.2983],"pipPosition":[-18.866,266.747,-27.9952],"stabilizedTipPosition":[-18.6941,229.222,-5.48153],"timeVisible":3.80546,"tipPosition":[-18.001,231.471,-7.57814],"tipVelocity":[38.3537,150.537,-106.527],"tool":false,"touchDistance":0.333333,"touchZone":"none","type":2,"width":18.7912},{"bases":[[[0.992281,-0.100029,0.0732918],[0.046239,0.846869,0.529788],[-0.115063,-0.52231,0.844957]],[[0.992218,-0.100314,0.0737538],[0.124508,0.801932,-0.584297],[-0.00053211,0.588933,0.808181]],[[0.992218,-0.100314,0.0737538],[0.0349976,-0.343772,-0.938401],[0.11949,0.93368,-0.337587]],[[0.992218,-0.100314,0.0737538],[-0.0426183,-0.830203,-0.55583],[0.116988,0.548362,-0.828018]]],"btipPosition":[-3.75831,231.22,6.89414],"carpPosition":[-5.47488,260.604,70.4126],"dipPosition":[-1.5962,241.354,-8.40878],"direction":[-0.11949,-0.93368,0.337587],"extended":false,"handId":355,"id":3553,"length":63.7298,"mcpPosition":[1.65449,292.966,18.0585],"pipPosition":[1.678,266.938,-17.6592],"stabilizedTipPosition":[-3.86431,231.134,5.05475],"timeVisible":3.80546,"tipPosition":[-3.41304,233.224,2.91644],"tipVelocity":[42.0438,152.291,-105.364],"tool":false,"touchDistance":0.333333,"touchZone":"none","type":3,"width":17.881},{"bases":[[[0.950923,-0.298351,0.0820432],[0.189664,0.771507,0.607293],[-0.244484,-0.561929,0.79023]],[[0.866015,-0.422898,0.266786],[0.499905,0.743576,-0.44406],[-0.0105831,0.517931,0.855357]],[[0.866015,-0.422898,0.266786],[0.149789,-0.289633,-0.945345],[0.477054,0.858644,-0.187481]],[[0.866015,-0.422898,0.266786],[-0.165508,-0.745919,-0.645144],[0.471831,0.51455,-0.715971]]],"btipPosition":[4.54387,244.004,9.1697],"carpPosition":[7.42511,255.274,68.5769],"dipPosition":[12.5885,252.777,-3.03752],"direction":[-0.477054,-0.858644,0.187481],"extended":false,"handId":355,"id":3554,"length":49.963,"mcpPosition":[21.4478,287.504,23.2521],"pipPosition":[21.818,269.389,-6.66466],"stabilizedTipPosition":[5.96701,243.602,7.89295],"timeVisible":3.80546,"tipPosition":[6.43985,245.701,5.81377],"tipVel