{"sensorType":"Leap","data":[[0,{"currentFrameRate":109.979,"devices":[],"gestures":[],"hands":[{"armBasis":[[0.914401,0.368818,-0.166868],[-0.236377,0.821102,0.519535],[0.32863,-0.43562,0.837996]],"armWidth":63.029,"confidence":0.697317,"direction":[-0.19459,0.664024,-0.721946],"elbow":[78.8233,151.028,292.018],"grabStrength":0,"id":353,"palmNormal":[0.199021,-0.693978,-0.691943],"palmPosition":[-25.7301,297.775,26.7148],"palmVelocity":[214.839,-3.22226,-349.182],"palmWidth":90.0033,"pinchStrength":0.487095,"r":[[0.915251,-0.229636,0.331033],[0.329326,0.899736,-0.28639],[-0.232077,0.371137,0.899109]],"s":0.90048,"sphereCenter":[-25.2344,279.669,-18.2496],"sphereRadius":47.7786,"stabilizedPalmPosition":[-46.696,294.802,55.6935],"t":[77.7651,28.9167,-96.2076],"timeVisible":0.217027,"type":"right","wrist":[-8.94449,267.37,68.2121]}],"id":1156912,"interactionBox":{"center":[0,200,0],"size":[235.247,235.247,147.751]},"pointables":[{"bases":[[[0.170515,0.862284,0.476856],[-0.786053,-0.172785,0.59352],[0.594176,-0.476038,0.648339]],[[-0.0656939,0.978054,0.197725],[-0.803467,-0.169352,0.570755],[0.591714,-0.121371,0.796959]],[[-0.0656939,0.978054,0.197725],[-0.981154,-0.0994004,0.1657],[0.181717,-0.183113,0.966151]],[[-0.0656939,0.978054,0.197725],[-0.996242,-0.0530806,-0.0684355],[-0.0564382,-0.201478,0.977866]]],"btipPosition":[-67.283,266.693,-31.2273],"carpPosition":[-33.2443,249.86,63.3453],"dipPosition":[-68.5895,262.029,-8.58993],"direction":[-0.181717,0.183113,-0.966151],"extended":false,"handId":353,"id":3530,"length":51.5512,"mcpPosition":[-33.2443,249.86,63.3453],"pipPosition":[-62.4609,255.853,23.9944],"stabilizedTipPosition":[-101.146,266.115,17.9574],"timeVisible":0.217027,"tipPosition":[-68.483,267.221,-24.9785],"tipVelocity":[272.724,-27.4416,-416.094],"tool":false,"touchDistance":-0.446315,"touchZone":"hovering","type":0,"width":20.0304},{"bases":[[[0.914175,0.385867,-0.124062],[-0.249197,0.776471,0.578786],[0.319665,-0.498196,0.805987]],[[0.923659,0.370213,-0.0989773],[-0.267327,0.807529,0.525769],[0.274574,-0.459172,0.844849]],[[0.923659,0.370213,-0.0989773],[-0.313432,0.878432,0.360717],[0.220487,-0.302157,0.927409]],[[0.923659,0.370213,-0.0989773],[-0.342124,0.912996,0.222238],[0.172641,-0.17141,0.969956]]],"btipPosition":[-74.6108,338.42,-64.0577],"carpPosition":[-31.4906,272.532,69.0639],"dipPosition":[-71.6931,335.523,-47.6651],"direction":[-0.220487,0.302157,-0.927409],"extended":true,"handId":353,"id":3531,"length":58.1698,"mcpPosition":[-54.7532,308.786,10.4108],"pipPosition":[-66.4216,328.299,-25.4924],"stabilizedTipPosition":[-101.35,336.01,-26.1137],"timeVisible":0.217027,"tipPosition":[-73.1117,337.081,-60.7214],"tipVelocity":[283.908,31.0806,-386.202],"tool":false,"touchDistance":-0.7178,"touchZone":"hovering","type":1,"width":19.133},{"bases":[[[0.977955,0.17695,-0.110868],[-0.0839788,0.819402,0.567034],[0.191182,-0.545224,0.816199]],[[0.980805,0.168465,-0.0981846],[-0.194913,0.832982,-0.517831],[-0.00545056,0.527029,0.84983]],[[0.980805,0.168465,-0.0981846],[-0.0749831,-0.138955,-0.987456],[-0.179995,0.975864,-0.123656]],[[0.980805,0.168465,-0.0981846],[0.0347818,-0.646618,-0.76202],[-0.191862,0.743979,-0.640066]]],"btipPosition":[-25.3864,249.999,-13.395],"carpPosition":[-21.0818,278.779,68.0741],"dipPosition":[-28.9528,263.829,-25.2927],"direction":[0.179995,-0.975864,0.123656],"extended":false,"handId":353,"id":3532,"length":66.2798,"mcpPosition":[-34.2756,316.405,11.747],"pipPosition":[-34.0157,291.278,-28.7709],"stabilizedTipPosition":[-46.1368,252.104,7.72081],"timeVisible":0.217027,"tipPosition":[-26.1138,253.018,-15.6397],"tipVelocity":[242.647,-7.65609,-342.934],"tool":false,"touchDistance":0.333333,"touchZone":"none","type":2,"width":18.7912},{"bases":[[[0.99896,0.0325107,-0.0319772],[-0.00775641,0.812152,0.583394],[0.0449369,-0.582539,0.81156]],[[0.997374,0.0482932,-0.0539694],[-0.0701324,0.829951,-0.55341],[0.018066,0.555742,0.831159]],[[0.997374,0.0482932,-0.0539694],[-0.044923,-0.171971,-0.984077],[-0.0568054,0.983918,-0.16935]],[[0.997374,0.0482932,-0.0539694],[-0.00794941,-0.667703,-0.744386],[-0.0719843,0.74286,-0.665565]]],"btipPosition":[-10.1819,252.934,-3.50084],"carpPosition":[-9.48609,282.09,66.5761],"dipPosition":[-11.5123,266.663,-15.8014],"direction":[0.0568054,-0.983918,0.16935],"extended":false,"handId":353,"id":3533,"length":63.7298,"mcpPosition":[-12.2704,318.185,16.2913],"pipPosition":[-13.0688,293.624,-20.4419],"stabilizedTipPosition":[-28.0899,254.892,14.6008],"timeVisible":0.217027,"tipPosition":[-10.4995,255.977,-6.30157],"tipVelocity":[236.59,-15.3028,-315.894],"tool":false,"touchDistance":0.333333,"touchZone":"none","type":3,"width":17.881},{"bases":[[[0.984904,-0.169771,-0.0337841],[0.151713,0.752644,0.64071],[-0.0833468,-0.636164,0.767039]],[[0.941042,-0.308277,0.139305],[0.336334,0.808359,-0.483152],[0.036336,0.501519,0.864383]],[[0.941042,-0.308277,0.139305],[0.104962,-0.125395,-0.986539],[0.321596,0.942996,-0.0856446]],[[0.941042,-0.308277,0.139305],[-0.0806061,-0.604263,-0.792697],[0.328548,0.734732,-0.593486]]],"btipPosition":[-4.58809,266.871,0.645895],"carpPosition":[3.72583,278.695,63.0972],"dipPosition":[1.01361,279.398,-9.47297],"direction":[-0.321596,-0.942996,0.0856446],"extended":false,"handId":353,"id":3534,"length":49.963,"mcpPosition":[8.50631,315.183,19.1026],"pipPosition":[7.23543,297.642,-11.1299],"stabilizedTipPosition":[-17.2755,269.96,14.4851],"timeVisible":0.217027,"tipPosition":[-3.35276,269.535,-1.63424],"tipVelocity":[234.282,-12.3732,-322.366],"tool":false,"touchDistance":0.333333,"touchZone":"none","type":4,"width":15.8833}],"r":[[0.915251,-0.229636,0.331033],[0.329326,0.899736,-0.28639],[-0.232077,0.371137,0.899109]],"s":0.90048,"t":[77.7651,28.9167,-96.2076],"timestamp":15234213034},false],[1,{"currentFrameRate":109.871,"devices":[],"gestures":[],"hands":[{"armBasis":[[0.918612,0.360674,-0.161449],[-0.23162,0.822471,0.519513],[0.320162,-0.439836,0.839071]],"armWidth":63.029,"confidence":0.725549,"direction":[-0.184555,0.660329,-0.727945],"elbow":[77.2556,150.019,289.716],"grabStrength":0,"id":353,"palmNormal":[0.197601,-0.700614,-0.685634],"palmPosition":[-24.5236,297.725,23.8019],"palmVelocity":[190.855,-3.80708,-339.1],"palmWidth":90.0033,"pinchStrength":0.48928,"r":[[0.911141,-0.232053,0.34055],[0.335874,0.896983,-0.287421],[-0.23877,0.376263,0.895218]],"s":0.901672,"sphereCenter":[-24.1826,279.397,-20.8994],"sphereRadius":47.7173,"stabilizedPalmPosition":[-45.2562,294.991,53.6226],"t":[79.1545,28.8792,-99.1887],"timeVisible":0.22632,"type":"right","wrist":[-8.25082,267.487,65.6234]}],"id":1156913,"interactionBox":{"center":[0,200,0],"size":[235.247,235.247,147.751]},"pointables":[{"bases":[[[0.174657,0.8643,0.471679],[-0.791163,-0.161979,0.589767],[0.586137,-0.476181,0.655511]],[[-0.0605099,0.980291,0.188064],[-0.810367,-0.15825,0.564147],[0.58279,-0.118264,0.803971]],[[-0.0605099,0.980291,0.188064],[-0.983281,-0.0909577,0.157749],[0.171745,-0.175374,0.969406]],[[-0.0605099,0.980291,0.188064],[-0.996083,-0.0471312,-0.0748179],[-0.0644796,-0.191854,0.979303]]],"btipPosition":[-65.7393,266.338,-34.3323],"carpPosition":[-32.6638,250.143,60.7296],"dipPosition":[-67.232,261.897,-11.6616],"direction":[-0.171745,0.175374,-0.969406],"extended":false,"handId":353,"id":3530,"length":51.5512,"mcpPosition":[-32.6638,250.143,60.7296],"pipPosition":[-61.4398,255.982,21.0325],"stabilizedTipPosition":[-98.6142,266.057,14.5584],"timeVisible":0.22632,"tipPosition":[-66.9799,266.877,-28.1221],"tipVelocity":[241.344,-28.9178,-392.734],"tool":false,"touchDistance":-0.476476,"touchZone":"hovering","type":0,"width":20.0304},{"bases":[[[0.918098,0.377412,-0.12106],[-0.246382,0.782691,0.571568],[0.31047,-0.494929,0.811575]],[[0.926976,0.362437,-0.0967261],[-0.263043,0.811868,0.521227],[0.267441,-0.457722,0.847919]],[[0.926976,0.362437,-0.0967261],[-0.307678,0.882111,0.356672],[0.214594,-0.300866,0.929209]],[[0.926976,0.362437,-0.0967261],[-0.335463,0.916334,0.218626],[0.167871,-0.170213,0.971003]]],"btipPosition":[-72.6847,338.378,-67.4243],"carpPosition":[-30.7583,272.84,66.2952],"dipPosition":[-69.8476,335.501,-51.014],"direction":[-0.214594,0.300866,-0.929209],"extended":true,"handId":353,"id":3531,"length":58.1698,"mcpPosition":[-53.3518,308.857,7.23537],"pipPosition":[-64.7171,328.308,-28.7982],"stabilizedTipPosition":[-98.9284,336.151,-29.2137],"timeVisible":0.22632,"tipPosition":[-71.2134,337,-64.0856],"tipVelocity":[261.72,21.1682,-379.327],"tool":false,"touchDistance":-0.724791,"touchZone":"hovering","type":1,"width":19.133},{"bases":[[[0.980063,0.168079,-0.105953],[-0.0807439,0.824173,0.560552],[0.181541,-0.540821,0.821313]],[[0.98287,0.159314,-0.0926619],[-0.184149,0.828393,-0.529013],[-0.00751884,0.537014,0.84354]],[[0.98287,0.159314,-0.0926619],[-0.0684908,-0.151031,-0.986154],[-0.171103,0.975607,-0.137532]],[[0.98287,0.159314,-0.0926619],[0.0352571,-0.656017,-0.753922],[-0.180898,0.73774,-0.650397]]],"btipPosition":[-24.2867,249.557,-15.6138],"carpPosition":[-20.2922,278.993,65.3261],"dipPosition":[-27.6493,263.271,-27.7035],"direction":[0.171103,-0.975607,0.137532],"extended":false,"handId":353,"id":3532,"length":66.2798,"mcpPosition":[-32.8206,316.316,8.64608],"pipPosition":[-32.4621,290.713,-31.572],"stabilizedTipPosition":[-43.7908,252.172,4.81407],"timeVisible":0.22632,"tipPosition":[-24.9952,252.611,-18.0609],"tipVelocity":[209,-19.7189,-314.883],"tool":false,"touchDistance":0.333333,"touchZone":"none","type":2,"width":18.7912},{"bases":[[[0.999376,0.0240497,-0.0258885],[-0.00468824,0.816415,0.577446],[0.0350232,-0.576964,0.816018]],[[0.998036,0.0398904,-0.0482956],[-0.0601465,0.825633,-0.560992],[0.0174963,0.562795,0.826411]],[[0.998036,0.0398904,-0.0482956],[-0.0403022,-0.181305,-0.982601],[-0.0479526,0.982618,-0.179341]],[[0.998036,0.0398904,-0.0482956],[-0.00871757,-0.675052,-0.737718],[-0.06203,0.736691,-0.673379]]],"btipPosition":[-9.14318,252.535,-5.84761],"carpPosition":[-8.66025,282.199,63.8776],"dipPosition":[-10.2896,266.15,-18.2926],"direction":[0.0479526,-0.982618,0.179341],"extended":false,"handId":353,"id":3533,"length":63.7298,"mcpPosition":[-10.8303,317.948,13.3165],"pipPosition":[-11.6036,293.075,-23.2068],"stabilizedTipPosition":[-25.7191,254.99,11.6428],"timeVisible":0.22632,"tipPosition":[-9.42373,255.563,-8.73288],"tipVelocity":[202.661,-23.903,-299.026],"tool":false,"touchDistance":0.333333,"touchZone":"none","type":3,"width":17.881},{"bases":[[[0.983657,-0.178118,-0.0263218],[0.153921,0.756015,0.636199],[-0.0934186,-0.629854,0.771076]],[[0.938268,-0.313695,0.14577],[0.34367,0.797497,-0.495873],[0.0393013,0.515358,0.856073]],[[0.938268,-0.313695,0.14577],[0.103596,-0.147239,-0.983661],[0.330033,0.938038,-0.105652]],[[0.938268,-0.313695,0.14577],[-0.0860108,-0.61975,-0.780072],[0.335046,0.719378,-0.608473]]],"btipPosition":[-3.56932,266.357,-1.24253],"carpPosition":[4.54465,278.669,60.507],"dipPosition":[2.14317,278.622,-11.6169],"direction":[-0.330033,-0.938038,0.105652],"extended":false,"handId":353,"id":3534,"length":49.963,"mcpPosition":[9.90281,314.795,16.2809],"pipPosition":[8.52821,296.77,-13.6609],"stabilizedTipPosition":[-15.3236,269.859,12.1311],"timeVisible":0.22632,"tipPosition":[-2.25913,269.045,-3.80289],"tipVelocity":[199.888,-26.3139,-290.533],"tool":false,"touchDistance":0.333333,"touchZone":"none","type":4,"width":15.8833}],"r":[[0.911141,-0.232053,0.34055],[0.335874,0.896983,-0.287421],[-0.23877,0.376263,0.895218]],"s":0.901672,"t":[79.1545,28.8792,-99.1887],"timestamp":15234222327},false],[2,{"currentFrameRate":110.071,"devices":[],"gestures":[],"hands":[{"armBasis":[[0.921541,0.354097,-0.159303],[-0.227864,0.825396,0.516526],[0.314389,-0.4397,0.841322]],"armWidth":63.029,"confidence":0.749667,"direction":[-0.178835,0.654438,-0.734663],"elbow":[76.5186,150.326,288.051],"grabStrength":0,"id":353,"palmNormal":[0.195853,-0.708077,-0.678431],"palmPosition":[-23.4314,297.688,21.2049],"palmVelocity":[173.263,-3.92581,-327.965],"palmWidth":90.0033,"pinchStrength":0.493565,"r":[[0.90732,-0.234272,0.349124],[0.342252,0.893844,-0.289666],[-0.244202,0.382308,0.891182]],"s":0.902928,"sphereCenter":[-23.3286,279.019,-23.2247],"sphereRadius":47.675,"stabilizedPalmPosition":[-44.0967,295.135,51.9003],"t":[80.3953,28.8419,-101.978],"timeVisible":0.23505,"type":"right","wrist":[-7.44585,267.757,63.3571]}],"id":1156914,"interactionBox":{"center":[0,200,0],"size":[235.247,235.247,147.751]},"pointables":[{"bases":[[[0.177914,0.867746,0.464072],[-0.793768,-0.152184,0.588873],[0.581617,-0.473134,0.661714]],[[-0.0568148,0.98251,0.17733],[-0.814432,-0.148344,0.560976],[0.57747,-0.112551,0.808616]],[[-0.0568148,0.98251,0.17733],[-0.984517,-0.0846355,0.1535],[0.165824,-0.165863,0.972107]],[[-0.0568148,0.98251,0.17733],[-0.995984,-0.0434681,-0.0782654],[-0.0691883,-0.181064,0.981035]]],"btipPosition":[-64.4415,265.842,-36.8697],"carpPosition":[-31.9373,250.499,58.5527],"dipPosition":[-66.0432,261.65,-14.1589],"direction":[-0.165824,0.165863,-0.972107],"extended":false,"handId":353,"id":3530,"length":51.5512,"mcpPosition":[-31.9373,250.499,58.5527],"pipPosition":[-60.4507,256.056,18.6262],"stabilizedTipPosition":[-96.5549,265.985,11.7437],"timeVisible":0.23505,"tipPosition":[-65.7069,266.386,-30.6974],"tipVelocity":[215.777,-34.6276,-365.138],"tool":false,"touchDistance":-0.495084,"touchZone":"hovering","type":0,"width":20.0304},{"bases":[[[0.920474,0.37133,-0.121829],[-0.243853,0.789339,0.563453],[0.305391,-0.488936,0.817116]],[[0.928874,0.357119,-0.0982854],[-0.259393,0.816599,0.515637],[0.264403,-0.453467,0.851151]],[[0.928874,0.357119,-0.0982854],[-0.303303,0.885661,0.351585],[0.212605,-0.296768,0.930982]],[[0.928874,0.357119,-0.0982854],[-0.330733,0.91914,0.214002],[0.166762,-0.166274,0.971876]]],"btipPosition":[-71.2875,337.994,-70.4064],"carpPosition":[-29.9261,273.237,63.9108],"dipPosition":[-68.4692,335.184,-53.9814],"direction":[-0.212605,0.296768,-0.930982],"extended":true,"handId":353,"id":3531,"length":58.1698,"mcpPosition":[-52.1499,308.818,4.44781],"pipPosition":[-63.3862,328.088,-31.7232],"stabilizedTipPosition":[-96.9389,336.235,-31.8451],"timeVisible":0.23505,"tipPosition":[-69.8271,336.594,-67.0653],"tipVelocity":[234.384,4.19612,-369.126],"tool":false,"touchDistance":-0.725325,"touchZone":"hovering","type":1,"width":19.133},{"bases":[[[0.981264,0.161818,-0.104571],[-0.0779613,0.829827,0.552548],[0.176189,-0.534043,0.826895]],[[0.984017,0.153054,-0.0910204],[-0.177924,0.824091,-0.537789],[-0.00730163,0.545388,0.838152]],[[0.984017,0.153054,-0.0910204],[-0.0660857,-0.160763,-0.984778],[-0.165357,0.975054,-0.148079]],[[0.984017,0.153054,-0.0910204],[0.0341635,-0.663903,-0.747038],[-0.174766,0.731988,-0.658521]]],"btipPosition":[-23.3352,249.145,-17.7049],"carpPosition":[-19.4241,279.325,62.9156],"dipPosition":[-26.5838,262.751,-29.9457],"direction":[0.165357,-0.975054,0.148079],"extended":false,"handId":353,"id":3532,"length":66.2798,"mcpPosition":[-31.5831,316.18,5.85033],"pipPosition":[-31.235,290.177,-34.1108],"stabilizedTipPosition":[-41.9675,252.181,2.47032],"timeVisible":0.23505,"tipPosition":[-24.0227,252.184,-20.2165],"tipVelocity":[183.045,-27.8525,-295.788],"tool":false,"touchDistance":0.333333,"touchZone":"none","type":2,"width":18.7912},{"bases":[[[0.999563,0.0184465,-0.0231009],[-0.00199898,0.821821,0.569743],[0.0294946,-0.569448,0.821498]],[[0.998351,0.0343305,-0.046017],[-0.0545244,0.817954,-0.572694],[0.0179789,0.574259,0.818476]],[[0.998351,0.0343305,-0.046017],[-0.0384164,-0.196183,-0.979814],[-0.0426653,0.979966,-0.194541]],[[0.998351,0.0343305,-0.046017],[-0.00996487,-0.685739,-0.72778],[-0.0565407,0.727038,-0.684266]]],"btipPosition":[-8.17883,252.069,-7.62425],"carpPosition":[-7.7708,282.454,61.4721],"dipPosition":[-9.22379,265.505,-20.2704],"direction":[0.0426653,-0.979966,0.194541],"extended":false,"handId":353,"id":3533,"length":63.7298,"mcpPosition":[-9.59831,317.738,10.5715],"pipPosition":[-10.3929,292.358,-25.6012],"stabilizedTipPosition":[-23.8812,255.008,9.28687],"timeVisible":0.23505,"tipPosition":[-8.44415,255.1,-10.6737],"tipVelocity":[178.708,-33.0425,-274.887],"tool":false,"touchDistance":0.333333,"touchZone":"none","type":3,"width":17.881},{"bases":[[[0.982756,-0.183629,-0.0216846],[0.156108,0.761125,0.629538],[-0.0990966,-0.622068,0.776667]],[[0.936321,-0.316989,0.151066],[0.348787,0.789788,-0.504563],[0.0406309,0.525122,0.850056]],[[0.936321,-0.316989,0.151066],[0.103679,-0.161464,-0.981417],[0.335491,0.934584,-0.118317]],[[0.936321,-0.316989,0.151066],[-0.0889367,-0.630262,-0.771272],[0.339696,0.708723,-0.618319]]],"btipPosition":[-2.59487,265.971,-3.27226],"carpPosition":[5.42481,278.822,58.1746],"dipPosition":[3.19691,278.054,-13.8145],"direction":[-0.335491,-0.934584,0.118317],"extended":false,"handId":353,"id":3534,"length":49.963,"mcpPosition":[11.1086,314.502,13.6278],"pipPosition":[9.68754,296.135,-16.1036],"stabilizedTipPosition":[-13.8027,269.739,10.2027],"timeVisible":0.23505,"tipPosition":[-1.25541,268.633,-5.92906],"tipVelocity":[176.83,-32.3962,-276.189],"tool":false,"touchDistance":0.333333,"touchZone":"none","type":4,"width":15.8833}],"r":[[0.90732,-0.234272,0.349124],[0.342252,0.893844,-0.289666],[-0.244202,0.382308,0.891182]],"s":0.902928,"t":[80.3953,28.8419,-101.978],"timestamp":15234231057},false],[3,{"currentFrameRate":110.121,"devices":[],"gestures":[],"hands":[{"armBasis":[[0.922752,0.351473,-0.158102],[-0.226793,0.826897,0.514594],[0.3116,-0.438986,0.842732]],"armWidth":63.029,"confidence":0.772295,"direction":[-0.1732,0.648256,-0.741462],"elbow":[76.4183,150.79,286.674],"grabStrength":0,"id":353,"palmNormal":[0.196965,-0.714833,-0.670983],"palmPosition":[-22.4871,297.626,19.103],"palmVelocity":[154.536,-4.76208,-302.113],"palmWidth":90.0033,"pinchStrength":0.494911,"r":[[0.90371,-0.235914,0.357285],[0.348198,0.890555,-0.292695],[-0.249131,0.388918,0.886948]],"s":0.904503,"sphereCenter":[-22.6148,278.649,-25.0348],"sphereRadius":47.6319,"stabilizedPalmPosition":[-43.0745,295.253,50.3488],"t":[81.4879,28.7919,-104.423],"timeVisible":0.244042,"type":"right","wrist":[-6.80133,268.031,61.6043]}],"id":1156915,"interactionBox":{"center":[0,200,0],"size":[235.247,235.247,147.751]},"pointables":[{"bases":[[[0.178342,0.871393,0.457022],[-0.79711,-0.14437,0.586321],[0.576896,-0.468862,0.668849]],[[-0.0551967,0.984353,0.167338],[-0.81863,-0.140567,0.556853],[0.571662,-0.106251,0.81358]],[[-0.0551967,0.984353,0.167338],[-0.985789,-0.0803554,0.147521],[0.158659,-0.156817,0.9748]],[[-0.0551967,0.984353,0.167338],[-0.995633,-0.0416243,-0.0835591],[-0.0752864,-0.171219,0.982352]]],"btipPosition":[-63.1572,265.304,-38.9521],"carpPosition":[-31.3226,250.805,56.8367],"dipPosition":[-64.9001,261.34,-16.2109],"direction":[-0.158659,0.156817,-0.9748],"extended":false,"handId":353,"id":3530,"length":51.5512,"mcpPosition":[-31.3226,250.805,56.8367],"pipPosition":[-59.5492,256.052,16.6651],"stabilizedTipPosition":[-94.6844,265.895,9.16631],"timeVisible":0.244042,"tipPosition":[-64.4537,265.842,-32.8225],"tipVelocity":[194.77,-39.9393,-328.282],"tool":false,"touchDistance":-0.505041,"touchZone":"hovering","type":0,"width":20.0304},{"bases":[[[0.922211,0.367377,-0.120673],[-0.244148,0.79519,0.555036],[0.299865,-0.482398,0.823027]],[[0.930057,0.354064,-0.0981495],[-0.258263,0.82,0.510783],[0.261333,-0.449709,0.854088]],[[0.930057,0.354064,-0.0981495],[-0.301299,0.887854,0.347755],[0.21027,-0.293859,0.932434]],[[0.930057,0.354064,-0.0981495],[-0.328242,0.920722,0.211017],[0.165082,-0.164041,0.972542]]],"btipPosition":[-70.0114,337.599,-72.9208],"carpPosition":[-29.2668,273.585,61.9974],"dipPosition":[-67.2215,334.827,-56.4845],"direction":[-0.21027,0.293859,-0.932434],"extended":true,"handId":353,"id":3531,"length":58.1698,"mcpPosition":[-51.0886,308.69,2.1042],"pipPosition":[-62.1943,327.801,-34.1916],"stabilizedTipPosition":[-95.1532,336.282,-34.2607],"timeVisible":0.244042,"tipPosition":[-68.5552,336.154,-69.5844],"tipVelocity":[208.814,-8.73998,-344.491],"tool":false,"touchDistance":-0.718803,"touchZone":"hovering","type":1,"width":19.133},{"bases":[[[0.982263,0.157846,-0.10121],[-0.07808,0.835067,0.544579],[0.170477,-0.527017,0.832581]],[[0.984958,0.149076,-0.0873759],[-0.172491,0.818268,-0.548347],[-0.0102485,0.55517,0.831674]],[[0.984958,0.149076,-0.0873759],[-0.061141,-0.172276,-0.983149],[-0.161617,0.973703,-0.16057]],[[0.984958,0.149076,-0.0873759],[0.0361759,-0.672357,-0.739342],[-0.168966,0.72506,-0.667637]]],"btipPosition":[-22.3306,248.666,-19.1848],"carpPosition":[-18.7412,279.631,60.9984],"dipPosition":[-25.4714,262.144,-31.5949],"direction":[0.161617,-0.973703,0.16057],"extended":false,"handId":353,"id":3532,"length":66.2798,"mcpPosition":[-30.506,316.001,3.54083],"pipPosition":[-30.0174,289.532,-36.1115],"stabilizedTipPosition":[-40.3585,252.146,0.385283],"timeVisible":0.244042,"tipPosition":[-23.0074,251.711,-21.8161],"tipVelocity":[164.232,-35.7056,-260.975],"tool":false,"touchDistance":0.333333,"touchZone":"none","type":2,"width":18.7912},{"bases":[[[0.999717,0.0151674,-0.0183484],[-0.002228,0.826985,0.56222],[0.0237012,-0.562019,0.826784]],[[0.998646,0.0310582,-0.0417268],[-0.0495935,0.810483,-0.583658],[0.0156915,0.584938,0.810926]],[[0.998646,0.0310582,-0.0417268],[-0.034292,-0.210086,-0.977081],[-0.0391126,0.977189,-0.208736]],[[0.998646,0.0310582,-0.0417268],[-0.0083822,-0.695612,-0.718369],[-0.0513369,0.717746,-0.69441]]],"btipPosition":[-7.2128,251.642,-8.92985],"carpPosition":[-7.07129,282.711,59.5839],"dipPosition":[-8.16158,264.907,-21.7635],"direction":[0.0391126,-0.977189,0.208736],"extended":false,"handId":353,"id":3533,"length":63.7298,"mcpPosition":[-8.53984,317.534,8.35575],"pipPosition":[-9.23333,291.683,-27.4832],"stabilizedTipPosition":[-22.2617,254.977,7.20284],"timeVisible":0.244042,"tipPosition":[-7.46089,254.666,-12.1161],"tipVelocity":[159.826,-38.2177,-240.619],"tool":false,"touchDistance":0.333333,"touchZone":"none","type":3,"width":17.881},{"bases":[[[0.982274,-0.186834,-0.0151748],[0.155394,0.766353,0.623343],[-0.104832,-0.614651,0.781802]],[[0.934862,-0.317976,0.157874],[0.352799,0.782552,-0.512977],[0.0395696,0.53526,0.84376]],[[0.934862,-0.317976,0.157874],[0.105012,-0.17712,-0.978571],[0.339125,0.931407,-0.132191]],[[0.934862,-0.317976,0.157874],[-0.0899871,-0.642424,-0.761048],[0.343417,0.697268,-0.629191]]],"btipPosition":[-1.65842,265.634,-4.6828],"carpPosition":[6.12893,279.009,56.3846],"dipPosition":[4.19681,277.522,-15.4104],"direction":[-0.339125,-0.931407,0.132191],"extended":false,"handId":353,"id":3534,"length":49.963,"mcpPosition":[12.1417,314.263,11.5433],"pipPosition":[10.7578,295.542,-17.9679],"stabilizedTipPosition":[-12.4671,269.603,8.48475],"timeVisible":0.244042,"tipPosition":[-0.28937,268.264,-7.46504],"tipVelocity":[157.332,-35.1435,-244.751],"tool":false,"touchDistance":0.333333,"touchZone":"none","type":4,"width":15.8833}],"r":[[0.90371,-0.235914,0.357285],[0.348198,0.890555,-0.292695],[-0.249131,0.388918,0.886948]],"s":0.904503,"t":[81.4879,28.7919,-104.423],"timestamp":15234240049},false],[4,{"currentFrameRate":110.004,"devices":[],"gestures":[],"hands":[{"armBasis":[[0.92468,0.347077,-0.15654],[-0.226358,0.831715,0.506964],[0.306152,-0.433345,0.847634]],"armWidth":63.029,"confidence":0.779025,"direction":[-0.169452,0.643331,-0.7466],"elbow":[75.6572,152.568,286.343],"grabStrength":0,"id":353,"palmNormal":[0.197108,-0.720127,-0.665257],"palmPosition":[-21.5973,297.629,17.2056],"palmVelocity":[137.929,-3.31938,-274.439],"palmWidth":90.0033,"pinchStrength":0.499105,"r":[[0.900446,-0.237106,0.364661],[0.353574,0.88729,-0.296145],[-0.253342,0.395597,0.882791]],"s":0.906413,"sphereCenter":[-22.1251,278.477,-26.6544],"sphereRadius":47.5801,"stabilizedPalmPosition":[-42.1671,295.353,48.9485],"t":[82.479,28.7685,-106.595],"timeVisible":0.25334,"type":"right","wrist":[-6.10751,268.302,59.9636]}],"id":1156916,"interactionBox":{"center":[0,200,0],"size":[235.247,235.247,147.751]},"pointables":[{"bases":[[[0.179201,0.874214,0.451261],[-0.799149,-0.138177,0.585037],[0.573802,-0.465464,0.673866]],[[-0.0541885,0.98582,0.158815],[-0.821729,-0.134387,0.553807],[0.567297,-0.100493,0.817359]],[[-0.0541885,0.98582,0.158815],[-0.986727,-0.0772491,0.142836],[0.153079,-0.148967,0.976922]],[[-0.0541885,0.98582,0.158815],[-0.995407,-0.040761,-0.0866201],[-0.0789184,-0.162779,0.983501]]],"btipPosition":[-62.0047,264.858,-40.8244],"carpPosition":[-30.6579,251.103,55.2491],"dipPosition":[-63.8316,261.089,-18.0566],"direction":[-0.153079,0.148967,-0.976921],"extended":false,"handId":353,"id":3530,"length":51.5512,"mcpPosition":[-30.6579,251.103,55.2491],"pipPosition":[-58.6689,256.065,14.891],"stabilizedTipPosition":[-92.961,265.793,6.77551],"timeVisible":0.25334,"tipPosition":[-63.3205,265.397,-34.7287],"tipVelocity":[174.196,-40.8571,-292.274],"tool":false,"touchDistance":-0.510863,"touchZone":"hovering","type":0,"width":20.0304},{"bases":[[[0.923467,0.364217,-0.120645],[-0.243758,0.799764,0.548599],[0.296296,-0.477205,0.827336]],[[0.930806,0.351779,-0.0992514],[-0.256282,0.82173,0.508999],[0.260613,-0.448343,0.855026]],[[0.930806,0.351779,-0.0992514],[-0.29871,0.888597,0.348092],[0.210646,-0.294359,0.932191]],[[0.930806,0.351779,-0.0992514],[-0.325458,0.921254,0.212997],[0.166364,-0.165957,0.971999]]],"btipPosition":[-69.0451,337.536,-75.0047],"carpPosition":[-28.5601,273.914,60.2518],"dipPosition":[-66.2335,334.732,-58.5776],"direction":[-0.210646,0.294359,-0.932191],"extended":true,"handId":353,"id":3531,"length":58.1698,"mcpPosition":[-50.1221,308.641,0.04512],"pipPosition":[-61.1973,327.694,-36.2905],"stabilizedTipPosition":[-93.5691,336.318,-36.4495],"timeVisible":0.25334,"tipPosition":[-67.5798,336.009,-71.6875],"tipVelocity":[179.362,-8.39158,-310.582],"tool":false,"touchDistance":-0.706547,"touchZone":"hovering","type":1,"width":19.133},{"bases":[[[0.982941,0.154684,-0.0995025],[-0.0775611,0.839154,0.538335],[0.16677,-0.521434,0.836836]],[[0.985587,0.14596,-0.0855225],[-0.168792,0.814706,-0.554765],[-0.0112979,0.561205,0.8276]],[[0.985587,0.14596,-0.0855225],[-0.0586524,-0.179357,-0.982034],[-0.158677,0.972896,-0.168211]],[[0.985587,0.14596,-0.0855225],[0.036682,-0.677904,-0.734235],[-0.165145,0.720515,-0.673488]]],"btipPosition":[-21.4539,248.396,-20.7191],"carpPosition":[-18.0166,279.927,59.2399],"dipPosition":[-24.5237,261.789,-33.238],"direction":[0.158677,-0.972896,0.168211],"extended":false,"handId":353,"id":3532,"length":66.2798,"mcpPosition":[-29.5256,315.912,1.48864],"pipPosition":[-28.987,289.155,-37.9694],"stabilizedTipPosition":[-38.9287,252.093,-1.49902],"timeVisible":0.25334,"tipPosition":[-22.1157,251.423,-23.3821],"tipVelocity":[144.986,-34.4121,-234.649],"tool":false,"touchDistance":0.333333,"touchZone":"none","type":2,"width":18.7912},{"bases":[[[0.9998,0.0125626,-0.0155676],[-0.00178045,0.831011,0.556253],[0.0199248,-0.556114,0.830867]],[[0.998829,0.0283709,-0.0391875],[-0.0460672,0.805164,-0.59126],[0.0147778,0.592373,0.805528]],[[0.998829,0.0283709,-0.0391875],[-0.031996,-0.22018,-0.974934],[-0.0362881,0.975047,-0.219015]],[[0.998829,0.0283709,-0.0391875],[-0.00793085,-0.703026,-0.71112],[-0.047725,0.710598,-0.701978]]],"btipPosition":[-6.34635,251.395,-10.2697],"carpPosition":[-6.33506,282.968,57.837],"dipPosition":[-7.22837,264.528,-23.2432],"direction":[0.0362881,-0.975047,0.219015],"extended":false,"handId":353,"id":3533,"length":63.7298,"mcpPosition":[-7.56962,317.425,6.35588],"pipPosition":[-8.22273,291.245,-29.2445],"stabilizedTipPosition":[-20.8169,254.925,5.32187],"timeVisible":0.25334,"tipPosition":[-6.58033,254.398,-13.5376],"tipVelocity":[141.483,-35.8481,-214.352],"tool":false,"touchDistance":0.333333,"touchZone":"none","type":3,"width":17.881},{"bases":[[[0.981845,-0.189367,-0.0109928],[0.155514,0.770431,0.618265],[-0.10861,-0.60875,0.785893]],[[0.934443,-0.31771,0.160861],[0.353498,0.772915,-0.526918],[0.0430751,0.549239,0.834555]],[[0.934443,-0.31771,0.160861],[0.0997211,-0.200191,-0.974669],[0.341865,0.926814,-0.155385]],[[0.934443,-0.31771,0.160861],[-0.0959338,-0.6596,-0.745469],[0.342947,0.681166,-0.646838]]],"btipPosition":[-0.873281,265.371,-5.52792],"carpPosition":[6.86502,279.21,54.7026],"dipPosition":[4.97393,276.985,-16.5564],"direction":[-0.341865,-0.926814,0.155385],"extended":false,"handId":353,"id":3534,"length":49.963,"mcpPosition":[13.0945,314.126,9.62657],"pipPosition":[11.5879,294.916,-19.5626],"stabilizedTipPosition":[-11.2638,269.458,6.9457],"timeVisible":0.25334,"tipPosition":[0.538894,267.993,-8.58795],"tipVelocity":[136.702,-35.1171,-203.425],"tool":false,"touchDistance":0.333333,"touchZone":"none","type":4,"width":15.8833}],"r":[[0.900446,-0.237106,0.364661],[0.353574,0.88729,-0.296145],[-0.253342,0.395597,0.882791]],"s":0.906413,"t":[82.479,28.7685,-106.595],"timestamp":15234249347},false],[5,{"currentFrameRate":110.181,"devices":[],"gestures":[],"hands":[{"armBasis":[[0.922852,0.349784,-0.161233],[-0.227212,0.832431,0.505404],[0.310998,-0.429779,0.847686]],"armWidth":63.029,"confidence":0.798514,"direction":[-0.166032,0.640692,-0.749632],"elbow":[77.457,153.495,284.884],"grabStrength":0,"id":353,"palmNormal":[0.199013,-0.722771,-0.661813],"palmPosition":[-20.9023,297.458,15.5647],"palmVelocity":[122.195,-7.6743,-251.037],"palmWidth":90.0033,"pinchStrength":0.49908,"r":[[0.897472,-0.237897,0.371414],[0.358264,0.884362,-0.299249],[-0.257274,0.401633,0.87892]],"s":0.908886,"sphereCenter":[-21.8706,278.325,-28.0597],"sphereRadius":47.5403,"stabilizedPalmPosition":[-41.4283,295.426,47.7887],"t":[83.3221,28.6711,-108.501],"timeVisible":0.262103,"type":"right","wrist":[-5.60178,268.277,58.4905]}],"id":1156917,"interactionBox":{"center":[0,200,0],"size":[235.247,235.247,147.751]},"pointables":[{"bases":[[[0.178247,0.875734,0.448685],[-0.801499,-0.135303,0.582488],[0.570813,-0.463447,0.677782]],[[-0.0558382,0.986745,0.152372],[-0.825281,-0.131507,0.549196],[0.561954,-0.0950836,0.821685]],[[-0.0558382,0.986745,0.152372],[-0.98752,-0.0770899,0.13734],[0.147266,-0.142801,0.978734]],[[-0.0558382,0.986745,0.152372],[-0.995357,-0.0430298,-0.0861016],[-0.0784038,-0.156472,0.984566]]],"btipPosition":[-61.048,264.215,-42.6267],"carpPosition":[-30.1491,251.082,53.7462],"dipPosition":[-62.863,260.593,-19.8342],"direction":[-0.147266,0.142801,-0.978734],"extended":false,"handId":353,"id":3530,"length":51.5512,"mcpPosition":[-30.1491,251.082,53.7462],"pipPosition":[-57.8963,255.777,13.1744],"stabilizedTipPosition":[-91.4957,265.681,4.72094],"timeVisible":0.262103,"tipPosition":[-62.3246,264.786,-36.5514],"tipVelocity":[156.827,-48.5377,-268.854],"tool":false,"touchDistance":-0.515059,"touchZone":"hovering","type":0,"width":20.0304},{"bases":[[[0.924242,0.362964,-0.118468],[-0.245146,0.802013,0.544682],[0.292713,-0.474376,0.830233]],[[0.931124,0.351253,-0.0981265],[-0.255486,0.820237,0.511799],[0.260258,-0.451479,0.853483]],[[0.931124,0.351253,-0.0981265],[-0.297258,0.886829,0.353798],[0.211294,-0.300261,0.93016]],[[0.931124,0.351253,-0.0981265],[-0.323792,0.920008,0.220783],[0.167828,-0.173804,0.970374]]],"btipPosition":[-68.2997,337.733,-76.6538],"carpPosition":[-28.0504,273.909,58.672],"dipPosition":[-65.4633,334.796,-60.2542],"direction":[-0.211294,0.300261,-0.93016],"extended":true,"handId":353,"id":3531,"length":58.1698,"mcpPosition":[-49.3516,308.431,-1.74559],"pipPosition":[-60.4117,327.617,-38.0156],"stabilizedTipPosition":[-92.2838,336.355,-38.2559],"timeVisible":0.262103,"tipPosition":[-66.8209,336.064,-73.3762],"tipVelocity":[154.223,-1.05626,-277.923],"tool":false,"touchDistance":-0.689057,"touchZone":"hovering","type":1,"width":19.133},{"bases":[[[0.983449,0.153459,-0.0963192],[-0.0788768,0.841221,0.534907],[0.163112,-0.518457,0.839403]],[[0.986099,0.144556,-0.0819273],[-0.165501,0.810692,-0.561595],[-0.0147643,0.567347,0.823346]],[[0.986099,0.144556,-0.0819273],[-0.0539866,-0.187576,-0.980765],[-0.157144,0.971555,-0.177165]],[[0.986099,0.144556,-0.0819273],[0.0396705,-0.683632,-0.728748],[-0.161353,0.715368,-0.679863]]],"btipPosition":[-20.631,248.014,-21.885],"carpPosition":[-17.4978,279.91,57.678],"dipPosition":[-23.6303,261.311,-34.5224],"direction":[0.157144,-0.971555,0.177165],"extended":false,"handId":353,"id":3532,"length":66.2798,"mcpPosition":[-28.7544,315.689,-0.250423],"pipPosition":[-28.0504,288.639,-39.5057],"stabilizedTipPosition":[-37.7293,252.024,-3.08566],"timeVisible":0.262103,"tipPosition":[-21.2922,251.057,-24.6925],"tipVelocity":[131.772,-37.5666,-208.212],"tool":false,"touchDistance":0.333333,"touchZone":"none","type":2,"width":18.7912},{"bases":[[[0.999863,0.0116371,-0.0117921],[-0.00317236,0.833079,0.553145],[0.0162607,-0.553031,0.833002]],[[0.999002,0.0272842,-0.0353628],[-0.0430176,0.800786,-0.597404],[0.0120183,0.598329,0.80116]],[[0.999002,0.0272842,-0.0353628],[-0.0281454,-0.230215,-0.972733],[-0.0346813,0.972757,-0.229217]],[[0.999002,0.0272842,-0.0353628],[-0.00550159,-0.710538,-0.703638],[-0.0443248,0.70313,-0.709679]]],"btipPosition":[-5.57744,251.108,-11.3155],"carpPosition":[-5.80827,282.935,56.3085],"dipPosition":[-6.39663,264.103,-24.4314],"direction":[0.0346813,-0.972757,0.229217],"extended":false,"handId":353,"id":3533,"length":63.7298,"mcpPosition":[-6.8158,317.201,4.69505],"pipPosition":[-7.34695,290.758,-30.7123],"stabilizedTipPosition":[-19.6085,254.859,3.74392],"timeVisible":0.262103,"tipPosition":[-5.79744,254.092,-14.7186],"tipVelocity":[127.501,-35.9735,-189.854],"tool":false,"touchDistance":0.333333,"touchZone":"none","type":3,"width":17.881},{"bases":[[[0.981712,-0.190258,-0.00653424],[0.153831,0.772594,0.615983],[-0.112148,-0.605723,0.787732]],[[0.933691,-0.317665,0.165258],[0.355724,0.770004,-0.529673],[0.0410094,0.553337,0.831947]],[[0.933691,-0.317665,0.165258],[0.101917,-0.206668,-0.973088],[0.34327,0.925406,-0.160589]],[[0.933691,-0.317665,0.165258],[-0.0949448,-0.664618,-0.741126],[0.345264,0.676292,-0.650709]]],"btipPosition":[-0.129444,265.109,-6.83965],"carpPosition":[7.40037,279.154,53.2385],"dipPosition":[5.75726,276.639,-17.9342],"direction":[-0.34327,-0.925406,0.160589],"extended":false,"handId":353,"id":3534,"length":49.963,"mcpPosition":[13.8327,313.896,8.05697],"pipPosition":[12.3984,294.543,-21.041],"stabilizedTipPosition":[-10.2617,269.322,5.63476],"timeVisible":0.262103,"tipPosition":[1.29485,267.712,-9.92806],"tipVelocity":[123.071,-34.3245,-189.466],"tool":false,"touchDistance":0.333333,"touchZone":"none","type":4,"width":15.8833}],"r":[[0.897472,-0.237897,0.371414],[0.358264,0.884362,-0.299249],[-0.257274,0.401633,0.87892]],"s":0.908886,"t":[83.3221,28.6711,-108.501],"timestamp":15234258110},false],[6,{"currentFrameRate":109.965,"devices":[],"gestures":[],"hands":[{"armBasis":[[0.920908,0.354644,-0.161728],[-0.232977,0.833468,0.501051],[0.31249,-0.423743,0.850172]],"armWidth":63.029,"confidence":0.804168,"direction":[-0.161859,0.636699,-0.753933],"elbow":[78.2431,154.997,284.108],"grabStrength":0,"id":353,"palmNormal":[0.205899,-0.725402,-0.656809],"palmPosition":[-20.257,297.104,13.8698],"palmVelocity":[106.68,-16.1863,-230.337],"palmWidth":90.0033,"pinchStrength":0.507223,"r":[[0.894603,-0.237681,0.378409],[0.362042,0.881889,-0.301988],[-0.261938,0.407159,0.874991]],"s":0.912001,"sphereCenter":[-21.6257,278.015,-29.4495],"sphereRadius":47.4986,"stabilizedPalmPosition":[-40.7463,295.48,46.6961],"t":[84.0663,28.4455,-110.301],"timeVisible":0.271579,"type":"right","wrist":[-5.21435,268.166,57.0506]}],"id":1156918,"interactionBox":{"center":[0,200,0],"size":[235.247,235.247,147.751]},"pointables":[{"bases":[[[0.172606,0.878305,0.445856],[-0.805615,-0.134561,0.576956],[0.566738,-0.458775,0.68435]],[[-0.0640106,0.987934,0.141032],[-0.830432,-0.131104,0.541474],[0.55343,-0.0824575,0.828804]],[[-0.0640106,0.987934,0.141032],[-0.988574,-0.0820991,0.12642],[0.136473,-0.131328,0.9819]],[[-0.0640106,0.987934,0.141032],[-0.994276,-0.0510199,-0.0938784],[-0.0855501,-0.146234,0.985544]]],"btipPosition":[-59.6301,262.773,-44.6538],"carpPosition":[-29.6815,250.887,52.2001],"dipPosition":[-61.6105,259.387,-21.8386],"direction":[-0.136473,0.131328,-0.9819],"extended":false,"handId":353,"id":3530,"length":51.5512,"mcpPosition":[-29.6815,250.887,52.2001],"pipPosition":[-57.0079,254.958,11.2768],"stabilizedTipPosition":[-89.9757,265.503,2.58549],"timeVisible":0.271579,"tipPosition":[-60.9264,263.471,-38.6178],"tipVelocity":[153.612,-76.6289,-252.94],"tool":false,"touchDistance":-0.522214,"touchZone":"hovering","type":0,"width":20.0304},{"bases":[[[0.924217,0.364735,-0.113098],[-0.251328,0.80397,0.53895],[0.287501,-0.469682,0.834711]],[[0.930657,0.353707,-0.0936457],[-0.259044,0.817688,0.514084],[0.258408,-0.454177,0.852613]],[[0.930657,0.353707,-0.0936457],[-0.299839,0.883927,0.358845],[0.209702,-0.305883,0.928688]],[[0.930657,0.353707,-0.0936457],[-0.325821,0.917586,0.227764],[0.16649,-0.181458,0.969203]]],"btipPosition":[-67.4084,337.603,-78.5268],"carpPosition":[-27.6776,273.743,57.0328],"dipPosition":[-64.5947,334.536,-62.147],"direction":[-0.209702,0.305883,-0.928688],"extended":true,"handId":353,"id":3531,"length":58.1698,"mcpPosition":[-48.5996,307.922,-3.71058],"pipPosition":[-59.5811,327.223,-39.9436],"stabilizedTipPosition":[-91.0864,336.38,-39.9685],"timeVisible":0.271579,"tipPosition":[-65.9299,335.791,-75.2857],"tipVelocity":[136.809,-5.58688,-255.041],"tool":false,"touchDistance":-0.676648,"touchZone":"hovering","type":1,"width":19.133},{"bases":[[[0.983775,0.155488,-0.0894957],[-0.0850864,0.843551,0.530265],[0.157944,-0.514047,0.843095]],[[0.986375,0.146519,-0.0748107],[-0.162938,0.807307,-0.567192],[-0.0227095,0.571654,0.820181]],[[0.986375,0.146519,-0.0748107],[-0.0455976,-0.193436,-0.980053],[-0.158068,0.970111,-0.184119]],[[0.986375,0.146519,-0.0748107],[0.0472427,-0.687859,-0.724305],[-0.157584,0.710902,-0.685409]]],"btipPosition":[-19.5746,247.483,-23.2768],"carpPosition":[-17.1327,279.765,56.0913],"dipPosition":[-22.5038,260.697,-36.0174],"direction":[0.158068,-0.970111,0.184119],"extended":false,"handId":353,"id":3532,"length":66.2798,"mcpPosition":[-28.0327,315.24,-2.09194],"pipPosition":[-26.9499,287.985,-41.1963],"stabilizedTipPosition":[-36.5231,251.92,-4.68098],"timeVisible":0.271579,"tipPosition":[-20.2221,250.509,-26.1347],"tipVelocity":[126.441,-43.4407,-191.341],"tool":false,"touchDistance":0.333333,"touchZone":"none","type":2,"width":18.7912},{"bases":[[[0.999892,0.0141114,-0.00416922],[-0.00950437,0.835688,0.549122],[0.0112331,-0.549023,0.835732]],[[0.999178,0.029578,-0.0277196],[-0.0403419,0.792543,-0.608481],[0.0039713,0.609099,0.793084]],[[0.999178,0.029578,-0.0277196],[-0.0194807,-0.249313,-0.968227],[-0.0355491,0.967971,-0.248532]],[[0.999178,0.029578,-0.0277196],[0.00231935,-0.724406,-0.68937],[-0.0404705,0.688739,-0.723879]]],"btipPosition":[-4.59009,250.659,-11.8474],"carpPosition":[-5.44062,282.813,54.7971],"dipPosition":[-5.33804,263.388,-25.2257],"direction":[0.0355491,-0.967971,0.248532],"extended":false,"handId":353,"id":3533,"length":63.7298,"mcpPosition":[-6.13663,316.831,3.01458],"pipPosition":[-6.31214,289.912,-32.0359],"stabilizedTipPosition":[-18.3376,254.75,2.14584],"timeVisible":0.271579,"tipPosition":[-4.79494,253.613,-15.5333],"tipVelocity":[121.313,-41.1007,-153.329],"tool":false,"touchDistance":0.333333,"touchZone":"none","type":3,"width":17.881},{"bases":[[[0.982205,-0.187802,0.00191247],[0.147161,0.7759,0.613452],[-0.116691,-0.602254,0.78973]],[[0.934145,-0.312898,0.171664],[0.354979,0.764827,-0.537615],[0.0369254,0.563147,0.825531]],[[0.934145,-0.312898,0.171664],[0.104569,-0.219924,-0.969896],[0.341231,0.923974,-0.172721]],[[0.934145,-0.312898,0.171664],[-0.0911803,-0.674268,-0.732836],[0.34505,0.668923,-0.658394]]],"btipPosition":[0.717379,264.617,-7.75576],"carpPosition":[7.80063,279.051,51.8467],"dipPosition":[6.60044,276.022,-18.9813],"direction":[-0.341231,-0.923974,0.172721],"extended":false,"handId":353,"id":3534,"length":49.963,"mcpPosition":[14.4936,313.594,6.55069],"pipPosition":[13.2021,293.898,-22.3229],"stabilizedTipPosition":