{"sensorType":"Leap","data":[[0,{"currentFrameRate":109.322,"devices":[],"gestures":[],"hands":[{"armBasis":[[0.972035,0.122777,-0.200184],[-0.0488115,0.939456,0.339175],[0.229707,-0.319918,0.919177]],"armWidth":63.029,"confidence":0.92045,"direction":[-0.039068,0.65637,-0.753427],"elbow":[59.5994,153.864,317.666],"grabStrength":0.0777268,"id":355,"palmNormal":[0.037165,-0.752526,-0.657513],"palmPosition":[-11.206,270.744,29.1635],"palmVelocity":[13.1878,253.143,-174.691],"palmWidth":90.0033,"pinchStrength":0.424933,"r":[[0.937035,0.0459846,0.346194],[-0.125422,0.969471,0.210703],[-0.325936,-0.240856,0.914196]],"s":1.08485,"sphereCenter":[-22.3567,252.588,-12.5948],"sphereRadius":46.0325,"stabilizedPalmPosition":[-11.2718,267.093,31.6863],"t":[57.1746,109.197,-67.9589],"timeVisible":0.352606,"type":"right","wrist":[-1.74892,239.305,72.1792]}],"id":1160146,"interactionBox":{"center":[0,200,0],"size":[235.247,235.247,147.751]},"pointables":[{"bases":[[[0.360947,0.822763,0.439065],[-0.804997,0.0371739,0.592113],[0.470847,-0.567167,0.67574]],[[0.136589,0.982837,0.123994],[-0.825884,0.043859,0.562132],[0.547046,-0.179186,0.8177]],[[0.136589,0.982837,0.123994],[-0.989836,0.130403,0.056747],[0.0396039,-0.130484,0.990659]],[[0.136589,0.982837,0.123994],[-0.983431,0.119471,0.136342],[0.119188,-0.140562,0.982872]]],"btipPosition":[-60.4835,244.033,-28.6926],"carpPosition":[-29.3776,227.53,67.8465],"dipPosition":[-57.7243,240.779,-5.93932],"direction":[-0.0396039,0.130484,-0.990659],"extended":false,"handId":355,"id":3550,"length":51.5512,"mcpPosition":[-29.3776,227.53,67.8465],"pipPosition":[-56.3887,236.378,27.4715],"stabilizedTipPosition":[-62.1065,236.411,-16.9932],"timeVisible":0.352606,"tipPosition":[-58.9086,242.929,-23.4379],"tipVelocity":[65.3988,216.959,-204.004],"tool":false,"touchDistance":-0.411401,"touchZone":"hovering","type":0,"width":20.0304},{"bases":[[[0.97781,0.163132,-0.131436],[-0.0673373,0.838847,0.540186],[0.198377,-0.519348,0.831218]],[[0.969029,0.183912,-0.164799],[-0.0810245,0.867193,0.491337],[0.233275,-0.462767,0.855237]],[[0.969029,0.183912,-0.164799],[-0.173836,0.98201,0.0737333],[0.175394,-0.0428018,0.983567]],[[0.969029,0.183912,-0.164799],[-0.223503,0.93697,-0.268578],[0.105017,0.297093,0.949056]]],"btipPosition":[-52.8614,302.923,-63.8395],"carpPosition":[-22.5436,249.461,72.5491],"dipPosition":[-51.0866,307.944,-47.8001],"direction":[-0.175394,0.0428018,-0.983567],"extended":true,"handId":355,"id":3551,"length":58.1698,"mcpPosition":[-36.9799,287.255,12.0599],"pipPosition":[-46.8932,306.921,-24.2847],"stabilizedTipPosition":[-52.6002,300.104,-57.3459],"timeVisible":0.352606,"tipPosition":[-51.7562,302.077,-59.7757],"tipVelocity":[17.4915,305.496,-208.083],"tool":false,"touchDistance":0.176815,"touchZone":"hovering","type":1,"width":19.133},{"bases":[[[0.992678,-0.0539426,-0.108077],[0.103314,0.842745,0.528306],[0.0625833,-0.535604,0.842147]],[[0.993649,-0.0636432,-0.0927928],[0.00293645,0.839058,-0.544035],[0.112483,0.540307,0.833916]],[[0.993649,-0.0636432,-0.0927928],[-0.111607,-0.452548,-0.884728],[0.0143137,0.889466,-0.456777]],[[0.993649,-0.0636432,-0.0927928],[-0.0920085,-0.934281,-0.344461],[-0.064772,0.350811,-0.934203]]],"btipPosition":[-19.8717,232.804,3.72716],"carpPosition":[-10.9912,253.141,71.3907],"dipPosition":[-21.0757,239.325,-13.638],"direction":[-0.0143137,-0.889466,0.456777],"extended":false,"handId":355,"id":3552,"length":66.2798,"mcpPosition":[-15.3102,290.104,13.2729],"pipPosition":[-20.6731,264.344,-26.4863],"stabilizedTipPosition":[-21.4566,229.196,3.6317],"timeVisible":0.352606,"tipPosition":[-20.0536,234.391,0.684533],"tipVelocity":[64.3367,241.193,-184.705],"tool":false,"touchDistance":0.333333,"touchZone":"none","type":2,"width":18.7912},{"bases":[[[0.980436,-0.195548,-0.0224867],[0.175915,0.819234,0.545811],[-0.0883106,-0.539089,0.837606]],[[0.97847,-0.206313,-0.00569594],[0.16438,0.795693,-0.582968],[0.124806,0.56948,0.812475]],[[0.97847,-0.206313,-0.00569594],[-0.107578,-0.486265,-0.867164],[0.176137,0.849106,-0.49799]],[[0.97847,-0.206313,-0.00569594],[-0.196852,-0.924596,-0.326147],[0.0620219,0.320246,-0.945302]]],"btipPosition":[-4.963,232.723,13.181],"carpPosition":[1.05371,253.674,69.8709],"dipPosition":[-3.81675,238.642,-4.28946],"direction":[-0.176137,-0.849106,0.49799],"extended":false,"handId":355,"id":3553,"length":63.7298,"mcpPosition":[6.5255,287.077,17.9722],"pipPosition":[1.00969,261.908,-17.9352],"stabilizedTipPosition":[-5.49922,230.164,11.7621],"timeVisible":0.352606,"tipPosition":[-4.53635,234.255,9.87513],"tipVelocity":[58.9988,255.181,-171.029],"tool":false,"touchDistance":0.333333,"touchZone":"none","type":3,"width":17.881},{"bases":[[[0.920992,-0.389283,-0.0152644],[0.317769,0.727979,0.607511],[-0.225381,-0.564363,0.794165]],[[0.890662,-0.448918,0.072061],[0.418662,0.747957,-0.515056],[0.177319,0.48891,0.854122]],[[0.890662,-0.448918,0.072061],[-0.132414,-0.407735,-0.903448],[0.434956,0.795125,-0.422598]],[[0.890662,-0.448918,0.072061],[-0.385403,-0.829525,-0.40417],[0.241216,0.332207,-0.911841]]],"btipPosition":[7.35405,241.446,14.9932],"carpPosition":[13.1565,247.223,66.6945],"dipPosition":[11.4668,247.11,-0.553626],"direction":[-0.434956,-0.795125,0.422598],"extended":false,"handId":355,"id":3554,"length":49.963,"mcpPosition":[26.0836,279.593,21.1441],"pipPosition":[19.8817,262.493,-8.7295],"stabilizedTipPosition":[7.90146,239.512,13.4288],"timeVisible":0.352606,"tipPosition":[8.5269,242.654,12.2291],"tipVelocity":[44.4388,273.308,-172.1],"tool":false,"touchDistance":0.333333,"touchZone":"none","type":4,"width":15.8833}],"r":[[0.937035,0.0459846,0.346194],[-0.125422,0.969471,0.210703],[-0.325936,-0.240856,0.914196]],"s":1.08485,"t":[57.1746,109.197,-67.9589],"timestamp":15263922531},false],[1,{"currentFrameRate":109.325,"devices":[],"gestures":[],"hands":[{"armBasis":[[0.972036,0.128115,-0.196808],[-0.0552174,0.939269,0.338711],[0.228249,-0.318372,0.920077]],"armWidth":63.029,"confidence":0.927753,"direction":[-0.0384785,0.658292,-0.751779],"elbow":[59.1986,155.967,317.064],"grabStrength":0.0644132,"id":355,"palmNormal":[0.0442056,-0.750478,-0.659415],"palmPosition":[-11.1539,272.509,28.3619],"palmVelocity":[11.1046,236.44,-150.491],"palmWidth":90.0033,"pinchStrength":0.423631,"r":[[0.93449,0.052651,0.352075],[-0.133879,0.968377,0.21053],[-0.329857,-0.243874,0.911987]],"s":1.08816,"sphereCenter":[-22.2162,254.455,-13.5081],"sphereRadius":46.1037,"stabilizedPalmPosition":[-11.2271,269.148,30.4248],"t":[57.211,111.218,-69.1388],"timeVisible":0.361746,"type":"right","wrist":[-1.76039,240.996,71.3372]}],"id":1160147,"interactionBox":{"center":[0,200,0],"size":[235.247,235.247,147.751]},"pointables":[{"bases":[[[0.354659,0.823285,0.443192],[-0.808163,0.0315504,0.588113],[0.470202,-0.566751,0.676538]],[[0.13172,0.982953,0.128273],[-0.827837,0.0378961,0.559688],[0.545286,-0.179911,0.818716]],[[0.13172,0.982953,0.128273],[-0.990484,0.125298,0.0569425],[0.0398994,-0.134552,0.990103]],[[0.13172,0.982953,0.128273],[-0.985455,0.115828,0.124351],[0.107374,-0.142786,0.983912]]],"btipPosition":[-60.0639,245.824,-29.7635],"carpPosition":[-29.3084,229.098,66.8311],"dipPosition":[-57.5782,242.519,-6.98615],"direction":[-0.0398994,0.134552,-0.990103],"extended":false,"handId":355,"id":3550,"length":51.5512,"mcpPosition":[-29.3084,229.098,66.8311],"pipPosition":[-56.2326,237.981,26.4059],"stabilizedTipPosition":[-61.5266,238.331,-18.6637],"timeVisible":0.361746,"tipPosition":[-58.5668,244.696,-24.5169],"tipVelocity":[58.0634,210.78,-179.678],"tool":false,"touchDistance":-0.414575,"touchZone":"hovering","type":0,"width":20.0304},{"bases":[[[0.977649,0.168303,-0.126005],[-0.0742073,0.83698,0.542178],[0.196714,-0.520709,0.830762]],[[0.968521,0.19003,-0.160795],[-0.087603,0.864816,0.494388],[0.233007,-0.464739,0.85424]],[[0.968521,0.19003,-0.160795],[-0.178271,0.980323,0.0847735],[0.173741,-0.0534398,0.98334]],[[0.968521,0.19003,-0.160795],[-0.226473,0.940773,-0.252301],[0.103327,0.280774,0.954196]]],"btipPosition":[-52.7238,305.223,-64.7648],"carpPosition":[-22.6065,251.048,71.6297],"dipPosition":[-50.9775,309.969,-48.6386],"direction":[-0.173741,0.0534398,-0.98334],"extended":true,"handId":355,"id":3551,"length":58.1698,"mcpPosition":[-36.9217,288.941,11.1736],"pipPosition":[-46.8237,308.691,-25.1286],"stabilizedTipPosition":[-52.4894,302.578,-58.8235],"timeVisible":0.361746,"tipPosition":[-51.6161,304.375,-60.7173],"tipVelocity":[16.6148,288.591,-177.752],"tool":false,"touchDistance":0.183685,"touchZone":"hovering","type":1,"width":19.133},{"bases":[[[0.993467,-0.0487617,-0.103177],[0.096481,0.841749,0.531178],[0.0609484,-0.537662,0.840955]],[[0.99441,-0.0585175,-0.0878889],[0.00163333,0.840804,-0.541337],[0.105575,0.538168,0.836199]],[[0.99441,-0.0585175,-0.0878889],[-0.10486,-0.449773,-0.886966],[0.012373,0.891224,-0.453395]],[[0.99441,-0.0585175,-0.0878889],[-0.0857277,-0.933379,-0.348503],[-0.0616401,0.354089,-0.933178]]],"btipPosition":[-19.5086,234.585,2.73598],"carpPosition":[-11.0666,254.789,70.5403],"dipPosition":[-20.6543,241.167,-14.6101],"direction":[-0.012373,-0.891224,0.453395],"extended":false,"handId":355,"id":3552,"length":66.2798,"mcpPosition":[-15.2727,291.894,12.5048],"pipPosition":[-20.3063,266.235,-27.3632],"stabilizedTipPosition":[-20.9463,231.287,2.15178],"timeVisible":0.361746,"tipPosition":[-19.6831,236.185,-0.314484],"tipVelocity":[57.8993,228.727,-163.356],"tool":false,"touchDistance":0.333333,"touchZone":"none","type":2,"width":18.7912},{"bases":[[[0.981489,-0.190667,-0.0180463],[0.169107,0.818546,0.548986],[-0.0899015,-0.541875,0.835637]],[[0.979576,-0.201064,-0.00195431],[0.162593,0.79779,-0.580599],[0.118297,0.568423,0.814187]],[[0.979576,-0.201064,-0.00195431],[-0.101204,-0.484618,-0.868851],[0.173748,0.851304,-0.495069]],[[0.979576,-0.201064,-0.00195431],[-0.190443,-0.924623,-0.329854],[0.0645148,0.323489,-0.94403]]],"btipPosition":[-4.62795,234.533,12.3362],"carpPosition":[0.983104,255.385,69.0833],"dipPosition":[-3.43563,240.511,-5.11077],"direction":[-0.173748,-0.851304,0.495069],"extended":false,"handId":355,"id":3553,"length":63.7298,"mcpPosition":[6.55347,288.96,17.3066],"pipPosition":[1.32533,263.839,-18.6765],"stabilizedTipPosition":[-5.06787,232.327,10.4672],"timeVisible":0.361746,"tipPosition":[-4.20407,236.085,9.00349],"tipVelocity":[53.106,239.698,-148.999],"tool":false,"touchDistance":0.333333,"touchZone":"none","type":3,"width":17.881},{"bases":[[[0.922964,-0.38471,-0.0116678],[0.311094,0.727815,0.611151],[-0.226624,-0.5677,0.791428]],[[0.890977,-0.447132,0.0789515],[0.42175,0.750579,-0.508682],[0.168189,0.486522,0.857327]],[[0.890977,-0.447132,0.0789515],[-0.122667,-0.40446,-0.906292],[0.437165,0.7978,-0.415213]],[[0.890977,-0.447132,0.0789515],[-0.379606,-0.828954,-0.410773],[0.249117,0.336018,-0.908313]]],"btipPosition":[7.54422,243.383,14.091],"carpPosition":[13.1335,249.002,65.9504],"dipPosition":[11.7916,249.112,-1.39566],"direction":[-0.437165,-0.7978,0.415213],"extended":false,"handId":355,"id":3554,"length":49.963,"mcpPosition":[26.1319,281.563,20.557],"pipPosition":[20.2493,264.547,-9.42866],"stabilizedTipPosition":[8.16855,241.748,12.1789],"timeVisible":0.361746,"tipPosition":[8.75739,244.595,11.3393],"tipVelocity":[38.8075,256.697,-151.261],"tool":false,"touchDistance":0.333333,"touchZone":"none","type":4,"width":15.8833}],"r":[[0.93449,0.052651,0.352075],[-0.133879,0.968377,0.21053],[-0.329857,-0.243874,0.911987]],"s":1.08816,"t":[57.211,111.218,-69.1388],"timestamp":15263931671},false],[2,{"currentFrameRate":109.497,"devices":[],"gestures":[],"hands":[{"armBasis":[[0.973246,0.126212,-0.191995],[-0.0554743,0.939975,0.336705],[0.222966,-0.317046,0.921828]],"armWidth":63.029,"confidence":0.934169,"direction":[-0.0368832,0.658392,-0.751771],"elbow":[57.6849,157.992,316.39],"grabStrength":0.0514916,"id":355,"palmNormal":[0.0450679,-0.750422,-0.659421],"palmPosition":[-11.1679,274.189,27.2071],"palmVelocity":[7.67692,223.964,-145.179],"palmWidth":90.0033,"pinchStrength":0.422468,"r":[[0.93227,0.0578846,0.357103],[-0.140634,0.967464,0.210324],[-0.33331,-0.2463,0.910077]],"s":1.0911,"sphereCenter":[-22.3929,256.195,-14.6732],"sphereRadius":46.1638,"stabilizedPalmPosition":[-11.2053,271.008,29.2379],"t":[57.2222,113.068,-70.3062],"timeVisible":0.370573,"type":"right","wrist":[-1.86312,242.667,70.1954]}],"id":1160148,"interactionBox":{"center":[0,200,0],"size":[235.247,235.247,147.751]},"pointables":[{"bases":[[[0.354207,0.823092,0.443911],[-0.809189,0.0318113,0.586687],[0.468776,-0.567017,0.677304]],[[0.13237,0.982733,0.129286],[-0.828225,0.0380038,0.559106],[0.544539,-0.181087,0.818954]],[[0.13237,0.982733,0.129286],[-0.990316,0.125612,0.0591314],[0.0418704,-0.135861,0.989843]],[[0.13237,0.982733,0.129286],[-0.986307,0.117647,0.115574],[0.0983681,-0.142814,0.984849]]],"btipPosition":[-59.9845,247.61,-30.98],"carpPosition":[-29.4079,230.78,65.6392],"dipPosition":[-57.7073,244.303,-8.18097],"direction":[-0.0418704,0.135861,-0.989843],"extended":false,"handId":355,"id":3550,"length":51.5512,"mcpPosition":[-29.4079,230.78,65.6392],"pipPosition":[-56.2952,239.721,25.2023],"stabilizedTipPosition":[-61.0759,240.189,-20.2068],"timeVisible":0.370573,"tipPosition":[-58.563,246.467,-25.7332],"tipVelocity":[43.3424,208.471,-168.219],"tool":false,"touchDistance":-0.419623,"touchZone":"hovering","type":0,"width":20.0304},{"bases":[[[0.977938,0.167921,-0.124258],[-0.0748272,0.836949,0.542141],[0.195034,-0.520882,0.83105]],[[0.968437,0.190619,-0.160609],[-0.0879415,0.864199,0.495405],[0.233232,-0.465644,0.853685]],[[0.968437,0.190619,-0.160609],[-0.17732,0.979697,0.0935508],[0.175181,-0.0621188,0.982575]],[[0.968437,0.190619,-0.160609],[-0.225438,0.944712,-0.238111],[0.106341,0.266803,0.957866]]],"btipPosition":[-52.7956,307.397,-65.9834],"carpPosition":[-22.7056,252.727,70.4521],"dipPosition":[-50.9984,311.906,-49.7952],"direction":[-0.175181,0.0621188,-0.982575],"extended":true,"handId":355,"id":3551,"length":58.1698,"mcpPosition":[-36.8986,290.633,9.97515],"pipPosition":[-46.8102,310.421,-26.3035],"stabilizedTipPosition":[-52.4476,304.862,-60.1642],"timeVisible":0.370573,"tipPosition":[-51.6715,306.543,-61.953],"tipVelocity":[10.2878,275.498,-166.594],"tool":false,"touchDistance":0.183921,"touchZone":"hovering","type":1,"width":19.133},{"bases":[[[0.993628,-0.049152,-0.101427],[0.0958821,0.84165,0.531442],[0.0592442,-0.537781,0.841]],[[0.994541,-0.0589188,-0.0861235],[0.00287681,0.84051,-0.541788],[0.104309,0.538583,0.836091]],[[0.994541,-0.0589188,-0.0861235],[-0.103469,-0.449861,-0.887085],[0.0135223,0.891153,-0.453501]],[[0.994541,-0.0589188,-0.0861235],[-0.0855036,-0.933237,-0.348937],[-0.0598147,0.354396,-0.93318]]],"btipPosition":[-19.4926,236.244,1.58434],"carpPosition":[-11.1623,256.463,69.3836],"dipPosition":[-20.6044,242.832,-15.7618],"direction":[-0.0135223,-0.891153,0.453501],"extended":false,"handId":355,"id":3552,"length":66.2798,"mcpPosition":[-15.2509,293.576,11.345],"pipPosition":[-20.2241,267.898,-28.5179],"stabilizedTipPosition":[-20.5905,233.209,0.798436],"timeVisible":0.370573,"tipPosition":[-19.6633,237.854,-1.4985],"tipVelocity":[42.9886,217.761,-154.473],"tool":false,"touchDistance":0.333333,"touchZone":"none","type":2,"width":18.7912},{"bases":[[[0.981442,-0.191062,-0.0163327],[0.168467,0.818416,0.549376],[-0.0915978,-0.541933,0.835415]],[[0.979583,-0.201039,-0.000899644],[0.16317,0.797664,-0.58061],[0.117443,0.568609,0.814182]],[[0.979583,-0.201039,-0.000899644],[-0.100221,-0.484448,-0.86906],[0.174279,0.851407,-0.494705]],[[0.979583,-0.201039,-0.000899644],[-0.190024,-0.924436,-0.33062],[0.0656357,0.324041,-0.943764]]],"btipPosition":[-4.61331,236.185,11.2],"carpPosition":[0.89017,257.055,67.948],"dipPosition":[-3.40027,242.174,-6.24208],"direction":[-0.174279,-0.851407,0.494705],"extended":false,"handId":355,"id":3553,"length":63.7298,"mcpPosition":[6.56563,290.633,16.185],"pipPosition":[1.37525,265.504,-19.7978],"stabilizedTipPosition":[-4.79751,234.256,9.25875],"timeVisible":0.370573,"tipPosition":[-4.1942,237.744,7.84716],"tipVelocity":[39.3563,225.584,-143.488],"tool":false,"touchDistance":0.333333,"touchZone":"none","type":3,"width":17.881},{"bases":[[[0.922827,-0.385082,-0.0100796],[0.310308,0.72762,0.611782],[-0.228252,-0.567697,0.790962]],[[0.889309,-0.449592,0.0836462],[0.426477,0.749341,-0.506562],[0.165067,0.486164,0.858136]],[[0.889309,-0.449592,0.0836462],[-0.11882,-0.403796,-0.9071],[0.441601,0.796753,-0.41252]],[[0.889309,-0.449592,0.0836462],[-0.379663,-0.827824,-0.412994],[0.254923,0.335521,-0.906885]]],"btipPosition":[7.47197,245.089,12.8984],"carpPosition":[13.0435,250.667,64.8359],"dipPosition":[11.8184,250.81,-2.56392],"direction":[-0.441601,-0.796753,0.41252],"extended":false,"handId":355,"id":3554,"length":49.963,"mcpPosition":[26.1353,283.228,19.4692],"pipPosition":[20.3619,266.225,-10.5448],"stabilizedTipPosition":[8.29537,243.697,10.9919],"timeVisible":0.370573,"tipPosition":[8.71897,246.292,10.1408],"tipVelocity":[26.8117,239.519,-146.728],"tool":false,"touchDistance":0.333333,"touchZone":"none","type":4,"width":15.8833}],"r":[[0.93227,0.0578846,0.357103],[-0.140634,0.967464,0.210324],[-0.33331,-0.2463,0.910077]],"s":1.0911,"t":[57.2222,113.068,-70.3062],"timestamp":15263940498},false],[3,{"currentFrameRate":109.424,"devices":[],"gestures":[],"hands":[{"armBasis":[[0.971737,0.12717,-0.198886],[-0.0540756,0.940006,0.336844],[0.229791,-0.316569,0.920315]],"armWidth":63.029,"confidence":0.918292,"direction":[-0.0324388,0.65656,-0.753576],"elbow":[59.1333,160.256,314.158],"grabStrength":0.0367072,"id":355,"palmNormal":[0.0453639,-0.752228,-0.657339],"palmPosition":[-11.3047,276.239,25.2664],"palmVelocity":[1.36266,223.198,-163.256],"palmWidth":90.0033,"pinchStrength":0.421356,"r":[[0.930229,0.061739,0.361749],[-0.145657,0.966891,0.209536],[-0.336836,-0.247608,0.908423]],"s":1.09379,"sphereCenter":[-22.7065,258.23,-16.6033],"sphereRadius":46.2369,"stabilizedPalmPosition":[-11.2424,272.962,27.7538],"t":[57.1594,115.018,-71.8603],"timeVisible":0.379841,"type":"right","wrist":[-2.23747,244.802,68.3677]}],"id":1160149,"interactionBox":{"center":[0,200,0],"size":[235.247,235.247,147.751]},"pointables":[{"bases":[[[0.354866,0.823266,0.443061],[-0.811169,0.035502,0.583733],[0.464838,-0.566544,0.680406]],[[0.135201,0.982499,0.128123],[-0.829675,0.0415742,0.556697],[0.541628,-0.181566,0.820776]],[[0.135201,0.982499,0.128123],[-0.989932,0.128478,0.0593961],[0.0418956,-0.134864,0.989978]],[[0.135201,0.982499,0.128123],[-0.987013,0.122228,0.104243],[0.0867583,-0.140553,0.986265]]],"btipPosition":[-59.9631,249.746,-33.0022],"carpPosition":[-29.7981,232.979,63.7444],"dipPosition":[-57.9546,246.492,-10.1704],"direction":[-0.0418956,0.134864,-0.989978],"extended":false,"handId":355,"id":3550,"length":51.5512,"mcpPosition":[-29.7981,232.979,63.7444],"pipPosition":[-56.5417,241.944,23.2175],"stabilizedTipPosition":[-60.7182,242.19,-21.9203],"timeVisible":0.379841,"tipPosition":[-58.6408,248.593,-27.7479],"tipVelocity":[29.9158,215.037,-182.056],"tool":false,"touchDistance":-0.436214,"touchZone":"hovering","type":0,"width":20.0304},{"bases":[[[0.978823,0.164958,-0.12122],[-0.0744736,0.838535,0.539734],[0.190681,-0.519276,0.833063]],[[0.969013,0.188676,-0.159422],[-0.0869571,0.86466,0.494774],[0.231198,-0.46558,0.854273]],[[0.969013,0.188676,-0.159422],[-0.174028,0.979501,0.101446],[0.175295,-0.0705588,0.981984]],[[0.969013,0.188676,-0.159422],[-0.221641,0.949053,-0.223993],[0.109038,0.252386,0.961463]]],"btipPosition":[-52.7885,309.916,-68.1288],"carpPosition":[-23.0534,254.92,68.5249],"dipPosition":[-50.9457,314.181,-51.8798],"direction":[-0.175295,0.0705588,-0.981984],"extended":true,"handId":355,"id":3551,"length":58.1698,"mcpPosition":[-36.9296,292.709,7.90145],"pipPosition":[-46.7547,312.494,-28.4022],"stabilizedTipPosition":[-52.4145,307.27,-61.8507],"timeVisible":0.379841,"tipPosition":[-51.6513,309.034,-64.1165],"tipVelocity":[7.9275,272.737,-184.434],"tool":false,"touchDistance":0.167091,"touchZone":"hovering","type":1,"width":19.133},{"bases":[[[0.993844,-0.0520975,-0.0977796],[0.0962847,0.842747,0.529628],[0.0548112,-0.535782,0.842575]],[[0.994678,-0.0618674,-0.0823854],[0.00703672,0.838562,-0.544761],[0.102788,0.541282,0.834535]],[[0.994678,-0.0618674,-0.0823854],[-0.10152,-0.452194,-0.886123],[0.017568,0.889771,-0.456068]],[[0.994678,-0.0618674,-0.0823854],[-0.0868323,-0.933784,-0.347141],[-0.0554535,0.352447,-0.934187]]],"btipPosition":[-19.643,238.211,-0.255067],"carpPosition":[-11.4963,258.622,67.4878],"dipPosition":[-20.6737,244.762,-17.6199],"direction":[-0.017568,-0.889771,0.456068],"extended":false,"handId":355,"id":3552,"length":66.2798,"mcpPosition":[-15.2789,295.597,9.34045],"pipPosition":[-20.1796,269.79,-30.4483],"stabilizedTipPosition":[-20.3738,235.195,-0.741578],"timeVisible":0.379841,"tipPosition":[-19.8003,239.827,-3.38507],"tipVelocity":[26.8869,215.956,-166.988],"tool":false,"touchDistance":0.333333,"touchZone":"none","type":2,"width":18.7912},{"bases":[[[0.980972,-0.193755,-0.0123675],[0.168742,0.819363,0.547879],[-0.0960208,-0.53954,0.836466]],[[0.979135,-0.203199,0.00232112],[0.166584,0.796058,-0.581843],[0.116382,0.570089,0.813298]],[[0.979135,-0.203199,0.00232112],[-0.0987252,-0.48564,-0.868566],[0.177619,0.850214,-0.495568]],[[0.979135,-0.203199,0.00232112],[-0.191079,-0.924503,-0.329823],[0.0691654,0.322498,-0.94404]]],"btipPosition":[-4.77653,238.155,9.34801],"carpPosition":[0.562765,259.177,66.0933],"dipPosition":[-3.49826,244.115,-8.09916],"direction":[-0.177619,-0.850214,0.495568],"extended":false,"handId":355,"id":3553,"length":63.7298,"mcpPosition":[6.51228,292.608,14.2653],"pipPosition":[1.36878,267.412,-21.6785],"stabilizedTipPosition":[-4.67933,236.233,7.78666],"timeVisible":0.379841,"tipPosition":[-4.35498,239.711,5.987],"tipVelocity":[23.7767,221.717,-159.381],"tool":false,"touchDistance":0.333333,"touchZone":"none","type":3,"width":17.881},{"bases":[[[0.921809,-0.3876,-0.00582673],[0.310115,0.728344,0.611018],[-0.232587,-0.565049,0.791595]],[[0.88538,-0.455377,0.0934541],[0.436998,0.746748,-0.501398],[0.158539,0.484767,0.860155]],[[0.88538,-0.455377,0.0934541],[-0.111005,-0.40232,-0.908744],[0.45142,0.79421,-0.406755]],[[0.88538,-0.455377,0.0934541],[-0.380753,-0.825707,-0.416216],[0.266701,0.332927,-0.90445]]],"btipPosition":[7.22429,247.161,10.8432],"carpPosition":[12.7097,252.749,63.0406],"dipPosition":[11.7715,252.838,-4.5776],"direction":[-0.45142,-0.79421,0.406755],"extended":false,"handId":355,"id":3554,"length":49.963,"mcpPosition":[26.05,285.158,17.6376],"pipPosition":[20.505,268.203,-12.447],"stabilizedTipPosition":[8.28478,245.701,9.43939],"timeVisible":0.379841,"tipPosition":[8.52241,248.324,8.12729],"tipVelocity":[13.145,234.72,-167.555],"tool":false,"touchDistance":0.333333,"touchZone":"none","type":4,"width":15.8833}],"r":[[0.930229,0.061739,0.361749],[-0.145657,0.966891,0.209536],[-0.336836,-0.247608,0.908423]],"s":1.09379,"t":[57.1594,115.018,-71.8603],"timestamp":15263949766},false],[4,{"currentFrameRate":109.561,"devices":[],"gestures":[],"hands":[{"armBasis":[[0.973942,0.122668,-0.190762],[-0.0527787,0.940603,0.335382],[0.220572,-0.316574,0.922566]],"armWidth":63.029,"confidence":0.867428,"direction":[-0.0303718,0.653585,-0.756244],"elbow":[56.2833,162.06,312.56],"grabStrength":0.0232606,"id":355,"palmNormal":[0.0448139,-0.754941,-0.654259],"palmPosition":[-11.5851,277.888,22.9303],"palmVelocity":[-7.57876,212.979,-190.33],"palmWidth":90.0033,"pinchStrength":0.423108,"r":[[0.928503,0.0647786,0.365632],[-0.149376,0.966639,0.208075],[-0.339955,-0.247815,0.907203]],"s":1.09591,"sphereCenter":[-23.1322,259.756,-18.8989],"sphereRadius":46.2935,"stabilizedPalmPosition":[-11.3584,274.63,26.1208],"t":[56.9878,116.818,-73.8053],"timeVisible":0.388725,"type":"right","wrist":[-2.62525,246.608,66.1684]}],"id":1160150,"interactionBox":{"center":[0,200,0],"size":[235.247,235.247,147.751]},"pointables":[{"bases":[[[0.355798,0.824409,0.440179],[-0.811802,0.0392826,0.58261],[0.463017,-0.56463,0.683234]],[[0.137701,0.982474,0.125628],[-0.829772,0.0451691,0.556271],[0.540848,-0.180842,0.82145]],[[0.137701,0.982474,0.125628],[-0.989526,0.130911,0.0608312],[0.043319,-0.132689,0.990211]],[[0.137701,0.982474,0.125628],[-0.98785,0.127002,0.0895682],[0.0720435,-0.136435,0.988026]]],"btipPosition":[-60.0351,251.378,-35.2691],"carpPosition":[-30.2013,234.815,61.5594],"dipPosition":[-58.3673,248.219,-12.3965],"direction":[-0.043319,0.132689,-0.990211],"extended":false,"handId":355,"id":3550,"length":51.5512,"mcpPosition":[-30.2013,234.815,61.5594],"pipPosition":[-56.9063,243.744,20.9992],"stabilizedTipPosition":[-60.4941,243.967,-23.6193],"timeVisible":0.388725,"tipPosition":[-58.8855,250.219,-30.0022],"tipVelocity":[17.1945,207.193,-201.623],"tool":false,"touchDistance":-0.454788,"touchZone":"hovering","type":0,"width":20.0304},{"bases":[[[0.979259,0.162736,-0.120704],[-0.0736296,0.840827,0.536273],[0.188763,-0.516263,0.835369]],[[0.969128,0.187204,-0.160458],[-0.0856642,0.865896,0.492835],[0.2312,-0.463874,0.8552]],[[0.969128,0.187204,-0.160458],[-0.171425,0.979346,0.107217],[0.177215,-0.0764008,0.981202]],[[0.969128,0.187204,-0.160458],[-0.219117,0.952304,-0.212379],[0.113046,0.240982,0.963923]]],"btipPosition":[-53.1325,311.8,-70.6239],"carpPosition":[-23.4233,256.763,66.26],"dipPosition":[-51.222,315.872,-54.3332],"direction":[-0.177215,0.0764008,-0.981202],"extended":true,"handId":355,"id":3551,"length":58.1698,"mcpPosition":[-37.1599,294.333,5.46865],"pipPosition":[-46.9851,314.046,-30.8744],"stabilizedTipPosition":[-52.5165,309.271,-63.6904],"timeVisible":0.388725,"tipPosition":[-51.9836,310.906,-66.6282],"tipVelocity":[-4.2672,254.906,-210.325],"tool":false,"touchDistance":0.13482,"touchZone":"hovering","type":1,"width":19.133},{"bases":[[[0.993866,-0.0542498,-0.0963743],[0.0971478,0.844696,0.526357],[0.0528522,-0.53249,0.844784]],[[0.994667,-0.063996,-0.0808816],[0.00918102,0.836039,-0.548594],[0.102728,0.544925,0.832168]],[[0.994667,-0.063996,-0.0808816],[-0.101232,-0.455721,-0.884347],[0.0197352,0.887819,-0.45977]],[[0.994667,-0.063996,-0.0808816],[-0.0881025,-0.934929,-0.343725],[-0.0536215,0.349017,-0.935581]]],"btipPosition":[-19.9621,239.748,-2.43059],"carpPosition":[-11.8584,260.441,65.2219],"dipPosition":[-20.9588,246.235,-19.8214],"direction":[-0.0197352,-0.887819,0.45977],"extended":false,"handId":355,"id":3552,"length":66.2798,"mcpPosition":[-15.5059,297.189,6.92207],"pipPosition":[-20.4037,271.208,-32.7538],"stabilizedTipPosition":[-20.3229,236.88,-2.32719],"timeVisible":0.388725,"tipPosition":[-20.1139,241.358,-5.59534],"tipVelocity":[10.0697,203.828,-188.324],"tool":false,"touchDistance":0.333333,"touchZone":"none","type":2,"width":18.7912},{"bases":[[[0.98064,-0.19554,-0.0104098],[0.169542,0.821256,0.544788],[-0.0979788,-0.536006,0.838509]],[[0.979074,-0.203493,0.00206557],[0.166696,0.796131,-0.581712],[0.11673,0.569883,0.813392]],[[0.979074,-0.203493,0.00206557],[-0.0980064,-0.48039,-0.871562],[0.178349,0.853122,-0.490281]],[[0.979074,-0.203493,0.00206557],[-0.190914,-0.921974,-0.33692],[0.0704652,0.329476,-0.941531]]],"btipPosition":[-5.07414,239.528,6.77238],"carpPosition":[0.203232,260.969,63.8397],"dipPosition":[-3.77184,245.617,-10.6284],"direction":[-0.178349,-0.853122,0.490281],"extended":false,"handId":355,"id":3553,"length":63.7298,"mcpPosition":[6.27407,294.18,11.8851],"pipPosition":[1.1152,268.994,-24.0629],"stabilizedTipPosition":[-4.71125,237.806,6.10612],"timeVisible":0.388725,"tipPosition":[-4.67089,241.162,3.4977],"tipVelocity":[8.3908,204.387,-194.506],"tool":false,"touchDistance":0.333333,"touchZone":"none","type":3,"width":17.881},{"bases":[[[0.921126,-0.389252,-0.00316219],[0.310677,0.730242,0.608462],[-0.234536,-0.561453,0.793576]],[[0.882413,-0.45952,0.100936],[0.444219,0.743101,-0.500471],[0.154971,0.486459,0.85985]],[[0.882413,-0.45952,0.100936],[-0.106546,-0.404149,-0.908467],[0.458252,0.790889,-0.405587]],[[0.882413,-0.45952,0.100936],[-0.382204,-0.825267,-0.415758],[0.274348,0.328293,-0.903857]]],"btipPosition":[6.831,248.797,8.49428],"carpPosition":[12.3423,254.507,60.8275],"dipPosition":[11.5086,254.395,-6.91637],"direction":[-0.458252,-0.790889,0.405587],"extended":false,"handId":355,"id":3554,"length":49.963,"mcpPosition":[25.7945,286.71,15.3108],"pipPosition":[20.3743,269.696,-14.7631],"stabilizedTipPosition":[8.14166,247.361,7.73925],"timeVisible":0.388725,"tipPosition":[8.167,249.926,5.78435],"tipVelocity":[-1.53052,220.425,-193.784],"tool":false,"touchDistance":0.333333,"touchZone":"none","type":4,"width":15.8833}],"r":[[0.928503,0.0647786,0.365632],[-0.149376,0.966639,0.208075],[-0.339955,-0.247815,0.907203]],"s":1.09591,"t":[56.9878,116.818,-73.8053],"timestamp":15263958650},false],[5,{"currentFrameRate":109.599,"devices":[],"gestures":[],"hands":[{"armBasis":[[0.972637,0.123712,-0.196655],[-0.0544447,0.94424,0.324727],[0.225862,-0.305134,0.925137]],"armWidth":63.029,"confidence":0.879493,"direction":[-0.0288343,0.653918,-0.756016],"elbow":[57.3444,166.785,311.687],"grabStrength":0.0098864,"id":355,"palmNormal":[0.0470821,-0.754602,-0.654491],"palmPosition":[-11.8447,279.572,21.3616],"palmVelocity":[-13.399,205.518,-185.608],"palmWidth":90.0033,"pinchStrength":0.425396,"r":[[0.926899,0.0673065,0.369228],[-0.152594,0.966388,0.206904],[-0.342891,-0.248121,0.906014]],"s":1.09765,"sphereCenter":[-23.4851,261.494,-20.5206],"sphereRadius":46.3549,"stabilizedPalmPosition":[-11.5155,276.226,24.5838],"t":[56.7722,118.56,-75.5622],"timeVisible":0.397781,"type":"right","wrist":[-2.97709,248.278,64.6086]}],"id":1160151,"interactionBox":{"center":[0,200,0],"size":[235.247,235.247,147.751]},"pointables":[{"bases":[[[0.354046,0.824455,0.441505],[-0.813369,0.0384332,0.580477],[0.461608,-0.564622,0.684193]],[[0.137203,0.982341,0.127209],[-0.830817,0.0441969,0.554787],[0.539368,-0.181806,0.82221]],[[0.137203,0.982341,0.127209],[-0.989609,0.130364,0.0606505],[0.0429961,-0.134208,0.99002]],[[0.137203,0.982341,0.127209],[-0.988794,0.128197,0.0765038],[0.058845,-0.13628,0.988921]]],"btipPosition":[-59.9768,253.126,-36.9592],"carpPosition":[-30.5324,236.468,59.9211],"dipPosition":[-58.6145,249.971,-14.0658],"direction":[-0.0429961,0.134209,-0.99002],"extended":false,"handId":355,"id":3550,"length":51.5512,"mcpPosition":[-30.5324,236.468,59.9211],"pipPosition":[-57.1644,245.444,19.3235],"stabilizedTipPosition":[-60.3232,245.703,-25.2811],"timeVisible":0.397781,"tipPosition":[-58.9695,251.962,-31.6869],"tipVelocity":[12.0847,203.302,-197.338],"tool":false,"touchDistance":-0.462922,"touchZone":"hovering","type":0,"width":20.0304},{"bases":[[[0.979459,0.163488,-0.118035],[-0.0756464,0.840523,0.53647],[0.186917,-0.516521,0.835624]],[[0.968978,0.188914,-0.15935],[-0.0871695,0.864565,0.494903],[0.231262,-0.46566,0.854212]],[[0.968978,0.188914,-0.15935],[-0.171405,0.978183,0.117378],[0.178048,-0.0864229,0.980219]],[[0.968978,0.188914,-0.15935],[-0.218668,0.955798,-0.196557],[0.115174,0.225304,0.967457]]],"btipPosition":[-53.416,314.054,-72.2468],"carpPosition":[-23.7825,258.418,64.6499],"dipPosition":[-51.4695,317.862,-55.8964],"direction":[-0.178048,0.0864229,-0.980219],"extended":true,"handId":355,"id":3551,"length":58.1698,"mcpPosition":[-37.3849,296.007,3.83997],"pipPosition":[-47.2127,315.796,-32.4611],"stabilizedTipPosition":[-52.6774,311.286,-65.3981],"timeVisible":0.397781,"tipPosition":[-52.2564,313.128,-68.2724],"tipVelocity":[-11.4773,251.403,-201.318],"tool":false,"touchDistance":0.119496,"touchZone":"hovering","type":1,"width":19.133},{"bases":[[[0.994156,-0.0534995,-0.0937681],[0.0951538,0.844517,0.527007],[0.0509942,-0.532849,0.844672]],[[0.994926,-0.0633038,-0.078196],[0.0101652,0.836508,-0.547861],[0.100093,0.544286,0.832907]],[[0.994926,-0.0633038,-0.078196],[-0.0984978,-0.454529,-0.885269],[0.0204985,0.888479,-0.458458]],[[0.994926,-0.0633038,-0.078196],[-0.0866038,-0.934443,-0.345421],[-0.0512033,0.35044,-0.935184]]],"btipPosition":[-20.1338,241.422,-4.08009],"carpPosition":[-12.2176,262.105,63.6441],"dipPosition":[-21.0856,247.936,-21.4635],"direction":[-0.0204985,-0.888479,0.458458],"extended":false,"handId":355,"id":3552,"length":66.2798,"mcpPosition":[-15.7368,298.877,5.35206],"pipPosition":[-20.509,272.927,-34.359],"stabilizedTipPosition":[-20.3309,238.499,-3.86863],"timeVisible":0.397781,"tipPosition":[-20.2775,243.039,-7.25167],"tipVelocity":[2.37133,198.779,-186.566],"tool":false,"touchDistance":0.333333,"touchZone":"none","type":2,"width":18.7912},{"bases":[[[0.980803,-0.19484,-0.00790502],[0.167516,0.821121,0.545618],[-0.0998171,-0.536469,0.837996]],[[0.979476,-0.201546,0.00259541],[0.165917,0.798879,-0.578156],[0.114452,0.566721,0.815922]],[[0.979476,-0.201546,0.00259541],[-0.0949068,-0.472512,-0.876199],[0.177821,0.857969,-0.481942]],[[0.979476,-0.201546,0.00259541],[-0.188135,-0.918771,-0.347079],[0.0723371,0.339467,-0.937832]]],"btipPosition":[-5.23559,241.052,4.84996],"carpPosition":[-0.152665,262.642,62.2941],"dipPosition":[-3.8987,247.326,-12.4825],"direction":[-0.177821,-0.857969,0.481942],"extended":false,"handId":355,"id":3553,"length":63.7298,"mcpPosition":[6.03208,295.882,10.3713],"pipPosition":[0.973873,270.836,-25.6885],"stabilizedTipPosition":[-4.77865,239.264,4.47679],"timeVisible":0.397781,"tipPosition":[-4.84628,242.76,1.64412],"tipVelocity":[1.39607,195.72,-198.933],"tool":false,"touchDistance":0.333333,"touchZone":"none","type":3,"width":17.881},{"bases":[[[0.921407,-0.388597,-0.000905502],[0.308546,0.730177,0.609624],[-0.236237,-0.561991,0.79269]],[[0.879947,-0.462495,0.10859],[0.451396,0.742699,-0.494612],[0.148106,0.484249,0.862304]],[[0.879947,-0.462495,0.10859],[-0.0987977,-0.40173,-0.910413],[0.464685,0.790387,-0.399195]],[[0.879947,-0.462495,0.10859],[-0.381031,-0.823595,-0.420127],[0.283741,0.328313,-0.900945]]],"btipPosition":[6.54067,250.598,6.76954],"carpPosition":[11.999,256.19,59.311],"dipPosition":[11.3784,256.196,-8.59147],"direction":[-0.464685,-0.790387,0.399195],"extended":false,"handId":355,"id":3554,"length":49.963,"mcpPosition":[25.5487,288.424,13.8452],"pipPosition":[20.3685,271.487,-16.3146],"stabilizedTipPosition":[7.96686,248.981,6.12737],"timeVisible":0.397781,"tipPosition":[7.92236,251.703,4.08292],"tipVelocity":[-8.83478,214.471,-192.516],"tool":false,"touchDistance":0.333333,"touchZone":"none","type":4,"width":15.8833}],"r":[[0.926899,0.0673065,0.369228],[-0.152594,0.966388,0.206904],[-0.342891,-0.248121,0.906014]],"s":1.09765,"t":[56.7722,118.56,-75.5622],"timestamp":15263967706},false],[6,{"currentFrameRate":109.672,"devices":[],"gestures":[],"hands":[{"armBasis":[[0.971043,0.129882,-0.200515],[-0.0585603,0.943105,0.327297],[0.231617,-0.306077,0.923401]],"armWidth":63.029,"confidence":0.89038,"direction":[-0.0290737,0.651224,-0.758328],"elbow":[58.6011,167.887,310.479],"grabStrength":0,"id":355,"palmNormal":[0.0514763,-0.756667,-0.651771],"palmPosition":[-12.1173,280.746,20.4863],"palmVelocity":[-18.0436,185.001,-161.416],"palmWidth":90.0033,"pinchStrength":0.427156,"r":[[0.925352,0.0702273,0.372549],[-0.155948,0.966213,0.205213],[-0.34555,-0.247993,0.905039]],"s":1.09906,"sphereCenter":[-23.8055,262.535,-21.3733],"sphereRadius":46.4116,"stabilizedPalmPosition":[-11.6995,277.609,23.3304],"t":[56.5281,120.018,-76.8783],"timeVisible":0.406768,"type":"right","wrist":[-3.25739,249.632,63.864]}],"id":1160152,"interactionBox":{"center":[0,200,0],"size":[235.247,235.247,147.751]},"pointables":[{"bases":[[[0.349979,0.827191,0.439624],[-0.815061,0.037576,0.578156],[0.461726,-0.560663,0.687362]],[[0.133814,0.983123,0.12475],[-0.832222,0.0431341,0.552762],[0.538052,-0.177787,0.823949]],[[0.133814,0.983123,0.12475],[-0.990092,0.12722,0.0594457],[0.0425718,-0.131469,0.990406]],[[0.133814,0.983123,0.12475],[-0.989846,0.126504,0.0648182],[0.0479428,-0.132157,0.990069]]],"btipPosition":[-59.8713,253.981,-37.8626],"carpPosition":[-30.7587,237.709,59.1431],"dipPosition":[-58.7615,250.922,-14.9427],"direction":[-0.0425718,0.131469,-0.990406],"extended":false,"handId":355,"id":3550,"length":51.5512,"mcpPosition":[-30.7587,237.709,59.1431],"pipPosition":[-57.3257,246.488,18.4596],"stabilizedTipPosition":[-60.1837,247.197,-26.7226],"timeVisible":0.406768,"tipPosition":[-58.9834,252.842,-32.5804],"tipVelocity":[10.2162,174.322,-170.603],"tool":false,"touchDistance":-0.458424,"touchZone":"hovering","type":0,"width":20.0304},{"bases":[[[0.979198,0.166504,-0.115965],[-0.0800214,0.842083,0.533379],[0.186462,-0.513004,0.837889]],[[0.968326,0.192639,-0.158858],[-0.0910926,0.864915,0.493582],[0.232482,-0.463478,0.855068]],[[0.968326,0.192639,-0.158858],[-0.174207,0.977011,0.122885],[0.178878,-0.0913185,0.979624]],[[0.968326,0.192639,-0.158858],[-0.220959,0.957409,-0.185865],[0.116287,0.215079,0.969649]]],"btipPosition":[-53.7889,315.276,-73.306],"carpPosition":[-24.0981,259.7,63.8147],"dipPosition":[-51.8236,318.911,-56.9186],"direction":[-0.178878,0.0913185,-0.979624],"extended":true,"handId":355,"id":3551,"length":58.1698,"mcpPosition":[-37.6672,297.032,2.83993],"pipPosition":[-47.5469,316.728,-33.4975],"stabilizedTipPosition":[-52.9012,312.924,-66.803],"timeVisible":0.406768,"tipPosition":[-52.6198,314.343,-69.3497],"tipVelocity":[-19.5755,218.547,-178.17],"tool":false,"touchDistance":0.108478,"touchZone":"hovering","type":1,"width":19.133},{"bases":[[[0.994585,-0.0503462,-0.0909144],[0.0907888,0.846642,0.524362],[0.0505724,-0.529776,0.846628]],[[0.995351,-0.0601438,-0.0752276],[0.00881455,0.834668,-0.550683],[0.0959102,0.54746,0.831318]],[[0.995351,-0.0601438,-0.0752276],[-0.0944714,-0.457588,-0.884131],[0.0187518,0.887128,-0.461143]],[[0.995351,-0.0601438,-0.0752276],[-0.0824591,-0.93574,-0.342916],[-0.0497692,0.347525,-0.936349]]],"btipPosition":[-20.2086,242.469,-4.85893],"carpPosition":[-12.5434,263.423,62.8273],"dipPosition":[-21.1337,248.928,-22.264],"direction":[-0.0187518,-0.887128,0.461143],"extended":false,"handId":355,"id":3552,"length":66.2798,"mcpPosition":[-16.0334,299.983,4.40028],"pipPosition":[-20.6062,273.882,-35.235],"stabilizedTipPosition":[-20.354,239.893,-5.14492],"timeVisible":0.406768,"tipPosition":[-20.3488,244.079,-8.04633],"tipVelocity":[-0.373265,175.834,-159.321],"tool":false,"touchDistance":0.333333,"touchZone":"none","type":2,"width":18.7912},{"bases":[[[0.981494,-0.191438,-0.00460335],[0.163181,0.823562,0.543248],[-0.100207,-0.533945,0.83956]],[[0.980284,-0.197532,0.00499893],[0.163822,0.798326,-0.579515],[0.110482,0.568908,0.814946]],[[0.980284,-0.197532,0.00499893],[-0.0910613,-0.47407,-0.875766],[0.175361,0.858044,-0.48271]],[[0.980284,-0.197532,0.00499893],[-0.183622,-0.920014,-0.346204],[0.0729854,0.33846,-0.938146]]],"btipPosition":[-5.30472,242.171,4.03683],"carpPosition":[-0.476801,263.998,61.5079],"dipPosition":[-3.95585,248.427,-13.3014],"direction":[-0.175361,-0.858044,0.48271],"extended":false,"handId":355,"id":3553,"length":63.7298,"mcpPosition":[5.73209,297.081,9.48817],"pipPosition":[0.849333,271.938,-26.5284],"stabilizedTipPosition":[-4.84086,240.516,3.20061],"timeVisible":0.406768,"tipPosition":[-4.92815,243.871,0.823826],"tipVelocity":[-1.01228,176.067,-169.231],"tool":false,"touchDistance":0.333333,"touchZone":"none","type":3,"width":17.881},{"bases":[[[0.922755,-0.385376,0.00290098],[0.304355,0.733331,0.607943],[-0.236414,-0.560099,0.793975]],[[0.877777,-0.463794,0.120009],[0.458911,0.742133,-0.488507],[0.137504,0.483874,0.864268]],[[0.877777,-0.463794,0.120009],[-0.0859828,-0.398957,-0.91293],[0.47129,0.79103,-0.390073]],[[0.877777,-0.463794,0.120009],[-0.376143,-0.822354,-0.426908],[0.296687,0.32959,-0.896296]]],"btipPosition":[6.27941,251.856,5.63996],"carpPosition":[11.7052,257.578,58.5796],"dipPosition":[11.3379,257.476,-9.64179],"direction":[-0.47129,-0.79103,0.390073],"extended":false,"handId":355,"id":3554,"length":49.963,"mcpPosition":[25.2651,289.703,13.04],"pipPosition":[20.4558,272.78,-17.1884],"stabilizedTipPosition":[7.79189,250.372,4.79094],"timeVisible":0.406768,"tipPosition":[7.72803,252.959,3.