{"sensorType":"Leap","data":[[0,{"currentFrameRate":110.299,"devices":[],"gestures":[],"hands":[{"armBasis":[[0.892895,0.365247,-0.263311],[-0.205242,0.85066,0.483997],[0.400767,-0.378116,0.834514]],"armWidth":63.029,"confidence":0.545605,"direction":[0.00347211,0.532763,-0.846257],"elbow":[77.6089,144.044,306.163],"grabStrength":0.325956,"id":355,"palmNormal":[0.20558,-0.828567,-0.520782],"palmPosition":[-35.7398,268.647,35.0118],"palmVelocity":[125.998,132.555,-161.474],"palmWidth":90.0033,"pinchStrength":0.411746,"r":[[0.857657,0.220316,0.464635],[-0.284005,0.956203,0.0708356],[-0.428679,-0.192711,0.882664]],"s":1.10646,"sphereCenter":[-45.2593,244.695,-5.40346],"sphereRadius":47.4452,"stabilizedPalmPosition":[-45.5312,252.169,49.0496],"t":[31.518,108.239,-62.1637],"timeVisible":14.6968,"type":"right","wrist":[-29.4248,245.029,83.287]}],"id":1161706,"interactionBox":{"center":[0,200,0],"size":[235.247,235.247,147.751]},"pointables":[{"bases":[[[0.210601,0.914331,0.3459],[-0.880892,0.0240701,0.472705],[0.423882,-0.404253,0.810496]],[[-0.00994408,0.997544,-0.0693259],[-0.917503,0.0184649,0.397301],[0.397605,0.0675575,0.915066]],[[-0.00994408,0.997544,-0.0693259],[-0.998509,-0.00618405,0.0542421],[0.0536801,0.0697619,0.996118]],[[-0.00994408,0.997544,-0.0693259],[-0.974255,0.00595059,0.225371],[0.22523,0.0697822,0.971803]]],"btipPosition":[-81.4935,222.215,-23.8562],"carpPosition":[-54.8368,229.519,77.4184],"dipPosition":[-76.2795,223.83,-1.35914],"direction":[-0.0536801,-0.0697619,-0.996118],"extended":false,"handId":355,"id":3550,"length":51.5512,"mcpPosition":[-54.8368,229.519,77.4184],"pipPosition":[-74.4691,226.183,32.2358],"stabilizedTipPosition":[-95.3206,205.5,8.1438],"timeVisible":14.6968,"tipPosition":[-79.3384,222.701,-18.8693],"tipVelocity":[167.3,39.965,-108.157],"tool":false,"touchDistance":-0.474228,"touchZone":"touching","type":0,"width":20.0304},{"bases":[[[0.965324,0.259173,-0.0312815],[-0.227173,0.89302,0.388469],[0.128616,-0.367892,0.920931]],[[0.954159,0.283922,-0.0947022],[-0.208234,0.857015,0.471342],[0.214985,-0.430015,0.876851]],[[0.954159,0.283922,-0.0947022],[-0.292985,0.950692,-0.101709],[0.0611551,0.124793,0.990296]],[[0.954159,0.283922,-0.0947022],[-0.287226,0.779666,-0.556437],[-0.0841485,0.558131,0.825475]]],"btipPosition":[-69.5045,285.187,-62.4774],"carpPosition":[-50.9688,252.557,79.4306],"dipPosition":[-70.9266,294.62,-48.5266],"direction":[-0.0611551,-0.124793,-0.990296],"extended":true,"handId":355,"id":3551,"length":58.1698,"mcpPosition":[-60.3284,279.329,12.4128],"pipPosition":[-69.4645,297.603,-24.8503],"stabilizedTipPosition":[-73.8438,284.769,-51.7292],"timeVisible":14.6968,"tipPosition":[-69.1276,285.317,-58.2658],"tipVelocity":[138.952,59.0329,-242.96],"tool":false,"touchDistance":-0.597695,"touchZone":"hovering","type":1,"width":19.133},{"bases":[[[0.998314,0.051026,0.0276641],[-0.0578237,0.915686,0.397712],[-0.00503799,-0.398642,0.917093]],[[0.996833,0.031173,0.073158],[0.0203013,0.789724,-0.613127],[-0.0768876,0.61267,0.78659]],[[0.996833,0.031173,0.073158],[0.0791497,-0.299938,-0.95067],[-0.00769239,0.953449,-0.301455]],[[0.996833,0.031173,0.073158],[0.068343,-0.806183,-0.587706],[0.0406581,0.590845,-0.80576]]],"btipPosition":[-36.3212,217.897,1.83547],"carpPosition":[-39.7953,257.398,79.1712],"dipPosition":[-35.5654,228.879,-13.1422],"direction":[0.00769239,-0.953449,0.301455],"extended":false,"handId":355,"id":3552,"length":66.2798,"mcpPosition":[-39.4476,284.909,15.8813],"pipPosition":[-35.7818,255.698,-21.6215],"stabilizedTipPosition":[-42.5215,217.27,2.36631],"timeVisible":14.6968,"tipPosition":[-36.053,220.944,-3.20414],"tipVelocity":[163.698,67.3749,-75.0164],"tool":false,"touchDistance":0.333333,"touchZone":"none","type":2,"width":18.7912},{"bases":[[[0.988191,-0.077368,0.13226],[0.013518,0.903817,0.427705],[-0.152629,-0.420866,0.89419]],[[0.988882,-0.0754323,0.128148],[0.139078,0.774146,-0.617539],[-0.0526226,0.628496,0.776031]],[[0.988882,-0.0754323,0.128148],[0.0975147,-0.321642,-0.941827],[0.112262,0.943852,-0.310711]],[[0.988882,-0.0754323,0.128148],[0.0141615,-0.810093,-0.586131],[0.148025,0.581429,-0.800018]]],"btipPosition":[-21.8,220.846,12.7137],"carpPosition":[-27.7709,259.154,79.1157],"dipPosition":[-19.0643,231.592,-2.07176],"direction":[-0.112262,-0.943852,0.310711],"extended":false,"handId":355,"id":3553,"length":63.7298,"mcpPosition":[-18.3138,285.231,23.711],"pipPosition":[-15.9882,257.455,-10.5857],"stabilizedTipPosition":[-28.072,218.863,14.0045],"timeVisible":14.6968,"tipPosition":[-20.99,223.681,8.21831],"tipVelocity":[156.912,92.6927,-87.2667],"tool":false,"touchDistance":0.333333,"touchZone":"none","type":3,"width":17.881},{"bases":[[[0.947976,-0.273825,0.162364],[0.153515,0.840024,0.520377],[-0.278882,-0.46838,0.838359]],[[0.850309,-0.380578,0.363503],[0.516321,0.737011,-0.436152],[-0.101916,0.558548,0.823187]],[[0.850309,-0.380578,0.363503],[0.269392,-0.278601,-0.921851],[0.452108,0.881784,-0.134372]],[[0.850309,-0.380578,0.363503],[-0.0526479,-0.748747,-0.660762],[0.523643,0.542715,-0.656703]]],"btipPosition":[-12.87,234.835,15.4646],"carpPosition":[-14.7554,253.819,78.5451],"dipPosition":[-3.94195,244.088,4.26787],"direction":[-0.452108,-0.881784,0.134372],"extended":false,"handId":355,"id":3554,"length":49.963,"mcpPosition":[1.24026,280.684,30.4598],"pipPosition":[4.80485,261.148,1.66821],"stabilizedTipPosition":[-21.8948,228.287,22.8199],"timeVisible":14.6968,"tipPosition":[-10.1785,237.343,11.8473],"tipVelocity":[150.75,102.843,-99.9689],"tool":false,"touchDistance":0.333333,"touchZone":"none","type":4,"width":15.8833}],"r":[[0.857657,0.220316,0.464635],[-0.284005,0.956203,0.0708356],[-0.428679,-0.192711,0.882664]],"s":1.10646,"t":[31.518,108.239,-62.1637],"timestamp":15278266734},false],[1,{"currentFrameRate":110.396,"devices":[],"gestures":[],"hands":[{"armBasis":[[0.897421,0.351883,-0.266108],[-0.198986,0.861188,0.467717],[0.393751,-0.366787,0.842869]],"armWidth":63.029,"confidence":0.581131,"direction":[0.00351131,0.558389,-0.829572],"elbow":[76.7317,147.609,306.013],"grabStrength":0.301317,"id":355,"palmNormal":[0.200162,-0.813181,-0.546509],"palmPosition":[-34.7727,270.681,33.3953],"palmVelocity":[121.332,158.711,-167.021],"palmWidth":90.0033,"pinchStrength":0.415045,"r":[[0.855734,0.222797,0.466991],[-0.285555,0.956006,0.0671615],[-0.431483,-0.190824,0.881708]],"s":1.11032,"sphereCenter":[-44.1989,247.913,-7.77941],"sphereRadius":47.4825,"stabilizedPalmPosition":[-43.8918,254.99,46.6641],"t":[32.5733,109.825,-63.7246],"timeVisible":14.7057,"type":"right","wrist":[-28.4282,245.567,80.9059]}],"id":1161707,"interactionBox":{"center":[0,200,0],"size":[235.247,235.247,147.751]},"pointables":[{"bases":[[[0.215906,0.902336,0.373061],[-0.879388,0.0136555,0.47591],[0.424337,-0.430817,0.796452]],[[-0.00484609,0.99928,-0.0376273],[-0.914231,0.0108182,0.405048],[0.405164,0.036363,0.913521]],[[-0.00484609,0.99928,-0.0376273],[-0.998525,-0.00280087,0.0542181],[0.0540737,0.0378346,0.99782]],[[-0.00484609,0.99928,-0.0376273],[-0.975949,0.00347469,0.217973],[0.217946,0.0377786,0.975229]]],"btipPosition":[-80.8044,226.416,-26.6916],"carpPosition":[-53.9298,230.362,74.6434],"dipPosition":[-75.759,227.29,-4.11525],"direction":[-0.0540737,-0.0378346,-0.99782],"extended":false,"handId":355,"id":3550,"length":51.5512,"mcpPosition":[-53.9298,230.362,74.6434],"pipPosition":[-73.9353,228.566,29.5371],"stabilizedTipPosition":[-93.2621,208.273,4.25134],"timeVisible":14.7057,"tipPosition":[-78.764,226.685,-21.6818],"tipVelocity":[141.73,152.304,-164.89],"tool":false,"touchDistance":-0.497397,"touchZone":"touching","type":0,"width":20.0304},{"bases":[[[0.966437,0.255554,-0.0262902],[-0.221837,0.881752,0.416296],[0.129568,-0.396492,0.908849]],[[0.955394,0.281915,-0.0880083],[-0.203603,0.844588,0.495193],[0.213933,-0.455186,0.864314]],[[0.955394,0.281915,-0.0880083],[-0.2876,0.955854,-0.0602395],[0.0671407,0.0828636,0.994297]],[[0.955394,0.281915,-0.0880083],[-0.286224,0.810421,-0.511169],[-0.0727823,0.513558,0.854963]]],"btipPosition":[-68.8431,290.846,-63.7425],"carpPosition":[-49.9477,253.309,77.3475],"dipPosition":[-70.0732,299.526,-49.2934],"direction":[-0.0671407,-0.0828636,-0.994297],"extended":true,"handId":355,"id":3551,"length":58.1698,"mcpPosition":[-59.3766,282.163,11.2089],"pipPosition":[-68.468,301.507,-25.5214],"stabilizedTipPosition":[-72.9273,286.337,-53.4174],"timeVisible":14.7057,"tipPosition":[-68.4691,290.83,-59.4639],"tipVelocity":[122.772,210.681,-212.127],"tool":false,"touchDistance":-0.583516,"touchZone":"hovering","type":1,"width":19.133},{"bases":[[[0.998619,0.0455507,0.0261598],[-0.0523567,0.903343,0.425711],[-0.00423987,-0.426493,0.904481]],[[0.997196,0.0244647,0.0707286],[0.0217577,0.809474,-0.586753],[-0.0716076,0.586646,0.806671]],[[0.997196,0.0244647,0.0707286],[0.0746918,-0.265847,-0.961117],[-0.00471044,0.963705,-0.266929]],[[0.997196,0.0244647,0.0707286],[0.0630149,-0.784319,-0.617149],[0.0403754,0.619875,-0.783661]]],"btipPosition":[-35.6637,220.938,-1.60264],"carpPosition":[-38.7523,258.104,77.2021],"dipPosition":[-34.9132,232.46,-16.1695],"direction":[0.00471044,-0.963705,0.266929],"extended":false,"handId":355,"id":3552,"length":66.2798,"mcpPosition":[-38.4598,287.537,14.7826],"pipPosition":[-35.0457,259.567,-23.6777],"stabilizedTipPosition":[-40.8381,218.783,0.61373],"timeVisible":14.7057,"tipPosition":[-35.4144,224.124,-6.31833],"tipVelocity":[139.291,145.825,-156.844],"tool":false,"touchDistance":0.333333,"touchZone":"none","type":2,"width":18.7912},{"bases":[[[0.988197,-0.085936,0.12681],[0.0190154,0.890233,0.455108],[-0.152,-0.447325,0.88136]],[[0.98883,-0.0840468,0.123088],[0.141218,0.792426,-0.593395],[-0.0476651,0.60415,0.795444]],[[0.98883,-0.0840468,0.123088],[0.093585,-0.292633,-0.951634],[0.116001,0.952524,-0.281499]],[[0.98883,-0.0840468,0.123088],[0.00874356,-0.791709,-0.610836],[0.148789,0.60509,-0.782131]]],"btipPosition":[-21.1238,223.538,9.56751],"carpPosition":[-26.72,259.806,77.1636],"dipPosition":[-18.374,234.721,-4.88735],"direction":[-0.116001,-0.952524,0.281499],"extended":false,"handId":355,"id":3553,"length":63.7298,"mcpPosition":[-17.3019,287.522,22.5538],"pipPosition":[-15.1954,260.822,-12.6009],"stabilizedTipPosition":[-26.4075,220.455,12.3003],"timeVisible":14.7057,"tipPosition":[-20.3178,226.487,5.2067],"tipVelocity":[135.055,152.883,-157.407],"tool":false,"touchDistance":0.333333,"touchZone":"none","type":3,"width":17.881},{"bases":[[[0.947146,-0.283035,0.151014],[0.158981,0.822989,0.545357],[-0.278637,-0.492525,0.824488]],[[0.849645,-0.395377,0.348971],[0.518326,0.748035,-0.414466],[-0.097172,0.53303,0.840498]],[[0.849645,-0.395377,0.348971],[0.265184,-0.251662,-0.930776],[0.45583,0.88337,-0.108976]],[[0.849645,-0.395377,0.348971],[-0.0586033,-0.728428,-0.682612],[0.524089,0.559527,-0.642075]]],"btipPosition":[-12.1057,237.407,12.7591],"carpPosition":[-13.7315,254.431,76.3902],"dipPosition":[-3.17002,246.947,1.81183],"direction":[-0.45583,-0.88337,0.108976],"extended":false,"handId":355,"id":3554,"length":49.963,"mcpPosition":[2.25013,282.68,29.1006],"pipPosition":[5.6488,264.037,-0.296492],"stabilizedTipPosition":[-19.906,230.187,20.7078],"timeVisible":14.7057,"tipPosition":[-9.43439,239.989,9.23365],"tipVelocity":[133.215,155.535,-153.757],"tool":false,"touchDistance":0.333333,"touchZone":"none","type":4,"width":15.8833}],"r":[[0.855734,0.222797,0.466991],[-0.285555,0.956006,0.0671615],[-0.431483,-0.190824,0.881708]],"s":1.11032,"t":[32.5733,109.825,-63.7246],"timestamp":15278275621},false],[2,{"currentFrameRate":110.32,"devices":[],"gestures":[],"hands":[{"armBasis":[[0.90025,0.345046,-0.265507],[-0.195861,0.86561,0.460822],[0.388831,-0.362853,0.846846]],"armWidth":63.029,"confidence":0.607882,"direction":[0.00591727,0.576812,-0.816856],"elbow":[76.192,149.236,305.379],"grabStrength":0.266476,"id":355,"palmNormal":[0.198054,-0.801364,-0.564438],"palmPosition":[-33.8821,272.335,32.2693],"palmVelocity":[114.481,164.607,-154.545],"palmWidth":90.0033,"pinchStrength":0.41725,"r":[[0.854259,0.222158,0.469987],[-0.286208,0.955719,0.068459],[-0.433967,-0.192996,0.880014]],"s":1.11434,"sphereCenter":[-43.1962,250.48,-9.48002],"sphereRadius":47.5562,"stabilizedPalmPosition":[-42.0676,258.151,44.0408],"t":[33.5463,111.445,-65.068],"timeVisible":14.7149,"type":"right","wrist":[-27.6538,246.144,79.2102]}],"id":1161708,"interactionBox":{"center":[0,200,0],"size":[235.247,235.247,147.751]},"pointables":[{"bases":[[[0.218429,0.893073,0.393331],[-0.879719,0.00575955,0.475459],[0.422354,-0.449875,0.786911]],[[-0.00152894,0.999887,-0.0149412],[-0.913238,0.00469128,0.407399],[0.407423,0.0142678,0.913128]],[[-0.00152894,0.999887,-0.0149412],[-0.998651,-0.00075112,0.0519264],[0.0519093,0.0150005,0.998539]],[[-0.00152894,0.999887,-0.0149412],[-0.977368,0.00166654,0.211541],[0.211542,0.0149265,0.977255]]],"btipPosition":[-79.9628,229.606,-28.7966],"carpPosition":[-53.1979,231.162,72.5902],"dipPosition":[-75.0657,229.952,-6.17329],"direction":[-0.0519093,-0.0150005,-0.998539],"extended":false,"handId":355,"id":3550,"length":51.5512,"mcpPosition":[-53.1979,231.162,72.5902],"pipPosition":[-73.315,230.458,27.5033],"stabilizedTipPosition":[-90.7827,211.953,-0.53438],"timeVisible":14.7149,"tipPosition":[-77.9913,229.742,-23.776],"tipVelocity":[126.644,203.028,-182.45],"tool":false,"touchDistance":-0.507402,"touchZone":"touching","type":0,"width":20.0304},{"bases":[[[0.967252,0.25304,-0.0198593],[-0.21941,0.872902,0.435777],[0.127604,-0.417149,0.899836]],[[0.956654,0.28016,-0.0795205],[-0.202009,0.835048,0.511749],[0.209775,-0.473503,0.855447]],[[0.956654,0.28016,-0.0795205],[-0.282575,0.959022,-0.0207056],[0.070461,0.0422786,0.996618]],[[0.956654,0.28016,-0.0795205],[-0.28443,0.840169,-0.461753],[-0.0625543,0.464356,0.883437]]],"btipPosition":[-67.9743,295.651,-64.7836],"carpPosition":[-49.1462,254.031,75.8104],"dipPosition":[-69.0315,303.499,-49.8532],"direction":[-0.070461,-0.0422786,-0.996618],"extended":true,"handId":355,"id":3551,"length":58.1698,"mcpPosition":[-58.4322,284.388,10.3278],"pipPosition":[-67.3469,304.51,-26.0257],"stabilizedTipPosition":[-71.8815,288.806,-55.1787],"timeVisible":14.7149,"tipPosition":[-67.6083,295.44,-60.4265],"tipVelocity":[116.062,292.054,-181.087],"tool":false,"touchDistance":-0.567453,"touchZone":"hovering","type":1,"width":19.133},{"bases":[[[0.998736,0.0418141,0.0278979],[-0.049871,0.893744,0.445796],[-0.00629306,-0.446624,0.8947]],[[0.997222,0.0198354,0.0717921],[0.0243881,0.823792,-0.566367],[-0.0703759,0.566544,0.82102]],[[0.997222,0.0198354,0.0717921],[0.0744553,-0.239739,-0.967978],[-0.00198888,0.970635,-0.24055]],[[0.997222,0.0198354,0.0717921],[0.0612318,-0.767106,-0.638592],[0.0424054,0.641214,-0.76619]]],"btipPosition":[-34.8785,223.382,-4.09998],"carpPosition":[-37.9358,258.793,75.7806],"dipPosition":[-34.0902,235.301,-18.3421],"direction":[0.00198888,-0.970635,0.24055],"extended":false,"handId":355,"id":3552,"length":66.2798,"mcpPosition":[-37.5015,289.615,14.0361],"pipPosition":[-34.1462,262.603,-25.1083],"stabilizedTipPosition":[-39.3938,220.51,-1.26535],"timeVisible":14.7149,"tipPosition":[-34.6313,226.647,-8.53496],"tipVelocity":[124.473,182.149,-186.643],"tool":false,"touchDistance":0.333333,"touchZone":"none","type":2,"width":18.7912},{"bases":[[[0.987823,-0.09186,0.12557],[0.0214364,0.879755,0.474944],[-0.1541,-0.466469,0.871011]],[[0.988405,-0.0900747,0.122237],[0.144464,0.805718,-0.574412],[-0.0467487,0.58541,0.809388]],[[0.988405,-0.0900747,0.122237],[0.0938837,-0.27017,-0.958224],[0.119337,0.95859,-0.258581]],[[0.988405,-0.0900747,0.122237],[0.00701406,-0.777095,-0.629345],[0.151678,0.622905,-0.767452]]],"btipPosition":[-20.3572,225.708,7.31856],"carpPosition":[-25.8982,260.457,75.7889],"dipPosition":[-17.554,237.22,-6.86503],"direction":[-0.119337,-0.95859,0.258581],"extended":false,"handId":355,"id":3553,"length":63.7298,"mcpPosition":[-16.3501,289.36,21.8204],"pipPosition":[-14.284,263.487,-13.9506],"stabilizedTipPosition":[-24.9537,222.17,10.5102],"timeVisible":14.7149,"tipPosition":[-19.5461,228.733,3.10175],"tipVelocity":[120.965,178.41,-179.87],"tool":false,"touchDistance":0.333333,"touchZone":"none","type":3,"width":17.881},{"bases":[[[0.946136,-0.289321,0.145324],[0.161119,0.810067,0.563766],[-0.280832,-0.509985,0.813049]],[[0.848996,-0.40503,0.339347],[0.520176,0.75351,-0.402044],[-0.0928614,0.517854,0.850414]],[[0.848996,-0.40503,0.339347],[0.259325,-0.240171,-0.935451],[0.460387,0.882195,-0.0988696]],[[0.848996,-0.40503,0.339347],[-0.0666068,-0.719127,-0.691679],[0.524185,0.56463,-0.637513]]],"btipPosition":[-11.4148,239.504,11.3097],"carpPosition":[-12.926,255.06,74.9048],"dipPosition":[-2.47752,249.131,0.440179],"direction":[-0.460387,-0.882195,0.0988696],"extended":false,"handId":355,"id":3554,"length":49.963,"mcpPosition":[3.18156,284.311,28.2713],"pipPosition":[6.42946,266.198,-1.47262],"stabilizedTipPosition":[-18.0609,232.204,18.6263],"timeVisible":14.7149,"tipPosition":[-8.7455,242.092,7.7641],"tipVelocity":[116.976,176.406,-154.282],"tool":false,"touchDistance":0.333333,"touchZone":"none","type":4,"width":15.8833}],"r":[[0.854259,0.222158,0.469987],[-0.286208,0.955719,0.068459],[-0.433967,-0.192996,0.880014]],"s":1.11434,"t":[33.5463,111.445,-65.068],"timestamp":15278284819},false],[3,{"currentFrameRate":110.456,"devices":[],"gestures":[],"hands":[{"armBasis":[[0.902444,0.339728,-0.264914],[-0.190657,0.866377,0.461564],[0.386322,-0.366028,0.846628]],"armWidth":63.029,"confidence":0.629754,"direction":[0.00638504,0.589076,-0.808052],"elbow":[76.4339,148.936,303.705],"grabStrength":0.221521,"id":355,"palmNormal":[0.193328,-0.79355,-0.576977],"palmPosition":[-32.9723,273.616,31.0701],"palmVelocity":[111.445,159.425,-149.562],"palmWidth":90.0033,"pinchStrength":0.417904,"r":[[0.853487,0.219505,0.472628],[-0.285906,0.955509,0.0725257],[-0.43568,-0.197027,0.878273]],"s":1.11917,"sphereCenter":[-42.5307,252.476,-11.0469],"sphereRadius":47.6997,"stabilizedPalmPosition":[-40.3935,260.997,41.6533],"t":[34.4876,112.895,-66.3393],"timeVisible":14.7237,"type":"right","wrist":[-26.7418,246.692,77.5942]}],"id":1161709,"interactionBox":{"center":[0,200,0],"size":[235.247,235.247,147.751]},"pointables":[{"bases":[[[0.223126,0.8861,0.406252],[-0.878545,0.0022322,0.477655],[0.422343,-0.463488,0.778977]],[[0.00263624,0.999997,0.000175567],[-0.911245,0.00232996,0.411859],[0.411857,-0.00124574,0.911247]],[[0.00263624,0.999997,0.000175567],[-0.998566,0.00262308,0.0534738],[0.0534732,-0.000316286,0.998569]],[[0.00263624,0.999997,0.000175567],[-0.977874,0.00254119,0.209179],[0.209178,-0.00072313,0.977877]]],"btipPosition":[-79.3463,232.008,-30.4981],"carpPosition":[-52.3645,231.919,70.8112],"dipPosition":[-74.5039,231.991,-7.86041],"direction":[-0.0534732,0.000316286,-0.998569],"extended":false,"handId":355,"id":3550,"length":51.5512,"mcpPosition":[-52.3645,231.919,70.8112],"pipPosition":[-72.7005,231.981,25.8172],"stabilizedTipPosition":[-88.4874,215.62,-5.0623],"timeVisible":14.7237,"tipPosition":[-77.4122,232.058,-25.477],"tipVelocity":[110.968,219.221,-185.213],"tool":false,"touchDistance":-0.510469,"touchZone":"touching","type":0,"width":20.0304},{"bases":[[[0.968257,0.249276,-0.0184107],[-0.214691,0.867115,0.449465],[0.128005,-0.431246,0.893108]],[[0.957959,0.276628,-0.0760971],[-0.197254,0.827637,0.52546],[0.208338,-0.488359,0.847408]],[[0.957959,0.276628,-0.0760971],[-0.275746,0.960977,0.0220747],[0.0792341,-0.000163139,0.996856]],[[0.957959,0.276628,-0.0760971],[-0.283289,0.870039,-0.403459],[-0.0454005,0.408054,0.911828]]],"btipPosition":[-67.5048,299.963,-65.8814],"carpPosition":[-48.2089,254.719,74.3669],"dipPosition":[-68.272,306.859,-50.4712],"direction":[-0.0792341,0.000163139,-0.996856],"extended":true,"handId":355,"id":3551,"length":58.1698,"mcpPosition":[-57.5241,286.102,9.37383],"pipPosition":[-66.3777,306.856,-26.6381],"stabilizedTipPosition":[-70.8647,291.891,-56.9115],"timeVisible":14.7237,"tipPosition":[-67.0906,299.45,-61.4566],"tipVelocity":[101.168,338.546,-162.465],"tool":false,"touchDistance":-0.553853,"touchZone":"hovering","type":1,"width":19.133},{"bases":[[[0.998967,0.0372228,0.0260694],[-0.0450425,0.887097,0.459381],[-0.00602664,-0.460081,0.887857]],[[0.997471,0.0146282,0.0695543],[0.0263918,0.8324,-0.553547],[-0.0659944,0.553983,0.829908]],[[0.997471,0.0146282,0.0695543],[0.071062,-0.224667,-0.971841],[0.00141024,0.974326,-0.225138]],[[0.997471,0.0146282,0.0695543],[0.0564859,-0.757124,-0.650824],[0.0431409,0.653107,-0.756036]]],"btipPosition":[-34.2579,225.227,-6.07282],"carpPosition":[-36.9787,259.434,74.3815],"dipPosition":[-33.456,237.367,-20.1262],"direction":[-0.00141024,-0.974326,0.225138],"extended":false,"handId":355,"id":3552,"length":66.2798,"mcpPosition":[-36.5628,291.185,13.1093],"pipPosition":[-33.4163,264.773,-26.4589],"stabilizedTipPosition":[-38.2494,222.125,-2.99463],"timeVisible":14.7237,"tipPosition":[-34.0116,228.54,-10.4054],"tipVelocity":[109.988,191.018,-195.352],"tool":false,"touchDistance":0.333333,"touchZone":"none","type":2,"width":18.7912},{"bases":[[[0.987726,-0.0978673,0.121736],[0.0262751,0.872371,0.488139],[-0.153972,-0.478948,0.864234]],[[0.98826,-0.0961878,0.118706],[0.146716,0.814251,-0.561666],[-0.0426308,0.572488,0.818804]],[[0.98826,-0.0961878,0.118706],[0.0907286,-0.255655,-0.962501],[0.122929,0.961971,-0.243927]],[[0.98826,-0.0961878,0.118706],[0.00226367,-0.767644,-0.640872],[0.152768,0.633617,-0.758414]]],"btipPosition":[-19.7017,227.353,5.3502],"carpPosition":[-24.9342,261.048,74.3854],"dipPosition":[-16.8783,239.063,-8.66635],"direction":[-0.122929,-0.961971,0.243927],"extended":false,"handId":355,"id":3553,"length":63.7298,"mcpPosition":[-15.394,290.724,20.8368],"pipPosition":[-13.5099,265.423,-15.3503],"stabilizedTipPosition":[-23.7854,223.73,8.85046],"timeVisible":14.7237,"tipPosition":[-18.893,230.41,1.22103],"tipVelocity":[108.543,182.02,-190.421],"tool":false,"touchDistance":0.333333,"touchZone":"none","type":3,"width":17.881},{"bases":[[[0.945257,-0.295429,0.138604],[0.165876,0.800765,0.575553],[-0.281025,-0.521054,0.805933]],[[0.848117,-0.413637,0.331062],[0.522335,0.757395,-0.391815],[-0.0886756,0.50523,0.858417]],[[0.848117,-0.413637,0.331062],[0.25602,-0.227099,-0.939617],[0.463844,0.881664,-0.0867076]],[[0.848117,-0.413637,0.331062],[-0.0713792,-0.708382,-0.70221],[0.524978,0.571926,-0.630316]]],"btipPosition":[-10.6915,241.017,9.56299],"carpPosition":[-11.9869,255.611,73.3879],"dipPosition":[-1.7407,250.768,-1.18383],"direction":[-0.463844,-0.881664,0.0867076],"extended":false,"handId":355,"id":3554,"length":49.963,"mcpPosition":[4.13165,285.497,27.1625],"pipPosition":[7.23315,267.826,-2.86134],"stabilizedTipPosition":[-16.498,234.037,16.7142],"timeVisible":14.7237,"tipPosition":[-8.02978,243.639,6.06461],"tipVelocity":[107.656,176.015,-165.264],"tool":false,"touchDistance":0.333333,"touchZone":"none","type":4,"width":15.8833}],"r":[[0.853487,0.219505,0.472628],[-0.285906,0.955509,0.0725257],[-0.43568,-0.197027,0.878273]],"s":1.11917,"t":[34.4876,112.895,-66.3393],"timestamp":15278293632},false],[4,{"currentFrameRate":110.306,"devices":[],"gestures":[],"hands":[{"armBasis":[[0.910293,0.330229,-0.24963],[-0.186299,0.865306,0.465337],[0.369674,-0.377087,0.849203]],"armWidth":63.029,"confidence":0.664425,"direction":[0.0084386,0.589911,-0.807424],"elbow":[72.9526,147.454,302.995],"grabStrength":0.180009,"id":355,"palmNormal":[0.189107,-0.793824,-0.577998],"palmPosition":[-31.9219,275.167,29.7072],"palmVelocity":[111.762,161.344,-148.566],"palmWidth":90.0033,"pinchStrength":0.419337,"r":[[0.853152,0.216473,0.474627],[-0.284762,0.955578,0.0760341],[-0.437083,-0.200024,0.876897]],"s":1.12465,"sphereCenter":[-41.8462,254.236,-12.4541],"sphereRadius":47.8502,"stabilizedPalmPosition":[-38.6767,263.869,39.2324],"t":[35.4835,114.396,-67.6564],"timeVisible":14.733,"type":"right","wrist":[-25.7769,248.164,76.1969]}],"id":1161710,"interactionBox":{"center":[0,200,0],"size":[235.247,235.247,147.751]},"pointables":[{"bases":[[[0.227626,0.884608,0.407008],[-0.878108,0.00582979,0.478427],[0.420847,-0.466299,0.778108]],[[0.00732888,0.999972,0.00126648],[-0.909664,0.00614102,0.415299],[0.415279,-0.00419575,0.909684]],[[0.00732888,0.999972,0.00126648],[-0.998567,0.00725141,0.0530308],[0.0530202,-0.00165332,0.998592]],[[0.00732888,0.999972,0.00126648],[-0.979028,0.0069175,0.20361],[0.203595,-0.00273215,0.979051]]],"btipPosition":[-78.4807,233.845,-31.8396],"carpPosition":[-51.4744,233.519,69.4205],"dipPosition":[-73.7675,233.782,-9.17471],"direction":[-0.0530202,0.00165332,-0.998592],"extended":false,"handId":355,"id":3550,"length":51.5512,"mcpPosition":[-51.4744,233.519,69.4205],"pipPosition":[-71.9793,233.726,24.5037],"stabilizedTipPosition":[-86.2315,219.324,-9.4485],"timeVisible":14.733,"tipPosition":[-76.6131,233.878,-26.8129],"tipVelocity":[104.911,212.553,-173.284],"tool":false,"touchDistance":-0.507784,"touchZone":"touching","type":0,"width":20.0304},{"bases":[[[0.969397,0.244761,-0.0189919],[-0.210237,0.867626,0.450584],[0.126763,-0.432803,0.892532]],[[0.959397,0.271737,-0.0756024],[-0.192485,0.826686,0.528715],[0.206171,-0.492696,0.845425]],[[0.959397,0.271737,-0.0756024],[-0.268466,0.961954,0.0507023],[0.0865038,-0.028347,0.995848]],[[0.959397,0.271737,-0.0756024],[-0.280451,0.890451,-0.358391],[-0.0300677,0.365042,0.930506]]],"btipPosition":[-66.7553,303.237,-67.4166],"carpPosition":[-47.209,256.295,72.9971],"dipPosition":[-67.2635,309.407,-51.6908],"direction":[-0.0865038,0.028347,-0.995848],"extended":true,"handId":355,"id":3551,"length":58.1698,"mcpPosition":[-56.4338,287.791,8.0459],"pipPosition":[-65.1953,308.729,-27.8817],"stabilizedTipPosition":[-69.7291,295.522,-58.8707],"timeVisible":14.733,"tipPosition":[-66.2967,302.515,-62.983],"tipVelocity":[97.0701,336.961,-160.842],"tool":false,"touchDistance":-0.548741,"touchZone":"hovering","type":1,"width":19.133},{"bases":[[[0.999153,0.032518,0.0252334],[-0.0404881,0.886802,0.460373],[-0.00740666,-0.461004,0.887367]],[[0.997596,0.00994142,0.0685851],[0.0296469,0.833308,-0.552013],[-0.0626403,0.55272,0.83101]],[[0.997596,0.00994142,0.0685851],[0.0690757,-0.222517,-0.972479],[0.0055935,0.974878,-0.222668]],[[0.997596,0.00994142,0.0685851],[0.0524151,-0.755659,-0.652865],[0.0453365,0.65489,-0.754363]]],"btipPosition":[-33.4592,226.825,-7.56676],"carpPosition":[-35.9568,260.958,73.0069],"dipPosition":[-32.6165,238.998,-21.589],"direction":[-0.0055935,-0.974878,0.222668],"extended":false,"handId":355,"id":3552,"length":66.2798,"mcpPosition":[-35.4457,292.772,11.7684],"pipPosition":[-32.4591,266.42,-27.8523],"stabilizedTipPosition":[-37.1775,223.738,-4.67164],"timeVisible":14.733,"tipPosition":[-33.207,230.125,-11.8186],"tipVelocity":[103.365,185.665,-185.151],"tool":false,"touchDistance":0.333333,"touchZone":"none","type":2,"width":18.7912},{"bases":[[[0.987363,-0.102621,0.120765],[0.0307848,0.871711,0.489052],[-0.155459,-0.479154,0.863854]],[[0.987829,-0.101168,0.118146],[0.150531,0.813064,-0.562377],[-0.0391655,0.573317,0.818397]],[[0.987829,-0.101168,0.118146],[0.0881592,-0.261624,-0.961135],[0.128146,0.959853,-0.249521]],[[0.987829,-0.101168,0.118146],[-0.00316538,-0.772491,-0.635018],[0.155511,0.626915,-0.763409]]],"btipPosition":[-18.9271,228.978,4.25386],"carpPosition":[-23.9049,262.515,73.0019],"dipPosition":[-16.053,240.564,-9.85501],"direction":[-0.128146,-0.959853,0.249521],"extended":false,"handId":355,"id":3553,"length":63.7298,"mcpPosition":[-14.2725,292.203,19.4769],"pipPosition":[-12.5416,266.866,-16.6923],"stabilizedTipPosition":[-22.6771,225.319,7.2758],"timeVisible":14.733,"tipPosition":[-18.1054,231.954,0.0607832],"tipVelocity":[101.666,178.918,-170.415],"tool":false,"touchDistance":0.333333,"touchZone":"none","type":3,"width":17.881},{"bases":[[[0.943984,-0.3,0.137458],[0.170125,0.799358,0.576267],[-0.282758,-0.520602,0.805619]],[[0.846849,-0.417626,0.329296],[0.525171,0.754363,-0.393867],[-0.0839199,0.506483,0.858156]],[[0.846849,-0.417626,0.329296],[0.251888,-0.230366,-0.939938],[0.468401,0.878931,-0.0898902]],[[0.846849,-0.417626,0.329296],[-0.0773296,-0.709282,-0.70067],[0.526182,0.567897,-0.63295]]],"btipPosition":[-9.8643,242.476,8.2959],"carpPosition":[-10.9841,257.018,71.9872],"dipPosition":[-0.892955,252.159,-2.49582],"direction":[-0.468401,-0.878931,0.0898902],"extended":false,"handId":355,"id":3554,"length":49.963,"mcpPosition":[5.2339,286.878,25.7798],"pipPosition":[8.16906,269.163,-4.23489],"stabilizedTipPosition":[-15.0042,235.869,14.8419],"timeVisible":14.733,"tipPosition":[-7.20822,245.069,4.79146],"tipVelocity":[102.417,169.97,-157.229],"tool":false,"touchDistance":0.333333,"touchZone":"none","type":4,"width":15.8833}],"r":[[0.853152,0.216473,0.474627],[-0.284762,0.955578,0.0760341],[-0.437083,-0.200024,0.876897]],"s":1.12465,"t":[35.4835,114.396,-67.6564],"timestamp":15278302964},false],[5,{"currentFrameRate":110.292,"devices":[],"gestures":[],"hands":[{"armBasis":[[0.912695,0.324344,-0.248573],[-0.182014,0.867284,0.463345],[0.365866,-0.377649,0.850602]],"armWidth":63.029,"confidence":0.688106,"direction":[0.0077169,0.591523,-0.806251],"elbow":[72.9832,148.541,302.174],"grabStrength":0.141767,"id":355,"palmNormal":[0.184849,-0.793224,-0.580196],"palmPosition":[-30.9373,276.516,28.5868],"palmVelocity":[110.803,157.766,-141.554],"palmWidth":90.0033,"pinchStrength":0.4219,"r":[[0.85331,0.213326,0.475767],[-0.283213,0.955764,0.0794083],[-0.437781,-0.202503,0.87598]],"s":1.1304,"sphereCenter":[-41.3715,255.864,-13.6075],"sphereRadius":48.0025,"stabilizedPalmPosition":[-37.0721,266.491,37.0253],"t":[36.4738,115.821,-68.8751],"timeVisible":14.7421,"type":"right","wrist":[-24.7295,249.4,75.0021]}],"id":1161711,"interactionBox":{"center":[0,200,0],"size":[235.247,235.247,147.751]},"pointables":[{"bases":[[[0.231622,0.883076,0.408079],[-0.876579,0.00755108,0.481198],[0.421853,-0.46917,0.775835]],[[0.0103733,0.999941,0.00320529],[-0.90687,0.0080572,0.421334],[0.421283,-0.0072774,0.9069]],[[0.0103733,0.999941,0.00320529],[-0.998459,0.0101831,0.0545516],[0.0545158,-0.00376623,0.998506]],[[0.0103733,0.999941,0.00320529],[-0.980163,0.00953354,0.197966],[0.197923,-0.00519526,0.980204]]],"btipPosition":[-77.7149,235.454,-32.8693],"carpPosition":[-50.493,234.848,68.2771],"dipPosition":[-73.133,235.334,-10.1778],"direction":[-0.0545158,0.00376623,-0.998506],"extended":false,"handId":355,"id":3550,"length":51.5512,"mcpPosition":[-50.493,234.848,68.2771],"pipPosition":[-71.2944,235.207,23.4977],"stabilizedTipPosition":[-84.2139,222.719,-13.2857],"timeVisible":14.7421,"tipPosition":[-75.9278,235.473,-27.8365],"tipVelocity":[98.2654,202.313,-156.478],"tool":false,"touchDistance":-0.500693,"touchZone":"touching","type":0,"width":20.0304},{"bases":[[[0.970081,0.241823,-0.0215465],[-0.206152,0.867348,0.452999],[0.128234,-0.435004,0.891251]],[[0.960119,0.268651,-0.0774471],[-0.187513,0.824192,0.534365],[0.207389,-0.498532,0.841698]],[[0.960119,0.268651,-0.0774471],[-0.262581,0.961565,0.080273],[0.0960358,-0.0567355,0.99376]],[[0.960119,0.268651,-0.0774471],[-0.27925,0.907724,-0.31314],[-0.013825,0.322279,0.946544]]],"btipPosition":[-66.3539,306.355,-68.4969],"carpPosition":[-46.1464,257.604,71.8862],"dipPosition":[-66.5876,311.802,-52.5],"direction":[-0.0960358,0.0567355,-0.99376],"extended":true,"handId":355,"id":3551,"length":58.1698,"mcpPosition":[-55.4782,289.26,7.02832],"pipPosition":[-64.2915,310.446,-28.7409],"stabilizedTipPosition":[-68.7047,299.249,-60.7049],"timeVisible":14.7421,"tipPosition":[-65.8301,305.418,-64.0855],"tipVelocity":[84.3394,333.562,-147.309],"tool":false,"touchDistance":-0.537469,"touchZone":"hovering","type":1,"width":19.133},{"bases":[[[0.999322,0.0294007,0.0221554],[-0.0363154,0.885984,0.462292],[-0.0060376,-0.462783,0.886451]],[[0.997844,0.00683947,0.065278],[0.0301661,0.835501,-0.548661],[-0.0582923,0.549447,0.833493]],[[0.997844,0.00683947,0.065278],[0.0651934,-0.218491,-0.973659],[0.00760333,0.975815,-0.218466]],[[0.997844,0.00683947,0.065278],[0.0480698,-0.753344,-0.655868],[0.0446909,0.657592,-0.752048]]],"btipPosition":[-32.7287,228.301,-8.91997],"carpPosition":[-34.88,262.231,71.8701],"dipPosition":[-31.8979,240.525,-22.8992],"direction":[-0.00760333,-0.975815,0.218466],"extended":false,"handId":355,"id":3552,"length":66.2798,"mcpPosition":[-34.4633,294.169,10.6948],"pipPosition":[-31.6841,267.972,-29.0442],"stabilizedTipPosition":[-36.2457,225.219,-6.17042],"timeVisible":14.7421,"tipPosition":[-32.4882,231.569,-13.0542],"tipVelocity":[96.9096,179.562,-174.797],"tool":false,"touchDistance":0.333333,"touchZone":"none","type":2,"width":18.7912},{"bases":[[[0.987417,-0.105896,0.117449],[0.0350005,0.870616,0.490716],[-0.154218,-0.48043,0.863367]],[[0.987856,-0.104512,0.114964],[0.151386,0.813941,-0.560876],[-0.0349557,0.571469,0.819879]],[[0.987856,-0.104512,0.114964],[0.0843287,-0.2608,-0.961703],[0.130493,0.959719,-0.248819]],[[0.987856,-0.104512,0.114964],[-0.0077649,-0.772227,-0.635299],[0.155175,0.626692,-0.763661]]],"btipPosition":[-18.1666,230.383,3.03241],"carpPosition":[-22.8234,263.751,71.8304],"dipPosition":[-15.2988,241.965,-11.0811],"direction":[-0.130493,-0.959719,0.248819],"extended":false,"handId":355,"id":3553,"length":63.7298,"mcpPosition":[-13.2679,293.519,18.3355],"pipPosition":[-11.723,268.263,-17.8992],"stabilizedTipPosition":[-21.6957,226.786,5.8541],"timeVisible":14.7421,"tipPosition":[-17.3534,233.334,-1.13961],"tipVelocity":[96.6343,172.15,-160.462],"tool":false,"touchDistance":0.333333,"touchZone":"none","type":3,"width":17.881},{"bases":[[[0.943484,-0.303174,0.13388],[0.174391,0.797659,0.577346],[-0.281827,-0.521369,0.805449]],[[0.846845,-0.420672,0.325405],[0.526275,0.751105,-0.398592],[-0.0767369,0.508798,0.857459]],[[0.846845,-0.420672,0.325405],[0.243384,-0.237488,-0.940406],[0.472883,0.875577,-0.0987303]],[[0.846845,-0.420672,0.325405],[-0.0871464,-0.713336,-0.695383],[0.524652,0.560523,-0.640745]]],"btipPosition":[-9.16828,243.829,7.41066],"carpPosition":[-9.9228,258.217,70.7639],"dipPosition":[-0.223029,253.386,-3.51397],"direction":[-0.472883,-0.875577,0.0987303],"extended":false,"handId":355,"id":3554,"length":49.963,"mcpPosition":[6.24176,288.121,24.5662],"pipPosition":[8.92569,270.326,-5.42408],"stabilizedTipPosition":[-13.6902,237.56,13.1866],"timeVisible":14.7421,"tipPosition":[-6.52121,246.367,3.83685],"tipVelocity":[95.0735,163.23,-141.585],"tool":false,"touchDistance":0.333333,"touchZone":"none","type":4,"width":15.8833}],"r":[[0.85331,0.213326,0.475767],[-0.283213,0.955764,0.0794083],[-0.437781,-0.202503,0.87598]],"s":1.1304,"t":[36.4738,115.821,-68.8751],"timestamp":15278312055},false],[6,{"currentFrameRate":110.336,"devices":[],"gestures":[],"hands":[{"armBasis":[[0.915557,0.319029,-0.2449],[-0.180765,0.870366,0.458025],[0.359276,-0.375078,0.854539]],"armWidth":63.029,"confidence":0.716278,"direction":[0.007967,0.58897,-0.808115],"elbow":[72.0724,150.628,302.166],"grabStrength":0.111412,"id":355,"palmNormal":[0.183726,-0.795246,-0.577779],"palmPosition":[-30.0811,277.778,27.4453],"palmVelocity":[106.552,152.997,-137.577],"palmWidth":90.0033,"pinchStrength":0.424722,"r":[[0.853523,0.210921,0.476456],[-0.281762,0.956014,0.081533],[-0.438301,-0.203838,0.87541]],"s":1.13598,"sphereCenter":[-40.8393,257.145,-14.6883],"sphereRadius":48.138,"stabilizedPalmPosition":[-35.5808,268.899,34.9818],"t":[37.397,117.164,-70.0553],"timeVisible":14.7511,"type":"right","wrist":[-23.8802,250.801,73.9429]}],"id":1161712,"interactionBox":{"center":[0,200,0],"size":[235.247,235.247,147.751]},"pointables":[{"bases":[[[0.23276,0.884109,0.405184],[-0.876342,0.0100064,0.481585],[0.421719,-0.467174,0.777111]],[[0.0113813,0.999935,-0.0000660443],[-0.904869,0.0103274,0.425564],[0.425537,-0.00478371,0.904928]],[[0.0113813,0.999935,-0.0000660443],[-0.998523,0.0113687,0.053129],[0.0531263,-0.000538731,0.998588]],[[0.0113813,0.999935,-0.0000660443],[-0.982564,0.0111959,0.185586],[0.185575,-0.00204732,0.982628]]],"btipPosition":[-76.7617,236.557,-33.832],"carpPosition":[-49.6625,236.255,67.2759],"dipPosition":[-72.4656,236.509,-11.0844],"direction":[-0.0531263,0.000538731,-0.998588],"extended":false,"handId":355,"id":3550,"length":51.5512,"mcpPosition":[-49.6625,236.255,67.2759],"pipPosition":[-70.6739,236.491,22.5939],"stabilizedTipPosition":[-82.358,225.759,-16.6531],"timeVisible":14.7511,"tipPosition":[-75.1129,236.593,-28.7789],"tipVelocity":[98.4051,181.002,-142.558],"tool":false,"touchDistance":-0.493204,"touchZone":"touching","type":0,"width":20.0304},{"bases":[[[0.970329,0.240715,-0.0227655],[-0.20501,0.868992,0.45036],[0.128192,-0.43233,0.892557]],[[0.960374,0.267367,-0.0787225],[-0.185676,0.824383,0.534713],[0.207862,-0.498907,0.841359]],[[0.960374,0.267367,-0.0787225],[-0.25936,0.960712,0.0988209],[0.102051,-0.0744875,0.991986]],[[0.960374,0.267367,-0.0787225],[-0.2787,0.918229,-0.281392],[-0.00294956,0.292182,0.956358]]],"btipPosition":[-65.842,308.524,-69.776],"carpPosition":[-45.2898,259.018,70.8113],"dipPosition":[-65.8918,313.462,-53.6133],"direction":[-0.102051,0.0744875,-0.991987],"extended":true,"handId":355,"id":3551,"length":58.1698,"mcpPosition":[-54.6185,290.479,5.85828],"pipPosition":[-63.4519,311.681,-29.8966],"stabilizedTipPosition":[-67.7625,302.689,-62.474],"timeVisible":14.7511,"tipPosition":[-65.2724,307.48,-65.4035],"tipVelocity":[78.128,304.708,-144.788],"tool":false,"touchDistance":-0.53067,"touchZone":"hovering","type":1,"width":19.133},{"bases":[[[0.999363,0.0284003,0.0215919],[-0.0351487,0.887475,0.459514],[-0.00611199,-0.45998,0.887908]],[[0.997887,0.00602553,0.0646921],[0.0306784,0.834006,-0.550901],[-0.0572731,0.551722,0.832059]],[[0.997887,0.00602553,0.0646921],[0.0644174,-0.221583,-0.973012],[0.00847175,0.975123,-0.221503]],[[0.997887,0.00602553,0.0646921],[0.0469128,-0.755686,-0.653252],[0.0449507,0.654907,-0.754372]]],"btipPosition":[-31.9399,229.47,-9.91842],"carpPosition":[-34.0185,263.633,70.7752],"dipPosition":[-31.1043,241.644,-23.9408],"direction":[-0.00847175,-0.975123,0.221503],"extended":false,"handId":355,"id":3552,"length":66.2798,"mcpPosition":[-33.5967,295.377,9.4994],"pipPosition":[-30.866,269.072,-30.1713],"stabilizedTipPosition":[-35.3866,226.566,-7.50232],"timeVisible":14.7511,"tipPosition":[-31.7,232.704,-14.0373],"tipVelocity":[94.4431,165.665,-157.641],"tool":false,"touchDistance":0.333333,"touchZone":"none","type":2,"width":18.7912},{"bases":[[[0.987359,-0.106582,0.117318],[0.0361642,0.872121,0.487953],[-0.154322,-0.477541,0.86495]],[[0.987767,-0.105305,0.115005],[0.152274,0.810256,-0.565948],[-0.0335864,0.576537,0.81638]],[[0.987767,-0.105305,0.115005],[0.0828875,-0.270123,-0.959251],[0.13208,0.95705,-0.25809]],[[0.987767,-0.105305,0.115005],[-0.00998549,-0.778728,-0.627283],[0.155614,0.618461,-0.770253]]],"btipPosition":[-17.4092,231.594,2.35951],"carpPosition":[-21.9603,265.14,70.725],"dipPosition":[-14.5332,243.024,-11.8758],"direction":[-0.13208,-0.95705,0.25809],"extended":false,"handId":355,"id":3553,"length":63.7298,"mcpPosition":[-12.3984,294.729,17.1321],"pipPosition":[-10.914,269.249,-18.9479],"stabilizedTipPosition":[-20.7802,228.162,4.6017],"timeVisible":14.7511,"tipPosition":[-16.5923,234.482,-1.88442],"tipVelocity":[93.3096,160.841,-137.854],"tool":false,"touchDistance":0.333333,"touchZone":"none","type":3,"width":17.881},{"bases":[[[0.943222,-0.303761,0.13439],[0.175517,0.799288,0.574746],[-0.282002,-0.518526,0.807221]],[[0.846397,-0.420681,0.326558],[0.527163,0.748854,-0.401644],[-0.0755803,0.512099,0.855595]],[[0.846397,-0.420681,0.326558],[0.242188,-0.24206,-0.939549],[0.474297,0.874319,-0.102994]],[[0.846397,-0.420681,0.326558],[-0.0890732,-0.716383,-0.691998],[0.525051,0.556617,-0.643815]]],"btipPosition":[-8.37617,245.013,6.4151],"carpPosition":[-9.06612,259.589,69.6699],"dipPosition":[0.575889,254.504,-4.56188],"direction":[-0.474297,-0.874319,0.102994],"extended":false,"handId":355,"id":3554,"length":49.963,"mcpPosition":[7.10849,289.33,23.3706],"pipPosition":[9.75197,271.419,-6.55448