{"sensorType":"Leap","data":[[0,{"currentFrameRate":109.909,"devices":[],"gestures":[],"hands":[{"armBasis":[[0.971819,0.0992068,-0.213836],[-0.0172176,0.934579,0.355339],[0.235098,-0.341644,0.90995]],"armWidth":63.029,"confidence":0.817574,"direction":[-0.0944328,0.702996,-0.704896],"elbow":[61.5212,132.207,305.425],"grabStrength":0.116036,"id":352,"palmNormal":[-0.0233598,-0.70943,-0.704388],"palmPosition":[-13.9152,257.592,22.3699],"palmVelocity":[48.7406,196.416,-247.479],"palmWidth":90.0033,"pinchStrength":0.540169,"r":[[0.966525,-0.18289,0.179946],[0.156249,0.975861,0.152583],[-0.203508,-0.119359,0.97177]],"s":0.989239,"sphereCenter":[-20.4444,241.179,-21.7229],"sphereRadius":46.1616,"stabilizedPalmPosition":[-16.3349,248.385,33.3961],"t":[37.7431,92.1037,-87.1476],"timeVisible":0.298339,"type":"right","wrist":[-1.267,223.451,62.4025]}],"id":1155789,"interactionBox":{"center":[0,200,0],"size":[235.247,235.247,147.751]},"pointables":[{"bases":[[[0.402956,0.791851,0.45891],[-0.753676,0.0026317,0.657241],[0.519229,-0.610708,0.59786]],[[0.193638,0.956496,0.21822],[-0.817965,0.0345854,0.574228],[0.5417,-0.289689,0.789077]],[[0.193638,0.956496,0.21822],[-0.966226,0.14738,0.211392],[0.170034,-0.251783,0.95273]],[[0.193638,0.956496,0.21822],[-0.976466,0.16637,0.13724],[0.0949643,-0.239659,0.966201]]],"btipPosition":[-63.9422,240.424,-33.8449],"carpPosition":[-29.2621,212.081,59.6158],"dipPosition":[-61.7438,234.876,-11.4775],"direction":[-0.170034,0.251783,-0.95273],"extended":false,"handId":352,"id":3520,"length":51.5512,"mcpPosition":[-29.2621,212.081,59.6158],"pipPosition":[-56.0092,226.385,20.6541],"stabilizedTipPosition":[-70.1572,223.843,-8.50854],"timeVisible":0.298339,"tipPosition":[-63.31,239.926,-28.6542],"tipVelocity":[73.7381,207.276,-275.998],"tool":false,"touchDistance":-0.452938,"touchZone":"hovering","type":0,"width":20.0304},{"bases":[[[0.965273,0.167375,-0.200585],[-0.0154965,0.803137,0.595593],[0.260784,-0.571801,0.77784]],[[0.971072,0.154043,-0.182456],[-0.0150649,0.802093,0.597008],[0.238312,-0.576989,0.781211]],[[0.971072,0.154043,-0.182456],[-0.121282,0.976374,0.17884],[0.205694,-0.151538,0.966812]],[[0.971072,0.154043,-0.182456],[-0.188347,0.963801,-0.188713],[0.146781,0.217619,0.964934]]],"btipPosition":[-58.3734,299.719,-64.1129],"carpPosition":[-21.8697,233.642,65.1132],"dipPosition":[-55.8927,303.396,-47.8052],"direction":[-0.205694,0.151538,-0.966812],"extended":true,"handId":352,"id":3521,"length":58.1698,"mcpPosition":[-40.8475,275.253,8.50839],"pipPosition":[-50.9749,299.773,-24.6904],"stabilizedTipPosition":[-59.7435,291.798,-52.3956],"timeVisible":0.298339,"tipPosition":[-56.9933,298.854,-60.1816],"tipVelocity":[60.6001,291.448,-258.678],"tool":false,"touchDistance":-0.237133,"touchZone":"hovering","type":1,"width":19.133},{"bases":[[[0.980035,-0.0508004,-0.192227],[0.153647,0.807123,0.57004],[0.126192,-0.588194,0.798814]],[[0.984338,-0.0745601,-0.159745],[0.00135701,0.909334,-0.416064],[0.176284,0.409331,0.895194]],[[0.984338,-0.0745601,-0.159745],[-0.174536,-0.284697,-0.942595],[0.0248009,0.955713,-0.293252]],[[0.984338,-0.0745601,-0.159745],[-0.143871,-0.863429,-0.48352],[-0.101877,0.49893,-0.860633]]],"btipPosition":[-26.3349,222.264,-10.3158],"carpPosition":[-10.4175,237.344,63.2461],"dipPosition":[-28.2286,231.538,-26.3134],"direction":[-0.0248009,-0.955713,0.293252],"extended":false,"handId":352,"id":3522,"length":66.2798,"mcpPosition":[-19.1262,277.937,8.11877],"pipPosition":[-27.531,258.421,-34.562],"stabilizedTipPosition":[-30.982,214.049,-0.979772],"timeVisible":0.298339,"tipPosition":[-26.7269,223.956,-13.3272],"tipVelocity":[76.5387,206.316,-269.813],"tool":false,"touchDistance":0.333333,"touchZone":"none","type":2,"width":18.7912},{"bases":[[[0.973533,-0.197503,-0.115001],[0.227218,0.782269,0.580023],[-0.0245947,-0.590802,0.806441]],[[0.973436,-0.199682,-0.112025],[0.127968,0.880217,-0.456992],[0.189859,0.430517,0.882388]],[[0.973436,-0.199682,-0.112025],[-0.170598,-0.306239,-0.936544],[0.152704,0.930777,-0.332169]],[[0.973436,-0.199682,-0.112025],[-0.228954,-0.852096,-0.47065],[-0.00147547,0.483797,-0.875179]]],"btipPosition":[-9.55624,221.06,-2.90739],"carpPosition":[1.46776,237.926,60.781],"dipPosition":[-9.58351,230.001,-19.0819],"direction":[-0.152704,-0.930777,0.332169],"extended":false,"handId":352,"id":3523,"length":63.7298,"mcpPosition":[2.99167,274.533,10.8133],"pipPosition":[-5.39917,255.506,-28.1839],"stabilizedTipPosition":[-12.8542,214.108,4.03542],"timeVisible":0.298339,"tipPosition":[-9.49141,222.967,-6.38216],"tipVelocity":[71.3219,211.345,-264.895],"tool":false,"touchDistance":0.333333,"touchZone":"none","type":3,"width":17.881},{"bases":[[[0.913129,-0.391075,-0.115137],[0.3728,0.686737,0.624029],[-0.164974,-0.612742,0.772872]],[[0.88173,-0.471692,-0.00766025],[0.422005,0.7959,-0.434115],[0.210865,0.37954,0.900825]],[[0.88173,-0.471692,-0.00766025],[-0.150082,-0.26508,-0.952475],[0.447244,0.840975,-0.304521]],[[0.88173,-0.471692,-0.00766025],[-0.409414,-0.757045,-0.509178],[0.234376,0.452094,-0.860627]]],"btipPosition":[2.6509,229.535,0.95291],"carpPosition":[13.2126,231.643,56.2241],"dipPosition":[6.64699,237.243,-13.7207],"direction":[-0.447244,-0.840975,0.304521],"extended":false,"handId":352,"id":3524,"length":49.963,"mcpPosition":[22.6749,266.788,11.8949],"pipPosition":[15.2997,253.513,-19.6122],"stabilizedTipPosition":[0.627511,222.704,7.03492],"timeVisible":0.298339,"tipPosition":[3.64519,230.9,-1.89866],"tipVelocity":[67.6676,209.907,-242.238],"tool":false,"touchDistance":0.333333,"touchZone":"none","type":4,"width":15.8833}],"r":[[0.966525,-0.18289,0.179946],[0.156249,0.975861,0.152583],[-0.203508,-0.119359,0.97177]],"s":0.989239,"t":[37.7431,92.1037,-87.1476],"timestamp":15223891192},false],[1,{"currentFrameRate":109.942,"devices":[],"gestures":[],"hands":[{"armBasis":[[0.972698,0.0966471,-0.210992],[-0.0159864,0.934903,0.354542],[0.231523,-0.34149,0.910924]],"armWidth":63.029,"confidence":0.820294,"direction":[-0.0943143,0.702345,-0.705561],"elbow":[60.9537,133.821,303.497],"grabStrength":0.0940561,"id":352,"palmNormal":[-0.0246355,-0.71015,-0.70362],"palmPosition":[-13.5268,259.135,20.1563],"palmVelocity":[47.1518,189.342,-246.775],"palmWidth":90.0033,"pinchStrength":0.540918,"r":[[0.965864,-0.181862,0.184479],[0.154055,0.975772,0.155355],[-0.208263,-0.121632,0.97048]],"s":0.993104,"sphereCenter":[-20.7642,242.839,-23.7853],"sphereRadius":46.1629,"stabilizedPalmPosition":[-15.9625,249.811,31.6403],"t":[38.1204,93.7082,-89.3712],"timeVisible":0.307377,"type":"right","wrist":[-0.879616,225.024,60.2146]}],"id":1155790,"interactionBox":{"center":[0,200,0],"size":[235.247,235.247,147.751]},"pointables":[{"bases":[[[0.404112,0.791937,0.457745],[-0.753136,0.00406998,0.657852],[0.519114,-0.61059,0.598081]],[[0.194796,0.956517,0.217093],[-0.816587,0.0355402,0.576127],[0.54336,-0.289503,0.788003]],[[0.194796,0.956517,0.217093],[-0.965852,0.148512,0.212305],[0.170833,-0.251036,0.952784]],[[0.194796,0.956517,0.217093],[-0.976456,0.168203,0.135059],[0.0926708,-0.238291,0.966762]]],"btipPosition":[-63.6241,241.956,-35.9597],"carpPosition":[-28.8882,213.679,57.4628],"dipPosition":[-61.4788,236.44,-13.5794],"direction":[-0.170833,0.251036,-0.952784],"extended":false,"handId":352,"id":3520,"length":51.5512,"mcpPosition":[-28.8882,213.679,57.4628],"pipPosition":[-55.7173,227.973,18.5541],"stabilizedTipPosition":[-69.5473,225.305,-10.4445],"timeVisible":0.307377,"tipPosition":[-62.9982,241.44,-30.7832],"tipVelocity":[62.744,197.079,-264.332],"tool":false,"touchDistance":-0.467656,"touchZone":"hovering","type":0,"width":20.0304},{"bases":[[[0.965273,0.166209,-0.201548],[-0.0142171,0.80378,0.594757],[0.260855,-0.571238,0.77823]],[[0.970104,0.15521,-0.186568],[-0.013138,0.801214,0.598233],[0.242332,-0.577897,0.779301]],[[0.970104,0.15521,-0.186568],[-0.118601,0.973902,0.193516],[0.211734,-0.165603,0.963195]],[[0.970104,0.15521,-0.186568],[-0.186491,0.968702,-0.163822],[0.155302,0.193718,0.968687]]],"btipPosition":[-58.4381,302.052,-66.2189],"carpPosition":[-21.4701,235.238,62.9313],"dipPosition":[-55.8134,305.326,-49.8478],"direction":[-0.211734,0.165603,-0.963195],"extended":true,"handId":352,"id":3521,"length":58.1698,"mcpPosition":[-40.4529,276.808,6.29811],"pipPosition":[-50.7512,301.367,-26.8195],"stabilizedTipPosition":[-59.3212,294.233,-54.6205],"timeVisible":0.307377,"tipPosition":[-57.0032,301.077,-62.3222],"tipVelocity":[42.938,279.465,-251.163],"tool":false,"touchDistance":-0.272329,"touchZone":"hovering","type":1,"width":19.133},{"bases":[[[0.979827,-0.0519716,-0.192972],[0.154909,0.807572,0.569062],[0.126264,-0.587475,0.799331]],[[0.984126,-0.0756505,-0.160539],[0.00198844,0.909239,-0.416269],[0.17746,0.409342,0.894956]],[[0.984126,-0.0756505,-0.160539],[-0.175593,-0.283841,-0.942657],[0.0257449,0.955883,-0.292619]],[[0.984126,-0.0756505,-0.160539],[-0.145306,-0.862831,-0.484157],[-0.101892,0.499799,-0.860127]]],"btipPosition":[-26.0204,223.776,-12.5625],"carpPosition":[-10.0157,238.927,61.0509],"dipPosition":[-27.9144,233.066,-28.5507],"direction":[-0.0257449,-0.955883,0.292619],"extended":false,"handId":352,"id":3522,"length":66.2798,"mcpPosition":[-18.7293,279.47,5.88795],"pipPosition":[-27.1902,259.953,-36.7815],"stabilizedTipPosition":[-30.4488,215.447,-2.77725],"timeVisible":0.307377,"tipPosition":[-26.4097,225.491,-15.5691],"tipVelocity":[65.0346,195.671,-263.898],"tool":false,"touchDistance":0.333333,"touchZone":"none","type":2,"width":18.7912},{"bases":[[[0.973244,-0.198586,-0.115586],[0.228463,0.782656,0.579012],[-0.0245194,-0.589927,0.807084]],[[0.97314,-0.200906,-0.112409],[0.128719,0.879658,-0.457857],[0.190868,0.43109,0.88189]],[[0.97314,-0.200906,-0.112409],[-0.171545,-0.307184,-0.936061],[0.15353,0.930201,-0.333397]],[[0.97314,-0.200906,-0.112409],[-0.23021,-0.85253,-0.469251],[-0.00155693,0.482525,-0.875881]]],"btipPosition":[-9.22629,222.588,-5.08404],"carpPosition":[1.86811,239.495,58.5756],"dipPosition":[-9.25506,231.506,-21.2715],"direction":[-0.15353,-0.930201,0.333397],"extended":false,"handId":352,"id":3523,"length":63.7298,"mcpPosition":[3.38735,276.047,8.56808],"pipPosition":[-5.04809,256.995,-30.4072],"stabilizedTipPosition":[-12.3303,215.632,2.17751],"timeVisible":0.307377,"tipPosition":[-9.16263,224.487,-8.56676],"tipVelocity":[61.7177,199.536,-258.356],"tool":false,"touchDistance":0.333333,"touchZone":"none","type":3,"width":17.881},{"bases":[[[0.912648,-0.392098,-0.115468],[0.373987,0.687027,0.622999],[-0.164947,-0.611762,0.773653]],[[0.880926,-0.473203,-0.00698539],[0.423448,0.794719,-0.434872],[0.211334,0.380132,0.900465]],[[0.880926,-0.473203,-0.00698539],[-0.150604,-0.266313,-0.952048],[0.448652,0.839736,-0.305869]],[[0.880926,-0.473203,-0.00698539],[-0.41085,-0.757356,-0.507557],[0.234887,0.44999,-0.86159]]],"btipPosition":[2.98747,231.07,-1.24518],"carpPosition":[13.603,233.195,54.0157],"dipPosition":[6.99227,238.742,-15.9352],"direction":[-0.448652,-0.839736,0.305869],"extended":false,"handId":352,"id":3524,"length":49.963,"mcpPosition":[23.0638,268.284,9.64173],"pipPosition":[15.6722,254.988,-21.8527],"stabilizedTipPosition":[1.16985,224.379,5.1078],"timeVisible":0.307377,"tipPosition":[3.98365,232.426,-4.1119],"tipVelocity":[59.3438,198.617,-242.62],"tool":false,"touchDistance":0.333333,"touchZone":"none","type":4,"width":15.8833}],"r":[[0.965864,-0.181862,0.184479],[0.154055,0.975772,0.155355],[-0.208263,-0.121632,0.97048]],"s":0.993104,"t":[38.1204,93.7082,-89.3712],"timestamp":15223900230},false],[2,{"currentFrameRate":109.868,"devices":[],"gestures":[],"hands":[{"armBasis":[[0.973824,0.0955889,-0.206225],[-0.0150475,0.932396,0.361125],[0.226803,-0.34857,0.909428]],"armWidth":63.029,"confidence":0.808275,"direction":[-0.0931269,0.702411,-0.705653],"elbow":[60.1415,133.116,301.59],"grabStrength":0.076582,"id":352,"palmNormal":[-0.0243953,-0.71013,-0.703648],"palmPosition":[-13.0149,260.329,18.6365],"palmVelocity":[49.479,172.502,-223.72],"palmWidth":90.0033,"pinchStrength":0.544226,"r":[[0.965255,-0.181177,0.188301],[0.152389,0.975675,0.157597],[-0.212274,-0.123426,0.969384]],"s":0.996556,"sphereCenter":[-20.7589,244.151,-25.2295],"sphereRadius":46.1793,"stabilizedPalmPosition":[-15.591,251.137,30.0012],"t":[38.565,95.1075,-91.2429],"timeVisible":0.31661,"type":"right","wrist":[-0.431243,226.209,58.7075]}],"id":1155791,"interactionBox":{"center":[0,200,0],"size":[235.247,235.247,147.751]},"pointables":[{"bases":[[[0.404176,0.791664,0.458159],[-0.753802,0.00457112,0.657086],[0.518097,-0.61094,0.598605]],[[0.195161,0.956411,0.217233],[-0.815947,0.0354331,0.57704],[0.544191,-0.289866,0.787295]],[[0.195161,0.956411,0.217233],[-0.965858,0.148942,0.211977],[0.170382,-0.251186,0.952825]],[[0.195161,0.956411,0.217233],[-0.976838,0.169733,0.130301],[0.0877496,-0.237631,0.967384]]],"btipPosition":[-63.0924,243.168,-37.4763],"carpPosition":[-28.4446,214.883,55.9271],"dipPosition":[-61.061,237.667,-15.0815],"direction":[-0.170382,0.251186,-0.952825],"extended":false,"handId":352,"id":3520,"length":51.5512,"mcpPosition":[-28.4446,214.883,55.9271],"pipPosition":[-55.3147,229.195,17.0533],"stabilizedTipPosition":[-68.9534,226.729,-12.3218],"timeVisible":0.31661,"tipPosition":[-62.4792,242.629,-32.3173],"tipVelocity":[60.5013,178.719,-236.151],"tool":false,"touchDistance":-0.471922,"touchZone":"hovering","type":0,"width":20.0304},{"bases":[[[0.965589,0.165564,-0.200566],[-0.0142839,0.803787,0.594746],[0.259681,-0.571415,0.778492]],[[0.969522,0.15663,-0.188397],[-0.0128097,0.800313,0.599445],[0.244667,-0.578762,0.777928]],[[0.969522,0.15663,-0.188397],[-0.117085,0.971673,0.205289],[0.215214,-0.176973,0.960397]],[[0.969522,0.15663,-0.188397],[-0.185006,0.972153,-0.143843],[0.16062,0.174314,0.971502]]],"btipPosition":[-58.1725,303.901,-67.6884],"carpPosition":[-21.0176,236.438,61.4033],"dipPosition":[-55.458,306.847,-51.2697],"direction":[-0.215214,0.176973,-0.960397],"extended":true,"handId":352,"id":3521,"length":58.1698,"mcpPosition":[-39.9151,278.021,4.75101],"pipPosition":[-50.3126,302.616,-28.3082],"stabilizedTipPosition":[-58.9265,296.536,-56.6888],"timeVisible":0.31661,"tipPosition":[-56.7044,302.873,-63.8199],"tipVelocity":[39.588,254.938,-225.014],"tool":false,"touchDistance":-0.295307,"touchZone":"hovering","type":1,"width":19.133},{"bases":[[[0.979988,-0.0526264,-0.191976],[0.154871,0.807465,0.569223],[0.125058,-0.587563,0.799456]],[[0.984241,-0.0763272,-0.159513],[0.00382995,0.911039,-0.412302],[0.176792,0.405194,0.896974]],[[0.984241,-0.0763272,-0.159513],[-0.174668,-0.278873,-0.94431],[0.0275927,0.95729,-0.28781]],[[0.984241,-0.0763272,-0.159513],[-0.145773,-0.860842,-0.487546],[-0.100102,0.503115,-0.858402]]],"btipPosition":[-25.5337,225.07,-14.351],"carpPosition":[-9.55885,240.119,59.5346],"dipPosition":[-27.3945,234.422,-30.3072],"direction":[-0.0275927,-0.95729,0.28781],"extended":false,"handId":352,"id":3522,"length":66.2798,"mcpPosition":[-18.1893,280.667,4.36295],"pipPosition":[-26.6183,261.349,-38.4027],"stabilizedTipPosition":[-29.9453,216.768,-4.48803],"timeVisible":0.31661,"tipPosition":[-25.9074,226.794,-17.3072],"tipVelocity":[61.8076,180.529,-243.98],"tool":false,"touchDistance":0.333333,"touchZone":"none","type":2,"width":18.7912},{"bases":[[[0.973228,-0.199237,-0.114598],[0.228398,0.7825,0.579247],[-0.0257347,-0.589914,0.807056]],[[0.973114,-0.201646,-0.111299],[0.129921,0.879586,-0.457657],[0.190182,0.430892,0.882135]],[[0.973114,-0.201646,-0.111299],[-0.170727,-0.307156,-0.93622],[0.154599,0.930051,-0.333324]],[[0.973114,-0.201646,-0.111299],[-0.230323,-0.852466,-0.469312],[-0.000243644,0.482329,-0.87599]]],"btipPosition":[-8.71448,223.788,-6.59739],"carpPosition":[2.32783,240.678,57.0713],"dipPosition":[-8.71898,232.702,-22.7869],"direction":[-0.154599,-0.930051,0.333324],"extended":false,"handId":352,"id":3523,"length":63.7298,"mcpPosition":[3.92237,277.23,7.06554],"pipPosition":[-4.48272,258.187,-31.9205],"stabilizedTipPosition":[-11.834,217.033,0.461328],"timeVisible":0.31661,"tipPosition":[-8.64608,225.684,-10.0842],"tipVelocity":[60.1239,179.969,-231.869],"tool":false,"touchDistance":0.333333,"touchZone":"none","type":3,"width":17.881},{"bases":[[[0.912502,-0.392709,-0.114542],[0.373813,0.686774,0.623382],[-0.166143,-0.611655,0.773482]],[[0.880302,-0.474386,-0.00525041],[0.425434,0.794265,-0.433762],[0.209941,0.379607,0.901012]],[[0.880302,-0.474386,-0.00525041],[-0.149212,-0.266349,-0.952257],[0.450339,0.839057,-0.305252]],[[0.880302,-0.474386,-0.00525041],[-0.411071,-0.757192,-0.507623],[0.236833,0.449019,-0.861564]]],"btipPosition":[3.49911,232.287,-2.75926],"carpPosition":[14.0631,234.371,52.5233],"dipPosition":[7.53709,239.943,-17.4488],"direction":[-0.450339,-0.839057,0.305252],"extended":false,"handId":352,"id":3524,"length":49.963,"mcpPosition":[23.5925,269.453,8.15916],"pipPosition":[16.2497,256.176,-23.3544],"stabilizedTipPosition":[1.68222,225.899,3.33924],"timeVisible":0.31661,"tipPosition":[4.50059,233.638,-5.63467],"tipVelocity":[58.4733,179.776,-220.553],"tool":false,"touchDistance":0.333333,"touchZone":"none","type":4,"width":15.8833}],"r":[[0.965255,-0.181177,0.188301],[0.152389,0.975675,0.157597],[-0.212274,-0.123426,0.969384]],"s":0.996556,"t":[38.565,95.1075,-91.2429],"timestamp":15223909463},false],[3,{"currentFrameRate":110.083,"devices":[],"gestures":[],"hands":[{"armBasis":[[0.97368,0.0989154,-0.205336],[-0.0165489,0.92922,0.369156],[0.227317,-0.356042,0.9064]],"armWidth":63.029,"confidence":0.795434,"direction":[-0.0908001,0.700945,-0.707411],"elbow":[60.5379,132.285,299.611],"grabStrength":0.0607801,"id":352,"palmNormal":[-0.0206681,-0.711519,-0.702363],"palmPosition":[-12.6179,261.404,17.3459],"palmVelocity":[48.4475,159.427,-203.599],"palmWidth":90.0033,"pinchStrength":0.544204,"r":[[0.964627,-0.180367,0.192256],[0.150718,0.975684,0.159135],[-0.216284,-0.124529,0.968356]],"s":0.999718,"sphereCenter":[-20.6803,245.224,-26.4527],"sphereRadius":46.2085,"stabilizedPalmPosition":[-15.2553,252.296,28.5724],"t":[38.9858,96.3445,-92.8241],"timeVisible":0.325312,"type":"right","wrist":[-0.172273,227.374,57.5368]}],"id":1155792,"interactionBox":{"center":[0,200,0],"size":[235.247,235.247,147.751]},"pointables":[{"bases":[[[0.401417,0.792958,0.458346],[-0.756618,0.00508844,0.653838],[0.516134,-0.609254,0.602009]],[[0.193169,0.957075,0.216086],[-0.817652,0.0352904,0.57463],[0.542338,-0.287684,0.789371]],[[0.193169,0.957075,0.216086],[-0.966792,0.148107,0.208273],[0.167329,-0.249142,0.953902]],[[0.193169,0.957075,0.216086],[-0.977876,0.169777,0.122205],[0.0802727,-0.234912,0.968696]]],"btipPosition":[-62.4424,244.06,-38.9142],"carpPosition":[-28.1621,216.014,54.6583],"dipPosition":[-60.5841,238.622,-16.4891],"direction":[-0.167329,0.249142,-0.953902],"extended":false,"handId":352,"id":3520,"length":51.5512,"mcpPosition":[-28.1621,216.014,54.6583],"pipPosition":[-54.9408,230.219,15.6821],"stabilizedTipPosition":[-68.4089,227.991,-14.004],"timeVisible":0.325312,"tipPosition":[-61.8647,243.519,-33.7613],"tipVelocity":[63.0676,158.829,-217.016],"tool":false,"touchDistance":-0.474527,"touchZone":"hovering","type":0,"width":20.0304},{"bases":[[[0.966275,0.166146,-0.196746],[-0.0176371,0.804925,0.593114],[0.256909,-0.569641,0.780709]],[[0.969339,0.159179,-0.1872],[-0.0157078,0.800402,0.599258],[0.245225,-0.577944,0.778361]],[[0.969339,0.159179,-0.1872],[-0.117902,0.969685,0.214032],[0.215595,-0.185399,0.958721]],[[0.969339,0.159179,-0.1872],[-0.18471,0.97444,-0.127861],[0.162062,0.158519,0.973965]]],"btipPosition":[-57.7906,305.355,-69.1486],"carpPosition":[-20.7802,237.587,60.1244],"dipPosition":[-55.0517,308.034,-52.6882],"direction":[-0.215595,0.185399,-0.958721],"extended":true,"handId":352,"id":3521,"length":58.1698,"mcpPosition":[-39.476,279.041,3.31078],"pipPosition":[-49.8972,303.602,-29.7669],"stabilizedTipPosition":[-58.5602,298.493,-58.4882],"timeVisible":0.325312,"tipPosition":[-56.3026,304.282,-65.3032],"tipVelocity":[40.9083,229.622,-209.453],"tool":false,"touchDistance":-0.315869,"touchZone":"hovering","type":1,"width":19.133},{"bases":[[[0.980854,-0.0520129,-0.18767],[0.151622,0.808725,0.568309],[0.122214,-0.585883,0.801127]],[[0.984993,-0.0756567,-0.155128],[0.00471363,0.910261,-0.414008],[0.17253,0.407064,0.896957]],[[0.984993,-0.0756567,-0.155128],[-0.170327,-0.280902,-0.944501],[0.0278819,0.95675,-0.289573]],[[0.984993,-0.0756567,-0.155128],[-0.142815,-0.861973,-0.486422],[-0.0969154,0.501277,-0.859842]]],"btipPosition":[-24.96,226.072,-15.6261],"carpPosition":[-9.31722,241.277,58.2976],"dipPosition":[-26.7615,235.39,-31.609],"direction":[-0.0278819,-0.95675,0.289573],"extended":false,"handId":352,"id":3522,"length":66.2798,"mcpPosition":[-17.7514,281.709,3.01072],"pipPosition":[-25.9772,262.301,-39.7542],"stabilizedTipPosition":[-29.4844,217.922,-5.98154],"timeVisible":0.325312,"tipPosition":[-25.3233,227.794,-18.596],"tipVelocity":[63.3267,162.84,-218.165],"tool":false,"touchDistance":0.333333,"touchZone":"none","type":2,"width":18.7912},{"bases":[[[0.973909,-0.19848,-0.110036],[0.22513,0.783853,0.578697],[-0.0286076,-0.588371,0.808085]],[[0.973779,-0.200964,-0.10662],[0.131108,0.878759,-0.458904],[0.185917,0.432893,0.882065]],[[0.973779,-0.200964,-0.10662],[-0.166392,-0.309557,-0.93621],[0.15514,0.929402,-0.334878]],[[0.973779,-0.200964,-0.10662],[-0.227476,-0.853871,-0.468144],[0.00304022,0.480123,-0.877196]]],"btipPosition":[-8.17198,224.827,-7.78016],"carpPosition":[2.57935,241.843,55.8843],"dipPosition":[-8.11579,233.7,-23.992],"direction":[-0.15514,-0.929402,0.334878],"extended":false,"handId":352,"id":3523,"length":63.7298,"mcpPosition":[4.3519,278.299,5.81479],"pipPosition":[-3.86472,259.167,-33.1682],"stabilizedTipPosition":[-11.3806,218.246,-1.01535],"timeVisible":0.325312,"tipPosition":[-8.09216,226.715,-11.2826],"tipVelocity":[61.1438,163.531,-206.424],"tool":false,"touchDistance":0.333333,"touchZone":"none","type":3,"width":17.881},{"bases":[[[0.913376,-0.392012,-0.109864],[0.37045,0.688359,0.623642],[-0.168849,-0.610319,0.773951]],[[0.877683,-0.479182,0.0075546],[0.436742,0.793259,-0.42426],[0.197305,0.375665,0.905509]],[[0.877683,-0.479182,0.0075546],[-0.13739,-0.266686,-0.953941],[0.459126,0.836219,-0.2999]],[[0.877683,-0.479182,0.0075546],[-0.409691,-0.758394,-0.506944],[0.248648,0.441841,-0.861946]]],"btipPosition":[4.002,233.694,-4.16485],"carpPosition":[14.3403,235.539,51.3989],"dipPosition":[8.24142,241.227,-18.8609],"direction":[-0.459126,-0.836219,0.2999],"extended":false,"handId":352,"id":3524,"length":49.963,"mcpPosition":[24.0249,270.544,7.00786],"pipPosition":[17.124,257.405,-24.663],"stabilizedTipPosition":[2.15092,227.255,1.79092],"timeVisible":0.325312,"tipPosition":[5.04821,234.931,-6.99283],"tipVelocity":[59.7115,174.066,-204.848],"tool":false,"touchDistance":0.333333,"touchZone":"none","type":4,"width":15.8833}],"r":[[0.964627,-0.180367,0.192256],[0.150718,0.975684,0.159135],[-0.216284,-0.124529,0.968356]],"s":0.999718,"t":[38.9858,96.3445,-92.8241],"timestamp":15223918165},false],[4,{"currentFrameRate":110.023,"devices":[],"gestures":[],"hands":[{"armBasis":[[0.97544,0.10338,-0.194498],[-0.0191903,0.919545,0.392517],[0.219428,-0.379144,0.898944]],"armWidth":63.029,"confidence":0.799736,"direction":[-0.0904743,0.698575,-0.709794],"elbow":[58.6581,127.38,296.139],"grabStrength":0.045264,"id":352,"palmNormal":[-0.0149097,-0.713587,-0.700408],"palmPosition":[-12.3497,262.506,15.7153],"palmVelocity":[43.0573,148.358,-196.248],"palmWidth":90.0033,"pinchStrength":0.544237,"r":[[0.964083,-0.178866,0.196345],[0.148487,0.975897,0.15993],[-0.220219,-0.125031,0.967404]],"s":1.00263,"sphereCenter":[-20.6653,246.271,-28.0011],"sphereRadius":46.238,"stabilizedPalmPosition":[-14.9317,253.433,27.1403],"t":[39.3303,97.5141,-94.4299],"timeVisible":0.334508,"type":"right","wrist":[0.0549824,228.639,56.0562]}],"id":1155793,"interactionBox":{"center":[0,200,0],"size":[235.247,235.247,147.751]},"pointables":[{"bases":[[[0.396383,0.795807,0.457789],[-0.759427,0.00401536,0.65058],[0.515899,-0.605536,0.605949]],[[0.188283,0.958546,0.213868],[-0.819535,0.0333416,0.572059],[0.541214,-0.282982,0.791839]],[[0.188283,0.958546,0.213868],[-0.968189,0.144619,0.204193],[0.164799,-0.245511,0.955283]],[[0.188283,0.958546,0.213868],[-0.979354,0.166932,0.114015],[0.0735873,-0.23092,0.970186]]],"btipPosition":[-61.8629,244.761,-40.6848],"carpPosition":[-27.8782,217.163,53.0906],"dipPosition":[-60.1593,239.416,-18.2252],"direction":[-0.164799,0.245511,-0.955283],"extended":false,"handId":352,"id":3520,"length":51.5512,"mcpPosition":[-27.8782,217.163,53.0906],"pipPosition":[-54.6013,231.135,13.9925],"stabilizedTipPosition":[-67.8718,229.194,-15.6695],"timeVisible":0.334508,"tipPosition":[-61.3222,244.233,-35.5334],"tipVelocity":[61.9717,136.388,-209.931],"tool":false,"touchDistance":-0.481848,"touchZone":"hovering","type":0,"width":20.0304},{"bases":[[[0.96646,0.169329,-0.193088],[-0.0232874,0.806534,0.590729],[0.25576,-0.56642,0.783426]],[[0.968723,0.164224,-0.186029],[-0.0208259,0.800838,0.598519],[0.24727,-0.575925,0.77921]],[[0.968723,0.164224,-0.186029],[-0.121395,0.967477,0.221925],[0.216424,-0.1924,0.957153]],[[0.968723,0.164224,-0.186029],[-0.187101,0.975837,-0.112851],[0.163001,0.144128,0.976042]]],"btipPosition":[-57.6525,306.638,-70.9778],"carpPosition":[-20.6032,238.78,58.5265],"dipPosition":[-54.8977,309.074,-54.4824],"direction":[-0.216424,0.1924,-0.957153],"extended":true,"handId":352,"id":3521,"length":58.1698,"mcpPosition":[-39.2152,279.999,1.51519],"pipPosition":[-49.7234,304.474,-31.5985],"stabilizedTipPosition":[-58.2403,300.3,-60.2929],"timeVisible":0.334508,"tipPosition":[-56.1505,305.528,-67.1562],"tipVelocity":[33.7789,202.716,-206.262],"tool":false,"touchDistance":-0.339933,"touchZone":"hovering","type":1,"width":19.133},{"bases":[[[0.981843,-0.0487454,-0.183326],[0.14606,0.810918,0.566638],[0.121042,-0.583126,0.803314]],[[0.985934,-0.072286,-0.150692],[0.00293232,0.908973,-0.416844],[0.167107,0.410539,0.8964]],[[0.985934,-0.072286,-0.150692],[-0.165191,-0.284437,-0.944356],[0.0254014,0.955966,-0.292377]],[[0.985934,-0.072286,-0.150692],[-0.137395,-0.863923,-0.484521],[-0.0951621,0.49841,-0.861703]]],"btipPosition":[-24.4129,227.023,-17.1964],"carpPosition":[-9.14676,242.508,56.7382],"dipPosition":[-26.1818,236.287,-33.214],"direction":[-0.0254014,-0.955966,0.292377],"extended":false,"handId":352,"id":3522,"length":66.2798,"mcpPosition":[-17.5,282.75,1.30037],"pipPosition":[-25.4673,263.177,-41.4379],"stabilizedTipPosition":[-29.0183,219.044,-7.47031],"timeVisible":0.334508,"tipPosition":[-24.7713,228.746,-20.1898],"tipVelocity":[62.4822,145.846,-205.152],"tool":false,"touchDistance":0.333333,"touchZone":"none","type":2,"width":18.7912},{"bases":[[[0.97513,-0.195017,-0.105304],[0.219619,0.786361,0.577411],[-0.0297976,-0.586178,0.809634]],[[0.974991,-0.197575,-0.101767],[0.129784,0.877885,-0.460949],[0.180412,0.436214,0.881572]],[[0.974991,-0.197575,-0.101767],[-0.161169,-0.313278,-0.935885],[0.153026,0.928882,-0.337286]],[[0.974991,-0.197575,-0.101767],[-0.222189,-0.856341,-0.466168],[0.00495584,0.477121,-0.878823]]],"btipPosition":[-7.65404,225.885,-9.26848],"carpPosition":[2.75776,243.114,54.3741],"dipPosition":[-7.56244,234.703,-25.5104],"direction":[-0.153026,-0.928882,0.337286],"extended":false,"handId":352,"id":3523,"length":63.7298,"mcpPosition":[4.60404,279.434,4.20862],"pipPosition":[-3.36928,260.156,-34.7525],"stabilizedTipPosition":[-10.9203,219.434,-2.48789],"timeVisible":0.334508,"tipPosition":[-7.56813,227.761,-12.7884],"tipVelocity":[60.0432,149.58,-194.168],"tool":false,"touchDistance":0.333333,"touchZone":"none","type":3,"width":17.881},{"bases":[[[0.915346,-0.388781,-0.104838],[0.365113,0.691559,0.623249],[-0.169806,-0.608766,0.774964]],[[0.876136,-0.481602,0.021127],[0.445665,0.792496,-0.416332],[0.183763,0.374178,0.908967]],[[0.876136,-0.481602,0.021127],[-0.123616,-0.266812,-0.955788],[0.465946,0.834788,-0.293297]],[[0.876136,-0.481602,0.021127],[-0.405163,-0.759409,-0.509059],[0.261208,0.437445,-0.860472]]],"btipPosition":[4.40622,235.063,-5.9386],"carpPosition":[14.5621,236.842,49.9571],"dipPosition":[8.85978,242.521,-20.6095],"direction":[-0.465946,-0.834788,0.293297],"extended":false,"handId":352,"id":3524,"length":49.963,"mcpPosition":[24.3016,271.759,5.50794],"pipPosition":[17.8743,258.672,-26.2839],"stabilizedTipPosition":[2.61672,228.607,0.213865],"timeVisible":0.334508,"tipPosition":[5.51541,236.239,-8.70452],"tipVelocity":[56.8036,166.502,-201.327],"tool":false,"touchDistance":0.333333,"touchZone":"none","type":4,"width":15.8833}],"r":[[0.964083,-0.178866,0.196345],[0.148487,0.975897,0.15993],[-0.220219,-0.125031,0.967404]],"s":1.00263,"t":[39.3303,97.5141,-94.4299],"timestamp":15223927361},false],[5,{"currentFrameRate":110.128,"devices":[],"gestures":[],"hands":[{"armBasis":[[0.975588,0.11357,-0.187961],[-0.0261865,0.909948,0.413894],[0.218041,-0.398869,0.890709]],"armWidth":63.029,"confidence":0.799766,"direction":[-0.0918615,0.69765,-0.710525],"elbow":[58.4411,123.442,292.627],"grabStrength":0.0296212,"id":352,"palmNormal":[-0.0056806,-0.713898,-0.700227],"palmPosition":[-12.2307,263.728,14.3232],"palmVelocity":[34.9887,145.39,-185.45],"palmWidth":90.0033,"pinchStrength":0.544521,"r":[[0.963681,-0.176196,0.200683],[0.145047,0.976295,0.160652],[-0.224232,-0.125709,0.966394]],"s":1.00545,"sphereCenter":[-20.6994,247.539,-29.3476],"sphereRadius":46.2669,"stabilizedPalmPosition":[-14.6543,254.49,25.8241],"t":[39.562,98.71,-95.9289],"timeVisible":0.343402,"type":"right","wrist":[0.208361,229.969,54.7433]}],"id":1155794,"interactionBox":{"center":[0,200,0],"size":[235.247,235.247,147.751]},"pointables":[{"bases":[[[0.387845,0.798923,0.459672],[-0.762987,-0.00152234,0.646412],[0.517133,-0.601431,0.608978]],[[0.179523,0.96016,0.21416],[-0.822171,0.0268981,0.568604],[0.54019,-0.278154,0.794245]],[[0.179523,0.96016,0.21416],[-0.970338,0.136999,0.199184],[0.161909,-0.243566,0.956274]],[[0.179523,0.96016,0.21416],[-0.981529,0.16019,0.10459],[0.0661167,-0.228981,0.971183]]],"btipPosition":[-61.2843,245.53,-42.3219],"carpPosition":[-27.6206,218.281,51.6289],"dipPosition":[-59.7538,240.23,-19.8392],"direction":[-0.161909,0.243566,-0.956274],"extended":false,"handId":352,"id":3520,"length":51.5512,"mcpPosition":[-27.6206,218.281,51.6289],"pipPosition":[-54.2932,232.015,12.412],"stabilizedTipPosition":[-67.3896,230.245,-17.1621],"timeVisible":0.343402,"tipPosition":[-60.7911,245.009,-37.1708],"tipVelocity":[61.5915,123.135,-202.737],"tool":false,"touchDistance":-0.486473,"touchZone":"hovering","type":0,"width":20.0304},{"bases":[[[0.966196,0.176569,-0.187854],[-0.0326165,0.806518,0.590309],[0.255738,-0.564227,0.785014]],[[0.967708,0.173192,-0.183157],[-0.0294567,0.799314,0.600191],[0.250348,-0.575414,0.778604]],[[0.967708,0.173192,-0.183157],[-0.128496,0.964029,0.232672],[0.216866,-0.201623,0.955153]],[[0.967708,0.173192,-0.183157],[-0.192765,0.976638,-0.0949698],[0.16243,0.127209,0.978486]]],"btipPosition":[-57.7185,308.137,-72.4908],"carpPosition":[-20.539,239.954,57.0969],"dipPosition":[-54.9733,310.287,-55.954],"direction":[-0.216866,0.201623,-0.955153],"extended":true,"handId":352,"id":3521,"length":58.1698,"mcpPosition":[-39.1495,281.014,-0.0299885],"pipPosition":[-49.7885,305.467,-33.1179],"stabilizedTipPosition":[-58.0185,301.902,-61.9072],"timeVisible":0.343402,"tipPosition":[-56.206,306.967,-68.6968],"tipVelocity":[22.5126,191.42,-196.143],"tool":false,"touchDistance":-0.356824,"touchZone":"hovering","type":1,"width":19.133},{"bases":[[[0.983173,-0.04138,-0.177931],[0.136823,0.812175,0.567143],[0.121043,-0.581944,0.80417]],[[0.987267,-0.0649062,-0.145228],[-0.00166244,0.908709,-0.417427],[0.159064,0.412353,0.89703]],[[0.987267,-0.0649062,-0.145228],[-0.15784,-0.286272,-0.945058],[0.0197654,0.955947,-0.292872]],[[0.987267,-0.0649062,-0.145228],[-0.128193,-0.865185,-0.48479],[-0.0941833,0.497235,-0.862489]]],"btipPosition":[-23.8439,228.137,-18.6252],"carpPosition":[-9.10152,243.768,55.37],"dipPosition":[-25.5946,237.38,-34.6573],"direction":[-0.0197654,-0.955947,0.292872],"extended":false,"handId":352,"id":3522,"length":66.2798,"mcpPosition":[-17.4549,283.929,-0.126894],"pipPosition":[-25.0387,264.269,-42.8953],"stabilizedTipPosition":[-28.5764,220.083,-8.84475],"timeVisible":0.343402,"tipPosition":[-24.2002,229.867,-21.6409],"tipVelocity":[63.0152,140.101,-193.156],"tool":false,"touchDistance":0.333333,"touchZone":"none","type":2,"width":18.7912},{"bases":[[[0.977138,-0.187674,-0.0998955],[0.210505,0.788178,0.578328],[-0.0298013,-0.586135,0.809665]],[[0.976995,-0.190306,-0.096255],[0.125766,0.878637,-0.46063],[0.172234,0.437927,0.882358]],[[0.976995,-0.190306,-0.096255],[-0.153655,-0.315154,-0.936519],[0.14789,0.929764,-0.337146]],[[0.976995,-0.190306,-0.096255],[-0.213174,-0.858381,-0.466626],[0.00617835,0.47641,-0.879202]]],"btipPosition":[-7.12115,227.145,-10.6052],"carpPosition":[2.81085,244.463,53.071],"dipPosition":[-7.00696,235.949,-26.8541],"direction":[-0.14789,-0.929764,0.337146],"extended":false,"handId":352,"id":3523,"length":63.7298,"mcpPosition":[4.65737,280.78,2.90349],"pipPosition":[-2.95453,261.426,-36.0924],"stabilizedTipPosition":[-10.4796,220.555,-3.85355],"timeVisible":0.343402,"tipPosition":[-7.03153,229.019,-14.1364],"tipVelocity":[60.1672,147.328,-182.291],"tool":false,"touchDistance":0.333333,"touchZone":"none","type":3,"width":17.881},{"bases":[[[0.918818,-0.381884,-0.0996882],[0.356458,0.694492,0.624995],[-0.169443,-0.609791,0.774238]],[[0.876911,-0.479538,0.0327268],[0.449755,0.794616,-0.407807],[0.169554,0.372329,0.912482]],[[0.876911,-0.479538,0.0327268],[-0.110027,-0.266548,-0.957521],[0.467891,0.836059,-0.286501]],[[0.876911,-0.479538,0.0327268],[-0.397422,-0.761675,-0.511769],[0.27034,0.435769,-0.8585]]],"btipPosition":[4.81322,236.628,-7.42123],"carpPosition":[14.6863,238.279,48.7208],"dipPosition":[9.42248,244.057,-22.0585],"direction":[-0.467891,-0.836059,0.286501],"extended":false,"handId":352,"id":3524,"length":49.963,"mcpPosition":[24.4049,273.255,4.31334],"pipPosition":[18.4746,260.232,-27.6014],"stabilizedTipPosition":[3.05283,229.91,-1.2594],"timeVisible":0.343402,"tipPosition":[5.9633,237.764,-10.1555],"tipVelocity":[54.8963,168.861,-191.678],"tool":false,"touchDistance":0.333333,"touchZone":"none","type":4,"width":15.8833}],"r":[[0.963681,-0.176196,0.200683],[0.145047,0.976295,0.160652],[-0.224232,-0.125709,0.966394]],"s":1.00545,"t":[39.562,98.71,-95.9289],"timestamp":15223936255},false],[6,{"currentFrameRate":110.029,"devices":[],"gestures":[],"hands":[{"armBasis":[[0.97568,0.121378,-0.182525],[-0.0335695,0.90561,0.422781],[0.216613,-0.406372,0.88766]],"armWidth":63.029,"confidence":0.792277,"direction":[-0.0916199,0.693141,-0.714955],"elbow":[58.1407,122.873,290.267],"grabStrength":0.0145501,"id":352,"palmNormal":[0.00367425,-0.717735,-0.696307],"palmPosition":[-12.097,264.859,12.5095],"palmVelocity":[29.2059,138.829,-188.354],"palmWidth":90.0033,"pinchStrength":0.5441,"r":[[0.963292,-0.172579,0.205634],[0.140803,0.976968,0.160335],[-0.228568,-0.125495,0.965405]],"s":1.00826,"sphereCenter":[-20.6881,248.512,-31.0319],"sphereRadius":46.29,"stabilizedPalmPosition":[-14.3999,255.522,24.4996],"t":[39.7448,99.8735,-97.5852],"timeVisible":0.352666,"type":"right","wrist":[0.289467,231.403,53.1973]}],"id":1155795,"interactionBox":{"center":[0,200,0],"size":[235.247,235.247,147.751]},"pointables":[{"bases":[[[0.379538,0.803944,0.457848],[-0.767291,-0.00298372,0.641292],[0.516929,-0.594697,0.615726]],[[0.171638,0.962553,0.209839],[-0.825271,0.0241571,0.56422],[0.538022,-0.270016,0.798513]],[[0.171638,0.962553,0.209839],[-0.972475,0.13147,0.192373],[0.157581,-0.237082,0.958624]],[[0.171638,0.962553,0.209839],[-0.983428,0.15478,0.0944031],[0.0583889,-0.222565,0.973168]]],"btipPosition":[-60.6731,245.997,-44.3255],"carpPosition":[-27.4413,219.516,49.9613],"dipPosition":[-59.3214,240.845,-21.7968],"direction":[-0.157581,0.237082,-0.958624],"extended":false,"handId":352,"id":3520,"length":51.5512,"mcpPosition":[-27.4413,219.516,49.9613],"pipPosition":[-54.0068,232.849,10.5336],"stabilizedTipPosition":[-66.9409,231.175,-18.5657],"timeVisible":0.352666,"tipPosition":[-60.2154,245.496,-39.1793],"tipVelocity":[61.5767,103.698,-206.225],"tool":false,"touchDistance":-0.496054,"touchZone":"hovering","type":0,"width":20.0304},{"bases":[[[0.966268,0.181859,-0.182357],[-0.0418333,0.809501,0.585626],[0.25412,-0.558243,0.789802]],[[0.967036,0.180161,-0.179954],[-0.0379811,0.800847,0.597663],[0.251791,-0.571127,0.781291]],[[0.967036,0.180161,-0.179954],[-0.134926,0.96187,0.237912],[0.215955,-0.205789,0.954471]],[[0.967036,0.180161,-0.179954],[-0.197419,0.976803,-0.0829622],[0.160833,0.115754,0.98017]]],"btipPosition":[-57.6121,309.124,-74.7054],"carpPosition":[-20.5378,241.265,55.357],"dipPosition":[-54.894,311.08,-58.1402],"direction":[-0.215955,0.205789,-0.954471],"extended":true,"handId":352,"id":3521,"length":58.1698,"mcpPosition":[-39.0306,281.889,-2.11831],"pipPosition":[-49.7308,306.16,-35.3204],"stabilizedTipPosition":[-57.8328,303.284,-63.5258],"timeVisible":0.352666,"tipPosition":[-56.0989,307.922,-70.9308],"tipVelocity":[19.2202,166.174,-208.02],"tool":false,"touchDistance":-0.382597,"touchZone":"hovering","type":1,"width":19.133},{"bases":[[[0.984595,-0.0359161,-0.17112],[0.127717,0.81614,0.563563],[0.119417,-0.576737,0.808155]],[[0.988623,-0.0592382,-0.138259],[-0.00481417,0.90625,-0.422714],[0.150338,0.418571,0.895654]],[[0.988623,-0.0592382,-0.138259],[-0.149613,-0.292489,-0.944492],[0.0155108,0.954432,-0.298025]],[[0.988623,-0.0592382,-0.138259],[-0.11932,-0.868523,-0.481072],[-0.0915831,0.492096,-0.86571]]],"btipPosition":[-23.2569,228.996,-20.3141],"carpPosition":[-9.11403,245.144,53.6858],"dipPosition":[-24.9592,238.143,-36.4061],"direction":[-0.0155108,-0.954432,0.298025],"extended":false,"handId":352,"id":3522,"length":66.2798,"mcpPosition":[-17.3552,284.946,-2.08617],"pipPosition":[-24.523,264.989,-44.7889],"stabilizedTipPosition":[-28.1327,221.075,-10.2107],"timeVisible":0.352666,"tipPosition":[-23.6047,230.722,-23.3561],"tipVelocity":[63.4524,126.094,-190.521],"tool":false,"touchDistance":0.333333,"touchZone":"none","type":2,"width":18.7912},{"bases":[[[0.978989,-0.181817,-0.0923224],[0.201477,0.792687,0.575373],[-0.03143,-0.581884,0.812664]],[[0.978832,-0.184518,-0.0885467],[0.123566,0.87769,-0.463025],[0.163153,0.442283,0.881911]],[[0.978832,-0.184518,-0.0885467],[-0.145028,-0.320067,-0.936229],[0.14441,0.929252,-0.340052]],[[0.978832,-0.184518,-0.0885467],[-0.204457,-0.862117,-0.463629],[0.00921037,0.471919,-0.881594]]],"btipPosition":[-6.58168,228.227,-12.2557],"carpPosition":[2.80876,245.905,51.4626],"dipPosition":[-6.41146,236.949,-28.5488],"direction":[-0.14441,-0.929253,0.340052],"extended":false,"handId":352,"id":3523,"length":63.7298,"mcpPosition":[4.75619,281.959,1.10935],"pipPosition":[-2.45438,262.412,-37.8668],"stabilizedTipPosition":[-10.0304,221.66,-5.23988],"timeVisible":0.352666,"tipPosition":[-6.48247,230.07,-15.7764],"tipVelocity":[60.0144,138.185,-181.439],"tool":false,"touchDistance":0.333333,"touchZone":"none","type":3,"width":17.881},{"bases":[[[0.921934,-0.376401,-0.0914354],[0.34772,0.700215,0.62353],[-0.170673,-0.606647,0.776434]],[[0.878159,-0.476238,0.0450919],[0.451358,0.793659,-0.407898],[0.158469,0.378552,0.911913]],[[0.878159,-0.476238,0.0450919],[-0.0998322,-0.274636,-0.956352],[0.467835,0.835327,-0.288718]],[[0.878159,-0.476238,0.0450919],[-0.390302,-0.767804,-0.508076],[0.276587,0.428572,-0.860131]]],"btipPosition":[5.23292,237.862,-8.95131],"carpPosition":[14.7532,239.775,47.2261],"dipPosition":[9.9487,245.169,-23.6164],"direction":[-0.467835,-0.835327,0.288718],"extended":false,"handId":352,"id":3524,"length":49.963,"mcpPosition":[24.5424,274.57,2.69267],"pipPosition":[18.9998,261.33,-29.2022],"stabilizedTipPosition":[3.49158,231.205,-2.74645],"timeVisible":0.352666,"tipPosition":[6.41264,238.966,-11.7252],"tipVelocity":[52.9416,157.996,-184.