{"sensorType":"Leap","data":[[0,{"currentFrameRate":101.327,"devices":[],"gestures":[],"hands":[{"armBasis":[[0.945823,0.215563,-0.242799],[-0.0935365,0.897004,0.432012],[0.310917,-0.385896,0.86857]],"armWidth":63.029,"confidence":0.528545,"direction":[-0.0379302,0.66381,-0.746939],"elbow":[76.7909,138.302,294.43],"grabStrength":0.352913,"id":353,"palmNormal":[0.0864206,-0.742497,-0.664251],"palmPosition":[-15.4096,272.972,19.5034],"palmVelocity":[100.268,192.478,-251.659],"palmWidth":90.0033,"pinchStrength":0.552101,"r":[[0.83456,-0.381873,0.397094],[0.515344,0.795938,-0.317654],[-0.194759,0.469741,0.861053]],"s":0.900845,"sphereCenter":[-35.8009,260.327,-19.7634],"sphereRadius":47.4824,"stabilizedPalmPosition":[-27.1633,256.299,43.9666],"t":[88.1414,0.477628,-102.159],"timeVisible":3.13638,"type":"right","wrist":[-6.24647,241.364,62.4594]}],"id":1157228,"interactionBox":{"center":[0,200,0],"size":[235.247,235.247,147.751]},"pointables":[{"bases":[[[0.315903,0.829754,0.460123],[-0.825047,0.00076661,0.565063],[0.468511,-0.558129,0.684829]],[[0.0720117,0.991988,0.103798],[-0.876172,0.0131884,0.481818],[0.476589,-0.125642,0.870102]],[[0.0720117,0.991988,0.103798],[-0.995846,0.0656949,0.0630449],[0.0557207,-0.107907,0.992598]],[[0.0720117,0.991988,0.103798],[-0.978192,0.0905684,-0.186916],[-0.194819,-0.0880746,0.976877]]],"btipPosition":[-54.1693,240.536,-41.9852],"carpPosition":[-33.2679,228.654,57.068],"dipPosition":[-58.6793,238.497,-19.3706],"direction":[-0.0557207,0.107907,-0.992598],"extended":false,"handId":353,"id":3530,"length":51.5512,"mcpPosition":[-33.2679,228.654,57.068],"pipPosition":[-56.8001,234.858,14.1056],"stabilizedTipPosition":[-70.6106,222.874,-11.983],"timeVisible":3.13638,"tipPosition":[-56.0578,239.837,-36.7938],"tipVelocity":[182.352,196.817,-266.957],"tool":false,"touchDistance":-0.753414,"touchZone":"hovering","type":0,"width":20.0304},{"bases":[[[0.975035,0.199927,-0.0966233],[-0.115807,0.829119,0.546946],[0.189461,-0.522102,0.831573]],[[0.957791,0.239077,-0.159622],[-0.0686009,0.729321,0.680724],[0.279161,-0.641041,0.714938]],[[0.957791,0.239077,-0.159622],[-0.216482,0.965204,0.146683],[0.189136,-0.105936,0.97622]],[[0.957791,0.239077,-0.159622],[-0.281661,0.891506,-0.3548],[0.0574795,0.384784,0.921215]]],"btipPosition":[-58.5428,312.023,-67.5635],"carpPosition":[-27.3986,250.757,62.2425],"dipPosition":[-57.5714,318.526,-51.9947],"direction":[-0.189136,0.105936,-0.97622],"extended":true,"handId":353,"id":3531,"length":58.1698,"mcpPosition":[-41.1861,288.752,1.72746],"pipPosition":[-53.0494,315.994,-28.6549],"stabilizedTipPosition":[-62.2295,301.772,-52.9955],"timeVisible":3.13638,"tipPosition":[-57.5127,311.072,-63.6471],"tipVelocity":[104.622,303.436,-274.771],"tool":false,"touchDistance":-0.792456,"touchZone":"hovering","type":1,"width":19.133},{"bases":[[[0.997028,-0.0167426,-0.0752021],[0.0548894,0.839319,0.540861],[0.0540631,-0.543381,0.837743]],[[0.998377,-0.0379127,-0.042487],[0.00731877,0.825377,-0.564535],[0.0564708,0.563308,0.824315]],[[0.998377,-0.0379127,-0.042487],[-0.0540201,-0.39462,-0.917255],[0.0180094,0.918062,-0.396027]],[[0.998377,-0.0379127,-0.042487],[-0.0532791,-0.885269,-0.462017],[-0.0200961,0.463531,-0.885853]]],"btipPosition":[-22.5124,231.069,-7.99466],"carpPosition":[-15.956,254.866,61.5148],"dipPosition":[-22.886,239.685,-24.4611],"direction":[-0.0180094,-0.918062,0.396028],"extended":false,"handId":353,"id":3532,"length":66.2798,"mcpPosition":[-19.687,292.366,3.7009],"pipPosition":[-22.3794,265.509,-35.6006],"stabilizedTipPosition":[-32.0059,222.169,5.43659],"timeVisible":3.13638,"tipPosition":[-22.5965,234.07,-12.6525],"tipVelocity":[121.309,178.347,-257.113],"tool":false,"touchDistance":0.333333,"touchZone":"none","type":2,"width":18.7912},{"bases":[[[0.987123,-0.159747,0.00834139],[0.127678,0.818229,0.560536],[-0.0963689,-0.552253,0.828088]],[[0.983517,-0.177406,0.03494],[0.16496,0.801242,-0.575151],[0.0740398,0.571435,0.8173]],[[0.983517,-0.177406,0.03494],[-0.0439633,-0.422065,-0.905499],[0.175388,0.889038,-0.422908]],[[0.983517,-0.177406,0.03494],[-0.144174,-0.886057,-0.440587],[0.109121,0.428287,-0.89703]]],"btipPosition":[-8.01847,232.539,1.14436],"carpPosition":[-3.89475,255.852,60.4073],"dipPosition":[-6.00175,240.455,-15.434],"direction":[-0.175388,-0.889038,0.422908],"extended":false,"handId":353,"id":3533,"length":63.7298,"mcpPosition":[2.07634,290.07,9.09833],"pipPosition":[-1.19585,264.816,-27.0223],"stabilizedTipPosition":[-14.9155,224.863,11.8104],"timeVisible":3.13638,"tipPosition":[-7.40368,234.985,-3.54391],"tipVelocity":[115.46,185.261,-252.829],"tool":false,"touchDistance":0.333333,"touchZone":"none","type":3,"width":17.881},{"bases":[[[0.934578,-0.355575,0.0113953],[0.270638,0.731395,0.625952],[-0.230907,-0.581917,0.779778]],[[0.866717,-0.46812,0.17224],[0.485147,0.710899,-0.50917],[0.115907,0.524868,0.843255]],[[0.866717,-0.46812,0.17224],[-0.0387095,-0.40739,-0.912433],[0.497297,0.784154,-0.371213]],[[0.866717,-0.46812,0.17224],[-0.342181,-0.809245,-0.47753],[0.362925,0.354947,-0.861567]]],"btipPosition":[1.9154,243.678,5.22072],"carpPosition":[8.53423,249.882,57.5681],"dipPosition":[8.10324,249.73,-9.4689],"direction":[-0.497297,-0.784154,0.371213],"extended":false,"handId":353,"id":3534,"length":49.963,"mcpPosition":[21.7782,283.259,12.8429],"pipPosition":[17.7243,264.901,-16.6506],"stabilizedTipPosition":[-3.4304,235.97,14.2438],"timeVisible":3.13638,"tipPosition":[3.80153,245.616,0.548082],"tipVelocity":[110.518,188.481,-225.818],"tool":false,"touchDistance":0.333333,"touchZone":"none","type":4,"width":15.8833}],"r":[[0.83456,-0.381873,0.397094],[0.515344,0.795938,-0.317654],[-0.194759,0.469741,0.861053]],"s":0.900845,"t":[88.1414,0.477628,-102.159],"timestamp":15237132385},false],[1,{"currentFrameRate":101.638,"devices":[],"gestures":[],"hands":[{"armBasis":[[0.946118,0.220049,-0.237571],[-0.0991833,0.895303,0.434276],[0.30826,-0.387313,0.868887]],"armWidth":63.029,"confidence":0.557972,"direction":[-0.0367685,0.661163,-0.749341],"elbow":[76.4232,139.819,293.086],"grabStrength":0.342121,"id":353,"palmNormal":[0.0926968,-0.744359,-0.661315],"palmPosition":[-14.9748,274.688,17.923],"palmVelocity":[85.3264,190.573,-229.016],"palmWidth":90.0033,"pinchStrength":0.555848,"r":[[0.832484,-0.381173,0.402091],[0.516675,0.796126,-0.315008],[-0.200043,0.469989,0.859705]],"s":0.90616,"sphereCenter":[-35.3247,261.888,-21.3776],"sphereRadius":47.5818,"stabilizedPalmPosition":[-26.0482,257.982,41.5839],"t":[89.1171,3.14073,-105.104],"timeVisible":3.14562,"type":"right","wrist":[-5.90442,243.26,61.0303]}],"id":1157229,"interactionBox":{"center":[0,200,0],"size":[235.247,235.247,147.751]},"pointables":[{"bases":[[[0.310306,0.832524,0.458926],[-0.827888,-0.000612053,0.560893],[0.467238,-0.553988,0.689047]],[[0.06776,0.992566,0.101098],[-0.87838,0.0112954,0.477829],[0.473135,-0.12118,0.872616]],[[0.06776,0.992566,0.101098],[-0.99643,0.0622116,0.0570628],[0.0503491,-0.104604,0.993239]],[[0.06776,0.992566,0.101098],[-0.977501,0.0863339,-0.192454],[-0.199751,-0.0857828,0.976084]]],"btipPosition":[-53.2836,241.923,-43.6351],"carpPosition":[-32.8481,230.426,55.5455],"dipPosition":[-57.9078,239.937,-21.0389],"direction":[-0.0503491,0.104604,-0.993239],"extended":false,"handId":353,"id":3530,"length":51.5512,"mcpPosition":[-32.8481,230.426,55.5455],"pipPosition":[-56.2097,236.409,12.4589],"stabilizedTipPosition":[-68.5216,225.262,-15.381],"timeVisible":3.14562,"tipPosition":[-55.1835,241.226,-38.4568],"tipVelocity":[157.265,184.049,-242.26],"tool":false,"touchDistance":-0.731218,"touchZone":"hovering","type":0,"width":20.0304},{"bases":[[[0.974716,0.203456,-0.0923786],[-0.121831,0.830472,0.543574],[0.187311,-0.518576,0.834262]],[[0.957502,0.242585,-0.156018],[-0.0742888,0.730104,0.679286],[0.278694,-0.638828,0.717098]],[[0.957502,0.242585,-0.156018],[-0.219664,0.963883,0.15059],[0.186914,-0.109919,0.976207]],[[0.957502,0.242585,-0.156018],[-0.283049,0.894265,-0.34666],[0.0554268,0.376088,0.924925]]],"btipPosition":[-57.972,313.726,-69.4805],"carpPosition":[-27.092,252.569,60.6754],"dipPosition":[-57.0353,320.082,-53.849],"direction":[-0.186914,0.109919,-0.976207],"extended":true,"handId":353,"id":3531,"length":58.1698,"mcpPosition":[-40.723,290.306,-0.0353491],"pipPosition":[-52.5665,317.454,-30.5095],"stabilizedTipPosition":[-61.2714,304.646,-55.7565],"timeVisible":3.14562,"tipPosition":[-56.956,312.791,-65.5664],"tipVelocity":[92.3451,268.948,-255.428],"tool":false,"touchDistance":-0.770083,"touchZone":"hovering","type":1,"width":19.133},{"bases":[[[0.997453,-0.0130522,-0.0701209],[0.0488527,0.841327,0.538315],[0.0519684,-0.54037,0.839821]],[[0.99872,-0.0340902,-0.0373558],[0.00703432,0.825116,-0.56492],[0.0500811,0.563934,0.8243]],[[0.99872,-0.0340902,-0.0373558],[-0.0477765,-0.393787,-0.917959],[0.0165832,0.918569,-0.394912]],[[0.99872,-0.0340902,-0.0373558],[-0.0475314,-0.885024,-0.463113],[-0.0172732,0.464296,-0.885512]]],"btipPosition":[-21.7817,232.657,-9.69828],"carpPosition":[-15.6622,256.721,59.9915],"dipPosition":[-22.1028,241.288,-26.1584],"direction":[-0.0165832,-0.918569,0.394912],"extended":false,"handId":353,"id":3532,"length":66.2798,"mcpPosition":[-19.2486,294.012,2.03426],"pipPosition":[-21.6363,267.125,-37.2665],"stabilizedTipPosition":[-31.0069,223.397,3.57437],"timeVisible":3.14562,"tipPosition":[-21.8506,235.609,-14.2318],"tipVelocity":[109.817,176.616,-236.639],"tool":false,"touchDistance":0.333333,"touchZone":"none","type":2,"width":18.7912},{"bases":[[[0.987689,-0.155815,0.0138504],[0.121623,0.82059,0.558427],[-0.0983768,-0.549868,0.829438]],[[0.984045,-0.173291,0.040325],[0.164049,0.795972,-0.582681],[0.068876,0.579999,0.8117]],[[0.984045,-0.173291,0.040325],[-0.0389836,-0.431137,-0.901444],[0.173598,0.885489,-0.431014]],[[0.984045,-0.173291,0.040325],[-0.138875,-0.889777,-0.434754],[0.111219,0.422217,-0.899646]]],"btipPosition":[-7.36024,234.121,0.112952],"carpPosition":[-3.5994,257.75,58.9415],"dipPosition":[-5.30475,241.924,-16.5138],"direction":[-0.173598,-0.885489,0.431014],"extended":false,"handId":353,"id":3533,"length":63.7298,"mcpPosition":[2.4961,291.821,7.54894],"pipPosition":[-0.547881,266.188,-28.3242],"stabilizedTipPosition":[-14.0327,226.078,10.1036],"timeVisible":3.14562,"tipPosition":[-6.73073,236.551,-4.66853],"tipVelocity":[103.312,180.502,-213.514],"tool":false,"touchDistance":0.333333,"touchZone":"none","type":3,"width":17.881},{"bases":[[[0.935901,-0.351838,0.0172958],[0.264592,0.73454,0.624854],[-0.232552,-0.580225,0.78055]],[[0.86717,-0.464702,0.179076],[0.486069,0.711486,-0.507469],[0.108412,0.527105,0.842856]],[[0.86717,-0.464702,0.179076],[-0.031029,-0.409299,-0.911873],[0.497045,0.785192,-0.369351]],[[0.86717,-0.464702,0.179076],[-0.336224,-0.811557,-0.477837],[0.367382,0.354156,-0.860002]]],"btipPosition":[2.53369,245.434,3.74463],"carpPosition":[8.86716,251.82,56.1851],"dipPosition":[8.79751,251.472,-10.9183],"direction":[-0.497045,-0.785192,0.369351],"extended":false,"handId":353,"id":3534,"length":49.963,"mcpPosition":[22.2055,285.099,11.4155],"pipPosition":[18.4137,266.663,-18.064],"stabilizedTipPosition":[-2.47635,237.369,12.4566],"timeVisible":3.14562,"tipPosition":[4.42904,247.344,-0.855105],"tipVelocity":[98.8037,188.814,-207.076],"tool":false,"touchDistance":0.333333,"touchZone":"none","type":4,"width":15.8833}],"r":[[0.832484,-0.381173,0.402091],[0.516675,0.796126,-0.315008],[-0.200043,0.469989,0.859705]],"s":0.90616,"t":[89.1171,3.14073,-105.104],"timestamp":15237141626},false],[2,{"currentFrameRate":102.124,"devices":[],"gestures":[],"hands":[{"armBasis":[[0.946785,0.227355,-0.227834],[-0.107752,0.890893,0.441247],[0.303296,-0.393216,0.867982]],"armWidth":63.029,"confidence":0.578359,"direction":[-0.0348102,0.659447,-0.750945],"elbow":[75.0916,140.113,291.274],"grabStrength":0.322493,"id":353,"palmNormal":[0.102218,-0.74511,-0.659062],"palmPosition":[-14.8287,276.418,16.2199],"palmVelocity":[66.6692,191.845,-219.034],"palmWidth":90.0033,"pinchStrength":0.55806,"r":[[0.830616,-0.379472,0.407527],[0.517279,0.79676,-0.312402],[-0.206153,0.470291,0.858095]],"s":0.911468,"sphereCenter":[-35.2223,263.536,-23.1347],"sphereRadius":47.7825,"stabilizedPalmPosition":[-25.0429,259.634,39.3112],"t":[89.6779,5.3375,-107.428],"timeVisible":3.15448,"type":"right","wrist":[-5.91015,245.13,59.4601]}],"id":1157230,"interactionBox":{"center":[0,200,0],"size":[235.247,235.247,147.751]},"pointables":[{"bases":[[[0.301826,0.835246,0.459636],[-0.832216,-0.00437443,0.554434],[0.4651,-0.549859,0.693785]],[[0.0614852,0.993073,0.100126],[-0.88169,0.00702253,0.471777],[0.467806,-0.117287,0.876014]],[[0.0614852,0.993073,0.100126],[-0.997217,0.0568834,0.0481863],[0.042157,-0.10281,0.993807]],[[0.0614852,0.993073,0.100126],[-0.976489,0.0806159,-0.199927],[-0.206614,-0.0854791,0.974681]]],"btipPosition":[-52.4716,243.364,-45.5432],"carpPosition":[-32.7344,232.126,53.7919],"dipPosition":[-57.2547,241.385,-22.9795],"direction":[-0.042157,0.10281,-0.993807],"extended":false,"handId":353,"id":3530,"length":51.5512,"mcpPosition":[-32.7344,232.126,53.7919],"pipPosition":[-55.8329,237.917,10.5375],"stabilizedTipPosition":[-66.686,227.428,-18.4472],"timeVisible":3.15448,"tipPosition":[-54.3742,242.652,-40.3864],"tipVelocity":[138.358,178.285,-235.185],"tool":false,"touchDistance":-0.715163,"touchZone":"hovering","type":0,"width":20.0304},{"bases":[[[0.974195,0.209009,-0.0852041],[-0.130938,0.830817,0.540923],[0.183847,-0.515808,0.836745]],[[0.956986,0.248415,-0.149894],[-0.0827904,0.728967,0.679524],[0.278072,-0.637886,0.718177]],[[0.956986,0.248415,-0.149894],[-0.224147,0.961052,0.16167],[0.184217,-0.121118,0.975395]],[[0.956986,0.248415,-0.149894],[-0.285147,0.900674,-0.327837],[0.0535662,0.356477,0.932767]]],"btipPosition":[-57.6542,315.828,-71.5741],"carpPosition":[-27.1486,254.313,58.9215],"dipPosition":[-56.7489,321.853,-55.81],"direction":[-0.184217,0.121118,-0.975395],"extended":true,"handId":353,"id":3531,"length":58.1698,"mcpPosition":[-40.5275,291.849,-1.96995],"pipPosition":[-52.3446,318.957,-32.49],"stabilizedTipPosition":[-60.4997,307.181,-58.2159],"timeVisible":3.15448,"tipPosition":[-56.6462,314.875,-67.6598],"tipVelocity":[76.8186,258.012,-249.297],"tool":false,"touchDistance":-0.752354,"touchZone":"hovering","type":1,"width":19.133},{"bases":[[[0.998029,-0.00731735,-0.0623308],[0.0397142,0.842666,0.53697],[0.0485949,-0.538387,0.841295]],[[0.999163,-0.0282423,-0.0295773],[0.0065839,0.824894,-0.565248],[0.0403621,0.564581,0.82439]],[[0.999163,-0.0282423,-0.0295773],[-0.0383042,-0.392943,-0.918765],[0.0143258,0.919129,-0.393696]],[[0.999163,-0.0282423,-0.0295773],[-0.0387616,-0.884585,-0.464765],[-0.0130376,0.465523,-0.88494]]],"btipPosition":[-21.177,234.261,-11.5225],"carpPosition":[-15.7384,258.531,58.3182],"dipPosition":[-21.4193,242.914,-27.972],"direction":[-0.0143258,-0.919129,0.393696],"extended":false,"handId":353,"id":3532,"length":66.2798,"mcpPosition":[-19.092,295.686,0.25917],"pipPosition":[-21.0164,268.768,-39.0459],"stabilizedTipPosition":[-30.0846,224.61,1.79291],"timeVisible":3.15448,"tipPosition":[-21.2267,237.17,-15.9579],"tipVelocity":[99.1026,177.963,-228.221],"tool":false,"touchDistance":0.333333,"touchZone":"none","type":2,"width":18.7912},{"bases":[[[0.988449,-0.149968,0.0218515],[0.112446,0.822398,0.55769],[-0.101607,-0.548791,0.829762]],[[0.984765,-0.167153,0.0479351],[0.16233,0.784848,-0.598048],[0.0623436,0.596718,0.800025]],[[0.984765,-0.167153,0.0479351],[-0.0328945,-0.449755,-0.892546],[0.170751,0.877371,-0.448401]],[[0.984765,-0.167153,0.0479351],[-0.131589,-0.896539,-0.422968],[0.113676,0.410217,-0.904876]]],"btipPosition":[-6.91346,235.638,-0.399605],"carpPosition":[-3.67407,259.63,57.36],"dipPosition":[-4.81257,243.22,-17.123],"direction":[-0.170751,-0.877371,0.448401],"extended":false,"handId":353,"id":3533,"length":63.7298,"mcpPosition":[2.62155,293.633,5.94732],"pipPosition":[-0.133731,267.261,-29.4099],"stabilizedTipPosition":[-13.1697,227.362,8.47475],"timeVisible":3.15448,"tipPosition":[-6.25981,238.037,-5.40546],"tipVelocity":[89.2958,176.438,-172.005],"tool":false,"touchDistance":0.333333,"touchZone":"none","type":3,"width":17.881},{"bases":[[[0.937788,-0.346286,0.0252917],[0.255396,0.737324,0.625401],[-0.235216,-0.580034,0.779893]],[[0.86722,-0.460674,0.188969],[0.488653,0.7145,-0.500707],[0.095644,0.526563,0.844739]],[[0.86722,-0.460674,0.188969],[-0.0166714,-0.406164,-0.913648],[0.497646,0.789183,-0.359913]],[[0.86722,-0.460674,0.188969],[-0.325565,-0.811756,-0.48483],[0.376745,0.358932,-0.85395]]],"btipPosition":[2.94284,247.231,1.95826],"carpPosition":[8.84821,253.767,54.7126],"dipPosition":[9.3663,253.35,-12.6015],"direction":[-0.497646,-0.789183,0.359913],"extended":false,"handId":353,"id":3534,"length":49.963,"mcpPosition":[22.3393,287.035,9.98076],"pipPosition":[18.9941,268.619,-19.5646],"stabilizedTipPosition":[-1.60715,238.789,10.7114],"timeVisible":3.15448,"tipPosition":[4.8522,249.121,-2.42973],"tipVelocity":[85.6624,193.158,-204.859],"tool":false,"touchDistance":0.333333,"touchZone":"none","type":4,"width":15.8833}],"r":[[0.830616,-0.379472,0.407527],[0.517279,0.79676,-0.312402],[-0.206153,0.470291,0.858095]],"s":0.911468,"t":[89.6779,5.3375,-107.428],"timestamp":15237150488},false],[3,{"currentFrameRate":102.53,"devices":[],"gestures":[],"hands":[{"armBasis":[[0.945877,0.235258,-0.223542],[-0.116258,0.888749,0.443406],[0.302987,-0.393419,0.867998]],"armWidth":63.029,"confidence":0.597433,"direction":[-0.0348457,0.656221,-0.753763],"elbow":[75.2017,141.624,290.071],"grabStrength":0.302821,"id":353,"palmNormal":[0.111055,-0.747008,-0.655474],"palmPosition":[-14.5933,277.751,14.8371],"palmVelocity":[55.5858,179.966,-201.218],"palmWidth":90.0033,"pinchStrength":0.554011,"r":[[0.829121,-0.37667,0.413131],[0.517042,0.797716,-0.310349],[-0.212663,0.470923,0.856158]],"s":0.916378,"sphereCenter":[-34.9804,264.668,-24.5431],"sphereRadius":47.9309,"stabilizedPalmPosition":[-24.0752,261.311,37.0448],"t":[90.0761,7.10247,-109.281],"timeVisible":3.16346,"type":"right","wrist":[-5.71777,246.695,58.2531]}],"id":1157231,"interactionBox":{"center":[0,200,0],"size":[235.247,235.247,147.751]},"pointables":[{"bases":[[[0.293532,0.839069,0.458041],[-0.83539,-0.00777805,0.549602],[0.464717,-0.543969,0.698667]],[[0.0550821,0.993682,0.0977869],[-0.883756,0.00293929,0.467939],[0.464696,-0.112195,0.878334]],[[0.0550821,0.993682,0.0977869],[-0.997823,0.0512243,0.0415337],[0.0362622,-0.0998618,0.99434]],[[0.0550821,0.993682,0.0977869],[-0.975456,0.0744642,-0.207222],[-0.213194,-0.0839726,0.973395]]],"btipPosition":[-51.6532,244.341,-46.9566],"carpPosition":[-32.4207,233.489,52.4811],"dipPosition":[-56.5886,242.397,-24.4227],"direction":[-0.0362622,0.0998618,-0.99434],"extended":false,"handId":353,"id":3530,"length":51.5512,"mcpPosition":[-32.4207,233.489,52.4811],"pipPosition":[-55.3656,239.029,9.11227],"stabilizedTipPosition":[-64.9768,229.453,-21.3161],"timeVisible":3.16346,"tipPosition":[-53.5409,243.597,-41.8268],"tipVelocity":[124.355,159.496,-214.09],"tool":false,"touchDistance":-0.693285,"touchZone":"hovering","type":0,"width":20.0304},{"bases":[[[0.973253,0.215218,-0.0803767],[-0.139659,0.832052,0.536829],[0.182413,-0.511245,0.839854]],[[0.955887,0.254767,-0.146194],[-0.0905629,0.729084,0.678406],[0.279424,-0.63524,0.719995]],[[0.955887,0.254767,-0.146194],[-0.229194,0.9582,0.171239],[0.183709,-0.130178,0.974323]],[[0.955887,0.254767,-0.146194],[-0.288833,0.90578,-0.31006],[0.0534264,0.338608,0.939409]]],"btipPosition":[-57.4579,317.322,-73.3312],"carpPosition":[-27.0138,255.733,57.5545],"dipPosition":[-56.555,323.045,-57.4549],"direction":[-0.183709,0.130178,-0.974323],"extended":true,"handId":353,"id":3531,"length":58.1698,"mcpPosition":[-40.2883,292.937,-3.56323],"pipPosition":[-52.1628,319.933,-34.1605],"stabilizedTipPosition":[-59.8602,309.436,-60.472],"timeVisible":3.16346,"tipPosition":[-56.4533,316.37,-69.4206],"tipVelocity":[61.7416,230.794,-233.827],"tool":false,"touchDistance":-0.731422,"touchZone":"hovering","type":1,"width":19.133},{"bases":[[[0.998402,-0.000851001,-0.0565011],[0.03093,0.845032,0.53382],[0.047291,-0.534715,0.843708]],[[0.999485,-0.0215723,-0.0237622],[0.00410323,0.820217,-0.572038],[0.0318303,0.571646,0.819883]],[[0.999485,-0.0215723,-0.0237622],[-0.0304196,-0.400768,-0.915675],[0.0102301,0.915926,-0.401217]],[[0.999485,-0.0215723,-0.0237622],[-0.0300773,-0.887916,-0.459021],[-0.0111967,0.459499,-0.888108]]],"btipPosition":[-20.4896,235.367,-12.5213],"carpPosition":[-15.6288,260.025,57.0006],"dipPosition":[-20.6978,243.908,-29.0296],"direction":[-0.0102301,-0.915926,0.401217],"extended":false,"handId":353,"id":3532,"length":66.2798,"mcpPosition":[-18.8924,296.926,-1.22495],"pipPosition":[-20.41,269.672,-40.3151],"stabilizedTipPosition":[-29.1537,225.85,0.02691],"timeVisible":3.16346,"tipPosition":[-20.5361,238.219,-17.0186],"tipVelocity":[93.1657,162.169,-196.582],"tool":false,"touchDistance":0.333333,"touchZone":"none","type":2,"width":18.7912},{"bases":[[[0.989288,-0.143229,0.0281935],[0.103674,0.825336,0.555043],[-0.102767,-0.546174,0.831344]],[[0.985586,-0.160255,0.0542022],[0.160436,0.783772,-0.599968],[0.0536658,0.600017,0.798185]],[[0.985586,-0.160255,0.0542022],[-0.0247107,-0.453331,-0.890999],[0.167359,0.876817,-0.450757]],[[0.985586,-0.160255,0.0542022],[-0.123086,-0.899085,-0.420115],[0.116058,0.407388,-0.905851]]],"btipPosition":[-6.30174,236.969,-1.58561],"carpPosition":[-3.56671,261.201,56.1081],"dipPosition":[-4.15683,244.498,-18.327],"direction":[-0.167359,-0.876817,0.450757],"extended":false,"handId":353,"id":3533,"length":63.7298,"mcpPosition":[2.80084,295.042,4.59742],"pipPosition":[0.429072,268.525,-30.6785],"stabilizedTipPosition":[-12.2646,228.756,6.76426],"timeVisible":3.16346,"tipPosition":[-5.64173,239.335,-6.5661],"tipVelocity":[83.8066,168.35,-161.198],"tool":false,"touchDistance":0.333333,"touchZone":"none","type":3,"width":17.881},{"bases":[[[0.939925,-0.339868,0.0321237],[0.246793,0.741494,0.623923],[-0.235871,-0.578513,0.780825]],[[0.868661,-0.454665,0.196742],[0.487795,0.715628,-0.499933],[0.0865082,0.530242,0.843422]],[[0.868661,-0.454665,0.196742],[-0.007876,-0.409756,-0.912161],[0.495344,0.79081,-0.35952]],[[0.868661,-0.454665,0.196742],[-0.317402,-0.815691,-0.483637],[0.380373,0.357671,-0.852871]]],"btipPosition":[3.44425,248.65,0.769249],"carpPosition":[9.00983,255.412,53.557],"dipPosition":[9.92957,254.748,-13.7721],"direction":[-0.495344,-0.79081,0.35952],"extended":false,"handId":353,"id":3534,"length":49.963,"mcpPosition":[22.5385,288.594,8.7717],"pipPosition":[19.5128,270.048,-20.7276],"stabilizedTipPosition":[-0.747431,240.269,8.96558],"timeVisible":3.16346,"tipPosition":[5.36117,250.512,-3.57328],"tipVelocity":[77.9274,183.404,-184.885],"tool":false,"touchDistance":0.333333,"touchZone":"none","type":4,"width":15.8833}],"r":[[0.829121,-0.37667,0.413131],[0.517042,0.797716,-0.310349],[-0.212663,0.470923,0.856158]],"s":0.916378,"t":[90.0761,7.10247,-109.281],"timestamp":15237159466},false],[4,{"currentFrameRate":102.86,"devices":[],"gestures":[],"hands":[{"armBasis":[[0.944391,0.244752,-0.219596],[-0.12647,0.886806,0.4445],[0.303531,-0.392009,0.868446]],"armWidth":63.029,"confidence":0.61285,"direction":[-0.0368193,0.655231,-0.754531],"elbow":[75.3484,143.966,288.485],"grabStrength":0.284689,"id":353,"palmNormal":[0.121109,-0.746552,-0.654212],"palmPosition":[-14.6448,279.598,13.0578],"palmVelocity":[38.617,186.371,-199.673],"palmWidth":90.0033,"pinchStrength":0.546291,"r":[[0.828133,-0.372869,0.418527],[0.51573,0.79935,-0.308321],[-0.219586,0.471178,0.854268]],"s":0.920999,"sphereCenter":[-34.9412,266.357,-26.3767],"sphereRadius":48.0525,"stabilizedPalmPosition":[-23.1687,263.069,34.739],"t":[90.2494,8.90848,-111.098],"timeVisible":3.17255,"type":"right","wrist":[-5.71624,248.66,56.5472]}],"id":1157232,"interactionBox":{"center":[0,200,0],"size":[235.247,235.247,147.751]},"pointables":[{"bases":[[[0.283652,0.842057,0.458782],[-0.838113,-0.0147732,0.545297],[0.465949,-0.539186,0.701548]],[[0.0466039,0.994039,0.0985601],[-0.88554,-0.00454261,0.464541],[0.462219,-0.108928,0.88005]],[[0.0466039,0.994039,0.0985601],[-0.998409,0.0432181,0.036214],[0.0317385,-0.100091,0.994472]],[[0.0466039,0.994039,0.0985601],[-0.974695,0.0668471,-0.213312],[-0.218629,-0.0861248,0.972]]],"btipPosition":[-51.1018,245.959,-48.8449],"carpPosition":[-32.2699,235.211,50.6498],"dipPosition":[-56.163,243.965,-26.3433],"direction":[-0.0317385,0.100091,-0.994472],"extended":false,"handId":353,"id":3530,"length":51.5512,"mcpPosition":[-32.2699,235.211,50.6498],"pipPosition":[-55.0926,240.589,7.19616],"stabilizedTipPosition":[-63.4236,231.414,-24.0475],"timeVisible":3.17255,"tipPosition":[-52.9623,245.161,-43.7399],"tipVelocity":[105.819,164.253,-212.523],"tool":false,"touchDistance":-0.680725,"touchZone":"hovering","type":0,"width":20.0304},{"bases":[[[0.971692,0.223844,-0.0755565],[-0.14986,0.831234,0.535343],[0.182638,-0.508866,0.841248]],[[0.954136,0.263515,-0.142069],[-0.0999527,0.727731,0.67854],[0.282194,-0.63322,0.720694]],[[0.954136,0.263515,-0.142069],[-0.23658,0.954497,0.181563],[0.183449,-0.139625,0.973063]],[[0.954136,0.263515,-0.142069],[-0.294763,0.909877,-0.291956],[0.0523307,0.320443,0.945821]]],"btipPosition":[-57.6419,319.37,-75.3645],"carpPosition":[-27.0883,257.507,55.7306],"dipPosition":[-56.7575,324.786,-59.3798],"direction":[-0.183449,0.139625,-0.973063],"extended":true,"handId":353,"id":3531,"length":58.1698,"mcpPosition":[-40.3792,294.538,-5.48859],"pipPosition":[-52.3715,321.447,-36.1156],"stabilizedTipPosition":[-59.3966,311.576,-62.6194],"timeVisible":3.17255,"tipPosition":[-56.6469,318.424,-71.4505],"tipVelocity":[38.9044,227.078,-230.225],"tool":false,"touchDistance":-0.716739,"touchZone":"hovering","type":1,"width":19.133},{"bases":[[[0.998648,0.00802921,-0.0513546],[0.0206196,0.845737,0.533202],[0.0477136,-0.53354,0.844428]],[[0.999746,-0.0125833,-0.0187025],[-0.000555589,0.81568,-0.578503],[0.0225348,0.578366,0.815466]],[[0.999746,-0.0125833,-0.0187025],[-0.0222163,-0.409596,-0.911997],[0.00381551,0.91218,-0.409771]],[[0.999746,-0.0125833,-0.0187025],[-0.0196853,-0.891597,-0.452402],[-0.0109823,0.452655,-0.891618]]],"btipPosition":[-20.0098,237.073,-13.8236],"carpPosition":[-15.7394,261.9,55.2315],"dipPosition":[-20.2139,245.487,-30.3972],"direction":[-0.00381551,-0.91218,0.409771],"extended":false,"handId":353,"id":3532,"length":66.2798,"mcpPosition":[-19.0322,298.72,-3.04372],"pipPosition":[-20.1066,271.145,-41.9233],"stabilizedTipPosition":[-28.2136,227.21,-1.79836],"timeVisible":3.17255,"tipPosition":[-20.0627,239.847,-18.4302],"tipVelocity":[81.9993,168.319,-182.248],"tool":false,"touchDistance":0.333333,"touchZone":"none","type":2,"width":18.7912},{"bases":[[[0.99037,-0.134351,0.0334217],[0.0934264,0.82671,0.554817],[-0.102171,-0.546352,0.831301]],[[0.986728,-0.151217,0.0591665],[0.156112,0.783154,-0.601913],[0.0446832,0.603161,0.796367]],[[0.986728,-0.151217,0.0591665],[-0.01647,-0.455692,-0.889985],[0.161543,0.877199,-0.452135]],[[0.986728,-0.151217,0.0591665],[-0.112853,-0.900614,-0.419713],[0.116754,0.407465,-0.905727]]],"btipPosition":[-5.91242,238.812,-3.17513],"carpPosition":[-3.68389,263.183,54.4001],"dipPosition":[-3.75465,246.342,-19.9142],"direction":[-0.161543,-0.877199,0.452135],"extended":false,"handId":353,"id":3533,"length":63.7298,"mcpPosition":[2.64667,297.036,2.89208],"pipPosition":[0.671891,270.379,-32.3034],"stabilizedTipPosition":[-11.3602,230.312,4.94332],"timeVisible":3.17255,"tipPosition":[-5.25372,241.172,-8.13881],"tipVelocity":[72.538,177.835,-164.941],"tool":false,"touchDistance":0.333333,"touchZone":"none","type":3,"width":17.881},{"bases":[[[0.942747,-0.33142,0.0372767],[0.236932,0.744211,0.624511],[-0.234717,-0.579923,0.780126]],[[0.870844,-0.447654,0.203069],[0.4857,0.72001,-0.495662],[0.0756736,0.530275,0.844442]],[[0.870844,-0.447654,0.203069],[0.00258766,-0.40893,-0.912562],[0.491553,0.795224,-0.354956]],[[0.870844,-0.447654,0.203069],[-0.30718,-0.818105,-0.486153],[0.38376,0.360985,-0.849952]]],"btipPosition":[3.71967,250.681,-1.00231],"carpPosition":[8.95689,257.505,51.9191],"dipPosition":[10.2627,256.835,-15.4939],"direction":[-0.491553,-0.795224,0.354956],"extended":false,"handId":353,"id":3534,"length":49.963,"mcpPosition":[22.4194,290.767,7.17389],"pipPosition":[19.7727,272.22,-22.3611],"stabilizedTipPosition":[0.0726305,241.893,7.13912],"timeVisible":3.17255,"tipPosition":[5.63053,252.524,-5.24316],"tipVelocity":[65.1326,194.836,-187.279],"tool":false,"touchDistance":0.333333,"touchZone":"none","type":4,"width":15.8833}],"r":[[0.828133,-0.372869,0.418527],[0.51573,0.79935,-0.308321],[-0.219586,0.471178,0.854268]],"s":0.920999,"t":[90.2494,8.90848,-111.098],"timestamp":15237168561},false],[5,{"currentFrameRate":103.219,"devices":[],"gestures":[],"hands":[{"armBasis":[[0.943486,0.252687,-0.214438],[-0.135279,0.884319,0.446854],[0.302546,-0.392592,0.868526]],"armWidth":63.029,"confidence":0.624523,"direction":[-0.0394563,0.654805,-0.754767],"elbow":[75.1342,145.305,287.126],"grabStrength":0.26567,"id":353,"palmNormal":[0.129546,-0.745628,-0.653649],"palmPosition":[-14.6921,281.013,11.6402],"palmVelocity":[26.5628,178.315,-188.048],"palmWidth":90.0033,"pinchStrength":0.543572,"r":[[0.827607,-0.368461,0.423441],[0.51358,0.801485,-0.306362],[-0.226499,0.471019,0.852549]],"s":0.92532,"sphereCenter":[-35.0132,267.682,-27.8345],"sphereRadius":48.1879,"stabilizedPalmPosition":[-22.3534,264.795,32.5173],"t":[90.3124,10.5189,-112.715],"timeVisible":3.18156,"type":"right","wrist":[-5.66754,250.155,55.1666]}],"id":1157233,"interactionBox":{"center":[0,200,0],"size":[235.247,235.247,147.751]},"pointables":[{"bases":[[[0.275122,0.844407,0.459658],[-0.839917,-0.0215387,0.542288],[0.467812,-0.535269,0.703306]],[[0.0384018,0.994349,0.098972],[-0.8869,-0.0117142,0.461813],[0.460363,-0.105513,0.881438]],[[0.0384018,0.994349,0.098972],[-0.998834,0.0352953,0.0329498],[0.0292704,-0.100122,0.994545]],[[0.0384018,0.994349,0.098972],[-0.974549,0.0591593,-0.216229],[-0.220862,-0.0881494,0.971313]]],"btipPosition":[-50.6945,247.116,-50.3737],"carpPosition":[-32.0892,236.488,49.176],"dipPosition":[-55.8074,245.075,-27.888],"direction":[-0.0292704,0.100122,-0.994545],"extended":false,"handId":353,"id":3530,"length":51.5512,"mcpPosition":[-32.0892,236.488,49.176],"pipPosition":[-54.8202,241.698,5.65389],"stabilizedTipPosition":[-62.0646,233.206,-26.5359],"timeVisible":3.18156,"tipPosition":[-52.5221,246.297,-45.2773],"tipVelocity":[88.8036,154.077,-200.872],"tool":false,"touchDistance":-0.663973,"touchZone":"hovering","type":0,"width":20.0304},{"bases":[[[0.970098,0.231757,-0.0721055],[-0.15856,0.830056,0.534664],[0.183764,-0.507243,0.841983]],[[0.952299,0.271571,-0.139195],[-0.107648,0.725752,0.679483],[0.285548,-0.632087,0.720367]],[[0.952299,0.271571,-0.139195],[-0.242774,0.950563,0.193627],[0.184896,-0.150598,0.971151]],[[0.952299,0.271571,-0.139195],[-0.300431,0.91435,-0.271489],[0.053544,0.300357,0.952323]]],"btipPosition":[-57.9411,321.125,-76.9271],"carpPosition":[-27.108,258.826,54.2717],"dipPosition":[-57.0362,326.202,-60.8325],"direction":[-0.184896,0.150598,-0.971151],"extended":true,"handId":353,"id":3531,"length":58.1698,"mcpPosition":[-40.4809,295.739,-7.0009],"pipPosition":[-52.6157,322.601,-37.614],"stabilizedTipPosition":[-59.0906,313.547,-64.5702],"timeVisible":3.18156,"tipPosition":[-56.945,320.157,-73.0125],"tipVelocity":[19.2288,215.845,-213.857],"tool":false,"touchDistance":-0.696458,"touchZone":"hovering","type":1,"width":19.133},{"bases":[[[0.998727,0.0161727,-0.0477712],[0.0118021,0.84595,0.533132],[0.0490342,-0.533017,0.844682]],[[0.999877,-0.00448776,-0.0150135],[-0.00504783,0.814793,-0.57973],[0.0148346,0.579735,0.81467]],[[0.999877,-0.00448776,-0.0150135],[-0.0155275,-0.41265,-0.910757],[-0.00210808,0.910878,-0.412669]],[[0.999877,-0.00448776,-0.0150135],[-0.0107561,-0.893308,-0.449317],[-0.0113953,0.449423,-0.893246]]],"btipPosition":[-19.6137,238.481,-15.1103],"carpPosition":[-15.7936,263.312,53.8126],"dipPosition":[-19.8256,246.835,-31.7141],"direction":[0.00210808,-0.910878,0.412669],"extended":false,"handId":353,"id":3532,"length":66.2798,"mcpPosition":[-19.1776,300.096,-4.48012],"pipPosition":[-19.8849,272.456,-43.3217],"stabilizedTipPosition":[-27.2973,228.624,-3.634],"timeVisible":3.18156,"tipPosition":[-19.6718,241.182,-19.7287],"tipVelocity":[71.4946,164.582,-171.63],"tool":false,"touchDistance":0.333333,"touchZone":"none","type":2,"width":18.7912},{"bases":[[[0.991307,-0.126259,0.0369985],[0.0846836,0.827521,0.555012],[-0.100692,-0.547054,0.831019]],[[0.987736,-0.143045,0.0625709],[0.151604,0.782898,-0.603396],[0.0373261,0.605482,0.794983]],[[0.987736,-0.143045,0.0625709],[-0.00992479,-0.457473,-0.889168],[0.155815,0.877643,-0.453282]],[[0.987736,-0.143045,0.0625709],[-0.104033,-0.901817,-0.419409],[0.116422,0.407756,-0.905638]]],"btipPosition":[-5.57798,240.245,-4.4425],"carpPosition":[-3.74609,264.694,53.0243],"dipPosition":[-3.42634,247.781,-21.18],"direction":[-0.155815,-0.877643,0.453282],"extended":false,"handId":353,"id":3533,"length":63.7298,"mcpPosition":[2.49288,298.589,1.53374],"pipPosition":[0.843251,271.83,-33.6006],"stabilizedTipPosition":[-10.4961,231.918,3.12131],"timeVisible":3.18156,"tipPosition":[-4.92599,242.597,-9.38974],"tipVelocity":[62.7645,172.743,-158.267],"tool":false,"touchDistance":0.333333,"touchZone":"none","type":3,"width":17.881},{"bases":[[[0.94528,-0.323709,0.0407153],[0.228606,0.746205,0.625233],[-0.232776,-0.581713,0.779375]],[[0.873312,-0.440994,0.207006],[0.482443,0.723888,-0.493188],[0.0676432,0.530575,0.844934]],[[0.873312,-0.440994,0.207006],[0.0101896,-0.408295,-0.912793],[0.487056,0.799262,-0.352075]],[[0.873312,-0.440994,0.207006],[-0.298477,-0.820185,-0.488066],[0.385017,0.364447,-0.847903]]],"btipPosition":[3.94733,252.249,-2.39656],"carpPosition":[8.94944,259.118,50.5897],"dipPosition":[10.5118,258.463,-16.8532],"direction":[-0.487056,-0.799262,0.352075],"extended":false,"handId":353,"id":3534,"length":49.963,"mcpPosition":[22.3006,292.483,5.88753],"pipPosition":[19.9347,273.926,-23.6647],"stabilizedTipPosition":[0.819672,243.528,5.35485],"timeVisible":3.18156,"tipPosition":[5.8528,254.093,-6.58199],"tipVelocity":[54.3299,189.556,-178.103],"tool":false,"touchDistance":0.333333,"touchZone":"none","type":4,"width":15.8833}],"r":[[0.827607,-0.368461,0.423441],[0.51358,0.801485,-0.306362],[-0.226499,0.471019,0.852549]],"s":0.92532,"t":[90.3124,10.5189,-112.715],"timestamp":15237177569},false],[6,{"currentFrameRate":103.535,"devices":[],"gestures":[],"hands":[{"armBasis":[[0.941484,0.263376,-0.210336],[-0.145264,0.880163,0.451898],[0.304149,-0.3949,0.866918]],"armWidth":63.029,"confidence":0.63532,"direction":[-0.0425213,0.65458,-0.754796],"elbow":[75.4683,145.987,285.769],"grabStrength":0.24576,"id":353,"palmNormal":[0.139115,-0.744241,-0.653263],"palmPosition":[-14.8981,282.236,10.6832],"palmVelocity":[12.9502,166.353,-165.279],"palmWidth":90.0033,"pinchStrength":0.537109,"r":[[0.827488,-0.363407,0.428018],[0.510591,0.804152,-0.304363],[-0.233583,0.470399,0.850978]],"s":0.929681,"sphereCenter":[-35.2289,268.824,-28.8373],"sphereRadius":48.3371,"stabilizedPalmPosition":[-21.6251,266.499,30.3842],"t":[90.2409,11.9358,-114.002],"timeVisible":3.19062,"type":"right","wrist":[-5.76139,251.454,54.2397]}],"id":1157234,"interactionBox":{"center":[0,200,0],"size":[235.247,235.247,147.751]},"pointables":[{"bases":[[[0.265392,0.84683,0.46092],[-0.841853,-0.0294858,0.538901],[0.469948,-0.531046,0.705081]],[[0.0282441,0.994731,0.0985483],[-0.888519,-0.020185,0.458395],[0.457969,-0.100509,0.883268]],[[0.0282441,0.994731,0.0985483],[-0.999236,0.0254307,0.0296887],[0.0270262,-0.0993115,0.994689]],[[0.0282441,0.994731,0.0985483],[-0.975094,0.0491139,-0.216285],[-0.219986,-0.089985,0.971344]]],"btipPosition":[-50.462,247.938,-51.5053],"carpPosition":[-32.0303,237.543,48.1404],"dipPosition":[-55.5546,245.855,-29.0189],"direction":[-0.0270262,0.0993115,-0.994689],"extended":false,"handId":353,"id":3530,"length":51.5512,"mcpPosition":[-32.0303,237.543,48.1404],"pipPosition":[-54.6431,242.506,4.52788],"stabilizedTipPosition":[-60.8763,234.83,-28.7911],"timeVisible":3.19062,"tipPosition":[-52.2073,247.152,-46.399],"tipVelocity":[71.5064,136.304,-179.877],"tool":false,"touchDistance":-0.642881,"touchZone":"hovering","type":0,"width":20.0304},{"bases":[[[0.968178,0.240801,-0.0681595],[-0.168436,0.828422,0.534178],[0.185096,-0.505699,0.84262]],[[0.950239,0.280538,-0.135442],[-0.116506,0.723256,0.680681],[0.288916,-0.63103,0.71995]],[[0.950239,0.280538,-0.135442],[-0.249864,0.946015,0.206455],[0.186048,-0.162339,0.969037]],[[0.950239,0.280538,-0.135442],[-0.306746,0.918448,-0.24972],[0.05434,0.27884,0.958799]]],"btipPosition":[-58.3921,322.711,-78.0261],"carpPosition":[-27.278,259.925,53.2603],"dipPosition":[-57.4738,327.424,-61.8221],"direction":[-0.186048,0.162339,-0.969037],"extended":true,"handId":353,"id":3531,"length":58.1698,"mcpPosition":[-40.7477,296.726,-8.05869],"pipPosition":[-53.0257,323.543,-38.6541],"stabilizedTipPosition":[-58.9241,315.423,-66.3503],"timeVisible":3.19062,"tipPosition":[-57.4032,321.703,-74.1108],"tipVelocity":[0.267191,202.024,-187.52],"tool":false,"touchDistance":-0.671253,"touchZone":"hovering","type":1,"width":19.133},{"bases":[[[0.998717,0.0254879,-0.0437509],[0.00177592,0.845902,0.533335],[0.0506026,-0.532728,0.844772]],[[0.999929,0.00476984,-0.0108949],[-0.0102267,0.812478,-0.582902],[0.0060715,0.582972,0.81247]],[[0.999929,0.00476984,-0.0108949],[-0.00791028,-0.417338,-0.908717],[-0.00888127,0.908739,-0.417271]],[[0.999929,0.00476984,-0.0108949],[-0.000585276,-0.89521,-0.445645],[-0.0118788,0.44562,-0.895144]]],"btipPosition":[-19.3151,239.642,-15.812],"carpPosition":[-16.0041,264.516,52.8475],"dipPosition":[-19.5359,247.925,-32.4511],"direction":[0.00888127,-0.908739,0.417271],"extended":false,"handId":353,"id":3532,"length":66.2798,"mcpPosition":[-19.4963,301.281,-5.45143],"pipPosition":[-19.7858,273.486,-44.1881],"stabilizedTipPosition":[-26.4095,230.07,-5.42555],"timeVisible":3.19062,"tipPosition":[-19.3788,242.286,-20.4791],"tipVelocity":[60.7862,154.014,-145.862],"tool":false,"touchDistance":0.333333,"touchZone":"none","type":2,"width":18.7912},{"bases":[[[0.992284,-0.117026,0.0409614],[0.0747374,0.828148,0.555504],[-0.0989305,-0.548156,0.830504]],[[0.988779,-0.1338,0.0664403],[0.146626,0.784092,-0.603077],[0.0285966,0.606051,0.794912]],[[0.988779,-0.1338,0.0664403],[-0.00220281,-0.457759,-0.889073],[0.149372,0.87895,-0.452917]],[[0.988779,-0.1338,0.0664403],[-0.0939537,-0.902755,-0.419769],[0.116145,0.408817,-0.905196]]],"btipPosition":[-5.34046,241.55,-5.342],"carpPosition":[-3.96689,266.01,52.1079],"dipPosition":[-3.19395,249.105,-22.0713],"direction":[-0.149372,-0.87895,0.452917],"extended":false,"handId":353,"id":3533,"length":63.7298,"mcpPosition":[2.16291,299.974,0.649251],"pipPosition":[0.899085,273.19,-34.4819],"stabilizedTipPosition":[-9.68014,233.561,1.34318],"timeVisible":3.19062,"tipPosition":[-4.69466,243.896,-10.2685],"tipVelocity":[52.6328,164.927,-141.913],"tool":false,"touchDistance":0.333333,"touchZone":"none","type":3,"width":17.881},{"bases":[[[0.948084,-0.314897,0.0444558],[0.219128,0.748161,0.626289],[-0.230477,-0.584033,0.778323]],[[0.876411,-0.43304,0.210666],[0.477873,0.728002,-0.49158],[0.059509,0.531498,0.844967]],[[0.876411,-0.43304,0.210666],[0.017577,-0.408405,-0.912632],[0.481243,0.803544,-0.350319]],[[0.876411,-0.43304,0.210666],[-0.288957,-0.822848,-0.48931],[0.385237,0.367964,-0.846283]]],"btipPosition":[4.04895,253.643,-3.26529],"carpPosition":[8.78971,260.554,49.7233],"dipPosition":[10.6172,259.917,-17.6943],"direction":[-0.481243,-0.803544,0.350319],"extended":false,"handId":353,"id":3534,"length":49.963,"mcpPosition":[22.009,294.052,5.08152],"pipPosition":[19.9277,275.462,-24.4718],"stabilizedTipPosition":[1.49847,245.183,3.64513],"timeVisible":3.19062,"t