{"sensorType":"Leap","data":[[0,{"currentFrameRate":110.471,"devices":[],"gestures":[],"hands":[{"armBasis":[[0.92869,0.170791,-0.32919],[-0.0388303,0.927546,0.371686],[0.368819,-0.332398,0.868034]],"armWidth":63.029,"confidence":0.761062,"direction":[-0.106763,0.353988,-0.929136],"elbow":[84.7285,217.238,320.575],"grabStrength":0,"id":357,"palmNormal":[0.0402067,-0.932176,-0.359766],"palmPosition":[-26.7946,320.366,38.2237],"palmVelocity":[66.895,2.10732,-158.078],"palmWidth":90.0033,"pinchStrength":0.692394,"r":[[0.902056,-0.201178,0.381866],[0.222991,0.974731,-0.0132405],[-0.369553,0.0970964,0.924123]],"s":0.914931,"sphereCenter":[-15.5979,284.608,4.60971],"sphereRadius":47.653,"stabilizedPalmPosition":[-33.5844,316.995,55.5014],"t":[87.1378,106.64,-88.0207],"timeVisible":0.47005,"type":"right","wrist":[-13.7729,306.013,88.7472]}],"id":1163219,"interactionBox":{"center":[0,200,0],"size":[235.247,235.247,147.751]},"pointables":[{"bases":[[[0.342975,0.933326,0.10616],[-0.775855,0.217756,0.592142],[0.529544,-0.285455,0.798811]],[[0.211113,0.974051,-0.0815892],[-0.929609,0.225874,0.291219],[0.302091,0.0143659,0.953171]],[[0.211113,0.974051,-0.0815892],[-0.95551,0.188061,-0.227231],[-0.205991,0.125931,0.970417]],[[0.211113,0.974051,-0.0815892],[-0.927432,0.173246,-0.331446],[-0.30871,0.145641,0.93994]]],"btipPosition":[-41.8191,284.392,-11.0977],"carpPosition":[-40.9968,292.72,90.4539],"dipPosition":[-48.9657,287.763,10.6617],"direction":[0.205991,-0.125931,-0.970417],"extended":false,"handId":357,"id":3570,"length":51.5512,"mcpPosition":[-40.9968,292.72,90.4539],"pipPosition":[-55.9129,292.01,43.3899],"stabilizedTipPosition":[-50.6487,282.918,10.9689],"timeVisible":0.47005,"tipPosition":[-43.5869,284.812,-5.47829],"tipVelocity":[71.0404,-6.33871,-167.204],"tool":false,"touchDistance":-0.426738,"touchZone":"hovering","type":0,"width":20.0304},{"bases":[[[0.961442,0.134127,-0.240082],[-0.0801183,0.971741,0.222038],[0.263079,-0.194242,0.945018]],[[0.993298,0.0964478,-0.0636865],[-0.0875202,0.987569,0.130565],[0.0754875,-0.124116,0.989392]],[[0.993298,0.0964478,-0.0636865],[-0.0943108,0.9949,0.0357562],[0.0668103,-0.0295102,0.997329]],[[0.993298,0.0964478,-0.0636865],[-0.0989984,0.994355,-0.0381809],[0.0596445,0.0442299,0.997239]]],"btipPosition":[-59.9367,334.468,-64.6171],"carpPosition":[-34.9787,315.1,86.8975],"dipPosition":[-58.9287,335.216,-47.7634],"direction":[-0.0668103,0.0295102,-0.997329],"extended":true,"handId":357,"id":3571,"length":58.1698,"mcpPosition":[-54.1234,329.236,18.1268],"pipPosition":[-57.3313,334.51,-23.919],"stabilizedTipPosition":[-67.6221,332.913,-45.8972],"timeVisible":0.47005,"tipPosition":[-59.1869,333.416,-60.7607],"tipVelocity":[102.586,-14.079,-178.298],"tool":false,"touchDistance":-0.439291,"touchZone":"hovering","type":1,"width":19.133},{"bases":[[[0.987622,-0.0609856,-0.14451],[0.0893736,0.975927,0.198947],[0.128898,-0.2094,0.969297]],[[0.987104,-0.0601565,-0.148345],[-0.0967442,0.514131,-0.852238],[0.127536,0.855599,0.501681]],[[0.987104,-0.0601565,-0.148345],[-0.159125,-0.469707,-0.868363],[-0.0174409,0.88077,-0.473223]],[[0.987104,-0.0601565,-0.148345],[-0.132007,-0.830092,-0.541777],[-0.0905483,0.554373,-0.827328]]],"btipPosition":[-36.4851,257.045,21.7058],"carpPosition":[-23.6827,318.466,83.828],"dipPosition":[-38.1682,267.349,6.32721],"direction":[0.0174409,-0.88077,0.473223],"extended":false,"handId":357,"id":3572,"length":66.2798,"mcpPosition":[-32.5782,332.917,16.9354],"pipPosition":[-38.6588,292.124,-6.98361],"stabilizedTipPosition":[-45.2585,255.022,37.857],"timeVisible":0.47005,"tipPosition":[-36.6937,259.496,19.3085],"tipVelocity":[82.3021,-6.48902,-143.865],"tool":false,"touchDistance":0.333333,"touchZone":"none","type":2,"width":18.7912},{"bases":[[[0.98626,-0.164531,-0.0148786],[0.16377,0.961903,0.218911],[-0.0217059,-0.21834,0.975631]],[[0.986435,-0.157158,-0.0474042],[0.0476228,0.550349,-0.833576],[0.157092,0.820011,0.550367]],[[0.986435,-0.157158,-0.0474042],[-0.110177,-0.419805,-0.900902],[0.121684,0.893904,-0.431426]],[[0.986435,-0.157158,-0.0474042],[-0.155056,-0.797278,-0.583358],[0.0538851,0.582795,-0.810831]]],"btipPosition":[-21.6931,260.79,23.5038],"carpPosition":[-11.7651,318.767,81.4712],"dipPosition":[-20.6973,271.561,8.51854],"direction":[-0.121684,-0.893904,0.431426],"extended":false,"handId":357,"id":3573,"length":63.7298,"mcpPosition":[-10.4202,332.296,21.0203],"pipPosition":[-17.3629,296.055,-3.30322],"stabilizedTipPosition":[-29.0452,260.077,37.878],"timeVisible":0.47005,"tipPosition":[-21.4246,263.281,21.2831],"tipVelocity":[80.9416,-4.10488,-152.992],"tool":false,"touchDistance":0.333333,"touchZone":"none","type":3,"width":17.881},{"bases":[[[0.936411,-0.345353,0.0621755],[0.31261,0.901508,0.299261],[-0.159402,-0.260795,0.952143]],[[0.940254,-0.338425,0.0372935],[0.220475,0.521733,-0.824127],[0.259448,0.783111,0.565175]],[[0.940254,-0.338425,0.0372935],[-0.108536,-0.401749,-0.909295],[0.322711,0.850921,-0.414477]],[[0.940254,-0.338425,0.0372935],[-0.245825,-0.75057,-0.613363],[0.235569,0.567549,-0.78892]]],"btipPosition":[-9.73431,273.376,27.0497],"carpPosition":[0.457174,311.947,79.9589],"dipPosition":[-5.71788,283.053,13.5987],"direction":[-0.322711,-0.850921,0.414477],"extended":false,"handId":357,"id":3574,"length":49.963,"mcpPosition":[9.59993,326.905,25.3474],"pipPosition":[0.525517,299.515,5.57995],"stabilizedTipPosition":[-15.9448,273.198,40.0284],"timeVisible":0.47005,"tipPosition":[-8.94784,275.724,25.0316],"tipVelocity":[78.7424,-1.46835,-144.479],"tool":false,"touchDistance":0.333333,"touchZone":"none","type":4,"width":15.8833}],"r":[[0.902056,-0.201178,0.381866],[0.222991,0.974731,-0.0132405],[-0.369553,0.0970964,0.924123]],"s":0.914931,"t":[87.1378,106.64,-88.0207],"timestamp":15292185787},false],[1,{"currentFrameRate":110.45,"devices":[],"gestures":[],"hands":[{"armBasis":[[0.928179,0.172582,-0.329697],[-0.0419577,0.928844,0.368088],[0.369762,-0.327818,0.869374]],"armWidth":63.029,"confidence":0.76772,"direction":[-0.104915,0.352991,-0.929726],"elbow":[85.3836,218.457,320.012],"grabStrength":0,"id":357,"palmNormal":[0.0430032,-0.932401,-0.358859],"palmPosition":[-26.2812,320.293,37.2549],"palmVelocity":[64.0113,-0.699561,-143.815],"palmWidth":90.0033,"pinchStrength":0.687728,"r":[[0.900557,-0.199557,0.386231],[0.222507,0.974813,-0.0151439],[-0.373481,0.099577,0.922278]],"s":0.916596,"sphereCenter":[-15.1376,284.601,3.6985],"sphereRadius":47.6079,"stabilizedPalmPosition":[-33.4817,317.041,55.2449],"t":[87.696,106.56,-89.1264],"timeVisible":0.47914,"type":"right","wrist":[-13.3695,306.008,87.826]}],"id":1163220,"interactionBox":{"center":[0,200,0],"size":[235.247,235.247,147.751]},"pointables":[{"bases":[[[0.340867,0.934083,0.106298],[-0.777891,0.216746,0.589836],[0.527916,-0.283744,0.800496]],[[0.209938,0.97434,-0.0811672],[-0.931239,0.224559,0.286997],[0.297859,0.0153345,0.954487]],[[0.209938,0.97434,-0.0811672],[-0.955943,0.187132,-0.226174],[-0.205181,0.125074,0.970699]],[[0.209938,0.97434,-0.0811672],[-0.930259,0.173509,-0.323285],[-0.300906,0.143376,0.942814]]],"btipPosition":[-41.3934,284.369,-12.2228],"carpPosition":[-40.5721,292.663,89.4698],"dipPosition":[-48.3593,287.688,9.60313],"direction":[0.205181,-0.125074,-0.970699],"extended":false,"handId":357,"id":3570,"length":51.5512,"mcpPosition":[-40.5721,292.663,89.4698],"pipPosition":[-55.2793,291.906,42.3408],"stabilizedTipPosition":[-50.5021,282.961,10.6208],"timeVisible":0.47914,"tipPosition":[-43.0253,284.771,-6.5878],"tipVelocity":[65.602,-5.64473,-154.712],"tool":false,"touchDistance":-0.429045,"touchZone":"hovering","type":0,"width":20.0304},{"bases":[[[0.961831,0.135797,-0.237573],[-0.0826157,0.971771,0.220989],[0.260876,-0.192927,0.945898]],[[0.993141,0.0986898,-0.0626944],[-0.089682,0.987039,0.133086],[0.0750159,-0.12655,0.98912]],[[0.993141,0.0986898,-0.0626944],[-0.0964205,0.994605,0.0382513],[0.0661312,-0.0319439,0.997299]],[[0.993141,0.0986898,-0.0626944],[-0.101059,0.994236,-0.0358118],[0.0587987,0.041902,0.99739]]],"btipPosition":[-59.3349,334.526,-65.6581],"carpPosition":[-34.5878,315.053,85.9107],"dipPosition":[-58.3412,335.234,-48.8019],"direction":[-0.0661312,0.0319439,-0.997299],"extended":true,"handId":357,"id":3571,"length":58.1698,"mcpPosition":[-53.5722,329.092,17.076],"pipPosition":[-56.7601,334.47,-24.9582],"stabilizedTipPosition":[-67.2868,332.983,-46.5225],"timeVisible":0.47914,"tipPosition":[-58.5722,333.467,-61.8054],"tipVelocity":[92.4098,-8.69989,-160.621],"tool":false,"touchDistance":-0.439302,"touchZone":"hovering","type":1,"width":19.133},{"bases":[[[0.98813,-0.0591832,-0.141763],[0.0869301,0.976267,0.198357],[0.126659,-0.208326,0.969824]],[[0.987621,-0.0583585,-0.145599],[-0.0953775,0.513492,-0.852777],[0.124531,0.856107,0.50157]],[[0.987621,-0.0583585,-0.145599],[-0.155844,-0.470474,-0.868543],[-0.0178137,0.880482,-0.473745]],[[0.987621,-0.0583585,-0.145599],[-0.128932,-0.830679,-0.541617],[-0.0893381,0.553685,-0.82792]]],"btipPosition":[-35.8067,256.939,20.7416],"carpPosition":[-23.2901,318.438,82.8692],"dipPosition":[-37.4673,267.231,5.35207],"direction":[0.0178137,-0.880482,0.473745],"extended":false,"handId":357,"id":3572,"length":66.2798,"mcpPosition":[-32.031,332.814,15.9403],"pipPosition":[-37.9684,291.997,-7.97344],"stabilizedTipPosition":[-45.1381,255.079,37.5828],"timeVisible":0.47914,"tipPosition":[-36.0159,259.386,18.3263],"tipVelocity":[80.3361,-8.00081,-133.475],"tool":false,"touchDistance":0.333333,"touchZone":"none","type":2,"width":18.7912},{"bases":[[[0.986615,-0.162621,-0.0120473],[0.161299,0.962406,0.218536],[-0.0239441,-0.217554,0.975754]],[[0.986861,-0.155192,-0.0449423],[0.0488577,0.551784,-0.832555],[0.154005,0.81942,0.552117]],[[0.986861,-0.155192,-0.0449423],[-0.106856,-0.418279,-0.902011],[0.121187,0.894963,-0.429366]],[[0.986861,-0.155192,-0.0449423],[-0.151931,-0.796737,-0.584916],[0.0549673,0.584059,-0.809848]]],"btipPosition":[-21.026,260.708,22.4177],"carpPosition":[-11.3668,318.76,80.5446],"dipPosition":[-20.0101,271.502,7.4506],"direction":[-0.121187,-0.894963,0.429366],"extended":false,"handId":357,"id":3573,"length":63.7298,"mcpPosition":[-9.88317,332.24,20.0861],"pipPosition":[-16.6894,296.026,-4.31472],"stabilizedTipPosition":[-28.9355,260.119,37.6268],"timeVisible":0.47914,"tipPosition":[-20.7577,263.206,20.1906],"tipVelocity":[78.991,-5.3015,-143.586],"tool":false,"touchDistance":0.333333,"touchZone":"none","type":3,"width":17.881},{"bases":[[[0.936908,-0.343474,0.0650249],[0.310037,0.90237,0.299343],[-0.161493,-0.260297,0.951927]],[[0.940775,-0.336621,0.0403602],[0.222366,0.522792,-0.822947],[0.255921,0.783183,0.566682]],[[0.940775,-0.336621,0.0403602],[-0.104465,-0.401072,-0.910071],[0.322536,0.851955,-0.412484]],[[0.940775,-0.336621,0.0403602],[-0.242226,-0.750664,-0.614679],[0.23721,0.568498,-0.787744]]],"btipPosition":[-9.09989,273.325,26.0634],"carpPosition":[0.87289,311.963,79.0715],"dipPosition":[-5.05548,283.017,12.6325],"direction":[-0.322536,-0.851955,0.412484],"extended":false,"handId":357,"id":3574,"length":49.963,"mcpPosition":[10.1356,326.892,24.4724],"pipPosition":[1.18453,299.5,4.65226],"stabilizedTipPosition":[-15.8243,273.235,39.7642],"timeVisible":0.47914,"tipPosition":[-8.30385,275.671,24.0379],"tipVelocity":[76.4604,-2.52294,-134.377],"tool":false,"touchDistance":0.333333,"touchZone":"none","type":4,"width":15.8833}],"r":[[0.900557,-0.199557,0.386231],[0.222507,0.974813,-0.0151439],[-0.373481,0.099577,0.922278]],"s":0.916596,"t":[87.696,106.56,-89.1264],"timestamp":15292194877},false],[2,{"currentFrameRate":110.471,"devices":[],"gestures":[],"hands":[{"armBasis":[[0.929305,0.174771,-0.325341],[-0.0463242,0.929142,0.366809],[0.366395,-0.325807,0.871553]],"armWidth":63.029,"confidence":0.782123,"direction":[-0.102231,0.352318,-0.93028],"elbow":[84.7549,219.022,319.708],"grabStrength":0,"id":357,"palmNormal":[0.0472612,-0.932404,-0.358316],"palmPosition":[-25.8499,320.262,36.3119],"palmVelocity":[59.5622,-1.44531,-133.03],"palmWidth":90.0033,"pinchStrength":0.683279,"r":[[0.899149,-0.197679,0.390454],[0.22155,0.975008,-0.0165659],[-0.377421,0.1014,0.920473]],"s":0.918665,"sphereCenter":[-14.8093,284.724,2.81912],"sphereRadius":47.527,"stabilizedPalmPosition":[-33.3902,317.08,55.0177],"t":[88.1907,106.505,-90.1508],"timeVisible":0.488156,"type":"right","wrist":[-13.0992,306.035,86.9403]}],"id":1163221,"interactionBox":{"center":[0,200,0],"size":[235.247,235.247,147.751]},"pointables":[{"bases":[[[0.337617,0.935148,0.107303],[-0.780912,0.214623,0.586612],[0.525539,-0.281844,0.802728]],[[0.207644,0.974906,-0.0802662],[-0.933477,0.22201,0.28166],[0.292412,0.0164415,0.956151]],[[0.207644,0.974906,-0.0802662],[-0.956355,0.185075,-0.226126],[-0.205596,0.123717,0.970785]],[[0.207644,0.974906,-0.0802662],[-0.932996,0.172723,-0.31573],[-0.293943,0.140448,0.945448]]],"btipPosition":[-40.9674,284.374,-13.3591],"carpPosition":[-40.2678,292.609,88.4797],"dipPosition":[-47.7721,287.625,8.52788],"direction":[0.205596,-0.123717,-0.970785],"extended":false,"handId":357,"id":3570,"length":51.5512,"mcpPosition":[-40.2678,292.609,88.4797],"pipPosition":[-54.706,291.798,41.2685],"stabilizedTipPosition":[-50.3702,282.996,10.3072],"timeVisible":0.488156,"tipPosition":[-42.4695,284.759,-7.70608],"tipVelocity":[61.6884,-4.41307,-146.395],"tool":false,"touchDistance":-0.431307,"touchZone":"hovering","type":0,"width":20.0304},{"bases":[[[0.962367,0.138608,-0.233748],[-0.0864362,0.971601,0.220272],[0.257642,-0.191778,0.947017]],[[0.992921,0.102095,-0.0607022],[-0.0929742,0.986099,0.137711],[0.0739179,-0.131093,0.988611]],[[0.992921,0.102095,-0.0607022],[-0.0995767,0.994093,0.0431588],[0.0647499,-0.0368087,0.997222]],[[0.992921,0.102095,-0.0607022],[-0.1041,0.994088,-0.0308423],[0.0571945,0.0369431,0.997679]]],"btipPosition":[-58.7417,334.798,-66.6958],"carpPosition":[-34.3368,315.015,84.9359],"dipPosition":[-57.7751,335.422,-49.8347],"direction":[-0.0647499,0.0368087,-0.997222],"extended":true,"handId":357,"id":3571,"length":58.1698,"mcpPosition":[-53.0858,328.971,16.0197],"pipPosition":[-56.2271,334.542,-25.9928],"stabilizedTipPosition":[-66.9715,333.053,-47.1086],"timeVisible":0.488156,"tipPosition":[-57.9646,333.691,-62.8479],"tipVelocity":[84.9004,1.41038,-148.068],"tool":false,"touchDistance":-0.439254,"touchZone":"hovering","type":1,"width":19.133},{"bases":[[[0.988867,-0.0562554,-0.137757],[0.0831852,0.976601,0.198321],[0.123377,-0.207572,0.970408]],[[0.988371,-0.0554338,-0.141595],[-0.0934518,0.513129,-0.853209],[0.119953,0.85652,0.501982]],[[0.988371,-0.0554338,-0.141595],[-0.150928,-0.471016,-0.869117],[-0.0185149,0.880381,-0.473906]],[[0.988371,-0.0554338,-0.141595],[-0.12426,-0.831154,-0.54198],[-0.0876428,0.553273,-0.828377]]],"btipPosition":[-35.1207,256.873,19.7641],"carpPosition":[-23.0371,318.433,81.9386],"dipPosition":[-36.7498,267.158,4.366],"direction":[0.0185149,-0.880381,0.473906],"extended":false,"handId":357,"id":3572,"length":66.2798,"mcpPosition":[-31.5515,332.758,14.9693],"pipPosition":[-37.2706,291.921,-8.96403],"stabilizedTipPosition":[-45.0125,255.133,37.3046],"timeVisible":0.488156,"tipPosition":[-35.3298,259.318,17.3322],"tipVelocity":[79.3874,-7.85073,-126.647],"tool":false,"touchDistance":0.333333,"touchZone":"none","type":2,"width":18.7912},{"bases":[[[0.987142,-0.159647,-0.00800745],[0.157513,0.962971,0.218805],[-0.0272207,-0.217253,0.975736]],[[0.987497,-0.152175,-0.0411472],[0.0504956,0.552617,-0.831904],[0.149334,0.819425,0.553392]],[[0.987497,-0.152175,-0.0411472],[-0.101997,-0.417765,-0.902812],[0.120196,0.89572,-0.428063]],[[0.987497,-0.152175,-0.0411472],[-0.147209,-0.796808,-0.586027],[0.0563924,0.584756,-0.809246]]],"btipPosition":[-20.3545,260.686,21.433],"carpPosition":[-11.1056,318.791,79.6619],"dipPosition":[-19.3123,271.494,6.47704],"direction":[-0.120196,-0.89572,0.428063],"extended":false,"handId":357,"id":3573,"length":63.7298,"mcpPosition":[-9.41895,332.252,19.2046],"pipPosition":[-16.0188,296.038,-5.25257],"stabilizedTipPosition":[-28.8251,260.157,37.381],"timeVisible":0.488156,"tipPosition":[-20.0867,263.186,19.1879],"tipVelocity":[77.9334,-4.41607,-134.056],"tool":false,"touchDistance":0.333333,"touchZone":"none","type":3,"width":17.881},{"bases":[[[0.93767,-0.340621,0.068935],[0.306105,0.903415,0.300235],[-0.164543,-0.26042,0.951371]],[[0.941565,-0.333863,0.0446295],[0.224614,0.523602,-0.821821],[0.251007,0.783822,0.567995]],[[0.941565,-0.333863,0.0446295],[-0.0990532,-0.401086,-0.910669],[0.321939,0.853033,-0.410719]],[[0.941565,-0.333863,0.0446295],[-0.237187,-0.751253,-0.615923],[0.239162,0.569346,-0.786541]]],"btipPosition":[-8.48733,273.341,25.1641],"carpPosition":[1.16037,312.03,78.2409],"dipPosition":[-4.40965,283.048,11.7536],"direction":[-0.321939,-0.853033,0.410719],"extended":false,"handId":357,"id":3574,"length":49.963,"mcpPosition":[10.598,326.967,23.6736],"pipPosition":[1.8188,299.552,3.80757],"stabilizedTipPosition":[-15.7043,273.269,39.5076],"timeVisible":0.488156,"tipPosition":[-7.68256,275.686,23.1266],"tipVelocity":[74.3512,-1.22272,-124.711],"tool":false,"touchDistance":0.333333,"touchZone":"none","type":4,"width":15.8833}],"r":[[0.899149,-0.197679,0.390454],[0.22155,0.975008,-0.0165659],[-0.377421,0.1014,0.920473]],"s":0.918665,"t":[88.1907,106.505,-90.1508],"timestamp":15292203893},false],[3,{"currentFrameRate":110.514,"devices":[],"gestures":[],"hands":[{"armBasis":[[0.931175,0.175948,-0.319304],[-0.0497571,0.928971,0.366792],[0.361161,-0.32566,0.87379]],"armWidth":63.029,"confidence":0.789976,"direction":[-0.0997204,0.350359,-0.931292],"elbow":[83.6203,219.37,318.926],"grabStrength":0,"id":357,"palmNormal":[0.0508727,-0.932938,-0.356426],"palmPosition":[-25.4375,320.448,34.8611],"palmVelocity":[55.8393,4.60671,-140.881],"palmWidth":90.0033,"pinchStrength":0.680573,"r":[[0.897819,-0.195579,0.39455],[0.220318,0.975264,-0.0179049],[-0.381288,0.103002,0.9187]],"s":0.920968,"sphereCenter":[-14.6692,285.045,1.49302],"sphereRadius":47.3977,"stabilizedPalmPosition":[-33.3112,317.113,54.8175],"t":[88.6442,106.57,-91.3884],"timeVisible":0.497128,"type":"right","wrist":[-12.8357,306.345,85.5615]}],"id":1163222,"interactionBox":{"center":[0,200,0],"size":[235.247,235.247,147.751]},"pointables":[{"bases":[[[0.334907,0.936178,0.106808],[-0.783569,0.213756,0.583377],[0.523314,-0.279068,0.805148]],[[0.205707,0.975252,-0.081046],[-0.935416,0.220285,0.276533],[0.287543,0.018927,0.957581]],[[0.205707,0.975252,-0.081046],[-0.956484,0.182852,-0.227383],[-0.206936,0.124294,0.970427]],[[0.205707,0.975252,-0.081046],[-0.934585,0.171216,-0.311827],[-0.290233,0.139889,0.946676]]],"btipPosition":[-40.4762,284.49,-14.8987],"carpPosition":[-39.9764,292.855,87.027],"dipPosition":[-47.195,287.728,7.0167],"direction":[0.206936,-0.124294,-0.970427],"extended":false,"handId":357,"id":3570,"length":51.5512,"mcpPosition":[-39.9764,292.855,87.027],"pipPosition":[-54.1741,291.92,39.7452],"stabilizedTipPosition":[-50.2561,283.027,10.0317],"timeVisible":0.497128,"tipPosition":[-41.9082,284.88,-9.24168],"tipVelocity":[60.3893,0.241694,-153.099],"tool":false,"touchDistance":-0.439506,"touchZone":"hovering","type":0,"width":20.0304},{"bases":[[[0.962864,0.140569,-0.230507],[-0.0896425,0.971785,0.218169],[0.254671,-0.189403,0.948298]],[[0.992701,0.104923,-0.0594684],[-0.0956624,0.985301,0.141527],[0.0734436,-0.134805,0.988147]],[[0.992701,0.104923,-0.0594684],[-0.102195,0.993644,0.0471975],[0.0640425,-0.0407756,0.997114]],[[0.992701,0.104923,-0.0594684],[-0.106659,0.993934,-0.026805],[0.0562952,0.0329522,0.99787]]],"btipPosition":[-58.2246,335.199,-68.2422],"carpPosition":[-34.088,315.269,83.4635],"dipPosition":[-57.2732,335.756,-51.3779],"direction":[-0.0640425,0.0407756,-0.997114],"extended":true,"handId":357,"id":3571,"length":58.1698,"mcpPosition":[-52.6209,329.052,14.4542],"pipPosition":[-55.742,334.781,-27.5386],"stabilizedTipPosition":[-66.6868,333.126,-47.6565],"timeVisible":0.497128,"tipPosition":[-57.4296,334.045,-64.3987],"tipVelocity":[77.3285,12.7759,-154.698],"tool":false,"touchDistance":-0.446847,"touchZone":"hovering","type":1,"width":19.133},{"bases":[[[0.989498,-0.0540515,-0.134062],[0.0800446,0.977166,0.196825],[0.120362,-0.205488,0.97123]],[[0.989014,-0.0532384,-0.137902],[-0.0915876,0.511568,-0.854347],[0.11603,0.857592,0.501072]],[[0.989014,-0.0532384,-0.137902],[-0.146605,-0.47274,-0.868921],[-0.018932,0.879592,-0.475352]],[[0.989014,-0.0532384,-0.137902],[-0.120247,-0.832341,-0.541062],[-0.0859765,0.551701,-0.829599]]],"btipPosition":[-34.4938,257.006,18.3765],"carpPosition":[-22.7861,318.709,80.501],"dipPosition":[-36.092,267.261,2.95575],"direction":[0.018932,-0.879592,0.475352],"extended":false,"handId":357,"id":3572,"length":66.2798,"mcpPosition":[-31.0924,332.89,13.475],"pipPosition":[-36.6245,292.002,-10.415],"stabilizedTipPosition":[-44.8888,255.185,37.0307],"timeVisible":0.497128,"tipPosition":[-34.7022,259.444,15.9252],"tipVelocity":[76.9989,-1.86739,-134.476],"tool":false,"touchDistance":0.333333,"touchZone":"none","type":2,"width":18.7912},{"bases":[[[0.987557,-0.15721,-0.00412959],[0.154331,0.963758,0.217604],[-0.0302295,-0.215533,0.976028]],[[0.988013,-0.14976,-0.0374493],[0.0520733,0.5517,-0.832416],[0.145323,0.820487,0.552885]],[[0.988013,-0.14976,-0.0374493],[-0.0977469,-0.419152,-0.902639],[0.119482,0.89548,-0.428766]],[[0.988013,-0.14976,-0.0374493],[-0.143147,-0.797996,-0.585415],[0.0577872,0.583758,-0.809869]]],"btipPosition":[-19.7387,260.859,20.0731],"carpPosition":[-10.8472,319.092,78.267],"dipPosition":[-18.6708,271.648,5.10565],"direction":[-0.119482,-0.89548,0.428766],"extended":false,"handId":357,"id":3573,"length":63.7298,"mcpPosition":[-8.97418,332.447,17.7916],"pipPosition":[-15.3968,296.186,-6.64322],"stabilizedTipPosition":[-28.7181,260.193,37.143],"timeVisible":0.497128,"tipPosition":[-19.4706,263.356,17.8058],"tipVelocity":[75.5684,1.93911,-138.933],"tool":false,"touchDistance":0.333333,"touchZone":"none","type":3,"width":17.881},{"bases":[[[0.938254,-0.338164,0.0729655],[0.302773,0.904721,0.299682],[-0.167355,-0.259086,0.951245]],[[0.942172,-0.331531,0.048984],[0.226489,0.522171,-0.822216],[0.247013,0.785763,0.567063]],[[0.942172,-0.331531,0.048984],[-0.0946378,-0.403418,-0.910108],[0.321491,0.852843,-0.411465]],[[0.942172,-0.331531,0.048984],[-0.233029,-0.753137,-0.615209],[0.240853,0.568218,-0.786841]]],"btipPosition":[-7.92636,273.549,23.8855],"carpPosition":[1.4405,312.359,76.903],"dipPosition":[-3.81985,283.237,10.47],"direction":[-0.321491,-0.852843,0.411465],"extended":false,"handId":357,"id":3574,"length":49.963,"mcpPosition":[11.0394,327.219,22.343],"pipPosition":[2.39993,299.737,2.5095],"stabilizedTipPosition":[-15.5892,273.302,39.2609],"timeVisible":0.497128,"tipPosition":[-7.11347,275.89,21.8156],"tipVelocity":[71.3146,5.3161,-129.619],"tool":false,"touchDistance":0.333333,"touchZone":"none","type":4,"width":15.8833}],"r":[[0.897819,-0.195579,0.39455],[0.220318,0.975264,-0.0179049],[-0.381288,0.103002,0.9187]],"s":0.920968,"t":[88.6442,106.57,-91.3884],"timestamp":15292212865},false],[4,{"currentFrameRate":110.497,"devices":[],"gestures":[],"hands":[{"armBasis":[[0.932327,0.172373,-0.31789],[-0.0497619,0.931873,0.359356],[0.358176,-0.319218,0.877388]],"armWidth":63.029,"confidence":0.793293,"direction":[-0.0973139,0.348305,-0.932316],"elbow":[83.0832,221.328,318.238],"grabStrength":0,"id":357,"palmNormal":[0.0503091,-0.933843,-0.354127],"palmPosition":[-25.0534,320.583,33.1532],"palmVelocity":[52.0937,7.46713,-153.941],"palmWidth":90.0033,"pinchStrength":0.678299,"r":[[0.896523,-0.193956,0.39828],[0.219615,0.975395,-0.0193479],[-0.384727,0.104814,0.91706]],"s":0.923461,"sphereCenter":[-14.7376,285.247,-0.0841546],"sphereRadius":47.2684,"stabilizedPalmPosition":[-33.245,317.141,54.6438],"t":[89.0631,106.67,-92.8612],"timeVisible":0.506209,"type":"right","wrist":[-12.5757,306.583,83.9125]}],"id":1163223,"interactionBox":{"center":[0,200,0],"size":[235.247,235.247,147.751]},"pointables":[{"bases":[[[0.335989,0.935961,0.105299],[-0.784471,0.216214,0.581255],[0.521265,-0.277899,0.80688]],[[0.207339,0.974762,-0.0827616],[-0.93614,0.222258,0.272477],[0.283994,0.0209813,0.958596]],[[0.207339,0.974762,-0.0827616],[-0.956039,0.183968,-0.228355],[-0.207366,0.12647,0.970054]],[[0.207339,0.974762,-0.0827616],[-0.936314,0.173226,-0.305464],[-0.283419,0.140826,0.9486]]],"btipPosition":[-40.2059,284.572,-16.6542],"carpPosition":[-39.738,293.133,85.3536],"dipPosition":[-46.767,287.832,5.30575],"direction":[0.207366,-0.12647,-0.970054],"extended":false,"handId":357,"id":3570,"length":51.5512,"mcpPosition":[-39.738,293.133,85.3536],"pipPosition":[-53.7606,292.097,38.0217],"stabilizedTipPosition":[-50.1645,283.052,9.79967],"timeVisible":0.506209,"tipPosition":[-41.5651,284.978,-10.9839],"tipVelocity":[53.0208,2.83036,-163.913],"tool":false,"touchDistance":-0.450067,"touchZone":"hovering","type":0,"width":20.0304},{"bases":[[[0.963531,0.138692,-0.228849],[-0.0887399,0.972419,0.215699],[0.252453,-0.187525,0.949264]],[[0.992809,0.103819,-0.0595919],[-0.0943762,0.985087,0.143866],[0.0736393,-0.137208,0.987801]],[[0.992809,0.103819,-0.0595919],[-0.100926,0.993654,0.0496638],[0.0643698,-0.0432923,0.996987]],[[0.992809,0.103819,-0.0595919],[-0.10542,0.994129,-0.0243701],[0.056712,0.0304771,0.997925]]],"btipPosition":[-57.8095,335.528,-70.0096],"carpPosition":[-33.8112,315.531,81.7496],"dipPosition":[-56.8511,336.043,-53.1444],"direction":[-0.0643698,0.0432923,-0.996987],"extended":true,"handId":357,"id":3571,"length":58.1698,"mcpPosition":[-52.1827,329.177,12.67],"pipPosition":[-55.3121,335.008,-29.3081],"stabilizedTipPosition":[-66.439,333.194,-48.1596],"timeVisible":0.506209,"tipPosition":[-57.0033,334.356,-66.1698],"tipVelocity":[68.6287,18.9863,-165.739],"tool":false,"touchDistance":-0.457003,"touchZone":"hovering","type":1,"width":19.133},{"bases":[[[0.989696,-0.0557384,-0.131892],[0.0809982,0.977514,0.194693],[0.118075,-0.20337,0.971956]],[[0.989221,-0.0549337,-0.135735],[-0.0890847,0.509906,-0.855605],[0.116214,0.858474,0.499516]],[[0.989221,-0.0549337,-0.135735],[-0.145475,-0.474353,-0.868231],[-0.0166912,0.878619,-0.477232]],[[0.989221,-0.0549337,-0.135735],[-0.120305,-0.833342,-0.539508],[-0.0834765,0.550022,-0.830968]]],"btipPosition":[-34.1665,257.115,16.7803],"carpPosition":[-22.4984,318.948,78.8024],"dipPosition":[-35.7182,267.339,1.33405],"direction":[0.0166912,-0.878619,0.477232],"extended":false,"handId":357,"id":3572,"length":66.2798,"mcpPosition":[-30.6469,332.983,11.7263],"pipPosition":[-36.1877,292.053,-12.0895],"stabilizedTipPosition":[-44.7801,255.23,36.7811],"timeVisible":0.506209,"tipPosition":[-34.3685,259.547,14.309],"tipVelocity":[65.9928,1.77312,-146.082],"tool":false,"touchDistance":0.333333,"touchZone":"none","type":2,"width":18.7912},{"bases":[[[0.987343,-0.158588,-0.00172219],[0.155223,0.964053,0.215657],[-0.0325403,-0.213195,0.976468]],[[0.987878,-0.151179,-0.0352293],[0.0544966,0.550271,-0.833206],[0.145349,0.821186,0.55184]],[[0.987878,-0.151179,-0.0352293],[-0.0965067,-0.420383,-0.9022],[0.121583,0.894664,-0.429877]],[[0.987878,-0.151179,-0.0352293],[-0.143078,-0.798762,-0.584387],[0.060207,0.582344,-0.81071]]],"btipPosition":[-19.4062,260.95,18.4632],"carpPosition":[-10.5545,319.31,76.5921],"dipPosition":[-18.2935,271.712,3.4802],"direction":[-0.121583,-0.894664,0.429877],"extended":false,"handId":357,"id":3573,"length":63.7298,"mcpPosition":[-8.53823,332.52,16.0895],"pipPosition":[-14.9619,296.227,-8.29913],"stabilizedTipPosition":[-28.6246,260.225,36.9268],"timeVisible":0.506209,"tipPosition":[-19.1312,263.443,16.1739],"tipVelocity":[65.105,3.971,-149.653],"tool":false,"touchDistance":0.333333,"touchZone":"none","type":3,"width":17.881},{"bases":[[[0.937631,-0.339292,0.075696],[0.303413,0.905003,0.298179],[-0.169675,-0.256615,0.951504]],[[0.941375,-0.33314,0.0532135],[0.228734,0.514325,-0.826529],[0.247981,0.790246,0.560373]],[[0.941375,-0.33314,0.0532135],[-0.0941153,-0.410803,-0.906854],[0.323969,0.848681,-0.418073]],[[0.941375,-0.33314,0.0532135],[-0.233231,-0.756627,-0.610835],[0.243756,0.562614,-0.789968]]],"btipPosition":[-7.63844,273.624,22.6521],"carpPosition":[1.72668,312.556,75.2693],"dipPosition":[-3.48242,283.216,9.18329],"direction":[-0.323969,-0.848681,0.418073],"extended":false,"handId":357,"id":3574,"length":49.963,"mcpPosition":[11.4586,327.275,20.6944],"pipPosition":[2.78531,299.635,1.09496],"stabilizedTipPosition":[-15.4881,273.331,39.0371],"timeVisible":0.506209,"tipPosition":[-6.78665,275.95,20.3719],"tipVelocity":[60.7029,5.46014,-131.708],"tool":false,"touchDistance":0.333333,"touchZone":"none","type":4,"width":15.8833}],"r":[[0.896523,-0.193956,0.39828],[0.219615,0.975395,-0.0193479],[-0.384727,0.104814,0.91706]],"s":0.923461,"t":[89.0631,106.67,-92.8612],"timestamp":15292221946},false],[5,{"currentFrameRate":110.507,"devices":[],"gestures":[],"hands":[{"armBasis":[[0.933388,0.168139,-0.317044],[-0.0458162,0.932053,0.359414],[0.355933,-0.320947,0.87767]],"armWidth":63.029,"confidence":0.797894,"direction":[-0.0944667,0.345055,-0.933816],"elbow":[82.6132,221.097,316.93],"grabStrength":0,"id":357,"palmNormal":[0.0467338,-0.93544,-0.350382],"palmPosition":[-24.7909,320.668,31.6968],"palmVelocity":[45.752,7.99636,-155.957],"palmWidth":90.0033,"pinchStrength":0.678428,"r":[[0.895192,-0.19312,0.401667],[0.219915,0.975289,-0.0212078],[-0.387646,0.107318,0.91554]],"s":0.926194,"sphereCenter":[-15.0718,285.331,-1.35291],"sphereRadius":47.1382,"stabilizedPalmPosition":[-33.1927,317.163,54.5018],"t":[89.4038,106.763,-94.3257],"timeVisible":0.51524,"type":"right","wrist":[-12.4466,306.813,82.5286]}],"id":1163224,"interactionBox":{"center":[0,200,0],"size":[235.247,235.247,147.751]},"pointables":[{"bases":[[[0.339923,0.934894,0.102104],[-0.784345,0.221919,0.579271],[0.518899,-0.276992,0.808715]],[[0.211641,0.973522,-0.0863909],[-0.935806,0.227349,0.269405],[0.281912,0.0238282,0.959144]],[[0.211641,0.973522,-0.0863909],[-0.954938,0.187158,-0.23036],[-0.208092,0.131252,0.969263]],[[0.211641,0.973522,-0.0863909],[-0.935736,0.176319,-0.305465],[-0.282145,0.145488,0.948276]]],"btipPosition":[-40.0396,284.517,-18.0171],"carpPosition":[-39.6695,293.488,83.9835],"dipPosition":[-46.5712,287.885,3.93528],"direction":[0.208092,-0.131252,-0.969263],"extended":false,"handId":357,"id":3570,"length":51.5512,"mcpPosition":[-39.6695,293.488,83.9835],"pipPosition":[-53.5892,292.311,36.6245],"stabilizedTipPosition":[-50.0953,283.07,9.61692],"timeVisible":0.51524,"tipPosition":[-41.398,284.963,-12.3515],"tipVelocity":[43.6996,1.13018,-160.388],"tool":false,"touchDistance":-0.453864,"touchZone":"hovering","type":0,"width":20.0304},{"bases":[[[0.964452,0.133586,-0.228006],[-0.0847989,0.973638,0.211749],[0.250282,-0.184887,0.950355]],[[0.993197,0.0996163,-0.0602985],[-0.0900614,0.985398,0.144497],[0.0738124,-0.138084,0.987666]],[[0.993197,0.0996163,-0.0602985],[-0.0966482,0.994047,0.0502932],[0.0649496,-0.0441233,0.996913]],[[0.993197,0.0996163,-0.0602985],[-0.101204,0.99458,-0.0238612],[0.0575947,0.0298013,0.997895]]],"btipPosition":[-57.5163,335.719,-71.5306],"carpPosition":[-33.6398,315.845,80.3001],"dipPosition":[-56.5429,336.223,-54.6658],"direction":[-0.0649496,0.0441233,-0.996913],"extended":true,"handId":357,"id":3571,"length":58.1698,"mcpPosition":[-51.8533,329.3,11.141],"pipPosition":[-54.99,335.168,-30.8314],"stabilizedTipPosition":[-66.2404,333.252,-48.5829],"timeVisible":0.51524,"tipPosition":[-56.7052,334.535,-67.6927],"tipVelocity":[58.7771,19.4981,-166.479],"tool":false,"touchDistance":-0.462452,"touchZone":"hovering","type":1,"width":19.133},{"bases":[[[0.989629,-0.060573,-0.130248],[0.0849894,0.97791,0.190967],[0.115804,-0.200056,0.972917]],[[0.989164,-0.0597814,-0.134094],[-0.0856117,0.507126,-0.857609],[0.119272,0.859796,0.496513]],[[0.989164,-0.0597814,-0.134094],[-0.146314,-0.476918,-0.866684],[-0.0121404,0.876912,-0.480497]],[[0.989164,-0.0597814,-0.134094],[-0.12319,-0.834831,-0.536546],[-0.0798707,0.547251,-0.833149]]],"btipPosition":[-34.1602,257.177,15.5429],"carpPosition":[-22.308,319.202,77.3557],"dipPosition":[-35.6449,267.349,0.0561596],"direction":[0.0121404,-0.876912,0.480497],"extended":false,"handId":357,"id":3572,"length":66.2798,"mcpPosition":[-30.2997,333.008,10.2133],"pipPosition":[-35.9864,292.015,-13.4593],"stabilizedTipPosition":[-44.6965,255.265,36.5793],"timeVisible":0.51524,"tipPosition":[-34.3499,259.598,13.0486],"tipVelocity":[48.482,2.78755,-143.868],"tool":false,"touchDistance":0.333333,"touchZone":"none","type":2,"width":18.7912},{"bases":[[[0.986643,-0.162898,0.000321225],[0.159125,0.964208,0.21209],[-0.0348589,-0.209206,0.97725]],[[0.987258,-0.155597,-0.0333311],[0.0578368,0.546007,-0.835782],[0.148244,0.823204,0.54805]],[[0.987258,-0.155597,-0.0333311],[-0.0972512,-0.42419,-0.900336],[0.125951,0.892106,-0.433917]],[[0.987258,-0.155597,-0.0333311],[-0.145811,-0.80069,-0.581064],[0.0637242,0.57852,-0.813175]]],"btipPosition":[-19.3802,260.947,17.3077],"carpPosition":[-10.3594,319.503,75.1613],"dipPosition":[-18.2025,271.638,2.27907],"direction":[-0.125951,-0.892106,0.433917],"extended":false,"handId":357,"id":3573,"length":63.7298,"mcpPosition":[-8.19954,332.465,14.6101],"pipPosition":[-14.7512,296.084,-9.61096],"stabilizedTipPosition":[-28.5523,260.249,36.7515],"timeVisible":0.51524,"tipPosition":[-19.0931,263.431,14.9477],"tipVelocity":[48.4254,2.28965,-143.997],"tool":false,"touchDistance":0.333333,"touchZone":"none","type":3,"width":17.881},{"bases":[[[0.936031,-0.343078,0.0783772],[0.306938,0.904837,0.295057],[-0.172146,-0.252126,0.95226]],[[0.939534,-0.337548,0.0577752],[0.230426,0.498309,-0.835818],[0.253338,0.798592,0.545958]],[[0.939534,-0.337548,0.0577752],[-0.0974817,-0.425338,-0.899769],[0.328289,0.839732,-0.432524]],[[0.939534,-0.337548,0.0577752],[-0.237177,-0.763069,-0.601226],[0.247029,0.551169,-0.796987]]],"btipPosition":[-7.65617,273.577,22.1256],"carpPosition":[1.89397,312.69,73.8826],"dipPosition":[-3.44436,282.974,8.53704],"direction":[-0.328289,-0.839732,0.432524],"extended":false,"handId":357,"id":3574,"length":49.963,"mcpPosition":[11.7677,327.151,19.2644],"pipPosition":[2.90695,299.22,0.169125],"stabilizedTipPosition":[-15.4078,273.353,38.8542],"timeVisible":0.51524,"tipPosition":[-6.74603,275.875,19.4759],"tipVelocity":[43.8368,1.14635,-112.334],"tool":false,"touchDistance":0.333333,"touchZone":"none","type":4,"width":15.8833}],"r":[[0.895192,-0.19312,0.401667],[0.219915,0.975289,-0.0212078],[-0.387646,0.107318,0.91554]],"s":0.926194,"t":[89.4038,106.763,-94.3257],"timestamp":15292230977},false],[6,{"currentFrameRate":101.147,"devices":[],"gestures":[],"hands":[{"armBasis":[[0.935093,0.189689,-0.299364],[-0.0717152,0.928505,0.364329],[0.347071,-0.319213,0.881842]],"armWidth":63.029,"confidence":0.756358,"direction":[-0.0931055,0.350289,-0.932003],"elbow":[80.0881,221.245,314.765],"grabStrength":0,"id":357,"palmNormal":[0.072428,-0.931206,-0.357225],"palmPosition":[-24.756,320.469,28.4036],"palmVelocity":[18.1558,-1.5056,-134.387],"palmWidth":90.0033,"pinchStrength":0.676726,"r":[[0.894181,-0.188858,0.405922],[0.215594,0.976264,-0.0207049],[-0.392376,0.106028,0.913673]],"s":0.929386,"sphereCenter":[-14.5982,285.899,-4.7888],"sphereRadius":46.9533,"stabilizedPalmPosition":[-33.1396,317.184,54.3378],"t":[89.5915,106.71,-96.7047],"timeVisible":0.542412,"type":"right","wrist":[-12.6048,306.498,79.25]}],"id":1163225,"interactionBox":{"center":[0,200,0],"size":[235.247,235.247,147.751]},"pointables":[{"bases":[[[0.316639,0.941795,0.112969],[-0.79523,0.19865,0.572841],[0.517058,-0.27122,0.811844]],[[0.18914,0.978934,-0.0769057],[-0.943991,0.202836,0.260266],[0.270383,0.0233715,0.962469]],[[0.18914,0.978934,-0.0769057],[-0.957103,0.166281,-0.237285],[-0.219498,0.118487,0.968391]],[[0.18914,0.978934,-0.0769057],[-0.939676,0.157709,-0.303542],[-0.285018,0.129678,0.949709]]],"btipPosition":[-38.8676,284.371,-21.8507],"carpPosition":[-39.518,292.523,80.3179],"dipPosition":[-45.4657,287.373,0.134923],"direction":[0.219498,-0.118487,-0.968391],"extended":false,"handId":357,"id":3570,"length":51.5512,"mcpPosition":[-39.518,292.523,80.3179],"pipPosition":[-52.8685,291.369,32.7948],"stabilizedTipPosition":[-49.9852,283.092,9.3174],"timeVisible":0.542412,"tipPosition":[-40.1854,284.761,-16.1883],"tipVelocity":[42.997,-4.83193,-148.234],"tool":false,"touchDistance":-0.4942,"touchZone":"hovering","type":0,"width":20.0304},{"bases":[[[0.963289,0.158146,-0.216944],[-0.109975,0.969618,0.21851],[0.244909,-0.186629,0.951414]],[[0.990926,0.124052,-0.0517435],[-0.11442,0.980536,0.159555],[0.0705295,-0.152187,0.985832]],[[0.990926,0.124052,-0.0517435],[-0.120532,0.990489,0.0663621],[0.0594837,-0.0595231,0.996453]],[[0.990926,0.124052,-0.0517435],[-0.124591,0.992181,-0.00730617],[0.0504326,0.0136866,0.998634]]],"btipPosition":[-57.0764,336.286,-74.9582],"carpPosition":[-33.9821,315.045,76.8731],"dipPosition":[-56.224,336.517,-58.0809],"direction":[-0.0594837,0.0595231,-0.996453],"extended":true,"handId":357,"id":3571,"length":58.1698,"mcpPosition":[-51.8046,328.626,7.63699],"pipPosition":[-54.8019,335.094,-34.2574],"stabilizedTipPosition":[-65.9985,333.331,-49.1641],"timeVisible":0.542412,"tipPosition":[-56.2577,335.013,-71.1352],"tipVelocity":[31.711,18.9077,-141.381],"tool":false,"touchDistance":-0.495911,"touchZone":"hovering","type":1,"width":19.133},{"bases":[[[0.99206,-0.0361508,-0.12046],[0.0598676,0.978063,0.199522],[0.110605,-0.205149,0.972461]],[[0.991615,-0.0353394,-0.124304],[-0.0888328,0.512194,-0.854264],[0.093857,0.858143,0.504759]],[[0.991615,-0.0353394,-0.124304],[-0.126168,-0.472898,-0.872038],[-0.0279659,0.880408,-0.473391]],[[0.991615,-0.0353394,-0.124304],[-0.0979482,-0.832992,-0.544546],[-0.0843005,0.552155,-0.829468]]],"btipPosition":[-32.4579,256.908,11.63],"carpPosition":[-22.7036,318.692,74.0728],"dipPosition":[-34.0249,267.171,-3.78838],"direction":[0.0279658,-0.880408,0.473391],"extended":false,"handId":357,"id":3572,"length":66.2798,"mcpPosition":[-30.3366,332.85,6.96185],"pipPosition":[-34.8115,291.935,-17.1039],"stabilizedTipPosition":[-44.5268,255.322,36.1723],"timeVisible":0.542412,"tipPosition":[-32.682,259.343,9.13377],"tipVelocity":[56.8423,-4.60857,-143.595],"tool":false,"touchDistance":0.333333,"touchZone":"none","type":2,"width":18.7912},{"bases":[[[0.990168,-0.139573,0.00926239],[0.134088,0.965943,0.221304],[-0.039835,-0.217886,0.975161]],[[0.990954,-0.131952,-0.0244791],[0.0530544,0.552725,-0.831673],[0.123271,0.822851,0.554726]],[[0.990954,-0.131952,-0.0244791],[-0.0783361,-0.420624,-0.903847],[0.108968,0.897588,-0.427155]],[[0.990954,-0.131952,-0.0244791],[-0.121044,-0.800018,-0.587639],[0.0579563,0.585286,-0.808753]]],"btipPosition":[-17.7806,261.014,13.7185],"carpPosition":[-10.7438,319.292,72.0047],"dipPosition":[-16.7095,271.831,-1.22841],"direction":[-0.108968,-0.897588,0.427155],"extended":false,"handId":357,"id":3573,"length":63.7298,"mcpPosition":[-8.27562,332.793,11.583],"pipPosition":[-13.7236,296.427,-12.9332],"stabilizedTipPosition":[-28.4029,260.293,36.3927],"timeVisible":0.542412,"tipPosition":[-17.5318,263.519,11.2694],"tipVelocity":[54.3471,3.07532,-136.18],"tool":false,"touchDistance":0.333333,"touchZone":"none","type":3,"width":17.881},{"bases":[[[0.943045,-0.321523,0.0853704],[0.282414,0.909405,0.305328],[-0.175806,-0.263829,0.948413]],[[0.946461,-0.316031,0.065854],[0.22742,0.50796,-0.830817],[0.229113,0.801312,0.552635]],[[0.946461,-0.316031,0.065854],[-0.0781962,-0.42236,-0.903049],[0.313206,0.849551,-0.42446]],[[0.946461,-0.316031,0.065854],[-0.212914,-0.764442,-0.608519],[0.242653,0.561918,-0.790802]]],"btipPosition":[-6.4467,273.871,18.7681],"carpPosition":[1.67978,312.782,70.7995],"dipPosition":[-2.3095,283.451,5.28501],"direction":[-0.313206,-0.849551,0.42446],"extended":false,"handId":357,"id":3574,"length":49.963,"mcpPosition":[11.7634,327.914,16.402],"pipPosition":[3.75,299.887,-2.92689],"stabilizedTipPosition":[-15.2615,273.393,38.5122],"timeVisible":0.542412,"tipPosition":[-5.5455,276.