{"sensorType":"Leap","data":[[0,{"currentFrameRate":110.415,"devices":[],"gestures":[],"hands":[{"armBasis":[[0.881555,-0.260754,-0.393532],[0.390458,0.871274,0.297363],[0.265336,-0.4158,0.869889]],"armWidth":63.029,"confidence":0.402058,"direction":[-0.0276804,0.770461,-0.636886],"elbow":[53.0402,103.063,280.034],"grabStrength":0,"id":337,"palmNormal":[-0.457436,-0.576269,-0.677249],"palmPosition":[-27.9585,254.858,13.5751],"palmVelocity":[123.715,459.75,-285.622],"palmWidth":90.0033,"pinchStrength":0.598866,"r":[[0.961555,-0.00379332,0.274587],[-0.0678813,0.965592,0.251047],[-0.266092,-0.260035,0.928212]],"s":1.03609,"sphereCenter":[-29.1965,230.979,-41.9832],"sphereRadius":56.382,"stabilizedPalmPosition":[-28.8564,251.385,15.9712],"t":[32.4336,101.357,-50.6881],"timeVisible":0.198817,"type":"right","wrist":[-17.8235,214.112,47.7103]}],"id":1147200,"interactionBox":{"center":[0,200,0],"size":[235.247,235.247,147.751]},"pointables":[{"bases":[[[0.761397,0.556084,0.333235],[-0.499936,0.176409,0.847906],[0.412721,-0.812189,0.412324]],[[0.570252,0.803903,0.168974],[-0.671115,0.337294,0.66018],[0.473727,-0.48987,0.731854]],[[0.570252,0.803903,0.168974],[-0.725013,0.39582,0.563634],[0.386224,-0.443922,0.808557]],[[0.570252,0.803903,0.168974],[-0.809287,0.514488,0.283472],[0.140949,-0.298399,0.943976]]],"btipPosition":[-87.3597,259.102,-32.2392],"carpPosition":[-47.6801,213.034,53.0193],"dipPosition":[-84.0967,252.194,-10.3863],"direction":[-0.386224,0.443922,-0.808557],"extended":false,"handId":337,"id":3370,"length":51.5512,"mcpPosition":[-47.6801,213.034,53.0193],"pipPosition":[-71.071,237.222,16.883],"stabilizedTipPosition":[-88.2935,252.124,-23.1627],"timeVisible":0.198817,"tipPosition":[-85.8552,257.93,-27.4738],"tipVelocity":[149.912,476.658,-331.771],"tool":false,"touchDistance":0.23582,"touchZone":"hovering","type":0,"width":20.0304},{"bases":[[[0.871546,-0.139356,-0.470092],[0.42619,0.689351,0.585797],[0.242424,-0.710898,0.660193]],[[0.901608,-0.27076,-0.337331],[0.40741,0.793573,0.45195],[0.145327,-0.544914,0.825802]],[[0.901608,-0.27076,-0.337331],[0.355653,0.907907,0.221845],[0.246199,-0.31999,0.914873]],[[0.901608,-0.27076,-0.337331],[0.299937,0.953259,0.0365269],[0.311674,-0.134111,0.940677]]],"btipPosition":[-67.006,314.968,-64.4699],"carpPosition":[-32.0348,230.16,56.4381],"dipPosition":[-61.7386,312.701,-48.5721],"direction":[-0.246199,0.31999,-0.914873],"extended":true,"handId":337,"id":3371,"length":58.1698,"mcpPosition":[-49.6765,281.894,8.39465],"pipPosition":[-55.8524,305.051,-26.6991],"stabilizedTipPosition":[-66.4076,311.919,-59.3675],"timeVisible":0.198817,"tipPosition":[-65.1065,313.64,-60.9244],"tipVelocity":[175.609,562.193,-263.645],"tool":false,"touchDistance":0.286735,"touchZone":"hovering","type":1,"width":19.133},{"bases":[[[0.810775,-0.349582,-0.469506],[0.572618,0.640092,0.512241],[0.121457,-0.68416,0.719148]],[[0.812837,-0.361887,-0.456436],[0.137284,0.880539,-0.453657],[0.566082,0.306088,0.765416]],[[0.812837,-0.361887,-0.456436],[-0.503631,-0.0429255,-0.862852],[0.292662,0.931233,-0.217149]],[[0.812837,-0.361887,-0.456436],[-0.578557,-0.592495,-0.560554],[-0.0675789,0.719714,-0.690974]]],"btipPosition":[-63.3046,223.106,-15.795],"carpPosition":[-20.9574,230.056,51.3758],"dipPosition":[-64.5608,236.484,-28.6389],"direction":[-0.292662,-0.931233,0.217149],"extended":false,"handId":337,"id":3372,"length":66.2798,"mcpPosition":[-29.3393,277.271,1.74637],"pipPosition":[-56.3288,262.678,-34.7469],"stabilizedTipPosition":[-65.8202,221.053,-15.6134],"timeVisible":0.198817,"tipPosition":[-64.1304,226.666,-20.0768],"tipVelocity":[190.858,471.505,-286.31],"tool":false,"touchDistance":0.333333,"touchZone":"none","type":2,"width":18.7912},{"bases":[[[0.774323,-0.493703,-0.39583],[0.632661,0.591344,0.500052],[-0.0128052,-0.637628,0.770238]],[[0.774114,-0.501287,-0.386598],[0.379386,0.856245,-0.350587],[0.506767,0.124724,0.853013]],[[0.774114,-0.501287,-0.386598],[-0.340341,0.185368,-0.92185],[0.533774,0.845192,-0.0271124]],[[0.774114,-0.501287,-0.386598],[-0.597225,-0.375793,-0.708592],[0.209927,0.779417,-0.590288]]],"btipPosition":[-50.8512,223.386,-28.2002],"carpPosition":[-10.7419,226.954,45.571],"dipPosition":[-46.9714,237.79,-39.1096],"direction":[-0.533774,-0.845192,0.0271124],"extended":false,"handId":337,"id":3373,"length":63.7298,"mcpPosition":[-9.94853,266.462,-2.1535],"pipPosition":[-32.3452,260.95,-39.8525],"stabilizedTipPosition":[-52.0296,221.127,-27.0106],"timeVisible":0.198817,"tipPosition":[-50.0395,226.61,-30.736],"tipVelocity":[174.504,480.382,-307.493],"tool":false,"touchDistance":0.333333,"touchZone":"none","type":3,"width":17.881},{"bases":[[[0.652387,-0.655059,-0.381168],[0.741762,0.448685,0.498469],[-0.155502,-0.607931,0.778613]],[[0.663062,-0.602211,-0.444624],[0.495674,0.798311,-0.342062],[0.560942,0.00642041,0.82783]],[[0.663062,-0.602211,-0.444624],[-0.351301,0.274161,-0.895222],[0.661011,0.749785,-0.0297711]],[[0.663062,-0.602211,-0.444624],[-0.682872,-0.243293,-0.688836],[0.30665,0.760362,-0.572551]]],"btipPosition":[-32.3291,224.881,-25.567],"carpPosition":[-3.61205,217.707,37.7075],"dipPosition":[-27.1008,237.845,-35.329],"direction":[-0.661011,-0.749785,0.0297711],"extended":false,"handId":337,"id":3374,"length":49.963,"mcpPosition":[5.30699,252.576,-6.95096],"pipPosition":[-14.3124,252.351,-35.905],"stabilizedTipPosition":[-32.5301,223.781,-25.0872],"timeVisible":0.198817,"tipPosition":[-31.1313,228.136,-28.2122],"tipVelocity":[169.31,490.65,-302.681],"tool":false,"touchDistance":0.333333,"touchZone":"none","type":4,"width":15.8833}],"r":[[0.961555,-0.00379332,0.274587],[-0.0678813,0.965592,0.251047],[-0.266092,-0.260035,0.928212]],"s":1.03609,"t":[32.4336,101.357,-50.6881],"timestamp":15144876661},false],[1,{"currentFrameRate":110.372,"devices":[],"gestures":[],"hands":[{"armBasis":[[0.88511,-0.253867,-0.390039],[0.386152,0.868403,0.311066],[0.259742,-0.425943,0.866664]],"armWidth":63.029,"confidence":0.426356,"direction":[-0.0336249,0.771166,-0.635745],"elbow":[52.3962,104.616,276.921],"grabStrength":0,"id":337,"palmNormal":[-0.451996,-0.579069,-0.678511],"palmPosition":[-27.4223,259.085,11.377],"palmVelocity":[105.633,460.549,-273.101],"palmWidth":90.0033,"pinchStrength":0.597642,"r":[[0.959318,-0.00401054,0.2823],[-0.0717621,0.963596,0.257553],[-0.273056,-0.267333,0.924107]],"s":1.04045,"sphereCenter":[-28.8206,235.645,-43.8955],"sphereRadius":56.0658,"stabilizedPalmPosition":[-28.1177,255.351,13.6049],"t":[33.2074,105.419,-53.1131],"timeVisible":0.207953,"type":"right","wrist":[-16.9736,218.373,45.4593]}],"id":1147201,"interactionBox":{"center":[0,200,0],"size":[235.247,235.247,147.751]},"pointables":[{"bases":[[[0.756408,0.561965,0.334728],[-0.50212,0.170909,0.847741],[0.419193,-0.809312,0.411451]],[[0.560997,0.810404,0.168899],[-0.671822,0.326496,0.664873],[0.483671,-0.486462,0.727611]],[[0.560997,0.810404,0.168899],[-0.732191,0.390562,0.557994],[0.386235,-0.4367,0.812475]],[[0.560997,0.810404,0.168899],[-0.818529,0.512556,0.259414],[0.12366,-0.283779,0.950882]]],"btipPosition":[-86.5953,262.354,-34.5999],"carpPosition":[-46.8246,217.037,50.741],"dipPosition":[-83.7326,255.784,-12.5872],"direction":[-0.386235,0.4367,-0.812475],"extended":false,"handId":337,"id":3370,"length":51.5512,"mcpPosition":[-46.8246,217.037,50.741],"pipPosition":[-70.7064,241.056,14.8143],"stabilizedTipPosition":[-87.3104,255.761,-25.8219],"timeVisible":0.207953,"tipPosition":[-85.2956,261.386,-29.7164],"tipVelocity":[128.688,445.46,-310.249],"tool":false,"touchDistance":0.230411,"touchZone":"hovering","type":0,"width":20.0304},{"bases":[[[0.873086,-0.131304,-0.469554],[0.419877,0.692023,0.587203],[0.24784,-0.709834,0.659327]],[[0.903764,-0.259533,-0.340372],[0.399782,0.795922,0.454623],[0.15292,-0.546947,0.823082]],[[0.903764,-0.259533,-0.340372],[0.348911,0.907314,0.234612],[0.247934,-0.330794,0.910552]],[[0.903764,-0.259533,-0.340372],[0.295425,0.953648,0.057265],[0.309733,-0.152308,0.938546]]],"btipPosition":[-67.0235,319.671,-66.3909],"carpPosition":[-31.3269,234.289,54.1991],"dipPosition":[-61.7889,317.096,-50.5291],"direction":[-0.247934,0.330794,-0.910552],"extended":true,"handId":337,"id":3371,"length":58.1698,"mcpPosition":[-49.3626,285.944,6.21874],"pipPosition":[-55.8612,309.188,-28.7594],"stabilizedTipPosition":[-66.0321,316.491,-61.5227],"timeVisible":0.207953,"tipPosition":[-65.1652,318.157,-62.9011],"tipVelocity":[126.011,546.85,-249.054],"tool":false,"touchDistance":0.286309,"touchZone":"hovering","type":1,"width":19.133},{"bases":[[[0.814086,-0.342034,-0.469337],[0.566777,0.644109,0.513699],[0.126602,-0.684204,0.718217]],[[0.816189,-0.354029,-0.456617],[0.125388,0.879985,-0.458152],[0.564016,0.316684,0.762625]],[[0.816189,-0.354029,-0.456617],[-0.507039,-0.059948,-0.859836],[0.277034,0.933311,-0.228435]],[[0.816189,-0.354029,-0.456617],[-0.571846,-0.607992,-0.550761],[-0.0826344,0.71064,-0.698686]]],"btipPosition":[-62.1291,226.943,-17.3665],"carpPosition":[-20.2447,234.285,49.1462],"dipPosition":[-63.6651,240.152,-30.3538],"direction":[-0.277034,-0.933311,0.228435],"extended":false,"handId":337,"id":3372,"length":66.2798,"mcpPosition":[-28.9817,281.503,-0.419047],"pipPosition":[-55.8727,266.405,-36.7793],"stabilizedTipPosition":[-64.3154,225.078,-17.7504],"timeVisible":0.207953,"tipPosition":[-63.0491,230.47,-21.733],"tipVelocity":[171.606,456,-255.53],"tool":false,"touchDistance":0.333333,"touchZone":"none","type":2,"width":18.7912},{"bases":[[[0.778785,-0.486568,-0.39591],[0.627239,0.595887,0.501488],[-0.00809005,-0.638881,0.769263]],[[0.778661,-0.493083,-0.388014],[0.369852,0.860247,-0.350977],[0.506849,0.129784,0.852209]],[[0.778661,-0.493083,-0.388014],[-0.344325,0.181163,-0.921206],[0.524525,0.850911,-0.0287167]],[[0.778661,-0.493083,-0.388014],[-0.594576,-0.382337,-0.707318],[0.200415,0.781465,-0.590886]]],"btipPosition":[-49.9743,227.369,-30.2748],"carpPosition":[-9.99857,231.278,43.3455],"dipPosition":[-46.2704,241.812,-41.1952],"direction":[-0.524525,-0.850911,0.0287167],"extended":false,"handId":337,"id":3373,"length":63.7298,"mcpPosition":[-9.4973,270.864,-4.31858],"pipPosition":[-31.8975,265.128,-41.982],"stabilizedTipPosition":[-50.7778,225.245,-29.4977],"timeVisible":0.207953,"tipPosition":[-49.203,230.652,-32.8787],"tipVelocity":[151.436,468.308,-285.206],"tool":false,"touchDistance":0.333333,"touchZone":"none","type":3,"width":17.881},{"bases":[[[0.658199,-0.648966,-0.381597],[0.737537,0.454154,0.499783],[-0.151039,-0.610399,0.77756]],[[0.668279,-0.597337,-0.443387],[0.484881,0.801778,-0.349347],[0.564176,0.0184713,0.825448]],[[0.668279,-0.597337,-0.443387],[-0.359699,0.262254,-0.895455],[0.651168,0.757899,-0.039603]],[[0.668279,-0.597337,-0.443387],[-0.682936,-0.2563,-0.684039],[0.294962,0.759934,-0.579222]]],"btipPosition":[-31.4809,228.848,-27.3527],"carpPosition":[-2.78444,222.103,35.4742],"dipPosition":[-26.4518,241.804,-37.2284],"direction":[-0.651168,-0.757899,0.039603],"extended":false,"handId":337,"id":3374,"length":49.963,"mcpPosition":[5.8786,257.113,-9.12391],"pipPosition":[-13.8539,256.467,-37.9946],"stabilizedTipPosition":[-31.4301,227.794,-27.3496],"timeVisible":0.207953,"tipPosition":[-30.3267,232.188,-30.1311],"tipVelocity":[146.65,474.891,-273.659],"tool":false,"touchDistance":0.333333,"touchZone":"none","type":4,"width":15.8833}],"r":[[0.959318,-0.00401054,0.2823],[-0.0717621,0.963596,0.257553],[-0.273056,-0.267333,0.924107]],"s":1.04045,"t":[33.2074,105.419,-53.1131],"timestamp":15144885797},false],[2,{"currentFrameRate":110.288,"devices":[],"gestures":[],"hands":[{"armBasis":[[0.886637,-0.239923,-0.395363],[0.381383,0.862872,0.33166],[0.261575,-0.444847,0.856557]],"armWidth":63.029,"confidence":0.448813,"direction":[-0.034343,0.773506,-0.632858],"elbow":[53.5237,102.954,272.017],"grabStrength":0,"id":337,"palmNormal":[-0.442782,-0.579468,-0.684223],"palmPosition":[-26.8178,262.536,9.25921],"palmVelocity":[94.4128,436.427,-260.96],"palmWidth":90.0033,"pinchStrength":0.611769,"r":[[0.957055,-0.00310738,0.289891],[-0.0766581,0.961639,0.263389],[-0.279589,-0.274301,0.920103]],"s":1.04395,"sphereCenter":[-28.0289,239.651,-45.8226],"sphereRadius":55.7591,"stabilizedPalmPosition":[-27.4548,259.015,11.3887],"t":[33.8965,109.176,-55.3844],"timeVisible":0.21717,"type":"right","wrist":[-16.3356,221.76,43.2542]}],"id":1147202,"interactionBox":{"center":[0,200,0],"size":[235.247,235.247,147.751]},"pointables":[{"bases":[[[0.749871,0.565925,0.342669],[-0.509651,0.163881,0.844629],[0.42184,-0.808005,0.411313]],[[0.55108,0.81607,0.174184],[-0.676619,0.314838,0.665631],[0.488362,-0.484672,0.725669]],[[0.55108,0.81607,0.174184],[-0.743637,0.385587,0.546192],[0.378568,-0.430525,0.81935]],[[0.55108,0.81607,0.174184],[-0.828872,0.511237,0.227174],[0.0963408,-0.269567,0.95815]]],"btipPosition":[-85.3262,264.883,-37.3391],"carpPosition":[-46.2149,220.191,48.3061],"dipPosition":[-83.096,258.642,-15.1581],"direction":[-0.378568,0.430525,-0.81935],"extended":false,"handId":337,"id":3370,"length":51.5512,"mcpPosition":[-46.2149,220.191,48.3061],"pipPosition":[-70.3284,244.122,12.4752],"stabilizedTipPosition":[-86.2966,258.882,-28.4266],"timeVisible":0.21717,"tipPosition":[-84.3194,264.136,-32.3075],"tipVelocity":[126.787,399.82,-305.413],"tool":false,"touchDistance":0.213139,"touchZone":"hovering","type":0,"width":20.0304},{"bases":[[[0.877486,-0.123202,-0.463509],[0.410546,0.692564,0.593133],[0.247934,-0.710757,0.658295]],[[0.907796,-0.249242,-0.33732],[0.39042,0.796012,0.462534],[0.153227,-0.551583,0.819925]],[[0.907796,-0.249242,-0.33732],[0.341879,0.905629,0.250907],[0.24295,-0.343095,0.907337]],[[0.907796,-0.249242,-0.33732],[0.291427,0.953247,0.0799441],[0.301623,-0.170877,0.93799]]],"btipPosition":[-66.3268,323.792,-68.3443],"carpPosition":[-30.8665,237.538,51.9502],"dipPosition":[-61.2293,320.904,-52.492],"direction":[-0.24295,0.343095,-0.907337],"extended":true,"handId":337,"id":3371,"length":58.1698,"mcpPosition":[-48.9091,289.261,4.04489],"pipPosition":[-55.4208,312.701,-30.7991],"stabilizedTipPosition":[-65.4719,320.727,-63.5494],"timeVisible":0.21717,"tipPosition":[-64.546,322.118,-64.8982],"tipVelocity":[110.924,516.721,-238.721],"tool":false,"touchDistance":0.283294,"touchZone":"hovering","type":1,"width":19.133},{"bases":[[[0.819984,-0.334343,-0.464587],[0.558328,0.645992,0.520541],[0.12608,-0.686228,0.716377]],[[0.822063,-0.346294,-0.451987],[0.122767,0.882927,-0.453176],[0.556003,0.31705,0.768335]],[[0.822063,-0.346294,-0.451987],[-0.500252,-0.0601144,-0.86379],[0.271955,0.936198,-0.222652]],[[0.822063,-0.346294,-0.451987],[-0.563325,-0.610236,-0.557024],[-0.0829246,0.712525,-0.696729]]],"btipPosition":[-61.0652,230.297,-19.8762],"carpPosition":[-19.7471,237.634,46.9807],"dipPosition":[-62.6066,243.542,-32.8272],"direction":[-0.271955,-0.936198,0.222652],"extended":false,"handId":337,"id":3372,"length":66.2798,"mcpPosition":[-28.4481,284.991,-2.4575],"pipPosition":[-54.957,269.875,-39.09],"stabilizedTipPosition":[-62.9978,228.839,-20.073],"timeVisible":0.21717,"tipPosition":[-61.9678,233.808,-24.1945],"tipVelocity":[155.829,430.444,-259.973],"tool":false,"touchDistance":0.333333,"touchZone":"none","type":2,"width":18.7912},{"bases":[[[0.785162,-0.479423,-0.392012],[0.61922,0.59825,0.50859],[-0.00930845,-0.642067,0.766592]],[[0.785053,-0.484942,-0.385387],[0.363098,0.864337,-0.347968],[0.501849,0.13324,0.854632]],[[0.785053,-0.484942,-0.385387],[-0.342801,0.178073,-0.922376],[0.515926,0.856225,-0.0264423]],[[0.785053,-0.484942,-0.385387],[-0.58796,-0.387599,-0.709979],[0.194923,0.783963,-0.589412]]],"btipPosition":[-48.7789,230.667,-32.4063],"carpPosition":[-9.43672,234.723,41.245],"dipPosition":[-45.1764,245.155,-43.2995],"direction":[-0.515926,-0.856225,0.0264423],"extended":false,"handId":337,"id":3373,"length":63.7298,"mcpPosition":[-8.85996,274.506,-6.25353],"pipPosition":[-31.0392,268.617,-44.0241],"stabilizedTipPosition":[-49.5486,229.051,-31.8513],"timeVisible":0.21717,"tipPosition":[-48.0321,234.028,-35.0953],"tipVelocity":[144.637,437.657,-269.903],"tool":false,"touchDistance":0.333333,"touchZone":"none","type":3,"width":17.881},{"bases":[[[0.665629,-0.642727,-0.379262],[0.730532,0.457308,0.507141],[-0.152514,-0.614631,0.77393]],[[0.675687,-0.591562,-0.439888],[0.477274,0.80581,-0.350541],[0.561833,0.0269088,0.826813]],[[0.675687,-0.591562,-0.439888],[-0.36139,0.254283,-0.897072],[0.64253,0.765111,-0.0419684]],[[0.675687,-0.591562,-0.439888],[-0.678442,-0.265574,-0.684972],[0.288381,0.761265,-0.580785]]],"btipPosition":[-30.3495,232.161,-29.2029],"carpPosition":[-2.0989,225.631,33.3911],"dipPosition":[-25.4326,245.141,-39.1052],"direction":[-0.64253,-0.765111,0.0419684],"extended":false,"handId":337,"id":3374,"length":49.963,"mcpPosition":[6.64875,260.884,-10.9988],"pipPosition":[-13.0018,259.943,-39.9172],"stabilizedTipPosition":[-30.3231,231.474,-29.4173],"timeVisible":0.21717,"tipPosition":[-29.2152,235.577,-32.0695],"tipVelocity":[139.171,442.72,-253.414],"tool":false,"touchDistance":0.333333,"touchZone":"none","type":4,"width":15.8833}],"r":[[0.957055,-0.00310738,0.289891],[-0.0766581,0.961639,0.263389],[-0.279589,-0.274301,0.920103]],"s":1.04395,"t":[33.8965,109.176,-55.3844],"timestamp":15144895014},false],[3,{"currentFrameRate":110.449,"devices":[],"gestures":[],"hands":[{"armBasis":[[0.889404,-0.23308,-0.393236],[0.372972,0.867381,0.329456],[0.264296,-0.439686,0.858385]],"armWidth":63.029,"confidence":0.463363,"direction":[-0.0339118,0.775562,-0.63036],"elbow":[54.7548,107.689,270.431],"grabStrength":0,"id":337,"palmNormal":[-0.435415,-0.579184,-0.689173],"palmPosition":[-26.2863,265.961,7.25916],"palmVelocity":[85.335,424.125,-252.138],"palmWidth":90.0033,"pinchStrength":0.626369,"r":[[0.954807,-0.00170896,0.297221],[-0.0818905,0.959768,0.268587],[-0.285722,-0.280788,0.916254]],"s":1.04671,"sphereCenter":[-27.3992,243.588,-47.6245],"sphereRadius":55.4587,"stabilizedPalmPosition":[-26.8868,262.391,9.38155],"t":[34.5068,112.767,-57.5201],"timeVisible":0.225938,"type":"right","wrist":[-15.8314,225.117,41.1801]}],"id":1147203,"interactionBox":{"center":[0,200,0],"size":[235.247,235.247,147.751]},"pointables":[{"bases":[[[0.744823,0.568334,0.349621],[-0.516027,0.158427,0.841794],[0.423031,-0.807401,0.411276]],[[0.543118,0.820458,0.178525],[-0.680278,0.305336,0.666327],[0.492184,-0.48334,0.723973]],[[0.543118,0.820458,0.178525],[-0.753815,0.382793,0.534071],[0.369845,-0.424638,0.826376]],[[0.543118,0.820458,0.178525],[-0.836742,0.511157,0.196423],[0.0699027,-0.25606,0.96413]]],"btipPosition":[-84.1294,267.499,-39.9089],"carpPosition":[-45.7356,223.385,46.0278],"dipPosition":[-82.5111,261.572,-17.5895],"direction":[-0.369845,0.424638,-0.826376],"extended":false,"handId":337,"id":3370,"length":51.5512,"mcpPosition":[-45.7356,223.385,46.0278],"pipPosition":[-70.0378,247.25,10.2807],"stabilizedTipPosition":[-85.3418,261.609,-30.8135],"timeVisible":0.225938,"tipPosition":[-83.4055,266.948,-34.7508],"tipVelocity":[125.085,374.801,-301.13],"tool":false,"touchDistance":0.196159,"touchZone":"hovering","type":0,"width":20.0304},{"bases":[[[0.881126,-0.117314,-0.458098],[0.403233,0.692444,0.598268],[0.247022,-0.711869,0.657436]],[[0.910957,-0.241616,-0.334335],[0.383297,0.795345,0.469584],[0.152452,-0.55592,0.817136]],[[0.910957,-0.241616,-0.334335],[0.337124,0.903137,0.265878],[0.23771,-0.354916,0.904173]],[[0.910957,-0.241616,-0.334335],[0.289527,0.951826,0.101005],[0.293824,-0.18881,0.937026]]],"btipPosition":[-65.6001,327.898,-70.1869],"carpPosition":[-30.4962,240.793,49.8346],"dipPosition":[-60.6343,324.707,-54.3509],"direction":[-0.23771,0.354916,-0.904173],"extended":true,"handId":337,"id":3371,"length":58.1698,"mcpPosition":[-48.4724,292.597,1.99179],"pipPosition":[-54.9511,316.221,-32.7336],"stabilizedTipPosition":[-64.8464,324.697,-65.397],"timeVisible":0.225938,"tipPosition":[-63.9009,326.079,-66.78],"tipVelocity":[102.466,501.579,-231.163],"tool":false,"touchDistance":0.281353,"touchZone":"hovering","type":1,"width":19.133},{"bases":[[[0.824661,-0.328726,-0.460298],[0.551718,0.646845,0.526496],[0.124668,-0.688135,0.714792]],[[0.826708,-0.340669,-0.44777],[0.121707,0.885288,-0.448834],[0.54931,0.316558,0.773337]],[[0.826708,-0.340669,-0.44777],[-0.494169,-0.0591796,-0.867349],[0.26898,0.938319,-0.217273]],[[0.826708,-0.340669,-0.44777],[-0.556651,-0.61097,-0.562899],[-0.081812,0.714605,-0.694728]]],"btipPosition":[-60.1832,233.68,-22.2352],"carpPosition":[-19.3447,240.96,44.9394],"dipPosition":[-61.7039,246.963,-35.1489],"direction":[-0.26898,-0.938319,0.217273],"extended":false,"handId":337,"id":3372,"length":66.2798,"mcpPosition":[-27.9482,288.449,-4.38945],"pipPosition":[-54.138,273.356,-41.2604],"stabilizedTipPosition":[-61.9213,232.287,-22.3145],"timeVisible":0.225938,"tipPosition":[-61.0613,237.183,-26.5074],"tipVelocity":[141.14,418.742,-262.145],"tool":false,"touchDistance":0.333333,"touchZone":"none","type":2,"width":18.7912},{"bases":[[[0.790065,-0.474229,-0.388464],[0.612919,0.59944,0.514782],[-0.0112636,-0.644809,0.764261]],[[0.789961,-0.478959,-0.382832],[0.358641,0.867347,-0.345089],[0.497331,0.135308,0.856944]],[[0.789961,-0.478959,-0.382832],[-0.340737,0.17617,-0.923505],[0.509765,0.859978,-0.0240318]],[[0.789961,-0.478959,-0.382832],[-0.582451,-0.391058,-0.712618],[0.191605,0.785921,-0.587891]]],"btipPosition":[-47.7737,234.003,-34.4412],"carpPosition":[-8.98249,238.119,39.2622],"dipPosition":[-44.2326,248.528,-45.3062],"direction":[-0.509765,-0.859978,0.0240318],"extended":false,"handId":337,"id":3373,"length":63.7298,"mcpPosition":[-8.28459,278.072,-8.09197],"pipPosition":[-30.2642,272.092,-45.9647],"stabilizedTipPosition":[-48.4612,232.533,-33.9884],"timeVisible":0.225938,"tipPosition":[-47.0415,237.421,-37.188],"tipVelocity":[136.149,422.557,-259.545],"tool":false,"touchDistance":0.333333,"touchZone":"none","type":3,"width":17.881},{"bases":[[[0.671246,-0.638153,-0.37708],[0.724923,0.459045,0.51358],[-0.154646,-0.618092,0.770744]],[[0.681429,-0.586908,-0.437256],[0.472176,0.809018,-0.350057],[0.559199,0.0320769,0.828412]],[[0.681429,-0.586908,-0.437256],[-0.361955,0.249016,-0.89832],[0.636116,0.770409,-0.0427475]],[[0.681429,-0.586908,-0.437256],[-0.674692,-0.272218,-0.686067],[0.28363,0.762519,-0.58148]]],"btipPosition":[-29.3797,235.515,-31.0149],"carpPosition":[-1.54866,229.091,31.4254],"dipPosition":[-24.5439,248.516,-40.9291],"direction":[-0.636116,-0.770409,0.0427475],"extended":false,"handId":337,"id":3374,"length":49.963,"mcpPosition":[7.32131,264.543,-12.7817],"pipPosition":[-12.2371,263.421,-41.7561],"stabilizedTipPosition":[-29.3299,234.871,-31.291],"timeVisible":0.225938,"tipPosition":[-28.2652,238.975,-33.9359],"tipVelocity":[130.928,426.703,-240.941],"tool":false,"touchDistance":0.333333,"touchZone":"none","type":4,"width":15.8833}],"r":[[0.954807,-0.00170896,0.297221],[-0.0818905,0.959768,0.268587],[-0.285722,-0.280788,0.916254]],"s":1.04671,"t":[34.5068,112.767,-57.5201],"timestamp":15144903782},false],[4,{"currentFrameRate":110.322,"devices":[],"gestures":[],"hands":[{"armBasis":[[0.889055,-0.240136,-0.389765],[0.377107,0.866859,0.326105],[0.259561,-0.436909,0.861243]],"armWidth":63.029,"confidence":0.475175,"direction":[-0.0284745,0.78094,-0.623957],"elbow":[53.9855,110.965,268.526],"grabStrength":0,"id":337,"palmNormal":[-0.440259,-0.570203,-0.693571],"palmPosition":[-25.505,268.85,4.93486],"palmVelocity":[84.9883,392.206,-251.589],"palmWidth":90.0033,"pinchStrength":0.641376,"r":[[0.953009,-0.00255888,0.302932],[-0.0846161,0.957917,0.274289],[-0.290886,-0.287033,0.912687]],"s":1.04936,"sphereCenter":[-27.293,247.369,-49.7396],"sphereRadius":55.0635,"stabilizedPalmPosition":[-26.2044,265.581,7.18561],"t":[35.2026,116.006,-59.7501],"timeVisible":0.235228,"type":"right","wrist":[-15.3361,227.651,38.5121]}],"id":1147204,"interactionBox":{"center":[0,200,0],"size":[235.247,235.247,147.751]},"pointables":[{"bases":[[[0.749342,0.559799,0.35371],[-0.514235,0.155415,0.84345],[0.417191,-0.813923,0.404327]],[[0.546419,0.817379,0.18253],[-0.675885,0.301666,0.672441],[0.494577,-0.490804,0.71729]],[[0.546419,0.817379,0.18253],[-0.755298,0.386765,0.529092],[0.361872,-0.42697,0.828701]],[[0.546419,0.817379,0.18253],[-0.836073,0.519596,0.176076],[0.0490789,-0.24882,0.967306]]],"btipPosition":[-83.0102,270.5,-42.3909],"carpPosition":[-45.2492,226.105,43.3678],"dipPosition":[-81.8741,264.739,-19.998],"direction":[-0.361872,0.42697,-0.828701],"extended":false,"handId":337,"id":3370,"length":51.5512,"mcpPosition":[-45.2492,226.105,43.3678],"pipPosition":[-69.6696,250.34,7.95067],"stabilizedTipPosition":[-84.3592,264.476,-33.2492],"timeVisible":0.235228,"tipPosition":[-82.5178,270.095,-37.1267],"tipVelocity":[120.417,361.344,-291.037],"tool":false,"touchDistance":0.181046,"touchZone":"hovering","type":0,"width":20.0304},{"bases":[[[0.879898,-0.120213,-0.459704],[0.408872,0.684445,0.603621],[0.242079,-0.719085,0.651394]],[[0.908597,-0.243491,-0.339358],[0.389677,0.786641,0.478902],[0.150345,-0.567369,0.809623]],[[0.908597,-0.243491,-0.339358],[0.345943,0.893992,0.284785],[0.234041,-0.376153,0.896512]],[[0.908597,-0.243491,-0.339358],[0.300798,0.945168,0.127194],[0.28978,-0.217646,0.932018]]],"btipPosition":[-64.3745,332.478,-71.689],"carpPosition":[-29.8759,243.366,47.3057],"dipPosition":[-59.4771,328.799,-55.9376],"direction":[-0.234041,0.376153,-0.896512],"extended":true,"handId":337,"id":3371,"length":58.1698,"mcpPosition":[-47.4925,295.695,-0.0974114],"pipPosition":[-53.8816,319.806,-34.5036],"stabilizedTipPosition":[-63.8231,329.137,-67.1059],"timeVisible":0.235228,"tipPosition":[-62.7752,330.441,-68.3599],"tipVelocity":[110.297,495.748,-212.16],"tool":false,"touchDistance":0.283946,"touchZone":"hovering","type":1,"width":19.133},{"bases":[[[0.821833,-0.331166,-0.463594],[0.556959,0.638315,0.531367],[0.119948,-0.694898,0.709034]],[[0.82379,-0.343167,-0.451229],[0.128324,0.888185,-0.441204],[0.552181,0.305556,0.775714]],[[0.82379,-0.343167,-0.451229],[-0.495124,-0.0478967,-0.867501],[0.276085,0.938052,-0.209367]],[[0.82379,-0.343167,-0.451229],[-0.561664,-0.601966,-0.567601],[-0.0768422,0.721023,-0.688637]]],"btipPosition":[-59.6687,237.088,-24.8224],"carpPosition":[-18.7269,243.489,42.4037],"dipPosition":[-61.0971,250.491,-37.623],"direction":[-0.276085,-0.938052,0.209367],"extended":false,"handId":337,"id":3372,"length":66.2798,"mcpPosition":[-27.0046,291.445,-6.52779],"pipPosition":[-53.3313,276.876,-43.5121],"stabilizedTipPosition":[-61.0572,235.828,-24.763],"timeVisible":0.235228,"tipPosition":[-60.5083,240.614,-29.0217],"tipVelocity":[117.596,404.945,-265.967],"tool":false,"touchDistance":0.333333,"touchZone":"none","type":2,"width":18.7912},{"bases":[[[0.786187,-0.476987,-0.392929],[0.617791,0.590546,0.51922],[-0.0156182,-0.650952,0.758958]],[[0.786092,-0.480475,-0.388849],[0.361323,0.867612,-0.341606],[0.501503,0.128033,0.855629]],[[0.786092,-0.480475,-0.388849],[-0.344753,0.181335,-0.921012],[0.513035,0.858057,-0.0230997]],[[0.786092,-0.480475,-0.388849],[-0.587556,-0.385504,-0.711453],[0.191932,0.787738,-0.585347]]],"btipPosition":[-47.1918,237.221,-36.6936],"carpPosition":[-8.39037,240.617,36.6957],"dipPosition":[-43.6446,251.78,-47.5116],"direction":[-0.513035,-0.858057,0.0230997],"extended":false,"handId":337,"id":3373,"length":63.7298,"mcpPosition":[-7.42265,280.95,-10.33],"pipPosition":[-29.5866,275.292,-48.1446],"stabilizedTipPosition":[-47.5508,236.042,-36.2557],"timeVisible":0.235228,"tipPosition":[-46.4636,240.712,-39.5166],"tipVelocity":[115.457,401.321,-254.398],"tool":false,"touchDistance":0.333333,"touchZone":"none","type":3,"width":17.881},{"bases":[[[0.666139,-0.640097,-0.3828],[0.728728,0.449323,0.516783],[-0.15879,-0.623206,0.765768]],[[0.676641,-0.588607,-0.442378],[0.471033,0.807809,-0.354362],[0.565937,0.0314014,0.823851]],[[0.676641,-0.588607,-0.442378],[-0.370924,0.246512,-0.895347],[0.636059,0.769918,-0.0515287]],[[0.676641,-0.588607,-0.442378],[-0.681159,-0.272244,-0.679636],[0.279604,0.761199,-0.585147]]],"btipPosition":[-28.7898,238.37,-32.9833],"carpPosition":[-1.03045,231.597,28.7796],"dipPosition":[-24.0225,251.348,-42.96],"direction":[-0.636059,-0.769918,0.0515287],"extended":false,"handId":337,"id":3374,"length":49.963,"mcpPosition":[8.07718,267.342,-15.1421],"pipPosition":[-11.7169,266.243,-43.9569],"stabilizedTipPosition":[-28.5137,238.105,-33.2794],"timeVisible":0.235228,"tipPosition":[-27.6887,241.917,-36.031],"tipVelocity":[111.432,392.867,-233.183],"tool":false,"touchDistance":0.333333,"touchZone":"none","type":4,"width":15.8833}],"r":[[0.953009,-0.00255888,0.302932],[-0.0846161,0.957917,0.274289],[-0.290886,-0.287033,0.912687]],"s":1.04936,"t":[35.2026,116.006,-59.7501],"timestamp":15144913072},false],[5,{"currentFrameRate":110.46,"devices":[],"gestures":[],"hands":[{"armBasis":[[0.88837,-0.246632,-0.387262],[0.381452,0.865903,0.323583],[0.255526,-0.435183,0.86332]],"armWidth":63.029,"confidence":0.488432,"direction":[-0.0263102,0.781368,-0.623515],"elbow":[53.6404,113.255,267.446],"grabStrength":0,"id":337,"palmNormal":[-0.444627,-0.567785,-0.692768],"palmPosition":[-24.6595,270.743,3.34396],"palmVelocity":[87.954,344.417,-232.456],"palmWidth":90.0033,"pinchStrength":0.653636,"r":[[0.951692,-0.00419528,0.307026],[-0.0857801,0.956463,0.278962],[-0.29483,-0.291823,0.909898]],"s":1.05198,"sphereCenter":[-27.1346,249.715,-50.9699],"sphereRadius":54.6977,"stabilizedPalmPosition":[-25.4901,267.968,5.40931],"t":[35.9732,118.573,-61.6606],"timeVisible":0.244036,"type":"right","wrist":[-14.6033,229.48,36.8768]}],"id":1147205,"interactionBox":{"center":[0,200,0],"size":[235.247,235.247,147.751]},"pointables":[{"bases":[[[0.75283,0.55609,0.352151],[-0.511444,0.157427,0.844773],[0.414332,-0.816076,0.402925]],[[0.548349,0.816695,0.179788],[-0.671499,0.301886,0.676723],[0.4984,-0.491808,0.713948]],[[0.548349,0.816695,0.179788],[-0.755975,0.392205,0.524096],[0.357513,-0.423303,0.832466]],[[0.548349,0.816695,0.179788],[-0.835495,0.525907,0.159281],[0.0355316,-0.237553,0.970724]]],"btipPosition":[-82.0006,272.133,-43.9953],"carpPosition":[-44.5115,228.074,41.8046],"dipPosition":[-81.1781,266.633,-21.5232],"direction":[-0.357513,0.423303,-0.832466],"extended":false,"handId":337,"id":3370,"length":51.5512,"mcpPosition":[-44.5115,228.074,41.8046],"pipPosition":[-69.1207,252.357,6.55245],"stabilizedTipPosition":[-83.4653,266.719,-35.206],"timeVisible":0.244036,"tipPosition":[-81.6652,271.855,-38.6629],"tipVelocity":[116.646,315.75,-261.123],"tool":false,"touchDistance":0.174701,"touchZone":"hovering","type":0,"width":20.0304},{"bases":[[[0.878201,-0.124135,-0.461901],[0.413561,0.682218,0.602949],[0.24027,-0.720534,0.650462]],[[0.906364,-0.245611,-0.343771],[0.394729,0.782383,0.481733],[0.150641,-0.572322,0.806074]],[[0.906364,-0.245611,-0.343771],[0.352778,0.887691,0.295891],[0.232488,-0.38946,0.891218]],[[0.906364,-0.245611,-0.343771],[0.309593,0.939777,0.144818],[0.287499,-0.237687,0.92782]]],"btipPosition":[-63.3514,335.344,-72.8653],"carpPosition":[-29.0475,245.259,45.7132],"dipPosition":[-58.4925,331.327,-57.1849],"direction":[-0.232488,0.38946,-0.891218],"extended":true,"handId":337,"id":3371,"length":58.1698,"mcpPosition":[-46.5324,297.694,-1.62205],"pipPosition":[-52.9341,322.016,-35.8774],"stabilizedTipPosition":[-62.8334,332.427,-68.4466],"timeVisible":0.244036,"tipPosition":[-61.8436,333.139,-69.5997],"tipVelocity":[111.606,447.445,-191.466],"tool":false,"touchDistance":0.286201,"touchZone":"hovering","type":1,"width":19.133},{"bases":[[[0.819133,-0.334811,-0.46575],[0.561252,0.635425,0.530313],[0.118395,-0.6958,0.708411]],[[0.821052,-0.346751,-0.453473],[0.131819,0.888072,-0.4404],[0.555426,0.301815,0.774861]],[[0.821052,-0.346751,-0.453473],[-0.497194,-0.0440616,-0.86652],[0.280486,0.936922,-0.208579]],[[0.821052,-0.346751,-0.453473],[-0.565951,-0.598333,-0.567184],[-0.0746565,0.722331,-0.687506]]],"btipPosition":[-59.0637,239.18,-26.4015],"carpPosition":[-17.9099,245.332,40.7841],"dipPosition":[-60.4514,252.607,-39.181],"direction":[-0.280486,-0.936922,0.208579],"extended":false,"handId":337,"id":3372,"length":66.2798,"mcpPosition":[-26.0805,293.35,-8.1043],"pipPosition":[-52.5619,278.96,-45.0479],"stabilizedTipPosition":[-60.3464,238.562,-26.7065],"timeVisible":0.244036,"tipPosition":[-59.8704,242.689,-30.5299],"tipVelocity":[104.697,359.96,-242.447],"tool":false,"touchDistance":0.333333,"touchZone":"none","type":2,"width":18.7912},{"bases":[[[0.782972,-0.480496,-0.395068],[0.621829,0.587376,0.517994],[-0.0168408,-0.65124,0.758685]],[[0.782901,-0.483011,-0.392131],[0.361816,0.866221,-0.344601],[0.506118,0.127909,0.852927]],[[0.782901,-0.483011,-0.392131],[-0.3497,0.179652,-0.919475],[0.514564,0.856986,-0.0282591]],[[0.782901,-0.483011,-0.392131],[-0.59234,-0.385942,-0.707236],[0.190263,0.78597,-0.588261]]],"btipPosition":[-46.5417,239.104,-38.008],"carpPosition":[-7.60099,242.414,35.0496],"dipPosition":[-43.0253,253.63,-48.8799],"direction":[-0.514564,-0.856986,0.0282591],"extended":false,"handId":337,"id":3373,"length":63.7298,"mcpPosition":[-6.55752,282.765,-11.9591],"pipPosition":[-28.9255,277.112,-49.6543],"stabilizedTipPosition":[-46.7931,238.711,-38.0284],"timeVisible":0.244036,"tipPosition":[-45.8249,242.629,-40.901],"tipVelocity":[104.013,350.525,-226.425],"tool":false,"touchDistance":0.333333,"touchZone":"none","type":3,"width":17.881},{"bases":[[[0.662181,-0.643043,-0.384724],[0.732093,0.445632,0.51522],[-0.159863,-0.622823,0.765856]],[[0.672721,-0.591955,-0.443888],[0.469249,0.805183,-0.362611],[0.57206,0.0356422,0.819437]],[[0.672721,-0.591955,-0.443888],[-0.37894,0.239632,-0.893857],[0.635493,0.769523,-0.06311]],[[0.672721,-0.591955,-0.443888],[-0.68678,-0.276365,-0.672277],[0.275282,0.757107,-0.592459]]],"btipPosition":[-28.1302,240.044,-34.1535],"carpPosition":[-0.302946,233.364,27.1113],"dipPosition":[-23.4367,252.952,-44.2549],"direction":[-0.635493,-0.769523,0.06311],"extended":false,"handId":337,"id":3374,"length":49.963,"mcpPosition":[8.86625,269.087,-16.8154],"pipPosition":[-11.142,267.84,-45.4759],"stabilizedTipPosition":[-27.8191,240.435,-34.7975],"timeVisible":0.244036,"tipPosition":[-27.0493,243.616,-37.2904],"tipVelocity":[101.059,337.692,-207.013],"tool":false,"touchDistance":0.333333,"touchZone":"none","type":4,"width":15.8833}],"r":[[0.951692,-0.00419528,0.307026],[-0.0857801,0.956463,0.278962],[-0.29483,-0.291823,0.909898]],"s":1.05198,"t":[35.9732,118.573,-61.6606],"timestamp":15144921880},false],[6,{"currentFrameRate":110.405,"devices":[],"gestures":[],"hands":[{"armBasis":[[0.88722,-0.253948,-0.385163],[0.387498,0.863277,0.323418],[0.250371,-0.436193,0.864321]],"armWidth":63.029,"confidence":0.49054,"direction":[-0.0297538,0.776702,-0.629165],"elbow":[53.4209,115.946,265.759],"grabStrength":0,"id":337,"palmNormal":[-0.450499,-0.572309,-0.68521],"palmPosition":[-23.6885,273.466,1.1549],"palmVelocity":[93.0019,331.324,-234.317],"palmWidth":90.0033,"pinchStrength":0.665468,"r":[[0.951077,-0.00534286,0.308909],[-0.0860235,0.955732,0.281381],[-0.296738,-0.294189,0.908515]],"s":1.05465,"sphereCenter":[-27.0653,252.488,-52.5895],"sphereRadius":54.3154,"stabilizedPalmPosition":[-24.6619,270.495,3.4535],"t":[36.8441,121.217,-63.7103],"timeVisible":0.25319,"type":"right","wrist":[-13.4463,232.441,34.9227]}],"id":1147206,"interactionBox":{"center":[0,200,0],"size":[235.247,235.247,147.751]},"pointables":[{"bases":[[[0.756184,0.557598,0.342448],[-0.505021,0.164527,0.847281],[0.4161,-0.813643,0.406011]],[[0.548498,0.819127,0.167872],[-0.664942,0.305582,0.681522],[0.506954,-0.485439,0.712283]],[[0.548498,0.819127,0.167872],[-0.755233,0.399167,0.519893],[0.358849,-0.411943,0.837574]],[[0.548498,0.819127,0.167872],[-0.835676,0.530248,0.143121],[0.0282206,-0.218789,0.975364]]],"btipPosition":[-81.1069,274.043,-45.9179],"carpPosition":[-43.3196,231.116,40.0794],"dipPosition":[-80.4536,268.978,-23.3384],"direction":[-0.358849,0.411943,-0.837574],"extended":false,"handId":337,"id":3370,"length":51.5512,"mcpPosition":[-43.3196,231.116,40.0794],"pipPosition":[-68.3511,255.085,4.90949],"stabilizedTipPosition":[-82.592,268.863,-37.1272],"timeVisible":0.25319,"tipPosition":[-80.8876,273.925,-40.5275],"tipVelocity":[110.166,288.962,-246.14],"tool":false,"touchDistance":0.159663,"touchZone":"hovering","type":0,"width":20.0304},{"bases":[[[0.874618,-0.128906,-0.46736],[0.41894,0.68611,0.594763],[0.243992,-0.715986,0.654088]],[[0.903214,-0.247624,-0.350551],[0.399708,0.782816,0.476899],[0.156325,-0.57086,0.806028]],[[0.903214,-0.247624,-0.350551],[0.358523,0.884312,0.299089],[0.235935,-0.395822,0.887502]],[[0.903214,-0.247624,-0.350551],[0.316588,0.935877,0.154617],[0.289786,-0.250633,0.923692]]],"btipPosition":[-62.7401,338.37,-74.9364],"carpPosition":[-27.8028,248.307,43.7456],"dipPosition":[-57.8426,334.134,-59.3257],"direction":[-0.235935,0.395822,-0.887502],"extended":true,"handId":337,"id":3371,"length":58.1698,"mcpPosition":[-45.5585,300.411,-3.85364],"pipPosition":[-52.2018,324.67,-38.107],"stabilizedTipPosition":[-62.0646,335.559,-70.2741],"timeVisible":0.25319,"tipPosition":[-61.3098,336.026,-71.7248],"tipVelocity":[99.3899,413.349,-201.642],"tool":false,"touchDistance":0.273884,"touchZone":"hovering","type":1,"width":19.133},{"bases":[[[0.815222,-0.339517,-0.469193],[0.566028,0.638554,0.521403],[0.122579,-0.690636,0.712739]],[[0.817199,-0.35128,-0.456933],[0.13013,0.88478,-0.44747],[0.561473,0.306212,0.768754]],[[0.817199,-0.35128,-0.456933],[-0.503376,-0.0488778,-0.862684],[0.28071,0.934994,-0.216769]],[[0.817199,-0.35128,-0.456933],[-0.571022,-0.601067,-0.559153],[-0.0782283,0.717858,-0.69178]]],"btipPosition":[-58.3723,241.746,-28.1485],"carpPosition":[-16.7014,248.327,38.7348],"dipPosition":[-59.8264,255.089,-41.0075],"direction":[-0.28071,-0.934994,0.216769],"extended":false,"handId":337,"id":3372,"length":66.2798,"mcpPosition":[-25.1608,295.988,-10.4523],"pipPosition":[-51.9306,281.389,-47.1048],"stabilizedTipPosition":[-59.6421,241.248,-28.5962],"timeVisible":0.25319,"tipPosition":[-59.1797,245.208,-32.2374],"tipVelocity":[96.1085,337.185,-228.63],"tool":false,"touchDistance":0.333333,"touchZone":"none","type":2,"width":18.7912},{"bases":[[[0.77937,-0.484613,-0.397155],[0.626445,0.590323,0.509004],[-0.0122203,-0.645498,0.763664]],[[0.779335,-0.486328,-0.395123],[0.358281,0.863177,-0.355754],[0.514074,0.135687,0.846946]],[[0.779335,-0.486328,-0.395123],[-0.359023,0.170242,-0.917671],[0.513556,0.857031,-0.0419273]],[[0.779335,-0.486328,-0.395123],[-0.599024,-0.393203,-0.69754],[0.18387,0.780305,-0.597759]]],"btipPosition":[-45.8718,241.444,-39.6045],"carpPosition":[-6.43897,245.35,32.9472],"dipPosition":[-42.4736,255.865,-50.652],"direction":[-0.513556,-0.857031,0.0419273],"extended":false,"handId":337,"id":3373,"length":63.7298,"mcpPosition":[-5.68179,285.346,-14.37],"pipPosition":[-28.4014,279.349,-51.8008],"stabilizedTipPosition":[-46.0695,241.281,-39.7777],"timeVisible":0.25319,"tipPosition":[-45.1882,244.971,-42.5792],"tipVelocity":[94.5969,323.359,-213.163],"tool":false,"touchDistance":0.333333,"touchZone":"none","type":3,"width":17.881},{"bases":[[[0.658425,-0.646898,-0.384706],[0.736482,0.448399,0.50649],[-0.155146,-0.616815,0.771666]],[[0.668615,-0.596204,-0.444403],[0.462992,0.801433,-0.378607],[0.581886,0.0473871,0.811889]],[[0.668615,-0.596204,-0.444403],[-0.392066,0.225168,-0.891955],[0.631853,0.77061,-0.0832]],[[0.668615,-0.596204,-0.444403],[-0.694714,-0.287699,-0.659243],[0.265189,0.749513,-0.606551]]],"btipPosition":[-27.4112,242.263,-35.6811],"carpPosition":[0.7878,236.23,25.0241],"dipPosition":[-22.8898,255.042,-46.0227],"direction":[-0.631853,-0.77061,0.0832],"extended":false,"handId":337,"id":3374,"length":49.963,"mcpPosition":[9.68641,271.608,-19.2359],"pipPosition":[-10.6655,269.95,-47.6324],"stabilizedTipPosition":[-27.1245,242.722,-36.3626],"timeVisible":0.25319,"tipPosition":[-26.3834,245.829,-38.9289],"tipVelocity":[93.5827,310.243,-197.513],"tool":false,"touchDistance":0.333333,"touchZone":"none","type":4,"width":15.