{"sensorType":"Leap","data":[[0,{"currentFrameRate":109.087,"devices":[],"gestures":[],"hands":[{"armBasis":[[0.819466,-0.315602,-0.478405],[0.476699,0.838727,0.263239],[0.318172,-0.443771,0.837755]],"armWidth":63.029,"confidence":0.560477,"direction":[0.0805733,0.776926,-0.624415],"elbow":[52.5163,105.089,271.516],"grabStrength":0,"id":336,"palmNormal":[-0.510579,-0.505851,-0.695287],"palmPosition":[-36.7914,265.772,14.1343],"palmVelocity":[77.8563,342.15,-244.088],"palmWidth":90.0033,"pinchStrength":0.690419,"r":[[0.977391,-0.160021,0.138202],[0.15433,0.986701,0.0510294],[-0.14453,-0.028547,0.989089]],"s":1.12437,"sphereCenter":[-50.8564,248.603,-36.9748],"sphereRadius":51.1592,"stabilizedPalmPosition":[-37.7599,261.963,16.9115],"t":[38.4457,152.628,-85.1142],"timeVisible":0.280278,"type":"right","wrist":[-32.4587,223.608,47.7744]}],"id":1146807,"interactionBox":{"center":[0,200,0],"size":[235.247,235.247,147.751]},"pointables":[{"bases":[[[0.816869,0.453218,0.356817],[-0.492049,0.224681,0.841074],[0.30102,-0.862619,0.406541]],[[0.579893,0.805176,0.12416],[-0.570903,0.292896,0.766995],[0.5812,-0.515659,0.629526]],[[0.579893,0.805176,0.12416],[-0.772569,0.495116,0.397488],[0.258574,-0.326423,0.909169]],[[0.579893,0.805176,0.12416],[-0.80621,0.545218,0.2297],[0.117254,-0.2333,0.965309]]],"btipPosition":[-102.458,268.015,-31.5959],"carpPosition":[-62.3255,226.144,52.497],"dipPosition":[-99.7437,262.615,-9.24917],"direction":[-0.258574,0.326423,-0.909169],"extended":false,"handId":336,"id":3360,"length":51.5512,"mcpPosition":[-62.3255,226.144,52.497],"pipPosition":[-91.023,251.606,21.4133],"stabilizedTipPosition":[-103.606,262.731,-22.3895],"timeVisible":0.280278,"tipPosition":[-102.125,267.375,-26.1445],"tipVelocity":[119.292,325.93,-291.877],"tool":false,"touchDistance":0.163838,"touchZone":"hovering","type":0,"width":20.0304},{"bases":[[[0.857423,-0.239066,-0.455711],[0.495391,0.623204,0.605149],[0.139331,-0.744624,0.65278]],[[0.864217,-0.283137,-0.415887],[0.433921,0.837828,0.331296],[0.254639,-0.466774,0.846924]],[[0.864217,-0.283137,-0.415887],[0.403546,0.883756,0.236908],[0.300465,-0.37257,0.878016]],[[0.864217,-0.283137,-0.415887],[0.379066,0.909955,0.168202],[0.330814,-0.303011,0.893726]]],"btipPosition":[-78.5031,329.214,-63.0953],"carpPosition":[-44.768,241.161,56.4961],"dipPosition":[-72.9122,324.092,-47.9911],"direction":[-0.300465,0.37257,-0.878016],"extended":true,"handId":336,"id":3361,"length":58.1698,"mcpPosition":[-54.9073,295.349,8.99213],"pipPosition":[-65.7286,315.185,-26.9992],"stabilizedTipPosition":[-78.2252,325.792,-57.9739],"timeVisible":0.280278,"tipPosition":[-77.7743,326.229,-60.0552],"tipVelocity":[142.215,405.796,-248.022],"tool":false,"touchDistance":0.258553,"touchZone":"hovering","type":1,"width":19.133},{"bases":[[[0.771265,-0.440184,-0.45977],[0.636156,0.557315,0.533578],[0.0213643,-0.704015,0.709863]],[[0.771427,-0.446535,-0.45333],[0.0783652,0.773672,-0.628722],[0.631474,0.449488,0.631824]],[[0.771427,-0.446535,-0.45333],[-0.18996,0.518331,-0.833815],[0.607302,0.729342,0.315031]],[[0.771427,-0.446535,-0.45333],[-0.297407,0.376804,-0.87725],[0.562539,0.811557,0.157874]]],"btipPosition":[-92.8046,231.318,-39.2644],"carpPosition":[-33.6842,239.764,51.644],"dipPosition":[-82.348,246.404,-36.3298],"direction":[-0.607302,-0.729342,-0.315031],"extended":false,"handId":336,"id":3362,"length":66.2798,"mcpPosition":[-35.1585,288.349,2.65529],"pipPosition":[-65.2658,266.918,-27.4686],"stabilizedTipPosition":[-92.0388,231.628,-35.6663],"timeVisible":0.280278,"tipPosition":[-90.5611,235.74,-39.818],"tipVelocity":[124.238,326.279,-260.35],"tool":false,"touchDistance":0.200845,"touchZone":"hovering","type":2,"width":18.7912},{"bases":[[[0.715837,-0.57974,-0.389203],[0.68999,0.501716,0.521723],[-0.107195,-0.642015,0.759162]],[[0.716944,-0.57283,-0.397312],[0.228832,0.731721,-0.642044],[0.658504,0.369392,0.655685]],[[0.716944,-0.57283,-0.397312],[-0.0364879,0.53831,-0.841957],[0.696175,0.618133,0.365037]],[[0.716944,-0.57283,-0.397312],[-0.153922,0.425788,-0.891635],[0.679926,0.700407,0.217095]]],"btipPosition":[-77.9117,229.081,-44.0476],"carpPosition":[-23.8086,235.509,45.9835],"dipPosition":[-65.3457,242.025,-40.0354],"direction":[-0.696175,-0.618133,-0.365037],"extended":false,"handId":336,"id":3363,"length":63.7298,"mcpPosition":[-17.1668,275.288,-1.05471],"pipPosition":[-46.2694,258.963,-30.0328],"stabilizedTipPosition":[-76.6337,229.026,-40.5837],"timeVisible":0.280278,"tipPosition":[-74.9344,232.844,-44.0587],"tipVelocity":[120.301,308.13,-228.041],"tool":false,"touchDistance":0.21239,"touchZone":"hovering","type":3,"width":17.881},{"bases":[[[0.574707,-0.725025,-0.37954],[0.78073,0.346732,0.519843],[-0.245301,-0.595076,0.765318]],[[0.541417,-0.790713,-0.28573],[0.446707,0.558453,-0.698987],[0.712265,0.250806,0.655573]],[[0.541417,-0.790713,-0.28573],[0.172781,0.437238,-0.882592],[0.822809,0.428481,0.373349]],[[0.541417,-0.790713,-0.28573],[0.0423998,0.365096,-0.930004],[0.839685,0.491405,0.231195]]],"btipPosition":[-58.7849,234.256,-39.8857],"carpPosition":[-17.7073,225.565,38.1043],"dipPosition":[-44.4683,242.635,-35.9439],"direction":[-0.822809,-0.428481,-0.373349],"extended":false,"handId":336,"id":3364,"length":49.963,"mcpPosition":[-3.6377,259.696,-5.79163],"pipPosition":[-28.5497,250.924,-28.7208],"stabilizedTipPosition":[-57.0036,232.935,-36.4832],"timeVisible":0.280278,"tipPosition":[-55.2016,236.664,-39.782],"tipVelocity":[112.851,332.528,-237.029],"tool":false,"touchDistance":0.212602,"touchZone":"hovering","type":4,"width":15.8833}],"r":[[0.977391,-0.160021,0.138202],[0.15433,0.986701,0.0510294],[-0.14453,-0.028547,0.989089]],"s":1.12437,"t":[38.4457,152.628,-85.1142],"timestamp":15141270302},false],[1,{"currentFrameRate":109.219,"devices":[],"gestures":[],"hands":[{"armBasis":[[0.818205,-0.319587,-0.477918],[0.481058,0.835775,0.264693],[0.314839,-0.44648,0.837575]],"armWidth":63.029,"confidence":0.565933,"direction":[0.0850061,0.766301,-0.636834],"elbow":[52.4881,106.88,270.201],"grabStrength":0,"id":336,"palmNormal":[-0.509562,-0.515807,-0.688687],"palmPosition":[-35.6897,267.738,12.1626],"palmVelocity":[90.3002,308.994,-237.816],"palmWidth":90.0033,"pinchStrength":0.68932,"r":[[0.976586,-0.160275,0.143497],[0.154672,0.986727,0.0494581],[-0.149519,-0.0261051,0.988414]],"s":1.12716,"sphereCenter":[-49.6917,249.829,-38.6629],"sphereRadius":51.1312,"stabilizedPalmPosition":[-36.9595,264.196,15.0755],"t":[39.3435,154.945,-87.0752],"timeVisible":0.289197,"type":"right","wrist":[-31.5968,226.123,46.5079]}],"id":1146808,"interactionBox":{"center":[0,200,0],"size":[235.247,235.247,147.751]},"pointables":[{"bases":[[[0.816896,0.456744,0.35223],[-0.494376,0.239891,0.835491],[0.297108,-0.856643,0.421769]],[[0.581875,0.805381,0.113061],[-0.571999,0.30645,0.760859],[0.578133,-0.507396,0.638993]],[[0.581875,0.805381,0.113061],[-0.772653,0.504054,0.385923],[0.253827,-0.311916,0.915577]],[[0.581875,0.805381,0.113061],[-0.805502,0.551537,0.216735],[0.112197,-0.217183,0.969661]]],"btipPosition":[-101.177,269.421,-33.7962],"carpPosition":[-61.4727,228.82,51.0809],"dipPosition":[-98.5793,264.393,-11.3488],"direction":[-0.253827,0.311916,-0.915577],"extended":false,"handId":336,"id":3360,"length":51.5512,"mcpPosition":[-61.4727,228.82,51.0809],"pipPosition":[-90.0188,253.873,19.5299],"stabilizedTipPosition":[-102.595,264.579,-24.4751],"timeVisible":0.289197,"tipPosition":[-100.863,268.85,-28.3557],"tipVelocity":[125.112,282.677,-278.86],"tool":false,"touchDistance":0.134426,"touchZone":"hovering","type":0,"width":20.0304},{"bases":[[[0.858342,-0.248948,-0.448636],[0.49503,0.6317,0.596574],[0.134888,-0.734153,0.665451]],[[0.864847,-0.292191,-0.408245],[0.435365,0.841437,0.320065],[0.249992,-0.454543,0.854924]],[[0.864847,-0.292191,-0.408245],[0.405243,0.886308,0.224136],[0.29634,-0.359282,0.884929]],[[0.864847,-0.292191,-0.408245],[0.380873,0.91165,0.154371],[0.327071,-0.288997,0.899725]]],"btipPosition":[-76.9389,330.068,-66.225],"carpPosition":[-43.8865,243.851,54.8951],"dipPosition":[-71.4113,325.183,-51.0194],"direction":[-0.29634,0.359282,-0.884929],"extended":true,"handId":336,"id":3361,"length":58.1698,"mcpPosition":[-53.7025,297.277,6.46906],"pipPosition":[-64.3264,316.594,-29.8622],"stabilizedTipPosition":[-76.9077,327.416,-60.4228],"timeVisible":0.289197,"tipPosition":[-76.2079,327.189,-63.126],"tipVelocity":[150.805,322.978,-275.342],"tool":false,"touchDistance":0.222773,"touchZone":"hovering","type":1,"width":19.133},{"bases":[[[0.771623,-0.449863,-0.44969],[0.635857,0.564247,0.526603],[0.0168369,-0.692278,0.721435]],[[0.771742,-0.455976,-0.443284],[0.0826885,0.76309,-0.640981],[0.630537,0.458017,0.626613]],[[0.771742,-0.455976,-0.443284],[-0.187188,0.503298,-0.843595],[0.607763,0.734015,0.303063]],[[0.771742,-0.455976,-0.443284],[-0.295393,0.360263,-0.884847],[0.563167,0.813816,0.143338]]],"btipPosition":[-91.5776,232.507,-40.7452],"carpPosition":[-32.7896,242.343,50.1064],"dipPosition":[-81.1093,247.635,-38.0808],"direction":[-0.607763,-0.734015,-0.303063],"extended":false,"handId":336,"id":3362,"length":66.2798,"mcpPosition":[-33.9516,290.118,0.319188],"pipPosition":[-64.0142,268.281,-29.5563],"stabilizedTipPosition":[-90.9007,233.357,-37.4381],"timeVisible":0.289197,"tipPosition":[-89.3269,236.893,-41.3532],"tipVelocity":[127.954,274.005,-236.547],"tool":false,"touchDistance":0.189115,"touchZone":"hovering","type":2,"width":18.7912},{"bases":[[[0.715546,-0.588081,-0.377033],[0.689574,0.508308,0.515859],[-0.111717,-0.629113,0.769244]],[[0.716684,-0.581419,-0.385118],[0.232529,0.719841,-0.654033],[0.657491,0.379184,0.651095]],[[0.716684,-0.581419,-0.385118],[-0.0340156,0.522421,-0.852009],[0.696568,0.623721,0.354633]],[[0.716684,-0.581419,-0.385118],[-0.152072,0.408645,-0.899935],[0.680616,0.703535,0.204452]]],"btipPosition":[-76.708,230.097,-45.382],"carpPosition":[-22.9064,237.968,44.5522],"dipPosition":[-64.1292,243.099,-41.6034],"direction":[-0.696568,-0.623721,-0.354633],"extended":false,"handId":336,"id":3363,"length":63.7298,"mcpPosition":[-15.9843,276.948,-3.11069],"pipPosition":[-45.0422,260.19,-31.8859],"stabilizedTipPosition":[-75.4782,230.691,-42.1944],"timeVisible":0.289197,"tipPosition":[-73.7267,233.848,-45.4564],"tipVelocity":[124.385,255.615,-208.312],"tool":false,"touchDistance":0.202716,"touchZone":"hovering","type":3,"width":17.881},{"bases":[[[0.573968,-0.732791,-0.365485],[0.779876,0.353061,0.516857],[-0.249709,-0.581692,0.774132]],[[0.540261,-0.79667,-0.27099],[0.448258,0.545,-0.708547],[0.712168,0.261327,0.651556]],[[0.540261,-0.79667,-0.27099],[0.169702,0.418565,-0.892191],[0.824208,0.436028,0.36133]],[[0.540261,-0.79667,-0.27099],[0.0375803,0.344554,-0.938014],[0.840658,0.496588,0.216088]]],"btipPosition":[-57.6707,235.2,-41.0051],"carpPosition":[-16.8057,227.878,36.8598],"dipPosition":[-43.3376,243.666,-37.3209],"direction":[-0.824208,-0.436028,-0.36133],"extended":false,"handId":336,"id":3364,"length":49.963,"mcpPosition":[-2.48324,261.242,-7.54164],"pipPosition":[-27.3919,252.102,-30.3303],"stabilizedTipPosition":[-55.9143,234.68,-38.0054],"timeVisible":0.289197,"tipPosition":[-54.0694,237.64,-41.0233],"tipVelocity":[116.256,271.365,-208.452],"tool":false,"touchDistance":0.208266,"touchZone":"hovering","type":4,"width":15.8833}],"r":[[0.976586,-0.160275,0.143497],[0.154672,0.986727,0.0494581],[-0.149519,-0.0261051,0.988414]],"s":1.12716,"t":[39.3435,154.945,-87.0752],"timestamp":15141279221},false],[2,{"currentFrameRate":109.275,"devices":[],"gestures":[],"hands":[{"armBasis":[[0.810477,-0.34418,-0.47399],[0.500041,0.827975,0.253802],[0.305099,-0.442715,0.84316]],"armWidth":63.029,"confidence":0.566562,"direction":[0.0951982,0.75829,-0.644929],"elbow":[50.579,110.249,269.292],"grabStrength":0,"id":336,"palmNormal":[-0.525327,-0.512043,-0.679591],"palmPosition":[-34.4397,269.844,9.39155],"palmVelocity":[103.489,287.929,-256.671],"palmWidth":90.0033,"pinchStrength":0.682787,"r":[[0.975502,-0.164111,0.146506],[0.158999,0.986205,0.0460336],[-0.152039,-0.0216116,0.988138]],"s":1.1298,"sphereCenter":[-49.3706,251.852,-41.0486],"sphereRadius":51.0684,"stabilizedPalmPosition":[-36.0295,266.28,12.9776],"t":[40.4173,157.156,-89.4412],"timeVisible":0.298248,"type":"right","wrist":[-30.9043,228.486,44.108]}],"id":1146809,"interactionBox":{"center":[0,200,0],"size":[235.247,235.247,147.751]},"pointables":[{"bases":[[[0.828693,0.443587,0.341318],[-0.482719,0.257789,0.836975],[0.283284,-0.858356,0.427756]],[[0.599174,0.794229,0.100946],[-0.557301,0.323226,0.764814],[0.574809,-0.514515,0.636293]],[[0.599174,0.794229,0.100946],[-0.758888,0.523236,0.387702],[0.255106,-0.308908,0.916241]],[[0.599174,0.794229,0.100946],[-0.79243,0.570327,0.216291],[0.114212,-0.209589,0.971096]]],"btipPosition":[-100.312,272.502,-35.91],"carpPosition":[-60.6824,231.827,48.8895],"dipPosition":[-97.668,267.65,-13.4293],"direction":[-0.255106,0.308908,-0.916241],"extended":false,"handId":336,"id":3360,"length":51.5512,"mcpPosition":[-60.6824,231.827,48.8895],"pipPosition":[-89.0643,257.232,17.4717],"stabilizedTipPosition":[-101.657,266.788,-26.5074],"timeVisible":0.298248,"tipPosition":[-99.9274,271.905,-30.5392],"tipVelocity":[117.279,299.849,-266.123],"tool":false,"touchDistance":0.11833,"touchZone":"hovering","type":0,"width":20.0304},{"bases":[[[0.849538,-0.270448,-0.452927],[0.512376,0.627316,0.586468],[0.125519,-0.730296,0.6715]],[[0.855487,-0.313285,-0.412303],[0.454757,0.835353,0.308838],[0.247664,-0.451705,0.857103]],[[0.855487,-0.313285,-0.412303],[0.424631,0.88012,0.212315],[0.296361,-0.356709,0.885962]],[[0.855487,-0.313285,-0.412303],[0.400083,0.905382,0.142185],[0.328747,-0.286593,0.899883]]],"btipPosition":[-75.069,332.251,-69.262],"carpPosition":[-42.7685,246.538,52.4183],"dipPosition":[-69.513,327.407,-54.0537],"direction":[-0.296361,0.356709,-0.885962],"extended":true,"handId":336,"id":3361,"length":58.1698,"mcpPosition":[-51.9027,299.683,3.55206],"pipPosition":[-62.4276,318.879,-32.8718],"stabilizedTipPosition":[-75.4172,329.195,-62.9772],"timeVisible":0.298248,"tipPosition":[-74.3554,329.419,-66.1372],"tipVelocity":[166.399,300.7,-291.932],"tool":false,"touchDistance":0.185277,"touchZone":"hovering","type":1,"width":19.133},{"bases":[[[0.758807,-0.46958,-0.451338],[0.651256,0.556377,0.516053],[0.00878577,-0.685521,0.727999]],[[0.758855,-0.475447,-0.445072],[0.0913933,0.754383,-0.650041],[0.644815,0.45261,0.61592]],[[0.758855,-0.475447,-0.445072],[-0.188173,0.494184,-0.848748],[0.623482,0.727827,0.285547]],[[0.758855,-0.475447,-0.445072],[-0.300307,0.350953,-0.886932],[0.577889,0.806711,0.123542]]],"btipPosition":[-91.3719,235.023,-42.3769],"carpPosition":[-31.743,244.761,47.5574],"dipPosition":[-80.63,250.018,-40.0804],"direction":[-0.623482,-0.727827,-0.285547],"extended":false,"handId":336,"id":3362,"length":66.2798,"mcpPosition":[-32.3493,292.07,-2.68291],"pipPosition":[-63.0926,270.491,-32.0486],"stabilizedTipPosition":[-90.1303,235.328,-39.1374],"timeVisible":0.298248,"tipPosition":[-89.0569,239.367,-43.0841],"tipVelocity":[100.841,274.157,-223.601],"tool":false,"touchDistance":0.175714,"touchZone":"hovering","type":2,"width":18.7912},{"bases":[[[0.700562,-0.605939,-0.376897],[0.703753,0.499269,0.505432],[-0.118088,-0.619329,0.7762]],[[0.701713,-0.599687,-0.384675],[0.240659,0.7077,-0.664262],[0.670584,0.373545,0.640922]],[[0.701713,-0.599687,-0.384675],[-0.0349866,0.510269,-0.859303],[0.711601,0.616442,0.337081]],[[0.701713,-0.599687,-0.384675],[-0.156975,0.396522,-0.904505],[0.694952,0.695087,0.184109]]],"btipPosition":[-76.6568,232.262,-47.0902],"carpPosition":[-21.9944,240.135,41.9685],"dipPosition":[-63.8131,245.108,-43.6876],"direction":[-0.711601,-0.616442,-0.337081],"extended":false,"handId":336,"id":3363,"length":63.7298,"mcpPosition":[-14.6776,278.509,-6.12541],"pipPosition":[-44.3141,262,-34.451],"stabilizedTipPosition":[-74.7745,232.485,-43.8246],"timeVisible":0.298248,"tipPosition":[-73.6141,235.977,-47.2926],"tipVelocity":[93.4846,250.005,-205.546],"tool":false,"touchDistance":0.184085,"touchZone":"hovering","type":3,"width":17.881},{"bases":[[[0.556211,-0.747656,-0.362824],[0.790933,0.342255,0.507235],[-0.255059,-0.569098,0.781711]],[[0.522029,-0.809883,-0.267537],[0.453274,0.529132,-0.71733],[0.722515,0.2532,0.643321]],[[0.522029,-0.809883,-0.267537],[0.167934,0.405124,-0.898706],[0.836232,0.424222,0.347493]],[[0.522029,-0.809883,-0.267537],[0.0327887,0.332492,-0.942536],[0.852297,0.483259,0.200125]]],"btipPosition":[-57.5104,237.19,-43.1446],"carpPosition":[-16.1593,229.851,34.3271],"dipPosition":[-42.9788,245.43,-39.7325],"direction":[-0.836232,-0.424222,-0.347493],"extended":false,"handId":336,"id":3364,"length":49.963,"mcpPosition":[-1.53,262.493,-10.509],"pipPosition":[-26.8005,253.637,-33.0097],"stabilizedTipPosition":[-55.2219,236.427,-39.732],"timeVisible":0.298248,"tipPosition":[-53.8717,239.555,-43.2268],"tipVelocity":[90.4581,255.578,-218.066],"tool":false,"touchDistance":0.181447,"touchZone":"hovering","type":4,"width":15.8833}],"r":[[0.975502,-0.164111,0.146506],[0.158999,0.986205,0.0460336],[-0.152039,-0.0216116,0.988138]],"s":1.1298,"t":[40.4173,157.156,-89.4412],"timestamp":15141288272},false],[3,{"currentFrameRate":109.291,"devices":[],"gestures":[],"hands":[{"armBasis":[[0.804651,-0.34877,-0.480517],[0.509425,0.821249,0.256977],[0.304998,-0.451564,0.838491]],"armWidth":63.029,"confidence":0.409894,"direction":[0.105685,0.761041,-0.640037],"elbow":[50.1108,111.418,265.036],"grabStrength":0,"id":336,"palmNormal":[-0.530643,-0.501176,-0.68355],"palmPosition":[-34.3091,273.633,6.63626],"palmVelocity":[78.7229,323.323,-269.274],"palmWidth":90.0033,"pinchStrength":0.670423,"r":[[0.97415,-0.169793,0.149005],[0.164917,0.985299,0.0445837],[-0.154385,-0.0188576,0.987831]],"s":1.13461,"sphereCenter":[-49.6779,256.35,-43.7376],"sphereRadius":50.9812,"stabilizedPalmPosition":[-35.4186,268.891,10.7258],"t":[41.0195,160.156,-92.0018],"timeVisible":0.30737,"type":"right","wrist":[-31.3457,232.018,41.0987]}],"id":1146810,"interactionBox":{"center":[0,200,0],"size":[235.247,235.247,147.751]},"pointables":[{"bases":[[[0.833653,0.431033,0.345303],[-0.48075,0.258598,0.837858],[0.27185,-0.864487,0.4228]],[[0.609415,0.785569,0.107214],[-0.551526,0.322882,0.769134],[0.56959,-0.527853,0.630031]],[[0.609415,0.785569,0.107214],[-0.752148,0.530048,0.391565],[0.250772,-0.319267,0.913883]],[[0.609415,0.785569,0.107214],[-0.78544,0.579728,0.216792],[0.108149,-0.216327,0.970313]]],"btipPosition":[-100.172,277.542,-38.5355],"carpPosition":[-61.0869,235.703,45.8572],"dipPosition":[-97.6687,272.534,-16.0729],"direction":[-0.250772,0.319267,-0.913883],"extended":false,"handId":336,"id":3360,"length":51.5512,"mcpPosition":[-61.0869,235.703,45.8572],"pipPosition":[-89.2112,261.766,14.7486],"stabilizedTipPosition":[-100.988,269.905,-28.7351],"timeVisible":0.30737,"tipPosition":[-99.753,276.816,-33.2568],"tipVelocity":[87.9763,368.91,-272.275],"tool":false,"touchDistance":0.116954,"touchZone":"hovering","type":0,"width":20.0304},{"bases":[[[0.846787,-0.278245,-0.453356],[0.519281,0.61718,0.591131],[0.115324,-0.735981,0.667107]],[[0.852102,-0.321034,-0.413351],[0.46488,0.827072,0.315971],[0.240433,-0.461398,0.853993]],[[0.852102,-0.321034,-0.413351],[0.435269,0.87324,0.219072],[0.290625,-0.36659,0.883826]],[[0.852102,-0.321034,-0.413351],[0.410947,0.899474,0.148559],[0.324106,-0.296452,0.898372]]],"btipPosition":[-74.0315,337.107,-71.6476],"carpPosition":[-42.9957,250.165,49.5043],"dipPosition":[-68.554,332.097,-56.4648],"direction":[-0.290625,0.36659,-0.883826],"extended":true,"handId":336,"id":3361,"length":58.1698,"mcpPosition":[-51.388,303.724,0.957646],"pipPosition":[-61.6056,323.332,-35.3341],"stabilizedTipPosition":[-74.2009,332.303,-65.3579],"timeVisible":0.30737,"tipPosition":[-73.3339,334.288,-68.5383],"tipVelocity":[151.224,363.869,-283.666],"tool":false,"touchDistance":0.178022,"touchZone":"hovering","type":1,"width":19.133},{"bases":[[[0.753567,-0.476231,-0.453146],[0.65737,0.544946,0.520478],[-0.000927301,-0.6901,0.723713]],[[0.753533,-0.48194,-0.447126],[0.0981019,0.75495,-0.648403],[0.650049,0.44473,0.616159]],[[0.753533,-0.48194,-0.447126],[-0.190884,0.490436,-0.850315],[0.629087,0.72609,0.277565]],[[0.753533,-0.48194,-0.447126],[-0.306243,0.344501,-0.887431],[0.581724,0.805638,0.112002]]],"btipPosition":[-91.4229,239.303,-44.5623],"carpPosition":[-31.9858,248.281,44.6485],"dipPosition":[-80.6097,254.279,-42.4804],"direction":[-0.629087,-0.72609,-0.277565],"extended":false,"handId":336,"id":3362,"length":66.2798,"mcpPosition":[-31.9218,295.906,-5.29598],"pipPosition":[-62.9147,274.702,-34.673],"stabilizedTipPosition":[-89.6736,238.165,-41.0286],"timeVisible":0.30737,"tipPosition":[-89.0967,243.715,-45.4097],"tipVelocity":[71.78,328.197,-229.541],"tool":false,"touchDistance":0.166783,"touchZone":"hovering","type":2,"width":18.7912},{"bases":[[[0.693503,-0.61231,-0.379644],[0.709165,0.487253,0.509578],[-0.127037,-0.622625,0.77214]],[[0.694389,-0.607864,-0.385129],[0.232379,0.695945,-0.679456],[0.681046,0.382311,0.624512]],[[0.694389,-0.607864,-0.385129],[-0.0682638,0.477141,-0.876171],[0.716354,0.634695,0.289827]],[[0.694389,-0.607864,-0.385129],[-0.197294,0.353869,-0.914249],[0.692025,0.710829,0.125795]]],"btipPosition":[-76.9337,234.721,-46.6641],"carpPosition":[-22.2873,243.568,39.0452],"dipPosition":[-64.1442,247.858,-44.3392],"direction":[-0.716354,-0.634695,-0.289827],"extended":false,"handId":336,"id":3363,"length":63.7298,"mcpPosition":[-14.416,282.146,-8.79715],"pipPosition":[-44.5149,265.25,-36.3975],"stabilizedTipPosition":[-74.455,234.632,-44.7659],"timeVisible":0.30737,"tipPosition":[-73.8162,239.005,-47.7484],"tipVelocity":[58.7103,257.465,-143.033],"tool":false,"touchDistance":0.204899,"touchZone":"hovering","type":3,"width":17.881},{"bases":[[[0.547367,-0.752292,-0.366669],[0.794369,0.32915,0.510528],[-0.263376,-0.570717,0.777763]],[[0.512399,-0.814476,-0.272168],[0.459879,0.527915,-0.714015],[0.725229,0.240696,0.645064]],[[0.512399,-0.814476,-0.272168],[0.168983,0.406371,-0.897946],[0.841957,0.414116,0.345856]],[[0.512399,-0.814476,-0.272168],[0.0312952,0.334436,-0.941899],[0.858177,0.474111,0.196854]]],"btipPosition":[-57.7496,241.48,-45.8705],"carpPosition":[-16.5695,233.26,31.3483],"dipPosition":[-43.1178,249.564,-42.5142],"direction":[-0.841957,-0.414116,-0.345856],"extended":false,"handId":336,"id":3364,"length":49.963,"mcpPosition":[-1.46321,265.994,-13.2614],"pipPosition":[-26.8287,257.576,-35.823],"stabilizedTipPosition":[-54.8997,239.086,-41.7963],"timeVisible":0.30737,"tipPosition":[-54.0834,243.817,-45.9851],"tipVelocity":[58.7553,314.122,-240.886],"tool":false,"touchDistance":0.157529,"touchZone":"hovering","type":4,"width":15.8833}],"r":[[0.97415,-0.169793,0.149005],[0.164917,0.985299,0.0445837],[-0.154385,-0.0188576,0.987831]],"s":1.13461,"t":[41.0195,160.156,-92.0018],"timestamp":15141297394},false],[4,{"currentFrameRate":109.403,"devices":[],"gestures":[],"hands":[{"armBasis":[[0.811515,-0.340694,-0.474733],[0.501618,0.822878,0.266931],[0.299705,-0.454753,0.838676]],"armWidth":63.029,"confidence":0.418381,"direction":[0.113918,0.765776,-0.632938],"elbow":[49.1117,112.226,263.002],"grabStrength":0,"id":336,"palmNormal":[-0.517517,-0.498084,-0.695764],"palmPosition":[-33.4522,275.52,4.79439],"palmVelocity":[83.3968,292.683,-251.997],"palmWidth":90.0033,"pinchStrength":0.652041,"r":[[0.972636,-0.173926,0.154039],[0.168883,0.984593,0.0453404],[-0.159552,-0.0180851,0.987024]],"s":1.14097,"sphereCenter":[-48.2649,258.803,-45.7577],"sphereRadius":50.9221,"stabilizedPalmPosition":[-34.7617,271.106,8.74433],"t":[41.7491,162.6,-94.2031],"timeVisible":0.316311,"type":"right","wrist":[-30.9312,233.678,39.0152]}],"id":1146811,"interactionBox":{"center":[0,200,0],"size":[235.247,235.247,147.751]},"pointables":[{"bases":[[[0.826366,0.431226,0.362165],[-0.495527,0.251299,0.831446],[0.267529,-0.866541,0.421349]],[[0.605423,0.786316,0.123163],[-0.561204,0.312022,0.766611],[0.564369,-0.533244,0.630189]],[[0.605423,0.786316,0.123163],[-0.759041,0.523879,0.386533],[0.239415,-0.327502,0.914015]],[[0.605423,0.786316,0.123163],[-0.790402,0.575833,0.208998],[0.0934172,-0.223881,0.970129]]],"btipPosition":[-98.8632,279.794,-41.1006],"carpPosition":[-60.7597,237.237,43.3001],"dipPosition":[-96.7006,274.612,-18.6423],"direction":[-0.239415,0.327502,-0.914015],"extended":false,"handId":336,"id":3360,"length":51.5512,"mcpPosition":[-60.7597,237.237,43.3001],"pipPosition":[-88.6261,263.566,12.1837],"stabilizedTipPosition":[-100.172,272.614,-30.9773],"timeVisible":0.316311,"tipPosition":[-98.3989,278.894,-35.9525],"tipVelocity":[101.538,335.749,-276.296],"tool":false,"touchDistance":0.104272,"touchZone":"hovering","type":0,"width":20.0304},{"bases":[[[0.855144,-0.272466,-0.441012],[0.507328,0.614689,0.603966],[0.106525,-0.740216,0.663877]],[[0.859858,-0.314626,-0.402064],[0.457295,0.824798,0.33255],[0.226993,-0.469808,0.853085]],[[0.859858,-0.314626,-0.402064],[0.429023,0.872189,0.235002],[0.276738,-0.374563,0.88494]],[[0.859858,-0.314626,-0.402064],[0.405624,0.899246,0.163788],[0.310023,-0.303921,0.900843]]],"btipPosition":[-72.033,339.654,-73.5978],"carpPosition":[-42.7788,251.73,47.3488],"dipPosition":[-66.7935,334.517,-58.3733],"direction":[-0.276738,0.374563,-0.88494],"extended":true,"handId":336,"id":3361,"length":58.1698,"mcpPosition":[-50.5308,305.597,-0.962724],"pipPosition":[-60.1772,325.562,-37.2159],"stabilizedTipPosition":[-72.7239,335.004,-67.4328],"timeVisible":0.316311,"tipPosition":[-71.3511,336.839,-70.5072],"tipVelocity":[169.291,341.411,-265.475],"tool":false,"touchDistance":0.178217,"touchZone":"hovering","type":1,"width":19.133},{"bases":[[[0.762573,-0.470737,-0.443722],[0.646812,0.543376,0.535142],[-0.0108035,-0.695089,0.718842]],[[0.762463,-0.476245,-0.437997],[0.103122,0.757723,-0.644377],[0.638762,0.446146,0.626847]],[[0.762463,-0.476245,-0.437997],[-0.19179,0.48016,-0.855957],[0.617954,0.736639,0.274765]],[[0.762463,-0.476245,-0.437997],[-0.308707,0.327157,-0.893123],[0.568639,0.816185,0.102425]]],"btipPosition":[-89.3441,240.72,-46.4622],"carpPosition":[-31.6832,249.914,42.6653],"dipPosition":[-78.7741,255.891,-44.5583],"direction":[-0.617954,-0.736639,-0.274765],"extended":false,"handId":336,"id":3362,"length":66.2798,"mcpPosition":[-30.9376,297.883,-6.94302],"pipPosition":[-61.3923,276.611,-36.8297],"stabilizedTipPosition":[-88.6633,240.377,-42.8569],"timeVisible":0.316311,"tipPosition":[-87.0854,245.249,-47.4659],"tipVelocity":[113.957,283.219,-226.134],"tool":false,"touchDistance":0.155339,"touchZone":"hovering","type":2,"width":18.7912},{"bases":[[[0.701727,-0.607508,-0.372172],[0.698968,0.48592,0.524715],[-0.137923,-0.628343,0.765612]],[[0.702478,-0.604033,-0.37639],[0.230413,0.693392,-0.682728],[0.673376,0.392876,0.626269]],[[0.702478,-0.604033,-0.37639],[-0.0798953,0.458584,-0.885052],[0.707207,0.651801,0.273886]],[[0.702478,-0.604033,-0.37639],[-0.211088,0.328229,-0.92071],[0.679682,0.72623,0.103069]]],"btipPosition":[-75.0314,235.557,-47.3327],"carpPosition":[-21.8772,245.269,37.193],"dipPosition":[-62.4699,248.978,-45.4279],"direction":[-0.707207,-0.651801,-0.273886],"extended":false,"handId":336,"id":3363,"length":63.7298,"mcpPosition":[-13.3314,284.202,-10.2449],"pipPosition":[-43.0913,266.839,-37.923],"stabilizedTipPosition":[-73.5044,236.281,-45.6409],"timeVisible":0.316311,"tipPosition":[-71.9588,239.993,-48.667],"tipVelocity":[99.1746,214.684,-127.348],"tool":false,"touchDistance":0.206161,"touchZone":"hovering","type":3,"width":17.881},{"bases":[[[0.555848,-0.74803,-0.362607],[0.784654,0.328081,0.526005],[-0.274504,-0.5769,0.769308]],[[0.51984,-0.810495,-0.269934],[0.463762,0.533118,-0.707609],[0.71742,0.242659,0.653012]],[[0.51984,-0.810495,-0.269934],[0.167669,0.406641,-0.89807],[0.837648,0.421594,0.347283]],[[0.51984,-0.810495,-0.269934],[0.0281721,0.332077,-0.942831],[0.853799,0.482517,0.19546]]],"btipPosition":[-56.1089,243.251,-47.4934],"carpPosition":[-15.9982,235.033,29.5223],"dipPosition":[-41.5517,251.478,-44.1608],"direction":[-0.837648,-0.421594,-0.347283],"extended":false,"handId":336,"id":3364,"length":49.963,"mcpPosition":[-0.253658,268.122,-14.6024],"pipPosition":[-25.346,259.634,-37.442],"stabilizedTipPosition":[-54.1156,241.306,-43.6037],"timeVisible":0.316311,"tipPosition":[-52.403,245.702,-47.7438],"tipVelocity":[92.2941,283.441,-224.839],"tool":false,"touchDistance":0.149815,"touchZone":"hovering","type":4,"width":15.8833}],"r":[[0.972636,-0.173926,0.154039],[0.168883,0.984593,0.0453404],[-0.159552,-0.0180851,0.987024]],"s":1.14097,"t":[41.7491,162.6,-94.2031],"timestamp":15141306335},false],[5,{"currentFrameRate":109.394,"devices":[],"gestures":[],"hands":[{"armBasis":[[0.816073,-0.335586,-0.470539],[0.496397,0.823961,0.273274],[0.295999,-0.456586,0.838996]],"armWidth":63.029,"confidence":0.437187,"direction":[0.117132,0.764524,-0.633864],"elbow":[48.5773,112.142,262.44],"grabStrength":0,"id":336,"palmNormal":[-0.508695,-0.501982,-0.699459],"palmPosition":[-32.8242,275.824,4.00976],"palmVelocity":[79.2694,220.378,-205.658],"palmWidth":90.0033,"pinchStrength":0.632343,"r":[[0.971221,-0.176376,0.160064],[0.171187,0.984175,0.0457594],[-0.165602,-0.0170417,0.986045]],"s":1.14707,"sphereCenter":[-47.329,259.122,-46.5115],"sphereRadius":50.8731,"stabilizedPalmPosition":[-34.1374,272.626,7.21875],"t":[42.4279,163.974,-95.696],"timeVisible":0.325468,"type":"right","wrist":[-30.4758,234.084,38.3671]}],"id":1146812,"interactionBox":{"center":[0,200,0],"size":[235.247,235.247,147.751]},"pointables":[{"bases":[[[0.821068,0.435451,0.369092],[-0.50466,0.251563,0.825854],[0.266769,-0.864348,0.426305]],[[0.601609,0.788561,0.127426],[-0.566418,0.308653,0.764136],[0.563238,-0.531888,0.632344]],[[0.601609,0.788561,0.127426],[-0.763371,0.520595,0.38242],[0.235224,-0.32734,0.91516]],[[0.601609,0.788561,0.127426],[-0.793886,0.572608,0.204609],[0.0883817,-0.224256,0.970514]]],"btipPosition":[-98.1484,280.03,-42.2055],"carpPosition":[-60.3586,237.536,42.3491],"dipPosition":[-96.1024,274.839,-19.7382],"direction":[-0.235224,0.32734,-0.91516],"extended":false,"handId":336,"id":3360,"length":51.5512,"mcpPosition":[-60.3586,237.536,42.3491],"pipPosition":[-88.1692,263.799,11.1263],"stabilizedTipPosition":[-99.4165,274.498,-32.8124],"timeVisible":0.325468,"tipPosition":[-97.5866,278.991,-37.1654],"tipVelocity":[94.1815,249.311,-232.868],"tool":false,"touchDistance":0.0932185,"touchZone":"hovering","type":0,"width":20.0304},{"bases":[[[0.8605,-0.270267,-0.431852],[0.498952,0.6183,0.60725],[0.102894,-0.738012,0.666897]],[[0.864931,-0.311427,-0.393583],[0.451027,0.826299,0.33735],[0.220157,-0.469301,0.855153]],[[0.864931,-0.311427,-0.393583],[0.423271,0.874022,0.238593],[0.269696,-0.372959,0.887787]],[[0.864931,-0.311427,-0.393583],[0.400197,0.901199,0.166381],[0.302881,-0.301419,0.904107]]],"btipPosition":[-70.8858,339.772,-74.8426],"carpPosition":[-42.4753,252.111,46.5349],"dipPosition":[-65.767,334.678,-59.5629],"direction":[-0.269696,0.372959,-0.887787],"extended":true,"handId":336,"id":3361,"length":58.1698,"mcpPosition":[-49.9631,305.818,-1.99639],"pipPosition":[-59.319,325.761,-38.3374],"stabilizedTipPosition":[-71.4491,336.525,-69.0797],"timeVisible":0.325468,"tipPosition":[-70.1879,337.008,-71.7435],"tipVelocity":[156.185,250.187,-228.995],"tool":false,"touchDistance":0.172765,"touchZone":"hovering","type":1,"width":19.133},{"bases":[[[0.768738,-0.468909,-0.434932],[0.639384,0.547354,0.539992],[-0.0151453,-0.693202,0.720584]],[[0.768591,-0.474494,-0.429096],[0.103609,0.754205,-0.648414],[0.631295,0.453907,0.628837]],[[0.768591,-0.474494,-0.429096],[-0.198507,0.460742,-0.86505],[0.608164,0.750048,0.259932]],[[0.768591,-0.474494,-0.429096],[-0.317112,0.299961,-0.899702],[0.555615,0.827574,0.0800794]]],"btipPosition":[-87.815,240.043,-46.5444],"carpPosition":[-31.3272,250.326,41.9656],"dipPosition":[-77.4871,255.426,-45.0559],"direction":[-0.608164,-0.750048,-0.259932],"extended":false,"handId":336,"id":3362,"length":66.2798,"mcpPosition":[-30.282,298.165,-7.76301],"pipPosition":[-60.3807,276.524,-37.7445],"stabilizedTipPosition":[-87.4951,241.538,-44.0691],"timeVisible":0.325468,"tipPosition":[-85.6319,244.656,-47.7453],"tipVelocity":[127.038,185.195,-168.536],"tool":false,"touchDistance":0.16114,"touchZone":"hovering","type":2,"width":18.7912},{"bases":[[[0.707729,-0.605727,-0.363613],[0.691864,0.490077,0.530234],[-0.142979,-0.626833,0.765923]],[[0.708477,-0.602396,-0.367667],[0.235656,0.693001,-0.681334],[0.665227,0.396067,0.632934]],[[0.708477,-0.602396,-0.367667],[-0.0725374,0.456055,-0.88699],[0.701996,0.655082,0.279408]],[[0.708477,-0.602396,-0.367667],[-0.203397,0.324576,-0.923732],[0.675788,0.729225,0.107429]]],"btipPosition":[-73.7157,235.613,-48.4689],"carpPosition":[-21.4497,245.706,36.6024],"dipPosition":[-61.2262,249.09,-46.4835],"direction":[-0.701996,-0.655082,-0.279408],"extended":false,"handId":336,"id":3363,"length":63.7298,"mcpPosition":[-12.5907,284.545,-10.8547],"pipPosition":[-41.9904,267.041,-38.8273],"stabilizedTipPosition":[-72.4052,237.285,-46.6203],"timeVisible":0.325468,"tipPosition":[-70.6599,239.992,-49.7045],"tipVelocity":[111.07,156.979,-125.873],"tool":false,"touchDistance":0.194149,"touchZone":"hovering","type":3,"width":17.881},{"bases":[[[0.562314,-0.746797,-0.3551],[0.778152,0.332581,0.532795],[-0.27979,-0.57592,0.768137]],[[0.525886,-0.808812,-0.263186],[0.465714,0.532736,-0.706613],[0.711726,0.249029,0.656834]],[[0.525886,-0.808812,-0.263186],[0.162256,0.399143,-0.902418],[0.834935,0.431866,0.341139]],[[0.525886,-0.808812,-0.263186],[0.0196147,0.320878,-0.946917],[0.850329,0.492809,0.18461]]],"btipPosition":[-54.9522,243.037,-47.7607],"carpPosition":[-15.4555,235.472,29.0176],"dipPosition":[-40.4542,251.44,-44.6131],"direction":[-0.834935,-0.431866,-0.341139],"extended":false,"handId":336,"id":3364,"length":49.963,"mcpPosition":[0.592223,268.505,-15.0399],"pipPosition":[-24.3009,259.795,-38.0132],"stabilizedTipPosition":[-53.2135,242.629,-44.8435],"timeVisible":0.325468,"tipPosition":[-51.2472,245.554,-48.1241],"tipVelocity":[101.36,199.185,-171.62],"tool":false,"touchDistance":0.152795,"touchZone":"hovering","type":4,"width":15.8833}],"r":[[0.971221,-0.176376,0.160064],[0.171187,0.984175,0.0457594],[-0.165602,-0.0170417,0.986045]],"s":1.14707,"t":[42.4279,163.974,-95.696],"timestamp":15141315492},false],[6,{"currentFrameRate":109.319,"devices":[],"gestures":[],"hands":[{"armBasis":[[0.826476,-0.320769,-0.462649],[0.479448,0.831773,0.279791],[0.295071,-0.453057,0.841233]],"armWidth":63.029,"confidence":0.457095,"direction":[0.116803,0.769116,-0.628345],"elbow":[48.6444,113.564,262.215],"grabStrength":0,"id":336,"palmNormal":[-0.490183,-0.505601,-0.709992],"palmPosition":[-32.5292,276.432,3.34609],"palmVelocity":[65.888,176.723,-167.852],"palmWidth":90.0033,"pinchStrength":0.623712,"r":[[0.970005,-0.175792,0.167894],[0.170144,0.98427,0.0475694],[-0.173615,-0.0175764,0.984657]],"s":1.15227,"sphereCenter":[-46.2107,259.971,-47.3481],"sphereRadius":50.7959,"stabilizedPalmPosition":[-33.641,273.801,6.02351],"t":[42.9148,164.965,-96.7743],"timeVisible":0.334749,"type":"right","wrist":[-30.1607,234.563,37.5453]}],"id":1146813,"interactionBox":{"center":[0,200,0],"size":[235.247,235.247,147.751]},"pointables":[{"bases":[[[0.808799,0.444992,0.384483],[-0.521515,0.240573,0.818625],[0.271785,-0.862616,0.426645]],[[0.588713,0.795924,0.141145],[-0.581481,0.295693,0.757922],[0.561513,-0.528272,0.636893]],[[0.588713,0.795924,0.141145],[-0.776037,0.507634,0.374265],[0.226237,-0.329868,0.916517]],[[0.588713,0.795924,0.141145],[-0.804616,0.56025,0.196758],[0.0775278,-0.229401,0.970239]]],"btipPosition":[-97.2999,280.102,-43.7653],"carpPosition":[-60.1497,237.582,41.0533],"dipPosition":[-95.5051,274.791,-21.3045],"direction":[-0.226237,0.329868,-0.916517],"extended":false,"handId":336,"id":3360,"length":51.5512,"mcpPosition":[-60.1497,237.582,41.0533],"pipPosition":[-87.8751,263.666,9.60588],"stabilizedTipPosition":[-98.7107,275.721,-34.427],"timeVisible":0.334749,"tipPosition":[-96.7479,278.975,-38.7665],"tipVelocity":[91.6499,180.4,-214.652],"tool":false,"touchDistance":0.0671962,"touchZone":"hovering","type":0,"width":20.0304},{"bases":[[[0.871107,-0.256247,-0.418938],[0.480327,0.622215,0.618171],[0.102265,-0.73972,0.665098]],[[0.875401,-0.296375,-0.381884],[0.434186,0.829355,0.351642],[0.2125,-0.473636,0.8547]],[[0.875401,-0.296375,-0.381884],[0.407106,0.877978,0.251832],[0.260649,-0.375921,0.889239]],[[0.875401,-0.296375,-0.381884],[0.384543,0.90566,0.178626],[0.292917,-0.303221,0.906784]]],"btipPosition":[-70.1963,340.454,-75.7091],"carpPosition":[-42.5416,252.383,45.5982],"dipPosition":[-65.2459,335.329,-60.3842],"direction":[-0.260649,0.375921,-0.889239],"extended":true,"handId":336,"id":3361,"length":58.1698,"mcpPosition":[-49.9837,306.214,-2.80219],"pipPosition":[-59.0142,326.342,-39.124],"stabilizedTipPosition":[-70.4807,337.638,-70.3369],"timeVisible":0.334749,"tipPosition":[-69.4734,337.712,-72.6227],"tipVelocity":[131.931,200.164,-190.456],"tool":false,"touchDistance":0.166469,"touchZone":"hovering","type":1,"width":19.133},{"bases":[[[0.782182,-0.456123,-0.424433],[0.622811,0.553544,0.552897],[-0.0172462,-0.696808,0.717051]],[[0.782019,-0.461678,-0.418688],[0.10283,0.758146,-0.643926],[0.614713,0.460509,0.640359]],[[0.782019,-0.461678,-0.418688],[-0.196767,0.454534,-0.868724],[0.591379,0.761743,0.264611]],[[0.782019,-0.461678,-0.418688],[-0.313965,0.288499,-0.904541],[0.538397,0.838822,0.0806605]]],"btipPosition":[-86.0568,239.887,-47.754],"carpPosition":[-31.2967,250.774,41.2039],"dipPosition":[-76.0489,255.48,-46.2547],"direction":[-0.591379,-0.761743,-0.264611],"extended":false,"handId":336,"id":3362,"length":66.2798,"mcpPosition":[-30.1065,298.862,-8.28082],"pipPosition":[-59.4146,276.906,-38.8117],"stabilizedTipPosition":[-86.186,242.216,-45.2382],"timeVisible":0.334749,"tipPosition":[-83.9491,244.512,-48.9257],"tipVelocity":[142.39,129.738,-157.693],"tool":false,"touchDistance":0.143066,"touchZone":"hovering","type":2,"width":18.7912},{"bases":[[[0.721928,-0.594114,-0.354751],[0.676236,0.497047,0.543736],[-0.146713,-0.632434,0.760594]],[[0.722662,-0.590903,-0.3586],[0.238122,0.699881,-0.673397],[0.64889,0.401248,0.646484]],[[0.722662,-0.590903,-0.3586],[-0.0642795,0.459105,-0.886054],[0.688206,0.663368,0.293795]],[[0.722662,-0.590903,-0.3586],[-0.193226,0.325416,-0.925618],[0.663644,0.738199,0.120989]]],"btipPosition":[-71.98,235.95,-50.0028],"carpPosition":[-21.2697,246.317,35.9821],"dipPosition":[-59.7149,249.593,-47.7668],"direction":[-0.688206,-0.663368,-0.293795],"extended":false,"handId":336,"id":3363,"length":63.7298,"mcpPosition":[-12.1792,285.503,-11.1449],"pipPosition":[-40.857,267.77,-39.7163],"stabilizedTipPosition":[-71.1023,238.009,-47.7715],"timeVisible":0.334749,"tipPosition":[-68.9779,240.32,-51.1056],"tipVelocity":[130.907,124.115,-135.226],"tool":false,"touchDistance":0.172722,"touchZone":"hovering","type":3,"width":17.881},{"bases":[[[0.578371,-0.737223,-0.349268],[0.764654,0.34075,0.546986],[-0.284238,-0.58343,0.760801]],[[0.541281,-0.800227,-0.258169],[0.47062,0.542761,-0.695649],[0.696801,0.255042,0.670389]],[[0.541281,-0.800227,-0.258169],[0.167744,0.403632,-0.899413],[0.82394,0.443528,0.352712]],[[0.541281,-0.800227,-0.258169],[0.0247303,0.322054,-0.946398],[0.840478,0.505883,0.194112]]],"btipPosition":[-53.3496,243.541,-48.768],"carpPosition":[-15.0108,236.204,28.4496],"dipPosition":[-39.0196,252.166,-45.4584],"direction":[-0.82394,-0.443528,-0.352712],"extended":false,"handId":336,"id":3364,"length":49.963,"mcpPosition":[1.29213,269.668,-15.1872],"pipPosition":[-23.079,260.747,-38.6346],"stabilizedTipPosition":[-52.0935,243.656,-45.9648],"timeVisible":0.334749,"tipPosition":[-49.6964,246.099,-49.0664],"tipVelocity":[120.284,159.908,-152.71],"tool":false,"touchDistance":0.142391,"touchZone":"hovering","type":4,"width":15.8833}],"r":[[0.970005,-0.175792,0.167