{"sensorType":"Leap","data":[[0,{"currentFrameRate":107.824,"devices":[],"gestures":[],"hands":[{"armBasis":[[0.899581,-0.289396,-0.327114],[0.387643,0.874093,0.292735],[0.201212,-0.390142,0.8985]],"armWidth":63.029,"confidence":0.703536,"direction":[0.088992,0.756407,-0.648019],"elbow":[45.972,127.256,289.615],"grabStrength":0,"id":340,"palmNormal":[-0.397212,-0.569675,-0.719509],"palmPosition":[-11.5971,271.844,13.8458],"palmVelocity":[85.3885,154.908,-209.447],"palmWidth":90.0033,"pinchStrength":0.547464,"r":[[0.945922,-0.0640171,0.318014],[-0.0195029,0.967338,0.252739],[-0.323806,-0.245273,0.913778]],"s":0.959656,"sphereCenter":[-27.3709,261.379,-30.1856],"sphereRadius":46.4875,"stabilizedPalmPosition":[-14.8392,266.046,21.6849],"t":[65.8554,117.207,-97.0637],"timeVisible":0.298072,"type":"right","wrist":[-7.76611,231.452,49.6508]}],"id":1148644,"interactionBox":{"center":[0,200,0],"size":[235.247,235.247,147.751]},"pointables":[{"bases":[[[0.740193,0.527789,0.416597],[-0.592192,0.218254,0.775677],[0.31847,-0.820856,0.474102]],[[0.552846,0.810373,0.194055],[-0.680611,0.30478,0.666242],[0.480761,-0.500405,0.720045]],[[0.552846,0.810373,0.194055],[-0.783062,0.425616,0.453504],[0.284914,-0.402674,0.869872]],[[0.552846,0.810373,0.194055],[-0.828112,0.560213,0.0197716],[-0.0926896,-0.17163,0.980791]]],"btipPosition":[-69.2691,274.132,-36.3948],"carpPosition":[-38.0677,231.87,51.2007],"dipPosition":[-71.4148,270.158,-13.6896],"direction":[-0.284914,0.402674,-0.869872],"extended":false,"handId":340,"id":3400,"length":51.5512,"mcpPosition":[-38.0677,231.87,51.2007],"pipPosition":[-61.8058,256.578,15.6476],"stabilizedTipPosition":[-75.4607,266.754,-20.3014],"timeVisible":0.298072,"tipPosition":[-70.3357,273.367,-31.1902],"tipVelocity":[131.359,133.308,-261.289],"tool":false,"touchDistance":-0.286225,"touchZone":"hovering","type":0,"width":20.0304},{"bases":[[[0.915377,-0.189866,-0.355016],[0.383082,0.681991,0.623006],[0.12383,-0.706285,0.697013]],[[0.919349,-0.216,-0.32885],[0.369671,0.76036,0.534038],[0.134692,-0.612533,0.778885]],[[0.919349,-0.216,-0.32885],[0.308642,0.914293,0.262314],[0.244005,-0.342655,0.90722]],[[0.919349,-0.216,-0.32885],[0.239986,0.970193,0.0336583],[0.311778,-0.109863,0.943782]]],"btipPosition":[-47.9943,335.807,-65.1976],"carpPosition":[-22.1561,248.33,56.2655],"dipPosition":[-42.7251,333.95,-49.2474],"direction":[-0.244005,0.342655,-0.90722],"extended":true,"handId":340,"id":3401,"length":58.1698,"mcpPosition":[-31.1674,299.727,5.54259],"pipPosition":[-36.8914,325.758,-27.5573],"stabilizedTipPosition":[-48.7541,332.34,-58.1315],"timeVisible":0.298072,"tipPosition":[-46.7834,333.479,-61.7681],"tipVelocity":[132.6,223.902,-219.602],"tool":false,"touchDistance":0.154237,"touchZone":"hovering","type":1,"width":19.133},{"bases":[[[0.844883,-0.397005,-0.358554],[0.534948,0.624402,0.569169],[-0.00208119,-0.672689,0.739923]],[[0.844747,-0.407453,-0.346965],[0.245204,0.870958,-0.425802],[0.475686,0.274618,0.835648]],[[0.844747,-0.407453,-0.346965],[-0.455117,-0.205865,-0.866307],[0.281551,0.88972,-0.359343]],[[0.844747,-0.407453,-0.346965],[-0.524046,-0.761268,-0.3819],[-0.108527,0.504434,-0.856603]]],"btipPosition":[-38.9922,246.529,-12.2437],"carpPosition":[-10.5541,247.602,52.6309],"dipPosition":[-41.0095,255.906,-28.1665],"direction":[-0.281551,-0.88972,0.359343],"extended":false,"handId":340,"id":3402,"length":66.2798,"mcpPosition":[-10.4104,294.025,1.56775],"pipPosition":[-33.0901,280.932,-38.2741],"stabilizedTipPosition":[-44.6834,241.954,-5.96763],"timeVisible":0.298072,"tipPosition":[-39.3,248.166,-14.8988],"tipVelocity":[123.802,142.812,-237.662],"tool":false,"touchDistance":0.333333,"touchZone":"none","type":2,"width":18.7912},{"bases":[[[0.792621,-0.537602,-0.287639],[0.593605,0.57268,0.565395],[-0.139232,-0.618888,0.773041]],[[0.792778,-0.536901,-0.288515],[0.363105,0.796212,-0.483944],[0.489549,0.278899,0.82617]],[[0.792778,-0.536901,-0.288515],[-0.455314,-0.206979,-0.865938],[0.405206,0.817861,-0.408547]],[[0.792778,-0.536901,-0.288515],[-0.609476,-0.703313,-0.365909],[-0.00645925,0.465928,-0.884799]]],"btipPosition":[-23.8521,238.902,-8.66208],"carpPosition":[0.14055,243.903,48.2016],"dipPosition":[-23.9715,247.513,-25.0144],"direction":[-0.405206,-0.817861,0.408547],"extended":false,"handId":340,"id":3403,"length":63.7298,"mcpPosition":[8.76747,282.25,0.303428],"pipPosition":[-12.8682,269.924,-36.2092],"stabilizedTipPosition":[-29.0727,233.825,-2.91877],"timeVisible":0.298072,"tipPosition":[-23.6527,240.469,-11.2727],"tipVelocity":[123.638,150.293,-224.852],"tool":false,"touchDistance":0.333333,"touchZone":"none","type":3,"width":17.881},{"bases":[[[0.66213,-0.692802,-0.285674],[0.695012,0.425149,0.579834],[-0.280256,-0.582472,0.763009]],[[0.638197,-0.736212,-0.225158],[0.564533,0.646369,-0.513332],[0.523456,0.200498,0.828127]],[[0.638197,-0.736212,-0.225158],[-0.464208,-0.134671,-0.875428],[0.614179,0.663216,-0.427702]],[[0.638197,-0.736212,-0.225158],[-0.754044,-0.538744,-0.37573],[0.155314,0.409569,-0.898961]]],"btipPosition":[-9.0295,240.745,-7.68014],"carpPosition":[7.73475,234.163,41.4459],"dipPosition":[-6.38141,247.728,-23.0073],"direction":[-0.614179,-0.663216,0.427702],"extended":false,"handId":340,"id":3404,"length":49.963,"mcpPosition":[23.8092,267.571,-2.31757],"pipPosition":[5.50093,260.559,-31.2819],"stabilizedTipPosition":[-12.0587,237.596,-4.91922],"timeVisible":0.298072,"tipPosition":[-8.3771,242.024,-10.4297],"tipVelocity":[121.816,157.469,-209.398],"tool":false,"touchDistance":0.333333,"touchZone":"none","type":4,"width":15.8833}],"r":[[0.945922,-0.0640171,0.318014],[-0.0195029,0.967338,0.252739],[-0.323806,-0.245273,0.913778]],"s":0.959656,"t":[65.8554,117.207,-97.0637],"timestamp":15158154119},false],[1,{"currentFrameRate":107.789,"devices":[],"gestures":[],"hands":[{"armBasis":[[0.904269,-0.289505,-0.313822],[0.383688,0.873431,0.299835],[0.187299,-0.391541,0.900897]],"armWidth":63.029,"confidence":0.711053,"direction":[0.0937508,0.750541,-0.65414],"elbow":[42.5737,128.071,289.166],"grabStrength":0,"id":340,"palmNormal":[-0.38823,-0.577461,-0.718203],"palmPosition":[-11.0124,272.685,12.3408],"palmVelocity":[78.9328,136.535,-195.762],"palmWidth":90.0033,"pinchStrength":0.546092,"r":[[0.943415,-0.0602821,0.326089],[-0.0251323,0.967513,0.25157],[-0.33066,-0.24553,0.911251]],"s":0.962149,"sphereCenter":[-26.4371,261.822,-31.7376],"sphereRadius":46.5096,"stabilizedPalmPosition":[-14.1646,267.217,20.0377],"t":[66.4937,118.262,-98.7654],"timeVisible":0.307412,"type":"right","wrist":[-7.44848,232.641,48.5614]}],"id":1148645,"interactionBox":{"center":[0,200,0],"size":[235.247,235.247,147.751]},"pointables":[{"bases":[[[0.734448,0.533666,0.419269],[-0.600786,0.223911,0.767412],[0.315663,-0.815515,0.48507]],[[0.549396,0.812991,0.192897],[-0.68609,0.307163,0.659493],[0.476911,-0.494668,0.72654]],[[0.549396,0.812991,0.192897],[-0.789387,0.429332,0.438798],[0.273922,-0.393344,0.877637]],[[0.549396,0.812991,0.192897],[-0.829682,0.558133,0.0107125],[-0.0989532,-0.165929,0.98116]]],"btipPosition":[-68.2611,274.523,-38.3934],"carpPosition":[-37.7655,232.991,49.7932],"dipPosition":[-70.5518,270.682,-15.6797],"direction":[-0.273922,0.393344,-0.877637],"extended":false,"handId":340,"id":3400,"length":51.5512,"mcpPosition":[-37.7655,232.991,49.7932],"pipPosition":[-61.3136,257.416,13.9193],"stabilizedTipPosition":[-74.605,267.637,-21.9516],"timeVisible":0.307412,"tipPosition":[-69.2887,273.72,-33.2323],"tipVelocity":[123.706,108.339,-247.828],"tool":false,"touchDistance":-0.315886,"touchZone":"hovering","type":0,"width":20.0304},{"bases":[[[0.919507,-0.190711,-0.343709],[0.374811,0.68883,0.620508],[0.118419,-0.699388,0.704865]],[[0.923153,-0.215593,-0.318289],[0.361924,0.766545,0.53049],[0.129613,-0.60492,0.785667]],[[0.923153,-0.215593,-0.318289],[0.303877,0.916361,0.260656],[0.235472,-0.337346,0.911455]],[[0.923153,-0.215593,-0.318289],[0.238422,0.970563,0.0340977],[0.301568,-0.107364,0.94738]]],"btipPosition":[-46.8023,336.024,-67.617],"carpPosition":[-21.9503,249.541,54.8678],"dipPosition":[-41.7057,334.209,-51.606],"direction":[-0.235472,0.337346,-0.911455],"extended":true,"handId":340,"id":3401,"length":58.1698,"mcpPosition":[-30.5679,300.437,3.57348],"pipPosition":[-36.076,326.144,-29.8146],"stabilizedTipPosition":[-47.7273,333.413,-60.0388],"timeVisible":0.307412,"tipPosition":[-45.6046,333.772,-64.1567],"tipVelocity":[129.984,167.327,-230.351],"tool":false,"touchDistance":0.114147,"touchZone":"hovering","type":1,"width":19.133},{"bases":[[[0.849593,-0.398063,-0.346031],[0.527377,0.631149,0.568792],[-0.00801786,-0.66573,0.746149]],[[0.849364,-0.408422,-0.334324],[0.247952,0.867932,-0.430365],[0.46594,0.28264,0.838459]],[[0.849364,-0.408422,-0.334324],[-0.445192,-0.214115,-0.869459],[0.283522,0.887325,-0.363687]],[[0.849364,-0.408422,-0.334324],[-0.518146,-0.765856,-0.380776],[-0.100526,0.496646,-0.862112]]],"btipPosition":[-38.0773,247.087,-13.8531],"carpPosition":[-10.3093,248.811,51.3606],"dipPosition":[-39.9459,256.319,-29.8783],"direction":[-0.283522,-0.887325,0.363687],"extended":false,"handId":340,"id":3402,"length":66.2798,"mcpPosition":[-9.75598,294.754,-0.132241],"pipPosition":[-31.971,281.278,-40.1081],"stabilizedTipPosition":[-43.835,242.951,-7.55696],"timeVisible":0.307412,"tipPosition":[-38.3627,248.706,-16.5404],"tipVelocity":[117.517,118.264,-219.861],"tool":false,"touchDistance":0.333333,"touchZone":"none","type":2,"width":18.7912},{"bases":[[[0.796964,-0.53813,-0.274344],[0.586205,0.579553,0.566111],[-0.145645,-0.611992,0.777337]],[[0.797084,-0.537623,-0.274988],[0.365952,0.792284,-0.488226],[0.48035,0.288525,0.828261]],[[0.797084,-0.537623,-0.274988],[-0.445849,-0.216817,-0.868452],[0.407278,0.814832,-0.41252]],[[0.797084,-0.537623,-0.274988],[-0.603866,-0.708415,-0.365369],[0.00162543,0.457285,-0.889319]]],"btipPosition":[-22.9546,239.489,-9.95254],"carpPosition":[0.44036,245.099,47.0774],"dipPosition":[-22.9245,247.94,-26.3884],"direction":[-0.407278,-0.814832,0.41252],"extended":false,"handId":340,"id":3403,"length":63.7298,"mcpPosition":[9.46463,283.019,-1.087],"pipPosition":[-11.7645,270.268,-37.6921],"stabilizedTipPosition":[-28.1441,234.978,-4.55828],"timeVisible":0.307412,"tipPosition":[-22.7346,241.046,-12.6176],"tipVelocity":[116.876,124.377,-200.874],"tool":false,"touchDistance":0.333333,"touchZone":"none","type":3,"width":17.881},{"bases":[[[0.666864,-0.693657,-0.272273],[0.68784,0.432439,0.582986],[-0.286651,-0.576053,0.765503]],[[0.642044,-0.737136,-0.210738],[0.570593,0.643024,-0.510826],[0.512058,0.207727,0.833455]],[[0.642044,-0.737136,-0.210738],[-0.451972,-0.141892,-0.880675],[0.619275,0.66068,-0.424265]],[[0.642044,-0.737136,-0.210738],[-0.748394,-0.542941,-0.380949],[0.166393,0.402301,-0.900259]]],"btipPosition":[-8.15655,241.45,-9.00716],"carpPosition":[8.12968,235.317,40.4926],"dipPosition":[-5.31957,248.31,-24.3565],"direction":[-0.619275,-0.66068,0.424265],"extended":false,"handId":340,"id":3404,"length":49.963,"mcpPosition":[24.571,268.357,-3.4139],"pipPosition":[6.66136,261.092,-32.5646],"stabilizedTipPosition":[-11.1884,238.634,-6.37487],"timeVisible":0.307412,"tipPosition":[-7.46611,242.704,-11.7488],"tipVelocity":[115.101,133.397,-190.48],"tool":false,"touchDistance":0.333333,"touchZone":"none","type":4,"width":15.8833}],"r":[[0.943415,-0.0602821,0.326089],[-0.0251323,0.967513,0.25157],[-0.33066,-0.24553,0.911251]],"s":0.962149,"t":[66.4937,118.262,-98.7654],"timestamp":15158163459},false],[2,{"currentFrameRate":107.923,"devices":[],"gestures":[],"hands":[{"armBasis":[[0.905178,-0.286753,-0.313728],[0.381107,0.874368,0.300395],[0.188175,-0.391475,0.900743]],"armWidth":63.029,"confidence":0.72284,"direction":[0.0956116,0.748306,-0.656427],"elbow":[43.1064,128.801,288.39],"grabStrength":0,"id":340,"palmNormal":[-0.383938,-0.580699,-0.7179],"palmPosition":[-10.6082,273.26,11.444],"palmVelocity":[69.5381,116.489,-169.237],"palmWidth":90.0033,"pinchStrength":0.54425,"r":[[0.941057,-0.056752,0.333454],[-0.0301722,0.96781,0.249866],[-0.336901,-0.2452,0.909052]],"s":0.964204,"sphereCenter":[-26.0241,262.322,-32.6226],"sphereRadius":46.5172,"stabilizedPalmPosition":[-13.6096,268.16,18.6964],"t":[67.015,119.077,-100.065],"timeVisible":0.316436,"type":"right","wrist":[-7.14981,233.353,47.8267]}],"id":1148646,"interactionBox":{"center":[0,200,0],"size":[235.247,235.247,147.751]},"pointables":[{"bases":[[[0.731622,0.536376,0.420751],[-0.60473,0.22573,0.763772],[0.314693,-0.813232,0.489512]],[[0.547948,0.813869,0.193312],[-0.687605,0.306609,0.658171],[0.476394,-0.493566,0.727627]],[[0.547948,0.813869,0.193312],[-0.792557,0.431178,0.431206],[0.267594,-0.389489,0.881301]],[[0.547948,0.813869,0.193312],[-0.830491,0.556957,0.00918565],[-0.10019,-0.165577,0.981094]]],"btipPosition":[-67.7008,274.999,-39.447],"carpPosition":[-37.4728,233.659,48.9154],"dipPosition":[-70.0202,271.166,-16.7348],"direction":[-0.267594,0.389489,-0.881301],"extended":false,"handId":340,"id":3400,"length":51.5512,"mcpPosition":[-37.4728,233.659,48.9154],"pipPosition":[-60.9954,258.03,12.9878],"stabilizedTipPosition":[-73.9034,268.35,-23.3031],"timeVisible":0.316436,"tipPosition":[-68.6734,274.134,-34.3231],"tipVelocity":[106.548,93.0834,-211.765],"tool":false,"touchDistance":-0.32844,"touchZone":"hovering","type":0,"width":20.0304},{"bases":[[[0.921411,-0.190473,-0.338707],[0.370798,0.691689,0.619738],[0.116236,-0.696625,0.707957]],[[0.924816,-0.21393,-0.314563],[0.358041,0.768893,0.529727],[0.128541,-0.602526,0.78768]],[[0.924816,-0.21393,-0.314563],[0.301802,0.91599,0.264345],[0.231585,-0.339406,0.911686]],[[0.924816,-0.21393,-0.314563],[0.23859,0.970228,0.0416156],[0.296295,-0.113538,0.948324]]],"btipPosition":[-46.1736,336.586,-68.8133],"carpPosition":[-21.7081,250.253,54.0035],"dipPosition":[-41.1661,334.668,-52.7863],"direction":[-0.231585,0.339406,-0.911686],"extended":true,"handId":340,"id":3401,"length":58.1698,"mcpPosition":[-30.1668,300.948,2.48417],"pipPosition":[-35.6293,326.553,-30.9895],"stabilizedTipPosition":[-46.9561,334.192,-61.4893],"timeVisible":0.316436,"tipPosition":[-44.9753,334.348,-65.3544],"tipVelocity":[112.76,137.712,-203.329],"tool":false,"touchDistance":0.0942694,"touchZone":"hovering","type":1,"width":19.133},{"bases":[[[0.85184,-0.397945,-0.340599],[0.523697,0.634067,0.568946],[-0.0104463,-0.663022,0.748527]],[[0.851572,-0.408284,-0.328829],[0.248838,0.866894,-0.431944],[0.461416,0.286006,0.839819]],[[0.851572,-0.408284,-0.328829],[-0.440595,-0.217499,-0.870959],[0.284079,0.886565,-0.365105]],[[0.851572,-0.408284,-0.328829],[-0.515176,-0.767872,-0.380743],[-0.0970477,0.493635,-0.864237]]],"btipPosition":[-37.5146,247.536,-14.8098],"carpPosition":[-10.0496,249.529,50.5535],"dipPosition":[-39.3185,256.711,-30.8744],"direction":[-0.284079,-0.886565,0.365105],"extended":false,"handId":340,"id":3402,"length":66.2798,"mcpPosition":[-9.32867,295.285,-1.10342],"pipPosition":[-31.3279,281.649,-41.1441],"stabilizedTipPosition":[-43.1157,243.766,-8.89044],"timeVisible":0.316436,"tipPosition":[-37.7908,249.153,-17.5187],"tipVelocity":[102.791,98.9905,-188.806],"tool":false,"touchDistance":0.333333,"touchZone":"none","type":2,"width":18.7912},{"bases":[[[0.7991,-0.537835,-0.268649],[0.582619,0.582557,0.56673],[-0.148304,-0.609394,0.778874]],[[0.79914,-0.537671,-0.268859],[0.368131,0.791281,-0.488215],[0.475242,0.291177,0.830278]],[[0.79914,-0.537671,-0.268859],[-0.440552,-0.219516,-0.870475],[0.409011,0.814078,-0.412296]],[[0.79914,-0.537671,-0.268859],[-0.601114,-0.710178,-0.366482],[0.00610894,0.454485,-0.890733]]],"btipPosition":[-22.4089,240.003,-10.8601],"carpPosition":[0.725942,245.819,46.3341],"dipPosition":[-22.296,248.402,-27.3221],"direction":[-0.409011,-0.814078,0.412296],"extended":false,"handId":340,"id":3403,"length":63.7298,"mcpPosition":[9.91496,283.578,-1.92548],"pipPosition":[-11.0884,270.709,-38.6197],"stabilizedTipPosition":[-27.3486,235.939,-5.95123],"timeVisible":0.316436,"tipPosition":[-22.1777,241.552,-13.5451],"tipVelocity":[101.936,105.466,-173.455],"tool":false,"touchDistance":0.333333,"touchZone":"none","type":3,"width":17.881},{"bases":[[[0.669241,-0.693564,-0.26662],[0.68441,0.435669,0.584616],[-0.28931,-0.573726,0.766249]],[[0.64358,-0.737798,-0.203615],[0.575974,0.64206,-0.505978],[0.504042,0.20836,0.838169]],[[0.64358,-0.737798,-0.203615],[-0.443167,-0.142316,-0.88507],[0.624025,0.659849,-0.418559]],[[0.64358,-0.737798,-0.203615],[-0.74527,-0.543509,-0.386226],[0.17429,0.400315,-0.89965]]],"btipPosition":[-7.61824,242.053,-10.0072],"carpPosition":[8.46166,236.025,39.8211],"dipPosition":[-4.64662,248.879,-25.3461],"direction":[-0.624025,-0.659849,0.418559],"extended":false,"handId":340,"id":3404,"length":49.963,"mcpPosition":[25.0555,268.932,-4.12822],"pipPosition":[7.42621,261.644,-33.4438],"stabilizedTipPosition":[-10.4473,239.503,-7.62238],"timeVisible":0.316436,"tipPosition":[-6.89907,243.287,-12.717],"tipVelocity":[100.786,114.831,-168.483],"tool":false,"touchDistance":0.333333,"touchZone":"none","type":4,"width":15.8833}],"r":[[0.941057,-0.056752,0.333454],[-0.0301722,0.96781,0.249866],[-0.336901,-0.2452,0.909052]],"s":0.964204,"t":[67.015,119.077,-100.065],"timestamp":15158172483},false],[3,{"currentFrameRate":108.11,"devices":[],"gestures":[],"hands":[{"armBasis":[[0.908109,-0.278779,-0.312443],[0.373274,0.877073,0.30234],[0.18975,-0.391184,0.900539]],"armWidth":63.029,"confidence":0.728024,"direction":[0.0948981,0.749884,-0.654728],"elbow":[43.8139,129.914,287.075],"grabStrength":0,"id":340,"palmNormal":[-0.375558,-0.582128,-0.721167],"palmPosition":[-10.3503,274.325,10.2197],"palmVelocity":[58.4844,117.322,-160.565],"palmWidth":90.0033,"pinchStrength":0.543763,"r":[[0.938758,-0.052796,0.34051],[-0.0357777,0.967917,0.248711],[-0.342716,-0.245662,0.90675]],"s":0.966344,"sphereCenter":[-25.7876,263.628,-33.8081],"sphereRadius":46.4877,"stabilizedPalmPosition":[-13.1439,269.041,17.4854],"t":[67.4046,120.017,-101.326],"timeVisible":0.325347,"type":"right","wrist":[-6.86299,234.388,46.5663]}],"id":1148647,"interactionBox":{"center":[0,200,0],"size":[235.247,235.247,147.751]},"pointables":[{"bases":[[[0.725408,0.540514,0.426177],[-0.611042,0.22065,0.760224],[0.316876,-0.811885,0.490339]],[[0.541867,0.816688,0.198495],[-0.69249,0.299999,0.656093],[0.476275,-0.492971,0.728108]],[[0.541867,0.816688,0.198495],[-0.798568,0.426655,0.424564],[0.262047,-0.388569,0.883371]],[[0.541867,0.816688,0.198495],[-0.833943,0.551817,0.00616576],[-0.104498,-0.168875,0.980082]]],"btipPosition":[-67.129,275.85,-40.9704],"carpPosition":[-37.1936,234.495,47.4621],"dipPosition":[-69.5481,271.941,-18.2817],"direction":[-0.262047,0.388569,-0.883371],"extended":false,"handId":340,"id":3400,"length":51.5512,"mcpPosition":[-37.1936,234.495,47.4621],"pipPosition":[-60.7103,258.836,11.5108],"stabilizedTipPosition":[-73.2995,268.992,-24.5121],"timeVisible":0.325347,"tipPosition":[-68.1018,274.937,-35.8704],"tipVelocity":[94.3085,93.2194,-200.819],"tool":false,"touchDistance":-0.346861,"touchZone":"hovering","type":0,"width":20.0304},{"bases":[[[0.924773,-0.183957,-0.333099],[0.362319,0.693176,0.623083],[0.116275,-0.696898,0.707681]],[[0.927974,-0.205796,-0.310664],[0.349676,0.769052,0.535057],[0.128805,-0.605151,0.785622]],[[0.927974,-0.205796,-0.310664],[0.296092,0.913385,0.279387],[0.22626,-0.351249,0.908532]],[[0.927974,-0.205796,-0.310664],[0.236525,0.969496,0.0642845],[0.287959,-0.133134,0.948343]]],"btipPosition":[-45.7817,338.263,-69.9598],"carpPosition":[-21.5704,251.183,52.6744],"dipPosition":[-40.9152,336.013,-53.9324],"direction":[-0.22626,0.351249,-0.908532],"extended":true,"handId":340,"id":3401,"length":58.1698,"mcpPosition":[-30.0319,301.898,1.1752],"pipPosition":[-35.5057,327.615,-32.211],"stabilizedTipPosition":[-46.3598,335.116,-62.733],"timeVisible":0.325347,"tipPosition":[-44.6166,335.93,-66.5339],"tipVelocity":[93.0421,149.106,-182.994],"tool":false,"touchDistance":0.0751634,"touchZone":"hovering","type":1,"width":19.133},{"bases":[[[0.856573,-0.391875,-0.335733],[0.515911,0.636628,0.573185],[-0.0108799,-0.664183,0.747491]],[[0.856297,-0.402234,-0.323979],[0.245908,0.869132,-0.429114],[0.454185,0.28778,0.843148]],[[0.856297,-0.402234,-0.323979],[-0.433615,-0.219094,-0.874057],[0.280593,0.888935,-0.362025]],[[0.856297,-0.402234,-0.323979],[-0.507714,-0.770658,-0.385114],[-0.0947714,0.494261,-0.864132]]],"btipPosition":[-36.9203,248.464,-16.2412],"carpPosition":[-9.88567,250.54,49.2978],"dipPosition":[-38.6819,257.652,-32.3039],"direction":[-0.280593,-0.888935,0.362025],"extended":false,"handId":340,"id":3402,"length":66.2798,"mcpPosition":[-9.13484,296.376,-2.2876],"pipPosition":[-30.7893,282.656,-42.487],"stabilizedTipPosition":[-42.472,244.523,-10.1183],"timeVisible":0.325347,"tipPosition":[-37.1903,250.086,-18.9534],"tipVelocity":[93.2599,100.501,-181.124],"tool":false,"touchDistance":0.333333,"touchZone":"none","type":2,"width":18.7912},{"bases":[[[0.804291,-0.532213,-0.264322],[0.575181,0.585506,0.57127],[-0.149275,-0.6115,0.777036]],[[0.804307,-0.532144,-0.26441],[0.366187,0.794322,-0.484726],[0.46797,0.293045,0.833744]],[[0.804307,-0.532144,-0.26441],[-0.43342,-0.220981,-0.873679],[0.406493,0.817307,-0.408378]],[[0.804307,-0.532144,-0.26441],[-0.594144,-0.713408,-0.371541],[0.009081,0.45593,-0.889969]]],"btipPosition":[-21.7987,241.024,-12.2131],"carpPosition":[0.940502,246.908,45.142],"dipPosition":[-21.6309,249.45,-28.6609],"direction":[-0.406493,-0.817307,0.408378],"extended":false,"handId":340,"id":3403,"length":63.7298,"mcpPosition":[10.1897,284.797,-3.00378],"pipPosition":[-10.4923,271.845,-39.8512],"stabilizedTipPosition":[-26.6253,236.848,-7.25123],"timeVisible":0.325347,"tipPosition":[-21.5597,242.585,-14.9073],"tipVelocity":[93.2111,108.133,-167.467],"tool":false,"touchDistance":0.333333,"touchZone":"none","type":3,"width":17.881},{"bases":[[[0.675441,-0.688788,-0.263344],[0.677813,0.43926,0.589593],[-0.290429,-0.576734,0.763564]],[[0.648786,-0.734608,-0.198564],[0.580791,0.646614,-0.494542],[0.491689,0.205528,0.846168]],[[0.648786,-0.734608,-0.198564],[-0.430363,-0.139008,-0.891888],[0.627586,0.664099,-0.406334]],[[0.648786,-0.734608,-0.198564],[-0.738637,-0.545175,-0.396484],[0.183008,0.403901,-0.89631]]],"btipPosition":[-7.01991,243.33,-11.5831],"carpPosition":[8.78134,237.174,38.6643],"dipPosition":[-3.89964,250.216,-26.8651],"direction":[-0.627586,-0.664099,0.406334],"extended":false,"handId":340,"id":3404,"length":49.963,"mcpPosition":[25.4393,270.253,-5.13099],"pipPosition":[8.24208,263.065,-34.7264],"stabilizedTipPosition":[-9.77235,240.384,-8.8397],"timeVisible":0.325347,"tipPosition":[-6.27399,244.547,-14.2329],"tipVelocity":[92.6708,123.007,-170.363],"tool":false,"touchDistance":0.333333,"touchZone":"none","type":4,"width":15.8833}],"r":[[0.938758,-0.052796,0.34051],[-0.0357777,0.967917,0.248711],[-0.342716,-0.245662,0.90675]],"s":0.966344,"t":[67.4046,120.017,-101.326],"timestamp":15158181394},false],[4,{"currentFrameRate":108.156,"devices":[],"gestures":[],"hands":[{"armBasis":[[0.909792,-0.273216,-0.31246],[0.367172,0.880817,0.298907],[0.193554,-0.38667,0.901678]],"armWidth":63.029,"confidence":0.736077,"direction":[0.0955983,0.74738,-0.657483],"elbow":[44.9525,132.337,285.991],"grabStrength":0,"id":340,"palmNormal":[-0.368361,-0.587057,-0.720884],"palmPosition":[-10.1809,275.364,8.63134],"palmVelocity":[47.3341,116.213,-164.128],"palmWidth":90.0033,"pinchStrength":0.543327,"r":[[0.936478,-0.0484686,0.34736],[-0.0414487,0.96817,0.246838],[-0.348268,-0.245556,0.904661]],"s":0.968789,"sphereCenter":[-25.7973,264.803,-35.2184],"sphereRadius":46.4379,"stabilizedPalmPosition":[-12.748,269.886,16.3022],"t":[67.6841,121.006,-102.751],"timeVisible":0.33451,"type":"right","wrist":[-6.74042,235.606,45.1782]}],"id":1148648,"interactionBox":{"center":[0,200,0],"size":[235.247,235.247,147.751]},"pointables":[{"bases":[[[0.720245,0.545729,0.428283],[-0.616809,0.221241,0.75538],[0.317479,-0.808228,0.495959]],[[0.537215,0.819736,0.198576],[-0.696979,0.298861,0.651845],[0.474995,-0.488584,0.731892]],[[0.537215,0.819736,0.198576],[-0.80356,0.425881,0.415832],[0.256303,-0.382959,0.887497]],[[0.537215,0.819736,0.198576],[-0.836445,0.548051,0.00046817],[-0.108446,-0.166349,0.980085]]],"btipPosition":[-66.6633,276.469,-42.8752],"carpPosition":[-37.0763,235.578,45.8833],"dipPosition":[-69.1738,272.618,-20.1864],"direction":[-0.256303,0.382959,-0.887497],"extended":false,"handId":340,"id":3400,"length":51.5512,"mcpPosition":[-37.0763,235.578,45.8833],"pipPosition":[-60.5297,259.702,9.74521],"stabilizedTipPosition":[-72.7766,269.56,-25.6466],"timeVisible":0.33451,"tipPosition":[-67.6327,275.544,-37.7878],"tipVelocity":[81.5471,86.455,-202.788],"tool":false,"touchDistance":-0.36908,"touchZone":"hovering","type":0,"width":20.0304},{"bases":[[[0.927678,-0.181203,-0.326465],[0.355233,0.697603,0.622221],[0.114995,-0.693192,0.711521]],[[0.930581,-0.200907,-0.306032],[0.343006,0.770627,0.537104],[0.127929,-0.60479,0.786043]],[[0.930581,-0.200907,-0.306032],[0.292739,0.910347,0.292526],[0.219825,-0.361807,0.905965]],[[0.930581,-0.200907,-0.306032],[0.237332,0.967572,0.0864784],[0.278734,-0.153106,0.948085]]],"btipPosition":[-45.3335,339.745,-71.7473],"carpPosition":[-21.5622,252.361,51.1185],"dipPosition":[-40.6228,337.157,-55.7243],"direction":[-0.219825,0.361807,-0.905965],"extended":true,"handId":340,"id":3401,"length":58.1698,"mcpPosition":[-29.9306,302.806,-0.660182],"pipPosition":[-35.3671,328.507,-34.0643],"stabilizedTipPosition":[-45.8465,336.097,-64.0295],"timeVisible":0.33451,"tipPosition":[-44.2176,337.292,-68.3604],"tipVelocity":[79.6512,150.268,-186.395],"tool":false,"touchDistance":0.0453543,"touchZone":"hovering","type":1,"width":19.133},{"bases":[[[0.860443,-0.389442,-0.328593],[0.509392,0.641538,0.573541],[-0.0125562,-0.660882,0.750385]],[[0.860141,-0.399751,-0.316793],[0.244751,0.868395,-0.431262],[0.447499,0.293411,0.844781]],[[0.860141,-0.399751,-0.316793],[-0.427031,-0.22474,-0.875863],[0.278931,0.888646,-0.364014]],[[0.860141,-0.399751,-0.316793],[-0.501785,-0.774594,-0.384988],[-0.0914866,0.490106,-0.866849]]],"btipPosition":[-36.4681,249.269,-17.8921],"carpPosition":[-9.85373,251.756,47.8181],"dipPosition":[-38.1687,258.379,-34.0053],"direction":[-0.278931,-0.888646,0.364014],"extended":false,"handId":340,"id":3402,"length":66.2798,"mcpPosition":[-8.98721,297.364,-3.96707],"pipPosition":[-30.3229,283.375,-44.2443],"stabilizedTipPosition":[-41.8934,245.229,-11.3019],"timeVisible":0.33451,"tipPosition":[-36.7295,250.884,-20.6245],"tipVelocity":[81.4434,96.4269,-181.212],"tool":false,"touchDistance":0.333333,"touchZone":"none","type":2,"width":18.7912},{"bases":[[[0.808352,-0.529698,-0.25688],[0.568905,0.59068,0.572227],[-0.151373,-0.608702,0.778825]],[[0.808304,-0.52989,-0.256634],[0.36634,0.793878,-0.485338],[0.460912,0.298286,0.835815]],[[0.808304,-0.52989,-0.256634],[-0.426064,-0.225614,-0.876109],[0.406342,0.817505,-0.408132]],[[0.808304,-0.52989,-0.256634],[-0.5886,-0.716952,-0.373537],[0.0139394,0.452986,-0.891409]]],"btipPosition":[-21.3681,241.914,-13.791],"carpPosition":[1.01479,248.154,43.7465],"dipPosition":[-21.1105,250.286,-30.2655],"direction":[-0.406342,-0.817505,0.408132],"extended":false,"handId":340,"id":3403,"length":63.7298,"mcpPosition":[10.394,285.87,-4.51005],"pipPosition":[-9.97606,272.687,-41.449],"stabilizedTipPosition":[-25.9714,237.708,-8.52177],"timeVisible":0.33451,"tipPosition":[-21.1105,243.48,-16.5049],"tipVelocity":[80.9541,104.709,-168.975],"tool":false,"touchDistance":0.333333,"touchZone":"none","type":3,"width":17.881},{"bases":[[[0.680213,-0.686855,-0.256007],[0.672084,0.444989,0.591851],[-0.292596,-0.574643,0.764312]],[[0.652379,-0.733951,-0.188991],[0.586461,0.64682,-0.487532],[0.480067,0.20722,0.852406]],[[0.652379,-0.733951,-0.188991],[-0.418262,-0.140708,-0.897362],[0.632027,0.664468,-0.398779]],[[0.652379,-0.733951,-0.188991],[-0.733138,-0.547924,-0.402851],[0.19212,0.401368,-0.895541]]],"btipPosition":[-6.57128,244.441,-13.3059],"carpPosition":[8.94046,238.428,37.3619],"dipPosition":[-3.29565,251.284,-28.5747],"direction":[-0.632027,-0.664468,0.398779],"extended":false,"handId":340,"id":3404,"length":49.963,"mcpPosition":[25.7227,271.387,-6.47626],"pipPosition":[8.93198,264.139,-36.2898],"stabilizedTipPosition":[-9.15966,241.256,-10.0758],"timeVisible":0.33451,"tipPosition":[-5.79775,245.628,-15.9182],"tipVelocity":[81.5724,122.214,-175.191],"tool":false,"touchDistance":0.333333,"touchZone":"none","type":4,"width":15.8833}],"r":[[0.936478,-0.0484686,0.34736],[-0.0414487,0.96817,0.246838],[-0.348268,-0.245556,0.904661]],"s":0.968789,"t":[67.6841,121.006,-102.751],"timestamp":15158190557},false],[5,{"currentFrameRate":108.351,"devices":[],"gestures":[],"hands":[{"armBasis":[[0.911343,-0.269522,-0.311147],[0.362453,0.883703,0.296138],[0.195146,-0.382659,0.903045]],"armWidth":63.029,"confidence":0.745846,"direction":[0.0942909,0.746054,-0.659176],"elbow":[45.5764,134.183,285.172],"grabStrength":0,"id":340,"palmNormal":[-0.363854,-0.590494,-0.720366],"palmPosition":[-10.047,276.027,7.33269],"palmVelocity":[38.5798,104.956,-159.288],"palmWidth":90.0033,"pinchStrength":0.543612,"r":[[0.934446,-0.0440317,0.353371],[-0.0469303,0.968444,0.244774],[-0.352998,-0.245312,0.902892]],"s":0.971699,"sphereCenter":[-26.1753,265.883,-36.1908],"sphereRadius":46.3555,"stabilizedPalmPosition":[-12.4335,270.601,15.2578],"t":[67.8908,121.833,-104.113],"timeVisible":0.343387,"type":"right","wrist":[-6.54155,236.38,43.9935]}],"id":1148649,"interactionBox":{"center":[0,200,0],"size":[235.247,235.247,147.751]},"pointables":[{"bases":[[[0.71673,0.549888,0.428861],[-0.619857,0.220608,0.753067],[0.319492,-0.805578,0.498968]],[[0.533216,0.822494,0.197949],[-0.699896,0.297456,0.649358],[0.475213,-0.484792,0.734268]],[[0.533216,0.822494,0.197949],[-0.806685,0.423851,0.411836],[0.254832,-0.37928,0.889498]],[[0.533216,0.822494,0.197949],[-0.838789,0.54445,-0.00278632],[-0.110065,-0.164551,0.980208]]],"btipPosition":[-66.3895,276.763,-44.3325],"carpPosition":[-36.8789,236.225,44.6137],"dipPosition":[-68.9375,272.954,-21.6408],"direction":[-0.254832,0.37928,-0.889498],"extended":false,"handId":340,"id":3400,"length":51.5512,"mcpPosition":[-36.8789,236.225,44.6137],"pipPosition":[-60.3431,260.163,8.35829],"stabilizedTipPosition":[-72.3656,270.009,-26.6005],"timeVisible":0.343387,"tipPosition":[-67.3633,275.845,-39.2444],"tipVelocity":[67.5205,72.2967,-192.285],"tool":false,"touchDistance":-0.382355,"touchZone":"hovering","type":0,"width":20.0304},{"bases":[[[0.929347,-0.178135,-0.32339],[0.350537,0.700725,0.621376],[0.115919,-0.690835,0.71366]],[[0.931968,-0.195447,-0.305346],[0.338855,0.769039,0.541994],[0.128892,-0.608588,0.782948]],[[0.931968,-0.195447,-0.305346],[0.291636,0.904503,0.311165],[0.21537,-0.379045,0.899967]],[[0.931968,-0.195447,-0.305346],[0.24015,0.96377,0.116086],[0.271594,-0.181517,0.945139]]],"btipPosition":[-45.1028,341.354,-72.8486],"carpPosition":[-21.4506,253.087,49.8481],"dipPosition":[-40.5128,338.286,-56.8754],"direction":[-0.21537,0.379045,-0.899967],"extended":true,"handId":340,"id":3401,"length":58.1698,"mcpPosition":[-29.8862,303.361,-2.08618],"pipPosition":[-35.3636,329.224,-35.3587],"stabilizedTipPosition":[-45.4451,337.113,-65.1774],"timeVisible":0.343387,"tipPosition":[-44.051,338.697,-69.5401],"tipVelocity":[64.2385,155.302,-169.827],"tool":false,"touchDistance":0.0268092,"touchZone":"hovering","type":1,"width":19.133},{"bases":[[[0.862998,-0.38666,-0.325158],[0.505068,0.645184,0.573275],[-0.0118758,-0.658962,0.752082]],[[0.862706,-0.396948,-0.313322],[0.242407,0.868353,-0.432669],[0.443822,0.297314,0.845356]],[[0.862706,-0.396948,-0.313322],[-0.4235,-0.22848,-0.87661],[0.276381,0.888948,-0.365219]],[[0.862706,-0.396948,-0.313322],[-0.497469,-0.777515,-0.384701],[-0.0909065,0.487752,-0.868236]]],"btipPosition":[-36.1555,249.753,-19.2129],"carpPosition":[-9.73038,252.524,46.5821],"dipPosition":[-37.8453,258.82,-35.3519],"direction":[-0.276381,-0.888948,0.365219],"extended":false,"handId":340,"id":3402,"length":66.2798,"mcpPosition":[-8.91081,298,-5.32013],"pipPosition":[-30.0712,283.824,-45.6248],"stabilizedTipPosition":[-41.4188,245.815,-12.333],"timeVisible":0.343387,"tipPosition":[-36.4155,251.369,-21.9614],"tipVelocity":[68.9749,84.7577,-172.593],"tool":false,"touchDistance":0.333333,"touchZone":"none","type":2,"width":18.7912},{"bases":[[[0.811298,-0.526947,-0.253224],[0.564798,0.594575,0.572262],[-0.150991,-0.607295,0.779996]],[[0.811147,-0.527554,-0.252444],[0.366256,0.794739,-0.483991],[0.455958,0.300129,0.837869]],[[0.811147,-0.527554,-0.252444],[-0.420728,-0.226543,-0.878445],[0.406238,0.818758,-0.405717]],[[0.811147,-0.527554,-0.252444],[-0.584594,-0.718787,-0.376292],[0.0170611,0.452805,-0.891446]]],"btipPosition":[-21.0778,242.518,-15.2159],"carpPosition":[1.16464,248.957,42.5505],"dipPosition":[-20.7625,250.886,-31.6911],"direction":[-0.406238,-0.818758,0.405717],"extended":false,"handId":340,"id":3403,"length":63.7298,"mcpPosition":[10.5201,286.586,-5.77865],"pipPosition":[-9.63096,273.322,-42.8084],"stabilizedTipPosition":[-25.4363,238.433,-9.65137],"timeVisible":0.343387,"tipPosition":[-20.8051,244.089,-17.9281],"tipVelocity":[68.2634,94.7164,-166.684],"tool":false,"touchDistance":0.333333,"touchZone":"none","type":3,"width":17.881},{"bases":[[[0.683822,-0.684642,-0.252296],[0.668536,0.449373,0.592557],[-0.292315,-0.573872,0.764998]],[[0.654974,-0.73317,-0.182948],[0.590367,0.647609,-0.481736],[0.471673,0.207518,0.857007]],[[0.654974,-0.73317,-0.182948],[-0.409309,-0.140708,-0.901481],[0.635196,0.665329,-0.392254]],[[0.654974,-0.73317,-0.182948],[-0.729112,-0.549571,-0.407881],[0.198503,0.400541,-0.894518]]],"btipPosition":[-6.25524,245.204,-14.7981],"carpPosition":[9.14918,239.248,36.2137],"dipPosition":[-2.87079,252.033,-30.0495],"direction":[-0.635196,-0.665329,0.392254],"extended":false,"handId":340,"id":3404,"length":49.963,"mcpPosition":[25.9153,272.163,-7.66387],"pipPosition":[9.41817,264.905,-37.6383],"stabilizedTipPosition":[-8.65549,242.012,-11.2025],"timeVisible":0.343387,"tipPosition":[-5.45788,246.369,-17.3763],"tipVelocity":[69.8615,112.264,-173.144],"tool":false,"touchDistance":0.333333,"touchZone":"none","type":4,"width":15.8833}],"r":[[0.934446,-0.0440317,0.353371],[-0.0469303,0.968444,0.244774],[-0.352998,-0.245312,0.902892]],"s":0.971699,"t":[67.8908,121.833,-104.113],"timestamp":15158199434},false],[6,{"currentFrameRate":108.311,"devices":[],"gestures":[],"hands":[{"armBasis":[[0.912475,-0.270076,-0.307324],[0.360481,0.885982,0.291703],[0.193502,-0.376956,0.905793]],"armWidth":63.029,"confidence":0.751402,"direction":[0.093206,0.743742,-0.661936],"elbow":[45.3855,136.199,285.011],"grabStrength":0,"id":340,"palmNormal":[-0.362361,-0.593897,-0.718318],"palmPosition":[-9.85579,276.376,6.28734],"palmVelocity":[33.4886,85.8892,-146.029],"palmWidth":90.0033,"pinchStrength":0.545126,"r":[[0.932759,-0.0398565,0.358291],[-0.0516982,0.968808,0.24236],[-0.356774,-0.244587,0.901604]],"s":0.974292,"sphereCenter":[-26.3943,266.384,-36.9994],"sphereRadius":46.3071,"stabilizedPalmPosition":[-12.1599,271.214,14.3059],"t":[68.0898,122.42,-105.317],"timeVisible":0.352692,"type":"right","wrist":[-6.2935,236.874,43.0991]}],"id":1148650,"interactionBox":{"center":[0,200,0],"size":[235.247,235.247,147.751]},"pointables":[{"bases":[[[0.715463,0.552866,0.427145],[-0.62066,0.222263,0.751918],[0.320771,-0.803081,0.502163]],[[0.531557,0.824241,0.195125],[-0.700497,0.298271,0.648335],[0.476185,-0.481311,0.735927]],[[0.531557,0.824241,0.195125],[-0.80851,0.425068,0.406974],[0.252504,-0.37409,0.892355]],[[0.531557,0.824241,0.195125],[-0.839968,0.542621,-0.00389577],[-0.10909,-0.161828,0.980771]]],"btipPosition":[-66.1335,276.792,-45.4328],"carpPosition":[-36.6308,236.663,43.7047],"dipPosition":[-68.6589,273.045,-22.7281],"direction":[-0.252504,0.37409,-0.892355],"extended":false,"handId":340,"id":3400,"length":51.5512,"mcpPosition":[-36.6308,236.663,43.7047],"pipPosition":[-60.143,260.429,7.36737],"stabilizedTipPosition":[-72.0224,270.368,-27.4272],"timeVisible":0.352692,"tipPosition":[-67.1061,275.896,-40.326],"tipVelocity":[56.3797,53.1746,-171.284],"tool":false,"touchDistance":-0.388912,"touchZone":"hovering","type":0,"width":20.0304},{"bases":[[[0.92985,-0.17758,-0.322249],[0.348885,0.703729,0.618906],[0.11687,-0.687918,0.716317]],[[0.932222,-0.192854,-0.30622],[0.337233,0.769928,0.541742],[0.13129,-0.608291,0.78278]],[[0.932222,-0.192854,-0.30622],[0.291406,0.901773,0.319199],[0.214582,-0.386799,0.896851]],[[0.932222,-0.192854,-0.30622],[0.241949,0.961393,0.13109],[0.269116,-0.196294,0.942892]]],"btipPosition":[-44.9999,342.051,-73.8873],"carpPosition":[-21.2373,253.575,48.8832],"dipPosition":[-40.4518,338.734,-57.9521],"direction":[-0.214582,0.386799,-0.896851],"extended":true,"handId":340,"id":3401,"length":58.1698,"mcpPosition":[-29.7421,303.636,-3.24449],"pipPosition":[-35.3215,329.486,-36.5099],"stabilizedTipPosition":[-45.125,338.009,-66.2603],"timeVisible":0.352692,"tipPosition":[-43.9487,339.375,-70.609],"tipVelocity":[48.9249,130.862,-153.656],"tool":false,"touchDistance":0.00935167,"touchZone":"hovering","type":1,"width":19.133},{"bases":[[[0.863899,-0.386237,-0.323264],[0.503545,0.648302,0.571093],[-0.0110044,-0.656144,0.754555]],[[0.863619,-0.396498,-0.31137],[0.241218,0.867319,-0.435398],[0.442691,0.30091,0.844676]],[[0.863619,-0.396498,-0.31137],[-0.422374,-0.231848,-0.876269],[0.275249,0.888277,-0.367699]],[[0.863619,-0.396498,-0.31137],[-0.49587,-0.779509,-0.382725],[-0.0909655,0.484928,-0.869811]]],"btipPosition":[-35.9128,249.956,-20.209],"carpPosition":[-9.51439,253.021,45.6253],"dipPosition":[-37.6037,258.97,-36.3772],"direction":[-0.275249,-0.888277,0.367699],"extended":false,"handId":340,"id":3402,"length":66.2798,"mcpPosition":[-8.75496,298.302,-6.44766],"pipPosition":[-29.8615,283.956,-46.7199],"stabilizedTipPosition":[-41.0103,246.311,-13.2586],"timeVisible":0.352692,"tipPosition":[-36.1721,251.574,-22.9756],"tipVelocity":[56.8526,66.604,-154.285],"tool":false,"touchDistance":0.333333,"touchZone":"none","type":2,"width":18.7912},{"bases":[[[0.812429,-0.52635,-0.250827],[0.563373,0.597803,0.5703],[-0.150232,-0.604638,0.782204]],[[0.812257,-0.527041,-0.249933],[0.365092,0.793535,-0.486837],[0.454913,0.304188,0.836973]],[[0.812257,-0.527041,-0.249933],[-0.419729,-0.230566,-0.877876],[0.40505,0.817965,-0.408494]],[[0.812257,-0.527041,-0.249933],[-0.583055,-0.721192,-0.374072],[0.0169016,0.449567,-0.893087]]],"btipPosition":[-20.8184,242.758,-16.1446],"carpPosition":[1.38946,249.46,41.6126],"dipPosition":[-20.506,251.067,-32.6501],"direction":[-0.40505,-0.817965,0.408494],"extended":false,"handId":340,"id":3403,"length":63.7298,"mcpPosition":[10.6979,286.924,-6.85337],"pipPosition":[-9.40701,273.48,-43.8435],"stabilizedTipPosition":[-24.9724,239.05,-10.6692],"timeVisible":0.352692,"tipPosition":[-20.5468,244.326,-18.8769],"tipVelocity":[56.8379,74.8409,-148.007],"tool":false,"touchDistance":0.333333,"touchZone":"none","type":3,"width":17.881},{"bases":[[[0.685253,-0.684283,-0.249369],[0.667376,0.452877,0.591195],[-0.291611,-0.571541,0.767009]],[[0.655327,-0.734238,-0.177319],[0.595449,0.646603,-0.476807],[0.464745,0.20688,0.860937]],[[0.655327,-0.734238,-0.177319],[-0.401478,-0.139736,-0.905146],[0.639814,0.664356,-0.386353]],[[0.655327,-0.734238,-0.177319],[-0.727006,-0.549414,-0.411833],[0.204962,0.398797,-0.893841]]],"btipPosition":[-6.00619,245.635,-16.0739],"carpPosition":[9.39571,239.742,35.3165],"dipPosition":[-2.51161,252.434,-31.3137],"direction":[-0.639814,-0.664356,0.386353],"extended":false,"handId":340,"id":3404,"length":49.963,"mcpPosition":[26.1215,272.523,-8.67646],"pipPosition":[9.86668,265.288,-38.7884],"stabilizedTipPosition":[-8.22091,242.665,-12.2567],"timeVisible":0.352692,"tipPosition":[-5.18296,246.776,-18.608],"tipVelocity":[58.4587,93.4434,-162.885],"tool":false,"touchDistance":0.333333,"touchZone":"none","type":4,"width