{"sensorType":"Leap","data":[[0,{"currentFrameRate":110.234,"devices":[],"gestures":[{"direction":[0.366415,0.789301,-0.49269],"duration":36033,"handIds":[338],"id":2,"pointableIds":[3380],"position":[-86.3308,239.478,-24.2713],"speed":255.718,"startPosition":[-133.098,139.206,37.606],"state":"update","type":"swipe"},{"direction":[0.400132,0.830707,-0.387068],"duration":54354,"handIds":[338],"id":1,"pointableIds":[3381],"position":[-59.128,299.814,-59.1586],"speed":311.263,"startPosition":[-116.17,182.496,-4.31349],"state":"update","type":"swipe"}],"hands":[{"armBasis":[[0.836974,-0.33539,-0.432422],[0.466683,0.850121,0.243928],[0.285801,-0.405965,0.86805]],"armWidth":63.029,"confidence":0.716154,"direction":[0.102892,0.728661,-0.677101],"elbow":[59.3707,93.1004,284.412],"grabStrength":0.0423064,"id":338,"palmNormal":[-0.479941,-0.559866,-0.675431],"palmPosition":[-20.0829,241.025,15.729],"palmVelocity":[183.879,458.085,-256.197],"palmWidth":90.0033,"pinchStrength":0.420923,"r":[[0.955516,-0.220181,0.196239],[0.171224,0.955862,0.238766],[-0.240149,-0.194544,0.951042]],"s":0.975465,"sphereCenter":[-41.9872,232.744,-24.5827],"sphereRadius":45.4685,"stabilizedPalmPosition":[-21.5154,237.411,17.7551],"t":[58.4204,117.444,-65.2915],"timeVisible":0.216912,"type":"right","wrist":[-16.9587,201.522,52.5797]}],"id":1147561,"interactionBox":{"center":[0,200,0],"size":[235.247,235.247,147.751]},"pointables":[{"bases":[[[0.799937,0.484214,0.354455],[-0.526693,0.283472,0.801398],[0.28757,-0.827756,0.481791]],[[0.597105,0.794385,0.111436],[-0.633422,0.381691,0.673119],[0.492181,-0.472509,0.731091]],[[0.597105,0.794385,0.111436],[-0.709744,0.458452,0.534869],[0.373804,-0.398464,0.837554]],[[0.597105,0.794385,0.111436],[-0.800192,0.580131,0.15212],[0.0561946,-0.180002,0.98206]]],"btipPosition":[-85.2122,245.135,-31.1871],"carpPosition":[-47.0023,204.199,55.8932],"dipPosition":[-83.9113,240.968,-8.4526],"direction":[-0.373804,0.398464,-0.837554],"extended":true,"handId":338,"id":3380,"length":51.5512,"mcpPosition":[-47.0023,204.199,55.8932],"pipPosition":[-71.3044,227.529,19.7946],"stabilizedTipPosition":[-86.8369,239.002,-23.4529],"timeVisible":0.216912,"tipPosition":[-85.3396,244.559,-25.8949],"tipVelocity":[205.298,497.666,-272.732],"tool":false,"touchDistance":0.271741,"touchZone":"hovering","type":0,"width":20.0304},{"bases":[[[0.876154,-0.266521,-0.401648],[0.467977,0.670053,0.576218],[0.115551,-0.692818,0.711795]],[[0.876889,-0.271037,-0.396995],[0.449251,0.755878,0.476259],[0.170996,-0.595977,0.784584]],[[0.876889,-0.271037,-0.396995],[0.338649,0.934456,0.110041],[0.341149,-0.230935,0.9112]],[[0.876889,-0.271037,-0.396995],[0.211671,0.959219,-0.187336],[0.43158,0.0802404,0.898499]]],"btipPosition":[-60.8056,299.502,-62.6511],"carpPosition":[-29.6799,219.593,59.4598],"dipPosition":[-53.5118,300.858,-47.4662],"direction":[-0.341149,0.230935,-0.9112],"extended":true,"handId":338,"id":3381,"length":58.1698,"mcpPosition":[-38.0888,270.01,7.66116],"pipPosition":[-45.3555,295.337,-25.6809],"stabilizedTipPosition":[-60.363,297.039,-57.8488],"timeVisible":0.216912,"tipPosition":[-59.5256,298.066,-58.9288],"tipVelocity":[267.185,578.852,-264.168],"tool":false,"touchDistance":0.297266,"touchZone":"hovering","type":1,"width":19.133},{"bases":[[[0.791008,-0.467969,-0.394096],[0.611788,0.599974,0.515506],[-0.00479345,-0.648873,0.760882]],[[0.790769,-0.480366,-0.379386],[0.247484,0.817779,-0.519605],[0.559854,0.316996,0.765557]],[[0.790769,-0.480366,-0.379386],[-0.543223,-0.265061,-0.79665],[0.282123,0.836057,-0.470547]],[[0.790769,-0.480366,-0.379386],[-0.591236,-0.759896,-0.270182],[-0.158508,0.437958,-0.884912]]],"btipPosition":[-49.7536,215.922,-4.14918],"carpPosition":[-18.4027,217.913,55.1759],"dipPosition":[-52.7,224.063,-20.5981],"direction":[-0.282123,-0.836057,0.470547],"extended":false,"handId":338,"id":3382,"length":66.2798,"mcpPosition":[-18.0719,262.693,2.66633],"pipPosition":[-44.7644,247.579,-33.8337],"stabilizedTipPosition":[-52.5758,211.247,-4.23981],"timeVisible":0.216912,"tipPosition":[-50.1733,217.278,-6.74395],"tipVelocity":[170.914,488.864,-291.2],"tool":false,"touchDistance":0.333333,"touchZone":"none","type":2,"width":18.7912},{"bases":[[[0.733296,-0.602244,-0.315563],[0.666274,0.544016,0.510025],[-0.135488,-0.58425,0.800184]],[[0.734268,-0.597951,-0.321412],[0.354699,0.741616,-0.569381],[0.578826,0.304074,0.756637]],[[0.734268,-0.597951,-0.321412],[-0.55321,-0.252637,-0.793809],[0.393458,0.760677,-0.516296]],[[0.734268,-0.597951,-0.321412],[-0.674795,-0.694618,-0.249315],[-0.0741801,0.399951,-0.91353]]],"btipPosition":[-34.8856,207.842,-1.73695],"carpPosition":[-8.28887,213.315,50.252],"dipPosition":[-36.2566,215.234,-18.6202],"direction":[-0.393458,-0.760677,0.516296],"extended":false,"handId":338,"id":3383,"length":63.7298,"mcpPosition":[0.106062,249.516,0.672055],"pipPosition":[-25.4752,236.077,-32.7676],"stabilizedTipPosition":[-37.3381,202.934,-1.84139],"timeVisible":0.216912,"tipPosition":[-34.8925,209.267,-4.54837],"tipVelocity":[164.298,474.537,-280.68],"tool":false,"touchDistance":0.333333,"touchZone":"none","type":3,"width":17.881},{"bases":[[[0.592451,-0.74737,-0.300733],[0.757612,0.389954,0.523412],[-0.27391,-0.537935,0.797245]],[[0.557979,-0.803004,-0.209388],[0.565152,0.552466,-0.612687],[0.60767,0.22353,0.762084]],[[0.557979,-0.803004,-0.209388],[-0.55847,-0.176723,-0.810481],[0.613816,0.569169,-0.547062]],[[0.557979,-0.803004,-0.209388],[-0.823585,-0.504888,-0.258448],[0.101817,0.316658,-0.943059]]],"btipPosition":[-20.9885,209.478,-2.32698],"carpPosition":[-1.83399,202.853,43.3917],"dipPosition":[-19.2525,214.877,-18.406],"direction":[-0.613816,-0.569169,0.547062],"extended":false,"handId":338,"id":3384,"length":49.963,"mcpPosition":[13.8765,233.707,-2.33541],"pipPosition":[-7.37721,225.889,-28.9899],"stabilizedTipPosition":[-22.4716,205.085,-2.68055],"timeVisible":0.216912,"tipPosition":[-20.4157,210.391,-4.92311],"tipVelocity":[168.59,465.161,-279.018],"tool":false,"touchDistance":0.333333,"touchZone":"none","type":4,"width":15.8833}],"r":[[0.955516,-0.220181,0.196239],[0.171224,0.955862,0.238766],[-0.240149,-0.194544,0.951042]],"s":0.975465,"t":[58.4204,117.444,-65.2915],"timestamp":15148193749},false],[1,{"currentFrameRate":110.277,"devices":[],"gestures":[{"direction":[0.366415,0.789301,-0.49269],"duration":36033,"handIds":[338],"id":2,"pointableIds":[3380],"position":[-86.3308,239.478,-24.2713],"speed":255.718,"startPosition":[-133.098,139.206,37.606],"state":"update","type":"swipe"},{"direction":[0.390683,0.839094,-0.378533],"duration":63347,"handIds":[338],"id":1,"pointableIds":[3381],"position":[-57.1579,304.858,-60.3767],"speed":315.992,"startPosition":[-116.17,182.496,-4.31349],"state":"update","type":"swipe"}],"hands":[{"armBasis":[[0.837402,-0.334439,-0.43233],[0.466832,0.849021,0.247451],[0.2843,-0.409041,0.867098]],"armWidth":63.029,"confidence":0.724195,"direction":[0.111334,0.738648,-0.664833],"elbow":[59.5751,95.1038,281.703],"grabStrength":0.0306322,"id":338,"palmNormal":[-0.477633,-0.546887,-0.687591],"palmPosition":[-19.0186,244.436,13.876],"palmVelocity":[165.897,436.465,-242.436],"palmWidth":90.0033,"pinchStrength":0.424821,"r":[[0.953294,-0.226195,0.200167],[0.174772,0.953582,0.245228],[-0.246345,-0.198791,0.948576]],"s":0.976566,"sphereCenter":[-40.6363,236.801,-26.8407],"sphereRadius":45.5398,"stabilizedPalmPosition":[-20.2222,241.05,15.7459],"t":[59.7322,121.115,-67.3197],"timeVisible":0.225905,"type":"right","wrist":[-16.3534,204.347,50.1248]}],"id":1147562,"interactionBox":{"center":[0,200,0],"size":[235.247,235.247,147.751]},"pointables":[{"bases":[[[0.799613,0.4747,0.367803],[-0.531204,0.273475,0.801894],[0.280074,-0.836583,0.470837]],[[0.600028,0.789642,0.128184],[-0.63413,0.371802,0.677969],[0.487694,-0.488086,0.723828]],[[0.600028,0.789642,0.128184],[-0.712693,0.45487,0.534006],[0.363367,-0.411775,0.835707]],[[0.600028,0.789642,0.128184],[-0.798892,0.58312,0.147455],[0.0416899,-0.190882,0.980727]]],"btipPosition":[-83.708,249.524,-33.367],"carpPosition":[-46.4075,207.118,53.2615],"dipPosition":[-82.7429,245.105,-10.6634],"direction":[-0.363367,0.411775,-0.835707],"extended":true,"handId":338,"id":3380,"length":51.5512,"mcpPosition":[-46.4075,207.118,53.2615],"pipPosition":[-70.488,231.218,17.5216],"stabilizedTipPosition":[-85.2705,243.446,-25.6464],"timeVisible":0.225905,"tipPosition":[-83.9015,248.888,-28.1047],"tipVelocity":[192.503,493.268,-264.626],"tool":false,"touchDistance":0.270452,"touchZone":"hovering","type":0,"width":20.0304},{"bases":[[[0.877798,-0.264483,-0.399399],[0.466924,0.658668,0.590033],[0.107017,-0.704419,0.701671]],[[0.878471,-0.26903,-0.394856],[0.449254,0.746439,0.490918],[0.162665,-0.608648,0.776587]],[[0.878471,-0.26903,-0.394856],[0.344418,0.929339,0.133064],[0.331157,-0.252888,0.909056]],[[0.878471,-0.26903,-0.394856],[0.22262,0.961694,-0.159953],[0.422763,0.0526113,0.904712]]],"btipPosition":[-58.8013,304.654,-63.8934],"carpPosition":[-29.0385,222.369,57.1946],"dipPosition":[-51.6564,305.543,-48.6035],"direction":[-0.331157,0.252888,-0.909056],"extended":true,"handId":338,"id":3381,"length":58.1698,"mcpPosition":[-36.8263,273.631,6.13278],"pipPosition":[-43.739,299.497,-26.8695],"stabilizedTipPosition":[-58.3118,302.043,-59.4666],"timeVisible":0.225905,"tipPosition":[-57.5562,303.152,-60.1834],"tipVelocity":[253.982,573.923,-228.848],"tool":false,"touchDistance":0.304269,"touchZone":"hovering","type":1,"width":19.133},{"bases":[[[0.791639,-0.465607,-0.395624],[0.610841,0.588846,0.529277],[-0.0134738,-0.660659,0.750565]],[[0.791237,-0.478135,-0.381223],[0.256064,0.825184,-0.50349],[0.555315,0.300762,0.77535]],[[0.791237,-0.478135,-0.381223],[-0.538082,-0.248184,-0.805526],[0.290537,0.842491,-0.453648]],[[0.791237,-0.478135,-0.381223],[-0.593037,-0.752045,-0.287637],[-0.149167,0.453668,-0.878598]]],"btipPosition":[-48.684,219.825,-6.70564],"carpPosition":[-17.7383,220.702,52.967],"dipPosition":[-51.4568,228.258,-23.0372],"direction":[-0.290537,-0.842491,0.453648],"extended":false,"handId":338,"id":3382,"length":66.2798,"mcpPosition":[-16.8084,266.295,1.16947],"pipPosition":[-43.2846,251.956,-35.7974],"stabilizedTipPosition":[-51.2617,215.495,-6.75246],"timeVisible":0.225905,"tipPosition":[-49.0797,221.241,-9.30161],"tipVelocity":[157.87,475.874,-288.475],"tool":false,"touchDistance":0.333333,"touchZone":"none","type":2,"width":18.7912},{"bases":[[[0.732712,-0.60081,-0.319626],[0.665098,0.532715,0.523316],[-0.144144,-0.596022,0.789924]],[[0.733606,-0.59704,-0.324599],[0.364736,0.748941,-0.553222],[0.573402,0.287454,0.76719]],[[0.733606,-0.59704,-0.324599],[-0.546591,-0.234565,-0.803877],[0.403807,0.767152,-0.498415]],[[0.733606,-0.59704,-0.324599],[-0.676706,-0.685632,-0.268288],[-0.0623768,0.416476,-0.907004]]],"btipPosition":[-33.9331,211.64,-4.38489],"carpPosition":[-7.61065,216.133,48.0453],"dipPosition":[-35.0859,219.337,-21.1476],"direction":[-0.403807,-0.767152,0.498415],"extended":false,"handId":338,"id":3383,"length":63.7298,"mcpPosition":[1.32061,253.063,-0.898925],"pipPosition":[-24.0209,240.359,-34.805],"stabilizedTipPosition":[-36.0823,207.124,-4.40068],"timeVisible":0.225905,"tipPosition":[-33.8902,213.119,-7.17576],"tipVelocity":[149.811,462.366,-283.61],"tool":false,"touchDistance":0.333333,"touchZone":"none","type":3,"width":17.881},{"bases":[[[0.591072,-0.74546,-0.308096],[0.7556,0.378018,0.53495],[-0.282318,-0.548991,0.786705]],[[0.555187,-0.802983,-0.216763],[0.579437,0.560381,-0.591799],[0.596674,0.202959,0.776394]],[[0.555187,-0.802983,-0.216763],[-0.545297,-0.154623,-0.823859],[0.628027,0.575596,-0.523709]],[[0.555187,-0.802983,-0.216763],[-0.823252,-0.493434,-0.280675],[0.118419,0.334278,-0.935006]]],"btipPosition":[-20.0012,213.302,-5.13483],"carpPosition":[-1.15553,205.748,41.069],"dipPosition":[-17.9822,219.001,-21.0766],"direction":[-0.628027,-0.575596,0.523709],"extended":false,"handId":338,"id":3384,"length":49.963,"mcpPosition":[15.0372,237.236,-4.05363],"pipPosition":[-5.83192,230.137,-31.2086],"stabilizedTipPosition":[-21.2325,209.108,-5.26486],"timeVisible":0.225905,"tipPosition":[-19.3701,214.254,-7.6479],"tipVelocity":[154.441,456.289,-287.167],"tool":false,"touchDistance":0.333333,"touchZone":"none","type":4,"width":15.8833}],"r":[[0.953294,-0.226195,0.200167],[0.174772,0.953582,0.245228],[-0.246345,-0.198791,0.948576]],"s":0.976566,"t":[59.7322,121.115,-67.3197],"timestamp":15148202742},false],[2,{"currentFrameRate":110.302,"devices":[],"gestures":[{"direction":[0.366415,0.789301,-0.49269],"duration":36033,"handIds":[338],"id":2,"pointableIds":[3380],"position":[-86.3308,239.478,-24.2713],"speed":255.718,"startPosition":[-133.098,139.206,37.606],"state":"update","type":"swipe"},{"direction":[0.381577,0.846973,-0.370183],"duration":72369,"handIds":[338],"id":1,"pointableIds":[3381],"position":[-55.9536,309.863,-61.5649],"speed":320.836,"startPosition":[-116.17,182.496,-4.31349],"state":"update","type":"swipe"}],"hands":[{"armBasis":[[0.840553,-0.330448,-0.429273],[0.463026,0.849571,0.252657],[0.281208,-0.411136,0.867116]],"armWidth":63.029,"confidence":0.720147,"direction":[0.114923,0.750099,-0.651264],"elbow":[59.3079,97.4884,279.017],"grabStrength":0.0218642,"id":338,"palmNormal":[-0.473335,-0.535047,-0.69977],"palmPosition":[-18.2642,248.002,11.8705],"palmVelocity":[143.26,425.11,-236.894],"palmWidth":90.0033,"pinchStrength":0.425914,"r":[[0.951255,-0.231642,0.203608],[0.177198,0.950858,0.253908],[-0.252418,-0.205453,0.945555]],"s":0.977147,"sphereCenter":[-39.5967,240.927,-29.2646],"sphereRadius":45.634,"stabilizedPalmPosition":[-19.2087,244.648,13.7399],"t":[60.7653,124.734,-69.3366],"timeVisible":0.234927,"type":"right","wrist":[-15.7949,207.291,47.4342]}],"id":1147563,"interactionBox":{"center":[0,200,0],"size":[235.247,235.247,147.751]},"pointables":[{"bases":[[[0.797224,0.468523,0.380683],[-0.536038,0.259356,0.803367],[0.277664,-0.844524,0.457911]],[[0.599098,0.787333,0.145562],[-0.634826,0.356298,0.6856],[0.487932,-0.503148,0.713277]],[[0.599098,0.787333,0.145562],[-0.716785,0.446377,0.535693],[0.356794,-0.42527,0.831772]],[[0.599098,0.787333,0.145562],[-0.800091,0.581736,0.146417],[0.0306005,-0.204181,0.978455]]],"btipPosition":[-82.7019,253.91,-35.4812],"carpPosition":[-45.8681,209.997,50.4411],"dipPosition":[-81.9935,249.183,-12.8301],"direction":[-0.356794,0.42527,-0.831772],"extended":true,"handId":338,"id":3380,"length":51.5512,"mcpPosition":[-45.8681,209.997,50.4411],"pipPosition":[-69.9604,234.841,15.2221],"stabilizedTipPosition":[-83.969,247.914,-27.85],"timeVisible":0.234927,"tipPosition":[-82.9021,253.16,-30.2897],"tipVelocity":[168.418,489.145,-256.66],"tool":false,"touchDistance":0.269344,"touchZone":"hovering","type":0,"width":20.0304},{"bases":[[[0.880251,-0.257225,-0.39874],[0.463152,0.648499,0.604102],[0.103193,-0.716439,0.689976]],[[0.880893,-0.2618,-0.39432],[0.445871,0.73855,0.505711],[0.15883,-0.621293,0.767312]],[[0.880893,-0.2618,-0.39432],[0.344596,0.925847,0.155116],[0.324471,-0.272522,0.905787]],[[0.880893,-0.2618,-0.39432],[0.226605,0.964689,-0.134259],[0.415545,0.0289123,0.909113]]],"btipPosition":[-57.5689,309.75,-65.0987],"carpPosition":[-28.5293,225.184,54.7403],"dipPosition":[-50.546,310.239,-49.7344],"direction":[-0.324471,0.272522,-0.905787],"extended":true,"handId":338,"id":3381,"length":58.1698,"mcpPosition":[-36.0388,277.321,4.52951],"pipPosition":[-42.7885,303.723,-28.0786],"stabilizedTipPosition":[-56.771,307.153,-60.8377],"timeVisible":0.234927,"tipPosition":[-56.3398,308.197,-61.4038],"tipVelocity":[220.828,568.633,-202.119],"tool":false,"touchDistance":0.307704,"touchZone":"hovering","type":1,"width":19.133},{"bases":[[[0.79416,-0.458412,-0.398959],[0.607454,0.579789,0.542995],[-0.0176036,-0.673574,0.73891]],[[0.793682,-0.471126,-0.384849],[0.25924,0.834251,-0.486641],[0.55033,0.28647,0.784265]],[[0.793682,-0.471126,-0.384849],[-0.53295,-0.233472,-0.813299],[0.293315,0.850606,-0.436389]],[[0.793682,-0.471126,-0.384849],[-0.591052,-0.746926,-0.304563],[-0.143967,0.469192,-0.871282]]],"btipPosition":[-47.8015,223.773,-9.36369],"carpPosition":[-17.2036,223.594,50.5512],"dipPosition":[-50.4776,232.494,-25.5593],"direction":[-0.293315,-0.850606,0.436389],"extended":false,"handId":338,"id":3382,"length":66.2798,"mcpPosition":[-15.9888,270.079,-0.442079],"pipPosition":[-42.2273,256.42,-37.834],"stabilizedTipPosition":[-50.1023,219.686,-9.33504],"timeVisible":0.234927,"tipPosition":[-48.1887,225.243,-11.9581],"tipVelocity":[142.023,467.36,-289.212],"tool":false,"touchDistance":0.333333,"touchZone":"none","type":2,"width":18.7912},{"bases":[[[0.734846,-0.594932,-0.325664],[0.66177,0.523789,0.536382],[-0.148531,-0.609673,0.778612]],[[0.735635,-0.591641,-0.329852],[0.369579,0.758651,-0.536526],[0.567673,0.272781,0.776749]],[[0.735635,-0.591641,-0.329852],[-0.53995,-0.218133,-0.81294],[0.409017,0.776131,-0.479923]],[[0.735635,-0.591641,-0.329852],[-0.675207,-0.679422,-0.287196],[-0.0541912,0.43399,-0.899286]]],"btipPosition":[-33.1366,215.546,-7.19032],"carpPosition":[-7.04517,219.114,45.6108],"dipPosition":[-34.1381,223.567,-23.8104],"direction":[-0.409017,-0.776131,0.479923],"extended":false,"handId":338,"id":3383,"length":63.7298,"mcpPosition":[2.15795,256.89,-2.63257],"pipPosition":[-22.9304,244.834,-36.961],"stabilizedTipPosition":[-34.9905,211.252,-7.05938],"timeVisible":0.234927,"tipPosition":[-33.0564,217.089,-9.96164],"tipVelocity":[133.942,456.539,-290.134],"tool":false,"touchDistance":0.333333,"touchZone":"none","type":3,"width":17.881},{"bases":[[[0.593204,-0.739809,-0.317479],[0.75227,0.368944,0.545867],[-0.286705,-0.56264,0.775394]],[[0.555931,-0.800094,-0.225366],[0.593007,0.571741,-0.566971],[0.582481,0.181553,0.79231]],[[0.555931,-0.800094,-0.225366],[-0.52869,-0.131131,-0.838625],[0.641426,0.585366,-0.495902]],[[0.555931,-0.800094,-0.225366],[-0.820132,-0.48381,-0.30547],[0.135371,0.35465,-0.925148]]],"btipPosition":[-19.1904,217.403,-8.32407],"carpPosition":[-0.544516,208.854,38.4937],"dipPosition":[-16.8824,223.45,-24.0977],"direction":[-0.641426,-0.585366,0.495902],"extended":false,"handId":338,"id":3384,"length":49.963,"mcpPosition":[15.8999,241.125,-5.98017],"pipPosition":[-4.47287,234.775,-33.6918],"stabilizedTipPosition":[-20.1545,213.166,-8.06659],"timeVisible":0.234927,"tipPosition":[-18.4952,218.389,-10.7191],"tipVelocity":[138.701,458.253,-304.238],"tool":false,"touchDistance":0.333333,"touchZone":"none","type":4,"width":15.8833}],"r":[[0.951255,-0.231642,0.203608],[0.177198,0.950858,0.253908],[-0.252418,-0.205453,0.945555]],"s":0.977147,"t":[60.7653,124.734,-69.3366],"timestamp":15148211764},false],[3,{"currentFrameRate":110.341,"devices":[],"gestures":[{"direction":[0.366415,0.789301,-0.49269],"duration":36033,"handIds":[338],"id":2,"pointableIds":[3380],"position":[-86.3308,239.478,-24.2713],"speed":255.718,"startPosition":[-133.098,139.206,37.606],"state":"update","type":"swipe"},{"direction":[0.381577,0.846973,-0.370183],"duration":72369,"handIds":[338],"id":1,"pointableIds":[3381],"position":[-55.9536,309.863,-61.5649],"speed":320.836,"startPosition":[-116.17,182.496,-4.31349],"state":"update","type":"swipe"}],"hands":[{"armBasis":[[0.846361,-0.320586,-0.425322],[0.452496,0.854014,0.256724],[0.280929,-0.409737,0.867868]],"armWidth":63.029,"confidence":0.722433,"direction":[0.116658,0.757196,-0.642686],"elbow":[59.6235,100.608,276.577],"grabStrength":0.0101621,"id":338,"palmNormal":[-0.461605,-0.531626,-0.710137],"palmPosition":[-17.7767,251.073,9.59798],"palmVelocity":[118.826,402.175,-241.238],"palmWidth":90.0033,"pinchStrength":0.42759,"r":[[0.949472,-0.235035,0.207993],[0.177135,0.948377,0.263068],[-0.259086,-0.212933,0.94209]],"s":0.977569,"sphereCenter":[-38.5762,244.155,-31.9579],"sphereRadius":45.7136,"stabilizedPalmPosition":[-18.48,247.918,11.6321],"t":[61.5256,128.078,-71.4813],"timeVisible":0.243919,"type":"right","wrist":[-15.4048,210.038,44.7934]}],"id":1147564,"interactionBox":{"center":[0,200,0],"size":[235.247,235.247,147.751]},"pointables":[{"bases":[[[0.789496,0.47054,0.394065],[-0.546812,0.247671,0.799785],[0.278733,-0.846907,0.452832]],[[0.591969,0.789895,0.16012],[-0.642211,0.342256,0.685876],[0.486968,-0.508849,0.709884]],[[0.591969,0.789895,0.16012],[-0.726749,0.437258,0.529757],[0.348438,-0.429967,0.832898]],[[0.591969,0.789895,0.16012],[-0.805806,0.576169,0.136769],[0.0157769,-0.209989,0.977576]]],"btipPosition":[-81.6899,256.984,-38.2825],"carpPosition":[-45.5286,212.497,47.4898],"dipPosition":[-81.3246,252.123,-15.6518],"direction":[-0.348438,0.429967,-0.832898],"extended":false,"handId":338,"id":3380,"length":51.5512,"mcpPosition":[-45.5286,212.497,47.4898],"pipPosition":[-69.5732,237.622,12.4384],"stabilizedTipPosition":[-82.8527,251.671,-30.3195],"timeVisible":0.243919,"tipPosition":[-81.9481,256.172,-33.1389],"tipVelocity":[150.681,447.805,-271.859],"tool":false,"touchDistance":0.254301,"touchZone":"hovering","type":0,"width":20.0304},{"bases":[[[0.886485,-0.246987,-0.391334],[0.451655,0.645925,0.615458],[0.100762,-0.722342,0.684155]],[[0.887105,-0.251555,-0.386995],[0.434656,0.737392,0.517037],[0.155303,-0.626876,0.763484]],[[0.887105,-0.251555,-0.386995],[0.337956,0.925052,0.173389],[0.314373,-0.284602,0.905633]],[[0.887105,-0.251555,-0.386995],[0.22563,0.96777,-0.111863],[0.402661,0.0119161,0.915271]]],"btipPosition":[-56.6039,313.576,-67.2245],"carpPosition":[-28.3501,227.766,52.1287],"dipPosition":[-49.7988,313.777,-51.7561],"direction":[-0.314373,0.284602,-0.905633],"extended":true,"handId":338,"id":3381,"length":58.1698,"mcpPosition":[-35.6828,280.333,2.34143],"pipPosition":[-42.2826,306.973,-30.104],"stabilizedTipPosition":[-55.6326,311.404,-62.6969],"timeVisible":0.243919,"tipPosition":[-55.4071,311.981,-63.5262],"tipVelocity":[188.155,527.318,-210.797],"tool":false,"touchDistance":0.298071,"touchZone":"hovering","type":1,"width":19.133},{"bases":[[[0.801876,-0.448779,-0.394453],[0.597126,0.578854,0.55531],[-0.0208808,-0.680827,0.732146]],[[0.801336,-0.461596,-0.380512],[0.258919,0.841039,-0.474989],[0.539278,0.282104,0.793471]],[[0.801336,-0.461596,-0.380512],[-0.52197,-0.228778,-0.82171],[0.292246,0.857082,-0.424268]],[[0.801336,-0.461596,-0.380512],[-0.582185,-0.748021,-0.31863],[-0.137552,0.476858,-0.868151]]],"btipPosition":[-46.9013,226.862,-12.2349],"carpPosition":[-16.9673,226.299,48.0513],"dipPosition":[-49.4582,235.726,-28.3723],"direction":[-0.292246,-0.857082,0.424268],"extended":false,"handId":338,"id":3382,"length":66.2798,"mcpPosition":[-15.5263,273.284,-2.47523],"pipPosition":[-41.2379,259.834,-40.3061],"stabilizedTipPosition":[-49.0522,223.39,-11.9922],"timeVisible":0.243919,"tipPosition":[-47.2755,228.363,-14.8387],"tipVelocity":[131.361,434.377,-297.062],"tool":false,"touchDistance":0.333333,"touchZone":"none","type":2,"width":18.7912},{"bases":[[[0.742752,-0.586428,-0.323144],[0.651921,0.523313,0.548765],[-0.152706,-0.61826,0.770996]],[[0.743451,-0.583561,-0.326708],[0.371516,0.766558,-0.523798],[0.556109,0.268041,0.7867]],[[0.743451,-0.583561,-0.326708],[-0.527792,-0.211916,-0.822513],[0.410752,0.783932,-0.465548]],[[0.743451,-0.583561,-0.326708],[-0.667282,-0.680041,-0.303776],[-0.0449032,0.443848,-0.894976]]],"btipPosition":[-32.263,218.718,-10.0608],"carpPosition":[-6.72212,221.94,43.1819],"dipPosition":[-33.0929,226.921,-26.6012],"direction":[-0.410752,-0.783931,0.465548],"extended":false,"handId":338,"id":3383,"length":63.7298,"mcpPosition":[2.73964,260.248,-4.58964],"pipPosition":[-21.8376,248.402,-39.3579],"stabilizedTipPosition":[-33.9864,214.954,-9.75325],"timeVisible":0.243919,"tipPosition":[-32.1476,220.302,-12.8256],"tipVelocity":[125.053,429.339,-297.556],"tool":false,"touchDistance":0.333333,"touchZone":"none","type":3,"width":17.881},{"bases":[[[0.602091,-0.732395,-0.317937],[0.74344,0.36904,0.557769],[-0.291176,-0.572195,0.766687]],[[0.563751,-0.794496,-0.225746],[0.601627,0.582268,-0.546817],[0.565888,0.172454,0.806244]],[[0.563751,-0.794496,-0.225746],[-0.510652,-0.120455,-0.851308],[0.649169,0.595203,-0.473617]],[[0.563751,-0.794496,-0.225746],[-0.812151,-0.483486,-0.326575],[0.150318,0.367447,-0.917817]]],"btipPosition":[-18.2817,220.804,-11.3225],"carpPosition":[-0.0679034,211.797,36.0394],"dipPosition":[-15.7188,227.069,-26.9712],"direction":[-0.649168,-0.595203,0.473617],"extended":false,"handId":338,"id":3384,"length":49.963,"mcpPosition":[16.6329,244.616,-7.93507],"pipPosition":[-3.1595,238.584,-36.1341],"stabilizedTipPosition":[-19.1477,216.878,-10.8695],"timeVisible":0.243919,"tipPosition":[-17.5473,221.821,-13.6673],"tipVelocity":[130.162,437.822,-311.377],"tool":false,"touchDistance":0.333333,"touchZone":"none","type":4,"width":15.8833}],"r":[[0.949472,-0.235035,0.207993],[0.177135,0.948377,0.263068],[-0.259086,-0.212933,0.94209]],"s":0.977569,"t":[61.5256,128.078,-71.4813],"timestamp":15148220756},false],[4,{"currentFrameRate":110.096,"devices":[],"gestures":[{"direction":[0.366415,0.789301,-0.49269],"duration":36033,"handIds":[338],"id":2,"pointableIds":[3380],"position":[-86.3308,239.478,-24.2713],"speed":255.718,"startPosition":[-133.098,139.206,37.606],"state":"update","type":"swipe"},{"direction":[0.381577,0.846973,-0.370183],"duration":72369,"handIds":[338],"id":1,"pointableIds":[3381],"position":[-55.9536,309.863,-61.5649],"speed":320.836,"startPosition":[-116.17,182.496,-4.31349],"state":"update","type":"swipe"}],"hands":[{"armBasis":[[0.849625,-0.317961,-0.420759],[0.448782,0.854937,0.260149],[0.277005,-0.409858,0.869071]],"armWidth":63.029,"confidence":0.730234,"direction":[0.120919,0.761989,-0.6362],"elbow":[59.3401,102.568,275.078],"grabStrength":0.000645519,"id":338,"palmNormal":[-0.455671,-0.52678,-0.717542],"palmPosition":[-16.778,253.32,8.0629],"palmVelocity":[114.825,354.37,-218.222],"palmWidth":90.0033,"pinchStrength":0.430209,"r":[[0.947735,-0.237923,0.21258],[0.17646,0.945969,0.272039],[-0.265818,-0.220309,0.938512]],"s":0.977928,"sphereCenter":[-37.249,246.653,-33.761],"sphereRadius":45.7599,"stabilizedPalmPosition":[-17.5945,250.728,9.77523],"t":[62.4051,130.874,-73.3211],"timeVisible":0.253437,"type":"right","wrist":[-14.6401,212.03,42.9736]}],"id":1147565,"interactionBox":{"center":[0,200,0],"size":[235.247,235.247,147.751]},"pointables":[{"bases":[[[0.786033,0.468287,0.403558],[-0.553153,0.241342,0.797355],[0.275996,-0.849977,0.448737]],[[0.590149,0.789068,0.170574],[-0.646065,0.33493,0.685873],[0.48407,-0.514969,0.707448]],[[0.590149,0.789068,0.170574],[-0.731971,0.433886,0.525321],[0.340505,-0.434872,0.833632]],[[0.590149,0.789068,0.170574],[-0.807276,0.575387,0.131284],[0.00544623,-0.215177,0.97656]]],"btipPosition":[-80.2973,259.52,-40.1968],"carpPosition":[-44.7858,214.444,45.4565],"dipPosition":[-80.1713,254.538,-17.5896],"direction":[-0.340505,0.434872,-0.833632],"extended":false,"handId":338,"id":3380,"length":51.5512,"mcpPosition":[-44.7858,214.444,45.4565],"pipPosition":[-68.6874,239.872,10.5254],"stabilizedTipPosition":[-81.5965,254.929,-32.5931],"timeVisible":0.253437,"tipPosition":[-80.5989,258.666,-35.0787],"tipVelocity":[147.758,394.732,-251.66],"tool":false,"touchDistance":0.248742,"touchZone":"hovering","type":0,"width":20.0304},{"bases":[[[0.88968,-0.243376,-0.386313],[0.446347,0.641763,0.62363],[0.0961447,-0.727261,0.679594]],[[0.890245,-0.247766,-0.3822],[0.429831,0.73461,0.52497],[0.150698,-0.631633,0.76048]],[[0.890245,-0.247766,-0.3822],[0.337097,0.922705,0.187034],[0.306317,-0.295344,0.904954]],[[0.890245,-0.247766,-0.3822],[0.229037,0.968814,-0.0945577],[0.393708,-0.00335844,0.919229]]],"btipPosition":[-55.0351,316.578,-68.6052],"carpPosition":[-27.657,229.693,50.339],"dipPosition":[-48.3813,316.521,-53.0699],"direction":[-0.306317,0.295344,-0.904954],"extended":true,"handId":338,"id":3381,"length":58.1698,"mcpPosition":[-34.6537,282.617,0.883781],"pipPosition":[-41.0578,309.46,-31.434],"stabilizedTipPosition":[-54.1823,314.921,-64.2885],"timeVisible":0.253437,"tipPosition":[-53.857,314.96,-64.9081],"tipVelocity":[180.385,464.522,-191.408],"tool":false,"touchDistance":0.296208,"touchZone":"hovering","type":1,"width":19.133},{"bases":[[[0.805275,-0.445209,-0.391561],[0.592335,0.575255,0.56411],[-0.0258993,-0.6862,0.726952]],[[0.804644,-0.458076,-0.377777],[0.262722,0.84525,-0.465328],[0.532471,0.275173,0.800471]],[[0.804644,-0.458076,-0.377777],[-0.514903,-0.221494,-0.82814],[0.295675,0.860876,-0.414088]],[[0.804644,-0.458076,-0.377777],[-0.579211,-0.745534,-0.329686],[-0.130625,0.484092,-0.865212]]],"btipPosition":[-45.7303,229.288,-14.2639],"carpPosition":[-16.242,228.265,46.3385],"dipPosition":[-48.1584,238.287,-30.3466],"direction":[-0.295675,-0.860876,0.414088],"extended":false,"handId":338,"id":3382,"length":66.2798,"mcpPosition":[-14.4546,275.621,-3.82945],"pipPosition":[-39.8416,262.501,-41.9941],"stabilizedTipPosition":[-47.9111,226.68,-14.4577],"timeVisible":0.253437,"tipPosition":[-46.0865,230.821,-16.8737],"tipVelocity":[129.859,383.657,-272.532],"tool":false,"touchDistance":0.333333,"touchZone":"none","type":2,"width":18.7912},{"bases":[[[0.745728,-0.583426,-0.32172],[0.647227,0.51981,0.55758],[-0.158074,-0.624029,0.765246]],[[0.746383,-0.58081,-0.324919],[0.375755,0.770733,-0.514567],[0.549291,0.261973,0.793504]],[[0.746383,-0.58081,-0.324919],[-0.520511,-0.20523,-0.828824],[0.414706,0.787744,-0.455498]],[[0.746383,-0.58081,-0.324919],[-0.664474,-0.677687,-0.314984],[-0.0372474,0.450999,-0.891747]]],"btipPosition":[-31.1127,221.118,-12.0059],"carpPosition":[-5.95584,223.951,41.5162],"dipPosition":[-31.8011,229.453,-28.4866],"direction":[-0.414706,-0.787744,0.455498],"extended":false,"handId":338,"id":3383,"length":63.7298,"mcpPosition":[3.83852,262.616,-5.89902],"pipPosition":[-20.4375,251.038,-40.968],"stabilizedTipPosition":[-32.8814,218.243,-12.2126],"timeVisible":0.253437,"tipPosition":[-30.975,222.728,-14.7747],"tipVelocity":[124.829,379.242,-270.314],"tool":false,"touchDistance":0.333333,"touchZone":"none","type":3,"width":17.881},{"bases":[[[0.60516,-0.729544,-0.318665],[0.738811,0.36555,0.566155],[-0.296547,-0.578048,0.760211]],[[0.566029,-0.792537,-0.226928],[0.606608,0.586814,-0.536355],[0.558245,0.165936,0.812913]],[[0.566029,-0.792537,-0.226928],[-0.502242,-0.113235,-0.857281],[0.653731,0.599219,-0.46214]],[[0.566029,-0.792537,-0.226928],[-0.808929,-0.480906,-0.338177],[0.158887,0.374986,-0.913313]]],"btipPosition":[-17.1108,223.23,-13.1717],"carpPosition":[0.761956,213.865,34.3508],"dipPosition":[-14.4018,229.624,-28.7435],"direction":[-0.653731,-0.599219,0.46214],"extended":false,"handId":338,"id":3384,"length":49.963,"mcpPosition":[17.7708,247.02,-9.25217],"pipPosition":[-1.75423,241.216,-37.6844],"stabilizedTipPosition":[-18.0351,220.15,-13.3305],"timeVisible":0.253437,"tipPosition":[-16.3553,224.28,-15.5315],"tipVelocity":[129.122,386.064,-277.136],"tool":false,"touchDistance":0.333333,"touchZone":"none","type":4,"width":15.8833}],"r":[[0.947735,-0.237923,0.21258],[0.17646,0.945969,0.272039],[-0.265818,-0.220309,0.938512]],"s":0.977928,"t":[62.4051,130.874,-73.3211],"timestamp":15148230274},false],[5,{"currentFrameRate":110.349,"devices":[],"gestures":[{"direction":[0.366415,0.789301,-0.49269],"duration":36033,"handIds":[338],"id":2,"pointableIds":[3380],"position":[-86.3308,239.478,-24.2713],"speed":255.718,"startPosition":[-133.098,139.206,37.606],"state":"stop","type":"swipe"},{"direction":[0.381577,0.846973,-0.370183],"duration":72369,"handIds":[338],"id":1,"pointableIds":[3381],"position":[-55.9536,309.863,-61.5649],"speed":320.836,"startPosition":[-116.17,182.496,-4.31349],"state":"update","type":"swipe"}],"hands":[{"armBasis":[[0.851916,-0.315429,-0.418023],[0.444696,0.857303,0.259378],[0.276557,-0.406862,0.87062]],"armWidth":63.029,"confidence":0.730433,"direction":[0.123345,0.766182,-0.630675],"elbow":[59.9575,104.642,274.23],"grabStrength":0,"id":338,"palmNormal":[-0.450847,-0.522889,-0.723412],"palmPosition":[-15.907,254.811,7.05154],"palmVelocity":[111.201,306.436,-191.56],"palmWidth":90.0033,"pinchStrength":0.434823,"r":[[0.946148,-0.240253,0.216984],[0.17528,0.943688,0.280589],[-0.272178,-0.227446,0.93498]],"s":0.978281,"sphereCenter":[-36.1758,248.383,-34.9725],"sphereRadius":45.8088,"stabilizedPalmPosition":[-16.7869,252.683,8.47161],"t":[63.2803,133.018,-74.7468],"timeVisible":0.26205,"type":"right","wrist":[-13.9032,213.304,41.7117]}],"id":1147566,"interactionBox":{"center":[0,200,0],"size":[235.247,235.247,147.751]},"pointables":[{"bases":[[[0.783053,0.466871,0.410926],[-0.557981,0.235474,0.795745],[0.274747,-0.852399,0.444893]],[[0.58816,0.788678,0.179039],[-0.64862,0.327774,0.686918],[0.483073,-0.520146,0.704336]],[[0.58816,0.788678,0.179039],[-0.736222,0.430507,0.522151],[0.334731,-0.438921,0.833849]],[[0.58816,0.788678,0.179039],[-0.808742,0.574076,0.127955],[-0.00186705,-0.220054,0.975486]]],"btipPosition":[-79.1642,261.239,-41.4417],"carpPosition":[-44.066,215.659,44.0403],"dipPosition":[-79.2074,256.145,-18.8594],"direction":[-0.334731,0.438921,-0.833849],"extended":false,"handId":338,"id":3380,"length":51.5512,"mcpPosition":[-44.066,215.659,44.0403],"pipPosition":[-67.9183,241.342,9.26285],"stabilizedTipPosition":[-80.5128,257.227,-34.2281],"timeVisible":0.26205,"tipPosition":[-79.4833,260.338,-36.3547],"tipVelocity":[142.278,342.324,-223.503],"tool":false,"touchDistance":0.248538,"touchZone":"hovering","type":0,"width":20.0304},{"bases":[[[0.892198,-0.23962,-0.382838],[0.441877,0.63845,0.630179],[0.0934195,-0.731412,0.675507]],[[0.892695,-0.24361,-0.379144],[0.425646,0.732171,0.531744],[0.14806,-0.636066,0.757297]],[[0.892695,-0.24361,-0.379144],[0.336269,0.920174,0.200507],[0.300033,-0.306486,0.903353]],[[0.892695,-0.24361,-0.379144],[0.23212,0.969673,-0.0765156],[0.386286,-0.0197017,0.922169]]],"btipPosition":[-53.7796,318.819,-69.4074],"carpPosition":[-26.9877,230.901,49.1155],"dipPosition":[-47.2513,318.486,-53.8225],"direction":[-0.300033,0.306486,-0.903353],"extended":true,"handId":338,"id":3381,"length":58.1698,"mcpPosition":[-33.786,284.127,-0.0423937],"pipPosition":[-40.078,311.158,-32.2249],"stabilizedTipPosition":[-52.9457,317.403,-65.285],"timeVisible":0.26205,"tipPosition":[-52.6153,317.153,-65.7225],"tipVelocity":[170.342,408.525,-165.067],"tool":false,"touchDistance":0.298656,"touchZone":"hovering","type":1,"width":19.133},{"bases":[[[0.808127,-0.441539,-0.389838],[0.588296,0.572535,0.571061],[-0.0289498,-0.69083,0.722437]],[[0.807446,-0.454352,-0.376291],[0.266131,0.849787,-0.455012],[0.526503,0.267256,0.807074]],[[0.807446,-0.454352,-0.376291],[-0.508422,-0.212411,-0.834499],[0.299229,0.865127,-0.402513]],[[0.807446,-0.454352,-0.376291],[-0.576703,-0.742279,-0.341226],[-0.124276,0.492529,-0.861377]]],"btipPosition":[-44.7595,230.959,-15.8323],"carpPosition":[-15.5482,229.515,45.1703],"dipPosition":[-47.0695,240.114,-31.8438],"direction":[-0.299229,-0.865127,0.402513],"extended":false,"handId":338,"id":3382,"length":66.2798,"mcpPosition":[-13.5504,277.191,-4.68619],"pipPosition":[-38.6528,264.448,-43.1657],"stabilizedTipPosition":[-46.9279,229.076,-16.3552],"timeVisible":0.26205,"tipPosition":[-45.087,232.527,-18.4169],"tipVelocity":[126.159,334.591,-248.109],"tool":false,"touchDistance":0.333333,"touchZone":"none","type":2,"width":18.7912},{"bases":[[[0.748396,-0.580284,-0.321209],[0.643307,0.517212,0.564488],[-0.16143,-0.629096,0.76038]],[[0.74897,-0.578024,-0.323934],[0.379023,0.774736,-0.506088],[0.543494,0.256266,0.799338]],[[0.74897,-0.578024,-0.323934],[-0.514171,-0.198639,-0.834368],[0.417939,0.791474,-0.445978]],[[0.74897,-0.578024,-0.323934],[-0.661884,-0.67545,-0.325081],[-0.0308965,0.457882,-0.888476]]],"btipPosition":[-30.1274,222.75,-13.4212],"carpPosition":[-5.22875,225.247,40.3786],"dipPosition":[-30.6984,231.213,-29.8415],"direction":[-0.417939,-0.791474,0.445978],"extended":false,"handId":338,"id":3383,"length":63.7298,"mcpPosition":[4.77358,264.226,-6.73515],"pipPosition":[-19.2462,252.9,-42.062],"stabilizedTipPosition":[-31.9087,220.636,-14.0615],"timeVisible":0.26205,"tipPosition":[-29.9671,224.385,-16.1835],"tipVelocity":[122.899,329.966,-241.852],"tool":false,"touchDistance":0.333333,"touchZone":"none","type":3,"width":17.881},{"bases":[[[0.608032,-0.726623,-0.319869],[0.735073,0.363036,0.572602],[-0.299942,-0.583287,0.754858]],[[0.568513,-0.790212,-0.22882],[0.608727,0.591163,-0.529129],[0.553394,0.161528,0.817107]],[[0.568513,-0.790212,-0.22882],[-0.497138,-0.10838,-0.860876],[0.655475,0.603174,-0.45446]],[[0.568513,-0.790212,-0.22882],[-0.806245,-0.479863,-0.345978],[0.163594,0.381178,-0.909912]]],"btipPosition":[-16.0781,224.854,-14.3813],"carpPosition":[1.54426,215.217,33.1874],"dipPosition":[-13.2888,231.353,-29.8952],"direction":[-0.655475,-0.603174,0.45446],"extended":false,"handId":338,"id":3384,"length":49.963,"mcpPosition":[18.7478,248.672,-10.1086],"pipPosition":[-0.60754,243.022,-38.6875],"stabilizedTipPosition":[-17.0426,222.518,-15.0947],"timeVisible":0.26205,"tipPosition":[-15.3112,225.926,-16.7427],"tipVelocity":[127.249,334.562,-240.571],"tool":false,"touchDistance":0.333333,"touchZone":"none","type":4,"width":15.8833}],"r":[[0.946148,-0.240253,0.216984],[0.17528,0.943688,0.280589],[-0.272178,-0.227446,0.93498]],"s":0.978281,"t":[63.2803,133.018,-74.7468],"timestamp":15148238887},false],[6,{"currentFrameRate":110.36,"devices":[],"gestures":[{"direction":[0.381577,0.846973,-0.370183],"duration":72369,"handIds":[338],"id":1,"pointableIds":[3381],"position":[-55.9536,309.863,-61.5649],"speed":320.836,"startPosition":[-116.17,182.496,-4.31349],"state":"update","type":"swipe"}],"hands":[{"armBasis":[[0.854463,-0.310907,-0.416209],[0.439612,0.85962,0.260374],[0.27683,-0.405451,0.871192]],"armWidth":63.029,"confidence":0.734467,"direction":[0.120254,0.769167,-0.627632],"elbow":[60.8607,106.281,273.558],"grabStrength":0,"id":338,"palmNormal":[-0.447317,-0.522421,-0.725936],"palmPosition":[-15.2433,256.193,6.38087],"palmVelocity":[100.779,264.084,-159.195],"palmWidth":90.0033,"pinchStrength":0.437437,"r":[[0.945045,-0.241356,0.220539],[0.173273,0.941774,0.288164],[-0.277248,-0.234114,0.931839]],"s":0.978787,"sphereCenter":[-35.4499,249.833,-35.7048],"sphereRadius":45.8433,"stabilizedPalmPosition":[-16.0276,254.409,7.44315],"t":[64.0498,134.78,-75.7949],"timeVisible":0.271093,"type":"right","wrist":[-13.0727,214.566,40.8869]}],"id":1147567,"interactionBox":{"center":[0,200,0],"size":[235.247,235.247,147.751]},"pointables":[{"bases":[[[0.780184,0.469256,0.413657],[-0.560137,0.229658,0.79593],[0.278495,-0.852676,0.442023]],[[0.584167,0.790746,0.182947],[-0.649667,0.32045,0.689379],[0.486499,-0.521567,0.700918]],[[0.584167,0.790746,0.182947],[-0.740069,0.426405,0.520073],[0.333237,-0.439203,0.834299]],[[0.584167,0.790746,0.182947],[-0.811615,0.570632,0.125139],[-0.00544216,-0.221584,0.975126]]],"btipPosition":[-78.384,262.455,-42.1333],"carpPosition":[-43.2498,216.76,43.1869],"dipPosition":[-78.51,257.326,-19.5593],"direction":[-0.333237,0.439203,-0.834299],"extended":false,"handId":338,"id":3380,"length":51.5512,"mcpPosition":[-43.2498,216.76,43.1869],"pipPosition":[-67.2713,242.513,8.57814],"stabilizedTipPosition":[-79.5457,259.092,-35.4777],"timeVisible":0.271093,"tipPosition":[-78.7347,261.54,-37.0527],"tipVelocity":[126.257,284.786,-183.027],"tool":false,"touchDistance":0.251634,"touchZone":"hovering","type":0,"width":20.0304},{"bases":[[[0.893864,-0.233678,-0.382626],[0.43788,0.638287,0.633128],[0.096277,-0.733474,0.672864]],[[0.894356,-0.237516,-0.379097],[0.421209,0.732557,0.534737],[0.150701,-0.637924,0.75521]],[[0.894356,-0.237516,-0.379097],[0.333144,0.919181,0.210049],[0.298568,-0.314153,0.901202]],[[0.894356,-0.237516,-0.379097],[0.231529,0.970847,-0.0620471],[0.382782,-0.0322798,0.923275]]],"btipPosition":[-53.2728,320.611,-69.8685],"carpPosition":[-26.2549,232.069,48.3406],"dipPosition":[-46.8037,320.066,-54.2649],"direction":[-0.298568,0.314153,-0.901202],"extended":true,"handId":338,"id":3381,"length":58.1698,"mcpPosition":[-33.2611,285.445,-0.624908],"pipPosition":[-39.6654,312