{"sensorType":"Leap","data":[[0,{"currentFrameRate":110.611,"devices":[],"gestures":[],"hands":[{"armBasis":[[0.907321,-0.191317,-0.374388],[0.328548,0.878268,0.347422],[0.262345,-0.438228,0.859728]],"armWidth":63.029,"confidence":0.554929,"direction":[0.0258763,0.817014,-0.576037],"elbow":[53.3273,111.489,276.665],"grabStrength":0,"id":334,"palmNormal":[-0.370286,-0.527408,-0.764676],"palmPosition":[-23.9392,271.672,15.1973],"palmVelocity":[17.0946,220.34,-174.109],"palmWidth":90.0033,"pinchStrength":0.714334,"r":[[0.975737,-0.00151374,0.218942],[-0.029981,0.989633,0.140455],[-0.216885,-0.143611,0.965576]],"s":1.14504,"sphereCenter":[-29.4854,254.957,-38.4111],"sphereRadius":51.5877,"stabilizedPalmPosition":[-24.2372,269.524,17.0809],"t":[24.7601,168.62,-85.1758],"timeVisible":0.361207,"type":"right","wrist":[-16.7377,228.528,47.0553]}],"id":1145970,"interactionBox":{"center":[0,200,0],"size":[235.247,235.247,147.751]},"pointables":[{"bases":[[[0.709892,0.537361,0.455298],[-0.591799,0.104598,0.799271],[0.381873,-0.836841,0.392263]],[[0.455153,0.861716,0.224236],[-0.684826,0.17783,0.706675],[0.569077,-0.475208,0.671065]],[[0.455153,0.861716,0.224236],[-0.854804,0.352361,0.380989],[0.249292,-0.365086,0.896976]],[[0.455153,0.861716,0.224236],[-0.890008,0.447883,0.0853641],[-0.0268718,-0.238425,0.970789]]],"btipPosition":[-82.8497,267.997,-36.8773],"carpPosition":[-46.9653,226.701,48.9823],"dipPosition":[-83.4718,262.478,-14.4037],"direction":[-0.249292,0.365086,-0.896976],"extended":false,"handId":334,"id":3340,"length":51.5512,"mcpPosition":[-46.9653,226.701,48.9823],"pipPosition":[-75.0642,250.165,15.8476],"stabilizedTipPosition":[-83.6618,264.472,-29.3774],"timeVisible":0.361207,"tipPosition":[-83.183,266.756,-31.8353],"tipVelocity":[38.2056,220.667,-187.171],"tool":false,"touchDistance":0.174404,"touchZone":"hovering","type":0,"width":20.0304},{"bases":[[[0.91972,-0.0925984,-0.381499],[0.346846,0.646854,0.679174],[0.183883,-0.756971,0.627042]],[[0.929448,-0.13993,-0.341387],[0.276201,0.877367,0.392353],[0.24462,-0.458963,0.854116]],[[0.929448,-0.13993,-0.341387],[0.245468,0.925316,0.289026],[0.275448,-0.352434,0.894382]],[[0.929448,-0.13993,-0.341387],[0.221783,0.951352,0.213872],[0.294853,-0.274497,0.915267]]],"btipPosition":[-67.4673,331.345,-63.4089],"carpPosition":[-32.1217,243.69,55.3705],"dipPosition":[-62.4842,326.706,-47.9406],"direction":[-0.275448,0.352434,-0.894382],"extended":true,"handId":334,"id":3341,"length":58.1698,"mcpPosition":[-45.5032,298.776,9.73951],"pipPosition":[-55.8987,318.28,-26.5574],"stabilizedTipPosition":[-66.823,329.294,-58.6837],"timeVisible":0.361207,"tipPosition":[-66.5708,328.474,-60.3382],"tipVelocity":[46.9703,253.373,-177.702],"tool":false,"touchDistance":0.241198,"touchZone":"hovering","type":1,"width":19.133},{"bases":[[[0.863412,-0.302924,-0.403431],[0.501296,0.605111,0.618501],[0.0567616,-0.73626,0.674314]],[[0.864149,-0.313644,-0.393539],[0.0348701,0.817458,-0.574931],[0.502026,0.483104,0.717343]],[[0.864149,-0.313644,-0.393539],[-0.168378,0.556739,-0.813444],[0.474231,0.7692,0.428295]],[[0.864149,-0.313644,-0.393539],[-0.249468,0.412174,-0.876287],[0.437049,0.855418,0.277936]]],"btipPosition":[-69.8791,234.345,-46.3979],"carpPosition":[-20.5633,244.104,51.5521],"dipPosition":[-61.7552,250.245,-41.2316],"direction":[-0.474231,-0.7692,-0.428295],"extended":false,"handId":334,"id":3342,"length":66.2798,"mcpPosition":[-24.4805,294.915,5.01675],"pipPosition":[-48.416,271.881,-29.1845],"stabilizedTipPosition":[-68.789,236.692,-43.9324],"timeVisible":0.361207,"tipPosition":[-68.0781,238.897,-46.0784],"tipVelocity":[41.86,164.897,-130.112],"tool":false,"touchDistance":0.196482,"touchZone":"hovering","type":2,"width":18.7912},{"bases":[[[0.822092,-0.452717,-0.345272],[0.563255,0.558143,0.609278],[-0.0831189,-0.695359,0.71384]],[[0.822819,-0.446325,-0.3518],[0.181151,0.792729,-0.582036],[0.538659,0.415181,0.733124]],[[0.822819,-0.446325,-0.3518],[-0.0504704,0.5592,-0.827495],[0.566058,0.698634,0.437594]],[[0.822819,-0.446325,-0.3518],[-0.15219,0.423371,-0.893082],[0.547547,0.788385,0.280432]]],"btipPosition":[-54.0087,232.6,-47.1267],"carpPosition":[-9.72235,241.578,46.6774],"dipPosition":[-43.8892,247.17,-41.9439],"direction":[-0.566058,-0.698634,-0.437594],"extended":false,"handId":334,"id":3343,"length":63.7298,"mcpPosition":[-4.57224,284.663,2.44735],"pipPosition":[-28.3783,266.314,-29.9531],"stabilizedTipPosition":[-52.2459,235.329,-45.417],"timeVisible":0.361207,"tipPosition":[-51.4798,237.45,-47.3761],"tipVelocity":[31.1332,143.364,-98.6916],"tool":false,"touchDistance":0.211752,"touchZone":"hovering","type":3,"width":17.881},{"bases":[[[0.702504,-0.616111,-0.356225],[0.674693,0.417294,0.608815],[-0.226447,-0.668037,0.708836]],[[0.667832,-0.696379,-0.262784],[0.427101,0.647684,-0.630943],[0.609577,0.309129,0.729969]],[[0.667832,-0.696379,-0.262784],[0.152549,0.473622,-0.867416],[0.728511,0.539201,0.422533]],[[0.667832,-0.696379,-0.262784],[0.0220624,0.371422,-0.928202],[0.743985,0.614086,0.263412]]],"btipPosition":[-36.7163,239.65,-39.892],"carpPosition":[-1.60487,233.048,38.9613],"dipPosition":[-24.0314,250.12,-35.4008],"direction":[-0.728511,-0.539201,-0.422533],"extended":false,"handId":334,"id":3344,"length":49.963,"mcpPosition":[11.3833,271.364,-1.69499],"pipPosition":[-9.93712,260.552,-27.2262],"stabilizedTipPosition":[-34.2854,240.787,-37.7165],"timeVisible":0.361207,"tipPosition":[-33.2718,242.93,-40.0091],"tipVelocity":[25.3384,198.903,-149.222],"tool":false,"touchDistance":0.194556,"touchZone":"hovering","type":4,"width":15.8833}],"r":[[0.975737,-0.00151374,0.218942],[-0.029981,0.989633,0.140455],[-0.216885,-0.143611,0.965576]],"s":1.14504,"t":[24.7601,168.62,-85.1758],"timestamp":15133560351},false],[1,{"currentFrameRate":110.401,"devices":[],"gestures":[],"hands":[{"armBasis":[[0.907696,-0.195648,-0.371227],[0.331888,0.876068,0.349792],[0.256784,-0.440711,0.860137]],"armWidth":63.029,"confidence":0.567271,"direction":[0.0299166,0.812437,-0.582282],"elbow":[51.8422,113.432,274.688],"grabStrength":0,"id":334,"palmNormal":[-0.369884,-0.532191,-0.76155],"palmPosition":[-23.7219,274.051,12.7586],"palmVelocity":[18.7922,229.452,-198.242],"palmWidth":90.0033,"pinchStrength":0.711455,"r":[[0.975208,-0.00186963,0.221282],[-0.0296037,0.989874,0.138829],[-0.219301,-0.141938,0.965277]],"s":1.15094,"sphereCenter":[-29.3454,257.089,-40.6463],"sphereRadius":51.5785,"stabilizedPalmPosition":[-24.0431,271.229,15.4533],"t":[24.9817,170.509,-87.0232],"timeVisible":0.370637,"type":"right","wrist":[-16.7377,231.133,44.9693]}],"id":1145971,"interactionBox":{"center":[0,200,0],"size":[235.247,235.247,147.751]},"pointables":[{"bases":[[[0.710337,0.538704,0.453013],[-0.593587,0.112607,0.796853],[0.378255,-0.834936,0.399756]],[[0.457187,0.862051,0.218744],[-0.685616,0.184957,0.704076],[0.566491,-0.471868,0.675595]],[[0.457187,0.862051,0.218744],[-0.855124,0.358484,0.374503],[0.244424,-0.358271,0.901054]],[[0.457187,0.862051,0.218744],[-0.888843,0.451351,0.0789964],[-0.0306314,-0.230545,0.972579]]],"btipPosition":[-82.4813,270.133,-39.4326],"carpPosition":[-46.9758,229.414,46.8297],"dipPosition":[-83.1904,264.796,-16.9175],"direction":[-0.244424,0.358271,-0.901054],"extended":false,"handId":334,"id":3340,"length":51.5512,"mcpPosition":[-46.9758,229.414,46.8297],"pipPosition":[-74.947,252.713,13.4713],"stabilizedTipPosition":[-83.2956,266.068,-31.1327],"timeVisible":0.370637,"tipPosition":[-82.8375,268.939,-34.3819],"tipVelocity":[37.8467,223.597,-210.819],"tool":false,"touchDistance":0.131975,"touchZone":"hovering","type":0,"width":20.0304},{"bases":[[[0.920437,-0.098369,-0.378312],[0.347038,0.651041,0.675063],[0.179891,-0.752642,0.633379]],[[0.929778,-0.144592,-0.338536],[0.279315,0.876121,0.392931],[0.239784,-0.459897,0.854984]],[[0.929778,-0.144592,-0.338536],[0.249209,0.924086,0.289759],[0.27094,-0.353778,0.895228]],[[0.929778,-0.144592,-0.338536],[0.225876,0.950247,0.214501],[0.290678,-0.275905,0.916178]]],"btipPosition":[-66.7681,333.842,-66.1876],"carpPosition":[-32.0968,246.406,53.1256],"dipPosition":[-61.8556,329.18,-50.7038],"direction":[-0.27094,0.353778,-0.895228],"extended":true,"handId":334,"id":3341,"length":58.1698,"mcpPosition":[-45.1879,301.177,7.03339],"pipPosition":[-55.3779,320.721,-29.3005],"stabilizedTipPosition":[-66.2052,331.106,-60.7395],"timeVisible":0.370637,"tipPosition":[-65.8931,330.969,-63.1188],"tipVelocity":[54.2397,256.467,-211.002],"tool":false,"touchDistance":0.202634,"touchZone":"hovering","type":1,"width":19.133},{"bases":[[[0.86354,-0.308685,-0.398764],[0.501518,0.608355,0.615129],[0.0527092,-0.731175,0.68015]],[[0.86421,-0.319186,-0.388924],[0.0373057,0.81153,-0.583118],[0.501747,0.489427,0.71324]],[[0.86421,-0.319186,-0.388924],[-0.169116,0.543748,-0.822033],[0.473858,0.776182,0.415932]],[[0.86421,-0.319186,-0.388924],[-0.251199,0.396043,-0.883204],[0.435937,0.860971,0.262085]]],"btipPosition":[-69.5189,236.044,-48.1798],"carpPosition":[-20.5272,246.756,49.335],"dipPosition":[-61.4156,252.048,-43.3082],"direction":[-0.473858,-0.776182,-0.415932],"extended":false,"handId":334,"id":3342,"length":66.2798,"mcpPosition":[-24.1647,297.215,2.39685],"pipPosition":[-48.0869,273.88,-31.6088],"stabilizedTipPosition":[-68.363,237.831,-45.1073],"timeVisible":0.370637,"tipPosition":[-67.7356,240.632,-47.9891],"tipVelocity":[40.6713,169.99,-148.974],"tool":false,"touchDistance":0.165654,"touchZone":"hovering","type":2,"width":18.7912},{"bases":[[[0.821604,-0.457895,-0.339556],[0.563357,0.561128,0.606435],[-0.0871488,-0.689541,0.718984]],[[0.822387,-0.451391,-0.346302],[0.176413,0.781014,-0.599079],[0.540886,0.431583,0.721927]],[[0.822387,-0.451391,-0.346302],[-0.0617071,0.534332,-0.843019],[0.565571,0.714658,0.411574]],[[0.822387,-0.451391,-0.346302],[-0.164721,0.393708,-0.904357],[0.54456,0.800775,0.249427]]],"btipPosition":[-53.7477,233.427,-47.833],"carpPosition":[-9.68121,244.158,44.5089],"dipPosition":[-43.6835,248.226,-43.2233],"direction":[-0.565571,-0.714658,-0.411574],"extended":false,"handId":334,"id":3343,"length":63.7298,"mcpPosition":[-4.2814,286.883,-0.0398322],"pipPosition":[-28.1859,267.809,-31.9455],"stabilizedTipPosition":[-51.8971,235.973,-45.9987],"timeVisible":0.370637,"tipPosition":[-51.24,238.39,-48.3571],"tipVelocity":[29.761,129.063,-95.8891],"tool":false,"touchDistance":0.197783,"touchZone":"hovering","type":3,"width":17.881},{"bases":[[[0.701543,-0.621003,-0.349561],[0.674361,0.419939,0.607361],[-0.230378,-0.661821,0.713386]],[[0.667736,-0.697955,-0.258819],[0.418165,0.639344,-0.645274],[0.615846,0.322644,0.718773]],[[0.667736,-0.697955,-0.258819],[0.133642,0.45444,-0.880696],[0.732303,0.553483,0.396722]],[[0.667736,-0.697955,-0.258819],[0.000518148,0.348125,-0.937448],[0.744398,0.625834,0.232817]]],"btipPosition":[-36.7552,240.841,-40.8208],"carpPosition":[-1.56965,235.544,36.8809],"dipPosition":[-24.0633,251.511,-36.8512],"direction":[-0.732303,-0.553483,-0.396722],"extended":false,"handId":334,"id":3344,"length":49.963,"mcpPosition":[11.644,273.504,-4.03635],"pipPosition":[-9.89567,262.219,-29.176],"stabilizedTipPosition":[-34.091,241.872,-38.6643],"timeVisible":0.370637,"tipPosition":[-33.2631,244.265,-41.2422],"tipVelocity":[16.9704,179.537,-138.366],"tool":false,"touchDistance":0.179523,"touchZone":"hovering","type":4,"width":15.8833}],"r":[[0.975208,-0.00186963,0.221282],[-0.0296037,0.989874,0.138829],[-0.219301,-0.141938,0.965277]],"s":1.15094,"t":[24.9817,170.509,-87.0232],"timestamp":15133569781},false],[2,{"currentFrameRate":110.529,"devices":[],"gestures":[],"hands":[{"armBasis":[[0.907178,-0.194799,-0.372936],[0.33144,0.876864,0.348219],[0.259182,-0.439503,0.860036]],"armWidth":63.029,"confidence":0.579963,"direction":[0.034866,0.810158,-0.585174],"elbow":[52.2488,115.715,272.66],"grabStrength":0,"id":334,"palmNormal":[-0.366404,-0.534396,-0.761689],"palmPosition":[-23.6856,275.901,10.5546],"palmVelocity":[14.8337,224.16,-212.183],"palmWidth":90.0033,"pinchStrength":0.71186,"r":[[0.974517,-0.00234548,0.224302],[-0.0290904,0.990179,0.136742],[-0.22242,-0.139782,0.964878]],"s":1.15674,"sphereCenter":[-29.231,258.925,-42.7311],"sphereRadius":51.5545,"stabilizedPalmPosition":[-23.9249,272.774,13.8334],"t":[25.1108,172.378,-89.049],"timeVisible":0.379457,"type":"right","wrist":[-16.9714,233.094,42.9684]}],"id":1145972,"interactionBox":{"center":[0,200,0],"size":[235.247,235.247,147.751]},"pointables":[{"bases":[[[0.708675,0.539102,0.455137],[-0.598046,0.116742,0.792914],[0.374328,-0.834111,0.405139]],[[0.457478,0.862053,0.218125],[-0.689036,0.1886,0.699757],[0.562089,-0.470419,0.680266]],[[0.457478,0.862053,0.218125],[-0.856903,0.361851,0.367125],[0.237553,-0.354864,0.904235]],[[0.457478,0.862053,0.218125],[-0.888462,0.453259,0.0720591],[-0.0367485,-0.226761,0.973257]]],"btipPosition":[-82.1379,271.883,-41.9585],"carpPosition":[-47.2231,231.438,44.6574],"dipPosition":[-82.9887,266.634,-19.4278],"direction":[-0.237553,0.354864,-0.904235],"extended":false,"handId":334,"id":3340,"length":51.5512,"mcpPosition":[-47.2231,231.438,44.6574],"pipPosition":[-74.977,254.665,11.0683],"stabilizedTipPosition":[-82.9979,267.494,-32.879],"timeVisible":0.379457,"tipPosition":[-82.5249,270.712,-36.9056],"tipVelocity":[37.1422,217.418,-231.105],"tool":false,"touchDistance":0.0899366,"touchZone":"hovering","type":0,"width":20.0304},{"bases":[[[0.922457,-0.101519,-0.372515],[0.34429,0.652958,0.674618],[0.17475,-0.750559,0.637278]],[[0.931321,-0.146627,-0.333378],[0.28026,0.87311,0.398915],[0.232584,-0.464951,0.85424]],[[0.931321,-0.146627,-0.333378],[0.251024,0.921646,0.295897],[0.26387,-0.359262,0.895156]],[[0.931321,-0.146627,-0.333378],[0.228217,0.948325,0.220448],[0.283827,-0.281391,0.916658]]],"btipPosition":[-66.0558,336.15,-68.5954],"carpPosition":[-32.3495,248.426,50.9761],"dipPosition":[-61.2591,331.394,-53.1036],"direction":[-0.26387,0.359262,-0.895156],"extended":true,"handId":334,"id":3341,"length":58.1698,"mcpPosition":[-45.0664,303.046,4.60028],"pipPosition":[-54.9504,322.805,-31.7019],"stabilizedTipPosition":[-65.6315,332.915,-62.7056],"timeVisible":0.379457,"tipPosition":[-65.2098,333.246,-65.5438],"tipVelocity":[60.582,257.199,-227.678],"tool":false,"touchDistance":0.168359,"touchZone":"hovering","type":1,"width":19.133},{"bases":[[[0.865286,-0.311805,-0.392503],[0.499039,0.609758,0.615756],[0.0473361,-0.728679,0.683218]],[[0.865876,-0.322239,-0.382649],[0.0424625,0.809485,-0.585603],[0.498453,0.490811,0.714597]],[[0.865876,-0.322239,-0.382649],[-0.163444,0.540699,-0.825186],[0.472805,0.77705,0.41551]],[[0.865876,-0.322239,-0.382649],[-0.245603,0.392544,-0.886334],[0.435818,0.861436,0.260752]]],"btipPosition":[-69.1891,237.757,-50.5022],"carpPosition":[-20.7571,248.74,47.2524],"dipPosition":[-61.088,253.77,-45.6553],"direction":[-0.472805,-0.77705,-0.41551],"extended":false,"handId":334,"id":3342,"length":66.2798,"mcpPosition":[-24.0239,299.027,0.102563],"pipPosition":[-47.789,275.626,-33.9678],"stabilizedTipPosition":[-68.0248,239.008,-46.503],"timeVisible":0.379457,"tipPosition":[-67.3998,242.323,-50.3045],"tipVelocity":[39.7698,176.59,-180.007],"tool":false,"touchDistance":0.126853,"touchZone":"hovering","type":2,"width":18.7912},{"bases":[[[0.822722,-0.46071,-0.332977],[0.560839,0.562383,0.607605],[-0.0926691,-0.686637,0.72107]],[[0.823533,-0.45443,-0.339539],[0.178769,0.775956,-0.604925],[0.538363,0.437477,0.720263]],[[0.823533,-0.45443,-0.339539],[-0.0614714,0.523537,-0.849782],[0.563928,0.720696,0.403216]],[[0.823533,-0.45443,-0.339539],[-0.165124,0.380598,-0.909879],[0.542704,0.805381,0.238398]]],"btipPosition":[-53.4215,234.681,-49.4647],"carpPosition":[-9.88788,246.104,42.5001],"dipPosition":[-43.3916,249.566,-45.0588],"direction":[-0.563928,-0.720696,-0.403216],"extended":false,"handId":334,"id":3343,"length":63.7298,"mcpPosition":[-4.14603,288.649,-2.17789],"pipPosition":[-27.9391,269.314,-34.01],"stabilizedTipPosition":[-51.6006,236.781,-46.928],"timeVisible":0.379457,"tipPosition":[-50.9342,239.587,-50.0044],"tipVelocity":[31.4687,133.227,-121.374],"tool":false,"touchDistance":0.169808,"touchZone":"hovering","type":3,"width":17.881},{"bases":[[[0.702415,-0.623631,-0.34307],[0.67157,0.420993,0.60972],[-0.235811,-0.658672,0.714524]],[[0.669377,-0.697555,-0.255639],[0.412307,0.635048,-0.653236],[0.618011,0.33186,0.712693]],[[0.669377,-0.697555,-0.255639],[0.122675,0.443156,-0.888011],[0.732724,0.563054,0.382212]],[[0.669377,-0.697555,-0.255639],[-0.0113875,0.334425,-0.942354],[0.742835,0.633701,0.215913]]],"btipPosition":[-36.6791,241.92,-42.0327],"carpPosition":[-1.74786,237.446,34.9527],"dipPosition":[-24.0138,252.725,-38.3514],"direction":[-0.732724,-0.563054,-0.382212],"extended":false,"handId":334,"id":3344,"length":49.963,"mcpPosition":[11.7774,275.225,-6.02986],"pipPosition":[-9.838,263.618,-30.9569],"stabilizedTipPosition":[-33.9657,242.849,-39.6367],"timeVisible":0.379457,"tipPosition":[-33.1824,245.408,-42.5933],"tipVelocity":[14.5331,165.058,-140.135],"tool":false,"touchDistance":0.158219,"touchZone":"hovering","type":4,"width":15.8833}],"r":[[0.974517,-0.00234548,0.224302],[-0.0290904,0.990179,0.136742],[-0.22242,-0.139782,0.964878]],"s":1.15674,"t":[25.1108,172.378,-89.049],"timestamp":15133578601},false],[3,{"currentFrameRate":110.494,"devices":[],"gestures":[],"hands":[{"armBasis":[[0.908512,-0.197203,-0.368399],[0.332938,0.874378,0.353009],[0.252506,-0.443366,0.860039]],"armWidth":63.029,"confidence":0.594087,"direction":[0.037502,0.807283,-0.588972],"elbow":[50.4951,116.128,271.463],"grabStrength":0,"id":334,"palmNormal":[-0.364916,-0.53762,-0.760132],"palmPosition":[-23.5127,277.198,9.13197],"palmVelocity":[15.9808,201.429,-196.622],"palmWidth":90.0033,"pinchStrength":0.713711,"r":[[0.973829,-0.00274035,0.227267],[-0.0285086,0.990557,0.134102],[-0.225489,-0.137071,0.964555]],"s":1.16237,"sphereCenter":[-29.2186,260.213,-43.9621],"sphereRadius":51.4957,"stabilizedPalmPosition":[-23.7957,274.161,12.3596],"t":[25.2617,173.962,-90.7731],"timeVisible":0.38857,"type":"right","wrist":[-16.9421,234.539,41.7705]}],"id":1145973,"interactionBox":{"center":[0,200,0],"size":[235.247,235.247,147.751]},"pointables":[{"bases":[[[0.708053,0.540432,0.454526],[-0.600128,0.121289,0.790655],[0.372167,-0.832599,0.410208]],[[0.457873,0.862574,0.215216],[-0.690327,0.192427,0.697439],[0.560179,-0.467908,0.683565]],[[0.457873,0.862574,0.215216],[-0.857882,0.365189,0.361492],[0.233219,-0.350147,0.907197]],[[0.457873,0.862574,0.215216],[-0.888128,0.454637,0.067338],[-0.0397609,-0.221971,0.974242]]],"btipPosition":[-81.8051,272.979,-43.5192],"carpPosition":[-47.2004,232.928,43.3823],"dipPosition":[-82.7255,267.84,-20.9656],"direction":[-0.233219,0.350147,-0.907197],"extended":false,"handId":334,"id":3340,"length":51.5512,"mcpPosition":[-47.2004,232.928,43.3823],"pipPosition":[-74.86,256.031,9.63036],"stabilizedTipPosition":[-82.7171,268.725,-34.4395],"timeVisible":0.38857,"tipPosition":[-82.2096,271.839,-38.4605],"tipVelocity":[36.4833,191.231,-214.338],"tool":false,"touchDistance":0.0640124,"touchZone":"hovering","type":0,"width":20.0304},{"bases":[[[0.923375,-0.104432,-0.369422],[0.343193,0.655787,0.67243],[0.17204,-0.747688,0.641378]],[[0.931848,-0.147932,-0.331323],[0.28201,0.869841,0.404781],[0.228319,-0.470631,0.852278]],[[0.931848,-0.147932,-0.331323],[0.253294,0.919024,0.302057],[0.25981,-0.365393,0.893861]],[[0.931848,-0.147932,-0.331323],[0.230746,0.946292,0.226467],[0.280027,-0.287485,0.915935]]],"btipPosition":[-65.4904,337.934,-70.0824],"carpPosition":[-32.3238,249.929,49.6609],"dipPosition":[-60.7578,333.075,-54.6028],"direction":[-0.25981,0.365393,-0.893861],"extended":true,"handId":334,"id":3341,"length":58.1698,"mcpPosition":[-44.8435,304.339,2.98672],"pipPosition":[-54.5462,324.339,-33.2321],"stabilizedTipPosition":[-65.0971,334.611,-64.3644],"timeVisible":0.38857,"tipPosition":[-64.6566,334.983,-67.059],"tipVelocity":[60.54,239.433,-209.864],"tool":false,"touchDistance":0.14926,"touchZone":"hovering","type":1,"width":19.133},{"bases":[[[0.866003,-0.314742,-0.388557],[0.498053,0.612117,0.614212],[0.044524,-0.725431,0.686853]],[[0.866553,-0.325127,-0.378654],[0.0462953,0.807789,-0.587651],[0.496934,0.491701,0.715044]],[[0.866553,-0.325127,-0.378654],[-0.160106,0.537503,-0.827923],[0.472708,0.778064,0.41372]],[[0.866553,-0.325127,-0.378654],[-0.242735,0.388361,-0.888963],[0.43608,0.862246,0.257616]]],"btipPosition":[-68.8883,238.917,-51.9497],"carpPosition":[-20.7207,250.21,45.9684],"dipPosition":[-60.7823,254.945,-47.1611],"direction":[-0.472708,-0.778064,-0.41372],"extended":false,"handId":334,"id":3342,"length":66.2798,"mcpPosition":[-23.7933,300.273,-1.43231],"pipPosition":[-47.486,276.83,-35.524],"stabilizedTipPosition":[-67.7202,240.102,-47.8255],"timeVisible":0.38857,"tipPosition":[-67.0911,243.398,-51.6906],"tipVelocity":[37.9276,163.016,-174.542],"tool":false,"touchDistance":0.102505,"touchZone":"hovering","type":2,"width":18.7912},{"bases":[[[0.82309,-0.463307,-0.328435],[0.559818,0.564628,0.606464],[-0.0955354,-0.683038,0.724108]],[[0.823919,-0.457123,-0.334958],[0.181359,0.77266,-0.608363],[0.536905,0.440494,0.719512]],[[0.823919,-0.457123,-0.334958],[-0.0596063,0.517878,-0.853375],[0.563565,0.723077,0.399442]],[[0.823919,-0.457123,-0.334958],[-0.163681,0.373915,-0.912905],[0.542556,0.806986,0.233253]]],"btipPosition":[-53.1202,235.664,-50.6618],"carpPosition":[-9.84134,247.538,41.2595],"dipPosition":[-43.093,250.578,-46.351],"direction":[-0.563565,-0.723077,-0.399442],"extended":false,"handId":334,"id":3343,"length":63.7298,"mcpPosition":[-3.92189,289.86,-3.60673],"pipPosition":[-27.6505,270.392,-35.4056],"stabilizedTipPosition":[-51.3203,237.605,-47.9051],"timeVisible":0.38857,"tipPosition":[-50.6411,240.503,-51.1741],"tipVelocity":[31.8907,126.391,-124.813],"tool":false,"touchDistance":0.149491,"touchZone":"hovering","type":3,"width":17.881},{"bases":[[[0.702612,-0.626129,-0.338081],[0.670369,0.423116,0.609572],[-0.238624,-0.654932,0.717024]],[[0.670413,-0.697466,-0.253154],[0.403148,0.628831,-0.664864],[0.622911,0.343675,0.702759]],[[0.670413,-0.697466,-0.253154],[0.107321,0.428745,-0.897028],[0.734185,0.574211,0.362289]],[[0.670413,-0.697466,-0.253154],[-0.0276712,0.317444,-0.947873],[0.741472,0.642472,0.193519]]],"btipPosition":[-36.637,242.315,-42.2372],"carpPosition":[-1.69075,238.834,33.7768],"dipPosition":[-23.995,253.269,-38.9377],"direction":[-0.734185,-0.574211,-0.362289],"extended":false,"handId":334,"id":3344,"length":49.963,"mcpPosition":[11.9958,276.398,-7.3491],"pipPosition":[-9.79094,264.378,-31.9286],"stabilizedTipPosition":[-33.8773,243.591,-40.3254],"timeVisible":0.38857,"tipPosition":[-33.1351,245.88,-42.9795],"tipVelocity":[11.6177,132.322,-110.15],"tool":false,"touchDistance":0.153347,"touchZone":"hovering","type":4,"width":15.8833}],"r":[[0.973829,-0.00274035,0.227267],[-0.0285086,0.990557,0.134102],[-0.225489,-0.137071,0.964555]],"s":1.16237,"t":[25.2617,173.962,-90.7731],"timestamp":15133587714},false],[4,{"currentFrameRate":110.597,"devices":[],"gestures":[],"hands":[{"armBasis":[[0.90916,-0.196368,-0.367245],[0.3321,0.873952,0.354848],[0.251273,-0.444576,0.859776]],"armWidth":63.029,"confidence":0.603148,"direction":[0.0373267,0.805559,-0.591339],"elbow":[50.2374,116.707,270.818],"grabStrength":0,"id":334,"palmNormal":[-0.36325,-0.540334,-0.759005],"palmPosition":[-23.4486,277.994,8.42119],"palmVelocity":[13.6122,171.201,-165.089],"palmWidth":90.0033,"pinchStrength":0.716386,"r":[[0.97321,-0.00267942,0.229901],[-0.0283097,0.990927,0.131389],[-0.228167,-0.134377,0.964304]],"s":1.16675,"sphereCenter":[-29.3442,261.031,-44.4786],"sphereRadius":51.3683,"stabilizedPalmPosition":[-23.6964,275.257,11.2334],"t":[25.3692,175.151,-91.9906],"timeVisible":0.397429,"type":"right","wrist":[-16.8708,235.441,41.1963]}],"id":1145974,"interactionBox":{"center":[0,200,0],"size":[235.247,235.247,147.751]},"pointables":[{"bases":[[[0.706793,0.542643,0.453852],[-0.601335,0.122937,0.789483],[0.372612,-0.830918,0.413201]],[[0.456554,0.863762,0.213245],[-0.69075,0.193069,0.696842],[0.560735,-0.465445,0.68479]],[[0.456554,0.863762,0.213245],[-0.859774,0.366701,0.355414],[0.228796,-0.345608,0.910059]],[[0.456554,0.863762,0.213245],[-0.888707,0.454052,0.0635377],[-0.0419429,-0.218521,0.974931]]],"btipPosition":[-81.5617,273.495,-44.3021],"carpPosition":[-47.1293,233.798,42.7723],"dipPosition":[-82.5326,268.436,-21.7326],"direction":[-0.228796,0.345608,-0.910059],"extended":false,"handId":334,"id":3340,"length":51.5512,"mcpPosition":[-47.1293,233.798,42.7723],"pipPosition":[-74.8163,256.78,8.9599],"stabilizedTipPosition":[-82.4818,269.636,-35.6191],"timeVisible":0.397429,"tipPosition":[-82.005,272.388,-39.2292],"tipVelocity":[33.6873,155.76,-180.1],"tool":false,"touchDistance":0.0510247,"touchZone":"hovering","type":0,"width":20.0304},{"bases":[[[0.923995,-0.104428,-0.367869],[0.341503,0.658212,0.67092],[0.172073,-0.745555,0.643847]],[[0.93235,-0.147057,-0.330301],[0.281401,0.868754,0.40753],[0.22702,-0.472908,0.851364]],[[0.93235,-0.147057,-0.330301],[0.252537,0.918642,0.303846],[0.258746,-0.366704,0.893632]],[[0.93235,-0.147057,-0.330301],[0.229797,0.946315,0.227336],[0.279138,-0.287858,0.916089]]],"btipPosition":[-65.3548,338.82,-70.8615],"carpPosition":[-32.2815,250.836,49.0199],"dipPosition":[-60.6373,333.955,-55.3792],"direction":[-0.258746,0.366704,-0.893632],"extended":true,"handId":334,"id":3341,"length":58.1698,"mcpPosition":[-44.8035,305.091,2.16598],"pipPosition":[-54.4511,325.188,-34.014],"stabilizedTipPosition":[-64.7685,335.838,-65.5306],"timeVisible":0.397429,"tipPosition":[-64.5101,335.919,-67.8344],"tipVelocity":[48.1786,201.623,-176.813],"tool":false,"touchDistance":0.137905,"touchZone":"hovering","type":1,"width":19.133},{"bases":[[[0.866901,-0.314864,-0.38645],[0.496494,0.614553,0.613041],[0.0444695,-0.723316,0.689084]],[[0.867452,-0.325262,-0.376473],[0.0467337,0.806622,-0.589218],[0.495322,0.493524,0.714906]],[[0.867452,-0.325262,-0.376473],[-0.15956,0.534849,-0.829745],[0.471241,0.779834,0.412057]],[[0.867452,-0.325262,-0.376473],[-0.242197,0.384908,-0.89061],[0.434589,0.863742,0.255111]]],"btipPosition":[-68.6918,239.516,-52.6301],"carpPosition":[-20.6737,251.12,45.3421],"dipPosition":[-60.6135,255.572,-47.8881],"direction":[-0.471241,-0.779834,-0.412057],"extended":false,"handId":334,"id":3342,"length":66.2798,"mcpPosition":[-23.7427,301.037,-2.21261],"pipPosition":[-47.3585,277.507,-36.2977],"stabilizedTipPosition":[-67.4788,240.948,-48.8369],"timeVisible":0.397429,"tipPosition":[-66.8998,243.959,-52.3459],"tipVelocity":[33.4669,137.376,-148.39],"tool":false,"touchDistance":0.0909859,"touchZone":"hovering","type":2,"width":18.7912},{"bases":[[[0.824085,-0.4633,-0.325941],[0.558325,0.567116,0.605518],[-0.0956905,-0.680979,0.726024]],[[0.824914,-0.457143,-0.332471],[0.181374,0.771139,-0.610286],[0.535369,0.443132,0.719037]],[[0.824914,-0.457143,-0.332471],[-0.0590958,0.515206,-0.855027],[0.562161,0.724971,0.397985]],[[0.824914,-0.457143,-0.332471],[-0.162994,0.370822,-0.914289],[0.541249,0.8084,0.231385]]],"btipPosition":[-52.9237,236.251,-51.2888],"carpPosition":[-9.7849,248.447,40.6558],"dipPosition":[-42.9206,251.191,-47.0125],"direction":[-0.562161,-0.724971,-0.397985],"extended":false,"handId":334,"id":3343,"length":63.7298,"mcpPosition":[-3.85584,290.641,-4.32915],"pipPosition":[-27.5165,271.057,-36.1071],"stabilizedTipPosition":[-51.0963,238.274,-48.6762],"timeVisible":0.397429,"tipPosition":[-50.4523,241.075,-51.7969],"tipVelocity":[29.092,110.276,-110.415],"tool":false,"touchDistance":0.138909,"touchZone":"hovering","type":3,"width":17.881},{"bases":[[[0.703816,-0.626295,-0.335259],[0.669042,0.425746,0.609199],[-0.238803,-0.653066,0.718664]],[[0.67174,-0.69714,-0.250521],[0.403346,0.627859,-0.665662],[0.621352,0.346105,0.702946]],[[0.67174,-0.69714,-0.250521],[0.106969,0.425921,-0.898415],[0.733023,0.576703,0.36068]],[[0.67174,-0.69714,-0.250521],[-0.0283845,0.313712,-0.949094],[0.740243,0.644655,0.190945]]],"btipPosition":[-36.4519,242.934,-42.8294],"carpPosition":[-1.61385,239.73,33.2102],"dipPosition":[-23.8308,253.925,-39.5739],"direction":[-0.733023,-0.576703,-0.36068],"extended":false,"handId":334,"id":3344,"length":49.963,"mcpPosition":[12.083,277.188,-8.00979],"pipPosition":[-9.64923,265.082,-32.5959],"stabilizedTipPosition":[-33.7637,244.239,-40.9331],"timeVisible":0.397429,"tipPosition":[-32.9854,246.456,-43.5228],"tipVelocity":[13.9845,115.661,-98.728],"tool":false,"touchDistance":0.143308,"touchZone":"hovering","type":4,"width":15.8833}],"r":[[0.97321,-0.00267942,0.229901],[-0.0283097,0.990927,0.131389],[-0.228167,-0.134377,0.964304]],"s":1.16675,"t":[25.3692,175.151,-91.9906],"timestamp":15133596573},false],[5,{"currentFrameRate":110.475,"devices":[],"gestures":[],"hands":[{"armBasis":[[0.904696,-0.206448,-0.3727],[0.344065,0.869939,0.353307],[0.251287,-0.447868,0.858061]],"armWidth":63.029,"confidence":0.615383,"direction":[0.042428,0.798817,-0.600076],"elbow":[50.1386,117.382,269.083],"grabStrength":0,"id":334,"palmNormal":[-0.372302,-0.544717,-0.751448],"palmPosition":[-23.2885,279.26,6.72315],"palmVelocity":[14.6434,161.471,-170.186],"palmWidth":90.0033,"pinchStrength":0.716894,"r":[[0.972926,-0.00407549,0.231081],[-0.026041,0.991544,0.127129],[-0.229645,-0.129704,0.964593]],"s":1.17049,"sphereCenter":[-29.8312,261.96,-45.8508],"sphereRadius":51.2859,"stabilizedPalmPosition":[-23.5854,276.346,10.0065],"t":[25.503,176.379,-93.4484],"timeVisible":0.406698,"type":"right","wrist":[-16.9731,236.995,39.9187]}],"id":1145975,"interactionBox":{"center":[0,200,0],"size":[235.247,235.247,147.751]},"pointables":[{"bases":[[[0.714355,0.540356,0.444648],[-0.596217,0.137312,0.790993],[0.366363,-0.830157,0.42026]],[[0.466143,0.861381,0.201827],[-0.684937,0.206975,0.698586],[0.559976,-0.46388,0.686471]],[[0.466143,0.861381,0.201827],[-0.854838,0.379748,0.353615],[0.227954,-0.337365,0.913358]],[[0.466143,0.861381,0.201827],[-0.883852,0.463455,0.0633713],[-0.038951,-0.207925,0.977369]]],"btipPosition":[-81.6741,274.767,-45.6681],"carpPosition":[-47.2384,235.671,41.657],"dipPosition":[-82.5758,269.953,-23.0422],"direction":[-0.227954,0.337365,-0.913358],"extended":false,"handId":334,"id":3340,"length":51.5512,"mcpPosition":[-47.2384,235.671,41.657],"pipPosition":[-74.8879,258.575,7.76155],"stabilizedTipPosition":[-82.3381,270.599,-36.7789],"timeVisible":0.406698,"tipPosition":[-82.1061,273.722,-40.5783],"tipVelocity":[21.2727,152.255,-170.494],"tool":false,"touchDistance":0.0284737,"touchZone":"hovering","type":0,"width":20.0304},{"bases":[[[0.921103,-0.117545,-0.37115],[0.351296,0.661864,0.662214],[0.167811,-0.740351,0.650938]],[[0.929109,-0.159162,-0.333802],[0.29298,0.867592,0.401804],[0.225652,-0.471117,0.852719]],[[0.929109,-0.159162,-0.333802],[0.264067,0.91746,0.297548],[0.258892,-0.364601,0.89445]],[[0.929109,-0.159162,-0.333802],[0.241123,0.945113,0.220501],[0.280385,-0.285357,0.916491]]],"btipPosition":[-64.9215,340.062,-72.8301],"carpPosition":[-32.1918,252.625,47.6512],"dipPosition":[-60.1829,335.239,-57.3411],"direction":[-0.258892,0.364601,-0.89445],"extended":true,"handId":334,"id":3341,"length":58.1698,"mcpPosition":[-44.4038,306.501,0.281306],"pipPosition":[-53.9932,326.522,-35.9563],"stabilizedTipPosition":[-64.4195,336.998,-66.9225],"timeVisible":0.406698,"tipPosition":[-64.0861,337.201,-69.7873],"tipVelocity":[47.9239,182.867,-186.78],"tool":false,"touchDistance":0.10512,"touchZone":"hovering","type":1,"width":19.133},{"bases":[[[0.861833,-0.327586,-0.387211],[0.505561,0.616048,0.604064],[0.0406575,-0.71636,0.696545]],[[0.862328,-0.337857,-0.37715],[0.0518468,0.799842,-0.597967],[0.503688,0.49609,0.707243]],[[0.862328,-0.337857,-0.37715],[-0.158581,0.52717,-0.834832],[0.480876,0.779708,0.401015]],[[0.862328,-0.337857,-0.37715],[-0.243092,0.377158,-0.893677],[0.444181,0.862325,0.243104]]],"btipPosition":[-69.2031,240.578,-53.6729],"carpPosition":[-20.6,252.754,43.9151],"dipPosition":[-60.9466,256.607,-49.154],"direction":[-0.480876,-0.779708,-0.401015],"extended":false,"handId":334,"id":3342,"length":66.2798,"mcpPosition":[-23.4058,302.191,-4.15448],"pipPosition":[-47.4205,278.539,-37.8742],"stabilizedTipPosition":[-67.4335,241.808,-49.8207],"timeVisible":0.406698,"tipPosition":[-67.3674,244.995,-53.4383],"tipVelocity":[9.76063,130.76,-139.845],"tool":false,"touchDistance":0.0727511,"touchZone":"hovering","type":2,"width":18.7912},{"bases":[[[0.817842,-0.474936,-0.324916],[0.566881,0.567919,0.596752],[-0.0988931,-0.672238,0.733701]],[[0.818699,-0.468868,-0.331504],[0.186187,0.762871,-0.619163],[0.5432,0.445186,0.711859]],[[0.818699,-0.468868,-0.331504],[-0.0581811,0.506605,-0.860213],[0.571268,0.723543,0.387478]],[[0.818699,-0.468868,-0.331504],[-0.163891,0.362499,-0.917461],[0.550338,0.805454,0.219934]]],"btipPosition":[-53.4652,237.188,-52.3979],"carpPosition":[-9.76123,249.923,39.2056],"dipPosition":[-43.2942,252.074,-48.3332],"direction":[-0.571268,-0.723543,-0.387478],"extended":false,"handId":334,"id":3343,"length":63.7298,"mcpPosition":[-3.63375,291.575,-6.25505],"pipPosition":[-27.6405,271.9,-37.7157],"stabilizedTipPosition":[-51.1052,238.979,-49.5161],"timeVisible":0.406698,"tipPosition":[-50.9521,241.962,-52.9499],"tipVelocity":[5.62881,107.309,-114.496],"tool":false,"touchDistance":0.119612,"touchZone":"hovering","type":3,"width":17.881},{"bases":[[[0.695917,-0.636812,-0.331918],[0.676206,0.425499,0.601412],[-0.241756,-0.642978,0.726728]],[[0.663782,-0.706026,-0.246819],[0.405169,0.61683,-0.674803],[0.628674,0.347919,0.6955]],[[0.663782,-0.706026,-0.246819],[0.104113,0.414015,-0.904296],[0.740644,0.574559,0.348322]],[[0.663782,-0.706026,-0.246819],[-0.0331332,0.301922,-0.952757],[0.747191,0.640601,0.177018]]],"btipPosition":[-36.9043,243.718,-43.9508],"carpPosition":[-1.71361,241.046,31.8144],"dipPosition":[-24.1648,254.641,-40.9326],"direction":[-0.740644,-0.574559,-0.348322],"extended":false,"handId":334,"id":3344,"length":49.963,"mcpPosition":[12.1526,277.925,-9.86809],"pipPosition":[-9.83574,265.756,-34.1938],"stabilizedTipPosition":[-33.8326,244.891,-41.6945],"timeVisible":0.406698,"tipPosition":[-33.4305,247.177,-44.6806],"tipVelocity":[-2.86474,106.449,-106.65],"tool":false,"touchDistance":0.123709,"touchZone":"hovering","type":4,"width":15.8833}],"r":[[0.972926,-0.00407549,0.231081],[-0.026041,0.991544,0.127129],[-0.229645,-0.129704,0.964593]],"s":1.17049,"t":[25.503,176.379,-93.4484],"timestamp":15133605842},false],[6,{"currentFrameRate":110.521,"devices":[],"gestures":[],"hands":[{"armBasis":[[0.900572,-0.21625,-0.377102],[0.353392,0.869373,0.345404],[0.253149,-0.444326,0.859354]],"armWidth":63.029,"confidence":0.572114,"direction":[0.0433901,0.795318,-0.604638],"elbow":[51.038,119.864,266.792],"grabStrength":0,"id":334,"palmNormal":[-0.382585,-0.545846,-0.74544],"palmPosition":[-22.847,280.668,3.91614],"palmVelocity":[24.1122,160.256,-209.3],"palmWidth":90.0033,"pinchStrength":0.714973,"r":[[0.97307,-0.00640217,0.230422],[-0.02253,0.992187,0.122711],[-0.229408,-0.124598,0.965323]],"s":1.17391,"sphereCenter":[-30.1647,263.301,-48.3962],"sphereRadius":51.2086,"stabilizedPalmPosition":[-23.5854,276.346,10.0065],"t":[25.7907,177.697,-95.5808],"timeVisible":0.415663,"type":"right","wrist":[-16.5711,238.531,37.2822]}],"id":1145976,"interactionBox":{"center":[0,200,0],"size":[235.247,235.247,147.751]},"pointables":[{"bases":[[[0.722034,0.537311,0.435848],[-0.588581,0.145926,0.795159],[0.363647,-0.830664,0.421615]],[[0.474223,0.8589,0.1934],[-0.677174,0.215464,0.70357],[0.562625,-0.464614,0.683803]],[[0.474223,0.8589,0.1934],[-0.849228,0.388316,0.357803],[0.232216,-0.333919,0.91355]],[[0.474223,0.8589,0.1934],[-0.879831,0.470265,0.0689043],[-0.0317671,-0.202835,0.978698]]],"btipPosition":[-81.7065,276.341,-47.9528],"carpPosition":[-46.8299,237.443,39.2778],"dipPosition":[-82.4419,271.646,-25.2962],"direction":[-0.232216,0.333919,-0.91355],"extended":false,"handId":334,"id":3340,"length":51.5512,"mcpPosition":[-46.8299,237.443,39.2778],"pipPosition":[-74.6102,260.384,5.51412],"stabilizedTipPosition":[-82.3381,270.599,-36.7789],"timeVisible":0.415663,"tipPosition":[-82.0947,275.322,-42.8569],"tipVelocity":[15.6294,159.481,-193.363],"tool":false,"touchDistance":-0.0594864,"touchZone":"hovering","type":0,"width":20.0304},{"bases":[[[0.917084,-0.126392,-0.378129],[0.361711,0.662677,0.655763],[0.167694,-0.738163,0.653448]],[[0.924975,-0.167146,-0.341297],[0.303677,0.86503,0.399379],[0.228477,-0.47306,0.850889]],[[0.924975,-0.167146,-0.341297],[0.274222,0.915327,0.29492],[0.263104,-0.366385,0.89249]],[[0.924975,-0.167146,-0.341297],[0.250733,0.943291,0.217566],[0.285577,-0.286817,0.91443]]],"btipPosition":[-64.6377,341.743,-75.4472],"carpPosition":[-31.6081,254.315,45.0573],"dipPosition":[-59.8114,336.895,-59.993],"direction":[-0.263104,0.366385,-0.89249],"extended":true,"handId":334,"id":3341,"length":58.1698,"mcpPosition":[-43.8115,308.032,-2.49529],"pipPosition":[-53.521,328.136,-38.6551],"stabilizedTipPosition":[-64.1332,338.163,-68.5181],"timeVisible":0.415663,"tipPosition":[-63.7912,338.906,-72.4073],"tipVelocity":[44.0861,183.964,-215.801],"tool":false,"touchDistance":0.0613678,"touchZone":"hovering","type":1,"width":19.133},{"bases":[[[0.856119,-0.336064,-0.392583],[0.515142,0.615402,0.596582],[0.0411067,-0.712981,0.699977]],[[0.856615,-0.346113,-0.382645],[0.051759,0.795526,-0.603705],[0.513354,0.497337,0.699373]],[[0.856615,-0.346113,-0.382645],[-0.163766,0.520883,-0.837772],[0.489277,0.780312,0.389514]],[[0.856615,-0.346113,-0.382645],[-0.25009,0.370147,-0.894677],[0.451295,0.862088,0.230514]]],"btipPosition":[-69.5106,241.857,-55.6673],"carpPosition":[-20.047,254.338,41.2247],"dipPosition":[-61.1218,257.881,-51.3825],"direction":[-0.489277,-0.780312,-0.389514],"extended":false,"handId":334,"id":3342,"length":66.2798,"mcpPosition":[-22.8839,303.542,-7.0817],"pipPosition":[-47.3594,279.83,-40.4262],"stabilizedTipPosition":[-67.4667,242.646,-50.9123],"timeVisible":0.415663,"tipPosition":[-67.652,246.275,-55.5086],"tipVelocity":[-1.36814,133.974,-164.102],"tool":false,"touchDistance":0.0386128,"touchZone":"hovering","type":2,"width":18.7912},{"bases":[[[0.811551,-0.482751,-0.329145],[0.576039,0.566777,0.589019],[-0.0977976,-0.667619,0.738052]],[[0.812385,-0.476817,-0.335671],[0.186777,0.758092,-0.624828],[0.552399,0.444906,0.704922]],[[0.812385,-0.476817,-0.335671],[-0.0621602,0.501554,-0.862891],[0.579798,0.721865,0.377816]],[[0.812385,-0.476817,-0.335671],[-0.169674,0.357446,-0.918391],[0.557889,0.803043,0.209481]]],"btipPosition":[-53.8209,238.483,-54.6677],"carpPosition":[-9.26923,251.401,36.4408],"dipPosition":[-43.5103,253.324,-50.7962],"direction":[-0.579798,-0.721865,-0.377816],"extended":false,"handId":334,"id":3343,"length":63.7298,"mcpPosition":[-3.20963,292.767,-9.2894],"pipPosition":[-27.6229,273.104,-40.4435],"stabilizedTipPosition":[-51.1928,239.721,-50.6003],"timeVisible":0.415663,"tipPosition":[-51.2856,243.202,-55.242],"tipVelocity":[-5.79027,117.154,-153.808],"tool":false,"touchDistance":0.0810416,"touchZone":"hovering","type":3,"width":17.881},{"bases":[[[0.688369,-0.643744,-0.33428],[0.684334,0.423568,0.59353],[-0.240491,-0.637326,0.732106]],[[0.656569,-0.712018,-0.248892],[0.403864,0.610553,-0.681262],[0.637033,0.346777,0.688429]],[[0.656569,-0.712018,-0.248892],[0.098818,0.408335,-0.907468],[0.747765,0.57122,0.33846]],[[0.656569,-0.712018,-0.248892],[-0.039912,0.29672,-0.95413],[0.753209,0.636386,0.166399]]],"btipPosition":[-37.1456,244.95,-46.4239],"carpPosition":[-1.3497,242.425,29.0306],"dipPosition":[-24.3035,255.8,-43.5869],"direction":[-0.747765,-0.57122,-0.33846],"extended":false,"handId":334,"id":3344,"length":49.963,"mcpPosition":[12.444,278.98,-12.9604],"pipPosition":[-9.83671,266.851,-37.0388],"stabilizedTipPosition":[-33.931,245.591,-42.8107],"timeVisible":0.415663,"tipPosition":[-33.6675,248.361,-47.1778],"tipVelocity":[-8.72778,114.407,-154.232],"tool":false,"touchDistance":0.0817956,"touchZone":"hovering"