{"sensorType":"Leap","data":[[0,{"currentFrameRate":109.888,"devices":[],"gestures":[],"hands":[{"armBasis":[[0.917068,-0.240164,-0.31829],[0.341762,0.884639,0.317196],[0.205392,-0.399669,0.893352]],"armWidth":63.029,"confidence":0.701281,"direction":[0.0629093,0.783686,-0.617963],"elbow":[45.9711,87.7546,282.499],"grabStrength":0.332251,"id":332,"palmNormal":[-0.361587,-0.559224,-0.746005],"palmPosition":[-14.0822,236.004,9.58509],"palmVelocity":[9.22906,385.51,-199.747],"palmWidth":90.0033,"pinchStrength":0.506365,"r":[[0.981219,-0.173953,0.0833632],[0.0981274,0.8222,0.560676],[-0.166073,-0.541966,0.823828]],"s":1.01924,"sphereCenter":[-29.9562,229.307,-33.4209],"sphereRadius":45.9531,"stabilizedPalmPosition":[-14.2133,230.926,12.049],"t":[-42.7342,76.938,-177.653],"timeVisible":3.15473,"type":"right","wrist":[-8.88342,194.495,43.9096]}],"id":1144180,"interactionBox":{"center":[0,200,0],"size":[235.247,235.247,147.751]},"pointables":[{"bases":[[[0.710004,0.544308,0.446791],[-0.611475,0.161846,0.774535],[0.349274,-0.823125,0.447742]],[[0.545055,0.795741,0.26403],[-0.641351,0.192906,0.742601],[0.539985,-0.574094,0.615493]],[[0.545055,0.795741,0.26403],[-0.807534,0.413613,0.420491],[0.225396,-0.442404,0.86803]],[[0.545055,0.795741,0.26403],[-0.833802,0.547421,0.0714417],[-0.0876863,-0.259088,0.961865]]],"btipPosition":[-71.4244,242.758,-36.9023],"carpPosition":[-39.1902,193.493,45.0306],"dipPosition":[-73.4543,236.76,-14.6353],"direction":[-0.225396,0.442404,-0.86803],"extended":false,"handId":332,"id":3320,"length":51.5512,"mcpPosition":[-39.1902,193.493,45.0306],"pipPosition":[-65.8526,221.839,14.6398],"stabilizedTipPosition":[-72.1501,234.784,-28.4372],"timeVisible":3.15473,"tipPosition":[-71.4894,242.291,-31.4801],"tipVelocity":[14.4459,405.5,-213.392],"tool":false,"touchDistance":-0.61432,"touchZone":"touching","type":0,"width":20.0304},{"bases":[[[0.927571,-0.134957,-0.348424],[0.343617,0.674373,0.653566],[0.146765,-0.725953,0.671902]],[[0.93393,-0.172394,-0.313138],[0.349253,0.626684,0.696628],[0.0761442,-0.759966,0.645488]],[[0.93393,-0.172394,-0.313138],[0.245425,0.946156,0.211083],[0.259888,-0.273989,0.925953]],[[0.93393,-0.172394,-0.313138],[0.0941013,0.96369,-0.249891],[0.344848,0.203914,0.916242]]],"btipPosition":[-50.0673,298.676,-63.0108],"carpPosition":[-24.1096,210.447,50.9385],"dipPosition":[-44.2393,302.122,-47.526],"direction":[-0.259888,0.273989,-0.925953],"extended":true,"handId":332,"id":3321,"length":58.1698,"mcpPosition":[-34.7899,263.276,2.04292],"pipPosition":[-38.0258,295.571,-25.3881],"stabilizedTipPosition":[-49.1845,294.604,-57.911],"timeVisible":3.15473,"tipPosition":[-48.707,297.763,-58.5554],"tipVelocity":[41.5706,516.192,-192.754],"tool":false,"touchDistance":-0.613168,"touchZone":"hovering","type":1,"width":19.133},{"bases":[[[0.866611,-0.344769,-0.360722],[0.498626,0.625747,0.599844],[0.018913,-0.699697,0.714189]],[[0.865241,-0.317582,-0.387944],[0.179418,0.918682,-0.351898],[0.468153,0.234872,0.851861]],[[0.865241,-0.317582,-0.387944],[-0.451121,-0.15556,-0.878801],[0.218743,0.935384,-0.277864]],[[0.865241,-0.317582,-0.387944],[-0.477165,-0.759096,-0.442817],[-0.153856,0.568257,-0.808339]]],"btipPosition":[-39.3591,210.595,-19.6113],"carpPosition":[-12.4405,210.379,47.4494],"dipPosition":[-42.219,221.158,-34.6369],"direction":[-0.218743,-0.935384,0.277864],"extended":false,"handId":332,"id":3322,"length":66.2798,"mcpPosition":[-13.7457,258.666,-1.83787],"pipPosition":[-36.0662,247.468,-42.4527],"stabilizedTipPosition":[-40.1864,206.835,-19.9338],"timeVisible":3.15473,"tipPosition":[-40.0137,212.264,-22.4776],"tipVelocity":[10.4857,413.387,-217.441],"tool":false,"touchDistance":0.333333,"touchZone":"none","type":2,"width":18.7912},{"bases":[[[0.819878,-0.490161,-0.295877],[0.559616,0.576892,0.595001],[-0.120957,-0.653405,0.747283]],[[0.82315,-0.470252,-0.318257],[0.333924,0.854216,-0.398509],[0.45926,0.221759,0.860176]],[[0.82315,-0.470252,-0.318257],[-0.424938,-0.138396,-0.89458],[0.376633,0.871613,-0.313749]],[[0.82315,-0.470252,-0.318257],[-0.567604,-0.697044,-0.438126],[-0.0158096,0.541287,-0.840689]]],"btipPosition":[-24.3631,204.133,-17.1413],"carpPosition":[-1.53249,207.335,43.0421],"dipPosition":[-24.6553,214.136,-32.6784],"direction":[-0.376633,-0.871613,0.313749],"extended":false,"handId":332,"id":3323,"length":63.7298,"mcpPosition":[5.9621,247.821,-3.26008],"pipPosition":[-14.3349,238.02,-41.2757],"stabilizedTipPosition":[-24.5732,201.257,-18.4369],"timeVisible":3.15473,"tipPosition":[-24.3438,206.758,-21.0731],"tipVelocity":[9.23061,384.702,-180.951],"tool":false,"touchDistance":0.333333,"touchZone":"none","type":3,"width":17.881},{"bases":[[[0.696557,-0.651027,-0.301615],[0.667425,0.433623,0.605405],[-0.263348,-0.623005,0.736555]],[[0.71072,-0.613614,-0.344027],[0.50109,0.784825,-0.364635],[0.493746,0.0867647,0.865267]],[[0.71072,-0.613614,-0.344027],[-0.435572,0.000174152,-0.900154],[0.552407,0.789606,-0.26715]],[[0.71072,-0.613614,-0.344027],[-0.69535,-0.538666,-0.475738],[0.106603,0.577336,-0.809518]]],"btipPosition":[-8.08619,205.788,-17.4995],"carpPosition":[6.58307,198.209,36.0394],"dipPosition":[-6.26862,215.631,-31.3017],"direction":[-0.552407,-0.789606,0.26715],"extended":false,"handId":332,"id":3324,"length":49.963,"mcpPosition":[21.6878,233.942,-6.20677],"pipPosition":[4.41863,230.908,-36.4701],"stabilizedTipPosition":[-7.77847,202.511,-17.945],"timeVisible":3.15473,"tipPosition":[-7.55864,208.065,-20.3602],"tipVelocity":[6.57041,396.921,-206.554],"tool":false,"touchDistance":0.333333,"touchZone":"none","type":4,"width":15.8833}],"r":[[0.981219,-0.173953,0.0833632],[0.0981274,0.8222,0.560676],[-0.166073,-0.541966,0.823828]],"s":1.01924,"t":[-42.7342,76.938,-177.653],"timestamp":15117101575},false],[1,{"currentFrameRate":109.924,"devices":[],"gestures":[],"hands":[{"armBasis":[[0.915158,-0.245361,-0.319817],[0.346596,0.884059,0.313545],[0.205806,-0.397791,0.894095]],"armWidth":63.029,"confidence":0.707034,"direction":[0.0667453,0.786356,-0.614157],"elbow":[45.9382,91.0046,280.661],"grabStrength":0.311776,"id":332,"palmNormal":[-0.366202,-0.553267,-0.748192],"palmPosition":[-14.0247,238.954,7.76354],"palmVelocity":[8.43823,369.278,-200.273],"palmWidth":90.0033,"pinchStrength":0.499989,"r":[[0.980553,-0.177511,0.0836944],[0.10007,0.819099,0.564856],[-0.168822,-0.545496,0.820934]],"s":1.0243,"sphereCenter":[-30.0661,232.578,-35.2156],"sphereRadius":45.994,"stabilizedPalmPosition":[-14.134,234.305,10.2456],"t":[-42.6542,80.0925,-179.337],"timeVisible":3.16376,"type":"right","wrist":[-9.02681,197.243,41.8727]}],"id":1144181,"interactionBox":{"center":[0,200,0],"size":[235.247,235.247,147.751]},"pointables":[{"bases":[[[0.714046,0.537704,0.448345],[-0.609238,0.161734,0.776319],[0.344917,-0.827476,0.443076]],[[0.549699,0.791731,0.266447],[-0.638759,0.19282,0.744854],[0.538348,-0.579641,0.611718]],[[0.549699,0.791731,0.266447],[-0.804933,0.416705,0.422422],[0.223414,-0.446676,0.866352]],[[0.549699,0.791731,0.266447],[-0.830824,0.551362,0.0757117],[-0.0869652,-0.262989,0.960871]]],"btipPosition":[-71.4406,246.195,-38.6292],"carpPosition":[-39.3373,196.421,43.0376],"dipPosition":[-73.4538,240.106,-16.3852],"direction":[-0.223414,0.446676,-0.866352],"extended":false,"handId":332,"id":3320,"length":51.5512,"mcpPosition":[-39.3373,196.421,43.0376],"pipPosition":[-65.9189,225.042,12.8333],"stabilizedTipPosition":[-72.0543,238.672,-30.4088],"timeVisible":3.16376,"tipPosition":[-71.5008,245.695,-33.2108],"tipVelocity":[10.0913,397.98,-207.435],"tool":false,"touchDistance":-0.607204,"touchZone":"touching","type":0,"width":20.0304},{"bases":[[[0.926169,-0.138911,-0.350592],[0.348794,0.668984,0.656356],[0.143365,-0.730181,0.668044]],[[0.932253,-0.175797,-0.316229],[0.353999,0.623804,0.696817],[0.0747664,-0.761554,0.643775]],[[0.932253,-0.175797,-0.316229],[0.253314,0.9412,0.223549],[0.258335,-0.288509,0.921968]],[[0.932253,-0.175797,-0.316229],[0.105481,0.968112,-0.227229],[0.346091,0.178479,0.921068]]],"btipPosition":[-49.7791,302.634,-64.5765],"carpPosition":[-24.1435,213.253,49.0054],"dipPosition":[-43.9301,305.651,-49.0102],"direction":[-0.258335,0.288509,-0.921968],"extended":true,"handId":332,"id":3321,"length":58.1698,"mcpPosition":[-34.5764,266.389,0.390665],"pipPosition":[-37.7537,298.753,-26.9675],"stabilizedTipPosition":[-48.7907,299.181,-59.5298],"timeVisible":3.16376,"tipPosition":[-48.4047,301.65,-60.1457],"tipVelocity":[39.0561,491.7,-186.834],"tool":false,"touchDistance":-0.60339,"touchZone":"hovering","type":1,"width":19.133},{"bases":[[[0.863901,-0.348281,-0.363835],[0.503415,0.619675,0.602143],[0.0157445,-0.703352,0.710668]],[[0.862687,-0.321428,-0.390454],[0.181337,0.917309,-0.354488],[0.472109,0.235008,0.849637]],[[0.862687,-0.321428,-0.390454],[-0.455095,-0.156641,-0.876557],[0.220589,0.933888,-0.281412]],[[0.862687,-0.321428,-0.390454],[-0.481713,-0.757376,-0.440834],[-0.154025,0.568389,-0.808215]]],"btipPosition":[-39.4179,213.632,-21.117],"carpPosition":[-12.4805,213.131,45.4972],"dipPosition":[-42.2809,224.197,-36.1402],"direction":[-0.220589,-0.933888,0.281412],"extended":false,"handId":332,"id":3322,"length":66.2798,"mcpPosition":[-13.5671,261.67,-3.54705],"pipPosition":[-36.0762,250.466,-44.0558],"stabilizedTipPosition":[-40.1421,210.554,-21.8033],"timeVisible":3.16376,"tipPosition":[-40.1018,215.461,-24.1784],"tipVelocity":[5.78304,392.156,-203.445],"tool":false,"touchDistance":0.333333,"touchZone":"none","type":2,"width":18.7912},{"bases":[[[0.816378,-0.493705,-0.299638],[0.564096,0.570471,0.596957],[-0.123786,-0.656367,0.744217]],[[0.819732,-0.473733,-0.321894],[0.338613,0.85413,-0.394719],[0.46193,0.214566,0.860571]],[[0.819732,-0.473733,-0.321894],[-0.427182,-0.131333,-0.894576],[0.381515,0.870821,-0.310028]],[[0.819732,-0.473733,-0.321894],[-0.572579,-0.691398,-0.440592],[-0.0138335,0.545477,-0.838011]]],"btipPosition":[-24.5421,207.285,-19.1052],"carpPosition":[-1.59847,210.042,41.0571],"dipPosition":[-24.7978,217.367,-34.5928],"direction":[-0.381515,-0.870821,0.310028],"extended":false,"handId":332,"id":3323,"length":63.7298,"mcpPosition":[6.07138,250.711,-5.05509],"pipPosition":[-14.3437,241.228,-43.0881],"stabilizedTipPosition":[-24.5851,204.843,-20.2545],"timeVisible":3.16376,"tipPosition":[-24.5146,209.924,-23.0199],"tipVelocity":[1.48504,375.418,-190.647],"tool":false,"touchDistance":0.333333,"touchZone":"none","type":3,"width":17.881},{"bases":[[[0.692062,-0.65378,-0.305977],[0.671038,0.426493,0.606474],[-0.266004,-0.62504,0.733871]],[[0.70568,-0.61831,-0.345989],[0.5003,0.780618,-0.374613],[0.501712,0.0912581,0.860207]],[[0.70568,-0.61831,-0.345989],[-0.444288,-0.00576588,-0.895866],[0.551928,0.785913,-0.278776]],[[0.70568,-0.61831,-0.345989],[-0.700914,-0.537791,-0.468509],[0.103614,0.573126,-0.81289]]],"btipPosition":[-8.28562,208.583,-18.9296],"carpPosition":[6.44971,200.901,33.996],"dipPosition":[-6.51902,218.355,-32.7892],"direction":[-0.551928,-0.785913,0.278776],"extended":false,"handId":332,"id":3324,"length":49.963,"mcpPosition":[21.7067,236.751,-8.09623],"pipPosition":[4.15896,233.56,-38.1826],"stabilizedTipPosition":[-7.82024,205.957,-19.6734],"timeVisible":3.16376,"tipPosition":[-7.75718,210.952,-22.0179],"tipVelocity":[-1.67789,372.323,-193.67],"tool":false,"touchDistance":0.333333,"touchZone":"none","type":4,"width":15.8833}],"r":[[0.980553,-0.177511,0.0836944],[0.10007,0.819099,0.564856],[-0.168822,-0.545496,0.820934]],"s":1.0243,"t":[-42.6542,80.0925,-179.337],"timestamp":15117110608},false],[2,{"currentFrameRate":109.847,"devices":[],"gestures":[],"hands":[{"armBasis":[[0.914013,-0.250345,-0.319229],[0.350521,0.883497,0.310755],[0.204241,-0.395931,0.895279]],"armWidth":63.029,"confidence":0.71854,"direction":[0.0685794,0.789803,-0.609515],"elbow":[45.6581,93.56,279.444],"grabStrength":0.300932,"id":332,"palmNormal":[-0.370957,-0.54696,-0.750484],"palmPosition":[-13.7941,241.245,6.50197],"palmVelocity":[13.0774,335.19,-182.377],"palmWidth":90.0033,"pinchStrength":0.493941,"r":[[0.979895,-0.181363,0.0831446],[0.102702,0.815806,0.569133],[-0.17105,-0.549152,0.818031]],"s":1.02865,"sphereCenter":[-30.0123,235.187,-36.4505],"sphereRadius":46.0167,"stabilizedPalmPosition":[-13.9861,237.324,8.61676],"t":[-42.4989,82.815,-180.81],"timeVisible":3.173,"type":"right","wrist":[-8.88908,199.302,40.3395]}],"id":1144182,"interactionBox":{"center":[0,200,0],"size":[235.247,235.247,147.751]},"pointables":[{"bases":[[[0.717842,0.531638,0.449515],[-0.606199,0.159764,0.779101],[0.342384,-0.831767,0.436963]],[[0.553937,0.787744,0.269468],[-0.635449,0.190914,0.748168],[0.53792,-0.585671,0.606326]],[[0.553937,0.787744,0.269468],[-0.801983,0.417962,0.426768],[0.223557,-0.452511,0.863282]],[[0.553937,0.787744,0.269468],[-0.828261,0.55426,0.0823438],[-0.0844892,-0.268803,0.959482]]],"btipPosition":[-71.3438,249.015,-39.6756],"carpPosition":[-39.1995,198.613,41.5893],"dipPosition":[-73.2997,242.792,-17.4637],"direction":[-0.223557,0.452511,-0.863282],"extended":false,"handId":332,"id":3320,"length":51.5512,"mcpPosition":[-39.1995,198.613,41.5893],"pipPosition":[-65.76,227.531,11.6512],"stabilizedTipPosition":[-71.9469,242.344,-32.1222],"timeVisible":3.173,"tipPosition":[-71.3867,248.463,-34.2685],"tipVelocity":[10.5996,371.002,-181.215],"tool":false,"touchDistance":-0.590624,"touchZone":"touching","type":0,"width":20.0304},{"bases":[[[0.924482,-0.141021,-0.354184],[0.353815,0.663319,0.659411],[0.141946,-0.734929,0.663121]],[[0.930414,-0.177522,-0.32065],[0.358717,0.620536,0.697322],[0.0751843,-0.76382,0.641035]],[[0.930414,-0.177522,-0.32065],[0.258705,0.937814,0.231468],[0.259619,-0.298314,0.918481]],[[0.930414,-0.177522,-0.32065],[0.111718,0.970602,-0.21319],[0.349069,0.162533,0.922894]]],"btipPosition":[-49.5416,305.664,-65.4397],"carpPosition":[-23.9104,215.337,47.6152],"dipPosition":[-43.6422,308.411,-49.8424],"direction":[-0.259619,0.298314,-0.918481],"extended":true,"handId":332,"id":3321,"length":58.1698,"mcpPosition":[-34.2401,268.819,-0.641376],"pipPosition":[-37.4352,301.279,-27.8831],"stabilizedTipPosition":[-48.4557,303.115,-60.8138],"timeVisible":3.173,"tipPosition":[-48.1323,304.675,-61.0226],"tipVelocity":[35.6589,443.828,-160.388],"tool":false,"touchDistance":-0.584224,"touchZone":"hovering","type":1,"width":19.133},{"bases":[[[0.861206,-0.350016,-0.368527],[0.508046,0.613632,0.604438],[0.014577,-0.707775,0.706288]],[[0.86007,-0.323481,-0.394511],[0.181867,0.916883,-0.355315],[0.476658,0.233848,0.847415]],[[0.86007,-0.323481,-0.394511],[-0.459602,-0.155603,-0.874388],[0.221461,0.933353,-0.282502]],[[0.86007,-0.323481,-0.394511],[-0.485977,-0.754797,-0.440576],[-0.155258,0.57065,-0.806383]]],"btipPosition":[-39.3338,216.017,-22.1377],"carpPosition":[-12.2585,215.183,44.0716],"dipPosition":[-42.2197,226.625,-37.1269],"direction":[-0.221461,-0.933353,0.282502],"extended":false,"handId":332,"id":3322,"length":66.2798,"mcpPosition":[-13.2645,264.027,-4.67031],"pipPosition":[-35.9905,252.878,-45.0731],"stabilizedTipPosition":[-40.0808,213.907,-23.4078],"timeVisible":3.173,"tipPosition":[-40.0382,217.991,-25.3411],"tipVelocity":[6.55356,354.83,-177.101],"tool":false,"touchDistance":0.333333,"touchZone":"none","type":2,"width":18.7912},{"bases":[[[0.813199,-0.495611,-0.305084],[0.568483,0.564182,0.598771],[-0.124635,-0.660355,0.740539]],[[0.816575,-0.475557,-0.327185],[0.341341,0.854902,-0.390678],[0.4655,0.207336,0.860419]],[[0.816575,-0.475557,-0.327185],[-0.430495,-0.124111,-0.894019],[0.38455,0.870886,-0.306071]],[[0.816575,-0.475557,-0.327185],[-0.577073,-0.686143,-0.44294],[-0.013852,0.550503,-0.834718]]],"btipPosition":[-24.5357,209.786,-20.5166],"carpPosition":[-1.404,212.071,39.5805],"dipPosition":[-24.7917,219.96,-35.9433],"direction":[-0.38455,-0.870886,0.306071],"extended":false,"handId":332,"id":3323,"length":63.7298,"mcpPosition":[6.31847,252.987,-6.30385],"pipPosition":[-14.2544,243.824,-44.3302],"stabilizedTipPosition":[-24.5893,208.094,-21.9549],"timeVisible":3.173,"tipPosition":[-24.5095,212.445,-24.4147],"tipVelocity":[1.26285,346.658,-179.58],"tool":false,"touchDistance":0.333333,"touchZone":"none","type":3,"width":17.881},{"bases":[[[0.688125,-0.65507,-0.312036],[0.674785,0.419656,0.607087],[-0.266736,-0.628309,0.730807]],[[0.701403,-0.620537,-0.350666],[0.497981,0.778624,-0.381785],[0.509949,0.0931599,0.855145]],[[0.701403,-0.620537,-0.350666],[-0.453519,-0.00900151,-0.891201],[0.549867,0.784125,-0.287739]],[[0.701403,-0.620537,-0.350666],[-0.705932,-0.536833,-0.462029],[0.0984569,0.571615,-0.814593]]],"btipPosition":[-8.27261,210.8,-19.9308],"carpPosition":[6.58099,202.937,32.4395],"dipPosition":[-6.59393,220.546,-33.8195],"direction":[-0.549867,-0.784125,0.287739],"extended":false,"handId":332,"id":3324,"length":49.963,"mcpPosition":[21.88,238.975,-9.47699],"pipPosition":[4.04418,235.716,-39.3864],"stabilizedTipPosition":[-7.84897,209.029,-21.1699],"timeVisible":3.173,"tipPosition":[-7.76423,213.24,-23.1899],"tipVelocity":[-1.42579,334.973,-169.922],"tool":false,"touchDistance":0.333333,"touchZone":"none","type":4,"width":15.8833}],"r":[[0.979895,-0.181363,0.0831446],[0.102702,0.815806,0.569133],[-0.17105,-0.549152,0.818031]],"s":1.02865,"t":[-42.4989,82.815,-180.81],"timestamp":15117119848},false],[3,{"currentFrameRate":110.094,"devices":[],"gestures":[],"hands":[{"armBasis":[[0.91449,-0.247127,-0.320369],[0.348965,0.882468,0.315396],[0.204772,-0.400224,0.893247]],"armWidth":63.029,"confidence":0.722396,"direction":[0.0723386,0.794193,-0.603344],"elbow":[45.5348,95.2912,276.989],"grabStrength":0.292874,"id":332,"palmNormal":[-0.367393,-0.541175,-0.756408],"palmPosition":[-13.8517,244.373,4.87323],"palmVelocity":[7.83967,342.27,-183.981],"palmWidth":90.0033,"pinchStrength":0.491738,"r":[[0.979244,-0.184707,0.0834513],[0.104314,0.812295,0.573842],[-0.17378,-0.553227,0.814703]],"s":1.03225,"sphereCenter":[-29.8326,238.6,-38.2217],"sphereRadius":46.0436,"stabilizedPalmPosition":[-13.9296,240.287,7.04296],"t":[-42.45,85.7402,-182.361],"timeVisible":3.18164,"type":"right","wrist":[-9.15415,202.18,38.4279]}],"id":1144183,"interactionBox":{"center":[0,200,0],"size":[235.247,235.247,147.751]},"pointables":[{"bases":[[[0.715844,0.527799,0.457161],[-0.610172,0.154506,0.777057],[0.339496,-0.835198,0.43265]],[[0.552854,0.785564,0.277923],[-0.638963,0.185572,0.746518],[0.534863,-0.590298,0.604541]],[[0.552854,0.785564,0.277923],[-0.804086,0.41543,0.425282],[0.218628,-0.458593,0.861333]],[[0.552854,0.785564,0.277923],[-0.828639,0.553441,0.0840264],[-0.0878061,-0.276752,0.956921]]],"btipPosition":[-71.2215,252.524,-41.5382],"carpPosition":[-39.4712,201.504,39.5135],"dipPosition":[-73.2542,246.117,-19.3857],"direction":[-0.218628,0.458593,-0.861333],"extended":false,"handId":332,"id":3320,"length":51.5512,"mcpPosition":[-39.4712,201.504,39.5135],"pipPosition":[-65.8808,230.651,9.6635],"stabilizedTipPosition":[-71.8428,245.861,-33.8674],"timeVisible":3.18164,"tipPosition":[-71.2746,251.899,-36.1498],"tipVelocity":[10.9976,378.968,-190.726],"tool":false,"touchDistance":-0.588039,"touchZone":"touching","type":0,"width":20.0304},{"bases":[[[0.926231,-0.139111,-0.350349],[0.350812,0.65821,0.666101],[0.137941,-0.73987,0.658456]],[[0.931904,-0.17541,-0.317469],[0.355245,0.618022,0.70132],[0.0731842,-0.766342,0.638251]],[[0.931904,-0.17541,-0.317469],[0.258134,0.935625,0.240775],[0.254797,-0.306328,0.917192]],[[0.931904,-0.17541,-0.317469],[0.11496,0.972997,-0.200151],[0.344005,0.150025,0.926905]]],"btipPosition":[-49.2561,309.369,-66.8921],"carpPosition":[-24.2022,218.172,45.7419],"dipPosition":[-43.4423,311.904,-51.2271],"direction":[-0.254797,0.306328,-0.917192],"extended":true,"handId":332,"id":3321,"length":58.1698,"mcpPosition":[-34.2404,272.014,-2.17518],"pipPosition":[-37.3505,304.581,-29.2986],"stabilizedTipPosition":[-48.1631,306.841,-62.1628],"timeVisible":3.18164,"tipPosition":[-47.843,308.407,-62.4701],"tipVelocity":[34.3579,438.3,-161.937],"tool":false,"touchDistance":-0.575688,"touchZone":"hovering","type":1,"width":19.133},{"bases":[[[0.862884,-0.347948,-0.366555],[0.505295,0.608812,0.611576],[0.0103659,-0.712937,0.701151]],[[0.861917,-0.321453,-0.392131],[0.183943,0.918905,-0.348969],[0.472508,0.228653,0.851149]],[[0.861917,-0.321453,-0.392131],[-0.455355,-0.150522,-0.877494],[0.223049,0.934885,-0.276113]],[[0.861917,-0.321453,-0.392131],[-0.484049,-0.751923,-0.447559],[-0.150982,0.575569,-0.803694]]],"btipPosition":[-39.2429,219.339,-24.004],"carpPosition":[-12.532,218.035,42.2585],"dipPosition":[-42.0494,230.038,-38.9432],"direction":[-0.223049,-0.934886,0.276113],"extended":false,"handId":332,"id":3322,"length":66.2798,"mcpPosition":[-13.2474,267.236,-6.12892],"pipPosition":[-35.7755,256.335,-46.7097],"stabilizedTipPosition":[-40.0012,217.17,-25.0747],"timeVisible":3.18164,"tipPosition":[-39.9338,221.37,-27.2399],"tipVelocity":[8.16575,363.296,-187.045],"tool":false,"touchDistance":0.333333,"touchZone":"none","type":2,"width":18.7912},{"bases":[[[0.814442,-0.493969,-0.304432],[0.565726,0.55936,0.605864],[-0.128991,-0.665666,0.735017]],[[0.817943,-0.473792,-0.326329],[0.343937,0.857421,-0.382801],[0.46117,0.200872,0.864276]],[[0.817943,-0.473792,-0.326329],[-0.425954,-0.11748,-0.897085],[0.386695,0.872765,-0.297906]],[[0.817943,-0.473792,-0.326329],[-0.575227,-0.682561,-0.450805],[-0.00915193,0.556446,-0.830834]]],"btipPosition":[-24.4722,213.117,-22.4191],"carpPosition":[-1.65619,214.949,37.8017],"dipPosition":[-24.6413,223.401,-37.7741],"direction":[-0.386694,-0.872765,0.297906],"extended":false,"handId":332,"id":3323,"length":63.7298,"mcpPosition":[6.33616,256.194,-7.74045],"pipPosition":[-14.0453,247.316,-45.9372],"stabilizedTipPosition":[-24.5556,211.278,-23.6771],"timeVisible":3.18164,"tipPosition":[-24.4257,215.8,-26.297],"tipVelocity":[3.48944,357.696,-189.825],"tool":false,"touchDistance":0.333333,"touchZone":"none","type":3,"width":17.881},{"bases":[[[0.689294,-0.653279,-0.313209],[0.671881,0.414698,0.613679],[-0.271016,-0.633445,0.724775]],[[0.702768,-0.618564,-0.35142],[0.492817,0.779536,-0.386593],[0.513078,0.0984995,0.852672]],[[0.702768,-0.618564,-0.35142],[-0.458173,-0.015638,-0.888725],[0.544238,0.785579,-0.294399]],[[0.702768,-0.618564,-0.35142],[-0.705093,-0.539881,-0.459753],[0.0946611,0.570884,-0.815556]]],"btipPosition":[-8.18415,213.816,-21.1565],"carpPosition":[6.35978,205.861,30.6361],"dipPosition":[-6.57019,223.55,-35.0616],"direction":[-0.544238,-0.785579,0.294399],"extended":false,"handId":332,"id":3324,"length":49.963,"mcpPosition":[21.9043,242.193,-10.9344],"pipPosition":[3.95902,238.748,-40.7573],"stabilizedTipPosition":[-7.83364,212.018,-22.5249],"timeVisible":3.18164,"tipPosition":[-7.6923,216.355,-24.6051],"tipVelocity":[1.21065,338.589,-162.574],"tool":false,"touchDistance":0.333333,"touchZone":"none","type":4,"width":15.8833}],"r":[[0.979244,-0.184707,0.0834513],[0.104314,0.812295,0.573842],[-0.17378,-0.553227,0.814703]],"s":1.03225,"t":[-42.45,85.7402,-182.361],"timestamp":15117128492},false],[4,{"currentFrameRate":110.161,"devices":[],"gestures":[],"hands":[{"armBasis":[[0.915833,-0.241175,-0.321069],[0.345772,0.880187,0.325134],[0.204187,-0.408785,0.889496]],"armWidth":63.029,"confidence":0.728502,"direction":[0.0749111,0.793879,-0.603443],"elbow":[45.3181,96.1567,274.455],"grabStrength":0.283386,"id":332,"palmNormal":[-0.36066,-0.542608,-0.758618],"palmPosition":[-13.7642,247.487,3.27314],"palmVelocity":[8.36655,343.732,-182.504],"palmWidth":90.0033,"pinchStrength":0.489887,"r":[[0.978679,-0.186923,0.0851322],[0.104386,0.809607,0.577616],[-0.176893,-0.556414,0.811857]],"s":1.03521,"sphereCenter":[-29.3839,241.563,-39.9966],"sphereRadius":46.0888,"stabilizedPalmPosition":[-13.857,243.447,5.38868],"t":[-42.3819,88.7602,-183.937],"timeVisible":3.1906,"type":"right","wrist":[-9.21446,205.332,36.895]}],"id":1144184,"interactionBox":{"center":[0,200,0],"size":[235.247,235.247,147.751]},"pointables":[{"bases":[[[0.711304,0.52979,0.461918],[-0.616147,0.153728,0.772483],[0.338244,-0.83408,0.435776]],[[0.548662,0.787435,0.280919],[-0.644524,0.184367,0.742023],[0.532503,-0.588179,0.608676]],[[0.548662,0.787435,0.280919],[-0.808365,0.413909,0.4186],[0.213345,-0.456755,0.863631]],[[0.548662,0.787435,0.280919],[-0.831181,0.549946,0.0818405],[-0.0900464,-0.278398,0.956236]]],"btipPosition":[-70.9407,255.479,-43.5565],"carpPosition":[-39.537,204.588,37.7611],"dipPosition":[-73.0253,249.034,-21.4198],"direction":[-0.213345,0.456755,-0.863631],"extended":false,"handId":332,"id":3320,"length":51.5512,"mcpPosition":[-39.537,204.588,37.7611],"pipPosition":[-65.83,233.63,7.70692],"stabilizedTipPosition":[-71.6646,249.291,-35.8061],"timeVisible":3.1906,"tipPosition":[-70.9895,254.807,-38.1828],"tipVelocity":[16.1977,365.256,-200.281],"tool":false,"touchDistance":-0.587897,"touchZone":"touching","type":0,"width":20.0304},{"bases":[[[0.929064,-0.137277,-0.343505],[0.344469,0.659533,0.668099],[0.134839,-0.739034,0.660036]],[[0.934536,-0.173173,-0.31089],[0.348472,0.622498,0.70076],[0.0721759,-0.763222,0.642093]],[[0.934536,-0.173173,-0.31089],[0.254422,0.93595,0.243448],[0.248819,-0.306608,0.918738]],[[0.934536,-0.173173,-0.31089],[0.116114,0.974184,-0.193603],[0.336392,0.144831,0.930519]]],"btipPosition":[-48.8652,312.393,-68.9236],"carpPosition":[-24.3516,221.295,44.0867],"dipPosition":[-43.1801,314.841,-53.1975],"direction":[-0.248819,0.306608,-0.918738],"extended":true,"handId":332,"id":3321,"length":58.1698,"mcpPosition":[-34.164,275.076,-3.94535],"pipPosition":[-37.2312,307.511,-31.232],"stabilizedTipPosition":[-47.8214,310.293,-63.9373],"timeVisible":3.1906,"tipPosition":[-47.4601,311.486,-64.4816],"tipVelocity":[35.9886,410.122,-179.231],"tool":false,"touchDistance":-0.576714,"touchZone":"hovering","type":1,"width":19.133},{"bases":[[[0.866312,-0.34627,-0.360001],[0.499456,0.610445,0.614736],[0.00689625,-0.712358,0.701782]],[[0.865474,-0.319869,-0.385537],[0.184429,0.919002,-0.348454],[0.465769,0.230474,0.854366]],[[0.865474,-0.319869,-0.385537],[-0.448626,-0.152443,-0.880622],[0.222912,0.935117,-0.275437]],[[0.865474,-0.319869,-0.385537],[-0.479062,-0.753498,-0.450267],[-0.146475,0.57439,-0.80537]]],"btipPosition":[-38.8862,222.375,-25.7591],"carpPosition":[-12.6561,221.183,40.6882],"dipPosition":[-41.6089,233.052,-40.7295],"direction":[-0.222912,-0.935117,0.275437],"extended":false,"handId":332,"id":3322,"length":66.2798,"mcpPosition":[-13.132,270.344,-7.74277],"pipPosition":[-35.3388,259.355,-48.477],"stabilizedTipPosition":[-39.7899,220.482,-26.8591],"timeVisible":3.1906,"tipPosition":[-39.5584,224.407,-29.0081],"tipVelocity":[17.4113,356.447,-189.68],"tool":false,"touchDistance":0.333333,"touchZone":"none","type":2,"width":18.7912},{"bases":[[[0.817752,-0.492351,-0.298115],[0.560039,0.561126,0.609503],[-0.13281,-0.665378,0.734598]],[[0.82136,-0.47222,-0.319964],[0.344702,0.857837,-0.381179],[0.454477,0.202793,0.867367]],[[0.82136,-0.47222,-0.319964],[-0.419239,-0.119397,-0.899991],[0.386791,0.873357,-0.296041]],[[0.82136,-0.47222,-0.319964],[-0.570393,-0.684334,-0.454244],[-0.00445891,0.555603,-0.831436]]],"btipPosition":[-24.1141,216.182,-24.0585],"carpPosition":[-1.7412,218.117,36.313],"dipPosition":[-24.1965,226.451,-39.4246],"direction":[-0.386791,-0.873357,0.296041],"extended":false,"handId":332,"id":3323,"length":63.7298,"mcpPosition":[6.48778,259.345,-9.20321],"pipPosition":[-13.5979,250.382,-47.5366],"stabilizedTipPosition":[-24.3661,214.536,-25.4329],"timeVisible":3.1906,"tipPosition":[-24.0476,218.859,-27.9375],"tipVelocity":[14.0747,353.318,-188.026],"tool":false,"touchDistance":0.333333,"touchZone":"none","type":3,"width":17.881},{"bases":[[[0.693033,-0.651953,-0.307672],[0.666463,0.416713,0.618205],[-0.27483,-0.633488,0.723299]],[[0.706774,-0.617045,-0.346016],[0.489831,0.779739,-0.389966],[0.510428,0.106128,0.853346]],[[0.706774,-0.617045,-0.346016],[-0.456267,-0.0238036,-0.889525],[0.54064,0.786568,-0.298361]],[[0.706774,-0.617045,-0.346016],[-0.701028,-0.545177,-0.459718],[0.0950269,0.567484,-0.817883]]],"btipPosition":[-7.82193,216.772,-22.4021],"carpPosition":[6.34722,209.042,29.213],"dipPosition":[-6.20173,226.447,-36.347],"direction":[-0.54064,-0.786568,0.298361],"extended":false,"handId":332,"id":3324,"length":49.963,"mcpPosition":[22.1105,245.377,-12.2728],"pipPosition":[4.25787,241.665,-42.1193],"stabilizedTipPosition":[-7.6602,215.167,-23.9168],"timeVisible":3.1906,"tipPosition":[-7.33491,219.332,-25.9356],"tipVelocity":[11.9818,335.797,-156.412],"tool":false,"touchDistance":0.333333,"touchZone":"none","type":4,"width":15.8833}],"r":[[0.978679,-0.186923,0.0851322],[0.104386,0.809607,0.577616],[-0.176893,-0.556414,0.811857]],"s":1.03521,"t":[-42.3819,88.7602,-183.937],"timestamp":15117137452},false],[5,{"currentFrameRate":110.126,"devices":[],"gestures":[],"hands":[{"armBasis":[[0.915418,-0.238718,-0.324072],[0.344751,0.880568,0.325186],[0.20774,-0.409405,0.888387]],"armWidth":63.029,"confidence":0.706566,"direction":[0.0786681,0.793857,-0.602995],"elbow":[46.0104,98.8659,272.408],"grabStrength":0.273659,"id":332,"palmNormal":[-0.357393,-0.542204,-0.76045],"palmPosition":[-13.8133,250.369,1.50435],"palmVelocity":[4.54226,335.794,-185.552],"palmWidth":90.0033,"pinchStrength":0.489581,"r":[[0.978098,-0.188888,0.0874395],[0.104009,0.807415,0.580743],[-0.180295,-0.55893,0.809377]],"s":1.03742,"sphereCenter":[-29.1953,244.34,-41.9494],"sphereRadius":46.1395,"stabilizedPalmPosition":[-13.8374,246.556,3.64393],"t":[-42.3723,91.7111,-185.609],"timeVisible":3.19974,"type":"right","wrist":[-9.47109,208.207,35.1449]}],"id":1144185,"interactionBox":{"center":[0,200,0],"size":[235.247,235.247,147.751]},"pointables":[{"bases":[[[0.709498,0.529077,0.4655],[-0.61984,0.154251,0.769419],[0.335279,-0.834436,0.437384]],[[0.547651,0.787266,0.283356],[-0.64764,0.184435,0.739287],[0.529755,-0.588385,0.610871]],[[0.547651,0.787266,0.283356],[-0.810289,0.414595,0.414177],[0.20859,-0.456425,0.864966]],[[0.547651,0.787266,0.283356],[-0.831583,0.549557,0.0803581],[-0.0924572,-0.279642,0.955642]]],"btipPosition":[-70.8501,258.411,-45.5974],"carpPosition":[-39.7983,207.491,35.8599],"dipPosition":[-72.9905,251.937,-23.4744],"direction":[-0.20859,0.456425,-0.864966],"extended":false,"handId":332,"id":3320,"length":51.5512,"mcpPosition":[-39.7983,207.491,35.8599],"pipPosition":[-65.9556,236.544,5.69732],"stabilizedTipPosition":[-71.5261,252.57,-37.8267],"timeVisible":3.19974,"tipPosition":[-70.8983,257.7,-40.2408],"tipVelocity":[14.0578,352.634,-206.76],"tool":false,"touchDistance":-0.588101,"touchZone":"touching","type":0,"width":20.0304},{"bases":[[[0.930632,-0.138131,-0.338886],[0.341764,0.659152,0.669862],[0.130849,-0.739215,0.660636]],[[0.935863,-0.173646,-0.306607],[0.345232,0.626059,0.699189],[0.0705426,-0.760196,0.645853]],[[0.935863,-0.173646,-0.306607],[0.254006,0.935536,0.245467],[0.244218,-0.307603,0.91964]],[[0.935863,-0.173646,-0.306607],[0.119631,0.975037,-0.187058],[0.331436,0.138381,0.933274]]],"btipPosition":[-48.5888,315.299,-71.0195],"carpPosition":[-24.6287,224.184,42.2624],"dipPosition":[-42.9874,317.638,-55.2468],"direction":[-0.244218,0.307603,-0.91964],"extended":true,"handId":332,"id":3321,"length":58.1698,"mcpPosition":[-34.1508,277.978,-5.81327],"pipPosition":[-37.1486,310.284,-33.2598],"stabilizedTipPosition":[-47.5251,313.446,-65.9019],"timeVisible":3.19974,"tipPosition":[-47.1773,314.47,-66.5562],"tipVelocity":[33.8005,383.68,-192.819],"tool":false,"touchDistance":-0.578653,"touchZone":"hovering","type":1,"width":19.133},{"bases":[[[0.867765,-0.347063,-0.355713],[0.496968,0.609921,0.617268],[0.00272581,-0.712421,0.701747]],[[0.867086,-0.320813,-0.381105],[0.187666,0.919026,-0.346658],[0.461458,0.229062,0.857081]],[[0.867086,-0.320813,-0.381105],[-0.444092,-0.151176,-0.883135],[0.225707,0.935,-0.273553]],[[0.867086,-0.320813,-0.381105],[-0.477624,-0.752766,-0.45301],[-0.141551,0.574824,-0.805941]]],"btipPosition":[-38.8234,225.32,-27.6944],"carpPosition":[-12.9165,224.061,38.9223],"dipPosition":[-41.4546,236.005,-42.6754],"direction":[-0.225707,-0.935,0.273553],"extended":false,"handId":332,"id":3322,"length":66.2798,"mcpPosition":[-13.1046,273.226,-9.50631],"pipPosition":[-35.1059,262.305,-50.37],"stabilizedTipPosition":[-39.6302,223.706,-28.7508],"timeVisible":3.19974,"tipPosition":[-39.4712,227.353,-30.9372],"tipVelocity":[15.1179,346.939,-195.876],"tool":false,"touchDistance":0.333333,"touchZone":"none","type":2,"width":18.7912},{"bases":[[[0.818758,-0.493103,-0.294081],[0.55753,0.560545,0.612332],[-0.137097,-0.665311,0.733871]],[[0.822489,-0.473008,-0.315874],[0.347359,0.857479,-0.379566],[0.450393,0.202467,0.869571]],[[0.822489,-0.473008,-0.315874],[-0.414938,-0.11915,-0.902014],[0.389023,0.872965,-0.294269]],[[0.822489,-0.473008,-0.315874],[-0.568782,-0.683858,-0.456974],[0.000139091,0.555519,-0.831504]]],"btipPosition":[-24.0559,219.073,-25.87],"carpPosition":[-1.9829,220.985,34.6012],"dipPosition":[-24.0533,229.34,-41.2373],"direction":[-0.389023,-0.872965,0.294269],"extended":false,"handId":332,"id":3323,"length":63.7298,"mcpPosition":[6.51174,262.208,-10.87],"pipPosition":[-13.3934,253.26,-49.3007],"stabilizedTipPosition":[-24.224,217.691,-27.2494],"timeVisible":3.19974,"tipPosition":[-23.9693,221.745,-29.7477],"tipVelocity":[12.5268,342.959,-190.845],"tool":false,"touchDistance":0.333333,"touchZone":"none","type":3,"width":17.881},{"bases":[[[0.693938,-0.652586,-0.304273],[0.663772,0.41603,0.621551],[-0.279029,-0.633285,0.721867]],[[0.707867,-0.617785,-0.342442],[0.492659,0.779235,-0.387402],[0.506173,0.105522,0.855952]],[[0.707867,-0.617785,-0.342442],[-0.451854,-0.023419,-0.891785],[0.542911,0.785998,-0.295726]],[[0.707867,-0.617785,-0.342442],[-0.699294,-0.544596,-0.463038],[0.0995652,0.567236,-0.817514]]],"btipPosition":[-7.76866,219.657,-24.1407],"carpPosition":[6.13216,211.903,27.5408],"dipPosition":[-6.07108,229.329,-38.0792],"direction":[-0.542911,-0.785998,0.295726],"extended":false,"handId":332,"id":3324,"length":49.963,"mcpPosition":[22.1363,248.226,-13.8629],"pipPosition":[4.43247,244.535,-43.8005],"stabilizedTipPosition":[-7.52858,218.301,-25.5177],"timeVisible":3.19974,"tipPosition":[-7.26491,222.21,-27.6685],"tipVelocity":[10.8106,330.149,-165.756],"tool":false,"touchDistance":0.333333,"touchZone":"none","type":4,"width":15.8833}],"r":[[0.978098,-0.188888,0.0874395],[0.104009,0.807415,0.580743],[-0.180295,-0.55893,0.809377]],"s":1.03742,"t":[-42.3723,91.7111,-185.609],"timestamp":15117146595},false],[6,{"currentFrameRate":109.999,"devices":[],"gestures":[],"hands":[{"armBasis":[[0.916011,-0.23695,-0.323695],[0.343657,0.879766,0.328499],[0.206938,-0.412148,0.887305]],"armWidth":63.029,"confidence":0.710743,"direction":[0.0851737,0.791841,-0.604759],"elbow":[45.3825,101.151,270.119],"grabStrength":0.264821,"id":332,"palmNormal":[-0.351588,-0.544034,-0.761848],"palmPosition":[-13.8673,253.288,-0.66391],"palmVelocity":[1.62168,329.45,-198.9],"palmWidth":90.0033,"pinchStrength":0.486981,"r":[[0.977409,-0.190712,0.0911052],[0.10293,0.805987,0.582915],[-0.184599,-0.560369,0.80741]],"s":1.03936,"sphereCenter":[-28.8642,247.046,-44.3173],"sphereRadius":46.1951,"stabilizedPalmPosition":[-13.8509,249.601,1.6956],"t":[-42.3946,94.646,-187.529],"timeVisible":3.20906,"type":"right","wrist":[-9.88497,211.225,33.1447]}],"id":1144186,"interactionBox":{"center":[0,200,0],"size":[235.247,235.247,147.751]},"pointables":[{"bases":[[[0.706234,0.529441,0.470027],[-0.626292,0.157615,0.763489],[0.330139,-0.833576,0.442898]],[[0.545826,0.787909,0.285086],[-0.653206,0.187033,0.733717],[0.524781,-0.586702,0.616754]],[[0.545826,0.787909,0.285086],[-0.813375,0.416525,0.406113],[0.201235,-0.453549,0.868215]],[[0.545826,0.787909,0.285086],[-0.832458,0.548637,0.0775255],[-0.0953257,-0.279638,0.955362]]],"btipPosition":[-70.7101,261.297,-48.2539],"carpPosition":[-40.2183,210.558,33.5969],"dipPosition":[-72.9169,254.824,-26.1374],"direction":[-0.201235,0.453549,-0.868215],"extended":false,"handId":332,"id":3320,"length":51.5512,"mcpPosition":[-40.2183,210.558,33.5969],"pipPosition":[-66.1301,239.527,3.14387],"stabilizedTipPosition":[-71.3946,255.657,-40.1044],"timeVisible":3.20906,"tipPosition":[-70.7294,260.53,-42.9248],"tipVelocity":[13.8681,340.551,-228.976],"tool":false,"touchDistance":-0.597495,"touchZone":"touching","type":0,"width":20.0304},{"bases":[[[0.933338,-0.140624,-0.33031],[0.336934,0.660722,0.670763],[0.123918,-0.737341,0.664058]],[[0.938196,-0.175719,-0.298181],[0.339805,0.631293,0.697139],[0.065739,-0.755376,0.651986]],[[0.938196,-0.175719,-0.298181],[0.253243,0.935773,0.24535],[0.235917,-0.305699,0.922438]],[[0.938196,-0.175719,-0.298181],[0.124244,0.975098,-0.183706],[0.323036,0.135305,0.936664]]],"btipPosition":[-47.9903,318.028,-73.836],"carpPosition":[-25.0791,227.248,40.0796],"dipPosition":[-42.5308,320.315,-58.0061],"direction":[-0.235917,0.305699,-0.922438],"extended":true,"handId":332,"id":3321,"length":58.1698,"mcpPosition":[-34.0968,280.905,-8.24504],"pipPosition":[-36.8905,313.006,-35.9522],"stabilizedTipPosition":[-47.086,316.283,-68.2867],"timeVisible":3.20906,"tipPosition":[-46.5955,317.284,-69.3488],"tipVelocity":[41.4193,357.666,-223.388],"tool":false,"touchDistance":-0.591172,"touchZone":"hovering","type":1,"width":19.133},{"bases":[[[0.870293,-0.349512,-0.347033],[0.492514,0.611087,0.61968],[-0.00451767,-0.710221,0.703964]],[[0.869883,-0.32349,-0.372369],[0.192767,0.917829,-0.34703],[0.454032,0.230095,0.860762]],[[0.869883,-0.32349,-0.372369],[-0.436318,-0.152521,-0.886772],[0.230067,0.933859,-0.27382]],[[0.869883,-0.32349,-0.372369],[-0.474909,-0.753258,-0.455043],[-0.133288,0.572675,-0.808874]]],"btipPosition":[-38.6676,228.226,-30.0409],"carpPosition":[-13.3384,227.095,36.8423],"dipPosition":[-41.1451,238.871,-45.0764],"direction":[-0.230067,-0.933859,0.27382],"extended":false,"handId":332,"id":3322,"length":66.2798,"mcpPosition":[-13.0266,276.109,-11.7392],"pipPosition":[-34.6738,265.138,-52.7784],"stabilizedTipPosition":[-39.4564,226.79,-30.8524],"timeVisible":3.20906,"tipPosition":[-39.2785,230.249,-33.2871],"tipVelocity":[16.6448,336.773,-212.093],"tool":false,"touchDistance":0.333333,"touchZone":"none","type":2,"width":18.7912},{"bases":[[[0.820522,-0.495282,-0.285377],[0.553039,0.561602,0.615427],[-0.144542,-0.662796,0.734717]],[[0.824451,-0.47539,-0.30706],[0.350704,0.855,-0.382076],[0.444171,0.207315,0.871626]],[[0.824451,-0.47539,-0.30706],[-0.408564,-0.124526,-0.904195],[0.391608,0.870918,-0.296893]],[[0.824451,-0.47539,-0.30706],[-0.565891,-0.685796,-0.457658],[0.00698484,0.551079,-0.834424]]],"btipPosition":[-23.9064,221.845,-27.862],"carpPosition":[-2.37231,223.99,32.6265],"dipPosition":[-23.7773,232.03,-43.2834],"direction":[-0.391608,-0.870918,0.296893],"extended":false,"handId":332,"id":3323,"length":63.7298,"mcpPosition":[6.5836,265.057,-12.8971],"pipPosition":[-13.0466,255.895,-51.4187],"stabilizedTipPosition":[-24.0642,220.681,-29.1633],"timeVisible":3.20906,"tipPosition":[-23.7946,224.512,-31.7917],"tipVelocity":[14.4054,329.579,-197.727],"tool":false,"touchDistance":0.333333,"touchZone":"none","type":3,"width":17.881},{"bases":[[[0.695545,-0.654604,-0.296161],[0.65897,0.416954,0.626025],[-0.286313,-0.63059,0.721375]],[[0.709788,-0.62014,-0.334107],[0.497601,0.777127,-0.385314],[0.498592,0.107239,0.860178]],[[0.709788,-0.62014,-0.334107],[-0.443879,-0.0254648,-0.895725],[0.546967,0.784078,-0.293342]],[[0.709788,-0.62014,-0.334107],[-0.696121,-0.54494,-0.467392],[0.10778,0.564328,-0.818485]]],"btipPosition":[-7.64653,222.5,-26.1649],"carpPosition":[5.78985,214.873,25.6657],"dipPosition":[-5.8089,232.121,-40.12],"direction":[-0.546967,-0.784078,0.293342],"extended":false,"handId":332,"id":3324,"length":49.963,"mcpPosition":[22.2118,251.041,-15.7098],"pipPosition":[4.77311,247.291,-45.7952],"stabilizedTipPosition":[-7.38422,221.339,-27.345],"timeVisible":3.20906,"tipPosition":[-7.10959,225.029,-29.6888],"tipVelocity":[12.4384,322.724,-180.444],"tool":false,"touchDistance":0.333333,"touchZone":"none","type":4,"width":15.8833}],