{"sensorType":"Leap","data":[[0,{"currentFrameRate":109.742,"devices":[],"gestures":[],"hands":[{"armBasis":[[0.958784,0.118557,-0.258221],[0.00588204,0.900314,0.435201],[0.284076,-0.418783,0.862509]],"armWidth":63.029,"confidence":0.487413,"direction":[0.00721527,0.824598,-0.565674],"elbow":[64.8231,138.645,261.323],"grabStrength":0,"id":333,"palmNormal":[-0.00265086,-0.565671,-0.824627],"palmPosition":[-18.2115,292.174,-2.7821],"palmVelocity":[-79.2678,12.809,60.7017],"palmWidth":90.0033,"pinchStrength":0.369483,"r":[[0.8033,-0.0136569,0.595418],[-0.32225,0.830787,0.453815],[-0.500863,-0.556423,0.662971]],"s":1.34809,"sphereCenter":[-45.4532,288.405,-42.6547],"sphereRadius":49.3794,"stabilizedPalmPosition":[-10.2665,293.567,-18.7698],"t":[30.3186,105.143,-123.273],"timeVisible":2.81088,"type":"right","wrist":[-11.0457,250.49,30.9711]}],"id":1145420,"interactionBox":{"center":[0,200,0],"size":[235.247,235.247,147.751]},"pointables":[{"bases":[[[0.406164,0.663859,0.62795],[-0.806401,-0.0628402,0.588022],[0.429824,-0.745213,0.509813]],[[0.21973,0.891313,0.396585],[-0.808823,-0.0608516,0.584895],[0.545457,-0.449286,0.707544]],[[0.21973,0.891313,0.396585],[-0.975434,0.194177,0.104038],[0.015723,-0.409703,0.912083]],[[0.21973,0.891313,0.396585],[-0.883098,0.354474,-0.307385],[-0.414556,-0.282682,0.865005]]],"btipPosition":[-57.1626,284.412,-61.6985],"carpPosition":[-39.2966,241.866,24.023],"dipPosition":[-66.7595,277.868,-41.6737],"direction":[-0.015723,0.409703,-0.912083],"extended":false,"handId":333,"id":3330,"length":51.5512,"mcpPosition":[-39.2966,241.866,24.023],"pipPosition":[-66.2292,264.05,-10.9129],"stabilizedTipPosition":[-48.7971,283.483,-69.534],"timeVisible":2.81088,"tipPosition":[-59.8014,283.12,-56.4841],"tipVelocity":[-91.9402,-29.5939,82.9521],"tool":false,"touchDistance":0.14932,"touchZone":"hovering","type":0,"width":20.0304},{"bases":[[[0.986986,0.131108,-0.093109],[-0.0212293,0.680182,0.732735],[0.159398,-0.721223,0.674114]],[[0.930967,0.280642,-0.233541],[-0.0560766,0.741975,0.668078],[0.360772,-0.608862,0.706491]],[[0.930967,0.280642,-0.233541],[-0.141687,0.86723,0.477323],[0.336491,-0.411282,0.847125]],[[0.930967,0.280642,-0.233541],[-0.202512,0.929159,0.309278],[0.303793,-0.240633,0.921849]]],"btipPosition":[-71.3017,353.734,-80.9127],"carpPosition":[-31.1913,261.475,34.0001],"dipPosition":[-66.1675,349.667,-65.3331],"direction":[-0.336491,0.411282,-0.847125],"extended":true,"handId":333,"id":3331,"length":58.1698,"mcpPosition":[-42.791,313.96,-15.0564],"pipPosition":[-58.1226,339.834,-45.0798],"stabilizedTipPosition":[-60.4478,356.425,-85.6151],"timeVisible":2.81088,"tipPosition":[-70.2842,353.943,-76.4799],"tipVelocity":[-124.961,-27.4021,60.3243],"tool":false,"touchDistance":0.175218,"touchZone":"hovering","type":1,"width":19.133},{"bases":[[[0.988508,-0.0854258,-0.124718],[0.149443,0.676556,0.721068],[0.0227809,-0.731419,0.681547]],[[0.988194,-0.0772938,-0.132283],[-0.00568247,0.844328,-0.535797],[0.153104,0.530223,0.83392]],[[0.988194,-0.0772938,-0.132283],[-0.15137,-0.359155,-0.920921],[0.0236714,0.930072,-0.366615]],[[0.988194,-0.0772938,-0.132283],[-0.137883,-0.825082,-0.547931],[-0.0667924,0.559702,-0.825998]]],"btipPosition":[-27.724,253.252,-27.4087],"carpPosition":[-19.428,264.62,33.7193],"dipPosition":[-28.9656,263.656,-42.7626],"direction":[-0.0236714,-0.930072,0.366615],"extended":false,"handId":333,"id":3332,"length":66.2798,"mcpPosition":[-21.0001,315.097,-13.3153],"pipPosition":[-28.2997,289.817,-53.0747],"stabilizedTipPosition":[-17.2058,257.49,-49.2534],"timeVisible":2.81088,"tipPosition":[-28.0725,255.821,-31.0085],"tipVelocity":[-131.456,-12.8173,108.345],"tool":false,"touchDistance":0.333333,"touchZone":"none","type":2,"width":18.7912},{"bases":[[[0.966989,-0.242886,-0.0770631],[0.220335,0.645063,0.731673],[-0.128003,-0.7245,0.677285]],[[0.969897,-0.224625,-0.0940387],[0.127751,0.798115,-0.588806],[0.207314,0.559067,0.802786]],[[0.969897,-0.224625,-0.0940387],[-0.178512,-0.393183,-0.901965],[0.165629,0.8916,-0.421445]],[[0.969897,-0.224625,-0.0940387],[-0.240034,-0.816815,-0.524592],[0.0410241,0.531373,-0.846144]]],"btipPosition":[-13.8879,250.714,-17.9578],"carpPosition":[-7.36009,264.784,32.3003],"dipPosition":[-13.1297,260.535,-33.5958],"direction":[-0.165629,-0.8916,0.421445],"extended":false,"handId":333,"id":3333,"length":63.7298,"mcpPosition":[0.571053,309.674,-9.66484],"pipPosition":[-8.59121,284.966,-45.144],"stabilizedTipPosition":[-3.93891,254.613,-38.9191],"timeVisible":2.81088,"tipPosition":[-13.7133,253.229,-21.7541],"tipVelocity":[-122.839,-12.6774,96.2565],"tool":false,"touchDistance":0.333333,"touchZone":"none","type":3,"width":17.881},{"bases":[[[0.895888,-0.428329,-0.117984],[0.355875,0.532874,0.767723],[-0.265967,-0.729781,0.629826]],[[0.833829,-0.552013,-0.00336802],[0.471967,0.716056,-0.514307],[0.286316,0.427254,0.8576]],[[0.833829,-0.552013,-0.00336802],[-0.192416,-0.28492,-0.93904],[0.517403,0.783647,-0.343791]],[[0.833829,-0.552013,-0.00336802],[-0.449937,-0.67608,-0.5835],[0.319822,0.488054,-0.812106]]],"btipPosition":[-5.86415,262.037,-18.0873],"carpPosition":[4.35801,258.606,27.535],"dipPosition":[-0.411212,270.359,-31.9336],"direction":[-0.517403,-0.783647,0.343791],"extended":false,"handId":333,"id":3334,"length":49.963,"mcpPosition":[19.6129,300.463,-8.58963],"pipPosition":[9.59883,285.52,-38.5848],"stabilizedTipPosition":[4.84178,264.76,-35.9465],"timeVisible":2.81088,"tipPosition":[-4.46785,263.939,-21.0055],"tipVelocity":[-117.352,-7.74524,56.2492],"tool":false,"touchDistance":0.333333,"touchZone":"none","type":4,"width":15.8833}],"r":[[0.8033,-0.0136569,0.595418],[-0.32225,0.830787,0.453815],[-0.500863,-0.556423,0.662971]],"s":1.34809,"t":[30.3186,105.143,-123.273],"timestamp":15128507892},false],[1,{"currentFrameRate":109.811,"devices":[],"gestures":[],"hands":[{"armBasis":[[0.957935,0.109745,-0.265172],[0.0173651,0.900135,0.435265],[0.286459,-0.42156,0.860365]],"armWidth":63.029,"confidence":0.493135,"direction":[0.00863718,0.816839,-0.576802],"elbow":[64.7446,138.242,262.298],"grabStrength":0,"id":333,"palmNormal":[-0.0150669,-0.576651,-0.816851],"palmPosition":[-18.9027,292.115,-1.72603],"palmVelocity":[-78.6301,7.47082,76.2898],"palmWidth":90.0033,"pinchStrength":0.372621,"r":[[0.808592,-0.0129214,0.588228],[-0.314228,0.835755,0.450304],[-0.497433,-0.54895,0.671725]],"s":1.34677,"sphereCenter":[-46.5059,288.01,-41.2799],"sphereRadius":49.3491,"stabilizedPalmPosition":[-10.4364,293.539,-18.4346],"t":[29.6339,105.145,-122.473],"timeVisible":2.81987,"type":"right","wrist":[-11.7607,250.829,32.5188]}],"id":1145421,"interactionBox":{"center":[0,200,0],"size":[235.247,235.247,147.751]},"pointables":[{"bases":[[[0.417498,0.668828,0.615113],[-0.801305,-0.0482244,0.596309],[0.428492,-0.741851,0.515802]],[[0.231757,0.893895,0.383719],[-0.804711,-0.045459,0.591924],[0.546561,-0.445965,0.708792]],[[0.231757,0.893895,0.383719],[-0.972618,0.20587,0.107851],[0.0174117,-0.398208,0.91713]],[[0.231757,0.893895,0.383719],[-0.878838,0.361514,-0.311371],[-0.417053,-0.265065,0.869372]]],"btipPosition":[-58.0653,283.934,-60.1029],"carpPosition":[-40.1456,242.348,25.9514],"dipPosition":[-67.72,277.798,-39.9771],"direction":[-0.0174117,0.398208,-0.91713],"extended":false,"handId":333,"id":3330,"length":51.5512,"mcpPosition":[-40.1456,242.348,25.9514],"pipPosition":[-67.1328,264.368,-9.04607],"stabilizedTipPosition":[-49.4836,283.426,-68.6938],"timeVisible":2.81987,"tipPosition":[-60.8035,282.7,-54.9339],"tipVelocity":[-94.689,-33.1952,109.615],"tool":false,"touchDistance":0.176301,"touchZone":"hovering","type":0,"width":20.0304},{"bases":[[[0.987105,0.121626,-0.104069],[-0.00873962,0.690114,0.723648],[0.159834,-0.713407,0.682278]],[[0.930984,0.269734,-0.245991],[-0.0440167,0.751864,0.657848],[0.362396,-0.601618,0.711846]],[[0.930984,0.269734,-0.245991],[-0.130559,0.875285,0.465651],[0.340914,-0.401398,0.850093]],[[0.930984,0.269734,-0.245991],[-0.192528,0.935292,0.296921],[0.310163,-0.229069,0.922673]]],"btipPosition":[-72.2106,352.972,-80.2325],"carpPosition":[-31.7861,262.021,35.5869],"dipPosition":[-66.9687,349.1,-64.639],"direction":[-0.340914,0.401397,-0.850093],"extended":true,"handId":333,"id":3331,"length":58.1698,"mcpPosition":[-43.4175,313.937,-14.0637],"pipPosition":[-58.818,339.504,-44.3147],"stabilizedTipPosition":[-61.7751,355.879,-84.4875],"timeVisible":2.81987,"tipPosition":[-71.1479,353.218,-75.8282],"tipVelocity":[-117.686,-41.7858,64.6431],"tool":false,"touchDistance":0.187613,"touchZone":"hovering","type":1,"width":19.133},{"bases":[[[0.986554,-0.0953174,-0.132763],[0.161779,0.684911,0.71044],[0.0232135,-0.722366,0.691122]],[[0.986233,-0.0872377,-0.140479],[-0.00422468,0.835952,-0.548786],[0.165309,0.541824,0.824075]],[[0.986233,-0.0872377,-0.140479],[-0.163055,-0.371607,-0.913959],[0.0275286,0.924282,-0.380715]],[[0.986233,-0.0872377,-0.140479],[-0.149755,-0.831467,-0.535011],[-0.0701307,0.548683,-0.833084]]],"btipPosition":[-28.9548,252.886,-25.6371],"carpPosition":[-20.0005,265.064,35.1539],"dipPosition":[-30.2584,263.085,-41.1226],"direction":[-0.0275286,-0.924282,0.380715],"extended":false,"handId":333,"id":3332,"length":66.2798,"mcpPosition":[-21.6025,314.916,-12.5414],"pipPosition":[-29.4841,289.083,-51.8314],"stabilizedTipPosition":[-17.3696,257.459,-48.9806],"timeVisible":2.81987,"tipPosition":[-29.3174,255.423,-29.3016],"tipVelocity":[-133.415,-21.9235,131.785],"tool":false,"touchDistance":0.333333,"touchZone":"none","type":2,"width":18.7912},{"bases":[[[0.964196,-0.251939,-0.0827874],[0.232508,0.652974,0.720808],[-0.127542,-0.714249,0.688172]],[[0.967117,-0.233764,-0.100195],[0.128095,0.78804,-0.60215],[0.219718,0.569515,0.792071]],[[0.967117,-0.233764,-0.100195],[-0.190516,-0.404884,-0.8943],[0.168487,0.883981,-0.436106]],[[0.967117,-0.233764,-0.100195],[-0.251614,-0.821974,-0.51093],[0.0370794,0.51934,-0.853763]]],"btipPosition":[-15.0556,250.373,-16.2962],"carpPosition":[-7.94565,265.108,33.6204],"dipPosition":[-14.3704,259.971,-32.0749],"direction":[-0.168487,-0.883981,0.436106],"extended":false,"handId":333,"id":3333,"length":63.7298,"mcpPosition":[-0.0430737,309.363,-9.0193],"pipPosition":[-9.75354,284.194,-44.025],"stabilizedTipPosition":[-4.08624,254.586,-38.6637],"timeVisible":2.81987,"tipPosition":[-14.8993,252.841,-20.1504],"tipVelocity":[-125.312,-21.1809,119.589],"tool":false,"touchDistance":0.333333,"touchZone":"none","type":3,"width":17.881},{"bases":[[[0.891194,-0.437316,-0.120535],[0.367458,0.540155,0.757105],[-0.265986,-0.719019,0.642077]],[[0.828971,-0.559282,-0.00331965],[0.472512,0.703511,-0.530853],[0.299232,0.438493,0.847457]],[[0.828971,-0.559282,-0.00331965],[-0.204566,-0.297674,-0.932493],[0.520538,0.773689,-0.361173]],[[0.828971,-0.559282,-0.00331965],[-0.461297,-0.680356,-0.569492],[0.316248,0.473623,-0.821991]]],"btipPosition":[-6.99659,261.629,-16.6355],"carpPosition":[3.67594,258.769,28.8299],"dipPosition":[-1.6046,269.705,-30.6503],"direction":[-0.520538,-0.773689,0.361173],"extended":false,"handId":333,"id":3334,"length":49.963,"mcpPosition":[18.932,300.01,-7.99736],"pipPosition":[8.4661,284.673,-37.6378],"stabilizedTipPosition":[4.61125,264.732,-35.5966],"timeVisible":2.81987,"tipPosition":[-5.59962,263.496,-19.6434],"tipVelocity":[-120.168,-19.8029,83.9528],"tool":false,"touchDistance":0.333333,"touchZone":"none","type":4,"width":15.8833}],"r":[[0.808592,-0.0129214,0.588228],[-0.314228,0.835755,0.450304],[-0.497433,-0.54895,0.671725]],"s":1.34677,"t":[29.6339,105.145,-122.473],"timestamp":15128516875},false],[2,{"currentFrameRate":109.822,"devices":[],"gestures":[],"hands":[{"armBasis":[[0.957103,0.106276,-0.269554],[0.0245172,0.897263,0.440814],[0.28871,-0.428513,0.856168]],"armWidth":63.029,"confidence":0.497749,"direction":[0.00787599,0.811679,-0.584051],"elbow":[64.5888,136.7,262.7],"grabStrength":0,"id":333,"palmNormal":[-0.023588,-0.583756,-0.811587],"palmPosition":[-19.7353,292.157,-0.513387],"palmVelocity":[-82.2294,6.68935,92.113],"palmWidth":90.0033,"pinchStrength":0.372254,"r":[[0.813629,-0.0120653,0.581259],[-0.306432,0.840737,0.446386],[-0.494072,-0.541309,0.680351]],"s":1.34581,"sphereCenter":[-47.6157,287.801,-39.8268],"sphereRadius":49.3355,"stabilizedPalmPosition":[-10.6133,293.512,-18.0936],"t":[28.8752,105.168,-121.467],"timeVisible":2.82895,"type":"right","wrist":[-12.5175,251.144,34.0417]}],"id":1145422,"interactionBox":{"center":[0,200,0],"size":[235.247,235.247,147.751]},"pointables":[{"bases":[[[0.424907,0.672396,0.606084],[-0.79707,-0.0394742,0.602596],[0.429107,-0.739138,0.519174]],[[0.239456,0.895401,0.375391],[-0.800649,-0.0365966,0.598015],[0.549201,-0.443755,0.708139]],[[0.239456,0.895401,0.375391],[-0.970658,0.212017,0.113455],[0.0219983,-0.391543,0.919897]],[[0.239456,0.895401,0.375391],[-0.877745,0.364907,-0.310494],[-0.414999,-0.255147,0.873313]]],"btipPosition":[-59.2386,283.752,-58.4478],"carpPosition":[-40.9863,242.729,27.7588],"dipPosition":[-68.8458,277.845,-38.2308],"direction":[-0.0219983,0.391543,-0.919897],"extended":false,"handId":333,"id":3330,"length":51.5512,"mcpPosition":[-40.9863,242.729,27.7588],"pipPosition":[-68.1039,264.64,-7.20647],"stabilizedTipPosition":[-50.1323,283.37,-67.8862],"timeVisible":2.82895,"tipPosition":[-61.9689,282.519,-53.3156],"tipVelocity":[-103.888,-27.9528,130.33],"tool":false,"touchDistance":0.204235,"touchZone":"hovering","type":0,"width":20.0304},{"bases":[[[0.986821,0.1164,-0.112405],[-0.000420211,0.696495,0.717561],[0.161814,-0.708058,0.687365]],[[0.930261,0.263544,-0.255262],[-0.0361466,0.758177,0.651046],[0.365113,-0.596416,0.714829]],[[0.930261,0.263544,-0.255262],[-0.123638,0.880212,0.458192],[0.345439,-0.394678,0.851411]],[[0.930261,0.263544,-0.255262],[-0.186614,0.938884,0.289261],[0.315895,-0.221453,0.922588]]],"btipPosition":[-73.3605,352.501,-79.1884],"carpPosition":[-32.4713,262.45,37.158],"dipPosition":[-68.0217,348.758,-63.5963],"direction":[-0.345439,0.394678,-0.851411],"extended":true,"handId":333,"id":3331,"length":58.1698,"mcpPosition":[-44.2468,313.976,-12.8628],"pipPosition":[-59.7629,339.322,-43.2405],"stabilizedTipPosition":[-63.1129,355.332,-83.3398],"timeVisible":2.82895,"tipPosition":[-72.26,352.763,-74.8108],"tipVelocity":[-119.458,-43.6686,78.5459],"tool":false,"touchDistance":0.205015,"touchZone":"hovering","type":1,"width":19.133},{"bases":[[[0.985126,-0.100784,-0.139175],[0.169972,0.690433,0.703145],[0.0252253,-0.716342,0.697293]],[[0.984781,-0.0927481,-0.146982],[-0.00493706,0.830433,-0.557097],[0.173728,0.549344,0.817337]],[[0.984781,-0.0927481,-0.146982],[-0.171444,-0.379704,-0.909083],[0.0285063,0.920447,-0.389826]],[[0.984781,-0.0927481,-0.146982],[-0.157254,-0.83562,-0.526318],[-0.0740057,0.541421,-0.837488]]],"btipPosition":[-30.1264,252.727,-23.9461],"carpPosition":[-20.6764,265.438,36.6114],"dipPosition":[-31.502,262.792,-39.5135],"direction":[-0.0285063,-0.920447,0.389826],"extended":false,"handId":333,"id":3332,"length":66.2798,"mcpPosition":[-22.4172,314.873,-11.5098],"pipPosition":[-30.7002,288.682,-50.4786],"stabilizedTipPosition":[-17.5615,257.424,-48.6658],"timeVisible":2.82895,"tipPosition":[-30.5053,255.24,-27.6477],"tipVelocity":[-132.677,-21.6165,146.244],"tool":false,"touchDistance":0.333333,"touchZone":"none","type":2,"width":18.7912},{"bases":[[[0.962466,-0.25686,-0.0876527],[0.240638,0.65828,0.713274],[-0.125511,-0.707594,0.695383]],[[0.965354,-0.238726,-0.105363],[0.12641,0.78107,-0.611515],[0.22828,0.577009,0.784186]],[[0.965354,-0.238726,-0.105363],[-0.199193,-0.413338,-0.888524],[0.168563,0.878728,-0.44657]],[[0.965354,-0.238726,-0.105363],[-0.258897,-0.82577,-0.501075],[0.0326138,0.510993,-0.858966]]],"btipPosition":[-16.1668,250.235,-14.6432],"carpPosition":[-8.6331,265.415,34.9888],"dipPosition":[-15.5641,259.679,-30.518],"direction":[-0.168563,-0.878727,0.44657],"extended":false,"handId":333,"id":3333,"length":63.7298,"mcpPosition":[-0.856326,309.258,-8.09757],"pipPosition":[-10.9452,283.757,-42.7548],"stabilizedTipPosition":[-4.25824,254.555,-38.3703],"timeVisible":2.82895,"tipPosition":[-16.0324,252.669,-18.5475],"tipVelocity":[-125.052,-20.6046,136.169],"tool":false,"touchDistance":0.333333,"touchZone":"none","type":3,"width":17.881},{"bases":[[[0.888391,-0.442242,-0.123221],[0.375367,0.545198,0.749572],[-0.264313,-0.712166,0.650352]],[[0.826444,-0.563002,-0.00436516],[0.47108,0.695713,-0.54228],[0.308342,0.446107,0.840187]],[[0.826444,-0.563002,-0.00436516],[-0.213424,-0.306096,-0.927769],[0.521,0.767681,-0.373129]],[[0.826444,-0.563002,-0.00436516],[-0.468564,-0.683476,-0.55974],[0.312151,0.464639,-0.828657]]],"btipPosition":[-8.10085,261.454,-15.1715],"carpPosition":[2.92539,258.984,30.1692],"dipPosition":[-2.77871,269.376,-29.3],"direction":[-0.521,-0.767681,0.373129],"extended":false,"handId":333,"id":3334,"length":49.963,"mcpPosition":[18.0854,299.831,-7.13267],"pipPosition":[7.30093,284.228,-36.5189],"stabilizedTipPosition":[4.33989,264.698,-35.1909],"timeVisible":2.82895,"tipPosition":[-6.71318,263.301,-18.2413],"tipVelocity":[-121.032,-20.7324,104.514],"tool":false,"touchDistance":0.333333,"touchZone":"none","type":4,"width":15.8833}],"r":[[0.813629,-0.0120653,0.581259],[-0.306432,0.840737,0.446386],[-0.494072,-0.541309,0.680351]],"s":1.34581,"t":[28.8752,105.168,-121.467],"timestamp":15128525962},false],[3,{"currentFrameRate":109.871,"devices":[],"gestures":[],"hands":[{"armBasis":[[0.956745,0.103858,-0.271759],[0.0284598,0.896217,0.442703],[0.289533,-0.431288,0.854495]],"armWidth":63.029,"confidence":0.507214,"direction":[0.00310907,0.810669,-0.585497],"elbow":[64.2907,135.725,263.392],"grabStrength":0,"id":333,"palmNormal":[-0.0305492,-0.58515,-0.81035],"palmPosition":[-20.5365,291.865,0.616596],"palmVelocity":[-84.0585,-4.04737,101.254],"palmWidth":90.0033,"pinchStrength":0.371708,"r":[[0.818587,-0.0112772,0.574272],[-0.299418,0.84484,0.44339],[-0.490168,-0.534901,0.688198]],"s":1.34495,"sphereCenter":[-48.6592,287.399,-38.4812],"sphereRadius":49.2918,"stabilizedPalmPosition":[-10.789,293.483,-17.7623],"t":[28.0953,105.033,-120.398],"timeVisible":2.83797,"type":"right","wrist":[-13.0355,250.91,35.1803]}],"id":1145423,"interactionBox":{"center":[0,200,0],"size":[235.247,235.247,147.751]},"pointables":[{"bases":[[[0.430138,0.67335,0.601316],[-0.791966,-0.0382656,0.609365],[0.433326,-0.738333,0.516811]],[[0.243477,0.895454,0.372667],[-0.795763,-0.0352422,0.604582],[0.554509,-0.443756,0.703989]],[[0.243477,0.895454,0.372667],[-0.969478,0.213268,0.120949],[0.028827,-0.390741,0.920049]],[[0.243477,0.895454,0.372667],[-0.879161,0.36603,-0.305119],[-0.409627,-0.253345,0.876369]]],"btipPosition":[-60.4271,283.445,-56.9253],"carpPosition":[-41.558,242.491,29.1523],"dipPosition":[-69.9099,277.58,-36.6375],"direction":[-0.028827,0.390741,-0.920049],"extended":false,"handId":333,"id":3330,"length":51.5512,"mcpPosition":[-41.558,242.491,29.1523],"pipPosition":[-68.9376,264.402,-5.60804],"stabilizedTipPosition":[-50.7385,283.308,-67.1269],"timeVisible":2.83797,"tipPosition":[-63.1323,282.186,-51.8121],"tipVelocity":[-110.702,-29.3412,141.433],"tool":false,"touchDistance":0.229882,"touchZone":"hovering","type":0,"width":20.0304},{"bases":[[[0.985861,0.115997,-0.120926],[0.005771,0.697732,0.716336],[0.167467,-0.706905,0.687197]],[[0.928084,0.262982,-0.263629],[-0.0311102,0.76026,0.648874],[0.371069,-0.594008,0.713767]],[[0.928084,0.262982,-0.263629],[-0.120476,0.881958,0.45567],[0.352343,-0.391139,0.850214]],[[0.928084,0.262982,-0.263629],[-0.184978,0.940042,0.286537],[0.323177,-0.217165,0.921084]]],"btipPosition":[-74.8018,351.934,-77.7896],"carpPosition":[-32.9601,262.226,38.4453],"dipPosition":[-69.3401,348.263,-62.223],"direction":[-0.352343,0.391139,-0.850214],"extended":true,"handId":333,"id":3331,"length":58.1698,"mcpPosition":[-45.147,313.669,-11.5632],"pipPosition":[-60.9161,338.912,-41.8958],"stabilizedTipPosition":[-64.4335,354.795,-82.184],"timeVisible":2.83797,"tipPosition":[-73.6618,352.202,-73.4331],"tipVelocity":[-129.716,-48.4556,99.4357],"tool":false,"touchDistance":0.228229,"touchZone":"hovering","type":1,"width":19.133},{"bases":[[[0.983897,-0.101233,-0.147306],[0.176035,0.691608,0.700493],[0.0309653,-0.715143,0.698292]],[[0.983488,-0.0932089,-0.155125],[-0.00971297,0.828745,-0.559542],[0.180713,0.551809,0.814155]],[[0.983488,-0.0932089,-0.155125],[-0.179206,-0.382038,-0.906605],[0.0252399,0.919434,-0.392433]],[[0.983488,-0.0932089,-0.155125],[-0.161837,-0.836604,-0.523356],[-0.0809968,0.53982,-0.837875]]],"btipPosition":[-31.1269,252.358,-22.6001],"carpPosition":[-21.1696,265.21,37.7941],"dipPosition":[-32.6325,262.392,-38.1747],"direction":[-0.0252399,-0.919434,0.392433],"extended":false,"handId":333,"id":3332,"length":66.2798,"mcpPosition":[-23.3066,314.563,-10.396],"pipPosition":[-31.9226,288.254,-49.2131],"stabilizedTipPosition":[-17.772,257.382,-48.3256],"timeVisible":2.83797,"tipPosition":[-31.5363,254.871,-26.3209],"tipVelocity":[-127.63,-27.1493,147.04],"tool":false,"touchDistance":0.333333,"touchZone":"none","type":2,"width":18.7912},{"bases":[[[0.961641,-0.257215,-0.0953251],[0.246777,0.659459,0.710081],[-0.11978,-0.706367,0.697637]],[[0.964404,-0.238959,-0.11324],[0.121502,0.780793,-0.612861],[0.234866,0.577287,0.782034]],[[0.964404,-0.238959,-0.11324],[-0.206377,-0.41242,-0.88731],[0.165328,0.879095,-0.447055]],[[0.964404,-0.238959,-0.11324],[-0.263149,-0.825131,-0.499911],[0.02602,0.511915,-0.858642]]],"btipPosition":[-17.1098,249.887,-13.5993],"carpPosition":[-9.14046,265.182,36.07],"dipPosition":[-16.6289,259.348,-29.4681],"direction":[-0.165328,-0.879095,0.447055],"extended":false,"handId":333,"id":3333,"length":63.7298,"mcpPosition":[-1.71878,308.949,-7.15609],"pipPosition":[-12.0987,283.436,-41.7182],"stabilizedTipPosition":[-4.44939,254.517,-38.0535],"timeVisible":2.83797,"tipPosition":[-17.0006,252.321,-17.4443],"tipVelocity":[-120.288,-25.4408,130.613],"tool":false,"touchDistance":0.333333,"touchZone":"none","type":3,"width":17.881},{"bases":[[[0.887232,-0.442643,-0.129947],[0.381785,0.54641,0.745437],[-0.258958,-0.710987,0.653787]],[[0.826227,-0.563244,-0.0103012],[0.465271,0.69259,-0.551218],[0.317605,0.450639,0.834297]],[[0.826227,-0.563244,-0.0103012],[-0.223439,-0.310869,-0.923815],[0.517131,0.765583,-0.382699]],[[0.826227,-0.563244,-0.0103012],[-0.474156,-0.685436,-0.552588],[0.304181,0.461447,-0.833391]]],"btipPosition":[-9.07094,261.08,-13.9017],"carpPosition":[2.37568,258.74,31.1641],"dipPosition":[-3.88469,268.947,-28.111],"direction":[-0.517131,-0.765583,0.382699],"extended":false,"handId":333,"id":3334,"length":49.963,"mcpPosition":[17.2286,299.52,-6.33474],"pipPosition":[6.12009,283.759,-35.5149],"stabilizedTipPosition":[4.04408,264.654,-34.7546],"timeVisible":2.83797,"tipPosition":[-7.70575,262.937,-17.0685],"tipVelocity":[-118.298,-26.8413,113.943],"tool":false,"touchDistance":0.333333,"touchZone":"none","type":4,"width":15.8833}],"r":[[0.818587,-0.0112772,0.574272],[-0.299418,0.84484,0.44339],[-0.490168,-0.534901,0.688198]],"s":1.34495,"t":[28.0953,105.033,-120.398],"timestamp":15128534976},false],[4,{"currentFrameRate":109.918,"devices":[],"gestures":[],"hands":[{"armBasis":[[0.956023,0.107472,-0.272891],[0.0268815,0.89442,0.44642],[0.292056,-0.434124,0.852197]],"armWidth":63.029,"confidence":0.516583,"direction":[-0.00120189,0.809622,-0.586951],"elbow":[64.1752,134.616,264.05],"grabStrength":0,"id":333,"palmNormal":[-0.0309379,-0.586701,-0.809213],"palmPosition":[-21.5579,291.427,1.83676],"palmVelocity":[-92.0993,-16.3095,110.632],"palmWidth":90.0033,"pinchStrength":0.371379,"r":[[0.822841,-0.00995484,0.568185],[-0.294115,0.848055,0.440794],[-0.48624,-0.529815,0.694886]],"s":1.34406,"sphereCenter":[-49.6951,286.755,-37.1846],"sphereRadius":49.2477,"stabilizedPalmPosition":[-10.9716,293.448,-17.4299],"t":[27.1947,104.747,-119.254],"timeVisible":2.84698,"type":"right","wrist":[-13.825,250.559,36.4521]}],"id":1145424,"interactionBox":{"center":[0,200,0],"size":[235.247,235.247,147.751]},"pointables":[{"bases":[[[0.429642,0.675829,0.598886],[-0.790103,-0.0397544,0.611683],[0.437201,-0.735986,0.516894]],[[0.242334,0.896343,0.371274],[-0.794789,-0.0360561,0.605813],[0.556403,-0.441893,0.703666]],[[0.242334,0.896343,0.371274],[-0.969727,0.211925,0.121313],[0.0300558,-0.389433,0.920564]],[[0.242334,0.896343,0.371274],[-0.878431,0.365167,-0.308239],[-0.411865,-0.251442,0.875868]]],"btipPosition":[-61.289,282.809,-55.5471],"carpPosition":[-42.3368,242.035,30.5203],"dipPosition":[-70.8236,276.988,-35.2709],"direction":[-0.0300558,0.389433,-0.920564],"extended":false,"handId":333,"id":3330,"length":51.5512,"mcpPosition":[-42.3368,242.035,30.5203],"pipPosition":[-69.81,263.854,-4.22407],"stabilizedTipPosition":[-51.2979,283.227,-66.4138],"timeVisible":2.84698,"tipPosition":[-64.0655,281.533,-50.4736],"tipVelocity":[-106.92,-40.3523,144.503],"tool":false,"touchDistance":0.252807,"touchZone":"hovering","type":0,"width":20.0304},{"bases":[[[0.985129,0.118995,-0.123938],[0.0055251,0.699032,0.715069],[0.171726,-0.70512,0.68798]],[[0.926495,0.265486,-0.26669],[-0.0322948,0.762187,0.64655],[0.374918,-0.590413,0.714737]],[[0.926495,0.265486,-0.26669],[-0.122799,0.883212,0.452612],[0.355706,-0.386594,0.850893]],[[0.926495,0.265486,-0.26669],[-0.188035,0.940504,0.283011],[0.325959,-0.212061,0.921293]]],"btipPosition":[-76.2197,351.045,-76.5993],"carpPosition":[-33.7771,261.815,39.7536],"dipPosition":[-70.7109,347.461,-61.0292],"direction":[-0.355706,0.386594,-0.850893],"extended":true,"handId":333,"id":3331,"length":58.1698,"mcpPosition":[-46.2739,313.128,-10.3119],"pipPosition":[-62.2066,338.218,-40.6858],"stabilizedTipPosition":[-65.7568,354.219,-81.031],"timeVisible":2.84698,"tipPosition":[-75.0708,351.318,-72.2581],"tipVelocity":[-136.97,-61.6286,108.428],"tool":false,"touchDistance":0.248417,"touchZone":"hovering","type":1,"width":19.133},{"bases":[[[0.9838,-0.0982869,-0.149923],[0.175762,0.693436,0.698752],[0.035284,-0.713783,0.699477]],[[0.983343,-0.0902804,-0.157754],[-0.0146792,0.825641,-0.564004],[0.181167,0.556925,0.810563]],[[0.983343,-0.0902804,-0.157754],[-0.180591,-0.38697,-0.904235],[0.0205886,0.917662,-0.396828]],[[0.983343,-0.0902804,-0.157754],[-0.160477,-0.838771,-0.520298],[-0.0853469,0.536947,-0.839288]]],"btipPosition":[-32.0636,251.75,-21.0914],"carpPosition":[-21.9983,264.837,39.0635],"dipPosition":[-33.65,261.731,-36.6923],"direction":[-0.0205886,-0.917662,0.396828],"extended":false,"handId":333,"id":3332,"length":66.2798,"mcpPosition":[-24.4333,314.096,-9.20847],"pipPosition":[-33.0709,287.543,-47.8543],"stabilizedTipPosition":[-17.9961,257.331,-47.964],"timeVisible":2.84698,"tipPosition":[-32.4958,254.275,-24.8771],"tipVelocity":[-121.675,-38.6085,152.446],"tool":false,"touchDistance":0.333333,"touchZone":"none","type":2,"width":18.7912},{"bases":[[[0.962202,-0.254247,-0.0976009],[0.246636,0.661534,0.708197],[-0.115491,-0.7055,0.699236]],[[0.964871,-0.235888,-0.11568],[0.117338,0.780863,-0.613584],[0.235067,0.578455,0.78111]],[[0.964871,-0.235888,-0.11568],[-0.207287,-0.412975,-0.886839],[0.161421,0.879664,-0.447364]],[[0.964871,-0.235888,-0.11568],[-0.261786,-0.825996,-0.499198],[0.0222033,0.511945,-0.858731]]],"btipPosition":[-18.0405,249.428,-12.4122],"carpPosition":[-9.97406,264.845,37.3052],"dipPosition":[-17.6302,258.889,-28.2827],"direction":[-0.161421,-0.879664,0.447364],"extended":false,"handId":333,"id":3333,"length":63.7298,"mcpPosition":[-2.81816,308.558,-6.01995],"pipPosition":[-13.207,282.993,-40.5412],"stabilizedTipPosition":[-4.65865,254.472,-37.7125],"timeVisible":2.84698,"tipPosition":[-17.9469,251.85,-16.2133],"tipVelocity":[-116.098,-32.4407,130.899],"tool":false,"touchDistance":0.333333,"touchZone":"none","type":3,"width":17.881},{"bases":[[[0.888301,-0.439979,-0.13168],[0.382113,0.548991,0.74337],[-0.254776,-0.710653,0.655791]],[[0.828066,-0.560509,-0.0117041],[0.460465,0.691879,-0.556125],[0.319811,0.455119,0.831016]],[[0.828066,-0.560509,-0.0117041],[-0.226125,-0.314816,-0.921823],[0.513005,0.765977,-0.387434]],[[0.828066,-0.560509,-0.0117041],[-0.473679,-0.688316,-0.549409],[0.299892,0.46049,-0.835472]]],"btipPosition":[-10.0616,260.604,-12.5608],"carpPosition":[1.5491,258.432,32.3781],"dipPosition":[-4.94845,268.455,-26.8055],"direction":[-0.513005,-0.765977,0.387434],"extended":false,"handId":333,"id":3334,"length":49.963,"mcpPosition":[16.1621,299.192,-5.23566],"pipPosition":[4.97651,283.274,-34.3011],"stabilizedTipPosition":[3.72887,264.599,-34.2934],"timeVisible":2.84698,"tipPosition":[-8.70963,262.475,-15.7774],"tipVelocity":[-116.502,-34.0908,123.267],"tool":false,"touchDistance":0.333333,"touchZone":"none","type":4,"width":15.8833}],"r":[[0.822841,-0.00995484,0.568185],[-0.294115,0.848055,0.440794],[-0.48624,-0.529815,0.694886]],"s":1.34406,"t":[27.1947,104.747,-119.254],"timestamp":15128543990},false],[5,{"currentFrameRate":109.915,"devices":[],"gestures":[],"hands":[{"armBasis":[[0.954812,0.112552,-0.275076],[0.0241344,0.893105,0.4492],[0.29623,-0.43554,0.850031]],"armWidth":63.029,"confidence":0.519971,"direction":[-0.00424915,0.810149,-0.586208],"elbow":[64.5772,133.937,264.401],"grabStrength":0,"id":333,"palmNormal":[-0.0293849,-0.586062,-0.809734],"palmPosition":[-22.4269,291.131,2.80782],"palmVelocity":[-93.032,-20.7846,109.535],"palmWidth":90.0033,"pinchStrength":0.373304,"r":[[0.826278,-0.0084769,0.563199],[-0.290407,0.850333,0.43886],[-0.482627,-0.526177,0.700149]],"s":1.34305,"sphereCenter":[-50.459,286.34,-36.249],"sphereRadius":49.1932,"stabilizedPalmPosition":[-11.1624,293.41,-17.0929],"t":[26.3099,104.456,-118.197],"timeVisible":2.85608,"type":"right","wrist":[-14.5376,250.258,37.3816]}],"id":1145425,"interactionBox":{"center":[0,200,0],"size":[235.247,235.247,147.751]},"pointables":[{"bases":[[[0.427673,0.676729,0.599278],[-0.78964,-0.0429836,0.612064],[0.43996,-0.734977,0.515989]],[[0.240087,0.896359,0.372691],[-0.794552,-0.0391196,0.605935],[0.557715,-0.441599,0.702812]],[[0.240087,0.896359,0.372691],[-0.970272,0.209517,0.121137],[0.0304971,-0.390695,0.920015]],[[0.240087,0.896359,0.372691],[-0.877927,0.36432,-0.310669],[-0.41425,-0.252608,0.874406]]],"btipPosition":[-62.0002,282.472,-54.5158],"carpPosition":[-43.0236,241.644,31.4571],"dipPosition":[-71.59,276.625,-34.2734],"direction":[-0.0304971,0.390695,-0.920015],"extended":false,"handId":333,"id":3330,"length":51.5512,"mcpPosition":[-43.0236,241.644,31.4571],"pipPosition":[-70.5615,263.448,-3.24514],"stabilizedTipPosition":[-51.8155,283.143,-65.7501],"timeVisible":2.85608,"tipPosition":[-64.8078,281.166,-49.4879],"tipVelocity":[-99.3242,-39.6028,135.613],"tool":false,"touchDistance":0.269866,"touchZone":"hovering","type":0,"width":20.0304},{"bases":[[[0.984656,0.122436,-0.124349],[0.00354272,0.698393,0.715706],[0.174473,-0.705164,0.687243]],[[0.925467,0.268831,-0.266909],[-0.0352554,0.762627,0.645877],[0.377184,-0.588327,0.715264]],[[0.925467,0.268831,-0.266909],[-0.126502,0.88343,0.451164],[0.357083,-0.383773,0.851593]],[[0.925467,0.268831,-0.266909],[-0.192096,0.940287,0.280997],[0.326512,-0.208781,0.921846]]],"btipPosition":[-77.307,350.466,-75.6438],"carpPosition":[-34.5259,261.444,40.7039],"dipPosition":[-71.7888,346.937,-60.0643],"direction":[-0.357083,0.383773,-0.851593],"extended":true,"handId":333,"id":3331,"length":58.1698,"mcpPosition":[-47.2225,312.76,-9.30795],"pipPosition":[-63.2516,337.762,-39.7042],"stabilizedTipPosition":[-67.0443,353.648,-79.9076],"timeVisible":2.85608,"tipPosition":[-76.1593,350.741,-71.3104],"tipVelocity":[-132.043,-61.8021,107.534],"tool":false,"touchDistance":0.264378,"touchZone":"hovering","type":1,"width":19.133},{"bases":[[[0.984047,-0.0948245,-0.150533],[0.173789,0.693386,0.699294],[0.038067,-0.714299,0.698804]],[[0.983558,-0.0868007,-0.158367],[-0.0178197,0.825994,-0.563397],[0.179713,0.556956,0.810866]],[[0.983558,-0.0868007,-0.158367],[-0.179763,-0.386512,-0.904596],[0.0173089,0.918191,-0.39576]],[[0.983558,-0.0868007,-0.158367],[-0.157961,-0.838547,-0.521428],[-0.0875378,0.53787,-0.83847]]],"btipPosition":[-32.8128,251.421,-20.1577],"carpPosition":[-22.7577,264.506,40.0104],"dipPosition":[-34.4399,261.419,-35.7434],"direction":[-0.0173089,-0.918191,0.39576],"extended":false,"handId":333,"id":3332,"length":66.2798,"mcpPosition":[-25.3847,313.801,-8.21511],"pipPosition":[-33.9531,287.246,-46.8753],"stabilizedTipPosition":[-18.2306,257.275,-47.5902],"timeVisible":2.85608,"tipPosition":[-33.2531,253.953,-23.9336],"tipVelocity":[-111.044,-37.7939,138.725],"tool":false,"touchDistance":0.333333,"touchZone":"none","type":2,"width":18.7912},{"bases":[[[0.963003,-0.250905,-0.0983416],[0.244776,0.661716,0.708672],[-0.112735,-0.706526,0.69865]],[[0.965615,-0.232404,-0.116518],[0.114652,0.782926,-0.611459],[0.233331,0.577075,0.78265]],[[0.965615,-0.232404,-0.116518],[-0.206036,-0.410773,-0.888153],[0.158548,0.88162,-0.444532]],[[0.965615,-0.232404,-0.116518],[-0.259179,-0.825447,-0.501461],[0.0203623,0.514418,-0.857298]]],"btipPosition":[-18.7822,249.164,-11.6075],"carpPosition":[-10.7345,264.556,38.2458],"dipPosition":[-18.4059,258.672,-27.4515],"direction":[-0.158548,-0.88162,0.444532],"extended":false,"handId":333,"id":3333,"length":63.7298,"mcpPosition":[-3.74933,308.333,-5.04308],"pipPosition":[-14.0614,282.829,-39.6324],"stabilizedTipPosition":[-4.88319,254.422,-37.3532],"timeVisible":2.85608,"tipPosition":[-18.695,251.581,-15.3484],"tipVelocity":[-106.738,-31.1454,119.302],"tool":false,"touchDistance":0.333333,"touchZone":"none","type":3,"width":17.881},{"bases":[[[0.889713,-0.436854,-0.132552],[0.38065,0.549599,0.743671],[-0.252025,-0.712109,0.655274]],[[0.830026,-0.557578,-0.0127816],[0.457125,0.693261,-0.557159],[0.319521,0.456614,0.830308]],[[0.830026,-0.557578,-0.0127816],[-0.226184,-0.315578,-0.921548],[0.509801,0.7678,-0.388053]],[[0.830026,-0.557578,-0.0127816],[-0.471686,-0.689568,-0.549553],[0.297605,0.462172,-0.835361]]],"btipPosition":[-10.8497,260.326,-11.5677],"carpPosition":[0.807666,258.187,33.3067],"dipPosition":[-5.77553,268.206,-25.8105],"direction":[-0.509801,-0.7678,0.388053],"extended":false,"handId":333,"id":3334,"length":49.963,"mcpPosition":[15.2629,299.031,-4.27739],"pipPosition":[4.08745,283.06,-33.318],"stabilizedTipPosition":[3.40412,264.539,-33.8224],"timeVisible":2.85608,"tipPosition":[-9.50692,262.216,-14.8072],"tipVelocity":[-108.478,-32.8972,119.353],"tool":false,"touchDistance":0.333333,"touchZone":"none","type":4,"width":15.8833}],"r":[[0.826278,-0.0084769,0.563199],[-0.290407,0.850333,0.43886],[-0.482627,-0.526177,0.700149]],"s":1.34305,"t":[26.3099,104.456,-118.197],"timestamp":15128553093},false],[6,{"currentFrameRate":109.968,"devices":[],"gestures":[],"hands":[{"armBasis":[[0.953543,0.117756,-0.277289],[0.0218114,0.891039,0.453403],[0.300466,-0.438387,0.847076]],"armWidth":63.029,"confidence":0.520618,"direction":[-0.00700384,0.810005,-0.586381],"elbow":[65.0025,132.623,264.925],"grabStrength":0,"id":333,"palmNormal":[-0.0280897,-0.586324,-0.80959],"palmPosition":[-23.2746,290.545,4.11642],"palmVelocity":[-93.3539,-32.949,119.386],"palmWidth":90.0033,"pinchStrength":0.37264,"r":[[0.829074,-0.00679441,0.559098],[-0.287906,0.851993,0.437284],[-0.479319,-0.523509,0.704409]],"s":1.34213,"sphereCenter":[-51.1951,285.589,-34.9884],"sphereRadius":49.1452,"stabilizedPalmPosition":[-11.3546,293.364,-16.7564],"t":[25.4436,104.017,-117.014],"timeVisible":2.86508,"type":"right","wrist":[-15.2435,249.703,38.6946]}],"id":1145426,"interactionBox":{"center":[0,200,0],"size":[235.247,235.247,147.751]},"pointables":[{"bases":[[[0.425986,0.678136,0.598889],[-0.789161,-0.0452115,0.61252],[0.442448,-0.733545,0.515899]],[[0.238877,0.896173,0.373914],[-0.793564,-0.041757,0.607053],[0.559638,-0.441736,0.701195]],[[0.238877,0.896173,0.373914],[-0.970493,0.207295,0.123173],[0.0328739,-0.392305,0.919248]],[[0.238877,0.896173,0.373914],[-0.878277,0.363646,-0.310469],[-0.414206,-0.254237,0.873955]]],"btipPosition":[-62.8598,281.93,-53.0687],"carpPosition":[-43.707,241.003,32.7881],"dipPosition":[-72.4486,276.045,-32.8368],"direction":[-0.0328739,0.392305,-0.919248],"extended":false,"handId":333,"id":3330,"length":51.5512,"mcpPosition":[-43.707,241.003,32.7881],"pipPosition":[-71.3399,262.814,-1.83434],"stabilizedTipPosition":[-52.2895,283.051,-65.1299],"timeVisible":2.86508,"tipPosition":[-65.6227,280.548,-48.106],"tipVelocity":[-98.2721,-45.5344,142.457],"tool":false,"touchDistance":0.293944,"touchZone":"hovering","type":0,"width":20.0304},{"bases":[[[0.984215,0.125354,-0.124933],[0.00185854,0.698556,0.715552],[0.17697,-0.704489,0.687297]],[[0.924559,0.271451,-0.267405],[-0.037857,0.763744,0.644409],[0.379154,-0.585671,0.716402]],[[0.924559,0.271451,-0.267405],[-0.129598,0.883959,0.449245],[0.358323,-0.380699,0.852451]],[[0.924559,0.271451,-0.267405],[-0.195399,0.94024,0.278869],[0.327124,-0.20558,0.922349]]],"btipPosition":[-78.3498,349.562,-74.4033],"carpPosition":[-35.2633,260.83,42.0258],"dipPosition":[-72.8213,346.088,-58.8153],"direction":[-0.358323,0.380699,-0.852451],"extended":true,"handId":333,"id":3331,"length":58.1698,"mcpPosition":[-48.1417,312.097,-7.98999],"pipPosition":[-64.2544,336.986,-38.4346],"stabilizedTipPosition":[-68.2528,353.059,-78.8128],"timeVisible":2.86508,"tipPosition":[-77.2043,349.835,-70.0791],"tipVelocity":[-127.535,-72.0097,115.918],"tool":false,"touchDistance":0.285086,"touchZone":"hovering","type":1,"width":19.133},{"bases":[[[0.984241,-0.0919138,-0.151069],[0.17211,0.694056,0.699046],[0.0405985,-0.71403,0.698937]],[[0.983725,-0.0839133,-0.158885],[-0.0205345,0.825958,-0.563357],[0.178506,0.557451,0.810792]],[[0.983725,-0.0839133,-0.158885],[-0.179096,-0.386474,-0.904744],[0.014515,0.918475,-0.395213]],[[0.983725,-0.0839133,-0.158885],[-0.155843,-0.83859,-0.521996],[-0.0894374,0.538261,-0.838019]]],"btipPosition":[-33.5631,250.785,-18.8726],"carpPosition":[-23.5048,263.927,41.3249],"dipPosition":[-35.2255,260.791,-34.4499],"direction":[-0.014515,-0.918475,0.395213],"extended":false,"handId":333,"id":3332,"length":66.2798,"mcpPosition":[-26.3065,313.204,-6.90975],"pipPosition":[-34.8173,286.626,-45.5665],"stabilizedTipPosition":[-18.4661,257.212,-47.2134],"timeVisible":2.86508,"tipPosition":[-34.0075,253.316,-22.6275],"tipVelocity":[-103.696,-46.7691,139.903],"tool":false,"touchDistance":0.333333,"touchZone":"none","type":2,"width":18.7912},{"bases":[[[0.963694,-0.248045,-0.0988325],[0.243196,0.6626,0.70839],[-0.110226,-0.706707,0.698867]],[[0.966251,-0.229442,-0.117111],[0.112201,0.784085,-0.610427],[0.231883,0.576686,0.783367]],[[0.966251,-0.229442,-0.117111],[-0.205034,-0.409781,-0.888842],[0.155947,0.882857,-0.442995]],[[0.966251,-0.229442,-0.117111],[-0.256927,-0.82549,-0.502549],[0.0186315,0.515677,-0.85658]]],"btipPosition":[-19.5187,248.593,-10.4002],"carpPosition":[-11.4828,264.013,39.5535],"dipPosition":[-19.1743,258.123,-26.231],"direction":[-0.155947,-0.882857,0.442995],"extended":false,"handId":333,"id":3333,"length":63.7298,"mcpPosition":[-4.65306,307.802,-3.74878],"pipPosition":[-14.9011,282.315,-38.3698],"stabilizedTipPosition":[-5.11175,254.365,-36.9872],"timeVisible":2.86508,"tipPosition":[-19.4376,251,-14.0937],"tipVelocity":[-100.126,-39.8722,123.473],"tool":false,"touchDistance":0.333333,"touchZone":"none","type":3,"width":17.881},{"bases":[[[0.89094,-0.43422,-0.132961],[0.379425,0.550897,0.743336],[-0.249523,-0.712717,0.65557]],[[0.831697,-0.555073,-0.0131548],[0.454609,0.694386,-0.557816],[0.318763,0.457953,0.829861]],[[0.831697,-0.555073,-0.0131548],[-0.22576,-0.316433,-0.921359],[0.507259,0.769262,-0.38849]],[[0.831697,-0.555073,-0.0131548],[-0.469847,-0.690978,-0.549357],[0.295844,0.463079,-0.835484]]],"btipPosition":[-11.6195,259.761,-10.2559],"carpPosition":[0.0755974,257.677,34.6093],"dipPosition":[-6.57541,267.656,-24.5009],"direction":[-0.507259,-0.769262,0.38849],"extended":false,"handId":333,"id":3334,"length":49.963,"mcpPosition":[14.3874,298.556,-2.99184],"pipPosition":[3.23838,282.539,-32.0169],"stabilizedTipPosition":[3.08659,264.472,-33.3577],"timeVisible":2.86508,"