{"sensorType":"Leap","data":[[0,{"currentFrameRate":104.881,"devices":[],"gestures":[],"hands":[{"armBasis":[[0.979903,0.06935,-0.187033],[0.00151376,0.935008,0.354623],[0.19947,-0.347779,0.916112]],"armWidth":63.029,"confidence":0.748766,"direction":[-0.0212105,0.706214,-0.707681],"elbow":[48.8579,161.545,301.893],"grabStrength":0.214156,"id":332,"palmNormal":[-0.0111747,-0.707963,-0.706161],"palmPosition":[-13.1337,289.071,16.5801],"palmVelocity":[12.4167,81.6718,-208.502],"palmWidth":90.0033,"pinchStrength":0.308634,"r":[[0.93688,0.217673,0.27363],[-0.319423,0.851125,0.416599],[-0.142212,-0.477707,0.866932]],"s":1.09162,"sphereCenter":[-25.5506,278.091,-25.4488],"sphereRadius":46.8912,"stabilizedPalmPosition":[-10.0602,264.603,55.4799],"t":[-41.7896,132.794,-170.487],"timeVisible":0.43402,"type":"right","wrist":[-4.41513,254.428,57.2253]}],"id":1143883,"interactionBox":{"center":[0,200,0],"size":[235.247,235.247,147.751]},"pointables":[{"bases":[[[0.408138,0.773872,0.4843],[-0.791287,0.0353111,0.610424],[0.455289,-0.632357,0.626767]],[[0.291558,0.899316,0.325921],[-0.78125,0.0272739,0.623622],[0.551944,-0.436448,0.710543]],[[0.291558,0.899316,0.325921],[-0.946417,0.221737,0.234791],[0.138882,-0.376912,0.915778]],[[0.291558,0.899316,0.325921],[-0.953825,0.247614,0.170014],[0.072194,-0.360441,0.929984]]],"btipPosition":[-66.2617,286.881,-34.7755],"carpPosition":[-32.6535,244.275,52.7228],"dipPosition":[-64.5904,278.536,-13.2465],"direction":[-0.138882,0.376912,-0.915778],"extended":false,"handId":332,"id":3320,"length":51.5512,"mcpPosition":[-32.6535,244.275,52.7228],"pipPosition":[-59.9065,265.825,17.6389],"stabilizedTipPosition":[-64.3547,261.494,12.0058],"timeVisible":0.43402,"tipPosition":[-65.0472,284.974,-29.9336],"tipVelocity":[40.6645,50.9942,-248.086],"tool":false,"touchDistance":-0.663648,"touchZone":"hovering","type":0,"width":20.0304},{"bases":[[[0.981959,0.125544,-0.141404],[-0.0169501,0.803228,0.595431],[0.188332,-0.582292,0.790865]],[[0.98672,0.109653,-0.119831],[0.0205006,0.647772,0.761559],[0.16113,-0.753902,0.636922]],[[0.98672,0.109653,-0.119831],[-0.0635436,0.939537,0.3365],[0.149484,-0.324417,0.934028]],[[0.98672,0.109653,-0.119831],[-0.122746,0.986547,-0.107972],[0.10638,0.121247,0.986906]]],"btipPosition":[-50.6108,345.619,-64.9219],"carpPosition":[-24.6863,265.499,58.7077],"dipPosition":[-48.813,347.668,-48.2429],"direction":[-0.149484,0.324417,-0.934028],"extended":true,"handId":332,"id":3321,"length":58.1698,"mcpPosition":[-38.3916,307.873,1.15509],"pipPosition":[-45.2391,339.912,-25.9119],"stabilizedTipPosition":[-50.2682,332.84,-45.6603],"timeVisible":0.43402,"tipPosition":[-49.7491,344.216,-60.8246],"tipVelocity":[10.5093,176.112,-206.496],"tool":false,"touchDistance":-0.462856,"touchZone":"hovering","type":1,"width":19.133},{"bases":[[[0.986781,-0.0930624,-0.132676],[0.153445,0.79991,0.580172],[0.0521364,-0.592861,0.803615]],[[0.984178,-0.0710779,-0.162298],[-0.00182578,0.91189,-0.41043],[0.177171,0.404233,0.897333]],[[0.984178,-0.0710779,-0.162298],[-0.175902,-0.28213,-0.943112],[0.0212452,0.956739,-0.290169]],[[0.984178,-0.0710779,-0.162298],[-0.142536,-0.861718,-0.486956],[-0.105244,0.502385,-0.858215]]],"btipPosition":[-23.6796,254.095,-16.5811],"carpPosition":[-12.9932,268.703,57.5458],"dipPosition":[-25.6359,263.433,-32.5338],"direction":[-0.0212452,-0.956739,0.290169],"extended":false,"handId":332,"id":3322,"length":66.2798,"mcpPosition":[-16.5912,309.617,2.08712],"pipPosition":[-25.0383,290.345,-40.6957],"stabilizedTipPosition":[-22.2979,215.734,44.2205],"timeVisible":0.43402,"tipPosition":[-23.9831,256.042,-19.4911],"tipVelocity":[62.5383,84.52,-225.202],"tool":false,"touchDistance":0.333333,"touchZone":"none","type":2,"width":18.7912},{"bases":[[[0.969304,-0.239326,-0.0563268],[0.225137,0.77191,0.594532],[-0.098808,-0.588963,0.802097]],[[0.971107,-0.227342,-0.0725696],[0.168864,0.869488,-0.464194],[0.168629,0.438528,0.882756]],[[0.971107,-0.227342,-0.0725696],[-0.146117,-0.326006,-0.934008],[0.188681,0.917625,-0.349805]],[[0.971107,-0.227342,-0.0725696],[-0.234891,-0.856859,-0.458932],[0.0421528,0.462718,-0.885503]]],"btipPosition":[-8.24606,252.187,-6.95543],"carpPosition":[-0.966486,268.771,55.806],"dipPosition":[-7.46702,260.739,-23.3207],"direction":[-0.188681,-0.917625,0.349805],"extended":false,"handId":332,"id":3323,"length":63.7298,"mcpPosition":[5.15573,305.264,6.1075],"pipPosition":[-2.29685,285.883,-32.906],"stabilizedTipPosition":[-6.90858,220.266,41.0508],"timeVisible":0.43402,"tipPosition":[-7.91767,254.685,-11.1049],"tipVelocity":[54.8114,71.6204,-177.622],"tool":false,"touchDistance":0.333333,"touchZone":"none","type":3,"width":17.881},{"bases":[[[0.90074,-0.430114,-0.0605687],[0.363539,0.670203,0.647046],[-0.23771,-0.604839,0.760042]],[[0.834532,-0.542964,0.0935186],[0.53042,0.745851,-0.402941],[0.149031,0.385871,0.910436]],[[0.834532,-0.542964,0.0935186],[-0.0833399,-0.292187,-0.952723],[0.544619,0.787284,-0.28909]],[[0.834532,-0.542964,0.0935186],[-0.427258,-0.74494,-0.512362],[0.34786,0.387626,-0.853662]]],"btipPosition":[2.7055,261.341,-3.33506],"carpPosition":[10.7513,261.986,51.9536],"dipPosition":[8.63647,267.95,-17.8899],"direction":[-0.544619,-0.787284,0.28909],"extended":false,"handId":332,"id":3324,"length":49.963,"mcpPosition":[24.3855,296.678,8.36033],"pipPosition":[19.1731,283.181,-23.4828],"stabilizedTipPosition":[5.73875,236.386,31.1911],"timeVisible":0.43402,"tipPosition":[4.72943,263.002,-7.03672],"tipVelocity":[30.1412,91.5894,-174.431],"tool":false,"touchDistance":0.333333,"touchZone":"none","type":4,"width":15.8833}],"r":[[0.93688,0.217673,0.27363],[-0.319423,0.851125,0.416599],[-0.142212,-0.477707,0.866932]],"s":1.09162,"t":[-41.7896,132.794,-170.487],"timestamp":15114380870},false],[1,{"currentFrameRate":105.139,"devices":[],"gestures":[],"hands":[{"armBasis":[[0.980567,0.0787218,-0.1797],[-0.00854936,0.93224,0.361739],[0.196,-0.353173,0.914797]],"armWidth":63.029,"confidence":0.758282,"direction":[-0.0215466,0.704304,-0.709571],"elbow":[47.9584,160.372,299.425],"grabStrength":0.182636,"id":332,"palmNormal":[-0.0000776012,-0.709737,-0.704467],"palmPosition":[-13.0774,289.167,14.3123],"palmVelocity":[10.7156,62.1219,-220.237],"palmWidth":90.0033,"pinchStrength":0.313752,"r":[[0.933714,0.222942,0.280133],[-0.327472,0.84808,0.41656],[-0.144707,-0.480683,0.864872]],"s":1.09675,"sphereCenter":[-25.3852,278.23,-27.6579],"sphereRadius":46.9594,"stabilizedPalmPosition":[-10.1103,265.011,54.7971],"t":[-41.7082,133.127,-172.48],"timeVisible":0.443051,"type":"right","wrist":[-4.38783,254.694,55.1082]}],"id":1143884,"interactionBox":{"center":[0,200,0],"size":[235.247,235.247,147.751]},"pointables":[{"bases":[[[0.398169,0.778327,0.485458],[-0.796164,0.0303679,0.604319],[0.455615,-0.627125,0.631767]],[[0.27979,0.90403,0.323182],[-0.786865,0.023066,0.616694],[0.550056,-0.426845,0.717803]],[[0.27979,0.90403,0.323182],[-0.950326,0.212972,0.226989],[0.136376,-0.370637,0.918711]],[[0.27979,0.90403,0.323182],[-0.958175,0.241853,0.152996],[0.0601505,-0.352472,0.933887]]],"btipPosition":[-65.6597,286.038,-37.6291],"carpPosition":[-32.5081,244.302,50.417],"dipPosition":[-64.2672,277.878,-16.0098],"direction":[-0.136376,0.370637,-0.918711],"extended":false,"handId":332,"id":3320,"length":51.5512,"mcpPosition":[-32.5081,244.302,50.417],"pipPosition":[-59.6678,265.378,14.9746],"stabilizedTipPosition":[-64.3657,261.745,11.5103],"timeVisible":0.443051,"tipPosition":[-64.615,284.31,-32.6807],"tipVelocity":[45.8675,12.5376,-266.148],"tool":false,"touchDistance":-0.668108,"touchZone":"hovering","type":0,"width":20.0304},{"bases":[[[0.981957,0.133163,-0.134268],[-0.027975,0.804502,0.593291],[0.187023,-0.57883,0.793712]],[[0.986565,0.11779,-0.113204],[0.010309,0.646666,0.762704],[0.163044,-0.753624,0.636763]],[[0.986565,0.11779,-0.113204],[-0.0705354,0.932133,0.35518],[0.147358,-0.342424,0.927918]],[[0.986565,0.11779,-0.113204],[-0.126479,0.989287,-0.0728967],[0.103405,0.0862352,0.990894]]],"btipPosition":[-50.5681,346.483,-67.3419],"carpPosition":[-24.7586,265.604,56.4095],"dipPosition":[-48.8205,347.94,-50.5955],"direction":[-0.147358,0.342424,-0.927918],"extended":true,"handId":332,"id":3321,"length":58.1698,"mcpPosition":[-38.3686,307.727,-1.35034],"pipPosition":[-45.2974,339.753,-28.4106],"stabilizedTipPosition":[-50.2592,334.07,-47.2291],"timeVisible":0.443051,"tipPosition":[-49.725,344.879,-63.3264],"tipVelocity":[8.56682,149.809,-222.952],"tool":false,"touchDistance":-0.480971,"touchZone":"hovering","type":1,"width":19.133},{"bases":[[[0.988482,-0.0853754,-0.124961],[0.142552,0.802529,0.579332],[0.0508241,-0.590472,0.805456]],[[0.98594,-0.0635756,-0.154534],[-0.00612233,0.910432,-0.413614],[0.166988,0.408745,0.897242]],[[0.98594,-0.0635756,-0.154534],[-0.166367,-0.286891,-0.943406],[0.0156432,0.955851,-0.293434]],[[0.98594,-0.0635756,-0.154534],[-0.131789,-0.864411,-0.485206],[-0.102734,0.498749,-0.860636]]],"btipPosition":[-23.0828,254.005,-18.7844],"carpPosition":[-13.0834,268.901,55.3283],"dipPosition":[-24.9925,263.276,-34.7821],"direction":[-0.0156432,-0.955851,0.293434],"extended":false,"handId":332,"id":3322,"length":66.2798,"mcpPosition":[-16.5908,309.65,-0.257421],"pipPosition":[-24.5524,290.162,-43.0358],"stabilizedTipPosition":[-22.318,216.396,43.1274],"timeVisible":0.443051,"tipPosition":[-23.3867,255.956,-21.7511],"tipVelocity":[63.8421,58.0271,-230.688],"tool":false,"touchDistance":0.333333,"touchZone":"none","type":2,"width":18.7912},{"bases":[[[0.971609,-0.231591,-0.048384],[0.214358,0.775147,0.594305],[-0.100131,-0.587803,0.802783]],[[0.973427,-0.219716,-0.0645282],[0.164937,0.868186,-0.468027],[0.158856,0.444947,0.881355]],[[0.973427,-0.219716,-0.0645282],[-0.136915,-0.332544,-0.933097],[0.183558,0.917137,-0.35379]],[[0.973427,-0.219716,-0.0645282],[-0.224571,-0.860804,-0.456711],[0.0448007,0.459066,-0.887272]]],"btipPosition":[-7.71892,252.203,-8.92068],"carpPosition":[-1.0447,269.062,53.6795],"dipPosition":[-6.89094,260.688,-25.3187],"direction":[-0.183558,-0.917136,0.35379],"extended":false,"handId":332,"id":3323,"length":63.7298,"mcpPosition":[5.15949,305.483,3.93847],"pipPosition":[-1.86115,285.819,-35.0131],"stabilizedTipPosition":[-6.92066,220.927,40.0036],"timeVisible":0.443051,"tipPosition":[-7.3871,254.68,-13.1152],"tipVelocity":[56.1346,51.9147,-188.864],"tool":false,"touchDistance":0.333333,"touchZone":"none","type":3,"width":17.881},{"bases":[[[0.904626,-0.422938,-0.0526722],[0.353175,0.674693,0.648118],[-0.238576,-0.604907,0.759716]],[[0.837709,-0.536504,0.102015],[0.528208,0.74853,-0.400874],[0.138709,0.389701,0.910436]],[[0.837709,-0.536504,0.102015],[-0.0732887,-0.295552,-0.952511],[0.541177,0.790451,-0.286907]],[[0.837709,-0.536504,0.102015],[-0.417439,-0.749498,-0.513807],[0.35212,0.387836,-0.851819]]],"btipPosition":[3.11543,261.523,-5.41078],"carpPosition":[10.7566,262.363,49.9329],"dipPosition":[9.11903,268.136,-19.9342],"direction":[-0.541177,-0.790451,0.286907],"extended":false,"handId":332,"id":3324,"length":49.963,"mcpPosition":[24.4405,297.058,6.3583],"pipPosition":[19.589,283.428,-25.4849],"stabilizedTipPosition":[5.7054,237.101,30.119],"timeVisible":0.443051,"tipPosition":[5.1504,263.186,-9.09449],"tipVelocity":[34.8505,71.9384,-189.47],"tool":false,"touchDistance":0.333333,"touchZone":"none","type":4,"width":15.8833}],"r":[[0.933714,0.222942,0.280133],[-0.327472,0.84808,0.41656],[-0.144707,-0.480683,0.864872]],"s":1.09675,"t":[-41.7082,133.127,-172.48],"timestamp":15114389901},false],[2,{"currentFrameRate":105.43,"devices":[],"gestures":[],"hands":[{"armBasis":[[0.979988,0.091268,-0.176898],[-0.0199317,0.929217,0.368998],[0.198054,-0.358088,0.912441]],"armWidth":63.029,"confidence":0.764432,"direction":[-0.0222657,0.703674,-0.710174],"elbow":[48.6491,159.189,297.412],"grabStrength":0.15669,"id":332,"palmNormal":[0.0121735,-0.710106,-0.703989],"palmPosition":[-12.9205,289.192,12.8378],"palmVelocity":[12.578,45.9127,-205.099],"palmWidth":90.0033,"pinchStrength":0.317344,"r":[[0.930243,0.228878,0.286814],[-0.336127,0.845042,0.415839],[-0.147193,-0.483237,0.863027]],"s":1.10142,"sphereCenter":[-25.0199,278.323,-29.1317],"sphereRadius":47.0218,"stabilizedPalmPosition":[-10.1457,265.315,54.2688],"t":[-41.5891,133.306,-174.214],"timeVisible":0.451997,"type":"right","wrist":[-4.24559,254.824,53.7249]}],"id":1143885,"interactionBox":{"center":[0,200,0],"size":[235.247,235.247,147.751]},"pointables":[{"bases":[[[0.387035,0.782234,0.488174],[-0.801289,0.0233775,0.59782],[0.456223,-0.622546,0.635844]],[[0.266861,0.908291,0.32217],[-0.792831,0.016853,0.609208],[0.547909,-0.418,0.724618]],[[0.266861,0.908291,0.32217],[-0.954429,0.202735,0.219007],[0.133607,-0.365932,0.921001]],[[0.266861,0.908291,0.32217],[-0.96244,0.233843,0.137941],[0.0499535,-0.34688,0.936578]]],"btipPosition":[-64.9462,285.181,-39.7097],"carpPosition":[-32.23,244.17,48.8124],"dipPosition":[-63.7897,277.151,-18.0281],"direction":[-0.133607,0.365932,-0.921001],"extended":false,"handId":332,"id":3320,"length":51.5512,"mcpPosition":[-32.23,244.17,48.8124],"pipPosition":[-59.2837,264.809,13.0334],"stabilizedTipPosition":[-64.3683,261.927,11.1205],"timeVisible":0.451997,"tipPosition":[-64.0467,283.602,-34.6724],"tipVelocity":[53.4689,-16.1341,-256.54],"tool":false,"touchDistance":-0.660626,"touchZone":"hovering","type":0,"width":20.0304},{"bases":[[[0.981748,0.142123,-0.126382],[-0.0401934,0.804546,0.592529],[0.185892,-0.576634,0.795573]],[[0.986215,0.127204,-0.105822],[-0.00102362,0.644213,0.764846],[0.165463,-0.754194,0.635463]],[[0.986215,0.127204,-0.105822],[-0.079358,0.9248,0.372085],[0.145195,-0.358558,0.922147]],[[0.986215,0.127204,-0.105822],[-0.132269,0.990312,-0.04228],[0.0994181,0.0556942,0.993486]]],"btipPosition":[-50.4367,347.191,-68.8835],"carpPosition":[-24.7258,265.547,54.8539],"dipPosition":[-48.7565,348.132,-52.0933],"direction":[-0.145195,0.358558,-0.922147],"extended":true,"handId":332,"id":3321,"length":58.1698,"mcpPosition":[-38.2535,307.509,-3.0414],"pipPosition":[-45.2851,339.56,-30.0463],"stabilizedTipPosition":[-50.2431,335.099,-48.6017],"timeVisible":0.451997,"tipPosition":[-49.6116,345.446,-64.9476],"tipVelocity":[9.76503,126.895,-208.814],"tool":false,"touchDistance":-0.484181,"touchZone":"hovering","type":1,"width":19.133},{"bases":[[[0.990207,-0.0763407,-0.116882],[0.130452,0.804136,0.579955],[0.049715,-0.589524,0.80622]],[[0.987725,-0.0547174,-0.146306],[-0.0112729,0.909226,-0.416149],[0.155796,0.41269,0.897449]],[[0.987725,-0.0547174,-0.146306],[-0.155941,-0.291167,-0.943877],[0.00904712,0.955106,-0.296126]],[[0.987725,-0.0547174,-0.146306],[-0.119746,-0.866678,-0.484283],[-0.100301,0.495858,-0.862592]]],"btipPosition":[-22.3219,253.875,-20.1979],"carpPosition":[-13.073,268.95,53.8653],"dipPosition":[-24.1864,263.092,-36.2319],"direction":[-0.00904712,-0.955106,0.296126],"extended":false,"handId":332,"id":3322,"length":66.2798,"mcpPosition":[-16.5039,309.634,-1.77307],"pipPosition":[-23.9319,289.957,-44.5614],"stabilizedTipPosition":[-22.324,216.942,42.2038],"timeVisible":0.451997,"tipPosition":[-22.6305,255.845,-23.2511],"tipVelocity":[69.9537,37.8299,-211.086],"tool":false,"touchDistance":0.333333,"touchZone":"none","type":2,"width":18.7912},{"bases":[[[0.97406,-0.222662,-0.0403512],[0.202383,0.777424,0.595528],[-0.101232,-0.588246,0.802321]],[[0.975904,-0.210753,-0.0565251],[0.160467,0.868727,-0.468577],[0.147859,0.448216,0.881612]],[[0.975904,-0.210753,-0.0565251],[-0.12655,-0.335643,-0.93345],[0.177755,0.918111,-0.354226]],[[0.975904,-0.210753,-0.0565251],[-0.212956,-0.863474,-0.457234],[0.0475553,0.458254,-0.887548]]],"btipPosition":[-7.03525,252.233,-10.2516],"carpPosition":[-1.02335,269.221,52.3142],"dipPosition":[-6.15636,260.703,-26.6548],"direction":[-0.177755,-0.918111,0.354226],"extended":false,"handId":332,"id":3323,"length":63.7298,"mcpPosition":[5.24904,305.669,2.60182],"pipPosition":[-1.2856,285.86,-36.3611],"stabilizedTipPosition":[-6.9192,221.48,39.104],"timeVisible":0.451997,"tipPosition":[-6.69807,254.699,-14.4563],"tipVelocity":[62.0342,38.5476,-177.949],"tool":false,"touchDistance":0.333333,"touchZone":"none","type":3,"width":17.881},{"bases":[[[0.908878,-0.414621,-0.0450601],[0.341677,0.678283,0.65053],[-0.23916,-0.606648,0.758143]],[[0.839581,-0.531343,0.113039],[0.528972,0.752276,-0.392772],[0.123661,0.389558,0.912662]],[[0.839581,-0.531343,0.113039],[-0.0585389,-0.295366,-0.953589],[0.540071,0.793998,-0.279088]],[[0.839581,-0.531343,0.113039],[-0.406418,-0.752451,-0.518308],[0.360455,0.38922,-0.847691]]],"btipPosition":[3.66704,261.801,-6.88521],"carpPosition":[10.8691,262.629,48.6677],"dipPosition":[9.81276,268.437,-21.3382],"direction":[-0.540071,-0.793998,0.279088],"extended":false,"handId":332,"id":3324,"length":49.963,"mcpPosition":[24.5865,297.424,5.18339],"pipPosition":[20.2613,283.799,-26.7377],"stabilizedTipPosition":[5.69134,237.691,29.2115],"timeVisible":0.451997,"tipPosition":[5.7016,263.426,-10.4726],"tipVelocity":[43.1724,60.9499,-182.24],"tool":false,"touchDistance":0.333333,"touchZone":"none","type":4,"width":15.8833}],"r":[[0.930243,0.228878,0.286814],[-0.336127,0.845042,0.415839],[-0.147193,-0.483237,0.863027]],"s":1.10142,"t":[-41.5891,133.306,-174.214],"timestamp":15114398847},false],[3,{"currentFrameRate":105.655,"devices":[],"gestures":[],"hands":[{"armBasis":[[0.980254,0.0929008,-0.174562],[-0.0235982,0.93142,0.363181],[0.19633,-0.35189,0.91522]],"armWidth":63.029,"confidence":0.715924,"direction":[-0.0190318,0.702826,-0.711107],"elbow":[48.3624,161.397,295.971],"grabStrength":0.135353,"id":332,"palmNormal":[0.0174813,-0.710893,-0.703082],"palmPosition":[-12.5513,289.685,10.5624],"palmVelocity":[20.365,48.2734,-217.892],"palmWidth":90.0033,"pinchStrength":0.310258,"r":[[0.926981,0.233944,0.293216],[-0.343786,0.842562,0.41461],[-0.150057,-0.485139,0.861466]],"s":1.1061,"sphereCenter":[-24.6474,278.923,-31.3537],"sphereRadius":47.0866,"stabilizedPalmPosition":[-10.1694,265.555,53.8384],"t":[-41.345,133.642,-176.219],"timeVisible":0.461045,"type":"right","wrist":[-4.07186,255.377,51.5408]}],"id":1143886,"interactionBox":{"center":[0,200,0],"size":[235.247,235.247,147.751]},"pointables":[{"bases":[[[0.382913,0.783373,0.489596],[-0.804916,0.02286,0.592949],[0.453308,-0.621131,0.639303]],[[0.262802,0.909647,0.321679],[-0.796413,0.016307,0.604533],[0.544666,-0.415062,0.72874]],[[0.262802,0.909647,0.321679],[-0.95598,0.200385,0.214356],[0.130529,-0.363852,0.922266]],[[0.262802,0.909647,0.321679],[-0.963898,0.232715,0.129403],[0.042852,-0.344073,0.937965]]],"btipPosition":[-64.298,285.406,-42.3285],"carpPosition":[-32.0102,244.675,46.4719],"dipPosition":[-63.306,277.441,-20.6148],"direction":[-0.130529,0.363852,-0.922266],"extended":false,"handId":332,"id":3320,"length":51.5512,"mcpPosition":[-32.0102,244.675,46.4719],"pipPosition":[-58.9038,265.17,10.4894],"stabilizedTipPosition":[-64.3663,262.069,10.8027],"timeVisible":0.461045,"tipPosition":[-63.4522,283.872,-37.2707],"tipVelocity":[57.3266,-4.37101,-265.388],"tool":false,"touchDistance":-0.662068,"touchZone":"hovering","type":0,"width":20.0304},{"bases":[[[0.982279,0.143451,-0.120622],[-0.0449694,0.805163,0.591346],[0.18195,-0.575443,0.797346]],[[0.986499,0.1291,-0.10076],[-0.00591174,0.64294,0.765894],[0.163659,-0.754958,0.635023]],[[0.986499,0.1291,-0.10076],[-0.0809906,0.919359,0.384992],[0.142337,-0.371634,0.917403]],[[0.986499,0.1291,-0.10076],[-0.131538,0.991149,-0.0179182],[0.0975547,0.03093,0.994749]]],"btipPosition":[-49.822,348.391,-71.2218],"carpPosition":[-24.5745,266.07,52.5338],"dipPosition":[-48.1733,348.914,-54.4102],"direction":[-0.142337,0.371634,-0.917403],"extended":true,"handId":332,"id":3321,"length":58.1698,"mcpPosition":[-37.8153,307.946,-5.49045],"pipPosition":[-44.7703,340.029,-32.4767],"stabilizedTipPosition":[-50.1884,336.015,-49.8827],"timeVisible":0.461045,"tipPosition":[-49.0115,346.561,-67.3481],"tipVelocity":[25.589,125.548,-222.35],"tool":false,"touchDistance":-0.499097,"touchZone":"hovering","type":1,"width":19.133},{"bases":[[[0.991007,-0.0749885,-0.11082],[0.12575,0.804994,0.579803],[0.0457306,-0.588524,0.807185]],[[0.98872,-0.0537628,-0.139793],[-0.0111023,0.904478,-0.426375],[0.149363,0.423118,0.893679]],[[0.98872,-0.0537628,-0.139793],[-0.149548,-0.302969,-0.941193],[0.00824816,0.951483,-0.307592]],[[0.98872,-0.0537628,-0.139793],[-0.114863,-0.871171,-0.477355],[-0.0961198,0.488027,-0.86752]]],"btipPosition":[-21.6436,254.096,-21.9244],"carpPosition":[-12.921,269.489,51.6116],"dipPosition":[-23.4303,263.168,-38.05],"direction":[-0.00824816,-0.951483,0.307592],"extended":false,"handId":332,"id":3322,"length":66.2798,"mcpPosition":[-16.077,310.104,-4.09341],"pipPosition":[-23.1983,289.931,-46.702],"stabilizedTipPosition":[-22.3207,217.413,41.3899],"timeVisible":0.461045,"tipPosition":[-21.9704,256.147,-25.2574],"tipVelocity":[71.8838,33.1133,-206.137],"tool":false,"touchDistance":0.333333,"touchZone":"none","type":2,"width":18.7912},{"bases":[[[0.974617,-0.221246,-0.0342182],[0.197625,0.778409,0.595839],[-0.105192,-0.587478,0.802374]],[[0.976544,-0.20933,-0.050425],[0.161593,0.867273,-0.470877],[0.142301,0.451684,0.880757]],[[0.976544,-0.20933,-0.050425],[-0.120657,-0.338041,-0.933365],[0.178336,0.917556,-0.355369]],[[0.976544,-0.20933,-0.050425],[-0.208877,-0.864139,-0.457858],[0.0522692,0.457651,-0.887594]]],"btipPosition":[-6.48661,252.615,-12.3663],"carpPosition":[-0.862668,269.777,50.1329],"dipPosition":[-5.5206,261.073,-28.7703],"direction":[-0.178336,-0.917556,0.355369],"extended":false,"handId":332,"id":3323,"length":63.7298,"mcpPosition":[5.65508,306.178,0.417183],"pipPosition":[-0.633923,286.215,-38.5079],"stabilizedTipPosition":[-6.90984,221.953,38.314],"timeVisible":0.461045,"tipPosition":[-6.12872,255.087,-16.5795],"tipVelocity":[62.2596,39.4654,-193.336],"tool":false,"touchDistance":0.333333,"touchZone":"none","type":3,"width":17.881},{"bases":[[[0.909752,-0.413308,-0.0390985],[0.336733,0.67954,0.651795],[-0.242823,-0.606137,0.757387]],[[0.838453,-0.531404,0.120859],[0.532492,0.751657,-0.389183],[0.115968,0.390668,0.913198]],[[0.838453,-0.531404,0.120859],[-0.0505201,-0.296607,-0.953663],[0.542627,0.793495,-0.275537]],[[0.838453,-0.531404,0.120859],[-0.402358,-0.753197,-0.520386],[0.367566,0.38769,-0.845335]]],"btipPosition":[4.16778,262.339,-9.07132],"carpPosition":[11.0614,263.198,46.5658],"dipPosition":[10.4347,268.949,-23.4842],"direction":[-0.542627,-0.793495,0.275537],"extended":false,"handId":332,"id":3324,"length":49.963,"mcpPosition":[24.9889,297.964,3.12486],"pipPosition":[20.9328,284.3,-28.8149],"stabilizedTipPosition":[5.68977,238.191,28.4179],"timeVisible":0.461045,"tipPosition":[6.21674,263.939,-12.621],"tipVelocity":[47.3794,60.337,-198.335],"tool":false,"touchDistance":0.333333,"touchZone":"none","type":4,"width":15.8833}],"r":[[0.926981,0.233944,0.293216],[-0.343786,0.842562,0.41461],[-0.150057,-0.485139,0.861466]],"s":1.1061,"t":[-41.345,133.642,-176.219],"timestamp":15114407895},false],[4,{"currentFrameRate":105.849,"devices":[],"gestures":[],"hands":[{"armBasis":[[0.981499,0.0908046,-0.168567],[-0.0224604,0.928914,0.369614],[0.190147,-0.358989,0.913767]],"armWidth":63.029,"confidence":0.729414,"direction":[-0.0158344,0.70221,-0.711794],"elbow":[46.8763,159.97,294.255],"grabStrength":0.124219,"id":332,"palmNormal":[0.0176894,-0.711575,-0.702387],"palmPosition":[-12.2149,290.135,9.18351],"palmVelocity":[24.972,48.6091,-199.56],"palmWidth":90.0033,"pinchStrength":0.309451,"r":[[0.924275,0.237643,0.298732],[-0.349742,0.84077,0.413263],[-0.152956,-0.486448,0.860217]],"s":1.1099,"sphereCenter":[-24.3798,279.428,-32.7173],"sphereRadius":47.1223,"stabilizedPalmPosition":[-10.1852,265.746,53.4918],"t":[-41.0547,134.035,-177.91],"timeVisible":0.470135,"type":"right","wrist":[-3.90679,255.846,50.2137]}],"id":1143887,"interactionBox":{"center":[0,200,0],"size":[235.247,235.247,147.751]},"pointables":[{"bases":[[[0.383372,0.783018,0.489804],[-0.806298,0.0250947,0.590976],[0.450454,-0.621493,0.640967]],[[0.263553,0.909687,0.32095],[-0.797734,0.0184678,0.602727],[0.542366,-0.414883,0.730556]],[[0.263553,0.909687,0.32095],[-0.956005,0.201881,0.212834],[0.128819,-0.362923,0.922872]],[[0.263553,0.909687,0.32095],[-0.963895,0.235226,0.1248],[0.0380337,-0.342253,0.938838]]],"btipPosition":[-63.8602,285.848,-43.8438],"carpPosition":[-31.8552,245.199,45.0869],"dipPosition":[-62.9797,277.924,-22.1099],"direction":[-0.128819,0.362923,-0.922872],"extended":false,"handId":332,"id":3320,"length":51.5512,"mcpPosition":[-31.8552,245.199,45.0869],"pipPosition":[-58.6352,265.685,9.0148],"stabilizedTipPosition":[-64.3627,262.182,10.5465],"timeVisible":0.470135,"tipPosition":[-63.0533,284.334,-38.7771],"tipVelocity":[54.008,10.5845,-237.917],"tool":false,"touchDistance":-0.646853,"touchZone":"hovering","type":0,"width":20.0304},{"bases":[[[0.982867,0.141279,-0.118374],[-0.0447088,0.805799,0.590499],[0.17881,-0.575089,0.79831]],[[0.98688,0.127419,-0.0991565],[-0.00613684,0.643305,0.765586],[0.161338,-0.754933,0.635646]],[[0.98688,0.127419,-0.0991565],[-0.0791775,0.917169,0.390553],[0.140707,-0.377578,0.915225]],[[0.98688,0.127419,-0.0991565],[-0.12867,0.991667,-0.00630045],[0.0975275,0.0189763,0.995052]]],"btipPosition":[-49.2703,349.223,-72.6581],"carpPosition":[-24.3893,266.584,51.1473],"dipPosition":[-47.622,349.543,-55.8414],"direction":[-0.140707,0.377578,-0.915225],"extended":true,"handId":332,"id":3321,"length":58.1698,"mcpPosition":[-37.4016,308.434,-6.94717],"pipPosition":[-44.2579,340.516,-33.9599],"stabilizedTipPosition":[-50.1093,336.825,-51.0356],"timeVisible":0.470135,"tipPosition":[-48.4695,347.412,-68.8065],"tipVelocity":[35.3077,114.685,-204.496],"tool":false,"touchDistance":-0.499047,"touchZone":"hovering","type":1,"width":19.133},{"bases":[[[0.991113,-0.0771698,-0.10835],[0.126037,0.805262,0.579368],[0.0425407,-0.587876,0.807832]],[[0.988959,-0.0561085,-0.137155],[-0.00817318,0.903487,-0.428539],[0.147962,0.424928,0.893053]],[[0.988959,-0.0561085,-0.137155],[-0.147785,-0.305272,-0.940727],[0.0109132,0.950611,-0.310194]],[[0.988959,-0.0561085,-0.137155],[-0.115427,-0.872097,-0.475524],[-0.0929316,0.486105,-0.868945]]],"btipPosition":[-21.2963,254.514,-23.2009],"carpPosition":[-12.7264,269.978,50.2502],"dipPosition":[-23.0237,263.55,-39.353],"direction":[-0.0109132,-0.950611,0.310194],"extended":false,"handId":332,"id":3322,"length":66.2798,"mcpPosition":[-15.6622,310.548,-5.49946],"pipPosition":[-22.7167,290.288,-48.0782],"stabilizedTipPosition":[-22.3142,217.824,40.6732],"timeVisible":0.470135,"tipPosition":[-21.6178,256.569,-26.5931],"tipVelocity":[62.9732,36.4155,-188.128],"tool":false,"touchDistance":0.333333,"touchZone":"none","type":2,"width":18.7912},{"bases":[[[0.97423,-0.223323,-0.0316552],[0.197817,0.77854,0.595603],[-0.108367,-0.586517,0.802655]],[[0.976231,-0.211359,-0.0479577],[0.164292,0.866,-0.472284],[0.141353,0.45318,0.880141]],[[0.976231,-0.211359,-0.0479577],[-0.119283,-0.339222,-0.933113],[0.180954,0.916655,-0.356371]],[[0.976231,-0.211359,-0.0479577],[-0.209563,-0.864102,-0.457614],[0.0552806,0.456788,-0.887856]]],"btipPosition":[-6.17666,252.992,-13.6566],"carpPosition":[-0.663955,270.239,48.8004],"dipPosition":[-5.15499,261.434,-30.0654],"direction":[-0.180954,-0.916655,0.356371],"extended":false,"handId":332,"id":3323,"length":63.7298,"mcpPosition":[6.05053,306.58,-0.932657],"pipPosition":[-0.196573,286.552,-39.8306],"stabilizedTipPosition":[-6.89795,222.358,37.6294],"timeVisible":0.470135,"tipPosition":[-5.80686,255.456,-17.8707],"tipVelocity":[54.8515,39.9032,-179.141],"tool":false,"touchDistance":0.333333,"touchZone":"none","type":3,"width":17.881},{"bases":[[[0.908973,-0.415251,-0.0365168],[0.336581,0.679431,0.651986],[-0.245928,-0.604929,0.757351]],[[0.836303,-0.533909,0.124651],[0.536307,0.749408,-0.388281],[0.113892,0.391572,0.913072]],[[0.836303,-0.533909,0.124651],[-0.0478732,-0.297598,-0.95349],[0.546173,0.791439,-0.274442]],[[0.836303,-0.533909,0.124651],[-0.402757,-0.75252,-0.521057],[0.372,0.385558,-0.84437]]],"btipPosition":[4.46774,262.747,-10.4001],"carpPosition":[11.2549,263.632,45.2683],"dipPosition":[10.8103,269.321,-24.7965],"direction":[-0.546173,-0.791439,0.274442],"extended":false,"handId":332,"id":3324,"length":49.963,"mcpPosition":[25.3604,298.328,1.82935],"pipPosition":[21.3769,284.633,-30.106],"stabilizedTipPosition":[5.69361,238.613,27.7348],"timeVisible":0.470135,"tipPosition":[6.52858,264.333,-13.9339],"tipVelocity":[43.927,55.8245,-183.777],"tool":false,"touchDistance":0.333333,"touchZone":"none","type":4,"width":15.8833}],"r":[[0.924275,0.237643,0.298732],[-0.349742,0.84077,0.413263],[-0.152956,-0.486448,0.860217]],"s":1.1099,"t":[-41.0547,134.035,-177.91],"timestamp":15114416985},false],[5,{"currentFrameRate":106.097,"devices":[],"gestures":[],"hands":[{"armBasis":[[0.981343,0.0898462,-0.169979],[-0.0195016,0.92605,0.376896],[0.191271,-0.36655,0.910525]],"armWidth":63.029,"confidence":0.745565,"direction":[-0.0148899,0.700685,-0.713315],"elbow":[47.4197,158.408,292.274],"grabStrength":0.117302,"id":332,"palmNormal":[0.0149631,-0.713158,-0.700844],"palmPosition":[-11.9334,290.523,8.00336],"palmVelocity":[26.7313,47.1532,-180.96],"palmWidth":90.0033,"pinchStrength":0.309693,"r":[[0.922277,0.240242,0.302803],[-0.353956,0.839687,0.411876],[-0.15531,-0.487042,0.859458]],"s":1.11284,"sphereCenter":[-24.3056,279.793,-33.834],"sphereRadius":47.1462,"stabilizedPalmPosition":[-10.1957,265.895,53.2186],"t":[-40.7688,134.426,-179.346],"timeVisible":0.479102,"type":"right","wrist":[-3.66359,256.303,49.0985]}],"id":1143888,"interactionBox":{"center":[0,200,0],"size":[235.247,235.247,147.751]},"pointables":[{"bases":[[[0.386019,0.783088,0.487608],[-0.805495,0.0284932,0.591917],[0.44963,-0.621257,0.641773]],[[0.266051,0.909909,0.318249],[-0.796885,0.0218413,0.603737],[0.542395,-0.414232,0.730903]],[[0.266051,0.909909,0.318249],[-0.955194,0.20443,0.21404],[0.129697,-0.360935,0.923528]],[[0.266051,0.909909,0.318249],[-0.963296,0.238717,0.12278],[0.0357474,-0.339233,0.940023]]],"btipPosition":[-63.6291,286.197,-44.9678],"carpPosition":[-31.646,245.718,44.0297],"dipPosition":[-62.8016,278.344,-23.2064],"direction":[-0.129697,0.360935,-0.923528],"extended":false,"handId":332,"id":3320,"length":51.5512,"mcpPosition":[-31.646,245.718,44.0297],"pipPosition":[-58.4274,266.171,7.94039],"stabilizedTipPosition":[-64.3589,262.273,10.3414],"timeVisible":0.479102,"tipPosition":[-62.8588,284.707,-39.8919],"tipVelocity":[45.9069,18.8421,-206.911],"tool":false,"touchDistance":-0.627266,"touchZone":"hovering","type":0,"width":20.0304},{"bases":[[[0.983084,0.138456,-0.119899],[-0.0418761,0.807207,0.588782],[0.178304,-0.573801,0.79935]],[[0.986926,0.125217,-0.101477],[-0.00328926,0.645129,0.764067],[0.16114,-0.753744,0.637106]],[[0.986926,0.125217,-0.101477],[-0.075965,0.916681,0.392332],[0.142149,-0.379494,0.914209]],[[0.986926,0.125217,-0.101477],[-0.125938,0.992038,-0.000695315],[0.100582,0.013466,0.994838]]],"btipPosition":[-49.0387,349.729,-73.8814],"carpPosition":[-24.1169,267.096,50.0338],"dipPosition":[-47.3388,349.957,-57.0683],"direction":[-0.142149,0.379494,-0.914209],"extended":true,"handId":332,"id":3321,"length":58.1698,"mcpPosition":[-37.0924,308.852,-8.13631],"pipPosition":[-43.9403,340.884,-35.2111],"stabilizedTipPosition":[-50.0317,337.513,-52.0434],"timeVisible":0.479102,"tipPosition":[-48.2239,347.959,-70.038],"tipVelocity":[33.0749,98.1076,-185.887],"tool":false,"touchDistance":-0.495837,"touchZone":"hovering","type":1,"width":19.133},{"bases":[[[0.990773,-0.0799912,-0.109406],[0.128854,0.8062,0.577442],[0.0420132,-0.586211,0.809068]],[[0.98865,-0.0590731,-0.138137],[-0.00635593,0.902186,-0.4313],[0.150104,0.427283,0.89157]],[[0.98865,-0.0590731,-0.138137],[-0.149679,-0.308004,-0.939537],[0.0129546,0.949549,-0.31335]],[[0.98865,-0.0590731,-0.138137],[-0.118223,-0.873272,-0.472672],[-0.0927094,0.483638,-0.870344]]],"btipPosition":[-21.1434,254.842,-24.2361],"carpPosition":[-12.4464,270.458,49.1148],"dipPosition":[-22.8668,263.832,-40.4143],"direction":[-0.0129546,-0.949549,0.31335],"extended":false,"handId":332,"id":3322,"length":66.2798,"mcpPosition":[-15.3457,310.913,-6.72014],"pipPosition":[-22.5024,290.541,-49.2282],"stabilizedTipPosition":[-22.3072,218.174,40.0582],"timeVisible":0.479102,"tipPosition":[-21.468,256.895,-27.666],"tipVelocity":[50.43,36.1463,-168.416],"tool":false,"touchDistance":0.333333,"touchZone":"none","type":2,"width":18.7912},{"bases":[[[0.973605,-0.225931,-0.0323695],[0.200584,0.779326,0.593647],[-0.108897,-0.58447,0.804075]],[[0.975632,-0.213911,-0.0488335],[0.165578,0.863814,-0.475826],[0.143967,0.456145,0.878183]],[[0.975632,-0.213911,-0.0488335],[-0.121689,-0.342324,-0.931668],[0.182577,0.914908,-0.360013]],[[0.975632,-0.213911,-0.0488335],[-0.212401,-0.864938,-0.454718],[0.0550313,0.45401,-0.889296]]],"btipPosition":[-6.02034,253.278,-14.6825],"carpPosition":[-0.385039,270.684,47.6496],"dipPosition":[-5.00329,261.669,-31.1179],"direction":[-0.182577,-0.914908,0.360013],"extended":false,"handId":332,"id":3323,"length":63.7298,"mcpPosition":[6.36227,306.898,-2.17149],"pipPosition":[-0.000376344,286.739,-40.9829],"stabilizedTipPosition":[-6.88649,222.697,37.0511],"timeVisible":0.479102,"tipPosition":[-5.6557,255.722,-18.9151],"tipVelocity":[44.5765,37.3638,-161.609],"tool":false,"touchDistance":0.333333,"touchZone":"none","type":3,"width":17.881},{"bases":[[[0.907843,-0.417699,-0.0367287],[0.33916,0.67998,0.650075],[-0.246561,-0.602623,0.758982]],[[0.83435,-0.536636,0.126022],[0.539047,0.746486,-0.390113],[0.115275,0.393422,0.912102]],[[0.83435,-0.536636,0.126022],[-0.0488884,-0.299755,-0.952763],[0.549062,0.788777,-0.276336]],[[0.83435,-0.536636,0.126022],[-0.405488,-0.752363,-0.519162],[0.373416,0.382063,-0.845334]]],"btipPosition":[4.63297,263.068,-11.5577],"carpPosition":[11.5122,264.038,44.1172],"dipPosition":[10.9997,269.582,-25.9705],"direction":[-0.549062,-0.788777,0.276336],"extended":false,"handId":332,"id":3324,"length":49.963,"mcpPosition":[25.654,298.602,0.584755],"pipPosition":[21.6222,284.842,-31.3167],"stabilizedTipPosition":[5.69906,238.964,27.1599],"timeVisible":0.479102,"tipPosition":[6.69137,264.629,-15.085],"tipVelocity":[37.1161,49.9068,-168.925],"tool":false,"touchDistance":0.333333,"touchZone":"none","type":4,"width":15.8833}],"r":[[0.922277,0.240242,0.302803],[-0.353956,0.839687,0.411876],[-0.15531,-0.487042,0.859458]],"s":1.11284,"t":[-40.7688,134.426,-179.346],"timestamp":15114425952},false],[6,{"currentFrameRate":106.283,"devices":[],"gestures":[],"hands":[{"armBasis":[[0.981547,0.0838517,-0.171856],[-0.0116627,0.923306,0.383887],[0.190865,-0.374799,0.907247]],"armWidth":63.029,"confidence":0.746683,"direction":[-0.0100279,0.695756,-0.718208],"elbow":[47.1811,157.006,289.023],"grabStrength":0.110253,"id":332,"palmNormal":[0.00858267,-0.718158,-0.695828],"palmPosition":[-11.8321,291.1,5.39629],"palmVelocity":[22.4315,51.6861,-210.408],"palmWidth":90.0033,"pinchStrength":0.309679,"r":[[0.921103,0.241274,0.305541],[-0.355901,0.839959,0.409639],[-0.157806,-0.486062,0.859559]],"s":1.11517,"sphereCenter":[-24.4479,280.198,-36.3373],"sphereRadius":47.1724,"stabilizedPalmPosition":[-10.2034,266.012,52.9958],"t":[-40.5752,134.909,-181.368],"timeVisible":0.488169,"type":"right","wrist":[-3.79372,257.104,46.7231]}],"id":1143889,"interactionBox":{"center":[0,200,0],"size":[235.247,235.247,147.751]},"pointables":[{"bases":[[[0.392729,0.783392,0.481726],[-0.804649,0.0390646,0.592465],[0.445314,-0.620298,0.645697]],[[0.273453,0.910092,0.311379],[-0.796042,0.032404,0.604374],[0.539945,-0.413138,0.733332]],[[0.273453,0.910092,0.311379],[-0.953261,0.213158,0.214141],[0.128515,-0.355383,0.925844]],[[0.273453,0.910092,0.311379],[-0.961383,0.248132,0.119052],[0.0310851,-0.331909,0.942799]]],"btipPosition":[-63.579,286.775,-47.5044],"carpPosition":[-31.8646,246.706,41.7553],"dipPosition":[-62.8594,279.091,-25.6788],"direction":[-0.128515,0.355383,-0.925844],"extended":false,"handId":332,"id":3320,"length":51.5512,"mcpPosition":[-31.8646,246.706,41.7553],"pipPosition":[-58.5251,267.106,5.54611],"stabilizedTipPosition":[-64.3559,262.345,10.1722],"timeVisible":0.488169,"tipPosition":[-62.8552,285.323,-42.4143],"tipVelocity":[33.9935,32.4384,-226.591],"tool":false,"touchDistance":-0.630701,"touchZone":"hovering","type":0,"width":20.0304},{"bases":[[[0.984034,0.129774,-0.121801],[-0.0348586,0.811628,0.583133],[0.174533,-0.569577,0.803194]],[[0.987623,0.117259,-0.104168],[0.00279288,0.650888,0.759169],[0.156821,-0.750063,0.642505]],[[0.987623,0.117259,-0.104168],[-0.0679886,0.918559,0.389394],[0.141344,-0.377492,0.915162]],[[0.987623,0.117259,-0.104168],[-0.11791,0.993024,-0.0000943024],[0.10343,0.0123756,0.99456]]],"btipPosition":[-48.6522,350.206,-76.8405],"carpPosition":[-24.1595,268.066,47.6019],"dipPosition":[-46.9042,350.415,-60.0321],"direction":[-0.141344,0.377492,-0.915162],"extended":true,"handId":332,"id":3321,"length":58.1698,"mcpPosition":[-36.8606,309.515,-10.848],"pipPosition":[-43.5249,341.39,-38.1522],"stabilizedTipPosition":[-49.9536,338.071,-52.961],"timeVisible":0.488169,"tipPosition":[-47.8302,348.486,-72.992],"tipVelocity":[36.0505,85.3921,-224.736],"tool":false,"touchDistance":-0.51899,"touchZone":"hovering","type":1,"width":19.133},{"bases":[[[0.989995,-0.088648,-0.10978],[0.135846,0.809182,0.571638],[0.0381576,-0.580832,0.813128]],[[0.988019,-0.0679978,-0.138542],[0.000344238,0.898672,-0.438621],[0.154329,0.433319,0.887929]],[[0.988019,-0.0679978,-0.138542],[-0.153009,-0.314428,-0.936869],[0.0201434,0.946843,-0.321065]],[[0.988019,-0.0679978,-0.138542],[-0.125601,-0.875919,-0.465822],[-0.089677,0.477642,-0.873966]]],"btipPosition":[-21.3546,255.241,-26.5249],"carpPosition":[-12.4635,271.328,46.6482],"dipPosition":[-23.0215,264.119,-42.7704],"direction":[-0.0201434,-0.946843,0.321065],"extended":false,"handId":332,"id":3322,"length":66.2798,"mcpPosition":[-15.0968,311.412,-9.46692],"pipPosition":[-22.4549,290.752,-51.8013],"stabilizedTipPosition":[-22.3033,218.446,39.5702],"timeVisible":0.488169,"tipPosition":[-21.6702,257.281,-30.0024],"tipVelocity":[30.4568,37.5301,-192.103],"tool":false,"touchDistance":0.333333,"touchZone":"none","type":2,"width":18.7912},{"bases":[[[0.971743,-0.233902,-0.0317033],[0.207377,0.781853,0.587964],[-0.112738,-0.577924,0.808266]],[[0.973864,-0.221916,-0.0483897],[0.1716,0.85845,-0.48334],[0.148801,0.462404,0.874094]],[[0.973864,-0.221916,-0.0483897],[-0.125671,-0.349001,-0.928658],[0.189196,0.910468,-0.367768]],[[0.973864,-0.221916,-0.0483897],[-0.219741,-0.866652,-0.447915],[0.0574626,0.446842,-0.892765]]],"btipPosition":[-6.23944,253.614,-16.9644],"carpPosition":[-0.402264,271.448,45.17],"dipPosition":[-5.17745,261.872,-33.464],"direction":[-0.189196,-0.910468,0.367768],"extended":false,"handId":332,"id":3323,"length":63.7298,"mcpPosition":[6.58309,307.256,-4.91074],"pipPosition":[0.00681715,286.82,-43.5414],"stabilizedTipPosition":[-6.87958,222.952,36.603],"timeVisible":0.488169,"tipPosition":[-5.86524,256.018,-21.2224],"tipVelocity":[25.8973,36.3399,-186.944],"tool":false,"touchDistance":0.333333,"touchZone":"none","type":3,"width":17.881},{"bases":[[[0.904452,-0.425166,-0.0346522],[0.345214,0.681804,0.644958],[-0.250588,-0.595296,0.763432]],[[0.829219,-0.54344,0.130647],[0.5463,0.738639,-0.394929],[0.118119,0.398855,0.909375]],[[0.829219,-0.54344,0.130647],[-0.0510779,-0.306449,-0.950516],[0.556585,0.781513,-0.281871]],[[0.829219,-0.54344,0.130647],[-0.41236,-0.75262,-0.513345],[0.3773,0.371802,-0.848179]]],"btipPosition":[4.47865,263.418,-14.006],"carpPosition":[11.4381,264.683,41.6732],"dipPosition":[10.9116,269.757,-28.4673],"direction":[-0.556585,-0.781513,0.281871],"extended":false,"handId":332,"id":3324,"length":49.963,"mcpPosition":[25.811,298.827,-2.11454],"pipPosition":[21.6796,284.876,-33.9206],"stabilizedTipPosition":[5.70182,239.24,26.686],"timeVisible":0.488169,"tipPosition":[6.53985,264.917,-17.5322],"tipVelocity":[22.6217,45.5494,-197.199],"to