{"sensorType":"Leap","data":[[0,{"currentFrameRate":110.506,"devices":[],"gestures":[{"direction":[-0.0991401,0.712727,-0.6944],"duration":18226,"handIds":[330],"id":2,"pointableIds":[3300],"position":[-61.6064,262.658,-13.1858],"speed":270.108,"startPosition":[-51.7178,189.442,58.159],"state":"update","type":"swipe"},{"direction":[-0.159807,0.81197,-0.561397],"duration":18185,"handIds":[330],"id":1,"pointableIds":[3301],"position":[-42.7733,312.652,-58.7972],"speed":320.995,"startPosition":[-26.426,227.788,-0.12043],"state":"update","type":"swipe"}],"hands":[{"armBasis":[[0.966566,-0.248879,-0.0617175],[0.238342,0.960787,-0.141708],[0.0945654,0.12226,0.987983]],"armWidth":63.029,"confidence":0.78678,"direction":[0.0497807,0.526576,-0.848669],"elbow":[18.5131,286.528,343.415],"grabStrength":0,"id":330,"palmNormal":[-0.268288,-0.811442,-0.519214],"palmPosition":[-12.4841,280.447,32.7635],"palmVelocity":[-142.403,430.085,-385.736],"palmWidth":90.0033,"pinchStrength":0.897022,"r":[[0.952858,0.188454,0.237797],[-0.250893,0.930114,0.268219],[-0.170631,-0.315236,0.933548]],"s":0.916544,"sphereCenter":[-14.2293,245.931,-12.2197],"sphereRadius":52.5658,"stabilizedPalmPosition":[-7.93274,264.75,46.8503],"t":[-9.07589,140.496,-113.706],"timeVisible":0.2352,"type":"right","wrist":[-6.74271,253.876,79.5527]}],"id":1139602,"interactionBox":{"center":[0,200,0],"size":[235.247,235.247,147.751]},"pointables":[{"bases":[[[0.636805,0.726506,0.258203],[-0.673699,0.361427,0.644593],[0.374979,-0.584431,0.719605]],[[0.466129,0.884672,-0.00886512],[-0.751904,0.401415,0.522978],[0.466223,-0.237109,0.8523]],[[0.466129,0.884672,-0.00886512],[-0.873898,0.461968,0.151291],[0.137938,-0.0627738,0.98845]],[[0.466129,0.884672,-0.00886512],[-0.868863,0.455865,-0.193041],[-0.166737,0.0976846,0.981151]]],"btipPosition":[-60.7186,262.138,-18.4098],"carpPosition":[-36.9061,250.575,79.7234],"dipPosition":[-64.5786,264.399,4.30361],"direction":[-0.137938,0.0627737,-0.98845],"extended":false,"handId":330,"id":3300,"length":51.5512,"mcpPosition":[-36.9061,250.575,79.7234],"pipPosition":[-59.9265,262.282,37.6399],"stabilizedTipPosition":[-57.2175,238.342,11.1172],"timeVisible":0.2352,"tipPosition":[-60.6519,262.593,-12.5536],"tipVelocity":[-108.085,385.608,-408.2],"tool":false,"touchDistance":-0.485137,"touchZone":"hovering","type":0,"width":20.0304},{"bases":[[[0.956752,-0.161522,-0.241941],[0.248638,0.885783,0.391878],[0.15101,-0.435086,0.887635]],[[0.966021,-0.197292,-0.166969],[0.232188,0.94622,0.225293],[0.113541,-0.256406,0.959877]],[[0.966021,-0.197292,-0.166969],[0.216398,0.970633,0.105091],[0.141332,-0.137652,0.980345]],[[0.966021,-0.197292,-0.166969],[0.20222,0.979256,0.0128708],[0.160966,-0.0461979,0.985878]]],"btipPosition":[-45.4288,316.45,-65.5082],"carpPosition":[-23.515,269.82,79.9781],"dipPosition":[-42.7084,315.669,-48.8465],"direction":[-0.141332,0.137652,-0.980345],"extended":true,"handId":330,"id":3301,"length":58.1698,"mcpPosition":[-34.5043,301.482,15.3833],"pipPosition":[-39.3294,312.378,-25.4081],"stabilizedTipPosition":[-40.593,304.513,-53.4139],"timeVisible":0.2352,"tipPosition":[-43.996,314.753,-61.5087],"tipVelocity":[-193.613,518.737,-362.238],"tool":false,"touchDistance":0.239324,"touchZone":"hovering","type":1,"width":19.133},{"bases":[[[0.911859,-0.367441,-0.183031],[0.410064,0.835956,0.364726],[0.0189905,-0.407633,0.912948]],[[0.912045,-0.377917,-0.159228],[0.308114,0.887718,-0.342086],[0.27063,0.262938,0.92608]],[[0.912045,-0.377917,-0.159228],[-0.234982,-0.163388,-0.958169],[0.336092,0.911308,-0.237821]],[[0.912045,-0.377917,-0.159228],[-0.409085,-0.811247,-0.417765],[0.0287072,0.446158,-0.894494]]],"btipPosition":[-35.8575,251.287,-6.63507],"carpPosition":[-11.6567,269.619,77.2057],"dipPosition":[-35.3239,259.58,-23.2621],"direction":[-0.336092,-0.911308,0.237821],"extended":false,"handId":330,"id":3302,"length":66.2798,"mcpPosition":[-12.9673,297.75,14.2018],"pipPosition":[-25.8703,285.214,-29.9515],"stabilizedTipPosition":[-32.3242,214.327,30.2343],"timeVisible":0.2352,"tipPosition":[-35.7058,253.506,-10.8321],"tipVelocity":[-85.7369,419.154,-397.038],"tool":false,"touchDistance":0.333333,"touchZone":"none","type":2,"width":18.7912},{"bases":[[[0.871191,-0.485388,-0.0736581],[0.474561,0.794148,0.379634],[-0.125774,-0.365689,0.9222]],[[0.868711,-0.492079,-0.0565605],[0.435766,0.813551,-0.385023],[0.235477,0.309827,0.921172]],[[0.868711,-0.492079,-0.0565605],[-0.177425,-0.202526,-0.96307],[0.462452,0.846665,-0.263244]],[[0.868711,-0.492079,-0.0565605],[-0.465997,-0.773232,-0.430068],[0.167893,0.399962,-0.901023]]],"btipPosition":[-18.6692,244.625,0.590404],"carpPosition":[-0.280508,266.251,74.5764],"dipPosition":[-15.5663,252.016,-16.0618],"direction":[-0.462452,-0.846664,0.263244],"extended":false,"handId":330,"id":3303,"length":63.7298,"mcpPosition":[7.51256,288.909,17.4362],"pipPosition":[-2.89436,275.216,-23.2751],"stabilizedTipPosition":[-14.9126,208.189,35.5756],"timeVisible":0.2352,"tipPosition":[-17.7943,246.531,-3.49851],"tipVelocity":[-77.9945,442.804,-401.795],"tool":false,"touchDistance":0.333333,"touchZone":"none","type":3,"width":17.881},{"bases":[[[0.760311,-0.648949,-0.0281357],[0.591297,0.673536,0.443529],[-0.268877,-0.353856,0.895818]],[[0.671889,-0.715608,0.190973],[0.737045,0.620591,-0.267639],[0.0730085,0.32058,0.944404]],[[0.671889,-0.715608,0.190973],[0.0249252,-0.235852,-0.971469],[0.740233,0.657479,-0.14063]],[[0.671889,-0.715608,0.190973],[-0.550991,-0.655242,-0.516786],[0.49495,0.241998,-0.834543]]],"btipPosition":[-0.962132,248.29,4.05328],"carpPosition":[8.92946,256.053,71.5159],"dipPosition":[7.4767,252.416,-10.1756],"direction":[-0.740233,-0.657479,0.14063],"extended":false,"handId":330,"id":3304,"length":49.963,"mcpPosition":[24.3513,276.349,20.1349],"pipPosition":[21.7978,265.136,-12.8963],"stabilizedTipPosition":[3.72166,219.822,27.6543],"timeVisible":0.2352,"tipPosition":[1.27279,249.202,0.868541],"tipVelocity":[-84.3846,468.113,-396.178],"tool":false,"touchDistance":0.333333,"touchZone":"none","type":4,"width":15.8833}],"r":[[0.952858,0.188454,0.237797],[-0.250893,0.930114,0.268219],[-0.170631,-0.315236,0.933548]],"s":0.916544,"t":[-9.07589,140.496,-113.706],"timestamp":15075000229},false],[1,{"currentFrameRate":110.488,"devices":[],"gestures":[{"direction":[-0.0991401,0.712727,-0.6944],"duration":18226,"handIds":[330],"id":2,"pointableIds":[3300],"position":[-61.6064,262.658,-13.1858],"speed":270.108,"startPosition":[-51.7178,189.442,58.159],"state":"update","type":"swipe"},{"direction":[-0.159807,0.81197,-0.561397],"duration":18185,"handIds":[330],"id":1,"pointableIds":[3301],"position":[-42.7733,312.652,-58.7972],"speed":320.995,"startPosition":[-26.426,227.788,-0.12043],"state":"update","type":"swipe"}],"hands":[{"armBasis":[[0.969685,-0.234726,-0.0679334],[0.224214,0.965205,-0.134567],[0.097156,0.115256,0.988573]],"armWidth":63.029,"confidence":0.801369,"direction":[0.0441064,0.527147,-0.848629],"elbow":[18.1067,287.505,341.179],"grabStrength":0,"id":330,"palmNormal":[-0.253538,-0.815738,-0.519893],"palmPosition":[-13.8546,283.19,30.3441],"palmVelocity":[-144.76,394.668,-352.725],"palmWidth":90.0033,"pinchStrength":0.893286,"r":[[0.949617,0.199623,0.241614],[-0.263802,0.925345,0.272296],[-0.16922,-0.322315,0.931385]],"s":0.9205,"sphereCenter":[-15.499,249.087,-14.5348],"sphereRadius":52.3299,"stabilizedPalmPosition":[-9.14991,268.54,43.4576],"t":[-10.4917,143.64,-116.52],"timeVisible":0.244281,"type":"right","wrist":[-7.84099,256.724,77.1582]}],"id":1139603,"interactionBox":{"center":[0,200,0],"size":[235.247,235.247,147.751]},"pointables":[{"bases":[[[0.624223,0.736675,0.260108],[-0.681515,0.350697,0.6423],[0.381947,-0.578206,0.720968]],[[0.452049,0.891963,-0.00736467],[-0.758777,0.388864,0.522534],[0.468945,-0.230623,0.852586]],[[0.452049,0.891963,-0.00736467],[-0.881614,0.448029,0.148414],[0.135679,-0.0605976,0.988898]],[[0.452049,0.891963,-0.00736467],[-0.87557,0.442134,-0.194664],[-0.170377,0.0944461,0.980842]]],"btipPosition":[-61.7344,264.183,-20.9243],"carpPosition":[-37.948,252.939,77.231],"dipPosition":[-65.6786,266.37,1.78202],"direction":[-0.135679,0.0605976,-0.988898],"extended":false,"handId":330,"id":3300,"length":51.5512,"mcpPosition":[-37.948,252.939,77.231],"pipPosition":[-61.1027,264.326,35.1335],"stabilizedTipPosition":[-58.0409,242.341,7.04633],"timeVisible":0.244281,"tipPosition":[-61.6989,264.61,-15.1226],"tipVelocity":[-109.72,340.713,-371.92],"tool":false,"touchDistance":-0.502698,"touchZone":"hovering","type":0,"width":20.0304},{"bases":[[[0.960007,-0.146202,-0.238773],[0.233115,0.88973,0.392475],[0.155063,-0.43244,0.888229]],[[0.969261,-0.179934,-0.167799],[0.216292,0.948224,0.232572],[0.117263,-0.261717,0.957995]],[[0.969261,-0.179934,-0.167799],[0.200284,0.973156,0.113373],[0.142895,-0.143495,0.97928]],[[0.969261,-0.179934,-0.167799],[0.186106,0.98229,0.0216812],[0.160926,-0.0522432,0.985583]]],"btipPosition":[-47.2717,319.301,-67.8941],"carpPosition":[-24.8682,272.396,77.525],"dipPosition":[-44.552,318.419,-51.2374],"direction":[-0.142895,0.143495,-0.97928],"extended":true,"handId":330,"id":3301,"length":58.1698,"mcpPosition":[-36.1524,303.866,12.8869],"pipPosition":[-41.1357,314.988,-27.8245],"stabilizedTipPosition":[-42.4965,309.1,-56.7626],"timeVisible":0.244281,"tipPosition":[-45.8502,317.565,-63.9565],"tipVelocity":[-196.2,461.378,-334.744],"tool":false,"touchDistance":0.236098,"touchZone":"hovering","type":1,"width":19.133},{"bases":[[[0.918229,-0.352803,-0.17996],[0.395408,0.842494,0.365863],[0.0225376,-0.407104,0.913104]],[[0.918504,-0.363398,-0.155858],[0.294899,0.892144,-0.342219],[0.263409,0.268367,0.926604]],[[0.918504,-0.363398,-0.155858],[-0.229852,-0.169969,-0.958269],[0.321742,0.915998,-0.239645]],[[0.918504,-0.363398,-0.155858],[-0.394719,-0.819347,-0.415773],[0.0233897,0.443409,-0.896014]]],"btipPosition":[-36.598,253.677,-9.00555],"carpPosition":[-12.9991,272.385,74.7914],"dipPosition":[-36.1632,261.919,-25.6609],"direction":[-0.321742,-0.915998,0.239645],"extended":false,"handId":330,"id":3302,"length":66.2798,"mcpPosition":[-14.5545,300.48,11.7768],"pipPosition":[-27.1132,287.685,-32.4016],"stabilizedTipPosition":[-32.8998,220.016,24.2939],"timeVisible":0.244281,"tipPosition":[-36.4837,255.865,-13.2331],"tipVelocity":[-85.2689,375.644,-359.608],"tool":false,"touchDistance":0.333333,"touchZone":"none","type":2,"width":18.7912},{"bases":[[[0.8791,-0.471366,-0.0706925],[0.460518,0.801728,0.380992],[-0.122911,-0.367486,0.921872]],[[0.876553,-0.478398,-0.0528183],[0.424201,0.819737,-0.384818],[0.227393,0.314908,0.92148]],[[0.876553,-0.478398,-0.0528183],[-0.171583,-0.20807,-0.962947],[0.449681,0.853137,-0.26447]],[[0.876553,-0.478398,-0.0528183],[-0.452596,-0.781958,-0.4286],[0.16374,0.399597,-0.901949]]],"btipPosition":[-19.344,247.289,-1.72849],"carpPosition":[-1.56184,269.199,72.2001],"dipPosition":[-16.3178,254.674,-18.3978],"direction":[-0.449681,-0.853137,0.26447],"extended":false,"handId":330,"id":3303,"length":63.7298,"mcpPosition":[6.0538,291.969,15.0803],"pipPosition":[-3.99585,278.052,-25.6447],"stabilizedTipPosition":[-15.453,214.091,29.6247],"timeVisible":0.244281,"tipPosition":[-18.5016,249.183,-5.84898],"tipVelocity":[-77.5126,401.432,-361.399],"tool":false,"touchDistance":0.333333,"touchZone":"none","type":3,"width":17.881},{"bases":[[[0.77071,-0.636676,-0.0254935],[0.578963,0.683016,0.445298],[-0.266098,-0.357955,0.89502]],[[0.680781,-0.7055,0.196995],[0.729756,0.630048,-0.265511],[0.0632021,0.324513,0.943767]],[[0.680781,-0.7055,0.196995],[0.0328718,-0.239243,-0.970403],[0.731749,0.667107,-0.139681]],[[0.680781,-0.7055,0.196995],[-0.539568,-0.664888,-0.516518],[0.495383,0.245343,-0.833308]]],"btipPosition":[-1.73081,251.241,1.73821],"carpPosition":[7.82047,259.15,69.1721],"dipPosition":[6.71541,255.425,-12.4696],"direction":[-0.731749,-0.667107,0.139681],"extended":false,"handId":330,"id":3304,"length":49.963,"mcpPosition":[23.0829,279.681,17.837],"pipPosition":[20.8724,268.331,-15.172],"stabilizedTipPosition":[3.11625,225.408,22.6204],"timeVisible":0.244281,"tipPosition":[0.494962,252.171,-1.46652],"tipVelocity":[-84.4054,428.914,-356.952],"tool":false,"touchDistance":0.333333,"touchZone":"none","type":4,"width":15.8833}],"r":[[0.949617,0.199623,0.241614],[-0.263802,0.925345,0.272296],[-0.16922,-0.322315,0.931385]],"s":0.9205,"t":[-10.4917,143.64,-116.52],"timestamp":15075009310},false],[2,{"currentFrameRate":110.579,"devices":[],"gestures":[{"direction":[-0.0991401,0.712727,-0.6944],"duration":18226,"handIds":[330],"id":2,"pointableIds":[3300],"position":[-61.6064,262.658,-13.1858],"speed":270.108,"startPosition":[-51.7178,189.442,58.159],"state":"update","type":"swipe"},{"direction":[-0.159807,0.81197,-0.561397],"duration":18185,"handIds":[330],"id":1,"pointableIds":[3301],"position":[-42.7733,312.652,-58.7972],"speed":320.995,"startPosition":[-26.426,227.788,-0.12043],"state":"update","type":"swipe"}],"hands":[{"armBasis":[[0.971318,-0.225688,-0.0748705],[0.215332,0.968427,-0.125627],[0.100859,0.105902,0.989248]],"armWidth":63.029,"confidence":0.816901,"direction":[0.0392849,0.523033,-0.851406],"elbow":[18.0318,288.305,339.059],"grabStrength":0,"id":330,"palmNormal":[-0.243784,-0.8213,-0.515787],"palmPosition":[-15.1548,286.167,27.8946],"palmVelocity":[-145.197,378.496,-331.822],"palmWidth":90.0033,"pinchStrength":0.885719,"r":[[0.946383,0.210884,0.244718],[-0.276213,0.921078,0.274449],[-0.167527,-0.327328,0.929941]],"s":0.924473,"sphereCenter":[-16.8232,252.086,-16.7582],"sphereRadius":52.215,"stabilizedPalmPosition":[-10.3759,272.139,40.2802],"t":[-11.8497,146.7,-119.151],"timeVisible":0.253164,"type":"right","wrist":[-8.90486,260.021,74.8579]}],"id":1139604,"interactionBox":{"center":[0,200,0],"size":[235.247,235.247,147.751]},"pointables":[{"bases":[[[0.61565,0.744978,0.256871],[-0.68618,0.346525,0.639592],[0.387469,-0.570024,0.724527]],[[0.442559,0.896672,-0.0110137],[-0.761999,0.382509,0.522536],[0.472756,-0.222861,0.852546]],[[0.442559,0.896672,-0.0110137],[-0.886345,0.439261,0.146436],[0.136143,-0.0550446,0.989159]],[[0.442559,0.896672,-0.0110137],[-0.88071,0.432304,-0.193552],[-0.168792,0.0953582,0.981028]]],"btipPosition":[-62.9949,266.554,-23.251],"carpPosition":[-38.9679,255.901,74.9155],"dipPosition":[-66.9024,268.762,-0.540337],"direction":[-0.136143,0.0550446,-0.989159],"extended":false,"handId":330,"id":3300,"length":51.5512,"mcpPosition":[-38.9679,255.901,74.9155],"pipPosition":[-62.3108,266.905,32.8199],"stabilizedTipPosition":[-58.901,245.974,3.36145],"timeVisible":0.253164,"tipPosition":[-62.9423,266.938,-17.5197],"tipVelocity":[-118.198,320.822,-342.02],"tool":false,"touchDistance":-0.515646,"touchZone":"hovering","type":0,"width":20.0304},{"bases":[[[0.961873,-0.13677,-0.236843],[0.222697,0.894373,0.387947],[0.158767,-0.4259,0.890731]],[[0.971077,-0.168357,-0.169306],[0.205393,0.950588,0.232802],[0.121746,-0.260843,0.957674]],[[0.971077,-0.168357,-0.169306],[0.188965,0.97535,0.113948],[0.145948,-0.142645,0.978954]],[[0.971077,-0.168357,-0.169306],[0.174568,0.984391,0.0223865],[0.162894,-0.0512944,0.985309]]],"btipPosition":[-49.076,321.861,-70.4551],"carpPosition":[-26.1061,275.505,75.12],"dipPosition":[-46.323,320.994,-53.8031],"direction":[-0.145948,0.142645,-0.978954],"extended":true,"handId":330,"id":3301,"length":58.1698,"mcpPosition":[-37.6599,306.498,10.2998],"pipPosition":[-42.8336,317.583,-30.398],"stabilizedTipPosition":[-44.338,312.99,-59.8169],"timeVisible":0.253164,"tipPosition":[-47.6456,320.141,-66.5581],"tipVelocity":[-197.843,414.436,-322.166],"tool":false,"touchDistance":0.2252,"touchZone":"hovering","type":1,"width":19.133},{"bases":[[[0.922327,-0.343504,-0.176967],[0.385538,0.848807,0.361783],[0.0259368,-0.40191,0.915312]],[[0.922691,-0.354093,-0.152511],[0.284946,0.892787,-0.34891],[0.259707,0.278478,0.924663]],[[0.922691,-0.354093,-0.152511],[-0.227902,-0.181868,-0.956548],[0.31097,0.917356,-0.248507]],[[0.922691,-0.354093,-0.152511],[-0.38512,-0.828021,-0.407511],[0.018014,0.434741,-0.900375]]],"btipPosition":[-37.4883,256.186,-11.1259],"carpPosition":[-14.2343,275.611,72.4005],"dipPosition":[-37.1534,264.267,-27.8623],"direction":[-0.31097,-0.917356,0.248507],"extended":false,"handId":330,"id":3302,"length":66.2798,"mcpPosition":[-16.0242,303.348,9.23353],"pipPosition":[-28.4064,290.07,-34.8523],"stabilizedTipPosition":[-33.527,225.303,18.835],"timeVisible":0.253164,"tipPosition":[-37.409,258.327,-15.4195],"tipVelocity":[-90.0318,349.193,-327.346],"tool":false,"touchDistance":0.333333,"touchZone":"none","type":2,"width":18.7912},{"bases":[[[0.884386,-0.461907,-0.0671083],[0.45108,0.808852,0.377209],[-0.119955,-0.363869,0.923694]],[[0.881839,-0.469016,-0.0488206],[0.415846,0.822304,-0.388443],[0.222331,0.322243,0.920179]],[[0.881839,-0.469016,-0.0488206],[-0.167872,-0.215498,-0.961966],[0.440657,0.856496,-0.268769]],[[0.881839,-0.469016,-0.0488206],[-0.443412,-0.789535,-0.424287],[0.160452,0.395801,-0.904211]]],"btipPosition":[-20.1925,250.059,-3.98431],"carpPosition":[-2.75896,272.54,69.84],"dipPosition":[-17.2271,257.374,-20.6954],"direction":[-0.440657,-0.856496,0.268769],"extended":false,"handId":330,"id":3303,"length":63.7298,"mcpPosition":[4.67353,295.085,12.6073],"pipPosition":[-5.15243,280.844,-28.0601],"stabilizedTipPosition":[-16.0506,219.637,24.1084],"timeVisible":0.253164,"tipPosition":[-19.3737,251.925,-8.11065],"tipVelocity":[-82.8304,376.607,-332.515],"tool":false,"touchDistance":0.333333,"touchZone":"none","type":3,"width":17.881},{"bases":[[[0.777788,-0.62817,-0.0211469],[0.570761,0.691815,0.442293],[-0.263206,-0.35608,0.896621]],[[0.685275,-0.698075,0.20758],[0.726361,0.634412,-0.264427],[0.052899,0.331983,0.941801]],[[0.685275,-0.698075,0.20758],[0.0415058,-0.247128,-0.968094],[0.727101,0.672026,-0.140376]],[[0.685275,-0.698075,0.20758],[-0.531449,-0.674204,-0.512845],[0.497956,0.241122,-0.833007]]],"btipPosition":[-2.57221,254.279,-0.571274],"carpPosition":[6.73852,262.579,66.8774],"dipPosition":[5.91787,258.39,-14.7739],"direction":[-0.727101,-0.672026,0.140376],"extended":false,"handId":330,"id":3304,"length":49.963,"mcpPosition":[21.8351,283.003,15.4504],"pipPosition":[19.9849,271.391,-17.4898],"stabilizedTipPosition":[2.45912,230.652,17.9663],"timeVisible":0.253164,"tipPosition":[-0.378257,255.172,-3.75848],"tipVelocity":[-86.8981,404.783,-330.586],"tool":false,"touchDistance":0.333333,"touchZone":"none","type":4,"width":15.8833}],"r":[[0.946383,0.210884,0.244718],[-0.276213,0.921078,0.274449],[-0.167527,-0.327328,0.929941]],"s":0.924473,"t":[-11.8497,146.7,-119.151],"timestamp":15075018193},false],[3,{"currentFrameRate":110.437,"devices":[],"gestures":[{"direction":[-0.0991401,0.712727,-0.6944],"duration":18226,"handIds":[330],"id":2,"pointableIds":[3300],"position":[-61.6064,262.658,-13.1858],"speed":270.108,"startPosition":[-51.7178,189.442,58.159],"state":"update","type":"swipe"},{"direction":[-0.159807,0.81197,-0.561397],"duration":18185,"handIds":[330],"id":1,"pointableIds":[3301],"position":[-42.7733,312.652,-58.7972],"speed":320.995,"startPosition":[-26.426,227.788,-0.12043],"state":"update","type":"swipe"}],"hands":[{"armBasis":[[0.972224,-0.218841,-0.0829962],[0.209321,0.971642,-0.109982],[0.104711,0.0895548,0.990462]],"armWidth":63.029,"confidence":0.831119,"direction":[0.0356653,0.520962,-0.852835],"elbow":[17.9306,286.808,337.269],"grabStrength":0,"id":330,"palmNormal":[-0.236236,-0.824797,-0.513714],"palmPosition":[-16.461,288.85,25.7017],"palmVelocity":[-143.831,353.016,-304.657],"palmWidth":90.0033,"pinchStrength":0.876512,"r":[[0.94326,0.221607,0.247288],[-0.28773,0.917211,0.275563],[-0.165749,-0.33108,0.928931]],"s":0.928379,"sphereCenter":[-18.2427,254.88,-18.8333],"sphereRadius":52.1306,"stabilizedPalmPosition":[-11.6947,275.761,37.1206],"t":[-13.1818,149.572,-121.563],"timeVisible":0.26247,"type":"right","wrist":[-10.0348,262.89,72.7444]}],"id":1139605,"interactionBox":{"center":[0,200,0],"size":[235.247,235.247,147.751]},"pointables":[{"bases":[[[0.609,0.750934,0.255378],[-0.689759,0.342435,0.637943],[0.391602,-0.564656,0.726506]],[[0.435861,0.899937,-0.011806],[-0.763394,0.376614,0.524777],[0.476712,-0.219717,0.851158]],[[0.435861,0.899937,-0.011806],[-0.889548,0.43275,0.146399],[0.136859,-0.0533077,0.989155]],[[0.435861,0.899937,-0.011806],[-0.884707,0.426002,-0.189253],[-0.165286,0.0929327,0.981857]]],"btipPosition":[-64.3892,269.009,-25.3329],"carpPosition":[-40.0616,258.514,72.7841],"dipPosition":[-68.2155,271.16,-2.60306],"direction":[-0.136859,0.0533077,-0.989155],"extended":false,"handId":330,"id":3300,"length":51.5512,"mcpPosition":[-40.0616,258.514,72.7841],"pipPosition":[-63.5998,269.362,30.7571],"stabilizedTipPosition":[-59.8876,249.619,-0.274153],"timeVisible":0.26247,"tipPosition":[-64.3046,269.296,-19.6808],"tipVelocity":[-126.566,304.311,-308.471],"tool":false,"touchDistance":-0.523578,"touchZone":"hovering","type":0,"width":20.0304},{"bases":[[[0.963244,-0.129202,-0.235516],[0.214653,0.897329,0.385649],[0.161509,-0.422028,0.89208]],[[0.972324,-0.159034,-0.171156],[0.197069,0.951764,0.235178],[0.125499,-0.262399,0.956764]],[[0.972324,-0.159034,-0.171156],[0.180281,0.976673,0.11666],[0.148611,-0.144287,0.978313]],[[0.972324,-0.159034,-0.171156],[0.165685,0.985856,0.0252087],[0.164726,-0.0528689,0.984921]]],"btipPosition":[-50.7916,324.433,-72.6666],"carpPosition":[-27.3681,278.227,72.9461],"dipPosition":[-48.0077,323.539,-56.0211],"direction":[-0.148611,0.144287,-0.978313],"extended":true,"handId":330,"id":3301,"length":58.1698,"mcpPosition":[-39.1214,308.939,8.02778],"pipPosition":[-44.4547,320.09,-32.6313],"stabilizedTipPosition":[-46.2108,316.61,-62.7231],"timeVisible":0.26247,"tipPosition":[-49.3603,322.719,-68.8083],"tipVelocity":[-193.818,375.262,-298.338],"tool":false,"touchDistance":0.217171,"touchZone":"hovering","type":1,"width":19.133},{"bases":[[[0.925407,-0.336098,-0.175098],[0.377904,0.853084,0.359772],[0.0284542,-0.399106,0.916463]],[[0.925838,-0.346698,-0.150416],[0.277539,0.893888,-0.352045],[0.256508,0.28419,0.923818]],[[0.925838,-0.346698,-0.150416],[-0.225909,-0.188642,-0.955709],[0.302968,0.918812,-0.252974]],[[0.925838,-0.346698,-0.150416],[-0.377647,-0.833585,-0.403136],[0.0143823,0.430043,-0.902694]]],"btipPosition":[-38.4775,258.582,-13.1589],"carpPosition":[-15.4949,278.427,70.238],"dipPosition":[-38.2102,266.576,-29.9384],"direction":[-0.302968,-0.918812,0.252974],"extended":false,"handId":330,"id":3302,"length":66.2798,"mcpPosition":[-17.4585,305.97,6.99151],"pipPosition":[-29.6883,292.42,-37.054],"stabilizedTipPosition":[-34.2619,230.581,13.4459],"timeVisible":0.26247,"tipPosition":[-38.4222,260.689,-17.478],"tipVelocity":[-95.0984,322.688,-296.89],"tool":false,"touchDistance":0.333333,"touchZone":"none","type":2,"width":18.7912},{"bases":[[[0.888369,-0.454513,-0.0649436],[0.443769,0.813734,0.375374],[-0.117766,-0.362291,0.924595]],[[0.885753,-0.461886,-0.045867],[0.410193,0.825186,-0.388343],[0.217219,0.325161,0.920373]],[[0.885753,-0.461886,-0.045867],[-0.164227,-0.219436,-0.961705],[0.434133,0.859366,-0.27022]],[[0.885753,-0.461886,-0.045867],[-0.436381,-0.794999,-0.421365],[0.158158,0.393241,-0.90573]]],"btipPosition":[-21.1133,252.708,-6.12361],"carpPosition":[-3.99116,275.446,67.6973],"dipPosition":[-18.1903,259.976,-22.8628],"direction":[-0.434133,-0.859366,0.27022],"extended":false,"handId":330,"id":3303,"length":63.7298,"mcpPosition":[3.30568,297.894,10.4087],"pipPosition":[-6.29433,283.524,-30.2672],"stabilizedTipPosition":[-16.7552,225.212,18.639],"timeVisible":0.26247,"tipPosition":[-20.3286,254.52,-10.2253],"tipVelocity":[-87.6772,350.3,-303.722],"tool":false,"touchDistance":0.333333,"touchZone":"none","type":3,"width":17.881},{"bases":[[[0.783151,-0.621552,-0.0186193],[0.564381,0.697909,0.440905],[-0.261051,-0.355804,0.897361]],[[0.689154,-0.69236,0.213785],[0.723136,0.638293,-0.263926],[0.0462749,0.336481,0.940553]],[[0.689154,-0.69236,0.213785],[0.0470271,-0.251675,-0.966668],[0.723087,0.676237,-0.140883]],[[0.689154,-0.69236,0.213785],[-0.525281,-0.680568,-0.510791],[0.499146,0.239717,-0.8327]]],"btipPosition":[-3.55121,257.028,-2.67083],"carpPosition":[5.5941,265.559,64.772],"dipPosition":[4.95918,261.115,-16.8683],"direction":[-0.723087,-0.676237,0.140883],"extended":false,"handId":330,"id":3304,"length":49.963,"mcpPosition":[20.567,285.967,13.3026],"pipPosition":[18.9485,274.198,-19.5939],"stabilizedTipPosition":[1.68345,235.88,13.3917],"timeVisible":0.26247,"tipPosition":[-1.37302,257.91,-5.85575],"tipVelocity":[-91.926,373.738,-300.899],"tool":false,"touchDistance":0.333333,"touchZone":"none","type":4,"width":15.8833}],"r":[[0.94326,0.221607,0.247288],[-0.28773,0.917211,0.275563],[-0.165749,-0.33108,0.928931]],"s":0.928379,"t":[-13.1818,149.572,-121.563],"timestamp":15075027499},false],[4,{"currentFrameRate":110.548,"devices":[],"gestures":[{"direction":[-0.0991401,0.712727,-0.6944],"duration":18226,"handIds":[330],"id":2,"pointableIds":[3300],"position":[-61.6064,262.658,-13.1858],"speed":270.108,"startPosition":[-51.7178,189.442,58.159],"state":"update","type":"swipe"},{"direction":[-0.159807,0.81197,-0.561397],"duration":18185,"handIds":[330],"id":1,"pointableIds":[3301],"position":[-42.7733,312.652,-58.7972],"speed":320.995,"startPosition":[-26.426,227.788,-0.12043],"state":"update","type":"swipe"}],"hands":[{"armBasis":[[0.974505,-0.208736,-0.0822774],[0.198339,0.972881,-0.119016],[0.104889,0.0996629,0.989477]],"armWidth":63.029,"confidence":0.840171,"direction":[0.0292529,0.525882,-0.850054],"elbow":[16.9442,291.481,334.846],"grabStrength":0,"id":330,"palmNormal":[-0.229402,-0.824187,-0.517774],"palmPosition":[-17.8222,291.016,23.6941],"palmVelocity":[-146.535,323.731,-283.603],"palmWidth":90.0033,"pinchStrength":0.870277,"r":[[0.94032,0.231654,0.249269],[-0.298531,0.91316,0.277523],[-0.163333,-0.335375,0.927818]],"s":0.932067,"sphereCenter":[-19.8758,257.591,-20.9612],"sphereRadius":51.9858,"stabilizedPalmPosition":[-12.9853,278.974,34.2928],"t":[-14.5284,152.091,-123.773],"timeVisible":0.271319,"type":"right","wrist":[-11.0687,264.864,70.584]}],"id":1139606,"interactionBox":{"center":[0,200,0],"size":[235.247,235.247,147.751]},"pointables":[{"bases":[[[0.602381,0.755228,0.258395],[-0.691802,0.332483,0.640987],[0.39818,-0.564877,0.72275]],[[0.428229,0.903647,-0.00654817],[-0.764008,0.365906,0.531418],[0.48261,-0.222566,0.847084]],[[0.428229,0.903647,-0.00654817],[-0.892791,0.424183,0.151637],[0.139804,-0.0590893,0.988415]],[[0.428229,0.903647,-0.00654817],[-0.888969,0.419949,-0.182696],[-0.162342,0.0840566,0.983148]]],"btipPosition":[-65.8392,271.242,-27.2688],"carpPosition":[-41.0529,260.205,70.652],"dipPosition":[-69.5974,273.188,-4.50908],"direction":[-0.139804,0.0590893,-0.988415],"extended":false,"handId":330,"id":3300,"length":51.5512,"mcpPosition":[-41.0529,260.205,70.652],"pipPosition":[-64.8824,271.195,28.8261],"stabilizedTipPosition":[-60.92,252.962,-3.57007],"timeVisible":0.271319,"tipPosition":[-65.7492,271.425,-21.6812],"tipVelocity":[-136.183,288.793,-283.982],"tool":false,"touchDistance":-0.528488,"touchZone":"hovering","type":0,"width":20.0304},{"bases":[[[0.963992,-0.11887,-0.237884],[0.20691,0.897205,0.390143],[0.167054,-0.425315,0.889494]],[[0.97311,-0.147475,-0.176939],[0.188711,0.950905,0.245292],[0.132078,-0.272087,0.953165]],[[0.97311,-0.147475,-0.176939],[0.17125,0.976934,0.12757],[0.154044,-0.15444,0.975919]],[[0.97311,-0.147475,-0.176939],[0.156221,0.987048,0.036484],[0.169267,-0.0631445,0.983545]]],"btipPosition":[-52.858,327.309,-74.2922],"carpPosition":[-28.5447,280.036,70.8989],"dipPosition":[-49.9974,326.242,-57.6699],"direction":[-0.154044,0.15444,-0.975919],"extended":true,"handId":330,"id":3301,"length":58.1698,"mcpPosition":[-40.7016,310.987,6.16884],"pipPosition":[-46.3144,322.549,-34.3374],"stabilizedTipPosition":[-48.0978,319.904,-65.1636],"timeVisible":0.271319,"tipPosition":[-51.4162,325.552,-70.489],"tipVelocity":[-204.024,360.441,-267.473],"tool":false,"touchDistance":0.220984,"touchZone":"hovering","type":1,"width":19.133},{"bases":[[[0.928207,-0.326437,-0.178524],[0.370523,0.854637,0.363743],[0.0338338,-0.403776,0.914232]],[[0.928783,-0.337258,-0.153686],[0.26847,0.898091,-0.348363],[0.255512,0.282294,0.924675]],[[0.928783,-0.337258,-0.153686],[-0.226371,-0.187879,-0.95575],[0.29346,0.922474,-0.250844]],[[0.928783,-0.337258,-0.153686],[-0.370543,-0.836272,-0.404163],[0.00778394,0.432326,-0.901684]]],"btipPosition":[-39.5951,260.785,-15.191],"carpPosition":[-16.6788,280.362,68.1714],"dipPosition":[-39.4504,268.821,-31.9517],"direction":[-0.29346,-0.922474,0.250844],"extended":false,"handId":330,"id":3302,"length":66.2798,"mcpPosition":[-19.0137,308.227,5.0789],"pipPosition":[-31.1959,294.768,-39.0075],"stabilizedTipPosition":[-35.0487,235.34,8.6221],"timeVisible":0.271319,"tipPosition":[-39.5799,262.885,-19.5206],"tipVelocity":[-104.406,303.007,-278.558],"tool":false,"touchDistance":0.333333,"touchZone":"none","type":2,"width":18.7912},{"bases":[[[0.892478,-0.445789,-0.0689504],[0.436782,0.815823,0.379017],[-0.11271,-0.368381,0.922817]],[[0.88987,-0.45355,-0.0492396],[0.402606,0.831478,-0.382822],[0.214571,0.320838,0.922509]],[[0.88987,-0.45355,-0.0492396],[-0.163156,-0.215591,-0.962757],[0.426043,0.864762,-0.265847]],[[0.88987,-0.45355,-0.0492396],[-0.429787,-0.797222,-0.423933],[0.15302,0.398408,-0.904354]]],"btipPosition":[-22.1538,255.09,-8.35578],"carpPosition":[-5.15217,277.503,65.5947],"dipPosition":[-19.3258,262.453,-25.0695],"direction":[-0.426043,-0.864762,0.265847],"extended":false,"handId":330,"id":3303,"length":63.7298,"mcpPosition":[1.83146,300.329,8.41623],"pipPosition":[-7.65151,286.149,-32.3541],"stabilizedTipPosition":[-17.5085,230.222,13.7458],"timeVisible":0.271319,"tipPosition":[-21.4119,256.889,-12.4244],"tipVelocity":[-96.4407,329.018,-289.612],"tool":false,"touchDistance":0.333333,"touchZone":"none","type":3,"width":17.881},{"bases":[[[0.788915,-0.614058,-0.0233513],[0.558593,0.700783,0.443708],[-0.256099,-0.363092,0.895867]],[[0.694151,-0.687783,0.21239],[0.71848,0.643943,-0.262913],[0.0440604,0.335099,0.941152]],[[0.694151,-0.687783,0.21239],[0.0479324,-0.250236,-0.966998],[0.718232,0.681422,-0.140734]],[[0.694151,-0.687783,0.21239],[-0.520892,-0.68359,-0.51125],[0.496817,0.244253,-0.832775]]],"btipPosition":[-4.69802,259.48,-4.78063],"carpPosition":[4.52023,267.723,62.5991],"dipPosition":[3.77264,263.645,-18.9793],"direction":[-0.718232,-0.681422,0.140734],"extended":false,"handId":330,"id":3304,"length":49.963,"mcpPosition":[19.2091,288.549,11.2154],"pipPosition":[17.6681,276.828,-21.7021],"stabilizedTipPosition":[0.843461,240.533,9.32973],"timeVisible":0.271319,"tipPosition":[-2.52868,260.39,-8.00506],"tipVelocity":[-102.402,348.13,-283.998],"tool":false,"touchDistance":0.333333,"touchZone":"none","type":4,"width":15.8833}],"r":[[0.94032,0.231654,0.249269],[-0.298531,0.91316,0.277523],[-0.163333,-0.335375,0.927818]],"s":0.932067,"t":[-14.5284,152.091,-123.773],"timestamp":15075036348},false],[5,{"currentFrameRate":110.541,"devices":[],"gestures":[{"direction":[-0.0991401,0.712727,-0.6944],"duration":18226,"handIds":[330],"id":2,"pointableIds":[3300],"position":[-61.6064,262.658,-13.1858],"speed":270.108,"startPosition":[-51.7178,189.442,58.159],"state":"update","type":"swipe"},{"direction":[-0.159807,0.81197,-0.561397],"duration":18185,"handIds":[330],"id":1,"pointableIds":[3301],"position":[-42.7733,312.652,-58.7972],"speed":320.995,"startPosition":[-26.426,227.788,-0.12043],"state":"stop","type":"swipe"}],"hands":[{"armBasis":[[0.975709,-0.202179,-0.0843566],[0.192036,0.974652,-0.114787],[0.105426,0.0957992,0.989802]],"armWidth":63.029,"confidence":0.84782,"direction":[0.0251997,0.531079,-0.846947],"elbow":[16.0696,292.64,332.593],"grabStrength":0,"id":330,"palmNormal":[-0.22478,-0.822512,-0.522445],"palmPosition":[-19.0459,293.442,21.5171],"palmVelocity":[-143.373,308.287,-271.652],"palmWidth":90.0033,"pinchStrength":0.864542,"r":[[0.937634,0.240529,0.250976],[-0.308215,0.909114,0.280205],[-0.160768,-0.340084,0.926551]],"s":0.935856,"sphereCenter":[-21.5504,260.705,-23.2226],"sphereRadius":51.768,"stabilizedPalmPosition":[-14.3071,282.13,31.5063],"t":[-15.8136,154.563,-125.966],"timeVisible":0.280378,"type":"right","wrist":[-12.0867,267.055,68.2449]}],"id":1139607,"interactionBox":{"center":[0,200,0],"size":[235.247,235.247,147.751]},"pointables":[{"bases":[[[0.597935,0.757403,0.262326],[-0.693247,0.324387,0.64357],[0.402347,-0.56667,0.719029]],[[0.423112,0.906077,-0.000929594],[-0.764261,0.357439,0.536789],[0.486704,-0.226411,0.843716]],[[0.423112,0.906077,-0.000929594],[-0.894879,0.418043,0.156307],[0.142015,-0.0653037,0.987708]],[[0.423112,0.906077,-0.000929594],[-0.891889,0.416305,-0.176703],[-0.159719,0.0755941,0.984264]]],"btipPosition":[-67.1652,273.842,-29.4441],"carpPosition":[-42.0414,262.21,68.3123],"dipPosition":[-70.8627,275.592,-6.65859],"direction":[-0.142015,0.0653037,-0.987708],"extended":false,"handId":330,"id":3300,"length":51.5512,"mcpPosition":[-42.0414,262.21,68.3123],"pipPosition":[-66.0731,273.39,26.6527],"stabilizedTipPosition":[-62.0563,256.37,-6.87435],"timeVisible":0.280378,"tipPosition":[-67.0672,273.947,-23.9062],"tipVelocity":[-138.569,286.938,-271.693],"tool":false,"touchDistance":-0.536514,"touchZone":"hovering","type":0,"width":20.0304},{"bases":[[[0.964486,-0.111483,-0.239452],[0.201717,0.896143,0.395269],[0.170518,-0.429533,0.886806]],[[0.973412,-0.138706,-0.18229],[0.183388,0.948755,0.257359],[0.137251,-0.283946,0.948966]],[[0.973412,-0.138706,-0.18229],[0.165503,0.976066,0.141078],[0.158358,-0.167496,0.973071]],[[0.973412,-0.138706,-0.18229],[0.150206,0.987348,0.050806],[0.172936,-0.0768362,0.981931]]],"btipPosition":[-54.6064,330.744,-76.0561],"carpPosition":[-29.656,282.116,68.6656],"dipPosition":[-51.6837,329.445,-59.4611],"direction":[-0.158358,0.167496,-0.973071],"extended":true,"handId":330,"id":3301,"length":58.1698,"mcpPosition":[-42.0649,313.374,4.13113],"pipPosition":[-47.8976,325.441,-36.1966],"stabilizedTipPosition":[-50.0345,323.402,-67.5116],"timeVisible":0.280378,"tipPosition":[-53.1701,328.906,-72.3129],"tipVelocity":[-200.545,363.988,-247.573],"tool":false,"touchDistance":0.224645,"touchZone":"hovering","type":1,"width":19.133},{"bases":[[[0.930042,-0.319616,-0.181292],[0.365565,0.854747,0.36847],[0.0371898,-0.408967,0.911791]],[[0.930712,-0.330692,-0.156263],[0.262532,0.901481,-0.344105],[0.254661,0.279238,0.925837]],[[0.930712,-0.330692,-0.156263],[-0.22679,-0.186592,-0.955903],[0.286952,0.925109,-0.248661]],[[0.930712,-0.330692,-0.156263],[-0.365741,-0.837962,-0.405035],[0.00299942,0.434122,-0.900849]]],"btipPosition":[-40.6302,263.351,-17.3969],"carpPosition":[-17.7949,282.532,65.9294],"dipPosition":[-40.5745,271.42,-34.1421],"direction":[-0.286952,-0.925109,0.248661],"extended":false,"handId":330,"id":3302,"length":66.2798,"mcpPosition":[-20.3614,310.755,3.00533],"pipPosition":[-32.5031,297.442,-41.1365],"stabilizedTipPosition":[-35.9261,240.046,3.91558],"timeVisible":0.280378,"tipPosition":[-40.6484,265.439,-21.7439],"tipVelocity":[-107.751,297.799,-268.77],"tool":false,"touchDistance":0.333333,"touchZone":"none","type":2,"width":18.7912},{"bases":[[[0.895156,-0.439834,-0.0723959],[0.432078,0.816255,0.383454],[-0.109563,-0.374532,0.920718]],[[0.892495,-0.448064,-0.051879],[0.397433,0.835564,-0.379315],[0.213305,0.317918,0.923812]],[[0.892495,-0.448064,-0.051879],[-0.163827,-0.214846,-0.962809],[0.420254,0.867802,-0.265154]],[[0.892495,-0.448064,-0.051879],[-0.426032,-0.799605,-0.423237],[0.148154,0.399839,-0.904533]]],"btipPosition":[-23.1454,257.747,-10.5683],"carpPosition":[-6.25322,279.76,63.3254],"dipPosition":[-20.4073,265.137,-27.2853],"direction":[-0.420254,-0.867802,0.265154],"extended":false,"handId":330,"id":3303,"length":63.7298,"mcpPosition":[0.535361,302.967,6.27699],"pipPosition":[-8.89169,288.916,-34.551],"stabilizedTipPosition":[-18.3511,235.14,9.00725],"timeVisible":0.280378,"tipPosition":[-22.4426,259.533,-14.6867],"tipVelocity":[-100.667,319.347,-277.106],"tool":false,"touchDistance":0.333333,"touchZone":"none","type":3,"width":17.881},{"bases":[[[0.79268,-0.609008,-0.0277021],[0.554659,0.70159,0.447353],[-0.253006,-0.369973,0.893929]],[[0.696394,-0.685663,0.2119],[0.716359,0.646367,-0.262754],[0.0431956,0.334776,0.941307]],[[0.696394,-0.685663,0.2119],[0.0475546,-0.250528,-0.966941],[0.716083,0.683448,-0.141859]],[[0.696394,-0.685663,0.2119],[-0.519132,-0.685159,-0.510939],[0.495517,0.245811,-0.83309]]],"btipPosition":[-5.82491,262.155,-6.98369],"carpPosition":[3.47673,270.058,60.2632],"dipPosition":[2.6236,266.346,-21.1878],"direction":[-0.716083,-0.683448,0.141859],"extended":false,"handId":330,"id":3304,"length":49.963,"mcpPosition":[17.9882,291.278,8.99064],"pipPosition":[16.4774,279.569,-23.9323],"stabilizedTipPosition":[-0.102186,245.053,5.41115],"timeVisible":0.280378,"tipPosition":[-3.65055,263.091,-10.2754],"tipVelocity":[-108.629,333.725,-272.768],"tool":false,"touchDistance":0.333333,"touchZone":"none","type":4,"width":15.8833}],"r":[[0.937634,0.240529,0.250976],[-0.308215,0.909114,0.280205],[-0.160768,-0.340084,0.926551]],"s":0.935856,"t":[-15.8136,154.563,-125.966],"timestamp":15075045407},false],[6,{"currentFrameRate":110.515,"devices":[],"gestures":[{"direction":[-0.0991401,0.712727,-0.6944],"duration":18226,"handIds":[330],"id":2,"pointableIds":[3300],"position":[-61.6064,262.658,-13.1858],"speed":270.108,"startPosition":[-51.7178,189.442,58.159],"state":"stop","type":"swipe"}],"hands":[{"armBasis":[[0.976312,-0.19855,-0.0859811],[0.188642,0.975734,-0.111168],[0.105967,0.0923151,0.990075]],"armWidth":63.029,"confidence":0.854612,"direction":[0.0230796,0.533101,-0.845737],"elbow":[15.5226,292.82,331.561],"grabStrength":0,"id":330,"palmNormal":[-0.221909,-0.822127,-0.524274],"palmPosition":[-19.8438,294.633,20.4735],"palmVelocity":[-127.957,259.162,-228.181],"palmWidth":90.0033,"pinchStrength":0.8605,"r":[[0.935249,0.24817,0.252431],[-0.31658,0.905441,0.282762],[-0.158389,-0.344367,0.925378]],"s":0.94004,"sphereCenter":[-22.9333,262.476,-24.1669],"sphereRadius":51.4939,"stabilizedPalmPosition":[-15.5382,284.91,29.0532],"t":[-16.8551,156.395,-127.585],"timeVisible":0.289473,"type":"right","wrist":[-12.7783,268.165,67.1395]}],"id":1139608,"interactionBox":{"center":[0,200,0],"size":[235.247,235.247,147.751]},"pointables":[{"bases":[[[0.595239,0.758968,0.263926],[-0.694275,0.320395,0.64446],[0.404564,-0.566845,0.717645]],[[0.420296,0.907386,0.00167369],[-0.764243,0.352997,0.539745],[0.489166,-0.228132,0.841827]],[[0.420296,0.907386,0.00167369],[-0.896024,0.41474,0.158532],[0.143155,-0.0681299,0.987352]],[[0.420296,0.907386,0.00167369],[-0.893371,0.414126,-0.17432],[-0.158868,0.0717705,0.984688]]],"btipPosition":[-68.0187,275.112,-30.4587],"carpPosition":[-42.7152,263.211,67.2023],"dipPosition":[-71.6964,276.773,-7.66333],"direction":[-0.143155,0.0681299,-0.987352],"extended":false,"handId":330,"id":3300,"length":51.5512,"mcpPosition":[-42.7152,263.211,67.2023],"pipPosition":[-66.8684,274.475,25.636],"stabilizedTipPosition":[-63.1957,259.571,-9.94374],"timeVisible":0.289473,"tipPosition":[-67.933,275.17,-24.9614],"tipVelocity":[-126.039,245.503,-227.259],"tool":false,"touchDistance":-0.52638,"touchZone":"hovering","type":0,"width":20.0304},{"bases":[[[0.964831,-0.107432,-0.239916],[0.19855,0.895965,0.397272],[0.172277,-0.430935,0.885785]],[[0.973412,-0.133031,-0.186471],[0.180335,0.947022,0.26576],[0.141238,-0.292321,0.945833]],[[0.973412,-0.133031,-0.186471],[0.162186,0.975145,0.150959],[0.161754,-0.177188,0.970794]],[[0.973412,-0.133031,-0.186471],[0.14672,0.987259,0.0615815],[0.175903,-0.0873033,0.980529]]],"btipPosition":[-55.7812,332.655,-76.8377],"carpPosition":[-30.4021,283.161,67.5984],"dipPosition":[-52.8083,331.18,-60.2664],"direction":[-0.161754,0.177188,-0.970793],"extended":true,"handId":330,"id":3301,"length":58.1698,"mcpPosition":[-42.939,314.521,3.13819],"pipPosition":[-48.9411,3