{"sensorType":"Leap","data":[[0,{"currentFrameRate":109.153,"devices":[],"gestures":[],"hands":[{"armBasis":[[0.915163,-0.160232,-0.369868],[0.314675,0.857447,0.407142],[0.251905,-0.48899,0.835124]],"armWidth":63.029,"confidence":0.576245,"direction":[-0.00961367,0.713187,-0.700908],"elbow":[51.5174,111.313,280.582],"grabStrength":0,"id":333,"palmNormal":[-0.335795,-0.662539,-0.66954],"palmPosition":[-24.8097,278.898,19.0979],"palmVelocity":[21.1878,39.7118,-135.766],"palmWidth":90.0033,"pinchStrength":0.547679,"r":[[0.946498,-0.105909,0.304837],[-0.0107087,0.933785,0.357673],[-0.322533,-0.341801,0.882692]],"s":1.24152,"sphereCenter":[-23.5427,255.075,-31.5986],"sphereRadius":53.8795,"stabilizedPalmPosition":[-25.9949,265.439,40.2765],"t":[22.7946,91.7577,-99.4861],"timeVisible":0.470221,"type":"right","wrist":[-15.7594,241.909,57.5438]}],"id":1145165,"interactionBox":{"center":[0,200,0],"size":[235.247,235.247,147.751]},"pointables":[{"bases":[[[0.67748,0.63964,0.363154],[-0.6041,0.202202,0.770829],[0.419623,-0.741603,0.523395]],[[0.503191,0.846843,0.172209],[-0.692669,0.276081,0.666326],[0.51673,-0.454573,0.725503]],[[0.503191,0.846843,0.172209],[-0.832401,0.421428,0.359871],[0.23218,-0.324431,0.916972]],[[0.503191,0.846843,0.172209],[-0.864063,0.496242,0.0844861],[-0.013911,-0.191312,0.981431]]],"btipPosition":[-78.8969,276.688,-29.7718],"carpPosition":[-45.8743,238.873,59.6965],"dipPosition":[-79.2189,272.259,-7.05183],"direction":[-0.23218,0.324431,-0.916972],"extended":false,"handId":333,"id":3330,"length":51.5512,"mcpPosition":[-45.8743,238.873,59.6965],"pipPosition":[-71.3885,261.318,23.8738],"stabilizedTipPosition":[-80.6463,267.71,-8.14094],"timeVisible":0.470221,"tipPosition":[-78.0408,275.557,-25.0167],"tipVelocity":[33.1299,28.628,-162.977],"tool":false,"touchDistance":-0.431013,"touchZone":"touching","type":0,"width":20.0304},{"bases":[[[0.926901,-0.105929,-0.360047],[0.307215,0.765203,0.565759],[0.215579,-0.635014,0.741811]],[[0.949836,-0.209972,-0.231782],[0.300967,0.815169,0.494893],[0.0850275,-0.539826,0.837472]],[[0.949836,-0.209972,-0.231782],[0.278934,0.903935,0.324188],[0.141445,-0.372577,0.917158]],[[0.949836,-0.209972,-0.231782],[0.254491,0.949684,0.182577],[0.181783,-0.232404,0.955481]]],"btipPosition":[-57.7224,339.396,-64.382],"carpPosition":[-31.967,257.409,63.2661],"dipPosition":[-54.6502,335.469,-48.2341],"direction":[-0.141445,0.372577,-0.917158],"extended":true,"handId":333,"id":3331,"length":58.1698,"mcpPosition":[-47.6551,303.62,9.28324],"pipPosition":[-51.2685,326.561,-26.3064],"stabilizedTipPosition":[-60.0193,336.892,-53.6889],"timeVisible":0.470221,"tipPosition":[-56.9611,337.009,-60.9372],"tipVelocity":[81.9281,32.4144,-181.158],"tool":false,"touchDistance":-0.461126,"touchZone":"touching","type":1,"width":19.133},{"bases":[[[0.88146,-0.319634,-0.347653],[0.464154,0.722151,0.512892],[0.0871202,-0.613459,0.784907]],[[0.882751,-0.329493,-0.334941],[0.10543,0.833615,-0.542191],[0.457859,0.443306,0.770613]],[[0.882751,-0.329493,-0.334941],[-0.39401,-0.130807,-0.90975],[0.255944,0.935053,-0.245294]],[[0.882751,-0.329493,-0.334941],[-0.469713,-0.635531,-0.612756],[-0.0109664,0.698237,-0.715783]]],"btipPosition":[-55.2447,239.711,-11.2554],"carpPosition":[-20.4074,257.791,59.4484],"dipPosition":[-55.4485,252.69,-24.5606],"direction":[-0.255944,-0.935053,0.245294],"extended":false,"handId":333,"id":3332,"length":66.2798,"mcpPosition":[-26.4197,300.127,5.28087],"pipPosition":[-48.2494,278.991,-31.4602],"stabilizedTipPosition":[-59.2556,227.729,9.52886],"timeVisible":0.470221,"tipPosition":[-55.5032,242.679,-14.8223],"tipVelocity":[39.4054,33.7897,-109.342],"tool":false,"touchDistance":0.333333,"touchZone":"none","type":2,"width":18.7912},{"bases":[[[0.847158,-0.459949,-0.266027],[0.528485,0.677546,0.511503],[-0.0550203,-0.573915,0.817064]],[[0.848415,-0.442764,-0.290089],[0.286385,0.844845,-0.451908],[0.445169,0.300328,0.84358]],[[0.848415,-0.442764,-0.290089],[-0.32079,0.00584958,-0.947132],[0.421053,0.896619,-0.137071]],[[0.848415,-0.442764,-0.290089],[-0.509123,-0.532588,-0.676124],[0.144865,0.721325,-0.677277]]],"btipPosition":[-39.8859,239.455,-16.5707],"carpPosition":[-9.40588,255.067,55.0643],"dipPosition":[-37.2086,252.786,-29.0877],"direction":[-0.421053,-0.896619,0.137071],"extended":false,"handId":333,"id":3333,"length":63.7298,"mcpPosition":[-5.99679,290.628,4.43843],"pipPosition":[-25.6711,277.354,-32.8437],"stabilizedTipPosition":[-42.5065,236.438,-7.21555],"timeVisible":0.470221,"tipPosition":[-39.3048,243.142,-20.5045],"tipVelocity":[33.4284,8.63062,-101.998],"tool":false,"touchDistance":0.333333,"touchZone":"none","type":3,"width":17.881},{"bases":[[[0.736052,-0.628867,-0.250506],[0.646864,0.544375,0.534062],[-0.199485,-0.555141,0.80748]],[[0.751672,-0.573294,-0.326073],[0.410792,0.793745,-0.448575],[0.515983,0.203233,0.83214]],[[0.751672,-0.573294,-0.326073],[-0.345387,0.07902,-0.935128],[0.561869,0.815531,-0.138611]],[[0.751672,-0.573294,-0.326073],[-0.610247,-0.417018,-0.673568],[0.250174,0.705288,-0.663312]]],"btipPosition":[-22.5355,242.757,-12.5815],"carpPosition":[-0.794598,245.828,48.8463],"dipPosition":[-18.2701,254.783,-23.8909],"direction":[-0.561869,-0.815531,0.138611],"extended":false,"handId":333,"id":3334,"length":49.963,"mcpPosition":[10.6472,277.669,2.53219],"pipPosition":[-7.39976,270.56,-26.5726],"stabilizedTipPosition":[-24.0245,239.979,-3.83846],"timeVisible":0.470221,"tipPosition":[-21.4541,246.172,-16.1488],"tipVelocity":[28.3337,8.58992,-98.7381],"tool":false,"touchDistance":0.333333,"touchZone":"none","type":4,"width":15.8833}],"r":[[0.946498,-0.105909,0.304837],[-0.0107087,0.933785,0.357673],[-0.322533,-0.341801,0.882692]],"s":1.24152,"t":[22.7946,91.7577,-99.4861],"timestamp":15126167230},false],[1,{"currentFrameRate":109.117,"devices":[],"gestures":[],"hands":[{"armBasis":[[0.915642,-0.165554,-0.366322],[0.31663,0.858466,0.403461],[0.24768,-0.485415,0.838467]],"armWidth":63.029,"confidence":0.602494,"direction":[-0.00475943,0.708606,-0.705589],"elbow":[50.3338,112.84,279.866],"grabStrength":0,"id":333,"palmNormal":[-0.336077,-0.665688,-0.666267],"palmPosition":[-24.6065,279.25,17.2191],"palmVelocity":[21.4212,39.2607,-154.789],"palmWidth":90.0033,"pinchStrength":0.547404,"r":[[0.944771,-0.107033,0.309762],[-0.00959889,0.935725,0.352599],[-0.327592,-0.336099,0.883018]],"s":1.24349,"sphereCenter":[-23.5345,255.321,-33.1361],"sphereRadius":53.6717,"stabilizedPalmPosition":[-25.978,265.606,39.9969],"t":[23.02,92.0206,-101.107],"timeVisible":0.479449,"type":"right","wrist":[-15.8147,242.481,55.9353]}],"id":1145166,"interactionBox":{"center":[0,200,0],"size":[235.247,235.247,147.751]},"pointables":[{"bases":[[[0.678655,0.639536,0.36114],[-0.605817,0.209452,0.767539],[0.415227,-0.739678,0.529587]],[[0.504485,0.847112,0.167023],[-0.694375,0.28308,0.661596],[0.513165,-0.449741,0.731023]],[[0.504485,0.847112,0.167023],[-0.832921,0.426512,0.352604],[0.227458,-0.317,0.920746]],[[0.504485,0.847112,0.167023],[-0.863239,0.498814,0.077476],[-0.0176824,-0.183266,0.982904]]],"btipPosition":[-78.5473,276.708,-31.8915],"carpPosition":[-45.9473,239.568,58.0107],"dipPosition":[-78.9567,272.466,-9.13742],"direction":[-0.227458,0.317,-0.920746],"extended":false,"handId":333,"id":3330,"length":51.5512,"mcpPosition":[-45.9473,239.568,58.0107],"pipPosition":[-71.2854,261.775,21.9155],"stabilizedTipPosition":[-80.6199,267.816,-8.38484],"timeVisible":0.479449,"tipPosition":[-77.7689,275.697,-27.0628],"tipVelocity":[33.8524,22.5175,-181.452],"tool":false,"touchDistance":-0.447923,"touchZone":"touching","type":0,"width":20.0304},{"bases":[[[0.927653,-0.111664,-0.356359],[0.308206,0.767773,0.561725],[0.210878,-0.630917,0.746642]],[[0.949683,-0.213694,-0.22899],[0.302227,0.817136,0.490864],[0.082221,-0.535373,0.840605]],[[0.949683,-0.213694,-0.22899],[0.281158,0.903816,0.322593],[0.138029,-0.370744,0.918421]],[[0.949683,-0.213694,-0.22899],[0.257646,0.948716,0.183183],[0.178101,-0.232965,0.956037]]],"btipPosition":[-57.1338,339.543,-66.6687],"carpPosition":[-31.9837,258.077,61.5038],"dipPosition":[-54.1238,335.605,-50.5113],"direction":[-0.138029,0.370744,-0.918421],"extended":true,"handId":333,"id":3331,"length":58.1698,"mcpPosition":[-47.3297,303.99,7.16931],"pipPosition":[-50.8238,326.742,-28.5535],"stabilizedTipPosition":[-59.7256,337.035,-54.4495],"timeVisible":0.479449,"tipPosition":[-56.3572,337.182,-63.2226],"tipVelocity":[76.4047,27.6999,-199.782],"tool":false,"touchDistance":-0.477614,"touchZone":"touching","type":1,"width":19.133},{"bases":[[[0.88139,-0.325116,-0.342712],[0.465154,0.723803,0.509647],[0.0823619,-0.608612,0.789182]],[[0.882595,-0.334816,-0.330036],[0.109324,0.828926,-0.548571],[0.457246,0.448085,0.76821]],[[0.882595,-0.334816,-0.330036],[-0.394344,-0.14502,-0.907448],[0.255966,0.931057,-0.260027]],[[0.882595,-0.334816,-0.330036],[-0.469957,-0.647571,-0.599827],[-0.0128908,0.684507,-0.728892]]],"btipPosition":[-54.8551,240.117,-12.5053],"carpPosition":[-20.4106,258.392,57.7209],"dipPosition":[-55.0947,252.841,-26.0541],"direction":[-0.255966,-0.931057,0.260027],"extended":false,"handId":333,"id":3332,"length":66.2798,"mcpPosition":[-26.0945,300.393,3.25832],"pipPosition":[-47.8949,279.03,-33.3682],"stabilizedTipPosition":[-59.1866,227.972,9.1296],"timeVisible":0.479449,"tipPosition":[-55.1706,242.997,-16.2378],"tipVelocity":[39.9439,34.8702,-118.366],"tool":false,"touchDistance":0.333333,"touchZone":"none","type":2,"width":18.7912},{"bases":[[[0.846313,-0.464767,-0.26028],[0.529325,0.678956,0.508757],[-0.0597349,-0.568341,0.820622]],[[0.847713,-0.4477,-0.284512],[0.290746,0.840762,-0.456711],[0.443677,0.30444,0.842892]],[[0.847713,-0.4477,-0.284512],[-0.317927,0.000534782,-0.948115],[0.424623,0.894184,-0.141883]],[[0.847713,-0.4477,-0.284512],[-0.508962,-0.535347,-0.674063],[0.149465,0.716218,-0.681683]]],"btipPosition":[-39.71,239.621,-18.2216],"carpPosition":[-9.40518,255.599,53.3902],"dipPosition":[-36.9477,252.857,-30.82],"direction":[-0.424623,-0.894184,0.141883],"extended":false,"handId":333,"id":3333,"length":63.7298,"mcpPosition":[-5.70396,290.814,2.54388],"pipPosition":[-25.3123,277.359,-34.7078],"stabilizedTipPosition":[-42.4649,236.513,-7.38416],"timeVisible":0.479449,"tipPosition":[-39.1039,243.27,-22.1632],"tipVelocity":[29.9942,10.5968,-124.135],"tool":false,"touchDistance":0.333333,"touchZone":"none","type":3,"width":17.881},{"bases":[[[0.73454,-0.633174,-0.244012],[0.647143,0.545505,0.532569],[-0.204099,-0.549104,0.81045]],[[0.750038,-0.580701,-0.31659],[0.413026,0.785099,-0.461551],[0.516578,0.21542,0.828699]],[[0.750038,-0.580701,-0.31659],[-0.345194,0.0646066,-0.936305],[0.564168,0.811549,-0.151997]],[[0.750038,-0.580701,-0.31659],[-0.61068,-0.424211,-0.668666],[0.253994,0.69486,-0.672797]]],"btipPosition":[-22.4147,242.7,-13.7965],"carpPosition":[-0.807965,246.288,47.2606],"dipPosition":[-18.0841,254.547,-25.2676],"direction":[-0.564167,-0.811549,0.151997],"extended":false,"handId":333,"id":3334,"length":49.963,"mcpPosition":[10.8984,277.782,0.776124],"pipPosition":[-7.16931,270.248,-28.2082],"stabilizedTipPosition":[-23.9971,240.036,-3.97103],"timeVisible":0.479449,"tipPosition":[-21.3025,246.09,-17.4486],"tipVelocity":[24.5156,3.18826,-109.103],"tool":false,"touchDistance":0.333333,"touchZone":"none","type":4,"width":15.8833}],"r":[[0.944771,-0.107033,0.309762],[-0.00959889,0.935725,0.352599],[-0.327592,-0.336099,0.883018]],"s":1.24349,"t":[23.02,92.0206,-101.107],"timestamp":15126176458},false],[2,{"currentFrameRate":109.399,"devices":[],"gestures":[],"hands":[{"armBasis":[[0.915315,-0.17202,-0.364153],[0.318315,0.86293,0.392464],[0.246727,-0.475144,0.844609]],"armWidth":63.029,"confidence":0.62061,"direction":[0.000132935,0.706214,-0.707999],"elbow":[50.0327,116.071,279.767],"grabStrength":0,"id":333,"palmNormal":[-0.337357,-0.666462,-0.664845],"palmPosition":[-24.3937,279.645,15.3328],"palmVelocity":[22.2738,40.9602,-171.653],"palmWidth":90.0033,"pinchStrength":0.546369,"r":[[0.943118,-0.108529,0.314246],[-0.00803623,0.937499,0.347895],[-0.332362,-0.330632,0.883299]],"s":1.24492,"sphereCenter":[-23.4944,255.721,-34.7805],"sphereRadius":53.4858,"stabilizedPalmPosition":[-25.9645,265.727,39.7854],"t":[23.2391,92.3492,-102.861],"timeVisible":0.488086,"type":"right","wrist":[-15.8611,242.969,54.1954]}],"id":1145167,"interactionBox":{"center":[0,200,0],"size":[235.247,235.247,147.751]},"pointables":[{"bases":[[[0.680575,0.637759,0.360668],[-0.606795,0.214736,0.765303],[0.41063,-0.739697,0.533133]],[[0.505872,0.846983,0.163443],[-0.696039,0.288873,0.65733],[0.509533,-0.446288,0.735665]],[[0.505872,0.846983,0.163443],[-0.833436,0.431051,0.345804],[0.222437,-0.311152,0.923962]],[[0.505872,0.846983,0.163443],[-0.862326,0.501395,0.0706878],[-0.0220783,-0.1767,0.984017]]],"btipPosition":[-78.161,276.817,-34.0604],"carpPosition":[-46.0114,240.196,56.2052],"dipPosition":[-78.6721,272.726,-11.2806],"direction":[-0.222437,0.311152,-0.923962],"extended":false,"handId":333,"id":3330,"length":51.5512,"mcpPosition":[-46.0114,240.196,56.2052],"pipPosition":[-71.1702,262.232,19.8808],"stabilizedTipPosition":[-80.5989,267.888,-8.56861],"timeVisible":0.488086,"tipPosition":[-77.4969,275.965,-29.1298],"tipVelocity":[36.0179,20.9469,-199.743],"tool":false,"touchDistance":-0.46391,"touchZone":"touching","type":0,"width":20.0304},{"bases":[[[0.928035,-0.11697,-0.353651],[0.310198,0.768312,0.559887],[0.206224,-0.629297,0.749304]],[[0.949196,-0.217503,-0.227417],[0.304436,0.817632,0.488668],[0.079657,-0.533076,0.842309]],[[0.949196,-0.217503,-0.227417],[0.284094,0.903102,0.322021],[0.135341,-0.370269,0.919013]],[[0.949196,-0.217503,-0.227417],[0.261233,0.947561,0.184082],[0.175453,-0.234139,0.95624]]],"btipPosition":[-56.5683,339.914,-68.7858],"carpPosition":[-31.9748,258.655,59.6705],"dipPosition":[-53.6031,335.957,-52.625],"direction":[-0.135341,0.370269,-0.919013],"extended":true,"handId":333,"id":3331,"length":58.1698,"mcpPosition":[-46.9821,304.45,5.14221],"pipPosition":[-50.3673,327.104,-30.653],"stabilizedTipPosition":[-59.4898,337.156,-55.1018],"timeVisible":0.488086,"tipPosition":[-55.7674,337.594,-65.3355],"tipVelocity":[73.1914,31.6065,-211.778],"tool":false,"touchDistance":-0.489931,"touchZone":"touching","type":1,"width":19.133},{"bases":[[[0.880794,-0.330168,-0.339397],[0.46708,0.723474,0.508353],[0.0777025,-0.60628,0.791446]],[[0.881913,-0.339715,-0.326838],[0.11214,0.824597,-0.554495],[0.45788,0.452365,0.765318]],[[0.881913,-0.339715,-0.326838],[-0.396913,-0.161035,-0.903619],[0.254341,0.92664,-0.276856]],[[0.881913,-0.339715,-0.326838],[-0.471083,-0.660986,-0.584105],[-0.0176059,0.669097,-0.742966]]],"btipPosition":[-54.4109,240.677,-13.5941],"carpPosition":[-20.391,258.906,55.9155],"dipPosition":[-54.7381,253.114,-27.4045],"direction":[-0.254341,-0.92664,0.276856],"extended":false,"handId":333,"id":3332,"length":66.2798,"mcpPosition":[-25.7534,300.747,1.29669],"pipPosition":[-47.584,279.179,-35.1919],"stabilizedTipPosition":[-59.1279,228.166,8.806],"timeVisible":0.488086,"tipPosition":[-54.8105,243.484,-17.5585],"tipVelocity":[42.3721,40.7867,-122.253],"tool":false,"touchDistance":0.333333,"touchZone":"none","type":2,"width":18.7912},{"bases":[[[0.844895,-0.469381,-0.256579],[0.531054,0.67834,0.507776],[-0.0642927,-0.565275,0.822393]],[[0.846436,-0.452334,-0.280963],[0.295279,0.837799,-0.459243],[0.443122,0.305757,0.842707]],[[0.846436,-0.452334,-0.280963],[-0.315896,-0.00179053,-0.948792],[0.428668,0.891847,-0.144406]],[[0.846436,-0.452334,-0.280963],[-0.509741,-0.535723,-0.673175],[0.153982,0.713018,-0.684028]]],"btipPosition":[-39.5795,239.946,-19.9789],"carpPosition":[-9.38732,256.05,51.622],"dipPosition":[-36.7337,253.124,-32.6207],"direction":[-0.428668,-0.891847,0.144406],"extended":false,"handId":333,"id":3333,"length":63.7298,"mcpPosition":[-5.4037,291.075,0.665869],"pipPosition":[-24.9875,277.562,-36.5777],"stabilizedTipPosition":[-42.4358,236.567,-7.51164],"timeVisible":0.488086,"tipPosition":[-38.9493,243.569,-23.9172],"tipVelocity":[26.6366,17.3721,-145.474],"tool":false,"touchDistance":0.333333,"touchZone":"none","type":3,"width":17.881},{"bases":[[[0.732338,-0.637237,-0.24002],[0.648221,0.544453,0.532335],[-0.208544,-0.545436,0.811794]],[[0.748175,-0.585392,-0.312329],[0.418082,0.78146,-0.463171],[0.51521,0.215954,0.829411]],[[0.748175,-0.585392,-0.312329],[-0.342157,0.0629084,-0.937535],[0.568474,0.808306,-0.15323]],[[0.748175,-0.585392,-0.312329],[-0.610759,-0.423703,-0.668917],[0.259244,0.691225,-0.674538]]],"btipPosition":[-22.2928,242.988,-15.56],"carpPosition":[-0.81613,246.68,45.5455],"dipPosition":[-17.8727,254.773,-27.0608],"direction":[-0.568474,-0.808306,0.15323],"extended":false,"handId":333,"id":3334,"length":49.963,"mcpPosition":[11.1452,277.964,-1.01604],"pipPosition":[-6.87465,270.411,-30.0253],"stabilizedTipPosition":[-23.978,240.076,-4.07106],"timeVisible":0.488086,"tipPosition":[-21.154,246.349,-19.207],"tipVelocity":[22.388,10.7414,-134.522],"tool":false,"touchDistance":0.333333,"touchZone":"none","type":4,"width":15.8833}],"r":[[0.943118,-0.108529,0.314246],[-0.00803623,0.937499,0.347895],[-0.332362,-0.330632,0.883299]],"s":1.24492,"t":[23.2391,92.3492,-102.861],"timestamp":15126185095},false],[3,{"currentFrameRate":109.514,"devices":[],"gestures":[],"hands":[{"armBasis":[[0.91365,-0.181321,-0.363822],[0.3232,0.866852,0.379618],[0.246547,-0.464425,0.850602]],"armWidth":63.029,"confidence":0.635412,"direction":[0.00804508,0.70661,-0.707557],"elbow":[49.6668,119.649,278.789],"grabStrength":0,"id":333,"palmNormal":[-0.341576,-0.663077,-0.666074],"palmPosition":[-24.2953,280.456,12.757],"palmVelocity":[19.2073,54.5834,-203.535],"palmWidth":90.0033,"pinchStrength":0.545074,"r":[[0.94143,-0.111396,0.318278],[-0.00528969,0.938865,0.344244],[-0.337168,-0.325765,0.883286]],"s":1.24638,"sphereCenter":[-23.7751,256.848,-37.1191],"sphereRadius":53.2124,"stabilizedPalmPosition":[-25.9531,265.827,39.6017],"t":[23.3979,92.9193,-105.025],"timeVisible":0.497012,"type":"right","wrist":[-16.179,243.684,51.6173]}],"id":1145168,"interactionBox":{"center":[0,200,0],"size":[235.247,235.247,147.751]},"pointables":[{"bases":[[[0.685266,0.631547,0.362711],[-0.606743,0.219591,0.763965],[0.402832,-0.743591,0.533666]],[[0.509822,0.844878,0.162054],[-0.696989,0.295239,0.653483],[0.504269,-0.44611,0.739391]],[[0.509822,0.844878,0.162054],[-0.83263,0.437229,0.339937],[0.216351,-0.308239,0.926381]],[[0.509822,0.844878,0.162054],[-0.85986,0.506333,0.0653263],[-0.0268605,-0.172648,0.984617]]],"btipPosition":[-77.9309,277.594,-36.9927],"carpPosition":[-46.3572,241.175,53.5524],"dipPosition":[-78.5528,273.597,-14.199],"direction":[-0.216351,0.308239,-0.926381],"extended":false,"handId":333,"id":3330,"length":51.5512,"mcpPosition":[-46.3572,241.175,53.5524],"pipPosition":[-71.2561,263.202,17.044],"stabilizedTipPosition":[-80.5817,267.948,-8.72655],"timeVisible":0.497012,"tipPosition":[-77.3795,276.935,-31.9403],"tipVelocity":[32.4466,39.6419,-234.755],"tool":false,"touchDistance":-0.489788,"touchZone":"touching","type":0,"width":20.0304},{"bases":[[[0.927829,-0.124895,-0.351476],[0.315566,0.765225,0.561114],[0.198878,-0.631531,0.74941]],[[0.947693,-0.224294,-0.227091],[0.310268,0.814337,0.490499],[0.0749131,-0.535302,0.841332]],[[0.947693,-0.224294,-0.227091],[0.291123,0.899111,0.326875],[0.130864,-0.375889,0.917378]],[[0.947693,-0.224294,-0.227091],[0.269254,0.943854,0.191419],[0.171407,-0.242552,0.954876]]],"btipPosition":[-55.8496,341.3,-71.2973],"carpPosition":[-32.1678,259.508,57.063],"dipPosition":[-52.9528,337.201,-55.1595],"direction":[-0.130864,0.375889,-0.917378],"extended":true,"handId":333,"id":3331,"length":58.1698,"mcpPosition":[-46.6405,305.465,2.5271],"pipPosition":[-49.824,328.214,-33.2266],"stabilizedTipPosition":[-59.2661,337.322,-55.75],"timeVisible":0.497012,"tipPosition":[-55.0432,338.97,-67.8661],"tipVelocity":[74.7077,64.3292,-230.914],"tool":false,"touchDistance":-0.507023,"touchZone":"touching","type":1,"width":19.133},{"bases":[[[0.878685,-0.337679,-0.337468],[0.472173,0.719043,0.509932],[0.0704612,-0.607413,0.791255]],[[0.879679,-0.347128,-0.325065],[0.117609,0.82109,-0.558551],[0.460796,0.453115,0.763121]],[[0.879679,-0.347128,-0.325065],[-0.401062,-0.174178,-0.89934],[0.255567,0.921501,-0.29244]],[[0.879679,-0.347128,-0.325065],[-0.475113,-0.671366,-0.568802],[-0.0207902,0.654806,-0.755511]]],"btipPosition":[-54.2076,241.882,-15.3838],"carpPosition":[-20.5731,259.659,53.3363],"dipPosition":[-54.594,254.054,-29.4274],"direction":[-0.255567,-0.921501,0.29244],"extended":false,"handId":333,"id":3332,"length":66.2798,"mcpPosition":[-25.4357,301.578,-1.26932],"pipPosition":[-47.4054,279.974,-37.6532],"stabilizedTipPosition":[-59.0739,228.351,8.49976],"timeVisible":0.497012,"tipPosition":[-54.6818,244.64,-19.5821],"tipVelocity":[36.6129,64.6251,-145.228],"tool":false,"touchDistance":0.333333,"touchZone":"none","type":2,"width":18.7912},{"bases":[[[0.841366,-0.476621,-0.254825],[0.53575,0.67335,0.509482],[-0.0712435,-0.565183,0.821884]],[[0.843123,-0.459471,-0.279339],[0.300439,0.833361,-0.463946],[0.44596,0.307239,0.840668]],[[0.843123,-0.459471,-0.279339],[-0.31699,-0.00507444,-0.948415],[0.434352,0.888178,-0.149926]],[[0.843123,-0.459471,-0.279339],[-0.513699,-0.534709,-0.670969],[0.158926,0.709206,-0.686855]]],"btipPosition":[-39.7186,240.705,-22.2081],"carpPosition":[-9.58451,256.709,49.0676],"dipPosition":[-36.7814,253.812,-34.9021],"direction":[-0.434352,-0.888178,0.149926],"extended":false,"handId":333,"id":3333,"length":63.7298,"mcpPosition":[-5.17021,291.728,-1.85689],"pipPosition":[-24.8795,278.15,-39.0103],"stabilizedTipPosition":[-42.4149,236.611,-7.6198],"timeVisible":0.497012,"tipPosition":[-39.0589,244.341,-26.2],"tipVelocity":[15.7678,35.3193,-174.27],"tool":false,"touchDistance":0.333333,"touchZone":"none","type":3,"width":17.881},{"bases":[[[0.727301,-0.643493,-0.238643],[0.651678,0.538426,0.534241],[-0.215289,-0.544072,0.810948]],[[0.743416,-0.593152,-0.309036],[0.428411,0.777131,-0.461011],[0.513611,0.210328,0.831845]],[[0.743416,-0.593152,-0.309036],[-0.337137,0.0667269,-0.939088],[0.577643,0.802321,-0.150367]],[[0.743416,-0.593152,-0.309036],[-0.612214,-0.417442,-0.671518],[0.269307,0.688413,-0.673469]]],"btipPosition":[-22.464,243.858,-18.2096],"carpPosition":[-1.08112,247.268,43.0062],"dipPosition":[-17.8723,255.595,-29.6922],"direction":[-0.577643,-0.802321,0.150367],"extended":false,"handId":333,"id":3334,"length":49.963,"mcpPosition":[11.2671,278.474,-3.50687],"pipPosition":[-6.69684,271.118,-32.6013],"stabilizedTipPosition":[-23.9646,240.11,-4.15829],"timeVisible":0.497012,"tipPosition":[-21.2762,247.161,-21.7907],"tipVelocity":[12.2607,34.057,-178.651],"tool":false,"touchDistance":0.333333,"touchZone":"none","type":4,"width":15.8833}],"r":[[0.94143,-0.111396,0.318278],[-0.00528969,0.938865,0.344244],[-0.337168,-0.325765,0.883286]],"s":1.24638,"t":[23.3979,92.9193,-105.025],"timestamp":15126194021},false],[4,{"currentFrameRate":109.588,"devices":[],"gestures":[],"hands":[{"armBasis":[[0.911562,-0.193017,-0.36304],[0.331137,0.868037,0.369947],[0.243726,-0.457446,0.855185]],"armWidth":63.029,"confidence":0.647637,"direction":[0.0156249,0.704345,-0.709686],"elbow":[48.843,121.902,278.205],"grabStrength":0,"id":333,"palmNormal":[-0.348153,-0.661523,-0.664211],"palmPosition":[-23.97,280.81,10.834],"palmVelocity":[23.8618,50.3934,-206.359],"palmWidth":90.0033,"pinchStrength":0.548078,"r":[[0.939796,-0.115422,0.321654],[-0.00116235,0.94015,0.34076],[-0.341734,-0.320619,0.883415]],"s":1.2475,"sphereCenter":[-23.9026,257.265,-38.7973],"sphereRadius":53.0093,"stabilizedPalmPosition":[-25.9427,265.905,39.4514],"t":[23.6399,93.3812,-107.069],"timeVisible":0.506005,"type":"right","wrist":[-16.2495,244.073,49.8087]}],"id":1145169,"interactionBox":{"center":[0,200,0],"size":[235.247,235.247,147.751]},"pointables":[{"bases":[[[0.691616,0.625525,0.361089],[-0.604738,0.228162,0.763042],[0.394915,-0.746097,0.536079]],[[0.515655,0.842326,0.156806],[-0.695791,0.304886,0.650323],[0.499976,-0.444446,0.743298]],[[0.515655,0.842326,0.156806],[-0.830132,0.445866,0.334789],[0.212087,-0.302805,0.929155]],[[0.515655,0.842326,0.156806],[-0.856261,0.513101,0.0595435],[-0.0303023,-0.164971,0.985833]]],"btipPosition":[-77.591,277.858,-39.121],"carpPosition":[-46.4527,241.882,51.7387],"dipPosition":[-78.2925,274.039,-16.2992],"direction":[-0.212087,0.302805,-0.929155],"extended":false,"handId":333,"id":3330,"length":51.5512,"mcpPosition":[-46.4527,241.882,51.7387],"pipPosition":[-71.1397,263.827,15.0374],"stabilizedTipPosition":[-80.5674,267.994,-8.85343],"timeVisible":0.506005,"tipPosition":[-77.1288,277.376,-33.9713],"tipVelocity":[33.3568,38.0719,-235.081],"tool":false,"touchDistance":-0.50097,"touchZone":"touching","type":0,"width":20.0304},{"bases":[[[0.926625,-0.135542,-0.350707],[0.323241,0.763617,0.558932],[0.192047,-0.631283,0.751399]],[[0.945332,-0.233623,-0.227526],[0.318349,0.81242,0.488495],[0.0707226,-0.534223,0.84238]],[[0.945332,-0.233623,-0.227526],[0.300209,0.895937,0.327371],[0.127367,-0.377779,0.917093]],[[0.945332,-0.233623,-0.227526],[0.279127,0.940435,0.194089],[0.168629,-0.246987,0.954234]]],"btipPosition":[-54.952,341.926,-73.332],"carpPosition":[-32.0759,260.078,55.1999],"dipPosition":[-52.1021,337.752,-57.2051],"direction":[-0.127367,0.377779,-0.917093],"extended":true,"handId":333,"id":3331,"length":58.1698,"mcpPosition":[-46.0515,306.017,0.519239],"pipPosition":[-49.0569,328.72,-35.279],"stabilizedTipPosition":[-59.0482,337.482,-56.3584],"timeVisible":0.506005,"tipPosition":[-54.146,339.606,-69.907],"tipVelocity":[81.2676,65.2645,-229.713],"tool":false,"touchDistance":-0.515212,"touchZone":"touching","type":1,"width":19.133},{"bases":[[[0.875279,-0.347763,-0.336077],[0.479382,0.715663,0.507955],[0.0638701,-0.605712,0.793116]],[[0.876171,-0.357197,-0.323627],[0.124976,0.816819,-0.563194],[0.465516,0.453009,0.760314]],[[0.876171,-0.357197,-0.323627],[-0.404734,-0.180598,-0.896423],[0.261753,0.916403,-0.302805]],[[0.876171,-0.357197,-0.323627],[-0.481638,-0.674851,-0.559108],[-0.0186882,0.645745,-0.763324]]],"btipPosition":[-54.0966,242.521,-16.8004],"carpPosition":[-20.4788,260.098,51.4776],"dipPosition":[-54.4439,254.524,-30.9893],"direction":[-0.261753,-0.916403,0.302805],"extended":false,"handId":333,"id":3332,"length":66.2798,"mcpPosition":[-24.8866,301.899,-3.25649],"pipPosition":[-47.0813,280.301,-39.5065],"stabilizedTipPosition":[-59.027,228.513,8.22616],"timeVisible":0.506005,"tipPosition":[-54.575,245.24,-21.0702],"tipVelocity":[30.2279,65.1949,-149.621],"tool":false,"touchDistance":0.333333,"touchZone":"none","type":2,"width":18.7912},{"bases":[[[0.836493,-0.486061,-0.25303],[0.542484,0.669315,0.50767],[-0.0774024,-0.561927,0.823558]],[[0.838442,-0.468946,-0.277678],[0.308426,0.828356,-0.467653],[0.44932,0.306456,0.839164]],[[0.838442,-0.468946,-0.277678],[-0.317503,-0.00619084,-0.948237],[0.442953,0.883205,-0.154082]],[[0.838442,-0.468946,-0.277678],[-0.519179,-0.532337,-0.668633],[0.165735,0.704775,-0.6898]]],"btipPosition":[-39.7821,241.069,-23.9221],"carpPosition":[-9.51965,257.022,47.2225],"dipPosition":[-36.7191,254.094,-36.6706],"direction":[-0.442953,-0.883205,0.154082],"extended":false,"handId":333,"id":3333,"length":63.7298,"mcpPosition":[-4.72374,291.839,-3.80578],"pipPosition":[-24.5815,278.296,-40.8927],"stabilizedTipPosition":[-42.4001,236.644,-7.70547],"timeVisible":0.506005,"tipPosition":[-39.0875,244.669,-27.906],"tipVelocity":[10.3855,36.1524,-179.133],"tool":false,"touchDistance":0.333333,"touchZone":"none","type":3,"width":17.881},{"bases":[[[0.720703,-0.651695,-0.236391],[0.657001,0.533275,0.532886],[-0.221218,-0.539362,0.812497]],[[0.737135,-0.602603,-0.305779],[0.437763,0.770561,-0.46325],[0.514777,0.207619,0.831804]],[[0.737135,-0.602603,-0.305779],[-0.335038,0.0670552,-0.939815],[0.58684,0.795219,-0.152466]],[[0.737135,-0.602603,-0.305779],[-0.615952,-0.413082,-0.670796],[0.277912,0.682812,-0.675672]]],"btipPosition":[-22.5202,244.122,-20.0319],"carpPosition":[-1.11196,247.475,41.1931],"dipPosition":[-17.7818,255.764,-31.5521],"direction":[-0.58684,-0.795219,0.152466],"extended":false,"handId":333,"id":3334,"length":49.963,"mcpPosition":[11.5763,278.411,-5.40879],"pipPosition":[-6.42842,271.149,-34.5018],"stabilizedTipPosition":[-23.9552,240.135,-4.22701],"timeVisible":0.506005,"tipPosition":[-21.291,247.378,-23.5972],"tipVelocity":[8.2102,32.1128,-185.497],"tool":false,"touchDistance":0.333333,"touchZone":"none","type":4,"width":15.8833}],"r":[[0.939796,-0.115422,0.321654],[-0.00116235,0.94015,0.34076],[-0.341734,-0.320619,0.883415]],"s":1.2475,"t":[23.6399,93.3812,-107.069],"timestamp":15126203014},false],[5,{"currentFrameRate":109.438,"devices":[],"gestures":[],"hands":[{"armBasis":[[0.909917,-0.19975,-0.363527],[0.337043,0.866891,0.36729],[0.241772,-0.456728,0.856123]],"armWidth":63.029,"confidence":0.661734,"direction":[0.0215787,0.7037,-0.71017],"elbow":[48.3373,122.291,276.79],"grabStrength":0,"id":333,"palmNormal":[-0.352508,-0.659361,-0.664065],"palmPosition":[-23.6412,281.036,9.13577],"palmVelocity":[27.0241,42.9038,-199.009],"palmWidth":90.0033,"pinchStrength":0.551633,"r":[[0.938225,-0.119994,0.324553],[0.00350511,0.941195,0.337846],[-0.346007,-0.315838,0.883474]],"s":1.24838,"sphereCenter":[-23.9485,257.643,-40.3496],"sphereRadius":52.8441,"stabilizedPalmPosition":[-25.9333,265.967,39.3274],"t":[23.9253,93.7255,-108.94],"timeVisible":0.51541,"type":"right","wrist":[-16.2333,244.271,48.1436]}],"id":1145170,"interactionBox":{"center":[0,200,0],"size":[235.247,235.247,147.751]},"pointables":[{"bases":[[[0.69597,0.620562,0.361287],[-0.603708,0.233251,0.762319],[0.388796,-0.748663,0.536974]],[[0.519784,0.840201,0.154554],[-0.694979,0.310661,0.648455],[0.496819,-0.444468,0.745399]],[[0.519784,0.840201,0.154554],[-0.828333,0.451405,0.331811],[0.209021,-0.300492,0.930599]],[[0.519784,0.840201,0.154554],[-0.85373,0.517465,0.0581044],[-0.0311571,-0.162149,0.986274]]],"btipPosition":[-77.3131,278.143,-40.9752],"carpPosition":[-46.4539,242.308,50.0471],"dipPosition":[-78.0344,274.389,-18.1432],"direction":[-0.209021,0.300492,-0.930599],"extended":false,"handId":333,"id":3330,"length":51.5512,"mcpPosition":[-46.4539,242.308,50.0471],"pipPosition":[-70.985,264.254,13.2421],"stabilizedTipPosition":[-80.5555,268.029,-8.95695],"timeVisible":0.51541,"tipPosition":[-76.8794,277.747,-35.7735],"tipVelocity":[32.1324,36.2857,-224.201],"tool":false,"touchDistance":-0.506985,"touchZone":"touching","type":0,"width":20.0304},{"bases":[[[0.925902,-0.14276,-0.349751],[0.328462,0.761563,0.55869],[0.186599,-0.632172,0.752024]],[[0.943674,-0.239616,-0.228173],[0.323838,0.810338,0.488346],[0.0678818,-0.534731,0.842292]],[[0.943674,-0.239616,-0.228173],[0.306459,0.892958,0.329709],[0.124746,-0.381063,0.916095]],[[0.943674,-0.239616,-0.228173],[0.286034,0.937426,0.198537],[0.166323,-0.25262,0.953163]]],"btipPosition":[-54.201,342.506,-75.0229],"carpPosition":[-31.9438,260.398,53.5088],"dipPosition":[-51.3901,338.237,-58.9141],"direction":[-0.124746,0.381063,-0.916095],"extended":true,"handId":333,"id":3331,"length":58.1698,"mcpPosition":[-45.5229,306.402,-1.21736],"pipPosition":[-48.4076,329.126,-37.0118],"stabilizedTipPosition":[-58.8336,337.64,-56.9427],"timeVisible":0.51541,"tipPosition":[-53.3813,340.195,-71.607],"tipVelocity":[80.5916,63.5803,-215.609],"tool":false,"touchDistance":-0.51745,"touchZone":"touching","type":1,"width":19.133},{"bases":[[[0.872947,-0.354579,-0.335018],[0.484285,0.7124,0.507892],[0.0585792,-0.605607,0.793605]],[[0.873755,-0.363991,-0.322587],[0.131721,0.815568,-0.563469],[0.468189,0.449843,0.760552]],[[0.873755,-0.363991,-0.322587],[-0.405737,-0.179765,-0.896137],[0.268196,0.91389,-0.304755]],[[0.873755,-0.363991,-0.322587],[-0.486149,-0.6734,-0.556949],[-0.0145055,0.643462,-0.76534]]],"btipPosition":[-53.9825,243.008,-18.4334],"carpPosition":[-20.3435,260.328,49.7973],"dipPosition":[-54.2521,254.969,-32.6598],"direction":[-0.268196,-0.91389,0.304755],"extended":false,"handId":333,"id":3332,"length":66.2798,"mcpPosition":[-24.3861,302.122,-4.97053],"pipPosition":[-46.7083,280.675,-41.2319],"stabilizedTipPosition":[-58.9864,228.653,7.98209],"timeVisible":0.51541,"tipPosition":[-54.4391,245.705,-22.6873],"tipVelocity":[25.6118,61.0773,-156.726],"tool":false,"touchDistance":0.333333,"touchZone":"none","type":2,"width":18.7912},{"bases":[[[0.833045,-0.492522,-0.251909],[0.547036,0.665578,0.507699],[-0.0823879,-0.560739,0.823884]],[[0.835147,-0.475429,-0.276581],[0.315029,0.825658,-0.468023],[0.450874,0.303737,0.839319]],[[0.835147,-0.475429,-0.276581],[-0.316736,-0.00459152,-0.948503],[0.449676,0.879742,-0.15442]],[[0.835147,-0.475429,-0.276581],[-0.522578,-0.528983,-0.668648],[0.171588,0.702954,-0.690227]]],"btipPosition":[-39.7184,241.389,-25.6001],"carpPosition":[-9.40383,257.167,45.5545],"dipPosition":[-36.5473,254.381,-38.3564],"direction":[-0.449676,-0.879742,0.15442],"extended":false,"handId":333,"id":3333,"length":63.7298,"mcpPosition":[-4.29902,291.911,-5.49398],"pipPosition":[-24.2254,278.487,-42.5878],"stabilizedTipPosition":[-42.3888,236.669,-7.77453],"timeVisible":0.51541,"tipPosition":[-38.9937,244.973,-29.5743],"tipVelocity":[10.1087,35.3089,-178.981],"tool":false,"touchDistance":0.333333,"touchZone":"none","type":3,"width":17.881},{"bases":[[[0.715996,-0.657268,-0.23526],[0.660503,0.528698,0.533117],[-0.226019,-0.5371,0.812674]],[[0.732672,-0.609038,-0.30375],[0.444805,0.76631,-0.463591],[0.515112,0.20455,0.832357]],[[0.732672,-0.609038,-0.30375],[-0.332961,0.0684871,-0.94045],[0.593573,0.790178,-0.152607]],[[0.732672,-0.609038,-0.30375],[-0.618242,-0.408994,-0.671194],[0.284551,0.679556,-0.676191]]],"btipPosition":[-22.4507,244.331,-21.7033],"carpPosition":[-1.06265,247.552,39.5397],"dipPosition":[-17.5991,255.917,-33.2322],"direction":[-0.593573,-0.790178,0.152607],"extended":false,"handId":333,"id":3334,"length":49.963,"mcpPosition":[11.901,278.359,-7.07235],"pipPosition":[-6.11543,271.204,-36.1847],"stabilizedTipPosition":[-23.9482,240.153,-4.28128],"timeVisible":0.51541,"tipPosition":[-21.1893,247.558,-25.2549],"tipVelocity":[8.76618,28.8815,-183.338],"tool":false,"touchDistance":0.333333,"touchZone":"none","type":4,"width":15.8833}],"r":[[0.938225,-0.119994,0.324553],[0.00350511,0.941195,0.337846],[-0.346007,-0.315838,0.883474]],"s":1.24838,"t":[23.9253,93.7255,-108.94],"timestamp":15126212419},false],[6,{"currentFrameRate":109.606,"devices":[],"gestures":[],"hands":[{"armBasis":[[0.908657,-0.206453,-0.362931],[0.340938,0.868645,0.359469],[0.241045,-0.450371,0.859688]],"armWidth":63.029,"confidence":0.67299,"direction":[0.0251284,0.701716,-0.712014],"elbow":[48.2238,124.642,276.239],"grabStrength":0,"id":333,"palmNormal":[-0.356005,-0.659263,-0.662293],"palmPosition":[-23.3751,281.625,7.53761],"palmVelocity":[27.8694,49.3195,-194.184],"palmWidth":90.0033,"pinchStrength":0.554312,"r":[[0.936824,-0.124437,0.326921],[0.00823371,0.942172,0.335029],[-0.349705,-0.311171,0.883673]],"s":1.24906,"sphereCenter":[-24.0253,258.254,-41.7831],"sphereRadius":52.7087,"stabilizedPalmPosition":[-25.9255,266.015,39.2301],"t":[24.2011,94.1917,-110.675],"timeVisible":0.524233,"type":"right","wrist":[-16.1526,244.923,46.6408]}],"id":1145171,"interactionBox":{"center":[0,200,0],"size":[235.247,235.247,147.751]},"pointables":[{"bases":[[[0.699222,0.617894,0.359577],[-0.602391,0.23837,0.761777],[0.384985,-0.749257,0.538888]],[[0.522681,0.839092,0.150758],[-0.693821,0.315917,0.647154],[0.495395,-0.442854,0.747304]],[[0.522681,0.839092,0.150758],[-0.826856,0.455884,0.329361],[0.207636,-0.296806,0.932091]],[[0.522681,0.839092,0.150758],[-0.851985,0.520429,0.0572348],[-0.0304335,-0.158359,0.986912]]],"btipPosition":[-77.1416,278.665,-42.6286],"carpPosition":[-46.3827,243.122,48.553],"dipPosition":[-77.8462,274.999,-19.7817],"direction":[-0.207636,0.296806,-0.932091],"extended":false,"handId":333,"id":3330,"length":51.5512,"mcpPosition":[-46.3827,243.122,48.553],"pipPosition":[-70.8435,264.989,11.6539],"stabilizedTipPosition":[-80.5465,268.057,-9.03577],"timeVisible":0.524233,"tipPosition":[-76.7179,278.331,-37.3947],"tipVelocity":[28.8228,43.092,-214.158],"tool":false,"touchDistance":-0.509368,"touchZone":"touching","type":0,"width":20.0304},{"bases":[[[0.925104,-0.148469,-0.349485],[0.332475,0.761313,0.556654],[0.183422,-0.631158,0.753655]],[[0.942322,-0.243996,-0.22912],[0.32794,0.810012,0.486144],[0.0669726,-0.533241,0.843308]],[[0.942322,-0.243996,-0.22912],[0.310906,0.891613,0.329186],[0.123966,-0.381434,0.916046]],[[0.942322,-0.243996,-0.22912],[0.290803,0.935753,0.199501],[0.165722,-0.254622,0.952735]]],"btipPosition":[-53.7372,343.16,-76.7196],"carpPosition":[-31.7786,261.146,51.9655],"dipPosition":[-50.9365,338.856,-60.6181],"direction":[-0.123966,0.381434,-0.916046],"extended":true,"handId":333,"id":3331,"length":58.1698,"mcpPosition":[-45.1266,307.076,-2.87935],"pipPosition":[-47.9727,329.737,-38.717],"stabilizedTipPosition":[-58.6512,337.784,-57.4534],"timeVisible":0.524233,"tipPosition":[-52.8965,340.874,-73.3041],"tipVelocity":[72.9525,66.1697,-209.371],"tool":false,"touchDistance":-0.519515,"touchZone":"touching","type":1,"width":19.133},{"bases":[[[0.871055,-0.359971,-0.334192],[0.488034,0.71121,0.505967],[0.0555474,-0.603822,0.795181]],[[0.871815,-0.36934,-0.321755],[0.136071,0.813618,-0.565252],[0.470556,0.449014,0.759581]],[[0.871815,-0.36934,-0.321755],[-0.406905,-0.180373,-0.895485],[0.272703,0.911621,-0.307538]],[[0.871815,-0.36934,-0.321755],[-0.489693,-0.672971,-0.554356],[-0.011786,0.640857,-0.767569]]],"btipPosition":[-53.8993,243.715,-19.9207],"carpPosition":[-20.1793,261.006,48.2528],"dipPosition":[-54.1183,255.627,-34.1885],"direction":[-0.272703,-0.911621,0.307538],"extended":false,"handId":333,"id":3332,"length":66.2798,"mcpPosition":[-24.0127,302.677,-6.6238],"pipPosition":[-46.4478,281.269,-42.8389],"stabilizedTipPosition":[-58.954,228.768,7.78166],"timeVisible":0.524233,"tipPosition":[-54.3399,246.39,-24.1598],"tipVelocity":[21.5994,65.8664,-160.214],"tool":false,"touchDistance":0.333333,"touchZone":"none","type":2,"width":18.7912},{"bases":[[[0.83045,-0.497488,-0.250716],[0.550542,0.664064,0.505888],[-0.0851815,-0.558145,0.82536]],[[0.832637,-0.480465,-0.275442],[0.319228,0.822788,-0.470226],[0.452558,0.303599,0.838462]],[[0.832637,-0.480465,-0.275442],[-0.316896,-0.00544881,-0.948445],[0.454194,0.876997,-0.156794]],[[0.832637,-0.480465,-0.275442],[-0.525404,-0.528034,-0.667181],[0.175114,0.700238,-0.692099]]],"btipPosition":[-39.6617,241.97,-27.0914],"carpPosition":[-9.25675,257.777,44.017],"dipPosition":[-36.4253,254.911,-39.8824],"direction":[-0.454194,-0.876997,0.156794],"extended":false,"handId":333,"id":3333,"length":63.7298,"mcpPosition":[-3.97885,292.36,-7.12287],"pipPosition":[-23.9797,278.942,-44.1788],"stabilizedTipPosition":[-42.3806,236.689,-7.82698],"timeVisible":0.524233,"tipPosition":[-38.9192,245.537,-31.0711],"tipVelocity":[9.57546,43.2026,-176.539],"tool":false,"touchDistance":0.333333,"touchZone":"none","type":3,"width":17.881},{"bases":[[[0.712552,-0.661581,-0.233623],[0.663303,0.526665,0.531652],[-0.22869,-0.533792,0.814105]],[[0.729256,-0.614362,-0.30124],[0.449657,0.762137,-0.465784],[0.515746,0.204222,0.832045]],[[0.729256,-0.614362,-0.30124],[-0.331923,0.0673535,-0.940899],[0.598342,0.786145,-0.154803]],[[0.729256,-0.614362,-0.30124],[-0.620231,-0.407603,-0.670203],[0.288961,0.675588,-0.678293]]],"btipPosition":[-22.3907,244.849,-23.2093],"carpPosition":[-0.966266,248.104,38.0265],"dipPosition":[-17.464,256.368,-34.7742],"direction":[-0.598342,-0.786144,0.154803],"extended":false,"handId":333,"id":3334,"length":49.963,"mcpPosition":[12.1506,278.72,-8.66766],"pipPosition":[-5.88804,271.577,-37.7691],"stabilizedTipPosition":[-23.9432,240.167,-4.32145],"timeVisible":0.524233,"tipPosition":[-21.1086,248.042,-26.7523],"tipVelocity":[8.76289,36.4872,-180.178],"tool":false,"touchDistance":0.333333,"touchZone":"no