{"sensorType":"Leap","data":[[0,{"currentFrameRate":55.2125,"devices":[],"gestures":[],"hands":[{"armBasis":[[0.789269,-0.600302,-0.1292],[0.578606,0.797514,-0.170841],[0.205595,0.0600836,0.976791]],"armWidth":62.1429,"confidence":0.691856,"direction":[0.317523,0.482004,-0.81661],"elbow":[39.8975,300.268,341.922],"grabStrength":0.166877,"id":996,"palmNormal":[-0.500888,-0.645973,-0.576047],"palmPosition":[-5.61338,311.51,39.553],"palmVelocity":[-3.82793,111.965,-144.945],"palmWidth":88.738,"pinchStrength":0.646857,"r":[[0.992676,0.0437529,0.112603],[-0.0599587,0.987639,0.144823],[-0.104875,-0.150514,0.983029]],"s":0.954158,"sphereCenter":[-14.1586,275.083,-3.75509],"sphereRadius":50.6107,"stabilizedPalmPosition":[-4.85105,284.392,73.8457],"t":[-13.6364,-18.3287,-7.56112],"timeVisible":26.058,"type":"right","wrist":[-14.2393,284.447,84.7155]}],"id":4980593,"interactionBox":{"center":[0,200,0],"size":[235.247,235.247,147.751]},"pointables":[{"bases":[[[0.833963,0.433637,0.34127],[-0.547906,0.577167,0.605539],[0.0656141,-0.691981,0.718928]],[[0.801934,0.568434,0.183807],[-0.573608,0.646643,0.502819],[0.166962,-0.508661,0.844623]],[[0.801934,0.568434,0.183807],[-0.588399,0.804767,0.0783409],[-0.103391,-0.170976,0.979835]],[[0.801934,0.568434,0.183807],[-0.539476,0.82121,-0.185955],[-0.256648,0.0499642,0.965213]]],"btipPosition":[-41.7926,321.8,-13.3465],"carpPosition":[-42.9603,292.492,82.3831],"dipPosition":[-47.6504,322.94,8.68386],"direction":[0.10339,0.170976,-0.979835],"extended":false,"handId":996,"id":9960,"length":50.8265,"mcpPosition":[-42.9603,292.492,82.3831],"pipPosition":[-51.0883,317.255,41.2651],"stabilizedTipPosition":[-40.814,292.238,27.8563],"timeVisible":26.058,"tipPosition":[-42.2194,322.762,-7.47521],"tipVelocity":[-16.5904,124.115,-156.112],"tool":false,"touchDistance":-0.431606,"touchZone":"hovering","type":0,"width":19.7488},{"bases":[[[0.847047,-0.502605,-0.172914],[0.521725,0.724055,0.451161],[-0.101557,-0.472368,0.875531]],[[0.833171,-0.546126,-0.0870208],[0.545764,0.837401,-0.0300147],[0.0892632,-0.0224855,0.995754]],[[0.833171,-0.546126,-0.0870208],[0.512831,0.821891,-0.247991],[0.206956,0.161992,0.964846]],[[0.833171,-0.546126,-0.0870208],[0.476556,0.788867,-0.388052],[0.280573,0.281843,0.91752]]],"btipPosition":[-29.7688,331.504,-58.0109],"carpPosition":[-23.7619,305.185,84.5605],"dipPosition":[-25.0937,336.2,-42.7225],"direction":[-0.206956,-0.161992,-0.964846],"extended":true,"handId":996,"id":9961,"length":57.352,"mcpPosition":[-16.4753,339.077,21.7422],"pipPosition":[-20.2153,340.019,-19.979],"stabilizedTipPosition":[-30.5835,310.881,-34.0851],"timeVisible":26.058,"tipPosition":[-28.9631,332.914,-54.3112],"tipVelocity":[18.8849,185.005,-142.863],"tool":false,"touchDistance":-0.379758,"touchZone":"hovering","type":1,"width":18.8641},{"bases":[[[0.724103,-0.677823,-0.127398],[0.655061,0.618114,0.434546],[-0.215799,-0.39811,0.891594]],[[0.726362,-0.673542,-0.136892],[0.528227,0.674483,-0.515799],[0.439744,0.302347,0.845702]],[[0.726362,-0.673542,-0.136892],[-0.234196,-0.0552924,-0.970616],[0.646181,0.737078,-0.197903]],[[0.726362,-0.673542,-0.136892],[-0.581394,-0.495888,-0.64504],[0.366578,0.548121,-0.751787]]],"btipPosition":[-43.4016,283.076,1.59926],"carpPosition":[-12.775,300.687,82.7524],"dipPosition":[-36.6833,293.122,-12.1787],"direction":[-0.646181,-0.737078,0.197903],"extended":false,"handId":996,"id":9962,"length":65.348,"mcpPosition":[1.90823,327.775,22.0872],"pipPosition":[-18.763,313.563,-17.6671],"stabilizedTipPosition":[-41.2503,256.039,34.9514],"timeVisible":26.058,"tipPosition":[-41.865,285.28,-1.13411],"tipVelocity":[-0.0547726,130.423,-159.499],"tool":false,"touchDistance":0.333333,"touchZone":"none","type":2,"width":18.527},{"bases":[[[0.632999,-0.773675,-0.027197],[0.697908,0.555101,0.452534],[-0.335017,-0.305435,0.891332]],[[0.645865,-0.760868,-0.0627491],[0.602638,0.558555,-0.569951],[0.468707,0.330297,0.819279]],[[0.645865,-0.760868,-0.0627491],[-0.238913,-0.123369,-0.963172],[0.725106,0.637071,-0.261461]],[[0.645865,-0.760868,-0.0627491],[-0.623825,-0.478577,-0.617905],[0.440114,0.438228,-0.783745]]],"btipPosition":[-30.9608,272.538,12.0963],"carpPosition":[-3.39421,293.468,80.9017],"dipPosition":[-22.9412,280.523,-2.18482],"direction":[-0.725106,-0.637071,0.261461],"extended":false,"handId":996,"id":9963,"length":62.8339,"mcpPosition":[17.0719,312.126,26.4505],"pipPosition":[-3.35145,297.734,-9.24855],"stabilizedTipPosition":[-28.0375,244.663,47.3287],"timeVisible":26.058,"tipPosition":[-29.1447,274.395,8.95764],"tipVelocity":[1.40857,127.248,-169.215],"tool":false,"touchDistance":0.333333,"touchZone":"none","type":3,"width":17.6296},{"bases":[[[0.465896,-0.884838,0.00175241],[0.755508,0.398829,0.519752],[-0.460595,-0.240826,0.854315]],[[0.485314,-0.873636,-0.0350699],[0.723191,0.423637,-0.54546],[0.49139,0.239357,0.837403]],[[0.485314,-0.873636,-0.0350699],[-0.22162,-0.0841142,-0.971498],[0.845786,0.479254,-0.234437]],[[0.485314,-0.873636,-0.0350699],[-0.674354,-0.348478,-0.651007],[0.556522,0.339592,-0.758262]]],"btipPosition":[-14.8251,271.313,18.1747],"carpPosition":[1.56169,280.799,78.145],"dipPosition":[-5.46988,277.022,5.42823],"direction":[-0.845786,-0.479254,0.234437],"extended":false,"handId":996,"id":9964,"length":49.2606,"mcpPosition":[27.6084,294.418,29.8335],"pipPosition":[10.6633,286.164,0.956398],"stabilizedTipPosition":[-11.3714,242.959,54.5817],"timeVisible":26.058,"tipPosition":[-12.6709,272.449,15.5144],"tipVelocity":[0.760627,124.833,-166.258],"tool":false,"touchDistance":0.333333,"touchZone":"none","type":4,"width":15.66}],"r":[[0.992676,0.0437529,0.112603],[-0.0599587,0.987639,0.144823],[-0.104875,-0.150514,0.983029]],"s":0.954158,"t":[-13.6364,-18.3287,-7.56112],"timestamp":669687571887},false],[1,{"currentFrameRate":55.1924,"devices":[],"gestures":[],"hands":[{"armBasis":[[0.784826,-0.604888,-0.134753],[0.586806,0.795284,-0.152258],[0.199266,0.0404223,0.979111]],"armWidth":62.1429,"confidence":0.701811,"direction":[0.316001,0.473971,-0.821885],"elbow":[38.1413,298.238,338.61],"grabStrength":0.160683,"id":996,"palmNormal":[-0.508902,-0.646434,-0.568456],"palmPosition":[-5.78393,314.276,35.3891],"palmVelocity":[-6.47651,131.097,-185.032],"palmWidth":88.738,"pinchStrength":0.636835,"r":[[0.992696,0.0416144,0.113238],[-0.0586137,0.986763,0.151203],[-0.105447,-0.156736,0.981995]],"s":0.957278,"sphereCenter":[-14.5413,277.316,-7.67711],"sphereRadius":50.8738,"stabilizedPalmPosition":[-4.86776,284.928,73.1568],"t":[-13.7587,-15.9228,-10.9507],"timeVisible":26.0761,"type":"right","wrist":[-14.329,287.594,80.7929]}],"id":4980594,"interactionBox":{"center":[0,200,0],"size":[235.247,235.247,147.751]},"pointables":[{"bases":[[[0.839048,0.430085,0.333205],[-0.540155,0.585299,0.604696],[0.065046,-0.687351,0.723407]],[[0.806581,0.565076,0.173543],[-0.566682,0.65561,0.499046],[0.168223,-0.500865,0.84902]],[[0.806581,0.565076,0.173543],[-0.583605,0.807906,0.0818068],[-0.0939792,-0.167264,0.981423]],[[0.806581,0.565076,0.173543],[-0.538633,0.823515,-0.178037],[-0.243519,0.050125,0.9686]]],"btipPosition":[-42.5121,324.627,-17.4987],"carpPosition":[-43.0058,295.826,78.5751],"dipPosition":[-48.0703,325.771,4.60897],"direction":[0.0939792,0.167264,-0.981423],"extended":false,"handId":996,"id":9960,"length":50.8265,"mcpPosition":[-43.0058,295.826,78.5751],"pipPosition":[-51.1953,320.209,37.243],"stabilizedTipPosition":[-40.9093,293.283,26.5673],"timeVisible":26.0761,"tipPosition":[-42.8361,325.482,-11.632],"tipVelocity":[-25.7459,139.086,-190.097],"tool":false,"touchDistance":-0.478795,"touchZone":"hovering","type":0,"width":19.7488},{"bases":[[[0.842416,-0.509823,-0.174403],[0.529539,0.723484,0.442898],[-0.0996221,-0.465458,0.879446]],[[0.828531,-0.553135,-0.0870506],[0.552305,0.832883,-0.0355545],[0.0921694,-0.0186205,0.995569]],[[0.828531,-0.553135,-0.0870506],[0.52012,0.817829,-0.246234],[0.207393,0.158736,0.965293]],[[0.828531,-0.553135,-0.0870506],[0.485035,0.786645,-0.382009],[0.27978,0.274283,0.92005]]],"btipPosition":[-29.9701,334.261,-62.3493],"carpPosition":[-23.7054,308.396,80.5479],"dipPosition":[-25.3082,338.831,-47.0188],"direction":[-0.207393,-0.158736,-0.965293],"extended":true,"handId":996,"id":9961,"length":57.352,"mcpPosition":[-16.5577,341.792,17.4487],"pipPosition":[-20.4195,342.573,-24.2647],"stabilizedTipPosition":[-30.3767,313.879,-37.1207],"timeVisible":26.0761,"tipPosition":[-29.2674,335.439,-58.5965],"tipVelocity":[4.5108,168.287,-188.271],"tool":false,"touchDistance":-0.435047,"touchZone":"hovering","type":1,"width":18.8641},{"bases":[[[0.718512,-0.683837,-0.126914],[0.66202,0.616483,0.426238],[-0.213237,-0.390277,0.895664]],[[0.720681,-0.67976,-0.136179],[0.526996,0.66479,-0.529461],[0.450437,0.309807,0.837333]],[[0.720681,-0.67976,-0.136179],[-0.244386,-0.0652787,-0.967478],[0.648764,0.730523,-0.213169]],[[0.720681,-0.67976,-0.136179],[-0.590152,-0.498461,-0.635025],[0.363785,0.538017,-0.760394]]],"btipPosition":[-44.0857,285.681,-1.74947],"carpPosition":[-12.7617,303.809,78.7061],"dipPosition":[-37.4186,295.541,-15.6851],"direction":[-0.648764,-0.730523,0.213169],"extended":false,"handId":996,"id":9962,"length":65.348,"mcpPosition":[1.74722,330.364,17.764],"pipPosition":[-19.4267,315.8,-21.5969],"stabilizedTipPosition":[-41.2901,257.013,33.7327],"timeVisible":26.0761,"tipPosition":[-42.5204,287.922,-4.69544],"tipVelocity":[-18.2898,135.402,-172.201],"tool":false,"touchDistance":0.333333,"touchZone":"none","type":2,"width":18.527},{"bases":[[[0.627337,-0.77833,-0.0254944],[0.704528,0.553295,0.444416],[-0.331797,-0.29676,0.895458]],[[0.640167,-0.765773,-0.0614672],[0.603732,0.550952,-0.57616],[0.475073,0.331729,0.815022]],[[0.640167,-0.765773,-0.0614672],[-0.244046,-0.126844,-0.961432],[0.728442,0.630478,-0.268085]],[[0.640167,-0.765773,-0.0614672],[-0.630004,-0.477508,-0.612439],[0.439638,0.430788,-0.788124]]],"btipPosition":[-31.5657,275.301,8.23741],"carpPosition":[-3.44353,296.509,76.8507],"dipPosition":[-23.5548,283.15,-6.12346],"direction":[-0.728442,-0.630478,0.268085],"extended":false,"handId":996,"id":9963,"length":62.8339,"mcpPosition":[16.8258,314.638,22.1475],"pipPosition":[-3.87493,300.184,-13.3662],"stabilizedTipPosition":[-28.0756,245.396,46.3713],"timeVisible":26.0761,"tipPosition":[-29.7527,277.122,5.11833],"tipVelocity":[-15.191,138.206,-190.196],"tool":false,"touchDistance":0.333333,"touchZone":"none","type":3,"width":17.6296},{"bases":[[[0.459629,-0.888096,0.00523887],[0.761425,0.397094,0.512394],[-0.457136,-0.231522,0.858734]],[[0.479451,-0.876953,-0.0328517],[0.7212,0.415073,-0.554603],[0.499997,0.242212,0.831466]],[[0.479451,-0.876953,-0.0328517],[-0.230687,-0.0898268,-0.968873],[0.846706,0.472106,-0.245369]],[[0.479451,-0.876953,-0.0328517],[-0.681943,-0.34875,-0.642905],[0.552341,0.330645,-0.765241]]],"btipPosition":[-15.4205,273.963,14.4646],"carpPosition":[1.40598,283.787,74.1542],"dipPosition":[-6.13556,279.521,1.60076],"direction":[-0.846706,-0.472106,0.245369],"extended":false,"handId":996,"id":9964,"length":49.2606,"mcpPosition":[27.257,296.879,25.5928],"pipPosition":[10.0151,288.527,-3.07958],"stabilizedTipPosition":[-11.4093,243.599,53.7277],"timeVisible":26.0761,"tipPosition":[-13.2733,275.086,11.724],"tipVelocity":[-15.6511,133.882,-184.974],"tool":false,"touchDistance":0.333333,"touchZone":"none","type":4,"width":15.66}],"r":[[0.992696,0.0416144,0.113238],[-0.0586137,0.986763,0.151203],[-0.105447,-0.156736,0.981995]],"s":0.957278,"t":[-13.7587,-15.9228,-10.9507],"timestamp":669687590075},false],[2,{"currentFrameRate":55.3016,"devices":[],"gestures":[],"hands":[{"armBasis":[[0.784613,-0.604962,-0.13566],[0.585467,0.794967,-0.158923],[0.203988,0.0452684,0.977926]],"armWidth":62.1429,"confidence":0.70706,"direction":[0.317747,0.473193,-0.82166],"elbow":[38.9996,302.217,333.104],"grabStrength":0.153598,"id":996,"palmNormal":[-0.506607,-0.647784,-0.568969],"palmPosition":[-6.07301,316.927,30.1823],"palmVelocity":[-11.0887,139.818,-236.093],"palmWidth":88.738,"pinchStrength":0.63641,"r":[[0.992637,0.0401538,0.114274],[-0.0578467,0.986062,0.155999],[-0.106417,-0.161461,0.981125]],"s":0.960959,"sphereCenter":[-14.5288,279.798,-12.8796],"sphereRadius":50.9972,"stabilizedPalmPosition":[-4.88696,285.437,72.4722],"t":[-13.9644,-13.3945,-15.2489],"timeVisible":26.0938,"type":"right","wrist":[-14.7139,290.297,75.599]}],"id":4980595,"interactionBox":{"center":[0,200,0],"size":[235.247,235.247,147.751]},"pointables":[{"bases":[[[0.837643,0.431481,0.334931],[-0.542478,0.585527,0.602391],[0.0638093,-0.686281,0.724532]],[[0.805276,0.56668,0.174369],[-0.569241,0.6567,0.494682],[0.165819,-0.497613,0.851402]],[[0.805276,0.56668,0.174369],[-0.585198,0.806915,0.080192],[-0.0952574,-0.166617,0.98141]],[[0.805276,0.56668,0.174369],[-0.539962,0.822415,-0.179093],[-0.244892,0.0500672,0.968257]]],"btipPosition":[-42.7091,327.117,-22.8909],"carpPosition":[-43.3937,298.495,73.2906],"dipPosition":[-48.2986,328.26,-0.7911],"direction":[0.0952574,0.166617,-0.98141],"extended":false,"handId":996,"id":9960,"length":50.8265,"mcpPosition":[-43.3937,298.495,73.2906],"pipPosition":[-51.4661,322.72,31.8425],"stabilizedTipPosition":[-40.9889,294.162,25.4225],"timeVisible":26.0938,"tipPosition":[-43.0688,327.969,-17.0307],"tipVelocity":[-19.0921,139.81,-243.736],"tool":false,"touchDistance":-0.540159,"touchZone":"hovering","type":0,"width":19.7488},{"bases":[[[0.843463,-0.509121,-0.171368],[0.527505,0.724685,0.443363],[-0.101537,-0.464358,0.879808]],[[0.829164,-0.55282,-0.0829298],[0.552317,0.833058,-0.030989],[0.0862167,-0.0201085,0.996073]],[[0.829164,-0.55282,-0.0829298],[0.522902,0.819481,-0.234573],[0.197636,0.151135,0.968555]],[[0.829164,-0.55282,-0.0829298],[0.490498,0.790658,-0.366431],[0.268139,0.263155,0.926742]]],"btipPosition":[-29.5667,337.302,-67.8334],"carpPosition":[-24.1128,311.089,75.2993],"dipPosition":[-25.0988,341.686,-52.3913],"direction":[-0.197636,-0.151135,-0.968555],"extended":true,"handId":996,"id":9961,"length":57.352,"mcpPosition":[-16.8277,344.407,12.1742],"pipPosition":[-20.4401,345.249,-29.5604],"stabilizedTipPosition":[-30.1997,316.232,-39.7371],"timeVisible":26.0938,"tipPosition":[-29.0086,338.241,-64.0165],"tipVelocity":[11.8856,168.784,-244.468],"tool":false,"touchDistance":-0.501752,"touchZone":"hovering","type":1,"width":18.8641},{"bases":[[[0.719622,-0.683208,-0.123982],[0.660151,0.617808,0.427217],[-0.21528,-0.389281,0.895608]],[[0.721791,-0.679182,-0.133156],[0.52711,0.664123,-0.530185],[0.448524,0.312495,0.837361]],[[0.721791,-0.679182,-0.133156],[-0.242317,-0.0677732,-0.967827],[0.648306,0.730834,-0.213495]],[[0.721791,-0.679182,-0.133156],[-0.587992,-0.500267,-0.635609],[0.36508,0.537071,-0.760441]]],"btipPosition":[-44.265,288.198,-6.94901],"carpPosition":[-13.159,306.511,73.4942],"dipPosition":[-37.5742,298.041,-20.8855],"direction":[-0.648306,-0.730834,0.213495],"extended":false,"handId":996,"id":9962,"length":65.348,"mcpPosition":[1.48897,332.998,12.5559],"pipPosition":[-19.595,318.309,-26.8063],"stabilizedTipPosition":[-41.3267,257.867,32.6127],"timeVisible":26.0938,"tipPosition":[-42.6863,290.453,-9.93514],"tipVelocity":[-14.3248,138.471,-229.081],"tool":false,"touchDistance":0.333333,"touchZone":"none","type":2,"width":18.527},{"bases":[[[0.628272,-0.777663,-0.0226852],[0.702678,0.554693,0.445599],[-0.333943,-0.295898,0.894945]],[[0.641413,-0.764901,-0.0592933],[0.600776,0.548841,-0.581242],[0.477135,0.337194,0.811568]],[[0.641413,-0.764901,-0.0592933],[-0.247987,-0.133572,-0.959511],[0.726011,0.630146,-0.27536]],[[0.641413,-0.764901,-0.0592933],[-0.630995,-0.482003,-0.60788],[0.436389,0.427316,-0.791812]]],"btipPosition":[-31.7836,277.793,3.50691],"carpPosition":[-3.82757,299.22,71.6746],"dipPosition":[-23.8319,285.579,-10.9212],"direction":[-0.726011,-0.630146,0.27536],"extended":false,"handId":996,"id":9963,"length":62.8339,"mcpPosition":[16.5729,317.296,17.0027],"pipPosition":[-4.21771,302.603,-18.3604],"stabilizedTipPosition":[-28.1131,246.079,45.4493],"timeVisible":26.0938,"tipPosition":[-29.9506,279.64,0.180178],"tipVelocity":[-14.2009,139.012,-226.651],"tool":false,"touchDistance":0.333333,"touchZone":"none","type":3,"width":17.6296},{"bases":[[[0.460602,-0.887573,0.00773546],[0.759561,0.39865,0.51395],[-0.459252,-0.230851,0.857785]],[[0.480629,-0.876392,-0.0305358],[0.722128,0.415304,-0.553222],[0.497521,0.243844,0.832474]],[[0.480629,-0.876392,-0.0305358],[-0.22803,-0.0912808,-0.969366],[0.846757,0.472869,-0.243716]],[[0.480629,-0.876392,-0.0305358],[-0.679802,-0.350367,-0.644292],[0.553953,0.330424,-0.76417]]],"btipPosition":[-15.606,276.57,9.28891],"carpPosition":[1.04355,286.499,69.0092],"dipPosition":[-6.2939,282.125,-3.55693],"direction":[-0.846757,-0.472869,0.243716],"extended":false,"handId":996,"id":9964,"length":49.2606,"mcpPosition":[27.0143,299.554,20.5013],"pipPosition":[9.85776,291.145,-8.20575],"stabilizedTipPosition":[-11.4453,244.199,52.8974],"timeVisible":26.0938,"tipPosition":[-13.4531,277.696,6.54962],"tipVelocity":[-13.062,140.122,-235.129],"tool":false,"touchDistance":0.333333,"touchZone":"none","type":4,"width":15.66}],"r":[[0.992637,0.0401538,0.114274],[-0.0578467,0.986062,0.155999],[-0.106417,-0.161461,0.981125]],"s":0.960959,"t":[-13.9644,-13.3945,-15.2489],"timestamp":669687607780},false],[3,{"currentFrameRate":55.356,"devices":[],"gestures":[],"hands":[{"armBasis":[[0.78498,-0.603823,-0.138577],[0.588818,0.796718,-0.136138],[0.19261,0.0252692,0.98095]],"armWidth":62.1429,"confidence":0.724451,"direction":[0.307483,0.474339,-0.824898],"elbow":[37.0136,298.68,330.591],"grabStrength":0.144178,"id":996,"palmNormal":[-0.51593,-0.645305,-0.563381],"palmPosition":[-5.62844,318.74,26.8186],"palmVelocity":[5.86332,121.718,-213.493],"palmWidth":88.738,"pinchStrength":0.636974,"r":[[0.992921,0.03847,0.112373],[-0.0563375,0.985437,0.160438],[-0.104564,-0.165633,0.980628]],"s":0.965078,"sphereCenter":[-14.5801,281.591,-16.2489],"sphereRadius":51.163,"stabilizedPalmPosition":[-4.89733,285.903,71.8338],"t":[-13.845,-11.2237,-19.0799],"timeVisible":26.1117,"type":"right","wrist":[-13.704,292.027,72.29]}],"id":4980596,"interactionBox":{"center":[0,200,0],"size":[235.247,235.247,147.751]},"pointables":[{"bases":[[[0.843196,0.428773,0.324306],[-0.532737,0.585398,0.611147],[0.0721954,-0.688086,0.722029]],[[0.80863,0.56512,0.163573],[-0.561444,0.658195,0.501559],[0.175778,-0.497413,0.849519]],[[0.80863,0.56512,0.163573],[-0.582785,0.807482,0.0912948],[-0.0804896,-0.169152,0.982298]],[[0.80863,0.56512,0.163573],[-0.541708,0.823669,-0.167693],[-0.229497,0.0469928,0.972174]]],"btipPosition":[-43.0364,329.063,-25.8124],"carpPosition":[-42.3936,300.296,70.3964],"dipPosition":[-48.2745,330.135,-3.62314],"direction":[0.0804896,0.169152,-0.982298],"extended":false,"handId":996,"id":9960,"length":50.8265,"mcpPosition":[-42.3936,300.296,70.3964],"pipPosition":[-50.9509,324.511,29.04],"stabilizedTipPosition":[-41.0621,294.954,24.3838],"timeVisible":26.1117,"tipPosition":[-43.326,329.897,-19.9458],"tipVelocity":[-16.589,124.778,-205.328],"tool":false,"touchDistance":-0.55799,"touchZone":"hovering","type":0,"width":19.7488},{"bases":[[[0.83982,-0.510676,-0.18415],[0.535272,0.722444,0.437673],[-0.090471,-0.466137,0.880075]],[[0.826431,-0.555044,-0.0945401],[0.554811,0.831393,-0.0311616],[0.095896,-0.026699,0.995033]],[[0.826431,-0.555044,-0.0945401],[0.524982,0.820316,-0.226881],[0.203482,0.13787,0.969323]],[[0.826431,-0.555044,-0.0945401],[0.493126,0.794574,-0.35423],[0.271732,0.246127,0.930367]]],"btipPosition":[-29.9085,340.053,-71.0196],"carpPosition":[-23.0574,312.841,72.1672],"dipPosition":[-25.3807,344.155,-55.5171],"direction":[-0.203482,-0.13787,-0.969323],"extended":true,"handId":996,"id":9961,"length":57.352,"mcpPosition":[-16.5662,346.286,9.02292],"pipPosition":[-20.5842,347.404,-32.6681],"stabilizedTipPosition":[-30.0883,318.303,-42.0545],"timeVisible":26.1117,"tipPosition":[-29.4376,340.722,-67.1441],"tipVelocity":[-2.36746,160.06,-212.873],"tool":false,"touchDistance":-0.527494,"touchZone":"hovering","type":1,"width":18.8641},{"bases":[[[0.716238,-0.684585,-0.135452],[0.667432,0.615299,0.419455],[-0.203809,-0.390834,0.897614]],[[0.718275,-0.680571,-0.144582],[0.520863,0.663754,-0.53678],[0.461284,0.310248,0.831242]],[[0.718275,-0.680571,-0.144582],[-0.256283,-0.0656072,-0.964373],[0.646838,0.729739,-0.221542]],[[0.718275,-0.680571,-0.144582],[-0.597986,-0.497635,-0.628309],[0.35566,0.537757,-0.764411]]],"btipPosition":[-44.4133,290.158,-9.7955],"carpPosition":[-12.1402,308.242,70.2006],"dipPosition":[-37.8951,300.013,-23.8048],"direction":[-0.646838,-0.729739,0.221542],"extended":false,"handId":996,"id":9962,"length":65.348,"mcpPosition":[1.72716,334.835,9.12584],"pipPosition":[-19.9566,320.251,-29.9487],"stabilizedTipPosition":[-41.3632,258.661,31.564],"timeVisible":26.1117,"tipPosition":[-42.8659,292.426,-12.8261],"tipVelocity":[-12.5284,124.939,-196.589],"tool":false,"touchDistance":0.333333,"touchZone":"none","type":2,"width":18.527},{"bases":[[[0.626074,-0.77906,-0.0331168],[0.710061,0.552043,0.437106],[-0.32225,-0.297175,0.8988]],[[0.638905,-0.766059,-0.0703808],[0.591543,0.547716,-0.591679],[0.49181,0.336394,0.803095]],[[0.638905,-0.766059,-0.0703808],[-0.265452,-0.133669,-0.954813],[0.722036,0.628718,-0.288753]],[[0.638905,-0.766059,-0.0703808],[-0.642255,-0.480808,-0.596936],[0.423449,0.426588,-0.799196]]],"btipPosition":[-31.8186,279.67,0.698208],"carpPosition":[-2.85198,300.933,68.2359],"dipPosition":[-24.1027,287.444,-13.8644],"direction":[-0.722036,-0.628718,0.288753],"extended":false,"handId":996,"id":9963,"length":62.8339,"mcpPosition":[16.8342,319.087,13.3284],"pipPosition":[-4.59587,304.429,-21.6655],"stabilizedTipPosition":[-28.1488,246.733,44.5595],"timeVisible":26.1117,"tipPosition":[-30.0248,281.535,-2.76128],"tipVelocity":[-9.85805,122.914,-194.683],"tool":false,"touchDistance":0.333333,"touchZone":"none","type":3,"width":17.6296},{"bases":[[[0.458582,-0.888652,-0.000632071],[0.767516,0.395713,0.504312],[-0.447908,-0.231754,0.863521]],[[0.478707,-0.877047,-0.0403655],[0.712839,0.415097,-0.565292],[0.512543,0.241835,0.823902]],[[0.478707,-0.877047,-0.0403655],[-0.245488,-0.0895664,-0.965253],[0.842956,0.471982,-0.258181]],[[0.478707,-0.877047,-0.0403655],[-0.691153,-0.348093,-0.633355],[0.541431,0.33109,-0.772808]]],"btipPosition":[-15.574,278.404,6.14671],"carpPosition":[1.95205,288.207,65.4746],"dipPosition":[-6.47249,283.97,-6.84434],"direction":[-0.842956,-0.471982,0.258181],"extended":false,"handId":996,"id":9964,"length":49.2606,"mcpPosition":[27.2813,301.312,16.6424],"pipPosition":[9.60667,292.973,-11.7691],"stabilizedTipPosition":[-11.4772,244.755,52.1183],"timeVisible":26.1117,"tipPosition":[-13.45,279.559,3.29561],"tipVelocity":[-7.33899,122.494,-208.023],"tool":false,"touchDistance":0.333333,"touchZone":"none","type":4,"width":15.66}],"r":[[0.992921,0.03847,0.112373],[-0.0563375,0.985437,0.160438],[-0.104564,-0.165633,0.980628]],"s":0.965078,"t":[-13.845,-11.2237,-19.0799],"timestamp":669687625657},false],[4,{"currentFrameRate":55.3652,"devices":[],"gestures":[],"hands":[{"armBasis":[[0.782963,-0.606006,-0.140449],[0.593594,0.795359,-0.122683],[0.186054,0.012687,0.982458]],"armWidth":62.1429,"confidence":0.742328,"direction":[0.308412,0.472202,-0.825777],"elbow":[35.3329,296.341,329.503],"grabStrength":0.133999,"id":996,"palmNormal":[-0.51917,-0.643848,-0.56207],"palmPosition":[-5.52914,319.631,25.2943],"palmVelocity":[5.69453,87.4244,-152.328],"palmWidth":88.738,"pinchStrength":0.629179,"r":[[0.993199,0.0363585,0.110605],[-0.0542977,0.985001,0.163782],[-0.102992,-0.168674,0.980276]],"s":0.970125,"sphereCenter":[-14.4745,282.297,-17.802],"sphereRadius":51.3993,"stabilizedPalmPosition":[-4.90488,286.306,71.2776],"t":[-13.7356,-9.69283,-21.7575],"timeVisible":26.1298,"type":"right","wrist":[-13.6583,293,70.8044]}],"id":4980597,"interactionBox":{"center":[0,200,0],"size":[235.247,235.247,147.751]},"pointables":[{"bases":[[[0.845286,0.425746,0.32285],[-0.529672,0.588194,0.611127],[0.0702862,-0.687581,0.722698]],[[0.810744,0.562836,0.160966],[-0.558673,0.661764,0.499952],[0.17487,-0.495261,0.850963]],[[0.810744,0.562836,0.160966],[-0.580533,0.808399,0.0973315],[-0.0753433,-0.172357,0.982149]],[[0.810744,0.562836,0.160966],[-0.541831,0.825571,-0.157645],[-0.221618,0.0405935,0.974288]]],"btipPosition":[-43.2662,330.297,-27.3872],"carpPosition":[-42.3168,301.382,68.9352],"dipPosition":[-48.3245,331.223,-5.14965],"direction":[0.0753433,0.172357,-0.982149],"extended":false,"handId":996,"id":9960,"length":50.8265,"mcpPosition":[-42.3168,301.382,68.9352],"pipPosition":[-50.8298,325.492,27.5085],"stabilizedTipPosition":[-41.1309,295.68,23.4313],"timeVisible":26.1298,"tipPosition":[-43.4855,330.968,-21.5396],"tipVelocity":[-13.6796,97.17,-149.071],"tool":false,"touchDistance":-0.553979,"touchZone":"hovering","type":0,"width":19.7488},{"bases":[[[0.837552,-0.514237,-0.184571],[0.538674,0.720772,0.436255],[-0.0913047,-0.46481,0.88069]],[[0.823975,-0.558722,-0.094309],[0.558931,0.828785,-0.0266726],[0.0930644,-0.0307346,0.995186]],[[0.823975,-0.558722,-0.094309],[0.531161,0.819588,-0.214811],[0.197314,0.126906,0.972092]],[[0.823975,-0.558722,-0.094309],[0.501414,0.796496,-0.337902],[0.26391,0.231136,0.936444]]],"btipPosition":[-29.3253,341.646,-72.7342],"carpPosition":[-22.9284,313.851,70.6696],"dipPosition":[-24.9278,345.497,-57.1305],"direction":[-0.197314,-0.126906,-0.972092],"extended":true,"handId":996,"id":9961,"length":57.352,"mcpPosition":[-16.3774,347.201,7.4812],"pipPosition":[-20.2767,348.489,-34.2162],"stabilizedTipPosition":[-29.9565,320.103,-44.0668],"timeVisible":26.1298,"tipPosition":[-28.9717,342.066,-68.8048],"tipVelocity":[13.3093,124.522,-156.396],"tool":false,"touchDistance":-0.528448,"touchZone":"hovering","type":1,"width":18.8641},{"bases":[[[0.713332,-0.687595,-0.135538],[0.670382,0.613078,0.418],[-0.20432,-0.389035,0.898279]],[[0.715348,-0.683654,-0.144553],[0.521853,0.660252,-0.540127],[0.464701,0.310943,0.829076]],[[0.715348,-0.683654,-0.144553],[-0.259052,-0.0673354,-0.963513],[0.648976,0.726694,-0.22527]],[[0.715348,-0.683654,-0.144553],[-0.601181,-0.496689,-0.626004],[0.356172,0.534713,-0.766305]]],"btipPosition":[-44.4996,291.107,-11.1061],"carpPosition":[-12.0321,309.206,68.6954],"dipPosition":[-37.9721,300.907,-25.1501],"direction":[-0.648976,-0.726694,0.22527],"extended":false,"handId":996,"id":9962,"length":65.348,"mcpPosition":[1.8701,335.677,7.57531],"pipPosition":[-19.9743,321.06,-31.3975],"stabilizedTipPosition":[-41.3969,259.375,30.6198],"timeVisible":26.1298,"tipPosition":[-42.9398,293.387,-14.2058],"tipVelocity":[-8.80099,90.3235,-138.031],"tool":false,"touchDistance":0.333333,"touchZone":"none","type":2,"width":18.527},{"bases":[[[0.62291,-0.781598,-0.0329938],[0.712778,0.549672,0.43567],[-0.322383,-0.294901,0.899501]],[[0.635857,-0.76857,-0.0706128],[0.591002,0.5437,-0.595908],[0.496389,0.33718,0.799942]],[[0.635857,-0.76857,-0.0706128],[-0.270132,-0.135913,-0.953182],[0.72299,0.625162,-0.294036]],[[0.635857,-0.76857,-0.0706128],[-0.646145,-0.48006,-0.593329],[0.422116,0.422898,-0.801857]]],"btipPosition":[-31.9349,280.586,-0.52409],"carpPosition":[-2.77544,301.858,66.7278],"dipPosition":[-24.2433,288.292,-15.1352],"direction":[-0.72299,-0.625162,0.294036],"extended":false,"handId":996,"id":9963,"length":62.8339,"mcpPosition":[16.9188,319.874,11.7775],"pipPosition":[-4.71072,305.181,-23.079],"stabilizedTipPosition":[-28.1832,247.341,43.7322],"timeVisible":26.1298,"tipPosition":[-30.1319,282.451,-4.06985],"tipVelocity":[-8.38993,88.2856,-134.788],"tool":false,"touchDistance":0.333333,"touchZone":"none","type":3,"width":17.6296},{"bases":[[[0.455019,-0.890482,-0.000193318],[0.769685,0.393185,0.502981],[-0.447819,-0.229015,0.864298]],[[0.475448,-0.878808,-0.0405798],[0.712915,0.411904,-0.567527],[0.515462,0.2409,0.822354]],[[0.475448,-0.878808,-0.0405798],[-0.248346,-0.0898223,-0.964498],[0.843963,0.468646,-0.260954]],[[0.475448,-0.878808,-0.0405798],[-0.693899,-0.346256,-0.631356],[0.540789,0.328335,-0.774431]]],"btipPosition":[-15.6658,279.295,4.73667],"carpPosition":[1.97435,289.11,63.9749],"dipPosition":[-6.57505,284.814,-8.28167],"direction":[-0.843963,-0.468646,0.260954],"extended":false,"handId":996,"id":9964,"length":49.2606,"mcpPosition":[27.2985,302.061,15.0988],"pipPosition":[9.52331,293.754,-13.2593],"stabilizedTipPosition":[-11.506,245.247,51.4264],"timeVisible":26.1298,"tipPosition":[-13.5416,280.45,1.85259],"tipVelocity":[-6.33766,87.5366,-146.612],"tool":false,"touchDistance":0.333333,"touchZone":"none","type":4,"width":15.66}],"r":[[0.993199,0.0363585,0.110605],[-0.0542977,0.985001,0.163782],[-0.102992,-0.168674,0.980276]],"s":0.970125,"t":[-13.7356,-9.69283,-21.7575],"timestamp":669687643687},false],[5,{"currentFrameRate":55.3859,"devices":[],"gestures":[],"hands":[{"armBasis":[[0.779699,-0.612176,-0.131566],[0.599225,0.790467,-0.126853],[0.181655,0.0200699,0.983157]],"armWidth":62.1429,"confidence":0.714157,"direction":[0.305237,0.469019,-0.828765],"elbow":[34.8613,300.394,325.964],"grabStrength":0.123122,"id":996,"palmNormal":[-0.529206,-0.639989,-0.557095],"palmPosition":[-5.01188,321.637,21.4815],"palmVelocity":[16.6163,98.8577,-180.587],"palmWidth":88.738,"pinchStrength":0.620016,"r":[[0.993656,0.0330587,0.107489],[-0.0507608,0.984754,0.166381],[-0.10035,-0.170782,0.980185]],"s":0.976626,"sphereCenter":[-14.3975,284.24,-21.5297],"sphereRadius":51.584,"stabilizedPalmPosition":[-4.90598,286.669,70.7669],"t":[-13.4223,-7.92412,-25.0027],"timeVisible":26.1477,"type":"right","wrist":[-12.9717,295.109,67.0813]}],"id":4980598,"interactionBox":{"center":[0,200,0],"size":[235.247,235.247,147.751]},"pointables":[{"bases":[[[0.851471,0.419032,0.315291],[-0.519601,0.592995,0.615119],[0.0707882,-0.687582,0.722648]],[[0.816442,0.556826,0.152864],[-0.549316,0.667388,0.502838],[0.177974,-0.494509,0.850756]],[[0.816442,0.556826,0.152864],[-0.573727,0.812189,0.105761],[-0.0652637,-0.17405,0.982572]],[[0.816442,0.556826,0.152864],[-0.538217,0.82974,-0.14783],[-0.209153,0.038421,0.977128]]],"btipPosition":[-43.2955,332.709,-30.9422],"carpPosition":[-41.5752,303.724,65.449],"dipPosition":[-48.0693,333.586,-8.63989],"direction":[0.0652637,0.17405,-0.982572],"extended":false,"handId":996,"id":9960,"length":50.8265,"mcpPosition":[-41.5752,303.724,65.449],"pipPosition":[-50.2394,327.798,24.0323],"stabilizedTipPosition":[-41.1935,296.394,22.4858],"timeVisible":26.1477,"tipPosition":[-43.4417,333.288,-25.1156],"tipVelocity":[-6.24989,114.368,-171.693],"tool":false,"touchDistance":-0.580017,"touchZone":"hovering","type":0,"width":19.7488},{"bases":[[[0.8317,-0.521244,-0.19126],[0.548269,0.716654,0.431054],[-0.0876169,-0.463369,0.881823]],[[0.818441,-0.565751,-0.100399],[0.566306,0.823796,-0.0256523],[0.0972213,-0.0358618,0.994616]],[[0.818441,-0.565751,-0.100399],[0.539167,0.816571,-0.20618],[0.19863,0.114614,0.97335]],[[0.818441,-0.565751,-0.100399],[0.510488,0.796149,-0.324883],[0.263736,0.214645,0.94041]]],"btipPosition":[-28.9348,344.506,-76.549],"carpPosition":[-22.071,316.036,67.008],"dipPosition":[-24.5402,348.083,-60.8792],"direction":[-0.19863,-0.114614,-0.97335],"extended":true,"handId":996,"id":9961,"length":57.352,"mcpPosition":[-15.7846,349.282,3.73827],"pipPosition":[-19.8581,350.785,-37.9353],"stabilizedTipPosition":[-29.8227,321.763,-45.9678],"timeVisible":26.1477,"tipPosition":[-28.6601,344.694,-72.5759],"tipVelocity":[17.2703,139.208,-182.381],"tool":false,"touchDistance":-0.560931,"touchZone":"hovering","type":1,"width":18.8641},{"bases":[[[0.706481,-0.693538,-0.141027],[0.678928,0.607868,0.411769],[-0.199852,-0.386654,0.90031]],[[0.708399,-0.68973,-0.14981],[0.51956,0.653246,-0.550751],[0.477732,0.312316,0.821115]],[[0.708399,-0.68973,-0.14981],[-0.272214,-0.0711551,-0.959602],[0.651207,0.720562,-0.23816]],[[0.708399,-0.68973,-0.14981],[-0.612247,-0.494884,-0.616638],[0.351176,0.528547,-0.772861]]],"btipPosition":[-44.5849,293.257,-14.1428],"carpPosition":[-11.2304,311.3,64.945],"dipPosition":[-38.1489,302.944,-28.307],"direction":[-0.651207,-0.720562,0.23816],"extended":false,"handId":996,"id":9962,"length":65.348,"mcpPosition":[2.36774,337.608,3.68676],"pipPosition":[-20.0892,322.927,-34.9118],"stabilizedTipPosition":[-41.4297,260.069,29.6965],"timeVisible":26.1477,"tipPosition":[-43.0201,295.571,-17.4312],"tipVelocity":[-7.43295,103.481,-153.353],"tool":false,"touchDistance":0.333333,"touchZone":"none","type":2,"width":18.527},{"bases":[[[0.616167,-0.786716,-0.037639],[0.720951,0.544129,0.429131],[-0.317124,-0.291552,0.902458]],[[0.628988,-0.773726,-0.0756494],[0.586568,0.536189,-0.606992],[0.510207,0.337417,0.7911]],[[0.628988,-0.773726,-0.0756494],[-0.284929,-0.138898,-0.948432],[0.723318,0.618107,-0.307822]],[[0.628988,-0.773726,-0.0756494],[-0.657401,-0.477422,-0.583003],[0.414968,0.416434,-0.80894]]],"btipPosition":[-32.013,282.696,-3.64079],"carpPosition":[-2.05155,303.874,62.9048],"dipPosition":[-24.4517,290.284,-18.381],"direction":[-0.723318,-0.618107,0.307822],"extended":false,"handId":996,"id":9963,"length":62.8339,"mcpPosition":[17.3214,321.685,7.774],"pipPosition":[-4.91023,306.983,-26.6972],"stabilizedTipPosition":[-28.2168,247.937,42.9168],"timeVisible":26.1477,"tipPosition":[-30.2127,284.567,-7.35403],"tipVelocity":[-7.26293,101.316,-153.806],"tool":false,"touchDistance":0.333333,"touchZone":"none","type":3,"width":17.6296},{"bases":[[[0.447673,-0.894191,-0.00332038],[0.777143,0.387232,0.496086],[-0.44231,-0.224665,0.868267]],[[0.470427,-0.881065,-0.049211],[0.698713,0.405966,-0.58906],[0.538978,0.242726,0.80659]],[[0.470427,-0.881065,-0.049211],[-0.27533,-0.0935666,-0.956786],[0.838386,0.463647,-0.2866]],[[0.470427,-0.881065,-0.049211],[-0.709422,-0.344438,-0.614884],[0.524803,0.32417,-0.787081]]],"btipPosition":[-15.8178,281.127,1.90504],"carpPosition":[2.56978,291.085,60.1223],"dipPosition":[-6.99572,286.576,-11.3259],"direction":[-0.838386,-0.463647,0.2866],"extended":false,"handId":996,"id":9964,"length":49.2606,"mcpPosition":[27.5824,303.79,11.0217],"pipPosition":[8.99626,295.42,-16.7927],"stabilizedTipPosition":[-11.5347,245.712,50.767],"timeVisible":26.1477,"tipPosition":[-13.6626,282.368,-1.33335],"tipVelocity":[-8.96442,93.8963,-153.032],"tool":false,"touchDistance":0.333333,"touchZone":"none","type":4,"width":15.66}],"r":[[0.993656,0.0330587,0.107489],[-0.0507608,0.984754,0.166381],[-0.10035,-0.170782,0.980185]],"s":0.976626,"t":[-13.4223,-7.92412,-25.0027],"timestamp":669687661671},false],[6,{"currentFrameRate":55.3581,"devices":[],"gestures":[],"hands":[{"armBasis":[[0.779216,-0.615273,-0.11942],[0.601611,0.78768,-0.132755],[0.175746,0.0316005,0.983928]],"armWidth":62.1429,"confidence":0.718189,"direction":[0.305501,0.470381,-0.827896],"elbow":[33.3728,304.839,323.313],"grabStrength":0.109201,"id":996,"palmNormal":[-0.533337,-0.635745,-0.558014],"palmPosition":[-4.92647,323.161,18.6975],"palmVelocity":[10.9367,91.7312,-167.579],"palmWidth":88.738,"pinchStrength":0.610416,"r":[[0.994082,0.0294557,0.104563],[-0.0469604,0.984476,0.169123],[-0.0979582,-0.173033,0.980033]],"s":0.983586,"sphereCenter":[-14.4212,285.872,-24.472],"sphereRadius":51.7625,"stabilizedPalmPosition":[-4.90616,286.995,70.301],"t":[-13.223,-6.27786,-28.0173],"timeVisible":26.1659,"type":"right","wrist":[-12.9041,296.518,64.2272]}],"id":4980599,"interactionBox":{"center":[0,200,0],"size":[235.247,235.247,147.751]},"pointables":[{"bases":[[[0.854059,0.414139,0.314757],[-0.515539,0.593292,0.618242],[0.0692952,-0.690285,0.720211]],[[0.819109,0.553047,0.15231],[-0.545493,0.668816,0.505098],[0.177475,-0.496814,0.849516]],[[0.819109,0.553047,0.15231],[-0.570404,0.81341,0.114037],[-0.0608225,-0.180287,0.981732]],[[0.819109,0.553047,0.15231],[-0.536499,0.832565,-0.137854],[-0.203048,0.0312029,0.978672]]],"btipPosition":[-43.455,334.737,-33.6504],"carpPosition":[-41.472,305.268,62.6877],"dipPosition":[-48.0895,335.449,-11.3128],"direction":[0.0608225,0.180287,-0.981732],"extended":false,"handId":996,"id":9960,"length":50.8265,"mcpPosition":[-41.472,305.268,62.6877],"pipPosition":[-50.1119,329.454,21.3315],"stabilizedTipPosition":[-41.257,297.129,21.5127],"timeVisible":26.1659,"tipPosition":[-43.5704,335.196,-27.8439],"tipVelocity":[-6.61761,112.083,-160.722],"tool":false,"touchDistance":-0.590849,"touchZone":"hovering","type":0,"width":19.7488},{"bases":[[[0.828906,-0.524355,-0.194852],[0.552465,0.712741,0.432184],[-0.0877387,-0.465889,0.880483]],[[0.815574,-0.569282,-0.103717],[0.570935,0.820841,-0.0159197],[0.094198,-0.046232,0.994479]],[[0.815574,-0.569282,-0.103717],[0.545833,0.816363,-0.188725],[0.192109,0.0973071,0.976538]],[[0.815574,-0.569282,-0.103717],[0.519216,0.799075,-0.303141],[0.25545,0.193382,0.947285]]],"btipPosition":[-28.3455,347.334,-79.4013],"carpPosition":[-21.909,317.486,64.2435],"dipPosition":[-24.089,350.556,-63.6169],"direction":[-0.192109,-0.0973071,-0.976538],"extended":true,"handId":996,"id":9961,"length":57.352,"mcpPosition":[-15.6138,350.913,1.06999],"pipPosition":[-19.5606,352.85,-40.5978],"stabilizedTipPosition":[-29.6612,323.493,-47.9269],"timeVisible":26.1659,"tipPosition":[-28.1914,347.256,-75.382],"tipVelocity":[23.6732,144.932,-169.618],"tool":false,"touchDistance":-0.57556,"touchZone":"hovering","type":1,"width":18.8641},{"bases":[[[0.703023,-0.696248,-0.144907],[0.682587,0.60343,0.412246],[-0.199584,-0.38873,0.899475]],[[0.704885,-0.692529,-0.153434],[0.518179,0.650461,-0.555329],[0.484384,0.311936,0.817354]],[[0.704885,-0.692529,-0.153434],[-0.278967,-0.0717782,-0.957614],[0.652162,0.717811,-0.243788]],[[0.704885,-0.692529,-0.153434],[-0.617446,-0.492585,-0.613287],[0.349139,0.527034,-0.774814]]],"btipPosition":[-44.769,294.928,-16.5219],"carpPosition":[-11.0945,312.708,62.1405],"dipPosition":[-38.3704,304.587,-30.7218],"direction":[-0.652162,-0.717811,0.243788],"extended":false,"handId":996,"id":9962,"length":65.348,"mcpPosition":[2.48546,339.157,0.939059],"pipPosition":[-20.2842,324.494,-37.4827],"stabilizedTipPosition":[-41.4641,260.753,28.784],"timeVisible":26.1659,"tipPosition":[-43.1908,297.29,-19.9596],"tipVelocity":[-8.94857,97.8492,-142.913],"tool":false,"touchDistance":0.333333,"touchZone":"none","type":2,"width":18.527},{"bases":[[[0.612519,-0.789359,-0.0416243],[0.724361,0.539445,0.429303],[-0.31642,-0.293107,0.902201]],[[0.625342,-0.776269,-0.0797074],[0.586697,0.535045,-0.607876],[0.514523,0.333366,0.790021]],[[0.625342,-0.776269,-0.0797074],[-0.289118,-0.135602,-0.947641],[0.724816,0.615644,-0.309231]],[[0.625342,-0.776269,-0.0797074],[-0.661487,-0.473129,-0.58188],[0.413983,0.416599,-0.80936]]],"btipPosition":[-32.1689,284.404,-6.3821],"carpPosition":[-1.95385,305.248,60.0552],"dipPosition":[-24.6255,291.995,-21.1299],"direction":[-0.724816,-0.615644,0.309231],"extended":false,"handId":996,"id":9963,"length":62.8339,"mcpPosition":[17.3761,323.154,4.94001],"pipPosition":[-5.04356,308.628,-29.4842],"stabilizedTipPosition":[-28.2501,248.511,42.1258],"timeVisible":26.1659,"tipPosition":[-30.3703,286.279,-10.12],"tipVelocity":[-8.0006,97.8837,-152.492],"tool":false,"touchDistance":0.333333,"touchZone":"none","type":3,"width":17.6296},{"bases":[[[0.443619,-0.896186,-0.00728188],[0.779992,0.382075,0.495612],[-0.441378,-0.225543,0.868513]],[[0.467516,-0.882231,-0.0556495],[0.695619,0.406011,-0.59268],[0.545475,0.238377,0.803513]],[[0.467516,-0.882231,-0.0556495],[-0.282556,-0.0894897,-0.955067],[0.83761,0.462234,-0.291118]],[[0.467516,-0.882231,-0.0556495],[-0.71416,-0.339851,-0.611946],[0.520965,0.325837,-0.788939]]],"btipPosition":[-15.9815,282.687,-0.787671],"carpPosition":[2.6034,292.447,57.22],"dipPosition":[-7.224,288.165,-14.0499],"direction":[-0.83761,-0.462234,0.291118],"extended":false,"handId":996,"id":9964,"length":49.2606,"mcpPosition":[27.5634,305.202,8.10552],"pipPosition":[8.75318,296.982,-19.6029],"stabilizedTipPosition":[-11.5624,246.149,50.1432],"timeVisible":26.1659,"tipPosition":[-13.8356,283.962,-4.09029],"tipVelocity":[-9.37951,90.2696,-150.954],