{"sensorType":"Leap","data":[[0,{"currentFrameRate":55.2999,"devices":[],"gestures":[],"hands":[{"armBasis":[[0.825234,-0.55996,-0.0737105],[0.536193,0.817751,-0.209237],[0.177441,0.133146,0.975083]],"armWidth":62.1429,"confidence":0.769002,"direction":[0.125146,0.291768,-0.948267],"elbow":[46.5869,323.868,337.126],"grabStrength":0,"id":996,"palmNormal":[-0.547804,-0.77656,-0.311232],"palmPosition":[-2.00311,305.054,29.5851],"palmVelocity":[3.25508,-141.282,103.633],"palmWidth":88.738,"pinchStrength":0.712983,"r":[[0.994781,0.0675559,-0.0764673],[-0.0668183,0.997691,0.0121662],[0.0771126,-0.00699334,0.996998]],"s":0.922112,"sphereCenter":[-19.6839,263.98,-3.60048],"sphereRadius":50.2172,"stabilizedPalmPosition":[-1.61782,315.987,20.088],"t":[-10.1682,-20.1757,-22.0048],"timeVisible":2.89186,"type":"right","wrist":[-0.136383,288.809,80.3697]}],"id":4979329,"interactionBox":{"center":[0,200,0],"size":[235.247,235.247,147.751]},"pointables":[{"bases":[[[0.847251,0.526805,0.0681276],[-0.469575,0.68283,0.559681],[0.248324,-0.506182,0.825903]],[[0.81293,0.581705,-0.0276482],[-0.485262,0.702871,0.52009],[0.321972,-0.40938,0.853664]],[[0.81293,0.581705,-0.0276482],[-0.581125,0.807195,-0.103585],[-0.0379383,0.100274,0.994236]],[[0.81293,0.581705,-0.0276482],[-0.551062,0.753016,-0.35958],[-0.18835,0.307549,0.932705]]],"btipPosition":[-39.4358,304.756,-13.9087],"carpPosition":[-29.3219,295.181,81.998],"dipPosition":[-43.7347,311.776,7.37971],"direction":[0.0379383,-0.100274,-0.994236],"extended":false,"handId":996,"id":9960,"length":50.8265,"mcpPosition":[-29.3219,295.181,81.998],"pipPosition":[-44.9962,315.11,40.4398],"stabilizedTipPosition":[-40.3761,321.624,-20.045],"timeVisible":2.89186,"tipPosition":[-40.8183,306.367,-9.12821],"tipVelocity":[24.9456,-192.186,94.4844],"tool":false,"touchDistance":0.592462,"touchZone":"hovering","type":0,"width":19.7488},{"bases":[[[0.836463,-0.501498,-0.220975],[0.539441,0.824543,0.17068],[0.0966075,-0.26197,0.960228]],[[0.840334,-0.540016,-0.0471329],[0.535512,0.840509,-0.0822904],[0.0840537,0.0439111,0.995493]],[[0.840334,-0.540016,-0.0471329],[0.511114,0.818308,-0.262935],[0.180558,0.196863,0.963662]],[[0.840334,-0.540016,-0.0471329],[0.482141,0.784341,-0.390318],[0.247746,0.305273,0.919473]]],"btipPosition":[-29.9007,315.871,-71.0975],"carpPosition":[-11.0632,308.642,77.5445],"dipPosition":[-25.7726,320.958,-55.7766],"direction":[-0.180558,-0.196863,-0.963662],"extended":true,"handId":996,"id":9961,"length":57.352,"mcpPosition":[-17.9946,327.438,8.64927],"pipPosition":[-21.5164,325.598,-33.061],"stabilizedTipPosition":[-29.0924,319.583,-68.6679],"timeVisible":2.89186,"tipPosition":[-28.6115,317.69,-67.6922],"tipVelocity":[6.53422,-213.911,98.6711],"tool":false,"touchDistance":0.3169,"touchZone":"hovering","type":1,"width":18.8641},{"bases":[[[0.737525,-0.665448,-0.11505],[0.675079,0.721937,0.151905],[-0.0180257,-0.189701,0.981676]],[[0.737707,-0.658486,-0.148943],[0.413738,0.615287,-0.671001],[0.533488,0.433379,0.726342]],[[0.737707,-0.658486,-0.148943],[-0.428768,-0.286561,-0.856762],[0.521485,0.695901,-0.493736]],[[0.737707,-0.658486,-0.148943],[-0.670281,-0.688001,-0.27817],[0.0806983,0.305042,-0.948914]]],"btipPosition":[-40.079,271.85,4.79637],"carpPosition":[-0.286475,304.204,74.6511],"dipPosition":[-38.6,277.44,-12.5943],"direction":[-0.521485,-0.695901,0.493736],"extended":false,"handId":996,"id":9962,"length":65.348,"mcpPosition":[0.940017,317.111,7.85665],"pipPosition":[-24.1379,296.739,-26.2869],"stabilizedTipPosition":[-40.0621,289.893,-12.5912],"timeVisible":2.89186,"tipPosition":[-39.922,272.948,0.75425],"tipVelocity":[29.3628,-164.211,90.506],"tool":false,"touchDistance":0.333333,"touchZone":"none","type":2,"width":18.527},{"bases":[[[0.673831,-0.738627,0.019544],[0.725129,0.666134,0.174513],[-0.141919,-0.10342,0.984461]],[[0.674854,-0.737848,0.0123153],[0.543877,0.486025,-0.684089],[0.498768,0.468358,0.729295]],[[0.674854,-0.737848,0.0123153],[-0.362016,-0.345559,-0.865756],[0.643052,0.579801,-0.500314]],[[0.674854,-0.737848,0.0123153],[-0.703032,-0.647904,-0.2932],[0.224316,0.189209,-0.955972]]],"btipPosition":[-25.4101,263.854,11.6449],"carpPosition":[9.11366,297.056,72.6274],"dipPosition":[-21.3227,267.301,-5.7744],"direction":[-0.643052,-0.579801,0.500314],"extended":false,"handId":996,"id":9963,"length":62.8339,"mcpPosition":[17.7834,303.374,12.487],"pipPosition":[-3.94978,282.966,-19.2911],"stabilizedTipPosition":[-25.4863,282.862,-8.53877],"timeVisible":2.89186,"tipPosition":[-24.6432,264.471,7.73567],"tipVelocity":[30.6475,-158.924,115.774],"tool":false,"touchDistance":0.333333,"touchZone":"none","type":3,"width":17.6296},{"bases":[[[0.523739,-0.845476,0.104248],[0.8057,0.531369,0.261713],[-0.276666,-0.0530766,0.959499]],[[0.548451,-0.836132,0.00920005],[0.628068,0.404661,-0.664665],[0.552025,0.370315,0.747085]],[[0.548451,-0.836132,0.00920005],[-0.3941,-0.268178,-0.879071],[0.737487,0.478502,-0.476602]],[[0.548451,-0.836132,0.00920005],[-0.78456,-0.518367,-0.340237],[0.289252,0.179385,-0.940295]]],"btipPosition":[-7.8985,262.347,16.6716],"carpPosition":[14.4218,284.258,71.7963],"dipPosition":[-3.03612,265.362,0.865063],"direction":[-0.737487,-0.478502,0.476602],"extended":false,"handId":996,"id":9964,"length":49.2606,"mcpPosition":[30.0673,287.259,17.5365],"pipPosition":[11.0312,274.489,-8.226],"stabilizedTipPosition":[-8.06834,281.808,-4.32121],"timeVisible":2.89186,"tipPosition":[-7.0432,263.019,13.3653],"tipVelocity":[32.3497,-147.941,108.735],"tool":false,"touchDistance":0.333333,"touchZone":"none","type":4,"width":15.66}],"r":[[0.994781,0.0675559,-0.0764673],[-0.0668183,0.997691,0.0121662],[0.0771126,-0.00699334,0.996998]],"s":0.922112,"t":[-10.1682,-20.1757,-22.0048],"timestamp":669664405791},false],[1,{"currentFrameRate":55.2912,"devices":[],"gestures":[],"hands":[{"armBasis":[[0.829317,-0.556695,-0.0482068],[0.534148,0.815137,-0.224137],[0.164071,0.160131,0.973365]],"armWidth":62.1429,"confidence":0.747265,"direction":[0.129063,0.297066,-0.946094],"elbow":[43.1258,328.155,338.103],"grabStrength":0,"id":996,"palmNormal":[-0.54753,-0.774107,-0.317756],"palmPosition":[-1.73316,302.529,31.1018],"palmVelocity":[8.79784,-140.371,94.1557],"palmWidth":88.738,"pinchStrength":0.727884,"r":[[0.994433,0.0747686,-0.0742457],[-0.0742484,0.997192,0.00974646],[0.074766,-0.00417958,0.997192]],"s":0.917076,"sphereCenter":[-19.5023,261.717,-2.29918],"sphereRadius":50.0602,"stabilizedPalmPosition":[-1.63942,313.467,22.15],"t":[-9.99923,-22.7199,-20.3162],"timeVisible":2.90997,"type":"right","wrist":[-0.0769838,285.99,81.7987]}],"id":4979330,"interactionBox":{"center":[0,200,0],"size":[235.247,235.247,147.751]},"pointables":[{"bases":[[[0.847601,0.5254,0.074348],[-0.470888,0.680157,0.561828],[0.244616,-0.511216,0.823906]],[[0.813405,0.581283,-0.0219654],[-0.486866,0.700978,0.521145],[0.31833,-0.413207,0.853186]],[[0.813405,0.581283,-0.0219654],[-0.579851,0.80724,-0.110167],[-0.0463067,0.102347,0.99367]],[[0.813405,0.581283,-0.0219654],[-0.548003,0.753078,-0.364096],[-0.195101,0.308195,0.931102]]],"btipPosition":[-38.7652,302.066,-12.4743],"carpPosition":[-29.261,292.387,83.3537],"dipPosition":[-43.2182,309.1,8.77754],"direction":[0.0463067,-0.102347,-0.99367],"extended":false,"handId":996,"id":9960,"length":50.8265,"mcpPosition":[-29.261,292.387,83.3537],"pipPosition":[-44.758,312.503,41.8188],"stabilizedTipPosition":[-40.2308,317.181,-16.9596],"timeVisible":2.90997,"tipPosition":[-40.2192,303.84,-7.70197],"tipVelocity":[29.7595,-171.321,86.9788],"tool":false,"touchDistance":0.587939,"touchZone":"hovering","type":0,"width":19.7488},{"bases":[[[0.836706,-0.501211,-0.220704],[0.539753,0.822908,0.177452],[0.0926786,-0.267601,0.959062]],[[0.839868,-0.540757,-0.0469322],[0.536143,0.839966,-0.0837094],[0.084688,0.0451425,0.995384]],[[0.839868,-0.540757,-0.0469322],[0.510878,0.81674,-0.268213],[0.18337,0.201287,0.962216]],[[0.839868,-0.540757,-0.0469322],[0.480886,0.781397,-0.397703],[0.251734,0.311449,0.916313]]],"btipPosition":[-29.6849,313.226,-69.4205],"carpPosition":[-10.9699,305.852,79.0465],"dipPosition":[-25.4903,318.416,-54.1522],"direction":[-0.18337,-0.201287,-0.962216],"extended":true,"handId":996,"id":9961,"length":57.352,"mcpPosition":[-17.6195,325.052,10.235],"pipPosition":[-21.1679,323.161,-31.4707],"stabilizedTipPosition":[-28.8592,316.349,-66.9399],"timeVisible":2.90997,"tipPosition":[-28.2741,315.229,-66.0598],"tipVelocity":[9.4963,-180.96,95.4496],"tool":false,"touchDistance":0.343517,"touchZone":"hovering","type":1,"width":18.8641},{"bases":[[[0.737178,-0.66565,-0.116098],[0.675342,0.72025,0.158597],[-0.0219505,-0.19532,0.980494]],[[0.737494,-0.658359,-0.150554],[0.419265,0.621087,-0.662169],[0.529452,0.425224,0.734074]],[[0.737494,-0.658359,-0.150554],[-0.424263,-0.278195,-0.861748],[0.525456,0.699408,-0.484484]],[[0.737494,-0.658359,-0.150554],[-0.669979,-0.685145,-0.285842],[0.085035,0.311674,-0.946376]]],"btipPosition":[-39.7129,269.611,5.72747],"carpPosition":[-0.187573,301.418,76.1683],"dipPosition":[-38.1545,275.323,-11.6167],"direction":[-0.525456,-0.699408,0.484484],"extended":false,"handId":996,"id":9962,"length":65.348,"mcpPosition":[1.30596,314.708,9.45429],"pipPosition":[-23.5822,294.719,-25.0527],"stabilizedTipPosition":[-39.9056,285.696,-9.42039],"timeVisible":2.90997,"tipPosition":[-39.5379,270.716,1.79295],"tipVelocity":[25.4857,-144.145,72.1732],"tool":false,"touchDistance":0.333333,"touchZone":"none","type":2,"width":18.527},{"bases":[[[0.672892,-0.739526,0.0178319],[0.72524,0.664259,0.181072],[-0.145753,-0.10891,0.983308]],[[0.67397,-0.738685,0.0104289],[0.546511,0.489033,-0.679832],[0.497082,0.463886,0.733293]],[[0.67397,-0.738685,0.0104289],[-0.360295,-0.340988,-0.868283],[0.644944,0.581439,-0.49596]],[[0.67397,-0.738685,0.0104289],[-0.703096,-0.645704,-0.297863],[0.226761,0.193418,-0.954552]]],"btipPosition":[-25.1,261.478,12.9091],"carpPosition":[9.2118,294.271,74.1389],"dipPosition":[-20.968,265.002,-4.48433],"direction":[-0.644944,-0.581439,0.49596],"extended":false,"handId":996,"id":9963,"length":62.8339,"mcpPosition":[18.1158,300.924,14.069],"pipPosition":[-3.54396,280.711,-17.8834],"stabilizedTipPosition":[-25.2709,279.547,-5.72754],"timeVisible":2.90997,"tipPosition":[-24.3212,262.115,8.97277],"tipVelocity":[24.4787,-145.244,94.0411],"tool":false,"touchDistance":0.333333,"touchZone":"none","type":3,"width":17.6296},{"bases":[[[0.522357,-0.846682,0.101354],[0.805325,0.5289,0.267799],[-0.280346,-0.0582636,0.958129]],[[0.54807,-0.836424,0.00377026],[0.627192,0.40798,-0.663462],[0.553397,0.365989,0.7482]],[[0.54807,-0.836424,0.00377026],[-0.397591,-0.264483,-0.878618],[0.735894,0.480046,-0.47751]],[[0.54807,-0.836424,0.00377026],[-0.786047,-0.516591,-0.339505],[0.285918,0.183109,-0.940597]]],"btipPosition":[-7.56497,259.91,18.1909],"carpPosition":[14.5081,281.471,73.2542],"dipPosition":[-2.75864,262.989,2.37927],"direction":[-0.735894,-0.480046,0.47751],"extended":false,"handId":996,"id":9964,"length":49.2606,"mcpPosition":[30.3617,284.766,19.0719],"pipPosition":[11.2783,272.145,-6.7291],"stabilizedTipPosition":[-7.85254,278.966,-1.78934],"timeVisible":2.90997,"tipPosition":[-6.71419,260.596,14.7589],"tipVelocity":[25.377,-141.152,96.8671],"tool":false,"touchDistance":0.333333,"touchZone":"none","type":4,"width":15.66}],"r":[[0.994433,0.0747686,-0.0742457],[-0.0742484,0.997192,0.00974646],[0.074766,-0.00417958,0.997192]],"s":0.917076,"t":[-9.99923,-22.7199,-20.3162],"timestamp":669664423907},false],[2,{"currentFrameRate":55.2838,"devices":[],"gestures":[],"hands":[{"armBasis":[[0.832209,-0.552944,-0.0410073],[0.532263,0.817418,-0.220283],[0.155324,0.161494,0.974574]],"armWidth":62.1429,"confidence":0.753223,"direction":[0.12717,0.300419,-0.945292],"elbow":[41.3402,326.634,339.502],"grabStrength":0,"id":996,"palmNormal":[-0.546077,-0.774388,-0.319568],"palmPosition":[-1.31847,300.807,32.2387],"palmVelocity":[15.5061,-118.794,79.2169],"palmWidth":88.738,"pinchStrength":0.738635,"r":[[0.994055,0.081064,-0.0726814],[-0.0806617,0.996706,0.00845848],[0.0731276,-0.00254559,0.997319]],"s":0.912058,"sphereCenter":[-19.0873,260.056,-1.1841],"sphereRadius":49.9308,"stabilizedPalmPosition":[-1.5763,310.978,24.134],"t":[-9.70741,-24.8526,-18.9035],"timeVisible":2.92809,"type":"right","wrist":[0.440602,284.109,82.88]}],"id":4979331,"interactionBox":{"center":[0,200,0],"size":[235.247,235.247,147.751]},"pointables":[{"bases":[[[0.846436,0.527183,0.0749869],[-0.471808,0.677217,0.564602],[0.246866,-0.513279,0.82195]],[[0.81141,0.584045,-0.0224864],[-0.488591,0.698905,0.522313],[0.32077,-0.412823,0.852457]],[[0.81141,0.584045,-0.0224864],[-0.582427,0.804744,-0.114746],[-0.0489208,0.106202,0.99314]],[[0.81141,0.584045,-0.0224864],[-0.550259,0.750368,-0.366284],[-0.197053,0.309579,0.930232]]],"btipPosition":[-38.2481,299.932,-11.2632],"carpPosition":[-28.7567,290.432,84.4919],"dipPosition":[-42.7458,306.998,9.96879],"direction":[0.0489208,-0.106202,-0.99314],"extended":false,"handId":996,"id":9960,"length":50.8265,"mcpPosition":[-28.7567,290.432,84.4919],"pipPosition":[-44.3725,310.529,42.9924],"stabilizedTipPosition":[-39.9775,313.008,-14.1339],"timeVisible":2.92809,"tipPosition":[-39.7194,301.86,-6.4846],"tipVelocity":[28.9109,-145.66,77.2846],"tool":false,"touchDistance":0.580577,"touchZone":"hovering","type":0,"width":19.7488},{"bases":[[[0.837624,-0.498495,-0.223358],[0.538008,0.823621,0.179431],[0.0945167,-0.270464,0.958079]],[[0.841085,-0.538635,-0.049489],[0.533449,0.841152,-0.088858],[0.0894897,0.0483373,0.994814]],[[0.841085,-0.538635,-0.049489],[0.506677,0.816588,-0.276519],[0.189355,0.207501,0.959733]],[[0.841085,-0.538635,-0.049489],[0.47534,0.779698,-0.407582],[0.258124,0.319287,0.911826]]],"btipPosition":[-29.7987,311.123,-68.034],"carpPosition":[-10.5032,303.954,80.2054],"dipPosition":[-25.4977,316.443,-52.8405],"direction":[-0.189355,-0.207501,-0.959733],"extended":true,"handId":996,"id":9961,"length":57.352,"mcpPosition":[-17.2846,323.36,11.4644],"pipPosition":[-21.0342,321.334,-30.2174],"stabilizedTipPosition":[-28.8293,313.943,-65.497],"timeVisible":2.92809,"tipPosition":[-28.2952,313.269,-64.7179],"tipVelocity":[2.62842,-149.311,86.0013],"tool":false,"touchDistance":0.363039,"touchZone":"hovering","type":1,"width":18.8641},{"bases":[[[0.73862,-0.663507,-0.119159],[0.673818,0.721349,0.160078],[-0.0202577,-0.198528,0.979886]],[[0.738875,-0.656102,-0.153602],[0.416952,0.624226,-0.660676],[0.529353,0.424112,0.734789]],[[0.738875,-0.656102,-0.153602],[-0.424712,-0.276469,-0.862082],[0.523148,0.702207,-0.48293]],[[0.738875,-0.656102,-0.153602],[-0.668707,-0.685853,-0.287118],[0.0830307,0.314859,-0.9455]]],"btipPosition":[-39.249,267.882,6.80727],"carpPosition":[0.286134,299.555,77.2995],"dipPosition":[-37.7273,273.653,-10.5208],"direction":[-0.523148,-0.702207,0.48293],"extended":false,"handId":996,"id":9962,"length":65.348,"mcpPosition":[1.66449,313.063,10.6268],"pipPosition":[-23.219,293.127,-23.9137],"stabilizedTipPosition":[-39.6708,281.852,-6.56578],"timeVisible":2.92809,"tipPosition":[-39.0808,269.002,2.87486],"tipVelocity":[25.3232,-120.599,66.2919],"tool":false,"touchDistance":0.333333,"touchZone":"none","type":2,"width":18.527},{"bases":[[[0.674677,-0.737968,0.0146124],[0.723878,0.665405,0.18231],[-0.144262,-0.112423,0.983132]],[[0.675779,-0.737071,0.00696219],[0.54388,0.492233,-0.679633],[0.497511,0.463069,0.733519]],[[0.675779,-0.737071,0.00696219],[-0.361885,-0.339991,-0.868012],[0.642154,0.584065,-0.496494]],[[0.675779,-0.737071,0.00696219],[-0.702396,-0.646795,-0.297146],[0.223521,0.195915,-0.954807]]],"btipPosition":[-24.5871,259.778,14.0255],"carpPosition":[9.7,292.437,75.2354],"dipPosition":[-20.5142,263.348,-3.37257],"direction":[-0.642154,-0.584065,0.496494],"extended":false,"handId":996,"id":9963,"length":62.8339,"mcpPosition":[18.5129,299.305,15.1762],"pipPosition":[-3.16549,279.127,-16.786],"stabilizedTipPosition":[-24.9945,276.316,-3.04141],"timeVisible":2.92809,"tipPosition":[-23.8201,260.427,10.0538],"tipVelocity":[25.9474,-120.508,78.5897],"tool":false,"touchDistance":0.333333,"touchZone":"none","type":3,"width":17.6296},{"bases":[[[0.524504,-0.845752,0.0979759],[0.804394,0.52996,0.2685],[-0.279008,-0.0620181,0.958284]],[[0.550825,-0.834616,-0.00285734],[0.621384,0.412378,-0.666203],[0.557202,0.365185,0.745765]],[[0.550825,-0.834616,-0.00285734],[-0.404186,-0.263754,-0.875824],[0.730223,0.48358,-0.482623]],[[0.550825,-0.834616,-0.00285734],[-0.7871,-0.51832,-0.334392],[0.277608,0.18644,-0.94243]]],"btipPosition":[-7.00635,258.209,19.4431],"carpPosition":[15.0258,279.653,74.3028],"dipPosition":[-2.33971,261.343,3.60064],"direction":[-0.730223,-0.48358,0.482623],"extended":false,"handId":996,"id":9964,"length":49.2606,"mcpPosition":[30.8037,283.16,20.1118],"pipPosition":[11.5891,270.567,-5.60525],"stabilizedTipPosition":[-7.58168,276.139,0.692555],"timeVisible":2.92809,"tipPosition":[-6.17682,258.911,15.8988],"tipVelocity":[27.1322,-118.342,83.4798],"tool":false,"touchDistance":0.333333,"touchZone":"none","type":4,"width":15.66}],"r":[[0.994055,0.081064,-0.0726814],[-0.0806617,0.996706,0.00845848],[0.0731276,-0.00254559,0.997319]],"s":0.912058,"t":[-9.70741,-24.8526,-18.9035],"timestamp":669664442021},false],[3,{"currentFrameRate":55.345,"devices":[],"gestures":[],"hands":[{"armBasis":[[0.827729,-0.558779,-0.0512833],[0.537944,0.816209,-0.210759],[0.159625,0.146864,0.976192]],"armWidth":62.1429,"confidence":0.763204,"direction":[0.135521,0.298,-0.944897],"elbow":[42.1849,320.881,341.453],"grabStrength":0,"id":996,"palmNormal":[-0.546208,-0.773207,-0.322193],"palmPosition":[-1.15662,298.807,33.7163],"palmVelocity":[12.4712,-115.614,80.8779],"palmWidth":88.738,"pinchStrength":0.74721,"r":[[0.99389,0.0853983,-0.0699256],[-0.0851252,0.996347,0.00688117],[0.0702577,-0.0008867,0.997528]],"s":0.907373,"sphereCenter":[-18.8301,258.025,0.308771],"sphereRadius":49.8343,"stabilizedPalmPosition":[-1.49427,308.599,26.0069],"t":[-9.48057,-26.9194,-17.4583],"timeVisible":2.94595,"type":"right","wrist":[0.152697,282.209,84.4042]}],"id":4979332,"interactionBox":{"center":[0,200,0],"size":[235.247,235.247,147.751]},"pointables":[{"bases":[[[0.847615,0.524475,0.080465],[-0.473871,0.679993,0.559514],[0.238735,-0.512383,0.824906]],[[0.812989,0.581978,-0.0187464],[-0.490987,0.702476,0.515228],[0.31302,-0.40967,0.856848]],[[0.812989,0.581978,-0.0187464],[-0.57933,0.805214,-0.12652],[-0.0585371,0.11372,0.991787]],[[0.812989,0.581978,-0.0187464],[-0.545476,0.749943,-0.374221],[-0.20373,0.314463,0.92715]]],"btipPosition":[-37.6766,297.619,-10.0773],"carpPosition":[-29.0346,288.634,85.7761],"dipPosition":[-42.3266,304.796,11.0843],"direction":[0.0585371,-0.11372,-0.991787],"extended":false,"handId":996,"id":9960,"length":50.8265,"mcpPosition":[-29.0346,288.634,85.7761],"pipPosition":[-44.273,308.577,44.0629],"stabilizedTipPosition":[-39.6352,309.189,-11.653],"timeVisible":2.94595,"tipPosition":[-39.1666,299.673,-5.30178],"tipVelocity":[29.4453,-137.387,71.734],"tool":false,"touchDistance":0.573398,"touchZone":"hovering","type":0,"width":19.7488},{"bases":[[[0.837633,-0.501793,-0.215811],[0.539395,0.822172,0.181896],[0.08616,-0.268769,0.959343]],[[0.839646,-0.541476,-0.0424086],[0.536294,0.838893,-0.0929867],[0.0859264,0.0553324,0.994764]],[[0.839646,-0.541476,-0.0424086],[0.509683,0.812506,-0.282945],[0.187665,0.215959,0.958198]],[[0.839646,-0.541476,-0.0424086],[0.478168,0.773986,-0.415092],[0.257586,0.328252,0.908791]]],"btipPosition":[-29.2004,308.49,-66.6377],"carpPosition":[-10.7025,302.085,81.6035],"dipPosition":[-24.9083,313.96,-51.4947],"direction":[-0.187665,-0.215959,-0.958198],"extended":true,"handId":996,"id":9961,"length":57.352,"mcpPosition":[-16.8844,321.369,12.7718],"pipPosition":[-20.4846,319.051,-28.9079],"stabilizedTipPosition":[-28.4737,311.522,-64.1449],"timeVisible":2.94595,"tipPosition":[-27.626,310.735,-63.3543],"tipVelocity":[17.1204,-147.512,82.0164],"tool":false,"touchDistance":0.380838,"touchZone":"hovering","type":1,"width":18.8641},{"bases":[[[0.737264,-0.66625,-0.112042],[0.675002,0.719402,0.16381],[-0.0285351,-0.196399,0.980109]],[[0.737811,-0.658922,-0.146481],[0.424579,0.621726,-0.658171],[0.524754,0.423413,0.738481]],[[0.737811,-0.658922,-0.146481],[-0.418668,-0.276495,-0.865025],[0.529482,0.699552,-0.479871]],[[0.737811,-0.658922,-0.146481],[-0.668773,-0.684153,-0.290995],[0.0915274,0.312661,-0.945445]]],"btipPosition":[-38.9931,265.973,8.02383],"carpPosition":[0.094012,297.644,78.7906],"dipPosition":[-37.3157,271.703,-9.30325],"direction":[-0.529482,-0.699552,0.479871],"extended":false,"handId":996,"id":9962,"length":65.348,"mcpPosition":[2.03558,311.007,12.1028],"pipPosition":[-22.6318,291.103,-22.6113],"stabilizedTipPosition":[-39.424,278.472,-4.10465],"timeVisible":2.94595,"tipPosition":[-38.7879,267.083,4.10315],"tipVelocity":[21.0891,-114.408,67.1629],"tool":false,"touchDistance":0.333333,"touchZone":"none","type":2,"width":18.527},{"bases":[[[0.672032,-0.740213,0.0213829],[0.724698,0.663335,0.186546],[-0.152268,-0.109869,0.982213]],[[0.673219,-0.739318,0.0135895],[0.550723,0.489053,-0.676411],[0.493437,0.462857,0.736399]],[[0.673219,-0.739318,0.0135895],[-0.356618,-0.340724,-0.869903],[0.647765,0.580789,-0.493036]],[[0.673219,-0.739318,0.0135895],[-0.702412,-0.64514,-0.300686],[0.231069,0.192882,-0.953626]]],"btipPosition":[-24.4102,257.827,15.4203],"carpPosition":[9.49937,290.489,76.8145],"dipPosition":[-20.1998,261.342,-1.95625],"direction":[-0.647765,-0.580789,0.493036],"extended":false,"handId":996,"id":9963,"length":62.8339,"mcpPosition":[18.8014,297.201,16.8114],"pipPosition":[-2.69953,277.033,-15.2763],"stabilizedTipPosition":[-24.7294,273.297,-0.571709],"timeVisible":2.94595,"tipPosition":[-23.613,258.465,11.4474],"tipVelocity":[19.2234,-115.534,78.4944],"tool":false,"touchDistance":0.333333,"touchZone":"none","type":3,"width":17.6296},{"bases":[[[0.520851,-0.847313,0.103801],[0.804082,0.5278,0.27364],[-0.286645,-0.0590612,0.956215]],[[0.548247,-0.836314,0.00208434],[0.623219,0.406888,-0.667862],[0.557694,0.367453,0.744282]],[[0.548247,-0.836314,0.00208434],[-0.405146,-0.267773,-0.874159],[0.73163,0.478411,-0.485635]],[[0.548247,-0.836314,0.00208434],[-0.78819,-0.51753,-0.333045],[0.279609,0.180948,-0.942909]]],"btipPosition":[-6.88895,256.187,21.3237],"carpPosition":[14.7888,277.686,75.9498],"dipPosition":[-2.18867,259.229,5.47327],"direction":[-0.73163,-0.478411,0.485635],"extended":false,"handId":996,"id":9964,"length":49.2606,"mcpPosition":[30.9985,281.026,21.8758],"pipPosition":[11.767,268.354,-3.79008],"stabilizedTipPosition":[-7.34188,273.536,2.98882],"timeVisible":2.94595,"tipPosition":[-6.0179,256.881,17.6373],"tipVelocity":[17.652,-116.494,93.7188],"tool":false,"touchDistance":0.333333,"touchZone":"none","type":4,"width":15.66}],"r":[[0.99389,0.0853983,-0.0699256],[-0.0851252,0.996347,0.00688117],[0.0702577,-0.0008867,0.997528]],"s":0.907373,"t":[-9.48057,-26.9194,-17.4583],"timestamp":669664459878},false],[4,{"currentFrameRate":55.3459,"devices":[],"gestures":[],"hands":[{"armBasis":[[0.830324,-0.554417,-0.0564202],[0.532392,0.819084,-0.213684],[0.164683,0.147389,0.975272]],"armWidth":62.1429,"confidence":0.749377,"direction":[0.136656,0.301947,-0.943479],"elbow":[43.7752,319.313,342.35],"grabStrength":0,"id":996,"palmNormal":[-0.540475,-0.775445,-0.326454],"palmPosition":[-0.84062,297.259,34.9069],"palmVelocity":[14.8561,-101.383,73.7677],"palmWidth":88.738,"pinchStrength":0.75418,"r":[[0.993671,0.0901236,-0.0670443],[-0.0899094,0.995931,0.00621192],[0.0673313,-0.000144702,0.997731]],"s":0.903913,"sphereCenter":[-18.2049,256.565,1.40172],"sphereRadius":49.6988,"stabilizedPalmPosition":[-1.36886,306.423,27.7145],"t":[-9.20915,-28.7265,-16.1404],"timeVisible":2.96401,"type":"right","wrist":[0.411362,280.502,85.5438]}],"id":4979333,"interactionBox":{"center":[0,200,0],"size":[235.247,235.247,147.751]},"pointables":[{"bases":[[[0.844147,0.529354,0.0848579],[-0.479754,0.67524,0.560256],[0.239274,-0.513649,0.823961]],[[0.808932,0.587695,-0.0156119],[-0.497608,0.69859,0.514157],[0.313074,-0.40815,0.857554]],[[0.808932,0.587695,-0.0156119],[-0.584386,0.80091,-0.130523],[-0.064204,0.114708,0.991322]],[[0.808932,0.587695,-0.0156119],[-0.549969,0.747087,-0.373357],[-0.207757,0.310607,0.927556]]],"btipPosition":[-37.183,295.711,-9.0366],"carpPosition":[-28.8187,286.745,86.845],"dipPosition":[-41.9249,302.8,12.1343],"direction":[0.0642039,-0.114708,-0.991322],"extended":false,"handId":996,"id":9960,"length":50.8265,"mcpPosition":[-28.8187,286.745,86.845],"pipPosition":[-44.0598,306.614,45.0975],"stabilizedTipPosition":[-39.2453,305.796,-9.50955],"timeVisible":2.96401,"tipPosition":[-38.6737,297.817,-4.2374],"tipVelocity":[27.8822,-122.828,65.0811],"tool":false,"touchDistance":0.565034,"touchZone":"hovering","type":0,"width":19.7488},{"bases":[[[0.841347,-0.495969,-0.214825],[0.533802,0.824832,0.186298],[0.084797,-0.271415,0.95872]],[[0.843104,-0.53609,-0.042227],[0.530909,0.842294,-0.0931445],[0.0855013,0.0561118,0.994757]],[[0.843104,-0.53609,-0.042227],[0.504294,0.815474,-0.28406],[0.186716,0.218197,0.957876]],[[0.843104,-0.53609,-0.042227],[0.472837,0.776443,-0.416607],[0.256126,0.331277,0.908105]]],"btipPosition":[-28.8916,306.78,-65.4027],"carpPosition":[-10.556,300.321,82.7744],"dipPosition":[-24.6238,312.3,-50.2712],"direction":[-0.186716,-0.218197,-0.957876],"extended":true,"handId":996,"id":9961,"length":57.352,"mcpPosition":[-16.6401,319.795,13.9874],"pipPosition":[-20.2225,317.444,-27.692],"stabilizedTipPosition":[-28.1683,309.641,-62.941],"timeVisible":2.96401,"tipPosition":[-27.2928,309.056,-62.1272],"tipVelocity":[16.9614,-122.104,75.4615],"tool":false,"touchDistance":0.394573,"touchZone":"hovering","type":1,"width":18.8641},{"bases":[[[0.741658,-0.661376,-0.111914],[0.670089,0.722949,0.1683],[-0.0304015,-0.199814,0.979362]],[[0.742268,-0.653941,-0.146283],[0.423116,0.626657,-0.654427],[0.519626,0.423866,0.74184]],[[0.742268,-0.653941,-0.146283],[-0.414076,-0.275973,-0.867398],[0.526858,0.704415,-0.475627]],[[0.742268,-0.653941,-0.146283],[-0.663668,-0.687231,-0.295396],[0.0926413,0.316346,-0.94411]]],"btipPosition":[-38.3905,264.292,8.96484],"carpPosition":[0.27615,295.955,79.9809],"dipPosition":[-36.6927,270.09,-8.33776],"direction":[-0.526858,-0.704414,0.475627],"extended":false,"handId":996,"id":9962,"length":65.348,"mcpPosition":[2.3447,309.55,13.3439],"pipPosition":[-22.0816,289.625,-21.5281],"stabilizedTipPosition":[-39.0902,275.461,-1.97407],"timeVisible":2.96401,"tipPosition":[-38.1775,265.417,5.05602],"tipVelocity":[27.0389,-103.837,60.1516],"tool":false,"touchDistance":0.333333,"touchZone":"none","type":2,"width":18.527},{"bases":[[[0.676462,-0.736177,0.0210601],[0.720054,0.667111,0.191009],[-0.154665,-0.114046,0.981362]],[[0.677738,-0.735192,0.0128078],[0.54145,0.487201,-0.685177],[0.497496,0.471305,0.728264]],[[0.677738,-0.735192,0.0128078],[-0.365108,-0.351593,-0.86202],[0.638253,0.579548,-0.506712]],[[0.677738,-0.735192,0.0128078],[-0.701329,-0.651559,-0.289153],[0.220928,0.186987,-0.957197]]],"btipPosition":[-23.7672,256.23,17.4577],"carpPosition":[9.73108,288.864,78.0108],"dipPosition":[-19.7416,259.637,0.0160257],"direction":[-0.638253,-0.579548,0.506712],"extended":false,"handId":996,"id":9963,"length":62.8339,"mcpPosition":[19.1795,295.831,18.0597],"pipPosition":[-2.49826,275.295,-13.6735],"stabilizedTipPosition":[-24.4414,270.813,1.56698],"timeVisible":2.96401,"tipPosition":[-22.9599,256.885,13.0974],"tipVelocity":[25.8826,-103.298,94.3853],"tool":false,"touchDistance":0.333333,"touchZone":"none","type":3,"width":17.6296},{"bases":[[[0.525679,-0.844467,0.102649],[0.799991,0.531774,0.277905],[-0.289267,-0.0639705,0.955108]],[[0.553349,-0.832949,0.00095928],[0.623009,0.413115,-0.664225],[0.55287,0.368146,0.747532]],[[0.553349,-0.832949,0.00095928],[-0.400628,-0.267156,-0.876427],[0.730276,0.484586,-0.481533]],[[0.553349,-0.832949,0.00095928],[-0.783981,-0.521207,-0.33722],[0.281387,0.185848,-0.941425]]],"btipPosition":[-6.266,254.651,22.3419],"carpPosition":[15.1011,276.096,77.1206],"dipPosition":[-1.53583,257.775,6.51636],"direction":[-0.730276,-0.484586,0.481533],"extended":false,"handId":996,"id":9964,"length":49.2606,"mcpPosition":[31.4592,279.714,23.1092],"pipPosition":[12.394,267.018,-2.66875],"stabilizedTipPosition":[-7.04818,271.07,5.12161],"timeVisible":2.96401,"tipPosition":[-5.38805,255.362,18.6668],"tipVelocity":[25.8277,-101.052,76.125],"tool":false,"touchDistance":0.333333,"touchZone":"none","type":4,"width":15.66}],"r":[[0.993671,0.0901236,-0.0670443],[-0.0899094,0.995931,0.00621192],[0.0673313,-0.000144702,0.997731]],"s":0.903913,"t":[-9.20915,-28.7265,-16.1404],"timestamp":669664477943},false],[5,{"currentFrameRate":55.3349,"devices":[],"gestures":[],"hands":[{"armBasis":[[0.829177,-0.556955,-0.0476149],[0.535409,0.815795,-0.218669],[0.160633,0.155821,0.974637]],"armWidth":62.1429,"confidence":0.749508,"direction":[0.13993,0.29386,-0.945551],"elbow":[42.8934,319.746,343.273],"grabStrength":0,"id":996,"palmNormal":[-0.54195,-0.776477,-0.321517],"palmPosition":[-0.478604,295.064,35.8594],"palmVelocity":[17.2989,-110.825,63.6922],"palmWidth":88.738,"pinchStrength":0.760488,"r":[[0.993563,0.0932093,-0.0643818],[-0.0931453,0.995644,0.00400132],[0.0644743,0.0020213,0.997917]],"s":0.901588,"sphereCenter":[-17.9109,254.253,2.71995],"sphereRadius":49.5744,"stabilizedPalmPosition":[-1.18631,304.094,29.3846],"t":[-8.89244,-30.7277,-15.0052],"timeVisible":2.98212,"type":"right","wrist":[0.595972,278.716,86.6338]}],"id":4979334,"interactionBox":{"center":[0,200,0],"size":[235.247,235.247,147.751]},"pointables":[{"bases":[[[0.845498,0.527536,0.0827025],[-0.479159,0.681185,0.553529],[0.23567,-0.507635,0.828714]],[[0.810253,0.585757,-0.0194564],[-0.497444,0.704888,0.50565],[0.309903,-0.400026,0.862519]],[[0.810253,0.585757,-0.0194564],[-0.582121,0.800484,-0.142691],[-0.0680079,0.126942,0.989576]],[[0.810253,0.585757,-0.0194564],[-0.547999,0.745417,-0.379539],[-0.207815,0.318185,0.924971]]],"btipPosition":[-36.7007,293.045,-8.19645],"carpPosition":[-28.6186,285.055,87.8098],"dipPosition":[-41.4439,300.308,12.9154],"direction":[0.0680079,-0.126942,-0.989576],"extended":false,"handId":996,"id":9960,"length":50.8265,"mcpPosition":[-28.6186,285.055,87.8098],"pipPosition":[-43.7053,304.529,45.8206],"stabilizedTipPosition":[-38.7971,302.38,-7.60742],"timeVisible":2.98212,"tipPosition":[-38.168,295.244,-3.39646],"tipVelocity":[27.2781,-133.371,55.8315],"tool":false,"touchDistance":0.554263,"touchZone":"hovering","type":0,"width":19.7488},{"bases":[[[0.84041,-0.500177,-0.208647],[0.535777,0.824743,0.180948],[0.0815738,-0.263859,0.961106]],[[0.841673,-0.538746,-0.0365949],[0.533124,0.839835,-0.102256],[0.0858234,0.0665561,0.994085]],[[0.841673,-0.538746,-0.0365949],[0.506311,0.810926,-0.293341],[0.187712,0.228369,0.955307]],[[0.841673,-0.538746,-0.0365949],[0.474646,0.77044,-0.425598],[0.257483,0.340845,0.904172]]],"btipPosition":[-28.4694,303.624,-64.5186],"carpPosition":[-10.3055,298.543,83.6755],"dipPosition":[-24.179,309.303,-49.4526],"direction":[-0.187712,-0.228369,-0.955307],"extended":true,"handId":996,"id":9961,"length":57.352,"mcpPosition":[-16.1583,317.475,14.7174],"pipPosition":[-19.7542,314.686,-26.9339],"stabilizedTipPosition":[-27.7875,307.025,-61.8926],"timeVisible":2.98212,"tipPosition":[-26.8346,305.929,-61.2705],"tipVelocity":[20.1199,-145.978,62.3895],"tool":false,"touchDistance":0.401485,"touchZone":"hovering","type":1,"width":18.8641},{"bases":[[[0.739971,-0.664448,-0.104649],[0.671806,0.722316,0.164126],[-0.0334634,-0.191752,0.980873]],[[0.740689,-0.657327,-0.138926],[0.427437,0.620585,-0.657398],[0.518341,0.427545,0.740626]],[[0.740689,-0.657327,-0.138926],[-0.41205,-0.281127,-0.866708],[0.530655,0.699206,-0.479079]],[[0.740689,-0.657327,-0.138926],[-0.664906,-0.687544,-0.291861],[0.0963305,0.308551,-0.946317]]],"btipPosition":[-38.0502,262.026,10.0196],"carpPosition":[0.520651,294.122,80.9452],"dipPosition":[-36.2848,267.681,-7.32348],"direction":[-0.530655,-0.699206,0.479079],"extended":false,"handId":996,"id":9962,"length":65.348,"mcpPosition":[2.79754,307.17,14.2054],"pipPosition":[-21.5684,287.072,-20.6096],"stabilizedTipPosition":[-38.7389,272.513,-0.0291571],"timeVisible":2.98212,"tipPosition":[-37.8197,263.117,6.12741],"tipVelocity":[23.523,-114.837,58.998],"tool":false,"touchDistance":0.333333,"touchZone":"none","type":2,"width":18.527},{"bases":[[[0.674218,-0.737972,0.0287622],[0.721547,0.666517,0.187414],[-0.157477,-0.105605,0.98186]],[[0.675594,-0.737002,0.0200162],[0.53724,0.473521,-0.697962],[0.504921,0.482293,0.715855]],[[0.675594,-0.737002,0.0200162],[-0.374544,-0.366468,-0.851715],[0.635051,0.567916,-0.523623]],[[0.675594,-0.737002,0.0200162],[-0.705254,-0.653929,-0.273851],[0.214918,0.170895,-0.961564]]],"btipPosition":[-23.4946,253.967,19.5505],"carpPosition":[9.95943,286.988,79.0568],"dipPosition":[-19.5785,257.081,2.02925],"direction":[-0.635051,-0.567917,0.523623],"extended":false,"handId":996,"id":9963,"length":62.8339,"mcpPosition":[19.5796,293.44,19.0754],"pipPosition":[-2.42169,272.424,-12.1172],"stabilizedTipPosition":[-24.184,268.566,3.51112],"timeVisible":2.98212,"tipPosition":[-22.6663,254.59,14.9222],"tipVelocity":[20.0676,-115.368,103.98],"tool":false,"touchDistance":0.333333,"touchZone":"none","type":3,"width":17.6296},{"bases":[[[0.52291,-0.84515,0.110844],[0.800863,0.531656,0.27561],[-0.291863,-0.0553483,0.954857]],[[0.550646,-0.834678,0.0100475],[0.622994,0.402925,-0.67047],[0.555578,0.375452,0.741868]],[[0.550646,-0.834678,0.0100475],[-0.404276,-0.277197,-0.871621],[0.730308,0.475893,-0.490078]],[[0.550646,-0.834678,0.0100475],[-0.786343,-0.522723,-0.32928],[0.280095,0.173416,-0.944179]]],"btipPosition":[-5.99886,252.388,23.9241],"carpPosition":[15.2937,274.198,78.2841],"dipPosition":[-1.29042,255.303,8.05229],"direction":[-0.730308,-0.475893,0.490078],"extended":false,"handId":996,"id":9964,"length":49.2606,"mcpPosition":[31.7986,277.328,24.2868],"pipPosition":[12.64,264.381,-1.29581],"stabilizedTipPosition":[-6.75197,268.568,7.22654],"timeVisible":2.98212,"tipPosition":[-5.10086,253.054,20.1316],"tipVelocity":[20.4257,-113.691,81.1946],"tool":false,"touchDistance":0.333333,"touchZone":"none","type":4,"width":15.66}],"r":[[0.993563,0.0932093,-0.0643818],[-0.0931453,0.995644,0.00400132],[0.0644743,0.0020213,0.997917]],"s":0.901588,"t":[-8.89244,-30.7277,-15.0052],"timestamp":669664496053},false],[6,{"currentFrameRate":55.3221,"devices":[],"gestures":[],"hands":[{"armBasis":[[0.82729,-0.559964,-0.0450782],[0.539016,0.813822,-0.217154],[0.158284,0.155352,0.975096]],"armWidth":62.1429,"confidence":0.726841,"direction":[0.139842,0.287903,-0.947394],"elbow":[42.771,318.889,343.862],"grabStrength":0,"id":996,"palmNormal":[-0.54489,-0.77652,-0.316405],"palmPosition":[0.0145701,294.039,36.2352],"palmVelocity":[22.0201,-84.9841,43.2476],"palmWidth":88.738,"pinchStrength":0.760609,"r":[[0.993513,0.0949447,-0.0625848],[-0.0950631,0.995471,0.00109075],[0.0624049,0.00486583,0.998039]],"s":0.900355,"sphereCenter":[-17.6172,253.169,3.39773],"sphereRadius":49.5059,"stabilizedPalmPosition":[-0.924933,301.906,30.8757],"t":[-8.48749,-32.2405,-14.2497],"timeVisible":3.00024,"type":"right","wrist":[1.09191,277.982,87.1024]}],"id":4979335,"interactionBox":{"center":[0,200,0],"size":[235.247,235.247,147.751]},"pointables":[{"bases":[[[0.84734,0.525187,0.0787043],[-0.476268,0.685977,0.550095],[0.234914,-0.503602,0.831385]],[[0.812109,0.583016,-0.0239123],[-0.494581,0.709513,0.501977],[0.309627,-0.395833,0.86455]],[[0.812109,0.583016,-0.0239123],[-0.579689,0.801439,-0.147161],[-0.0666331,0.133373,0.988823]],[[0.812109,0.583016,-0.0239123],[-0.546337,0.745346,-0.382066],[-0.204928,0.323343,0.923826]]],"btipPosition":[-36.2803,291.88,-7.78],"carpPosition":[-28.1001,284.425,88.274],"dipPosition":[-40.9577,299.26,13.3057],"direction":[0.0666331,-0.133373,-0.988823],"extended":false,"handId":996,"id":9960,"length":50.8265,"mcpPosition":[-28.1001,284.425,88.274],"pipPosition":[-43.1734,303.695,46.1858],"stabilizedTipPosition":[-38.3405,299.59,-6.12528],"timeVisible":3.00024,"tipPosition":[-37.7176,294.099,-2.9834],"tipVelocity":[25.7344,-99.7746,40.037],"tool":false,"touchDistance":0.538326,"touchZone":"hovering","type":0,"width":19.7488},{"bases":[[[0.838507,-0.504176,-0.206669],[0.538719,0.823989,0.175566],[0.0817774,-0.25855,0.96253]],[[0.839887,-0.541621,-0.0351617],[0.535396,0.837386,-0.110165],[0.0891116,0.0737006,0.993291]],[[0.839887,-0.541621,-0.0351617],[0.507874,0.807102,-0.301081],[0.191451,0.235016,0.95295]],[[0.839887,-0.541621,-0.0351617],[0.475667,0.765718,-0.432917],[0.261401,0.346876,0.900748]]],"btipPosition":[-28.2166,301.972,-64.1092],"carpPosition":[-9.74689,297.829,84.0412],"dipPosition":[-23.8609,307.752,-49.1003],"direction":[-0.191451,-0.235016,-0.95295],"extended":true,"handId":996,"id":9961,"length":57.352,"mcpPosition":[-15.6143,316.38,14.9809],"pipPosition":[-19.348,313.292,-26.6371],"stabilizedTipPosition":[-27.463,304.915,-61.1926],"timeVisible":3.00024,"tipPosition":[-26.5511,304.279,-60.8816],"tipVelocity":[17.5783,-119.279,43.1007],"tool":false,"touchDistance":0.400614,"touchZone":"hovering","type":1,"width":18.8641},{"bases":[[[0.73764,-0.667505,-0.101609],[0.674388,0.721013,0.159188],[-0.0329971,-0.185947,0.982006]],[[0.738342,-0.6606,-0.13586],[0.428729,0.615242,-0.661565],[0.520617,0.430214,0.737478]],[[0.738342,-0.6606,-0.13586],[-0.41406,-0.284997,-0.864483],[0.532358,0.694539,-0.483953]],[[0.738342,-0.6606,-0.13586],[-0.667538,-0.687103,-0.286849],[0.0961424,0.302485,-0.948293]]],"btipPosition":[-37.692,260.98,10.6413],"carpPosition":[1.06142,293.356,81.3246],"dipPosition":[-35.93,266.524,-6.73796],"direction":[-0.532358,-0.694539,0.483953],"extended":false,"handId":996,"id":9962,"length":65.348,"mcpPosition":[3.30658,306.008,14.5077],"pipPosition":[-21.1663,285.785,-20.1592],"stabilizedTipPosition":[-38.3908,270.054,1.57068],"timeVisible":3.00024,"tipPosition":[-37.4615,262.049,6.73613],"tipVelocity":[21.7164,-88.3262,47.0281],"tool":false,"touchDistance":0.333333,"touchZone":"none","type":2,"width":18.527},{"bases":[[[0.671793,-0.740034,0.0322993],[0.72397,0.665186,0.182745],[-0.156722,-0.0993828,0.98263]],[[0.673125,-0.739146,0.0237878],[0.533568,0.463134,-0.70768],[0.512062,0.48905,0.706132]],[[0.673125,-0.739146,0.0237878],[-0.382924,-0.375879,-0.843851],[0.63267,0.558908,-0.536051]],[[0.673125,-0.739146,0.0237878],[-0.709272,-0.654358,-0.2622],[0.20937,0.159621,-0.96472]]],"btipPosition":[-23.1716,252.933,20.7308],"carpPosition":[10.4743,286.18,79.4673],"dipPosition":[-19.3565,255.842,3.15205],"direction":[-0.63267,-0.558908,0.536051],"extended":false,"handId":996,"id":9963,"length":62.8339,"mcpPosition":[20.0484,292.251,19.4388],"pipPosition":[-2.26408,270.941,-11.3301],"stabilizedTipPosition":[-23.9545,266.749,5.11106],"timeVisible":3.00024,"tipPosition":[-22.3408,253.526,15.9658],"tipVelocity":[18.39,-88.8623,85.1436],"tool":false,"touchDistance":0.333333,"touchZone":"none","type":3,"width":17.6296},{"bases":[[[0.520222,-0.84623,0.115169],[0.802936,0.530575,0.271634],[-0.290971,-0.0488364,0.955485]],[[0.547818,-0.836472,0.0145357],[0.620635,0.394689,-0.67752],[0.560989,0.380179,0.735361]],[[0.547818,-0.836472,0.0145357],[-0.410795,-0.284091,-0.866337],[0.728796,0.468623,-0.499248]],[[0.547818,-0.836472,0.0145357],[-0.789846,-0.522852,-0.320576],[0.275752,0.164136,-0.947111]]],"btipPosition":[-5.66262,251.321,24.8161],"carpPosition":[15.7652,273.367,78.7629],"dipPosition":[-1.02717,254.08,8.89493],"direction":[-0.728796,-0.468623,0.499248],"extended":false,"handId":996,"id":9964,"length":49.2606,"mcpPosition":[32.2196,276.129,24.7301],"pipPosition":[12.8744,263.019,-0.62809],"stabilizedTipPosition":[-6.46178,266.331,9.10154],"timeVisible":3.00024,"tipPosition":[-4.75871,251.955,20.927],"tipVelocity":[19.0949,-88.5474,65.6782],"tool":false,"touchDistance":0.333333,"touchZone":"none","type":4,"widt