{"sensorType":"Leap","data":[[0,{"currentFrameRate":55.2211,"devices":[],"gestures":[],"hands":[{"armBasis":[[0.797089,-0.589955,-0.128849],[0.573343,0.806351,-0.145175],[0.189544,0.0418426,0.98098]],"armWidth":62.1429,"confidence":0.724297,"direction":[0.272131,0.457955,-0.846299],"elbow":[37.3353,298.806,345.935],"grabStrength":0.0517166,"id":996,"palmNormal":[-0.521282,-0.669101,-0.529688],"palmPosition":[-6.4526,313.437,41.2457],"palmVelocity":[14.4102,121.017,-202.968],"palmWidth":88.738,"pinchStrength":0.671401,"r":[[0.996096,0.0591386,0.0655459],[-0.0678099,0.98795,0.139125],[-0.0565285,-0.143027,0.988103]],"s":0.975716,"sphereCenter":[-16.9888,276.131,-0.640438],"sphereRadius":50.8011,"stabilizedPalmPosition":[-6.21691,293.807,60.4112],"t":[-14.8209,-16.53,-4.81995],"timeVisible":11.7676,"type":"right","wrist":[-12.5749,287.788,87.6254]}],"id":4979810,"interactionBox":{"center":[0,200,0],"size":[235.247,235.247,147.751]},"pointables":[{"bases":[[[0.844822,0.452298,0.285835],[-0.524022,0.591557,0.612748],[0.108057,-0.667447,0.736775]],[[0.808102,0.572572,0.138319],[-0.554214,0.659516,0.507823],[0.199542,-0.487032,0.850284]],[[0.808102,0.572572,0.138319],[-0.584772,0.808036,0.0715558],[-0.0707958,-0.138709,0.987799]],[[0.808102,0.572572,0.138319],[-0.529702,0.809089,-0.254541],[-0.257655,0.132428,0.957119]]],"btipPosition":[-42.9403,320.784,-9.63997],"carpPosition":[-41.4611,295.485,86.4454],"dipPosition":[-48.8211,323.807,12.2057],"direction":[0.0707958,0.138709,-0.987799],"extended":false,"handId":996,"id":9960,"length":50.8265,"mcpPosition":[-41.4611,295.485,86.4454],"pipPosition":[-51.1752,319.195,45.0517],"stabilizedTipPosition":[-42.9686,296.19,23.7809],"timeVisible":11.7676,"tipPosition":[-43.4659,321.4,-3.93747],"tipVelocity":[1.96898,141.512,-213.047],"tool":false,"touchDistance":-0.371499,"touchZone":"hovering","type":0,"width":19.7488},{"bases":[[[0.843041,-0.500104,-0.197932],[0.535164,0.743245,0.401481],[-0.0536706,-0.444391,0.894224]],[[0.830802,-0.549091,-0.0909289],[0.550085,0.834956,-0.0160054],[0.08471,-0.0367213,0.995729]],[[0.830802,-0.549091,-0.0909289],[0.52529,0.827573,-0.197972],[0.183955,0.116712,0.975981]],[[0.830802,-0.549091,-0.0909289],[0.497802,0.806164,-0.319833],[0.248921,0.220453,0.943101]]],"btipPosition":[-30.501,335.418,-57.3312],"carpPosition":[-22.3186,308.419,87.269],"dipPosition":[-26.3533,339.091,-41.6166],"direction":[-0.183955,-0.116712,-0.975981],"extended":true,"handId":996,"id":9961,"length":57.352,"mcpPosition":[-18.4678,340.304,23.1096],"pipPosition":[-22.0171,341.842,-18.6105],"stabilizedTipPosition":[-31.6374,310.737,-28.7735],"timeVisible":11.7676,"tipPosition":[-29.322,336.586,-53.6747],"tipVelocity":[23.1747,175.925,-197.141],"tool":false,"touchDistance":-0.324067,"touchZone":"hovering","type":1,"width":18.8641},{"bases":[[[0.724372,-0.674874,-0.140822],[0.668678,0.638059,0.381773],[-0.167796,-0.37071,0.913465]],[[0.727057,-0.668629,-0.15596],[0.49467,0.667666,-0.556349],[0.47612,0.327348,0.816182]],[[0.727057,-0.668629,-0.15596],[-0.286183,-0.0886519,-0.954065],[0.62409,0.738292,-0.255805]],[[0.727057,-0.668629,-0.15596],[-0.611286,-0.52698,-0.590442],[0.312599,0.524621,-0.791868]]],"btipPosition":[-45.3853,283.714,6.15724],"carpPosition":[-11.3846,303.968,85.0705],"dipPosition":[-39.6564,293.329,-8.35525],"direction":[-0.62409,-0.738292,0.255805],"extended":false,"handId":996,"id":9962,"length":65.348,"mcpPosition":[0.0324788,329.191,22.9172],"pipPosition":[-22.3487,313.803,-15.4494],"stabilizedTipPosition":[-43.3715,262.136,29.1327],"timeVisible":11.7676,"tipPosition":[-44.1182,285.631,3.82216],"tipVelocity":[8.00218,145.932,-220.515],"tool":false,"touchDistance":0.333333,"touchZone":"none","type":2,"width":18.527},{"bases":[[[0.639302,-0.768237,-0.0332396],[0.713032,0.576069,0.399661],[-0.287886,-0.279205,0.91606]],[[0.642233,-0.765321,-0.0426738],[0.590736,0.529667,-0.608674],[0.488434,0.365701,0.792272]],[[0.642233,-0.765321,-0.0426738],[-0.268919,-0.172835,-0.947529],[0.717788,0.62001,-0.316809]],[[0.642233,-0.765321,-0.0426738],[-0.64735,-0.511739,-0.564855],[0.410457,0.390393,-0.824086]]],"btipPosition":[-32.5943,274.036,16.0871],"carpPosition":[-2.02703,296.779,82.996],"dipPosition":[-25.1151,281.15,1.07092],"direction":[-0.717788,-0.62001,0.316809],"extended":false,"handId":996,"id":9963,"length":62.8339,"mcpPosition":[15.5599,313.835,27.0342],"pipPosition":[-5.72304,297.9,-7.48811],"stabilizedTipPosition":[-29.6986,254.053,36.6814],"timeVisible":11.7676,"tipPosition":[-31.024,275.577,13.5684],"tipVelocity":[5.77672,137.279,-218.419],"tool":false,"touchDistance":0.333333,"touchZone":"none","type":3,"width":17.6296},{"bases":[[[0.475025,-0.879941,0.00743218],[0.775533,0.422622,0.468977],[-0.415813,-0.217012,0.883179]],[[0.496953,-0.866825,-0.0406493],[0.694539,0.42539,-0.580224],[0.520244,0.260111,0.813442]],[[0.496953,-0.866825,-0.0406493],[-0.26609,-0.107629,-0.957921],[0.825975,0.486858,-0.284139]],[[0.496953,-0.866825,-0.0406493],[-0.703905,-0.37527,-0.603068],[0.5075,0.328309,-0.796654]]],"btipPosition":[-15.786,272.57,21.2266],"carpPosition":[2.92628,284.073,80.4094],"dipPosition":[-7.25482,278.089,7.83468],"direction":[-0.825975,-0.486858,0.284139],"extended":false,"handId":996,"id":9964,"length":49.2606,"mcpPosition":[26.4406,296.345,30.4656],"pipPosition":[8.50042,287.375,2.4148],"stabilizedTipPosition":[-12.8813,251.763,44.1326],"timeVisible":11.7676,"tipPosition":[-14.0089,273.752,19.0496],"tipVelocity":[6.5081,131.977,-222.971],"tool":false,"touchDistance":0.333333,"touchZone":"none","type":4,"width":15.66}],"r":[[0.996096,0.0591386,0.0655459],[-0.0678099,0.98795,0.139125],[-0.0565285,-0.143027,0.988103]],"s":0.975716,"t":[-14.8209,-16.53,-4.81995],"timestamp":669673281550},false],[1,{"currentFrameRate":55.233,"devices":[],"gestures":[],"hands":[{"armBasis":[[0.791591,-0.596875,-0.130856],[0.577014,0.800632,-0.161378],[0.20109,0.0522392,0.978179]],"armWidth":62.1429,"confidence":0.73792,"direction":[0.274589,0.456571,-0.846253],"elbow":[40.6418,303.74,341.81],"grabStrength":0.046551,"id":996,"palmNormal":[-0.526964,-0.6647,-0.529606],"palmPosition":[-6.04735,315.625,37.8717],"palmVelocity":[18.2215,121.054,-195.28],"palmWidth":88.738,"pinchStrength":0.678285,"r":[[0.996268,0.0554226,0.0661701],[-0.0644655,0.987556,0.143449],[-0.0573964,-0.147179,0.987443]],"s":0.97654,"sphereCenter":[-16.5369,278.074,-4.08769],"sphereRadius":51.0401,"stabilizedPalmPosition":[-6.21384,294.202,60.0032],"t":[-14.4827,-14.349,-8.33884],"timeVisible":11.7857,"type":"right","wrist":[-12.3087,289.984,84.2379]}],"id":4979811,"interactionBox":{"center":[0,200,0],"size":[235.247,235.247,147.751]},"pointables":[{"bases":[[[0.848563,0.445652,0.285192],[-0.518798,0.59501,0.61385],[0.103871,-0.668848,0.736107]],[[0.811503,0.568616,0.134681],[-0.550684,0.667063,0.501771],[0.195475,-0.481355,0.854451]],[[0.811503,0.568616,0.134681],[-0.580389,0.811088,0.07269],[-0.0679052,-0.137155,0.988219]],[[0.811503,0.568616,0.134681],[-0.528619,0.812575,-0.245527],[-0.249049,0.128052,0.959988]]],"btipPosition":[-42.711,322.973,-13.2691],"carpPosition":[-41.1372,297.901,83.0986],"dipPosition":[-48.3954,325.895,8.64205],"direction":[0.0679052,0.137155,-0.988219],"extended":false,"handId":996,"id":9960,"length":50.8265,"mcpPosition":[-41.1372,297.901,83.0986],"pipPosition":[-50.6533,321.335,41.5021],"stabilizedTipPosition":[-43.0013,297.045,22.7831],"timeVisible":11.7857,"tipPosition":[-43.2042,323.703,-7.50099],"tipVelocity":[8.25119,131.23,-206.882],"tool":false,"touchDistance":-0.416893,"touchZone":"hovering","type":0,"width":19.7488},{"bases":[[[0.838993,-0.506315,-0.19934],[0.541256,0.738841,0.401442],[-0.0559751,-0.444701,0.893928]],[[0.826513,-0.555285,-0.0923855],[0.55663,0.83066,-0.0129009],[0.0839047,-0.0407617,0.99564]],[[0.826513,-0.555285,-0.0923855],[0.533005,0.824769,-0.188846],[0.18106,0.106842,0.977651]],[[0.826513,-0.555285,-0.0923855],[0.506844,0.805497,-0.307058],[0.244921,0.206963,0.947196]]],"btipPosition":[-29.7448,338.337,-60.7731],"carpPosition":[-21.8963,310.69,83.9098],"dipPosition":[-25.6637,341.786,-44.9902],"direction":[-0.18106,-0.106842,-0.977651],"extended":true,"handId":996,"id":9961,"length":57.352,"mcpPosition":[-17.8802,342.596,19.7716],"pipPosition":[-21.3957,344.304,-21.9448],"stabilizedTipPosition":[-31.4416,312.701,-30.7351],"timeVisible":11.7857,"tipPosition":[-28.7019,339.262,-57.062],"tipVelocity":[31.6498,167.765,-193.592],"tool":false,"touchDistance":-0.371387,"touchZone":"hovering","type":1,"width":18.8641},{"bases":[[[0.71907,-0.680227,-0.14223],[0.673945,0.632663,0.38149],[-0.169516,-0.370174,0.913365]],[[0.721782,-0.673996,-0.157355],[0.499041,0.664332,-0.556436],[0.479571,0.323099,0.815855]],[[0.721782,-0.673996,-0.157355],[-0.287936,-0.0856694,-0.95381],[0.629383,0.733751,-0.255902]],[[0.721782,-0.673996,-0.157355],[-0.615921,-0.521791,-0.590233],[0.315708,0.522938,-0.791748]]],"btipPosition":[-45.2486,286.223,2.80407],"carpPosition":[-10.9989,306.157,81.6947],"dipPosition":[-39.4627,295.807,-11.7062],"direction":[-0.629383,-0.733751,0.255902],"extended":false,"handId":996,"id":9962,"length":65.348,"mcpPosition":[0.535162,331.344,19.5482],"pipPosition":[-22.0082,316.156,-18.803],"stabilizedTipPosition":[-43.3849,262.781,28.4056],"timeVisible":11.7857,"tipPosition":[-43.968,288.136,0.460829],"tipVelocity":[8.14001,142.413,-203.931],"tool":false,"touchDistance":0.333333,"touchZone":"none","type":2,"width":18.527},{"bases":[[[0.633423,-0.773031,-0.0346219],[0.71785,0.570325,0.399275],[-0.288907,-0.277763,0.916177]],[[0.636356,-0.770137,-0.0440301],[0.594018,0.525646,-0.608965],[0.492131,0.361364,0.791974]],[[0.636356,-0.770137,-0.0440301],[-0.271333,-0.170038,-0.947347],[0.7221,0.614797,-0.317168]],[[0.636356,-0.770137,-0.0440301],[-0.65187,-0.50636,-0.564504],[0.412451,0.387928,-0.824255]]],"btipPosition":[-32.5174,276.443,12.7129],"carpPosition":[-1.69859,298.899,79.6032],"dipPosition":[-25.0019,283.512,-2.30631],"direction":[-0.7221,-0.614797,0.317168],"extended":false,"handId":996,"id":9963,"length":62.8339,"mcpPosition":[15.9506,315.867,23.6342],"pipPosition":[-5.49341,300.121,-10.8751],"stabilizedTipPosition":[-29.7191,254.504,36.1663],"timeVisible":11.7857,"tipPosition":[-30.9375,277.975,10.1891],"tipVelocity":[5.27206,135.094,-203.414],"tool":false,"touchDistance":0.333333,"touchZone":"none","type":3,"width":17.6296},{"bases":[[[0.468352,-0.88352,0.00615562],[0.779268,0.416352,0.468393],[-0.416397,-0.214576,0.883499]],[[0.490332,-0.870525,-0.0419631],[0.696447,0.420318,-0.581631],[0.523962,0.255967,0.81237]],[[0.490332,-0.870525,-0.0419631],[-0.268889,-0.105303,-0.957398],[0.82902,0.480726,-0.285708]],[[0.490332,-0.870525,-0.0419631],[-0.707749,-0.369625,-0.602054],[0.508593,0.324906,-0.797352]]],"btipPosition":[-15.7287,274.834,17.8782],"carpPosition":[3.15524,286.158,77.0005],"dipPosition":[-7.17911,280.296,4.47453],"direction":[-0.82902,-0.480726,0.285708],"extended":false,"handId":996,"id":9964,"length":49.2606,"mcpPosition":[26.7026,298.293,27.0386],"pipPosition":[8.63421,289.466,-0.975264],"stabilizedTipPosition":[-12.8959,252.164,43.6484],"timeVisible":11.7857,"tipPosition":[-13.9346,276.011,15.6529],"tipVelocity":[5.03556,128.493,-205.18],"tool":false,"touchDistance":0.333333,"touchZone":"none","type":4,"width":15.66}],"r":[[0.996268,0.0554226,0.0661701],[-0.0644655,0.987556,0.143449],[-0.0573964,-0.147179,0.987443]],"s":0.97654,"t":[-14.4827,-14.349,-8.33884],"timestamp":669673299614},false],[2,{"currentFrameRate":55.2373,"devices":[],"gestures":[],"hands":[{"armBasis":[[0.792754,-0.59876,-0.114142],[0.578822,0.798181,-0.16695],[0.191069,0.0662825,0.979336]],"armWidth":62.1429,"confidence":0.665425,"direction":[0.275151,0.462597,-0.842791],"elbow":[38.3155,309.2,339.177],"grabStrength":0.0389425,"id":996,"palmNormal":[-0.531154,-0.657547,-0.534328],"palmPosition":[-5.70097,317.759,35.1465],"palmVelocity":[18.6622,119.591,-174.064],"palmWidth":88.738,"pinchStrength":0.682301,"r":[[0.996472,0.0513809,0.0663626],[-0.0607931,0.98702,0.148647],[-0.0578636,-0.152157,0.986661]],"s":0.977799,"sphereCenter":[-16.0537,280.248,-7.19762],"sphereRadius":51.3222,"stabilizedPalmPosition":[-6.20471,294.621,59.5606],"t":[-14.1404,-12.1914,-11.4609],"timeVisible":11.8038,"type":"right","wrist":[-11.9963,291.746,81.3004]}],"id":4979812,"interactionBox":{"center":[0,200,0],"size":[235.247,235.247,147.751]},"pointables":[{"bases":[[[0.851232,0.439101,0.287392],[-0.514767,0.592118,0.620009],[0.102076,-0.675712,0.730065]],[[0.813444,0.565741,0.135075],[-0.548552,0.668977,0.501558],[0.19339,-0.482086,0.854514]],[[0.813444,0.565741,0.135075],[-0.578241,0.811658,0.0827585],[-0.062815,-0.145425,0.987373]],[[0.813444,0.565741,0.135075],[-0.53026,0.816744,-0.227494],[-0.239025,0.113429,0.964366]]],"btipPosition":[-42.659,325.526,-16.1562],"carpPosition":[-40.7886,299.81,80.2863],"dipPosition":[-48.1146,328.115,5.85481],"direction":[0.062815,0.145425,-0.987373],"extended":false,"handId":996,"id":9960,"length":50.8265,"mcpPosition":[-40.7886,299.81,80.2863],"pipPosition":[-50.2033,323.279,38.6867],"stabilizedTipPosition":[-43.0287,297.916,21.7685],"timeVisible":11.8038,"tipPosition":[-43.0857,326.261,-10.3161],"tipVelocity":[7.07804,133.933,-183.802],"tool":false,"touchDistance":-0.446499,"touchZone":"hovering","type":0,"width":19.7488},{"bases":[[[0.836176,-0.50856,-0.205372],[0.545555,0.732732,0.406785],[-0.0563922,-0.452185,0.89014]],[[0.823638,-0.558467,-0.0986605],[0.56102,0.827799,-0.00223827],[0.0829211,-0.053507,0.995119]],[[0.823638,-0.558467,-0.0986605],[0.538653,0.824794,-0.171952],[0.177404,0.0884829,0.980152]],[[0.823638,-0.558467,-0.0986605],[0.513924,0.808566,-0.286537],[0.239795,0.185299,0.952976]]],"btipPosition":[-29.0909,342.012,-63.3736],"carpPosition":[-21.4852,312.499,81.1709],"dipPosition":[-25.0953,345.099,-47.4944],"direction":[-0.177404,-0.0884829,-0.980152],"extended":true,"handId":996,"id":9961,"length":57.352,"mcpPosition":[-17.4392,344.943,17.3045],"pipPosition":[-20.9135,347.185,-24.39],"stabilizedTipPosition":[-31.1726,315.171,-33.1202],"timeVisible":11.8038,"tipPosition":[-28.2068,342.648,-59.6019],"tipVelocity":[33.2708,182.395,-169.318],"tool":false,"touchDistance":-0.401256,"touchZone":"hovering","type":1,"width":18.8641},{"bases":[[[0.715531,-0.682387,-0.14954],[0.677696,0.626099,0.385652],[-0.169537,-0.377289,0.910445]],[[0.718246,-0.676034,-0.164626],[0.500981,0.666658,-0.551893],[0.482847,0.313921,0.817504]],[[0.718246,-0.676034,-0.164626],[-0.290253,-0.0760805,-0.953921],[0.632358,0.732933,-0.250865]],[[0.718246,-0.676034,-0.164626],[-0.619512,-0.513639,-0.593616],[0.316746,0.52835,-0.78773]]],"btipPosition":[-45.1177,288.84,-0.0876083],"carpPosition":[-10.6139,307.934,78.8952],"dipPosition":[-39.3127,298.523,-14.5243],"direction":[-0.632358,-0.732933,0.250865],"extended":false,"handId":996,"id":9962,"length":65.348,"mcpPosition":[0.921638,333.605,16.9474],"pipPosition":[-21.7758,318.849,-21.4814],"stabilizedTipPosition":[-43.3955,263.537,27.5547],"timeVisible":11.8038,"tipPosition":[-43.8281,290.777,-2.43928],"tipVelocity":[7.82718,144.066,-182.532],"tool":false,"touchDistance":0.333333,"touchZone":"none","type":2,"width":18.527},{"bases":[[[0.629646,-0.775714,-0.0425744],[0.721336,0.5634,0.402809],[-0.288479,-0.284338,0.914293]],[[0.632556,-0.772774,-0.0518981],[0.595898,0.528387,-0.604742],[0.494751,0.351607,0.794729]],[[0.632556,-0.772774,-0.0518981],[-0.27314,-0.159873,-0.948596],[0.724753,0.614216,-0.312204]],[[0.632556,-0.772774,-0.0518981],[-0.655029,-0.498012,-0.568261],[0.413291,0.393452,-0.82121]]],"btipPosition":[-32.3986,278.936,9.63771],"carpPosition":[-1.35246,300.65,76.7225],"dipPosition":[-24.8678,286.106,-5.32603],"direction":[-0.724753,-0.614216,0.312204],"extended":false,"handId":996,"id":9963,"length":62.8339,"mcpPosition":[16.2706,318.02,20.8687],"pipPosition":[-5.28758,302.699,-13.7607],"stabilizedTipPosition":[-29.738,255.025,35.5675],"timeVisible":11.8038,"tipPosition":[-30.8123,280.482,7.11692],"tipVelocity":[5.98167,137.001,-187.194],"tool":false,"touchDistance":0.333333,"touchZone":"none","type":3,"width":17.6296},{"bases":[[[0.464127,-0.885765,-0.00243537],[0.782148,0.40854,0.470466],[-0.415728,-0.220261,0.882415]],[[0.486068,-0.872463,-0.0504632],[0.697178,0.421936,-0.57958],[0.526954,0.246534,0.813351]],[[0.486068,-0.872463,-0.0504632],[-0.27142,-0.0958218,-0.957679],[0.830704,0.479194,-0.28338]],[[0.486068,-0.872463,-0.0504632],[-0.710715,-0.361033,-0.603771],[0.508549,0.329339,-0.795559]]],"btipPosition":[-15.621,277.187,14.8304],"carpPosition":[3.43532,287.91,73.9998],"dipPosition":[-7.07221,282.724,1.45688],"direction":[-0.830704,-0.479194,0.28338],"extended":false,"handId":996,"id":9964,"length":49.2606,"mcpPosition":[26.9448,300.366,24.0992],"pipPosition":[8.77324,291.864,-3.94851],"stabilizedTipPosition":[-12.9087,252.608,43.1094],"timeVisible":11.8038,"tipPosition":[-13.8207,278.377,12.5923],"tipVelocity":[5.46606,129.694,-187.553],"tool":false,"touchDistance":0.333333,"touchZone":"none","type":4,"width":15.66}],"r":[[0.996472,0.0513809,0.0663626],[-0.0607931,0.98702,0.148647],[-0.0578636,-0.152157,0.986661]],"s":0.977799,"t":[-14.1404,-12.1914,-11.4609],"timestamp":669673317703},false],[3,{"currentFrameRate":55.1928,"devices":[],"gestures":[],"hands":[{"armBasis":[[0.784487,-0.610181,-0.110722],[0.594525,0.790781,-0.145618],[0.176411,0.048408,0.983126]],"armWidth":62.1429,"confidence":0.677422,"direction":[0.278588,0.456255,-0.845116],"elbow":[34.9553,307.239,335.506],"grabStrength":0.0303344,"id":996,"palmNormal":[-0.543926,-0.650273,-0.530367],"palmPosition":[-5.00124,320.297,30.3891],"palmVelocity":[28.0634,128.827,-215.388],"palmWidth":88.738,"pinchStrength":0.683109,"r":[[0.996832,0.0450208,0.0655732],[-0.0545929,0.986811,0.152393],[-0.0578475,-0.15549,0.986142]],"s":0.979618,"sphereCenter":[-15.9421,282.692,-11.8786],"sphereRadius":51.4932,"stabilizedPalmPosition":[-6.18492,295.044,59.081],"t":[-13.6194,-9.84388,-15.4006],"timeVisible":11.822,"type":"right","wrist":[-11.4967,294.493,76.6322]}],"id":4979813,"interactionBox":{"center":[0,200,0],"size":[235.247,235.247,147.751]},"pointables":[{"bases":[[[0.859377,0.426222,0.2825],[-0.502497,0.60161,0.620936],[0.0947019,-0.675574,0.731185]],[[0.822417,0.55415,0.128644],[-0.536605,0.680563,0.498888],[0.188908,-0.479324,0.857066]],[[0.822417,0.55415,0.128644],[-0.565927,0.819979,0.0857948],[-0.0579422,-0.143362,0.987973]],[[0.822417,0.55415,0.128644],[-0.520833,0.824405,-0.22156],[-0.228832,0.115213,0.966624]]],"btipPosition":[-42.209,328.481,-20.9087],"carpPosition":[-40.1622,303.009,75.7295],"dipPosition":[-47.4319,331.111,1.15384],"direction":[0.0579422,0.143362,-0.987973],"extended":false,"handId":996,"id":9960,"length":50.8265,"mcpPosition":[-40.1622,303.009,75.7295],"pipPosition":[-49.3586,326.343,34.0057],"stabilizedTipPosition":[-43.0395,298.798,20.7044],"timeVisible":11.822,"tipPosition":[-42.5799,329.236,-15.0555],"tipVelocity":[16.8844,147.482,-220.026],"tool":false,"touchDistance":-0.501292,"touchZone":"hovering","type":0,"width":19.7488},{"bases":[[[0.827077,-0.522205,-0.207956],[0.558933,0.724928,0.402583],[-0.0594775,-0.449201,0.891449]],[[0.814223,-0.571703,-0.10098],[0.574507,0.818498,-0.00159467],[0.0835636,-0.0567152,0.994887]],[[0.814223,-0.571703,-0.10098],[0.552876,0.816652,-0.165552],[0.177112,0.0789672,0.981018]],[[0.814223,-0.571703,-0.10098],[0.528997,0.802266,-0.276644],[0.239171,0.171832,0.955652]]],"btipPosition":[-28.0505,345.274,-68.1969],"carpPosition":[-20.6565,315.393,76.4968],"dipPosition":[-24.0653,348.137,-52.2731],"direction":[-0.177112,-0.0789672,-0.981018],"extended":true,"handId":996,"id":9961,"length":57.352,"mcpPosition":[-16.3891,347.622,12.5365],"pipPosition":[-19.8903,349.999,-29.1484],"stabilizedTipPosition":[-30.8411,317.696,-35.6989],"timeVisible":11.822,"tipPosition":[-27.2981,345.675,-64.3846],"tipVelocity":[44.5427,179.198,-214.375],"tool":false,"touchDistance":-0.46166,"touchZone":"hovering","type":1,"width":18.8641},{"bases":[[[0.703953,-0.693972,-0.15117],[0.689272,0.616169,0.381104],[-0.171329,-0.372476,0.91209]],[[0.706701,-0.687691,-0.166295],[0.508825,0.657318,-0.555904],[0.491599,0.308243,0.814442]],[[0.706701,-0.687691,-0.166295],[-0.295818,-0.0736901,-0.952398],[0.642701,0.722254,-0.255509]],[[0.706701,-0.687691,-0.166295],[-0.630236,-0.505066,-0.58967],[0.32152,0.521526,-0.790339]]],"btipPosition":[-45.0369,291.917,-4.59153],"carpPosition":[-9.86931,310.651,74.1827],"dipPosition":[-39.1444,301.475,-19.076],"direction":[-0.642701,-0.722254,0.255509],"extended":false,"handId":996,"id":9962,"length":65.348,"mcpPosition":[1.78817,335.995,12.1229],"pipPosition":[-21.3207,321.505,-26.1619],"stabilizedTipPosition":[-43.4034,264.383,26.5735],"timeVisible":11.822,"tipPosition":[-43.7244,293.836,-6.97091],"tipVelocity":[6.723,154.97,-213.448],"tool":false,"touchDistance":0.333333,"touchZone":"none","type":2,"width":18.527},{"bases":[[[0.617091,-0.785683,-0.0435966],[0.731992,0.552825,0.398211],[-0.288766,-0.277645,0.916257]],[[0.619985,-0.78283,-0.052877],[0.601436,0.517441,-0.608712],[0.503878,0.34559,0.791628]],[[0.619985,-0.78283,-0.052877],[-0.279865,-0.157682,-0.947002],[0.733003,0.601925,-0.316847]],[[0.619985,-0.78283,-0.052877],[-0.665337,-0.48882,-0.564254],[0.415867,0.38501,-0.823906]]],"btipPosition":[-32.4304,281.841,5.09013],"carpPosition":[-0.734301,303.216,71.9853],"dipPosition":[-24.8527,288.857,-9.92274],"direction":[-0.733003,-0.601925,0.316847],"extended":false,"handId":996,"id":9963,"length":62.8339,"mcpPosition":[16.9063,320.177,16.0114],"pipPosition":[-5.04956,305.119,-18.4828],"stabilizedTipPosition":[-29.7572,255.601,34.8811],"timeVisible":11.822,"tipPosition":[-30.8278,283.358,2.55045],"tipVelocity":[2.56678,146.604,-217.03],"tool":false,"touchDistance":0.333333,"touchZone":"none","type":3,"width":17.6296},{"bases":[[[0.450037,-0.893007,-0.00244943],[0.790655,0.397177,0.465957],[-0.41513,-0.211634,0.884804]],[[0.471936,-0.880183,-0.0505399],[0.701267,0.409512,-0.583544],[0.534323,0.239954,0.810507]],[[0.471936,-0.880183,-0.0505399],[-0.276964,-0.0935912,-0.956311],[0.836999,0.465315,-0.287948]],[[0.471936,-0.880183,-0.0505399],[-0.718919,-0.35102,-0.59995],[0.510326,0.319472,-0.798439]]],"btipPosition":[-15.6554,279.842,10.2],"carpPosition":[3.83879,290.395,69.2709],"dipPosition":[-7.07674,285.213,-3.22192],"direction":[-0.836999,-0.465315,0.287948],"extended":false,"handId":996,"id":9964,"length":49.2606,"mcpPosition":[27.3144,302.363,19.2351],"pipPosition":[8.88878,294.089,-8.71445],"stabilizedTipPosition":[-12.9212,253.068,42.5287],"timeVisible":11.822,"tipPosition":[-13.8431,281,7.94341],"tipVelocity":[2.12725,136.173,-219.383],"tool":false,"touchDistance":0.333333,"touchZone":"none","type":4,"width":15.66}],"r":[[0.996832,0.0450208,0.0655732],[-0.0545929,0.986811,0.152393],[-0.0578475,-0.15549,0.986142]],"s":0.979618,"t":[-13.6194,-9.84388,-15.4006],"timestamp":669673335975},false],[4,{"currentFrameRate":55.27,"devices":[],"gestures":[],"hands":[{"armBasis":[[0.785038,-0.611247,-0.100462],[0.593779,0.788748,-0.15907],[0.17647,0.0652241,0.982143]],"armWidth":62.1429,"confidence":0.692634,"direction":[0.279367,0.458082,-0.843869],"elbow":[35.1994,312.834,332.592],"grabStrength":0.0216246,"id":996,"palmNormal":[-0.545325,-0.647671,-0.532111],"palmPosition":[-4.72859,321.581,27.8055],"palmVelocity":[22.056,102.112,-182.242],"palmWidth":88.738,"pinchStrength":0.680574,"r":[[0.997109,0.0394942,0.0649136],[-0.0492279,0.986538,0.155945],[-0.0578808,-0.15869,0.98563]],"s":0.981859,"sphereCenter":[-15.589,283.974,-14.6386],"sphereRadius":51.6661,"stabilizedPalmPosition":[-6.16519,295.403,58.6573],"t":[-13.2225,-8.02796,-18.6623],"timeVisible":11.8399,"type":"right","wrist":[-11.2684,295.659,73.9764]}],"id":4979814,"interactionBox":{"center":[0,200,0],"size":[235.247,235.247,147.751]},"pointables":[{"bases":[[[0.860282,0.423687,0.283557],[-0.501179,0.600863,0.622723],[0.0934607,-0.67783,0.729254]],[[0.823287,0.552703,0.129296],[-0.535753,0.681379,0.49869],[0.187528,-0.479836,0.857083]],[[0.823287,0.552703,0.129296],[-0.564929,0.82001,0.0918587],[-0.0552538,-0.148669,0.987342]],[[0.823287,0.552703,0.129296],[-0.521482,0.826438,-0.212264],[-0.224175,0.107329,0.968621]]],"btipPosition":[-42.0921,330.089,-23.5609],"carpPosition":[-39.9168,304.236,73.1027],"dipPosition":[-47.2087,332.539,-1.45273],"direction":[0.0552538,0.148669,-0.987342],"extended":false,"handId":996,"id":9960,"length":50.8265,"mcpPosition":[-39.9168,304.236,73.1027],"pipPosition":[-49.046,327.595,31.3781],"stabilizedTipPosition":[-43.045,299.571,19.7536],"timeVisible":11.8399,"tipPosition":[-42.4333,330.762,-17.7051],"tipVelocity":[12.6712,119.45,-186.228],"tool":false,"touchDistance":-0.519122,"touchZone":"hovering","type":0,"width":19.7488},{"bases":[[[0.825987,-0.523281,-0.209575],[0.560461,0.722657,0.404537],[-0.060235,-0.451601,0.890184]],[[0.813035,-0.573096,-0.10264],[0.57662,0.816992,0.00581623],[0.0805232,-0.0639133,0.994702]],[[0.813035,-0.573096,-0.10264],[0.556253,0.816671,-0.153726],[0.171924,0.0678909,0.982768]],[[0.813035,-0.573096,-0.10264],[0.533636,0.804023,-0.262258],[0.232825,0.158452,0.959524]]],"btipPosition":[-27.3702,347.417,-70.7992],"carpPosition":[-20.3861,316.578,73.9018],"dipPosition":[-23.4907,350.057,-54.8109],"direction":[-0.171924,-0.0678909,-0.982768],"extended":true,"handId":996,"id":9961,"length":57.352,"mcpPosition":[-16.0643,348.98,10.0322],"pipPosition":[-19.4381,351.658,-31.6449],"stabilizedTipPosition":[-30.5097,319.999,-38.085],"timeVisible":11.8399,"tipPosition":[-26.7477,347.619,-66.9536],"tipVelocity":[40.8983,150.101,-181.806],"tool":false,"touchDistance":-0.48264,"touchZone":"hovering","type":1,"width":18.8641},{"bases":[[[0.702527,-0.69496,-0.153254],[0.690577,0.613697,0.382727],[-0.171929,-0.37471,0.911062]],[[0.70529,-0.688629,-0.168391],[0.509911,0.657801,-0.554337],[0.4925,0.305104,0.81508]],[[0.70529,-0.688629,-0.168391],[-0.296194,-0.0704376,-0.952527],[0.644077,0.721685,-0.253647]],[[0.70529,-0.688629,-0.168391],[-0.631325,-0.502066,-0.591066],[0.322481,0.523183,-0.788851]]],"btipPosition":[-44.8338,293.372,-7.24076],"carpPosition":[-9.60881,311.821,71.5724],"dipPosition":[-38.9237,302.96,-21.698],"direction":[-0.644077,-0.721685,0.253647],"extended":false,"handId":996,"id":9962,"length":65.348,"mcpPosition":[2.08942,337.317,9.58259],"pipPosition":[-21.0618,322.975,-28.7322],"stabilizedTipPosition":[-43.4051,265.142,25.6701],"timeVisible":11.8399,"tipPosition":[-43.5144,295.303,-9.6334],"tipVelocity":[9.02852,120.65,-182.779],"tool":false,"touchDistance":0.333333,"touchZone":"none","type":2,"width":18.527},{"bases":[[[0.615498,-0.786799,-0.0459258],[0.733172,0.550219,0.399647],[-0.289173,-0.279654,0.915518]],[[0.61836,-0.783962,-0.0550823],[0.603633,0.518666,-0.605485],[0.503247,0.341159,0.793948]],[[0.61836,-0.783962,-0.0550823],[-0.278002,-0.152644,-0.948375],[0.735082,0.60175,-0.312332]],[[0.61836,-0.783962,-0.0550823],[-0.665257,-0.484837,-0.567774],[0.418407,0.387732,-0.82134]]],"btipPosition":[-32.2354,283.27,2.23255],"carpPosition":[-0.489187,304.374,69.3524],"dipPosition":[-24.6113,290.335,-12.7336],"direction":[-0.735082,-0.60175,0.312332],"extended":false,"handId":996,"id":9963,"length":62.8339,"mcpPosition":[17.1763,321.458,13.4237],"pipPosition":[-4.75208,306.593,-21.1716],"stabilizedTipPosition":[-29.7698,256.11,34.2533],"timeVisible":11.8399,"tipPosition":[-30.6176,284.794,-0.285942],"tipVelocity":[6.78795,115.646,-190.057],"tool":false,"touchDistance":0.333333,"touchZone":"none","type":3,"width":17.6296},{"bases":[[[0.448234,-0.893902,-0.00505373],[0.791532,0.394262,0.466942],[-0.415408,-0.2133,0.884273]],[[0.470132,-0.880999,-0.0530684],[0.701986,0.409695,-0.582551],[0.534968,0.236622,0.81106]],[[0.470132,-0.880999,-0.0530684],[-0.277282,-0.090349,-0.956531],[0.837909,0.464411,-0.286761]],[[0.470132,-0.880999,-0.0530684],[-0.719686,-0.347855,-0.600873],[0.510909,0.320682,-0.797581]]],"btipPosition":[-15.4703,281.205,7.50391],"carpPosition":[4.05759,291.552,66.6009],"dipPosition":[-6.88181,286.596,-5.90358],"direction":[-0.837909,-0.464411,0.286761],"extended":false,"handId":996,"id":9964,"length":49.2606,"mcpPosition":[27.549,303.614,16.5952],"pipPosition":[9.10107,295.454,-11.3735],"stabilizedTipPosition":[-12.929,253.468,42.0095],"timeVisible":11.8399,"tipPosition":[-13.6537,282.366,5.24465],"tipVelocity":[6.07228,108.191,-187.237],"tool":false,"touchDistance":0.333333,"touchZone":"none","type":4,"width":15.66}],"r":[[0.997109,0.0394942,0.0649136],[-0.0492279,0.986538,0.155945],[-0.0578808,-0.15869,0.98563]],"s":0.981859,"t":[-13.2225,-8.02796,-18.6623],"timestamp":669673353801},false],[5,{"currentFrameRate":55.2642,"devices":[],"gestures":[],"hands":[{"armBasis":[[0.777596,-0.620694,-0.100421],[0.606164,0.782458,-0.142564],[0.167064,0.0499859,0.984678]],"armWidth":62.1429,"confidence":0.706521,"direction":[0.283784,0.452693,-0.845302],"elbow":[32.6849,310.133,330.698],"grabStrength":0.00939477,"id":996,"palmNormal":[-0.554116,-0.64203,-0.529861],"palmPosition":[-4.51314,322.707,25.1765],"palmVelocity":[17.2194,83.0919,-164.577],"palmWidth":88.738,"pinchStrength":0.670872,"r":[[0.997412,0.0326247,0.0640623],[-0.0424376,0.98647,0.158354],[-0.0580293,-0.160663,0.985302]],"s":0.985453,"sphereCenter":[-15.706,284.969,-17.2804],"sphereRadius":51.926,"stabilizedPalmPosition":[-6.14754,295.695,58.2996],"t":[-12.9164,-6.55709,-21.6076],"timeVisible":11.858,"type":"right","wrist":[-11.3059,296.971,71.4151]}],"id":4979815,"interactionBox":{"center":[0,200,0],"size":[235.247,235.247,147.751]},"pointables":[{"bases":[[[0.865897,0.413597,0.281353],[-0.492753,0.60843,0.622099],[0.0861147,-0.677311,0.730639]],[[0.830134,0.543043,0.126423],[-0.526932,0.689972,0.496267],[0.182266,-0.478585,0.858916]],[[0.830134,0.543043,0.126423],[-0.555294,0.825661,0.0996629],[-0.0502616,-0.152936,0.986957]],[[0.830134,0.543043,0.126423],[-0.515021,0.833692,-0.199277],[-0.213614,0.100316,0.971754]]],"btipPosition":[-42.1731,331.996,-26.2478],"carpPosition":[-39.8469,305.901,70.5638],"dipPosition":[-47.0487,334.285,-4.06811],"direction":[0.0502616,0.152936,-0.986957],"extended":false,"handId":996,"id":9960,"length":50.8265,"mcpPosition":[-39.8469,305.901,70.5638],"pipPosition":[-48.7199,329.2,28.7499],"stabilizedTipPosition":[-43.0506,300.309,18.8381],"timeVisible":11.858,"tipPosition":[-42.434,332.477,-20.4134],"tipVelocity":[5.96965,111.718,-167.757],"tool":false,"touchDistance":-0.535599,"touchZone":"hovering","type":0,"width":19.7488},{"bases":[[[0.819112,-0.533969,-0.2096],[0.569993,0.716538,0.402096],[-0.0645204,-0.448832,0.891284]],[[0.80576,-0.58324,-0.102871],[0.587194,0.809379,0.0104555],[0.0771636,-0.0688299,0.99464]],[[0.80576,-0.58324,-0.102871],[0.56833,0.810331,-0.142704],[0.166591,0.0565208,0.984405]],[[0.80576,-0.58324,-0.102871],[0.547202,0.799606,-0.247385],[0.226541,0.143042,0.963441]]],"btipPosition":[-26.4687,349.373,-73.5744],"carpPosition":[-20.1632,318.002,71.3067],"dipPosition":[-22.6939,351.756,-57.5209],"direction":[-0.166591,-0.0565208,-0.984405],"extended":true,"handId":996,"id":9961,"length":57.352,"mcpPosition":[-15.534,350.205,7.35819],"pipPosition":[-18.767,353.089,-34.3163],"stabilizedTipPosition":[-30.1689,322.076,-40.2925],"timeVisible":11.858,"tipPosition":[-26.0037,349.322,-69.6863],"tipVelocity":[44.4857,128.492,-167.798],"tool":false,"touchDistance":-0.504112,"touchZone":"hovering","type":1,"width":18.8641},{"bases":[[[0.693612,-0.703975,-0.152713],[0.698713,0.605921,0.380342],[-0.175219,-0.370513,0.91215]],[[0.696445,-0.697682,-0.167942],[0.516981,0.650108,-0.556858],[0.49769,0.300998,0.813452]],[[0.696445,-0.697682,-0.167942],[-0.298555,-0.0688893,-0.951903],[0.652556,0.713088,-0.256274]],[[0.696445,-0.697682,-0.167942],[-0.638334,-0.49538,-0.589176],[0.327863,0.517532,-0.790359]]],"btipPosition":[-45.0281,294.906,-9.73793],"carpPosition":[-9.44934,313.106,68.9723],"dipPosition":[-39.0194,304.391,-24.2228],"direction":[-0.652556,-0.713088,0.256274],"extended":false,"handId":996,"id":9962,"length":65.348,"mcpPosition":[2.47279,338.316,6.90843],"pipPosition":[-20.9223,324.167,-31.3299],"stabilizedTipPosition":[-43.4103,265.827,24.8398],"timeVisible":11.858,"tipPosition":[-43.6832,296.827,-12.1592],"tipVelocity":[0.221491,102.911,-161.564],"tool":false,"touchDistance":0.333333,"touchZone":"none","type":2,"width":18.527},{"bases":[[[0.605609,-0.794486,-0.0450526],[0.740541,0.541957,0.397343],[-0.291267,-0.273998,0.916564]],[[0.608488,-0.79171,-0.054205],[0.609368,0.509915,-0.607172],[0.508344,0.336426,0.792719]],[[0.608488,-0.79171,-0.054205],[-0.280627,-0.150784,-0.947899],[0.742288,0.591996,-0.313926]],[[0.608488,-0.79171,-0.054205],[-0.671665,-0.477439,-0.566497],[0.422622,0.381114,-0.822279]]],"btipPosition":[-32.5381,284.682,-0.314205],"carpPosition":[-0.426222,305.541,66.7558],"dipPosition":[-24.8372,291.627,-15.2974],"direction":[-0.742288,-0.591996,0.313926],"extended":false,"handId":996,"id":9963,"length":62.8339,"mcpPosition":[17.3672,322.28,10.7632],"pipPosition":[-4.7833,307.62,-23.7786],"stabilizedTipPosition":[-29.7847,256.56,33.6863],"timeVisible":11.858,"tipPosition":[-30.8966,286.185,-2.84933],"tipVelocity":[-3.93093,96.9728,-166.617],"tool":false,"touchDistance":0.333333,"touchZone":"none","type":3,"width":17.6296},{"bases":[[[0.437088,-0.899411,-0.00369666],[0.797059,0.385437,0.464903],[-0.416715,-0.20615,0.885354]],[[0.459047,-0.886906,-0.0517119],[0.706172,0.399582,-0.584513],[0.539071,0.231801,0.809735]],[[0.459047,-0.886906,-0.0517119],[-0.279718,-0.0890399,-0.955944],[0.843228,0.453288,-0.288957]],[[0.459047,-0.886906,-0.0517119],[-0.724771,-0.340195,-0.599144],[0.513792,0.312514,-0.79897]]],"btipPosition":[-15.7886,282.422,4.97938],"carpPosition":[3.95685,292.657,64.0265],"dipPosition":[-7.15162,287.675,-8.45145],"direction":[-0.843228,-0.453288,0.288957],"extended":false,"handId":996,"id":9964,"length":49.2606,"mcpPosition":[27.5221,304.315,13.9597],"pipPosition":[8.93272,296.322,-13.9632],"stabilizedTipPosition":[-12.9388,253.805,41.5613],"timeVisible":11.858,"tipPosition":[-13.9584,283.555,2.70935],"tipVelocity":[-4.88702,87.8425,-164.593],"tool":false,"touchDistance":0.333333,"touchZone":"none","type":4,"width":15.66}],"r":[[0.997412,0.0326247,0.0640623],[-0.0424376,0.98647,0.158354],[-0.0580293,-0.160663,0.985302]],"s":0.985453,"t":[-12.9164,-6.55709,-21.6076],"timestamp":669673371916},false],[6,{"currentFrameRate":55.1876,"devices":[],"gestures":[],"hands":[{"armBasis":[[0.778667,-0.619085,-0.102034],[0.606678,0.784367,-0.12927],[0.160062,0.0387569,0.986346]],"armWidth":62.1429,"confidence":0.716541,"direction":[0.276886,0.441431,-0.853506],"elbow":[31.8591,310.094,328.421],"grabStrength":0,"id":996,"palmNormal":[-0.555388,-0.651321,-0.517035],"palmPosition":[-3.8754,324.98,22.0541],"palmVelocity":[25.6209,102.606,-167.106],"palmWidth":88.738,"pinchStrength":0.669208,"r":[[0.997685,0.0279476,0.061989],[-0.0374292,0.986808,0.157506],[-0.0567694,-0.159461,0.985571]],"s":0.989227,"sphereCenter":[-15.1668,286.62,-19.8522],"sphereRadius":52.0326,"stabilizedPalmPosition":[-6.12339,296.006,57.9143],"t":[-12.4445,-4.68486,-24.6415],"timeVisible":11.8764,"type":"right","wrist":[-10.2879,299.889,68.6991]}],"id":4979816,"interactionBox":{"center":[0,200,0],"size":[235.247,235.247,147.751]},"pointables":[{"bases":[[[0.86632,0.420342,0.269818],[-0.490754,0.615713,0.616488],[0.0930055,-0.666491,0.739689]],[[0.829047,0.547641,0.113007],[-0.526339,0.696017,0.488394],[0.188809,-0.464381,0.865275]],[[0.829047,0.547641,0.113007],[-0.557633,0.824716,0.0942828],[-0.0415659,-0.141181,0.989111]],[[0.829047,0.547641,0.113007],[-0.519983,0.829357,-0.20441],[-0.205667,0.110704,0.97234]]],"btipPosition":[-41.9781,333.49,-29.3021],"carpPosition":[-38.8628,308.715,67.904],"dipPosition":[-46.6723,336.016,-7.1091],"direction":[0.0415659,0.141181,-0.989111],"extended":false,"handId":996,"id":9960,"length":50.8265,"mcpPosition":[-38.8628,308.715,67.904],"pipPosition":[-48.0544,331.322,25.7806],"stabilizedTipPosition":[-43.0508,300.942,18.0304],"timeVisible":11.8764,"tipPosition":[-42.2101,334.016,-23.4898],"tipVelocity":[9.29044,98.5002,-166.896],"tool":false,"touchDistance":-0.556142,"touchZone":"hovering","type":0,"width":19.7488},{"bases":[[[0.819499,-0.534308,-0.207209],[0.570204,0.724039,0.388117],[-0.0573464,-0.436213,0.898014]],[[0.807076,-0.581882,-0.100207],[0.585075,0.810973,0.00308782],[0.0794687,-0.0611209,0.994962]],[[0.807076,-0.581882,-0.100207],[0.567038,0.811148,-0.1432],[0.164609,0.0587521,0.984608]],[[0.807076,-0.581882,-0.100207],[0.547144,0.800832,-0.24352],[0.221949,0.141711,0.964706]]],"btipPosition":[-26.0081,351,-77.0566],"carpPosition":[-19.2145,320.887,68.3468],"dipPosition":[-22.3099,353.361,-60.982],"direction":[-0.164609,-0.0587521,-0.984608],"extended":true,"handId":996,"id":9961,"length":57.352,"mcpPosition":[-15.1,352.185,3.91538],"pipPosition":[-18.4297,354.746,-37.7726],"stabilizedTipPosition":[-29.8979,323.67,-42.0808],"timeVisible":11.8764,"tipPosition":[-25.6743,350.759,-73.1292],"tipVelocity":[34.6794,109.115,-178.062],"tool":false,"touchDistance":-0.534194,"touchZone":"hovering","type":1,"width":18.8641},{"bases":[[[0.694924,-0.70388,-0.147087],[0.699143,0.613532,0.36712],[-0.168165,-0.357955,0.918471]],[[0.697652,-0.697765,-0.162502],[0.511322,0.643813,-0.569257],[0.501828,0.314053,0.80594]],[[0.697652,-0.697765,-0.162502],[-0.304079,-0.0830131,-0.949023],[0.648705,0.711501,-0.27009]],[[0.697652,-0.697765,-0.162502],[-0.640243,-0.505417,-0.578483],[0.321514,0.50762,-0.799344]]],"btipPosition":[-44.53,296.551,-12.2256],"carpPosition":[-8.49984,315.992,66.0137],"dipPosition":[-38.6376,305.854,-26.8751],"direction":[-0.648705,-0.711501,0.27009],"extended":false,"handId":996,"id":9962,"length":65.348,"mcpPosition":[2.94235,340.348,3.51981],"pipPosition":[-20.6473,325.585,-34.3654],"stabilizedTipPosition":[-43.4058,266.456,24.065],"timeVisible":11.8764,"tipPosition":[-43.2017,298.449,-14.6918],"tipVelocity":[12.4468,95.3375,-149.927],"tool":false,"touchDistance":0.333333,"touchZone":"none","type":2,"width":18.527},{"bases":[[[0.607907,-0.793118,-0.0375773],[0.741289,0.549952,0.384765],[-0.284498,-0.261757,0.922249]],[[0.61069,-0.790492,-0.0466905],[0.605872,0.5044,-0.615223],[0.50988,0.347422,0.786969]],[[0.61069,-0.790492,-0.0466905],[-0.282232,-0.162188,-0.945537],[0.739867,0.590607,-0.322149]],[[0.61069,-0.790492,-0.0466905],[-0.671719,-0.485903,-0.559189],[0.419347,0.372854,-0.827725]]],"btipPosition":[-31.9336,286.528,-2.9978],"carpPosition":[0.53365,308.426,63.8476],"dipPosition":[-24.2924,293.322,-18.0802],"direction":[-0.739867,-0.590607,0.322149],"extended":false,"handId":996,"id":9963,"length":62.8339,"mcpPosition":[17.9136,324.416,7.50768],"pipPosition":[-4.30386,309.278,-26.7835],"stabilizedTipPosition":[-29.7901,256.999,33.1278],"timeVisible":11.8764,"tipPosition":[-30.2948,288.004,-5.51743],"tipVelocity":[13.4141,97.709,-157.282],"tool":false,"touchDistance":0.333333,"touchZone":"none","type":3,"width":17.6296},{"bases":[[[0.439999,-0.897976,0.00636136],[0.79875,0.394597,0.454193],[-0.410364,-0.194763,0.890881]],[[0.461479,-0.886172,-0.0416685],[0.70047,0.392792,-0.595866],[0.544407,0.245792,0.802002]],[[0.461479,-0.886172,-0.0416685],[-0.28633,-0.104324,-0.952434],[0.839674,0.45146,-0.301881]],[[0.461479,-0.886172,-0.0416685],[-0.727674,-0.351237,-0.589171],[0.507472,0.302212,-0.806933]]],"btipPosition":[-15.1731,284.364,2.56222],"carpPosition":[4.94135,295.518,61.2749],"dipPosition":[-6.64243,289.445,-11.0025],"direction":[-0.839674,-0.45146,0.301881],"extended":false,"handId":996,"id":9964,"length":49.2606,"mcpPosition":[28.1475,306.532,10.8955],"pipPosition":[9.37412,298.056,-16.7608],"stabilizedTipPosition":[-12.9418,254.158,41.092],"timeVisible":11.8764,"tipPosition":[-13.3463,285.476,0.214851],"tipVelocity":[12.924,95.3649,-149.47],"tool":false,"touchDistance