{"sensorType":"Leap","data":[[0,{"currentFrameRate":55.2856,"devices":[],"gestures":[],"hands":[{"armBasis":[[0.837841,-0.528788,-0.135671],[0.515796,0.848186,-0.12056],[0.178824,0.0310313,0.983392]],"armWidth":62.1429,"confidence":0.684324,"direction":[0.212719,0.426865,-0.878941],"elbow":[37.2666,284.731,349.384],"grabStrength":0,"id":996,"palmNormal":[-0.481365,-0.737018,-0.474438],"palmPosition":[-6.96786,299.831,42.5145],"palmVelocity":[-43.8973,-177.373,181.924],"palmWidth":88.738,"pinchStrength":0.546551,"r":[[0.990774,0.128303,0.043639],[-0.132511,0.98466,0.113513],[-0.0284055,-0.118249,0.992578]],"s":1.05181,"sphereCenter":[-18.6395,262.613,3.078],"sphereRadius":49.9866,"stabilizedPalmPosition":[2.42097,319.07,8.65895],"t":[-14.2768,-24.7029,-10.4899],"timeVisible":30.9202,"type":"right","wrist":[-9.82103,276.56,90.4394]}],"id":4980860,"interactionBox":{"center":[0,200,0],"size":[235.247,235.247,147.751]},"pointables":[{"bases":[[[0.814219,0.531643,0.233244],[-0.552073,0.584737,0.594388],[0.179616,-0.61273,0.76961]],[[0.781083,0.612137,0.123279],[-0.574999,0.628113,0.524262],[0.243487,-0.480377,0.842586]],[[0.781083,0.612137,0.123279],[-0.619495,0.784427,0.0300092],[-0.0783334,-0.0998102,0.991918]],[[0.781083,0.612137,0.123279],[-0.576307,0.782701,-0.235053],[-0.240375,0.11255,0.964133]]],"btipPosition":[-43.0043,306.077,-6.27813],"carpPosition":[-39.2419,281.941,89.7295],"dipPosition":[-48.4907,308.646,15.7276],"direction":[0.0783334,0.0998102,-0.991918],"extended":false,"handId":996,"id":9960,"length":50.8265,"mcpPosition":[-39.2419,281.941,89.7295],"pipPosition":[-51.0954,305.327,48.7106],"stabilizedTipPosition":[-37.8879,327.147,-28.5513],"timeVisible":30.9202,"tipPosition":[-44.811,307.119,-1.22797],"tipVelocity":[-24.8523,-215.927,182.99],"tool":false,"touchDistance":0.513215,"touchZone":"hovering","type":0,"width":19.7488},{"bases":[[[0.873961,-0.444903,-0.195585],[0.485968,0.804338,0.341871],[0.00521718,-0.39383,0.919169]],[[0.870318,-0.48113,-0.105171],[0.482402,0.875827,-0.0146751],[0.0991723,-0.0379628,0.994346]],[[0.870318,-0.48113,-0.105171],[0.46424,0.872756,-0.150925],[0.164403,0.082528,0.982935]],[[0.870318,-0.48113,-0.105171],[0.446105,0.860636,-0.245551],[0.208656,0.16679,0.963662]]],"btipPosition":[-33.036,321.452,-57.6172],"carpPosition":[-21.1544,296.329,89.2214],"dipPosition":[-29.5593,324.231,-41.5599],"direction":[-0.164403,-0.082528,-0.982935],"extended":true,"handId":996,"id":9961,"length":57.352,"mcpPosition":[-21.5287,324.586,23.2722],"pipPosition":[-25.6839,326.176,-18.39],"stabilizedTipPosition":[-24.3304,340.398,-77.5856],"timeVisible":30.9202,"tipPosition":[-32.2366,321.911,-53.8964],"tipVelocity":[-58.0524,-237.896,175.338],"tool":false,"touchDistance":0.495261,"touchZone":"hovering","type":1,"width":18.8641},{"bases":[[[0.770894,-0.624578,-0.124999],[0.626722,0.708701,0.32398],[-0.113764,-0.328094,0.93777]],[[0.773698,-0.615444,-0.150402],[0.404162,0.662269,-0.630914],[0.487899,0.42735,0.761135]],[[0.773698,-0.615444,-0.150402],[-0.323495,-0.179644,-0.929021],[0.544742,0.767435,-0.338083]],[[0.773698,-0.615444,-0.150402],[-0.588299,-0.609782,-0.531103],[0.235152,0.499394,-0.833852]]],"btipPosition":[-44.5794,264.405,12.0093],"carpPosition":[-9.96848,292.605,86.9375],"dipPosition":[-40.2698,273.557,-3.27265],"direction":[-0.544742,-0.767435,0.338083],"extended":false,"handId":996,"id":9962,"length":65.348,"mcpPosition":[-2.22786,314.929,23.1304],"pipPosition":[-25.1627,294.84,-12.6486],"stabilizedTipPosition":[-32.8174,290.382,-31.9821],"timeVisible":30.9202,"tipPosition":[-43.5809,266.555,8.36889],"tipVelocity":[-57.3122,-183.836,203.866],"tool":false,"touchDistance":0.333333,"touchZone":"none","type":2,"width":18.527},{"bases":[[[0.696298,-0.717688,-0.00970125],[0.676251,0.651447,0.343951],[-0.240529,-0.246052,0.938938]],[[0.701649,-0.711834,-0.0313094],[0.516275,0.53819,-0.666192],[0.491069,0.451269,0.745122]],[[0.701649,-0.711834,-0.0313094],[-0.287029,-0.242157,-0.926809],[0.652153,0.659281,-0.374226]],[[0.701649,-0.711834,-0.0313094],[-0.618197,-0.586326,-0.523502],[0.354289,0.38667,-0.851449]]],"btipPosition":[-30.9148,256.554,20.7792],"carpPosition":[-0.136375,286.044,84.9814],"dipPosition":[-24.4591,263.6,5.26443],"direction":[-0.652153,-0.659281,0.374226],"extended":false,"handId":996,"id":9963,"length":62.8339,"mcpPosition":[14.5575,301.075,27.622],"pipPosition":[-6.84026,281.411,-4.84581],"stabilizedTipPosition":[-19.2355,281.362,-23.5184],"timeVisible":30.9202,"tipPosition":[-29.4583,258.182,17.2819],"tipVelocity":[-58.0472,-183.195,202.009],"tool":false,"touchDistance":0.333333,"touchZone":"none","type":3,"width":17.6296},{"bases":[[[0.542407,-0.839048,0.0423394],[0.752394,0.507575,0.419847],[-0.373763,-0.195872,0.906607]],[[0.572339,-0.81926,-0.0352226],[0.605755,0.451354,-0.655241],[0.552711,0.353684,0.754598]],[[0.572339,-0.81926,-0.0352226],[-0.317032,-0.181458,-0.930894],[0.756253,0.543954,-0.363587]],[[0.572339,-0.81926,-0.0352226],[-0.695592,-0.4623,-0.549936],[0.434257,0.33925,-0.834464]]],"btipPosition":[-13.9245,256.426,26.6366],"carpPosition":[5.72424,273.624,82.9641],"dipPosition":[-6.62451,262.129,12.6091],"direction":[-0.756253,-0.543954,0.363587],"extended":false,"handId":996,"id":9964,"length":49.2606,"mcpPosition":[26.8605,284.701,31.6954],"pipPosition":[7.80082,272.504,5.67376],"stabilizedTipPosition":[-2.07889,280.335,-17.7169],"timeVisible":30.9202,"tipPosition":[-12.3325,257.843,23.5108],"tipVelocity":[-55.3579,-185.018,196.888],"tool":false,"touchDistance":0.333333,"touchZone":"none","type":4,"width":15.66}],"r":[[0.990774,0.128303,0.043639],[-0.132511,0.98466,0.113513],[-0.0284055,-0.118249,0.992578]],"s":1.05181,"t":[-14.2768,-24.7029,-10.4899],"timestamp":669692434126},false],[1,{"currentFrameRate":55.2134,"devices":[],"gestures":[],"hands":[{"armBasis":[[0.792305,-0.599524,-0.113243],[0.580822,0.797976,-0.160873],[0.186812,0.0616864,0.980457]],"armWidth":62.1429,"confidence":0.695559,"direction":[0.280872,0.414104,-0.865811],"elbow":[40.6612,295.401,348.169],"grabStrength":0.0713731,"id":996,"palmNormal":[-0.520584,-0.692148,-0.499923],"palmPosition":[-1.92539,302.445,42.4516],"palmVelocity":[9.34859,112.516,-153.131],"palmWidth":88.738,"pinchStrength":0.640191,"r":[[0.994774,0.0699213,0.0743988],[-0.0761353,0.993531,0.0842552],[-0.0680263,-0.0894792,0.993663]],"s":0.985486,"sphereCenter":[-12.906,263.338,2.2042],"sphereRadius":50.8771,"stabilizedPalmPosition":[-4.08553,288.995,56.4495],"t":[-10.1914,-27.4019,-4.47579],"timeVisible":31.481,"type":"right","wrist":[-8.52979,279.158,89.9971]}],"id":4980891,"interactionBox":{"center":[0,200,0],"size":[235.247,235.247,147.751]},"pointables":[{"bases":[[[0.844881,0.462007,0.269677],[-0.525699,0.623676,0.578506],[0.099083,-0.630538,0.769808]],[[0.813625,0.567139,0.127934],[-0.549632,0.678596,0.48725],[0.189523,-0.466755,0.863841]],[[0.813625,0.567139,0.127934],[-0.573605,0.818944,0.0175434],[-0.0948214,-0.0876574,0.991627]],[[0.813625,0.567139,0.127934],[-0.523442,0.810342,-0.263351],[-0.253027,0.147303,0.956179]]],"btipPosition":[-37.6654,309.196,-8.6415],"carpPosition":[-37.3672,286.921,88.2096],"dipPosition":[-43.4406,312.559,13.1827],"direction":[0.0948214,0.0876574,-0.991628],"extended":false,"handId":996,"id":9960,"length":50.8265,"mcpPosition":[-37.3672,286.921,88.2096],"pipPosition":[-46.5935,309.644,46.156],"stabilizedTipPosition":[-40.0835,293.709,13.3314],"timeVisible":31.481,"tipPosition":[-38.4022,310.139,-3.20298],"tipVelocity":[0.142456,144.114,-159.254],"tool":false,"touchDistance":-0.09199,"touchZone":"hovering","type":0,"width":19.7488},{"bases":[[[0.842002,-0.513221,-0.166242],[0.535816,0.75977,0.368308],[-0.0627174,-0.399191,0.91472]],[[0.830908,-0.551968,-0.0701718],[0.548399,0.833729,-0.0644525],[0.09408,0.0150719,0.995451]],[[0.830908,-0.551968,-0.0701718],[0.524183,0.818829,-0.23399],[0.186614,0.157641,0.969703]],[[0.830908,-0.551968,-0.0701718],[0.498557,0.794564,-0.346568],[0.247051,0.252982,0.935396]]],"btipPosition":[-26.1242,319.87,-57.2417],"carpPosition":[-18.1668,299.792,88.5411],"dipPosition":[-22.0077,324.086,-41.6555],"direction":[-0.186614,-0.157641,-0.969703],"extended":true,"handId":996,"id":9961,"length":57.352,"mcpPosition":[-13.6669,328.433,22.911],"pipPosition":[-17.6088,327.802,-18.7975],"stabilizedTipPosition":[-27.404,306.92,-39.9408],"timeVisible":31.481,"tipPosition":[-24.8363,321.606,-53.7362],"tipVelocity":[16.5579,159.208,-147.056],"tool":false,"touchDistance":-0.0560616,"touchZone":"hovering","type":1,"width":18.8641},{"bases":[[[0.722024,-0.684387,-0.101467],[0.668946,0.653118,0.354893],[-0.176614,-0.324117,0.929384]],[[0.725444,-0.677702,-0.120216],[0.503329,0.641482,-0.57893],[0.469458,0.359473,0.806466]],[[0.725444,-0.677702,-0.120216],[-0.274185,-0.124343,-0.953605],[0.631311,0.724748,-0.276019]],[[0.725444,-0.677702,-0.120216],[-0.606276,-0.546506,-0.577721],[0.325824,0.491988,-0.807333]]],"btipPosition":[-40.769,271.225,7.95639],"carpPosition":[-7.23878,295.186,86.6522],"dipPosition":[-34.7976,280.242,-6.83952],"direction":[-0.631311,-0.724748,0.276019],"extended":false,"handId":996,"id":9962,"length":65.348,"mcpPosition":[4.77829,317.239,23.4157],"pipPosition":[-17.2897,300.341,-14.4943],"stabilizedTipPosition":[-40.6844,258.92,19.0279],"timeVisible":31.481,"tipPosition":[-39.4595,273.121,5.06466],"tipVelocity":[4.19083,137.458,-171.459],"tool":false,"touchDistance":0.333333,"touchZone":"none","type":2,"width":18.527},{"bases":[[[0.635668,-0.771898,0.00994289],[0.712851,0.591887,0.376183],[-0.29626,-0.23204,0.926492]],[[0.646391,-0.762596,-0.0250129],[0.592045,0.521969,-0.614028],[0.481312,0.382094,0.788887]],[[0.646391,-0.762596,-0.0250129],[-0.257169,-0.186884,-0.948124],[0.718361,0.619291,-0.316916]],[[0.646391,-0.762596,-0.0250129],[-0.639532,-0.523617,-0.562871],[0.416146,0.379832,-0.826166]]],"btipPosition":[-27.7664,261.733,17.6525],"carpPosition":[2.09805,287.859,85.0105],"dipPosition":[-20.1836,268.654,2.59849],"direction":[-0.718361,-0.619291,0.316916],"extended":false,"handId":996,"id":9963,"length":62.8339,"mcpPosition":[20.1965,302.034,28.4114],"pipPosition":[-0.776094,285.385,-5.96344],"stabilizedTipPosition":[-26.8755,251.11,25.6719],"timeVisible":31.481,"tipPosition":[-26.1657,263.225,14.8219],"tipVelocity":[4.68458,131.537,-185.135],"tool":false,"touchDistance":0.333333,"touchZone":"none","type":3,"width":17.6296},{"bases":[[[0.470527,-0.880682,0.0548136],[0.774049,0.441782,0.453515],[-0.423618,-0.170963,0.889561]],[[0.51334,-0.857199,-0.0411337],[0.67152,0.431066,-0.602696],[0.534362,0.281766,0.79691]],[[0.51334,-0.857199,-0.0411337],[-0.280207,-0.122114,-0.952141],[0.811151,0.500298,-0.302879]],[[0.51334,-0.857199,-0.0411337],[-0.70277,-0.392383,-0.593422],[0.492541,0.333535,-0.80384]]],"btipPosition":[-11.2165,259.82,24.6011],"carpPosition":[7.00704,275.018,83.0965],"dipPosition":[-2.93676,265.426,11.0884],"direction":[-0.811151,-0.500298,0.302879],"extended":false,"handId":996,"id":9964,"length":49.2606,"mcpPosition":[30.9627,284.686,32.7917],"pipPosition":[12.5357,274.969,5.31102],"stabilizedTipPosition":[-9.8936,249.529,32.2936],"timeVisible":31.481,"tipPosition":[-9.41979,261.124,21.8446],"tipVelocity":[2.11283,123.382,-175.914],"tool":false,"touchDistance":0.333333,"touchZone":"none","type":4,"width":15.66}],"r":[[0.994774,0.0699213,0.0743988],[-0.0761353,0.993531,0.0842552],[-0.0680263,-0.0894792,0.993663]],"s":0.985486,"t":[-10.1914,-27.4019,-4.47579],"timestamp":669692994912},false],[2,{"currentFrameRate":55.3581,"devices":[],"gestures":[],"hands":[{"armBasis":[[0.791605,-0.597571,-0.127552],[0.583062,0.801163,-0.134821],[0.182755,0.0323544,0.982626]],"armWidth":62.1429,"confidence":0.679497,"direction":[0.288241,0.422437,-0.85934],"elbow":[39.0999,289.275,345.055],"grabStrength":0.0701201,"id":996,"palmNormal":[-0.515724,-0.687662,-0.511028],"palmPosition":[-2.01358,304.495,39.0498],"palmVelocity":[2.65918,114.475,-172.008],"palmWidth":88.738,"pinchStrength":0.628953,"r":[[0.994791,0.0666379,0.0771393],[-0.0734754,0.993274,0.0894863],[-0.0706573,-0.094688,0.992996]],"s":0.986579,"sphereCenter":[-12.2276,265.329,-1.75132],"sphereRadius":51.217,"stabilizedPalmPosition":[-4.03693,289.358,56.0414],"t":[-10.151,-25.3499,-7.5777],"timeVisible":31.4985,"type":"right","wrist":[-9.02264,280.755,86.3126]}],"id":4980892,"interactionBox":{"center":[0,200,0],"size":[235.247,235.247,147.751]},"pointables":[{"bases":[[[0.842182,0.459887,0.281486],[-0.531169,0.617885,0.579722],[0.0926807,-0.637747,0.764649]],[[0.811897,0.566825,0.13976],[-0.554967,0.67505,0.486126],[0.181204,-0.472246,0.862641]],[[0.811897,0.566825,0.13976],[-0.575404,0.817408,0.0274851],[-0.0986613,-0.102733,0.989804]],[[0.811897,0.566825,0.13976],[-0.529199,0.81565,-0.2338],[-0.246519,0.115861,0.962188]]],"btipPosition":[-37.762,312.281,-12.525],"carpPosition":[-37.8479,288.52,84.3442],"dipPosition":[-43.3887,314.926,9.43632],"direction":[0.0986613,0.102733,-0.989804],"extended":false,"handId":996,"id":9960,"length":50.8265,"mcpPosition":[-37.8479,288.52,84.3442],"pipPosition":[-46.6693,311.51,42.349],"stabilizedTipPosition":[-40.0179,294.933,12.0033],"timeVisible":31.4985,"tipPosition":[-38.4005,312.872,-7.00008],"tipVelocity":[-1.58034,154.407,-187.212],"tool":false,"touchDistance":-0.156189,"touchZone":"hovering","type":0,"width":19.7488},{"bases":[[[0.843755,-0.51117,-0.163654],[0.532074,0.756536,0.380198],[-0.0705355,-0.40787,0.910311]],[[0.831812,-0.550886,-0.067912],[0.548548,0.834564,-0.0509698],[0.0847555,0.00514434,0.996388]],[[0.831812,-0.550886,-0.067912],[0.526139,0.821529,-0.2197],[0.176822,0.147018,0.973201]],[[0.831812,-0.550886,-0.067912],[0.501838,0.798687,-0.332051],[0.237163,0.242124,0.940813]]],"btipPosition":[-25.2695,322.945,-60.7116],"carpPosition":[-18.6593,301.397,84.9669],"dipPosition":[-21.3177,326.98,-45.035],"direction":[-0.176822,-0.147018,-0.973201],"extended":true,"handId":996,"id":9961,"length":57.352,"mcpPosition":[-13.5984,330.661,19.6532],"pipPosition":[-17.1496,330.445,-22.0946],"stabilizedTipPosition":[-27.0928,308.654,-41.6962],"timeVisible":31.4985,"tipPosition":[-24.0614,324.57,-57.1616],"tipVelocity":[30.4998,165.492,-170.013],"tool":false,"touchDistance":-0.113546,"touchZone":"hovering","type":1,"width":18.8641},{"bases":[[[0.723317,-0.683006,-0.101564],[0.665383,0.650087,0.366951],[-0.184604,-0.333,0.924679]],[[0.726859,-0.67622,-0.120009],[0.5086,0.647419,-0.567605],[0.461522,0.351532,0.814508]],[[0.726859,-0.67622,-0.120009],[-0.264842,-0.114759,-0.957439],[0.633668,0.727706,-0.262505]],[[0.726859,-0.67622,-0.120009],[-0.600474,-0.540924,-0.588924],[0.333327,0.500127,-0.799229]]],"btipPosition":[-40.5285,273.601,3.85408],"carpPosition":[-7.71214,296.815,83.131],"dipPosition":[-34.4197,282.767,-10.7933],"direction":[-0.633668,-0.727706,0.262505],"extended":false,"handId":996,"id":9962,"length":65.348,"mcpPosition":[4.84855,319.472,20.2147],"pipPosition":[-16.8464,302.948,-18.0733],"stabilizedTipPosition":[-40.6153,259.663,18.2075],"timeVisible":31.4985,"tipPosition":[-39.1914,275.525,0.999805],"tipVelocity":[9.45166,137.338,-199.465],"tool":false,"touchDistance":0.333333,"touchZone":"none","type":2,"width":18.527},{"bases":[[[0.636036,-0.771616,0.0082458],[0.709136,0.588681,0.388046],[-0.304277,-0.240964,0.921603]],[[0.646964,-0.76207,-0.0262064],[0.596862,0.527499,-0.604566],[0.474546,0.375491,0.796123]],[[0.646964,-0.76207,-0.0262064],[-0.24885,-0.178527,-0.951946],[0.720771,0.622397,-0.305141]],[[0.646964,-0.76207,-0.0262064],[-0.634138,-0.518634,-0.573488],[0.423446,0.387644,-0.818795]]],"btipPosition":[-27.6347,263.989,13.6755],"carpPosition":[1.64336,289.509,81.5025],"dipPosition":[-19.9189,271.053,-1.24419],"direction":[-0.720771,-0.622397,0.305141],"extended":false,"handId":996,"id":9963,"length":62.8339,"mcpPosition":[20.2315,304.229,25.2021],"pipPosition":[-0.446234,287.868,-9.48801],"stabilizedTipPosition":[-26.8435,251.568,25.1853],"timeVisible":31.4985,"tipPosition":[-25.9955,265.518,10.8431],"tipVelocity":[6.80602,130.979,-203.539],"tool":false,"touchDistance":0.333333,"touchZone":"none","type":3,"width":17.6296},{"bases":[[[0.470573,-0.880908,0.0506253],[0.769744,0.437884,0.464492],[-0.431342,-0.179609,0.884129]],[[0.514083,-0.856591,-0.0444026],[0.675754,0.43635,-0.594101],[0.528276,0.275412,0.803164]],[[0.514083,-0.856591,-0.0444026],[-0.273028,-0.114344,-0.955187],[0.813127,0.503168,-0.292655]],[[0.514083,-0.856591,-0.0444026],[-0.697818,-0.387571,-0.602361],[0.498768,0.340648,-0.796988]]],"btipPosition":[-11.1422,262.025,20.7964],"carpPosition":[6.57703,276.689,79.5105],"dipPosition":[-2.75781,267.751,7.39884],"direction":[-0.813127,-0.503168,0.292655],"extended":false,"handId":996,"id":9964,"length":49.2606,"mcpPosition":[30.9695,286.846,29.5129],"pipPosition":[12.7524,277.349,1.81652],"stabilizedTipPosition":[-9.87395,249.929,31.8723],"timeVisible":31.4985,"tipPosition":[-9.31051,263.359,18.0222],"tipVelocity":[3.736,125.114,-194.161],"tool":false,"touchDistance":0.333333,"touchZone":"none","type":4,"width":15.66}],"r":[[0.994791,0.0666379,0.0771393],[-0.0734754,0.993274,0.0894863],[-0.0706573,-0.094688,0.992996]],"s":0.986579,"t":[-10.151,-25.3499,-7.5777],"timestamp":669693012476},false],[3,{"currentFrameRate":55.3679,"devices":[],"gestures":[],"hands":[{"armBasis":[[0.79739,-0.587997,-0.135753],[0.571367,0.808015,-0.143703],[0.194188,0.0370224,0.980265]],"armWidth":62.1429,"confidence":0.691132,"direction":[0.285532,0.434227,-0.854353],"elbow":[42.443,291.93,341.501],"grabStrength":0.0674137,"id":996,"palmNormal":[-0.505218,-0.689334,-0.519204],"palmPosition":[-1.83576,306.456,36.3673],"palmVelocity":[6.07639,111.766,-161.003],"palmWidth":88.738,"pinchStrength":0.626575,"r":[[0.994573,0.0664016,0.0801013],[-0.0739666,0.992677,0.0955019],[-0.0731733,-0.100908,0.992201]],"s":0.987898,"sphereCenter":[-11.1382,267.25,-4.89904],"sphereRadius":51.4499,"stabilizedPalmPosition":[-3.9716,289.866,55.4575],"t":[-10.0419,-23.3436,-10.4699],"timeVisible":31.5166,"type":"right","wrist":[-8.6901,282.181,83.3803]}],"id":4980893,"interactionBox":{"center":[0,200,0],"size":[235.247,235.247,147.751]},"pointables":[{"bases":[[[0.835305,0.467947,0.288603],[-0.540906,0.605503,0.583769],[0.0984231,-0.643732,0.758895]],[[0.8037,0.576718,0.146499],[-0.565936,0.66482,0.487576],[0.183799,-0.474775,0.860702]],[[0.8037,0.576718,0.146499],[-0.58703,0.80873,0.036772],[-0.0972711,-0.115553,0.988527]],[[0.8037,0.576718,0.146499],[-0.543549,0.81174,-0.213617],[-0.242116,0.0920542,0.965871]]],"btipPosition":[-37.7934,314.448,-15.4265],"carpPosition":[-37.6063,289.594,81.3899],"dipPosition":[-43.3196,316.549,6.61888],"direction":[0.0972711,0.115553,-0.988527],"extended":false,"handId":996,"id":9960,"length":50.8265,"mcpPosition":[-37.6063,289.594,81.3899],"pipPosition":[-46.554,312.707,39.4891],"stabilizedTipPosition":[-39.9631,296.083,10.7174],"timeVisible":31.5166,"tipPosition":[-38.38,314.877,-9.85186],"tipVelocity":[-1.04901,134.893,-174.249],"tool":false,"touchDistance":-0.204225,"touchZone":"hovering","type":0,"width":19.7488},{"bases":[[[0.850767,-0.498744,-0.16568],[0.5211,0.75965,0.389086],[-0.0681953,-0.417357,0.90618]],[[0.839003,-0.53958,-0.0701954],[0.53814,0.841922,-0.0396561],[0.0804967,-0.00450341,0.996745]],[[0.839003,-0.53958,-0.0701954],[0.516927,0.830679,-0.206784],[0.169887,0.137207,0.975865]],[[0.839003,-0.53958,-0.0701954],[0.493777,0.809203,-0.318393],[0.228601,0.232472,0.945356]]],"btipPosition":[-24.8802,325.735,-63.3378],"carpPosition":[-18.5866,302.709,82.1977],"dipPosition":[-21.0711,329.608,-47.5855],"direction":[-0.169887,-0.137207,-0.975865],"extended":true,"handId":996,"id":9961,"length":57.352,"mcpPosition":[-13.6937,332.654,17.1804],"pipPosition":[-17.0665,332.843,-24.5823],"stabilizedTipPosition":[-26.7689,310.538,-43.5853],"timeVisible":31.5166,"tipPosition":[-23.7777,327.217,-59.7427],"tipVelocity":[25.4129,159.413,-158.015],"tool":false,"touchDistance":-0.157026,"touchZone":"hovering","type":1,"width":18.8641},{"bases":[[[0.732348,-0.67269,-0.105615],[0.655806,0.655047,0.375275],[-0.183261,-0.344094,0.920877]],[[0.735816,-0.665781,-0.123735],[0.502941,0.659643,-0.5585],[0.453459,0.348722,0.820224]],[[0.735816,-0.665781,-0.123735],[-0.258928,-0.107775,-0.959865],[0.625725,0.738322,-0.251691]],[[0.735816,-0.665781,-0.123735],[-0.591018,-0.542187,-0.59727],[0.330564,0.51261,-0.792439]]],"btipPosition":[-39.8336,275.435,0.643643],"carpPosition":[-7.57579,298.285,80.3549],"dipPosition":[-33.7754,284.83,-13.8793],"direction":[-0.625725,-0.738322,0.251691],"extended":false,"handId":996,"id":9962,"length":65.348,"mcpPosition":[4.89352,321.698,17.6973],"pipPosition":[-16.4225,305.305,-20.8594],"stabilizedTipPosition":[-40.5341,260.332,17.4269],"timeVisible":31.5166,"tipPosition":[-38.5072,277.403,-2.16765],"tipVelocity":[22.9442,121.844,-188.574],"tool":false,"touchDistance":0.333333,"touchZone":"none","type":2,"width":18.527},{"bases":[[[0.645862,-0.763448,0.00306397],[0.700277,0.59401,0.395934],[-0.304095,-0.253573,0.918274]],[[0.656721,-0.753493,-0.0310776],[0.591991,0.540614,-0.597731],[0.467187,0.374145,0.801094]],[[0.656721,-0.753493,-0.0310776],[-0.24346,-0.172828,-0.954389],[0.713754,0.634333,-0.296945]],[[0.656721,-0.753493,-0.0310776],[-0.625554,-0.521272,-0.580481],[0.421188,0.400655,-0.813681]]],"btipPosition":[-26.8599,265.865,10.5337],"carpPosition":[1.8779,291.116,78.6885],"dipPosition":[-19.1852,273.166,-4.29287],"direction":[-0.713754,-0.634333,0.296945],"extended":false,"handId":996,"id":9963,"length":62.8339,"mcpPosition":[20.455,306.606,22.5914],"pipPosition":[0.097865,290.303,-12.3153],"stabilizedTipPosition":[-26.7954,252.007,24.6887],"timeVisible":31.5166,"tipPosition":[-25.2266,267.443,7.70996],"tipVelocity":[23.7141,119.653,-189.102],"tool":false,"touchDistance":0.333333,"touchZone":"none","type":3,"width":17.6296},{"bases":[[[0.481682,-0.875248,0.0438614],[0.762572,0.443283,0.471152],[-0.431818,-0.193498,0.880961]],[[0.525146,-0.8495,-0.0507122],[0.672514,0.450776,-0.586963],[0.521485,0.274137,0.808024]],[[0.525146,-0.8495,-0.0507122],[-0.267434,-0.108165,-0.957486],[0.807899,0.516382,-0.283988]],[[0.525146,-0.8495,-0.0507122],[-0.690286,-0.390356,-0.609203],[0.497722,0.354926,-0.791391]]],"btipPosition":[-10.3587,264.052,17.6299],"carpPosition":[6.98211,278.38,76.5918],"dipPosition":[-1.9919,270.019,4.32641],"direction":[-0.807899,-0.516382,0.283988],"extended":false,"handId":996,"id":9964,"length":49.2606,"mcpPosition":[31.4015,289.322,26.7734],"pipPosition":[13.4185,279.869,-1.09057],"stabilizedTipPosition":[-9.83659,250.331,31.4232],"timeVisible":31.5166,"tipPosition":[-8.53068,265.435,14.8876],"tipVelocity":[22.4707,120.578,-184.814],"tool":false,"touchDistance":0.333333,"touchZone":"none","type":4,"width":15.66}],"r":[[0.994573,0.0664016,0.0801013],[-0.0739666,0.992677,0.0955019],[-0.0731733,-0.100908,0.992201]],"s":0.987898,"t":[-10.0419,-23.3436,-10.4699],"timestamp":669693030503},false],[4,{"currentFrameRate":55.3627,"devices":[],"gestures":[],"hands":[{"armBasis":[[0.796056,-0.588984,-0.139259],[0.573477,0.807604,-0.13748],[0.19344,0.02958,0.980666]],"armWidth":62.1429,"confidence":0.701327,"direction":[0.287097,0.43493,-0.85347],"elbow":[42.3248,292.161,338.747],"grabStrength":0.0624675,"id":996,"palmNormal":[-0.506068,-0.68762,-0.520648],"palmPosition":[-1.66996,308.702,33.5491],"palmVelocity":[7.54662,117.704,-158.561],"palmWidth":88.738,"pinchStrength":0.628447,"r":[[0.994403,0.065798,0.0826617],[-0.0740119,0.992172,0.100587],[-0.0753962,-0.106142,0.991488]],"s":0.989097,"sphereCenter":[-10.8346,269.402,-7.82117],"sphereRadius":51.5906,"stabilizedPalmPosition":[-3.90754,290.39,54.8477],"t":[-9.90451,-21.2171,-13.3251],"timeVisible":31.5347,"type":"right","wrist":[-8.6112,284.372,80.5207]}],"id":4980894,"interactionBox":{"center":[0,200,0],"size":[235.247,235.247,147.751]},"pointables":[{"bases":[[[0.835936,0.465945,0.290011],[-0.540269,0.605675,0.584181],[0.0965437,-0.645022,0.758041]],[[0.804163,0.576091,0.146428],[-0.565967,0.666799,0.484831],[0.181668,-0.472756,0.862263]],[[0.804163,0.576091,0.146428],[-0.586576,0.808971,0.0386656],[-0.0961811,-0.116985,0.988465]],[[0.804163,0.576091,0.146428],[-0.544287,0.81267,-0.208132],[-0.2389,0.0876729,0.967078]]],"btipPosition":[-37.7047,316.746,-18.402],"carpPosition":[-37.5116,291.842,78.516],"dipPosition":[-43.1574,318.747,3.67098],"direction":[0.0961811,0.116985,-0.988465],"extended":false,"handId":996,"id":9960,"length":50.8265,"mcpPosition":[-37.5116,291.842,78.516],"pipPosition":[-46.3556,314.857,36.5392],"stabilizedTipPosition":[-39.9116,297.167,9.4843],"timeVisible":31.5347,"tipPosition":[-38.2695,317.198,-12.799],"tipVelocity":[2.22726,130.589,-169.479],"tool":false,"touchDistance":-0.253711,"touchZone":"hovering","type":0,"width":19.7488},{"bases":[[[0.849966,-0.500111,-0.165668],[0.522196,0.758095,0.390646],[-0.0697746,-0.418547,0.905511]],[[0.838082,-0.540972,-0.0704846],[0.53991,0.840995,-0.0349947],[0.0782084,-0.00872694,0.996899]],[[0.838082,-0.540972,-0.0704846],[0.519499,0.830825,-0.199627],[0.166553,0.130687,0.977334]],[[0.838082,-0.540972,-0.0704846],[0.497101,0.810486,-0.309843],[0.224743,0.224636,0.948172]]],"btipPosition":[-24.4093,328.493,-66.216],"carpPosition":[-18.4679,304.921,79.3595],"dipPosition":[-20.6645,332.236,-50.4169],"direction":[-0.166553,-0.130687,-0.977334],"extended":true,"handId":996,"id":9961,"length":57.352,"mcpPosition":[-13.4616,334.951,14.3902],"pipPosition":[-16.7385,335.317,-27.379],"stabilizedTipPosition":[-26.4367,312.479,-45.5447],"timeVisible":31.5347,"tipPosition":[-23.4025,329.783,-62.5811],"tipVelocity":[25.3226,155.362,-158.288],"tool":false,"touchDistance":-0.204816,"touchZone":"hovering","type":1,"width":18.8641},{"bases":[[[0.731166,-0.67392,-0.105959],[0.656716,0.653258,0.376799],[-0.184714,-0.345088,0.920215]],[[0.734653,-0.667013,-0.124011],[0.50466,0.659431,-0.557197],[0.453435,0.346763,0.821068]],[[0.734653,-0.667013,-0.124011],[-0.258232,-0.105886,-0.960263],[0.627376,0.737484,-0.250034]],[[0.734653,-0.667013,-0.124011],[-0.591457,-0.540124,-0.598703],[0.332361,0.513186,-0.791313]]],"btipPosition":[-39.7003,277.801,-2.2527],"carpPosition":[-7.46379,300.479,77.5198],"dipPosition":[-33.6092,287.206,-16.755],"direction":[-0.627376,-0.737484,0.250034],"extended":false,"handId":996,"id":9962,"length":65.348,"mcpPosition":[5.10441,323.959,14.9072],"pipPosition":[-16.2104,307.658,-23.6891],"stabilizedTipPosition":[-40.4578,261.003,16.641],"timeVisible":31.5347,"tipPosition":[-38.3646,279.775,-5.06557],"tipVelocity":[15.7429,126.19,-174.958],"tool":false,"touchDistance":0.333333,"touchZone":"none","type":2,"width":18.527},{"bases":[[[0.644414,-0.764672,0.0025122],[0.701054,0.592106,0.397409],[-0.305375,-0.254335,0.917638]],[[0.655146,-0.754865,-0.0310311],[0.594681,0.540585,-0.595081],[0.465981,0.371411,0.803066]],[[0.655146,-0.754865,-0.0310311],[-0.24118,-0.170042,-0.955467],[0.715972,0.633454,-0.293461]],[[0.655146,-0.754865,-0.0310311],[-0.625233,-0.518666,-0.583155],[0.424109,0.401453,-0.811768]]],"btipPosition":[-26.7424,268.218,7.52019],"carpPosition":[1.97778,293.294,75.8511],"dipPosition":[-19.0145,275.534,-7.27149],"direction":[-0.715972,-0.633454,0.293461],"extended":false,"handId":996,"id":9963,"length":62.8339,"mcpPosition":[20.633,308.831,19.7929],"pipPosition":[0.328464,292.647,-15.1997],"stabilizedTipPosition":[-26.7482,252.469,24.1578],"timeVisible":31.5347,"tipPosition":[-25.0951,269.795,4.71919],"tipVelocity":[15.8523,124.722,-178.227],"tool":false,"touchDistance":0.333333,"touchZone":"none","type":3,"width":17.6296},{"bases":[[[0.479987,-0.876221,0.0430038],[0.762998,0.441152,0.472461],[-0.432951,-0.193963,0.880302]],[[0.523431,-0.850532,-0.051141],[0.674563,0.450309,-0.584967],[0.520563,0.271692,0.809443]],[[0.523431,-0.850532,-0.051141],[-0.265659,-0.105873,-0.958236],[0.809596,0.515156,-0.281369]],[[0.523431,-0.850532,-0.051141],[-0.689925,-0.387839,-0.611216],[0.500025,0.355213,-0.78981]]],"btipPosition":[-10.2563,266.353,14.6901],"carpPosition":[7.05971,280.551,73.7403],"dipPosition":[-1.85079,272.324,1.41327],"direction":[-0.809596,-0.515156,0.281369],"extended":false,"handId":996,"id":9964,"length":49.2606,"mcpPosition":[31.5431,291.52,23.9591],"pipPosition":[13.592,282.151,-3.95376],"stabilizedTipPosition":[-9.79918,250.761,30.9342],"timeVisible":31.5347,"tipPosition":[-8.41772,267.732,11.9629],"tipVelocity":[14.7162,123.777,-174.089],"tool":false,"touchDistance":0.333333,"touchZone":"none","type":4,"width":15.66}],"r":[[0.994403,0.065798,0.0826617],[-0.0740119,0.992172,0.100587],[-0.0753962,-0.106142,0.991488]],"s":0.989097,"t":[-9.90451,-21.2171,-13.3251],"timestamp":669693048584},false],[5,{"currentFrameRate":55.3575,"devices":[],"gestures":[],"hands":[{"armBasis":[[0.788855,-0.599752,-0.134185],[0.585943,0.799824,-0.130201],[0.185413,0.0240854,0.982366]],"armWidth":62.1429,"confidence":0.712129,"direction":[0.288877,0.433104,-0.853798],"elbow":[40.177,293.016,335.17],"grabStrength":0.0565154,"id":996,"palmNormal":[-0.519623,-0.678095,-0.519787],"palmPosition":[-1.59895,311.04,29.5584],"palmVelocity":[5.82624,123.204,-188.096],"palmWidth":88.738,"pinchStrength":0.627044,"r":[[0.994558,0.0621826,0.0835946],[-0.0708709,0.991908,0.10534],[-0.0763678,-0.110691,0.990916]],"s":0.990506,"sphereCenter":[-11.4926,271.901,-11.9204],"sphereRadius":51.7118,"stabilizedPalmPosition":[-3.8512,290.894,54.2305],"t":[-9.80029,-18.985,-16.748],"timeVisible":31.5527,"type":"right","wrist":[-8.64544,286.674,76.4955]}],"id":4980895,"interactionBox":{"center":[0,200,0],"size":[235.247,235.247,147.751]},"pointables":[{"bases":[[[0.844693,0.452073,0.286572],[-0.527473,0.612121,0.589135],[0.0909147,-0.648797,0.755511]],[[0.813534,0.563753,0.142636],[-0.55331,0.674959,0.488138],[0.178916,-0.476039,0.861032]],[[0.813534,0.563753,0.142636],[-0.574497,0.817159,0.0469477],[-0.0900897,-0.120138,0.988661]],[[0.813534,0.563753,0.142636],[-0.534677,0.821601,-0.19772],[-0.228655,0.0845876,0.969826]]],"btipPosition":[-37.9334,319.834,-22.2463],"carpPosition":[-37.4379,294.595,74.681],"dipPosition":[-43.1523,321.765,-0.110626],"direction":[0.0900897,0.120138,-0.988661],"extended":false,"handId":996,"id":9960,"length":50.8265,"mcpPosition":[-37.4379,294.595,74.681],"pipPosition":[-46.1479,317.77,32.7641],"stabilizedTipPosition":[-39.8737,298.292,8.18688],"timeVisible":31.5527,"tipPosition":[-38.4341,320.255,-16.6265],"tipVelocity":[-3.42994,149.265,-189.598],"tool":false,"touchDistance":-0.314122,"touchZone":"hovering","type":0,"width":19.7488},{"bases":[[[0.841166,-0.512659,-0.172105],[0.536091,0.748718,0.389908],[-0.0710319,-0.420241,0.904628]],[[0.829239,-0.553535,-0.0772132],[0.552845,0.832669,-0.032008],[0.0820106,-0.0161446,0.996501]],[[0.829239,-0.553535,-0.0772132],[0.532112,0.824185,-0.193844],[0.170937,0.119657,0.977989]],[[0.829239,-0.553535,-0.0772132],[0.509547,0.805531,-0.302459],[0.22962,0.211467,0.95003]]],"btipPosition":[-24.3849,331.859,-70.0882],"carpPosition":[-18.1897,307.375,75.4537],"dipPosition":[-20.5588,335.383,-54.2581],"direction":[-0.170937,-0.119657,-0.977989],"extended":true,"handId":996,"id":9961,"length":57.352,"mcpPosition":[-13.0933,337.527,10.5477],"pipPosition":[-16.5295,338.203,-31.2047],"stabilizedTipPosition":[-26.1468,314.476,-47.6119],"timeVisible":31.5527,"tipPosition":[-23.4416,332.93,-66.4174],"tipVelocity":[14.4197,168.68,-184.65],"tool":false,"touchDistance":-0.269234,"touchZone":"hovering","type":1,"width":18.8641},{"bases":[[[0.720038,-0.684798,-0.112235],[0.668893,0.64186,0.374965],[-0.184736,-0.345062,0.92022]],[[0.723518,-0.677909,-0.130236],[0.511297,0.653028,-0.558685],[0.463786,0.337629,0.819091]],[[0.723518,-0.677909,-0.130236],[-0.265478,-0.0990993,-0.95901],[0.637215,0.728436,-0.25167]],[[0.723518,-0.677909,-0.130236],[-0.603086,-0.528955,-0.597071],[0.335871,0.510535,-0.791546]]],"btipPosition":[-40.3252,280.819,-6.09346],"carpPosition":[-7.26641,302.77,73.5368],"dipPosition":[-34.1698,290.176,-20.6],"direction":[-0.637215,-0.728436,0.25167],"extended":false,"handId":996,"id":9962,"length":65.348,"mcpPosition":[5.30324,326.248,10.9238],"pipPosition":[-16.4981,310.377,-27.5795],"stabilizedTipPosition":[-40.4058,261.74,15.7657],"timeVisible":31.5527,"tipPosition":[-38.9663,282.795,-8.93039],"tipVelocity":[-7.77786,145.249,-192.784],"tool":false,"touchDistance":0.333333,"touchZone":"none","type":2,"width":18.527},{"bases":[[[0.632518,-0.774537,-0.00353896],[0.712397,0.579967,0.395131],[-0.303991,-0.252449,0.918618]],[[0.643089,-0.76491,-0.0367298],[0.600128,0.533184,-0.59629],[0.475692,0.361425,0.801929]],[[0.643089,-0.76491,-0.0367298],[-0.248198,-0.162816,-0.954929],[0.724454,0.623221,-0.294554]],[[0.643089,-0.76491,-0.0367298],[-0.635953,-0.506721,-0.582063],[0.426614,0.397677,-0.812314]]],"btipPosition":[-27.4495,271.035,3.48995],"carpPosition":[2.05319,295.445,71.7917],"dipPosition":[-19.6759,278.281,-11.3117],"direction":[-0.724454,-0.623221,0.294554],"extended":false,"handId":996,"id":9963,"length":62.8339,"mcpPosition":[20.6239,310.867,15.6736],"pipPosition":[-0.103755,295.118,-19.2695],"stabilizedTipPosition":[-26.7211,252.973,23.5581],"timeVisible":31.5527,"tipPosition":[-25.7841,272.597,0.688377],"tipVelocity":[-9.99121,139.058,-199.515],"tool":false,"touchDistance":0.333333,"touchZone":"none","type":3,"width":17.6296},{"bases":[[[0.466622,-0.883659,0.0375667],[0.77243,0.427841,0.469366],[-0.430832,-0.189998,0.882204]],[[0.509719,-0.858497,-0.0562945],[0.679779,0.441987,-0.585277],[0.52734,0.260059,0.808877]],[[0.509719,-0.858497,-0.0562945],[-0.270002,-0.097496,-0.957911],[0.816875,0.503465,-0.281491]],[[0.509719,-0.858497,-0.0562945],[-0.698063,-0.374443,-0.610329],[0.502886,0.350393,-0.790145]]],"btipPosition":[-10.9313,268.915,10.4826],"carpPosition":[6.92528,282.632,69.6128],"dipPosition":[-2.47764,274.805,-2.79991],"direction":[-0.816875,-0.503465,0.281491],"extended":false,"handId":996,"id":9964,"length":49.2606,"mcpPosition":[31.2889,293.376,19.7241],"pipPosition":[13.104,284.409,-8.16928],"stabilizedTipPosition":[-9.78088,251.2,30.4047],"timeVisible":31.5527,"tipPosition":[-9.08251,270.264,7.78862],"tipVelocity":[-9.72946,131.795,-201.977],"tool":false,"touchDistance":0.333333,"touchZone":"none","type":4,"width":15.66}],"r":[[0.994558,0.0621826,0.0835946],[-0.0708709,0.991908,0.10534],[-0.0763678,-0.110691,0.990916]],"s":0.990506,"t":[-9.80029,-18.985,-16.748],"timestamp":669693066666},false],[6,{"currentFrameRate":55.2847,"devices":[],"gestures":[],"hands":[{"armBasis":[[0.78602,-0.603838,-0.132483],[0.588897,0.796563,-0.136703],[0.188077,0.0294323,0.981713]],"armWidth":62.1429,"confidence":0.704586,"direction":[0.287385,0.431995,-0.854863],"elbow":[41.2922,296.324,331.22],"grabStrength":0.0475317,"id":996,"palmNormal":[-0.525207,-0.675296,-0.517816],"palmPosition":[-1.26443,312.923,25.7603],"palmVelocity":[11.7863,113.344,-197.217],"palmWidth":88.738,"pinchStrength":0.627337,"r":[[0.994803,0.0582893,0.0834826],[-0.0672798,0.991732,0.109277],[-0.0764227,-0.114326,0.990499]],"s":0.992465,"sphereCenter":[-11.3603,273.701,-15.7511],"sphereRadius":51.8858,"stabilizedPalmPosition":[-3.79958,291.334,53.6624],"t":[-9.58092,-16.9275,-20.3586],"timeVisible":31.5711,"type":"right","wrist":[-8.23187,288.573,72.718]}],"id":4980896,"interactionBox":{"center":[0,200,0],"size":[235.247,235.247,147.751]},"pointables":[{"bases":[[[0.84815,0.447749,0.283132],[-0.521899,0.614509,0.591608],[0.0909046,-0.649538,0.754875]],[[0.816446,0.560738,0.1378],[-0.548636,0.67892,0.48792],[0.18004,-0.473962,0.861943]],[[0.816446,0.560738,0.1378],[-0.571461,0.818873,0.0536539],[-0.082755,-0.122553,0.989006]],[[0.816446,0.560738,0.1378],[-0.534001,0.824027,-0.189268],[-0.219681,0.0809416,0.972208]]],"btipPosition":[-37.9909,321.94,-26.0081],"carpPosition":[-36.992,296.639,71.0293],"dipPosition":[-43.005,323.788,-3.81808],"direction":[0.082755,0.122553,-0.989006],"extended":false,"handId":996,"id":9960,"length":50.8265,"mcpPosition":[-36.992,296.639,71.0293],"pipPosition":[-45.7567,319.713,29.0681],"stabilizedTipPosition":[-39.8435,299.29,6.98128],"timeVisible":31.5711,"tipPosition":[-38.4131,322.342,-20.365],"tipVelocity":[-2.0562,132.239,-196.721],"tool":false,"touchDistance":-0.367283,"touchZone":"hovering","type":0,"width":19.7488},{"bases":[[[0.83786,-0.516774,-0.175884],[0.541473,0.745886,0.387894],[-0.0692638,-0.420237,0.904767]],[[0.82619,-0.557498,-0.0812838],[0.557178,0.829898,-0.028677],[0.0834446,-0.021597,0.996278]],[[0.82619,-0.557498,-0.0812838],[0.536832,0.82278,-0.186665],[0.170944,0.110585,0.979055]],[[0.82619,-0.557498,-0.0812838],[0.51481,0.805658,-0.293062],[0.228868,0.200279,0.952632]]],"btipPosition":[-24.0471,334.435,-73.8864],"carpPosition":[-17.6773,309.323,71.7246],"dipPosition":[-20.2335,337.772,-58.0129],"direction":[-0.170944,-0.110585,-0.979055],"extended":true,"handId":996,"id":9961,"length":57.352,"mcpPosition":[-12.7077,339.474,6.80869],"pipPosition":[-16.2039,340.379,-34.9345],"stabilizedTipPosition":[-25.8876,316.28,-49.5813],"timeVisible":31.5711,"tipPosition":[-23.2218,335.251,-70.1682],"tipVelocity":[16.2659,154.007,-195.168],"tool":false,"touchDistance":-0.327468,"touchZone":"hovering","type":1,"width":18.8641},{"bases":[[[0.716133,-0.688331,-0.115562],[0.673676,0.638374,0.372344],[-0.182524,-0.344499,0.920872]],[[0.719563,-0.681467,-0.133535],[0.512724,0.651057,-0.559678],[0.468341,0.334257,0.817881]],[[0.719563,-0.681467,-0.133535],[-0.268769,-0.0959906,-0.95841],[0.640307,0.725526,-0.252228]],[[0.719563,-0.681467,-0.133535],[-0.607558,-0.524673,-0.596315],[0.336307,0.510216,-0.791566]]],"btipPosition":[-40.3025,282.92,-9.84249],"carpPosition":[-6.78532,304.664,69.7594],"dipPosition":[-34.139,292.27,-24.3494],"direction":[-0.640307,-0.725526,0.252228],"extended":false,"handId":996,"id":9962,"length":65.348,"mcpPosition":[5.63386,328.104,7.1021],"pipPosition":[-16.3817,312.391,-31.3444],"stabilizedTipPosition":[-40.3606,262.433,14.906],"timeVisible":31.5711,"tipPosition":[-38.9357,284.897,-12.663],"tipVelocity":[-3.40026,130.472,-198.372],"tool":false,"touchDistance":0.333333,"touchZone":"none","type":2,"width":18.527},{"bases":[[[0.628632,-0.777676,-0.00652606],[0.716957,0.576257,0.392302],[-0.301323,-0.251292,0.919813]],[[0.638981,-0.768216,-0.0393371],[0.599786,0.5296,-0.599817],[0.481622,0.359678,0.79917]],[[0.638981,-0.768216,-0.0393371],[-0.253695,-0.162187,-0.95359],[0.726183,0.619306,-0.298527]],[[0.638981,-0.768216,-0.0393371],[-0.641117,-0.503611,-0.57909],[0.425056,0.395248,-0.814314]]],"btipPosition":[-27.4522,273.039,-0.138942],"carpPosition":[2.49015,297.293,67.9718],"dipPosition":[-19.707,280.241,-14.977],"direction":[-0.726183,-0.619306,0.298527],"extended":false,"handId":996,"id":9963,"length":62.8339,"mcpPosition":[20.8979,312.645,11.7807],"pipPosition":[-0.0882138,296.972,-23.0422],"stabilizedTipPosition":[-26.6979,253.452,22.9601],"timeVisible":31.5711,"tipPosition":[-25.7758,274.604,-2.99967],"tipVelocity":[-5.43778,124.486,-198.943],"tool":false,"touchDistance":0.333333,"touchZone":"none","type":3,"width":17.6296},{"bases":[[[0.46237,-0.885986,0.0352469],[0.776547,0.423805,0.466223],[-0.428005,-0.188197,0.883965]],[[0.505161,-0.861025,-0.058716],[0.679771,0.438891,-0.587611],[0.531718,0.256925,0.80701]],[[0.505161,-0.861025,-0.058716],[-0.273983,-0.0954853,-0.956983],[0.81838,0.499518,-0.284142]],[[0.505161,-0.861025,-0.058716],[-0.702203,-0.370521,-0.607968],[0.50172,0.348353,-0.791787]]],"btipPosition":[-10.8875,270.856,6.68017],"carpPosition":[7.28903,284.457,65.7674],"dipPosition":[-2.45344,276.712,-6.62993],"direction":[-0.81838,-0.499518,0.284142],"extended":false,"handId":996,"id":9964,"length":49.2606,"mcpPosition":[31.4927,295.1,15.7791],"pipPosition":[13.1569,286.24,-12.0499],"stabilizedTipPosition":[-9.76506,251.599,29.896],"timeVisible":31.5711,"tipPosition":[-9.03999,272.196,3.98159],"tipVelocity":[-4.02967,119.122,-204.713],"tool":false,"touchDista