{"sensorType":"Leap","data":[[0,{"currentFrameRate":53.9386,"devices":[],"gestures":[],"hands":[{"armBasis":[[0.660696,-0.748671,-0.0545202],[0.740116,0.661828,-0.119217],[0.125337,0.0384148,0.99137]],"armWidth":62.1429,"confidence":0.162111,"direction":[0.277408,0.291208,-0.915556],"elbow":[33.3322,327.674,350.995],"grabStrength":0.0728038,"id":996,"palmNormal":[-0.695513,-0.596554,-0.400481],"palmPosition":[7.08046,335.941,40.3215],"palmVelocity":[-20.5628,162.101,-173.841],"palmWidth":88.738,"pinchStrength":0.412972,"r":[[0.997923,-0.0643745,0.00244424],[0.0643338,0.997828,0.0141253],[-0.00334824,-0.0139387,0.999897]],"s":0.99041,"sphereCenter":[-12.4953,304.331,8.36682],"sphereRadius":44.3441,"stabilizedPalmPosition":[8.06654,328.05,49.4032],"t":[-0.645965,5.40418,-6.78657],"timeVisible":0.05373,"type":"right","wrist":[0.328736,317.559,89.9497]}],"id":4979173,"interactionBox":{"center":[0,200,0],"size":[235.247,235.247,147.751]},"pointables":[{"bases":[[[0.942927,0.289454,0.164637],[-0.330638,0.755027,0.566227],[0.0395911,-0.588346,0.807639]],[[0.914785,0.403918,-0.00442573],[-0.40117,0.909735,0.106984],[0.0472389,-0.0960917,0.994251]],[[0.914785,0.403918,-0.00442573],[-0.401395,0.91019,0.102155],[0.0452906,-0.0916738,0.994759]],[[0.914785,0.403918,-0.00442573],[-0.402719,0.912813,0.0677427],[0.0314023,-0.0601876,0.997693]]],"btipPosition":[-30.8726,340.197,-14.4343],"carpPosition":[-26.3502,331.097,89.8171],"dipPosition":[-30.1559,338.823,8.33739],"direction":[-0.0452906,0.0916738,-0.994759],"extended":false,"handId":996,"id":9960,"length":50.8265,"mcpPosition":[-26.3502,331.097,89.8171],"pipPosition":[-28.6499,335.775,41.4148],"stabilizedTipPosition":[-30.2632,330.229,-3.54396],"timeVisible":0.05373,"tipPosition":[-30.6035,339.863,-9.19822],"tipVelocity":[-15.2029,314.734,-181.023],"tool":false,"touchDistance":1,"touchZone":"none","type":0,"width":19.7488},{"bases":[[[0.69997,-0.688367,-0.190248],[0.711877,0.651165,0.263087],[-0.0572174,-0.319586,0.945828]],[[0.664367,-0.745841,0.0483415],[0.747193,0.66433,-0.0191569],[-0.0178268,0.0488477,0.998647]],[[0.664367,-0.745841,0.0483415],[0.6825,0.579039,-0.445989],[0.304646,0.329294,0.893732]],[[0.664367,-0.745841,0.0483415],[0.549753,0.443832,-0.707662],[0.506347,0.496723,0.704896]]],"btipPosition":[-15.7449,344.473,-54.9089],"carpPosition":[-4.97885,339.629,87.6082],"dipPosition":[-7.30781,352.75,-43.1634],"direction":[-0.304646,-0.329294,-0.893732],"extended":true,"handId":996,"id":9961,"length":57.352,"mcpPosition":[-0.873568,362.559,19.7462],"pipPosition":[-0.126642,360.512,-22.0962],"stabilizedTipPosition":[-14.0075,334.842,-45.7568],"timeVisible":0.05373,"tipPosition":[-13.5605,346.445,-52.2637],"tipVelocity":[4.19602,310.917,-167.359],"tool":false,"touchDistance":0.614595,"touchZone":"hovering","type":1,"width":18.8641},{"bases":[[[0.554121,-0.826069,-0.102757],[0.818538,0.51824,0.247837],[-0.151478,-0.221443,0.963337]],[[0.556989,-0.821562,-0.121652],[0.358481,0.369952,-0.857104],[0.749169,0.433787,0.500574]],[[0.556989,-0.821562,-0.121652],[-0.663551,-0.352121,-0.660084],[0.499464,0.448382,-0.741275]],[[0.556989,-0.821562,-0.121652],[-0.830479,-0.549507,-0.0913552],[0.0082051,0.151914,-0.98836]]],"btipPosition":[-34.3606,312.173,34.8353],"carpPosition":[4.55104,332.716,85.2416],"dipPosition":[-34.2102,314.957,16.7218],"direction":[-0.499464,-0.448382,0.741275],"extended":false,"handId":996,"id":9962,"length":65.348,"mcpPosition":[14.8578,347.783,19.6949],"pipPosition":[-20.3588,327.392,-3.83575],"stabilizedTipPosition":[-31.7459,304.414,37.4609],"timeVisible":0.05373,"tipPosition":[-34.3531,312.768,30.852],"tipVelocity":[-86.3965,278.492,-221.166],"tool":false,"touchDistance":0.333333,"touchZone":"none","type":2,"width":18.527},{"bases":[[[0.462498,-0.886354,0.0217368],[0.85079,0.450574,0.270445],[-0.249504,-0.106587,0.96249]],[[0.464635,-0.8854,0.0134263],[0.475864,0.236877,-0.84702],[0.746771,0.399944,0.531392]],[[0.464635,-0.8854,0.0134263],[-0.647455,-0.350033,-0.676963],[0.604083,0.305848,-0.735895]],[[0.464635,-0.8854,0.0134263],[-0.880702,-0.46364,-0.0969622],[0.0920753,0.0332275,-0.995198]]],"btipPosition":[-23.2981,303.716,39.5257],"carpPosition":[11.9973,323.5,83.4634],"dipPosition":[-21.6203,304.321,21.3916],"direction":[-0.604083,-0.305848,0.735895],"extended":false,"handId":996,"id":9963,"length":62.8339,"mcpPosition":[27.2395,330.011,24.6652],"pipPosition":[-5.3002,312.584,1.51041],"stabilizedTipPosition":[-18.4046,295.131,45.4539],"timeVisible":0.05373,"tipPosition":[-22.7625,303.966,36.1059],"tipVelocity":[-116.4,230.643,-262.185],"tool":false,"touchDistance":0.333333,"touchZone":"none","type":3,"width":17.6296},{"bases":[[[0.283537,-0.954915,0.0880023],[0.88696,0.296029,0.354498],[-0.364567,-0.0224589,0.930906]],[[0.245112,-0.952271,0.181935],[0.577961,-0.00714085,-0.816033],[0.778384,0.305171,0.548625]],[[0.245112,-0.952271,0.181935],[-0.664156,-0.301641,-0.684039],[0.706269,0.0468327,-0.706392]],[[0.245112,-0.952271,0.181935],[-0.952079,-0.271842,-0.140169],[0.182936,-0.13886,-0.973269]]],"btipPosition":[-8.79649,302.007,40.4771],"carpPosition":[13.9762,309.819,82.2037],"dipPosition":[-5.72129,299.673,24.1163],"direction":[-0.706269,-0.0468327,0.706392],"extended":false,"handId":996,"id":9964,"length":49.2606,"mcpPosition":[34.5924,311.089,29.5608],"pipPosition":[7.7506,300.566,10.642],"stabilizedTipPosition":[-2.56046,293.513,48.8632],"timeVisible":0.05373,"tipPosition":[-7.86582,301.619,37.6661],"tipVelocity":[-121.882,185.207,-275.666],"tool":false,"touchDistance":0.333333,"touchZone":"none","type":4,"width":15.66}],"r":[[0.997923,-0.0643745,0.00244424],[0.0643338,0.997828,0.0141253],[-0.00334824,-0.0139387,0.999897]],"s":0.99041,"t":[-0.645965,5.40418,-6.78657],"timestamp":669661567663},false],[1,{"currentFrameRate":54.0364,"devices":[],"gestures":[],"hands":[{"armBasis":[[0.675176,-0.735476,-0.0566705],[0.724708,0.675696,-0.135032],[0.137605,0.050101,0.989219]],"armWidth":62.1429,"confidence":0.213522,"direction":[0.279637,0.320523,-0.905024],"elbow":[36.3352,331.728,346.125],"grabStrength":0.074555,"id":996,"palmNormal":[-0.681901,-0.597274,-0.422226],"palmPosition":[6.93059,338.364,36.5887],"palmVelocity":[-14.6937,148.43,-188.958],"palmWidth":88.738,"pinchStrength":0.417041,"r":[[0.996898,-0.0785288,0.00520435],[0.0783612,0.99656,0.0269883],[-0.0073058,-0.0264968,0.999622]],"s":0.984042,"sphereCenter":[-11.8663,307.005,3.51884],"sphereRadius":44.4071,"stabilizedPalmPosition":[8.0356,328.331,49.0542],"t":[-0.906246,7.98781,-9.96363],"timeVisible":0.07189,"type":"right","wrist":[0.101372,318.535,85.6461]}],"id":4979174,"interactionBox":{"center":[0,200,0],"size":[235.247,235.247,147.751]},"pointables":[{"bases":[[[0.936449,0.300917,0.18031],[-0.348121,0.73371,0.583508],[0.0432922,-0.609195,0.791838]],[[0.907416,0.420027,0.0132176],[-0.418029,0.898987,0.130667],[0.0430012,-0.124095,0.991338]],[[0.907416,0.420027,0.0132176],[-0.418324,0.899846,0.123619],[0.0400297,-0.117703,0.992242]],[[0.907416,0.420027,0.0132176],[-0.419693,0.904202,0.0792208],[0.0213235,-0.0774336,0.996769]]],"btipPosition":[-30.7164,343.338,-18.3525],"carpPosition":[-26.8053,331.615,85.6524],"dipPosition":[-30.2297,341.57,4.39812],"direction":[-0.0400297,0.117703,-0.992242],"extended":false,"handId":996,"id":9960,"length":50.8265,"mcpPosition":[-26.8053,331.615,85.6524],"pipPosition":[-28.8987,337.656,37.3919],"stabilizedTipPosition":[-30.3696,334.19,-6.53041],"timeVisible":0.07189,"tipPosition":[-30.4675,342.943,-13.1139],"tipVelocity":[-5.2422,244.768,-197.711],"tool":false,"touchDistance":0.94885,"touchZone":"hovering","type":0,"width":19.7488},{"bases":[[[0.713237,-0.670953,-0.202769],[0.698416,0.655849,0.286493],[-0.0592379,-0.345954,0.936379]],[[0.677311,-0.735023,0.0314811],[0.735356,0.67768,0.0014346],[-0.0223885,0.0221781,0.999503]],[[0.677311,-0.735023,0.0314811],[0.673457,0.602217,-0.428708],[0.296152,0.31157,0.902894]],[[0.677311,-0.735023,0.0314811],[0.543877,0.47144,-0.694221],[0.495427,0.487325,0.719073]]],"btipPosition":[-15.6151,348.995,-58.4732],"carpPosition":[-5.56734,340.567,83.854],"dipPosition":[-7.35998,357.115,-46.4915],"direction":[-0.296152,-0.31157,-0.902894],"extended":true,"handId":996,"id":9961,"length":57.352,"mcpPosition":[-1.31709,365.389,16.67],"pipPosition":[-0.379034,364.459,-25.2083],"stabilizedTipPosition":[-13.9258,339.336,-48.5509],"timeVisible":0.07189,"tipPosition":[-13.3719,350.957,-55.7925],"tipVelocity":[4.50423,280.449,-179.718],"tool":false,"touchDistance":0.533818,"touchZone":"hovering","type":1,"width":18.8641},{"bases":[[[0.569093,-0.813434,-0.120245],[0.807472,0.52522,0.268577],[-0.155314,-0.24994,0.955724]],[[0.572012,-0.808408,-0.13885],[0.366332,0.40324,-0.838569],[0.733896,0.428806,0.526804]],[[0.572012,-0.808408,-0.13885],[-0.648161,-0.341741,-0.680515],[0.502683,0.47926,-0.719458]],[[0.572012,-0.808408,-0.13885],[-0.820088,-0.560336,-0.116101],[0.0160541,0.18028,-0.983484]]],"btipPosition":[-34.0668,314.138,29.5673],"carpPosition":[4.09897,333.884,81.3829],"dipPosition":[-33.7725,317.442,11.5431],"direction":[-0.502683,-0.47926,0.719458],"extended":false,"handId":996,"id":9962,"length":65.348,"mcpPosition":[14.6667,350.89,16.3543],"pipPosition":[-19.8318,330.733,-8.40939],"stabilizedTipPosition":[-32.2714,306.859,34.6533],"timeVisible":0.07189,"tipPosition":[-34.0147,314.822,25.7848],"tipVelocity":[-36.6234,200.437,-253.487],"tool":false,"touchDistance":0.333333,"touchZone":"none","type":2,"width":18.527},{"bases":[[[0.477533,-0.878612,0.00180576],[0.840705,0.457526,0.289629],[-0.255298,-0.136789,0.957137]],[[0.479764,-0.877373,-0.00662517],[0.493516,0.276092,-0.824752],[0.725444,0.392416,0.565456]],[[0.479764,-0.877373,-0.00662517],[-0.622836,-0.335241,-0.706887],[0.617982,0.343265,-0.707296]],[[0.479764,-0.877373,-0.00662517],[-0.870248,-0.474878,-0.130994],[0.111785,0.0686118,-0.991361]]],"btipPosition":[-23.0297,305.58,33.483],"carpPosition":[11.7171,324.847,79.4205],"dipPosition":[-20.9928,306.831,15.4188],"direction":[-0.617982,-0.343265,0.707296],"extended":false,"handId":996,"id":9963,"length":62.8339,"mcpPosition":[27.3131,333.204,20.9493],"pipPosition":[-4.29718,316.104,-3.68977],"stabilizedTipPosition":[-18.9241,296.473,43.4387],"timeVisible":0.07189,"tipPosition":[-22.3882,305.975,30.3677],"tipVelocity":[-51.6906,173.532,-295.406],"tool":false,"touchDistance":0.333333,"touchZone":"none","type":3,"width":17.6296},{"bases":[[[0.299259,-0.951976,0.0646918],[0.878865,0.301406,0.369799],[-0.371539,-0.0538104,0.926857]],[[0.259118,-0.952424,0.160456],[0.599761,0.0284499,-0.799673],[0.757063,0.303445,0.578599]],[[0.259118,-0.952424,0.160456],[-0.637729,-0.29348,-0.71216],[0.725369,0.082206,-0.683434]],[[0.259118,-0.952424,0.160456],[-0.943124,-0.285329,-0.170601],[0.208267,-0.107124,-0.972188]]],"btipPosition":[-8.49165,304.053,34.823],"carpPosition":[13.9417,311.241,77.8103],"dipPosition":[-4.99064,302.252,18.4804],"direction":[-0.725369,-0.082206,0.683434],"extended":false,"handId":996,"id":9964,"length":49.2606,"mcpPosition":[34.9522,314.284,25.3965],"pipPosition":[8.84558,303.82,5.44405],"stabilizedTipPosition":[-2.92092,294.225,47.6116],"timeVisible":0.07189,"tipPosition":[-7.46128,303.787,32.1784],"tipVelocity":[-53.1986,153.851,-292.568],"tool":false,"touchDistance":0.333333,"touchZone":"none","type":4,"width":15.66}],"r":[[0.996898,-0.0785288,0.00520435],[0.0783612,0.99656,0.0269883],[-0.0073058,-0.0264968,0.999622]],"s":0.984042,"t":[-0.906246,7.98781,-9.96363],"timestamp":669661585823},false],[2,{"currentFrameRate":54.1374,"devices":[],"gestures":[],"hands":[{"armBasis":[[0.671702,-0.739107,-0.0503749],[0.727355,0.670872,-0.144518],[0.140609,0.0604325,0.988219]],"armWidth":62.1429,"confidence":0.266344,"direction":[0.286352,0.328791,-0.899944],"elbow":[36.819,334.74,343.92],"grabStrength":0.076273,"id":996,"palmNormal":[-0.684143,-0.587422,-0.432299],"palmPosition":[7.00538,339.164,34.9104],"palmVelocity":[-5.73587,98.8074,-143.123],"palmWidth":88.738,"pinchStrength":0.423157,"r":[[0.995788,-0.0913314,0.00803984],[0.0909449,0.995066,0.0396634],[-0.0116227,-0.0387651,0.999181]],"s":0.976212,"sphereCenter":[-11.9452,308.033,1.25822],"sphereRadius":44.4729,"stabilizedPalmPosition":[8.01185,328.581,48.7281],"t":[-0.998994,9.67965,-12.3913],"timeVisible":0.090005,"type":"right","wrist":[-0.2059,318.827,83.7041]}],"id":4979175,"interactionBox":{"center":[0,200,0],"size":[235.247,235.247,147.751]},"pointables":[{"bases":[[[0.937714,0.292,0.188224],[-0.345637,0.729517,0.590203],[0.0350268,-0.618499,0.785004]],[[0.910028,0.414005,0.0212059],[-0.412615,0.899665,0.142658],[0.0399828,-0.138573,0.989545]],[[0.910028,0.414005,0.0212059],[-0.412976,0.900943,0.13324],[0.0360568,-0.13001,0.990857]],[[0.910028,0.414005,0.0212059],[-0.414365,0.90692,0.0761373],[0.0122891,-0.0780741,0.996872]]],"btipPosition":[-30.4428,344.953,-20.1424],"carpPosition":[-27.0169,332.102,83.7315],"dipPosition":[-30.1623,343.171,2.61059],"direction":[-0.0360568,0.13001,-0.990857],"extended":false,"handId":996,"id":9960,"length":50.8265,"mcpPosition":[-27.0169,332.102,83.7315],"pipPosition":[-28.9633,338.848,35.5583],"stabilizedTipPosition":[-30.372,337.093,-8.87981],"timeVisible":0.090005,"tipPosition":[-30.1897,344.568,-14.8962],"tipVelocity":[3.19617,170.617,-150.626],"tool":false,"touchDistance":0.860458,"touchZone":"hovering","type":0,"width":19.7488},{"bases":[[[0.70934,-0.673778,-0.207028],[0.701742,0.647422,0.297327],[-0.0662976,-0.356186,0.93206]],[[0.672551,-0.739683,0.023307],[0.739758,0.672837,0.00690264],[-0.0207876,0.0125992,0.999705]],[[0.672551,-0.739683,0.023307],[0.676433,0.601657,-0.424792],[0.300188,0.30146,0.904991]],[[0.672551,-0.739683,0.023307],[0.545535,0.474251,-0.690997],[0.500066,0.477446,0.722481]]],"btipPosition":[-15.487,350.884,-59.9946],"carpPosition":[-5.7062,340.918,82.1375],"dipPosition":[-7.15455,358.84,-47.956],"direction":[-0.300188,-0.30146,-0.904991],"extended":true,"handId":996,"id":9961,"length":57.352,"mcpPosition":[-0.94943,366.474,15.2633],"pipPosition":[-0.0784485,365.946,-26.6234],"stabilizedTipPosition":[-13.8227,343.218,-51.0684],"timeVisible":0.090005,"tipPosition":[-13.0854,352.851,-57.3285],"tipVelocity":[6.19412,195.624,-133.811],"tool":false,"touchDistance":0.491146,"touchZone":"hovering","type":1,"width":18.8641},{"bases":[[[0.563768,-0.816136,-0.126833],[0.809936,0.516214,0.278437],[-0.161769,-0.2597,0.952043]],[[0.566764,-0.811012,-0.145045],[0.388633,0.418406,-0.820915],[0.72646,0.408895,0.552323]],[[0.566764,-0.811012,-0.145045],[-0.637971,-0.32062,-0.70014],[0.521318,0.489348,-0.699118]],[[0.566764,-0.811012,-0.145045],[-0.823341,-0.551176,-0.135331],[0.0298098,0.196122,-0.980126]]],"btipPosition":[-34.2225,315.477,26.2458],"carpPosition":[3.92339,334.193,79.6362],"dipPosition":[-33.6761,319.072,8.28308],"direction":[-0.521318,-0.489348,0.699118],"extended":false,"handId":996,"id":9962,"length":65.348,"mcpPosition":[14.9304,351.864,14.858],"pipPosition":[-19.2186,332.643,-11.1053],"stabilizedTipPosition":[-32.5718,308.414,32.5894],"timeVisible":0.090005,"tipPosition":[-34.0714,316.187,22.8306],"tipVelocity":[-21.7607,141.989,-219.739],"tool":false,"touchDistance":0.333333,"touchZone":"none","type":2,"width":18.527},{"bases":[[[0.471147,-0.882035,-0.00597608],[0.842575,0.448044,0.298871],[-0.260937,-0.145847,0.954275]],[[0.473408,-0.880727,-0.0143112],[0.510526,0.287585,-0.810344],[0.717808,0.376317,0.585779]],[[0.473408,-0.880727,-0.0143112],[-0.611919,-0.317145,-0.724551],[0.633593,0.351766,-0.689072]],[[0.473408,-0.880727,-0.0143112],[-0.871752,-0.466132,-0.150898],[0.126229,0.0839122,-0.988446]]],"btipPosition":[-23.2692,306.604,30.4132],"carpPosition":[11.4854,325.124,77.6069],"dipPosition":[-20.9691,308.133,12.4022],"direction":[-0.633593,-0.351766,0.689072],"extended":false,"handId":996,"id":9963,"length":62.8339,"mcpPosition":[27.4259,334.034,19.3105],"pipPosition":[-3.85168,317.636,-6.21409],"stabilizedTipPosition":[-19.2379,297.335,42.0268],"timeVisible":0.090005,"tipPosition":[-22.564,307.047,27.4646],"tipVelocity":[-31.7902,119.519,-235.144],"tool":false,"touchDistance":0.333333,"touchZone":"none","type":3,"width":17.6296},{"bases":[[[0.292042,-0.954811,0.0552116],[0.879213,0.290744,0.377429],[-0.376426,-0.0616823,0.924391]],[[0.250034,-0.955924,0.153926],[0.620734,0.0362502,-0.783183],[0.743083,0.291369,0.602438]],[[0.250034,-0.955924,0.153926],[-0.618875,-0.280045,-0.733872],[0.744632,0.0882321,-0.661618]],[[0.250034,-0.955924,0.153926],[-0.9409,-0.277394,-0.194319],[0.228452,-0.0962423,-0.968786]]],"btipPosition":[-8.76242,304.897,31.7083],"carpPosition":[13.6192,311.522,75.8516],"dipPosition":[-4.92209,303.28,15.4228],"direction":[-0.744632,-0.0882321,0.661618],"extended":false,"handId":996,"id":9964,"length":49.2606,"mcpPosition":[34.9061,315.01,23.5772],"pipPosition":[9.28156,304.963,2.80266],"stabilizedTipPosition":[-3.14362,294.688,46.729],"timeVisible":0.090005,"tipPosition":[-7.65237,304.67,29.2508],"tipVelocity":[-32.9434,103.916,-234.813],"tool":false,"touchDistance":0.333333,"touchZone":"none","type":4,"width":15.66}],"r":[[0.995788,-0.0913314,0.00803984],[0.0909449,0.995066,0.0396634],[-0.0116227,-0.0387651,0.999181]],"s":0.976212,"t":[-0.998994,9.67965,-12.3913],"timestamp":669661603938},false],[3,{"currentFrameRate":54.2888,"devices":[],"gestures":[],"hands":[{"armBasis":[[0.655215,-0.755022,-0.0252144],[0.743157,0.650194,-0.158004],[0.13569,0.0847879,0.987117]],"armWidth":62.1429,"confidence":0.304773,"direction":[0.290666,0.321852,-0.901069],"elbow":[35.3799,342.43,341.339],"grabStrength":0.0768306,"id":996,"palmNormal":[-0.702273,-0.567852,-0.429369],"palmPosition":[7.16787,340.293,32.6049],"palmVelocity":[1.25398,81.9632,-136.412],"palmWidth":88.738,"pinchStrength":0.430828,"r":[[0.99421,-0.107069,0.00912844],[0.106487,0.993059,0.049941],[-0.0144122,-0.0486798,0.99871]],"s":0.967878,"sphereCenter":[-12.7662,309.249,-1.11841],"sphereRadius":44.6542,"stabilizedPalmPosition":[7.99709,328.786,48.4461],"t":[-0.964122,11.0898,-14.758],"timeVisible":0.107892,"type":"right","wrist":[-0.34974,320.103,81.414]}],"id":4979176,"interactionBox":{"center":[0,200,0],"size":[235.247,235.247,147.751]},"pointables":[{"bases":[[[0.946354,0.26585,0.183676],[-0.322379,0.738055,0.592745],[0.022018,-0.62016,0.784166]],[[0.920758,0.38983,0.0153813],[-0.387546,0.909407,0.150955],[0.0448591,-0.144954,0.988421]],[[0.920758,0.38983,0.0153813],[-0.388097,0.911218,0.138069],[0.0398077,-0.133097,0.990303]],[[0.920758,0.38983,0.0153813],[-0.389983,0.918593,0.0640351],[0.0108337,-0.0649593,0.997829]]],"btipPosition":[-30.5393,347.077,-22.2287],"carpPosition":[-26.7845,334.111,81.5939],"dipPosition":[-30.292,345.594,0.546105],"direction":[-0.0398077,0.133097,-0.990303],"extended":false,"handId":996,"id":9960,"length":50.8265,"mcpPosition":[-26.7845,334.111,81.5939],"pipPosition":[-28.9684,341.168,33.4754],"stabilizedTipPosition":[-30.3992,339.461,-10.8718],"timeVisible":0.107892,"tipPosition":[-30.2206,346.769,-16.9709],"tipVelocity":[-1.05818,147.966,-134.464],"tool":false,"touchDistance":0.776526,"touchZone":"hovering","type":0,"width":19.7488},{"bases":[[[0.689444,-0.692804,-0.211398],[0.720822,0.627504,0.29437],[-0.0712875,-0.355332,0.932018]],[[0.65284,-0.757331,0.0157866],[0.757455,0.652879,-0.00326852],[-0.00783135,0.0140914,0.99987]],[[0.65284,-0.757331,0.0157866],[0.686708,0.582907,-0.434342],[0.319738,0.294396,0.90061]],[[0.65284,-0.757331,0.0157866],[0.549493,0.459127,-0.69804],[0.5214,0.464383,0.715885]]],"btipPosition":[-16.0296,352.566,-62.0239],"carpPosition":[-5.24763,342.34,79.8989],"dipPosition":[-7.34165,360.304,-50.0953],"direction":[-0.319738,-0.294396,-0.90061],"extended":true,"handId":996,"id":9961,"length":57.352,"mcpPosition":[-0.132838,367.834,13.0277],"pipPosition":[0.195289,367.244,-28.8659],"stabilizedTipPosition":[-13.8765,346.084,-53.1829],"timeVisible":0.107892,"tipPosition":[-13.4011,354.514,-59.4142],"tipVelocity":[-8.87812,146.394,-124.875],"tool":false,"touchDistance":0.444546,"touchZone":"hovering","type":1,"width":18.8641},{"bases":[[[0.540422,-0.831196,-0.1306],[0.825264,0.49339,0.274783],[-0.163962,-0.256279,0.952595]],[[0.543428,-0.826198,-0.148601],[0.406445,0.413848,-0.814575],[0.734499,0.382265,0.560701]],[[0.543428,-0.826198,-0.148601],[-0.64347,-0.296292,-0.705803],[0.539104,0.479173,-0.692647]],[[0.543428,-0.826198,-0.148601],[-0.838703,-0.526871,-0.137781],[0.035541,0.199506,-0.979252]]],"btipPosition":[-34.7927,317.879,23.3235],"carpPosition":[4.18016,335.356,77.3409],"dipPosition":[-34.1413,321.535,5.37687],"direction":[-0.539104,-0.479173,0.692647],"extended":false,"handId":996,"id":9962,"length":65.348,"mcpPosition":[15.3364,352.793,12.5251],"pipPosition":[-19.1906,334.824,-13.832],"stabilizedTipPosition":[-32.8328,309.712,30.9017],"timeVisible":0.107892,"tipPosition":[-34.5994,318.578,20.096],"tipVelocity":[-25.896,138.716,-193.057],"tool":false,"touchDistance":0.333333,"touchZone":"none","type":2,"width":18.527},{"bases":[[[0.446644,-0.894663,-0.00933455],[0.856118,0.424323,0.294977],[-0.259944,-0.139741,0.955459]],[[0.448896,-0.893409,-0.017675],[0.525343,0.279857,-0.803551],[0.722847,0.351425,0.594973]],[[0.448896,-0.893409,-0.017675],[-0.613957,-0.293992,-0.732547],[0.649268,0.339689,-0.680487]],[[0.448896,-0.893409,-0.017675],[-0.883696,-0.440907,-0.157106],[0.132567,0.0861435,-0.987424]]],"btipPosition":[-24.0947,308.561,27.3458],"carpPosition":[11.479,326.084,75.2629],"dipPosition":[-21.6791,310.131,9.35334],"direction":[-0.649268,-0.339689,0.680487],"extended":false,"handId":996,"id":9963,"length":62.8339,"mcpPosition":[27.3589,334.621,16.8943],"pipPosition":[-4.13824,319.308,-9.03096],"stabilizedTipPosition":[-19.4919,298.02,40.9154],"timeVisible":0.107892,"tipPosition":[-23.352,309.003,24.5421],"tipVelocity":[-37.8635,115,-205.009],"tool":false,"touchDistance":0.333333,"touchZone":"none","type":3,"width":17.6296},{"bases":[[[0.26592,-0.962553,0.0527026],[0.888814,0.265981,0.37318],[-0.373224,-0.0523932,0.926261]],[[0.223231,-0.962473,0.154317],[0.629848,0.0215979,-0.776418],[0.743948,0.270517,0.611033]],[[0.223231,-0.962473,0.154317],[-0.617192,-0.262096,-0.741876],[0.754481,0.0703667,-0.652539]],[[0.223231,-0.962473,0.154317],[-0.946631,-0.251815,-0.201195],[0.232504,-0.101168,-0.967319]]],"btipPosition":[-9.62007,306.423,28.7392],"carpPosition":[13.2284,312.43,73.4824],"dipPosition":[-5.71163,304.722,12.4784],"direction":[-0.754481,-0.0703667,0.652539],"extended":false,"handId":996,"id":9964,"length":49.2606,"mcpPosition":[34.3343,315.393,21.1023],"pipPosition":[8.67989,306.065,0.0313585],"stabilizedTipPosition":[-3.31473,295.036,46.0624],"timeVisible":0.107892,"tipPosition":[-8.49288,306.169,26.3689],"tipVelocity":[-39.6072,94.6325,-202.206],"tool":false,"touchDistance":0.333333,"touchZone":"none","type":4,"width":15.66}],"r":[[0.99421,-0.107069,0.00912844],[0.106487,0.993059,0.049941],[-0.0144122,-0.0486798,0.99871]],"s":0.967878,"t":[-0.964122,11.0898,-14.758],"timestamp":669661621825},false],[4,{"currentFrameRate":54.3217,"devices":[],"gestures":[],"hands":[{"armBasis":[[0.6463,-0.762878,-0.0176893],[0.749374,0.638893,-0.17394],[0.143996,0.0991613,0.984597]],"armWidth":62.1429,"confidence":0.338785,"direction":[0.29544,0.319039,-0.900516],"elbow":[37.1809,346.702,339.575],"grabStrength":0.0759,"id":996,"palmNormal":[-0.710042,-0.557313,-0.430398],"palmPosition":[7.07985,340.744,31.5357],"palmVelocity":[-1.65277,54.4951,-99.0479],"palmWidth":88.738,"pinchStrength":0.443067,"r":[[0.992427,-0.122439,0.00989651],[0.121662,0.990848,0.0584659],[-0.0169645,-0.0568191,0.99824]],"s":0.959956,"sphereCenter":[-13.0631,309.275,-2.3923],"sphereRadius":45.0069,"stabilizedPalmPosition":[7.98545,328.938,48.2315],"t":[-0.990693,12.0204,-16.4759],"timeVisible":0.126185,"type":"right","wrist":[-0.735864,320.591,80.3133]}],"id":4979177,"interactionBox":{"center":[0,200,0],"size":[235.247,235.247,147.751]},"pointables":[{"bases":[[[0.949936,0.252269,0.18434],[-0.31217,0.741652,0.593719],[0.0130609,-0.62154,0.783273]],[[0.925565,0.378328,0.0140572],[-0.375593,0.912945,0.159564],[0.0475339,-0.152966,0.987088]],[[0.925565,0.378328,0.0140572],[-0.376344,0.915404,0.142833],[0.0411696,-0.137492,0.989647]],[[0.925565,0.378328,0.0140572],[-0.378565,0.924457,0.0454668],[0.00420603,-0.047404,0.998867]]],"btipPosition":[-30.7504,348.07,-23.2538],"carpPosition":[-26.9714,334.969,80.5057],"dipPosition":[-30.6544,346.988,-0.455326],"direction":[-0.0411696,0.137492,-0.989647],"extended":false,"handId":996,"id":9960,"length":50.8265,"mcpPosition":[-26.9714,334.969,80.5057],"pipPosition":[-29.2854,342.416,32.4522],"stabilizedTipPosition":[-30.4704,341.27,-12.4161],"timeVisible":0.126185,"tipPosition":[-30.3575,347.844,-17.9864],"tipVelocity":[-6.99295,105.483,-96.7369],"tool":false,"touchDistance":0.716912,"touchZone":"hovering","type":0,"width":19.7488},{"bases":[[[0.679714,-0.702111,-0.212198],[0.72947,0.616894,0.295491],[-0.0765632,-0.355642,0.931481]],[[0.642777,-0.765955,0.0122745],[0.766052,0.642725,-0.00827517],[-0.00155072,0.014722,0.99989]],[[0.642777,-0.765955,0.0122745],[0.691937,0.573637,-0.438365],[0.328727,0.290264,0.898713]],[[0.642777,-0.765955,0.0122745],[0.552301,0.452259,-0.700304],[0.53085,0.456918,0.71374]]],"btipPosition":[-16.3565,353.341,-62.9757],"carpPosition":[-5.32055,342.896,78.829],"dipPosition":[-7.51108,360.954,-51.0828],"direction":[-0.328727,-0.290264,-0.898713],"extended":true,"handId":996,"id":9961,"length":57.352,"mcpPosition":[0.172763,368.413,11.9963],"pipPosition":[0.237737,367.796,-29.8982],"stabilizedTipPosition":[-13.9741,348.057,-54.729],"timeVisible":0.126185,"tipPosition":[-13.5947,355.282,-60.3901],"tipVelocity":[-12.2387,95.7714,-90.1806],"tool":false,"touchDistance":0.419025,"touchZone":"hovering","type":1,"width":18.8641},{"bases":[[[0.528738,-0.838514,-0.131645],[0.832024,0.481355,0.275741],[-0.167844,-0.255326,0.952175]],[[0.531796,-0.833572,-0.1495],[0.419153,0.412468,-0.808815],[0.735869,0.367462,0.568743]],[[0.531796,-0.833572,-0.1495],[-0.643057,-0.282599,-0.711769],[0.551063,0.474653,-0.686319]],[[0.531796,-0.833572,-0.1495],[-0.845828,-0.514035,-0.142629],[0.0420438,0.202301,-0.978421]]],"btipPosition":[-35.2149,319.013,21.7061],"carpPosition":[4.00904,335.784,76.2636],"dipPosition":[-34.4444,322.72,3.7747],"direction":[-0.551063,-0.474653,0.686319],"extended":false,"handId":996,"id":9962,"length":65.348,"mcpPosition":[15.4294,353.157,11.4764],"pipPosition":[-19.162,335.884,-15.2587],"stabilizedTipPosition":[-33.0519,310.721,29.5779],"timeVisible":0.126185,"tipPosition":[-34.9911,319.709,18.5641],"tipVelocity":[-23.8287,102.252,-142.817],"tool":false,"touchDistance":0.333333,"touchZone":"none","type":2,"width":18.527},{"bases":[[[0.43404,-0.900833,-0.0104991],[0.861899,0.411833,0.295843],[-0.262181,-0.137457,0.955179]],[[0.436348,-0.899578,-0.0189701],[0.53562,0.276632,-0.797863],[0.722988,0.337985,0.60254]],[[0.436348,-0.899578,-0.0189701],[-0.611947,-0.281242,-0.739205],[0.659638,0.334159,-0.673213]],[[0.436348,-0.899578,-0.0189701],[-0.888914,-0.427717,-0.16398],[0.139399,0.0884151,-0.986281]]],"btipPosition":[-24.6702,309.445,25.7273],"carpPosition":[11.1776,326.414,74.1744],"dipPosition":[-22.1301,311.056,7.75566],"direction":[-0.659638,-0.334159,0.673213],"extended":false,"handId":996,"id":9963,"length":62.8339,"mcpPosition":[27.1942,334.811,15.8228],"pipPosition":[-4.3091,320.084,-10.4321],"stabilizedTipPosition":[-19.6959,298.543,40.0576],"timeVisible":0.126185,"tipPosition":[-23.9049,309.889,22.9572],"tipVelocity":[-34.0447,83.3021,-149.036],"tool":false,"touchDistance":0.333333,"touchZone":"none","type":3,"width":17.6296},{"bases":[[[0.252361,-0.966268,0.0513864],[0.892344,0.252934,0.373827],[-0.374214,-0.0484847,0.926074]],[[0.208257,-0.965527,0.156162],[0.646084,0.015934,-0.7631],[0.734305,0.259815,0.62713]],[[0.208257,-0.965527,0.156162],[-0.604068,-0.252544,-0.75586],[0.769241,0.063081,-0.635838]],[[0.208257,-0.965527,0.156162],[-0.946727,-0.239095,-0.215733],[0.245634,-0.102915,-0.963884]]],"btipPosition":[-10.2265,307.049,26.7105],"carpPosition":[12.7357,312.74,72.3746],"dipPosition":[-6.09734,305.319,10.5074],"direction":[-0.769241,-0.063081,0.635838],"extended":false,"handId":996,"id":9964,"length":49.2606,"mcpPosition":[33.8975,315.482,20.005],"pipPosition":[8.57572,306.522,-1.62098],"stabilizedTipPosition":[-3.43841,295.277,45.5836],"timeVisible":0.126185,"tipPosition":[-9.06168,306.788,24.4773],"tipVelocity":[-35.183,65.5005,-158.099],"tool":false,"touchDistance":0.333333,"touchZone":"none","type":4,"width":15.66}],"r":[[0.992427,-0.122439,0.00989651],[0.121662,0.990848,0.0584659],[-0.0169645,-0.0568191,0.99824]],"s":0.959956,"t":[-0.990693,12.0204,-16.4759],"timestamp":669661640118},false],[5,{"currentFrameRate":54.4441,"devices":[],"gestures":[],"hands":[{"armBasis":[[0.650992,-0.758782,-0.0214269],[0.741699,0.641835,-0.194756],[0.16153,0.110892,0.980618]],"armWidth":62.1429,"confidence":0.371814,"direction":[0.298572,0.330515,-0.895329],"elbow":[41.27,349.314,337.47],"grabStrength":0.0727905,"id":996,"palmNormal":[-0.705544,-0.555306,-0.440276],"palmPosition":[6.7097,340.854,30.7507],"palmVelocity":[-10.6239,31.6352,-72.9198],"palmWidth":88.738,"pinchStrength":0.451586,"r":[[0.99093,-0.133919,0.0111228],[0.132874,0.98882,0.0676696],[-0.0200606,-0.0655779,0.997646]],"s":0.95284,"sphereCenter":[-12.9029,308.978,-3.78207],"sphereRadius":45.3688,"stabilizedPalmPosition":[7.97516,329.034,48.0905],"t":[-1.18905,12.5406,-17.7273],"timeVisible":0.144123,"type":"right","wrist":[-1.26373,320.114,79.2558]}],"id":4979178,"interactionBox":{"center":[0,200,0],"size":[235.247,235.247,147.751]},"pointables":[{"bases":[[[0.947939,0.254086,0.191968],[-0.318233,0.733529,0.600552],[0.0117775,-0.630377,0.7762]],[[0.923355,0.383372,0.0210269],[-0.380927,0.907856,0.175194],[0.0480751,-0.169776,0.984309]],[[0.923355,0.383372,0.0210269],[-0.381842,0.911184,0.154729],[0.0401594,-0.150899,0.987733]],[[0.923355,0.383372,0.0210269],[-0.383898,0.922732,0.0344582],[-0.00619189,-0.0398893,0.999185]]],"btipPosition":[-31.0945,348.573,-24.0877],"carpPosition":[-27.5601,334.379,79.4802],"dipPosition":[-31.2359,347.662,-1.28198],"direction":[-0.0401594,0.150899,-0.987733],"extended":false,"handId":996,"id":9960,"length":50.8265,"mcpPosition":[-27.5601,334.379,79.4802],"pipPosition":[-29.9005,342.644,31.5619],"stabilizedTipPosition":[-30.5842,342.499,-13.5302],"timeVisible":0.144123,"tipPosition":[-30.6646,348.385,-18.8158],"tipVelocity":[-14.1928,69.923,-72.9454],"tool":false,"touchDistance":0.66607,"touchZone":"hovering","type":0,"width":19.7488},{"bases":[[[0.683706,-0.69682,-0.216765],[0.725392,0.616502,0.306156],[-0.0796993,-0.366561,0.926974]],[[0.646473,-0.762924,0.00456589],[0.762936,0.64647,-0.00220228],[-0.00127154,0.00490719,0.999987]],[[0.646473,-0.762924,0.00456589],[0.689615,0.581773,-0.431244],[0.32635,0.281936,0.902224]],[[0.646473,-0.762924,0.00456589],[0.551946,0.46355,-0.693165],[0.526715,0.450632,0.720765]]],"btipPosition":[-16.6324,354.355,-63.6826],"carpPosition":[-5.93469,342.415,78.0025],"dipPosition":[-7.85588,361.864,-51.6727],"direction":[-0.32635,-0.281936,-0.902224],"extended":true,"handId":996,"id":9961,"length":57.352,"mcpPosition":[-0.216364,368.715,11.4933],"pipPosition":[-0.163087,368.51,-30.4053],"stabilizedTipPosition":[-14.0959,349.585,-55.9078],"timeVisible":0.144123,"tipPosition":[-13.8299,356.287,-61.0642],"tipVelocity":[-14.1412,76.6009,-65.4765],"tool":false,"touchDistance":0.400256,"touchZone":"hovering","type":1,"width":18.8641},{"bases":[[[0.532906,-0.834758,-0.13853],[0.828612,0.481624,0.285379],[-0.171503,-0.266867,0.94835]],[[0.536017,-0.829627,-0.156222],[0.425721,0.425436,-0.798603],[0.729005,0.361558,0.58123]],[[0.536017,-0.829627,-0.156222],[-0.635508,-0.274724,-0.721565],[0.555712,0.486052,-0.674491]],[[0.536017,-0.829627,-0.156222],[-0.842827,-0.515321,-0.1552],[0.0482536,0.214858,-0.975453]]],"btipPosition":[-35.4577,319.116,20.1365],"carpPosition":[3.43735,335.371,75.4032],"dipPosition":[-34.5733,323.054,2.25952],"direction":[-0.555712,-0.486052,0.674491],"extended":false,"handId":996,"id":9962,"length":65.348,"mcpPosition":[15.1066,353.529,10.8763],"pipPosition":[-19.162,336.534,-16.4459],"stabilizedTipPosition":[-33.1905,311.307,28.7253],"timeVisible":0.144123,"tipPosition":[-35.211,319.849,17.0405],"tipVelocity":[-18.2743,58.0548,-116.344],"tool":false,"touchDistance":0.333333,"touchZone":"none","type":2,"width":18.527},{"bases":[[[0.437869,-0.898847,-0.0185784],[0.858679,0.412,0.304838],[-0.266348,-0.149432,0.952223]],[[0.440193,-0.897499,-0.0269454],[0.543392,0.290165,-0.787737],[0.714812,0.332114,0.615422]],[[0.440193,-0.897499,-0.0269454],[-0.602236,-0.272852,-0.750242],[0.665989,0.346478,-0.660614]],[[0.440193,-0.897499,-0.0269454],[-0.885563,-0.428989,-0.178175],[0.148352,0.102293,-0.98363]]],"btipPosition":[-24.9162,309.488,24.0269],"carpPosition":[10.6556,326.056,73.2435],"dipPosition":[-22.213,311.352,6.10359],"direction":[-0.665989,-0.346478,0.660614],"extended":false,"handId":996,"id":9963,"length":62.8339,"mcpPosition":[26.9267,335.184,15.0725],"pipPosition":[-4.22033,320.713,-11.7438],"stabilizedTipPosition":[-19.8187,298.847,39.5193],"timeVisible":0.144123,"tipPosition":[-24.1257,309.97,21.2863],"tipVelocity":[-23.4471,46.6012,-123.108],"tool":false,"touchDistance":0.333333,"touchZone":"none","type":3,"width":17.6296},{"bases":[[[0.256161,-0.965737,0.041645],[0.889403,0.25235,0.381159],[-0.378608,-0.0605988,0.923571]],[[0.209893,-0.966166,0.149892],[0.663484,0.0281446,-0.747661],[0.718146,0.25638,0.646943]],[[0.209893,-0.966166,0.149892],[-0.584476,-0.246888,-0.772938],[0.783794,0.0746261,-0.616521]],[[0.209893,-0.966166,0.149892],[-0.941594,-0.241038,-0.235164],[0.263337,-0.0917781,-0.960328]]],"btipPosition":[-10.4516,307.115,24.6619],"carpPosition":[12.28,312.409,71.2959],"dipPosition":[-6.0249,305.572,8.51859],"direction":[-0.783794,-0.0746261,0.616521],"extended":false,"handId":996,"id":9964,"length":49.2606,"mcpPosition":[33.6903,315.836,19.0679],"pipPosition":[8.92575,306.995,-3.24138],"stabilizedTipPosition":[-3.50729,295.409,45.3006],"timeVisible":0.144123,"tipPosition":[-9.24665,306.874,22.5227],"tipVelocity":[-22.684,37.4051,-136.993],"tool":false,"touchDistance":0.333333,"touchZone":"none","type":4,"width":15.66}],"r":[[0.99093,-0.133919,0.0111228],[0.132874,0.98882,0.0676696],[-0.0200606,-0.0655779,0.997646]],"s":0.95284,"t":[-1.18905,12.5406,-17.7273],"timestamp":669661658056},false],[6,{"currentFrameRate":54.5257,"devices":[],"gestures":[],"hands":[{"armBasis":[[0.658448,-0.752562,-0.00978341],[0.736641,0.647074,-0.196612],[0.154294,0.122252,0.980432]],"armWidth":62.1429,"confidence":0.393334,"direction":[0.300723,0.342646,-0.890033],"elbow":[38.8069,351.862,336.043],"grabStrength":0.0689051,"id":996,"palmNormal":[-0.700671,-0.553742,-0.449922],"palmPosition":[6.25388,341.025,29.6571],"palmVelocity":[-17.5671,21.1256,-67.0572],"palmWidth":88.738,"pinchStrength":0.458437,"r":[[0.989774,-0.142086,0.0125787],[0.140705,0.987014,0.0774912],[-0.0234258,-0.0749289,0.996914]],"s":0.946301,"sphereCenter":[-12.8082,308.772,-5.491],"sphereRadius":45.7341,"stabilizedPalmPosition":[7.96636,329.095,47.9963],"t":[-1.51615,12.8864,-18.8998],"timeVisible":0.162177,"type":"right","wrist":[-1.82133,319.671,77.8781]}],"id":4979179,"interactionBox":{"center":[0,200,0],"size":[235.247,235.247,147.751]},"pointables":[{"bases":[[[0.945736,0.256755,0.199148],[-0.324724,0.724695,0.607759],[0.0117237,-0.639448,0.768745]],[[0.920669,0.389364,0.0276314],[-0.387176,0.90191,0.19145],[0.0496227,-0.18696,0.981113]],[[0.920669,0.389364,0.0276314],[-0.388288,0.906269,0.167063],[0.0400067,-0.164538,0.985559]],[[0.920669,0.389364,0.0276314],[-0.390004,0.920512,0.0235537],[-0.0162641,-0.0324615,0.999341]]],"btipPosition":[-31.5683,349.109,-25.189],"carpPosition":[-28.1935,333.795,78.1546],"dipPosition":[-31.9395,348.368,-2.37965],"direction":[-0.0400067,0.164538,-0.985559],"extended":false,"handId":996,"id":9960,"length":50.8265,"mcpPosition":[-28.1935,333.795,78.1546],"pipPosition":[-30.6092,342.897,30.3919],"stabilizedTipPosition":[-30.7258,343.352,-14.379],"timeVisible":0.162177,"tipPosition":[-31.1053,348.964,-19.9162],"tipVelocity":[-21.3035,51.8608,-67.2504],"tool":false,"touchDistance":0.616291,"touchZone":"hovering","type":0,"width":19.7488},{"bases":[[[0.68832,-0.690618,-0.221953],[0.72078,0.616625,0.316623],[-0.0818036,-0.377917,0.922219]],[[0.651055,-0.75902,-0.00390691],[0.75903,0.651046,0.0035613],[-0.000159521,-0.00528406,0.999986]],[[0.651055,-0.75902,-0.00390691],[0.686367,0.590919,-0.423928],[0.324079,0.273319,0.905687]],[[0.651055,-0.75902,-0.00390691],[0.550823,0.476001,-0.685578],[0.522227,0.444197,0.727989]]],"btipPosition":[-17.0696,355.453,-64.6782],"carpPosition":[-6.60462,341.961,76.8677],"dipPosition":[-8.36788,362.855,-52.5479],"direction":[-0.324079,-0.273319,-0.905687],"extended":true,"handId":996,"id":9961,"length":57.352,"mcpPosition":[-0.735318,369.076,10.6997],"pipPosition":[-0.728634,369.298,-31.1988],"stabilizedTipPosition":[-14.2613,350.873,-56.9253],"timeVisible":0.162177,"tipPosition":[-14.2313,357.372,-62.0234],"tipVelocity":[-19.3774,68.4628,-59.8431],"tool":false,"touchDistance":0.379045,"touchZone":"hovering","type":1,"width":18.8641},{"bases":[[[0.537911,-0.830259,-0.14602],[0.824801,0.482544,0.294711],[-0.174225,-0.278965,0.944364]],[[0.541061,-0.824923,-0.163571],[0.430048,0.438541,-0.789139],[0.722711,0.356629,0.592034]],[[0.541061,-0.824923,-0.163571],[-0.62883,-0.267694,-0.730008],[0.558413,0.497838,-0.663575]],[[0.541061,-0.824923,-0.163571],[-0.839314,-0.517424,-0.166808],[0.0529683,0.227541,-0.972327]]],"btipPosition":[-35.7595,319.238,18.3636],"carpPosition":[2.81578,334.998,74.2269],"dipPosition":[-34.7888,323.408,0.543829],"direction":[-0.558413,-0.497838,0.663575],"extended":false,"handId":996,"id":9962,"length":65.348,"mcpPosition":[14.6703,353.979,9.97116],"pipPosition":[-19.3025,337.215,-17.8588],"stabilizedTipPosition":[-33.274,311.623,28.2104],"timeVisible":0.162177,"tipPosition":[-35.4969,320.009,15.2929],"tipVelocity":[-17.013,35.1055,-107.385],"tool":false,"touchDistance":0.333333,"touchZone":"none","type":2,"width":18.527},{"bases":[[[0.442692,-0.896259,-0.0272554],[0.85515,0.412854,0.313479],[-0.269706,-0.162082,0.949204]],[[0.445036,-0.894806,-0.0355651],[0.553539,0.30609,-0.774535],[0.703944,0.325009,0.631531]],[[0.445036,-0.894806,-0.0355651],[-0.589712,-0.262946,-0.763609],[0.673931,0.360807,-0.644698]],[[0.445036,-0.894806,-0.0355651],[-0.881351,-0.430618,-0.194395],[0.158631,0.117858,-0.980278]]],"btipPosition":[-25.2024,309.591,21.7641],"carpPosition":[10.0925,325.746,71.9892],"dipPosition":[-22.3119,311.738,3.90187],"direction":[-0.673931,-0.360807,0.644698],"extended":false,"handId":996,"id":9963,"length":62.8339,"mcpPosition":[26.5688,335.648,14.0027],"pipPosition":[-4.10473,321.486,-13.5155],"stabilizedTipPosition":[-19.8864,299.008,39.2057],"timeVisible":0.162177,"tipPosition":[-24.3854,310.112,19.1126],"tipVelocity":[-18.7094,28.8788,-123.796],"tool":false,"touchDistance":0.333333,"touchZone":"none","type":3,"width":17.6296},{"bases":[[[0.261079,-0.964808,0.0313691],[0.886385,0.252474,0.388044],[-0.382308,-0.0735052,0.921107]],[[0.212279,-0.966545,0.143971],[0.675835,0.0387962,-0.736031],[0.705822,0.253545,0.661461]],[[0.212279,-0.966545,0.143971],[-0.569952,-0.242134,-0.785191],[0.793783,0.0846227,-0.602285]],[[0.212279,-0.966545,0.143971],[-0.937344,-0.243048,-0.249627],[0.276268,-0.0819601,-0.95758]]],"btipPosition":[-10.7078,307.31,22.5748],"carpPosition":[11.7976,312.133,69.8878],"dipPosition":[-6.06368,305.932,6.47768],"direction":[-0.793783,-0.0846227,0.602285],"extended":false,"handId":996,"id":9964,"length":49.2606,"mcpPosition":[33.4171,316.289,17.7991],"pipPosition":[9.07752,307.546,-5.01074],"stabilizedTipPosition":[-3.54477,295.48,45.1391],"timeVisible":0.162177,"tip