{"sensorType":"Leap","data":[[0,{"currentFrameRate":55.285,"devices":[],"gestures":[],"hands":[{"armBasis":[[0.784006,-0.613021,-0.0976719],[0.59863,0.788279,-0.142329],[0.164243,0.0531172,0.984989]],"armWidth":62.1429,"confidence":0.742301,"direction":[0.310821,0.464024,-0.829501],"elbow":[35.9884,296.782,346.26],"grabStrength":0.182073,"id":996,"palmNormal":[-0.525843,-0.643046,-0.556759],"palmPosition":[1.00783,309.053,41.1928],"palmVelocity":[21.7981,130.709,-229.247],"palmWidth":88.738,"pinchStrength":0.691089,"r":[[0.99443,0.0367346,0.0987901],[-0.0513708,0.987357,0.14996],[-0.0920324,-0.1542,0.983744]],"s":0.955384,"sphereCenter":[-9.81519,273.618,-0.737656],"sphereRadius":49.3508,"stabilizedPalmPosition":[0.344568,288.105,65.3133],"t":[-7.4914,-21.0842,-4.40249],"timeVisible":23.0927,"type":"right","wrist":[-7.25968,282.796,86.8949]}],"id":4980430,"interactionBox":{"center":[0,200,0],"size":[235.247,235.247,147.751]},"pointables":[{"bases":[[[0.84958,0.420548,0.318359],[-0.523339,0.5968,0.608232],[0.065794,-0.683352,0.727119]],[[0.816186,0.556178,0.156545],[-0.548618,0.660991,0.511967],[0.18127,-0.503743,0.844621]],[[0.816186,0.556178,0.156545],[-0.566374,0.823726,0.0263744],[-0.114281,-0.110189,0.987319]],[[0.816186,0.556178,0.156545],[-0.500821,0.81611,-0.288347],[-0.28813,0.156944,0.944643]]],"btipPosition":[-34.2965,316.018,-10.483],"carpPosition":[-35.8483,291.413,85.0259],"dipPosition":[-40.8729,319.6,11.0779],"direction":[0.114281,0.110189,-0.987319],"extended":false,"handId":996,"id":9960,"length":50.8265,"mcpPosition":[-35.8483,291.413,85.0259],"pipPosition":[-44.6729,315.936,43.908],"stabilizedTipPosition":[-35.2081,288.179,32.5133],"timeVisible":23.0927,"tipPosition":[-34.8991,317.881,-4.79598],"tipVelocity":[0.352935,142.217,-231.754],"tool":false,"touchDistance":-0.568721,"touchZone":"hovering","type":0,"width":19.7488},{"bases":[[[0.832705,-0.52268,-0.18278],[0.545758,0.718963,0.430396],[-0.0935479,-0.458147,0.88394]],[[0.817892,-0.568751,-0.0870366],[0.56534,0.822508,-0.0622174],[0.106974,0.00168176,0.99426]],[[0.817892,-0.568751,-0.0870366],[0.534232,0.806844,-0.25219],[0.213658,0.159766,0.963756]],[[0.817892,-0.568751,-0.0870366],[0.502255,0.779538,-0.374245],[0.280701,0.262378,0.923236]]],"btipPosition":[-23.8333,328.388,-56.5422],"carpPosition":[-16.3495,303.725,86.6395],"dipPosition":[-19.156,332.76,-41.1586],"direction":[-0.213658,-0.159766,-0.963756],"extended":true,"handId":996,"id":9961,"length":57.352,"mcpPosition":[-9.63753,336.597,23.2179],"pipPosition":[-14.1197,336.526,-18.4407],"stabilizedTipPosition":[-26.3428,306.77,-29.0559],"timeVisible":23.0927,"tipPosition":[-23.2249,329.002,-52.6908],"tipVelocity":[40.2255,195.562,-234.348],"tool":false,"touchDistance":-0.531799,"touchZone":"hovering","type":1,"width":18.8641},{"bases":[[[0.707089,-0.694628,-0.132352],[0.676493,0.610014,0.412601],[-0.205868,-0.381281,0.901245]],[[0.709478,-0.690062,-0.143019],[0.514391,0.645802,-0.564218],[0.481708,0.326733,0.813144]],[[0.709478,-0.690062,-0.143019],[-0.296111,-0.107745,-0.949057],[0.639499,0.715685,-0.280777]],[[0.709478,-0.690062,-0.143019],[-0.627326,-0.525946,-0.574319],[0.321095,0.497187,-0.806042]]],"btipPosition":[-37.7537,280.597,7.68812],"carpPosition":[-5.49769,298.973,84.6749],"dipPosition":[-31.869,289.709,-7.08413],"direction":[-0.639499,-0.715685,0.280777],"extended":false,"handId":996,"id":9962,"length":65.348,"mcpPosition":[8.50983,324.916,23.353],"pipPosition":[-14.134,309.557,-14.8708],"stabilizedTipPosition":[-36.3762,258.671,31.9511],"timeVisible":23.0927,"tipPosition":[-36.3174,282.824,4.00738],"tipVelocity":[12.5601,144.806,-232.535],"tool":false,"touchDistance":0.333333,"touchZone":"none","type":2,"width":18.527},{"bases":[[[0.616065,-0.787161,-0.0290081],[0.718376,0.546362,0.430611],[-0.323111,-0.286123,0.902072]],[[0.625972,-0.777721,-0.0575142],[0.594977,0.523958,-0.609484],[0.504144,0.347301,0.790709]],[[0.625972,-0.777721,-0.0575142],[-0.291872,-0.165253,-0.942073],[0.723166,0.606499,-0.330439]],[[0.625972,-0.777721,-0.0575142],[-0.666936,-0.495661,-0.556343],[0.404172,0.386613,-0.82896]]],"btipPosition":[-25.4396,270.448,17.2089],"carpPosition":[3.69112,291.532,82.7382],"dipPosition":[-18.0749,277.493,2.10397],"direction":[-0.723166,-0.606499,0.330439],"extended":false,"handId":996,"id":9963,"length":62.8339,"mcpPosition":[23.4299,309.011,27.6309],"pipPosition":[1.46241,293.878,-6.82329],"stabilizedTipPosition":[-22.7324,249.693,40.2282],"timeVisible":23.0927,"tipPosition":[-23.6655,272.144,13.5607],"tipVelocity":[14.1695,143.242,-250.324],"tool":false,"touchDistance":0.333333,"touchZone":"none","type":3,"width":17.6296},{"bases":[[[0.447306,-0.894368,0.00484394],[0.774064,0.389839,0.49885],[-0.448043,-0.219389,0.866675]],[[0.492303,-0.866055,-0.0871041],[0.677068,0.443909,-0.586962],[0.547007,0.229987,0.804915]],[[0.492303,-0.866055,-0.0871041],[-0.307386,-0.0793582,-0.94827],[0.814342,0.493611,-0.305281]],[[0.492303,-0.866055,-0.0871041],[-0.726159,-0.35347,-0.589706],[0.479929,0.353565,-0.802907]]],"btipPosition":[-8.80217,267.842,22.6138],"carpPosition":[8.32502,278.725,80.0609],"dipPosition":[-0.734469,273.785,9.11679],"direction":[-0.814341,-0.493611,0.305281],"extended":false,"handId":996,"id":9964,"length":49.2606,"mcpPosition":[33.6619,291.132,31.0504],"pipPosition":[14.7989,283.201,3.29363],"stabilizedTipPosition":[-5.5836,246.853,47.0703],"timeVisible":23.0927,"tipPosition":[-6.85708,269.22,19.3827],"tipVelocity":[14.8469,138.204,-247.198],"tool":false,"touchDistance":0.333333,"touchZone":"none","type":4,"width":15.66}],"r":[[0.99443,0.0367346,0.0987901],[-0.0513708,0.987357,0.14996],[-0.0920324,-0.1542,0.983744]],"s":0.955384,"t":[-7.4914,-21.0842,-4.40249],"timestamp":669684606640},false],[1,{"currentFrameRate":55.2702,"devices":[],"gestures":[],"hands":[{"armBasis":[[0.77726,-0.622469,-0.0916499],[0.606292,0.779927,-0.155318],[0.168161,0.0651558,0.983604]],"armWidth":62.1429,"confidence":0.658511,"direction":[0.314615,0.459979,-0.830323],"elbow":[36.7929,302.242,343.165],"grabStrength":0.170473,"id":996,"palmNormal":[-0.534738,-0.636846,-0.555413],"palmPosition":[0.998756,311.226,38.4363],"palmVelocity":[11.1737,125.511,-192.406],"palmWidth":88.738,"pinchStrength":0.685887,"r":[[0.994657,0.0309567,0.0984891],[-0.0460113,0.986926,0.154468],[-0.0924196,-0.158174,0.983077]],"s":0.958368,"sphereCenter":[-10.1376,275.649,-3.61448],"sphereRadius":49.6635,"stabilizedPalmPosition":[0.358376,288.593,64.746],"t":[-7.29488,-18.8253,-7.84782],"timeVisible":23.1109,"type":"right","wrist":[-7.4868,285.086,84.165]}],"id":4980431,"interactionBox":{"center":[0,200,0],"size":[235.247,235.247,147.751]},"pointables":[{"bases":[[[0.855262,0.410387,0.316401],[-0.514813,0.603256,0.609138],[0.0591112,-0.68386,0.727215]],[[0.822575,0.547765,0.152724],[-0.539739,0.667504,0.512953],[0.179033,-0.504373,0.844722]],[[0.822575,0.547765,0.152724],[-0.558506,0.828729,0.0357804],[-0.106968,-0.114729,0.987621]],[[0.822575,0.547765,0.152724],[-0.496111,0.822532,-0.278055],[-0.277929,0.152953,0.948346]]],"btipPosition":[-34.7888,318.923,-13.2544],"carpPosition":[-35.9735,294.046,82.354],"dipPosition":[-41.1324,322.414,8.39098],"direction":[0.106968,0.114729,-0.987621],"extended":false,"handId":996,"id":9960,"length":50.8265,"mcpPosition":[-35.9735,294.046,82.354],"pipPosition":[-44.6893,318.599,41.2311],"stabilizedTipPosition":[-35.2348,288.989,31.4664],"timeVisible":23.1109,"tipPosition":[-35.267,320.542,-7.59265],"tipVelocity":[-11.3377,150.209,-193.6],"tool":false,"touchDistance":-0.581463,"touchZone":"hovering","type":0,"width":19.7488},{"bases":[[[0.825957,-0.532731,-0.184372],[0.555296,0.712476,0.428982],[-0.0971714,-0.456701,0.884297]],[[0.810617,-0.578968,-0.0877229],[0.57619,0.815338,-0.0568289],[0.104426,-0.00447857,0.994523]],[[0.810617,-0.578968,-0.0877229],[0.547024,0.802161,-0.239379],[0.208961,0.146058,0.966955]],[[0.810617,-0.578968,-0.0877229],[0.516903,0.77787,-0.357394],[0.275157,0.244365,0.929825]]],"btipPosition":[-23.2383,331.564,-59.4818],"carpPosition":[-16.3244,306.123,83.9217],"dipPosition":[-18.6535,335.636,-43.9884],"direction":[-0.208961,-0.146058,-0.966955],"extended":true,"handId":996,"id":9961,"length":57.352,"mcpPosition":[-9.35244,338.891,20.4744],"pipPosition":[-13.7278,339.078,-21.1952],"stabilizedTipPosition":[-25.8104,310.064,-32.495],"timeVisible":23.1109,"tipPosition":[-22.7725,331.932,-55.5656],"tipVelocity":[36.1256,183.957,-199.221],"tool":false,"touchDistance":-0.550668,"touchZone":"hovering","type":1,"width":18.8641},{"bases":[[[0.698387,-0.703137,-0.133616],[0.684671,0.601954,0.410946],[-0.20852,-0.378483,0.901815]],[[0.700664,-0.698883,-0.143641],[0.522337,0.639586,-0.563998],[0.48604,0.320144,0.813187]],[[0.700664,-0.698883,-0.143641],[-0.296854,-0.10248,-0.949408],[0.648805,0.707856,-0.27927]],[[0.700664,-0.698883,-0.143641],[-0.633623,-0.516939,-0.575583],[0.328011,0.494304,-0.805029]]],"btipPosition":[-38.1988,283.253,4.84772],"carpPosition":[-5.53483,301.24,81.9356],"dipPosition":[-32.1874,292.312,-9.90597],"direction":[-0.648805,-0.707856,0.27927],"extended":false,"handId":996,"id":9962,"length":65.348,"mcpPosition":[8.65316,326.992,20.575],"pipPosition":[-14.1943,311.943,-17.6509],"stabilizedTipPosition":[-36.3928,259.68,30.7972],"timeVisible":23.1109,"tipPosition":[-36.7307,285.448,1.25177],"tipVelocity":[-4.34792,145.239,-196.218],"tool":false,"touchDistance":0.333333,"touchZone":"none","type":2,"width":18.527},{"bases":[[[0.606476,-0.794534,-0.0300468],[0.725822,0.537808,0.428888],[-0.324607,-0.281919,0.902858]],[[0.616328,-0.785331,-0.0582604],[0.604257,0.519068,-0.604518],[0.504988,0.337378,0.794458]],[[0.616328,-0.785331,-0.0582604],[-0.288138,-0.156041,-0.94479],[0.732882,0.599088,-0.322456]],[[0.616328,-0.785331,-0.0582604],[-0.67038,-0.484416,-0.562078],[0.413195,0.385481,-0.82503]]],"btipPosition":[-25.9435,273,13.954],"carpPosition":[3.55953,293.688,79.9819],"dipPosition":[-18.4144,280.025,-1.07933],"direction":[-0.732882,-0.599088,0.322456],"extended":false,"handId":996,"id":9963,"length":62.8339,"mcpPosition":[23.3897,310.91,24.8266],"pipPosition":[1.3854,296.21,-9.79092],"stabilizedTipPosition":[-22.7719,250.358,39.4345],"timeVisible":23.1109,"tipPosition":[-24.15,274.656,10.5419],"tipVelocity":[-4.82136,141.894,-216.096],"tool":false,"touchDistance":0.333333,"touchZone":"none","type":3,"width":17.6296},{"bases":[[[0.43651,-0.899689,0.00420221],[0.779766,0.380648,0.497063],[-0.448802,-0.213696,0.867704]],[[0.481883,-0.871769,-0.0883568],[0.682988,0.436863,-0.585387],[0.548922,0.221741,0.805925]],[[0.481883,-0.871769,-0.0883568],[-0.306631,-0.0733103,-0.949001],[0.820833,0.4844,-0.302639]],[[0.481883,-0.871769,-0.0883568],[-0.729748,-0.343459,-0.591189],[0.485033,0.349362,-0.801679]]],"btipPosition":[-9.32685,270.151,19.6881],"carpPosition":[8.03311,280.826,77.2993],"dipPosition":[-1.17335,276.024,6.21169],"direction":[-0.820832,-0.4844,0.302639],"extended":false,"handId":996,"id":9964,"length":49.2606,"mcpPosition":[33.4129,292.91,28.2305],"pipPosition":[14.4838,285.264,0.438942],"stabilizedTipPosition":[-5.62622,247.416,46.3748],"timeVisible":23.1109,"tipPosition":[-7.37781,271.502,16.5445],"tipVelocity":[-5.4872,132.563,-206.123],"tool":false,"touchDistance":0.333333,"touchZone":"none","type":4,"width":15.66}],"r":[[0.994657,0.0309567,0.0984891],[-0.0460113,0.986926,0.154468],[-0.0924196,-0.158174,0.983077]],"s":0.958368,"t":[-7.29488,-18.8253,-7.84782],"timestamp":669684624784},false],[2,{"currentFrameRate":55.2438,"devices":[],"gestures":[],"hands":[{"armBasis":[[0.767663,-0.633584,-0.0962492],[0.620926,0.772518,-0.132914],[0.158566,0.0422695,0.986443]],"armWidth":62.1429,"confidence":0.667627,"direction":[0.318137,0.457105,-0.830568],"elbow":[34.3292,298.64,340.306],"grabStrength":0.159759,"id":996,"palmNormal":[-0.547248,-0.626847,-0.554602],"palmPosition":[1.26936,313.632,34.8581],"palmVelocity":[12.9402,128.713,-194.445],"palmWidth":88.738,"pinchStrength":0.669746,"r":[[0.994982,0.0231334,0.0973423],[-0.038456,0.986592,0.158613],[-0.0923679,-0.161561,0.982531]],"s":0.962828,"sphereCenter":[-10.1882,277.801,-7.45286],"sphereRadius":50.1959,"stabilizedPalmPosition":[0.377118,289.108,64.1311],"t":[-7.06132,-16.4932,-11.3596],"timeVisible":23.129,"type":"right","wrist":[-7.42416,287.509,80.5582]}],"id":4980432,"interactionBox":{"center":[0,200,0],"size":[235.247,235.247,147.751]},"pointables":[{"bases":[[[0.863068,0.395966,0.313568],[-0.502452,0.60974,0.612991],[0.0515285,-0.686606,0.725201]],[[0.831177,0.535877,0.148258],[-0.527198,0.674854,0.516367],[0.176657,-0.507354,0.843436]],[[0.831177,0.535877,0.148258],[-0.54808,0.834529,0.0562943],[-0.0935586,-0.128048,0.987345]],[[0.831177,0.535877,0.148258],[-0.493529,0.833872,-0.247157],[-0.256074,0.132261,0.957566]]],"btipPosition":[-35.4175,322.862,-16.8482],"carpPosition":[-35.7732,296.924,78.8989],"dipPosition":[-41.2622,325.881,5.00769],"direction":[0.0935586,0.128048,-0.987345],"extended":false,"handId":996,"id":9960,"length":50.8265,"mcpPosition":[-35.7732,296.924,78.8989],"pipPosition":[-44.3732,321.623,37.8386],"stabilizedTipPosition":[-35.2879,290.192,29.9603],"timeVisible":23.129,"tipPosition":[-35.6671,323.983,-11.1607],"tipVelocity":[-19.411,179.002,-194.208],"tool":false,"touchDistance":-0.60483,"touchZone":"hovering","type":0,"width":19.7488},{"bases":[[[0.816576,-0.54526,-0.18946],[0.568434,0.702471,0.428272],[-0.100429,-0.457412,0.883566]],[[0.800751,-0.591897,-0.0919602],[0.589846,0.805903,-0.0510186],[0.104309,-0.0133891,0.994455]],[[0.800751,-0.591897,-0.0919602],[0.561816,0.795389,-0.227418],[0.207752,0.13044,0.969445]],[[0.800751,-0.591897,-0.0919602],[0.532835,0.773996,-0.342079],[0.273652,0.224921,0.93516]]],"btipPosition":[-22.55,335.242,-63.0874],"carpPosition":[-15.9283,308.685,80.4084],"dipPosition":[-17.9902,338.99,-47.5051],"direction":[-0.207752,-0.13044,-0.969445],"extended":true,"handId":996,"id":9961,"length":57.352,"mcpPosition":[-8.72263,341.504,17.0136],"pipPosition":[-13.0931,342.064,-24.6531],"stabilizedTipPosition":[-25.2396,313.513,-36.0722],"timeVisible":23.129,"tipPosition":[-22.1887,335.412,-59.1277],"tipVelocity":[36.7891,190.699,-198.19],"tool":false,"touchDistance":-0.577711,"touchZone":"hovering","type":1,"width":18.8641},{"bases":[[[0.686551,-0.713756,-0.138561],[0.69596,0.589963,0.40937],[-0.210445,-0.377486,0.901785]],[[0.688743,-0.709716,-0.148109],[0.531144,0.632985,-0.56322],[0.493477,0.309246,0.812925]],[[0.688743,-0.709716,-0.148109],[-0.299992,-0.092999,-0.949398],[0.660029,0.698323,-0.276962]],[[0.688743,-0.709716,-0.148109],[-0.642911,-0.50345,-0.577238],[0.335109,0.49279,-0.803032]]],"btipPosition":[-38.5505,286.387,1.18689],"carpPosition":[-5.22648,303.636,78.3611],"dipPosition":[-32.409,295.418,-13.5302],"direction":[-0.660029,-0.698323,0.276962],"extended":false,"handId":996,"id":9962,"length":65.348,"mcpPosition":[9.09244,329.321,17.0025],"pipPosition":[-14.1047,314.784,-21.2111],"stabilizedTipPosition":[-36.423,260.847,29.4601],"timeVisible":23.129,"tipPosition":[-37.0474,288.56,-2.31993],"tipVelocity":[-10.7155,157.954,-198.386],"tool":false,"touchDistance":0.333333,"touchZone":"none","type":2,"width":18.527},{"bases":[[[0.593669,-0.803956,-0.0348087],[0.736169,0.525126,0.426963],[-0.32498,-0.279099,0.903599]],[[0.603591,-0.794786,-0.0631958],[0.611645,0.512433,-0.602746],[0.511438,0.325159,0.795427]],[[0.603591,-0.794786,-0.0631958],[-0.290949,-0.145773,-0.945568],[0.742312,0.589123,-0.319229]],[[0.603591,-0.794786,-0.0631958],[-0.678546,-0.470459,-0.564131],[0.418632,0.383385,-0.823264]]],"btipPosition":[-26.3768,275.927,10.1123],"carpPosition":[3.73822,295.947,76.3471],"dipPosition":[-18.7487,282.913,-4.88883],"direction":[-0.742312,-0.589123,0.319229],"extended":false,"handId":996,"id":9963,"length":62.8339,"mcpPosition":[23.5912,312.997,21.1465],"pipPosition":[1.30589,298.829,-13.5132],"stabilizedTipPosition":[-22.8228,251.105,38.5337],"timeVisible":23.129,"tipPosition":[-24.5707,277.558,6.80754],"tipVelocity":[-13.2924,150.712,-213.547],"tool":false,"touchDistance":0.333333,"touchZone":"none","type":3,"width":17.6296},{"bases":[[[0.422214,-0.906496,-0.000057907],[0.787922,0.366954,0.494493],[-0.448235,-0.208827,0.869181]],[[0.467717,-0.878973,-0.0929878],[0.688525,0.42829,-0.585236],[0.554232,0.209701,0.805514]],[[0.467717,-0.878973,-0.0929878],[-0.309187,-0.0641456,-0.948835],[0.828036,0.472538,-0.301769]],[[0.467717,-0.878973,-0.0929878],[-0.736235,-0.329215,-0.591249],[0.489079,0.344998,-0.80111]]],"btipPosition":[-9.78517,272.787,15.9049],"carpPosition":[7.99534,283.022,73.6115],"dipPosition":[-1.56366,278.586,2.43805],"direction":[-0.828036,-0.472537,0.301769],"extended":false,"handId":996,"id":9964,"length":49.2606,"mcpPosition":[33.3431,294.831,24.4593],"pipPosition":[14.2309,287.6,-3.31812],"stabilizedTipPosition":[-5.67746,248.019,45.6165],"timeVisible":23.129,"tipPosition":[-7.82872,274.114,12.8194],"tipVelocity":[-14.4835,138.007,-206.936],"tool":false,"touchDistance":0.333333,"touchZone":"none","type":4,"width":15.66}],"r":[[0.994982,0.0231334,0.0973423],[-0.038456,0.986592,0.158613],[-0.0923679,-0.161561,0.982531]],"s":0.962828,"t":[-7.06132,-16.4932,-11.3596],"timestamp":669684642977},false],[3,{"currentFrameRate":55.2772,"devices":[],"gestures":[],"hands":[{"armBasis":[[0.76053,-0.639757,-0.11093],[0.627641,0.76811,-0.126783],[0.166316,0.0267982,0.985708]],"armWidth":62.1429,"confidence":0.67569,"direction":[0.321385,0.456356,-0.829729],"elbow":[36.177,297.194,335.095],"grabStrength":0.146867,"id":996,"palmNormal":[-0.552549,-0.621207,-0.55569],"palmPosition":[1.26332,316.29,29.8934],"palmVelocity":[6.65659,137.785,-233.14],"palmWidth":88.738,"pinchStrength":0.668943,"r":[[0.995235,0.015234,0.0963054],[-0.0308072,0.986251,0.162357],[-0.0925079,-0.164551,0.982021]],"s":0.967561,"sphereCenter":[-10.3029,280.41,-12.6134],"sphereRadius":50.4811,"stabilizedPalmPosition":[0.393326,289.605,63.5049],"t":[-6.94756,-13.998,-15.5978],"timeVisible":23.147,"type":"right","wrist":[-7.61701,290.138,75.5407]}],"id":4980433,"interactionBox":{"center":[0,200,0],"size":[235.247,235.247,147.751]},"pointables":[{"bases":[[[0.866382,0.388324,0.313986],[-0.497225,0.612412,0.614588],[0.0463703,-0.68859,0.723667]],[[0.835109,0.529914,0.147597],[-0.521999,0.678772,0.516513],[0.173523,-0.50839,0.843463]],[[0.835109,0.529914,0.147597],[-0.542668,0.837551,0.0633948],[-0.0900261,-0.133038,0.987014]],[[0.835109,0.529914,0.147597],[-0.491224,0.839163,-0.233462],[-0.247573,0.122463,0.961099]]],"btipPosition":[-35.6935,326.162,-21.9012],"carpPosition":[-35.8902,299.784,73.9168],"dipPosition":[-41.3442,328.957,0.0352372],"direction":[0.0900261,0.133038,-0.987014],"extended":false,"handId":996,"id":9960,"length":50.8265,"mcpPosition":[-35.8902,299.784,73.9168],"pipPosition":[-44.3377,324.533,32.8552],"stabilizedTipPosition":[-35.3512,291.55,28.2231],"timeVisible":23.147,"tipPosition":[-35.9001,327.112,-16.2128],"tipVelocity":[-16.3148,179.813,-234.854],"tool":false,"touchDistance":-0.648198,"touchZone":"hovering","type":0,"width":19.7488},{"bases":[[[0.81207,-0.55139,-0.19108],[0.57428,0.696936,0.429515],[-0.10366,-0.45853,0.882613]],[[0.795847,-0.598261,-0.0933362],[0.597214,0.800988,-0.0418818],[0.0998174,-0.0224101,0.994753]],[[0.795847,-0.598261,-0.0933362],[0.571189,0.792931,-0.212142],[0.200926,0.11552,0.972771]],[[0.795847,-0.598261,-0.0933362],[0.544034,0.774184,-0.323521],[0.26581,0.206695,0.941606]]],"btipPosition":[-21.8608,339.052,-68.1841],"carpPosition":[-15.9506,311.381,75.4416],"dipPosition":[-17.4317,342.496,-52.4943],"direction":[-0.200926,-0.11552,-0.972771],"extended":true,"handId":996,"id":9961,"length":57.352,"mcpPosition":[-8.5132,344.28,12.1153],"pipPosition":[-12.6955,345.219,-29.564],"stabilizedTipPosition":[-24.6947,316.776,-39.604],"timeVisible":23.147,"tipPosition":[-21.6219,339.01,-64.1814],"tipVelocity":[36.733,198.925,-237.936],"tool":false,"touchDistance":-0.624353,"touchZone":"hovering","type":1,"width":18.8641},{"bases":[[[0.68072,-0.718947,-0.140483],[0.700887,0.583447,0.410301],[-0.21302,-0.377762,0.901065]],[[0.682826,-0.715115,-0.149529],[0.538584,0.631014,-0.558345],[0.493636,0.300718,0.816022]],[[0.682826,-0.715115,-0.149529],[-0.295984,-0.0836579,-0.951522],[0.667939,0.693983,-0.268786]],[[0.682826,-0.715115,-0.149529],[-0.644651,-0.493453,-0.583892],[0.343764,0.495091,-0.797942]]],"btipPosition":[-38.825,289.5,-4.21303],"carpPosition":[-5.29083,306.252,73.3777],"dipPosition":[-32.5249,298.573,-18.8368],"direction":[-0.667939,-0.693983,0.268786],"extended":false,"handId":996,"id":9962,"length":65.348,"mcpPosition":[9.20333,331.955,12.0681],"pipPosition":[-14.0012,317.819,-26.291],"stabilizedTipPosition":[-36.4586,261.995,28.0763],"timeVisible":23.147,"tipPosition":[-37.2845,291.649,-7.54699],"tipVelocity":[-11.9124,165.418,-246.11],"tool":false,"touchDistance":0.333333,"touchZone":"none","type":2,"width":18.527},{"bases":[[[0.587167,-0.808625,-0.0368801],[0.740582,0.518251,0.42773],[-0.32676,-0.278462,0.903154]],[[0.597185,-0.799436,-0.0653586],[0.614671,0.508465,-0.603028],[0.515315,0.319945,0.795038]],[[0.597185,-0.799436,-0.0653586],[-0.293348,-0.141839,-0.945425],[0.746537,0.583766,-0.319218]],[[0.597185,-0.799436,-0.0653586],[-0.682725,-0.463844,-0.564567],[0.421019,0.381773,-0.822796]]],"btipPosition":[-26.7221,278.837,5.14275],"carpPosition":[3.61074,298.495,71.3422],"dipPosition":[-19.0505,285.793,-9.84989],"direction":[-0.746537,-0.583766,0.319218],"extended":false,"handId":996,"id":9963,"length":62.8339,"mcpPosition":[23.5724,315.506,16.1688],"pipPosition":[1.1182,301.565,-18.474],"stabilizedTipPosition":[-22.8779,251.863,37.5823],"timeVisible":23.147,"tipPosition":[-24.8971,280.47,1.81089],"tipVelocity":[-15.8305,155.828,-243.277],"tool":false,"touchDistance":0.333333,"touchZone":"none","type":3,"width":17.6296},{"bases":[[[0.414911,-0.909859,-0.00226505],[0.791095,0.359521,0.494887],[-0.449463,-0.207126,0.868954]],[[0.460633,-0.882464,-0.095256],[0.691633,0.424126,-0.584604],[0.556292,0.203406,0.805708]],[[0.460633,-0.882464,-0.095256],[-0.309967,-0.0593721,-0.948892],[0.831707,0.466617,-0.300884]],[[0.460633,-0.882464,-0.095256],[-0.738971,-0.321841,-0.591896],[0.49167,0.343038,-0.800366]]],"btipPosition":[-10.1333,275.574,10.8462],"carpPosition":[7.76243,285.542,68.5761],"dipPosition":[-1.86821,281.34,-2.6081],"direction":[-0.831707,-0.466617,0.300884],"extended":false,"handId":996,"id":9964,"length":49.2606,"mcpPosition":[33.1796,297.255,19.4367],"pipPosition":[13.9964,290.241,-8.34737],"stabilizedTipPosition":[-5.72999,248.613,44.8379],"timeVisible":23.147,"tipPosition":[-8.16651,276.894,7.76705],"tipVelocity":[-16.5307,145.866,-242.117],"tool":false,"touchDistance":0.333333,"touchZone":"none","type":4,"width":15.66}],"r":[[0.995235,0.015234,0.0963054],[-0.0308072,0.986251,0.162357],[-0.0925079,-0.164551,0.982021]],"s":0.967561,"t":[-6.94756,-13.998,-15.5978],"timestamp":669684660952},false],[4,{"currentFrameRate":55.2607,"devices":[],"gestures":[],"hands":[{"armBasis":[[0.762151,-0.640245,-0.0959806],[0.626925,0.766881,-0.137326],[0.161528,0.0444908,0.985865]],"armWidth":62.1429,"confidence":0.683476,"direction":[0.328374,0.463582,-0.822959],"elbow":[34.1868,303.548,330.31],"grabStrength":0.13588,"id":996,"palmNormal":[-0.549142,-0.615197,-0.565664],"palmPosition":[0.92009,318.395,25.3818],"palmVelocity":[-5.52819,127.377,-240.478],"palmWidth":88.738,"pinchStrength":0.669262,"r":[[0.995248,0.00844515,0.0970028],[-0.0246534,0.985626,0.167134],[-0.094197,-0.168731,0.981151]],"s":0.972262,"sphereCenter":[-10.3017,282.868,-17.6181],"sphereRadius":50.6331,"stabilizedPalmPosition":[0.401391,290.046,62.9213],"t":[-7.06229,-11.698,-19.9727],"timeVisible":23.1652,"type":"right","wrist":[-8.34647,291.832,70.7142]}],"id":4980434,"interactionBox":{"center":[0,200,0],"size":[235.247,235.247,147.751]},"pointables":[{"bases":[[[0.864492,0.384112,0.32421],[-0.501064,0.607399,0.616442],[0.0398581,-0.695359,0.717556]],[[0.83464,0.527427,0.158733],[-0.525113,0.674989,0.51831],[0.166228,-0.515956,0.840332]],[[0.83464,0.527427,0.158733],[-0.542336,0.837268,0.0696627],[-0.0961604,-0.14423,0.984861]],[[0.83464,0.527427,0.158733],[-0.489743,0.842516,-0.224319],[-0.252047,0.109487,0.961501]]],"btipPosition":[-35.7349,328.949,-26.6393],"carpPosition":[-36.5929,301.534,68.9638],"dipPosition":[-41.4877,331.448,-4.69366],"direction":[0.0961604,0.14423,-0.984861],"extended":false,"handId":996,"id":9960,"length":50.8265,"mcpPosition":[-36.5929,301.534,68.9638],"pipPosition":[-44.6852,326.652,28.0547],"stabilizedTipPosition":[-35.4112,292.886,26.4715],"timeVisible":23.1652,"tipPosition":[-36.0007,329.758,-20.9634],"tipVelocity":[-10.2432,165.505,-247.264],"tool":false,"touchDistance":-0.682751,"touchZone":"hovering","type":0,"width":19.7488},{"bases":[[[0.812739,-0.550782,-0.189988],[0.571945,0.692065,0.44037],[-0.111064,-0.466568,0.877485]],[[0.795671,-0.598597,-0.0926766],[0.599287,0.800195,-0.023294],[0.0881031,-0.0370055,0.995424]],[[0.795671,-0.598597,-0.0926766],[0.57639,0.795258,-0.187987],[0.18623,0.0961579,0.977789]],[[0.795671,-0.598597,-0.0926766],[0.551861,0.779451,-0.296488],[0.249714,0.184763,0.950529]]],"btipPosition":[-20.9229,342.769,-72.8036],"carpPosition":[-16.6494,313.088,70.7492],"dipPosition":[-16.762,345.847,-56.9652],"direction":[-0.18623,-0.0961579,-0.977789],"extended":true,"handId":996,"id":9961,"length":57.352,"mcpPosition":[-8.68069,346.564,7.79078],"pipPosition":[-12.3721,348.114,-33.9166],"stabilizedTipPosition":[-24.1359,319.932,-43.0972],"timeVisible":23.1652,"tipPosition":[-20.8051,342.536,-68.7754],"tipVelocity":[42.2318,199.492,-244.923],"tool":false,"touchDistance":-0.659031,"touchZone":"hovering","type":1,"width":18.8641},{"bases":[[[0.680771,-0.718609,-0.141959],[0.698537,0.578574,0.421068],[-0.220449,-0.385815,0.895851]],[[0.682849,-0.714885,-0.150524],[0.545922,0.636239,-0.545132],[0.485476,0.290068,0.824726]],[[0.682849,-0.714885,-0.150524],[-0.284317,-0.0702501,-0.956153],[0.672965,0.695705,-0.251224]],[[0.682849,-0.714885,-0.150524],[-0.638557,-0.483952,-0.59836],[0.354912,0.504708,-0.786961]]],"btipPosition":[-38.9701,292.034,-9.61421],"carpPosition":[-5.98124,307.962,68.7193],"dipPosition":[-32.4656,301.284,-24.0368],"direction":[-0.672965,-0.695705,0.251224],"extended":false,"handId":996,"id":9962,"length":65.348,"mcpPosition":[9.01842,334.213,7.76443],"pipPosition":[-13.8026,320.578,-31.0039],"stabilizedTipPosition":[-36.4903,262.999,26.7965],"timeVisible":23.1652,"tipPosition":[-37.3844,294.197,-12.7842],"tipVelocity":[-8.80907,154.196,-269.406],"tool":false,"touchDistance":0.333333,"touchZone":"none","type":2,"width":18.527},{"bases":[[[0.586301,-0.809109,-0.0399155],[0.738006,0.51316,0.438193],[-0.334063,-0.286371,0.897994]],[[0.596562,-0.799658,-0.068266],[0.618399,0.512219,-0.595998],[0.511562,0.313335,0.800079]],[[0.596562,-0.799658,-0.068266],[-0.288159,-0.134029,-0.948157],[0.749051,0.585306,-0.310385]],[[0.596562,-0.799658,-0.068266],[-0.679532,-0.45802,-0.573109],[0.427024,0.388284,-0.816631]]],"btipPosition":[-26.9758,281.164,0.224913],"carpPosition":[2.92481,300.211,66.6798],"dipPosition":[-19.1947,288.24,-14.6554],"direction":[-0.749051,-0.585306,0.310385],"extended":false,"handId":996,"id":9963,"length":62.8339,"mcpPosition":[23.3326,317.706,11.8216],"pipPosition":[1.04191,304.052,-23.0409],"stabilizedTipPosition":[-22.9291,252.549,36.6775],"timeVisible":23.1652,"tipPosition":[-25.1091,282.843,-3.14457],"tipVelocity":[-14.2844,143.384,-255.77],"tool":false,"touchDistance":0.333333,"touchZone":"none","type":3,"width":17.6296},{"bases":[[[0.413643,-0.910408,-0.00756401],[0.787781,0.353738,0.504253],[-0.4564,-0.214539,0.863523]],[[0.460084,-0.88224,-0.0998784],[0.696035,0.428226,-0.576332],[0.551233,0.195642,0.811089]],[[0.460084,-0.88224,-0.0998784],[-0.303343,-0.0504679,-0.951544],[0.834449,0.468088,-0.290841]],[[0.460084,-0.88224,-0.0998784],[-0.734888,-0.315263,-0.600458],[0.49826,0.349661,-0.793394]]],"btipPosition":[-10.4126,277.858,5.90791],"carpPosition":[7.07945,287.279,63.825],"dipPosition":[-2.03673,283.736,-7.4292],"direction":[-0.834449,-0.468088,0.290841],"extended":false,"handId":996,"id":9964,"length":49.2606,"mcpPosition":[32.8889,299.411,14.9927],"pipPosition":[13.8802,292.665,-12.9769],"stabilizedTipPosition":[-5.77817,249.148,44.1038],"timeVisible":23.1652,"tipPosition":[-8.41235,279.21,2.84096],"tipVelocity":[-15.3158,136.993,-255.671],"tool":false,"touchDistance":0.333333,"touchZone":"none","type":4,"width":15.66}],"r":[[0.995248,0.00844515,0.0970028],[-0.0246534,0.985626,0.167134],[-0.094197,-0.168731,0.981151]],"s":0.972262,"t":[-7.06229,-11.698,-19.9727],"timestamp":669684679105},false],[5,{"currentFrameRate":55.2935,"devices":[],"gestures":[],"hands":[{"armBasis":[[0.766134,-0.635532,-0.0955914],[0.623453,0.771056,-0.129535],[0.15603,0.0396447,0.986956]],"armWidth":62.1429,"confidence":0.694862,"direction":[0.321884,0.467036,-0.82357],"elbow":[33.4548,303.705,328.536],"grabStrength":0.125111,"id":996,"palmNormal":[-0.548731,-0.616842,-0.564269],"palmPosition":[1.27331,319.973,23.3325],"palmVelocity":[6.38914,108.654,-180.634],"palmWidth":88.738,"pinchStrength":0.665935,"r":[[0.99532,0.00400539,0.0965551],[-0.0205916,0.984986,0.171405],[-0.0944188,-0.172591,0.980458]],"s":0.977091,"sphereCenter":[-9.90057,284.44,-19.7398],"sphereRadius":50.7587,"stabilizedPalmPosition":[0.41361,290.465,62.3665],"t":[-6.94305,-9.75895,-23.1848],"timeVisible":23.1831,"type":"right","wrist":[-7.63065,293.266,68.6528]}],"id":4980435,"interactionBox":{"center":[0,200,0],"size":[235.247,235.247,147.751]},"pointables":[{"bases":[[[0.864078,0.387916,0.320764],[-0.501156,0.603468,0.620216],[0.047021,-0.696669,0.715851]],[[0.832619,0.531539,0.155599],[-0.526165,0.671442,0.52184],[0.172902,-0.516365,0.838733]],[[0.832619,0.531539,0.155599],[-0.54666,0.833827,0.0767844],[-0.088929,-0.148992,0.984831]],[[0.832619,0.531539,0.155599],[-0.496553,0.840863,-0.215372],[-0.245316,0.10206,0.964056]]],"btipPosition":[-35.7964,330.587,-28.5197],"carpPosition":[-35.9354,302.825,67.0629],"dipPosition":[-41.3956,332.917,-6.51577],"direction":[0.088929,0.148992,-0.984831],"extended":false,"handId":996,"id":9960,"length":50.8265,"mcpPosition":[-35.9354,302.825,67.0629],"pipPosition":[-44.3527,327.963,26.2316],"stabilizedTipPosition":[-35.4672,294.165,24.8007],"timeVisible":23.1831,"tipPosition":[-36.0515,331.303,-22.8573],"tipVelocity":[-6.08565,129.29,-179.411],"tool":false,"touchDistance":-0.670815,"touchZone":"hovering","type":0,"width":19.7488},{"bases":[[[0.814639,-0.546138,-0.195185],[0.570514,0.694094,0.43903],[-0.104294,-0.469007,0.877015]],[[0.798262,-0.594332,-0.0977109],[0.595664,0.803029,-0.0181089],[0.0892274,-0.0437472,0.99505]],[[0.798262,-0.594332,-0.0977109],[0.573645,0.799651,-0.177451],[0.183599,0.085601,0.979267]],[[0.798262,-0.594332,-0.0977109],[0.550269,0.785595,-0.282923],[0.244911,0.172079,0.954153]]],"btipPosition":[-20.7079,345.077,-74.8241],"carpPosition":[-16.0436,314.478,68.7747],"dipPosition":[-16.627,347.944,-58.9253],"direction":[-0.183599,-0.085601,-0.979267],"extended":true,"handId":996,"id":9961,"length":57.352,"mcpPosition":[-8.56062,348.129,5.8499],"pipPosition":[-12.2992,349.962,-35.8418],"stabilizedTipPosition":[-23.6339,322.898,-46.324],"timeVisible":23.1831,"tipPosition":[-20.6482,344.704,-70.7794],"tipVelocity":[27.4227,164.575,-181.852],"tool":false,"touchDistance":-0.651559,"touchZone":"hovering","type":1,"width":18.8641},{"bases":[[[0.683784,-0.714752,-0.146867],[0.697597,0.581305,0.418859],[-0.214006,-0.388863,0.896095]],[[0.685784,-0.711029,-0.155364],[0.53982,0.640106,-0.546679],[0.488155,0.291035,0.822802]],[[0.685784,-0.711029,-0.155364],[-0.288453,-0.0695455,-0.954965],[0.668203,0.699715,-0.252792]],[[0.685784,-0.711029,-0.155364],[-0.638752,-0.485679,-0.596752],[0.348851,0.508482,-0.787242]]],"btipPosition":[-38.6692,293.466,-11.53],"carpPosition":[-5.35915,309.412,66.681],"dipPosition":[-32.2759,302.785,-25.9577],"direction":[-0.668203,-0.699715,0.252792],"extended":false,"handId":996,"id":9962,"length":65.348,"mcpPosition":[9.20206,335.871,5.70954],"pipPosition":[-13.7448,322.19,-32.9683],"stabilizedTipPosition":[-36.5094,263.875,25.6777],"timeVisible":23.1831,"tipPosition":[-37.1045,295.649,-14.7026],"tipVelocity":[2.6093,119.344,-192.39],"tool":false,"touchDistance":0.333333,"touchZone":"none","type":2,"width":18.527},{"bases":[[[0.590292,-0.80596,-0.0445535],[0.73749,0.516061,0.435648],[-0.328122,-0.290017,0.899014]],[[0.600348,-0.79641,-0.0728897],[0.611081,0.515612,-0.600603],[0.515909,0.316029,0.796218]],[[0.600348,-0.79641,-0.0728897],[-0.294239,-0.135211,-0.946119],[0.743643,0.589448,-0.315508]],[[0.600348,-0.79641,-0.0728897],[-0.680602,-0.460928,-0.569497],[0.419956,0.391505,-0.818755]]],"btipPosition":[-26.6012,282.6,-1.59094],"carpPosition":[3.57684,301.712,64.5808],"dipPosition":[-18.9489,289.734,-16.51],"direction":[-0.743643,-0.589448,0.315508],"extended":false,"handId":996,"id":9963,"length":62.8339,"mcpPosition":[23.6217,319.429,9.66039],"pipPosition":[1.14161,305.659,-25.0338],"stabilizedTipPosition":[-22.9675,253.185,35.841],"timeVisible":23.1831,"tipPosition":[-24.748,284.31,-5.03746],"tipVelocity":[1.55931,113.69,-182.778],"tool":false,"touchDistance":0.333333,"touchZone":"none","type":3,"width":17.6296},{"bases":[[[0.418324,-0.908224,-0.0115681],[0.788418,0.35676,0.501118],[-0.451,-0.21875,0.865302]],[[0.464061,-0.879697,-0.103835],[0.690392,0.432637,-0.579814],[0.554983,0.197382,0.808105]],[[0.464061,-0.879697,-0.103835],[-0.308273,-0.0504929,-0.949957],[0.830431,0.472847,-0.294619]],[[0.464061,-0.879697,-0.103835],[-0.736218,-0.317852,-0.597455],[0.492575,0.353701,-0.795151]]],"btipPosition":[-9.97007,279.406,3.86456],"carpPosition":[7.78443,288.808,61.6778],"dipPosition":[-1.68979,285.352,-9.50209],"direction":[-0.830431,-0.472847,0.294619],"extended":false,"handId":996,"id":9964,"length":49.2606,"mcpPosition":[33.2885,301.178,12.7449],"pipPosition":[14.1505,294.372,-15.1219],"stabilizedTipPosition":[-5.81449,249.65,43.416],"timeVisible":23.1831,"tipPosition":[-7.98425,280.78,0.776314],"tipVelocity":[3.0055,113.345,-188.661],"tool":false,"touchDistance":0.333333,"touchZone":"none","type":4,"width":15.66}],"r":[[0.99532,0.00400539,0.0965551],[-0.0205916,0.984986,0.171405],[-0.0944188,-0.172591,0.980458]],"s":0.977091,"t":[-6.94305,-9.75895,-23.1848],"timestamp":669684697077},false],[6,{"currentFrameRate":55.3176,"devices":[],"gestures":[],"hands":[{"armBasis":[[0.762603,-0.640222,-0.0924785],[0.627112,0.766781,-0.13703],[0.15864,0.0465048,0.986241]],"armWidth":62.1429,"confidence":0.700148,"direction":[0.320758,0.4633,-0.826116],"elbow":[34.1663,307.306,326.074],"grabStrength":0.111524,"id":996,"palmNormal":[-0.555165,-0.614706,-0.560293],"palmPosition":[1.24192,321.615,20.9593],"palmVelocity":[2.53647,100.407,-157.546],"palmWidth":88.738,"pinchStrength":0.663127,"r":[[0.995455,-0.000713532,0.0952277],[-0.0159786,0.984544,0.174408],[-0.0938802,-0.175137,0.980058]],"s":0.982439,"sphereCenter":[-10.3288,286.145,-21.9982],"sphereRadius":50.8162,"stabilizedPalmPosition":[0.424893,290.89,61.8024],"t":[-6.89912,-7.9685,-25.9775],"timeVisible":23.2011,"type":"right","wrist":[-7.60644,295.06,66.3797]}],"id":4980436,"interactionBox":{"center":[0,200,0],"size":[235.247,235.247,147.751]},"pointables":[{"bases":[[[0.867945,0.383345,0.315781],[-0.494504,0.607835,0.621291],[0.0462258,-0.695402,0.717133]],[[0.836504,0.526959,0.150252],[-0.519682,0.675978,0.522479],[0.173758,-0.515139,0.839309]],[[0.836504,0.526959,0.150252],[-0.541413,0.837093,0.0784047],[-0.0844584,-0.146934,0.985534]],[[0.836504,0.526959,0.150252],[-0.492924,0.843415,-0.213725],[-0.239348,0.104719,0.96527]]],"btipPosition":[-36.0476,332.361,-30.7573],"carpPosition":[-35.86,304.787,64.9044],"dipPosition":[-41.5105,334.751,-8.72567],"direction":[0.0844584,0.146934,-0.985534],"extended":false,"handId":996,"id":9960,"length":50.8265,"mcpPosition":[-35.86,304.787,64.9044],"pipPosition":[-44.3189,329.865,24.045],"stabilizedTipPosition":[-35.5277,295.442,23.1367],"timeVisible":23.2011,"tipPosition":[-36.2857,333.075,-25.1045],"tipVelocity":[-8.98857,115.103,-153.165],"tool":false,"touchDistance":-0.665535,"touchZone":"hovering","type":0,"width":19.7488},{"bases":[[[0.810364,-0.551498,-0.19789],[0.576815,0.691555,0.434783],[-0.10293,-0.466478,0.878523]],[[0.794231,-0.599239,-0.100551],[0.60105,0.799078,-0.0145816],[0.089086,-0.048855,0.994825]],[[0.794231,-0.599239,-0.100551],[0.580175,0.797075,-0.167533],[0.180539,0.0747228,0.980725]],[[0.794231,-0.599239,-0.100551],[0.558083,0.78487,-0.269298],[0.240294,0.157769,0.957793]]],"btipPosition":[-20.497,347.449,-77.2969],"carpPosition":[-15.8898,316.323,66.4956],"dipPosition":[-16.493,350.078,-61.3375],"direction":[-0.180539,-0.0747228,-0.980725],"extended":true,"handId":996,"id":9961,"length":57.352,"mcpPosition":[-8.50472,349.792,3.46264],"pipPosition":[-12.2373,351.839,-38.2196],"stabilizedTipPosition":[-23.1791,325.717,-49.3839],"timeVisible":23.2011,"tipPosition":[-20.5145,346.911,-73.2285],"tipVelocity":[19.5195,147.626,-160.443],"tool":false,"touchDistance":-0.651621,"touchZone":"hovering","type":1,"width":18.8641},{"bases":[[[0.678721,-0.719209,-0.14858],[0.703113,0.577952,0.41425],[-0.21206,-0.385629,0.897954]],[[0.680675,-0.715571,-0.156971],[0.539879,0.634808,-0.552765],[0.495189,0.291508,0.81842]],[[0.680675,-0.715571,-0.156971],[-0.29451,-0.0710923,-0.953],[0.67078,0.694913,-0.259133]],[[0.680675,-0.715571,-0.156971],[-0.644665,-0.483294,-0.592313],[0.347979,0.504366,-0.790269]]],"btipPosition":[-39.0751,295.208,-13.5382],"carpPosition":[-5.24649,311.188,64.3619],"dipPosition":[-32.6977,304.451,-28.0214],"direction":[-0.67078,-0.694913,0.259133],"extended":false,"handId":996,"id":9962,"length":65.348,"mcpPosition":[9.18236,337.426,3.264],"pipPosition":[-14.0952,323.723,-35.2078],"stabilizedTipPosition":[-36.5381,264.749,24.5665],"timeVisible":23.2011,"tipPosition":[-37.4991,297.398,-16.775],"tipVelocity":[-9.40676,108.209,-154.46],"tool":false,"touchDistance":0.333333,"touchZone":"none","type":2,"width":18.527},{"bases":[[[0.585169,-0.809627,-0.0456216],[0.74269,0.512504,0.43099],[-0.32556,-0.286085,0.901203]],[[0.595197,-0.80015,-0.0741709],[0.609143,0.509455,-0.607784],[0.524105,0.31657,0.790631]],[[0.595197,-0.80015,-0.0741709],[-0.302093,-0.137269,-0.943344],[0.744635,0.583882,-0.323422]],[[0.595197,-0.80015,-0.0741709],[-0.686803,-0.458612,-0.563895],[0.417184,0.386569,-0.822509]]],"btipPosition":[-27.0355,284.293,-3.54409],"carpPosition":[3.63244,303.429,62.2358],"dipPosition":[-19.4338,291.337,-18.5315],"direction":[-0.744635,-0.583882,0.323422],"extended":false,"handId":996,"id":9963,"length":62.8339,"mcpPosition":[23.5208,320.906,7.18161],"pipPosition":[0.683555,307.112,-27.2692],"stabilizedTipPosition":[-23.015,253.855,34.9642],"timeVisible":23.2011,"tipPosition":[-25.1748,286.004,-7.08093],"tipVelocity":[-10.9177,103.87,-148.031],"tool":false,"touchDistance":0.333333,"touchZone":"none","type":3,"width":17.6296},{"bases":[[[0.412745,-0.910773,-0.0115912],[0.792964,0.353036,0.496562],[-0.448163,-0.214145,0.867924]],[[0.457546,-0.883233,-0.102715],[0.685662,0.424006,-0.591681],[0.566144,0.200294,0.799602]],[[0.457546,-0.883233,-0.102715],[-0.319754,-0.0556457,-0.945865],[0.829704,0.46562,-0.307878]],[[0.457546,-0.883233,-0.102715],[-0.743457,-0.31663,-0.589081],[0.487774,0.345896,-0.801519]]],"btipPosition":[-10.4576,281,2.03242],"carpPosition":[7.74766,290.493,59.3407],"dipPosition":[-2.25799,286.814,-11.4413],"direction":[-0.829704,-0.46562,0.307878],"extended":false,"handId":996,"id":9964,"length":49.2606,"mcpPosition":[33.0913,302.603,10.2596],"pipPosition":[13.5684,295.696,-17.314],"stabilizedTipPosition":[-5.85953,250.184,42.6893],"timeVisible":23.2011,"tipPosition":[-8.44514,282.38,-1.21968],"tipVelocity":[-11.7389,100.809,-148.176],"tool":false,"touchDistan