{"sensorType":"Leap","data":[[0,{"currentFrameRate":55.317,"devices":[],"gestures":[],"hands":[{"armBasis":[[0.805673,-0.581978,-0.110418],[0.558311,0.808341,-0.186747],[0.197938,0.0888094,0.976183]],"armWidth":62.1429,"confidence":0.7472,"direction":[0.254697,0.435777,-0.863266],"elbow":[46.4266,302.693,345.081],"grabStrength":0.042219,"id":996,"palmNormal":[-0.518263,-0.692161,-0.502311],"palmPosition":[-0.533588,303.619,40.8246],"palmVelocity":[24.3904,112.999,-131.156],"palmWidth":88.738,"pinchStrength":0.637811,"r":[[0.996015,0.0794632,0.0404969],[-0.0832925,0.991102,0.103819],[-0.0318868,-0.106779,0.993771]],"s":0.996588,"sphereCenter":[-12.5403,266.043,0.117338],"sphereRadius":50.5567,"stabilizedPalmPosition":[-5.46982,291.546,51.8574],"t":[-9.06908,-26.203,-6.53005],"timeVisible":17.01,"type":"right","wrist":[-5.69407,279.308,88.0351]}],"id":4980100,"interactionBox":{"center":[0,200,0],"size":[235.247,235.247,147.751]},"pointables":[{"bases":[[[0.841771,0.472608,0.260889],[-0.524671,0.602503,0.601424],[0.127052,-0.643142,0.755133]],[[0.807393,0.576145,0.127176],[-0.552404,0.662432,0.505998],[0.207282,-0.478792,0.853108]],[[0.807393,0.576145,0.127176],[-0.585684,0.808694,0.0546655],[-0.0713514,-0.118622,0.990373]],[[0.807393,0.576145,0.127176],[-0.536764,0.806745,-0.247075],[-0.24495,0.131223,0.960615]]],"btipPosition":[-36.8287,310.817,-9.38503],"carpPosition":[-34.7011,286.56,87.0031],"dipPosition":[-42.4195,313.813,12.5404],"direction":[0.0713514,0.118622,-0.990373],"extended":false,"handId":996,"id":9960,"length":50.8265,"mcpPosition":[-34.7011,286.56,87.0031],"pipPosition":[-44.7921,309.868,45.472],"stabilizedTipPosition":[-41.119,297.854,7.67173],"timeVisible":17.01,"tipPosition":[-37.4392,311.229,-3.89018],"tipVelocity":[15.962,152.245,-143.882],"tool":false,"touchDistance":-0.0945754,"touchZone":"touching","type":0,"width":19.7488},{"bases":[[[0.847589,-0.494,-0.193796],[0.52944,0.762559,0.371749],[-0.0358634,-0.417693,0.90788]],[[0.841808,-0.526537,-0.11882],[0.525648,0.8497,-0.0412741],[0.122694,-0.0277127,0.992058]],[[0.841808,-0.526537,-0.11882],[0.498741,0.842919,-0.201857],[0.206441,0.110664,0.972181]],[[0.841808,-0.526537,-0.11882],[0.472377,0.825139,-0.309848],[0.26119,0.204705,0.943332]]],"btipPosition":[-27.5245,324.891,-58.1571],"carpPosition":[-15.7385,299.781,87.1834],"dipPosition":[-23.1724,328.302,-42.4386],"direction":[-0.206441,-0.110664,-0.972181],"extended":true,"handId":996,"id":9961,"length":57.352,"mcpPosition":[-13.1654,329.75,22.0441],"pipPosition":[-18.3061,330.911,-19.5222],"stabilizedTipPosition":[-29.6786,316.487,-47.6243],"timeVisible":17.01,"tipPosition":[-26.4471,326.069,-54.5033],"tipVelocity":[51.892,176.876,-128.28],"tool":false,"touchDistance":0.0229209,"touchZone":"hovering","type":1,"width":18.8641},{"bases":[[[0.732192,-0.668602,-0.129872],[0.664197,0.658708,0.353476],[-0.150787,-0.345072,0.926385]],[[0.733749,-0.664908,-0.13968],[0.482597,0.654764,-0.581708],[0.47824,0.359418,0.801315]],[[0.733749,-0.664908,-0.13968],[-0.30917,-0.143691,-0.940089],[0.605002,0.732974,-0.311002]],[[0.733749,-0.664908,-0.13968],[-0.621909,-0.57451,-0.532134],[0.273573,0.477321,-0.835059]]],"btipPosition":[-38.7833,272.927,8.20561],"carpPosition":[-4.77018,295.418,84.9768],"dipPosition":[-33.7696,281.675,-7.09843],"direction":[-0.605002,-0.732974,0.311002],"extended":false,"handId":996,"id":9962,"length":65.348,"mcpPosition":[5.48954,318.897,21.9444],"pipPosition":[-16.9913,302.002,-15.7233],"stabilizedTipPosition":[-42.6959,263.237,15.64],"timeVisible":17.01,"tipPosition":[-37.6309,274.778,5.38085],"tipVelocity":[25.2415,143.531,-172.802],"tool":false,"touchDistance":0.333333,"touchZone":"none","type":2,"width":18.527},{"bases":[[[0.649855,-0.759836,-0.0184056],[0.709667,0.597921,0.372645],[-0.272143,-0.255227,0.927792]],[[0.657963,-0.751576,-0.0471002],[0.56996,0.537894,-0.62114],[0.492169,0.381842,0.782283]],[[0.657963,-0.751576,-0.0471002],[-0.297055,-0.201564,-0.933344],[0.691985,0.628097,-0.355881]],[[0.657963,-0.751576,-0.0471002],[-0.660745,-0.546179,-0.514882],[0.361248,0.369895,-0.855966]]],"btipPosition":[-25.4349,263.546,17.4438],"carpPosition":[4.66304,288.302,82.9976],"dipPosition":[-18.8524,270.286,1.84672],"direction":[-0.691985,-0.628097,0.35588],"extended":false,"handId":996,"id":9963,"length":62.8339,"mcpPosition":[21.2882,303.893,26.3191],"pipPosition":[-0.157472,287.255,-7.76788],"stabilizedTipPosition":[-28.881,255.341,22.9553],"timeVisible":17.01,"tipPosition":[-23.9863,265.026,14.6609],"tipVelocity":[21.3883,131.542,-160.916],"tool":false,"touchDistance":0.333333,"touchZone":"none","type":3,"width":17.6296},{"bases":[[[0.487739,-0.872547,0.027783],[0.775254,0.447546,0.44574],[-0.401363,-0.195866,0.894731]],[[0.529882,-0.8449,-0.0732728],[0.649768,0.459985,-0.605158],[0.545002,0.273052,0.792727]],[[0.529882,-0.8449,-0.0732728],[-0.325128,-0.122585,-0.937691],[0.783274,0.520688,-0.339656]],[[0.529882,-0.8449,-0.0732728],[-0.731056,-0.411268,-0.544442],[0.429864,0.342056,-0.835592]]],"btipPosition":[-8.49758,261.572,23.3232],"carpPosition":[9.76601,275.594,80.7314],"dipPosition":[-1.27148,267.322,9.27672],"direction":[-0.783274,-0.520688,0.339656],"extended":false,"handId":996,"id":9964,"length":49.2606,"mcpPosition":[32.4631,286.67,30.1343],"pipPosition":[13.6692,277.254,2.79788],"stabilizedTipPosition":[-11.2383,253.263,29.0977],"timeVisible":17.01,"tipPosition":[-6.89911,262.851,20.6503],"tipVelocity":[20.6601,125.543,-161.41],"tool":false,"touchDistance":0.333333,"touchZone":"none","type":4,"width":15.66}],"r":[[0.996015,0.0794632,0.0404969],[-0.0832925,0.991102,0.103819],[-0.0318868,-0.106779,0.993771]],"s":0.996588,"t":[-9.06908,-26.203,-6.53005],"timestamp":669678523962},false],[1,{"currentFrameRate":55.3529,"devices":[],"gestures":[],"hands":[{"armBasis":[[0.797614,-0.592855,-0.111058],[0.569974,0.801072,-0.18279],[0.197334,0.082496,0.976859]],"armWidth":62.1429,"confidence":0.749464,"direction":[0.260814,0.429561,-0.864554],"elbow":[46.4901,302.781,342.739],"grabStrength":0.0377416,"id":996,"palmNormal":[-0.527148,-0.686881,-0.500309],"palmPosition":[0.0307273,305.144,38.2283],"palmVelocity":[27.7284,99.7737,-137.561],"palmWidth":88.738,"pinchStrength":0.633898,"r":[[0.996293,0.0743323,0.0432956],[-0.0786245,0.991064,0.107748],[-0.0348996,-0.110753,0.993235]],"s":0.997968,"sphereCenter":[-12.1755,267.287,-2.45696],"sphereRadius":50.8126,"stabilizedPalmPosition":[-5.41791,291.674,51.7287],"t":[-8.56773,-24.4258,-9.01561],"timeVisible":17.028,"type":"right","wrist":[-5.47134,281.058,85.515]}],"id":4980101,"interactionBox":{"center":[0,200,0],"size":[235.247,235.247,147.751]},"pointables":[{"bases":[[[0.847831,0.462287,0.259757],[-0.516923,0.611339,0.599212],[0.118208,-0.642305,0.757279]],[[0.814515,0.566608,0.124584],[-0.544556,0.672659,0.500988],[0.200061,-0.475905,0.85644]],[[0.814515,0.566608,0.124584],[-0.57604,0.815379,0.0577389],[-0.0688679,-0.118795,0.990528]],[[0.814515,0.566608,0.124584],[-0.530829,0.814533,-0.234002],[-0.234065,0.124465,0.964221]]],"btipPosition":[-36.4866,312.966,-12.1923],"carpPosition":[-34.3796,288.688,84.4455],"dipPosition":[-41.829,315.807,9.81538],"direction":[0.0688679,0.118795,-0.990528],"extended":false,"handId":996,"id":9960,"length":50.8265,"mcpPosition":[-34.3796,288.688,84.4455],"pipPosition":[-44.119,311.857,42.7522],"stabilizedTipPosition":[-40.4885,300.775,4.92964],"timeVisible":17.028,"tipPosition":[-37.0002,313.274,-6.6536],"tipVelocity":[18.9351,135.946,-149.332],"tool":false,"touchDistance":-0.141049,"touchZone":"touching","type":0,"width":19.7488},{"bases":[[[0.841069,-0.505789,-0.191783],[0.539312,0.7567,0.369524],[-0.0417794,-0.414226,0.909215]],[[0.834781,-0.53815,-0.116337],[0.537315,0.842378,-0.0411346],[0.120136,-0.0281713,0.992358]],[[0.834781,-0.53815,-0.116337],[0.51104,0.835965,-0.200003],[0.204885,0.107506,0.972864]],[[0.834781,-0.53815,-0.116337],[0.485071,0.818813,-0.307003],[0.260472,0.199849,0.944571]]],"btipPosition":[-26.4497,326.695,-60.8936],"carpPosition":[-15.2439,301.658,84.5919],"dipPosition":[-22.1095,330.025,-45.1545],"direction":[-0.204885,-0.107506,-0.972864],"extended":true,"handId":996,"id":9961,"length":57.352,"mcpPosition":[-12.2463,331.379,19.3569],"pipPosition":[-17.2799,332.559,-22.222],"stabilizedTipPosition":[-29.6786,316.487,-47.6243],"timeVisible":17.028,"tipPosition":[-25.4401,327.736,-57.2175],"tipVelocity":[55.6079,140.292,-139.612],"tool":false,"touchDistance":-0.0726085,"touchZone":"hovering","type":1,"width":18.8641},{"bases":[[[0.723346,-0.67864,-0.127347],[0.672692,0.651018,0.351653],[-0.155741,-0.340033,0.927428]],[[0.724928,-0.675064,-0.136994],[0.493189,0.647511,-0.580942],[0.480878,0.353577,0.802334]],[[0.724928,-0.675064,-0.136994],[-0.308051,-0.139837,-0.941037],[0.616104,0.724385,-0.309326]],[[0.724928,-0.675064,-0.136994],[-0.628263,-0.566442,-0.533319],[0.282426,0.472686,-0.834748]]],"btipPosition":[-38.6034,274.908,5.46256],"carpPosition":[-4.33323,297.144,82.4048],"dipPosition":[-33.4274,283.571,-9.83578],"direction":[-0.616104,-0.724385,0.309326],"extended":false,"handId":996,"id":9962,"length":65.348,"mcpPosition":[6.26357,320.28,19.3015],"pipPosition":[-16.3413,303.66,-18.4142],"stabilizedTipPosition":[-42.3593,264.107,14.7675],"timeVisible":17.028,"tipPosition":[-37.4193,276.732,2.67147],"tipVelocity":[19.032,127.352,-163.353],"tool":false,"touchDistance":0.333333,"touchZone":"none","type":2,"width":18.527},{"bases":[[[0.639761,-0.768415,-0.015625],[0.717346,0.589698,0.371041],[-0.2759,-0.248586,0.928485]],[[0.647924,-0.760427,-0.0441025],[0.577482,0.528152,-0.622551],[0.496697,0.377898,0.781336]],[[0.647924,-0.760427,-0.0441025],[-0.29905,-0.200701,-0.932892],[0.700545,0.617633,-0.357445]],[[0.647924,-0.760427,-0.0441025],[-0.667594,-0.539041,-0.513569],[0.366758,0.362196,-0.856914]]],"btipPosition":[-25.3915,265.331,14.9579],"carpPosition":[5.00596,289.897,80.4533],"dipPosition":[-18.7086,271.93,-0.65642],"direction":[-0.700545,-0.617633,0.357445],"extended":false,"handId":996,"id":9963,"length":62.8339,"mcpPosition":[21.8606,305.083,23.7325],"pipPosition":[0.217602,288.617,-10.3133],"stabilizedTipPosition":[-28.6252,255.927,22.3655],"timeVisible":17.028,"tipPosition":[-23.9192,266.782,12.164],"tipVelocity":[13.0304,115.531,-150.449],"tool":false,"touchDistance":0.333333,"touchZone":"none","type":3,"width":17.6296},{"bases":[[[0.476149,-0.878823,0.0308515],[0.780907,0.438708,0.444656],[-0.404309,-0.187631,0.89517]],[[0.518553,-0.852184,-0.0699007],[0.656636,0.449254,-0.605805],[0.54766,0.268242,0.792537]],[[0.518553,-0.852184,-0.0699007],[-0.325407,-0.121088,-0.937789],[0.790704,0.509039,-0.340097]],[[0.518553,-0.852184,-0.0699007],[-0.735797,-0.403096,-0.544166],[0.435552,0.333611,-0.836061]]],"btipPosition":[-8.48453,263.158,20.8207],"carpPosition":[9.94149,277.116,78.2309],"dipPosition":[-1.16281,268.767,6.76631],"direction":[-0.790704,-0.509039,0.340097],"extended":false,"handId":996,"id":9964,"length":49.2606,"mcpPosition":[32.8052,287.726,27.6089],"pipPosition":[13.9196,278.476,0.279053],"stabilizedTipPosition":[-11.0177,253.82,28.5255],"timeVisible":17.028,"tipPosition":[-6.86243,264.405,18.1431],"tipVelocity":[11.8177,107.125,-151.092],"tool":false,"touchDistance":0.333333,"touchZone":"none","type":4,"width":15.66}],"r":[[0.996293,0.0743323,0.0432956],[-0.0786245,0.991064,0.107748],[-0.0348996,-0.110753,0.993235]],"s":0.997968,"t":[-8.56773,-24.4258,-9.01561],"timestamp":669678541904},false],[2,{"currentFrameRate":55.368,"devices":[],"gestures":[],"hands":[{"armBasis":[[0.79868,-0.590292,-0.116904],[0.572577,0.805234,-0.15412],[0.185111,0.0561561,0.981112]],"armWidth":62.1429,"confidence":0.630336,"direction":[0.258779,0.430039,-0.864927],"elbow":[43.9943,297.364,341.504],"grabStrength":0.032139,"id":996,"palmNormal":[-0.526878,-0.687651,-0.499536],"palmPosition":[0.6411,306.676,35.8664],"palmVelocity":[30.6499,92.7884,-134.523],"palmWidth":88.738,"pinchStrength":0.631649,"r":[[0.996485,0.0705245,0.0452035],[-0.0751675,0.99098,0.110943],[-0.0369716,-0.113951,0.992798]],"s":0.999524,"sphereCenter":[-11.374,268.607,-4.86258],"sphereRadius":50.9803,"stabilizedPalmPosition":[-4.98588,292.744,50.5977],"t":[-8.01188,-22.7715,-11.4393],"timeVisible":17.046,"type":"right","wrist":[-4.74878,282.577,83.1596]}],"id":4980102,"interactionBox":{"center":[0,200,0],"size":[235.247,235.247,147.751]},"pointables":[{"bases":[[[0.847526,0.463574,0.258455],[-0.516917,0.610487,0.600086],[0.120401,-0.642188,0.757032]],[[0.813472,0.568607,0.122267],[-0.545464,0.672926,0.49964],[0.201822,-0.473135,0.857561]],[[0.813472,0.568607,0.122267],[-0.578066,0.813608,0.0623025],[-0.0640518,-0.12136,0.99054]],[[0.813472,0.568607,0.122267],[-0.535362,0.81421,-0.22461],[-0.227266,0.117257,0.966748]]],"btipPosition":[-36.1785,314.555,-14.6139],"carpPosition":[-33.6704,290.163,82.1366],"dipPosition":[-41.3657,317.231,7.45151],"direction":[0.0640518,0.12136,-0.99054],"extended":false,"handId":996,"id":9960,"length":50.8265,"mcpPosition":[-33.6704,290.163,82.1366],"pipPosition":[-43.4955,313.196,40.3887],"stabilizedTipPosition":[-39.9748,303.147,2.54506],"timeVisible":17.046,"tipPosition":[-36.6369,314.824,-9.05135],"tipVelocity":[19.0084,112.341,-141.936],"tool":false,"touchDistance":-0.181186,"touchZone":"touching","type":0,"width":19.7488},{"bases":[[[0.841544,-0.504472,-0.193161],[0.538727,0.7575,0.368738],[-0.0396979,-0.414371,0.909242]],[[0.835353,-0.5371,-0.117086],[0.536583,0.842964,-0.0386066],[0.119435,-0.030576,0.992371]],[[0.835353,-0.5371,-0.117086],[0.510793,0.837116,-0.195775],[0.203165,0.103734,0.973634]],[[0.835353,-0.5371,-0.117086],[0.485299,0.82059,-0.301856],[0.258207,0.195335,0.946136]]],"btipPosition":[-25.802,328.474,-63.2785],"carpPosition":[-14.5546,303.162,82.2539],"dipPosition":[-21.4996,331.729,-47.5132],"direction":[-0.203165,-0.103734,-0.973634],"extended":true,"handId":996,"id":9961,"length":57.352,"mcpPosition":[-11.7064,332.893,17.0169],"pipPosition":[-16.7106,334.174,-24.5626],"stabilizedTipPosition":[-29.2441,317.624,-48.6984],"timeVisible":17.046,"tipPosition":[-24.8811,329.376,-59.576],"tipVelocity":[46.0691,120.162,-136.048],"tool":false,"touchDistance":-0.112256,"touchZone":"touching","type":1,"width":18.8641},{"bases":[[[0.724191,-0.677511,-0.128555],[0.672242,0.652026,0.350646],[-0.153745,-0.340355,0.927643]],[[0.72575,-0.673936,-0.13819],[0.49143,0.64843,-0.581408],[0.481439,0.354046,0.801791]],[[0.72575,-0.673936,-0.13819],[-0.30901,-0.139874,-0.940717],[0.614654,0.725428,-0.309767]],[[0.72575,-0.673936,-0.13819],[-0.628092,-0.567134,-0.532785],[0.28069,0.473465,-0.834892]]],"btipPosition":[-38.0008,276.385,3.13256],"carpPosition":[-3.64045,298.665,80.049],"dipPosition":[-32.8566,285.062,-12.1684],"direction":[-0.614654,-0.725428,0.309767],"extended":false,"handId":996,"id":9962,"length":65.348,"mcpPosition":[6.82054,321.823,16.9311],"pipPosition":[-15.8107,305.18,-20.7591],"stabilizedTipPosition":[-42.0658,264.863,13.965],"timeVisible":17.046,"tipPosition":[-36.8219,278.216,0.331415],"tipVelocity":[25.6787,105.963,-147.268],"tool":false,"touchDistance":0.333333,"touchZone":"none","type":2,"width":18.527},{"bases":[[[0.640922,-0.767424,-0.0167087],[0.717021,0.590773,0.369957],[-0.274043,-0.249094,0.928898]],[[0.648994,-0.759457,-0.0450738],[0.575758,0.529013,-0.623416],[0.497303,0.378642,0.78059]],[[0.648994,-0.759457,-0.0450738],[-0.300132,-0.201136,-0.932451],[0.699091,0.618683,-0.358473]],[[0.648994,-0.759457,-0.0450738],[-0.667545,-0.540028,-0.512594],[0.364952,0.362759,-0.857447]]],"btipPosition":[-24.7583,266.826,12.6314],"carpPosition":[5.70681,291.432,78.0821],"dipPosition":[-18.1082,273.436,-2.99262],"direction":[-0.699091,-0.618683,0.358473],"extended":false,"handId":996,"id":9963,"length":62.8339,"mcpPosition":[22.448,306.649,21.336],"pipPosition":[0.778656,290.151,-12.6773],"stabilizedTipPosition":[-28.394,256.459,21.7944],"timeVisible":17.046,"tipPosition":[-23.2912,268.28,9.83068],"tipVelocity":[23.3206,100.191,-140.43],"tool":false,"touchDistance":0.333333,"touchZone":"none","type":3,"width":17.6296},{"bases":[[[0.477555,-0.878089,0.030017],[0.780932,0.439875,0.443458],[-0.402599,-0.188334,0.895792]],[[0.519694,-0.851428,-0.0706349],[0.656652,0.450958,-0.604521],[0.546559,0.267783,0.793452]],[[0.519694,-0.851428,-0.0706349],[-0.324143,-0.120003,-0.938366],[0.790474,0.510559,-0.338349]],[[0.519694,-0.851428,-0.0706349],[-0.735006,-0.403419,-0.544995],[0.435528,0.335148,-0.835459]]],"btipPosition":[-7.82141,264.703,18.3302],"carpPosition":[10.6586,278.659,75.8507],"dipPosition":[-0.500088,270.336,4.28601],"direction":[-0.790474,-0.510559,0.338349],"extended":false,"handId":996,"id":9964,"length":49.2606,"mcpPosition":[33.4256,289.309,25.1935],"pipPosition":[14.578,280.075,-2.16791],"stabilizedTipPosition":[-10.8224,254.307,27.9883],"timeVisible":17.046,"tipPosition":[-6.20267,265.948,15.6773],"tipVelocity":[23.6657,97.1451,-144.962],"tool":false,"touchDistance":0.333333,"touchZone":"none","type":4,"width":15.66}],"r":[[0.996485,0.0705245,0.0452035],[-0.0751675,0.99098,0.110943],[-0.0369716,-0.113951,0.992798]],"s":0.999524,"t":[-8.01188,-22.7715,-11.4393],"timestamp":669678559913},false],[3,{"currentFrameRate":55.3553,"devices":[],"gestures":[],"hands":[{"armBasis":[[0.797234,-0.593245,-0.111705],[0.576538,0.803105,-0.150419],[0.178946,0.0555164,0.982291]],"armWidth":62.1429,"confidence":0.633297,"direction":[0.266044,0.428336,-0.863568],"elbow":[42.6345,298.429,339.641],"grabStrength":0.0239204,"id":996,"palmNormal":[-0.526011,-0.686213,-0.502418],"palmPosition":[1.30429,307.848,33.7094],"palmVelocity":[33.4915,79.4388,-127.19],"palmWidth":88.738,"pinchStrength":0.629347,"r":[[0.996612,0.066769,0.0480295],[-0.0718478,0.990968,0.113231],[-0.0400353,-0.116298,0.992407]],"s":1.00148,"sphereCenter":[-10.4389,269.684,-7.11426],"sphereRadius":51.1084,"stabilizedPalmPosition":[-4.60069,293.669,49.5635],"t":[-7.40235,-21.3582,-13.7297],"timeVisible":17.0641,"type":"right","wrist":[-4.48519,283.811,80.9868]}],"id":4980103,"interactionBox":{"center":[0,200,0],"size":[235.247,235.247,147.751]},"pointables":[{"bases":[[[0.847447,0.460776,0.263665],[-0.518697,0.612867,0.59611],[0.113081,-0.641934,0.758376]],[[0.814363,0.566464,0.126219],[-0.546842,0.676132,0.49377],[0.194362,-0.47113,0.860384]],[[0.814363,0.566464,0.126219],[-0.576338,0.814913,0.0612435],[-0.0681655,-0.122619,0.99011]],[[0.814363,0.566464,0.126219],[-0.53317,0.816143,-0.222799],[-0.229221,0.114143,0.966659]]],"btipPosition":[-35.3356,315.907,-17.1061],"carpPosition":[-33.3721,291.499,79.7654],"dipPosition":[-40.5674,318.512,4.95723],"direction":[0.0681655,0.122619,-0.99011],"extended":false,"handId":996,"id":9960,"length":50.8265,"mcpPosition":[-33.3721,291.499,79.7654],"pipPosition":[-42.834,314.435,37.8801],"stabilizedTipPosition":[-39.5118,304.947,0.580952],"timeVisible":17.0641,"tipPosition":[-35.7934,316.154,-11.5377],"tipVelocity":[31.8413,93.9759,-139.897],"tool":false,"touchDistance":-0.222732,"touchZone":"touching","type":0,"width":19.7488},{"bases":[[[0.840997,-0.507647,-0.187134],[0.538977,0.755902,0.371641],[-0.0472072,-0.413409,0.909321]],[[0.834126,-0.540367,-0.110618],[0.540554,0.840742,-0.0309077],[0.109703,-0.0340141,0.993382]],[[0.834126,-0.540367,-0.110618],[0.516693,0.835689,-0.186152],[0.193033,0.0981187,0.976274]],[[0.834126,-0.540367,-0.110618],[0.492613,0.820045,-0.291305],[0.248124,0.188494,0.950213]]],"btipPosition":[-24.1051,330.063,-65.7124],"carpPosition":[-14.2111,304.43,79.9981],"dipPosition":[-19.9707,333.204,-49.8792],"direction":[-0.193033,-0.0981187,-0.976274],"extended":true,"handId":996,"id":9961,"length":57.352,"mcpPosition":[-10.8241,334.092,14.7555],"pipPosition":[-15.4205,335.517,-26.8663],"stabilizedTipPosition":[-27.9913,320.332,-51.4493],"timeVisible":17.0641,"tipPosition":[-23.3175,330.782,-61.9701],"tipVelocity":[67.7192,104.066,-134.855],"tool":false,"touchDistance":-0.15256,"touchZone":"touching","type":1,"width":18.8641},{"bases":[[[0.7226,-0.680207,-0.123156],[0.672231,0.649936,0.354527],[-0.161108,-0.33897,0.9269]],[[0.724231,-0.676656,-0.132761],[0.497535,0.646082,-0.578824],[0.477439,0.35315,0.804573]],[[0.724231,-0.676656,-0.132761],[-0.303322,-0.139711,-0.942591],[0.619262,0.722923,-0.306427]],[[0.724231,-0.676656,-0.132761],[-0.62658,-0.565392,-0.536404],[0.287899,0.471666,-0.833454]]],"btipPosition":[-37.23,277.663,0.75401],"carpPosition":[-3.29873,299.892,77.8697],"dipPosition":[-31.9537,286.307,-14.5206],"direction":[-0.619262,-0.722923,0.306427],"extended":false,"handId":996,"id":9962,"length":65.348,"mcpPosition":[7.66327,322.956,14.8023],"pipPosition":[-14.7799,306.355,-23.0186],"stabilizedTipPosition":[-41.8099,265.489,13.2576],"timeVisible":17.0641,"tipPosition":[-36.025,279.49,-2.05299],"tipVelocity":[34.5126,88.9151,-139.533],"tool":false,"touchDistance":0.333333,"touchZone":"none","type":2,"width":18.527},{"bases":[[[0.63827,-0.769722,-0.011786],[0.716661,0.588541,0.374189],[-0.281085,-0.24728,0.927278]],[[0.646476,-0.761895,-0.0398136],[0.581848,0.526114,-0.620208],[0.49348,0.377784,0.783427]],[[0.646476,-0.761895,-0.0398136],[-0.29463,-0.201179,-0.934195],[0.703749,0.615665,-0.354534]],[[0.646476,-0.761895,-0.0398136],[-0.666061,-0.538172,-0.516462],[0.372064,0.360399,-0.855384]]],"btipPosition":[-24.0883,268.069,10.3518],"carpPosition":[6.03544,292.624,75.9711],"dipPosition":[-17.3087,274.636,-5.23463],"direction":[-0.703749,-0.615665,0.354534],"extended":false,"handId":996,"id":9963,"length":62.8339,"mcpPosition":[23.2068,307.731,19.324],"pipPosition":[1.70405,291.269,-14.8129],"stabilizedTipPosition":[-28.1909,256.913,21.2742],"timeVisible":17.0641,"tipPosition":[-22.594,269.515,7.54338],"tipVelocity":[30.611,84.9251,-133.281],"tool":false,"touchDistance":0.333333,"touchZone":"none","type":3,"width":17.6296},{"bases":[[[0.474202,-0.879761,0.0339518],[0.779543,0.437482,0.448243],[-0.4092,-0.186091,0.893267]],[[0.516976,-0.853442,-0.066125],[0.662541,0.447855,-0.600388],[0.542011,0.266576,0.79697]],[[0.516976,-0.853442,-0.066125],[-0.317942,-0.119723,-0.940521],[0.794763,0.507251,-0.333239]],[[0.516976,-0.853442,-0.066125],[-0.732647,-0.401207,-0.549784],[0.442679,0.332671,-0.832686]]],"btipPosition":[-7.19566,265.895,16.1407],"carpPosition":[10.9562,279.832,73.7837],"dipPosition":[0.24585,271.487,2.14309],"direction":[-0.794763,-0.507251,0.333239],"extended":false,"handId":996,"id":9964,"length":49.2606,"mcpPosition":[34.0965,290.355,23.2694],"pipPosition":[15.4057,281.162,-4.21334],"stabilizedTipPosition":[-10.6539,254.713,27.5127],"timeVisible":17.0641,"tipPosition":[-5.55106,267.13,13.4923],"tipVelocity":[29.573,81.9915,-133.235],"tool":false,"touchDistance":0.333333,"touchZone":"none","type":4,"width":15.66}],"r":[[0.996612,0.066769,0.0480295],[-0.0718478,0.990968,0.113231],[-0.0400353,-0.116298,0.992407]],"s":1.00148,"t":[-7.40235,-21.3582,-13.7297],"timestamp":669678578022},false],[4,{"currentFrameRate":55.3177,"devices":[],"gestures":[],"hands":[{"armBasis":[[0.804396,-0.585103,-0.102965],[0.571895,0.809555,-0.1325],[0.160882,0.0476973,0.98582]],"armWidth":62.1429,"confidence":0.634867,"direction":[0.266941,0.448496,-0.852991],"elbow":[38.5519,297.945,334.52],"grabStrength":0.010847,"id":996,"palmNormal":[-0.519617,-0.678446,-0.519335],"palmPosition":[2.02405,310.473,28.2124],"palmVelocity":[36.3766,110.35,-210.646],"palmWidth":88.738,"pinchStrength":0.639432,"r":[[0.996574,0.0647796,0.0514239],[-0.0705299,0.990353,0.119274],[-0.0432013,-0.122492,0.991529]],"s":1.00355,"sphereCenter":[-9.2307,273.187,-13.4473],"sphereRadius":51.0992,"stabilizedPalmPosition":[-4.24813,294.563,48.4272],"t":[-6.73771,-19.3393,-17.6234],"timeVisible":17.0823,"type":"right","wrist":[-3.81113,285.386,74.9358]}],"id":4980104,"interactionBox":{"center":[0,200,0],"size":[235.247,235.247,147.751]},"pointables":[{"bases":[[[0.843445,0.460198,0.27716],[-0.524991,0.596657,0.606947],[0.113947,-0.657434,0.744847]],[[0.80944,0.570417,0.139395],[-0.554557,0.664537,0.500856],[0.193064,-0.482715,0.854232]],[[0.80944,0.570417,0.139395],[-0.583007,0.809012,0.0748529],[-0.070075,-0.141857,0.987404]],[[0.80944,0.570417,0.139395],[-0.537619,0.81538,-0.214759],[-0.236162,0.0988926,0.966668]]],"btipPosition":[-34.4186,318.88,-22.7258],"carpPosition":[-32.7402,292.921,73.7565],"dipPosition":[-39.8089,321.137,-0.662229],"direction":[0.070075,0.141857,-0.987404],"extended":false,"handId":996,"id":9960,"length":50.8265,"mcpPosition":[-32.7402,292.921,73.7565],"pipPosition":[-42.139,316.42,32.1707],"stabilizedTipPosition":[-39.0823,306.558,-1.45132],"timeVisible":17.0823,"tipPosition":[-34.9831,319.26,-17.1443],"tipVelocity":[39.7324,124.989,-220.501],"tool":false,"touchDistance":-0.313086,"touchZone":"touching","type":0,"width":19.7488},{"bases":[[[0.844926,-0.498297,-0.194422],[0.532689,0.751018,0.390146],[-0.048394,-0.433211,0.899992]],[[0.837942,-0.532704,-0.118655],[0.536222,0.844073,-0.00268257],[0.101582,-0.0613773,0.992932]],[[0.837942,-0.532704,-0.118655],[0.514337,0.843515,-0.154727],[0.182511,0.0686241,0.980806]],[[0.837942,-0.532704,-0.118655],[0.491929,0.831379,-0.258487],[0.236344,0.158228,0.9587]]],"btipPosition":[-22.686,335.362,-70.9207],"carpPosition":[-13.6617,305.962,74.3499],"dipPosition":[-18.7479,337.998,-54.9462],"direction":[-0.182511,-0.0686241,-0.980806],"extended":true,"handId":996,"id":9961,"length":57.352,"mcpPosition":[-10.1895,337.044,9.77652],"pipPosition":[-14.4457,339.616,-31.8264],"stabilizedTipPosition":[-26.3448,324.477,-55.6371],"timeVisible":17.0823,"tipPosition":[-22.0647,335.73,-67.1168],"tipVelocity":[71.4188,190.308,-206.225],"tool":false,"touchDistance":-0.238824,"touchZone":"touching","type":1,"width":18.8641},{"bases":[[[0.727346,-0.672924,-0.134685],[0.666674,0.64627,0.371324],[-0.16283,-0.359872,0.918683]],[[0.728988,-0.669175,-0.144159],[0.495498,0.661149,-0.563351],[0.47229,0.339246,0.813544]],[[0.728988,-0.669175,-0.144159],[-0.298983,-0.121816,-0.946451],[0.615781,0.733053,-0.288874]],[[0.728988,-0.669175,-0.144159],[-0.620922,-0.557772,-0.550768],[0.288153,0.491015,-0.822115]]],"btipPosition":[-36.1925,280.749,-5.50202],"carpPosition":[-2.71238,301.538,72.1709],"dipPosition":[-30.9116,289.747,-20.5688],"direction":[-0.615781,-0.733053,0.288874],"extended":false,"handId":996,"id":9962,"length":65.348,"mcpPosition":[8.36681,326.024,9.66257],"pipPosition":[-13.8344,310.077,-28.5801],"stabilizedTipPosition":[-41.581,266.07,12.5126],"timeVisible":17.0823,"tipPosition":[-34.984,282.656,-8.30609],"tipVelocity":[45.2724,129.541,-235.752],"tool":false,"touchDistance":0.333333,"touchZone":"none","type":2,"width":18.527},{"bases":[[[0.643117,-0.765339,-0.0256313],[0.711405,0.58474,0.389849],[-0.283379,-0.268953,0.920522]],[[0.650829,-0.757476,-0.051498],[0.578212,0.538476,-0.612956],[0.49203,0.369152,0.788437]],[[0.650829,-0.757476,-0.051498],[-0.294145,-0.189037,-0.93688],[0.699929,0.624896,-0.345838]],[[0.650829,-0.757476,-0.051498],[-0.662251,-0.533223,-0.5264],[0.371275,0.3767,-0.848676]]],"btipPosition":[-23.128,270.969,4.37412],"carpPosition":[6.67488,294.371,70.1562],"dipPosition":[-16.3627,277.833,-11.0901],"direction":[-0.699929,-0.624896,0.345838],"extended":false,"handId":996,"id":9963,"length":62.8339,"mcpPosition":[23.9864,310.801,13.9218],"pipPosition":[2.54682,294.715,-20.4334],"stabilizedTipPosition":[-28.0095,257.342,20.7133],"timeVisible":17.0823,"tipPosition":[-21.5882,272.518,1.346],"tipVelocity":[41.0964,122.224,-225.701],"tool":false,"touchDistance":0.333333,"touchZone":"none","type":3,"width":17.6296},{"bases":[[[0.479552,-0.877348,0.0170217],[0.774923,0.432509,0.460901],[-0.411733,-0.207835,0.887288]],[[0.52252,-0.848661,-0.0821429],[0.66226,0.464648,-0.587804],[0.537014,0.25274,0.804822]],[[0.52252,-0.848661,-0.0821429],[-0.313266,-0.101485,-0.944227],[0.792992,0.519111,-0.318885]],[[0.52252,-0.848661,-0.0821429],[-0.727844,-0.393795,-0.561399],[0.44409,0.35313,-0.823458]]],"btipPosition":[-6.14168,268.858,9.71019],"carpPosition":[11.6846,281.658,67.7148],"dipPosition":[1.32356,274.794,-4.1323],"direction":[-0.792992,-0.519111,0.318885],"extended":false,"handId":996,"id":9964,"length":49.2606,"mcpPosition":[34.9681,293.412,17.5386],"pipPosition":[16.4497,284.696,-10.2149],"stabilizedTipPosition":[-10.5,255.097,26.9941],"timeVisible":17.0823,"tipPosition":[-4.49266,270.16,7.09068],"tipVelocity":[43.2409,122.646,-237.358],"tool":false,"touchDistance":0.333333,"touchZone":"none","type":4,"width":15.66}],"r":[[0.996574,0.0647796,0.0514239],[-0.0705299,0.990353,0.119274],[-0.0432013,-0.122492,0.991529]],"s":1.00355,"t":[-6.73771,-19.3393,-17.6234],"timestamp":669678596229},false],[5,{"currentFrameRate":55.3551,"devices":[],"gestures":[],"hands":[{"armBasis":[[0.79778,-0.594848,-0.0985001],[0.580988,0.802085,-0.138249],[0.161242,0.0530647,0.985487]],"armWidth":62.1429,"confidence":0.648109,"direction":[0.269035,0.434686,-0.859458],"elbow":[38.692,301.088,332.545],"grabStrength":0.000174433,"id":996,"palmNormal":[-0.52862,-0.679294,-0.509038],"palmPosition":[2.19006,311.541,25.992],"palmVelocity":[23.5602,86.3412,-169.604],"palmWidth":88.738,"pinchStrength":0.642578,"r":[[0.996703,0.0611325,0.0533488],[-0.0672498,0.990295,0.12163],[-0.0453954,-0.124817,0.991141]],"s":1.00569,"sphereCenter":[-9.5435,273.893,-15.1566],"sphereRadius":51.1197,"stabilizedPalmPosition":[-3.98597,295.254,47.5137],"t":[-6.32239,-17.7958,-20.6804],"timeVisible":17.1002,"type":"right","wrist":[-3.76599,287.115,73.0491]}],"id":4980105,"interactionBox":{"center":[0,200,0],"size":[235.247,235.247,147.751]},"pointables":[{"bases":[[[0.849279,0.454473,0.268664],[-0.516525,0.610003,0.600914],[0.109213,-0.649116,0.752809]],[[0.815623,0.564158,0.128391],[-0.546455,0.678209,0.491345],[0.190121,-0.470912,0.86145]],[[0.815623,0.564158,0.128391],[-0.574753,0.815514,0.0677859],[-0.0664626,-0.129081,0.989404]],[[0.815623,0.564158,0.128391],[-0.529409,0.81722,-0.227765],[-0.233419,0.117799,0.965215]]],"btipPosition":[-34.3332,319.477,-25.0037],"carpPosition":[-32.6153,294.948,71.8633],"dipPosition":[-39.6608,322.165,-2.97333],"direction":[0.0664626,0.129081,-0.989404],"extended":false,"handId":996,"id":9960,"length":50.8265,"mcpPosition":[-32.6153,294.948,71.8633],"pipPosition":[-41.8708,317.873,29.9261],"stabilizedTipPosition":[-38.8142,307.588,-2.85788],"timeVisible":17.1002,"tipPosition":[-34.9211,320.042,-19.4366],"tipVelocity":[23.5872,84.2637,-176.518],"tool":false,"touchDistance":-0.344394,"touchZone":"touching","type":0,"width":19.7488},{"bases":[[[0.838839,-0.509898,-0.190667],[0.542062,0.750072,0.378895],[-0.0501839,-0.421185,0.905585]],[[0.831689,-0.543382,-0.114152],[0.546094,0.837678,-0.00874977],[0.100377,-0.0550605,0.993425]],[[0.831689,-0.543382,-0.114152],[0.524688,0.836392,-0.158586],[0.181649,0.0720004,0.980724]],[[0.831689,-0.543382,-0.114152],[0.502624,0.824147,-0.261057],[0.235932,0.159743,0.95855]]],"btipPosition":[-22.2128,335.955,-73.4567],"carpPosition":[-13.3946,307.787,72.2315],"dipPosition":[-18.2816,338.617,-57.4846],"direction":[-0.181649,-0.0720004,-0.980724],"extended":true,"handId":996,"id":9961,"length":57.352,"mcpPosition":[-9.794,338.007,7.25682],"pipPosition":[-13.9997,340.314,-34.3668],"stabilizedTipPosition":[-25.259,327.083,-58.6869],"timeVisible":17.1002,"tipPosition":[-21.6813,336.185,-69.6325],"tipVelocity":[50.0942,116.164,-175.6],"tool":false,"touchDistance":-0.281099,"touchZone":"touching","type":1,"width":18.8641},{"bases":[[[0.719565,-0.682461,-0.128346],[0.674841,0.64364,0.360996],[-0.163757,-0.346373,0.923693]],[[0.721227,-0.678827,-0.137933],[0.500137,0.648077,-0.574334],[0.479264,0.34524,0.806917]],[[0.721227,-0.678827,-0.137933],[-0.304106,-0.131381,-0.943535],[0.622375,0.722449,-0.301191]],[[0.721227,-0.678827,-0.137933],[-0.628907,-0.558229,-0.541162],[0.290357,0.477048,-0.829529]]],"btipPosition":[-36.4692,281.778,-7.14965],"carpPosition":[-2.50103,303.217,70.0752],"dipPosition":[-31.1479,290.521,-22.3523],"direction":[-0.622375,-0.722449,0.301191],"extended":false,"handId":996,"id":9962,"length":65.348,"mcpPosition":[8.6412,326.785,7.22596],"pipPosition":[-13.8878,310.556,-30.7052],"stabilizedTipPosition":[-41.423,266.511,11.9354],"timeVisible":17.1002,"tipPosition":[-35.2444,283.654,-10.0373],"tipVelocity":[16.8323,93.8915,-168.578],"tool":false,"touchDistance":0.333333,"touchZone":"none","type":2,"width":18.527},{"bases":[[[0.634691,-0.77256,-0.0178637],[0.718962,0.581867,0.380165],[-0.283306,-0.25413,0.924746]],[[0.64213,-0.765394,-0.0429012],[0.581399,0.522715,-0.623494],[0.499643,0.375421,0.78065]],[[0.64213,-0.765394,-0.0429012],[-0.300278,-0.199639,-0.932726],[0.705338,0.611814,-0.358025]],[[0.64213,-0.765394,-0.0429012],[-0.670073,-0.533215,-0.516415],[0.372385,0.360353,-0.855263]]],"btipPosition":[-23.5041,271.994,2.87142],"carpPosition":[6.80137,295.923,68.123],"dipPosition":[-16.7186,278.56,-12.7128],"direction":[-0.705338,-0.611814,0.358025],"extended":false,"handId":996,"id":9963,"length":62.8339,"mcpPosition":[24.1084,311.448,11.6305],"pipPosition":[2.33707,295.089,-22.3854],"stabilizedTipPosition":[-27.8838,257.676,20.2696],"timeVisible":17.1002,"tipPosition":[-21.9423,273.494,-0.265661],"tipVelocity":[11.8886,89.6749,-159.362],"tool":false,"touchDistance":0.333333,"touchZone":"none","type":3,"width":17.6296},{"bases":[[[0.470059,-0.882231,0.0267187],[0.781054,0.429869,0.452954],[-0.411095,-0.192046,0.891133]],[[0.512639,-0.85558,-0.0719974],[0.665014,0.448697,-0.597015],[0.543099,0.258174,0.798993]],[[0.512639,-0.85558,-0.0719974],[-0.318155,-0.111405,-0.94147],[0.797482,0.505541,-0.329318]],[[0.512639,-0.85558,-0.0719974],[-0.734203,-0.393347,-0.553376],[0.445137,0.336543,-0.829814]]],"btipPosition":[-6.51043,269.784,8.11316],"carpPosition":[11.665,283.127,65.8284],"dipPosition":[0.972417,275.442,-5.83617],"direction":[-0.797482,-0.505541,0.329318],"extended":false,"handId":996,"id":9964,"length":49.2606,"mcpPosition":[34.9124,293.988,15.4347],"pipPosition":[16.1842,285.085,-12.1178],"stabilizedTipPosition":[-10.3977,255.383,26.5984],"timeVisible":17.1002,"tipPosition":[-4.84413,271.035,5.42451],"tipVelocity":[13.1979,87.4034,-167.916],"tool":false,"touchDistance":0.333333,"touchZone":"none","type":4,"width":15.66}],"r":[[0.996703,0.0611325,0.0533488],[-0.0672498,0.990295,0.12163],[-0.0453954,-0.124817,0.991141]],"s":1.00569,"t":[-6.32239,-17.7958,-20.6804],"timestamp":669678614165},false],[6,{"currentFrameRate":55.3433,"devices":[],"gestures":[],"hands":[{"armBasis":[[0.7954,-0.59911,-0.0916808],[0.583069,0.79768,-0.154067],[0.165435,0.0690886,0.983798]],"armWidth":62.1429,"confidence":0.659836,"direction":[0.270519,0.429826,-0.861434],"elbow":[39.9862,306.434,330.88],"grabStrength":0,"id":996,"palmNormal":[-0.532043,-0.678988,-0.505871],"palmPosition":[2.46455,312.442,24.6656],"palmVelocity":[19.5618,68.9309,-123.751],"palmWidth":88.738,"pinchStrength":0.648502,"r":[[0.996854,0.0573381,0.0547153],[-0.0637012,0.990398,0.122694],[-0.0471548,-0.125794,0.990935]],"s":1.00745,"sphereCenter":[-9.32844,274.629,-16.3146],"sphereRadius":51.1594,"stabilizedPalmPosition":[-3.77131,295.826,46.7533],"t":[-5.97748,-16.5736,-22.8721],"timeVisible":17.1183,"type":"right","wrist":[-3.57574,288.242,71.8284]}],"id":4980106,"interactionBox":{"center":[0,200,0],"size":[235.247,235.247,147.751]},"pointables":[{"bases":[[[0.85152,0.451684,0.266261],[-0.513356,0.614894,0.598641],[0.106674,-0.646441,0.75547]],[[0.8176,0.562395,0.123457],[-0.544297,0.684976,0.484303],[0.187805,-0.463163,0.866146]],[[0.8176,0.562395,0.123457],[-0.572172,0.817558,0.0649441],[-0.0644088,-0.123737,0.990223]],[[0.8176,0.562395,0.123457],[-0.52613,0.816822,-0.236621],[-0.233917,0.128507,0.963727]]],"btipPosition":[-34.0515,319.932,-26.4625],"carpPosition":[-32.3895,296.203,70.6264],"dipPosition":[-39.3905,322.865,-4.4661],"direction":[0.0644088,0.123737,-0.990223],"extended":false,"handId":996,"id":9960,"length":50.8265,"mcpPosition":[-32.3895,296.203,70.6264],"pipPosition":[-41.5322,318.75,28.4605],"stabilizedTipPosition":[-38.6347,308.249,-3.79968],"timeVisible":17.1183,"tipPosition":[-34.6869,320.699,-20.896],"tipVelocity":[19.6968,57.5999,-131.06],"tool":false,"touchDistance":-0.360288,"touchZone":"touching","type":0,"width":19.7488},{"bases":[[[0.836371,-0.51455,-0.189004],[0.545732,0.749155,0.375424],[-0.051581,-0.417139,0.907378]],[[0.829051,-0.547866,-0.111883],[0.550639,0.834713,-0.00717917],[0.0973231,-0.055655,0.993695]],[[0.829051,-0.547866,-0.111883],[0.530005,0.833693,-0.155083],[0.17824,0.0692731,0.981546]],[[0.829051,-0.547866,-0.111883],[0.508548,0.821937,-0.25651],[0.232494,0.155762,0.960044]]],"btipPosition":[-21.562,336.987,-74.9429],"carpPosition":[-13.1097,308.955,70.9294],"dipPosition":[-17.6881,339.583,-58.9459],"direction":[-0.17824,-0.0692731,-0.981546],"extended":true,"handId":996,"id":9961,"length":57.352,"mcpPosition":[-9.4088,338.884,5.8262],"pipPosition":[-13.4865,341.216,-35.8087],"stabilizedTipPosition":[-24.4463,328.944,-60.9148],"timeVisible":17.1183,"tipPosition":[-21.1144,337.096,-71.0995],"tipVelocity":[43.0107,87.6152,-130.943],"tool":false,"touchDistance":-0.30353,"touchZone":"touching","type":1,"width":18.8641},{"bases":[[[0.716342,-0.686299,-0.125889],[0.678009,0.642039,0.357896],[-0.164798,-0.34173,0.925236]],[[0.718032,-0.682673,-0.135597],[0.501517,0.64256,-0.579308],[0.482607,0.347957,0.803751]],[[0.718032,-0.682673,-0.135597],[-0.306765,-0.13553,-0.942087],[0.62476,0.718045,-0.306735]],[[0.718032,-0.682673,-0.135597],[-0.632215,-0.558242,-0.537281],[0.291091,0.471512,-0.832432]]],"btipPosition":[-36.3726,282.666,-8.18793],"carpPosition":[-2.23849,304.325,68.7862],"dipPosition":[-31.0378,291.307,-23.4438],"direction":[-0.62476,-0.718045,0.306735],"extended":false,"handId":996,"id":9962,"length":65.348,"mcpPosition":[8.97457,327.577,5.83191],"pipPosition":[-13.7116,311.221,-31.9504],"stabilizedTipPosition":[-41.2939,266.884,11.4492],"timeVisible":17.1183,"tipPosition":[-35.1343,284.55,-11.1733],"tipVelocity":[11.4433,71.9335,-115.965],"tool":false,"touchDistance":0.333333,"touchZone":"none","type":2,"width":18.527},{"bases":[[[0.631119,-0.775541,-0.0149801],[0.721857,0.580144,0.377299],[-0.283921,-0.248934,0.92597]],[[0.638497,-0.768596,-0.0397748],[0.583497,0.517134,-0.626182],[0.50185,0.376607,0.778662]],[[0.638497,-0.768596,-0.0397748],[-0.301716,-0.202432,-0.931659],[0.708018,0.606862,-0.36115]],[[0.638497,-0.768596,-0.0397748],[-0.672822,-0.532349,-0.513727],[0.373675,0.354775,-0.857031]]],"btipPosition":[-23.4308,272.918,1.73622],"carpPosition":[7.02909,296.98,66.8593],"dipPosition":[-16.6219,279.382,-13.8802],"direction":[-0.708018,-0.606862,0.36115],"extended":false,"handId":996,"id":9963,"length":62.8339,"mcpPosition":[24.3737,312.188,10.292],"pipPosition":[2.50621,295.778,-23.6372],"stabilizedTipPosition":[-27.7794,257.967,19.8857],"timeVisible":17.1183,"tipPosition":[-21.8614,274.396,-1.41974],"tipVelocity":[8.29852,70.6556,-113.554],"tool":false,"touchDistance":0.333333,"touchZone":"none","type":3,"width":17.6296},{"bases":[[[0.466011,-0.884265,0.0301581],[0.783293,0.42817,0.450691],[-0.411443,-0.186405,0.89217]],[[0.508264,-0.858534,-0.0677214],[0.666445,0.44191,-0.600472],[0.545452,0.260066,0.796773]],[[0.508264,-0.858534,-0.0677214],[-0.31984,-0.115167,-0.940446],[0.799606,0.499655,-0.333128]],[[0.508264,-0.858534,-0.0677214],[-0.736583,-0.392627,-0.550717],[0.44622,0.329792,-0.83194]]],"btipPosition":[-6.46317,270.651,7.0268],"carpPosition":[11.8324,284.153,64.6157],"dipPosition":[1.03787,276.195,-6.95828],"direction":[-0.799606,-0.499655,0.333128],"extended":false,"handId":996,"id":9964,"length":49.2606,"mcpPosition":[35.0995,294.694,14.1634],"pipPosition":[16.2901,285.726,-13.3126],"stabilizedTipPosition":[-10.3158,255.622,26.2687],"timeVisible":17.1183,"tipPosition":[-4.78104,271.882,4.28905],"tipVelocity":[8.26956,67.9052,-116.776],"tool":false,"touchDistance":0.333333,"touchZone":"none","type":4,"width":15.66}],"r":[[0.996854,0.05733