{"sensorType":"Leap","data":[[0,{"currentFrameRate":53.3889,"devices":[],"gestures":[],"hands":[{"armBasis":[[0.760627,-0.642471,-0.0931512],[0.623022,0.762742,-0.173402],[0.182456,0.0738594,0.980436]],"armWidth":62.1429,"confidence":0.642595,"direction":[0.393423,0.532725,-0.749281],"elbow":[38.712,300.794,334.843],"grabStrength":0.356447,"id":996,"palmNormal":[-0.505734,-0.555207,-0.660286],"palmPosition":[3.54883,311.81,34.8145],"palmVelocity":[15.6461,157.886,-234.817],"palmWidth":88.738,"pinchStrength":0.748567,"r":[[0.98596,-0.00699622,0.166837],[-0.0309806,0.974112,0.223935],[-0.164085,-0.22596,0.960218]],"s":0.898799,"sphereCenter":[-3.43506,281.002,-9.2478],"sphereRadius":47.3946,"stabilizedPalmPosition":[-4.4756,286.207,67.7594],"t":[-4.83908,-18.924,-10.5311],"timeVisible":20.0019,"type":"right","wrist":[-9.33194,281.345,76.6771]}],"id":4980263,"interactionBox":{"center":[0,200,0],"size":[235.247,235.247,147.751]},"pointables":[{"bases":[[[0.838055,0.343529,0.423852],[-0.545254,0.554422,0.62874],[-0.0190023,-0.758026,0.651947]],[[0.809067,0.544311,0.221665],[-0.578343,0.670276,0.465027],[0.104543,-0.504436,0.857097]],[[0.809067,0.544311,0.221665],[-0.57099,0.81733,0.0770852],[-0.139215,-0.188935,0.972071]],[[0.809067,0.544311,0.221665],[-0.418175,0.798175,-0.433644],[-0.412964,0.258153,0.873394]]],"btipPosition":[-28.3518,316.425,-20.3424],"carpPosition":[-37.3172,291.477,73.6406],"dipPosition":[-37.7775,322.317,-0.40776],"direction":[0.139215,0.188935,-0.972071],"extended":false,"handId":996,"id":9960,"length":50.8265,"mcpPosition":[-37.3172,291.477,73.6406],"pipPosition":[-42.4066,316.034,31.9153],"stabilizedTipPosition":[-41.3781,285.142,30.7952],"timeVisible":20.0019,"tipPosition":[-29.943,319.526,-14.8996],"tipVelocity":[8.43308,200.213,-233.363],"tool":false,"touchDistance":-0.667183,"touchZone":"hovering","type":0,"width":19.7488},{"bases":[[[0.822914,-0.540196,-0.176068],[0.538549,0.642875,0.54468],[-0.181045,-0.543046,0.819953]],[[0.797229,-0.598024,-0.0824195],[0.597335,0.801205,-0.0355126],[0.0872723,-0.0209203,0.995965]],[[0.797229,-0.598024,-0.0824195],[0.550995,0.776623,-0.305386],[0.246637,0.19805,0.948655]],[[0.797229,-0.598024,-0.0824195],[0.499108,0.729763,-0.467266],[0.339583,0.331382,0.880266]]],"btipPosition":[-19.6676,332.25,-59.5786],"carpPosition":[-17.5286,302.6,78.0116],"dipPosition":[-14.0093,337.771,-44.9109],"direction":[-0.246637,-0.19805,-0.948655],"extended":false,"handId":996,"id":9961,"length":57.352,"mcpPosition":[-4.53886,341.563,19.181],"pipPosition":[-8.19549,342.44,-22.549],"stabilizedTipPosition":[-20.8788,322.755,-46.8943],"timeVisible":20.0019,"tipPosition":[-19.2206,332.325,-55.4886],"tipVelocity":[53.7897,296.268,-241.89],"tool":false,"touchDistance":-0.606317,"touchZone":"hovering","type":1,"width":18.8641},{"bases":[[[0.686941,-0.710224,-0.153928],[0.665813,0.530215,0.524942],[-0.291211,-0.463092,0.837103]],[[0.690923,-0.703718,-0.165549],[0.527798,0.647514,-0.549686],[0.494019,0.292414,0.818803]],[[0.690923,-0.703718,-0.165549],[-0.31048,-0.0820469,-0.947032],[0.652861,0.705726,-0.275179]],[[0.690923,-0.703718,-0.165549],[-0.636068,-0.482922,-0.601834],[0.343575,0.521121,-0.781274]]],"btipPosition":[-34.5652,286.204,2.85559],"carpPosition":[-6.7548,297.562,76.3532],"dipPosition":[-28.2685,295.754,-11.4627],"direction":[-0.652861,-0.705726,0.275179],"extended":false,"handId":996,"id":9962,"length":65.348,"mcpPosition":[13.0596,329.072,19.3957],"pipPosition":[-10.163,315.326,-19.0942],"stabilizedTipPosition":[-38.0897,263.686,28.6646],"timeVisible":20.0019,"tipPosition":[-32.7805,289.002,-1.64189],"tipVelocity":[-7.13319,192.694,-220.011],"tool":false,"touchDistance":0.333333,"touchZone":"none","type":2,"width":18.527},{"bases":[[[0.58444,-0.808566,-0.0681952],[0.703568,0.463085,0.539021],[-0.404254,-0.363005,0.839527]],[[0.594831,-0.798778,-0.0901677],[0.612028,0.52275,-0.593426],[0.52115,0.297803,0.799822]],[[0.594831,-0.798778,-0.0901677],[-0.311554,-0.125686,-0.94188],[0.741019,0.588351,-0.323624]],[[0.594831,-0.798778,-0.0901677],[-0.681245,-0.441381,-0.584028],[0.42671,0.408824,-0.80671]]],"btipPosition":[-23.5551,275.786,11.6142],"carpPosition":[2.2527,289.931,74.3093],"dipPosition":[-15.7797,283.235,-3.08531],"direction":[-0.741019,-0.588351,0.323624],"extended":false,"handId":996,"id":9963,"length":62.8339,"mcpPosition":[26.9484,312.107,23.0228],"pipPosition":[4.23993,299.13,-11.8285],"stabilizedTipPosition":[-27.1975,250.436,42.8132],"timeVisible":20.0019,"tipPosition":[-21.4827,277.878,7.22924],"tipVelocity":[-6.90911,190.356,-257.02],"tool":false,"touchDistance":0.333333,"touchZone":"none","type":3,"width":17.6296},{"bases":[[[0.409387,-0.910471,-0.0586889],[0.747408,0.297784,0.593891],[-0.523244,-0.286995,0.802402]],[[0.458865,-0.87783,-0.137324],[0.684967,0.447939,-0.574605],[0.565918,0.169604,0.806828]],[[0.458865,-0.87783,-0.137324],[-0.330797,-0.0253411,-0.943362],[0.824631,0.478302,-0.302012]],[[0.458865,-0.87783,-0.137324],[-0.736419,-0.289276,-0.611561],[0.497122,0.381752,-0.779189]]],"btipPosition":[-7.44545,272.106,16.2754],"carpPosition":[6.56657,277.266,70.6149],"dipPosition":[0.911278,278.524,3.17708],"direction":[-0.824631,-0.478302,0.302012],"extended":false,"handId":996,"id":9964,"length":49.2606,"mcpPosition":[36.1561,293.496,25.239],"pipPosition":[16.6409,287.647,-2.58371],"stabilizedTipPosition":[-11.1005,246.306,49.3436],"timeVisible":20.0019,"tipPosition":[-5.19781,273.961,12.3622],"tipVelocity":[-8.93113,176.811,-258.644],"tool":false,"touchDistance":0.333333,"touchZone":"none","type":4,"width":15.66}],"r":[[0.98596,-0.00699622,0.166837],[-0.0309806,0.974112,0.223935],[-0.164085,-0.22596,0.960218]],"s":0.898799,"t":[-4.83908,-18.924,-10.5311],"timestamp":669681515790},false],[1,{"currentFrameRate":53.5148,"devices":[],"gestures":[],"hands":[{"armBasis":[[0.75649,-0.646177,-0.100887],[0.626893,0.760405,-0.169676],[0.186356,0.0651131,0.980322]],"armWidth":62.1429,"confidence":0.655499,"direction":[0.392784,0.523632,-0.755997],"elbow":[40.3932,301.424,331.342],"grabStrength":0.340537,"id":996,"palmNormal":[-0.50945,-0.560503,-0.652914],"palmPosition":[4.16977,314.263,30.9885],"palmVelocity":[24.4461,146.722,-222.853],"palmWidth":88.738,"pinchStrength":0.740761,"r":[[0.985685,-0.013719,0.168037],[-0.0260174,0.972367,0.232002],[-0.166576,-0.233053,0.958091]],"s":0.907031,"sphereCenter":[-2.92957,282.879,-12.8186],"sphereRadius":47.6335,"stabilizedPalmPosition":[-4.10016,287.425,66.1626],"t":[-4.38321,-16.2268,-14.6361],"timeVisible":20.0201,"type":"right","wrist":[-8.67751,284.279,73.2062]}],"id":4980264,"interactionBox":{"center":[0,200,0],"size":[235.247,235.247,147.751]},"pointables":[{"bases":[[[0.840396,0.34533,0.41771],[-0.541626,0.562663,0.624541],[-0.0193572,-0.751104,0.6599]],[[0.810987,0.545279,0.212065],[-0.575361,0.677558,0.458121],[0.106117,-0.493544,0.863223]],[[0.810987,0.545279,0.212065],[-0.569438,0.818863,0.0721379],[-0.134317,-0.179261,0.974589]],[[0.810987,0.545279,0.212065],[-0.42007,0.794978,-0.437665],[-0.407237,0.265858,0.873772]]],"btipPosition":[-28.0453,318.385,-24.2256],"carpPosition":[-36.6405,294.466,70.148],"dipPosition":[-37.3402,324.453,-4.2823],"direction":[0.134317,0.179261,-0.974589],"extended":false,"handId":996,"id":9960,"length":50.8265,"mcpPosition":[-36.6405,294.466,70.148],"pipPosition":[-41.8065,318.492,28.1245],"stabilizedTipPosition":[-40.8786,286.687,28.5448],"timeVisible":20.0201,"tipPosition":[-29.5768,321.437,-18.8131],"tipVelocity":[13.2258,156.936,-223.539],"tool":false,"touchDistance":-0.687016,"touchZone":"hovering","type":0,"width":19.7488},{"bases":[[[0.820705,-0.54457,-0.17288],[0.542183,0.646855,0.536298],[-0.180224,-0.533875,0.826134]],[[0.795217,-0.601179,-0.0788325],[0.600377,0.798899,-0.0361712],[0.0847245,-0.0185652,0.996231]],[[0.795217,-0.601179,-0.0788325],[0.558083,0.776555,-0.292412],[0.23701,0.188536,0.953038]],[[0.795217,-0.601179,-0.0788325],[0.510598,0.7341,-0.447646],[0.326986,0.315724,0.890729]]],"btipPosition":[-18.4588,334.95,-63.9796],"carpPosition":[-16.8045,305.572,74.3428],"dipPosition":[-13.0103,340.21,-49.1376],"direction":[-0.23701,-0.188536,-0.953038],"extended":true,"handId":996,"id":9961,"length":57.352,"mcpPosition":[-3.87362,343.877,15.0687],"pipPosition":[-7.4235,344.655,-26.6725],"stabilizedTipPosition":[-19.7382,326.918,-51.1397],"timeVisible":20.0201,"tipPosition":[-18.1567,334.83,-59.8124],"tipVelocity":[58.4986,223.819,-240.569],"tool":false,"touchDistance":-0.639433,"touchZone":"hovering","type":1,"width":18.8641},{"bases":[[[0.684276,-0.713932,-0.148552],[0.669039,0.533598,0.517358],[-0.290091,-0.453403,0.842777]],[[0.688157,-0.707701,-0.159997],[0.52515,0.637977,-0.563208],[0.500657,0.303553,0.810678]],[[0.688157,-0.707701,-0.159997],[-0.317526,-0.0954658,-0.943432],[0.652393,0.700032,-0.290409]],[[0.688157,-0.707701,-0.159997],[-0.64075,-0.489299,-0.59163],[0.340411,0.509653,-0.790174]]],"btipPosition":[-34.1791,288.31,-0.211431],"carpPosition":[-6.05135,300.483,72.7048],"dipPosition":[-27.9404,297.65,-14.6929],"direction":[-0.652393,-0.700032,0.290409],"extended":false,"handId":996,"id":9962,"length":65.348,"mcpPosition":[13.6868,331.333,15.3612],"pipPosition":[-9.84783,317.064,-22.7467],"stabilizedTipPosition":[-37.6414,265.931,25.9637],"timeVisible":20.0201,"tipPosition":[-32.4141,291.044,-4.76774],"tipVelocity":[6.05284,154.507,-196.207],"tool":false,"touchDistance":0.333333,"touchZone":"none","type":2,"width":18.527},{"bases":[[[0.581733,-0.811052,-0.0614867],[0.70663,0.466502,0.532025],[-0.402816,-0.352945,0.844494]],[[0.592043,-0.801569,-0.083495],[0.612008,0.514587,-0.600538],[0.524339,0.304445,0.795225]],[[0.592043,-0.801569,-0.083495],[-0.314515,-0.13442,-0.939687],[0.742001,0.582596,-0.331688]],[[0.592043,-0.801569,-0.083495],[-0.684238,-0.445218,-0.577581],[0.425798,0.399083,-0.812052]]],"btipPosition":[-23.1181,278.087,8.23082],"carpPosition":[2.92631,292.803,70.7137],"dipPosition":[-15.3594,285.359,-6.56605],"direction":[-0.742001,-0.582596,0.331688],"extended":false,"handId":996,"id":9963,"length":62.8339,"mcpPosition":[27.5342,314.364,19.1239],"pipPosition":[4.68678,301.098,-15.5271],"stabilizedTipPosition":[-26.8495,252.176,40.5592],"timeVisible":20.0201,"tipPosition":[-21.0564,280.118,3.84512],"tipVelocity":[7.75192,158.591,-223.418],"tool":false,"touchDistance":0.333333,"touchZone":"none","type":3,"width":17.6296},{"bases":[[[0.406396,-0.912307,-0.0503875],[0.750126,0.301648,0.588489],[-0.521683,-0.276957,0.806933]],[[0.45572,-0.880655,-0.129482],[0.685,0.439863,-0.580771],[0.568414,0.175973,0.803703]],[[0.45572,-0.880655,-0.129482],[-0.333022,-0.0337838,-0.942314],[0.825479,0.472551,-0.308674]],[[0.45572,-0.880655,-0.129482],[-0.738807,-0.293092,-0.606845],[0.496471,0.372214,-0.784203]]],"btipPosition":[-7.00171,274.41,12.8625],"carpPosition":[7.18983,280.087,67.1392],"dipPosition":[1.34407,280.667,-0.320047],"direction":[-0.825479,-0.472551,0.308674],"extended":false,"handId":996,"id":9964,"length":49.2606,"mcpPosition":[36.6911,295.749,21.507],"pipPosition":[17.0899,289.68,-6.20792],"stabilizedTipPosition":[-10.8134,247.715,47.459],"timeVisible":20.0201,"tipPosition":[-4.76811,276.204,8.96298],"tipVelocity":[6.90907,151.69,-224.959],"tool":false,"touchDistance":0.333333,"touchZone":"none","type":4,"width":15.66}],"r":[[0.985685,-0.013719,0.168037],[-0.0260174,0.972367,0.232002],[-0.166576,-0.233053,0.958091]],"s":0.907031,"t":[-4.38321,-16.2268,-14.6361],"timestamp":669681534027},false],[2,{"currentFrameRate":53.6794,"devices":[],"gestures":[],"hands":[{"armBasis":[[0.756437,-0.642602,-0.121921],[0.624777,0.765056,-0.15602],[0.193535,0.0418454,0.980201]],"armWidth":62.1429,"confidence":0.607362,"direction":[0.390908,0.522753,-0.757575],"elbow":[42.8933,297.665,327.709],"grabStrength":0.326842,"id":996,"palmNormal":[-0.504927,-0.566375,-0.651359],"palmPosition":[4.67034,316.526,27.2803],"palmVelocity":[26.0106,136.618,-214.625],"palmWidth":88.738,"pinchStrength":0.742324,"r":[[0.985405,-0.0177658,0.169299],[-0.0233147,0.971082,0.237606],[-0.168624,-0.238086,0.956494]],"s":0.914716,"sphereCenter":[-2.09291,284.821,-16.4809],"sphereRadius":47.8166,"stabilizedPalmPosition":[-3.77036,288.519,64.7005],"t":[-3.905,-13.7466,-18.5426],"timeVisible":20.0381,"type":"right","wrist":[-8.06791,286.646,69.6048]}],"id":4980265,"interactionBox":{"center":[0,200,0],"size":[235.247,235.247,147.751]},"pointables":[{"bases":[[[0.837572,0.352203,0.417643],[-0.546094,0.562047,0.621197],[-0.015948,-0.748369,0.66309]],[[0.806864,0.552302,0.209602],[-0.580845,0.677077,0.451869],[0.107652,-0.486344,0.867111]],[[0.806864,0.552302,0.209602],[-0.575556,0.814902,0.0683353],[-0.133064,-0.175775,0.975396]],[[0.806864,0.552302,0.209602],[-0.426623,0.790219,-0.439939],[-0.408611,0.26555,0.873224]]],"btipPosition":[-27.5766,320.11,-28.1217],"carpPosition":[-36.0867,296.65,66.4555],"dipPosition":[-36.9028,326.171,-8.19092],"direction":[0.133064,0.175775,-0.975396],"extended":false,"handId":996,"id":9960,"length":50.8265,"mcpPosition":[-36.0867,296.65,66.4555],"pipPosition":[-41.3274,320.326,24.2427],"stabilizedTipPosition":[-40.4801,287.931,26.6848],"timeVisible":20.0381,"tipPosition":[-29.1243,323.11,-22.7241],"tipVelocity":[19.0888,127.791,-220.006],"tool":false,"touchDistance":-0.705132,"touchZone":"hovering","type":0,"width":19.7488},{"bases":[[[0.82428,-0.540326,-0.169145],[0.537337,0.652422,0.534429],[-0.178411,-0.531407,0.828116]],[[0.799156,-0.596368,-0.075469],[0.595953,0.802444,-0.0303721],[0.0786726,-0.0207039,0.996685]],[[0.799156,-0.596368,-0.075469],[0.558148,0.782768,-0.275217],[0.223205,0.177819,0.958415]],[[0.799156,-0.596368,-0.075469],[0.515261,0.744249,-0.42497],[0.309606,0.300731,0.902056]]],"btipPosition":[-17.2413,337.687,-68.1631],"carpPosition":[-16.3255,307.894,70.6361],"dipPosition":[-12.0824,342.698,-53.1324],"direction":[-0.223205,-0.177819,-0.958415],"extended":true,"handId":996,"id":9961,"length":57.352,"mcpPosition":[-3.52466,346.022,11.2198],"pipPosition":[-6.82097,346.89,-30.5404],"stabilizedTipPosition":[-18.7446,330.134,-54.7992],"timeVisible":20.0381,"tipPosition":[-17.0515,337.413,-63.9518],"tipVelocity":[61.0085,188.088,-235.295],"tool":false,"touchDistance":-0.665924,"touchZone":"hovering","type":1,"width":18.8641},{"bases":[[[0.688837,-0.710405,-0.144321],[0.664908,0.539856,0.51619],[-0.288792,-0.451531,0.844227]],[[0.692688,-0.704219,-0.155751],[0.522367,0.638754,-0.564912],[0.497308,0.309948,0.810319]],[[0.692688,-0.704219,-0.155751],[-0.31515,-0.10129,-0.943621],[0.64874,0.70272,-0.292097]],[[0.692688,-0.704219,-0.155751],[-0.636691,-0.495608,-0.59076],[0.338833,0.508378,-0.791672]]],"btipPosition":[-33.4674,290.212,-3.88556],"carpPosition":[-5.53898,302.864,69.0382],"dipPosition":[-27.2577,299.529,-18.3944],"direction":[-0.64874,-0.70272,0.292097],"extended":false,"handId":996,"id":9962,"length":65.348,"mcpPosition":[14.1108,333.587,11.596],"pipPosition":[-9.26641,319.017,-26.4951],"stabilizedTipPosition":[-37.2633,267.714,23.7238],"timeVisible":20.0381,"tipPosition":[-31.7143,292.929,-8.43163],"tipVelocity":[21.7233,131.054,-199.897],"tool":false,"touchDistance":0.333333,"touchZone":"none","type":2,"width":18.527},{"bases":[[[0.586734,-0.80777,-0.0570122],[0.702879,0.473052,0.531209],[-0.402125,-0.351751,0.84532]],[[0.596718,-0.798614,-0.0783763],[0.609134,0.51438,-0.603629],[0.522382,0.312455,0.793403]],[[0.596718,-0.798614,-0.0783763],[-0.313396,-0.142019,-0.938943],[0.738722,0.584847,-0.335028]],[[0.596718,-0.798614,-0.0783763],[-0.681074,-0.452389,-0.575744],[0.424341,0.396937,-0.813865]]],"btipPosition":[-22.3978,280.07,4.7646],"carpPosition":[3.48839,295.23,67.0954],"dipPosition":[-14.6657,287.303,-10.0653],"direction":[-0.738722,-0.584847,0.335028],"extended":false,"handId":996,"id":9963,"length":62.8339,"mcpPosition":[28.0541,316.718,15.455],"pipPosition":[5.29192,303.103,-19.1165],"stabilizedTipPosition":[-26.538,253.654,38.5989],"timeVisible":20.0381,"tipPosition":[-20.341,282.082,0.372015],"tipVelocity":[22.8575,135.25,-208.759],"tool":false,"touchDistance":0.333333,"touchZone":"none","type":3,"width":17.6296},{"bases":[[[0.411994,-0.910036,-0.0457747],[0.747274,0.308708,0.588456],[-0.521386,-0.276646,0.807232]],[[0.461209,-0.878466,-0.124835],[0.683573,0.441483,-0.581224],[0.565698,0.182732,0.804111]],[[0.461209,-0.878466,-0.124835],[-0.330799,-0.0396883,-0.942866],[0.823321,0.476154,-0.3089]],[[0.461209,-0.878466,-0.124835],[-0.735793,-0.300029,-0.607117],[0.495877,0.371861,-0.784745]]],"btipPosition":[-6.22868,276.534,9.28862],"carpPosition":[7.83491,282.524,63.5828],"dipPosition":[2.10712,282.785,-3.90311],"direction":[-0.823321,-0.476154,0.3089],"extended":false,"handId":996,"id":9964,"length":49.2606,"mcpPosition":[37.3193,298.169,17.9337],"pipPosition":[17.8117,291.867,-9.79529],"stabilizedTipPosition":[-10.547,248.955,45.7706],"timeVisible":20.0381,"tipPosition":[-4.00463,278.316,5.41006],"tipVelocity":[23.9025,135.535,-212.257],"tool":false,"touchDistance":0.333333,"touchZone":"none","type":4,"width":15.66}],"r":[[0.985405,-0.0177658,0.169299],[-0.0233147,0.971082,0.237606],[-0.168624,-0.238086,0.956494]],"s":0.914716,"t":[-3.905,-13.7466,-18.5426],"timestamp":669681552070},false],[3,{"currentFrameRate":53.9204,"devices":[],"gestures":[],"hands":[{"armBasis":[[0.747511,-0.653107,-0.121152],[0.633199,0.755729,-0.167134],[0.200714,0.0482209,0.978462]],"armWidth":62.1429,"confidence":0.619429,"direction":[0.396151,0.50226,-0.768635],"elbow":[44.8863,302.409,323.371],"grabStrength":0.313699,"id":996,"palmNormal":[-0.510676,-0.575178,-0.639047],"palmPosition":[5.07316,318.539,22.7665],"palmVelocity":[24.4943,125.932,-233.588],"palmWidth":88.738,"pinchStrength":0.744408,"r":[[0.985123,-0.0222741,0.170401],[-0.0191919,0.971103,0.23789],[-0.170776,-0.237621,0.956228]],"s":0.922042,"sphereCenter":[-1.97957,285.923,-20.362],"sphereRadius":47.9665,"stabilizedPalmPosition":[-3.51358,289.391,63.4829],"t":[-3.46448,-11.5001,-22.7528],"timeVisible":20.0558,"type":"right","wrist":[-7.96527,289.712,65.725]}],"id":4980266,"interactionBox":{"center":[0,200,0],"size":[235.247,235.247,147.751]},"pointables":[{"bases":[[[0.841121,0.352641,0.410072],[-0.540335,0.580854,0.608807],[-0.0235018,-0.733657,0.679113]],[[0.812077,0.549471,0.196501],[-0.574479,0.693619,0.434588],[0.102497,-0.465804,0.878932]],[[0.812077,0.549471,0.196501],[-0.568097,0.821383,0.0509515],[-0.133406,-0.153008,0.979179]],[[0.812077,0.549471,0.196501],[-0.420502,0.784479,-0.45582],[-0.404611,0.287532,0.86811]]],"btipPosition":[-27.2002,321.13,-32.8064],"carpPosition":[-35.8814,299.929,62.3554],"dipPosition":[-36.4351,327.693,-12.9923],"direction":[0.133406,0.153008,-0.979179],"extended":false,"handId":996,"id":9960,"length":50.8265,"mcpPosition":[-35.8814,299.929,62.3554],"pipPosition":[-40.8711,322.605,19.5671],"stabilizedTipPosition":[-40.2233,288.73,25.4204],"timeVisible":20.0558,"tipPosition":[-28.7223,324.211,-27.4774],"tipVelocity":[20.6678,98.0282,-241.679],"tool":false,"touchDistance":-0.733625,"touchZone":"hovering","type":0,"width":19.7488},{"bases":[[[0.818751,-0.552185,-0.157284],[0.543952,0.658344,0.520289],[-0.183749,-0.511542,0.839382]],[[0.793434,-0.605327,-0.0635736],[0.604063,0.795947,-0.0397039],[0.074635,-0.00690007,0.997187]],[[0.793434,-0.605327,-0.0635736],[0.569629,0.775297,-0.272831],[0.21444,0.18026,0.959959]],[[0.793434,-0.605327,-0.0635736],[0.53019,0.738666,-0.416259],[0.298932,0.296568,0.907021]]],"btipPosition":[-15.9862,338.861,-73.4524],"carpPosition":[-16.0069,311.06,66.2952],"dipPosition":[-11.0051,343.802,-58.339],"direction":[-0.21444,-0.18026,-0.959959],"extended":true,"handId":996,"id":9961,"length":57.352,"mcpPosition":[-2.82315,347.762,6.07059],"pipPosition":[-5.95029,348.052,-35.7106],"stabilizedTipPosition":[-17.9958,332.026,-57.7102],"timeVisible":20.0558,"tipPosition":[-15.8878,338.51,-69.1989],"tipVelocity":[64.5777,130.7,-264.594],"tool":false,"touchDistance":-0.706719,"touchZone":"hovering","type":1,"width":18.8641},{"bases":[[[0.681591,-0.720307,-0.128811],[0.670374,0.544122,0.50451],[-0.293313,-0.430221,0.853743]],[[0.68548,-0.714447,-0.140298],[0.529035,0.621129,-0.578204],[0.500239,0.322125,0.803739]],[[0.68548,-0.714447,-0.140298],[-0.315853,-0.118178,-0.941419],[0.656014,0.689637,-0.306669]],[[0.68548,-0.714447,-0.140298],[-0.641568,-0.501593,-0.58034],[0.34425,0.487822,-0.802198]]],"btipPosition":[-33.3317,291.952,-7.85666],"carpPosition":[-5.27205,305.887,64.8083],"dipPosition":[-27.0226,300.892,-22.5585],"direction":[-0.656014,-0.689637,0.306669],"extended":false,"handId":996,"id":9962,"length":65.348,"mcpPosition":[14.6853,335.16,6.71852],"pipPosition":[-8.82966,320.018,-31.0632],"stabilizedTipPosition":[-37.0053,268.975,22.0479],"timeVisible":20.0558,"tipPosition":[-31.5579,294.537,-12.4204],"tipVelocity":[15.7531,113.47,-212.569],"tool":false,"touchDistance":0.333333,"touchZone":"none","type":2,"width":18.527},{"bases":[[[0.578511,-0.814721,-0.039435],[0.707666,0.477277,0.520976],[-0.405629,-0.329297,0.85266]],[[0.588249,-0.806431,-0.0602578],[0.612811,0.493151,-0.617466],[0.527661,0.326298,0.784286]],[[0.588249,-0.806431,-0.0602578],[-0.317034,-0.161426,-0.934575],[0.743944,0.568867,-0.350625]],[[0.588249,-0.806431,-0.0602578],[-0.686455,-0.458563,-0.564357],[0.427483,0.373347,-0.823329]]],"btipPosition":[-22.4232,281.848,1.24443],"carpPosition":[3.67735,298.121,63.0325],"dipPosition":[-14.6338,288.651,-13.7579],"direction":[-0.743944,-0.568867,0.350625],"extended":false,"handId":996,"id":9963,"length":62.8339,"mcpPosition":[28.4571,318.238,10.9438],"pipPosition":[5.4649,304.02,-23.2305],"stabilizedTipPosition":[-26.3127,254.789,37.0422],"timeVisible":20.0558,"tipPosition":[-20.344,283.732,-3.20417],"tipVelocity":[11.8392,116.388,-205.233],"tool":false,"touchDistance":0.333333,"touchZone":"none","type":3,"width":17.6296},{"bases":[[[0.402743,-0.914943,-0.0260184],[0.750395,0.313768,0.58177],[-0.524123,-0.253828,0.812937]],[[0.452103,-0.88571,-0.105452],[0.687423,0.42132,-0.591556],[0.568376,0.194954,0.799338]],[[0.452103,-0.88571,-0.105452],[-0.332086,-0.0574156,-0.9415],[0.827842,0.460674,-0.320089]],[[0.452103,-0.88571,-0.105452],[-0.739162,-0.305854,-0.600078],[0.499242,0.349243,-0.792961]]],"btipPosition":[-6.2493,278.273,5.69552],"carpPosition":[7.89463,285.3,59.7962],"dipPosition":[2.14306,284.144,-7.63429],"direction":[-0.827842,-0.460674,0.320089],"extended":false,"handId":996,"id":9964,"length":49.2606,"mcpPosition":[37.5338,299.654,13.8245],"pipPosition":[17.9339,292.931,-13.7399],"stabilizedTipPosition":[-10.3511,249.92,44.4133],"timeVisible":20.0558,"tipPosition":[-4.01141,279.94,1.78593],"tipVelocity":[12.5162,115.799,-208.814],"tool":false,"touchDistance":0.333333,"touchZone":"none","type":4,"width":15.66}],"r":[[0.985123,-0.0222741,0.170401],[-0.0191919,0.971103,0.23789],[-0.170776,-0.237621,0.956228]],"s":0.922042,"t":[-3.46448,-11.5001,-22.7528],"timestamp":669681569761},false],[4,{"currentFrameRate":54.0526,"devices":[],"gestures":[],"hands":[{"armBasis":[[0.749887,-0.652828,-0.107171],[0.635606,0.75588,-0.157004],[0.183505,0.0496169,0.981766]],"armWidth":62.1429,"confidence":0.62511,"direction":[0.391593,0.503367,-0.770244],"elbow":[40.9789,304.126,320.87],"grabStrength":0.297958,"id":996,"palmNormal":[-0.517015,-0.572087,-0.636719],"palmPosition":[5.44469,319.974,19.3767],"palmVelocity":[22.6482,103.942,-211.95],"palmWidth":88.738,"pinchStrength":0.745827,"r":[[0.985128,-0.0264822,0.169769],[-0.0150312,0.970981,0.238684],[-0.171164,-0.237686,0.956142]],"s":0.929491,"sphereCenter":[-2.00181,287.485,-23.8496],"sphereRadius":48.1201,"stabilizedPalmPosition":[-3.31613,290.065,62.5107],"t":[-3.05845,-9.65932,-26.5527],"timeVisible":20.0739,"type":"right","wrist":[-7.34126,291.061,62.3538]}],"id":4980267,"interactionBox":{"center":[0,200,0],"size":[235.247,235.247,147.751]},"pointables":[{"bases":[[[0.84513,0.349336,0.404623],[-0.534178,0.580553,0.614501],[-0.0202378,-0.735474,0.677251]],[[0.814666,0.547651,0.190781],[-0.569835,0.694814,0.438773],[0.107737,-0.466168,0.878112]],[[0.814666,0.547651,0.190781],[-0.566275,0.822175,0.05797],[-0.125108,-0.155261,0.979919]],[[0.814666,0.547651,0.190781],[-0.423843,0.786795,-0.448676],[-0.395824,0.28466,0.873093]]],"btipPosition":[-27.3059,322.719,-36.0352],"carpPosition":[-35.2556,301.36,59.225],"dipPosition":[-36.3404,329.217,-16.1074],"direction":[0.125108,0.155261,-0.979919],"extended":false,"handId":996,"id":9960,"length":50.8265,"mcpPosition":[-35.2556,301.36,59.225],"pipPosition":[-40.5004,324.054,16.4766],"stabilizedTipPosition":[-40.045,289.313,24.4849],"timeVisible":20.0739,"tipPosition":[-28.7816,325.732,-30.6865],"tipVelocity":[9.29408,92.9295,-211.28],"tool":false,"touchDistance":-0.736636,"touchZone":"hovering","type":0,"width":19.7488},{"bases":[[[0.816094,-0.553853,-0.165035],[0.549602,0.655496,0.517941],[-0.178683,-0.513392,0.839346]],[[0.791706,-0.606597,-0.0724042],[0.605986,0.794805,-0.0326469],[0.0773507,-0.0180292,0.996841]],[[0.791706,-0.606597,-0.0724042],[0.573503,0.778831,-0.254],[0.210466,0.159569,0.96449]],[[0.791706,-0.606597,-0.0724042],[0.536814,0.747359,-0.391517],[0.291605,0.271098,0.917318]]],"btipPosition":[-15.5636,341.741,-76.9649],"carpPosition":[-15.3229,312.429,63.044],"dipPosition":[-10.7046,346.258,-61.6799],"direction":[-0.210466,-0.159569,-0.96449],"extended":true,"handId":996,"id":9961,"length":57.352,"mcpPosition":[-2.50256,349.264,2.82195],"pipPosition":[-5.74348,350.019,-38.9448],"stabilizedTipPosition":[-17.4579,333.655,-60.0948],"timeVisible":20.0739,"tipPosition":[-15.539,341.199,-72.6783],"tipVelocity":[44.3207,141.889,-230.438],"tool":false,"touchDistance":-0.716477,"touchZone":"hovering","type":1,"width":18.8641},{"bases":[[[0.678719,-0.721699,-0.135981],[0.675604,0.540993,0.500885],[-0.287923,-0.431829,0.854765]],[[0.682512,-0.715854,-0.14741],[0.52647,0.621429,-0.58022],[0.506958,0.3184,0.801009]],[[0.682512,-0.715854,-0.14741],[-0.322972,-0.114474,-0.93946],[0.655642,0.688802,-0.309331]],[[0.682512,-0.715854,-0.14741],[-0.647128,-0.498143,-0.577129],[0.339709,0.489291,-0.803238]]],"btipPosition":[-33.2617,293.578,-11.0521],"carpPosition":[-4.61312,307.232,61.4611],"dipPosition":[-27.0359,302.545,-25.773],"direction":[-0.655642,-0.688802,0.309331],"extended":false,"handId":996,"id":9962,"length":65.348,"mcpPosition":[14.9776,336.615,3.30182],"pipPosition":[-8.85324,321.647,-34.3516],"stabilizedTipPosition":[-36.8211,269.924,20.7495],"timeVisible":20.0739,"tipPosition":[-31.5222,296.156,-15.5836],"tipVelocity":[9.61685,102.578,-195.906],"tool":false,"touchDistance":0.333333,"touchZone":"none","type":2,"width":18.527},{"bases":[[[0.576077,-0.816095,-0.0460825],[0.712846,0.474007,0.516883],[-0.399982,-0.330614,0.854815]],[[0.585331,-0.808088,-0.0661884],[0.606785,0.490735,-0.625293],[0.537773,0.325841,0.777578]],[[0.585331,-0.808088,-0.0661884],[-0.328239,-0.161527,-0.930682],[0.741382,0.566483,-0.359793]],[[0.585331,-0.808088,-0.0661884],[-0.693301,-0.456514,-0.55761],[0.420382,0.372275,-0.82746]]],"btipPosition":[-22.3852,283.36,-1.70865],"carpPosition":[4.30232,299.449,59.5958],"dipPosition":[-14.7251,290.143,-16.7863],"direction":[-0.741382,-0.566483,0.359793],"extended":false,"handId":996,"id":9963,"length":62.8339,"mcpPosition":[28.7371,319.646,7.37547],"pipPosition":[5.30431,305.448,-26.5066],"stabilizedTipPosition":[-26.1439,255.683,35.7898],"timeVisible":20.0739,"tipPosition":[-20.3332,285.24,-6.20885],"tipVelocity":[6.44031,100.817,-186.014],"tool":false,"touchDistance":0.333333,"touchZone":"none","type":3,"width":17.6296},{"bases":[[[0.400157,-0.915902,-0.0316035],[0.755612,0.31022,0.576899],[-0.518579,-0.25473,0.816204]],[[0.448747,-0.886748,-0.110923],[0.683234,0.420436,-0.597013],[0.576037,0.192122,0.794526]],[[0.448747,-0.886748,-0.110923],[-0.340547,-0.054925,-0.938622],[0.826229,0.458978,-0.326626]],[[0.448747,-0.886748,-0.110923],[-0.744957,-0.302623,-0.594524],[0.493625,0.349423,-0.79639]]],"btipPosition":[-6.13485,279.776,2.35513],"carpPosition":[8.46157,286.625,56.2922],"dipPosition":[2.16308,285.65,-11.0323],"direction":[-0.826229,-0.458978,0.326626],"extended":false,"handId":996,"id":9964,"length":49.2606,"mcpPosition":[37.7873,301.03,10.1358],"pipPosition":[17.9232,294.405,-17.2627],"stabilizedTipPosition":[-10.2047,250.665,43.3349],"timeVisible":20.0739,"tipPosition":[-3.92637,281.437,-1.5627],"tipVelocity":[9.01804,100.432,-197.979],"tool":false,"touchDistance":0.333333,"touchZone":"none","type":4,"width":15.66}],"r":[[0.985128,-0.0264822,0.169769],[-0.0150312,0.970981,0.238684],[-0.171164,-0.237686,0.956142]],"s":0.929491,"t":[-3.05845,-9.65932,-26.5527],"timestamp":669681587794},false],[5,{"currentFrameRate":54.166,"devices":[],"gestures":[],"hands":[{"armBasis":[[0.741948,-0.663761,-0.0945164],[0.646687,0.745701,-0.160391],[0.176943,0.0578795,0.982518]],"armWidth":62.1429,"confidence":0.630296,"direction":[0.391588,0.49819,-0.773606],"elbow":[39.1053,307.506,317.276],"grabStrength":0.281044,"id":996,"palmNormal":[-0.5333,-0.562253,-0.632031],"palmPosition":[5.3145,321.04,15.4964],"palmVelocity":[8.46862,82.6056,-213.32],"palmWidth":88.738,"pinchStrength":0.74454,"r":[[0.985378,-0.0331816,0.167122],[-0.00795662,0.970822,0.239668],[-0.170198,-0.237493,0.956363]],"s":0.937398,"sphereCenter":[-3.16523,288.813,-27.7688],"sphereRadius":48.2641,"stabilizedPalmPosition":[-3.19298,290.507,61.8399],"t":[-2.92053,-8.20595,-30.3929],"timeVisible":20.0919,"type":"right","wrist":[-7.48673,292.266,58.5616]}],"id":4980268,"interactionBox":{"center":[0,200,0],"size":[235.247,235.247,147.751]},"pointables":[{"bases":[[[0.85514,0.334501,0.396035],[-0.517785,0.588233,0.621192],[-0.0251717,-0.736268,0.676222]],[[0.825596,0.533904,0.182586],[-0.553491,0.703344,0.446045],[0.109724,-0.469313,0.876189]],[[0.825596,0.533904,0.182586],[-0.552236,0.830979,0.0671509],[-0.115873,-0.15627,0.980894]],[[0.825596,0.533904,0.182586],[-0.416425,0.794865,-0.441339],[-0.380764,0.288334,0.878568]]],"btipPosition":[-28.0558,324.495,-39.5722],"carpPosition":[-35.2579,303.032,55.7517],"dipPosition":[-36.7465,331.076,-19.5194],"direction":[0.115873,0.15627,-0.980894],"extended":false,"handId":996,"id":9960,"length":50.8265,"mcpPosition":[-35.2579,303.032,55.7517],"pipPosition":[-40.5995,325.88,13.097],"stabilizedTipPosition":[-39.9181,289.779,23.7298],"timeVisible":20.0919,"tipPosition":[-29.4194,327.428,-34.2252],"tipVelocity":[-12.7587,95.9849,-203.185],"tool":false,"touchDistance":-0.743929,"touchZone":"hovering","type":0,"width":19.7488},{"bases":[[[0.804937,-0.567042,-0.174757],[0.565988,0.645325,0.513044],[-0.178143,-0.511878,0.840384]],[[0.780937,-0.619098,-0.0828026],[0.619184,0.784756,-0.027739],[0.0821529,-0.0296077,0.99618]],[[0.780937,-0.619098,-0.0828026],[0.588101,0.773459,-0.236429],[0.210417,0.13594,0.968114]],[[0.780937,-0.619098,-0.0828026],[0.553581,0.74742,-0.367303],[0.289285,0.241002,0.926408]]],"btipPosition":[-15.5446,344.508,-80.9195],"carpPosition":[-15.1037,313.761,59.3731],"dipPosition":[-10.7243,348.524,-65.483],"direction":[-0.210417,-0.13594,-0.968114],"extended":true,"handId":996,"id":9961,"length":57.352,"mcpPosition":[-2.32223,350.488,-0.92341],"pipPosition":[-5.76436,351.728,-42.6624],"stabilizedTipPosition":[-17.0996,335.051,-62.1432],"timeVisible":20.0919,"tipPosition":[-15.603,343.781,-76.6021],"tipVelocity":[23.5359,144.245,-224.063],"tool":false,"touchDistance":-0.731958,"touchZone":"hovering","type":1,"width":18.8641},{"bases":[[[0.665109,-0.732633,-0.144495],[0.689875,0.528774,0.494439],[-0.285837,-0.428539,0.857118]],[[0.668867,-0.726844,-0.155931],[0.530459,0.613622,-0.584878],[0.520797,0.308491,0.795992]],[[0.668867,-0.726844,-0.155931],[-0.334891,-0.107351,-0.936122],[0.663675,0.678361,-0.315217]],[[0.668867,-0.726844,-0.155931],[-0.661476,-0.486215,-0.571004],[0.339215,0.48507,-0.806003]]],"btipPosition":[-34.1544,295.345,-14.5576],"carpPosition":[-4.49963,308.391,57.6661],"dipPosition":[-27.9377,304.235,-29.3291],"direction":[-0.663675,-0.678361,0.315217],"extended":false,"handId":996,"id":9962,"length":65.348,"mcpPosition":[14.9491,337.549,-0.65331],"pipPosition":[-9.53225,323.048,-38.0709],"stabilizedTipPosition":[-36.7118,270.656,19.7169],"timeVisible":20.0919,"tipPosition":[-32.4223,297.899,-19.093],"tipVelocity":[-18.479,99.8595,-195.344],"tool":false,"touchDistance":0.333333,"touchZone":"none","type":2,"width":18.527},{"bases":[[[0.561885,-0.825474,-0.0536471],[0.726168,0.461149,0.509923],[-0.396189,-0.325475,0.858545]],[[0.57071,-0.817894,-0.0730693],[0.60516,0.479072,-0.635824],[0.555042,0.318653,0.768367]],[[0.57071,-0.817894,-0.0730693],[-0.34493,-0.158027,-0.92523],[0.745193,0.553242,-0.372304]],[[0.57071,-0.817894,-0.0730693],[-0.708265,-0.445273,-0.547807],[0.415512,0.364391,-0.833408]]],"btipPosition":[-23.4215,284.875,-4.99289],"carpPosition":[4.26441,300.463,55.6918],"dipPosition":[-15.8503,291.515,-20.1789],"direction":[-0.745193,-0.553242,0.372304],"extended":false,"handId":996,"id":9963,"length":62.8339,"mcpPosition":[28.4675,320.346,3.24349],"pipPosition":[4.28217,306.461,-30.2372],"stabilizedTipPosition":[-26.0437,256.373,34.7958],"timeVisible":20.0919,"tipPosition":[-21.3877,286.719,-9.55496],"tipVelocity":[-24.4063,91.9103,-184.683],"tool":false,"touchDistance":0.333333,"touchZone":"none","type":3,"width":17.6296},{"bases":[[[0.384495,-0.922368,-0.0374309],[0.766847,0.296566,0.569205],[-0.513916,-0.24756,0.821343]],[[0.432357,-0.894129,-0.116625],[0.682501,0.40903,-0.605712],[0.589288,0.182287,0.78709]],[[0.432357,-0.894129,-0.116625],[-0.353335,-0.049002,-0.934213],[0.829591,0.445121,-0.337113]],[[0.432357,-0.894129,-0.116625],[-0.757018,-0.289664,-0.585678],[0.489889,0.341509,-0.80211]]],"btipPosition":[-7.14462,281.061,-1.35282],"carpPosition":[8.1738,287.578,52.3223],"dipPosition":[1.09052,286.801,-14.8364],"direction":[-0.829591,-0.445121,0.337113],"extended":false,"handId":996,"id":9964,"length":49.2606,"mcpPosition":[37.2358,301.578,5.87529],"pipPosition":[16.9147,295.292,-21.2668],"stabilizedTipPosition":[-10.1228,251.19,42.5441],"timeVisible":20.0919,"tipPosition":[-4.9557,282.679,-5.29572],"tipVelocity":[-22.196,85.6988,-202.032],"tool":false,"touchDistance":0.333333,"touchZone":"none","type":4,"width":15.66}],"r":[[0.985378,-0.0331816,0.167122],[-0.00795662,0.970822,0.239668],[-0.170198,-0.237493,0.956363]],"s":0.937398,"t":[-2.92053,-8.20595,-30.3929],"timestamp":669681605856},false],[6,{"currentFrameRate":54.2495,"devices":[],"gestures":[],"hands":[{"armBasis":[[0.740344,-0.66671,-0.0859519],[0.651213,0.743033,-0.154348],[0.166771,0.0582978,0.984271]],"armWidth":62.1429,"confidence":0.610888,"direction":[0.388971,0.495593,-0.776588],"elbow":[36.8865,308.599,315.322],"grabStrength":0.262508,"id":996,"palmNormal":[-0.540682,-0.559712,-0.628002],"palmPosition":[5.63441,321.927,12.9765],"palmVelocity":[12.8359,66.5461,-177.877],"palmWidth":88.738,"pinchStrength":0.738105,"r":[[0.985724,-0.0395943,0.163648],[-0.00090844,0.970691,0.240328],[-0.168368,-0.237046,0.956798]],"s":0.946047,"sphereCenter":[-3.33678,289.762,-30.3113],"sphereRadius":48.4652,"stabilizedPalmPosition":[-3.10997,290.803,61.3804],"t":[-2.69162,-7.03583,-33.5729],"timeVisible":20.1101,"type":"right","wrist":[-7.02716,293.248,56.1467]}],"id":4980269,"interactionBox":{"center":[0,200,0],"size":[235.247,235.247,147.751]},"pointables":[{"bases":[[[0.859649,0.330071,0.389945],[-0.510296,0.591412,0.624364],[-0.0245339,-0.735721,0.67684]],[[0.829712,0.529541,0.176535],[-0.546375,0.705731,0.45102],[0.114248,-0.47067,0.874881]],[[0.829712,0.529541,0.176535],[-0.547941,0.833002,0.0766079],[-0.106487,-0.160293,0.981309]],[[0.829712,0.529541,0.176535],[-0.417476,0.798632,-0.433475],[-0.370529,0.28596,0.883705]]],"btipPosition":[-28.3218,325.881,-41.8705],"carpPosition":[-34.7579,304.164,53.5208],"dipPosition":[-36.7789,332.408,-21.7005],"direction":[0.106487,0.160293,-0.981309],"extended":false,"handId":996,"id":9960,"length":50.8265,"mcpPosition":[-34.7579,304.164,53.5208],"pipPosition":[-40.3198,327.078,10.9297],"stabilizedTipPosition":[-39.8129,290.189,23.0654],"timeVisible":20.1101,"tipPosition":[-29.5969,328.553,-36.5652],"tipVelocity":[-12.2555,86.3317,-166.045],"tool":false,"touchDistance":-0.73194,"touchZone":"hovering","type":0,"width":19.7488},{"bases":[[[0.800619,-0.571522,-0.179924],[0.573003,0.642534,0.508741],[-0.17515,-0.510404,0.841908]],[[0.777382,-0.622681,-0.0891381],[0.623536,0.781503,-0.0213326],[0.0829451,-0.0389972,0.995791]],[[0.777382,-0.622681,-0.0891381],[0.594579,0.773644,-0.218976],[0.205314,0.117229,0.97165]],[[0.777382,-0.622681,-0.0891381],[0.562645,0.751687,-0.344089],[0.281262,0.217336,0.934696]]],"btipPosition":[-14.9561,346.656,-83.6101],"carpPosition":[-14.5213,314.785,56.997],"dipPosition":[-10.2695,350.277,-68.0355],"direction":[-0.205314,-0.117229,-0.97165],"extended":true,"handId":996,"id":9961,"length":57.352,"mcpPosition":[-1.95451,351.406,-3.40889],"pipPosition":[-5.42983,353.04,-45.1316],"stabilizedTipPosition":[-16.7765,336.299,-63.9371],"timeVisible":20.1101,"tipPosition":[-15.0883,345.766,-79.2791],"tipVelocity":[26.9722,129.539,-187.154],"tool":false,"touchDistance":-0.726978,"touchZone":"hovering","type":1,"width":18.8641},{"bases":[[[0.660102,-0.736331,-0.148599],[0.696123,0.5253,0.489359],[-0.282272,-0.42647,0.859329]],[[0.663807,-0.73058,-0.160042],[0.529767,0.610354,-0.58891],[0.527928,0.306137,0.792194]],[[0.663807,-0.73058,-0.160042],[-0.341844,-0.106051,-0.933754],[0.665209,0.674541,-0.320142]],[[0.663807,-0.73058,-0.160042],[-0.667984,-0.482893,-0.566226],[0.33639,0.48277,-0.808563]]],"btipPosition":[-34.1819,296.428,-16.7915],"carpPosition":[-3.95854,309.356,55.2205],"dipPosition":[-28.017,305.276,-31.6099],"direction":[-0.665209,-0.674541,0.320142],"extended":false,"handId":996,"id":9962,"length":65.348,"mcpPosition":[15.2476,338.374,-3.24927],"pipPosition":[-9.56897,323.983,-40.4883],"stabilizedTipPosition":[-36.633,271.212,18.9195],"timeVisible":20.1101,"tipPosition":[-32.4682,298.967,-21.3305],"tipVelocity":[-10.7112,80.4853,-161.239],"tool":false,"touchDistance":0.333333,"touchZone":"none","type":2,"width":18.527},{"bases":[[[0.557001,-0.828554,-0.056986],[0.732153,0.457487,0.504636],[-0.392048,-0.322805,0.861449]],[[0.565429,-0.821308,-0.0757837],[0.601491,0.473469,-0.643456],[0.564357,0.318246,0.761722]],[[0.565429,-0.821308,-0.0757837],[-0.354871,-0.159306,-0.921243],[0.744551,0.547791,-0.381535]],[[0.565429,-0.821308,-0.0757837],[-0.7155,-0.44272,-0.540425],[0.410304,0.359795,-0.837972]]],"btipPosition":[-23.4841,285.877,-7.04885],"carpPosition":[4.74844,301.38,53.1911],"dipPosition":[-16.0077,292.433,-22.318],"direction":[-0.744551,-0.547791,0.381535],"extended":false,"handId":996,"id":9963,"length":62.8339,"mcpPosition":[28.6985,321.1,0.565413],"pipPosition":[4.10738,307.233,-32.6257],"stabilizedTipPosition":[-25.9711,256.899,34.0267],"timeVisible":20.1101,"tipPosition":[-21.4784,287.692,-11.64],"tipVelocity":[-14.9953,73.9426,-151.202],"tool":false,"touchDistance":0.333333,"touchZone":"none","type":3,"width":17.6296},{"bases":[[[0.379201,-0.924471,-0.0394916],[0.772342,0.292719,0.563741],[-0.509602,-0.244272,0.825007]],[[0.426185,-0.896883,-0.118185],[0.677932,0.403147,-0.61472],[0.598978,0.181863,0.779841]],[[0.426185,-0.896883,-0.118185],[-0.363831,-0.0503239,-0.930105],[0.828247,0.439396,-0.347761]],[[0.426185,-0.896883,-0.118185],[-0.764126,-0.286973,-0.577718],[0.48423,0.336523,-0.807635]]],"btipPosition":[-7.21134,281.976,-3.53342],"carpPosition":[8.5644,288.472,49.8029],"dipPosition":[0.928659,287.633,-17.1099],"direction":[-0.828247,-0.439396,0.347761],"extended":false,"handId":996,"id":9964,"length":49.2606,"mcpPosition":[37.3824,302.286,3.14871],"pipPosition":[16.7272,296.014,-23.7434],"stabilizedTipPosition":[-10.0674,251.561,41.9748],"timeVisible":20.1101,"tipPosition":[-5.04333,283.568,-7.52367],"tipVelocity":[-13.9493,68.4045,-163.619],"tool":false,"touchDistance":0.333333,"t