{"sensorType":"Leap","data":[[0,{"currentFrameRate":55.247,"devices":[],"gestures":[],"hands":[{"armBasis":[[0.821055,-0.561106,-0.105013],[0.543411,0.8246,-0.157288],[0.174849,0.0720768,0.981954]],"armWidth":62.1429,"confidence":0.760898,"direction":[0.264748,0.419213,-0.868429],"elbow":[39.8597,297.275,348.123],"grabStrength":0.0189427,"id":996,"palmNormal":[-0.484336,-0.720927,-0.495664],"palmPosition":[-0.478098,301.438,41.8248],"palmVelocity":[-3.70863,111.267,-161.127],"palmWidth":88.738,"pinchStrength":0.639241,"r":[[0.993339,0.091053,0.0706223],[-0.0965376,0.992222,0.0785824],[-0.0629178,-0.0848767,0.994403]],"s":0.994165,"sphereCenter":[-10.7702,262.962,1.88919],"sphereRadius":50.3056,"stabilizedPalmPosition":[-0.777156,294.02,50.2139],"t":[-8.50845,-28.3951,-4.95299],"timeVisible":14.4254,"type":"right","wrist":[-6.18111,278.296,89.5571]}],"id":4979957,"interactionBox":{"center":[0,200,0],"size":[235.247,235.247,147.751]},"pointables":[{"bases":[[[0.820409,0.50456,0.268977],[-0.557807,0.60292,0.570384],[0.125622,-0.617985,0.776089]],[[0.789657,0.597109,0.141075],[-0.580008,0.651507,0.489008],[0.20008,-0.467974,0.860795]],[[0.789657,0.597109,0.141075],[-0.60104,0.799024,-0.0176453],[-0.123259,-0.0708582,0.989842]],[[0.789657,0.597109,0.141075],[-0.554942,0.793163,-0.250863],[-0.261688,0.119807,0.957688]]],"btipPosition":[-35.0183,307.05,-9.10483],"carpPosition":[-35.3495,284.646,87.5731],"dipPosition":[-40.9912,309.784,12.7538],"direction":[0.123259,0.0708582,-0.989842],"extended":false,"handId":996,"id":9960,"length":50.8265,"mcpPosition":[-35.3495,284.646,87.5731],"pipPosition":[-45.0898,307.428,45.6677],"stabilizedTipPosition":[-35.3233,292.768,14.4421],"timeVisible":14.4254,"tipPosition":[-35.8201,307.877,-3.65562],"tipVelocity":[-11.9029,123.722,-166.404],"tool":false,"touchDistance":0.000810076,"touchZone":"hovering","type":0,"width":19.7488},{"bases":[[[0.866476,-0.473617,-0.157814],[0.496925,0.787999,0.363489],[-0.0477973,-0.393376,0.918134]],[[0.857718,-0.509635,-0.0677592],[0.508192,0.860389,-0.0383585],[0.0778481,-0.00153388,0.996964]],[[0.857718,-0.509635,-0.0677592],[0.486761,0.847412,-0.212027],[0.165476,0.148877,0.974912]],[[0.857718,-0.509635,-0.0677592],[0.463012,0.823003,-0.329067],[0.22347,0.250874,0.941872]]],"btipPosition":[-24.2483,319.027,-58.4551],"carpPosition":[-16.7917,298.428,87.8667],"dipPosition":[-20.5247,323.207,-42.761],"direction":[-0.165476,-0.148877,-0.974912],"extended":true,"handId":996,"id":9961,"length":57.352,"mcpPosition":[-13.3623,326.652,21.9917],"pipPosition":[-16.6241,326.716,-19.7802],"stabilizedTipPosition":[-24.5466,304.041,-38.7031],"timeVisible":14.4254,"tipPosition":[-23.141,320.811,-54.876],"tipVelocity":[3.00783,144.342,-158.368],"tool":false,"touchDistance":0.0371866,"touchZone":"hovering","type":1,"width":18.8641},{"bases":[[[0.754558,-0.649758,-0.0919581],[0.635089,0.687756,0.351645],[-0.165239,-0.323738,0.931606]],[[0.757682,-0.643222,-0.110383],[0.481624,0.665235,-0.570527],[0.440406,0.379114,0.813827]],[[0.757682,-0.643222,-0.110383],[-0.272657,-0.158319,-0.948996],[0.592939,0.749133,-0.295335]],[[0.757682,-0.643222,-0.110383],[-0.587658,-0.598862,-0.544079],[0.283859,0.477106,-0.831741]]],"btipPosition":[-36.7514,269.023,7.85804],"carpPosition":[-5.6461,294.336,86.068],"dipPosition":[-31.5491,277.767,-7.3852],"direction":[-0.592939,-0.749133,0.295335],"extended":false,"handId":996,"id":9962,"length":65.348,"mcpPosition":[5.597,316.363,22.6803],"pipPosition":[-15.1054,298.542,-15.5756],"stabilizedTipPosition":[-36.1835,258.623,20.3431],"timeVisible":14.4254,"tipPosition":[-35.601,270.924,4.58992],"tipVelocity":[4.65274,114.978,-167.161],"tool":false,"touchDistance":0.333333,"touchZone":"none","type":2,"width":18.527},{"bases":[[[0.671981,-0.740302,0.0198926],[0.681785,0.628906,0.373695],[-0.289157,-0.237553,0.927338]],[[0.680919,-0.732292,-0.00989325],[0.565472,0.53429,-0.628312],[0.465394,0.422235,0.777899]],[[0.680919,-0.732292,-0.00989325],[-0.275368,-0.243486,-0.929993],[0.678618,0.635974,-0.367444]],[[0.680919,-0.732292,-0.00989325],[-0.635039,-0.583651,-0.506041],[0.364796,0.350855,-0.862453]]],"btipPosition":[-23.5556,259.991,19.6305],"carpPosition":[4.03978,287.452,84.535],"dipPosition":[-16.9085,266.384,3.91525],"direction":[-0.678618,-0.635974,0.367444],"extended":false,"handId":996,"id":9963,"length":62.8339,"mcpPosition":[21.7043,301.964,27.8842],"pipPosition":[1.42533,283.566,-6.01175],"stabilizedTipPosition":[-22.2932,251.487,27.4118],"timeVisible":14.4254,"tipPosition":[-21.9968,261.523,15.5698],"tipVelocity":[4.61302,114.099,-159.499],"tool":false,"touchDistance":0.333333,"touchZone":"none","type":3,"width":17.6296},{"bases":[[[0.512048,-0.856489,0.0650678],[0.74976,0.482631,0.45269],[-0.419127,-0.183014,0.889291]],[[0.557774,-0.829031,-0.0399403],[0.648607,0.465399,-0.602257],[0.517878,0.310018,0.797303]],[[0.557774,-0.829031,-0.0399403],[-0.301541,-0.157575,-0.940342],[0.773279,0.536542,-0.337878]],[[0.557774,-0.829031,-0.0399403],[-0.706499,-0.448979,-0.547062],[0.435599,0.333355,-0.836138]]],"btipPosition":[-6.6601,258.666,25.4792],"carpPosition":[9.56933,274.845,82.7623],"dipPosition":[0.662406,264.269,11.4235],"direction":[-0.773279,-0.536542,0.337878],"extended":false,"handId":996,"id":9964,"length":49.2606,"mcpPosition":[33.271,285.194,32.4728],"pipPosition":[15.4125,274.504,4.97859],"stabilizedTipPosition":[-5.22937,253.939,28.2373],"timeVisible":14.4254,"tipPosition":[-4.96117,259.974,22.0328],"tipVelocity":[5.26704,116.67,-170.168],"tool":false,"touchDistance":0.333333,"touchZone":"none","type":4,"width":15.66}],"r":[[0.993339,0.091053,0.0706223],[-0.0965376,0.992222,0.0785824],[-0.0629178,-0.0848767,0.994403]],"s":0.994165,"t":[-8.50845,-28.3951,-4.95299],"timestamp":669675939294},false],[1,{"currentFrameRate":55.2363,"devices":[],"gestures":[],"hands":[{"armBasis":[[0.825341,-0.555748,-0.0997841],[0.538198,0.827758,-0.158621],[0.17075,0.0772127,0.982284]],"armWidth":62.1429,"confidence":0.66946,"direction":[0.263953,0.423984,-0.866352],"elbow":[38.9723,300.469,345.978],"grabStrength":0.0159942,"id":996,"palmNormal":[-0.478965,-0.722021,-0.499277],"palmPosition":[-0.330325,303.489,39.6892],"palmVelocity":[1.93894,112.118,-140.447],"palmWidth":88.738,"pinchStrength":0.632713,"r":[[0.992992,0.0931901,0.0726831],[-0.0991449,0.991593,0.0831467],[-0.0643236,-0.0897702,0.993883]],"s":0.996931,"sphereCenter":[-9.99344,264.827,-0.456211],"sphereRadius":50.5188,"stabilizedPalmPosition":[-0.777156,294.02,50.2139],"t":[-8.46794,-26.3495,-7.49659],"timeVisible":14.4435,"type":"right","wrist":[-5.98921,280.138,87.325]}],"id":4979958,"interactionBox":{"center":[0,200,0],"size":[235.247,235.247,147.751]},"pointables":[{"bases":[[[0.816796,0.508523,0.272486],[-0.562594,0.597443,0.571445],[0.127798,-0.620053,0.774081]],[[0.785078,0.602715,0.142782],[-0.585672,0.647314,0.487824],[0.201594,-0.466603,0.861186]],[[0.785078,0.602715,0.142782],[-0.607896,0.793965,-0.0090254],[-0.118804,-0.079711,0.989713]],[[0.785078,0.602715,0.142782],[-0.563203,0.790567,-0.240429],[-0.257789,0.108341,0.960108]]],"btipPosition":[-35.1712,309.212,-11.4431],"carpPosition":[-35.1914,286.319,85.3049],"dipPosition":[-41.0551,311.685,10.4708],"direction":[0.118804,0.079711,-0.989713],"extended":false,"handId":996,"id":9960,"length":50.8265,"mcpPosition":[-35.1914,286.319,85.3049],"pipPosition":[-45.0055,309.034,43.3805],"stabilizedTipPosition":[-35.3233,292.768,14.4421],"timeVisible":14.4435,"tipPosition":[-35.879,309.926,-5.95657],"tipVelocity":[-9.7083,119.982,-148.199],"tool":false,"touchDistance":-0.0879485,"touchZone":"hovering","type":0,"width":19.7488},{"bases":[[[0.869644,-0.467788,-0.157778],[0.491412,0.789652,0.367374],[-0.0472633,-0.397019,0.916593]],[[0.860882,-0.504297,-0.0675858],[0.50329,0.863509,-0.0324269],[0.0747137,-0.00609953,0.997186]],[[0.860882,-0.504297,-0.0675858],[0.482971,0.851718,-0.20326],[0.160067,0.142341,0.976789]],[[0.860882,-0.504297,-0.0675858],[0.460351,0.82857,-0.318669],[0.216703,0.243223,0.945454]]],"btipPosition":[-23.8414,321.545,-60.6379],"carpPosition":[-16.7181,300.211,85.6866],"dipPosition":[-20.2306,325.597,-44.8841],"direction":[-0.160067,-0.142341,-0.976789],"extended":true,"handId":996,"id":9961,"length":57.352,"mcpPosition":[-13.327,328.697,19.9222],"pipPosition":[-16.4574,328.953,-21.859],"stabilizedTipPosition":[-24.4835,304.799,-39.4563],"timeVisible":14.4435,"tipPosition":[-22.8395,323.155,-57.0159],"tipVelocity":[11.5801,140.929,-139.883],"tool":false,"touchDistance":0.00103548,"touchZone":"hovering","type":1,"width":18.8641},{"bases":[[[0.758661,-0.644843,-0.0927939],[0.630205,0.69029,0.355445],[-0.165152,-0.328142,0.930079]],[[0.761676,-0.63846,-0.110535],[0.477488,0.668378,-0.57033],[0.438012,0.381628,0.813944]],[[0.761676,-0.63846,-0.110535],[-0.272141,-0.160398,-0.948795],[0.588038,0.752756,-0.295923]],[[0.761676,-0.63846,-0.110535],[-0.583915,-0.602385,-0.544221],[0.280879,0.479063,-0.831628]]],"btipPosition":[-36.3525,270.926,5.79824],"carpPosition":[-5.54429,296.193,83.8956],"dipPosition":[-31.2048,279.705,-9.44293],"direction":[-0.588038,-0.752756,0.295923],"extended":false,"handId":996,"id":9962,"length":65.348,"mcpPosition":[5.69283,318.521,20.6118],"pipPosition":[-14.897,300.581,-17.6496],"stabilizedTipPosition":[-36.1724,258.78,20.1453],"timeVisible":14.4435,"tipPosition":[-35.2018,272.869,2.41559],"tipVelocity":[12.582,110.392,-141.605],"tool":false,"touchDistance":0.333333,"touchZone":"none","type":2,"width":18.527},{"bases":[[[0.676408,-0.736293,0.0185572],[0.677211,0.631643,0.377375],[-0.28958,-0.242693,0.925875]],[[0.685322,-0.728156,-0.011057],[0.564459,0.540725,-0.623701],[0.460131,0.421195,0.781585]],[[0.685322,-0.728156,-0.011057],[-0.270906,-0.240817,-0.931996],[0.675976,0.641713,-0.362299]],[[0.685322,-0.728156,-0.011057],[-0.630204,-0.585386,-0.510064],[0.364934,0.356526,-0.860065]]],"btipPosition":[-23.0852,262.014,17.199],"carpPosition":[4.18615,289.374,82.3572],"dipPosition":[-16.4356,268.51,1.52728],"direction":[-0.675976,-0.641713,0.362299],"extended":false,"handId":996,"id":9963,"length":62.8339,"mcpPosition":[21.8765,304.2,25.7959],"pipPosition":[1.82686,285.847,-8.26073],"stabilizedTipPosition":[-22.2848,251.623,27.2555],"timeVisible":14.4435,"tipPosition":[-21.5372,263.557,13.2051],"tipVelocity":[14.7833,113.493,-147.104],"tool":false,"touchDistance":0.333333,"touchZone":"none","type":3,"width":17.6296},{"bases":[[[0.517091,-0.85361,0.0629822],[0.745911,0.485494,0.455974],[-0.419801,-0.188801,0.887762]],[[0.562605,-0.825699,-0.0411913],[0.64715,0.470858,-0.599574],[0.514463,0.310667,0.799258]],[[0.562605,-0.825699,-0.0411913],[-0.298865,-0.156677,-0.941346],[0.770814,0.541917,-0.33492]],[[0.562605,-0.825699,-0.0411913],[-0.702866,-0.45149,-0.549669],[0.435264,0.338199,-0.834366]]],"btipPosition":[-6.22545,260.749,23.1994],"carpPosition":[9.79547,276.807,80.5497],"dipPosition":[1.09142,266.434,9.17358],"direction":[-0.770814,-0.541917,0.33492],"extended":false,"handId":996,"id":9964,"length":49.2606,"mcpPosition":[33.5353,287.484,30.3467],"pipPosition":[15.7945,276.771,2.78507],"stabilizedTipPosition":[-5.22202,254.025,28.1488],"timeVisible":14.4435,"tipPosition":[-4.52588,262.075,19.7556],"tipVelocity":[14.1384,116.29,-148.788],"tool":false,"touchDistance":0.333333,"touchZone":"none","type":4,"width":15.66}],"r":[[0.992992,0.0931901,0.0726831],[-0.0991449,0.991593,0.0831467],[-0.0643236,-0.0897702,0.993883]],"s":0.996931,"t":[-8.46794,-26.3495,-7.49659],"timestamp":669675957435},false],[2,{"currentFrameRate":55.2741,"devices":[],"gestures":[],"hands":[{"armBasis":[[0.819128,-0.564182,-0.103574],[0.54898,0.823413,-0.143568],[0.166282,0.0607404,0.984206]],"armWidth":62.1429,"confidence":0.675984,"direction":[0.263581,0.431166,-0.862914],"elbow":[37.7305,298.774,342.1],"grabStrength":0.0112688,"id":996,"palmNormal":[-0.491994,-0.709363,-0.504724],"palmPosition":[-0.414589,306.644,35.558],"palmVelocity":[-1.1975,142.162,-182.815],"palmWidth":88.738,"pinchStrength":0.626849,"r":[[0.99306,0.0920806,0.0731612],[-0.0984849,0.991117,0.0893741],[-0.0642817,-0.0959591,0.993307]],"s":0.999542,"sphereCenter":[-10.6735,268.468,-5.01315],"sphereRadius":50.6343,"stabilizedPalmPosition":[-0.772364,294.187,50.0202],"t":[-8.48982,-23.7494,-10.834],"timeVisible":14.4615,"type":"right","wrist":[-6.05454,282.78,82.9415]}],"id":4979959,"interactionBox":{"center":[0,200,0],"size":[235.247,235.247,147.751]},"pointables":[{"bases":[[[0.825371,0.494238,0.272933],[-0.550609,0.597709,0.58273],[0.124872,-0.631248,0.765463]],[[0.793557,0.591403,0.14321],[-0.57421,0.649925,0.497875],[0.201369,-0.477325,0.855343]],[[0.793557,0.591403,0.14321],[-0.598508,0.801073,0.00833223],[-0.109794,-0.0923248,0.989657]],[[0.793557,0.591403,0.14321],[-0.555934,0.800331,-0.224515],[-0.247395,0.0985497,0.96389]]],"btipPosition":[-35.6906,313.43,-15.3434],"carpPosition":[-35.185,289.372,81.2046],"dipPosition":[-41.3372,315.679,6.65682],"direction":[0.109794,0.0923248,-0.989657],"extended":false,"handId":996,"id":9960,"length":50.8265,"mcpPosition":[-35.185,289.372,81.2046],"pipPosition":[-44.9881,312.609,39.5646],"stabilizedTipPosition":[-35.3629,293.272,13.854],"timeVisible":14.4615,"tipPosition":[-36.321,314.085,-9.83173],"tipVelocity":[-17.3591,172.965,-180.294],"tool":false,"touchDistance":-0.152623,"touchZone":"hovering","type":0,"width":19.7488},{"bases":[[[0.862216,-0.477275,-0.169684],[0.504429,0.778454,0.373578],[-0.0462086,-0.407699,0.911947]],[[0.853513,-0.514999,-0.0793234],[0.514958,0.856919,-0.0225509],[0.0795874,-0.0216008,0.996594]],[[0.853513,-0.514999,-0.0793234],[0.494241,0.848348,-0.189822],[0.165052,0.12281,0.978609]],[[0.853513,-0.514999,-0.0793234],[0.471488,0.828105,-0.303217],[0.221844,0.221399,0.949614]]],"btipPosition":[-24.1323,326.586,-64.4521],"carpPosition":[-16.5259,303.013,81.6264],"dipPosition":[-20.4357,330.275,-48.6289],"direction":[-0.165052,-0.12281,-0.978609],"extended":true,"handId":996,"id":9961,"length":57.352,"mcpPosition":[-13.2105,332.265,16.1954],"pipPosition":[-16.5451,333.17,-25.561],"stabilizedTipPosition":[-24.4835,304.799,-39.4563],"timeVisible":14.4615,"tipPosition":[-23.2008,327.935,-60.7768],"tipVelocity":[-1.03842,204.833,-173.747],"tool":false,"touchDistance":-0.112269,"touchZone":"hovering","type":1,"width":18.8641},{"bases":[[[0.749335,-0.653636,-0.1061],[0.641798,0.677418,0.359444],[-0.163072,-0.337439,0.927115]],[[0.752175,-0.647396,-0.12293],[0.479534,0.665707,-0.571735],[0.451974,0.371096,0.811176]],[[0.752175,-0.647396,-0.12293],[-0.285471,-0.151994,-0.946258],[0.593919,0.746844,-0.299139]],[[0.752175,-0.647396,-0.12293],[-0.59741,-0.591217,-0.541816],[0.278091,0.480979,-0.831459]]],"btipPosition":[-37.1373,274.858,2.02754],"carpPosition":[-5.41931,298.87,79.707],"dipPosition":[-32.0408,283.673,-13.2105],"direction":[-0.593919,-0.746844,0.299139],"extended":false,"handId":996,"id":9962,"length":65.348,"mcpPosition":[5.6763,321.83,16.6249],"pipPosition":[-15.5699,304.385,-21.5064],"stabilizedTipPosition":[-36.1688,259.087,19.7789],"timeVisible":14.4615,"tipPosition":[-35.9735,276.876,-1.54463],"tipVelocity":[-14.3506,161.964,-173.91],"tool":false,"touchDistance":0.333333,"touchZone":"none","type":2,"width":18.527},{"bases":[[[0.666642,-0.745363,0.00469695],[0.688169,0.617886,0.380317],[-0.286376,-0.250303,0.924844]],[[0.675431,-0.737007,-0.0247812],[0.568616,0.541918,-0.61887],[0.469541,0.403913,0.785102]],[[0.675431,-0.737007,-0.0247812],[-0.278959,-0.224256,-0.933751],[0.682623,0.637597,-0.357065]],[[0.675431,-0.737007,-0.0247812],[-0.641057,-0.570224,-0.513703],[0.364472,0.362857,-0.85761]]],"btipPosition":[-23.8399,265.795,12.5812],"carpPosition":[4.20845,291.942,78.0159],"dipPosition":[-17.1986,272.407,-3.04584],"direction":[-0.682623,-0.637597,0.357065],"extended":false,"handId":996,"id":9963,"length":62.8339,"mcpPosition":[21.7031,307.233,21.5174],"pipPosition":[1.24338,289.633,-12.6924],"stabilizedTipPosition":[-22.2853,251.865,26.9737],"timeVisible":14.4615,"tipPosition":[-22.3108,267.351,8.67268],"tipVelocity":[-12.1357,160.096,-198.867],"tool":false,"touchDistance":0.333333,"touchZone":"none","type":3,"width":17.6296},{"bases":[[[0.506086,-0.861101,0.0488018],[0.755457,0.469875,0.456621],[-0.416128,-0.194222,0.888322]],[[0.551106,-0.832621,-0.0549879],[0.65176,0.470671,-0.594708],[0.521048,0.291908,0.802059]],[[0.551106,-0.832621,-0.0549879],[-0.304021,-0.138987,-0.942472],[0.77708,0.53612,-0.329731]],[[0.551106,-0.832621,-0.0549879],[-0.711478,-0.434446,-0.552319],[0.435984,0.343509,-0.831817]]],"btipPosition":[-6.95029,264.241,18.3937],"carpPosition":[9.63706,279.325,76.0141],"dipPosition":[0.378679,270.016,4.41069],"direction":[-0.77708,-0.53612,0.329731],"extended":false,"handId":996,"id":9964,"length":49.2606,"mcpPosition":[33.1691,290.308,25.7794],"pipPosition":[15.2013,280.242,-1.87884],"stabilizedTipPosition":[-5.2226,254.183,27.9716],"timeVisible":14.4615,"tipPosition":[-5.26742,265.57,15.0453],"tipVelocity":[-11.5663,153.805,-204.714],"tool":false,"touchDistance":0.333333,"touchZone":"none","type":4,"width":15.66}],"r":[[0.99306,0.0920806,0.0731612],[-0.0984849,0.991117,0.0893741],[-0.0642817,-0.0959591,0.993307]],"s":0.999542,"t":[-8.48982,-23.7494,-10.834],"timestamp":669675975396},false],[3,{"currentFrameRate":55.2415,"devices":[],"gestures":[],"hands":[{"armBasis":[[0.811372,-0.576908,-0.0940916],[0.562648,0.814444,-0.141802],[0.158439,0.0621133,0.985413]],"armWidth":62.1429,"confidence":0.68789,"direction":[0.268118,0.432518,-0.860837],"elbow":[35.568,301.049,339.13],"grabStrength":0.00313103,"id":996,"palmNormal":[-0.506133,-0.697062,-0.507872],"palmPosition":[-0.257913,308.786,32.4175],"palmVelocity":[3.48433,130.428,-177.844],"palmWidth":88.738,"pinchStrength":0.623213,"r":[[0.993481,0.0876022,0.0729515],[-0.0944106,0.990913,0.0958023],[-0.0638961,-0.102065,0.992724]],"s":1.00236,"sphereCenter":[-11.1121,270.9,-8.45454],"sphereRadius":50.8293,"stabilizedPalmPosition":[-0.764792,294.402,49.7611],"t":[-8.42243,-21.3783,-14.073],"timeVisible":14.4797,"type":"right","wrist":[-6.1517,284.693,79.6539]}],"id":4979960,"interactionBox":{"center":[0,200,0],"size":[235.247,235.247,147.751]},"pointables":[{"bases":[[[0.834871,0.477751,0.273394],[-0.537994,0.603175,0.588848],[0.116419,-0.638697,0.760601]],[[0.803817,0.577462,0.142885],[-0.561568,0.65735,0.502527],[0.196265,-0.484179,0.852673]],[[0.803817,0.577462,0.142885],[-0.585852,0.810127,0.0217],[-0.103224,-0.101152,0.989501]],[[0.803817,0.577462,0.142885],[-0.545487,0.811326,-0.210224],[-0.237323,0.0910397,0.967155]]],"btipPosition":[-35.8732,316.664,-18.4197],"carpPosition":[-35.1677,291.807,78.0676],"dipPosition":[-41.2899,318.742,3.65506],"direction":[0.103224,0.101152,-0.989501],"extended":false,"handId":996,"id":9960,"length":50.8265,"mcpPosition":[-35.1677,291.807,78.0676],"pipPosition":[-44.7223,315.378,36.5577],"stabilizedTipPosition":[-35.4216,294.07,12.9447],"timeVisible":14.4797,"tipPosition":[-36.4004,317.222,-12.8834],"tipVelocity":[-12.467,174.112,-174.395],"tool":false,"touchDistance":-0.203609,"touchZone":"hovering","type":0,"width":19.7488},{"bases":[[[0.853101,-0.491129,-0.176098],[0.519325,0.766842,0.377166],[-0.0501975,-0.413213,0.90925]],[[0.84399,-0.529492,-0.0855533],[0.530402,0.847637,-0.0135945],[0.0797163,-0.0339041,0.996241]],[[0.84399,-0.529492,-0.0855533],[0.510246,0.841783,-0.176208],[0.165318,0.105065,0.980628]],[[0.84399,-0.529492,-0.0855533],[0.488059,0.824305,-0.286915],[0.222441,0.200398,0.954128]]],"btipPosition":[-23.6122,330.368,-67.4758],"carpPosition":[-16.2704,305.115,78.5172],"dipPosition":[-19.9057,333.707,-51.5774],"direction":[-0.165318,-0.105065,-0.980628],"extended":true,"handId":996,"id":9961,"length":57.352,"mcpPosition":[-12.6688,334.763,13.2797],"pipPosition":[-16.0088,336.183,-28.4619],"stabilizedTipPosition":[-24.3413,306.971,-41.4655],"timeVisible":14.4797,"tipPosition":[-22.7987,331.402,-63.7421],"tipVelocity":[13.1594,204.051,-169.592],"tool":false,"touchDistance":-0.164097,"touchZone":"hovering","type":1,"width":18.8641},{"bases":[[[0.73736,-0.665924,-0.113337],[0.654847,0.663513,0.361836],[-0.165755,-0.341021,0.925327]],[[0.740182,-0.659775,-0.129719],[0.488979,0.660578,-0.569681],[0.461551,0.358238,0.811564]],[[0.740182,-0.659775,-0.129719],[-0.2919,-0.141495,-0.945925],[0.605743,0.738022,-0.29732]],[[0.740182,-0.659775,-0.129719],[-0.609828,-0.577416,-0.542863],[0.283265,0.480924,-0.829742]]],"btipPosition":[-37.6534,277.874,-1.12879],"carpPosition":[-5.24508,300.791,76.5291],"dipPosition":[-32.4621,286.688,-16.3354],"direction":[-0.605743,-0.738022,0.29732],"extended":false,"handId":996,"id":9962,"length":65.348,"mcpPosition":[6.03308,323.995,13.5687],"pipPosition":[-15.6632,307.155,-24.5809],"stabilizedTipPosition":[-36.1759,259.592,19.1859],"timeVisible":14.4797,"tipPosition":[-36.4658,279.899,-4.71726],"tipVelocity":[-20.4596,163.671,-173.42],"tool":false,"touchDistance":0.333333,"touchZone":"none","type":2,"width":18.527},{"bases":[[[0.653454,-0.756961,-0.00288381],[0.700237,0.603031,0.382127],[-0.287516,-0.251722,0.924105]],[[0.662284,-0.748555,-0.032328],[0.576819,0.536927,-0.615622],[0.478185,0.389069,0.787379]],[[0.662284,-0.748555,-0.032328],[-0.284919,-0.211707,-0.93488],[0.692966,0.628367,-0.353488]],[[0.662284,-0.748555,-0.032328],[-0.652408,-0.554926,-0.516159],[0.368434,0.362935,-0.855883]]],"btipPosition":[-24.4534,268.543,9.13837],"carpPosition":[4.25353,293.708,74.7552],"dipPosition":[-17.74,275.156,-6.45716],"direction":[-0.692966,-0.628367,0.353488],"extended":false,"handId":996,"id":9963,"length":62.8339,"mcpPosition":[21.8178,309.085,18.3019],"pipPosition":[0.981461,292.132,-16.0071],"stabilizedTipPosition":[-22.2974,252.22,26.5556],"timeVisible":14.4797,"tipPosition":[-22.9178,270.089,5.29194],"tipVelocity":[-21.9949,155.674,-193.967],"tool":false,"touchDistance":0.333333,"touchZone":"none","type":3,"width":17.6296},{"bases":[[[0.491043,-0.87017,0.0409922],[0.765178,0.453331,0.457158],[-0.416388,-0.193118,0.888441]],[[0.535993,-0.841924,-0.0622532],[0.659738,0.463734,-0.591352],[0.526742,0.27589,0.804007]],[[0.535993,-0.841924,-0.0622532],[-0.307349,-0.125923,-0.943229],[0.786288,0.524697,-0.326258]],[[0.535993,-0.841924,-0.0622532],[-0.720208,-0.417538,-0.554042],[0.440468,0.341798,-0.830158]]],"btipPosition":[-7.5674,266.665,14.8578],"carpPosition":[9.45261,281.012,72.6463],"dipPosition":[-0.16305,272.411,0.902728],"direction":[-0.786288,-0.524697,0.326258],"extended":false,"handId":996,"id":9964,"length":49.2606,"mcpPosition":[32.9994,291.933,22.4049],"pipPosition":[14.8352,282.419,-5.32056],"stabilizedTipPosition":[-5.23269,254.4,27.7149],"timeVisible":14.4797,"tipPosition":[-5.87987,267.973,11.5702],"tipVelocity":[-21.7725,143.712,-199.483],"tool":false,"touchDistance":0.333333,"touchZone":"none","type":4,"width":15.66}],"r":[[0.993481,0.0876022,0.0729515],[-0.0944106,0.990913,0.0958023],[-0.0638961,-0.102065,0.992724]],"s":1.00236,"t":[-8.42243,-21.3783,-14.073],"timestamp":669675993611},false],[4,{"currentFrameRate":55.2611,"devices":[],"gestures":[],"hands":[{"armBasis":[[0.801617,-0.590236,-0.0950328],[0.575086,0.804742,-0.147199],[0.163359,0.0633454,0.984531]],"armWidth":62.1429,"confidence":0.703156,"direction":[0.281312,0.422266,-0.861716],"elbow":[35.9806,304.224,335.495],"grabStrength":0,"id":996,"palmNormal":[-0.512044,-0.693407,-0.506949],"palmPosition":[-0.410519,311.201,28.8914],"palmVelocity":[-2.18313,132.123,-186.262],"palmWidth":88.738,"pinchStrength":0.612905,"r":[[0.993922,0.0812603,0.074264],[-0.0884541,0.991113,0.0993535],[-0.0655306,-0.105319,0.992277]],"s":1.00581,"sphereCenter":[-11.2541,272.95,-11.9008],"sphereRadius":51.0941,"stabilizedPalmPosition":[-0.759353,294.66,49.4407],"t":[-8.46503,-18.9849,-17.4555],"timeVisible":14.4977,"type":"right","wrist":[-7.03472,287.544,76.2509]}],"id":4979961,"interactionBox":{"center":[0,200,0],"size":[235.247,235.247,147.751]},"pointables":[{"bases":[[[0.83946,0.467661,0.276768],[-0.533954,0.615183,0.580037],[0.100998,-0.634699,0.766131]],[[0.810714,0.567295,0.144635],[-0.556226,0.669308,0.492585],[0.182636,-0.479795,0.858161]],[[0.810714,0.567295,0.144635],[-0.57585,0.817251,0.0223097],[-0.105547,-0.101375,0.989234]],[[0.810714,0.567295,0.144635],[-0.535419,0.818382,-0.208751],[-0.23679,0.0917973,0.967214]]],"btipPosition":[-35.9078,319.697,-22.3716],"carpPosition":[-35.9309,295.064,74.3753],"dipPosition":[-41.3124,321.793,-0.295563],"direction":[0.105547,0.101375,-0.989234],"extended":false,"handId":996,"id":9960,"length":50.8265,"mcpPosition":[-35.9309,295.064,74.3753],"pipPosition":[-44.822,318.422,32.5982],"stabilizedTipPosition":[-35.4879,295.07,11.7861],"timeVisible":14.4977,"tipPosition":[-36.3776,320.087,-16.8458],"tipVelocity":[-7.39171,171.448,-195.644],"tool":false,"touchDistance":-0.269469,"touchZone":"hovering","type":0,"width":19.7488},{"bases":[[[0.847299,-0.50466,-0.165538],[0.527302,0.762027,0.375855],[-0.0635343,-0.40575,0.911773]],[[0.836893,-0.542238,-0.0747508],[0.543057,0.839628,-0.0106724],[0.0685499,-0.0316623,0.997145]],[[0.836893,-0.542238,-0.0747508],[0.525145,0.833912,-0.169745],[0.154378,0.102804,0.982649]],[[0.836893,-0.542238,-0.0747508],[0.504629,0.817224,-0.278378],[0.212035,0.195251,0.957558]]],"btipPosition":[-22.3329,332.863,-71.4332],"carpPosition":[-16.8471,308.101,74.8836],"dipPosition":[-18.7998,336.117,-55.4777],"direction":[-0.154378,-0.102804,-0.982649],"extended":true,"handId":996,"id":9961,"length":57.352,"mcpPosition":[-12.2886,337.213,9.465],"pipPosition":[-15.1608,338.54,-32.3145],"stabilizedTipPosition":[-24.109,309.165,-43.6315],"timeVisible":14.4977,"tipPosition":[-21.6556,333.687,-67.6624],"tipVelocity":[39.5248,172.411,-192.924],"tool":false,"touchDistance":-0.229834,"touchZone":"hovering","type":1,"width":18.8641},{"bases":[[[0.728535,-0.677302,-0.102465],[0.661434,0.656645,0.362384],[-0.178161,-0.331783,0.926379]],[[0.731534,-0.671407,-0.118618],[0.503511,0.649302,-0.569986],[0.459712,0.357238,0.813047]],[[0.731534,-0.671407,-0.118618],[-0.285846,-0.144069,-0.947384],[0.618991,0.72695,-0.297311]],[[0.731534,-0.671407,-0.118618],[-0.613629,-0.572513,-0.543772],[0.297182,0.470575,-0.830808]]],"btipPosition":[-37.9701,280.602,-4.76268],"carpPosition":[-5.86986,303.604,73.0173],"dipPosition":[-32.5237,289.226,-19.9888],"direction":[-0.618991,-0.72695,0.297311],"extended":false,"handId":996,"id":9962,"length":65.348,"mcpPosition":[6.25241,326.179,9.98526],"pipPosition":[-15.3575,309.387,-28.234],"stabilizedTipPosition":[-36.191,260.235,18.4184],"timeVisible":14.4977,"tipPosition":[-36.7259,282.577,-8.343],"tipVelocity":[-17.5441,156.67,-186.889],"tool":false,"touchDistance":0.333333,"touchZone":"none","type":2,"width":18.527},{"bases":[[[0.642428,-0.766305,0.00795198],[0.705778,0.595666,0.383484],[-0.298602,-0.240749,0.923513]],[[0.651604,-0.758256,-0.0214362],[0.590684,0.524926,-0.612817],[0.475925,0.386652,0.789934]],[[0.651604,-0.758256,-0.0214362],[-0.278607,-0.212944,-0.9365],[0.705543,0.6162,-0.350011]],[[0.651604,-0.758256,-0.0214362],[-0.655524,-0.548652,-0.518912],[0.381707,0.352177,-0.854559]]],"btipPosition":[-24.9736,271.166,5.56257],"carpPosition":[3.53924,296.372,71.3727],"dipPosition":[-18.0183,277.583,-10.0088],"direction":[-0.705543,-0.6162,0.350011],"extended":false,"handId":996,"id":9963,"length":62.8339,"mcpPosition":[21.7807,311.079,14.9556],"pipPosition":[1.0429,294.231,-19.4649],"stabilizedTipPosition":[-22.3208,252.663,26.0226],"timeVisible":14.4977,"tipPosition":[-23.3895,272.654,1.78974],"tipVelocity":[-23.7853,149.678,-195.898],"tool":false,"touchDistance":0.333333,"touchZone":"none","type":3,"width":17.6296},{"bases":[[[0.478045,-0.876835,0.0513125],[0.767935,0.4456,0.460126],[-0.426319,-0.180556,0.88637]],[[0.524181,-0.85004,-0.0516362],[0.671601,0.449905,-0.588674],[0.523628,0.273893,0.806719]],[[0.524181,-0.85004,-0.0516362],[-0.300951,-0.128179,-0.944986],[0.796657,0.510884,-0.323009]],[[0.524181,-0.85004,-0.0516362],[-0.72152,-0.411084,-0.557153],[0.452375,0.329306,-0.828803]]],"btipPosition":[-8.17809,269.072,11.5487],"carpPosition":[8.57087,283.587,69.3983],"dipPosition":[-0.573569,274.608,-2.38362],"direction":[-0.796657,-0.510884,0.323009],"extended":false,"handId":996,"id":9964,"length":49.2606,"mcpPosition":[32.6793,293.798,19.274],"pipPosition":[14.6224,284.353,-8.54493],"stabilizedTipPosition":[-5.25294,254.67,27.387],"timeVisible":14.4977,"tipPosition":[-6.44735,270.328,8.2795],"tipVelocity":[-26.301,137.609,-191.791],"tool":false,"touchDistance":0.333333,"touchZone":"none","type":4,"width":15.66}],"r":[[0.993922,0.0812603,0.074264],[-0.0884541,0.991113,0.0993535],[-0.0655306,-0.105319,0.992277]],"s":1.00581,"t":[-8.46503,-18.9849,-17.4555],"timestamp":669676011639},false],[5,{"currentFrameRate":55.3187,"devices":[],"gestures":[],"hands":[{"armBasis":[[0.800407,-0.591678,-0.0962613],[0.575665,0.803456,-0.151883],[0.167207,0.0661537,0.9837]],"armWidth":62.1429,"confidence":0.71112,"direction":[0.285643,0.42585,-0.858522],"elbow":[36.7618,306.805,331.671],"grabStrength":0,"id":996,"palmNormal":[-0.510737,-0.690377,-0.512375],"palmPosition":[-0.40391,313.251,25.4254],"palmVelocity":[-0.979546,123.88,-189.847],"palmWidth":88.738,"pinchStrength":0.605092,"r":[[0.994201,0.0758453,0.0762398],[-0.083515,0.991165,0.103036],[-0.0677515,-0.108805,0.991752]],"s":1.00955,"sphereCenter":[-10.9578,275.057,-15.6677],"sphereRadius":51.2874,"stabilizedPalmPosition":[-0.754163,294.931,49.09],"t":[-8.48303,-16.7634,-20.8798],"timeVisible":14.5156,"type":"right","wrist":[-7.26679,289.385,72.646]}],"id":4979962,"interactionBox":{"center":[0,200,0],"size":[235.247,235.247,147.751]},"pointables":[{"bases":[[[0.838858,0.465253,0.282589],[-0.535674,0.613224,0.580526],[0.096801,-0.638355,0.763631]],[[0.810737,0.565735,0.150498],[-0.557667,0.668152,0.492525],[0.178083,-0.483236,0.857187]],[[0.810737,0.565735,0.150498],[-0.575961,0.816846,0.0321202],[-0.104762,-0.112722,0.988088]],[[0.810737,0.565735,0.150498],[-0.535887,0.820692,-0.198215],[-0.23565,0.0800501,0.968536]]],"btipPosition":[-35.9519,322.398,-26.0129],"carpPosition":[-36.1445,296.952,70.6787],"dipPosition":[-41.3304,324.225,-3.90664],"direction":[0.104762,0.112722,-0.988088],"extended":false,"handId":996,"id":9960,"length":50.8265,"mcpPosition":[-36.1445,296.952,70.6787],"pipPosition":[-44.814,320.477,28.949],"stabilizedTipPosition":[-35.5546,296.158,10.5035],"timeVisible":14.5156,"tipPosition":[-36.4,322.611,-20.4968],"tipVelocity":[-4.91067,160.219,-199.245],"tool":false,"touchDistance":-0.32537,"touchZone":"hovering","type":0,"width":19.7488},{"bases":[[[0.847347,-0.505031,-0.164155],[0.52666,0.759579,0.381666],[-0.0680642,-0.409857,0.909607]],[[0.836479,-0.543048,-0.0734985],[0.544507,0.838756,-0.000220631],[0.0617671,-0.0398359,0.997295]],[[0.836479,-0.543048,-0.0734985],[0.52823,0.834717,-0.155631],[0.145865,0.0913576,0.985077]],[[0.836479,-0.543048,-0.0734985],[0.509162,0.819766,-0.262178],[0.202627,0.181884,0.962216]]],"btipPosition":[-21.565,335.853,-74.972],"carpPosition":[-17.0459,309.961,71.3306],"dipPosition":[-18.1887,338.884,-58.9388],"direction":[-0.145865,-0.0913576,-0.985077],"extended":true,"handId":996,"id":9961,"length":57.352,"mcpPosition":[-12.1624,339.368,6.06739],"pipPosition":[-14.7503,341.037,-35.7184],"stabilizedTipPosition":[-23.8422,311.365,-45.8533],"timeVisible":14.5156,"tipPosition":[-21.0083,336.466,-71.1637],"tipVelocity":[40.1896,168.615,-194.817],"tool":false,"touchDistance":-0.287997,"touchZone":"hovering","type":1,"width":18.8641},{"bases":[[[0.728079,-0.677802,-0.102398],[0.66071,0.65408,0.368296],[-0.182655,-0.335805,0.924052]],[[0.731109,-0.671935,-0.118253],[0.507292,0.651284,-0.564344],[0.456219,0.352608,0.817026]],[[0.731109,-0.671935,-0.118253],[-0.281459,-0.139157,-0.949429],[0.621499,0.727419,-0.290861]],[[0.731109,-0.671935,-0.118253],[-0.611908,-0.569138,-0.549228],[0.301743,0.473905,-0.827264]]],"btipPosition":[-37.8499,282.873,-8.56093],"carpPosition":[-6.06651,305.458,69.4915],"dipPosition":[-32.3199,291.558,-23.7221],"direction":[-0.621499,-0.727419,0.290861],"extended":false,"handId":996,"id":9962,"length":65.348,"mcpPosition":[6.36159,328.307,6.61788],"pipPosition":[-15.0841,311.732,-31.7884],"stabilizedTipPosition":[-36.2015,260.901,17.5954],"timeVisible":14.5156,"tipPosition":[-36.5887,284.856,-12.1136],"tipVelocity":[-5.59449,143.065,-198.548],"tool":false,"touchDistance":0.333333,"touchZone":"none","type":2,"width":18.527},{"bases":[[[0.641372,-0.767196,0.0072292],[0.70488,0.592944,0.389308],[-0.302962,-0.244596,0.921079]],[[0.650679,-0.759032,-0.022058],[0.593695,0.526626,-0.608433],[0.473437,0.382799,0.793298]],[[0.650679,-0.759032,-0.022058],[-0.275396,-0.208813,-0.938379],[0.707654,0.616658,-0.344904]],[[0.650679,-0.759032,-0.022058],[-0.654225,-0.545614,-0.523732],[0.385494,0.355213,-0.851597]]],"btipPosition":[-24.924,273.35,1.85486],"carpPosition":[3.34011,298.22,67.8548],"dipPosition":[-17.8997,279.823,-13.6626],"direction":[-0.707654,-0.616658,0.344904],"extended":false,"handId":996,"id":9963,"length":62.8339,"mcpPosition":[21.848,313.163,11.5864],"pipPosition":[1.21856,296.483,-22.9806],"stabilizedTipPosition":[-22.3414,253.125,25.4451],"timeVisible":14.5156,"tipPosition":[-23.3194,274.855,-1.91881],"tipVelocity":[-10.8439,137.04,-200.989],"tool":false,"touchDistance":0.333333,"touchZone":"none","type":3,"width":17.6296},{"bases":[[[0.476654,-0.877704,0.0493604],[0.766502,0.442444,0.465529],[-0.430436,-0.184061,0.883655]],[[0.523046,-0.850672,-0.0527162],[0.676105,0.451781,-0.582044],[0.518945,0.268794,0.811446]],[[0.523046,-0.850672,-0.0527162],[-0.295155,-0.122761,-0.94753],[0.799566,0.511162,-0.31529]],[[0.523046,-0.850672,-0.0527162],[-0.718974,-0.407163,-0.56329],[0.457711,0.332528,-0.824576]]],"btipPosition":[-8.13646,271.238,7.76615],"carpPosition":[8.36341,285.438,65.8435],"dipPosition":[-0.442254,276.828,-6.09513],"direction":[-0.799566,-0.511162,0.31529],"extended":false,"handId":996,"id":9964,"length":49.2606,"mcpPosition":[32.7046,295.847,15.8728],"pipPosition":[14.8093,286.578,-12.1092],"stabilizedTipPosition":[-5.27089,254.958,27.0195],"timeVisible":14.5156,"tipPosition":[-6.3909,272.498,4.54943],"tipVelocity":[-12.2591,130.176,-200.688],"tool":false,"touchDistance":0.333333,"touchZone":"none","type":4,"width":15.66}],"r":[[0.994201,0.0758453,0.0762398],[-0.083515,0.991165,0.103036],[-0.0677515,-0.108805,0.991752]],"s":1.00955,"t":[-8.48303,-16.7634,-20.8798],"timestamp":669676029517},false],[6,{"currentFrameRate":55.3844,"devices":[],"gestures":[],"hands":[{"armBasis":[[0.811992,-0.575788,-0.095593],[0.562226,0.815584,-0.136839],[0.156754,0.057367,0.98597]],"armWidth":62.1429,"confidence":0.709892,"direction":[0.278619,0.437414,-0.855009],"elbow":[34.6141,306.15,330.206],"grabStrength":0,"id":996,"palmNormal":[-0.498001,-0.695424,-0.518055],"palmPosition":[-0.191901,315.389,23.5514],"palmVelocity":[5.07679,122.007,-149.974],"palmWidth":88.738,"pinchStrength":0.587735,"r":[[0.994127,0.0749294,0.0780866],[-0.0831159,0.990726,0.107486],[-0.0693086,-0.113345,0.991135]],"s":1.01453,"sphereCenter":[-9.82012,277.157,-17.968],"sphereRadius":51.5782,"stabilizedPalmPosition":[-0.744794,295.272,48.6645],"t":[-8.38602,-14.5838,-23.5289],"timeVisible":14.5334,"type":"right","wrist":[-6.662,291.044,70.5828]}],"id":4979963,"interactionBox":{"center":[0,200,0],"size":[235.247,235.247,147.751]},"pointables":[{"bases":[[[0.830241,0.477939,0.286835],[-0.546918,0.599137,0.584735],[0.107615,-0.642346,0.758822]],[[0.800567,0.578596,0.155944],[-0.569585,0.65387,0.498023],[0.186187,-0.487524,0.853027]],[[0.800567,0.578596,0.155944],[-0.591729,0.804374,0.0532913],[-0.0946029,-0.13494,0.986327]],[[0.800567,0.578596,0.155944],[-0.553694,0.813747,-0.176744],[-0.229162,0.0551503,0.971825]]],"btipPosition":[-36.3563,325.073,-27.8565],"carpPosition":[-35.6685,298.111,68.649],"dipPosition":[-41.5868,326.332,-5.67526],"direction":[0.0946029,0.13494,-0.986327],"extended":false,"handId":996,"id":9960,"length":50.8265,"mcpPosition":[-35.6685,298.111,68.649],"pipPosition":[-44.7325,321.845,27.1218],"stabilizedTipPosition":[-35.6462,297.493,8.98301],"timeVisible":14.5334,"tipPosition":[-36.713,324.938,-22.3675],"tipVelocity":[-12.3751,151.968,-153.694],"tool":false,"touchDistance":-0.348563,"touchZone":"hovering","type":0,"width":19.7488},{"bases":[[[0.856321,-0.488598,-0.16729],[0.512781,0.765896,0.387891],[-0.0613964,-0.417942,0.906397]],[[0.845977,-0.527723,-0.076362],[0.530084,0.847841,0.0132666],[0.0577417,-0.0517015,0.996992]],[[0.845977,-0.527723,-0.076362],[0.515219,0.845888,-0.137923],[0.137379,0.0773363,0.987495]],[[0.845977,-0.527723,-0.076362],[0.497697,0.832876,-0.242106],[0.191365,0.166811,0.96724]]],"btipPosition":[-21.2462,339.003,-76.7841],"carpPosition":[-16.805,311.453,69.4161],"dipPosition":[-18.0575,341.783,-60.6672],"direction":[-0.137379,-0.0773363,-0.987495],"extended":true,"handId":996,"id":9961,"length":57.352,"mcpPosition":[-12.3999,341.439,4.38325],"pipPosition":[-14.8192,343.606,-37.3898],"stabilizedTipPosition":[-23.5357,313.968,-48.3594],"timeVisible":14.5334,"tipPosition":[-20.8486,339.355,-72.9334],"tipVelocity":[28.5536,170.89,-150.465],"tool":false,"touchDistance":-0.314424,"touchZone":"hovering","type":1,"width":18.8641},{"bases":[[[0.740106,-0.663931,-0.106952],[0.648698,0.662904,0.37383],[-0.177298,-0.346053,0.92131]],[[0.743002,-0.657976,-0.122538],[0.496314,0.664495,-0.558676],[0.449022,0.35428,0.820284]],[[0.743002,-0.657976,-0.122538],[-0.277946,-0.136789,-0.950807],[0.608847,0.740511,-0.284516]],[[0.743002,-0.657976,-0.122538],[-0.601205,-0.575682,-0.554205],[0.294111,0.485446,-0.823311]]],"btipPosition":[-37.0647,284.619,-10.7154],"carpPosition":[-5.7459,307.16,67.552],"dipPosition":[-31.6746,293.516,-25.8041],"direction":[-0.608847,-0.740511,0.284516],"extended":false,"handId":996,"id":9962,"length":65.348,"mcpPosition":[6.31768,330.706,4.86493],"pipPosition":[-14.7897,314.052,-33.6945],"stabilizedTipPosition":[-36.1915,261.586,16.75],"timeVisible":14.5334,"tipPosition":[-35.8365,286.648,-14.243],"tipVelocity":[16.911,123.108,-161.543],"tool":false,"touchDistance":0.333333,"touchZone":"none","type":2,"width":18.527},{"bases":[[[0.654926,-0.75569,0.00191713],[0.693935,0.602406,0.394412],[-0.299208,-0.256981,0.918932]],[[0.66407,-0.747177,-0.0271733],[0.584499,0.541464,-0.6043],[0.466232,0.385414,0.796294]],[[0.66407,-0.747177,-0.0271733],[-0.271308,-0.206946,-0.939982],[0.696709,0.631586,-0.340141]],[[0.66407,-0.747177,-0.0271733],[-0.644196,-0.553339,-0.528041],[0.379504,0.368161,-0.848784]]],"btipPosition":[-23.9854,275.237,-0.311166],"carpPosition":[3.78926,300.103,65.868],"dipPosition":[-17.0702,281.945,-15.7773],"direction":[-0.696709,-0.631586,0.340141],"extended":false,"handId":996,"id":9963,"length":62.8339,"mcpPosition":[22.0678,315.802,9.73081],"pipPosition":[1.75231,299.008,-24.9667],"stabilizedTipPosition":[-22.3425,253.633,24.8156],"timeVisible":14.5334,"tipPosition":[-22.4036,276.798,-4.07983],"tipVelocity":[18.3676,123.775,-163.269],"tool":false,"touchDistance":0.333333,"touchZone":"none","type":3,"width":17.6296},{"bases":[[[0.492173,-0.869431,0.0430658],[0.758174,0.452449,0.469534],[-0.427713,-0.198441,0.881863]],[[0.538098,-0.84084,-0.0586417],[0.668353,0.468035,-0.578142],[0.513571,0.271903,0.813826]],[[0.538098,-0.84084,-0.0586417],[-0.292313,-0.120906,-0.948649],[0.790572,0.527608,-0.310848]],[[0.538098,-0.84084,-0.0586417],[-0.711242,-0.415624,-0.566914],[0.452311,0.346764,-0.821687]]],"btipPosition":[-7.16538,273.381,5.57217],"carpPosition":[9.04079,287.429,63.7636],"dipPosition":[0.438046,279.21,-8.24056],"direction":[-0.790572,-0.527608,0.310848],"extended":false,"handId":996,"id":9964,"length":49.2606,"mcpPosition":[33.228,298.651,13.8942],"pipPosition":[15.518,289.274,-14.1699],"stabilizedTipPosition":[-5.27349,255.31,26.5801],"timeVisible":14.5334,"tipPosition":[-5.4389,274.696,2.36423],"tipVelocity":[18.5875,