{"sensorType":"Leap","data":[[0,{"currentFrameRate":51.9779,"devices":[],"gestures":[{"center":[-35.9691,286.481,-34.8831],"duration":38506,"handIds":[985],"id":7,"normal":[-0.935043,-0.181932,0.304296],"pointableIds":[9851],"progress":0.779724,"radius":32.2393,"state":"update","type":"circle"}],"hands":[{"armBasis":[[0.850697,-0.475554,-0.223971],[0.435621,0.876254,-0.205942],[0.294193,0.0776279,0.952588]],"armWidth":62.1429,"confidence":0.619774,"direction":[0.157942,0.354331,-0.921685],"elbow":[72.5693,326.222,340.492],"grabStrength":0,"id":985,"palmNormal":[-0.420467,-0.820419,-0.387453],"palmPosition":[-4.99251,324.321,39.6317],"palmVelocity":[-24.1183,131.223,-230.779],"palmWidth":88.738,"pinchStrength":0.632335,"r":[[0.965357,0.168595,0.199152],[-0.148738,0.98264,-0.110885],[-0.214389,0.0774222,0.973675]],"s":1.14124,"sphereCenter":[-23.6897,286.181,4.76143],"sphereRadius":49.1695,"stabilizedPalmPosition":[3.25078,296.664,73.3207],"t":[-19.4312,23.2781,-70.822],"timeVisible":24.7263,"type":"right","wrist":[-4.89681,305.781,89.659]}],"id":4970172,"interactionBox":{"center":[0,200,0],"size":[235.247,235.247,147.751]},"pointables":[{"bases":[[[0.76642,0.622378,0.158889],[-0.592648,0.589758,0.548593],[0.247726,-0.514618,0.820853]],[[0.641443,0.757506,-0.121392],[-0.686165,0.637255,0.350833],[0.343115,-0.141744,0.928537]],[[0.641443,0.757506,-0.121392],[-0.753135,0.651904,0.0883707],[0.146077,0.0347397,0.988663]],[[0.641443,0.757506,-0.121392],[-0.767059,0.630578,-0.118285],[-0.0130545,0.168988,0.985532]]],"btipPosition":[-55.9558,310.321,-11.3786],"carpPosition":[-34.6928,308.433,89.1935],"dipPosition":[-56.2537,314.178,11.1156],"direction":[-0.146077,-0.0347397,-0.988663],"extended":false,"handId":985,"id":9850,"length":50.8265,"mcpPosition":[-34.6928,308.433,89.1935],"pipPosition":[-51.3964,315.334,43.9903],"stabilizedTipPosition":[-49.6039,293.345,14.4941],"timeVisible":24.7263,"tipPosition":[-56.1669,311.739,-6.02172],"tipVelocity":[-37.9245,134.936,-218.024],"tool":false,"touchDistance":-0.421421,"touchZone":"hovering","type":0,"width":19.7488},{"bases":[[[0.90729,-0.38287,-0.173883],[0.416658,0.874334,0.248868],[0.0567481,-0.298245,0.952801]],[[0.892413,-0.341245,-0.295214],[0.319794,0.939892,-0.119728],[0.318326,0.0124394,0.9479]],[[0.892413,-0.341245,-0.295214],[0.274314,0.929772,-0.245513],[0.358262,0.138117,0.923348]],[[0.892413,-0.341245,-0.295214],[0.239515,0.912726,-0.331004],[0.382403,0.224684,0.896262]]],"btipPosition":[-50.225,338.124,-57.9669],"carpPosition":[-17.9989,324.246,86.811],"dipPosition":[-43.8531,341.868,-43.0328],"direction":[-0.358262,-0.138117,-0.923348],"extended":true,"handId":985,"id":9851,"length":57.352,"mcpPosition":[-22.0705,345.645,18.4487],"pipPosition":[-35.4081,345.124,-21.2674],"stabilizedTipPosition":[-46.8788,332.412,-47.8489],"timeVisible":24.7263,"tipPosition":[-49.0819,337.658,-54.1269],"tipVelocity":[-55.6448,203.398,-217.492],"tool":false,"touchDistance":-0.440021,"touchZone":"hovering","type":1,"width":18.8641},{"bases":[[[0.822203,-0.563049,-0.0834186],[0.565193,0.790258,0.236746],[-0.0673773,-0.241801,0.967984]],[[0.818717,-0.572558,-0.0433585],[0.388671,0.608185,-0.692131],[0.422655,0.549808,0.720468]],[[0.818717,-0.572558,-0.0433585],[0.121847,0.247031,-0.961316],[0.56112,0.781763,0.272013]],[[0.818717,-0.572558,-0.0433585],[-0.0410643,0.016934,-0.999013],[0.572727,0.81969,-0.00964746]]],"btipPosition":[-47.9029,275.225,-22.4859],"carpPosition":[-6.56175,321.321,84.6112],"dipPosition":[-37.4066,290.248,-22.6627],"direction":[-0.56112,-0.781763,-0.272013],"extended":false,"handId":985,"id":9852,"length":65.348,"mcpPosition":[-1.97731,337.773,18.7483],"pipPosition":[-21.8452,311.928,-15.119],"stabilizedTipPosition":[-36.8824,258.153,2.33681],"timeVisible":24.7263,"tipPosition":[-45.5303,278.506,-21.931],"tipVelocity":[-39.1907,148.221,-234.242],"tool":false,"touchDistance":-0.538281,"touchZone":"hovering","type":2,"width":18.527},{"bases":[[[0.758364,-0.650455,0.0423295],[0.620056,0.739901,0.260918],[-0.201035,-0.171624,0.964433]],[[0.773444,-0.632257,-0.0451153],[0.428327,0.573787,-0.698072],[0.467247,0.520596,0.714605]],[[0.773444,-0.632257,-0.0451153],[0.134435,0.233178,-0.963097],[0.619444,0.738837,0.265347]],[[0.773444,-0.632257,-0.0451153],[-0.0419983,0.0199021,-0.998919],[0.632471,0.774503,-0.0111605]]],"btipPosition":[-32.5474,269.222,-13.9702],"carpPosition":[3.79093,315.495,83.05],"dipPosition":[-21.0228,283.335,-14.1736],"direction":[-0.619444,-0.738837,-0.265347],"extended":false,"handId":985,"id":9853,"length":62.8339,"mcpPosition":[16.0721,325.98,24.1332],"pipPosition":[-4.28765,303.295,-7.00488],"stabilizedTipPosition":[-18.6705,245.81,19.2977],"timeVisible":24.7263,"tipPosition":[-30.0835,272.172,-13.082],"tipVelocity":[-32.112,150.085,-248.073],"tool":false,"touchDistance":-0.577644,"touchZone":"hovering","type":3,"width":17.6296},{"bases":[[[0.617054,-0.779199,0.109971],[0.710247,0.611635,0.348499],[-0.338812,-0.136936,0.930836]],[[0.648815,-0.760835,0.0130124],[0.576951,0.48071,-0.660338],[0.496153,0.435944,0.750856]],[[0.648815,-0.760835,0.0130124],[0.245353,0.19298,-0.950032],[0.720307,0.619587,0.311881]],[[0.648815,-0.760835,0.0130124],[0.0392745,0.0164047,-0.999094],[0.759932,0.648738,0.040525]]],"btipPosition":[-13.7434,273.493,-3.05791],"carpPosition":[10.7204,303.506,82.1038],"dipPosition":[-0.96882,284.398,-2.37667],"direction":[-0.720307,-0.619587,-0.311881],"extended":false,"handId":985,"id":9854,"length":49.2606,"mcpPosition":[29.8802,311.25,29.465],"pipPosition":[12.7708,296.217,3.57238],"stabilizedTipPosition":[1.84518,245.489,37.0816],"timeVisible":24.7263,"tipPosition":[-11.1008,275.772,-2.03338],"tipVelocity":[-29.3841,148.526,-251.196],"tool":false,"touchDistance":-0.587508,"touchZone":"hovering","type":4,"width":15.66}],"r":[[0.965357,0.168595,0.199152],[-0.148738,0.98264,-0.110885],[-0.214389,0.0774222,0.973675]],"s":1.14124,"t":[-19.4312,23.2781,-70.822],"timestamp":669491078527},false],[1,{"currentFrameRate":51.9524,"devices":[],"gestures":[{"center":[-35.9691,286.481,-34.8831],"duration":38506,"handIds":[985],"id":7,"normal":[-0.935043,-0.181932,0.304296],"pointableIds":[9851],"progress":0.779724,"radius":32.2393,"state":"update","type":"circle"}],"hands":[{"armBasis":[[0.864126,-0.45625,-0.212419],[0.426324,0.887908,-0.172822],[0.267459,0.0587809,0.961775]],"armWidth":62.1429,"confidence":0.626624,"direction":[0.1458,0.372952,-0.916324],"elbow":[65.8416,322.928,336.779],"grabStrength":0,"id":985,"palmNormal":[-0.414705,-0.817878,-0.398869],"palmPosition":[-5.33118,326.902,33.8531],"palmVelocity":[-20.8246,132.338,-264.658],"palmWidth":88.738,"pinchStrength":0.633285,"r":[[0.966811,0.167706,0.192744],[-0.151107,0.983656,-0.0979199],[-0.206016,0.065545,0.976351]],"s":1.14544,"sphereCenter":[-24.3991,289.744,-1.51666],"sphereRadius":49.0135,"stabilizedPalmPosition":[3.09978,297.196,72.6263],"t":[-19.8317,25.8271,-75.9261],"timeVisible":24.7457,"type":"right","wrist":[-4.58506,307.45,83.5271]}],"id":4970173,"interactionBox":{"center":[0,200,0],"size":[235.247,235.247,147.751]},"pointables":[{"bases":[[[0.760807,0.627993,0.163702],[-0.594304,0.572844,0.564493],[0.260721,-0.526759,0.809042]],[[0.63168,0.766917,-0.113224],[-0.690459,0.622981,0.367643],[0.352488,-0.154056,0.923049]],[[0.63168,0.766917,-0.113224],[-0.759578,0.64149,0.107392],[0.154992,0.0181649,0.987749]],[[0.63168,0.766917,-0.113224],[-0.775205,0.623735,-0.100057],[-0.00611367,0.150975,0.988519]]],"btipPosition":[-56.5859,313.222,-16.974],"carpPosition":[-34.4118,309.773,83.3687],"dipPosition":[-56.7254,316.668,5.5883],"direction":[-0.154992,-0.0181649,-0.987749],"extended":false,"handId":985,"id":9850,"length":50.8265,"mcpPosition":[-34.4118,309.773,83.3687],"pipPosition":[-51.5716,317.272,38.4327],"stabilizedTipPosition":[-50.0844,294.761,12.6937],"timeVisible":24.7457,"tipPosition":[-56.7596,314.541,-11.5922],"tipVelocity":[-34.3202,139.999,-253.137],"tool":false,"touchDistance":-0.491309,"touchZone":"hovering","type":0,"width":19.7488},{"bases":[[[0.909928,-0.36932,-0.188768],[0.409067,0.87428,0.26134],[0.0685181,-0.315019,0.946609]],[[0.89342,-0.325467,-0.309633],[0.310809,0.945505,-0.0970409],[0.324343,-0.00953856,0.945891]],[[0.89342,-0.325467,-0.309633],[0.26545,0.938546,-0.220607],[0.362405,0.114903,0.924911]],[[0.89342,-0.325467,-0.309633],[0.230814,0.923907,-0.305158],[0.385391,0.201167,0.900559]]],"btipPosition":[-51.3872,342.756,-63.2241],"carpPosition":[-17.9171,325.815,81.1338],"dipPosition":[-44.9655,346.108,-48.2183],"direction":[-0.362405,-0.114903,-0.924911],"extended":true,"handId":985,"id":9851,"length":57.352,"mcpPosition":[-22.8332,348.417,13.2158],"pipPosition":[-36.4229,348.816,-26.4162],"stabilizedTipPosition":[-47.8135,335.839,-51.5257],"timeVisible":24.7457,"tipPosition":[-50.2355,342.108,-59.3853],"tipVelocity":[-57.5647,219.052,-244.133],"tool":false,"touchDistance":-0.502963,"touchZone":"hovering","type":1,"width":18.8641},{"bases":[[[0.827662,-0.55208,-0.10091],[0.558417,0.792128,0.246383],[-0.0560899,-0.260272,0.963905]],[[0.824645,-0.562345,-0.0610689],[0.375423,0.624874,-0.684536],[0.423106,0.541573,0.726416]],[[0.824645,-0.562345,-0.0610689],[0.110421,0.265924,-0.957649],[0.554769,0.782977,0.281388]],[[0.824645,-0.562345,-0.0610689],[-0.0500692,0.0349708,-0.998133],[0.563431,0.826163,0.000682332]]],"btipPosition":[-48.2518,278.456,-28.7669],"carpPosition":[-6.46797,323.06,78.7814],"dipPosition":[-37.9259,293.597,-28.7544],"direction":[-0.554769,-0.782977,-0.281388],"extended":false,"handId":985,"id":9852,"length":65.348,"mcpPosition":[-2.65155,340.769,13.1961],"pipPosition":[-22.5407,315.311,-20.9508],"stabilizedTipPosition":[-37.517,259.831,0.142354],"timeVisible":24.7457,"tipPosition":[-45.9057,281.764,-28.1935],"tipVelocity":[-29.6602,158.293,-278.22],"tool":false,"touchDistance":-0.606349,"touchZone":"hovering","type":2,"width":18.527},{"bases":[[[0.76592,-0.642497,0.0237524],[0.61405,0.741959,0.269145],[-0.190548,-0.191559,0.962807]],[[0.780017,-0.622534,-0.0634411],[0.415517,0.591085,-0.691349],[0.467887,0.512903,0.719731]],[[0.780017,-0.622534,-0.0634411],[0.123116,0.252077,-0.959844],[0.613527,0.740884,0.273268]],[[0.780017,-0.622534,-0.0634411],[-0.0511711,0.0375862,-0.997982],[0.623662,0.78169,-0.00253784]]],"btipPosition":[-32.7517,272.475,-20.4919],"carpPosition":[3.93481,317.381,77.0235],"dipPosition":[-21.3875,286.719,-20.5381],"direction":[-0.613527,-0.740884,-0.273268],"extended":false,"handId":985,"id":9853,"length":62.8339,"mcpPosition":[15.5754,329.084,18.206],"pipPosition":[-4.81226,306.735,-13.1554],"stabilizedTipPosition":[-19.2038,247.203,17.4466],"timeVisible":24.7457,"tipPosition":[-30.3059,275.448,-19.602],"tipVelocity":[-22.3224,159.877,-291.548],"tool":false,"touchDistance":-0.645496,"touchZone":"hovering","type":3,"width":17.6296},{"bases":[[[0.626661,-0.774051,0.0902278],[0.70644,0.613137,0.353561],[-0.328996,-0.157822,0.93105]],[[0.657507,-0.753414,-0.00719336],[0.56362,0.498164,-0.658913],[0.500018,0.429185,0.752185]],[[0.657507,-0.753414,-0.00719336],[0.23265,0.212097,-0.949152],[0.71663,0.6224,0.314737]],[[0.657507,-0.753414,-0.00719336],[0.0288133,0.0346834,-0.998983],[0.752897,0.656631,0.044513]]],"btipPosition":[-13.9748,276.705,-9.54489],"carpPosition":[10.9889,305.491,75.7962],"dipPosition":[-1.31846,287.743,-8.79662],"direction":[-0.71663,-0.6224,-0.314737],"extended":false,"handId":985,"id":9854,"length":49.2606,"mcpPosition":[29.5937,314.416,23.1453],"pipPosition":[12.3511,299.616,-2.7931],"stabilizedTipPosition":[1.44374,246.538,35.6369],"timeVisible":24.7457,"tipPosition":[-11.2996,279.035,-8.60956],"tipVelocity":[-21.4027,158.065,-292.755],"tool":false,"touchDistance":-0.654164,"touchZone":"hovering","type":4,"width":15.66}],"r":[[0.966811,0.167706,0.192744],[-0.151107,0.983656,-0.0979199],[-0.206016,0.065545,0.976351]],"s":1.14544,"t":[-19.8317,25.8271,-75.9261],"timestamp":669491097869},false],[2,{"currentFrameRate":51.9711,"devices":[],"gestures":[{"center":[-35.9691,286.481,-34.8831],"duration":38506,"handIds":[985],"id":7,"normal":[-0.935043,-0.181932,0.304296],"pointableIds":[9851],"progress":0.779724,"radius":32.2393,"state":"update","type":"circle"}],"hands":[{"armBasis":[[0.853486,-0.463977,-0.237248],[0.432691,0.884679,-0.173553],[0.290413,0.0454698,0.955821]],"armWidth":62.1429,"confidence":0.629431,"direction":[0.148555,0.3726,-0.916024],"elbow":[71.8284,320.985,332.023],"grabStrength":0,"id":985,"palmNormal":[-0.420708,-0.814484,-0.399525],"palmPosition":[-5.24458,328.509,30.6802],"palmVelocity":[-8.27244,108.31,-215.537],"palmWidth":88.738,"pinchStrength":0.634254,"r":[[0.968179,0.165604,0.187632],[-0.151479,0.984592,-0.0873673],[-0.199209,0.0561647,0.978346]],"s":1.15016,"sphereCenter":[-25.165,292.2,-4.65975],"sphereRadius":48.8056,"stabilizedPalmPosition":[2.98755,297.618,72.0621],"t":[-19.9886,27.9052,-80.0645],"timeVisible":24.7649,"type":"right","wrist":[-4.64242,309.012,80.3386]}],"id":4970174,"interactionBox":{"center":[0,200,0],"size":[235.247,235.247,147.751]},"pointables":[{"bases":[[[0.765406,0.622245,0.164211],[-0.59008,0.576752,0.564944],[0.256825,-0.529309,0.808624]],[[0.637194,0.762405,-0.112795],[-0.686118,0.627814,0.367549],[0.351035,-0.156809,0.923139]],[[0.637194,0.762405,-0.112795],[-0.754818,0.646902,0.108476],[0.15567,0.0160192,0.987679]],[[0.637194,0.762405,-0.112795],[-0.770679,0.629151,-0.101106],[-0.00611888,0.151353,0.988461]]],"btipPosition":[-56.577,315.201,-20.1617],"carpPosition":[-34.4512,311.555,80.1818],"dipPosition":[-56.7167,318.656,2.39934],"direction":[-0.15567,-0.0160192,-0.987679],"extended":false,"handId":985,"id":9850,"length":50.8265,"mcpPosition":[-34.4512,311.555,80.1818],"pipPosition":[-51.5404,319.189,35.2414],"stabilizedTipPosition":[-50.411,295.824,11.3092],"timeVisible":24.7649,"tipPosition":[-56.7484,316.523,-14.7834],"tipVelocity":[-17.0925,121.831,-210.11],"tool":false,"touchDistance":-0.518331,"touchZone":"hovering","type":0,"width":19.7488},{"bases":[[[0.907188,-0.375856,-0.189054],[0.415487,0.871037,0.262041],[0.0661832,-0.31627,0.946358]],[[0.890869,-0.331519,-0.310559],[0.320461,0.943204,-0.0875864],[0.321957,-0.021494,0.94651]],[[0.890869,-0.331519,-0.310559],[0.276072,0.938046,-0.209415],[0.360744,0.100825,0.927199]],[[0.890869,-0.331519,-0.310559],[0.241978,0.92492,-0.293205],[0.384445,0.186059,0.904204]]],"btipPosition":[-50.9866,345.592,-66.5206],"carpPosition":[-17.8389,327.477,77.9599],"dipPosition":[-44.5807,348.693,-51.4541],"direction":[-0.360744,-0.100825,-0.927199],"extended":true,"handId":985,"id":9851,"length":57.352,"mcpPosition":[-22.5874,350.169,10.0599],"pipPosition":[-36.0771,351.069,-29.598],"stabilizedTipPosition":[-48.2489,338.521,-54.4793],"timeVisible":24.7649,"tipPosition":[-49.8669,344.807,-62.6679],"tipVelocity":[-18.7945,182.332,-208.01],"tool":false,"touchDistance":-0.530238,"touchZone":"hovering","type":1,"width":18.8641},{"bases":[[[0.823578,-0.558077,-0.101343],[0.564228,0.787799,0.247021],[-0.0580187,-0.260621,0.963696]],[[0.82049,-0.568336,-0.0615702],[0.379761,0.622393,-0.684404],[0.427292,0.538164,0.726499]],[[0.82049,-0.568336,-0.0615702],[0.112268,0.265804,-0.957468],[0.560529,0.77868,0.281895]],[[0.82049,-0.568336,-0.0615702],[-0.0497598,0.0362918,-0.998102],[0.569491,0.821996,0.00149679]]],"btipPosition":[-48.5305,280.415,-31.9617],"carpPosition":[-6.41032,324.64,75.6054],"dipPosition":[-38.0935,295.48,-31.9342],"direction":[-0.560529,-0.77868,-0.281895],"extended":false,"handId":985,"id":9852,"length":65.348,"mcpPosition":[-2.46265,342.372,10.0343],"pipPosition":[-22.5486,317.075,-24.1165],"stabilizedTipPosition":[-37.9717,261.101,-1.55227],"timeVisible":24.7649,"tipPosition":[-46.1551,283.715,-31.4051],"tipVelocity":[-21.5084,130.051,-222.855],"tool":false,"touchDistance":-0.621916,"touchZone":"hovering","type":2,"width":18.527},{"bases":[[[0.76117,-0.648135,0.0232466],[0.61949,0.737204,0.269743],[-0.191968,-0.19092,0.962652]],[[0.775182,-0.628677,-0.0621126],[0.41725,0.583335,-0.696866],[0.474336,0.514282,0.714507]],[[0.775182,-0.628677,-0.0621126],[0.121607,0.244978,-0.961872],[0.619923,0.738072,0.266354]],[[0.775182,-0.628677,-0.0621126],[-0.0535546,0.0325697,-0.998034],[0.629464,0.776984,-0.00842107]]],"btipPosition":[-33.2088,274.042,-23.1413],"carpPosition":[3.95042,318.886,73.843],"dipPosition":[-21.739,288.2,-23.2947],"direction":[-0.619923,-0.738072,-0.266354],"extended":false,"handId":985,"id":9853,"length":62.8339,"mcpPosition":[15.6777,330.549,15.035],"pipPosition":[-4.99095,308.14,-16.0988],"stabilizedTipPosition":[-19.6066,248.269,16.0071],"timeVisible":24.7649,"tipPosition":[-30.6682,277.142,-22.569],"tipVelocity":[-22.4487,120.669,-216.218],"tool":false,"touchDistance":-0.64939,"touchZone":"hovering","type":3,"width":17.6296},{"bases":[[[0.620945,-0.778715,0.0896157],[0.710929,0.607638,0.354057],[-0.330163,-0.156139,0.93092]],[[0.651986,-0.758189,-0.00793925],[0.566897,0.494389,-0.658944],[0.50353,0.425122,0.75215]],[[0.651986,-0.758189,-0.00793925],[0.234024,0.211181,-0.949018],[0.721212,0.616889,0.315122]],[[0.651986,-0.758189,-0.00793925],[0.0291251,0.0355057,-0.998945],[0.757671,0.651067,0.0452315]]],"btipPosition":[-14.2697,278.403,-12.7457],"carpPosition":[10.9169,306.945,72.6064],"dipPosition":[-1.53307,289.348,-11.9853],"direction":[-0.721212,-0.616889,-0.315122],"extended":false,"handId":985,"id":9854,"length":49.2606,"mcpPosition":[29.5876,315.775,19.9627],"pipPosition":[12.2239,301.115,-5.97444],"stabilizedTipPosition":[1.13557,247.367,34.4748],"timeVisible":24.7649,"tipPosition":[-11.5668,280.721,-11.8304],"tipVelocity":[-17.942,123.078,-230.364],"tool":false,"touchDistance":-0.665051,"touchZone":"hovering","type":4,"width":15.66}],"r":[[0.968179,0.165604,0.187632],[-0.151479,0.984592,-0.0873673],[-0.199209,0.0561647,0.978346]],"s":1.15016,"t":[-19.9886,27.9052,-80.0645],"timestamp":669491117042},false],[3,{"currentFrameRate":51.8766,"devices":[],"gestures":[{"center":[-35.9691,286.481,-34.8831],"duration":38506,"handIds":[985],"id":7,"normal":[-0.935043,-0.181932,0.304296],"pointableIds":[9851],"progress":0.779724,"radius":32.2393,"state":"update","type":"circle"}],"hands":[{"armBasis":[[0.859514,-0.457884,-0.227107],[0.438839,0.888913,-0.13135],[0.262021,0.0132335,0.964971]],"armWidth":62.1429,"confidence":0.630203,"direction":[0.135012,0.376593,-0.916487],"elbow":[65.8395,313.893,330.704],"grabStrength":0,"id":985,"palmNormal":[-0.430748,-0.810673,-0.396568],"palmPosition":[-4.49338,330.158,27.0657],"palmVelocity":[15.1615,96.0822,-199.76],"palmWidth":88.738,"pinchStrength":0.633672,"r":[[0.969986,0.162955,0.180478],[-0.151149,0.985474,-0.0774327],[-0.190474,0.0478295,0.980526]],"s":1.15489,"sphereCenter":[-25.6986,294.724,-8.06209],"sphereRadius":48.6532,"stabilizedPalmPosition":[2.90897,297.959,71.5895],"t":[-19.6915,29.7686,-83.941],"timeVisible":24.7845,"type":"right","wrist":[-3.15526,310.408,76.6097]}],"id":4970175,"interactionBox":{"center":[0,200,0],"size":[235.247,235.247,147.751]},"pointables":[{"bases":[[[0.770683,0.618172,0.154632],[-0.578185,0.576375,0.577489],[0.267861,-0.534467,0.80162]],[[0.638475,0.760295,-0.119584],[-0.677343,0.62886,0.381761],[0.365453,-0.162746,0.916492]],[[0.638475,0.760295,-0.119584],[-0.750087,0.649498,0.124588],[0.172393,0.0101524,0.984976]],[[0.638475,0.760295,-0.119584],[-0.769573,0.632748,-0.0859455],[0.0103229,0.146903,0.989097]]],"btipPosition":[-56.7104,317.309,-22.9862],"carpPosition":[-32.9514,313.077,76.9583],"dipPosition":[-56.4748,320.662,-0.41064],"direction":[-0.172393,-0.0101524,-0.984976],"extended":false,"handId":985,"id":9850,"length":50.8265,"mcpPosition":[-32.9514,313.077,76.9583],"pipPosition":[-50.7424,321,32.3415],"stabilizedTipPosition":[-50.6704,296.749,10.1],"timeVisible":24.7845,"tipPosition":[-56.7885,318.604,-17.6025],"tipVelocity":[-9.69674,113.976,-176.716],"tool":false,"touchDistance":-0.537148,"touchZone":"hovering","type":0,"width":19.7488},{"bases":[[[0.902317,-0.378721,-0.205897],[0.423501,0.867941,0.259473],[0.0804384,-0.321325,0.943547]],[[0.883982,-0.333323,-0.327828],[0.325805,0.9421,-0.079365],[0.335301,-0.0366507,0.941398]],[[0.883982,-0.333323,-0.327828],[0.279962,0.938987,-0.199813],[0.374428,0.0848515,0.923365]],[[0.883982,-0.333323,-0.327828],[0.244714,0.927364,-0.28304],[0.39836,0.169978,0.901342]]],"btipPosition":[-51.5937,348.697,-69.3851],"carpPosition":[-16.3096,328.94,74.5415],"dipPosition":[-44.9559,351.53,-54.3663],"direction":[-0.374428,-0.0848515,-0.923365],"extended":true,"handId":985,"id":9851,"length":57.352,"mcpPosition":[-22.081,351.994,6.84318],"pipPosition":[-36.1298,353.53,-32.6005],"stabilizedTipPosition":[-48.6719,341.039,-57.1432],"timeVisible":24.7845,"tipPosition":[-50.4283,347.788,-65.5537],"tipVelocity":[-23.5389,168.624,-177.065],"tool":false,"touchDistance":-0.548679,"touchZone":"hovering","type":1,"width":18.8641},{"bases":[[[0.819383,-0.561028,-0.117724],[0.571615,0.784153,0.241581],[-0.0432197,-0.26524,0.963213]],[[0.8168,-0.571814,-0.0766012],[0.37124,0.622579,-0.688895],[0.44161,0.534252,0.720802]],[[0.8168,-0.571814,-0.0766012],[0.0984907,0.269034,-0.958082],[0.568452,0.775016,0.276065]],[[0.8168,-0.571814,-0.0766012],[-0.0646312,0.041246,-0.997056],[0.57329,0.819346,-0.00326725]]],"btipPosition":[-49.0233,282.49,-35.0332],"carpPosition":[-4.93381,326.066,71.9843],"dipPosition":[-38.5167,297.506,-35.0931],"direction":[-0.568452,-0.775016,-0.276065],"extended":false,"handId":985,"id":9852,"length":65.348,"mcpPosition":[-1.99309,344.113,6.44602],"pipPosition":[-22.752,319,-27.4371],"stabilizedTipPosition":[-38.3482,262.184,-3.01255],"timeVisible":24.7845,"tipPosition":[-46.6203,285.814,-34.5439],"tipVelocity":[-22.913,117.531,-189.983],"tool":false,"touchDistance":-0.634432,"touchZone":"hovering","type":2,"width":18.527},{"bases":[[[0.758654,-0.651451,0.00742958],[0.627026,0.733211,0.263134],[-0.176867,-0.19497,0.964731]],[[0.771326,-0.63165,-0.0779399],[0.408296,0.585045,-0.700726],[0.488212,0.508666,0.70916]],[[0.771326,-0.63165,-0.0779399],[0.106924,0.249332,-0.962497],[0.627394,0.734065,0.259855]],[[0.771326,-0.63165,-0.0779399],[-0.0697085,0.0378789,-0.996848],[0.632611,0.774328,-0.0148144]]],"btipPosition":[-33.5741,276.083,-26.5641],"carpPosition":[5.37157,320.278,70.0222],"dipPosition":[-22.0469,290.193,-26.834],"direction":[-0.627394,-0.734065,-0.259855],"extended":false,"handId":985,"id":9853,"length":62.8339,"mcpPosition":[16.1763,332.189,11.0871],"pipPosition":[-5.09696,310.024,-19.8137],"stabilizedTipPosition":[-19.9349,249.17,14.7704],"timeVisible":24.7845,"tipPosition":[-31.0111,279.17,-26.0202],"tipVelocity":[-20.1787,111.992,-195.87],"tool":false,"touchDistance":-0.664528,"touchZone":"hovering","type":3,"width":17.6296},{"bases":[[[0.618984,-0.781771,0.0754565],[0.719286,0.602836,0.345278],[-0.315416,-0.159447,0.935462]],[[0.648608,-0.760778,-0.0229099],[0.556245,0.494348,-0.66799],[0.519518,0.42052,0.743817]],[[0.648608,-0.760778,-0.0229099],[0.217419,0.214041,-0.952321],[0.729408,0.612702,0.304236]],[[0.648608,-0.760778,-0.0229099],[0.0115895,0.0399684,-0.999134],[0.761034,0.647781,0.0347408]]],"btipPosition":[-14.5195,280.253,-16.3265],"carpPosition":[12.2652,308.314,68.611],"dipPosition":[-1.72636,291.142,-15.7425],"direction":[-0.729408,-0.612702,-0.304236],"extended":false,"handId":985,"id":9854,"length":49.2606,"mcpPosition":[30.102,317.331,15.7106],"pipPosition":[12.1869,302.83,-9.93928],"stabilizedTipPosition":[0.891607,248.046,33.5025],"timeVisible":24.7845,"tipPosition":[-11.7524,282.588,-15.5367],"tipVelocity":[-14.9856,108.253,-207.302],"tool":false,"touchDistance":-0.681201,"touchZone":"hovering","type":4,"width":15.66}],"r":[[0.969986,0.162955,0.180478],[-0.151149,0.985474,-0.0774327],[-0.190474,0.0478295,0.980526]],"s":1.15489,"t":[-19.6915,29.7686,-83.941],"timestamp":669491136665},false],[4,{"currentFrameRate":51.9527,"devices":[],"gestures":[{"center":[-35.9691,286.481,-34.8831],"duration":38506,"handIds":[985],"id":7,"normal":[-0.935043,-0.181932,0.304296],"pointableIds":[9851],"progress":0.779724,"radius":32.2393,"state":"update","type":"circle"}],"hands":[{"armBasis":[[0.861915,-0.451905,-0.229964],[0.430907,0.891854,-0.137534],[0.267247,0.0194497,0.963432]],"armWidth":62.1429,"confidence":0.636568,"direction":[0.138245,0.370944,-0.918308],"elbow":[66.4048,317.288,326.786],"grabStrength":0,"id":985,"palmNormal":[-0.419866,-0.817816,-0.393559],"palmPosition":[-5.1228,331.527,23.3956],"palmVelocity":[-8.60613,84.3288,-196.673],"palmWidth":88.738,"pinchStrength":0.633187,"r":[[0.970805,0.163058,0.175926],[-0.152656,0.98571,-0.0712155],[-0.185025,0.04228,0.981824]],"s":1.16,"sphereCenter":[-26.274,296.298,-11.546],"sphereRadius":48.4512,"stabilizedPalmPosition":[2.85043,298.204,71.2382],"t":[-19.8576,31.3848,-87.7143],"timeVisible":24.8035,"type":"right","wrist":[-3.96602,312.167,73.0976]}],"id":4970176,"interactionBox":{"center":[0,200,0],"size":[235.247,235.247,147.751]},"pointables":[{"bases":[[[0.763464,0.626816,0.155641],[-0.588079,0.575061,0.568743],[0.266994,-0.525744,0.807656]],[[0.631964,0.765555,-0.12061],[-0.686373,0.625144,0.371601],[0.359879,-0.152055,0.920525]],[[0.631964,0.765555,-0.12061],[-0.757191,0.64309,0.11444],[0.165173,0.0190024,0.986082]],[[0.631964,0.765555,-0.12061],[-0.774997,0.624432,-0.0972828],[0.000837199,0.154951,0.987922]]],"btipPosition":[-56.8195,317.781,-26.9469],"carpPosition":[-33.7884,314.547,73.2039],"dipPosition":[-56.8004,321.318,-4.3982],"direction":[-0.165173,-0.0190024,-0.986081],"extended":false,"handId":985,"id":9850,"length":50.8265,"mcpPosition":[-33.7884,314.547,73.2039],"pipPosition":[-51.3081,321.95,28.3907],"stabilizedTipPosition":[-50.8139,297.259,9.35608],"timeVisible":24.8035,"tipPosition":[-56.9562,319.112,-21.5761],"tipVelocity":[-9.04711,71.2687,-192.65],"tool":false,"touchDistance":-0.571271,"touchZone":"hovering","type":0,"width":19.7488},{"bases":[[[0.907473,-0.371446,-0.196267],[0.413096,0.873971,0.25598],[0.076449,-0.313372,0.946548]],[[0.889384,-0.326726,-0.319759],[0.319575,0.944492,-0.0761992],[0.326907,-0.0344166,0.94443]],[[0.889384,-0.326726,-0.319759],[0.275272,0.941169,-0.196028],[0.364995,0.0863231,0.926999]],[[0.889384,-0.326726,-0.319759],[0.241102,0.929491,-0.279135],[0.388414,0.171164,0.905449]]],"btipPosition":[-51.5416,349.592,-73.6331],"carpPosition":[-17.2836,330.553,70.7899],"dipPosition":[-45.0696,352.444,-58.5459],"direction":[-0.364995,-0.0863231,-0.926999],"extended":true,"handId":985,"id":9851,"length":57.352,"mcpPosition":[-22.7687,353.037,2.87625],"pipPosition":[-36.4658,354.479,-36.6945],"stabilizedTipPosition":[-48.8722,342.375,-59.0315],"timeVisible":24.8035,"tipPosition":[-50.4017,348.64,-69.7884],"tipVelocity":[-11.6047,109.027,-199.706],"tool":false,"touchDistance":-0.585629,"touchZone":"hovering","type":1,"width":18.8641},{"bases":[[[0.82565,-0.55388,-0.107324],[0.562146,0.7915,0.239833],[-0.0478919,-0.25835,0.964864]],[[0.822758,-0.56467,-0.0649355],[0.37052,0.619458,-0.692089],[0.431027,0.545362,0.718885]],[[0.822758,-0.56467,-0.0649355],[0.103897,0.261727,-0.959533],[0.558816,0.782717,0.274005]],[[0.822758,-0.56467,-0.0649355],[-0.0562379,0.0328112,-0.997878],[0.565603,0.824664,-0.00476017]]],"btipPosition":[-48.7275,282.893,-38.6156],"carpPosition":[-5.86154,327.771,68.3396],"dipPosition":[-38.3618,298.007,-38.7028],"direction":[-0.558816,-0.782717,-0.274005],"extended":false,"handId":985,"id":9852,"length":65.348,"mcpPosition":[-2.60291,345.35,2.68903],"pipPosition":[-22.8644,319.714,-31.1039],"stabilizedTipPosition":[-38.5453,262.78,-3.89076],"timeVisible":24.8035,"tipPosition":[-46.3566,286.274,-38.1732],"tipVelocity":[-4.82151,70.7745,-189.591],"tool":false,"touchDistance":-0.653153,"touchZone":"hovering","type":2,"width":18.527},{"bases":[[[0.764861,-0.643942,0.0180615],[0.617885,0.741266,0.262188],[-0.182222,-0.189377,0.964848]],[[0.777721,-0.625222,-0.0651716],[0.404522,0.577138,-0.709418],[0.481156,0.525366,0.701769]],[[0.777721,-0.625222,-0.0651716],[0.107484,0.234413,-0.966177],[0.619352,0.744412,0.249509]],[[0.777721,-0.625222,-0.0651716],[-0.0659492,0.0219505,-0.997582],[0.62514,0.780139,-0.0241614]]],"btipPosition":[-33.4436,276.42,-29.3229],"carpPosition":[4.51398,322.07,66.4986],"dipPosition":[-22.0526,290.635,-29.7631],"direction":[-0.619352,-0.744412,-0.249509],"extended":false,"handId":985,"id":9853,"length":62.8339,"mcpPosition":[15.6459,333.639,7.5564],"pipPosition":[-5.31995,310.746,-23.0223],"stabilizedTipPosition":[-20.1216,249.694,14.0122],"timeVisible":24.8035,"tipPosition":[-30.8404,279.689,-29.1311],"tipVelocity":[-7.68891,66.2873,-172.091],"tool":false,"touchDistance":-0.668378,"touchZone":"hovering","type":3,"width":17.6296},{"bases":[[[0.625953,-0.7751,0.0860398],[0.710785,0.612423,0.34601],[-0.320885,-0.155431,0.934277]],[[0.656197,-0.754485,-0.012574],[0.555061,0.493906,-0.669301],[0.511188,0.432214,0.742885]],[[0.656197,-0.754485,-0.012574],[0.220715,0.207844,-0.952935],[0.721589,0.622538,0.302913]],[[0.656197,-0.754485,-0.012574],[0.0171756,0.031593,-0.999353],[0.754394,0.655556,0.0336899]]],"btipPosition":[-14.3936,281.153,-19.5651],"carpPosition":[11.5338,310.163,65.2304],"dipPosition":[-1.7121,292.173,-18.9988],"direction":[-0.721589,-0.622538,-0.302913],"extended":false,"handId":985,"id":9854,"length":49.2606,"mcpPosition":[29.6799,318.953,12.3969],"pipPosition":[12.052,304.048,-13.2208],"stabilizedTipPosition":[0.73815,248.488,32.8457],"timeVisible":24.8035,"tipPosition":[-11.6235,283.549,-18.8584],"tipVelocity":[-5.02064,79.1404,-189.427],"tool":false,"touchDistance":-0.690054,"touchZone":"hovering","type":4,"width":15.66}],"r":[[0.970805,0.163058,0.175926],[-0.152656,0.98571,-0.0712155],[-0.185025,0.04228,0.981824]],"s":1.16,"t":[-19.8576,31.3848,-87.7143],"timestamp":669491155634},false],[5,{"currentFrameRate":51.9466,"devices":[],"gestures":[{"center":[-35.9691,286.481,-34.8831],"duration":38506,"handIds":[985],"id":7,"normal":[-0.935043,-0.181932,0.304296],"pointableIds":[9851],"progress":0.779724,"radius":32.2393,"state":"update","type":"circle"}],"hands":[{"armBasis":[[0.859394,-0.456864,-0.229603],[0.433506,0.889143,-0.146621],[0.271136,0.0264711,0.962177]],"armWidth":62.1429,"confidence":0.638016,"direction":[0.13555,0.375863,-0.916708],"elbow":[67.5928,319.688,323.447],"grabStrength":0,"id":985,"palmNormal":[-0.426089,-0.813199,-0.396428],"palmPosition":[-5.10811,332.389,20.5131],"palmVelocity":[-3.94888,64.6453,-173.251],"palmWidth":88.738,"pinchStrength":0.63246,"r":[[0.971784,0.161941,0.171497],[-0.15288,0.986113,-0.0648721],[-0.179621,0.0368231,0.983046]],"s":1.16529,"sphereCenter":[-27.1546,298.131,-14.4625],"sphereRadius":48.2805,"stabilizedPalmPosition":[2.81166,298.371,70.9911],"t":[-19.9333,32.624,-91.0422],"timeVisible":24.8227,"type":"right","wrist":[-3.80196,312.718,70.0892]}],"id":4970177,"interactionBox":{"center":[0,200,0],"size":[235.247,235.247,147.751]},"pointables":[{"bases":[[[0.767488,0.621891,0.155608],[-0.58221,0.574586,0.575223],[0.268316,-0.532073,0.803059]],[[0.635345,0.762992,-0.119084],[-0.681262,0.62641,0.378804],[0.36362,-0.159544,0.917783]],[[0.635345,0.762992,-0.119084],[-0.753175,0.6463,0.12257],[0.170484,0.0118167,0.98529]],[[0.635345,0.762992,-0.119084],[-0.772203,0.628977,-0.089947],[0.00627238,0.149105,0.988802]]],"btipPosition":[-57.1245,319.223,-29.65],"carpPosition":[-33.6107,315.252,70.361],"dipPosition":[-56.9814,322.626,-7.08123],"direction":[-0.170484,-0.0118167,-0.98529],"extended":false,"handId":985,"id":9850,"length":50.8265,"mcpPosition":[-33.6107,315.252,70.361],"pipPosition":[-51.3125,323.019,25.6814],"stabilizedTipPosition":[-50.9122,297.615,8.82671],"timeVisible":24.8227,"tipPosition":[-57.2286,320.517,-24.2723],"tipVelocity":[-11.6811,72.2323,-166.483],"tool":false,"touchDistance":-0.582954,"touchZone":"hovering","type":0,"width":19.7488},{"bases":[[[0.90453,-0.374919,-0.20313],[0.418919,0.870233,0.259231],[0.0795801,-0.319577,0.944213]],[[0.88585,-0.328974,-0.327179],[0.3265,0.943016,-0.0641777],[0.329647,-0.0499722,0.942781]],[[0.88585,-0.328974,-0.327179],[0.28203,0.941734,-0.183295],[0.368414,0.0700974,0.927015]],[[0.88585,-0.328974,-0.327179],[0.247592,0.931549,-0.266296],[0.392388,0.154892,0.906664]]],"btipPosition":[-51.7795,351.976,-76.2454],"carpPosition":[-17.0352,331.187,67.9616],"dipPosition":[-45.2412,354.557,-61.1379],"direction":[-0.368414,-0.0700974,-0.927015],"extended":true,"handId":985,"id":9851,"length":57.352,"mcpPosition":[-22.745,354.116,0.21549],"pipPosition":[-36.5569,356.21,-39.2862],"stabilizedTipPosition":[-49.0284,343.51,-60.5609],"timeVisible":24.8227,"tipPosition":[-50.6334,350.928,-72.4172],"tipVelocity":[-11.5788,114.717,-167.688],"tool":false,"touchDistance":-0.594514,"touchZone":"hovering","type":1,"width":18.8641},{"bases":[[[0.822208,-0.557471,-0.114892],[0.567455,0.787093,0.241824],[-0.0443792,-0.264026,0.963494]],[[0.819384,-0.568771,-0.0714887],[0.370382,0.620465,-0.69126],[0.437524,0.539929,0.719062]],[[0.819384,-0.568771,-0.0714887],[0.101143,0.266195,-0.958598],[0.564252,0.778229,0.275643]],[[0.819384,-0.568771,-0.0714887],[-0.0599475,0.0390063,-0.997439],[0.570103,0.821571,-0.00213525]]],"btipPosition":[-49.2839,284.306,-41.5273],"carpPosition":[-5.6402,328.361,65.4364],"dipPosition":[-38.8357,299.363,-41.5664],"direction":[-0.564252,-0.778229,-0.275643],"extended":false,"handId":985,"id":9852,"length":65.348,"mcpPosition":[-2.62059,346.326,-0.120901],"pipPosition":[-23.1875,320.945,-33.9222],"stabilizedTipPosition":[-38.6827,263.192,-4.5113],"timeVisible":24.8227,"tipPosition":[-46.8896,287.698,-41.111],"tipVelocity":[-16.2859,71.6902,-170.16],"tool":false,"touchDistance":-0.659681,"touchZone":"hovering","type":2,"width":18.527},{"bases":[[[0.761583,-0.647987,0.0102453],[0.623044,0.736435,0.263589],[-0.178347,-0.194361,0.964581]],[[0.773816,-0.629492,-0.0703418],[0.401127,0.572959,-0.714713],[0.490209,0.524841,0.695871]],[[0.773816,-0.629492,-0.0703418],[0.100706,0.231908,-0.967511],[0.625353,0.741592,0.242848]],[[0.773816,-0.629492,-0.0703418],[-0.0729258,0.0217741,-0.9971],[0.629198,0.776702,-0.0290571]]],"btipPosition":[-34.1288,277.434,-31.7709],"carpPosition":[4.69612,322.617,63.5081],"dipPosition":[-22.6638,291.586,-32.3004],"direction":[-0.625353,-0.741592,-0.242848],"extended":false,"handId":985,"id":9853,"length":62.8339,"mcpPosition":[15.5913,334.491,4.5822],"pipPosition":[-5.769,311.621,-25.7395],"stabilizedTipPosition":[-20.253,250.052,13.4818],"timeVisible":24.8227,"tipPosition":[-31.4514,280.811,-31.8485],"tipVelocity":[-21.1003,59.1123,-150.214],"tool":false,"touchDistance":-0.666903,"touchZone":"hovering","type":3,"width":17.6296},{"bases":[[[0.622339,-0.77884,0.0781219],[0.715693,0.606601,0.346149],[-0.316984,-0.159511,0.934921]],[[0.652235,-0.757734,-0.0206781],[0.553353,0.494599,-0.670203],[0.518064,0.425688,0.741889]],[[0.652235,-0.757734,-0.0206781],[0.216263,0.21216,-0.953005],[0.726512,0.617112,0.302248]],[[0.652235,-0.757734,-0.0206781],[0.0119769,0.0375775,-0.999222],[0.757922,0.65148,0.0335847]]],"btipPosition":[-14.8909,282.301,-22.6516],"carpPosition":[11.6474,310.682,62.1314],"dipPosition":[-2.15007,293.252,-22.0871],"direction":[-0.726512,-0.617112,-0.302248],"extended":false,"handId":985,"id":9854,"length":49.2606,"mcpPosition":[29.5729,319.703,9.26158],"pipPosition":[11.7079,305.023,-16.3218],"stabilizedTipPosition":[0.630486,248.797,32.3763],"timeVisible":24.8227,"tipPosition":[-12.0856,284.694,-21.9894],"tipVelocity":[-14.9996,68.9849,-174.883],"tool":false,"touchDistance":-0.695686,"touchZone":"hovering","type":4,"width":15.66}],"r":[[0.971784,0.161941,0.171497],[-0.15288,0.986113,-0.0648721],[-0.179621,0.0368231,0.983046]],"s":1.16529,"t":[-19.9333,32.624,-91.0422],"timestamp":669491174907},false],[6,{"currentFrameRate":51.9487,"devices":[],"gestures":[{"center":[-35.9691,286.481,-34.8831],"duration":38506,"handIds":[985],"id":7,"normal":[-0.935043,-0.181932,0.304296],"pointableIds":[9851],"progress":0.779724,"radius":32.2393,"state":"update","type":"circle"}],"hands":[{"armBasis":[[0.858135,-0.46375,-0.220319],[0.435633,0.884766,-0.165569],[0.271714,0.0461025,0.961273]],"armWidth":62.1429,"confidence":0.569456,"direction":[0.131529,0.370136,-0.919619],"elbow":[68.1096,325.408,321.141],"grabStrength":0,"id":985,"palmNormal":[-0.432688,-0.81321,-0.389193],"palmPosition":[-4.96405,332.674,18.3466],"palmVelocity":[1.72976,39.8845,-143.131],"palmWidth":88.738,"pinchStrength":0.631011,"r":[[0.972924,0.160278,0.166522],[-0.152127,0.986496,-0.0606886],[-0.174,0.033713,0.984168]],"s":1.17048,"sphereCenter":[-27.8614,298.897,-16.2392],"sphereRadius":48.1473,"stabilizedPalmPosition":[2.7902,298.465,70.8459],"t":[-19.8992,33.3859,-93.7894],"timeVisible":24.842,"type":"right","wrist":[-3.43744,313.269,68.0212]}],"id":4970178,"interactionBox":{"center":[0,200,0],"size":[235.247,235.247,147.751]},"pointables":[{"bases":[[[0.771571,0.618866,0.147253],[-0.575621,0.580659,0.575757],[0.270813,-0.528999,0.804252]],[[0.638608,0.758982,-0.126988],[-0.675617,0.631985,0.379652],[0.368404,-0.156653,0.916372]],[[0.638608,0.758982,-0.126988],[-0.74876,0.650933,0.125076],[0.177592,0.0152092,0.983987]],[[0.638608,0.758982,-0.126988],[-0.769437,0.632371,-0.0898494],[0.0121097,0.155088,0.987826]]],"btipPosition":[-57.3471,319.535,-31.4069],"carpPosition":[-33.2307,315.954,68.4699],"dipPosition":[-57.0707,323.075,-8.86037],"direction":[-0.177592,-0.0152092,-0.983987],"extended":false,"handId":985,"id":9850,"length":50.8265,"mcpPosition":[-33.2307,315.954,68.4699],"pipPosition":[-51.1654,323.58,23.8589],"stabilizedTipPosition":[-50.9719,297.828,8.49844],"timeVisible":24.842,"tipPosition":[-57.4178,320.829,-26.0419],"tipVelocity":[-10.8329,45.2266,-129.284],"tool":false,"touchDistance":-0.579422,"touchZone":"hovering","type":0,"width":19.7488},{"bases":[[[0.90132,-0.380576,-0.206844],[0.424921,0.869525,0.251732],[0.0840523,-0.314783,0.945435]],[[0.881883,-0.334882,-0.331868],[0.333089,0.940712,-0.0641298],[0.333669,-0.0539867,0.941143]],[[0.881883,-0.334882,-0.331868],[0.288031,0.939954,-0.183099],[0.373258,0.0658833,0.925385]],[[0.881883,-0.334882,-0.331868],[0.253008,0.930111,-0.266234],[0.397832,0.150822,0.904977]]],"btipPosition":[-52.0301,352.573,-78.2832],"carpPosition":[-16.5916,331.792,65.8764],"dipPosition":[-45.4012,355.086,-63.2038],"direction":[-0.373258,-0.0658833,-0.925385],"extended":true,"handId":985,"id":9851,"length":57.352,"mcpPosition":[-22.6223,354.377,-1.95742],"pipPosition":[-36.6027,356.639,-41.3905],"stabilizedTipPosition":[-49.136,344.212,-61.5993],"timeVisible":24.842,"tipPosition":[-50.8697,351.495,-74.4655],"tipVelocity":[-11.7595,72.7423,-137.174],"tool":false,"touchDistance":-0.594059,"touchZone":"hovering","type":1,"width":18.8641},{"bases":[[[0.818656,-0.562225,-0.117073],[0.572925,0.785544,0.233834],[-0.0395013,-0.258504,0.965202]],[[0.815981,-0.573493,-0.0726649],[0.369129,0.613644,-0.697986],[0.444881,0.542721,0.712415]],[[0.815981,-0.573493,-0.0726649],[0.09692,0.259643,-0.960829],[0.569896,0.776976,0.267447]],[[0.815981,-0.573493,-0.0726649],[-0.0651802,0.0336244,-0.997307],[0.574392,0.81852,-0.00994351]]],"btipPosition":[-49.7839,284.424,-43.1032],"carpPosition":[-5.22737,328.895,63.294],"dipPosition":[-39.2571,299.425,-43.2854],"direction":[-0.569896,-0.776976,-0.267447],"extended":false,"handId":985,"id":9852,"length":65.348,"mcpPosition":[-2.53965,346.484,-2.37962],"pipPosition":[-23.4524,320.972,-35.8684],"stabilizedTipPosition":[-38.7671,263.432,-4.88666],"timeVisible":24.842,"tipPosition":[-47.3671,287.828,-42.751],"tipVelocity":[-20.6355,38.7943,-127.181],"tool":false,"touchDistance":-0.646178,"touchZone":"hovering","type":2,"width":18.527},{"bases":[[[0.758385,-0.651745,0.00894813],[0.628399,0.734727,0.255522],[-0.173109,-0.188161,0.966762]],[[0.769997,-0.634184,-0.0701024],[0.39743,0.562669,-0.724881],[0.499153,0.530296,0.685298]],[[0.769997,-0.634184,-0.0701024],[0.0934963,0.220833,-0.97082],[0.63116,