{"sensorType":"Leap","data":[[0,{"currentFrameRate":48.1832,"devices":[],"gestures":[{"center":[-49.8748,261.739,69.9117],"duration":38634,"handIds":[985],"id":2,"normal":[-0.867773,0.472571,0.153775],"pointableIds":[9850],"progress":0.856758,"radius":38.674,"state":"update","type":"circle"},{"center":[-44.425,275.233,31.445],"duration":38414,"handIds":[985],"id":1,"normal":[-0.792981,0.571111,0.212165],"pointableIds":[9851],"progress":0.813361,"radius":34.6855,"state":"stop","type":"circle"}],"hands":[{"armBasis":[[0.833662,-0.532504,-0.146452],[0.511249,0.844401,-0.160037],[0.208884,0.0585434,0.976186]],"armWidth":62.1429,"confidence":0.626112,"direction":[0.281724,0.424291,-0.860587],"elbow":[66.9032,326.288,347.24],"grabStrength":0.173376,"id":985,"palmNormal":[-0.430712,-0.745548,-0.508572],"palmPosition":[18.5483,333.897,42.5256],"palmVelocity":[24.7571,105.667,-234.463],"palmWidth":88.738,"pinchStrength":0.7639,"r":[[0.964106,0.076859,0.254149],[-0.0791293,0.996864,-0.00129409],[-0.253452,-0.018863,0.967164]],"s":1.11709,"sphereCenter":[12.0047,294.298,3.46786],"sphereRadius":49.5727,"stabilizedPalmPosition":[2.48242,283.078,107.615],"t":[3.08912,33.0862,-67.2816],"timeVisible":4.71789,"type":"right","wrist":[11.9003,310.873,90.1927]}],"id":4969135,"interactionBox":{"center":[0,200,0],"size":[235.247,235.247,147.751]},"pointables":[{"bases":[[[0.785225,0.542822,0.297935],[-0.607349,0.581451,0.541333],[0.120613,-0.606019,0.786253]],[[0.686161,0.72736,-0.0114241],[-0.677886,0.645029,0.352715],[0.263919,-0.234275,0.935661]],[[0.686161,0.72736,-0.0114241],[-0.727217,0.68546,-0.0360508],[-0.0183912,0.0330445,0.999285]],[[0.686161,0.72736,-0.0114241],[-0.716429,0.672959,-0.183999],[-0.126145,0.134437,0.98286]]],"btipPosition":[-26.7715,323.131,-14.2618],"carpPosition":[-17.4141,315.893,86.9493],"dipPosition":[-29.6507,326.199,8.17131],"direction":[0.0183912,-0.0330445,-0.999285],"extended":false,"handId":985,"id":9850,"length":50.8265,"mcpPosition":[-17.4141,315.893,86.9493],"pipPosition":[-30.2622,327.298,41.3993],"stabilizedTipPosition":[-41.4759,271.161,69.67],"timeVisible":4.71789,"tipPosition":[-26.7853,324.242,-9.15749],"tipVelocity":[37.1823,98.4655,-246.44],"tool":false,"touchDistance":-0.867578,"touchZone":"hovering","type":0,"width":19.7488},{"bases":[[[0.892521,-0.435406,-0.11759],[0.445789,0.812146,0.376418],[-0.0683946,-0.388382,0.918957]],[[0.892665,-0.434576,-0.119552],[0.422465,0.899171,-0.114083],[0.157075,0.0513312,0.986252]],[[0.892665,-0.434576,-0.119552],[0.392474,0.879883,-0.2679],[0.221614,0.192224,0.956]],[[0.892665,-0.434576,-0.119552],[0.36687,0.854656,-0.367383],[0.261831,0.28409,0.922354]]],"btipPosition":[-10.7775,346.946,-57.2797],"carpPosition":[0.483337,330.496,87.8813],"dipPosition":[-6.41467,351.68,-41.9108],"direction":[-0.221614,-0.192224,-0.956001],"extended":true,"handId":985,"id":9851,"length":57.352,"mcpPosition":[5.39056,358.362,21.9473],"pipPosition":[-1.19074,356.211,-19.3757],"stabilizedTipPosition":[-27.5388,300.028,19.4878],"timeVisible":4.71789,"tipPosition":[-10.1214,347.235,-53.344],"tipVelocity":[55.5652,144.091,-248.983],"tool":false,"touchDistance":-0.926932,"touchZone":"hovering","type":1,"width":18.8641},{"bases":[[[0.785914,-0.615904,-0.0547903],[0.588653,0.718119,0.371204],[-0.18928,-0.323987,0.926934]],[[0.787329,-0.613425,-0.0618287],[0.403557,0.588571,-0.700518],[0.466106,0.526587,0.710951]],[[0.787329,-0.613425,-0.0618287],[0.0322548,0.14113,-0.989466],[0.615689,0.77704,0.130901]],[[0.787329,-0.613425,-0.0618287],[-0.16884,-0.118076,-0.978545],[0.592964,0.780876,-0.196535]]],"btipPosition":[-25.1082,288.325,-9.93665],"carpPosition":[11.8653,326.895,86.5814],"dipPosition":[-14.241,302.636,-13.5385],"direction":[-0.615689,-0.77704,-0.130901],"extended":false,"handId":985,"id":9852,"length":65.348,"mcpPosition":[24.7441,348.939,23.5117],"pipPosition":[2.83364,324.186,-9.9083],"stabilizedTipPosition":[-36.0672,233.355,85.9602],"timeVisible":4.71789,"tipPosition":[-22.8835,291.128,-9.4084],"tipVelocity":[56.3778,105.786,-269.49],"tool":false,"touchDistance":-0.797891,"touchZone":"hovering","type":2,"width":18.527},{"bases":[[[0.702867,-0.709239,0.0543868],[0.636965,0.661587,0.3957],[-0.316627,-0.243482,0.916768]],[[0.689106,-0.718742,0.0924282],[0.562155,0.44972,-0.694071],[0.457291,0.530247,0.713949]],[[0.689106,-0.718742,0.0924282],[0.169444,0.0358035,-0.984889],[0.704572,0.694354,0.146459]],[[0.689106,-0.718742,0.0924282],[-0.0618584,-0.185424,-0.98071],[0.722016,0.670095,-0.172237]]],"btipPosition":[-10.871,281.242,-2.42037],"carpPosition":[21.9035,320.441,85.5125],"dipPosition":[2.28522,293.452,-5.55881],"direction":[-0.704572,-0.694354,-0.146459],"extended":false,"handId":985,"id":9853,"length":62.8339,"mcpPosition":[41.2461,335.316,29.5074],"pipPosition":[21.3202,312.211,-1.60201],"stabilizedTipPosition":[-21.9344,224.603,94.9955],"timeVisible":4.71789,"tipPosition":[-8.42477,283.717,-1.20524],"tipVelocity":[59.9419,106.583,-267.707],"tool":false,"touchDistance":-0.734505,"touchZone":"hovering","type":3,"width":17.6296},{"bases":[[[0.546526,-0.832151,0.0939935],[0.70804,0.519093,0.478771],[-0.447201,-0.19511,0.872894]],[[0.536215,-0.836372,0.113819],[0.673744,0.342868,-0.654607],[0.50847,0.427695,0.747352]],[[0.536215,-0.836372,0.113819],[0.225453,0.0119695,-0.974181],[0.813415,0.548031,0.194981]],[[0.536215,-0.836372,0.113819],[-0.0379297,-0.158583,-0.986617],[0.843229,0.524721,-0.116758]]],"btipPosition":[6.12247,285.093,7.19477],"carpPosition":[28.0578,308.083,84.0852],"dipPosition":[20.2973,293.914,5.23205],"direction":[-0.813415,-0.548031,-0.194981],"extended":false,"handId":985,"id":9854,"length":49.2606,"mcpPosition":[53.3471,319.116,34.723],"pipPosition":[35.813,304.367,8.95125],"stabilizedTipPosition":[-4.63738,229.961,91.7784],"timeVisible":4.71789,"tipPosition":[8.79872,286.927,8.16391],"tipVelocity":[57.9277,110.309,-261.182],"tool":false,"touchDistance":-0.78822,"touchZone":"hovering","type":4,"width":15.66}],"r":[[0.964106,0.076859,0.254149],[-0.0791293,0.996864,-0.00129409],[-0.253452,-0.018863,0.967164]],"s":1.11709,"t":[3.08912,33.0862,-67.2816],"timestamp":669471070075},false],[1,{"currentFrameRate":48.5391,"devices":[],"gestures":[{"center":[-49.8748,261.739,69.9117],"duration":38634,"handIds":[985],"id":2,"normal":[-0.867773,0.472571,0.153775],"pointableIds":[9850],"progress":0.856758,"radius":38.674,"state":"update","type":"circle"}],"hands":[{"armBasis":[[0.848248,-0.511036,-0.138989],[0.490263,0.856974,-0.158861],[0.200293,0.0666124,0.977469]],"armWidth":62.1429,"confidence":0.645974,"direction":[0.277113,0.435323,-0.856564],"elbow":[65.4612,329.258,343.825],"grabStrength":0.156099,"id":985,"palmNormal":[-0.407658,-0.753995,-0.515079],"palmPosition":[19.1285,335.124,38.9264],"palmVelocity":[27.4624,84.9424,-211.129],"palmWidth":88.738,"pinchStrength":0.762682,"r":[[0.962889,0.0794536,0.257936],[-0.0830068,0.996545,0.00289708],[-0.256815,-0.0242,0.966158]],"s":1.12044,"sphereCenter":[13.511,295.926,-0.406735],"sphereRadius":49.4565,"stabilizedPalmPosition":[2.52829,283.222,107.426],"t":[3.65836,34.842,-71.6192],"timeVisible":4.7371,"type":"right","wrist":[12.7205,311.718,86.4402]}],"id":4969136,"interactionBox":{"center":[0,200,0],"size":[235.247,235.247,147.751]},"pointables":[{"bases":[[[0.768808,0.561392,0.306225],[-0.626065,0.5632,0.539303],[0.130294,-0.606337,0.784461]],[[0.667227,0.744847,-0.00328299],[-0.696773,0.625708,0.350709],[0.263279,-0.231715,0.936479]],[[0.667227,0.744847,-0.00328299],[-0.744442,0.666705,-0.036194],[-0.0247702,0.0265936,0.999339]],[[0.667227,0.744847,-0.00328299],[-0.732083,0.654968,-0.187275],[-0.137341,0.127358,0.982302]]],"btipPosition":[-25.5468,323.489,-18.2416],"carpPosition":[-16.6882,316,82.9984],"dipPosition":[-28.6816,326.396,4.17881],"direction":[0.0247702,-0.0265936,-0.999339],"extended":false,"handId":985,"id":9850,"length":50.8265,"mcpPosition":[-16.6882,316,82.9984],"pipPosition":[-29.5052,327.281,37.4086],"stabilizedTipPosition":[-41.3971,271.436,69.2407],"timeVisible":4.7371,"tipPosition":[-25.6285,324.55,-13.1326],"tipVelocity":[48.8485,57.9323,-227.069],"tool":false,"touchDistance":-0.868894,"touchZone":"hovering","type":0,"width":19.7488},{"bases":[[[0.904247,-0.411845,-0.112786],[0.422001,0.821564,0.383337],[-0.0652144,-0.394228,0.916696]],[[0.904472,-0.410448,-0.11603],[0.401001,0.910968,-0.0966172],[0.145356,0.0408595,0.988535]],[[0.904472,-0.410448,-0.11603],[0.374383,0.894291,-0.245114],[0.204371,0.178259,0.962526]],[[0.904472,-0.410448,-0.11603],[0.351603,0.871464,-0.341943],[0.241466,0.268482,0.93253]]],"btipPosition":[-9.43101,348.95,-61.2884],"carpPosition":[0.821168,331.052,84.1295],"dipPosition":[-5.40753,353.423,-45.7499],"direction":[-0.204371,-0.178259,-0.962526],"extended":true,"handId":985,"id":9851,"length":57.352,"mcpPosition":[5.50022,359.337,18.3576],"pipPosition":[-0.590059,357.625,-23.0611],"stabilizedTipPosition":[-27.0513,301.307,17.5104],"timeVisible":4.7371,"tipPosition":[-8.89732,348.947,-57.2876],"tipVelocity":[60.7635,122.834,-228.016],"tool":false,"touchDistance":-0.922118,"touchZone":"hovering","type":1,"width":18.8641},{"bases":[[[0.801844,-0.595302,-0.0515866],[0.567265,0.731255,0.378784],[-0.187768,-0.332989,0.924046]],[[0.803229,-0.592789,-0.0585129],[0.393504,0.601797,-0.694979],[0.447189,0.535202,0.716646]],[[0.803229,-0.592789,-0.0585129],[0.0362832,0.146737,-0.98851],[0.594564,0.791877,0.139372]],[[0.803229,-0.592789,-0.0585129],[-0.158007,-0.117322,-0.980443],[0.574331,0.796766,-0.187902]]],"btipPosition":[-22.9587,288.685,-14.0831],"carpPosition":[12.3011,327.75,82.8994],"dipPosition":[-12.433,303.288,-17.5267],"direction":[-0.594564,-0.791877,-0.139372],"extended":false,"handId":985,"id":9852,"length":65.348,"mcpPosition":[25.0771,350.407,20.0261],"pipPosition":[4.05586,325.248,-13.6616],"stabilizedTipPosition":[-35.9731,233.711,85.3487],"timeVisible":4.7371,"tipPosition":[-20.8001,291.559,-13.5576],"tipVelocity":[81.8967,64.3554,-241.976],"tool":false,"touchDistance":-0.808086,"touchZone":"hovering","type":2,"width":18.527},{"bases":[[[0.720413,-0.691236,0.0565501],[0.616829,0.675867,0.403394],[-0.317061,-0.255728,0.913277]],[[0.705398,-0.702055,0.097636],[0.559011,0.466326,-0.6856],[0.435799,0.538201,0.721401]],[[0.705398,-0.702055,0.097636],[0.180561,0.0447767,-0.982544],[0.685428,0.710714,0.158349]],[[0.705398,-0.702055,0.097636],[-0.0452903,-0.182107,-0.982235],[0.707363,0.688445,-0.160254]]],"btipPosition":[-8.51812,281.987,-6.7063],"carpPosition":[22.5092,321.561,81.8776],"dipPosition":[4.37115,294.531,-9.62639],"direction":[-0.685428,-0.710714,-0.158349],"extended":false,"handId":985,"id":9853,"length":62.8339,"mcpPosition":[41.8783,337.184,26.0858],"pipPosition":[22.8889,313.732,-5.34837],"stabilizedTipPosition":[-21.8561,224.891,94.5058],"timeVisible":4.7371,"tipPosition":[-6.12006,284.526,-5.5175],"tipVelocity":[89.3872,74.9474,-244.323],"tool":false,"touchDistance":-0.752923,"touchZone":"hovering","type":3,"width":17.6296},{"bases":[[[0.566988,-0.818295,0.0944371],[0.690919,0.534861,0.486369],[-0.448504,-0.210517,0.868635]],[[0.556498,-0.822931,0.114436],[0.671437,0.364313,-0.645328],[0.489369,0.43596,0.755286]],[[0.556498,-0.822931,0.114436],[0.236016,0.0245149,-0.97144],[0.796622,0.567613,0.207867]],[[0.556498,-0.822931,0.114436],[-0.0227803,-0.152795,-0.987995],[0.830537,0.54721,-0.103777]]],"btipPosition":[8.31977,286.216,3.05505],"carpPosition":[28.9891,309.371,80.4422],"dipPosition":[22.2813,295.415,1.31054],"direction":[-0.796622,-0.567613,-0.207867],"extended":false,"handId":985,"id":9854,"length":49.2606,"mcpPosition":[54.352,321.276,31.3209],"pipPosition":[37.4766,306.242,5.27555],"stabilizedTipPosition":[-4.57284,230.194,91.4226],"timeVisible":4.7371,"tipPosition":[10.9482,288.118,4.0507],"tipVelocity":[84.672,86.8439,-237.259],"tool":false,"touchDistance":-0.799075,"touchZone":"hovering","type":4,"width":15.66}],"r":[[0.962889,0.0794536,0.257936],[-0.0830068,0.996545,0.00289708],[-0.256815,-0.0242,0.966158]],"s":1.12044,"t":[3.65836,34.842,-71.6192],"timestamp":669471089280},false],[2,{"currentFrameRate":48.8505,"devices":[],"gestures":[{"center":[-49.8748,261.739,69.9117],"duration":38634,"handIds":[985],"id":2,"normal":[-0.867773,0.472571,0.153775],"pointableIds":[9850],"progress":0.856758,"radius":38.674,"state":"update","type":"circle"}],"hands":[{"armBasis":[[0.848575,-0.509413,-0.142895],[0.489212,0.858329,-0.154736],[0.201475,0.0613991,0.977567]],"armWidth":62.1429,"confidence":0.647245,"direction":[0.27771,0.430075,-0.859018],"elbow":[66.395,328.778,340.687],"grabStrength":0.142071,"id":985,"palmNormal":[-0.405212,-0.75831,-0.510655],"palmPosition":[19.7859,335.707,35.6156],"palmVelocity":[30.7792,57.783,-191.656],"palmWidth":88.738,"pinchStrength":0.760868,"r":[[0.961774,0.0822597,0.261198],[-0.0865264,0.996238,0.00485684],[-0.259816,-0.0272717,0.965273]],"s":1.12413,"sphereCenter":[14.0204,296.508,-3.51332],"sphereRadius":49.3862,"stabilizedPalmPosition":[2.56197,283.324,107.286],"t":[4.27167,36.0114,-75.4434],"timeVisible":4.75635,"type":"right","wrist":[13.3432,312.611,83.276]}],"id":4969137,"interactionBox":{"center":[0,200,0],"size":[235.247,235.247,147.751]},"pointables":[{"bases":[[[0.76712,0.565041,0.303736],[-0.628157,0.565551,0.534387],[0.130172,-0.600733,0.78878]],[[0.665596,0.746275,-0.00740618],[-0.69866,0.626556,0.345401],[0.262404,-0.224723,0.938426]],[[0.665596,0.746275,-0.00740618],[-0.745917,0.664889,-0.0391162],[-0.0242671,0.03156,0.999207]],[[0.665596,0.746275,-0.00740618],[-0.73326,0.652075,-0.192686],[-0.138967,0.133682,0.981233]]],"btipPosition":[-24.8639,323.648,-21.5516],"carpPosition":[-16.0682,316.809,79.7544],"dipPosition":[-28.0357,326.699,0.844442],"direction":[0.0242671,-0.03156,-0.999207],"extended":false,"handId":985,"id":9850,"length":50.8265,"mcpPosition":[-16.0682,316.809,79.7544],"pipPosition":[-28.8426,327.749,34.0698],"stabilizedTipPosition":[-41.3497,271.595,68.9842],"timeVisible":4.75635,"tipPosition":[-24.9485,324.703,-16.4455],"tipVelocity":[41.9806,34.0975,-199.801],"tool":false,"touchDistance":-0.860071,"touchZone":"hovering","type":0,"width":19.7488},{"bases":[[[0.905285,-0.410734,-0.108428],[0.419646,0.825014,0.378483],[-0.0660013,-0.388136,0.919236]],[[0.905591,-0.408868,-0.112833],[0.399963,0.911728,-0.0937141],[0.14119,0.0397376,0.989185]],[[0.905591,-0.408868,-0.112833],[0.37476,0.895892,-0.238605],[0.198644,0.173793,0.964539]],[[0.905591,-0.408868,-0.112833],[0.353095,0.874109,-0.333552],[0.235007,0.262221,0.935955]]],"btipPosition":[-8.37031,349.621,-64.9183],"carpPosition":[1.40825,331.904,80.8136],"dipPosition":[-4.45444,353.991,-49.3227],"direction":[-0.198644,-0.173793,-0.964539],"extended":true,"handId":985,"id":9851,"length":57.352,"mcpPosition":[6.14377,359.752,14.8596],"pipPosition":[0.228038,358.087,-26.5864],"stabilizedTipPosition":[-26.6918,302.213,16.0628],"timeVisible":4.75635,"tipPosition":[-7.88954,349.47,-60.8928],"tipVelocity":[57.3033,78.5106,-208.047],"tool":false,"touchDistance":-0.91249,"touchZone":"hovering","type":1,"width":18.8641},{"bases":[[[0.803153,-0.593982,-0.0461614],[0.565103,0.734976,0.374793],[-0.188693,-0.327102,0.925959]],[[0.804538,-0.591525,-0.0530694],[0.393478,0.597831,-0.698407],[0.444852,0.541014,0.71373]],[[0.804538,-0.591525,-0.0530694],[0.0378222,0.140207,-0.989399],[0.592695,0.794002,0.135175]],[[0.804538,-0.591525,-0.0530694],[-0.155881,-0.124097,-0.97995],[0.573079,0.796679,-0.192048]]],"btipPosition":[-22.1152,288.822,-17.1574],"carpPosition":[12.8971,328.617,79.6258],"dipPosition":[-11.6124,303.422,-20.677],"direction":[-0.592695,-0.794002,-0.135175],"extended":false,"handId":985,"id":9852,"length":65.348,"mcpPosition":[25.736,350.874,16.6224],"pipPosition":[4.82459,325.442,-16.9283],"stabilizedTipPosition":[-35.9051,233.956,84.9169],"timeVisible":4.75635,"tipPosition":[-19.9595,291.71,-16.6595],"tipVelocity":[62.8356,35.8866,-201.527],"tool":false,"touchDistance":-0.801987,"touchZone":"hovering","type":2,"width":18.527},{"bases":[[[0.72173,-0.689348,0.0624829],[0.614737,0.679858,0.399864],[-0.318125,-0.250183,0.914442]],[[0.705572,-0.700597,0.10645],[0.564431,0.464784,-0.682198],[0.42847,0.541424,0.723377]],[[0.705572,-0.700597,0.10645],[0.189696,0.0419957,-0.980944],[0.682777,0.71232,0.162531]],[[0.705572,-0.700597,0.10645],[-0.0364691,-0.185919,-0.981888],[0.707699,0.688911,-0.156729]]],"btipPosition":[-7.45786,282.337,-10.2547],"carpPosition":[23.1196,322.443,78.6637],"dipPosition":[5.43753,294.89,-13.1106],"direction":[-0.682777,-0.71232,-0.162531],"extended":false,"handId":985,"id":9853,"length":62.8339,"mcpPosition":[42.5537,337.726,22.8007],"pipPosition":[23.8837,314.134,-8.71958],"stabilizedTipPosition":[-21.7906,225.119,94.1082],"timeVisible":4.75635,"tipPosition":[-5.07085,284.878,-9.05993],"tipVelocity":[72.3695,46.8052,-214.109],"tool":false,"touchDistance":-0.758969,"touchZone":"hovering","type":3,"width":17.6296},{"bases":[[[0.5685,-0.816464,0.100966],[0.688972,0.539571,0.483922],[-0.449583,-0.205547,0.869267]],[[0.558082,-0.820946,0.120796],[0.673091,0.362738,-0.644492],[0.485276,0.440986,0.755009]],[[0.558082,-0.820946,0.120796],[0.240754,0.0208846,-0.970361],[0.794092,0.570624,0.209301]],[[0.558082,-0.820946,0.120796],[-0.017415,-0.15713,-0.987424],[0.829603,0.548961,-0.101988]]],"btipPosition":[9.22379,286.56,-0.148611],"carpPosition":[29.627,310.256,77.3222],"dipPosition":[23.1696,295.788,-1.86306],"direction":[-0.794092,-0.570624,-0.209301],"extended":false,"handId":985,"id":9854,"length":49.2606,"mcpPosition":[55.0509,321.88,28.1651],"pipPosition":[38.3167,306.673,2.12931],"stabilizedTipPosition":[-4.51648,230.388,91.1178],"timeVisible":4.75635,"tipPosition":[11.856,288.481,0.832012],"tipVelocity":[65.8364,52.7556,-201.862],"tool":false,"touchDistance":-0.795452,"touchZone":"hovering","type":4,"width":15.66}],"r":[[0.961774,0.0822597,0.261198],[-0.0865264,0.996238,0.00485684],[-0.259816,-0.0272717,0.965273]],"s":1.12413,"t":[4.27167,36.0114,-75.4434],"timestamp":669471108536},false],[3,{"currentFrameRate":49.1408,"devices":[],"gestures":[{"center":[-49.8748,261.739,69.9117],"duration":38634,"handIds":[985],"id":2,"normal":[-0.867773,0.472571,0.153775],"pointableIds":[9850],"progress":0.856758,"radius":38.674,"state":"stop","type":"circle"}],"hands":[{"armBasis":[[0.841167,-0.518662,-0.153061],[0.498631,0.853441,-0.151675],[0.209296,0.0512633,0.976508]],"armWidth":62.1429,"confidence":0.654008,"direction":[0.285004,0.406861,-0.867892],"elbow":[68.479,328.548,337.2],"grabStrength":0.128979,"id":985,"palmNormal":[-0.410358,-0.766482,-0.494077],"palmPosition":[20.2083,336.942,31.8976],"palmVelocity":[26.4074,60.9858,-192.524],"palmWidth":88.738,"pinchStrength":0.760436,"r":[[0.960809,0.0839555,0.264193],[-0.0874844,0.996165,0.00159872],[-0.263045,-0.0246488,0.964469]],"s":1.12792,"sphereCenter":[13.9705,297.06,-6.39995],"sphereRadius":49.4006,"stabilizedPalmPosition":[2.58757,283.402,107.176],"t":[4.78949,37.2136,-79.2145],"timeVisible":4.77558,"type":"right","wrist":[13.3676,315.05,80.0682]}],"id":4969138,"interactionBox":{"center":[0,200,0],"size":[235.247,235.247,147.751]},"pointables":[{"bases":[[[0.771223,0.564979,0.293282],[-0.624857,0.583948,0.518225],[0.121525,-0.582927,0.803385]],[[0.672634,0.739636,-0.0224011],[-0.693628,0.640761,0.329098],[0.257767,-0.205825,0.94403]],[[0.672634,0.739636,-0.0224011],[-0.739588,0.670995,-0.0526813],[-0.0239339,0.0520028,0.99836]],[[0.672634,0.739636,-0.0224011],[-0.726446,0.654271,-0.21025],[-0.140852,0.157694,0.977391]]],"btipPosition":[-24.5274,324.127,-25.1339],"carpPosition":[-15.9895,319.436,76.3291],"dipPosition":[-27.7423,327.727,-2.82554],"direction":[0.0239339,-0.0520028,-0.99836],"extended":false,"handId":985,"id":9850,"length":50.8265,"mcpPosition":[-15.9895,319.436,76.3291],"pipPosition":[-28.5381,329.456,30.3717],"stabilizedTipPosition":[-41.3233,271.682,68.8378],"timeVisible":4.77558,"tipPosition":[-24.5945,325.206,-20.0524],"tipVelocity":[29.5766,32.8015,-193.644],"tool":false,"touchDistance":-0.856434,"touchZone":"hovering","type":0,"width":19.7488},{"bases":[[[0.9018,-0.421592,-0.0949602],[0.42592,0.829877,0.360412],[-0.0731418,-0.365465,0.927947]],[[0.902222,-0.419393,-0.100524],[0.409421,0.90617,-0.105968],[0.135534,0.0544499,0.989275]],[[0.902222,-0.419393,-0.100524],[0.385479,0.888734,-0.248107],[0.193394,0.185098,0.963503]],[[0.902222,-0.419393,-0.100524],[0.364634,0.866272,-0.341489],[0.230299,0.271444,0.934495]]],"btipPosition":[-7.20344,349.443,-69.2131],"carpPosition":[1.62361,334.389,77.0988],"dipPosition":[-3.36602,353.966,-53.6418],"direction":[-0.193394,-0.185098,-0.963503],"extended":true,"handId":985,"id":9851,"length":57.352,"mcpPosition":[6.87144,360.611,10.5198],"pipPosition":[1.19269,358.329,-30.9299],"stabilizedTipPosition":[-26.4765,302.723,15.1996],"timeVisible":4.77558,"tipPosition":[-6.77376,349.248,-65.1677],"tipVelocity":[58.5224,35.8648,-215.814],"tool":false,"touchDistance":-0.91408,"touchZone":"hovering","type":1,"width":18.8641},{"bases":[[[0.797716,-0.602347,-0.0287589],[0.570539,0.738429,0.359455],[-0.19528,-0.303151,0.932719]],[[0.799119,-0.60012,-0.0355608],[0.405835,0.582159,-0.704549],[0.443516,0.548587,0.708764]],[[0.799119,-0.60012,-0.0355608],[0.0496817,0.124875,-0.990928],[0.599116,0.790103,0.129605]],[[0.799119,-0.60012,-0.0355608],[-0.146993,-0.137695,-0.979507],[0.582925,0.78797,-0.198248]]],"btipPosition":[-21.7742,289.455,-20.7056],"carpPosition":[13.0855,330.968,76.036],"dipPosition":[-11.091,303.896,-24.3388],"direction":[-0.599116,-0.790103,-0.129605],"extended":false,"handId":985,"id":9852,"length":65.348,"mcpPosition":[26.3726,351.595,12.5726],"pipPosition":[5.52408,325.808,-20.7446],"stabilizedTipPosition":[-35.864,234.101,84.6532],"timeVisible":4.77558,"tipPosition":[-19.6048,292.309,-20.1143],"tipVelocity":[41.5267,33.4786,-193.788],"tool":false,"touchDistance":-0.803737,"touchZone":"hovering","type":2,"width":18.527},{"bases":[[[0.71499,-0.694334,0.081797],[0.619558,0.683467,0.386031],[-0.32394,-0.22533,0.918852]],[[0.698,-0.704678,0.127378],[0.573004,0.44293,-0.68955],[0.429491,0.554294,0.712949]],[[0.698,-0.704678,0.127378],[0.196349,0.0172735,-0.980382],[0.688653,0.709317,0.15042]],[[0.698,-0.704678,0.127378],[-0.0319727,-0.208369,-0.977528],[0.715383,0.678242,-0.167972]]],"btipPosition":[-7.31217,282.769,-12.9388],"carpPosition":[23.2533,324.678,75.2625],"dipPosition":[5.72325,295.128,-15.9995],"direction":[-0.688653,-0.709317,-0.15042],"extended":false,"handId":985,"id":9853,"length":62.8339,"mcpPosition":[43.0427,338.443,19.1301],"pipPosition":[24.3282,314.291,-11.9357],"stabilizedTipPosition":[-21.7494,225.261,93.8544],"timeVisible":4.77558,"tipPosition":[-4.88401,285.325,-11.8521],"tipVelocity":[41.0485,33.57,-178.361],"tool":false,"touchDistance":-0.752373,"touchZone":"hovering","type":3,"width":17.6296},{"bases":[[[0.560428,-0.819067,0.122679],[0.692153,0.544542,0.473706],[-0.454801,-0.180566,0.872097]],[[0.550206,-0.822869,0.141986],[0.680727,0.343525,-0.646994],[0.483616,0.452634,0.749158]],[[0.550206,-0.822869,0.141986],[0.248527,-0.000960432,-0.968625],[0.797187,0.56823,0.203977]],[[0.550206,-0.822869,0.141986],[-0.0112592,-0.177333,-0.984087],[0.834953,0.539852,-0.106834]]],"btipPosition":[9.45129,287.092,-3.00805],"carpPosition":[29.6512,312.403,74.238],"dipPosition":[23.487,296.167,-4.80395],"direction":[-0.797187,-0.56823,-0.203977],"extended":false,"handId":985,"id":9854,"length":49.2606,"mcpPosition":[55.3702,322.614,24.9209],"pipPosition":[38.6931,307.006,-0.913155],"stabilizedTipPosition":[-4.47905,230.516,90.912],"timeVisible":4.77558,"tipPosition":[12.0966,289.016,-2.05384],"tipVelocity":[39.5719,39.3819,-175.986],"tool":false,"touchDistance":-0.787412,"touchZone":"hovering","type":4,"width":15.66}],"r":[[0.960809,0.0839555,0.264193],[-0.0874844,0.996165,0.00159872],[-0.263045,-0.0246488,0.964469]],"s":1.12792,"t":[4.78949,37.2136,-79.2145],"timestamp":669471127760},false],[4,{"currentFrameRate":49.3792,"devices":[],"gestures":[],"hands":[{"armBasis":[[0.838114,-0.515864,-0.177336],[0.502675,0.856631,-0.1162],[0.211855,0.00824655,0.977266]],"armWidth":62.1429,"confidence":0.604092,"direction":[0.294102,0.409452,-0.863628],"elbow":[69.017,318.6,332.227],"grabStrength":0.119042,"id":985,"palmNormal":[-0.407752,-0.763484,-0.500829],"palmPosition":[20.5761,338.488,26.8756],"palmVelocity":[22.731,70.4577,-226.029],"palmWidth":88.738,"pinchStrength":0.760698,"r":[[0.959577,0.0846066,0.268427],[-0.0877191,0.996145,-0.000399039],[-0.267426,-0.0231632,0.9633]],"s":1.13143,"sphereCenter":[14.344,298.954,-11.6974],"sphereRadius":49.3835,"stabilizedPalmPosition":[2.60717,283.462,107.089],"t":[5.23233,38.5879,-83.611],"timeVisible":4.79491,"type":"right","wrist":[13.2318,316.429,74.8954]}],"id":4969139,"interactionBox":{"center":[0,200,0],"size":[235.247,235.247,147.751]},"pointables":[{"bases":[[[0.769938,0.561805,0.302606],[-0.628115,0.583593,0.514675],[0.112548,-0.58634,0.802209]],[[0.67484,0.737848,-0.0130688],[-0.694681,0.641136,0.326134],[0.249016,-0.211009,0.945233]],[[0.67484,0.737848,-0.0130688],[-0.737328,0.673417,-0.0534489],[-0.0306364,0.0457055,0.998485]],[[0.67484,0.737848,-0.0130688],[-0.722572,0.657063,-0.214846],[-0.149937,0.15443,0.97656]]],"btipPosition":[-23.7595,326.135,-30.6053],"carpPosition":[-16.0778,320.907,70.9014],"dipPosition":[-27.1817,329.659,-8.31594],"direction":[0.0306364,-0.0457055,-0.998485],"extended":false,"handId":985,"id":9850,"length":50.8265,"mcpPosition":[-16.0778,320.907,70.9014],"pipPosition":[-28.2004,331.179,24.8854],"stabilizedTipPosition":[-41.303,271.749,68.7239],"timeVisible":4.79491,"tipPosition":[-23.8754,327.132,-25.5215],"tipVelocity":[33.4034,67.7457,-238.285],"tool":false,"touchDistance":-0.881261,"touchZone":"hovering","type":0,"width":19.7488},{"bases":[[[0.90154,-0.423603,-0.0882349],[0.424718,0.827353,0.367562],[-0.0826988,-0.368847,0.925804]],[[0.902121,-0.420897,-0.0949967],[0.412957,0.906022,-0.0926868],[0.125081,0.0443851,0.991153]],[[0.902121,-0.420897,-0.0949967],[0.390876,0.890411,-0.233206],[0.182742,0.173248,0.967776]],[[0.902121,-0.420897,-0.0949967],[0.371313,0.869415,-0.325951],[0.219783,0.258774,0.940602]]],"btipPosition":[-5.7107,352.019,-74.5469],"carpPosition":[1.56634,335.81,71.8924],"dipPosition":[-2.04851,356.331,-58.8739],"direction":[-0.182742,-0.173248,-0.967776],"extended":true,"handId":985,"id":9851,"length":57.352,"mcpPosition":[7.49988,362.275,5.46711],"pipPosition":[2.25912,360.415,-36.0613],"stabilizedTipPosition":[-26.3004,303.133,14.4973],"timeVisible":4.79491,"tipPosition":[-5.32813,351.726,-70.4976],"tipVelocity":[66.7966,83.1319,-245.149],"tool":false,"touchDistance":-0.930662,"touchZone":"hovering","type":1,"width":18.8641},{"bases":[[[0.796377,-0.604336,-0.023703],[0.569101,0.735528,0.36759],[-0.204713,-0.306229,0.929686]],[[0.79782,-0.602131,-0.0303504],[0.417125,0.587635,-0.69332],[0.435304,0.540485,0.719991]],[[0.79782,-0.602131,-0.0303504],[0.0646698,0.13552,-0.988662],[0.599417,0.786812,0.147061]],[[0.79782,-0.602131,-0.0303504],[-0.133121,-0.126838,-0.98295],[0.588015,0.788258,-0.18135]]],"btipPosition":[-20.9048,291.526,-26.9342],"carpPosition":[13.0287,332.364,70.9226],"dipPosition":[-10.1283,305.973,-30.2577],"direction":[-0.599417,-0.786812,-0.147061],"extended":false,"handId":985,"id":9852,"length":65.348,"mcpPosition":[26.9576,353.2,7.66556],"pipPosition":[6.4951,327.793,-26.1794],"stabilizedTipPosition":[-35.833,234.209,84.4536],"timeVisible":4.79491,"tipPosition":[-18.7371,294.363,-26.2351],"tipVelocity":[43.7961,70.2133,-255.921],"tool":false,"touchDistance":-0.844057,"touchZone":"hovering","type":2,"width":18.527},{"bases":[[[0.712389,-0.69653,0.0857237],[0.617729,0.680335,0.394406],[-0.333036,-0.228016,0.914929]],[[0.69472,-0.707125,0.131673],[0.58049,0.443098,-0.683152],[0.424729,0.551034,0.718308]],[[0.69472,-0.707125,0.131673],[0.205631,0.0198314,-0.978429],[0.68926,0.70681,0.159184]],[[0.69472,-0.707125,0.131673],[-0.023012,-0.204819,-0.978529],[0.718912,0.676774,-0.158565]]],"btipPosition":[-6.69625,284.541,-18.3845],"carpPosition":[23.1868,326.049,70.2189],"dipPosition":[6.40345,296.873,-21.2738],"direction":[-0.68926,-0.70681,-0.159184],"extended":false,"handId":985,"id":9853,"length":62.8339,"mcpPosition":[43.5318,339.979,14.3262],"pipPosition":[25.0248,315.968,-16.9732],"stabilizedTipPosition":[-21.7197,225.364,93.6683],"timeVisible":4.79491,"tipPosition":[-4.24239,287.103,-17.3344],"tipVelocity":[36.8519,62.3512,-228.823],"tool":false,"touchDistance":-0.786563,"touchZone":"hovering","type":3,"width":17.6296},{"bases":[[[0.557131,-0.821011,0.124687],[0.689145,0.540881,0.48221],[-0.46334,-0.182726,0.867137]],[[0.54727,-0.82467,0.142884],[0.690243,0.348159,-0.634311],[0.473351,0.445764,0.759759]],[[0.54727,-0.82467,0.142884],[0.26396,0.00805843,-0.9645],[0.794242,0.565557,0.22209]],[[0.54727,-0.82467,0.142884],[0.00421264,-0.168002,-0.985778],[0.836946,0.540088,-0.0884686]]],"btipPosition":[10.2216,288.856,-8.7793],"carpPosition":[29.5619,313.762,69.2061],"dipPosition":[24.2908,297.935,-10.2665],"direction":[-0.794242,-0.565557,-0.22209],"extended":false,"handId":985,"id":9854,"length":49.2606,"mcpPosition":[55.7638,324.095,20.1694],"pipPosition":[39.4407,308.723,-6.03017],"stabilizedTipPosition":[-4.45095,230.611,90.7553],"timeVisible":4.79491,"tipPosition":[12.8491,290.777,-7.73883],"tipVelocity":[39.9064,65.2616,-235.207],"tool":false,"touchDistance":-0.822508,"touchZone":"hovering","type":4,"width":15.66}],"r":[[0.959577,0.0846066,0.268427],[-0.0877191,0.996145,-0.000399039],[-0.267426,-0.0231632,0.9633]],"s":1.13143,"t":[5.23233,38.5879,-83.611],"timestamp":669471147092},false],[5,{"currentFrameRate":49.6145,"devices":[],"gestures":[],"hands":[{"armBasis":[[0.824651,-0.537712,-0.175548],[0.524082,0.843096,-0.120527],[0.212812,0.00739103,0.977065]],"armWidth":62.1429,"confidence":0.615172,"direction":[0.299174,0.408173,-0.86249],"elbow":[69.2393,318.062,328.475],"grabStrength":0.110656,"id":985,"palmNormal":[-0.430881,-0.748696,-0.503781],"palmPosition":[20.8131,338.341,23.2942],"palmVelocity":[17.5548,31.6466,-206.157],"palmWidth":88.738,"pinchStrength":0.762006,"r":[[0.95937,0.079705,0.27066],[-0.082684,0.996576,-0.000397281],[-0.269765,-0.0219982,0.962675]],"s":1.13447,"sphereCenter":[13.0834,299.467,-15.5691],"sphereRadius":49.3396,"stabilizedPalmPosition":[2.61742,283.493,107.042],"t":[5.57225,39.2012,-87.6],"timeVisible":4.81416,"type":"right","wrist":[13.2021,316.116,71.1962]}],"id":4969140,"interactionBox":{"center":[0,200,0],"size":[235.247,235.247,147.751]},"pointables":[{"bases":[[[0.786361,0.53911,0.301657],[-0.609241,0.595915,0.523173],[0.102286,-0.595185,0.797052]],[[0.69402,0.71986,-0.0117553],[-0.675344,0.656586,0.335865],[0.249494,-0.225158,0.941837]],[[0.69402,0.71986,-0.0117553],[-0.719608,0.693085,-0.0424048],[-0.0223781,0.037889,0.999031]],[[0.69402,0.71986,-0.0117553],[-0.706057,0.677339,-0.206629],[-0.140781,0.151704,0.978349]]],"btipPosition":[-24.1936,327.629,-33.9698],"carpPosition":[-16.005,321.391,67.4306],"dipPosition":[-27.4068,331.092,-11.6396],"direction":[0.0223781,-0.037889,-0.999031],"extended":false,"handId":985,"id":9850,"length":50.8265,"mcpPosition":[-16.005,321.391,67.4306],"pipPosition":[-28.1509,332.352,21.58],"stabilizedTipPosition":[-41.2865,271.806,68.6257],"timeVisible":4.81416,"tipPosition":[-24.2788,328.574,-28.8815],"tipVelocity":[6.85002,72.295,-206.486],"tool":false,"touchDistance":-0.871795,"touchZone":"hovering","type":0,"width":19.7488},{"bases":[[[0.889519,-0.4464,-0.0973803],[0.448659,0.813112,0.370883],[-0.0863813,-0.373598,0.92356]],[[0.890221,-0.443207,-0.10523],[0.43618,0.895964,-0.083637],[0.131351,0.028556,0.990925]],[[0.890221,-0.443207,-0.10523],[0.413265,0.882957,-0.222709],[0.19162,0.154772,0.969189]],[[0.890221,-0.443207,-0.10523],[0.392936,0.863995,-0.314822],[0.23045,0.238912,0.943299]]],"btipPosition":[-5.63219,353.798,-77.9317],"carpPosition":[2.03039,335.819,68.4152],"dipPosition":[-1.79227,357.779,-62.2138],"direction":[-0.19162,-0.154772,-0.969189],"extended":true,"handId":985,"id":9851,"length":57.352,"mcpPosition":[8.22814,362.624,2.15096],"pipPosition":[2.72464,361.427,-39.3679],"stabilizedTipPosition":[-26.1606,303.467,13.9212],"timeVisible":4.81416,"tipPosition":[-5.23417,353.409,-73.8918],"tipVelocity":[36.6958,85.775,-210.441],"tool":false,"touchDistance":-0.916547,"touchZone":"hovering","type":1,"width":18.8641},{"bases":[[[0.780064,-0.624802,-0.0334988],[0.590578,0.717537,0.369267],[-0.206682,-0.307836,0.928719]],[[0.781503,-0.622615,-0.040048],[0.43017,0.584214,-0.688221],[0.451894,0.520619,0.724395]],[[0.781503,-0.622615,-0.040048],[0.0655861,0.145818,-0.987135],[0.620445,0.768822,0.154792]],[[0.781503,-0.622615,-0.040048],[-0.139214,-0.11145,-0.983971],[0.608172,0.774551,-0.173775]]],"btipPosition":[-22.1402,293.036,-31.0076],"carpPosition":[13.3918,332.08,67.3436],"dipPosition":[-10.9943,307.231,-34.1924],"direction":[-0.620445,-0.768822,-0.154792],"extended":false,"handId":985,"id":9852,"length":65.348,"mcpPosition":[27.4547,353.026,4.15233],"pipPosition":[6.21231,328.553,-29.8996],"stabilizedTipPosition":[-35.8123,234.288,84.3056],"timeVisible":4.81416,"tipPosition":[-19.8917,295.811,-30.2801],"tipVelocity":[-7.6432,72.8034,-233.074],"tool":false,"touchDistance":-0.848608,"touchZone":"hovering","type":2,"width":18.527},{"bases":[[[0.694392,-0.715594,0.0757941],[0.637911,0.660886,0.395347],[-0.332999,-0.226176,0.915399]],[[0.676637,-0.72613,0.122055],[0.5877,0.432732,-0.683632],[0.443589,0.534302,0.719549]],[[0.676637,-0.72613,0.122055],[0.200126,0.0218372,-0.979527],[0.708598,0.687211,0.160093]],[[0.676637,-0.72613,0.122055],[-0.0342773,-0.196647,-0.979875],[0.735518,0.658836,-0.157949]]],"btipPosition":[-8.15626,285.472,-22.1966],"carpPosition":[23.3758,325.508,66.5254],"dipPosition":[5.24604,297.477,-25.0747],"direction":[-0.708598,-0.687211,-0.160093],"extended":false,"handId":985,"id":9853,"length":62.8339,"mcpPosition":[43.7186,339.325,10.6039],"pipPosition":[24.3898,316.043,-20.7495],"stabilizedTipPosition":[-21.7025,225.428,93.5483],"timeVisible":4.81416,"tipPosition":[-5.62151,287.965,-21.1625],"tipVelocity":[-17.3305,53.4657,-213.45],"tool":false,"touchDistance":-0.793383,"touchZone":"hovering","type":3,"width":17.6296},{"bases":[[[0.536174,-0.836257,0.11486],[0.706206,0.518943,0.481633],[-0.462375,-0.177124,0.868813]],[[0.526604,-0.839704,0.132607],[0.696245,0.336509,-0.634038],[0.487781,0.426214,0.761847]],[[0.526604,-0.839704,0.132607],[0.262029,0.011935,-0.964986],[0.808721,0.542913,0.226312]],[[0.526604,-0.839704,0.132607],[-0.0015228,-0.156919,-0.98761],[0.850109,0.519878,-0.0839129]]],"btipPosition":[9.02944,289.289,-12.9306],"carpPosition":[29.4194,313.065,65.3787],"dipPosition":[23.3199,298.028,-14.3412],"direction":[-0.808721,-0.542913,-0.226312],"extended":false,"handId":985,"id":9854,"length":49.2606,"mcpPosition":[55.5667,323.081,16.2472],"pipPosition":[38.7461,308.384,-10.0244],"stabilizedTipPosition":[-4.43708,230.661,90.6693],"timeVisible":4.81416,"tipPosition":[11.7255,291.143,-11.8874],"tipVelocity":[-9.36398,41.9837,-225.028],"tool":false,"touchDistance":-0.830596,"touchZone":"hovering","type":4,"width":15.66}],"r":[[0.95937,0.079705,0.27066],[-0.082684,0.996576,-0.000397281],[-0.269765,-0.0219982,0.962675]],"s":1.13447,"t":[5.57225,39.2012,-87.6],"timestamp":669471166344},false],[6,{"currentFrameRate":49.8236,"devices":[],"gestures":[],"hands":[{"armBasis":[[0.82477,-0.540297,-0.166832],[0.524015,0.841166,-0.133594],[0.212514,0.022762,0.976893]],"armWidth":62.1429,"confidence":0.62524,"direction":[0.299493,0.406008,-0.863401],"elbow":[69.3214,322.58,326.842],"grabStrength":0.102942,"id":985,"palmNormal":[-0.430909,-0.749827,-0.502073],"palmPosition":[20.9914,338.693,21.6552],"palmVelocity":[13.4269,25.0087,-145.956],"palmWidth":88.738,"pinchStrength":0.760354,"r":[[0.959171,0.0758741,0.272459],[-0.0786101,0.996905,-0.000875964],[-0.271682,-0.0205778,0.962167]],"s":1.13753,"sphereCenter":[13.0809,299.927,-17.1406],"sphereRadius":49.278,"stabilizedPalmPosition":[2.6232,283.51,107.015],"t":[5.83134,39.6842,-90.414],"timeVisible":4.83343,"type":"right","wrist":[13.3627,316.587,69.609]}],"id":4969141,"interactionBox":{"center":[0,200,0],"size":[235.247,235.247,147.751]},"pointables":[{"bases":[[[0.786397,0.539672,0.300555],[-0.609251,0.597319,0.521559],[0.101944,-0.593266,0.798526]],[[0.694365,0.719507,-0.0129078],[-0.675139,0.657547,0.334393],[0.249086,-0.223477,0.942345]],[[0.694365,0.719507,-0.0129078],[-0.71929,0.693387,-0.0428484],[-0.0218796,0.0390369,0.998998]],[[0.694365,0.719507,-0.0129078],[-0.705455,0.677044,-0.209628],[-0.142089,0.154664,0.977696]]],"btipPosition":[-23.9976,327.91,-35.5863],"carpPosition":[-15.8422,321.859,65.8228],"dipPosition":[-27.2407,331.44,-13.271],"direction":[0.0218796,-0.0390369,-0.998998],"extended":false,"handId":985,"id":9850,"length":50.8265,"mcpPosition":[-15.8422,321.859,65.8228],"pipPosition":[-27.9682,332.738,19.9475],"stabilizedTipPosition":[-41.2743,271.848,68.5527],"timeVisible":4.83343,"tipPosition":[-24.1123,328.841,-30.502],"tipVelocity":[8.32243,43.9912,-145.629],"tool":false,"touchDistance":-0.837247,"touchZone":"hovering","type":0,"width":19.7488},{"bases":[[[0.889448,-0.446829,-0.0960557],[0.448737,0.813915,0.369023],[-0.0867091,-0.37133,0.924443]],[[0.890238,-0.443247,-0.104919],[0.436568,0.896012,-0.0810624],[0.129939,0.0263607,0.991172]],[[0.890238,-0.443247,-0.104919],[0.414226,0.883616,-0.218264],[0.189453,0.150847,0.970233]],[[0.890238,-0.443247,-0.104919],[0.394373,0.865308,-0.309373],[0.227916,0.234039,0.945135]]],"btipPosition":[-5.2905,354.368,-79.6987],"carpPosition":[2.19606,336.285,66.7772],"dipPosition":[-1.49281,358.267,-63.9502],"direction":[-0.189453,-0.150847,-0.970233],"extended":true,"handId":985,"id":9851,"length":57.352,"mcpPosition":[8.41733,362.928,0.449534],"pipPosition":[2.97301,361.823,-41.0797],"stabilizedTipPosition":[-26.0528,303.724,13.4753],"timeVisible":4.83343,"tipPosition":[-4.89954,353.935,-75.66],"tipVelocity":[27.0179,57.3438,-151.23],"tool":false,"touchDistance":-0.879624,"touchZone":"hovering","type":1,"width":18.8641},{"bases":[[[0.779937,-0.625051,-0.0317696],[0.590635,0.718306,0.367678],[-0.206997,-0.30553,0.929411]],[[0.781368,-0.622895,-0.0382798],[0.430393,0.582277,-0.689722],[0.451914,0.522451,0.723062]],[[0.781368,-0.622895,-0.0382798],[0.0658796,0.143325,-0.98748],[0.620583,0.769064,0.153026]],[[0.781368,-0.622895,-0.0382798],[-0.13889,-0.11377,-0.983751],[0.608419,0.773988,-0.17541]]],"btipPosition":[-21.9629,293.258,-32.539],"carpPosition":[13.5569,332.542,65.7177],"dipPosition":[-10.8125,307.443,-35.7537],"direction":[-0.620583,-0.769064,-0.153026],"extended":false,"handId":985,"id":9852,"length":65.348,"mcpPosition":[27.6413,353.33,2.4794],"pipPosition":[6.39794,328.771,-31.5099],"stabilizedTipPosition":[-35.7987,234.34,84.2085],"timeVisible":4.83343,"tipPosition":[-19.7081,296.043,-31.8374],"tipVelocity":[0.755777,42.277,-156.893],"tool":false,"touchDistance":-0.815154,"touchZone":"hovering","type":2,"width":18.527},{"bases":[[[0.694216,-0.715558,0.077721],[0.63795,0.661707,0.393908],[-0.333293,-0.223876,0.915858]],[[0.676392,-0.726005,0.124139],[0.58802,0.430778,-0.684589],[0.443539,0.536047,0.71828]],[[0.676392,-0.726005,0.124139],[0.200616,0.0194262,-0.979477],[0.708694,0.687414,0.158788]],[[0.676392,-0.726005,0.124139],[-0.0337236,-0.198893,-0.979441],[0.73577,0.658299,-0.159013]]],"btipPosition":[-7.97943,285.717,-23.7219],"carpPosition":[23.5397,325.965,64.9181],"dipPosition":[5.42745,297.712,-26.6194],"direction":[-0.708694,-0.687414,-0.158788],"extended":false,"handId":985,"id":9853,"length":62.8339,"mcpPosition":[43.9005,339.641,8.96867],"pipPosition":[24.5738,316.284,-22.3295],"stabilizedTipPosition":[-21.6923,225.467,93.4766],"timeVisible":4.83343,"tipPosition":[-5.43682,288.217,-22.7097],"tipVelocity":[-4.12717,33.1487