{"sensorType":"Leap","data":[[0,{"currentFrameRate":51.9361,"devices":[],"gestures":[],"hands":[{"armBasis":[[0.810399,-0.560771,-0.169674],[0.535669,0.826497,-0.173094],[0.237301,0.0493862,0.97018]],"armWidth":62.1429,"confidence":0.602247,"direction":[0.286366,0.405042,-0.868295],"elbow":[61.3818,324.298,343.575],"grabStrength":0.249931,"id":985,"palmNormal":[-0.458434,-0.737855,-0.495387],"palmPosition":[5.79133,333.529,40.1042],"palmVelocity":[97.0623,56.1415,-239.49],"palmWidth":88.738,"pinchStrength":0.864967,"r":[[0.963429,0.0746164,0.257367],[-0.0735266,0.997197,-0.0138695],[-0.257681,-0.00556103,0.966214]],"s":1.03992,"sphereCenter":[-0.94439,291.406,1.7147],"sphereRadius":50.5862,"stabilizedPalmPosition":[-5.40442,309.336,91.9543],"t":[-10.9782,33.9256,-70.1751],"timeVisible":7.97243,"type":"right","wrist":[-1.10378,311.293,88.1092]}],"id":4969304,"interactionBox":{"center":[0,200,0],"size":[235.247,235.247,147.751]},"pointables":[{"bases":[[[0.804463,0.521733,0.283961],[-0.583836,0.606428,0.539797],[0.109428,-0.600034,0.792455]],[[0.695292,0.716755,-0.0532109],[-0.67942,0.679611,0.276618],[0.23443,-0.156178,0.959506]],[[0.695292,0.716755,-0.0532109],[-0.7179,0.696137,-0.00359073],[0.0344684,0.0406967,0.998577]],[[0.695292,0.716755,-0.0532109],[-0.71013,0.673672,-0.204649],[-0.110837,0.180078,0.977388]]],"btipPosition":[-40.308,319.321,-17.1464],"carpPosition":[-30.279,317.181,85.0771],"dipPosition":[-42.8377,323.431,5.16188],"direction":[-0.0344684,-0.0406967,-0.998577],"extended":false,"handId":985,"id":9850,"length":50.8265,"mcpPosition":[-30.279,317.181,85.0771],"pipPosition":[-41.6916,324.784,38.3663],"stabilizedTipPosition":[-50.7611,302.071,25.8989],"timeVisible":7.97243,"tipPosition":[-40.5449,320.977,-12.103],"tipVelocity":[93.1424,100.007,-247.816],"tool":false,"touchDistance":-0.85418,"touchZone":"hovering","type":0,"width":19.7488},{"bases":[[[0.877466,-0.464245,-0.12054],[0.474284,0.80237,0.362294],[-0.0714752,-0.375071,0.924236]],[[0.877535,-0.46388,-0.121439],[0.44126,0.880325,-0.17412],[0.187677,0.0992103,0.977208]],[[0.877535,-0.46388,-0.121439],[0.412277,0.85922,-0.302933],[0.244867,0.215768,0.945243]],[[0.877535,-0.46388,-0.121439],[0.389174,0.836945,-0.384794],[0.280136,0.290409,0.914979]]],"btipPosition":[-25.106,344.061,-59.1203],"carpPosition":[-11.9309,331.232,85.6641],"dipPosition":[-20.4382,348.9,-43.8743],"direction":[-0.244867,-0.215768,-0.945243],"extended":true,"handId":985,"id":9851,"length":57.352,"mcpPosition":[-6.80265,358.142,19.3513],"pipPosition":[-14.6661,353.986,-21.5929],"stabilizedTipPosition":[-33.8134,330.325,-30.8504],"timeVisible":7.97243,"tipPosition":[-24.6187,344.061,-55.0512],"tipVelocity":[134.622,139.223,-256.736],"tool":false,"touchDistance":-0.859751,"touchZone":"hovering","type":1,"width":18.8641},{"bases":[[[0.765945,-0.640587,-0.0545488],[0.614117,0.703904,0.356903],[-0.19023,-0.306868,0.932547]],[[0.753969,-0.656908,-0.00175183],[0.490152,0.564345,-0.664279],[0.437359,0.499987,0.747483]],[[0.753969,-0.656908,-0.00175183],[0.173737,0.201978,-0.963857],[0.633519,0.726413,0.266415]],[[0.753969,-0.656908,-0.00175183],[-0.0190053,-0.0191476,-0.999636],[0.656635,0.753727,-0.0269214]]],"btipPosition":[-37.8975,290.682,-21.1813],"carpPosition":[-0.678722,327.264,84.3026],"dipPosition":[-25.8635,304.495,-21.6747],"direction":[-0.633519,-0.726413,-0.266415],"extended":false,"handId":985,"id":9852,"length":65.348,"mcpPosition":[12.2648,348.144,20.8509],"pipPosition":[-8.29432,324.641,-14.2863],"stabilizedTipPosition":[-45.1683,268.032,28.9378],"timeVisible":7.97243,"tipPosition":[-35.6647,293.234,-19.512],"tipVelocity":[81.155,101.682,-266.954],"tool":false,"touchDistance":-0.920877,"touchZone":"hovering","type":2,"width":18.527},{"bases":[[[0.681114,-0.729992,0.0565292],[0.660894,0.646197,0.381639],[-0.315123,-0.22258,0.922581]],[[0.674094,-0.734663,0.0765963],[0.582581,0.465052,-0.666578],[0.454089,0.49396,0.74149]],[[0.674094,-0.734663,0.0765963],[0.244856,0.124418,-0.961543],[0.696881,0.666926,0.263756]],[[0.674094,-0.734663,0.0765963],[0.0355984,-0.0712656,-0.996822],[0.737787,0.674678,-0.0218869]]],"btipPosition":[-23.662,282.253,-12.1771],"carpPosition":[9.1445,320.491,83.2196],"dipPosition":[-10.2183,294.546,-12.5759],"direction":[-0.696881,-0.666926,-0.263756],"extended":false,"handId":985,"id":9853,"length":62.8339,"mcpPosition":[28.3952,334.088,26.8594],"pipPosition":[8.60886,312.564,-5.45014],"stabilizedTipPosition":[-30.9261,257.128,44.4306],"timeVisible":7.97243,"tipPosition":[-21.1581,284.669,-10.6707],"tipVelocity":[72.8646,86.9106,-263.128],"tool":false,"touchDistance":-0.882467,"touchZone":"hovering","type":3,"width":17.6296},{"bases":[[[0.52144,-0.847515,0.0990878],[0.728333,0.50257,0.465784],[-0.444558,-0.17071,0.879333]],[[0.542333,-0.838266,0.0564387],[0.666265,0.388185,-0.636713],[0.511826,0.382914,0.769032]],[[0.542333,-0.838266,0.0564387],[0.279752,0.116832,-0.952937],[0.792221,0.532598,0.297868]],[[0.542333,-0.838266,0.0564387],[0.0459838,-0.0374592,-0.99824],[0.838904,0.543973,0.0182313]]],"btipPosition":[-6.82356,285.076,-0.34747],"carpPosition":[14.9001,307.931,81.8865],"dipPosition":[7.27859,294.221,-0.0409982],"direction":[-0.792221,-0.532598,-0.297868],"extended":false,"handId":985,"id":9854,"length":49.2606,"mcpPosition":[40.0398,317.584,32.1601],"pipPosition":[22.39,304.38,5.64075],"stabilizedTipPosition":[-13.6328,259.134,57.3846],"timeVisible":7.97243,"tipPosition":[-4.08508,286.894,0.824817],"tipVelocity":[72.0761,71.4688,-257.308],"tool":false,"touchDistance":-0.805385,"touchZone":"hovering","type":4,"width":15.66}],"r":[[0.963429,0.0746164,0.257367],[-0.0735266,0.997197,-0.0138695],[-0.257681,-0.00556103,0.966214]],"s":1.03992,"t":[-10.9782,33.9256,-70.1751],"timestamp":669474324614},false],[1,{"currentFrameRate":51.9444,"devices":[],"gestures":[],"hands":[{"armBasis":[[0.808943,-0.553715,-0.197511],[0.534843,0.832638,-0.143726],[0.244039,0.010629,0.969707]],"armWidth":62.1429,"confidence":0.604297,"direction":[0.287971,0.403512,-0.868476],"elbow":[65.0213,316.333,339.99],"grabStrength":0.235365,"id":985,"palmNormal":[-0.453667,-0.741188,-0.494799],"palmPosition":[7.7461,335.651,36.6019],"palmVelocity":[99.3634,83.0425,-211.07],"palmWidth":88.738,"pinchStrength":0.863477,"r":[[0.963135,0.0678423,0.260324],[-0.0676255,0.997663,-0.00980031],[-0.26038,-0.00816553,0.965472]],"s":1.04507,"sphereCenter":[0.968159,293.744,-1.7338],"sphereRadius":50.4536,"stabilizedPalmPosition":[-5.2242,309.697,91.1958],"t":[-9.06651,35.5251,-74.2282],"timeVisible":7.99165,"type":"right","wrist":[0.761497,313.535,84.6494]}],"id":4969305,"interactionBox":{"center":[0,200,0],"size":[235.247,235.247,147.751]},"pointables":[{"bases":[[[0.801331,0.525796,0.285319],[-0.588231,0.605755,0.535766],[0.108871,-0.59716,0.7947]],[[0.692564,0.719407,-0.0530018],[-0.68277,0.677454,0.273645],[0.232768,-0.153328,0.960369]],[[0.692564,0.719407,-0.0530018],[-0.720686,0.693218,-0.00782514],[0.0311124,0.0436171,0.998564]],[[0.692564,0.719407,-0.0530018],[-0.711734,0.669517,-0.21256],[-0.117432,0.184935,0.975709]]],"btipPosition":[-38.1113,321.09,-20.7353],"carpPosition":[-28.4254,319.297,81.4915],"dipPosition":[-40.7916,325.311,1.53468],"direction":[-0.0311124,-0.0436171,-0.998564],"extended":false,"handId":985,"id":9850,"length":50.8265,"mcpPosition":[-28.4254,319.297,81.4915],"pipPosition":[-39.7571,326.761,34.7387],"stabilizedTipPosition":[-50.4045,302.664,24.6687],"timeVisible":7.99165,"tipPosition":[-38.3815,322.741,-15.7107],"tipVelocity":[102.738,96.7152,-217.726],"tool":false,"touchDistance":-0.851061,"touchZone":"hovering","type":0,"width":19.7488},{"bases":[[[0.87974,-0.46112,-0.115869],[0.469754,0.805358,0.361567],[-0.0734095,-0.372515,0.925118]],[[0.879911,-0.46024,-0.118051],[0.439367,0.882729,-0.166569],[0.180869,0.0946983,0.978938]],[[0.879911,-0.46024,-0.118051],[0.412428,0.863194,-0.291202],[0.235924,0.207544,0.94935]],[[0.879911,-0.46024,-0.118051],[0.390873,0.842419,-0.370874],[0.27014,0.280193,0.921149]]],"btipPosition":[-22.5092,346.621,-63.0169],"carpPosition":[-10.1355,333.422,82.1029],"dipPosition":[-18.0079,351.29,-47.668],"direction":[-0.235924,-0.207544,-0.94935],"extended":true,"handId":985,"id":9851,"length":57.352,"mcpPosition":[-4.86843,360.15,15.7268],"pipPosition":[-12.4467,356.182,-25.2898],"stabilizedTipPosition":[-32.3412,332.398,-34.2669],"timeVisible":7.99165,"tipPosition":[-22.0768,346.459,-58.913],"tipVelocity":[133.872,135.223,-229.325],"tool":false,"touchDistance":-0.860203,"touchZone":"hovering","type":1,"width":18.8641},{"bases":[[[0.768676,-0.637701,-0.0497464],[0.609996,0.707432,0.356996],[-0.192464,-0.304759,0.932781]],[[0.756241,-0.654279,0.00435273],[0.491786,0.564013,-0.663352],[0.431562,0.503794,0.748295]],[[0.756241,-0.654279,0.00435273],[0.178749,0.200197,-0.963312],[0.629403,0.729274,0.268349]],[[0.756241,-0.654279,0.00435273],[-0.0128558,-0.0215098,-0.999686],[0.654167,0.755947,-0.0246779]]],"btipPosition":[-35.4977,292.471,-24.8375],"carpPosition":[1.13732,329.495,80.7952],"dipPosition":[-23.5088,306.325,-25.2898],"direction":[-0.629403,-0.729274,-0.268349],"extended":false,"handId":985,"id":9852,"length":65.348,"mcpPosition":[14.2328,350.231,17.3277],"pipPosition":[-6.05381,326.549,-17.8478],"stabilizedTipPosition":[-44.8568,268.724,27.5873],"timeVisible":7.99165,"tipPosition":[-33.2677,295.058,-23.21],"tipVelocity":[102.572,97.6434,-228.634],"tool":false,"touchDistance":-0.911823,"touchZone":"hovering","type":2,"width":18.527},{"bases":[[[0.683789,-0.727101,0.0612928],[0.656909,0.649987,0.382082],[-0.317652,-0.221,0.922093]],[[0.676456,-0.731897,0.0820606],[0.583454,0.464568,-0.666151],[0.449432,0.498501,0.741288]],[[0.676456,-0.731897,0.0820606],[0.248195,0.121642,-0.961043],[0.693402,0.67047,0.263938]],[[0.676456,-0.731897,0.0820606],[0.0398909,-0.0748472,-0.996397],[0.735402,0.677292,-0.0214347]]],"btipPosition":[-21.3203,284.082,-15.6019],"carpPosition":[10.9913,322.757,79.7693],"dipPosition":[-7.92016,296.423,-15.9925],"direction":[-0.693402,-0.67047,-0.263938],"extended":false,"handId":985,"id":9853,"length":62.8339,"mcpPosition":[30.3965,336.258,23.4389],"pipPosition":[10.8131,314.537,-8.86183],"stabilizedTipPosition":[-30.7003,257.658,43.3605],"timeVisible":7.99165,"tipPosition":[-18.8137,286.527,-14.1415],"tipVelocity":[96.9016,91.2887,-220.93],"tool":false,"touchDistance":-0.873898,"touchZone":"hovering","type":3,"width":17.6296},{"bases":[[[0.524426,-0.845127,0.103624],[0.724605,0.506889,0.466918],[-0.447131,-0.169777,0.878208]],[[0.544413,-0.836435,0.0631693],[0.669648,0.388032,-0.633247],[0.505158,0.387049,0.771368]],[[0.544413,-0.836435,0.0631693],[0.286791,0.114837,-0.951085],[0.788267,0.5359,0.302401]],[[0.544413,-0.836435,0.0631693],[0.0538178,-0.0403226,-0.997736],[0.837089,0.546581,0.023063]]],"btipPosition":[-4.44076,287.06,-3.92236],"carpPosition":[16.8015,310.217,78.4962],"dipPosition":[9.63086,296.248,-3.53467],"direction":[-0.788267,-0.5359,-0.302401],"extended":false,"handId":985,"id":9854,"length":49.2606,"mcpPosition":[42.0868,319.817,28.8334],"pipPosition":[24.6668,306.47,2.23355],"stabilizedTipPosition":[-13.4601,259.552,56.534],"timeVisible":7.99165,"tipPosition":[-1.71176,288.892,-2.7371],"tipVelocity":[97.6436,87.4771,-221.437],"tool":false,"touchDistance":-0.806523,"touchZone":"hovering","type":4,"width":15.66}],"r":[[0.963135,0.0678423,0.260324],[-0.0676255,0.997663,-0.00980031],[-0.26038,-0.00816553,0.965472]],"s":1.04507,"t":[-9.06651,35.5251,-74.2282],"timestamp":669474343835},false],[2,{"currentFrameRate":51.9484,"devices":[],"gestures":[],"hands":[{"armBasis":[[0.813604,-0.549683,-0.189464],[0.53562,0.835373,-0.123546],[0.226184,-0.000963053,0.974084]],"armWidth":62.1429,"confidence":0.606063,"direction":[0.286927,0.408222,-0.866618],"elbow":[62.111,314.074,338.234],"grabStrength":0.214597,"id":985,"palmNormal":[-0.45445,-0.738374,-0.498276],"palmPosition":[9.47961,336.705,33.806],"palmVelocity":[94.7758,69.0397,-178.446],"palmWidth":88.738,"pinchStrength":0.862353,"r":[[0.962935,0.0620913,0.26249],[-0.0628762,0.998007,-0.00541686],[-0.262304,-0.0112883,0.964919]],"s":1.05097,"sphereCenter":[2.23321,295.452,-4.81184],"sphereRadius":50.3007,"stabilizedPalmPosition":[-4.99431,310.119,90.2985],"t":[-7.24392,36.8522,-77.6527],"timeVisible":8.01089,"type":"right","wrist":[2.55277,314.327,81.7403]}],"id":4969306,"interactionBox":{"center":[0,200,0],"size":[235.247,235.247,147.751]},"pointables":[{"bases":[[[0.801801,0.52407,0.287167],[-0.58742,0.602913,0.539846],[0.109781,-0.601537,0.791266]],[[0.692604,0.719583,-0.0500071],[-0.682009,0.675857,0.27943],[0.234871,-0.159429,0.958863]],[[0.692604,0.719583,-0.0500071],[-0.720575,0.693371,-0.00270418],[0.0327276,0.0379068,0.998745]],[[0.692604,0.719583,-0.0500071],[-0.711606,0.670295,-0.210528],[-0.117973,0.181398,0.976308]]],"btipPosition":[-36.4667,322.473,-23.5213],"carpPosition":[-26.6371,320.112,78.6518],"dipPosition":[-39.1594,326.613,-1.2377],"direction":[-0.0327276,-0.0379068,-0.998745],"extended":false,"handId":985,"id":9850,"length":50.8265,"mcpPosition":[-26.6371,320.112,78.6518],"pipPosition":[-38.0711,327.874,31.9723],"stabilizedTipPosition":[-49.9838,303.32,23.3083],"timeVisible":8.01089,"tipPosition":[-36.7407,324.082,-18.4969],"tipVelocity":[94.1079,83.9123,-181.462],"tool":false,"touchDistance":-0.836032,"touchZone":"hovering","type":0,"width":19.7488},{"bases":[[[0.8795,-0.460642,-0.119538],[0.470377,0.803271,0.365378],[-0.0722869,-0.377577,0.923152]],[[0.87975,-0.459301,-0.122808],[0.441034,0.884867,-0.149998],[0.177563,0.0777987,0.981029]],[[0.87975,-0.459301,-0.122808],[0.41537,0.868195,-0.271487],[0.231316,0.18783,0.954575]],[[0.87975,-0.459301,-0.122808],[0.394734,0.849605,-0.349794],[0.264999,0.259255,0.928742]]],"btipPosition":[-20.4651,349.314,-65.9989],"carpPosition":[-8.3436,334.23,79.3172],"dipPosition":[-16.0494,353.634,-50.5235],"direction":[-0.231316,-0.18783,-0.954575],"extended":true,"handId":985,"id":9851,"length":57.352,"mcpPosition":[-3.1571,361.321,13.0821],"pipPosition":[-10.5968,358.061,-28.0221],"stabilizedTipPosition":[-30.6563,334.738,-37.9491],"timeVisible":8.01089,"tipPosition":[-20.098,348.914,-61.8548],"tipVelocity":[119.661,135.529,-191.691],"tool":false,"touchDistance":-0.846809,"touchZone":"hovering","type":1,"width":18.8641},{"bases":[[[0.768487,-0.637563,-0.0542425],[0.610594,0.705345,0.360087],[-0.191318,-0.309842,0.93134]],[[0.755852,-0.654742,0.000832099],[0.492189,0.567358,-0.660193],[0.431783,0.499418,0.751096]],[[0.755852,-0.654742,0.000832099],[0.179364,0.20584,-0.962008],[0.629695,0.727285,0.273021]],[[0.755852,-0.654742,0.000832099],[-0.0122295,-0.0153887,-0.999807],[0.654628,0.755696,-0.0196387]]],"btipPosition":[-33.8132,293.895,-27.915],"carpPosition":[2.92673,330.309,77.9734],"dipPosition":[-21.8159,307.745,-28.2749],"direction":[-0.629695,-0.727285,-0.273021],"extended":false,"handId":985,"id":9852,"length":65.348,"mcpPosition":[15.9443,351.391,14.6038],"pipPosition":[-4.35277,327.914,-20.7033],"stabilizedTipPosition":[-44.4831,269.492,26.0826],"timeVisible":8.01089,"tipPosition":[-31.5685,296.492,-26.3148],"tipVelocity":[95.1765,85.9129,-194.01],"tool":false,"touchDistance":-0.894818,"touchZone":"hovering","type":2,"width":18.527},{"bases":[[[0.683726,-0.727555,0.0564136],[0.657529,0.647755,0.384797],[-0.316503,-0.226002,0.921276]],[[0.67572,-0.732903,0.0790973],[0.584936,0.467789,-0.662588],[0.448612,0.493991,0.744795]],[[0.67572,-0.732903,0.0790973],[0.250047,0.126944,-0.959876],[0.693455,0.668385,0.269039]],[[0.67572,-0.732903,0.0790973],[0.0414989,-0.0693095,-0.996732],[0.73599,0.676794,-0.0164191]]],"btipPosition":[-19.5802,285.466,-18.8056],"carpPosition":[12.778,323.575,76.8977],"dipPosition":[-6.16927,297.799,-19.1047],"direction":[-0.693455,-0.668385,-0.269039],"extended":false,"handId":985,"id":9853,"length":62.8339,"mcpPosition":[32.1131,337.381,20.6173],"pipPosition":[12.5654,315.856,-11.8363],"stabilizedTipPosition":[-30.4177,258.268,42.1225],"timeVisible":8.01089,"tipPosition":[-17.0658,287.911,-17.3574],"tipVelocity":[93.7719,81.6543,-193.392],"tool":false,"touchDistance":-0.862581,"touchZone":"hovering","type":3,"width":17.6296},{"bases":[[[0.524394,-0.845782,0.0983018],[0.725306,0.50418,0.468758],[-0.446029,-0.174515,0.87784]],[[0.54377,-0.837155,0.0590429],[0.669721,0.390463,-0.631674],[0.505755,0.383028,0.772982]],[[0.54377,-0.837155,0.0590429],[0.286792,0.119244,-0.950543],[0.788711,0.53381,0.30493]],[[0.54377,-0.837155,0.0590429],[0.0537961,-0.0354385,-0.997923],[0.837508,0.545817,0.0257653]]],"btipPosition":[-2.75651,288.343,-6.99888],"carpPosition":[18.5841,311.04,75.5482],"dipPosition":[11.3222,297.518,-6.56576],"direction":[-0.788711,-0.53381,-0.30493],"extended":false,"handId":985,"id":9854,"length":49.2606,"mcpPosition":[43.8071,320.909,25.9063],"pipPosition":[26.3666,307.7,-0.749292],"stabilizedTipPosition":[-13.2399,260.04,55.5319],"timeVisible":8.01089,"tipPosition":[-0.0154596,290.173,-5.8238],"tipVelocity":[92.6805,77.0776,-190.639],"tool":false,"touchDistance":-0.800195,"touchZone":"hovering","type":4,"width":15.66}],"r":[[0.962935,0.0620913,0.26249],[-0.0628762,0.998007,-0.00541686],[-0.262304,-0.0112883,0.964919]],"s":1.05097,"t":[-7.24392,36.8522,-77.6527],"timestamp":669474363070},false],[3,{"currentFrameRate":51.9293,"devices":[],"gestures":[],"hands":[{"armBasis":[[0.816084,-0.547147,-0.18611],[0.533857,0.837035,-0.119872],[0.221369,-0.00153043,0.975189]],"armWidth":62.1429,"confidence":0.610496,"direction":[0.29774,0.41677,-0.858868],"elbow":[61.2026,313.638,335.872],"grabStrength":0.200508,"id":985,"palmNormal":[-0.444559,-0.735636,-0.511084],"palmPosition":[10.439,336.86,31.4528],"palmVelocity":[72.2937,38.6405,-150.21],"palmWidth":88.738,"pinchStrength":0.860532,"r":[[0.96195,0.0577212,0.267058],[-0.0597982,0.99821,-0.000355526],[-0.266601,-0.0156276,0.96368]],"s":1.05648,"sphereCenter":[3.56852,296.233,-7.66878],"sphereRadius":50.1971,"stabilizedPalmPosition":[-4.78173,310.488,89.488],"t":[-5.85293,37.5931,-80.5415],"timeVisible":8.03022,"type":"right","wrist":[2.91238,314.041,79.0879]}],"id":4969307,"interactionBox":{"center":[0,200,0],"size":[235.247,235.247,147.751]},"pointables":[{"bases":[[[0.795677,0.524423,0.303115],[-0.597289,0.596086,0.536588],[0.100716,-0.607998,0.787524]],[[0.690608,0.722438,-0.0338119],[-0.688063,0.670711,0.276976],[0.222776,-0.168017,0.960282]],[[0.690608,0.722438,-0.0338119],[-0.722981,0.690841,-0.00611351],[0.018942,0.0286674,0.99941]],[[0.690608,0.722438,-0.0338119],[-0.710697,0.669234,-0.216877],[-0.134052,0.173807,0.975613]]],"btipPosition":[-34.6672,323.008,-26.6157],"carpPosition":[-26.2517,319.748,75.6328],"dipPosition":[-37.7268,326.975,-4.3479],"direction":[-0.018942,-0.0286674,-0.999409],"extended":false,"handId":985,"id":9850,"length":50.8265,"mcpPosition":[-26.2517,319.748,75.6328],"pipPosition":[-37.097,327.928,28.8842],"stabilizedTipPosition":[-49.5568,303.921,21.9992],"timeVisible":8.03022,"tipPosition":[-35.0227,324.533,-21.5908],"tipVelocity":[91.4357,54.8683,-170.918],"tool":false,"touchDistance":-0.827232,"touchZone":"hovering","type":0,"width":19.7488},{"bases":[[[0.882816,-0.456431,-0.110935],[0.462139,0.801743,0.378993],[-0.0840425,-0.385849,0.918726]],[[0.883201,-0.454613,-0.115249],[0.440702,0.888533,-0.127636],[0.160428,0.0619376,0.985102]],[[0.883201,-0.454613,-0.115249],[0.417491,0.874061,-0.248432],[0.213676,0.1713,0.961769]],[[0.883201,-0.454613,-0.115249],[0.398472,0.856981,-0.326807],[0.247337,0.242713,0.938038]]],"btipPosition":[-17.872,350.932,-68.8121],"carpPosition":[-8.02203,333.926,76.6815],"dipPosition":[-13.7507,354.977,-53.1819],"direction":[-0.213676,-0.1713,-0.961769],"extended":true,"handId":985,"id":9851,"length":57.352,"mcpPosition":[-1.99209,361.61,10.764],"pipPosition":[-8.71387,359.015,-30.5109],"stabilizedTipPosition":[-28.7014,337.176,-41.8308],"timeVisible":8.03022,"tipPosition":[-17.5732,350.415,-64.6717],"tipVelocity":[125.143,108.101,-167.795],"tool":false,"touchDistance":-0.832126,"touchZone":"hovering","type":1,"width":18.8641},{"bases":[[[0.77154,-0.634309,-0.0487648],[0.602779,0.70437,0.37486],[-0.203429,-0.318614,0.925798]],[[0.75811,-0.652097,0.00625569],[0.499533,0.574522,-0.648376],[0.41921,0.494665,0.761295]],[[0.75811,-0.652097,0.00625569],[0.192495,0.214604,-0.957544],[0.623069,0.727128,0.288219]],[[0.75811,-0.652097,0.00625569],[0.00236878,-0.00683907,-0.999974],[0.652123,0.758105,-0.00364009]]],"btipPosition":[-31.8144,294.423,-31.2403],"carpPosition":[3.28076,330.056,75.465],"dipPosition":[-19.863,308.317,-31.307],"direction":[-0.623069,-0.727127,-0.288219],"extended":false,"handId":985,"id":9852,"length":65.348,"mcpPosition":[17.1223,351.735,12.4726],"pipPosition":[-2.58367,328.482,-23.3139],"stabilizedTipPosition":[-44.0702,270.245,24.547],"timeVisible":8.03022,"tipPosition":[-29.5923,297.028,-29.6146],"tipVelocity":[99.0093,56.988,-181.336],"tool":false,"touchDistance":-0.882537,"touchZone":"hovering","type":2,"width":18.527},{"bases":[[[0.685544,-0.725564,0.0598866],[0.64957,0.646736,0.39974],[-0.328767,-0.235139,0.91467]],[[0.676631,-0.731515,0.0839999],[0.595505,0.476561,-0.646733],[0.433064,0.487622,0.758077]],[[0.676631,-0.731515,0.0839999],[0.269735,0.1401,-0.952688],[0.685138,0.667276,0.292111]],[[0.676631,-0.731515,0.0839999],[0.0635954,-0.0555956,-0.996426],[0.733571,0.679555,0.00890332]]],"btipPosition":[-17.4914,286.074,-22.4911],"carpPosition":[13.1713,323.367,74.4721],"dipPosition":[-4.12459,298.457,-22.3289],"direction":[-0.685138,-0.667276,-0.292111],"extended":false,"handId":985,"id":9853,"length":62.8339,"mcpPosition":[33.2556,337.732,18.5952],"pipPosition":[14.3853,316.484,-14.4371],"stabilizedTipPosition":[-30.0956,258.885,40.8226],"timeVisible":8.03022,"tipPosition":[-15.0103,288.521,-20.9342],"tipVelocity":[100.635,56.9432,-189.314],"tool":false,"touchDistance":-0.858348,"touchZone":"hovering","type":3,"width":17.6296},{"bases":[[[0.526071,-0.844721,0.09847],[0.716675,0.502679,0.483416],[-0.45785,-0.18374,0.869835]],[[0.544807,-0.836273,0.0619088],[0.679908,0.397313,-0.616333],[0.490826,0.377875,0.785048]],[[0.544807,-0.836273,0.0619088],[0.30407,0.12821,-0.943983],[0.78149,0.533113,0.324135]],[[0.544807,-0.836273,0.0619088],[0.0723894,-0.0266492,-0.99702],[0.835431,0.547665,0.0460186]]],"btipPosition":[-0.942168,288.85,-10.1199],"carpPosition":[19.0425,310.865,73.0974],"dipPosition":[13.1016,298.056,-9.34629],"direction":[-0.78149,-0.533113,-0.324135],"extended":false,"handId":985,"id":9854,"length":49.2606,"mcpPosition":[44.934,321.256,23.9082],"pipPosition":[28.0083,308.225,-3.1635],"stabilizedTipPosition":[-12.9848,260.548,54.4564],"timeVisible":8.03022,"tipPosition":[1.77555,290.679,-8.87814],"tipVelocity":[93.0689,51.9382,-174.099],"tool":false,"touchDistance":-0.794149,"touchZone":"hovering","type":4,"width":15.66}],"r":[[0.96195,0.0577212,0.267058],[-0.0597982,0.99821,-0.000355526],[-0.266601,-0.0156276,0.96368]],"s":1.05648,"t":[-5.85293,37.5931,-80.5415],"timestamp":669474382397},false],[4,{"currentFrameRate":51.931,"devices":[],"gestures":[],"hands":[{"armBasis":[[0.820444,-0.551468,-0.150846],[0.538186,0.833987,-0.121744],[0.192941,0.0187008,0.981032]],"armWidth":62.1429,"confidence":0.615295,"direction":[0.300327,0.413631,-0.859484],"elbow":[55.4987,320.149,333.619],"grabStrength":0.188426,"id":985,"palmNormal":[-0.448059,-0.734299,-0.509949],"palmPosition":[12.3626,337.916,27.622],"palmVelocity":[86.0189,46.6838,-174.446],"palmWidth":88.738,"pinchStrength":0.857186,"r":[[0.961165,0.0533212,0.270773],[-0.0563243,0.998407,0.0033262],[-0.270165,-0.0184481,0.962637]],"s":1.06183,"sphereCenter":[5.02884,297.536,-11.4688],"sphereRadius":50.1058,"stabilizedPalmPosition":[-4.56453,310.835,88.7042],"t":[-4.19565,38.4914,-83.9014],"timeVisible":8.04947,"type":"right","wrist":[4.69386,315.225,75.2956]}],"id":4969308,"interactionBox":{"center":[0,200,0],"size":[235.247,235.247,147.751]},"pointables":[{"bases":[[[0.798198,0.520899,0.302563],[-0.594505,0.600145,0.535154],[0.0971801,-0.607034,0.788711]],[[0.694461,0.718702,-0.0345032],[-0.684172,0.674423,0.2776],[0.222782,-0.169176,0.960077]],[[0.694461,0.718702,-0.0345032],[-0.719262,0.694712,-0.00605032],[0.0196214,0.0290186,0.999386]],[[0.694461,0.718702,-0.0345032],[-0.706625,0.672181,-0.221028],[-0.135661,0.177876,0.974657]]],"btipPosition":[-32.8403,324.286,-30.4017],"carpPosition":[-24.4388,321.075,71.8142],"dipPosition":[-35.9367,328.346,-8.15578],"direction":[-0.0196214,-0.0290186,-0.999386],"extended":false,"handId":985,"id":9850,"length":50.8265,"mcpPosition":[-24.4388,321.075,71.8142],"pipPosition":[-35.2842,329.311,25.0756],"stabilizedTipPosition":[-49.1369,304.48,20.7586],"timeVisible":8.04947,"tipPosition":[-33.1926,325.759,-25.3915],"tipVelocity":[92.9391,61.1548,-183.843],"tool":false,"touchDistance":-0.829708,"touchZone":"hovering","type":0,"width":19.7488},{"bases":[[[0.880521,-0.46116,-0.10961],[0.466047,0.800068,0.377744],[-0.0865053,-0.383695,0.919399]],[[0.880993,-0.458995,-0.114779],[0.446072,0.886662,-0.121861],[0.157703,0.0561593,0.985888]],[[0.880993,-0.458995,-0.114779],[0.423394,0.873105,-0.241714],[0.211159,0.164352,0.963535]],[[0.880993,-0.458995,-0.114779],[0.404688,0.856721,-0.319777],[0.245109,0.235272,0.940515]]],"btipPosition":[-15.5998,352.543,-72.8116],"carpPosition":[-6.1371,335.16,72.8462],"dipPosition":[-11.5156,356.463,-57.14],"direction":[-0.211159,-0.164352,-0.963535],"extended":true,"handId":985,"id":9851,"length":57.352,"mcpPosition":[0.0695432,362.69,6.88041],"pipPosition":[-6.53809,360.337,-34.4274],"stabilizedTipPosition":[-26.8755,339.292,-45.3909],"timeVisible":8.04947,"tipPosition":[-15.3149,351.971,-68.6763],"tipVelocity":[121.393,95.2176,-187.403],"tool":false,"touchDistance":-0.837096,"touchZone":"hovering","type":1,"width":18.8641},{"bases":[[[0.768301,-0.638349,-0.0471671],[0.606188,0.701968,0.373868],[-0.205549,-0.315835,0.926282]],[[0.754663,-0.656061,0.00819997],[0.502912,0.57038,-0.64942],[0.421382,0.494218,0.760385]],[[0.754663,-0.656061,0.00819997],[0.194321,0.211554,-0.957854],[0.626676,0.724451,0.287139]],[[0.754663,-0.656061,0.00819997],[0.00318181,-0.00883822,-0.999956],[0.656105,0.754656,-0.00458241]]],"btipPosition":[-30.0797,295.567,-35.0053],"carpPosition":[5.14633,331.231,71.643],"dipPosition":[-18.0553,309.398,-35.0892],"direction":[-0.626676,-0.724451,-0.287139],"extended":false,"handId":985,"id":9852,"length":65.348,"mcpPosition":[19.1321,352.721,8.61765],"pipPosition":[-0.675981,329.489,-27.1261],"stabilizedTipPosition":[-43.6625,270.939,23.0975],"timeVisible":8.04947,"tipPosition":[-27.8335,298.178,-33.4162],"tipVelocity":[95.0241,57.8258,-188.515],"tool":false,"touchDistance":-0.879151,"touchZone":"hovering","type":2,"width":18.527},{"bases":[[[0.68178,-0.728958,0.0616083],[0.652669,0.644141,0.39888],[-0.330452,-0.231739,0.914931]],[[0.672667,-0.734915,0.0861397],[0.598281,0.471683,-0.647746],[0.435408,0.487253,0.756971]],[[0.672667,-0.734915,0.0861397],[0.270998,0.136357,-0.952873],[0.688534,0.66431,0.290883]],[[0.672667,-0.734915,0.0861397],[0.0640048,-0.0581877,-0.996252],[0.737172,0.675659,0.00789713]]],"btipPosition":[-15.8164,287.156,-26.2116],"carpPosition":[15.0029,324.489,70.6679],"dipPosition":[-2.38397,299.467,-26.0677],"direction":[-0.688534,-0.66431,-0.290883],"extended":false,"handId":985,"id":9853,"length":62.8339,"mcpPosition":[35.1901,338.646,14.775],"pipPosition":[16.2177,317.415,-18.2091],"stabilizedTipPosition":[-29.7729,259.463,39.5777],"timeVisible":8.04947,"tipPosition":[-13.3043,289.608,-24.7022],"tipVelocity":[94.2579,56.1472,-191.388],"tool":false,"touchDistance":-0.856716,"touchZone":"hovering","type":3,"width":17.6296},{"bases":[[[0.521677,-0.847223,0.100328],[0.71899,0.499898,0.482861],[-0.459245,-0.179763,0.86993]],[[0.539061,-0.839631,0.0665837],[0.685657,0.391544,-0.613651],[0.48917,0.376449,0.786765]],[[0.539061,-0.839631,0.0665837],[0.311302,0.125158,-0.942033],[0.782626,0.528541,0.328847]],[[0.539061,-0.839631,0.0665837],[0.0793617,-0.0280678,-0.996451],[0.838519,0.542432,0.0515043]]],"btipPosition":[0.888345,289.939,-14.1443],"carpPosition":[20.8106,311.955,69.3196],"dipPosition":[14.984,299.057,-13.2785],"direction":[-0.782626,-0.528541,-0.328847],"extended":false,"handId":985,"id":9854,"length":49.2606,"mcpPosition":[46.781,322.121,20.125],"pipPosition":[29.9124,309.139,-7.00585],"stabilizedTipPosition":[-12.7216,261.032,53.4044],"timeVisible":8.04947,"tipPosition":[3.61116,291.755,-12.8675],"tipVelocity":[94.3817,53.7192,-190.918],"tool":false,"touchDistance":-0.803116,"touchZone":"hovering","type":4,"width":15.66}],"r":[[0.961165,0.0533212,0.270773],[-0.0563243,0.998407,0.0033262],[-0.270165,-0.0184481,0.962637]],"s":1.06183,"t":[-4.19565,38.4914,-83.9014],"timestamp":669474401647},false],[5,{"currentFrameRate":51.8334,"devices":[],"gestures":[],"hands":[{"armBasis":[[0.824452,-0.5519,-0.125241],[0.529585,0.830402,-0.173125],[0.199548,0.0764077,0.976905]],"armWidth":62.1429,"confidence":0.627156,"direction":[0.315037,0.413203,-0.854409],"elbow":[57.0246,336.237,329.011],"grabStrength":0.180801,"id":985,"palmNormal":[-0.427989,-0.741665,-0.516487],"palmPosition":[12.9706,338.682,24.1803],"palmVelocity":[58.2676,42.8038,-174.796],"palmWidth":88.738,"pinchStrength":0.854698,"r":[[0.959151,0.0522527,0.278028],[-0.0558656,0.998425,0.00508254],[-0.277324,-0.0204071,0.96056]],"s":1.06649,"sphereCenter":[6.79539,298.239,-14.9036],"sphereRadius":50.0373,"stabilizedPalmPosition":[-4.40703,311.085,88.1246],"t":[-3.063,39.3235,-87.3021],"timeVisible":8.06912,"type":"right","wrist":[4.48018,316.118,71.7748]}],"id":4969309,"interactionBox":{"center":[0,200,0],"size":[235.247,235.247,147.751]},"pointables":[{"bases":[[[0.785149,0.531372,0.318095],[-0.613286,0.595669,0.518709],[0.0861475,-0.602347,0.793572]],[[0.68709,0.72625,-0.0216353],[-0.6975,0.667644,0.26028],[0.203473,-0.163745,0.965291]],[[0.68709,0.72625,-0.0216353],[-0.726566,0.686654,-0.0246566],[-0.00305089,0.0326607,0.999462]],[[0.68709,0.72625,-0.0216353],[-0.708432,0.663026,-0.241909],[-0.161342,0.181541,0.970058]]],"btipPosition":[-30.752,324.359,-34.7604],"carpPosition":[-24.6305,321.618,67.6068],"dipPosition":[-34.4346,328.503,-12.6194],"direction":[0.00305089,-0.0326607,-0.999462],"extended":false,"handId":985,"id":9850,"length":50.8265,"mcpPosition":[-24.6305,321.618,67.6068],"pipPosition":[-34.536,329.589,20.6144],"stabilizedTipPosition":[-48.779,304.905,19.7295],"timeVisible":8.06912,"tipPosition":[-31.2527,325.796,-29.7728],"tipVelocity":[96.1982,32.7169,-203.59],"tool":false,"touchDistance":-0.840813,"touchZone":"hovering","type":0,"width":19.7488},{"bases":[[[0.887969,-0.451511,-0.0874576],[0.448225,0.807044,0.384414],[-0.102985,-0.380548,0.919009]],[[0.888588,-0.449153,-0.0931297],[0.438986,0.891565,-0.111369],[0.133053,0.0580782,0.989406]],[[0.888588,-0.449153,-0.0931297],[0.419493,0.877837,-0.231145],[0.185572,0.166326,0.968452]],[[0.888588,-0.449153,-0.0931297],[0.40295,0.861335,-0.309409],[0.219188,0.237411,0.946358]]],"btipPosition":[-12.7307,352.91,-77.0039],"carpPosition":[-6.51837,335.917,68.9865],"dipPosition":[-9.07847,356.866,-61.235],"direction":[-0.185572,-0.166326,-0.968452],"extended":true,"handId":985,"id":9851,"length":57.352,"mcpPosition":[0.870672,363.22,3.04871],"pipPosition":[-4.70412,360.787,-38.4065],"stabilizedTipPosition":[-25.2321,340.885,-48.4601],"timeVisible":8.06912,"tipPosition":[-12.526,352.355,-72.8762],"tipVelocity":[131.244,56.8825,-199.897],"tool":false,"touchDistance":-0.844269,"touchZone":"hovering","type":1,"width":18.8641},{"bases":[[[0.776382,-0.629695,-0.0267353],[0.589524,0.710542,0.384177],[-0.222918,-0.314029,0.922872]],[[0.761605,-0.647406,0.0286973],[0.511107,0.57286,-0.640782],[0.398406,0.50269,0.767187]],[[0.761605,-0.647406,0.0286973],[0.213812,0.209231,-0.954205],[0.611753,0.732863,0.297775]],[[0.761605,-0.647406,0.0286973],[0.0262892,-0.0133808,-0.999565],[0.647508,0.762028,0.00682895]]],"btipPosition":[-27.5594,295.558,-39.1824],"carpPosition":[4.83342,332.111,68.0577],"dipPosition":[-15.6925,309.524,-39.0572],"direction":[-0.611753,-0.732863,-0.297775],"extended":false,"handId":985,"id":9852,"length":65.348,"mcpPosition":[20.001,353.478,5.26436],"pipPosition":[1.27297,329.848,-30.7991],"stabilizedTipPosition":[-43.2435,271.558,21.7127],"timeVisible":8.06912,"tipPosition":[-25.3679,298.217,-37.5869],"tipVelocity":[110.839,29.2559,-199.399],"tool":false,"touchDistance":-0.881504,"touchZone":"hovering","type":2,"width":18.527},{"bases":[[[0.688451,-0.720804,0.0804801],[0.63608,0.653365,0.410509],[-0.348479,-0.231423,0.908298]],[[0.678574,-0.726915,0.105511],[0.607603,0.474779,-0.636713],[0.412742,0.496166,0.763848]],[[0.678574,-0.726915,0.105511],[0.291214,0.134367,-0.947175],[0.674338,0.673454,0.302866]],[[0.678574,-0.726915,0.105511],[0.0875967,-0.0625342,-0.994191],[0.72929,0.683875,0.0212412]]],"btipPosition":[-13.4176,287.341,-30.0028],"carpPosition":[14.7856,325.479,67.338],"dipPosition":[-0.128808,299.803,-29.6158],"direction":[-0.674338,-0.673454,-0.302866],"extended":false,"handId":985,"id":9853,"length":62.8339,"mcpPosition":[36.0741,339.617,11.8503],"pipPosition":[18.0894,317.997,-21.4334],"stabilizedTipPosition":[-29.4205,260.021,38.3161],"timeVisible":8.06912,"tipPosition":[-10.943,289.848,-28.5061],"tipVelocity":[107.424,33.4937,-190.73],"tool":false,"touchDistance":-0.855408,"touchZone":"hovering","type":3,"width":17.6296},{"bases":[[[0.528866,-0.840724,0.116123],[0.702113,0.51027,0.496651],[-0.476801,-0.18113,0.860147]],[[0.545679,-0.833662,0.0850986],[0.697291,0.395386,-0.597876],[0.464779,0.385587,0.797059]],[[0.545679,-0.833662,0.0850986],[0.33594,0.124591,-0.933607],[0.76771,0.538038,0.348047]],[[0.545679,-0.833662,0.0850986],[0.107813,-0.0308645,-0.993692],[0.83103,0.551412,0.0730375]]],"btipPosition":[3.08659,290.42,-17.813],"carpPosition":[20.7646,313.006,66.1809],"dipPosition":[17.0564,299.69,-16.5852],"direction":[-0.76771,-0.538038,-0.348047],"extended":false,"handId":985,"id":9854,"length":49.2606,"mcpPosition":[47.7277,323.249,17.5395],"pipPosition":[31.7002,309.953,-9.94631],"stabilizedTipPosition":[-12.4305,261.515,52.3189],"timeVisible":8.06912,"tipPosition":[5.76452,292.278,-16.4663],"tipVelocity":[102.448,39.8884,-186.654],"tool":false,"touchDistance":-0.804919,"touchZone":"hovering","type":4,"width":15.66}],"r":[[0.959151,0.0522527,0.278028],[-0.0558656,0.998425,0.00508254],[-0.277324,-0.0204071,0.96056]],"s":1.06649,"t":[-3.063,39.3235,-87.3021],"timestamp":669474421298},false],[6,{"currentFrameRate":51.8099,"devices":[],"gestures":[],"hands":[{"armBasis":[[0.814605,-0.562447,-0.141672],[0.542662,0.825297,-0.156213],[0.204783,0.0503717,0.97751]],"armWidth":62.1429,"confidence":0.618268,"direction":[0.322108,0.409485,-0.853562],"elbow":[59.5241,330.442,325.869],"grabStrength":0.175034,"id":985,"palmNormal":[-0.438317,-0.734651,-0.517847],"palmPosition":[14.4797,339.669,20.9147],"palmVelocity":[68.0361,46.865,-171.621],"palmWidth":88.738,"pinchStrength":0.849814,"r":[[0.957583,0.0484865,0.28405],[-0.0525542,0.998596,0.00671226],[-0.283325,-0.0213555,0.958786]],"s":1.0707,"sphereCenter":[7.67878,299.441,-18.2589],"sphereRadius":50.0455,"stabilizedPalmPosition":[-4.26679,311.298,87.6256],"t":[-1.74212,40.2334,-90.6353],"timeVisible":8.0885,"type":"right","wrist":[5.60112,317.178,68.4729]}],"id":4969310,"interactionBox":{"center":[0,200,0],"size":[235.247,235.247,147.751]},"pointables":[{"bases":[[[0.792557,0.519326,0.319616],[-0.605005,0.604079,0.518707],[0.0763044,-0.604475,0.792962]],[[0.698229,0.715622,-0.019008],[-0.687112,0.67739,0.262717],[0.200882,-0.170376,0.964686]],[[0.698229,0.715622,-0.019008],[-0.715868,0.697868,-0.022668],[-0.00295666,0.0294347,0.999562]],[[0.698229,0.715622,-0.019008],[-0.697417,0.673997,-0.243593],[-0.161509,0.18334,0.969691]]],"btipPosition":[-29.4149,326.244,-38.0546],"carpPosition":[-23.4202,323.113,64.2781],"dipPosition":[-33.1012,330.429,-15.922],"direction":[0.00295666,-0.0294347,-0.999562],"extended":false,"handId":985,"id":9850,"length":50.8265,"mcpPosition":[-23.4202,323.113,64.2781],"pipPosition":[-33.1995,331.407,17.3151],"stabilizedTipPosition":[-48.4494,305.302,18.7917],"timeVisible":8.0885,"tipPosition":[-29.9133,327.587,-33.0736],"tipVelocity":[82.5834,65.1533,-186.827],"tool":false,"touchDistance":-0.834507,"touchZone":"hovering","type":0,"width":19.7488},{"bases":[[[0.881291,-0.464501,-0.0869735],[0.459672,0.799877,0.385874],[-0.109671,-0.380046,0.918443]],[[0.881981,-0.462036,-0.0929047],[0.452594,0.885348,-0.106382],[0.131405,0.0517787,0.989976]],[[0.881981,-0.462036,-0.0929047],[0.433296,0.872515,-0.225771],[0.185375,0.15887,0.96974]],[[0.881981,-0.462036,-0.0929047],[0.416771,0.85669,-0.303948],[0.220026,0.229357,0.948148]]],"btipPosition":[-10.773,354.673,-80.3386],"carpPosition":[-5.10002,337.141,65.6952],"dipPosition":[-7.10674,358.494,-64.5399],"direction":[-0.185375,-0.15887,-0.96974],"extended":true,"handId":985,"id":9851,"length":57.352,"mcpPosition":[2.76872,364.409,-0.201897],"pipPosition":[-2.73705,362.239,-41.681],"stabilizedTipPosition":[-23.795,342.262,-51.1128],"timeVisible":8.0885,"tipPosition":[-10.5756,354.115,-76.2254],"tipVelocity":[116.218,73.0678,-185.793],"tool":false,"touchDistance":-0.838093,"touchZone":"hovering","type":1,"width":18.8641},{"bases":[[[0.76701,-0.641084,-0.0265881],[0.599527,0.701294,0.385685],[-0.228611,-0.311765,0.922247]],[[0.751824,-0.658722,0.0290893],[0.52036,0.565655,-0.639734],[0.404953,0.496104,0.768045]],[[0.751824,-0.658722,0.0290893],[0.218188,0.206909,-0.95372],[0.622218,0.723376,0.299285]],[[0.751824,-0.658722,0.0290893],[0.027532,-0.0127166,-0.99954],[0.658789,0.752279,0.00857532]]],"btipPosition":[-26.6148,297.213,-42.5368],"carpPosition":[6.19529,333.169,64.775],"dipPosition":[-14.5413,311,-42.3797],"direction":[-0.622218,-0.723376,-0.299285],"extended":false,"handId":985,"id":9852,"length":65.348,"mcpPosition":[21.7502,354.382,2.02415],"pipPosition":[2.71445,331.061,-34.0797],"stabilizedTipPosition":[-42.8892,272.084,20.54],"timeVisible":8.0885,"tipPosition":[-24.3749,299.85,-40.9653],"tipVelocity":[81.0527,56.2095,-186.04],"tool":false,"touchDistance":-0.871893,"touchZone":"hovering","type":2,"width":18.527},{"bases":[[[0.677616,-0.731006,0.0804195],[0.645202,0.643404,0.412003],[-0.352919,-0.227293,0.907627]],[[0.667526,-0.737051,0.105661],[0.615446,0.466296,-0.635448],[0.419088,0.489207,0.76488]],[[0.667526,-0.737051,0.105661],[0.294544,0.131057,-0.946609],[0.683851,0.663008,0.304578]],[[0.667526,-0.737051,0.105661],[0.0881506,-0.06268,-0.994133],[0.73935,0.672924,0.0231309]]],"btipPosition":[-12.5998,288.786,-33.3666],"carpPosition":[16.0491,326.391,64.0588],"dipPosition":[0.87232,301.048,-32.9451],"direction":[-0.683851,-0.663008,-0.304578],"extended":false,"handId":985,"id":9853,"length":62.8339,"mcpPosition":[37.6088,340.277,8.61218],"pipPosition":[19.3475,318.96,-24.7165],"stabilizedTipPosition":[-29.1287,260.483,37.2675],"timeVisible":8.0885,"tipPosition":[-10.0841,291.259,-31.877],"tipVelocity":[75.9417,52.7939,-181.925],"tool":false,"touchDistance":-0.848539,"touchZone":"hovering","type":3,"width":17.6296},{"bases":[[[0.516232,-0.848592,0.115739],[0.70901,0.499248,0.498053],[-0.480426,-0.17505,0.859388]],[[0.532905,-0.841868,0.0852639],[0.704015,0.385217,-0.596633],[0.469442,0.377976,0.797972]],[[0.532905,-0.841868,0.0852639],[0.339345,0.120319,-0.932935],[0.77515,0.5261,0.349802]],[[0.532905,-0.841868,0.0852639],[0.109152,-0.03153,-0.993525],[0.839105,0.538761,0.0750892]]],"btipPosition":[3.93276,291.606,-21.1565],"carpPosition":[21.8442,313.833,62.8939],"dipPosition":[18.0383,300.663,-19.8942],"direction":[-0.77515,-0.5261,-0.349802],"extended":false,"handId":985,"id":9854,"length":49.2606,"mcpPosition":[49.0123,323.732,14.2955],"pipPosition":[32.8241,310.698,-13.2218],"stabilizedTipPosition":[-12.1913,261.907,51.426],"timeVisible":8.0885,"tipPosition":[6.64511,293.427,-19.8174],"ti