{"sensorType":"Leap","data":[[0,{"currentFrameRate":51.9453,"devices":[],"gestures":[],"hands":[{"armBasis":[[0.830845,-0.531498,-0.164944],[0.502478,0.84387,-0.18815],[0.239193,0.0734428,0.96819]],"armWidth":62.1429,"confidence":0.628478,"direction":[0.339895,0.351858,-0.872162],"elbow":[66.2167,332.301,350.614],"grabStrength":0.103886,"id":985,"palmNormal":[-0.371203,-0.801888,-0.46817],"palmPosition":[13.1452,331.704,46.7138],"palmVelocity":[38.8601,115.61,-168.107],"palmWidth":88.738,"pinchStrength":0.65588,"r":[[0.936061,0.140183,0.322706],[-0.10857,0.987524,-0.114052],[-0.334668,0.0717232,0.939603]],"s":1.12365,"sphereCenter":[6.20207,290.452,9.67022],"sphereRadius":49.785,"stabilizedPalmPosition":[5.75512,307.386,61.1841],"t":[-2.50121,30.9607,-64.9469],"timeVisible":11.1114,"type":"right","wrist":[3.23291,312.962,95.6727]}],"id":4969467,"interactionBox":{"center":[0,200,0],"size":[235.247,235.247,147.751]},"pointables":[{"bases":[[[0.746053,0.59158,0.305676],[-0.662069,0.609916,0.435508],[0.0712011,-0.527291,0.846696]],[[0.669795,0.742242,-0.021251],[-0.714023,0.651657,0.255958],[0.203831,-0.156265,0.966454]],[[0.669795,0.742242,-0.021251],[-0.740629,0.665735,-0.090915],[-0.0533334,0.0766335,0.995632]],[[0.669795,0.742242,-0.021251],[-0.7153,0.637272,-0.286759],[-0.199302,0.207271,0.957767]]],"btipPosition":[-29.436,317.095,-12.3103],"carpPosition":[-25.8355,316.767,89.7057],"dipPosition":[-33.985,321.826,9.55015],"direction":[0.0533334,-0.0766335,-0.995632],"extended":false,"handId":985,"id":9850,"length":50.8265,"mcpPosition":[-25.8355,316.767,89.7057],"pipPosition":[-35.7584,324.374,42.6566],"stabilizedTipPosition":[-35.1948,300.145,9.35021],"timeVisible":11.1114,"tipPosition":[-30.1231,318.585,-7.21523],"tipVelocity":[50.5699,131.314,-186.88],"tool":false,"touchDistance":-0.295114,"touchZone":"hovering","type":0,"width":19.7488},{"bases":[[[0.908908,-0.416946,-0.00650552],[0.395279,0.856497,0.331915],[-0.132819,-0.304252,0.943287]],[[0.916933,-0.389425,-0.0870785],[0.378167,0.917679,-0.121885],[0.127375,0.0788298,0.988717]],[[0.916933,-0.389425,-0.0870785],[0.358641,0.899915,-0.248054],[0.174962,0.196219,0.964825]],[[0.916933,-0.389425,-0.0870785],[0.341924,0.879251,-0.331671],[0.205725,0.274346,0.939368]]],"btipPosition":[-11.7725,341.262,-56.8531],"carpPosition":[-8.41302,331.932,90.6484],"dipPosition":[-8.34457,345.834,-41.2006],"direction":[-0.174962,-0.196219,-0.964825],"extended":true,"handId":985,"id":9851,"length":57.352,"mcpPosition":[1.11655,353.762,22.9687],"pipPosition":[-4.22034,350.459,-18.4576],"stabilizedTipPosition":[-14.6191,331.443,-44.1322],"timeVisible":11.1114,"tipPosition":[-11.179,341.242,-52.9298],"tipVelocity":[69.2735,207.284,-179.333],"tool":false,"touchDistance":-0.240431,"touchZone":"hovering","type":1,"width":18.8641},{"bases":[[[0.801815,-0.59408,0.0645083],[0.540238,0.766789,0.346666],[-0.255412,-0.243112,0.935768]],[[0.778857,-0.611597,0.139033],[0.531694,0.526247,-0.663601],[0.332691,0.590773,0.735054]],[[0.778857,-0.611597,0.139033],[0.310405,0.18325,-0.932774],[0.545005,0.769655,0.332568]],[[0.778857,-0.611597,0.139033],[0.16298,-0.0167034,-0.986488],[0.605656,0.790993,0.0866688]]],"btipPosition":[-21.3579,281.506,-18.4549],"carpPosition":[3.11675,328.576,90.5802],"dipPosition":[-10.2581,296.002,-16.8666],"direction":[-0.545005,-0.769655,-0.332568],"extended":false,"handId":985,"id":9852,"length":65.348,"mcpPosition":[20.4953,345.118,26.9094],"pipPosition":[4.85632,317.347,-7.64358],"stabilizedTipPosition":[-23.648,260.634,4.25929],"timeVisible":11.1114,"tipPosition":[-19.154,284.61,-17.1099],"tipVelocity":[69.0337,141.053,-202.824],"tool":false,"touchDistance":-0.396358,"touchZone":"hovering","type":2,"width":18.527},{"bases":[[[0.712468,-0.679483,0.175193],[0.587726,0.714245,0.380042],[-0.383363,-0.167802,0.908226]],[[0.736084,-0.66701,0.11523],[0.552446,0.493622,-0.67167],[0.391131,0.558064,0.731834]],[[0.736084,-0.66701,0.11523],[0.303059,0.172533,-0.937223],[0.605256,0.724797,0.329142]],[[0.736084,-0.66701,0.11523],[0.145507,-0.0103329,-0.989303],[0.661066,0.744977,0.0894484]]],"btipPosition":[-8.66612,275.139,-6.98913],"carpPosition":[13.3549,322.361,90.905],"dipPosition":[3.37954,288.714,-5.35923],"direction":[-0.605256,-0.724797,-0.329142],"extended":false,"handId":985,"id":9853,"length":62.8339,"mcpPosition":[36.7744,332.612,35.4218],"pipPosition":[19.7314,308.295,3.53299],"stabilizedTipPosition":[-10.4528,249.474,18.6421],"timeVisible":11.1114,"tipPosition":[-6.25177,277.995,-5.51951],"tipVelocity":[69.8518,140.266,-207.422],"tool":false,"touchDistance":-0.409025,"touchZone":"hovering","type":3,"width":17.6296},{"bases":[[[0.55634,-0.802948,0.213915],[0.655193,0.582216,0.481402],[-0.511085,-0.127668,0.849996]],[[0.607062,-0.785042,0.123226],[0.669838,0.42209,-0.610867],[0.427544,0.453375,0.782085]],[[0.607062,-0.785042,0.123226],[0.386726,0.156392,-0.908837],[0.694204,0.599375,0.398536]],[[0.607062,-0.785042,0.123226],[0.206699,0.00626238,-0.978385],[0.767301,0.619411,0.166069]]],"btipPosition":[7.90639,279.857,5.697],"carpPosition":[19.8882,310.117,91.1274],"dipPosition":[20.8049,290.269,8.48865],"direction":[-0.694204,-0.599375,-0.398536],"extended":false,"handId":985,"id":9854,"length":49.2606,"mcpPosition":[48.7901,317.336,43.0601],"pipPosition":[34.0466,301.702,16.0906],"stabilizedTipPosition":[5.49772,252.599,30.4396],"timeVisible":11.1114,"tipPosition":[10.4635,282.065,7.24157],"tipVelocity":[66.7285,138.188,-201.118],"tool":false,"touchDistance":-0.374067,"touchZone":"hovering","type":4,"width":15.66}],"r":[[0.936061,0.140183,0.322706],[-0.10857,0.987524,-0.114052],[-0.334668,0.0717232,0.939603]],"s":1.12365,"t":[-2.50121,30.9607,-64.9469],"timestamp":669477463587},false],[1,{"currentFrameRate":51.9549,"devices":[],"gestures":[],"hands":[{"armBasis":[[0.830902,-0.525002,-0.18432],[0.501906,0.850178,-0.159021],[0.240191,0.03962,0.969917]],"armWidth":62.1429,"confidence":0.635818,"direction":[0.344823,0.354381,-0.869202],"elbow":[66.3677,325.246,346.831],"grabStrength":0.089036,"id":985,"palmNormal":[-0.367752,-0.800966,-0.472452],"palmPosition":[13.3111,333.689,42.5849],"palmVelocity":[23.8658,109.524,-191.325],"palmWidth":88.738,"pinchStrength":0.656122,"r":[[0.934807,0.135686,0.328214],[-0.105855,0.988587,-0.107199],[-0.339013,0.0654671,0.938501]],"s":1.12801,"sphereCenter":[6.22437,292.936,5.30449],"sphereRadius":49.6591,"stabilizedPalmPosition":[5.97714,308.159,60.6376],"t":[-2.04554,33.0617,-68.6226],"timeVisible":11.1306,"type":"right","wrist":[3.12116,314.813,91.435]}],"id":4969468,"interactionBox":{"center":[0,200,0],"size":[235.247,235.247,147.751]},"pointables":[{"bases":[[[0.743736,0.591375,0.311661],[-0.665152,0.608265,0.433113],[0.0665594,-0.529423,0.845743]],[[0.66895,0.743128,-0.0163126],[-0.716377,0.650413,0.252524],[0.198267,-0.15724,0.967453]],[[0.66895,0.743128,-0.0163126],[-0.741098,0.665111,-0.091665],[-0.0572692,0.0734086,0.995656]],[[0.66895,0.743128,-0.0163126],[-0.714905,0.637226,-0.287842],[-0.203508,0.204214,0.957539]]],"btipPosition":[-29.0169,319.163,-16.7562],"carpPosition":[-25.9141,318.611,85.3041],"dipPosition":[-33.6619,323.824,5.09907],"direction":[0.0572692,-0.0734086,-0.995656],"extended":false,"handId":985,"id":9850,"length":50.8265,"mcpPosition":[-25.9141,318.611,85.3041],"pipPosition":[-35.5662,326.265,38.2064],"stabilizedTipPosition":[-34.8586,301.466,7.96318],"timeVisible":11.1306,"tipPosition":[-29.7041,320.633,-11.6525],"tipVelocity":[35.7371,119.156,-209],"tool":false,"touchDistance":-0.360642,"touchZone":"hovering","type":0,"width":19.7488},{"bases":[[[0.909265,-0.416211,-0.00214412],[0.392598,0.855946,0.336485],[-0.138214,-0.306796,0.941686]],[[0.917817,-0.388089,-0.0836584],[0.378763,0.919125,-0.108386],[0.118956,0.0677916,0.990583]],[[0.917817,-0.388089,-0.0836584],[0.360782,0.903287,-0.232184],[0.165676,0.18292,0.969068]],[[0.917817,-0.388089,-0.0836584],[0.345191,0.884201,-0.314693],[0.1961,0.259953,0.945499]]],"btipPosition":[-10.7501,344.315,-61.2769],"carpPosition":[-8.50975,333.787,86.3901],"dipPosition":[-7.48258,348.647,-45.5222],"direction":[-0.165676,-0.18292,-0.969068],"extended":true,"handId":985,"id":9851,"length":57.352,"mcpPosition":[1.4069,355.799,18.8253],"pipPosition":[-3.57724,352.959,-22.6792],"stabilizedTipPosition":[-13.4837,334.851,-47.4549],"timeVisible":11.1306,"tipPosition":[-10.2485,344.118,-57.3134],"tipVelocity":[60.3556,181.867,-203.988],"tool":false,"touchDistance":-0.310725,"touchZone":"hovering","type":1,"width":18.8641},{"bases":[[[0.801892,-0.593613,0.06777],[0.537539,0.766315,0.351871],[-0.260808,-0.245734,0.933592]],[[0.778538,-0.611319,0.142008],[0.535078,0.528303,-0.659232],[0.327978,0.589223,0.738408]],[[0.778538,-0.611319,0.142008],[0.315688,0.185893,-0.930475],[0.542419,0.769241,0.337711]],[[0.778538,-0.611319,0.142008],[0.168801,-0.0139676,-0.985551],[0.60447,0.791261,0.0923168]]],"btipPosition":[-20.7695,283.628,-22.9087],"carpPosition":[3.02292,330.44,86.3823],"dipPosition":[-9.69147,298.129,-21.2168],"direction":[-0.542419,-0.769241,-0.337711],"extended":false,"handId":985,"id":9852,"length":65.348,"mcpPosition":[20.7686,347.16,22.8595],"pipPosition":[5.35124,319.462,-11.8512],"stabilizedTipPosition":[-23.3421,262.119,2.74957],"timeVisible":11.1306,"tipPosition":[-18.567,286.736,-21.5629],"tipVelocity":[49.8519,125.897,-216.592],"tool":false,"touchDistance":-0.451504,"touchZone":"hovering","type":2,"width":18.527},{"bases":[[[0.711953,-0.679372,0.177697],[0.584869,0.713722,0.385395],[-0.388653,-0.170454,0.90548]],[[0.736545,-0.666329,0.116222],[0.556312,0.499043,-0.664435],[0.384733,0.554042,0.738254]],[[0.736545,-0.666329,0.116222],[0.309582,0.179329,-0.933809],[0.601382,0.723773,0.338368]],[[0.736545,-0.666329,0.116222],[0.152506,-0.00380319,-0.988295],[0.658972,0.745648,0.0988176]]],"btipPosition":[-8.01228,277.363,-11.6738],"carpPosition":[13.2639,324.232,86.7523],"dipPosition":[3.99522,290.95,-9.87319],"direction":[-0.601382,-0.723773,-0.338368],"extended":false,"handId":985,"id":9853,"length":62.8339,"mcpPosition":[37.0066,334.645,31.4368],"pipPosition":[20.2424,310.504,-0.731723],"stabilizedTipPosition":[-10.2352,250.771,17.3911],"timeVisible":11.1306,"tipPosition":[-5.62871,280.199,-10.1544],"tipVelocity":[51.8577,128.182,-224.473],"tool":false,"touchDistance":-0.466137,"touchZone":"hovering","type":3,"width":17.6296},{"bases":[[[0.555696,-0.80306,0.215165],[0.651834,0.581484,0.486815],[-0.516057,-0.130269,0.84659]],[[0.606633,-0.785026,0.125421],[0.67418,0.424405,-0.604451],[0.421281,0.451236,0.786707]],[[0.606633,-0.785026,0.125421],[0.394216,0.160048,-0.904974],[0.690355,0.59843,0.40656]],[[0.606633,-0.785026,0.125421],[0.215126,0.0102224,-0.976533],[0.765322,0.619378,0.175081]]],"btipPosition":[8.4276,281.972,1.28037],"carpPosition":[19.8056,311.993,86.9821],"dipPosition":[21.2928,292.384,4.22351],"direction":[-0.690355,-0.59843,-0.40656],"extended":false,"handId":985,"id":9854,"length":49.2606,"mcpPosition":[48.9886,319.359,39.1074],"pipPosition":[34.4612,303.799,11.9785],"stabilizedTipPosition":[5.68999,253.636,29.5097],"timeVisible":11.1306,"tipPosition":[10.9686,284.177,2.85446],"tipVelocity":[46.8886,124.255,-214.49],"tool":false,"touchDistance":-0.43072,"touchZone":"hovering","type":4,"width":15.66}],"r":[[0.934807,0.135686,0.328214],[-0.105855,0.988587,-0.107199],[-0.339013,0.0654671,0.938501]],"s":1.12801,"t":[-2.04554,33.0617,-68.6226],"timestamp":669477482799},false],[2,{"currentFrameRate":51.9689,"devices":[],"gestures":[],"hands":[{"armBasis":[[0.833456,-0.517074,-0.1949],[0.500397,0.855864,-0.130767],[0.234424,0.0114616,0.972067]],"armWidth":62.1429,"confidence":0.615001,"direction":[0.351114,0.349063,-0.868835],"elbow":[64.8852,321.017,343.943],"grabStrength":0.0721676,"id":985,"palmNormal":[-0.363396,-0.804378,-0.470022],"palmPosition":[13.7019,336.567,39.0884],"palmVelocity":[22.1308,129.578,-186.801],"palmWidth":88.738,"pinchStrength":0.65689,"r":[[0.933247,0.13267,0.333839],[-0.103733,0.989242,-0.103147],[-0.343933,0.061632,0.936969]],"s":1.13247,"sphereCenter":[6.42121,296.073,1.90971],"sphereRadius":49.4999,"stabilizedPalmPosition":[6.18888,308.938,60.0469],"t":[-1.62228,35.5514,-72.2087],"timeVisible":11.1498,"type":"right","wrist":[3.1572,317.999,87.9811]}],"id":4969469,"interactionBox":{"center":[0,200,0],"size":[235.247,235.247,147.751]},"pointables":[{"bases":[[[0.740789,0.594113,0.313467],[-0.668999,0.610416,0.424066],[0.0605977,-0.523852,0.849651]],[[0.668003,0.743963,-0.0170581],[-0.719194,0.651311,0.241981],[0.191135,-0.149376,0.970131]],[[0.668003,0.743963,-0.0170581],[-0.741481,0.663482,-0.0999912],[-0.0630721,0.0794427,0.994842]],[[0.668003,0.743963,-0.0170581],[-0.713919,0.634221,-0.296787],[-0.20998,0.210433,0.954791]]],"btipPosition":[-28.2489,321.556,-20.4963],"carpPosition":[-25.8339,321.728,81.6045],"dipPosition":[-33.0416,326.359,1.29625],"direction":[0.0630721,-0.0794427,-0.994842],"extended":false,"handId":985,"id":9850,"length":50.8265,"mcpPosition":[-25.8339,321.728,81.6045],"pipPosition":[-35.1388,329,34.3765],"stabilizedTipPosition":[-34.578,302.546,6.76857],"timeVisible":11.1498,"tipPosition":[-28.9555,323.063,-15.4027],"tipVelocity":[36.9823,122.731,-202.378],"tool":false,"touchDistance":-0.409229,"touchZone":"hovering","type":0,"width":19.7488},{"bases":[[[0.909641,-0.415329,0.00749239],[0.389227,0.858497,0.333893],[-0.145107,-0.300806,0.942581]],[[0.918899,-0.387155,-0.0757397],[0.379161,0.91976,-0.101382],[0.108913,0.064442,0.99196]],[[0.918899,-0.387155,-0.0757397],[0.362894,0.904859,-0.22257],[0.154703,0.177034,0.97197]],[[0.918899,-0.387155,-0.0757397],[0.348549,0.886697,-0.30378],[0.184768,0.252744,0.949727]]],"btipPosition":[-9.32996,347.427,-65.2033],"carpPosition":[-8.45247,336.929,82.7245],"dipPosition":[-6.25122,351.638,-49.3783],"direction":[-0.154703,-0.177034,-0.97197],"extended":true,"handId":985,"id":9851,"length":57.352,"mcpPosition":[1.95881,358.511,15.0954],"pipPosition":[-2.60454,355.811,-26.4668],"stabilizedTipPosition":[-12.4584,337.708,-50.4303],"timeVisible":11.1498,"tipPosition":[-8.9194,347.068,-61.1971],"tipVelocity":[65.9981,171.362,-203.873],"tool":false,"touchDistance":-0.36664,"touchZone":"hovering","type":1,"width":18.8641},{"bases":[[[0.801902,-0.592377,0.0777386],[0.534129,0.769109,0.350966],[-0.267693,-0.239918,0.933156]],[[0.778033,-0.609604,0.151815],[0.539458,0.524457,-0.658733],[0.321946,0.594414,0.736901]],[[0.778033,-0.609604,0.151815],[0.322469,0.180139,-0.929281],[0.539145,0.771967,0.336733]],[[0.778033,-0.609604,0.151815],[0.176241,-0.0201539,-0.984141],[0.602995,0.79245,0.0917565]]],"btipPosition":[-19.8396,286.043,-26.3267],"carpPosition":[3.08302,333.593,82.8263],"dipPosition":[-8.78854,300.567,-24.6451],"direction":[-0.539145,-0.771967,-0.336733],"extended":false,"handId":985,"id":9852,"length":65.348,"mcpPosition":[21.2972,349.917,19.3332],"pipPosition":[6.16337,321.975,-15.3066],"stabilizedTipPosition":[-23.0535,263.42,1.37974],"timeVisible":11.1498,"tipPosition":[-17.6415,289.168,-25.0038],"tipVelocity":[49.0005,126.019,-197.578],"tool":false,"touchDistance":-0.485993,"touchZone":"hovering","type":2,"width":18.527},{"bases":[[[0.711206,-0.677508,0.187533],[0.581251,0.716781,0.385191],[-0.39539,-0.164947,0.903581]],[[0.737015,-0.664376,0.12415],[0.561309,0.499349,-0.659987],[0.376485,0.556107,0.740948]],[[0.737015,-0.664376,0.12415],[0.317765,0.178493,-0.931217],[0.596518,0.725772,0.342668]],[[0.737015,-0.664376,0.12415],[0.161147,-0.00565639,-0.986914],[0.656384,0.747377,0.102893]]],"btipPosition":[-7.00009,280.016,-15.3032],"carpPosition":[13.3267,327.398,83.3147],"dipPosition":[4.96027,293.635,-13.4284],"direction":[-0.596518,-0.725772,-0.342668],"extended":false,"handId":985,"id":9853,"length":62.8339,"mcpPosition":[37.4809,337.474,28.1152],"pipPosition":[21.076,313.243,-4.17072],"stabilizedTipPosition":[-10.0086,251.997,16.1699],"timeVisible":11.1498,"tipPosition":[-4.65685,282.842,-13.7474],"tipVelocity":[52.0165,133.368,-206.51],"tool":false,"touchDistance":-0.502042,"touchZone":"hovering","type":3,"width":17.6296},{"bases":[[[0.554783,-0.801103,0.224612],[0.647563,0.585271,0.487976],[-0.522378,-0.12527,0.843462]],[[0.606188,-0.783692,0.135513],[0.680336,0.422716,-0.59871],[0.411921,0.455125,0.789419]],[[0.606188,-0.783692,0.135513],[0.404737,0.157301,-0.900802],[0.684635,0.600903,0.412543]],[[0.606188,-0.783692,0.135513],[0.226679,0.00692595,-0.973945],[0.762334,0.621112,0.181845]]],"btipPosition":[9.33933,284.653,-2.17225],"carpPosition":[19.8777,315.166,83.674],"dipPosition":[22.1543,295.094,0.8846],"direction":[-0.684635,-0.600903,-0.412543],"extended":false,"handId":985,"id":9854,"length":49.2606,"mcpPosition":[49.4182,322.25,35.9761],"pipPosition":[35.2135,306.556,8.75374],"stabilizedTipPosition":[5.89533,254.677,28.5454],"timeVisible":11.1498,"tipPosition":[11.8396,286.858,-0.552392],"tipVelocity":[46.8972,132.07,-196.674],"tool":false,"touchDistance":-0.467378,"touchZone":"hovering","type":4,"width":15.66}],"r":[[0.933247,0.13267,0.333839],[-0.103733,0.989242,-0.103147],[-0.343933,0.061632,0.936969]],"s":1.13247,"t":[-1.62228,35.5514,-72.2087],"timestamp":669477501990},false],[3,{"currentFrameRate":51.9185,"devices":[],"gestures":[],"hands":[{"armBasis":[[0.82757,-0.524472,-0.200141],[0.508506,0.851415,-0.128506],[0.237801,0.00457476,0.971303]],"armWidth":62.1429,"confidence":0.623573,"direction":[0.354957,0.339339,-0.871123],"elbow":[66.5671,321.315,341.23],"grabStrength":0.0542752,"id":985,"palmNormal":[-0.371351,-0.803958,-0.46449],"palmPosition":[14.7005,338.225,36.4511],"palmVelocity":[36.7488,107.394,-161.198],"palmWidth":88.738,"pinchStrength":0.655275,"r":[[0.932208,0.128822,0.33822],[-0.100028,0.989814,-0.101302],[-0.347825,0.0606034,0.935599]],"s":1.13691,"sphereCenter":[6.52844,298.007,-0.575543],"sphereRadius":49.4001,"stabilizedPalmPosition":[6.40493,309.681,59.448],"t":[-0.911344,37.625,-75.3204],"timeVisible":11.1693,"type":"right","wrist":[3.94999,320.11,85.4691]}],"id":4969470,"interactionBox":{"center":[0,200,0],"size":[235.247,235.247,147.751]},"pointables":[{"bases":[[[0.746653,0.58878,0.309593],[-0.662939,0.620143,0.419446],[0.0549698,-0.518421,0.853357]],[[0.675126,0.737341,-0.0231001],[-0.712893,0.660153,0.236605],[0.189708,-0.14327,0.971331]],[[0.675126,0.737341,-0.0231001],[-0.735246,0.669995,-0.102569],[-0.0601511,0.0862309,0.994458]],[[0.675126,0.737341,-0.0231001],[-0.708011,0.638841,-0.301002],[-0.207184,0.219569,0.953344]]],"btipPosition":[-27.5059,323.184,-23.06],"carpPosition":[-24.9995,324.088,79.0535],"dipPosition":[-32.2348,328.195,-1.30049],"direction":[0.0601511,-0.0862309,-0.994458],"extended":false,"handId":985,"id":9850,"length":50.8265,"mcpPosition":[-24.9995,324.088,79.0535],"pipPosition":[-34.2349,331.063,31.767],"stabilizedTipPosition":[-34.3273,303.459,5.72872],"timeVisible":11.1693,"tipPosition":[-28.1672,324.728,-17.9741],"tipVelocity":[37.972,104.448,-167.287],"tool":false,"touchDistance":-0.435209,"touchZone":"hovering","type":0,"width":19.7488},{"bases":[[[0.905383,-0.424457,0.0108307],[0.39778,0.85685,0.327994],[-0.1485,-0.292652,0.944618]],[[0.915072,-0.396408,-0.0741941],[0.388996,0.916118,-0.097004],[0.106424,0.0599044,0.992515]],[[0.915072,-0.396408,-0.0741941],[0.373323,0.902207,-0.21599],[0.152559,0.169948,0.973572]],[[0.915072,-0.396408,-0.0741941],[0.359352,0.884962,-0.296156],[0.183058,0.244342,0.952253]]],"btipPosition":[-7.91612,349.529,-68.1033],"carpPosition":[-7.46535,339.119,80.0737],"dipPosition":[-4.86588,353.6,-52.2361],"direction":[-0.152559,-0.169948,-0.973572],"extended":true,"handId":985,"id":9851,"length":57.352,"mcpPosition":[3.18932,360.116,12.2986],"pipPosition":[-1.26973,357.606,-29.2869],"stabilizedTipPosition":[-11.5156,340.001,-52.9516],"timeVisible":11.1693,"tipPosition":[-7.56827,349.026,-64.0645],"tipVelocity":[69.1849,138.891,-176.239],"tool":false,"touchDistance":-0.401663,"touchZone":"hovering","type":1,"width":18.8641},{"bases":[[[0.79583,-0.599904,0.0822778],[0.541762,0.766121,0.345762],[-0.270459,-0.230593,0.934708]],[[0.771525,-0.616493,0.157117],[0.546521,0.51582,-0.65973],[0.325675,0.594866,0.734895]],[[0.771525,-0.616493,0.157117],[0.328242,0.174178,-0.928396],[0.544983,0.767853,0.336741]],[[0.771525,-0.616493,0.157117],[0.180871,-0.0242215,-0.983208],[0.609947,0.786988,0.0928183]]],"btipPosition":[-19.1633,287.676,-28.9798],"carpPosition":[4.03572,335.667,80.2042],"dipPosition":[-7.98486,302.099,-27.2787],"direction":[-0.544983,-0.767853,-0.336741],"extended":false,"handId":985,"id":9852,"length":65.348,"mcpPosition":[22.4381,351.357,16.6055],"pipPosition":[7.12895,323.394,-17.94],"stabilizedTipPosition":[-22.7918,264.537,0.166184],"timeVisible":11.1693,"tipPosition":[-16.9651,290.772,-27.6062],"tipVelocity":[42.6395,104.39,-166.876],"tool":false,"touchDistance":-0.505456,"touchZone":"hovering","type":2,"width":18.527},{"bases":[[[0.704236,-0.683334,0.19263],[0.588339,0.713562,0.380377],[-0.397378,-0.154544,0.904548]],[[0.731321,-0.670256,0.126203],[0.56706,0.494724,-0.658553],[0.378963,0.553178,0.741877]],[[0.731321,-0.670256,0.126203],[0.32228,0.176525,-0.93004],[0.601087,0.72083,0.345106]],[[0.731321,-0.670256,0.126203],[0.164159,-0.00661648,-0.986412],[0.661983,0.742101,0.10519]]],"btipPosition":[-6.32281,281.713,-18.0842],"carpPosition":[14.2159,329.372,80.7409],"dipPosition":[5.73956,295.235,-16.1675],"direction":[-0.601087,-0.72083,-0.345106],"extended":false,"handId":985,"id":9853,"length":62.8339,"mcpPosition":[38.4916,338.813,25.4824],"pipPosition":[21.9788,314.709,-6.84399],"stabilizedTipPosition":[-9.79231,253.096,15.0378],"timeVisible":11.1693,"tipPosition":[-3.99566,284.493,-16.4578],"tipVelocity":[44.0223,109.719,-174.499],"tool":false,"touchDistance":-0.521742,"touchZone":"hovering","type":3,"width":17.6296},{"bases":[[[0.546554,-0.805073,0.230512],[0.653277,0.582116,0.484118],[-0.523935,-0.114009,0.844093]],[[0.598196,-0.788801,0.14126],[0.686174,0.413146,-0.598728],[0.413917,0.455086,0.788397]],[[0.598196,-0.788801,0.14126],[0.40923,0.149141,-0.90016],[0.68898,0.59628,0.412016]],[[0.598196,-0.788801,0.14126],[0.229812,-0.00000919452,-0.973235],[0.76769,0.614648,0.18127]]],"btipPosition":[9.95048,286.125,-4.63743],"carpPosition":[20.6425,317.078,81.1895],"dipPosition":[22.8555,296.458,-1.59024],"direction":[-0.68898,-0.59628,-0.412016],"extended":false,"handId":985,"id":9854,"length":49.2606,"mcpPosition":[50.2711,323.525,33.456],"pipPosition":[35.9976,307.832,6.26886],"stabilizedTipPosition":[6.09228,255.625,27.6346],"timeVisible":11.1693,"tipPosition":[12.4571,288.309,-3.01486],"tipVelocity":[39.692,103.252,-161.764],"tool":false,"touchDistance":-0.485985,"touchZone":"hovering","type":4,"width":15.66}],"r":[[0.932208,0.128822,0.33822],[-0.100028,0.989814,-0.101302],[-0.347825,0.0606034,0.935599]],"s":1.13691,"t":[-0.911344,37.625,-75.3204],"timestamp":669477521436},false],[4,{"currentFrameRate":51.9427,"devices":[],"gestures":[],"hands":[{"armBasis":[[0.820412,-0.53695,-0.196491],[0.52223,0.843614,-0.124868],[0.23281,-0.000170437,0.972522]],"armWidth":62.1429,"confidence":0.629362,"direction":[0.351071,0.341121,-0.872001],"elbow":[66.6828,320.268,339.297],"grabStrength":0.037552,"id":985,"palmNormal":[-0.391115,-0.792721,-0.467571],"palmPosition":[15.8961,338.693,34.2451],"palmVelocity":[49.4454,66.3241,-138.381],"palmWidth":88.738,"pinchStrength":0.651974,"r":[[0.932586,0.121755,0.339793],[-0.0937373,0.990787,-0.0977503],[-0.348564,0.0593092,0.935407]],"s":1.14117,"sphereCenter":[6.14402,299.369,-3.17947],"sphereRadius":49.363,"stabilizedPalmPosition":[6.59061,310.249,58.9549],"t":[0.0419224,38.896,-77.9792],"timeVisible":11.1884,"type":"right","wrist":[5.37986,320.313,83.2148]}],"id":4969471,"interactionBox":{"center":[0,200,0],"size":[235.247,235.247,147.751]},"pointables":[{"bases":[[[0.760669,0.572302,0.306354],[-0.646778,0.627973,0.432814],[0.0553186,-0.527371,0.847832]],[[0.687488,0.725743,-0.0256347],[-0.698277,0.670339,0.251109],[0.199425,-0.154734,0.967619]],[[0.687488,0.725743,-0.0256347],[-0.724967,0.683844,-0.0823397],[-0.0422274,0.0751919,0.996275]],[[0.687488,0.725743,-0.0256347],[-0.701126,0.654145,-0.283755],[-0.189164,0.213051,0.958554]]],"btipPosition":[-27.551,325.04,-24.9401],"carpPosition":[-23.5643,324.871,77.1719],"dipPosition":[-31.8686,329.903,-3.06171],"direction":[0.0422274,-0.0751919,-0.996275],"extended":false,"handId":985,"id":9850,"length":50.8265,"mcpPosition":[-23.5643,324.871,77.1719],"pipPosition":[-33.2727,332.403,30.0662],"stabilizedTipPosition":[-34.1054,304.33,4.74498],"timeVisible":11.1884,"tipPosition":[-28.0376,326.49,-19.8215],"tipVelocity":[20.45,99.8202,-132.329],"tool":false,"touchDistance":-0.447814,"touchZone":"hovering","type":0,"width":19.7488},{"bases":[[[0.89762,-0.440756,-0.0035838],[0.416937,0.846417,0.331273],[-0.142977,-0.298852,0.943528]],[[0.906928,-0.411608,-0.0897762],[0.405024,0.910529,-0.0830212],[0.115916,0.0389328,0.992496]],[[0.906928,-0.411608,-0.0897762],[0.388341,0.899416,-0.200603],[0.163316,0.147068,0.975551]],[[0.906928,-0.411608,-0.0897762],[0.373568,0.884245,-0.280281],[0.19475,0.220657,0.955711]]],"btipPosition":[-7.44362,352.241,-70.0743],"carpPosition":[-5.75052,339.573,78.128],"dipPosition":[-4.19855,355.918,-54.1495],"direction":[-0.163316,-0.147068,-0.975551],"extended":true,"handId":985,"id":9851,"length":57.352,"mcpPosition":[4.50794,361.016,10.431],"pipPosition":[-0.348839,359.384,-31.1537],"stabilizedTipPosition":[-10.703,342.208,-55.2215],"timeVisible":11.1884,"tipPosition":[-7.10729,351.569,-66.0285],"tipVelocity":[48.2947,137.851,-139.56],"tool":false,"touchDistance":-0.419196,"touchZone":"hovering","type":1,"width":18.8641},{"bases":[[[0.785732,-0.614872,0.0675021],[0.559448,0.75295,0.346533],[-0.263899,-0.234518,0.935606]],[[0.761977,-0.631734,0.142491],[0.548302,0.512241,-0.66104],[0.344612,0.581825,0.736697]],[[0.761977,-0.631734,0.142491],[0.320852,0.17714,-0.930417],[0.562535,0.754674,0.337669]],[[0.761977,-0.631734,0.142491],[0.169274,-0.0180903,-0.985403],[0.62509,0.774974,0.0931521]]],"btipPosition":[-19.6129,289.389,-31.2684],"carpPosition":[5.68695,335.914,78.0933],"dipPosition":[-8.15691,303.592,-29.5612],"direction":[-0.562535,-0.754674,-0.337669],"extended":false,"handId":985,"id":9852,"length":65.348,"mcpPosition":[23.643,351.871,14.4335],"pipPosition":[7.44366,324.521,-20.1967],"stabilizedTipPosition":[-22.5963,265.483,-0.877787],"timeVisible":11.1884,"tipPosition":[-17.3375,292.435,-29.911],"tipVelocity":[11.5591,95.6532,-143.345],"tool":false,"touchDistance":-0.517551,"touchZone":"hovering","type":2,"width":18.527},{"bases":[[[0.693909,-0.697681,0.178132],[0.605458,0.699236,0.380118],[-0.389758,-0.155916,0.907623]],[[0.721876,-0.683595,0.107674],[0.571361,0.500965,-0.650062],[0.390438,0.530784,0.752214]],[[0.721876,-0.683595,0.107674],[0.322466,0.194612,-0.92636],[0.6123,0.703438,0.360921]],[[0.721876,-0.683595,0.107674],[0.161351,0.0149577,-0.986784],[0.672949,0.729709,0.121097]]],"btipPosition":[-6.24999,283.528,-21.7267],"carpPosition":[15.757,329.432,78.4538],"dipPosition":[6.01221,296.825,-19.5202],"direction":[-0.6123,-0.703438,-0.360921],"extended":false,"handId":985,"id":9853,"length":62.8339,"mcpPosition":[39.5672,338.957,23.0074],"pipPosition":[22.5543,315.829,-9.76938],"stabilizedTipPosition":[-9.62906,253.955,14.1075],"timeVisible":11.1884,"tipPosition":[-3.97009,286.175,-19.8369],"tipVelocity":[25.2938,100.963,-180.491],"tool":false,"touchDistance":-0.551538,"touchZone":"hovering","type":3,"width":17.6296},{"bases":[[[0.534494,-0.816917,0.216711],[0.669186,0.565669,0.48188],[-0.516242,-0.112542,0.849016]],[[0.585284,-0.800783,0.127239],[0.688117,0.407549,-0.600331],[0.428879,0.43892,0.789565]],[[0.585284,-0.800783,0.127239],[0.404259,0.152163,-0.901899],[0.702864,0.579304,0.412782]],[[0.585284,-0.800783,0.127239],[0.221521,0.00696577,-0.975131],[0.779982,0.598914,0.181467]]],"btipPosition":[9.85033,287.131,-7.44928],"carpPosition":[21.9649,317.021,78.7142],"dipPosition":[22.962,297.199,-4.39879],"direction":[-0.702864,-0.579304,-0.412782],"extended":false,"handId":985,"id":9854,"length":49.2606,"mcpPosition":[51.1584,323.385,30.7023],"pipPosition":[36.3689,308.249,3.47492],"stabilizedTipPosition":[6.22394,256.283,26.9663],"timeVisible":11.1884,"tipPosition":[12.4012,289.247,-5.81947],"tipVelocity":[18.6787,76.5454,-154.302],"tool":false,"touchDistance":-0.507886,"touchZone":"hovering","type":4,"width":15.66}],"r":[[0.932586,0.121755,0.339793],[-0.0937373,0.990787,-0.0977503],[-0.348564,0.0593092,0.935407]],"s":1.14117,"t":[0.0419224,38.896,-77.9792],"timestamp":669477540599},false],[5,{"currentFrameRate":51.9229,"devices":[],"gestures":[],"hands":[{"armBasis":[[0.81397,-0.542771,-0.207008],[0.52533,0.839877,-0.136507],[0.247954,0.00236467,0.968769]],"armWidth":62.1429,"confidence":0.635337,"direction":[0.364743,0.335621,-0.868517],"elbow":[69.704,321.898,334.494],"grabStrength":0.0225189,"id":985,"palmNormal":[-0.383898,-0.795597,-0.468665],"palmPosition":[15.6986,339.348,30.4873],"palmVelocity":[19.7211,50.1479,-166.281],"palmWidth":88.738,"pinchStrength":0.652691,"r":[[0.931788,0.116509,0.343797],[-0.0883828,0.991408,-0.0964336],[-0.352078,0.0594699,0.934079]],"s":1.1453,"sphereCenter":[6.0413,300.302,-6.93531],"sphereRadius":49.211,"stabilizedPalmPosition":[6.68924,310.564,58.6466],"t":[0.419771,39.8587,-81.1875],"timeVisible":11.2078,"type":"right","wrist":[4.41349,321.275,79.4004]}],"id":4969472,"interactionBox":{"center":[0,200,0],"size":[235.247,235.247,147.751]},"pointables":[{"bases":[[[0.755889,0.574139,0.314636],[-0.653355,0.630731,0.418695],[0.0419392,-0.522056,0.851879]],[[0.687721,0.725698,-0.0200476],[-0.702235,0.671983,0.235169],[0.184133,-0.147652,0.971748]],[[0.687721,0.725698,-0.0200476],[-0.723769,0.683219,-0.0968059],[-0.056555,0.0810853,0.995101]],[[0.687721,0.725698,-0.0200476],[-0.69682,0.652103,-0.29867],[-0.203671,0.219371,0.954146]]],"btipPosition":[-26.8664,325.283,-29.2966],"carpPosition":[-24.4316,325.798,72.8768],"dipPosition":[-31.5151,330.29,-7.51883],"direction":[0.056555,-0.0810853,-0.995101],"extended":false,"handId":985,"id":9850,"length":50.8265,"mcpPosition":[-24.4316,325.798,72.8768],"pipPosition":[-33.3956,332.986,25.57],"stabilizedTipPosition":[-33.9732,304.804,4.12268],"timeVisible":11.2078,"tipPosition":[-27.4321,326.771,-24.1936],"tipVelocity":[25.9415,57.1884,-179.268],"tool":false,"touchDistance":-0.49706,"touchZone":"hovering","type":0,"width":19.7488},{"bases":[[[0.897482,-0.440853,0.0132287],[0.411861,0.848437,0.332454],[-0.157787,-0.292923,0.943027]],[[0.908272,-0.411674,-0.0746046],[0.406708,0.910609,-0.0733499],[0.0981318,0.0362794,0.994512]],[[0.908272,-0.411674,-0.0746046],[0.392237,0.899916,-0.190531],[0.145575,0.143791,0.978842]],[[0.908272,-0.411674,-0.0746046],[0.378947,0.885056,-0.270325],[0.177315,0.217258,0.959874]]],"btipPosition":[-5.80889,352.992,-74.3782],"carpPosition":[-6.63223,340.505,74.0195],"dipPosition":[-2.85434,356.612,-58.3841],"direction":[-0.145575,-0.143791,-0.978842],"extended":true,"handId":985,"id":9851,"length":57.352,"mcpPosition":[4.6888,361.522,6.35854],"pipPosition":[0.577169,360.001,-35.3106],"stabilizedTipPosition":[-10.0648,343.538,-56.9939],"timeVisible":11.2078,"tipPosition":[-5.55734,352.258,-70.3201],"tipVelocity":[64.6399,88.1931,-180.534],"tool":false,"touchDistance":-0.46993,"touchZone":"hovering","type":1,"width":18.8641},{"bases":[[[0.784463,-0.61451,0.0836429],[0.554098,0.755054,0.350528],[-0.278558,-0.22863,0.93281]],[[0.759527,-0.630902,0.158371],[0.558732,0.508103,-0.655477],[0.333073,0.586339,0.738423]],[[0.759527,-0.630902,0.158371],[0.335479,0.171344,-0.926334],[0.557291,0.756706,0.341795]],[[0.759527,-0.630902,0.158371],[0.184731,-0.0242338,-0.98249],[0.623693,0.775484,0.0981412]]],"btipPosition":[-18.7853,289.641,-35.2716],"carpPosition":[4.80368,336.844,74.1868],"dipPosition":[-7.35495,303.853,-33.473],"direction":[-0.557291,-0.756706,-0.341795],"extended":false,"handId":985,"id":9852,"length":65.348,"mcpPosition":[23.7571,352.401,10.7173],"pipPosition":[8.10017,324.838,-23.9941],"stabilizedTipPosition":[-22.4744,266.002,-1.5211],"timeVisible":11.2078,"tipPosition":[-16.5275,292.697,-33.9079],"tipVelocity":[26.975,54.5387,-174.554],"tool":false,"touchDistance":-0.553863,"touchZone":"hovering","type":2,"width":18.527},{"bases":[[[0.690903,-0.696616,0.193338],[0.599566,0.701547,0.385165],[-0.403948,-0.150193,0.902368]],[[0.720282,-0.682792,0.122427],[0.581819,0.498543,-0.642605],[0.377731,0.534088,0.756353]],[[0.720282,-0.682792,0.122427],[0.338048,0.191388,-0.921463],[0.605737,0.7051,0.36867]],[[0.720282,-0.682792,0.122427],[0.178106,0.0114605,-0.983945],[0.670427,0.730523,0.129864]]],"btipPosition":[-5.49753,283.906,-25.6635],"carpPosition":[14.8656,330.364,74.7455],"dipPosition":[6.7187,297.218,-23.2971],"direction":[-0.605737,-0.7051,-0.36867],"extended":false,"handId":985,"id":9853,"length":62.8339,"mcpPosition":[39.5427,339.539,19.6201],"pipPosition":[23.0835,316.267,-13.337],"stabilizedTipPosition":[-9.52522,254.449,13.5207],"timeVisible":11.2078,"tipPosition":[-3.23074,286.574,-23.7965],"tipVelocity":[31.8113,60.5002,-191.076],"tool":false,"touchDistance":-0.583218,"touchZone":"hovering","type":3,"width":17.6296},{"bases":[[[0.53088,-0.815593,0.230162],[0.661668,0.568614,0.488746],[-0.529491,-0.107175,0.841518]],[[0.583102,-0.80001,0.141334],[0.69942,0.405853,-0.588299],[0.413284,0.44189,0.796197]],[[0.583102,-0.80001,0.141334],[0.42215,0.14974,-0.894073],[0.694104,0.581,0.425038]],[[0.583102,-0.80001,0.141334],[0.240852,0.00408592,-0.970553],[0.775875,0.599972,0.195066]]],"btipPosition":[10.4749,287.608,-11.2498],"carpPosition":[21.0663,317.954,75.1808],"dipPosition":[23.5175,297.694,-7.9707],"direction":[-0.694104,-0.581001,-0.425038],"extended":false,"handId":985,"id":9854,"length":49.2606,"mcpPosition":[51.0091,324.014,27.5929],"pipPosition":[36.7574,308.776,0.136784],"stabilizedTipPosition":[6.30305,256.65,26.5575],"timeVisible":11.2078,"tipPosition":[12.972,289.721,-9.55172],"tipVelocity":[25.059,50.8026,-174.015],"tool":false,"touchDistance":-0.54165,"touchZone":"hovering","type":4,"width":15.66}],"r":[[0.931788,0.116509,0.343797],[-0.0883828,0.991408,-0.0964336],[-0.352078,0.0594699,0.934079]],"s":1.1453,"t":[0.419771,39.8587,-81.1875],"timestamp":669477559931},false],[6,{"currentFrameRate":51.9562,"devices":[],"gestures":[],"hands":[{"armBasis":[[0.819666,-0.533525,-0.208564],[0.518692,0.845765,-0.125057],[0.243117,-0.00567531,0.96998]],"armWidth":62.1429,"confidence":0.641433,"direction":[0.364723,0.329951,-0.870695],"elbow":[68.6993,321.339,331.072],"grabStrength":0.0108979,"id":985,"palmNormal":[-0.377395,-0.802471,-0.462183],"palmPosition":[15.972,340.525,26.6084],"palmVelocity":[17.0395,55.7909,-184.347],"palmWidth":88.738,"pinchStrength":0.653285,"r":[[0.930798,0.114194,0.347238],[-0.0853711,0.991591,-0.0972549],[-0.355425,0.0608806,0.93272]],"s":1.14891,"sphereCenter":[6.22001,301.491,-10.5575],"sphereRadius":49.0951,"stabilizedPalmPosition":[6.7461,310.747,58.4504],"t":[0.745418,40.9288,-84.7312],"timeVisible":11.2269,"type":"right","wrist":[4.68235,322.834,75.6596]}],"id":4969473,"interactionBox":{"center":[0,200,0],"size":[235.247,235.247,147.751]},"pointables":[{"bases":[[[0.751244,0.582078,0.311155],[-0.658607,0.630223,0.411164],[0.0432327,-0.513813,0.856812]],[[0.682758,0.730197,-0.0255802],[-0.707466,0.669442,0.226582],[0.182574,-0.136604,0.973656]],[[0.682758,0.730197,-0.0255802],[-0.728287,0.677327,-0.104052],[-0.0586521,0.0896719,0.994243]],[[0.682758,0.730197,-0.0255802],[-0.700556,0.644296,-0.306763],[-0.207516,0.227365,0.951442]]],"btipPosition":[-26.3768,325.582,-33.1539],"carpPosition":[-24.1755,327.103,69.0221],"dipPosition":[-31.1133,330.771,-11.4379],"direction":[0.0586521,-0.0896719,-0.994243],"extended":false,"handId":985,"id":9850,"length":50.8265,"mcpPosition":[-24.1755,327.103,69.0221],"pipPosition":[-33.0636,333.753,21.6224],"stabilizedTipPosition":[-33.904,305.038,3.77943],"timeVisible":11.2269,"tipPosition":[-26.9686,327.119,-28.0669],"tipVelocity":[25.25,37.7239,-190.722],"tool":false,"touchDistance":-0.533761,"touchZone":"hovering","type":0,"width":19.7488},{"bases":[[[0.900359,-0.434707,0.0195791],[0.405354,0.854226,0.325556],[-0.158247,-0.285181,0.94532]],[[0.9113,-0.405742,-0.070045],[0.400888,0.913146,-0.0738415],[0.0939219,0.0392116,0.994807]],[[0.9113,-0.405742,-0.070045],[0.386955,0.902088,-0.19106],[0.140708,0.147008,0.979076]],[[0.9113,-0.405742,-0.070045],[0.374043,0.886904,-0.271095],[0.172118,0.220849,0.960001]]],"btipPosition":[-5.24328,353.611,-78.5102],"carpPosition":[-6.47729,341.938,70.0721],"dipPosition":[-2.37533,357.291,-62.5139],"direction":[-0.140708,-0.147008,-0.979076],"extended":true,"handId":985,"id":9851,"length":57.352,"mcpPosition":[4.8767,362.399,2.24654],"pipPosition":[0.941459,360.756,-39.435],"stabilizedTipPosition":[-9.71844,344.228,-58.1209],"timeVisible":11.2269,"tipPosition":[-4.99507,352.877,-74.4519],"tipVelocity":[46.7863,60.9511,-198.084],"tool":false,"touchDistance":-0.513242,"touchZone":"hovering","type":1,"width":18.8641},{"bases":[[[0.788318,-0.608452,0.0913272],[0.548162,0.761967,0.344855],[-0.279416,-0.221793,0.934203]],[[0.763296,-0.624317,0.166156],[0.557061,0.50576,-0.658704],[0.327205,0.595345,0.733827]],[[0.763296,-0.624317,0.166156],[0.336762,0.165012,-0.927018],[0.551336,0.763544,0.336199]],[[0.763296,-0.624317,0.166156],[0.187452,-0.0321024,-0.981749],[0.618257,0.780511,0.0925261]]],"btipPosition":[-18.0077,289.982,-38.777],"carpPosition":[4.98226,338.356,70.3021],"dipPosition":[-6.67699,304.286,-37.0813],"direction":[-0.551336,-0.763544,-0.336199],"extended":false,"handId":985,"id":9852,"length":65.348,"mcpPosition":[23.9941,353.447,6.73774],"pipPosition":[8.61299,325.461,-27.7576],"stabilizedTipPosition":[-22.4044,266.272,-1.88622],"timeVisible":11.2269,"tipPosition":[-15.7706,293.067,-37.4458],"tipVelocity":[33.1487,36.9401,-179.485],"tool":false,"touchDistance":-0.579746,"touchZone":"hovering","type":2,"width":18.527},{"bases":[[[0.695027,-0.690156,0.201549],[0.593896,0.70909,0.380103],[-0.405247,-0.144482,0.902718]],[[0.724764,-0.676645,0.129881],[0.580212,0.497726,-0.644688],[0.37158,0.542605,0.753331]],[[0.724764,-0.676645,0.129881],[0.339956,0.187229,-0.921616],[0.599289,0.712107,0.365726]],[[0.724764,-0.676645,0.129881],[0.181672,0.00584037,-0.983342],[0.664615,0.736286,0.12716]]],"btipPosition":[-4.65007,284.476,-29.2237],"carpPosition":[15.0857,331.948,70.9463],"dipPosition":[7.46027,297.893,-26.9066],"direction":[-0.599289,-0.712107,-0.365726],"extended":false,"handId":985,"id":9853,"length":62.8339,"mcpPosition":[39.8421,340.775,15.7995],"pipPosition":[23.6509,317.131,-17.026],"stabilizedTipPosition":[-9.46106,254.726,13.1672],"timeVisible":11.2269,"tipPosition":[-2.39862,287.181,-27.3912],"tipVelocity":[37.3626,45.9451,-188.935],"tool":false,"touchDistance":-0.606802,"touchZone":"hovering","type":3,"width":17.6296},{"bases":[[[0.535705,-0.809852,0.239081],[0.656617,0.577544,0.485074],[-0.530918,-0.102872,0.841156]],[[0.588193,-0.794691,0.149981],[0.70182,0.409439,-0.58293],[0.401842,0.448135,0.79856]],[[0.588193,-0.794691,0.149981],[0.43237,0.152289,-0.888743],[0.683436,0.5876,0.433176]],[[0.588193,-0.794691,0.149981],[0.253987,0.00545223,-0.967192],[0.767802,0.606989,0.205048]]],"btipPosition":[11.5907,288.536,-15.3019],"carpPosition":[21.3676,319.584,71.5127],"dipPosition":[24.4976,298.74,-11.855],"direction":[-0.683436,-0.5876,-0.433176],"extended":false,"handId":985,"id":9854,"length":49.2606,"mcpPosition":[51.3911,325.402,23.9453],"pipPosition":[37.5339,309.948,-3.59233],"stabilizedTipPosition":[6.35645,256.871,26.2919],"timeVisible":11.2269,"tipPosition":[13.9879,290.652,-13.4605],"tipVelocity":[40.7089,50.3773,-191.739],"tool":false,"touchDistance":-0.576021,"touchZone":"hovering","type":4,"width":15.66}],"r":[[0.930798,0.114194,0.347238],[-0.0853711,0.991591,-0.0972549],[-0.355425,