{"sensorType":"Leap","data":[[0,{"currentFrameRate":51.9541,"devices":[],"gestures":[],"hands":[{"armBasis":[[0.822964,-0.530896,-0.202187],[0.492872,0.844229,-0.210605],[0.282502,0.0736679,0.956434]],"armWidth":62.1429,"confidence":0.622027,"direction":[0.21078,0.383607,-0.89912],"elbow":[66.8702,329.041,339.707],"grabStrength":0.0999293,"id":985,"palmNormal":[-0.461058,-0.772038,-0.437473],"palmPosition":[-4.76752,330.36,38.772],"palmVelocity":[3.54401,66.3536,-201.187],"palmWidth":88.738,"pinchStrength":0.726254,"r":[[0.969926,0.0971842,0.223158],[-0.0832403,0.993991,-0.0710855],[-0.228725,0.0503719,0.972187]],"s":1.09109,"sphereCenter":[-24.0735,294.687,2.21846],"sphereRadius":48.3554,"stabilizedPalmPosition":[-4.49698,303.486,92.2349],"t":[-19.7372,30.5603,-72.2448],"timeVisible":14.2696,"type":"right","wrist":[-7.51749,309.643,87.8609]}],"id":4969631,"interactionBox":{"center":[0,200,0],"size":[235.247,235.247,147.751]},"pointables":[{"bases":[[[0.800368,0.561468,0.210152],[-0.569779,0.603393,0.557914],[0.186447,-0.566277,0.80285]],[[0.670634,0.733781,-0.1087],[-0.677298,0.665481,0.313692],[0.302519,-0.13675,0.943282]],[[0.670634,0.733781,-0.1087],[-0.730265,0.678818,0.0769342],[0.13024,0.0277851,0.991093]],[[0.670634,0.733781,-0.1087],[-0.74162,0.666367,-0.0771661],[0.015811,0.132364,0.991075]]],"btipPosition":[-56.461,317.033,-14.8505],"carpPosition":[-37.0421,314.32,86.6467],"dipPosition":[-56.1001,320.054,7.77015],"direction":[-0.13024,-0.0277851,-0.991093],"extended":false,"handId":985,"id":9850,"length":50.8265,"mcpPosition":[-37.0421,314.32,86.6467],"pipPosition":[-51.7694,320.978,40.7257],"stabilizedTipPosition":[-53.5132,299.32,24.3971],"timeVisible":14.2696,"tipPosition":[-56.3707,318.798,-9.59013],"tipVelocity":[-12.3282,91.667,-190.974],"tool":false,"touchDistance":-0.671762,"touchZone":"hovering","type":0,"width":19.7488},{"bases":[[[0.885126,-0.435155,-0.164898],[0.465311,0.832215,0.301503],[0.00603043,-0.343597,0.939098]],[[0.875145,-0.381481,-0.297646],[0.358051,0.924334,-0.131933],[0.325455,0.00888826,0.945516]],[[0.875145,-0.381481,-0.297646],[0.31343,0.915587,-0.251918],[0.368623,0.127174,0.920839]],[[0.875145,-0.381481,-0.297646],[0.280057,0.900992,-0.331334],[0.394574,0.206607,0.895335]]],"btipPosition":[-48.6032,346.9,-58.1253],"carpPosition":[-19.2703,329.06,85.495],"dipPosition":[-42.0285,350.342,-43.2065],"direction":[-0.368623,-0.127174,-0.920839],"extended":true,"handId":985,"id":9851,"length":57.352,"mcpPosition":[-19.703,353.712,18.1159],"pipPosition":[-33.3393,353.34,-21.5004],"stabilizedTipPosition":[-45.6914,335.73,-39.7285],"timeVisible":14.2696,"tipPosition":[-47.4505,346.343,-54.2362],"tipVelocity":[-18.4262,164.709,-186.637],"tool":false,"touchDistance":-0.635204,"touchZone":"hovering","type":1,"width":18.8641},{"bases":[[[0.785423,-0.613029,-0.0854731],[0.608273,0.73892,0.289829],[-0.114515,-0.279629,0.953254]],[[0.779057,-0.625685,-0.0398453],[0.442468,0.59373,-0.672091],[0.444175,0.505967,0.739396]],[[0.779057,-0.625685,-0.0398453],[0.177363,0.280905,-0.943205],[0.601342,0.727743,0.329814]],[[0.779057,-0.625685,-0.0398453],[0.0142737,0.0812383,-0.996592],[0.62679,0.775834,0.0722202]]],"btipPosition":[-49.2382,286.311,-26.5907],"carpPosition":[-7.98657,325.469,83.4972],"dipPosition":[-37.7511,300.529,-25.2672],"direction":[-0.601342,-0.727743,-0.329814],"extended":false,"handId":985,"id":9852,"length":65.348,"mcpPosition":[-0.194795,344.496,18.6365],"pipPosition":[-21.0743,320.712,-16.1206],"stabilizedTipPosition":[-42.6477,267.948,12.5027],"timeVisible":14.2696,"tipPosition":[-46.6987,289.457,-25.8828],"tipVelocity":[-20.3392,106.56,-212.167],"tool":false,"touchDistance":-0.779205,"touchZone":"hovering","type":2,"width":18.527},{"bases":[[[0.711907,-0.701444,0.0341341],[0.658873,0.683943,0.313221],[-0.243053,-0.200494,0.949067]],[[0.729131,-0.68307,-0.0422194],[0.481165,0.555526,-0.678138],[0.48667,0.474137,0.733721]],[[0.729131,-0.68307,-0.0422194],[0.19377,0.265215,-0.944518],[0.656369,0.680497,0.325735]],[[0.729131,-0.68307,-0.0422194],[0.0200862,0.0830231,-0.996345],[0.684079,0.725619,0.0742551]]],"btipPosition":[-34.5526,279.015,-18.1324],"carpPosition":[2.00316,319.033,81.9699],"dipPosition":[-22.0876,292.237,-16.7794],"direction":[-0.656369,-0.680497,-0.325735],"extended":false,"handId":985,"id":9853,"length":62.8339,"mcpPosition":[16.8512,331.281,23.9918],"pipPosition":[-4.35488,310.622,-7.97922],"stabilizedTipPosition":[-27.3103,255.725,30.0562],"timeVisible":14.2696,"tipPosition":[-31.8128,282.051,-17.5525],"tipVelocity":[-16.8196,98.6676,-219.726],"tool":false,"touchDistance":-0.806737,"touchZone":"hovering","type":3,"width":17.6296},{"bases":[[[0.560275,-0.823235,0.0915232],[0.737501,0.546099,0.397326],[-0.377074,-0.155113,0.913102]],[[0.600758,-0.799259,-0.0165741],[0.620191,0.479044,-0.621192],[0.504433,0.362907,0.783483]],[[0.600758,-0.799259,-0.0165741],[0.306365,0.249328,-0.918682],[0.738397,0.546828,0.394651]],[[0.600758,-0.799259,-0.0165741],[0.108646,0.102168,-0.988816],[0.792014,0.592239,0.148215]]],"btipPosition":[-15.3187,282.528,-8.00437],"carpPosition":[8.15131,306.658,80.6687],"dipPosition":[-2.00477,292.484,-5.51285],"direction":[-0.738397,-0.546828,-0.394651],"extended":false,"handId":985,"id":9854,"length":49.2606,"mcpPosition":[29.4749,315.429,29.0327],"pipPosition":[12.08,302.915,2.01501],"stabilizedTipPosition":[-7.84532,254.725,47.3992],"timeVisible":14.2696,"tipPosition":[-12.2914,284.782,-7.30071],"tipVelocity":[-15.7473,93.4641,-225.04],"tool":false,"touchDistance":-0.811305,"touchZone":"hovering","type":4,"width":15.66}],"r":[[0.969926,0.0971842,0.223158],[-0.0832403,0.993991,-0.0710855],[-0.228725,0.0503719,0.972187]],"s":1.09109,"t":[-19.7372,30.5603,-72.2448],"timestamp":669480621746},false],[1,{"currentFrameRate":51.9349,"devices":[],"gestures":[],"hands":[{"armBasis":[[0.824175,-0.524579,-0.21343],[0.491826,0.84982,-0.189509],[0.280789,0.0512184,0.958402]],"armWidth":62.1429,"confidence":0.629646,"direction":[0.206076,0.384818,-0.899693],"elbow":[66.6519,323.761,335.578],"grabStrength":0.0897965,"id":985,"palmNormal":[-0.460031,-0.773389,-0.436166],"palmPosition":[-4.79085,331.027,34.127],"palmVelocity":[1.17769,50.5004,-220.7],"palmWidth":88.738,"pinchStrength":0.727096,"r":[[0.971311,0.0950754,0.217981],[-0.0836016,0.994613,-0.0612899],[-0.222634,0.041308,0.974027]],"s":1.09585,"sphereCenter":[-24.5422,295.806,-2.34417],"sphereRadius":48.2152,"stabilizedPalmPosition":[-4.49764,303.548,92.1048],"t":[-19.7145,31.5306,-76.5005],"timeVisible":14.2889,"type":"right","wrist":[-7.2849,310.274,83.2143]}],"id":4969632,"interactionBox":{"center":[0,200,0],"size":[235.247,235.247,147.751]},"pointables":[{"bases":[[[0.79921,0.564115,0.207457],[-0.569758,0.601121,0.560384],[0.191414,-0.566064,0.80183]],[[0.66741,0.736329,-0.111282],[-0.678379,0.662796,0.317022],[0.30719,-0.136092,0.941867]],[[0.66741,0.736329,-0.111282],[-0.732496,0.676042,0.0801072],[0.134216,0.0280491,0.990555]],[[0.66741,0.736329,-0.111282],[-0.744521,0.662955,-0.0786061],[0.0158949,0.135314,0.990675]]],"btipPosition":[-56.6102,317.454,-19.2877],"carpPosition":[-36.8298,314.85,82.1136],"dipPosition":[-56.2474,320.543,3.32382],"direction":[-0.134216,-0.0280491,-0.990555],"extended":false,"handId":985,"id":9850,"length":50.8265,"mcpPosition":[-36.8298,314.85,82.1136],"pipPosition":[-51.7845,321.476,36.2615],"stabilizedTipPosition":[-53.542,299.499,24.0301],"timeVisible":14.2889,"tipPosition":[-56.5276,319.22,-14.0368],"tipVelocity":[-10.0229,57.2818,-210.271],"tool":false,"touchDistance":-0.699509,"touchZone":"hovering","type":0,"width":19.7488},{"bases":[[[0.885997,-0.432007,-0.168461],[0.463566,0.833653,0.300214],[0.0107434,-0.344082,0.938878]],[[0.875212,-0.377946,-0.301927],[0.356021,0.925821,-0.126907],[0.327494,0.00357784,0.944846]],[[0.875212,-0.377946,-0.301927],[0.312042,0.918031,-0.24464],[0.369639,0.119898,0.921407]],[[0.875212,-0.377946,-0.301927],[0.279149,0.904345,-0.322857],[0.395069,0.198286,0.896997]]],"btipPosition":[-48.9021,348.059,-62.7142],"carpPosition":[-19.1135,329.652,80.9033],"dipPosition":[-42.3192,351.363,-47.7678],"direction":[-0.369639,-0.119898,-0.921407],"extended":true,"handId":985,"id":9851,"length":57.352,"mcpPosition":[-19.8843,354.339,13.54],"pipPosition":[-33.606,354.189,-26.0482],"stabilizedTipPosition":[-45.8598,337.029,-41.6681],"timeVisible":14.2889,"tipPosition":[-47.7475,347.428,-58.8276],"tipVelocity":[-16.9047,111.73,-211.787],"tool":false,"touchDistance":-0.668756,"touchZone":"hovering","type":1,"width":18.8641},{"bases":[[[0.787207,-0.610267,-0.0887606],[0.606804,0.740859,0.287952],[-0.109968,-0.280538,0.953523]],[[0.78091,-0.623218,-0.0421688],[0.438577,0.595114,-0.673417],[0.444781,0.507384,0.738059]],[[0.78091,-0.623218,-0.0421688],[0.173918,0.28177,-0.943588],[0.599943,0.729523,0.328426]],[[0.78091,-0.623218,-0.0421688],[0.0114563,0.0817868,-0.996584],[0.624538,0.777759,0.0710079]]],"btipPosition":[-49.3344,286.853,-31.1215],"carpPosition":[-7.82498,326.101,78.8611],"dipPosition":[-37.8886,301.107,-29.8201],"direction":[-0.599943,-0.729523,-0.328426],"extended":false,"handId":985,"id":9852,"length":65.348,"mcpPosition":[-0.342592,345.19,13.9823],"pipPosition":[-21.2506,321.339,-20.712],"stabilizedTipPosition":[-42.6959,268.212,11.9868],"timeVisible":14.2889,"tipPosition":[-46.8076,290.013,-30.4186],"tipVelocity":[-12.9338,67.6786,-223.397],"tool":false,"touchDistance":-0.797656,"touchZone":"hovering","type":2,"width":18.527},{"bases":[[[0.714446,-0.699,0.0310728],[0.657681,0.686045,0.311124],[-0.238793,-0.201845,0.949861]],[[0.730775,-0.681295,-0.0424875],[0.47784,0.555008,-0.680907],[0.487479,0.477288,0.731136]],[[0.730775,-0.681295,-0.0424875],[0.190408,0.263217,-0.94576],[0.655524,0.683048,0.322077]],[[0.730775,-0.681295,-0.0424875],[0.0171615,0.0805589,-0.996602],[0.682402,0.727563,0.0705624]]],"btipPosition":[-34.6168,279.523,-22.5793],"carpPosition":[2.18109,319.701,77.2929],"dipPosition":[-22.1823,292.781,-21.2936],"direction":[-0.655524,-0.683048,-0.322077],"extended":false,"handId":985,"id":9853,"length":62.8339,"mcpPosition":[16.7689,332.031,19.2661],"pipPosition":[-4.47245,311.234,-12.5922],"stabilizedTipPosition":[-27.3434,255.925,29.6661],"timeVisible":14.2889,"tipPosition":[-31.8773,282.603,-22.0691],"tipVelocity":[-10.2781,62.832,-225.297],"tool":false,"touchDistance":-0.821332,"touchZone":"hovering","type":3,"width":17.6296},{"bases":[[[0.563452,-0.821345,0.0889634],[0.7371,0.548427,0.394857],[-0.373104,-0.156908,0.914425]],[[0.603223,-0.797356,-0.018598],[0.615933,0.480532,-0.624273],[0.506705,0.36512,0.780985]],[[0.603223,-0.797356,-0.018598],[0.301767,0.249756,-0.920086],[0.738281,0.549405,0.391274]],[[0.603223,-0.797356,-0.018598],[0.104485,0.10212,-0.98927],[0.790699,0.594807,0.144913]]],"btipPosition":[-15.3815,283.151,-12.5801],"carpPosition":[8.36698,307.347,75.9617],"dipPosition":[-2.08973,293.149,-10.1441],"direction":[-0.738281,-0.549405,-0.391274],"extended":false,"handId":985,"id":9854,"length":49.2606,"mcpPosition":[29.466,316.22,24.2509],"pipPosition":[11.9928,303.629,-2.68067],"stabilizedTipPosition":[-7.86888,254.887,47.0867],"timeVisible":14.2889,"tipPosition":[-12.3465,285.429,-11.9146],"tipVelocity":[-9.65539,63.2028,-231.216],"tool":false,"touchDistance":-0.827336,"touchZone":"hovering","type":4,"width":15.66}],"r":[[0.971311,0.0950754,0.217981],[-0.0836016,0.994613,-0.0612899],[-0.222634,0.041308,0.974027]],"s":1.09585,"t":[-19.7145,31.5306,-76.5005],"timestamp":669480641071},false],[2,{"currentFrameRate":51.8614,"devices":[],"gestures":[],"hands":[{"armBasis":[[0.826065,-0.526483,-0.201077],[0.490109,0.847242,-0.204878],[0.278226,0.0706927,0.957911]],"armWidth":62.1429,"confidence":0.639487,"direction":[0.200152,0.37946,-0.903299],"elbow":[66.1316,330.656,330.418],"grabStrength":0.0801204,"id":985,"palmNormal":[-0.463392,-0.775655,-0.428517],"palmPosition":[-4.95925,332.507,28.9599],"palmVelocity":[-3.7381,63.1423,-242.578],"palmWidth":88.738,"pinchStrength":0.727244,"r":[[0.972695,0.0935728,0.212388],[-0.0838191,0.99499,-0.0544927],[-0.216423,0.0352027,0.975665]],"s":1.10038,"sphereCenter":[-25.3225,297.525,-7.14919],"sphereRadius":48.0929,"stabilizedPalmPosition":[-4.49828,303.588,92.0174],"t":[-19.7873,32.7555,-81.2119],"timeVisible":14.3084,"type":"right","wrist":[-7.13013,312.041,78.1832]}],"id":4969633,"interactionBox":{"center":[0,200,0],"size":[235.247,235.247,147.751]},"pointables":[{"bases":[[[0.800898,0.564863,0.198728],[-0.565618,0.604692,0.560735],[0.196569,-0.561496,0.803793]],[[0.666895,0.735374,-0.12032],[-0.675719,0.66488,0.318338],[0.314095,-0.130995,0.940311]],[[0.666895,0.735374,-0.12032],[-0.731667,0.676813,0.0811657],[0.141121,0.0339048,0.989412]],[[0.666895,0.735374,-0.12032],[-0.744883,0.662244,-0.0811316],[0.0200188,0.14373,0.989414]]],"btipPosition":[-57.1197,318.597,-24.002],"carpPosition":[-36.6795,316.628,77.2567],"dipPosition":[-56.6628,321.877,-1.41928],"direction":[-0.141121,-0.0339048,-0.989412],"extended":false,"handId":985,"id":9850,"length":50.8265,"mcpPosition":[-36.6795,316.628,77.2567],"pipPosition":[-51.9703,323.005,31.4804],"stabilizedTipPosition":[-53.5608,299.607,23.798],"timeVisible":14.3084,"tipPosition":[-57.02,320.39,-18.7707],"tipVelocity":[-17.5194,58.9898,-225.929],"tool":false,"touchDistance":-0.728705,"touchZone":"hovering","type":0,"width":19.7488},{"bases":[[[0.884604,-0.433478,-0.171963],[0.466034,0.835125,0.292195],[0.0169507,-0.338618,0.940771]],[[0.8729,-0.380079,-0.305916],[0.357461,0.924948,-0.129203],[0.332064,0.00342796,0.943251]],[[0.8729,-0.380079,-0.305916],[0.313689,0.917435,-0.24477],[0.37369,0.117697,0.920056]],[[0.8729,-0.380079,-0.305916],[0.280941,0.904184,-0.321749],[0.398895,0.194911,0.896043]]],"btipPosition":[-49.5488,349.541,-67.799],"carpPosition":[-18.964,331.412,75.8398],"dipPosition":[-42.9021,352.789,-52.8684],"direction":[-0.37369,-0.117697,-0.920056],"extended":true,"handId":985,"id":9851,"length":57.352,"mcpPosition":[-20.1802,355.707,8.34065],"pipPosition":[-34.0934,355.563,-31.1807],"stabilizedTipPosition":[-45.988,337.816,-43.016],"timeVisible":14.3084,"tipPosition":[-48.394,348.871,-63.9111],"tipVelocity":[-24.6465,93.3651,-236.12],"tool":false,"touchDistance":-0.706539,"touchZone":"hovering","type":1,"width":18.8641},{"bases":[[[0.786266,-0.611216,-0.0905562],[0.609137,0.742181,0.279499],[-0.103625,-0.274922,0.955866]],[[0.780142,-0.624127,-0.0429263],[0.434962,0.590449,-0.679837],[0.44965,0.511698,0.732106]],[[0.780142,-0.624127,-0.0429263],[0.168681,0.275928,-0.946261],[0.602432,0.730978,0.320541]],[[0.780142,-0.624127,-0.0429263],[0.00588913,0.0759395,-0.997095],[0.625574,0.777623,0.0629192]]],"btipPosition":[-49.9495,287.972,-35.7537],"carpPosition":[-7.69154,327.843,73.7416],"dipPosition":[-38.4847,302.224,-34.6006],"direction":[-0.602432,-0.730978,-0.320541],"extended":false,"handId":985,"id":9852,"length":65.348,"mcpPosition":[-0.640733,346.549,8.70332],"pipPosition":[-21.7777,322.496,-25.7111],"stabilizedTipPosition":[-42.7278,268.371,11.6597],"timeVisible":14.3084,"tipPosition":[-47.4203,291.14,-35.0842],"tipVelocity":[-22.1226,62.4189,-231.061],"tool":false,"touchDistance":-0.816218,"touchZone":"hovering","type":2,"width":18.527},{"bases":[[[0.714275,-0.699209,0.0302839],[0.660141,0.687474,0.302644],[-0.232431,-0.196179,0.952622]],[[0.729627,-0.682622,-0.0408801],[0.47423,0.548144,-0.688944],[0.492697,0.483286,0.723661]],[[0.729627,-0.682622,-0.0408801],[0.185043,0.254628,-0.94917],[0.658334,0.684975,0.312098]],[[0.729627,-0.682622,-0.0408801],[0.011589,0.072114,-0.997329],[0.683747,0.727204,0.0605273]]],"btipPosition":[-35.214,280.597,-27.12],"carpPosition":[2.30028,321.428,72.1426],"dipPosition":[-22.7551,293.848,-26.0171],"direction":[-0.658334,-0.684975,-0.312098],"extended":false,"handId":985,"id":9853,"length":62.8339,"mcpPosition":[16.4994,333.412,13.9473],"pipPosition":[-4.96927,312.354,-17.5854],"stabilizedTipPosition":[-27.3651,256.045,29.4213],"timeVisible":14.3084,"tipPosition":[-32.4567,283.714,-26.7071],"tipVelocity":[-20.3098,58.8299,-229.862],"tool":false,"touchDistance":-0.836274,"touchZone":"hovering","type":3,"width":17.6296},{"bases":[[[0.563614,-0.82113,0.0899114],[0.740056,0.550301,0.386635],[-0.366956,-0.151374,0.91784]],[[0.602092,-0.79826,-0.0162897],[0.610825,0.473665,-0.634455],[0.514176,0.37205,0.772788]],[[0.602092,-0.79826,-0.0162897],[0.293956,0.240594,-0.925043],[0.742344,0.552173,0.379513]],[[0.602092,-0.79826,-0.0162897],[0.0964447,0.0929666,-0.990987],[0.79258,0.595095,0.132962]]],"btipPosition":[-15.9924,284.257,-17.1856],"carpPosition":[8.47051,309.063,70.8414],"dipPosition":[-2.66901,294.261,-14.9505],"direction":[-0.742344,-0.552173,-0.379513],"extended":false,"handId":985,"id":9854,"length":49.2606,"mcpPosition":[29.2219,317.623,18.9375],"pipPosition":[11.491,304.793,-7.71136],"stabilizedTipPosition":[-7.88468,254.986,46.8876],"timeVisible":14.3084,"tipPosition":[-12.911,286.583,-16.6464],"tipVelocity":[-20.309,59.9135,-234.578],"tool":false,"touchDistance":-0.842711,"touchZone":"hovering","type":4,"width":15.66}],"r":[[0.972695,0.0935728,0.212388],[-0.0838191,0.99499,-0.0544927],[-0.216423,0.0352027,0.975665]],"s":1.10038,"t":[-19.7873,32.7555,-81.2119],"timestamp":669480660623},false],[3,{"currentFrameRate":51.8521,"devices":[],"gestures":[],"hands":[{"armBasis":[[0.834797,-0.518692,-0.184588],[0.482563,0.850751,-0.20822],[0.265041,0.0847461,0.960506]],"armWidth":62.1429,"confidence":0.635331,"direction":[0.196943,0.384933,-0.901687],"elbow":[62.3941,334.416,326.909],"grabStrength":0.0714702,"id":985,"palmNormal":[-0.457432,-0.777383,-0.431778],"palmPosition":[-5.39794,332.796,24.857],"palmVelocity":[-13.1839,39.1638,-227.535],"palmWidth":88.738,"pinchStrength":0.727321,"r":[[0.973641,0.0937356,0.207935],[-0.0855181,0.995171,-0.0481834],[-0.211448,0.0291311,0.976955]],"s":1.10452,"sphereCenter":[-25.7126,298.13,-11.3891],"sphereRadius":48.0031,"stabilizedPalmPosition":[-4.49893,303.609,91.9689],"t":[-20.0431,33.5128,-85.619],"timeVisible":14.3278,"type":"right","wrist":[-7.3959,312.101,73.9913]}],"id":4969634,"interactionBox":{"center":[0,200,0],"size":[235.247,235.247,147.751]},"pointables":[{"bases":[[[0.796513,0.570234,0.200998],[-0.570176,0.597813,0.563488],[0.201161,-0.56343,0.801299]],[[0.661045,0.741111,-0.117364],[-0.680618,0.658081,0.322007],[0.315878,-0.132981,0.939435]],[[0.661045,0.741111,-0.117364],[-0.736965,0.670673,0.0841474],[0.141076,0.0308682,0.989517]],[[0.661045,0.741111,-0.117364],[-0.750166,0.656176,-0.0817482],[0.0164273,0.142082,0.989719]]],"btipPosition":[-57.424,318.665,-28.135],"carpPosition":[-36.9804,316.46,73.0916],"dipPosition":[-57.049,321.908,-5.54529],"direction":[-0.141076,-0.0308682,-0.989517],"extended":false,"handId":985,"id":9850,"length":50.8265,"mcpPosition":[-36.9804,316.46,73.0916],"pipPosition":[-52.358,322.934,27.3579],"stabilizedTipPosition":[-53.5706,299.658,23.6771],"timeVisible":14.3278,"tipPosition":[-57.3599,320.43,-22.9037],"tipVelocity":[-17.123,31.1393,-219.908],"tool":false,"touchDistance":-0.746139,"touchZone":"hovering","type":0,"width":19.7488},{"bases":[[[0.887918,-0.425803,-0.17405],[0.459573,0.837463,0.295715],[0.0198438,-0.342559,0.939287]],[[0.875804,-0.37203,-0.307507],[0.352019,0.928216,-0.120404],[0.330227,-0.00279764,0.943897]],[[0.875804,-0.37203,-0.307507],[0.308859,0.921552,-0.235264],[0.370909,0.111068,0.922004]],[[0.875804,-0.37203,-0.307507],[0.276537,0.908929,-0.312049],[0.395594,0.188257,0.898924]]],"btipPosition":[-49.9761,350.329,-71.9184],"carpPosition":[-19.3814,331.388,71.7349],"dipPosition":[-43.3845,353.466,-56.9399],"direction":[-0.370909,-0.111068,-0.922004],"extended":true,"handId":985,"id":9851,"length":57.352,"mcpPosition":[-20.8051,355.966,4.34222],"pipPosition":[-34.6413,356.084,-35.2062],"stabilizedTipPosition":[-46.0669,338.238,-43.8277],"timeVisible":14.3278,"tipPosition":[-48.8433,349.623,-68.0327],"tipVelocity":[-23.7145,66.5076,-224.432],"tool":false,"touchDistance":-0.725845,"touchZone":"hovering","type":1,"width":18.8641},{"bases":[[[0.790993,-0.604656,-0.0933932],[0.603394,0.745696,0.282583],[-0.101222,-0.279874,0.954686]],[[0.78486,-0.618038,-0.0449826],[0.430765,0.596338,-0.677364],[0.445462,0.512259,0.734271]],[[0.78486,-0.618038,-0.0449826],[0.167214,0.281128,-0.94499],[0.596686,0.734163,0.323991]],[[0.78486,-0.618038,-0.0449826],[0.00609486,0.0802865,-0.996753],[0.619643,0.782037,0.0667805]]],"btipPosition":[-50.0384,288.187,-40.0646],"carpPosition":[-8.08189,327.917,69.6186],"dipPosition":[-38.6823,302.52,-38.8407],"direction":[-0.596686,-0.734163,-0.323991],"extended":false,"handId":985,"id":9852,"length":65.348,"mcpPosition":[-1.1946,346.96,4.66059],"pipPosition":[-22.1346,322.88,-29.8556],"stabilizedTipPosition":[-42.7435,268.448,11.4876],"timeVisible":14.3278,"tipPosition":[-47.5374,291.376,-39.3803],"tipVelocity":[-14.0427,37.3624,-226.694],"tool":false,"touchDistance":-0.827349,"touchZone":"hovering","type":2,"width":18.527},{"bases":[[[0.719723,-0.693733,0.0270798],[0.654831,0.691289,0.305477],[-0.23064,-0.202127,0.951814]],[[0.734606,-0.677174,-0.0422938],[0.470194,0.553029,-0.687805],[0.489154,0.48538,0.724662]],[[0.734606,-0.677174,-0.0422938],[0.18351,0.258312,-0.948472],[0.653206,0.688992,0.314026]],[[0.734606,-0.677174,-0.0422938],[0.011725,0.0749955,-0.997115],[0.678393,0.731991,0.063032]]],"btipPosition":[-35.2739,280.833,-31.3652],"carpPosition":[1.95931,321.587,67.9894],"dipPosition":[-22.9125,294.171,-30.2167],"direction":[-0.653206,-0.688992,-0.314026],"extended":false,"handId":985,"id":9853,"length":62.8339,"mcpPosition":[16.049,333.935,9.84342],"pipPosition":[-5.26528,312.785,-21.7329],"stabilizedTipPosition":[-27.3758,256.104,29.2932],"timeVisible":14.3278,"tipPosition":[-32.5309,283.991,-30.9768],"tipVelocity":[-12.3184,36.1209,-224.547],"tool":false,"touchDistance":-0.8445,"touchZone":"hovering","type":3,"width":17.6296},{"bases":[[[0.570035,-0.817085,0.0862115],[0.735836,0.554381,0.388853],[-0.36552,-0.158222,0.917257]],[[0.607641,-0.794012,-0.0178453],[0.604802,0.477172,-0.63759],[0.514769,0.376633,0.770169]],[[0.607641,-0.794012,-0.0178453],[0.288215,0.241392,-0.92664],[0.740071,0.557921,0.375526]],[[0.607641,-0.794012,-0.0178453],[0.0920393,0.0927181,-0.991429],[0.788861,0.60079,0.12942]]],"btipPosition":[-16.2331,284.494,-21.1351],"carpPosition":[8.22559,309.276,66.633],"dipPosition":[-2.9722,294.594,-18.9595],"direction":[-0.740071,-0.557921,-0.375526],"extended":false,"handId":985,"id":9854,"length":49.2606,"mcpPosition":[28.8958,318.224,14.7621],"pipPosition":[11.1444,305.236,-11.7965],"stabilizedTipPosition":[-7.89305,255.036,46.7808],"timeVisible":14.3278,"tipPosition":[-13.1061,286.908,-20.7342],"tipVelocity":[-16.7696,36.7645,-219.917],"tool":false,"touchDistance":-0.846221,"touchZone":"hovering","type":4,"width":15.66}],"r":[[0.973641,0.0937356,0.207935],[-0.0855181,0.995171,-0.0481834],[-0.211448,0.0291311,0.976955]],"s":1.10452,"t":[-20.0431,33.5128,-85.619],"timestamp":669480679943},false],[4,{"currentFrameRate":51.9596,"devices":[],"gestures":[],"hands":[{"armBasis":[[0.841501,-0.50495,-0.192096],[0.47138,0.859966,-0.195599],[0.263964,0.0740467,0.961686]],"armWidth":62.1429,"confidence":0.642067,"direction":[0.184313,0.397885,-0.89873],"elbow":[62.7648,331.247,323.76],"grabStrength":0.0637855,"id":985,"palmNormal":[-0.451938,-0.777688,-0.436982],"palmPosition":[-5.42762,333.045,21.6307],"palmVelocity":[-7.50116,26.4572,-199.933],"palmWidth":88.738,"pinchStrength":0.727359,"r":[[0.974511,0.0957395,0.202887],[-0.0893151,0.995175,-0.0406091],[-0.205796,0.0214531,0.97836]],"s":1.10873,"sphereCenter":[-25.8161,298.914,-14.8152],"sphereRadius":47.8612,"stabilizedPalmPosition":[-4.49925,303.62,91.9441],"t":[-20.1858,34.0159,-89.4358],"timeVisible":14.3466,"type":"right","wrist":[-6.74167,311.749,70.5308]}],"id":4969635,"interactionBox":{"center":[0,200,0],"size":[235.247,235.247,147.751]},"pointables":[{"bases":[[[0.791404,0.577374,0.200797],[-0.572242,0.584215,0.575527],[0.214986,-0.570379,0.792748]],[[0.651067,0.750359,-0.114336],[-0.685344,0.645902,0.336325],[0.326215,-0.14061,0.934779]],[[0.651067,0.750359,-0.114336],[-0.744179,0.660695,0.0983863],[0.149367,0.0210307,0.988558]],[[0.651067,0.750359,-0.114336],[-0.758731,0.647555,-0.0707137],[0.0209785,0.13279,0.990922]]],"btipPosition":[-57.7093,318.877,-31.0537],"carpPosition":[-36.3829,315.762,69.9418],"dipPosition":[-57.2305,321.908,-8.43655],"direction":[-0.149367,-0.0210307,-0.988558],"extended":false,"handId":985,"id":9850,"length":50.8265,"mcpPosition":[-36.3829,315.762,69.9418],"pipPosition":[-52.2638,322.607,24.4347],"stabilizedTipPosition":[-53.5755,299.682,23.6168],"timeVisible":14.3466,"tipPosition":[-57.6428,320.574,-25.8092],"tipVelocity":[-15.5297,20.1517,-187.889],"tool":false,"touchDistance":-0.743544,"touchZone":"hovering","type":0,"width":19.7488},{"bases":[[[0.891356,-0.412997,-0.186862],[0.452153,0.839391,0.30163],[0.032278,-0.35335,0.934934]],[[0.877517,-0.358063,-0.318989],[0.341623,0.933592,-0.10817],[0.336537,-0.0140529,0.941565]],[[0.877517,-0.358063,-0.318989],[0.297907,0.928304,-0.222494],[0.375786,0.100214,0.921272]],[[0.877517,-0.358063,-0.318989],[0.265252,0.916589,-0.299176],[0.399505,0.17792,0.8993]]],"btipPosition":[-50.9075,351.53,-74.6233],"carpPosition":[-18.9761,330.916,68.609],"dipPosition":[-44.2507,354.495,-59.6385],"direction":[-0.375786,-0.100214,-0.921272],"extended":true,"handId":985,"id":9851,"length":57.352,"mcpPosition":[-21.292,356.268,1.52864],"pipPosition":[-35.3926,356.857,-37.9221],"stabilizedTipPosition":[-46.1334,338.519,-44.3774],"timeVisible":14.3466,"tipPosition":[-49.7611,350.784,-70.7563],"tipVelocity":[-35.9024,64.1297,-184.773],"tool":false,"touchDistance":-0.722145,"touchZone":"hovering","type":1,"width":18.8641},{"bases":[[[0.797293,-0.593943,-0.107495],[0.596937,0.749523,0.28615],[-0.0893861,-0.292313,0.952136]],[[0.791648,-0.608177,-0.0584332],[0.418139,0.609035,-0.67397],[0.445481,0.509113,0.736444]],[[0.791648,-0.608177,-0.0584332],[0.156307,0.294056,-0.94292],[0.590645,0.737327,0.327852]],[[0.791648,-0.608177,-0.0584332],[-0.00275085,0.09209,-0.995747],[0.610972,0.788442,0.0712298]]],"btipPosition":[-50.0916,288.666,-43.4477],"carpPosition":[-7.65526,327.606,66.3528],"dipPosition":[-38.8944,303.116,-42.1422],"direction":[-0.590645,-0.737327,-0.327852],"extended":false,"handId":985,"id":9852,"length":65.348,"mcpPosition":[-1.57331,347.496,1.56831],"pipPosition":[-22.5142,323.564,-33.0501],"stabilizedTipPosition":[-42.7513,268.487,11.3977],"timeVisible":14.3466,"tipPosition":[-47.6259,291.881,-42.7462],"tipVelocity":[-9.49806,32.1997,-203.087],"tool":false,"touchDistance":-0.823412,"touchZone":"hovering","type":2,"width":18.527},{"bases":[[[0.728166,-0.685286,0.0125276],[0.649221,0.695473,0.307945],[-0.219743,-0.216102,0.951322]],[[0.741491,-0.6689,-0.0525707],[0.454597,0.558464,-0.693873],[0.493491,0.490602,0.718176]],[[0.741491,-0.6689,-0.0525707],[0.168192,0.26115,-0.950533],[0.64954,0.695969,0.306144]],[[0.741491,-0.6689,-0.0525707],[-0.00091529,0.0773427,-0.997004],[0.670962,0.739318,0.0567367]]],"btipPosition":[-35.4075,280.967,-34.1536],"carpPosition":[2.44593,321.417,64.5607],"dipPosition":[-23.1816,294.439,-33.1198],"direction":[-0.64954,-0.695969,-0.306144],"extended":false,"handId":985,"id":9853,"length":62.8339,"mcpPosition":[15.8699,334.619,6.44479],"pipPosition":[-5.63332,313.242,-24.8489],"stabilizedTipPosition":[-27.381,256.132,29.2298],"timeVisible":14.3466,"tipPosition":[-32.6029,284.309,-34.0682],"tipVelocity":[-10.567,22.731,-187.72],"tool":false,"touchDistance":-0.830605,"touchZone":"hovering","type":3,"width":17.6296},{"bases":[[[0.580492,-0.811121,0.0714938],[0.732592,0.558577,0.388973],[-0.355439,-0.17342,0.918471]],[[0.616288,-0.786923,-0.0306715],[0.590768,0.487718,-0.642747],[0.520752,0.377998,0.765464]],[[0.616288,-0.786923,-0.0306715],[0.273383,0.250303,-0.928768],[0.738547,0.564004,0.36939]],[[0.616288,-0.786923,-0.0306715],[0.0789923,0.10052,-0.991794],[0.783549,0.608808,0.12411]]],"btipPosition":[-16.2703,284.98,-24.465],"carpPosition":[8.84642,309.2,63.0032],"dipPosition":[-3.09868,295.214,-22.3787],"direction":[-0.738547,-0.564004,-0.36939],"extended":false,"handId":985,"id":9854,"length":49.2606,"mcpPosition":[28.9465,319.007,11.0636],"pipPosition":[10.9889,305.972,-15.3327],"stabilizedTipPosition":[-7.89736,255.062,46.7238],"timeVisible":14.3466,"tipPosition":[-13.1077,287.489,-24.2008],"tipVelocity":[-10.0598,32.1717,-199.268],"tool":false,"touchDistance":-0.840189,"touchZone":"hovering","type":4,"width":15.66}],"r":[[0.974511,0.0957395,0.202887],[-0.0893151,0.995175,-0.0406091],[-0.205796,0.0214531,0.97836]],"s":1.10873,"t":[-20.1858,34.0159,-89.4358],"timestamp":669480698794},false],[5,{"currentFrameRate":51.9029,"devices":[],"gestures":[],"hands":[{"armBasis":[[0.839249,-0.503436,-0.205461],[0.464452,0.8602,-0.210572],[0.282747,0.0812952,0.955743]],"armWidth":62.1429,"confidence":0.618846,"direction":[0.188375,0.403725,-0.895277],"elbow":[66.9431,332.902,319.899],"grabStrength":0.0544626,"id":985,"palmNormal":[-0.443791,-0.778223,-0.444318],"palmPosition":[-5.97147,333.055,19.4572],"palmVelocity":[-17.7282,13.4513,-155.702],"palmWidth":88.738,"pinchStrength":0.727507,"r":[[0.974763,0.0983886,0.200392],[-0.0935218,0.995049,-0.0336336],[-0.202709,0.0140438,0.979138]],"s":1.11324,"sphereCenter":[-26.1441,299.45,-17.2567],"sphereRadius":47.6751,"stabilizedPalmPosition":[-4.49953,303.625,91.9305],"t":[-20.5291,34.2722,-92.4309],"timeVisible":14.3661,"type":"right","wrist":[-7.50919,311.496,68.2355]}],"id":4969636,"interactionBox":{"center":[0,200,0],"size":[235.247,235.247,147.751]},"pointables":[{"bases":[[[0.78624,0.581284,0.209605],[-0.580132,0.57759,0.574313],[0.212773,-0.573147,0.791347]],[[0.647134,0.755022,-0.105639],[-0.691743,0.639763,0.334955],[0.320483,-0.143686,0.936293]],[[0.647134,0.755022,-0.105639],[-0.749048,0.655484,0.0962733],[0.141933,0.0168271,0.989733]],[[0.647134,0.755022,-0.105639],[-0.762289,0.64292,-0.0746332],[0.0115678,0.128825,0.9916]]],"btipPosition":[-57.7555,318.82,-33.6748],"carpPosition":[-37.1701,315.325,67.449],"dipPosition":[-57.4915,321.761,-11.0422],"direction":[-0.141933,-0.0168271,-0.989733],"extended":false,"handId":985,"id":9850,"length":50.8265,"mcpPosition":[-37.1701,315.325,67.449],"pipPosition":[-52.7719,322.32,21.8682],"stabilizedTipPosition":[-53.5778,299.694,23.5876],"timeVisible":14.3661,"tipPosition":[-57.7489,320.48,-28.4254],"tipVelocity":[-10.211,8.05919,-161.107],"tool":false,"touchDistance":-0.736786,"touchZone":"hovering","type":0,"width":19.7488},{"bases":[[[0.895298,-0.4064,-0.182428],[0.444608,0.840632,0.309293],[0.0276583,-0.358018,0.933305]],[[0.882179,-0.351124,-0.313803],[0.338563,0.936073,-0.0956183],[0.327316,-0.0218894,0.944661]],[[0.882179,-0.351124,-0.313803],[0.296083,0.931747,-0.210197],[0.36619,0.0925195,0.925929]],[[0.882179,-0.351124,-0.313803],[0.264232,0.920662,-0.287337],[0.389797,0.170566,0.904967]]],"btipPosition":[-50.676,352.176,-77.1265],"carpPosition":[-19.8503,330.595,66.3228],"dipPosition":[-44.1809,355.019,-62.0473],"direction":[-0.36619,-0.0925195,-0.925929],"extended":true,"handId":985,"id":9851,"length":57.352,"mcpPosition":[-21.8347,356.282,-0.640635],"pipPosition":[-35.549,357.199,-40.2211],"stabilizedTipPosition":[-46.1699,338.69,-44.7277],"timeVisible":14.3661,"tipPosition":[-49.5858,351.393,-73.2531],"tipVelocity":[-12.9268,47.9048,-156.053],"tool":false,"touchDistance":-0.715486,"touchZone":"hovering","type":1,"width":18.8641},{"bases":[[[0.801803,-0.588346,-0.104694],[0.590067,0.751759,0.294414],[-0.0945126,-0.297838,0.949926]],[[0.795522,-0.603586,-0.0531913],[0.418332,0.610616,-0.672418],[0.438341,0.512671,0.738258]],[[0.795522,-0.603586,-0.0531913],[0.160807,0.294947,-0.941885],[0.584197,0.740737,0.331698]],[[0.795522,-0.603586,-0.0531913],[0.00425861,0.0933526,-0.995624],[0.60591,0.791814,0.0768345]]],"btipPosition":[-49.9728,288.48,-45.8118],"carpPosition":[-8.49246,327.368,64.133],"dipPosition":[-38.8683,302.992,-44.4036],"direction":[-0.584197,-0.740737,-0.331698],"extended":false,"handId":985,"id":9852,"length":65.348,"mcpPosition":[-2.0617,347.634,-0.501161],"pipPosition":[-22.667,323.534,-35.2048],"stabilizedTipPosition":[-42.7548,268.504,11.3551],"timeVisible":14.3661,"tipPosition":[-47.4866,291.817,-45.2532],"tipVelocity":[-2.23525,11.6682,-161.572],"tool":false,"touchDistance":-0.804512,"touchZone":"hovering","type":2,"width":18.527},{"bases":[[[0.732377,-0.680748,0.0143425],[0.642531,0.697926,0.316313],[-0.22534,-0.222445,0.948546]],[[0.745462,-0.66487,-0.0472711],[0.453892,0.558287,-0.694477],[0.488127,0.49625,0.717961]],[[0.745462,-0.66487,-0.0472711],[0.17048,0.258744,-0.950783],[0.644378,0.700714,0.306231]],[[0.745462,-0.66487,-0.0472711],[0.00359143,0.0749247,-0.997183],[0.666538,0.743192,0.0582414]]],"btipPosition":[-35.3972,280.745,-36.1818],"carpPosition":[1.66056,321.252,62.3833],"dipPosition":[-23.2518,294.287,-35.1206],"direction":[-0.644378,-0.700714,-0.306231],"extended":false,"handId":985,"id":9853,"length":62.8339,"mcpPosition":[15.4265,334.842,4.43693],"pipPosition":[-5.84308,313.218,-26.8473],"stabilizedTipPosition":[-27.3834,256.145,29.2004],"timeVisible":14.3661,"tipPosition":[-32.5456,284.201,-36.2805],"tipVelocity":[-5.48708,6.05226,-145.709],"tool":false,"touchDistance":-0.806207,"touchZone":"hovering","type":3,"width":17.6296},{"bases":[[[0.585075,-0.807815,0.0715675],[0.726171,0.561136,0.397244],[-0.361059,-0.180447,0.914918]],[[0.620825,-0.783441,-0.028215],[0.590703,0.491149,-0.64019],[0.515409,0.380779,0.767698]],[[0.620825,-0.783441,-0.028215],[0.275885,0.252026,-0.927562],[0.733801,0.568069,0.372603]],[[0.620825,-0.783441,-0.028215],[0.083178,0.101615,-0.99134],[0.779524,0.613102,0.12825]]],"btipPosition":[-16.307,285.015,-26.6655],"carpPosition":[8.1495,309.084,60.8097],"dipPosition":[-3.20303,295.322,-24.5096],"direction":[-0.733801,-0.568069,-0.372603],"extended":false,"handId":985,"id":9854,"length":49.2606,"mcpPosition":[28.5674,319.288,9.07104],"pipPosition":[10.794,306.157,-17.4023],"stabilizedTipPosition":[-7.89949,255.075,46.6951],"timeVisible":14.3661,"tipPosition":[-13.1216,287.588,-26.4669],"tipVelocity":[-6.36596,17.406,-155.654],"tool":false,"touchDistance":-0.817271,"touchZone":"hovering","type":4,"width":15.66}],"r":[[0.974763,0.0983886,0.200392],[-0.0935218,0.995049,-0.0336336],[-0.202709,0.0140438,0.979138]],"s":1.11324,"t":[-20.5291,34.2722,-92.4309],"timestamp":669480718269},false],[6,{"currentFrameRate":51.9521,"devices":[],"gestures":[],"hands":[{"armBasis":[[0.849848,-0.492473,-0.187694],[0.450878,0.863786,-0.224908],[0.272888,0.10651,0.956132]],"armWidth":62.1429,"confidence":0.56483,"direction":[0.194624,0.413255,-0.889574],"elbow":[62.9779,340.169,316.743],"grabStrength":0.0398827,"id":985,"palmNormal":[-0.425697,-0.781467,-0.456169],"palmPosition":[-6.99165,334.07,16.384],"palmVelocity":[-35.3806,33.0816,-158.401],"palmWidth":88.738,"pinchStrength":0.729703,"r":[[0.974085,0.103169,0.201281],[-0.0997984,0.994645,-0.026848],[-0.202973,0.00606474,0.979166]],"s":1.11867,"sphereCenter":[-26.6657,301.223,-20.7455],"sphereRadius":47.3817,"stabilizedPalmPosition":[-4.49999,303.631,91.9166],"t":[-21.2109,34.9079,-95.465],"timeVisible":14.3852,"type":"right","wrist":[-8.87834,312.123,64.9768]}],"id":4969637,"interactionBox":{"center":[0,200,0],"size":[235.247,235.247,147.751]},"pointables":[{"bases":[[[0.774326,0.591496,0.224837],[-0.596764,0.564422,0.570352],[0.210458,-0.575813,0.79003]],[[0.637042,0.765445,-0.0909441],[-0.705736,0.626626,0.33057],[0.310021,-0.146404,0.93939]],[[0.637042,0.765445,-0.0909441],[-0.760215,0.643394,0.0900986],[0.127478,0.0117404,0.991772]],[[0.637042,0.765445,-0.0909441],[-0.770801,0.631564,-0.0836292],[-0.00657661,0.123375,0.992338]]],"btipPosition":[-57.7616,319.431,-37.5558],"carpPosition":[-38.5803,315.51,63.8034],"dipPosition":[-57.9117,322.247,-14.9063],"direction":[-0.127478,-0.0117404,-0.991772],"extended":false,"handId":985,"id":9850,"length":50.8265,"mcpPosition":[-38.5803,315.51,63.8034],"pipPosition":[-53.6728,322.637,18.0719],"stabilizedTipPosition":[-53.5789,299.699,23.5728],"timeVisible":14.3852,"tipPosition":[-57.8778,321.038,-32.3016],"tipVelocity":[-7.79513,19.15,-181.941],"tool":false,"touchDistance":-0.749597,"touchZone":"hovering","type":0,"width":19.7488},{"bases":[[[0.90382,-0.391448,-0.172852],[0.427438,0.844897,0.32163],[0.0201408,-0.364579,0.930955]],[[0.891741,-0.335542,-0.30366],[0.328458,0.941475,-0.0757574],[0.311308,-0.0321838,0.949764]],[[0.891741,-0.335542,-0.30366],[0.288625,0.93851,-0.189458],[0.348559,0.081304,0.933754]],[[0.891741,-0.335542,-0.30366],[0.258633,0.928496,-0.266466],[0.371358,0.159082,0.91476]]],"btipPosition":[-50.3734,353.987,-80.8106],"carpPosition":[-21.4807,331.048,63.0316],"dipPosition":[-44.1856,356.638,-65.5681],"direction":[-0.348559,-0.081304,-0.933754],"extended":true,"handId":985,"id":9851,"length":57.352,"mcpPosition":[-22.9257,357.206,-3.76329],"pipPosition":[-35.9693,358.554,-43.5575],"stabilizedTipPosition":[-46.1934,338.824,-45.003],"timeVisible":14.3852,"tipPosition":[-49.3746,353.08,-76.9115],"tipVelocity":[-0.547833,69.9827,-173.415],"tool":false,"touchDistance":-0.726969,"touchZone":"hovering","type":1,"width":18.8641},{"bases":[[[0.812032,-0.575365,-0.0977677],[0.574425,0.758345,0.308138],[-0.10315,-0.306378,0.946305]],[[0.804644,-0.592237,-0.0424722],[0.413894,0.610748,-0.67504],[0.425723,0.525588,0.736558]],[[0.804644,-0.592237,-0.0424722],[0.164284,0.290801,-0.942574],[0.570578,0.751459,0.331286]],[[0.804644,-0.592237,-0.0424722],[0.0132099,0.0893693,-0.995911],[0.593611,0.800792,0.0797339]]],"btipPosition":[-49.7422,288.634,-48.6829],"carpPosition":[-10.0458,328.01,60.9773],"dipPosition":[-38.8631,303.31,-47.2216],"direction":[-0.570578,-0.751459,-0.331286],"extended":false,"handId":985,"id":9852,"length":65.348,"mcpPosition":[-3.02735,348.856,-3.41045],"pipPosition":[-23.0395,324.15,-38.0342],"stabilizedTipPosition":[-42.7563,268.512,11.3354],"timeVisible":14.3852,"tipPosition":[-47.1819,292.268,-48.5174],"tipVelocity":[3.49281,10.8572,-155.827],"tool":false,"touchDistance":-0.795277,"touchZone":"hovering","type":2,"width":18.527},{"bases":[[[0.742373,-0.669699,0.0196058],[0.627392,0.705147,0.330374],[-0.235076,-0.232961,0.943646]],[[0.755659,-0.653764,-0.0396358],[0.45362,0.566052,-0.688341],[0.472449,0.502172,0.724303]],[[0.755659,-0.653764,-0.0396358],[0.177861,0.263072,-0.94824],[0.630353,0.709497,0.315072]],[[0.755659,-0.653764,-0.0396358],[0.0148721,0.0776273,-0.996872],[0.654796,0.752706,0.0683826]]],"btipPosition":[-34.9646,281.528,-39.6407],"carpPosition":[0.222349,322.061,59.3251],"dipPosition":[-23.0332,295.243,-38.3946],"direction":[-0.630352,-0.709497,-0.315072],"extended":false,"handId":985,"id":9853,"length":62.8339,"mcpPosition":[14.5831,336.293,1.67809],"pipPosition":[-6.00331,314.411,-29.8825],"stabilizedTipPosition":[-27.3845,256.151,29.1841],"timeVisible":14.3852,"tipPosition":[-32.1253,285.075,-39.7961],"tipVelocity":[7.14315,24.3444,-162.219],"tool":false,"touchDistance":-0.805165,"touchZone":"hovering","type":3,"width":17.6296},{"bases":[[[0.59624,-0.799404,0.0738321],[0.711971,0.56903,0.411464],[-0.370939,-0.192765,0.908431]],[[0.632344,-0.774337,-0.0233078],[0.590098,0.500947,-0.633117],[0.501921,0.386594,0.773705]],[[0.632344,-0.774337,-0.0233078],[0.28163,0.257806,-0.924241],[0.721682,0.577874,0.381099]],[[0.632344,-0.774337,-0.0233078],[0.0923243,0.105199,-0.990156],[0.769166,0.623968,0.138012]]],"btipPosition":[-16.1106,286.062,-29.8882],"carpPosition":[6.91677,310.004,57.7535],"dipPosition":[-3.18079,296.551,-27.5682],"direction":[-0.721682,-0.577874,-0.381099],"extended":false,"handId":985,"id":9854,"length":49.2606,"mcpPosition":[27.8934,320.905,6.38166],"pipPosition":[10.5851,307.574,-20.2988],"stabilizedTipPosition":[-7.90087,255.084,46.6751],"timeVisible":14.3852,"t