{"sensorType":"Leap","data":[[0,{"currentFrameRate":51.8765,"devices":[],"gestures":[],"hands":[{"armBasis":[[0.856203,-0.457755,-0.239535],[0.438977,0.889058,-0.129907],[0.272426,0.00607625,0.962157]],"armWidth":62.1429,"confidence":0.567288,"direction":[0.231465,0.355664,-0.905498],"elbow":[62.3716,324.373,346.309],"grabStrength":0,"id":985,"palmNormal":[-0.373019,-0.827189,-0.420257],"palmPosition":[-5.42427,341.252,43.0614],"palmVelocity":[-11.1672,67.2407,-208.507],"palmWidth":88.738,"pinchStrength":0.658275,"r":[[0.94574,0.184752,0.267286],[-0.165195,0.981762,-0.0940997],[-0.279796,0.0448398,0.959012]],"s":1.13905,"sphereCenter":[-19.2955,302.366,6.94565],"sphereRadius":48.995,"stabilizedPalmPosition":[-0.397177,308.227,62.5507],"t":[-20.1103,41.4267,-67.7867],"timeVisible":31.9096,"type":"right","wrist":[-9.36302,322.773,92.9558]}],"id":4970542,"interactionBox":{"center":[0,200,0],"size":[235.247,235.247,147.751]},"pointables":[{"bases":[[[0.740353,0.634202,0.222857],[-0.646611,0.581246,0.49401],[0.183768,-0.509844,0.84041]],[[0.632096,0.770795,-0.0795556],[-0.720556,0.622436,0.30557],[0.28505,-0.135826,0.94884]],[[0.632096,0.770795,-0.0795556],[-0.773328,0.634003,-0.0016493],[0.0491673,0.0625651,0.996829]],[[0.632096,0.770795,-0.0795556],[-0.765442,0.605106,-0.218966],[-0.120638,0.199303,0.972484]]],"btipPosition":[-51.8029,324.951,-11.6176],"carpPosition":[-39.0446,324.969,89.9166],"dipPosition":[-54.5564,329.5,10.5787],"direction":[-0.0491673,-0.0625651,-0.996829],"extended":false,"handId":985,"id":9850,"length":50.8265,"mcpPosition":[-39.0446,324.969,89.9166],"pipPosition":[-52.9215,331.581,43.725],"stabilizedTipPosition":[-44.8018,302.266,22.9572],"timeVisible":31.9096,"tipPosition":[-52.5397,326.321,-6.34968],"tipVelocity":[-24.7904,83.2621,-201.865],"tool":false,"touchDistance":-0.431079,"touchZone":"hovering","type":0,"width":19.7488},{"bases":[[[0.924596,-0.36915,-0.094074],[0.380361,0.880883,0.281728],[-0.0211317,-0.296267,0.954871]],[[0.920031,-0.329382,-0.212251],[0.31395,0.943758,-0.103713],[0.234475,0.0287832,0.971696]],[[0.920031,-0.329382,-0.212251],[0.276539,0.929554,-0.243836],[0.277614,0.165641,0.946305]],[[0.920031,-0.329382,-0.212251],[0.246909,0.90792,-0.338699],[0.304268,0.259207,0.916642]]],"btipPosition":[-42.3706,352.859,-57.8606],"carpPosition":[-22.4486,341.032,88.9436],"dipPosition":[-37.3007,357.179,-42.5869],"direction":[-0.277614,-0.165641,-0.946305],"extended":true,"handId":985,"id":9851,"length":57.352,"mcpPosition":[-20.9324,362.289,20.4328],"pipPosition":[-30.7567,361.083,-20.2804],"stabilizedTipPosition":[-34.6038,333.69,-27.0502],"timeVisible":31.9096,"tipPosition":[-41.3861,352.64,-54.0623],"tipVelocity":[-25.0302,108.81,-204.209],"tool":false,"touchDistance":-0.429745,"touchZone":"hovering","type":1,"width":18.8641},{"bases":[[[0.83476,-0.550506,-0.0108427],[0.530643,0.799074,0.282664],[-0.146944,-0.24171,0.959158]],[[0.821619,-0.566864,0.0600685],[0.454393,0.587663,-0.669462],[0.344193,0.577337,0.740414]],[[0.821619,-0.566864,0.0600685],[0.197495,0.184223,-0.962838],[0.534732,0.802949,0.263314]],[[0.821619,-0.566864,0.0600685],[0.0285041,-0.0643891,-0.997518],[0.569324,0.821292,-0.0367453]]],"btipPosition":[-42.2662,290.267,-18.951],"carpPosition":[-10.8214,338.28,87.7452],"dipPosition":[-31.8323,305.319,-19.6244],"direction":[-0.534732,-0.802949,-0.263314],"extended":false,"handId":985,"id":9852,"length":65.348,"mcpPosition":[-0.823135,354.726,22.4829],"pipPosition":[-17.0028,327.587,-12.322],"stabilizedTipPosition":[-31.3443,265.179,14.5813],"timeVisible":31.9096,"tipPosition":[-40.2347,293.359,-17.769],"tipVelocity":[-33.6582,82.9497,-210.258],"tool":false,"touchDistance":-0.535454,"touchZone":"hovering","type":2,"width":18.527},{"bases":[[[0.761645,-0.638737,0.109146],[0.583973,0.749588,0.311599],[-0.280844,-0.173589,0.943925]],[[0.782786,-0.621643,0.0284042],[0.483419,0.578721,-0.656801],[0.391857,0.527866,0.753529]],[[0.782786,-0.621643,0.0284042],[0.202383,0.21115,-0.956272],[0.588462,0.754305,0.291095]],[[0.782786,-0.621643,0.0284042],[0.0216119,-0.0184595,-0.999596],[0.621916,0.783083,-0.00101492]]],"btipPosition":[-27.4341,285.567,-11.2472],"carpPosition":[-0.285674,332.611,87.0968],"dipPosition":[-16.1018,299.836,-11.2657],"direction":[-0.588462,-0.754305,-0.291095],"extended":false,"handId":985,"id":9853,"length":62.8339,"mcpPosition":[16.871,343.216,29.4327],"pipPosition":[-0.203719,320.215,-3.40138],"stabilizedTipPosition":[-16.9109,255.302,21.4788],"timeVisible":31.9096,"tipPosition":[-25.251,288.388,-9.68162],"tipVelocity":[-33.09,78.6603,-213.233],"tool":false,"touchDistance":-0.568493,"touchZone":"hovering","type":3,"width":17.6296},{"bases":[[[0.616992,-0.769549,0.164666],[0.668206,0.622815,0.406943],[-0.415719,-0.14105,0.898489]],[[0.662532,-0.746985,0.0553545],[0.615392,0.500706,-0.608758],[0.427017,0.437386,0.791423]],[[0.662532,-0.746985,0.0553545],[0.29273,0.190193,-0.937089],[0.689464,0.637056,0.344674]],[[0.662532,-0.746985,0.0553545],[0.0813542,-0.00170166,-0.996684],[0.744602,0.664839,0.059643]]],"btipPosition":[-10.0044,290.294,1.10251],"carpPosition":[6.88022,320.728,86.7808],"dipPosition":[2.51256,301.47,2.10512],"direction":[-0.689463,-0.637056,-0.344674],"extended":false,"handId":985,"id":9854,"length":49.2606,"mcpPosition":[30.3892,328.705,35.9712],"pipPosition":[15.6639,313.622,8.67968],"stabilizedTipPosition":[0.0353887,257.622,32.0804],"timeVisible":31.9096,"tipPosition":[-7.6475,292.505,2.69171],"tipVelocity":[-28.183,74.0349,-219.088],"tool":false,"touchDistance":-0.55952,"touchZone":"hovering","type":4,"width":15.66}],"r":[[0.94574,0.184752,0.267286],[-0.165195,0.981762,-0.0940997],[-0.279796,0.0448398,0.959012]],"s":1.13905,"t":[-20.1103,41.4267,-67.7867],"timestamp":669498261811},false],[1,{"currentFrameRate":51.8984,"devices":[],"gestures":[],"hands":[{"armBasis":[[0.858008,-0.45122,-0.245405],[0.434286,0.892412,-0.122461],[0.274259,-0.00150352,0.961655]],"armWidth":62.1429,"confidence":0.589472,"direction":[0.230856,0.359402,-0.904177],"elbow":[62.5687,322.813,343.12],"grabStrength":0,"id":985,"palmNormal":[-0.367845,-0.828071,-0.423069],"palmPosition":[-5.73717,341.847,40.0616],"palmVelocity":[-13.7143,49.261,-182.653],"palmWidth":88.738,"pinchStrength":0.657963,"r":[[0.946446,0.183676,0.265523],[-0.165078,0.982079,-0.0909433],[-0.277469,0.042241,0.959806]],"s":1.14055,"sphereCenter":[-19.4776,303.089,3.81435],"sphereRadius":48.9674,"stabilizedPalmPosition":[-0.411576,308.317,62.4901],"t":[-20.3742,42.3736,-71.3042],"timeVisible":31.9288,"type":"right","wrist":[-9.64866,323.209,89.8994]}],"id":4970543,"interactionBox":{"center":[0,200,0],"size":[235.247,235.247,147.751]},"pointables":[{"bases":[[[0.736528,0.637643,0.225696],[-0.650528,0.576338,0.494619],[0.185313,-0.511122,0.839293]],[[0.627971,0.774467,-0.0765082],[-0.724497,0.617674,0.305913],[0.284177,-0.136675,0.94898]],[[0.627971,0.774467,-0.0765082],[-0.776787,0.629762,-0.000912963],[0.0474749,0.0600039,0.997069]],[[0.627971,0.774467,-0.0765082],[-0.768458,0.601542,-0.218219],[-0.12298,0.195828,0.972896]]],"btipPosition":[-51.9433,325.439,-14.7368],"carpPosition":[-39.3373,325.25,86.8216],"dipPosition":[-54.7502,329.909,7.46892],"direction":[-0.0474749,-0.0600039,-0.997069],"extended":false,"handId":985,"id":9850,"length":50.8265,"mcpPosition":[-39.3373,325.25,86.8216],"pipPosition":[-53.1716,331.904,40.6232],"stabilizedTipPosition":[-44.8437,302.396,22.7821],"timeVisible":31.9288,"tipPosition":[-52.6939,326.787,-9.46564],"tipVelocity":[-16.4487,54.1236,-182.329],"tool":false,"touchDistance":-0.46306,"touchZone":"hovering","type":0,"width":19.7488},{"bases":[[[0.926748,-0.363813,-0.0936889],[0.375099,0.882183,0.284698],[-0.0209261,-0.298986,0.954028]],[[0.922076,-0.323515,-0.212401],[0.308951,0.945863,-0.0994571],[0.233078,0.0260854,0.972108]],[[0.922076,-0.323515,-0.212401],[0.272007,0.932154,-0.238958],[0.275297,0.162562,0.947515]],[[0.922076,-0.323515,-0.212401],[0.242784,0.910946,-0.333518],[0.301384,0.255961,0.918505]]],"btipPosition":[-42.6039,353.67,-60.9032],"carpPosition":[-22.8283,341.408,85.9174],"dipPosition":[-37.582,357.935,-45.5984],"direction":[-0.275297,-0.162562,-0.947515],"extended":true,"handId":985,"id":9851,"length":57.352,"mcpPosition":[-21.3269,362.859,17.4671],"pipPosition":[-31.0927,361.767,-23.2634],"stabilizedTipPosition":[-34.7342,334.089,-27.6284],"timeVisible":31.9288,"tipPosition":[-41.6114,353.455,-57.1102],"tipVelocity":[-18.9358,75.4868,-181.404],"tool":false,"touchDistance":-0.460635,"touchZone":"hovering","type":1,"width":18.8641},{"bases":[[[0.837786,-0.545887,-0.0110871],[0.525827,0.801198,0.285637],[-0.147042,-0.245132,0.958274]],[[0.824524,-0.562611,0.0602389],[0.452681,0.592026,-0.666772],[0.33947,0.577038,0.742824]],[[0.824524,-0.562611,0.0602389],[0.198836,0.188425,-0.961749],[0.52974,0.804962,0.267228]],[[0.824524,-0.562611,0.0602389],[0.0313688,-0.0608471,-0.997654],[0.564957,0.824479,-0.0325215]]],"btipPosition":[-42.1821,290.842,-22.2063],"carpPosition":[-11.1844,338.722,84.729],"dipPosition":[-31.8282,305.952,-22.8024],"direction":[-0.52974,-0.804962,-0.267228],"extended":false,"handId":985,"id":9852,"length":65.348,"mcpPosition":[-1.17945,355.401,19.5268],"pipPosition":[-17.1371,328.276,-15.3914],"stabilizedTipPosition":[-31.3874,265.328,14.3932],"timeVisible":31.9288,"tipPosition":[-40.165,293.95,-21.0329],"tipVelocity":[-15.2784,57.0413,-189.676],"tool":false,"touchDistance":-0.558805,"touchZone":"hovering","type":2,"width":18.527},{"bases":[[[0.764977,-0.634844,0.108551],[0.579384,0.751927,0.314517],[-0.281291,-0.177706,0.943025]],[[0.786116,-0.617444,0.0280104],[0.481295,0.583082,-0.6545],[0.387785,0.527994,0.755543]],[[0.786116,-0.617444,0.0280104],[0.202738,0.21478,-0.955388],[0.583883,0.756725,0.294021]],[[0.786116,-0.617444,0.0280104],[0.0232896,-0.0156955,-0.999606],[0.61764,0.786458,0.00204152]]],"btipPosition":[-27.3588,286.188,-14.4306],"carpPosition":[-0.616755,333.113,84.0809],"dipPosition":[-16.1044,300.519,-14.3934],"direction":[-0.583883,-0.756725,-0.294021],"extended":false,"handId":985,"id":9853,"length":62.8339,"mcpPosition":[16.5672,343.969,26.4718],"pipPosition":[-0.329996,320.963,-6.45005],"stabilizedTipPosition":[-16.942,255.438,21.3369],"timeVisible":31.9288,"tipPosition":[-25.191,289.02,-12.8654],"tipVelocity":[-15.2068,56.0845,-189.447],"tool":false,"touchDistance":-0.587536,"touchZone":"hovering","type":3,"width":17.6296},{"bases":[[[0.620962,-0.7666,0.163497],[0.664169,0.625358,0.409642],[-0.416275,-0.145783,0.897476]],[[0.666645,-0.743414,0.0540344],[0.614032,0.506634,-0.605217],[0.422551,0.436644,0.794225]],[[0.666645,-0.743414,0.0540344],[0.294101,0.195733,-0.935517],[0.684901,0.63955,0.349124]],[[0.666645,-0.743414,0.0540344],[0.0838825,0.00279262,-0.996472],[0.74064,0.668826,0.0642211]]],"btipPosition":[-9.93074,291.015,-2.1361],"carpPosition":[6.61474,321.271,83.7433],"dipPosition":[2.51957,302.258,-1.05653],"direction":[-0.684901,-0.63955,-0.349124],"extended":false,"handId":985,"id":9854,"length":49.2606,"mcpPosition":[30.1551,329.515,32.991],"pipPosition":[15.5839,314.458,5.60291],"stabilizedTipPosition":[0.0136505,257.733,31.9764],"timeVisible":31.9288,"tipPosition":[-7.58212,293.238,-0.558507],"tipVelocity":[-12.7098,56.3695,-193.699],"tool":false,"touchDistance":-0.580215,"touchZone":"hovering","type":4,"width":15.66}],"r":[[0.946446,0.183676,0.265523],[-0.165078,0.982079,-0.0909433],[-0.277469,0.042241,0.959806]],"s":1.14055,"t":[-20.3742,42.3736,-71.3042],"timestamp":669498280999},false],[2,{"currentFrameRate":51.9502,"devices":[],"gestures":[],"hands":[{"armBasis":[[0.858051,-0.45002,-0.247447],[0.431464,0.893013,-0.127929],[0.278544,0.00300489,0.960419]],"armWidth":62.1429,"confidence":0.598814,"direction":[0.222795,0.375921,-0.89947],"elbow":[64.3577,323.68,339.38],"grabStrength":0,"id":985,"palmNormal":[-0.369826,-0.821099,-0.434771],"palmPosition":[-5.51835,342.419,36.9575],"palmVelocity":[-1.28609,39.7861,-172.892],"palmWidth":88.738,"pinchStrength":0.657696,"r":[[0.94737,0.182234,0.263215],[-0.165489,0.982573,-0.0846389],[-0.274052,0.0366251,0.961017]],"s":1.14181,"sphereCenter":[-19.6041,304.385,0.136208],"sphereRadius":48.9412,"stabilizedPalmPosition":[-0.418993,308.367,62.453],"t":[-20.3968,43.1334,-74.6149],"timeVisible":31.9479,"type":"right","wrist":[-8.98791,322.888,86.4849]}],"id":4970544,"interactionBox":{"center":[0,200,0],"size":[235.247,235.247,147.751]},"pointables":[{"bases":[[[0.737216,0.634933,0.231025],[-0.647476,0.566167,0.510127],[0.193098,-0.525657,0.828491]],[[0.625945,0.776916,-0.0677869],[-0.723139,0.610761,0.322555],[0.292,-0.152882,0.94412]],[[0.625945,0.776916,-0.0677869],[-0.777876,0.628191,0.0168795],[0.055697,0.0421642,0.997557]],[[0.625945,0.776916,-0.0677869],[-0.771289,0.603859,-0.201168],[-0.115357,0.178203,0.977208]]],"btipPosition":[-52.1386,326.9,-17.7499],"carpPosition":[-38.7044,324.927,83.6865],"dipPosition":[-54.7716,330.968,4.55422],"direction":[-0.055697,-0.0421642,-0.997557],"extended":false,"handId":985,"id":9850,"length":50.8265,"mcpPosition":[-38.7044,324.927,83.6865],"pipPosition":[-52.9195,332.37,37.7247],"stabilizedTipPosition":[-44.8725,302.489,22.6526],"timeVisible":31.9479,"tipPosition":[-52.8488,328.15,-12.4499],"tipVelocity":[-12.3547,62.8424,-169.789],"tool":false,"touchDistance":-0.489944,"touchZone":"hovering","type":0,"width":19.7488},{"bases":[[[0.926596,-0.360297,-0.107735],[0.375849,0.877685,0.297334],[-0.0125711,-0.316,0.948676]],[[0.920831,-0.317734,-0.226086],[0.306585,0.948147,-0.0837991],[0.240989,0.0078502,0.970496]],[[0.920831,-0.317734,-0.226086],[0.268614,0.937098,-0.222922],[0.282695,0.144544,0.948257]],[[0.920831,-0.317734,-0.226086],[0.238714,0.917727,-0.317479],[0.308359,0.238375,0.920919]]],"btipPosition":[-43.2292,356.094,-63.4905],"carpPosition":[-22.2322,341.129,82.9362],"dipPosition":[-38.0911,360.066,-48.1455],"direction":[-0.282695,-0.144544,-0.948257],"extended":true,"handId":985,"id":9851,"length":57.352,"mcpPosition":[-21.3302,363.802,14.8699],"pipPosition":[-31.4274,363.473,-25.793],"stabilizedTipPosition":[-34.8634,334.494,-28.1993],"timeVisible":31.9479,"tipPosition":[-42.1989,355.822,-59.7154],"tipVelocity":[-25.0882,99.2508,-158.647],"tool":false,"touchDistance":-0.481577,"touchZone":"hovering","type":1,"width":18.8641},{"bases":[[[0.838638,-0.543986,-0.0276738],[0.526723,0.796986,0.295595],[-0.138744,-0.262473,0.954912]],[[0.825895,-0.562112,0.0439034],[0.446646,0.604743,-0.659388],[0.3441,0.564195,0.75052]],[[0.825895,-0.562112,0.0439034],[0.191486,0.2064,-0.959548],[0.530312,0.800893,0.278101]],[[0.825895,-0.562112,0.0439034],[0.0242716,-0.0423496,-0.998808],[0.563301,0.825976,-0.021333]]],"btipPosition":[-42.359,292.477,-25.97],"carpPosition":[-10.5936,338.488,81.605],"dipPosition":[-32.0355,307.615,-26.3609],"direction":[-0.530312,-0.800893,-0.278101],"extended":false,"handId":985,"id":9852,"length":65.348,"mcpPosition":[-1.15329,356.347,16.6316],"pipPosition":[-17.3285,329.826,-18.6485],"stabilizedTipPosition":[-31.418,265.437,14.2491],"timeVisible":31.9479,"tipPosition":[-40.3336,295.576,-24.7785],"tipVelocity":[-12.5028,71.382,-192.301],"tool":false,"touchDistance":-0.587005,"touchZone":"hovering","type":2,"width":18.527},{"bases":[[[0.766971,-0.635204,0.0909472],[0.580603,0.747311,0.323152],[-0.273234,-0.195044,0.941967]],[[0.78734,-0.616422,0.0109146],[0.47491,0.595111,-0.648308],[0.393136,0.515622,0.7613]],[[0.78734,-0.616422,0.0109146],[0.194645,0.231739,-0.953106],[0.584986,0.752543,0.302441]],[[0.78734,-0.616422,0.0109146],[0.0153621,0.00191746,-0.99988],[0.616327,0.787414,0.0109792]]],"btipPosition":[-27.495,287.681,-18.3175],"carpPosition":[-0.021664,332.912,80.7706],"dipPosition":[-16.2645,302.029,-18.1174],"direction":[-0.584986,-0.752543,-0.302441],"extended":false,"handId":985,"id":9853,"length":62.8339,"mcpPosition":[16.6701,344.827,23.2262],"pipPosition":[-0.460335,322.36,-9.94656],"stabilizedTipPosition":[-16.9634,255.533,21.2304],"timeVisible":31.9479,"tipPosition":[-25.3059,290.509,-16.7683],"tipVelocity":[-11.3739,67.1528,-195.626],"tool":false,"touchDistance":-0.614857,"touchZone":"hovering","type":3,"width":17.6296},{"bases":[[[0.623646,-0.768196,0.144706],[0.666391,0.619229,0.415307],[-0.408643,-0.162574,0.898098]],[[0.668391,-0.742972,0.0352996],[0.608671,0.51906,-0.60008],[0.42752,0.422574,0.799161]],[[0.668391,-0.742972,0.0352996],[0.287182,0.213995,-0.933666],[0.686134,0.634191,0.356401]],[[0.668391,-0.742972,0.0352996],[0.0769118,0.0218319,-0.996799],[0.739823,0.668966,0.0717355]]],"btipPosition":[-9.93034,292.37,-6.1874],"carpPosition":[7.2279,321.091,80.1626],"dipPosition":[2.50623,303.616,-4.98151],"direction":[-0.686134,-0.634191,-0.356401],"extended":false,"handId":985,"id":9854,"length":49.2606,"mcpPosition":[30.3367,330.285,29.375],"pipPosition":[15.5941,315.713,1.81673],"stabilizedTipPosition":[-0.000428188,257.806,31.9011],"timeVisible":31.9479,"tipPosition":[-7.56512,294.575,-4.61158],"tipVelocity":[-6.51181,63.6501,-202.254],"tool":false,"touchDistance":-0.61086,"touchZone":"hovering","type":4,"width":15.66}],"r":[[0.94737,0.182234,0.263215],[-0.165489,0.982573,-0.0846389],[-0.274052,0.0366251,0.961017]],"s":1.14181,"t":[-20.3968,43.1334,-74.6149],"timestamp":669498300058},false],[3,{"currentFrameRate":51.9456,"devices":[],"gestures":[],"hands":[{"armBasis":[[0.849394,-0.458677,-0.261047],[0.43736,0.888597,-0.138245],[0.295376,0.0032527,0.955376]],"armWidth":62.1429,"confidence":0.603434,"direction":[0.224941,0.36336,-0.904086],"elbow":[68.6254,325.124,335.102],"grabStrength":0,"id":985,"palmNormal":[-0.37545,-0.823893,-0.424543],"palmPosition":[-5.57211,343.166,33.7701],"palmVelocity":[-2.03376,39.2697,-169.181],"palmWidth":88.738,"pinchStrength":0.657391,"r":[[0.948358,0.180476,0.260856],[-0.164507,0.982962,-0.0819955],[-0.27121,0.0348483,0.961889]],"s":1.14262,"sphereCenter":[-19.9862,304.795,-2.58329],"sphereRadius":48.9508,"stabilizedPalmPosition":[-0.423251,308.396,62.4293],"t":[-20.4349,43.8866,-77.864],"timeVisible":31.9671,"type":"right","wrist":[-9.15227,324.268,83.5346]}],"id":4970545,"interactionBox":{"center":[0,200,0],"size":[235.247,235.247,147.751]},"pointables":[{"bases":[[[0.741515,0.632798,0.222986],[-0.643496,0.576684,0.503337],[0.189918,-0.516722,0.834823]],[[0.63111,0.771818,-0.0774403],[-0.718971,0.619512,0.315097],[0.291172,-0.143183,0.945895]],[[0.63111,0.771818,-0.0774403],[-0.773631,0.633562,0.00966744],[0.0565248,0.053809,0.99695]],[[0.63111,0.771818,-0.0774403],[-0.767244,0.606422,-0.208779],[-0.114178,0.191178,0.974892]]],"btipPosition":[-52.304,327.287,-20.7293],"carpPosition":[-38.8556,326.47,80.7206],"dipPosition":[-54.91,331.651,1.52204],"direction":[-0.0565248,-0.053809,-0.99695],"extended":false,"handId":985,"id":9850,"length":50.8265,"mcpPosition":[-38.8556,326.47,80.7206],"pipPosition":[-53.0305,333.44,34.6724],"stabilizedTipPosition":[-44.8896,302.544,22.5714],"timeVisible":31.9671,"tipPosition":[-53.0083,328.603,-15.4469],"tipVelocity":[-10.3204,43.3552,-162.565],"tool":false,"touchDistance":-0.514155,"touchZone":"hovering","type":0,"width":19.7488},{"bases":[[[0.924136,-0.367753,-0.103588],[0.381796,0.878746,0.28642],[-0.0143042,-0.30424,0.952488]],[[0.918586,-0.326533,-0.222655],[0.31288,0.94502,-0.0950946],[0.241465,0.0176883,0.970248]],[[0.918586,-0.326533,-0.222655],[0.274816,0.932606,-0.233927],[0.284034,0.153693,0.946416]],[[0.918586,-0.326533,-0.222655],[0.244775,0.912356,-0.328164],[0.310297,0.246947,0.918005]]],"btipPosition":[-43.2328,355.902,-66.8316],"carpPosition":[-22.2762,342.552,79.7663],"dipPosition":[-38.0624,360.017,-51.5351],"direction":[-0.284034,-0.153693,-0.946416],"extended":true,"handId":985,"id":9851,"length":57.352,"mcpPosition":[-21.2499,364.381,11.4265],"pipPosition":[-31.3671,363.639,-29.226],"stabilizedTipPosition":[-34.9316,334.706,-28.5331],"timeVisible":31.9671,"tipPosition":[-42.1969,355.687,-63.0593],"tipVelocity":[-12.5189,45.8119,-166.268],"tool":false,"touchDistance":-0.512036,"touchZone":"hovering","type":1,"width":18.8641},{"bases":[[[0.834989,-0.549857,-0.0212507],[0.532129,0.79703,0.285626],[-0.140116,-0.249802,0.958106]],[[0.822067,-0.567106,0.050958],[0.450855,0.593656,-0.66656],[0.347759,0.570931,0.743708]],[[0.822067,-0.567106,0.050958],[0.193273,0.193739,-0.961827],[0.535585,0.800535,0.268873]],[[0.822067,-0.567106,0.050958],[0.0244804,-0.0542108,-0.998229],[0.568865,0.821859,-0.030682]]],"btipPosition":[-42.7483,292.712,-28.5807],"carpPosition":[-10.656,339.817,78.4641],"dipPosition":[-32.3228,307.775,-29.143],"direction":[-0.535585,-0.800535,-0.268873],"extended":false,"handId":985,"id":9852,"length":65.348,"mcpPosition":[-1.12239,356.814,13.2733],"pipPosition":[-17.4696,329.976,-21.6865],"stabilizedTipPosition":[-31.4365,265.5,14.1602],"timeVisible":31.9671,"tipPosition":[-40.6974,295.82,-27.4484],"tipVelocity":[-15.7261,41.5262,-165.083],"tool":false,"touchDistance":-0.59639,"touchZone":"hovering","type":2,"width":18.527},{"bases":[[[0.762763,-0.639132,0.0985032],[0.585688,0.747339,0.313774],[-0.274159,-0.181643,0.944374]],[[0.782979,-0.621747,0.0193595],[0.480422,0.58465,-0.653743],[0.395144,0.521168,0.756469]],[[0.782979,-0.621747,0.0193595],[0.19897,0.220837,-0.954799],[0.589368,0.75144,0.29662]],[[0.782979,-0.621747,0.0193595],[0.0183841,-0.00797949,-0.999799],[0.621776,0.783178,0.00518251]]],"btipPosition":[-27.8438,287.976,-21.0668],"carpPosition":[-0.121759,334.161,77.6949],"dipPosition":[-16.514,302.247,-20.9724],"direction":[-0.589368,-0.75144,-0.29662],"extended":false,"handId":985,"id":9853,"length":62.8339,"mcpPosition":[16.6265,345.257,20.0034],"pipPosition":[-0.591419,322.548,-12.9588],"stabilizedTipPosition":[-16.9763,255.589,21.1647],"timeVisible":31.9671,"tipPosition":[-25.6381,290.811,-19.5557],"tipVelocity":[-14.1284,40.9379,-169.942],"tool":false,"touchDistance":-0.623309,"touchZone":"hovering","type":3,"width":17.6296},{"bases":[[[0.618577,-0.770497,0.153934],[0.670658,0.619829,0.407468],[-0.409366,-0.148813,0.900152]],[[0.66346,-0.746907,0.0441756],[0.612158,0.507922,-0.606034],[0.430213,0.429122,0.794211]],[[0.66346,-0.746907,0.0441756],[0.288993,0.201351,-0.935917],[0.690148,0.63371,0.349439]],[[0.66346,-0.746907,0.0441756],[0.0775712,0.00994109,-0.996937],[0.74418,0.664855,0.0645339]]],"btipPosition":[-10.3112,292.639,-8.81175],"carpPosition":[7.04875,322.286,77.2298],"dipPosition":[2.19856,303.815,-7.72692],"direction":[-0.690148,-0.63371,-0.349439],"extended":false,"handId":985,"id":9854,"length":49.2606,"mcpPosition":[30.1984,330.701,26.3262],"pipPosition":[15.3629,315.903,-1.06147],"stabilizedTipPosition":[-0.00884751,257.849,31.8553],"timeVisible":31.9671,"tipPosition":[-7.92195,294.853,-7.28538],"tipVelocity":[-12.6666,38.5289,-170.142],"tool":false,"touchDistance":-0.61789,"touchZone":"hovering","type":4,"width":15.66}],"r":[[0.948358,0.180476,0.260856],[-0.164507,0.982962,-0.0819955],[-0.27121,0.0348483,0.961889]],"s":1.14262,"t":[-20.4349,43.8866,-77.864],"timestamp":669498319326},false],[4,{"currentFrameRate":51.9485,"devices":[],"gestures":[],"hands":[{"armBasis":[[0.853218,-0.459318,-0.247075],[0.436099,0.888127,-0.145081],[0.286072,0.0160369,0.958074]],"armWidth":62.1429,"confidence":0.566017,"direction":[0.225653,0.365031,-0.903235],"elbow":[65.7959,329.245,331.372],"grabStrength":0,"id":985,"palmNormal":[-0.37366,-0.823809,-0.426283],"palmPosition":[-5.91094,344,29.3626],"palmVelocity":[-9.76833,41.293,-198.928],"palmWidth":88.738,"pinchStrength":0.65746,"r":[[0.949018,0.179273,0.259279],[-0.163981,0.983244,-0.079636],[-0.269211,0.0330592,0.962514]],"s":1.14342,"sphereCenter":[-20.3576,305.771,-7.06202],"sphereRadius":48.9144,"stabilizedPalmPosition":[-0.425813,308.412,62.4139],"t":[-20.6234,44.6801,-81.6923],"timeVisible":31.9864,"type":"right","wrist":[-9.53194,325.023,79.094]}],"id":4970546,"interactionBox":{"center":[0,200,0],"size":[235.247,235.247,147.751]},"pointables":[{"bases":[[[0.740281,0.633548,0.224946],[-0.645031,0.574995,0.503305],[0.189525,-0.517684,0.834316]],[[0.630161,0.772807,-0.0752758],[-0.720404,0.618079,0.314637],[0.28968,-0.144043,0.946222]],[[0.630161,0.772807,-0.0752758],[-0.7745,0.632498,0.00981307],[0.0551954,0.0521173,0.997114]],[[0.630161,0.772807,-0.0752758],[-0.767654,0.605513,-0.209909],[-0.116638,0.190062,0.974819]]],"btipPosition":[-52.5099,328.127,-25.2273],"carpPosition":[-39.2345,327.185,76.2423],"dipPosition":[-55.1721,332.465,-2.97765],"direction":[-0.0551954,-0.0521173,-0.997114],"extended":false,"handId":985,"id":9850,"length":50.8265,"mcpPosition":[-39.2345,327.185,76.2423],"pipPosition":[-53.3368,334.198,30.1781],"stabilizedTipPosition":[-44.8991,302.575,22.5219],"timeVisible":31.9864,"tipPosition":[-53.2371,329.43,-19.9475],"tipVelocity":[-10.8446,43.3344,-197.943],"tool":false,"touchDistance":-0.558549,"touchZone":"hovering","type":0,"width":19.7488},{"bases":[[[0.924814,-0.366249,-0.10286],[0.380116,0.878876,0.28825],[-0.01517,-0.305676,0.952015]],[[0.919329,-0.324723,-0.222238],[0.311701,0.94568,-0.0923739],[0.240162,0.0156504,0.970607]],[[0.919329,-0.324723,-0.222238],[0.273978,0.933628,-0.230814],[0.282438,0.151305,0.947278]],[[0.919329,-0.324723,-0.222238],[0.2442,0.91369,-0.324864],[0.308547,0.244386,0.919279]]],"btipPosition":[-43.4505,356.93,-71.2858],"carpPosition":[-22.6774,343.293,75.3348],"dipPosition":[-38.3092,361.002,-55.9681],"direction":[-0.282438,-0.151305,-0.947278],"extended":true,"handId":985,"id":9851,"length":57.352,"mcpPosition":[-21.589,365.225,7.02887],"pipPosition":[-31.6516,364.569,-33.6387],"stabilizedTipPosition":[-34.9687,334.823,-28.7313],"timeVisible":31.9864,"tipPosition":[-42.4137,356.72,-67.5165],"tipVelocity":[-12.0935,49.3561,-198.54],"tool":false,"touchDistance":-0.555905,"touchZone":"hovering","type":1,"width":18.8641},{"bases":[[[0.83582,-0.548604,-0.0209159],[0.530569,0.797381,0.287542],[-0.141069,-0.25143,0.95754]],[[0.822747,-0.56606,0.0516136],[0.451303,0.595339,-0.664753],[0.345562,0.570217,0.745278]],[[0.822747,-0.56606,0.0516136],[0.195014,0.195816,-0.961054],[0.533908,0.80077,0.271497]],[[0.822747,-0.56606,0.0516136],[0.0267132,-0.052197,-0.998279],[0.56778,0.82271,-0.0278236]]],"btipPosition":[-42.9093,293.595,-33.1608],"carpPosition":[-11.0515,340.577,74.0445],"dipPosition":[-32.5036,308.673,-33.6707],"direction":[-0.533908,-0.80077,-0.271497],"extended":false,"handId":985,"id":9852,"length":65.348,"mcpPosition":[-1.45298,357.684,8.89225],"pipPosition":[-17.697,330.88,-26.1414],"stabilizedTipPosition":[-31.4468,265.537,14.106],"timeVisible":31.9864,"tipPosition":[-40.86,296.711,-32.0405],"tipVelocity":[-12.1894,43.7708,-201.007],"tool":false,"touchDistance":-0.633604,"touchZone":"hovering","type":2,"width":18.527},{"bases":[[[0.76356,-0.638163,0.0986058],[0.584162,0.747726,0.31569],[-0.275192,-0.183447,0.943725]],[[0.783408,-0.621134,0.0215449],[0.48049,0.583303,-0.654895],[0.39421,0.523402,0.755413]],[[0.783408,-0.621134,0.0215449],[0.199684,0.218722,-0.955137],[0.588556,0.752564,0.295379]],[[0.783408,-0.621134,0.0215449],[0.0197126,-0.0098153,-0.999758],[0.621195,0.783643,0.0045548]]],"btipPosition":[-28.0935,288.727,-25.3497],"carpPosition":[-0.507874,334.937,73.2815],"dipPosition":[-16.7744,303.006,-25.2667],"direction":[-0.588556,-0.752564,-0.295379],"extended":false,"handId":985,"id":9853,"length":62.8339,"mcpPosition":[16.3035,346.144,15.6296],"pipPosition":[-0.873719,323.338,-17.2866],"stabilizedTipPosition":[-16.9836,255.62,21.1249],"timeVisible":31.9864,"tipPosition":[-25.8409,291.646,-24.0293],"tipVelocity":[-13.6223,40.0327,-196.161],"tool":false,"touchDistance":-0.653594,"touchZone":"hovering","type":3,"width":17.6296},{"bases":[[[0.619491,-0.769821,0.153643],[0.669189,0.620202,0.409311],[-0.410386,-0.150748,0.899365]],[[0.664831,-0.745752,0.0430457],[0.613694,0.512432,-0.600661],[0.425886,0.425755,0.798345]],[[0.664831,-0.745752,0.0430457],[0.293402,0.207703,-0.933153],[0.68696,0.633019,0.356893]],[[0.664831,-0.745752,0.0430457],[0.082647,0.0161629,-0.996448],[0.742407,0.666027,0.0723798]]],"btipPosition":[-10.3819,293.646,-13.6051],"carpPosition":[6.68063,323.073,72.8086],"dipPosition":[2.09815,304.842,-12.3884],"direction":[-0.68696,-0.633019,-0.356893],"extended":false,"handId":985,"id":9854,"length":49.2606,"mcpPosition":[29.888,331.598,21.9494],"pipPosition":[15.2017,316.916,-5.58072],"stabilizedTipPosition":[-0.0136963,257.874,31.8261],"timeVisible":31.9864,"tipPosition":[-8.00926,295.85,-12.0461],"tipVelocity":[-8.37668,45.4992,-208.586],"tool":false,"touchDistance":-0.655879,"touchZone":"hovering","type":4,"width":15.66}],"r":[[0.949018,0.179273,0.259279],[-0.163981,0.983244,-0.079636],[-0.269211,0.0330592,0.962514]],"s":1.14342,"t":[-20.6234,44.6801,-81.6923],"timestamp":669498338565},false],[5,{"currentFrameRate":51.9096,"devices":[],"gestures":[],"hands":[{"armBasis":[[0.851675,-0.469675,-0.232496],[0.438877,0.881659,-0.173391],[0.28642,0.0456353,0.957017]],"armWidth":62.1429,"confidence":0.550106,"direction":[0.22371,0.378179,-0.898295],"elbow":[66.3949,336.085,326.794],"grabStrength":0,"id":985,"palmNormal":[-0.37992,-0.814916,-0.437691],"palmPosition":[-5.51634,343.816,25.3564],"palmVelocity":[5.26788,15.9332,-202.676],"palmWidth":88.738,"pinchStrength":0.657419,"r":[[0.949959,0.176477,0.257747],[-0.162573,0.983882,-0.0744736],[-0.266735,0.0288443,0.963338]],"s":1.1449,"sphereCenter":[-20.5613,306.546,-11.5877],"sphereRadius":48.7838,"stabilizedPalmPosition":[-0.426891,308.42,62.406],"t":[-20.5203,44.985,-85.6096],"timeVisible":32.0058,"type":"right","wrist":[-9.0245,324.068,74.795]}],"id":4970547,"interactionBox":{"center":[0,200,0],"size":[235.247,235.247,147.751]},"pointables":[{"bases":[[[0.74464,0.625946,0.231739],[-0.639751,0.570314,0.515228],[0.190341,-0.531915,0.825129]],[[0.634032,0.770517,-0.0656283],[-0.715787,0.616874,0.327284],[0.292662,-0.160533,0.942644]],[[0.634032,0.770517,-0.0656283],[-0.770972,0.636427,0.0237171],[0.060042,0.0355601,0.997562]],[[0.634032,0.770517,-0.0656283],[-0.76512,0.612741,-0.197835],[-0.112222,0.175648,0.978036]]],"btipPosition":[-52.4096,329.057,-29.2748],"carpPosition":[-38.7271,326.433,72.1088],"dipPosition":[-54.971,333.066,-6.9518],"direction":[-0.060042,-0.0355601,-0.997562],"extended":false,"handId":985,"id":9850,"length":50.8265,"mcpPosition":[-38.7271,326.433,72.1088],"pipPosition":[-52.9745,334.249,26.2189],"stabilizedTipPosition":[-44.9044,302.593,22.4915],"timeVisible":32.0058,"tipPosition":[-53.1173,330.277,-23.9752],"tipVelocity":[-2.2483,43.6879,-202.813],"tool":false,"touchDistance":-0.591488,"touchZone":"hovering","type":0,"width":19.7488},{"bases":[[[0.92238,-0.369464,-0.112747],[0.386076,0.872141,0.300524],[-0.0127014,-0.320727,0.947087]],[[0.916513,-0.325703,-0.23221],[0.316668,0.945465,-0.0762692],[0.244388,-0.00363179,0.969671]],[[0.916513,-0.325703,-0.23221],[0.27855,0.936306,-0.213871],[0.287078,0.131333,0.948861]],[[0.916513,-0.325703,-0.23221],[0.248458,0.918489,-0.307648],[0.313484,0.224269,0.92273]]],"btipPosition":[-43.4066,358.796,-74.9377],"carpPosition":[-22.0877,342.465,71.3849],"dipPosition":[-38.1831,362.533,-59.5625],"direction":[-0.287078,-0.131333,-0.948861],"extended":true,"handId":985,"id":9851,"length":57.352,"mcpPosition":[-21.1764,365.477,3.43257],"pipPosition":[-31.416,365.629,-37.1957],"stabilizedTipPosition":[-34.994,334.91,-28.8807],"timeVisible":32.0058,"tipPosition":[-42.3503,358.498,-71.1768],"tipVelocity":[-4.43643,70.7517,-193.022],"tool":false,"touchDistance":-0.583228,"touchZone":"hovering","type":1,"width":18.8641},{"bases":[[[0.832761,-0.552628,-0.033325],[0.536084,0.78987,0.297857],[-0.138282,-0.265909,0.954029]],[[0.819838,-0.571245,0.0393026],[0.451984,0.603482,-0.656902],[0.351534,0.556318,0.752951]],[[0.819838,-0.571245,0.0393026],[0.192547,0.210395,-0.958467],[0.53925,0.793356,0.282481]],[[0.819838,-0.571245,0.0393026],[0.0228274,-0.0359779,-0.999092],[0.57214,0.819991,-0.0164561]]],"btipPosition":[-43.0384,294.62,-37.8396],"carpPosition":[-10.4822,339.708,70.0003],"dipPosition":[-32.5528,309.648,-38.1412],"direction":[-0.53925,-0.793356,-0.282481],"extended":false,"handId":985,"id":9852,"length":65.348,"mcpPosition":[-1.07333,357.801,5.08701],"pipPosition":[-17.598,331.65,-30.3073],"stabilizedTipPosition":[-31.4529,265.558,14.0718],"timeVisible":32.0058,"tipPosition":[-40.9632,297.715,-36.6977],"tipVelocity":[-8.95055,48.0098,-219.797],"tool":false,"touchDistance":-0.668042,"touchZone":"hovering","type":2,"width":18.527},{"bases":[[[0.760538,-0.643696,0.0850732],[0.58953,0.73949,0.324975],[-0.272096,-0.197003,0.941888]],[[0.779412,-0.626407,0.0114915],[0.478802,0.583723,-0.655756],[0.404062,0.516606,0.754885]],[[0.779412,-0.626407,0.0114915],[0.193126,0.222769,-0.95555],[0.596003,0.746986,0.294604]],[[0.779412,-0.626407,0.0114915],[0.0122779,-0.00306677,-0.99992],[0.626392,0.77949,0.00530069]]],"btipPosition":[-28.4724,289.166,-29.3873],"carpPosition":[0.0275458,334.026,69.1012],"dipPosition":[-17.0585,303.37,-29.2908],"direction":[-0.596003,-0.746986,-0.294604],"extended":false,"handId":985,"id":9853,"length":62.8339,"mcpPosition":[16.6498,346.061,11.5616],"pipPosition":[-0.956707,323.551,-21.3316],"stabilizedTipPosition":[-16.9875,255.636,21.1024],"timeVisible":32.0058,"tipPosition":[-26.0645,292.247,-28.4856],"tipVelocity":[-16.0088,30.895,-202.021],"tool":false,"touchDistance":-0.677086,"touchZone":"hovering","type":3,"width":17.6296},{"bases":[[[0.616002,-0.775448,0.138642],[0.674274,0.61004,0.41618],[-0.407303,-0.162885,0.898651]],[[0.661002,-0.749853,0.0282178],[0.613863,0.518733,-0.595052],[0.431564,0.410653,0.803191]],[[0.661002,-0.749853,0.0282178],[0.290827,0.221339,-0.930821],[0.691734,0.623481,0.364383]],[[0.661002,-0.749853,0.0282178],[0.0789579,0.0321079,-0.996361],[0.746218,0.660825,0.0804303]]],"btipPosition":[-10.4377,294.182,-18.4106],"carpPosition":[7.15007,322.133,68.408],"dipPosition":[2.10635,305.291,-17.0586],"direction":[-0.691734,-0.623481,-0.364383],"extended":false,"handId":985,"id":9854,"length":49.2606,"mcpPosition":[30.1831,331.344,17.5892],"pipPosition":[15.301,317.183,-10.1081],"stabilizedTipPosition":[-0.0162158,257.887,31.8094],"timeVisible":32.0058,"tipPosition":[-8.0356,296.358,-16.8506],"tipVelocity":[-5.25084,36.0565,-227.283],"tool":false,"touchDistance":-0.690241,"touchZone":"hovering","type":4,"width":15.66}],"r":[[0.949959,0.176477,0.257747],[-0.162573,0.983882,-0.0744736],[-0.266735,0.0288443,0.963338]],"s":1.1449,"t":[-20.5203,44.985,-85.6096],"timestamp":669498357972},false],[6,{"currentFrameRate":51.9424,"devices":[],"gestures":[],"hands":[{"armBasis":[[0.853949,-0.464834,-0.233883],[0.436118,0.88452,-0.165608],[0.283854,0.0394202,0.958057]],"armWidth":62.1429,"confidence":0.543556,"direction":[0.226664,0.388568,-0.893106],"elbow":[65.1134,334.715,321.577],"grabStrength":0,"id":985,"palmNormal":[-0.374543,-0.811686,-0.448201],"palmPosition":[-5.9553,344.621,20.0958],"palmVelocity":[-8.68535,28.8542,-238.427],"palmWidth":88.738,"pinchStrength":0.66015,"r":[[0.950314,0.174435,0.257829],[-0.162128,0.984395,-0.0684186],[-0.26574,0.0232179,0.963765]],"s":1.14722,"sphereCenter":[-21.0937,308.229,-17.2734],"sphereRadius":48.5383,"stabilizedPalmPosition":[-0.42747,308.423,62.4016],"t":[-20.6883,45.5397,-90.1985],"timeVisible":32.0249,"type":"right","wrist":[-9.63042,324.335,69.304]}],"id":4970548,"interactionBox":{"center":[0,200,0],"size":[235.247,235.247,147.751]},"pointables":[{"bases":[[[0.741017,0.626331,0.242079],[-0.64453,0.562321,0.51805],[0.188345,-0.539911,0.820379]],[[0.631245,0.773672,-0.0544267],[-0.720309,0.610829,0.3287],[0.287551,-0.168286,0.942865]],[[0.631245,0.773672,-0.0544267],[-0.773628,0.633081,0.0266193],[0.0550511,0.0253027,0.998163]],[[0.631245,0.773672,-0.0544267],[-0.7662,0.611187,-0.198464],[-0.120281,0.166981,0.978596]]],"btipPosition":[-52.4122,330.153,-34.9322],"carpPosition":[-39.3284,326.614,66.495],"dipPosition":[-55.1576,333.965,-12.5964],"direction":[-0.0550511,-0.0253027,-0.998163],"extended":false,"handId":985,"id":9850,"length":50.8265,"mcpPosition":[-39.3284,326.614,66.495],"pipPosition":[-53.327,334.806,20.5943],"stabilizedTipPosition":[-44.9074,302.603,22.4725],"timeVisible":32.0249,"tipPosition":[-53.1934,331.348,-29.6295],"tipVelocity":[-2.29748,49.2485,-248.679],"tool":false,"touchDistance":-0.645489,"touchZone":"hovering","type":0,"width":19.7488},{"bases":[[[0.924372,-0.364665,-0.112056],[0.381152,0.870389,0.311682],[-0.0161274,-0.33082,0.943556]],[[0.918696,-0.318824,-0.233129],[0.313564,0.947649,-0.0603228],[0.240157,-0.0176826,0.970573]],[[0.918696,-0.318824,-0.233129],[0.276461,0.94063,-0.19694],[0.282077,0.116477,0.952295]],[[0.918696,-0.318824,-0.233129],[0.247119,0.924438,-0.290424],[0.308107,0.209201,0.928065]]],"btipPosition":[-43.4371,360.962,-80.2527],"carpPosition":[-22.7488,342.717,66.0241],"dipPosition":[-38.3032,364.448,-64.7886],"direction":[-0.282077,-0.116477,-0.952295],"extended":true,"handId":985,"id":9851,"length":57.352,"mcpPosition":[-21.5917,366.453,-1.67484],"pipPosition":[-31.654,367.193,-42.341],"stabilizedTipPosition":[-35.0134,334.982,-29.008],"timeVisible":32.0249,"tipPosition":[-42.3749,360.558,-76.4901],"tipVelocity":[-3.56385,90.2473,-234.429],"tool":false,"touchDistance":-0.632658,"touchZone":"hovering","type":1,"width":18.8641},{"bases":[[[0.835082,-0.549009,-0.0350289],[0.531495,0.788733,0.30889],[-0.141955,-0.276566,0.950452]],[[0.82181,-0.568518,0.037624],[0.453176,0.612198,-0.647955],[0.345341,0.549546,0.760749]],[[0.82181,-0.568518,0.037624],[0.197025,0.221603,-0.955025],[0.534612,0.792262,0.294127]],[[0.82181,-0.568518,0.037624],[0.0285422,-0.024873,-0.999283],[0.569046,0.822295,-0.00421408]]],"btipPosition":[-42.9557,295.963,-43.8422],"carpPosition":[-11.1258,340.02,64.6684],"dipPosition":[-32.5268,311.033,-43.9194],"direction":[-0.534612,-0.792262,-0.294127],"extended":false,"handId":985,"id":9852,"length":65.348,"mcpPosition":[-1.46705,358.838,-0.00161061],"pipPosition":[-17.7006,333.005,-35.7625],"stabilizedTipPosition":[-31.4565,265.571,14.0488],"timeVisible":32.0249,"tipPosition":[-40.8942,299.061,-42.6748],"tipVelocity":[-2.7222,59.2293,-264.928],"tool":false,"touchDistance":-0.718835,"touchZone":"hovering","type":2,"width":18.527},{"bases":[[[0.762632,-0.641609,0.0820347],[0.585003,0.738275,0.335739],[-0.275978,-0.208055,0.938376]],[[0.781015,-0.624394,0.0121476],[0.477081,0.583973,-0.656788],[0.403,0.518756,0.753978]],[[0.781015,-0.624394,0.0121476],[0.19063,0.219834,-0.956731],[0.594706,0.749537,0.290722]],[[0.781015,-0.624394,0.0121476],[0.0105445,-0.00626415,-0.999925],[0.624423,0.781084,0.00169153]]],"btipPosition":[-28.7352,290.012,-34.3023],"carpPosition":[-0.589528,334.388,63.7615],"dipPosition":[-17.3572,304.244,-34.2715],"direction":[-0.594706,-0.749537,-0.290722],"extended":false,"handId":985,"id":9853,"length":62.8339,"mcpPosition":[16.2698,347.098,6.43644],"pipPosition":[-1.2904,324.494,-26.4172],"stabilizedTipPosition":[-16.9898,255.645,21.0889],"timeVisible":32.0249,"tipPosition":[-26.1956,293.298,-33.8908],"tipVelocity":[-15.0979,37.643,-229.553],"tool":false,"touchDistance":-0.711662,"touchZone":"hovering","type":3,"width":17.6296},{"bases":[[[0.618352,-0.774483,0.133481],[0.669803,0.608193,0.425987],[-0.411102,-0.174004,0.894828]],[[0.663459,-0.747812,0.0244787],[0.612168,0.523723,-0.592422],[0.4302,0.408033,0.805256]],[[0.663459,-0.747812,0.0244787],[0.290422,0.227236,-0.929526],[0.689549,0.623811,0.367943]],[[0.663459,-0.747812,0.0244787],[0.0801602,0.0385141,-0.996038],[0.743906,0.662792,0.0854973]]],"btipPosition":[-10.6623,295.259,-23.849],"carpPosition":[6.58304,322.531,62.9777],"dipPosition":[1.84287,306.401,-22.4118],"direction":[-0.689549,-0.623811,-0.367943],"extended":false,"handId":985,"id":9854,"length":49.2606,"mcpPosition":[29.8309,332.371,12.3751],"pipPosition":[14.9958,318.3,-15.3934],"stabilizedTipPosition":[-0.0176906,257.894,31.7989],"timeVisible":32.0249,"tipPosition":[-8.15463,297.534,-22.5157],"tipVelocity":[-8.691