{"sensorType":"Leap","data":[[0,{"currentFrameRate":49.6507,"devices":[],"gestures":[],"hands":[{"armBasis":[[0.797507,-0.571083,-0.194541],[0.548958,0.820655,-0.158653],[0.250255,0.019732,0.967979]],"armWidth":62.1429,"confidence":0.564077,"direction":[0.0112904,0.513566,-0.857976],"elbow":[79.2256,311.644,328.689],"grabStrength":0.107321,"id":985,"palmNormal":[-0.656951,-0.643057,-0.393565],"palmPosition":[5.55173,335.009,29.415],"palmVelocity":[-34.1704,5.32976,-144.149],"palmWidth":88.738,"pinchStrength":1,"r":[[0.996158,-0.0400573,-0.0778747],[0.0490397,0.99191,0.117086],[0.0725546,-0.120455,0.990064]],"s":1.01958,"sphereCenter":[-21.42,302.435,-7.28465],"sphereRadius":49.2535,"stabilizedPalmPosition":[14.5512,302.359,107.453],"t":[-8.6923,36.3787,-82.6967],"timeVisible":0.307961,"type":"right","wrist":[13.3291,306.448,73.8029]}],"id":4968907,"interactionBox":{"center":[0,200,0],"size":[235.247,235.247,147.751]},"pointables":[{"bases":[[[0.893144,0.446782,0.0517542],[-0.317302,0.544354,0.77653],[0.318767,-0.709975,0.627951]],[[0.706893,0.681611,-0.188968],[-0.548238,0.696796,0.462505],[0.446921,-0.223342,0.866245]],[[0.706893,0.681611,-0.188968],[-0.609822,0.722655,0.325404],[0.358357,-0.114789,0.926501]],[[0.706893,0.681611,-0.188968],[-0.679853,0.728473,0.0844202],[0.1952,0.0687943,0.978348]]],"btipPosition":[-52.7153,326.875,-13.6093],"carpPosition":[-14.5869,313.756,81.6993],"dipPosition":[-48.26,328.446,8.72088],"direction":[-0.358357,0.114789,-0.926501],"extended":false,"handId":985,"id":9850,"length":50.8265,"mcpPosition":[-14.5869,313.756,81.6993],"pipPosition":[-36.344,324.629,39.5286],"stabilizedTipPosition":[-43.3043,302.415,40.9813],"timeVisible":0.307961,"tipPosition":[-52.0556,326.193,-8.49915],"tipVelocity":[-22.7428,19.5844,-146.921],"tool":false,"touchDistance":0.213404,"touchZone":"hovering","type":0,"width":19.7488},{"bases":[[[0.745043,-0.473798,-0.469497],[0.632558,0.725192,0.271968],[0.211618,-0.499611,0.840004]],[[0.76262,-0.52188,-0.382168],[0.505008,0.849556,-0.152387],[0.404201,-0.076784,0.911442]],[[0.76262,-0.52188,-0.382168],[0.467739,0.853016,-0.231483],[0.446802,-0.0022207,0.89463]],[[0.76262,-0.52188,-0.382168],[0.440199,0.851624,-0.284538],[0.473958,0.0487643,0.879196]]],"btipPosition":[-46.5603,365.213,-56.5419],"carpPosition":[3.98813,326.909,77.6542],"dipPosition":[-38.6629,366.025,-41.8921],"direction":[-0.446802,0.0022207,-0.89463],"extended":true,"handId":985,"id":9851,"length":57.352,"mcpPosition":[-11.1952,362.756,17.3849],"pipPosition":[-28.1308,365.973,-20.8037],"stabilizedTipPosition":[-34.5766,345.863,-12.6365],"timeVisible":0.307961,"tipPosition":[-44.9055,365.45,-53.1036],"tipVelocity":[-34.1748,32.6224,-134.399],"tool":false,"touchDistance":0.0101065,"touchZone":"hovering","type":1,"width":18.8641},{"bases":[[[0.647958,-0.65358,-0.391131],[0.753902,0.623506,0.207055],[0.108546,-0.429037,0.896741]],[[0.64528,-0.643505,-0.411721],[0.360155,0.731541,-0.57891],[0.673722,0.225276,0.70381]],[[0.64528,-0.643505,-0.411721],[-0.106793,0.457666,-0.882688],[0.756445,0.61355,0.226601]],[[0.64528,-0.643505,-0.411721],[-0.362685,0.216282,-0.906467],[0.672364,0.73425,-0.0938271]]],"btipPosition":[-58.5888,310.903,-26.6186],"carpPosition":[13.7673,322.772,72.0458],"dipPosition":[-46.2664,324.359,-28.3382],"direction":[-0.756445,-0.61355,-0.226601],"extended":false,"handId":985,"id":9852,"length":65.348,"mcpPosition":[6.38172,351.964,11.0304],"pipPosition":[-25.2883,341.375,-22.054],"stabilizedTipPosition":[-44.2034,290.37,24.7575],"timeVisible":0.307961,"tipPosition":[-55.495,314.406,-27.5253],"tipVelocity":[-32.3913,10.6517,-147.55],"tool":false,"touchDistance":0.132973,"touchZone":"hovering","type":2,"width":18.527},{"bases":[[[0.598181,-0.754723,-0.269394],[0.801345,0.561223,0.207062],[-0.0050842,-0.339737,0.940507]],[[0.59803,-0.759903,-0.254769],[0.453661,0.582999,-0.674021],[0.660721,0.287505,0.693389]],[[0.59803,-0.759903,-0.254769],[-0.0144463,0.307604,-0.951405],[0.801344,0.572649,0.172979]],[[0.59803,-0.759903,-0.254769],[-0.278439,0.101092,-0.955119],[0.751553,0.642127,-0.151131]]],"btipPosition":[-41.7558,296.926,-22.7413],"carpPosition":[22.0676,315.871,66.8469],"dipPosition":[-28.0614,308.626,-25.4952],"direction":[-0.801344,-0.572649,-0.172979],"extended":false,"handId":985,"id":9853,"length":62.8339,"mcpPosition":[22.3782,336.625,9.3917],"pipPosition":[-6.41195,324.097,-20.8219],"stabilizedTipPosition":[-26.3764,273.403,34.9524],"timeVisible":0.307961,"tipPosition":[-38.4165,300.225,-24.0765],"tipVelocity":[-32.016,-0.724077,-131.487],"tool":false,"touchDistance":0.149559,"touchZone":"hovering","type":3,"width":17.6296},{"bases":[[[0.452888,-0.871258,-0.189214],[0.88101,0.404769,0.244913],[-0.136794,-0.277618,0.950903]],[[0.427924,-0.902556,-0.0476852],[0.645206,0.342003,-0.683186],[0.632922,0.261585,0.728685]],[[0.427924,-0.902556,-0.0476852],[0.15947,0.127331,-0.978957],[0.889635,0.411315,0.198418]],[[0.427924,-0.902556,-0.0476852],[-0.14049,-0.0143059,-0.989979],[0.892829,0.430335,-0.132922]]],"btipPosition":[-20.0783,295.027,-18.3423],"carpPosition":[25.9899,303.428,62.1097],"dipPosition":[-5.0697,302.261,-20.5768],"direction":[-0.889635,-0.411315,-0.198418],"extended":false,"handId":985,"id":9854,"length":49.2606,"mcpPosition":[33.7256,319.127,8.33606],"pipPosition":[11.8998,310.106,-16.792],"stabilizedTipPosition":[-4.63134,264.251,52.1505],"timeVisible":0.307961,"tipPosition":[-16.7374,296.665,-18.673],"tipVelocity":[-24.6134,19.5326,-159.499],"tool":false,"touchDistance":0.138933,"touchZone":"hovering","type":4,"width":15.66}],"r":[[0.996158,-0.0400573,-0.0778747],[0.0490397,0.99191,0.117086],[0.0725546,-0.120455,0.990064]],"s":1.01958,"t":[-8.6923,36.3787,-82.6967],"timestamp":669466660142},false],[1,{"currentFrameRate":49.7952,"devices":[],"gestures":[],"hands":[{"armBasis":[[0.80097,-0.567033,-0.192148],[0.544908,0.823397,-0.158408],[0.248037,0.022177,0.968497]],"armWidth":62.1429,"confidence":0.575557,"direction":[0.00862251,0.514611,-0.857381],"elbow":[78.4935,312.249,327.789],"grabStrength":0.0998556,"id":985,"palmNormal":[-0.654115,-0.645622,-0.394089],"palmPosition":[5.25661,334.985,28.4149],"palmVelocity":[-24.608,2.04945,-97.5189],"palmWidth":88.738,"pinchStrength":0.996238,"r":[[0.996031,-0.0378041,-0.0805851],[0.0475411,0.991322,0.122558],[0.0752526,-0.125902,0.989184]],"s":1.02255,"sphereCenter":[-21.3858,302.133,-8.43485],"sphereRadius":49.3726,"stabilizedPalmPosition":[14.5462,302.376,107.41],"t":[-9.16831,36.4188,-84.5825],"timeVisible":0.327491,"type":"right","wrist":[13.1811,306.409,72.7669]}],"id":4968908,"interactionBox":{"center":[0,200,0],"size":[235.247,235.247,147.751]},"pointables":[{"bases":[[[0.891092,0.450837,0.0519682],[-0.319538,0.54198,0.777272],[0.322257,-0.709227,0.627014]],[[0.705664,0.683553,-0.186531],[-0.549072,0.693942,0.465795],[0.447837,-0.226276,0.865009]],[[0.705664,0.683553,-0.186531],[-0.610682,0.720246,0.32911],[0.359312,-0.11833,0.925685]],[[0.705664,0.683553,-0.186531],[-0.683013,0.726275,0.0775705],[0.188496,0.0726644,0.979382]]],"btipPosition":[-52.8173,326.87,-14.5636],"carpPosition":[-14.7656,313.579,80.6813],"dipPosition":[-48.515,328.529,7.79016],"direction":[-0.359312,0.11833,-0.925685],"extended":false,"handId":985,"id":9850,"length":50.8265,"mcpPosition":[-14.7656,313.579,80.6813],"pipPosition":[-36.5673,324.594,38.5708],"stabilizedTipPosition":[-43.3304,302.491,40.827],"timeVisible":0.327491,"tipPosition":[-52.207,326.194,-9.45763],"tipVelocity":[-14.8568,10.1561,-97.585],"tool":false,"touchDistance":0.197589,"touchZone":"hovering","type":0,"width":19.7488},{"bases":[[[0.747056,-0.46981,-0.470304],[0.629301,0.727786,0.272595],[0.214213,-0.499607,0.839349]],[[0.765064,-0.518498,-0.381886],[0.503282,0.851404,-0.147709],[0.401727,-0.0791897,0.912329]],[[0.765064,-0.518498,-0.381886],[0.464688,0.855078,-0.230015],[0.445805,-0.00148194,0.895129]],[[0.765064,-0.518498,-0.381886],[0.436039,0.853512,-0.285283],[0.473863,0.0517425,0.879077]]],"btipPosition":[-46.8587,365.16,-57.5508],"carpPosition":[3.7472,326.823,76.6451],"dipPosition":[-38.9629,366.022,-42.903],"direction":[-0.445805,0.00148194,-0.895129],"extended":true,"handId":985,"id":9851,"length":57.352,"mcpPosition":[-11.6223,362.669,16.4229],"pipPosition":[-28.4543,365.987,-21.8029],"stabilizedTipPosition":[-34.5766,345.863,-12.6365],"timeVisible":0.327491,"tipPosition":[-45.254,365.358,-54.0923],"tipVelocity":[-24.7033,15.1763,-92.9006],"tool":false,"touchDistance":-0.0567173,"touchZone":"hovering","type":1,"width":18.8641},{"bases":[[[0.650829,-0.650129,-0.392115],[0.75109,0.626736,0.207522],[0.110836,-0.429575,0.896203]],[[0.647908,-0.639373,-0.414025],[0.355151,0.734412,-0.578366],[0.673857,0.227687,0.702905]],[[0.647908,-0.639373,-0.414025],[-0.110474,0.45892,-0.881583],[0.753665,0.616924,0.226704]],[[0.647908,-0.639373,-0.414025],[-0.36485,0.216643,-0.905511],[0.668655,0.737745,-0.0929106]]],"btipPosition":[-58.8298,310.633,-27.5764],"carpPosition":[13.5434,322.737,71.0286],"dipPosition":[-46.5754,324.154,-29.2791],"direction":[-0.753665,-0.616924,-0.226704],"extended":false,"handId":985,"id":9852,"length":65.348,"mcpPosition":[6.00198,351.966,10.0497],"pipPosition":[-25.6743,341.263,-22.992],"stabilizedTipPosition":[-44.2357,290.434,24.6133],"timeVisible":0.327491,"tipPosition":[-55.7475,314.142,-28.4785],"tipVelocity":[-22.7328,-1.23782,-98.0257],"tool":false,"touchDistance":0.117075,"touchZone":"hovering","type":2,"width":18.527},{"bases":[[[0.601561,-0.751642,-0.270478],[0.79882,0.564672,0.20744],[-0.00318939,-0.340851,0.940112]],[[0.601418,-0.757377,-0.254316],[0.446654,0.582668,-0.678969],[0.662417,0.294753,0.688712]],[[0.601418,-0.757377,-0.254316],[-0.0204843,0.303597,-0.95258],[0.798672,0.578109,0.167074]],[[0.601418,-0.757377,-0.254316],[-0.28203,0.0965644,-0.954534],[0.747499,0.645799,-0.155527]]],"btipPosition":[-41.9934,296.473,-23.3019],"carpPosition":[21.8736,315.88,65.8189],"dipPosition":[-28.3728,308.24,-26.1358],"direction":[-0.798672,-0.578109,-0.167074],"extended":false,"handId":985,"id":9853,"length":62.8339,"mcpPosition":[22.0684,336.702,8.38773],"pipPosition":[-6.79559,323.859,-21.6221],"stabilizedTipPosition":[-26.4066,273.465,34.81],"timeVisible":0.327491,"tipPosition":[-38.6554,299.823,-24.7333],"tipVelocity":[-22.493,-11.6004,-80.3916],"tool":false,"touchDistance":0.139909,"touchZone":"hovering","type":3,"width":17.6296},{"bases":[[[0.456836,-0.868939,-0.190384],[0.879219,0.408544,0.245082],[-0.135181,-0.279352,0.950625]],[[0.431942,-0.900608,-0.0482837],[0.643624,0.345307,-0.683016],[0.631803,0.263946,0.728806]],[[0.431942,-0.900608,-0.0482837],[0.158898,0.128689,-0.978872],[0.887794,0.415143,0.198691]],[[0.431942,-0.900608,-0.0482837],[-0.140394,-0.0142589,-0.989993],[0.890907,0.434398,-0.132599]]],"btipPosition":[-20.2018,294.935,-19.3853],"carpPosition":[25.8516,303.461,61.0658],"dipPosition":[-5.22548,302.237,-21.6143],"direction":[-0.887794,-0.415143,-0.198691],"extended":false,"handId":985,"id":9854,"length":49.2606,"mcpPosition":[33.4961,319.258,7.30781],"pipPosition":[11.7089,310.156,-17.8244],"stabilizedTipPosition":[-4.6468,264.292,52.0586],"timeVisible":0.327491,"tipPosition":[-16.8682,296.591,-19.7153],"tipVelocity":[-15.6276,7.7809,-106.238],"tool":false,"touchDistance":0.121571,"touchZone":"hovering","type":4,"width":15.66}],"r":[[0.996031,-0.0378041,-0.0805851],[0.0475411,0.991322,0.122558],[0.0752526,-0.125902,0.989184]],"s":1.02255,"t":[-9.16831,36.4188,-84.5825],"timestamp":669466679672},false],[2,{"currentFrameRate":49.9704,"devices":[],"gestures":[],"hands":[{"armBasis":[[0.806273,-0.558473,-0.195016],[0.531843,0.828704,-0.174334],[0.258971,0.0368432,0.965182]],"armWidth":62.1429,"confidence":0.582184,"direction":[0.00840267,0.520936,-0.853554],"elbow":[80.2861,316.171,323.279],"grabStrength":0.094387,"id":985,"palmNormal":[-0.649685,-0.646037,-0.400682],"palmPosition":[4.14869,335.329,24.9661],"palmVelocity":[-40.8891,9.89382,-137.775],"palmWidth":88.738,"pinchStrength":0.990865,"r":[[0.996004,-0.0348544,-0.0822291],[0.0452703,0.990686,0.128417],[0.0769873,-0.131626,0.988305]],"s":1.02542,"sphereCenter":[-21.9923,302.432,-12.3293],"sphereRadius":49.4655,"stabilizedPalmPosition":[14.5418,302.39,107.375],"t":[-9.96028,36.6109,-87.2498],"timeVisible":0.346835,"type":"right","wrist":[12.0944,306.469,69.1297]}],"id":4968909,"interactionBox":{"center":[0,200,0],"size":[235.247,235.247,147.751]},"pointables":[{"bases":[[[0.88862,0.454984,0.0578197],[-0.324501,0.534615,0.780312],[0.324118,-0.712163,0.622712]],[[0.704474,0.687101,-0.177789],[-0.551781,0.687784,0.471689],[0.446378,-0.234192,0.863655]],[[0.704474,0.687101,-0.177789],[-0.613088,0.715343,0.335272],[0.357546,-0.12719,0.925194]],[[0.704474,0.687101,-0.177789],[-0.686481,0.723263,0.075069],[0.180168,0.0691648,0.981201]]],"btipPosition":[-53.6427,327.489,-18.1876],"carpPosition":[-15.9108,313.437,77.0166],"dipPosition":[-49.5305,329.068,4.20771],"direction":[-0.357546,0.12719,-0.925194],"extended":false,"handId":985,"id":9850,"length":50.8265,"mcpPosition":[-15.9108,313.437,77.0166],"pipPosition":[-37.6415,324.838,34.972],"stabilizedTipPosition":[-43.347,302.535,40.7317],"timeVisible":0.346835,"tipPosition":[-53.0727,326.776,-13.0939],"tipVelocity":[-29.8459,20.5551,-142.075],"tool":false,"touchDistance":0.137349,"touchZone":"hovering","type":0,"width":19.7488},{"bases":[[[0.750777,-0.462521,-0.471602],[0.624793,0.728964,0.279724],[0.214403,-0.504663,0.836269]],[[0.768917,-0.512209,-0.382633],[0.500967,0.854524,-0.13719],[0.397239,-0.0861988,0.913658]],[[0.768917,-0.512209,-0.382633],[0.461596,0.858841,-0.222085],[0.442375,-0.00585665,0.896811]],[[0.768917,-0.512209,-0.382633],[0.432261,0.857447,-0.279169],[0.47108,0.0492603,0.880714]]],"btipPosition":[-47.7591,365.943,-60.9671],"carpPosition":[2.54515,326.805,73.1306],"dipPosition":[-39.9096,366.764,-46.292],"direction":[-0.442375,0.00585665,-0.896811],"extended":true,"handId":985,"id":9851,"length":57.352,"mcpPosition":[-12.838,363.014,13.1293],"pipPosition":[-29.4819,366.625,-25.1522],"stabilizedTipPosition":[-34.5766,345.863,-12.6365],"timeVisible":0.346835,"tipPosition":[-46.1972,366.099,-57.4904],"tipVelocity":[-35.8648,27.5456,-134.456],"tool":false,"touchDistance":-0.11355,"touchZone":"touching","type":1,"width":18.8641},{"bases":[[[0.655255,-0.643899,-0.395013],[0.747281,0.629018,0.214259],[0.110509,-0.43558,0.893341]],[[0.652206,-0.632521,-0.417784],[0.352427,0.740964,-0.571635],[0.671135,0.225585,0.70618]],[[0.652206,-0.632521,-0.417784],[-0.110576,0.465857,-0.877924],[0.749933,0.618785,0.233893]],[[0.652206,-0.632521,-0.417784],[-0.363402,0.222784,-0.904603],[0.665256,0.741811,-0.0845579]]],"btipPosition":[-59.6792,311.088,-31.4043],"carpPosition":[12.378,322.81,67.5122],"dipPosition":[-47.4871,324.683,-32.954],"direction":[-0.749933,-0.618785,-0.233893],"extended":false,"handId":985,"id":9852,"length":65.348,"mcpPosition":[4.85881,352.448,6.72817],"pipPosition":[-26.6895,341.844,-26.4675],"stabilizedTipPosition":[-44.2552,290.47,24.5262],"timeVisible":0.346835,"tipPosition":[-56.6097,314.599,-32.2474],"tipVelocity":[-33.6573,11.5403,-146.89],"tool":false,"touchDistance":0.0538632,"touchZone":"hovering","type":2,"width":18.527},{"bases":[[[0.606165,-0.746554,-0.274265],[0.795328,0.567201,0.213858],[-0.00409324,-0.347764,0.937573]],[[0.60599,-0.752758,-0.25716],[0.442931,0.587834,-0.676952],[0.660748,0.296322,0.689641]],[[0.60599,-0.752758,-0.25716],[-0.0221276,0.307203,-0.951387],[0.795164,0.582221,0.169505]],[[0.60599,-0.752758,-0.25716],[-0.281636,0.0993099,-0.954368],[0.743947,0.650763,-0.151823]]],"btipPosition":[-42.8218,296.78,-26.8631],"carpPosition":[20.7578,316.035,62.2762],"dipPosition":[-29.2659,308.638,-29.6296],"direction":[-0.795164,-0.582221,-0.169505],"extended":false,"handId":985,"id":9853,"length":62.8339,"mcpPosition":[21.0079,337.279,5.00013],"pipPosition":[-7.78341,324.368,-25.0502],"stabilizedTipPosition":[-26.4252,273.501,34.7228],"timeVisible":0.346835,"tipPosition":[-39.492,300.167,-28.3096],"tipVelocity":[-33.0082,2.62929,-131.68],"tool":false,"touchDistance":0.080814,"touchZone":"hovering","type":3,"width":17.6296},{"bases":[[[0.461818,-0.865173,-0.195448],[0.87642,0.411213,0.250583],[-0.136427,-0.287018,0.94816]],[[0.43518,-0.89914,-0.0465414],[0.639828,0.345215,-0.68662],[0.633434,0.269024,0.725526]],[[0.43518,-0.89914,-0.0465414],[0.154179,0.125352,-0.980059],[0.887044,0.419326,0.193179]],[[0.43518,-0.89914,-0.0465414],[-0.143453,-0.0182126,-0.98949],[0.888842,0.437282,-0.13691]]],"btipPosition":[-21.1774,295.276,-22.5775],"carpPosition":[24.8128,303.671,57.4435],"dipPosition":[-6.23575,302.626,-24.879],"direction":[-0.887044,-0.419326,-0.193179],"extended":false,"handId":985,"id":9854,"length":49.2606,"mcpPosition":[32.5278,319.902,3.82492],"pipPosition":[10.6844,310.625,-21.1942],"stabilizedTipPosition":[-4.65737,264.318,51.9979],"timeVisible":0.346835,"tipPosition":[-17.7618,297.048,-23.1521],"tipVelocity":[-33.1795,12.9661,-135.965],"tool":false,"touchDistance":0.0680898,"touchZone":"hovering","type":4,"width":15.66}],"r":[[0.996004,-0.0348544,-0.0822291],[0.0452703,0.990686,0.128417],[0.0769873,-0.131626,0.988305]],"s":1.02542,"t":[-9.96028,36.6109,-87.2498],"timestamp":669466699016},false],[3,{"currentFrameRate":50.1602,"devices":[],"gestures":[],"hands":[{"armBasis":[[0.815333,-0.544201,-0.197679],[0.52071,0.838486,-0.160631],[0.253167,0.0280339,0.967016]],"armWidth":62.1429,"confidence":0.511784,"direction":[-0.00191162,0.526614,-0.850102],"elbow":[78.7065,313.676,321.559],"grabStrength":0.0880969,"id":985,"palmNormal":[-0.638958,-0.654578,-0.404055],"palmPosition":[3.53205,335.302,22.9659],"palmVelocity":[-36.5248,4.27734,-121.065],"palmWidth":88.738,"pinchStrength":0.986068,"r":[[0.996059,-0.028916,-0.0838481],[0.0400574,0.990117,0.1344],[0.0791331,-0.137229,0.987373]],"s":1.02819,"sphereCenter":[-21.8937,302.012,-14.6379],"sphereRadius":49.587,"stabilizedPalmPosition":[14.5381,302.401,107.347],"t":[-10.6646,36.6933,-89.5835],"timeVisible":0.36605,"type":"right","wrist":[12.0433,306.294,66.9269]}],"id":4968910,"interactionBox":{"center":[0,200,0],"size":[235.247,235.247,147.751]},"pointables":[{"bases":[[[0.880668,0.469968,0.0596114],[-0.332582,0.523744,0.784272],[0.337361,-0.710509,0.617547]],[[0.693976,0.699023,-0.172523],[-0.560926,0.675128,0.479128],[0.451397,-0.23573,0.860623]],[[0.693976,0.699023,-0.172523],[-0.623002,0.703107,0.342795],[0.360924,-0.130409,0.923432]],[[0.693976,0.699023,-0.172523],[-0.698344,0.711819,0.0750293],[0.175253,0.0684122,0.982144]]],"btipPosition":[-54.0434,326.973,-20.1215],"carpPosition":[-16.0671,312.722,74.898],"dipPosition":[-50.0434,328.534,2.29531],"direction":[-0.360924,0.130409,-0.923432],"extended":false,"handId":985,"id":9850,"length":50.8265,"mcpPosition":[-16.0671,312.722,74.898],"pipPosition":[-38.042,324.198,33.001],"stabilizedTipPosition":[-43.3566,302.56,40.6771],"timeVisible":0.36605,"tipPosition":[-53.4915,326.241,-15.0374],"tipVelocity":[-26.051,-3.06436,-121.395],"tool":false,"touchDistance":0.1052,"touchZone":"hovering","type":0,"width":19.7488},{"bases":[[[0.757998,-0.446288,-0.475675],[0.61245,0.737854,0.283682],[0.224375,-0.506358,0.832621]],[[0.777337,-0.496892,-0.385805],[0.487838,0.863347,-0.129019],[0.397192,-0.0879187,0.913514]],[[0.777337,-0.496892,-0.385805],[0.447277,0.867802,-0.216481],[0.44237,-0.00428319,0.896823]],[[0.777337,-0.496892,-0.385805],[0.417019,0.866182,-0.275361],[0.471002,0.0531602,0.880529]]],"btipPosition":[-48.8682,365.663,-62.7518],"carpPosition":[2.14818,326.434,71.0752],"dipPosition":[-41.0201,366.549,-48.0798],"direction":[-0.44237,0.00428319,-0.896823],"extended":true,"handId":985,"id":9851,"length":57.352,"mcpPosition":[-13.9504,362.764,11.3357],"pipPosition":[-30.5924,366.448,-26.9397],"stabilizedTipPosition":[-34.5864,345.879,-12.6734],"timeVisible":0.36605,"tipPosition":[-47.3482,365.795,-59.2583],"tipVelocity":[-46.7152,7.05103,-113.851],"tool":false,"touchDistance":-0.143308,"touchZone":"touching","type":1,"width":18.8641},{"bases":[[[0.665754,-0.629799,-0.400156],[0.736559,0.640485,0.217391],[0.119382,-0.439468,0.89029]],[[0.662336,-0.617864,-0.423739],[0.337974,0.751172,-0.567023],[0.668643,0.232347,0.70635]],[[0.662336,-0.617864,-0.423739],[-0.120309,0.47053,-0.874144],[0.739484,0.629957,0.237315]],[[0.662336,-0.617864,-0.423739],[-0.368654,0.223601,-0.902273],[0.65223,0.753821,-0.0796791]]],"btipPosition":[-59.9747,310.342,-33.4842],"carpPosition":[12.0406,322.648,65.4171],"dipPosition":[-48.0213,324.158,-34.9444],"direction":[-0.739484,-0.629957,-0.237315],"extended":false,"handId":985,"id":9852,"length":65.348,"mcpPosition":[3.9177,352.55,4.84066],"pipPosition":[-27.5135,341.628,-28.3631],"stabilizedTipPosition":[-44.2666,290.491,24.4748],"timeVisible":0.36605,"tipPosition":[-56.9641,313.896,-34.2902],"tipVelocity":[-26.0071,-12.1303,-127.186],"tool":false,"touchDistance":0.0195419,"touchZone":"hovering","type":2,"width":18.527},{"bases":[[[0.618634,-0.734084,-0.280023],[0.785672,0.579517,0.216516],[0.00333698,-0.35395,0.935258]],[[0.618586,-0.740656,-0.26226],[0.429773,0.598377,-0.676195],[0.657758,0.305573,0.688462]],[[0.618586,-0.740656,-0.26226],[-0.0308181,0.310656,-0.950023],[0.785112,0.595753,0.169342]],[[0.618586,-0.740656,-0.26226],[-0.285993,0.098642,-0.953141],[0.731819,0.664604,-0.150804]]],"btipPosition":[-42.8816,296.156,-28.8357],"carpPosition":[20.5291,316.053,60.1249],"dipPosition":[-29.5467,308.266,-31.5836],"direction":[-0.785112,-0.595753,-0.169342],"extended":false,"handId":985,"id":9853,"length":62.8339,"mcpPosition":[20.3252,337.676,2.99031],"pipPosition":[-8.3358,324.361,-27.0086],"stabilizedTipPosition":[-26.4353,273.521,34.6742],"timeVisible":0.36605,"tipPosition":[-39.6126,299.609,-30.2902],"tipVelocity":[-19.4904,-13.2914,-117.173],"tool":false,"touchDistance":0.0480088,"touchZone":"hovering","type":3,"width":17.6296},{"bases":[[[0.476485,-0.855711,-0.201794],[0.869516,0.424723,0.252098],[-0.130016,-0.295584,0.946428]],[[0.449735,-0.891835,-0.0486663],[0.631813,0.356178,-0.688441],[0.631309,0.278868,0.723658]],[[0.449735,-0.891835,-0.0486663],[0.148945,0.128612,-0.980446],[0.880656,0.433692,0.190676]],[[0.449735,-0.891835,-0.0486663],[-0.145685,-0.0194902,-0.989139],[0.881201,0.45194,-0.138693]]],"btipPosition":[-21.2381,295.023,-24.5758],"carpPosition":[24.791,303.794,55.2051],"dipPosition":[-6.42494,302.621,-26.9073],"direction":[-0.880656,-0.433692,-0.190676],"extended":false,"handId":985,"id":9854,"length":49.2606,"mcpPosition":[32.1434,320.51,1.6845],"pipPosition":[10.3733,310.893,-23.2702],"stabilizedTipPosition":[-4.66279,264.332,51.9662],"timeVisible":0.36605,"tipPosition":[-17.8255,296.893,-25.233],"tipVelocity":[-19.0506,1.48595,-120.284],"tool":false,"touchDistance":0.0346697,"touchZone":"hovering","type":4,"width":15.66}],"r":[[0.996059,-0.028916,-0.0838481],[0.0400574,0.990117,0.1344],[0.0791331,-0.137229,0.987373]],"s":1.02819,"t":[-10.6646,36.6933,-89.5835],"timestamp":669466718231},false],[4,{"currentFrameRate":50.2647,"devices":[],"gestures":[],"hands":[{"armBasis":[[0.816744,-0.542101,-0.197626],[0.520864,0.840051,-0.151704],[0.248255,0.0209671,0.968468]],"armWidth":62.1429,"confidence":0.522511,"direction":[-0.00290716,0.531206,-0.847237],"elbow":[77.2715,311.641,320.933],"grabStrength":0.0838308,"id":985,"palmNormal":[-0.637717,-0.653588,-0.407602],"palmPosition":[3.33546,335.349,22.115],"palmVelocity":[-23.2724,3.34983,-82.2629],"palmWidth":88.738,"pinchStrength":0.977388,"r":[[0.996087,-0.0236893,-0.0851431],[0.0355214,0.989477,0.140263],[0.0809244,-0.142738,0.986447]],"s":1.03103,"sphereCenter":[-21.8269,301.904,-15.8513],"sphereRadius":49.8156,"stabilizedPalmPosition":[14.5352,302.41,107.325],"t":[-11.115,36.7581,-91.1759],"timeVisible":0.385549,"type":"right","wrist":[11.9015,306.12,65.9183]}],"id":4968911,"interactionBox":{"center":[0,200,0],"size":[235.247,235.247,147.751]},"pointables":[{"bases":[[[0.879777,0.471304,0.0621665],[-0.333574,0.518857,0.787093],[0.338705,-0.713204,0.613694]],[[0.694494,0.699846,-0.167013],[-0.559841,0.671432,0.485548],[0.451947,-0.243709,0.858108]],[[0.694494,0.699846,-0.167013],[-0.621641,0.700524,0.350468],[0.362271,-0.139576,0.921563]],[[0.694494,0.699846,-0.167013],[-0.698267,0.711564,0.0780948],[0.173495,0.0623836,0.982857]]],"btipPosition":[-54.2287,327.533,-20.9275],"carpPosition":[-16.2209,312.452,73.9238],"dipPosition":[-50.2688,328.957,1.50563],"direction":[-0.362271,0.139576,-0.921563],"extended":false,"handId":985,"id":9850,"length":50.8265,"mcpPosition":[-16.2209,312.452,73.9238],"pipPosition":[-38.2227,324.316,32.1492],"stabilizedTipPosition":[-43.3631,302.576,40.6398],"timeVisible":0.385549,"tipPosition":[-53.642,326.728,-15.8701],"tipVelocity":[-17.9949,12.0543,-81.1746],"tool":false,"touchDistance":0.0918293,"touchZone":"hovering","type":0,"width":19.7488},{"bases":[[[0.758842,-0.442269,-0.478076],[0.611052,0.737465,0.287682],[0.225332,-0.510435,0.829869]],[[0.778463,-0.49392,-0.387348],[0.487657,0.864438,-0.122216],[0.395204,-0.0937519,0.913797]],[[0.778463,-0.49392,-0.387348],[0.44615,0.869473,-0.212055],[0.441527,-0.00773856,0.897215]],[[0.778463,-0.49392,-0.387348],[0.415089,0.867986,-0.272583],[0.470847,0.0514118,0.880716]]],"btipPosition":[-49.011,366.095,-63.4783],"carpPosition":[1.96831,326.218,70.1755],"dipPosition":[-41.1654,366.952,-48.8031],"direction":[-0.441527,0.00773856,-0.897215],"extended":true,"handId":985,"id":9851,"length":57.352,"mcpPosition":[-14.1989,362.841,10.6334],"pipPosition":[-30.7576,366.769,-27.6538],"stabilizedTipPosition":[-34.5998,345.901,-12.7236],"timeVisible":0.385549,"tipPosition":[-47.5179,366.211,-59.974],"tipVelocity":[-26.9868,14.4423,-75.4454],"tool":false,"touchDistance":-0.155403,"touchZone":"touching","type":1,"width":18.8641},{"bases":[[[0.666946,-0.626361,-0.403554],[0.735345,0.640692,0.220866],[0.120212,-0.444057,0.887898]],[[0.663005,-0.612646,-0.43022],[0.336157,0.757133,-0.560132],[0.668896,0.226749,0.707928]],[[0.663005,-0.612646,-0.43022],[-0.120051,0.480239,-0.868883],[0.738926,0.627723,0.244852]],[[0.663005,-0.612646,-0.43022],[-0.367523,0.234289,-0.90002],[0.652189,0.754834,-0.0698267]]],"btipPosition":[-60.1996,310.795,-34.7052],"carpPosition":[11.8679,322.482,64.4971],"dipPosition":[-48.247,324.629,-35.9849],"direction":[-0.738926,-0.627723,-0.244852],"extended":false,"handId":985,"id":9852,"length":65.348,"mcpPosition":[3.68849,352.696,4.08341],"pipPosition":[-27.7546,342.037,-29.1945],"stabilizedTipPosition":[-44.2666,290.491,24.4748],"timeVisible":0.385549,"tipPosition":[-57.1864,314.25,-35.3475],"tipVelocity":[-18.7571,5.68853,-93.7605],"tool":false,"touchDistance":-0.0501166,"touchZone":"hovering","type":2,"width":18.527},{"bases":[[[0.620023,-0.731384,-0.283988],[0.784574,0.579822,0.219661],[0.00400557,-0.359004,0.933327]],[[0.619983,-0.738248,-0.265727],[0.427193,0.601682,-0.674896],[0.658124,0.304907,0.688407]],[[0.619983,-0.738248,-0.265727],[-0.0329048,0.31391,-0.948882],[0.783925,0.597034,0.170327]],[[0.619983,-0.738248,-0.265727],[-0.287148,0.101689,-0.952473],[0.730183,0.66682,-0.148941]]],"btipPosition":[-43.0367,296.297,-29.7315],"carpPosition":[20.3688,315.932,59.1694],"dipPosition":[-29.7316,308.448,-32.4454],"direction":[-0.783925,-0.597034,-0.170327],"extended":false,"handId":985,"id":9853,"length":62.8339,"mcpPosition":[20.1241,337.863,2.1527],"pipPosition":[-8.55283,324.577,-27.8438],"stabilizedTipPosition":[-26.4408,273.531,34.648],"timeVisible":0.385549,"tipPosition":[-39.7755,299.759,-31.1807],"tipVelocity":[-13.8862,-2.76074,-81.2723],"tool":false,"touchDistance":0.0332095,"touchZone":"hovering","type":3,"width":17.6296},{"bases":[[[0.478105,-0.853702,-0.206421],[0.86871,0.424996,0.254405],[-0.129458,-0.300952,0.944811]],[[0.4512,-0.89088,-0.052443],[0.631765,0.360367,-0.686301],[0.630311,0.276527,0.725425]],[[0.4512,-0.89088,-0.052443],[0.149465,0.133372,-0.979731],[0.879817,0.434216,0.193333]],[[0.4512,-0.89088,-0.052443],[-0.144979,-0.0151891,-0.989318],[0.880568,0.453984,-0.136012]]],"btipPosition":[-21.3456,295.277,-25.6629],"carpPosition":[24.654,303.708,54.1832],"dipPosition":[-6.54311,302.908,-27.9493],"direction":[-0.879817,-0.434216,-0.193333],"extended":false,"handId":985,"id":9854,"length":49.2606,"mcpPosition":[31.9748,320.727,0.754067],"pipPosition":[10.2392,311.191,-24.2615],"stabilizedTipPosition":[-4.66574,264.339,51.9489],"timeVisible":0.385549,"tipPosition":[-17.9409,297.154,-26.2996],"tipVelocity":[-12.3296,7.4552,-87.6763],"tool":false,"touchDistance":0.0167242,"touchZone":"hovering","type":4,"width":15.66}],"r":[[0.996087,-0.0236893,-0.0851431],[0.0355214,0.989477,0.140263],[0.0809244,-0.142738,0.986447]],"s":1.03103,"t":[-11.115,36.7581,-91.1759],"timestamp":669466737730},false],[5,{"currentFrameRate":50.5203,"devices":[],"gestures":[],"hands":[{"armBasis":[[0.815541,-0.545562,-0.193015],[0.523816,0.8377,-0.154519],[0.245988,0.0249128,0.968953]],"armWidth":62.1429,"confidence":0.505898,"direction":[-0.00483312,0.522762,-0.852465],"elbow":[76.6853,313.057,319.765],"grabStrength":0.0781974,"id":985,"palmNormal":[-0.639302,-0.657126,-0.399348],"palmPosition":[3.248,335.296,20.5546],"palmVelocity":[-14.1617,0.325441,-82.5602],"palmWidth":88.738,"pinchStrength":0.969331,"r":[[0.996042,-0.0198214,-0.0866499],[0.0321228,0.989206,0.142968],[0.0828808,-0.145186,0.985927]],"s":1.0341,"sphereCenter":[-21.8572,301.205,-17.1835],"sphereRadius":50.0439,"stabilizedPalmPosition":[14.5337,302.414,107.313],"t":[-11.384,36.7638,-92.7522],"timeVisible":0.404378,"type":"right","wrist":[11.9123,306.497,64.6228]}],"id":4968912,"interactionBox":{"center":[0,200,0],"size":[235.247,235.247,147.751]},"pointables":[{"bases":[[[0.880285,0.471236,0.0550841],[-0.331048,0.526906,0.782801],[0.33986,-0.707324,0.619829]],[[0.696171,0.696388,-0.174329],[-0.555661,0.676482,0.483335],[0.454519,-0.239616,0.857903]],[[0.696171,0.696388,-0.174329],[-0.617504,0.704753,0.349301],[0.366108,-0.135524,0.920651]],[[0.696171,0.696388,-0.174329],[-0.696138,0.714189,0.0729745],[0.175322,0.0705542,0.98198]]],"btipPosition":[-54.4859,327.49,-22.1494],"carpPosition":[-16.1836,312.929,72.6415],"dipPosition":[-50.4842,329.1,0.263663],"direction":[-0.366108,0.135524,-0.920651],"extended":false,"handId":985,"id":9850,"length":50.8265,"mcpPosition":[-16.1836,312.929,72.6415],"pipPosition":[-38.3105,324.594,30.8769],"stabilizedTipPosition":[-43.3672,302.587,40.6169],"timeVisible":0.404378,"tipPosition":[-53.8374,326.692,-17.1119],"tipVelocity":[-15.6234,6.15406,-73.3327],"tool":false,"touchDistance":0.0713868,"touchZone":"hovering","type":0,"width":19.7488},{"bases":[[[0.757213,-0.44757,-0.475719],[0.61237,0.739827,0.278673],[0.227224,-0.502331,0.834286]],[[0.777264,-0.499014,-0.383205],[0.489798,0.862196,-0.129292],[0.394917,-0.0871989,0.914569]],[[0.777264,-0.499014,-0.383205],[0.447138,0.866594,-0.221547],[0.442638,0.000854698,0.8967]],[[0.777264,-0.499014,-0.383205],[0.4151,0.864414,-0.283692],[0.472814,0.0614354,0.879018]]],"btipPosition":[-49.1567,365.295,-65.2556],"carpPosition":[2.00536,326.644,68.7071],"dipPosition":[-41.2783,366.319,-50.6087],"direction":[-0.442638,-0.000854698,-0.8967],"extended":true,"handId":985,"id":9851,"length":57.352,"mcpPosition":[-14.2977,362.685,8.84809],"pipPosition":[-30.8444,366.339,-29.4715],"stabilizedTipPosition":[-34.6128,345.921,-12.7739],"timeVisible":0.404378,"tipPosition":[-47.6927,365.427,-61.7409],"tipVelocity":[-17.3767,-12.3987,-84.8809],"tool":false,"touchDistance":-0.185133,"touchZone":"touching","type":1,"width":18.8641},{"bases":[[[0.665387,-0.630843,-0.39912],[0.73641,0.642301,0.212484],[0.122312,-0.4353,0.891938]],[[0.660916,-0.615904,-0.42878],[0.334352,0.753179,-0.566508],[0.671863,0.23105,0.703716]],[[0.660916,-0.615904,-0.42878],[-0.121898,0.475664,-0.87114],[0.740494,0.628018,0.239296]],[[0.660916,-0.615904,-0.42878],[-0.369265,0.230508,-0.900283],[0.653325,0.753345,-0.0750853]]],"btipPosition":[-60.5274,310.378,-35.9895],"carpPosition":[11.8867,322.844,63.0392],"dipPosition":[-48.5539,324.185,-37.3656],"direction":[-0.740494,-0.628018,-0.239296],"extended":false,"handId":985,"id":9852,"length":65.348,"mcpPosition":[3.56443,352.462,2.35058],"pipPosition":[-28.0181,341.601,-30.7293],"stabilizedTipPosition":[-44.2666,290.491,24.4748],"timeVisible":0.404378,"tipPosition":[-57.5056,313.75,-36.5823],"tipVelocity":[-17.9738,-8.08302,-81.8399],"tool":false,"touchDistance":-0.0718918,"touchZone":"touching","type":2,"width":18.527},{"bases":[[[0.618714,-0.734637,-0.278389],[0.785591,0.581385,0.21175],[0.00629142,-0.349713,0.936836]],[[0.618717,-0.741466,-0.259648],[0.424656,0.593706,-0.683506],[0.660951,0.312635,0.682204]],[[0.618717,-0.741466,-0.259648],[-0.0364323,0.303068,-0.952272],[0.784769,0.598646,0.1605]],[[0.618717,-0.741466,-0.259648],[-0.290425,0.0912175,-0.95254],[0.729961,0.664761,-0.158903]]],"btipPosition":[-43.3188,295.69,-30.6442],"carpPosition":[20.3683,316.235,57.7537],"dipPosition":[-30.0178,307.803,-33.5396],"direction":[-0.784769,-0.598646,-0.1605],"extended":false,"handId":985,"id":9853,"length":62.8339,"mcpPosition":[19.984,337.599,0.522712],"pipPosition":[-8.81618,323.976,-29.2035],"stabilizedTipPosition":[-26.4459,273.54,34.6234],"timeVisible":0.404378,"tipPosition":[-40.0611,299.127,-32.1423],"tipVelocity":[-14.4462,-17.4097,-66.3148],"tool":false,"touchDistance":0.0173019,"touchZone":"hovering","type":3,"width":17.6296},{"bases":[[[0.47692,-0.856071,-0.199224],[0.869709,0.426849,0.247803],[-0.127098,-0.291449,0.948105]],[[0.449803,-0.892144,-0.0419154],[0.632673,0.351405,-0.690101],[0.630398,0.283891,0.722498]],[[0.449803,-0.892144,-0.0419154],[0.150257,0.121852,-0.981109],[0.880398,0.435007,0.18886]],[[0.449803,-0.892144,-0.0419154],[-0.144669,-0.0264677,-0.989126],[0.881333,0.450975,-0.140971]]],"btipPosition":[-21.5291,294.772,-26.8851],"carpPosition":[24.631,303.959,52.8777],"dipPosition":[-6.71368,302.353,-29.2549],"direction":[-0.880398,-0.435008,-0.18886],"extended":false,"handId":985,"id":9854,"length":49.2606,"mcpPosition":[31.8184,320.44,-0.737738],"pipPosition":[10.0797,310.65,-25.6524],"stabilizedTipPosition":[-4.66574,264.339,51.9489],"timeVisible":0.404378,"tipPosition":[-18.1451,296.628,-27.4887],"tipVelocity":[-10.9875,-9.60928,-77.04],"tool":false,"touchDistance":-0.0539656,"touchZone":"hovering","type":4,"width":15.66}],"r":[[0.996042,-0.0198214,-0.0866499],[0.0321228,0.989206,0.142968],[0.0828808,-0.145186,0.985927]],"s":1.0341,"t":[-11.384,36.7638,-92.7522],"timestamp":669466756559},false],[6,{"currentFrameRate":50.6667,"devices":[],"gestures":[],"hands":[{"armBasis":[[0.81743,-0.538984,-0.203235],[0.511591,0.841451,-0.173883],[0.264733,0.038164,0.963566]],"armWidth":62.1429,"confidence":0.513218,"direction":[-0.00573345,0.520228,-0.854008],"elbow":[80.8936,316.281,314.412],"grabStrength":0.0694058,"id":985,"palmNormal":[-0.633962,-0.662354,-0.399223],"palmPosition":[2.46278,334.846,16.5113],"palmVelocity":[-27.4256,-11.4603,-146.084],"palmWidth":88.738,"pinchStrength":0.968015,"r":[[0.996064,-0.0155041,-0.0872713],[0.0280626,0.989096,0.144573],[0.0840782,-0.146453,0.985638]],"s":1.0371,"sphereCenter":[-22.1331,300.327,-21.3142],"sphereRadius":50.1631,"stabilizedPalmPosition":[14.5326,302.417,107.305],"t":[-11.9111,36.5417,-95.5621],"timeVisible":0.423564,"type":"right","wrist":[11.1848,306.231,60.6883]}],"id":4968913,"interactionBox":{"center":[0,200,0],"size":[235.247,235.247,147.751]},"pointables":[{"bases":[[[0.877105,0.477,0.0561907],[-0.336627,0.527068,0.780308],[0.342591,-0.703328,0.622865]],[[0.693423,0.699388,-0.173265],[-0.559835,0.674346,0.4815],[0.453596,-0.236883,0.859149]],[[0.693423,0.699388,-0.173265],[-0.621769,0.702332,0.346601],[0.364098,-0.13261,0.921872]],[[0.693423,0.699388,-0.173265],[-0.700606,0.710622,0.064549],[0.168271,0.0766306,0.982758]]],"btipPosition":[-55.0039,326.7,-26.3015],"carpPosition":[-16.9743,312.508,68.6084],"dipPosition":[-51.1632,328.449,-3.87064],"direction":[-0.364098,0.13261,-0.921872],"extended":false,"handId":985,"id":9850,"length":50.8265,"mcpPosition":[-16.9743,312.508,68.6084],"pipPosition":[-39.0563,324.04,26.7832],"stabilizedTipPosition":[-43.3697,302.592,40.6023],"timeVisible":0.423564,"tipPosition":[-54.3939,325.947,-21.2607],"tipVelocity":[-22.2173,-16.4734,-144.132],"tool":false,"touchDistance":0.00225393,"touchZone":"hovering","type":0,"width":19.7488},{"bases":[[[0.761402,-0.444119,-0.472256],[0.606848,0.744529,0.27823],[0.228041,-0.498432,0.836399]],[[0.781785,-0.495999,-0.377885],[0.487352,0.86408,-0.125908],[0.388974,-0.0857304,0.917251]],[[0.781785,-0.495999,-0.377885],[0.444075,0.868309,-0.220991],[0.437733,0.00495792,0.899091]],[[0.781785,-0.495999,-0.377885],[0.411417,0.8657,-0.285131],[0.46856,0.0674423,0.880854]]],"btipPosition":[-49.6471,364.44,-69.6283],"carpPosition":[1.13805,326.327,64.6852],"dipPosition":[-41.8396,365.564,-54.9509],"direction":[-0.437733,-0.00495792,-0.899091],"extended":true,"handId":985,"id":9851,"length":57.352,"mcpPosition":[-15.2236,362.089,4.67467],"pipPosition":[-31.5212,365.681,-33.7573],"stabilizedTipPosition":[-34.6252,345.938,-12.8238],"timeVisible":0.423564,"tipPosition":[-48.2561,364.532,-66.0828],"tipVelocity":[-21.8529,-27.7482,-155.581],"tool":false,"touchDistance":-0.257895,"touchZone":"touching","type":1,"width":18.8641},{"bases":[[[0.670527,-0.627749,-0.395379],[0.731695,0.647603,0.212679],[0.122539,-0.431904,0.893556]],[[0.665626,-0.611625,-0.427617],[0.327825,0.754384,-0.568714],[0.670427,0.238367,0.702644]],[[0.665626,-0.611625,-0.427617],[-0.126263,0.472437,-0.872273],[0.735526,0.6346,0.237241]],[[0.665626,-0.611625,-0.427617],[-0.371324,0.2256,-0.900679],[0.647349,0.7583,-0.0769457]]],"btipPosition":[-61.0553,309.259,-39.9408],"carpPosition":[11.0595,322.573,59.0565],"dipPosition":[-49.1914,323.156,-41.351],"direction":[-0.735526,-0.6346,-0.237241],"extended":false,"handId":985,"id":9852,"length":65.348,"mcpPosition":[2.72173,351.961,-1.74217],"pipPosition":[-28.7933,340.756,-34.7717],"stabilizedTipPosition":[-44.2666,290.491,24.4748],"timeVisible":0.423564,"tipPosition":[-58.0459,312.674,-40.5973],"tipVelocity":[-23.3533,-32.4403,-143.544],"tool":false,"touchDistance":-0.137877,"touchZone":"touching","type":2,"width":18.527},{"bases":[[[0.624172,-0.731486,-0.274476],[0.781265,0.587,0.212264],[0.00584899,-0.346927,0.937874]],[[0.624162,-0.738382,-0.255369],[0.42187,0.593622,-0.685302],[0.657607,0.320007,0.682018]],[[0.624162,-0.738382,-0.255369],[-0.0366199,0.298847,-0.953598],[0.780436,0.604552,0.159489]],[[0.624162,-0.738382,-0.255369],[-0.288912,0.0855565,-0.953525],[0.725914,0.668933,-0.159926]]],"btipPosition":[-43.7255,294.731,-34.5927],"carpPosition":[19.5981,316.003,53.8146],"dipPosition":[-30.4982,306.92,-37.5068],"direction":[-0.780436,-0.604552,-0.159489],"extended":false,"handId":985,"id":9853,"length":62.8339,"mcpPosition":[19.2408,337.197,-3.47985],"pipPosition":[-9.41368,323.253,-33.1979],"stabilizedTipPosition":[-26.4459,273.54,34.6234],"timeVisible":0.423564,"tipPosition":[-40.4882,298.176,-36.0929],"tipVelocity":[-18.2304,-33.0919,-135.55],"tool":false,"touchDistance":-0.0985777,"touchZone":"hovering","type":3,"width":17.6296},{"bases":[[[0.482929,-0.85359,-0.195356],[0.866263,0.43311,0.249008],[-0.127941,-0.289483,0.948594]],[[0.455345,-0.889552,-0.0368459],[0.632055,0.35213,-0.690298],[0.627031,0.291035,0.722586]],[[0.455345,-0.889552,-0.0368459],[0.151274,0.118085,-0.981413],[0.877369,0.441308,0.188336]],[[0.455345,-0.889552,-0.0368459],[-0.142771,-0.032107,-0.989235],[0.878793,0.455704,-0.141622]]],"btipPosition":[-21.9431,293.996,-30.7858],"carpPosition":[23.9527,303.74,48.9867],"dipPosition":[-7.17039,301.657,-33.1665],"direction":[-0.877369,-0.441308,-0.188336],"extended":false,"handId":985,"id":9854,"length":49.2606,"mcpPosition":[31.1878,320.11,-4.65635],"pipPosition":[9.56519,310.074,-29.5741],"stabilizedTipPosition":[-4.66574,264.339,51.9489],"timeVisible":0.4