{"sensorType":"Leap","data":[[0,{"currentFrameRate":51.9647,"devices":[],"gestures":[],"hands":[{"armBasis":[[0.858952,-0.464317,-0.215897],[0.429087,0.882759,-0.191364],[0.279439,0.0717341,0.95748]],"armWidth":62.1429,"confidence":0.624183,"direction":[0.1997,0.423414,-0.883652],"elbow":[68.7553,333.782,338.592],"grabStrength":0.187143,"id":985,"palmNormal":[-0.390304,-0.792812,-0.468094],"palmPosition":[-2.63481,337.11,38.0135],"palmVelocity":[7.73451,81.514,-195.537],"palmWidth":88.738,"pinchStrength":0.715596,"r":[[0.957334,0.160127,0.240564],[-0.155172,0.987096,-0.0395292],[-0.24379,0.000513792,0.969828]],"s":1.07947,"sphereCenter":[-11.8825,296.417,-0.220832],"sphereRadius":50.0103,"stabilizedPalmPosition":[-1.93522,312.539,79.5032],"t":[-17.6843,37.0203,-73.1209],"timeVisible":28.3468,"type":"right","wrist":[-4.82584,314.893,86.4703]}],"id":4970357,"interactionBox":{"center":[0,200,0],"size":[235.247,235.247,147.751]},"pointables":[{"bases":[[[0.749728,0.615335,0.243456],[-0.626709,0.542112,0.559778],[0.21247,-0.572257,0.792072]],[[0.624915,0.778783,-0.0545707],[-0.718797,0.60124,0.349057],[0.30465,-0.178906,0.935511]],[[0.624915,0.778783,-0.0545707],[-0.774655,0.627242,0.080478],[0.0969039,-0.00801838,0.995261]],[[0.624915,0.778783,-0.0545707],[-0.775803,0.61167,-0.154887],[-0.0872437,0.139127,0.986424]]],"btipPosition":[-50.6532,323.118,-16.4696],"carpPosition":[-34.5912,317.317,84.6818],"dipPosition":[-52.6445,326.293,6.04492],"direction":[-0.0969039,0.00801838,-0.995261],"extended":false,"handId":985,"id":9850,"length":50.8265,"mcpPosition":[-34.5912,317.317,84.6818],"pipPosition":[-49.4222,326.027,39.1391],"stabilizedTipPosition":[-50.1743,305.946,20.8782],"timeVisible":28.3468,"tipPosition":[-51.2273,324.897,-11.1653],"tipVelocity":[1.76108,78.4199,-190.64],"tool":false,"touchDistance":-0.660743,"touchZone":"hovering","type":0,"width":19.7488},{"bases":[[[0.919538,-0.361056,-0.155204],[0.392804,0.856877,0.333867],[0.0124458,-0.367968,0.929755]],[[0.912926,-0.319606,-0.253806],[0.28808,0.945147,-0.153974],[0.289095,0.0674502,0.954921]],[[0.912926,-0.319606,-0.253806],[0.241291,0.924231,-0.295933],[0.329157,0.208924,0.920873]],[[0.912926,-0.319606,-0.253806],[0.206942,0.898515,-0.3871],[0.351768,0.300871,0.886417]]],"btipPosition":[-44.6211,347.043,-58.8642],"carpPosition":[-17.9949,333.406,84.3321],"dipPosition":[-38.7596,352.056,-44.094],"direction":[-0.329157,-0.208924,-0.920873],"extended":true,"handId":985,"id":9851,"length":57.352,"mcpPosition":[-18.8879,359.807,17.6233],"pipPosition":[-31.0007,356.981,-22.3871],"stabilizedTipPosition":[-42.8658,337.976,-42.535],"timeVisible":28.3468,"tipPosition":[-43.6048,346.847,-54.9347],"tipVelocity":[-8.50599,136.839,-192.707],"tool":false,"touchDistance":-0.649661,"touchZone":"hovering","type":1,"width":18.8641},{"bases":[[[0.832239,-0.548201,-0.0827906],[0.542786,0.775213,0.323153],[-0.112973,-0.313878,0.942718]],[[0.824065,-0.565866,-0.0266877],[0.410254,0.62861,-0.660713],[0.390651,0.533522,0.750164]],[[0.824065,-0.565866,-0.0266877],[0.129438,0.233945,-0.963595],[0.551509,0.790611,0.266031]],[[0.824065,-0.565866,-0.0266877],[-0.0421979,-0.0143368,-0.999006],[0.564921,0.824373,-0.0356927]]],"btipPosition":[-42.7511,289.994,-23.6222],"carpPosition":[-6.42641,330.751,82.5085],"dipPosition":[-32.3979,305.102,-24.2763],"direction":[-0.551509,-0.790611,-0.266031],"extended":false,"handId":985,"id":9852,"length":65.348,"mcpPosition":[1.2604,352.108,18.3647],"pipPosition":[-17.1031,327.028,-16.8986],"stabilizedTipPosition":[-38.8598,272.345,11.2215],"timeVisible":28.3468,"tipPosition":[-40.5221,293.182,-22.9686],"tipVelocity":[4.74293,95.3774,-204.559],"tool":false,"touchDistance":-0.814309,"touchZone":"hovering","type":2,"width":18.527},{"bases":[[[0.763241,-0.645285,0.0327171],[0.59698,0.723665,0.3463],[-0.247138,-0.244779,0.937553]],[[0.778861,-0.626278,-0.0339278],[0.454289,0.600613,-0.65794],[0.432431,0.497031,0.752306]],[[0.778861,-0.626278,-0.0339278],[0.15381,0.243166,-0.957712],[0.608044,0.740707,0.28572]],[[0.778861,-0.626278,-0.0339278],[-0.0283511,0.0188838,-0.99942],[0.626555,0.779371,-0.0030478]]],"btipPosition":[-27.5263,284.23,-16.6683],"carpPosition":[4.06273,325.147,81.0509],"dipPosition":[-16.1095,298.432,-16.7239],"direction":[-0.608044,-0.740707,-0.28572],"extended":false,"handId":985,"id":9853,"length":62.8339,"mcpPosition":[19.1603,340.1,23.7761],"pipPosition":[0.317662,318.443,-9.00473],"stabilizedTipPosition":[-23.0966,261.352,25.1321],"timeVisible":28.3468,"tipPosition":[-25.0894,287.205,-15.6864],"tipVelocity":[6.63081,95.0149,-207.262],"tool":false,"touchDistance":-0.844325,"touchZone":"hovering","type":3,"width":17.6296},{"bases":[[[0.620308,-0.779919,0.0833373],[0.68423,0.590002,0.428634],[-0.383469,-0.208863,0.899627]],[[0.659843,-0.751154,-0.0193662],[0.581736,0.526993,-0.619566],[0.475595,0.39755,0.784706]],[[0.659843,-0.751154,-0.0193662],[0.234805,0.230607,-0.944292],[0.713775,0.618537,0.328539]],[[0.659843,-0.751154,-0.0193662],[0.0208754,0.0440889,-0.998809],[0.751114,0.658653,0.0447724]]],"btipPosition":[-9.77838,288.553,-5.37862],"carpPosition":[11.1783,313.321,79.5746],"dipPosition":[2.84799,299.625,-4.62599],"direction":[-0.713775,-0.618537,-0.328539],"extended":false,"handId":985,"id":9854,"length":49.2606,"mcpPosition":[32.8635,325.133,28.7006],"pipPosition":[16.463,311.423,1.6408],"stabilizedTipPosition":[-5.06835,262.906,39.6853],"timeVisible":28.3468,"tipPosition":[-7.07883,290.913,-4.49113],"tipVelocity":[7.91166,94.5574,-209.97],"tool":false,"touchDistance":-0.772583,"touchZone":"hovering","type":4,"width":15.66}],"r":[[0.957334,0.160127,0.240564],[-0.155172,0.987096,-0.0395292],[-0.24379,0.000513792,0.969828]],"s":1.07947,"t":[-17.6843,37.0203,-73.1209],"timestamp":669494698999},false],[1,{"currentFrameRate":51.9691,"devices":[],"gestures":[],"hands":[{"armBasis":[[0.863511,-0.444261,-0.238706],[0.416959,0.89515,-0.157644],[0.283713,0.0365968,0.958211]],"armWidth":62.1429,"confidence":0.628852,"direction":[0.198205,0.432968,-0.879349],"elbow":[69.5334,326.197,334.842],"grabStrength":0.174115,"id":985,"palmNormal":[-0.373486,-0.796101,-0.476163],"palmPosition":[-3.0454,339.152,34.242],"palmVelocity":[-6.70257,93.76,-195.85],"palmWidth":88.738,"pinchStrength":0.725123,"r":[[0.95703,0.161665,0.240743],[-0.159096,0.986801,-0.030203],[-0.242448,-0.00939608,0.970119]],"s":1.08282,"sphereCenter":[-11.808,299.069,-4.2882],"sphereRadius":49.7409,"stabilizedPalmPosition":[-1.94312,312.729,79.1813],"t":[-17.8153,38.8228,-76.8811],"timeVisible":28.366,"type":"right","wrist":[-5.17317,316.561,82.5286]}],"id":4970358,"interactionBox":{"center":[0,200,0],"size":[235.247,235.247,147.751]},"pointables":[{"bases":[[[0.73739,0.626406,0.252727],[-0.639639,0.527324,0.559277],[0.217065,-0.57406,0.789518]],[[0.610411,0.790667,-0.0473748],[-0.732466,0.58622,0.346178],[0.301484,-0.17661,0.936972]],[[0.610411,0.790667,-0.0473748],[-0.786943,0.612166,0.0772878],[0.0901102,-0.00989598,0.995883]],[[0.610411,0.790667,-0.0473748],[-0.785641,0.596747,-0.163284],[-0.100833,0.13689,0.985441]]],"btipPosition":[-50.3352,324.288,-20.6639],"carpPosition":[-34.9635,318.486,80.5568],"dipPosition":[-52.6367,327.413,1.82818],"direction":[-0.0901102,0.00989598,-0.995883],"extended":false,"handId":985,"id":9850,"length":50.8265,"mcpPosition":[-34.9635,318.486,80.5568],"pipPosition":[-49.6403,327.084,34.943],"stabilizedTipPosition":[-50.182,306.158,20.4741],"timeVisible":28.366,"tipPosition":[-51.0193,326.109,-15.362],"tipVelocity":[7.25331,69.4114,-204.43],"tool":false,"touchDistance":-0.685994,"touchZone":"hovering","type":0,"width":19.7488},{"bases":[[[0.926628,-0.344104,-0.151505],[0.375768,0.861139,0.342401],[0.0126454,-0.374209,0.927258]],[[0.919897,-0.301876,-0.250322],[0.274728,0.951573,-0.137964],[0.279847,0.058142,0.958282]],[[0.919897,-0.301876,-0.250322],[0.230637,0.932707,-0.277243],[0.31717,0.197301,0.927618]],[[0.919897,-0.301876,-0.250322],[0.198267,0.908731,-0.367285],[0.33835,0.288234,0.895791]]],"btipPosition":[-44.3917,349.819,-63.0435],"carpPosition":[-18.6449,334.86,80.4296],"dipPosition":[-38.7539,354.622,-48.1172],"direction":[-0.31717,-0.197301,-0.927618],"extended":true,"handId":985,"id":9851,"length":57.352,"mcpPosition":[-19.5522,361.709,13.9],"pipPosition":[-31.2775,359.273,-26.2512],"stabilizedTipPosition":[-42.895,339.627,-44.7116],"timeVisible":28.366,"tipPosition":[-43.4203,349.479,-59.0823],"tipVelocity":[0.307853,139.332,-204.024],"tool":false,"touchDistance":-0.67518,"touchZone":"hovering","type":1,"width":18.8641},{"bases":[[[0.842089,-0.533225,-0.0809725],[0.527202,0.782142,0.332133],[-0.113769,-0.322374,0.939751]],[[0.833854,-0.551415,-0.0250651],[0.403686,0.640169,-0.653621],[0.376463,0.534907,0.756406]],[[0.833854,-0.551415,-0.0250651],[0.131753,0.242923,-0.961057],[0.53603,0.798079,0.275213]],[[0.833854,-0.551415,-0.0250651],[-0.0353149,-0.00797739,-0.999344],[0.550854,0.834193,-0.0261252]]],"btipPosition":[-41.937,291.786,-27.9866],"carpPosition":[-7.02055,332.416,78.6655],"dipPosition":[-31.8416,307.074,-28.4654],"direction":[-0.53603,-0.798079,-0.275213],"extended":false,"handId":985,"id":9852,"length":65.348,"mcpPosition":[0.72046,354.351,14.7237],"pipPosition":[-16.9761,329.207,-20.833],"stabilizedTipPosition":[-38.8737,272.766,10.5004],"timeVisible":28.366,"tipPosition":[-39.7664,295.008,-27.2998],"tipVelocity":[21.8729,95.3567,-214.658],"tool":false,"touchDistance":-0.826073,"touchZone":"hovering","type":2,"width":18.527},{"bases":[[[0.774014,-0.632287,0.0333965],[0.582123,0.731372,0.355287],[-0.249068,-0.255556,0.934161]],[[0.789707,-0.612605,-0.032833],[0.445443,0.609375,-0.655928],[0.421832,0.503366,0.754109]],[[0.789707,-0.612605,-0.032833],[0.152029,0.247269,-0.956946],[0.594348,0.750716,0.288403]],[[0.789707,-0.612605,-0.032833],[-0.0254638,0.0207415,-0.999461],[0.612955,0.790117,0.000780461]]],"btipPosition":[-26.8185,286.003,-20.4929],"carpPosition":[3.57298,327.004,77.2399],"dipPosition":[-15.6495,300.401,-20.4786],"direction":[-0.594348,-0.750716,-0.288403],"extended":false,"handId":985,"id":9853,"length":62.8339,"mcpPosition":[18.7885,342.616,20.1724],"pipPosition":[0.407654,320.682,-12.687],"stabilizedTipPosition":[-23.1129,261.748,24.4856],"timeVisible":28.366,"tipPosition":[-24.3594,289.133,-19.7624],"tipVelocity":[20.1401,94.7936,-202.711],"tool":false,"touchDistance":-0.845354,"touchZone":"hovering","type":3,"width":17.6296},{"bases":[[[0.63309,-0.769709,0.0821252],[0.671117,0.598654,0.437282],[-0.385744,-0.221723,0.895567]],[[0.672761,-0.73959,-0.0199932],[0.576685,0.541122,-0.612064],[0.463495,0.400243,0.790555]],[[0.672761,-0.73959,-0.0199932],[0.237122,0.241136,-0.941077],[0.700832,0.628379,0.3376]],[[0.672761,-0.73959,-0.0199932],[0.026845,0.0514066,-0.998317],[0.739373,0.671092,0.0544386]]],"btipPosition":[-9.06563,290.782,-9.53073],"carpPosition":[10.9009,315.313,75.73],"dipPosition":[3.36337,302.063,-8.61561],"direction":[-0.700832,-0.628379,-0.3376],"extended":false,"handId":985,"id":9854,"length":49.2606,"mcpPosition":[32.7147,327.852,25.0856],"pipPosition":[16.7316,314.049,-2.17598],"stabilizedTipPosition":[-5.08164,263.261,39.1135],"timeVisible":28.366,"tipPosition":[-6.41091,293.185,-8.61456],"tipVelocity":[21.2117,106.416,-211.98],"tool":false,"touchDistance":-0.785379,"touchZone":"hovering","type":4,"width":15.66}],"r":[[0.95703,0.161665,0.240743],[-0.159096,0.986801,-0.030203],[-0.242448,-0.00939608,0.970119]],"s":1.08282,"t":[-17.8153,38.8228,-76.8811],"timestamp":669494718225},false],[2,{"currentFrameRate":51.9333,"devices":[],"gestures":[],"hands":[{"armBasis":[[0.858498,-0.450888,-0.244298],[0.423914,0.892043,-0.156701],[0.288579,0.0309666,0.956955]],"armWidth":62.1429,"confidence":0.536053,"direction":[0.201024,0.434785,-0.877811],"elbow":[70.767,325.326,331.249],"grabStrength":0.15966,"id":985,"palmNormal":[-0.380295,-0.79118,-0.478966],"palmPosition":[-2.94767,339.934,31.0665],"palmVelocity":[-0.840442,67.1009,-179.849],"palmWidth":88.738,"pinchStrength":0.73626,"r":[[0.957085,0.161155,0.240869],[-0.160631,0.986771,-0.0219437],[-0.241219,-0.0176891,0.970309]],"s":1.08627,"sphereCenter":[-12.6223,300.661,-7.55325],"sphereRadius":49.4252,"stabilizedPalmPosition":[-1.94807,312.863,78.944],"t":[-17.832,40.1153,-80.3489],"timeVisible":28.3854,"type":"right","wrist":[-5.22091,317.172,79.2662]}],"id":4970359,"interactionBox":{"center":[0,200,0],"size":[235.247,235.247,147.751]},"pointables":[{"bases":[[[0.742639,0.619418,0.254576],[-0.63491,0.530296,0.56185],[0.213019,-0.578884,0.787093]],[[0.61545,0.786767,-0.0471032],[-0.72873,0.590783,0.346307],[0.30029,-0.178809,0.936938]],[[0.61545,0.786767,-0.0471032],[-0.782987,0.617151,0.0778235],[0.0902988,-0.0110153,0.995854]],[[0.61545,0.786767,-0.0471032],[-0.78102,0.600736,-0.170657],[-0.105971,0.14182,0.984204]]],"btipPosition":[-50.1988,325.18,-23.8638],"carpPosition":[-34.9961,319.346,77.326],"dipPosition":[-52.6175,328.417,-1.39999],"direction":[-0.0902988,0.0110153,-0.995854],"extended":false,"handId":985,"id":9850,"length":50.8265,"mcpPosition":[-34.9961,319.346,77.326],"pipPosition":[-49.6149,328.051,31.7139],"stabilizedTipPosition":[-50.1858,306.29,20.2111],"timeVisible":28.3854,"tipPosition":[-50.9425,327.084,-18.5674],"tipVelocity":[6.4506,58.4026,-184.943],"tool":false,"touchDistance":-0.693824,"touchZone":"hovering","type":0,"width":19.7488},{"bases":[[[0.923691,-0.351004,-0.153597],[0.383,0.85672,0.345458],[0.010333,-0.377924,0.925779]],[[0.917144,-0.308031,-0.25291],[0.284428,0.950373,-0.126063],[0.27919,0.043683,0.959242]],[[0.917144,-0.308031,-0.25291],[0.241431,0.934274,-0.262378],[0.317108,0.179578,0.931232]],[[0.917144,-0.308031,-0.25291],[0.209695,0.912578,-0.35104],[0.338932,0.26892,0.901558]]],"btipPosition":[-44.1072,352.159,-66.3389],"carpPosition":[-18.5455,335.588,77.2496],"dipPosition":[-38.4596,356.64,-51.3165],"direction":[-0.317108,-0.179578,-0.931233],"extended":true,"handId":985,"id":9851,"length":57.352,"mcpPosition":[-19.2869,362.703,10.8261],"pipPosition":[-30.9847,360.873,-29.3653],"stabilizedTipPosition":[-42.8861,341.022,-46.5811],"timeVisible":28.3854,"tipPosition":[-43.1548,351.664,-62.3598],"tipVelocity":[7.53838,128.128,-186.461],"tool":false,"touchDistance":-0.685094,"touchZone":"hovering","type":1,"width":18.8641},{"bases":[[[0.837677,-0.539708,-0.0837358],[0.533781,0.77654,0.334759],[-0.115648,-0.325116,0.938576]],[[0.829342,-0.558044,-0.0279092],[0.408325,0.639417,-0.651473],[0.381397,0.528898,0.758158]],[[0.829342,-0.558044,-0.0279092],[0.132975,0.245644,-0.960196],[0.542688,0.792619,0.277929]],[[0.829342,-0.558044,-0.0279092],[-0.0361221,-0.00370362,-0.999341],[0.557573,0.829803,-0.0232293]]],"btipPosition":[-42.2711,293.128,-31.3164],"carpPosition":[-6.94274,333.057,75.4666],"dipPosition":[-32.0526,308.335,-31.7421],"direction":[-0.542688,-0.792619,-0.277929],"extended":false,"handId":985,"id":9852,"length":65.348,"mcpPosition":[0.926076,355.179,11.6047],"pipPosition":[-17.0024,330.317,-24.0344],"stabilizedTipPosition":[-38.8873,273.076,9.9561],"timeVisible":28.3854,"tipPosition":[-40.0728,296.332,-30.6225],"tipVelocity":[3.08133,81.8319,-192.927],"tool":false,"touchDistance":-0.821562,"touchZone":"hovering","type":2,"width":18.527},{"bases":[[[0.768891,-0.638662,0.0303004],[0.588307,0.725236,0.35767],[-0.250405,-0.257183,0.933356]],[[0.784601,-0.618987,-0.0354348],[0.447779,0.605261,-0.658143],[0.42883,0.500513,0.752058]],[[0.784601,-0.618987,-0.0354348],[0.150124,0.245122,-0.957799],[0.601551,0.74617,0.285248]],[[0.784601,-0.618987,-0.0354348],[-0.0289433,0.0205231,-0.99937],[0.619325,0.785133,-0.00181311]]],"btipPosition":[-27.3199,287.002,-23.4505],"carpPosition":[3.60547,327.565,74.0113],"dipPosition":[-16.0348,301.308,-23.4836],"direction":[-0.601551,-0.74617,-0.285248],"extended":false,"handId":985,"id":9853,"length":62.8339,"mcpPosition":[18.9026,343.276,16.9928],"pipPosition":[0.2169,321.467,-15.7772],"stabilizedTipPosition":[-23.129,262.033,24.0063],"timeVisible":28.3854,"tipPosition":[-24.7753,290.201,-22.945],"tipVelocity":[-2.13622,72.6418,-177.956],"tool":false,"touchDistance":-0.833679,"touchZone":"hovering","type":3,"width":17.6296},{"bases":[[[0.626896,-0.775128,0.0786059],[0.676286,0.591482,0.439074],[-0.386832,-0.222093,0.895006]],[[0.666169,-0.745481,-0.0218221],[0.580492,0.536659,-0.612393],[0.468239,0.39529,0.790252]],[[0.666169,-0.745481,-0.0218221],[0.238139,0.240349,-0.941022],[0.706759,0.621683,0.337641]],[[0.666169,-0.745481,-0.0218221],[0.0265791,0.0529724,-0.998242],[0.745327,0.664418,0.0551028]]],"btipPosition":[-9.4445,291.722,-12.7807],"carpPosition":[10.8372,315.821,72.4497],"dipPosition":[3.0846,302.891,-11.8544],"direction":[-0.706759,-0.621683,-0.337641],"extended":false,"handId":985,"id":9854,"length":49.2606,"mcpPosition":[32.7126,328.38,21.8371],"pipPosition":[16.5658,314.749,-5.41401],"stabilizedTipPosition":[-5.09398,263.52,38.6829],"timeVisible":28.3854,"tipPosition":[-6.73904,294.135,-11.9379],"tipVelocity":[1.46133,76.8255,-189.779],"tool":false,"touchDistance":-0.783886,"touchZone":"hovering","type":4,"width":15.66}],"r":[[0.957085,0.161155,0.240869],[-0.160631,0.986771,-0.0219437],[-0.241219,-0.0176891,0.970309]],"s":1.08627,"t":[-17.832,40.1153,-80.3489],"timestamp":669494737612},false],[3,{"currentFrameRate":51.9312,"devices":[],"gestures":[],"hands":[{"armBasis":[[0.858091,-0.451521,-0.244557],[0.429578,0.892135,-0.139847],[0.281322,0.0149453,0.959497]],"armWidth":62.1429,"confidence":0.543982,"direction":[0.200357,0.42659,-0.881974],"elbow":[69.0372,321.952,328.551],"grabStrength":0.141101,"id":985,"palmNormal":[-0.385639,-0.793216,-0.471265],"palmPosition":[-2.80842,340.371,27.5071],"palmVelocity":[3.16934,45.0308,-182.294],"palmWidth":88.738,"pinchStrength":0.742875,"r":[[0.957434,0.16021,0.240109],[-0.160902,0.986827,-0.0168557],[-0.239646,-0.0224956,0.9706]],"s":1.09094,"sphereCenter":[-13.5099,301.611,-10.6859],"sphereRadius":49.0305,"stabilizedPalmPosition":[-1.9504,312.937,78.8046],"t":[-17.7707,40.9801,-83.8625],"timeVisible":28.4047,"type":"right","wrist":[-5.03984,318.017,75.899]}],"id":4970360,"interactionBox":{"center":[0,200,0],"size":[235.247,235.247,147.751]},"pointables":[{"bases":[[[0.746434,0.617856,0.247164],[-0.630553,0.537973,0.559453],[0.212693,-0.573445,0.791153]],[[0.618049,0.784045,-0.0573454],[-0.725717,0.597071,0.341821],[0.302242,-0.169646,0.938014]],[[0.618049,0.784045,-0.0573454],[-0.780534,0.620703,0.0741262],[0.0937127,-0.00105363,0.995599]],[[0.618049,0.784045,-0.0573454],[-0.779033,0.601045,-0.178472],[-0.105463,0.154979,0.982272]]],"btipPosition":[-50.233,325.076,-27.1558],"carpPosition":[-34.8102,320.32,74.0339],"dipPosition":[-52.6401,328.614,-4.73606],"direction":[-0.0937127,0.00105363,-0.995599],"extended":false,"handId":985,"id":9850,"length":50.8265,"mcpPosition":[-34.8102,320.32,74.0339],"pipPosition":[-49.524,328.578,28.3693],"stabilizedTipPosition":[-50.1878,306.353,20.0766],"timeVisible":28.4047,"tipPosition":[-50.9704,327.067,-21.8832],"tipVelocity":[2.43233,28.4733,-178.22],"tool":false,"touchDistance":-0.702307,"touchZone":"hovering","type":0,"width":19.7488},{"bases":[[[0.921488,-0.35675,-0.153589],[0.388239,0.857645,0.337216],[0.0114229,-0.370369,0.928814]],[[0.914725,-0.314154,-0.254138],[0.291335,0.948556,-0.123955],[0.280005,0.0393457,0.959192]],[[0.914725,-0.314154,-0.254138],[0.249554,0.933862,-0.256174],[0.317808,0.170908,0.932625]],[[0.914725,-0.314154,-0.254138],[0.218585,0.913669,-0.342681],[0.339853,0.257908,0.904425]]],"btipPosition":[-43.9871,353.079,-70.112],"carpPosition":[-18.2813,336.48,73.7727],"dipPosition":[-38.3242,357.376,-55.0418],"direction":[-0.317808,-0.170908,-0.932625],"extended":true,"handId":985,"id":9851,"length":57.352,"mcpPosition":[-19.1008,363.053,7.13146],"pipPosition":[-30.8328,361.405,-33.0578],"stabilizedTipPosition":[-42.8733,341.852,-47.8579],"timeVisible":28.4047,"tipPosition":[-43.0549,352.428,-66.0985],"tipVelocity":[6.9801,87.0844,-190.85],"tool":false,"touchDistance":-0.70135,"touchZone":"hovering","type":1,"width":18.8641},{"bases":[[[0.834781,-0.544454,-0.081912],[0.538595,0.776646,0.326705],[-0.114259,-0.316845,0.94157]],[[0.826672,-0.562049,-0.0267165],[0.405033,0.627345,-0.665121],[0.390591,0.539016,0.746257]],[[0.826672,-0.562049,-0.0267165],[0.126694,0.232185,-0.964385],[0.548235,0.793846,0.263149]],[[0.826672,-0.562049,-0.0267165],[-0.0421854,-0.0145603,-0.999004],[0.5611,0.826976,-0.0357469]]],"btipPosition":[-42.7702,292.928,-33.8135],"carpPosition":[-6.6966,333.878,71.9744],"dipPosition":[-32.4869,308.084,-34.4686],"direction":[-0.548235,-0.793846,-0.263149],"extended":false,"handId":985,"id":9852,"length":65.348,"mcpPosition":[1.07774,355.437,7.90882],"pipPosition":[-17.283,330.099,-27.1708],"stabilizedTipPosition":[-38.8974,273.231,9.66438],"timeVisible":28.4047,"tipPosition":[-40.4546,296.28,-33.4497],"tipVelocity":[-10.9404,35.7021,-162.831],"tool":false,"touchDistance":-0.805988,"touchZone":"hovering","type":2,"width":18.527},{"bases":[[[0.765876,-0.642134,0.0331468],[0.592943,0.725266,0.349867],[-0.248701,-0.2483,0.936213]],[[0.78141,-0.623171,-0.0324889],[0.44712,0.595453,-0.667472],[0.435295,0.507043,0.743925]],[[0.78141,-0.623171,-0.0324889],[0.14601,0.233209,-0.961402],[0.606695,0.746506,0.273221]],[[0.78141,-0.623171,-0.0324889],[-0.0340616,0.0093915,-0.999376],[0.623087,0.782029,-0.0138876]]],"btipPosition":[-27.6985,286.98,-26.2056],"carpPosition":[3.8202,328.323,70.5314],"dipPosition":[-16.3449,301.23,-26.4586],"direction":[-0.606695,-0.746506,-0.273221],"extended":false,"handId":985,"id":9853,"length":62.8339,"mcpPosition":[19.0133,343.491,13.3385],"pipPosition":[0.0458205,321.397,-19.0772],"stabilizedTipPosition":[-23.1391,262.179,23.7462],"timeVisible":28.4047,"tipPosition":[-25.0982,290.23,-25.8958],"tipVelocity":[-10.4352,35.6386,-161.898],"tool":false,"touchDistance":-0.82073,"touchZone":"hovering","type":3,"width":17.6296},{"bases":[[[0.623374,-0.777505,0.0830137],[0.68053,0.591757,0.432091],[-0.385077,-0.212861,0.898001]],[[0.661838,-0.749477,-0.0159505],[0.580738,0.526053,-0.621298],[0.474039,0.401936,0.783412]],[[0.661838,-0.749477,-0.0159505],[0.235382,0.227965,-0.94479],[0.711734,0.621543,0.327289]],[[0.661838,-0.749477,-0.0159505],[0.0229687,0.041541,-0.998873],[0.749295,0.660726,0.0447079]]],"btipPosition":[-9.75266,291.745,-15.7479],"carpPosition":[10.9899,316.531,69.0438],"dipPosition":[2.84314,302.852,-14.9964],"direction":[-0.711734,-0.621543,-0.327289],"extended":false,"handId":985,"id":9854,"length":49.2606,"mcpPosition":[32.7661,328.569,18.2618],"pipPosition":[16.4193,314.708,-8.75344],"stabilizedTipPosition":[-5.10161,263.653,38.4478],"timeVisible":28.4047,"tipPosition":[-6.99202,294.196,-15.0458],"tipVelocity":[-6.81894,38.8887,-173.05],"tool":false,"touchDistance":-0.778942,"touchZone":"hovering","type":4,"width":15.66}],"r":[[0.957434,0.16021,0.240109],[-0.160902,0.986827,-0.0168557],[-0.239646,-0.0224956,0.9706]],"s":1.09094,"t":[-17.7707,40.9801,-83.8625],"timestamp":669494756876},false],[4,{"currentFrameRate":51.909,"devices":[],"gestures":[],"hands":[{"armBasis":[[0.858101,-0.455059,-0.237874],[0.429214,0.889949,-0.15416],[0.281847,0.0301859,0.958984]],"armWidth":62.1429,"confidence":0.567435,"direction":[0.194068,0.416605,-0.888132],"elbow":[69.6968,327.604,325.485],"grabStrength":0.125499,"id":985,"palmNormal":[-0.389895,-0.798008,-0.459527],"palmPosition":[-2.633,341.471,24.316],"palmVelocity":[6.10938,50.9179,-173.649],"palmWidth":88.738,"pinchStrength":0.745645,"r":[[0.958103,0.159804,0.237698],[-0.160946,0.986853,-0.0147283],[-0.236927,-0.0241452,0.971227]],"s":1.09638,"sphereCenter":[-14.2049,302.938,-13.312],"sphereRadius":48.7246,"stabilizedPalmPosition":[-1.95159,312.987,78.7095],"t":[-17.6523,41.9623,-87.2148],"timeVisible":28.424,"type":"right","wrist":[-4.51863,319.656,72.9679]}],"id":4970361,"interactionBox":{"center":[0,200,0],"size":[235.247,235.247,147.751]},"pointables":[{"bases":[[[0.748831,0.619826,0.234666],[-0.625829,0.544747,0.558201],[0.218154,-0.564859,0.795829]],[[0.617715,0.783126,-0.0716982],[-0.723054,0.601441,0.339795],[0.309225,-0.158055,0.937763]],[[0.617715,0.783126,-0.0716982],[-0.77978,0.62177,0.0731148],[0.101838,0.0107446,0.994743]],[[0.617715,0.783126,-0.0716982],[-0.780056,0.59862,-0.182118],[-0.0997012,0.168425,0.980659]]],"btipPosition":[-50.4645,325.46,-29.81],"carpPosition":[-34.3001,321.967,71.3021],"dipPosition":[-52.7401,329.304,-7.42709],"direction":[-0.101838,-0.0107446,-0.994743],"extended":false,"handId":985,"id":9850,"length":50.8265,"mcpPosition":[-34.3001,321.967,71.3021],"pipPosition":[-49.3538,329.661,25.6498],"stabilizedTipPosition":[-50.189,306.384,20.0061],"timeVisible":28.424,"tipPosition":[-51.1617,327.51,-24.5634],"tipVelocity":[-3.9669,25.9839,-157.991],"tool":false,"touchDistance":-0.70035,"touchZone":"hovering","type":0,"width":19.7488},{"bases":[[[0.919983,-0.359327,-0.156576],[0.39154,0.860947,0.324756],[0.0181104,-0.360076,0.932747]],[[0.912456,-0.317698,-0.257862],[0.293762,0.947317,-0.127647],[0.28483,0.0407218,0.957713]],[[0.912456,-0.317698,-0.257862],[0.252292,0.932975,-0.256722],[0.322139,0.169191,0.931451]],[[0.912456,-0.317698,-0.257862],[0.221512,0.913399,-0.34152],[0.344031,0.254502,0.903809]]],"btipPosition":[-44.3188,354.007,-73.3297],"carpPosition":[-17.7593,338.107,70.7373],"dipPosition":[-38.5863,358.247,-58.2698],"direction":[-0.322139,-0.169191,-0.931451],"extended":true,"handId":985,"id":9851,"length":57.352,"mcpPosition":[-19.0587,363.942,3.81386],"pipPosition":[-30.9928,362.236,-36.3134],"stabilizedTipPosition":[-42.878,342.338,-48.672],"timeVisible":28.424,"tipPosition":[-43.3846,353.298,-69.3038],"tipVelocity":[-4.63315,67.2553,-178.686],"tool":false,"touchDistance":-0.707849,"touchZone":"hovering","type":1,"width":18.8641},{"bases":[[[0.833653,-0.546141,-0.0821726],[0.54174,0.77969,0.314009],[-0.107424,-0.306291,0.945857]],[[0.826055,-0.562924,-0.02739],[0.3969,0.615553,-0.680856],[0.40013,0.551553,0.731905]],[[0.826055,-0.562924,-0.02739],[0.115928,0.217275,-0.969202],[0.551538,0.797438,0.24474]],[[0.826055,-0.562924,-0.02739],[-0.052129,-0.0279244,-0.99825],[0.561174,0.826037,-0.0524118]]],"btipPosition":[-43.2709,293.134,-35.7085],"carpPosition":[-6.19086,335.474,68.8806],"dipPosition":[-32.9863,308.273,-36.669],"direction":[-0.551538,-0.797438,-0.24474],"extended":false,"handId":985,"id":9852,"length":65.348,"mcpPosition":[1.1184,356.315,4.52327],"pipPosition":[-17.6907,330.388,-29.8817],"stabilizedTipPosition":[-38.9044,273.312,9.50482],"timeVisible":28.424,"tipPosition":[-40.8793,296.599,-35.6324],"tipVelocity":[-18.3793,23.1189,-132.302],"tool":false,"touchDistance":-0.783201,"touchZone":"hovering","type":2,"width":18.527},{"bases":[[[0.765532,-0.642473,0.0344778],[0.596216,0.728517,0.337327],[-0.241842,-0.237679,0.940756]],[[0.780354,-0.624603,-0.0303154],[0.440908,0.583936,-0.681629],[0.44345,0.518546,0.731069]],[[0.780354,-0.624603,-0.0303154],[0.136798,0.217813,-0.966356],[0.610191,0.749953,0.255416]],[[0.780354,-0.624603,-0.0303154],[-0.0431751,-0.00545176,-0.999053],[0.623846,0.780924,-0.0312216]]],"btipPosition":[-28.0916,287.327,-28.2376],"carpPosition":[4.30978,329.893,67.4199],"dipPosition":[-16.7241,301.557,-28.8065],"direction":[-0.610191,-0.749953,-0.255416],"extended":false,"handId":985,"id":9853,"length":62.8339,"mcpPosition":[19.0838,344.413,9.9494],"pipPosition":[-0.238976,321.818,-21.9061],"stabilizedTipPosition":[-23.1456,262.258,23.6012],"timeVisible":28.424,"tipPosition":[-25.4413,290.652,-28.1659],"tipVelocity":[-15.2791,26.7001,-135.426],"tool":false,"touchDistance":-0.79856,"touchZone":"hovering","type":3,"width":17.6296},{"bases":[[[0.62329,-0.777145,0.086915],[0.684302,0.59584,0.420363],[-0.378471,-0.202532,0.903184]],[[0.660212,-0.75101,-0.0102344],[0.575512,0.514594,-0.635594],[0.482604,0.413736,0.771956]],[[0.660212,-0.75101,-0.0102344],[0.226519,0.212087,-0.950636],[0.716107,0.625303,0.31014]],[[0.660212,-0.75101,-0.0102344],[0.0138862,0.025829,-0.99957],[0.750951,0.659786,0.0274813]]],"btipPosition":[-10.0652,292.246,-18.0642],"carpPosition":[11.4576,318.079,66.0089],"dipPosition":[2.55842,303.337,-17.6022],"direction":[-0.716107,-0.625303,-0.31014],"extended":false,"handId":985,"id":9854,"length":49.2606,"mcpPosition":[32.8601,329.532,14.9338],"pipPosition":[16.218,315.265,-11.6864],"stabilizedTipPosition":[-5.10648,263.727,38.3144],"timeVisible":28.424,"tipPosition":[-7.2406,294.762,-17.5668],"tipVelocity":[-11.308,32.3074,-148.187],"tool":false,"touchDistance":-0.765123,"touchZone":"hovering","type":4,"width":15.66}],"r":[[0.958103,0.159804,0.237698],[-0.160946,0.986853,-0.0147283],[-0.236927,-0.0241452,0.971227]],"s":1.09638,"t":[-17.6523,41.9623,-87.2148],"timestamp":669494776222},false],[5,{"currentFrameRate":51.9717,"devices":[],"gestures":[],"hands":[{"armBasis":[[0.848058,-0.471294,-0.242238],[0.444249,0.881534,-0.159814],[0.288861,0.0279173,0.956964]],"armWidth":62.1429,"confidence":0.528455,"direction":[0.198463,0.421969,-0.884621],"elbow":[71.3224,327.431,322.035],"grabStrength":0.114258,"id":985,"palmNormal":[-0.406668,-0.785761,-0.466048],"palmPosition":[-2.63069,342.354,21.6157],"palmVelocity":[3.16071,48.7165,-158.084],"palmWidth":88.738,"pinchStrength":0.746578,"r":[[0.959418,0.155383,0.235313],[-0.157261,0.987497,-0.0108841],[-0.234062,-0.0265633,0.971859]],"s":1.10216,"sphereCenter":[-15.4662,304.953,-16.3008],"sphereRadius":48.4733,"stabilizedPalmPosition":[-1.9524,313.022,78.6413],"t":[-17.592,42.8949,-90.2411],"timeVisible":28.4431,"type":"right","wrist":[-4.73973,320.08,70.0501]}],"id":4970362,"interactionBox":{"center":[0,200,0],"size":[235.247,235.247,147.751]},"pointables":[{"bases":[[[0.761303,0.603166,0.237927],[-0.613268,0.550684,0.56626],[0.210526,-0.577008,0.789139]],[[0.631755,0.772281,-0.066838],[-0.710364,0.611297,0.348855],[0.310272,-0.172911,0.93479]],[[0.631755,0.772281,-0.066838],[-0.767842,0.63528,0.0826943],[0.106324,-0.000921532,0.994331]],[[0.631755,0.772281,-0.066838],[-0.769467,0.614335,-0.174682],[-0.0938428,0.161786,0.982354]]],"btipPosition":[-50.9767,327.724,-32.4636],"carpPosition":[-34.4785,322.969,68.5289],"dipPosition":[-53.1187,331.417,-10.042],"direction":[-0.106324,0.000921532,-0.994331],"extended":false,"handId":985,"id":9850,"length":50.8265,"mcpPosition":[-34.4785,322.969,68.5289],"pipPosition":[-49.5832,331.386,23.0212],"stabilizedTipPosition":[-50.1915,306.427,19.9157],"timeVisible":28.4431,"tipPosition":[-51.6076,329.722,-27.2036],"tipVelocity":[-14.4843,70.9411,-148.695],"tool":false,"touchDistance":-0.698318,"touchZone":"hovering","type":0,"width":19.7488},{"bases":[[[0.912421,-0.374971,-0.163964],[0.40898,0.850038,0.33192],[0.0149155,-0.369909,0.928948]],[[0.905246,-0.332014,-0.265133],[0.31289,0.943082,-0.112677],[0.287452,0.0190429,0.957606]],[[0.905246,-0.332014,-0.265133],[0.271449,0.93198,-0.240268],[0.326871,0.145532,0.933797]],[[0.905246,-0.332014,-0.265133],[0.240474,0.914802,-0.324515],[0.350287,0.230008,0.907962]]],"btipPosition":[-44.2941,357.279,-75.8531],"carpPosition":[-17.6382,338.799,68.0614],"dipPosition":[-38.4574,361.111,-60.724],"direction":[-0.326871,-0.145532,-0.933797],"extended":true,"handId":985,"id":9851,"length":57.352,"mcpPosition":[-18.7083,365.34,1.41048],"pipPosition":[-30.7523,364.542,-38.7123],"stabilizedTipPosition":[-42.8808,342.944,-49.5798],"timeVisible":28.4431,"tipPosition":[-43.3673,356.476,-71.8454],"tipVelocity":[-1.09025,116.454,-155.646],"tool":false,"touchDistance":-0.70301,"touchZone":"hovering","type":1,"width":18.8641},{"bases":[[[0.822868,-0.560879,-0.0911179],[0.557576,0.76608,0.319735],[-0.109529,-0.313905,0.943115]],[[0.815241,-0.577943,-0.0369307],[0.403228,0.612249,-0.680116],[0.415679,0.539567,0.732174]],[[0.815241,-0.577943,-0.0369307],[0.11368,0.222233,-0.968343],[0.567855,0.785235,0.246875]],[[0.815241,-0.577943,-0.0369307],[-0.0581683,-0.0182703,-0.99814],[0.576193,0.815872,-0.0485127]]],"btipPosition":[-44.5242,295.234,-38.4148],"carpPosition":[-6.12877,335.968,66.131],"dipPosition":[-33.9644,310.187,-39.3039],"direction":[-0.567855,-0.785235,-0.246875],"extended":false,"handId":985,"id":9852,"length":65.348,"mcpPosition":[1.32375,357.327,1.96019],"pipPosition":[-18.2163,331.963,-32.4574],"stabilizedTipPosition":[-38.9193,273.431,9.28045],"timeVisible":28.4431,"tipPosition":[-42.0247,298.722,-38.4628],"tipVelocity":[-40.1523,65.0237,-136.828],"tool":false,"touchDistance":-0.773563,"touchZone":"touching","type":2,"width":18.527},{"bases":[[[0.753392,-0.657103,0.0248205],[0.611166,0.713653,0.34231],[-0.242646,-0.242724,0.939259]],[[0.767846,-0.639529,-0.0376261],[0.445804,0.575585,-0.685537],[0.460077,0.509613,0.727065]],[[0.767846,-0.639529,-0.0376261],[0.130721,0.213904,-0.968069],[0.627156,0.738409,0.247845]],[[0.767846,-0.639529,-0.0376261],[-0.0535288,-0.00552025,-0.998551],[0.638394,0.768748,-0.0384719]]],"btipPosition":[-29.5413,288.871,-30.4841],"carpPosition":[4.25889,330.205,64.5708],"dipPosition":[-17.9087,302.878,-31.1851],"direction":[-0.627156,-0.738409,-0.247845],"extended":false,"handId":985,"id":9853,"length":62.8339,"mcpPosition":[19.0821,345.033,7.19177],"pipPosition":[-0.965245,322.827,-24.4892],"stabilizedTipPosition":[-23.159,262.366,23.4061],"timeVisible":28.4431,"tipPosition":[-26.7478,292.28,-30.7661],"tipVelocity":[-43.725,52.2127,-127.716],"tool":false,"touchDistance":-0.781191,"touchZone":"touching","type":3,"width":17.6296},{"bases":[[[0.608837,-0.789602,0.0764597],[0.697051,0.578495,0.423631],[-0.378731,-0.204626,0.902602]],[[0.64524,-0.76375,-0.0187427],[0.581723,0.507066,-0.63599],[0.495241,0.399463,0.77147]],[[0.64524,-0.76375,-0.0187427],[0.225397,0.213749,-0.95053],[0.729974,0.609096,0.310066]],[[0.64524,-0.76375,-0.0187427],[0.00957121,0.0326123,-0.999422],[0.76392,0.644688,0.0283527]]],"btipPosition":[-11.2495,293.614,-21.0261],"carpPosition":[11.1768,318.274,63.0105],"dipPosition":[1.59214,304.452,-20.5495],"direction":[-0.729974,-0.609096,-0.310066],"extended":false,"handId":985,"id":9854,"length":49.2606,"mcpPosition":[32.5941,329.845,11.9683],"pipPosition":[15.5162,316.07,-14.6351],"stabilizedTipPosition":[-5.11307,263.794,38.1921],"timeVisible":28.4431,"tipPosition":[-8.33345,296.114,-20.6268],"tipVelocity":[-35.1156,50.3317,-151.85],"tool":false,"touchDistance":-0.761324,"touchZone":"hovering","type":4,"width":15.66}],"r":[[0.959418,0.155383,0.235313],[-0.157261,0.987497,-0.0108841],[-0.234062,-0.0265633,0.971859]],"s":1.10216,"t":[-17.592,42.8949,-90.2411],"timestamp":669494795233},false],[6,{"currentFrameRate":51.9661,"devices":[],"gestures":[],"hands":[{"armBasis":[[0.845024,-0.484581,-0.226087],[0.454388,0.873618,-0.174134],[0.281896,0.0444161,0.958416]],"armWidth":62.1429,"confidence":0.545662,"direction":[0.205544,0.422613,-0.882695],"elbow":[68.8939,332.176,318.84],"grabStrength":0.107987,"id":985,"palmNormal":[-0.416136,-0.778609,-0.46968],"palmPosition":[-2.84757,342.904,18.1247],"palmVelocity":[-4.00505,38.7103,-169.583],"palmWidth":88.738,"pinchStrength":0.74701,"r":[[0.960769,0.149148,0.233834],[-0.151703,0.9884,-0.00713049],[-0.232186,-0.0286225,0.97225]],"s":1.10785,"sphereCenter":[-16.2881,306.189,-19.9077],"sphereRadius":48.2677,"stabilizedPalmPosition":[-1.95304,313.043,78.5984],"t":[-17.6702,43.6365,-93.4998],"timeVisible":28.4623,"type":"right","wrist":[-5.33418,320.48,66.4716]}],"id":4970363,"interactionBox":{"center":[0,200,0],"size":[235.247,235.247,147.751]},"pointables":[{"bases":[[[0.768742,0.592218,0.241484],[-0.606974,0.556587,0.567268],[0.20154,-0.582657,0.787332]],[[0.641844,0.764236,-0.0630751],[-0.702948,0.619246,0.349855],[0.306431,-0.180214,0.934678]],[[0.641844,0.764236,-0.0630751],[-0.75966,0.64491,0.0837084],[0.104651,-0.0058121,0.994492]],[[0.641844,0.764236,-0.0630751],[-0.761018,0.624706,-0.174911],[-0.0942702,0.160267,0.982562]]],"btipPosition":[-51.2756,329.074,-36.0867],"carpPosition":[-35.0297,323.765,64.9104],"dipPosition":[-53.4272,332.732,-13.6603],"direction":[-0.104651,0.0058121,-0.994492],"extended":false,"handId":985,"id":9850,"length":50.8265,"mcpPosition":[-35.0297,323.765,64.9104],"pipPosition":[-49.9474,332.538,19.4083],"stabilizedTipPosition":[-50.1944,306.471,19.8202],"timeVisible":28.4623,"tipPosition":[-51.8929,331.046,-30.8258],"tipVelocity":[-15.0529,70.2881,-168.237],"tool":false,"touchDistance":-0.71115,"touchZone":"hovering","type":0,"width":19.7488},{"bases":[[[0.907703,-0.386319,-0.163807],[0.419528,0.843348,0.335797],[0.0084218,-0.373526,0.927581]],[[0.901219,-0.342699,-0.265257],[0.326332,0.939411,-0.104949],[0.285151,0.00801994,0.958449]],[[0.901219,-0.342699,-0.265257],[0.285372,0.929943,-0.23188],[0.326139,0.133278,0.935879]],[[0.901219,-0.342699,-0.265257],[0.254569,0.913994,-0.315928],[0.350711,0.217194,0.910949]]],"btipPosition":[-44.0655,359.078,-79.4196],"carpPosition":[-17.982,339.374,64.531],"dipPosition":[-38.2217,362.697,-64.2407],"direction":[-0.326139,-0.133278,-0.935879],"extended":true,"handId":985,"id":9851,"length":57.352,"mcpPosition":[-18.5863,366.174,-2.02185],"pipPosition":[-30.5339,365.838,-42.18],"stabilizedTipPosition":[-42.8755,343.503,-50.4487],"timeVisible":28.4623,"tipPosition":[-43.146,358.263,-75.4316],"tipVelocity":[5.39177,103.727,-170.008],"tool":false,"touchDistance":-0.714368,"touchZone":"hovering","type":1,"width":18.8641},{"bases":[[[0.815588,-0.571304,-0.0918106],[0.56703,0.75749,0.323553],[-0.115301,-0.315945,0.941745]],[[0.807697,-0.58837,-0.0380266],[0.41053,0.607511,-0.679997],[0.423191,0.53362,0.732228]],[[0.807697,-0.58837,-0.0380266],[0.116398,0.222349,-0.967994],[0.577994,0.77742,0.248076]],[[0.807697,-0.58837,-0.0380266],[-0.0578655,-0.0149212,-0.998213],[0.586751,0.808454,-0.0460981]]],"btipPosition":[-45.338,296.437,-41.9231],"carpPosition":[-6.50747,336.4,62.6096],"dipPosition":[-34.5846,311.253,-42.7679],"direction":[-0.577994,-0.77742,-0.248076],"extended":false,"handId":985,"id":9852,"length":65.348,"mcpPosition":[1.33778,357.897,-1.4679],"pipPosition":[-18.5554,332.813,-35.8881],"stabilizedTipPosition":[-38.9381,273.557,9.03467],"timeVisible":28.4623,"tipPosition":[-42.7649,299.936,-42.0557],"tipVelocity":[-40.0433,62.926,-159.071],"tool":false,"touchDistance":-0.777011,"touchZone":"touching","type":2,"width":18.527},{"bases":[[[0.744649,-0.667037,0.0236478],[0.619886,0.70428,0.346023],[-0.247464,-0.243006,0.937928]],[[0.759044,-0.649997,-0.0368231],[0.450245,0.564952,-0.691454],[0.470246,0.508265,0.721481]],[[0.759044,-0.649997,-0.0368231],[0.128081,0.204545,-0.970442],[0.638316,0.731892,0.238511]],[[0.759044,-0.649997,-0.0368231],[-0.0585776,-0.0118551,-0.998212],[0.648398,0.759844,-0.0470738]]],"btipPosition":[-30.6264,289.586,-33.2757],"carpPosition":[3.8063,330.507,61.0457],"dipPosition":[-18.8116,303.432,-34.1334],"direction":[-0.638316,-0.731892,-0.238511],"extended":false,"handId":985,"id":9853,"length":62.8339,"mcpPosition":[18.9238,345.352,3.74795],"pipPosition":[-1.56658,323.205,-27.6897],"stabilizedTipPosition":[-23.1774,262.483,23.1861],"timeVisible":28.4623,"tipPosition":[-27.7109,293.078,-33.8823],"tipVelocity":[-48.9072,43.7642,-137.192],"tool":false,"touchDistance":-0.773819,"touchZone":"touching","type":3,"width":17.6296},{"bases":[[[0.598275,-0.797816,0.0745437],[0.703845,0.567703,0.426984],[-0.382973,-0.202986,0.901182]],[[0.633892,-0.773238,-0.0168449],[0.584284,0.493032,-0.644618],[0.506748,0.398776,0.764319]],[[0.633892,-0.773238,-0.0168449],[0.221182,0.202107,-0.95406],[0.74112,0.601045,0.299141]],[[0.633892,-0.773238,-0.0168449],[0.00395994,0.0250242,-0.999679],[0.773411,0.633622,0.0189246]]],"btipPosition":[-12.3858,294.102,-23.8903],"carpPosition":[10.5696,318.491,59.4526],"dipPosition":[0.615347,304.754,-23.5722],"direction":[-0.74112,-0.601045,-0.299141],"extended":false,"handId":985,"id":9854,"length":49.2606,"mcpPosition":[32.2267,329.97,8.49069],"pipPosition":[14.752,316.219,-17.8661],"stabilizedTipPosition":[-5.12076,263.853,38.0808],"timeVisible":28.4623,