{"sensorType":"Leap","data":[[0,{"currentFrameRate":51.4992,"devices":[],"gestures":[],"hands":[{"armBasis":[[0.800357,-0.570645,-0.183829],[0.542436,0.81985,-0.183327],[0.255326,0.0470117,0.965711]],"armWidth":62.1429,"confidence":0.579538,"direction":[0.282067,0.419061,-0.863033],"elbow":[65.7753,326.2,343.149],"grabStrength":0.219576,"id":985,"palmNormal":[-0.473321,-0.721679,-0.505121],"palmPosition":[5.2001,336.946,41.2427],"palmVelocity":[10.259,77.0145,-187.053],"palmWidth":88.738,"pinchStrength":0.922602,"r":[[0.964212,0.0200731,0.264371],[-0.0234722,0.999677,0.00970439],[-0.264091,-0.0155625,0.964372]],"s":1.05153,"sphereCenter":[-7.91723,301.198,2.35319],"sphereRadius":47.7566,"stabilizedPalmPosition":[-0.957723,289.219,134.086],"t":[-9.89895,36.9238,-70.0094],"timeVisible":18.68,"type":"right","wrist":[-1.45659,313.821,88.8599]}],"id":4969858,"interactionBox":{"center":[0,200,0],"size":[235.247,235.247,147.751]},"pointables":[{"bases":[[[0.814195,0.505553,0.285485],[-0.570013,0.602617,0.558514],[0.11032,-0.61747,0.77882]],[[0.6912,0.719209,-0.0705699],[-0.672927,0.676154,0.299976],[0.263461,-0.159855,0.951333]],[[0.6912,0.719209,-0.0705699],[-0.722405,0.690259,-0.0408954],[0.0192991,0.079247,0.996668]],[[0.6912,0.719209,-0.0705699],[-0.721269,0.680506,-0.129162],[-0.0448715,0.140177,0.989109]]],"btipPosition":[-43.0282,322.087,-15.7548],"carpPosition":[-30.5847,320.139,86.2749],"dipPosition":[-44.0523,325.286,6.82097],"direction":[-0.0192991,-0.079247,-0.996668],"extended":false,"handId":985,"id":9850,"length":50.8265,"mcpPosition":[-30.5847,320.139,86.2749],"pipPosition":[-43.4106,327.922,39.9619],"stabilizedTipPosition":[-47.0892,283.173,63.9857],"timeVisible":18.68,"tipPosition":[-43.1274,323.592,-10.631],"tipVelocity":[23.7219,71.1758,-198.397],"tool":false,"touchDistance":-0.809931,"touchZone":"hovering","type":0,"width":19.7488},{"bases":[[[0.870022,-0.472786,-0.139767],[0.488547,0.788699,0.373197],[-0.0662083,-0.392973,0.917164]],[[0.872513,-0.44482,-0.20213],[0.42443,0.894969,-0.137438],[0.242035,0.0341269,0.969667]],[[0.872513,-0.44482,-0.20213],[0.396354,0.886297,-0.239544],[0.285701,0.128891,0.949612]],[[0.872513,-0.44482,-0.20213],[0.375263,0.875027,-0.305786],[0.312889,0.190951,0.930397]]],"btipPosition":[-29.3901,354.486,-57.379],"carpPosition":[-12.0512,333.941,86.9419],"dipPosition":[-24.1765,357.668,-41.876],"direction":[-0.285701,-0.128891,-0.949612],"extended":true,"handId":985,"id":9851,"length":57.352,"mcpPosition":[-7.30083,362.136,21.1366],"pipPosition":[-17.4419,360.706,-19.4916],"stabilizedTipPosition":[-33.4501,327.49,-11.2],"timeVisible":18.68,"tipPosition":[-28.822,353.577,-53.2698],"tipVelocity":[30.1467,119.074,-194.933],"tool":false,"touchDistance":-0.901491,"touchZone":"hovering","type":1,"width":18.8641},{"bases":[[[0.75696,-0.649012,-0.0761295],[0.627029,0.688595,0.364241],[-0.183974,-0.323451,0.928188]],[[0.743874,-0.66809,-0.0175352],[0.503369,0.577342,-0.642881],[0.439626,0.469396,0.765765]],[[0.743874,-0.66809,-0.0175352],[0.165127,0.209155,-0.96384],[0.647599,0.71408,0.265905]],[[0.743874,-0.66809,-0.0175352],[-0.0433195,-0.0220177,-0.998819],[0.666915,0.743755,-0.0453197]]],"btipPosition":[-39.1968,296.368,-20.3212],"carpPosition":[-0.866792,329.86,85.3742],"dipPosition":[-26.9743,309.999,-21.1518],"direction":[-0.647599,-0.71408,-0.265905],"extended":false,"handId":985,"id":9852,"length":65.348,"mcpPosition":[11.651,351.868,22.2191],"pipPosition":[-9.01466,329.803,-13.7775],"stabilizedTipPosition":[-41.1118,249.367,68.6347],"timeVisible":18.68,"tipPosition":[-36.8371,298.959,-19.0359],"tipVelocity":[37.0015,78.2275,-208.497],"tool":false,"touchDistance":-0.8758,"touchZone":"hovering","type":2,"width":18.527},{"bases":[[[0.6722,-0.739587,0.0340508],[0.673324,0.629805,0.387274],[-0.307868,-0.237398,0.921336]],[[0.677289,-0.735484,0.0185294],[0.574055,0.512546,-0.638559],[0.460153,0.443126,0.76935]],[[0.677289,-0.735484,0.0185294],[0.214105,0.172944,-0.961379],[0.703874,0.655099,0.274604]],[[0.677289,-0.735484,0.0185294],[-0.0106581,-0.0349914,-0.999331],[0.73564,0.676638,-0.0315382]]],"btipPosition":[-24.808,288.151,-12.6079],"carpPosition":[8.85563,322.985,84.0438],"dipPosition":[-11.4035,300.481,-13.1826],"direction":[-0.703874,-0.655099,-0.274604],"extended":false,"handId":985,"id":9853,"length":62.8339,"mcpPosition":[27.6632,337.488,27.7597],"pipPosition":[7.61259,318.179,-5.76379],"stabilizedTipPosition":[-26.7665,236.718,84.0252],"timeVisible":18.68,"tipPosition":[-22.3076,290.5,-11.1563],"tipVelocity":[43.1474,83.8373,-216.457],"tool":false,"touchDistance":-0.842721,"touchZone":"hovering","type":3,"width":17.6296},{"bases":[[[0.511495,-0.855919,0.0759965],[0.739816,0.483641,0.467722],[-0.437087,-0.183014,0.880603]],[[0.526488,-0.848985,0.0451108],[0.674087,0.384516,-0.630678],[0.518091,0.362453,0.774732]],[[0.526488,-0.848985,0.0451108],[0.264906,0.113397,-0.957583],[0.807858,0.516106,0.284604]],[[0.526488,-0.848985,0.0451108],[0.017111,-0.0424681,-0.998951],[0.85001,0.526708,-0.00783195]]],"btipPosition":[-8.41362,289.535,0.580171],"carpPosition":[14.4335,310.383,82.3913],"dipPosition":[5.87522,298.389,0.448514],"direction":[-0.807858,-0.516106,-0.284604],"extended":false,"handId":985,"id":9854,"length":49.2606,"mcpPosition":[39.1508,320.733,32.5932],"pipPosition":[21.2849,308.234,5.87725],"stabilizedTipPosition":[-9.04166,237.333,100.165],"timeVisible":18.68,"tipPosition":[-5.63438,291.286,1.66691],"tipVelocity":[41.7641,86.1476,-214.608],"tool":false,"touchDistance":-0.772377,"touchZone":"hovering","type":4,"width":15.66}],"r":[[0.964212,0.0200731,0.264371],[-0.0234722,0.999677,0.00970439],[-0.264091,-0.0155625,0.964372]],"s":1.05153,"t":[-9.89895,36.9238,-70.0094],"timestamp":669485032173},false],[1,{"currentFrameRate":51.5571,"devices":[],"gestures":[],"hands":[{"armBasis":[[0.798587,-0.578351,-0.16664],[0.552116,0.814157,-0.179767],[0.239639,0.0515551,0.969492]],"armWidth":62.1429,"confidence":0.588565,"direction":[0.29001,0.414114,-0.862788],"elbow":[61.2973,328.83,341.801],"grabStrength":0.21237,"id":985,"palmNormal":[-0.478852,-0.717776,-0.505469],"palmPosition":[5.29172,338.2,38.876],"palmVelocity":[7.54219,71.2567,-155.504],"palmWidth":88.738,"pinchStrength":0.920124,"r":[[0.964034,0.0183832,0.265141],[-0.0226412,0.999659,0.0130118],[-0.264811,-0.0185469,0.964122]],"s":1.05473,"sphereCenter":[-8.38727,302.738,-0.0118218],"sphereRadius":47.7284,"stabilizedPalmPosition":[-0.94403,289.326,133.877],"t":[-9.75409,38.2988,-73.0083],"timeVisible":18.6992,"type":"right","wrist":[-1.80384,315.254,86.5163]}],"id":4969859,"interactionBox":{"center":[0,200,0],"size":[235.247,235.247,147.751]},"pointables":[{"bases":[[[0.818319,0.497567,0.287716],[-0.565892,0.60986,0.554831],[0.100599,-0.616845,0.780629]],[[0.699114,0.711655,-0.0691866],[-0.666648,0.683751,0.296756],[0.258495,-0.161343,0.952444]],[[0.699114,0.711655,-0.0691866],[-0.71481,0.697926,-0.0441103],[0.0168957,0.0802934,0.996628]],[[0.699114,0.711655,-0.0691866],[-0.713242,0.687313,-0.137425],[-0.0502463,0.145423,0.988093]]],"btipPosition":[-42.8518,323.74,-18.2617],"carpPosition":[-30.8527,321.874,83.7975],"dipPosition":[-43.9986,327.059,4.29089],"direction":[-0.0168957,-0.0802934,-0.996628],"extended":false,"handId":985,"id":9850,"length":50.8265,"mcpPosition":[-30.8527,321.874,83.7975],"pipPosition":[-43.4368,329.729,37.4305],"stabilizedTipPosition":[-47.073,283.341,63.6729],"timeVisible":18.6992,"tipPosition":[-42.971,325.238,-13.1488],"tipVelocity":[15.7953,79.3106,-164.986],"tool":false,"touchDistance":-0.794955,"touchZone":"hovering","type":0,"width":19.7488},{"bases":[[[0.86554,-0.482262,-0.135141],[0.495326,0.784333,0.373462],[-0.074111,-0.390185,0.917749]],[[0.868591,-0.454206,-0.198109],[0.435184,0.890403,-0.133409],[0.236992,0.0296634,0.971059]],[[0.868591,-0.454206,-0.198109],[0.407523,0.882203,-0.235887],[0.281914,0.124155,0.951373]],[[0.868591,-0.454206,-0.198109],[0.386586,0.871226,-0.302518],[0.310003,0.186178,0.932328]]],"btipPosition":[-28.6004,356.204,-59.9846],"carpPosition":[-12.1772,335.481,84.5103],"dipPosition":[-23.4349,359.306,-44.4494],"direction":[-0.281914,-0.124155,-0.951373],"extended":true,"handId":985,"id":9851,"length":57.352,"mcpPosition":[-6.85986,363.476,18.663],"pipPosition":[-16.7896,362.233,-22.0235],"stabilizedTipPosition":[-33.2483,328.474,-12.7112],"timeVisible":18.6992,"tipPosition":[-28.0447,355.312,-55.891],"tipVelocity":[35.3205,103.975,-165.459],"tool":false,"touchDistance":-0.878648,"touchZone":"hovering","type":1,"width":18.8641},{"bases":[[[0.750362,-0.65714,-0.0715799],[0.632777,0.682753,0.365296],[-0.191179,-0.319399,0.928135]],[[0.736615,-0.676204,-0.0121365],[0.514526,0.571959,-0.638848],[0.438933,0.46434,0.769237]],[[0.736615,-0.676204,-0.0121365],[0.176067,0.209061,-0.961922],[0.652992,0.706429,0.273054]],[[0.736615,-0.676204,-0.0121365],[-0.0342938,-0.0194235,-0.999223],[0.675442,0.736459,-0.0374972]]],"btipPosition":[-39.1432,298.095,-23.199],"carpPosition":[-1.03027,331.278,82.9977],"dipPosition":[-26.7645,311.592,-23.8862],"direction":[-0.652992,-0.706429,-0.273054],"extended":false,"handId":985,"id":9852,"length":65.348,"mcpPosition":[11.9778,353.01,19.8462],"pipPosition":[-8.65529,331.183,-16.3137],"stabilizedTipPosition":[-41.0893,249.609,68.2062],"timeVisible":18.6992,"tipPosition":[-36.7641,300.662,-21.8704],"tipVelocity":[20.9786,83.2579,-178.672],"tool":false,"touchDistance":-0.859225,"touchZone":"hovering","type":2,"width":18.527},{"bases":[[[0.664199,-0.746566,0.0384505],[0.678354,0.623529,0.388649],[-0.314128,-0.232058,0.920583]],[[0.668461,-0.7433,0.0257719],[0.585598,0.504642,-0.63436],[0.458514,0.439137,0.772608]],[[0.668461,-0.7433,0.0257719],[0.225074,0.169143,-0.959548],[0.708873,0.647221,0.280363]],[[0.668461,-0.7433,0.0257719],[-0.00188783,-0.036347,-0.999337],[0.743745,0.66797,-0.0256998]]],"btipPosition":[-24.8683,289.683,-15.2872],"carpPosition":[8.6243,324.298,81.7225],"dipPosition":[-11.3161,301.854,-15.7555],"direction":[-0.708873,-0.647221,-0.280363],"extended":false,"handId":985,"id":9853,"length":62.8339,"mcpPosition":[27.8143,338.475,25.4844],"pipPosition":[7.83505,319.34,-8.1811],"stabilizedTipPosition":[-26.7474,236.931,83.6463],"timeVisible":18.6992,"tipPosition":[-22.3445,292.015,-13.8407],"tipVelocity":[21.0881,80.9148,-177.781],"tool":false,"touchDistance":-0.826605,"touchZone":"hovering","type":3,"width":17.6296},{"bases":[[[0.502103,-0.8611,0.0799913],[0.742967,0.476852,0.469693],[-0.442597,-0.176403,0.879198]],[[0.515567,-0.855225,0.0527296],[0.690998,0.378597,-0.615781],[0.506668,0.353912,0.786151]],[[0.515567,-0.855225,0.0527296],[0.287874,0.114924,-0.950748],[0.807044,0.505353,0.305448]],[[0.515567,-0.855225,0.0527296],[0.0385282,-0.0383382,-0.998522],[0.855983,0.516836,0.0131844]]],"btipPosition":[-8.15114,291.078,-2.75556],"carpPosition":[14.0753,311.634,80.1208],"dipPosition":[6.23809,299.766,-2.53393],"direction":[-0.807044,-0.505353,-0.305448],"extended":false,"handId":985,"id":9854,"length":49.2606,"mcpPosition":[39.1042,321.61,30.4021],"pipPosition":[21.6322,309.406,3.29241],"stabilizedTipPosition":[-9.02926,237.497,99.8611],"timeVisible":18.6992,"tipPosition":[-5.43602,292.761,-1.41483],"tipVelocity":[28.4468,82.3296,-192.338],"tool":false,"touchDistance":-0.77229,"touchZone":"hovering","type":4,"width":15.66}],"r":[[0.964034,0.0183832,0.265141],[-0.0226412,0.999659,0.0130118],[-0.264811,-0.0185469,0.964122]],"s":1.05473,"t":[-9.75409,38.2988,-73.0083],"timestamp":669485051355},false],[2,{"currentFrameRate":51.6382,"devices":[],"gestures":[],"hands":[{"armBasis":[[0.795287,-0.584153,-0.162121],[0.553116,0.808646,-0.200386],[0.248155,0.0696932,0.96621]],"armWidth":62.1429,"confidence":0.599548,"direction":[0.297087,0.414563,-0.860161],"elbow":[63.6905,334.045,338.535],"grabStrength":0.200356,"id":985,"palmNormal":[-0.477297,-0.715739,-0.509809],"palmPosition":[5.83374,338.688,36.5579],"palmVelocity":[17.8476,48.7324,-138.767],"palmWidth":88.738,"pinchStrength":0.914863,"r":[[0.963532,0.0164268,0.267089],[-0.021455,0.999643,0.0159184],[-0.266732,-0.0210683,0.96354]],"s":1.05807,"sphereCenter":[-8.02348,303.603,-2.52296],"sphereRadius":47.7143,"stabilizedPalmPosition":[-0.932319,289.411,133.709],"t":[-9.41065,39.2304,-75.6668],"timeVisible":18.7182,"type":"right","wrist":[-1.65304,315.693,84.1146]}],"id":4969860,"interactionBox":{"center":[0,200,0],"size":[235.247,235.247,147.751]},"pointables":[{"bases":[[[0.817661,0.49492,0.294084],[-0.568052,0.610601,0.5518],[0.0935285,-0.61824,0.780405]],[[0.701796,0.709608,-0.0627601],[-0.666041,0.68485,0.295584],[0.25273,-0.165639,0.953253]],[[0.701796,0.709608,-0.0627601],[-0.71227,0.700498,-0.0444314],[0.0124345,0.0758839,0.997039]],[[0.701796,0.709608,-0.0627601],[-0.709733,0.688886,-0.147357],[-0.0613313,0.147958,0.98709]]],"btipPosition":[-41.9814,324.56,-20.8844],"carpPosition":[-30.6644,322.396,81.205],"dipPosition":[-43.3813,327.937,1.64529],"direction":[-0.0124345,-0.0758839,-0.997039],"extended":false,"handId":985,"id":9850,"length":50.8265,"mcpPosition":[-30.6644,322.396,81.205],"pipPosition":[-42.9678,330.46,34.7986],"stabilizedTipPosition":[-47.0557,283.493,63.3851],"timeVisible":18.7182,"tipPosition":[-42.143,325.978,-15.7828],"tipVelocity":[29.0192,61.7436,-151.59],"tool":false,"touchDistance":-0.783212,"touchZone":"hovering","type":0,"width":19.7488},{"bases":[[[0.86514,-0.484425,-0.129865],[0.494863,0.782441,0.378016],[-0.0815084,-0.391302,0.916645]],[[0.868728,-0.455738,-0.193942],[0.439603,0.889873,-0.121962],[0.228167,0.0206947,0.973402]],[[0.868728,-0.455738,-0.193942],[0.412816,0.882614,-0.224889],[0.273667,0.115305,0.954888]],[[0.868728,-0.455738,-0.193942],[0.392356,0.872207,-0.292082],[0.302271,0.177646,0.936522]]],"btipPosition":[-27.1568,357.481,-62.6001],"carpPosition":[-11.9573,335.951,82.0666],"dipPosition":[-22.1201,360.441,-46.9951],"direction":[-0.273667,-0.115305,-0.954888],"extended":true,"handId":985,"id":9851,"length":57.352,"mcpPosition":[-6.10922,364.026,16.2984],"pipPosition":[-15.6692,363.159,-24.4863],"stabilizedTipPosition":[-33.0188,329.413,-14.1769],"timeVisible":18.7182,"tipPosition":[-26.6282,356.539,-58.5158],"tipVelocity":[54.4863,84.8711,-151.091],"tool":false,"touchDistance":-0.858108,"touchZone":"hovering","type":1,"width":18.8641},{"bases":[[[0.749051,-0.65908,-0.0673563],[0.632091,0.680498,0.370652],[-0.198453,-0.320212,0.926326]],[[0.734645,-0.678412,-0.00729607],[0.522558,0.572666,-0.631654],[0.4327,0.460229,0.775216]],[[0.734645,-0.678412,-0.00729607],[0.187379,0.213222,-0.958867],[0.652063,0.70306,0.283763]],[[0.734645,-0.678412,-0.00729607],[-0.022998,-0.0141536,-0.999635],[0.678062,0.734545,-0.026]]],"btipPosition":[-38.159,298.914,-26.2375],"carpPosition":[-0.811664,331.72,80.6248],"dipPosition":[-25.7322,312.376,-26.714],"direction":[-0.652063,-0.70306,-0.283763],"extended":false,"handId":985,"id":9852,"length":65.348,"mcpPosition":[12.6913,353.507,17.5964],"pipPosition":[-7.64879,331.873,-18.8445],"stabilizedTipPosition":[-41.0661,249.819,67.8262],"timeVisible":18.7182,"tipPosition":[-35.7789,301.479,-24.8766],"tipVelocity":[36.3851,63.1665,-167.895],"tool":false,"touchDistance":-0.846487,"touchZone":"hovering","type":2,"width":18.527},{"bases":[[[0.661887,-0.748429,0.0419461],[0.677344,0.621117,0.394232],[-0.321108,-0.232525,0.918053]],[[0.665319,-0.745872,0.0320201],[0.594852,0.503717,-0.626435],[0.451111,0.435827,0.778816]],[[0.665319,-0.745872,0.0320201],[0.237786,0.171059,-0.956136],[0.707678,0.64375,0.291167]],[[0.665319,-0.745872,0.0320201],[0.0106112,-0.0334382,-0.999384],[0.746483,0.66525,-0.0143325]]],"btipPosition":[-23.9287,290.416,-18.2185],"carpPosition":[8.83249,324.716,79.4061],"dipPosition":[-10.3266,302.538,-18.4797],"direction":[-0.707678,-0.64375,-0.291167],"extended":false,"handId":985,"id":9853,"length":62.8339,"mcpPosition":[28.4489,338.921,23.3225],"pipPosition":[8.79228,319.93,-10.6134],"stabilizedTipPosition":[-26.728,237.114,83.3135],"timeVisible":18.7182,"tipPosition":[-21.405,292.746,-16.7484],"tipVelocity":[35.2963,59.682,-164.689],"tool":false,"touchDistance":-0.815533,"touchZone":"hovering","type":3,"width":17.6296},{"bases":[[[0.499197,-0.862581,0.0821997],[0.740998,0.474148,0.475506],[-0.449137,-0.176462,0.875864]],[[0.511449,-0.857361,0.0579022],[0.702027,0.378026,-0.603535],[0.495559,0.349326,0.795231]],[[0.511449,-0.857361,0.0579022],[0.304044,0.117527,-0.945381],[0.803727,0.501119,0.320784]],[[0.511449,-0.857361,0.0579022],[0.0542662,-0.0350225,-0.997912],[0.857598,0.513523,0.0286135]]],"btipPosition":[-7.17738,291.781,-5.7292],"carpPosition":[14.26,312.039,77.8236],"dipPosition":[7.23901,300.413,-5.2482],"direction":[-0.803727,-0.501119,-0.320784],"extended":false,"handId":985,"id":9854,"length":49.2606,"mcpPosition":[39.6588,322.018,28.2935],"pipPosition":[22.5699,309.972,0.870668],"stabilizedTipPosition":[-9.01601,237.642,99.5908],"timeVisible":18.7182,"tipPosition":[-4.48451,293.446,-4.31723],"tipVelocity":[39.7724,59.5661,-172.848],"tool":false,"touchDistance":-0.767104,"touchZone":"hovering","type":4,"width":15.66}],"r":[[0.963532,0.0164268,0.267089],[-0.021455,0.999643,0.0159184],[-0.266732,-0.0210683,0.96354]],"s":1.05807,"t":[-9.41065,39.2304,-75.6668],"timestamp":669485070421},false],[3,{"currentFrameRate":51.6598,"devices":[],"gestures":[],"hands":[{"armBasis":[[0.789296,-0.58591,-0.183633],[0.561361,0.809755,-0.170792],[0.248767,0.0317214,0.968044]],"armWidth":62.1429,"confidence":0.60368,"direction":[0.300727,0.408166,-0.861953],"elbow":[64.8194,325.358,336.518],"grabStrength":0.189124,"id":985,"palmNormal":[-0.48098,-0.715526,-0.506637],"palmPosition":[7.00334,339.701,33.9466],"palmVelocity":[39.1399,50.6143,-137.121],"palmWidth":88.738,"pinchStrength":0.910519,"r":[[0.963072,0.0139703,0.268882],[-0.019297,0.999666,0.0171776],[-0.268553,-0.0217319,0.96302]],"s":1.06152,"sphereCenter":[-7.33843,304.777,-5.00728],"sphereRadius":47.6898,"stabilizedPalmPosition":[-0.916254,289.513,133.507],"t":[-8.65412,40.2025,-78.3017],"timeVisible":18.7375,"type":"right","wrist":[-0.685289,317.005,81.6147]}],"id":4969861,"interactionBox":{"center":[0,200,0],"size":[235.247,235.247,147.751]},"pointables":[{"bases":[[[0.820274,0.491497,0.292543],[-0.565044,0.616971,0.547788],[0.0887455,-0.614636,0.783803]],[[0.706488,0.704734,-0.064997],[-0.661542,0.690227,0.293171],[0.25147,-0.164124,0.953848]],[[0.706488,0.704734,-0.064997],[-0.707596,0.705127,-0.0458619],[0.0135106,0.0783925,0.996831]],[[0.706488,0.704734,-0.064997],[-0.704591,0.691753,-0.158203],[-0.0665294,0.157565,0.985265]]],"btipPosition":[-40.8243,325.656,-23.439],"carpPosition":[-29.6514,323.869,78.6308],"dipPosition":[-42.3428,329.252,-0.950978],"direction":[-0.0135106,-0.0783925,-0.996831],"extended":false,"handId":985,"id":9850,"length":50.8265,"mcpPosition":[-29.6514,323.869,78.6308],"pipPosition":[-41.8936,331.859,32.1954],"stabilizedTipPosition":[-47.0324,283.664,63.0611],"timeVisible":18.7375,"tipPosition":[-41.0064,327.044,-18.3568],"tipVelocity":[43.7303,60.6127,-142.352],"tool":false,"touchDistance":-0.771687,"touchZone":"hovering","type":0,"width":19.7488},{"bases":[[[0.862344,-0.490361,-0.126133],[0.499123,0.781418,0.374514],[-0.0850843,-0.385916,0.918602]],[[0.866225,-0.461421,-0.19169],[0.446065,0.887,-0.1194],[0.225122,0.017921,0.974166]],[[0.866225,-0.461421,-0.19169],[0.419619,0.880075,-0.222236],[0.271245,0.112069,0.955964]],[[0.866225,-0.461421,-0.19169],[0.399297,0.869894,-0.289563],[0.30036,0.174286,0.937768]]],"btipPosition":[-25.5898,358.706,-65.4398],"carpPosition":[-10.8634,337.314,79.4453],"dipPosition":[-20.585,361.61,-49.814],"direction":[-0.271245,-0.112069,-0.955964],"extended":true,"handId":985,"id":9851,"length":57.352,"mcpPosition":[-4.75872,365.003,13.5368],"pipPosition":[-14.1911,364.252,-27.2799],"stabilizedTipPosition":[-32.757,330.328,-15.6314],"timeVisible":18.7375,"tipPosition":[-25.0615,357.751,-61.3644],"tipVelocity":[67.6211,73.9319,-149.085],"tool":false,"touchDistance":-0.843155,"touchZone":"hovering","type":1,"width":18.8641},{"bases":[[[0.745112,-0.663971,-0.0628523],[0.635738,0.678605,0.367875],[-0.201607,-0.314066,0.927749]],[[0.730361,-0.683058,-0.00215236],[0.528411,0.566995,-0.631901],[0.432845,0.460378,0.775046]],[[0.730361,-0.683058,-0.00215236],[0.193001,0.209388,-0.958597],[0.655228,0.699706,0.28476]],[[0.730361,-0.683058,-0.00215236],[-0.0184384,-0.0165652,-0.999693],[0.682812,0.730176,-0.0246931]]],"btipPosition":[-37.0562,299.949,-28.9618],"carpPosition":[0.258183,333.007,78.041],"dipPosition":[-24.5424,313.331,-29.4143],"direction":[-0.655228,-0.699706,-0.28476],"extended":false,"handId":985,"id":9852,"length":65.348,"mcpPosition":[13.9757,354.377,14.9158],"pipPosition":[-6.37119,332.736,-21.5172],"stabilizedTipPosition":[-41.0383,250.033,67.4363],"timeVisible":18.7375,"tipPosition":[-34.6557,302.516,-27.6174],"tipVelocity":[47.2526,57.9887,-154.536],"tool":false,"touchDistance":-0.830953,"touchZone":"hovering","type":2,"width":18.527},{"bases":[[[0.657264,-0.752206,0.0468067],[0.680598,0.619076,0.391832],[-0.323715,-0.22568,0.918846]],[[0.659975,-0.750273,0.0390432],[0.6015,0.496541,-0.625816],[0.450146,0.436507,0.778993]],[[0.659975,-0.750273,0.0390432],[0.244609,0.165452,-0.955401],[0.710352,0.640091,0.292718]],[[0.659975,-0.750273,0.0390432],[0.0163631,-0.0376011,-0.999159],[0.75111,0.660058,-0.0125389]]],"btipPosition":[-22.8553,291.385,-20.883],"carpPosition":[9.86111,325.939,76.8724],"dipPosition":[-9.16895,303.412,-21.1115],"direction":[-0.710352,-0.640091,-0.292718],"extended":false,"handId":985,"id":9853,"length":62.8339,"mcpPosition":[29.6367,339.725,20.7404],"pipPosition":[10.0222,320.705,-13.2033],"stabilizedTipPosition":[-26.7051,237.3,82.9735],"timeVisible":18.7375,"tipPosition":[-20.3115,293.716,-19.4326],"tipVelocity":[45.9307,54.4198,-151.331],"tool":false,"touchDistance":-0.802167,"touchZone":"hovering","type":3,"width":17.6296},{"bases":[[[0.49383,-0.86515,0.0874488],[0.74325,0.472157,0.47397],[-0.451345,-0.169064,0.876188]],[[0.50546,-0.860435,0.0645137],[0.708583,0.371264,-0.600061],[0.492362,0.34902,0.797349]],[[0.50546,-0.860435,0.0645137],[0.31177,0.112408,-0.943485],[0.804556,0.497007,0.325075]],[[0.50546,-0.860435,0.0645137],[0.060934,-0.038986,-0.99738],[0.860696,0.508067,0.0327239]]],"btipPosition":[-6.05676,292.725,-8.43061],"carpPosition":[15.2134,313.221,75.3645],"dipPosition":[8.41171,301.266,-7.88051],"direction":[-0.804556,-0.497007,-0.325075],"extended":false,"handId":985,"id":9854,"length":49.2606,"mcpPosition":[40.737,322.782,25.816],"pipPosition":[23.7584,310.746,-1.67979],"stabilizedTipPosition":[-8.99956,237.791,99.3084],"timeVisible":18.7375,"tipPosition":[-3.36093,294.38,-7.00892],"tipVelocity":[49.2088,53.7536,-156.17],"tool":false,"touchDistance":-0.75901,"touchZone":"hovering","type":4,"width":15.66}],"r":[[0.963072,0.0139703,0.268882],[-0.019297,0.999666,0.0171776],[-0.268553,-0.0217319,0.96302]],"s":1.06152,"t":[-8.65412,40.2025,-78.3017],"timestamp":669485089699},false],[4,{"currentFrameRate":51.7269,"devices":[],"gestures":[],"hands":[{"armBasis":[[0.777939,-0.594996,-0.201967],[0.566769,0.803237,-0.183256],[0.271264,0.028093,0.962095]],"armWidth":62.1429,"confidence":0.564816,"direction":[0.317408,0.399386,-0.860083],"elbow":[70.3908,326.385,330.072],"grabStrength":0.178028,"id":985,"palmNormal":[-0.475348,-0.717796,-0.508737],"palmPosition":[7.57535,341.236,29.0144],"palmVelocity":[34.6131,65.3438,-197.017],"palmWidth":88.738,"pinchStrength":0.904384,"r":[[0.961766,0.0116342,0.273624],[-0.0167609,0.999725,0.0164059],[-0.273358,-0.0203648,0.961697]],"s":1.06529,"sphereCenter":[-6.5358,306.306,-9.931],"sphereRadius":47.6768,"stabilizedPalmPosition":[-0.900532,289.609,133.313],"t":[-7.98986,41.4561,-82.0853],"timeVisible":18.7566,"type":"right","wrist":[-1.03777,318.987,76.7352]}],"id":4969862,"interactionBox":{"center":[0,200,0],"size":[235.247,235.247,147.751]},"pointables":[{"bases":[[[0.817286,0.490455,0.302484],[-0.571662,0.624129,0.532603],[0.0724288,-0.608208,0.790467]],[[0.711183,0.700635,-0.0576996],[-0.662386,0.695323,0.278874],[0.235509,-0.160111,0.958593]],[[0.711183,0.700635,-0.0576996],[-0.703006,0.708651,-0.0599607],[-0.00112171,0.0832062,0.996532]],[[0.711183,0.700635,-0.0576996],[-0.697413,0.692809,-0.183387],[-0.0885128,0.170662,0.981346]]],"btipPosition":[-39.3245,327.083,-29.0104],"carpPosition":[-29.917,325.95,73.191],"dipPosition":[-41.3448,330.978,-6.61179],"direction":[0.00112171,-0.0832062,-0.996532],"extended":false,"handId":985,"id":9850,"length":50.8265,"mcpPosition":[-29.917,325.95,73.191],"pipPosition":[-41.3821,333.745,26.5246],"stabilizedTipPosition":[-47.0087,283.809,62.7763],"timeVisible":18.7566,"tipPosition":[-39.6124,328.426,-23.9589],"tipVelocity":[57.9546,69.3838,-216.735],"tool":false,"touchDistance":-0.806731,"touchZone":"hovering","type":0,"width":19.7488},{"bases":[[[0.862191,-0.495162,-0.106962],[0.496068,0.782463,0.376389],[-0.10268,-0.37758,0.920267]],[[0.867409,-0.466042,-0.174374],[0.452626,0.884564,-0.112589],[0.206717,0.0187347,0.978221]],[[0.867409,-0.466042,-0.174374],[0.428156,0.877591,-0.215677],[0.253544,0.112421,0.960769]],[[0.867409,-0.466042,-0.174374],[0.409059,0.867385,-0.283397],[0.283325,0.174492,0.943016]]],"btipPosition":[-23.0775,360.068,-71.1596],"carpPosition":[-11.0858,339.32,74.2156],"dipPosition":[-18.3565,362.976,-55.4464],"direction":[-0.253544,-0.112421,-0.960769],"extended":true,"handId":985,"id":9851,"length":57.352,"mcpPosition":[-3.7187,366.411,8.1876],"pipPosition":[-12.3799,365.626,-32.799],"stabilizedTipPosition":[-32.4937,331.071,-16.9012],"timeVisible":18.7566,"tipPosition":[-22.6063,359.111,-67.0824],"tipVelocity":[97.5401,72.7004,-222.932],"tool":false,"touchDistance":-0.872668,"touchZone":"hovering","type":1,"width":18.8641},{"bases":[[[0.743107,-0.667709,-0.0442347],[0.632315,0.679006,0.373],[-0.21902,-0.305149,0.926776]],[[0.727103,-0.686323,0.0167791],[0.542923,0.559881,-0.625913],[0.420184,0.464213,0.779712]],[[0.727103,-0.686323,0.0167791],[0.212773,0.202044,-0.955984],[0.652724,0.69867,0.292938]],[[0.727103,-0.686323,0.0167791],[0.00128322,-0.0230818,-0.999733],[0.686527,0.726931,-0.0159021]]],"btipPosition":[-35.4941,301.197,-34.5027],"carpPosition":[0.038981,334.954,73.0411],"dipPosition":[-22.9122,314.519,-34.7941],"direction":[-0.652724,-0.69867,-0.292938],"extended":false,"handId":985,"id":9852,"length":65.348,"mcpPosition":[14.9414,355.717,9.98209],"pipPosition":[-4.81043,333.895,-26.6702],"stabilizedTipPosition":[-41.0107,250.211,67.1021],"timeVisible":18.7566,"tipPosition":[-33.0974,303.775,-33.1537],"tipVelocity":[64.7407,61.2824,-220.624],"tool":false,"touchDistance":-0.858749,"touchZone":"hovering","type":2,"width":18.527},{"bases":[[[0.652982,-0.75461,0.0646386],[0.676487,0.619492,0.39824],[-0.340559,-0.216316,0.915001]],[[0.655603,-0.75291,0.0575398],[0.614946,0.488139,-0.619324],[0.438207,0.441415,0.783024]],[[0.655603,-0.75291,0.0575398],[0.262525,0.155821,-0.952261],[0.708001,0.639411,0.299815]],[[0.655603,-0.75291,0.0575398],[0.0341594,-0.0465511,-0.998332],[0.754332,0.656475,-0.00480009]]],"btipPosition":[-21.5335,292.578,-25.9291],"carpPosition":[9.62893,327.834,72.0998],"dipPosition":[-7.7884,304.54,-26.0166],"direction":[-0.708001,-0.639411,-0.299815],"extended":false,"handId":985,"id":9853,"length":62.8339,"mcpPosition":[30.4336,341.048,16.2026],"pipPosition":[11.3392,321.814,-17.9167],"stabilizedTipPosition":[-26.6829,237.455,82.6834],"timeVisible":18.7566,"tipPosition":[-18.9923,294.92,-24.4859],"tipVelocity":[57.7987,58.0227,-206.321],"tool":false,"touchDistance":-0.825489,"touchZone":"hovering","type":3,"width":17.6296},{"bases":[[[0.488366,-0.86649,0.10341],[0.737051,0.47302,0.482709],[-0.467178,-0.15952,0.869654]],[[0.500204,-0.862107,0.0810391],[0.723225,0.364482,-0.586598],[0.476173,0.352028,0.805813]],[[0.500204,-0.862107,0.0810391],[0.333379,0.105362,-0.936887],[0.799158,0.495651,0.340111]],[[0.500204,-0.862107,0.0810391],[0.082699,-0.0455982,-0.995531],[0.861949,0.50467,0.048487]]],"btipPosition":[-4.7852,294.024,-13.4753],"carpPosition":[14.9495,315.081,70.794],"dipPosition":[9.70434,302.508,-12.6602],"direction":[-0.799158,-0.495651,-0.340111],"extended":false,"handId":985,"id":9854,"length":49.2606,"mcpPosition":[41.3685,324.101,21.615],"pipPosition":[24.9481,311.962,-6.17269],"stabilizedTipPosition":[-8.98278,237.92,99.0581],"timeVisible":18.7566,"tipPosition":[-2.11369,295.68,-12.0069],"tipVelocity":[57.9338,60.4787,-207.995],"tool":false,"touchDistance":-0.786198,"touchZone":"hovering","type":4,"width":15.66}],"r":[[0.961766,0.0116342,0.273624],[-0.0167609,0.999725,0.0164059],[-0.273358,-0.0203648,0.961697]],"s":1.06529,"t":[-7.98986,41.4561,-82.0853],"timestamp":669485108784},false],[5,{"currentFrameRate":51.7297,"devices":[],"gestures":[],"hands":[{"armBasis":[[0.779479,-0.586109,-0.221107],[0.565232,0.810222,-0.155092],[0.270046,-0.00408545,0.962839]],"armWidth":62.1429,"confidence":0.568294,"direction":[0.319227,0.404629,-0.856954],"elbow":[70.8707,319.199,328.024],"grabStrength":0.169734,"id":985,"palmNormal":[-0.469839,-0.717735,-0.513915],"palmPosition":[8.47662,342.773,26.9065],"palmVelocity":[40.6059,72.4097,-153.236],"palmWidth":88.738,"pinchStrength":0.89686,"r":[[0.960452,0.0104171,0.27825],[-0.0156699,0.999738,0.0166604],[-0.278004,-0.0203616,0.960364]],"s":1.06915,"sphereCenter":[-5.44855,308.075,-12.2999],"sphereRadius":47.7059,"stabilizedPalmPosition":[-0.873999,289.759,133.012],"t":[-7.20709,42.8513,-85.031],"timeVisible":18.7759,"type":"right","wrist":[-0.23722,320.275,74.4918]}],"id":4969863,"interactionBox":{"center":[0,200,0],"size":[235.247,235.247,147.751]},"pointables":[{"bases":[[[0.813705,0.492885,0.308138],[-0.576818,0.619134,0.532873],[0.0718666,-0.611341,0.788097]],[[0.708898,0.703532,-0.0500592],[-0.665596,0.690775,0.282511],[0.233335,-0.166952,0.957957]],[[0.708898,0.703532,-0.0500592],[-0.705303,0.706767,-0.0550321],[-0.0033367,0.0743191,0.997229]],[[0.708898,0.703532,-0.0500592],[-0.698372,0.690223,-0.189389],[-0.0986894,0.169218,0.980625]]],"btipPosition":[-38.1288,328.914,-31.3229],"carpPosition":[-29.133,327.12,70.8542],"dipPosition":[-40.3813,332.776,-8.9408],"direction":[0.0033367,-0.0743191,-0.997229],"extended":false,"handId":985,"id":9850,"length":50.8265,"mcpPosition":[-29.133,327.12,70.8542],"pipPosition":[-40.4922,335.247,24.2188],"stabilizedTipPosition":[-46.9724,284.008,62.3907],"timeVisible":18.7759,"tipPosition":[-38.4646,330.116,-26.2796],"tipVelocity":[58.5367,81.8301,-168.506],"tool":false,"touchDistance":-0.789136,"touchZone":"hovering","type":0,"width":19.7488},{"bases":[[[0.864925,-0.490703,-0.105428],[0.490824,0.783079,0.381941],[-0.104862,-0.382097,0.918153]],[[0.870354,-0.460658,-0.174005],[0.449395,0.887517,-0.101772],[0.201315,0.0103807,0.979472]],[[0.870354,-0.460658,-0.174005],[0.425476,0.881397,-0.205205],[0.247897,0.104566,0.963127]],[[0.870354,-0.460658,-0.174005],[0.406717,0.871697,-0.27336],[0.277606,0.16715,0.946042]]],"btipPosition":[-21.7489,362.302,-73.3638],"carpPosition":[-10.3685,340.572,72.0182],"dipPosition":[-17.1232,365.087,-57.6001],"direction":[-0.247897,-0.104566,-0.963127],"extended":true,"handId":985,"id":9851,"length":57.352,"mcpPosition":[-2.84482,367.987,6.14187],"pipPosition":[-11.2797,367.552,-34.8971],"stabilizedTipPosition":[-32.1702,331.945,-18.3487],"timeVisible":18.7759,"tipPosition":[-21.2667,361.329,-69.3082],"tipVelocity":[82.6459,93.3316,-168.425],"tool":false,"touchDistance":-0.846622,"touchZone":"hovering","type":1,"width":18.8641},{"bases":[[[0.746375,-0.664072,-0.0439691],[0.627563,0.680267,0.378684],[-0.221563,-0.310234,0.924481]],[[0.7301,-0.683123,0.017224],[0.543884,0.565657,-0.619857],[0.413696,0.461926,0.784525]],[[0.7301,-0.683123,0.017224],[0.217725,0.208658,-0.953445],[0.647726,0.699861,0.301075]],[[0.7301,-0.683123,0.017224],[0.00764615,-0.0170373,-0.999826],[0.683297,0.730105,-0.00721565]]],"btipPosition":[-34.0759,302.867,-37.1263],"carpPosition":[0.78133,336.262,70.8724],"dipPosition":[-21.5532,316.248,-37.2585],"direction":[-0.647726,-0.699861,-0.301075],"extended":false,"handId":985,"id":9852,"length":65.348,"mcpPosition":[15.8567,357.371,7.9696],"pipPosition":[-3.59005,335.657,-28.9089],"stabilizedTipPosition":[-40.9694,250.445,66.6634],"timeVisible":18.7759,"tipPosition":[-31.688,305.461,-35.7748],"tipVelocity":[68.702,74.1645,-177.434],"tool":false,"touchDistance":-0.840012,"touchZone":"hovering","type":2,"width":18.527},{"bases":[[[0.656188,-0.751867,0.0641343],[0.671901,0.620848,0.403853],[-0.343461,-0.221911,0.912573]],[[0.658655,-0.750242,0.0575322],[0.61541,0.49313,-0.614893],[0.432948,0.440409,0.786509]],[[0.658655,-0.750242,0.0575322],[0.266078,0.16071,-0.95046],[0.703829,0.641334,0.305476]],[[0.658655,-0.750242,0.0575322],[0.03899,-0.0423275,-0.998343],[0.751434,0.659807,0.00137271]]],"btipPosition":[-20.1824,294.207,-28.3568],"carpPosition":[10.4081,329.19,69.9411],"dipPosition":[-6.49008,306.23,-28.3318],"direction":[-0.703829,-0.641334,-0.305476],"extended":false,"handId":985,"id":9853,"length":62.8339,"mcpPosition":[31.39,342.747,14.1923],"pipPosition":[12.5248,323.557,-20.0789],"stabilizedTipPosition":[-26.648,237.67,82.2823],"timeVisible":18.7759,"tipPosition":[-17.6396,296.571,-26.932],"tipVelocity":[63.5273,71.4928,-165.479],"tool":false,"touchDistance":-0.8073,"touchZone":"hovering","type":3,"width":17.6296},{"bases":[[[0.491928,-0.864675,0.101708],[0.732782,0.474286,0.487938],[-0.470146,-0.165501,0.866933]],[[0.503944,-0.860097,0.0792132],[0.724137,0.370724,-0.58154],[0.470814,0.350425,0.809652]],[[0.503944,-0.860097,0.0792132],[0.337246,0.111505,-0.93479],[0.795177,0.497796,0.346256]],[[0.503944,-0.860097,0.0792132],[0.0875702,-0.0403601,-0.99534],[0.859286,0.508532,0.0549796]]],"btipPosition":[-3.46807,295.699,-15.8718],"carpPosition":[15.7933,316.468,68.6023],"dipPosition":[10.9767,304.247,-14.9476],"direction":[-0.795177,-0.497796,-0.346256],"extended":false,"handId":985,"id":9854,"length":49.2606,"mcpPosition":[42.3801,325.827,19.5772],"pipPosition":[26.1445,313.743,-8.34286],"stabilizedTipPosition":[-8.95485,238.109,98.6956],"timeVisible":18.7759,"tipPosition":[-0.795919,297.368,-14.4118],"tipVelocity":[62.7664,73.9174,-165.538],"tool":false,"touchDistance":-0.771483,"touchZone":"hovering","type":4,"width":15.66}],"r":[[0.960452,0.0104171,0.27825],[-0.0156699,0.999738,0.0166604],[-0.278004,-0.0203616,0.960364]],"s":1.06915,"t":[-7.20709,42.8513,-85.031],"timestamp":669485128105},false],[6,{"currentFrameRate":51.6477,"devices":[],"gestures":[],"hands":[{"armBasis":[[0.782112,-0.577446,-0.234217],[0.558808,0.816265,-0.146442],[0.275746,-0.0163478,0.961092]],"armWidth":62.1429,"confidence":0.595433,"direction":[0.32149,0.40076,-0.857925],"elbow":[73.0099,316.57,325.516],"grabStrength":0.161812,"id":985,"palmNormal":[-0.458919,-0.726564,-0.511369],"palmPosition":[9.24113,343.068,24.7389],"palmVelocity":[39.7354,43.4916,-131.558],"palmWidth":88.738,"pinchStrength":0.887256,"r":[[0.958952,0.0118145,0.283322],[-0.016806,0.999743,0.0151938],[-0.28307,-0.0193317,0.958905]],"s":1.07319,"sphereCenter":[-4.15866,307.994,-14.3335],"sphereRadius":47.757,"stabilizedPalmPosition":[-0.845209,289.911,132.704],"t":[-6.43345,43.6968,-87.5877],"timeVisible":18.7956,"type":"right","wrist":[0.401243,320.875,72.4439]}],"id":4969864,"interactionBox":{"center":[0,200,0],"size":[235.247,235.247,147.751]},"pointables":[{"bases":[[[0.806498,0.503475,0.309959],[-0.586821,0.617697,0.523537],[0.072127,-0.604122,0.793621]],[[0.703234,0.709294,-0.0486236],[-0.673097,0.686246,0.275694],[0.228916,-0.161149,0.960015]],[[0.703234,0.709294,-0.0486236],[-0.710904,0.700682,-0.0604986],[-0.00884162,0.0771114,0.996983]],[[0.703234,0.709294,-0.0486236],[-0.702199,0.682241,-0.203627],[-0.111258,0.177341,0.97784]]],"btipPosition":[-36.8441,328.635,-33.6656],"carpPosition":[-28.5334,327.402,68.54],"dipPosition":[-39.3835,332.683,-11.347],"direction":[0.00884162,-0.0771114,-0.996983],"extended":false,"handId":985,"id":9850,"length":50.8265,"mcpPosition":[-28.5334,327.402,68.54],"pipPosition":[-39.6775,335.247,21.8044],"stabilizedTipPosition":[-46.9343,284.191,62.0271],"timeVisible":18.7956,"tipPosition":[-37.2355,329.717,-28.64],"tipVelocity":[60.2696,34.5301,-143.992],"tool":false,"touchDistance":-0.773915,"touchZone":"hovering","type":0,"width":19.7488},{"bases":[[[0.870494,-0.482906,-0.0950855],[0.480225,0.791031,0.379016],[-0.107814,-0.375594,0.920492]],[[0.876179,-0.452876,-0.164964],[0.441732,0.891435,-0.101074],[0.192829,0.0156891,0.981107]],[[0.876179,-0.452876,-0.164964],[0.418724,0.884714,-0.204821],[0.238705,0.110386,0.964798]],[[0.876179,-0.452876,-0.164964],[0.400574,0.874549,-0.27332],[0.268049,0.173397,0.947672]]],"btipPosition":[-20.3492,361.849,-75.9557],"carpPosition":[-9.91215,341.049,69.7292],"dipPosition":[-15.8828,364.738,-60.1649],"direction":[-0.238705,-0.110386,-0.964798],"extended":true,"handId":985,"id":9851,"length":57.352,"mcpPosition":[-2.17665,367.998,3.68503],"pipPosition":[-10.256,367.34,-37.4225],"stabilizedTipPosition":[-31.8842,332.625,-19.5502],"timeVisible":18.7956,"tipPosition":[-19.8712,360.914,-71.9047],"tipVelocity":[75.9265,35.2898,-149.808],"tool":false,"touchDistance":-0.829079,"touchZone":"hovering","type":1,"width":18.8641},{"bases":[[[0.753218,-0.656939,-0.0330599],[0.617995,0.689564,0.377601],[-0.225264,-0.304847,0.925378]],[[0.736604,-0.675726,0.0284378],[0.543502,0.566396,-0.619517],[0.402516,0.471795,0.784468]],[[0.736604,-0.675726,0.0284378],[0.224096,0.204182,-0.952938],[0.638118,0.708311,0.301829]],[[0.736604,-0.675726,0.0284378],[0.016756,-0.0238013,-0.999576],[0.676116,0.736769,-0.00620968]]],"btipPosition":[-32.3938,302.26,-39.3964],"carpPosition":[1.28795,336.842,68.7001],"dipPosition":[-20.0027,315.763,-39.5102],"direction":[-0.638118,-0.708311,-0.301829],"extended":false,"handId":985,"id":9852,"length":65.348,"mcpPosition":[16.6152,357.584,5.73618],"pipPosition":[-2.30604,335.406,-31.1397],"stabilizedTipPosition":[-40.9164,250.7,66.1708],"timeVisible":18.7956,"tipPosition":[-30.0325,304.898,-38.07],"tipVelocity":[76.4143,21.9307,-146.077],"tool":false,"touchDistance":-0.818332,"touchZone":"hovering","type":2,"width":18.527},{"bases":[[[0.663114,-0.74474,0.0751069],[0.662734,0.630798,0.403581],[-0.34794,-0.217845,0.911856]],[[0.665474,-0.743236,0.0688797],[0.615072,0.49375,-0.614733],[0.422882,0.451455,0.785722]],[[0.665474,-0.743236,0.0688797],[0.271672,0.155226,-0.949789],[0.695225,0.650773,0.305216]],[[0.665474,-0.743236,0.0688797],[0.0471056,-0.050278,-0.997624],[0.744933,0.667138,0.00155188]]],"btipPosition":[-18.5365,293.757,-30.3189],"carpPosition":[10.9909,329.859,67.8971],"dipPosition":[-4.96262,305.914,-30.2906],"direction":[-0.695225,-0.650773,-0.305216],"extended":false,"handId":985,"id":9853,"length":62.8339,"mcpPosition":[32.2464,343.167,12.1921],"pipPosition":[13.8198,323.495,-22.0448],"stabilizedTipPosition":[-26.5983,237.93,81.7846],"timeVisible":18.7956,"tipPosition":[-16.0128,296.17,-28.9254],"tipVelocity":[72.999,24.7083,-132.342],"tool":false,"touchDistance":-0.784324,"touchZone":"hovering","type":3,"width":17.6296},{"bases":[[[0.499708,-0.858868,0.112417],[0.724444,0.485543,0.489314],[-0.47484,-0.163075,0.864832]],[[0.51193,-0.85432,0.0898093],[0.724682,0.373363,-0.579168],[0.461263,0.361576,0.810246]],[[0.51193,-0.85432,0.0898093],[0.343111,0.107508,-0.933122],[0.787529,0.508507,0.348163]],[[0.51193,-0.85432,0.0898093],[0.095446,-0.0473319,-0.994309],[0.853709,0.517588,0.0573108]]],"btipPosition":[-1.91546,295.533,-17.7488],"carpPosition":[16.5115,317.18,66.7026],"dipPosition":[12.4355,304.234,-16.7854],"direction":[-0.787529,-0.508507,-0.348163],"extended":false,"handId":985,"id":9854,"length":49.2606,"mcpPosition":[43.3637,326.402,17.7963],"pipPosition":[27.4574,313.933,-10.1443],"stabilizedTipPosition":[-8.91283,238.351,98.2232],"timeVisible":18.7956,"tipPosition":[0.73811,297.244,-16.2992],"tipVeloc