{"sensorType":"Leap","data":[[0,{"currentFrameRate":46.8726,"devices":[],"gestures":[],"hands":[{"armBasis":[[0.818473,-0.532893,-0.214773],[0.509684,0.845974,-0.156685],[0.265189,0.018776,0.964014]],"armWidth":62.1429,"confidence":0.545122,"direction":[0.240094,0.44769,-0.861353],"elbow":[74.313,331.047,341.089],"grabStrength":0.313294,"id":985,"palmNormal":[-0.462613,-0.727305,-0.506967],"palmPosition":[8.83488,350.482,39.9906],"palmVelocity":[-33.248,62.7019,-220.445],"palmWidth":88.738,"pinchStrength":0.989397,"r":[[0.956653,0.0353901,0.289071],[-0.0461548,0.998468,0.0305052],[-0.287549,-0.0425249,0.956821]],"s":1.0182,"sphereCenter":[-1.49702,313.133,0.907],"sphereRadius":48.1057,"stabilizedPalmPosition":[4.1016,310.785,115.802],"t":[-5.43583,50.6509,-70.3729],"timeVisible":39.3046,"type":"right","wrist":[4.4842,326.103,87.2468]}],"id":4970922,"interactionBox":{"center":[0,200,0],"size":[235.247,235.247,147.751]},"pointables":[{"bases":[[[0.804042,0.528556,0.272295],[-0.573649,0.569192,0.589023],[0.156343,-0.629801,0.76086]],[[0.652702,0.752115,-0.0911272],[-0.694279,0.641938,0.325412],[0.303245,-0.149129,0.941171]],[[0.652702,0.752115,-0.0911272],[-0.754091,0.656537,0.0174955],[0.072987,0.0572989,0.995686]],[[0.652702,0.752115,-0.0911272],[-0.752079,0.628714,-0.197726],[-0.0914198,0.197591,0.976012]]],"btipPosition":[-40.0201,332.255,-15.5185],"carpPosition":[-24.9171,331.411,85.6849],"dipPosition":[-42.1067,336.765,6.75835],"direction":[-0.072987,-0.0572989,-0.995686],"extended":false,"handId":985,"id":9850,"length":50.8265,"mcpPosition":[-24.9171,331.411,85.6849],"pipPosition":[-39.6798,338.671,39.8666],"stabilizedTipPosition":[-41.4704,303.155,49.0179],"timeVisible":39.3046,"tipPosition":[-39.994,333.05,-10.4338],"tipVelocity":[-20.1059,40.6168,-224.001],"tool":false,"touchDistance":-0.865541,"touchZone":"hovering","type":0,"width":19.7488},{"bases":[[[0.881627,-0.43764,-0.176647],[0.471349,0.797683,0.376208],[-0.0237352,-0.414938,0.90954]],[[0.881742,-0.417021,-0.220511],[0.381648,0.905373,-0.186133],[0.277266,0.0799633,0.95746]],[[0.881742,-0.417021,-0.220511],[0.348851,0.891093,-0.29027],[0.317545,0.179017,0.931192]],[[0.881742,-0.417021,-0.220511],[0.325299,0.876045,-0.355985],[0.341631,0.242154,0.908102]]],"btipPosition":[-29.9689,364.026,-56.3487],"carpPosition":[-6.87698,345.86,86.1081],"dipPosition":[-24.2764,368.061,-41.2172],"direction":[-0.317545,-0.179017,-0.931192],"extended":true,"handId":985,"id":9851,"length":57.352,"mcpPosition":[-5.17401,375.632,20.8497],"pipPosition":[-16.7912,372.281,-19.267],"stabilizedTipPosition":[-27.6667,342.8,-13.0939],"timeVisible":39.3046,"tipPosition":[-29.2443,363.062,-52.1586],"tipVelocity":[-30.9807,100.511,-228.526],"tool":false,"touchDistance":-1,"touchZone":"hovering","type":1,"width":18.8641},{"bases":[[[0.776957,-0.619206,-0.11367],[0.612977,0.702907,0.360805],[-0.143514,-0.350007,0.925688]],[[0.767756,-0.637743,-0.0619237],[0.447052,0.602397,-0.661258],[0.459016,0.480002,0.747598]],[[0.767756,-0.637743,-0.0619237],[0.0864572,0.19887,-0.976205],[0.634883,0.744133,0.207821]],[[0.767756,-0.637743,-0.0619237],[-0.122864,-0.0516795,-0.991077],[0.628853,0.768513,-0.118033]]],"btipPosition":[-36.5519,308.754,-17.6162],"carpPosition":[4.39234,342.224,84.1117],"dipPosition":[-25.0269,322.839,-19.7794],"direction":[-0.634883,-0.744133,-0.207821],"extended":false,"handId":985,"id":9852,"length":65.348,"mcpPosition":[14.1572,366.039,21.1267],"pipPosition":[-7.41998,343.475,-14.016],"stabilizedTipPosition":[-38.5638,267.075,58.2521],"timeVisible":39.3046,"tipPosition":[-34.2558,311.406,-16.5906],"tipVelocity":[-1.4765,45.8949,-237.059],"tool":false,"touchDistance":-0.926358,"touchZone":"hovering","type":2,"width":18.527},{"bases":[[[0.698935,-0.715178,-0.00308143],[0.662034,0.645356,0.381087],[-0.270556,-0.268395,0.924534]],[[0.704469,-0.709377,-0.022519],[0.520424,0.537876,-0.663211],[0.482579,0.455492,0.748094]],[[0.704469,-0.709377,-0.022519],[0.129908,0.160072,-0.97852],[0.697744,0.686412,0.20492]],[[0.704469,-0.709377,-0.022519],[-0.100182,-0.0679773,-0.992644],[0.702629,0.701543,-0.118954]]],"btipPosition":[-21.8447,300.96,-10.1127],"carpPosition":[14.3085,335.739,82.3327],"dipPosition":[-9.04165,313.743,-12.2803],"direction":[-0.697744,-0.686412,-0.20492],"extended":false,"handId":985,"id":9853,"length":62.8339,"mcpPosition":[30.8367,352.135,25.8532],"pipPosition":[9.80887,332.288,-6.74409],"stabilizedTipPosition":[-25.2884,249.722,83.8254],"timeVisible":39.3046,"tipPosition":[-19.2678,303.474,-9.23643],"tipVelocity":[5.02876,53.7876,-238.171],"tool":false,"touchDistance":-0.884947,"touchZone":"hovering","type":3,"width":17.6296},{"bases":[[[0.543864,-0.83817,0.0410201],[0.736163,0.499999,0.456142],[-0.402834,-0.217882,0.888961]],[[0.555138,-0.831611,0.015636],[0.64986,0.421925,-0.632188],[0.519137,0.361113,0.774657]],[[0.555138,-0.831611,0.015636],[0.213396,0.124232,-0.969035],[0.803918,0.541285,0.246428]],[[0.555138,-0.831611,0.015636],[-0.0485266,-0.0511489,-0.997511],[0.830341,0.552998,-0.06875]]],"btipPosition":[-4.13498,303.635,-0.30298],"carpPosition":[20.2794,323.387,80.226],"dipPosition":[9.82322,312.931,-1.45868],"direction":[-0.803918,-0.541285,-0.246428],"extended":false,"handId":985,"id":9854,"length":49.2606,"mcpPosition":[43.0597,335.708,29.9552],"pipPosition":[25.1577,323.256,3.24187],"stabilizedTipPosition":[-7.81203,252.397,84.242],"timeVisible":39.3046,"tipPosition":[-1.3585,305.452,0.755524],"tipVelocity":[5.27212,66.242,-241.775],"tool":false,"touchDistance":-0.827357,"touchZone":"hovering","type":4,"width":15.66}],"r":[[0.956653,0.0353901,0.289071],[-0.0461548,0.998468,0.0305052],[-0.287549,-0.0425249,0.956821]],"s":1.0182,"t":[-5.43583,50.6509,-70.3729],"timestamp":669505656802},false],[1,{"currentFrameRate":47.3925,"devices":[],"gestures":[],"hands":[{"armBasis":[[0.822614,-0.520837,-0.228111],[0.497884,0.853562,-0.153436],[0.274622,0.0126462,0.961469]],"armWidth":62.1429,"confidence":0.555634,"direction":[0.235578,0.456682,-0.857872],"elbow":[76.1869,329.737,338.54],"grabStrength":0.295322,"id":985,"palmNormal":[-0.451519,-0.730235,-0.512725],"palmPosition":[7.98034,351.158,38.2836],"palmVelocity":[-39.0121,49.327,-156.118],"palmWidth":88.738,"pinchStrength":0.986293,"r":[[0.956794,0.0409672,0.287865],[-0.0540636,0.997826,0.0376899],[-0.285695,-0.0516245,0.956929]],"s":1.02375,"sphereCenter":[-2.21057,314.329,-1.079],"sphereRadius":47.9789,"stabilizedPalmPosition":[4.11384,310.912,115.557],"t":[-6.17822,51.6414,-73.4862],"timeVisible":39.3236,"type":"right","wrist":[3.87404,326.407,85.3683]}],"id":4970923,"interactionBox":{"center":[0,200,0],"size":[235.247,235.247,147.751]},"pointables":[{"bases":[[[0.796123,0.537784,0.277446],[-0.582619,0.557286,0.591597],[0.163535,-0.632629,0.756992]],[[0.643118,0.761182,-0.0836787],[-0.702979,0.630185,0.329678],[0.303678,-0.153197,0.940378]],[[0.643118,0.761182,-0.0836787],[-0.762578,0.646567,0.0206446],[0.0698181,0.0505346,0.996279]],[[0.643118,0.761182,-0.0836787],[-0.759526,0.620133,-0.196356],[-0.0975711,0.189836,0.976955]]],"btipPosition":[-40.473,332.763,-17.4251],"carpPosition":[-25.5947,331.319,83.7809],"dipPosition":[-42.7,337.096,4.87331],"direction":[-0.0698181,-0.0505346,-0.996279],"extended":false,"handId":985,"id":9850,"length":50.8265,"mcpPosition":[-25.5947,331.319,83.7809],"pipPosition":[-40.3784,338.776,38.0013],"stabilizedTipPosition":[-41.4687,303.263,48.8018],"timeVisible":39.3236,"tipPosition":[-40.5133,333.486,-12.3405],"tipVelocity":[-22.7737,32.7158,-162.965],"tool":false,"touchDistance":-0.835845,"touchZone":"hovering","type":0,"width":19.7488},{"bases":[[[0.887937,-0.424241,-0.177726],[0.459538,0.801595,0.382453],[-0.019788,-0.421267,0.906721]],[[0.887815,-0.402625,-0.222884],[0.371626,0.912907,-0.168805],[0.271438,0.0670382,0.960118]],[[0.887815,-0.402625,-0.222884],[0.339633,0.900057,-0.273033],[0.310538,0.166704,0.935829]],[[0.887815,-0.402625,-0.222884],[0.316567,0.885839,-0.339226],[0.33402,0.230612,0.913919]]],"btipPosition":[-30.5958,365.657,-58.2351],"carpPosition":[-7.75686,346.013,84.3371],"dipPosition":[-25.0302,369.5,-43.0067],"direction":[-0.310538,-0.166704,-0.935829],"extended":true,"handId":985,"id":9851,"length":57.352,"mcpPosition":[-6.3371,376.238,19.281],"pipPosition":[-17.7101,373.429,-20.9471],"stabilizedTipPosition":[-27.7235,343.617,-14.5278],"timeVisible":39.3236,"tipPosition":[-29.869,364.627,-54.0638],"tipVelocity":[-32.7204,92.1126,-164.291],"tool":false,"touchDistance":-1,"touchZone":"hovering","type":1,"width":18.8641},{"bases":[[[0.785663,-0.60765,-0.116168],[0.602493,0.708888,0.366715],[-0.140484,-0.358105,0.923052]],[[0.776573,-0.626734,-0.0643433],[0.440655,0.613303,-0.655502],[0.450287,0.480691,0.752448]],[[0.776573,-0.626734,-0.0643433],[0.0866814,0.207441,-0.974399],[0.624036,0.751115,0.215419]],[[0.776573,-0.626734,-0.0643433],[-0.119179,-0.0458487,-0.991814],[0.618653,0.777884,-0.110299]]],"btipPosition":[-36.6867,309.229,-19.7892],"carpPosition":[3.56554,342.546,82.3398],"dipPosition":[-25.3488,323.485,-21.8106],"direction":[-0.624036,-0.751115,-0.21542],"extended":false,"handId":985,"id":9852,"length":65.348,"mcpPosition":[13.1242,366.912,19.5342],"pipPosition":[-8.0426,344.316,-15.8365],"stabilizedTipPosition":[-38.5509,267.205,58.0274],"timeVisible":39.3236,"tipPosition":[-34.4218,311.92,-18.7713],"tipVelocity":[-5.35667,36.6215,-175.777],"tool":false,"touchDistance":-0.894161,"touchZone":"hovering","type":2,"width":18.527},{"bases":[[[0.708757,-0.705423,-0.00637933],[0.6523,0.651886,0.386716],[-0.26864,-0.278249,0.922177]],[[0.712807,-0.701059,-0.0205669],[0.519624,0.547572,-0.655863],[0.47106,0.456816,0.7546]],[[0.712807,-0.701059,-0.0205669],[0.136945,0.16788,-0.976249],[0.687861,0.69306,0.215672]],[[0.712807,-0.701059,-0.0205669],[-0.0903663,-0.0627218,-0.993932],[0.695515,0.71034,-0.108061]]],"btipPosition":[-21.7978,301.636,-12.5356],"carpPosition":[13.5738,336.21,80.5383],"dipPosition":[-9.12444,314.579,-14.5046],"direction":[-0.687861,-0.69306,-0.215672],"extended":false,"handId":985,"id":9853,"length":62.8339,"mcpPosition":[29.985,353.208,24.2028],"pipPosition":[9.45907,333.303,-8.67795],"stabilizedTipPosition":[-25.2719,249.863,83.577],"timeVisible":39.3236,"tipPosition":[-19.2557,304.175,-11.6154],"tipVelocity":[2.99373,45.7569,-182.477],"tool":false,"touchDistance":-0.860444,"touchZone":"hovering","type":3,"width":17.6296},{"bases":[[[0.555315,-0.830835,0.0365871],[0.728283,0.50707,0.460959],[-0.401533,-0.229331,0.886667]],[[0.566361,-0.824074,0.0116971],[0.646019,0.435087,-0.627184],[0.511757,0.362769,0.778783]],[[0.566361,-0.824074,0.0116971],[0.215847,0.134618,-0.967103],[0.79539,0.550254,0.254117]],[[0.566361,-0.824074,0.0116971],[-0.0430926,-0.0437836,-0.998111],[0.82303,0.564787,-0.0603088]]],"btipPosition":[-4.22883,304.425,-2.46793],"carpPosition":[19.719,323.956,78.3622],"dipPosition":[9.60646,313.919,-3.48174],"direction":[-0.79539,-0.550254,-0.254117],"extended":false,"handId":985,"id":9854,"length":49.2606,"mcpPosition":[42.4258,336.925,28.2211],"pipPosition":[24.7783,324.415,1.36547],"stabilizedTipPosition":[-7.79406,252.541,84.0111],"timeVisible":39.3236,"tipPosition":[-1.46978,306.282,-1.40131],"tipVelocity":[-0.48684,55.2746,-177.963],"tool":false,"touchDistance":-0.80494,"touchZone":"hovering","type":4,"width":15.66}],"r":[[0.956794,0.0409672,0.287865],[-0.0540636,0.997826,0.0376899],[-0.285695,-0.0516245,0.956929]],"s":1.02375,"t":[-6.17822,51.6414,-73.4862],"timestamp":669505675811},false],[2,{"currentFrameRate":47.8067,"devices":[],"gestures":[],"hands":[{"armBasis":[[0.829195,-0.519552,-0.206158],[0.49225,0.853486,-0.17103],[0.264812,0.0403359,0.963456]],"armWidth":62.1429,"confidence":0.555852,"direction":[0.225392,0.460624,-0.858501],"elbow":[73.946,337.272,336.712],"grabStrength":0.279761,"id":985,"palmNormal":[-0.455165,-0.729314,-0.510809],"palmPosition":[7.7648,351.597,35.9904],"palmVelocity":[-25.1824,36.144,-137.681],"palmWidth":88.738,"pinchStrength":0.983768,"r":[[0.957456,0.0456796,0.28494],[-0.0607718,0.997166,0.044347],[-0.282107,-0.0597767,0.957519]],"s":1.02918,"sphereCenter":[-3.1308,315.234,-3.40968],"sphereRadius":47.8765,"stabilizedPalmPosition":[4.12208,311.004,115.378],"t":[-6.65718,52.3563,-76.1895],"timeVisible":39.3429,"type":"right","wrist":[4.21631,326.651,83.0175]}],"id":4970924,"interactionBox":{"center":[0,200,0],"size":[235.247,235.247,147.751]},"pointables":[{"bases":[[[0.797721,0.538632,0.27114],[-0.577662,0.553533,0.599923],[0.173053,-0.635199,0.752712]],[[0.641068,0.76261,-0.0863601],[-0.700276,0.627263,0.340814],[0.314079,-0.158009,0.936156]],[[0.641068,0.76261,-0.0863601],[-0.763343,0.645233,0.031338],[0.079621,0.0458326,0.995771]],[[0.641068,0.76261,-0.0863601],[-0.762248,0.619528,-0.187519],[-0.0895011,0.18604,0.978457]]],"btipPosition":[-41.174,333.419,-19.2566],"carpPosition":[-25.2793,331.497,81.7613],"dipPosition":[-43.2169,337.665,3.07605],"direction":[-0.079621,-0.0458326,-0.995771],"extended":false,"handId":985,"id":9850,"length":50.8265,"mcpPosition":[-25.2793,331.497,81.7613],"pipPosition":[-40.5693,339.189,36.1872],"stabilizedTipPosition":[-41.4691,303.348,48.6301],"timeVisible":39.3429,"tipPosition":[-41.2141,334.093,-14.1735],"tipVelocity":[-28.4465,32.8636,-129.012],"tool":false,"touchDistance":-0.807948,"touchZone":"hovering","type":0,"width":19.7488},{"bases":[[[0.887023,-0.42137,-0.18878],[0.461634,0.801205,0.380742],[-0.00918243,-0.424874,0.905206]],[[0.886342,-0.399225,-0.234556],[0.369862,0.915195,-0.160065],[0.278566,0.055119,0.958834]],[[0.886342,-0.399225,-0.234556],[0.337212,0.903693,-0.263869],[0.317309,0.154783,0.935605]],[[0.886342,-0.399225,-0.234556],[0.313656,0.890311,-0.330101],[0.340612,0.219013,0.914339]]],"btipPosition":[-31.6399,367.109,-60.2244],"carpPosition":[-7.47186,346.233,82.1869],"dipPosition":[-25.9644,370.759,-44.989],"direction":[-0.317309,-0.154783,-0.935605],"extended":true,"handId":985,"id":9851,"length":57.352,"mcpPosition":[-6.81303,376.717,17.2395],"pipPosition":[-18.4847,374.407,-22.9348],"stabilizedTipPosition":[-27.829,344.6,-16.2319],"timeVisible":39.3429,"tipPosition":[-30.8796,366.04,-56.0781],"tipVelocity":[-42.7391,82.6535,-133.911],"tool":false,"touchDistance":-0.967924,"touchZone":"hovering","type":1,"width":18.8641},{"bases":[[[0.785846,-0.605269,-0.12687],[0.604637,0.70891,0.363127],[-0.12985,-0.362072,0.923062]],[[0.777314,-0.624646,-0.074836],[0.432805,0.617296,-0.656982],[0.456577,0.478292,0.750183]],[[0.777314,-0.624646,-0.074836],[0.0767823,0.212262,-0.974192],[0.62441,0.751507,0.212956]],[[0.777314,-0.624646,-0.074836],[-0.128692,-0.0414394,-0.990818],[0.615809,0.779808,-0.112598]]],"btipPosition":[-37.3927,309.821,-21.8563],"carpPosition":[3.83706,342.801,80.0564],"dipPosition":[-26.1068,324.112,-23.9199],"direction":[-0.62441,-0.751507,-0.212956],"extended":false,"handId":985,"id":9852,"length":65.348,"mcpPosition":[12.6722,367.437,17.2501],"pipPosition":[-8.7903,344.954,-18.0141],"stabilizedTipPosition":[-38.5435,267.295,57.8688],"timeVisible":39.3429,"tipPosition":[-35.1164,312.527,-20.881],"tipVelocity":[-21.2142,33.9029,-141.988],"tool":false,"touchDistance":-0.864231,"touchZone":"hovering","type":2,"width":18.527},{"bases":[[[0.710341,-0.703661,-0.0166619],[0.654789,0.651951,0.382375],[-0.258199,-0.282527,0.923857]],[[0.713279,-0.700346,-0.0273452],[0.514678,0.549868,-0.657838],[0.47575,0.455148,0.752663]],[[0.713279,-0.700346,-0.0273452],[0.130461,0.171001,-0.976595],[0.688631,0.693018,0.213339]],[[0.713279,-0.700346,-0.0273452],[-0.0968307,-0.0598274,-0.993501],[0.694159,0.711292,-0.110489]]],"btipPosition":[-22.369,302.24,-14.8607],"carpPosition":[13.8409,336.497,78.1241],"dipPosition":[-9.72035,315.201,-16.874],"direction":[-0.688631,-0.693018,-0.213339],"extended":false,"handId":985,"id":9853,"length":62.8339,"mcpPosition":[29.6142,353.757,21.686],"pipPosition":[8.88397,333.924,-11.1104],"stabilizedTipPosition":[-25.2619,249.958,83.4069],"timeVisible":39.3429,"tipPosition":[-19.8171,304.79,-13.9789],"tipVelocity":[-13.3756,38.7213,-152.025],"tool":false,"touchDistance":-0.837763,"touchZone":"hovering","type":3,"width":17.6296},{"bases":[[[0.557663,-0.829614,0.0274277],[0.731901,0.507031,0.455237],[-0.391578,-0.233794,0.889948]],[[0.568055,-0.822984,0.00333542],[0.640243,0.439366,-0.630117],[0.517111,0.360076,0.776493]],[[0.568055,-0.822984,0.00333542],[0.208935,0.140293,-0.967814],[0.796028,0.550468,0.251644]],[[0.568055,-0.822984,0.00333542],[-0.0497627,-0.0383929,-0.998023],[0.821485,0.566766,-0.0627631]]],"btipPosition":[-4.68953,305.044,-5.01354],"carpPosition":[19.9921,324.267,75.8347],"dipPosition":[9.11979,314.571,-6.0686],"direction":[-0.796028,-0.550468,-0.251644],"extended":false,"handId":985,"id":9854,"length":49.2606,"mcpPosition":[42.1359,337.488,25.5081],"pipPosition":[24.3038,325.071,-1.26855],"stabilizedTipPosition":[-7.78227,252.644,83.8436],"timeVisible":39.3429,"tipPosition":[-1.92164,306.906,-3.96805],"tipVelocity":[-12.2834,43.9586,-155.424],"tool":false,"touchDistance":-0.791106,"touchZone":"hovering","type":4,"width":15.66}],"r":[[0.957456,0.0456796,0.28494],[-0.0607718,0.997166,0.044347],[-0.282107,-0.0597767,0.957519]],"s":1.02918,"t":[-6.65718,52.3563,-76.1895],"timestamp":669505695078},false],[3,{"currentFrameRate":48.1566,"devices":[],"gestures":[],"hands":[{"armBasis":[[0.830573,-0.515345,-0.211112],[0.490621,0.856468,-0.16048],[0.263513,0.0297145,0.964198]],"armWidth":62.1429,"confidence":0.513135,"direction":[0.216511,0.459939,-0.86115],"elbow":[72.9735,334.988,332.458],"grabStrength":0.263963,"id":985,"palmNormal":[-0.457827,-0.731234,-0.505658],"palmPosition":[6.64898,352.05,31.4745],"palmVelocity":[-41.3463,29.7492,-185.249],"palmWidth":88.738,"pinchStrength":0.982118,"r":[[0.958433,0.0500462,0.280896],[-0.0665463,0.996554,0.049507],[-0.27745,-0.0661416,0.958461]],"s":1.03444,"sphereCenter":[-4.8818,315.942,-7.76755],"sphereRadius":47.7692,"stabilizedPalmPosition":[4.12581,311.064,115.254],"t":[-7.45457,52.9399,-79.7991],"timeVisible":39.3623,"type":"right","wrist":[3.58584,327.163,78.5676]}],"id":4970925,"interactionBox":{"center":[0,200,0],"size":[235.247,235.247,147.751]},"pointables":[{"bases":[[[0.798718,0.541082,0.26321],[-0.573703,0.552926,0.604266],[0.181422,-0.633643,0.752052]],[[0.639084,0.763618,-0.0919791],[-0.698135,0.626109,0.347268],[0.322769,-0.157719,0.933244]],[[0.639084,0.763618,-0.0919791],[-0.764179,0.643964,0.0366155],[0.0871915,0.0468882,0.995088]],[[0.639084,0.763618,-0.0919791],[-0.764515,0.617594,-0.184645],[-0.0841924,0.188323,0.978492]]],"btipPosition":[-42.623,333.753,-23.2859],"carpPosition":[-25.9323,331.932,77.5683],"dipPosition":[-44.5446,338.051,-0.952428],"direction":[-0.0871915,-0.0468882,-0.995088],"extended":false,"handId":985,"id":9850,"length":50.8265,"mcpPosition":[-25.9323,331.932,77.5683],"pipPosition":[-41.6453,339.61,32.136],"stabilizedTipPosition":[-41.4726,303.416,48.4852],"timeVisible":39.3623,"tipPosition":[-42.6943,334.42,-18.2085],"tipVelocity":[-50.8408,25.352,-168.372],"tool":false,"touchDistance":-0.815923,"touchZone":"hovering","type":0,"width":19.7488},{"bases":[[[0.886386,-0.419363,-0.196099],[0.462947,0.80295,0.375436],[0.0000141993,-0.423564,0.905866]],[[0.885207,-0.396979,-0.242519],[0.368426,0.916554,-0.155534],[0.284025,0.0483294,0.957598]],[[0.885207,-0.396979,-0.242519],[0.335184,0.905785,-0.25924],[0.322582,0.148193,0.934869]],[[0.885207,-0.396979,-0.242519],[0.311159,0.892808,-0.32569],[0.345815,0.212841,0.913844]]],"btipPosition":[-33.4275,368.039,-64.568],"carpPosition":[-8.15991,346.714,77.8133],"dipPosition":[-27.6653,371.586,-49.3409],"direction":[-0.322582,-0.148193,-0.934869],"extended":true,"handId":985,"id":9851,"length":57.352,"mcpPosition":[-8.16093,377.104,12.8185],"pipPosition":[-20.0613,375.079,-27.304],"stabilizedTipPosition":[-27.9671,345.384,-17.6814],"timeVisible":39.3623,"tipPosition":[-32.6432,366.949,-60.4384],"tipVelocity":[-66.9256,64.7316,-178.975],"tool":false,"touchDistance":-0.964648,"touchZone":"hovering","type":1,"width":18.8641},{"bases":[[[0.786243,-0.60343,-0.133021],[0.606024,0.710998,0.356675],[-0.120651,-0.361047,0.92471]],[[0.778198,-0.62281,-0.080719],[0.425818,0.617741,-0.661117],[0.461614,0.480108,0.745929]],[[0.778198,-0.62281,-0.080719],[0.0683002,0.211698,-0.974946],[0.624294,0.753188,0.207281]],[[0.778198,-0.62281,-0.080719],[-0.136702,-0.0425386,-0.989698],[0.612961,0.781216,-0.118243]]],"btipPosition":[-38.8987,310.1,-25.9775],"carpPosition":[3.13834,343.308,75.5866],"dipPosition":[-27.665,324.418,-28.1445],"direction":[-0.624294,-0.753187,-0.207281],"extended":false,"handId":985,"id":9852,"length":65.348,"mcpPosition":[11.3476,367.874,12.6682],"pipPosition":[-10.3517,345.306,-22.396],"stabilizedTipPosition":[-38.5401,267.367,57.7385],"timeVisible":39.3623,"tipPosition":[-36.6144,312.826,-25.0543],"tipVelocity":[-49.7146,24.3301,-177.855],"tool":false,"touchDistance":-0.868315,"touchZone":"hovering","type":2,"width":18.527},{"bases":[[[0.711982,-0.701853,-0.0219988],[0.656494,0.654197,0.375555],[-0.249193,-0.281831,0.926539]],[[0.714117,-0.699381,-0.0300385],[0.509874,0.54906,-0.66224],[0.479651,0.457601,0.748689]],[[0.714117,-0.699381,-0.0300385],[0.12449,0.169105,-0.977704],[0.688868,0.694456,0.207826]],[[0.714117,-0.699381,-0.0300385],[-0.102619,-0.0621417,-0.992778],[0.692464,0.712042,-0.116147]]],"btipPosition":[-23.7648,302.568,-19.1495],"carpPosition":[13.1408,337.027,73.574],"dipPosition":[-11.147,315.543,-21.2659],"direction":[-0.688868,-0.694456,-0.207826],"extended":false,"handId":985,"id":9853,"length":62.8339,"mcpPosition":[28.3639,354.244,16.9721],"pipPosition":[7.4637,334.305,-15.6512],"stabilizedTipPosition":[-25.2566,250.026,83.2824],"timeVisible":39.3623,"tipPosition":[-21.2061,305.134,-18.3154],"tipVelocity":[-42.8241,27.9225,-187.197],"tool":false,"touchDistance":-0.847007,"touchZone":"hovering","type":3,"width":17.6296},{"bases":[[[0.56003,-0.828135,0.0236376],[0.73463,0.509582,0.447934],[-0.382995,-0.233492,0.893754]],[[0.569906,-0.82171,0.000132232],[0.635168,0.440425,-0.634498],[0.521315,0.361688,0.772925]],[[0.569906,-0.82171,0.000132232],[0.20303,0.140658,-0.969017],[0.796232,0.552275,0.246994]],[[0.569906,-0.82171,0.000132232],[-0.0554362,-0.0386089,-0.997715],[0.819838,0.568597,-0.0675559]]],"btipPosition":[-5.9853,305.448,-9.52379],"carpPosition":[19.3029,324.809,71.2474],"dipPosition":[7.79633,315.006,-10.6594],"direction":[-0.796232,-0.552275,-0.246994],"extended":false,"handId":985,"id":9854,"length":49.2606,"mcpPosition":[40.9613,338.013,20.7055],"pipPosition":[22.9842,325.541,-5.94808],"stabilizedTipPosition":[-7.77604,252.713,83.7262],"timeVisible":39.3623,"tipPosition":[-3.21053,307.323,-8.51201],"tipVelocity":[-39.6826,32.6174,-194.47],"tool":false,"touchDistance":-0.80826,"touchZone":"hovering","type":4,"width":15.66}],"r":[[0.958433,0.0500462,0.280896],[-0.0665463,0.996554,0.049507],[-0.27745,-0.0661416,0.958461]],"s":1.03444,"t":[-7.45457,52.9399,-79.7991],"timestamp":669505714460},false],[4,{"currentFrameRate":48.5139,"devices":[],"gestures":[],"hands":[{"armBasis":[[0.825512,-0.519463,-0.220653],[0.498475,0.854422,-0.146581],[0.264674,0.0110146,0.964275]],"armWidth":62.1429,"confidence":0.526969,"direction":[0.209635,0.447259,-0.86949],"elbow":[73.2672,329.964,329.876],"grabStrength":0.252569,"id":985,"palmNormal":[-0.46848,-0.734591,-0.490819],"palmPosition":[6.25993,351.316,28.5199],"palmVelocity":[-30.8847,-3.95657,-169.658],"palmWidth":88.738,"pinchStrength":0.979522,"r":[[0.959882,0.0529879,0.275352],[-0.0696851,0.996254,0.0512074],[-0.271607,-0.068341,0.959979]],"s":1.03909,"sphereCenter":[-6.20946,314.992,-10.1188],"sphereRadius":47.7191,"stabilizedPalmPosition":[4.12749,311.096,115.186],"t":[-8.04779,52.8646,-83.0812],"timeVisible":39.3815,"type":"right","wrist":[3.57383,327.063,75.9653]}],"id":4970926,"interactionBox":{"center":[0,200,0],"size":[235.247,235.247,147.751]},"pointables":[{"bases":[[[0.805282,0.538997,0.246988],[-0.56301,0.564601,0.603527],[0.185849,-0.625067,0.758124]],[[0.644079,0.757346,-0.107659],[-0.689012,0.635496,0.348434],[0.332302,-0.150241,0.93113]],[[0.644079,0.757346,-0.107659],[-0.75866,0.650441,0.0369002],[0.097972,0.0579098,0.993503]],[[0.644079,0.757346,-0.107659],[-0.761228,0.620674,-0.187873],[-0.0754639,0.202958,0.976275]]],"btipPosition":[-43.6339,332.775,-25.4066],"carpPosition":[-25.9214,332.019,75.2414],"dipPosition":[-45.3563,337.407,-3.12371],"direction":[-0.097972,-0.0579098,-0.993503],"extended":false,"handId":985,"id":9850,"length":50.8265,"mcpPosition":[-25.9214,332.019,75.2414],"pipPosition":[-42.0986,339.333,29.912],"stabilizedTipPosition":[-41.4775,303.474,48.3535],"timeVisible":39.3815,"tipPosition":[-43.7241,333.484,-20.3435],"tipVelocity":[-50.545,-10.4756,-139.92],"tool":false,"touchDistance":-0.794649,"touchZone":"hovering","type":0,"width":19.7488},{"bases":[[[0.881256,-0.427892,-0.200737],[0.472577,0.804576,0.359622],[0.00762854,-0.411783,0.91125]],[[0.879684,-0.406034,-0.247574],[0.374639,0.912348,-0.165123],[0.292919,0.0525052,0.954695]],[[0.879684,-0.406034,-0.247574],[0.340259,0.901089,-0.268818],[0.332235,0.152236,0.93083]],[[0.879684,-0.406034,-0.247574],[0.315367,0.887736,-0.335364],[0.355949,0.216938,0.908977]]],"btipPosition":[-34.6324,366.823,-67.3791],"carpPosition":[-8.04941,346.681,75.0905],"dipPosition":[-28.7013,370.438,-52.2331],"direction":[-0.332235,-0.152236,-0.93083],"extended":true,"handId":985,"id":9851,"length":57.352,"mcpPosition":[-8.59675,376.226,9.70944],"pipPosition":[-20.8698,374.026,-30.2914],"stabilizedTipPosition":[-28.0776,345.848,-18.6445],"timeVisible":39.3815,"tipPosition":[-33.8158,365.8,-63.2644],"tipVelocity":[-63.839,1.633,-163.271],"tool":false,"touchDistance":-0.938962,"touchZone":"hovering","type":1,"width":18.8641},{"bases":[[[0.780623,-0.610441,-0.134124],[0.614813,0.711417,0.340427],[-0.112392,-0.348206,0.930656]],[[0.773029,-0.629135,-0.0813415],[0.422722,0.606474,-0.673421],[0.473004,0.486189,0.734771]],[[0.773029,-0.629135,-0.0813415],[0.0591577,0.199158,-0.97818],[0.631607,0.751349,0.191173]],[[0.773029,-0.629135,-0.0813415],[-0.14773,-0.0538358,-0.987561],[0.61693,0.77543,-0.134559]]],"btipPosition":[-40.2104,308.96,-27.919],"carpPosition":[3.19952,343.171,72.7794],"dipPosition":[-28.904,323.172,-30.385],"direction":[-0.631607,-0.751349,-0.191173],"extended":false,"handId":985,"id":9852,"length":65.348,"mcpPosition":[10.8468,366.863,9.45641],"pipPosition":[-11.3879,344.008,-25.0833],"stabilizedTipPosition":[-38.5384,267.449,57.5794],"timeVisible":39.3815,"tipPosition":[-37.8917,311.693,-27.0841],"tipVelocity":[-58.4937,-17.8045,-141.548],"tool":false,"touchDistance":-0.839971,"touchZone":"hovering","type":2,"width":18.527},{"bases":[[[0.706992,-0.70691,-0.0209871],[0.665118,0.654523,0.359468],[-0.240375,-0.2681,0.932921]],[[0.708195,-0.705549,-0.0256905],[0.509666,0.536081,-0.672947],[0.488569,0.463484,0.739245]],[[0.708195,-0.705549,-0.0256905],[0.119147,0.155302,-0.980655],[0.69589,0.691435,0.194049]],[[0.708195,-0.705549,-0.0256905],[-0.110222,-0.0745466,-0.991107],[0.69736,0.704729,-0.13056]]],"btipPosition":[-24.9757,301.457,-21.3324],"carpPosition":[13.1361,336.796,70.7347],"dipPosition":[-12.2687,314.298,-23.7114],"direction":[-0.69589,-0.691435,-0.194049],"extended":false,"handId":985,"id":9853,"length":62.8339,"mcpPosition":[27.8205,353.174,13.7428],"pipPosition":[6.5317,332.978,-18.4689],"stabilizedTipPosition":[-25.2529,250.089,83.1595],"timeVisible":39.3815,"tipPosition":[-22.3917,304.014,-20.5611],"tipVelocity":[-52.321,-15.4128,-152.273],"tool":false,"touchDistance":-0.824289,"touchZone":"hovering","type":3,"width":17.6296},{"bases":[[[0.554739,-0.831552,0.0280253],[0.743117,0.510331,0.432828],[-0.374221,-0.21928,0.901041]],[[0.564202,-0.825623,0.00478763],[0.631839,0.42803,-0.646197],[0.531466,0.367611,0.763156]],[[0.564202,-0.825623,0.00478763],[0.194738,0.127438,-0.972541],[0.802342,0.549642,0.232681]],[[0.564202,-0.825623,0.00478763],[-0.0652312,-0.0503558,-0.996599],[0.823056,0.561971,-0.0822672]]],"btipPosition":[-7.11555,304.3,-11.8289],"carpPosition":[19.1895,324.508,68.4971],"dipPosition":[6.72017,313.747,-13.2118],"direction":[-0.802342,-0.549642,-0.232681],"extended":false,"handId":985,"id":9854,"length":49.2606,"mcpPosition":[40.3517,336.908,17.5432],"pipPosition":[22.0246,324.231,-8.77351],"stabilizedTipPosition":[-7.77207,252.769,83.627],"timeVisible":39.3815,"tipPosition":[-4.31185,306.174,-10.8904],"tipVelocity":[-48.8629,-13.8675,-159.004],"tool":false,"touchDistance":-0.791198,"touchZone":"hovering","type":4,"width":15.66}],"r":[[0.959882,0.0529879,0.275352],[-0.0696851,0.996254,0.0512074],[-0.271607,-0.068341,0.959979]],"s":1.03909,"t":[-8.04779,52.8646,-83.0812],"timestamp":669505733669},false],[5,{"currentFrameRate":48.8024,"devices":[],"gestures":[],"hands":[{"armBasis":[[0.827038,-0.518297,-0.217658],[0.498236,0.855143,-0.14315],[0.260324,0.0099456,0.96547]],"armWidth":62.1429,"confidence":0.55198,"direction":[0.198979,0.454357,-0.868313],"elbow":[72.3296,328.197,327.144],"grabStrength":0.234931,"id":985,"palmNormal":[-0.476011,-0.729681,-0.490897],"palmPosition":[5.88699,350.23,25.651],"palmVelocity":[-25.086,-29.9335,-158.929],"palmWidth":88.738,"pinchStrength":0.976426,"r":[[0.961734,0.0545988,0.268491],[-0.0717446,0.995935,0.0544608],[-0.264426,-0.0716396,0.961741]],"s":1.04429,"sphereCenter":[-7.52041,314.63,-13.119],"sphereRadius":47.6179,"stabilizedPalmPosition":[4.12842,311.117,115.138],"t":[-8.53087,52.2845,-86.1567],"timeVisible":39.4009,"type":"right","wrist":[3.78182,325.578,72.9191]}],"id":4970927,"interactionBox":{"center":[0,200,0],"size":[235.247,235.247,147.751]},"pointables":[{"bases":[[[0.809292,0.535679,0.24103],[-0.554189,0.560257,0.615619],[0.194735,-0.631791,0.750279]],[[0.645011,0.756525,-0.107844],[-0.68223,0.633662,0.364739],[0.344271,-0.161686,0.924843]],[[0.645011,0.756525,-0.107844],[-0.756235,0.652211,0.0522473],[0.109863,0.0478553,0.992794]],[[0.645011,0.756525,-0.107844],[-0.7612,0.623636,-0.177911],[-0.0673387,0.196845,0.978119]]],"btipPosition":[-44.5885,332.37,-27.7376],"carpPosition":[-25.7125,330.583,72.6229],"dipPosition":[-46.1255,336.863,-5.4126],"direction":[-0.109863,-0.0478553,-0.992794],"extended":false,"handId":985,"id":9850,"length":50.8265,"mcpPosition":[-25.7125,330.583,72.6229],"pipPosition":[-42.4723,338.454,27.5995],"stabilizedTipPosition":[-41.4842,303.533,48.2157],"timeVisible":39.4009,"tipPosition":[-44.7021,333.012,-22.6775],"tipVelocity":[-48.8223,-16.5049,-129.92],"tool":false,"touchDistance":-0.778337,"touchZone":"touching","type":0,"width":19.7488},{"bases":[[[0.877881,-0.427463,-0.21587],[0.478507,0.800778,0.360259],[0.018867,-0.41956,0.907532]],[[0.875709,-0.405042,-0.262822],[0.376947,0.913661,-0.1521],[0.301737,0.0341259,0.95278]],[[0.875709,-0.405042,-0.262822],[0.34197,0.904559,-0.254617],[0.340868,0.133093,0.930642]],[[0.875709,-0.405042,-0.262822],[0.316615,0.89267,-0.320773],[0.36454,0.19769,0.909961]]],"btipPosition":[-35.9261,367.461,-69.7712],"carpPosition":[-7.82068,345.22,72.3634],"dipPosition":[-29.8519,370.756,-54.6087],"direction":[-0.340868,-0.133093,-0.930642],"extended":true,"handId":985,"id":9851,"length":57.352,"mcpPosition":[-9.17437,375.323,7.24916],"pipPosition":[-21.8169,373.893,-32.6715],"stabilizedTipPosition":[-28.1825,346.212,-19.4188],"timeVisible":39.4009,"tipPosition":[-35.0965,366.331,-65.6695],"tipVelocity":[-64.4715,15.3631,-143.35],"tool":false,"touchDistance":-0.909224,"touchZone":"hovering","type":1,"width":18.8641},{"bases":[[[0.777836,-0.610425,-0.149506],[0.620332,0.707576,0.338414],[-0.100789,-0.355974,0.929045]],[[0.770882,-0.629601,-0.0966622],[0.41526,0.611805,-0.673241],[0.483012,0.478849,0.733078]],[[0.770882,-0.629601,-0.0966622],[0.0473123,0.207927,-0.976999],[0.635219,0.748578,0.190075]],[[0.770882,-0.629601,-0.0966622],[-0.160122,-0.0446593,-0.986086],[0.616525,0.775634,-0.13524]]],"btipPosition":[-41.371,308.449,-30.5905],"carpPosition":[3.39154,341.712,69.8757],"dipPosition":[-30.072,322.664,-33.069],"direction":[-0.635219,-0.748578,-0.190075],"extended":false,"handId":985,"id":9852,"length":65.348,"mcpPosition":[10.2494,365.933,6.66238],"pipPosition":[-12.4558,343.424,-27.7977],"stabilizedTipPosition":[-38.5389,267.547,57.3834],"timeVisible":39.4009,"tipPosition":[-39.0321,311.182,-29.7882],"tipVelocity":[-59.2566,-22.0791,-139.831],"tool":false,"touchDistance":-0.824423,"touchZone":"hovering","type":2,"width":18.527},{"bases":[[[0.705535,-0.707748,-0.0362428],[0.670791,0.650448,0.356311],[-0.228604,-0.275701,0.933664]],[[0.70622,-0.706914,-0.0390535],[0.502105,0.538974,-0.676312],[0.499143,0.458016,0.735579]],[[0.70622,-0.706914,-0.0390535],[0.107173,0.161267,-0.981074],[0.699834,0.688669,0.189652]],[[0.70622,-0.706914,-0.0390535],[-0.122431,-0.0676091,-0.990171],[0.697326,0.70406,-0.134295]]],"btipPosition":[-26.1071,300.791,-24.1187],"carpPosition":[13.2904,335.341,67.6471],"dipPosition":[-13.4008,313.62,-26.5658],"direction":[-0.699834,-0.688669,-0.189652],"extended":false,"handId":985,"id":9853,"length":62.8339,"mcpPosition":[27.2558,352.183,10.6099],"pipPosition":[5.50622,332.226,-21.4421],"stabilizedTipPosition":[-25.2501,250.162,83.0138],"timeVisible":39.4009,"tipPosition":[-23.4825,303.376,-23.4536],"tipVelocity":[-55.3691,-24.9444,-148.493],"tool":false,"touchDistance":-0.812223,"touchZone":"hovering","type":3,"width":17.6296},{"bases":[[[0.553737,-0.832579,0.0136908],[0.749512,0.505519,0.427414],[-0.362777,-0.226414,0.903952]],[[0.562664,-0.826637,-0.00899236],[0.625238,0.432645,-0.649536],[0.540821,0.359848,0.760278]],[[0.562664,-0.826637,-0.00899236],[0.184403,0.136105,-0.973381],[0.805856,0.546029,0.229016]],[[0.562664,-0.826637,-0.00899236],[-0.0761011,-0.040962,-0.996258],[0.823175,0.561243,-0.0859558]]],"btipPosition":[-8.04921,303.608,-15.0334],"carpPosition":[19.2946,323.063,65.2261],"dipPosition":[5.78852,313.042,-16.4783],"direction":[-0.805856,-0.546029,-0.229016],"extended":false,"handId":985,"id":9854,"length":49.2606,"mcpPosition":[39.8097,335.867,14.1076],"pipPosition":[21.16,323.458,-12.1099],"stabilizedTipPosition":[-7.76936,252.818,83.5347],"timeVisible":39.4009,"tipPosition":[-5.22575,305.474,-14.1286],"tipVelocity":[-48.5272,-24.8569,-162.6],"tool":false,"touchDistance":-0.788692,"touchZone":"hovering","type":4,"width":15.66}],"r":[[0.961734,0.0545988,0.268491],[-0.0717446,0.995935,0.0544608],[-0.264426,-0.0716396,0.961741]],"s":1.04429,"t":[-8.53087,52.2845,-86.1567],"timestamp":669505753034},false],[6,{"currentFrameRate":49.1611,"devices":[],"gestures":[],"hands":[{"armBasis":[[0.825448,-0.525206,-0.206866],[0.504543,0.850808,-0.146837],[0.253123,0.0168336,0.967288]],"armWidth":62.1429,"confidence":0.572958,"direction":[0.195423,0.443431,-0.874745],"elbow":[69.6546,329.095,324.367],"grabStrength":0.215949,"id":985,"palmNormal":[-0.485032,-0.731522,-0.479186],"palmPosition":[4.91446,348.783,22.1138],"palmVelocity":[-37.975,-52.7444,-172.555],"palmWidth":88.738,"pinchStrength":0.973734,"r":[[0.96366,0.0551017,0.261387],[-0.0718652,0.995896,0.0550067],[-0.257283,-0.0717923,0.963666]],"s":1.05007,"sphereCenter":[-9.46804,313.316,-16.1329],"sphereRadius":47.4751,"stabilizedPalmPosition":[4.12888,311.139,115.083],"t":[-9.25867,51.2708,-89.4631],"timeVisible":39.4198,"type":"right","wrist":[3.00296,324.662,69.6636]}],"id":4970928,"interactionBox":{"center":[0,200,0],"size":[235.247,235.247,147.751]},"pointables":[{"bases":[[[0.814955,0.53241,0.228884],[-0.545345,0.570913,0.613724],[0.19608,-0.624978,0.755616]],[[0.650871,0.749783,-0.119128],[-0.673926,0.642866,0.36407],[0.349557,-0.15668,0.923722]],[[0.650871,0.749783,-0.119128],[-0.750178,0.659283,0.0507884],[0.116619,0.0563103,0.991579]],[[0.650871,0.749783,-0.119128],[-0.756617,0.627728,-0.182998],[-0.062429,0.209242,0.975869]]],"btipPosition":[-45.9263,330.856,-30.6732],"carpPosition":[-26.4563,329.877,69.5409],"dipPosition":[-47.3512,335.632,-8.39958],"direction":[-0.116619,-0.0563103,-0.991579],"extended":false,"handId":985,"id":9850,"length":50.8265,"mcpPosition":[-26.4563,329.877,69.5409],"pipPosition":[-43.4734,337.505,24.5721],"stabilizedTipPosition":[-41.498,303.614,48.0032],"timeVisible":39.4198,"tipPosition":[-46.0914,331.53,-25.6187],"tipVelocity":[-58.8521,-45.9543,-142.506],"tool":false,"touchDistance":-0.773048,"touchZone":"touching","type":0,"width":19.7488},{"bases":[[[0.873093,-0.436118,-0.217969],[0.487013,0.801174,0.347763],[0.0229656,-0.409783,0.911894]],[[0.870697,-0.414093,-0.265355],[0.385656,0.909676,-0.154138],[0.305214,0.0318719,0.95175]],[[0.870697,-0.414093,-0.265355],[0.350668,0.901,-0.255402],[0.344845,0.129327,0.929708]],[[0.870697,-0.414093,-0.265355],[0.325187,0.889485,-0.321044],[0.368971,0.193243,0.90913]]],"btipPosition":[-37.1758,366.178,-73.3857],"carpPosition":[-8.46302,344.381,68.9829],"dipPosition":[-31.0277,369.398,-58.2371],"direction":[-0.344845,-0.129327,-0.929708],"extended":true,"handId":985,"id":9851,"length":57.352,"mcpPosition":[-10.1108,373.782,3.55563],"pipPosition":[-22.899,372.447,-36.3218],"stabilizedTipPosition":[-28.2712,346.454,-20.0096],"timeVisible":39.4198,"tipPosition":[-36.3654,365.015,-69.2717],"tipVelocity":[-64.7561,-25.8994,-166.714],"tool":false,"touchDistance":-0.9009,"touchZone":"hovering","type":1,"width":18.8641},{"bases":[[[0.772266,-0.617619,-0.148835],[0.627995,0.706718,0.325842],[-0.096062,-0.345104,0.933635]],[[0.765571,-0.636206,-0.0956198],[0.414696,0.601627,-0.682694],[0.491861,0.482998,0.724421]],[[0.765571,-0.636206,-0.0956198],[0.0416936,0.197379,-0.97944],[0.641999,0.745845,0.177633]],[[0.765571,-0.636206,-0.0956198],[-0.16764,-0.0537779,-0.98438],[0.621126,0.769643,-0.147824]]],"btipPosition":[-43.0685,306.753,-33.3489],"carpPosition":[2.70409,340.765,66.447],"dipPosition":[-31.6852,320.858,-36.0581],"direction":[-0.641999,-0.745845,-0.177633],"extended":false,"handId":985,"id":9852,"length":65.348,"mcpPosition":[9.24027,364.247,2.92129],"pipPosition":[-13.8809,341.542,-31.1319],"stabilizedTipPosition":[-38.5467,267.72,57.011],"timeVisible":39.4198,"tipPosition":[-40.6992,309.487,-32.6188],"tipVelocity":[-73.6499,-55.8585,-144.023],"tool":false,"touchDistance":-0.812487,"touchZone":"hovering","type":2,"width":18.527},{"bases":[[[0.700159,-0.713179,-0.0339577],[0.678182,0.649424,0.343972],[-0.223261,-0.263865,0.938366]],[[0.699877,-0.713512,-0.0327713],[0.501085,0.523171,-0.689351],[0.509005,0.46604,0.723686]],[[0.699877,-0.713512,-0.0327713],[0.101365,0.144635,-0.984279],[0.707035,0.685552,0.173552]],[[0.699877,-0.713512,-0.0327713],[-0.129298,-0.0814365,-0.988256],[0.702463,0.695895,-0.149251]]],"btipPosition":[-27.9024,298.909,-26.6156],"carpPosition":[12.5395,334.298,64.2117],"dipPosition":[-15.1024,311.59,-29.3352],"direction":[-0.707035,-0.685552,-0.173552],"extended":false,"handId":985,"id":9853,"length":62.8339,"mcpPosition":[26.1784,350.418,6.88724],"pipPosition":[3.99914,330.111,-24.6465],"stabilizedTipPosition":[-25.2491,250.332,82.6492],"timeVisible":39.4198,"tipPosition":[-25.2006,301.559,-26.1892],"tipVelocity":[-74.1515,-62.3679,-141.899],"tool":false,"touchDistance":-0.797728,"touchZone":"hovering","type":3,"width":17.6296},{"bases":[[[0.547869,-0.836359,0.0185119],[0.75642,0.504713,0.416045],[-0.357306,-0.213936,0.909156]],[[0.55653,-0.830818,-0.00395628],[0.623024,0.420478,-0.659575],[0.54965,0.364608,0.751629]],[[0.55653,-0.830818,-0.00395628],[0.17769,0.123676,-0.976284],[0.811604,0.542628,0.216458]],[[0.55653,-0.830818,-0.00395628],[-0.0840314,-0.0515504,-0.995129],[0.826567,0.554151,-0.0985042]]],"btipPosition":[-9.68755,301.811,-17.9263],"carpPosition":[18.4368,321.952,61.8787],"dipPosition":[4.2072,311.126,-19.5822],"direction":[-0.811604,-0.542628,-0.216458],"extended":false,"handId":985,"id":9854,"length":49.2606,"mcpPosition":[38.6425,334.05,10.4659],"pipPosition":[19.6883,321.477,-15.4533],"stabilizedTipPosition":[-7.76703,252.911,83.3489],"timeVisible":3