{"sensorType":"Leap","data":[[0,{"currentFrameRate":51.8923,"devices":[],"gestures":[],"hands":[{"armBasis":[[0.827356,-0.533298,-0.176282],[0.506138,0.843952,-0.177679],[0.24353,0.0577808,0.968171]],"armWidth":62.1429,"confidence":0.574073,"direction":[0.318279,0.361654,-0.876302],"elbow":[69.2886,332.71,346.761],"grabStrength":0.0129832,"id":985,"palmNormal":[-0.393566,-0.790539,-0.469205],"palmPosition":[13.855,336.885,42.8865],"palmVelocity":[20.781,73.1881,-185.309],"palmWidth":88.738,"pinchStrength":0.65968,"r":[[0.942999,0.12351,0.309028],[-0.0973678,0.990343,-0.0986943],[-0.318233,0.0629793,0.945918]],"s":1.14375,"sphereCenter":[0.425424,300.165,4.79037],"sphereRadius":48.8023,"stabilizedPalmPosition":[10.6769,298.605,72.3501],"t":[-1.44786,36.9502,-68.4236],"timeVisible":21.7224,"type":"right","wrist":[5.16288,317.495,91.8248]}],"id":4970016,"interactionBox":{"center":[0,200,0],"size":[235.247,235.247,147.751]},"pointables":[{"bases":[[[0.761166,0.578777,0.292648],[-0.642292,0.610145,0.463879],[0.0899251,-0.541055,0.836166]],[[0.678469,0.73416,-0.0262323],[-0.701658,0.658183,0.272893],[0.217613,-0.166744,0.961687]],[[0.678469,0.73416,-0.0262323],[-0.734544,0.677415,-0.0394207],[-0.0111709,0.0460145,0.998878]],[[0.678469,0.73416,-0.0262323],[-0.718915,0.656188,-0.229301],[-0.15113,0.174432,0.973002]]],"btipPosition":[-30.7956,324.308,-15.4705],"carpPosition":[-24.0226,321.702,86.7691],"dipPosition":[-34.2451,328.29,6.73768],"direction":[0.0111709,-0.0460145,-0.998878],"extended":false,"handId":985,"id":9850,"length":50.8265,"mcpPosition":[-24.0226,321.702,86.7691],"pipPosition":[-34.6165,329.82,39.9521],"stabilizedTipPosition":[-32.1815,289.594,23.7626],"timeVisible":21.7224,"tipPosition":[-30.9866,325.71,-10.2683],"tipVelocity":[16.5084,102.311,-199.427],"tool":false,"touchDistance":-0.577935,"touchZone":"hovering","type":0,"width":19.7488},{"bases":[[[0.903637,-0.426482,-0.039407],[0.414274,0.846989,0.333147],[-0.108704,-0.317369,0.942051]],[[0.910105,-0.381785,-0.161085],[0.376636,0.924244,-0.0626006],[0.172782,-0.00369753,0.984953]],[[0.910105,-0.381785,-0.161085],[0.352109,0.917469,-0.185119],[0.218467,0.111758,0.969424]],[[0.910105,-0.381785,-0.161085],[0.331798,0.904291,-0.268641],[0.248231,0.191044,0.949675]]],"btipPosition":[-15.1384,353.772,-60.1039],"carpPosition":[-6.4124,336.664,87.4313],"dipPosition":[-11.0022,356.955,-44.2797],"direction":[-0.218467,-0.111758,-0.969424],"extended":true,"handId":985,"id":9851,"length":57.352,"mcpPosition":[1.38696,359.435,19.8403],"pipPosition":[-5.85245,359.59,-21.4283],"stabilizedTipPosition":[-17.6251,330.012,-34.5055],"timeVisible":21.7224,"tipPosition":[-14.4141,353.463,-56.2153],"tipVelocity":[47.1193,149.8,-187.284],"tool":false,"touchDistance":-0.555288,"touchZone":"hovering","type":1,"width":18.8641},{"bases":[[[0.796691,-0.603539,0.0320177],[0.558594,0.75552,0.34229],[-0.230775,-0.254814,0.939049]],[[0.784044,-0.615617,0.0793144],[0.522086,0.584957,-0.620687],[0.33571,0.528055,0.780037]],[[0.784044,-0.615617,0.0793144],[0.279136,0.235569,-0.930908],[0.554399,0.752013,0.356537]],[[0.784044,-0.615617,0.0793144],[0.112235,0.0149323,-0.99357],[0.610474,0.787904,0.0808011]]],"btipPosition":[-21.5692,290.406,-24.955],"carpPosition":[5.07244,333.186,86.9751],"dipPosition":[-10.3811,304.846,-23.4742],"direction":[-0.554399,-0.752013,-0.356537],"extended":false,"handId":985,"id":9852,"length":65.348,"mcpPosition":[20.7747,350.524,23.081],"pipPosition":[4.99384,325.702,-13.5865],"stabilizedTipPosition":[-19.6968,253.414,15.7808],"timeVisible":21.7224,"tipPosition":[-19.24,293.466,-23.7321],"tipVelocity":[22.2492,107.563,-209.2],"tool":false,"touchDistance":-0.651024,"touchZone":"hovering","type":2,"width":18.527},{"bases":[[[0.709655,-0.689684,0.143962],[0.606445,0.701961,0.373463],[-0.358628,-0.177725,0.916406]],[[0.738207,-0.671573,0.0635579],[0.545342,0.538672,-0.64221],[0.397054,0.508745,0.763889]],[[0.738207,-0.671573,0.0635579],[0.271801,0.209884,-0.939187],[0.617393,0.71059,0.337473]],[[0.738207,-0.671573,0.0635579],[0.0951568,0.0103926,-0.995408],[0.667829,0.740865,0.0715767]]],"btipPosition":[-8.99543,282.85,-12.784],"carpPosition":[15.2459,326.858,86.906],"dipPosition":[3.17347,296.35,-11.4797],"direction":[-0.617393,-0.71059,-0.337473],"extended":false,"handId":985,"id":9853,"length":62.8339,"mcpPosition":[37.1544,337.715,30.9231],"pipPosition":[19.8532,315.547,-2.36245],"stabilizedTipPosition":[-5.86602,244.352,29.9381],"timeVisible":21.7224,"tipPosition":[-6.28649,285.908,-11.9641],"tipVelocity":[18.8769,99.0472,-208.333],"tool":false,"touchDistance":-0.65138,"touchZone":"hovering","type":3,"width":17.6296},{"bases":[[[0.553356,-0.812059,0.18536],[0.675357,0.567667,0.470794],[-0.487535,-0.135332,0.862551]],[[0.60628,-0.79082,0.08383],[0.669348,0.450531,-0.590758],[0.429416,0.414277,0.802482]],[[0.60628,-0.79082,0.08383],[0.356878,0.176356,-0.917353],[0.710677,0.58609,0.389148]],[[0.60628,-0.79082,0.08383],[0.153389,0.0128549,-0.988082],[0.780318,0.611914,0.129097]]],"btipPosition":[7.73504,286.444,0.708493],"carpPosition":[21.6462,314.543,86.7517],"dipPosition":[20.8523,296.73,2.87864],"direction":[-0.710677,-0.58609,-0.389148],"extended":false,"handId":985,"id":9854,"length":49.2606,"mcpPosition":[49.2163,322.196,37.9744],"pipPosition":[34.4083,307.91,10.3015],"stabilizedTipPosition":[10.5752,247.403,42.2638],"timeVisible":21.7224,"tipPosition":[10.514,288.715,1.83497],"tipVelocity":[19.2409,92.2455,-208.623],"tool":false,"touchDistance":-0.638763,"touchZone":"hovering","type":4,"width":15.66}],"r":[[0.942999,0.12351,0.309028],[-0.0973678,0.990343,-0.0986943],[-0.318233,0.0629793,0.945918]],"s":1.14375,"t":[-1.44786,36.9502,-68.4236],"timestamp":669488074602},false],[1,{"currentFrameRate":51.9155,"devices":[],"gestures":[],"hands":[{"armBasis":[[0.831751,-0.522238,-0.188303],[0.498025,0.851793,-0.162539],[0.245279,0.0414123,0.968568]],"armWidth":62.1429,"confidence":0.585611,"direction":[0.315583,0.370245,-0.873685],"elbow":[70.5026,329.515,341.932],"grabStrength":0.00283467,"id":985,"palmNormal":[-0.385463,-0.791326,-0.474576],"palmPosition":[14.4661,338.391,38.0848],"palmVelocity":[26.2724,75.86,-217.551],"palmWidth":88.738,"pinchStrength":0.661851,"r":[[0.942117,0.121141,0.312636],[-0.0974311,0.991125,-0.0904399],[-0.320817,0.0547445,0.945558]],"s":1.14747,"sphereCenter":[1.0762,302.209,-0.286287],"sphereRadius":48.6825,"stabilizedPalmPosition":[10.693,298.773,72.2049],"t":[-0.941373,38.4077,-72.611],"timeVisible":21.7416,"type":"right","wrist":[5.91624,318.61,86.8911]}],"id":4970017,"interactionBox":{"center":[0,200,0],"size":[235.247,235.247,147.751]},"pointables":[{"bases":[[[0.755259,0.584247,0.297051],[-0.648596,0.600964,0.467081],[0.0943737,-0.545434,0.832824]],[[0.670556,0.741506,-0.022905],[-0.708646,0.649364,0.275949],[0.219491,-0.168807,0.960899]],[[0.670556,0.741506,-0.022905],[-0.741786,0.669735,-0.0347743],[-0.0104451,0.0403088,0.999133]],[[0.670556,0.741506,-0.022905],[-0.72572,0.649249,-0.22761],[-0.153903,0.169248,0.973483]]],"btipPosition":[-30.1291,325.581,-20.3877],"carpPosition":[-23.3039,322.567,81.833],"dipPosition":[-33.6418,329.444,1.83143],"direction":[0.0104451,-0.0403088,-0.999133],"extended":false,"handId":985,"id":9850,"length":50.8265,"mcpPosition":[-23.3039,322.567,81.833],"pipPosition":[-33.9892,330.785,35.0543],"stabilizedTipPosition":[-32.1685,289.98,23.3545],"timeVisible":21.7416,"tipPosition":[-30.3306,326.989,-15.1862],"tipVelocity":[25.172,83.8091,-227.593],"tool":false,"touchDistance":-0.622196,"touchZone":"hovering","type":0,"width":19.7488},{"bases":[[[0.907756,-0.41747,-0.0411989],[0.405752,0.848831,0.338897],[-0.106508,-0.324352,0.939921]],[[0.913898,-0.371723,-0.163134],[0.368566,0.928237,-0.0503556],[0.170145,-0.0141057,0.985318]],[[0.913898,-0.371723,-0.163134],[0.344841,0.922924,-0.171163],[0.214185,0.100171,0.971643]],[[0.913898,-0.371723,-0.163134],[0.325201,0.910932,-0.253864],[0.242971,0.178954,0.953384]]],"btipPosition":[-14.4242,356.213,-64.9047],"carpPosition":[-5.83979,337.694,82.6071],"dipPosition":[-10.3757,359.195,-49.0187],"direction":[-0.214185,-0.100171,-0.971643],"extended":true,"handId":985,"id":9851,"length":57.352,"mcpPosition":[1.80204,360.965,15.169],"pipPosition":[-5.32687,361.556,-26.115],"stabilizedTipPosition":[-17.2869,332.212,-36.6947],"timeVisible":21.7416,"tipPosition":[-13.7438,355.776,-61.0036],"tipVelocity":[41.7045,137.457,-218.155],"tool":false,"touchDistance":-0.599891,"touchZone":"hovering","type":1,"width":18.8641},{"bases":[[[0.802461,-0.596,0.0290007],[0.55094,0.758706,0.347606],[-0.229176,-0.262963,0.937192]],[[0.79001,-0.608392,0.0757819],[0.515754,0.592655,-0.618675],[0.331484,0.527844,0.781984]],[[0.79001,-0.608392,0.0757819],[0.276978,0.243893,-0.929408],[0.546962,0.755232,0.361189]],[[0.79001,-0.608392,0.0757819],[0.113149,0.0231995,-0.993307],[0.602562,0.793297,0.087167]]],"btipPosition":[-20.522,291.926,-30.0006],"carpPosition":[5.67857,334.33,82.1404],"dipPosition":[-9.47891,306.465,-28.4031],"direction":[-0.546962,-0.755232,-0.361189],"extended":false,"handId":985,"id":9852,"length":65.348,"mcpPosition":[21.272,352.222,18.3726],"pipPosition":[5.68977,327.409,-18.3864],"stabilizedTipPosition":[-19.6725,254.008,15.1357],"timeVisible":21.7416,"tipPosition":[-18.1801,295.045,-28.8335],"tipVelocity":[37.417,94.1266,-235.212],"tool":false,"touchDistance":-0.689537,"touchZone":"hovering","type":2,"width":18.527},{"bases":[[[0.716158,-0.683688,0.140313],[0.599278,0.705416,0.378488],[-0.357747,-0.186971,0.914909]],[[0.744687,-0.664729,0.0598054],[0.541097,0.54886,-0.637155],[0.39071,0.506842,0.768412]],[[0.744687,-0.664729,0.0598054],[0.271706,0.220098,-0.936874],[0.609604,0.713927,0.344515]],[[0.744687,-0.664729,0.0598054],[0.0972554,0.0194279,-0.99507],[0.66029,0.746832,0.0791161]]],"btipPosition":[-7.75806,284.542,-18.0818],"carpPosition":[15.9128,328.101,82.0415],"dipPosition":[4.27346,298.15,-16.6402],"direction":[-0.609604,-0.713927,-0.344515],"extended":false,"handId":985,"id":9853,"length":62.8339,"mcpPosition":[37.7675,339.523,26.15],"pipPosition":[20.7427,317.438,-7.33262],"stabilizedTipPosition":[-5.85695,244.801,29.4435],"timeVisible":21.7416,"tipPosition":[-5.0948,287.605,-17.2094],"tipVelocity":[40.6741,94.3282,-241.168],"tool":false,"touchDistance":-0.693569,"touchZone":"hovering","type":3,"width":17.6296},{"bases":[[[0.561011,-0.807827,0.180782],[0.669395,0.571182,0.475038],[-0.487008,-0.145487,0.861195]],[[0.613716,-0.785497,0.0796634],[0.665533,0.46041,-0.587443],[0.424757,0.413542,0.805335]],[[0.613716,-0.785497,0.0796634],[0.356347,0.185544,-0.915746],[0.704535,0.590396,0.393781]],[[0.613716,-0.785497,0.0796634],[0.154761,0.0207423,-0.987734],[0.77421,0.618517,0.134294]]],"btipPosition":[8.87161,288.157,-4.42484],"carpPosition":[22.4321,315.849,81.8158],"dipPosition":[21.8862,298.554,-2.16732],"direction":[-0.704535,-0.590396,-0.393781],"extended":false,"handId":985,"id":9854,"length":49.2606,"mcpPosition":[49.9724,324.076,33.1152],"pipPosition":[35.325,309.816,5.34394],"stabilizedTipPosition":[10.5854,247.746,41.8975],"timeVisible":21.7416,"tipPosition":[11.6313,290.45,-3.28468],"tipVelocity":[38.46,91.4585,-237.362],"tool":false,"touchDistance":-0.679918,"touchZone":"hovering","type":4,"width":15.66}],"r":[[0.942117,0.121141,0.312636],[-0.0974311,0.991125,-0.0904399],[-0.320817,0.0547445,0.945558]],"s":1.14747,"t":[-0.941373,38.4077,-72.611],"timestamp":669488093779},false],[2,{"currentFrameRate":51.9281,"devices":[],"gestures":[],"hands":[{"armBasis":[[0.832823,-0.518554,-0.193671],[0.496676,0.854501,-0.15212],[0.244374,0.0304971,0.969201]],"armWidth":62.1429,"confidence":0.595498,"direction":[0.322779,0.364937,-0.87329],"elbow":[69.9644,328.031,338.237],"grabStrength":0,"id":985,"palmNormal":[-0.37853,-0.795898,-0.472505],"palmPosition":[14.5714,339.458,34.1649],"palmVelocity":[15.961,65.7646,-210.851],"palmWidth":88.738,"pinchStrength":0.666435,"r":[[0.940729,0.120255,0.317124],[-0.097943,0.991517,-0.0854461],[-0.32471,0.0493215,0.944527]],"s":1.15137,"sphereCenter":[1.17974,303.586,-4.08149],"sphereRadius":48.4516,"stabilizedPalmPosition":[10.7034,298.883,72.1026],"t":[-0.635453,39.6697,-76.6647],"timeVisible":21.7608,"type":"right","wrist":[5.61647,320.001,83.029]}],"id":4970018,"interactionBox":{"center":[0,200,0],"size":[235.247,235.247,147.751]},"pointables":[{"bases":[[[0.750625,0.588693,0.300003],[-0.654831,0.602296,0.456548],[0.0880764,-0.539148,0.837593]],[[0.6677,0.744047,-0.0238863],[-0.713736,0.648959,0.263502],[0.211559,-0.158892,0.964363]],[[0.6677,0.744047,-0.0238863],[-0.744203,0.666359,-0.0461229],[-0.0184007,0.0485725,0.99865]],[[0.6677,0.744047,-0.0238863],[-0.725958,0.643693,-0.242164],[-0.164806,0.179033,0.969941]]],"btipPosition":[-29.4916,325.865,-24.6276],"carpPosition":[-23.5659,323.831,77.6648],"dipPosition":[-33.2532,329.951,-2.48932],"direction":[0.0184007,-0.0485725,-0.99865],"extended":false,"handId":985,"id":9850,"length":50.8265,"mcpPosition":[-23.5659,323.831,77.6648],"pipPosition":[-33.865,331.566,30.7175],"stabilizedTipPosition":[-32.1583,290.187,23.1138],"timeVisible":21.7608,"tipPosition":[-29.7653,327.371,-19.4489],"tipVelocity":[27.6687,50.881,-224.655],"tool":false,"touchDistance":-0.652187,"touchZone":"hovering","type":0,"width":19.7488},{"bases":[[[0.909364,-0.41495,-0.0295535],[0.399937,0.852491,0.336615],[-0.114484,-0.317925,0.941179]],[[0.916524,-0.369683,-0.152701],[0.366946,0.929065,-0.0467876],[0.159165,-0.0131509,0.987164]],[[0.916524,-0.369683,-0.152701],[0.344994,0.923832,-0.165874],[0.202391,0.0993468,0.974253]],[[0.916524,-0.369683,-0.152701],[0.326642,0.912121,-0.24767],[0.230841,0.177118,0.956735]]],"btipPosition":[-13.2278,357.085,-69.3008],"carpPosition":[-6.15576,339.017,78.496],"dipPosition":[-9.38136,360.037,-53.359],"direction":[-0.202391,-0.0993468,-0.974253],"extended":true,"handId":985,"id":9851,"length":57.352,"mcpPosition":[2.05832,361.827,10.9676],"pipPosition":[-4.61057,362.378,-30.3937],"stabilizedTipPosition":[-17.0306,333.537,-38.1951],"timeVisible":21.7608,"tipPosition":[-12.6182,356.559,-65.3782],"tipVelocity":[50.7094,91.6114,-223.119],"tool":false,"touchDistance":-0.633984,"touchZone":"hovering","type":1,"width":18.8641},{"bases":[[[0.803944,-0.593296,0.0409262],[0.545308,0.762879,0.347354],[-0.237305,-0.256935,0.936841]],[[0.791156,-0.605332,0.0874361],[0.516192,0.584185,-0.626317],[0.328051,0.540648,0.77465]],[[0.791156,-0.605332,0.0874361],[0.281049,0.232846,-0.931018],[0.543216,0.761154,0.354346]],[[0.791156,-0.605332,0.0874361],[0.120105,0.0135904,-0.992668],[0.599706,0.795857,0.0834555]]],"btipPosition":[-19.9532,292.059,-33.3515],"carpPosition":[5.37664,335.685,78.163],"dipPosition":[-8.96243,306.644,-31.822],"direction":[-0.543216,-0.761154,-0.354346],"extended":false,"handId":985,"id":9852,"length":65.348,"mcpPosition":[21.5232,353.168,14.4192],"pipPosition":[6.10235,327.753,-21.9951],"stabilizedTipPosition":[-19.6546,254.338,14.7521],"timeVisible":21.7608,"tipPosition":[-17.4835,295.348,-32.488],"tipVelocity":[33.2334,51.1358,-205.464],"tool":false,"touchDistance":-0.699414,"touchZone":"hovering","type":2,"width":18.527},{"bases":[[[0.716849,-0.680449,0.152042],[0.59351,0.709962,0.379078],[-0.365887,-0.181503,0.912789]],[[0.746202,-0.661888,0.0713215],[0.544537,0.545227,-0.637344],[0.382964,0.514425,0.767272]],[[0.746202,-0.661888,0.0713215],[0.279441,0.214182,-0.93597],[0.604231,0.718353,0.344781]],[[0.746202,-0.661888,0.0713215],[0.106801,0.0132767,-0.994192],[0.657096,0.749485,0.0805971]]],"btipPosition":[-7.00262,285.096,-21.7718],"carpPosition":[15.6301,329.487,78.2064],"dipPosition":[4.97072,298.753,-20.3032],"direction":[-0.604231,-0.718353,-0.344781],"extended":false,"handId":985,"id":9853,"length":62.8339,"mcpPosition":[37.982,340.575,22.4445],"pipPosition":[21.2948,318.16,-10.9885],"stabilizedTipPosition":[-5.84663,245.08,29.1171],"timeVisible":21.7608,"tipPosition":[-4.33373,288.193,-20.934],"tipVelocity":[39.6587,62.138,-216.659],"tool":false,"touchDistance":-0.707803,"touchZone":"hovering","type":3,"width":17.6296},{"bases":[[[0.561699,-0.804773,0.191927],[0.663109,0.576641,0.477254],[-0.494754,-0.140805,0.85755]],[[0.615111,-0.783109,0.0915391],[0.670037,0.458009,-0.58419],[0.415558,0.420676,0.806439]],[[0.615111,-0.783109,0.0915391],[0.365436,0.180294,-0.913209],[0.698638,0.595176,0.397077]],[[0.615111,-0.783109,0.0915391],[0.165371,0.0146243,-0.986123],[0.770903,0.621713,0.138499]]],"btipPosition":[9.55107,288.907,-8.07507],"carpPosition":[22.1882,317.255,78.1311],"dipPosition":[22.5101,299.358,-5.74688],"direction":[-0.698638,-0.595176,-0.397077],"extended":false,"handId":985,"id":9854,"length":49.2606,"mcpPosition":[50.1666,325.217,29.6365],"pipPosition":[35.8364,310.71,1.82725],"stabilizedTipPosition":[10.5954,247.969,41.6442],"timeVisible":21.7608,"tipPosition":[12.2931,291.217,-6.92327],"tipVelocity":[36.5965,65.7728,-213.454],"tool":false,"touchDistance":-0.694769,"touchZone":"hovering","type":4,"width":15.66}],"r":[[0.940729,0.120255,0.317124],[-0.097943,0.991517,-0.0854461],[-0.32471,0.0493215,0.944527]],"s":1.15137,"t":[-0.635453,39.6697,-76.6647],"timestamp":669488112990},false],[3,{"currentFrameRate":51.8829,"devices":[],"gestures":[],"hands":[{"armBasis":[[0.829347,-0.521363,-0.200906],[0.504059,0.853282,-0.133544],[0.241055,0.00948584,0.970465]],"armWidth":62.1429,"confidence":0.565379,"direction":[0.327394,0.352587,-0.876639],"elbow":[69.4415,324.257,336.138],"grabStrength":0,"id":985,"palmNormal":[-0.385479,-0.797213,-0.464604],"palmPosition":[15.172,340.611,31.5434],"palmVelocity":[23.4288,62.5532,-172.841],"palmWidth":88.738,"pinchStrength":0.668167,"r":[[0.939743,0.118408,0.320723],[-0.0964466,0.991823,-0.0835753],[-0.327996,0.0476066,0.943479]],"s":1.15521,"sphereCenter":[1.05458,304.994,-6.37937],"sphereRadius":48.3038,"stabilizedPalmPosition":[10.7126,298.969,72.0189],"t":[-0.182211,40.8775,-80.0022],"timeVisible":21.7802,"type":"right","wrist":[5.96756,321.759,80.5976]}],"id":4970019,"interactionBox":{"center":[0,200,0],"size":[235.247,235.247,147.751]},"pointables":[{"bases":[[[0.755809,0.584661,0.294829],[-0.649659,0.6133,0.449229],[0.0818281,-0.531069,0.843368]],[[0.674307,0.737755,-0.0320436],[-0.708048,0.658259,0.255662],[0.209709,-0.149707,0.966235]],[[0.674307,0.737755,-0.0320436],[-0.738241,0.672447,-0.0530647],[-0.0176011,0.0594379,0.998077]],[[0.674307,0.737755,-0.0320436],[-0.719667,0.646811,-0.252418],[-0.165496,0.193268,0.967088]]],"btipPosition":[-29.0164,326.71,-27.1474],"carpPosition":[-23.1699,325.809,75.1519],"dipPosition":[-32.7937,331.121,-5.07426],"direction":[0.0176011,-0.0594379,-0.998077],"extended":false,"handId":985,"id":9850,"length":50.8265,"mcpPosition":[-23.1699,325.809,75.1519],"pipPosition":[-33.379,333.098,28.1135],"stabilizedTipPosition":[-32.1504,290.316,22.9579],"timeVisible":21.7802,"tipPosition":[-29.289,328.292,-21.9974],"tipVelocity":[25.9637,49.1016,-177.512],"tool":false,"touchDistance":-0.653323,"touchZone":"hovering","type":0,"width":19.7488},{"bases":[[[0.905405,-0.423878,-0.0238772],[0.407604,0.852158,0.328154],[-0.11875,-0.306844,0.944323]],[[0.913157,-0.379631,-0.148407],[0.376574,0.925074,-0.0492991],[0.156003,-0.0108683,0.987697]],[[0.913157,-0.379631,-0.148407],[0.355304,0.919779,-0.16663],[0.199759,0.0994293,0.974787]],[[0.913157,-0.379631,-0.148407],[0.337384,0.908266,-0.247437],[0.228728,0.175879,0.957471]]],"btipPosition":[-12.1531,358.034,-72.2222],"carpPosition":[-5.61684,340.837,75.8473],"dipPosition":[-8.34182,360.964,-56.2682],"direction":[-0.199759,-0.0994293,-0.974787],"extended":true,"handId":985,"id":9851,"length":57.352,"mcpPosition":[2.90332,362.853,8.09331],"pipPosition":[-3.63306,363.308,-33.2903],"stabilizedTipPosition":[-16.8347,334.394,-39.2286],"timeVisible":21.7802,"tipPosition":[-11.5865,357.437,-68.2837],"tipVelocity":[52.7894,70.0643,-186.619],"tool":false,"touchDistance":-0.642698,"touchZone":"hovering","type":1,"width":18.8641},{"bases":[[[0.798195,-0.600457,0.0483337],[0.552099,0.761285,0.340046],[-0.240978,-0.244738,0.939166]],[[0.785289,-0.611834,0.0947594],[0.519602,0.568064,-0.638214],[0.336652,0.55042,0.764005]],[[0.785289,-0.611834,0.0947594],[0.281239,0.216164,-0.934975],[0.551566,0.760876,0.341823]],[[0.785289,-0.611834,0.0947594],[0.119584,-0.000279631,-0.992824],[0.60747,0.790986,0.0729462]]],"btipPosition":[-19.9744,292.573,-35.0666],"carpPosition":[5.88369,337.392,75.5659],"dipPosition":[-8.84133,307.07,-33.7297],"direction":[-0.551566,-0.760876,-0.341823],"extended":false,"handId":985,"id":9852,"length":65.348,"mcpPosition":[22.2802,354.045,11.6639],"pipPosition":[6.45503,328.171,-24.2501],"stabilizedTipPosition":[-19.6445,254.526,14.5286],"timeVisible":21.7802,"tipPosition":[-17.3694,295.952,-34.462],"tipVelocity":[16.9095,38.2774,-147.971],"tool":false,"touchDistance":-0.684196,"touchZone":"hovering","type":2,"width":18.527},{"bases":[[[0.710127,-0.685596,0.16024],[0.599753,0.70825,0.372395],[-0.368803,-0.168343,0.914136]],[[0.740124,-0.6679,0.0782744],[0.551285,0.535965,-0.639395],[0.3851,0.516383,0.764883]],[[0.740124,-0.6679,0.0782744],[0.285653,0.206879,-0.935737],[0.608785,0.71492,0.343904]],[[0.740124,-0.6679,0.0782744],[0.112035,0.00769651,-0.993674],[0.663073,0.744211,0.0805246]]],"btipPosition":[-6.70205,286.006,-24.2421],"carpPosition":[16.0776,331.098,75.6893],"dipPosition":[5.38018,299.567,-22.7749],"direction":[-0.608785,-0.71492,-0.343904],"extended":false,"handId":985,"id":9853,"length":62.8339,"mcpPosition":[38.6076,341.382,19.845],"pipPosition":[21.8274,318.881,-13.4838],"stabilizedTipPosition":[-5.83848,245.266,28.8926],"timeVisible":21.7802,"tipPosition":[-4.05243,289.043,-23.3106],"tipVelocity":[28.2016,53.9072,-171.863],"tool":false,"touchDistance":-0.702415,"touchZone":"hovering","type":3,"width":17.6296},{"bases":[[[0.553746,-0.808008,0.201217],[0.667948,0.575319,0.472074],[-0.497203,-0.127007,0.858288]],[[0.607359,-0.787986,0.100957],[0.675236,0.445097,-0.588171],[0.418535,0.425401,0.80241]],[[0.607359,-0.787986,0.100957],[0.368736,0.167059,-0.914399],[0.703667,0.592595,0.392024]],[[0.607359,-0.787986,0.100957],[0.167415,0.00272728,-0.985883],[0.776587,0.615687,0.133577]]],"btipPosition":[9.72603,289.662,-10.1773],"carpPosition":[22.5188,318.803,75.7525],"dipPosition":[22.7806,300.012,-7.93182],"direction":[-0.703667,-0.592595,-0.392024],"extended":false,"handId":985,"id":9854,"length":49.2606,"mcpPosition":[50.6357,325.985,27.2163],"pipPosition":[36.2029,311.316,-0.45407],"stabilizedTipPosition":[10.6027,248.119,41.469],"timeVisible":21.7802,"tipPosition":[12.4916,291.962,-9.0493],"tipVelocity":[23.3604,51.7245,-161.273],"tool":false,"touchDistance":-0.685444,"touchZone":"hovering","type":4,"width":15.66}],"r":[[0.939743,0.118408,0.320723],[-0.0964466,0.991823,-0.0835753],[-0.327996,0.0476066,0.943479]],"s":1.15521,"t":[-0.182211,40.8775,-80.0022],"timestamp":669488132430},false],[4,{"currentFrameRate":51.8523,"devices":[],"gestures":[],"hands":[{"armBasis":[[0.818667,-0.535141,-0.208348],[0.516542,0.844734,-0.140033],[0.250936,0.00701953,0.967978]],"armWidth":62.1429,"confidence":0.579517,"direction":[0.337888,0.344795,-0.875756],"elbow":[71.8923,324.624,331.164],"grabStrength":0,"id":985,"palmNormal":[-0.39295,-0.793825,-0.464148],"palmPosition":[15.5974,341.313,27.2158],"palmVelocity":[22.6808,49.3839,-197.936],"palmWidth":88.738,"pinchStrength":0.669711,"r":[[0.938817,0.114675,0.324766],[-0.0925048,0.99225,-0.082957],[-0.331762,0.047839,0.942149]],"s":1.1589,"sphereCenter":[0.904835,306.202,-10.6951],"sphereRadius":48.1699,"stabilizedPalmPosition":[10.7187,299.022,71.9629],"t":[0.257117,41.8323,-83.8348],"timeVisible":21.7996,"type":"right","wrist":[5.81644,322.775,76.2785]}],"id":4970020,"interactionBox":{"center":[0,200,0],"size":[235.247,235.247,147.751]},"pointables":[{"bases":[[[0.761541,0.575715,0.29767],[-0.644419,0.623616,0.442524],[0.0691358,-0.528825,0.84591]],[[0.683848,0.728948,-0.0314101],[-0.701143,0.668455,0.248126],[0.201867,-0.147657,0.968218]],[[0.683848,0.728948,-0.0314101],[-0.729291,0.681599,-0.0596369],[-0.0220632,0.0636896,0.997726]],[[0.683848,0.728948,-0.0314101],[-0.709592,0.654436,-0.261138],[-0.1698,0.200867,0.96479]]],"btipPosition":[-28.4457,327.677,-31.7098],"carpPosition":[-23.2276,327.192,70.622],"dipPosition":[-32.3213,332.262,-9.68909],"direction":[0.0220632,-0.0636896,-0.997726],"extended":false,"handId":985,"id":9850,"length":50.8265,"mcpPosition":[-23.2276,327.192,70.622],"pipPosition":[-33.0549,334.38,23.487],"stabilizedTipPosition":[-32.1447,290.395,22.8562],"timeVisible":21.7996,"tipPosition":[-28.7366,329.298,-26.5749],"tipVelocity":[27.107,50.5152,-206.629],"tool":false,"touchDistance":-0.684941,"touchZone":"hovering","type":0,"width":19.7488},{"bases":[[[0.899823,-0.435954,-0.0161893],[0.416712,0.84794,0.327641],[-0.129109,-0.301565,0.944664]],[[0.908999,-0.392042,-0.141507],[0.389774,0.919831,-0.0445764],[0.147638,-0.0146359,0.988933]],[[0.908999,-0.392042,-0.141507],[0.36953,0.915083,-0.161466],[0.192792,0.094481,0.97668]],[[0.908999,-0.392042,-0.141507],[0.352199,0.904043,-0.242204],[0.222883,0.170325,0.95985]]],"btipPosition":[-10.6621,359.172,-76.8521],"carpPosition":[-5.48118,341.987,71.378],"dipPosition":[-6.94823,362.01,-60.8583],"direction":[-0.192792,-0.094481,-0.97668],"extended":true,"handId":985,"id":9851,"length":57.352,"mcpPosition":[3.78221,363.624,3.59955],"pipPosition":[-2.4037,364.237,-37.8358],"stabilizedTipPosition":[-16.6815,334.948,-39.9687],"timeVisible":21.7996,"tipPosition":[-10.1503,358.527,-72.9076],"tipVelocity":[64.2345,63.8366,-212.38],"tool":false,"touchDistance":-0.676073,"touchZone":"hovering","type":1,"width":18.8641},{"bases":[[[0.789795,-0.610811,0.0559711],[0.559903,0.755203,0.340847],[-0.250463,-0.237861,0.938451]],[[0.77647,-0.621807,0.102223],[0.529315,0.555556,-0.641236],[0.341935,0.552009,0.760504]],[[0.77647,-0.621807,0.102223],[0.288082,0.205996,-0.935187],[0.560449,0.755593,0.339081]],[[0.77647,-0.621807,0.102223],[0.124838,-0.00721602,-0.992151],[0.617664,0.783137,0.0720223]]],"btipPosition":[-19.9201,293.318,-39.1394],"carpPosition":[5.97412,338.389,71.1869],"dipPosition":[-8.60027,307.67,-37.8194],"direction":[-0.560449,-0.755593,-0.339081],"extended":false,"handId":985,"id":9852,"length":65.348,"mcpPosition":[23.0159,354.574,7.33352],"pipPosition":[6.94243,328.625,-28.4158],"stabilizedTipPosition":[-19.639,254.625,14.4033],"timeVisible":21.7996,"tipPosition":[-17.2101,296.725,-38.6751],"tipVelocity":[10.968,37.4763,-179.026],"tool":false,"touchDistance":-0.705261,"touchZone":"hovering","type":2,"width":18.527},{"bases":[[[0.699859,-0.694338,0.167607],[0.60663,0.701666,0.373717],[-0.37709,-0.159874,0.912274]],[[0.730635,-0.677359,0.0857718],[0.56245,0.525896,-0.638031],[0.387069,0.514411,0.765218]],[[0.730635,-0.677359,0.0857718],[0.294443,0.199247,-0.934668],[0.616016,0.708156,0.34502]],[[0.730635,-0.677359,0.0857718],[0.118657,0.00225793,-0.992933],[0.672378,0.735649,0.0820232]]],"btipPosition":[-6.64181,286.776,-28.4871],"carpPosition":[16.0823,331.96,71.4027],"dipPosition":[5.60998,300.18,-26.9925],"direction":[-0.616016,-0.708156,-0.34502],"extended":false,"handId":985,"id":9853,"length":62.8339,"mcpPosition":[39.1186,341.727,15.6722],"pipPosition":[22.2525,319.312,-17.6713],"stabilizedTipPosition":[-5.83377,245.371,28.7591],"timeVisible":21.7996,"tipPosition":[-3.95097,289.787,-27.5677],"tipVelocity":[16.6733,45.8798,-195.158],"tool":false,"touchDistance":-0.724087,"touchZone":"hovering","type":3,"width":17.6296},{"bases":[[[0.541593,-0.814502,0.207998],[0.672385,0.56823,0.474356],[-0.504554,-0.117053,0.855408]],[[0.595748,-0.795769,0.108794],[0.685585,0.433279,-0.585015],[0.418398,0.423109,0.803692]],[[0.595748,-0.795769,0.108794],[0.378943,0.159057,-0.911649],[0.708157,0.58434,0.396309]],[[0.595748,-0.795769,0.108794],[0.176709,-0.00227173,-0.984261],[0.783491,0.605597,0.139266]]],"btipPosition":[9.78474,290.284,-14.4327],"carpPosition":[22.3587,319.581,71.5558],"dipPosition":[22.9554,300.464,-12.0916],"direction":[-0.708157,-0.58434,-0.396309],"extended":false,"handId":985,"id":9854,"length":49.2606,"mcpPosition":[50.8913,326.201,23.1824],"pipPosition":[36.4633,311.61,-4.53216],"stabilizedTipPosition":[10.6067,248.201,41.368],"timeVisible":21.7996,"tipPosition":[12.5703,292.551,-13.2792],"tipVelocity":[13.8935,40.8918,-189.721],"tool":false,"touchDistance":-0.708735,"touchZone":"hovering","type":4,"width":15.66}],"r":[[0.938817,0.114675,0.324766],[-0.0925048,0.99225,-0.082957],[-0.331762,0.047839,0.942149]],"s":1.1589,"t":[0.257117,41.8323,-83.8348],"timestamp":669488151828},false],[5,{"currentFrameRate":51.8233,"devices":[],"gestures":[],"hands":[{"armBasis":[[0.813422,-0.550479,-0.18793],[0.529467,0.834485,-0.152644],[0.240852,0.0246615,0.970249]],"armWidth":62.1429,"confidence":0.590499,"direction":[0.347056,0.348671,-0.870621],"elbow":[69.1475,329.304,329.291],"grabStrength":0,"id":985,"palmNormal":[-0.40113,-0.783935,-0.473857],"palmPosition":[16.0121,341.689,24.9785],"palmVelocity":[22.0289,34.3839,-156.667],"palmWidth":88.738,"pinchStrength":0.671834,"r":[[0.938012,0.10853,0.329173],[-0.0866022,0.992976,-0.0806091],[-0.33561,0.0471052,0.940823]],"s":1.16213,"sphereCenter":[0.717095,307.557,-13.3745],"sphereRadius":48.0668,"stabilizedPalmPosition":[10.7227,299.054,71.9274],"t":[0.684156,42.4975,-86.8697],"timeVisible":21.819,"type":"right","wrist":[5.72703,322.811,73.8077]}],"id":4970021,"interactionBox":{"center":[0,200,0],"size":[235.247,235.247,147.751]},"pointables":[{"bases":[[[0.767628,0.562503,0.307144],[-0.638301,0.627925,0.445289],[0.0576126,-0.537867,0.841059]],[[0.693348,0.720273,-0.0218132],[-0.693582,0.675254,0.25095],[0.195482,-0.158866,0.967754]],[[0.693348,0.720273,-0.0218132],[-0.720154,0.691529,-0.0562754],[-0.0254492,0.0547273,0.998177]],[[0.693348,0.720273,-0.0218132],[-0.699277,0.66521,-0.261741],[-0.174014,0.196731,0.964892]]],"btipPosition":[-27.9237,329.096,-34.28],"carpPosition":[-23.2252,327.672,68.0465],"dipPosition":[-31.8954,333.586,-12.257],"direction":[0.0254492,-0.0547273,-0.998177],"extended":false,"handId":985,"id":9850,"length":50.8265,"mcpPosition":[-23.2252,327.672,68.0465],"pipPosition":[-32.7417,335.406,20.9341],"stabilizedTipPosition":[-32.1391,290.462,22.7676],"timeVisible":21.819,"tipPosition":[-28.2464,330.7,-29.1449],"tipVelocity":[26.4368,61.2347,-169.574],"tool":false,"touchDistance":-0.683325,"touchZone":"hovering","type":0,"width":19.7488},{"bases":[[[0.893967,-0.447853,-0.0158488],[0.42633,0.839044,0.338007],[-0.138079,-0.308924,0.94101]],[[0.904398,-0.402605,-0.141324],[0.402822,0.914839,-0.0283563],[0.140705,-0.0312832,0.989557]],[[0.904398,-0.402605,-0.141324],[0.383257,0.912078,-0.145695],[0.187556,0.0776028,0.979184]],[[0.904398,-0.402605,-0.141324],[0.366233,0.902396,-0.227056],[0.218945,0.153592,0.963573]]],"btipPosition":[-9.34384,361.306,-79.078],"carpPosition":[-5.28611,342.219,69.0371],"dipPosition":[-5.69562,363.865,-63.0222],"direction":[-0.187557,-0.0776028,-0.979183],"extended":true,"handId":985,"id":9851,"length":57.352,"mcpPosition":[4.62092,364.384,1.5208],"pipPosition":[-1.27451,365.695,-39.9407],"stabilizedTipPosition":[-16.5084,335.519,-40.7184],"timeVisible":21.819,"tipPosition":[-8.87295,360.582,-75.1426],"tipVelocity":[65.6962,85.2373,-163.236],"tool":false,"touchDistance":-0.669974,"touchZone":"hovering","type":1,"width":18.8641},{"bases":[[[0.781228,-0.621902,0.0540426],[0.568193,0.744264,0.351039],[-0.258534,-0.243535,0.9348]],[[0.767544,-0.633144,0.100025],[0.538596,0.55242,-0.636196],[0.347548,0.542182,0.765016]],[[0.767544,-0.633144,0.100025],[0.294101,0.209199,-0.932599],[0.569544,0.745228,0.346778]],[[0.767544,-0.633144,0.100025],[0.128952,-0.000336155,-0.991651],[0.627891,0.774034,0.0813873]]],"btipPosition":[-19.9279,294.7,-41.8057],"carpPosition":[6.12075,338.469,68.8694],"dipPosition":[-8.42056,308.886,-40.3141],"direction":[-0.569544,-0.745228,-0.346778],"extended":false,"handId":985,"id":9852,"length":65.348,"mcpPosition":[23.7117,355.04,5.26442],"pipPosition":[7.37437,329.553,-30.697],"stabilizedTipPosition":[-19.635,254.698,14.309],"timeVisible":21.819,"tipPosition":[-17.1334,298.104,-41.3906],"tipVelocity":[6.40085,53.3543,-157.228],"tool":false,"touchDistance":-0.70247,"touchZone":"hovering","type":2,"width":18.527},{"bases":[[[0.689597,-0.705286,0.164399],[0.614025,0.689787,0.383624],[-0.383965,-0.1636,0.908738]],[[0.72106,-0.687909,0.0827935],[0.572884,0.524707,-0.629672],[0.389714,0.501462,0.772437]],[[0.72106,-0.687909,0.0827935],[0.302415,0.204952,-0.930881],[0.623393,0.696259,0.355816]],[[0.72106,-0.687909,0.0827935],[0.124462,0.0110479,-0.992163],[0.681603,0.725713,0.0935846]]],"btipPosition":[-6.64622,288.013,-31.4167],"carpPosition":[16.1405,331.903,69.074],"dipPosition":[5.77365,301.236,-29.7114],"direction":[-0.623393,-0.696259,-0.355816],"extended":false,"handId":985,"id":9853,"length":62.8339,"mcpPosition":[39.5968,341.897,13.5595],"pipPosition":[22.6155,320.047,-20.0985],"stabilizedTipPosition":[-5.83055,245.443,28.665],"timeVisible":21.819,"tipPosition":[-3.92352,290.975,-30.4502],"tipVelocity":[9.22741,53.7372,-171.848],"tool":false,"touchDistance":-0.723228,"touchZone":"hovering","type":3,"width":17.6296},{"bases":[[[0.529525,-0.823694,0.20281],[0.677457,0.55451,0.483292],[-0.510545,-0.11852,0.851644]],[[0.583737,-0.805066,0.105445],[0.695931,0.429197,-0.575734],[0.418248,0.40946,0.810809]],[[0.583737,-0.805066,0.105445],[0.390576,0.164568,-0.905742],[0.71183,0.5699,0.410504]],[[0.583737,-0.805066,0.105445],[0.18825,0.00786543,-0.98209],[0.789818,0.593132,0.156145]]],"btipPosition":[9.84298,291.181,-17.437],"carpPosition":[22.2495,319.44,69.1385],"dipPosition":[23.12,301.152,-14.8122],"direction":[-0.71183,-0.569899,-0.410504],"extended":false,"handId":985,"id":9854,"length":49.2606,"mcpPosition":[51.1208,326.142,20.978],"pipPosition":[36.6979,312.022,-6.98198],"stabilizedTipPosition":[10.6092,248.249,41.3055],"timeVisible":21.819,"tipPosition":[12.6297,293.391,-16.1805],"tipVelocity":[9.08328,42.3189,-170.619],"tool":false,"touchDistance":-0.710281,"touchZone":"hovering","type":4,"width":15.66}],"r":[[0.938012,0.10853,0.329173],[-0.0866022,0.992976,-0.0806091],[-0.33561,0.0471052,0.940823]],"s":1.16213,"t":[0.684156,42.4975,-86.8697],"timestamp":669488171231},false],[6,{"currentFrameRate":51.9733,"devices":[],"gestures":[],"hands":[{"armBasis":[[0.801989,-0.566935,-0.188144],[0.546862,0.823569,-0.150586],[0.240322,0.0178792,0.970529]],"armWidth":62.1429,"confidence":0.581687,"direction":[0.35486,0.334709,-0.872951],"elbow":[69.2956,328.309,327.128],"grabStrength":0,"id":985,"palmNormal":[-0.417372,-0.778795,-0.468272],"palmPosition":[16.7252,341.891,22.6089],"palmVelocity":[29.8738,22.9071,-142.127],"palmWidth":88.738,"pinchStrength":0.673465,"r":[[0.937717,0.10013,0.332658],[-0.0776595,0.993748,-0.0802073],[-0.33861,0.0493777,0.93963]],"s":1.16472,"sphereCenter":[0.449609,308.121,-15.5208],"sphereRadius":47.9984,"stabilizedPalmPosition":[10.7256,299.074,71.904],"t":[1.25421,42.9309,-89.572],"timeVisible":21.8377,"type":"right","wrist":[6.01467,323.601,71.5705]}],"id":4970022,"interactionBox":{"center":[0,200,0],"size":[235.247,235.247,147.751]},"pointables":[{"bases":[[[0.779193,0.54841,0.303488],[-0.625113,0.64462,0.440112],[0.0457276,-0.532646,0.845102]],[[0.708253,0.705432,-0.0272581],[-0.679374,0.69157,0.245319],[0.191907,-0.15523,0.969059]],[[0.708253,0.705432,-0.0272581],[-0.705538,0.705971,-0.0618183],[-0.0243652,0.0630147,0.997715]],[[0.708253,0.705432,-0.0272581],[-0.684652,0.676951,-0.270164],[-0.17213,0.210007,0.962428]]],"btipPosition":[-27.4283,329.699,-36.5665],"carpPosition":[-22.8248,329.031,65.7519],"dipPosition":[-31.3571,334.492,-14.5997],"direction":[0.0243652,-0.0630147,-0.997715],"extended":false,"handId":985,"id":9850,"length":50.8265,"mcpPosition":[-22.8248,329.031,65.7519],"pipPosition":[-32.1673,336.588,18.5761],"stabilizedTipPosition":[-32.134,290.517,22.6949],"timeVisible":21.8377,"tipPosition":[-27.7518,331.368,-31.4558],"tipVelocity":[26.7271,48.9611,-146.927],"tool":false,"touchDistance":-0.677818,"touchZone":"hovering","type":0,"width":19.7488},{"bases":[[[0.88429,-0.466787,-0.0118448],[0.443811,0.832338,0.332031],[-0.145129,-0.298869,0.943194]],[[0.895765,-0.4225,-0.138202],[0.422443,0.905852,-0.0312088],[0.138376,-0.0304265,0.989912]],[[0.895765,-0.4225,-0.138202],[0.402894,0.903003,-0.149204],[0.187835,0.0779709,0.979101]],[[0.895765,-0.4225,-0.138202],[0.385648,0.893231,-0.231113],[0.221091,0.153726,0.963061]]],"btipPosition":[-8.07889,361.521,-81.6294],"carpPosition":[-4.58222,343.202,66.6468],"dipPosition":[-4.3949,364.082,-65.5822],"direction":[-0.187835,-0.0779709,-0.979101],"extended":true,"handId":985,"id":9851,"length":57.352,"mcpPosition":[5.83061,364.645,-1.02623],"pipPosition":[0.0327802,365.92,-42.5027],"stabilizedTipPosition":[-16.3543,335.961,-41.3367],"timeVisible":21.8377,"tipPosition":[-7.6232,360.813,-77.6973],"tipVelocity":[66.8759,49.3645,-150.285],"tool":false,"touchDistance":-0.669611,"touchZone":"hovering","type":1,"width":18.8641},{"bases":[[[0.76785,-0.637882,0.0592645],[0.583627,0.734676,0.345876],[-0.264168,-0.230993,0.936407]],[[0.753928,-0.648472,0.105251],[0.549418,0.534534,-0.642194],[0.360184,0.541995,0.759282]],[[0.753928,-0.648472,0.105251],[0.297786,0.19452,-0.934605],[0.585591,0.735966,0.339759]],[[0.753928,-0.648472,0.105251],[0.128756,-0.0112508,-0.991612],[0.644217,0.761156,0.0750124]]],"btipPosition":[-20.2607,295.09,-43.6879],"carpPosition":[6.74275,339.21,66.5154],"dipPosition":[-8.45422,309.039,-42.3132],"direction":[-0.585591,-0.735967,-0.339759],"extended":false,"handId":985,"id":9852,"length":65.348,"mcpPosition":[24.7171,354.927,2.80114],"pipPosition":[7.78574,329.449,-32.8908],"stabilizedTipPosition":[-19.6328,254.745,14.2468],"timeVisible":21.8377,"tipPosition":[-17.3674,298.46,-43.3635],"tipVelocity":[-3.5875,36.1148,-130.428],"tool":false,"touchDistance":-0.689193,"touchZone":"touching","type":2,"width":18.527},{"bases":[[[0.674411,-0.718478,0.170175],[0.628277,0.679487,0.3789],[-0.387863,-0.148618,0.909656]],[[0.706265,-0.702393,0.0885114],[0.583972,0.507334,-0.633711],[0.400209,0.499256,0.76849]],[[0.706265,-0.702393,0.0885114],[0.307159,0.19138,-0.932216],[0.637843,0.685579,0.350911]],[[0.706265,-0.702393,0.0885114],[0.125437,0.00110954,-0.992101],[0.696746,0.711789,0.0888895]]],"btipPosition":[-7.05113,288.268,-33.3802],"carpPosition":[16.6211,332.435,66.7765],"dipPosition":[5.64469,301.238,-31.7605],"direction":[-0.637843,-0.685579,-0.350911],"extended":false,"handId":985,"id":9853,"length":62.8339,"mcpPosition":[40.3155,341.514,11.2059],"pipPosition":[22.8769,319.76,-22.2801],"stabilizedTipPosition":[-5.82905,245.483,28.6106],"timeVisible":21.8377,"tipPosition":[-4.25627,291.187,-32.4548],"tipVelocity":[-4.15112,32.7145,-139.863],"tool":false,"touchDistance":-0.708987,"touchZone":"hovering","type":3,"width":17.6296},{"bases":[[[0.511845,-0.833178,0.209354],[0.688772,0.543648,0.479624],[-0.513427,-0.101296,0.852134]],[[0.565614,-0.81681,0.113585],[0.708595,0.410911,-0.573625],[0.42187,0.404936,0.811204]],[[0.565614,-0.81681,0.113585],[0.404139,0.154483,-0.901558],[0.718855,0.555838,0.417482]],[[0.565614,-0.81681,0.113585],[0.201391,0.00324705,-0.979506],[0.799701,0.576897,0.166335]]],"btipPosition":[9.79616,291.31,-19.9826],"carpPosition":[22.4647,319.846,66.9387],"dipPosition":[23.2393,301.008,-17.1865],"direction":[-0.718855,-0.555838,-0.417482],"extended":false,"handId":985,"id":9854,"length":49.2606,"mcpPosition":[51.499,325.575,18.7505],"pipPosition":[36.9513,311.611,-9.22312],"stabilizedTipPosition":[10.6103,248.273,41.2736],"timeVisible":21.8377,"tipPosition":[12.5566,293.442,-18.571],"tipVelocity":[4.4395,23.4642,-152.846],"tool":false,"touchDistance":-0.705178,"touchZone":"hovering","type":4,"width":15.66}],"r":[[0.937717,0.10013,0.332658],[-0.0776595,0.993748,-0.0802073],[-0.33861,0.049