{"sensorType":"Leap","data":[[0,{"currentFrameRate":51.9472,"devices":[],"gestures":[{"center":[-33.8696,271.683,-0.285128],"duration":38535,"handIds":[985],"id":8,"normal":[-0.979683,-0.179108,0.0902285],"pointableIds":[9851],"progress":0.805984,"radius":30.5296,"state":"update","type":"circle"}],"hands":[{"armBasis":[[0.824731,-0.521497,-0.218767],[0.492267,0.852423,-0.176205],[0.278372,0.0376301,0.959736]],"armWidth":62.1429,"confidence":0.630205,"direction":[0.27387,0.348866,-0.896263],"elbow":[65.9883,327.238,346.652],"grabStrength":0.145183,"id":985,"palmNormal":[-0.409569,-0.800866,-0.436884],"palmPosition":[-1.08372,335.946,44.3274],"palmVelocity":[28.6501,126.06,-222.99],"palmWidth":88.738,"pinchStrength":0.72542,"r":[[0.953401,0.143232,0.265541],[-0.119016,0.9873,-0.105233],[-0.277241,0.0687258,0.958339]],"s":1.09062,"sphereCenter":[-11.0642,293.903,8.24768],"sphereRadius":49.8448,"stabilizedPalmPosition":[0.659507,295.307,87.7323],"t":[-16.536,35.0042,-66.2831],"timeVisible":35.5491,"type":"right","wrist":[-7.31198,317.329,93.9367]}],"id":4970731,"interactionBox":{"center":[0,200,0],"size":[235.247,235.247,147.751]},"pointables":[{"bases":[[[0.769936,0.588532,0.246634],[-0.624049,0.613726,0.483635],[0.133269,-0.52628,0.839803]],[[0.672571,0.736961,-0.0673532],[-0.697396,0.661638,0.275454],[0.247562,-0.138291,0.958952]],[[0.672571,0.736961,-0.0673532],[-0.739921,0.671255,-0.0439735],[0.0128044,0.0794114,0.99676]],[[0.672571,0.736961,-0.0673532],[-0.727834,0.642282,-0.240274],[-0.133813,0.210624,0.968366]]],"btipPosition":[-46.157,320.546,-11.7294],"carpPosition":[-36.7336,321.262,90.2008],"dipPosition":[-49.2112,325.354,10.3729],"direction":[-0.0128044,-0.0794114,-0.99676],"extended":false,"handId":985,"id":9850,"length":50.8265,"mcpPosition":[-36.7336,321.262,90.2008],"pipPosition":[-48.7854,327.994,43.5169],"stabilizedTipPosition":[-45.8946,287.406,36.5496],"timeVisible":35.5491,"tipPosition":[-46.763,322.481,-6.56784],"tipVelocity":[44.1798,137.674,-244.18],"tool":false,"touchDistance":-0.691906,"touchZone":"hovering","type":0,"width":19.7488},{"bases":[[[0.90383,-0.421246,-0.0751212],[0.423413,0.855144,0.299082],[-0.0617476,-0.302127,0.951266]],[[0.905622,-0.390837,-0.164604],[0.362994,0.915085,-0.175658],[0.21928,0.0993295,0.970593]],[[0.905622,-0.390837,-0.164604],[0.329696,0.892987,-0.306389],[0.266737,0.223204,0.937567]],[[0.905622,-0.390837,-0.164604],[0.303729,0.868636,-0.391433],[0.295967,0.304495,0.905365]]],"btipPosition":[-35.1971,343.526,-56.3253],"carpPosition":[-19.2206,336.346,89.7802],"dipPosition":[-30.2655,348.6,-41.2394],"direction":[-0.266737,-0.223204,-0.937567],"extended":true,"handId":985,"id":9851,"length":57.352,"mcpPosition":[-14.7903,358.023,21.528],"pipPosition":[-23.9779,353.862,-19.1389],"stabilizedTipPosition":[-37.2346,329.721,-35.1211],"timeVisible":35.5491,"tipPosition":[-34.5166,343.346,-52.3252],"tipVelocity":[69.3713,188.191,-240.645],"tool":false,"touchDistance":-0.70272,"touchZone":"hovering","type":1,"width":18.8641},{"bases":[[[0.801665,-0.597759,0.00421074],[0.568662,0.764776,0.302889],[-0.184275,-0.240421,0.953017]],[[0.783968,-0.615374,0.0819132],[0.507792,0.559742,-0.654856],[0.357131,0.554981,0.751302]],[[0.783968,-0.615374,0.0819132],[0.214962,0.145302,-0.965753],[0.582397,0.774727,0.246194]],[[0.783968,-0.615374,0.0819132],[0.0194477,-0.107538,-0.994011],[0.620497,0.780865,-0.0723389]]],"btipPosition":[-39.5179,287.409,-16.8253],"carpPosition":[-7.74524,332.935,88.8378],"dipPosition":[-28.1462,301.72,-18.151],"direction":[-0.582397,-0.774727,-0.246194],"extended":false,"handId":985,"id":9852,"length":65.348,"mcpPosition":[4.79304,349.294,23.9933],"pipPosition":[-11.9948,323.206,-11.3234],"stabilizedTipPosition":[-34.312,253.868,30.0896],"timeVisible":35.5491,"tipPosition":[-37.1333,290.544,-16.3335],"tipVelocity":[52.4903,144.77,-252.355],"tool":false,"touchDistance":-0.804813,"touchZone":"hovering","type":2,"width":18.527},{"bases":[[[0.720645,-0.682563,0.121564],[0.61832,0.712061,0.332641],[-0.31361,-0.164551,0.935186]],[[0.740521,-0.66962,0.0569111],[0.531048,0.531167,-0.660189],[0.411847,0.519106,0.74894]],[[0.740521,-0.66962,0.0569111],[0.208333,0.148227,-0.966761],[0.638926,0.727763,0.249269]],[[0.740521,-0.66962,0.0569111],[0.00206093,-0.0824216,-0.996595],[0.67203,0.738117,-0.0596549]]],"btipPosition":[-25.8352,280.994,-7.02021],"carpPosition":[2.45915,326.672,88.3914],"dipPosition":[-13.5897,294.444,-8.10721],"direction":[-0.638926,-0.727763,-0.249269],"extended":false,"handId":985,"id":9853,"length":62.8339,"mcpPosition":[21.6175,336.725,31.2613],"pipPosition":[3.67175,314.105,-1.37288],"stabilizedTipPosition":[-18.3367,241.423,43.3777],"timeVisible":35.5491,"tipPosition":[-23.2751,283.908,-6.34375],"tipVelocity":[53.0481,144.415,-259.473],"tool":false,"touchDistance":-0.823337,"touchZone":"hovering","type":3,"width":17.6296},{"bases":[[[0.567368,-0.805228,0.17234],[0.692727,0.579875,0.428805],[-0.445222,-0.123905,0.886806]],[[0.612742,-0.7868,0.0741173],[0.654843,0.45299,-0.604963],[0.44241,0.419222,0.792796]],[[0.612742,-0.7868,0.0741173],[0.286361,0.133638,-0.948756],[0.736576,0.602567,0.307194]],[[0.612742,-0.7868,0.0741173],[0.046464,-0.0577567,-0.997249],[0.788916,0.6145,0.00116787]]],"btipPosition":[-8.45655,285.125,4.77072],"carpPosition":[8.93403,314.398,88.1378],"dipPosition":[4.80527,295.454,4.79035],"direction":[-0.736576,-0.602567,-0.307194],"extended":false,"handId":985,"id":9854,"length":49.2606,"mcpPosition":[34.1114,321.405,37.9888],"pipPosition":[18.8553,306.948,10.65],"stabilizedTipPosition":[-0.390329,244.002,57.8309],"timeVisible":35.5491,"tipPosition":[-5.72052,287.335,5.56978],"tipVelocity":[46.7789,140.299,-245.694],"tool":false,"touchDistance":-0.761759,"touchZone":"hovering","type":4,"width":15.66}],"r":[[0.953401,0.143232,0.265541],[-0.119016,0.9873,-0.105233],[-0.277241,0.0687258,0.958339]],"s":1.09062,"t":[-16.536,35.0042,-66.2831],"timestamp":669501901315},false],[1,{"currentFrameRate":51.8231,"devices":[],"gestures":[{"center":[-33.8696,271.683,-0.285128],"duration":38535,"handIds":[985],"id":8,"normal":[-0.979683,-0.179108,0.0902285],"pointableIds":[9851],"progress":0.805984,"radius":30.5296,"state":"update","type":"circle"}],"hands":[{"armBasis":[[0.837105,-0.503036,-0.214966],[0.480108,0.86393,-0.152059],[0.262207,0.0240824,0.964711]],"armWidth":62.1429,"confidence":0.630544,"direction":[0.262642,0.377489,-0.887987],"elbow":[64.204,324.369,344.221],"grabStrength":0.13651,"id":985,"palmNormal":[-0.402605,-0.793482,-0.456394],"palmPosition":[0.776887,338.113,41.0888],"palmVelocity":[61.7943,117.806,-193.145],"palmWidth":88.738,"pinchStrength":0.723754,"r":[[0.953191,0.139364,0.268335],[-0.118129,0.988558,-0.0937999],[-0.278337,0.057711,0.958748]],"s":1.0941,"sphereCenter":[-9.17649,297.219,3.87896],"sphereRadius":49.7677,"stabilizedPalmPosition":[0.661579,296.062,86.9089],"t":[-15.33,37.2957,-70.0388],"timeVisible":35.5689,"type":"right","wrist":[-4.83972,318.028,90.1955]}],"id":4970732,"interactionBox":{"center":[0,200,0],"size":[235.247,235.247,147.751]},"pointables":[{"bases":[[[0.764207,0.591277,0.257641],[-0.628162,0.591725,0.505247],[0.146289,-0.547953,0.823618]],[[0.662185,0.747521,-0.0521867],[-0.703937,0.644426,0.298643],[0.256872,-0.161021,0.952937]],[[0.662185,0.747521,-0.0521867],[-0.749035,0.662295,-0.0176476],[0.0213711,0.0507757,0.998481]],[[0.662185,0.747521,-0.0521867],[-0.738401,0.639078,-0.215277],[-0.127573,0.181088,0.975158]]],"btipPosition":[-44.6403,323.7,-15.0664],"carpPosition":[-34.3364,321.683,86.7832],"dipPosition":[-47.5521,327.833,7.19097],"direction":[-0.0213711,-0.0507757,-0.998481],"extended":false,"handId":985,"id":9850,"length":50.8265,"mcpPosition":[-34.3364,321.683,86.7832],"pipPosition":[-46.8414,329.521,40.3922],"stabilizedTipPosition":[-45.8705,288.942,34.6318],"timeVisible":35.5689,"tipPosition":[-45.1836,325.444,-9.84722],"tipVelocity":[61.5058,144.821,-205.225],"tool":false,"touchDistance":-0.700569,"touchZone":"hovering","type":0,"width":19.7488},{"bases":[[[0.908535,-0.407218,-0.093473],[0.414718,0.851795,0.320085],[-0.0507247,-0.329573,0.942766]],[[0.909251,-0.374131,-0.18245],[0.350962,0.924742,-0.147234],[0.223804,0.0698401,0.972129]],[[0.909251,-0.374131,-0.18245],[0.317603,0.906897,-0.276887],[0.269055,0.193813,0.943422]],[[0.909251,-0.374131,-0.18245],[0.291744,0.885444,-0.361766],[0.296897,0.275707,0.914242]]],"btipPosition":[-34.0478,348.556,-59.1824],"carpPosition":[-17.0207,336.998,86.6635],"dipPosition":[-29.1007,353.15,-43.9487],"direction":[-0.269055,-0.193813,-0.943422],"extended":true,"handId":985,"id":9851,"length":57.352,"mcpPosition":[-13.3813,360.645,19.0212],"pipPosition":[-22.7585,357.719,-21.7101],"stabilizedTipPosition":[-36.3816,333.645,-39.1761],"timeVisible":35.5689,"tipPosition":[-33.3437,348.229,-55.1919],"tipVelocity":[63.8059,218.963,-191.235],"tool":false,"touchDistance":-0.703128,"touchZone":"hovering","type":1,"width":18.8641},{"bases":[[[0.809229,-0.587205,-0.0184304],[0.561132,0.763245,0.320295],[-0.174012,-0.269534,0.947139]],[[0.792081,-0.60747,0.0599011],[0.496544,0.584134,-0.642053],[0.355037,0.538302,0.764317]],[[0.792081,-0.60747,0.0599011],[0.208227,0.176647,-0.961996],[0.573802,0.774452,0.266411]],[[0.792081,-0.60747,0.0599011],[0.0165007,-0.0767877,-0.996911],[0.610193,0.790623,-0.0507984]]],"btipPosition":[-37.4557,290.832,-21.2875],"carpPosition":[-5.51028,333.764,85.5429],"dipPosition":[-26.2727,305.322,-22.2185],"direction":[-0.573802,-0.774452,-0.266411],"extended":false,"handId":985,"id":9852,"length":65.348,"mcpPosition":[6.32969,352.104,21.0984],"pipPosition":[-10.3597,326.799,-14.8302],"stabilizedTipPosition":[-34.3367,255.614,27.8539],"timeVisible":35.5689,"tipPosition":[-35.1082,293.989,-20.6976],"tipVelocity":[77.6302,160.242,-236.659],"tool":false,"touchDistance":-0.818236,"touchZone":"hovering","type":2,"width":18.527},{"bases":[[[0.730183,-0.676323,0.0970573],[0.611681,0.71036,0.348189],[-0.304434,-0.194874,0.932386]],[[0.749304,-0.661402,0.0330261],[0.51944,0.556076,-0.648816],[0.410763,0.503315,0.760229]],[[0.749304,-0.661402,0.0330261],[0.199682,0.178108,-0.963537],[0.631404,0.728577,0.265527]],[[0.749304,-0.661402,0.0330261],[-0.00365515,-0.0540011,-0.998534],[0.662216,0.748085,-0.0428807]]],"btipPosition":[-23.6561,284.308,-11.6309],"carpPosition":[4.76947,327.649,84.8466],"dipPosition":[-11.5895,297.939,-12.4122],"direction":[-0.631404,-0.728577,-0.265527],"extended":false,"handId":985,"id":9853,"length":62.8339,"mcpPosition":[23.3672,339.554,27.8874],"pipPosition":[5.46873,317.623,-5.23863],"stabilizedTipPosition":[-18.4174,242.883,41.6276],"timeVisible":35.5689,"tipPosition":[-21.1241,287.241,-10.8989],"tipVelocity":[80.9544,157.291,-244.504],"tool":false,"touchDistance":-0.837442,"touchZone":"hovering","type":3,"width":17.6296},{"bases":[[[0.578868,-0.802345,0.145445],[0.688489,0.576493,0.440043],[-0.436914,-0.15459,0.886119]],[[0.623118,-0.780665,0.0478096],[0.644664,0.478028,-0.596571],[0.442868,0.402555,0.801135]],[[0.623118,-0.780665,0.0478096],[0.278501,0.164345,-0.946271],[0.730863,0.602953,0.319822]],[[0.623118,-0.780665,0.0478096],[0.0411569,-0.0283147,-0.998751],[0.781044,0.624308,0.0144864]]],"btipPosition":[-6.23667,288.336,0.119201],"carpPosition":[11.3982,315.472,84.1998],"dipPosition":[6.89283,298.831,0.36272],"direction":[-0.730863,-0.602953,-0.319822],"extended":false,"handId":985,"id":9854,"length":49.2606,"mcpPosition":[36.1057,324.214,34.0896],"pipPosition":[20.8338,310.332,6.46324],"stabilizedTipPosition":[-0.460952,245.17,56.3904],"timeVisible":35.5689,"tipPosition":[-3.51663,290.564,0.958519],"tipVelocity":[79.1746,152.54,-239.219],"tool":false,"touchDistance":-0.782917,"touchZone":"hovering","type":4,"width":15.66}],"r":[[0.953191,0.139364,0.268335],[-0.118129,0.988558,-0.0937999],[-0.278337,0.057711,0.958748]],"s":1.0941,"t":[-15.33,37.2957,-70.0388],"timestamp":669501921067},false],[2,{"currentFrameRate":51.8887,"devices":[],"gestures":[{"center":[-33.8696,271.683,-0.285128],"duration":38535,"handIds":[985],"id":8,"normal":[-0.979683,-0.179108,0.0902285],"pointableIds":[9851],"progress":0.805984,"radius":30.5296,"state":"update","type":"circle"}],"hands":[{"armBasis":[[0.829346,-0.509587,-0.229142],[0.488161,0.860365,-0.14653],[0.271815,0.00966601,0.962301]],"armWidth":62.1429,"confidence":0.61202,"direction":[0.264328,0.385909,-0.883858],"elbow":[68.6,322.354,338.636],"grabStrength":0.12734,"id":985,"palmNormal":[-0.411478,-0.783728,-0.465248],"palmPosition":[2.72867,340.448,36.3789],"palmVelocity":[81.8815,120.205,-219.922],"palmWidth":88.738,"pinchStrength":0.721932,"r":[[0.953415,0.133694,0.270416],[-0.115518,0.989905,-0.0821254],[-0.278666,0.0470617,0.959234]],"s":1.09762,"sphereCenter":[-7.91567,300.353,-1.3396],"sphereRadius":49.6995,"stabilizedPalmPosition":[0.698454,296.854,86.0075],"t":[-13.7511,39.6088,-74.2715],"timeVisible":35.5879,"type":"right","wrist":[-2.97381,319.809,85.2456]}],"id":4970733,"interactionBox":{"center":[0,200,0],"size":[235.247,235.247,147.751]},"pointables":[{"bases":[[[0.770606,0.580458,0.263124],[-0.621119,0.591554,0.514077],[0.142748,-0.559583,0.816388]],[[0.668965,0.741902,-0.0454558],[-0.697051,0.647406,0.308197],[0.25808,-0.174488,0.950236]],[[0.668965,0.741902,-0.0454558],[-0.74281,0.669485,-0.00487262],[0.0268169,0.0370246,0.998954]],[[0.668965,0.741902,-0.0454558],[-0.733092,0.648452,-0.205149],[-0.122725,0.170561,0.977675]]],"btipPosition":[-43.0951,327.167,-19.8411],"carpPosition":[-32.4406,323.797,81.9502],"dipPosition":[-45.8962,331.06,2.47371],"direction":[-0.0268169,-0.0370246,-0.998954],"extended":false,"handId":985,"id":9850,"length":50.8265,"mcpPosition":[-32.4406,323.797,81.9502],"pipPosition":[-45.0045,332.291,35.6907],"stabilizedTipPosition":[-45.7781,290.638,32.4936],"timeVisible":35.5879,"tipPosition":[-43.5607,328.817,-14.604],"tipVelocity":[71.8669,161.8,-227.386],"tool":false,"touchDistance":-0.730268,"touchZone":"hovering","type":0,"width":19.7488},{"bases":[[[0.904246,-0.414962,-0.10072],[0.423855,0.843612,0.329645],[-0.0518219,-0.340771,0.938717]],[[0.905083,-0.380752,-0.189345],[0.360966,0.923302,-0.131218],[0.224784,0.050416,0.973104]],[[0.905083,-0.380752,-0.189345],[0.327721,0.908303,-0.259969],[0.270966,0.173242,0.946871]],[[0.905083,-0.380752,-0.189345],[0.30184,0.888886,-0.344636],[0.299527,0.254772,0.919443]]],"btipPosition":[-32.0529,352.95,-63.7851],"carpPosition":[-14.9747,338.941,81.9791],"dipPosition":[-27.062,357.195,-48.4647],"direction":[-0.270966,-0.173242,-0.946871],"extended":true,"handId":985,"id":9851,"length":57.352,"mcpPosition":[-11.2565,363.391,14.6273],"pipPosition":[-20.6747,361.279,-26.1449],"stabilizedTipPosition":[-35.2227,337.936,-43.6379],"timeVisible":35.5879,"tipPosition":[-31.3625,352.522,-59.7962],"tipVelocity":[84.2787,222.755,-215.662],"tool":false,"touchDistance":-0.72989,"touchZone":"hovering","type":1,"width":18.8641},{"bases":[[[0.803337,-0.594881,-0.0276808],[0.569386,0.753626,0.328401],[-0.174499,-0.279578,0.944133]],[[0.785936,-0.616172,0.0513493],[0.501599,0.586825,-0.635638],[0.361529,0.525327,0.770278]],[[0.785936,-0.616172,0.0513493],[0.209911,0.187781,-0.959518],[0.581586,0.764898,0.276925]],[[0.785936,-0.616172,0.0513493],[0.0162862,-0.0623892,-0.997919],[0.618094,0.785136,-0.0389988]]],"btipPosition":[-36.0775,294.335,-26.6234],"carpPosition":[-3.49935,335.608,80.7905],"dipPosition":[-24.7497,308.724,-27.3381],"direction":[-0.581586,-0.764898,-0.276925],"extended":false,"handId":985,"id":9852,"length":65.348,"mcpPosition":[8.37377,354.631,16.5506],"pipPosition":[-8.62081,329.936,-19.6582],"stabilizedTipPosition":[-34.299,257.451,25.4657],"timeVisible":35.5879,"tipPosition":[-33.6972,297.467,-25.9803],"tipVelocity":[75.9253,171.369,-256.915],"tool":false,"touchDistance":-0.844038,"touchZone":"hovering","type":2,"width":18.527},{"bases":[[[0.723678,-0.684647,0.0868808],[0.619473,0.699902,0.355514],[-0.30421,-0.203457,0.930624]],[[0.742685,-0.669231,0.0234126],[0.523558,0.558515,-0.643388],[0.417499,0.490093,0.765182]],[[0.742685,-0.669231,0.0234126],[0.199639,0.187908,-0.961683],[0.639189,0.718902,0.273161]],[[0.742685,-0.669231,0.0234126],[-0.00586984,-0.0414678,-0.999123],[0.669615,0.741896,-0.0347258]]],"btipPosition":[-22.3602,287.534,-16.947],"carpPosition":[6.7178,329.401,79.9935],"dipPosition":[-10.1587,301.053,-17.5797],"direction":[-0.639189,-0.718902,-0.273161],"extended":false,"handId":985,"id":9853,"length":62.8339,"mcpPosition":[25.3019,341.83,23.142],"pipPosition":[7.10984,320.475,-10.1999],"stabilizedTipPosition":[-18.4537,244.407,39.753],"timeVisible":35.5879,"tipPosition":[-19.7916,290.441,-16.198],"tipVelocity":[75.4216,162.651,-260.785],"tool":false,"touchDistance":-0.861261,"touchZone":"hovering","type":3,"width":17.6296},{"bases":[[[0.571236,-0.809763,0.134063],[0.695164,0.564151,0.445512],[-0.436391,-0.161296,0.885182]],[[0.615318,-0.787412,0.0369755],[0.647365,0.478002,-0.593661],[0.449781,0.389227,0.803865]],[[0.615318,-0.787412,0.0369755],[0.277732,0.172655,-0.945016],[0.737733,0.591754,0.324927]],[[0.615318,-0.787412,0.0369755],[0.0390628,-0.0163908,-0.999102],[0.787311,0.61621,0.020673]]],"btipPosition":[-4.91499,291.221,-5.14371],"carpPosition":[13.2243,317.167,79.1793],"dipPosition":[8.31986,301.579,-4.7962],"direction":[-0.737733,-0.591754,-0.324927],"extended":false,"handId":985,"id":9854,"length":49.2606,"mcpPosition":[37.9022,326.289,29.1223],"pipPosition":[22.3919,312.867,1.4017],"stabilizedTipPosition":[-0.495887,246.37,54.8677],"timeVisible":35.5879,"tipPosition":[-2.14239,293.432,-4.32896],"tipVelocity":[75.0095,151.251,-256.992],"tool":false,"touchDistance":-0.811543,"touchZone":"hovering","type":4,"width":15.66}],"r":[[0.953415,0.133694,0.270416],[-0.115518,0.989905,-0.0821254],[-0.278666,0.0470617,0.959234]],"s":1.09762,"t":[-13.7511,39.6088,-74.2715],"timestamp":669501940098},false],[3,{"currentFrameRate":51.9801,"devices":[],"gestures":[{"center":[-33.8696,271.683,-0.285128],"duration":38535,"handIds":[985],"id":8,"normal":[-0.979683,-0.179108,0.0902285],"pointableIds":[9851],"progress":0.805984,"radius":30.5296,"state":"update","type":"circle"}],"hands":[{"armBasis":[[0.826301,-0.515495,-0.226916],[0.50022,0.856831,-0.124983],[0.258856,-0.0102344,0.965862]],"armWidth":62.1429,"confidence":0.620986,"direction":[0.281889,0.38144,-0.880365],"elbow":[64.9605,319.3,335.867],"grabStrength":0.119535,"id":985,"palmNormal":[-0.413323,-0.779788,-0.470207],"palmPosition":[3.46606,342.488,32.7324],"palmVelocity":[60.8547,114.18,-206.67],"palmWidth":88.738,"pinchStrength":0.719751,"r":[[0.953054,0.127066,0.274849],[-0.110969,0.991109,-0.0734118],[-0.281733,0.0394657,0.958681]],"s":1.10104,"sphereCenter":[-7.24979,302.655,-5.11186],"sphereRadius":49.6482,"stabilizedPalmPosition":[0.745751,297.634,85.0971],"t":[-12.593,41.7853,-78.2111],"timeVisible":35.6068,"type":"right","wrist":[-3.20099,321.995,81.5386]}],"id":4970734,"interactionBox":{"center":[0,200,0],"size":[235.247,235.247,147.751]},"pointables":[{"bases":[[[0.77311,0.572137,0.273789],[-0.622002,0.599386,0.503836],[0.124158,-0.559818,0.819261]],[[0.67756,0.734518,-0.037346],[-0.69432,0.655574,0.296887],[0.242552,-0.175229,0.954182]],[[0.67756,0.734518,-0.037346],[-0.735316,0.677577,-0.0141495],[0.0149117,0.0370482,0.999202]],[[0.67756,0.734518,-0.037346],[-0.723014,0.655923,-0.216831],[-0.13477,0.173918,0.975494]]],"btipPosition":[-41.7958,329.639,-24.1459],"carpPosition":[-32.568,326.31,77.796],"dipPosition":[-44.8718,333.609,-1.88083],"direction":[-0.0149117,-0.0370483,-0.999202],"extended":false,"handId":985,"id":9850,"length":50.8265,"mcpPosition":[-32.568,326.31,77.796],"pipPosition":[-44.376,334.841,31.3444],"stabilizedTipPosition":[-45.6407,292.312,30.3323],"timeVisible":35.6068,"tipPosition":[-42.2764,331.262,-18.9242],"tipVelocity":[68.6906,147.053,-227.851],"tool":false,"touchDistance":-0.750318,"touchZone":"hovering","type":0,"width":19.7488},{"bases":[[[0.900892,-0.425329,-0.0865419],[0.428406,0.839305,0.334717],[-0.0697297,-0.338619,0.938336]],[[0.903441,-0.391232,-0.175302],[0.374266,0.919185,-0.122572],[0.209089,0.0451269,0.976855]],[[0.903441,-0.391232,-0.175302],[0.343281,0.905113,-0.250857],[0.256811,0.166457,0.952019]],[[0.903441,-0.391232,-0.175302],[0.31878,0.886463,-0.335503],[0.286659,0.247225,0.925585]]],"btipPosition":[-29.5217,355.618,-68.0534],"carpPosition":[-14.934,341.256,78.0643],"dipPosition":[-24.7452,359.737,-52.6306],"direction":[-0.256811,-0.166457,-0.952019],"extended":true,"handId":985,"id":9851,"length":57.352,"mcpPosition":[-9.93094,365.552,10.7398],"pipPosition":[-18.6916,363.661,-30.1895],"stabilizedTipPosition":[-33.832,341.747,-47.9061],"timeVisible":35.6068,"tipPosition":[-28.9072,355.163,-64.0553],"tipVelocity":[107.339,181.983,-220.023],"tool":false,"touchDistance":-0.748905,"touchZone":"hovering","type":1,"width":18.8641},{"bases":[[[0.796867,-0.603974,-0.0147581],[0.57291,0.747677,0.335787],[-0.191772,-0.276033,0.941822]],[[0.77783,-0.625124,0.0648147],[0.518334,0.579774,-0.628643],[0.355402,0.522573,0.774988]],[[0.77783,-0.625124,0.0648147],[0.228208,0.184843,-0.955905],[0.585578,0.758323,0.286435]],[[0.77783,-0.625124,0.0648147],[0.0329566,-0.0624172,-0.997506],[0.62761,0.778026,-0.027948]]],"btipPosition":[-34.8805,296.719,-30.8915],"carpPosition":[-3.48066,337.792,77.0529],"dipPosition":[-23.3784,310.978,-31.4037],"direction":[-0.585578,-0.758323,-0.286435],"extended":false,"handId":985,"id":9852,"length":65.348,"mcpPosition":[9.56778,356.573,12.9701],"pipPosition":[-7.13877,332.008,-23.4601],"stabilizedTipPosition":[-34.2133,259.217,23.1227],"timeVisible":35.6068,"tipPosition":[-32.4741,299.832,-30.2041],"tipVelocity":[70.7835,148.417,-240.442],"tool":false,"touchDistance":-0.851291,"touchZone":"hovering","type":2,"width":18.527},{"bases":[[[0.71449,-0.692645,0.0987289],[0.621974,0.693435,0.363727],[-0.320395,-0.198472,0.926259]],[[0.734409,-0.677739,0.036249],[0.539965,0.551089,-0.636191],[0.411195,0.486797,0.77068]],[[0.734409,-0.677739,0.036249],[0.217221,0.184114,-0.958602],[0.643007,0.71188,0.282434]],[[0.734409,-0.677739,0.036249],[0.00993778,-0.0426651,-0.99904],[0.678635,0.734064,-0.0245984]]],"btipPosition":[-21.4057,289.773,-20.9302],"carpPosition":[6.67627,331.468,76.4182],"dipPosition":[-9.03992,303.149,-21.3784],"direction":[-0.643007,-0.71188,-0.282434],"extended":false,"handId":985,"id":9853,"length":62.8339,"mcpPosition":[26.2491,343.593,19.8334],"pipPosition":[8.33181,322.381,-13.7481],"stabilizedTipPosition":[-18.457,245.886,37.8973],"timeVisible":35.6068,"tipPosition":[-18.813,292.657,-20.1523],"tipVelocity":[64.1762,140.116,-235.129],"tool":false,"touchDistance":-0.862579,"touchZone":"hovering","type":3,"width":17.6296},{"bases":[[[0.55995,-0.815951,0.143805],[0.694765,0.556985,0.455049],[-0.451395,-0.154894,0.878778]],[[0.605689,-0.794286,0.0474532],[0.661529,0.469519,-0.584749],[0.442177,0.385567,0.809825]],[[0.605689,-0.794286,0.0474532],[0.294149,0.168095,-0.940862],[0.739336,0.583827,0.335452]],[[0.605689,-0.794286,0.0474532],[0.0544711,-0.0181074,-0.998351],[0.793835,0.607275,0.0322981]]],"btipPosition":[-4.11369,293.279,-8.84286],"carpPosition":[13.0551,319.161,75.7197],"dipPosition":[9.23083,303.488,-8.29992],"direction":[-0.739336,-0.583827,-0.335452],"extended":false,"handId":985,"id":9854,"length":49.2606,"mcpPosition":[38.5815,327.92,26.0248],"pipPosition":[23.3335,314.624,-1.90127],"stabilizedTipPosition":[-0.508792,247.529,53.372],"timeVisible":35.6068,"tipPosition":[-1.32376,295.464,-7.99338],"tipVelocity":[59.6657,129.589,-225.761],"tool":false,"touchDistance":-0.813535,"touchZone":"hovering","type":4,"width":15.66}],"r":[[0.953054,0.127066,0.274849],[-0.110969,0.991109,-0.0734118],[-0.281733,0.0394657,0.958681]],"s":1.10104,"t":[-12.593,41.7853,-78.2111],"timestamp":669501959001},false],[4,{"currentFrameRate":51.9437,"devices":[],"gestures":[{"center":[-33.8696,271.683,-0.285128],"duration":38535,"handIds":[985],"id":8,"normal":[-0.979683,-0.179108,0.0902285],"pointableIds":[9851],"progress":0.805984,"radius":30.5296,"state":"stop","type":"circle"}],"hands":[{"armBasis":[[0.824315,-0.515663,-0.23366],[0.502679,0.856532,-0.116907],[0.260421,-0.0210879,0.965265]],"armWidth":62.1429,"confidence":0.627879,"direction":[0.294502,0.378098,-0.877673],"elbow":[65.5976,318.917,332.378],"grabStrength":0.112112,"id":985,"palmNormal":[-0.407435,-0.781076,-0.473199],"palmPosition":[4.39062,344.785,29.4273],"palmVelocity":[54.2863,116.338,-188.615],"palmWidth":88.738,"pinchStrength":0.718064,"r":[[0.951976,0.121763,0.280918],[-0.106983,0.991972,-0.0674243],[-0.286872,0.0341329,0.957361]],"s":1.10426,"sphereCenter":[-6.01298,305.026,-8.45153],"sphereRadius":49.5937,"stabilizedPalmPosition":[0.812577,298.498,84.0764],"t":[-11.5517,44.0222,-81.8335],"timeVisible":35.6262,"type":"right","wrist":[-2.97596,324.47,78.2072]}],"id":4970735,"interactionBox":{"center":[0,200,0],"size":[235.247,235.247,147.751]},"pointables":[{"bases":[[[0.769738,0.572422,0.282553],[-0.628423,0.601694,0.492999],[0.112194,-0.557043,0.82287]],[[0.678392,0.73404,-0.0311362],[-0.697923,0.657095,0.284834],[0.229539,-0.171499,0.958071]],[[0.678392,0.73404,-0.0311362],[-0.734693,0.677963,-0.0243505],[0.00323496,0.0393947,0.999218]],[[0.678392,0.73404,-0.0311362],[-0.719663,0.655381,-0.229261],[-0.147881,0.177936,0.972867]]],"btipPosition":[-40.1907,331.775,-28.032],"carpPosition":[-32.2839,328.797,74.0397],"dipPosition":[-43.566,335.836,-5.82696],"direction":[-0.00323496,-0.0393947,-0.999218],"extended":false,"handId":985,"id":9850,"length":50.8265,"mcpPosition":[-32.2839,328.797,74.0397],"pipPosition":[-43.4584,337.146,27.3988],"stabilizedTipPosition":[-45.4515,293.948,28.1764],"timeVisible":35.6262,"tipPosition":[-40.7116,333.384,-22.8274],"tipVelocity":[73.9617,129.189,-214.541],"tool":false,"touchDistance":-0.762118,"touchZone":"hovering","type":0,"width":19.7488},{"bases":[[[0.901621,-0.426414,-0.0724637],[0.424463,0.840103,0.337725],[-0.0831337,-0.335258,0.938451]],[[0.90544,-0.392563,-0.161471],[0.377577,0.918661,-0.116175],[0.193943,0.0442217,0.980016]],[[0.90544,-0.392563,-0.161471],[0.348727,0.904823,-0.244306],[0.242008,0.164896,0.95616]],[[0.90544,-0.392563,-0.161471],[0.325615,0.886386,-0.329082],[0.272311,0.245387,0.930394]]],"btipPosition":[-27.0449,357.955,-71.9343],"carpPosition":[-14.6416,343.729,74.5019],"dipPosition":[-22.5075,362.043,-56.4314],"direction":[-0.242008,-0.164896,-0.95616],"extended":true,"handId":985,"id":9851,"length":57.352,"mcpPosition":[-8.67683,367.783,7.16919],"pipPosition":[-16.8029,365.93,-33.8926],"stabilizedTipPosition":[-32.3144,345.07,-51.8718],"timeVisible":35.6262,"tipPosition":[-26.4927,357.497,-67.931],"tipVelocity":[116.119,151.136,-209.653],"tool":false,"touchDistance":-0.760284,"touchZone":"hovering","type":1,"width":18.8641},{"bases":[[[0.79644,-0.604716,-0.0015143],[0.568854,0.748354,0.341134],[-0.205156,-0.272554,0.940014]],[[0.776079,-0.625727,0.0785319],[0.528155,0.576855,-0.62313],[0.344608,0.525075,0.778166]],[[0.776079,-0.625727,0.0785319],[0.243279,0.182167,-0.952696],[0.581822,0.758473,0.293603]],[[0.776079,-0.625727,0.0785319],[0.0489278,-0.0644094,-0.996723],[0.628735,0.777378,-0.0193714]]],"btipPosition":[-33.0768,298.832,-34.664],"carpPosition":[-3.17846,340.251,73.6626],"dipPosition":[-21.554,313.079,-35.019],"direction":[-0.581822,-0.758473,-0.293603],"extended":false,"handId":985,"id":9852,"length":65.348,"mcpPosition":[10.7806,358.796,9.70293],"pipPosition":[-5.41855,334.113,-26.8767],"stabilizedTipPosition":[-34.0566,260.992,20.7277],"timeVisible":35.6262,"tipPosition":[-30.6762,301.95,-33.9451],"tipVelocity":[82.0196,128.659,-216.635],"tool":false,"touchDistance":-0.85054,"touchZone":"hovering","type":2,"width":18.527},{"bases":[[[0.712405,-0.692915,0.111121],[0.617472,0.694167,0.369945],[-0.333477,-0.194937,0.922384]],[[0.733048,-0.678381,0.0493939],[0.549637,0.548019,-0.630535],[0.400674,0.489361,0.774588]],[[0.733048,-0.678381,0.0493939],[0.231511,0.180565,-0.955928],[0.639565,0.712176,0.289416]],[[0.733048,-0.678381,0.0493939],[0.0248151,-0.0458974,-0.998638],[0.679724,0.733275,-0.016811]]],"btipPosition":[-19.7707,291.9,-24.4205],"carpPosition":[6.98052,333.916,73.192],"dipPosition":[-7.38507,305.261,-24.7268],"direction":[-0.639565,-0.712177,-0.289416],"extended":false,"handId":985,"id":9853,"length":62.8339,"mcpPosition":[27.3525,345.825,16.8439],"pipPosition":[9.89366,324.502,-16.9078],"stabilizedTipPosition":[-18.408,247.452,35.9068],"timeVisible":35.6262,"tipPosition":[-17.1824,294.79,-23.624],"tipVelocity":[74.3601,124.852,-206.798],"tool":false,"touchDistance":-0.85652,"touchZone":"hovering","type":3,"width":17.6296},{"bases":[[[0.557137,-0.815928,0.154467],[0.688856,0.557976,0.462753],[-0.463761,-0.151411,0.872926]],[[0.604166,-0.794683,0.0588446],[0.67014,0.466747,-0.577113],[0.431156,0.388106,0.814542]],[[0.604166,-0.794683,0.0588446],[0.308171,0.164912,-0.936928],[0.734857,0.584194,0.344533]],[[0.604166,-0.794683,0.0588446],[0.0695718,-0.0209595,-0.997357],[0.793816,0.606662,0.0426246]]],"btipPosition":[-2.6465,295.438,-12.1153],"carpPosition":[13.3572,321.601,72.6258],"dipPosition":[10.6977,305.636,-11.3988],"direction":[-0.734857,-0.584194,-0.344533],"extended":false,"handId":985,"id":9854,"length":49.2606,"mcpPosition":[39.5829,330.163,23.2618],"pipPosition":[24.7149,316.78,-4.82696],"stabilizedTipPosition":[-0.485063,248.809,51.7079],"timeVisible":35.6262,"tipPosition":[0.13839,297.627,-11.2353],"tipVelocity":[67.6605,120.435,-196.31],"tool":false,"touchDistance":-0.809003,"touchZone":"hovering","type":4,"width":15.66}],"r":[[0.951976,0.121763,0.280918],[-0.106983,0.991972,-0.0674243],[-0.286872,0.0341329,0.957361]],"s":1.10426,"t":[-11.5517,44.0222,-81.8335],"timestamp":669501978386},false],[5,{"currentFrameRate":51.8981,"devices":[],"gestures":[],"hands":[{"armBasis":[[0.816535,-0.540586,-0.202579],[0.52148,0.841217,-0.142875],[0.247649,0.0110211,0.968787]],"armWidth":62.1429,"confidence":0.573602,"direction":[0.310635,0.377371,-0.872409],"elbow":[62.6889,328.463,328.371],"grabStrength":0.10492,"id":985,"palmNormal":[-0.4189,-0.769529,-0.482025],"palmPosition":[5.72972,346.022,24.6952],"palmVelocity":[61.5925,89.9839,-216.047],"palmWidth":88.738,"pinchStrength":0.715627,"r":[[0.951009,0.113199,0.287693],[-0.0995947,0.993123,-0.0615424],[-0.292681,0.0298747,0.955743]],"s":1.10781,"sphereCenter":[-5.36577,307.048,-13.5404],"sphereRadius":49.453,"stabilizedPalmPosition":[0.882805,299.177,83.2283],"t":[-10.3614,45.7591,-86.0107],"timeVisible":35.6456,"type":"right","wrist":[-2.52145,325.56,73.272]}],"id":4970736,"interactionBox":{"center":[0,200,0],"size":[235.247,235.247,147.751]},"pointables":[{"bases":[[[0.778634,0.554615,0.29348],[-0.620579,0.611488,0.490881],[0.0927906,-0.564344,0.820308]],[[0.693377,0.720278,-0.0206694],[-0.686983,0.669438,0.282678],[0.217444,-0.181803,0.958992]],[[0.693377,0.720278,-0.0206694],[-0.72057,0.692981,-0.0235899],[-0.0026678,0.0312505,0.999508]],[[0.693377,0.720278,-0.0206694],[-0.704085,0.671129,-0.232056],[-0.153273,0.175455,0.972483]]],"btipPosition":[-38.6912,334.326,-33.262],"carpPosition":[-31.6926,330.519,68.8555],"dipPosition":[-42.1896,338.331,-11.0657],"direction":[0.0026678,-0.0312505,-0.999508],"extended":false,"handId":985,"id":9850,"length":50.8265,"mcpPosition":[-31.6926,330.519,68.8555],"pipPosition":[-42.2783,339.37,22.1697],"stabilizedTipPosition":[-45.2419,295.401,26.1933],"timeVisible":35.6456,"tipPosition":[-39.1913,335.866,-28.058],"tipVelocity":[74.8271,129.884,-241.868],"tool":false,"touchDistance":-0.79272,"touchZone":"hovering","type":0,"width":19.7488},{"bases":[[[0.893289,-0.444511,-0.0666668],[0.43844,0.829031,0.3471],[-0.0990207,-0.33929,0.935456]],[[0.898659,-0.410192,-0.155418],[0.398332,0.9115,-0.102471],[0.183696,0.0301788,0.98252]],[[0.898659,-0.410192,-0.155418],[0.370892,0.899728,-0.230062],[0.234203,0.149103,0.960686]],[[0.898659,-0.410192,-0.155418],[0.348539,0.882855,-0.314782],[0.266333,0.228712,0.936353]]],"btipPosition":[-24.302,360.833,-76.952],"carpPosition":[-13.7514,345.08,69.5801],"dipPosition":[-19.8642,364.644,-61.3498],"direction":[-0.234203,-0.149103,-0.960686],"extended":true,"handId":985,"id":9851,"length":57.352,"mcpPosition":[-6.64678,369.423,2.46232],"pipPosition":[-14.3435,368.159,-38.7044],"stabilizedTipPosition":[-30.7463,347.959,-55.6027],"timeVisible":35.6456,"tipPosition":[-23.8101,360.319,-72.9485],"tipVelocity":[128.035,147.972,-233.326],"tool":false,"touchDistance":-0.787513,"touchZone":"hovering","type":1,"width":18.8641},{"bases":[[[0.783779,-0.621036,0.00214101],[0.580868,0.734296,0.351285],[-0.219733,-0.274086,0.936266]],[[0.761903,-0.642364,0.0828947],[0.54444,0.565852,-0.61919],[0.350839,0.516894,0.780853]],[[0.761903,-0.642364,0.0828947],[0.254879,0.179699,-0.950129],[0.595433,0.745035,0.300639]],[[0.761903,-0.642364,0.0828947],[0.0572249,-0.0607223,-0.996513],[0.645158,0.76399,-0.00950529]]],"btipPosition":[-32.2327,301.058,-39.747],"carpPosition":[-2.35492,341.37,68.827],"dipPosition":[-20.409,315.06,-39.9212],"direction":[-0.595433,-0.745035,-0.300639],"extended":false,"handId":985,"id":9852,"length":65.348,"mcpPosition":[12.596,360.02,5.12226],"pipPosition":[-3.89608,335.722,-31.5837],"stabilizedTipPosition":[-33.9042,262.444,18.6976],"timeVisible":35.6456,"tipPosition":[-29.6878,304.211,-39.1636],"tipVelocity":[64.5024,120.154,-238.01],"tool":false,"touchDistance":-0.86944,"touchZone":"hovering","type":2,"width":18.527},{"bases":[[[0.696867,-0.708177,0.113409],[0.628081,0.678938,0.380208],[-0.346252,-0.193724,0.917922]],[[0.717352,-0.694522,0.0551867],[0.567564,0.536602,-0.624443],[0.404076,0.479267,0.779118]],[[0.717352,-0.694522,0.0551867],[0.24532,0.177657,-0.953025],[0.652093,0.697192,0.297822]],[[0.717352,-0.694522,0.0551867],[0.034984,-0.0432032,-0.998454],[0.695832,0.718173,-0.00669466]]],"btipPosition":[-19.0757,293.859,-29.5369],"carpPosition":[7.67532,334.83,68.4119],"dipPosition":[-6.39656,306.946,-29.6589],"direction":[-0.652093,-0.697192,-0.297822],"extended":false,"handId":985,"id":9853,"length":62.8339,"mcpPosition":[28.8278,346.665,12.3363],"pipPosition":[11.2206,325.781,-21.6128],"stabilizedTipPosition":[-18.3517,248.69,34.2665],"timeVisible":35.6456,"tipPosition":[-16.3889,296.751,-28.8245],"tipVelocity":[56.7942,111.21,-233.933],"tool":false,"touchDistance":-0.875311,"touchZone":"hovering","type":3,"width":17.6296},{"bases":[[[0.538688,-0.828219,0.154496],[0.695749,0.540725,0.472811],[-0.475131,-0.147207,0.867514]],[[0.586808,-0.807501,0.0599924],[0.685791,0.456234,-0.567047],[0.43052,0.37389,0.821498]],[[0.586808,-0.807501,0.0599924],[0.323658,0.165997,-0.931499],[0.742228,0.566028,0.358762]],[[0.586808,-0.807501,0.0599924],[0.0832192,-0.0135544,-0.996439],[0.805438,0.589711,0.0592457]]],"btipPosition":[-1.87295,297.111,-17.3988],"carpPosition":[13.8018,322.389,67.827],"dipPosition":[11.6666,307.024,-16.4028],"direction":[-0.742228,-0.566028,-0.358762],"extended":false,"handId":985,"id":9854,"length":49.2606,"mcpPosition":[40.6705,330.714,18.769],"pipPosition":[25.8244,317.821,-9.55955],"stabilizedTipPosition":[-0.451897,249.781,50.3845],"timeVisible":35.6456,"tipPosition":[0.945991,299.238,-16.4404],"tipVelocity":[54.8851,101.553,-232.423],"tool":false,"touchDistance":-0.834724,"touchZone":"hovering","type":4,"width":15.66}],"r":[[0.951009,0.113199,0.287693],[-0.0995947,0.993123,-0.0615424],[-0.292681,0.0298747,0.955743]],"s":1.10781,"t":[-10.3614,45.7591,-86.0107],"timestamp":669501997822},false],[6,{"currentFrameRate":51.9725,"devices":[],"gestures":[],"hands":[{"armBasis":[[0.821938,-0.540048,-0.181013],[0.521507,0.841337,-0.142069],[0.229017,0.0223719,0.973165]],"armWidth":62.1429,"confidence":0.574242,"direction":[0.312902,0.381797,-0.869668],"elbow":[59.2608,332.294,327.009],"grabStrength":0.0949987,"id":985,"palmNormal":[-0.417239,-0.767308,-0.48698],"palmPosition":[7.3342,347.108,22.3055],"palmVelocity":[72.8982,73.8853,-171.769],"palmWidth":88.738,"pinchStrength":0.714605,"r":[[0.949989,0.10611,0.293703],[-0.0937556,0.994026,-0.0558689],[-0.297877,0.0255386,0.954263]],"s":1.11153,"sphereCenter":[-3.92699,308.681,-16.1703],"sphereRadius":49.3148,"stabilizedPalmPosition":[0.967298,299.805,82.4304],"t":[-8.96409,47.1703,-89.2942],"timeVisible":35.6646,"type":"right","wrist":[-1.04348,326.403,70.7576]}],"id":4970737,"interactionBox":{"center":[0,200,0],"size":[235.247,235.247,147.751]},"pointables":[{"bases":[[[0.777586,0.553472,0.298378],[-0.622195,0.608809,0.492165],[0.0907441,-0.568349,0.817768]],[[0.692941,0.720825,-0.0156461],[-0.688064,0.667618,0.284349],[0.215411,-0.186271,0.958593]],[[0.692941,0.720825,-0.0156461],[-0.720984,0.692646,-0.020579],[-0.00399664,0.0255406,0.999666]],[[0.692941,0.720825,-0.0156461],[-0.703728,0.671465,-0.232167],[-0.156846,0.171889,0.97255]]],"btipPosition":[-36.9782,335.668,-35.8203],"carpPosition":[-30.2043,331.372,66.2845],"dipPosition":[-40.5581,339.591,-13.6225],"direction":[0.00399664,-0.0255406,-0.999666],"extended":false,"handId":985,"id":9850,"length":50.8265,"mcpPosition":[-30.2043,331.372,66.2845],"pipPosition":[-40.691,340.44,19.6181],"stabilizedTipPosition":[-45.0001,296.739,24.3444],"timeVisible":35.6646,"tipPosition":[-37.485,337.168,-30.6191],"tipVelocity":[81.9527,100.319,-189.259],"tool":false,"touchDistance":-0.780151,"touchZone":"hovering","type":0,"width":19.7488},{"bases":[[[0.893655,-0.443818,-0.0663744],[0.437129,0.827483,0.352405],[-0.10148,-0.343943,0.933491]],[[0.89926,-0.408998,-0.155087],[0.399244,0.912318,-0.0909986],[0.178707,0.0199139,0.983701]],[[0.89926,-0.408998,-0.155087],[0.372715,0.902042,-0.217726],[0.228944,0.137989,0.96361]],[[0.89926,-0.408998,-0.155087],[0.350971,0.886274,-0.30222],[0.261057,0.217343,0.940538]]],"btipPosition":[-22.2245,362.905,-79.4484],"carpPosition":[-12.2712,345.936,67.1309],"dipPosition":[-17.8745,366.526,-63.7765],"direction":[-0.228944,-0.137989,-0.96361],"extended":true,"handId":985,"id":9851,"length":57.352,"mcpPosition":[-4.99015,370.613,0.154066],"pipPosition":[-12.4778,369.779,-41.0621],"stabilizedTipPosition":[-29.1719,350.567,-58.9491],"timeVisible":35.6646,"tipPosition":[-21.7652,362.32,-75.442],"tipVelocity":[118.413,127.792,-182.904],"tool":false,"touchDistance":-0.774301,"touchZone":"hovering","type":1,"width":18.8641},{"bases":[[[0.784027,-0.620725,0.00125647],[0.579585,0.732786,0.356519],[-0.222221,-0.278792,0.934287]],[[0.761657,-0.642676,0.0827414],[0.544654,0.565786,-0.619063],[0.351043,0.516579,0.780971]],[[0.761657,-0.642676,0.0827414],[0.256366,0.181602,-0.949367],[0.595109,0.744304,0.303078]],[[0.761657,-0.642676,0.0827414],[0.0600862,-0.0570919,-0.996559],[0.645189,0.764008,-0.00486849]]],"btipPosition":[-30.5808,302.278,-42.2063],"carpPosition":[-0.87115,342.235,66.3912],"dipPosition":[-18.7565,316.28,-42.2955],"direction":[-0.595109,-0.744304,-0.303078],"extended":false,"handId":985,"id":9852,"length":65.348,"mcpPosition":[14.2491,361.204,2.82109],"pipPosition":[-2.25258,336.921,-33.8904],"stabilizedTipPosition":[-33.7232,263.733,16.8727],"timeVisible":35.6646,"tipPosition":[-27.9663,305.5,-41.7506],"tipVelocity":[75.6097,92.6972,-184.234],"tool":false,"touchDistance":-0.847426,"touchZone":"hovering","type":2,"width":18.527},{"bases":[[[0.696843,-0.708449,0.111851],[0.62674,0.677305,0.385299],[-0.348722,-0.198391,0.915988]],[[0.716949,-0.694923,0.0553702],[0.57046,0.539175,-0.619569],[0.400699,0.475786,0.782987]],[[0.716949,-0.694923,0.0553702],[0.250115,0.182276,-0.950904],[0.650712,0.695598,0.304493]],[[0.716949,-0.694923,0.0553702],[0.0401774,-0.038105,-0.998466],[0.695967,0.718074,0.000600844]]],"btipPosition":[-17.2552,295.212,-32.3407],"carpPosition":[9.16292,335.701,65.9717],"dipPosition":[-4.57363,308.296,-32.3297],"direction":[-0.650712,-0.695598,-0.304493],"extended":false,"handId":985,"id":9853,"length":62.8339,"mcpPosition":[30.4662,347.821,10.0143],"pipPosition":[13.0063,327.089,-24.10