{"sensorType":"Leap","data":[[0,{"currentFrameRate":52.952,"devices":[],"gestures":[],"hands":[{"armBasis":[[0.754955,-0.622265,-0.206953],[0.575536,0.779986,-0.245724],[0.314326,0.0664019,0.94699]],"armWidth":62.1429,"confidence":0.644841,"direction":[0.187001,0.421106,-0.887525],"elbow":[77.3716,315.166,335.458],"grabStrength":0.191881,"id":979,"palmNormal":[-0.599203,-0.667036,-0.442741],"palmPosition":[-3.85927,321.617,38.4422],"palmVelocity":[3.11944,36.5783,-172.404],"palmWidth":88.738,"pinchStrength":0.912454,"r":[[0.979074,-0.180391,0.0941988],[0.178758,0.983561,0.0255719],[-0.0972632,-0.008198,0.995225]],"s":0.83324,"sphereCenter":[-20.4528,288.377,1.98543],"sphereRadius":46.4525,"stabilizedPalmPosition":[-0.58539,269.584,101.808],"t":[10.0356,5.05231,-37.7969],"timeVisible":4.88606,"type":"right","wrist":[-5.39583,297.682,86.0991]}],"id":4966521,"interactionBox":{"center":[0,200,0],"size":[235.247,235.247,147.751]},"pointables":[{"bases":[[[0.88568,0.431472,0.171472],[-0.431501,0.628592,0.647054],[0.1714,-0.647074,0.742912]],[[0.707914,0.680533,-0.189029],[-0.589351,0.71665,0.372931],[0.389259,-0.152599,0.9084]],[[0.707914,0.680533,-0.189029],[-0.671326,0.731489,0.119354],[0.219497,0.0424074,0.974691]],[[0.707914,0.680533,-0.189029],[-0.70463,0.662092,-0.255207],[-0.0485225,0.31386,0.948229]]],"btipPosition":[-59.1152,305.193,-10.3306],"carpPosition":[-33.974,306.338,87.9452],"dipPosition":[-60.2227,312.357,11.3121],"direction":[-0.219497,-0.0424074,-0.974691],"extended":false,"handId":979,"id":9790,"length":50.8265,"mcpPosition":[-33.974,306.338,87.9452],"pipPosition":[-52.924,313.767,43.7223],"stabilizedTipPosition":[-49.7261,248.715,68.7708],"timeVisible":4.88606,"tipPosition":[-59.6986,307.064,-5.38451],"tipVelocity":[-3.27058,67.6634,-161.064],"tool":false,"touchDistance":-0.747431,"touchZone":"hovering","type":0,"width":19.7488},{"bases":[[[0.798798,-0.535171,-0.274797],[0.600531,0.736544,0.311234],[0.0358367,-0.413637,0.909736]],[[0.799584,-0.55576,-0.227588],[0.525231,0.830893,-0.18371],[0.2912,0.0273554,0.956271]],[[0.799584,-0.55576,-0.227588],[0.496304,0.82488,-0.270658],[0.338154,0.103461,0.935386]],[[0.799584,-0.55576,-0.227588],[0.474662,0.816995,-0.327439],[0.367916,0.153788,0.917054]]],"btipPosition":[-43.3468,342.149,-56.5466],"carpPosition":[-14.473,318.618,86.1225],"dipPosition":[-37.2163,344.711,-41.266],"direction":[-0.338154,-0.103461,-0.935386],"extended":true,"handId":979,"id":9791,"length":57.352,"mcpPosition":[-17.0443,348.296,20.85],"pipPosition":[-29.2453,347.15,-19.2169],"stabilizedTipPosition":[-45.0498,296.121,5.83011],"timeVisible":4.88606,"tipPosition":[-42.8926,340.838,-52.2546],"tipVelocity":[6.71502,104.159,-170.115],"tool":false,"touchDistance":-0.916459,"touchZone":"hovering","type":1,"width":18.8641},{"bases":[[[0.682138,-0.703803,-0.198367],[0.727573,0.626203,0.280193],[-0.0729831,-0.335456,0.939224]],[[0.681501,-0.706594,-0.190478],[0.367165,0.555287,-0.746221],[0.633045,0.438614,0.637865]],[[0.681501,-0.706594,-0.190478],[-0.431868,-0.178187,-0.88416],[0.590801,0.684817,-0.42659]],[[0.681501,-0.706594,-0.190478],[-0.684667,-0.523702,-0.50692],[0.258433,0.47588,-0.840684]]],"btipPosition":[-49.9201,288.215,16.1993],"carpPosition":[-4.00743,313.721,82.8521],"dipPosition":[-45.1838,296.936,0.79213],"direction":[-0.590801,-0.684817,0.42659],"extended":false,"handId":979,"id":9792,"length":65.348,"mcpPosition":[0.958439,336.546,18.9461],"pipPosition":[-28.7994,315.928,-11.0383],"stabilizedTipPosition":[-35.3389,229.044,88.7565],"timeVisible":4.88606,"tipPosition":[-48.6248,289.959,14.2342],"tipVelocity":[-13.3885,58.8492,-188.667],"tool":false,"touchDistance":0.333333,"touchZone":"none","type":2,"width":18.527},{"bases":[[[0.607161,-0.790687,-0.0785438],[0.771752,0.563306,0.295102],[-0.189089,-0.239791,0.952232]],[[0.599107,-0.79965,-0.0403718],[0.492169,0.407573,-0.769191],[0.631538,0.440958,0.637743]],[[0.599107,-0.79965,-0.0403718],[-0.380722,-0.240159,-0.892958],[0.704359,0.550348,-0.448325]],[[0.599107,-0.79965,-0.0403718],[-0.701147,-0.499625,-0.508692],[0.386605,0.333068,-0.860002]]],"btipPosition":[-37.2184,280.646,21.804],"carpPosition":[4.82243,306.149,79.9817],"dipPosition":[-30.1739,286.715,6.13343],"direction":[-0.704359,-0.550348,0.448325],"extended":false,"handId":979,"id":9793,"length":62.8339,"mcpPosition":[16.3738,320.797,21.8102],"pipPosition":[-11.1447,301.583,-5.97869],"stabilizedTipPosition":[-20.1178,224.699,84.0833],"timeVisible":4.88606,"tipPosition":[-35.4872,282.025,20.0097],"tipVelocity":[-11.2417,52.192,-207.476],"tool":false,"touchDistance":0.333333,"touchZone":"none","type":3,"width":17.6296},{"bases":[[[0.445277,-0.895259,-0.0154779],[0.837035,0.410055,0.362254],[-0.317964,-0.174259,0.931951]],[[0.460493,-0.885519,-0.0616609],[0.527355,0.328792,-0.783449],[0.714033,0.328256,0.61839]],[[0.460493,-0.885519,-0.0616609],[-0.444103,-0.169685,-0.879761],[0.768582,0.432508,-0.4714]],[[0.460493,-0.885519,-0.0616609],[-0.77766,-0.368959,-0.509032],[0.428008,0.282357,-0.858536]]],"btipPosition":[-19.4473,278.741,26.6982],"carpPosition":[9.04989,293.203,77.3007],"dipPosition":[-12.2525,283.487,12.266],"direction":[-0.768582,-0.432508,0.4714],"extended":false,"handId":979,"id":9794,"length":49.2606,"mcpPosition":[27.0308,303.057,24.5988],"pipPosition":[2.40804,291.737,3.27422],"stabilizedTipPosition":[-3.33803,226.662,92.9629],"timeVisible":4.88606,"tipPosition":[-17.5207,279.721,24.5324],"tipVelocity":[-14.2485,46.6746,-191.643],"tool":false,"touchDistance":0.333333,"touchZone":"none","type":4,"width":15.66}],"r":[[0.979074,-0.180391,0.0941988],[0.178758,0.983561,0.0255719],[-0.0972632,-0.008198,0.995225]],"s":0.83324,"t":[10.0356,5.05231,-37.7969],"timestamp":669420231341},false],[1,{"currentFrameRate":52.9636,"devices":[],"gestures":[],"hands":[{"armBasis":[[0.746244,-0.635913,-0.196812],[0.587262,0.768125,-0.255162],[0.313437,0.0748329,0.946656]],"armWidth":62.1429,"confidence":0.663785,"direction":[0.185692,0.414345,-0.890975],"elbow":[76.9868,317.773,332.173],"grabStrength":0.178439,"id":979,"palmNormal":[-0.616065,-0.657302,-0.434072],"palmPosition":[-4.05365,321.799,35.1419],"palmVelocity":[-3.45514,23.4122,-173.765],"palmWidth":88.738,"pinchStrength":0.922685,"r":[[0.978104,-0.187541,0.0902332],[0.185972,0.982222,0.0255631],[-0.0934232,-0.00822251,0.995593]],"s":0.831826,"sphereCenter":[-21.8336,288.927,-1.05213],"sphereRadius":46.3811,"stabilizedPalmPosition":[-0.585658,269.588,101.803],"t":[9.96769,5.48673,-41.0773],"timeVisible":4.9049,"type":"right","wrist":[-5.54652,298.068,82.9023]}],"id":4966522,"interactionBox":{"center":[0,200,0],"size":[235.247,235.247,147.751]},"pointables":[{"bases":[[[0.895293,0.415451,0.160785],[-0.413022,0.63887,0.649044],[0.166925,-0.647492,0.743566]],[[0.720283,0.665271,-0.196487],[-0.569592,0.728884,0.379859],[0.395925,-0.161688,0.903936]],[[0.720283,0.665271,-0.196487],[-0.657492,0.74504,0.112336],[0.221125,0.0482746,0.97405]],[[0.720283,0.665271,-0.196487],[-0.692608,0.673972,-0.257015],[-0.0385581,0.321212,0.946222]]],"btipPosition":[-59.6849,306.199,-12.9841],"carpPosition":[-33.9377,307.264,85.0072],"dipPosition":[-60.565,313.53,8.61284],"direction":[-0.221125,-0.0482746,-0.97405],"extended":false,"handId":979,"id":9790,"length":50.8265,"mcpPosition":[-33.9377,307.264,85.0072],"pipPosition":[-53.2122,315.135,41.0017],"stabilizedTipPosition":[-49.7358,248.772,68.6972],"timeVisible":4.9049,"tipPosition":[-60.325,308.1,-8.03608],"tipVelocity":[-15.1093,61.6721,-151.447],"tool":false,"touchDistance":-0.740981,"touchZone":"hovering","type":0,"width":19.7488},{"bases":[[[0.785806,-0.550996,-0.280913],[0.617338,0.7263,0.302296],[0.0374633,-0.410964,0.910881]],[[0.786695,-0.571102,-0.234421],[0.540817,0.820675,-0.184417],[0.297705,0.0183005,0.954483]],[[0.786695,-0.571102,-0.234421],[0.51144,0.815593,-0.270624],[0.345746,0.0930056,0.933707]],[[0.786695,-0.571102,-0.234421],[0.489382,0.808395,-0.327112],[0.376319,0.142615,0.915448]]],"btipPosition":[-43.8128,343.321,-59.6709],"carpPosition":[-14.2308,319.171,82.9391],"dipPosition":[-37.5422,345.698,-44.417],"direction":[-0.345746,-0.0930056,-0.933707],"extended":true,"handId":979,"id":9791,"length":57.352,"mcpPosition":[-16.9187,348.657,17.5845],"pipPosition":[-29.3923,347.89,-22.4075],"stabilizedTipPosition":[-45.0265,296.536,5.291],"timeVisible":4.9049,"tipPosition":[-43.3364,342.022,-55.4087],"tipVelocity":[-7.83599,82.5397,-168.185],"tool":false,"touchDistance":-0.900104,"touchZone":"hovering","type":1,"width":18.8641},{"bases":[[[0.666811,-0.717142,-0.202658],[0.741973,0.613492,0.270377],[-0.0695699,-0.330657,0.941183]],[[0.666187,-0.719964,-0.194543],[0.372603,0.547278,-0.749436],[0.646036,0.426777,0.63285]],[[0.666187,-0.719964,-0.194543],[-0.44131,-0.170276,-0.881051],[0.601199,0.672799,-0.431163]],[[0.666187,-0.719964,-0.194543],[-0.698528,-0.51099,-0.500947],[0.261254,0.469618,-0.84333]]],"btipPosition":[-50.9882,289.239,13.2055],"carpPosition":[-3.89253,314.067,79.5806],"dipPosition":[-46.2002,297.845,-2.25013],"direction":[-0.601199,-0.672799,0.431163],"extended":false,"handId":979,"id":9792,"length":65.348,"mcpPosition":[0.841093,336.565,15.5413],"pipPosition":[-29.5274,316.504,-14.2074],"stabilizedTipPosition":[-35.3446,229.068,88.726],"timeVisible":4.9049,"tipPosition":[-49.6774,290.958,11.2062],"tipVelocity":[-34.269,55.9605,-174.399],"tool":false,"touchDistance":0.333333,"touchZone":"none","type":2,"width":18.527},{"bases":[[[0.591462,-0.802178,-0.0817476],[0.785121,0.549835,0.285072],[-0.183731,-0.232791,0.955014]],[[0.583612,-0.810874,-0.0433545],[0.500562,0.401283,-0.767079],[0.639402,0.425975,0.640087]],[[0.583612,-0.810874,-0.0433545],[-0.384153,-0.228661,-0.894506],[0.715418,0.538699,-0.444949]],[[0.583612,-0.810874,-0.0433545],[-0.711512,-0.484908,-0.508542],[0.39134,0.327638,-0.859945]]],"btipPosition":[-38.3314,281.456,18.1068],"carpPosition":[4.76451,306.32,76.6488],"dipPosition":[-31.2006,287.427,2.43726],"direction":[-0.715418,-0.538699,0.444949],"extended":false,"handId":979,"id":9793,"length":62.8339,"mcpPosition":[15.9886,320.542,18.3073],"pipPosition":[-11.8726,301.98,-9.58366],"stabilizedTipPosition":[-20.1202,224.708,84.0733],"timeVisible":4.9049,"tipPosition":[-36.5838,282.799,16.3663],"tipVelocity":[-34.1327,47.1218,-201.978],"tool":false,"touchDistance":0.333333,"touchZone":"none","type":3,"width":17.6296},{"bases":[[[0.428312,-0.903478,-0.0166366],[0.84822,0.395632,0.352133],[-0.311562,-0.164934,0.935802]],[[0.441293,-0.895564,-0.0567955],[0.54373,0.317202,-0.777007],[0.713875,0.312006,0.626924]],[[0.441293,-0.895564,-0.0567955],[-0.435392,-0.158339,-0.886207],[0.784662,0.415805,-0.459796]],[[0.441293,-0.895564,-0.0567955],[-0.780869,-0.35205,-0.516046],[0.442158,0.272077,-0.854676]]],"btipPosition":[-20.6765,279.351,22.5729],"carpPosition":[8.72189,293.288,73.9738],"dipPosition":[-13.2438,283.925,8.20568],"direction":[-0.784662,-0.415805,0.459796],"extended":false,"handId":979,"id":9794,"length":49.2606,"mcpPosition":[26.3408,302.615,21.0541],"pipPosition":[1.72343,291.856,-0.564795],"stabilizedTipPosition":[-3.34009,226.669,92.9532],"timeVisible":4.9049,"tipPosition":[-18.6809,280.247,20.6392],"tipVelocity":[-37.7804,38.6477,-204.628],"tool":false,"touchDistance":0.333333,"touchZone":"none","type":4,"width":15.66}],"r":[[0.978104,-0.187541,0.0902332],[0.185972,0.982222,0.0255631],[-0.0934232,-0.00822251,0.995593]],"s":0.831826,"t":[9.96769,5.48673,-41.0773],"timestamp":669420250180},false],[2,{"currentFrameRate":52.9267,"devices":[],"gestures":[],"hands":[{"armBasis":[[0.742604,-0.638937,-0.200745],[0.588435,0.765598,-0.260006],[0.319818,0.0749557,0.94451]],"armWidth":62.1429,"confidence":0.666663,"direction":[0.182659,0.41,-0.893608],"elbow":[78.6033,318.908,328.911],"grabStrength":0.164889,"id":979,"palmNormal":[-0.619804,-0.657525,-0.428373],"palmPosition":[-4.27585,322.692,32.3359],"palmVelocity":[-7.50673,34.9884,-160.811],"palmWidth":88.738,"pinchStrength":0.932288,"r":[[0.977257,-0.193695,0.0863185],[0.192279,0.981034,0.0245108],[-0.089429,-0.00735608,0.995966]],"s":0.829542,"sphereCenter":[-22.5095,289.918,-3.65276],"sphereRadius":46.2979,"stabilizedPalmPosition":[-0.585877,269.591,101.799],"t":[9.82265,6.1502,-44.1205],"timeVisible":4.92393,"type":"right","wrist":[-5.61031,299.171,80.2049]}],"id":4966523,"interactionBox":{"center":[0,200,0],"size":[235.247,235.247,147.751]},"pointables":[{"bases":[[[0.897123,0.413754,0.154849],[-0.408322,0.642763,0.648174],[0.168654,-0.64472,0.745582]],[[0.722861,0.661295,-0.200402],[-0.563743,0.732106,0.382381],[0.399582,-0.163433,0.902011]],[[0.722861,0.661295,-0.200402],[-0.656216,0.747825,0.100694],[0.216454,0.0587192,0.974525]],[[0.722861,0.661295,-0.200402],[-0.689875,0.674183,-0.263722],[-0.0392906,0.328887,0.943552]]],"btipPosition":[-59.7202,306.948,-15.4513],"carpPosition":[-33.9671,308.451,82.4012],"dipPosition":[-60.617,314.455,6.08469],"direction":[-0.216454,-0.0587192,-0.974525],"extended":false,"handId":979,"id":9790,"length":50.8265,"mcpPosition":[-33.9671,308.451,82.4012],"pipPosition":[-53.4196,316.408,38.4894],"stabilizedTipPosition":[-49.7445,248.823,68.6298],"timeVisible":4.92393,"tipPosition":[-60.4741,308.894,-10.5057],"tipVelocity":[-8.67915,51.7491,-141.08],"tool":false,"touchDistance":-0.732434,"touchZone":"hovering","type":0,"width":19.7488},{"bases":[[[0.783037,-0.554295,-0.282152],[0.620649,0.725951,0.296295],[0.0405938,-0.407128,0.912469]],[[0.784088,-0.574019,-0.236025],[0.544383,0.818709,-0.182654],[0.298083,0.0147288,0.954426]],[[0.784088,-0.574019,-0.236025],[0.514963,0.813963,-0.268845],[0.346438,0.0892534,0.933817]],[[0.784088,-0.574019,-0.236025],[0.492781,0.80697,-0.325525],[0.377323,0.138931,0.915601]]],"btipPosition":[-44.094,344.472,-62.5361],"carpPosition":[-14.2385,320.297,80.1905],"dipPosition":[-37.8067,346.787,-47.2797],"direction":[-0.346438,-0.0892534,-0.933817],"extended":true,"handId":979,"id":9791,"length":57.352,"mcpPosition":[-17.151,349.508,14.722],"pipPosition":[-29.6404,348.89,-25.2676],"stabilizedTipPosition":[-45.0097,296.879,4.83567],"timeVisible":4.92393,"tipPosition":[-43.6081,343.194,-58.2956],"tipVelocity":[-11.1572,71.29,-159.499],"tool":false,"touchDistance":-0.881396,"touchZone":"hovering","type":1,"width":18.8641},{"bases":[[[0.663967,-0.719784,-0.20263],[0.744836,0.612675,0.26429],[-0.0660853,-0.326406,0.942917]],[[0.663361,-0.722623,-0.194341],[0.372737,0.544288,-0.751544],[0.64886,0.426107,0.630407]],[[0.663361,-0.722623,-0.194341],[-0.443639,-0.170642,-0.87981],[0.602608,0.669849,-0.433781]],[[0.663361,-0.722623,-0.194341],[-0.701453,-0.510048,-0.49781],[0.260606,0.466549,-0.845232]]],"btipPosition":[-51.4221,290.203,10.5357],"carpPosition":[-3.92942,315.151,76.8064],"dipPosition":[-46.646,298.753,-4.95479],"direction":[-0.602608,-0.669849,0.433781],"extended":false,"handId":979,"id":9792,"length":65.348,"mcpPosition":[0.567101,337.36,12.6492],"pipPosition":[-29.9342,317.33,-16.9847],"stabilizedTipPosition":[-35.351,229.096,88.6906],"timeVisible":4.92393,"tipPosition":[-50.1153,291.917,8.50019],"tipVelocity":[-28.692,53.0229,-157.814],"tool":false,"touchDistance":0.333333,"touchZone":"none","type":2,"width":18.527},{"bases":[[[0.588955,-0.804096,-0.0810063],[0.787884,0.548967,0.279061],[-0.179922,-0.228178,0.956851]],[[0.581266,-0.812599,-0.0425727],[0.506106,0.402004,-0.763053],[0.63717,0.42199,0.644933]],[[0.581266,-0.812599,-0.0425727],[-0.379372,-0.224344,-0.897634],[0.719866,0.537915,-0.438681]],[[0.581266,-0.812599,-0.0425727],[-0.711281,-0.481987,-0.511633],[0.395233,0.327676,-0.858149]]],"btipPosition":[-38.729,282.417,14.8008],"carpPosition":[4.69344,307.369,73.8683],"dipPosition":[-31.5273,288.388,-0.836025],"direction":[-0.719866,-0.537915,0.438681],"extended":false,"handId":979,"id":9793,"length":62.8339,"mcpPosition":[15.6848,321.308,15.4146],"pipPosition":[-12.0791,302.92,-12.6876],"stabilizedTipPosition":[-20.1226,224.716,84.063],"timeVisible":4.92393,"tipPosition":[-36.9768,283.753,13.0992],"tipVelocity":[-27.1889,48.7833,-187.877],"tool":false,"touchDistance":0.333333,"touchZone":"none","type":3,"width":17.6296},{"bases":[[[0.425841,-0.904679,-0.0147047],[0.850884,0.394887,0.346496],[-0.307661,-0.160064,0.937936]],[[0.436874,-0.898176,-0.0492092],[0.557198,0.313157,-0.769067],[0.706167,0.308566,0.637272]],[[0.436874,-0.898176,-0.0492092],[-0.421841,-0.156252,-0.893104],[0.794476,0.410932,-0.44715]],[[0.436874,-0.898176,-0.0492092],[-0.776772,-0.349105,-0.524168],[0.453615,0.267219,-0.850192]]],"btipPosition":[-21.1291,280.395,19.0365],"carpPosition":[8.60392,294.315,71.2314],"dipPosition":[-13.5037,284.887,4.74458],"direction":[-0.794476,-0.410932,0.44715],"extended":false,"handId":979,"id":9794,"length":49.2606,"mcpPosition":[26.0022,303.366,18.191],"pipPosition":[1.65066,292.726,-3.78468],"stabilizedTipPosition":[-3.34205,226.676,92.9437],"timeVisible":4.92393,"tipPosition":[-19.1053,281.245,17.2474],"tipVelocity":[-29.7383,46.1607,-194.935],"tool":false,"touchDistance":0.333333,"touchZone":"none","type":4,"width":15.66}],"r":[[0.977257,-0.193695,0.0863185],[0.192279,0.981034,0.0245108],[-0.089429,-0.00735608,0.995966]],"s":0.829542,"t":[9.82265,6.1502,-44.1205],"timestamp":669420269207},false],[3,{"currentFrameRate":52.911,"devices":[],"gestures":[],"hands":[{"armBasis":[[0.745171,-0.634759,-0.204454],[0.587286,0.769884,-0.249749],[0.315936,0.0660327,0.94648]],"armWidth":62.1429,"confidence":0.667343,"direction":[0.1779,0.403431,-0.89755],"elbow":[77.7024,317.46,326.66],"grabStrength":0.150029,"id":979,"palmNormal":[-0.615811,-0.665786,-0.421315],"palmPosition":[-4.42062,323.179,29.3589],"palmVelocity":[-7.57074,30.4296,-158.962],"palmWidth":88.738,"pinchStrength":0.950291,"r":[[0.976865,-0.197037,0.083136],[0.195887,0.980383,0.0218442],[-0.0858092,-0.00505352,0.996299]],"s":0.826763,"sphereCenter":[-22.7372,290.218,-6.32899],"sphereRadius":46.2122,"stabilizedPalmPosition":[-0.586037,269.593,101.796],"t":[9.67775,6.72563,-47.1306],"timeVisible":4.94288,"type":"right","wrist":[-5.48901,300.072,77.4356]}],"id":4966524,"interactionBox":{"center":[0,200,0],"size":[235.247,235.247,147.751]},"pointables":[{"bases":[[[0.894371,0.421645,0.149386],[-0.411746,0.645451,0.643318],[0.174831,-0.636874,0.750884]],[[0.719084,0.663771,-0.205733],[-0.566538,0.7314,0.37959],[0.402434,-0.156402,0.90199]],[[0.719084,0.663771,-0.205733],[-0.662372,0.744223,0.0859958],[0.210193,0.0744335,0.974822]],[[0.719084,0.663771,-0.205733],[-0.693506,0.666553,-0.273415],[-0.0443528,0.339285,0.939637]]],"btipPosition":[-59.4769,306.559,-18.1644],"carpPosition":[-33.9086,309.164,79.6076],"dipPosition":[-60.4892,314.303,3.28223],"direction":[-0.210193,-0.0744335,-0.974822],"extended":false,"handId":979,"id":9790,"length":50.8265,"mcpPosition":[-33.9086,309.164,79.6076],"pipPosition":[-53.5,316.778,35.6968],"stabilizedTipPosition":[-49.7486,248.848,68.5962],"timeVisible":4.94288,"tipPosition":[-60.3357,308.55,-13.2336],"tipVelocity":[1.20534,17.639,-142.619],"tool":false,"touchDistance":-0.728529,"touchZone":"touching","type":0,"width":19.7488},{"bases":[[[0.786521,-0.551025,-0.278848],[0.615896,0.733048,0.288639],[0.0453619,-0.398762,0.915932]],[[0.787803,-0.570132,-0.23306],[0.540463,0.821362,-0.182383],[0.295409,0.0177213,0.955207]],[[0.787803,-0.570132,-0.23306],[0.511455,0.816373,-0.268235],[0.343193,0.0921166,0.934737]],[[0.787803,-0.570132,-0.23306],[0.489511,0.809212,-0.324893],[0.373826,0.141866,0.916585]]],"btipPosition":[-44.2224,344.466,-65.7931],"carpPosition":[-14.2716,321.133,77.2528],"dipPosition":[-37.9934,346.83,-50.5203],"direction":[-0.343193,-0.0921166,-0.934737],"extended":true,"handId":979,"id":9791,"length":57.352,"mcpPosition":[-17.5263,349.744,11.5358],"pipPosition":[-29.9036,349.001,-28.4865],"stabilizedTipPosition":[-45.0014,297.059,4.58466],"timeVisible":4.94288,"tipPosition":[-43.7372,343.212,-61.5599],"tipVelocity":[-9.35153,36.4078,-165.455],"tool":false,"touchDistance":-0.870388,"touchZone":"hovering","type":1,"width":18.8641},{"bases":[[[0.668822,-0.716673,-0.197632],[0.740846,0.620405,0.25738],[-0.0618456,-0.318556,0.945884]],[[0.66824,-0.7195,-0.189144],[0.373968,0.544661,-0.750661],[0.64312,0.430888,0.633034]],[[0.66824,-0.7195,-0.189144],[-0.437658,-0.174609,-0.882024],[0.60159,0.672184,-0.431576]],[[0.66824,-0.7195,-0.189144],[-0.696647,-0.515984,-0.498442],[0.261033,0.464845,-0.846038]]],"btipPosition":[-51.4228,290.293,7.25074],"carpPosition":[-3.93184,316.033,73.8932],"dipPosition":[-46.6389,298.812,-8.25452],"direction":[-0.60159,-0.672184,0.431576],"extended":false,"handId":979,"id":9792,"length":65.348,"mcpPosition":[0.276212,337.708,9.53409],"pipPosition":[-29.9552,317.453,-20.2232],"stabilizedTipPosition":[-35.3548,229.112,88.6693],"timeVisible":4.94288,"tipPosition":[-50.1165,291.994,5.278],"tipVelocity":[-14.5627,29.1134,-165.509],"tool":false,"touchDistance":0.333333,"touchZone":"none","type":2,"width":18.527},{"bases":[[[0.594667,-0.800455,-0.0751192],[0.784388,0.557146,0.272624],[-0.176371,-0.221043,0.959184]],[[0.587185,-0.80861,-0.0369286],[0.505636,0.402037,-0.763347],[0.632097,0.429554,0.644932]],[[0.587185,-0.80861,-0.0369286],[-0.374354,-0.230828,-0.898096],[0.717685,0.541173,-0.438246]],[[0.587185,-0.80861,-0.0369286],[-0.706514,-0.489714,-0.5109],[0.395034,0.326083,-0.858847]]],"btipPosition":[-38.6138,282.513,11.7973],"carpPosition":[4.74201,308.289,71.0062],"dipPosition":[-31.4157,288.454,-3.85229],"direction":[-0.717685,-0.541173,0.438246],"extended":false,"handId":979,"id":9793,"length":62.8339,"mcpPosition":[15.5165,321.792,12.41],"pipPosition":[-12.0264,303.075,-15.6921],"stabilizedTipPosition":[-20.124,224.721,84.0568],"timeVisible":4.94288,"tipPosition":[-36.8708,283.855,10.0542],"tipVelocity":[-10.8622,27.1154,-173.491],"tool":false,"touchDistance":0.333333,"touchZone":"none","type":3,"width":17.6296},{"bases":[[[0.432424,-0.901638,-0.00760508],[0.848648,0.404131,0.341285],[-0.304642,-0.154034,0.939929]],[[0.441846,-0.896313,-0.0373403],[0.569903,0.312598,-0.75993],[0.692808,0.314492,0.648931]],[[0.441846,-0.896313,-0.0373403],[-0.402578,-0.160914,-0.901131],[0.801687,0.413194,-0.431935]],[[0.441846,-0.896313,-0.0373403],[-0.76653,-0.355589,-0.534779],[0.466052,0.264913,-0.844166]]],"btipPosition":[-21.0469,280.772,15.3752],"carpPosition":[8.7428,295.241,68.4765],"dipPosition":[-13.2125,285.225,1.18463],"direction":[-0.801687,-0.413194,0.431935],"extended":false,"handId":979,"id":9794,"length":49.2606,"mcpPosition":[25.9703,303.951,15.3234],"pipPosition":[2.0795,293.106,-7.05441],"stabilizedTipPosition":[-3.34325,226.68,92.9377],"timeVisible":4.94288,"tipPosition":[-18.9911,281.609,13.7462],"tipVelocity":[-11.7467,33.0041,-193.451],"tool":false,"touchDistance":0.333333,"touchZone":"none","type":4,"width":15.66}],"r":[[0.976865,-0.197037,0.083136],[0.195887,0.980383,0.0218442],[-0.0858092,-0.00505352,0.996299]],"s":0.826763,"t":[9.67775,6.72563,-47.1306],"timestamp":669420288163},false],[4,{"currentFrameRate":52.9784,"devices":[],"gestures":[],"hands":[{"armBasis":[[0.752075,-0.626494,-0.204667],[0.579475,0.776493,-0.247522],[0.313994,0.0675555,0.947019]],"armWidth":62.1429,"confidence":0.64318,"direction":[0.174498,0.41381,-0.893483],"elbow":[76.9769,317.758,324.764],"grabStrength":0.13587,"id":979,"palmNormal":[-0.610386,-0.666566,-0.427923],"palmPosition":[-4.82896,323.563,27.5536],"palmVelocity":[-14.5352,25.6495,-128.823],"palmWidth":88.738,"pinchStrength":0.966139,"r":[[0.976859,-0.198281,0.0801986],[0.197168,0.980131,0.0216572],[-0.0828994,-0.00534347,0.996544]],"s":0.824149,"sphereCenter":[-23.1187,291.1,-8.451],"sphereRadius":46.1041,"stabilizedPalmPosition":[-0.586191,269.595,101.793],"t":[9.40113,7.20512,-49.5383],"timeVisible":4.96152,"type":"right","wrist":[-5.70311,299.969,75.3974]}],"id":4966525,"interactionBox":{"center":[0,200,0],"size":[235.247,235.247,147.751]},"pointables":[{"bases":[[[0.890906,0.427439,0.153564],[-0.416946,0.635608,0.649737],[0.180117,-0.642883,0.744486]],[[0.715326,0.670486,-0.19687],[-0.571147,0.723301,0.388107],[0.402616,-0.165181,0.900342]],[[0.715326,0.670486,-0.19687],[-0.669317,0.73836,0.0826966],[0.200808,0.0726133,0.976936]],[[0.715326,0.670486,-0.19687],[-0.696887,0.663697,-0.271763],[-0.0515511,0.331595,0.942012]]],"btipPosition":[-59.2967,306.864,-20.1556],"carpPosition":[-34.1959,308.806,77.6606],"dipPosition":[-60.4733,314.433,1.34525],"direction":[-0.200808,-0.0726133,-0.976936],"extended":false,"handId":979,"id":9790,"length":50.8265,"mcpPosition":[-34.1959,308.806,77.6606],"pipPosition":[-53.7961,316.847,33.8301],"stabilizedTipPosition":[-49.7506,248.86,68.579],"timeVisible":4.96152,"tipPosition":[-60.2927,308.823,-15.1911],"tipVelocity":[4.33051,15.9807,-124.934],"tool":false,"touchDistance":-0.713691,"touchZone":"touching","type":0,"width":19.7488},{"bases":[[[0.790974,-0.54176,-0.284353],[0.609907,0.735148,0.295925],[0.048721,-0.407497,0.911906]],[[0.792416,-0.561272,-0.238851],[0.536157,0.827624,-0.166057],[0.290882,0.00352461,0.956753]],[[0.792416,-0.561272,-0.238851],[0.507771,0.823941,-0.251576],[0.338002,0.0780714,0.937902]],[[0.792416,-0.561272,-0.238851],[0.486222,0.817649,-0.308284],[0.368327,0.128155,0.920821]]],"btipPosition":[-44.4459,346.072,-67.542],"carpPosition":[-14.6578,320.958,75.425],"dipPosition":[-38.3086,348.208,-52.1986],"direction":[-0.338002,-0.0780714,-0.937902],"extended":true,"handId":979,"id":9791,"length":57.352,"mcpPosition":[-18.1535,350.196,9.99685],"pipPosition":[-30.3412,350.048,-30.0902],"stabilizedTipPosition":[-44.9942,297.24,4.3341],"timeVisible":4.96152,"tipPosition":[-43.974,344.774,-63.3369],"tipVelocity":[-11.185,59.2169,-130.272],"tool":false,"touchDistance":-0.837673,"touchZone":"touching","type":1,"width":18.8641},{"bases":[[[0.674643,-0.709167,-0.20479],[0.735772,0.623848,0.26354],[-0.059136,-0.328474,0.94266]],[[0.674077,-0.712128,-0.196199],[0.374518,0.558436,-0.740193],[0.636677,0.425467,0.643134]],[[0.674077,-0.712128,-0.196199],[-0.431364,-0.163891,-0.887167],[0.599621,0.682651,-0.417662]],[[0.674077,-0.712128,-0.196199],[-0.690888,-0.513861,-0.508547],[0.261332,0.478351,-0.838383]]],"btipPosition":[-51.6003,290.628,4.59041],"carpPosition":[-4.27699,315.977,72.0144],"dipPosition":[-46.8109,299.395,-10.7746],"direction":[-0.599621,-0.682651,0.417662],"extended":false,"handId":979,"id":9792,"length":65.348,"mcpPosition":[-0.253296,338.327,7.87467],"pipPosition":[-30.1818,318.327,-22.3574],"stabilizedTipPosition":[-35.357,229.121,88.6567],"timeVisible":4.96152,"tipPosition":[-50.3019,292.361,2.65865],"tipVelocity":[-12.0852,25.2079,-153.631],"tool":false,"touchDistance":0.333333,"touchZone":"none","type":2,"width":18.527},{"bases":[[[0.601189,-0.794772,-0.0831181],[0.779831,0.560798,0.278151],[-0.174454,-0.23204,0.956934]],[[0.593833,-0.803314,-0.0452718],[0.503585,0.414969,-0.757761],[0.627507,0.427185,0.650959]],[[0.593833,-0.803314,-0.0452718],[-0.370716,-0.223238,-0.901518],[0.714095,0.552134,-0.430368]],[[0.593833,-0.803314,-0.0452718],[-0.70171,-0.489552,-0.517631],[0.393657,0.339154,-0.854406]]],"btipPosition":[-38.6912,282.797,9.42209],"carpPosition":[4.45964,308.333,69.0501],"dipPosition":[-31.5181,288.977,-6.14652],"direction":[-0.714095,-0.552134,0.430368],"extended":false,"handId":979,"id":9793,"length":62.8339,"mcpPosition":[15.117,322.508,10.5913],"pipPosition":[-12.2259,303.894,-17.7735],"stabilizedTipPosition":[-20.1248,224.724,84.053],"timeVisible":4.96152,"tipPosition":[-36.9602,284.177,7.64093],"tipVelocity":[-7.75486,22.8008,-150.662],"tool":false,"touchDistance":0.333333,"touchZone":"none","type":3,"width":17.6296},{"bases":[[[0.439787,-0.897948,-0.0166131],[0.845348,0.407637,0.34528],[-0.303271,-0.165894,0.938353]],[[0.448627,-0.892607,-0.0445613],[0.577921,0.327776,-0.747376],[0.681719,0.30954,0.662905]],[[0.448627,-0.892607,-0.0445613],[-0.388328,-0.149782,-0.909267],[0.804944,0.425226,-0.413821]],[[0.448627,-0.892607,-0.0445613],[-0.757989,-0.353605,-0.548102],[0.473483,0.27967,-0.835224]]],"btipPosition":[-21.105,281.239,12.4003],"carpPosition":[8.5668,295.344,66.3901],"dipPosition":[-13.1457,285.94,-1.63998],"direction":[-0.804944,-0.425226,0.413821],"extended":false,"handId":979,"id":9794,"length":49.2606,"mcpPosition":[25.7168,304.725,13.3262],"pipPosition":[2.20837,294.051,-9.5335],"stabilizedTipPosition":[-3.344,226.682,92.9337],"timeVisible":4.96152,"tipPosition":[-19.0555,282.118,10.8445],"tipVelocity":[-6.81028,30.6376,-176.144],"tool":false,"touchDistance":0.333333,"touchZone":"none","type":4,"width":15.66}],"r":[[0.976859,-0.198281,0.0801986],[0.197168,0.980131,0.0216572],[-0.0828994,-0.00534347,0.996544]],"s":0.824149,"t":[9.40113,7.20512,-49.5383],"timestamp":669420306796},false],[5,{"currentFrameRate":53.0097,"devices":[],"gestures":[],"hands":[{"armBasis":[[0.748412,-0.630243,-0.206575],[0.580655,0.773146,-0.255118],[0.320499,0.0709843,0.944585]],"armWidth":62.1429,"confidence":0.651839,"direction":[0.173175,0.412414,-0.894385],"elbow":[78.7606,318.53,323.001],"grabStrength":0.121865,"id":979,"palmNormal":[-0.614846,-0.664144,-0.425296],"palmPosition":[-4.82265,323.396,26.4122],"palmVelocity":[-7.2822,8.78758,-95.6829],"palmWidth":88.738,"pinchStrength":0.988664,"r":[[0.976724,-0.200133,0.0771868],[0.199076,0.979754,0.021227],[-0.0798723,-0.00536684,0.996791]],"s":0.821842,"sphereCenter":[-23.5377,291.14,-9.56556],"sphereRadius":46.1178,"stabilizedPalmPosition":[-0.586275,269.596,101.792],"t":[9.26597,7.36118,-51.3129],"timeVisible":4.98027,"type":"right","wrist":[-5.6325,299.839,74.2754]}],"id":4966526,"interactionBox":{"center":[0,200,0],"size":[235.247,235.247,147.751]},"pointables":[{"bases":[[[0.893331,0.423585,0.150117],[-0.411824,0.637902,0.650755],[0.17989,-0.643162,0.7443]],[[0.718864,0.666294,-0.198208],[-0.56517,0.726202,0.391426],[0.404744,-0.169361,0.89861]],[[0.718864,0.666294,-0.198208],[-0.665751,0.741927,0.0794989],[0.200026,0.0748086,0.976931]],[[0.718864,0.666294,-0.198208],[-0.693598,0.668438,-0.268536],[-0.0464338,0.330518,0.942657]]],"btipPosition":[-59.3728,307.017,-21.1135],"carpPosition":[-34.0776,308.804,76.6329],"dipPosition":[-60.4327,314.561,0.402046],"direction":[-0.200026,-0.0748086,-0.976931],"extended":false,"handId":979,"id":9790,"length":50.8265,"mcpPosition":[-34.0776,308.804,76.6329],"pipPosition":[-53.7814,317.049,32.8867],"stabilizedTipPosition":[-49.7517,248.866,68.5699],"timeVisible":4.98027,"tipPosition":[-60.3515,308.92,-16.1349],"tipVelocity":[0.937506,12.015,-88.8293],"tool":false,"touchDistance":-0.684973,"touchZone":"touching","type":0,"width":19.7488},{"bases":[[[0.787552,-0.545463,-0.28676],[0.614205,0.732636,0.293251],[0.0501327,-0.40708,0.912016]],[[0.789067,-0.564882,-0.241417],[0.541624,0.825161,-0.160476],[0.289857,-0.00413087,0.957061]],[[0.789067,-0.564882,-0.241417],[0.513474,0.822213,-0.245582],[0.337221,0.0698193,0.938833]],[[0.789067,-0.564882,-0.241417],[0.492014,0.816444,-0.302227],[0.367826,0.119697,0.922159]]],"btipPosition":[-44.3135,346.608,-68.7123],"carpPosition":[-14.4938,320.868,74.3197],"dipPosition":[-38.1845,348.603,-53.3466],"direction":[-0.337221,-0.0698193,-0.938833],"extended":true,"handId":979,"id":9791,"length":57.352,"mcpPosition":[-18.0908,350.075,8.88374],"pipPosition":[-30.2355,350.248,-31.2162],"stabilizedTipPosition":[-44.9871,297.409,4.09869],"timeVisible":4.98027,"tipPosition":[-43.8531,345.302,-64.5237],"tipVelocity":[-2.33641,43.4244,-97.0419],"tool":false,"touchDistance":-0.799716,"touchZone":"touching","type":1,"width":18.8641},{"bases":[[[0.670761,-0.712297,-0.206669],[0.739459,0.620757,0.260501],[-0.0572632,-0.327558,0.943094]],[[0.670204,-0.715292,-0.197949],[0.385244,0.563251,-0.730982],[0.634361,0.413648,0.653056]],[[0.670204,-0.715292,-0.197949],[-0.424558,-0.150733,-0.892765],[0.608751,0.682376,-0.404705]],[[0.670204,-0.715292,-0.197949],[-0.691557,-0.505057,-0.516397],[0.269399,0.482984,-0.833157]]],"btipPosition":[-51.8902,290.905,2.50102],"carpPosition":[-4.1473,315.838,70.8761],"dipPosition":[-46.953,299.757,-12.7682],"direction":[-0.608751,-0.682375,0.404705],"extended":false,"handId":979,"id":9792,"length":65.348,"mcpPosition":[-0.251038,338.126,6.70678],"pipPosition":[-30.0707,318.681,-23.9917],"stabilizedTipPosition":[-35.3583,229.126,88.6488],"timeVisible":4.98027,"tipPosition":[-50.5585,292.616,0.733976],"tipVelocity":[-12.8466,20.6231,-132.473],"tool":false,"touchDistance":0.333333,"touchZone":"none","type":2,"width":18.527},{"bases":[[[0.597359,-0.797491,-0.084678],[0.78329,0.557522,0.275001],[-0.172101,-0.230602,0.957708]],[[0.590146,-0.805925,-0.0470362],[0.505433,0.414283,-0.756906],[0.629496,0.422911,0.651829]],[[0.590146,-0.805925,-0.0470362],[-0.371376,-0.219288,-0.902215],[0.716803,0.549907,-0.428713]],[[0.590146,-0.805925,-0.0470362],[-0.704165,-0.485387,-0.518219],[0.394815,0.338946,-0.853953]]],"btipPosition":[-38.9307,282.78,8.12028],"carpPosition":[4.54479,308.153,67.8863],"dipPosition":[-31.7366,288.956,-7.44009],"direction":[-0.716803,-0.549907,0.428713],"extended":false,"handId":979,"id":9793,"length":62.8339,"mcpPosition":[15.0584,322.24,9.38028],"pipPosition":[-12.3711,303.813,-19.0224],"stabilizedTipPosition":[-20.1252,224.725,84.0509],"timeVisible":4.98027,"tipPosition":[-37.1971,284.157,6.3107],"tipVelocity":[-10.0766,11.2041,-110.993],"tool":false,"touchDistance":0.333333,"touchZone":"none","type":3,"width":17.6296},{"bases":[[[0.435736,-0.899904,-0.017531],[0.848363,0.404118,0.342007],[-0.300688,-0.163897,0.939534]],[[0.444153,-0.894851,-0.04438],[0.578867,0.324419,-0.748108],[0.683843,0.306585,0.662091]],[[0.444153,-0.894851,-0.04438],[-0.389722,-0.148359,-0.908904],[0.80675,0.420988,-0.414637]],[[0.444153,-0.894851,-0.04438],[-0.76043,-0.350314,-0.546834],[0.473788,0.276626,-0.836064]]],"btipPosition":[-21.3459,281.16,11.2222],"carpPosition":[8.58484,295.144,65.221],"dipPosition":[-13.3814,285.81,-2.83218],"direction":[-0.80675,-0.420988,0.414637],"extended":false,"handId":979,"id":9794,"length":49.2606,"mcpPosition":[25.5888,304.413,12.0903],"pipPosition":[2.0071,293.84,-10.7413],"stabilizedTipPosition":[-3.34444,226.684,92.9314],"timeVisible":4.98027,"tipPosition":[-19.3037,282.031,9.60443],"tipVelocity":[-9.72187,13.3428,-120.963],"tool":false,"touchDistance":0.333333,"touchZone":"none","type":4,"width":15.66}],"r":[[0.976724,-0.200133,0.0771868],[0.199076,0.979754,0.021227],[-0.0798723,-0.00536684,0.996791]],"s":0.821842,"t":[9.26597,7.36118,-51.3129],"timestamp":669420325548},false],[6,{"currentFrameRate":53.0495,"devices":[],"gestures":[],"hands":[{"armBasis":[[0.755497,-0.620262,-0.210949],[0.574155,0.781915,-0.242808],[0.315549,0.0623236,0.94686]],"armWidth":62.1429,"confidence":0.648781,"direction":[0.167547,0.407241,-0.897821],"elbow":[77.6716,316.801,321.318],"grabStrength":0.10646,"id":979,"palmNormal":[-0.6045,-0.676968,-0.419874],"palmPosition":[-4.93074,323.542,23.9286],"palmVelocity":[-6.54997,8.33004,-113.735],"palmWidth":88.738,"pinchStrength":0.999303,"r":[[0.977202,-0.198538,0.0752279],[0.197646,0.980085,0.0192069],[-0.0775431,-0.00390058,0.996981]],"s":0.820804,"sphereCenter":[-23.277,290.895,-11.8108],"sphereRadius":46.119,"stabilizedPalmPosition":[-0.586319,269.597,101.791],"t":[9.14435,7.51262,-53.4419],"timeVisible":4.99898,"type":"right","wrist":[-5.41798,300.39,71.9931]}],"id":4966527,"interactionBox":{"center":[0,200,0],"size":[235.247,235.247,147.751]},"pointables":[{"bases":[[[0.886757,0.438262,0.146933],[-0.421809,0.637222,0.645],[0.189051,-0.633936,0.749924]],[[0.70995,0.674605,-0.202186],[-0.574937,0.72099,0.386808],[0.406717,-0.15837,0.899722]],[[0.70995,0.674605,-0.202186],[-0.676785,0.732936,0.0690394],[0.194764,0.087822,0.976911]],[[0.70995,0.674605,-0.202186],[-0.702361,0.657213,-0.273423],[-0.0515734,0.336124,0.940405]]],"btipPosition":[-59.0953,306.064,-23.4907],"carpPosition":[-33.9963,308.946,74.2578],"dipPosition":[-60.2724,313.735,-2.02658],"direction":[-0.194764,-0.087822,-0.976911],"extended":false,"handId":979,"id":9790,"length":50.8265,"mcpPosition":[-33.9963,308.946,74.2578],"pipPosition":[-53.7962,316.656,30.4574],"stabilizedTipPosition":[-49.7523,248.87,68.5641],"timeVisible":4.99898,"tipPosition":[-60.0974,307.931,-18.5234],"tipVelocity":[7.00204,-17.891,-107.758],"tool":false,"touchDistance":-0.680644,"touchZone":"touching","type":0,"width":19.7488},{"bases":[[[0.795862,-0.536001,-0.281615],[0.602916,0.744301,0.287242],[0.0556439,-0.398395,0.915524]],[[0.797638,-0.555025,-0.236052],[0.531925,0.831833,-0.158457],[0.284304,0.000829877,0.958734]],[[0.797638,-0.555025,-0.236052],[0.504369,0.828426,-0.243561],[0.330734,0.0752163,0.940722]],[[0.797638,-0.555025,-0.236052],[0.483281,0.822305,-0.300424],[0.360849,0.12555,0.924135]]],"btipPosition":[-44.308,345.967,-71.5803],"carpPosition":[-14.5947,321.283,71.851],"dipPosition":[-38.2953,348.059,-56.1817],"direction":[-0.330734,-0.0752163,-0.940722],"extended":true,"handId":979,"id":9791,"length":57.352,"mcpPosition":[-18.5871,349.867,6.16327],"pipPosition":[-30.4991,349.832,-34.0068],"stabilizedTipPosition":[-44.984,297.482,3.99018],"timeVisible":4.99898,"tipPosition":[-43.8624,344.688,-67.3915],"tipVelocity":[-1.75104,6.18974,-124.241],"tool":false,"touchDistance":-0.790984,"touchZone":"touching","type":1,"width":18.8641},{"bases":[[[0.68154,-0.703877,-0.200149],[0.729862,0.634041,0.255527],[-0.0529571,-0.320233,0.945857]],[[0.681021,-0.706812,-0.191383],[0.38264,0.566331,-0.729969],[0.624337,0.423894,0.656138]],[[0.681021,-0.706812,-0.191383],[-0.416131,-0.158504,-0.895384],[0.602533,0.689415,-0.40207]],[[0.681021,-0.706812,-0.191383],[-0.681719,-0.516559,-0.518099],[0.267338,0.483306,-0.833634]]],"btipPosition":[-51.5259,290.266,-0.315789],"carpPosition":[-4.17141,316.38,68.4565],"dipPosition":[-46.6265,299.124,-15.5937],"direction":[-0.602533,-0.689415,0.40207],"extended":false,"handId":979,"id":9792,"length":65.348,"mcpPosition":[-0.568143,338.169,4.09919],"pipPosition":[-29.9167,318.243,-26.7442],"stabilizedTipPosition":[-35.3589,229.129,88.6451],"timeVisible":4.99898,"tipPosition":[-50.2127,291.989,-2.09244],"tipVelocity":[2.66297,-6.02265,-141.339],"tool":false,"touchDistance":0.333333,"touchZone":"none","type":2,"width":18.527},{"bases":[[[0.609347,-0.789111,-0.0774661],[0.77463,0.5716,0.270596],[-0.169251,-0.224894,0.959571]],[[0.602243,-0.79732,-0.0397906],[0.499638,0.415331,-0.760172],[0.622627,0.437928,0.648502]],[[0.602243,-0.79732,-0.0397906],[-0.367365,-0.232542,-0.900537],[0.708763,0.55696,-0.432955]],[[0.602243,-0.79732,-0.0397906],[-0.696378,-0.500321,-0.514525],[0.390333,0.337579,-0.856551]]],"btipPosition":[-38.4141,282.259,5.9649],"carpPosition":[4.63732,308.801,65.5379],"dipPosition":[-31.3017,288.411,-9.64281],"direction":[-0.708763,-0.55696,0.432955],"extended":false,"handId":979,"id":9793,"length":62.8339,"mcpPosition":[14.9768,322.54,6.91801],"pipPosition":[-12.1534,303.458,-21.3397],"stabilizedTipPosition":[-20.1255,224.726,84.0497],"timeVisible":4.99898,"tipPosition":[-36.7003,283.649,4.11839],"tipVelocity":[7.78501,-7.95157,-113.333],"tool":false,"touchDistance":0.333333,"touchZone":"none","type":3,"width":17.6296},{"bases":[[[0.449239,-0.893361,-0.00952383],[0.841959,0.419777,0.338959],[-0.298815,-0.160292,0.940753]],[[0.457521,-0.888463,-0.0361637],[0.574578,0.326433,-0.750534],[0.678627,0.322606,0.659842]],[[0.457521,-0.888463,-0.0361637],[-0.386652,-0.162156,-0.907858],[0.800734,0.429347,-0.417716]],[[0.457521,-0.888463,-0.0361637],[-0.754619,-0.366442,-0.544308],[0.470346,0.276322,-0.838105]]],"btipPosition":[-20.8098,280.937,9.0901],"carpPosition":[8.87442,295.832,62.9872],"dipPosition":[-12.9032,285.582,-4.99862],"direction":[-0.800734,-0.429347,0.417716],"extended":false,"handId":979,"id":9794,"length":49.2606,"mcpPosition":[25.7724,304.897,9.78759],"pipPosition":[2.37061,293.772,-12.9664],"stabilizedTipPosition":[-3.34464,226.685,92.9303],"timeVisible":4.99898,"tipPosition":[-18.7808,281.825,7.44705],"tipVelocity":[8.61823,1.01191,-117.766],"tool":false,"t