{"sensorType":"Leap","data":[[0,{"currentFrameRate":53.3393,"devices":[],"gestures":[],"hands":[{"armBasis":[[0.83335,-0.518382,-0.191852],[0.481203,0.851171,-0.209645],[0.271975,0.0823878,0.958771]],"armWidth":62.1429,"confidence":0.480905,"direction":[0.061438,0.45901,-0.886304],"elbow":[71.6824,335.207,337.171],"grabStrength":0,"id":980,"palmNormal":[-0.55816,-0.720356,-0.411758],"palmPosition":[-5.20085,338.517,37.8743],"palmVelocity":[-10.9795,13.6517,-186.863],"palmWidth":88.738,"pinchStrength":0.447669,"r":[[0.990785,-0.132373,-0.0286702],[0.133101,0.990783,0.0251653],[0.0250748,-0.0287495,0.999272]],"s":0.950172,"sphereCenter":[-13.7958,300.594,0.423985],"sphereRadius":50.6307,"stabilizedPalmPosition":[-4.9204,328.612,79.3739],"t":[-0.0691295,9.94711,-38.7776],"timeVisible":0.184571,"type":"right","wrist":[0.0665589,313.513,84.7094]}],"id":4966793,"interactionBox":{"center":[0,200,0],"size":[235.247,235.247,147.751]},"pointables":[{"bases":[[[0.844188,0.524628,0.110055],[-0.440291,0.561509,0.700608],[0.305762,-0.639901,0.705008]],[[0.685743,0.713998,-0.141291],[-0.61588,0.672668,0.410134],[0.387877,-0.194228,0.901014]],[[0.685743,0.713998,-0.141291],[-0.667536,0.69433,0.26889],[0.29009,-0.0900722,0.952751]],[[0.685743,0.713998,-0.141291],[-0.722512,0.691224,-0.0136224],[0.0879376,0.111426,0.989874]]],"btipPosition":[-59.5585,328.758,-8.91436],"carpPosition":[-29.0227,318.851,89.2228],"dipPosition":[-57.5514,331.302,13.6789],"direction":[-0.29009,0.0900722,-0.952751],"extended":false,"handId":980,"id":9800,"length":50.8265,"mcpPosition":[-29.0227,318.851,89.2228],"pipPosition":[-47.9054,328.307,45.3595],"stabilizedTipPosition":[-60.1502,317.847,32.4446],"timeVisible":0.184571,"tipPosition":[-59.9385,330.427,-3.40615],"tipVelocity":[3.13794,-3.70978,-179.192],"tool":false,"touchDistance":0.558951,"touchZone":"hovering","type":0,"width":19.7488},{"bases":[[[0.826024,-0.435547,-0.357747],[0.54036,0.792461,0.282873],[0.160296,-0.426972,0.889944]],[[0.841424,-0.507255,-0.186277],[0.501122,0.861458,-0.0822606],[0.202197,-0.0241313,0.979048]],[[0.841424,-0.507255,-0.186277],[0.485046,0.860925,-0.153422],[0.238195,0.0387404,0.970445]],[[0.841424,-0.507255,-0.186277],[0.472133,0.857786,-0.203207],[0.262864,0.0830362,0.961253]]],"btipPosition":[-41.197,362.637,-57.6076],"carpPosition":[-11.2293,333.288,86.1586],"dipPosition":[-36.817,364.02,-41.5905],"direction":[-0.238195,-0.0387404,-0.970445],"extended":true,"handId":980,"id":9801,"length":57.352,"mcpPosition":[-22.7303,363.923,22.3062],"pipPosition":[-31.2022,364.934,-18.715],"stabilizedTipPosition":[-39.5318,349.671,-20.0846],"timeVisible":0.184571,"tipPosition":[-40.2658,362.835,-53.9081],"tipVelocity":[-16.0404,29.0137,-182.603],"tool":false,"touchDistance":0.29017,"touchZone":"hovering","type":1,"width":18.8641},{"bases":[[[0.735784,-0.617899,-0.27717],[0.675618,0.697851,0.237789],[0.0464937,-0.362222,0.930932]],[[0.734662,-0.610258,-0.296406],[0.120253,0.547113,-0.828376],[0.667691,0.572933,0.475329]],[[0.734662,-0.610258,-0.296406],[-0.633101,-0.459657,-0.622815],[0.243833,0.645213,-0.724048]],[[0.734662,-0.610258,-0.296406],[-0.656866,-0.749114,-0.085766],[-0.169702,0.257708,-0.951203]]],"btipPosition":[-38.8136,304.772,33.6937],"carpPosition":[-0.611636,329.675,81.8671],"dipPosition":[-41.9237,309.495,16.2611],"direction":[-0.243833,-0.645213,0.724048],"extended":false,"handId":980,"id":9802,"length":65.348,"mcpPosition":[-3.77513,354.321,18.5254],"pipPosition":[-35.1616,327.389,-3.81863],"stabilizedTipPosition":[-33.7577,291.933,70.872],"timeVisible":0.184571,"tipPosition":[-39.3874,305.671,30.446],"tipVelocity":[-14.2299,18.0504,-198.056],"tool":false,"touchDistance":0.333333,"touchZone":"none","type":2,"width":18.527},{"bases":[[[0.681568,-0.715305,-0.154286],[0.727598,0.640019,0.246933],[-0.0778868,-0.28056,0.956671]],[[0.682033,-0.713569,-0.160157],[0.295078,0.46889,-0.832509],[0.669149,0.52054,0.530357]],[[0.682033,-0.713569,-0.160157],[-0.607298,-0.430606,-0.667659],[0.407456,0.552628,-0.727036]],[[0.682033,-0.713569,-0.160157],[-0.729563,-0.679055,-0.0813761],[-0.0506882,0.172346,-0.983731]]],"btipPosition":[-25.767,299.598,34.0412],"carpPosition":[8.71659,323.211,78.0266],"dipPosition":[-26.6907,302.738,16.1161],"direction":[-0.407456,-0.552628,0.727036],"extended":false,"handId":980,"id":9803,"length":62.8339,"mcpPosition":[13.4747,340.35,19.5839],"pipPosition":[-15.6827,317.668,-3.52579],"stabilizedTipPosition":[-18.5005,288.757,74.9417],"timeVisible":0.184571,"tipPosition":[-25.6266,300.418,30.9613],"tipVelocity":[-17.5052,13.3415,-206.102],"tool":false,"touchDistance":0.333333,"touchZone":"none","type":3,"width":17.6296},{"bases":[[[0.53832,-0.83882,-0.0811901],[0.814991,0.493654,0.303473],[-0.21448,-0.229535,0.949375]],[[0.513146,-0.858117,0.0178051],[0.468234,0.262493,-0.843715],[0.719332,0.441286,0.536497]],[[0.513146,-0.858117,0.0178051],[-0.624315,-0.38741,-0.67834],[0.588992,0.336971,-0.734533]],[[0.513146,-0.858117,0.0178051],[-0.852334,-0.511911,-0.10712],[0.101036,0.0397922,-0.994087]]],"btipPosition":[-11.5123,301.552,33.125],"carpPosition":[14.0976,310.886,74.591],"dipPosition":[-9.81387,302.221,16.4143],"direction":[-0.588992,-0.336971,0.734533],"extended":false,"handId":980,"id":9804,"length":49.2606,"mcpPosition":[26.2265,323.866,20.9038],"pipPosition":[1.421,308.649,2.40325],"stabilizedTipPosition":[-4.47985,291.518,76.5924],"timeVisible":0.184571,"tipPosition":[-10.9102,301.729,30.4859],"tipVelocity":[-14.704,14.034,-210.867],"tool":false,"touchDistance":0.333333,"touchZone":"none","type":4,"width":15.66}],"r":[[0.990785,-0.132373,-0.0286702],[0.133101,0.990783,0.0251653],[0.0250748,-0.0287495,0.999272]],"s":0.950172,"t":[-0.0691295,9.94711,-38.7776],"timestamp":669425351994},false],[1,{"currentFrameRate":53.3734,"devices":[],"gestures":[],"hands":[{"armBasis":[[0.842867,-0.505018,-0.185827],[0.469735,0.858965,-0.203784],[0.262533,0.0844731,0.961218]],"armWidth":62.1429,"confidence":0.517216,"direction":[0.0542842,0.469652,-0.881181],"elbow":[69.3536,335.384,335.638],"grabStrength":0,"id":980,"palmNormal":[-0.550305,-0.722296,-0.418871],"palmPosition":[-5.42978,338.605,35.9914],"palmVelocity":[-11.6196,9.32,-145.281],"palmWidth":88.738,"pinchStrength":0.460724,"r":[[0.99036,-0.134889,-0.0315071],[0.135768,0.990355,0.0276458],[0.0274741,-0.031657,0.999121]],"s":0.945651,"sphereCenter":[-13.5423,300.969,-1.95576],"sphereRadius":50.72,"stabilizedPalmPosition":[-4.92044,328.613,79.3702],"t":[-0.28575,10.1083,-41.4271],"timeVisible":0.203185,"type":"right","wrist":[0.22396,313.14,82.5323]}],"id":4966794,"interactionBox":{"center":[0,200,0],"size":[235.247,235.247,147.751]},"pointables":[{"bases":[[[0.838077,0.533406,0.114479],[-0.445633,0.548291,0.707664],[0.314704,-0.644093,0.697213]],[[0.676858,0.723722,-0.134499],[-0.621245,0.659631,0.423014],[0.394864,-0.202764,0.896085]],[[0.676858,0.723722,-0.134499],[-0.678394,0.684208,0.267658],[0.285735,-0.089923,0.95408]],[[0.676858,0.723722,-0.134499],[-0.732735,0.679896,-0.0290137],[0.0704473,0.11819,0.990489]]],"btipPosition":[-59.2503,328.243,-10.7988],"carpPosition":[-28.9184,318.079,87.1567],"dipPosition":[-57.6424,330.941,11.8085],"direction":[-0.285735,0.089923,-0.95408],"extended":false,"handId":980,"id":9800,"length":50.8265,"mcpPosition":[-28.9184,318.079,87.1567],"pipPosition":[-48.1412,327.95,43.5334],"stabilizedTipPosition":[-60.1494,317.853,32.4225],"timeVisible":0.203185,"tipPosition":[-59.7814,329.958,-5.29178],"tipVelocity":[7.25674,-14.4209,-141.286],"tool":false,"touchDistance":0.508171,"touchZone":"hovering","type":0,"width":19.7488},{"bases":[[[0.830483,-0.421594,-0.364083],[0.531403,0.795628,0.290838],[0.167059,-0.435011,0.884792]],[[0.847061,-0.495048,-0.193429],[0.492969,0.867819,-0.0622327],[0.19867,-0.0426397,0.979138]],[[0.847061,-0.495048,-0.193429],[0.476026,0.868506,-0.138186],[0.236403,0.0249745,0.971334]],[[0.847061,-0.495048,-0.193429],[0.462253,0.865804,-0.191586],[0.262316,0.0728715,0.962227]]],"btipPosition":[-41.558,363.956,-59.2134],"carpPosition":[-11.3042,332.761,84.2242],"dipPosition":[-37.187,365.171,-43.1801],"direction":[-0.236403,-0.0249745,-0.971334],"extended":true,"handId":980,"id":9801,"length":57.352,"mcpPosition":[-23.2904,363.973,20.7414],"pipPosition":[-31.6145,365.759,-20.2836],"stabilizedTipPosition":[-39.5337,349.699,-20.1521],"timeVisible":0.203185,"tipPosition":[-40.7364,363.919,-55.4815],"tipVelocity":[-17.7214,48.3152,-135.767],"tool":false,"touchDistance":0.263469,"touchZone":"hovering","type":1,"width":18.8641},{"bases":[[[0.742577,-0.605906,-0.285407],[0.667695,0.703155,0.244453],[0.0525695,-0.37209,0.926707]],[[0.741325,-0.598048,-0.304591],[0.113827,0.559297,-0.821115],[0.661423,0.574043,0.482695]],[[0.741325,-0.598048,-0.304591],[-0.628234,-0.458671,-0.628444],[0.236133,0.657236,-0.715739]],[[0.741325,-0.598048,-0.304591],[-0.647969,-0.756009,-0.092667],[-0.174854,0.266062,-0.947965]]],"btipPosition":[-38.6651,304.554,31.3516],"carpPosition":[-0.652326,329.324,79.8736],"dipPosition":[-41.8696,309.43,13.9784],"direction":[-0.236133,-0.657236,0.715739],"extended":false,"handId":980,"id":9802,"length":65.348,"mcpPosition":[-4.22922,354.641,16.8193],"pipPosition":[-35.321,327.657,-5.87093],"stabilizedTipPosition":[-33.7609,291.941,70.8477],"timeVisible":0.203185,"tipPosition":[-39.2565,305.477,28.125],"tipVelocity":[-4.02186,4.52384,-162.655],"tool":false,"touchDistance":0.333333,"touchZone":"none","type":2,"width":18.527},{"bases":[[[0.689758,-0.70533,-0.163534],[0.720378,0.645849,0.252854],[-0.0727274,-0.292215,0.953583]],[[0.69019,-0.703532,-0.169356],[0.294032,0.486502,-0.822715],[0.661198,0.518034,0.54264]],[[0.69019,-0.703532,-0.169356],[-0.599269,-0.424521,-0.678718],[0.405605,0.569934,-0.714605]],[[0.69019,-0.703532,-0.169356],[-0.721946,-0.685413,-0.0948897],[-0.0493208,0.187758,-0.980976]]],"btipPosition":[-25.6822,299.475,31.2261],"carpPosition":[8.74507,323.015,75.9441],"dipPosition":[-26.5809,302.896,13.3512],"direction":[-0.405605,-0.569934,0.714605],"extended":false,"handId":980,"id":9803,"length":62.8339,"mcpPosition":[13.188,340.866,17.69],"pipPosition":[-15.6229,318.294,-5.95486],"stabilizedTipPosition":[-18.5023,288.76,74.9297],"timeVisible":0.203185,"tipPosition":[-25.5228,300.346,28.2382],"tipVelocity":[-6.65207,5.35702,-179.182],"tool":false,"touchDistance":0.333333,"touchZone":"none","type":3,"width":17.6296},{"bases":[[[0.548133,-0.831362,-0.0915839],[0.809616,0.499911,0.307588],[-0.209933,-0.242747,0.947102]],[[0.523195,-0.852176,0.00788329],[0.467595,0.279323,-0.83865],[0.712476,0.442464,0.544614]],[[0.523195,-0.852176,0.00788329],[-0.617729,-0.385596,-0.685366],[0.587092,0.35371,-0.728156]],[[0.523195,-0.852176,0.00788329],[-0.846112,-0.520533,-0.11463],[0.101789,0.0533039,-0.993377]]],"btipPosition":[-11.3408,301.622,30.6095],"carpPosition":[14.2662,310.795,72.3604],"dipPosition":[-9.62973,302.518,13.9106],"direction":[-0.587092,-0.35371,0.728156],"extended":false,"handId":980,"id":9804,"length":49.2606,"mcpPosition":[26.138,324.522,18.8017],"pipPosition":[1.56889,309.264,0.0212536],"stabilizedTipPosition":[-4.48064,291.52,76.5863],"timeVisible":0.203185,"tipPosition":[-10.739,301.838,27.9713],"tipVelocity":[-3.02448,10.3916,-174.057],"tool":false,"touchDistance":0.333333,"touchZone":"none","type":4,"width":15.66}],"r":[[0.99036,-0.134889,-0.0315071],[0.135768,0.990355,0.0276458],[0.0274741,-0.031657,0.999121]],"s":0.945651,"t":[-0.28575,10.1083,-41.4271],"timestamp":669425370608},false],[2,{"currentFrameRate":53.3332,"devices":[],"gestures":[],"hands":[{"armBasis":[[0.848224,-0.482972,-0.21738],[0.449252,0.873471,-0.187672],[0.280516,0.06153,0.957875]],"armWidth":62.1429,"confidence":0.549593,"direction":[0.0532193,0.477331,-0.87711],"elbow":[72.9182,329.896,332.398],"grabStrength":0,"id":980,"palmNormal":[-0.523986,-0.734368,-0.431443],"palmPosition":[-6.67075,339.325,33.7317],"palmVelocity":[-38.1248,23.4476,-132.688],"palmWidth":88.738,"pinchStrength":0.46764,"r":[[0.99085,-0.131309,-0.0311963],[0.132279,0.990716,0.0313555],[0.0267894,-0.0351952,0.999021]],"s":0.941484,"sphereCenter":[-13.1293,301.67,-4.66387],"sphereRadius":50.7888,"stabilizedPalmPosition":[-4.9206,328.614,79.3661],"t":[-1.01454,10.5491,-43.8817],"timeVisible":0.222079,"type":"right","wrist":[-0.946429,313.694,80.1723]}],"id":4966795,"interactionBox":{"center":[0,200,0],"size":[235.247,235.247,147.751]},"pointables":[{"bases":[[[0.821115,0.555803,0.129823],[-0.470561,0.530491,0.70509],[0.323021,-0.640049,0.697133]],[[0.658092,0.743306,-0.120047],[-0.644278,0.638425,0.421093],[0.389642,-0.199774,0.899038]],[[0.658092,0.743306,-0.120047],[-0.702655,0.663575,0.256794],[0.270537,-0.0846419,0.958982]],[[0.658092,0.743306,-0.120047],[-0.751494,0.658297,-0.0436154],[0.0466073,0.118918,0.99181]]],"btipPosition":[-59.3051,327.608,-13.8699],"carpPosition":[-30.2769,317.782,84.4224],"dipPosition":[-58.2413,330.322,8.76749],"direction":[-0.270537,0.0846419,-0.958982],"extended":false,"handId":980,"id":9800,"length":50.8265,"mcpPosition":[-30.2769,317.782,84.4224],"pipPosition":[-49.2455,327.508,40.6553],"stabilizedTipPosition":[-60.1491,317.856,32.4101],"timeVisible":0.222079,"tipPosition":[-59.99,329.276,-8.38056],"tipVelocity":[-0.970943,-23.726,-151.53],"tool":false,"touchDistance":0.444724,"touchZone":"hovering","type":0,"width":19.7488},{"bases":[[[0.846931,-0.395559,-0.355305],[0.504799,0.808064,0.303662],[0.166993,-0.436538,0.884052]],[[0.86321,-0.469736,-0.184976],[0.470364,0.88141,-0.043286],[0.183373,-0.0496413,0.981789]],[[0.86321,-0.469736,-0.184976],[0.453846,0.882523,-0.123195],[0.221115,0.0223923,0.974991]],[[0.86321,-0.469736,-0.184976],[0.440257,0.879738,-0.179541],[0.247067,0.0735442,0.966203]]],"btipPosition":[-42.0367,364.62,-61.8113],"carpPosition":[-13.0431,332.972,81.8366],"dipPosition":[-37.9199,365.845,-45.7118],"direction":[-0.221115,-0.0223923,-0.974991],"extended":true,"handId":980,"id":9801,"length":57.352,"mcpPosition":[-25.0246,364.293,18.407],"pipPosition":[-32.7078,366.373,-22.7291],"stabilizedTipPosition":[-39.5359,349.72,-20.2047],"timeVisible":0.222079,"tipPosition":[-41.3031,364.504,-58.0625],"tipVelocity":[-22.9732,41.9059,-136.222],"tool":false,"touchDistance":0.220424,"touchZone":"hovering","type":1,"width":18.8641},{"bases":[[[0.763157,-0.582821,-0.279126],[0.644259,0.719777,0.258557],[0.0502157,-0.377149,0.92479]],[[0.761948,-0.57485,-0.298301],[0.110715,0.569434,-0.814547],[0.638105,0.587616,0.497523]],[[0.761948,-0.57485,-0.298301],[-0.605979,-0.47028,-0.64158],[0.228527,0.669615,-0.706676]],[[0.761948,-0.57485,-0.298301],[-0.62509,-0.773245,-0.106558],[-0.169405,0.267656,-0.948505]]],"btipPosition":[-38.8854,304.429,28.282],"carpPosition":[-2.23995,329.865,77.6121],"dipPosition":[-41.99,309.334,10.8989],"direction":[-0.228527,-0.669615,0.706676],"extended":false,"handId":980,"id":9802,"length":65.348,"mcpPosition":[-5.65669,355.527,14.6882],"pipPosition":[-35.6524,327.905,-8.69912],"stabilizedTipPosition":[-33.7624,291.944,70.836],"timeVisible":0.222079,"tipPosition":[-39.4593,305.354,25.058],"tipVelocity":[-7.16993,-0.759884,-162.621],"tool":false,"touchDistance":0.333333,"touchZone":"none","type":2,"width":18.527},{"bases":[[[0.711476,-0.684559,-0.158684],[0.698409,0.663908,0.267303],[-0.0776326,-0.301006,0.950457]],[[0.711957,-0.682623,-0.164752],[0.299104,0.507054,-0.808352],[0.635337,0.526234,0.565177]],[[0.711957,-0.682623,-0.164752],[-0.572596,-0.428514,-0.698935],[0.40651,0.591948,-0.69595]],[[0.711957,-0.682623,-0.164752],[-0.70135,-0.702919,-0.118376],[-0.0350011,0.199827,-0.979206]]],"btipPosition":[-25.9021,299.675,27.7261],"carpPosition":[7.38411,323.851,73.7714],"dipPosition":[-26.5398,303.317,9.88347],"direction":[-0.40651,-0.591948,0.695951],"extended":false,"handId":980,"id":9803,"length":62.8339,"mcpPosition":[12.1267,342.239,15.7083],"pipPosition":[-15.5574,319.309,-8.91859],"stabilizedTipPosition":[-18.5032,288.761,74.9239],"timeVisible":0.222079,"tipPosition":[-25.6906,300.588,24.8573],"tipVelocity":[-7.53787,9.24512,-181.961],"tool":false,"touchDistance":0.333333,"touchZone":"none","type":3,"width":17.6296},{"bases":[[[0.572466,-0.81502,-0.0895829],[0.790947,0.520133,0.322281],[-0.21607,-0.25535,0.942396]],[[0.546511,-0.83739,0.0102178],[0.477379,0.301484,-0.825359],[0.688066,0.455945,0.564516]],[[0.546511,-0.83739,0.0102178],[-0.591953,-0.394904,-0.702597],[0.592382,0.377928,-0.711515]],[[0.546511,-0.83739,0.0102178],[-0.828967,-0.542666,-0.13538],[0.118911,0.0655165,-0.990741]]],"btipPosition":[-11.5119,302.223,27.6491],"carpPosition":[13.295,311.816,70.182],"dipPosition":[-9.51303,303.324,10.9945],"direction":[-0.592382,-0.377928,0.711515],"extended":false,"handId":980,"id":9804,"length":49.2606,"mcpPosition":[25.5138,326.256,16.8894],"pipPosition":[1.7865,310.533,-2.57742],"stabilizedTipPosition":[-4.48106,291.52,76.583],"timeVisible":0.222079,"tipPosition":[-10.8625,302.486,25.0532],"tipVelocity":[-4.2644,22.1273,-165.275],"tool":false,"touchDistance":0.333333,"touchZone":"none","type":4,"width":15.66}],"r":[[0.99085,-0.131309,-0.0311963],[0.132279,0.990716,0.0313555],[0.0267894,-0.0351952,0.999021]],"s":0.941484,"t":[-1.01454,10.5491,-43.8817],"timestamp":669425389502},false],[3,{"currentFrameRate":53.4524,"devices":[],"gestures":[],"hands":[{"armBasis":[[0.851709,-0.481622,-0.206476],[0.448281,0.873714,-0.188859],[0.27136,0.0682932,0.960052]],"armWidth":62.1429,"confidence":0.581507,"direction":[0.0489473,0.478207,-0.876882],"elbow":[70.4895,331.106,330.895],"grabStrength":0,"id":980,"palmNormal":[-0.525977,-0.733998,-0.429645],"palmPosition":[-6.9148,338.8,31.7089],"palmVelocity":[-26.2566,-1.54312,-122.128],"palmWidth":88.738,"pinchStrength":0.473623,"r":[[0.991207,-0.128417,-0.0319165],[0.129496,0.990983,0.0343914],[0.0272123,-0.038222,0.998899]],"s":0.937769,"sphereCenter":[-13.5239,301.158,-6.75029],"sphereRadius":50.8189,"stabilizedPalmPosition":[-4.92072,328.615,79.3633],"t":[-1.50097,10.507,-46.1204],"timeVisible":0.240361,"type":"right","wrist":[-0.964358,313.124,78.096]}],"id":4966796,"interactionBox":{"center":[0,200,0],"size":[235.247,235.247,147.751]},"pointables":[{"bases":[[[0.821671,0.555765,0.126422],[-0.46722,0.529739,0.707872],[0.32644,-0.640704,0.694935]],[[0.657354,0.743549,-0.122561],[-0.641654,0.637554,0.426387],[0.395179,-0.201645,0.896199]],[[0.657354,0.743549,-0.122561],[-0.703291,0.663735,0.254632],[0.27068,-0.081187,0.95924]],[[0.657354,0.743549,-0.122561],[-0.752123,0.657461,-0.0453413],[0.0468658,0.121987,0.991425]]],"btipPosition":[-59.5829,326.936,-15.6627],"carpPosition":[-30.2745,317.204,82.4912],"dipPosition":[-58.5132,329.721,6.96594],"direction":[-0.27068,0.081187,-0.95924],"extended":false,"handId":980,"id":9800,"length":50.8265,"mcpPosition":[-30.2745,317.204,82.4912],"pipPosition":[-49.5126,327.021,38.8623],"stabilizedTipPosition":[-60.1489,317.858,32.4017],"timeVisible":0.240361,"tipPosition":[-60.2609,328.608,-10.1805],"tipVelocity":[-7.74858,-29.5415,-125.97],"tool":false,"touchDistance":0.406663,"touchZone":"hovering","type":0,"width":19.7488},{"bases":[[[0.845253,-0.395112,-0.359768],[0.506168,0.807819,0.302031],[0.171291,-0.437396,0.882805]],[[0.862358,-0.469383,-0.189785],[0.471175,0.881201,-0.0384602],[0.185291,-0.0562556,0.981072]],[[0.862358,-0.469383,-0.189785],[0.453741,0.882795,-0.121623],[0.224629,0.0187696,0.974264]],[[0.862358,-0.469383,-0.189785],[0.43931,0.880039,-0.180382],[0.251687,0.0721795,0.965113]]],"btipPosition":[-42.5972,364.493,-63.6555],"carpPosition":[-13.0549,332.398,79.8377],"dipPosition":[-38.4034,365.696,-47.574],"direction":[-0.224629,-0.0187696,-0.974264],"extended":true,"handId":980,"id":9801,"length":57.352,"mcpPosition":[-25.3448,363.781,16.4975],"pipPosition":[-33.1084,366.138,-24.6085],"stabilizedTipPosition":[-39.5376,349.732,-20.2377],"timeVisible":0.240361,"tipPosition":[-41.8816,364.292,-59.9037],"tipVelocity":[-26.1892,18.3754,-119.397],"tool":false,"touchDistance":0.189618,"touchZone":"hovering","type":1,"width":18.8641},{"bases":[[[0.761867,-0.582459,-0.283373],[0.645419,0.719592,0.256168],[0.0547052,-0.37806,0.924163]],[[0.760563,-0.574458,-0.302559],[0.107822,0.571285,-0.813638],[0.640249,0.5862,0.496438]],[[0.760563,-0.574458,-0.302559],[-0.608679,-0.468693,-0.640185],[0.225952,0.671062,-0.706131]],[[0.760563,-0.574458,-0.302559],[-0.625462,-0.773285,-0.104058],[-0.174188,0.268382,-0.947433]]],"btipPosition":[-39.1645,303.936,26.2869],"carpPosition":[-2.27191,329.297,75.5581],"dipPosition":[-42.3568,308.855,8.92343],"direction":[-0.225952,-0.671062,0.706131],"extended":false,"handId":980,"id":9802,"length":65.348,"mcpPosition":[-5.99412,355.021,12.6769],"pipPosition":[-36.0906,327.465,-10.6594],"stabilizedTipPosition":[-33.7631,291.946,70.83],"timeVisible":0.240361,"tipPosition":[-39.7557,304.862,23.0672],"tipVelocity":[-11.5778,-13.2332,-136.877],"tool":false,"touchDistance":0.333333,"touchZone":"none","type":2,"width":18.527},{"bases":[[[0.710777,-0.684322,-0.162785],[0.699616,0.663721,0.264598],[-0.0730263,-0.301957,0.95052]],[[0.711248,-0.682295,-0.169115],[0.301184,0.513172,-0.803706],[0.635149,0.520699,0.570489]],[[0.711248,-0.682295,-0.169115],[-0.57184,-0.421688,-0.703689],[0.40881,0.597204,-0.690088]],[[0.711248,-0.682295,-0.169115],[-0.702067,-0.701493,-0.122513],[-0.0350429,0.205867,-0.977952]]],"btipPosition":[-26.2865,299.159,25.2034],"carpPosition":[7.33421,323.287,71.6652],"dipPosition":[-26.9251,302.911,7.38352],"direction":[-0.40881,-0.597204,0.690088],"extended":false,"handId":980,"id":9803,"length":62.8339,"mcpPosition":[11.7954,341.734,13.5982],"pipPosition":[-15.8805,319.045,-11.2602],"stabilizedTipPosition":[-18.5036,288.762,74.9209],"timeVisible":0.240361,"tipPosition":[-26.0706,300.084,22.3974],"tipVelocity":[-14.0064,-8.04129,-160.761],"tool":false,"touchDistance":0.333333,"touchZone":"none","type":3,"width":17.6296},{"bases":[[[0.572115,-0.814867,-0.0931453],[0.792433,0.519901,0.318987],[-0.211506,-0.256309,0.943171]],[[0.546344,-0.837525,0.00780453],[0.479815,0.305334,-0.822526],[0.686503,0.453127,0.568674]],[[0.546344,-0.837525,0.00780453],[-0.589927,-0.391409,-0.706247],[0.594554,0.381249,-0.707923]],[[0.546344,-0.837525,0.00780453],[-0.829014,-0.542073,-0.13745],[0.119348,0.0686247,-0.990478]]],"btipPosition":[-11.8309,301.7,25.2424],"carpPosition":[13.2291,311.257,68.0354],"dipPosition":[-9.82461,302.853,8.59223],"direction":[-0.594554,-0.381249,0.707923],"extended":false,"handId":980,"id":9804,"length":49.2606,"mcpPosition":[25.1897,325.751,14.699],"pipPosition":[1.51634,310.126,-4.9112],"stabilizedTipPosition":[-4.48126,291.521,76.5813],"timeVisible":0.240361,"tipPosition":[-11.1748,301.973,22.6726],"tipVelocity":[-10.5341,-1.86588,-149.138],"tool":false,"touchDistance":0.333333,"touchZone":"none","type":4,"width":15.66}],"r":[[0.991207,-0.128417,-0.0319165],[0.129496,0.990983,0.0343914],[0.0272123,-0.038222,0.998899]],"s":0.937769,"t":[-1.50097,10.507,-46.1204],"timestamp":669425407784},false],[4,{"currentFrameRate":53.612,"devices":[],"gestures":[],"hands":[{"armBasis":[[0.845785,-0.486103,-0.219891],[0.450872,0.871577,-0.192529],[0.285241,0.063695,0.956337]],"armWidth":62.1429,"confidence":0.598597,"direction":[0.0470036,0.479393,-0.876341],"elbow":[73.8516,329.061,328.016],"grabStrength":0,"id":980,"palmNormal":[-0.531781,-0.730645,-0.428214],"palmPosition":[-7.30856,338.071,29.8799],"palmVelocity":[-24.1256,-19.9802,-112.152],"palmWidth":88.738,"pinchStrength":0.481662,"r":[[0.991326,-0.127085,-0.0335111],[0.1283,0.991044,0.037013],[0.0285072,-0.0409914,0.998753]],"s":0.934033,"sphereCenter":[-14.2907,300.519,-8.65026],"sphereRadius":50.8122,"stabilizedPalmPosition":[-4.92083,328.615,79.3609],"t":[-1.94106,10.1213,-48.1543],"timeVisible":0.258445,"type":"right","wrist":[-1.25741,312.289,76.1953]}],"id":4966797,"interactionBox":{"center":[0,200,0],"size":[235.247,235.247,147.751]},"pointables":[{"bases":[[[0.825069,0.551428,0.123239],[-0.461038,0.530914,0.711037],[0.326656,-0.643473,0.692271]],[[0.66031,0.74055,-0.124805],[-0.635601,0.639596,0.432353],[0.400004,-0.206161,0.893026]],[[0.66031,0.74055,-0.124805],[-0.701024,0.66741,0.251256],[0.269364,-0.0784161,0.959841]],[[0.66031,0.74055,-0.124805],[-0.749707,0.659734,-0.0518659],[0.0439285,0.127814,0.990825]]],"btipPosition":[-59.957,326.236,-17.2632],"carpPosition":[-30.5245,316.509,80.7426],"dipPosition":[-58.9543,329.153,5.35178],"direction":[-0.269364,0.078416,-0.959841],"extended":false,"handId":980,"id":9800,"length":50.8265,"mcpPosition":[-30.5245,316.509,80.7426],"pipPosition":[-49.9975,326.546,37.2682],"stabilizedTipPosition":[-60.1488,317.86,32.3934],"timeVisible":0.258445,"tipPosition":[-60.659,327.952,-11.7884],"tipVelocity":[-14.3041,-33.1057,-108.242],"tool":false,"touchDistance":0.375276,"touchZone":"hovering","type":0,"width":19.7488},{"bases":[[[0.841464,-0.398757,-0.364597],[0.511711,0.804773,0.300819],[0.173464,-0.439697,0.881236]],[[0.859036,-0.473358,-0.194909],[0.476494,0.878538,-0.0335395],[0.187111,-0.0640615,0.980248]],[[0.859036,-0.473358,-0.194909],[0.458118,0.880763,-0.119936],[0.228442,0.0137379,0.973461]],[[0.859036,-0.473358,-0.194909],[0.442795,0.878142,-0.181103],[0.256885,0.0692694,0.963956]]],"btipPosition":[-43.1931,364.375,-65.2797],"carpPosition":[-13.2422,331.621,78.0281],"dipPosition":[-38.9127,365.529,-49.2176],"direction":[-0.228442,-0.0137379,-0.973461],"extended":true,"handId":980,"id":9801,"length":57.352,"mcpPosition":[-25.688,363.169,14.8005],"pipPosition":[-33.5278,365.853,-26.271],"stabilizedTipPosition":[-39.5391,349.741,-20.2603],"timeVisible":0.258445,"tipPosition":[-42.4913,364.101,-61.5274],"tipVelocity":[-28.8802,6.24296,-105.454],"tool":false,"touchDistance":0.162473,"touchZone":"hovering","type":1,"width":18.8641},{"bases":[[[0.757517,-0.585808,-0.288091],[0.650288,0.715924,0.254123],[0.0573839,-0.379845,0.923269]],[[0.756156,-0.57776,-0.307279],[0.107605,0.572951,-0.812495],[0.645483,0.581308,0.495411]],[[0.756156,-0.57776,-0.307279],[-0.613905,-0.463705,-0.638826],[0.226601,0.671692,-0.705323]],[[0.756156,-0.57776,-0.307279],[-0.629803,-0.770032,-0.101978],[-0.177696,0.270637,-0.94614]]],"btipPosition":[-39.7709,303.404,24.482],"carpPosition":[-2.49623,328.473,73.69],"dipPosition":[-43.0275,308.364,7.14216],"direction":[-0.226601,-0.671692,0.705323],"extended":false,"handId":980,"id":9802,"length":65.348,"mcpPosition":[-6.40071,354.318,10.8697],"pipPosition":[-36.7432,326.992,-12.4183],"stabilizedTipPosition":[-33.7638,291.947,70.8252],"timeVisible":0.258445,"tipPosition":[-40.3753,304.337,21.2648],"tipVelocity":[-22.4013,-20.6716,-119.115],"tool":false,"touchDistance":0.333333,"touchZone":"none","type":2,"width":18.527},{"bases":[[[0.706514,-0.687612,-0.167416],[0.704245,0.659768,0.262193],[-0.0698314,-0.303145,0.950382]],[[0.706981,-0.685495,-0.173997],[0.305961,0.518263,-0.798618],[0.637625,0.511372,0.576137]],[[0.706981,-0.685495,-0.173997],[-0.573261,-0.411361,-0.708628],[0.414185,0.600732,-0.683792]],[[0.706981,-0.685495,-0.173997],[-0.706409,-0.696324,-0.126963],[-0.0341262,0.212673,-0.976527]]],"btipPosition":[-27.0256,298.553,22.8442],"carpPosition":[7.06015,322.421,69.7398],"dipPosition":[-27.6474,302.428,5.05036],"direction":[-0.414185,-0.600733,0.683792],"extended":false,"handId":980,"id":9803,"length":62.8339,"mcpPosition":[11.3261,340.94,11.6813],"pipPosition":[-16.4576,318.658,-13.4232],"stabilizedTipPosition":[-18.504,288.762,74.9186],"timeVisible":0.258445,"tipPosition":[-26.8009,299.489,20.0997],"tipVelocity":[-26.6725,-19.4094,-146.198],"tool":false,"touchDistance":0.333333,"touchZone":"none","type":3,"width":17.6296},{"bases":[[[0.567545,-0.817573,-0.0972997],[0.796606,0.515396,0.315889],[-0.208115,-0.256791,0.943794]],[[0.541673,-0.840571,0.0054662],[0.486859,0.308423,-0.817217],[0.685244,0.445326,0.576304]],[[0.541673,-0.840571,0.0054662],[-0.587405,-0.383165,-0.71284],[0.601287,0.382915,-0.701306]],[[0.541673,-0.840571,0.0054662],[-0.831617,-0.536828,-0.142227],[0.122486,0.0724948,-0.989819]]],"btipPosition":[-12.5131,301.01,22.8327],"carpPosition":[12.8764,310.367,66.0614],"dipPosition":[-10.454,302.228,6.19366],"direction":[-0.601287,-0.382915,0.701306],"extended":false,"handId":980,"id":9804,"length":49.2606,"mcpPosition":[24.6453,324.889,12.6898],"pipPosition":[1.01534,309.532,-7.18355],"stabilizedTipPosition":[-4.48143,291.521,76.5801],"timeVisible":0.258445,"tipPosition":[-11.8354,301.292,20.327],"tipVelocity":[-23.1394,-18.7264,-141.518],"tool":false,"touchDistance":0.333333,"touchZone":"none","type":4,"width":15.66}],"r":[[0.991326,-0.127085,-0.0335111],[0.1283,0.991044,0.037013],[0.0285072,-0.0409914,0.998753]],"s":0.934033,"t":[-1.94106,10.1213,-48.1543],"timestamp":669425425868},false],[5,{"currentFrameRate":53.6323,"devices":[],"gestures":[],"hands":[{"armBasis":[[0.832353,-0.501707,-0.235541],[0.462616,0.862938,-0.203286],[0.305247,0.060241,0.950366]],"armWidth":62.1429,"confidence":0.603759,"direction":[0.0548066,0.472775,-0.879477],"elbow":[77.6519,327.466,322.714],"grabStrength":0,"id":980,"palmNormal":[-0.542596,-0.725301,-0.423708],"palmPosition":[-8.35612,337.166,25.9763],"palmVelocity":[-39.7611,-33.8994,-159.635],"palmWidth":88.738,"pinchStrength":0.488172,"r":[[0.991035,-0.129079,-0.0344797],[0.130356,0.990746,0.0378111],[0.02928,-0.0419667,0.99869]],"s":0.93046,"sphereCenter":[-15.9064,299.483,-12.3407],"sphereRadius":50.7934,"stabilizedPalmPosition":[-4.92103,328.616,79.3578],"t":[-2.68489,9.47601,-51.123],"timeVisible":0.277018,"type":"right","wrist":[-2.72515,311.604,72.4663]}],"id":4966798,"interactionBox":{"center":[0,200,0],"size":[235.247,235.247,147.751]},"pointables":[{"bases":[[[0.833298,0.539614,0.120132],[-0.453314,0.542595,0.707176],[0.316419,-0.643746,0.696757]],[[0.6714,0.729695,-0.129491],[-0.625421,0.651626,0.429223],[0.397582,-0.207194,0.893868]],[[0.6714,0.729695,-0.129491],[-0.692879,0.680057,0.23967],[0.262948,-0.0711929,0.96218]],[[0.6714,0.729695,-0.129491],[-0.740059,0.669384,-0.0650955],[0.0391797,0.139536,0.989442]]],"btipPosition":[-60.9201,325.569,-21.1275],"carpPosition":[-31.9272,316.3,76.9654],"dipPosition":[-60.0258,328.754,1.45587],"direction":[-0.262948,0.0711929,-0.96218],"extended":false,"handId":980,"id":9800,"length":50.8265,"mcpPosition":[-31.9272,316.3,76.9654],"pipPosition":[-51.2824,326.386,33.45],"stabilizedTipPosition":[-60.1489,317.861,32.3855],"timeVisible":0.277018,"tipPosition":[-61.6278,327.357,-15.681],"tipVelocity":[-33.1441,-32.8636,-156.786],"tool":false,"touchDistance":0.310749,"touchZone":"hovering","type":0,"width":19.7488},{"bases":[[[0.835507,-0.413939,-0.361363],[0.52373,0.798876,0.29581],[0.166237,-0.436408,0.884259]],[[0.85184,-0.487569,-0.191432],[0.490742,0.87065,-0.0337872],[0.183144,-0.0651623,0.980924]],[[0.85184,-0.487569,-0.191432],[0.47193,0.87296,-0.12338],[0.227269,0.0147577,0.97372]],[[0.85184,-0.487569,-0.191432],[0.456033,0.870119,-0.186886],[0.257688,0.0718978,0.963549]]],"btipPosition":[-43.6671,363.624,-69.3901],"carpPosition":[-14.4152,331.128,74.1623],"dipPosition":[-39.3733,364.822,-53.3347],"direction":[-0.227269,-0.0147577,-0.97372],"extended":true,"handId":980,"id":9801,"length":57.352,"mcpPosition":[-26.3425,362.44,10.7178],"pipPosition":[-34.0161,365.17,-30.382],"stabilizedTipPosition":[-39.54,349.745,-20.2746],"timeVisible":0.277018,"tipPosition":[-42.9908,363.315,-65.634],"tipVelocity":[-27.1732,-16.0955,-161.615],"tool":false,"touchDistance":0.0939416,"touchZone":"hovering","type":1,"width":18.8641},{"bases":[[[0.748677,-0.599176,-0.283672],[0.660966,0.707619,0.2498],[0.0510572,-0.374517,0.925813]],[[0.747449,-0.591229,-0.302933],[0.117633,0.56659,-0.81556],[0.653822,0.573954,0.493045]],[[0.747449,-0.591229,-0.302933],[-0.620258,-0.457785,-0.636956],[0.237909,0.663988,-0.708886]],[[0.747449,-0.591229,-0.302933],[-0.641357,-0.761075,-0.097088],[-0.173153,0.266856,-0.948054]]],"btipPosition":[-41.3489,302.986,20.7165],"carpPosition":[-3.71596,327.788,69.8526],"dipPosition":[-44.5223,307.876,3.34161],"direction":[-0.237909,-0.663988,0.708886],"extended":false,"handId":980,"id":9802,"length":65.348,"mcpPosition":[-7.18996,353.27,6.85914],"pipPosition":[-37.9245,326.29,-16.3176],"stabilizedTipPosition":[-33.7648,291.949,70.8187],"timeVisible":0.277018,"tipPosition":[-41.9393,303.905,17.4891],"tipVelocity":[-52.2083,-21.9967,-159.834],"tool":false,"touchDistance":0.333333,"touchZone":"none","type":2,"width":18.527},{"bases":[[[0.69606,-0.699386,-0.162358],[0.714057,0.650703,0.25828],[-0.0749912,-0.295711,0.952329]],[[0.696589,-0.697206,-0.169312],[0.318942,0.5123,-0.797386],[0.642682,0.50145,0.579231]],[[0.696589,-0.697206,-0.169312],[-0.5758,-0.402465,-0.711672],[0.42804,0.593233,-0.681804]],[[0.696589,-0.697206,-0.169312],[-0.716971,-0.685244,-0.128033],[-0.0267553,0.210578,-0.977211]]],"btipPosition":[-28.75,297.916,18.7587],"carpPosition":[5.74947,321.565,65.9492],"dipPosition":[-29.2375,301.753,0.952344],"direction":[-0.42804,-0.593233,0.681804],"extended":false,"handId":980,"id":9803,"length":62.8339,"mcpPosition":[10.3307,339.63,7.77175],"pipPosition":[-17.6734,317.78,-17.4675],"stabilizedTipPosition":[-18.5047,288.763,74.9147],"timeVisible":0.277018,"tipPosition":[-28.5039,298.837,16.0319],"tipVelocity":[-57.9221,-26.8477,-182.01],"tool":false,"touchDistance":0.333333,"touchZone":"none","type":3,"width":17.6296},{"bases":[[[0.555087,-0.826747,-0.0914732],[0.804178,0.505302,0.312998],[-0.212549,-0.247302,0.945338]],[[0.528252,-0.848982,0.0133681],[0.501954,0.299549,-0.811365],[0.68483,0.435315,0.584388]],[[0.528252,-0.848982,0.0133681],[-0.583832,-0.374612,-0.720282],[0.616515,0.372686,-0.693552]],[[0.528252,-0.848982,0.0133681],[-0.838584,-0.524121,-0.148573],[0.133142,0.0672737,-0.988811]]],"btipPosition":[-14.2104,300.134,18.5954],"carpPosition":[11.3837,309.4,62.355],"dipPosition":[-11.9722,301.265,1.97332],"direction":[-0.616515,-0.372686,0.693552],"extended":false,"handId":980,"id":9804,"length":49.2606,"mcpPosition":[23.4033,323.385,8.89606],"pipPosition":[-0.212386,308.374,-11.256],"stabilizedTipPosition":[-4.48179,291.521,76.5776],"timeVisible":0.277018,"tipPosition":[-13.4847,300.403,16.15],"tipVelocity":[-55.1247,-33.0223,-183.378],"tool":false,"touchDistance":0.333333,"touchZone":"none","type":4,"width":15.66}],"r":[[0.991035,-0.129079,-0.0344797],[0.130356,0.990746,0.0378111],[0.02928,-0.0419667,0.99869]],"s":0.93046,"t":[-2.68489,9.47601,-51.123],"timestamp":669425444441},false],[6,{"currentFrameRate":53.6714,"devices":[],"gestures":[],"hands":[{"armBasis":[[0.821297,-0.520961,-0.232532],[0.481267,0.851546,-0.207969],[0.306355,0.0588941,0.950094]],"armWidth":62.1429,"confidence":0.601274,"direction":[0.0591854,0.474629,-0.878194],"elbow":[77.1256,325.699,318.338],"grabStrength":0,"id":980,"palmNormal":[-0.564316,-0.709769,-0.421634],"palmPosition":[-8.92511,336.066,21.8156],"palmVelocity":[-35.4176,-46.2494,-191.197],"palmWidth":88.738,"pinchStrength":0.497247,"r":[[0.990065,-0.135635,-0.0370638],[0.137057,0.989797,0.0389428],[0.0314036,-0.0436357,0.998554]],"s":0.927472,"sphereCenter":[-17.8393,298.91,-16.5599],"sphereRadius":50.7074,"stabilizedPalmPosition":[-4.92127,328.616,79.3544],"t":[-3.34129,8.60348,-54.6877],"timeVisible":0.295511,"type":"right","wrist":[-3.54302,310.191,68.1619]}],"id":4966799,"interactionBox":{"center":[0,200,0],"size":[235.247,235.247,147.751]},"pointables":[{"bases":[[[0.847636,0.517991,0.114882],[-0.433423,0.55111,0.713037],[0.306034,-0.654189,0.69165]],[[0.688242,0.713207,-0.132889],[-0.604395,0.664989,0.438743],[0.401285,-0.221644,0.888732]],[[0.688242,0.713207,-0.132889],[-0.675905,0.696912,0.239722],[0.263583,-0.0751659,0.961704]],[[0.688242,0.713207,-0.132889],[-0.724363,0.68572,-0.0713147],[0.0402628,0.145342,0.988562]]],"btipPosition":[-61.7968,325.576,-24.8766],"carpPosition":[-32.5779,315.604,72.9305],"dipPosition":[-60.8779,328.893,-2.31326],"direction":[-0.263583,0.0751659,-0.961704],"extended":false,"handId":980,"id":9800,"length":50.8265,"mcpPosition":[-32.5779,315.604,72.9305],"pipPosition":[-52.1133,326.394,29.6651],"stabilizedTipPosition":[-60.1491,317.862,32.3794],"timeVisible":0.295511,"tipPosition":[-62.4944,327.438,-19.4352],"tipVelocity":[-39.8856,-16.0092,-179.094],"tool":false,"touchDistance":0.248188,"touchZone":"hovering","type":0,"width":19.7488},{"bases":[[[0.821682,-0.433453,-0.370077],[0.546219,0.784288,0.294172],[0.162738,-0.443859,0.881196]],[[0.837601,-0.507899,-0.201155],[0.513765,0.85754,-0.0259177],[0.185662,-0.0816378,0.979216]],[[0.837601,-0.507899,-0.201155],[0.493981,0.861417,-0.118086],[0.233254,-0.000457895,0.972416]],[[0.837601,-0.507899,-0.201155],[0.477061,0.859473,-0.183629],[0.266152,0.0578445,0.962194]]],"btipPosition":[-44.1106,364.311,-73.1778],"carpPosition":[-14.7221,329.997,70.0299],"dipPosition":[-39.6758,365.275,-57.145],"direction":[-0.233254,0.000457895,-0.972416],"extended":true,"handId":980,"id":9801,"length":57.352,"mcpPosition":[-26.3984,361.844,6.80521],"pipPosition":[-34.1775,365.264,-34.2231],"stabilizedTipPosition":[-39.5406,349.747,-20.2826],"timeVisible":0.295511,"tipPosition":[-43.4736,363.828,-69.4152],"tipVelocity":[-24.7851,8.2082,-182.616],"tool":false,"touchDistance":0.0307263,"touchZone":"hovering","type":1,"width":18.8641},{"bases":[[[0.730877,-0.616743,-0.292312],[0.68071,0.689782,0.246646],[0.0495148,-0.379248,0.923969]],[[0.729684,-0.608686,-0.311549],[0.125649,0.567224,-0.813922],[0.672141,0.55476,0.490375]],[[0.729684,-0.608686,-0.311549],[-0.63679,-0.438908,-0.633923],[0.249119,0.660954,-0.707869]],[[0.729684,-0.608686,-0.311549],[-0.661117,-0.744354,-0.0941358],[-0.174604,0.27466,-0.945556]]],"btipPosition":[-42.8212,302.768,16.6566],"carpPosition":[-4.14776,326.405,65.6158],"dipPosition":[-46.0212,307.802,-0.672478],"direction":[-0.249119,-0.660954,0.707869],"extended":false,"handId":980,"id":9802,"length":65.348,"mcpPosition":[-7.51681,352.21,2.74773],"pipPosition":[-39.1125,326.132,-20.3035],"stabilizedTipPosition":[-33.7662,291.951,70.8102],"timeVisible":0.295511,"tipPosition":[-43.4179,303.715,13.4331],"tipVelocity":[-65.6035,-16.1906,-188.391],"tool":false,"touchDistance":0.333333,"touchZone":"none","type":2,"width":18.527},{"bases":[[[0.676789,-0.716062,-0.170913],[0.73242,0.631515,0.25446],[-0.074275,-0.297395,0.951861]],[[0.677326,-0.713817,-0.178029],[0.327939,0.509571,-0.795483],[0.658548,0.480418,0.579235]],[[0.677326,-0.713817,-0.178029],[-0.589441,-0.381753,-0.711916],[0.440214,0.587137,-0.679325]],[[0.677326,-0.713817,-0.178029],[-0.735196,-0.665561,-0.12851],[-0.0267569,0.217929,-0.975598]]],"btipPosition":[-30.4394,297.362,14.3496],"carpPosition":[5.12403,319.961,61.6081],"dipPosition":[-30.927,301.333,-3.42737],"direction":[-0.440214,-0.587137,0.679325],"extended":false,"handId":980,"id":9803,"length":62.8339,"mcpPosition":[9.66147,338.129,3.45919],"pipPosition":[-19.034,317.195,-21.7803],"stabilizedTipPosition":[-18.5059,288.764,74.9083],"timeVisible":0.295511,"tipPosition":[-30.1854,298.298,11.619],"tipVelocity":[-74.0685,-27.5422,-209.077],"tool":false,"touchDistance":0.333333,"touchZone":"none","type":3,"width":17.6296},{"bases":[[[0.533261,-0.840105,-0.0992753],[0.819311,0.483681,0.307867],[-0.210623,-0.245511,0.946236]],[[0.506635,-0.862138,0.00619811],[0.507302,0.292287,-0.810687],[0.697112,0.413867,0.585447]],[[0.506635,-0.862138,0.00619811],[-0.594745,-0.354688,-0.72144],[0.624179,0.361821,-0.69245]],[[0.506635,-0.862138,0.00619811],[-0.852203,-0.501861,-0.147939],[0.130654,0.0696689,-0.988977]]],"btipPosition":[-15.8121,299.211,14.0559],"carpPosition":[10.4187,307.672,57.921],"dipPosition":[-13.6158,300.382,-2.56898],"direction":[-0.624179,-0.361821,0.69245],"extended":false,"handId":980,"id":9804,"length":49.2606,"mcpPosition":[22.3295,321.556,4.41133],"pipPosition":[-1.70977,307.284,-15.7773],"stabilizedTipPosition":[-4.48256,291.522,76.5729],"timeVisible":0.295511,"tipPosition":[-15.0914,299.482,11.6002],"tipVelocity":[-70.5834,-40.9291,-213.383],"tool":