{"sensorType":"Leap","data":[[0,{"currentFrameRate":52.9281,"devices":[],"gestures":[],"hands":[{"armBasis":[[0.802117,-0.543026,-0.248458],[0.494599,0.837263,-0.233157],[0.334635,0.064132,0.940163]],"armWidth":62.1429,"confidence":0.691279,"direction":[0.0566148,0.468941,-0.881413],"elbow":[85.4594,298.863,330.23],"grabStrength":0,"id":978,"palmNormal":[-0.58887,-0.697234,-0.408775],"palmPosition":[-8.149,307.765,36.2874],"palmVelocity":[5.35761,42.3366,-209.309],"palmWidth":88.738,"pinchStrength":0.72584,"r":[[0.94729,-0.293097,0.12937],[0.275534,0.95136,0.137823],[-0.163473,-0.0949128,0.981972]],"s":0.937083,"sphereCenter":[-19.0926,269.065,-2.92829],"sphereRadius":51.5791,"stabilizedPalmPosition":[-22.4954,264.256,134.921],"t":[5.36305,10.9626,-85.1586],"timeVisible":4.15111,"type":"right","wrist":[-2.6559,281.976,82.6685]}],"id":4966011,"interactionBox":{"center":[0,200,0],"size":[235.247,235.247,147.751]},"pointables":[{"bases":[[[0.862178,0.496958,0.0983915],[-0.407603,0.565145,0.717266],[0.300846,-0.658516,0.689818]],[[0.720963,0.681228,-0.127046],[-0.556386,0.678337,0.479889],[0.413094,-0.275296,0.868082]],[[0.720963,0.681228,-0.127046],[-0.65202,0.72895,0.208573],[0.234696,-0.067537,0.96972]],[[0.720963,0.681228,-0.127046],[-0.692514,0.714945,-0.0963165],[0.0252176,0.157422,0.987209]]],"btipPosition":[-59.9527,300.196,-9.15279],"carpPosition":[-31.4628,288.141,87.8846],"dipPosition":[-59.3771,303.789,13.3796],"direction":[-0.234696,0.067537,-0.96972],"extended":false,"handId":978,"id":9780,"length":50.8265,"mcpPosition":[-31.4628,288.141,87.8846],"pipPosition":[-51.5731,301.543,45.6245],"stabilizedTipPosition":[-79.2201,256.609,105.775],"timeVisible":4.15111,"tipPosition":[-59.916,302.569,-3.71291],"tipVelocity":[4.7905,46.9525,-205.151],"tool":false,"touchDistance":-0.773922,"touchZone":"hovering","type":0,"width":19.7488},{"bases":[[[0.804303,-0.455748,-0.381303],[0.570553,0.771599,0.281254],[0.166032,-0.443767,0.880627]],[[0.821207,-0.532086,-0.206164],[0.541061,0.84085,-0.014949],[0.181308,-0.0992714,0.978403]],[[0.821207,-0.532086,-0.206164],[0.511863,0.846568,-0.146009],[0.252222,0.0143754,0.967563]],[[0.821207,-0.532086,-0.206164],[0.485075,0.841211,-0.238886],[0.300536,0.0961694,0.94891]]],"btipPosition":[-43.7632,336.124,-58.1771],"carpPosition":[-13.3009,302.066,84.62],"dipPosition":[-38.7555,337.727,-42.3657],"direction":[-0.252222,-0.0143754,-0.967563],"extended":true,"handId":978,"id":9781,"length":57.352,"mcpPosition":[-25.2135,333.906,21.4361],"pipPosition":[-32.8101,338.065,-19.5581],"stabilizedTipPosition":[-46.4683,304.658,-2.72275],"timeVisible":4.15111,"tipPosition":[-43.1916,334.901,-54.1937],"tipVelocity":[5.58519,100.633,-201.21],"tool":false,"touchDistance":-0.92978,"touchZone":"hovering","type":1,"width":18.8641},{"bases":[[[0.71021,-0.636328,-0.301144],[0.701823,0.673511,0.232007],[0.0551907,-0.376124,0.924924]],[[0.709511,-0.631853,-0.31202],[0.250812,0.640203,-0.726108],[0.65855,0.436923,0.612708]],[[0.709511,-0.631853,-0.31202],[-0.599971,-0.309383,-0.737778],[0.369633,0.710665,-0.598604]],[[0.709511,-0.631853,-0.31202],[-0.696539,-0.695978,-0.174496],[-0.106903,0.341141,-0.933914]]],"btipPosition":[-45.8981,277.281,22.0331],"carpPosition":[-2.89447,298.188,80.0514],"dipPosition":[-47.8573,283.533,4.91738],"direction":[-0.369633,-0.710665,0.598604],"extended":false,"handId":978,"id":9782,"length":65.348,"mcpPosition":[-6.64971,323.78,17.1184],"pipPosition":[-37.6065,303.242,-11.6835],"stabilizedTipPosition":[-51.7256,225.209,111.851],"timeVisible":4.15111,"tipPosition":[-46.0994,278.37,19.2665],"tipVelocity":[5.51861,45.1471,-217.143],"tool":false,"touchDistance":0.333333,"touchZone":"none","type":2,"width":18.527},{"bases":[[[0.65565,-0.733692,-0.178378],[0.752172,0.613994,0.239266],[-0.066024,-0.291046,0.954428]],[[0.655719,-0.733386,-0.17938],[0.406896,0.5434,-0.73427],[0.635978,0.408486,0.65473]],[[0.655719,-0.733386,-0.17938],[-0.548384,-0.299328,-0.780818],[0.518948,0.610367,-0.598453]],[[0.655719,-0.733386,-0.17938],[-0.754301,-0.626093,-0.19758],[0.0325944,0.264863,-0.963735]]],"btipPosition":[-32.1477,270.159,22.8188],"carpPosition":[6.14492,291.494,75.9248],"dipPosition":[-31.5538,274.985,5.25803],"direction":[-0.518948,-0.610367,0.598453],"extended":false,"handId":978,"id":9783,"length":62.8339,"mcpPosition":[10.1783,309.274,17.6191],"pipPosition":[-17.5337,291.475,-10.91],"stabilizedTipPosition":[-34.4208,219.461,136.403],"timeVisible":4.15111,"tipPosition":[-31.6926,271.1,20.5064],"tipVelocity":[6.36482,46.0012,-221.057],"tool":false,"touchDistance":0.333333,"touchZone":"none","type":3,"width":17.6296},{"bases":[[[0.510248,-0.853743,-0.10378],[0.836186,0.464262,0.291984],[-0.201098,-0.235763,0.950776]],[[0.47824,-0.877838,0.026198],[0.569845,0.287473,-0.769828],[0.668253,0.383092,0.637713]],[[0.47824,-0.877838,0.026198],[-0.549436,-0.322334,-0.770857],[0.685133,0.354261,-0.636469]],[[0.47824,-0.877838,0.026198],[-0.858702,-0.473654,-0.19566],[0.184166,0.071076,-0.980322]]],"btipPosition":[-16.7693,271.228,25.0757],"carpPosition":[11.0673,279.058,72.2132],"dipPosition":[-13.6734,272.423,8.59627],"direction":[-0.685133,-0.354261,0.636469],"extended":false,"handId":978,"id":9784,"length":49.2606,"mcpPosition":[22.4394,292.391,18.4468],"pipPosition":[-0.604721,279.18,-3.5442],"stabilizedTipPosition":[-26.8628,222.271,149.208],"timeVisible":4.15111,"tipPosition":[-15.8772,271.402,22.684],"tipVelocity":[7.09117,46.0764,-220.987],"tool":false,"touchDistance":0.333333,"touchZone":"none","type":4,"width":15.66}],"r":[[0.94729,-0.293097,0.12937],[0.275534,0.95136,0.137823],[-0.163473,-0.0949128,0.981972]],"s":0.937083,"t":[5.36305,10.9626,-85.1586],"timestamp":669410458473},false],[1,{"currentFrameRate":53.0106,"devices":[],"gestures":[],"hands":[{"armBasis":[[0.809679,-0.533253,-0.245074],[0.486934,0.843517,-0.226659],[0.327591,0.0641855,0.942637]],"armWidth":62.1429,"confidence":0.67837,"direction":[0.0502665,0.463844,-0.88449],"elbow":[84.196,300.7,327.767],"grabStrength":0,"id":978,"palmNormal":[-0.578938,-0.708107,-0.404247],"palmPosition":[-7.90635,309.201,33.0024],"palmVelocity":[9.09214,59.2882,-193.627],"palmWidth":88.738,"pinchStrength":0.727603,"r":[[0.947742,-0.292586,0.127191],[0.275257,0.951461,0.137678],[-0.1613,-0.0954727,0.982277]],"s":0.938805,"sphereCenter":[-18.4396,270.312,-5.93757],"sphereRadius":51.4958,"stabilizedPalmPosition":[-22.4808,264.301,134.818],"t":[5.53535,12.0751,-88.7813],"timeVisible":4.16968,"type":"right","wrist":[-2.06444,283.799,79.5541]}],"id":4966012,"interactionBox":{"center":[0,200,0],"size":[235.247,235.247,147.751]},"pointables":[{"bases":[[[0.855106,0.509631,0.0952413],[-0.415666,0.564113,0.713441],[0.309865,-0.649656,0.694213]],[[0.711543,0.690278,-0.131238],[-0.565492,0.673436,0.476133],[0.417045,-0.264575,0.869525]],[[0.711543,0.690278,-0.131238],[-0.66238,0.721283,0.202493],[0.234436,-0.0571528,0.97045]],[[0.711543,0.690278,-0.131238],[-0.702323,0.704338,-0.103202],[0.0211979,0.165604,0.985964]]],"btipPosition":[-59.5381,300.595,-12.379],"carpPosition":[-30.9562,289.595,84.7245],"dipPosition":[-59.0543,304.375,10.125],"direction":[-0.234436,0.0571528,-0.97045],"extended":false,"handId":978,"id":9780,"length":50.8265,"mcpPosition":[-30.9562,289.595,84.7245],"pipPosition":[-51.2589,302.475,42.3942],"stabilizedTipPosition":[-79.2014,256.652,105.668],"timeVisible":4.16968,"tipPosition":[-59.5558,302.965,-6.96888],"tipVelocity":[12.7348,35.7454,-190.119],"tool":false,"touchDistance":-0.773354,"touchZone":"hovering","type":0,"width":19.7488},{"bases":[[[0.810707,-0.446946,-0.378143],[0.559614,0.781363,0.276233],[0.172006,-0.435559,0.883574]],[[0.828609,-0.521306,-0.204074],[0.529723,0.84803,-0.0154347],[0.181107,-0.0953134,0.978834]],[[0.828609,-0.521306,-0.204074],[0.50177,0.85323,-0.142218],[0.248261,0.0154448,0.96857]],[[0.828609,-0.521306,-0.204074],[0.476309,0.848032,-0.232317],[0.29417,0.0952978,0.95099]]],"btipPosition":[-43.6735,337.043,-61.7142],"carpPosition":[-12.9904,303.751,81.3708],"dipPosition":[-38.7718,338.631,-45.8681],"direction":[-0.248261,-0.0154448,-0.96857],"extended":true,"handId":978,"id":9781,"length":57.352,"mcpPosition":[-25.3316,335.001,17.9754],"pipPosition":[-32.9198,338.995,-23.0368],"stabilizedTipPosition":[-46.4109,305.138,-3.53285],"timeVisible":4.16968,"tipPosition":[-43.1094,335.797,-57.7291],"tipVelocity":[4.58459,75.7769,-195.817],"tool":false,"touchDistance":-0.918072,"touchZone":"hovering","type":1,"width":18.8641},{"bases":[[[0.719134,-0.628293,-0.296806],[0.692258,0.6848,0.227659],[0.0602163,-0.369183,0.927404]],[[0.718378,-0.62392,-0.307663],[0.242575,0.639175,-0.729803],[0.651989,0.449643,0.610517]],[[0.718378,-0.62392,-0.307663],[-0.595085,-0.322103,-0.73629],[0.360287,0.712021,-0.602677]],[[0.718378,-0.62392,-0.307663],[-0.686726,-0.706658,-0.170417],[-0.111086,0.333704,-0.93611]]],"btipPosition":[-45.2308,278.11,18.8989],"carpPosition":[-2.52945,299.989,76.8297],"dipPosition":[-47.2667,284.226,1.74291],"direction":[-0.360287,-0.712021,0.602677],"extended":false,"handId":978,"id":9782,"length":65.348,"mcpPosition":[-6.62664,325.108,13.7279],"pipPosition":[-37.275,303.972,-14.9709],"stabilizedTipPosition":[-51.7187,225.27,111.74],"timeVisible":4.16968,"tipPosition":[-45.4497,279.184,16.1061],"tipVelocity":[19.7921,44.0857,-193.975],"tool":false,"touchDistance":0.333333,"touchZone":"none","type":2,"width":18.527},{"bases":[[[0.665912,-0.725597,-0.173408],[0.743434,0.626044,0.235319],[-0.0621862,-0.285619,0.956324]],[[0.665945,-0.725444,-0.173919],[0.400933,0.544647,-0.736622],[0.629103,0.42082,0.653559]],[[0.665945,-0.725444,-0.173919],[-0.54271,-0.311163,-0.780156],[0.511843,0.613928,-0.600923]],[[0.665945,-0.725444,-0.173919],[-0.745379,-0.637533,-0.19484],[0.0304671,0.259388,-0.965292]]],"btipPosition":[-31.3929,271.194,19.6733],"carpPosition":[6.6039,293.395,72.749],"dipPosition":[-30.8377,275.92,2.08419],"direction":[-0.511843,-0.613928,0.600923],"extended":false,"handId":978,"id":9783,"length":62.8339,"mcpPosition":[10.4028,310.843,14.3275],"pipPosition":[-17.0096,292.506,-14.1506],"stabilizedTipPosition":[-34.4183,219.503,136.307],"timeVisible":4.16968,"tipPosition":[-30.9532,272.127,17.3151],"tipVelocity":[22.7389,50.124,-196.215],"tool":false,"touchDistance":0.333333,"touchZone":"none","type":3,"width":17.6296},{"bases":[[[0.522187,-0.847177,-0.0980399],[0.829523,0.477856,0.289041],[-0.19802,-0.23226,0.952283]],[[0.49038,-0.870904,0.0324688],[0.567253,0.290676,-0.77054],[0.661628,0.396275,0.636564]],[[0.49038,-0.870904,0.0324688],[-0.543323,-0.334634,-0.769949],[0.681416,0.359926,-0.637279]],[[0.49038,-0.870904,0.0324688],[-0.85171,-0.486803,-0.193938],[0.184708,0.0674494,-0.980476]]],"btipPosition":[-16.0194,272.475,21.9556],"carpPosition":[11.701,281.005,69.1207],"dipPosition":[-12.9144,273.608,5.47358],"direction":[-0.681416,-0.359926,0.637279],"extended":false,"handId":978,"id":9784,"length":49.2606,"mcpPosition":[22.899,294.139,15.269],"pipPosition":[0.0834016,280.474,-6.68235],"stabilizedTipPosition":[-26.8549,222.305,149.118],"timeVisible":4.16968,"tipPosition":[-15.1291,272.649,19.5395],"tipVelocity":[23.2723,55.912,-195.363],"tool":false,"touchDistance":0.333333,"touchZone":"none","type":4,"width":15.66}],"r":[[0.947742,-0.292586,0.127191],[0.275257,0.951461,0.137678],[-0.1613,-0.0954727,0.982277]],"s":0.938805,"t":[5.53535,12.0751,-88.7813],"timestamp":669410477040},false],[2,{"currentFrameRate":52.9343,"devices":[],"gestures":[],"hands":[{"armBasis":[[0.813277,-0.531761,-0.236243],[0.487607,0.84437,-0.221988],[0.31752,0.065344,0.945997]],"armWidth":62.1429,"confidence":0.646146,"direction":[0.0489659,0.463657,-0.884661],"elbow":[81.362,301.321,323.754],"grabStrength":0,"id":978,"palmNormal":[-0.578541,-0.70884,-0.40353],"palmPosition":[-8.15813,309.498,28.1027],"palmVelocity":[-1.91575,37.5957,-224.338],"palmWidth":88.738,"pinchStrength":0.731301,"r":[[0.948187,-0.291966,0.125291],[0.274856,0.951609,0.13746],[-0.159362,-0.0959008,0.982551]],"s":0.940415,"sphereCenter":[-18.8682,270.864,-10.7641],"sphereRadius":51.3579,"stabilizedPalmPosition":[-22.473,264.325,134.761],"t":[5.49562,12.7798,-93.0425],"timeVisible":4.18884,"type":"right","wrist":[-2.24671,284.115,74.6561]}],"id":4966013,"interactionBox":{"center":[0,200,0],"size":[235.247,235.247,147.751]},"pointables":[{"bases":[[[0.854642,0.510577,0.0943282],[-0.415627,0.56386,0.713664],[0.311193,-0.649133,0.694108]],[[0.710991,0.69076,-0.131693],[-0.56518,0.67276,0.477457],[0.418406,-0.265038,0.86873]],[[0.710991,0.69076,-0.131693],[-0.663616,0.721044,0.199272],[0.232605,-0.0542874,0.971055]],[[0.710991,0.69076,-0.131693],[-0.702962,0.703054,-0.107512],[0.0183224,0.169015,0.985443]]],"btipPosition":[-59.6616,300.731,-17.222],"carpPosition":[-31.14,289.881,79.851],"dipPosition":[-59.2434,304.588,5.27011],"direction":[-0.232605,0.0542874,-0.971055],"extended":false,"handId":978,"id":9780,"length":50.8265,"mcpPosition":[-31.14,289.881,79.851],"pipPosition":[-51.5089,302.783,37.5594],"stabilizedTipPosition":[-79.1925,256.672,105.614],"timeVisible":4.18884,"tipPosition":[-59.7417,303.061,-11.8276],"tipVelocity":[2.84669,22.0067,-221.174],"tool":false,"touchDistance":-0.797038,"touchZone":"hovering","type":0,"width":19.7488},{"bases":[[[0.810846,-0.446176,-0.378756],[0.559022,0.78204,0.275514],[0.173275,-0.435133,0.883536]],[[0.828955,-0.51988,-0.206295],[0.529341,0.84834,-0.0108353],[0.180641,-0.100218,0.97843]],[[0.828955,-0.51988,-0.206295],[0.502224,0.854202,-0.13457],[0.246178,0.00794643,0.969192]],[[0.828955,-0.51988,-0.206295],[0.477561,0.849883,-0.222791],[0.291151,0.0861651,0.952789]]],"btipPosition":[-43.8478,337.851,-66.6328],"carpPosition":[-13.1925,304.055,76.4772],"dipPosition":[-38.9964,339.287,-50.7567],"direction":[-0.246178,-0.00794643,-0.969192],"extended":true,"handId":978,"id":9781,"length":57.352,"mcpPosition":[-25.6247,335.275,13.0846],"pipPosition":[-33.1934,339.474,-27.9107],"stabilizedTipPosition":[-46.3806,305.409,-4.02171],"timeVisible":4.18884,"tipPosition":[-43.2938,336.561,-62.6596],"tipVelocity":[-2.4869,58.2327,-225.754],"tool":false,"touchDistance":-0.928273,"touchZone":"hovering","type":1,"width":18.8641},{"bases":[[[0.719541,-0.6276,-0.297287],[0.691726,0.685607,0.226846],[0.0614537,-0.368866,0.927449]],[[0.718774,-0.623248,-0.308099],[0.241751,0.639551,-0.729747],[0.651859,0.45004,0.610364]],[[0.718774,-0.623248,-0.308099],[-0.595126,-0.322452,-0.736104],[0.359429,0.712451,-0.602682]],[[0.718774,-0.623248,-0.308099],[-0.686167,-0.707304,-0.169988],[-0.111975,0.33359,-0.936044]]],"btipPosition":[-45.471,278.374,13.9999],"carpPosition":[-2.73162,300.303,71.9276],"dipPosition":[-47.5231,284.488,-3.1549],"direction":[-0.359429,-0.712451,0.602682],"extended":false,"handId":978,"id":9782,"length":65.348,"mcpPosition":[-6.91301,325.401,8.82281],"pipPosition":[-37.5552,304.246,-19.8688],"stabilizedTipPosition":[-51.7154,225.301,111.683],"timeVisible":4.18884,"tipPosition":[-45.6966,279.454,11.1881],"tipVelocity":[3.68963,29.0724,-224.489],"tool":false,"touchDistance":0.333333,"touchZone":"none","type":2,"width":18.527},{"bases":[[[0.666535,-0.724927,-0.173814],[0.742972,0.626908,0.234476],[-0.0610124,-0.285425,0.956457]],[[0.66656,-0.724813,-0.174195],[0.399651,0.544719,-0.737265],[0.629267,0.421814,0.65276]],[[0.66656,-0.724813,-0.174195],[-0.543103,-0.312115,-0.779502],[0.510624,0.614191,-0.601691]],[[0.66656,-0.724813,-0.174195],[-0.744874,-0.638405,-0.193911],[0.0293422,0.259007,-0.96543]]],"btipPosition":[-31.6171,271.462,14.8147],"carpPosition":[6.40513,293.718,67.8404],"dipPosition":[-31.0824,276.181,-2.77694],"direction":[-0.510624,-0.614191,0.601691],"extended":false,"handId":978,"id":9783,"length":62.8339,"mcpPosition":[10.1324,311.154,9.41078],"pipPosition":[-17.2872,292.774,-19.0325],"stabilizedTipPosition":[-34.4171,219.525,136.255],"timeVisible":4.18884,"tipPosition":[-31.1838,272.396,12.4314],"tipVelocity":[5.56331,32.1836,-224.599],"tool":false,"touchDistance":0.333333,"touchZone":"none","type":3,"width":17.6296},{"bases":[[[0.52301,-0.846641,-0.098283],[0.82927,0.478827,0.28816],[-0.196908,-0.232214,0.952525]],[[0.491206,-0.870427,0.0327651],[0.567297,0.291144,-0.77033],[0.660977,0.396979,0.636802]],[[0.491206,-0.870427,0.0327651],[-0.542461,-0.335123,-0.770343],[0.681508,0.360624,-0.636787]],[[0.491206,-0.870427,0.0327651],[-0.85115,-0.487642,-0.194293],[0.185096,0.0675501,-0.980396]]],"btipPosition":[-16.2569,272.76,17.0131],"carpPosition":[11.5122,281.332,64.2109],"dipPosition":[-13.1454,273.896,0.532487],"direction":[-0.681508,-0.360624,0.636787],"extended":false,"handId":978,"id":9784,"length":49.2606,"mcpPosition":[22.6474,294.464,10.3455],"pipPosition":[-0.145787,280.775,-11.614],"stabilizedTipPosition":[-26.8507,222.324,149.068],"timeVisible":4.18884,"tipPosition":[-15.3658,272.938,14.5707],"tipVelocity":[5.65111,35.6196,-226.311],"tool":false,"touchDistance":0.333333,"touchZone":"none","type":4,"width":15.66}],"r":[[0.948187,-0.291966,0.125291],[0.274856,0.951609,0.13746],[-0.159362,-0.0959008,0.982551]],"s":0.940415,"t":[5.49562,12.7798,-93.0425],"timestamp":669410496206},false],[3,{"currentFrameRate":52.9778,"devices":[],"gestures":[],"hands":[{"armBasis":[[0.810476,-0.534326,-0.240051],[0.492004,0.843353,-0.216072],[0.317901,0.0570155,0.946408]],"armWidth":62.1429,"confidence":0.656558,"direction":[0.0433567,0.457878,-0.887957],"elbow":[82.005,299.696,321.567],"grabStrength":0,"id":978,"palmNormal":[-0.582167,-0.710722,-0.394912],"palmPosition":[-7.90907,309.772,25.6866],"palmVelocity":[5.4983,26.4193,-177.935],"palmWidth":88.738,"pinchStrength":0.733356,"r":[[0.94864,-0.291538,0.12283],[0.274953,0.951837,0.135674],[-0.156469,-0.0949335,0.98311]],"s":0.942199,"sphereCenter":[-19.1262,271.205,-12.8075],"sphereRadius":51.2266,"stabilizedPalmPosition":[-22.469,264.338,134.731],"t":[5.60028,13.2692,-96.3811],"timeVisible":4.20756,"type":"right","wrist":[-1.70384,284.683,72.3608]}],"id":4966014,"interactionBox":{"center":[0,200,0],"size":[235.247,235.247,147.751]},"pointables":[{"bases":[[[0.855878,0.510131,0.0850864],[-0.40999,0.568961,0.712876],[0.315249,-0.645019,0.69611]],[[0.711113,0.688835,-0.140798],[-0.560532,0.676339,0.477881],[0.424409,-0.260905,0.867067]],[[0.711113,0.688835,-0.140798],[-0.661728,0.723397,0.197007],[0.237558,-0.0469236,0.970239]],[[0.711113,0.688835,-0.140798],[-0.702678,0.703063,-0.109295],[0.023704,0.176657,0.983987]]],"btipPosition":[-59.6549,300.747,-19.2127],"carpPosition":[-30.5535,290.517,77.719],"dipPosition":[-59.1139,304.779,3.24616],"direction":[-0.237558,0.0469236,-0.970239],"extended":false,"handId":978,"id":9780,"length":50.8265,"mcpPosition":[-30.5535,290.517,77.719],"pipPosition":[-51.2146,303.219,35.5083],"stabilizedTipPosition":[-79.1885,256.681,105.59],"timeVisible":4.20756,"tipPosition":[-59.724,303.068,-13.8448],"tipVelocity":[2.3705,12.7537,-165.442],"tool":false,"touchDistance":-0.775643,"touchZone":"hovering","type":0,"width":19.7488},{"bases":[[[0.807666,-0.449601,-0.38149],[0.561844,0.783118,0.266564],[0.178904,-0.429632,0.885104]],[[0.826836,-0.521508,-0.210647],[0.530983,0.847276,-0.0134133],[0.185471,-0.100759,0.97747]],[[0.826836,-0.521508,-0.210647],[0.504015,0.853234,-0.134017],[0.249622,0.00464087,0.968332]],[[0.826836,-0.521508,-0.210647],[0.479619,0.849385,-0.22025],[0.293782,0.0810802,0.952427]]],"btipPosition":[-43.9998,338.235,-69.027],"carpPosition":[-12.6132,304.648,74.129],"dipPosition":[-39.1046,339.586,-53.1569],"direction":[-0.249622,-0.00464087,-0.968332],"extended":true,"handId":978,"id":9781,"length":57.352,"mcpPosition":[-25.4493,335.473,10.6239],"pipPosition":[-33.2204,339.695,-30.3312],"stabilizedTipPosition":[-46.3655,305.552,-4.28607],"timeVisible":4.20756,"tipPosition":[-43.4427,336.896,-65.0592],"tipVelocity":[-4.96884,39.3375,-178.127],"tool":false,"touchDistance":-0.899713,"touchZone":"hovering","type":1,"width":18.8641},{"bases":[[[0.716717,-0.630384,-0.298217],[0.694093,0.686211,0.217599],[0.0674693,-0.362947,0.929364]],[[0.715883,-0.626117,-0.309012],[0.237886,0.634809,-0.735137],[0.656446,0.452763,0.603394]],[[0.715883,-0.626117,-0.309012],[-0.600368,-0.32604,-0.730244],[0.356468,0.70829,-0.609307]],[[0.715883,-0.626117,-0.309012],[-0.688209,-0.707427,-0.160981],[-0.117811,0.327908,-0.937335]]],"btipPosition":[-45.3639,278.614,12.0082],"carpPosition":[-2.18868,300.854,69.5312],"dipPosition":[-47.523,284.623,-5.17022],"direction":[-0.356468,-0.70829,0.609307],"extended":false,"handId":978,"id":9782,"length":65.348,"mcpPosition":[-6.77938,325.549,6.29612],"pipPosition":[-37.6372,304.266,-22.0679],"stabilizedTipPosition":[-51.7138,225.316,111.654],"timeVisible":4.20756,"tipPosition":[-45.611,279.681,9.1736],"tipVelocity":[4.03816,20.5195,-167.11],"tool":false,"touchDistance":0.333333,"touchZone":"none","type":2,"width":18.527},{"bases":[[[0.664457,-0.726847,-0.173752],[0.745322,0.6275,0.225252],[-0.0546938,-0.279172,0.958682]],[[0.664474,-0.72676,-0.174051],[0.39519,0.539394,-0.743558],[0.634271,0.425292,0.645622]],[[0.664474,-0.72676,-0.174051],[-0.548851,-0.316526,-0.773675],[0.507185,0.609615,-0.609207]],[[0.664474,-0.72676,-0.174051],[-0.746958,-0.638732,-0.184596],[0.0229852,0.252668,-0.96728]]],"btipPosition":[-31.5058,271.68,12.8094],"carpPosition":[6.91167,294.231,65.4233],"dipPosition":[-31.087,276.284,-4.81593],"direction":[-0.507185,-0.609615,0.609207],"extended":false,"handId":978,"id":9783,"length":62.8339,"mcpPosition":[10.2529,311.286,6.85771],"pipPosition":[-17.3847,292.754,-21.2745],"stabilizedTipPosition":[-34.4165,219.536,136.229],"timeVisible":4.20756,"tipPosition":[-31.0894,272.599,10.4065],"tipVelocity":[5.05558,21.5097,-167.58],"tool":false,"touchDistance":0.333333,"touchZone":"none","type":3,"width":17.6296},{"bases":[[[0.521317,-0.847896,-0.0964412],[0.831817,0.479664,0.279291],[-0.19055,-0.225821,0.955351]],[[0.490227,-0.870867,0.0356065],[0.563539,0.285532,-0.775175],[0.664907,0.400077,0.630743]],[[0.490227,-0.870867,0.0356065],[-0.546778,-0.339091,-0.76554],[0.678757,0.355819,-0.642403]],[[0.490227,-0.870867,0.0356065],[-0.852814,-0.487698,-0.186704],[0.179959,0.0611615,-0.981771]]],"btipPosition":[-16.1465,272.975,14.8201],"carpPosition":[11.9788,281.816,61.8385],"dipPosition":[-13.1213,274.003,-1.68365],"direction":[-0.678757,-0.355819,0.642403],"extended":false,"handId":978,"id":9784,"length":49.2606,"mcpPosition":[22.7545,294.587,7.81328],"pipPosition":[-0.174229,280.79,-13.9373],"stabilizedTipPosition":[-26.8486,222.333,149.042],"timeVisible":4.20756,"tipPosition":[-15.2677,273.139,12.3471],"tipVelocity":[5.25358,23.2092,-173.281],"tool":false,"touchDistance":0.333333,"touchZone":"none","type":4,"width":15.66}],"r":[[0.94864,-0.291538,0.12283],[0.274953,0.951837,0.135674],[-0.156469,-0.0949335,0.98311]],"s":0.942199,"t":[5.60028,13.2692,-96.3811],"timestamp":669410514925},false],[4,{"currentFrameRate":53.0593,"devices":[],"gestures":[],"hands":[{"armBasis":[[0.805891,-0.540496,-0.24167],[0.500088,0.839915,-0.210841],[0.316941,0.0490589,0.947176]],"armWidth":62.1429,"confidence":0.669621,"direction":[0.0436124,0.453609,-0.890133],"elbow":[81.8635,298.052,320.116],"grabStrength":0,"id":978,"palmNormal":[-0.587739,-0.708837,-0.390017],"palmPosition":[-7.7779,310.052,23.9391],"palmVelocity":[6.25896,20.9355,-137.395],"palmWidth":88.738,"pinchStrength":0.734554,"r":[[0.948704,-0.292272,0.120573],[0.276292,0.951795,0.133228],[-0.153699,-0.0930806,0.983724]],"s":0.943993,"sphereCenter":[-19.4894,271.613,-14.3151],"sphereRadius":51.1341,"stabilizedPalmPosition":[-22.4668,264.345,134.714],"t":[5.71819,13.6539,-98.9242],"timeVisible":4.22612,"type":"right","wrist":[-1.59268,285.134,70.7077]}],"id":4966015,"interactionBox":{"center":[0,200,0],"size":[235.247,235.247,147.751]},"pointables":[{"bases":[[[0.859286,0.505152,0.0803073],[-0.404348,0.574704,0.71149],[0.313257,-0.643846,0.698092]],[[0.715215,0.683554,-0.145674],[-0.55437,0.681775,0.477343],[0.425607,-0.260645,0.866558]],[[0.715215,0.683554,-0.145674],[-0.65676,0.72861,0.194408],[0.239028,-0.0433703,0.970044]],[[0.715215,0.683554,-0.145674],[-0.698398,0.706931,-0.111754],[0.0265919,0.181666,0.983001]]],"btipPosition":[-59.6641,301.157,-20.7548],"carpPosition":[-30.3896,291.173,76.1231],"dipPosition":[-59.0572,305.304,1.68156],"direction":[-0.239028,0.0433703,-0.970044],"extended":false,"handId":978,"id":9780,"length":50.8265,"mcpPosition":[-30.3896,291.173,76.1231],"pipPosition":[-51.1091,303.862,33.9372],"stabilizedTipPosition":[-79.1863,256.686,105.577],"timeVisible":4.22612,"tipPosition":[-59.7179,303.459,-15.4086],"tipVelocity":[1.37808,17.972,-125.724],"tool":false,"touchDistance":-0.749621,"touchZone":"hovering","type":0,"width":19.7488},{"bases":[[[0.803728,-0.456345,-0.381799],[0.567492,0.780782,0.261404],[0.178811,-0.426766,0.886509]],[[0.822906,-0.527064,-0.212203],[0.536812,0.843592,-0.0135785],[0.186169,-0.102739,0.977131]],[[0.822906,-0.527064,-0.212203],[0.510116,0.849825,-0.132587],[0.250217,0.000858627,0.968189]],[[0.822906,-0.527064,-0.212203],[0.485929,0.846404,-0.217883],[0.294447,0.0761814,0.952626]]],"btipPosition":[-43.8064,338.81,-70.825],"carpPosition":[-12.3722,305.175,72.4175],"dipPosition":[-38.9001,340.079,-54.9516],"direction":[-0.250217,-0.000858627,-0.968189],"extended":true,"handId":978,"id":9781,"length":57.352,"mcpPosition":[-25.2016,335.795,8.81163],"pipPosition":[-33.0019,340.099,-32.1293],"stabilizedTipPosition":[-46.3562,305.637,-4.44456],"timeVisible":4.22612,"tipPosition":[-43.2493,337.465,-66.8692],"tipVelocity":[2.54768,34.8061,-138.791],"tool":false,"touchDistance":-0.865034,"touchZone":"hovering","type":1,"width":18.8641},{"bases":[[[0.711898,-0.63618,-0.297449],[0.69899,0.682832,0.212493],[0.0679239,-0.359188,0.93079]],[[0.711062,-0.631972,-0.308224],[0.240115,0.630258,-0.738322],[0.66086,0.450984,0.599898]],[[0.711062,-0.631972,-0.308224],[-0.604299,-0.325167,-0.727385],[0.359462,0.703476,-0.613114]],[[0.711062,-0.631972,-0.308224],[-0.693114,-0.703721,-0.156107],[-0.118249,0.324637,-0.938418]]],"btipPosition":[-45.4736,279.076,10.4764],"carpPosition":[-1.98498,301.295,67.8067],"dipPosition":[-47.6408,285.026,-6.72191],"direction":[-0.359462,-0.703476,0.613114],"extended":false,"handId":978,"id":9782,"length":65.348,"mcpPosition":[-6.60661,325.735,4.47455],"pipPosition":[-37.6719,304.535,-23.7252],"stabilizedTipPosition":[-51.7129,225.325,111.637],"timeVisible":4.22612,"tipPosition":[-45.7254,280.138,7.6207],"tipVelocity":[-0.827083,22.2947,-126.302],"tool":false,"touchDistance":0.333333,"touchZone":"none","type":2,"width":18.527},{"bases":[[[0.659402,-0.731756,-0.1724],[0.749875,0.623836,0.220262],[-0.0536284,-0.27452,0.960085]],[[0.65941,-0.731714,-0.172546],[0.396515,0.533506,-0.747093],[0.638713,0.424224,0.641935]],[[0.65941,-0.731714,-0.172546],[-0.552956,-0.31657,-0.770729],[0.50933,0.603637,-0.613356]],[[0.65941,-0.731714,-0.172546],[-0.751464,-0.63485,-0.17963],[0.0218974,0.248112,-0.968484]]],"btipPosition":[-31.6524,272.054,11.2974],"carpPosition":[7.06185,294.597,63.7023],"dipPosition":[-31.2534,276.575,-6.34986],"direction":[-0.50933,-0.603637,0.613356],"extended":false,"handId":978,"id":9783,"length":62.8339,"mcpPosition":[10.338,311.368,5.05104],"pipPosition":[-17.4931,292.883,-22.9205],"stabilizedTipPosition":[-34.4162,219.542,136.214],"timeVisible":4.22612,"tipPosition":[-31.239,272.959,8.8734],"tipVelocity":[-1.33522,20.3333,-126.039],"tool":false,"touchDistance":0.333333,"touchZone":"none","type":3,"width":17.6296},{"bases":[[[0.515737,-0.85156,-0.0941301],[0.835604,0.475707,0.274716],[-0.189159,-0.220337,0.956907]],[[0.484889,-0.873745,0.0381184],[0.562827,0.278389,-0.778283],[0.669409,0.398835,0.626755]],[[0.484889,-0.873745,0.0381184],[-0.551293,-0.339197,-0.762247],[0.678939,0.348591,-0.646162]],[[0.484889,-0.873745,0.0381184],[-0.8564,-0.4832,-0.181924],[0.177374,0.0555683,-0.982573]]],"btipPosition":[-16.2783,273.258,13.2752],"carpPosition":[12.041,282.135,60.1588],"dipPosition":[-13.2966,274.193,-3.24208],"direction":[-0.678939,-0.348591,0.646162],"extended":false,"handId":978,"id":9784,"length":49.2606,"mcpPosition":[22.738,294.595,6.04561],"pipPosition":[-0.345982,280.842,-15.5675],"stabilizedTipPosition":[-26.8475,222.338,149.028],"timeVisible":4.22612,"tipPosition":[-15.4079,273.407,10.774],"tipVelocity":[-0.988046,18.8053,-129.789],"tool":false,"touchDistance":0.333333,"touchZone":"none","type":4,"width":15.66}],"r":[[0.948704,-0.292272,0.120573],[0.276292,0.951795,0.133228],[-0.153699,-0.0930806,0.983724]],"s":0.943993,"t":[5.71819,13.6539,-98.9242],"timestamp":669410533479},false],[5,{"currentFrameRate":53.0053,"devices":[],"gestures":[],"hands":[{"armBasis":[[0.806333,-0.5371,-0.247689],[0.49544,0.842085,-0.213147],[0.323056,0.049153,0.945102]],"armWidth":62.1429,"confidence":0.648443,"direction":[0.0403034,0.461455,-0.886248],"elbow":[83.8283,298.476,317.364],"grabStrength":0,"id":978,"palmNormal":[-0.587803,-0.706303,-0.394492],"palmPosition":[-7.59881,310.85,21.9723],"palmVelocity":[7.80644,31.2621,-120.522],"palmWidth":88.738,"pinchStrength":0.735803,"r":[[0.948908,-0.292781,0.1177],[0.277145,0.95161,0.132775],[-0.150879,-0.0933707,0.984133]],"s":0.945792,"sphereCenter":[-19.4902,272.956,-16.5532],"sphereRadius":51.0483,"stabilizedPalmPosition":[-22.4647,264.352,134.698],"t":[5.8667,14.2453,-101.179],"timeVisible":4.24517,"type":"right","wrist":[-1.23813,285.533,68.5024]}],"id":4966016,"interactionBox":{"center":[0,200,0],"size":[235.247,235.247,147.751]},"pointables":[{"bases":[[[0.858748,0.505759,0.0822154],[-0.403129,0.567823,0.71768],[0.316289,-0.64945,0.691503]],[[0.713919,0.68577,-0.14156],[-0.553563,0.676537,0.48566],[0.428821,-0.26836,0.86261]],[[0.713919,0.68577,-0.14156],[-0.657472,0.726046,0.201461],[0.240935,-0.0507554,0.969213]],[[0.713919,0.68577,-0.14156],[-0.69966,0.706756,-0.104749],[0.0282146,0.173826,0.984372]]],"btipPosition":[-59.5596,302.264,-22.6346],"carpPosition":[-30.0282,291.48,74.0548],"dipPosition":[-58.9157,306.232,-0.166897],"direction":[-0.240935,0.0507554,-0.969213],"extended":false,"handId":978,"id":9780,"length":50.8265,"mcpPosition":[-30.0282,291.48,74.0548],"pipPosition":[-50.9041,304.544,32.0611],"stabilizedTipPosition":[-79.1835,256.693,105.559],"timeVisible":4.24517,"tipPosition":[-59.6148,304.483,-17.2782],"tipVelocity":[3.62284,36.685,-112.169],"tool":false,"touchDistance":-0.731081,"touchZone":"touching","type":0,"width":19.7488},{"bases":[[[0.803296,-0.451738,-0.388134],[0.567069,0.77934,0.266574],[0.182067,-0.434237,0.882207]],[[0.823039,-0.523466,-0.220431],[0.536275,0.844041,-0.00204884],[0.187125,-0.116525,0.9754]],[[0.823039,-0.523466,-0.220431],[0.509887,0.851928,-0.119305],[0.250244,-0.0142022,0.968079]],[[0.823039,-0.523466,-0.220431],[0.486001,0.849896,-0.203664],[0.293955,0.060494,0.953903]]],"btipPosition":[-43.7434,340.906,-72.4607],"carpPosition":[-12.043,305.541,70.4194],"dipPosition":[-38.8453,341.914,-56.5661],"direction":[-0.250244,0.0142022,-0.968079],"extended":true,"handId":978,"id":9781,"length":57.352,"mcpPosition":[-25.1061,336.697,7.12207],"pipPosition":[-32.9465,341.58,-33.7463],"stabilizedTipPosition":[-46.3401,305.79,-4.72244],"timeVisible":4.24517,"tipPosition":[-43.1933,339.498,-68.53],"tipVelocity":[2.87252,70.3419,-112.533],"tool":false,"touchDistance":-0.831326,"touchZone":"hovering","type":1,"width":18.8641},{"bases":[[[0.711989,-0.632447,-0.305096],[0.698571,0.682026,0.216422],[0.071208,-0.367221,0.927404]],[[0.711118,-0.628159,-0.315798],[0.237379,0.637304,-0.73314],[0.661788,0.446385,0.60231]],[[0.711118,-0.628159,-0.315798],[-0.605733,-0.319354,-0.728766],[0.35693,0.709528,-0.607595]],[[0.711118,-0.628159,-0.315798],[-0.692537,-0.703296,-0.160526],[-0.121263,0.332854,-0.935149]]],"btipPosition":[-45.2938,279.944,8.31809],"carpPosition":[-1.66358,301.718,65.7443],"dipPosition":[-47.5162,286.044,-8.82029],"direction":[-0.35693,-0.709528,0.607595],"extended":false,"handId":978,"id":9782,"length":65.348,"mcpPosition":[-6.50866,326.704,2.64257],"pipPosition":[-37.6176,305.721,-25.6705],"stabilizedTipPosition":[-51.712,225.334,111.62],"timeVisible":4.24517,"tipPosition":[-45.5587,281.036,5.45601],"tipVelocity":[3.90561,34.6442,-119.5],"tool":false,"touchDistance":0.333333,"touchZone":"none","type":2,"width":18.527},{"bases":[[[0.660006,-0.729195,-0.180736],[0.749568,0.623044,0.223524],[-0.0503864,-0.283002,0.957795]],[[0.659994,-0.729265,-0.180499],[0.394328,0.540774,-0.743014],[0.639463,0.419209,0.644477]],[[0.659994,-0.729265,-0.180499],[-0.554117,-0.310297,-0.772444],[0.507309,0.609826,-0.608892]],[[0.659994,-0.729265,-0.180499],[-0.751022,-0.634261,-0.183518],[0.0193498,0.256679,-0.966303]]],"btipPosition":[-31.4626,272.94,9.01884],"carpPosition":[7.38134,295.071,61.5549],"dipPosition":[-31.1101,277.617,-8.58872],"direction":[-0.507309,-0.609826,0.608892],"extended":false,"handId":978,"id":9783,"length":62.8339,"mcpPosition":[10.4594,312.359,3.04353],"pipPosition":[-17.4044,294.093,-25.0388],"stabilizedTipPosition":[-34.4158,219.549,136.2],"timeVisible":4.24517,"tipPosition":[-31.0622,273.868,6.56826],"tipVelocity":[3.95851,34.1806,-122.601],"tool":false,"touchDistance":0.333333,"touchZone":"none","type":3,"width":17.6296},{"bases":[[[0.516755,-0.849903,-0.103099],[0.835683,0.474576,0.276427],[-0.186008,-0.229003,0.955489]],[[0.486321,-0.873296,0.0290703],[0.560117,0.286038,-0.777464],[0.670642,0.39438,0.628255]],[[0.486321,-0.873296,0.0290703],[-0.553009,-0.333377,-0.763571],[0.676515,0.355264,-0.64507]],[[0.486321,-0.873296,0.0290703],[-0.856195,-0.482911,-0.18365],[0.174419,0.0644228,-0.982562]]],"btipPosition":[-16.075,274.139,11.0116],"carpPosition":[12.3691,282.648,57.8877],"dipPosition":[-13.143,275.221,-5.50548],"direction":[-0.676515,-0.355264,0.64507],"extended":false,"handId":978,"id":9784,"length":49.2606,"mcpPosition":[22.8878,295.598,3.85477],"pipPosition":[-0.238631,281.998,-17.81],"stabilizedTipPosition":[-26.8464,222.343,149.015],"timeVisible":4.24517,"tipPosition":[-15.2126,274.31,8.50425],"tipVelocity":[4.46458,33.1933,-124.348],"tool":false,"touchDistance":0.333333,"touchZone":"none","type":4,"width":15.66}],"r":[[0.948908,-0.292781,0.1177],[0.277145,0.95161,0.132775],[-0.150879,-0.0933707,0.984133]],"s":0.945792,"t":[5.8667,14.2453,-101.179],"timestamp":669410552539},false],[6,{"currentFrameRate":52.9722,"devices":[],"gestures":[],"hands":[{"armBasis":[[0.809357,-0.534829,-0.242693],[0.491902,0.843063,-0.217434],[0.320895,0.0566005,0.945422]],"armWidth":62.1429,"confidence":0.654601,"direction":[0.0370153,0.460416,-0.886931],"elbow":[83.4746,300.948,316.129],"grabStrength":0,"id":978,"palmNormal":[-0.586722,-0.708447,-0.39225],"palmPosition":[-7.55894,311.283,20.6349],"palmVelocity":[4.99756,27.0929,-95.8541],"palmWidth":88.738,"pinchStrength":0.736893,"r":[[0.94928,-0.292628,0.115048],[0.277356,0.951651,0.132039],[-0.148123,-0.0934326,0.984546]],"s":0.947407,"sphereCenter":[-19.5698,273.51,-17.7894],"sphereRadius":50.9684,"stabilizedPalmPosition":[-22.4627,264.358,134.683],"t":[5.96089,14.7575,-102.975],"timeVisible":4.26417,"type":"right","wrist":[-1.02264,286.044,67.1831]}],"id":4966017,"interactionBox":{"center":[0,200,0],"size":[235.247,235.247,147.751]},"pointables":[{"bases":[[[0.857519,0.508254,0.0796196],[-0.403087,0.567629,0.717857],[0.319659,-0.64767,0.691623]],[[0.712023,0.687303,-0.143657],[-0.553542,0.67532,0.487375],[0.431989,-0.267502,0.861295]],[[0.712023,0.687303,-0.143657],[-0.65904,0.724754,0.200993],[0.242259,-0.0484359,0.969002]],[[0.712023,0.687303,-0.143657],[-0.701602,0.704536,-0.106692],[0.0278823,0.176757,0.983859]]],"btipPosition":[-59.5386,302.516,-23.8136],"carpPosition":[-29.8165,291.918,72.793],"dipPosition":[-58.9022,306.551,-1.35767],"direction":[-0.24226,0.0484359,-0.969002],"extended":false,"handId":978,"id":9780,"length":50.8265,"mcpPosition":[-29.8165,291.918,72.793],"pipPosition":[-50.8467,304.94,30.8633],"stabilizedTipPosition":[-79.1807,256.7,105.542],"timeVisible":4.26417,"tipPosition":[-59.6078,304.692,-18.478],"tipVelocity":[2.33855,25.5663,-87.5806],"tool":false,"touchDistance":-0.704032,"touchZone":"touching","type":0,"width":19.7488},{"bases":[[[0.803673,-0.450003,-0.389368],[0.565496,0.781261,0.264285],[0.185269,-0.432584,0.882353]],[[0.82395,-0.521033,-0.222781],[0.534621,0.845092,0.000808461],[0.187849,-0.119769,0.974868]],[[0.82395,-0.521033,-0.222781],[0.508407,0.853344,-0.115442],[0.250258,-0.0181448,0.968009]],[[0.82395,-0.521033,-0.222781],[0.484688,0.851683,-0.199281],[0.293571,0.056218,0.954283]]],"btipPosition":[-43.8332,341.571,-73.7741],"carpPosition":[-11.8789,306.025,69.0987],"dipPosition":[-38.9415,342.508,-57.8732],"direction":[-0.250258,0.0181448,-0.968009],"extended":true,"handId":978,"id":9781,"length":57.352,"mcpPosition":[-25.1717,337.062,5.79101],"pipPosition":[-33.0424,342.08,-35.0551],"stabilizedTipPosition":[-46.3211,305.978,-5.06317],"timeVisible":4.26417,"tipPosition":[-43.2791,340.156,-69.857],"tipVelocity":[-0.906337,52.5254,-91.1397],"tool":false,"touchDistance":-0.796206,"touchZone":"hovering","type":1,"width":18.8641},{"bases":[[[0.713057,-0.630858,-0.30589],[0.697155,0.684248,0.213961],[0.0743258,-0.365819,0.927713]],[[0.712153,-0.626598,-0.316565],[0.234304,0.637222,-0.7342],[0.661771,0.44869,0.600614]],[[0.712153,-0.626598,-0.316565],[-0.606301,-0.321654,-0.727281],[0.353889,0.709869,-0.608974]],[[0.712153,-0.626598,-0.316565],[-0.690971,-0.705335,-0.15831],[-0.124087,0.331478,-0.935267]]],"btipPosition":[-45.2049,280.262,7.078],"carpPosition":[-1.49941,302.224,64.4051],"dipPosition":[-47.479,286.337,-10.0625],"direction":[-0.353889,-0.709869,0.608974],"extended":false,"handId":978,"id":9782,"length":65.348,"mcpPosition":[-6.55663,327.115,1.28234],"pipPosition":[-37.6648,306.023,-26.951],"stabilizedTipPosition":[-51.7111,225.342,111.605],"timeVisible":4.26417,"tipPosition":[-45.4823,281.354,4.19944],"tipVelocity":[3.97871,25.689,-92.8277],"tool":false,"touchDistance":0.333333,"touchZone":"none","type":2,"width":18.527},{"bases":[[[0.661626,-0.727589,-0.181288],[0.748333,0.625417,0.221024],[-0.0474339,-0.281899,0.958271]],[[0.661598,-0.727755,-0.180724],[0.391799,0.540989,-0.744194],[0.639361,0.421549,0.64305]],[[0.661598,-0.727755,-0.180724],[-0.554493,-0.312557,-0.771262],[0.504803,0.610476,-0.610322]],[[0.661598,-0.727755,-0.180724],[-0.749666,-0.63646,-0.181437],[0.017018,0.255521,-0.966654]]],"btipPosition":[-31.3552,273.3,7.74591],"carpPosition":[7.5545,295.597,60.2039],"dipPosition":[-31.0451,277.956,-9.86804],"direction":[-0.504803,-0.610476,0.610322],"extended":false,"handId":978,"id":9783,"length":62.8339,"mcpPosition":[10.4522,312.818,1.6634],"pipPosition":[-17.4072,294.449,-26.3567],"stabilizedTipPosition":[-34.4155,219.554,136.185],"timeVisible":4.26417,"tipPosition":[-30.9671,274.226,5.26178],"tipVelocity":[4.54045,26.5652,-95.2784],"tool":false,"touchDistance":0.333333,"touchZone":"none","type":3,"width":17.6296},{"bases":[[[0.518887,-0.848594,-0.103171],[0.834979,0.477258,0.273923],[-0.18321,-0.228281,0.956202]],[[0.488617,-0.871987,0.0298564],[0.560743,0.287627,-0.776426],[0.668446,0.396117,0.629501]],[[0.488617,-0.871987,0.0298564],[-0.550736,-0.334784,-0.764598],[0.676715,0.357152,-0.643816]],[[0.488617,-0.871987,0.0298564],[-0.854822,-0.48529,-0.183774],[0.174737,0.064273,-0.982515]]],"btipPosition":[-15.9672,274.54,9.55728],"carpPosition":[12.5685,283.183,56.5414],"dipPosition":[-13.0298,275.62,-6.95899],"direction":[-0.676715,-0.357152,0.643816],"extended":false,"handId":978,"id":9784,"length":49.2606,"mcpPosition":[22.9291,296.092,2.46815],"pipPosition":[-0.121671,282.433,-19.2396],"stabilizedTipPosition":[-26.8453,222.348,149.002],"timeVisible":4.26417,"tipPosition":[-15.1099,274.715,7.04222],"tipVelocity":[5.09172,27.2312,-100.821],"tool":false,"touchDistance":0.333333,"touchZone":"none","type":4,"width":15.66}],"r":[[0.94928,-0.292628,0.115048],[0.277356,0.951651,0.132039],[-0.148123,-0.0934326,0.984546]],"s":0.947407,"t":[5.96