{"sensorType":"Leap","data":[[0,{"currentFrameRate":51.7523,"devices":[],"gestures":[],"hands":[{"armBasis":[[0.820132,-0.519639,-0.239497],[0.485889,0.853546,-0.188073],[0.302152,0.0378763,0.952507]],"armWidth":62.1429,"confidence":0.640803,"direction":[0.0666969,0.487497,-0.870573],"elbow":[77.9027,315.818,331.97],"grabStrength":0,"id":978,"palmNormal":[-0.562881,-0.702036,-0.436245],"palmPosition":[-6.64255,332.419,35.1645],"palmVelocity":[-1.24667,53.2327,-212.794],"palmWidth":88.738,"pinchStrength":0.448249,"r":[[0.977144,-0.212543,0.00386557],[0.208793,0.963005,0.17037],[-0.0399335,-0.165669,0.985373]],"s":0.947083,"sphereCenter":[-15.7049,295.599,-4.06059],"sphereRadius":51.093,"stabilizedPalmPosition":[-13.0555,299.163,117.894],"t":[7.0013,35.4199,-86.246],"timeVisible":0.264331,"type":"right","wrist":[-1.65907,305.845,81.158]}],"id":4965807,"interactionBox":{"center":[0,200,0],"size":[235.247,235.247,147.751]},"pointables":[{"bases":[[[0.847983,0.514152,0.128735],[-0.437325,0.541497,0.718003],[0.299453,-0.665153,0.684031]],[[0.713987,0.694493,-0.0888875],[-0.594633,0.668495,0.446684],[0.36964,-0.266071,0.890265]],[[0.713987,0.694493,-0.0888875],[-0.640475,0.69913,0.31782],[0.282868,-0.169989,0.943975]],[[0.713987,0.694493,-0.0888875],[-0.699729,0.712221,-0.0558571],[0.0245151,0.102078,0.994474]]],"btipPosition":[-58.6754,327.532,-11.6313],"carpPosition":[-30.7152,311.256,85.7958],"dipPosition":[-58.1159,329.862,11.0669],"direction":[-0.282868,0.169989,-0.943975],"extended":false,"handId":978,"id":9780,"length":50.8265,"mcpPosition":[-30.7152,311.256,85.7958],"pipPosition":[-48.71,324.209,42.4557],"stabilizedTipPosition":[-64.0528,304.476,44.9879],"timeVisible":0.264331,"tipPosition":[-59.2658,329.091,-6.17023],"tipVelocity":[7.66768,38.6299,-213.461],"tool":false,"touchDistance":0.218572,"touchZone":"hovering","type":0,"width":19.7488},{"bases":[[[0.823346,-0.429904,-0.370519],[0.545888,0.778488,0.309779],[0.15527,-0.457317,0.875644]],[[0.837858,-0.507238,-0.201749],[0.52594,0.849083,0.0494457],[0.146221,-0.147536,0.978188]],[[0.837858,-0.507238,-0.201749],[0.47958,0.860512,-0.171821],[0.260762,0.0472069,0.964248]],[[0.837858,-0.507238,-0.201749],[0.429964,0.840919,-0.328613],[0.33634,0.188586,0.922665]]],"btipPosition":[-41.8232,360.386,-58.6755],"carpPosition":[-12.8052,325.648,83.2396],"dipPosition":[-36.2189,363.529,-43.3014],"direction":[-0.260762,-0.0472069,-0.964248],"extended":true,"handId":978,"id":9781,"length":57.352,"mcpPosition":[-23.9457,358.46,20.4133],"pipPosition":[-30.0722,364.641,-20.5719],"stabilizedTipPosition":[-43.8028,342.762,-23.1921],"timeVisible":0.264331,"tipPosition":[-41.0214,359.969,-54.7434],"tipVelocity":[11.7252,93.3663,-218.427],"tool":false,"touchDistance":-0.0865711,"touchZone":"hovering","type":1,"width":18.8641},{"bases":[[[0.731548,-0.614109,-0.296155],[0.680502,0.684371,0.261828],[0.0418889,-0.393074,0.918552]],[[0.730544,-0.60598,-0.314793],[0.133952,0.579201,-0.804104],[0.669599,0.545266,0.504304]],[[0.730544,-0.60598,-0.314793],[-0.630335,-0.421111,-0.652183],[0.262647,0.674873,-0.689611]],[[0.730544,-0.60598,-0.314793],[-0.662811,-0.740151,-0.113395],[-0.164279,0.291488,-0.942363]]],"btipPosition":[-40.8068,299.152,29.0391],"carpPosition":[-2.20736,322.096,78.8493],"dipPosition":[-43.8176,304.494,11.7685],"direction":[-0.262647,-0.674873,0.68961],"extended":false,"handId":978,"id":9782,"length":65.348,"mcpPosition":[-5.05754,348.841,16.3499],"pipPosition":[-36.5337,323.21,-7.35619],"stabilizedTipPosition":[-41.6568,265.55,101.807],"timeVisible":0.264331,"tipPosition":[-41.5966,300.325,24.9559],"tipVelocity":[6.69132,47.2082,-217.874],"tool":false,"touchDistance":0.333333,"touchZone":"none","type":2,"width":18.527},{"bases":[[[0.676344,-0.715091,-0.176644],[0.732017,0.625868,0.269148],[-0.0819097,-0.311343,0.946761]],[[0.676748,-0.713514,-0.18141],[0.341762,0.52272,-0.781001],[0.652082,0.466542,0.597602]],[[0.676748,-0.713514,-0.18141],[-0.572853,-0.355568,-0.73852],[0.46244,0.603713,-0.649368]],[[0.676748,-0.713514,-0.18141],[-0.736198,-0.654224,-0.173216],[0.00490946,0.250777,-0.968032]]],"btipPosition":[-28.9144,293.501,26.119],"carpPosition":[7.07834,315.69,74.8135],"dipPosition":[-28.825,298.071,8.47997],"direction":[-0.46244,-0.603713,0.649368],"extended":false,"handId":978,"id":9783,"length":62.8339,"mcpPosition":[12.0822,334.71,16.9762],"pipPosition":[-16.3315,314.381,-9.06362],"stabilizedTipPosition":[-25.9441,258.606,115.452],"timeVisible":0.264331,"tipPosition":[-28.5648,294.531,23.3245],"tipVelocity":[6.21774,50.622,-226.196],"tool":false,"touchDistance":0.333333,"touchZone":"none","type":3,"width":17.6296},{"bases":[[[0.532009,-0.839835,-0.107906],[0.81817,0.477044,0.320977],[-0.218092,-0.259048,0.94092]],[[0.505952,-0.862527,-0.00776328],[0.503948,0.302893,-0.808884],[0.700035,0.405344,0.587918]],[[0.505952,-0.862527,-0.00776328],[-0.587243,-0.337853,-0.735528],[0.631789,0.376701,-0.67745]],[[0.505952,-0.862527,-0.00776328],[-0.849491,-0.496704,-0.177903],[0.14959,0.0966051,-0.984017]]],"btipPosition":[-14.0017,295.306,26.9632],"carpPosition":[12.3711,303.444,70.9823],"dipPosition":[-11.4871,296.93,10.4216],"direction":[-0.631789,-0.376701,0.67745],"extended":false,"handId":978,"id":9784,"length":49.2606,"mcpPosition":[24.7042,318.093,17.7732],"pipPosition":[0.564143,304.115,-2.50054],"stabilizedTipPosition":[-11.1992,261.377,122.808],"timeVisible":0.264331,"tipPosition":[-13.1686,295.688,24.6166],"tipVelocity":[6.48578,53.4752,-227.144],"tool":false,"touchDistance":0.333333,"touchZone":"none","type":4,"width":15.66}],"r":[[0.977144,-0.212543,0.00386557],[0.208793,0.963005,0.17037],[-0.0399335,-0.165669,0.985373]],"s":0.947083,"t":[7.0013,35.4199,-86.246],"timestamp":669406571695},false],[1,{"currentFrameRate":51.8856,"devices":[],"gestures":[],"hands":[{"armBasis":[[0.817858,-0.51852,-0.24949],[0.475358,0.853155,-0.214852],[0.324259,0.0571218,0.944242]],"armWidth":62.1429,"confidence":0.615142,"direction":[0.0653484,0.493935,-0.86704],"elbow":[83.572,320.921,326.424],"grabStrength":0,"id":978,"palmNormal":[-0.563568,-0.698784,-0.440559],"palmPosition":[-6.86579,332.795,32.0014],"palmVelocity":[-6.44099,37.0062,-191.119],"palmWidth":88.738,"pinchStrength":0.451772,"r":[[0.976499,-0.215511,0.00212985],[0.21181,0.961463,0.175289],[-0.0398244,-0.170718,0.984515]],"s":0.947788,"sphereCenter":[-16.0093,296.347,-7.50338],"sphereRadius":51.1097,"stabilizedPalmPosition":[-13.0494,299.196,117.809],"t":[6.87476,36.1007,-89.8255],"timeVisible":0.283114,"type":"right","wrist":[-1.81108,305.88,77.7889]}],"id":4965808,"interactionBox":{"center":[0,200,0],"size":[235.247,235.247,147.751]},"pointables":[{"bases":[[[0.848189,0.513183,0.131222],[-0.4362,0.536161,0.722676],[0.300509,-0.670204,0.678616]],[[0.713798,0.695184,-0.0849237],[-0.592946,0.6644,0.45496],[0.372704,-0.274394,0.886453]],[[0.713798,0.695184,-0.0849237],[-0.641245,0.697489,0.319864],[0.281598,-0.173861,0.94365]],[[0.713798,0.695184,-0.0849237],[-0.700082,0.711624,-0.0589632],[0.0194434,0.101541,0.994641]]],"btipPosition":[-58.8113,328.079,-14.7226],"carpPosition":[-30.8599,311.257,82.5119],"dipPosition":[-58.3676,330.397,7.97942],"direction":[-0.281598,0.173861,-0.94365],"extended":false,"handId":978,"id":9780,"length":50.8265,"mcpPosition":[-30.8599,311.257,82.5119],"pipPosition":[-49.0039,324.616,39.3574],"stabilizedTipPosition":[-64.0351,304.556,44.8074],"timeVisible":0.283114,"tipPosition":[-59.4272,329.624,-9.26992],"tipVelocity":[-0.301221,33.921,-189.571],"tool":false,"touchDistance":0.167065,"touchZone":"hovering","type":0,"width":19.7488},{"bases":[[[0.822763,-0.427147,-0.374976],[0.546379,0.77617,0.31469],[0.156626,-0.463794,0.871988]],[[0.837536,-0.505444,-0.20751],[0.526262,0.848367,0.0576425],[0.14691,-0.157482,0.976533]],[[0.837536,-0.505444,-0.20751],[0.482474,0.862397,-0.153265],[0.256423,0.0282461,0.966152]],[[0.837536,-0.505444,-0.20751],[0.43605,0.847177,-0.303566],[0.329233,0.163762,0.929939]]],"btipPosition":[-41.8773,362.148,-61.715],"carpPosition":[-12.9537,325.667,80.0346],"dipPosition":[-36.3913,364.877,-46.2196],"direction":[-0.256423,-0.0282461,-0.966152],"extended":true,"handId":978,"id":9781,"length":57.352,"mcpPosition":[-24.1915,358.944,17.4705],"pipPosition":[-30.3469,365.542,-23.4453],"stabilizedTipPosition":[-43.7611,343.023,-23.6492],"timeVisible":0.283114,"tipPosition":[-41.1395,361.553,-57.7568],"tipVelocity":[3.88807,91.0981,-190.063],"tool":false,"touchDistance":-0.136764,"touchZone":"hovering","type":1,"width":18.8641},{"bases":[[[0.731079,-0.611898,-0.301835],[0.680917,0.682411,0.265833],[0.0433131,-0.39987,0.915548]],[[0.730045,-0.603626,-0.320422],[0.132628,0.585093,-0.800048],[0.670406,0.541574,0.507202]],[[0.730045,-0.603626,-0.320422],[-0.631454,-0.41651,-0.654053],[0.261344,0.67982,-0.685233]],[[0.730045,-0.603626,-0.320422],[-0.662919,-0.739426,-0.117419],[-0.166052,0.298135,-0.939969]]],"btipPosition":[-41.0285,299.581,25.6943],"carpPosition":[-2.36276,322.148,75.6016],"dipPosition":[-44.0717,305.045,8.46761],"direction":[-0.261344,-0.67982,0.685233],"extended":false,"handId":978,"id":9782,"length":65.348,"mcpPosition":[-5.30984,349.356,13.3066],"pipPosition":[-36.8239,323.898,-10.5357],"stabilizedTipPosition":[-41.657,265.621,101.645],"timeVisible":0.283114,"tipPosition":[-41.8282,300.782,21.6185],"tipVelocity":[-2.53182,36.043,-198.179],"tool":false,"touchDistance":0.333333,"touchZone":"none","type":2,"width":18.527},{"bases":[[[0.67606,-0.713763,-0.18299],[0.732443,0.623855,0.272639],[-0.0804404,-0.31835,0.944554]],[[0.676457,-0.712148,-0.187754],[0.341339,0.529059,-0.776907],[0.652606,0.461457,0.600969]],[[0.676457,-0.712148,-0.187754],[-0.573374,-0.349243,-0.741129],[0.462221,0.608995,-0.644575]],[[0.676457,-0.712148,-0.187754],[-0.73647,-0.652658,-0.177899],[0.00415142,0.258616,-0.965971]]],"btipPosition":[-29.169,293.947,22.6306],"carpPosition":[6.91657,315.772,71.504],"dipPosition":[-29.0934,298.66,5.02903],"direction":[-0.462221,-0.608995,0.644575],"extended":false,"handId":978,"id":9783,"length":62.8339,"mcpPosition":[11.8306,335.22,13.8014],"pipPosition":[-16.6059,315.113,-12.3851],"stabilizedTipPosition":[-25.9477,258.647,115.344],"timeVisible":0.283114,"tipPosition":[-28.8282,295.001,19.8214],"tipVelocity":[-3.51975,38.3638,-206.212],"tool":false,"touchDistance":0.333333,"touchZone":"none","type":3,"width":17.6296},{"bases":[[[0.531829,-0.839013,-0.114954],[0.818675,0.474652,0.323229],[-0.216631,-0.266013,0.939313]],[[0.505819,-0.862517,-0.0145596],[0.506165,0.31042,-0.804635],[0.69853,0.39963,0.593592]],[[0.505819,-0.862517,-0.0145596],[-0.584994,-0.330565,-0.740614],[0.63398,0.383134,-0.671773]],[[0.505819,-0.862517,-0.0145596],[-0.849195,-0.494896,-0.184244],[0.151708,0.105558,-0.982773]]],"btipPosition":[-14.2777,295.734,23.3207],"carpPosition":[12.2032,303.555,67.5739],"dipPosition":[-11.7275,297.509,6.80014],"direction":[-0.633979,-0.383134,0.671773],"extended":false,"handId":978,"id":9784,"length":49.2606,"mcpPosition":[24.4537,318.598,14.4557],"pipPosition":[0.36551,304.817,-6.01374],"stabilizedTipPosition":[-11.201,261.402,122.734],"timeVisible":0.283114,"tipPosition":[-13.4392,296.143,20.9618],"tipVelocity":[-3.64323,39.4101,-210.797],"tool":false,"touchDistance":0.333333,"touchZone":"none","type":4,"width":15.66}],"r":[[0.976499,-0.215511,0.00212985],[0.21181,0.961463,0.175289],[-0.0398244,-0.170718,0.984515]],"s":0.947788,"t":[6.87476,36.1007,-89.8255],"timestamp":669406590478},false],[2,{"currentFrameRate":52.0177,"devices":[],"gestures":[],"hands":[{"armBasis":[[0.817675,-0.519203,-0.248667],[0.475494,0.852616,-0.216681],[0.324519,0.0589351,0.944041]],"armWidth":62.1429,"confidence":0.629434,"direction":[0.060177,0.497262,-0.865511],"elbow":[84.1215,321.075,323.971],"grabStrength":0,"id":978,"palmNormal":[-0.568777,-0.695466,-0.439112],"palmPosition":[-6.65543,332.67,29.749],"palmVelocity":[2.1708,15.7094,-156.544],"palmWidth":88.738,"pinchStrength":0.458003,"r":[[0.975857,-0.218407,-0.000915587],[0.215013,0.959942,0.17967],[-0.0383623,-0.175529,0.983726]],"s":0.948446,"sphereCenter":[-16.2534,296.56,-9.82809],"sphereRadius":51.07,"stabilizedPalmPosition":[-13.0465,299.211,117.768],"t":[6.91667,36.3784,-92.7415],"timeVisible":0.301854,"type":"right","wrist":[-1.33017,305.556,75.3883]}],"id":4965809,"interactionBox":{"center":[0,200,0],"size":[235.247,235.247,147.751]},"pointables":[{"bases":[[[0.850553,0.51035,0.126895],[-0.429282,0.53441,0.728095],[0.303769,-0.673757,0.673629]],[[0.71494,0.693674,-0.0876198],[-0.586747,0.663391,0.46437],[0.380248,-0.280586,0.881296]],[[0.71494,0.693674,-0.0876198],[-0.639169,0.699216,0.32025],[0.283414,-0.172956,0.943272]],[[0.71494,0.693674,-0.0876198],[-0.69896,0.712263,-0.0643219],[0.0177899,0.107229,0.994075]]],"btipPosition":[-58.6691,327.956,-16.6064],"carpPosition":[-30.3278,310.993,80.3516],"dipPosition":[-58.2631,330.404,6.08276],"direction":[-0.283414,0.172955,-0.943272],"extended":false,"handId":978,"id":9780,"length":50.8265,"mcpPosition":[-30.3278,310.993,80.3516],"pipPosition":[-48.8391,324.653,37.4482],"stabilizedTipPosition":[-64.0267,304.593,44.7208],"timeVisible":0.301854,"tipPosition":[-59.3151,329.547,-11.1546],"tipVelocity":[3.31859,14.9632,-146.238],"tool":false,"touchDistance":0.13562,"touchZone":"hovering","type":0,"width":19.7488},{"bases":[[[0.818746,-0.427852,-0.38288],[0.550853,0.773408,0.313689],[0.16191,-0.467742,0.868909]],[[0.834555,-0.506464,-0.216821],[0.529418,0.846145,0.0612813],[0.152425,-0.165932,0.974286]],[[0.834555,-0.506464,-0.216821],[0.486995,0.862193,-0.139495],[0.257591,0.0108257,0.966193]],[[0.834555,-0.506464,-0.216821],[0.442703,0.850753,-0.283255],[0.32792,0.140405,0.934214]]],"btipPosition":[-41.9408,363.282,-63.7091],"carpPosition":[-12.4014,325.364,77.7976],"dipPosition":[-36.4767,365.621,-48.1425],"direction":[-0.257591,-0.0108257,-0.966193],"extended":true,"handId":978,"id":9781,"length":57.352,"mcpPosition":[-24.0183,358.924,15.4545],"pipPosition":[-30.4048,365.877,-25.3672],"stabilizedTipPosition":[-43.6846,343.54,-24.5558],"timeVisible":0.301854,"tipPosition":[-41.2486,362.507,-59.7372],"tipVelocity":[0.209668,73.8612,-148.858],"tool":false,"touchDistance":-0.169727,"touchZone":"hovering","type":1,"width":18.8641},{"bases":[[[0.72711,-0.612648,-0.309796],[0.684763,0.679483,0.263443],[0.0491035,-0.403689,0.913578]],[[0.725958,-0.604293,-0.328352],[0.128131,0.587918,-0.798708],[0.675698,0.537756,0.504233]],[[0.725958,-0.604293,-0.328352],[-0.637586,-0.412378,-0.650714],[0.257817,0.681743,-0.684658]],[[0.725958,-0.604293,-0.328352],[-0.66573,-0.737278,-0.115],[-0.172593,0.302078,-0.937529]]],"btipPosition":[-40.9445,299.581,23.5765],"carpPosition":[-1.85375,321.834,73.2708],"dipPosition":[-44.1076,305.117,6.39447],"direction":[-0.257817,-0.681743,0.684658],"extended":false,"handId":978,"id":9782,"length":65.348,"mcpPosition":[-5.19481,349.302,11.1098],"pipPosition":[-36.9576,324.023,-12.5929],"stabilizedTipPosition":[-41.657,265.655,101.566],"timeVisible":0.301854,"tipPosition":[-41.7748,300.798,19.5093],"tipVelocity":[0.169983,18.9023,-156.395],"tool":false,"touchDistance":0.333333,"touchZone":"none","type":2,"width":18.527},{"bases":[[[0.672708,-0.714844,-0.190951],[0.736178,0.620761,0.269625],[-0.0742047,-0.321952,0.943843]],[[0.67308,-0.713179,-0.195803],[0.33884,0.532704,-0.775508],[0.657381,0.455634,0.600207]],[[0.67308,-0.713179,-0.195803],[-0.578456,-0.342701,-0.740233],[0.460817,0.611499,-0.643208]],[[0.67308,-0.713179,-0.195803],[-0.739569,-0.649361,-0.177109],[-0.000836505,0.264018,-0.964517]]],"btipPosition":[-29.1688,293.933,20.2175],"carpPosition":[7.37701,315.45,69.0777],"dipPosition":[-29.184,298.744,2.64251],"direction":[-0.460817,-0.611499,0.643208],"extended":false,"handId":978,"id":9783,"length":62.8339,"mcpPosition":[11.9101,335.118,11.4186],"pipPosition":[-16.7344,315.264,-14.7346],"stabilizedTipPosition":[-25.9494,258.666,115.29],"timeVisible":0.301854,"tipPosition":[-28.8479,294.999,17.4034],"tipVelocity":[-2.34137,19.8729,-168.299],"tool":false,"touchDistance":0.333333,"touchZone":"none","type":3,"width":17.6296},{"bases":[[[0.528651,-0.839978,-0.122335],[0.822379,0.471121,0.318963],[-0.210287,-0.269226,0.939839]],[[0.503037,-0.864015,-0.0207912],[0.504415,0.313039,-0.804719],[0.701797,0.394316,0.593292]],[[0.503037,-0.864015,-0.0207912],[-0.588298,-0.324691,-0.740595],[0.633135,0.384778,-0.671629]],[[0.503037,-0.864015,-0.0207912],[-0.851479,-0.491329,-0.183246],[0.148112,0.109883,-0.982847]]],"btipPosition":[-14.2753,295.675,20.7847],"carpPosition":[12.6005,303.234,65.0588],"dipPosition":[-11.7855,297.522,4.26286],"direction":[-0.633135,-0.384778,0.671629],"extended":false,"handId":978,"id":9784,"length":49.2606,"mcpPosition":[24.4922,318.459,11.9108],"pipPosition":[0.291373,304.862,-8.54828],"stabilizedTipPosition":[-11.2018,261.414,122.698],"timeVisible":0.301854,"tipPosition":[-13.4439,296.089,18.4018],"tipVelocity":[-2.16561,19.0825,-174.015],"tool":false,"touchDistance":0.333333,"touchZone":"none","type":4,"width":15.66}],"r":[[0.975857,-0.218407,-0.000915587],[0.215013,0.959942,0.17967],[-0.0383623,-0.175529,0.983726]],"s":0.948446,"t":[6.91667,36.3784,-92.7415],"timestamp":669406609218},false],[3,{"currentFrameRate":52.0641,"devices":[],"gestures":[],"hands":[{"armBasis":[[0.821406,-0.511093,-0.253133],[0.468535,0.857756,-0.211493],[0.325219,0.0551203,0.944031]],"armWidth":62.1429,"confidence":0.623852,"direction":[0.0545801,0.493389,-0.868095],"elbow":[84.5843,321.691,320.432],"grabStrength":0,"id":978,"palmNormal":[-0.56027,-0.7045,-0.435634],"palmPosition":[-6.68208,333.985,26.0686],"palmVelocity":[0.410982,42.0102,-174.675],"palmWidth":88.738,"pinchStrength":0.464101,"r":[[0.975858,-0.218384,-0.0030687],[0.215277,0.959411,0.182169],[-0.0368388,-0.178432,0.983262]],"s":0.949129,"sphereCenter":[-15.9008,297.725,-13.3104],"sphereRadius":51.0219,"stabilizedPalmPosition":[-13.0445,299.222,117.74],"t":[6.9243,37.1747,-96.0397],"timeVisible":0.320891,"type":"right","wrist":[-1.05165,307.177,71.8517]}],"id":4965810,"interactionBox":{"center":[0,200,0],"size":[235.247,235.247,147.751]},"pointables":[{"bases":[[[0.844356,0.521119,0.124487],[-0.43591,0.533071,0.725133],[0.31152,-0.666536,0.677263]],[[0.706582,0.701741,-0.0911166],[-0.593758,0.65799,0.463143],[0.38496,-0.273147,0.881588]],[[0.706582,0.701741,-0.0911166],[-0.649691,0.694356,0.309471],[0.280436,-0.159469,0.946533]],[[0.706582,0.701741,-0.0911166],[-0.707602,0.701845,-0.0819355],[0.00645224,0.122368,0.992464]]],"btipPosition":[-58.3269,328.1,-20.2671],"carpPosition":[-30.114,312.293,76.7768],"dipPosition":[-58.1796,330.893,2.38529],"direction":[-0.280436,0.159469,-0.946533],"extended":false,"handId":978,"id":9780,"length":50.8265,"mcpPosition":[-30.114,312.293,76.7768],"pipPosition":[-48.8547,325.591,33.8592],"stabilizedTipPosition":[-64.0226,304.61,44.6775],"timeVisible":0.320891,"tipPosition":[-59.0645,329.769,-14.8421],"tipVelocity":[9.00246,13.379,-169.157],"tool":false,"touchDistance":0.0744674,"touchZone":"hovering","type":0,"width":19.7488},{"bases":[[[0.823941,-0.420061,-0.380356],[0.541467,0.781562,0.309796],[0.167138,-0.461204,0.87141]],[[0.840608,-0.497247,-0.214763],[0.519717,0.85214,0.0612534],[0.15255,-0.163106,0.974743]],[[0.840608,-0.497247,-0.214763],[0.479868,0.867584,-0.13048],[0.251206,0.00662436,0.967911]],[[0.840608,-0.497247,-0.214763],[0.438763,0.857617,-0.268291],[0.317591,0.131297,0.939094]]],"btipPosition":[-41.9564,364.445,-67.6741],"carpPosition":[-12.3593,326.864,74.153],"dipPosition":[-36.6644,366.633,-52.0262],"direction":[-0.251206,-0.00662436,-0.967911],"extended":true,"handId":978,"id":9781,"length":57.352,"mcpPosition":[-24.3512,359.955,11.6304],"pipPosition":[-30.743,366.789,-29.2104],"stabilizedTipPosition":[-43.6366,343.889,-25.1997],"timeVisible":0.320891,"tipPosition":[-41.3215,363.56,-63.6845],"tipVelocity":[-1.32241,66.6593,-177.66],"tool":false,"touchDistance":-0.235498,"touchZone":"hovering","type":1,"width":18.8641},{"bases":[[[0.734486,-0.605551,-0.30633],[0.676507,0.688979,0.260089],[0.0535577,-0.398267,0.915705]],[[0.733241,-0.597303,-0.32494],[0.12135,0.585152,-0.801792],[0.669053,0.548476,0.50154]],[[0.733241,-0.597303,-0.32494],[-0.632453,-0.423588,-0.648519],[0.249722,0.68103,-0.688358]],[[0.733241,-0.597303,-0.32494],[-0.656772,-0.745882,-0.110957],[-0.176092,0.29477,-0.939203]]],"btipPosition":[-40.5613,300.463,20.0692],"carpPosition":[-1.76851,323.436,69.6484],"dipPosition":[-43.7885,305.866,2.85648],"direction":[-0.249722,-0.68103,0.688358],"extended":false,"handId":978,"id":9782,"length":65.348,"mcpPosition":[-5.41265,350.535,7.34264],"pipPosition":[-36.8631,324.752,-16.2335],"stabilizedTipPosition":[-41.6568,265.675,101.519],"timeVisible":0.320891,"tipPosition":[-41.4075,301.647,15.9932],"tipVelocity":[9.62422,31.6438,-170.3],"tool":false,"touchDistance":0.333333,"touchZone":"none","type":2,"width":18.527},{"bases":[[[0.68126,-0.707763,-0.186967],[0.728617,0.630907,0.266597],[-0.0707284,-0.317849,0.9455]],[[0.681621,-0.706091,-0.191908],[0.334425,0.533906,-0.776598],[0.65081,0.465166,0.600056]],[[0.681621,-0.706091,-0.191908],[-0.572796,-0.35171,-0.740408],[0.455299,0.614602,-0.644179]],[[0.681621,-0.706091,-0.191908],[-0.731702,-0.658561,-0.175811],[-0.00224474,0.260256,-0.965537]]],"btipPosition":[-28.7577,294.942,16.582],"carpPosition":[7.53937,317.14,65.4919],"dipPosition":[-28.7987,299.684,-1.01162],"direction":[-0.455299,-0.614602,0.644179],"extended":false,"handId":978,"id":9783,"length":62.8339,"mcpPosition":[11.8601,336.558,7.73168],"pipPosition":[-16.4981,316.289,-18.415],"stabilizedTipPosition":[-25.9504,258.679,115.256],"timeVisible":0.320891,"tipPosition":[-28.4516,296,13.7501],"tipVelocity":[9.30213,35.7976,-179.585],"tool":false,"touchDistance":0.333333,"touchZone":"none","type":3,"width":17.6296},{"bases":[[[0.538679,-0.834243,-0.117741],[0.816577,0.482567,0.31675],[-0.207428,-0.266771,0.941173]],[[0.513197,-0.858128,-0.0156599],[0.502879,0.315429,-0.804747],[0.695515,0.405118,0.593412]],[[0.513197,-0.858128,-0.0156599],[-0.582311,-0.334727,-0.740858],[0.63051,0.389325,-0.671479]],[[0.513197,-0.858128,-0.0156599],[-0.845217,-0.502137,-0.182936],[0.149119,0.107118,-0.983]]],"btipPosition":[-13.8779,296.856,17.1851],"carpPosition":[12.9097,304.967,61.5391],"dipPosition":[-11.3712,298.657,0.660672],"direction":[-0.63051,-0.389325,0.671479],"extended":false,"handId":978,"id":9784,"length":49.2606,"mcpPosition":[24.6398,320.053,8.31566],"pipPosition":[0.655601,306.083,-12.1476],"stabilizedTipPosition":[-11.2023,261.422,122.672],"timeVisible":0.320891,"tipPosition":[-13.0498,297.269,14.7729],"tipVelocity":[9.29072,39.9803,-181.458],"tool":false,"touchDistance":0.333333,"touchZone":"none","type":4,"width":15.66}],"r":[[0.975858,-0.218384,-0.0030687],[0.215277,0.959411,0.182169],[-0.0368388,-0.178432,0.983262]],"s":0.949129,"t":[6.9243,37.1747,-96.0397],"timestamp":669406628255},false],[4,{"currentFrameRate":52.1857,"devices":[],"gestures":[],"hands":[{"armBasis":[[0.821591,-0.511083,-0.25255],[0.474879,0.858669,-0.192812],[0.3154,0.0384818,0.948178]],"armWidth":62.1429,"confidence":0.506885,"direction":[0.0556152,0.492785,-0.868372],"elbow":[81.9176,317.738,318.47],"grabStrength":0,"id":978,"palmNormal":[-0.55982,-0.70476,-0.435792],"palmPosition":[-6.7086,334.382,22.9895],"palmVelocity":[-0.479347,31.8712,-169.717],"palmWidth":88.738,"pinchStrength":0.468344,"r":[[0.975854,-0.218376,-0.00453638],[0.215462,0.959004,0.184084],[-0.0358492,-0.180617,0.9829]],"s":0.950275,"sphereCenter":[-15.9852,298.344,-16.3579],"sphereRadius":50.9593,"stabilizedPalmPosition":[-13.0433,299.229,117.722],"t":[6.91486,37.7713,-99.2283],"timeVisible":0.339609,"type":"right","wrist":[-1.13283,307.605,68.7976]}],"id":4965811,"interactionBox":{"center":[0,200,0],"size":[235.247,235.247,147.751]},"pointables":[{"bases":[[[0.844251,0.521144,0.125099],[-0.436705,0.533604,0.724262],[0.310691,-0.66609,0.678082]],[[0.706685,0.70167,-0.0908525],[-0.593273,0.657628,0.464277],[0.385517,-0.274198,0.881018]],[[0.706685,0.70167,-0.0908525],[-0.651559,0.695451,0.303017],[0.275801,-0.154942,0.948645]],[[0.706685,0.70167,-0.0908525],[-0.707526,0.700555,-0.0928971],[-0.00153604,0.12993,0.991522]]],"btipPosition":[-58.104,328.262,-23.3791],"carpPosition":[-30.2004,312.727,73.6857],"dipPosition":[-58.1391,331.227,-0.748213],"direction":[-0.275801,0.154942,-0.948645],"extended":false,"handId":978,"id":9780,"length":50.8265,"mcpPosition":[-30.2004,312.727,73.6857],"pipPosition":[-48.9682,326.075,30.7959],"stabilizedTipPosition":[-64.0206,304.618,44.6565],"timeVisible":0.339609,"tipPosition":[-58.8852,329.961,-17.9764],"tipVelocity":[9.32602,12.0978,-167.873],"tool":false,"touchDistance":0.0225181,"touchZone":"hovering","type":0,"width":19.7488},{"bases":[[[0.824347,-0.420384,-0.379117],[0.541168,0.781737,0.309879],[0.166101,-0.460614,0.87192]],[[0.840805,-0.497058,-0.214432],[0.520496,0.851161,0.0678957],[0.148768,-0.168698,0.974376]],[[0.840805,-0.497058,-0.214432],[0.483901,0.86768,-0.113888],[0.242667,-0.008006,0.970077]],[[0.840805,-0.497058,-0.214432],[0.446223,0.860643,-0.245313],[0.306484,0.110576,0.945431]]],"btipPosition":[-41.4195,365.757,-70.9326],"carpPosition":[-12.4417,327.294,71.0724],"dipPosition":[-36.3127,367.6,-55.1792],"direction":[-0.242667,0.008006,-0.970077],"extended":true,"handId":978,"id":9781,"length":57.352,"mcpPosition":[-24.3592,360.343,8.51315],"pipPosition":[-30.5925,367.411,-32.3123],"stabilizedTipPosition":[-43.5991,344.135,-25.665],"timeVisible":0.339609,"tipPosition":[-40.8844,364.684,-66.9256],"tipVelocity":[12.1836,66.2767,-175.288],"tool":false,"touchDistance":-0.288796,"touchZone":"hovering","type":1,"width":18.8641},{"bases":[[[0.734793,-0.605816,-0.305066],[0.676258,0.689109,0.260391],[0.0524748,-0.397637,0.916041]],[[0.73357,-0.597577,-0.323693],[0.122249,0.584546,-0.802098],[0.668529,0.548824,0.501858]],[[0.73357,-0.597577,-0.323693],[-0.631817,-0.424193,-0.648743],[0.250366,0.680413,-0.688734]],[[0.73357,-0.597577,-0.323693],[-0.656631,-0.746022,-0.110844],[-0.175244,0.293859,-0.939647]]],"btipPosition":[-40.5738,300.865,16.9838],"carpPosition":[-1.84595,323.863,66.5822],"dipPosition":[-43.7855,306.25,-0.237023],"direction":[-0.250366,-0.680413,0.688734],"extended":false,"handId":978,"id":9782,"length":65.348,"mcpPosition":[-5.41641,350.919,4.25366],"pipPosition":[-36.8422,325.12,-19.3374],"stabilizedTipPosition":[-41.6567,265.686,101.493],"timeVisible":0.339609,"tipPosition":[-41.4179,302.044,12.9041],"tipVelocity":[4.70382,26.5684,-167.686],"tool":false,"touchDistance":0.333333,"touchZone":"none","type":2,"width":18.527},{"bases":[[[0.681423,-0.707941,-0.185694],[0.728356,0.631038,0.266999],[-0.0718396,-0.31719,0.945637]],[[0.681794,-0.706251,-0.190702],[0.336701,0.534384,-0.775285],[0.649453,0.464375,0.602135]],[[0.681794,-0.706251,-0.190702],[-0.570957,-0.350755,-0.742279],[0.457346,0.614964,-0.642382]],[[0.681794,-0.706251,-0.190702],[-0.731544,-0.658223,-0.177722],[-0.0000077747,0.260677,-0.965426]]],"btipPosition":[-28.7999,295.342,13.3814],"carpPosition":[7.46624,317.563,62.4409],"dipPosition":[-28.8001,300.092,-4.21022],"direction":[-0.457346,-0.614964,0.642382],"extended":false,"handId":978,"id":9783,"length":62.8339,"mcpPosition":[11.8549,336.94,4.67224],"pipPosition":[-16.4442,316.706,-21.5651],"stabilizedTipPosition":[-25.9509,258.686,115.236],"timeVisible":0.339609,"tipPosition":[-28.4941,296.399,10.5343],"tipVelocity":[3.91769,28.8088,-175.387],"tool":false,"touchDistance":0.333333,"touchZone":"none","type":3,"width":17.6296},{"bases":[[[0.538753,-0.834364,-0.116545],[0.816248,0.482727,0.317355],[-0.20853,-0.266106,0.941118]],[[0.513007,-0.858271,-0.0139587],[0.505732,0.315346,-0.80299],[0.693585,0.40488,0.595829]],[[0.513007,-0.858271,-0.0139587],[-0.579788,-0.334468,-0.742951],[0.632985,0.389232,-0.6692]],[[0.513007,-0.858271,-0.0139587],[-0.844809,-0.501946,-0.185332],[0.152058,0.106869,-0.982577]]],"btipPosition":[-13.9151,297.252,14.0178],"carpPosition":[12.8402,305.387,58.5026],"dipPosition":[-11.359,299.049,-2.49949],"direction":[-0.632985,-0.389232,0.6692],"extended":false,"handId":978,"id":9784,"length":49.2606,"mcpPosition":[24.6327,320.435,5.28232],"pipPosition":[0.715029,306.473,-15.2643],"stabilizedTipPosition":[-11.2026,261.427,122.657],"timeVisible":0.339609,"tipPosition":[-13.0838,297.663,11.5823],"tipVelocity":[4.09332,30.7961,-175.45],"tool":false,"touchDistance":0.333333,"touchZone":"none","type":4,"width":15.66}],"r":[[0.975854,-0.218376,-0.00453638],[0.215462,0.959004,0.184084],[-0.0358492,-0.180617,0.9829]],"s":0.950275,"t":[6.91486,37.7713,-99.2283],"timestamp":669406646973},false],[5,{"currentFrameRate":52.2425,"devices":[],"gestures":[],"hands":[{"armBasis":[[0.816652,-0.517252,-0.255989],[0.476607,0.854572,-0.206284],[0.325462,0.0464564,0.944413]],"armWidth":62.1429,"confidence":0.53674,"direction":[0.0532392,0.488137,-0.871142],"elbow":[84.8555,319.631,315.602],"grabStrength":0,"id":978,"palmNormal":[-0.566503,-0.703645,-0.428903],"palmPosition":[-6.54065,333.979,21.0144],"palmVelocity":[4.1115,5.7876,-137.605],"palmWidth":88.738,"pinchStrength":0.469658,"r":[[0.975588,-0.219508,-0.00666126],[0.216946,0.958609,0.184399],[-0.0340914,-0.181342,0.982829]],"s":0.951602,"sphereCenter":[-16.4184,298.048,-18.0727],"sphereRadius":50.8762,"stabilizedPalmPosition":[-13.0428,299.231,117.714],"t":[6.99411,37.8683,-101.81],"timeVisible":0.358543,"type":"right","wrist":[-0.844357,307.398,66.9215]}],"id":4965812,"interactionBox":{"center":[0,200,0],"size":[235.247,235.247,147.751]},"pointables":[{"bases":[[[0.847991,0.516837,0.117434],[-0.429242,0.539724,0.724189],[0.310906,-0.664513,0.679529]],[[0.710183,0.697081,-0.0985803],[-0.585857,0.662813,0.466316],[0.3904,-0.273415,0.879108]],[[0.710183,0.697081,-0.0985803],[-0.646229,0.701024,0.301585],[0.279336,-0.150475,0.948329]],[[0.710183,0.697081,-0.0985803],[-0.704014,0.703592,-0.096549],[0.00205784,0.137969,0.990434]]],"btipPosition":[-58.1928,327.878,-24.9786],"carpPosition":[-29.8519,312.713,71.958],"dipPosition":[-58.1458,331.027,-2.37252],"direction":[-0.279336,0.150475,-0.948329],"extended":false,"handId":978,"id":9780,"length":50.8265,"mcpPosition":[-29.8519,312.713,71.958],"pipPosition":[-48.8574,326.024,29.1611],"stabilizedTipPosition":[-64.0206,304.618,44.6565],"timeVisible":0.358543,"tipPosition":[-58.9308,329.599,-19.6003],"tipVelocity":[2.93432,-2.69542,-127.073],"tool":false,"touchDistance":-0.0542352,"touchZone":"hovering","type":0,"width":19.7488},{"bases":[[[0.819603,-0.427049,-0.381942],[0.547539,0.780103,0.302721],[0.168677,-0.45724,0.873201]],[[0.836576,-0.502337,-0.218629],[0.526184,0.847858,0.0653275],[0.15255,-0.16969,0.973619]],[[0.836576,-0.502337,-0.218629],[0.490784,0.864512,-0.108393],[0.243457,-0.0166207,0.969769]],[[0.836576,-0.502337,-0.218629],[0.454706,0.859254,-0.234362],[0.305586,0.0966496,0.947247]]],"btipPosition":[-41.3499,365.862,-72.9226],"carpPosition":[-12.0251,327.164,69.1655],"dipPosition":[-36.258,367.472,-57.1389],"direction":[-0.243457,0.0166207,-0.969769],"extended":true,"handId":978,"id":9781,"length":57.352,"mcpPosition":[-24.1275,359.97,6.51443],"pipPosition":[-30.5192,367.08,-34.2793],"stabilizedTipPosition":[-43.5779,344.272,-25.9356],"timeVisible":0.358543,"tipPosition":[-40.8269,364.693,-68.9209],"tipVelocity":[7.91697,35.058,-140.645],"tool":false,"touchDistance":-0.317995,"touchZone":"hovering","type":1,"width":18.8641},{"bases":[[[0.729425,-0.611587,-0.306431],[0.68179,0.686447,0.252889],[0.0556846,-0.393385,0.917686]],[[0.728136,-0.60343,-0.3251],[0.120736,0.579796,-0.805766],[0.674715,0.547457,0.495026]],[[0.728136,-0.60343,-0.3251],[-0.63823,-0.423917,-0.642617],[0.249959,0.675401,-0.693797]],[[0.728136,-0.60343,-0.3251],[-0.661528,-0.742836,-0.10284],[-0.179439,0.289944,-0.940071]]],"btipPosition":[-40.6256,300.636,15.3882],"carpPosition":[-1.47669,323.649,64.6292],"dipPosition":[-43.9142,305.95,-1.84041],"direction":[-0.249959,-0.675401,0.693797],"extended":false,"handId":978,"id":9782,"length":65.348,"mcpPosition":[-5.26554,350.415,2.18871],"pipPosition":[-36.9822,324.681,-21.0812],"stabilizedTipPosition":[-41.6567,265.691,101.481],"timeVisible":0.358543,"tipPosition":[-41.4899,301.798,11.306],"tipVelocity":[0.592845,7.17363,-126.776],"tool":false,"touchDistance":0.333333,"touchZone":"none","type":2,"width":18.527},{"bases":[[[0.676184,-0.712807,-0.186232],[0.73359,0.628107,0.259475],[-0.0679816,-0.31207,0.947624]],[[0.676538,-0.711124,-0.191309],[0.337597,0.530382,-0.77764],[0.654465,0.461518,0.598896]],[[0.676538,-0.711124,-0.191309],[-0.57557,-0.348569,-0.739742],[0.459364,0.610576,-0.645122]],[[0.676538,-0.711124,-0.191309],[-0.736404,-0.654093,-0.172832],[-0.00222898,0.257809,-0.966193]]],"btipPosition":[-28.9605,295.036,11.5119],"carpPosition":[7.7738,317.275,60.4637],"dipPosition":[-29.0011,299.733,-6.09365],"direction":[-0.459364,-0.610576,0.645122],"extended":false,"handId":978,"id":9783,"length":62.8339,"mcpPosition":[11.9268,336.339,2.57368],"pipPosition":[-16.5907,316.229,-23.5225],"stabilizedTipPosition":[-25.9511,258.689,115.228],"timeVisible":0.358543,"tipPosition":[-28.6629,296.081,8.66121],"tipVelocity":[-2.4109,6.41511,-137.834],"tool":false,"touchDistance":0.333333,"touchZone":"none","type":3,"width":17.6296},{"bases":[[[0.533203,-0.838052,-0.115599],[0.820923,0.479539,0.310044],[-0.204399,-0.260214,0.943668]],[[0.507706,-0.861448,-0.0119016],[0.505654,0.309142,-0.805447],[0.69753,0.402912,0.592548]],[[0.507706,-0.861448,-0.0119016],[-0.583668,-0.333766,-0.740225],[0.633693,0.382763,-0.672254]],[[0.507706,-0.861448,-0.0119016],[-0.848495,-0.497582,-0.180192],[0.149304,0.101583,-0.983559]]],"btipPosition":[-14.0388,296.86,12.1131],"carpPosition":[13.0534,305.048,56.5542],"dipPosition":[-11.529,298.568,-4.4207],"direction":[-0.633693,-0.382763,0.672254],"extended":false,"handId":978,"id":9784,"length":49.2606,"mcpPosition":[24.6122,319.763,3.1897],"pipPosition":[0.558528,305.869,-17.2438],"stabilizedTipPosition":[-11.2027,261.43,122.65],"timeVisible":0.358543,"tipPosition":[-13.2176,297.251,9.65382],"tipVelocity":[-1.40078,4.97684,-138.795],"tool":false,"touchDistance":0.333333,"touchZone":"none","type":4,"width":15.66}],"r":[[0.975588,-0.219508,-0.00666126],[0.216946,0.958609,0.184399],[-0.0340914,-0.181342,0.982829]],"s":0.951602,"t":[6.99411,37.8683,-101.81],"timestamp":669406665907},false],[6,{"currentFrameRate":52.276,"devices":[],"gestures":[],"hands":[{"armBasis":[[0.821681,-0.513866,-0.24654],[0.472697,0.856096,-0.208945],[0.318432,0.0551471,0.94634]],"armWidth":62.1429,"confidence":0.549635,"direction":[0.0482523,0.486821,-0.872168],"elbow":[83.4357,321.919,313.091],"grabStrength":0,"id":978,"palmNormal":[-0.565258,-0.706599,-0.425677],"palmPosition":[-6.37537,333.876,17.9707],"palmVelocity":[6.36854,0.273452,-148.696],"palmWidth":88.738,"pinchStrength":0.470364,"r":[[0.975537,-0.219652,-0.00897601],[0.217516,0.958526,0.184162],[-0.0318478,-0.181609,0.982855]],"s":0.95319,"sphereCenter":[-16.4263,298.11,-20.9761],"sphereRadius":50.7752,"stabilizedPalmPosition":[-13.0425,299.233,117.711],"t":[7.11638,37.8654,-104.623],"timeVisible":0.37755,"type":"right","wrist":[-0.413041,307.398,63.9034]}],"id":4965813,"interactionBox":{"center":[0,200,0],"size":[235.247,235.247,147.751]},"pointables":[{"bases":[[[0.846373,0.520348,0.113537],[-0.428789,0.539306,0.724768],[0.315901,-0.662108,0.679574]],[[0.70713,0.69965,-0.102262],[-0.586126,0.660897,0.468691],[0.395504,-0.271487,0.877423]],[[0.70713,0.69965,-0.102262],[-0.648237,0.699227,0.301446],[0.282411,-0.146871,0.947984]],[[0.70713,0.69965,-0.102262],[-0.707078,0.70028,-0.0982285],[0.00288632,0.141767,0.989896]]],"btipPosition":[-58.1337,327.473,-27.7975],"carpPosition":[-29.4232,312.608,69.0332],"dipPosition":[-58.0678,330.709,-5.20372],"direction":[-0.282411,0.146871,-0.947984],"extended":false,"handId":978,"id":9780,"length":50.8265,"mcpPosition":[-29.4232,312.608,69.0332],"pipPosition":[-48.6771,325.825,26.3184],"stabilizedTipPosition":[-64.0206,304.618,44.6565],"timeVisible":0.37755,"tipPosition":[-58.8546,329.187,-22.4363],"tipVelocity":[3.13398,-11.3481,-137.601],"tool":false,"touchDistance":-0.101264,"touchZone":"touching","type":0,"width":19.7488},{"bases":[[[0.819912,-0.424512,-0.384101],[0.54555,0.782762,0.299431],[0.173547,-0.455053,0.873389]],[[0.837709,-0.498713,-0.222551],[0.523371,0.849518,0.0663523],[0.15597,-0.172061,0.97266]],[[0.837709,-0.498713,-0.222551],[0.489162,0.86641,-0.100267],[0.242825,-0.0248692,0.969751]],[[0.837709,-0.498713,-0.222551],[0.454727,0.862655,-0.221471],[0.302435,0.0843288,0.949432]]],"btipPosition":[-41.4132,366.164,-75.9447],"carpPosition":[-11.663,327.124,66.1527],"dipPosition":[-36.3738,367.569,-60.1246],"direction":[-0.242825,0.0248692,-0.969751],"extended":true,"handId":978,"id":9781,"length":57.352,"mcpPosition":[-24.1149,359.773,3.48815],"pipPosition":[-30.6499,366.983,-37.2654],"stabilizedTipPosition":[-43.5678,344.34,-26.0773],"timeVisible":0.37755,"tipPosition":[-40.8867,364.908,-71.9548],"tipVelocity":[2.06812,24.3965,-149.465],"tool":false,"touchDistance":-0.359735,"touchZone":"hovering","type":1,"width":18.8641},{"bases":[[[0.730724,-0.609268,-0.307951],[0.67999,0.689544,0.249286],[0.0604639,-0.391563,0.918163]],[[0.729337,-0.601145,-0.326638],[0.115559,0.578817,-0.807228],[0.674324,0.550995,0.491621]],[[0.729337,-0.601145,-0.326638],[-0.638904,-0.427708,-0.639428],[0.244683,0.675049,-0.696017]],[[0.729337,-0.601145,-0.326638],[-0.658913,-0.74569,-0.0988927],[-0.184122,0.287352,-0.939962]]],"btipPosition":[-40.3406,300.396,12.5314],"carpPosition":[-1.11701,323.642,61.5852],"dipPosition":[-43.715,305.663,-4.69522],"direction":[-0.244683,-0.675049,0.696017],"extended":false,"handId":978,"id":9782,"length":65.348,"mcpPosition":[-5.23105,350.284,-0.887747],"pipPosition":[-36.9293,324.383,-23.9976],"stabilizedTipPosition":[-41.6566,265.693,101.475],"timeVisible":0.37755,"tipPosition":[-41.2262,301.546,8.4487],"tipVelocity":[7.1719,-2.85615,-138.347],"tool":false,"touchDistance":0.333333,"touchZone":"none","type":2,"width":18.527},{"bases":[[[0.678304,-0.710485,-0.18739],[0.73204,0.631419,0.255789],[-0.0634129,-0.31068,0.948397]],[[0.678635,-0.708805,-0.192486],[0.334092,0.531293,-0.778531],[0.654093,0.464031,0.59736]],[[0.678635,-0.708805,-0.192486],[-0.575785,-0.35071,-0.738562],[0.45599,0.612044,-0.646123]],[[0.678635,-0.708805,-0.192486],[-0.734456,-0.65684,-0.170693],[-0.00544392,0.257211,-0.96634]]],"btipPosition":[-28.7039,294.835,8.49565],"carpPosition":[8.14356,317.297,57.398],"dipPosition":[-28.803,299.521,-9.11258],"direction":[-0.45599,-0.612044,0.646123],"extended":false,"handId":978,"id":9783,"length":62.8339,"mcpPosition":[12.0174,336.276,-0.539267],"pipPosition":[-16.4839,316.056,-26.5685],"stabilizedTipPosition":[-25.9512,258.69,115.223],"timeVisible":0.37755,"tipPosition":[-28.4225,295.879,5.62567],"tipVelocity":[5.07446,-2.0205,-148.119],"tool":false,"touchDistance":0.333333,"touchZone":"none","type":3,"width":17.6296},{"bases":[[[0.536065,-0.836164,-0.116034],[0.820132,0.48328,0.306306],[-0.200045,-0.259363,0.944835]],[[0.510974,-0.859512,-0.0120163],[0.501893,0.309662,-0.807597],[0.69786,0.40663,0.589613]],[[0.510974,-0.859512,-0.0120163],[-0.584733,-0.337306,-0.737775],[0.630073,0.38401,-0.67494]],[[0.510974,-0.859512,-0.0120163],[-0.847153,-0.501158,-0.176559],[0.145732,0.100397,-0.984217]]],"btipPosition":[-13.7636,296.716,9.14746],"carpPosition":[13.4571,305.084,53.491],"dipPosition":[-11.3138,298.404,-7.39741],"direction":[-0.630073,-0.38401,0.67494],"extended":false,"handId":978,"id":9784,"length":49.2606,"mcpPosition":[24.7697,319.751,0.0605389],"pipPosition":[0.704632,305.729,-20.2717],"stabilizedTipPosition":[-11.2028,261.43,122.647],"timeVisible":0.37755,"tipPosition":[-12.9551,297.104,6.66415],"tipVelocity":[6.05916,-1.32892,-147.346],"tool":false,"touchDistance":0.333333,"touchZone":"none","type":4,