{"sensorType":"Leap","data":[[0,{"currentFrameRate":51.6768,"devices":[],"gestures":[],"hands":[{"armBasis":[[0.758923,-0.594551,-0.265602],[0.622935,0.781693,0.0301326],[0.189704,-0.188321,0.963612]],"armWidth":62.1429,"confidence":0,"direction":[-0.0943186,0.333188,-0.938131],"elbow":[37.8394,250.777,325.643],"grabStrength":0,"id":984,"palmNormal":[-0.649129,-0.735047,-0.195798],"palmPosition":[-25.4262,319.205,23.8004],"palmVelocity":[1.19209e-7,1.19209e-7,1.19209e-7],"palmWidth":88.738,"pinchStrength":1,"r":[[1,6.93889e-18,6.93889e-17],[-6.93889e-18,1,1.11022e-17],[-6.93889e-17,-1.11022e-17,1]],"s":1,"sphereCenter":[-58.6837,295.771,-1.96649],"sphereRadius":44.9739,"stabilizedPalmPosition":[-25.4262,319.205,23.8004],"t":[0,0,0],"timeVisible":0,"type":"right","wrist":[-12.1129,300.365,71.9073]}],"id":4968233,"interactionBox":{"center":[0,200,0],"size":[235.247,235.247,147.751]},"pointables":[{"bases":[[[0.865927,0.484846,-0.122862],[-0.280356,0.673923,0.68354],[0.414212,-0.557451,0.719498]],[[0.723783,0.616157,-0.310627],[-0.575969,0.787373,0.219779],[0.379997,0.0198395,0.924775]],[[0.723783,0.616157,-0.310627],[-0.57397,0.787466,0.224623],[0.383011,0.0157122,0.92361]],[[0.723783,0.616157,-0.310627],[-0.578432,0.787227,0.213751],[0.376238,0.0249669,0.926186]]],"btipPosition":[-79.4431,305.87,-15.9548],"carpPosition":[-39.6208,307.928,80.9165],"dipPosition":[-70.8557,306.44,5.18483],"direction":[-0.383011,-0.0157122,-0.92361],"extended":false,"handId":984,"id":9840,"length":50.8265,"mcpPosition":[-39.6208,307.928,80.9165],"pipPosition":[-58.1199,306.963,35.8965],"stabilizedTipPosition":[-77.468,306.001,-11.0927],"timeVisible":0,"tipPosition":[-77.468,306.001,-11.0927],"tipVelocity":[1.19209e-7,1.19209e-7,1.19209e-7],"tool":false,"touchDistance":1,"touchZone":"none","type":0,"width":19.7488},{"bases":[[[0.728257,-0.526175,-0.43907],[0.609355,0.790346,0.0635578],[0.313575,-0.313836,0.896202]],[[0.77957,-0.582549,-0.230016],[0.593221,0.804581,-0.0271769],[0.200899,-0.115264,0.972807]],[[0.77957,-0.582549,-0.230016],[0.585757,0.808149,-0.0615075],[0.221718,-0.0867843,0.971241]],[[0.77957,-0.582549,-0.230016],[0.579445,0.810228,-0.0881657],[0.237726,-0.0645504,0.969185]]],"btipPosition":[-62.3931,351.246,-71.491],"carpPosition":[-22.2894,320.778,72.6137],"dipPosition":[-58.4319,350.17,-55.3417],"direction":[-0.221718,0.0867843,-0.971241],"extended":true,"handId":984,"id":9841,"length":57.352,"mcpPosition":[-44.788,343.295,8.31232],"pipPosition":[-53.2055,348.124,-32.4474],"stabilizedTipPosition":[-61.482,350.998,-67.7766],"timeVisible":0,"tipPosition":[-61.482,350.998,-67.7766],"tipVelocity":[1.19209e-7,1.19209e-7,1.19209e-7],"tool":false,"touchDistance":0.516684,"touchZone":"hovering","type":1,"width":18.8641},{"bases":[[[0.649304,-0.690711,-0.318312],[0.730439,0.68293,0.00807334],[0.211808,-0.237749,0.947952]],[[0.638148,-0.678235,-0.364369],[0.320739,0.664428,-0.675028],[0.699924,0.3139,0.641539]],[[0.638148,-0.678235,-0.364369],[-0.443351,0.0632004,-0.894117],[0.629449,0.732122,-0.260365]],[[0.638148,-0.678235,-0.364369],[-0.724491,-0.368843,-0.582296],[0.260538,0.635573,-0.726751]]],"btipPosition":[-82.3512,285.489,-7.12877],"carpPosition":[-12.8067,316.019,66.9885],"dipPosition":[-77.5763,297.137,-20.4479],"direction":[-0.629449,-0.732122,0.260365],"extended":false,"handId":984,"id":9842,"length":65.348,"mcpPosition":[-27.2184,332.196,2.48867],"pipPosition":[-60.1201,317.441,-27.6685],"stabilizedTipPosition":[-81.253,288.168,-10.1922],"timeVisible":0,"tipPosition":[-81.253,288.168,-10.1922],"tipVelocity":[1.19209e-7,1.19209e-7,1.19209e-7],"tool":false,"touchDistance":0.333333,"touchZone":"none","type":2,"width":18.527},{"bases":[[[0.616473,-0.767673,-0.17504],[0.781342,0.62391,0.0155253],[0.0972909,-0.146337,0.984439]],[[0.610376,-0.758732,-0.227524],[0.450386,0.568715,-0.68827],[0.651609,0.31763,0.688852]],[[0.610376,-0.758732,-0.227524],[-0.347635,0.00150929,-0.937629],[0.711752,0.651401,-0.26284]],[[0.610376,-0.758732,-0.227524],[-0.677173,-0.3508,-0.64682],[0.410947,0.548876,-0.727913]]],"btipPosition":[-65.6473,276.074,-7.34807],"carpPosition":[-4.59366,308.575,62.4422],"dipPosition":[-58.1592,286.075,-20.6118],"direction":[-0.711752,-0.651401,0.26284],"extended":false,"handId":984,"id":9843,"length":62.8339,"mcpPosition":[-10.5371,317.514,2.3031],"pipPosition":[-38.9302,303.674,-27.7128],"stabilizedTipPosition":[-63.925,278.374,-10.3987],"timeVisible":0,"tipPosition":[-63.925,278.374,-10.3987],"tipVelocity":[1.19209e-7,1.19209e-7,1.19209e-7],"tool":false,"touchDistance":0.333333,"touchZone":"none","type":3,"width":17.6296},{"bases":[[[0.485958,-0.871915,-0.0600686],[0.87322,0.481517,0.0750227],[-0.0364894,-0.088911,0.995371]],[[0.487325,-0.863176,-0.132067],[0.576883,0.43178,-0.693378],[0.655531,0.261713,0.708368]],[[0.487325,-0.863176,-0.132067],[-0.334474,-0.0448085,-0.941339],[0.806623,0.502911,-0.310546]],[[0.487325,-0.863176,-0.132067],[-0.752133,-0.338083,-0.565682],[0.443633,0.375003,-0.813979]]],"btipPosition":[-43.7479,275.719,-1.26371],"carpPosition":[-0.362284,295.613,59.8453],"dipPosition":[-36.2903,282.023,-14.9469],"direction":[-0.806623,-0.502911,0.310546],"extended":false,"handId":984,"id":9844,"length":49.2606,"mcpPosition":[1.70119,300.641,3.55697],"pipPosition":[-20.9042,291.616,-20.8704],"stabilizedTipPosition":[-42.0326,277.169,-4.41084],"timeVisible":0,"tipPosition":[-42.0326,277.169,-4.41084],"tipVelocity":[1.19209e-7,1.19209e-7,1.19209e-7],"tool":false,"touchDistance":0.333333,"touchZone":"none","type":4,"width":15.66}],"r":[[1,6.93889e-18,6.93889e-17],[-6.93889e-18,1,1.11022e-17],[-6.93889e-17,-1.11022e-17,1]],"s":1,"t":[0,0,0],"timestamp":669453565128},false],[1,{"currentFrameRate":51.7182,"devices":[],"gestures":[],"hands":[{"armBasis":[[0.765439,-0.593071,-0.249739],[0.60847,0.793347,-0.0190803],[0.209446,-0.137354,0.968125]],"armWidth":62.1429,"confidence":0.0659457,"direction":[-0.0989503,0.342616,-0.93425],"elbow":[43.3904,263.356,326.792],"grabStrength":0,"id":984,"palmNormal":[-0.64847,-0.734329,-0.200617],"palmPosition":[-25.3147,318.83,24.0133],"palmVelocity":[5.81403,-19.5521,11.0986],"palmWidth":88.738,"pinchStrength":1,"r":[[1,0.000410978,-0.000840577],[-0.000409248,0.999998,0.00205698],[0.000841421,-0.00205664,0.999998]],"s":1.00097,"sphereCenter":[-57.6843,294.419,-2.3293],"sphereRadius":45.1068,"stabilizedPalmPosition":[-25.4258,319.204,23.8011],"t":[0.0557652,-0.187534,0.106453],"timeVisible":0.019183,"type":"right","wrist":[-11.7604,299.524,71.8675]}],"id":4968234,"interactionBox":{"center":[0,200,0],"size":[235.247,235.247,147.751]},"pointables":[{"bases":[[[0.864423,0.487861,-0.121507],[-0.278822,0.666286,0.691608],[0.418367,-0.563963,0.71198]],[[0.718875,0.622325,-0.309726],[-0.575026,0.782728,0.238081],[0.390595,0.00694973,0.920536]],[[0.718875,0.622325,-0.309726],[-0.572412,0.782757,0.244206],[0.394416,0.0017372,0.91893]],[[0.718875,0.622325,-0.309726],[-0.580101,0.782569,0.225982],[0.383016,0.0172195,0.923581]]],"btipPosition":[-80.1173,306.149,-15.3803],"carpPosition":[-39.2452,306.938,81.0696],"dipPosition":[-71.3752,306.542,5.69983],"direction":[-0.394416,-0.0017372,-0.91893],"extended":false,"handId":984,"id":9840,"length":50.8265,"mcpPosition":[-39.2452,306.938,81.0696],"pipPosition":[-58.2602,306.6,36.2559],"stabilizedTipPosition":[-77.4703,306.002,-11.0906],"timeVisible":0.019183,"tipPosition":[-77.8806,306.118,-10.6195],"tipVelocity":[-33.2926,12.3963,29.2339],"tool":false,"touchDistance":1,"touchZone":"none","type":0,"width":19.7488},{"bases":[[[0.727452,-0.520138,-0.447515],[0.608027,0.790902,0.0691214],[0.317988,-0.322384,0.891601]],[[0.779787,-0.578585,-0.239108],[0.591566,0.805982,-0.0210518],[0.204897,-0.125032,0.970765]],[[0.779787,-0.578585,-0.239108],[0.583795,0.809965,-0.0560325],[0.226089,-0.0958968,0.969375]],[[0.779787,-0.578585,-0.239108],[0.577223,0.812337,-0.0832055],[0.242378,-0.0731361,0.967421]]],"btipPosition":[-62.7432,351.756,-70.789],"carpPosition":[-21.9749,319.907,72.8266],"dipPosition":[-58.7046,350.537,-54.6691],"direction":[-0.226089,0.0958968,-0.969375],"extended":true,"handId":984,"id":9841,"length":57.352,"mcpPosition":[-44.7902,343.038,8.85532],"pipPosition":[-53.3752,348.277,-31.8188],"stabilizedTipPosition":[-61.4829,351,-67.7747],"timeVisible":0.019183,"tipPosition":[-61.8168,351.481,-67.0805],"tipVelocity":[-17.326,24.8773,36.2404],"tool":false,"touchDistance":0.508777,"touchZone":"hovering","type":1,"width":18.8641},{"bases":[[[0.649342,-0.686068,-0.328125],[0.729092,0.68431,0.0120267],[0.216288,-0.247043,0.944558]],[[0.637825,-0.672982,-0.374531],[0.320261,0.674005,-0.665695],[0.700437,0.30465,0.645428]],[[0.637825,-0.672982,-0.374531],[-0.442975,0.0772531,-0.893199],[0.630041,0.735613,-0.248841]],[[0.637825,-0.672982,-0.374531],[-0.724697,-0.359777,-0.587686],[0.260755,0.646263,-0.717183]]],"btipPosition":[-82.4003,285.471,-7.45113],"carpPosition":[-12.5065,315.227,67.1129],"dipPosition":[-77.6215,297.315,-20.5949],"direction":[-0.630041,-0.735613,0.248841],"extended":false,"handId":984,"id":9842,"length":65.348,"mcpPosition":[-27.223,332.036,2.84403],"pipPosition":[-60.1488,317.715,-27.4959],"stabilizedTipPosition":[-81.2531,288.168,-10.1925],"timeVisible":0.019183,"tipPosition":[-81.2705,288.138,-10.3258],"tipVelocity":[-2.51102,1.39364,-14.702],"tool":false,"touchDistance":0.333333,"touchZone":"none","type":2,"width":18.527},{"bases":[[[0.617271,-0.764566,-0.185516],[0.780144,0.625321,0.0186572],[0.101742,-0.156246,0.982464]],[[0.611012,-0.755212,-0.237318],[0.447141,0.576636,-0.683781],[0.653245,0.311684,0.690017]],[[0.611012,-0.755212,-0.237318],[-0.355563,0.00602668,-0.934633],[0.707276,0.655453,-0.264843]],[[0.611012,-0.755212,-0.237318],[-0.687667,-0.357857,-0.631707],[0.392146,0.549176,-0.737989]]],"btipPosition":[-65.2311,276.095,-7.02688],"carpPosition":[-4.29776,307.846,62.4558],"dipPosition":[-58.0856,286.102,-20.4742],"direction":[-0.707276,-0.655453,0.264843],"extended":false,"handId":984,"id":9843,"length":62.8339,"mcpPosition":[-10.5132,317.391,2.43737],"pipPosition":[-38.9775,303.809,-27.6293],"stabilizedTipPosition":[-63.9241,278.374,-10.398],"timeVisible":0.019183,"tipPosition":[-63.6872,278.358,-10.2418],"tipVelocity":[17.5886,1.14398,14.5423],"tool":false,"touchDistance":0.333333,"touchZone":"none","type":3,"width":17.6296},{"bases":[[[0.487453,-0.870252,-0.0710748],[0.872559,0.482514,0.0763003],[-0.0321059,-0.0992097,0.994548]],[[0.488498,-0.860785,-0.142892],[0.573167,0.440026,-0.691272],[0.657913,0.255785,0.708325]],[[0.488498,-0.860785,-0.142892],[-0.337323,-0.0352698,-0.940728],[0.804725,0.507745,-0.307592]],[[0.488498,-0.860785,-0.142892],[-0.753001,-0.333131,-0.567462],[0.440862,0.384802,-0.810906]]],"btipPosition":[-43.6841,275.556,-1.46104],"carpPosition":[-0.0513251,294.92,59.708],"dipPosition":[-36.2732,282.025,-15.0925],"direction":[-0.804725,-0.507745,0.307592],"extended":false,"handId":984,"id":9844,"length":49.2606,"mcpPosition":[1.76427,300.53,3.46618],"pipPosition":[-20.9232,291.71,-20.9598],"stabilizedTipPosition":[-42.0325,277.169,-4.41117],"timeVisible":0.019183,"tipPosition":[-41.9701,277.047,-4.58193],"tipVelocity":[2.76399,-6.51019,-9.66721],"tool":false,"touchDistance":0.333333,"touchZone":"none","type":4,"width":15.66}],"r":[[1,0.000410978,-0.000840577],[-0.000409248,0.999998,0.00205698],[0.000841421,-0.00205664,0.999998]],"s":1.00097,"t":[0.0557652,-0.187534,0.106453],"timestamp":669453584311},false],[2,{"currentFrameRate":51.7423,"devices":[],"gestures":[],"hands":[{"armBasis":[[0.773551,-0.59331,-0.222717],[0.594674,0.801044,-0.0685017],[0.219049,-0.0794543,0.972473]],"armWidth":62.1429,"confidence":0.136229,"direction":[-0.1021,0.350578,-0.930952],"elbow":[46.1975,277.678,328.111],"grabStrength":0,"id":984,"palmNormal":[-0.650417,-0.73162,-0.204181],"palmPosition":[-25.1946,318.326,24.4051],"palmVelocity":[6.02674,-22.8456,15.7006],"palmWidth":88.738,"pinchStrength":1,"r":[[0.999997,0.00043325,-0.0023045],[-0.000420856,0.999985,0.00537621],[0.0023068,-0.00537522,0.999983]],"s":1.00272,"sphereCenter":[-56.9815,293.317,-2.37917],"sphereRadius":45.2288,"stabilizedPalmPosition":[-25.4249,319.2,23.8035],"t":[0.143694,-0.53318,0.355593],"timeVisible":0.038421,"type":"right","wrist":[-11.4819,298.599,72.0421]}],"id":4968235,"interactionBox":{"center":[0,200,0],"size":[235.247,235.247,147.751]},"pointables":[{"bases":[[[0.864706,0.487524,-0.120848],[-0.275034,0.660903,0.698257],[0.420286,-0.57055,0.705573]],[[0.717158,0.624741,-0.308842],[-0.571171,0.780815,0.253165],[0.399311,-0.00515789,0.916801]],[[0.717158,0.624741,-0.308842],[-0.567999,0.78075,0.260398],[0.40381,-0.011325,0.914773]],[[0.717158,0.624741,-0.308842],[-0.579563,0.780747,0.233541],[0.38703,0.0115075,0.921995]]],"btipPosition":[-80.6187,306.344,-14.6789],"carpPosition":[-38.9183,305.978,81.4147],"dipPosition":[-71.785,306.606,6.36504],"direction":[-0.40381,0.011325,-0.914773],"extended":false,"handId":984,"id":9840,"length":50.8265,"mcpPosition":[-38.9183,305.978,81.4147],"pipPosition":[-58.3576,306.23,36.7828],"stabilizedTipPosition":[-77.4747,306.004,-11.0857],"timeVisible":0.038421,"tipPosition":[-78.2186,306.194,-9.98567],"tipVelocity":[-29.1587,10.4929,32.6062],"tool":false,"touchDistance":1,"touchZone":"none","type":0,"width":19.7488},{"bases":[[[0.724856,-0.517497,-0.454731],[0.609544,0.789354,0.0733242],[0.320999,-0.330328,0.887605]],[[0.777925,-0.577774,-0.247003],[0.59279,0.805188,-0.016479],[0.208405,-0.133601,0.968875]],[[0.777925,-0.577774,-0.247003],[0.584818,0.809515,-0.0517077],[0.229828,-0.104227,0.967634]],[[0.777925,-0.577774,-0.247003],[0.578077,0.812141,-0.0790798],[0.246291,-0.0812685,0.965783]]],"btipPosition":[-62.945,352.099,-69.9693],"carpPosition":[-21.6603,318.99,73.2121],"dipPosition":[-58.8411,350.745,-53.8767],"direction":[-0.229828,0.104227,-0.967634],"extended":true,"handId":984,"id":9841,"length":57.352,"mcpPosition":[-44.6915,342.69,9.52751],"pipPosition":[-53.4235,348.288,-31.0675],"stabilizedTipPosition":[-61.4841,351.001,-67.7713],"timeVisible":0.038421,"tipPosition":[-62.004,351.793,-66.2669],"tipVelocity":[-13.5423,20.5809,39.2405],"tool":false,"touchDistance":0.503434,"touchZone":"hovering","type":1,"width":18.8641},{"bases":[[[0.646956,-0.684301,-0.336424],[0.730214,0.683057,0.0148603],[0.219628,-0.255275,0.941593]],[[0.6351,-0.670606,-0.38332],[0.323491,0.681554,-0.656383],[0.701428,0.292868,0.64979]],[[0.6351,-0.670606,-0.38332],[-0.442373,0.0910321,-0.892199],[0.633209,0.736207,-0.238844]],[[0.6351,-0.670606,-0.38332],[-0.726605,-0.350287,-0.591053],[0.262091,0.6539,-0.709734]]],"btipPosition":[-82.5019,285.544,-7.5592],"carpPosition":[-12.2219,314.342,67.422],"dipPosition":[-77.6986,297.528,-20.5664],"direction":[-0.633209,-0.736207,0.238844],"extended":false,"handId":984,"id":9842,"length":65.348,"mcpPosition":[-27.1657,331.712,3.3548],"pipPosition":[-60.138,317.945,-27.1902],"stabilizedTipPosition":[-81.2532,288.168,-10.1928],"timeVisible":0.038421,"tipPosition":[-81.3539,288.167,-10.2564],"tipVelocity":[-3.74081,3.42472,-9.38116],"tool":false,"touchDistance":0.333333,"touchZone":"none","type":2,"width":18.527},{"bases":[[[0.615325,-0.76394,-0.19435],[0.781199,0.623936,0.0207948],[0.105376,-0.164622,0.980712]],[[0.609164,-0.754571,-0.24401],[0.441453,0.578255,-0.686105],[0.658815,0.310232,0.68536]],[[0.609164,-0.754571,-0.24401],[-0.369496,0.00219717,-0.92923],[0.701706,0.656214,-0.277473]],[[0.609164,-0.754571,-0.24401],[-0.700992,-0.36845,-0.610619],[0.37085,0.543016,-0.753395]]],"btipPosition":[-64.9028,275.904,-5.87999],"carpPosition":[-4.04332,306.988,62.6708],"dipPosition":[-58.1454,285.798,-19.608],"direction":[-0.701706,-0.656214,0.277473],"extended":false,"handId":984,"id":9843,"length":62.8339,"mcpPosition":[-10.4807,317.045,2.75941],"pipPosition":[-39.1878,303.527,-27.1043],"stabilizedTipPosition":[-63.9231,278.374,-10.3957],"timeVisible":0.038421,"tipPosition":[-63.5382,278.186,-9.46447],"tipVelocity":[15.0238,-5.01988,35.2549],"tool":false,"touchDistance":0.333333,"touchZone":"none","type":3,"width":17.6296},{"bases":[[[0.485793,-0.870379,-0.0802839],[0.873614,0.480508,0.0768744],[-0.0283328,-0.107482,0.993803]],[[0.486571,-0.860342,-0.151856],[0.571158,0.444791,-0.689883],[0.66108,0.248943,0.707814]],[[0.486571,-0.860342,-0.151856],[-0.340502,-0.02668,-0.939865],[0.804554,0.509018,-0.30593]],[[0.486571,-0.860342,-0.151856],[-0.755269,-0.326875,-0.568086],[0.43911,0.391107,-0.808837]]],"btipPosition":[-43.7509,275.289,-1.3776],"carpPosition":[0.171803,294.079,59.7981],"dipPosition":[-36.3693,281.863,-14.9743],"direction":[-0.804554,-0.509018,0.30593],"extended":false,"handId":984,"id":9844,"length":49.2606,"mcpPosition":[1.77402,300.157,3.59847],"pipPosition":[-21.0227,291.573,-20.8098],"stabilizedTipPosition":[-42.0326,277.168,-4.41142],"timeVisible":0.038421,"tipPosition":[-42.0379,276.806,-4.48381],"tipVelocity":[-0.505955,-9.5478,-2.50747],"tool":false,"touchDistance":0.333333,"touchZone":"none","type":4,"width":15.66}],"r":[[0.999997,0.00043325,-0.0023045],[-0.000420856,0.999985,0.00537621],[0.0023068,-0.00537522,0.999983]],"s":1.00272,"t":[0.143694,-0.53318,0.355593],"timestamp":669453603549},false],[3,{"currentFrameRate":51.758,"devices":[],"gestures":[],"hands":[{"armBasis":[[0.782858,-0.588984,-0.200578],[0.579892,0.807517,-0.107895],[0.225519,-0.0318472,0.973718]],"armWidth":62.1429,"confidence":0.201202,"direction":[-0.104733,0.358051,-0.92781],"elbow":[48.1235,289.39,328.711],"grabStrength":0,"id":984,"palmNormal":[-0.650393,-0.730433,-0.208464],"palmPosition":[-25.1083,317.879,24.8738],"palmVelocity":[5.25728,-23.0388,19.9891],"palmWidth":88.738,"pinchStrength":1,"r":[[0.999992,0.000611204,-0.0039836],[-0.000572711,0.999953,0.00965684],[0.00398932,-0.00965448,0.999945]],"s":1.00456,"sphereCenter":[-56.2436,292.179,-2.42359],"sphereRadius":45.4137,"stabilizedPalmPosition":[-25.4236,319.195,23.8079],"t":[0.230792,-0.929786,0.714501],"timeVisible":0.057684,"type":"right","wrist":[-11.2596,297.776,72.3138]}],"id":4968236,"interactionBox":{"center":[0,200,0],"size":[235.247,235.247,147.751]},"pointables":[{"bases":[[[0.864033,0.489149,-0.119081],[-0.273743,0.654999,0.704301],[0.422507,-0.575942,0.699842]],[[0.714911,0.628425,-0.306567],[-0.568986,0.777692,0.267303],[0.406395,-0.0166651,0.913546]],[[0.714911,0.628425,-0.306567],[-0.565494,0.777521,0.275097],[0.41124,-0.0233081,0.911229]],[[0.714911,0.628425,-0.306567],[-0.582286,0.777813,0.236537],[0.387098,0.00940719,0.921991]]],"btipPosition":[-80.9713,306.429,-14.0013],"carpPosition":[-38.6775,305.058,81.8159],"dipPosition":[-72.1361,306.644,7.04255],"direction":[-0.41124,0.0233081,-0.911229],"extended":false,"handId":984,"id":9840,"length":50.8265,"mcpPosition":[-38.6775,305.058,81.8159],"pipPosition":[-58.4616,305.869,37.3425],"stabilizedTipPosition":[-77.4793,306.005,-11.0796],"timeVisible":0.057684,"tipPosition":[-78.4695,306.192,-9.35249],"tipVelocity":[-23.7572,7.20868,33.8835],"tool":false,"touchDistance":1,"touchZone":"none","type":0,"width":19.7488},{"bases":[[[0.724078,-0.513233,-0.460763],[0.609143,0.789197,0.078185],[0.323506,-0.337283,0.884073]],[[0.777736,-0.575176,-0.253573],[0.592254,0.805676,-0.0109952],[0.210622,-0.141628,0.967254]],[[0.777736,-0.575176,-0.253573],[0.583965,0.810408,-0.0471531],[0.232619,-0.111405,0.966166]],[[0.777736,-0.575176,-0.253573],[0.576946,0.813308,-0.0752584],[0.24952,-0.0877668,0.964384]]],"btipPosition":[-63.1271,352.371,-69.1267],"carpPosition":[-21.4501,318.148,73.6754],"dipPosition":[-58.9694,350.908,-53.0574],"direction":[-0.232619,0.111405,-0.966166],"extended":true,"handId":984,"id":9841,"length":57.352,"mcpPosition":[-44.6612,342.348,10.2443],"pipPosition":[-53.4861,348.282,-30.2828],"stabilizedTipPosition":[-61.4851,351.003,-67.7678],"timeVisible":0.057684,"tipPosition":[-62.1735,352.045,-65.4291],"tipVelocity":[-11.1929,16.7131,41.3393],"tool":false,"touchDistance":0.498983,"touchZone":"hovering","type":1,"width":18.8641},{"bases":[[[0.646603,-0.681051,-0.343618],[0.729742,0.683471,0.0185526],[0.222217,-0.262749,0.938926]],[[0.634383,-0.666712,-0.39122],[0.328822,0.690763,-0.643989],[0.699596,0.279895,0.657438]],[[0.634383,-0.666712,-0.39122],[-0.439378,0.105401,-0.892097],[0.636007,0.737825,-0.226074]],[[0.634383,-0.666712,-0.39122],[-0.726922,-0.342363,-0.595292],[0.262949,0.662029,-0.701837]]],"btipPosition":[-82.4864,285.681,-7.83436],"carpPosition":[-12.0231,313.555,67.8237],"dipPosition":[-77.6674,297.814,-20.6969],"direction":[-0.636007,-0.737825,0.226074],"extended":false,"handId":984,"id":9842,"length":65.348,"mcpPosition":[-27.143,331.433,3.93802],"pipPosition":[-60.0292,318.276,-26.9665],"stabilizedTipPosition":[-81.2533,288.168,-10.1932],"timeVisible":0.057684,"tipPosition":[-81.3328,288.223,-10.3107],"tipVelocity":[-1.38943,6.1536,-10.9591],"tool":false,"touchDistance":0.333333,"touchZone":"none","type":2,"width":18.527},{"bases":[[[0.615394,-0.761866,-0.202116],[0.780786,0.624342,0.0238767],[0.107999,-0.172503,0.97907]],[[0.609308,-0.752416,-0.250229],[0.436422,0.581695,-0.686416],[0.662027,0.309033,0.682802]],[[0.609308,-0.752416,-0.250229],[-0.379256,0.00059956,-0.925291],[0.696354,0.658688,-0.284993]],[[0.609308,-0.752416,-0.250229],[-0.709355,-0.376208,-0.596056],[0.354344,0.540683,-0.762956]]],"btipPosition":[-64.5654,275.671,-4.9695],"carpPosition":[-3.85115,306.246,62.9921],"dipPosition":[-58.1087,285.523,-18.8718],"direction":[-0.696354,-0.658688,0.284993],"extended":false,"handId":984,"id":9843,"length":62.8339,"mcpPosition":[-10.4488,316.784,3.18103],"pipPosition":[-39.2958,303.319,-26.5712],"stabilizedTipPosition":[-63.9222,278.374,-10.3932],"timeVisible":0.057684,"tipPosition":[-63.3265,277.969,-8.77132],"tipVelocity":[14.4776,-8.7773,40.1902],"tool":false,"touchDistance":0.333333,"touchZone":"none","type":3,"width":17.6296},{"bases":[[[0.486233,-0.869327,-0.0885891],[0.873451,0.480534,0.0785538],[-0.0257189,-0.115574,0.992966]],[[0.486823,-0.858767,-0.159757],[0.56953,0.450731,-0.68737],[0.662298,0.243641,0.708519]],[[0.486823,-0.858767,-0.159757],[-0.341478,-0.0187656,-0.939702],[0.803987,0.512023,-0.302386]],[[0.486823,-0.858767,-0.159757],[-0.755521,-0.322177,-0.57043],[0.438396,0.398398,-0.80566]]],"btipPosition":[-43.7235,275.034,-1.26975],"carpPosition":[0.366215,293.364,60.004],"dipPosition":[-36.354,281.732,-14.813],"direction":[-0.803987,-0.512023,0.302386],"extended":false,"handId":984,"id":9844,"length":49.2606,"mcpPosition":[1.82062,299.9,3.85167],"pipPosition":[-21.0181,291.498,-20.581],"stabilizedTipPosition":[-42.0326,277.165,-4.41133],"timeVisible":0.057684,"tipPosition":[-42.006,276.581,-4.34323],"tipVelocity":[0.38099,-10.6393,1.83776],"tool":false,"touchDistance":0.333333,"touchZone":"none","type":4,"width":15.66}],"r":[[0.999992,0.000611204,-0.0039836],[-0.000572711,0.999953,0.00965684],[0.00398932,-0.00965448,0.999945]],"s":1.00456,"t":[0.230792,-0.929786,0.714501],"timestamp":669453622812},false],[4,{"currentFrameRate":51.7596,"devices":[],"gestures":[],"hands":[{"armBasis":[[0.791606,-0.585694,-0.174132],[0.566569,0.810288,-0.149777],[0.228821,0.0199066,0.973265]],"armWidth":62.1429,"confidence":0.25731,"direction":[-0.107217,0.361242,-0.926288],"elbow":[49.246,302.325,329.076],"grabStrength":0,"id":984,"palmNormal":[-0.652827,-0.728262,-0.20845],"palmPosition":[-24.9781,317.369,25.4719],"palmVelocity":[5.99554,-24.714,25.4549],"palmWidth":88.738,"pinchStrength":1,"r":[[0.999982,0.00029997,-0.00604216],[-0.000217069,0.999906,0.0137164],[0.0060457,-0.0137149,0.999888]],"s":1.00644,"sphereCenter":[-55.4354,290.714,-2.28785],"sphereRadius":45.7125,"stabilizedPalmPosition":[-25.4218,319.187,23.8146],"t":[0.33943,-1.38307,1.19301],"timeVisible":0.076998,"type":"right","wrist":[-11.0066,297.083,72.798]}],"id":4968237,"interactionBox":{"center":[0,200,0],"size":[235.247,235.247,147.751]},"pointables":[{"bases":[[[0.864735,0.487529,-0.120622],[-0.269703,0.653386,0.707352],[0.423668,-0.57914,0.696493]],[[0.714529,0.628229,-0.307859],[-0.563181,0.77758,0.279637],[0.415061,-0.0264287,0.90941]],[[0.714529,0.628229,-0.307859],[-0.559985,0.777355,0.286595],[0.419363,-0.0323845,0.907241]],[[0.714529,0.628229,-0.307859],[-0.582186,0.777959,0.236302],[0.387953,0.0103867,0.921621]]],"btipPosition":[-81.3788,306.524,-13.0535],"carpPosition":[-38.3734,304.398,82.4212],"dipPosition":[-72.524,306.761,7.98189],"direction":[-0.419363,0.0323845,-0.907241],"extended":false,"handId":984,"id":9840,"length":50.8265,"mcpPosition":[-38.3734,304.398,82.4212],"pipPosition":[-58.5794,305.685,38.1492],"stabilizedTipPosition":[-77.4836,306.007,-11.0731],"timeVisible":0.076998,"tipPosition":[-78.7749,306.193,-8.45231],"tipVelocity":[-22.3166,6.20289,41.3953],"tool":false,"touchDistance":1,"touchZone":"none","type":0,"width":19.7488},{"bases":[[[0.721233,-0.513436,-0.46498],[0.611248,0.787535,0.0785069],[0.32588,-0.34084,0.881834]],[[0.775504,-0.576183,-0.258082],[0.594212,0.804246,-0.00999279],[0.213319,-0.145606,0.966071]],[[0.775504,-0.576183,-0.258082],[0.585534,0.809268,-0.0472821],[0.236101,-0.114448,0.964965]],[[0.775504,-0.576183,-0.258082],[0.578169,0.812344,-0.0762778],[0.253601,-0.0900615,0.963107]]],"btipPosition":[-63.2554,352.229,-68.2816],"carpPosition":[-21.1449,317.475,74.2607],"dipPosition":[-59.0297,350.728,-52.2336],"direction":[-0.236101,0.114448,-0.964965],"extended":true,"handId":984,"id":9841,"length":57.352,"mcpPosition":[-44.5264,341.93,10.9902],"pipPosition":[-53.4642,348.03,-29.4873],"stabilizedTipPosition":[-61.4857,351.004,-67.7653],"timeVisible":0.076998,"tipPosition":[-62.2861,351.9,-64.5883],"tipVelocity":[-8.52262,4.51001,42.4159],"tool":false,"touchDistance":0.495021,"touchZone":"hovering","type":1,"width":18.8641},{"bases":[[[0.643789,-0.681446,-0.348091],[0.731388,0.681721,0.0181077],[0.224962,-0.266247,0.937286]],[[0.631137,-0.666583,-0.396653],[0.336991,0.696222,-0.633807],[0.698644,0.266351,0.664044]],[[0.631137,-0.666583,-0.396653],[-0.4358,0.118302,-0.892235],[0.641673,0.735984,-0.215832]],[[0.631137,-0.666583,-0.396653],[-0.728628,-0.334104,-0.597893],[0.266022,0.666365,-0.696556]]],"btipPosition":[-82.5683,285.851,-7.87704],"carpPosition":[-11.7495,312.879,68.3608],"dipPosition":[-77.6929,298.063,-20.6428],"direction":[-0.641673,-0.735984,0.215832],"extended":false,"handId":984,"id":9842,"length":65.348,"mcpPosition":[-27.0562,330.994,4.58667],"pipPosition":[-59.8977,318.474,-26.6283],"stabilizedTipPosition":[-81.2534,288.169,-10.1938],"timeVisible":0.076998,"tipPosition":[-81.3974,288.29,-10.1337],"tipVelocity":[-2.4743,7.93069,-6.02928],"tool":false,"touchDistance":0.333333,"touchZone":"none","type":2,"width":18.527},{"bases":[[[0.612897,-0.762638,-0.206736],[0.782313,0.622458,0.0230613],[0.111097,-0.175866,0.978125]],[[0.606797,-0.753225,-0.253867],[0.433447,0.581285,-0.688644],[0.666273,0.307829,0.679206]],[[0.606797,-0.753225,-0.253867],[-0.387332,-0.00130347,-0.921939],[0.694097,0.657761,-0.292539]],[[0.606797,-0.753225,-0.253867],[-0.71677,-0.380476,-0.584362],[0.343566,0.536554,-0.770761]]],"btipPosition":[-64.4431,275.349,-3.92434],"carpPosition":[-3.61191,305.566,63.4767],"dipPosition":[-58.1828,285.126,-17.9688],"direction":[-0.694097,-0.657761,0.292539],"extended":false,"handId":984,"id":9843,"length":62.8339,"mcpPosition":[-10.3988,316.31,3.72341],"pipPosition":[-39.4308,302.896,-25.8722],"stabilizedTipPosition":[-63.9216,278.373,-10.3909],"timeVisible":0.076998,"tipPosition":[-63.2811,277.643,-7.84823],"tipVelocity":[9.25774,-13.1548,46.2791],"tool":false,"touchDistance":0.333333,"touchZone":"none","type":3,"width":17.6296},{"bases":[[[0.483894,-0.870162,-0.0930882],[0.874839,0.478263,0.0769495],[-0.0224378,-0.118673,0.99268]],[[0.48426,-0.859451,-0.16382],[0.568516,0.451424,-0.687754],[0.665043,0.239918,0.707218]],[[0.48426,-0.859451,-0.16382],[-0.343639,-0.0146441,-0.938988],[0.804615,0.511009,-0.302432]],[[0.48426,-0.859451,-0.16382],[-0.757447,-0.318108,-0.57016],[0.437912,0.40019,-0.805035]]],"btipPosition":[-43.8089,274.647,-0.78963],"carpPosition":[0.564832,292.684,60.4326],"dipPosition":[-36.4475,281.374,-14.3224],"direction":[-0.804615,-0.511009,0.302432],"extended":false,"handId":984,"id":9844,"length":49.2606,"mcpPosition":[1.83369,299.395,4.29651],"pipPosition":[-21.0997,291.122,-20.0912],"stabilizedTipPosition":[-42.0329,277.162,-4.40956],"timeVisible":0.076998,"tipPosition":[-42.0867,276.201,-3.84459],"tipVelocity":[-2.05831,-15.1528,13.3613],"tool":false,"touchDistance":0.333333,"touchZone":"none","type":4,"width":15.66}],"r":[[0.999982,0.00029997,-0.00604216],[-0.000217069,0.999906,0.0137164],[0.0060457,-0.0137149,0.999888]],"s":1.00644,"t":[0.33943,-1.38307,1.19301],"timestamp":669453642126},false],[5,{"currentFrameRate":51.7967,"devices":[],"gestures":[],"hands":[{"armBasis":[[0.798219,-0.580937,-0.159243],[0.557556,0.812609,-0.169698],[0.227987,0.0466695,0.972545]],"armWidth":62.1429,"confidence":0.312637,"direction":[-0.109389,0.361821,-0.925808],"elbow":[49.3254,308.933,329.102],"grabStrength":0,"id":984,"palmNormal":[-0.65189,-0.729237,-0.207973],"palmPosition":[-24.7932,316.944,25.7276],"palmVelocity":[7.80412,-23.4507,19.4548],"palmWidth":88.738,"pinchStrength":1,"r":[[0.999968,0.000410657,-0.0080215],[-0.000273198,0.999853,0.0171299],[0.00802736,-0.0171272,0.999821]],"s":1.00843,"sphereCenter":[-54.2572,288.957,-2.56247],"sphereRadius":46.0998,"stabilizedPalmPosition":[-25.4191,319.178,23.823],"t":[0.486218,-1.82214,1.56013],"timeVisible":0.096168,"type":"right","wrist":[-10.7075,296.644,73.0136]}],"id":4968238,"interactionBox":{"center":[0,200,0],"size":[235.247,235.247,147.751]},"pointables":[{"bases":[[[0.863675,0.48915,-0.12165],[-0.269678,0.652323,0.708342],[0.425841,-0.578971,0.695308]],[[0.712005,0.63033,-0.309408],[-0.560785,0.775637,0.289669],[0.422575,-0.0327343,0.905737]],[[0.712005,0.63033,-0.309408],[-0.558153,0.775419,0.29528],[0.426045,-0.0375438,0.903923]],[[0.712005,0.63033,-0.309408],[-0.587409,0.776108,0.229361],[0.384707,0.0184427,0.922854]]],"btipPosition":[-81.5904,306.323,-12.5255],"carpPosition":[-38.0711,303.902,82.6883],"dipPosition":[-72.8097,306.744,8.53807],"direction":[-0.426045,0.0375438,-0.903923],"extended":false,"handId":984,"id":9840,"length":50.8265,"mcpPosition":[-38.0711,303.902,82.6883],"pipPosition":[-58.643,305.496,38.5951],"stabilizedTipPosition":[-77.4867,306.007,-11.068],"timeVisible":0.096168,"tipPosition":[-78.914,305.964,-7.9587],"tipVelocity":[-17.1707,-0.969862,34.7024],"tool":false,"touchDistance":0.985786,"touchZone":"hovering","type":0,"width":19.7488},{"bases":[[[0.721363,-0.51178,-0.466602],[0.609992,0.788545,0.0781489],[0.327942,-0.340997,0.881008]],[[0.776094,-0.574613,-0.259804],[0.592878,0.805231,-0.00988031],[0.21488,-0.146364,0.965611]],[[0.776094,-0.574613,-0.259804],[0.583969,0.810364,-0.0478463],[0.238029,-0.114584,0.964475]],[[0.776094,-0.574613,-0.259804],[0.576402,0.813495,-0.0773766],[0.255811,-0.0896999,0.962556]]],"btipPosition":[-63.2852,351.81,-67.933],"carpPosition":[-20.8792,317.016,74.5101],"dipPosition":[-59.0227,350.316,-51.8941],"direction":[-0.238029,0.114584,-0.964475],"extended":true,"handId":984,"id":9841,"length":57.352,"mcpPosition":[-44.4086,341.482,11.2989],"pipPosition":[-53.4118,347.615,-29.1594],"stabilizedTipPosition":[-61.4861,351.004,-67.7637],"timeVisible":0.096168,"tipPosition":[-62.3088,351.483,-64.2414],"tipVelocity":[-4.85447,-8.49696,30.3609],"tool":false,"touchDistance":0.48405,"touchZone":"hovering","type":1,"width":18.8641},{"bases":[[[0.644408,-0.680023,-0.349725],[0.730217,0.682992,0.0174626],[0.226984,-0.266628,0.93669]],[[0.631488,-0.664954,-0.398822],[0.339388,0.699503,-0.628897],[0.697165,0.261785,0.667405]],[[0.631488,-0.664954,-0.398822],[-0.434987,0.121984,-0.892136],[0.641879,0.736855,-0.212215]],[[0.631488,-0.664954,-0.398822],[-0.729026,-0.333987,-0.597472],[0.26409,0.668048,-0.695678]]],"btipPosition":[-82.3428,285.599,-7.88087],"carpPosition":[-11.4856,312.441,68.5908],"dipPosition":[-77.5028,297.842,-20.6305],"direction":[-0.641879,-0.736855,0.212215],"extended":false,"handId":984,"id":9842,"length":65.348,"mcpPosition":[-26.9299,330.583,4.85723],"pipPosition":[-59.7018,318.277,-26.5158],"stabilizedTipPosition":[-81.2534,288.169,-10.1946],"timeVisible":0.096168,"tipPosition":[-81.1963,287.993,-10.0817],"tipVelocity":[4.3673,-2.31516,-3.04653],"tool":false,"touchDistance":0.333333,"touchZone":"none","type":2,"width":18.527},{"bases":[[[0.613894,-0.761387,-0.208386],[0.781255,0.623815,0.0222825],[0.113029,-0.176482,0.977793]],[[0.607792,-0.752084,-0.25487],[0.430002,0.581535,-0.690591],[0.667598,0.31014,0.67685]],[[0.607792,-0.752084,-0.25487],[-0.392099,-0.00512826,-0.919909],[0.690542,0.659047,-0.298008]],[[0.607792,-0.752084,-0.25487],[-0.719996,-0.386539,-0.576363],[0.334956,0.533814,-0.776432]]],"btipPosition":[-64.0973,274.882,-3.33987],"carpPosition":[-3.34322,305.147,63.6872],"dipPosition":[-57.9938,284.609,-17.4877],"direction":[-0.690542,-0.659047,0.298008],"extended":false,"handId":984,"id":9843,"length":62.8339,"mcpPosition":[-10.2481,315.928,3.95412],"pipPosition":[-39.3379,302.414,-25.5388],"stabilizedTipPosition":[-63.9208,278.372,-10.3885],"timeVisible":0.096168,"tipPosition":[-62.9885,277.169,-7.33453],"tipVelocity":[12.6768,-18.9936,37.8445],"tool":false,"touchDistance":0.333333,"touchZone":"none","type":3,"width":17.6296},{"bases":[[[0.485268,-0.869231,-0.0946147],[0.874123,0.479738,0.0758971],[-0.0205819,-0.119535,0.992617]],[[0.485507,-0.85858,-0.164693],[0.567143,0.452689,-0.688056],[0.665305,0.240652,0.706722]],[[0.485507,-0.85858,-0.164693],[-0.343702,-0.0142424,-0.938971],[0.803836,0.512482,-0.30201]],[[0.485507,-0.85858,-0.164693],[-0.756854,-0.318508,-0.570722],[0.437555,0.401738,-0.804458]]],"btipPosition":[-43.6157,274.207,-0.593909],"carpPosition":[0.851115,292.275,60.6254],"dipPosition":[-36.2604,280.961,-14.117],"direction":[-0.803836,-0.512482,0.30201],"extended":false,"handId":984,"id":9844,"length":49.2606,"mcpPosition":[2.01502,299.035,4.49287],"pipPosition":[-20.9274,290.736,-19.8778],"stabilizedTipPosition":[-42.0324,277.157,-4.40674],"timeVisible":0.096168,"tipPosition":[-41.8888,275.768,-3.62864],"tipVelocity":[3.91563,-18.8488,11.8581],"tool":false,"touchDistance":0.333333,"touchZone":"none","type":4,"width":15.66}],"r":[[0.999968,0.000410657,-0.0080215],[-0.000273198,0.999853,0.0171299],[0.00802736,-0.0171272,0.999821]],"s":1.00843,"t":[0.486218,-1.82214,1.56013],"timestamp":669453661296},false],[6,{"currentFrameRate":51.8076,"devices":[],"gestures":[],"hands":[{"armBasis":[[0.807794,-0.569798,-0.150994],[0.542594,0.818853,-0.187272],[0.230349,0.0693491,0.970634]],"armWidth":62.1429,"confidence":0.371191,"direction":[-0.11209,0.36839,-0.922889],"elbow":[50.2705,314.247,328.823],"grabStrength":0,"id":984,"palmNormal":[-0.646908,-0.732032,-0.213635],"palmPosition":[-24.6205,316.563,26.1166],"palmVelocity":[8.38186,-21.6173,19.8237],"palmWidth":88.738,"pinchStrength":1,"r":[[0.999952,0.00189305,-0.00963949],[-0.00168596,0.999769,0.0214466],[0.00967786,-0.0214293,0.999724]],"s":1.00859,"sphereCenter":[-53.1524,287.479,-2.90632],"sphereRadius":46.56,"stabilizedPalmPosition":[-25.4155,319.166,23.8331],"t":[0.64597,-2.232,1.93821],"timeVisible":0.11543,"type":"right","wrist":[-10.3845,295.986,73.2376]}],"id":4968239,"interactionBox":{"center":[0,200,0],"size":[235.247,235.247,147.751]},"pointables":[{"bases":[[[0.860262,0.496029,-0.11792],[-0.273993,0.644815,0.713542],[0.429974,-0.581523,0.690618]],[[0.707182,0.637904,-0.304912],[-0.563473,0.768985,0.301927],[0.427073,-0.0417083,0.903255]],[[0.707182,0.637904,-0.304912],[-0.561636,0.768799,0.305798],[0.429486,-0.0450059,0.901951]],[[0.707182,0.637904,-0.304912],[-0.596302,0.769832,0.227557],[0.379891,0.0208948,0.924795]]],"btipPosition":[-81.5379,306.029,-12.0972],"carpPosition":[-37.7952,302.979,82.9745],"dipPosition":[-72.8671,306.506,9.01062],"direction":[-0.429486,0.0450059,-0.901951],"extended":false,"handId":984,"id":9840,"length":50.8265,"mcpPosition":[-37.7952,302.979,82.9745],"pipPosition":[-58.586,305.01,39.0021],"stabilizedTipPosition":[-77.4885,306.007,-11.0647],"timeVisible":0.11543,"tipPosition":[-78.8537,305.656,-7.54002],"tipVelocity":[-7.93666,-7.73854,28.7688],"tool":false,"touchDistance":0.927118,"touchZone":"hovering","type":0,"width":19.7488},{"bases":[[[0.724757,-0.503089,-0.470775],[0.604573,0.792077,0.0842923],[0.330484,-0.345709,0.878217]],[[0.779978,-0.567198,-0.264424],[0.587456,0.809251,-0.00303514],[0.215707,-0.15297,0.964402]],[[0.779978,-0.567198,-0.264424],[0.578289,0.814756,-0.0418857],[0.239198,-0.120243,0.963497]],[[0.779978,-0.567198,-0.264424],[0.570492,0.81813,-0.0721213],[0.25724,-0.0945985,0.961706]]],"btipPosition":[-63.3702,351.9,-67.2575],"carpPosition":[-20.6957,316.276,74.8975],"dipPosition":[-59.0838,350.323,-51.2328],"direction":[-0.239198,0.120243,-0.963497],"extended":true,"handId":984,"id":9841,"length":57.352,"mcpPosition":[-44.4075,341.08,11.8865],"pipPosition":[-53.4454,347.489,-28.5211],"stabilizedTipPosition":[-61.4863,351.004,-67.7628],"timeVisible":0.11543,"tipPosition":[-62.3903,351.554,-63.5685],"tipVelocity":[-4.49237,-2.45546,32.6163],"tool":false,"touchDistance":0.479062,"touchZone":"hovering","type":1,"width":18.8641},{"bases":[[[0.648988,-0.67278,-0.355222],[0.725507,0.687839,0.0227493],[0.22903,-0.27248,0.934505]],[[0.635833,-0.657271,-0.404613],[0.337325,0.708155,-0.620264],[0.69421,0.257898,0.671983]],[[0.635833,-0.657271,-0.404613],[-0.434567,0.128375,-0.891443],[0.637862,0.74264,-0.204003]],[[0.635833,-0.657271,-0.404613],[-0.726923,-0.33376,-0.600156],[0.259422,0.675722,-0.690001]]],"btipPosition":[-81.9328,285.25,-7.9296],"carpPosition":[-11.2723,311.813,68.9404],"dipPosition":[-77.1784,297.634,-20.5752],"direction":[-0.637862,-0.74264,0.204003],"extended":false,"handId":984,"id":9842,"length":65.348,"mcpPosition":[-26.8558,330.353,5.35548],"pipPosition":[-59.4888,318.229,-26.2327],"stabilizedTipPosition":[-81.2524,288.169,-10.1961],"timeVisible":0.11543,"tipPosition":[-80.8151,287.645,-10.0903],"tipVelocity":[12.2663,-9.33268,-2.17229],"tool":false,"touchDistance":0.333333,"touchZone":"none","type":2,"width":18.527},{"bases":[[[0.619067,-0.755469,-0.214527],[0.776951,0.628978,0.0270906],[0.114467,-0.183448,0.976342]],[[0.611869,-0.744288,-0.267679],[0.441402,0.602135,-0.66528],[0.656339,0.28891,0.696958]],[[0.611869,-0.744288,-0.267679],[-0.371517,0.0283288,-0.927994],[0.698278,0.667258,-0.259182]],[[0.611869,-0.744288,-0.267679],[-0.710942,-0.369192,-0.598547],[0.346666,0.556536,-0.755043]]],"btipPosition":[-63.8547,275.064,-5.27566],"carpPosition":[-3.08107,304.614,63.9776],"dipPosition":[-57.5379,285.205,-19.0337],"direction":[-0.698278,-0.667258,0.259182],"extended":false,"handId":984,"id":9843,"length":62.8339,"mcpPosition":[-10.0738,315.82,4.33321],"pipPosition":[-38.673,303.232,-26.0359],"stabilizedTipPosition":[-63.92,278.372,-10.3875],"timeVisible":0.11543,"tipPosition":[-62.5671,277.268,-8.36917],"tipVelocity":[13.9002,-2.41932,-28.5894],"tool":false,"touchDistance":0.333333,"touchZone":"none","type":3,"width":17.6296},{"bases":[[[0.491213,-0.865095,-0.101592],[0.870821,0.485123,0.0795444],[-0.0195288,-0.127542,0.991641]],[[0.491369,-0.853967,-0.171163],[0.563888,0.461702,-0.684735],[0.663767,0.239941,0.708408]],[[0.491369,-0.853967,-0.171163],[-0.343512,-0.00942815,-0.939101],[0.800348,0.520241,-0.29798]],[[0.491369,-0.853967,-0.171163],[-0.75451,-0.319208,-0.573429],[0.435053,0.410909,-0.801176]]],"btipPosition":[-43.1638,273.903,-0.541195],"carpPosition":[1.20098,291.796,60.8131],"dipPosition":[-35.8505,280.81,-14.0091],"direction":[-0.800348,-0.520241,0.29798],"extended":false,"handId":984,"id":9844,"length":49.2606,"mcpPosition":[2.30534,299.008,4.73577],"pipPosition":[-20.5841,290.734,-19.693],"stabilizedTipPosition":[-42.0295,277.148,-4.40265],"timeVisible":0.11543,"tipPosition":[-41.4442,275.501,-3.56387],"tipVelocity":[13.3795,-16.423,7.65275],"tool":false,