{"sensorType":"Leap","data":[[0,{"currentFrameRate":50.4842,"devices":[],"gestures":[],"hands":[{"armBasis":[[0.835545,-0.461148,-0.298675],[0.428438,0.887194,-0.171252],[0.343955,0.0151247,0.938864]],"armWidth":62.1429,"confidence":0.582953,"direction":[-0.0630301,0.521569,-0.850878],"elbow":[102.837,309.617,319.902],"grabStrength":0,"id":975,"palmNormal":[-0.571649,-0.717725,-0.397603],"palmPosition":[0.458289,333.508,28.7503],"palmVelocity":[-33.6675,6.13695,-205.988],"palmWidth":88.738,"pinchStrength":0.882075,"r":[[0.998264,-0.0584715,-0.00707886],[0.0588825,0.987969,0.143006],[-0.00136809,-0.143175,0.989696]],"s":1.03346,"sphereCenter":[-12.2085,294.123,-13.4881],"sphereRadius":53.2647,"stabilizedPalmPosition":[-4.41708,292.625,145.476],"t":[7.05745,46.5137,-125.343],"timeVisible":0.35849,"type":"right","wrist":[12.2677,305.635,72.6828]}],"id":4964969,"interactionBox":{"center":[0,200,0],"size":[235.247,235.247,147.751]},"pointables":[{"bases":[[[0.82819,0.558084,0.0514129],[-0.378133,0.488712,0.786242],[0.413663,-0.670598,0.615776]],[[0.689888,0.715091,-0.112694],[-0.590845,0.646155,0.4831],[0.418278,-0.2667,0.868283]],[[0.689888,0.715091,-0.112694],[-0.607059,0.656278,0.448084],[0.394379,-0.240715,0.88686]],[[0.689888,0.715091,-0.112694],[-0.665754,0.687861,0.289169],[0.2843,-0.124467,0.950622]]],"btipPosition":[-56.2529,332.99,-12.5751],"carpPosition":[-16.2874,309.161,80.8818],"dipPosition":[-49.7639,330.149,9.12228],"direction":[-0.394379,0.240715,-0.88686],"extended":false,"handId":975,"id":9750,"length":50.8265,"mcpPosition":[-16.2874,309.161,80.8818],"pipPosition":[-36.6501,322.144,38.6119],"stabilizedTipPosition":[-56.4544,294.178,93.2516],"timeVisible":0.35849,"tipPosition":[-54.3687,332.66,-7.64368],"tipVelocity":[-25.8451,-1.20259,-219.886],"tool":false,"touchDistance":-0.0504443,"touchZone":"hovering","type":0,"width":19.7488},{"bases":[[[0.795877,-0.367221,-0.481382],[0.535732,0.797546,0.277329],[0.282083,-0.478612,0.83148]],[[0.836674,-0.457097,-0.301726],[0.478096,0.878294,-0.0048221],[0.267208,-0.14022,0.953382]],[[0.836674,-0.457097,-0.301726],[0.44034,0.888986,-0.125717],[0.325695,-0.0276782,0.94507]],[[0.836674,-0.457097,-0.301726],[0.40857,0.887771,-0.211974],[0.364756,0.0540768,0.929531]]],"btipPosition":[-44.7995,364.628,-60.4861],"carpPosition":[0.39056,324.662,76.8834],"dipPosition":[-38.7217,365.529,-44.9975],"direction":[-0.325695,0.0276782,-0.94507],"extended":true,"handId":975,"id":9751,"length":57.352,"mcpPosition":[-19.8486,359.001,17.2257],"pipPosition":[-31.0443,364.877,-22.7202],"stabilizedTipPosition":[-43.4926,334.13,19.1537],"timeVisible":0.35849,"tipPosition":[-43.4136,364.724,-56.953],"tipVelocity":[-9.86813,9.37107,-217.904],"tool":false,"touchDistance":-0.305717,"touchZone":"hovering","type":1,"width":18.8641},{"bases":[[[0.723601,-0.559053,-0.404798],[0.668635,0.71328,0.210141],[0.171254,-0.42272,0.889932]],[[0.726773,-0.56711,-0.387539],[0.335635,0.785468,-0.51999],[0.599291,0.247843,0.761199]],[[0.726773,-0.56711,-0.387539],[-0.547746,-0.138069,-0.825173],[0.414457,0.811987,-0.410977]],[[0.726773,-0.56711,-0.387539],[-0.674483,-0.695921,-0.24651],[-0.129898,0.440545,-0.888283]]],"btipPosition":[-38.3644,308.418,2.49039],"carpPosition":[10.5724,321.898,71.1476],"dipPosition":[-40.745,316.492,-13.7891],"direction":[-0.414457,-0.811987,0.410977],"extended":false,"handId":975,"id":9752,"length":65.348,"mcpPosition":[-1.07992,350.661,10.5955],"pipPosition":[-29.2511,339.01,-25.1866],"stabilizedTipPosition":[-41.3313,270.006,108.493],"timeVisible":0.35849,"tipPosition":[-38.7647,310.778,-1.71295],"tipVelocity":[-22.8233,-4.15134,-212.936],"tool":false,"touchDistance":0.333333,"touchZone":"none","type":2,"width":18.527},{"bases":[[[0.688439,-0.667335,-0.284107],[0.723743,0.657676,0.208945],[0.0474137,-0.349466,0.935749]],[[0.68846,-0.667494,-0.283679],[0.390938,0.670979,-0.630043],[0.610893,0.322859,0.722891]],[[0.68846,-0.667494,-0.283679],[-0.544859,-0.217843,-0.809736],[0.478697,0.712036,-0.513667]],[[0.68846,-0.667494,-0.283679],[-0.723539,-0.659139,-0.205007],[-0.0501425,0.346392,-0.936749]]],"btipPosition":[-21.8849,297.93,8.07675],"carpPosition":[19.6494,316.198,65.794],"dipPosition":[-22.7986,304.242,-8.99229],"direction":[-0.478697,-0.712036,0.513667],"extended":false,"handId":975,"id":9753,"length":62.8339,"mcpPosition":[16.753,337.546,8.62941],"pipPosition":[-9.86596,323.478,-22.8697],"stabilizedTipPosition":[-24.3387,258.231,118.263],"timeVisible":0.35849,"tipPosition":[-21.8377,300.004,3.3042],"tipVelocity":[-22.5453,2.31986,-213.058],"tool":false,"touchDistance":0.333333,"touchZone":"none","type":3,"width":17.6296},{"bases":[[[0.560189,-0.802729,-0.204487],[0.823336,0.512399,0.244058],[-0.0911332,-0.30508,0.947956]],[[0.561164,-0.799302,-0.214968],[0.520248,0.542612,-0.65948],[0.643768,0.25824,0.720329]],[[0.561164,-0.799302,-0.214968],[-0.55224,-0.1681,-0.816562],[0.616544,0.576939,-0.535738]],[[0.561164,-0.799302,-0.214968],[-0.825275,-0.52043,-0.219258],[0.0633775,0.300447,-0.951691]]],"btipPosition":[-4.76453,296.721,8.62763],"carpPosition":[25.1074,304.429,60.8574],"dipPosition":[-3.69915,301.771,-7.37048],"direction":[-0.616544,-0.576939,0.535738],"extended":false,"handId":975,"id":9754,"length":49.2606,"mcpPosition":[30.261,321.682,7.25035],"pipPosition":[8.06126,312.776,-17.5895],"stabilizedTipPosition":[-6.89866,257.735,112.958],"timeVisible":0.35849,"tipPosition":[-4.29481,298.425,3.48472],"tipVelocity":[-22.6321,3.55687,-204.127],"tool":false,"touchDistance":0.333333,"touchZone":"none","type":4,"width":15.66}],"r":[[0.998264,-0.0584715,-0.00707886],[0.0588825,0.987969,0.143006],[-0.00136809,-0.143175,0.989696]],"s":1.03346,"t":[7.05745,46.5137,-125.343],"timestamp":669390478342},false],[1,{"currentFrameRate":50.7428,"devices":[],"gestures":[],"hands":[{"armBasis":[[0.83827,-0.455848,-0.299177],[0.418684,0.889629,-0.182385],[0.349296,0.0276271,0.936605]],"armWidth":62.1429,"confidence":0.600076,"direction":[-0.0622549,0.52379,-0.84957],"elbow":[103.756,312.62,316.839],"grabStrength":0,"id":975,"palmNormal":[-0.566934,-0.719117,-0.401817],"palmPosition":[0.00691983,333.295,26.3208],"palmVelocity":[-29.0007,-2.39742,-168.796],"palmWidth":88.738,"pinchStrength":0.880868,"r":[[0.998382,-0.0566186,-0.00522595],[0.0567755,0.987701,0.14568],[-0.00308652,-0.145741,0.989318]],"s":1.03534,"sphereCenter":[-12.1451,293.899,-16.1565],"sphereRadius":53.3908,"stabilizedPalmPosition":[-4.41672,292.629,145.466],"t":[6.50933,46.4616,-128.508],"timeVisible":0.377225,"type":"right","wrist":[11.7804,305.346,70.2146]}],"id":4964970,"interactionBox":{"center":[0,200,0],"size":[235.247,235.247,147.751]},"pointables":[{"bases":[[[0.825465,0.561657,0.0561092],[-0.383227,0.484679,0.786271],[0.41442,-0.670542,0.615328]],[[0.686852,0.718691,-0.10825],[-0.59463,0.641322,0.484893],[0.417912,-0.268681,0.867848]],[[0.686852,0.718691,-0.10825],[-0.611633,0.652026,0.44807],[0.392606,-0.241548,0.887421]],[[0.686852,0.718691,-0.10825],[-0.671953,0.684698,0.282255],[0.276973,-0.121128,0.953212]]],"btipPosition":[-56.5417,332.595,-15.1951],"carpPosition":[-16.8203,308.719,78.3184],"dipPosition":[-50.22,329.831,6.56136],"direction":[-0.392606,0.241548,-0.887421],"extended":false,"handId":975,"id":9750,"length":50.8265,"mcpPosition":[-16.8203,308.719,78.3184],"pipPosition":[-37.1652,321.799,36.0696],"stabilizedTipPosition":[-56.4544,294.178,93.2516],"timeVisible":0.377225,"tipPosition":[-54.6967,332.288,-10.2524],"tipVelocity":[-21.7636,-10.416,-180.523],"tool":false,"touchDistance":-0.0938852,"touchZone":"hovering","type":0,"width":19.7488},{"bases":[[[0.799294,-0.362207,-0.479516],[0.531099,0.79913,0.281646],[0.281181,-0.479789,0.831108]],[[0.839768,-0.452192,-0.30052],[0.474818,0.88008,0.00257046],[0.263319,-0.144851,0.953772]],[[0.839768,-0.452192,-0.30052],[0.436987,0.891403,-0.120183],[0.322229,-0.0303976,0.946173]],[[0.839768,-0.452192,-0.30052],[0.405022,0.890351,-0.207923],[0.361589,0.0528905,0.930836]]],"btipPosition":[-45.0259,364.635,-62.9797],"carpPosition":[-0.197938,324.306,74.4271],"dipPosition":[-39.0008,365.516,-47.4694],"direction":[-0.322229,0.0303976,-0.946173],"extended":true,"handId":975,"id":9751,"length":57.352,"mcpPosition":[-20.3724,358.73,14.7961],"pipPosition":[-31.4052,364.8,-25.1661],"stabilizedTipPosition":[-43.4926,334.133,19.1472],"timeVisible":0.377225,"tipPosition":[-43.6658,364.671,-59.4425],"tipVelocity":[-11.2636,4.86642,-176.442],"tool":false,"touchDistance":-0.340808,"touchZone":"hovering","type":1,"width":18.8641},{"bases":[[[0.727605,-0.554588,-0.403762],[0.664628,0.715663,0.214702],[0.169887,-0.42457,0.889314]],[[0.730751,-0.562687,-0.386505],[0.332813,0.788003,-0.517963],[0.596019,0.249868,0.763104]],[[0.730751,-0.562687,-0.386505],[-0.544517,-0.138988,-0.827154],[0.411709,0.814902,-0.407958]],[[0.730751,-0.562687,-0.386505],[-0.670445,-0.698137,-0.251215],[-0.128478,0.442706,-0.887415]]],"btipPosition":[-38.6224,308.036,-0.0834675],"carpPosition":[10.0173,321.606,68.7208],"dipPosition":[-40.9771,316.149,-16.347],"direction":[-0.411709,-0.814902,0.407958],"extended":false,"handId":975,"id":9752,"length":65.348,"mcpPosition":[-1.54196,350.494,8.21081],"pipPosition":[-29.5593,338.748,-27.6608],"stabilizedTipPosition":[-41.3311,270.009,108.486],"timeVisible":0.377225,"tipPosition":[-39.0173,310.411,-4.28713],"tipVelocity":[-18.2563,-11.8366,-176.017],"tool":false,"touchDistance":0.333333,"touchZone":"none","type":2,"width":18.527},{"bases":[[[0.692488,-0.663383,-0.28352],[0.71999,0.660312,0.213546],[0.0455488,-0.35201,0.934887]],[[0.692509,-0.663551,-0.283073],[0.389797,0.67435,-0.627144],[0.607033,0.323962,0.725645]],[[0.692509,-0.663551,-0.283073],[-0.54092,-0.217981,-0.812336],[0.477322,0.71567,-0.509882]],[[0.692509,-0.663551,-0.283073],[-0.719819,-0.661605,-0.210095],[-0.0478742,0.349254,-0.935804]]],"btipPosition":[-22.1168,297.651,5.48003],"carpPosition":[19.1397,315.962,63.3841],"dipPosition":[-22.9891,304.015,-11.5718],"direction":[-0.477322,-0.71567,0.509882],"extended":false,"handId":975,"id":9753,"length":62.8339,"mcpPosition":[16.3571,337.466,6.27213],"pipPosition":[-10.0936,323.35,-25.347],"stabilizedTipPosition":[-24.3385,258.234,118.257],"timeVisible":0.377225,"tipPosition":[-22.0604,299.734,0.729434],"tipVelocity":[-17.3409,-5.74797,-176.667],"tool":false,"touchDistance":0.333333,"touchZone":"none","type":3,"width":17.6296},{"bases":[[[0.564559,-0.799588,-0.204772],[0.820109,0.515383,0.2486],[-0.0932412,-0.308285,0.946714]],[[0.565825,-0.795136,-0.218178],[0.510803,0.545756,-0.664252],[0.647243,0.264404,0.71496]],[[0.565825,-0.795136,-0.218178],[-0.556097,-0.172646,-0.812988],[0.608769,0.581337,-0.539859]],[[0.565825,-0.795136,-0.218178],[-0.822371,-0.525111,-0.21901],[0.059575,0.303345,-0.951017]]],"btipPosition":[-4.99144,296.361,6.52611],"carpPosition":[24.6689,304.233,58.4331],"dipPosition":[-3.98997,301.46,-9.46067],"direction":[-0.608769,-0.581337,0.539859],"extended":false,"handId":975,"id":9754,"length":49.2606,"mcpPosition":[29.9417,321.666,4.89638],"pipPosition":[7.62212,312.549,-19.7583],"stabilizedTipPosition":[-6.89853,257.738,112.951],"timeVisible":0.377225,"tipPosition":[-4.53131,298.097,1.3683],"tipVelocity":[-17.8869,-7.25764,-159.241],"tool":false,"touchDistance":0.333333,"touchZone":"none","type":4,"width":15.66}],"r":[[0.998382,-0.0566186,-0.00522595],[0.0567755,0.987701,0.14568],[-0.00308652,-0.145741,0.989318]],"s":1.03534,"t":[6.50933,46.4616,-128.508],"timestamp":669390497077},false],[2,{"currentFrameRate":50.9559,"devices":[],"gestures":[],"hands":[{"armBasis":[[0.841695,-0.458108,-0.285809],[0.422006,0.888328,-0.181064],[0.336839,0.0317872,0.941026]],"armWidth":62.1429,"confidence":0.607107,"direction":[-0.06739,0.528845,-0.846039],"elbow":[100.713,313.027,315.284],"grabStrength":0,"id":975,"palmNormal":[-0.574667,-0.713758,-0.400384],"palmPosition":[-0.0154265,332.915,23.8703],"palmVelocity":[-15.398,-11.1012,-149.898],"palmWidth":88.738,"pinchStrength":0.85672,"r":[[0.998402,-0.056226,-0.00569548],[0.0564471,0.987255,0.148797],[-0.00274337,-0.148881,0.988851]],"s":1.03917,"sphereCenter":[-12.5961,293.829,-18.6398],"sphereRadius":53.3867,"stabilizedPalmPosition":[-4.41652,292.63,145.46],"t":[6.22409,46.2454,-131.316],"timeVisible":0.396052,"type":"right","wrist":[12.018,304.657,67.4957]}],"id":4964971,"interactionBox":{"center":[0,200,0],"size":[235.247,235.247,147.751]},"pointables":[{"bases":[[[0.829046,0.556815,0.051377],[-0.373097,0.482381,0.792532],[0.41651,-0.676214,0.607662]],[[0.689519,0.715708,-0.11102],[-0.585314,0.640929,0.496605],[0.42658,-0.277437,0.860847]],[[0.689519,0.715708,-0.11102],[-0.603662,0.652606,0.457927],[0.400194,-0.248731,0.88203]],[[0.689519,0.715708,-0.11102],[-0.667707,0.687544,0.285396],[0.280591,-0.122657,0.951958]]],"btipPosition":[-56.9642,332.718,-17.076],"carpPosition":[-16.4859,308.142,75.8888],"dipPosition":[-50.5599,329.919,4.65184],"direction":[-0.400194,0.248731,-0.88203],"extended":false,"handId":975,"id":9750,"length":50.8265,"mcpPosition":[-16.4859,308.142,75.8888],"pipPosition":[-37.2527,321.648,33.9809],"stabilizedTipPosition":[-56.4544,294.178,93.2516],"timeVisible":0.396052,"tipPosition":[-55.0924,332.398,-12.1516],"tipVelocity":[-21.6001,-2.33469,-141.266],"tool":false,"touchDistance":-0.125343,"touchZone":"hovering","type":0,"width":19.7488},{"bases":[[[0.792714,-0.363896,-0.489064],[0.538141,0.794634,0.281002],[0.286372,-0.48594,0.825745]],[[0.834331,-0.454926,-0.311343],[0.48043,0.877013,0.00598006],[0.270331,-0.154568,0.950279]],[[0.834331,-0.454926,-0.311343],[0.441002,0.889689,-0.1182],[0.33077,-0.0386851,0.942918]],[[0.834331,-0.454926,-0.311343],[0.407649,0.889348,-0.207081],[0.371099,0.0458555,0.927461]]],"btipPosition":[-45.6691,365.149,-64.8165],"carpPosition":[0.184805,323.66,71.9261],"dipPosition":[-39.4856,365.913,-49.3625],"direction":[-0.33077,0.0386851,-0.942918],"extended":true,"handId":975,"id":9751,"length":57.352,"mcpPosition":[-20.362,358.525,12.6799],"pipPosition":[-31.6886,365.001,-27.1359],"stabilizedTipPosition":[-43.4927,334.137,19.1372],"timeVisible":0.396052,"tipPosition":[-44.2911,365.111,-61.2926],"tipVelocity":[-21.5176,15.1469,-138.201],"tool":false,"touchDistance":-0.362807,"touchZone":"hovering","type":1,"width":18.8641},{"bases":[[[0.720684,-0.5563,-0.413697],[0.670568,0.710811,0.212335],[0.175938,-0.430438,0.885307]],[[0.724072,-0.564833,-0.395834],[0.316497,0.782006,-0.536933],[0.612822,0.263497,0.744996]],[[0.724072,-0.564833,-0.395834],[-0.563347,-0.153192,-0.811894],[0.397946,0.810861,-0.429119]],[[0.724072,-0.564833,-0.395834],[-0.674326,-0.700316,-0.234186],[-0.144933,0.436489,-0.88796]]],"btipPosition":[-38.8275,307.35,-0.975179],"carpPosition":[10.3306,320.935,66.1084],"dipPosition":[-41.4837,315.349,-17.2487],"direction":[-0.397946,-0.810861,0.429119],"extended":false,"handId":975,"id":9752,"length":65.348,"mcpPosition":[-1.64045,350.223,5.87104],"pipPosition":[-30.4476,337.836,-29.1493],"stabilizedTipPosition":[-41.331,270.011,108.478],"timeVisible":0.396052,"tipPosition":[-39.3493,309.887,-5.54254],"tipVelocity":[-16.4571,-24.5504,-113.157],"tool":false,"touchDistance":0.333333,"touchZone":"none","type":2,"width":18.527},{"bases":[[[0.686105,-0.66557,-0.293729],[0.72561,0.655166,0.210349],[0.0524395,-0.357455,0.932457]],[[0.686151,-0.665885,-0.292906],[0.377397,0.670056,-0.639215],[0.621907,0.328056,0.711063]],[[0.686151,-0.665885,-0.292906],[-0.556032,-0.220441,-0.801395],[0.469069,0.712743,-0.521509]],[[0.686151,-0.665885,-0.292906],[-0.72509,-0.658501,-0.201547],[-0.0586719,0.350674,-0.934658]]],"btipPosition":[-22.535,297.168,3.8274],"carpPosition":[19.3708,315.271,60.6544],"dipPosition":[-23.6041,303.558,-13.2035],"direction":[-0.469069,-0.712743,0.521509],"extended":false,"handId":975,"id":9753,"length":62.8339,"mcpPosition":[16.1673,337.108,3.69088],"pipPosition":[-10.9316,322.813,-27.2928],"stabilizedTipPosition":[-24.3385,258.235,118.252],"timeVisible":0.396052,"tipPosition":[-22.5417,299.319,-1.08281],"tipVelocity":[-20.9,-15.3361,-133.071],"tool":false,"touchDistance":0.333333,"touchZone":"none","type":3,"width":17.6296},{"bases":[[[0.558176,-0.80151,-0.214525],[0.825255,0.509499,0.243651],[-0.0859891,-0.313038,0.94584]],[[0.559432,-0.796604,-0.229038],[0.506099,0.547116,-0.66673],[0.65643,0.257074,0.709234]],[[0.559432,-0.796604,-0.229038],[-0.565535,-0.164819,-0.808088],[0.605976,0.581599,-0.542712]],[[0.559432,-0.796604,-0.229038],[-0.82726,-0.519355,-0.214267],[0.0517338,0.309342,-0.949542]]],"btipPosition":[-5.41399,296.083,3.95602],"carpPosition":[24.7882,303.54,55.5866],"dipPosition":[-4.54433,301.283,-12.006],"direction":[-0.605976,-0.581599,0.542712],"extended":false,"handId":975,"id":9754,"length":49.2606,"mcpPosition":[29.6509,321.242,2.09924],"pipPosition":[7.01449,312.377,-22.358],"stabilizedTipPosition":[-6.89846,257.739,112.946],"timeVisible":0.396052,"tipPosition":[-4.99895,297.839,-1.15003],"tipVelocity":[-20.9029,-10.3075,-147.976],"tool":false,"touchDistance":0.333333,"touchZone":"none","type":4,"width":15.66}],"r":[[0.998402,-0.056226,-0.00569548],[0.0564471,0.987255,0.148797],[-0.00274337,-0.148881,0.988851]],"s":1.03917,"t":[6.22409,46.2454,-131.316],"timestamp":669390515904},false],[3,{"currentFrameRate":51.1014,"devices":[],"gestures":[],"hands":[{"armBasis":[[0.845548,-0.464486,-0.26325],[0.432567,0.885013,-0.172155],[0.312944,0.0316921,0.949243]],"armWidth":62.1429,"confidence":0.542989,"direction":[-0.067362,0.528532,-0.846237],"elbow":[94.4423,312.099,314.881],"grabStrength":0,"id":975,"palmNormal":[-0.581523,-0.71,-0.397153],"palmPosition":[0.0141511,332.056,21.3304],"palmVelocity":[-7.04581,-27.8678,-141.818],"palmWidth":88.738,"pinchStrength":0.838843,"r":[[0.998331,-0.0573394,-0.00694386],[0.05773,0.986839,0.151051],[-0.00180872,-0.1512,0.988502]],"s":1.04598,"sphereCenter":[-13.1079,293.482,-20.7488],"sphereRadius":53.0433,"stabilizedPalmPosition":[-4.41636,292.632,145.456],"t":[6.09626,45.708,-133.99],"timeVisible":0.415078,"type":"right","wrist":[12.0388,303.754,64.929]}],"id":4964972,"interactionBox":{"center":[0,200,0],"size":[235.247,235.247,147.751]},"pointables":[{"bases":[[[0.833224,0.55092,0.0471722],[-0.366121,0.485768,0.793715],[0.414359,-0.678613,0.606457]],[[0.693917,0.71082,-0.114948],[-0.5774,0.644686,0.500989],[0.430218,-0.281274,0.857786]],[[0.693917,0.71082,-0.114948],[-0.596934,0.657163,0.460225],[0.402677,-0.250742,0.880329]],[[0.693917,0.71082,-0.114948],[-0.66378,0.69335,0.280467],[0.279061,-0.118321,0.952956]]],"btipPosition":[-57.105,332.181,-19.337],"carpPosition":[-16.4019,307.45,73.4449],"dipPosition":[-50.7356,329.48,2.41359],"direction":[-0.402677,0.250742,-0.880329],"extended":false,"handId":975,"id":9750,"length":50.8265,"mcpPosition":[-16.4019,307.45,73.4449],"pipPosition":[-37.3459,321.143,31.6861],"stabilizedTipPosition":[-56.4544,294.178,93.2516],"timeVisible":0.415078,"tipPosition":[-55.2387,331.882,-14.4153],"tipVelocity":[-14.8128,-14.5155,-130.081],"tool":false,"touchDistance":-0.16294,"touchZone":"hovering","type":0,"width":19.7488},{"bases":[[[0.787917,-0.370006,-0.492223],[0.545046,0.791025,0.277856],[0.286553,-0.487212,0.824932]],[[0.829575,-0.460853,-0.31531],[0.487812,0.872916,0.00758468],[0.271743,-0.160104,0.948959]],[[0.829575,-0.460853,-0.31531],[0.447544,0.886428,-0.118111],[0.333931,-0.0431326,0.94161]],[[0.829575,-0.460853,-0.31531],[0.413312,0.886462,-0.208224],[0.375471,0.0424162,0.925863]]],"btipPosition":[-45.712,364.819,-67.1779],"carpPosition":[0.361428,322.844,69.3936],"dipPosition":[-39.4556,365.526,-51.7505],"direction":[-0.333931,0.0431326,-0.94161],"extended":true,"handId":975,"id":9751,"length":57.352,"mcpPosition":[-20.1984,357.801,10.2058],"pipPosition":[-31.5842,364.509,-29.5547],"stabilizedTipPosition":[-43.4928,334.139,19.131],"timeVisible":0.415078,"tipPosition":[-44.3488,364.68,-63.6569],"tipVelocity":[-11.5924,-1.2055,-131.419],"tool":false,"touchDistance":-0.390372,"touchZone":"hovering","type":1,"width":18.8641},{"bases":[[[0.714848,-0.561821,-0.416354],[0.676565,0.706195,0.208684],[0.176784,-0.430867,0.88493]],[[0.718345,-0.570595,-0.397999],[0.307924,0.773783,-0.553572],[0.62383,0.275102,0.731543]],[[0.718345,-0.570595,-0.397999],[-0.575389,-0.165732,-0.800912],[0.391035,0.804335,-0.447367]],[[0.718345,-0.570595,-0.397999],[-0.678542,-0.700887,-0.219861],[-0.1535,0.427995,-0.89065]]],"btipPosition":[-38.9229,306.277,-2.3365],"carpPosition":[10.4616,320.042,63.5337],"dipPosition":[-41.7361,314.12,-18.6594],"direction":[-0.391035,-0.804335,0.447367],"extended":false,"handId":975,"id":9752,"length":65.348,"mcpPosition":[-1.56699,349.359,3.32197],"pipPosition":[-30.8916,336.427,-31.066],"stabilizedTipPosition":[-41.3306,270.02,108.452],"timeVisible":0.415078,"tipPosition":[-39.528,308.849,-7.10697],"tipVelocity":[-11.7534,-41.1671,-92.9521],"tool":false,"touchDistance":0.333333,"touchZone":"none","type":2,"width":18.527},{"bases":[[[0.680022,-0.670729,-0.29613],[0.731199,0.650156,0.206507],[0.05402,-0.356959,0.932557]],[[0.680198,-0.671917,-0.293015],[0.34593,0.646658,-0.679828],[0.646269,0.361055,0.672292]],[[0.680198,-0.671917,-0.293015],[-0.582179,-0.252289,-0.772928],[0.445419,0.696332,-0.562782]],[[0.680198,-0.671917,-0.293015],[-0.728991,-0.661955,-0.174322],[-0.0768326,0.332179,-0.940082]]],"btipPosition":[-22.6572,295.517,4.1153],"carpPosition":[19.4368,314.308,58.0451],"dipPosition":[-24.0572,301.57,-13.0145],"direction":[-0.445419,-0.696332,0.562782],"extended":false,"handId":975,"id":9753,"length":62.8339,"mcpPosition":[16.1368,336.115,1.07548],"pipPosition":[-12.0236,320.382,-28.2188],"stabilizedTipPosition":[-24.3372,258.272,118.14],"timeVisible":0.415078,"tipPosition":[-22.7747,297.813,-1.41147],"tipVelocity":[-15.7387,-52.5308,-60.6432],"tool":false,"touchDistance":0.333333,"touchZone":"none","type":3,"width":17.6296},{"bases":[[[0.551478,-0.805678,-0.216229],[0.829947,0.50381,0.239507],[-0.0840269,-0.311541,0.94651]],[[0.552792,-0.800414,-0.231859],[0.504692,0.542976,-0.671165],[0.663104,0.253998,0.704115]],[[0.552792,-0.800414,-0.231859],[-0.571832,-0.161964,-0.804223],[0.606159,0.577153,-0.547235]],[[0.552792,-0.800414,-0.231859],[-0.831892,-0.51378,-0.209726],[0.0487434,0.308816,-0.949872]]],"btipPosition":[-5.74882,295.192,1.56441],"carpPosition":[24.7477,302.534,52.9645],"dipPosition":[-4.92943,300.384,-14.4031],"direction":[-0.606159,-0.577153,0.547235],"extended":false,"handId":975,"id":9754,"length":49.2606,"mcpPosition":[29.4994,320.152,-0.56071],"pipPosition":[6.63288,311.393,-24.8415],"stabilizedTipPosition":[-6.8984,257.741,112.941],"timeVisible":0.415078,"tipPosition":[-5.34987,296.936,-3.5121],"tipVelocity":[-19.5744,-28.3512,-137.035],"tool":false,"touchDistance":0.333333,"touchZone":"none","type":4,"width":15.66}],"r":[[0.998331,-0.0573394,-0.00694386],[0.05773,0.986839,0.151051],[-0.00180872,-0.1512,0.988502]],"s":1.04598,"t":[6.09626,45.708,-133.99],"timestamp":669390534930},false],[4,{"currentFrameRate":51.215,"devices":[],"gestures":[],"hands":[{"armBasis":[[0.840976,-0.467907,-0.271701],[0.435222,0.883328,-0.174106],[0.321466,0.028169,0.946502]],"armWidth":62.1429,"confidence":0.499561,"direction":[-0.065396,0.527009,-0.84734],"elbow":[96.1905,310.822,312.357],"grabStrength":0,"id":975,"palmNormal":[-0.583549,-0.709015,-0.39594],"palmPosition":[-0.377198,331.655,19.4655],"palmVelocity":[-13.6863,-24.4691,-119.984],"palmWidth":88.738,"pinchStrength":0.830072,"r":[[0.998236,-0.0588455,-0.00784036],[0.0593526,0.986527,0.152455],[-0.00123658,-0.152652,0.988279]],"s":1.05339,"sphereCenter":[-13.553,293.272,-22.4023],"sphereRadius":52.9337,"stabilizedPalmPosition":[-4.41636,292.632,145.456],"t":[5.83668,45.2388,-136.259],"timeVisible":0.434181,"type":"right","wrist":[11.5428,303.405,63.1265]}],"id":4964973,"interactionBox":{"center":[0,200,0],"size":[235.247,235.247,147.751]},"pointables":[{"bases":[[[0.834898,0.548447,0.0463864],[-0.364939,0.488512,0.792575],[0.412025,-0.678648,0.608007]],[[0.695888,0.708659,-0.116369],[-0.574284,0.646423,0.50233],[0.431204,-0.282736,0.85681]],[[0.695888,0.708659,-0.116369],[-0.595368,0.659901,0.458332],[0.401593,-0.249665,0.88113]],[[0.695888,0.708659,-0.116369],[-0.665227,0.697138,0.267341],[0.270579,-0.108627,0.95655]]],"btipPosition":[-57.4112,331.751,-21.2197],"carpPosition":[-16.8898,307.206,71.6234],"dipPosition":[-51.2354,329.272,0.612953],"direction":[-0.401593,0.249665,-0.88113],"extended":false,"handId":975,"id":9750,"length":50.8265,"mcpPosition":[-16.8898,307.206,71.6234],"pipPosition":[-37.8818,320.97,29.9121],"stabilizedTipPosition":[-56.4544,294.178,93.2511],"timeVisible":0.434181,"tipPosition":[-55.6071,331.522,-16.2739],"tipVelocity":[-16.566,-17.1433,-114.016],"tool":false,"touchDistance":-0.194003,"touchZone":"hovering","type":0,"width":19.7488},{"bases":[[[0.786969,-0.373434,-0.491149],[0.54737,0.789908,0.276464],[0.284721,-0.486408,0.826039]],[[0.828196,-0.463777,-0.314647],[0.491857,0.870601,0.0114093],[0.268641,-0.164211,0.94914]],[[0.828196,-0.463777,-0.314647],[0.451613,0.884727,-0.115342],[0.33187,-0.046573,0.942175]],[[0.828196,-0.463777,-0.314647],[0.417195,0.885062,-0.206429],[0.374219,0.039695,0.92649]]],"btipPosition":[-45.8201,364.756,-69.1349],"carpPosition":[-0.0774635,322.54,67.5475],"dipPosition":[-39.5846,365.417,-53.697],"direction":[-0.33187,0.046573,-0.942175],"extended":true,"handId":975,"id":9751,"length":57.352,"mcpPosition":[-20.5059,357.439,8.28021],"pipPosition":[-31.7617,364.32,-31.4879],"stabilizedTipPosition":[-43.4928,334.14,19.1278],"timeVisible":0.434181,"tipPosition":[-44.5085,364.499,-65.6028],"tipVelocity":[-8.78422,-2.51056,-117.041],"tool":false,"touchDistance":-0.408986,"touchZone":"hovering","type":1,"width":18.8641},{"bases":[[[0.713279,-0.564868,-0.414918],[0.678654,0.704532,0.207517],[0.175103,-0.429604,0.885878]],[[0.716794,-0.57375,-0.396254],[0.303661,0.768417,-0.563316],[0.627691,0.283454,0.725022]],[[0.716794,-0.57375,-0.396254],[-0.579778,-0.174695,-0.795827],[0.387382,0.800183,-0.457867]],[[0.716794,-0.57375,-0.396254],[-0.679538,-0.702188,-0.21251],[-0.156317,0.421596,-0.893209]]],"btipPosition":[-39.2823,305.683,-3.59269],"carpPosition":[10.0164,319.695,61.6974],"dipPosition":[-42.1471,313.41,-19.9624],"direction":[-0.387382,-0.800183,0.457867],"extended":false,"handId":975,"id":9752,"length":65.348,"mcpPosition":[-1.89785,348.926,1.42114],"pipPosition":[-31.404,335.601,-32.6603],"stabilizedTipPosition":[-41.3299,270.038,108.396],"timeVisible":0.434181,"tipPosition":[-39.9262,308.237,-8.44485],"tipVelocity":[-15.5499,-36.8661,-79.7956],"tool":false,"touchDistance":0.333333,"touchZone":"none","type":2,"width":18.527},{"bases":[[[0.67807,-0.673423,-0.294486],[0.733116,0.64832,0.205477],[0.0525483,-0.355221,0.933304]],[[0.678315,-0.675122,-0.29],[0.327763,0.631252,-0.702917],[0.657618,0.381748,0.649467]],[[0.678315,-0.675122,-0.29],[-0.594687,-0.272619,-0.756324],[0.431551,0.685485,-0.586408]],[[0.678315,-0.675122,-0.29],[-0.729802,-0.664857,-0.159228],[-0.0853103,0.319649,-0.943688]]],"btipPosition":[-22.9934,294.645,3.94717],"carpPosition":[18.9761,313.923,56.2241],"dipPosition":[-24.5479,300.469,-13.2483],"direction":[-0.431551,-0.685485,0.586408],"extended":false,"handId":975,"id":9753,"length":62.8339,"mcpPosition":[15.7659,335.623,-0.791176],"pipPosition":[-12.889,318.989,-29.0909],"stabilizedTipPosition":[-24.3311,258.504,117.413],"timeVisible":0.434181,"tipPosition":[-23.2038,296.892,-1.76577],"tipVelocity":[-17.5773,-50.4944,-35.4204],"tool":false,"touchDistance":0.333333,"touchZone":"none","type":3,"width":17.6296},{"bases":[[[0.549079,-0.807812,-0.214363],[0.8314,0.501739,0.238815],[-0.0853636,-0.309349,0.947109]],[[0.550468,-0.802366,-0.23064],[0.504677,0.539883,-0.673667],[0.665046,0.254433,0.702124]],[[0.550468,-0.802366,-0.23064],[-0.573264,-0.162437,-0.803108],[0.606922,0.574303,-0.549384]],[[0.550468,-0.802366,-0.23064],[-0.833392,-0.511761,-0.208706],[0.0494261,0.3071,-0.950393]]],"btipPosition":[-6.26127,294.724,-0.145857],"carpPosition":[24.2526,302.122,51.1697],"dipPosition":[-5.4304,299.887,-16.1221],"direction":[-0.606922,-0.574303,0.549384],"extended":false,"handId":975,"id":9754,"length":49.2606,"mcpPosition":[29.08,319.615,-2.38941],"pipPosition":[6.14646,310.841,-26.6015],"stabilizedTipPosition":[-6.89834,257.744,112.933],"timeVisible":0.434181,"tipPosition":[-5.85919,296.45,-5.19351],"tipVelocity":[-23.0887,-26.6227,-113.616],"tool":false,"touchDistance":0.333333,"touchZone":"none","type":4,"width":15.66}],"r":[[0.998236,-0.0588455,-0.00784036],[0.0593526,0.986527,0.152455],[-0.00123658,-0.152652,0.988279]],"s":1.05339,"t":[5.83668,45.2388,-136.259],"timestamp":669390554033},false],[5,{"currentFrameRate":51.3003,"devices":[],"gestures":[],"hands":[{"armBasis":[[0.837549,-0.48213,-0.257027],[0.447099,0.875194,-0.184767],[0.31403,0.0398352,0.948577]],"armWidth":62.1429,"confidence":0.421426,"direction":[-0.0657795,0.523555,-0.849449],"elbow":[94.1685,312.684,310.031],"grabStrength":0,"id":975,"palmNormal":[-0.599179,-0.701452,-0.385938],"palmPosition":[-0.441334,330.406,16.5678],"palmVelocity":[-8.56319,-44.6144,-135.403],"palmWidth":88.738,"pinchStrength":0.8246,"r":[[0.997937,-0.0633195,-0.0105934],[0.0641945,0.986235,0.152383],[0.000798801,-0.152748,0.988265]],"s":1.05998,"sphereCenter":[-14.6206,292.157,-24.9536],"sphereRadius":52.9533,"stabilizedPalmPosition":[-4.41636,292.632,145.456],"t":[5.67481,44.3797,-138.843],"timeVisible":0.453357,"type":"right","wrist":[11.479,302.194,60.2536]}],"id":4964974,"interactionBox":{"center":[0,200,0],"size":[235.247,235.247,147.751]},"pointables":[{"bases":[[[0.844163,0.534967,0.0346383],[-0.348519,0.498561,0.793707],[0.407338,-0.68209,0.607313]],[[0.705928,0.696687,-0.127644],[-0.557061,0.657419,0.507428],[0.437434,-0.287102,0.852188]],[[0.705928,0.696687,-0.127644],[-0.579759,0.671895,0.460908],[0.406872,-0.251365,0.87822]],[[0.705928,0.696687,-0.127644],[-0.653736,0.710247,0.261111],[0.272571,-0.10088,0.956832]]],"btipPosition":[-57.842,331.141,-23.4997],"carpPosition":[-16.7963,306.504,69.0281],"dipPosition":[-51.6208,328.839,-1.66062],"direction":[-0.406872,0.251365,-0.87822],"extended":false,"handId":975,"id":9750,"length":50.8265,"mcpPosition":[-16.7963,306.504,69.0281],"pipPosition":[-38.0916,320.48,27.5417],"stabilizedTipPosition":[-56.4544,294.179,93.2488],"timeVisible":0.453357,"tipPosition":[-56.0361,330.954,-18.5581],"tipVelocity":[-19.2187,-23.3521,-116.397],"tool":false,"touchDistance":-0.231978,"touchZone":"hovering","type":0,"width":19.7488},{"bases":[[[0.775536,-0.388815,-0.49736],[0.563058,0.782298,0.266412],[0.285499,-0.486655,0.825626]],[[0.81697,-0.4783,-0.322164],[0.508099,0.861243,0.00983764],[0.272756,-0.171728,0.946633]],[[0.81697,-0.4783,-0.322164],[0.467146,0.876458,-0.116603],[0.338135,-0.0552361,0.939475]],[[0.81697,-0.4783,-0.322164],[0.431921,0.877665,-0.207721],[0.382105,0.0305524,0.923614]]],"btipPosition":[-46.0306,364.445,-71.7434],"carpPosition":[0.219338,321.54,64.6927],"dipPosition":[-39.6637,364.954,-56.3534],"direction":[-0.338135,0.0552361,-0.939475],"extended":true,"handId":975,"id":9751,"length":57.352,"mcpPosition":[-20.2649,356.457,5.45509],"pipPosition":[-31.6931,363.652,-34.208],"stabilizedTipPosition":[-43.4928,334.141,19.1261],"timeVisible":0.453357,"tipPosition":[-44.765,363.974,-68.2049],"tipVelocity":[-9.08957,-10.2084,-126.732],"tool":false,"touchDistance":-0.435714,"touchZone":"hovering","type":1,"width":18.8641},{"bases":[[[0.699551,-0.578616,-0.419323],[0.692197,0.694428,0.196554],[0.17746,-0.427754,0.886304]],[[0.70315,-0.58754,-0.400471],[0.305797,0.758349,-0.575669],[0.641925,0.282319,0.712901]],[[0.70315,-0.58754,-0.400471],[-0.593565,-0.174929,-0.785545],[0.391485,0.790061,-0.471744]],[[0.70315,-0.58754,-0.400471],[-0.692406,-0.693891,-0.197709],[-0.161721,0.416307,-0.894726]]],"btipPosition":[-39.94,304.793,-5.58429],"carpPosition":[10.203,318.499,58.7524],"dipPosition":[-42.9038,312.423,-21.9818],"direction":[-0.391485,-0.790061,0.471744],"extended":false,"handId":975,"id":9752,"length":65.348,"mcpPosition":[-1.87166,347.604,-1.55288],"pipPosition":[-32.0469,334.333,-35.0645],"stabilizedTipPosition":[-41.3293,270.069,108.295],"timeVisible":0.453357,"tipPosition":[-40.624,307.31,-10.4683],"tipVelocity":[-25.4246,-42.1814,-91.8814],"tool":false,"touchDistance":0.333333,"touchZone":"none","type":2,"width":18.527},{"bases":[[[0.663856,-0.685949,-0.297942],[0.745712,0.637324,0.194246],[0.0566423,-0.35113,0.934612]],[[0.664154,-0.687843,-0.292869],[0.328373,0.62034,-0.712284],[0.671618,0.376896,0.637871]],[[0.664154,-0.687843,-0.292869],[-0.60791,-0.268876,-0.747095],[0.435138,0.674224,-0.596722]],[[0.664154,-0.687843,-0.292869],[-0.742141,-0.653849,-0.147336],[-0.090148,0.315204,-0.944733]]],"btipPosition":[-23.8294,293.622,1.66277],"carpPosition":[19.009,312.553,53.2166],"dipPosition":[-25.4721,299.365,-15.5517],"direction":[-0.435138,-0.674224,0.596722],"extended":false,"handId":975,"id":9753,"length":62.8339,"mcpPosition":[15.5487,334.003,-3.87857],"pipPosition":[-13.7162,317.581,-31.673],"stabilizedTipPosition":[-24.3301,258.792,116.466],"timeVisible":0.453357,"tipPosition":[-24.0731,295.783,-3.96121],"tipVelocity":[-30.9905,-52.3901,-77.0011],"tool":false,"touchDistance":0.333333,"touchZone":"none","type":3,"width":17.6296},{"bases":[[[0.53355,-0.81779,-0.21574],[0.841943,0.489333,0.227343],[-0.0803503,-0.30294,0.949616]],[[0.534906,-0.812224,-0.23274],[0.502239,0.527173,-0.685452],[0.679435,0.249761,0.689918]],[[0.534906,-0.812224,-0.23274],[-0.586532,-0.158689,-0.794228],[0.608158,0.561346,-0.56128]],[[0.534906,-0.812224,-0.23274],[-0.843771,-0.49921,-0.197077],[0.0438845,0.301797,-0.952362]]],"btipPosition":[-7.18517,293.379,-2.60541],"carpPosition":[24.0388,300.641,48.171],"dipPosition":[-6.44746,298.452,-18.6148],"direction":[-0.608158,-0.561346,0.56128],"extended":false,"handId":975,"id":9754,"length":49.2606,"mcpPosition":[28.5827,317.772,-5.52985],"pipPosition":[5.15298,309.159,-29.321],"stabilizedTipPosition":[-6.89837,257.752,112.905],"timeVisible":0.453357,"tipPosition":[-6.80092,295.075,-7.64107],"tipVelocity":[-36.0721,-48.7323,-121.068],"tool":false,"touchDistance":0.333333,"touchZone":"none","type":4,"width":15.66}],"r":[[0.997937,-0.0633195,-0.0105934],[0.0641945,0.986235,0.152383],[0.000798801,-0.152748,0.988265]],"s":1.05998,"t":[5.67481,44.3797,-138.843],"timestamp":669390573209},false],[6,{"currentFrameRate":51.6326,"devices":[],"gestures":[],"hands":[{"armBasis":[[0.839853,-0.466784,-0.277057],[0.433091,0.883923,-0.176383],[0.32723,0.0281451,0.944525]],"armWidth":62.1429,"confidence":0.468947,"direction":[-0.0633722,0.524853,-0.84883],"elbow":[97.2109,309.298,307.324],"grabStrength":0,"id":975,"palmNormal":[-0.580427,-0.711279,-0.396468],"palmPosition":[-0.772643,330.007,14.8414],"palmVelocity":[-13.1852,-33.8518,-116.243],"palmWidth":88.738,"pinchStrength":0.702676,"r":[[0.997952,-0.0631815,-0.00996669],[0.0639626,0.986146,0.153053],[0.000158495,-0.153377,0.988168]],"s":1.07172,"sphereCenter":[-13.2504,291.973,-26.6283],"sphereRadius":52.6745,"stabilizedPalmPosition":[-4.41636,292.632,145.456],"t":[5.42823,43.7504,-140.998],"timeVisible":0.471495,"type":"right","wrist":[11.0455,301.887,58.6143]}],"id":4964975,"interactionBox":{"center":[0,200,0],"size":[235.247,235.247,147.751]},"pointables":[{"bases":[[[0.833467,0.550459,0.0482535],[-0.36906,0.489551,0.790022],[0.411252,-0.676266,0.611176]],[[0.694452,0.710182,-0.115663],[-0.575145,0.644465,0.503858],[0.432372,-0.283382,0.856008]],[[0.694452,0.710182,-0.115663],[-0.598613,0.659421,0.454781],[0.399248,-0.246587,0.883061]],[[0.694452,0.710182,-0.115663],[-0.672692,0.697849,0.245952],[0.255386,-0.0929967,0.962356]]],"btipPosition":[-57.5813,329.761,-26.0066],"carpPosition":[-17.4278,305.643,66.9942],"dipPosition":[-51.7523,327.638,-4.04142],"direction":[-0.399248,0.246587,-0.883061],"extended":false,"handId":975,"id":9750,"length":50.8265,"mcpPosition":[-17.4278,305.643,66.9942],"pipPosition":[-38.4766,319.439,25.3219],"stabilizedTipPosition":[-56.4544,294.182,93.2383],"timeVisible":0.471495,"tipPosition":[-55.871,329.618,-21.0388],"tipVelocity":[-5.58516,-47.3985,-126.027],"tool":false,"touchDistance":-0.273277,"touchZone":"hovering","type":0,"width":19.7488},{"bases":[[[0.789677,-0.372797,-0.48727],[0.544517,0.791807,0.276664],[0.282684,-0.483802,0.828267]],[[0.830117,-0.461549,-0.312854],[0.49324,0.869505,0.0259793],[0.260038,-0.175878,0.949446]],[[0.830117,-0.461549,-0.312854],[0.454092,0.885205,-0.101058],[0.323584,-0.0581741,0.94441]],[[0.830117,-0.461549,-0.312854],[0.420242,0.886649,-0.193004],[0.366473,0.0287415,0.929985]]],"btipPosition":[-45.5466,363.98,-74.0202],"carpPosition":[-0.634982,321.006,62.9457],"dipPosition":[-39.4401,364.459,-58.5241],"direction":[-0.323584,0.0581741,-0.94441],"extended":true,"handId":975,"id":9751,"length":57.352,"mcpPosition":[-20.9172,355.718,3.51864],"pipPosition":[-31.8125,363.087,-36.2623],"stabilizedTipPosition":[-43.4928,334.141,19.1248],"timeVisible":0.471495,"tipPosition":[-44.3706,363.383,-70.4563],"tipVelocity":[6.37836,-17.7414,-125.516],"tool":false,"touchDistance":-0.454261,"touchZone":"hovering","type":1,"width":18.8641},{"bases":[[[0.716134,-0.564218,-0.410865],[0.676257,0.706568,0.208419],[0.17271,-0.427106,0.887554]],[[0.719596,-0.573044,-0.392177],[0.225861,0.727221,-0.648179],[0.656635,0.377849,0.652733]],[[0.719596,-0.573044,-0.392177],[-0.622798,-0.282846,-0.729466],[0.30709,0.769168,-0.560425]],[[0.719596,-0.573044,-0.392177],[-0.659748,-0.74038,-0.128723],[-0.216597,0.351367,-0.910839]]],"btipPosition":[-37.6775,301.699,-1.69792],"carpPosition":[9.48746,318.17,57.1408],"dipPosition":[-41.6471,308.138,-18.3908],"direction":[-0.30709,-0.769168,0.560426],"extended":false,"handId":975,"id":9752,"length":65.348,"mcpPosition":[-2.26395,347.231,-3.2495],"pipPosition":[-33.1307,329.469,-33.9328],"stabilizedTipPosition":[-41.3077,270.331,107.396],"timeVisible":0.471495,"tipPosition":[-38.8282,304.582,-8.01842],"tipVelocity":[40.0298,-110.543,52.1694],"tool":false,"touchDistance":0.333333,"touchZone":"none","type":2,"width":18.527},{"bases":[[[0.680714,-0.672569,-0.290311],[0.730854,0.650476,0.206719],[0.0498073,-0.352891,0.934338]],[[0.680985,-0.674554,-0.28502],[0.326117,0.62784,-0.706728],[0.655674,0.388321,0.647533]],[[0.680985,-0.674554,-0.28502],[-0.592378,-0.278611,-0.755952],[0.430521,0.683632,-0.589321]],[[0.680985,-0.674554,-0.28502],[-0.727635,-0.667145,-0.159579],[-0.0825052,0.316062,-0.945144]]],"btipPosition":[-23.2596,292.814,-0.435293],"carpPosition":[18.481,312.405,51.7152],"dipPosition":[-24.763,298.574,-17.6573],"direction":[-0.430521,-0.683632,0.589321],"extended":false,"handId":975,"id":9753,"length":62.8339,"mcpPosition":[15.4383,333.963,-5.36317],"pipPosition":[-13.1319,317.043,-33.5786],"stabilizedTipPosition":[-24.3259,258.998,115.761],"timeVisible":0.471495,"tipPosition":[-23.4672,294.963,-6.01526],"tipVelocity":[-0.421864,-48.5464,-95.4675],"tool":false,"touchDistance":0.333333,"touchZone":"none","type":3,"width":17.6296},{"bases":[[[0.551725,-0.807062,-0.210359],[0.829343,0.504199,0.240778],[-0.0882601,-0.307303,0.94751]],[[0.553286,-0.801145,-0.228126],[0.495773,0.536787,-0.682692],[0.66939,0.264625,0.694183]],[[0.553286,-0.801145,-0.228126],[-0.576478,-0.17058,-0.799109],[0.601288,0.573646,-0.556222]],[[0.553286,-0.801145,-0.228126],[-0.831531,-0.514991,-0.208184],[0.0493025,0.304879,-0.951114]]],"btipPosition":[-6.58683,292.79,-4.2129],"carpPosition":[23.8036,300.604,46.7089],"dipPosition":[-5.75804,297.915,-20.2013],"direction":[-0.601288,-0.573646,0.556222],"extended":false,"handId":975,"id":9754,"length":49.2606,"mcpPosition":[28.7947,317.982,-6.87284],"pipPosition":[5.71137,308.857,-30.8111],"stabilizedTipPosition":[-6.89823,257.762,112.873],"timeVisible":0.471495,"tipPosition":[-6.16858,294.512,-9.24119],"tipVelocity":[-2.62489,-40.6634,-105.487],"tool":false,"touchDistance":0.333