{"sensorType":"Leap","data":[[0,{"currentFrameRate":51.7899,"devices":[],"gestures":[],"hands":[{"armBasis":[[0.839685,-0.481663,-0.250859],[0.448488,0.875511,-0.179833],[0.306248,0.0384956,0.951173]],"armWidth":62.1429,"confidence":0.550981,"direction":[0.00512919,0.468264,-0.883574],"elbow":[86.8103,314.096,331.204],"grabStrength":0.158463,"id":977,"palmNormal":[-0.542811,-0.740775,-0.395737],"palmPosition":[-2.09045,329.079,34.4058],"palmVelocity":[-3.47027,1.82499,-176.98],"palmWidth":88.738,"pinchStrength":0.448825,"r":[[0.997284,-0.0735597,-0.00381877],[0.0735254,0.991021,0.111678],[-0.00443055,-0.111656,0.993737]],"s":0.991435,"sphereCenter":[-15.2835,298.352,-2.07467],"sphereRadius":48.4666,"stabilizedPalmPosition":[-4.922,322.661,81.8994],"t":[2.91499,6.40815,-44.2435],"timeVisible":0.226961,"type":"right","wrist":[6.16977,303.959,80.7438]}],"id":4965267,"interactionBox":{"center":[0,200,0],"size":[235.247,235.247,147.751]},"pointables":[{"bases":[[[0.824455,0.560131,0.0807922],[-0.435147,0.536162,0.72331],[0.361831,-0.631493,0.68578]],[[0.673165,0.727234,-0.134091],[-0.537224,0.605538,0.587123],[0.508173,-0.323194,0.798314]],[[0.673165,0.727234,-0.134091],[-0.683115,0.680978,0.263862],[0.283203,-0.0860232,0.955194]],[[0.673165,0.727234,-0.134091],[-0.732026,0.681024,0.0185657],[0.104821,0.0856605,0.990795]]],"btipPosition":[-59.4627,324.624,-6.75427],"carpPosition":[-22.9142,307.985,86.4855],"dipPosition":[-57.0702,326.579,15.86],"direction":[-0.283203,0.0860232,-0.955194],"extended":false,"handId":977,"id":9770,"length":50.8265,"mcpPosition":[-22.9142,307.985,86.4855],"pipPosition":[-47.6532,323.719,47.6219],"stabilizedTipPosition":[-60.1113,310.852,45.6639],"timeVisible":0.226961,"tipPosition":[-58.7948,325.492,-1.36316],"tipVelocity":[-6.34189,-20.985,-174.653],"tool":false,"touchDistance":0.44846,"touchZone":"hovering","type":0,"width":19.7488},{"bases":[[[0.828778,-0.396183,-0.395179],[0.516638,0.813052,0.268386],[0.214971,-0.426597,0.878523]],[[0.852458,-0.459163,-0.249971],[0.511805,0.830487,0.21988],[0.106637,-0.315375,0.942957]],[[0.852458,-0.459163,-0.249971],[0.39969,0.880606,-0.25452],[0.336992,0.117057,0.934202]],[[0.852458,-0.459163,-0.249971],[0.241549,0.769969,-0.590594],[0.463649,0.443077,0.767276]]],"btipPosition":[-41.4649,356.889,-54.5062],"carpPosition":[-5.90369,323.209,82.8419],"dipPosition":[-33.7392,364.272,-41.7212],"direction":[-0.336992,-0.117056,-0.934202],"extended":true,"handId":977,"id":9771,"length":57.352,"mcpPosition":[-21.3276,353.817,19.809],"pipPosition":[-25.7956,367.031,-19.7],"stabilizedTipPosition":[-43.1323,340.942,-10.6964],"timeVisible":0.226961,"tipPosition":[-39.8437,357.363,-50.6567],"tipVelocity":[1.88596,12.3907,-209.77],"tool":false,"touchDistance":0.192291,"touchZone":"hovering","type":1,"width":18.8641},{"bases":[[[0.749903,-0.582937,-0.312778],[0.653909,0.724805,0.216935],[0.100243,-0.367209,0.924721]],[[0.748554,-0.578177,-0.324619],[0.108601,0.58986,-0.800169],[0.654119,0.563716,0.504333]],[[0.748554,-0.578177,-0.324619],[-0.632069,-0.47424,-0.61285],[0.200388,0.663934,-0.720442]],[[0.748554,-0.578177,-0.324619],[-0.616959,-0.786702,-0.0214833],[-0.242958,0.216358,-0.945601]]],"btipPosition":[-33.9979,296.207,28.7714],"carpPosition":[4.67586,320.098,78.0883],"dipPosition":[-38.4506,300.172,11.4415],"direction":[-0.200388,-0.663934,0.720442],"extended":false,"handId":977,"id":9772,"length":65.348,"mcpPosition":[-2.14482,345.083,15.1691],"pipPosition":[-32.8933,318.584,-8.53827],"stabilizedTipPosition":[-30.9387,288.179,83.2887],"timeVisible":0.226961,"tipPosition":[-34.3493,297.136,26.3015],"tipVelocity":[-27.0361,11.4215,-193.786],"tool":false,"touchDistance":0.333333,"touchZone":"none","type":2,"width":18.527},{"bases":[[[0.705038,-0.68359,-0.188746],[0.708678,0.669229,0.223402],[-0.0264009,-0.291267,0.956277]],[[0.705149,-0.682285,-0.193007],[0.254492,0.497597,-0.829235],[0.661815,0.535615,0.524516]],[[0.705149,-0.682285,-0.193007],[-0.616656,-0.455737,-0.641902],[0.35,0.571656,-0.742098]],[[0.705149,-0.682285,-0.193007],[-0.699543,-0.713863,-0.0322453],[-0.11578,0.157754,-0.980667]]],"btipPosition":[-20.4606,290.214,30.4542],"carpPosition":[14.1104,314.078,73.8099],"dipPosition":[-22.5703,293.089,12.5849],"direction":[-0.35,-0.571656,0.742098],"extended":false,"handId":977,"id":9773,"length":62.8339,"mcpPosition":[15.7232,331.872,15.3913],"pipPosition":[-13.1146,308.533,-7.46391],"stabilizedTipPosition":[-17.5306,283.364,85.9295],"timeVisible":0.226961,"tipPosition":[-20.4746,290.938,27.8652],"tipVelocity":[-22.7326,4.17022,-183.188],"tool":false,"touchDistance":0.333333,"touchZone":"none","type":3,"width":17.6296},{"bases":[[[0.570393,-0.813823,-0.111099],[0.804574,0.526379,0.274927],[-0.165261,-0.246204,0.955025]],[[0.532883,-0.844269,0.0569674],[0.425663,0.209266,-0.880351],[0.731332,0.493373,0.470889]],[[0.532883,-0.844269,0.0569674],[-0.648079,-0.450486,-0.614049],[0.544086,0.290297,-0.787209]],[[0.532883,-0.844269,0.0569674],[-0.843982,-0.535146,-0.0362295],[0.0610734,-0.0287734,-0.997718]]],"btipPosition":[-7.40343,293.884,31.5822],"carpPosition":[19.8753,302.028,70.0395],"dipPosition":[-6.37678,293.4,14.8104],"direction":[-0.544086,-0.290297,0.787209],"extended":false,"handId":977,"id":9774,"length":49.2606,"mcpPosition":[29.2208,315.951,16.0328],"pipPosition":[4.00151,298.938,-0.205401],"stabilizedTipPosition":[-7.30079,286.135,82.9022],"timeVisible":0.226961,"tipPosition":[-7.31113,293.655,28.7433],"tipVelocity":[-12.8313,1.12284,-186.068],"tool":false,"touchDistance":0.333333,"touchZone":"none","type":4,"width":15.66}],"r":[[0.997284,-0.0735597,-0.00381877],[0.0735254,0.991021,0.111678],[-0.00443055,-0.111656,0.993737]],"s":0.991435,"t":[2.91499,6.40815,-44.2435],"timestamp":669396233049},false],[1,{"currentFrameRate":52.0251,"devices":[],"gestures":[],"hands":[{"armBasis":[[0.843082,-0.481181,-0.240161],[0.451726,0.875953,-0.169264],[0.291816,0.0342163,0.955862]],"armWidth":62.1429,"confidence":0.571375,"direction":[-0.00377364,0.473648,-0.880706],"elbow":[83.6698,312.358,330.006],"grabStrength":0.122618,"id":977,"palmNormal":[-0.548814,-0.737205,-0.394121],"palmPosition":[-1.89576,328.768,32.2224],"palmVelocity":[3.2923,-7.19521,-149.093],"palmWidth":88.738,"pinchStrength":0.459143,"r":[[0.996817,-0.0793751,-0.00739397],[0.0797046,0.990593,0.111233],[-0.00150472,-0.111468,0.993767]],"s":0.991245,"sphereCenter":[-15.6634,298.307,-4.34487],"sphereRadius":48.4891,"stabilizedPalmPosition":[-4.92198,322.661,81.8991],"t":[2.97879,6.26684,-47.009],"timeVisible":0.245319,"type":"right","wrist":[6.82959,303.348,78.3108]}],"id":4965268,"interactionBox":{"center":[0,200,0],"size":[235.247,235.247,147.751]},"pointables":[{"bases":[[[0.826516,0.557903,0.0749378],[-0.425846,0.532636,0.731406],[0.368139,-0.636431,0.677813]],[[0.672222,0.727323,-0.138275],[-0.531146,0.603893,0.594304],[0.515754,-0.32606,0.792264]],[[0.672222,0.727323,-0.138275],[-0.680317,0.680517,0.27215],[0.292039,-0.0888746,0.952268]],[[0.672222,0.727323,-0.138275],[-0.730878,0.681724,0.0327015],[0.11805,0.0790794,0.989854]]],"btipPosition":[-59.6927,324.423,-8.42325],"carpPosition":[-22.1794,307.399,84.4032],"dipPosition":[-56.9982,326.228,14.1695],"direction":[-0.292039,0.0888746,-0.952268],"extended":false,"handId":977,"id":9770,"length":50.8265,"mcpPosition":[-22.1794,307.399,84.4032],"pipPosition":[-47.2874,323.273,45.8341],"stabilizedTipPosition":[-60.1112,310.853,45.6593],"timeVisible":0.245319,"tipPosition":[-58.9779,325.322,-3.00947],"tipVelocity":[-7.49635,-17.0729,-134.55],"tool":false,"touchDistance":0.411838,"touchZone":"hovering","type":0,"width":19.7488},{"bases":[[[0.823435,-0.39549,-0.406869],[0.52137,0.810314,0.267515],[0.223893,-0.432411,0.873438]],[[0.848417,-0.458641,-0.264268],[0.515925,0.828141,0.219095],[0.118365,-0.322226,0.939234]],[[0.848417,-0.458641,-0.264268],[0.405163,0.883958,-0.233371],[0.340635,0.0909242,0.935789]],[[0.848417,-0.458641,-0.264268],[0.253173,0.790042,-0.558334],[0.464857,0.406794,0.786401]]],"btipPosition":[-41.9767,358.214,-56.5216],"carpPosition":[-5.17799,322.61,80.6616],"dipPosition":[-34.2309,364.993,-43.4181],"direction":[-0.340635,-0.0909242,-0.935789],"extended":true,"handId":977,"id":9771,"length":57.352,"mcpPosition":[-21.242,353.635,17.9936],"pipPosition":[-26.2014,367.136,-21.3595],"stabilizedTipPosition":[-43.1289,340.964,-10.745],"timeVisible":0.245319,"tipPosition":[-40.3792,358.427,-52.5847],"tipVelocity":[-12.2941,37.4866,-159.816],"tool":false,"touchDistance":0.159922,"touchZone":"hovering","type":1,"width":18.8641},{"bases":[[[0.745086,-0.582579,-0.324727],[0.657865,0.722096,0.213989],[0.109819,-0.373067,0.921282]],[[0.743608,-0.577718,-0.336585],[0.104917,0.59799,-0.794607],[0.660333,0.555563,0.505282]],[[0.743608,-0.577718,-0.336585],[-0.638774,-0.46512,-0.612888],[0.197524,0.670749,-0.714898]],[[0.743608,-0.577718,-0.336585],[-0.619764,-0.784458,-0.0227758],[-0.250878,0.225539,-0.941378]]],"btipPosition":[-34.052,296.039,26.4119],"carpPosition":[5.34082,319.506,75.7706],"dipPosition":[-38.6498,300.172,9.15939],"direction":[-0.197524,-0.670749,0.714898],"extended":false,"handId":977,"id":9772,"length":65.348,"mcpPosition":[-2.13141,344.89,13.0854],"pipPosition":[-33.172,318.774,-10.6666],"stabilizedTipPosition":[-30.9388,288.179,83.2877],"timeVisible":0.245319,"tipPosition":[-34.4406,296.979,23.9384],"tipVelocity":[-16.3359,2.5571,-161.966],"tool":false,"touchDistance":0.333333,"touchZone":"none","type":2,"width":18.527},{"bases":[[[0.701399,-0.683895,-0.200815],[0.712582,0.666368,0.219501],[-0.016299,-0.297055,0.954721]],[[0.701468,-0.682485,-0.205321],[0.249319,0.504873,-0.826404],[0.667669,0.528506,0.524309]],[[0.701468,-0.682485,-0.205321],[-0.623226,-0.447644,-0.641252],[0.345734,0.57778,-0.73935]],[[0.701468,-0.682485,-0.205321],[-0.701741,-0.711727,-0.0316923],[-0.124503,0.166314,-0.978181]]],"btipPosition":[-20.4553,289.97,27.9788],"carpPosition":[14.7137,313.492,71.3499],"dipPosition":[-22.7239,293.001,10.1548],"direction":[-0.345734,-0.57778,0.73935],"extended":false,"handId":977,"id":9773,"length":62.8339,"mcpPosition":[15.7094,331.639,13.0263],"pipPosition":[-13.3835,308.611,-9.8198],"stabilizedTipPosition":[-17.5306,283.365,85.9289],"timeVisible":0.245319,"tipPosition":[-20.5051,290.713,25.3735],"tipVelocity":[-12.6281,-3.27379,-159.688],"tool":false,"touchDistance":0.333333,"touchZone":"none","type":3,"width":17.6296},{"bases":[[[0.567353,-0.814319,-0.122456],[0.808743,0.523005,0.269074],[-0.155067,-0.251695,0.955303]],[[0.531134,-0.845935,0.0478607],[0.430844,0.22101,-0.874944],[0.729569,0.485333,0.481852]],[[0.531134,-0.845935,0.0478607],[-0.647151,-0.441488,-0.621518],[0.546894,0.299136,-0.781937]],[[0.531134,-0.845935,0.0478607],[-0.845359,-0.532888,-0.0374],[0.0571424,-0.0205951,-0.998154]]],"btipPosition":[-7.37191,293.591,28.4973],"carpPosition":[20.4099,301.454,67.4416],"dipPosition":[-6.41134,293.245,11.7182],"direction":[-0.546894,-0.299136,0.781937],"extended":false,"handId":977,"id":9774,"length":49.2606,"mcpPosition":[29.179,315.687,13.4192],"pipPosition":[4.02051,298.951,-3.19706],"stabilizedTipPosition":[-7.30079,286.135,82.9018],"timeVisible":0.245319,"tipPosition":[-7.2402,293.41,25.7989],"tipVelocity":[-6.23945,-6.25121,-177.452],"tool":false,"touchDistance":0.333333,"touchZone":"none","type":4,"width":15.66}],"r":[[0.996817,-0.0793751,-0.00739397],[0.0797046,0.990593,0.111233],[-0.00150472,-0.111468,0.993767]],"s":0.991245,"t":[2.97879,6.26684,-47.009],"timestamp":669396251407},false],[2,{"currentFrameRate":52.1236,"devices":[],"gestures":[],"hands":[{"armBasis":[[0.843189,-0.480455,-0.241237],[0.449057,0.876128,-0.175348],[0.295602,0.0395226,0.954493]],"armWidth":62.1429,"confidence":0.599223,"direction":[-0.00528863,0.474204,-0.880399],"elbow":[84.6777,313.37,327.351],"grabStrength":0.0996415,"id":977,"palmNormal":[-0.549016,-0.737231,-0.393793],"palmPosition":[-1.96428,328.408,29.9567],"palmVelocity":[-0.0976486,-13.0375,-135.04],"palmWidth":88.738,"pinchStrength":0.467243,"r":[[0.996416,-0.0839249,-0.0105512],[0.0845779,0.990219,0.110962],[0.00113551,-0.111456,0.993769]],"s":0.990844,"sphereCenter":[-15.8568,297.936,-6.65021],"sphereRadius":48.4824,"stabilizedPalmPosition":[-4.92197,322.661,81.899],"t":[2.97644,6.01601,-49.5246],"timeVisible":0.264144,"type":"right","wrist":[6.84066,302.963,76.0162]}],"id":4965269,"interactionBox":{"center":[0,200,0],"size":[235.247,235.247,147.751]},"pointables":[{"bases":[[[0.826344,0.55827,0.074093],[-0.425052,0.531958,0.732361],[0.36944,-0.636675,0.676874]],[[0.670939,0.728258,-0.139574],[-0.532128,0.603965,0.593351],[0.516411,-0.323831,0.792751]],[[0.670939,0.728258,-0.139574],[-0.681602,0.679828,0.270652],[0.291991,-0.0864569,0.952505]],[[0.670939,0.728258,-0.139574],[-0.73167,0.680766,0.0348722],[0.120414,0.0787253,0.989597]]],"btipPosition":[-59.7591,323.839,-10.6989],"carpPosition":[-22.1615,306.996,82.1533],"dipPosition":[-57.0107,325.635,11.888],"direction":[-0.291991,0.0864569,-0.952505],"extended":false,"handId":977,"id":9770,"length":50.8265,"mcpPosition":[-22.1615,306.996,82.1533],"pipPosition":[-47.3015,322.761,43.5605],"stabilizedTipPosition":[-60.1112,310.854,45.6563],"timeVisible":0.264144,"tipPosition":[-59.06,324.785,-5.26679],"tipVelocity":[-5.23327,-23.9536,-127.902],"tool":false,"touchDistance":0.369833,"touchZone":"hovering","type":0,"width":19.7488},{"bases":[[[0.823042,-0.394818,-0.408314],[0.521351,0.810406,0.267273],[0.225376,-0.432852,0.872837]],[[0.848099,-0.457411,-0.267401],[0.515582,0.828752,0.217591],[0.122081,-0.322406,0.938696]],[[0.848099,-0.457411,-0.267401],[0.407864,0.885754,-0.221558],[0.338194,0.0788395,0.937768]],[[0.848099,-0.457411,-0.267401],[0.261685,0.800449,-0.539261],[0.460705,0.387372,0.798557]]],"btipPosition":[-42.1073,358.469,-58.9702],"carpPosition":[-5.17315,322.217,78.3967],"dipPosition":[-34.4307,364.924,-45.6641],"direction":[-0.338194,-0.0788395,-0.937768],"extended":true,"handId":977,"id":9771,"length":57.352,"mcpPosition":[-21.3436,353.274,15.7717],"pipPosition":[-26.4587,366.783,-23.5588],"stabilizedTipPosition":[-43.1273,340.975,-10.7724],"timeVisible":0.264144,"tipPosition":[-40.5194,358.589,-55.0079],"tipVelocity":[-10.0874,23.8445,-144.059],"tool":false,"touchDistance":0.119888,"touchZone":"hovering","type":1,"width":18.8641},{"bases":[[[0.744907,-0.581999,-0.326177],[0.657812,0.722291,0.213493],[0.111342,-0.373595,0.920885]],[[0.743402,-0.577113,-0.338074],[0.106399,0.601063,-0.792087],[0.660327,0.552869,0.508236]],[[0.743402,-0.577113,-0.338074],[-0.63858,-0.462095,-0.615373],[0.198917,0.673357,-0.712055]],[[0.743402,-0.577113,-0.338074],[-0.620063,-0.784158,-0.0248733],[-0.250748,0.228118,-0.940791]]],"btipPosition":[-34.1971,295.698,23.9283],"carpPosition":[5.34011,319.121,73.4885],"dipPosition":[-38.7926,299.878,6.68655],"direction":[-0.198917,-0.673357,0.712055],"extended":false,"handId":977,"id":9772,"length":65.348,"mcpPosition":[-2.23577,344.541,10.8303],"pipPosition":[-33.2761,318.552,-13.0606],"stabilizedTipPosition":[-30.9388,288.18,83.2872],"timeVisible":0.264144,"tipPosition":[-34.6041,296.635,21.4323],"tipVelocity":[-12.1024,-7.27648,-147.213],"tool":false,"touchDistance":0.333333,"touchZone":"none","type":2,"width":18.527},{"bases":[[[0.70145,-0.683415,-0.202266],[0.712566,0.666586,0.21889],[-0.0147652,-0.297668,0.954555]],[[0.701516,-0.6819,-0.207094],[0.251147,0.508505,-0.823619],[0.666934,0.525771,0.527981]],[[0.701516,-0.6819,-0.207094],[-0.622234,-0.444411,-0.644456],[0.34742,0.580957,-0.736063]],[[0.701516,-0.6819,-0.207094],[-0.701794,-0.711552,-0.0343438],[-0.123939,0.16943,-0.977718]]],"btipPosition":[-20.5769,289.608,25.4321],"carpPosition":[14.7096,313.116,69.0504],"dipPosition":[-22.8353,292.695,7.61652],"direction":[-0.34742,-0.580957,0.736063],"extended":false,"handId":977,"id":9773,"length":62.8339,"mcpPosition":[15.6116,331.3,10.7369],"pipPosition":[-13.4493,308.39,-12.2692],"stabilizedTipPosition":[-17.5306,283.365,85.9286],"timeVisible":0.264144,"tipPosition":[-20.6365,290.356,22.8147],"tipVelocity":[-9.551,-10.7576,-147.702],"tool":false,"touchDistance":0.333333,"touchZone":"none","type":3,"width":17.6296},{"bases":[[[0.567583,-0.813956,-0.123795],[0.80887,0.523241,0.268233],[-0.153555,-0.252378,0.955367]],[[0.531028,-0.845946,0.0488415],[0.447055,0.230733,-0.864236],[0.719827,0.480768,0.50071]],[[0.531028,-0.845946,0.0488415],[-0.636773,-0.436423,-0.635653],[0.559043,0.306449,-0.770428]],[[0.531028,-0.845946,0.0488415],[-0.844867,-0.533002,-0.0459184],[0.0648771,-0.0168806,-0.99775]]],"btipPosition":[-7.48705,293.214,25.3017],"carpPosition":[20.4062,301.082,65.1262],"dipPosition":[-6.39645,292.93,8.52928],"direction":[-0.559043,-0.306449,0.770428],"extended":false,"handId":977,"id":9774,"length":49.2606,"mcpPosition":[29.0897,315.354,11.1001],"pipPosition":[4.26715,298.775,-6.16643],"stabilizedTipPosition":[-7.30079,286.135,82.9016],"timeVisible":0.264144,"tipPosition":[-7.28127,293.07,22.7644],"tipVelocity":[-5.40219,-12.6231,-173.648],"tool":false,"touchDistance":0.333333,"touchZone":"none","type":4,"width":15.66}],"r":[[0.996416,-0.0839249,-0.0105512],[0.0845779,0.990219,0.110962],[0.00113551,-0.111456,0.993769]],"s":0.990844,"t":[2.97644,6.01601,-49.5246],"timestamp":669396270232},false],[3,{"currentFrameRate":52.2005,"devices":[],"gestures":[],"hands":[{"armBasis":[[0.836055,-0.491169,-0.244469],[0.467708,0.870989,-0.150422],[0.286812,0.0114212,0.957919]],"armWidth":62.1429,"confidence":0.606394,"direction":[-0.00895526,0.471568,-0.881784],"elbow":[81.9497,305.966,323.193],"grabStrength":0.0873846,"id":977,"palmNormal":[-0.561081,-0.732292,-0.385923],"palmPosition":[-2.56184,328.36,24.9083],"palmVelocity":[-15.5606,-7.8965,-199.915],"palmWidth":88.738,"pinchStrength":0.473638,"r":[[0.995848,-0.0897765,-0.0150321],[0.0908884,0.989774,0.10994],[0.00500841,-0.11085,0.993825]],"s":0.990215,"sphereCenter":[-17.1806,297.869,-11.4979],"sphereRadius":48.4941,"stabilizedPalmPosition":[-4.92197,322.661,81.8989],"t":[2.67647,5.86658,-53.3066],"timeVisible":0.28302,"type":"right","wrist":[6.42694,302.958,70.9563]}],"id":4965270,"interactionBox":{"center":[0,200,0],"size":[235.247,235.247,147.751]},"pointables":[{"bases":[[[0.833168,0.549303,0.0640071],[-0.41172,0.538847,0.734936],[0.369213,-0.638678,0.675109]],[[0.677139,0.720611,-0.149003],[-0.520406,0.612122,0.595386],[0.52025,-0.325617,0.789502]],[[0.677139,0.720611,-0.149003],[-0.672137,0.688114,0.273369],[0.299524,-0.0849581,0.950299]],[[0.677139,0.720611,-0.149003],[-0.724172,0.688523,0.0388708],[0.130603,0.081583,0.988072]]],"btipPosition":[-60.7329,324.145,-15.2131],"carpPosition":[-22.4654,307.331,77.3728],"dipPosition":[-57.7519,326.008,7.33907],"direction":[-0.299524,0.0849581,-0.950299],"extended":false,"handId":977,"id":9770,"length":50.8265,"mcpPosition":[-22.4654,307.331,77.3728],"pipPosition":[-47.7922,323.183,38.9382],"stabilizedTipPosition":[-60.1112,310.854,45.6544],"timeVisible":0.28302,"tipPosition":[-60.0042,325.133,-9.78102],"tipVelocity":[-26.5568,-3.86164,-182.616],"tool":false,"touchDistance":0.294463,"touchZone":"hovering","type":0,"width":19.7488},{"bases":[[[0.814458,-0.405145,-0.41535],[0.532949,0.805386,0.25946],[0.229398,-0.432679,0.871874]],[[0.840151,-0.467239,-0.275378],[0.526592,0.824276,0.208014],[0.129795,-0.319775,0.938561]],[[0.840151,-0.467239,-0.275378],[0.416869,0.881134,-0.223209],[0.346937,0.0727329,0.935064]],[[0.840151,-0.467239,-0.275378],[0.269846,0.800562,-0.535055],[0.470456,0.375218,0.798676]]],"btipPosition":[-43.2633,358.828,-63.833],"carpPosition":[-5.34876,322.352,73.3974],"dipPosition":[-35.4242,365.08,-50.5249],"direction":[-0.346937,-0.0727329,-0.935064],"extended":true,"handId":977,"id":9771,"length":57.352,"mcpPosition":[-21.8078,353.396,10.8415],"pipPosition":[-27.2461,366.794,-28.4834],"stabilizedTipPosition":[-43.1267,340.982,-10.7896],"timeVisible":0.28302,"tipPosition":[-41.6262,358.935,-59.887],"tipVelocity":[-34.1809,20.254,-199.686],"tool":false,"touchDistance":0.0388499,"touchZone":"hovering","type":1,"width":18.8641},{"bases":[[[0.735095,-0.591199,-0.331843],[0.667877,0.715602,0.204583],[0.116518,-0.372018,0.920883]],[[0.73352,-0.586319,-0.343772],[0.107257,0.599313,-0.793297],[0.671152,0.545027,0.502494]],[[0.73352,-0.586319,-0.343772],[-0.649191,-0.454638,-0.609799],[0.201245,0.670474,-0.714119]],[[0.73352,-0.586319,-0.343772],[-0.629414,-0.776861,-0.0180349],[-0.256489,0.229604,-0.93888]]],"btipPosition":[-35.2781,296.015,19.1253],"carpPosition":[5.07948,319.125,68.3932],"dipPosition":[-39.9787,300.223,1.91852],"direction":[-0.201245,-0.670474,0.714119],"extended":false,"handId":977,"id":9772,"length":65.348,"mcpPosition":[-2.84855,344.437,5.73511],"pipPosition":[-34.3977,318.817,-17.8859],"stabilizedTipPosition":[-30.9389,288.18,83.2868],"timeVisible":0.28302,"tipPosition":[-35.715,296.948,16.6034],"tipVelocity":[-34.8591,4.6897,-199.547],"tool":false,"touchDistance":0.333333,"touchZone":"none","type":2,"width":18.527},{"bases":[[[0.691776,-0.691752,-0.207182],[0.722063,0.659311,0.209603],[-0.00839607,-0.294597,0.955585]],[[0.691811,-0.69014,-0.212376],[0.252252,0.506576,-0.824469],[0.676584,0.516805,0.524544]],[[0.691811,-0.69014,-0.212376],[-0.631652,-0.435896,-0.641101],[0.349875,0.577669,-0.737486]],[[0.691811,-0.69014,-0.212376],[-0.71035,-0.703267,-0.0286054],[-0.129616,0.170651,-0.976769]]],"btipPosition":[-21.7223,289.764,20.3695],"carpPosition":[14.3367,313.002,63.8797],"dipPosition":[-24.0841,292.873,2.57119],"direction":[-0.349875,-0.577669,0.737486],"extended":false,"handId":977,"id":9773,"length":62.8339,"mcpPosition":[14.8496,330.999,5.50336],"pipPosition":[-14.6318,308.48,-17.353],"stabilizedTipPosition":[-17.5306,283.365,85.9284],"timeVisible":0.28302,"tipPosition":[-21.8037,290.509,17.7467],"tipVelocity":[-35.2193,-1.30021,-206.64],"tool":false,"touchDistance":0.333333,"touchZone":"none","type":3,"width":17.6296},{"bases":[[[0.557276,-0.820564,-0.126957],[0.817272,0.515057,0.258422],[-0.146662,-0.247771,0.957653]],[[0.522248,-0.851572,0.0456223],[0.445984,0.22713,-0.865742],[0.72688,0.472479,0.498406]],[[0.522248,-0.851572,0.0456223],[-0.644918,-0.429383,-0.632227],[0.557977,0.300757,-0.773439]],[[0.522248,-0.851572,0.0456223],[-0.850942,-0.523891,-0.0378902],[0.0561674,-0.0190339,-0.99824]]],"btipPosition":[-8.49948,293.196,20.1273],"carpPosition":[19.86,300.895,59.936],"dipPosition":[-7.5553,292.876,3.34672],"direction":[-0.557977,-0.300757,0.773439],"extended":false,"handId":977,"id":9774,"length":49.2606,"mcpPosition":[28.1537,314.906,5.78066],"pipPosition":[3.08795,298.613,-11.4064],"stabilizedTipPosition":[-7.30079,286.135,82.9015],"timeVisible":0.28302,"tipPosition":[-8.31843,293.062,17.578],"tipVelocity":[-29.9088,-7.1118,-222.925],"tool":false,"touchDistance":0.333333,"touchZone":"none","type":4,"width":15.66}],"r":[[0.995848,-0.0897765,-0.0150321],[0.0908884,0.989774,0.10994],[0.00500841,-0.11085,0.993825]],"s":0.990215,"t":[2.67647,5.86658,-53.3066],"timestamp":669396289108},false],[4,{"currentFrameRate":52.2151,"devices":[],"gestures":[],"hands":[{"armBasis":[[0.842143,-0.484277,-0.237215],[0.450363,0.873565,-0.184545],[0.296594,0.04858,0.953767]],"armWidth":62.1429,"confidence":0.617787,"direction":[-0.00838915,0.481497,-0.876408],"elbow":[84.0834,315.57,318.023],"grabStrength":0.0753375,"id":977,"palmNormal":[-0.558119,-0.729478,-0.395431],"palmPosition":[-2.97627,328.674,21.1017],"palmVelocity":[-18.5932,4.11886,-199.621],"palmWidth":88.738,"pinchStrength":0.479198,"r":[[0.995416,-0.0938535,-0.0183731],[0.0953228,0.989196,0.111381],[0.00772115,-0.112622,0.993608]],"s":0.989632,"sphereCenter":[-17.4313,298.502,-15.7076],"sphereRadius":48.511,"stabilizedPalmPosition":[-4.92197,322.661,81.8988],"t":[2.31928,5.94872,-57.1009],"timeVisible":0.302118,"type":"right","wrist":[5.98514,302.778,66.8791]}],"id":4965271,"interactionBox":{"center":[0,200,0],"size":[235.247,235.247,147.751]},"pointables":[{"bases":[[[0.831436,0.550927,0.0720692],[-0.41488,0.529308,0.740073],[0.369579,-0.645223,0.668654]],[[0.675094,0.724395,-0.139641],[-0.524451,0.60437,0.59974],[0.518843,-0.331646,0.787917]],[[0.675094,0.724395,-0.139641],[-0.67544,0.683043,0.277909],[0.296697,-0.0932954,0.950404]],[[0.675094,0.724395,-0.139641],[-0.726696,0.685591,0.0433262],[0.127122,0.0722275,0.989254]]],"btipPosition":[-60.9592,324.594,-19.2586],"carpPosition":[-22.9336,306.995,73.2805],"dipPosition":[-58.0577,326.242,3.32047],"direction":[-0.296697,0.0932954,-0.950404],"extended":false,"handId":977,"id":9770,"length":50.8265,"mcpPosition":[-22.9336,306.995,73.2805],"pipPosition":[-48.192,323.14,34.923],"stabilizedTipPosition":[-60.1112,310.855,45.6534],"timeVisible":0.302118,"tipPosition":[-60.2835,325.55,-13.8044],"tipVelocity":[-19.7651,8.36979,-196.887],"tool":false,"touchDistance":0.227141,"touchZone":"hovering","type":0,"width":19.7488},{"bases":[[[0.816531,-0.398081,-0.418101],[0.530052,0.803919,0.269741],[0.22874,-0.441867,0.867428]],[[0.842038,-0.461458,-0.279337],[0.523479,0.824011,0.216738],[0.130162,-0.328729,0.935412]],[[0.842038,-0.461458,-0.279337],[0.416399,0.885253,-0.207216],[0.342906,0.0581673,0.937567]],[[0.842038,-0.461458,-0.279337],[0.273551,0.81162,-0.51618],[0.464911,0.35823,0.809647]]],"btipPosition":[-43.5471,360.246,-67.5079],"carpPosition":[-5.85183,322.109,69.5134],"dipPosition":[-35.8004,366.215,-54.0169],"direction":[-0.342906,-0.0581673,-0.937567],"extended":true,"handId":977,"id":9771,"length":57.352,"mcpPosition":[-22.2637,353.812,7.2765],"pipPosition":[-27.7173,367.586,-31.9164],"stabilizedTipPosition":[-43.1267,340.982,-10.7896],"timeVisible":0.302118,"tipPosition":[-41.9213,360.301,-63.5485],"tipVelocity":[-25.186,45.2358,-195.01],"tool":false,"touchDistance":-0.0716971,"touchZone":"hovering","type":1,"width":18.8641},{"bases":[[[0.737523,-0.585296,-0.336881],[0.665358,0.715148,0.214152],[0.115578,-0.382089,0.91687]],[[0.735956,-0.580274,-0.348785],[0.109032,0.610029,-0.784842],[0.668192,0.539581,0.512223]],[[0.735956,-0.580274,-0.348785],[-0.646023,-0.447775,-0.618184],[0.202539,0.68028,-0.704413]],[[0.735956,-0.580274,-0.348785],[-0.627526,-0.778029,-0.0297087],[-0.254125,0.240736,-0.936732]]],"btipPosition":[-35.6371,296.324,14.7354],"carpPosition":[4.5966,318.968,64.4961],"dipPosition":[-40.2944,300.736,-2.43196],"direction":[-0.202539,-0.680279,0.704413],"extended":false,"handId":977,"id":9772,"length":65.348,"mcpPosition":[-3.26749,344.966,2.11113],"pipPosition":[-34.6775,319.602,-21.9672],"stabilizedTipPosition":[-30.9389,288.18,83.2865],"timeVisible":0.302118,"tipPosition":[-36.086,297.283,12.1949],"tipVelocity":[-26.6674,11.58,-214.286],"tool":false,"touchDistance":0.333333,"touchZone":"none","type":2,"width":18.527},{"bases":[[[0.694222,-0.687378,-0.213463],[0.719696,0.65896,0.218654],[-0.00963456,-0.305423,0.952168]],[[0.694265,-0.685661,-0.218778],[0.255101,0.518677,-0.816026],[0.672993,0.510728,0.535012]],[[0.694265,-0.685661,-0.218778],[-0.627625,-0.428002,-0.650309],[0.352254,0.588798,-0.727485]],[[0.694265,-0.685661,-0.218778],[-0.708571,-0.704463,-0.0407415],[-0.126186,0.183305,-0.974924]]],"btipPosition":[-22.0723,290.081,15.8727],"carpPosition":[13.8813,312.924,59.9342],"dipPosition":[-24.3716,293.421,-1.89194],"direction":[-0.352254,-0.588798,0.727485],"extended":false,"handId":977,"id":9773,"length":62.8339,"mcpPosition":[14.4698,331.582,1.76656],"pipPosition":[-14.855,309.328,-21.546],"stabilizedTipPosition":[-17.5307,283.365,85.9282],"timeVisible":0.302118,"tipPosition":[-22.155,290.859,13.2342],"tipVelocity":[-26.5024,8.90629,-220.675],"tool":false,"touchDistance":0.333333,"touchZone":"none","type":3,"width":17.6296},{"bases":[[[0.55992,-0.817475,-0.135],[0.815214,0.514436,0.266048],[-0.148039,-0.259019,0.95446]],[[0.524728,-0.850481,0.0366554],[0.448705,0.239736,-0.860924],[0.723412,0.468198,0.507411]],[[0.524728,-0.850481,0.0366554],[-0.641689,-0.423468,-0.639461],[0.559372,0.312022,-0.767949]],[[0.524728,-0.850481,0.0366554],[-0.849287,-0.525957,-0.0456128],[0.058072,-0.00719665,-0.998286]]],"btipPosition":[-8.77244,293.549,15.8234],"carpPosition":[19.4482,300.878,55.866],"dipPosition":[-7.79624,293.428,-0.957975],"direction":[-0.559372,-0.312022,0.767949],"extended":false,"handId":977,"id":9774,"length":49.2606,"mcpPosition":[27.8198,315.525,1.89121],"pipPosition":[2.87362,299.38,-15.6064],"stabilizedTipPosition":[-7.30079,286.135,82.9014],"timeVisible":0.302118,"tipPosition":[-8.59516,293.449,13.2447],"tipVelocity":[-22.0042,6.71525,-224.132],"tool":false,"touchDistance":0.333333,"touchZone":"none","type":4,"width":15.66}],"r":[[0.995416,-0.0938535,-0.0183731],[0.0953228,0.989196,0.111381],[0.00772115,-0.112622,0.993608]],"s":0.989632,"t":[2.31928,5.94872,-57.1009],"timestamp":669396308206},false],[5,{"currentFrameRate":52.2372,"devices":[],"gestures":[],"hands":[{"armBasis":[[0.841734,-0.476031,-0.254711],[0.443782,0.878737,-0.175726],[0.307475,0.0348786,0.950917]],"armWidth":62.1429,"confidence":0.629813,"direction":[-0.00874237,0.48,-0.877225],"elbow":[86.5987,312.409,314.879],"grabStrength":0.0623669,"id":977,"palmNormal":[-0.547158,-0.736575,-0.397587],"palmPosition":[-3.35266,328.942,18.6135],"palmVelocity":[-19.1612,9.03511,-165.533],"palmWidth":88.738,"pinchStrength":0.484154,"r":[[0.9953,-0.0947854,-0.019825],[0.096421,0.988984,0.112314],[0.00896083,-0.113698,0.993475]],"s":0.989267,"sphereCenter":[-17.1874,298.443,-18.2824],"sphereRadius":48.5677,"stabilizedPalmPosition":[-4.92197,322.661,81.8988],"t":[1.95249,6.12404,-60.2422],"timeVisible":0.321181,"type":"right","wrist":[5.63518,303.224,64.486]}],"id":4965272,"interactionBox":{"center":[0,200,0],"size":[235.247,235.247,147.751]},"pointables":[{"bases":[[[0.824487,0.560732,0.0761621],[-0.425491,0.525568,0.736706],[0.373067,-0.639811,0.67191]],[[0.667106,0.732241,-0.137089],[-0.535928,0.599542,0.594416],[0.517446,-0.323068,0.792386]],[[0.667106,0.732241,-0.137089],[-0.685713,0.675481,0.27115],[0.291148,-0.0868814,0.952725]],[[0.667106,0.732241,-0.137089],[-0.735415,0.676677,0.0356749],[0.118888,0.0770186,0.989916]]],"btipPosition":[-60.9541,323.971,-22.1422],"carpPosition":[-23.3689,307.112,70.7068],"dipPosition":[-58.2405,325.729,0.451967],"direction":[-0.291148,0.0868814,-0.952725],"extended":false,"handId":977,"id":9770,"length":50.8265,"mcpPosition":[-23.3689,307.112,70.7068],"pipPosition":[-48.5593,322.84,32.1317],"stabilizedTipPosition":[-60.1112,310.855,45.6529],"timeVisible":0.321181,"tipPosition":[-60.3587,324.973,-16.6798],"tipVelocity":[-11.0002,-11.2197,-174.291],"tool":false,"touchDistance":0.179138,"touchZone":"hovering","type":0,"width":19.7488},{"bases":[[[0.823634,-0.389147,-0.412543],[0.518979,0.810487,0.271609],[0.228665,-0.437808,0.869504]],[[0.848979,-0.451763,-0.274125],[0.512196,0.831099,0.216632],[0.129959,-0.324322,0.936977]],[[0.848979,-0.451763,-0.274125],[0.40892,0.890233,-0.200672],[0.334691,0.0582706,0.940524]],[[0.848979,-0.451763,-0.274125],[0.272218,0.818528,-0.505875],[0.452915,0.354855,0.817891]]],"btipPosition":[-43.7305,360.134,-70.4252],"carpPosition":[-6.44271,322.42,67.0177],"dipPosition":[-36.1837,366.047,-56.7969],"direction":[-0.334691,-0.0582706,-0.940524],"extended":true,"handId":977,"id":9771,"length":57.352,"mcpPosition":[-22.8491,353.832,4.63185],"pipPosition":[-28.2943,367.421,-34.6266],"stabilizedTipPosition":[-43.1267,340.982,-10.7896],"timeVisible":0.321181,"tipPosition":[-42.1332,360.196,-66.4441],"tipVelocity":[-18.6982,19.7011,-173.484],"tool":false,"touchDistance":-0.119792,"touchZone":"hovering","type":1,"width":18.8641},{"bases":[[[0.746333,-0.577147,-0.331495],[0.655647,0.72322,0.216977],[0.114516,-0.379281,0.918168]],[[0.744777,-0.572153,-0.343437],[0.108029,0.611243,-0.784036],[0.658512,0.54683,0.517049]],[[0.744777,-0.572153,-0.343437],[-0.636594,-0.454817,-0.622808],[0.200141,0.682482,-0.702966]],[[0.744777,-0.572153,-0.343437],[-0.618512,-0.785065,-0.033414],[-0.250502,0.237306,-0.938581]]],"btipPosition":[-35.6345,296.219,11.9863],"carpPosition":[4.07175,319.394,62.0683],"dipPosition":[-40.2254,300.568,-5.21503],"direction":[-0.200141,-0.682482,0.702966],"extended":false,"handId":977,"id":9772,"length":65.348,"mcpPosition":[-3.72005,345.201,-0.404985],"pipPosition":[-34.675,319.495,-24.7101],"stabilizedTipPosition":[-30.9389,288.18,83.2863],"timeVisible":0.321181,"tipPosition":[-36.0932,297.168,9.41324],"tipVelocity":[-13.0486,2.78437,-179.919],"tool":false,"touchDistance":0.333333,"touchZone":"none","type":2,"width":18.527},{"bases":[[[0.703487,-0.679537,-0.208173],[0.71061,0.667678,0.221898],[-0.0117952,-0.304032,0.952589]],[[0.703543,-0.677789,-0.213612],[0.256122,0.522218,-0.813443],[0.662894,0.517581,0.541]],[[0.703543,-0.677789,-0.213612],[-0.617479,-0.43424,-0.655863],[0.351778,0.593328,-0.724026]],[[0.703543,-0.677789,-0.213612],[-0.700277,-0.712388,-0.0459989],[-0.120997,0.181949,-0.975835]]],"btipPosition":[-22.0095,290.127,13.1471],"carpPosition":[13.4538,313.451,57.5721],"dipPosition":[-24.2142,293.442,-4.63412],"direction":[-0.351778,-0.593328,0.724026],"extended":false,"handId":977,"id":9773,"length":62.8339,"mcpPosition":[14.1744,332.025,-0.621287],"pipPosition":[-14.7105,309.472,-24.1947],"stabilizedTipPosition":[-17.5307,283.365,85.9281],"timeVisible":0.321181,"tipPosition":[-22.0915,290.902,10.4843],"tipVelocity":[-11.2387,5.55683,-182.442],"tool":false,"touchDistance":0.333333,"touchZone":"none","type":3,"width":17.6296},{"bases":[[[0.570245,-0.811074,-0.130305],[0.807525,0.524356,0.270099],[-0.150744,-0.259247,0.953974]],[[0.536327,-0.843336,0.0337342],[0.448465,0.25089,-0.857866],[0.715005,0.475225,0.512766]],[[0.536327,-0.843336,0.0337342],[-0.632885,-0.428289,-0.645001],[0.5584,0.324581,-0.763437]],[[0.536327,-0.843336,0.0337342],[-0.841697,-0.537386,-0.0525496],[0.0624452,-0.000210239,-0.998048]]],"btipPosition":[-8.64715,293.55,13.2671],"carpPosition":[19.1856,301.465,53.557],"dipPosition":[-7.59743,293.546,-3.51026],"direction":[-0.5584,-0.324581,0.763437],"extended":false,"handId":977,"id":9774,"length":49.2606,"mcpPosition":[27.7102,316.125,-0.390358],"pipPosition":[3.0539,299.738,-18.0726],"stabilizedTipPosition":[-7.30079,286.135,82.9014],"timeVisible":0.321181,"tipPosition":[-8.47596,293.548,10.6398],"tipVelocity":[-7.46844,4.1178,-179.69],"tool":false,"touchDistance":0.333333,"touchZone":"none","type":4,"width":15.66}],"r":[[0.9953,-0.0947854,-0.019825],[0.096421,0.988984,0.112314],[0.00896083,-0.113698,0.993475]],"s":0.989267,"t":[1.95249,6.12404,-60.2422],"timestamp":669396327269},false],[6,{"currentFrameRate":52.383,"devices":[],"gestures":[],"hands":[{"armBasis":[[0.842545,-0.468077,-0.2665],[0.432896,0.88287,-0.18205],[0.320498,0.0380183,0.946486]],"armWidth":62.1429,"confidence":0.654005,"direction":[-0.00629204,0.479441,-0.877551],"elbow":[89.7147,313.37,312.852],"grabStrength":0.0483077,"id":977,"palmNormal":[-0.536043,-0.742447,-0.401785],"palmPosition":[-3.54343,328.959,17.6631],"palmVelocity":[-14.861,5.0909,-110.183],"palmWidth":88.738,"pinchStrength":0.49017,"r":[[0.995437,-0.093454,-0.0192847],[0.0950435,0.989027,0.113106],[0.00850284,-0.114423,0.993396]],"s":0.988835,"sphereCenter":[-16.7003,298.182,-19.3783],"sphereRadius":48.6083,"stabilizedPalmPosition":[-4.92197,322.661,81.8988],"t":[1.67371,6.21994,-62.288],"timeVisible":0.33974,"type":"right","wrist":[5.32194,303.359,63.6255]}],"id":4965273,"interactionBox":{"center":[0,200,0],"size":[235.247,235.247,147.751]},"pointables":[{"bases":[[[0.817914,0.569347,0.082832],[-0.4372,0.521468,0.732753],[0.373996,-0.635543,0.675434]],[[0.660215,0.739344,-0.132239],[-0.54861,0.594959,0.58741],[0.512975,-0.315269,0.798412]],[[0.660215,0.739344,-0.132239],[-0.696094,0.66845,0.261971],[0.282081,-0.080906,0.955973]],[[0.660215,0.739344,-0.132239],[-0.74332,0.668428,0.0260661],[0.107664,0.0810868,0.990875]]],"btipPosition":[-60.5828,323.135,-23.6749],"carpPosition":[-23.773,306.947,69.5974],"dipPosition":[-58.1254,324.986,-1.05882],"direction":[-0.282081,0.080906,-0.955973],"extended":false,"handId":977,"id":9770,"length":50.8265,"mcpPosition":[-23.773,306.947,69.5974],"pipPosition":[-48.7457,322.295,30.7289],"stabilizedTipPosition":[-60.1112,310.855,45.6524],"timeVisible":0.33974,"tipPosition":[-60.1056,324.196,-18.1903],"tipVelocity":[2.47384,-27.0461,-129.759],"tool":false,"touchDistance":0.153677,"touchZone":"hovering","type":0,"width":19.7488},{"bases":[[[0.831127,-0.380736,-0.4053],[0.508167,0.815997,0.275529],[0.22582,-0.434959,0.871674]],[[0.855856,-0.442663,-0.267507],[0.501283,0.83731,0.218237],[0.127381,-0.320876,0.938516]],[[0.855856,-0.442663,-0.267507],[0.402877,0.894908,-0.191912],[0.324346,0.0564763,0.944251]],[[0.855856,-0.442663,-0.267507],[0.273039,0.825952,-0.493206],[0.439272,0.349074,0.827761]]],"btipPosition":[-43.4812,359.933,-71.8722],"carpPosition":[-6.97666,322.429,66.0431],"dipPosition":[-36.1617,365.749,-58.0795],"direction":[-0.324346,-0.0564763,-0.944251],"extended":true,"handId":977,"id":9771,"length":57.352,"mcpPosition":[-23.179,353.636,3.50156],"pipPosition":[-28.5161,367.081,-35.8214],"stabilizedTipPosition":[-43.1267,340.982,-10.7896],"timeVisible":0.33974,"tipPosition":[-41.9154,359.987,-67.8635],"tipVelocity":[-4.50451,4.33633,-126.254],"tool":false,"touchDistance":-0.14328,"touchZone":"hovering","type":1,"width":18.8641},{"bases":[[[0.755105,-0.569492,-0.3248],[0.646197,0.730134,0.222112],[0.110657,-0.377603,0.919332]],[[0.753596,-0.564513,-0.336776],[0.109454,0.612943,-0.782509],[0.648161,0.552834,0.5237]],[[0.753596,-0.564513,-0.336776],[-0.626155,-0.460551,-0.629144],[0.200058,0.684995,-0.700542]],[[0.753596,-0.564513,-0.336776],[-0.610236,-0.79125,-0.0391979],[-0.244346,0.235052,-0.940769]]],"btipPosition":[-35.4571,295.911,10.684],"carpPosition":[3.6105,319.51,61.185],"dipPosition":[-39.9352,300.219,-6.5574],"direction":[-0.200058,-0.684995,0.700542],"extended":false,"handId":977,"id":9772,"length":65.348,"mcpPosition":[-3.91874,345.203,-1.36746],"pipPosition":[-34.3871,319.215,-25.9853],"stabilizedTipPosition":[-30.9389,288.18,83.2863],"timeVisible":0.33974,"tipPosition":[-35.9166,296.853,8.07925],"tipVelocity":[-1.42749,-6.85734,-127.024],"tool":false,"touchDistance":0.333333,"touchZone":"none","type":2,"width":18.527},{"bases":[[[0.712283,-0.672261,-0.201786],[0.701693,0.675171,0.227532],[-0.0167205,-0.303659,0.952634]],[[0.712369,-0.670462,-0.20739],[0.260413,0.526941,-0.809023],[0.651701,0.522316,0.549974]],[[0.712369,-0.670462,-0.20739],[-0.605817,-0.438295,-0.663991],[0.354282,0.598647,-0.718405]],[[0.712369,-0.670462,-0.20739],[-0.692671,-0.719219,-0.0541432],[-0.112858,0.182223,-0.976759]]],"btipPosition":[-21.7987,289.961,11.8184],"carpPosition":[13.0919,313.664,56.7722],"dipPosition":[-23.8552,293.282,-5.97966],"direction":[-0.354282,-0.598647,0.718405],"extended":false,"handId":977,"id":9773,"length":62.8339,"mcpPosition":[14.1134,332.214,-1.42392],"pipPosition":[-14.2837,309.455,-25.3884],"stabilizedTipPosition":[-17.5307,283.365,85.9281],"timeVisible":0.33974,"tipPosition":[-21.8703,290.735,9.14366],"tipVelocity":[0.590418,-1.41818,-128.875],"tool":false,"touchDistance":0.333333,"touchZone":"none","type":3,"width":17.6296},{"bases":[[[0.579764,-0.805143,-0.124975],[0.799685,0.532893,0.27664],[-0.156136,-0.260327,0.952812]],[[0.546931,-0.836619,0.030569],[0.453728,0.265537,-0.850659],[0.703561,0.479122,0.524828]],[[0.546931,-0.836619,0.030569],[-0.620648,-0.429706,-0.655857],[0.561839,0.339736,-0.754266]],[[0.546931,-0.836619,0.030569],[-0.834206,-0.5477,-0.0642252],[0.0704747,0.00962588,-0.997467]]],"btipPosition":[-8.35135,293.293,11.9882],"carpPosition":[18.9824,301.736,52.813],"dipPosition":[-7.16666,293.455,-4.77938],"direction":[-0.561839,-0.339736,0.754266],"extended":false,"handId":977,"id":9774,"length":49.2606,"mcpPosition":[27.8119,316.457,-1.06859],"pipPosition":[3.55026,299.935,-19.1668],"stabilizedTipPosition":[-7.30079,286.135,82.9013],"timeVisible":0.33974,"tipPosition":[-8.17713,293.403,9.36726