{"sensorType":"Leap","data":[[0,{"currentFrameRate":53.0411,"devices":[],"gestures":[],"hands":[{"armBasis":[[0.929624,-0.233806,-0.284839],[0.179088,0.962174,-0.205299],[0.322065,0.13984,0.936333]],"armWidth":62.1429,"confidence":0.713967,"direction":[0.00494159,0.425417,-0.904984],"elbow":[104.308,294.142,319.151],"grabStrength":0,"id":973,"palmNormal":[-0.219361,-0.882491,-0.416041],"palmPosition":[11.5862,277.497,23.8471],"palmVelocity":[-26.3987,33.6984,159.439],"palmWidth":88.738,"pinchStrength":0.315327,"r":[[0.971502,0.168519,0.16669],[-0.155736,0.983952,-0.0870914],[-0.178692,0.0586498,0.982155]],"s":1.02112,"sphereCenter":[6.38559,241.82,-12.2955],"sphereRadius":48.5634,"stabilizedPalmPosition":[16.9608,271.797,-5.44873],"t":[20.5403,-5.44249,-92.0439],"timeVisible":3.18799,"type":"right","wrist":[19.5031,257.32,72.5982]}],"id":4964619,"interactionBox":{"center":[0,200,0],"size":[235.247,235.247,147.751]},"pointables":[{"bases":[[[0.589758,0.791626,0.15973],[-0.689009,0.390058,0.610836],[0.42125,-0.470301,0.775478]],[[0.497668,0.867335,0.0075093],[-0.730264,0.414316,0.543192],[0.468018,-0.275813,0.839575]],[[0.497668,0.867335,0.0075093],[-0.86008,0.492348,0.133626],[0.112202,-0.0729602,0.991003]],[[0.497668,0.867335,0.0075093],[-0.854306,0.491653,-0.168637],[-0.149956,0.0775099,0.98565]]],"btipPosition":[-33.0412,266.266,-22.6121],"carpPosition":[-9.94888,252.182,73.7096],"dipPosition":[-36.4639,268.035,-0.115264],"direction":[-0.112202,0.0729602,-0.991003],"extended":false,"handId":973,"id":9730,"length":50.8265,"mcpPosition":[-9.94888,252.182,73.7096],"pipPosition":[-32.733,265.609,32.8373],"stabilizedTipPosition":[-26.4189,256.984,-46.1633],"timeVisible":3.18799,"tipPosition":[-33.783,267.538,-17.2277],"tipVelocity":[-47.6725,82.2262,164.036],"tool":false,"touchDistance":0.311698,"touchZone":"hovering","type":0,"width":19.7488},{"bases":[[[0.962611,-0.126299,-0.239645],[0.193357,0.939934,0.281314],[0.189721,-0.317133,0.929211]],[[0.97081,-0.141817,-0.193431],[0.166781,0.978727,0.119489],[0.17237,-0.148262,0.97381]],[[0.97081,-0.141817,-0.193431],[0.115143,0.983027,-0.142828],[0.210403,0.116387,0.970662]],[[0.97081,-0.141817,-0.193431],[0.0703816,0.939407,-0.335502],[0.22929,0.312095,0.921967]]],"btipPosition":[-27.6548,292.894,-74.2151],"carpPosition":[1.95983,271.872,71.4995],"dipPosition":[-23.8342,298.094,-58.8526],"direction":[-0.210403,-0.116387,-0.970662],"extended":true,"handId":973,"id":9731,"length":57.352,"mcpPosition":[-11.6524,294.626,4.82975],"pipPosition":[-18.8746,300.838,-35.972],"stabilizedTipPosition":[-20.6706,287.094,-99.4984],"timeVisible":3.18799,"tipPosition":[-26.5107,295.558,-70.6921],"tipVelocity":[-22.426,61.7872,166.312],"tool":false,"touchDistance":0.290301,"touchZone":"hovering","type":1,"width":18.8641},{"bases":[[[0.932231,-0.326356,-0.156324],[0.357433,0.897859,0.257081],[0.0564568,-0.295534,0.953662]],[[0.93133,-0.322103,-0.169924],[0.045654,0.566182,-0.823015],[0.361304,0.758741,0.542007]],[[0.93133,-0.322103,-0.169924],[-0.302188,-0.423119,-0.854197],[0.203242,0.846888,-0.491399]],[[0.93133,-0.322103,-0.169924],[-0.363331,-0.79003,-0.493805],[0.0248113,0.521634,-0.852808]]],"btipPosition":[-13.3095,223.51,7.47622],"carpPosition":[13.607,272.114,68.5859],"dipPosition":[-12.8547,233.07,-8.15311],"direction":[-0.203242,-0.846888,0.491399],"extended":false,"handId":973,"id":9732,"length":65.348,"mcpPosition":[9.76564,292.223,3.69748],"pipPosition":[-7.21833,256.556,-21.7809],"stabilizedTipPosition":[-1.19219,219.506,-23.945],"timeVisible":3.18799,"tipPosition":[-12.9453,226.111,4.50287],"tipVelocity":[-98.3607,61.8442,164.362],"tool":false,"touchDistance":0.333333,"touchZone":"none","type":2,"width":18.527},{"bases":[[[0.900763,-0.433039,-0.0332129],[0.424741,0.86237,0.275525],[-0.0906714,-0.26229,0.96072]],[[0.902341,-0.427911,-0.0516968],[0.176601,0.476454,-0.86128],[0.393182,0.768039,0.505494]],[[0.902341,-0.427911,-0.0516968],[-0.26426,-0.454479,-0.850656],[0.34051,0.781243,-0.523175]],[[0.902341,-0.427911,-0.0516968],[-0.394195,-0.770777,-0.500512],[0.174328,0.472011,-0.864185]]],"btipPosition":[1.02078,222.098,15.3496],"carpPosition":[24.99,269.248,66.1849],"dipPosition":[4.1973,230.699,-0.397191],"direction":[-0.34051,-0.781243,0.523175],"extended":false,"handId":973,"id":9733,"length":62.8339,"mcpPosition":[30.5291,285.271,7.49479],"pipPosition":[13.3966,251.805,-14.5315],"stabilizedTipPosition":[13.6015,220.312,-16.3773],"timeVisible":3.18799,"tipPosition":[1.9132,224.572,11.9543],"tipVelocity":[-97.8973,38.5595,178.313],"tool":false,"touchDistance":0.333333,"touchZone":"none","type":3,"width":17.6296},{"bases":[[[0.80157,-0.596982,0.033138],[0.549981,0.757935,0.350793],[-0.234534,-0.26296,0.935866]],[[0.817178,-0.575089,-0.0386334],[0.298093,0.479042,-0.825627],[0.493316,0.663168,0.562892]],[[0.817178,-0.575089,-0.0386334],[-0.302373,-0.370666,-0.878167],[0.490704,0.729301,-0.476791]],[[0.817178,-0.575089,-0.0386334],[-0.499858,-0.673713,-0.54429],[0.286988,0.464093,-0.838007]]],"btipPosition":[16.7538,229.809,15.0336],"carpPosition":[34.6868,259.52,64.186],"dipPosition":[21.5781,237.611,0.946565],"direction":[-0.490704,-0.729301,0.476791],"extended":false,"handId":973,"id":9734,"length":49.2606,"mcpPosition":[47.9497,274.391,11.2627],"pipPosition":[30.9381,251.522,-8.14809],"stabilizedTipPosition":[29.1234,228.482,-15.9133],"timeVisible":3.18799,"tipPosition":[18.1615,232.039,12.3418],"tipVelocity":[-90.1314,20.9045,158.051],"tool":false,"touchDistance":0.333333,"touchZone":"none","type":4,"width":15.66}],"r":[[0.971502,0.168519,0.16669],[-0.155736,0.983952,-0.0870914],[-0.178692,0.0586498,0.982155]],"s":1.02112,"t":[20.5403,-5.44249,-92.0439],"timestamp":669383704969},false],[1,{"currentFrameRate":53.0459,"devices":[],"gestures":[],"hands":[{"armBasis":[[0.910153,-0.288075,-0.297717],[0.225752,0.947458,-0.226624],[0.347359,0.139052,0.927365]],"armWidth":62.1429,"confidence":0.721901,"direction":[0.0248158,0.425972,-0.904396],"elbow":[109.947,294.015,321.671],"grabStrength":0,"id":973,"palmNormal":[-0.266744,-0.869054,-0.416645],"palmPosition":[11.502,278.042,28.7801],"palmVelocity":[-15.6711,31.3868,209.572],"palmWidth":88.738,"pinchStrength":0.326293,"r":[[0.975375,0.14667,0.164715],[-0.134107,0.987313,-0.0850245],[-0.175096,0.0608415,0.98267]],"s":1.0198,"sphereCenter":[4.4659,242.667,-7.40846],"sphereRadius":48.593,"stabilizedPalmPosition":[16.9596,271.799,-5.44098],"t":[20.251,-4.85442,-88.0847],"timeVisible":3.20683,"type":"right","wrist":[18.4813,257.4,77.4798]}],"id":4964620,"interactionBox":{"center":[0,200,0],"size":[235.247,235.247,147.751]},"pointables":[{"bases":[[[0.631115,0.75919,0.159137],[-0.66577,0.424883,0.613372],[0.398051,-0.493057,0.773596]],[[0.540981,0.841022,0.00461833],[-0.707332,0.452001,0.543485],[0.454995,-0.297281,0.839406]],[[0.540981,0.841022,0.00461833],[-0.83391,0.535676,0.132831],[0.10924,-0.0757104,0.991128]],[[0.540981,0.841022,0.00461833],[-0.829357,0.534373,-0.163131],[-0.139665,0.0844205,0.986594]]],"btipPosition":[-33.7921,268.883,-17.6702],"carpPosition":[-11.1973,253.82,78.6691],"dipPosition":[-36.9799,270.81,4.84822],"direction":[-0.10924,0.0757104,-0.991128],"extended":false,"handId":973,"id":9730,"length":50.8265,"mcpPosition":[-11.1973,253.82,78.6691],"pipPosition":[-33.3475,268.292,37.805],"stabilizedTipPosition":[-26.4567,257.042,-46.0064],"timeVisible":3.20683,"tipPosition":[-34.4409,270.252,-12.257],"tipVelocity":[-42.4523,110.925,212.281],"tool":false,"touchDistance":0.388065,"touchZone":"hovering","type":0,"width":19.7488},{"bases":[[[0.953937,-0.176489,-0.242602],[0.243426,0.927997,0.282075],[0.175351,-0.328137,0.928212]],[[0.961416,-0.192437,-0.196589],[0.218278,0.968556,0.119387],[0.167434,-0.157692,0.97319]],[[0.961416,-0.192437,-0.196589],[0.165943,0.97564,-0.14349],[0.219413,0.105331,0.969929]],[[0.961416,-0.192437,-0.196589],[0.118199,0.934248,-0.336465],[0.248412,0.300246,0.920947]]],"btipPosition":[-27.1813,295.523,-69.1306],"carpPosition":[1.72652,272.859,76.4522],"dipPosition":[-23.0421,300.526,-53.7851],"direction":[-0.219413,-0.105331,-0.969929],"extended":true,"handId":973,"id":9731,"length":57.352,"mcpPosition":[-10.8547,296.402,9.85409],"pipPosition":[-17.87,303.009,-30.9217],"stabilizedTipPosition":[-20.6872,287.123,-99.3971],"timeVisible":3.20683,"tipPosition":[-25.8923,298.092,-65.614],"tipVelocity":[2.74759,98.679,216.918],"tool":false,"touchDistance":0.370814,"touchZone":"hovering","type":1,"width":18.8641},{"bases":[[[0.913288,-0.374796,-0.159475],[0.404987,0.87737,0.257309],[0.0434804,-0.299583,0.953079]],[[0.912591,-0.370574,-0.172777],[0.075296,0.567659,-0.819813],[0.40188,0.735145,0.545943]],[[0.912591,-0.370574,-0.172777],[-0.323783,-0.396936,-0.85884],[0.249682,0.839713,-0.482226]],[[0.912591,-0.370574,-0.172777],[-0.405197,-0.76314,-0.503421],[0.0547016,0.529427,-0.84659]]],"btipPosition":[-16.4146,225.328,11.8819],"carpPosition":[13.3621,272.491,73.5052],"dipPosition":[-15.4121,235.031,-3.63347],"direction":[-0.249682,-0.839713,0.482226],"extended":false,"handId":973,"id":9732,"length":65.348,"mcpPosition":[10.4036,292.875,8.65656],"pipPosition":[-8.48773,258.318,-17.0069],"stabilizedTipPosition":[-1.29529,219.561,-23.7231],"timeVisible":3.20683,"tipPosition":[-15.8753,227.952,9.05168],"tipVelocity":[-127.623,79.6607,199.071],"tool":false,"touchDistance":0.333333,"touchZone":"none","type":2,"width":18.527},{"bases":[[[0.876587,-0.479864,-0.036424],[0.470382,0.838353,0.275509],[-0.10167,-0.258641,0.960608]],[[0.87844,-0.47461,-0.0555735],[0.197609,0.466689,-0.862063],[0.435079,0.746288,0.503746]],[[0.87844,-0.47461,-0.0555735],[-0.290908,-0.438885,-0.850149],[0.379099,0.762971,-0.523602]],[[0.87844,-0.47461,-0.0555735],[-0.435743,-0.747859,-0.500835],[0.19614,0.464169,-0.863757]]],"btipPosition":[-1.99158,223.244,20.3188],"carpPosition":[24.5713,269.033,71.0673],"dipPosition":[1.5824,231.702,4.57981],"direction":[-0.379099,-0.762971,0.523602],"extended":false,"handId":973,"id":9733,"length":62.8339,"mcpPosition":[30.7823,284.833,12.3841],"pipPosition":[11.8243,252.315,-9.56601],"stabilizedTipPosition":[13.5552,220.327,-16.2736],"timeVisible":3.20683,"tipPosition":[-0.990519,225.667,16.8812],"tipVelocity":[-125.875,48.6122,220.2],"tool":false,"touchDistance":0.333333,"touchZone":"none","type":3,"width":17.6296},{"bases":[[[0.769077,-0.638453,0.0299828],[0.590154,0.727345,0.350267],[-0.245437,-0.251688,0.93617]],[[0.785342,-0.61774,-0.0404333],[0.314661,0.454574,-0.833278],[0.533129,0.641685,0.551374]],[[0.785342,-0.61774,-0.0404333],[-0.327833,-0.359597,-0.873622],[0.525132,0.699348,-0.484922]],[[0.785342,-0.61774,-0.0404333],[-0.536899,-0.647141,-0.541246],[0.308184,0.446772,-0.839891]]],"btipPosition":[14.0339,230.065,20.4412],"carpPosition":[33.7362,258.811,69.0268],"dipPosition":[19.2145,237.576,6.32249],"direction":[-0.525132,-0.699348,0.484922],"extended":false,"handId":973,"id":9734,"length":49.2606,"mcpPosition":[47.6157,273.044,16.0864],"pipPosition":[29.2312,250.916,-2.92726],"stabilizedTipPosition":[29.0922,228.489,-15.8391],"timeVisible":3.20683,"tipPosition":[15.5521,232.216,17.486],"tipVelocity":[-114.558,15.5934,221.001],"tool":false,"touchDistance":0.333333,"touchZone":"none","type":4,"width":15.66}],"r":[[0.975375,0.14667,0.164715],[-0.134107,0.987313,-0.0850245],[-0.175096,0.0608415,0.98267]],"s":1.0198,"t":[20.251,-4.85442,-88.0847],"timestamp":669383723803},false],[2,{"currentFrameRate":53.0382,"devices":[],"gestures":[],"hands":[{"armBasis":[[0.895793,-0.336649,-0.29021],[0.273208,0.932072,-0.237906],[0.350587,0.133827,0.926919]],"armWidth":62.1429,"confidence":0.737207,"direction":[0.0548902,0.429835,-0.901238],"elbow":[108.501,292.062,327.114],"grabStrength":0,"id":973,"palmNormal":[-0.307285,-0.851521,-0.424838],"palmPosition":[10.7183,278.104,34.4218],"palmVelocity":[-28.3308,17.6121,253.294],"palmWidth":88.738,"pinchStrength":0.329995,"r":[[0.979108,0.118839,0.165],[-0.106402,0.990911,-0.082303],[-0.173281,0.0630272,0.982854]],"s":1.0188,"sphereCenter":[2.35477,243.311,-2.05217],"sphereRadius":48.6051,"stabilizedPalmPosition":[16.9589,271.799,-5.43638],"t":[19.7144,-4.52942,-83.2842],"timeVisible":3.22571,"type":"right","wrist":[16.1849,256.823,83.0396]}],"id":4964621,"interactionBox":{"center":[0,200,0],"size":[235.247,235.247,147.751]},"pointables":[{"bases":[[[0.667845,0.724676,0.169785],[-0.648581,0.454707,0.610397],[0.365138,-0.51777,0.773685]],[[0.581354,0.813567,0.0116642],[-0.689862,0.485255,0.537232],[0.431414,-0.320368,0.843354]],[[0.581354,0.813567,0.0116642],[-0.808056,0.575618,0.125341],[0.0952594,-0.0822929,0.992045]],[[0.581354,0.813567,0.0116642],[-0.801603,0.575144,-0.163223],[-0.139502,0.0855403,0.98652]]],"btipPosition":[-34.6338,271.148,-12.6149],"carpPosition":[-13.6482,254.768,83.9453],"dipPosition":[-37.8179,273.1,9.9018],"direction":[-0.0952594,0.0822929,-0.992045],"extended":false,"handId":973,"id":9730,"length":50.8265,"mcpPosition":[-13.6482,254.768,83.9453],"pipPosition":[-34.6503,270.364,42.889],"stabilizedTipPosition":[-26.4978,257.109,-45.8284],"timeVisible":3.22571,"tipPosition":[-35.2252,272.591,-7.16729],"tipVelocity":[-43.4712,115.505,239.444],"tool":false,"touchDistance":0.458415,"touchZone":"hovering","type":0,"width":19.7488},{"bases":[[[0.945762,-0.223823,-0.235449],[0.28825,0.912435,0.290472],[0.149818,-0.342585,0.927464]],[[0.95198,-0.240381,-0.189608],[0.266602,0.955353,0.127373],[0.150524,-0.171806,0.973563]],[[0.95198,-0.240381,-0.189608],[0.216942,0.966629,-0.136254],[0.216033,0.0885769,0.97236]],[[0.95198,-0.240381,-0.189608],[0.168765,0.928737,-0.330101],[0.255446,0.28225,0.924707]]],"btipPosition":[-26.1478,298.117,-63.6941],"carpPosition":[0.257105,273.13,81.9705],"dipPosition":[-21.8913,302.82,-48.286],"direction":[-0.216033,-0.0885769,-0.97236],"extended":true,"handId":973,"id":9731,"length":57.352,"mcpPosition":[-10.4922,297.71,15.4261],"pipPosition":[-16.799,304.908,-25.3654],"stabilizedTipPosition":[-20.7005,287.159,-99.2812],"timeVisible":3.22571,"tipPosition":[-24.7651,300.569,-60.1531],"tipVelocity":[28.9247,115.849,252.085],"tool":false,"touchDistance":0.448829,"touchZone":"hovering","type":1,"width":18.8641},{"bases":[[[0.894218,-0.420297,-0.154026],[0.447212,0.853717,0.266776],[0.0193697,-0.307439,0.951371]],[[0.893869,-0.416045,-0.167047],[0.110339,0.56529,-0.81748],[0.434538,0.712288,0.551201]],[[0.893869,-0.416045,-0.167047],[-0.336207,-0.375568,-0.863663],[0.296585,0.828164,-0.475586]],[[0.893869,-0.416045,-0.167047],[-0.439172,-0.737644,-0.512845],[0.0901455,0.531778,-0.842072]]],"btipPosition":[-19.737,226.905,17.1017],"carpPosition":[11.8846,272.182,79.1229],"dipPosition":[-18.0849,236.651,1.6691],"direction":[-0.296585,-0.828164,0.475586],"extended":false,"handId":973,"id":9732,"length":65.348,"mcpPosition":[10.5667,293.101,14.3904],"pipPosition":[-9.85984,259.618,-11.5201],"stabilizedTipPosition":[-1.47339,219.656,-23.3556],"timeVisible":3.22571,"tipPosition":[-19.0468,229.535,14.185],"tipVelocity":[-147.433,81.815,237.482],"tool":false,"touchDistance":0.333333,"touchZone":"none","type":2,"width":18.527},{"bases":[[[0.851048,-0.524111,-0.032015],[0.510346,0.811271,0.285282],[-0.123546,-0.259127,0.957909]],[[0.853397,-0.518702,-0.0515957],[0.227925,0.460339,-0.857985],[0.46879,0.720441,0.511077]],[[0.853397,-0.518702,-0.0515957],[-0.305882,-0.418173,-0.855317],[0.422079,0.745707,-0.515529]],[[0.853397,-0.518702,-0.0515957],[-0.469052,-0.72097,-0.510091],[0.227387,0.459511,-0.858571]]],"btipPosition":[-5.50307,224.085,25.544],"carpPosition":[22.9229,268.167,76.7596],"dipPosition":[-1.35973,232.458,9.89943],"direction":[-0.422079,-0.745707,0.515529],"extended":false,"handId":973,"id":9733,"length":62.8339,"mcpPosition":[30.4703,283.997,18.2413],"pipPosition":[10.0433,252.605,-4.0283],"stabilizedTipPosition":[13.4686,220.354,-16.0908],"timeVisible":3.22571,"tipPosition":[-4.35397,226.473,22.0968],"tipVelocity":[-151.927,46.121,248.465],"tool":false,"touchDistance":0.333333,"touchZone":"none","type":3,"width":17.6296},{"bases":[[[0.734928,-0.677372,0.0323739],[0.623569,0.693775,0.36033],[-0.266538,-0.244629,0.932263]],[[0.752732,-0.657279,-0.0371238],[0.342272,0.438902,-0.830791],[0.562356,0.612657,0.555344]],[[0.752732,-0.657279,-0.0371238],[-0.339384,-0.339114,-0.877394],[0.564104,0.673042,-0.478332]],[[0.752732,-0.657279,-0.0371238],[-0.564467,-0.615366,-0.550184],[0.338779,0.435096,-0.834218]]],"btipPosition":[10.7935,230.054,26.0074],"carpPosition":[31.5682,257.5,74.73],"dipPosition":[16.4885,237.368,11.984],"direction":[-0.564104,-0.673042,0.478332],"extended":false,"handId":973,"id":9734,"length":49.2606,"mcpPosition":[46.6409,271.333,22.0105],"pipPosition":[27.2486,250.206,2.85997],"stabilizedTipPosition":[29.0424,228.499,-15.7259],"timeVisible":3.22571,"tipPosition":[12.4456,232.135,22.9727],"tipVelocity":[-139.447,6.49186,257.73],"tool":false,"touchDistance":0.333333,"touchZone":"none","type":4,"width":15.66}],"r":[[0.979108,0.118839,0.165],[-0.106402,0.990911,-0.082303],[-0.173281,0.0630272,0.982854]],"s":1.0188,"t":[19.7144,-4.52942,-83.2842],"timestamp":669383742685},false],[3,{"currentFrameRate":53.033,"devices":[],"gestures":[],"hands":[{"armBasis":[[0.885486,-0.38825,-0.255297],[0.325383,0.91032,-0.255818],[0.331724,0.143454,0.932406]],"armWidth":62.1429,"confidence":0.726617,"direction":[0.0732286,0.411229,-0.908586],"elbow":[102.734,295.585,332.896],"grabStrength":0,"id":973,"palmNormal":[-0.359753,-0.838804,-0.40864],"palmPosition":[10.8108,278.586,38.4495],"palmVelocity":[-12.0516,21.4943,233.742],"palmWidth":88.738,"pinchStrength":0.329534,"r":[[0.982829,0.0855218,0.1635],[-0.0726302,0.993877,-0.0832722],[-0.169621,0.0699673,0.983023]],"s":1.01891,"sphereCenter":[0.232652,243.738,2.62375],"sphereRadius":48.6521,"stabilizedPalmPosition":[16.9585,271.8,-5.43389],"t":[19.4924,-4.12593,-78.8702],"timeVisible":3.24459,"type":"right","wrist":[15.3849,257.811,87.3773]}],"id":4964622,"interactionBox":{"center":[0,200,0],"size":[235.247,235.247,147.751]},"pointables":[{"bases":[[[0.710359,0.686921,0.15339],[-0.616287,0.501779,0.606966],[0.33997,-0.525696,0.779785]],[[0.626435,0.779429,-0.00829964],[-0.657211,0.533873,0.532027],[0.419109,-0.327826,0.846686]],[[0.626435,0.779429,-0.00829964],[-0.773123,0.622653,0.120761],[0.0992928,-0.0692326,0.992647]],[[0.626435,0.779429,-0.00829964],[-0.770361,0.617454,-0.159043],[-0.118838,0.106024,0.987237]]],"btipPosition":[-35.5021,273.365,-8.24801],"carpPosition":[-14.5097,257.524,88.5108],"dipPosition":[-38.2145,275.785,14.285],"direction":[-0.0992928,0.0692326,-0.992647],"extended":false,"handId":973,"id":9730,"length":50.8265,"mcpPosition":[-14.5097,257.524,88.5108],"pipPosition":[-34.9128,273.483,47.2923],"stabilizedTipPosition":[-26.5439,257.19,-45.6236],"timeVisible":3.24459,"tipPosition":[-35.8498,274.901,-2.80409],"tipVelocity":[-41.8935,119.255,235.58],"tool":false,"touchDistance":0.511466,"touchZone":"hovering","type":0,"width":19.7488},{"bases":[[[0.92926,-0.282679,-0.237841],[0.343314,0.898546,0.273407],[0.136425,-0.33572,0.93203]],[[0.934837,-0.298818,-0.191803],[0.322998,0.94001,0.10979],[0.147489,-0.164587,0.975273]],[[0.934837,-0.298818,-0.191803],[0.272103,0.949914,-0.153701],[0.228125,0.0914949,0.969323]],[[0.934837,-0.298818,-0.191803],[0.22033,0.911767,-0.346606],[0.278452,0.28176,0.918192]]],"btipPosition":[-25.5539,299.136,-59.7426],"carpPosition":[0.43123,275.004,86.1411],"dipPosition":[-20.9141,303.831,-44.443],"direction":[-0.228125,-0.0914949,-0.969323],"extended":true,"handId":973,"id":9731,"length":57.352,"mcpPosition":[-9.35709,299.092,19.2691],"pipPosition":[-15.5368,305.988,-21.594],"stabilizedTipPosition":[-20.7094,287.189,-99.1801],"timeVisible":3.24459,"tipPosition":[-24.0062,301.549,-56.252],"tipVelocity":[32.4568,85.4866,230.501],"tool":false,"touchDistance":0.496178,"touchZone":"hovering","type":1,"width":18.8641},{"bases":[[[0.866915,-0.474448,-0.152835],[0.498385,0.830231,0.249657],[0.00843907,-0.292602,0.956197]],[[0.866722,-0.470464,-0.1657],[0.136229,0.542847,-0.828709],[0.479827,0.695687,0.534589]],[[0.866722,-0.470464,-0.1657],[-0.363962,-0.369365,-0.855045],[0.341064,0.801395,-0.491367]],[[0.866722,-0.470464,-0.1657],[-0.48518,-0.718116,-0.498907],[0.115726,0.512809,-0.850667]]],"btipPosition":[-22.7473,228.914,22.2607],"carpPosition":[11.9618,273.331,83.2342],"dipPosition":[-20.6264,238.312,6.67057],"direction":[-0.341064,-0.801395,0.491367],"extended":false,"handId":973,"id":9732,"length":65.348,"mcpPosition":[11.3876,293.24,18.1733],"pipPosition":[-11.1678,260.537,-6.95633],"stabilizedTipPosition":[-1.73942,219.802,-22.8176],"timeVisible":3.24459,"tipPosition":[-21.9288,231.464,19.2361],"tipVelocity":[-150.54,91.8075,254.102],"tool":false,"touchDistance":0.333333,"touchZone":"none","type":2,"width":18.527},{"bases":[[[0.818654,-0.573563,-0.0288391],[0.559064,0.784462,0.268454],[-0.131352,-0.235894,0.962861]],[[0.82113,-0.568702,-0.0482004],[0.242797,0.424496,-0.872269],[0.516522,0.704543,0.486646]],[[0.82113,-0.568702,-0.0482004],[-0.340139,-0.419797,-0.841472],[0.458312,0.707353,-0.538146]],[[0.82113,-0.568702,-0.0482004],[-0.515438,-0.70265,-0.490517],[0.24509,0.427622,-0.870098]]],"btipPosition":[-8.60218,225.446,31.2337],"carpPosition":[22.7282,268.637,80.8662],"dipPosition":[-4.13626,233.238,15.3791],"direction":[-0.458312,-0.707353,0.538146],"extended":false,"handId":973,"id":9733,"length":62.8339,"mcpPosition":[30.7525,283.048,22.0454],"pipPosition":[8.24568,252.348,0.84037],"stabilizedTipPosition":[13.3368,220.398,-15.8172],"timeVisible":3.24459,"tipPosition":[-7.37074,227.664,27.4783],"tipVelocity":[-156.01,55.3792,273.167],"tool":false,"touchDistance":0.333333,"touchZone":"none","type":3,"width":17.6296},{"bases":[[[0.694247,-0.718688,0.0388381],[0.665773,0.661759,0.344705],[-0.273437,-0.213453,0.937907]],[[0.712345,-0.701201,-0.0296911],[0.356843,0.398295,-0.845],[0.60434,0.591337,0.533942]],[[0.712345,-0.701201,-0.0296911],[-0.367846,-0.336994,-0.866674],[0.597707,0.628293,-0.49799]],[[0.712345,-0.701201,-0.0296911],[-0.603962,-0.590915,-0.534836],[0.357482,0.39892,-0.844434]]],"btipPosition":[7.93137,230.438,31.2008],"carpPosition":[30.719,257.45,78.9579],"dipPosition":[13.9407,237.144,17.0057],"direction":[-0.597707,-0.628293,0.49799],"extended":false,"handId":973,"id":9734,"length":49.2606,"mcpPosition":[46.1819,269.521,25.9191],"pipPosition":[25.3418,249.129,7.50666],"stabilizedTipPosition":[28.9716,228.511,-15.5691],"timeVisible":3.24459,"tipPosition":[9.67942,232.352,27.9681],"tipVelocity":[-143.543,9.64941,265.238],"tool":false,"touchDistance":0.333333,"touchZone":"none","type":4,"width":15.66}],"r":[[0.982829,0.0855218,0.1635],[-0.0726302,0.993877,-0.0832722],[-0.169621,0.0699673,0.983023]],"s":1.01891,"t":[19.4924,-4.12593,-78.8702],"timestamp":669383761560},false],[4,{"currentFrameRate":52.9952,"devices":[],"gestures":[],"hands":[{"armBasis":[[0.815847,-0.538947,-0.209594],[0.49643,0.838646,-0.224122],[0.296565,0.0788002,0.951756]],"armWidth":62.1429,"confidence":0.636032,"direction":[0.0831232,0.512824,-0.85446],"elbow":[88.4673,312.203,328.466],"grabStrength":0.0768642,"id":973,"palmNormal":[-0.589421,-0.666068,-0.457096],"palmPosition":[6.29727,319.681,32.7628],"palmVelocity":[7.18848,120.34,-205.65],"palmWidth":88.738,"pinchStrength":0.685294,"r":[[0.955566,-0.293591,0.0264235],[0.292739,0.955662,0.0318577],[-0.034605,-0.022707,0.999143]],"s":0.891954,"sphereCenter":[-10.0627,288.652,-5.25091],"sphereRadius":47.2719,"stabilizedPalmPosition":[2.28266,288.885,83.6483],"t":[14.6173,35.0964,-76.278],"timeVisible":4.09366,"type":"right","wrist":[10.3766,291.454,77.8519]}],"id":4964667,"interactionBox":{"center":[0,200,0],"size":[235.247,235.247,147.751]},"pointables":[{"bases":[[[0.866756,0.477866,0.142753],[-0.415525,0.53364,0.736592],[0.275814,-0.697762,0.661101]],[[0.669655,0.727511,-0.149296],[-0.553916,0.623168,0.552122],[0.494711,-0.287034,0.820288]],[[0.669655,0.727511,-0.149296],[-0.722195,0.684778,0.0975366],[0.173193,0.0425048,0.98397]],[[0.669655,0.727511,-0.149296],[-0.735176,0.677853,0.00556482],[0.105249,0.106032,0.988777]]],"btipPosition":[-50.6942,307.926,-12.4667],"carpPosition":[-18.4494,297.786,82.7536],"dipPosition":[-48.292,310.346,10.1015],"direction":[-0.173193,-0.0425048,-0.98397],"extended":false,"handId":973,"id":9730,"length":50.8265,"mcpPosition":[-18.4494,297.786,82.7536],"pipPosition":[-42.533,311.759,42.8202],"stabilizedTipPosition":[-56.8198,278.337,47.7589],"timeVisible":4.09366,"tipPosition":[-50.6595,310.258,-6.93282],"tipVelocity":[8.05398,78.813,-180.808],"tool":false,"touchDistance":-0.718529,"touchZone":"hovering","type":0,"width":19.7488},{"bases":[[[0.806087,-0.447838,-0.386864],[0.575042,0.747181,0.333237],[0.139821,-0.491081,0.859819]],[[0.814695,-0.485724,-0.31677],[0.486478,0.869786,-0.0825363],[0.315612,-0.0868598,0.944904]],[[0.814695,-0.485724,-0.31677],[0.429472,0.872445,-0.233226],[0.389648,0.0539642,0.919381]],[[0.814695,-0.485724,-0.31677],[0.383997,0.861212,-0.332956],[0.434532,0.149619,0.888142]]],"btipPosition":[-39.7029,346.687,-57.1411],"carpPosition":[-0.0216397,311.579,80.6112],"dipPosition":[-32.4624,349.18,-42.3422],"direction":[-0.389648,-0.0539642,-0.919381],"extended":true,"handId":973,"id":9731,"length":57.352,"mcpPosition":[-10.0536,346.813,18.9202],"pipPosition":[-23.2775,350.452,-20.6704],"stabilizedTipPosition":[-38.4337,333.915,-34.9309],"timeVisible":4.09366,"tipPosition":[-38.9088,345.186,-52.8736],"tipVelocity":[-6.66504,162.667,-206.761],"tool":false,"touchDistance":-0.731379,"touchZone":"hovering","type":1,"width":18.8641},{"bases":[[[0.707646,-0.630838,-0.318245],[0.705972,0.649749,0.281832],[0.0289891,-0.424109,0.905147]],[[0.707469,-0.628399,-0.323423],[0.181357,0.603718,-0.776295],[0.68308,0.49055,0.541076]],[[0.707469,-0.628399,-0.323423],[-0.580659,-0.255941,-0.772871],[0.402894,0.73458,-0.545956]],[[0.707469,-0.628399,-0.323423],[-0.706431,-0.61512,-0.350118],[0.0210701,0.476174,-0.879099]]],"btipPosition":[-35.2133,284.48,20.3048],"carpPosition":[10.4285,307.781,76.0748],"dipPosition":[-34.8271,293.207,4.19362],"direction":[-0.402894,-0.73458,0.545956],"extended":false,"handId":973,"id":9732,"length":65.348,"mcpPosition":[8.45604,336.638,14.4874],"pipPosition":[-23.6538,313.579,-10.9472],"stabilizedTipPosition":[-40.2776,252.516,75.1151],"timeVisible":4.09366,"tipPosition":[-35.2254,286.039,17.1639],"tipVelocity":[0.204613,114.786,-176.573],"tool":false,"touchDistance":0.333333,"touchZone":"none","type":2,"width":18.527},{"bases":[[[0.648953,-0.733548,-0.20191],[0.75529,0.589168,0.287085],[-0.0916313,-0.338806,0.936384]],[[0.649274,-0.73234,-0.205233],[0.306906,0.499183,-0.810324],[0.695882,0.463135,0.548866]],[[0.649274,-0.73234,-0.205233],[-0.549658,-0.265322,-0.792136],[0.52566,0.627122,-0.574804]],[[0.649274,-0.73234,-0.205233],[-0.746939,-0.563165,-0.353451],[0.143266,0.382783,-0.912662]]],"btipPosition":[-22.0745,277.77,22.8436],"carpPosition":[19.4619,301.17,71.8039],"dipPosition":[-19.464,284.744,6.21342],"direction":[-0.52566,-0.627122,0.574804],"extended":false,"handId":973,"id":9733,"length":62.8339,"mcpPosition":[25.0596,321.868,14.6005],"pipPosition":[-5.26257,301.687,-9.3157],"stabilizedTipPosition":[-27.5613,239.636,85.7395],"timeVisible":4.09366,"tipPosition":[-21.2355,279.148,20.3568],"tipVelocity":[-4.67402,120.534,-217.362],"tool":false,"touchDistance":0.333333,"touchZone":"none","type":3,"width":17.6296},{"bases":[[[0.50021,-0.855027,-0.136818],[0.835949,0.435639,0.333778],[-0.225786,-0.281331,0.93267]],[[0.504012,-0.850072,-0.152807],[0.387798,0.380817,-0.839399],[0.771741,0.363809,0.521592]],[[0.504012,-0.850072,-0.152807],[-0.590999,-0.21042,-0.778745],[0.629835,0.482806,-0.608446]],[[0.504012,-0.850072,-0.152807],[-0.831795,-0.430097,-0.350904],[0.232572,0.303964,-0.923859]]],"btipPosition":[-5.47967,277.912,23.967],"carpPosition":[24.2884,288.868,67.56],"dipPosition":[-1.57009,283.022,8.43674],"direction":[-0.629835,-0.482806,0.608446],"extended":false,"handId":973,"id":9734,"length":49.2606,"mcpPosition":[37.0566,304.777,14.8174],"pipPosition":[10.4438,292.231,-3.16919],"stabilizedTipPosition":[-9.1734,245.006,76.8184],"timeVisible":4.09366,"tipPosition":[-4.70958,278.761,20.6315],"tipVelocity":[-0.0818336,120.717,-206.117],"tool":false,"touchDistance":0.333333,"touchZone":"none","type":4,"width":15.66}],"r":[[0.955566,-0.293591,0.0264235],[0.292739,0.955662,0.0318577],[-0.034605,-0.022707,0.999143]],"s":0.891954,"t":[14.6173,35.0964,-76.278],"timestamp":669384610638},false],[5,{"currentFrameRate":52.9375,"devices":[],"gestures":[],"hands":[{"armBasis":[[0.820855,-0.530201,-0.21233],[0.485546,0.843581,-0.229384],[0.300737,0.0851955,0.949894]],"armWidth":62.1429,"confidence":0.659508,"direction":[0.0822035,0.515579,-0.85289],"elbow":[88.8968,314.766,324.17],"grabStrength":0.0631915,"id":973,"palmNormal":[-0.580154,-0.671084,-0.461592],"palmPosition":[5.56816,320.618,28.9984],"palmVelocity":[-15.2213,85.1224,-201.43],"palmWidth":88.738,"pinchStrength":0.695371,"r":[[0.95639,-0.29119,0.0229531],[0.290424,0.956372,0.0317145],[-0.0311866,-0.0236653,0.999233]],"s":0.892307,"sphereCenter":[-10.5569,289.914,-9.05343],"sphereRadius":47.0522,"stabilizedPalmPosition":[2.31026,289.151,83.1892],"t":[14.3225,36.7029,-80.0926],"timeVisible":4.11276,"type":"right","wrist":[9.70747,292.333,74.0458]}],"id":4964668,"interactionBox":{"center":[0,200,0],"size":[235.247,235.247,147.751]},"pointables":[{"bases":[[[0.861028,0.486464,0.148269],[-0.424791,0.527662,0.735612],[0.279613,-0.696366,0.660977]],[[0.662424,0.73502,-0.144709],[-0.564981,0.617027,0.547791],[0.491926,-0.281112,0.824005]],[[0.662424,0.73502,-0.144709],[-0.730793,0.676516,0.090926],[0.16473,0.0455207,0.985288]],[[0.662424,0.73502,-0.144709],[-0.744343,0.667596,-0.0164083],[0.0845467,0.118582,0.989338]]],"btipPosition":[-50.5625,307.821,-16.6452],"carpPosition":[-19.2072,298.356,78.8127],"dipPosition":[-48.6327,310.527,5.9358],"direction":[-0.16473,-0.0455207,-0.985288],"extended":false,"handId":973,"id":9730,"length":50.8265,"mcpPosition":[-19.2072,298.356,78.8127],"pipPosition":[-43.1552,312.041,38.6983],"stabilizedTipPosition":[-56.8076,278.391,47.6514],"timeVisible":4.11276,"tipPosition":[-50.7438,310.176,-11.1031],"tipVelocity":[4.67262,38.8652,-199.495],"tool":false,"touchDistance":-0.737643,"touchZone":"hovering","type":0,"width":19.7488},{"bases":[[[0.812646,-0.438622,-0.383688],[0.565573,0.752324,0.337839],[0.140474,-0.491548,0.859446]],[[0.821228,-0.476228,-0.314311],[0.480157,0.874365,-0.0702467],[0.308276,-0.09323,0.946717]],[[0.821228,-0.476228,-0.314311],[0.427158,0.878315,-0.214705],[0.378313,0.042061,0.924722]],[[0.821228,-0.476228,-0.314311],[0.384885,0.868983,-0.311017],[0.421246,0.134442,0.896927]]],"btipPosition":[-39.8442,348.285,-61.2781],"carpPosition":[-0.912138,312.343,76.7957],"dipPosition":[-32.8251,350.525,-46.3328],"direction":[-0.378313,-0.042061,-0.924722],"extended":true,"handId":973,"id":9731,"length":57.352,"mcpPosition":[-10.991,347.611,15.1315],"pipPosition":[-23.9075,351.517,-24.5351],"stabilizedTipPosition":[-38.4163,335.182,-36.8814],"timeVisible":4.11276,"tipPosition":[-39.0781,346.737,-57.0457],"tipVelocity":[-8.34653,122.142,-210.76],"tool":false,"touchDistance":-0.748124,"touchZone":"hovering","type":1,"width":18.8641},{"bases":[[[0.71575,-0.622783,-0.31598],[0.697765,0.656365,0.286896],[0.0287246,-0.425826,0.904349]],[[0.715575,-0.620344,-0.321133],[0.179059,0.607257,-0.774065],[0.675197,0.496399,0.545616]],[[0.715575,-0.620344,-0.321133],[-0.574069,-0.260316,-0.776325],[0.397992,0.739871,-0.542396]],[[0.715575,-0.620344,-0.321133],[-0.698234,-0.621685,-0.354933],[0.0205365,0.478207,-0.878007]]],"btipPosition":[-35.5076,285.02,16.2569],"carpPosition":[9.59982,308.664,72.3048],"dipPosition":[-35.1313,293.784,0.165789],"direction":[-0.397992,-0.739871,0.542396],"extended":false,"handId":973,"id":9732,"length":65.348,"mcpPosition":[7.64536,337.637,10.7718],"pipPosition":[-24.0939,314.303,-14.8763],"stabilizedTipPosition":[-40.2335,252.83,74.5465],"timeVisible":4.11276,"tipPosition":[-35.5205,286.591,13.1089],"tipVelocity":[-7.56872,72.2793,-193.93],"tool":false,"touchDistance":0.333333,"touchZone":"none","type":2,"width":18.527},{"bases":[[[0.657525,-0.726354,-0.200176],[0.747679,0.596283,0.29227],[-0.0929295,-0.341842,0.935151]],[[0.657827,-0.725227,-0.203248],[0.310625,0.507076,-0.803981],[0.686131,0.465747,0.558842]],[[0.657827,-0.725227,-0.203248],[-0.539296,-0.265175,-0.799276],[0.52576,0.635396,-0.565551]],[[0.657827,-0.725227,-0.203248],[-0.738613,-0.568382,-0.362481],[0.147358,0.388571,-0.909559]]],"btipPosition":[-22.3867,278.498,18.4398],"carpPosition":[18.7229,302.156,68.066],"dipPosition":[-19.7015,285.578,1.86618],"direction":[-0.52576,-0.635396,0.565551],"extended":false,"handId":973,"id":9733,"length":62.8339,"mcpPosition":[24.3999,323.039,10.9379],"pipPosition":[-5.49741,302.744,-13.413],"stabilizedTipPosition":[-27.5264,239.88,85.3113],"timeVisible":4.11276,"tipPosition":[-21.5346,279.9,15.9795],"tipVelocity":[-9.99455,80.459,-223.559],"tool":false,"touchDistance":0.333333,"touchZone":"none","type":3,"width":17.6296},{"bases":[[[0.509713,-0.849508,-0.136118],[0.82968,0.443491,0.339039],[-0.22765,-0.285747,0.930873]],[[0.513135,-0.845039,-0.150337],[0.399211,0.390033,-0.829762],[0.759818,0.365763,0.537488]],[[0.513135,-0.845039,-0.150337],[-0.57553,-0.208815,-0.790672],[0.636756,0.492245,-0.593496]],[[0.513135,-0.845039,-0.150337],[-0.823114,-0.434844,-0.365231],[0.243261,0.311158,-0.918697]]],"btipPosition":[-5.86527,278.839,19.4086],"carpPosition":[23.6979,289.913,63.82],"dipPosition":[-1.776,284.07,3.96507],"direction":[-0.636756,-0.492245,0.593496],"extended":false,"handId":973,"id":9734,"length":49.2606,"mcpPosition":[36.5716,306.072,11.1791],"pipPosition":[10.3699,293.459,-7.35569],"stabilizedTipPosition":[-9.13929,245.287,76.329],"timeVisible":4.11276,"tipPosition":[-4.98967,279.721,16.2925],"tipVelocity":[-8.94629,85.7834,-221.689],"tool":false,"touchDistance":0.333333,"touchZone":"none","type":4,"width":15.66}],"r":[[0.95639,-0.29119,0.0229531],[0.290424,0.956372,0.0317145],[-0.0311866,-0.0236653,0.999233]],"s":0.892307,"t":[14.3225,36.7029,-80.0926],"timestamp":669384629736},false],[6,{"currentFrameRate":52.9676,"devices":[],"gestures":[],"hands":[{"armBasis":[[0.821814,-0.530526,-0.207761],[0.477907,0.840401,-0.2556],[0.310205,0.110765,0.944195]],"armWidth":62.1429,"confidence":0.660855,"direction":[0.0819964,0.512404,-0.854821],"elbow":[90.6857,321.909,318.543],"grabStrength":0.0502774,"id":973,"palmNormal":[-0.580998,-0.672313,-0.458735],"palmPosition":[4.8539,320.867,24.7723],"palmVelocity":[-26.3633,50.0375,-213.001],"palmWidth":88.738,"pinchStrength":0.721024,"r":[[0.956995,-0.289397,0.0202535],[0.28872,0.956916,0.0308688],[-0.0283142,-0.0236937,0.999318]],"s":0.892146,"sphereCenter":[-11.5935,290.348,-13.1025],"sphereRadius":46.9272,"stabilizedPalmPosition":[2.32209,289.299,82.9176],"t":[13.818,37.6303,-84.1129],"timeVisible":4.13153,"type":"right","wrist":[9.00333,292.742,69.9195]}],"id":4964669,"interactionBox":{"center":[0,200,0],"size":[235.247,235.247,147.751]},"pointables":[{"bases":[[[0.861507,0.486335,0.145888],[-0.423864,0.530666,0.733984],[0.279544,-0.69417,0.663313]],[[0.662986,0.733908,-0.147747],[-0.564453,0.619689,0.545323],[0.491774,-0.278145,0.825102]],[[0.662986,0.733908,-0.147747],[-0.730555,0.67736,0.0864436],[0.16352,0.0506268,0.98524]],[[0.662986,0.733908,-0.147747],[-0.745009,0.666193,-0.0338881],[0.0735575,0.132541,0.988444]]],"btipPosition":[-50.9601,307.637,-20.8045],"carpPosition":[-19.9033,298.805,74.6849],"dipPosition":[-49.2812,310.662,1.75617],"direction":[-0.16352,-0.0506268,-0.98524],"extended":false,"handId":973,"id":9730,"length":50.8265,"mcpPosition":[-19.9033,298.805,74.6849],"pipPosition":[-43.8439,312.346,34.5171],"stabilizedTipPosition":[-56.8025,278.416,47.5994],"timeVisible":4.13153,"tipPosition":[-51.2463,309.994,-15.2903],"tipVelocity":[-9.44671,17.0283,-210.394],"tool":false,"touchDistance":-0.754671,"touchZone":"hovering","type":0,"width":19.7488},{"bases":[[[0.812036,-0.440645,-0.382661],[0.566392,0.753112,0.334697],[0.140704,-0.488522,0.861132]],[[0.820589,-0.477711,-0.31373],[0.482937,0.873138,-0.0663475],[0.305624,-0.0970677,0.947191]],[[0.820589,-0.477711,-0.31373],[0.432435,0.877893,-0.205681],[0.373677,0.0331119,0.926968]],[[0.820589,-0.477711,-0.31373],[0.392106,0.869949,-0.299068],[0.415797,0.122396,0.901184]]],"btipPosition":[-40.2363,349.068,-65.7345],"carpPosition":[-1.59891,312.77,72.604],"dipPosition":[-33.308,351.108,-50.7183],"direction":[-0.373677,-0.0331119,-0.926968],"extended":true,"handId":973,"id":9731,"length":57.352,"mcpPosition":[-11.6943,347.821,10.8188],"pipPosition":[-24.4996,351.888,-28.8676],"stabilizedTipPosition":[-38.4274,335.886,-38.1264],"timeVisible":4.13153,"tipPosition":[-39.489,347.498,-61.5298],"tipVelocity":[-15.0103,81.6877,-223.341],"tool":false,"touchDistance":-0.768246,"touchZone":"hovering","type":1,"width":18.8641},{"bases":[[[0.715046,-0.624483,-0.314214],[0.698474,0.656866,0.28401],[0.0290372,-0.42255,0.905874]],[[0.714874,-0.62213,-0.319233],[0.186354,0.609527,-0.770551],[0.673964,0.491357,0.551671]],[[0.714874,-0.62213,-0.319233],[-0.567395,-0.249271,-0.78481],[0.408678,0.742172,-0.53119]],[[0.714874,-0.62213,-0.319233],[-0.698461,-0.61358,-0.368336],[0.033278,0.486286,-0.873166]]],"btipPosition":[-36.6936,285.226,11.2834],"carpPosition":[8.90702,309.067,68.1192],"dipPosition":[-36.0837,294.138,-4.71902],"direction":[-0.408678,-0.742172,0.53119],"extended":false,"handId":973,"id":9732,"length":65.348,"mcpPosition":[6.93129,337.818,6.48234],"pipPosition":[-24.75,314.72,-19.4503],"stabilizedTipPosition":[-40.2157,252.996,74.2233],"timeVisible":4.13153,"tipPosition":[-36.4938,286.9,8.38918],"tipVelocity":[-33.3139,43.2309,-228.064],"tool":false,"touchDistance":0.333333,"touchZone":"none","type":2,"width":18.527},{"bases":[[[0.656824,-0.727586,-0.197992],[0.748345,0.596766,0.289567],[-0.0925303,-0.338361,0.936456]],[[0.657111,-0.72652,-0.200933],[0.311823,0.504678,-0.805026],[0.686274,0.466336,0.558175]],[[0.657111,-0.72652,-0.200933],[-0.539144,-0.266693,-0.798873],[0.52681,0.63328,-0.566946]],[[0.657111,-0.72652,-0.200933],[-0.739162,-0.568777,-0.360738],[0.147798,0.385567,-0.910766]]],"btipPosition":[-23.1544,278.752,14.2804],"carpPosition":[18.022,302.536,63.8976],"dipPosition":[-20.4613,285.778,-2.31514],"direction":[-0.52681,-0.63328,0.566946],"extended":false,"handId":973,"id":9733,"length":62.8339,"mcpPosition":[23.6747,323.207,6.68984],"pipPosition":[-6.22884,302.887,-17.632],"stabilizedTipPosition":[-27.51,240.013,85.0654],"timeVisible":4.13153,"tipPosition":[-22.3077,280.149,11.7848],"tipVelocity":[-25.0313,47.4753,-222.726],"tool":false,"touchDistance":0.333333,"touchZone":"none","type":3,"width":17.6296},{"bases":[[[0.508962,-0.850392,-0.133382],[0.830261,0.444082,0.336836],[-0.22721,-0.282178,0.932068]],[[0.51237,-0.845987,-0.147589],[0.403999,0.38911,-0.827875],[0.757801,0.364553,0.541147]],[[0.51237,-0.845987,-0.147589],[-0.572015,-0.20802,-0.793427],[0.640528,0.490951,-0.590501]],[[0.51237,-0.845987,-0.147589],[-0.822608,-0.43415,-0.367192],[0.246564,0.309546,-0.918361]]],"btipPosition":[-6.66128,279.092,15.0248],"carpPosition":[22.9847,290.275,59.6928],"dipPosition":[-2.51649,284.296,-0.413039],"direction":[-0.640528,-0.490951,0.590501],"extended":false,"handId":973,"id":9734,"length":49.2606,"mcpPosition":[35.8334,306.232,6.98426],"pipPosition":[9.7014,293.661,-11.6767],"stabilizedTipPosition":[-9.12436,245.439,76.0467],"timeVisible":4.13153,"tipPosition":[-5.75317,279.986,11.9889],"tipVelocity":[-24.9442,50.337,-227.439],"tool":false,"touchDistance":0.333333,"touchZone":"none","type":4,"width":15.66}],"r":[[0.956995,-0.289397,0.0202535],[0.28872,0.956916,0.0308688],[-0.0283142,-0.0236937,0.999318]],"s":0.892146,"t":[13.818,37.6303,-84.1129],"time