{"sensorType":"Leap","data":[[0,{"currentFrameRate":52.9061,"devices":[],"gestures":[],"hands":[{"armBasis":[[0.794664,-0.564294,-0.22379],[0.521329,0.823253,-0.224655],[0.311008,0.0618571,0.948392]],"armWidth":62.1429,"confidence":0.615503,"direction":[0.0219946,0.435785,-0.899782],"elbow":[80.1591,320.937,332.715],"grabStrength":0,"id":977,"palmNormal":[-0.620417,-0.699788,-0.354089],"palmPosition":[-9.01828,328.858,36.0045],"palmVelocity":[-12.7951,-8.28111,-124.374],"palmWidth":88.738,"pinchStrength":0.955403,"r":[[0.924982,-0.374719,0.0631953],[0.369158,0.925514,0.0845407],[-0.0901671,-0.0548696,0.994414]],"s":0.987358,"sphereCenter":[-17.9483,281.481,-5.46629],"sphereRadius":58.6437,"stabilizedPalmPosition":[-11.0877,319.023,118.416],"t":[-3.8368,6.37774,-43.6396],"timeVisible":6.28321,"type":"right","wrist":[-1.73467,304.649,82.9865]}],"id":4965583,"interactionBox":{"center":[0,200,0],"size":[235.247,235.247,147.751]},"pointables":[{"bases":[[[0.874675,0.483177,0.038528],[-0.362054,0.59842,0.71471],[0.322276,-0.639088,0.698359]],[[0.720159,0.666384,-0.193143],[-0.516217,0.700639,0.49257],[0.463564,-0.255025,0.84857]],[[0.720159,0.666384,-0.193143],[-0.625855,0.744099,0.233714],[0.299461,-0.0474315,0.952929]],[[0.720159,0.666384,-0.193143],[-0.681955,0.731114,-0.02026],[0.127709,0.146305,0.980961]]],"btipPosition":[-65.5787,322.214,-6.03781],"carpPosition":[-30.1389,311.561,89.3488],"dipPosition":[-62.6638,325.553,16.352],"direction":[-0.299461,0.0474315,-0.952929],"extended":false,"handId":977,"id":9770,"length":50.8265,"mcpPosition":[-30.1389,311.561,89.3488],"pipPosition":[-52.7062,323.976,48.0386],"stabilizedTipPosition":[-72.6867,319.508,68.5308],"timeVisible":6.28321,"tipPosition":[-66.0582,322.478,-0.669761],"tipVelocity":[9.9399,-30.695,-137.872],"tool":false,"touchDistance":-0.633254,"touchZone":"hovering","type":0,"width":19.7488},{"bases":[[[0.776527,-0.484824,-0.402432],[0.597244,0.769871,0.224943],[0.200763,-0.415024,0.887383]],[[0.801661,-0.564147,-0.197681],[0.575452,0.817836,-0.000313763],[0.161848,-0.113504,0.980266]],[[0.801661,-0.564147,-0.197681],[0.554029,0.825371,-0.108696],[0.224481,-0.022384,0.974221]],[[0.801661,-0.564147,-0.197681],[0.534215,0.824503,-0.18657],[0.268242,0.0439615,0.962348]]],"btipPosition":[-42.8588,359.329,-59.0352],"carpPosition":[-11.9119,325.001,84.7056],"dipPosition":[-38.3892,360.062,-42.9998],"direction":[-0.224481,0.022384,-0.974221],"extended":true,"handId":977,"id":9771,"length":57.352,"mcpPosition":[-26.3164,354.778,21.037],"pipPosition":[-33.0977,359.534,-20.0353],"stabilizedTipPosition":[-44.2906,335.783,21.4799],"timeVisible":6.28321,"tipPosition":[-40.5926,359.972,-55.4549],"tipVelocity":[-7.98419,-10.5003,-129.323],"tool":false,"touchDistance":-0.610475,"touchZone":"hovering","type":1,"width":18.8641},{"bases":[[[0.683242,-0.660531,-0.311255],[0.724189,0.667524,0.173096],[0.0934346,-0.343674,0.934429]],[[0.684881,-0.666886,-0.293601],[0.376204,0.668705,-0.64133],[0.624027,0.328781,0.708868]],[[0.684881,-0.666886,-0.293601],[-0.467736,-0.0934073,-0.878919],[0.558714,0.739282,-0.375899]],[[0.684881,-0.666886,-0.293601],[-0.71694,-0.544782,-0.434981],[0.130134,0.508405,-0.851228]]],"btipPosition":[-55.382,298.867,8.91187],"carpPosition":[-1.81111,320.758,79.7887],"dipPosition":[-52.997,308.185,-6.68851],"direction":[-0.558714,-0.739282,0.375899],"extended":false,"handId":977,"id":9772,"length":65.348,"mcpPosition":[-8.16851,344.142,16.2089],"pipPosition":[-37.5024,328.687,-17.1132],"stabilizedTipPosition":[-59.8689,296.628,85.5766],"timeVisible":6.28321,"tipPosition":[-54.629,300.669,6.55778],"tipVelocity":[10.7184,-31.9456,-137.393],"tool":false,"touchDistance":0.333333,"touchZone":"none","type":2,"width":18.527},{"bases":[[[0.632995,-0.752334,-0.18251],[0.773763,0.60733,0.180115],[-0.0246629,-0.255232,0.966565]],[[0.632413,-0.757045,-0.164124],[0.514737,0.569025,-0.641292],[0.578878,0.321081,0.749538]],[[0.632413,-0.757045,-0.164124],[-0.365997,-0.105285,-0.924641],[0.682715,0.644824,-0.343659]],[[0.632413,-0.757045,-0.164124],[-0.71812,-0.493526,-0.490649],[0.290444,0.428153,-0.855761]]],"btipPosition":[-40.5583,290.123,8.65254],"carpPosition":[6.8958,313.744,75.4822],"dipPosition":[-35.266,297.925,-6.94077],"direction":[-0.682715,-0.644824,0.343659],"extended":false,"handId":977,"id":9773,"length":62.8339,"mcpPosition":[8.40245,329.336,16.435],"pipPosition":[-16.8215,315.345,-16.2252],"stabilizedTipPosition":[-47.6394,285.078,72.2552],"timeVisible":6.28321,"tipPosition":[-39.4936,291.764,4.77273],"tipVelocity":[18.2729,-22.4523,-129.797],"tool":false,"touchDistance":0.333333,"touchZone":"none","type":3,"width":17.6296},{"bases":[[[0.489279,-0.866756,-0.0966489],[0.857558,0.45797,0.234217],[-0.158747,-0.19748,0.967368]],[[0.503132,-0.841527,-0.196701],[0.591917,0.5014,-0.631057],[0.629677,0.201075,0.750384]],[[0.503132,-0.841527,-0.196701],[-0.384032,-0.0138103,-0.923216],[0.774195,0.540039,-0.330122]],[[0.503132,-0.841527,-0.196701],[-0.784094,-0.348801,-0.513356],[0.363393,0.412517,-0.835329]]],"btipPosition":[-22.204,288.087,11.757],"carpPosition":[11.409,301.089,71.999],"dipPosition":[-16.0952,295.021,-2.28506],"direction":[-0.774195,-0.540039,0.330122],"extended":false,"handId":977,"id":9774,"length":49.2606,"mcpPosition":[20.3861,312.256,17.2942],"pipPosition":[-1.3277,305.322,-8.58204],"stabilizedTipPosition":[-29.1641,280.568,71.9046],"timeVisible":6.28321,"tipPosition":[-21.201,289.57,7.15552],"tipVelocity":[18.3246,-13.0585,-124.873],"tool":false,"touchDistance":0.333333,"touchZone":"none","type":4,"width":15.66}],"r":[[0.924982,-0.374719,0.0631953],[0.369158,0.925514,0.0845407],[-0.0901671,-0.0548696,0.994414]],"s":0.987358,"t":[-3.8368,6.37774,-43.6396],"timestamp":669402289300},false],[1,{"currentFrameRate":53.065,"devices":[],"gestures":[],"hands":[{"armBasis":[[0.800365,-0.555194,-0.226219],[0.510604,0.829015,-0.228074],[0.314164,0.0670338,0.946999]],"armWidth":62.1429,"confidence":0.571451,"direction":[0.0214119,0.443489,-0.896024],"elbow":[80.7899,321.766,331.475],"grabStrength":0,"id":977,"palmNormal":[-0.613067,-0.702127,-0.362169],"palmPosition":[-9.26138,328.654,35.3095],"palmVelocity":[-13.0386,-9.68351,-83.0284],"palmWidth":88.738,"pinchStrength":0.955686,"r":[[0.927636,-0.367742,0.06525],[0.36172,0.928101,0.0882405],[-0.0930084,-0.0582528,0.99396]],"s":0.987896,"sphereCenter":[-17.8029,281.755,-6.52552],"sphereRadius":58.4917,"stabilizedPalmPosition":[-11.0877,319.023,118.415],"t":[-4.07991,6.19426,-45.1635],"timeVisible":6.30149,"type":"right","wrist":[-1.9351,304.115,82.1136]}],"id":4965584,"interactionBox":{"center":[0,200,0],"size":[235.247,235.247,147.751]},"pointables":[{"bases":[[[0.870312,0.490373,0.045733],[-0.369762,0.589255,0.718369],[0.325321,-0.642115,0.694158]],[[0.716434,0.673124,-0.183376],[-0.522507,0.691874,0.498295],[0.462287,-0.26118,0.847393]],[[0.716434,0.673124,-0.183376],[-0.632758,0.737647,0.235572],[0.293836,-0.0527388,0.9544]],[[0.716434,0.673124,-0.183376],[-0.687696,0.725629,-0.0231774],[0.117462,0.142712,0.98277]]],"btipPosition":[-65.3773,321.939,-6.989],"carpPosition":[-30.4206,310.727,88.4305],"dipPosition":[-62.6963,325.196,15.4421],"direction":[-0.293836,0.0527388,-0.9544],"extended":false,"handId":977,"id":9770,"length":50.8265,"mcpPosition":[-30.4206,310.727,88.4305],"pipPosition":[-52.9257,323.442,47.1775],"stabilizedTipPosition":[-72.6864,319.508,68.5284],"timeVisible":6.30149,"tipPosition":[-65.9026,322.177,-1.63274],"tipVelocity":[9.04825,-23.7039,-96.5277],"tool":false,"touchDistance":-0.612388,"touchZone":"touching","type":0,"width":19.7488},{"bases":[[[0.782124,-0.474707,-0.403653],[0.589746,0.773087,0.23353],[0.2012,-0.420702,0.884606]],[[0.807186,-0.555136,-0.200687],[0.568512,0.822599,0.0111664],[0.158886,-0.123106,0.979592]],[[0.807186,-0.555136,-0.200687],[0.547214,0.831201,-0.0982941],[0.221378,-0.030477,0.974712]],[[0.807186,-0.555136,-0.200687],[0.527386,0.830925,-0.17728],[0.26517,0.0372589,0.963481]]],"btipPosition":[-43.0243,359.803,-59.5778],"carpPosition":[-12.2944,324.363,83.9659],"dipPosition":[-38.6058,360.424,-43.5236],"direction":[-0.221378,0.030477,-0.974712],"extended":true,"handId":977,"id":9771,"length":57.352,"mcpPosition":[-26.7303,354.548,20.4965],"pipPosition":[-33.3874,359.706,-20.5475],"stabilizedTipPosition":[-44.2905,335.784,21.4769],"timeVisible":6.30149,"tipPosition":[-40.8509,360.337,-55.9833],"tipVelocity":[-8.8043,6.28117,-81.5014],"tool":false,"touchDistance":-0.585836,"touchZone":"hovering","type":1,"width":18.8641},{"bases":[[[0.690042,-0.651971,-0.314285],[0.717757,0.672278,0.181291],[0.0930909,-0.350679,0.931858]],[[0.69167,-0.658448,-0.296713],[0.372692,0.677326,-0.634295],[0.618622,0.328141,0.713884]],[[0.69167,-0.658448,-0.296713],[-0.463948,-0.0902412,-0.881254],[0.553484,0.747197,-0.367903]],[[0.69167,-0.658448,-0.296713],[-0.710715,-0.547544,-0.441678],[0.128358,0.516374,-0.846689]]],"btipPosition":[-55.2556,298.499,7.8077],"carpPosition":[-2.13979,320.249,79.0503],"dipPosition":[-52.9032,307.963,-7.70947],"direction":[-0.553484,-0.747197,0.367903],"extended":false,"handId":977,"id":9772,"length":65.348,"mcpPosition":[-8.47381,344.109,15.6455],"pipPosition":[-37.5537,328.684,-17.9124],"stabilizedTipPosition":[-59.8688,296.629,85.5756],"timeVisible":6.30149,"tipPosition":[-54.5188,300.329,5.44706],"tipVelocity":[8.70056,-25.4123,-100.034],"tool":false,"touchDistance":0.333333,"touchZone":"none","type":2,"width":18.527},{"bases":[[[0.640136,-0.745282,-0.186495],[0.767825,0.612458,0.187986],[-0.0258821,-0.263533,0.964303]],[[0.639561,-0.74994,-0.168973],[0.511057,0.57898,-0.635298],[0.574267,0.319957,0.753555]],[[0.639561,-0.74994,-0.168973],[-0.364472,-0.102281,-0.92558],[0.676847,0.653551,-0.338747]],[[0.639561,-0.74994,-0.168973],[-0.713424,-0.497154,-0.493825],[0.286334,0.436381,-0.852986]]],"btipPosition":[-40.3024,289.896,7.66715],"carpPosition":[6.64282,313.347,74.7169],"dipPosition":[-35.085,297.847,-7.87559],"direction":[-0.676847,-0.653551,0.338747],"extended":false,"handId":977,"id":9773,"length":62.8339,"mcpPosition":[8.22394,329.446,15.8079],"pipPosition":[-16.799,315.504,-17.0273],"stabilizedTipPosition":[-47.6391,285.078,72.2523],"timeVisible":6.30149,"tipPosition":[-39.2621,291.577,3.75976],"tipVelocity":[15.7765,-16.7462,-93.1599],"tool":false,"touchDistance":0.333333,"touchZone":"none","type":3,"width":17.6296},{"bases":[[[0.497113,-0.861656,-0.102114],[0.852719,0.463379,0.241141],[-0.160463,-0.206949,0.965103]],[[0.510868,-0.836105,-0.199854],[0.58975,0.510014,-0.626163],[0.625467,0.202023,0.753643]],[[0.510868,-0.836105,-0.199854],[-0.382594,-0.0129464,-0.923826],[0.769828,0.548416,-0.326503]],[[0.510868,-0.836105,-0.199854],[-0.780479,-0.35365,-0.515542],[0.360369,0.419356,-0.833231]]],"btipPosition":[-21.9587,287.987,10.8139],"carpPosition":[11.2779,300.761,71.1445],"dipPosition":[-15.9008,295.036,-3.19288],"direction":[-0.769828,-0.548416,0.326503],"extended":false,"handId":977,"id":9774,"length":49.2606,"mcpPosition":[20.3521,312.464,16.5679],"pipPosition":[-1.21657,305.497,-9.42083],"stabilizedTipPosition":[-29.1639,280.568,71.9032],"timeVisible":6.30149,"tipPosition":[-20.9554,289.512,6.2404],"tipVelocity":[15.6701,-8.73814,-89.5776],"tool":false,"touchDistance":0.333333,"touchZone":"none","type":4,"width":15.66}],"r":[[0.927636,-0.367742,0.06525],[0.36172,0.928101,0.0882405],[-0.0930084,-0.0582528,0.99396]],"s":0.987896,"t":[-4.07991,6.19426,-45.1635],"timestamp":669402307573},false],[2,{"currentFrameRate":53.054,"devices":[],"gestures":[],"hands":[{"armBasis":[[0.801711,-0.552801,-0.227309],[0.506429,0.83023,-0.232911],[0.317472,0.0716112,0.94556]],"armWidth":62.1429,"confidence":0.596618,"direction":[0.0214895,0.447911,-0.89382],"elbow":[81.3247,322.64,330.028],"grabStrength":0,"id":977,"palmNormal":[-0.612021,-0.701042,-0.366021],"palmPosition":[-9.59518,328.544,34.3579],"palmVelocity":[-15.3103,-7.78236,-67.0248],"palmWidth":88.738,"pinchStrength":0.955477,"r":[[0.92979,-0.362001,0.0666771],[0.35552,0.930116,0.092146],[-0.0953743,-0.0619715,0.993511]],"s":0.988474,"sphereCenter":[-18.2285,282.04,-7.64789],"sphereRadius":58.3409,"stabilizedPalmPosition":[-11.0877,319.023,118.415],"t":[-4.36837,6.04769,-46.4013],"timeVisible":6.32037,"type":"right","wrist":[-2.27139,303.784,81.0458]}],"id":4965585,"interactionBox":{"center":[0,200,0],"size":[235.247,235.247,147.751]},"pointables":[{"bases":[[[0.869716,0.491142,0.0487181],[-0.370912,0.585293,0.72101],[0.325604,-0.645145,0.691209]],[[0.717213,0.673746,-0.177967],[-0.522239,0.688762,0.502865],[0.46138,-0.26772,0.845845]],[[0.717213,0.673746,-0.177967],[-0.633286,0.736741,0.236982],[0.290781,-0.0572629,0.955074]],[[0.717213,0.673746,-0.177967],[-0.687815,0.725435,-0.0255758],[0.111872,0.140752,0.983704]]],"btipPosition":[-65.4519,322.057,-8.01171],"carpPosition":[-30.7686,310.333,87.3762],"dipPosition":[-62.8985,325.27,14.4407],"direction":[-0.290781,0.0572629,-0.955074],"extended":false,"handId":977,"id":9770,"length":50.8265,"mcpPosition":[-30.7686,310.333,87.3762],"pipPosition":[-53.2296,323.366,46.1986],"stabilizedTipPosition":[-72.6863,319.508,68.527],"timeVisible":6.32037,"tipPosition":[-65.9983,322.283,-2.66494],"tipVelocity":[1.91343,-9.26774,-75.626],"tool":false,"touchDistance":-0.594749,"touchZone":"touching","type":0,"width":19.7488},{"bases":[[[0.782935,-0.471819,-0.405462],[0.588702,0.772606,0.237716],[0.201104,-0.424813,0.882661]],[[0.807921,-0.552788,-0.204182],[0.567656,0.823073,0.0178095],[0.158212,-0.130294,0.978771]],[[0.807921,-0.552788,-0.204182],[0.546184,0.832518,-0.0927227],[0.221241,-0.0366083,0.974532]],[[0.807921,-0.552788,-0.204182],[0.526086,0.832702,-0.172746],[0.265515,0.0321483,0.963571]]],"btipPosition":[-43.3524,360.277,-60.3764],"carpPosition":[-12.6552,324.011,82.9907],"dipPosition":[-38.9282,360.813,-44.3207],"direction":[-0.221241,0.0366083,-0.974532],"extended":true,"handId":977,"id":9771,"length":57.352,"mcpPosition":[-27.0842,354.49,19.6608],"pipPosition":[-33.7131,359.95,-21.3488],"stabilizedTipPosition":[-44.2903,335.786,21.471],"timeVisible":6.32037,"tipPosition":[-41.2403,360.712,-56.7797],"tipVelocity":[-12.9705,14.9846,-62.267],"tool":false,"touchDistance":-0.567559,"touchZone":"hovering","type":1,"width":18.8641},{"bases":[[[0.690999,-0.649626,-0.317028],[0.716864,0.672203,0.185067],[0.0928828,-0.355147,0.930185]],[[0.69262,-0.656175,-0.29952],[0.37235,0.680903,-0.630656],[0.617765,0.325278,0.715934]],[[0.69262,-0.656175,-0.29952],[-0.463425,-0.0866117,-0.881893],[0.552734,0.749622,-0.364077]],[[0.69262,-0.656175,-0.29952],[-0.709866,-0.546436,-0.444407],[0.12794,0.520424,-0.844269]]],"btipPosition":[-55.5256,298.48,6.68606],"carpPosition":[-2.49264,319.932,78.0616],"dipPosition":[-53.1808,308.018,-8.78677],"direction":[-0.552734,-0.749622,0.364077],"extended":false,"handId":977,"id":9772,"length":65.348,"mcpPosition":[-8.81251,344.097,14.7706],"pipPosition":[-37.8521,328.807,-18.8836],"stabilizedTipPosition":[-59.8688,296.629,85.5749],"timeVisible":6.32037,"tipPosition":[-54.7979,300.325,4.31075],"tipVelocity":[-2.61556,-13.0118,-79.8438],"tool":false,"touchDistance":0.333333,"touchZone":"none","type":2,"width":18.527},{"bases":[[[0.641116,-0.743621,-0.189731],[0.766996,0.612408,0.191502],[-0.0262117,-0.268298,0.962979]],[[0.64056,-0.748197,-0.172871],[0.509901,0.582749,-0.632775],[0.574181,0.317183,0.754792]],[[0.64056,-0.748197,-0.172871],[-0.365574,-0.0991484,-0.925486],[0.675306,0.656027,-0.337032]],[[0.64056,-0.748197,-0.172871],[-0.713347,-0.496431,-0.494664],[0.284287,0.440179,-0.851718]]],"btipPosition":[-40.5417,289.887,6.60795],"carpPosition":[6.30075,313.062,73.7002],"dipPosition":[-35.3615,297.908,-8.91169],"direction":[-0.675306,-0.656027,0.337032],"extended":false,"handId":977,"id":9773,"length":62.8339,"mcpPosition":[7.90201,329.452,14.8721],"pipPosition":[-17.1172,315.631,-18.0171],"stabilizedTipPosition":[-47.6389,285.078,72.2506],"timeVisible":6.32037,"tipPosition":[-39.5101,291.594,2.68253],"tipVelocity":[1.6109,-8.35724,-74.8455],"tool":false,"touchDistance":0.333333,"touchZone":"none","type":3,"width":17.6296},{"bases":[[[0.498171,-0.860573,-0.106018],[0.852027,0.463167,0.24398],[-0.160859,-0.211874,0.963968]],[[0.511714,-0.835196,-0.201487],[0.589343,0.511869,-0.625032],[0.625159,0.201093,0.754147]],[[0.511714,-0.835196,-0.201487],[-0.384268,-0.0127348,-0.923134],[0.768432,0.549805,-0.327455]],[[0.511714,-0.835196,-0.201487],[-0.781121,-0.354605,-0.513912],[0.357769,0.420361,-0.833845]]],"btipPosition":[-22.1806,287.992,9.81372],"carpPosition":[10.9526,300.499,70.069],"dipPosition":[-16.1665,295.058,-4.20338],"direction":[-0.768432,-0.549805,0.327455],"extended":false,"handId":977,"id":9774,"length":49.2606,"mcpPosition":[20.0492,312.48,15.5566],"pipPosition":[-1.50884,305.546,-10.4495],"stabilizedTipPosition":[-29.1638,280.568,71.9024],"timeVisible":6.32037,"tipPosition":[-21.1784,289.537,5.25771],"tipVelocity":[1.96894,-4.21589,-71.6868],"tool":false,"touchDistance":0.333333,"touchZone":"none","type":4,"width":15.66}],"r":[[0.92979,-0.362001,0.0666771],[0.35552,0.930116,0.092146],[-0.0953743,-0.0619715,0.993511]],"s":0.988474,"t":[-4.36837,6.04769,-46.4013],"timestamp":669402326461},false],[3,{"currentFrameRate":53.013,"devices":[],"gestures":[],"hands":[{"armBasis":[[0.80014,-0.554981,-0.227534],[0.510278,0.829208,-0.228102],[0.315265,0.0664082,0.946677]],"armWidth":62.1429,"confidence":0.614731,"direction":[0.0219561,0.444883,-0.895319],"elbow":[80.2769,320.677,326.997],"grabStrength":0,"id":977,"palmNormal":[-0.612986,-0.701464,-0.363589],"palmPosition":[-10.0355,327.804,30.9507],"palmVelocity":[-19.1757,-23.1132,-122.272],"palmWidth":88.738,"pinchStrength":0.95459,"r":[[0.931391,-0.357601,0.0680569],[0.35079,0.931661,0.0946291],[-0.0972454,-0.064263,0.993184]],"s":0.989388,"sphereCenter":[-18.9369,281.422,-10.8127],"sphereRadius":58.1533,"stabilizedPalmPosition":[-11.0877,319.023,118.414],"t":[-4.73275,5.60449,-48.7237],"timeVisible":6.33938,"type":"right","wrist":[-2.73786,303.191,77.7204]}],"id":4965586,"interactionBox":{"center":[0,200,0],"size":[235.247,235.247,147.751]},"pointables":[{"bases":[[[0.870364,0.490164,0.046959],[-0.37005,0.588192,0.719092],[0.324852,-0.643249,0.693327]],[[0.719419,0.671174,-0.178778],[-0.51993,0.691051,0.502117],[0.460553,-0.268281,0.846119]],[[0.719419,0.671174,-0.178778],[-0.631743,0.73927,0.233197],[0.288681,-0.0548249,0.955854]],[[0.719419,0.671174,-0.178778],[-0.686074,0.72682,-0.0321781],[0.108342,0.145805,0.983363]]],"btipPosition":[-65.7183,321.354,-11.3869],"carpPosition":[-31.2256,309.798,84.0325],"dipPosition":[-63.2455,324.682,11.0578],"direction":[-0.288681,0.0548249,-0.955854],"extended":false,"handId":977,"id":9770,"length":50.8265,"mcpPosition":[-31.2256,309.798,84.0325],"pipPosition":[-53.6463,322.859,42.8416],"stabilizedTipPosition":[-72.6861,319.508,68.5257],"timeVisible":6.33938,"tipPosition":[-66.2687,321.599,-6.05217],"tipVelocity":[-6.40805,-22.236,-125.854],"tool":false,"touchDistance":-0.614262,"touchZone":"touching","type":0,"width":19.7488},{"bases":[[[0.782263,-0.4742,-0.403979],[0.589744,0.772628,0.235049],[0.200666,-0.422114,0.884055]],[[0.807123,-0.553982,-0.204099],[0.568801,0.822291,0.0174297],[0.158173,-0.130159,0.978795]],[[0.807123,-0.553982,-0.204099],[0.547151,0.831754,-0.093871],[0.221763,-0.0359074,0.974439]],[[0.807123,-0.553982,-0.204099],[0.526791,0.831856,-0.174663],[0.266541,0.0334569,0.963243]]],"btipPosition":[-43.7885,359.466,-63.8616],"carpPosition":[-13.095,323.438,79.5988],"dipPosition":[-39.3472,360.024,-47.8114],"direction":[-0.221763,0.0359074,-0.974439],"extended":true,"handId":977,"id":9771,"length":57.352,"mcpPosition":[-27.4925,353.724,16.1689],"pipPosition":[-34.1198,359.178,-24.8417],"stabilizedTipPosition":[-44.2902,335.787,21.4667],"timeVisible":6.33938,"tipPosition":[-41.7363,359.81,-60.268],"tipVelocity":[-17.7769,-13.2535,-121.91],"tool":false,"touchDistance":-0.591434,"touchZone":"hovering","type":1,"width":18.8641},{"bases":[[[0.690106,-0.651589,-0.314937],[0.717767,0.671881,0.18272],[0.0925422,-0.352147,0.931358]],[[0.691718,-0.65807,-0.297439],[0.373177,0.678335,-0.63293],[0.618275,0.326812,0.714793]],[[0.691718,-0.65807,-0.297439],[-0.463805,-0.0891197,-0.881444],[0.553544,0.747664,-0.366862]],[[0.691718,-0.65807,-0.297439],[-0.710705,-0.54723,-0.442083],[0.128154,0.517188,-0.846223]]],"btipPosition":[-55.9985,297.715,3.39336],"carpPosition":[-2.93839,319.33,74.6821],"dipPosition":[-53.6498,307.193,-12.1153],"direction":[-0.553544,-0.747664,0.366862],"extended":false,"handId":977,"id":9772,"length":65.348,"mcpPosition":[-9.23508,343.29,11.3113],"pipPosition":[-38.2986,327.928,-22.2893],"stabilizedTipPosition":[-59.8687,296.629,85.574],"timeVisible":6.33938,"tipPosition":[-55.2767,299.553,0.989036],"tipVelocity":[-13.5538,-26.7764,-126.026],"tool":false,"touchDistance":0.333333,"touchZone":"none","type":2,"width":18.527},{"bases":[[[0.640118,-0.745091,-0.187319],[0.767822,0.612043,0.189348],[-0.0264342,-0.265033,0.963877]],[[0.639602,-0.749308,-0.171598],[0.506368,0.578647,-0.639343],[0.57836,0.322033,0.74953]],[[0.639602,-0.749308,-0.171598],[-0.372499,-0.106847,-0.921861],[0.672424,0.653545,-0.347456]],[[0.639602,-0.749308,-0.171598],[-0.716615,-0.500438,-0.485824],[0.278157,0.433704,-0.857047]]],"btipPosition":[-40.976,289.033,3.80358],"carpPosition":[5.84543,312.433,70.3426],"dipPosition":[-35.9075,296.935,-11.8132],"direction":[-0.672424,-0.653545,0.347456],"extended":false,"handId":977,"id":9773,"length":62.8339,"mcpPosition":[7.46029,328.624,11.4597],"pipPosition":[-17.741,314.592,-21.2002],"stabilizedTipPosition":[-47.6386,285.079,72.2479],"timeVisible":6.33938,"tipPosition":[-39.961,290.756,-0.278027],"tipVelocity":[-11.095,-27.0743,-111.206],"tool":false,"touchDistance":0.333333,"touchZone":"none","type":3,"width":17.6296},{"bases":[[[0.497031,-0.861574,-0.103196],[0.852664,0.462868,0.242316],[-0.161007,-0.20843,0.964694]],[[0.510414,-0.837009,-0.197212],[0.590332,0.507814,-0.627402],[0.625288,0.203815,0.753309]],[[0.510414,-0.837009,-0.197212],[-0.384882,-0.0172777,-0.922804],[0.768988,0.546916,-0.330969]],[[0.510414,-0.837009,-0.197212],[-0.78209,-0.356497,-0.511121],[0.357507,0.415121,-0.836578]]],"btipPosition":[-22.6552,287.2,6.59855],"carpPosition":[10.4804,299.852,66.753],"dipPosition":[-16.6454,294.178,-7.46449],"direction":[-0.768988,-0.546916,0.330969],"extended":false,"handId":977,"id":9774,"length":49.2606,"mcpPosition":[19.5853,311.639,12.1995],"pipPosition":[-1.97715,304.61,-13.7776],"stabilizedTipPosition":[-29.1637,280.568,71.9014],"timeVisible":6.33938,"tipPosition":[-21.6485,288.722,2.05961],"tipVelocity":[-11.3174,-23.1839,-119.938],"tool":false,"touchDistance":0.333333,"touchZone":"none","type":4,"width":15.66}],"r":[[0.931391,-0.357601,0.0680569],[0.35079,0.931661,0.0946291],[-0.0972454,-0.064263,0.993184]],"s":0.989388,"t":[-4.73275,5.60449,-48.7237],"timestamp":669402345472},false],[4,{"currentFrameRate":53.0113,"devices":[],"gestures":[],"hands":[{"armBasis":[[0.800564,-0.553657,-0.229262],[0.503799,0.829003,-0.242779],[0.324475,0.0788579,0.942601]],"armWidth":62.1429,"confidence":0.581406,"direction":[0.0270271,0.450742,-0.892245],"elbow":[81.9092,323.202,324.12],"grabStrength":0,"id":977,"palmNormal":[-0.611594,-0.698567,-0.371426],"palmPosition":[-10.5624,327.363,29.2717],"palmVelocity":[-23.4599,-23.2412,-105.963],"palmWidth":88.738,"pinchStrength":0.954032,"r":[[0.932526,-0.354316,0.0696824],[0.347042,0.932694,0.098205],[-0.0997879,-0.0673961,0.992724]],"s":0.990399,"sphereCenter":[-19.4829,281.524,-12.7669],"sphereRadius":57.969,"stabilizedPalmPosition":[-11.0877,319.023,118.412],"t":[-5.17838,5.16235,-50.7245],"timeVisible":6.35825,"type":"right","wrist":[-3.53081,302.437,75.9163]}],"id":4965587,"interactionBox":{"center":[0,200,0],"size":[235.247,235.247,147.751]},"pointables":[{"bases":[[[0.87048,0.489147,0.0547754],[-0.373393,0.583749,0.720982],[0.320691,-0.648053,0.690785]],[[0.722081,0.670808,-0.169162],[-0.520926,0.688119,0.505102],[0.45523,-0.276604,0.846319]],[[0.722081,0.670808,-0.169162],[-0.631888,0.739061,0.233465],[0.281632,-0.0616893,0.957538]],[[0.722081,0.670808,-0.169162],[-0.684601,0.728071,-0.0351261],[0.0995993,0.141173,0.984962]]],"btipPosition":[-65.8461,321.32,-13.4003],"carpPosition":[-32.0465,309.026,82.1213],"dipPosition":[-63.5728,324.543,9.08085],"direction":[-0.281632,0.0616893,-0.957538],"extended":false,"handId":977,"id":9770,"length":50.8265,"mcpPosition":[-32.0465,309.026,82.1213],"pipPosition":[-54.208,322.491,40.9206],"stabilizedTipPosition":[-72.6861,319.508,68.5249],"timeVisible":6.35825,"tipPosition":[-66.4311,321.539,-8.07576],"tipVelocity":[-7.77665,-12.8446,-116.253],"tool":false,"touchDistance":-0.611244,"touchZone":"touching","type":0,"width":19.7488},{"bases":[[[0.784023,-0.472161,-0.402955],[0.589086,0.770593,0.243235],[0.195668,-0.428077,0.882306]],[[0.807718,-0.55263,-0.205408],[0.569422,0.821539,0.0288448],[0.15281,-0.140262,0.978251]],[[0.807718,-0.55263,-0.205408],[0.548268,0.832178,-0.0829585],[0.216781,-0.0456116,0.975154]],[[0.807718,-0.55263,-0.205408],[0.528159,0.833072,-0.164438],[0.261993,0.0243318,0.964763]]],"btipPosition":[-43.7993,359.94,-65.4811],"carpPosition":[-13.8822,322.68,77.8732],"dipPosition":[-39.4338,360.346,-49.4056],"direction":[-0.216781,0.0456116,-0.975154],"extended":true,"handId":977,"id":9771,"length":57.352,"mcpPosition":[-27.9211,353.394,14.5688],"pipPosition":[-34.3237,359.27,-26.419],"stabilizedTipPosition":[-44.2902,335.788,21.4644],"timeVisible":6.35825,"tipPosition":[-41.8385,360.137,-61.8755],"tipVelocity":[-9.80101,4.62563,-104.082],"tool":false,"touchDistance":-0.584829,"touchZone":"hovering","type":1,"width":18.8641},{"bases":[[[0.691261,-0.650057,-0.31557],[0.717307,0.67009,0.190921],[0.0873504,-0.358336,0.929497]],[[0.692773,-0.656644,-0.298135],[0.377055,0.682217,-0.626426],[0.614732,0.321557,0.720212]],[[0.692773,-0.656644,-0.298135],[-0.459351,-0.0831001,-0.884359],[0.555934,0.749609,-0.359199]],[[0.692773,-0.656644,-0.298135],[-0.708844,-0.543966,-0.449045],[0.132687,0.522417,-0.842303]]],"btipPosition":[-56.3925,297.499,1.28208],"carpPosition":[-3.70291,318.596,72.9832],"dipPosition":[-53.9608,307.073,-14.1547],"direction":[-0.555934,-0.749609,0.359199],"extended":false,"handId":977,"id":9772,"length":65.348,"mcpPosition":[-9.64634,342.977,9.73909],"pipPosition":[-38.5433,327.862,-24.1163],"stabilizedTipPosition":[-59.8687,296.629,85.573],"timeVisible":6.35825,"tipPosition":[-55.6641,299.355,-1.12781],"tipVelocity":[-16.6473,-18.6871,-118.671],"tool":false,"touchDistance":0.333333,"touchZone":"none","type":2,"width":18.527},{"bases":[[[0.640527,-0.744356,-0.188835],[0.76728,0.610169,0.19742],[-0.0317294,-0.271343,0.96196]],[[0.639953,-0.748503,-0.173792],[0.509522,0.582645,-0.633176],[0.575193,0.316652,0.754244]],[[0.639953,-0.748503,-0.173792],[-0.369205,-0.101162,-0.923826],[0.673905,0.65537,-0.34109]],[[0.639953,-0.748503,-0.173792],[-0.715135,-0.497398,-0.491099],[0.281145,0.438565,-0.853591]]],"btipPosition":[-41.356,288.802,1.78263],"carpPosition":[5.09842,311.721,68.6449],"dipPosition":[-36.2331,296.793,-13.7712],"direction":[-0.673905,-0.65537,0.34109],"extended":false,"handId":977,"id":9773,"length":62.8339,"mcpPosition":[7.03675,328.297,9.8791],"pipPosition":[-18.0266,314.499,-22.9862],"stabilizedTipPosition":[-47.6383,285.079,72.245],"timeVisible":6.35825,"tipPosition":[-40.3282,290.552,-2.29111],"tipVelocity":[-15.1997,-19.2642,-108.818],"tool":false,"touchDistance":0.333333,"touchZone":"none","type":3,"width":17.6296},{"bases":[[[0.496909,-0.861276,-0.106236],[0.851727,0.460581,0.249852],[-0.166261,-0.214638,0.962438]],[[0.510463,-0.836972,-0.197245],[0.593544,0.508926,-0.623458],[0.6222,0.201179,0.756567]],[[0.510463,-0.836972,-0.197245],[-0.382144,-0.0153181,-0.923976],[0.77032,0.547032,-0.327663]],[[0.510463,-0.836972,-0.197245],[-0.780768,-0.355015,-0.514165],[0.360317,0.416465,-0.834703]]],"btipPosition":[-23.0619,286.925,4.76325],"carpPosition":[9.74262,299.16,64.9971],"dipPosition":[-17.0049,293.926,-9.26826],"direction":[-0.77032,-0.547032,0.327663],"extended":false,"handId":977,"id":9774,"length":49.2606,"mcpPosition":[19.1447,311.297,10.5712],"pipPosition":[-2.31129,304.36,-15.5183],"stabilizedTipPosition":[-29.1636,280.568,71.9002],"timeVisible":6.35825,"tipPosition":[-22.0217,288.476,0.241653],"tipVelocity":[-16.051,-18.8341,-108.641],"tool":false,"touchDistance":0.333333,"touchZone":"none","type":4,"width":15.66}],"r":[[0.932526,-0.354316,0.0696824],[0.347042,0.932694,0.098205],[-0.0997879,-0.0673961,0.992724]],"s":0.990399,"t":[-5.17838,5.16235,-50.7245],"timestamp":669402364342},false],[5,{"currentFrameRate":53.0054,"devices":[],"gestures":[],"hands":[{"armBasis":[[0.79715,-0.550547,-0.24789],[0.505553,0.83308,-0.224486],[0.330103,0.0536276,0.94242]],"armWidth":62.1429,"confidence":0.607658,"direction":[0.0294521,0.447992,-0.893552],"elbow":[82.7929,316.732,321.959],"grabStrength":0,"id":977,"palmNormal":[-0.60396,-0.70433,-0.373031],"palmPosition":[-11.0435,327.33,27.0315],"palmVelocity":[-24.446,-12.7069,-112.162],"palmWidth":88.738,"pinchStrength":0.952307,"r":[[0.933852,-0.35025,0.0724328],[0.342511,0.934082,0.100885],[-0.102993,-0.0694022,0.992258]],"s":0.991644,"sphereCenter":[-19.5493,281.551,-14.8343],"sphereRadius":57.7857,"stabilizedPalmPosition":[-11.0876,319.024,118.41],"t":[-5.64174,4.92476,-52.8449],"timeVisible":6.37714,"type":"right","wrist":[-4.12894,302.611,73.8035]}],"id":4965588,"interactionBox":{"center":[0,200,0],"size":[235.247,235.247,147.751]},"pointables":[{"bases":[[[0.866443,0.495807,0.0587587],[-0.38239,0.583315,0.716604],[0.321023,-0.643365,0.695001]],[[0.719397,0.674648,-0.165283],[-0.528002,0.685754,0.500954],[0.451311,-0.273115,0.849545]],[[0.719397,0.674648,-0.165283],[-0.638143,0.735911,0.226296],[0.274303,-0.0573221,0.959933]],[[0.719397,0.674648,-0.165283],[-0.688874,0.723462,-0.0453257],[0.0889973,0.146466,0.985204]]],"btipPosition":[-65.8556,320.866,-15.9615],"carpPosition":[-32.7324,309.007,79.8023],"dipPosition":[-63.8243,324.209,6.52516],"direction":[-0.274303,0.0573221,-0.959933],"extended":false,"handId":977,"id":9770,"length":50.8265,"mcpPosition":[-32.7324,309.007,79.8023],"pipPosition":[-54.7032,322.303,38.4446],"stabilizedTipPosition":[-72.686,319.508,68.5243],"timeVisible":6.37714,"tipPosition":[-66.4691,321.087,-10.6552],"tipVelocity":[-5.65734,-17.6282,-125.707],"tool":false,"touchDistance":-0.616852,"touchZone":"touching","type":0,"width":19.7488},{"bases":[[[0.790109,-0.46762,-0.396308],[0.581747,0.775765,0.244458],[0.193128,-0.423699,0.884975]],[[0.813081,-0.546654,-0.20017],[0.563138,0.825726,0.0324246],[0.14756,-0.139087,0.979225]],[[0.813081,-0.546654,-0.20017],[0.542544,0.83622,-0.0798873],[0.211057,-0.0436459,0.976499]],[[0.813081,-0.546654,-0.20017],[0.522808,0.836922,-0.161968],[0.256067,0.0270427,0.966281]]],"btipPosition":[-43.9243,359.588,-68.0177],"carpPosition":[-14.6431,322.782,75.6259],"dipPosition":[-39.6575,360.038,-51.9168],"direction":[-0.211057,0.0436459,-0.976499],"extended":true,"handId":977,"id":9771,"length":57.352,"mcpPosition":[-28.4998,353.182,12.1301],"pipPosition":[-34.6825,359.009,-28.8986],"stabilizedTipPosition":[-44.2902,335.788,21.4632],"timeVisible":6.37714,"tipPosition":[-42.0505,359.706,-64.4014],"tipVelocity":[-8.83139,-6.52235,-118.743],"tool":false,"touchDistance":-0.59264,"touchZone":"hovering","type":1,"width":18.8641},{"bases":[[[0.698109,-0.645915,-0.308929],[0.711048,0.676049,0.193308],[0.0839908,-0.354614,0.931233]],[[0.699555,-0.652423,-0.291492],[0.376037,0.682981,-0.626206],[0.607634,0.328454,0.723117]],[[0.699555,-0.652423,-0.291492],[-0.453115,-0.0895785,-0.88694],[0.552548,0.752543,-0.358287]],[[0.699555,-0.652423,-0.291492],[-0.701914,-0.550928,-0.451435],[0.133936,0.520406,-0.84335]]],"btipPosition":[-56.4587,297.039,-1.14648],"carpPosition":[-4.40228,318.758,70.8154],"dipPosition":[-54.0041,306.577,-16.6025],"direction":[-0.552548,-0.752543,0.358287],"extended":false,"handId":977,"id":9772,"length":65.348,"mcpPosition":[-10.1171,342.886,7.45319],"pipPosition":[-38.6805,327.447,-26.5387],"stabilizedTipPosition":[-59.8686,296.629,85.5722],"timeVisible":6.37714,"tipPosition":[-55.7354,298.895,-3.57852],"tipVelocity":[-10.0677,-21.6778,-123.644],"tool":false,"touchDistance":0.333333,"touchZone":"none","type":2,"width":18.527},{"bases":[[[0.647258,-0.740173,-0.182211],[0.761423,0.616525,0.20033],[-0.0359408,-0.268405,0.962636]],[[0.646638,-0.74416,-0.167583],[0.508829,0.584481,-0.63204],[0.568288,0.32343,0.756599]],[[0.646638,-0.74416,-0.167583],[-0.363434,-0.107406,-0.925408],[0.670653,0.65931,-0.339906]],[[0.646638,-0.74416,-0.167583],[-0.708686,-0.50482,-0.492869],[0.282174,0.437472,-0.853813]]],"btipPosition":[-41.3492,288.455,-0.477144],"carpPosition":[4.47789,311.935,66.557],"dipPosition":[-36.2076,296.426,-16.035],"direction":[-0.670653,-0.65931,0.339906],"extended":false,"handId":977,"id":9773,"length":62.8339,"mcpPosition":[6.6735,328.331,7.7499],"pipPosition":[-18.089,314.238,-25.218],"stabilizedTipPosition":[-47.638,285.079,72.2428],"timeVisible":6.37714,"tipPosition":[-40.3145,290.199,-4.55481],"tipVelocity":[-7.46313,-18.9562,-114.15],"tool":false,"touchDistance":0.333333,"touchZone":"none","type":3,"width":17.6296},{"bases":[[[0.503982,-0.857888,-0.100151],[0.846639,0.467744,0.253805],[-0.170891,-0.212704,0.962057]],[[0.517416,-0.835034,-0.18708],[0.590088,0.506492,-0.628698],[0.619739,0.214904,0.754811]],[[0.517416,-0.835034,-0.18708],[-0.382778,-0.0303175,-0.923343],[0.765351,0.549362,-0.33532]],[[0.517416,-0.835034,-0.18708],[-0.777527,-0.367449,-0.510326],[0.357397,0.409511,-0.839386]]],"btipPosition":[-23.075,286.651,3.05428],"carpPosition":[9.23897,299.397,62.9812],"dipPosition":[-17.0671,293.535,-11.056],"direction":[-0.765351,-0.549362,0.33532],"extended":false,"handId":977,"id":9774,"length":49.2606,"mcpPosition":[18.9029,311.425,8.57686],"pipPosition":[-2.46826,304.014,-17.4521],"stabilizedTipPosition":[-29.1635,280.568,71.899],"timeVisible":6.37714,"tipPosition":[-21.9955,288.22,-1.52755],"tipVelocity":[-8.81635,-17.3904,-100.211],"tool":false,"touchDistance":0.333333,"touchZone":"none","type":4,"width":15.66}],"r":[[0.933852,-0.35025,0.0724328],[0.342511,0.934082,0.100885],[-0.102993,-0.0694022,0.992258]],"s":0.991644,"t":[-5.64174,4.92476,-52.8449],"timestamp":669402383229},false],[6,{"currentFrameRate":53.0459,"devices":[],"gestures":[],"hands":[{"armBasis":[[0.798869,-0.555877,-0.229803],[0.510103,0.828541,-0.230902],[0.318754,0.0672372,0.94545]],"armWidth":62.1429,"confidence":0.612153,"direction":[0.0307062,0.445854,-0.894579],"elbow":[79.6487,319.916,320.542],"grabStrength":0,"id":977,"palmNormal":[-0.610184,-0.700513,-0.370077],"palmPosition":[-11.1238,326.883,24.78],"palmVelocity":[-14.6352,-18.1509,-116.156],"palmWidth":88.738,"pinchStrength":0.948118,"r":[[0.934398,-0.348385,0.0743469],[0.340346,0.934702,0.102453],[-0.105185,-0.0704284,0.991956]],"s":0.993168,"sphereCenter":[-20.2521,281.282,-16.9172],"sphereRadius":57.6619,"stabilizedPalmPosition":[-11.0877,319.024,118.408],"t":[-5.91358,4.58253,-55.0309],"timeVisible":6.39585,"type":"right","wrist":[-4.28483,302.212,71.5882]}],"id":4965589,"interactionBox":{"center":[0,200,0],"size":[235.247,235.247,147.751]},"pointables":[{"bases":[[[0.870321,0.489334,0.0556273],[-0.376227,0.587727,0.716261],[0.317797,-0.644306,0.695611]],[[0.725358,0.667815,-0.16697],[-0.520033,0.690534,0.502722],[0.451023,-0.277824,0.84817]],[[0.725358,0.667815,-0.16697],[-0.630886,0.741968,0.226863],[0.275389,-0.059218,0.959507]],[[0.725358,0.667815,-0.16697],[-0.682318,0.729606,-0.0460109],[0.0910953,0.147301,0.984888]]],"btipPosition":[-66.0176,320.97,-18.034],"carpPosition":[-32.8244,308.838,77.6415],"dipPosition":[-63.9384,324.332,4.44548],"direction":[-0.275389,0.059218,-0.959507],"extended":false,"handId":977,"id":9770,"length":50.8265,"mcpPosition":[-32.8244,308.838,77.6415],"pipPosition":[-54.7812,322.363,36.3508],"stabilizedTipPosition":[-72.686,319.508,68.5239],"timeVisible":6.39585,"tipPosition":[-66.5666,321.16,-12.7479],"tipVelocity":[-6.83153,-6.22562,-118.488],"tool":false,"touchDistance":-0.614612,"touchZone":"touching","type":0,"width":19.7488},{"bases":[[[0.785581,-0.474452,-0.397188],[0.588206,0.77184,0.241404],[0.192031,-0.423271,0.885419]],[[0.808382,-0.552649,-0.202726],[0.569462,0.821413,0.0315218],[0.149101,-0.140926,0.978728]],[[0.808382,-0.552649,-0.202726],[0.548591,0.832158,-0.0809983],[0.213463,-0.0457358,0.97588]],[[0.808382,-0.552649,-0.202726],[0.528531,0.833041,-0.163394],[0.259178,0.0249378,0.965508]]],"btipPosition":[-44.0167,359.402,-70.2347],"carpPosition":[-14.6411,322.466,73.3924],"dipPosition":[-39.6981,359.818,-54.1467],"direction":[-0.213463,0.0457358,-0.97588],"extended":true,"handId":977,"id":9771,"length":57.352,"mcpPosition":[-28.4191,352.835,9.86475],"pipPosition":[-34.6663,358.74,-31.1431],"stabilizedTipPosition":[-44.2902,335.788,21.4626],"timeVisible":6.39585,"tipPosition":[-42.1821,359.427,-66.6251],"tipVelocity":[-6.62662,-8.38063,-118.711],"tool":false,"touchDistance":-0.595009,"touchZone":"hovering","type":1,"width":18.8641},{"bases":[[[0.69244,-0.651857,-0.309208],[0.716623,0.671037,0.19016],[0.0835326,-0.35326,0.931789]],[[0.693877,-0.658328,-0.291786],[0.379723,0.678802,-0.62852],[0.611837,0.325318,0.720988]],[[0.693877,-0.658328,-0.291786],[-0.456038,-0.0881534,-0.885583],[0.557283,0.747551,-0.36139]],[[0.693877,-0.658328,-0.291786],[-0.707219,-0.546738,-0.448239],[0.135558,0.517379,-0.844951]]],"btipPosition":[-56.8266,296.885,-3.21802],"carpPosition":[-4.44273,318.354,68.5662],"dipPosition":[-54.3422,306.366,-18.7034],"direction":[-0.557283,-0.747551,0.36139],"extended":false,"handId":977,"id":9772,"length":65.348,"mcpPosition":[-10.1264,342.39,5.16614],"pipPosition":[-38.8873,327.098,-28.7257],"stabilizedTipPosition":[-59.8686,296.629,85.5715],"timeVisible":6.39585,"tipPosition":[-56.1016,298.731,-5.67545],"tipVelocity":[-14.563,-15.4828,-117.538],"tool":false,"touchDistance":0.333333,"touchZone":"none","type":2,"width":18.527},{"bases":[[[0.64118,-0.745455,-0.182166],[0.766561,0.611147,0.197189],[-0.0356652,-0.266075,0.963292]],[[0.640598,-0.749218,-0.168244],[0.510179,0.579026,-0.635961],[0.573891,0.321561,0.753159]],[[0.640598,-0.749218,-0.168244],[-0.368957,-0.108168,-0.923131],[0.673427,0.653431,-0.345721]],[[0.640598,-0.749218,-0.168244],[-0.714659,-0.501569,-0.487535],[0.280884,0.432552,-0.85674]]],"btipPosition":[-41.7644,288.162,-2.41267],"carpPosition":[4.37512,311.454,64.3012],"dipPosition":[-36.6463,296.044,-18.0238],"direction":[-0.673427,-0.653431,0.345721],"extended":false,"handId":977,"id":9773,"length":62.8339,"mcpPosition":[6.55389,327.709,5.45401],"pipPosition":[-18.4527,313.697,-27.364],"stabilizedTipPosition":[-47.6379,285.079,72.2407],"timeVisible":6.39585,"tipPosition":[-40.7328,289.899,-6.5335],"tipVelocity":[-14.7766,-17.8793,-109.27],"tool":false,"touchDistance":0.333333,"touchZone":"none","type":3,"width":17.6296},{"bases":[[[0.497212,-0.861904,-0.0995119],[0.850774,0.461837,0.25078],[-0.17019,-0.209353,0.962916]],[[0.510279,-0.840093,-0.184011],[0.590902,0.497948,-0.634731],[0.62486,0.215158,0.750504]],[[0.510279,-0.840093,-0.184011],[-0.388579,-0.0343431,-0.920775],[0.767217,0.541355,-0.343967]],[[0.510279,-0.840093,-0.184011],[-0.783028,-0.365363,-0.503365],[0.355643,0.400942,-0.844253]]],"btipPosition":[-23.5041,286.226,1.16075],"carpPosition":[9.03225,298.873,60.741],"dipPosition":[-17.5257,292.966,-13.0313],"direction":[-0.767217,-0.541355,0.343967],"extended":false,"handId":977,"id":9774,"length":49.2606,"mcpPosition":[18.6565,310.712,6.28806],"pipPosition":[-2.89123,303.292,-19.5924],"stabilizedTipPosition":[-29.1633,280.569,71.8973],"timeVisible":6.39585,"tipPosition":[-22.4133,287.779,-3.42549],"tipVelocity":[-15.8681,-20.8505,-101.195],"tool":false,"touchDistance":0.333333,"tou