{"sensorType":"Leap","data":[[0,{"currentFrameRate":51.1138,"devices":[],"gestures":[],"hands":[{"armBasis":[[0.815676,-0.564575,-0.126205],[0.527998,0.815677,-0.236409],[0.236413,0.126198,0.963423]],"armWidth":62.1429,"confidence":0.692972,"direction":[0.0432753,0.393812,-0.918172],"elbow":[59.1599,331.627,338.153],"grabStrength":0,"id":982,"palmNormal":[-0.608555,-0.71847,-0.336841],"palmPosition":[-9.26699,320.371,36.2446],"palmVelocity":[-13.4618,33.5372,-166.371],"palmWidth":88.738,"pinchStrength":1,"r":[[0.892716,0.333618,0.302914],[-0.30773,0.942409,-0.131024],[-0.329181,0.0237519,0.943968]],"s":1.05181,"sphereCenter":[-22.4029,277.161,-0.986124],"sphereRadius":52.9545,"stabilizedPalmPosition":[-5.98689,300.109,84.944],"t":[3.81217,-2.46262,37.5765],"timeVisible":5.56572,"type":"right","wrist":[-3.09187,298.397,84.4673]}],"id":4967431,"interactionBox":{"center":[0,200,0],"size":[235.247,235.247,147.751]},"pointables":[{"bases":[[[0.871584,0.488756,0.0381888],[-0.382398,0.629035,0.676821],[0.306779,-0.60451,0.735156]],[[0.726927,0.65698,-0.199887],[-0.534802,0.724197,0.435346],[0.430771,-0.209564,0.877792]],[[0.726927,0.65698,-0.199887],[-0.655509,0.750597,0.0831458],[0.20466,0.0705868,0.976285]],[[0.726927,0.65698,-0.199887],[-0.684979,0.714374,-0.143085],[0.0487899,0.240931,0.969315]]],"btipPosition":[-60.5645,307.811,-7.53769],"carpPosition":[-31.6748,305.455,89.7823],"dipPosition":[-59.4509,313.31,14.5863],"direction":[-0.20466,-0.0705868,-0.976285],"extended":false,"handId":982,"id":9820,"length":50.8265,"mcpPosition":[-31.6748,305.455,89.7823],"pipPosition":[-52.6456,315.657,47.0495],"stabilizedTipPosition":[-57.4762,288.451,42.2637],"timeVisible":5.56572,"tipPosition":[-60.4007,309.073,-2.02707],"tipVelocity":[-9.91831,41.5443,-168.791],"tool":false,"touchDistance":-0.71369,"touchZone":"hovering","type":0,"width":19.7488},{"bases":[[[0.788349,-0.499073,-0.359766],[0.588416,0.78239,0.20404],[0.179646,-0.372547,0.910459]],[[0.807728,-0.557354,-0.192178],[0.554118,0.829021,-0.0753536],[0.201318,-0.0456238,0.978463]],[[0.807728,-0.557354,-0.192178],[0.527964,0.828893,-0.184906],[0.262353,0.0478912,0.963783]],[[0.807728,-0.557354,-0.192178],[0.504987,0.822293,-0.26234],[0.304242,0.114852,0.945646]]],"btipPosition":[-45.9643,344.355,-59.8131],"carpPosition":[-13.3862,318.756,84.9834],"dipPosition":[-40.8948,346.268,-44.0561],"direction":[-0.262353,-0.0478912,-0.963783],"extended":true,"handId":982,"id":9821,"length":57.352,"mcpPosition":[-26.2756,345.486,19.6591],"pipPosition":[-34.7106,347.397,-21.3376],"stabilizedTipPosition":[-43.412,324.238,-26.1519],"timeVisible":5.56572,"tipPosition":[-44.9791,344.076,-56.0086],"tipVelocity":[-6.56133,104.137,-159.46],"tool":false,"touchDistance":-0.876075,"touchZone":"touching","type":1,"width":18.8641},{"bases":[[[0.693433,-0.670835,-0.262929],[0.717026,0.678383,0.16022],[0.070886,-0.299629,0.951419]],[[0.694648,-0.676373,-0.244917],[0.430883,0.663861,-0.611252],[0.576025,0.319075,0.752587]],[[0.694648,-0.676373,-0.244917],[-0.50637,-0.217941,-0.834321],[0.510935,0.703577,-0.493887]],[[0.694648,-0.676373,-0.244917],[-0.718882,-0.665007,-0.202424],[-0.0259568,0.31668,-0.948177]]],"btipPosition":[-48.7419,294.413,11.4864],"carpPosition":[-3.14742,314.34,80.5253],"dipPosition":[-49.2176,300.216,-5.8908],"direction":[-0.510935,-0.703577,0.493887],"extended":false,"handId":982,"id":9822,"length":65.348,"mcpPosition":[-7.9706,334.727,15.7896],"pipPosition":[-35.0481,319.728,-19.5876],"stabilizedTipPosition":[-45.4188,278.849,47.0625],"timeVisible":5.56572,"tipPosition":[-48.7446,295.731,7.58783],"tipVelocity":[-13.5875,37.303,-163.418],"tool":false,"touchDistance":0.333333,"touchZone":"none","type":2,"width":18.527},{"bases":[[[0.640268,-0.756833,-0.131379],[0.76663,0.618824,0.171273],[-0.0483241,-0.21038,0.976425]],[[0.63996,-0.758106,-0.125407],[0.523974,0.54991,-0.650423],[0.562052,0.350535,0.749148]],[[0.63996,-0.758106,-0.125407],[-0.479528,-0.266491,-0.836083],[0.60042,0.595196,-0.534077]],[[0.63996,-0.758106,-0.125407],[-0.765538,-0.61493,-0.189242],[0.0663485,0.217111,-0.973889]]],"btipPosition":[-33.276,284.719,16.652],"carpPosition":[5.69273,307.178,76.7701],"dipPosition":[-32.0671,288.675,-1.09378],"direction":[-0.60042,-0.595196,0.534077],"extended":false,"handId":982,"id":9823,"length":62.8339,"mcpPosition":[8.64483,320.03,17.1206],"pipPosition":[-15.8459,304.756,-15.5226],"stabilizedTipPosition":[-29.4454,266.488,57.8448],"timeVisible":5.56572,"tipPosition":[-32.8323,285.702,12.6159],"tipVelocity":[-11.659,40.1418,-178.569],"tool":false,"touchDistance":0.333333,"touchZone":"none","type":3,"width":17.6296},{"bases":[[[0.494841,-0.86787,-0.043967],[0.849582,0.472542,0.234341],[-0.182601,-0.153315,0.97116]],[[0.499891,-0.8631,-0.0718926],[0.613862,0.411644,-0.673589],[0.610968,0.292589,0.735601]],[[0.499891,-0.8631,-0.0718926],[-0.511664,-0.22733,-0.828566],[0.698791,0.450977,-0.555257]],[[0.499891,-0.8631,-0.0718926],[-0.854461,-0.477922,-0.203683],[0.141439,0.163248,-0.976394]]],"btipPosition":[-16.1086,281.631,20.7116],"carpPosition":[10.3408,294.397,73.9925],"dipPosition":[-13.731,284.375,4.29818],"direction":[-0.698792,-0.450977,0.555257],"extended":false,"handId":982,"id":9824,"length":49.2606,"mcpPosition":[20.6669,303.067,19.0733],"pipPosition":[-0.401763,292.978,-6.29318],"stabilizedTipPosition":[-10.8651,259.481,67.4122],"timeVisible":5.56572,"tipPosition":[-15.4149,282.381,16.2353],"tipVelocity":[-10.3115,40.4392,-181.814],"tool":false,"touchDistance":0.333333,"touchZone":"none","type":4,"width":15.66}],"r":[[0.892716,0.333618,0.302914],[-0.30773,0.942409,-0.131024],[-0.329181,0.0237519,0.943968]],"s":1.05181,"t":[3.81217,-2.46262,37.5765],"timestamp":669437774177},false],[1,{"currentFrameRate":51.2333,"devices":[],"gestures":[],"hands":[{"armBasis":[[0.813989,-0.561703,-0.148026],[0.523417,0.81976,-0.232438],[0.251907,0.111723,0.961281]],"armWidth":62.1429,"confidence":0.707604,"direction":[0.0355475,0.397773,-0.916795],"elbow":[63.3138,328.371,334.974],"grabStrength":0,"id":982,"palmNormal":[-0.606743,-0.72036,-0.336071],"palmPosition":[-9.60551,321.09,33.7579],"palmVelocity":[-15.5772,35.5782,-148.602],"palmWidth":88.738,"pinchStrength":1,"r":[[0.894254,0.329796,0.302563],[-0.304846,0.943796,-0.127745],[-0.327688,0.0220014,0.94453]],"s":1.0559,"sphereCenter":[-22.8409,278.265,-3.5313],"sphereRadius":52.8039,"stabilizedPalmPosition":[-5.99682,300.166,84.8036],"t":[3.51331,-1.78174,34.732],"timeVisible":5.5848,"type":"right","wrist":[-3.01788,298.953,81.8516]}],"id":4967432,"interactionBox":{"center":[0,200,0],"size":[235.247,235.247,147.751]},"pointables":[{"bases":[[[0.869169,0.493284,0.0348813],[-0.381618,0.624207,0.681713],[0.314505,-0.605835,0.730787]],[[0.722831,0.661208,-0.200796],[-0.536639,0.720186,0.439716],[0.435354,-0.210086,0.875403]],[[0.722831,0.661208,-0.200796],[-0.658894,0.747058,0.0881042],[0.208261,0.068619,0.975663]],[[0.722831,0.661208,-0.200796],[-0.689061,0.711564,-0.13737],[0.0520489,0.237656,0.969954]]],"btipPosition":[-60.9122,308.357,-9.828],"carpPosition":[-31.6052,305.835,87.3696],"dipPosition":[-59.7242,313.781,12.3106],"direction":[-0.208261,-0.068619,-0.975663],"extended":false,"handId":982,"id":9820,"length":50.8265,"mcpPosition":[-31.6052,305.835,87.3696],"pipPosition":[-52.7992,316.063,44.7531],"stabilizedTipPosition":[-57.4876,288.527,42.0948],"timeVisible":5.5848,"tipPosition":[-60.7912,309.627,-4.31551],"tipVelocity":[-13.577,34.7216,-144.661],"tool":false,"touchDistance":-0.704958,"touchZone":"hovering","type":0,"width":19.7488},{"bases":[[[0.788798,-0.493353,-0.366608],[0.58545,0.784711,0.203659],[0.187206,-0.375276,0.907812]],[[0.809483,-0.552014,-0.200044],[0.550728,0.831971,-0.0672574],[0.203558,-0.0557261,0.977476]],[[0.809483,-0.552014,-0.200044],[0.524853,0.833032,-0.174892],[0.263186,0.0365785,0.964051]],[[0.809483,-0.552014,-0.200044],[0.502121,0.827437,-0.25144],[0.304322,0.10309,0.946974]]],"btipPosition":[-46.6532,345.934,-62.0797],"carpPosition":[-13.4178,319.254,82.514],"dipPosition":[-41.5823,347.652,-46.3005],"direction":[-0.263186,-0.0365785,-0.964051],"extended":true,"handId":982,"id":9821,"length":57.352,"mcpPosition":[-26.8496,346.18,17.3796],"pipPosition":[-35.3785,348.514,-23.5757],"stabilizedTipPosition":[-43.5433,325.636,-28.1965],"timeVisible":5.5848,"tipPosition":[-45.7623,345.478,-58.2532],"tipVelocity":[-21.1389,92.4524,-139.277],"tool":false,"touchDistance":-0.850724,"touchZone":"touching","type":1,"width":18.8641},{"bases":[[[0.695398,-0.666015,-0.2699],[0.714346,0.681577,0.158629],[0.0783086,-0.303112,0.949732]],[[0.696758,-0.671645,-0.251835],[0.42246,0.667971,-0.612652],[0.579703,0.32048,0.749157]],[[0.696758,-0.671645,-0.251835],[-0.511243,-0.218721,-0.831139],[0.503149,0.707852,-0.495769]],[[0.696758,-0.671645,-0.251835],[-0.71649,-0.668406,-0.199688],[-0.0342082,0.319571,-0.946944]]],"btipPosition":[-49.0883,294.983,9.24206],"carpPosition":[-3.183,314.912,77.9755],"dipPosition":[-49.7152,300.84,-8.1125],"direction":[-0.503149,-0.707852,0.495769],"extended":false,"handId":982,"id":9822,"length":65.348,"mcpPosition":[-8.51122,335.536,13.3545],"pipPosition":[-35.7616,320.471,-21.8615],"stabilizedTipPosition":[-45.4338,278.917,46.8984],"timeVisible":5.5848,"tipPosition":[-49.1299,296.331,5.30244],"tipVelocity":[-16.7445,33.9783,-140.701],"tool":false,"touchDistance":0.333333,"touchZone":"none","type":2,"width":18.527},{"bases":[[[0.6435,-0.752834,-0.138382],[0.764335,0.622242,0.169135],[-0.0412231,-0.214609,0.97583]],[[0.643258,-0.754029,-0.13289],[0.517376,0.556017,-0.650513],[0.564395,0.349693,0.747779]],[[0.643258,-0.754029,-0.13289],[-0.482695,-0.264651,-0.834845],[0.594328,0.601166,-0.534204]],[[0.643258,-0.754029,-0.13289],[-0.763323,-0.618048,-0.188028],[0.0596459,0.222388,-0.973132]]],"btipPosition":[-33.5457,285.391,14.1047],"carpPosition":[5.67229,307.812,74.1371],"dipPosition":[-32.4588,289.444,-3.62733],"direction":[-0.594328,-0.601166,0.534204],"extended":false,"handId":982,"id":9823,"length":62.8339,"mcpPosition":[8.19059,320.923,14.524],"pipPosition":[-16.4022,305.685,-18.0596],"stabilizedTipPosition":[-29.4561,266.543,57.712],"timeVisible":5.5848,"tipPosition":[-33.1352,286.392,10.093],"tipVelocity":[-13.6082,38.2926,-156.268],"tool":false,"touchDistance":0.333333,"touchZone":"none","type":3,"width":17.6296},{"bases":[[[0.499208,-0.865007,-0.0505414],[0.848454,0.476153,0.231096],[-0.175834,-0.158247,0.971617]],[[0.50408,-0.860073,-0.0785926],[0.607463,0.417765,-0.675619],[0.613915,0.292824,0.73305]],[[0.50408,-0.860073,-0.0785926],[-0.515545,-0.226645,-0.826344],[0.692904,0.457062,-0.557654]],[[0.50408,-0.860073,-0.0785926],[-0.853117,-0.481689,-0.200416],[0.134515,0.168075,-0.976553]]],"btipPosition":[-16.3333,282.376,18.1084],"carpPosition":[10.3717,295.068,71.2788],"dipPosition":[-14.0721,285.201,1.69232],"direction":[-0.692904,-0.457062,0.557654],"extended":false,"handId":982,"id":9824,"length":49.2606,"mcpPosition":[20.3151,304.017,16.3338],"pipPosition":[-0.855145,293.92,-8.94478],"stabilizedTipPosition":[-10.8776,259.54,67.2782],"timeVisible":5.5848,"tipPosition":[-15.6722,283.148,13.6341],"tipVelocity":[-11.729,40.2338,-159.454],"tool":false,"touchDistance":0.333333,"touchZone":"none","type":4,"width":15.66}],"r":[[0.894254,0.329796,0.302563],[-0.304846,0.943796,-0.127745],[-0.327688,0.0220014,0.94453]],"s":1.0559,"t":[3.51331,-1.78174,34.732],"timestamp":669437793251},false],[2,{"currentFrameRate":51.3013,"devices":[],"gestures":[],"hands":[{"armBasis":[[0.8224,-0.551222,-0.140762],[0.515133,0.826515,-0.226961],[0.241448,0.114142,0.963678]],"armWidth":62.1429,"confidence":0.713129,"direction":[0.0287205,0.398093,-0.916895],"elbow":[60.2908,329.838,331.249],"grabStrength":0,"id":982,"palmNormal":[-0.598735,-0.727667,-0.334689],"palmPosition":[-10.2471,321.834,29.4155],"palmVelocity":[-24.3997,37.1141,-186.883],"palmWidth":88.738,"pinchStrength":1,"r":[[0.894816,0.328903,0.301874],[-0.304869,0.944156,-0.124999],[-0.326129,0.0198189,0.945118]],"s":1.05989,"sphereCenter":[-23.1136,279.113,-7.79726],"sphereRadius":52.673,"stabilizedPalmPosition":[-6.00392,300.203,84.7111],"t":[3.0431,-1.06929,31.1385],"timeVisible":5.60404,"type":"right","wrist":[-3.2866,299.782,77.4959]}],"id":4967433,"interactionBox":{"center":[0,200,0],"size":[235.247,235.247,147.751]},"pointables":[{"bases":[[[0.863221,0.503751,0.0329365],[-0.387629,0.619611,0.682514],[0.32341,-0.601928,0.73013]],[[0.714973,0.669434,-0.201672],[-0.544869,0.714264,0.439255],[0.4381,-0.20417,0.875433]],[[0.714973,0.669434,-0.201672],[-0.667456,0.739414,0.088141],[0.208124,0.0715891,0.975479]],[[0.714973,0.669434,-0.201672],[-0.697274,0.703872,-0.135546],[0.0512127,0.237533,0.970029]]],"btipPosition":[-61.3598,308.457,-14.1182],"carpPosition":[-31.9428,306.319,83.0764],"dipPosition":[-60.1909,313.878,8.02208],"direction":[-0.208124,-0.0715891,-0.975479],"extended":false,"handId":982,"id":9820,"length":50.8265,"mcpPosition":[-31.9428,306.319,83.0764],"pipPosition":[-53.2704,316.259,40.4585],"stabilizedTipPosition":[-57.494,288.565,42.004],"timeVisible":5.60404,"tipPosition":[-61.2835,309.733,-8.6053],"tipVelocity":[-18.499,20.0491,-183.541],"tool":false,"touchDistance":-0.727143,"touchZone":"hovering","type":0,"width":19.7488},{"bases":[[[0.793891,-0.483819,-0.368315],[0.576374,0.791744,0.202321],[0.193724,-0.372908,0.90742]],[[0.815642,-0.542165,-0.201954],[0.541965,0.838165,-0.0612712],[0.20249,-0.0594768,0.977476]],[[0.815642,-0.542165,-0.201954],[0.516626,0.839649,-0.167593],[0.260434,0.032361,0.964949]],[[0.815642,-0.542165,-0.201954],[0.494346,0.834438,-0.243587],[0.300583,0.0988448,0.94862]]],"btipPosition":[-47.4607,346.794,-66.4343],"carpPosition":[-13.9295,319.956,78.1799],"dipPosition":[-42.4522,348.441,-50.6277],"direction":[-0.260434,-0.032361,-0.964949],"extended":true,"handId":982,"id":9821,"length":57.352,"mcpPosition":[-27.829,346.712,13.0737],"pipPosition":[-36.3132,349.204,-27.8817],"stabilizedTipPosition":[-43.6675,326.603,-29.7501],"timeVisible":5.60404,"tipPosition":[-46.6572,346.227,-62.5879],"tipVelocity":[-31.8528,68.3146,-182.338],"tool":false,"touchDistance":-0.859208,"touchZone":"touching","type":1,"width":18.8641},{"bases":[[[0.702797,-0.657589,-0.271391],[0.706407,0.690171,0.157013],[0.0840559,-0.302061,0.949576]],[[0.704271,-0.663222,-0.253258],[0.41207,0.67238,-0.614902],[0.578102,0.328697,0.746831]],[[0.704271,-0.663222,-0.253258],[-0.511183,-0.226194,-0.829173],[0.49264,0.713423,-0.49833]],[[0.704271,-0.663222,-0.253258],[-0.708759,-0.677341,-0.197155],[-0.0407843,0.318349,-0.947096]]],"btipPosition":[-49.4622,295.219,5.07954],"carpPosition":[-3.65304,315.737,73.6192],"dipPosition":[-50.2096,301.054,-12.2778],"direction":[-0.49264,-0.713423,0.49833],"extended":false,"handId":982,"id":9822,"length":65.348,"mcpPosition":[-9.37231,336.29,9.00885],"pipPosition":[-36.5474,320.839,-26.0978],"stabilizedTipPosition":[-45.4422,278.953,46.8067],"timeVisible":5.60404,"tipPosition":[-49.5359,296.577,1.102],"tipVelocity":[-18.7941,23.0658,-178.279],"tool":false,"touchDistance":0.333333,"touchZone":"none","type":2,"width":18.527},{"bases":[[[0.652242,-0.745017,-0.139754],[0.757133,0.631445,0.167413],[-0.0364784,-0.215006,0.975931]],[[0.652094,-0.745851,-0.135939],[0.504629,0.560825,-0.656372],[0.565794,0.359418,0.742089]],[[0.652094,-0.745851,-0.135939],[-0.486148,-0.273783,-0.829881],[0.58175,0.607247,-0.541126]],[[0.652094,-0.745851,-0.135939],[-0.756477,-0.628256,-0.181764],[0.0501646,0.221362,-0.973901]]],"btipPosition":[-33.7773,285.78,10.172],"carpPosition":[5.2789,308.745,69.7617],"dipPosition":[-32.8632,289.813,-7.57396],"direction":[-0.58175,-0.607247,0.541126],"extended":false,"handId":982,"id":9823,"length":62.8339,"mcpPosition":[7.50735,321.88,10.1424],"pipPosition":[-17.1464,306.219,-22.1932],"stabilizedTipPosition":[-29.4621,266.572,57.6366],"timeVisible":5.60404,"tipPosition":[-33.4154,286.801,6.01985],"tipVelocity":[-13.8547,29.1821,-180.25],"tool":false,"touchDistance":0.333333,"touchZone":"none","type":3,"width":17.6296},{"bases":[[[0.50951,-0.858917,-0.0515884],[0.843146,0.486388,0.229197],[-0.171769,-0.160275,0.972012]],[[0.514389,-0.853774,-0.0804527],[0.601191,0.425924,-0.676135],[0.611533,0.299429,0.732373]],[[0.514389,-0.853774,-0.0804527],[-0.514103,-0.231927,-0.825777],[0.686368,0.466132,-0.558229]],[[0.514389,-0.853774,-0.0804527],[-0.847563,-0.491871,-0.19925],[0.130542,0.170681,-0.976641]]],"btipPosition":[-16.5357,283.037,13.7369],"carpPosition":[10.1256,296.059,66.8939],"dipPosition":[-14.3412,285.906,-2.68059],"direction":[-0.686368,-0.466132,0.558229],"extended":false,"handId":982,"id":9824,"length":49.2606,"mcpPosition":[19.8392,305.123,11.9265],"pipPosition":[-1.24894,294.797,-13.3287],"stabilizedTipPosition":[-10.8848,259.574,67.198],"timeVisible":5.60404,"tipPosition":[-15.8995,283.817,9.30094],"tipVelocity":[-11.5233,37.5657,-193.104],"tool":false,"touchDistance":0.333333,"touchZone":"none","type":4,"width":15.66}],"r":[[0.894816,0.328903,0.301874],[-0.304869,0.944156,-0.124999],[-0.326129,0.0198189,0.945118]],"s":1.05989,"t":[3.0431,-1.06929,31.1385],"timestamp":669437812491},false],[3,{"currentFrameRate":51.3276,"devices":[],"gestures":[],"hands":[{"armBasis":[[0.822715,-0.552486,-0.133788],[0.517506,0.825325,-0.225888],[0.235219,0.116605,0.964923]],"armWidth":62.1429,"confidence":0.676264,"direction":[0.0284514,0.393669,-0.918812],"elbow":[58.1234,331.057,329.259],"grabStrength":0,"id":982,"palmNormal":[-0.599675,-0.728682,-0.330776],"palmPosition":[-10.7872,322.181,26.9978],"palmVelocity":[-26.1281,27.5314,-155.854],"palmWidth":88.738,"pinchStrength":1,"r":[[0.89537,0.328306,0.300879],[-0.304721,0.94438,-0.123663],[-0.324743,0.0190399,0.945611]],"s":1.06368,"sphereCenter":[-23.8061,279.57,-9.95439],"sphereRadius":52.5342,"stabilizedPalmPosition":[-6.00907,300.226,84.649],"t":[2.53793,-0.539413,28.133],"timeVisible":5.62342,"type":"right","wrist":[-3.81374,300.353,75.1784]}],"id":4967434,"interactionBox":{"center":[0,200,0],"size":[235.247,235.247,147.751]},"pointables":[{"bases":[[[0.86373,0.503067,0.0299123],[-0.386545,0.623248,0.679813],[0.323349,-0.598737,0.732775]],[[0.716138,0.667303,-0.20458],[-0.544234,0.717397,0.434914],[0.436984,-0.200119,0.876925]],[[0.716138,0.667303,-0.20458],[-0.666396,0.740869,0.0838414],[0.207514,0.0762891,0.975253]],[[0.716138,0.667303,-0.20458],[-0.696104,0.704216,-0.139706],[0.0508419,0.242458,0.968829]]],"btipPosition":[-61.7936,308.616,-16.4845],"carpPosition":[-32.4596,306.945,80.7478],"dipPosition":[-60.6332,314.15,5.62836],"direction":[-0.207514,-0.0762891,-0.975253],"extended":false,"handId":982,"id":9820,"length":50.8265,"mcpPosition":[-32.4596,306.945,80.7478],"pipPosition":[-53.7329,316.687,38.0572],"stabilizedTipPosition":[-57.4977,288.584,41.9542],"timeVisible":5.62342,"tipPosition":[-61.7623,309.929,-10.9826],"tipVelocity":[-20.4856,14.816,-153.021],"tool":false,"touchDistance":-0.718352,"touchZone":"hovering","type":0,"width":19.7488},{"bases":[[[0.793161,-0.486346,-0.366555],[0.577282,0.792145,0.198118],[0.194011,-0.368745,0.909058]],[[0.81496,-0.543836,-0.200208],[0.544136,0.836954,-0.0585208],[0.19939,-0.0612483,0.978004]],[[0.81496,-0.543836,-0.200208],[0.519309,0.83866,-0.164217],[0.257213,0.02986,0.965893]],[[0.81496,-0.543836,-0.200208],[0.497341,0.833672,-0.24009],[0.297477,0.0960923,0.949881]]],"btipPosition":[-47.7309,347.259,-69.0238],"carpPosition":[-14.4367,320.541,75.7733],"dipPosition":[-42.7741,348.86,-53.1962],"direction":[-0.257213,-0.02986,-0.965893],"extended":true,"handId":982,"id":9821,"length":57.352,"mcpPosition":[-28.3568,346.998,10.5495],"pipPosition":[-36.711,349.564,-30.428],"stabilizedTipPosition":[-43.752,327.211,-30.7797],"timeVisible":5.62342,"tipPosition":[-47.0068,346.608,-65.1606],"tipVelocity":[-23.2178,45.9128,-157.88],"tool":false,"touchDistance":-0.840391,"touchZone":"touching","type":1,"width":18.8641},{"bases":[[[0.701969,-0.659561,-0.268735],[0.707184,0.690231,0.153205],[0.0844409,-0.297591,0.950952]],[[0.703454,-0.665127,-0.250517],[0.411475,0.668516,-0.619496],[0.579518,0.332705,0.743953]],[[0.703454,-0.665127,-0.250517],[-0.512668,-0.230722,-0.827006],[0.492264,0.710192,-0.503292]],[[0.703454,-0.665127,-0.250517],[-0.709517,-0.677851,-0.192624],[-0.0416932,0.313248,-0.948756]]],"btipPosition":[-50.0423,295.463,2.89556],"carpPosition":[-4.16755,316.29,71.2255],"dipPosition":[-50.8064,301.203,-14.4922],"direction":[-0.492264,-0.710192,0.503292],"extended":false,"handId":982,"id":9822,"length":65.348,"mcpPosition":[-9.91302,336.539,6.52155],"pipPosition":[-37.1547,320.899,-28.4498],"stabilizedTipPosition":[-45.4477,278.973,46.7517],"timeVisible":5.62342,"tipPosition":[-50.1239,296.809,-1.11955],"tipVelocity":[-24.4503,17.2616,-145.708],"tool":false,"touchDistance":0.333333,"touchZone":"none","type":2,"width":18.527},{"bases":[[[0.651423,-0.746309,-0.136645],[0.757861,0.631506,0.16385],[-0.0359906,-0.210294,0.976976]],[[0.651335,-0.746809,-0.134312],[0.50064,0.555969,-0.663519],[0.570195,0.364931,0.736005]],[[0.651335,-0.746809,-0.134312],[-0.491265,-0.280134,-0.824733],[0.578292,0.60316,-0.549342]],[[0.651335,-0.746809,-0.134312],[-0.757421,-0.629262,-0.174192],[0.0455707,0.215187,-0.975509]]],"btipPosition":[-34.3457,286,8.25818],"carpPosition":[4.75488,309.271,67.3953],"dipPosition":[-33.5154,289.921,-9.51713],"direction":[-0.578292,-0.60316,0.549342],"extended":false,"handId":982,"id":9823,"length":62.8339,"mcpPosition":[6.95354,322.118,7.71216],"pipPosition":[-17.892,306.216,-24.3584],"stabilizedTipPosition":[-29.4662,266.59,57.5906],"timeVisible":5.62342,"tipPosition":[-34.013,287.012,3.98834],"tipVelocity":[-22.0718,19.6274,-139.734],"tool":false,"touchDistance":0.333333,"touchZone":"none","type":3,"width":17.6296},{"bases":[[[0.508644,-0.859647,-0.0478343],[0.843778,0.486664,0.226268],[-0.171231,-0.155451,0.97289]],[[0.513617,-0.854521,-0.077406],[0.601289,0.422825,-0.67799],[0.612086,0.301684,0.730984]],[[0.513617,-0.854521,-0.077406],[-0.514599,-0.234598,-0.824713],[0.686575,0.46342,-0.560229]],[[0.513617,-0.854521,-0.077406],[-0.848094,-0.491922,-0.19685],[0.130135,0.166753,-0.977373]]],"btipPosition":[-17.1206,283.311,11.4766],"carpPosition":[9.58734,296.566,64.5848],"dipPosition":[-14.933,286.114,-4.95327],"direction":[-0.686575,-0.46342,0.560229],"extended":false,"handId":982,"id":9824,"length":49.2606,"mcpPosition":[19.2705,305.357,9.56781],"pipPosition":[-1.83674,294.954,-15.6395],"stabilizedTipPosition":[-10.8896,259.594,67.149],"timeVisible":5.62342,"tipPosition":[-16.4914,284.07,7.06724],"tipVelocity":[-20.8724,25.4949,-154.993],"tool":false,"touchDistance":0.333333,"touchZone":"none","type":4,"width":15.66}],"r":[[0.89537,0.328306,0.300879],[-0.304721,0.94438,-0.123663],[-0.324743,0.0190399,0.945611]],"s":1.06368,"t":[2.53793,-0.539413,28.133],"timestamp":669437831876},false],[4,{"currentFrameRate":51.3491,"devices":[],"gestures":[],"hands":[{"armBasis":[[0.81968,-0.552705,-0.150475],[0.514159,0.8257,-0.232079],[0.252518,0.112862,0.960987]],"armWidth":62.1429,"confidence":0.699757,"direction":[0.0274451,0.391445,-0.919792],"elbow":[62.374,330.237,326.461],"grabStrength":0,"id":982,"palmNormal":[-0.597912,-0.730965,-0.328925],"palmPosition":[-11.1475,322.209,25.1817],"palmVelocity":[-22.3573,14.5025,-124.788],"palmWidth":88.738,"pinchStrength":1,"r":[[0.895655,0.328416,0.299908],[-0.305063,0.944347,-0.123061],[-0.323633,0.0187296,0.945997]],"s":1.06705,"sphereCenter":[-24.1267,279.698,-11.6416],"sphereRadius":52.4349,"stabilizedPalmPosition":[-6.01245,300.241,84.6098],"t":[2.10521,-0.260535,25.7222],"timeVisible":5.64282,"type":"right","wrist":[-4.11839,300.518,73.4162]}],"id":4967435,"interactionBox":{"center":[0,200,0],"size":[235.247,235.247,147.751]},"pointables":[{"bases":[[[0.862501,0.505246,0.0286099],[-0.38803,0.623996,0.678279],[0.324845,-0.596117,0.734248]],[[0.715027,0.668168,-0.205641],[-0.546215,0.717536,0.432194],[0.436333,-0.196706,0.878021]],[[0.715027,0.668168,-0.205641],[-0.66793,0.739776,0.0812446],[0.206413,0.0792618,0.975249]],[[0.715027,0.668168,-0.205641],[-0.697371,0.702365,-0.142677],[0.0491027,0.245426,0.968171]]],"btipPosition":[-62.0059,308.393,-18.2998],"carpPosition":[-32.78,307.054,78.9707],"dipPosition":[-60.8852,313.995,3.79807],"direction":[-0.206413,-0.0792618,-0.975249],"extended":false,"handId":982,"id":9820,"length":50.8265,"mcpPosition":[-32.78,307.054,78.9707],"pipPosition":[-54.0216,316.63,36.2268],"stabilizedTipPosition":[-57.4997,288.594,41.9287],"timeVisible":5.64282,"tipPosition":[-62.0143,309.726,-12.8081],"tipVelocity":[-15.9588,2.06118,-123.438],"tool":false,"touchDistance":-0.702131,"touchZone":"touching","type":0,"width":19.7488},{"bases":[[[0.794328,-0.485322,-0.365385],[0.575357,0.794043,0.19611],[0.194955,-0.366003,0.909964]],[[0.816255,-0.542241,-0.199256],[0.543375,0.83776,-0.0538719],[0.19614,-0.0642974,0.978466]],[[0.816255,-0.542241,-0.199256],[0.518906,0.839792,-0.159644],[0.253899,0.026915,0.966856]],[[0.816255,-0.542241,-0.199256],[0.497118,0.835007,-0.235875],[0.294281,0.0934802,0.951136]]],"btipPosition":[-47.8849,347.444,-70.9637],"carpPosition":[-14.7906,320.681,73.9614],"dipPosition":[-42.9814,349.001,-55.1152],"direction":[-0.253899,-0.026915,-0.966856],"extended":true,"handId":982,"id":9821,"length":57.352,"mcpPosition":[-28.7784,346.942,8.67257],"pipPosition":[-36.9964,349.636,-32.3242],"stabilizedTipPosition":[-43.8029,327.56,-31.3994],"timeVisible":5.64282,"tipPosition":[-47.2191,346.726,-67.0916],"tipVelocity":[-15.9049,27.4814,-128.866],"tool":false,"touchDistance":-0.813712,"touchZone":"touching","type":1,"width":18.8641},{"bases":[[[0.703563,-0.658515,-0.267129],[0.705505,0.692334,0.151445],[0.085214,-0.295012,0.951686]],[[0.705066,-0.664046,-0.248845],[0.409118,0.667524,-0.622121],[0.579227,0.33683,0.742322]],[[0.705066,-0.664046,-0.248845],[-0.512725,-0.234944,-0.825781],[0.489893,0.70982,-0.506124]],[[0.705066,-0.664046,-0.248845],[-0.707838,-0.680281,-0.190219],[-0.0429703,0.310259,-0.949681]]],"btipPosition":[-50.3358,295.313,1.21587],"carpPosition":[-4.51128,316.445,69.4236],"dipPosition":[-51.1233,300.999,-16.1888],"direction":[-0.489893,-0.70982,0.506124],"extended":false,"handId":982,"id":9822,"length":65.348,"mcpPosition":[-10.3094,336.517,4.6697],"pipPosition":[-37.5373,320.684,-30.225],"stabilizedTipPosition":[-45.4509,278.984,46.7206],"timeVisible":5.64282,"tipPosition":[-50.4265,296.655,-2.82842],"tipVelocity":[-19.9366,4.45999,-116.297],"tool":false,"touchDistance":0.333333,"touchZone":"none","type":2,"width":18.527},{"bases":[[[0.653235,-0.745055,-0.13482],[0.756326,0.63376,0.162233],[-0.0354289,-0.207944,0.977499]],[[0.653156,-0.745507,-0.13269],[0.4991,0.555628,-0.664964],[0.569461,0.3681,0.734994]],[[0.653156,-0.745507,-0.13269],[-0.490704,-0.283258,-0.823999],[0.576712,0.603312,-0.550835]],[[0.653156,-0.745507,-0.13269],[-0.755888,-0.631515,-0.172689],[0.0449454,0.213092,-0.975998]]],"btipPosition":[-34.6208,285.919,6.53461],"carpPosition":[4.42806,309.438,65.6104],"dipPosition":[-33.8018,289.802,-11.2496],"direction":[-0.576712,-0.603312,0.550835],"extended":false,"handId":982,"id":9823,"length":62.8339,"mcpPosition":[6.5924,322.141,5.89531],"pipPosition":[-18.2212,306.101,-26.1312],"stabilizedTipPosition":[-29.4685,266.599,57.5647],"timeVisible":5.64282,"tipPosition":[-34.292,286.923,2.2646],"tipVelocity":[-18.1999,7.51843,-114.388],"tool":false,"touchDistance":0.333333,"touchZone":"none","type":3,"width":17.6296},{"bases":[[[0.510737,-0.85852,-0.0457193],[0.842599,0.489284,0.225007],[-0.170803,-0.153442,0.973284]],[[0.515855,-0.853272,-0.0762955],[0.599126,0.422993,-0.679798],[0.612325,0.304966,0.72942]],[[0.515855,-0.853272,-0.0762955],[-0.51526,-0.237885,-0.823357],[0.684398,0.464045,-0.562371]],[[0.515855,-0.853272,-0.0762955],[-0.847,-0.494654,-0.194701],[0.128393,0.16506,-0.977891]]],"btipPosition":[-17.3782,283.272,9.80428],"carpPosition":[9.29137,296.738,62.8313],"dipPosition":[-15.2198,286.047,-6.63425],"direction":[-0.684398,-0.464045,0.562371],"extended":false,"handId":982,"id":9824,"length":49.2606,"mcpPosition":[18.9503,305.415,7.79206],"pipPosition":[-2.16514,294.899,-17.3613],"stabilizedTipPosition":[-10.8923,259.605,67.1216],"timeVisible":5.64282,"tipPosition":[-16.7608,284.024,5.39366],"tipVelocity":[-17.2555,11.5981,-120.707],"tool":false,"touchDistance":0.333333,"touchZone":"none","type":4,"width":15.66}],"r":[[0.895655,0.328416,0.299908],[-0.305063,0.944347,-0.123061],[-0.323633,0.0187296,0.945997]],"s":1.06705,"t":[2.10521,-0.260535,25.7222],"timestamp":669437851271},false],[5,{"currentFrameRate":51.4156,"devices":[],"gestures":[],"hands":[{"armBasis":[[0.815125,-0.550309,-0.180917],[0.508218,0.829235,-0.232558],[0.278001,0.097618,0.955608]],"armWidth":62.1429,"confidence":0.690612,"direction":[0.0264206,0.386014,-0.922114],"elbow":[68.3827,326.784,322.998],"grabStrength":0,"id":982,"palmNormal":[-0.590247,-0.738449,-0.32604],"palmPosition":[-11.9131,322.407,22.9831],"palmVelocity":[-31.0413,12.421,-119.685],"palmWidth":88.738,"pinchStrength":1,"r":[[0.895111,0.330523,0.299216],[-0.307008,0.943605,-0.123914],[-0.323299,0.0190551,0.946105]],"s":1.07006,"sphereCenter":[-24.4504,279.731,-13.6018],"sphereRadius":52.3651,"stabilizedPalmPosition":[-6.01561,300.253,84.5769],"t":[1.50603,-0.0221546,23.4174],"timeVisible":5.66202,"type":"right","wrist":[-4.81999,301.079,71.3697]}],"id":4967436,"interactionBox":{"center":[0,200,0],"size":[235.247,235.247,147.751]},"pointables":[{"bases":[[[0.857739,0.513331,0.0278519],[-0.395644,0.624559,0.673344],[0.328253,-0.588572,0.738805]],[[0.709925,0.673108,-0.207201],[-0.554031,0.715393,0.42575],[0.434806,-0.187455,0.880798]],[[0.709925,0.673108,-0.207201],[-0.674549,0.734441,0.0747045],[0.202461,0.0867326,0.975442]],[[0.709925,0.673108,-0.207201],[-0.702918,0.695466,-0.149108],[0.0437355,0.251501,0.966868]]],"btipPosition":[-62.4536,307.886,-20.5772],"carpPosition":[-33.5559,307.385,76.8052],"dipPosition":[-61.4553,313.626,1.49092],"direction":[-0.202461,-0.0867326,-0.975442],"extended":false,"handId":982,"id":9820,"length":50.8265,"mcpPosition":[-33.5559,307.385,76.8052],"pipPosition":[-54.7231,316.51,33.9261],"stabilizedTipPosition":[-57.5011,288.6,41.9122],"timeVisible":5.66202,"tipPosition":[-62.5059,309.238,-15.0998],"tipVelocity":[-20.3316,-11.2232,-121.214],"tool":false,"touchDistance":-0.694515,"touchZone":"touching","type":0,"width":19.7488},{"bases":[[[0.799773,-0.480228,-0.360201],[0.567486,0.800498,0.192777],[0.195763,-0.358587,0.912739]],[[0.821732,-0.535784,-0.194146],[0.536841,0.842096,-0.0517265],[0.191204,-0.0617205,0.979608]],[[0.821732,-0.535784,-0.194146],[0.512894,0.843818,-0.157832],[0.248388,0.030119,0.968192]],[[0.821732,-0.535784,-0.194146],[0.491451,0.838728,-0.234544],[0.288501,0.097319,0.952521]]],"btipPosition":[-48.3978,347.129,-73.4656],"carpPosition":[-15.6785,321.146,71.761],"dipPosition":[-43.5906,348.75,-57.594],"direction":[-0.248388,-0.030119,-0.968192],"extended":true,"handId":982,"id":9821,"length":57.352,"mcpPosition":[-29.7242,346.874,6.27313],"pipPosition":[-37.7355,349.46,-34.7715],"stabilizedTipPosition":[-43.835,327.743,-31.7525],"timeVisible":5.66202,"tipPosition":[-47.7741,346.386,-69.5858],"tipVelocity":[-21.8341,6.10025,-129.432],"tool":false,"touchDistance":-0.798122,"touchZone":"touching","type":1,"width":18.8641},{"bases":[[[0.710329,-0.653641,-0.261125],[0.698687,0.699718,0.149098],[0.0852579,-0.288353,0.953721]],[[0.711835,-0.659059,-0.242758],[0.404107,0.667021,-0.625924],[0.574446,0.347455,0.741139]],[[0.711835,-0.659059,-0.242758],[-0.50873,-0.245524,-0.825174],[0.484235,0.710886,-0.510056]],[[0.711835,-0.659059,-0.242758],[-0.700994,-0.688116,-0.187362],[-0.0435629,0.303543,-0.951821]]],"btipPosition":[-50.7831,294.985,-0.864575],"carpPosition":[-5.34804,316.976,67.2777],"dipPosition":[-51.5814,300.548,-18.3085],"direction":[-0.484235,-0.710886,0.510056],"extended":false,"handId":982,"id":9822,"length":65.348,"mcpPosition":[-11.1491,336.596,2.38539],"pipPosition":[-38.1523,320.263,-32.4537],"stabilizedTipPosition":[-45.453,278.991,46.7005],"timeVisible":5.66202,"tipPosition":[-50.8798,296.307,-4.93898],"tipVelocity":[-21.6638,-6.9383,-112.584],"tool":false,"touchDistance":0.333333,"touchZone":"none","type":2,"width":18.527},{"bases":[[[0.660428,-0.739826,-0.128423],[0.750013,0.641682,0.160387],[-0.0362517,-0.202243,0.978664]],[[0.660357,-0.740213,-0.126541],[0.495811,0.55632,-0.666843],[0.564003,0.377614,0.734376]],[[0.660357,-0.740213,-0.126541],[-0.485699,-0.29248,-0.823742],[0.572734,0.605425,-0.552662]],[[0.660357,-0.740213,-0.126541],[-0.749553,-0.639422,-0.171202],[0.0458132,0.207904,-0.977076]]],"btipPosition":[-35.0032,285.784,4.48138],"carpPosition":[3.66595,310.028,63.5324],"dipPosition":[-34.1684,289.573,-13.3225],"direction":[-0.572734,-0.605425,0.552662],"extended":false,"handId":982,"id":9823,"length":62.8339,"mcpPosition":[5.88055,322.383,3.74614],"pipPosition":[-18.6952,305.929,-28.2534],"stabilizedTipPosition":[-29.4699,266.605,57.5495],"timeVisible":5.66202,"tipPosition":[-34.6725,286.765,0.215351],"tipVelocity":[-18.955,-0.247457,-110.803],"tool":false,"touchDistance":0.333333,"touchZone":"none","type":3,"width":17.6296},{"bases":[[[0.518731,-0.854047,-0.0390135],[0.837435,0.498395,0.224288],[-0.172109,-0.149017,0.973742]],[[0.524026,-0.84878,-0.0704894],[0.596117,0.424626,-0.681423],[0.60831,0.315064,0.728487]],[[0.524026,-0.84878,-0.0704894],[-0.511766,-0.247637,-0.822661],[0.680803,0.46717,-0.564145]],[[0.524026,-0.84878,-0.0704894],[-0.841942,-0.503751,-0.193309],[0.128568,0.160647,-0.978602]]],"btipPosition":[-17.7381,283.308,7.87027],"carpPosition":[8.6535,297.357,60.8452],"dipPosition":[-15.5769,286.008,-8.58023],"direction":[-0.680803,-0.46717,0.564145],"extended":false,"handId":982,"id":9824,"length":49.2606,"mcpPosition":[18.3863,305.784,5.78006],"pipPosition":[-2.59074,294.919,-19.3411],"stabilizedTipPosition":[-10.8938,259.611,67.1057],"timeVisible":5.66202,"tipPosition":[-17.1228,284.041,3.45933],"tipVelocity":[-17.9766,6.31926,-110.864],"tool":false,"touchDistance":0.333333,"touchZone":"none","type":4,"width":15.66}],"r":[[0.895111,0.330523,0.299216],[-0.307008,0.943605,-0.123914],[-0.323299,0.0190551,0.946105]],"s":1.07006,"t":[1.50603,-0.0221546,23.4174],"timestamp":669437870474},false],[6,{"currentFrameRate":51.4686,"devices":[],"gestures":[],"hands":[{"armBasis":[[0.810543,-0.551198,-0.197992],[0.510672,0.830651,-0.221886],[0.286765,0.0787398,0.95476]],"armWidth":62.1429,"confidence":0.670982,"direction":[0.0233869,0.385447,-0.922434],"elbow":[70.6489,321.416,321.541],"grabStrength":0,"id":982,"palmNormal":[-0.590386,-0.739286,-0.323885],"palmPosition":[-12.1148,321.972,21.7558],"palmVelocity":[-20.8386,-4.98418,-91.9478],"palmWidth":88.738,"pinchStrength":1,"r":[[0.894772,0.332437,0.29811],[-0.308834,0.942927,-0.124542],[-0.322498,0.01937,0.946372]],"s":1.07271,"sphereCenter":[-24.8059,279.489,-14.7593],"sphereRadius":52.2741,"stabilizedPalmPosition":[-6.01787,300.261,84.5535],"t":[1.10559,-0.120692,21.6514],"timeVisible":5.68125,"type":"right","wrist":[-4.86142,300.682,70.1358]}],"id":4967437,"interactionBox":{"center":[0,200,0],"size":[235.247,235.247,147.751]},"pointables":[{"bases":[[[0.857268,0.51426,0.0250815],[-0.394392,0.624573,0.674065],[0.330979,-0.587746,0.738246]],[[0.709197,0.673335,-0.208949],[-0.55371,0.71543,0.426104],[0.436399,-0.186494,0.880213]],[[0.709197,0.673335,-0.208949],[-0.674708,0.734178,0.0758424],[0.204473,0.0871925,0.974981]],[[0.709197,0.673335,-0.208949],[-0.703533,0.695092,-0.147949],[0.0456199,0.251928,0.96667]]],"btipPosition":[-62.6736,307.391,-21.6852],"carpPosition":[-33.5884,306.961,75.6489],"dipPosition":[-61.6324,313.141,0.378438],"direction":[-0.204473,-0.0871925,-0.974981],"extended":false,"handId":982,"id":9820,"length":50.8265,"mcpPosition":[-33.5884,306.961,75.6489],"pipPosition":[-54.8333,316.04,32.7983],"stabilizedTipPosition":[-57.5024,288.605,41.8968],"timeVisible":5.68125,"tipPosition":[-62.7357,308.735,-16.2126],"tipVelocity":[-15.6628,-18.3826,-89.6657],"tool":false,"touchDistance":-0.670032,"touchZone":"touching","type":0,"width":19.7488},{"bases":[[[0.799256,-0.479611,-0.362166],[0.56718,0.801225,0.190647],[0.19874,-0.357789,0.912409]],[[0.821688,-0.534758,-0.197138],[0.536953,0.842313,-0.046797],[0.191077,-0.0674011,0.979258]],[[0.821688,-0.534758,-0.197138],[0.513017,0.84465,-0.152906],[0.24828,0.0245064,0.968378]],[[0.821688,-0.534758,-0.197138],[0.491505,0.839981,-0.229902],[0.288534,0.092014,0.953038]]],"btipPosition":[-48.6656,347.122,-74.6562],"carpPosition":[-15.7401,320.738,70.5451],"dipPosition":[-43.8579,348.655,-58.7759],"direction":[-0.24828,-0.0245064,-0.968378],"extended":true,"handId":982,"id":9821,"length":57.352,"mcpPosition":[-29.9994,346.409,5.0809],"pipPosition":[-38.0054,349.233,-35.9491],"stabilizedTipPosition":[-43.8547,327.847,-31.96],"timeVisible":5.68125,"tipPosition":[-48.0688,346.298,-70.7749],"tipVelocity":[-17.9055,2.38027,-95.8592],"tool":false,"touchDistance":-0.764472,"touchZone":"touching","type":1,"width":18.8641},{"bases":[[[0.710278,-0.653055,-0.262725],[0.698364,0.700556,0.146659],[0.0882771,-0.287647,0.95366]],[[0.711846,-0.658471,-0.244318],[0.401081,0.666687,-0.628222],[0.576549,0.349206,0.738679]],[[0.711846,-0.658471,-0.244318],[-0.511254,-0.247301,-0.82308],[0.481554,0.710815,-0.512686]],[[0.711846,-0.658471,-0.244318],[-0.700765,-0.689148,-0.1844],[-0.0469492,0.302474,-0.952001]]],"btipPosition":[-51.0209,294.477,-1.91113],"carpPosition":[-5.41802,316.576,66.0351],"dipPosition":[-51.8814,300.02,-19.3583],"direction":[-0.481554,-0.710815,0.512686],"extended":false,"handId":982,"id":9822,"length":65.348,"mcpPosition":[-11.4245,336.148,1.14693],"pipPosition":[-38.5266,319.733,-33.5765],"stabilizedTipPosition":[-45.4551,278.997,46.6816],"timeVisible":5.68125,"tipPosition":[-51.1353,295.8,-6.00456],"tipVelocity":[-17.4181,-16.74,-83.7276],"tool":false,"touchDistance":0.333333,"touchZone":"none","type":2,"width":18.527},{"bases":[[[0.660847,-0.739207,-0.129826],[0.749784,0.642582,0.15784],[-0.0332525,-0.201649,0.978893]],[[0.660825,-0.73934,-0.129176],[0.495135,0.55879,-0.665278],[0.564049,0.375672,0.735336]],[[0.660825,-0.73934,-0.129176],[-0.48543,-0.289761,-0.824861],[0.572423,0.607795,-0.55038]],[[0.660825,-0.73934,-0.129176],[-0.749196,-0.639503,-0.172454],[0.0448936,0.21074,-0.976511]]],"btipPosition":[-35.2365,285.324,3.08981],"carpPosition":[3.59267,309.636,62.2686],"dipPosition":[-34.4185,289.164,-14.7037],"direction":[-0.572423,-0.607795,0.55038],"extended":false,"handId":982,"id":9823,"length":62.8339,"mcpPosition":[5.62406,321.954,2.46836],"pipPosition":[-18.9537,305.585,-29.573],"stabilizedTipPosition":[-29.4709,266.608,57.5387],"timeVisible":5.68125,"tipPosition":[-34.9153,286.303,-1.06733],"tipVelocity":[-15.6677,-11.6927,-91.6547],"tool":false,"touchDistance":0.333333,"touchZone":"none","type":3,"width":17.6296},{"bases":[[[0.519526,-0.853521,-0.0399403],[0.837539,0.499429,0.221584],[-0.16918,-0.14857,0.974323]],[[0.524767,-0.848221,-0.0716965],[0.593487,0.424946,-0.683516],[0.610239,0.316136,0.726406]],[[0.524767,-0.848221,-0.0716965],[-0.514058,-0.248642,-0.820927],[0.678501,0.467652,-0.566514]],[[0.524767,-0.848221,-0.0716965],[-0.84196,-0.504792,-0.190494],[0.125389,0.16033,-0.979067]]],"btipPosition":[-17.9404,282.853,6.69232],"carpPosition":[8.58603,296.968,59.5754],"dipPosition":[-15.8326,285.548,-9.76598],"direction":[-0.678501,-0.467652,0.566514],"extended":false,"handId":982,"id":9824,"length":49.2606,"mcpPosition":[18.1532,305.37,4.47736],"pipPosition":[-2.89038,294.468,-20.5721],"stabilizedTipPosition":[-10.8949,259.615,67.0953],"timeVisible":5.68125,"tipPosition":[-17.3407,283.584,2.28466],"tipVelocity":[-14.5914,-8.59831,-86.2794],"tool":false,"touchDistance":0.333333,"touchZone":"none","type":4,"width":15.66}],"r":[[0.894772,0.332437,0.29811],[-0.308834,0.942927,-0.124542],[-0.322498