{"sensorType":"Leap","data":[[0,{"currentFrameRate":50.4284,"devices":[],"gestures":[],"hands":[{"armBasis":[[0.7625,-0.617935,-0.1917],[0.572966,0.782561,-0.243534],[0.300505,0.0758573,0.950759]],"armWidth":62.1429,"confidence":0.519649,"direction":[0.0858091,0.443368,-0.892223],"elbow":[75.6147,326.459,331.164],"grabStrength":0,"id":981,"palmNormal":[-0.658844,-0.646515,-0.384633],"palmPosition":[-7.32641,331.725,33.9637],"palmVelocity":[-51.6555,73.6165,-140.633],"palmWidth":88.738,"pinchStrength":1,"r":[[0.994505,-0.099564,-0.0323687],[0.101867,0.991601,0.0796954],[0.0241621,-0.0825547,0.996294]],"s":1.01559,"sphereCenter":[-31.8508,299.534,-1.68165],"sphereRadius":47.8463,"stabilizedPalmPosition":[1.07949,310.182,82.1238],"t":[-7.69728,21.0527,-47.6765],"timeVisible":0.23123,"type":"right","wrist":[-3.51364,306.485,80.8126]}],"id":4967112,"interactionBox":{"center":[0,200,0],"size":[235.247,235.247,147.751]},"pointables":[{"bases":[[[0.906771,0.414952,0.0747043],[-0.340323,0.615749,0.710657],[0.248889,-0.669827,0.699561]],[[0.709275,0.664286,-0.23591],[-0.571222,0.737705,0.359856],[0.413079,-0.12048,0.90269]],[[0.709275,0.664286,-0.23591],[-0.650897,0.745642,0.14266],[0.270671,0.0523676,0.961246]],[[0.709275,0.664286,-0.23591],[-0.698573,0.707198,-0.108931],[0.0944735,0.242062,0.96565]]],"btipPosition":[-62.7844,314.055,-11.6304],"carpPosition":[-31.5182,315.456,86.318],"dipPosition":[-60.6281,319.58,10.41],"direction":[-0.270671,-0.0523676,-0.961246],"extended":false,"handId":981,"id":9810,"length":50.8265,"mcpPosition":[-31.5182,315.456,86.318],"pipPosition":[-51.6278,321.322,42.3731],"stabilizedTipPosition":[-55.8259,297.308,30.9929],"timeVisible":0.23123,"tipPosition":[-62.9763,316.054,-6.47196],"tipVelocity":[-35.038,32.2377,-138.17],"tool":false,"touchDistance":0.459141,"touchZone":"hovering","type":0,"width":19.7488},{"bases":[[[0.751167,-0.537585,-0.38308],[0.645488,0.719661,0.255798],[0.138175,-0.439421,0.887591]],[[0.763048,-0.593078,-0.256937],[0.585622,0.802606,-0.113451],[0.273504,-0.0638987,0.959746]],[[0.763048,-0.593078,-0.256937],[0.561052,0.805141,-0.192272],[0.320903,0.00255804,0.947109]],[[0.763048,-0.593078,-0.256937],[0.541448,0.803631,-0.247004],[0.352975,0.0493577,0.93433]]],"btipPosition":[-46.9997,360.851,-59.3094],"carpPosition":[-12.1803,327.528,82.4805],"dipPosition":[-41.1182,361.673,-43.7409],"direction":[-0.320903,-0.00255804,-0.947109],"extended":true,"handId":981,"id":9811,"length":57.352,"mcpPosition":[-22.0942,359.056,18.797],"pipPosition":[-33.5538,361.734,-21.4155],"stabilizedTipPosition":[-39.9385,343.268,-30.2918],"timeVisible":0.23123,"tipPosition":[-46.2742,360.034,-55.4969],"tipVelocity":[-43.8375,75.684,-150.245],"tool":false,"touchDistance":0.234611,"touchZone":"hovering","type":1,"width":18.8641},{"bases":[[[0.641809,-0.706765,-0.297598],[0.766066,0.608594,0.206776],[0.0349743,-0.36069,0.93203]],[[0.641337,-0.702333,-0.308893],[0.387258,0.643859,-0.659906],[0.662358,0.303601,0.684915]],[[0.641337,-0.702333,-0.308893],[-0.135971,0.292183,-0.946647],[0.755115,0.649121,0.0918913]],[[0.641337,-0.702333,-0.308893],[-0.409179,0.0274816,-0.91204],[0.649045,0.711318,-0.269755]]],"btipPosition":[-68.6164,301.822,-15.3727],"carpPosition":[-2.26471,322.589,77.8445],"dipPosition":[-56.7214,314.858,-20.3164],"direction":[-0.755115,-0.649121,-0.0918913],"extended":false,"handId":981,"id":9812,"length":65.348,"mcpPosition":[-4.6444,347.131,14.4281],"pipPosition":[-35.7801,332.86,-17.768],"stabilizedTipPosition":[-57.5449,291.274,8.20873],"timeVisible":0.23123,"tipPosition":[-65.6809,305.704,-18.2363],"tipVelocity":[-42.023,14.9916,-84.5815],"tool":false,"touchDistance":0.461358,"touchZone":"hovering","type":2,"width":18.527},{"bases":[[[0.580373,-0.795994,-0.171934],[0.810688,0.544735,0.214591],[-0.077155,-0.263927,0.961452]],[[0.581162,-0.793138,-0.182163],[0.536745,0.54184,-0.646773],[0.611683,0.278105,0.740609]],[[0.581162,-0.793138,-0.182163],[0.030254,0.244748,-0.969114],[0.813226,0.557701,0.166234]],[[0.581162,-0.793138,-0.182163],[-0.273467,0.0204894,-0.961663],[0.766464,0.608697,-0.204989]]],"btipPosition":[-51.8448,292.833,-18.0294],"carpPosition":[6.03177,314.986,73.7324],"dipPosition":[-37.8786,303.924,-21.7646],"direction":[-0.813226,-0.557701,-0.166234],"extended":false,"handId":981,"id":9813,"length":62.8339,"mcpPosition":[10.7451,331.109,14.9976],"pipPosition":[-15.9082,318.991,-17.2736],"stabilizedTipPosition":[-39.8422,275.775,15.7956],"timeVisible":0.23123,"tipPosition":[-48.6938,295.524,-19.5566],"tipVelocity":[-32.8913,40.5751,-107.46],"tool":false,"touchDistance":0.42515,"touchZone":"hovering","type":3,"width":17.6296},{"bases":[[[0.425562,-0.900181,-0.0925778],[0.881065,0.388826,0.26933],[-0.206449,-0.196184,0.958588]],[[0.387796,-0.919833,0.0593371],[0.6851,0.24457,-0.686165],[0.616646,0.306744,0.725021]],[[0.387796,-0.919833,0.0593371],[0.165343,0.00608836,-0.986217],[0.906794,0.392262,0.154449]],[[0.387796,-0.919833,0.0593371],[-0.155309,-0.12866,-0.979452],[0.908567,0.370612,-0.192752]]],"btipPosition":[-32.4646,288.871,-8.6939],"carpPosition":[9.69515,302.067,70.2219],"dipPosition":[-17.1914,295.101,-11.9341],"direction":[-0.906794,-0.392262,-0.154449],"extended":false,"handId":981,"id":9814,"length":49.2606,"mcpPosition":[21.3699,313.161,16.0137],"pipPosition":[0.105425,302.583,-8.98801],"stabilizedTipPosition":[-18.0945,267.874,31.9831],"timeVisible":0.23123,"tipPosition":[-28.8035,290.331,-10.0952],"tipVelocity":[-36.4132,57.1286,-115.028],"tool":false,"touchDistance":0.463129,"touchZone":"hovering","type":4,"width":15.66}],"r":[[0.994505,-0.099564,-0.0323687],[0.101867,0.991601,0.0796954],[0.0241621,-0.0825547,0.996294]],"s":1.01559,"t":[-7.69728,21.0527,-47.6765],"timestamp":669431534745},false],[1,{"currentFrameRate":50.631,"devices":[],"gestures":[],"hands":[{"armBasis":[[0.76445,-0.623374,-0.164381],[0.5842,0.777662,-0.232278],[0.272629,0.0815335,0.958658]],"armWidth":62.1429,"confidence":0.52335,"direction":[0.0820715,0.434803,-0.896778],"elbow":[68.2701,328.121,331.978],"grabStrength":0,"id":981,"palmNormal":[-0.665789,-0.645652,-0.373977],"palmPosition":[-7.51385,331.496,32.501],"palmVelocity":[-31.0981,31.4613,-109.342],"palmWidth":88.738,"pinchStrength":1,"r":[[0.99471,-0.0967316,-0.0345834],[0.099215,0.991903,0.0792798],[0.0266345,-0.0822916,0.996252]],"s":1.02075,"sphereCenter":[-32.5407,299.423,-2.66468],"sphereRadius":47.7796,"stabilizedPalmPosition":[1.03434,310.294,81.8632],"t":[-8.2906,21.6489,-49.7666],"timeVisible":0.250218,"type":"right","wrist":[-3.51779,306.651,79.5459]}],"id":4967113,"interactionBox":{"center":[0,200,0],"size":[235.247,235.247,147.751]},"pointables":[{"bases":[[[0.909937,0.409725,0.0643383],[-0.331125,0.624272,0.70756],[0.24974,-0.665139,0.703718]],[[0.711816,0.657505,-0.246992],[-0.563315,0.744472,0.358383],[0.419517,-0.115968,0.900309]],[[0.711816,0.657505,-0.246992],[-0.646009,0.750902,0.137182],[0.275665,0.0619111,0.959258]],[[0.711816,0.657505,-0.246992],[-0.695177,0.709717,-0.114154],[0.100238,0.25296,0.96227]]],"btipPosition":[-63.3001,313.666,-12.5142],"carpPosition":[-31.4229,315.853,85.175],"dipPosition":[-61.0123,319.44,9.44898],"direction":[-0.275665,-0.0619111,-0.959258],"extended":false,"handId":981,"id":9810,"length":50.8265,"mcpPosition":[-31.4229,315.853,85.175],"pipPosition":[-51.8459,321.499,41.346],"stabilizedTipPosition":[-55.8412,297.347,30.9079],"timeVisible":0.250218,"tipPosition":[-63.457,315.724,-7.38111],"tipVelocity":[-30.3798,7.78326,-93.5525],"tool":false,"touchDistance":0.433036,"touchZone":"hovering","type":0,"width":19.7488},{"bases":[[[0.744864,-0.545841,-0.383711],[0.651954,0.717727,0.24459],[0.141893,-0.432348,0.890473]],[[0.757308,-0.600185,-0.257413],[0.593008,0.797101,-0.113896],[0.273542,-0.0663933,0.959566]],[[0.757308,-0.600185,-0.257413],[0.567307,0.799857,-0.195937],[0.323492,0.0023531,0.946228]],[[0.757308,-0.600185,-0.257413],[0.546595,0.798235,-0.253089],[0.357376,0.0509656,0.932569]]],"btipPosition":[-47.259,360.663,-60.8513],"carpPosition":[-12.0369,327.765,81.0878],"dipPosition":[-41.3042,361.512,-45.3121],"direction":[-0.323492,-0.0023531,-0.946228],"extended":true,"handId":981,"id":9811,"length":57.352,"mcpPosition":[-22.2176,358.785,17.1975],"pipPosition":[-33.6787,361.567,-23.0075],"stabilizedTipPosition":[-40.0946,343.729,-30.9998],"timeVisible":0.250218,"tipPosition":[-46.5872,359.771,-57.0154],"tipVelocity":[-28.5526,33.7286,-116.451],"tool":false,"touchDistance":0.208801,"touchZone":"hovering","type":1,"width":18.8641},{"bases":[[[0.635057,-0.713539,-0.295914],[0.771453,0.605447,0.195688],[0.0395291,-0.352557,0.934955]],[[0.634497,-0.708946,-0.307912],[0.386139,0.63584,-0.668284],[0.66956,0.305127,0.67719]],[[0.634497,-0.708946,-0.307912],[-0.143077,0.283757,-0.948162],[0.759568,0.64566,0.0786095]],[[0.634497,-0.708946,-0.307912],[-0.418191,0.0201498,-0.908136],[0.650024,0.704975,-0.28369]]],"btipPosition":[-69.3292,301.54,-16.0054],"carpPosition":[-2.18759,322.721,76.424],"dipPosition":[-57.4163,314.46,-21.2045],"direction":[-0.759568,-0.64566,-0.0786095],"extended":false,"handId":981,"id":9812,"length":65.348,"mcpPosition":[-4.8772,346.709,12.8085],"pipPosition":[-36.3515,332.366,-19.0245],"stabilizedTipPosition":[-57.6492,291.426,7.91566],"timeVisible":0.250218,"tipPosition":[-66.4173,305.321,-18.8506],"tipVelocity":[-39.7102,-0.37585,-60.8839],"tool":false,"touchDistance":0.438184,"touchZone":"hovering","type":2,"width":18.527},{"bases":[[[0.573978,-0.80124,-0.169006],[0.815721,0.541374,0.203751],[-0.071758,-0.254811,0.964325]],[[0.574737,-0.798372,-0.179665],[0.533061,0.531826,-0.658032],[0.620905,0.282423,0.731241]],[[0.574737,-0.798372,-0.179665],[0.0152259,0.229943,-0.973085],[0.818197,0.556532,0.144313]],[[0.574737,-0.798372,-0.179665],[-0.292067,0.00496931,-0.956385],[0.764444,0.602144,-0.230322]]],"btipPosition":[-52.6761,292.28,-18.1554],"carpPosition":[6.02947,315.027,72.3199],"dipPosition":[-38.7468,303.252,-22.3522],"direction":[-0.818197,-0.556532,-0.144313],"extended":false,"handId":981,"id":9813,"length":62.8339,"mcpPosition":[10.4131,330.594,13.4096],"pipPosition":[-16.642,318.288,-18.4534],"stabilizedTipPosition":[-39.9523,275.993,15.3966],"timeVisible":0.250218,"tipPosition":[-49.51,294.981,-19.9286],"tipVelocity":[-38.4687,5.57447,-60.606],"tool":false,"touchDistance":0.412486,"touchZone":"hovering","type":3,"width":17.6296},{"bases":[[[0.419092,-0.903709,-0.0875871],[0.885499,0.385508,0.259374],[-0.200633,-0.18626,0.961797]],[[0.382123,-0.921788,0.0654922],[0.681415,0.233187,-0.693756],[0.624223,0.309728,0.717227]],[[0.382123,-0.921788,0.0654922],[0.152991,-0.00678944,-0.988204],[0.911359,0.387635,0.138431]],[[0.382123,-0.921788,0.0654922],[-0.170929,-0.14015,-0.975265],[0.908166,0.361477,-0.211115]]],"btipPosition":[-33.2463,288.436,-9.31517],"carpPosition":[9.58403,302.054,68.8991],"dipPosition":[-17.9798,294.512,-12.8641],"direction":[-0.911359,-0.387635,-0.138431],"extended":false,"handId":981,"id":9814,"length":49.2606,"mcpPosition":[20.9299,312.587,14.5094],"pipPosition":[-0.595904,301.906,-10.2235],"stabilizedTipPosition":[-18.239,268.147,31.4601],"timeVisible":0.250218,"tipPosition":[-29.5939,289.853,-10.832],"tipVelocity":[-38.7919,16.8256,-76.3729],"tool":false,"touchDistance":0.439765,"touchZone":"hovering","type":4,"width":15.66}],"r":[[0.99471,-0.0967316,-0.0345834],[0.099215,0.991903,0.0792798],[0.0266345,-0.0822916,0.996252]],"s":1.02075,"t":[-8.2906,21.6489,-49.7666],"timestamp":669431553733},false],[2,{"currentFrameRate":50.7301,"devices":[],"gestures":[],"hands":[{"armBasis":[[0.768929,-0.613038,-0.181474],[0.572797,0.786655,-0.230387],[0.283993,0.0732033,0.956028]],"armWidth":62.1429,"confidence":0.545394,"direction":[0.0767427,0.444761,-0.892356],"elbow":[71.1512,326.261,330.291],"grabStrength":0,"id":981,"palmNormal":[-0.658136,-0.649717,-0.380426],"palmPosition":[-7.92832,332.254,31.7601],"palmVelocity":[-26.2804,35.2942,-73.9456],"palmWidth":88.738,"pinchStrength":1,"r":[[0.995085,-0.0920311,-0.0365618],[0.0947391,0.992205,0.0809499],[0.0288269,-0.0840158,0.996047]],"s":1.02553,"sphereCenter":[-32.5163,300.34,-3.74015],"sphereRadius":47.7574,"stabilizedPalmPosition":[0.990196,310.402,81.6164],"t":[-8.79449,22.3256,-51.1822],"timeVisible":0.269558,"type":"right","wrist":[-3.62911,306.985,78.552]}],"id":4967114,"interactionBox":{"center":[0,200,0],"size":[235.247,235.247,147.751]},"pointables":[{"bases":[[[0.905016,0.419839,0.0684132],[-0.338395,0.613133,0.713833],[0.257749,-0.669181,0.696967]],[[0.704058,0.668272,-0.240238],[-0.57144,0.733988,0.367038],[0.421614,-0.121135,0.898648]],[[0.704058,0.668272,-0.240238],[-0.655271,0.741747,0.14294],[0.273719,0.0567828,0.960132]],[[0.704058,0.668272,-0.240238],[-0.703695,0.702013,-0.109502],[0.0954735,0.24615,0.964518]]],"btipPosition":[-63.4464,314.188,-13.4136],"carpPosition":[-31.6406,315.798,84.275],"dipPosition":[-61.2673,319.806,8.60086],"direction":[-0.273719,-0.0567828,-0.960132],"extended":false,"handId":981,"id":9810,"length":50.8265,"mcpPosition":[-31.6406,315.798,84.275],"pipPosition":[-52.1657,321.695,40.5269],"stabilizedTipPosition":[-55.8531,297.377,30.8426],"timeVisible":0.269558,"tipPosition":[-63.6312,316.183,-8.26871],"tipVelocity":[-19.6546,16.4288,-69.8038],"tool":false,"touchDistance":0.409752,"touchZone":"hovering","type":0,"width":19.7488},{"bases":[[[0.75123,-0.533059,-0.389233],[0.643423,0.722923,0.251773],[0.147175,-0.439581,0.886063]],[[0.764351,-0.588605,-0.263272],[0.585597,0.804575,-0.0986654],[0.269897,-0.0787562,0.959663]],[[0.764351,-0.588605,-0.263272],[0.559246,0.808392,-0.183702],[0.320955,-0.00682115,0.94707]],[[0.764351,-0.588605,-0.263272],[0.537869,0.80721,-0.243124],[0.355619,0.044226,0.933584]]],"btipPosition":[-47.7575,362.243,-61.3565],"carpPosition":[-12.3982,327.979,80.3071],"dipPosition":[-41.8319,362.979,-45.8004],"direction":[-0.320955,0.00682115,-0.94707],"extended":true,"handId":981,"id":9811,"length":57.352,"mcpPosition":[-22.9579,359.519,16.7331],"pipPosition":[-34.2663,362.819,-23.4759],"stabilizedTipPosition":[-40.284,344.291,-31.8048],"timeVisible":0.269558,"tipPosition":[-47.1053,361.301,-57.5267],"tipVelocity":[-27.3424,56.9645,-71.3378],"tool":false,"touchDistance":0.200445,"touchZone":"hovering","type":1,"width":18.8641},{"bases":[[[0.643438,-0.702925,-0.303124],[0.764239,0.612569,0.201736],[0.0438788,-0.361464,0.931353]],[[0.642771,-0.697867,-0.315955],[0.37473,0.646162,-0.66487],[0.668149,0.308961,0.676846]],[[0.642771,-0.697867,-0.315955],[-0.153851,0.28644,-0.945665],[0.75045,0.656456,0.0767477]],[[0.642771,-0.697867,-0.315955],[-0.425577,0.0176421,-0.90475],[0.636969,0.716011,-0.285656]]],"btipPosition":[-69.3696,301.843,-16.4883],"carpPosition":[-2.49048,323.1,75.5922],"dipPosition":[-57.6959,314.966,-21.7235],"direction":[-0.75045,-0.656456,-0.0767477],"extended":false,"handId":981,"id":9812,"length":65.348,"mcpPosition":[-5.47605,347.694,12.2217],"pipPosition":[-36.884,333.171,-19.5951],"stabilizedTipPosition":[-57.7353,291.554,7.67165],"timeVisible":0.269558,"tipPosition":[-66.5343,305.681,-19.3495],"tipVelocity":[-22.3798,8.82314,-43.2012],"tool":false,"touchDistance":0.42033,"touchZone":"hovering","type":2,"width":18.527},{"bases":[[[0.583428,-0.79262,-0.177103],[0.809266,0.548948,0.209151],[-0.0685566,-0.265348,0.961712]],[[0.584173,-0.789538,-0.188074],[0.526237,0.544869,-0.652835],[0.617914,0.282396,0.733781]],[[0.584173,-0.789538,-0.188074],[0.00720373,0.236759,-0.971542],[0.811598,0.566193,0.143996]],[[0.584173,-0.789538,-0.188074],[-0.299412,0.00574377,-0.954107],[0.754384,0.613675,-0.233042]]],"btipPosition":[-52.5925,292.973,-18.958],"carpPosition":[5.81669,315.546,71.4102],"dipPosition":[-38.8465,304.155,-23.2044],"direction":[-0.811598,-0.566193,-0.143996],"extended":false,"handId":981,"id":9813,"length":62.8339,"mcpPosition":[10.0048,331.756,12.6595],"pipPosition":[-16.92,319.451,-19.3141],"stabilizedTipPosition":[-40.0429,276.18,15.0587],"timeVisible":0.269558,"tipPosition":[-49.4734,295.731,-20.7804],"tipVelocity":[-18.231,21.8912,-51.3786],"tool":false,"touchDistance":0.392361,"touchZone":"hovering","type":3,"width":17.6296},{"bases":[[[0.429784,-0.897738,-0.0967117],[0.880902,0.39337,0.263196],[-0.198238,-0.198311,0.959883]],[[0.392935,-0.917821,0.056636],[0.679238,0.248173,-0.690685],[0.619869,0.309863,0.720935]],[[0.392935,-0.917821,0.056636],[0.150669,0.0035016,-0.988578],[0.907139,0.39698,0.139663]],[[0.392935,-0.917821,0.056636],[-0.173562,-0.134506,-0.975594],[0.903039,0.373515,-0.212151]]],"btipPosition":[-33.1244,289.329,-10.3813],"carpPosition":[9.52455,302.651,67.8587],"dipPosition":[-17.9441,295.608,-13.9476],"direction":[-0.907139,-0.39698,-0.139663],"extended":false,"handId":981,"id":9814,"length":49.2606,"mcpPosition":[20.7349,313.865,13.5772],"pipPosition":[-0.640697,303.18,-11.2836],"stabilizedTipPosition":[-18.3528,268.373,31.0342],"timeVisible":0.269558,"tipPosition":[-29.5079,290.796,-11.9029],"tipVelocity":[-16.8308,32.6619,-65.8876],"tool":false,"touchDistance":0.41307,"touchZone":"hovering","type":4,"width":15.66}],"r":[[0.995085,-0.0920311,-0.0365618],[0.0947391,0.992205,0.0809499],[0.0288269,-0.0840158,0.996047]],"s":1.02553,"t":[-8.79449,22.3256,-51.1822],"timestamp":669431573073},false],[3,{"currentFrameRate":50.816,"devices":[],"gestures":[],"hands":[{"armBasis":[[0.762085,-0.613058,-0.208293],[0.571085,0.788031,-0.229933],[0.305103,0.0562758,0.950655]],"armWidth":62.1429,"confidence":0.520411,"direction":[0.0810867,0.442102,-0.893292],"elbow":[75.1675,322.838,325.535],"grabStrength":0,"id":981,"palmNormal":[-0.65309,-0.653467,-0.382693],"palmPosition":[-9.25009,333.117,28.3073],"palmVelocity":[-47.2249,39.9403,-126.017],"palmWidth":88.738,"pinchStrength":1,"r":[[0.995484,-0.0875334,-0.036735],[0.0902929,0.992553,0.0817609],[0.0293047,-0.0847086,0.995975]],"s":1.03023,"sphereCenter":[-33.4071,301.111,-7.27828],"sphereRadius":47.7418,"stabilizedPalmPosition":[0.949821,310.492,81.4062],"t":[-9.70733,23.0958,-53.6163],"timeVisible":0.288915,"type":"right","wrist":[-5.17156,308.02,75.2109]}],"id":4967115,"interactionBox":{"center":[0,200,0],"size":[235.247,235.247,147.751]},"pointables":[{"bases":[[[0.90294,0.423502,0.0731174],[-0.345525,0.614193,0.709492],[0.255563,-0.665892,0.70091]],[[0.703313,0.670028,-0.237515],[-0.57583,0.732884,0.362355],[0.416859,-0.118081,0.901269]],[[0.703313,0.670028,-0.237515],[-0.659786,0.73963,0.132779],[0.264639,0.0633238,0.962266]],[[0.703313,0.670028,-0.237515],[-0.705776,0.698104,-0.120545],[0.0850419,0.252413,0.963875]]],"btipPosition":[-64.2885,314.626,-17.157],"carpPosition":[-33.2542,316.744,80.7156],"dipPosition":[-62.3475,320.387,4.84288],"direction":[-0.264639,-0.0633238,-0.962266],"extended":false,"handId":981,"id":9810,"length":50.8265,"mcpPosition":[-33.2542,316.744,80.7156],"pipPosition":[-53.5478,322.493,36.8399],"stabilizedTipPosition":[-55.8617,297.397,30.7963],"timeVisible":0.288915,"tipPosition":[-64.5326,316.638,-12.0307],"tipVelocity":[-32.9574,20.3601,-131.511],"tool":false,"touchDistance":0.34591,"touchZone":"hovering","type":0,"width":19.7488},{"bases":[[[0.755852,-0.531479,-0.382384],[0.638969,0.726192,0.2537],[0.142848,-0.436092,0.888492]],[[0.768337,-0.586611,-0.256019],[0.585601,0.805731,-0.0887074],[0.258319,-0.081768,0.962593]],[[0.768337,-0.586611,-0.256019],[0.55947,0.809833,-0.176531],[0.310888,-0.00759948,0.950416]],[[0.768337,-0.586611,-0.256019],[0.538017,0.808607,-0.238102],[0.346692,0.0451997,0.936889]]],"btipPosition":[-48.2093,363.127,-65.2576],"carpPosition":[-14.0317,328.986,76.837],"dipPosition":[-42.4325,363.88,-49.6464],"direction":[-0.310888,0.00759948,-0.950416],"extended":true,"handId":981,"id":9811,"length":57.352,"mcpPosition":[-24.2808,360.275,13.0887],"pipPosition":[-35.1041,363.701,-27.243],"stabilizedTipPosition":[-40.4061,344.643,-32.3577],"timeVisible":0.288915,"tipPosition":[-47.6323,362.143,-61.4094],"tipVelocity":[-26.2274,51.4478,-135.931],"tool":false,"touchDistance":0.135638,"touchZone":"hovering","type":1,"width":18.8641},{"bases":[[[0.648125,-0.701469,-0.296439],[0.760537,0.616134,0.204847],[0.0389528,-0.358219,0.932825]],[[0.647489,-0.696183,-0.309978],[0.375214,0.64527,-0.665463],[0.663304,0.314572,0.679023]],[[0.647489,-0.696183,-0.309978],[-0.151764,0.280813,-0.947688],[0.74681,0.660661,0.0761679]],[[0.647489,-0.696183,-0.309978],[-0.422744,0.0103088,-0.906191],[0.63407,0.71779,-0.287632]]],"btipPosition":[-70.236,302.238,-20.0254],"carpPosition":[-4.0739,324.129,72.2052],"dipPosition":[-58.6155,315.393,-25.2968],"direction":[-0.74681,-0.660661,-0.0761679],"extended":false,"handId":981,"id":9812,"length":65.348,"mcpPosition":[-6.7243,348.502,8.73468],"pipPosition":[-37.9045,333.715,-23.1845],"stabilizedTipPosition":[-57.7892,291.63,7.51293],"timeVisible":0.288915,"tipPosition":[-67.4163,306.046,-22.8511],"tipVelocity":[-33.8546,14.7972,-112.989],"tool":false,"touchDistance":0.35845,"touchZone":"hovering","type":2,"width":18.527},{"bases":[[[0.587604,-0.790975,-0.170528],[0.805754,0.552709,0.212776],[-0.0740478,-0.262432,0.962105]],[[0.588435,-0.787831,-0.181844],[0.52724,0.544388,-0.652426],[0.612995,0.288034,0.735713]],[[0.588435,-0.787831,-0.181844],[0.00622184,0.229308,-0.973334],[0.808521,0.571612,0.139835]],[[0.588435,-0.787831,-0.181844],[-0.301421,-0.00505473,-0.953478],[0.75026,0.615871,-0.240443]]],"btipPosition":[-53.4113,293.409,-22.1245],"carpPosition":[4.28983,316.593,68.1045],"dipPosition":[-39.7404,304.632,-26.5058],"direction":[-0.808521,-0.571612,-0.139835],"extended":false,"handId":981,"id":9813,"length":62.8339,"mcpPosition":[8.81339,332.625,9.32985],"pipPosition":[-17.8971,320.074,-22.728],"stabilizedTipPosition":[-40.1018,276.294,14.8387],"timeVisible":0.288915,"tipPosition":[-50.2943,296.193,-24.0512],"tipVelocity":[-30.6778,22.4606,-108.129],"tool":false,"touchDistance":0.338494,"touchZone":"hovering","type":3,"width":17.6296},{"bases":[[[0.433819,-0.896411,-0.090826],[0.87761,0.397584,0.26782],[-0.203966,-0.195895,0.959178]],[[0.395935,-0.916142,0.0626073],[0.6817,0.247565,-0.688474],[0.615241,0.31527,0.722554]],[[0.395935,-0.916142,0.0626073],[0.149202,-0.00309132,-0.988802],[0.906077,0.400842,0.135466]],[[0.395935,-0.916142,0.0626073],[-0.177525,-0.143258,-0.973633],[0.900955,0.374381,-0.219359]]],"btipPosition":[-34.0398,289.967,-13.4338],"carpPosition":[8.07033,303.7,64.6209],"dipPosition":[-18.8945,296.261,-17.1212],"direction":[-0.906077,-0.400842,-0.135466],"extended":false,"handId":981,"id":9814,"length":49.2606,"mcpPosition":[19.6046,314.778,10.3793],"pipPosition":[-1.61137,303.906,-14.5372],"stabilizedTipPosition":[-18.4319,268.522,30.7406],"timeVisible":0.288915,"tipPosition":[-30.4134,291.436,-15.063],"tipVelocity":[-32.2262,32.9002,-112.383],"tool":false,"touchDistance":0.358891,"touchZone":"hovering","type":4,"width":15.66}],"r":[[0.995484,-0.0875334,-0.036735],[0.0902929,0.992553,0.0817609],[0.0293047,-0.0847086,0.995975]],"s":1.03023,"t":[-9.70733,23.0958,-53.6163],"timestamp":669431592430},false],[4,{"currentFrameRate":50.8733,"devices":[],"gestures":[],"hands":[{"armBasis":[[0.751948,-0.628413,-0.199177],[0.585841,0.77555,-0.235188],[0.302267,0.0601627,0.951323]],"armWidth":62.1429,"confidence":0.545597,"direction":[0.0856445,0.429048,-0.899213],"elbow":[73.9029,323.749,324.258],"grabStrength":0,"id":981,"palmNormal":[-0.665203,-0.647282,-0.372198],"palmPosition":[-9.49555,332.459,26.5441],"palmVelocity":[-29.9198,3.02947,-108.348],"palmWidth":88.738,"pinchStrength":1,"r":[[0.995478,-0.0873843,-0.0372366],[0.0901269,0.99273,0.0797705],[0.0299952,-0.0827659,0.996118]],"s":1.03444,"sphereCenter":[-34.237,300.429,-8.58901],"sphereRadius":47.7686,"stabilizedPalmPosition":[0.927187,310.54,81.2873],"t":[-10.2865,23.1517,-55.715],"timeVisible":0.308357,"type":"right","wrist":[-5.68922,307.907,73.7583]}],"id":4967116,"interactionBox":{"center":[0,200,0],"size":[235.247,235.247,147.751]},"pointables":[{"bases":[[[0.910159,0.409143,0.0649006],[-0.33288,0.62908,0.70246],[0.246579,-0.660954,0.708758]],[[0.714594,0.654345,-0.247362],[-0.560857,0.747248,0.356454],[0.418085,-0.115985,0.900973]],[[0.714594,0.654345,-0.247362],[-0.646889,0.752705,0.122356],[0.266253,0.0725812,0.961167]],[[0.714594,0.654345,-0.247362],[-0.693749,0.708297,-0.13049],[0.0898202,0.264855,0.960096]]],"btipPosition":[-64.8602,314.362,-18.5028],"carpPosition":[-33.6035,317.174,79.2326],"dipPosition":[-62.8101,320.407,3.41083],"direction":[-0.266253,-0.0725812,-0.961167],"extended":false,"handId":981,"id":9810,"length":50.8265,"mcpPosition":[-33.6035,317.174,79.2326],"pipPosition":[-53.9568,322.82,35.3713],"stabilizedTipPosition":[-55.8681,297.411,30.763],"timeVisible":0.308357,"tipPosition":[-65.0745,316.393,-13.4065],"tipVelocity":[-30.5353,5.06242,-100.867],"tool":false,"touchDistance":0.323149,"touchZone":"hovering","type":0,"width":19.7488},{"bases":[[[0.745585,-0.549053,-0.377682],[0.651893,0.718554,0.242312],[0.138343,-0.426873,0.893667]],[[0.757538,-0.602662,-0.250868],[0.600393,0.794084,-0.0946478],[0.256251,-0.0789199,0.963383]],[[0.757538,-0.602662,-0.250868],[0.573696,0.797986,-0.184637],[0.311463,-0.00405213,0.95025]],[[0.757538,-0.602662,-0.250868],[0.551573,0.796469,-0.247798],[0.349147,0.0493449,0.935768]]],"btipPosition":[-48.0126,362.247,-67.3388],"carpPosition":[-14.1904,329.039,75.1375],"dipPosition":[-42.1949,363.069,-51.7464],"direction":[-0.311463,0.00405213,-0.95025],"extended":true,"handId":981,"id":9811,"length":57.352,"mcpPosition":[-24.1164,359.667,11.018],"pipPosition":[-34.853,362.973,-29.3469],"stabilizedTipPosition":[-40.4565,344.786,-32.6101],"timeVisible":0.308357,"tipPosition":[-47.4521,361.284,-63.4825],"tipVelocity":[-7.80845,3.46968,-121.596],"tool":false,"touchDistance":0.100879,"touchZone":"hovering","type":1,"width":18.8641},{"bases":[[[0.635291,-0.716075,-0.28921],[0.771437,0.605839,0.194534],[0.0359138,-0.346693,0.937291]],[[0.634692,-0.710884,-0.303002],[0.383831,0.63032,-0.674812],[0.670701,0.311996,0.672918]],[[0.634692,-0.710884,-0.303002],[-0.150543,0.270846,-0.950778],[0.75796,0.649066,0.0648852]],[[0.634692,-0.710884,-0.303002],[-0.426042,0.00522877,-0.904688],[0.644712,0.70329,-0.299548]]],"btipPosition":[-71.1379,301.989,-21.1765],"carpPosition":[-4.3306,323.955,70.5397],"dipPosition":[-59.3224,314.878,-26.6663],"direction":[-0.75796,-0.649066,-0.0648852],"extended":false,"handId":981,"id":9812,"length":65.348,"mcpPosition":[-6.77423,347.544,6.76528],"pipPosition":[-38.3022,332.878,-24.8669],"stabilizedTipPosition":[-57.833,291.685,7.38956],"timeVisible":0.308357,"tipPosition":[-68.2717,305.693,-24.0314],"tipVelocity":[-38.9698,-0.603287,-87.3826],"tool":false,"touchDistance":0.337918,"touchZone":"hovering","type":2,"width":18.527},{"bases":[[[0.573678,-0.802908,-0.161964],[0.815606,0.54177,0.203154],[-0.0753666,-0.248643,0.965659]],[[0.574539,-0.799873,-0.173518],[0.53352,0.526769,-0.661718],[0.620694,0.287608,0.729397]],[[0.574539,-0.799873,-0.173518],[0.00223877,0.213536,-0.976933],[0.818474,0.560898,0.124475]],[[0.574539,-0.799873,-0.173518],[-0.310697,-0.0170077,-0.950357],[0.757213,0.599929,-0.25829]]],"btipPosition":[-54.4596,292.799,-22.9182],"carpPosition":[3.89213,316.227,66.5126],"dipPosition":[-40.662,303.731,-27.6246],"direction":[-0.818474,-0.560898,-0.124475],"extended":false,"handId":981,"id":9813,"length":62.8339,"mcpPosition":[8.49625,331.416,7.52085],"pipPosition":[-18.5498,318.884,-24.2617],"stabilizedTipPosition":[-40.1608,276.394,14.6339],"timeVisible":0.308357,"tipPosition":[-51.311,295.51,-24.9534],"tipVelocity":[-41.5511,-6.1881,-76.3889],"tool":false,"touchDistance":0.32402,"touchZone":"hovering","type":3,"width":17.6296},{"bases":[[[0.418399,-0.904695,-0.0804362],[0.885021,0.386183,0.259999],[-0.204157,-0.179971,0.962253]],[[0.380531,-0.921812,0.073887],[0.682862,0.226212,-0.694642],[0.623615,0.314787,0.715551]],[[0.380531,-0.921812,0.073887],[0.138751,-0.0220817,-0.990081],[0.9143,0.387008,0.119499]],[[0.380531,-0.921812,0.073887],[-0.193198,-0.157379,-0.968456],[0.904362,0.354252,-0.23798]]],"btipPosition":[-35.158,289.213,-14.1835],"carpPosition":[7.44422,303.228,63.186],"dipPosition":[-19.9555,295.168,-18.184],"direction":[-0.9143,-0.387008,-0.119499],"extended":false,"handId":981,"id":9814,"length":49.2606,"mcpPosition":[18.9893,313.405,8.77052],"pipPosition":[-2.51548,302.55,-15.9046],"stabilizedTipPosition":[-18.5099,268.652,30.4702],"timeVisible":0.308357,"tipPosition":[-31.5183,290.59,-15.9418],"tipVelocity":[-44.5362,-4.95298,-77.314],"tool":false,"touchDistance":0.344009,"touchZone":"hovering","type":4,"width":15.66}],"r":[[0.995478,-0.0873843,-0.0372366],[0.0901269,0.99273,0.0797705],[0.0299952,-0.0827659,0.996118]],"s":1.03444,"t":[-10.2865,23.1517,-55.715],"timestamp":669431611872},false],[5,{"currentFrameRate":51.064,"devices":[],"gestures":[],"hands":[{"armBasis":[[0.756394,-0.626709,-0.18736],[0.581952,0.775532,-0.244708],[0.298664,0.0760614,0.951322]],"armWidth":62.1429,"confidence":0.552416,"direction":[0.0802729,0.432627,-0.897992],"elbow":[73.2192,327.18,322.468],"grabStrength":0,"id":981,"palmNormal":[-0.668279,-0.645074,-0.370517],"palmPosition":[-9.51041,331.9,24.8797],"palmVelocity":[-15.6487,-12.9524,-98.4774],"palmWidth":88.738,"pinchStrength":1,"r":[[0.995406,-0.0874396,-0.038999],[0.0902996,0.992787,0.0788706],[0.0318213,-0.0820299,0.996122]],"s":1.03862,"sphereCenter":[-34.4144,300.106,-10.257],"sphereRadius":47.7647,"stabilizedPalmPosition":[0.915896,310.563,81.2263],"t":[-10.5835,22.9004,-57.5965],"timeVisible":0.327228,"type":"right","wrist":[-5.42434,307.152,71.9678]}],"id":4967117,"interactionBox":{"center":[0,200,0],"size":[235.247,235.247,147.751]},"pointables":[{"bases":[[[0.91099,0.407941,0.0606707],[-0.327664,0.626548,0.70716],[0.250466,-0.664095,0.704446]],[[0.71455,0.654011,-0.24837],[-0.556407,0.746492,0.364913],[0.424063,-0.122554,0.897302]],[[0.71455,0.654011,-0.24837],[-0.645559,0.75322,0.126145],[0.269578,0.0702006,0.960416]],[[0.71455,0.654011,-0.24837],[-0.693351,0.709336,-0.126908],[0.0931787,0.26289,0.960316]]],"btipPosition":[-65.0278,314.057,-19.8762],"carpPosition":[-33.2928,316.425,77.6605],"dipPosition":[-62.9011,320.057,2.04243],"direction":[-0.269578,-0.0702007,-0.960416],"extended":false,"handId":981,"id":9810,"length":50.8265,"mcpPosition":[-33.2928,316.425,77.6605],"pipPosition":[-53.9371,322.391,33.9779],"stabilizedTipPosition":[-55.8719,297.419,30.7432],"timeVisible":0.327228,"tipPosition":[-65.2395,316.033,-14.7733],"tipVelocity":[-19.4697,-5.60216,-87.078],"tool":false,"touchDistance":0.300278,"touchZone":"hovering","type":0,"width":19.7488},{"bases":[[[0.742546,-0.548271,-0.384739],[0.654203,0.71689,0.241012],[0.143676,-0.43066,0.891005]],[[0.75527,-0.602463,-0.258082],[0.602698,0.793135,-0.087704],[0.257532,-0.089305,0.962134]],[[0.75527,-0.602463,-0.258082],[0.575314,0.79804,-0.179292],[0.313976,-0.013064,0.949341]],[[0.75527,-0.602463,-0.258082],[0.552513,0.797067,-0.243748],[0.352558,0.0415022,0.934869]]],"btipPosition":[-48.2688,362.544,-68.7084],"carpPosition":[-13.8942,328.287,73.4882],"dipPosition":[-42.3943,363.236,-53.1309],"direction":[-0.313976,0.013064,-0.949341],"extended":true,"handId":981,"id":9811,"length":57.352,"mcpPosition":[-24.2028,359.186,9.55967],"pipPosition":[-34.9931,362.928,-30.7529],"stabilizedTipPosition":[-40.48,344.851,-32.7281],"timeVisible":0.327228,"tipPosition":[-47.7285,361.521,-64.8513],"tipVelocity":[-10.2946,8.72225,-97.6724],"tool":false,"touchDistance":0.0779955,"touchZone":"hovering","type":1,"width":18.8641},{"bases":[[[0.632652,-0.715539,-0.296235],[0.773317,0.604249,0.192],[0.041616,-0.350553,0.935618]],[[0.631923,-0.709966,-0.31084],[0.377489,0.632227,-0.676603],[0.676886,0.310222,0.667524]],[[0.631923,-0.709966,-0.31084],[-0.160676,0.272344,-0.948689],[0.758192,0.649444,0.0580261]],[[0.631923,-0.709966,-0.31084],[-0.435726,0.00623649,-0.900058],[0.640949,0.704208,-0.30541]]],"btipPosition":[-71.4932,301.564,-22.2452],"carpPosition":[-4.06971,323.211,68.8059],"dipPosition":[-59.7466,314.47,-27.8424],"direction":[-0.758192,-0.649444,-0.0580261],"extended":false,"handId":981,"id":9812,"length":65.348,"mcpPosition":[-6.90131,347.064,5.14534],"pipPosition":[-38.72,332.481,-26.2332],"stabilizedTipPosition":[-57.8661,291.723,7.29625],"timeVisible":0.327228,"tipPosition":[-68.6558,305.266,-25.1092],"tipVelocity":[-29.5147,-11.2288,-72.9606],"tool":false,"touchDistance":0.319694,"touchZone":"hovering","type":2,"width":18.527},{"bases":[[[0.571773,-0.802828,-0.168948],[0.817474,0.5401,0.200073],[-0.0693753,-0.252507,0.965105]],[[0.572546,-0.799815,-0.180243],[0.529118,0.528394,-0.663953],[0.626279,0.284774,0.725727]],[[0.572546,-0.799815,-0.180243],[-0.00747968,0.214738,-0.976643],[0.819838,0.560521,0.116965]],[[0.572546,-0.799815,-0.180243],[-0.321423,-0.0167256,-0.946788],[0.75424,0.600014,-0.266655]]],"btipPosition":[-54.8251,292.432,-24.1875],"carpPosition":[4.11865,315.492,64.6942],"dipPosition":[-41.0816,303.365,-29.0464],"direction":[-0.819838,-0.560521,-0.116965],"extended":false,"handId":981,"id":9813,"length":62.8339,"mcpPosition":[8.35676,330.917,5.73623],"pipPosition":[-18.9326,318.509,-25.8864],"stabilizedTipPosition":[-40.2062,276.467,14.4762],"timeVisible":0.327228,"tipPosition":[-51.6916,295.156,-26.2772],"tipVelocity":[-31.0079,-12.6782,-72.8294],"tool":false,"touchDistance":0.30228,"touchZone":"hovering","type":3,"width":17.6296},{"bases":[[[0.416918,-0.904787,-0.0868318],[0.887091,0.384211,0.255833],[-0.198113,-0.183689,0.962813]],[[0.379875,-0.922517,0.0682373],[0.675656,0.226325,-0.701617],[0.63181,0.312632,0.70928]],[[0.379875,-0.922517,0.0682373],[0.121406,-0.0234082,-0.992327],[0.917036,0.385245,0.103107]],[[0.379875,-0.922517,0.0682373],[-0.213009,-0.15902,-0.964023],[0.900179,0.351673,-0.256912]]],"btipPosition":[-35.573,288.849,-15.2624],"carpPosition":[7.63546,302.503,61.2916],"dipPosition":[-20.4408,294.761,-19.5811],"direction":[-0.917036,-0.385245,-0.103107],"extended":false,"handId":981,"id":9814,"length":49.2606,"mcpPosition":[18.8388,312.89,6.84448],"pipPosition":[-2.94861,302.11,-17.6144],"stabilizedTipPosition":[-18.5736,268.753,30.2511],"timeVisible":0.327228,"tipPosition":[-31.9233,290.226,-17.2021],"tipVelocity":[-33.9122,-12.2251,-69.3467],"tool":false,"touchDistance":0.324808,"touchZone":"hovering","type":4,"width":15.66}],"r":[[0.995406,-0.0874396,-0.038999],[0.0902996,0.992787,0.0788706],[0.0318213,-0.0820299,0.996122]],"s":1.03862,"t":[-10.5835,22.9004,-57.5965],"timestamp":669431630743},false],[6,{"currentFrameRate":51.1442,"devices":[],"gestures":[],"hands":[{"armBasis":[[0.757007,-0.627161,-0.183326],[0.582763,0.774936,-0.244666],[0.295511,0.0783783,0.952119]],"armWidth":62.1429,"confidence":0.568439,"direction":[0.078478,0.432938,-0.898001],"elbow":[72.4178,327.506,321.705],"grabStrength":0,"id":981,"palmNormal":[-0.670097,-0.644026,-0.369055],"palmPosition":[-9.57287,331.643,23.9301],"palmVelocity":[-9.48632,-13.1454,-74.0574],"palmWidth":88.738,"pinchStrength":1,"r":[[0.995302,-0.0877422,-0.0409407],[0.0907382,0.9928,0.0781942],[0.033785,-0.0815417,0.996097]],"s":1.04261,"sphereCenter":[-34.5717,299.941,-11.2054],"sphereRadius":47.813,"stabilizedPalmPosition":[0.90971,310.575,81.1925],"t":[-10.7632,22.6463,-59.0121],"timeVisible":0.346482,"type":"right","wrist":[-5.39543,306.868,70.9958]}],"id":4967118,"interactionBox":{"center":[0,200,0],"size":[235.247,235.247,147.751]},"pointables":[{"bases":[[[0.911681,0.406718,0.0584614],[-0.32498,0.626648,0.708308],[0.251447,-0.66475,0.703479]],[[0.71547,0.652695,-0.249181],[-0.553038,0.747051,0.368868],[0.42691,-0.126107,0.895458]],[[0.71547,0.652695,-0.249181],[-0.644194,0.754364,0.126287],[0.2704,0.070167,0.960188]],[[0.71547,0.652695,-0.249181],[-0.692337,0.710196,-0.127637],[0.0936593,0.263838,0.960009]]],"btipPosition":[-65.1485,313.959,-20.6662],"carpPosition":[-33.2367,316.175,76.7662],"dipPosition":[-63.0108,319.981,1.24543],"direction":[-0.2704,-0.070167,-0.960188],"extended":false,"handId":981,"id":9810,"length":50.8265,"mcpPosition":[-33.2367,316.175,76.7662],"pipPosition":[-54.0196,322.314,33.1733],"stabilizedTipPosition":[-55.8742,297.423,30.731],"timeVisible":0.346482,"tipPosition":[-65.3497,315.884,-15.5717],"tipVelocity":[-12.8473,-5.21112,-64.2434],"tool":false,"touchDistance":0.287085,"touchZone":"hovering","type":0,"width":19.7488},{"bases":[[[0.740812,-0.549065,-0.386944],[0.655775,0.71592,0.23962],[0.145454,-0.431261,0.890425]],[[0.753799,-0.603346,-0.26031],[0.60545,0.791678,-0.0817021],[0.255377,-0.0960181,0.962062]],[[0.753799,-0.603346,-0.26031],[0.57775,0.797263,-0.174862],[0.313038,-0.0185834,0.949559]],[[0.753799,-0.603346,-0.26031],[0.554534,0.796621,-0.240598],[0.352532,0.0370117,0.935067]]],"btipPosition":[-48.2229,362.8,-69.6122],"carpPosition":[-13.8335,328.013,72.5482],"dipPosition":[-42.3487,363.417,-54.0314],"direction":[-0.313038,0.0185834,-0.949559],"extended":true,"handId":981,"id":9811,"length":57.352,"mcpPosition":[-24.2697,358.956,8.66131],"pipPosition":[-34.9697,362.979,-31.6482],"stabilizedTipPosition":[-40.4912,344.883,-32.7865],"timeVisible":0.346482,"tipPosition":[-47.7057,361.74,-65.7533],"tipVelocity":[-3.99759,10.542,-72.4494],"tool":false,"touchDistance":0.0629453,"touchZone":"hovering","type":1,"width":18.8641},{"bases":[[[0.630931,-0.71623,-0.298228],[0.774612,0.603145,0.190243],[0.043617,-0.351042,0.935343]],[[0.630123,-0.710325,-0.31366],[0.378256,0.633571,-0.674915],[0.678135,0.306636,0.667913]],[[0.630123,-0.710325,-0.31366],[-0.162297,0.274542,-0.94778],[0.759345,0.648124,0.0577116]],[[0.630123,-0.710325,-0.31366],[-0.438699,0.00763234,-0.898602],[0.640693,0.703832,-0.306809]]],"btipPosition":[-71.6737,301.525,-23.1786],"carpPosition":[-4.02805,322.927,67.8378],"dipPosition":[-59.9318,314.424,-28.8015],"direction":[-0.759345,-0.648124,-0.0577116],"extended":false,"handId":981,"id":9812,"length":65.348,"mcpPosition":[-6.9958,346.812,4.19589],"pipPosition":[-38.8732,332.398,-27.201],"stabilizedTipPosition":[-57.8879,291.748,7.2339],"timeVisible":0.346482,"tipPosition":[-68.8642,305.142,-25.9085],"tipVelocity":[-19.5368,-6.6993,-60.9496],"tool":false,"touchDistance":0.304039,"touchZone":"hovering","type":2,"width":18.527},{"bases":[[[0.570272,-0.803498,-0.170821],[0.818705,0.538935,0.19817],[-0.0671676,-0.252863,0.965168]],[[0.571007,-0.800535,-0.181917],[0.527529,0.527589,-0.665855],[0.629018,0.284242,0.723563]],[[0.571007,-0.800535,-0.181917],[-0.0126746,0.212972,-0.976976],[0.820847,0.560166,0.111462]],[[0.571007,-0.800535,-0.181917],[-0.327587,-0.019,-0.94463],[0.752753,0.598984,-0.273094]]],"btipPosition":[-55.0588,292.212,-24.8243],"carpPosition":[4.13933,315.198,63.701],"dipPosition":[-41.3424,303.127,-29.8005],"direction":[-0.820847,-0.560166,-0.111462],"extended":false,"handId":981,"id":9813,"length":62.8339,"mcpPosition":[8.24258,330.646,4.7392],"pipPosition":[-19.1661,318.26,-26.7892],"stabilizedTipPosition":[-40.2436,276.526,14.347],"timeVisible":0.346482,"tipPosition":[-51.9315,294.937,-26.9489],"tipVelocity":[-21.7942,-12.1643,-53.7742],"tool":false,"touchDistance":0.291218,"touchZone":"hovering","type":3,"width":17.6296},{"bases":[[[0.4155,-0.905293,-0.0883452],[0.888265,0.382929,0.253675],[-0.19582,-0.183876,0.963247]],[[0.378585,-0.923082,0.0677715],[0.674169,0.224846,-0.70352],[0.634168,0.312031,0.707437]],[[0.378585,-0.923082,0.0677715],[0.114777,-0.0258353,-0.993055],[0.918423,0.383734,0.0961677]],[[0.378585,-0.923082,0.0677715],[-0.221707,-0.161531,-0.961641],[0.898621,0.349037,-0.265807]]],"btipPosition":[-35.7896,288.658,-15.9498],"carpPosition":[7.63013,302.207,60.2832],"dipPosition":[-20.6836,294.525,-20.4181],"direction":[-0.918423,-0.383734,-0.0961677],"extended":false,"handId":981,"id":9814,"length":49.2606,"mcpPosition":[18.7038,312.605,5.81156],"pipPosition":[-3.16492,301.845,-18.5837],"stabilizedTipPosition":[-18.6238,268.831,30.0784],"timeVisible":0.346482,"tipPosition":[-32.159,290.023,-17.9293],"tipVelocity":[-22