{"sensorType":"Leap","data":[[0,{"currentFrameRate":51.8024,"devices":[],"gestures":[],"hands":[{"armBasis":[[0.678484,-0.73299,-0.0488376],[0.70975,0.671218,-0.213825],[0.189512,0.110414,0.97565]],"armWidth":62.1429,"confidence":0.609389,"direction":[0.414222,0.390137,-0.822322],"elbow":[38.1273,319.836,340.332],"grabStrength":0.551658,"id":997,"palmNormal":[-0.596605,-0.565931,-0.56902],"palmPosition":[2.41623,314.323,37.7104],"palmVelocity":[24.273,148.476,-230.357],"palmWidth":88.738,"pinchStrength":0.659265,"r":[[0.989944,-0.0566517,0.129623],[0.0610793,0.997669,-0.0304381],[-0.127596,0.0380493,0.991096]],"s":0.858827,"sphereCenter":[-12.511,284.846,-0.604874],"sphereRadius":45.0014,"stabilizedPalmPosition":[-2.49338,280.533,54.9248],"t":[-8.59687,-17.5688,17.2337],"timeVisible":10.8645,"type":"right","wrist":[-11.7746,290.762,83.4265]}],"id":4982123,"interactionBox":{"center":[0,200,0],"size":[235.247,235.247,147.751]},"pointables":[{"bases":[[[0.891045,0.290051,0.349155],[-0.44804,0.685359,0.574058],[-0.0727907,-0.667947,0.740641]],[[0.852965,0.520038,0.0448556],[-0.48944,0.766987,0.414946],[0.181384,-0.375888,0.90874]],[[0.852965,0.520038,0.0448556],[-0.517827,0.85387,-0.0525474],[-0.0656275,0.0215937,0.997611]],[[0.852965,0.520038,0.0448556],[-0.434471,0.754983,-0.491158],[-0.289286,0.399452,0.869915]]],"btipPosition":[-38.5967,312.156,-17.1358],"carpPosition":[-38.5516,303.693,80.1312],"dipPosition":[-45.1995,321.274,2.71949],"direction":[0.0656275,-0.0215937,-0.997611],"extended":false,"handId":997,"id":9970,"length":50.8265,"mcpPosition":[-38.5516,303.693,80.1312],"pipPosition":[-47.3817,321.992,35.8918],"stabilizedTipPosition":[-43.3208,285.84,17.8324],"timeVisible":10.8645,"tipPosition":[-39.3994,315.537,-12.356],"tipVelocity":[21.3097,146.25,-236.846],"tool":false,"touchDistance":-0.730878,"touchZone":"hovering","type":0,"width":19.7488},{"bases":[[[0.747164,-0.650487,-0.136429],[0.633458,0.634811,0.442432],[-0.201189,-0.416991,0.886364]],[[0.7428,-0.659053,-0.117889],[0.61632,0.741882,-0.264124],[0.261531,0.123534,0.957257]],[[0.7428,-0.659053,-0.117889],[0.580526,0.721724,-0.376966],[0.333524,0.211573,0.918694]],[[0.7428,-0.659053,-0.117889],[0.554531,0.704285,-0.443259],[0.375158,0.263879,0.888608]]],"btipPosition":[-28.0812,328.201,-57.7523],"carpPosition":[-17.4453,312.843,82.4137],"dipPosition":[-21.8301,332.598,-42.9456],"direction":[-0.333524,-0.211573,-0.918694],"extended":true,"handId":997,"id":9971,"length":57.352,"mcpPosition":[-3.01024,342.762,18.8182],"pipPosition":[-13.9682,337.586,-21.29],"stabilizedTipPosition":[-29.779,316.574,-41.1836],"timeVisible":10.8645,"tipPosition":[-27.5478,328.219,-53.6507],"tipVelocity":[56.5503,219.06,-244.043],"tool":false,"touchDistance":-0.751539,"touchZone":"hovering","type":1,"width":18.8641},{"bases":[[[0.594103,-0.799468,-0.0888354],[0.746084,0.506391,0.43235],[-0.300664,-0.323139,0.897319]],[[0.586082,-0.807603,-0.0654658],[0.504632,0.427037,-0.750324],[0.63392,0.406715,0.657821]],[[0.586082,-0.807603,-0.0654658],[-0.426737,-0.238981,-0.872229],[0.688769,0.539134,-0.484697]],[[0.586082,-0.807603,-0.0654658],[-0.729955,-0.491206,-0.47527],[0.351672,0.326334,-0.877401]]],"btipPosition":[-42.2901,288.345,18.563],"carpPosition":[-7.40224,306.409,81.0183],"dipPosition":[-35.845,294.326,2.48301],"direction":[-0.688769,-0.539134,0.484697],"extended":false,"handId":997,"id":9972,"length":65.348,"mcpPosition":[13.0553,328.396,19.9636],"pipPosition":[-16.7436,309.277,-10.9589],"stabilizedTipPosition":[-43.4966,254.136,46.6336],"timeVisible":10.8645,"tipPosition":[-40.772,289.804,14.6926],"tipVelocity":[28.7981,154.095,-246.354],"tool":false,"touchDistance":0.333333,"touchZone":"none","type":2,"width":18.527},{"bases":[[[0.485438,-0.874191,0.0118429],[0.776659,0.437419,0.453282],[-0.401436,-0.210842,0.891288]],[[0.498273,-0.866849,-0.0172328],[0.535471,0.323304,-0.780222],[0.681906,0.379535,0.625266]],[[0.498273,-0.866849,-0.0172328],[-0.461236,-0.248188,-0.851859],[0.734156,0.432406,-0.523487]],[[0.498273,-0.866849,-0.0172328],[-0.7753,-0.436576,-0.456412],[0.388117,0.240778,-0.889601]]],"btipPosition":[-31.5196,277.854,28.2799],"carpPosition":[0.576472,297.581,79.6209],"dipPosition":[-24.4474,282.241,12.0699],"direction":[-0.734156,-0.432406,0.523487],"extended":false,"handId":997,"id":9973,"length":62.8339,"mcpPosition":[25.1,310.461,25.1724],"pipPosition":[-4.61319,293.923,-2.07282],"stabilizedTipPosition":[-31.2504,240.755,52.4857],"timeVisible":10.8645,"tipPosition":[-29.8561,278.919,24.6774],"tipVelocity":[30.0956,150.699,-274.364],"tool":false,"touchDistance":0.333333,"touchZone":"none","type":3,"width":17.6296},{"bases":[[[0.300669,-0.952895,0.039861],[0.80417,0.275768,0.526557],[-0.512746,-0.126264,0.849205]],[[0.298135,-0.953507,0.044052],[0.645118,0.167266,-0.74555],[0.703518,0.250693,0.664993]],[[0.298135,-0.953507,0.044052],[-0.444984,-0.179667,-0.877331],[0.844455,0.24196,-0.47786]],[[0.298135,-0.953507,0.044052],[-0.813735,-0.278014,-0.510435],[0.49895,0.116332,-0.858788]]],"btipPosition":[-16.5107,276.072,29.9658],"carpPosition":[3.2489,284.148,77.3686],"dipPosition":[-8.12321,278.028,15.5294],"direction":[-0.844455,-0.24196,0.47786],"extended":false,"handId":997,"id":9974,"length":49.2606,"mcpPosition":[32.2447,291.288,29.346],"pipPosition":[7.98454,282.643,6.41438],"stabilizedTipPosition":[-15.6537,239.247,53.763],"timeVisible":10.8645,"tipPosition":[-14.4605,276.605,26.0018],"tipVelocity":[28.3686,151.122,-244.18],"tool":false,"touchDistance":0.333333,"touchZone":"none","type":4,"width":15.66}],"r":[[0.989944,-0.0566517,0.129623],[0.0610793,0.997669,-0.0304381],[-0.127596,0.0380493,0.991096]],"s":0.858827,"t":[-8.59687,-17.5688,17.2337],"timestamp":669716024652},false],[1,{"currentFrameRate":51.8797,"devices":[],"gestures":[],"hands":[{"armBasis":[[0.672462,-0.737958,-0.0566853],[0.716451,0.668253,-0.200338],[0.185721,0.0941075,0.978086]],"armWidth":62.1429,"confidence":0.612629,"direction":[0.416155,0.395798,-0.818632],"elbow":[37.2546,317.312,335.451],"grabStrength":0.538524,"id":997,"palmNormal":[-0.60269,-0.554065,-0.574263],"palmPosition":[2.66637,316.486,32.4312],"palmVelocity":[18.8106,131.444,-253.792],"palmWidth":88.738,"pinchStrength":0.660315,"r":[[0.989542,-0.061508,0.130474],[0.0646658,0.997705,-0.0201014],[-0.128938,0.0283283,0.991248]],"s":0.860929,"sphereCenter":[-12.623,287.616,-6.23293],"sphereRadius":45.0698,"stabilizedPalmPosition":[-2.34128,281.592,54.2617],"t":[-8.24404,-15.0941,12.4277],"timeVisible":10.8835,"type":"right","wrist":[-11.649,292.531,77.9035]}],"id":4982124,"interactionBox":{"center":[0,200,0],"size":[235.247,235.247,147.751]},"pointables":[{"bases":[[[0.894246,0.278102,0.350689],[-0.440837,0.682721,0.582713],[-0.0773689,-0.675685,0.733119]],[[0.857038,0.513084,0.0472285],[-0.482395,0.766796,0.423461],[0.181056,-0.385705,0.904683]],[[0.857038,0.513084,0.0472285],[-0.511533,0.858263,-0.0414605],[-0.0618072,0.0113743,0.998023]],[[0.857038,0.513084,0.0472285],[-0.43087,0.763929,-0.480379],[-0.282554,0.391354,0.875788]]],"btipPosition":[-38.6255,315.203,-22.4088],"carpPosition":[-38.3156,305.736,74.8084],"dipPosition":[-45.0746,324.135,-2.41949],"direction":[0.0618072,-0.0113743,-0.998023],"extended":false,"handId":997,"id":9970,"length":50.8265,"mcpPosition":[-38.3156,305.736,74.8084],"pipPosition":[-47.1298,324.513,30.7665],"stabilizedTipPosition":[-43.183,287.188,16.3029],"timeVisible":10.8835,"tipPosition":[-39.3697,318.491,-17.5799],"tipVelocity":[10.9946,152.115,-256.13],"tool":false,"touchDistance":-0.764757,"touchZone":"hovering","type":0,"width":19.7488},{"bases":[[[0.741075,-0.655512,-0.145303],[0.63992,0.624055,0.448395],[-0.203251,-0.425277,0.881946]],[[0.736869,-0.663871,-0.127668],[0.624038,0.740584,-0.249223],[0.260001,0.103975,0.959994]],[[0.736869,-0.663871,-0.127668],[0.589202,0.723258,-0.360192],[0.331458,0.190193,0.924101]],[[0.736869,-0.663871,-0.127668],[0.56381,0.707688,-0.425788],[0.373018,0.24177,0.895771]]],"btipPosition":[-27.4638,332.317,-63.0568],"carpPosition":[-17.1243,314.672,77.1536],"dipPosition":[-21.2483,336.345,-48.1308],"direction":[-0.331458,-0.190193,-0.924101],"extended":true,"handId":997,"id":9971,"length":57.352,"mcpPosition":[-2.54128,345.185,13.8751],"pipPosition":[-13.4351,340.828,-26.3478],"stabilizedTipPosition":[-28.9118,320.434,-45.4539],"timeVisible":10.8835,"tipPosition":[-26.9684,332.181,-58.9355],"tipVelocity":[44.51,215.7,-260.689],"tool":false,"touchDistance":-0.783875,"touchZone":"hovering","type":1,"width":18.8641},{"bases":[[[0.586779,-0.803658,-0.0991106],[0.751377,0.49476,0.436629],[-0.301865,-0.330674,0.894166]],[[0.578738,-0.811979,-0.0758448],[0.507015,0.431093,-0.746387],[0.638747,0.393508,0.661176]],[[0.578738,-0.811979,-0.0758448],[-0.430481,-0.225182,-0.874059],[0.692638,0.538501,-0.479863]],[[0.578738,-0.811979,-0.0758448],[-0.735193,-0.479229,-0.479406],[0.35292,0.333211,-0.87431]]],"btipPosition":[-42.3049,291.126,13.0762],"carpPosition":[-7.14167,308.165,75.6653],"dipPosition":[-35.837,297.233,-2.94722],"direction":[-0.692638,-0.538501,0.479863],"extended":false,"handId":997,"id":9972,"length":65.348,"mcpPosition":[13.3976,330.665,14.8251],"pipPosition":[-16.6283,312.167,-16.2551],"stabilizedTipPosition":[-43.3847,255.739,45.0784],"timeVisible":10.8835,"tipPosition":[-40.7815,292.616,9.22056],"tipVelocity":[14.38,151.081,-266.961],"tool":false,"touchDistance":0.333333,"touchZone":"none","type":2,"width":18.527},{"bases":[[[0.477639,-0.878556,0.000922456],[0.781374,0.425285,0.456714],[-0.401641,-0.217424,0.889613]],[[0.490584,-0.870933,-0.0283222],[0.536636,0.327567,-0.777638],[0.686549,0.366298,0.628074]],[[0.490584,-0.870933,-0.0283222],[-0.465305,-0.234342,-0.853566],[0.736762,0.431924,-0.520214]],[[0.490584,-0.870933,-0.0283222],[-0.780129,-0.424491,-0.459572],[0.388234,0.247554,-0.887689]]],"btipPosition":[-31.603,280.424,22.6673],"carpPosition":[0.755331,299.283,74.1516],"dipPosition":[-24.5288,284.935,6.49221],"direction":[-0.736762,-0.431924,0.520214],"extended":false,"handId":997,"id":9973,"length":62.8339,"mcpPosition":[25.2914,312.565,19.8054],"pipPosition":[-4.6241,296.604,-7.5621],"stabilizedTipPosition":[-31.2151,241.882,51.557],"timeVisible":10.8835,"tipPosition":[-29.9417,281.517,19.0648],"tipVelocity":[13.1382,143.879,-284.575],"tool":false,"touchDistance":0.333333,"touchZone":"none","type":3,"width":17.6296},{"bases":[[[0.292228,-0.955927,0.0284042],[0.807578,0.262569,0.528086],[-0.51227,-0.131383,0.848716]],[[0.290023,-0.956483,0.0320524],[0.646302,0.17105,-0.743663],[0.705818,0.236395,0.667786]],[[0.290023,-0.956483,0.0320524],[-0.446674,-0.164908,-0.879368],[0.846386,0.24072,-0.475063]],[[0.290023,-0.956483,0.0320524],[-0.816444,-0.264757,-0.51315],[0.499305,0.122656,-0.8577]]],"btipPosition":[-16.605,278.478,24.198],"carpPosition":[3.30359,285.853,71.7411],"dipPosition":[-8.21158,280.539,9.77994],"direction":[-0.846386,-0.24072,0.475063],"extended":false,"handId":997,"id":9974,"length":49.2606,"mcpPosition":[32.2725,293.283,23.7462],"pipPosition":[7.933,285.131,0.718239],"stabilizedTipPosition":[-15.6265,240.352,52.8481],"timeVisible":10.8835,"tipPosition":[-14.5637,279.043,20.2989],"tipVelocity":[12.0013,139.711,-273.363],"tool":false,"touchDistance":0.333333,"touchZone":"none","type":4,"width":15.66}],"r":[[0.989542,-0.061508,0.130474],[0.0646658,0.997705,-0.0201014],[-0.128938,0.0283283,0.991248]],"s":0.860929,"t":[-8.24404,-15.0941,12.4277],"timestamp":669716043643},false],[2,{"currentFrameRate":51.9499,"devices":[],"gestures":[],"hands":[{"armBasis":[[0.65506,-0.753045,-0.0618066],[0.73237,0.65293,-0.193176],[0.185826,0.0812767,0.979215]],"armWidth":62.1429,"confidence":0.629507,"direction":[0.415652,0.380276,-0.82621],"elbow":[37.814,316.735,330.966],"grabStrength":0.526774,"id":997,"palmNormal":[-0.621625,-0.544343,-0.563271],"palmPosition":[3.21778,318.626,27.3121],"palmVelocity":[23.841,122.206,-261.541],"palmWidth":88.738,"pinchStrength":0.671111,"r":[[0.989194,-0.0697115,0.128982],[0.07204,0.997311,-0.0134708],[-0.127696,0.0226171,0.991555]],"s":0.862213,"sphereCenter":[-13.1934,289.817,-11.053],"sphereRadius":45.1411,"stabilizedPalmPosition":[-2.22192,282.388,53.6831],"t":[-7.79191,-12.7869,7.46517],"timeVisible":10.9025,"type":"right","wrist":[-11.1172,295.334,73.121]}],"id":4982125,"interactionBox":{"center":[0,200,0],"size":[235.247,235.247,147.751]},"pointables":[{"bases":[[[0.904273,0.260199,0.338507],[-0.41855,0.696788,0.582497],[-0.0843022,-0.668419,0.738992]],[[0.868418,0.49479,0.0321249],[-0.460435,0.780688,0.422523],[0.183981,-0.381718,0.905783]],[[0.868418,0.49479,0.0321249],[-0.493475,0.868784,-0.0411915],[-0.0482907,0.0199186,0.998635]],[[0.868418,0.49479,0.0321249],[-0.420819,0.769753,-0.479992],[-0.262224,0.403315,0.876685]]],"btipPosition":[-38.8767,317.835,-27.0843],"carpPosition":[-37.5109,309.12,70.2272],"dipPosition":[-44.8617,327.04,-7.07457],"direction":[0.0482907,-0.0199186,-0.998635],"extended":false,"handId":997,"id":9970,"length":50.8265,"mcpPosition":[-37.5109,309.12,70.2272],"pipPosition":[-46.4675,327.702,26.1318],"stabilizedTipPosition":[-43.0781,288.361,14.915],"timeVisible":10.9025,"tipPosition":[-39.4709,321.118,-22.268],"tipVelocity":[1.84223,147.085,-251.114],"tool":false,"touchDistance":-0.786677,"touchZone":"hovering","type":0,"width":19.7488},{"bases":[[[0.724303,-0.673253,-0.14871],[0.658993,0.612553,0.436471],[-0.202763,-0.414136,0.887343]],[[0.720412,-0.68083,-0.132202],[0.639047,0.725699,-0.254912],[0.26949,0.0991581,0.957884]],[[0.720412,-0.68083,-0.132202],[0.60386,0.709504,-0.363258],[0.341115,0.181864,0.922261]],[[0.720412,-0.68083,-0.132202],[0.578246,0.694879,-0.427521],[0.382934,0.231546,0.894286]]],"btipPosition":[-27.2619,335.001,-68.1745],"carpPosition":[-16.0969,317.587,72.2667],"dipPosition":[-20.8812,338.859,-53.2733],"direction":[-0.341115,-0.181864,-0.922261],"extended":true,"handId":997,"id":9971,"length":57.352,"mcpPosition":[-1.54895,347.301,8.60094],"pipPosition":[-12.8404,343.146,-31.5335],"stabilizedTipPosition":[-28.3432,323.253,-48.9727],"timeVisible":10.9025,"tipPosition":[-26.7521,334.795,-64.0451],"tipVelocity":[28.8233,178.094,-265.155],"tool":false,"touchDistance":-0.810671,"touchZone":"hovering","type":1,"width":18.8641},{"bases":[[[0.567224,-0.81751,-0.0996739],[0.767347,0.480672,0.424422],[-0.299058,-0.317227,0.899962]],[[0.559456,-0.825293,-0.0768145],[0.512862,0.417481,-0.750122],[0.651139,0.380265,0.656823]],[[0.559456,-0.825293,-0.0768145],[-0.439946,-0.21713,-0.871379],[0.702464,0.521293,-0.484559]],[[0.559456,-0.825293,-0.0768145],[-0.749282,-0.463943,-0.472582],[0.354381,0.321945,-0.877933]]],"btipPosition":[-42.5181,294.196,8.13275],"carpPosition":[-6.28215,310.844,70.715],"dipPosition":[-36.0234,300.096,-7.95704],"direction":[-0.702464,-0.521293,0.484559],"extended":false,"handId":997,"id":9972,"length":65.348,"mcpPosition":[14.0662,332.428,9.48045],"pipPosition":[-16.5422,314.553,-21.3951],"stabilizedTipPosition":[-43.3011,257.15,43.6384],"timeVisible":10.9025,"tipPosition":[-40.9998,295.613,4.46743],"tipVelocity":[1.93987,155.052,-264.074],"tool":false,"touchDistance":0.333333,"touchZone":"none","type":2,"width":18.527},{"bases":[[[0.457562,-0.889175,0.00214013],[0.795987,0.410679,0.444688],[-0.396285,-0.201769,0.895683]],[[0.470714,-0.881835,-0.0281807],[0.541766,0.314104,-0.779634],[0.69636,0.351718,0.625601]],[[0.470714,-0.881835,-0.0281807],[-0.473046,-0.225288,-0.851747],[0.744752,0.41426,-0.523195]],[[0.470714,-0.881835,-0.0281807],[-0.79223,-0.408395,-0.453415],[0.388328,0.235754,-0.890854]]],"btipPosition":[-31.9371,283.286,17.5701],"carpPosition":[1.39349,301.773,69.1793],"dipPosition":[-24.8612,287.582,1.33732],"direction":[-0.744752,-0.41426,0.523195],"extended":false,"handId":997,"id":9973,"length":62.8339,"mcpPosition":[25.6024,314.099,14.4623],"pipPosition":[-4.74067,298.774,-12.7975],"stabilizedTipPosition":[-31.1945,242.845,50.7002],"timeVisible":10.9025,"tipPosition":[-30.2888,284.323,14.17],"tipVelocity":[-1.97348,145.947,-276.953],"tool":false,"touchDistance":0.333333,"touchZone":"none","type":3,"width":17.6296},{"bases":[[[0.270769,-0.962103,0.0322863],[0.819306,0.24793,0.516981],[-0.505393,-0.11353,0.855388]],[[0.268595,-0.962582,0.0359621],[0.641455,0.150888,-0.752176],[0.718604,0.225098,0.657981]],[[0.268595,-0.962582,0.0359621],[-0.460347,-0.161069,-0.873005],[0.846131,0.217929,-0.486384]],[[0.268595,-0.962582,0.0359621],[-0.828062,-0.24981,-0.501905],[0.492108,0.10503,-0.864175]]],"btipPosition":[-17.0038,281.007,19.5836],"carpPosition":[3.60869,288.272,66.8411],"dipPosition":[-8.73139,282.773,5.05663],"direction":[-0.846131,-0.217929,0.486384],"extended":false,"handId":997,"id":9974,"length":49.2606,"mcpPosition":[32.1887,294.692,18.4688],"pipPosition":[7.40832,286.93,-4.22101],"stabilizedTipPosition":[-15.6148,241.264,52.0352],"timeVisible":10.9025,"tipPosition":[-14.9954,281.497,15.6595],"tipVelocity":[-4.95843,134.746,-259.056],"tool":false,"touchDistance":0.333333,"touchZone":"none","type":4,"width":15.66}],"r":[[0.989194,-0.0697115,0.128982],[0.07204,0.997311,-0.0134708],[-0.127696,0.0226171,0.991555]],"s":0.862213,"t":[-7.79191,-12.7869,7.46517],"timestamp":669716062635},false],[3,{"currentFrameRate":51.9737,"devices":[],"gestures":[],"hands":[{"armBasis":[[0.652277,-0.755936,-0.0556438],[0.733908,0.648211,-0.202984],[0.189512,0.0915643,0.9776]],"armWidth":62.1429,"confidence":0.643738,"direction":[0.42151,0.374046,-0.826087],"elbow":[38.2706,321.041,328.212],"grabStrength":0.516969,"id":997,"palmNormal":[-0.620064,-0.545842,-0.56354],"palmPosition":[3.03553,319.904,24.9275],"palmVelocity":[7.33041,94.7464,-193.712],"palmWidth":88.738,"pinchStrength":0.671659,"r":[[0.988679,-0.0767056,0.128961],[0.0785525,0.996867,-0.00928871],[-0.127844,0.0193137,0.991606]],"s":0.861952,"sphereCenter":[-13.2319,290.811,-13.4674],"sphereRadius":45.2012,"stabilizedPalmPosition":[-2.13625,282.999,53.2145],"t":[-7.65698,-10.9942,3.79157],"timeVisible":10.9216,"type":"right","wrist":[-11.6311,296.931,70.7925]}],"id":4982126,"interactionBox":{"center":[0,200,0],"size":[235.247,235.247,147.751]},"pointables":[{"bases":[[[0.903119,0.259501,0.342103],[-0.419734,0.701537,0.575908],[-0.0905493,-0.663705,0.742493]],[[0.869264,0.493267,0.0326689],[-0.460861,0.7847,0.414553],[0.17885,-0.375412,0.909439]],[[0.869264,0.493267,0.0326689],[-0.491598,0.8695,-0.0479715],[-0.0520684,0.0256399,0.998314]],[[0.869264,0.493267,0.0326689],[-0.417755,0.768311,-0.484953],[-0.264311,0.407905,0.87393]]],"btipPosition":[-38.9085,318.892,-29.7507],"carpPosition":[-37.9658,310.779,67.6654],"dipPosition":[-44.9412,328.202,-9.80377],"direction":[0.0520684,-0.0256399,-0.998314],"extended":false,"handId":997,"id":9970,"length":50.8265,"mcpPosition":[-37.9658,310.779,67.6654],"pipPosition":[-46.6726,329.055,23.3919],"stabilizedTipPosition":[-43.0027,289.247,13.8279],"timeVisible":10.9216,"tipPosition":[-39.4998,322.141,-24.9467],"tipVelocity":[-0.174761,102.225,-196.099],"tool":false,"touchDistance":-0.776554,"touchZone":"hovering","type":0,"width":19.7488},{"bases":[[[0.723081,-0.676317,-0.140529],[0.658362,0.613176,0.436549],[-0.209077,-0.40818,0.888637]],[[0.719344,-0.6833,-0.125085],[0.643672,0.723365,-0.249858],[0.26121,0.0992198,0.960169]],[[0.719344,-0.6833,-0.125085],[0.609854,0.707423,-0.357255],[0.332601,0.180705,0.925593]],[[0.719344,-0.6833,-0.125085],[0.58506,0.693029,-0.421208],[0.374499,0.229811,0.898297]]],"btipPosition":[-26.5618,336.234,-70.9988],"carpPosition":[-16.538,319.194,69.7764],"dipPosition":[-20.3216,340.063,-56.0307],"direction":[-0.332601,-0.180705,-0.925593],"extended":true,"handId":997,"id":9971,"length":57.352,"mcpPosition":[-1.53704,348.48,6.01777],"pipPosition":[-12.4815,344.323,-34.2124],"stabilizedTipPosition":[-27.9189,325.081,-51.4241],"timeVisible":10.9216,"tipPosition":[-26.0836,336,-66.8682],"tipVelocity":[31.8133,121.633,-206.501],"tool":false,"touchDistance":-0.80007,"touchZone":"hovering","type":1,"width":18.8641},{"bases":[[[0.565286,-0.819801,-0.0915274],[0.766379,0.480898,0.42591],[-0.305146,-0.310906,0.900124]],[[0.557441,-0.827354,-0.0688822],[0.518666,0.411837,-0.74925],[0.648264,0.381935,0.658695]],[[0.557441,-0.827354,-0.0688822],[-0.435282,-0.220607,-0.872847],[0.706958,0.516544,-0.483108]],[[0.557441,-0.827354,-0.0688822],[-0.747847,-0.464372,-0.474429],[0.360534,0.315979,-0.877595]]],"btipPosition":[-42.6591,295.496,5.59349],"carpPosition":[-6.73518,312.412,68.3212],"dipPosition":[-36.0516,301.287,-10.4901],"direction":[-0.706958,-0.516544,0.483108],"extended":false,"handId":997,"id":9972,"length":65.348,"mcpPosition":[14.0274,333.566,7.07566],"pipPosition":[-16.4459,315.612,-23.8879],"stabilizedTipPosition":[-43.2391,258.289,42.4401],"timeVisible":10.9216,"tipPosition":[-41.1182,296.886,1.94341],"tipVelocity":[-1.99453,111.26,-198.95],"tool":false,"touchDistance":0.333333,"touchZone":"none","type":2,"width":18.527},{"bases":[[[0.454828,-0.890522,0.0100861],[0.79469,0.410942,0.44676],[-0.401994,-0.195183,0.894597]],[[0.468884,-0.882989,-0.021847],[0.566198,0.319462,-0.759844],[0.677914,0.34391,0.649738]],[[0.468884,-0.882989,-0.021847],[-0.447239,-0.216018,-0.867936],[0.761659,0.416733,-0.496195]],[[0.468884,-0.882989,-0.021847],[-0.782807,-0.403975,-0.473305],[0.409097,0.239027,-0.880628]]],"btipPosition":[-32.0919,284.633,13.3734],"carpPosition":[0.921368,303.309,66.8838],"dipPosition":[-24.6375,288.989,-2.67298],"direction":[-0.761659,-0.416733,0.496195],"extended":false,"handId":997,"id":9973,"length":62.8339,"mcpPosition":[25.4791,315.233,12.2332],"pipPosition":[-4.06021,300.247,-16.0784],"stabilizedTipPosition":[-31.1812,243.541,50.0331],"timeVisible":10.9216,"tipPosition":[-30.3764,285.678,10.5628],"tipVelocity":[-2.7469,108.876,-247.216],"tool":false,"touchDistance":0.333333,"touchZone":"none","type":3,"width":17.6296},{"bases":[[[0.267644,-0.962704,0.0396011],[0.8171,0.248562,0.520158],[-0.510602,-0.106859,0.853151]],[[0.265452,-0.963153,0.0432601],[0.648298,0.145105,-0.747432],[0.713614,0.226453,0.662928]],[[0.265452,-0.963153,0.0432601],[-0.453374,-0.164301,-0.876047],[0.850875,0.212935,-0.480282]],[[0.265452,-0.963153,0.0432601],[-0.82497,-0.250131,-0.506812],[0.498959,0.098846,-0.86097]]],"btipPosition":[-17.2429,282.298,17.1674],"carpPosition":[3.10866,289.787,64.6393],"dipPosition":[-8.8553,283.96,2.69434],"direction":[-0.850875,-0.212935,0.480282],"extended":false,"handId":997,"id":9974,"length":49.2606,"mcpPosition":[31.9832,295.83,16.3936],"pipPosition":[7.3749,288.021,-6.46691],"stabilizedTipPosition":[-15.6094,242.008,51.349],"timeVisible":10.9216,"tipPosition":[-15.2165,282.757,13.3397],"tipVelocity":[-7.99777,100.785,-192.951],"tool":false,"touchDistance":0.333333,"touchZone":"none","type":4,"width":15.66}],"r":[[0.988679,-0.0767056,0.128961],[0.0785525,0.996867,-0.00928871],[-0.127844,0.0193137,0.991606]],"s":0.861952,"t":[-7.65698,-10.9942,3.79157],"timestamp":669716081788},false],[4,{"currentFrameRate":52.1369,"devices":[],"gestures":[],"hands":[{"armBasis":[[0.663908,-0.746133,-0.0501082],[0.724746,0.658497,-0.202793],[0.184307,0.0983201,0.977939]],"armWidth":62.1429,"confidence":0.651512,"direction":[0.420578,0.383023,-0.82244],"elbow":[36.9505,323.978,325.191],"grabStrength":0.504714,"id":997,"palmNormal":[-0.609173,-0.552555,-0.568851],"palmPosition":[3.00379,321.435,21.9806],"palmVelocity":[2.95054,88.7556,-176.687],"palmWidth":88.738,"pinchStrength":0.675092,"r":[[0.988323,-0.0795756,0.12994],[0.0809271,0.996707,-0.0051451],[-0.129103,0.0156007,0.991509]],"s":0.861357,"sphereCenter":[-12.6621,292.23,-16.6986],"sphereRadius":45.2606,"stabilizedPalmPosition":[-2.07146,283.483,52.8208],"t":[-7.60538,-9.33242,0.481332],"timeVisible":10.9402,"type":"right","wrist":[-11.5807,298.088,67.6828]}],"id":4982127,"interactionBox":{"center":[0,200,0],"size":[235.247,235.247,147.751]},"pointables":[{"bases":[[[0.897472,0.271084,0.347934],[-0.43279,0.693383,0.57612],[-0.085075,-0.667633,0.739613]],[[0.861469,0.506412,0.0376616],[-0.47472,0.77678,0.413829],[0.180313,-0.374379,0.909575]],[[0.861469,0.506412,0.0376616],[-0.504685,0.862025,-0.0469749],[-0.0562538,0.0214602,0.998186]],[[0.861469,0.506412,0.0376616],[-0.427957,0.763926,-0.48298],[-0.273357,0.399955,0.874821]]],"btipPosition":[-38.7611,319.954,-32.9768],"carpPosition":[-38.0928,311.571,64.462],"dipPosition":[-45.0003,329.083,-13.0095],"direction":[0.0562538,-0.0214602,-0.998186],"extended":false,"handId":997,"id":9970,"length":50.8265,"mcpPosition":[-38.0928,311.571,64.462],"pipPosition":[-46.8709,329.796,20.1819],"stabilizedTipPosition":[-42.9528,289.829,13.0785],"timeVisible":10.9402,"tipPosition":[-39.4114,323.138,-28.1547],"tipVelocity":[2.51356,79.3009,-185.076],"tool":false,"touchDistance":-0.775553,"touchZone":"hovering","type":0,"width":19.7488},{"bases":[[[0.733397,-0.665436,-0.139011],[0.647191,0.62089,0.442311],[-0.208019,-0.414356,0.886023]],[[0.730001,-0.671933,-0.12492],[0.63579,0.734715,-0.23657],[0.25074,0.0932736,0.963551]],[[0.730001,-0.671933,-0.12492],[0.603777,0.719684,-0.342794],[0.320237,0.174816,0.931068]],[[0.730001,-0.671933,-0.12492],[0.580181,0.705868,-0.406375],[0.361234,0.224178,0.905127]]],"btipPosition":[-25.9474,338.247,-74.2526],"carpPosition":[-16.7989,320.282,66.7196],"dipPosition":[-19.9283,341.983,-59.1707],"direction":[-0.320237,-0.174816,-0.931068],"extended":true,"handId":997,"id":9971,"length":57.352,"mcpPosition":[-1.87383,350.012,3.14853],"pipPosition":[-12.3796,346.104,-37.2234],"stabilizedTipPosition":[-27.5925,326.445,-53.307],"timeVisible":10.9402,"tipPosition":[-25.5176,337.924,-70.1093],"tipVelocity":[31.0926,114.637,-190.599],"tool":false,"touchDistance":-0.796811,"touchZone":"hovering","type":1,"width":18.8641},{"bases":[[[0.577402,-0.81133,-0.0913808],[0.75714,0.490204,0.431787],[-0.305527,-0.318503,0.897335]],[[0.569628,-0.818998,-0.0690431],[0.518074,0.423001,-0.743418],[0.638063,0.387702,0.665254]],[[0.569628,-0.818998,-0.0690431],[-0.425955,-0.222327,-0.877002],[0.702913,0.528974,-0.4755]],[[0.569628,-0.818998,-0.0690431],[-0.738092,-0.472777,-0.481354],[0.361586,0.325153,-0.873803]]],"btipPosition":[-42.2183,296.464,2.16678],"carpPosition":[-6.89271,313.646,65.2935],"dipPosition":[-35.5916,302.423,-13.8473],"direction":[-0.702913,-0.528974,0.4755],"extended":false,"handId":997,"id":9972,"length":65.348,"mcpPosition":[13.8957,335.317,4.23774],"pipPosition":[-16.098,317.093,-27.0342],"stabilizedTipPosition":[-43.1905,259.044,41.6007],"timeVisible":10.9402,"tipPosition":[-40.6817,297.883,-1.41507],"tipVelocity":[10.582,83.5746,-191.482],"tool":false,"touchDistance":0.333333,"touchZone":"none","type":2,"width":18.527},{"bases":[[[0.467418,-0.883987,0.00937723],[0.786332,0.420582,0.45254],[-0.403983,-0.204152,0.891695]],[[0.481997,-0.875857,-0.0235108],[0.577555,0.337787,-0.743189],[0.658869,0.344636,0.668668]],[[0.481997,-0.875857,-0.0235108],[-0.425346,-0.210446,-0.880223],[0.766002,0.434265,-0.473977]],[[0.481997,-0.875857,-0.0235108],[-0.769026,-0.410043,-0.49037],[0.419854,0.254437,-0.871197]]],"btipPosition":[-31.4748,285.744,8.93522],"carpPosition":[0.900487,304.658,63.8652],"dipPosition":[-23.8244,290.381,-6.93936],"direction":[-0.766002,-0.434265,0.473977],"extended":false,"handId":997,"id":9973,"length":62.8339,"mcpPosition":[25.5797,317.13,9.3919],"pipPosition":[-3.12974,302.113,-19.7445],"stabilizedTipPosition":[-31.1662,243.984,49.575],"timeVisible":10.9402,"tipPosition":[-29.7443,286.834,6.40995],"tipVelocity":[15.8532,86.7775,-242.122],"tool":false,"touchDistance":0.333333,"touchZone":"none","type":3,"width":17.6296},{"bases":[[[0.281126,-0.958933,0.0376157],[0.810659,0.25827,0.525479],[-0.513614,-0.117232,0.849975]],[[0.278741,-0.959467,0.0415578],[0.651152,0.157009,-0.742529],[0.705907,0.234034,0.668524]],[[0.278741,-0.959467,0.0415578],[-0.445242,-0.167449,-0.879614],[0.850919,0.226681,-0.47387]],[[0.278741,-0.959467,0.0415578],[-0.818228,-0.259919,-0.512781],[0.502798,0.108929,-0.857513]]],"btipPosition":[-16.6884,283.582,13.9187],"carpPosition":[3.2924,291.178,61.5844],"dipPosition":[-8.23625,285.413,-0.496242],"direction":[-0.850919,-0.226681,0.47387],"extended":false,"handId":997,"id":9974,"length":49.2606,"mcpPosition":[32.3373,297.807,13.5182],"pipPosition":[7.99479,289.737,-9.53517],"stabilizedTipPosition":[-15.598,242.563,50.8106],"timeVisible":10.9402,"tipPosition":[-14.652,284.077,10.1447],"tipVelocity":[10.7252,86.438,-183.817],"tool":false,"touchDistance":0.333333,"touchZone":"none","type":4,"width":15.66}],"r":[[0.988323,-0.0795756,0.12994],[0.0809271,0.996707,-0.0051451],[-0.129103,0.0156007,0.991509]],"s":0.861357,"t":[-7.60538,-9.33242,0.481332],"timestamp":669716100371},false],[5,{"currentFrameRate":52.2001,"devices":[],"gestures":[],"hands":[{"armBasis":[[0.671886,-0.739283,-0.0450523],[0.721565,0.667078,-0.185339],[0.167071,0.0920183,0.981641]],"armWidth":62.1429,"confidence":0.659432,"direction":[0.419875,0.395245,-0.816998],"elbow":[32.4784,323.033,323.304],"grabStrength":0.493321,"id":997,"palmNormal":[-0.603562,-0.550684,-0.576593],"palmPosition":[3.01602,322.764,19.4197],"palmVelocity":[1.81942,79.6566,-156.375],"palmWidth":88.738,"pinchStrength":0.681113,"r":[[0.988083,-0.0807005,0.13107],[0.0813463,0.996686,0.000428525],[-0.13067,0.0102386,0.991373]],"s":0.860897,"sphereCenter":[-12.3666,293.888,-19.6916],"sphereRadius":45.3075,"stabilizedPalmPosition":[-2.01785,283.897,52.4689],"t":[-7.57347,-7.83703,-2.4542],"timeVisible":10.9591,"type":"right","wrist":[-11.5144,298.803,64.8204]}],"id":4982128,"interactionBox":{"center":[0,200,0],"size":[235.247,235.247,147.751]},"pointables":[{"bases":[[[0.89452,0.273827,0.353346],[-0.439434,0.683713,0.58261],[-0.0820525,-0.676428,0.731924]],[[0.857091,0.513272,0.0441182],[-0.482124,0.768997,0.419763],[0.181526,-0.381045,0.906561]],[[0.857091,0.513272,0.0441182],[-0.511946,0.858165,-0.0382569],[-0.0574969,0.0102035,0.998294]],[[0.857091,0.513272,0.0441182],[-0.434373,0.766064,-0.473779],[-0.276975,0.386908,0.879538]]],"btipPosition":[-38.7208,321.504,-35.7254],"carpPosition":[-38.1174,312.124,61.6779],"dipPosition":[-45.0426,330.335,-15.6505],"direction":[0.0574969,-0.0102035,-0.998294],"extended":false,"handId":997,"id":9970,"length":50.8265,"mcpPosition":[-38.1174,312.124,61.6779],"pipPosition":[-46.9545,330.674,17.5445],"stabilizedTipPosition":[-42.9148,290.29,12.4738],"timeVisible":10.9591,"tipPosition":[-39.3967,324.593,-30.8557],"tipVelocity":[1.83313,78.8012,-164.875],"tool":false,"touchDistance":-0.767189,"touchZone":"hovering","type":0,"width":19.7488},{"bases":[[[0.73868,-0.658406,-0.144408],[0.641402,0.620702,0.450924],[-0.207257,-0.425711,0.880803]],[[0.735666,-0.664378,-0.131901],[0.63181,0.743267,-0.219935],[0.244157,0.0784624,0.966556]],[[0.735666,-0.664378,-0.131901],[0.600884,0.730006,-0.325623],[0.312625,0.160292,0.936254]],[[0.735666,-0.664378,-0.131901],[0.577976,0.717262,-0.389202],[0.353184,0.210087,0.91166]]],"btipPosition":[-25.5085,340.945,-76.8651],"carpPosition":[-16.8947,320.967,64.0896],"dipPosition":[-19.6235,344.446,-61.6744],"direction":[-0.312625,-0.160292,-0.936254],"extended":true,"handId":997,"id":9971,"length":57.352,"mcpPosition":[-2.02431,351.512,0.89301],"pipPosition":[-12.2543,348.224,-39.6048],"stabilizedTipPosition":[-27.2743,327.862,-55.1642],"timeVisible":10.9591,"tipPosition":[-25.0947,340.518,-72.7274],"tipVelocity":[26.4135,126.927,-164.151],"tool":false,"touchDistance":-0.784276,"touchZone":"hovering","type":1,"width":18.8641},{"bases":[[[0.583648,-0.805971,-0.0988217],[0.752345,0.490958,0.439246],[-0.305503,-0.330713,0.892915]],[[0.576004,-0.813816,-0.0769608],[0.519336,0.437024,-0.734371],[0.631276,0.383032,0.674371]],[[0.576004,-0.813816,-0.0769608],[-0.419267,-0.213298,-0.882451],[0.701737,0.540562,-0.464067]],[[0.576004,-0.813816,-0.0769608],[-0.732354,-0.471927,-0.490858],[0.363148,0.339099,-0.867834]]],"btipPosition":[-41.9401,297.712,-1.06436],"carpPosition":[-6.93579,314.421,62.6167],"dipPosition":[-35.2847,303.926,-16.9691],"direction":[-0.701737,-0.540562,0.464067],"extended":false,"handId":997,"id":9972,"length":65.348,"mcpPosition":[13.851,336.923,1.86163],"pipPosition":[-15.8237,318.918,-29.8388],"stabilizedTipPosition":[-43.1529,259.585,40.9754],"timeVisible":10.9591,"tipPosition":[-40.4096,299.173,-4.5271],"tipVelocity":[12.7755,76.4476,-180.641],"tool":false,"touchDistance":0.333333,"touchZone":"none","type":2,"width":18.527},{"bases":[[[0.473942,-0.880555,0.000825971],[0.781999,0.421327,0.459304],[-0.404791,-0.217038,0.888279]],[[0.488839,-0.871765,-0.0326003],[0.581246,0.353343,-0.733009],[0.650531,0.339375,0.679437]],[[0.488839,-0.871765,-0.0326003],[-0.416347,-0.2003,-0.886868],[0.766611,0.447109,-0.460871]],[[0.488839,-0.871765,-0.0326003],[-0.762731,-0.408964,-0.500989],[0.423413,0.269768,-0.864839]]],"btipPosition":[-31.1162,286.984,5.44925],"carpPosition":[0.927634,305.508,61.1098],"dipPosition":[-23.401,291.899,-10.3095],"direction":[-0.766611,-0.447109,0.460871],"extended":false,"handId":997,"id":9973,"length":62.8339,"mcpPosition":[25.6562,318.766,6.84511],"pipPosition":[-2.68992,303.978,-22.7605],"stabilizedTipPosition":[-31.1533,244.298,49.2355],"timeVisible":10.9591,"tipPosition":[-29.3887,288.116,2.98234],"tipVelocity":[17.7571,77.9885,-212.994],"tool":false,"touchDistance":0.333333,"touchZone":"none","type":3,"width":17.6296},{"bases":[[[0.288139,-0.957187,0.0277273],[0.80734,0.258399,0.530502],[-0.514954,-0.130473,0.84723]],[[0.285367,-0.957875,0.0322811],[0.655271,0.170415,-0.73592],[0.699418,0.23116,0.676298]],[[0.285367,-0.957875,0.0322811],[-0.437764,-0.160232,-0.884697],[0.852601,0.238332,-0.465048]],[[0.285367,-0.957875,0.0322811],[-0.8134,-0.259865,-0.520433],[0.506898,0.122257,-0.853292]]],"btipPosition":[-16.3567,284.877,10.6681],"carpPosition":[3.42555,292.071,58.6859],"dipPosition":[-7.83566,286.932,-3.67592],"direction":[-0.852601,-0.238332,0.465048],"extended":false,"handId":997,"id":9974,"length":49.2606,"mcpPosition":[32.5462,299.449,10.7749],"pipPosition":[8.42747,291.478,-12.5466],"stabilizedTipPosition":[-15.5859,242.994,50.3732],"timeVisible":10.9591,"tipPosition":[-14.3178,285.417,7.02217],"tipVelocity":[14.474,78.9305,-177.473],"tool":false,"touchDistance":0.333333,"touchZone":"none","type":4,"width":15.66}],"r":[[0.988083,-0.0807005,0.13107],[0.0813463,0.996686,0.000428525],[-0.13067,0.0102386,0.991373]],"s":0.860897,"t":[-7.57347,-7.83703,-2.4542],"timestamp":669716119297},false],[6,{"currentFrameRate":52.3213,"devices":[],"gestures":[],"hands":[{"armBasis":[[0.664321,-0.746393,-0.0396925],[0.728507,0.658451,-0.188996],[0.167201,0.0966379,0.981175]],"armWidth":62.1429,"confidence":0.578324,"direction":[0.421665,0.394246,-0.816559],"elbow":[32.5155,324.87,321.095],"grabStrength":0.480955,"id":997,"palmNormal":[-0.612624,-0.540047,-0.577097],"palmPosition":[3.14417,323.439,17.4028],"palmVelocity":[4.27191,58.5126,-132.866],"palmWidth":88.738,"pinchStrength":0.699233,"r":[[0.987784,-0.0842152,0.131115],[0.0841745,0.996434,0.00586256],[-0.131141,0.00524556,0.99135]],"s":0.860376,"sphereCenter":[-12.8138,294.991,-21.8901],"sphereRadius":45.3699,"stabilizedPalmPosition":[-1.9783,284.2,52.2002],"t":[-7.49344,-6.75168,-4.93041],"timeVisible":10.9778,"type":"right","wrist":[-11.5115,299.424,62.7344]}],"id":4982129,"interactionBox":{"center":[0,200,0],"size":[235.247,235.247,147.751]},"pointables":[{"bases":[[[0.89923,0.260746,0.351278],[-0.42859,0.686089,0.587871],[-0.0877233,-0.679186,0.728705]],[[0.863178,0.503142,0.0420992],[-0.471257,0.772928,0.424852],[0.181221,-0.386562,0.904284]],[[0.863178,0.503142,0.0420992],[-0.502266,0.86419,-0.0300701],[-0.0515113,0.00481088,0.998661]],[[0.863178,0.503142,0.0420992],[-0.428632,0.774303,-0.465542],[-0.266831,0.3838,0.884024]]],"btipPosition":[-38.9763,322.992,-37.642],"carpPosition":[-37.9572,313.094,59.765],"dipPosition":[-45.0666,331.752,-17.4647],"direction":[0.0515113,-0.00481088,-0.998661],"extended":false,"handId":997,"id":9970,"length":50.8265,"mcpPosition":[-37.9572,313.094,59.765],"pipPosition":[-46.7794,331.912,15.7425],"stabilizedTipPosition":[-42.8824,290.734,11.8926],"timeVisible":10.9778,"tipPosition":[-39.5728,325.997,-32.7407],"tipVelocity":[-4.32591,78.8105,-134.008],"tool":false,"touchDistance":-0.7472,"touchZone":"hovering","type":0,"width":19.7488},{"bases":[[[0.729807,-0.666835,-0.150712],[0.650859,0.610244,0.451647],[-0.209202,-0.427707,0.879375]],[[0.727158,-0.672084,-0.139802],[0.641235,0.73771,-0.21119],[0.245071,0.0639228,0.967396]],[[0.727158,-0.672084,-0.139802],[0.610416,0.726216,-0.316232],[0.314061,0.144613,0.938325]],[[0.727158,-0.672084,-0.139802],[0.587495,0.714619,-0.379696],[0.355093,0.193966,0.914487]]],"btipPosition":[-25.1944,343.026,-78.8434],"carpPosition":[-16.6162,321.657,62.14],"dipPosition":[-19.2776,346.258,-63.6055],"direction":[-0.314061,-0.144613,-0.938325],"extended":true,"handId":997,"id":9971,"length":57.352,"mcpPosition":[-1.60622,352.345,-0.95414],"pipPosition":[-11.8745,349.666,-41.4871],"stabilizedTipPosition":[-26.9549,329.338,-57.0369],"timeVisible":10.9778,"tipPosition":[-24.7858,342.506,-74.7093],"tipVelocity":[21.9425,117.785,-135.571],"tool":false,"touchDistance":-0.763693,"touchZone":"hovering","type":1,"width":18.8641},{"bases":[[[0.573112,-0.812684,-0.105291],[0.76012,0.479184,0.438862],[-0.306202,-0.331551,0.892364]],[[0.565699,-0.82031,-0.0841245],[0.530581,0.440183,-0.724377],[0.631244,0.365144,0.684252]],[[0.565699,-0.82031,-0.0841245],[-0.415446,-0.195392,-0.888384],[0.712313,0.537507,-0.451328]],[[0.565699,-0.82031,-0.0841245],[-0.736557,-0.456785,-0.49883],[0.370768,0.34415,-0.862607]]],"btipPosition":[-42.134,299.175,-3.96291],"carpPosition":[-6.74589,314.994,60.5942],"dipPosition":[-35.339,305.483,-19.7718],"direction":[-0.712313,-0.537507,0.451328],"extended":false,"handId":997,"id":9972,"length":65.348,"mcpPosition":[14.0885,337.554,-0.123386],"pipPosition":[-15.5847,320.389,-32.2883],"stabilizedTipPosition":[-43.1263,260.008,40.4753],"timeVisible":10.9778,"tipPosition":[-40.5927,300.613,-7.10297],"tipVelocity":[2.35025,77.948,-167.719],"tool":false,"touchDistance":0.333333,"touchZone":"none","type":2,"width":18.527},{"bases":[[[0.462863,-0.886412,-0.0056068],[0.788975,0.409084,0.458441],[-0.404074,-0.216619,0.888707]],[[0.477773,-0.877612,-0.0391188],[0.582481,0.349808,-0.733723],[0.657608,0.327767,0.678321]],[[0.477773,-0.877612,-0.0391188],[-0.422595,-0.190565,-0.886058],[0.77016,0.439866,-0.461921]],[[0.477773,-0.877612,-0.0391188],[-0.769848,-0.396824,-0.499865],[0.423164,0.268937,-0.865219]]],"btipPosition":[-31.4881,288.159,3.4075],"carpPosition":[0.999315,305.991,59.0103],"dipPosition":[-23.7774,293.059,-12.3582],"direction":[-0.77016,-0.439865,0.461921],"extended":false,"handId":997,"id":9973,"length":62.8339,"mcpPosition":[25.6841,319.225,4.71943],"pipPosition":[-2.97043,304.943,-24.8376],"stabilizedTipPosition":[-31.1452,244.549,48.9587],"timeVisible":10.9778,"tipPosition":[-29.7555,289.284,0.907977],"tipVelocity":[-0.588006,70.5762,-162.645],"tool":false,"touchDistance":0.333333,"touchZone":"none","type":3,"width":17.6296},{"bases":[[[0.276218,-0.960852,0.021619],[0.812544,0.245479,0.52869],[-0.5133,-0.128467,0.84854]],[[0.272962,-0.961646,0.026991],[0.659422,0.166601,-0.733081],[0.700468,0.217902,0.679606]],[[0.272962,-0.961646,0.026991],[-0.437421,-0.149052,-0.886818],[0.856828,0.230262,-0.46133]],[[0.272962,-0.961646,0.026991],[-0.816367,-0.246386,-0.522339],[0.508955,0.120544,-0.852311]]],"btipPosition":[-16.708,285.87,8.21341],"carpPosition":[3.31924,292.538,56.5067],"dipPosition":[-8.15234,287.896,-6.1141],"direction":[-0.856828,-0.230262,0.46133],"extended":false,"handId":997,"id":9974,"length":49.2606,"mcpPosition":[32.3464,299.803,8.52172],"pipPosition":[8.19141,292.288,-14.9138],"stabilizedTipPosition":[-15.5797,243.311,50.0407],"timeVisible":10.9778,"tipPosition":[-14.6797,286.389,4.71551],"tipVelocity":[-1.50377,66.2432,-155.007],"tool":false,"touchD