{"sensorType":"Leap","data":[[0,{"currentFrameRate":52.9009,"devices":[],"gestures":[],"hands":[{"armBasis":[[0.673715,-0.734172,-0.0842605],[0.708409,0.674085,-0.209203],[0.210389,0.081252,0.974235]],"armWidth":62.1429,"confidence":0.606827,"direction":[0.432459,0.350256,-0.830843],"elbow":[43.2094,304.014,343.469],"grabStrength":0.521401,"id":997,"palmNormal":[-0.57128,-0.606469,-0.553022],"palmPosition":[2.99228,303.816,40.3884],"palmVelocity":[-1.95359,171.84,-212.958],"palmWidth":88.738,"pinchStrength":0.612499,"r":[[0.985391,-0.028236,0.167948],[0.0436948,0.995066,-0.0890741],[-0.164604,0.0951113,0.981763]],"s":0.86023,"sphereCenter":[-11.0428,271.525,2.61105],"sphereRadius":45.6504,"stabilizedPalmPosition":[-1.49969,277.054,38.9658],"t":[-7.52925,-28.5694,19.6455],"timeVisible":17.2419,"type":"right","wrist":[-12.1898,282.618,86.9357]}],"id":4982458,"interactionBox":{"center":[0,200,0],"size":[235.247,235.247,147.751]},"pointables":[{"bases":[[[0.87606,0.323556,0.357534],[-0.474697,0.708994,0.521526],[-0.0847467,-0.626609,0.774712]],[[0.855645,0.510587,0.0846916],[-0.49874,0.769682,0.398559],[0.138313,-0.383264,0.913224]],[[0.855645,0.510587,0.0846916],[-0.506158,0.859673,-0.0690343],[-0.108055,0.0162016,0.994013]],[[0.855645,0.510587,0.0846916],[-0.426099,0.787825,-0.444715],[-0.293788,0.344431,0.891659]]],"btipPosition":[-35.4795,305.165,-15.707],"carpPosition":[-39.0446,294.907,82.1549],"dipPosition":[-42.185,313.027,4.64452],"direction":[0.108055,-0.0162016,-0.994013],"extended":false,"handId":997,"id":9970,"length":50.8265,"mcpPosition":[-39.0446,294.907,82.1549],"pipPosition":[-45.778,313.565,37.6972],"stabilizedTipPosition":[-40.4071,279.891,-10.1154],"timeVisible":17.2419,"tipPosition":[-36.2861,307.549,-10.6432],"tipVelocity":[-10.0652,203.315,-219.447],"tool":false,"touchDistance":-0.338715,"touchZone":"hovering","type":0,"width":19.7488},{"bases":[[[0.760288,-0.644862,-0.0782037],[0.610826,0.668758,0.423857],[-0.22103,-0.370022,0.902347]],[[0.761648,-0.642547,-0.0838165],[0.603548,0.750528,-0.269141],[0.235842,0.154403,0.959447]],[[0.761648,-0.642547,-0.0838165],[0.552311,0.71138,-0.434616],[0.338887,0.284732,0.896707]],[[0.761648,-0.642547,-0.0838165],[0.511951,0.675986,-0.530046],[0.397238,0.360799,0.843816]]],"btipPosition":[-26.781,311.869,-55.6204],"carpPosition":[-18.1507,304.513,84.5194],"dipPosition":[-20.162,317.88,-41.5601],"direction":[-0.338887,-0.284732,-0.896707],"extended":true,"handId":997,"id":9971,"length":57.352,"mcpPosition":[-2.29207,331.062,19.7772],"pipPosition":[-12.1737,324.592,-20.4228],"stabilizedTipPosition":[-27.0716,295.541,-47.3951],"timeVisible":17.2419,"tipPosition":[-24.984,313.994,-52.5591],"tipVelocity":[5.83224,246.677,-212.264],"tool":false,"touchDistance":-0.271512,"touchZone":"hovering","type":1,"width":18.8641},{"bases":[[[0.60809,-0.793419,-0.0266782],[0.725567,0.541822,0.424242],[-0.322147,-0.277334,0.905156]],[[0.598341,-0.801241,-0.0000145248],[0.554024,0.41374,-0.72241],[0.578831,0.43224,0.691465]],[[0.598341,-0.801241,-0.0000145248],[-0.349485,-0.260968,-0.899865],[0.721005,0.538431,-0.436169]],[[0.598341,-0.801241,-0.0000145248],[-0.686844,-0.512904,-0.514951],[0.412593,0.308126,-0.85722]]],"btipPosition":[-40.8249,276.148,17.49],"carpPosition":[-7.97793,298.175,83.7757],"dipPosition":[-33.2634,281.795,1.77985],"direction":[-0.721005,-0.538431,0.436169],"extended":false,"handId":997,"id":9972,"length":65.348,"mcpPosition":[13.9414,317.045,22.1877],"pipPosition":[-13.268,296.727,-10.3163],"stabilizedTipPosition":[-44.8132,247.058,3.52458],"timeVisible":17.2419,"tipPosition":[-39.1282,277.432,14.4642],"tipVelocity":[1.55268,189.869,-243.306],"tool":false,"touchDistance":0.333333,"touchZone":"none","type":2,"width":18.527},{"bases":[[[0.497618,-0.864156,0.074909],[0.756519,0.474635,0.44989],[-0.424329,-0.167203,0.889937]],[[0.510695,-0.85848,0.0469314],[0.578885,0.302983,-0.75703],[0.635676,0.413779,0.651693]],[[0.510695,-0.85848,0.0469314],[-0.394017,-0.282212,-0.874704],[0.764161,0.428215,-0.48238]],[[0.510695,-0.85848,0.0469314],[-0.736486,-0.464981,-0.491304],[0.443597,0.216342,-0.869723]]],"btipPosition":[-30.3378,266.087,29.2231],"carpPosition":[0.166714,289.413,83.1059],"dipPosition":[-22.2548,270.029,13.3754],"direction":[-0.764161,-0.428215,0.48238],"extended":false,"handId":997,"id":9973,"length":62.8339,"mcpPosition":[26.0889,299.628,28.74],"pipPosition":[-1.60994,281.598,0.343239],"stabilizedTipPosition":[-33.198,236.275,19.0506],"timeVisible":17.2419,"tipPosition":[-28.4821,267.001,26.1712],"tipVelocity":[0.852646,180.897,-246.968],"tool":false,"touchDistance":0.333333,"touchZone":"none","type":3,"width":17.6296},{"bases":[[[0.313277,-0.944165,0.102035],[0.784227,0.3178,0.532909],[-0.53558,-0.0869296,0.839998]],[[0.320071,-0.942981,0.0913298],[0.696313,0.168781,-0.697611],[0.64242,0.28688,0.710631]],[[0.320071,-0.942981,0.0913298],[-0.359475,-0.210073,-0.909201],[0.876546,0.258179,-0.406216]],[[0.320071,-0.942981,0.0913298],[-0.763697,-0.313857,-0.564146],[0.560643,0.110818,-0.820609]]],"btipPosition":[-14.9101,264.157,31.2267],"carpPosition":[3.10042,275.921,81.6911],"dipPosition":[-5.48559,266.019,17.4321],"direction":[-0.876546,-0.258179,0.406216],"extended":false,"handId":997,"id":9974,"length":49.2606,"mcpPosition":[33.3875,280.837,34.1891],"pipPosition":[11.2343,270.944,9.68363],"stabilizedTipPosition":[-17.6509,234.749,21.9775],"timeVisible":17.2419,"tipPosition":[-12.7549,264.614,28.3709],"tipVelocity":[0.945623,179.775,-246.742],"tool":false,"touchDistance":0.333333,"touchZone":"none","type":4,"width":15.66}],"r":[[0.985391,-0.028236,0.167948],[0.0436948,0.995066,-0.0890741],[-0.164604,0.0951113,0.981763]],"s":0.86023,"t":[-7.52925,-28.5694,19.6455],"timestamp":669722402019},false],[1,{"currentFrameRate":52.9775,"devices":[],"gestures":[],"hands":[{"armBasis":[[0.669511,-0.738067,-0.0837357],[0.710618,0.669243,-0.217106],[0.216278,0.0858507,0.97255]],"armWidth":62.1429,"confidence":0.612941,"direction":[0.438193,0.368577,-0.81984],"elbow":[44.4584,307,339.315],"grabStrength":0.517842,"id":997,"palmNormal":[-0.573305,-0.58788,-0.570718],"palmPosition":[3.0232,306.681,37.3009],"palmVelocity":[-0.200319,163.219,-190.185],"palmWidth":88.738,"pinchStrength":0.613968,"r":[[0.9849,-0.0335969,0.169831],[0.0467097,0.996178,-0.0738146],[-0.166701,0.0806327,0.982705]],"s":0.860055,"sphereCenter":[-11.0357,275.399,-1.37977],"sphereRadius":45.7252,"stabilizedPalmPosition":[-1.25625,278.649,38.8762],"t":[-7.53181,-25.4968,16.0685],"timeVisible":17.2605,"type":"right","wrist":[-12.4915,284.394,83.2252]}],"id":4982459,"interactionBox":{"center":[0,200,0],"size":[235.247,235.247,147.751]},"pointables":[{"bases":[[[0.876873,0.307969,0.369118],[-0.471797,0.6986,0.537927],[-0.0922011,-0.645842,0.757883]],[[0.858358,0.503392,0.0990853],[-0.495476,0.763231,0.414707],[0.133135,-0.405062,0.904544]],[[0.858358,0.503392,0.0990853],[-0.501311,0.864005,-0.0467138],[-0.109126,-0.00957544,0.993982]],[[0.858358,0.503392,0.0990853],[-0.421226,0.80172,-0.424046],[-0.2929,0.322246,0.900204]]],"btipPosition":[-35.408,309.675,-18.9705],"carpPosition":[-39.2405,296.993,78.6629],"dipPosition":[-42.0932,317.03,1.57608],"direction":[0.109126,0.00957544,-0.993982],"extended":false,"handId":997,"id":9970,"length":50.8265,"mcpPosition":[-39.2405,296.993,78.6629],"pipPosition":[-45.7218,316.712,34.6277],"stabilizedTipPosition":[-39.9789,283.784,-10.6261],"timeVisible":17.2605,"tipPosition":[-36.1857,311.923,-13.8391],"tipVelocity":[-3.19798,219.267,-196.946],"tool":false,"touchDistance":-0.381456,"touchZone":"hovering","type":0,"width":19.7488},{"bases":[[[0.756066,-0.647996,-0.0920119],[0.613798,0.65321,0.443361],[-0.227193,-0.391687,0.891608]],[[0.757437,-0.645595,-0.0974469],[0.610402,0.753166,-0.245256],[0.23173,0.126284,0.964548]],[[0.757437,-0.645595,-0.0974469],[0.561166,0.720006,-0.40827],[0.33374,0.254555,0.907645]],[[0.757437,-0.645595,-0.0974469],[0.522275,0.688669,-0.502954],[0.391814,0.330062,0.858802]]],"btipPosition":[-26.0936,317.697,-58.7359],"carpPosition":[-18.2895,306.385,81.3547],"dipPosition":[-19.5649,323.197,-44.4259],"direction":[-0.33374,-0.254555,-0.907645],"extended":true,"handId":997,"id":9971,"length":57.352,"mcpPosition":[-1.98866,334.488,17.383],"pipPosition":[-11.6979,329.197,-23.0307],"stabilizedTipPosition":[-26.3322,302.525,-49.7955],"timeVisible":17.2605,"tipPosition":[-24.4086,319.553,-55.5278],"tipVelocity":[20.3841,275.944,-189.06],"tool":false,"touchDistance":-0.318565,"touchZone":"hovering","type":1,"width":18.8641},{"bases":[[[0.60263,-0.796755,-0.0449316],[0.727646,0.525496,0.44089],[-0.32767,-0.298388,0.896436]],[[0.592724,-0.805193,-0.0185249],[0.560134,0.428639,-0.708885],[0.57873,0.409797,0.705081]],[[0.592724,-0.805193,-0.0185249],[-0.347244,-0.234727,-0.907923],[0.726705,0.54458,-0.418726]],[[0.592724,-0.805193,-0.0185249],[-0.688165,-0.494358,-0.531073],[0.418458,0.327528,-0.847123]]],"btipPosition":[-40.8904,279.931,13.4844],"carpPosition":[-8.1584,299.997,80.4855],"dipPosition":[-33.2214,285.934,-2.04077],"direction":[-0.726705,-0.54458,0.418727],"extended":false,"handId":997,"id":9972,"length":65.348,"mcpPosition":[14.1367,320.3,19.4909],"pipPosition":[-13.0679,301.036,-13.6532],"stabilizedTipPosition":[-44.4801,249.065,3.89887],"timeVisible":17.2605,"tipPosition":[-39.1722,281.281,10.4985],"tipVelocity":[-0.262963,198.565,-228.644],"tool":false,"touchDistance":0.333333,"touchZone":"none","type":2,"width":18.527},{"bases":[[[0.491263,-0.869313,0.0543686],[0.758026,0.457449,0.464905],[-0.429019,-0.187178,0.88369]],[[0.50444,-0.863034,0.026705],[0.584529,0.318565,-0.746219],[0.635504,0.392032,0.665165]],[[0.50444,-0.863034,0.026705],[-0.391912,-0.256411,-0.883548],[0.769379,0.435231,-0.467578]],[[0.50444,-0.863034,0.026705],[-0.737548,-0.446763,-0.506384],[0.448958,0.235744,-0.861894]]],"btipPosition":[-30.5219,269.496,24.989],"carpPosition":[-0.0726101,291.198,79.6197],"dipPosition":[-22.3412,273.792,9.28391],"direction":[-0.769379,-0.435231,0.467578],"extended":false,"handId":997,"id":9973,"length":62.8339,"mcpPosition":[26.136,302.633,25.6354],"pipPosition":[-1.55532,285.55,-3.34835],"stabilizedTipPosition":[-33.0147,237.651,19.1442],"timeVisible":17.2605,"tipPosition":[-28.6476,270.474,21.9693],"tipVelocity":[-3.77343,184.183,-236.741],"tool":false,"touchDistance":0.333333,"touchZone":"none","type":3,"width":17.6296},{"bases":[[[0.306261,-0.948688,0.0787125],[0.784307,0.298325,0.543935],[-0.539507,-0.104851,0.835427]],[[0.313096,-0.947278,0.068083],[0.700248,0.18183,-0.690356],[0.641579,0.263823,0.72026]],[[0.313096,-0.947278,0.068083],[-0.357315,-0.183914,-0.915697],[0.879941,0.262375,-0.396059]],[[0.313096,-0.947278,0.068083],[-0.763625,-0.29372,-0.574983],[0.564666,0.128035,-0.815328]]],"btipPosition":[-15.1196,267.401,27.0463],"carpPosition":[2.77229,277.726,77.8667],"dipPosition":[-5.62746,269.553,13.3405],"direction":[-0.879941,-0.262375,0.396059],"extended":false,"handId":997,"id":9974,"length":49.2606,"mcpPosition":[33.2814,283.656,30.6232],"pipPosition":[11.1572,274.558,5.78576],"stabilizedTipPosition":[-17.4749,235.986,22.0491],"timeVisible":17.2605,"tipPosition":[-12.9498,267.916,24.2107],"tipVelocity":[-4.56912,178.92,-235.547],"tool":false,"touchDistance":0.333333,"touchZone":"none","type":4,"width":15.66}],"r":[[0.9849,-0.0335969,0.169831],[0.0467097,0.996178,-0.0738146],[-0.166701,0.0806327,0.982705]],"s":0.860055,"t":[-7.53181,-25.4968,16.0685],"timestamp":669722420619},false],[2,{"currentFrameRate":53.0276,"devices":[],"gestures":[],"hands":[{"armBasis":[[0.67663,-0.734128,-0.0568061],[0.717538,0.674718,-0.172903],[0.165261,0.0762309,0.983299]],"armWidth":62.1429,"confidence":0.591646,"direction":[0.437569,0.376286,-0.816665],"elbow":[31.6224,306.863,338.081],"grabStrength":0.511028,"id":997,"palmNormal":[-0.577574,-0.578473,-0.576001],"palmPosition":[3.59357,309.55,33.4599],"palmVelocity":[14.7487,158.531,-197.704],"palmWidth":88.738,"pinchStrength":0.613268,"r":[[0.984556,-0.0391996,0.170626],[0.0499638,0.996992,-0.0592551],[-0.16779,0.0668651,0.983552]],"s":0.860886,"sphereCenter":[-10.6611,278.703,-5.59227],"sphereRadius":45.8391,"stabilizedPalmPosition":[-1.00008,280.281,38.5901],"t":[-7.24791,-22.5262,12.3594],"timeVisible":17.2791,"type":"right","wrist":[-11.8937,286.79,79.1611]}],"id":4982460,"interactionBox":{"center":[0,200,0],"size":[235.247,235.247,147.751]},"pointables":[{"bases":[[[0.879298,0.299602,0.370235],[-0.4671,0.694299,0.547508],[-0.0930188,-0.65436,0.75044]],[[0.86036,0.499718,0.10031],[-0.491393,0.761004,0.423563],[0.135326,-0.413708,0.900296]],[[0.86036,0.499718,0.10031],[-0.499252,0.865884,-0.0315168],[-0.102606,-0.0229643,0.994457]],[[0.86036,0.499718,0.10031],[-0.422133,0.808923,-0.409204],[-0.28563,0.309718,0.906912]]],"btipPosition":[-35.2546,313.397,-22.7708],"carpPosition":[-38.5978,299.563,74.8247],"dipPosition":[-41.7739,320.467,-2.07108],"direction":[0.102606,0.0229643,-0.994457],"extended":false,"handId":997,"id":9970,"length":50.8265,"mcpPosition":[-38.5978,299.563,74.8247],"pipPosition":[-45.1857,319.703,30.9963],"stabilizedTipPosition":[-39.5477,287.962,-11.6136],"timeVisible":17.2791,"tipPosition":[-35.951,315.531,-17.5909],"tipVelocity":[3.34503,207.833,-199.198],"tool":false,"touchDistance":-0.428119,"touchZone":"hovering","type":0,"width":19.7488},{"bases":[[[0.752845,-0.650272,-0.101839],[0.618007,0.645125,0.449313],[-0.226476,-0.4012,0.887551]],[[0.754155,-0.647917,-0.10702],[0.614219,0.753604,-0.234129],[0.232347,0.110836,0.966297]],[[0.754155,-0.647917,-0.10702],[0.566313,0.724172,-0.393529],[0.332475,0.236175,0.913062]],[[0.754155,-0.647917,-0.10702],[0.528542,0.695585,-0.486626],[0.389735,0.310427,0.86703]]],"btipPosition":[-25.4137,322.23,-62.5699],"carpPosition":[-17.5967,308.828,77.5678],"dipPosition":[-18.9196,327.403,-48.1228],"direction":[-0.332475,-0.236175,-0.913062],"extended":true,"handId":997,"id":9971,"length":57.352,"mcpPosition":[-1.34734,337.614,13.8871],"pipPosition":[-11.0825,332.97,-26.5999],"stabilizedTipPosition":[-25.5463,309.333,-52.8748],"timeVisible":17.2791,"tipPosition":[-23.8633,323.815,-59.2393],"tipVelocity":[27.9661,257.809,-196.121],"tool":false,"touchDistance":-0.372078,"touchZone":"hovering","type":1,"width":18.8641},{"bases":[[[0.598866,-0.798883,-0.0560857],[0.731265,0.516936,0.445004],[-0.326513,-0.307511,0.893771]],[[0.58899,-0.807593,-0.0297392],[0.560286,0.434591,-0.705131],[0.582383,0.398653,0.708453]],[[0.58899,-0.807593,-0.0297392],[-0.350615,-0.222207,-0.909777],[0.728121,0.546276,-0.414031]],[[0.58899,-0.807593,-0.0297392],[-0.691803,-0.484838,-0.535109],[0.417731,0.335747,-0.84426]]],"btipPosition":[-40.5057,283.286,9.43302],"carpPosition":[-7.49733,302.405,76.594],"dipPosition":[-32.85,289.439,-6.03964],"direction":[-0.728121,-0.546277,0.414031],"extended":false,"handId":997,"id":9972,"length":65.348,"mcpPosition":[14.719,323.328,15.7807],"pipPosition":[-12.6573,304.589,-17.5218],"stabilizedTipPosition":[-44.118,251.315,4.0236],"timeVisible":17.2791,"tipPosition":[-38.7893,284.663,6.45466],"tipVelocity":[9.80135,190.243,-222.621],"tool":false,"touchDistance":0.333333,"touchZone":"none","type":2,"width":18.527},{"bases":[[[0.487448,-0.872109,0.0426657],[0.761401,0.448472,0.468124],[-0.42739,-0.195701,0.882632]],[[0.500569,-0.865566,0.0150559],[0.58399,0.324789,-0.743954],[0.639051,0.381193,0.668061]],[[0.500569,-0.865566,0.0150559],[-0.39542,-0.24408,-0.885476],[0.770112,0.437289,-0.464441]],[[0.500569,-0.865566,0.0150559],[-0.740939,-0.437361,-0.509632],[0.447704,0.24395,-0.860261]]],"btipPosition":[-30.1545,272.666,20.7942],"carpPosition":[0.54583,293.58,75.601],"dipPosition":[-21.9966,277.111,5.11885],"direction":[-0.770112,-0.437289,0.464441],"extended":false,"handId":997,"id":9973,"length":62.8339,"mcpPosition":[26.6549,305.535,21.6813],"pipPosition":[-1.19093,288.925,-7.42866],"stabilizedTipPosition":[-32.8142,239.176,19.0614],"timeVisible":17.2791,"tipPosition":[-28.2841,273.672,17.7763],"tipVelocity":[7.49197,178.041,-230.651],"tool":false,"touchDistance":0.333333,"touchZone":"none","type":3,"width":17.6296},{"bases":[[[0.302155,-0.95093,0.0665958],[0.787178,0.288305,0.545189],[-0.537636,-0.112309,0.835664]],[[0.308617,-0.949506,0.0565138],[0.698759,0.186004,-0.690752],[0.645361,0.252667,0.72088]],[[0.308617,-0.949506,0.0565138],[-0.361439,-0.172021,-0.91639],[0.87984,0.262387,-0.396277]],[[0.308617,-0.949506,0.0565138],[-0.766951,-0.283544,-0.575664],[0.562621,0.134316,-0.815731]]],"btipPosition":[-14.7674,270.493,22.8362],"carpPosition":[3.32441,280.117,73.6805],"dipPosition":[-5.3096,272.751,9.12357],"direction":[-0.87984,-0.262387,0.396277],"extended":false,"handId":997,"id":9974,"length":49.2606,"mcpPosition":[33.7278,286.468,26.4236],"pipPosition":[11.4731,277.755,1.5647],"stabilizedTipPosition":[-17.2865,237.338,21.9578],"timeVisible":17.2791,"tipPosition":[-12.5992,271.023,19.9732],"tipVelocity":[6.61893,173.037,-230.655],"tool":false,"touchDistance":0.333333,"touchZone":"none","type":4,"width":15.66}],"r":[[0.984556,-0.0391996,0.170626],[0.0499638,0.996992,-0.0592551],[-0.16779,0.0668651,0.983552]],"s":0.860886,"t":[-7.24791,-22.5262,12.3594],"timestamp":669722439297},false],[3,{"currentFrameRate":53.0243,"devices":[],"gestures":[],"hands":[{"armBasis":[[0.66022,-0.748137,-0.0663432],[0.725399,0.658056,-0.201886],[0.194696,0.085164,0.977159]],"armWidth":62.1429,"confidence":0.610911,"direction":[0.44489,0.374991,-0.813299],"elbow":[38.9147,311.546,331.483],"grabStrength":0.504197,"id":997,"palmNormal":[-0.58719,-0.563556,-0.581044],"palmPosition":[3.57618,311.967,28.6733],"palmVelocity":[7.07245,143.611,-225.108],"palmWidth":88.738,"pinchStrength":0.606753,"r":[[0.984079,-0.0474434,0.171284],[0.0560895,0.997366,-0.0459947],[-0.168651,0.0548696,0.984147]],"s":0.862909,"sphereCenter":[-11.0828,281.505,-10.7057],"sphereRadius":46.0325,"stabilizedPalmPosition":[-0.800336,281.664,38.1573],"t":[-7.11465,-19.8324,8.11163],"timeVisible":17.298,"type":"right","wrist":[-12.3523,289.121,74.1794]}],"id":4982461,"interactionBox":{"center":[0,200,0],"size":[235.247,235.247,147.751]},"pointables":[{"bases":[[[0.884122,0.281044,0.373286],[-0.455248,0.698062,0.552683],[-0.105249,-0.658577,0.745117]],[[0.868386,0.485182,0.102488],[-0.478776,0.766489,0.428098],[0.12915,-0.420823,0.897902]],[[0.868386,0.485182,0.102488],[-0.48615,0.87371,-0.0170079],[-0.0977968,-0.0350551,0.994589]],[[0.868386,0.485182,0.102488],[-0.413109,0.822132,-0.391715],[-0.274312,0.297821,0.914361]]],"btipPosition":[-35.5968,317.252,-27.7285],"carpPosition":[-38.8225,302.398,69.9249],"dipPosition":[-41.8578,324.05,-6.85876],"direction":[0.0977968,0.0350551,-0.994589],"extended":false,"handId":997,"id":9970,"length":50.8265,"mcpPosition":[-38.8225,302.398,69.9249],"pipPosition":[-45.1097,322.884,26.213],"stabilizedTipPosition":[-39.2209,291.977,-13.086],"timeVisible":17.298,"tipPosition":[-36.1591,319.162,-22.4858],"tipVelocity":[-5.6356,204.47,-229.298],"tool":false,"touchDistance":-0.48742,"touchZone":"hovering","type":0,"width":19.7488},{"bases":[[[0.741324,-0.66265,-0.106458],[0.628909,0.630491,0.454923],[-0.234334,-0.404198,0.884145]],[[0.742616,-0.660392,-0.111375],[0.62874,0.744748,-0.223686],[0.230666,0.0960868,0.968277]],[[0.742616,-0.660392,-0.111375],[0.582281,0.718829,-0.379781],[0.330864,0.21718,0.918347]],[[0.742616,-0.660392,-0.111375],[0.545521,0.692947,-0.471415],[0.388495,0.289323,0.874851]]],"btipPosition":[-24.7875,326.302,-67.4732],"carpPosition":[-17.6634,311.268,72.7579],"dipPosition":[-18.3141,331.123,-52.8958],"direction":[-0.330864,-0.21718,-0.918347],"extended":true,"handId":997,"id":9971,"length":57.352,"mcpPosition":[-0.850186,340.269,9.3216],"pipPosition":[-10.5149,336.243,-31.2483],"stabilizedTipPosition":[-24.8505,314.929,-56.356],"timeVisible":17.298,"tipPosition":[-23.3515,327.636,-64.0394],"tipVelocity":[30.3991,235.133,-226.553],"tool":false,"touchDistance":-0.436304,"touchZone":"hovering","type":1,"width":18.8641},{"bases":[[[0.5847,-0.808876,-0.0620112],[0.739887,0.500358,0.449677],[-0.332705,-0.308808,0.891036]],[[0.57464,-0.817626,-0.0357208],[0.568566,0.43023,-0.701167],[0.588661,0.382609,0.712102]],[[0.57464,-0.817626,-0.0357208],[-0.353614,-0.208689,-0.911815],[0.738069,0.536596,-0.409045]],[[0.57464,-0.817626,-0.0357208],[-0.699764,-0.468233,-0.539526],[0.424405,0.335029,-0.841211]]],"btipPosition":[-40.9586,286.68,4.39989],"carpPosition":[-7.67821,304.675,71.7405],"dipPosition":[-33.1806,292.82,-11.0169],"direction":[-0.738069,-0.536596,0.409045],"extended":false,"handId":997,"id":9972,"length":65.348,"mcpPosition":[14.9594,325.687,11.1133],"pipPosition":[-12.712,307.701,-22.3608],"stabilizedTipPosition":[-43.8134,253.578,3.82853],"timeVisible":17.298,"tipPosition":[-39.215,288.05,1.43016],"tipVelocity":[-6.02632,185.084,-243.886],"tool":false,"touchDistance":0.333333,"touchZone":"none","type":2,"width":18.527},{"bases":[[[0.471917,-0.880905,0.0360671],[0.768788,0.43119,0.472272],[-0.431579,-0.195145,0.880714]],[[0.485146,-0.874391,0.00858397],[0.590646,0.320443,-0.740577],[0.644803,0.364358,0.671917]],[[0.485146,-0.874391,0.00858397],[-0.398478,-0.229808,-0.887921],[0.778363,0.427351,-0.459916]],[[0.485146,-0.874391,0.00858397],[-0.747937,-0.42003,-0.513969],[0.453015,0.24293,-0.857766]]],"btipPosition":[-30.8061,275.791,15.6577],"carpPosition":[0.208588,295.718,70.6832],"dipPosition":[-22.5514,280.217,0.0278917],"direction":[-0.778363,-0.427351,0.459916],"extended":false,"handId":997,"id":9973,"length":62.8339,"mcpPosition":[26.5736,307.639,16.8806],"pipPosition":[-1.5229,291.763,-12.3974],"stabilizedTipPosition":[-32.6569,240.692,18.7795],"timeVisible":17.298,"tipPosition":[-28.9149,276.786,12.6473],"tipVelocity":[-12.5159,171.819,-250.726],"tool":false,"touchDistance":0.333333,"touchZone":"none","type":3,"width":17.6296},{"bases":[[[0.285238,-0.956625,0.0592256],[0.791659,0.269982,0.548074],[-0.540291,-0.109445,0.83433]],[[0.291215,-0.955352,0.0499644],[0.701821,0.177857,-0.689793],[0.650109,0.235944,0.72228]],[[0.291215,-0.955352,0.0499644],[-0.364838,-0.159189,-0.917361],[0.884357,0.248921,-0.394907]],[[0.291215,-0.955352,0.0499644],[-0.771932,-0.265512,-0.577603],[0.56508,0.129638,-0.814788]]],"btipPosition":[-15.4824,273.349,17.7981],"carpPosition":[2.75048,282.224,68.6572],"dipPosition":[-5.98326,275.529,4.10136],"direction":[-0.884357,-0.248921,0.394907],"extended":false,"handId":997,"id":9974,"length":49.2606,"mcpPosition":[33.304,288.413,21.4758],"pipPosition":[10.8856,280.277,-3.43139],"stabilizedTipPosition":[-17.1454,238.63,21.6991],"timeVisible":17.298,"tipPosition":[-13.2956,273.853,14.8994],"tipVelocity":[-14.937,161.957,-248.352],"tool":false,"touchDistance":0.333333,"touchZone":"none","type":4,"width":15.66}],"r":[[0.984079,-0.0474434,0.171284],[0.0560895,0.997366,-0.0459947],[-0.168651,0.0548696,0.984147]],"s":0.862909,"t":[-7.11465,-19.8324,8.11163],"timestamp":669722458168},false],[4,{"currentFrameRate":52.9417,"devices":[],"gestures":[],"hands":[{"armBasis":[[0.662718,-0.746464,-0.0599674],[0.723092,0.658681,-0.208031],[0.194787,0.094504,0.976282]],"armWidth":62.1429,"confidence":0.628325,"direction":[0.450378,0.38619,-0.804995],"elbow":[38.545,315.593,327.807],"grabStrength":0.494357,"id":997,"palmNormal":[-0.581752,-0.557017,-0.592703],"palmPosition":[3.48671,314.165,25.6493],"palmVelocity":[1.25663,129.24,-191.66],"palmWidth":88.738,"pinchStrength":0.601978,"r":[[0.983415,-0.0541485,0.173095],[0.0606905,0.99762,-0.0327237],[-0.170911,0.0426863,0.984361]],"s":0.865503,"sphereCenter":[-10.7328,284.031,-14.304],"sphereRadius":46.2028,"stabilizedPalmPosition":[-0.63768,282.897,37.6827],"t":[-7.09276,-17.3861,4.47574],"timeVisible":17.3172,"type":"right","wrist":[-12.7458,290.708,70.7351]}],"id":4982462,"interactionBox":{"center":[0,200,0],"size":[235.247,235.247,147.751]},"pointables":[{"bases":[[[0.880758,0.277708,0.383592],[-0.460679,0.690112,0.558139],[-0.109722,-0.668299,0.735756]],[[0.866164,0.48682,0.112988],[-0.484027,0.760893,0.432157],[0.124411,-0.429008,0.894692]],[[0.866164,0.48682,0.112988],[-0.489594,0.871943,-0.00363532],[-0.100289,-0.0521697,0.99359]],[[0.866164,0.48682,0.112988],[-0.416331,0.82795,-0.375723],[-0.276458,0.278397,0.919819]]],"btipPosition":[-35.6184,320.26,-31.1381],"carpPosition":[-39.2066,303.994,66.4503],"dipPosition":[-41.9284,326.614,-10.1438],"direction":[0.100289,0.0521697,-0.99359],"extended":false,"handId":997,"id":9970,"length":50.8265,"mcpPosition":[-39.2066,303.994,66.4503],"pipPosition":[-45.2632,324.879,22.8948],"stabilizedTipPosition":[-38.9567,295.631,-14.7102],"timeVisible":17.3172,"tipPosition":[-36.1568,321.99,-25.8388],"tipVelocity":[-3.69212,178.188,-202.994],"tool":false,"touchDistance":-0.517725,"touchZone":"hovering","type":0,"width":19.7488},{"bases":[[[0.743296,-0.659968,-0.109331],[0.624307,0.625641,0.467775],[-0.240315,-0.415951,0.87706]],[[0.744579,-0.657719,-0.114052],[0.630477,0.749039,-0.203565],[0.219318,0.079663,0.972396]],[[0.744579,-0.657719,-0.114052],[0.587367,0.726708,-0.356225],[0.317178,0.198247,0.927414]],[[0.744579,-0.657719,-0.114052],[0.552989,0.703445,-0.446507],[0.373905,0.26939,0.887482]]],"btipPosition":[-23.7394,330.207,-70.7612],"carpPosition":[-18.0856,312.863,69.5583],"dipPosition":[-17.5091,334.696,-55.9733],"direction":[-0.317178,-0.198247,-0.927414],"extended":true,"handId":997,"id":9971,"length":57.352,"mcpPosition":[-0.843312,342.707,6.63034],"pipPosition":[-10.0325,339.369,-34.1122],"stabilizedTipPosition":[-24.0771,319.887,-59.7012],"timeVisible":17.3172,"tipPosition":[-22.4972,331.263,-67.199],"tipVelocity":[40.9619,217.498,-197.959],"tool":false,"touchDistance":-0.469601,"touchZone":"hovering","type":1,"width":18.8641},{"bases":[[[0.586602,-0.807019,-0.0679631],[0.735555,0.495775,0.461699],[-0.338905,-0.320824,0.884429]],[[0.576329,-0.816148,-0.0417935],[0.572701,0.439842,-0.691775],[0.582974,0.374755,0.720903]],[[0.576329,-0.816148,-0.0417935],[-0.346832,-0.197971,-0.916796],[0.739968,0.542872,-0.397163]],[[0.576329,-0.816148,-0.0417935],[-0.695019,-0.462608,-0.550402],[0.429876,0.34626,-0.833853]]],"btipPosition":[-40.8253,289.113,0.763038],"carpPosition":[-8.0812,306.301,68.5322],"dipPosition":[-32.947,295.458,-14.5189],"direction":[-0.739968,-0.542872,0.397163],"extended":false,"handId":997,"id":9972,"length":65.348,"mcpPosition":[14.9783,328.13,8.35454],"pipPosition":[-12.4258,310.514,-25.5333],"stabilizedTipPosition":[-43.541,255.678,3.45508],"timeVisible":17.3172,"tipPosition":[-39.0575,290.527,-2.21319],"tipVelocity":[0.999996,157.419,-216.162],"tool":false,"touchDistance":0.333333,"touchZone":"none","type":2,"width":18.527},{"bases":[[[0.473206,-0.880496,0.0283185],[0.764407,0.42637,0.483622],[-0.437902,-0.207206,0.874819]],[[0.486537,-0.873659,0.00121975],[0.598723,0.332409,-0.728722],[0.636249,0.355281,0.684808]],[[0.486537,-0.873659,0.00121975],[-0.387679,-0.217148,-0.895853],[0.782935,0.435393,-0.44435]],[[0.486537,-0.873659,0.00121975],[-0.741832,-0.41386,-0.527642],[0.461484,0.255813,-0.849466]]],"btipPosition":[-30.7041,278.124,11.621],"carpPosition":[-0.170569,297.371,67.4197],"dipPosition":[-22.2952,282.786,-3.85765],"direction":[-0.782935,-0.435393,0.44435],"extended":false,"handId":997,"id":9973,"length":62.8339,"mcpPosition":[26.5807,310.029,13.9773],"pipPosition":[-1.14309,294.548,-15.8624],"stabilizedTipPosition":[-32.5174,242.074,18.3948],"timeVisible":17.3172,"tipPosition":[-28.7923,279.16,8.70709],"tipVelocity":[-2.76258,148.344,-229.845],"tool":false,"touchDistance":0.333333,"touchZone":"none","type":3,"width":17.6296},{"bases":[[[0.286493,-0.956825,0.0490787],[0.786992,0.264238,0.557515],[-0.546412,-0.121099,0.828715]],[[0.292269,-0.955487,0.0402905],[0.706709,0.187404,-0.682233],[0.644314,0.227869,0.730024]],[[0.292269,-0.955487,0.0402905],[-0.357706,-0.148295,-0.921984],[0.886919,0.255056,-0.385126]],[[0.292269,-0.955487,0.0402905],[-0.767136,-0.259395,-0.5867],[0.571035,0.140566,-0.808801]]],"btipPosition":[-15.4251,275.671,14.1439],"carpPosition":[2.41079,283.909,65.2397],"dipPosition":[-5.82586,278.034,0.547753],"direction":[-0.886919,-0.255056,0.385126],"extended":false,"handId":997,"id":9974,"length":49.2606,"mcpPosition":[33.3104,290.757,18.3758],"pipPosition":[11.0919,282.899,-6.79841],"stabilizedTipPosition":[-17.0191,239.838,21.3558],"timeVisible":17.3172,"tipPosition":[-13.215,276.21,11.2595],"tipVelocity":[-5.46021,142.756,-219.067],"tool":false,"touchDistance":0.333333,"touchZone":"none","type":4,"width":15.66}],"r":[[0.983415,-0.0541485,0.173095],[0.0606905,0.99762,-0.0327237],[-0.170911,0.0426863,0.984361]],"s":0.865503,"t":[-7.09276,-17.3861,4.47574],"timestamp":669722477354},false],[5,{"currentFrameRate":53.0261,"devices":[],"gestures":[],"hands":[{"armBasis":[[0.659055,-0.750805,-0.0440147],[0.730546,0.652984,-0.199787],[0.178742,0.0995158,0.97885]],"armWidth":62.1429,"confidence":0.585407,"direction":[0.457066,0.381773,-0.803331],"elbow":[34.2642,319.073,323.835],"grabStrength":0.477167,"id":997,"palmNormal":[-0.584319,-0.552057,-0.594814],"palmPosition":[3.8221,316.159,21.0572],"palmVelocity":[9.39811,118.694,-218.685],"palmWidth":88.738,"pinchStrength":0.601952,"r":[[0.982611,-0.0612747,0.175274],[0.0661549,0.997564,-0.0221315],[-0.173491,0.0333419,0.984271]],"s":0.869354,"sphereCenter":[-10.5513,286.214,-18.9918],"sphereRadius":46.3013,"stabilizedPalmPosition":[-0.514628,283.815,37.224],"t":[-6.91412,-15.166,0.361735],"timeVisible":17.3358,"type":"right","wrist":[-12.8017,292.869,66.0869]}],"id":4982463,"interactionBox":{"center":[0,200,0],"size":[235.247,235.247,147.751]},"pointables":[{"bases":[[[0.881654,0.269986,0.387032],[-0.456731,0.694465,0.555981],[-0.118673,-0.666952,0.735589]],[[0.869609,0.480293,0.114447],[-0.479436,0.766028,0.428185],[0.117984,-0.427224,0.896415]],[[0.869609,0.480293,0.114447],[-0.483094,0.875561,-0.00369479],[-0.10198,-0.0520757,0.993422]],[[0.869609,0.480293,0.114447],[-0.409548,0.831146,-0.376121],[-0.275771,0.280207,0.919475]]],"btipPosition":[-35.1835,322.524,-35.9693],"carpPosition":[-39.125,306.389,61.6896],"dipPosition":[-41.4777,328.919,-14.9828],"direction":[0.10198,0.0520757,-0.993422],"extended":false,"handId":997,"id":9970,"length":50.8265,"mcpPosition":[-39.125,306.389,61.6896],"pipPosition":[-44.8688,327.188,18.0502],"stabilizedTipPosition":[-38.7443,298.221,-16.2109],"timeVisible":17.3358,"tipPosition":[-35.7095,324.261,-30.6694],"tipVelocity":[9.53763,151.241,-230.817],"tool":false,"touchDistance":-0.566781,"touchZone":"hovering","type":0,"width":19.7488},{"bases":[[[0.737791,-0.666647,-0.106047],[0.627991,0.62024,0.47003],[-0.24757,-0.413381,0.876257]],[[0.739168,-0.664319,-0.110958],[0.640068,0.744131,-0.191266],[0.209629,0.0703575,0.975246]],[[0.739168,-0.664319,-0.110958],[0.600316,0.724519,-0.338665],[0.305372,0.18372,0.934342]],[[0.739168,-0.664319,-0.110958],[0.568323,0.703602,-0.42656],[0.361442,0.252239,0.897627]]],"btipPosition":[-22.1795,333.248,-75.8345],"carpPosition":[-17.9381,315.07,64.8792],"dipPosition":[-16.1569,337.451,-60.8776],"direction":[-0.305372,-0.18372,-0.934342],"extended":true,"handId":997,"id":9971,"length":57.352,"mcpPosition":[-0.175314,344.73,2.00882],"pipPosition":[-8.95858,341.782,-38.8531],"stabilizedTipPosition":[-23.266,323.428,-62.8375],"timeVisible":17.3358,"tipPosition":[-21.1794,333.96,-72.1258],"tipVelocity":[60.5831,189.829,-233.474],"tool":false,"touchDistance":-0.52649,"touchZone":"hovering","type":1,"width":18.8641},{"bases":[[[0.579621,-0.81227,-0.065251],[0.738095,0.48938,0.464459],[-0.345333,-0.317371,0.883187]],[[0.569138,-0.821313,-0.0390642],[0.579261,0.434217,-0.689864],[0.583557,0.37,0.722884]],[[0.569138,-0.821313,-0.0390642],[-0.345083,-0.195467,-0.917992],[0.746324,0.535945,-0.394669]],[[0.569138,-0.821313,-0.0390642],[-0.696986,-0.456689,-0.552853],[0.436225,0.341877,-0.832363]]],"btipPosition":[-40.6156,291.491,-3.97799],"carpPosition":[-7.98885,308.418,63.8963],"dipPosition":[-32.6209,297.757,-19.2326],"direction":[-0.746324,-0.535945,0.394669],"extended":false,"handId":997,"id":9972,"length":65.348,"mcpPosition":[15.5081,330.012,3.80311],"pipPosition":[-11.9234,312.62,-30.1778],"stabilizedTipPosition":[-43.3312,257.318,2.97328],"timeVisible":17.3358,"tipPosition":[-38.8209,292.89,-6.96654],"tipVelocity":[6.68432,142.783,-235.047],"tool":false,"touchDistance":0.333333,"touchZone":"none","type":2,"width":18.527},{"bases":[[[0.465183,-0.884685,0.0306026],[0.766236,0.41973,0.486528],[-0.443269,-0.202876,0.873129]],[[0.47836,-0.878153,0.00421507],[0.600867,0.323805,-0.730827],[0.640414,0.352132,0.682549]],[[0.47836,-0.878153,0.00421507],[-0.39089,-0.217224,-0.894438],[0.786369,0.426216,-0.447173]],[[0.47836,-0.878153,0.00421507],[-0.745445,-0.408597,-0.526649],[0.464201,0.248786,-0.850072]]],"btipPosition":[-30.6835,280.419,7.30978],"carpPosition":[-0.154081,299.418,62.8196],"dipPosition":[-22.225,284.953,-8.17988],"direction":[-0.786369,-0.426216,0.447173],"extended":false,"handId":997,"id":9973,"length":62.8339,"mcpPosition":[26.9251,311.811,9.48039],"pipPosition":[-0.980196,296.468,-20.2609],"stabilizedTipPosition":[-32.4091,243.203,17.9751],"timeVisible":17.3358,"tipPosition":[-28.7337,281.436,4.19306],"tipVelocity":[-0.590791,135.64,-231.122],"tool":false,"touchDistance":0.333333,"touchZone":"none","type":3,"width":17.6296},{"bases":[[[0.277712,-0.959329,0.0506401],[0.787069,0.257436,0.560579],[-0.550817,-0.115822,0.826551]],[[0.283198,-0.958125,0.0423846],[0.711032,0.180095,-0.679706],[0.643609,0.222628,0.732259]],[[0.283198,-0.958125,0.0423846],[-0.355522,-0.145923,-0.923207],[0.890732,0.246381,-0.38196]],[[0.283198,-0.958125,0.0423846],[-0.767181,-0.252837,-0.589497],[0.575528,0.134427,-0.806658]]],"btipPosition":[-15.3954,277.845,9.50871],"carpPosition":[2.31539,285.932,60.6557],"dipPosition":[-5.72062,280.105,-4.05137],"direction":[-0.890732,-0.246381,0.381959],"extended":false,"handId":997,"id":9974,"length":49.2606,"mcpPosition":[33.4641,292.481,13.9141],"pipPosition":[11.2698,284.804,-11.3371],"stabilizedTipPosition":[-16.9237,240.793,20.9846],"timeVisible":17.3358,"tipPosition":[-13.1657,278.355,6.62094],"tipVelocity":[-1.58852,129.744,-233.731],"tool":false,"touchDistance":0.333333,"touchZone":"none","type":4,"width":15.66}],"r":[[0.982611,-0.0612747,0.175274],[0.0661549,0.997564,-0.0221315],[-0.173491,0.0333419,0.984271]],"s":0.869354,"t":[-6.91412,-15.166,0.361735],"timestamp":669722495909},false],[6,{"currentFrameRate":53.0207,"devices":[],"gestures":[],"hands":[{"armBasis":[[0.641356,-0.765577,-0.0505434],[0.746378,0.637817,-0.190027],[0.177717,0.0841502,0.980477]],"armWidth":62.1429,"confidence":0.589106,"direction":[0.461806,0.397731,-0.792809],"elbow":[33.3011,316.344,318.803],"grabStrength":0.460101,"id":997,"palmNormal":[-0.604447,-0.513032,-0.609461],"palmPosition":[3.45299,318.625,16.3323],"palmVelocity":[-4.78746,124.528,-234.158],"palmWidth":88.738,"pinchStrength":0.612889,"r":[[0.981828,-0.0738631,0.17481],[0.0761675,0.997074,-0.00650097],[-0.173818,0.0196977,0.984581]],"s":0.873262,"sphereCenter":[-12.1272,290.66,-24.7179],"sphereRadius":46.391,"stabilizedPalmPosition":[-0.428613,284.57,36.7711],"t":[-7.00936,-12.8231,-4.05772],"timeVisible":17.3546,"type":"right","wrist":[-13.495,294.186,60.6262]}],"id":4982464,"interactionBox":{"center":[0,200,0],"size":[235.247,235.247,147.751]},"pointables":[{"bases":[[[0.891958,0.230391,0.389013],[-0.432331,0.686392,0.58477],[-0.13229,-0.689772,0.711838]],[[0.883442,0.452318,0.122222],[-0.454592,0.76429,0.457392],[0.113474,-0.45964,0.880826]],[[0.883442,0.452318,0.122222],[-0.45917,0.887708,0.0337332],[-0.0932394,-0.085922,0.991929]],[[0.883442,0.452318,0.122222],[-0.389901,0.854367,-0.343562],[-0.259822,0.255863,0.931143]]],"btipPosition":[-35.9438,327.997,-40.167],"carpPosition":[-39.4503,308.603,56.9496],"dipPosition":[-41.8741,333.836,-18.9143],"direction":[0.0932394,0.085922,-0.991929],"extended":false,"handId":997,"id":9970,"length":50.8265,"mcpPosition":[-39.4503,308.603,56.9496],"pipPosition":[-44.9744,330.979,14.0691],"stabilizedTipPosition":[-38.5959,301.436,-18.1812],"timeVisible":17.3546,"tipPosition":[-36.378,329.614,-34.8056],"tipVelocity":[-12.6972,215.861,-225.072],"tool":false,"touchDistance":-0.600483,"touchZone":"hovering","type":0,"width":19.7488},{"bases":[[[0.71746,-0.683085,-0.13655],[0.649124,0.584463,0.486869],[-0.252764,-0.437947,0.862736]],[[0.718989,-0.6804,-0.141811],[0.661764,0.732544,-0.159525],[0.212424,0.0208513,0.976955]],[[0.718989,-0.6804,-0.141811],[0.622854,0.721314,-0.302917],[0.308396,0.129466,0.942407]],[[0.718989,-0.6804,-0.141811],[0.591458,0.706139,-0.389289],[0.365011,0.196019,0.910134]]],"btipPosition":[-22.1152,340.784,-79.9429],"carpPosition":[-17.9987,316.554,60.2708],"dipPosition":[-16.0331,344.05,-64.7775],"direction":[-0.308396,-0.129466,-0.942407],"extended":true,"handId":997,"id":9971,"length":57.352,"mcpPosition":[0.136832,347.976,-1.62942],"pipPosition":[-8.76355,347.102,-42.5629],"stabilizedTipPosition":[-22.5178,328.741,-66.8334],"timeVisible":17.3546,"tipPosition":[-21.2598,341.06,-76.1255],"tipVelocity":[32.9194,286.813,-224.453],"tool":false,"touchDistance":-0.563081,"touchZone":"hovering","type":1,"width":18.8641},{"bases":[[[0.555472,-0.825534,-0.0997213],[0.755367,0.450809,0.475597],[-0.347666,-0.339507,0.873993]],[[0.544913,-0.835243,-0.0737484],[0.590016,0.444443,-0.674056],[0.595778,0.323789,0.73499]],[[0.544913,-0.835243,-0.0737484],[-0.349709,-0.146447,-0.925342],[0.762085,0.530021,-0.371893]],[[0.544913,-0.835243,-0.0737484],[-0.709468,-0.412398,-0.571475],[0.446906,0.363726,-0.817299]]],"btipPosition":[-41.9282,296.176,-9.76411],"carpPosition":[-8.25284,309.661,58.9613],"dipPosition":[-33.7378,302.842,-24.7427],"direction":[-0.762085,-0.530021,0.371893],"extended":false,"handId":997,"id":9972,"length":65.348,"mcpPosition":[15.4028,332.762,-0.506245],"pipPosition":[-12.6032,317.541,-35.0562],"stabilizedTipPosition":[-43.1781,259.2,2.21945],"timeVisible":17.3546,"tipPosition":[-40.0629,297.65,-12.5473],"tipVelocity":[-29.4906,196.809,-268.397],"tool":false,"touchDistance":0.333333,"touchZone":"none","type":2,"width":18.527},{"bases":[[[0.439722,-0.898117,-0.00558608],[0.781655,0.379624,0.494876],[-0.442335,-0.221974,0.868946]],[[0.452632,-0.891147,-0.0313248],[0.603168,0.331857,-0.725299],[0.656743,0.3094,0.687721]],[[0.452632,-0.891147,-0.0313248],[-0.405414,-0.174376,-0.897347],[0.794206,0.418868,-0.440212]],[[0.452632,-0.891147,-0.0313248],[-0.76159,-0.368079,-0.533384],[0.463794,0.265284,-0.845293]]],"btipPosition":[-32.1912,284.415,1.73601],"carpPosition":[-0.688943,300.486,57.4907],"dipPosition":[-23.7402,289.249,-13.6665],"direction":[-0.794206,-0.418868,0.440212],"extended":false,"handId":997,"id":9973,"length":62.8339,"mcpPosition":[26.3332,314.047,4.40713],"pipPosition":[-2.28361,300.565,-25.5595],"stabilizedTipPosition":[-32.3446,244.466,17.3849],"timeVisible":17.3546,"tipPosition":[-30.2309,285.488,-1.4425],"tipVelocity":[-39.4783,174.664,-262.012],"tool":false,"touchDistance":0.333333,"touchZone":"none","type":3,"width":17.6296},{"bases":[[[0.250334,-0.968068,0.013332],[0.798361,0.2142,0.562795],[-0.547679,-0.130243,0.826489]],[[0.254416,-0.967068,0.00716029],[0.706758,0.18087,-0.683943],[0.660125,0.179067,0.7295]],[[0.254416,-0.967068,0.00716029],[-0.372508,-0.104827,-0.922089],[0.892474,0.231927,-0.38691]],[[0.254416,-0.967068,0.00716029],[-0.781325,-0.209903,-0.587768],[0.569915,0.143943,-0.808998]]],"btipPosition":[-17.022,281.37,3.90216],"carpPosition":[1.37462,287.024,54.8167],"dipPosition":[-7.44159,283.79,-9.69725],"direction":[-0.892474,-0.231927,0.38691],"extended":false,"handId":997,"id":9974,"length":49.2606,"mcpPosition":[32.3459,294.389,8.07866],"pipPosition":[9.58211,288.214,-17.0775],"stabilizedTipPosition":[-16.8734,241.776,20.502],"timeVisible":17.3546,"tipPosition":[-14.7761,281.9,0.864159],"tipVelocity":[-43.5919,158.621,-264.948],"tool":false,"touchDistance":0.333333,"t