{"sensorType":"Leap","data":[[0,{"currentFrameRate":53.0408,"devices":[],"gestures":[],"hands":[{"armBasis":[[0.746221,-0.657839,-0.101992],[0.630118,0.747416,-0.210524],[0.214721,0.0928307,0.972254]],"armWidth":62.1429,"confidence":0.617871,"direction":[0.39736,0.442097,-0.804149],"elbow":[46.7153,315.07,340.408],"grabStrength":0.41129,"id":997,"palmNormal":[-0.502113,-0.62874,-0.593775],"palmPosition":[3.27626,316.016,39.3386],"palmVelocity":[-25.8889,142.855,-193.888],"palmWidth":88.738,"pinchStrength":0.605892,"r":[[0.983081,0.0530841,0.175311],[-0.0525732,0.998588,-0.00756067],[-0.175465,-0.00178392,0.984484]],"s":0.865189,"sphereCenter":[-7.96712,285.205,-0.910799],"sphereRadius":45.9184,"stabilizedPalmPosition":[2.30212,287.166,50.9558],"t":[-6.79277,-15.7852,18.1986],"timeVisible":32.7687,"type":"right","wrist":[-9.82448,290.626,84.3966]}],"id":4983274,"interactionBox":{"center":[0,200,0],"size":[235.247,235.247,147.751]},"pointables":[{"bases":[[[0.835725,0.391209,0.385381],[-0.548691,0.623486,0.556959],[-0.0223919,-0.67692,0.735716]],[[0.806721,0.569693,0.157003],[-0.571574,0.684804,0.452047],[0.150012,-0.454415,0.878068]],[[0.806721,0.569693,0.157003],[-0.57885,0.815277,0.0160031],[-0.118884,-0.103791,0.987468]],[[0.806721,0.569693,0.157003],[-0.437055,0.754029,-0.49033],[-0.397723,0.32694,0.857279]]],"btipPosition":[-32.0665,318.425,-15.0963],"carpPosition":[-37.7945,300.314,80.0518],"dipPosition":[-41.1442,325.888,4.47054],"direction":[0.118884,0.103791,-0.987468],"extended":false,"handId":997,"id":9970,"length":50.8265,"mcpPosition":[-37.7945,300.314,80.0518],"pipPosition":[-45.0974,322.436,37.3056],"stabilizedTipPosition":[-31.9168,294.756,8.81786],"timeVisible":32.7687,"tipPosition":[-33.2019,320.347,-9.82092],"tipVelocity":[-35.8398,154.675,-218.533],"tool":false,"touchDistance":-0.39956,"touchZone":"hovering","type":0,"width":19.7488},{"bases":[[[0.82392,-0.556406,-0.10756],[0.535535,0.702367,0.468917],[-0.185361,-0.443952,0.876668]],[[0.8212,-0.562664,-0.0950791],[0.546127,0.823247,-0.154951],[0.165459,0.0753206,0.983336]],[[0.8212,-0.562664,-0.0950791],[0.50248,0.79197,-0.34684],[0.270454,0.23705,0.933093]],[[0.8212,-0.562664,-0.0950791],[0.464425,0.755818,-0.461572],[0.331572,0.334885,0.881993]]],"btipPosition":[-23.5643,329.415,-57.5902],"carpPosition":[-18.031,311.886,83.202],"dipPosition":[-18.0394,334.995,-42.8938],"direction":[-0.270454,-0.23705,-0.933093],"extended":true,"handId":997,"id":9971,"length":57.352,"mcpPosition":[-4.73159,343.739,20.3021],"pipPosition":[-11.6642,340.583,-20.8987],"stabilizedTipPosition":[-22.6427,315.887,-43.7907],"timeVisible":32.7687,"tipPosition":[-22.2091,331.031,-54.1747],"tipVelocity":[3.20209,195.127,-201.858],"tool":false,"touchDistance":-0.306129,"touchZone":"hovering","type":1,"width":18.8641},{"bases":[[[0.687853,-0.722799,-0.0664827],[0.662919,0.588271,0.463115],[-0.295629,-0.362628,0.883801]],[[0.67698,-0.735158,-0.0352209],[0.518126,0.510019,-0.686605],[0.522726,0.446569,0.726177]],[[0.67698,-0.735158,-0.0352209],[-0.271397,-0.204866,-0.940411],[0.684135,0.646199,-0.33821]],[[0.67698,-0.735158,-0.0352209],[-0.590547,-0.514008,-0.622134],[0.439263,0.441972,-0.782118]]],"btipPosition":[-38.728,284.358,11.6417],"carpPosition":[-7.24785,306.697,82.1991],"dipPosition":[-30.6777,292.458,-2.69212],"direction":[-0.684135,-0.646199,0.33821],"extended":false,"handId":997,"id":9972,"length":65.348,"mcpPosition":[12.8672,331.371,22.0642],"pipPosition":[-11.7049,310.379,-12.0716],"stabilizedTipPosition":[-39.0746,253.567,25.1267],"timeVisible":32.7687,"tipPosition":[-36.9206,286.142,8.91592],"tipVelocity":[-7.66616,145.769,-227.989],"tool":false,"touchDistance":0.333333,"touchZone":"none","type":2,"width":18.527},{"bases":[[[0.584907,-0.810561,0.0295794],[0.700607,0.523267,0.48512],[-0.408697,-0.263027,0.873947]],[[0.59659,-0.802536,0.00405181],[0.555849,0.409555,-0.723393],[0.578889,0.433821,0.690425]],[[0.59659,-0.802536,0.00405181],[-0.307825,-0.233488,-0.922349],[0.741164,0.549017,-0.386337]],[[0.59659,-0.802536,0.00405181],[-0.640645,-0.479272,-0.599894],[0.483378,0.355295,-0.800069]]],"btipPosition":[-27.3172,274.745,22.6484],"carpPosition":[1.77152,298.887,81.106],"dipPosition":[-18.5093,281.219,8.06986],"direction":[-0.741164,-0.549017,0.386337],"extended":false,"handId":997,"id":9973,"length":62.8339,"mcpPosition":[26.7387,314.955,27.7169],"pipPosition":[1.51427,296.052,-2.36757],"stabilizedTipPosition":[-29.7479,238.201,26.881],"timeVisible":32.7687,"tipPosition":[-25.3244,276.169,19.9988],"tipVelocity":[-7.70386,143.214,-227.499],"tool":false,"touchDistance":0.333333,"touchZone":"none","type":3,"width":17.6296},{"bases":[[[0.409819,-0.910797,0.0499653],[0.744174,0.365518,0.559107],[-0.527497,-0.19195,0.827588]],[[0.423414,-0.905491,0.0284025],[0.659284,0.28648,-0.695179],[0.621342,0.313074,0.718275]],[[0.423414,-0.905491,0.0284025],[-0.304935,-0.171972,-0.936718],[0.853074,0.387958,-0.348931]],[[0.423414,-0.905491,0.0284025],[-0.686306,-0.341071,-0.642382],[0.591358,0.2525,-0.765858]]],"btipPosition":[-11.7026,274.295,26.8961],"carpPosition":[6.10684,285.881,78.9354],"dipPosition":[-1.76173,278.539,14.0219],"direction":[-0.853074,-0.387958,0.348931],"extended":false,"handId":997,"id":9974,"length":49.2606,"mcpPosition":[35.9368,296.736,32.1352],"pipPosition":[14.5104,285.94,7.36615],"stabilizedTipPosition":[-12.2229,241.088,37.0613],"timeVisible":32.7687,"tipPosition":[-9.36688,275.295,23.8844],"tipVelocity":[-8.835,145.358,-218.456],"tool":false,"touchDistance":0.333333,"touchZone":"none","type":4,"width":15.66}],"r":[[0.983081,0.0530841,0.175311],[-0.0525732,0.998588,-0.00756067],[-0.175465,-0.00178392,0.984484]],"s":0.865189,"t":[-6.79277,-15.7852,18.1986],"timestamp":669737928903},false],[1,{"currentFrameRate":52.9486,"devices":[],"gestures":[],"hands":[{"armBasis":[[0.737212,-0.667194,-0.106633],[0.637303,0.739064,-0.218242],[0.224418,0.0929335,0.970051]],"armWidth":62.1429,"confidence":0.552904,"direction":[0.402041,0.450908,-0.796898],"elbow":[48.486,317.306,335.844],"grabStrength":0.404685,"id":997,"palmNormal":[-0.511487,-0.611274,-0.603925],"palmPosition":[2.76489,318.841,35.7878],"palmVelocity":[-26.2461,144.923,-189.36],"palmWidth":88.738,"pinchStrength":0.603726,"r":[[0.982629,0.0516764,0.178242],[-0.05324,0.998574,0.00399711],[-0.177781,-0.0134173,0.983979]],"s":0.867201,"sphereCenter":[-8.72143,288.591,-5.07323],"sphereRadius":46.1664,"stabilizedPalmPosition":[2.32437,288.689,50.2268],"t":[-7.29273,-13.0246,14.5885],"timeVisible":32.788,"type":"right","wrist":[-10.6073,292.835,80.4121]}],"id":4983275,"interactionBox":{"center":[0,200,0],"size":[235.247,235.247,147.751]},"pointables":[{"bases":[[[0.841534,0.373005,0.390752],[-0.539349,0.620839,0.568913],[-0.0303863,-0.689511,0.723637]],[[0.813723,0.558109,0.162388],[-0.562483,0.685666,0.462034],[0.146522,-0.467308,0.871869]],[[0.813723,0.558109,0.162388],[-0.570372,0.8205,0.0381597],[-0.111942,-0.123673,0.985989]],[[0.813723,0.558109,0.162388],[-0.437933,0.772368,-0.460068],[-0.382191,0.303252,0.872908]]],"btipPosition":[-33.1381,322.915,-18.8637],"carpPosition":[-38.4506,302.975,76.2901],"dipPosition":[-41.8613,329.837,1.05982],"direction":[0.111942,0.123673,-0.985989],"extended":false,"handId":997,"id":9970,"length":50.8265,"mcpPosition":[-38.4506,302.975,76.2901],"pipPosition":[-45.5836,325.724,33.8457],"stabilizedTipPosition":[-32.1813,297.195,6.92462],"timeVisible":32.788,"tipPosition":[-34.1286,324.612,-13.474],"tipVelocity":[-43.6184,190.628,-205.253],"tool":false,"touchDistance":-0.443218,"touchZone":"hovering","type":0,"width":19.7488},{"bases":[[[0.816159,-0.565463,-0.118892],[0.545705,0.686649,0.480333],[-0.189974,-0.456908,0.868991]],[[0.813381,-0.57189,-0.106548],[0.557601,0.818658,-0.137409],[0.165809,0.0523546,0.984767]],[[0.813381,-0.57189,-0.106548],[0.514887,0.792984,-0.32568],[0.270744,0.210042,0.939457]],[[0.813381,-0.57189,-0.106548],[0.477588,0.761046,-0.438998],[0.332146,0.306187,0.892148]]],"btipPosition":[-23.7612,334.757,-61.0111],"carpPosition":[-18.5278,314.221,79.6094],"dipPosition":[-18.2267,339.859,-46.1455],"direction":[-0.270744,-0.210042,-0.939457],"extended":true,"handId":997,"id":9971,"length":57.352,"mcpPosition":[-4.89742,347.003,17.2604],"pipPosition":[-11.8447,344.81,-24.0004],"stabilizedTipPosition":[-22.6062,320.617,-47.0481],"timeVisible":32.788,"tipPosition":[-22.5032,336.078,-57.4939],"tipVelocity":[-3.41215,233.378,-189.02],"tool":false,"touchDistance":-0.354579,"touchZone":"hovering","type":1,"width":18.8641},{"bases":[[[0.677922,-0.730711,-0.0805261],[0.671527,0.570967,0.47228],[-0.299122,-0.374244,0.877763]],[[0.666886,-0.743524,-0.049345],[0.525716,0.516392,-0.67599],[0.528096,0.424867,0.735257]],[[0.666886,-0.743524,-0.049345],[-0.273337,-0.182484,-0.94445],[0.693217,0.643329,-0.324928]],[[0.666886,-0.743524,-0.049345],[-0.59743,-0.493923,-0.631758],[0.445354,0.450791,-0.773594]]],"btipPosition":[-39.6757,288.295,7.39733],"carpPosition":[-7.81725,308.906,78.4953],"dipPosition":[-31.5138,296.557,-6.78025],"direction":[-0.693217,-0.643329,0.324928],"extended":false,"handId":997,"id":9972,"length":65.348,"mcpPosition":[12.5354,334.37,18.7712],"pipPosition":[-12.2891,314.398,-15.7914],"stabilizedTipPosition":[-39.0252,254.986,24.3137],"timeVisible":32.788,"tipPosition":[-37.8522,290.095,4.74578],"tipVelocity":[-27.6657,176.052,-223.521],"tool":false,"touchDistance":0.333333,"touchZone":"none","type":2,"width":18.527},{"bases":[[[0.57395,-0.818768,0.0141498],[0.708368,0.505081,0.49306],[-0.410849,-0.272968,0.86988]],[[0.585648,-0.810489,-0.0111375],[0.560981,0.415198,-0.716178],[0.585079,0.41318,0.697829]],[[0.585648,-0.810489,-0.0111375],[-0.311516,-0.212369,-0.926206],[0.748314,0.5459,-0.376854]],[[0.585648,-0.810489,-0.0111375],[-0.647646,-0.459629,-0.607696],[0.487412,0.363109,-0.794091]]],"btipPosition":[-28.3996,278.302,18.3507],"carpPosition":[1.09406,300.995,77.2476],"dipPosition":[-19.5182,284.919,3.8811],"direction":[-0.748314,-0.5459,0.376854],"extended":false,"handId":997,"id":9973,"length":62.8339,"mcpPosition":[26.1927,317.671,24.1069],"pipPosition":[0.698575,299.667,-6.30013],"stabilizedTipPosition":[-29.6534,239.362,26.5502],"timeVisible":32.788,"tipPosition":[-26.3927,279.745,15.725],"tipVelocity":[-31.3885,164.836,-224.932],"tool":false,"touchDistance":0.333333,"touchZone":"none","type":3,"width":17.6296},{"bases":[[[0.397556,-0.916982,0.0330703],[0.749916,0.34547,0.56416],[-0.52875,-0.199485,0.825003]],[[0.410983,-0.911565,0.0119041],[0.662936,0.289874,-0.690282],[0.625786,0.291586,0.723443]],[[0.410983,-0.911565,0.0119041],[-0.307614,-0.150958,-0.93946],[0.858176,0.382441,-0.342451]],[[0.410983,-0.911565,0.0119041],[-0.691397,-0.320177,-0.647655],[0.594191,0.257945,-0.761841]]],"btipPosition":[-12.7868,277.567,22.5766],"carpPosition":[5.2499,287.973,74.8389],"dipPosition":[-2.79838,281.904,9.76987],"direction":[-0.858176,-0.382441,0.342451],"extended":false,"handId":997,"id":9974,"length":49.2606,"mcpPosition":[35.1507,299.254,28.185],"pipPosition":[13.5711,289.198,3.23771],"stabilizedTipPosition":[-12.1665,242.308,36.4942],"timeVisible":32.788,"tipPosition":[-10.4457,278.582,19.6044],"tipVelocity":[-32.1608,158.271,-221.186],"tool":false,"touchDistance":0.333333,"touchZone":"none","type":4,"width":15.66}],"r":[[0.982629,0.0516764,0.178242],[-0.05324,0.998574,0.00399711],[-0.177781,-0.0134173,0.983979]],"s":0.867201,"t":[-7.29273,-13.0246,14.5885],"timestamp":669737948121},false],[2,{"currentFrameRate":52.9808,"devices":[],"gestures":[],"hands":[{"armBasis":[[0.739625,-0.668923,-0.0741358],[0.649916,0.738503,-0.179505],[0.174825,0.0845845,0.98096]],"armWidth":62.1429,"confidence":0.568417,"direction":[0.39644,0.45724,-0.796095],"elbow":[36.1974,316.426,334.915],"grabStrength":0.393899,"id":997,"palmNormal":[-0.529616,-0.594404,-0.605137],"palmPosition":[3.23475,320.647,32.1848],"palmVelocity":[-1.224,121.185,-190.682],"palmWidth":88.738,"pinchStrength":0.603311,"r":[[0.982959,0.0471248,0.177681],[-0.0508445,0.998571,0.0164376],[-0.176652,-0.0251916,0.983951]],"s":0.868803,"sphereCenter":[-9.18298,290.989,-9.06929],"sphereRadius":46.3524,"stabilizedPalmPosition":[2.35853,289.888,49.5497],"t":[-7.30778,-10.7415,10.9819],"timeVisible":32.8067,"type":"right","wrist":[-9.83707,294.153,76.611]}],"id":4983276,"interactionBox":{"center":[0,200,0],"size":[235.247,235.247,147.751]},"pointables":[{"bases":[[[0.852817,0.354677,0.383285],[-0.521376,0.619772,0.586557],[-0.0295107,-0.700062,0.713472]],[[0.823427,0.545772,0.155246],[-0.546016,0.687689,0.478488],[0.154384,-0.478767,0.864261]],[[0.823427,0.545772,0.155246],[-0.559739,0.826156,0.064486],[-0.0930627,-0.139997,0.985769]],[[0.823427,0.545772,0.155246],[-0.440333,0.787177,-0.431808],[-0.357875,0.287203,0.888505]]],"btipPosition":[-33.8403,326.166,-22.057],"carpPosition":[-37.5873,304.759,73.0752],"dipPosition":[-42.0086,332.721,-1.7774],"direction":[0.0930627,0.139997,-0.985769],"extended":false,"handId":997,"id":9970,"length":50.8265,"mcpPosition":[-37.5873,304.759,73.0752],"pipPosition":[-45.1031,328.066,31.0011],"stabilizedTipPosition":[-32.4927,299.877,4.78459],"timeVisible":32.8067,"tipPosition":[-34.6522,327.73,-16.5983],"tipVelocity":[-37.2829,179.992,-186.036],"tool":false,"touchDistance":-0.4739,"touchZone":"hovering","type":0,"width":19.7488},{"bases":[[[0.805812,-0.575362,-0.14009],[0.563052,0.671168,0.482188],[-0.183409,-0.467431,0.864795]],[[0.803193,-0.581784,-0.128092],[0.568467,0.812813,-0.127201],[0.178119,0.0293505,0.983571]],[[0.803193,-0.581784,-0.128092],[0.524637,0.792668,-0.310536],[0.2822,0.182218,0.941892]],[[0.803193,-0.581784,-0.128092],[0.486881,0.764993,-0.421584],[0.343261,0.276248,0.897697]]],"btipPosition":[-24.1277,339.072,-64.1634],"carpPosition":[-17.4523,315.662,76.2558],"dipPosition":[-18.408,343.675,-49.2053],"direction":[-0.2822,-0.182218,-0.941892],"extended":true,"handId":997,"id":9971,"length":57.352,"mcpPosition":[-4.29293,349.2,14.2079],"pipPosition":[-11.7559,347.97,-27.0029],"stabilizedTipPosition":[-22.6582,325.545,-50.5017],"timeVisible":32.8067,"tipPosition":[-22.9545,340.047,-60.5532],"tipVelocity":[-10.171,228.751,-178.232],"tool":false,"touchDistance":-0.39442,"touchZone":"hovering","type":1,"width":18.8641},{"bases":[[[0.665752,-0.739155,-0.1021],[0.687015,0.553809,0.470432],[-0.291178,-0.383335,0.87651]],[[0.65497,-0.752326,-0.0708485],[0.523989,0.519726,-0.674775],[0.544472,0.404833,0.734615]],[[0.65497,-0.752326,-0.0708485],[-0.289066,-0.16282,-0.943361],[0.69818,0.638353,-0.324114]],[[0.65497,-0.752326,-0.0708485],[-0.613672,-0.474854,-0.630809],[0.440931,0.456639,-0.772697]]],"btipPosition":[-40.065,291.19,3.87377],"carpPosition":[-6.83965,310.21,74.8953],"dipPosition":[-31.9841,299.559,-10.2874],"direction":[-0.69818,-0.638353,0.324114],"extended":false,"handId":997,"id":9972,"length":65.348,"mcpPosition":[12.9725,336.292,15.2565],"pipPosition":[-12.6218,317.262,-19.2759],"stabilizedTipPosition":[-38.9915,256.558,23.3368],"timeVisible":32.8067,"tipPosition":[-38.2567,293,1.23867],"tipVelocity":[-24.7781,166.095,-206.013],"tool":false,"touchDistance":0.333333,"touchZone":"none","type":2,"width":18.527},{"bases":[[[0.561949,-0.827141,-0.00717175],[0.723192,0.487082,0.489636],[-0.401505,-0.280337,0.871897]],[[0.573096,-0.818868,-0.0318653],[0.566749,0.424133,-0.706333],[0.591909,0.386737,0.707162]],[[0.573096,-0.818868,-0.0318653],[-0.314822,-0.184099,-0.931125],[0.756603,0.543656,-0.363304]],[[0.573096,-0.818868,-0.0318653],[-0.657048,-0.435911,-0.615036],[0.489743,0.373412,-0.787855]]],"btipPosition":[-28.6947,280.973,13.4833],"carpPosition":[1.93382,302.19,73.3899],"dipPosition":[-19.7708,287.777,-0.872608],"direction":[-0.756603,-0.543656,0.363304],"extended":false,"handId":997,"id":9973,"length":62.8339,"mcpPosition":[26.4616,319.316,20.126],"pipPosition":[0.669909,302.465,-10.6878],"stabilizedTipPosition":[-29.5755,240.479,26.1268],"timeVisible":32.8067,"tipPosition":[-26.6929,282.417,11.1747],"tipVelocity":[-23.4955,155,-241.099],"tool":false,"touchDistance":0.333333,"touchZone":"none","type":3,"width":17.6296},{"bases":[[[0.384433,-0.923061,0.0129862],[0.76346,0.325809,0.557654],[-0.51898,-0.204466,0.829972]],[[0.397385,-0.917618,-0.007926],[0.657064,0.290558,-0.695588],[0.640587,0.271209,0.718397]],[[0.397385,-0.917618,-0.007926],[-0.323582,-0.132038,-0.936942],[0.858708,0.374892,-0.349394]],[[0.397385,-0.917618,-0.007926],[-0.70566,-0.30005,-0.641884],[0.586626,0.260668,-0.766761]]],"btipPosition":[-13.1229,279.825,18.5655],"carpPosition":[5.8597,289.148,70.7197],"dipPosition":[-3.26162,284.207,5.67608],"direction":[-0.858708,-0.374892,0.349394],"extended":false,"handId":997,"id":9974,"length":49.2606,"mcpPosition":[35.208,300.71,23.7847],"pipPosition":[13.118,291.358,-0.988518],"stabilizedTipPosition":[-12.1288,243.413,35.8947],"timeVisible":32.8067,"tipPosition":[-10.8133,280.845,15.5843],"tipVelocity":[-25.9719,140.048,-218.088],"tool":false,"touchDistance":0.333333,"touchZone":"none","type":4,"width":15.66}],"r":[[0.982959,0.0471248,0.177681],[-0.0508445,0.998571,0.0164376],[-0.176652,-0.0251916,0.983951]],"s":0.868803,"t":[-7.30778,-10.7415,10.9819],"timestamp":669737966880},false],[3,{"currentFrameRate":53.0285,"devices":[],"gestures":[],"hands":[{"armBasis":[[0.720279,-0.690365,-0.0677832],[0.670078,0.717712,-0.189436],[0.179429,0.0910264,0.979551]],"armWidth":62.1429,"confidence":0.584585,"direction":[0.405882,0.443971,-0.798843],"elbow":[36.5501,320.02,330.662],"grabStrength":0.385397,"id":997,"palmNormal":[-0.550272,-0.579169,-0.601469],"palmPosition":[2.93554,322.075,28.1934],"palmVelocity":[-8.41842,99.4033,-201.833],"palmWidth":88.738,"pinchStrength":0.599796,"r":[[0.983638,0.037653,0.176177],[-0.0429078,0.998738,0.0261115],[-0.174972,-0.0332437,0.984012]],"s":0.869988,"sphereCenter":[-10.4831,292.577,-13.0544],"sphereRadius":46.4971,"stabilizedPalmPosition":[2.37332,290.713,49.0024],"t":[-7.46491,-8.88595,7.18293],"timeVisible":32.8254,"type":"right","wrist":[-10.6966,296.051,72.7287]}],"id":4983277,"interactionBox":{"center":[0,200,0],"size":[235.247,235.247,147.751]},"pointables":[{"bases":[[[0.865008,0.329536,0.378375],[-0.49957,0.635989,0.588174],[-0.0468181,-0.6978,0.714761]],[[0.83956,0.52277,0.147818],[-0.523293,0.705081,0.478565],[0.145956,-0.479136,0.86552]],[[0.83956,0.52277,0.147818],[-0.536288,0.840979,0.0717587],[-0.0867985,-0.139519,0.986408]],[[0.83956,0.52277,0.147818],[-0.424481,0.801051,-0.422059],[-0.33905,0.291598,0.894436]]],"btipPosition":[-34.6151,328.787,-26.0339],"carpPosition":[-38.1345,307.478,69.3162],"dipPosition":[-42.3537,335.443,-5.61896],"direction":[0.0867985,0.139519,-0.986408],"extended":false,"handId":997,"id":9970,"length":50.8265,"mcpPosition":[-38.1345,307.478,69.3162],"pipPosition":[-45.2399,330.803,27.1808],"stabilizedTipPosition":[-32.8143,302.386,2.63127],"timeVisible":32.8254,"tipPosition":[-35.2947,330.294,-20.5654],"tipVelocity":[-36.7436,161.26,-198.26],"tool":false,"touchDistance":-0.51403,"touchZone":"hovering","type":0,"width":19.7488},{"bases":[[[0.787489,-0.599456,-0.143227],[0.585363,0.654714,0.478226],[-0.192903,-0.460437,0.866479]],[[0.784718,-0.605827,-0.131114],[0.592881,0.795307,-0.126408],[0.180857,0.0214597,0.983275]],[[0.784718,-0.605827,-0.131114],[0.549436,0.777753,-0.305319],[0.286944,0.16755,0.943181]],[[0.784718,-0.605827,-0.131114],[0.511882,0.752655,-0.41411],[0.349562,0.257845,0.900734]]],"btipPosition":[-23.9916,341.668,-68.2319],"carpPosition":[-17.6659,317.778,72.3768],"dipPosition":[-18.167,345.965,-53.2232],"direction":[-0.286945,-0.16755,-0.943181],"extended":true,"handId":997,"id":9971,"length":57.352,"mcpPosition":[-3.82532,350.813,10.208],"pipPosition":[-11.4031,349.914,-30.9903],"stabilizedTipPosition":[-22.6569,329.296,-53.6313],"timeVisible":32.8254,"tipPosition":[-22.8995,342.419,-64.5621],"tipVelocity":[-1.05305,183.237,-197.143],"tool":false,"touchDistance":-0.444163,"touchZone":"hovering","type":1,"width":18.8641},{"bases":[[[0.642781,-0.758922,-0.104259],[0.705693,0.533675,0.466034],[-0.298043,-0.373133,0.878602]],[[0.631754,-0.771735,-0.0728891],[0.53597,0.502806,-0.678176],[0.560021,0.389374,0.731276]],[[0.631754,-0.771735,-0.0728891],[-0.298539,-0.155451,-0.941653],[0.715375,0.616653,-0.328599]],[[0.631754,-0.771735,-0.0728891],[-0.630812,-0.457178,-0.626948],[0.450514,0.442056,-0.775644]]],"btipPosition":[-41.37,293.89,0.142935],"carpPosition":[-7.22839,312.008,70.9715],"dipPosition":[-33.1135,301.991,-14.0722],"direction":[-0.715375,-0.616653,0.328599],"extended":false,"handId":997,"id":9972,"length":65.348,"mcpPosition":[13.0509,337.396,11.1903],"pipPosition":[-13.2743,319.093,-23.1851],"stabilizedTipPosition":[-39.0118,258.223,22.2128],"timeVisible":32.8254,"tipPosition":[-39.5214,295.641,-2.51053],"tipVelocity":[-45.648,153.975,-203.245],"tool":false,"touchDistance":0.333333,"touchZone":"none","type":2,"width":18.527},{"bases":[[[0.536876,-0.843617,-0.00866178],[0.739953,0.465923,0.485165],[-0.405258,-0.266883,0.87438]],[[0.547902,-0.835896,-0.0328926],[0.585007,0.410966,-0.699195],[0.597972,0.363848,0.714173]],[[0.547902,-0.835896,-0.0328926],[-0.313096,-0.168445,-0.934664],[0.775741,0.522403,-0.354007]],[[0.547902,-0.835896,-0.0328926],[-0.667654,-0.413258,-0.619238],[0.504026,0.361243,-0.784514]]],"btipPosition":[-30.1476,283.481,8.75903],"carpPosition":[1.2931,303.727,69.4348],"dipPosition":[-20.9635,290.063,-5.53605],"direction":[-0.775741,-0.522403,0.354007],"extended":false,"handId":997,"id":9973,"length":62.8339,"mcpPosition":[26.0501,320.031,16.0192],"pipPosition":[-0.00576794,304.176,-15.1],"stabilizedTipPosition":[-29.5393,241.524,25.6419],"timeVisible":32.8254,"tipPosition":[-28.1158,284.849,6.64593],"tipVelocity":[-48.3349,143.557,-246.44],"tool":false,"touchDistance":0.333333,"touchZone":"none","type":3,"width":17.6296},{"bases":[[[0.356672,-0.934145,0.012553],[0.775719,0.303617,0.553242],[-0.52062,-0.187589,0.832926]],[[0.368754,-0.929501,-0.0069361],[0.66772,0.270076,-0.693693],[0.646661,0.251171,0.720238]],[[0.368754,-0.929501,-0.0069361],[-0.324731,-0.121829,-0.937927],[0.870959,0.348117,-0.346763]],[[0.368754,-0.929501,-0.0069361],[-0.714094,-0.278505,-0.642265],[0.595054,0.241791,-0.766451]]],"btipPosition":[-14.6619,281.81,14.326],"carpPosition":[4.81282,290.568,66.7662],"dipPosition":[-4.6589,285.875,1.44182],"direction":[-0.870959,-0.348117,0.346763],"extended":false,"handId":997,"id":9974,"length":49.2606,"mcpPosition":[34.2539,301.177,19.6641],"pipPosition":[11.9544,292.515,-5.17259],"stabilizedTipPosition":[-12.1345,244.365,35.3011],"timeVisible":32.8254,"tipPosition":[-12.3409,282.73,11.4918],"tipVelocity":[-52.5555,121.704,-222.334],"tool":false,"touchDistance":0.333333,"touchZone":"none","type":4,"width":15.66}],"r":[[0.983638,0.037653,0.176177],[-0.0429078,0.998738,0.0261115],[-0.174972,-0.0332437,0.984012]],"s":0.869988,"t":[-7.46491,-8.88595,7.18293],"timestamp":669737985566},false],[4,{"currentFrameRate":53.05,"devices":[],"gestures":[],"hands":[{"armBasis":[[0.705825,-0.702965,-0.0874693],[0.681837,0.70766,-0.185245],[0.192119,0.0711106,0.978792]],"armWidth":62.1429,"confidence":0.597556,"direction":[0.408392,0.44175,-0.798795],"elbow":[39.4067,316.429,325.812],"grabStrength":0.371831,"id":997,"palmNormal":[-0.564109,-0.565847,-0.601331],"palmPosition":[2.6141,323.76,23.6123],"palmVelocity":[-12.6668,94.7097,-222.426],"palmWidth":88.738,"pinchStrength":0.607536,"r":[[0.98445,0.0264569,0.17366],[-0.0330345,0.998838,0.0350957],[-0.172529,-0.0402867,0.98418]],"s":0.870773,"sphereCenter":[-11.5863,294.711,-17.8368],"sphereRadius":46.6048,"stabilizedPalmPosition":[2.37738,291.27,48.574],"t":[-7.70419,-7.11541,2.99289],"timeVisible":32.8442,"type":"right","wrist":[-11.1817,297.705,68.0785]}],"id":4983278,"interactionBox":{"center":[0,200,0],"size":[235.247,235.247,147.751]},"pointables":[{"bases":[[[0.873018,0.312165,0.374689],[-0.48465,0.640941,0.595238],[-0.0543415,-0.701247,0.710844]],[[0.848971,0.508537,0.143661],[-0.508345,0.711676,0.484874],[0.144337,-0.484673,0.862704]],[[0.848971,0.508537,0.143661],[-0.522421,0.848603,0.0833559],[-0.0795213,-0.145818,0.98611]],[[0.848971,0.508537,0.143661],[-0.415843,0.810666,-0.412185],[-0.326072,0.290193,0.899703]]],"btipPosition":[-35.3782,331.446,-30.4092],"carpPosition":[-38.4382,309.626,64.9141],"dipPosition":[-42.8206,338.07,-9.87408],"direction":[0.0795213,0.145818,-0.98611],"extended":false,"handId":997,"id":9970,"length":50.8265,"mcpPosition":[-38.4382,309.626,64.9141],"pipPosition":[-45.4648,333.221,22.9158],"stabilizedTipPosition":[-33.1179,304.557,0.621048],"timeVisible":32.8442,"tipPosition":[-35.9853,332.932,-24.9442],"tipVelocity":[-36.8774,151.503,-214.529],"tool":false,"touchDistance":-0.556176,"touchZone":"hovering","type":0,"width":19.7488},{"bases":[[[0.776015,-0.612132,-0.15197],[0.599715,0.641525,0.478318],[-0.195301,-0.46232,0.864938]],[[0.773208,-0.618539,-0.139857],[0.607305,0.785732,-0.1175],[0.182568,0.00591578,0.983175]],[[0.773208,-0.618539,-0.139857],[0.565057,0.772105,-0.290802],[0.287856,0.145823,0.946506]],[[0.773208,-0.618539,-0.139857],[0.528519,0.750422,-0.396906],[0.350453,0.232974,0.907141]]],"btipPosition":[-24.0362,345.154,-72.7763],"carpPosition":[-17.7744,319.551,67.9028],"dipPosition":[-18.1966,349.036,-57.6608],"direction":[-0.287856,-0.145823,-0.946507],"extended":true,"handId":997,"id":9971,"length":57.352,"mcpPosition":[-3.7618,352.721,5.84455],"pipPosition":[-11.4112,352.474,-35.3496],"stabilizedTipPosition":[-22.6635,332.384,-56.52],"timeVisible":32.8442,"tipPosition":[-23.0879,345.6,-69.0167],"tipVelocity":[-1.60746,181.955,-218.434],"tool":false,"touchDistance":-0.495879,"touchZone":"hovering","type":1,"width":18.8641},{"bases":[[[0.628812,-0.769301,-0.113016],[0.717842,0.518495,0.464613],[-0.298828,-0.373282,0.878272]],[[0.617627,-0.782261,-0.0812725],[0.544478,0.499866,-0.673556],[0.567522,0.371755,0.734655]],[[0.617627,-0.782261,-0.0812725],[-0.301713,-0.140239,-0.943028],[0.726296,0.606961,-0.322634]],[[0.617627,-0.782261,-0.0812725],[-0.640137,-0.439982,-0.629795],[0.456905,0.441004,-0.772498]]],"btipPosition":[-42.3089,296.618,-4.79339],"carpPosition":[-7.44803,313.609,66.3946],"dipPosition":[-33.9352,304.7,-18.9509],"direction":[-0.726296,-0.606961,0.322634],"extended":false,"handId":997,"id":9972,"length":65.348,"mcpPosition":[12.8846,339.008,6.63589],"pipPosition":[-13.7931,321.533,-27.8984],"stabilizedTipPosition":[-39.065,259.783,21.04],"timeVisible":32.8442,"tipPosition":[-40.4442,298.337,-7.32108],"tipVelocity":[-47.0761,149.633,-232.04],"tool":false,"touchDistance":0.333333,"touchZone":"none","type":2,"width":18.527},{"bases":[[[0.522068,-0.85273,-0.0172404],[0.751042,0.450044,0.483112],[-0.404205,-0.265165,0.875389]],[[0.53293,-0.845156,-0.0411829],[0.595317,0.409087,-0.691553],[0.601318,0.344033,0.721151]],[[0.53293,-0.845156,-0.0411829],[-0.312286,-0.151217,-0.937876],[0.786424,0.512683,-0.344519]],[[0.53293,-0.845156,-0.0411829],[-0.674472,-0.394905,-0.623809],[0.510953,0.360223,-0.780491]]],"btipPosition":[-31.1474,285.985,3.38144],"carpPosition":[0.918217,305.192,64.7525],"dipPosition":[-21.8371,292.549,-10.8403],"direction":[-0.786424,-0.512683,0.344519],"extended":false,"handId":997,"id":9973,"length":62.8339,"mcpPosition":[25.611,321.39,11.2753],"pipPosition":[-0.590745,306.4,-20.148],"stabilizedTipPosition":[-29.5286,242.445,25.13],"timeVisible":32.8442,"tipPosition":[-29.1101,287.322,1.39754],"tipVelocity":[-49.9829,138.487,-265.531],"tool":false,"touchDistance":0.333333,"touchZone":"none","type":3,"width":17.6296},{"bases":[[[0.340458,-0.940248,0.00460681],[0.784419,0.286728,0.549977],[-0.518436,-0.18363,0.835167]],[[0.351418,-0.936126,-0.0131743],[0.672633,0.262242,-0.691949],[0.651207,0.234302,0.721826]],[[0.351418,-0.936126,-0.0131743],[-0.326917,-0.109513,-0.938686],[0.877286,0.334178,-0.34452]],[[0.351418,-0.936126,-0.0131743],[-0.720252,-0.261336,-0.642604],[0.598115,0.235311,-0.766085]]],"btipPosition":[-15.7356,283.965,9.31131],"carpPosition":[4.19151,291.991,61.9819],"dipPosition":[-5.68115,287.921,-3.56673],"direction":[-0.877286,-0.334178,0.34452],"extended":false,"handId":997,"id":9974,"length":49.2606,"mcpPosition":[33.5091,302.375,14.7531],"pipPosition":[11.0528,294.295,-10.1384],"stabilizedTipPosition":[-12.1594,245.148,34.7413],"timeVisible":32.8442,"tipPosition":[-13.4182,284.834,6.57916],"tipVelocity":[-54.5117,117.674,-244.158],"tool":false,"touchDistance":0.333333,"touchZone":"none","type":4,"width":15.66}],"r":[[0.98445,0.0264569,0.17366],[-0.0330345,0.998838,0.0350957],[-0.172529,-0.0402867,0.98418]],"s":0.870773,"t":[-7.70419,-7.11541,2.99289],"timestamp":669738004339},false],[5,{"currentFrameRate":53.0404,"devices":[],"gestures":[],"hands":[{"armBasis":[[0.695915,-0.713775,-0.0789094],[0.692735,0.696206,-0.188188],[0.189261,0.0762999,0.978958]],"armWidth":62.1429,"confidence":0.609967,"direction":[0.408862,0.433193,-0.803228],"elbow":[38.2246,319.913,322.641],"grabStrength":0.356382,"id":997,"palmNormal":[-0.578759,-0.557435,-0.595235],"palmPosition":[2.23695,325.552,20.2251],"palmVelocity":[-16.2455,94.7915,-201.304],"palmWidth":88.738,"pinchStrength":0.616716,"r":[[0.985366,0.0142561,0.169857],[-0.0216727,0.998887,0.0418901],[-0.169071,-0.0449583,0.984578]],"s":0.871981,"sphereCenter":[-12.8498,296.672,-21.1464],"sphereRadius":46.7229,"stabilizedPalmPosition":[2.37563,291.696,48.2217],"t":[-8.01241,-5.33413,-0.795758],"timeVisible":32.8631,"type":"right","wrist":[-11.6113,299.822,64.8642]}],"id":4983279,"interactionBox":{"center":[0,200,0],"size":[235.247,235.247,147.751]},"pointables":[{"bases":[[[0.881371,0.298119,0.366483],[-0.468597,0.650223,0.598019],[-0.060015,-0.698809,0.712786]],[[0.858225,0.495564,0.133665],[-0.492438,0.721531,0.486722],[0.144759,-0.483539,0.86327]],[[0.858225,0.495564,0.133665],[-0.508507,0.856326,0.0901445],[-0.0697885,-0.145334,0.986918]],[[0.858225,0.495564,0.133665],[-0.408573,0.817212,-0.406488],[-0.310673,0.294246,0.903826]]],"btipPosition":[-36.3247,333.853,-33.5626],"carpPosition":[-38.6891,312.196,61.9092],"dipPosition":[-43.4157,340.569,-12.9333],"direction":[0.0697885,0.145334,-0.986918],"extended":false,"handId":997,"id":9970,"length":50.8265,"mcpPosition":[-38.6891,312.196,61.9092],"pipPosition":[-45.7362,335.736,19.8834],"stabilizedTipPosition":[-33.4292,306.542,-1.27327],"timeVisible":32.8631,"tipPosition":[-36.8409,335.322,-28.1094],"tipVelocity":[-41.2676,140.235,-190.646],"tool":false,"touchDistance":-0.575867,"touchZone":"hovering","type":0,"width":19.7488},{"bases":[[[0.764231,-0.625456,-0.157341],[0.614572,0.632255,0.471757],[-0.195584,-0.457229,0.867576]],[[0.76148,-0.631661,-0.145442],[0.621057,0.775241,-0.115283],[0.185572,-0.00254177,0.982627]],[[0.76148,-0.631661,-0.145442],[0.579907,0.764136,-0.282496],[0.289579,0.130772,0.948179]],[[0.76148,-0.631661,-0.145442],[0.544367,0.745011,-0.385516],[0.351871,0.214389,0.911166]]],"btipPosition":[-24.2673,348.033,-76.2534],"carpPosition":[-17.8357,321.776,64.6985],"dipPosition":[-18.4041,351.605,-61.0709],"direction":[-0.289579,-0.130772,-0.948179],"extended":true,"handId":997,"id":9971,"length":57.352,"mcpPosition":[-3.80281,354.582,2.45093],"pipPosition":[-11.5781,354.688,-38.7203],"stabilizedTipPosition":[-22.7033,334.951,-59.0508],"timeVisible":32.8631,"tipPosition":[-23.4565,348.211,-72.4161],"tipVelocity":[-6.67601,165.63,-201.2],"tool":false,"touchDistance":-0.52655,"touchZone":"hovering","type":1,"width":18.8641},{"bases":[[[0.614738,-0.780037,-0.116784],[0.730483,0.50722,0.457298],[-0.297475,-0.366428,0.881612]],[[0.60351,-0.792851,-0.0846359],[0.552894,0.492598,-0.672053],[0.574529,0.358796,0.73565]],[[0.60351,-0.792851,-0.0846359],[-0.304456,-0.131034,-0.94347],[0.736941,0.595162,-0.320469]],[[0.60351,-0.792851,-0.0846359],[-0.649384,-0.427141,-0.629167],[0.462684,0.43467,-0.772648]]],"btipPosition":[-43.308,299.253,-8.40522],"carpPosition":[-7.62449,315.658,63.1141],"dipPosition":[-34.8284,307.219,-22.5655],"direction":[-0.736941,-0.595162,0.320469],"extended":false,"handId":997,"id":9972,"length":65.348,"mcpPosition":[12.6161,340.59,3.12814],"pipPosition":[-14.3911,323.724,-31.4529],"stabilizedTipPosition":[-39.151,261.332,19.8132],"timeVisible":32.8631,"tipPosition":[-41.4351,300.915,-10.7834],"tipVelocity":[-49.2969,143.974,-212.049],"tool":false,"touchDistance":0.333333,"touchZone":"none","type":2,"width":18.527},{"bases":[[[0.507434,-0.86146,-0.0199132],[0.762682,0.438255,0.475657],[-0.401032,-0.256552,0.879405]],[[0.518215,-0.85412,-0.0439625],[0.596424,0.39775,-0.697189],[0.612969,0.335074,0.715538]],[[0.518215,-0.85412,-0.0439625],[-0.322524,-0.147558,-0.934989],[0.792106,0.498704,-0.35194]],[[0.518215,-0.85412,-0.0439625],[-0.686247,-0.384585,-0.61738],[0.510409,0.350105,-0.785435]]],"btipPosition":[-32.3268,288.317,0.336722],"carpPosition":[0.583984,307.097,61.418],"dipPosition":[-23.0263,294.696,-13.9751],"direction":[-0.792106,-0.498704,0.35194],"extended":false,"handId":997,"id":9973,"length":62.8339,"mcpPosition":[25.0829,322.77,7.69539],"pipPosition":[-1.62647,308.169,-23.4833],"stabilizedTipPosition":[-29.5419,243.401,24.563],"timeVisible":32.8631,"tipPosition":[-30.2816,289.62,-1.70714],"tipVelocity":[-56.1473,130.015,-214.928],"tool":false,"touchDistance":0.333333,"touchZone":"none","type":3,"width":17.6296},{"bases":[[[0.324569,-0.945855,0.00368548],[0.793875,0.274532,0.542581],[-0.514215,-0.17318,0.839995]],[[0.334288,-0.942391,-0.0122873],[0.678249,0.249602,-0.691142],[0.654393,0.222707,0.722615]],[[0.334288,-0.942391,-0.0122873],[-0.327622,-0.103971,-0.939071],[0.883694,0.317946,-0.343504]],[[0.334288,-0.942391,-0.0122873],[-0.725873,-0.249125,-0.641128],[0.601132,0.22324,-0.767336]]],"btipPosition":[-16.8386,286.133,5.67837],"carpPosition":[3.60994,293.837,58.6475],"dipPosition":[-6.73349,289.886,-7.22069],"direction":[-0.883694,-0.317946,0.343504],"extended":false,"handId":997,"id":9974,"length":49.2606,"mcpPosition":[32.6888,303.63,11.1458],"pipPosition":[10.1227,295.951,-13.7729],"stabilizedTipPosition":[-12.1999,245.869,34.1899],"timeVisible":32.8631,"tipPosition":[-14.5336,286.928,3.094],"tipVelocity":[-56.1147,115.043,-218.884],"tool":false,"touchDistance":0.333333,"touchZone":"none","type":4,"width":15.66}],"r":[[0.985366,0.0142561,0.169857],[-0.0216727,0.998887,0.0418901],[-0.169071,-0.0449583,0.984578]],"s":0.871981,"t":[-8.01241,-5.33413,-0.795758],"timestamp":669738023227},false],[6,{"currentFrameRate":53.0334,"devices":[],"gestures":[],"hands":[{"armBasis":[[0.69637,-0.714158,-0.0710461],[0.693593,0.695123,-0.189032],[0.184384,0.0823588,0.979398]],"armWidth":62.1429,"confidence":0.577285,"direction":[0.403897,0.4332,-0.805733],"elbow":[37.2193,322.331,320.073],"grabStrength":0.339236,"id":997,"palmNormal":[-0.584608,-0.555229,-0.591569],"palmPosition":[2.24448,326.397,17.4711],"palmVelocity":[-8.08913,70.2578,-174.134],"palmWidth":88.738,"pinchStrength":0.624977,"r":[[0.986241,0.0039732,0.165268],[-0.0119958,0.998796,0.0475732],[-0.16488,-0.0489012,0.985101]],"s":0.873985,"sphereCenter":[-13.271,297.655,-23.913],"sphereRadius":46.8375,"stabilizedPalmPosition":[2.37455,291.982,47.9686],"t":[-8.16276,-4.02123,-4.06708],"timeVisible":32.882,"type":"right","wrist":[-11.3323,300.644,62.1805]}],"id":4983280,"interactionBox":{"center":[0,200,0],"size":[235.247,235.247,147.751]},"pointables":[{"bases":[[[0.884843,0.295453,0.360222],[-0.462462,0.650624,0.602343],[-0.056405,-0.699568,0.712336]],[[0.860045,0.494319,0.126377],[-0.487397,0.722725,0.490013],[0.150887,-0.483028,0.862506]],[[0.860045,0.494319,0.126377],[-0.506705,0.856524,0.0980652],[-0.059769,-0.148376,0.987123]],[[0.860045,0.494319,0.126377],[-0.411977,0.818927,-0.399541],[-0.300994,0.291559,0.907963]]],"btipPosition":[-36.8885,334.883,-36.091],"carpPosition":[-38.4005,313.089,59.4449],"dipPosition":[-43.7585,341.538,-15.3673],"direction":[0.059769,0.148376,-0.987123],"extended":false,"handId":997,"id":9970,"length":50.8265,"mcpPosition":[-38.4005,313.089,59.4449],"pipPosition":[-45.746,336.604,17.4562],"stabilizedTipPosition":[-33.6792,308.024,-2.76417],"timeVisible":32.882,"tipPosition":[-37.3526,336.336,-30.6414],"tipVelocity":[-34.3592,97.9034,-162.28],"tool":false,"touchDistance":-0.584214,"touchZone":"hovering","type":0,"width":19.7488},{"bases":[[[0.76146,-0.627157,-0.16387],[0.619679,0.630118,0.46792],[-0.190202,-0.457849,0.868446]],[[0.758926,-0.63305,-0.152578],[0.623756,0.774009,-0.10881],[0.186978,-0.0125927,0.982283]],[[0.758926,-0.63305,-0.152578],[0.584067,0.765362,-0.270345],[0.287919,0.116056,0.950596]],[[0.758926,-0.63305,-0.152578],[0.549882,0.748536,-0.370573],[0.348801,0.197338,0.916185]]],"btipPosition":[-24.2891,349.967,-79.0511],"carpPosition":[-17.5028,322.614,62.0893],"dipPosition":[-18.4771,353.256,-63.785],"direction":[-0.287919,-0.116056,-0.950596],"extended":true,"handId":997,"id":9971,"length":57.352,"mcpPosition":[-3.85604,355.464,-0.220575],"pipPosition":[-11.6903,355.991,-41.3773],"stabilizedTipPosition":[-22.7343,336.912,-61.1014],"timeVisible":32.882,"tipPosition":[-23.611,349.889,-75.1448],"tipVelocity":[-4.27749,132.971,-174.717],"tool":false,"touchDistance":-0.543905,"touchZone":"hovering","type":1,"width":18.8641},{"bases":[[[0.61189,-0.781417,-0.122385],[0.735165,0.504813,0.452433],[-0.291757,-0.366812,0.883361]],[[0.600743,-0.794382,-0.0898042],[0.554001,0.494658,-0.669624],[0.57636,0.35252,0.737251]],[[0.600743,-0.794382,-0.0898042],[-0.305655,-0.124433,-0.943976],[0.738704,0.594536,-0.317559]],[[0.600743,-0.794382,-0.0898042],[-0.652461,-0.422278,-0.629266],[0.461956,0.436621,-0.771984]]],"btipPosition":[-43.5132,300.37,-11.3859],"carpPosition":[-7.31912,316.473,60.4206],"dipPosition":[-35.047,308.372,-25.534],"direction":[-0.738704,-0.594536,0.317559],"extended":false,"handId":997,"id":9972,"length":65.348,"mcpPosition":[12.5324,341.431,0.315559],"pipPosition":[-14.5608,324.86,-34.3407],"stabilizedTipPosition":[-39.2213,262.523,18.8093],"timeVisible":32.882,"tipPosition":[-41.6543,302.014,-13.6684],"tipVelocity":[-30.5456,102.626,-185.425],"tool":false,"touchDistance":0.333333,"touchZone":"none","type":2,"width":18.527},{"bases":[[[0.505114,-0.862696,-0.0248125],[0.767328,0.435744,0.470462],[-0.395053,-0.256676,0.882072]],[[0.515699,-0.855376,-0.0488561],[0.592047,0.396998,-0.701337],[0.619302,0.332753,0.711154]],[[0.515699,-0.855376,-0.0488561],[-0.330024,-0.145698,-0.932661],[0.790657,0.497095,-0.357431]],[[0.515699,-0.855376,-0.0488561],[-0.691857,-0.382123,-0.61263],[0.50536,0.349734,-0.788859]]],"btipPosition":[-32.5659,289.272,-2.19042],"carpPosition":[0.854935,307.893,58.652],"dipPosition":[-23.3574,295.644,-16.5647],"direction":[-0.790657,-0.497095,0.357432],"extended":false,"handId":997,"id":9973,"length":62.8339,"mcpPosition":[24.9886,323.573,4.7665],"pipPosition":[-1.99673,309.074,-26.2212],"stabilizedTipPosition":[-29.5569,244.184,24.0662],"timeVisible":32.882,"tipPosition":[-30.5294,290.576,-4.27375],"tipVelocity":[-35.3875,91.0461,-175.566],"tool":false,"touchDistance":0.333333,"touchZone":"none","type":3,"width":17.6296},{"bases":[[[0.322221,-0.946664,0.0000538944],[0.798614,0.271859,0.536944],[-0.50832,-0.172971,0.843618]],[[0.33144,-0.943352,-0.0153347],[0.674199,0.248182,-0.695602],[0.660003,0.220211,0.718264]],[[0.33144,-0.943352,-0.0153347],[-0.334228,-0.102198,-0.936935],[0.882292,0.315663,-0.349167]],[[0.33144,-0.943352,-0.0153347],[-0.730922,-0.246459,-0.636405],[0.596574,0.222138,-0.771203]]],"btipPosition":[-17.0452,287.062,2.99114],"carpPosition":[3.82681,294.629,55.8422],"dipPosition":[-7.01671,290.796,-9.97293],"direction":[-0.882292,-0.315663,0.349167],"extended":false,"handId":997,"id":9974,"length":49.2606,"mcpPosition":[32.5723,304.411,8.13548],"pipPosition":[9.81277,296.817,-16.6332],"stabilizedTipPosition":[-12.2327,246.412,33.7483],"timeVisible":32.882,"tipPosition":[-14.7528,287.848,0.389258],"tipVelocity":[-34.4355,82.6533,-181.754],"tool":false,"touchDistance":0.333