{"sensorType":"Leap","data":[[0,{"currentFrameRate":52.9755,"devices":[],"gestures":[],"hands":[{"armBasis":[[0.654247,-0.750932,-0.089787],[0.719297,0.654524,-0.232829],[0.233606,0.0877439,0.968364]],"armWidth":62.1429,"confidence":0.605876,"direction":[0.44369,0.382543,-0.810432],"elbow":[44.5001,307.612,335.17],"grabStrength":0.607149,"id":997,"palmNormal":[-0.587245,-0.559008,-0.585366],"palmPosition":[-1.15295,307.768,34.863],"palmVelocity":[8.81433,197.8,-212.882],"palmWidth":88.738,"pinchStrength":0.573259,"r":[[0.983644,-0.0398193,0.175665],[0.0500677,0.997269,-0.0542982],[-0.173023,0.0622053,0.982951]],"s":0.84107,"sphereCenter":[-15.4865,277.835,-4.05859],"sphereRadius":45.242,"stabilizedPalmPosition":[-2.25692,292.535,44.2648],"t":[-11.8784,-25.0836,14.0968],"timeVisible":20.2603,"type":"right","wrist":[-17.0125,284.508,80.1832]}],"id":4982616,"interactionBox":{"center":[0,200,0],"size":[235.247,235.247,147.751]},"pointables":[{"bases":[[[0.884235,0.278618,0.374834],[-0.455351,0.692744,0.559251],[-0.103847,-0.66519,0.739417]],[[0.867428,0.486701,0.103396],[-0.478408,0.758723,0.442114],[0.136729,-0.432967,0.89098]],[[0.867428,0.486701,0.103396],[-0.487356,0.872961,-0.0205532],[-0.100264,-0.0325622,0.994428]],[[0.867428,0.486701,0.103396],[-0.405674,0.812115,-0.419401],[-0.288092,0.321855,0.901894]]],"btipPosition":[-40.2466,312.611,-20.9541],"carpPosition":[-43.4998,297.796,76.0723],"dipPosition":[-46.8221,319.957,-0.368996],"direction":[0.100264,0.0325622,-0.994428],"extended":false,"handId":997,"id":9970,"length":50.8265,"mcpPosition":[-43.4998,297.796,76.0723],"pipPosition":[-50.1561,318.874,32.6975],"stabilizedTipPosition":[-41.2784,301.277,-8.33056],"timeVisible":20.2603,"tipPosition":[-40.6382,315.1,-15.6646],"tipVelocity":[-22.675,256.042,-214.088],"tool":false,"touchDistance":-0.180635,"touchZone":"hovering","type":0,"width":19.7488},{"bases":[[[0.741852,-0.66097,-0.113025],[0.628769,0.627087,0.459795],[-0.233034,-0.412166,0.880803]],[[0.739965,-0.664244,-0.105979],[0.619257,0.734241,-0.278229],[0.262626,0.140251,0.95465]],[[0.739965,-0.664244,-0.105979],[0.55319,0.690587,-0.465908],[0.382665,0.286129,0.878463]],[[0.739965,-0.664244,-0.105979],[0.502197,0.650375,-0.569921],[0.447493,0.368499,0.814836]]],"btipPosition":[-33.107,317.473,-58.5188],"carpPosition":[-22.3464,306.662,78.9614],"dipPosition":[-25.6505,323.613,-44.9414],"direction":[-0.382665,-0.286129,-0.878463],"extended":true,"handId":997,"id":9971,"length":57.352,"mcpPosition":[-5.62651,336.234,15.7649],"pipPosition":[-16.6303,330.358,-24.2341],"stabilizedTipPosition":[-31.5824,316.643,-53.7884],"timeVisible":20.2603,"tipPosition":[-31.9637,318.386,-54.8766],"tipVelocity":[31.6218,336.569,-228.852],"tool":false,"touchDistance":0.0731686,"touchZone":"hovering","type":1,"width":18.8641},{"bases":[[[0.585415,-0.807732,-0.0697028],[0.739867,0.497113,0.453293],[-0.331489,-0.316936,0.888632]],[[0.574954,-0.817088,-0.0423674],[0.538972,0.417197,-0.731749],[0.615579,0.397887,0.680256]],[[0.574954,-0.817088,-0.0423674],[-0.377982,-0.219333,-0.899457],[0.725643,0.53316,-0.434951]],[[0.574954,-0.817088,-0.0423674],[-0.704187,-0.467816,-0.534106],[0.416591,0.336921,-0.844355]]],"btipPosition":[-46.4966,281.988,12.972],"carpPosition":[-12.356,300.088,77.876],"dipPosition":[-38.8618,288.163,-2.50238],"direction":[-0.725643,-0.533161,0.434951],"extended":false,"handId":997,"id":9972,"length":65.348,"mcpPosition":[10.199,321.652,17.4124],"pipPosition":[-18.7378,302.949,-14.5647],"stabilizedTipPosition":[-44.939,269.924,16.0669],"timeVisible":20.2603,"tipPosition":[-44.5509,283.61,8.38423],"tipVelocity":[-8.53191,242.945,-231.056],"tool":false,"touchDistance":0.333333,"touchZone":"none","type":2,"width":18.527},{"bases":[[[0.472802,-0.880728,0.0278549],[0.768858,0.427777,0.475252],[-0.430483,-0.203283,0.879409]],[[0.488585,-0.872501,-0.00508392],[0.565504,0.321098,-0.759672],[0.664447,0.368289,0.650287]],[[0.488585,-0.872501,-0.00508392],[-0.414583,-0.227024,-0.881238],[0.767727,0.432667,-0.472645]],[[0.488585,-0.872501,-0.00508392],[-0.748702,-0.416253,-0.515924],[0.448029,0.255879,-0.856619]]],"btipPosition":[-36.021,271.167,23.0519],"carpPosition":[-4.46162,291.148,76.7321],"dipPosition":[-27.8572,275.83,7.44296],"direction":[-0.767727,-0.432667,0.472645],"extended":false,"handId":997,"id":9973,"length":62.8339,"mcpPosition":[21.8365,303.566,23.0093],"pipPosition":[-7.11601,287.519,-5.3262],"stabilizedTipPosition":[-34.3628,255.394,29.7131],"timeVisible":20.2603,"tipPosition":[-34.0383,272.282,19.0161],"tipVelocity":[-9.80485,227.897,-262.275],"tool":false,"touchDistance":0.333333,"touchZone":"none","type":3,"width":17.6296},{"bases":[[[0.28622,-0.95683,0.0505389],[0.791963,0.265933,0.549613],[-0.539326,-0.117285,0.833889]],[[0.293705,-0.955104,0.0389182],[0.674577,0.17825,-0.71636],[0.677261,0.236652,0.696644]],[[0.293705,-0.955104,0.0389182],[-0.386693,-0.155949,-0.908927],[0.874189,0.251907,-0.415135]],[[0.293705,-0.955104,0.0389182],[-0.774926,-0.261741,-0.57531],[0.559667,0.138813,-0.817009]]],"btipPosition":[-20.8476,269.008,25.0582],"carpPosition":[-1.90882,277.675,74.5852],"dipPosition":[-11.4395,271.341,11.3242],"direction":[-0.874189,-0.251907,0.415135],"extended":false,"handId":997,"id":9974,"length":49.2606,"mcpPosition":[28.5901,284.307,27.4287],"pipPosition":[5.23539,276.146,3.40557],"stabilizedTipPosition":[-18.7398,252.654,31.516],"timeVisible":20.2603,"tipPosition":[-18.4495,269.61,20.9991],"tipVelocity":[-13.5121,217.472,-244.024],"tool":false,"touchDistance":0.333333,"touchZone":"none","type":4,"width":15.66}],"r":[[0.983644,-0.0398193,0.175665],[0.0500677,0.997269,-0.0542982],[-0.173023,0.0622053,0.982951]],"s":0.84107,"t":[-11.8784,-25.0836,14.0968],"timestamp":669725420498},false],[1,{"currentFrameRate":52.9792,"devices":[],"gestures":[],"hands":[{"armBasis":[[0.647132,-0.75944,-0.0668632],[0.737945,0.646004,-0.195235],[0.191463,0.0770014,0.978475]],"armWidth":62.1429,"confidence":0.617395,"direction":[0.449427,0.385758,-0.805734],"elbow":[33.379,308.316,332.814],"grabStrength":0.582375,"id":997,"palmNormal":[-0.602105,-0.535487,-0.592219],"palmPosition":[-0.810812,311.685,30.1744],"palmVelocity":[13.3807,202.629,-230.358],"palmWidth":88.738,"pinchStrength":0.582877,"r":[[0.98325,-0.0521839,0.174629],[0.0593532,0.997585,-0.0360832],[-0.172324,0.0458437,0.983973]],"s":0.845339,"sphereCenter":[-15.9017,282.521,-9.32921],"sphereRadius":45.5097,"stabilizedPalmPosition":[-1.99835,295.959,41.7454],"t":[-11.6234,-21.252,9.73089],"timeVisible":20.2792,"type":"right","wrist":[-17.0366,288.04,75.1647]}],"id":4982617,"interactionBox":{"center":[0,200,0],"size":[235.247,235.247,147.751]},"pointables":[{"bases":[[[0.891784,0.251908,0.37585],[-0.437219,0.693568,0.572541],[-0.11645,-0.674912,0.728652]],[[0.877829,0.467555,0.103963],[-0.460221,0.763212,0.453546],[0.132712,-0.445982,0.885148]],[[0.877829,0.467555,0.103963],[-0.469897,0.882719,-0.00220949],[-0.0928029,-0.0469122,0.994579]],[[0.877829,0.467555,0.103963],[-0.393986,0.828288,-0.39839],[-0.27238,0.308759,0.911305]]],"btipPosition":[-40.3835,318.225,-25.5798],"carpPosition":[-43.2255,302.001,71.3826],"dipPosition":[-46.6004,325.272,-4.77984],"direction":[0.0928029,0.0469122,-0.994579],"extended":false,"handId":997,"id":9970,"length":50.8265,"mcpPosition":[-43.2255,302.001,71.3826],"pipPosition":[-49.6862,323.712,28.2916],"stabilizedTipPosition":[-41.4773,308.179,-12.9644],"timeVisible":20.2792,"tipPosition":[-40.6421,320.594,-20.22],"tipVelocity":[-12.9826,274.627,-228.059],"tool":false,"touchDistance":-0.258321,"touchZone":"hovering","type":0,"width":19.7488},{"bases":[[[0.726004,-0.675861,-0.127008],[0.64473,0.604686,0.467631],[-0.239254,-0.421388,0.874751]],[[0.72369,-0.679847,-0.118664],[0.639685,0.725334,-0.25435],[0.25899,0.108163,0.959805]],[[0.72369,-0.679847,-0.118664],[0.577303,0.69058,-0.435684],[0.378145,0.246795,0.892243]],[[0.72369,-0.679847,-0.118664],[0.528726,0.656691,-0.537779],[0.443533,0.326444,0.834693]]],"btipPosition":[-31.8524,324.773,-63.5842],"carpPosition":[-21.863,310.328,74.3335],"dipPosition":[-24.462,330.213,-49.6759],"direction":[-0.378145,-0.246795,-0.892243],"extended":true,"handId":997,"id":9971,"length":57.352,"mcpPosition":[-4.69682,340.562,11.5712],"pipPosition":[-15.5483,336.03,-28.6438],"stabilizedTipPosition":[-31.5824,316.643,-53.7884],"timeVisible":20.2792,"tipPosition":[-30.9405,325.277,-59.7317],"tipVelocity":[48.3138,357.099,-246.315],"tool":false,"touchDistance":-0.0599851,"touchZone":"hovering","type":1,"width":18.8641},{"bases":[[[0.566386,-0.819693,-0.0855045],[0.752778,0.47232,0.458518],[-0.335459,-0.324064,0.884562]],[[0.555781,-0.829288,-0.0582108],[0.549784,0.419176,-0.722516],[0.623574,0.369557,0.688899]],[[0.555781,-0.829288,-0.0582108],[-0.379422,-0.190735,-0.90535],[0.739693,0.525263,-0.420657]],[[0.555781,-0.829288,-0.0582108],[-0.713105,-0.439582,-0.546121],[0.427303,0.345034,-0.835681]]],"btipPosition":[-46.8631,287.333,7.50979],"carpPosition":[-12.0307,303.545,73.0985],"dipPosition":[-39.0319,293.656,-7.80566],"direction":[-0.739693,-0.525263,0.420657],"extended":false,"handId":997,"id":9972,"length":65.348,"mcpPosition":[10.7943,325.595,12.9118],"pipPosition":[-18.5183,308.223,-19.4716],"stabilizedTipPosition":[-44.9702,274.71,13.0022],"timeVisible":20.2792,"tipPosition":[-44.877,288.975,3.25179],"tipVelocity":[-12.6967,263.619,-258.771],"tool":false,"touchDistance":0.333333,"touchZone":"none","type":2,"width":18.527},{"bases":[[[0.452477,-0.891705,0.0112779],[0.780243,0.401978,0.479202],[-0.43184,-0.208028,0.877632]],[[0.468381,-0.88326,-0.0217012],[0.573106,0.32242,-0.753389],[0.672435,0.340436,0.657217]],[[0.468381,-0.88326,-0.0217012],[-0.419094,-0.200483,-0.885532],[0.777804,0.423861,-0.464072]],[[0.468381,-0.88326,-0.0217012],[-0.758351,-0.389297,-0.52283],[0.453347,0.261341,-0.852161]]],"btipPosition":[-36.5425,276.108,17.5876],"carpPosition":[-4.34875,294.447,71.774],"dipPosition":[-28.2818,280.87,2.05986],"direction":[-0.777804,-0.423861,0.464072],"extended":false,"handId":997,"id":9973,"length":62.8339,"mcpPosition":[22.0322,307.155,18.1598],"pipPosition":[-7.26832,292.321,-10.4777],"stabilizedTipPosition":[-34.4091,259.002,27.1161],"timeVisible":20.2792,"tipPosition":[-34.5537,277.242,13.7211],"tipVelocity":[-17.9629,245.163,-275.221],"tool":false,"touchDistance":0.333333,"touchZone":"none","type":3,"width":17.6296},{"bases":[[[0.264275,-0.963867,0.0334443],[0.799883,0.238424,0.550764],[-0.538838,-0.118801,0.833991]],[[0.271753,-0.962119,0.0218263],[0.675915,0.174672,-0.715981],[0.685047,0.209323,0.697779]],[[0.271753,-0.962119,0.0218263],[-0.393474,-0.131778,-0.909842],[0.878253,0.238664,-0.41438]],[[0.271753,-0.962119,0.0218263],[-0.782841,-0.234193,-0.576467],[0.559742,0.13957,-0.816829]]],"btipPosition":[-21.4287,273.557,19.8036],"carpPosition":[-2.115,280.956,69.3928],"dipPosition":[-12.0193,275.904,6.07255],"direction":[-0.878253,-0.238664,0.41438],"extended":false,"handId":997,"id":9974,"length":49.2606,"mcpPosition":[28.3563,287.674,22.2306],"pipPosition":[4.73311,280.456,-1.83164],"stabilizedTipPosition":[-18.8225,256.036,29.1704],"timeVisible":20.2792,"tipPosition":[-19.0337,274.171,15.7514],"tipVelocity":[-21.9733,229.168,-260.93],"tool":false,"touchDistance":0.333333,"touchZone":"none","type":4,"width":15.66}],"r":[[0.98325,-0.0521839,0.174629],[0.0593532,0.997585,-0.0360832],[-0.172324,0.0458437,0.983973]],"s":0.845339,"t":[-11.6234,-21.252,9.73089],"timestamp":669725439360},false],[2,{"currentFrameRate":53.0458,"devices":[],"gestures":[],"hands":[{"armBasis":[[0.662948,-0.746811,-0.052659],[0.725754,0.658336,-0.199689],[0.183797,0.0941658,0.978443]],"armWidth":62.1429,"confidence":0.622336,"direction":[0.454836,0.402834,-0.79426],"elbow":[31.0381,316.504,328.981],"grabStrength":0.552463,"id":997,"palmNormal":[-0.58274,-0.539795,-0.607482],"palmPosition":[-0.867278,316.143,26.8718],"palmVelocity":[5.41748,220.546,-204.689],"palmWidth":88.738,"pinchStrength":0.61282,"r":[[0.982516,-0.0588373,0.176634],[0.0631986,0.997817,-0.019163],[-0.175121,0.029991,0.98409]],"s":0.848726,"sphereCenter":[-14.6726,286.956,-13.2291],"sphereRadius":45.6511,"stabilizedPalmPosition":[-1.79068,299.665,39.0145],"t":[-11.5241,-17.1069,5.89662],"timeVisible":20.2978,"type":"right","wrist":[-17.3589,291.708,71.3398]}],"id":4982618,"interactionBox":{"center":[0,200,0],"size":[235.247,235.247,147.751]},"pointables":[{"bases":[[[0.880967,0.263981,0.392697],[-0.458887,0.679057,0.572978],[-0.115408,-0.684979,0.719365]],[[0.865438,0.487577,0.115267],[-0.484325,0.755271,0.441583],[0.128248,-0.43799,0.889785]],[[0.865438,0.487577,0.115267],[-0.489652,0.871842,-0.0115094],[-0.106107,-0.0464802,0.993268]],[[0.865438,0.487577,0.115267],[-0.405797,0.817091,-0.409501],[-0.293847,0.307622,0.904998]]],"btipPosition":[-39.7466,321.075,-29.708],"carpPosition":[-43.7383,305.228,67.2926],"dipPosition":[-46.4534,328.096,-9.05195],"direction":[0.106107,0.0464802,-0.993268],"extended":false,"handId":997,"id":9970,"length":50.8265,"mcpPosition":[-43.7383,305.228,67.2926],"pipPosition":[-49.9817,326.551,23.9759],"stabilizedTipPosition":[-41.4172,312.815,-16.7956],"timeVisible":20.2978,"tipPosition":[-40.2639,323.837,-24.3245],"tipVelocity":[6.9795,215.536,-225.886],"tool":false,"touchDistance":-0.323241,"touchZone":"hovering","type":0,"width":19.7488},{"bases":[[[0.74026,-0.661022,-0.12274],[0.626032,0.611141,0.484345],[-0.245151,-0.43538,0.866225]],[[0.737751,-0.665378,-0.114001],[0.634616,0.741159,-0.218966],[0.230188,0.0891953,0.96905]],[[0.737751,-0.665378,-0.114001],[0.581196,0.711942,-0.394144],[0.343417,0.224523,0.911951]],[[0.737751,-0.665378,-0.114001],[0.538681,0.682021,-0.494642],[0.406875,0.303513,0.861587]]],"btipPosition":[-29.5122,331.063,-67.9329],"carpPosition":[-22.5821,313.912,70.673],"dipPosition":[-22.7325,336.12,-53.5765],"direction":[-0.343417,-0.224523,-0.911951],"extended":true,"handId":997,"id":9971,"length":57.352,"mcpPosition":[-4.9928,345.15,8.52248],"pipPosition":[-14.6375,341.413,-32.0798],"stabilizedTipPosition":[-29.1665,327.015,-61.0054],"timeVisible":20.2978,"tipPosition":[-28.9284,331.194,-63.8809],"tipVelocity":[82.2133,345.508,-237.485],"tool":false,"touchDistance":-0.155782,"touchZone":"hovering","type":1,"width":18.8641},{"bases":[[[0.582691,-0.808201,-0.0853402],[0.736635,0.480882,0.475521],[-0.343278,-0.339947,0.875555]],[[0.571819,-0.818308,-0.0582771],[0.556418,0.439053,-0.70543],[0.602846,0.370952,0.706379]],[[0.571819,-0.818308,-0.0582771],[-0.357062,-0.184294,-0.915719],[0.7386,0.544434,-0.39757]],[[0.571819,-0.818308,-0.0582771],[-0.694079,-0.444692,-0.566129],[0.437353,0.364172,-0.822254]]],"btipPosition":[-46.0879,291.244,2.83746],"carpPosition":[-12.6081,307.324,69.5214],"dipPosition":[-38.0726,297.918,-12.2319],"direction":[-0.7386,-0.544434,0.39757],"extended":false,"handId":997,"id":9972,"length":65.348,"mcpPosition":[10.749,330.454,9.94754],"pipPosition":[-17.5893,313.017,-23.2575],"stabilizedTipPosition":[-44.7988,278.977,9.78282],"timeVisible":20.2978,"tipPosition":[-44.0763,292.945,-1.15485],"tipVelocity":[14.7727,239.787,-253.545],"tool":false,"touchDistance":0.333333,"touchZone":"none","type":2,"width":18.527},{"bases":[[[0.468624,-0.883354,0.00883266],[0.765065,0.410829,0.495878],[-0.441664,-0.225623,0.868348]],[[0.484929,-0.874228,-0.023884],[0.579166,0.341483,-0.740241],[0.655295,0.345131,0.671918]],[[0.484929,-0.874228,-0.023884],[-0.40084,-0.197905,-0.894517],[0.777285,0.443351,-0.446395]],[[0.484929,-0.874228,-0.023884],[-0.74247,-0.397104,-0.539487],[0.46215,0.279346,-0.841655]]],"btipPosition":[-35.7328,280.059,13.2922],"carpPosition":[-4.73967,298.383,68.221],"dipPosition":[-27.3117,285.15,-2.04412],"direction":[-0.777285,-0.443351,0.446395],"extended":false,"handId":997,"id":9973,"length":62.8339,"mcpPosition":[22.2414,312.166,15.1739],"pipPosition":[-6.31224,297.127,-14.1041],"stabilizedTipPosition":[-34.3103,262.582,24.3219],"timeVisible":20.2978,"tipPosition":[-33.7074,281.273,9.49724],"tipVelocity":[12.8184,231.195,-252.517],"tool":false,"touchDistance":0.333333,"touchZone":"none","type":3,"width":17.6296},{"bases":[[[0.28146,-0.959187,0.0272195],[0.786594,0.246876,0.56597],[-0.549591,-0.137888,0.823976]],[[0.289086,-0.957174,0.0157427],[0.683745,0.19494,-0.703201],[0.670017,0.21405,0.710817]],[[0.289086,-0.957174,0.0157427],[-0.376625,-0.128837,-0.917363],[0.880104,0.259268,-0.39774]],[[0.289086,-0.957174,0.0157427],[-0.769227,-0.242049,-0.591357],[0.569841,0.158843,-0.806256]]],"btipPosition":[-20.6126,277.763,15.7622],"carpPosition":[-2.22018,284.963,65.7299],"dipPosition":[-11.0334,280.433,2.20889],"direction":[-0.880104,-0.259268,0.39774],"extended":false,"handId":997,"id":9974,"length":49.2606,"mcpPosition":[28.8592,292.76,19.134],"pipPosition":[5.75432,285.379,-5.37789],"stabilizedTipPosition":[-18.7569,259.583,26.5464],"timeVisible":20.2978,"tipPosition":[-18.1664,278.466,11.7575],"tipVelocity":[10.9773,229.557,-238.62],"tool":false,"touchDistance":0.333333,"touchZone":"none","type":4,"width":15.66}],"r":[[0.982516,-0.0588373,0.176634],[0.0631986,0.997817,-0.019163],[-0.175121,0.029991,0.98409]],"s":0.848726,"t":[-11.5241,-17.1069,5.89662],"timestamp":669725457972},false],[3,{"currentFrameRate":52.9514,"devices":[],"gestures":[],"hands":[{"armBasis":[[0.639822,-0.76436,-0.0798842],[0.74072,0.641041,-0.200997],[0.204843,0.0694304,0.976329]],"armWidth":62.1429,"confidence":0.606212,"direction":[0.461279,0.390381,-0.796758],"elbow":[36.3268,313.678,324.832],"grabStrength":0.529973,"id":997,"palmNormal":[-0.597508,-0.527169,-0.604217],"palmPosition":[-0.712684,319.345,23.1684],"palmVelocity":[6.71958,193.743,-198.708],"palmWidth":88.738,"pinchStrength":0.622521,"r":[[0.981723,-0.0687355,0.177468],[0.0709381,0.997462,-0.00608862],[-0.176599,0.0185666,0.984108]],"s":0.851841,"sphereCenter":[-15.2637,290.243,-16.905],"sphereRadius":45.817,"stabilizedPalmPosition":[-1.59826,303.178,36.1861],"t":[-11.3972,-13.4335,2.12776],"timeVisible":20.317,"type":"right","wrist":[-17.6119,295.396,67.7478]}],"id":4982619,"interactionBox":{"center":[0,200,0],"size":[235.247,235.247,147.751]},"pointables":[{"bases":[[[0.88837,0.243968,0.388944],[-0.440672,0.690849,0.57318],[-0.128864,-0.680593,0.72124]],[[0.875989,0.470435,0.106467],[-0.466455,0.77009,0.435179],[0.122735,-0.430874,0.894027]],[[0.875989,0.470435,0.106467],[-0.471851,0.881582,-0.0130634],[-0.100004,-0.038793,0.99423]],[[0.875989,0.470435,0.106467],[-0.392263,0.823281,-0.41029],[-0.280666,0.317646,0.905719]]],"btipPosition":[-39.924,324.541,-33.4884],"carpPosition":[-43.6804,309.526,63.7671],"dipPosition":[-46.33,331.791,-12.816],"direction":[0.100004,0.038793,-0.99423],"extended":false,"handId":997,"id":9970,"length":50.8265,"mcpPosition":[-43.6804,309.526,63.7671],"pipPosition":[-49.6553,330.501,20.2439],"stabilizedTipPosition":[-41.4115,316.622,-20.1892],"timeVisible":20.317,"tipPosition":[-40.3817,327.378,-28.1088],"tipVelocity":[0.72181,199.411,-211.276],"tool":false,"touchDistance":-0.375901,"touchZone":"hovering","type":0,"width":19.7488},{"bases":[[[0.724039,-0.678521,-0.124002],[0.642016,0.597223,0.480771],[-0.252156,-0.427708,0.868034]],[[0.721438,-0.682834,-0.11517],[0.654243,0.726611,-0.209766],[0.22692,0.0759839,0.970945]],[[0.721438,-0.682834,-0.11517],[0.602782,0.701109,-0.38092],[0.340852,0.205387,0.917407]],[[0.721438,-0.682834,-0.11517],[0.561377,0.674085,-0.480067],[0.405441,0.281685,0.869639]]],"btipPosition":[-28.5196,335.684,-72.0255],"carpPosition":[-22.3134,317.715,67.0524],"dipPosition":[-21.7638,340.378,-57.5349],"direction":[-0.340852,-0.205387,-0.917407],"extended":true,"handId":997,"id":9971,"length":57.352,"mcpPosition":[-4.22145,348.403,4.77208],"pipPosition":[-13.7292,345.219,-35.9096],"stabilizedTipPosition":[-27.7588,333.251,-65.9225],"timeVisible":20.317,"tipPosition":[-28.0411,335.64,-67.9144],"tipVelocity":[66.8951,291.179,-224.477],"tool":false,"touchDistance":-0.229293,"touchZone":"hovering","type":1,"width":18.8641},{"bases":[[[0.563188,-0.821871,-0.085718],[0.749489,0.464378,0.471827],[-0.347975,-0.329972,0.877515]],[[0.552202,-0.831645,-0.0586478],[0.565119,0.425094,-0.707061],[0.612955,0.357297,0.704716]],[[0.552202,-0.831645,-0.0586478],[-0.363151,-0.176613,-0.914838],[0.750463,0.526473,-0.399539]],[[0.552202,-0.831645,-0.0586478],[-0.705749,-0.42884,-0.563927],[0.443837,0.352792,-0.823739]]],"btipPosition":[-46.5847,295.482,-0.778431],"carpPosition":[-12.5015,310.892,65.8788],"dipPosition":[-38.4506,301.948,-15.875],"direction":[-0.750463,-0.526473,0.399539],"extended":false,"handId":997,"id":9972,"length":65.348,"mcpPosition":[11.1751,333.344,6.17164],"pipPosition":[-17.6383,316.548,-26.9553],"stabilizedTipPosition":[-44.7784,283.295,6.4148],"timeVisible":20.317,"tipPosition":[-44.5584,297.114,-4.69978],"tipVelocity":[-4.67832,228.946,-221.22],"tool":false,"touchDistance":0.333333,"touchZone":"none","type":2,"width":18.527},{"bases":[[[0.447729,-0.894124,0.009027],[0.776336,0.393717,0.49223],[-0.443668,-0.213377,0.870419]],[[0.464121,-0.885453,-0.023762],[0.58899,0.328541,-0.738344],[0.661576,0.328685,0.674005]],[[0.464121,-0.885453,-0.023762],[-0.402675,-0.187021,-0.896033],[0.788951,0.425436,-0.44335]],[[0.464121,-0.885453,-0.023762],[-0.750927,-0.379096,-0.540736],[0.469788,0.26881,-0.840857]]],"btipPosition":[-36.4493,284.087,9.326],"carpPosition":[-4.85056,301.765,64.5691],"dipPosition":[-27.889,288.985,-5.99574],"direction":[-0.788951,-0.425436,0.44335],"extended":false,"handId":997,"id":9973,"length":62.8339,"mcpPosition":[22.253,314.801,11.3955],"pipPosition":[-6.57438,300.478,-17.9735],"stabilizedTipPosition":[-34.3386,266.341,21.2454],"timeVisible":20.317,"tipPosition":[-34.4087,285.24,5.72817],"tipVelocity":[-11.212,219.276,-229.496],"tool":false,"touchDistance":0.333333,"touchZone":"none","type":3,"width":17.6296},{"bases":[[[0.258901,-0.965491,0.0282523],[0.794256,0.229446,0.562594],[-0.549662,-0.123216,0.82625]],[[0.266512,-0.963686,0.0167709],[0.685686,0.177344,-0.705963],[0.677352,0.199647,0.708051]],[[0.266512,-0.963686,0.0167709],[-0.382738,-0.121786,-0.915795],[0.884581,0.237651,-0.401297]],[[0.266512,-0.963686,0.0167709],[-0.776788,-0.225061,-0.588173],[0.570588,0.143728,-0.808561]]],"btipPosition":[-21.3961,281.419,12.2033],"carpPosition":[-2.65683,288.284,62.0976],"dipPosition":[-11.8044,283.835,-1.38875],"direction":[-0.884581,-0.237651,0.401297],"extended":false,"handId":997,"id":9974,"length":49.2606,"mcpPosition":[28.4266,295.252,15.3731],"pipPosition":[5.06873,288.368,-9.04338],"stabilizedTipPosition":[-18.8281,263.265,23.6744],"timeVisible":20.317,"tipPosition":[-18.9519,282.054,8.20382],"tipVelocity":[-14.6216,208.487,-212.299],"tool":false,"touchDistance":0.333333,"touchZone":"none","type":4,"width":15.66}],"r":[[0.981723,-0.0687355,0.177468],[0.0709381,0.997462,-0.00608862],[-0.176599,0.0185666,0.984108]],"s":0.851841,"t":[-11.3972,-13.4335,2.12776],"timestamp":669725477197},false],[4,{"currentFrameRate":53.0008,"devices":[],"gestures":[],"hands":[{"armBasis":[[0.630598,-0.772265,-0.0771482],[0.74909,0.631631,-0.199764],[0.203,0.0681801,0.976802]],"armWidth":62.1429,"confidence":0.615061,"direction":[0.467937,0.384483,-0.795744],"elbow":[35.9851,314.579,320.903],"grabStrength":0.509408,"id":997,"palmNormal":[-0.602699,-0.519705,-0.605525],"palmPosition":[-0.169581,320.356,19.151],"palmVelocity":[17.5888,125.797,-206.609],"palmWidth":88.738,"pinchStrength":0.634122,"r":[[0.980758,-0.0791137,0.178478],[0.0796097,0.996816,0.00439257],[-0.178257,0.00990053,0.983934]],"s":0.854994,"sphereCenter":[-14.9713,291.421,-20.9753],"sphereRadius":45.8864,"stabilizedPalmPosition":[-1.42632,305.245,34.1359],"t":[-11.0622,-11.0913,-1.76534],"timeVisible":20.3357,"type":"right","wrist":[-17.4684,296.626,63.694]}],"id":4982620,"interactionBox":{"center":[0,200,0],"size":[235.247,235.247,147.751]},"pointables":[{"bases":[[[0.890476,0.232858,0.390935],[-0.433276,0.69638,0.572125],[-0.139015,-0.678846,0.721001]],[[0.880568,0.462345,0.104104],[-0.459472,0.779043,0.426589],[0.116129,-0.423473,0.898434]],[[0.880568,0.462345,0.104104],[-0.463017,0.886144,-0.0190848],[-0.101075,-0.0313966,0.994383]],[[0.880568,0.462345,0.104104],[-0.383331,0.824018,-0.417196],[-0.278673,0.327463,0.902834]]],"btipPosition":[-39.2807,325.266,-37.7562],"carpPosition":[-43.3487,311.08,59.6531],"dipPosition":[-45.6412,332.74,-17.1496],"direction":[0.101075,0.0313966,-0.994383],"extended":false,"handId":997,"id":9970,"length":50.8265,"mcpPosition":[-43.3487,311.08,59.6531],"pipPosition":[-49.0021,331.696,15.9154],"stabilizedTipPosition":[-41.2913,318.488,-22.4985],"timeVisible":20.3357,"tipPosition":[-39.7947,328.265,-32.3981],"tipVelocity":[17.3908,122.587,-219.975],"tool":false,"touchDistance":-0.430887,"touchZone":"hovering","type":0,"width":19.7488},{"bases":[[[0.715758,-0.687555,-0.122308],[0.64836,0.589182,0.482175],[-0.25946,-0.42442,0.867495]],[[0.71327,-0.691541,-0.114092],[0.66618,0.719496,-0.196289],[0.217831,0.0640014,0.973886]],[[0.71327,-0.691541,-0.114092],[0.617869,0.697245,-0.363439],[0.330883,0.188736,0.924605]],[[0.71327,-0.691541,-0.114092],[0.578489,0.672762,-0.461239],[0.395722,0.262987,0.87991]]],"btipPosition":[-26.7926,337.941,-76.5171],"carpPosition":[-21.8882,319.002,62.9862],"dipPosition":[-20.1988,342.323,-61.8554],"direction":[-0.330883,-0.188736,-0.924605],"extended":true,"handId":997,"id":9971,"length":57.352,"mcpPosition":[-3.27227,349.454,0.744504],"pipPosition":[-12.3992,346.772,-40.0604],"stabilizedTipPosition":[-26.4333,336.293,-69.7786],"timeVisible":20.3357,"tipPosition":[-26.4294,337.732,-72.3523],"tipVelocity":[78.3343,206.391,-231.162],"tool":false,"touchDistance":-0.301481,"touchZone":"hovering","type":1,"width":18.8641},{"bases":[[[0.553036,-0.828874,-0.0843765],[0.75418,0.455,0.473485],[-0.354068,-0.325489,0.876751]],[[0.541877,-0.838499,-0.0573521],[0.572081,0.417974,-0.705706],[0.615705,0.349595,0.70618]],[[0.541877,-0.838499,-0.0573521],[-0.363178,-0.17207,-0.915693],[0.757939,0.517022,-0.397765]],[[0.541877,-0.838499,-0.0573521],[-0.709762,-0.419998,-0.565544],[0.45012,0.347161,-0.822722]]],"btipPosition":[-46.2805,297.069,-4.90658],"carpPosition":[-12.1601,312.056,61.8354],"dipPosition":[-38.0312,303.431,-19.9845],"direction":[-0.757939,-0.517022,0.397765],"extended":false,"handId":997,"id":9972,"length":65.348,"mcpPosition":[11.9312,334.203,2.18013],"pipPosition":[-17.0116,317.769,-31.0156],"stabilizedTipPosition":[-44.7081,286.005,3.78448],"timeVisible":20.3357,"tipPosition":[-44.2283,298.672,-8.81279],"tipVelocity":[6.2078,158.234,-220.94],"tool":false,"touchDistance":0.333333,"touchZone":"none","type":2,"width":18.527},{"bases":[[[0.436467,-0.899664,0.0101127],[0.780093,0.38401,0.493954],[-0.448276,-0.207706,0.869429]],[[0.453045,-0.8912,-0.0226485],[0.592601,0.320036,-0.739189],[0.666014,0.321464,0.673117]],[[0.453045,-0.8912,-0.0226485],[-0.405407,-0.183331,-0.895564],[0.793975,0.414913,-0.444355]],[[0.453045,-0.8912,-0.0226485],[-0.755356,-0.370247,-0.540698],[0.473485,0.262068,-0.840912]]],"btipPosition":[-36.3348,285.531,5.42792],"carpPosition":[-4.62112,302.834,60.5437],"dipPosition":[-27.7072,290.306,-9.89482],"direction":[-0.793975,-0.414913,0.444355],"extended":false,"handId":997,"id":9973,"length":62.8339,"mcpPosition":[22.7639,315.523,7.43056],"pipPosition":[-6.25684,301.515,-21.8997],"stabilizedTipPosition":[-34.34,268.845,18.8585],"timeVisible":20.3357,"tipPosition":[-34.27,286.662,1.76069],"tipVelocity":[-2.3734,149.445,-219.318],"tool":false,"touchDistance":0.333333,"touchZone":"none","type":3,"width":17.6296},{"bases":[[[0.246716,-0.968656,0.0289162],[0.795794,0.219536,0.564372],[-0.553031,-0.116228,0.825014]],[[0.254246,-0.966979,0.0176457],[0.690795,0.1688,-0.703071],[0.676876,0.190943,0.710901]],[[0.254246,-0.966979,0.0176457],[-0.380286,-0.11673,-0.917473],[0.889237,0.226554,-0.397406]],[[0.254246,-0.966979,0.0176457],[-0.777315,-0.215166,-0.591172],[0.575447,0.136587,-0.806352]]],"btipPosition":[-21.2937,282.697,8.04429],"carpPosition":[-2.59092,289.327,58.0783],"dipPosition":[-11.6204,284.993,-5.51065],"direction":[-0.889237,-0.226554,0.397406],"extended":false,"handId":997,"id":9974,"length":49.2606,"mcpPosition":[28.683,295.899,11.4237],"pipPosition":[5.34158,289.315,-13.0911],"stabilizedTipPosition":[-18.8563,265.598,21.4829],"timeVisible":20.3357,"tipPosition":[-18.8425,283.296,4.12825],"tipVelocity":[-4.35359,139.618,-217.053],"tool":false,"touchDistance":0.333333,"touchZone":"none","type":4,"width":15.66}],"r":[[0.980758,-0.0791137,0.178478],[0.0796097,0.996816,0.00439257],[-0.178257,0.00990053,0.983934]],"s":0.854994,"t":[-11.0622,-11.0913,-1.76534],"timestamp":669725495887},false],[5,{"currentFrameRate":53.0287,"devices":[],"gestures":[],"hands":[{"armBasis":[[0.61798,-0.781217,-0.0883216],[0.758298,0.621939,-0.195387],[0.20757,0.0537708,0.976741]],"armWidth":62.1429,"confidence":0.61739,"direction":[0.474084,0.369039,-0.799409],"elbow":[36.7262,314.489,317.77],"grabStrength":0.494445,"id":997,"palmNormal":[-0.60736,-0.520264,-0.600366],"palmPosition":[-0.261477,323.299,15.7804],"palmVelocity":[6.61943,140.962,-193.482],"palmWidth":88.738,"pinchStrength":0.645028,"r":[[0.979637,-0.0892363,0.179856],[0.0888306,0.995993,0.0103253],[-0.180057,0.00586163,0.983639]],"s":0.857184,"sphereCenter":[-15.2971,294.023,-24.0493],"sphereRadius":45.919,"stabilizedPalmPosition":[-1.31322,306.998,32.3537],"t":[-10.9406,-8.4488,-5.39719],"timeVisible":20.3545,"type":"right","wrist":[-17.9306,300.331,60.5768]}],"id":4982621,"interactionBox":{"center":[0,200,0],"size":[235.247,235.247,147.751]},"pointables":[{"bases":[[[0.892262,0.227442,0.39005],[-0.426424,0.708461,0.562357],[-0.148432,-0.668097,0.729119]],[[0.884914,0.455507,0.0971617],[-0.452637,0.791911,0.409873],[0.109757,-0.406682,0.906953]],[[0.884914,0.455507,0.0971617],[-0.454362,0.890133,-0.0348975],[-0.102383,-0.0132653,0.994657]],[[0.884914,0.455507,0.0971617],[-0.374211,0.819545,-0.43395],[-0.277296,0.347649,0.895683]]],"btipPosition":[-39.2426,327.336,-41.3745],"carpPosition":[-43.6329,315.031,56.2954],"dipPosition":[-45.5717,335.271,-20.9311],"direction":[0.102383,0.0132653,-0.994657],"extended":false,"handId":997,"id":9970,"length":50.8265,"mcpPosition":[-43.6329,315.031,56.2954],"pipPosition":[-48.9761,334.829,12.143],"stabilizedTipPosition":[-41.2191,319.788,-24.2245],"timeVisible":20.3545,"tipPosition":[-39.8189,330.5,-36.0923],"tipVelocity":[10.0852,119.375,-207.747],"tool":false,"touchDistance":-0.47097,"touchZone":"hovering","type":0,"width":19.7488},{"bases":[[[0.708012,-0.697257,-0.112033],[0.654091,0.587656,0.476262],[-0.26624,-0.410478,0.872137]],[[0.705656,-0.700821,-0.104401],[0.676482,0.71019,-0.194941],[0.210763,0.0669364,0.975243]],[[0.705656,-0.700821,-0.104401],[0.630484,0.688287,-0.358818],[0.323325,0.187379,0.927551]],[[0.705656,-0.700821,-0.104401],[0.592599,0.664507,-0.455255],[0.388427,0.259386,0.884219]]],"btipPosition":[-25.9116,340.654,-80.4557],"carpPosition":[-22.0895,322.746,59.5787],"dipPosition":[-19.4393,344.976,-65.7222],"direction":[-0.323325,-0.187379,-0.92755],"extended":true,"handId":997,"id":9971,"length":57.352,"mcpPosition":[-2.98705,352.197,-2.99606],"pipPosition":[-11.8178,349.393,-43.8578],"stabilizedTipPosition":[-25.5513,338.642,-72.9762],"timeVisible":20.3545,"tipPosition":[-25.6045,340.41,-76.275],"tipVelocity":[62.3094,175.896,-220.402],"tool":false,"touchDistance":-0.358498,"touchZone":"hovering","type":1,"width":18.8641},{"bases":[[[0.543583,-0.8362,-0.0727121],[0.758368,0.452162,0.469497],[-0.359716,-0.310353,0.879935]],[[0.532277,-0.845338,-0.0456499],[0.579334,0.403043,-0.708469],[0.617295,0.350655,0.704264]],[[0.532277,-0.845338,-0.0456499],[-0.362096,-0.178593,-0.914872],[0.765224,0.503495,-0.401155]],[[0.532277,-0.845338,-0.0456499],[-0.712954,-0.418538,-0.562604],[0.456484,0.332007,-0.825465]]],"btipPosition":[-46.5694,300.26,-8.18679],"carpPosition":[-12.4399,315.674,58.5375],"dipPosition":[-38.2035,306.344,-23.315],"direction":[-0.765224,-0.503495,0.401155],"extended":false,"handId":997,"id":9972,"length":65.348,"mcpPosition":[12.0356,336.791,-1.33442],"pipPosition":[-16.9818,320.308,-34.4401],"stabilizedTipPosition":[-44.6986,288.383,1.43794],"timeVisible":20.3545,"tipPosition":[-44.502,301.781,-12.0499],"tipVelocity":[-3.63621,162.374,-198.773],"tool":false,"touchDistance":0.333333,"touchZone":"none","type":2,"width":18.527},{"bases":[[[0.425997,-0.904448,0.0223858],[0.783413,0.38114,0.490913],[-0.452538,-0.19159,0.870921]],[[0.442758,-0.89658,-0.0104708],[0.602722,0.306247,-0.736844],[0.663846,0.319932,0.675982]],[[0.442758,-0.89658,-0.0104708],[-0.399306,-0.186707,-0.897605],[0.80282,0.401603,-0.440676]],[[0.442758,-0.89658,-0.0104708],[-0.755646,-0.366824,-0.542622],[0.482663,0.248163,-0.839912]]],"btipPosition":[-36.7706,288.742,1.92941],"carpPosition":[-5.00547,306.35,57.3788],"dipPosition":[-27.9757,293.264,-13.3751],"direction":[-0.80282,-0.401603,0.440676],"extended":false,"handId":997,"id":9973,"length":62.8339,"mcpPosition":[22.6399,318.054,4.17454],"pipPosition":[-6.28638,304.114,-25.2806],"stabilizedTipPosition":[-34.3839,271.097,16.6585],"timeVisible":20.3545,"tipPosition":[-34.6854,289.802,-1.54596],"tipVelocity":[-11.5475,158.542,-203.209],"tool":false,"touchDistance":0.333333,"touchZone":"none","type":3,"width":17.6296},{"bases":[[[0.23542,-0.971003,0.041612],[0.797056,0.217391,0.563421],[-0.55613,-0.0994733,0.825121]],[[0.242926,-0.969567,0.0304391],[0.693724,0.151709,-0.704082],[0.678037,0.192156,0.709466]],[[0.242926,-0.969567,0.0304391],[-0.380274,-0.124052,-0.916517],[0.8924,0.21107,-0.398837]],[[0.242926,-0.969567,0.0304391],[-0.778753,-0.213635,-0.589834],[0.578387,0.119581,-0.806951]]],"btipPosition":[-21.8038,285.753,5.13413],"carpPosition":[-3.12647,292.79,55.0874],"dipPosition":[-12.0811,287.763,-8.43086],"direction":[-0.8924,-0.21107,0.398837],"extended":false,"handId":997,"id":9974,"length":49.2606,"mcpPosition":[28.3227,298.415,8.42671],"pipPosition":[4.94124,291.789,-16.0386],"stabilizedTipPosition":[-18.9296,267.722,19.477],"timeVisible":20.3545,"tipPosition":[-19.3408,286.271,1.22196],"tipVelocity":[-15.2001,149.263,-186.918],"tool":false,"touchDistance":0.333333,"touchZone":"none","type":4,"width":15.66}],"r":[[0.979637,-0.0892363,0.179856],[0.0888306,0.995993,0.0103253],[-0.180057,0.00586163,0.983639]],"s":0.857184,"t":[-10.9406,-8.4488,-5.39719],"timestamp":669725514644},false],[6,{"currentFrameRate":52.9864,"devices":[],"gestures":[],"hands":[{"armBasis":[[0.598676,-0.795975,-0.0895062],[0.776219,0.604102,-0.180402],[0.197667,0.0385261,0.979512]],"armWidth":62.1429,"confidence":0.606269,"direction":[0.484506,0.355297,-0.799386],"elbow":[33.6111,312.495,316.174],"grabStrength":0.482719,"id":997,"palmNormal":[-0.619546,-0.505769,-0.6003],"palmPosition":[-0.123626,324.775,13.4385],"palmVelocity":[6.92801,109.73,-158.807],"palmWidth":88.738,"pinchStrength":0.649091,"r":[[0.978109,-0.102253,0.18124],[0.101263,0.994751,0.0147327],[-0.181795,0.00394267,0.983329]],"s":0.858505,"sphereCenter":[-15.8709,295.856,-26.4043],"sphereRadius":45.9216,"stabilizedPalmPosition":[-1.22235,308.356,30.9087],"t":[-10.8109,-6.38971,-8.3841],"timeVisible":20.3735,"type":"right","wrist":[-18.438,302.35,58.2514]}],"id":4982622,"interactionBox":{"center":[0,200,0],"size":[235.247,235.247,147.751]},"pointables":[{"bases":[[[0.897198,0.205377,0.390969],[-0.409048,0.72018,0.560375],[-0.16648,-0.662692,0.730153]],[[0.895686,0.434266,0.0957019],[-0.4336,0.805133,0.404662],[0.0986783,-0.403947,0.909445]],[[0.895686,0.434266,0.0957019],[-0.432593,0.900759,-0.0386753],[-0.103,-0.00675912,0.994658]],[[0.895686,0.434266,0.0957019],[-0.353156,0.825441,-0.440372],[-0.270235,0.360637,0.8927]]],"btipPosition":[-38.962,329.352,-43.8198],"carpPosition":[-43.7509,317.693,53.9034],"dipPosition":[-45.1299,337.583,-23.4445],"direction":[0.103,0.00675912,-0.994658],"extended":false,"handId":997,"id":9970,"length":50.8265,"mcpPosition":[-43.7509,317.693,53.9034],"pipPosition":[-48.5548,337.358,9.62963],"stabilizedTipPosition":[-41.1396,320.874,-25.6386],"timeVisible":20.3735,"tipPosition":[-39.5231,332.565,-38.5861],"tipVelocity":[13.3445,114.531,-169.126],"tool":false,"touchDistance":-0.489121,"touchZone":"hovering","type":0,"width":19.7488},{"bases":[[[0.690172,-0.715291,-0.109647],[0.668161,0.571709,0.47614],[-0.277892,-0.40188,0.872507]],[[0.68791,-0.718505,-0.102614],[0.695815,0.693085,-0.188346],[0.206448,0.0581647,0.976727]],[[0.68791,-0.718505,-0.102614],[0.651632,0.673674,-0.348626],[0.319618,0.172957,0.931628]],[[0.68791,-0.718505,-0.102614],[0.614911,0.652066,-0.443502],[0.38557,0.241991,0.89038]]],"btipPosition":[-24.693,343.15,-83.1172],"carpPosition":[-22.0227,324.862,57.2047],"dipPosition":[-18.2683,347.183,-68.2811],"direction":[-0.319618,-0.172957,-0.931628],"extended":true,"handId":997,"id":9971,"length":57.352,"mcpPosition":[-2.08422,353.697,-5.3966],"pipPosition":[-10.7342,351.26,-46.3206],"stabilizedTipPosition":[-24.6529,340.733,-75.5638],"timeVisible":20.3735,"tipPosition":[-24.4305,342.847,-78.9281],"tipVelocity":[62.885,152.172,-180.128],"tool":false,"touchDistance":-0.39055,"touchZone":"hovering","type":1,"width":18.8641},{"bases":[[[0.522197,-0.849922,-0.0703133],[0.76896,0.433588,0.469788],[-0.368796,-0.29939,0.879974]],[[0.510653,-0.858695,-0.0433223],[0.589883,0.386563,-0.708948],[0.625517,0.336472,0.703929]],[[0.510653,-0.858695,-0.0433223],[-0.365961,-0.171484,-0.914694],[0.778014,0.482946,-0.401818]],[[0.510653,-0.858695,-0.0433223],[-0.722916,-0.40154,-0.562279],[0.46543,0.318448,-0.825812]]],"btipPosition":[-46.9718,302.87,-10.4951],"carpPosition":[-12.555,317.545,56.1914],"dipPosition":[-38.4419,308.706,-25.6297],"direction":[-0.778014,-0.482946,0.401818],"extended":false,"handId":997,"id":9972,"length":65.348,"mcpPosition":[12.5384,337.916,-3.6832],"pipPosition":[-16.8655,322.099,-36.7731],"stabilizedTipPosition":[-44.7432,290.654,-0.774237],"timeVisible":20.3735,"tipPosition":[-44.8654,304.329,-14.3698],"tipVelocity":[-11.287,148.487,-160.657],"tool":false,"touchDistance":0.333333,"touchZone":"none","type":2,"width":18.527},{"bases":[[[0.40277,-0.914967,0.0247353],[0.792156,0.361992,0.491377],[-0.458547,-0.178318,0.870596]],[[0.41972,-0.907618,-0.00800305],[0.618452,0.292429,-0.729385],[0.664343,0.301188,0.684057]],[[0.41972,-0.907618,-0.00800305],[-0.393693,-0.174101,-0.902604],[0.817827,0.381992,-0.430397]],[[0.41972,-0.907618,-0.00800305],[-0.760084,-0.346647,-0.549643],[0.496092,0.236779,-0.835361]]],"btipPosition":[-37.4287,291.167,-1.08048],"carpPosition":[-5.35893,308.032,55.0615],"dipPosition":[-28.3891,295.482,-16.3021],"direction":[-0.817827,-0.381992,0.430397],"extended":false,"handId":997,"id":9973,"length":62.8339,"mcpPosition":[22.6536,318.926,1.8771],"pipPosition":[-6.29438,305.802,-27.9299],"stabilizedTipPosition":[-34.477,273.128,14.6111],"timeVisible":20.3735,"tipPosition":[-35.3141,292.163,-4.30147],"tipVelocity":[-21.4435,142.006,-180.545],"tool":false,"touchDistance":0.333333,"touchZone":"none","type":3,"width":17.6296},{"bases":[[[0.210531,-0.976606,0.0437991],[0.801513,0.198089,0.564214],[-0.559691,-0.0836787,0.824466]],[[0.217965,-0.975405,0.0328156],[0.702948,0.133579,-0.698585],[0.677019,0.175335,0.714774]],[[0.217965,-0.975405,0.0328156],[-0.375602,-0.114872,-0.919634],[0.900785,0.188123,-0.391402]],[[0.217965,-0.975405,0.0328156],[-0.780055,-0.194322,-0.594772],[0.58652,0.104042,-0.803224]]],"btipPosition":[-22.5604,287.773,2.4948],"carpPosition":[-3.82285,294.424,52.7985],"dipPosition":[-12.7009,289.522,-11.0076],"direction":[-0.900785,-0.188123,0.391402],"extended":false,"handId":997,"id":9974,"length":49.2606,"mcpPosition":[27.8277,299.157,6.17489],"pipPosition":[4.48132,293.11,-18.4734],"stabilizedTipPosition":[-19.0535,269.582,17.6506],"timeVisible":20.3735,"tipPosition":[-20.0983,288.218,-1.21703],"tipVelocity":[-26.4893,126.484,-162.804],"tool":false,"touchDistan