{"sensorType":"Leap","data":[[0,{"currentFrameRate":53.0409,"devices":[],"gestures":[],"hands":[{"armBasis":[[0.760888,-0.639537,-0.10973],[0.604885,0.76029,-0.2368],[0.234869,0.113804,0.965342]],"armWidth":62.1429,"confidence":0.653734,"direction":[0.296317,0.252623,-0.921074],"elbow":[38.0395,284.096,333.885],"grabStrength":0.199171,"id":997,"palmNormal":[-0.532576,-0.75683,-0.378909],"palmPosition":[-16.3381,268.726,28.9232],"palmVelocity":[-18.7967,-68.315,263.638],"palmWidth":88.738,"pinchStrength":0.568157,"r":[[0.992629,0.0949047,0.075366],[-0.0785569,0.97742,-0.19616],[-0.0922808,0.188794,0.977671]],"s":0.926663,"sphereCenter":[-32.826,231.214,-3.21475],"sphereRadius":46.6337,"stabilizedPalmPosition":[-12.7948,269.829,-2.27792],"t":[-26.5493,-59.0703,-0.869732],"timeVisible":13.4114,"type":"right","wrist":[-23.8055,254.129,79.6936]}],"id":4982257,"interactionBox":{"center":[0,200,0],"size":[235.247,235.247,147.751]},"pointables":[{"bases":[[[0.853199,0.483651,0.195279],[-0.515522,0.72502,0.456709],[0.0793068,-0.490334,0.867919]],[[0.80123,0.596808,-0.0430178],[-0.554936,0.768052,0.319597],[0.223778,-0.232199,0.946577]],[[0.80123,0.596808,-0.0430178],[-0.598104,0.800908,-0.0285943],[0.017388,0.0486398,0.998665]],[[0.80123,0.596808,-0.0430178],[-0.536044,0.683989,-0.494789],[-0.26587,0.419499,0.867948]]],"btipPosition":[-57.8501,262.186,-22.817],"carpPosition":[-52.4462,262.074,76.2821],"dipPosition":[-63.9184,271.761,-3.00666],"direction":[-0.017388,-0.0486398,-0.998665],"extended":false,"handId":997,"id":9970,"length":50.8265,"mcpPosition":[-52.4462,262.074,76.2821],"pipPosition":[-63.3402,273.378,30.2007],"stabilizedTipPosition":[-55.0913,267.299,-51.4551],"timeVisible":13.4114,"tipPosition":[-59.4906,264.917,-18.3045],"tipVelocity":[-28.9001,-90.9736,290.045],"tool":false,"touchDistance":0.333802,"touchZone":"hovering","type":0,"width":19.7488},{"bases":[[[0.831315,-0.551845,-0.0662029],[0.550269,0.800413,0.23779],[-0.0782336,-0.234108,0.969058]],[[0.834043,-0.540426,-0.110955],[0.497378,0.823581,-0.272635],[0.23872,0.172202,0.955698]],[[0.834043,-0.540426,-0.110955],[0.455251,0.787779,-0.414911],[0.311637,0.295541,0.903071]],[[0.834043,-0.540426,-0.110955],[0.421224,0.753666,-0.504537],[0.356289,0.374069,0.856231]]],"btipPosition":[-50.6336,270.783,-70.5247],"carpPosition":[-32.962,274.401,74.6014],"dipPosition":[-44.6969,277.017,-56.2576],"direction":[-0.311637,-0.295541,-0.903071],"extended":true,"handId":997,"id":9971,"length":57.352,"mcpPosition":[-27.3488,291.198,5.07267],"pipPosition":[-37.3509,283.983,-34.9702],"stabilizedTipPosition":[-40.2179,278.361,-100.008],"timeVisible":13.4114,"tipPosition":[-48.5017,273.262,-67.6558],"tipVelocity":[-75.9808,-112.065,285.48],"tool":false,"touchDistance":0.340159,"touchZone":"hovering","type":1,"width":18.8641},{"bases":[[[0.707032,-0.706712,0.0257682],[0.681039,0.690259,0.244392],[-0.190501,-0.155244,0.969334]],[[0.700912,-0.711106,0.0552345],[0.459228,0.390677,-0.797798],[0.54574,0.584551,0.600389]],[[0.700912,-0.711106,0.0552345],[-0.355157,-0.415123,-0.837578],[0.618535,0.567451,-0.543519]],[[0.700912,-0.711106,0.0552345],[-0.643704,-0.664025,-0.380417],[0.307194,0.231084,-0.923164]]],"btipPosition":[-57.6034,232.422,11.4674],"carpPosition":[-22.128,269.309,73.653],"dipPosition":[-51.9735,236.657,-5.45131],"direction":[-0.618535,-0.567451,0.543519],"extended":false,"handId":997,"id":9972,"length":65.348,"mcpPosition":[-9.16605,279.872,7.69827],"pipPosition":[-34.8199,252.394,-20.5245],"stabilizedTipPosition":[-50.8084,235.131,-27.7695],"timeVisible":13.4114,"tipPosition":[-56.2429,233.459,7.35562],"tipVelocity":[-22.7978,-81.7969,307.58],"tool":false,"touchDistance":0.333333,"touchZone":"none","type":2,"width":18.527},{"bases":[[[0.617927,-0.771865,0.149636],[0.723393,0.632704,0.276384],[-0.308006,-0.0625398,0.949327]],[[0.627461,-0.76947,0.119201],[0.48982,0.271058,-0.828616],[0.605284,0.578311,0.54698]],[[0.627461,-0.76947,0.119201],[-0.401976,-0.451218,-0.796754],[0.666864,0.452016,-0.59243]],[[0.627461,-0.76947,0.119201],[-0.699882,-0.624434,-0.346767],[0.34126,0.134156,-0.930346]]],"btipPosition":[-44.7413,225.579,24.5289],"carpPosition":[-12.9482,261.614,73.3992],"dipPosition":[-38.523,228.023,7.57651],"direction":[-0.666864,-0.452016,0.59243],"extended":false,"handId":997,"id":9973,"length":62.8339,"mcpPosition":[5.86783,265.434,15.4052],"pipPosition":[-20.5067,240.235,-8.42881],"stabilizedTipPosition":[-38.4184,227.163,-15.9616],"timeVisible":13.4114,"tipPosition":[-43.188,226.127,19.842],"tipVelocity":[-17.2557,-71.6507,317.497],"tool":false,"touchDistance":0.333333,"touchZone":"none","type":3,"width":17.6296},{"bases":[[[0.450049,-0.867775,0.210767],[0.780625,0.496921,0.379071],[-0.433683,-0.00607082,0.901045]],[[0.44963,-0.86778,0.211637],[0.64208,0.149295,-0.751961],[0.62094,0.473992,0.624312]],[[0.44963,-0.86778,0.211637],[-0.365001,-0.394757,-0.843173],[0.815234,0.301868,-0.494235]],[[0.44963,-0.86778,0.211637],[-0.748511,-0.495351,-0.44086],[0.487405,0.0398111,-0.872268]]],"btipPosition":[-28.9495,226.105,25.386],"carpPosition":[-8.31797,248.534,73.7786],"dipPosition":[-20.7561,226.774,10.723],"direction":[-0.815234,-0.301868,0.494235],"extended":false,"handId":997,"id":9974,"length":49.2606,"mcpPosition":[16.2068,248.878,22.8244],"pipPosition":[-5.20572,232.532,1.29562],"stabilizedTipPosition":[-22.8543,227.514,-11.2068],"timeVisible":13.4114,"tipPosition":[-27.1326,226.467,22.1544],"tipVelocity":[-13.2034,-72.5654,280.254],"tool":false,"touchDistance":0.333333,"touchZone":"none","type":4,"width":15.66}],"r":[[0.992629,0.0949047,0.075366],[-0.0785569,0.97742,-0.19616],[-0.0922808,0.188794,0.977671]],"s":0.926663,"t":[-26.5493,-59.0703,-0.869732],"timestamp":669718571570},false],[1,{"currentFrameRate":53.0314,"devices":[],"gestures":[],"hands":[{"armBasis":[[0.756215,-0.643828,-0.116723],[0.604928,0.755908,-0.250332],[0.249402,0.118696,0.961098]],"armWidth":62.1429,"confidence":0.65492,"direction":[0.29121,0.24284,-0.925324],"elbow":[41.7846,284.423,337.918],"grabStrength":0.208328,"id":997,"palmNormal":[-0.5366,-0.759297,-0.368142],"palmPosition":[-16.6998,267.246,33.887],"palmVelocity":[-18.9688,-73.2288,263.207],"palmWidth":88.738,"pinchStrength":0.566688,"r":[[0.992866,0.0964336,0.0701206],[-0.0807567,0.976556,-0.199544],[-0.0877194,0.192457,0.977377]],"s":0.926135,"sphereCenter":[-33.4321,229.425,2.26837],"sphereRadius":46.6069,"stabilizedPalmPosition":[-12.7961,269.828,-2.26607],"t":[-26.9033,-60.4648,4.1039],"timeVisible":13.4303,"type":"right","wrist":[-23.8874,253.168,84.8439]}],"id":4982258,"interactionBox":{"center":[0,200,0],"size":[235.247,235.247,147.751]},"pointables":[{"bases":[[[0.855471,0.48358,0.185256],[-0.511067,0.730679,0.452679],[0.083544,-0.481932,0.872217]],[[0.802608,0.594156,-0.0529074],[-0.550634,0.772075,0.317338],[0.229396,-0.225565,0.946836]],[[0.802608,0.594156,-0.0529074],[-0.596089,0.802203,-0.0338814],[0.0223116,0.0587309,0.998024]],[[0.802608,0.594156,-0.0529074],[-0.535329,0.678328,-0.503284],[-0.26314,0.432263,0.8625]]],"btipPosition":[-58.434,260.307,-17.4363],"carpPosition":[-52.5306,261.145,81.5298],"dipPosition":[-64.44,270.173,2.24976],"direction":[-0.0223116,-0.0587309,-0.998024],"extended":false,"handId":997,"id":9970,"length":50.8265,"mcpPosition":[-52.5306,261.145,81.5298],"pipPosition":[-63.6981,272.126,35.4358],"stabilizedTipPosition":[-55.094,267.296,-51.4325],"timeVisible":13.4303,"tipPosition":[-60.0798,263.066,-12.9813],"tipVelocity":[-29.5137,-93.3921,286.748],"tool":false,"touchDistance":0.414038,"touchZone":"hovering","type":0,"width":19.7488},{"bases":[[[0.829647,-0.554391,-0.0658462],[0.553522,0.801445,0.226493],[-0.0727937,-0.224357,0.971785]],[[0.832127,-0.543415,-0.110746],[0.49618,0.818699,-0.289029],[0.247731,0.185559,0.950893]],[[0.832127,-0.543415,-0.110746],[0.452026,0.780275,-0.432254],[0.321306,0.30963,0.894925]],[[0.832127,-0.543415,-0.110746],[0.41661,0.744322,-0.52194],[0.366061,0.388182,0.845763]]],"btipPosition":[-51.8597,267.966,-65.146],"carpPosition":[-33.0294,273.41,79.608],"dipPosition":[-45.7601,274.434,-51.0533],"direction":[-0.321306,-0.30963,-0.894925],"extended":true,"handId":997,"id":9971,"length":57.352,"mcpPosition":[-27.8065,289.507,9.88363],"pipPosition":[-38.1862,281.733,-29.9579],"stabilizedTipPosition":[-40.2536,278.33,-99.8746],"timeVisible":13.4303,"tipPosition":[-49.6809,270.534,-62.3553],"tipVelocity":[-69.5768,-128.845,284.069],"tool":false,"touchDistance":0.419555,"touchZone":"hovering","type":1,"width":18.8641},{"bases":[[[0.705585,-0.708055,0.0284105],[0.684083,0.69106,0.233381],[-0.18488,-0.145235,0.97197]],[[0.699695,-0.712109,0.0576805],[0.453826,0.380653,-0.805696],[0.551787,0.589918,0.589515]],[[0.699695,-0.712109,0.0576805],[-0.362738,-0.423646,-0.830027],[0.615506,0.559843,-0.554732]],[[0.699695,-0.712109,0.0576805],[-0.648029,-0.666574,-0.368424],[0.300807,0.220406,-0.927867]]],"btipPosition":[-58.154,230.87,17.1869],"carpPosition":[-22.2129,268.284,78.6435],"dipPosition":[-52.6412,234.909,0.181989],"direction":[-0.615506,-0.559843,0.554732],"extended":false,"handId":997,"id":9972,"length":65.348,"mcpPosition":[-9.63348,278.166,12.5094],"pipPosition":[-35.5716,250.435,-15.2022],"stabilizedTipPosition":[-50.8092,235.131,-27.7638],"timeVisible":13.4303,"tipPosition":[-56.8225,231.857,13.014],"tipVelocity":[-26.6099,-83.1397,304.704],"tool":false,"touchDistance":0.333333,"touchZone":"none","type":2,"width":18.527},{"bases":[[[0.617098,-0.771777,0.15346],[0.726503,0.633725,0.265679],[-0.302297,-0.0524614,0.951769]],[[0.626101,-0.769799,0.124122],[0.484152,0.259016,-0.835768],[0.611224,0.583369,0.53487]],[[0.626101,-0.769799,0.124122],[-0.409407,-0.460022,-0.787887],[0.663614,0.44248,-0.603182]],[[0.626101,-0.769799,0.124122],[-0.704,-0.626513,-0.334461],[0.335233,0.122024,-0.9342]]],"btipPosition":[-45.2552,224.173,30.2783],"carpPosition":[-13.0522,260.565,78.4095],"dipPosition":[-39.1468,226.396,13.2557],"direction":[-0.663614,-0.44248,0.603182],"extended":false,"handId":997,"id":9973,"length":62.8339,"mcpPosition":[5.41501,263.77,20.2662],"pipPosition":[-21.2183,238.35,-3.0401],"stabilizedTipPosition":[-38.419,227.163,-15.9567],"timeVisible":13.4303,"tipPosition":[-43.7296,224.65,25.5696],"tipVelocity":[-22.79,-74.3335,310.631],"tool":false,"touchDistance":0.333333,"touchZone":"none","type":3,"width":17.6296},{"bases":[[[0.449384,-0.866692,0.216564],[0.78406,0.49883,0.36935],[-0.428141,0.00381902,0.903704]],[[0.44981,-0.866695,0.215664],[0.632338,0.138516,-0.762209],[0.63073,0.479222,0.61035]],[[0.44981,-0.866695,0.215664],[-0.377416,-0.403307,-0.833607],[0.809462,0.29357,-0.508516]],[[0.44981,-0.866695,0.215664],[-0.754682,-0.497972,-0.427176],[0.477626,0.0293903,-0.878071]]],"btipPosition":[-29.4572,224.644,31.1981],"carpPosition":[-8.44919,247.479,78.8896],"dipPosition":[-21.4282,225.138,16.4375],"direction":[-0.809462,-0.29357,0.508516],"extended":false,"handId":997,"id":9974,"length":49.2606,"mcpPosition":[15.7622,247.263,27.7851],"pipPosition":[-5.98793,230.738,6.73771],"stabilizedTipPosition":[-22.855,227.513,-11.2009],"timeVisible":13.4303,"tipPosition":[-27.649,224.944,27.8044],"tipVelocity":[-20.8874,-75.9537,293.108],"tool":false,"touchDistance":0.333333,"touchZone":"none","type":4,"width":15.66}],"r":[[0.992866,0.0964336,0.0701206],[-0.0807567,0.976556,-0.199544],[-0.0877194,0.192457,0.977377]],"s":0.926135,"t":[-26.9033,-60.4648,4.1039],"timestamp":669718590461},false],[2,{"currentFrameRate":53.0184,"devices":[],"gestures":[],"hands":[{"armBasis":[[0.767052,-0.631332,-0.114244],[0.59452,0.766366,-0.243372],[0.241201,0.118758,0.963181]],"armWidth":62.1429,"confidence":0.659113,"direction":[0.293499,0.260674,-0.919732],"elbow":[38.4988,282.031,343.114],"grabStrength":0.220103,"id":997,"palmNormal":[-0.522793,-0.761717,-0.38272],"palmPosition":[-17.7094,265.688,38.7943],"palmVelocity":[-35.8565,-77.713,261.405],"palmWidth":88.738,"pinchStrength":0.552962,"r":[[0.992654,0.10039,0.0675229],[-0.0851536,0.976189,-0.199507],[-0.0859436,0.192292,0.977567]],"s":0.925789,"sphereCenter":[-33.6658,228.156,6.61282],"sphereRadius":46.4994,"stabilizedPalmPosition":[-12.7976,269.827,-2.25363],"t":[-27.5852,-61.9408,9.04435],"timeVisible":13.4492,"type":"right","wrist":[-25.0137,250.76,89.4919]}],"id":4982259,"interactionBox":{"center":[0,200,0],"size":[235.247,235.247,147.751]},"pointables":[{"bases":[[[0.846927,0.493481,0.197968],[-0.524851,0.716288,0.45985],[0.0851253,-0.493364,0.865648]],[[0.794504,0.606112,-0.0373039],[-0.563327,0.758575,0.327456],[0.226773,-0.239151,0.94413]],[[0.794504,0.606112,-0.0373039],[-0.607153,0.79401,-0.0302081],[0.0113102,0.0466497,0.998847]],[[0.794504,0.606112,-0.0373039],[-0.537936,0.673974,-0.506344],[-0.281759,0.422359,0.861524]]],"btipPosition":[-58.736,258.809,-12.7359],"carpPosition":[-53.7511,258.358,86.1035],"dipPosition":[-65.167,268.45,6.92782],"direction":[-0.0113102,-0.0466497,-0.998847],"extended":false,"handId":997,"id":9970,"length":50.8265,"mcpPosition":[-53.7511,258.358,86.1035],"pipPosition":[-64.7909,270.001,40.1412],"stabilizedTipPosition":[-55.0967,267.293,-51.4099],"timeVisible":13.4492,"tipPosition":[-60.5528,261.493,-8.32073],"tipVelocity":[-25.4072,-87.7867,267.897],"tool":false,"touchDistance":0.476395,"touchZone":"hovering","type":0,"width":19.7488},{"bases":[[[0.838258,-0.540969,-0.0683796],[0.539995,0.806183,0.241815],[-0.0756879,-0.239628,0.96791]],[[0.840869,-0.529256,-0.113261],[0.483953,0.82892,-0.280504],[0.242342,0.181054,0.953147]],[[0.840869,-0.529256,-0.113261],[0.439887,0.790198,-0.426716],[0.31534,0.30899,0.897266]],[[0.840869,-0.529256,-0.113261],[0.404588,0.75365,-0.517997],[0.359512,0.389743,0.847851]]],"btipPosition":[-52.5707,266.768,-60.1701],"carpPosition":[-34.4236,270.939,84.4903],"dipPosition":[-46.5803,273.262,-46.0426],"direction":[-0.31534,-0.30899,-0.897266],"extended":true,"handId":997,"id":9971,"length":57.352,"mcpPosition":[-28.9931,288.132,15.044],"pipPosition":[-39.147,280.546,-24.892],"stabilizedTipPosition":[-40.2852,278.301,-99.7507],"timeVisible":13.4492,"tipPosition":[-50.4065,269.422,-57.3837],"tipVelocity":[-54.5458,-96.5658,274.022],"tool":false,"touchDistance":0.485692,"touchZone":"hovering","type":1,"width":18.8641},{"bases":[[[0.715905,-0.697825,0.0228024],[0.672146,0.697663,0.247965],[-0.188944,-0.162193,0.968501]],[[0.710046,-0.702289,0.0512426],[0.443898,0.389934,-0.806788],[0.546617,0.595602,0.588615]],[[0.710046,-0.702289,0.0512426],[-0.361509,-0.426015,-0.829351],[0.604274,0.570352,-0.556374]],[[0.710046,-0.702289,0.0512426],[-0.63917,-0.673342,-0.371581],[0.295461,0.231087,-0.926985]]],"btipPosition":[-58.5377,228.974,22.3745],"carpPosition":[-23.5257,265.988,83.5234],"dipPosition":[-53.1228,233.209,5.38578],"direction":[-0.604274,-0.570352,0.556374],"extended":false,"handId":997,"id":9972,"length":65.348,"mcpPosition":[-10.6697,277.024,17.6254],"pipPosition":[-36.3648,249.026,-10.0439],"stabilizedTipPosition":[-50.8102,235.13,-27.7566],"timeVisible":13.4492,"tipPosition":[-57.1994,230.016,17.8684],"tipVelocity":[-24.0951,-90.376,289.916],"tool":false,"touchDistance":0.333333,"touchZone":"none","type":2,"width":18.527},{"bases":[[[0.627577,-0.764681,0.146319],[0.715211,0.640498,0.279707],[-0.307604,-0.0708893,0.94887]],[[0.636524,-0.76221,0.117784],[0.484478,0.276327,-0.830015],[0.600099,0.585388,0.545163]],[[0.636524,-0.76221,0.117784],[-0.398766,-0.455965,-0.795664],[0.660169,0.459491,-0.594176]],[[0.636524,-0.76221,0.117784],[-0.692894,-0.632214,-0.346704],[0.338726,0.139073,-0.93055]]],"btipPosition":[-45.6138,222.286,34.5257],"carpPosition":[-14.2492,258.411,83.2381],"dipPosition":[-39.4417,224.82,17.5696],"direction":[-0.660169,-0.459491,0.594176],"extended":false,"handId":997,"id":9973,"length":62.8339,"mcpPosition":[4.54225,262.742,25.2719],"pipPosition":[-21.6063,237.234,1.51711],"stabilizedTipPosition":[-38.4198,227.162,-15.9506],"timeVisible":13.4492,"tipPosition":[-44.0659,222.841,29.8205],"tipVelocity":[-20.5335,-84.9581,268.843],"tool":false,"touchDistance":0.333333,"touchZone":"none","type":3,"width":17.6296},{"bases":[[[0.460899,-0.862993,0.206916],[0.774111,0.504969,0.381785],[-0.433964,-0.0157883,0.900792]],[[0.462051,-0.862948,0.204521],[0.631594,0.1583,-0.758967],[0.622574,0.479856,0.618175]],[[0.462051,-0.862948,0.204521],[-0.369907,-0.397123,-0.839918],[0.806025,0.312431,-0.502702]],[[0.462051,-0.862948,0.204521],[-0.745803,-0.502877,-0.436912],[0.479881,0.0493439,-0.875945]]],"btipPosition":[-29.8238,222.946,35.615],"carpPosition":[-9.45404,245.389,83.5584],"dipPosition":[-21.7569,223.775,20.8902],"direction":[-0.806025,-0.312431,0.502702],"extended":false,"handId":997,"id":9974,"length":49.2606,"mcpPosition":[15.0866,246.282,32.6185],"pipPosition":[-6.38223,229.735,11.3013],"stabilizedTipPosition":[-22.8558,227.513,-11.1942],"timeVisible":13.4492,"tipPosition":[-27.9951,223.309,32.1535],"tipVelocity":[-19.9275,-80.7478,264.132],"tool":false,"touchDistance":0.333333,"touchZone":"none","type":4,"width":15.66}],"r":[[0.992654,0.10039,0.0675229],[-0.0851536,0.976189,-0.199507],[-0.0859436,0.192292,0.977567]],"s":0.925789,"t":[-27.5852,-61.9408,9.04435],"timestamp":669718609369},false],[3,{"currentFrameRate":53.0253,"devices":[],"gestures":[],"hands":[{"armBasis":[[0.751793,-0.646843,-0.12807],[0.605215,0.753978,-0.255405],[0.261769,0.114502,0.958314]],"armWidth":62.1429,"confidence":0.675681,"direction":[0.310048,0.241075,-0.919648],"elbow":[42.2927,280.3,347.182],"grabStrength":0.233744,"id":997,"palmNormal":[-0.524441,-0.763463,-0.376942],"palmPosition":[-18.412,264.083,44.001],"palmVelocity":[-36.565,-81.3861,268.766],"palmWidth":88.738,"pinchStrength":0.545415,"r":[[0.99246,0.10188,0.0681416],[-0.0861663,0.975328,-0.203248],[-0.0871674,0.195844,0.976753]],"s":0.924978,"sphereCenter":[-34.1843,226.063,12.3327],"sphereRadius":46.4472,"stabilizedPalmPosition":[-12.7992,269.826,-2.24017],"t":[-28.2774,-63.4813,14.1179],"timeVisible":13.468,"type":"right","wrist":[-26.6356,250.15,94.8408]}],"id":4982260,"interactionBox":{"center":[0,200,0],"size":[235.247,235.247,147.751]},"pointables":[{"bases":[[[0.848672,0.488799,0.20207],[-0.524656,0.729558,0.438726],[0.0670267,-0.478352,0.875606]],[[0.801343,0.597193,-0.0347777],[-0.560024,0.769365,0.307329],[0.210292,-0.2268,0.950968]],[[0.801343,0.597193,-0.0347777],[-0.598177,0.79938,-0.0563563],[-0.00585503,0.065964,0.997805]],[[0.801343,0.597193,-0.0347777],[-0.520878,0.667988,-0.531486],[-0.294169,0.444017,0.846353]]],"btipPosition":[-58.5697,256.676,-7.91775],"carpPosition":[-55.2412,257.962,90.8736],"dipPosition":[-65.2839,266.81,11.3997],"direction":[0.00585503,-0.065964,-0.997805],"extended":false,"handId":997,"id":9970,"length":50.8265,"mcpPosition":[-55.2412,257.962,90.8736],"pipPosition":[-65.4786,269.003,44.5785],"stabilizedTipPosition":[-55.0994,267.288,-51.3843],"timeVisible":13.468,"tipPosition":[-60.4717,259.437,-3.61951],"tipVelocity":[-10.3508,-97.3132,259.922],"tool":false,"touchDistance":0.533167,"touchZone":"hovering","type":0,"width":19.7488},{"bases":[[[0.833789,-0.550189,-0.0456954],[0.544228,0.805193,0.23554],[-0.092798,-0.22126,0.97079]],[[0.837207,-0.539284,-0.0908711],[0.49442,0.817383,-0.295691],[0.233738,0.202626,0.950952]],[[0.837207,-0.539284,-0.0908711],[0.450689,0.774472,-0.443929],[0.309781,0.330706,0.891442]],[[0.837207,-0.539284,-0.0908711],[0.415356,0.735104,-0.535819],[0.355758,0.410847,0.839429]]],"btipPosition":[-52.1328,263.068,-55.1654],"carpPosition":[-35.7674,270.324,89.332],"dipPosition":[-46.2049,269.914,-41.1782],"direction":[-0.309781,-0.330706,-0.891442],"extended":true,"handId":997,"id":9971,"length":57.352,"mcpPosition":[-29.1092,286.199,19.679],"pipPosition":[-38.9026,277.709,-20.165],"stabilizedTipPosition":[-40.3218,278.253,-99.5838],"timeVisible":13.468,"tipPosition":[-49.9368,265.854,-52.4575],"tipVelocity":[-16.86,-143.325,269.125],"tool":false,"touchDistance":0.545042,"touchZone":"hovering","type":1,"width":18.8641},{"bases":[[[0.70851,-0.704174,0.0464021],[0.675186,0.695533,0.24568],[-0.205276,-0.142737,0.96824]],[[0.702346,-0.707969,0.0740861],[0.45505,0.366512,-0.811541],[0.547393,0.603696,0.57958]],[[0.702346,-0.707969,0.0740861],[-0.358537,-0.441748,-0.822381],[0.614948,0.551033,-0.564093]],[[0.702346,-0.707969,0.0740861],[-0.641967,-0.674937,-0.363783],[0.307551,0.207941,-0.928533]]],"btipPosition":[-59.3605,227.493,28.1586],"carpPosition":[-24.9057,265.252,88.6225],"dipPosition":[-53.7241,231.304,11.1414],"direction":[-0.614948,-0.551033,0.564093],"extended":false,"handId":997,"id":9972,"length":65.348,"mcpPosition":[-10.9385,274.964,22.7422],"pipPosition":[-36.67,246.586,-4.50234],"stabilizedTipPosition":[-50.8114,235.129,-27.7482],"timeVisible":13.468,"tipPosition":[-57.9576,228.421,23.525],"tipVelocity":[-32.3564,-87.1544,298.156],"tool":false,"touchDistance":0.333333,"touchZone":"none","type":2,"width":18.527},{"bases":[[[0.617652,-0.767919,0.169727],[0.717192,0.638541,0.279108],[-0.32271,-0.0506643,0.945141]],[[0.626963,-0.766075,0.141585],[0.49964,0.255962,-0.827553],[0.597727,0.589586,0.54324]],[[0.626963,-0.766075,0.141585],[-0.391372,-0.466866,-0.79301],[0.673606,0.441775,-0.592528]],[[0.626963,-0.766075,0.141585],[-0.693902,-0.631755,-0.345522],[0.354143,0.118383,-0.927668]]],"btipPosition":[-46.684,220.894,40.1189],"carpPosition":[-15.7016,257.582,88.6167],"dipPosition":[-40.231,223.051,23.2153],"direction":[-0.673606,-0.441775,0.592528],"extended":false,"handId":997,"id":9973,"length":62.8339,"mcpPosition":[4.01268,260.677,30.8784],"pipPosition":[-22.0326,234.986,7.20736],"stabilizedTipPosition":[-38.4207,227.162,-15.9432],"timeVisible":13.468,"tipPosition":[-45.061,221.343,35.4389],"tipVelocity":[-36.6078,-81.8111,282.919],"tool":false,"touchDistance":0.333333,"touchZone":"none","type":3,"width":17.6296},{"bases":[[[0.449102,-0.8635,0.229511],[0.773182,0.504326,0.384506],[-0.44777,0.00477124,0.894136]],[[0.450655,-0.863511,0.226404],[0.643565,0.138503,-0.752756],[0.618656,0.484938,0.618142]],[[0.450655,-0.863511,0.226404],[-0.362087,-0.408631,-0.837803],[0.815968,0.295582,-0.496818]],[[0.450655,-0.863511,0.226404],[-0.744375,-0.503486,-0.438642],[0.492764,0.0291468,-0.869675]]],"btipPosition":[-30.9016,221.402,41.462],"carpPosition":[-11.0414,244.522,89.2455],"dipPosition":[-22.6181,221.892,26.8426],"direction":[-0.815968,-0.295582,0.496818],"extended":false,"handId":997,"id":9974,"length":49.2606,"mcpPosition":[14.28,244.253,38.682],"pipPosition":[-7.05377,227.53,17.3659],"stabilizedTipPosition":[-22.8568,227.512,-11.1862],"timeVisible":13.468,"tipPosition":[-29.0172,221.682,38.0031],"tipVelocity":[-36.8788,-83.3809,287.419],"tool":false,"touchDistance":0.333333,"touchZone":"none","type":4,"width":15.66}],"r":[[0.99246,0.10188,0.0681416],[-0.0861663,0.975328,-0.203248],[-0.0871674,0.195844,0.976753]],"s":0.924978,"t":[-28.2774,-63.4813,14.1179],"timestamp":669718628203},false],[4,{"currentFrameRate":52.4657,"devices":[],"gestures":[],"hands":[{"armBasis":[[0.678183,-0.727525,-0.1038],[0.703262,0.68348,-0.195649],[0.213284,0.0596874,0.975165]],"armWidth":62.1429,"confidence":0.599052,"direction":[0.413328,0.323552,-0.851161],"elbow":[43.6105,306.837,345.758],"grabStrength":0.370001,"id":997,"palmNormal":[-0.575552,-0.631514,-0.519548],"palmPosition":[1.54579,310.737,41.4103],"palmVelocity":[4.50091,152.204,-162.695],"palmWidth":88.738,"pinchStrength":0.5751,"r":[[0.989837,-0.00758754,0.142006],[0.023225,0.993794,-0.108788],[-0.140299,0.11098,0.98387]],"s":0.899603,"sphereCenter":[-14.3327,278.104,4.11145],"sphereRadius":46.3092,"stabilizedPalmPosition":[0.0185671,296.524,53.9784],"t":[-9.09303,-21.219,19.6444],"timeVisible":14.1095,"type":"right","wrist":[-12.551,291.12,88.9804]}],"id":4982292,"interactionBox":{"center":[0,200,0],"size":[235.247,235.247,147.751]},"pointables":[{"bases":[[[0.879383,0.344437,0.328709],[-0.471791,0.723234,0.504327],[-0.0640242,-0.598579,0.798501]],[[0.858487,0.507214,0.0757291],[-0.493008,0.775581,0.39423],[0.141225,-0.375776,0.915887]],[[0.858487,0.507214,0.0757291],[-0.506324,0.861751,-0.0319501],[-0.0814652,-0.0109147,0.996616]],[[0.858487,0.507214,0.0757291],[-0.423859,0.784887,-0.451991],[-0.288695,0.35593,0.888802]]],"btipPosition":[-37.1875,313.512,-13.7439],"carpPosition":[-39.6105,302.979,84.269],"dipPosition":[-43.7768,321.636,6.54245],"direction":[0.0814652,0.0109147,-0.996616],"extended":false,"handId":997,"id":9970,"length":50.8265,"mcpPosition":[-39.6105,302.979,84.269],"pipPosition":[-46.4856,321.273,39.6817],"stabilizedTipPosition":[-38.8484,304.988,0.662065],"timeVisible":14.1095,"tipPosition":[-37.7239,315.049,-8.74151],"tipVelocity":[0.338929,194.656,-173.395],"tool":false,"touchDistance":-0.272105,"touchZone":"hovering","type":0,"width":19.7488},{"bases":[[[0.765002,-0.640303,-0.0691721],[0.612052,0.689391,0.387468],[-0.20041,-0.33875,0.919284]],[[0.770344,-0.630505,-0.0950444],[0.601591,0.768088,-0.219383],[0.211325,0.111823,0.970998]],[[0.770344,-0.630505,-0.0950444],[0.558342,0.739006,-0.376995],[0.307936,0.237349,0.921326]],[[0.770344,-0.630505,-0.0950444],[0.522543,0.709673,-0.47256],[0.365402,0.31437,0.876158]]],"btipPosition":[-26.594,321.643,-57.0759],"carpPosition":[-18.7715,312.856,85.8824],"dipPosition":[-20.5054,326.881,-42.4767],"direction":[-0.307936,-0.237349,-0.921326],"extended":true,"handId":997,"id":9971,"length":57.352,"mcpPosition":[-4.39236,337.161,19.9249],"pipPosition":[-13.2467,332.476,-20.759],"stabilizedTipPosition":[-26.5271,314.85,-46.7999],"timeVisible":14.1095,"tipPosition":[-25.0984,323.286,-53.7376],"tipVelocity":[32.7677,212.441,-165.672],"tool":false,"touchDistance":-0.214125,"touchZone":"hovering","type":1,"width":18.8641},{"bases":[[[0.615268,-0.788262,-0.00937091],[0.728025,0.563611,0.390284],[-0.302364,-0.246952,0.920647]],[[0.607189,-0.794424,0.0145987],[0.551486,0.408139,-0.72752],[0.572001,0.449793,0.685931]],[[0.607189,-0.794424,0.0145987],[-0.348573,-0.28284,-0.893587],[0.714016,0.537487,-0.448652]],[[0.607189,-0.794424,0.0145987],[-0.687278,-0.534338,-0.492069],[0.398712,0.288746,-0.870434]]],"btipPosition":[-41.9763,282.05,18.6847],"carpPosition":[-8.55257,306.589,85.1759],"dipPosition":[-34.6691,287.342,2.73231],"direction":[-0.714016,-0.537487,0.448652],"extended":false,"handId":997,"id":9972,"length":65.348,"mcpPosition":[12.0207,323.392,22.5339],"pipPosition":[-14.8676,302.248,-9.70998],"stabilizedTipPosition":[-41.5023,268.905,30.796],"timeVisible":14.1095,"tipPosition":[-40.2996,283.279,15.5663],"tipVelocity":[8.30835,178.358,-235.083],"tool":false,"touchDistance":0.333333,"touchZone":"none","type":2,"width":18.527},{"bases":[[[0.507423,-0.856241,0.0968176],[0.760113,0.497694,0.417766],[-0.405894,-0.138392,0.903381]],[[0.51919,-0.85178,0.0700925],[0.590279,0.298067,-0.750151],[0.618071,0.430845,0.657541]],[[0.51919,-0.85178,0.0700925],[-0.379045,-0.302993,-0.874368],[0.766007,0.427395,-0.480174]],[[0.51919,-0.85178,0.0700925],[-0.732414,-0.485696,-0.477147],[0.440468,0.196393,-0.876024]]],"btipPosition":[-31.1925,272.439,29.7665],"carpPosition":[-0.336019,297.883,84.6702],"dipPosition":[-23.1665,276.018,13.804],"direction":[-0.766007,-0.427395,0.480174],"extended":false,"handId":997,"id":9973,"length":62.8339,"mcpPosition":[24.4599,306.338,29.483],"pipPosition":[-2.47178,287.564,0.831413],"stabilizedTipPosition":[-30.7801,255.691,43.0146],"timeVisible":14.1095,"tipPosition":[-29.3606,273.323,26.7084],"tipVelocity":[1.06547,166.282,-213.005],"tool":false,"touchDistance":0.333333,"touchZone":"none","type":3,"width":17.6296},{"bases":[[[0.32442,-0.936888,0.130357],[0.790917,0.344263,0.505899],[-0.518847,-0.0610224,0.852686]],[[0.328645,-0.936359,0.123391],[0.697375,0.152482,-0.700298],[0.636915,0.316199,0.703105]],[[0.328645,-0.936359,0.123391],[-0.360389,-0.245093,-0.900027],[0.872991,0.25132,-0.418002]],[[0.328645,-0.936359,0.123391],[-0.768414,-0.341057,-0.541499],[0.54912,0.0831452,-0.831597]]],"btipPosition":[-15.8021,270.731,33.1792],"carpPosition":[2.70338,284.376,83.692],"dipPosition":[-6.57124,272.129,19.1999],"direction":[-0.872991,-0.25132,0.418002],"extended":false,"handId":997,"id":9974,"length":49.2606,"mcpPosition":[32.0442,287.826,35.4726],"pipPosition":[10.0808,276.923,11.2266],"stabilizedTipPosition":[-14.8917,254.916,43.829],"timeVisible":14.1095,"tipPosition":[-13.6508,271.104,29.9805],"tipVelocity":[-0.07884,160.874,-201.512],"tool":false,"touchDistance":0.333333,"touchZone":"none","type":4,"width":15.66}],"r":[[0.989837,-0.00758754,0.142006],[0.023225,0.993794,-0.108788],[-0.140299,0.11098,0.98387]],"s":0.899603,"t":[-9.09303,-21.219,19.6444],"timestamp":669719269670},false],[5,{"currentFrameRate":52.5038,"devices":[],"gestures":[{"center":[-40.3413,276.961,-43.4919],"duration":0,"handIds":[997],"id":8,"normal":[-0.913619,0.360726,0.187554],"pointableIds":[9971],"progress":0.800576,"radius":36.7969,"state":"start","type":"circle"}],"hands":[{"armBasis":[[0.679202,-0.724939,-0.114668],[0.699087,0.686574,-0.199734],[0.223523,0.0554971,0.973117]],"armWidth":62.1429,"confidence":0.614791,"direction":[0.416904,0.325744,-0.848576],"elbow":[45.9958,308.619,341.879],"grabStrength":0.368115,"id":997,"palmNormal":[-0.567515,-0.635965,-0.522948],"palmPosition":[1.42458,313.682,38.151],"palmVelocity":[-0.851578,153.93,-167.443],"palmWidth":88.738,"pinchStrength":0.58618,"r":[[0.989253,-0.010556,0.145835],[0.0257894,0.994351,-0.102964],[-0.143925,0.105619,0.983936]],"s":0.896544,"sphereCenter":[-13.9093,280.762,0.720706],"sphereRadius":46.3577,"stabilizedPalmPosition":[0.180875,298.505,52.1513],"t":[-9.11301,-18.3212,16.493],"timeVisible":14.1284,"type":"right","wrist":[-12.8618,294.005,85.64]}],"id":4982293,"interactionBox":{"center":[0,200,0],"size":[235.247,235.247,147.751]},"pointables":[{"bases":[[[0.874659,0.350871,0.334456],[-0.480316,0.720319,0.500437],[-0.0653263,-0.598356,0.798563]],[[0.853963,0.514233,0.0794507],[-0.501603,0.772969,0.388474],[0.138353,-0.371595,0.918028]],[[0.853963,0.514233,0.0794507],[-0.513041,0.857595,-0.0363192],[-0.086813,-0.00974623,0.996177]],[[0.853963,0.514233,0.0794507],[-0.427588,0.78053,-0.456007],[-0.296507,0.355441,0.886423]]],"btipPosition":[-37.0518,315.972,-17.3161],"carpPosition":[-39.9707,305.67,80.7321],"dipPosition":[-43.8193,324.085,2.9159],"direction":[0.086813,0.00974623,-0.996177],"extended":false,"handId":997,"id":9970,"length":50.8265,"mcpPosition":[-39.9707,305.67,80.7321],"pipPosition":[-46.706,323.761,36.0405],"stabilizedTipPosition":[-38.8013,307.511,-1.95415],"timeVisible":14.1284,"tipPosition":[-37.6498,317.597,-12.3223],"tipVelocity":[2.63045,162.919,-181.339],"tool":false,"touchDistance":-0.326999,"touchZone":"hovering","type":0,"width":19.7488},{"bases":[[[0.769932,-0.634975,-0.0633451],[0.604518,0.693989,0.391072],[-0.20436,-0.339392,0.918178]],[[0.775282,-0.625358,-0.0886816],[0.598167,0.772038,-0.214833],[0.202813,0.11351,0.972616]],[[0.775282,-0.625358,-0.0886816],[0.556785,0.742952,-0.371502],[0.298208,0.238642,0.924187]],[[0.775282,-0.625358,-0.0886816],[0.522325,0.713725,-0.466663],[0.355126,0.315475,0.879978]]],"btipPosition":[-25.995,324.407,-60.5974],"carpPosition":[-19.2131,315.694,82.4804],"dipPosition":[-20.0776,329.664,-45.9346],"direction":[-0.298208,-0.238642,-0.924187],"extended":true,"handId":997,"id":9971,"length":57.352,"mcpPosition":[-4.55052,340.045,16.6023],"pipPosition":[-13.0482,335.289,-24.1495],"stabilizedTipPosition":[-25.9758,317.985,-49.8358],"timeVisible":14.1284,"tipPosition":[-24.588,325.996,-57.2211],"tipVelocity":[31.2122,180.068,-175.385],"tool":false,"touchDistance":-0.272573,"touchZone":"hovering","type":1,"width":18.8641},{"bases":[[[0.620831,-0.783932,-0.0044475],[0.721348,0.569028,0.394796],[-0.306963,-0.24831,0.918758]],[[0.612696,-0.790083,0.019282],[0.557846,0.415061,-0.718702],[0.559831,0.451102,0.695051]],[[0.612696,-0.790083,0.019282],[-0.334676,-0.281483,-0.899311],[0.715958,0.544551,-0.436885]],[[0.612696,-0.790083,0.019282],[-0.677742,-0.537814,-0.50142],[0.406534,0.29415,-0.864989]]],"btipPosition":[-41.6818,284.696,14.6321],"carpPosition":[-8.9458,309.498,81.8496],"dipPosition":[-34.2313,290.087,-1.22043],"direction":[-0.715958,-0.544551,0.436885],"extended":false,"handId":997,"id":9972,"length":65.348,"mcpPosition":[11.9403,326.394,19.3362],"pipPosition":[-14.3759,305.189,-13.3364],"stabilizedTipPosition":[-41.3607,270.477,28.9678],"timeVisible":14.1284,"tipPosition":[-39.9971,285.936,11.6597],"tipVelocity":[12.7288,160.093,-224.307],"tool":false,"touchDistance":0.333333,"touchZone":"none","type":2,"width":18.527},{"bases":[[[0.512735,-0.852579,0.101055],[0.753707,0.50336,0.422556],[-0.41113,-0.140494,0.900685]],[[0.524795,-0.847998,0.0740891],[0.600952,0.307447,-0.737789],[0.602866,0.431712,0.670953]],[[0.524795,-0.847998,0.0740891],[-0.360868,-0.300466,-0.88289],[0.77095,0.4366,-0.463698]],[[0.524795,-0.847998,0.0740891],[-0.721558,-0.489339,-0.489797],[0.451602,0.203584,-0.868683]]],"btipPosition":[-30.8757,275.117,25.5059],"carpPosition":[-0.66512,300.851,81.4082],"dipPosition":[-22.6468,278.827,9.67709],"direction":[-0.77095,-0.4366,0.463698],"extended":false,"handId":997,"id":9973,"length":62.8339,"mcpPosition":[24.4507,309.433,26.3856],"pipPosition":[-1.81848,290.622,-2.85036],"stabilizedTipPosition":[-30.6542,257.112,41.5325],"timeVisible":14.1284,"tipPosition":[-29.0302,276.034,22.6854],"tipVelocity":[9.97391,154.974,-218.256],"tool":false,"touchDistance":0.333333,"touchZone":"none","type":3,"width":17.6296},{"bases":[[[0.330076,-0.93448,0.133403],[0.784978,0.350222,0.511032],[-0.524271,-0.0639607,0.849146]],[[0.333991,-0.933975,0.127044],[0.703074,0.15708,-0.693551],[0.627803,0.320961,0.709117]],[[0.333991,-0.933975,0.127044],[-0.349865,-0.247995,-0.903379],[0.87524,0.257272,-0.409594]],[[0.333991,-0.933975,0.127044],[-0.761174,-0.346748,-0.548069],[0.555936,0.0863472,-0.826728]]],"btipPosition":[-15.5664,273.554,29.7005],"carpPosition":[2.4756,287.364,80.4627],"dipPosition":[-6.22102,275.005,15.803],"direction":[-0.87524,-0.257272,0.409594],"extended":false,"handId":997,"id":9974,"length":49.2606,"mcpPosition":[32.1231,290.981,32.4434],"pipPosition":[10.4739,279.913,7.99015],"stabilizedTipPosition":[-14.7632,256.569,42.3201],"timeVisible":14.1284,"tipPosition":[-13.3993,273.934,26.5701],"tipVelocity":[6.75691,155.508,-192.423],"tool":false,"touchDistance":0.333333,"touchZone":"none","type":4,"width":15.66}],"r":[[0.989253,-0.010556,0.145835],[0.0257894,0.994351,-0.102964],[-0.143925,0.105619,0.983936]],"s":0.896544,"t":[-9.11301,-18.3212,16.493],"timestamp":669719288578},false],[6,{"currentFrameRate":52.5514,"devices":[],"gestures":[{"center":[-39.4721,279.233,-42.0906],"duration":18856,"handIds":[997],"id":8,"normal":[-0.909082,0.362509,0.205325],"pointableIds":[9971],"progress":0.808607,"radius":37.1166,"state":"update","type":"circle"}],"hands":[{"armBasis":[[0.671493,-0.734151,-0.100595],[0.713417,0.677204,-0.180086],[0.200333,0.0491603,0.978494]],"armWidth":62.1429,"confidence":0.619857,"direction":[0.417349,0.325109,-0.848601],"elbow":[39.9004,309.09,339.305],"grabStrength":0.36558,"id":997,"palmNormal":[-0.584451,-0.619041,-0.5246],"palmPosition":[1.49263,315.973,34.2415],"palmVelocity":[1.33242,138.069,-186.973],"palmWidth":88.738,"pinchStrength":0.595061,"r":[[0.98893,-0.0173238,0.147371],[0.0318027,0.994828,-0.0964671],[-0.144937,0.100086,0.984366]],"s":0.893452,"sphereCenter":[-14.7646,283.659,-3.4108],"sphereRadius":46.3764,"stabilizedPalmPosition":[0.302473,300.124,50.4911],"t":[-9.08898,-15.7265,12.9625],"timeVisible":14.1473,"type":"right","wrist":[-12.8509,296.145,81.6501]}],"id":4982294,"interactionBox":{"center":[0,200,0],"size":[235.247,235.247,147.751]},"pointables":[{"bases":[[[0.884204,0.329449,0.331129],[-0.461534,0.725318,0.510783],[-0.0718965,-0.604464,0.793382]],[[0.864627,0.496625,0.0760481],[-0.483048,0.7801,0.397628],[0.138147,-0.380535,0.91439]],[[0.864627,0.496625,0.0760481],[-0.496262,0.867815,-0.0249469],[-0.0783849,-0.01617,0.996792]],[[0.864627,0.496625,0.0760481],[-0.415108,0.791416,-0.448716],[-0.283029,0.356404,0.890433]]],"btipPosition":[-37.4054,319.345,-20.9266],"carpPosition":[-39.7465,308.416,77.0565],"dipPosition":[-43.8654,327.479,-0.603042],"direction":[0.0783849,0.01617,-0.996792],"extended":false,"handId":997,"id":9970,"length":50.8265,"mcpPosition":[-39.7465,308.416,77.0565],"pipPosition":[-46.4718,326.942,32.542],"stabilizedTipPosition":[-38.817,309.912,-4.45847],"timeVisible":14.1473,"tipPosition":[-37.9721,321.058,-15.9335],"tipVelocity":[-6.00367,170.86,-185.755],"tool":false,"touchDistance":-0.376474,"touchZone":"hovering","type":0,"width":19.7488},{"bases":[[[0.756066,-0.650172,-0.0751064],[0.621684,0.67754,0.392999],[-0.204629,-0.343826,0.916467]],[[0.761299,-0.640684,-0.0997427],[0.613145,0.761369,-0.210645],[0.210897,0.0992068,0.972461]],[[0.761299,-0.640684,-0.0997427],[0.570764,0.735157,-0.365749],[0.307656,0.221515,0.925354]],[[0.761299,-0.640684,-0.0997427],[0.535613,0.708085,-0.460146],[0.365434,0.296885,0.882223]]],"btipPosition":[-26.2683,328.335,-64.2712],"carpPosition":[-18.7726,317.991,78.7422],"dipPosition":[-20.1792,333.281,-49.571],"direction":[-0.307656,-0.221515,-0.925354],"extended":true,"handId":997,"id":9971,"length":57.352,"mcpPosition":[-4.09067,342.66,12.9868],"pipPosition":[-12.9271,338.503,-27.7584],"stabilizedTipPosition":[-25.6793,321.06,-52.7945],"timeVisible":14.1473,"tipPosition":[-24.8711,329.781,-60.8551],"tipVelocity":[9.8592,192.024,-184.684],"tool":false,"touchDistance":-0.328627,"touchZone":"hovering","type":1,"width":18.8641},{"bases":[[[0.604334,-0.79656,-0.0164868],[0.735913,0.550154,0.394669],[-0.305307,-0.250645,0.918675]],[[0.5962,-0.802802,0.00738024],[0.563531,0.411923,-0.716068],[0.57182,0.431079,0.697992]],[[0.5962,-0.802802,0.00738024],[-0.343925,-0.2637,-0.901209],[0.725438,0.534763,-0.433322]],[[0.5962,-0.802802,0.00738024],[-0.691232,-0.517975,-0.503885],[0.408343,0.295315,-0.863739]]],"btipPosition":[-42.3496,288.137,10.504],"carpPosition":[-8.64133,311.589,77.9759],"dipPosition":[-34.8659,293.549,-5.32561],"direction":[-0.725438,-0.534763,0.433322],"extended":false,"handId":997,"id":9972,"length":65.348,"mcpPosition":[12.1322,328.644,15.4681],"pipPosition":[-14.7477,308.38,-17.3428],"stabilizedTipPosition":[-41.2994,272.059,27.1178],"timeVisible":14.1473,"tipPosition":[-40.6629,289.367,7.58294],"tipVelocity":[-10.645,171.188,-221.536],"tool":false,"touchDistance":0.333333,"touchZone":"none","type":2,"width":18.527},{"bases":[[[0.495612,-0.863954,0.089179],[0.767102,0.483567,0.421567],[-0.407338,-0.140524,0.902402]],[[0.507687,-0.859316,0.0618873],[0.607206,0.305928,-0.733286],[0.611192,0.409858,0.677098]],[[0.507687,-0.859316,0.0618873],[-0.366374,-0.280352,-0.887227],[0.779759,0.427759,-0.457163]],[[0.507687,-0.859316,0.0618873],[-0.732225,-0.468221,-0.494586],[0.453983,0.205779,-0.866923]]],"btipPosition":[-31.6322,278.196,20.9073],"carpPosition":[-0.545861,302.776,77.3909],"dipPosition":[-23.3599,281.945,5.11062],"direction":[-0.779759,-0.427759,0.457162],"extended":false,"handId":997,"id":9973,"length":62.8339,"mcpPosition":[24.3383,311.361,22.2635],"pipPosition":[-2.29364,293.502,-7.24026],"stabilizedTipPosition":[-30.5982,258.44,40.0641],"timeVisible":14.1473,"tipPosition":[-29.7888,279.112,18.2031],"tipVelocity":[-14.2933,159.273,-230.608],"tool":false,"touchDistance":0.333333,"touchZone":"none","type":3,"width":17.6296},{"bases":[[[0.31153,-0.942355,0.122134],[0.795828,0.328976,0.508363],[-0.519237,-0.0611729,0.852438]],[[0.315118,-0.941909,0.116227],[0.703691,0.149717,-0.694553],[0.636804,0.300654,0.709991]],[[0.315118,-0.941909,0.116227],[-0.358048,-0.231406,-0.904573],[0.878921,0.243433,-0.410169]],[[0.315118,-0.941909,0.116227],[-0.770717,-0.325441,-0.547798],[0.553801,0.083043,-0.828498]]],"btipPosition":[-16.3649,276.289,25.3574],"carpPosition":[2.3065,289.237,76.2952],"dipPosition":[-7.05535,277.685,11.4302],"direction":[-0.878921,-0.243433,0.4101