{"sensorType":"Leap","data":[[0,{"currentFrameRate":53.0116,"devices":[],"gestures":[{"center":[-35.2904,267.35,-19.725],"duration":37914,"handIds":[997],"id":14,"normal":[-0.974577,0.222493,0.0263806],"pointableIds":[9971],"progress":0.805859,"radius":18.4785,"state":"update","type":"circle"}],"hands":[{"armBasis":[[0.664032,-0.74611,-0.0488024],[0.716534,0.653642,-0.24358],[0.213637,0.126776,0.968652]],"armWidth":62.1429,"confidence":0.616985,"direction":[0.439907,0.385182,-0.811244],"elbow":[44.2303,314.734,339.475],"grabStrength":0.50689,"id":997,"palmNormal":[-0.589874,-0.557213,-0.584433],"palmPosition":[3.62389,304.758,39.0935],"palmVelocity":[14.7309,193.107,-194.001],"palmWidth":88.738,"pinchStrength":0.572435,"r":[[0.986601,-0.0319188,0.159999],[0.0370207,0.998893,-0.0290075],[-0.158896,0.0345421,0.986691]],"s":0.872702,"sphereCenter":[-12.6432,277.443,0.0048423],"sphereRadius":44.8785,"stabilizedPalmPosition":[-0.504076,282.393,34.2341],"t":[-7.20997,-27.986,17.931],"timeVisible":26.5429,"type":"right","wrist":[-12.024,281.352,84.4119]}],"id":4982949,"interactionBox":{"center":[0,200,0],"size":[235.247,235.247,147.751]},"pointables":[{"bases":[[[0.885922,0.277533,0.371641],[-0.452846,0.6909,0.56355],[-0.100363,-0.667557,0.737763]],[[0.86919,0.482888,0.106436],[-0.47105,0.743126,0.475265],[0.150404,-0.463232,0.873381]],[[0.86919,0.482888,0.106436],[-0.482346,0.875378,-0.0324976],[-0.108865,-0.0230925,0.993788]],[[0.86919,0.482888,0.106436],[-0.38434,0.795183,-0.469007],[-0.311114,0.366748,0.876758]]],"btipPosition":[-35.1325,309.598,-15.1092],"carpPosition":[-38.5315,294.65,80.4655],"dipPosition":[-42.2335,317.969,4.90224],"direction":[0.108865,0.0230925,-0.993788],"extended":false,"handId":997,"id":9970,"length":50.8265,"mcpPosition":[-38.5315,294.65,80.4655],"pipPosition":[-45.8535,317.201,37.9474],"stabilizedTipPosition":[-38.7997,292.953,-7.54974],"timeVisible":26.5429,"tipPosition":[-35.6017,312.26,-9.97985],"tipVelocity":[3.74212,248.375,-207.942],"tool":false,"touchDistance":-0.389974,"touchZone":"hovering","type":0,"width":19.7488},{"bases":[[[0.741397,-0.660512,-0.11855],[0.630812,0.625697,0.458889],[-0.228925,-0.415002,0.880549]],[[0.74366,-0.65631,-0.12739],[0.624159,0.749833,-0.219492],[0.239576,0.0837158,0.967262]],[[0.74366,-0.65631,-0.12739],[0.561408,0.716498,-0.414068],[0.363032,0.236408,0.901288]],[[0.74366,-0.65631,-0.12739],[0.510442,0.680435,-0.525792],[0.431763,0.325985,0.84102]]],"btipPosition":[-26.7307,318.773,-55.6793],"carpPosition":[-17.366,303.509,83.2854],"dipPosition":[-19.5363,324.205,-41.6656],"direction":[-0.363032,-0.236408,-0.901288],"extended":true,"handId":997,"id":9971,"length":57.352,"mcpPosition":[-0.940855,333.285,20.1071],"pipPosition":[-10.9789,329.777,-20.4203],"stabilizedTipPosition":[-26.3189,314.5,-48.7502],"timeVisible":26.5429,"tipPosition":[-25.5484,319.623,-52.0419],"tipVelocity":[65.7814,300.669,-210.696],"tool":false,"touchDistance":-0.237742,"touchZone":"hovering","type":1,"width":18.8641},{"bases":[[[0.585178,-0.807431,-0.0749757],[0.741893,0.495759,0.451461],[-0.327354,-0.319809,0.889135]],[[0.576365,-0.815564,-0.0515618],[0.523354,0.416845,-0.743196],[0.627617,0.401367,0.667084]],[[0.576365,-0.815564,-0.0515618],[-0.388457,-0.217921,-0.895328],[0.718961,0.536065,-0.442413]],[[0.576365,-0.815564,-0.0515618],[-0.705884,-0.465076,-0.534259],[0.411742,0.344325,-0.843747]]],"btipPosition":[-42.0936,278.656,18.0098],"carpPosition":[-7.37987,296.94,82.133],"dipPosition":[-34.5476,284.966,2.54651],"direction":[-0.718961,-0.536065,0.442413],"extended":false,"handId":997,"id":9972,"length":65.348,"mcpPosition":[14.8937,318.7,21.6351],"pipPosition":[-14.609,299.833,-9.72275],"stabilizedTipPosition":[-42.3424,258.096,13.1825],"timeVisible":26.5429,"tipPosition":[-40.2118,280.266,13.6555],"tipVelocity":[2.41217,237.029,-220.291],"tool":false,"touchDistance":0.333333,"touchZone":"none","type":2,"width":18.527},{"bases":[[[0.473024,-0.880753,0.0228667],[0.770992,0.426357,0.473065],[-0.426402,-0.206141,0.880731]],[[0.487442,-0.873123,-0.00750764],[0.544432,0.310642,-0.779163],[0.682637,0.375709,0.626777]],[[0.487442,-0.873123,-0.00750764],[-0.431883,-0.233619,-0.871148],[0.758866,0.427877,-0.490963]],[[0.487442,-0.873123,-0.00750764],[-0.753373,-0.416211,-0.509114],[0.441395,0.25382,-0.860666]]],"btipPosition":[-31.7309,268.042,28.7563],"carpPosition":[0.510115,288.005,80.9242],"dipPosition":[-23.688,272.667,13.0736],"direction":[-0.758866,-0.427877,0.490963],"extended":false,"handId":997,"id":9973,"length":62.8339,"mcpPosition":[26.5589,300.598,27.1206],"pipPosition":[-3.18619,284.227,-0.190428],"stabilizedTipPosition":[-31.9615,242.735,19.1868],"timeVisible":26.5429,"tipPosition":[-29.7755,269.177,24.5086],"tipVelocity":[-5.90858,223.321,-233.358],"tool":false,"touchDistance":0.333333,"touchZone":"none","type":3,"width":17.6296},{"bases":[[[0.286557,-0.95695,0.0461676],[0.794458,0.26428,0.546802],[-0.535463,-0.120012,0.835988]],[[0.312313,-0.949964,0.00536981],[0.646181,0.208291,-0.73421],[0.696355,0.232774,0.678901]],[[0.312313,-0.949964,0.00536981],[-0.406707,-0.138815,-0.90295],[0.858516,0.27982,-0.429711]],[[0.312313,-0.949964,0.00536981],[-0.77849,-0.25917,-0.571651],[0.544439,0.174354,-0.82048]]],"btipPosition":[-16.2062,265.03,30.0252],"carpPosition":[3.05451,274.538,78.7226],"dipPosition":[-7.0541,267.961,16.2328],"direction":[-0.858516,-0.27982,0.429711],"extended":false,"handId":997,"id":9974,"length":49.2606,"mcpPosition":[33.335,281.325,31.4474],"pipPosition":[9.32185,273.298,8.03616],"stabilizedTipPosition":[-15.9418,239.211,20.8595],"timeVisible":26.5429,"tipPosition":[-13.8831,265.654,26.0622],"tipVelocity":[-9.75752,212.139,-219.252],"tool":false,"touchDistance":0.333333,"touchZone":"none","type":4,"width":15.66}],"r":[[0.986601,-0.0319188,0.159999],[0.0370207,0.998893,-0.0290075],[-0.158896,0.0345421,0.986691]],"s":0.872702,"t":[-7.20997,-27.986,17.931],"timestamp":669731703047},false],[1,{"currentFrameRate":53.0583,"devices":[],"gestures":[{"center":[-35.2904,267.35,-19.725],"duration":37914,"handIds":[997],"id":14,"normal":[-0.974577,0.222493,0.0263806],"pointableIds":[9971],"progress":0.805859,"radius":18.4785,"state":"update","type":"circle"}],"hands":[{"armBasis":[[0.66331,-0.745938,-0.0599768],[0.718287,0.657106,-0.228638],[0.209961,0.108577,0.971662]],"armWidth":62.1429,"confidence":0.548411,"direction":[0.446198,0.389276,-0.805836],"elbow":[43.1121,313.542,334.884],"grabStrength":0.497319,"id":997,"palmNormal":[-0.583614,-0.556061,-0.591769],"palmPosition":[3.8216,308.568,33.9411],"palmVelocity":[12.7143,198.399,-233.803],"palmWidth":88.738,"pinchStrength":0.574666,"r":[[0.985593,-0.0398625,0.164367],[0.0432351,0.99892,-0.0169913],[-0.163513,0.0238529,0.986253]],"s":0.875962,"sphereCenter":[-11.9609,281.233,-5.4499],"sphereRadius":45.0024,"stabilizedPalmPosition":[-0.0154685,285.35,34.201],"t":[-6.97298,-24.2613,13.5313],"timeVisible":26.5616,"type":"right","wrist":[-12.1742,284.951,79.028]}],"id":4982950,"interactionBox":{"center":[0,200,0],"size":[235.247,235.247,147.751]},"pointables":[{"bases":[[[0.882077,0.277819,0.38047],[-0.459152,0.687753,0.562295],[-0.105453,-0.670681,0.734212]],[[0.866386,0.48658,0.112318],[-0.477612,0.741723,0.470887],[0.145815,-0.461614,0.875014]],[[0.866386,0.48658,0.112318],[-0.486251,0.873227,-0.0321726],[-0.113734,-0.026741,0.993151]],[[0.866386,0.48658,0.112318],[-0.386747,0.79608,-0.465493],[-0.315914,0.359858,0.877896]]],"btipPosition":[-34.7793,313.36,-20.7564],"carpPosition":[-38.6731,298.212,74.9026],"dipPosition":[-41.9898,321.574,-0.719015],"direction":[0.113734,0.026741,-0.993151],"extended":false,"handId":997,"id":9970,"length":50.8265,"mcpPosition":[-38.6731,298.212,74.9026],"pipPosition":[-45.7717,320.684,32.305],"stabilizedTipPosition":[-38.3365,297.325,-9.2358],"timeVisible":26.5616,"tipPosition":[-35.2709,315.995,-15.5913],"tipVelocity":[10.4639,224.587,-253.693],"tool":false,"touchDistance":-0.463929,"touchZone":"hovering","type":0,"width":19.7488},{"bases":[[[0.743741,-0.658558,-0.114672],[0.625509,0.625125,0.466859],[-0.23577,-0.418951,0.876865]],[[0.746061,-0.654338,-0.123431],[0.625872,0.752368,-0.20549],[0.227326,0.0760563,0.970844]],[[0.746061,-0.654338,-0.123431],[0.567452,0.721755,-0.396319],[0.348413,0.225637,0.909778]],[[0.746061,-0.654338,-0.123431],[0.51953,0.68795,-0.506767],[0.416511,0.313953,0.853201]]],"btipPosition":[-25.3127,323.424,-61.3112],"carpPosition":[-17.551,307.102,77.9425],"dipPosition":[-18.3725,328.656,-47.0945],"direction":[-0.348413,-0.225637,-0.909778],"extended":true,"handId":997,"id":9971,"length":57.352,"mcpPosition":[-0.634847,337.161,15.0285],"pipPosition":[-10.1596,333.975,-25.649],"stabilizedTipPosition":[-24.9877,319.68,-53.5027],"timeVisible":26.5616,"tipPosition":[-24.2698,324.102,-57.5875],"tipVelocity":[69.1876,274.354,-253.647],"tool":false,"touchDistance":-0.326078,"touchZone":"hovering","type":1,"width":18.8641},{"bases":[[[0.587446,-0.80596,-0.0730471],[0.736914,0.495438,0.45989],[-0.334462,-0.32399,0.884966]],[[0.578454,-0.814195,-0.0497669],[0.529079,0.420927,-0.736815],[0.62086,0.399883,0.67426]],[[0.578454,-0.814195,-0.0497669],[-0.380067,-0.215034,-0.899616],[0.721762,0.539301,-0.433836]],[[0.578454,-0.814195,-0.0497669],[-0.700203,-0.464317,-0.542333],[0.418457,0.348562,-0.838688]]],"btipPosition":[-41.6551,282.46,12.344],"carpPosition":[-7.54197,300.557,76.8515],"dipPosition":[-33.9861,288.848,-3.02657],"direction":[-0.721762,-0.539301,0.433836],"extended":false,"handId":997,"id":9972,"length":65.348,"mcpPosition":[15.2153,322.602,16.6373],"pipPosition":[-13.9698,303.804,-15.058],"stabilizedTipPosition":[-41.9779,261.937,12.5321],"timeVisible":26.5616,"tipPosition":[-39.7415,284.089,8.0294],"tipVelocity":[13.393,221.269,-260.12],"tool":false,"touchDistance":0.333333,"touchZone":"none","type":2,"width":18.527},{"bases":[[[0.47459,-0.879893,0.02352],[0.765964,0.426009,0.481472],[-0.433664,-0.210486,0.876146]],[[0.489222,-0.872134,-0.00662358],[0.552581,0.315827,-0.771303],[0.674771,0.373678,0.636434]],[[0.489222,-0.872134,-0.00662358],[-0.421605,-0.229837,-0.877168],[0.763486,0.431923,-0.480137]],[[0.489222,-0.872134,-0.00662358],[-0.747196,-0.415197,-0.518951],[0.449844,0.258831,-0.854779]]],"btipPosition":[-31.3571,271.833,22.9681],"carpPosition":[0.376363,291.643,75.6764],"dipPosition":[-23.1602,276.55,7.39267],"direction":[-0.763486,-0.431923,0.480137],"extended":false,"handId":997,"id":9973,"length":62.8339,"mcpPosition":[26.8687,304.501,22.1529],"pipPosition":[-2.53362,288.219,-5.5789],"stabilizedTipPosition":[-31.7038,245.859,19.2074],"timeVisible":26.5616,"tipPosition":[-29.3731,272.983,18.8561],"tipVelocity":[7.61959,213.974,-269.932],"tool":false,"touchDistance":0.333333,"touchZone":"none","type":3,"width":17.6296},{"bases":[[[0.288081,-0.956553,0.0448877],[0.789113,0.263687,0.55477],[-0.542504,-0.124397,0.830792]],[[0.313969,-0.949422,0.00467476],[0.652778,0.21229,-0.727196],[0.689423,0.231368,0.686414]],[[0.313969,-0.949422,0.00467476],[-0.397829,-0.136027,-0.907319],[0.862065,0.28301,-0.420416]],[[0.313969,-0.949422,0.00467476],[-0.772661,-0.25837,-0.579861],[0.551741,0.178446,-0.814702]]],"btipPosition":[-15.8468,268.849,24.5069],"carpPosition":[2.96717,278.191,73.444],"dipPosition":[-6.57196,271.848,10.8116],"direction":[-0.862065,-0.28301,0.420416],"extended":false,"handId":997,"id":9974,"length":49.2606,"mcpPosition":[33.6458,285.225,26.4626],"pipPosition":[9.87169,277.247,2.79226],"stabilizedTipPosition":[-15.7198,242.232,20.9091],"timeVisible":26.5616,"tipPosition":[-13.4956,269.489,20.6027],"tipVelocity":[5.08128,208.81,-255.72],"tool":false,"touchDistance":0.333333,"touchZone":"none","type":4,"width":15.66}],"r":[[0.985593,-0.0398625,0.164367],[0.0432351,0.99892,-0.0169913],[-0.163513,0.0238529,0.986253]],"s":0.875962,"t":[-6.97298,-24.2613,13.5313],"timestamp":669731721726},false],[2,{"currentFrameRate":53.0452,"devices":[],"gestures":[{"center":[-35.2904,267.35,-19.725],"duration":37914,"handIds":[997],"id":14,"normal":[-0.974577,0.222493,0.0263806],"pointableIds":[9971],"progress":0.805859,"radius":18.4785,"state":"update","type":"circle"}],"hands":[{"armBasis":[[0.656577,-0.751199,-0.0678736],[0.722839,0.652376,-0.227836],[0.215429,0.10053,0.971331]],"armWidth":62.1429,"confidence":0.56076,"direction":[0.448406,0.402613,-0.798019],"elbow":[44.6643,314.27,329.515],"grabStrength":0.485367,"id":997,"palmNormal":[-0.591178,-0.53605,-0.602628],"palmPosition":[4.07818,312.259,29.1636],"palmVelocity":[13.137,196.865,-243.114],"palmWidth":88.738,"pinchStrength":0.577168,"r":[[0.984723,-0.0491502,0.167048],[0.0503308,0.998729,-0.0028388],[-0.166696,0.0112031,0.985945]],"s":0.878699,"sphereCenter":[-12.0072,285.811,-10.891],"sphereRadius":45.1551,"stabilizedPalmPosition":[0.417742,288.198,33.6679],"t":[-6.72619,-20.5538,8.94275],"timeVisible":26.5805,"type":"right","wrist":[-12.0619,287.798,73.7465]}],"id":4982951,"interactionBox":{"center":[0,200,0],"size":[235.247,235.247,147.751]},"pointables":[{"bases":[[[0.886032,0.259444,0.384233],[-0.450151,0.679754,0.579049],[-0.110953,-0.686019,0.719074]],[[0.871189,0.476618,0.11775],[-0.469187,0.737656,0.485517],[0.144547,-0.478224,0.866261]],[[0.871189,0.476618,0.11775],[-0.479108,0.877719,-0.00800861],[-0.107169,-0.0494382,0.993011]],[[0.871189,0.476618,0.11775],[-0.384256,0.811245,-0.440713],[-0.305576,0.338698,0.889891]]],"btipPosition":[-34.9227,318.632,-25.5049],"carpPosition":[-38.424,301.438,69.997],"dipPosition":[-41.8973,326.363,-5.19373],"direction":[0.107169,0.0494382,-0.993011],"extended":false,"handId":997,"id":9970,"length":50.8265,"mcpPosition":[-38.424,301.438,69.997],"pipPosition":[-45.4608,324.719,27.8256],"stabilizedTipPosition":[-37.971,301.987,-11.5779],"timeVisible":26.5805,"tipPosition":[-35.34,321.107,-20.2395],"tipVelocity":[3.01982,248.368,-250.865],"tool":false,"touchDistance":-0.516152,"touchZone":"hovering","type":0,"width":19.7488},{"bases":[[[0.736175,-0.66386,-0.13167],[0.633512,0.607475,0.479204],[-0.238137,-0.436193,0.867771]],[[0.738558,-0.65939,-0.140488],[0.635128,0.750393,-0.183091],[0.22615,0.0459956,0.973006]],[[0.738558,-0.65939,-0.140488],[0.578836,0.727018,-0.369315],[0.34566,0.191441,0.918624]],[[0.738558,-0.65939,-0.140488],[0.532553,0.698374,-0.478184],[0.413423,0.27835,0.86695]]],"btipPosition":[-24.6241,330.244,-65.9498],"carpPosition":[-17.198,310.025,73.1795],"dipPosition":[-17.7353,334.882,-51.5041],"direction":[-0.34566,-0.191441,-0.918624],"extended":true,"handId":997,"id":9971,"length":57.352,"mcpPosition":[-0.111899,341.321,10.918],"pipPosition":[-9.58737,339.394,-29.8501],"stabilizedTipPosition":[-24.0057,325.543,-58.1025],"timeVisible":26.5805,"tipPosition":[-23.6876,330.639,-62.1357],"tipVelocity":[52.819,313.213,-248.258],"tool":false,"touchDistance":-0.390593,"touchZone":"hovering","type":1,"width":18.8641},{"bases":[[[0.578376,-0.810455,-0.0929713],[0.743469,0.476773,0.46898],[-0.335761,-0.340368,0.878302]],[[0.569378,-0.819097,-0.0699204],[0.533102,0.432638,-0.727067],[0.625789,0.376701,0.682997]],[[0.569378,-0.819097,-0.0699204],[-0.383204,-0.189201,-0.904078],[0.727299,0.541556,-0.421608]],[[0.569378,-0.819097,-0.0699204],[-0.706057,-0.443686,-0.55193],[0.421062,0.363624,-0.830954]]],"btipPosition":[-41.7219,287.167,6.96673],"carpPosition":[-7.26415,303.398,71.9123],"dipPosition":[-34.0052,293.831,-8.26208],"direction":[-0.727299,-0.541556,0.421608],"extended":false,"handId":997,"id":9972,"length":65.348,"mcpPosition":[15.5815,326.557,12.1516],"pipPosition":[-13.8353,308.849,-19.9544],"stabilizedTipPosition":[-41.6781,265.888,11.1935],"timeVisible":26.5805,"tipPosition":[-39.8119,288.857,2.78112],"tipVelocity":[5.37634,236.529,-271.242],"tool":false,"touchDistance":0.333333,"touchZone":"none","type":2,"width":18.527},{"bases":[[[0.464959,-0.885329,0.00220403],[0.771809,0.406558,0.488898],[-0.433732,-0.225617,0.872338]],[[0.479158,-0.877317,-0.0268742],[0.561812,0.330078,-0.758561],[0.674369,0.348373,0.651047]],[[0.479158,-0.877317,-0.0268742],[-0.417876,-0.201089,-0.88597],[0.771872,0.43575,-0.462964]],[[0.479158,-0.877317,-0.0268742],[-0.749702,-0.393153,-0.532332],[0.456459,0.275219,-0.846109]]],"btipPosition":[-31.506,276.242,16.7786],"carpPosition":[0.552844,294.427,70.513],"dipPosition":[-23.1886,281.257,1.36116],"direction":[-0.771872,-0.43575,0.462964],"extended":false,"handId":997,"id":9973,"length":62.8339,"mcpPosition":[27.0494,308.209,17.2221],"pipPosition":[-2.33543,293.03,-11.1464],"stabilizedTipPosition":[-31.4959,248.965,18.619],"timeVisible":26.5805,"tipPosition":[-29.5144,277.436,13.0082],"tipVelocity":[0.738904,225.228,-297.221],"tool":false,"touchDistance":0.333333,"touchZone":"none","type":3,"width":17.6296},{"bases":[[[0.277675,-0.960415,0.0223422],[0.79336,0.242367,0.558425],[-0.541735,-0.137335,0.829254]],[[0.303461,-0.95268,-0.0176487],[0.653358,0.221527,-0.723912],[0.693567,0.208148,0.689666]],[[0.303461,-0.95268,-0.0176487],[-0.401472,-0.111041,-0.909115],[0.864136,0.282966,-0.416171]],[[0.303461,-0.95268,-0.0176487],[-0.776876,-0.236652,-0.583489],[0.551702,0.190777,-0.811929]]],"btipPosition":[-16.0491,272.985,18.8784],"carpPosition":[2.99017,281.001,67.9683],"dipPosition":[-6.77485,276.192,5.22975],"direction":[-0.864136,-0.282966,0.416171],"extended":false,"handId":997,"id":9974,"length":49.2606,"mcpPosition":[33.6253,288.768,21.0739],"pipPosition":[9.70831,281.59,-2.7086],"stabilizedTipPosition":[-15.5472,245.245,20.4144],"timeVisible":26.5805,"tipPosition":[-13.7031,273.687,14.9947],"tipVelocity":[-2.66173,214.987,-276.085],"tool":false,"touchDistance":0.333333,"touchZone":"none","type":4,"width":15.66}],"r":[[0.984723,-0.0491502,0.167048],[0.0503308,0.998729,-0.0028388],[-0.166696,0.0112031,0.985945]],"s":0.878699,"t":[-6.72619,-20.5538,8.94275],"timestamp":669731740625},false],[3,{"currentFrameRate":52.9054,"devices":[],"gestures":[{"center":[-35.2904,267.35,-19.725],"duration":37914,"handIds":[997],"id":14,"normal":[-0.974577,0.222493,0.0263806],"pointableIds":[9971],"progress":0.805859,"radius":18.4785,"state":"update","type":"circle"}],"hands":[{"armBasis":[[0.646264,-0.759459,-0.0745911],[0.729532,0.643544,-0.231592],[0.223887,0.0952531,0.969949]],"armWidth":62.1429,"confidence":0.581973,"direction":[0.454182,0.399517,-0.796307],"elbow":[46.9056,316.153,325.452],"grabStrength":0.471625,"id":997,"palmNormal":[-0.596483,-0.527555,-0.604892],"palmPosition":[4.43839,315.462,25.5528],"palmVelocity":[15.8472,180.99,-214.625],"palmWidth":88.738,"pinchStrength":0.581026,"r":[[0.983792,-0.0589752,0.169337],[0.0582849,0.998259,0.00904876],[-0.169576,0.000967716,0.985517]],"s":0.881041,"sphereCenter":[-11.8282,289.174,-14.6842],"sphereRadius":45.2818,"stabilizedPalmPosition":[0.830327,290.995,32.8352],"t":[-6.42269,-17.0983,4.84304],"timeVisible":26.5999,"type":"right","wrist":[-12.0478,291.072,70.0472]}],"id":4982952,"interactionBox":{"center":[0,200,0],"size":[235.247,235.247,147.751]},"pointables":[{"bases":[[[0.888427,0.248135,0.38617],[-0.443077,0.683378,0.580239],[-0.119922,-0.686603,0.717074]],[[0.875763,0.468297,0.117204],[-0.462271,0.743586,0.483099],[0.139082,-0.47726,0.867686]],[[0.875763,0.468297,0.117204],[-0.470996,0.88212,-0.00523025],[-0.105838,-0.0506223,0.993094]],[[0.875763,0.468297,0.117204],[-0.378173,0.816436,-0.436368],[-0.30004,0.337832,0.892102]]],"btipPosition":[-34.648,322.232,-29.3272],"carpPosition":[-38.2447,305.026,66.2974],"dipPosition":[-41.4963,329.943,-8.96552],"direction":[0.105838,0.0506223,-0.993094],"extended":false,"handId":997,"id":9970,"length":50.8265,"mcpPosition":[-38.2447,305.026,66.2974],"pipPosition":[-45.0155,328.26,24.0566],"stabilizedTipPosition":[-37.6202,306.406,-14.2004],"timeVisible":26.5999,"tipPosition":[-35.0414,324.709,-24.0325],"tipVelocity":[9.32961,216.858,-223.647],"tool":false,"touchDistance":-0.55003,"touchZone":"hovering","type":0,"width":19.7488},{"bases":[[[0.728624,-0.671992,-0.132419],[0.639818,0.598814,0.48172],[-0.244417,-0.435716,0.866263]],[[0.731086,-0.667498,-0.141275],[0.645846,0.743806,-0.172148],[0.21999,0.0346136,0.974888]],[[0.731086,-0.667498,-0.141275],[0.592942,0.724021,-0.352438],[0.337538,0.173895,0.92511]],[[0.731086,-0.667498,-0.141275],[0.54916,0.698564,-0.458729],[0.40489,0.257788,0.877274]]],"btipPosition":[-23.3091,334.775,-69.8923],"carpPosition":[-16.9253,313.358,69.5326],"dipPosition":[-16.5625,339.071,-55.2745],"direction":[-0.337538,-0.173895,-0.92511],"extended":true,"handId":997,"id":9971,"length":57.352,"mcpPosition":[0.611374,344.62,7.3793],"pipPosition":[-8.60601,343.17,-33.4676],"stabilizedTipPosition":[-22.8876,330.625,-62.2935],"timeVisible":26.5999,"tipPosition":[-22.5128,334.955,-65.9924],"tipVelocity":[59.4432,271.384,-224.716],"tool":false,"touchDistance":-0.43841,"touchZone":"hovering","type":1,"width":18.8641},{"bases":[[[0.569082,-0.816851,-0.0943344],[0.748268,0.466874,0.471299],[-0.340939,-0.338796,0.876914]],[[0.560006,-0.825402,-0.0714539],[0.53993,0.429014,-0.72417],[0.628386,0.366959,0.68591]],[[0.560006,-0.825402,-0.0714539],[-0.383104,-0.181518,-0.905694],[0.734591,0.534568,-0.417866]],[[0.560006,-0.825402,-0.0714539],[-0.709967,-0.433652,-0.554881],[0.427014,0.361467,-0.828855]]],"btipPosition":[-41.6059,290.972,3.13127],"carpPosition":[-7.06705,306.62,68.2616],"dipPosition":[-33.7801,297.597,-12.0591],"direction":[-0.734591,-0.534568,0.417866],"extended":false,"handId":997,"id":9972,"length":65.348,"mcpPosition":[16.1309,329.672,8.59528],"pipPosition":[-13.4079,312.422,-23.6476],"stabilizedTipPosition":[-41.3949,269.914,9.44504],"timeVisible":26.5999,"tipPosition":[-39.6793,292.642,-0.978619],"tipVelocity":[6.32365,216.112,-234.257],"tool":false,"touchDistance":0.333333,"touchZone":"none","type":2,"width":18.527},{"bases":[[[0.45467,-0.89066,0.000480626],[0.775765,0.396283,0.491069],[-0.437566,-0.222901,0.871121]],[[0.468706,-0.882912,-0.0279454],[0.574362,0.328639,-0.749736],[0.671135,0.335355,0.661146]],[[0.468706,-0.882912,-0.0279454],[-0.410292,-0.189575,-0.892032],[0.782288,0.429567,-0.451107]],[[0.468706,-0.882912,-0.0279454],[-0.749995,-0.381032,-0.540668],[0.466714,0.274373,-0.840772]]],"btipPosition":[-31.5045,279.961,12.3315],"carpPosition":[0.647495,297.562,66.8492],"dipPosition":[-23.0002,284.961,-2.98868],"direction":[-0.782288,-0.429567,0.451107],"extended":false,"handId":997,"id":9973,"length":62.8339,"mcpPosition":[27.3783,311.179,13.6327],"pipPosition":[-1.86565,296.566,-15.176],"stabilizedTipPosition":[-31.3067,252.089,17.6656],"timeVisible":26.5999,"tipPosition":[-29.4931,281.121,8.85661],"tipVelocity":[1.51496,208.367,-262.656],"tool":false,"touchDistance":0.333333,"touchZone":"none","type":3,"width":17.6296},{"bases":[[[0.2665,-0.963624,0.0201546],[0.795313,0.231668,0.560185],[-0.544477,-0.13326,0.828122]],[[0.292082,-0.9562,-0.0192353],[0.658071,0.215528,-0.72145],[0.693996,0.198064,0.692199]],[[0.292082,-0.9562,-0.0192353],[-0.400154,-0.103915,-0.910538],[0.868657,0.273649,-0.412978]],[[0.292082,-0.9562,-0.0192353],[-0.778219,-0.225929,-0.585945],[0.555935,0.186113,-0.810123]]],"btipPosition":[-16.1236,276.473,15.0674],"carpPosition":[2.93279,284.116,64.2719],"dipPosition":[-6.77819,279.602,1.44909],"direction":[-0.868657,-0.273649,0.412978],"extended":false,"handId":997,"id":9974,"length":49.2606,"mcpPosition":[33.723,291.652,17.4415],"pipPosition":[9.7912,284.822,-6.42836],"stabilizedTipPosition":[-15.3952,248.332,19.595],"timeVisible":26.5999,"tipPosition":[-13.771,277.15,11.2437],"tipVelocity":[-2.82861,196.925,-236.101],"tool":false,"touchDistance":0.333333,"touchZone":"none","type":4,"width":15.66}],"r":[[0.983792,-0.0589752,0.169337],[0.0582849,0.998259,0.00904876],[-0.169576,0.000967716,0.985517]],"s":0.881041,"t":[-6.42269,-17.0983,4.84304],"timestamp":669731760030},false],[4,{"currentFrameRate":52.877,"devices":[],"gestures":[{"center":[-35.2904,267.35,-19.725],"duration":37914,"handIds":[997],"id":14,"normal":[-0.974577,0.222493,0.0263806],"pointableIds":[9971],"progress":0.805859,"radius":18.4785,"state":"update","type":"circle"}],"hands":[{"armBasis":[[0.64904,-0.757222,-0.0732263],[0.732301,0.647943,-0.209537],[0.206112,0.0823739,0.975055]],"armWidth":62.1429,"confidence":0.591215,"direction":[0.456262,0.409294,-0.790129],"elbow":[42.4544,315.522,323.538],"grabStrength":0.45948,"id":997,"palmNormal":[-0.595051,-0.519864,-0.612908],"palmPosition":[4.7843,318.77,22.6432],"palmVelocity":[17.0021,177.532,-184.29],"palmWidth":88.738,"pinchStrength":0.584491,"r":[[0.982896,-0.0673126,0.171421],[0.0646481,0.997685,0.0210849],[-0.172443,-0.00964222,0.984972]],"s":0.882803,"sphereCenter":[-11.3171,292.818,-18.0872],"sphereRadius":45.434,"stabilizedPalmPosition":[1.2458,293.914,31.7642],"t":[-6.09798,-13.7167,1.33836],"timeVisible":26.6189,"type":"right","wrist":[-11.8185,293.831,66.7891]}],"id":4982953,"interactionBox":{"center":[0,200,0],"size":[235.247,235.247,147.751]},"pointables":[{"bases":[[[0.887495,0.243124,0.391464],[-0.444415,0.676203,0.587576],[-0.121855,-0.695443,0.708174]],[[0.874915,0.468509,0.122568],[-0.464011,0.73856,0.489104],[0.138626,-0.484798,0.86357]],[[0.874915,0.468509,0.122568],[-0.472992,0.881024,0.00864821],[-0.103934,-0.0655403,0.992422]],[[0.874915,0.468509,0.122568],[-0.381969,0.823198,-0.420054],[-0.297697,0.320694,0.899184]]],"btipPosition":[-34.5012,326.297,-32.4164],"carpPosition":[-38.0034,307.837,63.1471],"dipPosition":[-41.296,333.617,-11.8931],"direction":[0.103934,0.0655403,-0.992422],"extended":false,"handId":997,"id":9970,"length":50.8265,"mcpPosition":[-38.0034,307.837,63.1471],"pipPosition":[-44.752,331.438,21.1066],"stabilizedTipPosition":[-37.2976,310.879,-16.998],"timeVisible":26.6189,"tipPosition":[-34.8663,328.604,-27.0648],"tipVelocity":[8.85572,213.02,-192.558],"tool":false,"touchDistance":-0.569141,"touchZone":"hovering","type":0,"width":19.7488},{"bases":[[[0.728834,-0.670448,-0.13893],[0.63871,0.592641,0.490741],[-0.24668,-0.446405,0.860158]],[[0.731337,-0.665812,-0.147787],[0.647948,0.745927,-0.154134],[0.212862,0.016966,0.976935]],[[0.731337,-0.665812,-0.147787],[0.598535,0.730451,-0.328933],[0.326958,0.152105,0.932718]],[[0.731337,-0.665812,-0.147787],[0.557453,0.708404,-0.432907],[0.392927,0.234217,0.889241]]],"btipPosition":[-22.1647,339.953,-72.9119],"carpPosition":[-16.6906,316.123,66.5394],"dipPosition":[-15.6174,343.856,-58.0947],"direction":[-0.326958,-0.152105,-0.932718],"extended":true,"handId":997,"id":9971,"length":57.352,"mcpPosition":[1.00843,348.152,4.82415],"pipPosition":[-7.91031,347.442,-36.1085],"stabilizedTipPosition":[-21.7579,335.809,-65.9484],"timeVisible":26.6189,"tipPosition":[-21.488,339.93,-68.9496],"tipVelocity":[58.6227,269.514,-191.073],"tool":false,"touchDistance":-0.46751,"touchZone":"hovering","type":1,"width":18.8641},{"bases":[[[0.56917,-0.815736,-0.103053],[0.747162,0.460817,0.478954],[-0.343211,-0.349604,0.87177]],[[0.560111,-0.824498,-0.0804891],[0.544709,0.43975,-0.714082],[0.624154,0.356122,0.69542]],[[0.560111,-0.824498,-0.0804891],[-0.37743,-0.167491,-0.910765],[0.737443,0.540508,-0.405004]],[[0.560111,-0.824498,-0.0804891],[-0.707259,-0.42534,-0.564686],[0.431348,0.373213,-0.821371]]],"btipPosition":[-41.1743,294.617,-0.511694],"carpPosition":[-6.83044,309.399,65.2095],"dipPosition":[-33.269,301.457,-15.5649],"direction":[-0.737443,-0.540508,0.405004],"extended":false,"handId":997,"id":9972,"length":65.348,"mcpPosition":[16.5221,333.187,5.89321],"pipPosition":[-12.8178,316.446,-26.7967],"stabilizedTipPosition":[-41.0853,273.904,7.4073],"timeVisible":26.6189,"tipPosition":[-39.2516,296.314,-4.42313],"tipVelocity":[14.8615,205.362,-212.43],"tool":false,"touchDistance":0.333333,"touchZone":"none","type":2,"width":18.527},{"bases":[[[0.454506,-0.890694,-0.00945178],[0.774596,0.389979,0.497913],[-0.439802,-0.233626,0.867175]],[[0.468521,-0.882654,-0.0375515],[0.586654,0.34262,-0.733791],[0.660549,0.321766,0.678337]],[[0.468521,-0.882654,-0.0375515],[-0.395853,-0.171743,-0.902111],[0.789803,0.437523,-0.429867]],[[0.468521,-0.882654,-0.0375515],[-0.743619,-0.371058,-0.556189],[0.476989,0.28851,-0.830207]]],"btipPosition":[-31.0583,283.532,7.91194],"carpPosition":[0.886004,300.358,63.704],"dipPosition":[-22.3669,288.79,-7.21574],"direction":[-0.789803,-0.437523,0.429867],"extended":false,"handId":997,"id":9973,"length":62.8339,"mcpPosition":[27.7534,314.63,10.7285],"pipPosition":[-1.02924,300.61,-18.8292],"stabilizedTipPosition":[-31.097,255.135,16.4311],"timeVisible":26.6189,"tipPosition":[-29.0357,284.72,4.81582],"tipVelocity":[13.4398,199.781,-246.627],"tool":false,"touchDistance":0.333333,"touchZone":"none","type":3,"width":17.6296},{"bases":[[[0.266273,-0.963857,0.00883893],[0.793939,0.224514,0.565026],[-0.546588,-0.143434,0.825026]],[[0.291609,-0.956072,-0.0298546],[0.662641,0.224422,-0.714522],[0.689834,0.188578,0.698976]],[[0.291609,-0.956072,-0.0298546],[-0.394633,-0.0918177,-0.91424],[0.871337,0.278382,-0.404072]],[[0.291609,-0.956072,-0.0298546],[-0.7754,-0.217996,-0.592649],[0.560107,0.195971,-0.804907]]],"btipPosition":[-15.7393,279.949,11.4448],"carpPosition":[3.17536,286.945,60.9654],"dipPosition":[-6.32384,283.243,-2.08581],"direction":[-0.871337,-0.278382,0.404072],"extended":false,"handId":997,"id":9974,"length":49.2606,"mcpPosition":[34.085,295.056,14.3101],"pipPosition":[10.2967,288.553,-9.79338],"stabilizedTipPosition":[-15.2166,251.507,18.4906],"timeVisible":26.6189,"tipPosition":[-13.3896,280.663,7.74837],"tipVelocity":[8.9335,190.948,-213.132],"tool":false,"touchDistance":0.333333,"touchZone":"none","type":4,"width":15.66}],"r":[[0.982896,-0.0673126,0.171421],[0.0646481,0.997685,0.0210849],[-0.172443,-0.00964222,0.984972]],"s":0.882803,"t":[-6.09798,-13.7167,1.33836],"timestamp":669731779044},false],[5,{"currentFrameRate":52.8462,"devices":[],"gestures":[{"center":[-35.2904,267.35,-19.725],"duration":37914,"handIds":[997],"id":14,"normal":[-0.974577,0.222493,0.0263806],"pointableIds":[9971],"progress":0.805859,"radius":18.4785,"state":"update","type":"circle"}],"hands":[{"armBasis":[[0.643524,-0.760883,-0.0832639],[0.740237,0.646331,-0.185219],[0.194746,0.0575581,0.979163]],"armWidth":62.1429,"confidence":0.594393,"direction":[0.464627,0.407647,-0.786095],"elbow":[38.8378,311.824,321.703],"grabStrength":0.444808,"id":997,"palmNormal":[-0.593256,-0.51575,-0.618101],"palmPosition":[4.64,321.566,19.8856],"palmVelocity":[4.88702,162.416,-164.866],"palmWidth":88.738,"pinchStrength":0.590721,"r":[[0.981785,-0.0751522,0.174499],[0.0707953,0.997007,0.0310689],[-0.176311,-0.0181493,0.984167]],"s":0.884146,"sphereCenter":[-11.263,295.618,-21.1544],"sphereRadius":45.5968,"stabilizedPalmPosition":[1.61257,296.902,30.4806],"t":[-6.00778,-10.6282,-1.79276],"timeVisible":26.6379,"type":"right","wrist":[-12.4423,296.668,63.8718]}],"id":4982954,"interactionBox":{"center":[0,200,0],"size":[235.247,235.247,147.751]},"pointables":[{"bases":[[[0.885822,0.237623,0.398565],[-0.445083,0.678007,0.584985],[-0.131224,-0.695588,0.706355]],[[0.876063,0.465009,0.127596],[-0.464073,0.741216,0.485011],[0.130958,-0.484114,0.86515]],[[0.876063,0.465009,0.127596],[-0.470069,0.88256,0.0110632],[-0.107467,-0.0696712,0.991764]],[[0.876063,0.465009,0.127596],[-0.378966,0.827589,-0.414103],[-0.298159,0.314426,0.901242]]],"btipPosition":[-34.5153,329.534,-35.6192],"carpPosition":[-38.5187,310.826,60.0463],"dipPosition":[-41.3206,336.71,-15.0489],"direction":[0.107467,0.0696712,-0.991764],"extended":false,"handId":997,"id":9970,"length":50.8265,"mcpPosition":[-38.5187,310.826,60.0463],"pipPosition":[-44.894,334.394,17.929],"stabilizedTipPosition":[-37.0468,315.064,-19.8607],"timeVisible":26.6379,"tipPosition":[-34.8748,331.701,-30.2487],"tipVelocity":[4.06513,190.989,-180.306],"tool":false,"touchDistance":-0.58844,"touchZone":"hovering","type":0,"width":19.7488},{"bases":[[[0.726075,-0.6744,-0.134163],[0.638263,0.588424,0.496364],[-0.255803,-0.446029,0.857685]],[[0.728859,-0.669428,-0.143636],[0.654767,0.742837,-0.139545],[0.200114,0.00766001,0.979743]],[[0.728859,-0.669428,-0.143636],[0.609841,0.730121,-0.308249],[0.311222,0.137074,0.9404]],[[0.728859,-0.669428,-0.143636],[0.572046,0.710693,-0.409486],[0.376203,0.216291,0.900938]]],"btipPosition":[-20.8219,343.834,-76.1551],"carpPosition":[-17.1861,318.988,63.6124],"dipPosition":[-14.5534,347.438,-61.143],"direction":[-0.311222,-0.137074,-0.9404],"extended":true,"handId":997,"id":9971,"length":57.352,"mcpPosition":[1.16741,350.99,2.07457],"pipPosition":[-7.21717,350.669,-38.9758],"stabilizedTipPosition":[-20.5478,340.315,-69.3857],"timeVisible":26.6379,"tipPosition":[-20.2957,343.619,-72.1264],"tipVelocity":[62.8385,235.385,-179.72],"tool":false,"touchDistance":-0.497068,"touchZone":"hovering","type":1,"width":18.8641},{"bases":[[[0.565322,-0.818824,-0.0996924],[0.746055,0.456003,0.485246],[-0.351871,-0.348696,0.868676]],[[0.556046,-0.827556,-0.0772266],[0.557705,0.440387,-0.70358],[0.616261,0.348154,0.706407]],[[0.556046,-0.827556,-0.0772266],[-0.365327,-0.159891,-0.917045],[0.746558,0.538132,-0.391236]],[[0.556046,-0.827556,-0.0772266],[-0.702846,-0.418579,-0.575152],[0.443645,0.374089,-0.814393]]],"btipPosition":[-41.216,297.79,-4.18699],"carpPosition":[-7.35423,312.21,62.3499],"dipPosition":[-33.0854,304.646,-19.1123],"direction":[-0.746558,-0.538132,0.391236],"extended":false,"handId":997,"id":9972,"length":65.348,"mcpPosition":[16.5875,335.935,3.24412],"pipPosition":[-12.3814,319.57,-29.9623],"stabilizedTipPosition":[-40.8295,277.648,5.19772],"timeVisible":26.6379,"tipPosition":[-39.2713,299.445,-7.82676],"tipVelocity":[7.79984,186.406,-202.138],"tool":false,"touchDistance":0.333333,"touchZone":"none","type":2,"width":18.527},{"bases":[[[0.449519,-0.893243,-0.00706731],[0.772941,0.384988,0.504327],[-0.447766,-0.232167,0.863484]],[[0.46395,-0.885155,-0.035358],[0.604803,0.345664,-0.717446],[0.647274,0.311475,0.695716]],[[0.46395,-0.885155,-0.035358],[-0.376782,-0.16105,-0.912194],[0.801739,0.436535,-0.40823]],[[0.46395,-0.885155,-0.035358],[-0.735842,-0.36285,-0.571732],[0.493242,0.291273,-0.819678]]],"btipPosition":[-31.1757,286.637,3.79225],"carpPosition":[0.322285,303.127,60.8924],"dipPosition":[-22.1881,291.944,-11.1436],"direction":[-0.801739,-0.436535,0.40823],"extended":false,"handId":997,"id":9973,"length":62.8339,"mcpPosition":[27.6762,317.31,8.1425],"pipPosition":[-0.528008,303.738,-22.1725],"stabilizedTipPosition":[-30.9216,258.022,15.0127],"timeVisible":26.6379,"tipPosition":[-29.128,287.809,1.04198],"tipVelocity":[5.5404,182,-230.607],"tool":false,"touchDistance":0.333333,"touchZone":"none","type":3,"width":17.6296},{"bases":[[[0.260741,-0.96536,0.00968735],[0.790832,0.219335,0.571381],[-0.553713,-0.141321,0.820628]],[[0.285948,-0.957833,-0.0280908],[0.673403,0.221718,-0.705245],[0.681735,0.182747,0.708407]],[[0.285948,-0.957833,-0.0280908],[-0.383199,-0.0874317,-0.919519],[0.878289,0.273699,-0.392042]],[[0.285948,-0.957833,-0.0280908],[-0.769934,-0.212204,-0.601806],[0.570469,0.193714,-0.798148]]],"btipPosition":[-15.9826,282.917,8.21466],"carpPosition":[2.5567,289.704,58.1549],"dipPosition":[-6.39291,286.173,-5.20236],"direction":[-0.878289,-0.273699,0.392042],"extended":false,"handId":997,"id":9974,"length":49.2606,"mcpPosition":[33.8692,297.696,11.7483],"pipPosition":[10.3602,291.394,-12.6804],"stabilizedTipPosition":[-15.073,254.715,17.1579],"timeVisible":26.6379,"tipPosition":[-13.6167,283.61,4.68781],"tipVelocity":[-0.730281,173.466,-191.054],"tool":false,"touchDistance":0.333333,"touchZone":"none","type":4,"width":15.66}],"r":[[0.981785,-0.0751522,0.174499],[0.0707953,0.997007,0.0310689],[-0.176311,-0.0181493,0.984167]],"s":0.884146,"t":[-6.00778,-10.6282,-1.79276],"timestamp":669731798078},false],[6,{"currentFrameRate":53.0723,"devices":[],"gestures":[{"center":[-35.2904,267.35,-19.725],"duration":37914,"handIds":[997],"id":14,"normal":[-0.974577,0.222493,0.0263806],"pointableIds":[9971],"progress":0.805859,"radius":18.4785,"state":"stop","type":"circle"}],"hands":[{"armBasis":[[0.642156,-0.762624,-0.0777246],[0.743871,0.644419,-0.177143],[0.185181,0.0559365,0.981111]],"armWidth":62.1429,"confidence":0.499334,"direction":[0.462626,0.399142,-0.791621],"elbow":[36.6742,314.515,318.919],"grabStrength":0.430373,"id":997,"palmNormal":[-0.597433,-0.519365,-0.61101],"palmPosition":[4.88986,324.235,16.2984],"palmVelocity":[9.14248,155.619,-181.046],"palmWidth":88.738,"pinchStrength":0.599846,"r":[[0.980949,-0.0817545,0.176223],[0.0763529,0.996386,0.0372292],[-0.17863,-0.0230649,0.983646]],"s":0.885766,"sphereCenter":[-11.2815,297.945,-24.5505],"sphereRadius":45.7196,"stabilizedPalmPosition":[1.92509,299.508,29.1282],"t":[-5.83775,-7.74908,-5.15194],"timeVisible":26.656,"type":"right","wrist":[-12.0871,299.786,60.5756]}],"id":4982955,"interactionBox":{"center":[0,200,0],"size":[235.247,235.247,147.751]},"pointables":[{"bases":[[[0.888212,0.238364,0.392762],[-0.440522,0.684606,0.580736],[-0.13046,-0.688837,0.71308]],[[0.877641,0.464538,0.118116],[-0.460161,0.747606,0.478892],[0.134159,-0.474648,0.869891]],[[0.877641,0.464538,0.118116],[-0.468667,0.883336,0.00828005],[-0.10049,-0.062624,0.992965]],[[0.877641,0.464538,0.118116],[-0.381703,0.8264,-0.413964],[-0.289913,0.318226,0.902598]]],"btipPosition":[-34.7074,331.917,-39.2357],"carpPosition":[-38.1348,313.991,56.7315],"dipPosition":[-41.3245,339.181,-18.6345],"direction":[0.10049,0.062624,-0.992965],"extended":false,"handId":997,"id":9970,"length":50.8265,"mcpPosition":[-38.1348,313.991,56.7315],"pipPosition":[-44.666,337.098,14.3833],"stabilizedTipPosition":[-36.908,318.209,-22.3457],"timeVisible":26.656,"tipPosition":[-35.027,334.046,-33.8707],"tipVelocity":[-1.77903,163.632,-189.747],"tool":false,"touchDistance":-0.61207,"touchZone":"hovering","type":0,"width":19.7488},{"bases":[[[0.723397,-0.677866,-0.131129],[0.642161,0.590807,0.488443],[-0.253627,-0.437544,0.862687]],[[0.72629,-0.672746,-0.141127],[0.658004,0.739818,-0.140354],[0.198831,0.00907557,0.979992]],[[0.72629,-0.672746,-0.141127],[0.615426,0.727856,-0.302452],[0.306193,0.132815,0.942659]],[[0.72629,-0.672746,-0.141127],[0.579648,0.709759,-0.400313],[0.369475,0.208939,0.905446]]],"btipPosition":[-20.2696,346.518,-80.129],"carpPosition":[-16.7621,322.117,60.1363],"dipPosition":[-14.1132,349.999,-65.0418],"direction":[-0.306193,-0.132815,-0.942659],"extended":true,"handId":997,"id":9971,"length":57.352,"mcpPosition":[1.43529,353.51,-1.76045],"pipPosition":[-6.89553,353.13,-42.8212],"stabilizedTipPosition":[-19.8082,343.372,-72.5606],"timeVisible":26.656,"tipPosition":[-19.8363,346.181,-76.0501],"tipVelocity":[46.8866,193.614,-198.572],"tool":false,"touchDistance":-0.535042,"touchZone":"hovering","type":1,"width":18.8641},{"bases":[[[0.562337,-0.821467,-0.094705],[0.749491,0.457951,0.478063],[-0.349343,-0.339813,0.873205]],[[0.553162,-0.829939,-0.0722058],[0.561986,0.435737,-0.703069],[0.614967,0.348332,0.707447]],[[0.553162,-0.829939,-0.0722058],[-0.362519,-0.16177,-0.917829],[0.750061,0.533884,-0.390353]],[[0.553162,-0.829939,-0.0722058],[-0.703608,-0.419033,-0.573888],[0.446035,0.368257,-0.815745]]],"btipPosition":[-41.0707,300.489,-7.99979],"carpPosition":[-6.95682,315.297,58.8938],"dipPosition":[-32.8962,307.238,-22.9499],"direction":[-0.750061,-0.533884,0.390353],"extended":false,"handId":997,"id":9972,"length":65.348,"mcpPosition":[16.8129,338.418,-0.520114],"pipPosition":[-12.0951,322.044,-33.7754],"stabilizedTipPosition":[-40.6263,280.672,3.1353],"timeVisible":26.656,"tipPosition":[-39.1507,302.073,-11.3974],"tipVelocity":[8.1884,168.354,-206.725],"tool":false,"touchDistance":0.333333,"touchZone":"none","type":2,"width":18.527},{"bases":[[[0.446688,-0.894689,-0.000940648],[0.776234,0.387024,0.497668],[-0.444894,-0.223032,0.867367]],[[0.461126,-0.886842,-0.0295625],[0.603333,0.337793,-0.722417],[0.650656,0.315289,0.690826]],[[0.461126,-0.886842,-0.0295625],[-0.380633,-0.167601,-0.909411],[0.801549,0.430606,-0.414846]],[[0.461126,-0.886842,-0.0295625],[-0.739218,-0.365511,-0.565649],[0.4908