{"sensorType":"Leap","data":[[0,{"currentFrameRate":53.0911,"devices":[],"gestures":[],"hands":[{"armBasis":[[0.700547,-0.70193,-0.128562],[0.683959,0.711846,-0.15961],[0.203551,0.0238832,0.978773]],"armWidth":62.1429,"confidence":0.531296,"direction":[0.34393,0.485645,-0.803655],"elbow":[48.331,282.459,326.708],"grabStrength":1,"id":997,"palmNormal":[-0.624174,-0.521167,-0.582058],"palmPosition":[5.00014,304.767,25.1248],"palmVelocity":[31.4288,184.682,-249.179],"palmWidth":88.738,"pinchStrength":1,"r":[[0.998403,-0.0369312,0.0427411],[0.0327847,0.995037,0.093952],[-0.0459988,-0.0924008,0.994659]],"s":0.622035,"sphereCenter":[-12.2793,285.219,-12.2768],"sphereRadius":39.9897,"stabilizedPalmPosition":[-4.88428,253.899,98.1407],"t":[-6.12638,-27.6765,4.78392],"timeVisible":3.89592,"type":"right","wrist":[-5.26762,276.17,68.9795]}],"id":4981765,"interactionBox":{"center":[0,200,0],"size":[235.247,235.247,147.751]},"pointables":[{"bases":[[[0.907676,0.278506,0.31394],[-0.419658,0.608354,0.673642],[-0.00337356,-0.743196,0.669065]],[[0.853678,0.516706,0.0651862],[-0.473726,0.718406,0.509388],[0.216374,-0.465734,0.858064]],[[0.853678,0.516706,0.0651862],[-0.520712,0.84914,0.0884304],[-0.00965967,-0.109434,0.993947]],[[0.853678,0.516706,0.0651862],[-0.446319,0.790338,-0.419721],[-0.268391,0.329212,0.90531]]],"btipPosition":[-36.5799,307.37,-26.511],"carpPosition":[-32.4934,288.572,68.975],"dipPosition":[-42.7058,314.884,-5.84785],"direction":[0.00965967,0.109434,-0.993947],"extended":false,"handId":997,"id":9970,"length":50.8265,"mcpPosition":[-32.4934,288.572,68.975],"pipPosition":[-43.027,311.245,27.2026],"stabilizedTipPosition":[-42.0254,270.995,24.1794],"timeVisible":3.89592,"tipPosition":[-37.1681,307.495,-22.3929],"tipVelocity":[26.4532,222.532,-233.343],"tool":false,"touchDistance":-0.867442,"touchZone":"hovering","type":0,"width":19.7488},{"bases":[[[0.7493,-0.610304,-0.257058],[0.65009,0.603899,0.461182],[-0.126224,-0.512675,0.849254]],[[0.743334,-0.631307,-0.221147],[0.637396,0.76877,-0.0521443],[0.20293,-0.102197,0.973846]],[[0.743334,-0.631307,-0.221147],[0.150809,0.480254,-0.864068],[0.651698,0.60894,0.452196]],[[0.743334,-0.631307,-0.221147],[-0.292774,-0.00979575,-0.956131],[0.601446,0.775471,-0.192112]]],"btipPosition":[-36.3136,311.848,-38.4808],"carpPosition":[-11.4838,298.058,70.7135],"dipPosition":[-26.2919,324.77,-41.6819],"direction":[-0.651698,-0.60894,-0.452196],"extended":false,"handId":997,"id":9971,"length":57.352,"mcpPosition":[-2.42737,334.842,9.78056],"pipPosition":[-10.9299,339.124,-31.0227],"stabilizedTipPosition":[-50.9751,255.536,62.0704],"timeVisible":3.89592,"tipPosition":[-34.157,313.684,-36.5278],"tipVelocity":[47.076,272.615,-352.272],"tool":false,"touchDistance":-0.626253,"touchZone":"hovering","type":1,"width":18.8641},{"bases":[[[0.603481,-0.767905,-0.214786],[0.76448,0.480624,0.429617],[-0.226674,-0.423465,0.877095]],[[0.604649,-0.765696,-0.219336],[0.410911,0.53578,-0.737626],[0.682313,0.355877,0.638593]],[[0.604649,-0.765696,-0.219336],[-0.540645,-0.192336,-0.818969],[0.584895,0.613772,-0.530266]],[[0.604649,-0.765696,-0.219336],[-0.774798,-0.501607,-0.384809],[0.184627,0.402616,-0.896556]]],"btipPosition":[-37.6857,279.789,9.37703],"carpPosition":[-1.43082,292.105,67.9375],"dipPosition":[-34.3021,287.168,-7.05408],"direction":[-0.584895,-0.613772,0.530266],"extended":false,"handId":997,"id":9972,"length":65.348,"mcpPosition":[13.9924,320.918,8.25888],"pipPosition":[-18.0814,304.189,-21.7597],"stabilizedTipPosition":[-47.6235,240.281,66.4141],"timeVisible":3.89592,"tipPosition":[-36.5676,282.406,3.29759],"tipVelocity":[22.7108,187.546,-197.888],"tool":false,"touchDistance":0.333333,"touchZone":"none","type":2,"width":18.527},{"bases":[[[0.504188,-0.855883,-0.115144],[0.798027,0.410788,0.440915],[-0.330072,-0.314192,0.890132]],[[0.509783,-0.85036,-0.130418],[0.443552,0.389688,-0.807097],[0.737145,0.353598,0.575835]],[[0.509783,-0.85036,-0.130418],[-0.583532,-0.230391,-0.778724],[0.632149,0.473083,-0.613662]],[[0.509783,-0.85036,-0.130418],[-0.829551,-0.44571,-0.336435],[0.227962,0.279697,-0.932632]]],"btipPosition":[-26.5718,269.62,19.156],"carpPosition":[6.61665,283.711,65.0523],"dipPosition":[-22.4179,274.716,2.162],"direction":[-0.632149,-0.473083,0.613662],"extended":false,"handId":997,"id":9973,"length":62.8339,"mcpPosition":[26.7806,302.905,10.6744],"pipPosition":[-5.33958,287.497,-14.4169],"stabilizedTipPosition":[-34.5275,227.802,72.5527],"timeVisible":3.89592,"tipPosition":[-25.5335,271.157,13.2729],"tipVelocity":[22.846,190.834,-206.629],"tool":false,"touchDistance":0.333333,"touchZone":"none","type":3,"width":17.6296},{"bases":[[[0.323763,-0.942525,-0.0826059],[0.834415,0.243283,0.494536],[-0.446016,-0.22904,0.865223]],[[0.311749,-0.9483,-0.0594948],[0.579512,0.239386,-0.779013],[0.75298,0.208378,0.624179]],[[0.311749,-0.9483,-0.0594948],[-0.561181,-0.133235,-0.816899],[0.766739,0.288055,-0.573704]],[[0.311749,-0.9483,-0.0594948],[-0.881654,-0.265358,-0.390219],[0.354257,0.174104,-0.918798]]],"btipPosition":[-11.9117,268.015,17.1431],"carpPosition":[9.41236,270.67,61.2074],"dipPosition":[-5.95655,270.942,1.69798],"direction":[-0.766739,-0.288055,0.573704],"extended":false,"handId":997,"id":9974,"length":49.2606,"mcpPosition":[34.6346,283.622,12.279],"pipPosition":[8.66877,276.437,-9.24527],"stabilizedTipPosition":[-19.1516,222.736,77.1699],"timeVisible":3.89592,"tipPosition":[-10.3004,268.921,12.0434],"tipVelocity":[18.2091,189.761,-228.481],"tool":false,"touchDistance":0.333333,"touchZone":"none","type":4,"width":15.66}],"r":[[0.998403,-0.0369312,0.0427411],[0.0327847,0.995037,0.093952],[-0.0459988,-0.0924008,0.994659]],"s":0.622035,"t":[-6.12638,-27.6765,4.78392],"timestamp":669709056077},false],[1,{"currentFrameRate":53.2006,"devices":[],"gestures":[],"hands":[{"armBasis":[[0.708247,-0.69524,-0.122591],[0.675283,0.71781,-0.169535],[0.205864,0.0372891,0.97787]],"armWidth":62.1429,"confidence":0.532117,"direction":[0.343592,0.49597,-0.79747],"elbow":[49.3633,288.388,323.192],"grabStrength":1,"id":997,"palmNormal":[-0.617989,-0.519991,-0.58966],"palmPosition":[5.38981,307.668,22.1698],"palmVelocity":[26.4927,171.648,-206.53],"palmWidth":88.738,"pinchStrength":1,"r":[[0.998162,-0.0400333,0.0454875],[0.035378,0.994468,0.0989019],[-0.0491952,-0.0971109,0.994057]],"s":0.650853,"sphereCenter":[-11.8361,288.663,-15.4965],"sphereRadius":40.2717,"stabilizedPalmPosition":[-4.49242,255.95,95.2431],"t":[-5.64707,-24.557,1.07212],"timeVisible":3.91433,"type":"right","wrist":[-4.84443,278.569,65.7013]}],"id":4981766,"interactionBox":{"center":[0,200,0],"size":[235.247,235.247,147.751]},"pointables":[{"bases":[[[0.90434,0.282035,0.320353],[-0.426813,0.598666,0.677812],[-0.000617687,-0.749704,0.661773]],[[0.849762,0.521932,0.0741019],[-0.478907,0.705552,0.522345],[0.220346,-0.479357,0.849509]],[[0.849762,0.521932,0.0741019],[-0.527047,0.844124,0.0983646],[-0.0112116,-0.122642,0.992388]],[[0.849762,0.521932,0.0741019],[-0.447596,0.788597,-0.421632],[-0.2785,0.325119,0.903734]]],"btipPosition":[-36.1577,310.765,-29.2755],"carpPosition":[-32.1602,290.772,65.7062],"dipPosition":[-42.5143,318.186,-8.64832],"direction":[0.0112116,0.122642,-0.992388],"extended":false,"handId":997,"id":9970,"length":50.8265,"mcpPosition":[-32.1602,290.772,65.7062],"pipPosition":[-42.8871,314.108,24.3503],"stabilizedTipPosition":[-41.3584,277.275,16.8043],"timeVisible":3.91433,"tipPosition":[-36.7989,310.931,-25.2157],"tipVelocity":[23.3753,203.667,-193.549],"tool":false,"touchDistance":-0.850623,"touchZone":"hovering","type":0,"width":19.7488},{"bases":[[[0.754782,-0.602283,-0.259921],[0.643784,0.604087,0.469702],[-0.125879,-0.521856,0.843695]],[[0.749064,-0.622926,-0.225534],[0.636001,0.771468,-0.0184545],[0.185488,-0.129616,0.97406]],[[0.749064,-0.622926,-0.225534],[0.183011,0.521749,-0.833238],[0.636718,0.582873,0.504826]],[[0.749064,-0.622926,-0.225534],[-0.250889,0.0483461,-0.966808],[0.613154,0.780785,-0.120071]]],"btipPosition":[-35.1936,316.517,-43.6224],"carpPosition":[-11.2278,300.393,67.623],"dipPosition":[-24.9768,329.527,-45.6231],"direction":[-0.636718,-0.582873,-0.504826],"extended":false,"handId":997,"id":9971,"length":57.352,"mcpPosition":[-2.19616,337.836,7.08896],"pipPosition":[-9.96795,343.267,-33.7233],"stabilizedTipPosition":[-49.5698,260.495,53.8429],"timeVisible":3.91433,"tipPosition":[-33.1036,318.216,-41.4351],"tipVelocity":[54.8827,264.036,-309.966],"tool":false,"touchDistance":-0.664944,"touchZone":"hovering","type":1,"width":18.8641},{"bases":[[[0.609953,-0.761349,-0.219784],[0.759201,0.481964,0.437407],[-0.227091,-0.433658,0.871992]],[[0.611074,-0.759184,-0.224115],[0.400132,0.540543,-0.740072],[0.682995,0.362564,0.634086]],[[0.611074,-0.759184,-0.224115],[-0.544168,-0.19728,-0.815452],[0.574865,0.620258,-0.533676]],[[0.611074,-0.759184,-0.224115],[-0.771253,-0.507288,-0.384484],[0.178203,0.407798,-0.895514]]],"btipPosition":[-36.9831,282.33,6.90441],"carpPosition":[-1.12039,294.541,64.8304],"dipPosition":[-33.7172,289.803,-9.50758],"direction":[-0.574865,-0.620258,0.533676],"extended":false,"handId":997,"id":9972,"length":65.348,"mcpPosition":[14.3312,324.048,5.49895],"pipPosition":[-17.7747,307.005,-24.3078],"stabilizedTipPosition":[-46.835,243.31,62.034],"timeVisible":3.91433,"tipPosition":[-35.9398,284.946,0.858441],"tipVelocity":[29.4479,164.291,-167.194],"tool":false,"touchDistance":0.333333,"touchZone":"none","type":2,"width":18.527},{"bases":[[[0.510908,-0.851018,-0.121412],[0.793213,0.412267,0.448161],[-0.331339,-0.325274,0.88567]],[[0.516494,-0.845337,-0.136525],[0.438675,0.39814,-0.805635],[0.73539,0.356216,0.576466]],[[0.516494,-0.845337,-0.136525],[-0.583364,-0.230657,-0.77877],[0.626833,0.481874,-0.612272]],[[0.516494,-0.845337,-0.136525],[-0.826078,-0.449919,-0.339364],[0.225452,0.28806,-0.930695]]],"btipPosition":[-25.8452,272.316,16.1725],"carpPosition":[6.99994,286.234,61.8965],"dipPosition":[-21.7371,277.565,-0.7862],"direction":[-0.626833,-0.481874,0.612272],"extended":false,"handId":997,"id":9973,"length":62.8339,"mcpPosition":[27.2413,306.105,7.7912],"pipPosition":[-4.80237,290.584,-17.3276],"stabilizedTipPosition":[-33.7927,231.291,67.9517],"timeVisible":3.91433,"tipPosition":[-24.8303,273.888,10.3444],"tipVelocity":[30.5758,170.426,-184.99],"tool":false,"touchDistance":0.333333,"touchZone":"none","type":3,"width":17.6296},{"bases":[[[0.330993,-0.939287,-0.0904579],[0.830612,0.244516,0.500296],[-0.447803,-0.24073,0.861117]],[[0.319035,-0.945325,-0.0676541],[0.576254,0.250161,-0.778043],[0.752428,0.209237,0.624558]],[[0.319035,-0.945325,-0.0676541],[-0.56163,-0.131077,-0.81694],[0.763406,0.298629,-0.572741]],[[0.319035,-0.945325,-0.0676541],[-0.879573,-0.268748,-0.392588],[0.352941,0.184756,-0.917223]]],"btipPosition":[-11.2116,270.849,14.0463],"carpPosition":[9.90663,273.253,57.9362],"dipPosition":[-5.2786,273.954,-1.37241],"direction":[-0.763406,-0.298629,0.572741],"extended":false,"handId":997,"id":9974,"length":49.2606,"mcpPosition":[35.2299,286.866,9.24],"pipPosition":[9.28315,279.651,-12.2973],"stabilizedTipPosition":[-18.6251,225.499,73.3971],"timeVisible":3.91433,"tipPosition":[-9.61507,271.803,8.97656],"tipVelocity":[27.6201,173.603,-199.343],"tool":false,"touchDistance":0.333333,"touchZone":"none","type":4,"width":15.66}],"r":[[0.998162,-0.0400333,0.0454875],[0.035378,0.994468,0.0989019],[-0.0491952,-0.0971109,0.994057]],"s":0.650853,"t":[-5.64707,-24.557,1.07212],"timestamp":669709074481},false],[2,{"currentFrameRate":53.5598,"devices":[],"gestures":[],"hands":[{"armBasis":[[0.703898,-0.699718,-0.122158],[0.684657,0.71417,-0.14562],[0.189134,0.0188656,0.98177]],"armWidth":62.1429,"confidence":0.528141,"direction":[0.347828,0.485543,-0.802037],"elbow":[44.5803,287.256,320.5],"grabStrength":0.957458,"id":997,"palmNormal":[-0.618389,-0.524182,-0.585516],"palmPosition":[5.25162,310.852,18.154],"palmVelocity":[10.5764,176.956,-217.822],"palmWidth":88.738,"pinchStrength":0.974923,"r":[[0.997896,-0.0432134,0.0483372],[0.0381782,0.99419,0.100637],[-0.0524052,-0.0985796,0.993748]],"s":0.679046,"sphereCenter":[-12.2437,291.89,-19.3284],"sphereRadius":40.5391,"stabilizedPalmPosition":[-4.09129,258.21,92.0696],"t":[-5.47651,-21.4052,-2.79167],"timeVisible":3.93171,"type":"right","wrist":[-5.22207,282.289,61.9822]}],"id":4981767,"interactionBox":{"center":[0,200,0],"size":[235.247,235.247,147.751]},"pointables":[{"bases":[[[0.904548,0.282058,0.319744],[-0.426336,0.607989,0.669766],[-0.0054876,-0.742154,0.670207]],[[0.851572,0.519475,0.0705035],[-0.476861,0.711706,0.515828],[0.217782,-0.472885,0.853786]],[[0.851572,0.519475,0.0705035],[-0.524036,0.847238,0.0870218],[-0.0145276,-0.111052,0.993708]],[[0.851572,0.519475,0.0705035],[-0.441796,0.783531,-0.436916],[-0.282209,0.340917,0.896735]]],"btipPosition":[-36.1666,313.531,-33.3036],"carpPosition":[-32.4888,294.599,61.7705],"dipPosition":[-42.6078,321.312,-12.8362],"direction":[0.0145276,0.111052,-0.993708],"extended":false,"handId":997,"id":9970,"length":50.8265,"mcpPosition":[-32.4888,294.599,61.7705],"pipPosition":[-43.0909,317.62,20.2064],"stabilizedTipPosition":[-40.8498,282.49,10.5816],"timeVisible":3.93171,"tipPosition":[-36.8621,313.851,-29.2669],"tipVelocity":[11.8203,185.27,-212.144],"tool":false,"touchDistance":-0.854867,"touchZone":"hovering","type":0,"width":19.7488},{"bases":[[[0.753103,-0.608174,-0.250918],[0.64486,0.606811,0.46469],[-0.130352,-0.511766,0.849178]],[[0.748084,-0.625697,-0.221072],[0.642204,0.766525,0.00366494],[0.167164,-0.144715,0.975251]],[[0.748084,-0.625697,-0.221072],[0.222351,0.55022,-0.804871],[0.625244,0.552956,0.550736]],[[0.748084,-0.625697,-0.221072],[-0.20417,0.0999644,-0.973818],[0.631415,0.773634,-0.0529665]]],"btipPosition":[-34.4345,321.015,-50.2505],"carpPosition":[-11.5236,304.158,63.6386],"dipPosition":[-23.9134,333.906,-51.133],"direction":[-0.625244,-0.552956,-0.550736],"extended":false,"handId":997,"id":9971,"length":57.352,"mcpPosition":[-2.17101,340.877,2.71112],"pipPosition":[-9.17502,346.94,-38.151],"stabilizedTipPosition":[-48.137,265.676,45.3304],"timeVisible":3.93171,"tipPosition":[-32.4009,322.525,-47.7717],"tipVelocity":[51.5566,260.847,-336.054],"tool":false,"touchDistance":-0.722346,"touchZone":"hovering","type":1,"width":18.8641},{"bases":[[[0.607527,-0.7662,-0.209402],[0.759879,0.483873,0.43411],[-0.231291,-0.422853,0.876185]],[[0.608542,-0.764326,-0.213267],[0.393004,0.523784,-0.755776],[0.689365,0.376107,0.619128]],[[0.608542,-0.764326,-0.213267],[-0.552105,-0.214782,-0.805636],[0.569962,0.608009,-0.552692]],[[0.608542,-0.764326,-0.213267],[-0.77415,-0.512821,-0.371088],[0.174264,0.390923,-0.903776]]],"btipPosition":[-37.1,285.301,4.11212],"carpPosition":[-1.43179,298.235,60.9415],"dipPosition":[-33.9063,292.465,-12.4513],"direction":[-0.569962,-0.608009,0.552692],"extended":false,"handId":997,"id":9972,"length":65.348,"mcpPosition":[14.3056,327.007,1.32475],"pipPosition":[-18.0997,309.327,-27.7789],"stabilizedTipPosition":[-46.0718,246.492,57.5336],"timeVisible":3.93171,"tipPosition":[-36.1114,287.779,-1.98781],"tipVelocity":[12.2896,165.445,-165.07],"tool":false,"touchDistance":0.333333,"touchZone":"none","type":2,"width":18.527},{"bases":[[[0.507845,-0.854357,-0.110307],[0.793582,0.414169,0.445749],[-0.335143,-0.313909,0.888335]],[[0.513477,-0.84889,-0.125411],[0.439003,0.385448,-0.811608],[0.737305,0.361685,0.570583]],[[0.513477,-0.84889,-0.125411],[-0.585215,-0.239535,-0.774691],[0.627587,0.471178,-0.619778]],[[0.513477,-0.84889,-0.125411],[-0.827697,-0.451403,-0.333395],[0.226405,0.274993,-0.934409]]],"btipPosition":[-26.0704,275.54,12.765],"carpPosition":[6.66357,289.863,58.1251],"dipPosition":[-21.9449,280.551,-4.26135],"direction":[-0.627587,-0.471178,0.619779],"extended":false,"handId":997,"id":9973,"length":62.8339,"mcpPosition":[27.1374,309.04,3.85695],"pipPosition":[-4.98979,293.28,-21.0055],"stabilizedTipPosition":[-33.1199,234.814,63.3663],"timeVisible":3.93171,"tipPosition":[-25.0577,277.018,6.96598],"tipVelocity":[10.5674,175.89,-190.482],"tool":false,"touchDistance":0.333333,"touchZone":"none","type":3,"width":17.6296},{"bases":[[[0.327493,-0.941556,-0.0788744],[0.830162,0.246872,0.499886],[-0.451199,-0.229187,0.862492]],[[0.315592,-0.947222,-0.0563132],[0.57615,0.238438,-0.781792],[0.753958,0.214283,0.620992]],[[0.315592,-0.947222,-0.0563132],[-0.563182,-0.139215,-0.814522],[0.763694,0.288771,-0.577394]],[[0.315592,-0.947222,-0.0563132],[-0.880551,-0.270231,-0.389364],[0.353597,0.172467,-0.919361]]],"btipPosition":[-11.4659,273.99,10.6002],"carpPosition":[9.52957,276.826,54.3203],"dipPosition":[-5.52189,276.889,-4.85443],"direction":[-0.763694,-0.288771,0.577394],"extended":false,"handId":997,"id":9974,"length":49.2606,"mcpPosition":[35.0449,289.787,5.54627],"pipPosition":[9.04535,282.398,-15.8681],"stabilizedTipPosition":[-18.1176,228.424,69.4481],"timeVisible":3.93171,"tipPosition":[-9.8741,274.873,5.54648],"tipVelocity":[8.16381,175.613,-199.034],"tool":false,"touchDistance":0.333333,"touchZone":"none","type":4,"width":15.66}],"r":[[0.997896,-0.0432134,0.0483372],[0.0381782,0.99419,0.100637],[-0.0524052,-0.0985796,0.993748]],"s":0.679046,"t":[-5.47651,-21.4052,-2.79167],"timestamp":669709091868},false],[3,{"currentFrameRate":53.5502,"devices":[],"gestures":[],"hands":[{"armBasis":[[0.689311,-0.711773,-0.135019],[0.698337,0.702409,-0.137649],[0.192814,0.000594421,0.981235]],"armWidth":62.1429,"confidence":0.543547,"direction":[0.353459,0.47228,-0.807477],"elbow":[44.8645,284.954,316.577],"grabStrength":0.919593,"id":997,"palmNormal":[-0.627762,-0.520205,-0.579052],"palmPosition":[4.90714,312.768,14.0737],"palmVelocity":[-3.53856,140.656,-217.961],"palmWidth":88.738,"pinchStrength":0.927367,"r":[[0.997545,-0.0487571,0.0502696],[0.043542,0.994027,0.100076],[-0.0548487,-0.0976413,0.993709]],"s":0.704186,"sphereCenter":[-13.1957,294.046,-23.1507],"sphereRadius":40.7085,"stabilizedPalmPosition":[-3.73953,260.342,89.0206],"t":[-5.56348,-18.8714,-6.76374],"timeVisible":3.95042,"type":"right","wrist":[-5.90671,284.797,58.2007]}],"id":4981768,"interactionBox":{"center":[0,200,0],"size":[235.247,235.247,147.751]},"pointables":[{"bases":[[[0.909533,0.271107,0.315042],[-0.415346,0.621,0.664716],[-0.0154316,-0.735432,0.677423]],[[0.859515,0.507184,0.0632373],[-0.464273,0.723009,0.511574],[0.213741,-0.469065,0.856909]],[[0.859515,0.507184,0.0632373],[-0.510909,0.856049,0.0784317],[-0.0143549,-0.0997217,0.994912]],[[0.859515,0.507184,0.0632373],[-0.428954,0.783086,-0.450305],[-0.277908,0.359918,0.890632]]],"btipPosition":[-36.5651,315.462,-37.1996],"carpPosition":[-32.9801,297.526,57.9272],"dipPosition":[-42.9082,323.677,-16.8715],"direction":[0.0143549,0.0997217,-0.994912],"extended":false,"handId":997,"id":9970,"length":50.8265,"mcpPosition":[-32.9801,297.526,57.9272],"pipPosition":[-43.3855,320.361,16.2111],"stabilizedTipPosition":[-40.5172,286.594,5.50731],"timeVisible":3.95042,"tipPosition":[-37.3054,315.983,-33.1813],"tipVelocity":[-3.72027,147.903,-211.084],"tool":false,"touchDistance":-0.856634,"touchZone":"hovering","type":0,"width":19.7488},{"bases":[[[0.743029,-0.622176,-0.246586],[0.655231,0.601237,0.457369],[-0.136308,-0.50141,0.854405]],[[0.738628,-0.636868,-0.220968],[0.655057,0.755481,0.0122268],[0.15915,-0.153777,0.975205]],[[0.738628,-0.636868,-0.220968],[0.250482,0.563612,-0.787147],[0.625849,0.526061,0.575824]],[[0.738628,-0.636868,-0.220968],[-0.175042,0.135349,-0.975213],[0.65099,0.758999,-0.0115059]]],"btipPosition":[-34.3537,324.148,-55.8873],"carpPosition":[-11.8654,306.777,59.6571],"dipPosition":[-23.5064,336.795,-56.079],"direction":[-0.625849,-0.526061,-0.575824],"extended":false,"handId":997,"id":9971,"length":57.352,"mcpPosition":[-2.08552,342.753,-1.64541],"pipPosition":[-8.75375,349.196,-42.5056],"stabilizedTipPosition":[-46.8049,270.699,37.0439],"timeVisible":3.95042,"tipPosition":[-32.2925,325.601,-53.4092],"tipVelocity":[30.5098,213.927,-315],"tool":false,"touchDistance":-0.760614,"touchZone":"hovering","type":1,"width":18.8641},{"bases":[[[0.595121,-0.777517,-0.203219],[0.768265,0.47624,0.427744],[-0.235797,-0.410685,0.88076]],[[0.596063,-0.775863,-0.206751],[0.390751,0.505239,-0.769446],[0.701443,0.37785,0.604323]],[[0.596063,-0.775863,-0.206751],[-0.564271,-0.221575,-0.7953],[0.571233,0.590712,-0.56987]],[[0.596063,-0.775863,-0.206751],[-0.784296,-0.507427,-0.356928],[0.172016,0.374905,-0.910965]]],"btipPosition":[-37.7961,287.601,1.15975],"carpPosition":[-1.87261,300.672,56.9963],"dipPosition":[-34.6435,294.472,-15.5354],"direction":[-0.571233,-0.590712,0.56987],"extended":false,"handId":997,"id":9972,"length":65.348,"mcpPosition":[14.1713,328.616,-2.93169],"pipPosition":[-18.8018,310.854,-31.3394],"stabilizedTipPosition":[-45.3865,249.742,52.9494],"timeVisible":3.95042,"tipPosition":[-36.8539,289.934,-4.92428],"tipVelocity":[-12.0559,143.008,-162.326],"tool":false,"touchDistance":0.333333,"touchZone":"none","type":2,"width":18.527},{"bases":[[[0.494316,-0.863152,-0.103056],[0.800912,0.406139,0.43999],[-0.337924,-0.300033,0.89207]],[[0.499993,-0.857923,-0.118217],[0.443285,0.370797,-0.816093],[0.74398,0.355637,0.5657]],[[0.499993,-0.857923,-0.118217],[-0.590431,-0.237825,-0.771253],[0.63356,0.45542,-0.625455]],[[0.499993,-0.857923,-0.118217],[-0.835298,-0.441695,-0.327388],[0.228658,0.262438,-0.937466]]],"btipPosition":[-26.9716,277.896,9.07807],"carpPosition":[6.08581,292.149,54.2444],"dipPosition":[-22.8051,282.678,-8.00403],"direction":[-0.63356,-0.45542,0.625455],"extended":false,"handId":997,"id":9973,"length":62.8339,"mcpPosition":[26.7295,310.478,-0.251858],"pipPosition":[-5.68856,294.982,-24.9016],"stabilizedTipPosition":[-32.58,238.17,58.9433],"timeVisible":3.95042,"tipPosition":[-25.9492,279.297,3.29834],"tipVelocity":[-17.7864,150.203,-194.028],"tool":false,"touchDistance":0.333333,"touchZone":"none","type":3,"width":17.6296},{"bases":[[[0.312708,-0.947238,-0.070389],[0.835024,0.23883,0.495677],[-0.452713,-0.213779,0.86565]],[[0.301726,-0.952107,-0.0495428],[0.567289,0.221055,-0.793295],[0.766253,0.211253,0.606818]],[[0.301726,-0.952107,-0.0495428],[-0.580235,-0.142149,-0.801948],[0.756498,0.270715,-0.595336]],[[0.301726,-0.952107,-0.0495428],[-0.890284,-0.26278,-0.371943],[0.34111,0.156332,-0.926933]]],"btipPosition":[-12.2456,276.046,7.62044],"carpPosition":[8.74109,279.033,50.5608],"dipPosition":[-6.51146,278.674,-7.96148],"direction":[-0.756498,-0.270715,0.595336],"extended":false,"handId":997,"id":9974,"length":49.2606,"mcpPosition":[34.3421,291.122,1.60822],"pipPosition":[7.91853,283.837,-19.3173],"stabilizedTipPosition":[-17.6728,231.408,65.4017],"timeVisible":3.95042,"tipPosition":[-10.7519,276.848,2.46528],"tipVelocity":[-17.3589,141.978,-180.439],"tool":false,"touchDistance":0.333333,"touchZone":"none","type":4,"width":15.66}],"r":[[0.997545,-0.0487571,0.0502696],[0.043542,0.994027,0.100076],[-0.0548487,-0.0976413,0.993709]],"s":0.704186,"t":[-5.56348,-18.8714,-6.76374],"timestamp":669709110576},false],[4,{"currentFrameRate":53.7167,"devices":[],"gestures":[],"hands":[{"armBasis":[[0.690585,-0.709922,-0.138216],[0.694339,0.704253,-0.148061],[0.202451,0.00628011,0.979272]],"armWidth":62.1429,"confidence":0.507541,"direction":[0.344892,0.484498,-0.803935],"elbow":[47.7864,287.752,312.134],"grabStrength":0.883149,"id":997,"palmNormal":[-0.634096,-0.511241,-0.580134],"palmPosition":[4.8244,314.736,10.4653],"palmVelocity":[-4.03738,125.758,-209.538],"palmWidth":88.738,"pinchStrength":0.896171,"r":[[0.997346,-0.0533666,0.049524],[0.0480708,0.993563,0.102573],[-0.0546792,-0.0999201,0.993492]],"s":0.725546,"sphereCenter":[-13.8436,296.691,-26.8675],"sphereRadius":40.8802,"stabilizedPalmPosition":[-3.46743,262.071,86.5247],"t":[-5.64833,-16.6201,-10.554],"timeVisible":3.96845,"type":"right","wrist":[-5.52236,286.098,54.2744]}],"id":4981769,"interactionBox":{"center":[0,200,0],"size":[235.247,235.247,147.751]},"pointables":[{"bases":[[[0.912942,0.266165,0.309342],[-0.408003,0.610839,0.678535],[-0.00835557,-0.745676,0.666257]],[[0.860276,0.506082,0.0616928],[-0.457933,0.713839,0.529841],[0.224104,-0.484061,0.84585]],[[0.860276,0.506082,0.0616928],[-0.509822,0.854536,0.0992413],[-0.00249449,-0.116827,0.993149]],[[0.860276,0.506082,0.0616928],[-0.434029,0.790477,-0.432164],[-0.267477,0.345003,0.899683]]],"btipPosition":[-37.3155,318.407,-40.2503],"carpPosition":[-32.5936,298.832,54.4862],"dipPosition":[-43.4205,326.282,-19.7156],"direction":[0.00249449,0.116827,-0.993149],"extended":false,"handId":997,"id":9970,"length":50.8265,"mcpPosition":[-32.5936,298.832,54.4862],"pipPosition":[-43.5035,322.397,13.3084],"stabilizedTipPosition":[-40.3286,290.121,1.20251],"timeVisible":3.96845,"tipPosition":[-38.0101,318.879,-36.1916],"tipVelocity":[-20.2593,153.203,-189.998],"tool":false,"touchDistance":-0.844351,"touchZone":"hovering","type":0,"width":19.7488},{"bases":[[[0.740161,-0.61843,-0.264019],[0.660278,0.594115,0.459413],[-0.127257,-0.514366,0.848077]],[[0.736809,-0.630888,-0.24309],[0.654764,0.755453,0.0239829],[0.168513,-0.176838,0.969707]],[[0.736809,-0.630888,-0.24309],[0.256426,0.593447,-0.762933],[0.625586,0.499801,0.599033]],[[0.736809,-0.630888,-0.24309],[-0.161664,0.184719,-0.969404],[0.656488,0.753565,0.0341104]]],"btipPosition":[-35.0743,328.03,-60.0374],"carpPosition":[-11.4589,308.054,56.1298],"dipPosition":[-24.1354,340.587,-59.469],"direction":[-0.625586,-0.499801,-0.599033],"extended":false,"handId":997,"id":9971,"length":57.352,"mcpPosition":[-2.3284,344.959,-4.71863],"pipPosition":[-9.38894,352.368,-45.3485],"stabilizedTipPosition":[-45.6123,275.74,28.9283],"timeVisible":3.96845,"tipPosition":[-32.9209,329.448,-57.5082],"tipVelocity":[-2.36347,214.061,-270.211],"tool":false,"touchDistance":-0.772515,"touchZone":"hovering","type":1,"width":18.8641},{"bases":[[[0.592685,-0.774397,-0.221438],[0.772951,0.469572,0.426671],[-0.226432,-0.424042,0.876879]],[[0.593535,-0.772791,-0.224745],[0.377415,0.513908,-0.770361],[0.710826,0.372414,0.596686]],[[0.593535,-0.772791,-0.224745],[-0.576972,-0.213895,-0.788259],[0.561088,0.597531,-0.572833]],[[0.593535,-0.772791,-0.224745],[-0.789026,-0.503715,-0.351722],[0.1586,0.386089,-0.908725]]],"btipPosition":[-37.9715,289.688,-1.90345],"carpPosition":[-1.49699,301.989,53.2689],"dipPosition":[-35.0649,296.764,-18.5576],"direction":[-0.561088,-0.597531,0.572833],"extended":false,"handId":997,"id":9972,"length":65.348,"mcpPosition":[13.9097,330.841,-6.39504],"pipPosition":[-19.5044,313.335,-34.4437],"stabilizedTipPosition":[-44.8525,252.488,49.0725],"timeVisible":3.96845,"tipPosition":[-37.1392,292.057,-7.89643],"tipVelocity":[-12.443,131.337,-165.693],"tool":false,"touchDistance":0.333333,"touchZone":"none","type":2,"width":18.527},{"bases":[[[0.492937,-0.861538,-0.121514],[0.805709,0.399288,0.437496],[-0.3284,-0.313563,0.890972]],[[0.498451,-0.85608,-0.136649],[0.435604,0.38361,-0.814305],[0.74953,0.346366,0.564123]],[[0.498451,-0.85608,-0.136649],[-0.597899,-0.225337,-0.769247],[0.627745,0.465134,-0.624169]],[[0.498451,-0.85608,-0.136649],[-0.838692,-0.436299,-0.325942],[0.219412,0.277072,-0.935462]]],"btipPosition":[-27.1265,279.956,5.20011],"carpPosition":[6.429,293.508,50.3019],"dipPosition":[-23.1284,285.005,-11.8455],"direction":[-0.627745,-0.465134,0.624169],"extended":false,"handId":997,"id":9973,"length":62.8339,"mcpPosition":[26.4908,312.663,-4.12727],"pipPosition":[-6.16904,297.571,-28.7083],"stabilizedTipPosition":[-32.1968,240.753,55.4757],"timeVisible":3.96845,"tipPosition":[-26.1611,281.43,-0.462142],"tipVelocity":[-14.447,134.787,-203.826],"tool":false,"touchDistance":0.333333,"touchZone":"none","type":3,"width":17.6296},{"bases":[[[0.311668,-0.94609,-0.0881827],[0.84037,0.231145,0.490255],[-0.443442,-0.226903,0.867107]],[[0.301382,-0.951061,-0.0682085],[0.555313,0.233224,-0.798269],[0.77511,0.202707,0.598426]],[[0.301382,-0.951061,-0.0682085],[-0.592919,-0.130907,-0.79455],[0.746737,0.279906,-0.603355]],[[0.301382,-0.951061,-0.0682085],[-0.895699,-0.257858,-0.36226],[0.326944,0.170273,-0.929578]]],"btipPosition":[-12.3512,278.089,3.85453],"carpPosition":[9.04086,280.449,46.3904],"dipPosition":[-6.85519,280.951,-11.7719],"direction":[-0.746737,-0.279906,0.603355],"extended":false,"handId":997,"id":9974,"length":49.2606,"mcpPosition":[34.1176,293.28,-2.64451],"pipPosition":[7.38861,286.29,-23.2807],"stabilizedTipPosition":[-17.3385,233.81,62.0955],"timeVisible":3.96845,"tipPosition":[-10.9538,278.964,-1.26997],"tipVelocity":[-13.3461,129.824,-194.223],"tool":false,"touchDistance":0.333333,"touchZone":"none","type":4,"width":15.66}],"r":[[0.997346,-0.0533666,0.049524],[0.0480708,0.993563,0.102573],[-0.0546792,-0.0999201,0.993492]],"s":0.725546,"t":[-5.64833,-16.6201,-10.554],"timestamp":669709128600},false],[5,{"currentFrameRate":53.9089,"devices":[],"gestures":[],"hands":[{"armBasis":[[0.69376,-0.707874,-0.132707],[0.692278,0.706254,-0.148177],[0.198616,0.0109286,0.980017]],"armWidth":62.1429,"confidence":0.491568,"direction":[0.339624,0.493884,-0.800459],"elbow":[47.1471,290.021,309.943],"grabStrength":0.822004,"id":997,"palmNormal":[-0.637504,-0.50486,-0.581984],"palmPosition":[4.90703,316.289,8.34612],"palmVelocity":[0.0448093,107.448,-166.681],"palmWidth":88.738,"pinchStrength":0.857804,"r":[[0.997238,-0.0570643,0.0475432],[0.0517268,0.992935,0.106792],[-0.0533013,-0.104037,0.993144]],"s":0.745429,"sphereCenter":[-14.0463,298.418,-29.2277],"sphereRadius":41.2365,"stabilizedPalmPosition":[-3.2302,263.607,84.3101],"t":[-5.64944,-14.718,-13.5087],"timeVisible":3.98631,"type":"right","wrist":[-5.15186,287.144,51.887]}],"id":4981770,"interactionBox":{"center":[0,200,0],"size":[235.247,235.247,147.751]},"pointables":[{"bases":[[[0.914751,0.263055,0.306647],[-0.403999,0.60279,0.688062],[-0.00384522,-0.75329,0.657677]],[[0.860534,0.505561,0.0623617],[-0.453812,0.705267,0.544659],[0.231376,-0.496998,0.836336]],[[0.860534,0.505561,0.0623617],[-0.509334,0.852111,0.120356],[0.00770812,-0.135333,0.99077]],[[0.860534,0.505561,0.0623617],[-0.439898,0.799274,-0.409452],[-0.256847,0.324915,0.910198]]],"btipPosition":[-37.8846,321.14,-42.019],"carpPosition":[-32.2268,299.861,52.4151],"dipPosition":[-43.747,328.556,-21.2443],"direction":[-0.00770812,0.135333,-0.99077],"extended":false,"handId":997,"id":9970,"length":50.8265,"mcpPosition":[-32.2268,299.861,52.4151],"pipPosition":[-43.4907,324.056,11.7005],"stabilizedTipPosition":[-40.2027,293.881,-3.21512],"timeVisible":3.98631,"tipPosition":[-38.4959,321.462,-37.8621],"tipVelocity":[-24.2498,150.292,-145.651],"tool":false,"touchDistance":-0.813953,"touchZone":"hovering","type":0,"width":19.7488},{"bases":[[[0.738758,-0.614977,-0.275753],[0.662891,0.58913,0.462062],[-0.121703,-0.524146,0.842887]],[[0.736148,-0.625441,-0.258667],[0.653493,0.756292,0.0311269],[0.17616,-0.191951,0.965465]],[[0.736148,-0.625441,-0.258667],[0.272445,0.623681,-0.732663],[0.619564,0.468876,0.62952]],[[0.736148,-0.625441,-0.258667],[-0.129186,0.245311,-0.960798],[0.664377,0.740706,0.0997872]]],"btipPosition":[-35.41,331.328,-63.398],"carpPosition":[-11.0862,309.074,54.0321],"dipPosition":[-24.3396,343.671,-61.7353],"direction":[-0.619564,-0.468876,-0.62952],"extended":false,"handId":997,"id":9971,"length":57.352,"mcpPosition":[-2.35419,346.68,-6.44406],"pipPosition":[-9.73514,354.723,-46.8962],"stabilizedTipPosition":[-44.4206,281.202,20.3334],"timeVisible":3.98631,"tipPosition":[-33.1276,332.708,-60.5972],"tipVelocity":[-9.30619,198.872,-224.867],"tool":false,"touchDistance":-0.770231,"touchZone":"hovering","type":1,"width":18.8641},{"bases":[[[0.59162,-0.771498,-0.234044],[0.775411,0.465029,0.427184],[-0.220734,-0.43421,0.873349]],[[0.592404,-0.769944,-0.237159],[0.366824,0.51987,-0.771476],[0.717285,0.37003,0.590407]],[[0.592404,-0.769944,-0.237159],[-0.586195,-0.210005,-0.782479],[0.55266,0.602565,-0.575745]],[[0.592404,-0.769944,-0.237159],[-0.791823,-0.502156,-0.347643],[0.148574,0.393733,-0.907138]]],"btipPosition":[-37.8881,291.271,-3.54616],"carpPosition":[-1.13982,303.047,51.0392],"dipPosition":[-35.1652,298.487,-20.1712],"direction":[-0.55266,-0.602565,0.575745],"extended":false,"handId":997,"id":9972,"length":65.348,"mcpPosition":[13.8792,332.591,-8.38458],"pipPosition":[-19.8385,315.197,-36.1381],"stabilizedTipPosition":[-44.3843,254.983,45.5909],"timeVisible":3.98631,"tipPosition":[-37.1411,293.658,-9.47481],"tipVelocity":[-5.4941,112.033,-130.756],"tool":false,"touchDistance":0.333333,"touchZone":"none","type":2,"width":18.527},{"bases":[[[0.49254,-0.859833,-0.134505],[0.808266,0.394642,0.436993],[-0.32266,-0.323953,0.889351]],[[0.498003,-0.854149,-0.149742],[0.432823,0.39446,-0.810595],[0.751437,0.338867,0.566138]],[[0.498003,-0.854149,-0.149742],[-0.600476,-0.215081,-0.770175],[0.625637,0.473466,-0.620007]],[[0.498003,-0.854149,-0.149742],[-0.840019,-0.432286,-0.327868],[0.215317,0.289066,-0.932781]]],"btipPosition":[-27.0865,281.571,2.67329],"carpPosition":[6.77108,294.605,47.9252],"dipPosition":[-23.1631,286.838,-14.3234],"direction":[-0.625637,-0.473466,0.620007],"extended":false,"handId":997,"id":9973,"length":62.8339,"mcpPosition":[26.4823,314.395,-6.40499],"pipPosition":[-6.26066,299.629,-31.0738],"stabilizedTipPosition":[-31.9001,242.827,52.6775],"timeVisible":3.98631,"tipPosition":[-26.1435,283.087,-2.78347],"tipVelocity":[-7.03691,115.184,-174.117],"tool":false,"touchDistance":0.333333,"touchZone":"none","type":3,"width":17.6296},{"bases":[[[0.31152,-0.944855,-0.101011],[0.843332,0.225921,0.487597],[-0.437888,-0.237082,0.867206]],[[0.301505,-0.949991,-0.0813085],[0.549526,0.242827,-0.79941],[0.779177,0.196345,0.595258]],[[0.301505,-0.949991,-0.0813085],[-0.598587,-0.122218,-0.79168],[0.742151,0.287365,-0.605502]],[[0.301505,-0.949991,-0.0813085],[-0.89809,-0.254321,-0.358826],[0.320203,0.18121,-0.929856]]],"btipPosition":[-12.2816,279.702,1.4608],"carpPosition":[9.36401,281.593,43.8474],"dipPosition":[-6.89889,282.748,-14.1703],"direction":[-0.742151,-0.287365,0.605502],"extended":false,"handId":997,"id":9974,"length":49.2606,"mcpPosition":[34.1266,295,-5.19313],"pipPosition":[7.25744,288.229,-25.72],"stabilizedTipPosition":[-17.0652,235.834,59.3063],"timeVisible":3.98631,"tipPosition":[-10.9272,280.633,-3.62926],"tipVelocity":[-5.90774,112.304,-165.854],"tool":false,"touchDistance":0.333333,"touchZone":"none","type":4,"width":15.66}],"r":[[0.997238,-0.0570643,0.0475432],[0.0517268,0.992935,0.106792],[-0.0533013,-0.104037,0.993144]],"s":0.745429,"t":[-5.64944,-14.718,-13.5087],"timestamp":669709146468},false],[6,{"currentFrameRate":54.1031,"devices":[],"gestures":[],"hands":[{"armBasis":[[0.694235,-0.707726,-0.131],[0.691468,0.706336,-0.151533],[0.199774,0.0146179,0.979733]],"armWidth":62.1429,"confidence":0.480048,"direction":[0.342712,0.499205,-0.795829],"elbow":[47.3742,291.519,308.551],"grabStrength":0.752356,"id":997,"palmNormal":[-0.636457,-0.499716,-0.587542],"palmPosition":[5.00029,317.117,7.2724],"palmVelocity":[2.48642,78.8062,-116.702],"palmWidth":88.738,"pinchStrength":0.795911,"r":[[0.997095,-0.0603662,0.0464593],[0.0548704,0.992234,0.111633],[-0.0528374,-0.108759,0.992663]],"s":0.766188,"sphereCenter":[-14.0429,299.505,-30.6684],"sphereRadius":41.6892,"stabilizedPalmPosition":[-3.01534,265.004,82.299],"t":[-5.60336,-13.3531,-15.5229],"timeVisible":4.00411,"type":"right","wrist":[-5.2298,287.67,50.5701]}],"id":4981771,"interactionBox":{"center":[0,200,0],"size":[235.247,235.247,147.751]},"pointables":[{"bases":[[[0.914192,0.259526,0.311285],[-0.405222,0.598347,0.691213],[-0.00686815,-0.758042,0.65217]],[[0.860804,0.504368,0.0680398],[-0.453237,0.698902,0.553274],[0.2315,-0.507098,0.830216]],[[0.860804,0.504368,0.0680398],[-0.50883,0.850166,0.13531],[0.010401,-0.151096,0.988464]],[[0.860804,0.504368,0.0680398],[-0.441623,0.806693,-0.392703],[-0.252954,0.307993,0.917145]]],"btipPosition":[-38.1307,323.102,-43.1085],"carpPosition":[-32.2885,300.421,51.1096],"dipPosition":[-43.9042,330.132,-22.1753],"direction":[-0.010401,0.151096,-0.988464],"extended":false,"handId":997,"id":9970,"length":50.8265,"mcpPosition":[-32.2885,300.421,51.1096],"pipPosition":[-43.5584,325.108,10.6929],"stabilizedTipPosition":[-40.0899,298.555,-8.53187],"timeVisible":4.00411,"tipPosition":[-38.6554,323.291,-38.8658],"tipVelocity":[-18.8121,129.139,-105.009],"tool":false,"touchDistance":-0.776686,"touchZone":"touching","type":0,"width":19.7488},{"bases":[[[0.738725,-0.614002,-0.278005],[0.662322,0.584819,0.468312],[-0.124962,-0.530083,0.838688]],[[0.736719,-0.62207,-0.265093],[0.655573,0.753161,0.0545215],[0.165742,-0.213955,0.96268]],[[0.736719,-0.62207,-0.265093],[0.307297,0.657213,-0.688215],[0.602341,0.425558,0.675341]],[[0.736719,-0.62207,-0.265093],[-0.0738715,0.315647,-0.945997],[0.672152,0.716516,0.18659]]],"btipPosition":[-34.517,334.619,-66.6819],"carpPosition":[-11.14,309.592,52.8567],"dipPosition":[-23.3171,346.558,-63.5728],"direction":[-0.602341,-0.425558,-0.675341],"extended":false,"handId":997,"id":9971,"length":57.352,"mcpPosition":[-2.17417,347.625,-7.31815],"pipPosition":[-9.11859,356.589,-47.6536],"stabilizedTipPosition":[-43.0754,287.256,11.0311],"timeVisible":4.00411,"tipPosition":[-32.2835,335.742,-63.4881],"tipVelocity":[19.4339,189.855,-197.122],"tool":false,"touchDistance":-0.76581,"touchZone":"hovering","type":1,"width":18.8641},{"bases":[[[0.591244,-0.770614,-0.237875],[0.774773,0.460816,0.432869],[-0.223959,-0.44023,0.869506]],[[0.592006,-0.769105,-0.240846],[0.365798,0.522707,-0.770045],[0.718137,0.36777,0.590783]],[[0.592006,-0.769105,-0.240846],[-0.587344,-0.207092,-0.782393],[0.551865,0.604641,-0.574329]],[[0.592006,-0.769105,-0.240846],[-0.792079,-0.500068,-0.350062],[0.148796,0.398008,-0.905235]]],"btipPosition":[-37.7441,292.177,-4.56587],"carpPosition":[-1.19308,303.574,49.8498],"dipPosition":[-35.0171,299.471,-21.156],"direction":[-0.551865,-0.604641,0.574329],"extended":false,"handId":997,"id":9972,"length":65.348,"mcpPosition":[14.0453,333.527,-9.31246],"pipPosition":[-19.7124,316.239,-37.0837],"stabilizedTipPosition":[-43.9677,257.211,42.4974],"timeVisible":4.00411,"tipPosition":[-37.0113,294.56,-10.4185],"tipVelocity":[0.916715,83.7892,-96.0223],"tool":false,"touchDistance":0.333333,"touchZone":"none","type":2,"width":18.527},{"bases":[[[0.491743,-0.859529,-0.139277],[0.807501,0.390313,0.442265],[-0.325778,-0.329947,0.886004]],[[0.497301,-0.853698,-0.154571],[0.437966,0.400824,-0.80469],[0.748918,0.332476,0.57322]],[[0.497301,-0.853698,-0.154571],[-0.596593,-0.207146,-0.775349],[0.629895,0.477798,-0.612324]],[[0.497301,-0.853698,-0.154571],[-0.839178,-0.428114,-0.335408],[0.220163,0.296511,-0.929306]]],"btipPosition":[-27.0454,282.501,1.07132],"carpPosition":[6.71536,295.143,46.6982],"dipPosition":[-23.0336,287.904,-15.8621],"direction":[-0.629895,-0.477798,0.612324],"extended":false,"handId":997,"id":9973,"length":62.8339,"mcpPosition":[26.617,315.299,-7.4275],"pipPosition":[-6.01614,300.812,-32.4049],"stabilizedTipPosition":[-31.6691,244.463,50.4588],"timeVisible":4.00411,"tipPosition":[-26.0733,284.033,-4.20423],"tipVelocity":[-2.10676,86.436,-134.208],"tool":false,"touchDistance":0.333333,"touchZone":"none","type":3,"width":17.6296},{"bases":[[[0.310505,-0.944537,-0.106944],[0.842179,0.22118,0.491746],[-0.440818,-0.242755,0.864146]],[[0.300547,-0.949741,-0.0875468],[0.551608,0.247968,-0.796392],[0.778075,0.191061,0.59841]],[[0.300547,-0.949741,-0.0875468],[-0.597014,-0.11575,-0.793836],[0.743805,0.290851,-0.601797]],[[0.300547,-0.949741,-0.0875468],[-0.897544,-0.250586,-0.362796],[0.322624,0.187614,-0.927747]]],"btipPosition":[-12.2117,280.595,0.105326],"carpPosition":[9.30239,282.158,42.5338],"dipPosition":[-6.78837,283.749,-15.4903],"direction":[-0.743805,-0.290851,0.601797],"extended":false,"handId":997,"id":9974,"length":49.2606,"mcpPosition":[34.2307,295.885,-6.33378],"pipPosition":[7.39951,289.297,-26.9694],"stabilizedTipPosition":[-16.8381,237.527,56.969],"timeVisible":4.00411,"tipPosition":[-10.8481,281.559,-4.94717],"tipVelocity":[-1.0403,83.7667,-123.489],"tool":fal