{"sensorType":"Leap","data":[[0,{"currentFrameRate":53.3767,"devices":[],"gestures":[],"hands":[{"armBasis":[[0.750192,-0.630214,-0.200107],[0.660185,0.69697,0.27998],[-0.0369789,-0.342146,0.938919]],"armWidth":62.1429,"confidence":0,"direction":[0.267284,0.415841,-0.869273],"elbow":[-5.15193,214.777,319.197],"grabStrength":0.190894,"id":997,"palmNormal":[-0.616107,-0.619872,-0.485974],"palmPosition":[10.5576,329.105,24.8095],"palmVelocity":[1.19209e-7,1.19209e-7,1.19209e-7],"palmWidth":88.738,"pinchStrength":0.282904,"r":[[1,3.60822e-17,9.4369e-17],[-3.60822e-17,1,-3.33067e-17],[-9.4369e-17,3.33067e-17,1]],"s":1,"sphereCenter":[-6.42042,300.59,-10.9925],"sphereRadius":45.0945,"stabilizedPalmPosition":[10.5576,329.105,24.8095],"t":[0,0,0],"timeVisible":0,"type":"right","wrist":[4.58527,304.87,71.963]}],"id":4981553,"interactionBox":{"center":[0,200,0],"size":[235.247,235.247,147.751]},"pointables":[{"bases":[[[0.901365,0.367796,0.228619],[-0.425072,0.650485,0.629431],[0.0827886,-0.664527,0.742664]],[[0.848407,0.528676,0.0265927],[-0.51717,0.817135,0.254609],[0.112876,-0.229765,0.966678]],[[0.848407,0.528676,0.0265927],[-0.516824,0.816431,0.257551],[0.11445,-0.232252,0.965899]],[[0.848407,0.528676,0.0265927],[-0.517524,0.817856,0.251556],[0.111243,-0.227184,0.967477]]],"btipPosition":[-35.2353,339.548,-28.9978],"carpPosition":[-23.3956,315.455,72.262],"dipPosition":[-32.6963,334.363,-6.91576],"direction":[-0.11445,0.232252,-0.965899],"extended":true,"handId":997,"id":9970,"length":50.8265,"mcpPosition":[-23.3956,315.455,72.262],"pipPosition":[-28.8906,326.64,25.2021],"stabilizedTipPosition":[-34.6514,338.356,-23.9189],"timeVisible":0,"tipPosition":[-34.6514,338.356,-23.9189],"tipVelocity":[1.19209e-7,1.19209e-7,1.19209e-7],"tool":false,"touchDistance":1,"touchZone":"none","type":0,"width":19.7488},{"bases":[[[0.775285,-0.586191,-0.235188],[0.629923,0.690399,0.355734],[-0.0461545,-0.423945,0.904511]],[[0.759162,-0.644018,-0.0944099],[0.629031,0.763179,-0.147913],[0.16731,0.0529032,0.984484]],[[0.759162,-0.644018,-0.0944099],[0.620354,0.759796,-0.194607],[0.197063,0.0891711,0.976327]],[[0.759162,-0.644018,-0.0944099],[0.613759,0.756568,-0.22562],[0.216731,0.113338,0.96963]]],"btipPosition":[-14.9848,350.591,-73.5715],"carpPosition":[-3.02959,326.381,71.7458],"dipPosition":[-11.3734,352.48,-57.4149],"direction":[-0.197063,-0.0891711,-0.976327],"extended":true,"handId":997,"id":9971,"length":57.352,"mcpPosition":[0.281936,356.798,6.84829],"pipPosition":[-6.72821,354.582,-34.4007],"stabilizedTipPosition":[-14.1541,351.025,-69.8555],"timeVisible":0,"tipPosition":[-14.1541,351.025,-69.8555],"tipVelocity":[1.19209e-7,1.19209e-7,1.19209e-7],"tool":false,"touchDistance":0.485501,"touchZone":"hovering","type":1,"width":18.8641},{"bases":[[[0.643099,-0.747128,-0.167998],[0.750759,0.571882,0.330623],[-0.150943,-0.338749,0.92869]],[[0.645986,-0.740211,-0.186518],[0.314982,0.481046,-0.818157],[0.695333,0.469769,0.543902]],[[0.645986,-0.740211,-0.186518],[-0.617174,-0.362663,-0.698263],[0.449219,0.566183,-0.691115]],[[0.645986,-0.740211,-0.186518],[-0.763325,-0.624437,-0.165571],[0.00608873,0.249331,-0.968399]]],"btipPosition":[-27.7325,301.502,17.1804],"carpPosition":[7.25258,320.807,69.0229],"dipPosition":[-27.6209,306.071,-0.567373],"direction":[-0.449219,-0.566183,0.691115],"extended":false,"handId":997,"id":9972,"length":65.348,"mcpPosition":[17.5229,343.856,5.83366],"pipPosition":[-15.1629,321.773,-19.7338],"stabilizedTipPosition":[-27.7068,302.553,13.0984],"timeVisible":0,"tipPosition":[-27.7068,302.553,13.0984],"tipVelocity":[1.19209e-7,1.19209e-7,1.19209e-7],"tool":false,"touchDistance":0.333333,"touchZone":"none","type":2,"width":18.527},{"bases":[[[0.55544,-0.829805,-0.0539449],[0.789593,0.505951,0.347212],[-0.260825,-0.23545,0.936234]],[[0.557025,-0.828349,-0.0596732],[0.399514,0.33026,-0.855171],[0.728087,0.452512,0.5149]],[[0.557025,-0.828349,-0.0596732],[-0.661489,-0.399078,-0.634956],[0.502151,0.39316,-0.77024]],[[0.557025,-0.828349,-0.0596732],[-0.830477,-0.555092,-0.0466985],[0.00555854,0.0755695,-0.997125]]],"btipPosition":[-13.7597,295.34,25.9152],"carpPosition":[15.6997,312.672,66.5673],"dipPosition":[-13.6584,296.717,7.74599],"direction":[-0.502151,-0.39316,0.77024],"extended":false,"handId":997,"id":9973,"length":62.8339,"mcpPosition":[31.6334,327.056,9.37303],"pipPosition":[-0.0920916,307.338,-13.0631],"stabilizedTipPosition":[-13.7364,295.656,21.7363],"timeVisible":0,"tipPosition":[-13.7364,295.656,21.7363],"tipVelocity":[1.19209e-7,1.19209e-7,1.19209e-7],"tool":false,"touchDistance":0.333333,"touchZone":"none","type":3,"width":17.6296},{"bases":[[[0.383369,-0.923593,-0.0018464],[0.840206,0.347925,0.415935],[-0.383513,-0.161008,0.909392]],[[0.34797,-0.93421,0.0785413],[0.52391,0.124299,-0.842655],[0.777454,0.334367,0.532694]],[[0.34797,-0.93421,0.0785413],[-0.638122,-0.297391,-0.710182],[0.686816,0.197003,-0.699624]],[[0.34797,-0.93421,0.0785413],[-0.908431,-0.356695,-0.217995],[0.231669,0.00450644,-0.972784]]],"btipPosition":[-2.93142,293.234,23.8612],"carpPosition":[19.1859,299.493,63.9591],"dipPosition":[0.962973,293.31,7.50856],"direction":[-0.686816,-0.197003,0.699624],"extended":false,"handId":997,"id":9974,"length":49.2606,"mcpPosition":[40.8736,308.598,12.5329],"pipPosition":[14.0638,297.068,-5.83657],"stabilizedTipPosition":[-2.03571,293.252,20.1001],"timeVisible":0,"tipPosition":[-2.03571,293.252,20.1001],"tipVelocity":[1.19209e-7,1.19209e-7,1.19209e-7],"tool":false,"touchDistance":0.333333,"touchZone":"none","type":4,"width":15.66}],"r":[[1,3.60822e-17,9.4369e-17],[-3.60822e-17,1,-3.33067e-17],[-9.4369e-17,3.33067e-17,1]],"s":1,"t":[0,0,0],"timestamp":669705160155},false],[1,{"currentFrameRate":53.4861,"devices":[],"gestures":[],"hands":[{"armBasis":[[0.709745,-0.674839,-0.202122],[0.703705,0.692439,0.159145],[0.0325603,-0.255187,0.966343]],"armWidth":62.1429,"confidence":0.0632938,"direction":[0.28756,0.386575,-0.876282],"elbow":[11.5355,238.622,326.321],"grabStrength":0.190805,"id":997,"palmNormal":[-0.644901,-0.598281,-0.475564],"palmPosition":[10.1246,328.873,24.2887],"palmVelocity":[-23.6548,-12.7062,-28.4496],"palmWidth":88.738,"pinchStrength":0.285344,"r":[[0.999954,-0.00962207,0.000307655],[0.00962312,0.999947,-0.00363888],[-0.000272625,0.00364168,0.999993]],"s":0.998703,"sphereCenter":[-7.92976,300.003,-11.1369],"sphereRadius":45.2958,"stabilizedPalmPosition":[10.5564,329.105,24.8081],"t":[-0.216512,-0.1163,-0.260399],"timeVisible":0.018306,"type":"right","wrist":[2.96177,305.817,71.866]}],"id":4981554,"interactionBox":{"center":[0,200,0],"size":[235.247,235.247,147.751]},"pointables":[{"bases":[[[0.917869,0.328122,0.223277],[-0.393693,0.681553,0.61684],[0.0502237,-0.654081,0.754756]],[[0.872821,0.487701,0.0182051],[-0.477288,0.845208,0.240459],[0.101885,-0.218567,0.970489]],[[0.872821,0.487701,0.0182051],[-0.477344,0.845328,0.239925],[0.101622,-0.218101,0.970621]],[[0.872821,0.487701,0.0182051],[-0.479363,0.8497,0.219592],[0.0916263,-0.200391,0.975422]]],"btipPosition":[-34.9079,340.205,-29.8543],"carpPosition":[-24.4775,317.739,71.9294],"dipPosition":[-32.8166,335.632,-7.59088],"direction":[-0.101622,0.218101,-0.970621],"extended":true,"handId":997,"id":9970,"length":50.8265,"mcpPosition":[-24.4775,317.739,71.9294],"pipPosition":[-29.4375,328.379,24.6839],"stabilizedTipPosition":[-34.6505,338.359,-23.9222],"timeVisible":0.018306,"tipPosition":[-34.4725,339.242,-24.702],"tipVelocity":[12.2602,43.5819,-44.507],"tool":false,"touchDistance":1,"touchZone":"none","type":0,"width":19.7488},{"bases":[[[0.746334,-0.626998,-0.223293],[0.662181,0.665674,0.344085],[-0.0670997,-0.404662,0.912001]],[[0.727347,-0.681416,-0.0814746],[0.665148,0.729203,-0.160753],[0.168951,0.0627306,0.983626]],[[0.727347,-0.681416,-0.0814746],[0.65604,0.725238,-0.208904],[0.201439,0.0984948,0.974536]],[[0.727347,-0.681416,-0.0814746],[0.649058,0.721605,-0.24085],[0.222912,0.1223,0.967137]]],"btipPosition":[-14.3363,349.708,-74.4892],"carpPosition":[-3.609,327.661,71.2459],"dipPosition":[-10.6219,351.745,-58.3741],"direction":[-0.201439,-0.0984948,-0.974536],"extended":true,"handId":997,"id":9971,"length":57.352,"mcpPosition":[1.20532,356.695,5.81093],"pipPosition":[-5.87359,354.067,-35.4021],"stabilizedTipPosition":[-14.1503,351.021,-69.8608],"timeVisible":0.018306,"tipPosition":[-13.4662,350.195,-70.7879],"tipVelocity":[36.7186,-46.3889,-50.6509],"tool":false,"touchDistance":0.456376,"touchZone":"hovering","type":1,"width":18.8641},{"bases":[[[0.606512,-0.780138,-0.15339],[0.777191,0.541043,0.32132],[-0.167683,-0.314098,0.934465]],[[0.609741,-0.773707,-0.172029],[0.338306,0.450331,-0.826287],[0.716774,0.445623,0.536335]],[[0.609741,-0.773707,-0.172029],[-0.63345,-0.345235,-0.692499],[0.476401,0.531217,-0.700608]],[[0.609741,-0.773707,-0.172029],[-0.79238,-0.589914,-0.155359],[0.0187199,0.231041,-0.972764]]],"btipPosition":[-29.4444,303.008,17.1041],"carpPosition":[6.39483,321.551,68.6406],"dipPosition":[-29.1013,307.243,-0.723661],"direction":[-0.476401,-0.531217,0.700608],"extended":false,"handId":997,"id":9972,"length":65.348,"mcpPosition":[17.8042,342.922,5.05841],"pipPosition":[-15.8895,321.975,-20.1533],"stabilizedTipPosition":[-27.7471,302.588,13.0961],"timeVisible":0.018306,"tipPosition":[-29.3655,303.982,13.0037],"tipVelocity":[-90.6087,78.0882,-5.17286],"tool":false,"touchDistance":0.333333,"touchZone":"none","type":2,"width":18.527},{"bases":[[[0.5149,-0.856408,-0.0379871],[0.812796,0.473635,0.339165],[-0.272471,-0.205512,0.93996]],[[0.516602,-0.8551,-0.0438935],[0.428049,0.302321,-0.85169],[0.74155,0.421196,0.522205]],[[0.516602,-0.8551,-0.0438935],[-0.666052,-0.369119,-0.64817],[0.538048,0.364082,-0.760229]],[[0.516602,-0.8551,-0.0438935],[-0.855555,-0.51349,-0.0659869],[0.0338865,0.0716423,-0.996855]]],"btipPosition":[-16.3781,296.036,24.873],"carpPosition":[14.4424,312.976,66.3463],"dipPosition":[-15.7607,297.341,6.7087],"direction":[-0.538048,-0.364082,0.760229],"extended":false,"handId":997,"id":9973,"length":62.8339,"mcpPosition":[31.0876,325.531,8.9245],"pipPosition":[-1.22454,307.178,-13.8299],"stabilizedTipPosition":[-13.809,295.676,21.706],"timeVisible":0.018306,"tipPosition":[-16.0612,296.426,21.044],"tipVelocity":[-136.552,37.1421,-56.8712],"tool":false,"touchDistance":0.333333,"touchZone":"none","type":3,"width":17.6296},{"bases":[[[0.338481,-0.940845,0.0155442],[0.8557,0.314637,0.410829],[-0.391417,-0.125757,0.91158]],[[0.302442,-0.94829,0.0963094],[0.532826,0.0844218,-0.842003],[0.790332,0.305974,0.530806]],[[0.302442,-0.94829,0.0963094],[-0.652124,-0.279554,-0.704687],[0.695171,0.150321,-0.702952]],[[0.302442,-0.94829,0.0963094],[-0.925501,-0.316328,-0.208289],[0.227983,-0.0261391,-0.973314]]],"btipPosition":[-4.91979,293.731,23.8997],"carpPosition":[17.292,299.599,63.9837],"dipPosition":[-1.08735,293.292,7.53808],"direction":[-0.695171,-0.150321,0.702952],"extended":false,"handId":997,"id":9974,"length":49.2606,"mcpPosition":[39.4267,306.71,12.4338],"pipPosition":[12.1728,296.159,-5.87053],"stabilizedTipPosition":[-2.07874,293.26,20.1009],"timeVisible":0.018306,"tipPosition":[-4.08905,293.614,20.165],"tipVelocity":[-109.397,20.6805,1.98727],"tool":false,"touchDistance":0.333333,"touchZone":"none","type":4,"width":15.66}],"r":[[0.999954,-0.00962207,0.000307655],[0.00962312,0.999947,-0.00363888],[-0.000272625,0.00364168,0.999993]],"s":0.998703,"t":[-0.216512,-0.1163,-0.260399],"timestamp":669705178461},false],[2,{"currentFrameRate":53.6826,"devices":[],"gestures":[],"hands":[{"armBasis":[[0.680168,-0.709129,-0.185762],[0.729586,0.67948,0.0775299],[0.0712426,-0.188263,0.979531]],"armWidth":62.1429,"confidence":0.122873,"direction":[0.298429,0.37476,-0.877779],"elbow":[21.1128,255.978,329.297],"grabStrength":0.190358,"id":997,"palmNormal":[-0.665771,-0.577244,-0.472799],"palmPosition":[10.1807,328.248,23.7245],"palmVelocity":[-11.0013,-23.1551,-29.8764],"palmWidth":88.738,"pinchStrength":0.289648,"r":[[0.999711,-0.0240567,0.000146533],[0.0240572,0.999686,-0.0070017],[0.0000219507,0.00700319,0.999975]],"s":0.996153,"sphereCenter":[-8.62311,299.289,-11.7144],"sphereRadius":45.5189,"stabilizedPalmPosition":[10.5555,329.102,24.8054],"t":[-0.296711,-0.486613,-0.672694],"timeVisible":0.036234,"type":"right","wrist":[2.35333,305.551,71.3691]}],"id":4981555,"interactionBox":{"center":[0,200,0],"size":[235.247,235.247,147.751]},"pointables":[{"bases":[[[0.928907,0.297493,0.220521],[-0.369105,0.695771,0.616169],[0.0298739,-0.653759,0.756113]],[[0.888715,0.458216,0.0149569],[-0.448003,0.861054,0.240581],[0.0973595,-0.220509,0.970514]],[[0.888715,0.458216,0.0149569],[-0.448523,0.862233,0.235334],[0.0949376,-0.215853,0.971799]],[[0.888715,0.458216,0.0149569],[-0.45245,0.871331,0.189924],[0.0739938,-0.175556,0.981685]]],"btipPosition":[-34.2539,340.31,-30.501],"carpPosition":[-24.6685,318.391,71.4661],"dipPosition":[-32.565,336.303,-8.09463],"direction":[-0.0949376,0.215853,-0.971799],"extended":true,"handId":997,"id":9970,"length":50.8265,"mcpPosition":[-24.6685,318.391,71.4661],"pipPosition":[-29.4082,329.125,24.2194],"stabilizedTipPosition":[-34.6473,338.363,-23.928],"timeVisible":0.036234,"tipPosition":[-33.9907,339.658,-25.2506],"tipVelocity":[21.2641,29.1817,-39.6558],"tool":false,"touchDistance":0.994512,"touchZone":"hovering","type":0,"width":19.7488},{"bases":[[[0.724277,-0.652274,-0.223522],[0.685012,0.64373,0.34113],[-0.0786222,-0.400188,0.913054]],[[0.703819,-0.705668,-0.0816849],[0.688964,0.706094,-0.163584],[0.173113,0.0588559,0.983142]],[[0.703819,-0.705668,-0.0816849],[0.679374,0.702236,-0.212876],[0.207582,0.0943317,0.973659]],[[0.703819,-0.705668,-0.0816849],[0.671992,0.698658,-0.245568],[0.230359,0.117944,0.965932]]],"btipPosition":[-13.823,349.661,-75.0352],"carpPosition":[-3.47915,327.603,70.7144],"dipPosition":[-9.98456,351.626,-58.9402],"direction":[-0.207582,-0.0943317,-0.973659],"extended":true,"handId":997,"id":9971,"length":57.352,"mcpPosition":[2.1619,356.316,5.20385],"pipPosition":[-5.0914,353.85,-35.9889],"stabilizedTipPosition":[-14.1428,351.015,-69.8699],"timeVisible":0.036234,"tipPosition":[-12.9126,350.137,-71.3416],"tipVelocity":[33.6499,-26.1463,-41.2324],"tool":false,"touchDistance":0.435812,"touchZone":"hovering","type":1,"width":18.8641},{"bases":[[[0.579534,-0.800463,-0.152968],[0.795706,0.515246,0.318393],[-0.176046,-0.306237,0.935536]],[[0.58295,-0.794158,-0.171706],[0.350699,0.436562,-0.828507],[0.732926,0.422761,0.533004]],[[0.58295,-0.794158,-0.171706],[-0.647722,-0.326639,-0.688305],[0.490537,0.512465,-0.704807]],[[0.58295,-0.794158,-0.171706],[-0.812226,-0.564018,-0.148903],[0.0214074,0.226267,-0.97383]]],"btipPosition":[-30.1636,303.758,16.7841],"carpPosition":[6.30718,321.153,68.1009],"dipPosition":[-29.7713,307.905,-1.06319],"direction":[-0.490537,-0.512465,0.704807],"extended":false,"handId":997,"id":9972,"length":65.348,"mcpPosition":[18.2856,341.989,4.44583],"pipPosition":[-16.1674,322.116,-20.6093],"stabilizedTipPosition":[-27.8406,302.673,13.0794],"timeVisible":0.036234,"tipPosition":[-30.1027,304.699,12.6409],"tipVelocity":[-66.4556,60.4124,-11.2796],"tool":false,"touchDistance":0.333333,"touchZone":"none","type":2,"width":18.527},{"bases":[[[0.485667,-0.873352,-0.0371922],[0.82906,0.446715,0.336311],[-0.277104,-0.19417,0.941016]],[[0.487336,-0.872161,-0.0428886],[0.447464,0.291603,-0.845425],[0.749853,0.392815,0.532369]],[[0.487336,-0.872161,-0.0428886],[-0.665537,-0.339188,-0.66484],[0.5653,0.352545,-0.745754]],[[0.487336,-0.872161,-0.0428886],[-0.871303,-0.482434,-0.0899382],[0.0577496,0.0811991,-0.995023]]],"btipPosition":[-18.0143,296.048,23.403],"carpPosition":[14.0561,312.307,65.8082],"dipPosition":[-16.9621,297.528,5.27206],"direction":[-0.5653,-0.352545,0.745754],"extended":false,"handId":997,"id":9973,"length":62.8339,"mcpPosition":[30.9842,324.169,8.32182],"pipPosition":[-1.6897,307.052,-14.8755],"stabilizedTipPosition":[-13.9801,295.707,21.5993],"timeVisible":0.036234,"tipPosition":[-17.4321,296.546,19.8626],"tipVelocity":[-112.523,20.9683,-68.5378],"tool":false,"touchDistance":0.333333,"touchZone":"none","type":3,"width":17.6296},{"bases":[[[0.306626,-0.95168,0.0169165],[0.866746,0.286517,0.408239],[-0.393359,-0.110514,0.912718]],[[0.270029,-0.957761,0.0988846],[0.5399,0.0655775,-0.839171],[0.797241,0.279988,0.534803]],[[0.270029,-0.957761,0.0988846],[-0.660906,-0.259054,-0.70434],[0.700205,0.124839,-0.702942]],[[0.270029,-0.957761,0.0988846],[-0.936712,-0.285077,-0.203227],[0.222833,-0.0377491,-0.974125]]],"btipPosition":[-5.90167,293.684,23.1966],"carpPosition":[16.448,298.836,63.4694],"dipPosition":[-2.1558,293.049,6.82138],"direction":[-0.700205,-0.124839,0.702942],"extended":false,"handId":997,"id":9974,"length":49.2606,"mcpPosition":[38.6925,305.086,11.8551],"pipPosition":[11.2004,295.43,-6.58705],"stabilizedTipPosition":[-2.18228,293.269,20.0775],"timeVisible":0.036234,"tipPosition":[-5.13239,293.508,19.5538],"tipVelocity":[-84.1138,8.47649,-17.5604],"tool":false,"touchDistance":0.333333,"touchZone":"none","type":4,"width":15.66}],"r":[[0.999711,-0.0240567,0.000146533],[0.0240572,0.999686,-0.0070017],[0.0000219507,0.00700319,0.999975]],"s":0.996153,"t":[-0.296711,-0.486613,-0.672694],"timestamp":669705196389},false],[3,{"currentFrameRate":53.7824,"devices":[],"gestures":[],"hands":[{"armBasis":[[0.664809,-0.727056,-0.171518],[0.741508,0.670104,0.0335735],[0.090525,-0.149502,0.984609]],"armWidth":62.1429,"confidence":0.188564,"direction":[0.304979,0.370688,-0.877256],"elbow":[25.8073,266.186,330.295],"grabStrength":0.189555,"id":997,"palmNormal":[-0.676465,-0.564067,-0.473523],"palmPosition":[10.1982,328.183,23.421],"palmVelocity":[-5.27938,-13.7915,-23.5469],"palmWidth":88.738,"pinchStrength":0.293686,"r":[[0.999228,-0.0392861,-0.0000280519],[0.0392841,0.999184,-0.00935624],[0.000395599,0.00934792,0.999956]],"s":0.992735,"sphereCenter":[-8.84479,298.941,-12.203],"sphereRadius":45.7913,"stabilizedPalmPosition":[10.5548,329.101,24.8028],"t":[-0.328026,-0.704379,-1.0306],"timeVisible":0.054473,"type":"right","wrist":[1.9705,305.553,71.03]}],"id":4981556,"interactionBox":{"center":[0,200,0],"size":[235.247,235.247,147.751]},"pointables":[{"bases":[[[0.934311,0.279942,0.22067],[-0.356,0.701407,0.617489],[0.0180817,-0.655485,0.754992]],[[0.896857,0.44207,0.0149153],[-0.431926,0.868015,0.244929],[0.0953288,-0.226108,0.969426]],[[0.896857,0.44207,0.0149153],[-0.432915,0.870368,0.234616],[0.0907348,-0.216874,0.971974]],[[0.896857,0.44207,0.0149153],[-0.438215,0.883441,0.165828],[0.0601307,-0.15526,0.986042]]],"btipPosition":[-33.8403,340.651,-30.8603],"carpPosition":[-24.81,318.888,71.1591],"dipPosition":[-32.4679,337.107,-8.35449],"direction":[-0.0907348,0.216874,-0.971974],"extended":true,"handId":997,"id":9970,"length":50.8265,"mcpPosition":[-24.81,318.888,71.1591],"pipPosition":[-29.4508,329.896,23.9653],"stabilizedTipPosition":[-34.6421,338.37,-23.9361],"timeVisible":0.054473,"tipPosition":[-33.6764,340.22,-25.5496],"tipVelocity":[20.0297,26.9587,-29.5123],"tool":false,"touchDistance":0.923348,"touchZone":"hovering","type":0,"width":19.7488},{"bases":[[[0.71205,-0.665133,-0.224905],[0.696883,0.630411,0.34196],[-0.0856663,-0.400225,0.912404]],[[0.690674,-0.718364,-0.0832102],[0.701869,0.693599,-0.162173],[0.174214,0.0536062,0.983248]],[[0.690674,-0.718364,-0.0832102],[0.691875,0.68988,-0.213015],[0.210427,0.089553,0.973499]],[[0.690674,-0.718364,-0.0832102],[0.684141,0.686349,-0.246731],[0.234354,0.113483,0.965505]]],"btipPosition":[-13.4729,350.177,-75.2816],"carpPosition":[-3.45469,327.709,70.4149],"dipPosition":[-9.56788,352.068,-59.1937],"direction":[-0.210427,-0.089553,-0.973499],"extended":true,"handId":997,"id":9971,"length":57.352,"mcpPosition":[2.69177,356.425,4.95102],"pipPosition":[-4.60764,354.179,-36.2462],"stabilizedTipPosition":[-14.134,351.013,-69.8795],"timeVisible":0.054473,"tipPosition":[-12.5372,350.643,-71.5924],"tipVelocity":[27.1391,-0.553735,-28.017],"tool":false,"touchDistance":0.421844,"touchZone":"hovering","type":1,"width":18.8641},{"bases":[[[0.564625,-0.810749,-0.154546],[0.805181,0.499947,0.318962],[-0.181334,-0.304532,0.935082]],[[0.568163,-0.804451,-0.173349],[0.357728,0.43115,-0.828336],[0.741095,0.408618,0.532738]],[[0.568163,-0.804451,-0.173349],[-0.65523,-0.314794,-0.686715],[0.497859,0.503749,-0.705955]],[[0.568163,-0.804451,-0.173349],[-0.822608,-0.549444,-0.146381],[0.0225106,0.225766,-0.973921]]],"btipPosition":[-30.5081,304.489,16.5468],"carpPosition":[6.21016,321.085,67.7867],"dipPosition":[-30.0956,308.627,-1.30215],"direction":[-0.497859,-0.503749,0.705955],"extended":false,"handId":997,"id":9972,"length":65.348,"mcpPosition":[18.5483,341.805,4.16255],"pipPosition":[-16.2886,322.597,-20.8801],"stabilizedTipPosition":[-27.973,302.815,13.0465],"timeVisible":0.054473,"tipPosition":[-30.4691,305.419,12.3696],"tipVelocity":[-43.5863,50.6467,-12.1169],"tool":false,"touchDistance":0.333333,"touchZone":"none","type":2,"width":18.527},{"bases":[[[0.469471,-0.882092,-0.0388588],[0.837273,0.430782,0.336751],[-0.280306,-0.190631,0.940791]],[[0.471071,-0.880985,-0.044253],[0.464221,0.290257,-0.836809],[0.750061,0.373653,0.545703]],[[0.471071,-0.880985,-0.044253],[-0.657774,-0.317406,-0.683072],[0.587729,0.350884,-0.729009]],[[0.471071,-0.880985,-0.044253],[-0.87838,-0.463897,-0.115099],[0.080872,0.093091,-0.992368]]],"btipPosition":[-19.1173,296.289,22.0028],"carpPosition":[13.7938,312.101,65.4761],"dipPosition":[-17.6437,297.986,3.92029],"direction":[-0.58773,-0.350884,0.729009],"extended":false,"handId":997,"id":9973,"length":62.8339,"mcpPosition":[30.9177,323.747,8.00346],"pipPosition":[-1.76532,307.465,-15.7749],"stabilizedTipPosition":[-14.1943,295.75,21.4316],"timeVisible":0.054473,"tipPosition":[-18.3222,296.874,18.7167],"tipVelocity":[-85.0887,18.5755,-72.1817],"tool":false,"touchDistance":0.333333,"touchZone":"none","type":3,"width":17.6296},{"bases":[[[0.289035,-0.957198,0.0151854],[0.872024,0.269795,0.408393],[-0.39501,-0.104798,0.91268]],[[0.251717,-0.96277,0.0985506],[0.550825,0.0587925,-0.832548],[0.795758,0.26385,0.545117]],[[0.251717,-0.96277,0.0985506],[-0.660456,-0.245318,-0.709659],[0.707415,0.113545,-0.697618]],[[0.251717,-0.96277,0.0985506],[-0.941723,-0.26714,-0.204436],[0.223152,-0.0413473,-0.973906]]],"btipPosition":[-6.41188,293.949,22.382],"carpPosition":[15.9362,298.593,63.1136],"dipPosition":[-2.66066,293.254,6.01049],"direction":[-0.707415,-0.113545,0.697618],"extended":false,"handId":997,"id":9974,"length":49.2606,"mcpPosition":[38.2741,304.519,11.5015],"pipPosition":[10.8331,295.42,-7.29639],"stabilizedTipPosition":[-2.31099,293.289,20.0216],"timeVisible":0.054473,"tipPosition":[-5.66542,293.756,18.8997],"tipVelocity":[-57.2334,11.0265,-30.4985],"tool":false,"touchDistance":0.333333,"touchZone":"none","type":4,"width":15.66}],"r":[[0.999228,-0.0392861,-0.0000280519],[0.0392841,0.999184,-0.00935624],[0.000395599,0.00934792,0.999956]],"s":0.992735,"t":[-0.328026,-0.704379,-1.0306],"timestamp":669705214628},false],[4,{"currentFrameRate":53.9286,"devices":[],"gestures":[],"hands":[{"armBasis":[[0.652547,-0.739242,-0.166447],[0.749878,0.661575,0.00159949],[0.108935,-0.125859,0.986049]],"armWidth":62.1429,"confidence":0.234244,"direction":[0.311192,0.369157,-0.875718],"elbow":[30.1596,272.556,330.398],"grabStrength":0.188639,"id":997,"palmNormal":[-0.68425,-0.552443,-0.476034],"palmPosition":[10.0779,328.366,23.2301],"palmVelocity":[-5.94097,-2.43463,-17.4022],"palmWidth":88.738,"pinchStrength":0.297135,"r":[[0.998519,-0.0543993,0.00000598406],[0.0543963,0.998464,-0.0105505],[0.000567963,0.0105352,0.999944]],"s":0.988705,"sphereCenter":[-9.08723,298.871,-12.6536],"sphereRadius":46.059,"stabilizedPalmPosition":[10.5543,329.1,24.8012],"t":[-0.403837,-0.72173,-1.305],"timeVisible":0.072498,"type":"right","wrist":[1.47516,305.697,70.7543]}],"id":4981557,"interactionBox":{"center":[0,200,0],"size":[235.247,235.247,147.751]},"pointables":[{"bases":[[[0.938123,0.265423,0.222431],[-0.346215,0.704453,0.619581],[0.0077592,-0.658253,0.752757]],[[0.902983,0.429364,0.0163972],[-0.419389,0.872419,0.250993],[0.093462,-0.233519,0.96785]],[[0.902983,0.429364,0.0163972],[-0.420779,0.875912,0.23606],[0.0869932,-0.220058,0.9716]],[[0.902983,0.429364,0.0163972],[-0.427065,0.892638,0.144269],[0.0473073,-0.137275,0.989403]]],"btipPosition":[-33.6289,341.243,-31.101],"carpPosition":[-25.1066,319.424,70.906],"dipPosition":[-32.5492,338.11,-8.51846],"direction":[-0.0869932,0.220058,-0.9716],"extended":false,"handId":997,"id":9970,"length":50.8265,"mcpPosition":[-25.1066,319.424,70.906],"pipPosition":[-29.6565,330.792,23.7889],"stabilizedTipPosition":[-34.6346,338.383,-23.9479],"timeVisible":0.072498,"tipPosition":[-33.5249,340.989,-25.7471],"tipVelocity":[14.3218,32.2317,-21.3846],"tool":false,"touchDistance":0.861,"touchZone":"hovering","type":0,"width":19.7488},{"bases":[[[0.702403,-0.674757,-0.226569],[0.705761,0.618928,0.344716],[-0.0923695,-0.402033,0.910954]],[[0.680126,-0.728137,-0.0851193],[0.712214,0.6838,-0.158651],[0.173724,0.0472793,0.983659]],[[0.680126,-0.728137,-0.0851193],[0.701914,0.680296,-0.210984],[0.211531,0.0837491,0.973776]],[[0.680126,-0.728137,-0.0851193],[0.693895,0.676864,-0.245691],[0.236511,0.108037,0.965604]]],"btipPosition":[-13.2019,351.023,-75.4075],"carpPosition":[-3.62326,327.933,70.2104],"dipPosition":[-9.26099,352.823,-59.3179],"direction":[-0.211531,-0.0837491,-0.973776],"extended":true,"handId":997,"id":9971,"length":57.352,"mcpPosition":[3.00414,356.778,4.85054],"pipPosition":[-4.27473,354.797,-36.3639],"stabilizedTipPosition":[-14.1215,351.016,-69.8919],"timeVisible":0.072498,"tipPosition":[-12.2507,351.472,-71.7199],"tipVelocity":[21.6148,21.4144,-18.0326],"tool":false,"touchDistance":0.41111,"touchZone":"hovering","type":1,"width":18.8641},{"bases":[[[0.55279,-0.818429,-0.156837],[0.812151,0.486966,0.321366],[-0.186641,-0.305023,0.933877]],[[0.556448,-0.812098,-0.175676],[0.364218,0.428442,-0.826912],[0.7468,0.396149,0.534187]],[[0.556448,-0.812098,-0.175676],[-0.660307,-0.303877,-0.686771],[0.504341,0.498152,-0.705325]],[[0.556448,-0.812098,-0.175676],[-0.830523,-0.53742,-0.146323],[0.0244173,0.227324,-0.973513]]],"btipPosition":[-30.8945,305.327,16.3169],"carpPosition":[5.94558,321.176,67.5678],"dipPosition":[-30.447,309.493,-1.5246],"direction":[-0.504341,-0.498152,0.705325],"extended":false,"handId":997,"id":9972,"length":65.348,"mcpPosition":[18.6448,341.93,4.02563],"pipPosition":[-16.4603,323.308,-21.0851],"stabilizedTipPosition":[-28.1373,303.018,12.998],"timeVisible":0.072498,"tipPosition":[-30.8686,306.256,12.1148],"tipVelocity":[-32.8706,48.8297,-12.3751],"tool":false,"touchDistance":0.333333,"touchZone":"none","type":2,"width":18.527},{"bases":[[[0.456492,-0.88876,-0.0414763],[0.843206,0.417277,0.338945],[-0.283934,-0.189699,0.939891]],[[0.458017,-0.887724,-0.0465461],[0.478393,0.29028,-0.828781],[0.74924,0.357329,0.557634]],[[0.458017,-0.887724,-0.0465461],[-0.650876,-0.299233,-0.697725],[0.605459,0.349866,-0.714852]],[[0.458017,-0.887724,-0.0465461],[-0.883411,-0.44871,-0.13507],[0.0990188,0.102984,-0.989742]]],"btipPosition":[-20.0649,296.78,20.8644],"carpPosition":[13.3985,312.09,65.233],"dipPosition":[-18.2606,298.656,2.82977],"direction":[-0.605459,-0.349866,0.714852],"extended":false,"handId":997,"id":9973,"length":62.8339,"mcpPosition":[30.744,323.678,7.8153],"pipPosition":[-1.90326,308.108,-16.4829],"stabilizedTipPosition":[-14.4107,295.808,21.2446],"timeVisible":0.072498,"tipPosition":[-19.1419,297.41,17.7388],"tipVelocity":[-67.6666,23.7538,-67.6113],"tool":false,"touchDistance":0.333333,"touchZone":"none","type":3,"width":17.6296},{"bases":[[[0.274923,-0.961389,0.0121551],[0.875523,0.255552,0.410065],[-0.397338,-0.102094,0.911975]],[[0.236588,-0.966723,0.0973261],[0.569217,0.0567283,-0.820228],[0.787412,0.249456,0.563696]],[[0.236588,-0.966723,0.0973261],[-0.650702,-0.232038,-0.723012],[0.721535,0.107726,-0.683946]],[[0.236588,-0.966723,0.0973261],[-0.943461,-0.252515,-0.214749],[0.232179,-0.0410162,-0.971808]]],"btipPosition":[-7.00545,294.365,21.1975],"carpPosition":[15.3443,298.559,62.826],"dipPosition":[-3.10247,293.676,4.86126],"direction":[-0.721535,-0.107726,0.683946],"extended":false,"handId":997,"id":9974,"length":49.2606,"mcpPosition":[37.8138,304.333,11.2537],"pipPosition":[10.6606,295.73,-8.18482],"stabilizedTipPosition":[-2.42727,293.317,19.9426],"timeVisible":0.072498,"tipPosition":[-6.21067,294.186,17.9946],"tipVelocity":[-44.7896,16.7639,-46.986],"tool":false,"touchDistance":0.333333,"touchZone":"none","type":4,"width":15.66}],"r":[[0.998519,-0.0543993,0.00000598406],[0.0543963,0.998464,-0.0105505],[0.000567963,0.0105352,0.999944]],"s":0.988705,"t":[-0.403837,-0.72173,-1.305],"timestamp":669705232653},false],[5,{"currentFrameRate":53.9928,"devices":[],"gestures":[],"hands":[{"armBasis":[[0.639392,-0.751666,-0.161788],[0.757776,0.651682,-0.0329523],[0.130203,-0.10153,0.986275]],"armWidth":62.1429,"confidence":0.279555,"direction":[0.317664,0.363167,-0.875899],"elbow":[35.3589,279.802,329.937],"grabStrength":0.187449,"id":997,"palmNormal":[-0.692217,-0.542481,-0.475972],"palmPosition":[10.0696,329.008,22.6875],"palmVelocity":[-3.31225,15.5537,-23.277],"palmWidth":88.738,"pinchStrength":0.299039,"r":[[0.997578,-0.0695506,0.000255019],[0.0695488,0.997509,-0.0117561],[0.000563263,0.0117454,0.999931]],"s":0.984336,"sphereCenter":[-9.29408,299.177,-13.3105],"sphereRadius":46.3071,"stabilizedPalmPosition":[10.5539,329.1,24.7992],"t":[-0.445914,-0.409353,-1.7135],"timeVisible":0.090792,"type":"right","wrist":[1.07409,306.537,70.2329]}],"id":4981558,"interactionBox":{"center":[0,200,0],"size":[235.247,235.247,147.751]},"pointables":[{"bases":[[[0.941884,0.251255,0.222991],[-0.335923,0.710515,0.618324],[-0.00308126,-0.657297,0.753625]],[[0.909327,0.415764,0.0162662],[-0.406034,0.878151,0.252957],[0.090886,-0.236625,0.967341]],[[0.909327,0.415764,0.0162662],[-0.407724,0.882584,0.234107],[0.0829771,-0.219512,0.972075]],[[0.909327,0.415764,0.0162662],[-0.414436,0.901565,0.124189],[0.0369683,-0.11967,0.992125]]],"btipPosition":[-33.3209,342.222,-31.7191],"carpPosition":[-25.2934,320.672,70.341],"dipPosition":[-32.4771,339.49,-9.07444],"direction":[-0.0829771,0.219512,-0.972075],"extended":false,"handId":997,"id":9970,"length":50.8265,"mcpPosition":[-25.2934,320.672,70.341],"pipPosition":[-29.718,332.191,23.2487],"stabilizedTipPosition":[-34.6215,338.41,-23.97],"timeVisible":0.090792,"tipPosition":[-33.2576,342.1,-26.3424],"tipVelocity":[14.1066,44.8469,-26.9547],"tool":false,"touchDistance":0.799176,"touchZone":"hovering","type":0,"width":19.7488},{"bases":[[[0.692153,-0.685781,-0.225007],[0.714872,0.608454,0.344588],[-0.099406,-0.399359,0.91139]],[[0.668928,-0.738619,-0.0835268],[0.722916,0.672592,-0.158153],[0.172994,0.0454101,0.983875]],[[0.668928,-0.738619,-0.0835268],[0.711918,0.668925,-0.213804],[0.213793,0.0835551,0.973299]],[[0.668928,-0.738619,-0.0835268],[0.703265,0.66526,-0.250694],[0.240735,0.108955,0.964456]]],"btipPosition":[-12.848,351.814,-75.9728],"carpPosition":[-3.68112,328.848,69.655],"dipPosition":[-8.83672,353.629,-59.9023],"direction":[-0.213793,-0.0835551,-0.973299],"extended":true,"handId":997,"id":9971,"length":57.352,"mcpPosition":[3.45114,357.501,4.26393],"pipPosition":[-3.79716,355.599,-36.9596],"stabilizedTipPosition":[-14.1032,351.026,-69.9119],"timeVisible":0.090792,"tipPosition":[-11.855,352.289,-72.2966],"tipVelocity":[20.9508,31.9608,-24.3153],"tool":false,"touchDistance":0.394787,"touchZone":"hovering","type":1,"width":18.8641},{"bases":[[[0.540282,-0.827042,-0.155231],[0.819242,0.474839,0.321513],[-0.192195,-0.300879,0.934095]],[[0.544065,-0.820776,-0.174127],[0.371061,0.421504,-0.827434],[0.752533,0.385566,0.533884]],[[0.544065,-0.820776,-0.174127],[-0.665255,-0.295517,-0.685642],[0.511301,0.488873,-0.706806]],[[0.544065,-0.820776,-0.174127],[-0.838614,-0.525311,-0.144138],[0.0268336,0.224446,-0.974117]]],"btipPosition":[-31.1838,306.617,15.8312],"carpPosition":[5.78513,321.941,67.0306],"dipPosition":[-30.692,310.731,-2.02136],"direction":[-0.511301,-0.488873,0.706806],"extended":false,"handId":997,"id":9972,"length":65.348,"mcpPosition":[18.8623,342.413,3.47359],"pipPosition":[-16.5123,324.289,-21.6229],"stabilizedTipPosition":[-28.3294,303.315,12.9146],"timeVisible":0.090792,"tipPosition":[-31.1652,307.53,11.605],"tipVelocity":[-24.4293,58.927,-19.2347],"tool":false,"touchDistance":0.333333,"touchZone":"none","type":2,"width":18.527},{"bases":[[[0.442804,-0.895731,-0.0398717],[0.849205,0.404704,0.339214],[-0.287708,-0.184065,0.939864]],[[0.444352,-0.894724,-0.0449498],[0.493773,0.286474,-0.821049],[0.747489,0.34264,0.569086]],[[0.444352,-0.894724,-0.0449498],[-0.643385,-0.283809,-0.71099],[0.623383,0.34485,-0.701764]],[[0.444352,-0.894724,-0.0449498],[-0.888252,-0.433506,-0.151923],[0.116443,0.107434,-0.98737]]],"btipPosition":[-20.8586,297.778,19.4521],"carpPosition":[13.0996,312.738,64.7148],"dipPosition":[-18.7368,299.736,1.46072],"direction":[-0.623383,-0.34485,0.701764],"extended":false,"handId":997,"id":9973,"length":62.8339,"mcpPosition":[30.6756,323.983,7.29883],"pipPosition":[-1.89528,309.053,-17.4984],"stabilizedTipPosition":[-14.6126,295.89,21.0436],"timeVisible":0.090792,"tipPosition":[-19.8355,298.428,16.4897],"tipVelocity":[-54.1182,39.0243,-71.9458],"tool":false,"touchDistance":0.333333,"touchZone":"none","type":3,"width":17.6296},{"bases":[[[0.260088,-0.965488,0.0136791],[0.878962,0.242596,0.410576],[-0.399725,-0.0947626,0.911724]],[[0.220499,-0.970126,0.101171],[0.584374,0.0483454,-0.810043],[0.780953,0.237736,0.577577]],[[0.220499,-0.970126,0.101171],[-0.642773,-0.22254,-0.733021],[0.733637,0.0966005,-0.67264]],[[0.220499,-0.970126,0.101171],[-0.945328,-0.238103,-0.222851],[0.240283,-0.0465014,-0.969588]]],"btipPosition":[-7.51979,295.276,19.9816],"carpPosition":[14.8393,299.176,62.3275],"dipPosition":[-3.48059,294.494,3.68265],"direction":[-0.733637,-0.0966005,0.67264],"extended":false,"handId":997,"id":9974,"length":49.2606,"mcpPosition":[37.4438,304.535,10.7694],"pipPosition":[10.5133,296.337,-9.14778],"stabilizedTipPosition":[-2.5273,293.36,19.8534],"timeVisible":0.090792,"tipPosition":[-6.68263,295.08,16.9675],"tipVelocity":[-35.9775,32.041,-56.0968],"tool":false,"touchDistance":0.333333,"touchZone":"none","type":4,"width":15.66}],"r":[[0.997578,-0.0695506,0.000255019],[0.0695488,0.997509,-0.0117561],[0.000563263,0.0117454,0.999931]],"s":0.984336,"t":[-0.445914,-0.409353,-1.7135],"timestamp":669705250947},false],[6,{"currentFrameRate":54.1384,"devices":[],"gestures":[],"hands":[{"armBasis":[[0.631334,-0.758605,-0.161047],[0.76062,0.646212,-0.0621837],[0.151243,-0.0832368,0.984986]],"armWidth":62.1429,"confidence":0.32694,"direction":[0.321029,0.356519,-0.877402],"elbow":[40.7158,285.494,328.935],"grabStrength":0.186211,"id":997,"palmNormal":[-0.696199,-0.53924,-0.473842],"palmPosition":[10.091,329.587,21.9255],"palmVelocity":[-1.18121,23.4533,-32.3359],"palmWidth":88.738,"pinchStrength":0.30232,"r":[[0.99653,-0.0832321,0.000657916],[0.0832333,0.996437,-0.0136478],[0.000480365,0.0136552,0.999907]],"s":0.979991,"sphereCenter":[-9.2156,299.089,-14.0725],"sphereRadius":46.6116,"stabilizedPalmPosition":[10.5535,329.1,24.7965],"t":[-0.456236,0.036447,-2.29871],"timeVisible":0.108749,"type":"right","wrist":[0.890784,307.412,69.5707]}],"id":4981559,"interactionBox":{"center":[0,200,0],"size":[235.247,235.247,147.751]},"pointables":[{"bases":[[[0.943708,0.244865,0.222389],[-0.330666,0.716048,0.614765],[-0.00870693,-0.653695,0.756708]],[[0.912414,0.409016,0.0143613],[-0.399063,0.881329,0.252999],[0.0908234,-0.23657,0.96736]],[[0.912414,0.409016,0.0143613],[-0.401222,0.887001,0.228584],[0.0807559,-0.214325,0.973418]],[[0.912414,0.409016,0.0143613],[-0.408433,0.90775,0.0957758],[0.0261373,-0.0932528,0.995299]]],"btipPosition":[-33.0678,342.527,-32.5823],"carpPosition":[-25.3644,321.755,69.5958],"dipPosition":[-32.4712,340.398,-9.86519],"direction":[-0.0807559,0.214325,-0.973418],"extended":false,"handId":997,"id":9970,"length":50.8265,"mcpPosition":[-25.3644,321.755,69.5958],"pipPosition":[-29.7859,333.271,22.5027],"stabilizedTipPosition":[-34.6079,338.44,-23.9973],"timeVisible":0.108749,"tipPosition":[-33.0565,342.602,-27.1772],"tipVelocity":[12.6039,35.3207,-36.5025],"tool":false,"touchDistance":0.739894,"touchZone":"hovering","type":0,"width":19.7488},{"bases":[[[0.686851,-0.692273,-0.221348],[0.719451,0.604412,0.342164],[-0.103085,-0.394264,0.913197]],[[0.663123,-0.744264,-0.0796161],[0.728428,0.666144,-0.160139],[0.172221,0.048197,0.983878]],[[0.663123,-0.744264,-0.0796161],[0.716829,0.662071,-0.218674],[0.215463,0.0879366,0.972545]],[[0.663123,-0.744264,-0.0796161],[0.707623,0.658017,-0.257456],[0.244004,0.114387,0.963004]]],"btipPosition":[-12.6523,352.047,-76.8309],"carpPosition":[-3.68787,329.757,68.8848],"dipPosition":[-8.58649,353.953,-60.7846],"direction":[-0.215463,-0.0879366,-0.972545],"extended":true,"handId":997,"id":9971,"length":57.352,"mcpPosition":[3.70836,358.045,3.36402],"pipPosition":[-3.50756,356.025,-37.8596],"stabilizedTipPosition":[-14.0875,351.035,-69.933],"timeVisible":0.108749,"tipPosition":[-11.6284,352.56,-73.1659],"tipVelocity":[16.5277,23.5264,-35.5618],"tool":false,"touchDistance":0.375687,"touchZone":"hovering","type":1,"width":18.8641},{"bases":[[[0.533829,-0.832001,-0.151002],[0.822776,0.469871,0.319782],[-0.195107,-0.29495,0.935381]],[[0.537681,-0.825838,-0.16997],[0.374442,0.414502,-0.829446],[0.755441,0.382334,0.532099]],[[0.537681,-0.825838,-0.16997],[-0.668023,-0.29426,-0.683488],[0.514435,0.481043,-0.709897]],[[0.537681,-0.825838,-0.16997],[-0.842701,-0.519797,-0.14024],[0.0274652,0.218638,-0.975419]]],"btipPosition":[-31.2809,307.512,15.2053],"carpPosition":[5.7251,322.763,66.2987],"dipPosition":[-30.7775,311.519,-2.67107],"direction":[-0.514435,-0.481043,0.709897],"extended":false,"handId":997,"id":9972,"length":65.348,"mcpPosition":[19.0005,342.832,2.65424],"pipPosition":[-16.5109,324.859,-22.3584],"stabilizedTipPosition":[-28.5082,303.638,12.7998],"timeVisible":0.108749,"tipPosition":[-31.2735,308.395,10.9567],"tipVelocity":[-15.3619,53.967,-26.7659],"tool":false,"touchDistance":0.333333,"touchZone":"none","type":2,"width":18.527},{"bases":[[[0.435745,-0.899374,-0.0353813],[0.852174,0.399586,0.337832],[-0.289699,-0.177359,0.940541]],[[0.437287,-0.898414,-0.0404079],[0.502744,0.281463,-0.817329],[0.745673,0.337093,0.574752]],[[0.437287,-0.898414,-0.0404079],[-0.638204,-0.278351,-0.717786],[0.633621,0.339667,-0.69509]],[[0.437287,-0.898414,-0.0404079],[-0.890338,-0.426147,-0.160301],[0.126797,0.106074,-0.986241]]],"btipPosition":[-21.2547,298.529,18.2791],"carpPosition":[12.9681,313.492,64.0309],"dipPosition":[-18.9442,300.462,0.3082],"direction":[-0.633621,-0.339667,0.69509],"extended":false,"handId":997,"id":9973,"length":62.8339,"mcpPosition":[30.6657,324.327,6.57349],"pipPosition":[-1.82609,309.639,-18.4706],"stabilizedTipPosition":[-14.7709,295.97,20.865],"timeVisible":0.108749,"tipPosition":[-20.1942,299.169,15.3734],"tipVelocity":[-37.8111,40.1951,-68.6911],"tool":false,"touchDistance":0.333333,"touchZone":"none","type":3,"width":17.6296},{"bases":[[[0.252453,-0.967435,0.0183839],[0.88061,0.237587,0.409974],[-0.400991,-0.0873102,0.911912]],[[0.211765,-0.971331,0.108037],[0.596932,0.0410215,-0.801243],[0.77384,0.234166,0.588505]],[[0.211765,-0.971331,0.108037],[-0.634272,-0.220693,-0.740941],[0.743542,0.0883808,-0.662823]],[[0.211765,-0.971331,0.108037],[-0.945361,-0.231623,-0.229442],[0.247888,-0.0535463,-0.967308]]],"btipPosition":[-7.7569,295.983,18.7495],"carpPosition":[14.6021,299.906,61.7084],"dipPosition":[-3.58986,295.082,2.48888],"direction":[-0.743542,-0.0883808,0.662823],"extended":false,"handId":997,"id":9974,"length":49.2606,"mcpPosition":[37.2781,304.843,10.1398],"pipPosition":[10.593,296.768,-10.1543],"stabilizedTipPosition":[-2.59867,293.4,19.7725],"timeVisible":0.108749,"tipPosition":[-6.88032,295.766,15.8804],"tipVelocity":[-24.4