{"sensorType":"Leap","data":[[0,{"currentFrameRate":52.9963,"devices":[],"gestures":[],"hands":[{"armBasis":[[0.777554,-0.604655,-0.172632],[0.555562,0.789175,-0.261827],[0.294552,0.107677,0.94955]],"armWidth":62.1429,"confidence":0.665197,"direction":[0.233962,0.245457,-0.940751],"elbow":[65.8988,274.441,343.472],"grabStrength":0.11339,"id":997,"palmNormal":[-0.513852,-0.790202,-0.33397],"palmPosition":[-7.64137,259.86,42.0518],"palmVelocity":[-41.705,-98.1567,236.711],"palmWidth":88.738,"pinchStrength":0.44623,"r":[[0.990746,0.135676,0.00390033],[-0.13223,0.971269,-0.197868],[-0.0306342,0.195521,0.980221]],"s":0.982963,"sphereCenter":[-25.8757,223.568,11.5426],"sphereRadius":46.2778,"stabilizedPalmPosition":[-1.62402,271.942,-2.46137],"t":[-17.41,-67.3878,12.7719],"timeVisible":6.61945,"type":"right","wrist":[-11.6619,246.088,93.4388]}],"id":4981906,"interactionBox":{"center":[0,200,0],"size":[235.247,235.247,147.751]},"pointables":[{"bases":[[[0.837379,0.528712,0.138781],[-0.525749,0.709523,0.469218],[0.149613,-0.465877,0.872109]],[[0.781736,0.620485,-0.0623402],[-0.561086,0.743464,0.363928],[0.272159,-0.249517,0.929339]],[[0.781736,0.620485,-0.0623402],[-0.621882,0.783102,-0.00392223],[0.046385,0.0418344,0.998047]],[[0.781736,0.620485,-0.0623402],[-0.564105,0.660986,-0.494856],[-0.265845,0.422013,0.866736]]],"btipPosition":[-49.526,253.681,-6.78433],"carpPosition":[-40.802,252.558,91.4274],"dipPosition":[-55.5937,263.314,12.9984],"direction":[-0.046385,-0.0418344,-0.998047],"extended":false,"handId":997,"id":9970,"length":50.8265,"mcpPosition":[-40.802,252.558,91.4274],"pipPosition":[-54.0513,264.705,46.1852],"stabilizedTipPosition":[-46.4199,273.52,-49.4667],"timeVisible":6.61945,"tipPosition":[-51.6319,256.548,-2.38616],"tipVelocity":[-13.2798,-144.387,240.011],"tool":false,"touchDistance":0.515939,"touchZone":"hovering","type":0,"width":19.7488},{"bases":[[[0.852925,-0.512359,-0.10004],[0.521823,0.83134,0.191242],[-0.0148171,-0.215318,0.976432]],[[0.85252,-0.500294,-0.15138],[0.452094,0.851123,-0.266833],[0.262338,0.159043,0.951779]],[[0.85252,-0.500294,-0.15138],[0.395379,0.806661,-0.439287],[0.341885,0.314649,0.8855]],[[0.85252,-0.500294,-0.15138],[0.348869,0.760286,-0.547955],[0.389231,0.414331,0.822696]]],"btipPosition":[-46.5428,260.235,-56.0772],"carpPosition":[-22.0696,265.771,88.4408],"dipPosition":[-40.0571,267.139,-42.3689],"direction":[-0.341885,-0.314649,-0.8855],"extended":true,"handId":997,"id":9971,"length":57.352,"mcpPosition":[-21.0064,281.22,18.383],"pipPosition":[-31.9982,274.556,-21.4957],"stabilizedTipPosition":[-32.5392,287.052,-98.2908],"timeVisible":6.61945,"tipPosition":[-44.2685,263.581,-53.4884],"tipVelocity":[-55.8047,-211.945,251.694],"tool":false,"touchDistance":0.795573,"touchZone":"hovering","type":1,"width":18.8641},{"bases":[[[0.741542,-0.670904,0.00167303],[0.658056,0.727823,0.192966],[-0.13068,-0.141992,0.981204]],[[0.739119,-0.673307,0.0190019],[0.351623,0.361623,-0.863476],[0.574513,0.644893,0.504032]],[[0.739119,-0.673307,0.0190019],[-0.438809,-0.502719,-0.744795],[0.511029,0.542154,-0.667023]],[[0.739119,-0.673307,0.0190019],[-0.651108,-0.721406,-0.235866],[0.172518,0.16196,-0.9716]]],"btipPosition":[-46.5112,222.531,32.858],"carpPosition":[-11.0625,261.188,87.0089],"dipPosition":[-43.3495,225.499,15.0515],"direction":[-0.511029,-0.542154,0.667023],"extended":false,"handId":997,"id":9972,"length":65.348,"mcpPosition":[-2.17093,270.85,20.2465],"pipPosition":[-29.1773,240.535,-3.44673],"stabilizedTipPosition":[-39.3718,237.95,-23.0884],"timeVisible":6.61945,"tipPosition":[-45.7139,223.243,27.7612],"tipVelocity":[-39.3766,-107.357,279.137],"tool":false,"touchDistance":0.333333,"touchZone":"none","type":2,"width":18.527},{"bases":[[[0.662498,-0.737431,0.131496],[0.704853,0.673133,0.223773],[-0.253531,-0.0555641,0.96573]],[[0.672184,-0.734591,0.0924401],[0.39114,0.246322,-0.886755],[0.628632,0.63222,0.452902]],[[0.672184,-0.734591,0.0924401],[-0.478125,-0.526015,-0.703352],[0.565301,0.428584,-0.704805]],[[0.672184,-0.734591,0.0924401],[-0.708289,-0.674376,-0.208669],[0.215626,0.0747899,-0.973608]]],"btipPosition":[-32.6445,216.847,44.4644],"carpPosition":[-1.53932,253.942,86.4132],"dipPosition":[-28.7154,218.21,26.7237],"direction":[-0.565301,-0.428584,0.704805],"extended":false,"handId":997,"id":9973,"length":62.8339,"mcpPosition":[13.9488,257.337,27.4171],"pipPosition":[-13.4431,229.788,7.68245],"stabilizedTipPosition":[-25.6425,230.469,-13.2712],"timeVisible":6.61945,"tipPosition":[-31.6832,217.067,39.2115],"tipVelocity":[-39.9992,-97.3165,285.499],"tool":false,"touchDistance":0.333333,"touchZone":"none","type":3,"width":17.6296},{"bases":[[[0.503072,-0.839922,0.203591],[0.774129,0.542669,0.325936],[-0.384244,-0.00636366,0.92321]],[[0.498943,-0.839942,0.213431],[0.556182,0.121477,-0.822135],[0.664619,0.528905,0.52777]],[[0.498943,-0.839942,0.213431],[-0.462281,-0.466262,-0.754252],[0.733043,0.277663,-0.620928]],[[0.498943,-0.839942,0.213431],[-0.784294,-0.542405,-0.301132],[0.3687,-0.017145,-0.92939]]],"btipPosition":[-17.6235,218.227,43.8661],"carpPosition":[3.74677,241.114,86.8061],"dipPosition":[-11.4256,217.939,28.2429],"direction":[-0.733043,-0.277663,0.620928],"extended":false,"handId":997,"id":9974,"length":49.2606,"mcpPosition":[25.4758,241.474,34.5985],"pipPosition":[2.55703,223.235,16.3988],"stabilizedTipPosition":[-10.6536,231.415,-9.80946],"timeVisible":6.61945,"tipPosition":[-16.1393,218.257,39.7269],"tipVelocity":[-40.931,-99.6165,275.651],"tool":false,"touchDistance":0.333333,"touchZone":"none","type":4,"width":15.66}],"r":[[0.990746,0.135676,0.00390033],[-0.13223,0.971269,-0.197868],[-0.0306342,0.195521,0.980221]],"s":0.982963,"t":[-17.41,-67.3878,12.7719],"timestamp":669711779610},false],[1,{"currentFrameRate":51.5869,"devices":[],"gestures":[{"center":[-37.5094,269.763,-28.8731],"duration":56561,"handIds":[997],"id":4,"normal":[-0.926669,0.329238,0.181344],"pointableIds":[9971],"progress":0.788318,"radius":27.6902,"state":"update","type":"circle"}],"hands":[{"armBasis":[[0.750679,-0.648946,-0.123896],[0.622784,0.75767,-0.195135],[0.220504,0.0693229,0.972919]],"armWidth":62.1429,"confidence":0.665054,"direction":[0.340312,0.41948,-0.841561],"elbow":[55.1458,302.103,341.522],"grabStrength":0.32609,"id":997,"palmNormal":[-0.536969,-0.648005,-0.540142],"palmPosition":[7.00439,307.937,38.7755],"palmVelocity":[-14.668,88.9963,-155.364],"palmWidth":88.738,"pinchStrength":0.561377,"r":[[0.993264,0.0584679,0.100036],[-0.0545588,0.997653,-0.0413786],[-0.102221,0.035642,0.994123]],"s":0.907198,"sphereCenter":[-7.72714,277.397,0.0305437],"sphereRadius":46.1856,"stabilizedPalmPosition":[6.96858,293.021,56.8208],"t":[-3.27533,-22.8292,16.8649],"timeVisible":7.37409,"type":"right","wrist":[-2.91687,283.849,85.3356]}],"id":4981945,"interactionBox":{"center":[0,200,0],"size":[235.247,235.247,147.751]},"pointables":[{"bases":[[[0.857302,0.40564,0.317001],[-0.513904,0.637704,0.573792],[0.0306002,-0.654821,0.755164]],[[0.808639,0.583394,0.0758637],[-0.541069,0.686874,0.485229],[0.230971,-0.433423,0.87109]],[[0.808639,0.583394,0.0758637],[-0.587222,0.808233,0.0439263],[-0.0356892,-0.0800693,0.99615]],[[0.808639,0.583394,0.0758637],[-0.517059,0.766287,-0.381384],[-0.28063,0.269176,0.921299]]],"btipPosition":[-34.8217,310.917,-13.972],"carpPosition":[-31.1695,293.299,82.5863],"dipPosition":[-41.2269,317.061,7.05603],"direction":[0.0356892,0.0800693,-0.99615],"extended":false,"handId":997,"id":9970,"length":50.8265,"mcpPosition":[-31.1695,293.299,82.5863],"pipPosition":[-42.4136,314.399,40.1798],"stabilizedTipPosition":[-34.5413,297.986,9.16547],"timeVisible":7.37409,"tipPosition":[-35.2814,312.634,-8.69016],"tipVelocity":[-36.7185,104.651,-156.775],"tool":false,"touchDistance":-0.372284,"touchZone":"touching","type":0,"width":19.7488},{"bases":[[[0.818095,-0.556253,-0.145956],[0.561568,0.718012,0.411218],[-0.123943,-0.41838,0.899776]],[[0.819587,-0.550954,-0.157247],[0.528623,0.832991,-0.163352],[0.220984,0.0507569,0.973956]],[[0.819587,-0.550954,-0.157247],[0.476194,0.807639,-0.347792],[0.318616,0.210166,0.924291]],[[0.819587,-0.550954,-0.157247],[0.432703,0.775092,-0.460435],[0.375559,0.309326,0.873655]]],"btipPosition":[-25.4413,322.816,-57.6436],"carpPosition":[-11.3067,305.033,84.0671],"dipPosition":[-19.1835,327.97,-43.0861],"direction":[-0.318616,-0.210166,-0.924291],"extended":true,"handId":997,"id":9971,"length":57.352,"mcpPosition":[-2.41398,335.051,19.5093],"pipPosition":[-11.673,332.924,-21.2986],"stabilizedTipPosition":[-23.9738,317.676,-46.8508],"timeVisible":7.37409,"tipPosition":[-24.1537,324.44,-54.1883],"tipVelocity":[-12.9627,118.862,-156.942],"tool":false,"touchDistance":-0.252896,"touchZone":"touching","type":1,"width":18.8641},{"bases":[[[0.686028,-0.721862,-0.0910011],[0.688935,0.604274,0.400277],[-0.233955,-0.337295,0.911865]],[[0.680408,-0.729502,-0.0697955],[0.46969,0.507215,-0.722582],[0.562526,0.458868,0.687753]],[[0.680408,-0.729502,-0.0697955],[-0.389685,-0.279504,-0.87751],[0.620637,0.624263,-0.474453]],[[0.680408,-0.729502,-0.0697955],[-0.673686,-0.585164,-0.451365],[0.28843,0.354133,-0.889606]]],"btipPosition":[-33.607,277.435,17.5866],"carpPosition":[-0.584806,299.857,82.499],"dipPosition":[-28.321,283.925,1.28287],"direction":[-0.620637,-0.624263,0.474453],"extended":false,"handId":997,"id":9972,"length":65.348,"mcpPosition":[15.3338,322.807,20.4546],"pipPosition":[-11.1091,301.237,-11.8749],"stabilizedTipPosition":[-33.523,258.503,42.7335],"timeVisible":7.37409,"tipPosition":[-32.3729,278.815,14.9317],"tipVelocity":[-23.8469,99.3587,-154.864],"tool":false,"touchDistance":0.333333,"touchZone":"none","type":2,"width":18.527},{"bases":[[[0.590222,-0.807115,0.0142652],[0.728379,0.540096,0.421617],[-0.347998,-0.238457,0.906662]],[[0.60089,-0.799204,-0.0142974],[0.509551,0.39677,-0.7635],[0.615865,0.451494,0.64565]],[[0.60089,-0.799204,-0.0142974],[-0.42813,-0.306686,-0.850087],[0.675008,0.51693,-0.526448]],[[0.60089,-0.799204,-0.0142974],[-0.727747,-0.53959,-0.423351],[0.330629,0.264792,-0.905853]]],"btipPosition":[-21.4511,268.155,28.2437],"carpPosition":[8.3863,292.052,81.036],"dipPosition":[-15.4265,272.98,11.7376],"direction":[-0.675008,-0.51693,0.526448],"extended":false,"handId":997,"id":9973,"length":62.8339,"mcpPosition":[29.6454,306.619,25.6483],"pipPosition":[2.80981,286.946,-2.48512],"stabilizedTipPosition":[-21.3592,246.398,51.7682],"timeVisible":7.37409,"tipPosition":[-20.0018,269.257,25.3836],"tipVelocity":[-24.4692,95.7098,-153.749],"tool":false,"touchDistance":0.333333,"touchZone":"none","type":3,"width":17.6296},{"bases":[[[0.417461,-0.907359,0.0492449],[0.777687,0.384782,0.497137],[-0.470031,-0.169238,0.866273]],[[0.415498,-0.908057,0.0528555],[0.627632,0.244156,-0.739234],[0.658361,0.340324,0.671372]],[[0.415498,-0.908057,0.0528555],[-0.432471,-0.248338,-0.866774],[0.800206,0.337285,-0.495892]],[[0.415498,-0.908057,0.0528555],[-0.792766,-0.39001,-0.468417],[0.445963,0.152724,-0.881925]]],"btipPosition":[-6.24131,267.837,31.109],"carpPosition":[12.6418,279.004,78.9641],"dipPosition":[1.25542,270.405,16.2836],"direction":[-0.800206,-0.337285,0.495892],"extended":false,"handId":997,"id":9974,"length":49.2606,"mcpPosition":[39.2221,288.574,29.9762],"pipPosition":[16.5191,276.838,6.82463],"stabilizedTipPosition":[-5.45788,249.134,53.1767],"timeVisible":7.37409,"tipPosition":[-4.50999,268.468,28.1149],"tipVelocity":[-24.2319,92.6215,-157.182],"tool":false,"touchDistance":0.333333,"touchZone":"none","type":4,"width":15.66}],"r":[[0.993264,0.0584679,0.100036],[-0.0545588,0.997653,-0.0413786],[-0.102221,0.035642,0.994123]],"s":0.907198,"t":[-3.27533,-22.8292,16.8649],"timestamp":669712534241},false],[2,{"currentFrameRate":51.7077,"devices":[],"gestures":[{"center":[-37.5094,269.763,-28.8731],"duration":56561,"handIds":[997],"id":4,"normal":[-0.926669,0.329238,0.181344],"pointableIds":[9971],"progress":0.788318,"radius":27.6902,"state":"update","type":"circle"}],"hands":[{"armBasis":[[0.74645,-0.654823,-0.118403],[0.62864,0.752268,-0.197243],[0.21823,0.0727986,0.973178]],"armWidth":62.1429,"confidence":0.670801,"direction":[0.343337,0.421841,-0.839148],"elbow":[53.943,304.315,339.027],"grabStrength":0.323176,"id":997,"palmNormal":[-0.543389,-0.639525,-0.543817],"palmPosition":[6.57623,309.445,36.36],"palmVelocity":[-18.5867,84.5065,-141.873],"palmWidth":88.738,"pinchStrength":0.559088,"r":[[0.993337,0.0550248,0.101266],[-0.051783,0.998067,-0.0343695],[-0.102961,0.0288966,0.994266]],"s":0.908569,"sphereCenter":[-8.36923,279.161,-2.62087],"sphereRadius":46.2797,"stabilizedPalmPosition":[6.95473,293.6,56.0986],"t":[-3.62833,-21.2447,14.2077],"timeVisible":7.39298,"type":"right","wrist":[-3.52081,285.146,82.7719]}],"id":4981946,"interactionBox":{"center":[0,200,0],"size":[235.247,235.247,147.751]},"pointables":[{"bases":[[[0.861279,0.395703,0.318776],[-0.507502,0.638613,0.578459],[0.025324,-0.659994,0.750844]],[[0.813356,0.576652,0.0769672],[-0.53485,0.689143,0.488894],[0.22888,-0.438811,0.868941]],[[0.813356,0.576652,0.0769672],[-0.580851,0.812354,0.0518911],[-0.0326015,-0.0869125,0.995682]],[[0.813356,0.576652,0.0769672],[-0.514386,0.774636,-0.367894],[-0.271768,0.259638,0.926677]]],"btipPosition":[-35.5438,313.197,-16.4481],"carpPosition":[-31.6884,294.871,80.1128],"dipPosition":[-41.7467,319.123,4.7027],"direction":[0.0326015,0.0869125,-0.995682],"extended":false,"handId":997,"id":9970,"length":50.8265,"mcpPosition":[-31.6884,294.871,80.1128],"pipPosition":[-42.8307,316.233,37.8109],"stabilizedTipPosition":[-34.7462,299.384,7.41555],"timeVisible":7.39298,"tipPosition":[-35.9401,314.825,-11.1274],"tipVelocity":[-36.2453,111.2,-143.431],"tool":false,"touchDistance":-0.400107,"touchZone":"touching","type":0,"width":19.7488},{"bases":[[[0.812832,-0.562745,-0.150409],[0.568505,0.710144,0.415328],[-0.126912,-0.4231,0.897151]],[[0.814286,-0.557666,-0.161082],[0.536753,0.829041,-0.156802],[0.220987,0.04122,0.974405]],[[0.814286,-0.557666,-0.161082],[0.485424,0.806378,-0.337814],[0.31828,0.196884,0.927327]],[[0.814286,-0.557666,-0.161082],[0.442821,0.77622,-0.448768],[0.375298,0.294094,0.879011]]],"btipPosition":[-25.6271,325.501,-60.0519],"carpPosition":[-11.7177,306.413,81.6501],"dipPosition":[-19.3736,330.402,-45.4052],"direction":[-0.31828,-0.196883,-0.927327],"extended":true,"handId":997,"id":9971,"length":57.352,"mcpPosition":[-2.61191,336.77,17.2806],"pipPosition":[-11.8711,335.043,-23.5461],"stabilizedTipPosition":[-24.0242,319.777,-49.158],"timeVisible":7.39298,"tipPosition":[-24.3898,326.946,-56.5381],"tipVelocity":[-11.4541,128.752,-141.957],"tool":false,"touchDistance":-0.291757,"touchZone":"touching","type":1,"width":18.8641},{"bases":[[[0.679307,-0.727495,-0.0964022],[0.694815,0.595321,0.403516],[-0.236166,-0.341093,0.90988]],[[0.673637,-0.735223,-0.075237],[0.47363,0.507607,-0.719729],[0.567352,0.449201,0.690167]],[[0.673637,-0.735223,-0.075237],[-0.393055,-0.270188,-0.878923],[0.625877,0.621647,-0.470992]],[[0.673637,-0.735223,-0.075237],[-0.679439,-0.576016,-0.454497],[0.290819,0.357285,-0.887565]]],"btipPosition":[-34.3328,279.455,15.0133],"carpPosition":[-1.04505,301.15,80.0374],"dipPosition":[-29.003,286.003,-1.25306],"direction":[-0.625877,-0.621647,0.470992],"extended":false,"handId":997,"id":9972,"length":65.348,"mcpPosition":[15.024,324.358,18.1281],"pipPosition":[-11.6458,303.243,-14.3149],"stabilizedTipPosition":[-33.5153,258.918,42.1528],"timeVisible":7.39298,"tipPosition":[-33.0885,280.841,12.3646],"tipVelocity":[-30.7271,103.415,-145.489],"tool":false,"touchDistance":0.333333,"touchZone":"none","type":2,"width":18.527},{"bases":[[[0.582825,-0.812554,0.0084022],[0.73369,0.530646,0.424397],[-0.349304,-0.241185,0.905437]],[[0.593373,-0.804687,-0.0196704],[0.517257,0.399919,-0.756644],[0.616728,0.438798,0.653531]],[[0.593373,-0.804687,-0.0196704],[-0.426581,-0.293648,-0.855453],[0.682595,0.515994,-0.517507]],[[0.593373,-0.804687,-0.0196704],[-0.731414,-0.528817,-0.430564],[0.336067,0.269872,-0.902346]]],"btipPosition":[-22.2464,270.028,25.1481],"carpPosition":[7.85286,293.272,78.5144],"dipPosition":[-16.1227,274.946,8.70592],"direction":[-0.682595,-0.515994,0.517507],"extended":false,"handId":997,"id":9973,"length":62.8339,"mcpPosition":[29.1917,308.006,23.2016],"pipPosition":[2.31857,288.886,-5.27526],"stabilizedTipPosition":[-21.3521,246.734,51.3555],"timeVisible":7.39298,"tipPosition":[-20.7826,271.133,22.3795],"tipVelocity":[-32.5185,97.9462,-158.315],"tool":false,"touchDistance":0.333333,"touchZone":"none","type":3,"width":17.6296},{"bases":[[[0.409187,-0.911441,0.0429013],[0.781647,0.374398,0.498852],[-0.470737,-0.17059,0.865625]],[[0.407177,-0.91216,0.0465902],[0.629172,0.243147,-0.738256],[0.662079,0.329914,0.67291]],[[0.407177,-0.91216,0.0465902],[-0.435547,-0.238754,-0.867926],[0.802811,0.333108,-0.494504]],[[0.407177,-0.91216,0.0465902],[-0.796761,-0.379677,-0.470125],[0.446518,0.154303,-0.88137]]],"btipPosition":[-7.04357,269.522,28.4459],"carpPosition":[11.9869,280.2,76.3532],"dipPosition":[0.46248,272.116,13.6299],"direction":[-0.802811,-0.333108,0.494504],"extended":false,"handId":997,"id":9974,"length":49.2606,"mcpPosition":[38.6071,289.847,27.402],"pipPosition":[15.7759,278.47,4.19736],"stabilizedTipPosition":[-5.45595,249.421,52.7917],"timeVisible":7.39298,"tipPosition":[-5.30924,270.155,25.4511],"tipVelocity":[-33.1139,91.0856,-149.167],"tool":false,"touchDistance":0.333333,"touchZone":"none","type":4,"width":15.66}],"r":[[0.993337,0.0550248,0.101266],[-0.051783,0.998067,-0.0343695],[-0.102961,0.0288966,0.994266]],"s":0.908569,"t":[-3.62833,-21.2447,14.2077],"timestamp":669712553135},false],[3,{"currentFrameRate":51.82,"devices":[],"gestures":[{"center":[-37.5094,269.763,-28.8731],"duration":56561,"handIds":[997],"id":4,"normal":[-0.926669,0.329238,0.181344],"pointableIds":[9971],"progress":0.788318,"radius":27.6902,"state":"update","type":"circle"}],"hands":[{"armBasis":[[0.737486,-0.663379,-0.126659],[0.637001,0.745561,-0.19588],[0.224375,0.0637772,0.972414]],"armWidth":62.1429,"confidence":0.67505,"direction":[0.338485,0.420855,-0.841611],"elbow":[55.4263,303.425,335.758],"grabStrength":0.317163,"id":997,"palmNormal":[-0.558548,-0.629928,-0.539643],"palmPosition":[6.18741,310.994,33.2711],"palmVelocity":[-19.5685,83.2904,-152.507],"palmWidth":88.738,"pinchStrength":0.557961,"r":[[0.993773,0.049546,0.0998007],[-0.0469898,0.998508,-0.0278047],[-0.101029,0.0229419,0.994619]],"s":0.909637,"sphereCenter":[-9.60059,281.017,-5.69708],"sphereRadius":46.3376,"stabilizedPalmPosition":[6.93196,294.116,55.4212],"t":[-3.99925,-19.6779,11.3347],"timeVisible":7.41186,"type":"right","wrist":[-3.6556,286.632,79.7044]}],"id":4981947,"interactionBox":{"center":[0,200,0],"size":[235.247,235.247,147.751]},"pointables":[{"bases":[[[0.870352,0.382886,0.309654],[-0.491751,0.64279,0.587369],[0.0258529,-0.66349,0.747738]],[[0.821245,0.566566,0.0675299],[-0.520112,0.694685,0.496886],[0.234607,-0.443188,0.865184]],[[0.821245,0.566566,0.0675299],[-0.570245,0.819031,0.0633163],[-0.0194362,-0.0905068,0.995706]],[[0.821245,0.566566,0.0675299],[-0.511029,0.783009,-0.354608],[-0.253785,0.25671,0.932573]]],"btipPosition":[-36.7045,315.466,-19.0768],"carpPosition":[-31.7221,296.74,77.4366],"dipPosition":[-42.497,321.325,2.2086],"direction":[0.0194362,0.0905068,-0.995706],"extended":false,"handId":997,"id":9970,"length":50.8265,"mcpPosition":[-31.7221,296.74,77.4366],"pipPosition":[-43.1433,318.316,35.3176],"stabilizedTipPosition":[-35.0604,301.048,5.35356],"timeVisible":7.41186,"tipPosition":[-37.0027,317.077,-13.7345],"tipVelocity":[-46.1567,115.185,-140.555],"tool":false,"touchDistance":-0.427395,"touchZone":"touching","type":0,"width":19.7488},{"bases":[[[0.803348,-0.572812,-0.162845],[0.583006,0.70076,0.411144],[-0.121393,-0.425231,0.896907]],[[0.804669,-0.567966,-0.172979],[0.546854,0.822452,-0.156601],[0.231211,0.031418,0.972396]],[[0.804669,-0.567966,-0.172979],[0.494993,0.802639,-0.332795],[0.327855,0.182166,0.926998]],[[0.804669,-0.567966,-0.172979],[0.452279,0.775127,-0.44116],[0.384644,0.276753,0.8806]]],"btipPosition":[-26.6974,328.298,-62.8464],"carpPosition":[-11.5822,308.01,78.7727],"dipPosition":[-20.2882,332.909,-48.1732],"direction":[-0.327855,-0.182166,-0.926998],"extended":true,"handId":997,"id":9971,"length":57.352,"mcpPosition":[-2.87239,338.52,14.4207],"pipPosition":[-12.5599,337.204,-26.3218],"stabilizedTipPosition":[-24.3111,322.07,-51.6256],"timeVisible":7.41186,"tipPosition":[-25.4964,329.508,-59.2728],"tipVelocity":[-32.6883,136.505,-144.752],"tool":false,"touchDistance":-0.33274,"touchZone":"touching","type":1,"width":18.8641},{"bases":[[[0.668323,-0.73601,-0.10786],[0.707622,0.584325,0.397285],[-0.22938,-0.341839,0.911334]],[[0.662773,-0.743807,-0.0865069],[0.470762,0.503717,-0.724328],[0.582335,0.439341,0.684006]],[[0.662773,-0.743807,-0.0865069],[-0.408238,-0.262062,-0.874451],[0.627753,0.614878,-0.477338]],[[0.662773,-0.743807,-0.0865069],[-0.692886,-0.56535,-0.447536],[0.283973,0.356554,-0.890072]]],"btipPosition":[-35.3816,281.633,12.3938],"carpPosition":[-1.0013,302.613,77.0055],"dipPosition":[-30.1773,288.168,-3.91845],"direction":[-0.627752,-0.614878,0.477338],"extended":false,"handId":997,"id":9972,"length":65.348,"mcpPosition":[14.606,325.872,14.9971],"pipPosition":[-12.7681,305.22,-17.1563],"stabilizedTipPosition":[-33.5299,259.444,41.4251],"timeVisible":7.41186,"tipPosition":[-34.1531,283.021,9.65916],"tipVelocity":[-43.6377,109.19,-142.442],"tool":false,"touchDistance":0.333333,"touchZone":"none","type":2,"width":18.527},{"bases":[[[0.572026,-0.820233,-0.00221442],[0.745889,0.519052,0.417413],[-0.341226,-0.240423,0.908714]],[[0.582145,-0.812536,-0.0298663],[0.519845,0.400186,-0.754727],[0.625195,0.423834,0.655359]],[[0.582145,-0.812536,-0.0298663],[-0.433667,-0.279212,-0.856722],[0.687779,0.511688,-0.514913]],[[0.582145,-0.812536,-0.0298663],[-0.741265,-0.515271,-0.430142],[0.334117,0.272544,-0.902267]]],"btipPosition":[-23.2947,272.054,21.6215],"carpPosition":[7.77147,294.625,75.3392],"dipPosition":[-17.2065,277.02,5.18077],"direction":[-0.687779,-0.511688,0.514913],"extended":false,"handId":997,"id":9973,"length":62.8339,"mcpPosition":[28.6169,309.312,19.8262],"pipPosition":[1.37476,290.844,-8.73031],"stabilizedTipPosition":[-21.3594,247.09,50.905],"timeVisible":7.41186,"tipPosition":[-21.8353,273.152,18.9615],"tipVelocity":[-44.0003,102.806,-172.242],"tool":false,"touchDistance":0.333333,"touchZone":"none","type":3,"width":17.6296},{"bases":[[[0.39753,-0.916958,0.0340362],[0.792684,0.361864,0.490619],[-0.462193,-0.168056,0.870709]],[[0.395225,-0.917783,0.0383685],[0.625287,0.238199,-0.743154],[0.672915,0.317704,0.668019]],[[0.395225,-0.917783,0.0383685],[-0.447138,-0.228702,-0.864733],[0.802412,0.324608,-0.500764]],[[0.395225,-0.917783,0.0383685],[-0.806769,-0.366785,-0.463242],[0.439229,0.15213,-0.885401]]],"btipPosition":[-8.05295,271.307,25.2336],"carpPosition":[11.7041,281.508,73.0727],"dipPosition":[-0.669431,273.864,10.3499],"direction":[-0.802412,-0.324608,0.500764],"extended":false,"handId":997,"id":9974,"length":49.2606,"mcpPosition":[37.8412,291.012,23.834],"pipPosition":[14.6364,280.056,0.797956],"stabilizedTipPosition":[-5.46775,249.716,52.385],"timeVisible":7.41186,"tipPosition":[-6.34556,271.921,22.2512],"tipVelocity":[-43.8127,92.5455,-159.833],"tool":false,"touchDistance":0.333333,"touchZone":"none","type":4,"width":15.66}],"r":[[0.993773,0.049546,0.0998007],[-0.0469898,0.998508,-0.0278047],[-0.101029,0.0229419,0.994619]],"s":0.909637,"t":[-3.99925,-19.6779,11.3347],"timestamp":669712572019},false],[4,{"currentFrameRate":51.8221,"devices":[],"gestures":[{"center":[-37.5094,269.763,-28.8731],"duration":56561,"handIds":[997],"id":4,"normal":[-0.926669,0.329238,0.181344],"pointableIds":[9971],"progress":0.788318,"radius":27.6902,"state":"update","type":"circle"}],"hands":[{"armBasis":[[0.729906,-0.674932,-0.108184],[0.6464,0.733004,-0.211831],[0.222271,0.0846865,0.9713]],"armWidth":62.1429,"confidence":0.684171,"direction":[0.33935,0.406076,-0.848495],"elbow":[54.1117,310.753,332.232],"grabStrength":0.310482,"id":997,"palmNormal":[-0.571517,-0.627438,-0.528856],"palmPosition":[5.49309,312.135,29.7013],"palmVelocity":[-27.7397,71.2766,-168.702],"palmWidth":88.738,"pinchStrength":0.555209,"r":[[0.994359,0.0423711,0.0972312],[-0.0401406,0.998887,-0.0247845],[-0.0981731,0.0207417,0.994953]],"s":0.910896,"sphereCenter":[-10.951,281.878,-8.89407],"sphereRadius":46.4409,"stabilizedPalmPosition":[6.90042,294.511,54.8574],"t":[-4.53187,-18.3242,8.11327],"timeVisible":7.43115,"type":"right","wrist":[-4.41616,288.454,76.4718]}],"id":4981948,"interactionBox":{"center":[0,200,0],"size":[235.247,235.247,147.751]},"pointables":[{"bases":[[[0.878044,0.373085,0.299745],[-0.478135,0.656825,0.583068],[0.0206536,-0.655278,0.755106]],[[0.829621,0.555675,0.0543496],[-0.506645,0.708349,0.491479],[0.234604,-0.435277,0.869192]],[[0.829621,0.555675,0.0543496],[-0.558221,0.827416,0.0614149],[-0.010843,-0.0812903,0.996631]],[[0.829621,0.555675,0.0543496],[-0.504333,0.787595,-0.354038],[-0.239535,0.266307,0.933651]]],"btipPosition":[-37.9337,316.777,-22.4981],"carpPosition":[-32.3405,298.962,74.2658],"dipPosition":[-43.401,322.855,-1.18808],"direction":[0.010843,0.0812903,-0.996632],"extended":false,"handId":997,"id":9970,"length":50.8265,"mcpPosition":[-32.3405,298.962,74.2658],"pipPosition":[-43.7615,320.152,31.9517],"stabilizedTipPosition":[-35.4116,302.504,3.40244],"timeVisible":7.43115,"tipPosition":[-38.1363,318.375,-17.1654],"tipVelocity":[-52.9673,92.9941,-158.721],"tool":false,"touchDistance":-0.464223,"touchZone":"touching","type":0,"width":19.7488},{"bases":[[[0.793505,-0.586784,-0.16135],[0.59621,0.696427,0.399403],[-0.121995,-0.413127,0.902465]],[[0.794758,-0.582357,-0.17094],[0.559466,0.812136,-0.16563],[0.235282,0.0360005,0.97126]],[[0.794758,-0.582357,-0.17094],[0.508396,0.79262,-0.336582],[0.331501,0.180596,0.926009]],[[0.794758,-0.582357,-0.17094],[0.466409,0.766249,-0.441956],[0.388359,0.27152,0.880599]]],"btipPosition":[-27.4144,329.29,-66.6014],"carpPosition":[-12.0239,309.938,75.3455],"dipPosition":[-20.9433,333.814,-51.9282],"direction":[-0.331501,-0.180596,-0.926009],"extended":true,"handId":997,"id":9971,"length":57.352,"mcpPosition":[-3.27093,339.58,10.5947],"pipPosition":[-13.129,338.071,-30.1002],"stabilizedTipPosition":[-24.5901,323.497,-53.6299],"timeVisible":7.43115,"tipPosition":[-26.2762,330.32,-62.9773],"tipVelocity":[-34.5505,93.6671,-169.582],"tool":false,"touchDistance":-0.384125,"touchZone":"touching","type":1,"width":18.8641},{"bases":[[[0.656384,-0.747273,-0.103649],[0.718955,0.577959,0.386092],[-0.228611,-0.327943,0.916619]],[[0.650835,-0.754767,-0.0820979],[0.473915,0.488359,-0.732741],[0.593142,0.437986,0.675537]],[[0.650835,-0.754767,-0.0820979],[-0.417553,-0.265534,-0.868988],[0.634084,0.599849,-0.487974]],[[0.650835,-0.754767,-0.0820979],[-0.704189,-0.559703,-0.436865],[0.283781,0.342139,-0.895773]]],"btipPosition":[-36.6504,283.18,9.39972],"carpPosition":[-1.53768,304.361,73.5734],"dipPosition":[-31.4496,289.451,-7.01702],"direction":[-0.634084,-0.599849,0.487974],"extended":false,"handId":997,"id":9972,"length":65.348,"mcpPosition":[14.0173,326.675,11.2055],"pipPosition":[-13.8648,306.086,-20.5498],"stabilizedTipPosition":[-33.5721,259.996,40.6395],"timeVisible":7.43115,"tipPosition":[-35.419,284.518,6.63014],"tipVelocity":[-54.6717,93.2086,-149.419],"tool":false,"touchDistance":0.333333,"touchZone":"none","type":2,"width":18.527},{"bases":[[[0.55951,-0.828816,0.00356036],[0.75636,0.512344,0.406723],[-0.338922,-0.224872,0.913545]],[[0.569503,-0.821637,-0.0240664],[0.527147,0.387534,-0.756263],[0.6307,0.418007,0.653825]],[[0.569503,-0.821637,-0.0240664],[-0.436581,-0.277542,-0.855785],[0.696465,0.497879,-0.516772]],[[0.569503,-0.821637,-0.0240664],[-0.749541,-0.507067,-0.425524],[0.337423,0.260376,-0.904627]]],"btipPosition":[-24.6396,273.55,18.0905],"carpPosition":[7.10209,296.222,71.9433],"dipPosition":[-18.4912,278.294,1.60678],"direction":[-0.696465,-0.497879,0.516772],"extended":false,"handId":997,"id":9973,"length":62.8339,"mcpPosition":[27.8067,309.959,16.1351],"pipPosition":[0.324761,291.745,-12.3545],"stabilizedTipPosition":[-21.3825,247.431,50.4513],"timeVisible":7.43115,"tipPosition":[-23.1725,274.601,15.5026],"tipVelocity":[-56.4385,88.9255,-177.877],"tool":false,"touchDistance":0.333333,"touchZone":"none","type":3,"width":17.6296},{"bases":[[[0.383807,-0.922457,0.0420177],[0.801242,0.355302,0.481426],[-0.459024,-0.151109,0.875479]],[[0.381504,-0.923202,0.0464007],[0.624067,0.220209,-0.749699],[0.681906,0.314971,0.66015]],[[0.381504,-0.923202,0.0464007],[-0.456043,-0.231644,-0.859282],[0.804039,0.306659,-0.509393]],[[0.381504,-0.923202,0.0464007],[-0.815174,-0.359682,-0.454004],[0.435827,0.13538,-0.88979]]],"btipPosition":[-9.39941,272.58,22.2032],"carpPosition":[10.8208,283.022,69.8022],"dipPosition":[-2.07307,274.856,7.24565],"direction":[-0.804039,-0.306659,0.509393],"extended":false,"handId":997,"id":9974,"length":49.2606,"mcpPosition":[36.7786,291.567,20.2938],"pipPosition":[13.2638,280.706,-2.47088],"stabilizedTipPosition":[-5.49514,250.001,51.9751],"timeVisible":7.43115,"tipPosition":[-7.70192,273.135,19.1999],"tipVelocity":[-57.0806,77.6862,-158.915],"tool":false,"touchDistance":0.333333,"touchZone":"none","type":4,"width":15.66}],"r":[[0.994359,0.0423711,0.0972312],[-0.0401406,0.998887,-0.0247845],[-0.0981731,0.0207417,0.994953]],"s":0.910896,"t":[-4.53187,-18.3242,8.11327],"timestamp":669712591308},false],[5,{"currentFrameRate":52.0451,"devices":[],"gestures":[{"center":[-37.5094,269.763,-28.8731],"duration":56561,"handIds":[997],"id":4,"normal":[-0.926669,0.329238,0.181344],"pointableIds":[9971],"progress":0.788318,"radius":27.6902,"state":"stop","type":"circle"}],"hands":[{"armBasis":[[0.727191,-0.677114,-0.112739],[0.649158,0.731749,-0.207698],[0.223131,0.0778506,0.971675]],"armWidth":62.1429,"confidence":0.648411,"direction":[0.334888,0.40501,-0.850774],"elbow":[54.1506,309.798,329.041],"grabStrength":0.299164,"id":997,"palmNormal":[-0.577756,-0.624999,-0.524951],"palmPosition":[5.06487,312.955,26.3496],"palmVelocity":[-25.5928,58.4438,-175.198],"palmWidth":88.738,"pinchStrength":0.559872,"r":[[0.994951,0.0358411,0.0937401],[-0.0338956,0.999177,-0.0222648],[-0.0944609,0.0189751,0.995348]],"s":0.912714,"sphereCenter":[-11.7931,282.824,-12.1796],"sphereRadius":46.5025,"stabilizedPalmPosition":[6.87541,294.763,54.4689],"t":[-5.01229,-17.237,4.82668],"timeVisible":7.44955,"type":"right","wrist":[-4.60386,289.298,73.1824]}],"id":4981949,"interactionBox":{"center":[0,200,0],"size":[235.247,235.247,147.751]},"pointables":[{"bases":[[[0.88163,0.369511,0.293581],[-0.471358,0.658518,0.586665],[0.0234508,-0.655603,0.754742]],[[0.831502,0.553554,0.0467199],[-0.501065,0.711019,0.493342],[0.239873,-0.433624,0.86858]],[[0.831502,0.553554,0.0467199],[-0.555519,0.828829,0.0666411],[-0.00183337,-0.081366,0.996683]],[[0.831502,0.553554,0.0467199],[-0.505555,0.788889,-0.349383],[-0.230259,0.266893,0.935815]]],"btipPosition":[-38.8625,317.641,-25.6061],"carpPosition":[-32.5014,299.917,71.179],"dipPosition":[-44.118,323.733,-4.24675],"direction":[0.00183337,0.081366,-0.996683],"extended":false,"handId":997,"id":9970,"length":50.8265,"mcpPosition":[-32.5014,299.917,71.179],"pipPosition":[-44.1789,321.027,28.8947],"stabilizedTipPosition":[-35.6917,303.498,1.95391],"timeVisible":7.44955,"tipPosition":[-39.0245,319.282,-20.2699],"tipVelocity":[-50.4994,70.9351,-163.347],"tool":false,"touchDistance":-0.492585,"touchZone":"touching","type":0,"width":19.7488},{"bases":[[[0.790005,-0.589864,-0.167188],[0.601797,0.693932,0.395346],[-0.117183,-0.412939,0.903189]],[[0.791182,-0.585535,-0.176578],[0.563211,0.810115,-0.16281],[0.23838,0.0293614,0.970728]],[[0.791182,-0.585535,-0.176578],[0.513863,0.793016,-0.327216],[0.331626,0.16815,0.928305]],[[0.791182,-0.585535,-0.176578],[0.47348,0.769188,-0.429145],[0.387102,0.255926,0.885807]]],"btipPosition":[-27.9819,330.983,-70.0005],"carpPosition":[-12.1344,310.813,72.1169],"dipPosition":[-21.5317,335.247,-55.2405],"direction":[-0.331626,-0.16815,-0.928305],"extended":true,"handId":997,"id":9971,"length":57.352,"mcpPosition":[-3.72666,340.441,7.31426],"pipPosition":[-13.7146,339.211,-33.3584],"stabilizedTipPosition":[-24.8158,324.498,-55.1645],"timeVisible":7.44955,"tipPosition":[-26.9553,331.722,-66.2828],"tipVelocity":[-32.8955,91.3086,-176.369],"tool":false,"touchDistance":-0.424733,"touchZone":"touching","type":1,"width":18.8641},{"bases":[[[0.652666,-0.749829,-0.108558],[0.723975,0.574984,0.381122],[-0.223357,-0.327339,0.918129]],[[0.647179,-0.757389,-0.0867299],[0.472338,0.487683,-0.734208],[0.598378,0.434198,0.673362]],[[0.647179,-0.757389,-0.0867299],[-0.422981,-0.262104,-0.867403],[0.634229,0.59805,-0.489989]],[[0.647179,-0.757389,-0.0867299],[-0.708968,-0.556144,-0.433669],[0.280222,0.34215,-0.896888]]],"btipPosition":[-37.3383,284.201,6.1705],"carpPosition":[-1.68323,305.195,70.2683],"dipPosition":[-32.2028,290.472,-10.2667],"direction":[-0.634229,-0.59805,0.489989],"extended":false,"handId":997,"id":9972,"length":65.348,"mcpPosition":[13.5143,327.468,7.79765],"pipPosition":[-14.6139,307.057,-23.8554],"stabilizedTipPosition":[-33.614,260.412,40.0197],"timeVisible":7.44955,"tipPosition":[-36.1182,285.534,3.40207],"tipVelocity":[-46.7513,75.0556,-162.11],"tool":false,"touchDistance":0.333333,"touchZone":"none","type":2,"width":18.527},{"bases":[[[0.556237,-0.831023,-0.000684131],[0.761265,0.509215,0.401466],[-0.333279,-0.223831,0.915874]],[[0.565997,-0.823925,-0.0281945],[0.522642,0.385059,-0.760641],[0.637568,0.415785,0.64856]],[[0.565997,-0.823925,-0.0281945],[-0.444525,-0.276208,-0.852119],[0.694294,0.49483,-0.522588]],[[0.565997,-0.823925,-0.0281945],[-0.754828,-0.504173,-0.419576],[0.331484,0.258761,-0.907282]]],"btipPosition":[-25.3064,274.495,15.014],"carpPosition":[6.91241,297.022,68.5741],"dipPosition":[-19.2662,279.21,-1.51808],"direction":[-0.694294,-0.49483,0.522588],"extended":false,"handId":997,"id":9973,"length":62.8339,"mcpPosition":[27.2723,310.696,12.6237],"pipPosition":[-0.5089,292.579,-15.6365],"stabilizedTipPosition":[-21.4057,247.688,50.0929],"timeVisible":7.44955,"tipPosition":[-23.8548,275.541,12.3526],"tipVelocity":[-47.3745,70.6898,-173.048],"tool":false,"touchDistance":0.333333,"touchZone":"none","type":3,"width":17.6296},{"bases":[[[0.380445,-0.923981,0.0389985],[0.806058,0.351973,0.4758],[-0.453357,-0.149581,0.878689]],[[0.378162,-0.924721,0.043414],[0.620413,0.218351,-0.753267],[0.687082,0.311791,0.656281]],[[0.378162,-0.924721,0.043414],[-0.462023,-0.229166,-0.856748],[0.802202,0.303931,-0.513904]],[[0.378162,-0.924721,0.043414],[-0.819402,-0.356177,-0.449131],[0.430784,0.134271,-0.89241]]],"btipPosition":[-10.0359,273.461,18.8856],"carpPosition":[10.5635,283.808,66.4026],"dipPosition":[-2.79432,275.718,3.884],"direction":[-0.802202,-0.303931,0.513904],"extended":false,"handId":997,"id":9974,"length":49.2606,"mcpPosition":[36.2008,292.267,16.7127],"pipPosition":[12.5075,281.515,-5.91858],"stabilizedTipPosition":[-5.51968,250.206,51.6633],"timeVisible":7.44955,"tipPosition":[-8.35652,274.01,15.8802],"tipVelocity":[-46.7734,63.2232,-169.49],"tool":false,"touchDistance":0.333333,"touchZone":"none","type":4,"width":15.66}],"r":[[0.994951,0.0358411,0.0937401],[-0.0338956,0.999177,-0.0222648],[-0.0944609,0.0189751,0.995348]],"s":0.912714,"t":[-5.01229,-17.237,4.82668],"timestamp":669712609704},false],[6,{"currentFrameRate":51.9995,"devices":[],"gestures":[],"hands":[{"armBasis":[[0.728887,-0.675561,-0.111089],[0.648935,0.733437,-0.202368],[0.218189,0.0754137,0.972988]],"armWidth":62.1429,"confidence":0.616792,"direction":[0.329475,0.406209,-0.852314],"elbow":[52.6549,310.935,327.187],"grabStrength":0.286501,"id":997,"palmNormal":[-0.580715,-0.624593,-0.522163],"palmPosition":[4.57225,314.797,24.1203],"palmVelocity":[-25.4944,76.6742,-145.097],"palmWidth":88.738,"pinchStrength":0.571222,"r":[[0.995495,0.0306823,0.0897168],[-0.0290017,0.99938,-0.0199761],[-0.0902741,0.0172842,0.995767]],"s":0.914785,"sphereCenter":[-12.5318,284.764,-14.3888],"sphereRadius":46.5641,"stabilizedPalmPosition":[6.84325,295.043,54.0451],"t":[-5.49881,-15.7725,2.06877],"timeVisible":7.46895,"type":"right","wrist":[-4.79812,291.078,70.9823]}],"id":4981950,"interactionBox":{"center":[0,200,0],"size":[235.247,235.247,147.751]},"pointables":[{"bases":[[[0.883266,0.369522,0.288608],[-0.468013,0.657588,0.590374],[0.0283707,-0.65653,0.753766]],[[0.830645,0.555372,0.0398854],[-0.499349,0.711332,0.494628],[0.246331,-0.430777,0.868189]],[[0.830645,0.555372,0.0398854],[-0.556763,0.827607,0.071287],[0.00658133,-0.081421,0.996658]],[[0.830645,0.555372,0.0398854],[-0.510069,0.787701,-0.345481],[-0.223288,0.266628,0.937578]]],"btipPosition":[-39.8263,319.28,-27.6416],"carpPosition":[-32.7119,301.687,69.1639],"dipPosition":[-44.9227,325.366,-6.24201],"direction":[-0.00658133,0.081421,-0.996658],"extended":false,"handId":997,"id":9970,"length":50.8265,"mcpPosition":[-32.7119,301.687,69.1639],"pipPosition":[-44.7038,322.659,26.8986],"stabilizedTipPosition":[-36.0026,304.505,0.508513],"timeVisible":7.46895,"tipPosition":[-39.9726,320.995,-22.3017],"tipVelocity":[-49.151,77.6814,-133.939],"tool":false,"touchDistance":-0.502054,"touchZone":"touching","type":0,"width":19.7488},{"bases":[[[0.789208,-0.589319,-0.172782],[0.603929,0.693697,0.392498],[-0.111448,-0.41411,0.903378]],[[0.790305,-0.585062,-0.181994],[0.563784,0.810685,-0.157915],[0.23993,0.0221961,0.970536]],[[0.790305,-0.585062,-0.181994],[0.516509,0.795931,-0.315773],[0.329601,0.155556,0.931217]],[[0.790305,-0.585062,-0.181994],[0.477992,0.774538,-0.414263],[0.38333,0.240402,0.891776]]],"btipPosition":[-28.5574,333.7,-72.3011],"carpPosition":[-12.3441,312.591,69.99],"dipPosition":[-22.1701,337.706,-57.4417],"direction":[-0.329601,-0.155556,-0.931217],"extended":true,"handId":997,"id":9971,"length":57.352,"mcpPosition":[-4.3478,342.303,5.17375],"pipPosition":[-14.4006,341.373,-35.4908],"stabilizedTipPosition":[-25.0954,325.744,-56.8527],"timeVisible":7.46895,"tipPosition":[-27.6427,334.164,-68.4983],"tipVelocity":[-31.6564,114.137,-146.932],"tool":false,"touchDistance":-0.444759,"touchZone":"touching","type":1,"width":18.8641},{"bases":[[[0.652299,-0.749415,-0.113506],[0.726066,0.574819,0.377374],[-0.217564,-0.328574,0.919078]],[[0.646848,-0.757139,-0.0912532],[0.472149,0.491563,-0.731738],[0.598885,0.430239,0.675449]],[[0.646848,-0.757139,-0.0912532],[-0.423454,-0.257074,-0.868677],[0.634251,0.600544,-0.486902]],[[0.646848,-0.757139,-0.0912532],[-0.710004,-0.554219,-0.434438],[0.278356,0.345806,-0.896067]]],"btipPosition":[-37.9416,286.12,3.7089],"carpPosition":[-1.90213,306.98,68.0701],"dipPosition":[-32.8402,292.457,-12.7132],"direction":[-0.634251,-0.600544,0.486902],"extended":false,"handId":997,"id":9972,"length":65.348,"mcpPosition":[12.9012,329.336,5.53486],"pipPosition":[-15.2508,309.112,-26.2163],"stabilizedTipPosition":[-33.6647,260.849,39.3746],"timeVisible":7.46895,"tipPosition":[-36.7291,287.45,1.01128],"tipVelocity":[-39.1385,87.3597,-144.438],"tool":false,"touchDistance":0.333333,"touchZone":"none","type":2,"width":18.527},{"bases":[[[0.55657,-0.830784,-0.00514217],[0.763509,0.509041,0.397406],[-0.327542,-0.225111,0.917628]],[[0.566044,-0.82374,-0.0323662],[0.515939,0.38461,-0.765429],[0.642963,0.416567,0.642706]],[[0.566044,-0.82374,-0.0323662],[-0.451764,-0.277116,-0.848007],[0.689568,0.494631,-0.528996]],[[0.566044,-0.82374,-0.0323662],[-0.757904,-0.504555,-0.413529],[0.32431,0.258606,-0.909916]]],"btipPosition":[-25.8596,276.338,13.1218],"carpPosition":[6.68634,298.813,66.3129],"dipPosition":[-19.9502,281.05,-3.4583],"direction":[-0.689568,-0.494631,0.528996],"extended":false,"handId":997,"id":9973,"length":62.8339,"mcpPosition":[26.6957,312.564,10.2553],"pipPosition":[-1.32058,294.413,-17.7499],"stabilizedTipPosition":[-21.4375,247.994,49.6738],"timeVisible":7.46