{"sensorType":"Leap","data":[[0,{"currentFrameRate":53.0358,"devices":[],"gestures":[],"hands":[{"armBasis":[[0.706605,-0.701948,-0.0893203],[0.676699,0.707234,-0.204693],[0.206854,0.0841942,0.974742]],"armWidth":62.1429,"confidence":0.647153,"direction":[0.427365,0.427994,-0.796354],"elbow":[44.2682,310.187,341.747],"grabStrength":0.467763,"id":997,"palmNormal":[-0.539888,-0.585723,-0.604524],"palmPosition":[4.64075,313.206,40.4512],"palmVelocity":[-14.0484,156.935,-168.419],"palmWidth":88.738,"pinchStrength":0.716349,"r":[[0.981405,0.0160152,0.191277],[-0.0163352,0.999867,0.0000958435],[-0.19125,-0.00321861,0.981536]],"s":0.825019,"sphereCenter":[-9.10337,285.041,0.146007],"sphereRadius":44.6261,"stabilizedPalmPosition":[2.63286,284.743,48.17],"t":[-5.65184,-18.8417,18.8023],"timeVisible":36.0139,"type":"right","wrist":[-10.2002,288.017,85.08]}],"id":4983446,"interactionBox":{"center":[0,200,0],"size":[235.247,235.247,147.751]},"pointables":[{"bases":[[[0.858092,0.330434,0.393054],[-0.508957,0.648848,0.565649],[-0.0681224,-0.685427,0.724948]],[[0.836693,0.527303,0.147974],[-0.531657,0.717157,0.450585],[0.131474,-0.455673,0.880385]],[[0.836693,0.527303,0.147974],[-0.529512,0.847863,-0.0273152],[-0.139865,-0.0554995,0.988614]],[[0.836693,0.527303,0.147974],[-0.357656,0.730696,-0.58152],[-0.414761,0.43363,0.799962]]],"btipPosition":[-29.7576,313.687,-13.1555],"carpPosition":[-37.4746,299.556,80.8352],"dipPosition":[-39.2243,323.584,5.10308],"direction":[0.139865,0.0554995,-0.988614],"extended":false,"handId":997,"id":9970,"length":50.8265,"mcpPosition":[-37.4746,299.556,80.8352],"pipPosition":[-43.875,321.739,37.9762],"stabilizedTipPosition":[-31.8085,293.656,0.349159],"timeVisible":36.0139,"tipPosition":[-31.233,316.406,-8.55287],"tipVelocity":[-23.5283,200.635,-175.759],"tool":false,"touchDistance":-0.38253,"touchZone":"hovering","type":0,"width":19.7488},{"bases":[[[0.786636,-0.606662,-0.114734],[0.578349,0.658973,0.480902],[-0.216139,-0.444651,0.869235]],[[0.783182,-0.613501,-0.101209],[0.593164,0.78598,-0.174332],[0.186501,0.0765005,0.979472]],[[0.783182,-0.613501,-0.101209],[0.554247,0.762574,-0.333602],[0.281844,0.205176,0.937265]],[[0.783182,-0.613501,-0.101209],[0.522158,0.737292,-0.428662],[0.337605,0.282873,0.897778]]],"btipPosition":[-21.5911,328.925,-56.2542],"carpPosition":[-17.0154,309.777,84.2041],"dipPosition":[-15.9656,333.639,-41.2948],"direction":[-0.281844,-0.205176,-0.937265],"extended":true,"handId":997,"id":9971,"length":57.352,"mcpPosition":[-1.50772,341.681,21.8376],"pipPosition":[-9.32195,338.475,-19.2014],"stabilizedTipPosition":[-20.5291,318.677,-46.6657],"timeVisible":36.0139,"tipPosition":[-20.3145,330.194,-52.7352],"tipVelocity":[3.59629,252.608,-164.505],"tool":false,"touchDistance":-0.25616,"touchZone":"hovering","type":1,"width":18.8641},{"bases":[[[0.640006,-0.764549,-0.0765321],[0.698127,0.537001,0.473549],[-0.320954,-0.356503,0.877436]],[[0.62963,-0.775349,-0.0489895],[0.55346,0.491909,-0.672092],[0.545204,0.396056,0.738845]],[[0.62963,-0.775349,-0.0489895],[-0.275664,-0.164011,-0.947159],[0.726344,0.609864,-0.317002]],[[0.62963,-0.775349,-0.0489895],[-0.616705,-0.46046,-0.638476],[0.472484,0.432216,-0.768081]]],"btipPosition":[-39.1795,284.725,11.5749],"carpPosition":[-6.58634,303.92,83.1401],"dipPosition":[-30.5203,292.646,-2.50167],"direction":[-0.726344,-0.609864,0.317002],"extended":false,"handId":997,"id":9972,"length":65.348,"mcpPosition":[15.2517,328.177,23.4383],"pipPosition":[-10.3769,309.559,-11.293],"stabilizedTipPosition":[-38.2208,256.729,17.7316],"timeVisible":36.0139,"tipPosition":[-37.2345,286.526,8.65529],"tipVelocity":[-18.0588,190.676,-194.579],"tool":false,"touchDistance":0.333333,"touchZone":"none","type":2,"width":18.527},{"bases":[[[0.531338,-0.84697,0.0179452],[0.731482,0.469367,0.4946],[-0.427334,-0.249673,0.868935]],[[0.538265,-0.842767,0.00371165],[0.601044,0.380785,-0.702673],[0.590777,0.380455,0.711503]],[[0.538265,-0.842767,0.00371165],[-0.297922,-0.194395,-0.934587],[0.788361,0.50195,-0.355715]],[[0.538265,-0.842767,0.00371165],[-0.658126,-0.42308,-0.622795],[0.526442,0.332786,-0.782376]]],"btipPosition":[-28.6142,274.612,21.7219],"carpPosition":[1.91375,295.562,81.9415],"dipPosition":[-19.0216,280.675,7.46575],"direction":[-0.788361,-0.50195,0.355715],"extended":false,"handId":997,"id":9973,"length":62.8339,"mcpPosition":[28.0195,310.814,28.8585],"pipPosition":[2.2771,294.236,-2.14438],"stabilizedTipPosition":[-27.7881,240.326,27.4897],"timeVisible":36.0139,"tipPosition":[-26.4947,275.971,19.2014],"tipVelocity":[-19.0856,179.98,-208.122],"tool":false,"touchDistance":0.333333,"touchZone":"none","type":3,"width":17.6296},{"bases":[[[0.350093,-0.936007,0.0364238],[0.764572,0.308004,0.566183],[-0.541169,-0.170368,0.823475]],[[0.360939,-0.932379,0.0198028],[0.69278,0.25385,-0.674993],[0.624323,0.257351,0.737558]],[[0.360939,-0.932379,0.0198028],[-0.291695,-0.133038,-0.947214],[0.885797,0.336111,-0.319989]],[[0.360939,-0.932379,0.0198028],[-0.693806,-0.282652,-0.662375],[0.623182,0.225338,-0.748911]]],"btipPosition":[-12.8904,272.899,26.2665],"carpPosition":[5.40772,282.339,79.575],"dipPosition":[-2.41464,276.687,13.6771],"direction":[-0.885797,-0.336111,0.319989],"extended":false,"handId":997,"id":9974,"length":49.2606,"mcpPosition":[36.0109,291.973,33.0074],"pipPosition":[14.4817,283.099,7.57342],"stabilizedTipPosition":[-11.5019,240.587,32.0966],"timeVisible":36.0139,"tipPosition":[-10.4614,273.811,23.3617],"tipVelocity":[-20.7996,173.698,-204.104],"tool":false,"touchDistance":0.333333,"touchZone":"none","type":4,"width":15.66}],"r":[[0.981405,0.0160152,0.191277],[-0.0163352,0.999867,0.0000958435],[-0.19125,-0.00321861,0.981536]],"s":0.825019,"t":[-5.65184,-18.8417,18.8023],"timestamp":669741174044},false],[1,{"currentFrameRate":53.0516,"devices":[],"gestures":[],"hands":[{"armBasis":[[0.703097,-0.705364,-0.0900896],[0.681667,0.704639,-0.197014],[0.202447,0.0771087,0.976253]],"armWidth":62.1429,"confidence":0.572211,"direction":[0.422548,0.428865,-0.798453],"elbow":[43.1807,311.162,339.862],"grabStrength":0.457302,"id":997,"palmNormal":[-0.550717,-0.578191,-0.602002],"palmPosition":[4.45414,316.168,38.1512],"palmVelocity":[-12.0366,157.268,-145.935],"palmWidth":88.738,"pinchStrength":0.711778,"r":[[0.981796,0.0108272,0.189628],[-0.0131311,0.999854,0.0108974],[-0.189483,-0.0131891,0.981795]],"s":0.82598,"sphereCenter":[-9.80475,288.11,-2.28649],"sphereRadius":44.8285,"stabilizedPalmPosition":[2.80092,287.643,47.2455],"t":[-5.87764,-15.8895,16.072],"timeVisible":36.0327,"type":"right","wrist":[-10.1272,290.858,82.7972]}],"id":4983447,"interactionBox":{"center":[0,200,0],"size":[235.247,235.247,147.751]},"pointables":[{"bases":[[[0.864689,0.321533,0.385914],[-0.497937,0.649809,0.574288],[-0.0661179,-0.688742,0.721986]],[[0.841781,0.521365,0.139941],[-0.52153,0.71855,0.460101],[0.139326,-0.460288,0.876769]],[[0.841781,0.521365,0.139941],[-0.525292,0.850861,-0.0102083],[-0.124393,-0.0649169,0.990107]],[[0.841781,0.521365,0.139941],[-0.365305,0.741035,-0.563399],[-0.397438,0.423138,0.814247]]],"btipPosition":[-30.9263,317.543,-15.2953],"carpPosition":[-37.3511,302.635,78.8951],"dipPosition":[-39.9975,327.201,3.28938],"direction":[0.124393,0.0649169,-0.990107],"extended":false,"handId":997,"id":9970,"length":50.8265,"mcpPosition":[-37.3511,302.635,78.8951],"pipPosition":[-44.1338,325.042,36.2122],"stabilizedTipPosition":[-32.0427,298.734,-1.86231],"timeVisible":36.0327,"tipPosition":[-32.2321,320.049,-10.5977],"tipVelocity":[-40.0461,201.435,-143.575],"tool":false,"touchDistance":-0.403581,"touchZone":"hovering","type":0,"width":19.7488},{"bases":[[[0.780564,-0.612235,-0.126047],[0.588486,0.651797,0.478378],[-0.210723,-0.447581,0.869061]],[[0.777089,-0.619324,-0.112114],[0.599029,0.782433,-0.170187],[0.193123,0.065091,0.979013]],[[0.777089,-0.619324,-0.112114],[0.560105,0.761735,-0.325641],[0.287079,0.190257,0.938823]],[[0.777089,-0.619324,-0.112114],[0.528229,0.73861,-0.418842],[0.342208,0.266256,0.901111]]],"btipPosition":[-22.2195,333.141,-58.4123],"carpPosition":[-16.7777,312.676,82.1066],"dipPosition":[-16.5173,337.578,-43.3974],"direction":[-0.287079,-0.190257,-0.938823],"extended":true,"handId":997,"id":9971,"length":57.352,"mcpPosition":[-1.6586,344.79,19.7525],"pipPosition":[-9.75027,342.063,-21.2673],"stabilizedTipPosition":[-20.6833,324.979,-50.0406],"timeVisible":36.0327,"tipPosition":[-21.0626,334.146,-54.8095],"tipVelocity":[-14.0343,237.139,-139.912],"tool":false,"touchDistance":-0.291057,"touchZone":"hovering","type":1,"width":18.8641},{"bases":[[[0.633082,-0.769161,-0.0871672],[0.707208,0.528923,0.469145],[-0.314743,-0.358653,0.878809]],[[0.622935,-0.779995,-0.0596567],[0.551345,0.491865,-0.67386],[0.554951,0.38688,0.736446]],[[0.622935,-0.779995,-0.0596567],[-0.28533,-0.155544,-0.945723],[0.728381,0.606146,-0.31945]],[[0.622935,-0.779995,-0.0596567],[-0.626211,-0.451503,-0.635614],[0.468841,0.433304,-0.769699]]],"btipPosition":[-39.8707,288.208,9.45577],"carpPosition":[-6.40706,306.743,80.9041],"dipPosition":[-31.2783,296.15,-4.65042],"direction":[-0.728381,-0.606146,0.31945],"extended":false,"handId":997,"id":9972,"length":65.348,"mcpPosition":[15.0085,331.146,21.1089],"pipPosition":[-11.0784,312.96,-13.5096],"stabilizedTipPosition":[-38.1809,260.8,16.3234],"timeVisible":36.0327,"tipPosition":[-37.9424,290.006,6.56005],"tipVelocity":[-27.6013,188.192,-154.792],"tool":false,"touchDistance":0.333333,"touchZone":"none","type":2,"width":18.527},{"bases":[[[0.524739,-0.851226,0.0079904],[0.740238,0.460916,0.489494],[-0.420353,-0.250942,0.87197]],[[0.532264,-0.846542,-0.00779941],[0.605472,0.387098,-0.695384],[0.591691,0.365405,0.718596]],[[0.532264,-0.846542,-0.00779941],[-0.296944,-0.178061,-0.938146],[0.792792,0.501658,-0.346151]],[[0.532264,-0.846542,-0.00779941],[-0.662082,-0.410508,-0.627001],[0.527582,0.338894,-0.778979]]],"btipPosition":[-29.1213,278.004,18.5393],"carpPosition":[2.01349,298.324,79.5737],"dipPosition":[-19.5079,284.179,4.3451],"direction":[-0.792792,-0.501658,0.346151],"extended":false,"handId":997,"id":9973,"length":62.8339,"mcpPosition":[27.6927,313.654,26.3053],"pipPosition":[1.91048,297.732,-5.00665],"stabilizedTipPosition":[-27.7228,243.237,26.5802],"timeVisible":36.0327,"tipPosition":[-27.0379,279.371,16.2864],"tipVelocity":[-22.8188,180.895,-188.813],"tool":false,"touchDistance":0.333333,"touchZone":"none","type":3,"width":17.6296},{"bases":[[[0.342991,-0.938925,0.0278686],[0.772778,0.298915,0.559878],[-0.534014,-0.170497,0.828106]],[[0.353209,-0.935469,0.0119195],[0.689321,0.251614,-0.679358],[0.632519,0.248171,0.73371]],[[0.353209,-0.935469,0.0119195],[-0.300543,-0.125524,-0.945472],[0.885956,0.330367,-0.325485]],[[0.353209,-0.935469,0.0119195],[-0.701898,-0.273399,-0.657717],[0.618532,0.223945,-0.753171]]],"btipPosition":[-13.5326,276.104,23.8402],"carpPosition":[5.37764,285.087,77.1015],"dipPosition":[-3.13499,279.869,11.1793],"direction":[-0.885956,-0.330367,0.325485],"extended":false,"handId":997,"id":9974,"length":49.2606,"mcpPosition":[35.5762,294.728,30.2721],"pipPosition":[13.7644,286.17,4.97074],"stabilizedTipPosition":[-11.4735,243.454,31.2164],"timeVisible":36.0327,"tipPosition":[-11.1271,276.999,20.955],"tipVelocity":[-27.7984,172.006,-167.898],"tool":false,"touchDistance":0.333333,"touchZone":"none","type":4,"width":15.66}],"r":[[0.981796,0.0108272,0.189628],[-0.0131311,0.999854,0.0108974],[-0.189483,-0.0131891,0.981795]],"s":0.82598,"t":[-5.87764,-15.8895,16.072],"timestamp":669741192837},false],[2,{"currentFrameRate":53.0464,"devices":[],"gestures":[],"hands":[{"armBasis":[[0.707353,-0.702677,-0.0767954],[0.677374,0.704885,-0.210482],[0.202032,0.0968656,0.974577]],"armWidth":62.1429,"confidence":0.520903,"direction":[0.424579,0.437995,-0.792397],"elbow":[42.3852,318.404,335.991],"grabStrength":0.445679,"id":997,"palmNormal":[-0.546793,-0.573521,-0.609992],"palmPosition":[3.87798,318.694,35.0379],"palmVelocity":[-21.0972,145.809,-155.267],"palmWidth":88.738,"pinchStrength":0.710892,"r":[[0.98194,0.00681971,0.189068],[-0.0110901,0.999707,0.0215376],[-0.188866,-0.0232454,0.981728]],"s":0.82688,"sphereCenter":[-10.0829,290.879,-5.83963],"sphereRadius":44.9652,"stabilizedPalmPosition":[2.89762,290.431,46.1495],"t":[-6.27862,-13.1503,13.1502],"timeVisible":36.0516,"type":"right","wrist":[-10.8135,292.898,79.3681]}],"id":4983448,"interactionBox":{"center":[0,200,0],"size":[235.247,235.247,147.751]},"pointables":[{"bases":[[[0.862298,0.319874,0.392586],[-0.501928,0.642685,0.578812],[-0.0671626,-0.696158,0.71474]],[[0.839416,0.523254,0.146921],[-0.525554,0.71262,0.464721],[0.138468,-0.467309,0.873183]],[[0.839416,0.523254,0.146921],[-0.529032,0.848602,0.000296115],[-0.124522,-0.0779742,0.989148]],[[0.839416,0.523254,0.146921],[-0.36926,0.747439,-0.552252],[-0.398782,0.409317,0.820629]]],"btipPosition":[-31.5512,320.642,-18.6536],"carpPosition":[-38.0528,304.642,75.4761],"dipPosition":[-40.6531,329.984,0.0767592],"direction":[0.124522,0.0779742,-0.989148],"extended":false,"handId":997,"id":9970,"length":50.8265,"mcpPosition":[-38.0528,304.642,75.4761],"pipPosition":[-44.7937,327.392,32.9677],"stabilizedTipPosition":[-32.3586,303.478,-4.32373],"timeVisible":36.0516,"tipPosition":[-32.8417,323.011,-13.9113],"tipVelocity":[-36.8354,181.317,-159.554],"tool":false,"touchDistance":-0.441428,"touchZone":"hovering","type":0,"width":19.7488},{"bases":[[[0.782673,-0.608899,-0.129089],[0.584858,0.648468,0.487268],[-0.212987,-0.456871,0.863658]],[[0.77903,-0.616398,-0.114737],[0.599215,0.785812,-0.153101],[0.184533,0.0505186,0.981527]],[[0.77903,-0.616398,-0.114737],[0.562566,0.767981,-0.306147],[0.276824,0.17395,0.945045]],[[0.77903,-0.616398,-0.114737],[0.532292,0.746908,-0.398488],[0.331325,0.249361,0.909969]]],"btipPosition":[-22.0152,337.112,-61.6602],"carpPosition":[-17.5189,314.704,78.8707],"dipPosition":[-16.4944,341.267,-46.4976],"direction":[-0.276824,-0.17395,-0.945045],"extended":true,"handId":997,"id":9971,"length":57.352,"mcpPosition":[-2.23731,347.484,16.9042],"pipPosition":[-9.96908,345.367,-24.2208],"stabilizedTipPosition":[-20.709,330.393,-53.4043],"timeVisible":36.0516,"tipPosition":[-21.0284,337.869,-57.9679],"tipVelocity":[-2.94009,222.374,-154.806],"tool":false,"touchDistance":-0.338493,"touchZone":"hovering","type":1,"width":18.8641},{"bases":[[[0.635454,-0.766593,-0.0923822],[0.70394,0.526003,0.477272],[-0.31728,-0.368316,0.873886]],[[0.625247,-0.777709,-0.0650759],[0.553499,0.500681,-0.665551],[0.550187,0.380114,0.74351]],[[0.625247,-0.777709,-0.0650759],[-0.280003,-0.145712,-0.948876],[0.728468,0.611503,-0.308867]],[[0.625247,-0.777709,-0.0650759],[-0.621908,-0.446136,-0.643578],[0.471484,0.442866,-0.762609]]],"btipPosition":[-40.2458,290.927,5.78108],"carpPosition":[-7.12788,308.81,77.65],"dipPosition":[-31.605,299.044,-8.19518],"direction":[-0.728468,-0.611503,0.308867],"extended":false,"handId":997,"id":9972,"length":65.348,"mcpPosition":[14.4602,333.871,18.1896],"pipPosition":[-11.4027,316.002,-16.7609],"stabilizedTipPosition":[-38.1903,264.66,14.6636],"timeVisible":36.0516,"tipPosition":[-38.3111,292.756,2.93727],"tipVelocity":[-23.5302,167.636,-173.583],"tool":false,"touchDistance":0.333333,"touchZone":"none","type":2,"width":18.527},{"bases":[[[0.526951,-0.849894,0.00151006],[0.737069,0.45788,0.497067],[-0.423146,-0.260817,0.867711]],[[0.535071,-0.844668,-0.015345],[0.613784,0.401166,-0.679953],[0.58049,0.354404,0.733095]],[[0.535071,-0.844668,-0.015345],[-0.283016,-0.162109,-0.945316],[0.795991,0.510154,-0.325794]],[[0.535071,-0.844668,-0.015345],[-0.653672,-0.402437,-0.640904],[0.535175,0.352959,-0.767468]]],"btipPosition":[-29.3807,280.703,14.1028],"carpPosition":[1.32011,300.427,76.2684],"dipPosition":[-19.629,287.135,0.118297],"direction":[-0.795991,-0.510154,0.325794],"extended":false,"handId":997,"id":9973,"length":62.8339,"mcpPosition":[27.1699,316.36,23.2603],"pipPosition":[1.87578,300.917,-8.68349],"stabilizedTipPosition":[-27.6822,245.937,25.4921],"timeVisible":36.0516,"tipPosition":[-27.2999,282.107,12.0364],"tipVelocity":[-17.5511,163.9,-210.24],"tool":false,"touchDistance":0.333333,"touchZone":"none","type":3,"width":17.6296},{"bases":[[[0.345357,-0.938263,0.0197773],[0.769757,0.295263,0.565945],[-0.536844,-0.180229,0.824206]],[[0.35494,-0.934876,0.00497636],[0.696153,0.260745,-0.668866],[0.624009,0.240872,0.743366]],[[0.35494,-0.934876,0.00497636],[-0.289955,-0.115143,-0.950088],[0.888788,0.335782,-0.311941]],[[0.35494,-0.934876,0.00497636],[-0.695421,-0.267578,-0.666927],[0.624826,0.233259,-0.745106]]],"btipPosition":[-13.8876,278.784,19.9089],"carpPosition":[4.72901,287.224,73.6765],"dipPosition":[-3.38416,282.705,7.38348],"direction":[-0.888788,-0.335782,0.311941],"extended":false,"handId":997,"id":9974,"length":49.2606,"mcpPosition":[35.0876,297.416,27.0676],"pipPosition":[13.5692,289.11,1.43329],"stabilizedTipPosition":[-11.4733,246.215,30.1353],"timeVisible":36.0516,"tipPosition":[-11.4819,279.692,17.1781],"tipVelocity":[-22.7642,158.247,-186.899],"tool":false,"touchDistance":0.333333,"touchZone":"none","type":4,"width":15.66}],"r":[[0.98194,0.00681971,0.189068],[-0.0110901,0.999707,0.0215376],[-0.188866,-0.0232454,0.981728]],"s":0.82688,"t":[-6.27862,-13.1503,13.1502],"timestamp":669741211707},false],[3,{"currentFrameRate":53.0427,"devices":[],"gestures":[],"hands":[{"armBasis":[[0.715903,-0.694385,-0.0728825],[0.671513,0.713363,-0.200457],[0.191186,0.0945665,0.976988]],"armWidth":62.1429,"confidence":0.539144,"direction":[0.415018,0.456729,-0.786866],"elbow":[40.1811,320.057,331.176],"grabStrength":0.427382,"id":997,"palmNormal":[-0.548698,-0.564234,-0.616904],"palmPosition":[3.98791,321.945,30.0024],"palmVelocity":[-7.91026,158.791,-209.946],"palmWidth":88.738,"pinchStrength":0.72419,"r":[[0.982368,0.00404225,0.186912],[-0.0106142,0.99936,0.034173],[-0.186654,-0.0355544,0.981782]],"s":0.828665,"sphereCenter":[-10.1977,294.908,-11.4018],"sphereRadius":45.0874,"stabilizedPalmPosition":[2.98214,292.874,44.8977],"t":[-6.42414,-10.1553,9.17157],"timeVisible":36.0704,"type":"right","wrist":[-10.1615,295.156,73.9184]}],"id":4983449,"interactionBox":{"center":[0,200,0],"size":[235.247,235.247,147.751]},"pointables":[{"bases":[[[0.863787,0.317028,0.391618],[-0.500648,0.627608,0.596204],[-0.0567688,-0.711056,0.70084]],[[0.837253,0.526032,0.149323],[-0.526041,0.700274,0.482595],[0.149294,-0.482604,0.863021]],[[0.837253,0.526032,0.149323],[-0.534765,0.844695,0.0227469],[-0.114167,-0.0988976,0.988527]],[[0.837253,0.526032,0.149323],[-0.379902,0.755986,-0.533066],[-0.393296,0.389583,0.832792]]],"btipPosition":[-31.998,324.702,-23.3881],"carpPosition":[-37.503,306.811,70.5038],"dipPosition":[-40.9747,333.594,-4.38019],"direction":[0.114167,0.0988976,-0.988527],"extended":false,"handId":997,"id":9970,"length":50.8265,"mcpPosition":[-37.503,306.811,70.5038],"pipPosition":[-44.771,330.305,28.49],"stabilizedTipPosition":[-32.6733,307.776,-7.03764],"timeVisible":36.0704,"tipPosition":[-33.2681,326.982,-18.584],"tipVelocity":[-29.646,195.218,-202.663],"tool":false,"touchDistance":-0.49568,"touchZone":"hovering","type":0,"width":19.7488},{"bases":[[[0.785114,-0.601329,-0.148322],[0.585242,0.641911,0.495421],[-0.202702,-0.475767,0.855896]],[[0.781616,-0.609197,-0.133995],[0.595314,0.792689,-0.131325],[0.186219,0.0228772,0.982242]],[[0.781616,-0.609197,-0.133995],[0.559723,0.779808,-0.280375],[0.275294,0.144145,0.950492]],[[0.781616,-0.609197,-0.133995],[0.530434,0.762185,-0.371098],[0.328201,0.218981,0.918875]]],"btipPosition":[-22.2171,343.057,-66.3537],"carpPosition":[-17.0003,316.927,73.927],"dipPosition":[-16.7484,346.706,-51.0427],"direction":[-0.275294,-0.144145,-0.950492],"extended":true,"handId":997,"id":9971,"length":57.352,"mcpPosition":[-2.4567,351.063,12.5175],"pipPosition":[-10.2591,350.104,-28.6375],"stabilizedTipPosition":[-20.8153,336.131,-57.4103],"timeVisible":36.0704,"tipPosition":[-21.4057,343.436,-62.5541],"tipVelocity":[-7.05238,264.786,-199.947],"tool":false,"touchDistance":-0.402868,"touchZone":"hovering","type":1,"width":18.8641},{"bases":[[[0.63916,-0.760639,-0.113593],[0.704957,0.520407,0.481884],[-0.307425,-0.388079,0.868841]],[[0.629227,-0.77241,-0.0863497],[0.550537,0.52137,-0.651983],[0.548618,0.362707,0.753301]],[[0.629227,-0.77241,-0.0863497],[-0.279673,-0.121359,-0.952394],[0.725159,0.623422,-0.292385]],[[0.629227,-0.77241,-0.0863497],[-0.621337,-0.433168,-0.652921],[0.466919,0.464488,-0.752488]]],"btipPosition":[-40.1249,294.676,-0.13259],"carpPosition":[-6.5856,311.123,72.4958],"dipPosition":[-31.5677,303.189,-13.9234],"direction":[-0.725159,-0.623422,0.292385],"extended":false,"handId":997,"id":9972,"length":65.348,"mcpPosition":[14.332,337.528,13.3788],"pipPosition":[-11.4571,320.478,-22.032],"stabilizedTipPosition":[-38.1868,268.026,12.772],"timeVisible":36.0704,"tipPosition":[-38.2358,296.536,-2.72956],"tipVelocity":[-9.36559,185.221,-240.982],"tool":false,"touchDistance":0.333333,"touchZone":"none","type":2,"width":18.527},{"bases":[[[0.53198,-0.846509,-0.020499],[0.738661,0.452097,0.499988],[-0.413977,-0.281126,0.865789]],[[0.540113,-0.840746,-0.0377249],[0.602375,0.417505,-0.680319],[0.587726,0.344725,0.731945]],[[0.540113,-0.840746,-0.0377249],[-0.294199,-0.146622,-0.94443],[0.788495,0.521198,-0.32654]],[[0.540113,-0.840746,-0.0377249],[-0.658609,-0.394348,-0.640878],[0.523939,0.370992,-0.766716]]],"btipPosition":[-29.2694,284.133,8.87779],"carpPosition":[1.89959,302.821,70.8695],"dipPosition":[-19.7224,290.893,-5.09297],"direction":[-0.788495,-0.521198,0.32654],"extended":false,"handId":997,"id":9973,"length":62.8339,"mcpPosition":[27.1893,319.995,17.9787],"pipPosition":[1.57985,304.974,-13.9149],"stabilizedTipPosition":[-27.6442,248.419,24.2543],"timeVisible":36.0704,"tipPosition":[-27.1918,285.618,6.62997],"tipVelocity":[-7.28758,174.634,-242.832],"tool":false,"touchDistance":0.333333,"touchZone":"none","type":3,"width":17.6296},{"bases":[[[0.351081,-0.936342,-0.0024844],[0.772916,0.288305,0.565226],[-0.528529,-0.200361,0.824932]],[[0.360559,-0.932575,-0.0173655],[0.688838,0.278784,-0.669165],[0.628888,0.229311,0.742911]],[[0.360559,-0.932575,-0.0173655],[-0.29749,-0.0973322,-0.949751],[0.884023,0.347607,-0.312525]],[[0.360559,-0.932575,-0.0173655],[-0.699649,-0.258097,-0.666241],[0.616837,0.252369,-0.745535]]],"btipPosition":[-13.6659,282.246,14.2029],"carpPosition":[5.36399,289.696,67.9775],"dipPosition":[-3.29678,286.488,1.6703],"direction":[-0.884023,-0.347607,0.312525],"extended":false,"handId":997,"id":9974,"length":49.2606,"mcpPosition":[35.2523,301.026,21.3275],"pipPosition":[13.5657,293.118,-4.29104],"stabilizedTipPosition":[-11.4605,248.676,28.8841],"timeVisible":36.0704,"tipPosition":[-11.292,283.224,11.4706],"tipVelocity":[-6.66238,172.53,-243.535],"tool":false,"touchDistance":0.333333,"touchZone":"none","type":4,"width":15.66}],"r":[[0.982368,0.00404225,0.186912],[-0.0106142,0.99936,0.034173],[-0.186654,-0.0355544,0.981782]],"s":0.828665,"t":[-6.42414,-10.1553,9.17157],"timestamp":669741230573},false],[4,{"currentFrameRate":52.9883,"devices":[],"gestures":[],"hands":[{"armBasis":[[0.708898,-0.702387,-0.0641546],[0.68067,0.705129,-0.198699],[0.184801,0.0971895,0.977958]],"armWidth":62.1429,"confidence":0.564114,"direction":[0.420113,0.44859,-0.788842],"elbow":[37.5535,323.03,327.748],"grabStrength":0.412797,"id":997,"palmNormal":[-0.555694,-0.560063,-0.614437],"palmPosition":[3.34217,323.881,26.2062],"palmVelocity":[-20.7174,130.542,-204.589],"palmWidth":88.738,"pinchStrength":0.734885,"r":[[0.982723,-0.000365132,0.185082],[-0.00781816,0.999024,0.0434827],[-0.184917,-0.0441785,0.981761]],"s":0.830761,"sphereCenter":[-11.1898,296.833,-15.1655],"sphereRadius":45.2054,"stabilizedPalmPosition":[3.00382,294.741,43.7723],"t":[-6.81977,-7.68968,5.28412],"timeVisible":36.0895,"type":"right","wrist":[-11.1078,297.439,70.234]}],"id":4983450,"interactionBox":{"center":[0,200,0],"size":[235.247,235.247,147.751]},"pointables":[{"bases":[[[0.867699,0.308205,0.390011],[-0.492826,0.635929,0.5939],[-0.0649762,-0.707534,0.703686]],[[0.843285,0.517294,0.145868],[-0.517748,0.709017,0.478782],[0.144248,-0.479272,0.865731]],[[0.843285,0.517294,0.145868],[-0.525343,0.850645,0.0204367],[-0.11351,-0.0938647,0.989093]],[[0.843285,0.517294,0.145868],[-0.373353,0.759034,-0.533363],[-0.386624,0.395317,0.833215]]],"btipPosition":[-32.7327,326.837,-27.2685],"carpPosition":[-38.3092,309.407,66.7838],"dipPosition":[-41.5571,335.86,-8.25089],"direction":[0.11351,0.0938647,-0.989093],"extended":false,"handId":997,"id":9970,"length":50.8265,"mcpPosition":[-38.3092,309.407,66.7838],"pipPosition":[-45.3315,332.739,24.6382],"stabilizedTipPosition":[-32.9848,310.927,-9.40192],"timeVisible":36.0895,"tipPosition":[-33.9691,329.141,-22.4538],"tipVelocity":[-33.1231,154.926,-203.019],"tool":false,"touchDistance":-0.532617,"touchZone":"hovering","type":0,"width":19.7488},{"bases":[[[0.777785,-0.611282,-0.146238],[0.593113,0.636814,0.492632],[-0.20801,-0.469897,0.857863]],[[0.774274,-0.618895,-0.13217],[0.606167,0.785279,-0.126088],[0.181826,0.0175093,0.983175]],[[0.774274,-0.618895,-0.13217],[0.572025,0.773762,-0.272175],[0.270716,0.135134,0.953127]],[[0.774274,-0.618895,-0.13217],[0.543693,0.757408,-0.361566],[0.323878,0.208091,0.922931]]],"btipPosition":[-22.1572,345.618,-70.4319],"carpPosition":[-17.6852,319.29,70.1587],"dipPosition":[-16.7605,349.085,-55.0533],"direction":[-0.270716,-0.135134,-0.953127],"extended":true,"handId":997,"id":9971,"length":57.352,"mcpPosition":[-2.76074,353.004,8.60809],"pipPosition":[-10.3791,352.271,-32.586],"stabilizedTipPosition":[-20.8516,339.843,-60.8339],"timeVisible":36.0895,"tipPosition":[-21.4665,345.795,-66.5773],"tipVelocity":[-2.44976,199.309,-206.418],"tool":false,"touchDistance":-0.451854,"touchZone":"hovering","type":1,"width":18.8641},{"bases":[[[0.629947,-0.768691,-0.110818],[0.711357,0.51383,0.479531],[-0.311669,-0.38091,0.8705]],[[0.619806,-0.78032,-0.0833131],[0.561702,0.515269,-0.647293],[0.548025,0.354399,0.757674]],[[0.619806,-0.78032,-0.0833131],[-0.27434,-0.115985,-0.954613],[0.73524,0.614531,-0.285961]],[[0.619806,-0.78032,-0.0833131],[-0.623392,-0.425091,-0.656262],[0.476679,0.458692,-0.749919]]],"btipPosition":[-41.0225,297.165,-4.42561],"carpPosition":[-7.34145,313.355,68.7465],"dipPosition":[-32.2865,305.571,-18.1693],"direction":[-0.73524,-0.614531,0.285961],"extended":false,"handId":997,"id":9972,"length":65.348,"mcpPosition":[13.8649,339.273,9.51658],"pipPosition":[-11.8963,322.613,-26.0998],"stabilizedTipPosition":[-38.2573,270.679,11.0339],"timeVisible":36.0895,"tipPosition":[-39.115,298.963,-6.86054],"tipVelocity":[-26.9085,157.584,-232.886],"tool":false,"touchDistance":0.333333,"touchZone":"none","type":2,"width":18.527},{"bases":[[[0.521787,-0.8529,-0.0173408],[0.744248,0.445193,0.497893],[-0.416933,-0.2727,0.867065]],[[0.53011,-0.847212,-0.034868],[0.606132,0.407378,-0.683115],[0.592948,0.340992,0.729478]],[[0.53011,-0.847212,-0.034868],[-0.297503,-0.147329,-0.943285],[0.794025,0.510418,-0.330149]],[[0.53011,-0.847212,-0.034868],[-0.664107,-0.389269,-0.638303],[0.527205,0.361527,-0.768995]]],"btipPosition":[-30.382,286.37,5.32677],"carpPosition":[1.04291,304.947,67.1499],"dipPosition":[-20.7754,292.958,-8.68553],"direction":[-0.794025,-0.510418,0.330149],"extended":false,"handId":997,"id":9973,"length":62.8339,"mcpPosition":[26.5132,321.606,14.1811],"pipPosition":[0.676223,306.747,-17.605],"stabilizedTipPosition":[-27.6729,250.561,23.0518],"timeVisible":36.0895,"tipPosition":[-28.2814,287.831,2.99552],"tipVelocity":[-32.1271,145.321,-215.149],"tool":false,"touchDistance":0.333333,"touchZone":"none","type":3,"width":17.6296},{"bases":[[[0.339833,-0.940485,0.00110275],[0.776566,0.281264,0.563769],[-0.530527,-0.190731,0.825932]],[[0.349451,-0.936851,-0.0139592],[0.690632,0.267621,-0.671868],[0.633176,0.225144,0.740539]],[[0.349451,-0.936851,-0.0139592],[-0.300713,-0.0980326,-0.948663],[0.887387,0.335709,-0.315981]],[[0.349451,-0.936851,-0.0139592],[-0.703797,-0.252627,-0.663964],[0.618509,0.241847,-0.747634]]],"btipPosition":[-14.8086,284.322,10.6606],"carpPosition":[4.34846,291.769,64.3088],"dipPosition":[-4.41137,288.387,-1.9073],"direction":[-0.887387,-0.335709,0.315981],"extended":false,"handId":997,"id":9974,"length":49.2606,"mcpPosition":[34.3498,302.555,17.6022],"pipPosition":[12.5153,294.791,-7.93455],"stabilizedTipPosition":[-11.5135,250.7,27.716],"timeVisible":36.0895,"tipPosition":[-12.4197,285.265,7.88094],"tipVelocity":[-32.7778,140.071,-215.243],"tool":false,"touchDistance":0.333333,"touchZone":"none","type":4,"width":15.66}],"r":[[0.982723,-0.000365132,0.185082],[-0.00781816,0.999024,0.0434827],[-0.184917,-0.0441785,0.981761]],"s":0.830761,"t":[-6.81977,-7.68968,5.28412],"timestamp":669741249641},false],[5,{"currentFrameRate":53.0214,"devices":[],"gestures":[],"hands":[{"armBasis":[[0.700387,-0.710027,-0.0729373],[0.686696,0.698173,-0.202491],[0.194697,0.0917364,0.976564]],"armWidth":62.1429,"confidence":0.589302,"direction":[0.42025,0.443061,-0.791888],"elbow":[39.8753,323.379,325.26],"grabStrength":0.4001,"id":997,"palmNormal":[-0.564518,-0.555592,-0.61044],"palmPosition":[3.08018,325.446,23.9619],"palmVelocity":[-17.4327,107.615,-163.232],"palmWidth":88.738,"pinchStrength":0.731917,"r":[[0.983184,-0.00575777,0.182525],[-0.00354116,0.998714,0.0505792],[-0.182582,-0.050375,0.981899]],"s":0.833708,"sphereCenter":[-11.9253,298.45,-17.3399],"sphereRadius":45.3216,"stabilizedPalmPosition":[3.00741,296.185,42.8407],"t":[-7.14858,-5.67433,2.21826],"timeVisible":36.1082,"type":"right","wrist":[-11.3919,299.223,68.1137]}],"id":4983451,"interactionBox":{"center":[0,200,0],"size":[235.247,235.247,147.751]},"pointables":[{"bases":[[[0.8728,0.300276,0.384779],[-0.483297,0.641789,0.595425],[-0.0681549,-0.70565,0.705275]],[[0.848884,0.509844,0.139481],[-0.50837,0.715223,0.4796],[0.144761,-0.478033,0.866331]],[[0.848884,0.509844,0.139481],[-0.517735,0.855175,0.0250287],[-0.10652,-0.0934608,0.989908]],[[0.848884,0.509844,0.139481],[-0.372031,0.763746,-0.527528],[-0.375485,0.395918,0.838009]]],"btipPosition":[-33.4271,328.797,-29.4289],"carpPosition":[-38.492,311.454,64.7892],"dipPosition":[-41.9973,337.833,-10.3018],"direction":[0.10652,0.0934608,-0.989908],"extended":false,"handId":997,"id":9970,"length":50.8265,"mcpPosition":[-38.492,311.454,64.7892],"pipPosition":[-45.5393,334.726,22.6143],"stabilizedTipPosition":[-33.2844,313.403,-11.3418],"timeVisible":36.1082,"tipPosition":[-34.5928,331.043,-24.5859],"tipVelocity":[-33.5182,130.461,-159.59],"tool":false,"touchDistance":-0.539717,"touchZone":"hovering","type":0,"width":19.7488},{"bases":[[[0.770904,-0.619194,-0.149352],[0.602034,0.63176,0.488299],[-0.207997,-0.466346,0.859801]],[[0.767474,-0.626583,-0.135563],[0.614449,0.779273,-0.123229],[0.182854,0.0112784,0.983075]],[[0.767474,-0.626583,-0.135563],[0.580796,0.769104,-0.26675],[0.271403,0.125989,0.954184]],[[0.767474,-0.626583,-0.135563],[0.552822,0.753922,-0.354948],[0.324609,0.197471,0.925005]]],"btipPosition":[-22.2977,347.865,-72.7497],"carpPosition":[-17.7533,321.138,68.0352],"dipPosition":[-16.8888,351.156,-57.3366],"direction":[-0.271403,-0.125989,-0.954184],"extended":true,"handId":997,"id":9971,"length":57.352,"mcpPosition":[-2.82982,354.598,6.34555],"pipPosition":[-10.4912,354.125,-34.8444],"stabilizedTipPosition":[-20.9117,342.455,-63.3243],"timeVisible":36.1082,"tipPosition":[-21.6805,347.886,-68.8596],"tipVelocity":[-4.83803,159.548,-165.876],"tool":false,"touchDistance":-0.469651,"touchZone":"hovering","type":1,"width":18.8641},{"bases":[[[0.621712,-0.775073,-0.112857],[0.718984,0.507591,0.474777],[-0.310702,-0.376317,0.87284]],[[0.6116,-0.786559,-0.0852634],[0.563182,0.508515,-0.651336],[0.555672,0.350339,0.753984]],[[0.6116,-0.786559,-0.0852634],[-0.280729,-0.114993,-0.952873],[0.739686,0.606714,-0.29114]],[[0.6116,-0.786559,-0.0852634],[-0.631144,-0.42007,-0.652072],[0.477077,0.452621,-0.753347]]],"btipPosition":[-41.7135,299.115,-6.37366],"carpPosition":[-7.47654,315.099,66.5777],"dipPosition":[-32.9701,307.41,-20.1802],"direction":[-0.739686,-0.606714,0.29114],"extended":false,"handId":997,"id":9972,"length":65.348,"mcpPosition":[13.664,340.704,7.1886],"pipPosition":[-12.4567,324.236,-28.2543],"stabilizedTipPosition":[-38.3651,272.941,9.49927],"timeVisible":36.1082,"tipPosition":[-39.8001,300.892,-8.83081],"tipVelocity":[-31.721,130.835,-170.404],"tool":false,"touchDistance":0.333333,"touchZone":"none","type":2,"width":18.527},{"bases":[[[0.513233,-0.858047,-0.0186483],[0.751295,0.438663,0.493083],[-0.414908,-0.267077,0.869782]],[[0.521582,-0.852426,-0.0363713],[0.605706,0.399969,-0.687855],[0.600893,0.336743,0.724936]],[[0.521582,-0.852426,-0.0363713],[-0.30507,-0.146516,-0.940992],[0.796796,0.5019,-0.336469]],[[0.521582,-0.852426,-0.0363713],[-0.671892,-0.384097,-0.633269],[0.525845,0.35474,-0.773076]]],"btipPosition":[-31.1293,288.225,3.4047],"carpPosition":[0.815568,306.606,64.9508],"dipPosition":[-21.5475,294.689,-10.682],"direction":[-0.796796,-0.5019,0.336469],"extended":false,"handId":997,"id":9973,"length":62.8339,"mcpPosition":[26.1622,322.921,11.8161],"pipPosition":[-0.0209939,308.248,-19.7721],"stabilizedTipPosition":[-27.7366,252.552,21.8882],"timeVisible":36.1082,"tipPosition":[-29.023,289.666,0.994684],"tipVelocity":[-36.053,121.974,-160.707],"tool":false,"touchDistance":0.333333,"touchZone":"none","type":3,"width":17.6296},{"bases":[[[0.330524,-0.943797,0.000931323],[0.782347,0.274535,0.559073],[-0.527907,-0.184059,0.829118]],[[0.340096,-0.940284,-0.0141879],[0.689579,0.259618,-0.676076],[0.639387,0.220147,0.736695]],[[0.340096,-0.940284,-0.0141879],[-0.306831,-0.0966923,-0.94684],[0.888926,0.326369,-0.321393]],[[0.340096,-0.940284,-0.0141879],[-0.709864,-0.2468,-0.659684],[0.616788,0.234427,-0.751409]]],"btipPosition":[-15.5445,286.042,8.58608],"carpPosition":[3.97532,293.391,62.1152],"dipPosition":[-5.17616,289.982,-4.04525],"direction":[-0.888926,-0.326369,0.321393],"extended":false,"handId":997,"id":9974,"length":49.2606,"mcpPosition":[33.8285,303.799,15.2285],"pipPosition":[11.7799,296.208,-10.1757],"stabilizedTipPosition":[-11.593,252.451,26.6515],"timeVisible":36.1082,"tipPosition":[-13.1614,286.957,5.79039],"tipVelocity":[-36.1134,115.78,-164.655],"tool":false,"touchDistance":0.333333,"touchZone":"none","type":4,"width":15.66}],"r":[[0.983184,-0.00575777,0.182525],[-0.00354116,0.998714,0.0505792],[-0.182582,-0.050375,0.981899]],"s":0.833708,"t":[-7.14858,-5.67433,2.21826],"timestamp":669741268382},false],[6,{"currentFrameRate":53.0096,"devices":[],"gestures":[],"hands":[{"armBasis":[[0.704098,-0.706684,-0.0696017],[0.68572,0.702111,-0.191907],[0.184486,0.087394,0.978942]],"armWidth":62.1429,"confidence":0.605572,"direction":[0.412601,0.450025,-0.791983],"elbow":[37.6465,323.444,323.666],"grabStrength":0.389402,"id":997,"palmNormal":[-0.569177,-0.551447,-0.609872],"palmPosition":[3.11216,327.031,21.8277],"palmVelocity":[-8.05211,95.9306,-138.532],"palmWidth":88.738,"pinchStrength":0.719983,"r":[[0.983854,-0.0100766,0.178692],[-0.000284782,0.998324,0.0578646],[-0.178975,-0.0569812,0.982202]],"s":0.837526,"sphereCenter":[-12.1246,300.187,-19.6571],"sphereRadius":45.5239,"stabilizedPalmPosition":[3.01153,297.399,42.0133],"t":[-7.297,-3.8745,-0.381771],"timeVisible":36.1271,"type":"right","wrist":[-10.9318,300.432,65.893]}],"id":4983452,"interactionBox":{"center":[0,200,0],"size":[235.247,235.247,147.751]},"pointables":[{"bases":[[[0.875782,0.298395,0.379429],[-0.478845,0.636283,0.604856],[-0.0609384,-0.71141,0.70013]],[[0.849135,0.510606,0.135096],[-0.505124,0.71032,0.490199],[0.154337,-0.484485,0.861077]],[[0.849135,0.510606,0.135096],[-0.520042,0.852963,0.0448342],[-0.0923397,-0.108326,0.989818]],[[0.849135,0.510606,0.135096],[-0.384679,0.773137,-0.504263],[-0.361928,0.376218,0.852917]]],"btipPosition":[-34.259,331.252,-31.3915],"carpPosition":[-38.0767,312.651,62.9081],"dipPosition":[-42.5197,339.839,-11.9242],"direction":[0.0923397,0.108326,-0.989818],"extended":false,"handId":997,"id":9970,"length":50.8265,"mcpPosition":[-38.0767,312.651,62.9081],"pipPosition":[-45.5902,336.237,20.989],"stabilizedTipPosition":[-33.6339,315.814,-13.2354],"timeVisible":36.1271,"tipPosition":[-35.3134,333.219,-26.4629],"tipVelocity":[-36.812,127.474,-130.195],"tool":false,"touchDistance":-0.542344,"touchZone":"hovering","type":0,"width":19.7488},{"bases":[[[0.770375,-0.616881,-0.161185],[0.605503,0.62865,0.488022],[-0.199722,-0.473558,0.857819]],[[0.767097,-0.624343,-0.147505],[0.613461,0.781149,-0.11607],[0.187691,-0.00145179,0.982227]],[[0.767097,-0.624343,-0.147505],[0.579851,0.77314,-0.256959],[0.274473,0.111581,0.955099]],[[0.767097,-0.624343,-0.147505],[0.552077,0.75956,-0.343917],[0.326762,0.182384,0.927342]]],"btipPosition":[-22.772,350.707,-74.6197],"carpPosition":[-17.323,322.338,66.048],"dipPosition":[-17.3273,353.746,-59.1676],"direction":[-0.274473,-0.111581,-0.955099],"extended":true,"handId":997,"id":9971,"length":57.352,"mcpPosition":[-2.99323,356.315,4.50055],"pipPosition":[-10.8573,356.376,-36.6539],"stabilizedTipPosition":[-21.0819,344.96,-65.4909],"timeVisible":36.1271,"tipPosition":[-22.1961,350.581,-70.707],"tipVelocity":[-14.5564,153.505,-132.792],"tool":false,"touchDistance":-0.478934,"touchZone":"hovering","type":1,"width":18.8641},{"bases":[[[0.621722,-0.773259,-0.124627],[0.722495,0.504759,0.472461],[-0.302428,-0.383782,0.872496]],[[0.611867,-0.784988,-0.097025],[0.555723,0.513935,-0.653484],[0.562842,0.345926,0.750696]],[[0.611867,-0.784988,-0.097025],[-0.29033,-0.108791,-0.950722],[0.73575,0.609885,-0.294471]],[[0.611867,-0.784988,-0.097025],[-0.636946,-0.416275,-0.648857],[0.468956,0.458814,-0.754699]]],"btipPosition":[-41.9305,300.855,-8.20566],"carpPosition":[-7.05152,316.325,64.4506],"dipPosition":[-33.336,309.264,-22.037],"direction":[-0.73575,-0.609885,0.294471],"extended":false,"handId":997,"id":9972,"length":65.348,"mcpPosition":[13.526,342.438,5.08491],"pipPosition":[-12.9317,326.177,-30.2034],"stabilizedTipPosition":[-38.4767,275.038,8.03207],"timeVisible":36.1271,"tipPosition":[-40.0322,302.671,-10.7462],"tipVelocity":[-22.6791,112.477,-134.494],"tool":false,"touchDistance":0.333333,"touchZone":"none","type":2,"width":18.527},{"bases":[[[0.514196,-0.857143,-0.030133],[0.755059,0.435732,0.489922],[-0.406803,-0.274668,0.871245]],[[0.522567,-0.851229,-0.0482955],[0.601498,0.408219,-0.686701],[0.604255,0.329798,0.725334]],[[0.522567,-0.851229,-0.0482955],[-0.309836,-0.136825,-0.940893],[0.794308,0.506644,-0.335242]],[[0.522567,-0.851229,-0.0482955],[-0.675392,-0.378719,-0.632786],[0.520355,0.363292,-0.772819]]],"btipPosition":[-31.182,289.958,0.990916],"carpPosition":[1.23717,307.857,62.6816],"dipPosition":[-21.7003,296.578,-13.0911],"direction":[-0.794308,-0.506644,0.335242],"extended":false,"handId":997,"id":9973,"length":62.8339,"mcpPosition":[26.0887,324.636,9.45747],"pipPosition":[-0.241011,310.266,-22.1481],"stabilizedTipPosition":[-27.7957,254.37,20.7605],"timeVisible":36.1271,"tipPosition":[-29.1032,291.42,-1.37381],"tipVelocity":[-20.3338,108.048,-144.472],"tool":false,"touchDistance":0.333333,"touchZone":"none","type":3,"width":17.6296},{"bases":[[[0.331783,-0.943306,-0.00962555],[0.786917,0.271121,0.554306],[-0.520271,-0.191484,0.832257]],[[0.341217,-0.939657,-0.0248031],[0.683193,0.266038,-0.680052],[0.645615,0.2151,0.732744]],[[0.341217,-0.939657,-0.0248031],[-0.315109,-0.0894857,-0.944827],[0.885594,0.330207,-0.326628]],[[0.341217,-0.939657,-0.0248031],[-0.715371,-0.242474,-0.655324],[0.609766,0.241351,-0.75494]]],"btipPosition":[-15.5955,287.725,6.30021],"carpPosition":[4.3893,294.67,59.7114],"dipPosition":[-5.34525,291.782,-6.39048],"direction":[-0.885594,-0.330207,0.326628],"extended":false,"handId":997,"id":9974,"length":49.2606,"mcpPosition":[33.8106,305.498,12.6472],"pipPosition":[11.5472,298.081,-12.6208],"stabilizedTipPosition":[-11.6639,254.011,25.6486],"timeVisible":36.1271,"tipPosition":[-13.2387,288.666,3.4907],"tipVe