{"sensorType":"Leap","data":[[0,{"currentFrameRate":53.0327,"devices":[],"gestures":[],"hands":[{"armBasis":[[0.694321,-0.717037,-0.0614613],[0.689761,0.687401,-0.227397],[0.205301,0.115493,0.971861]],"armWidth":62.1429,"confidence":0.530598,"direction":[0.445257,0.455648,-0.770799],"elbow":[44.5031,314.005,337.814],"grabStrength":0.527353,"id":997,"palmNormal":[-0.553823,-0.536279,-0.636934],"palmPosition":[6.32888,310.612,38.7307],"palmVelocity":[-12.6448,162.659,-179.229],"palmWidth":88.738,"pinchStrength":0.693389,"r":[[0.981457,-0.0236496,0.190218],[0.0205472,0.999622,0.0182656],[-0.190578,-0.0140184,0.981572]],"s":0.827322,"sphereCenter":[-7.82054,284.938,-2.66804],"sphereRadius":44.4065,"stabilizedPalmPosition":[-0.258488,279.276,28.6091],"t":[-3.98946,-21.5484,17.2785],"timeVisible":29.7123,"type":"right","wrist":[-9.55613,283.594,81.9063]}],"id":4983116,"interactionBox":{"center":[0,200,0],"size":[235.247,235.247,147.751]},"pointables":[{"bases":[[[0.865357,0.282677,0.413824],[-0.492329,0.633802,0.596579],[-0.0936435,-0.719992,0.687635]],[[0.851151,0.493945,0.177651],[-0.513091,0.711433,0.480208],[0.110809,-0.499881,0.858976]],[[0.851151,0.493945,0.177651],[-0.505712,0.862331,0.0252953],[-0.1407,-0.111371,0.983768]],[[0.851151,0.493945,0.177651],[-0.31469,0.751029,-0.580452],[-0.420133,0.438148,0.794679]]],"btipPosition":[-27.5633,314.216,-14.5197],"carpPosition":[-36.4366,296.178,78.1472],"dipPosition":[-37.1526,324.216,3.61833],"direction":[0.1407,0.111371,-0.983768],"extended":false,"handId":997,"id":9970,"length":50.8265,"mcpPosition":[-36.4366,296.178,78.1472],"pipPosition":[-41.8311,320.513,36.3303],"stabilizedTipPosition":[-35.4024,286.921,-16.952],"timeVisible":29.7123,"tipPosition":[-28.8087,317.42,-9.75733],"tipVelocity":[-32.0392,216.084,-181.641],"tool":false,"touchDistance":-0.440496,"touchZone":"hovering","type":0,"width":19.7488},{"bases":[[[0.768353,-0.623895,-0.142792],[0.595283,0.614673,0.517508],[-0.2351,-0.48263,0.84368]],[[0.768124,-0.624363,-0.141973],[0.603819,0.780103,-0.163834],[0.213045,0.0401184,0.976218]],[[0.768124,-0.624363,-0.141973],[0.554696,0.759623,-0.339538],[0.319841,0.182055,0.929816]],[[0.768124,-0.624363,-0.141973],[0.515109,0.734261,-0.442181],[0.380327,0.266519,0.885618]]],"btipPosition":[-21.6298,329.786,-55.9676],"carpPosition":[-15.6949,305.571,82.1426],"dipPosition":[-15.2925,334.227,-41.2108],"direction":[-0.319841,-0.182055,-0.929816],"extended":true,"handId":997,"id":9971,"length":57.352,"mcpPosition":[1.17327,340.199,21.6096],"pipPosition":[-7.75314,338.518,-19.293],"stabilizedTipPosition":[-20.8534,321.552,-49.8856],"timeVisible":29.7123,"tipPosition":[-20.3394,330.723,-52.3938],"tipVelocity":[7.62753,320.86,-168.704],"tool":false,"touchDistance":-0.382214,"touchZone":"hovering","type":1,"width":18.8641},{"bases":[[[0.616711,-0.778948,-0.113612],[0.711307,0.489602,0.504314],[-0.33721,-0.391829,0.856014]],[[0.60792,-0.788677,-0.0917675],[0.551538,0.502594,-0.665737],[0.571173,0.354102,0.740522]],[[0.60792,-0.788677,-0.0917675],[-0.302004,-0.122788,-0.945366],[0.734321,0.602421,-0.312829]],[[0.60792,-0.788677,-0.0917675],[-0.639447,-0.417794,-0.645411],[0.470681,0.451039,-0.758303]]],"btipPosition":[-38.3399,284.499,10.3394],"carpPosition":[-5.44399,299.457,80.8208],"dipPosition":[-29.7138,292.765,-3.55795],"direction":[-0.734321,-0.602421,0.312829],"extended":false,"handId":997,"id":9972,"length":65.348,"mcpPosition":[17.5002,326.118,22.5765],"pipPosition":[-9.34919,309.472,-12.2335],"stabilizedTipPosition":[-42.1228,249.755,-4.66929],"timeVisible":29.7123,"tipPosition":[-36.2874,286.529,6.89769],"tipVelocity":[-18.116,211.884,-212.55],"tool":false,"touchDistance":0.333333,"touchZone":"none","type":2,"width":18.527},{"bases":[[[0.504978,-0.862796,-0.0240956],[0.742438,0.419959,0.521939],[-0.440208,-0.281457,0.852642]],[[0.520709,-0.851948,-0.0552005],[0.580895,0.40094,-0.708384],[0.625639,0.336796,0.703665]],[[0.520709,-0.851948,-0.0552005],[-0.339756,-0.147473,-0.92888],[0.783216,0.502431,-0.366245]],[[0.520709,-0.851948,-0.0552005],[-0.685613,-0.378765,-0.621669],[0.508721,0.361555,-0.781333]]],"btipPosition":[-27.9957,273.27,20.607],"carpPosition":[2.80296,290.914,79.2242],"dipPosition":[-18.726,279.858,6.36986],"direction":[-0.783216,-0.502431,0.366245],"extended":false,"handId":997,"id":9973,"length":62.8339,"mcpPosition":[29.6951,308.108,27.1366],"pipPosition":[2.43367,293.432,-3.52476],"stabilizedTipPosition":[-32.3917,234.616,1.54847],"timeVisible":29.7123,"tipPosition":[-25.8036,274.81,17.364],"tipVelocity":[-17.014,197.2,-248.071],"tool":false,"touchDistance":0.333333,"touchZone":"none","type":3,"width":17.6296},{"bases":[[[0.320974,-0.947022,-0.0111556],[0.770115,0.254123,0.585102],[-0.55127,-0.196394,0.810883]],[[0.346408,-0.9368,-0.0490716],[0.673309,0.284718,-0.682343],[0.65319,0.203329,0.729384]],[[0.346408,-0.9368,-0.0490716],[-0.328253,-0.0720453,-0.941838],[0.878778,0.342368,-0.332464]],[[0.346408,-0.9368,-0.0490716],[-0.716417,-0.230421,-0.658523],[0.605597,0.263274,-0.750959]]],"btipPosition":[-12.3887,270.869,24.1407],"carpPosition":[5.90427,277.731,76.1829],"dipPosition":[-2.20847,275.295,11.5169],"direction":[-0.878778,-0.342368,0.332464],"extended":false,"handId":997,"id":9974,"length":49.2606,"mcpPosition":[37.0786,288.837,30.3274],"pipPosition":[14.554,281.825,5.17528],"stabilizedTipPosition":[-15.4667,234.066,9.67347],"timeVisible":29.7123,"tipPosition":[-9.80794,271.897,20.5714],"tipVelocity":[-21.9792,187.828,-225.357],"tool":false,"touchDistance":0.333333,"touchZone":"none","type":4,"width":15.66}],"r":[[0.981457,-0.0236496,0.190218],[0.0205472,0.999622,0.0182656],[-0.190578,-0.0140184,0.981572]],"s":0.827322,"t":[-3.98946,-21.5484,17.2785],"timestamp":669734872484},false],[1,{"currentFrameRate":53.0178,"devices":[],"gestures":[],"hands":[{"armBasis":[[0.698479,-0.713332,-0.0573125],[0.686383,0.690442,-0.228405],[0.202499,0.120198,0.971878]],"armWidth":62.1429,"confidence":0.492763,"direction":[0.441844,0.466581,-0.766208],"elbow":[43.7856,317.931,333.521],"grabStrength":0.514221,"id":997,"palmNormal":[-0.555058,-0.528798,-0.642093],"palmPosition":[6.15526,313.895,34.7404],"palmVelocity":[-10.9443,168.009,-194.798],"palmWidth":88.738,"pinchStrength":0.703081,"r":[[0.981208,-0.0286161,0.190821],[0.0219379,0.999074,0.037019],[-0.191703,-0.0321372,0.980927]],"s":0.828844,"sphereCenter":[-7.98234,288.639,-6.97753],"sphereRadius":44.5226,"stabilizedPalmPosition":[0.16699,281.573,29.0159],"t":[-4.19589,-18.3793,13.6047],"timeVisible":29.7312,"type":"right","wrist":[-9.53607,286.28,77.6085]}],"id":4983117,"interactionBox":{"center":[0,200,0],"size":[235.247,235.247,147.751]},"pointables":[{"bases":[[[0.86627,0.278719,0.414599],[-0.491391,0.624991,0.606565],[-0.0900594,-0.729179,0.678371]],[[0.849394,0.497852,0.175138],[-0.514437,0.706944,0.48537],[0.11783,-0.502368,0.856588]],[[0.849394,0.497852,0.175138],[-0.510969,0.858809,0.0368526],[-0.132063,-0.120792,0.983854]],[[0.849394,0.497852,0.175138],[-0.324726,0.754608,-0.570193],[-0.416032,0.427447,0.802625]]],"btipPosition":[-28.3002,317.582,-18.6279],"carpPosition":[-36.4509,298.865,74.1069],"dipPosition":[-37.7958,327.338,-0.308511],"direction":[0.132063,0.120792,-0.983854],"extended":false,"handId":997,"id":9970,"length":50.8265,"mcpPosition":[-36.4509,298.865,74.1069],"pipPosition":[-42.1871,323.322,32.4063],"stabilizedTipPosition":[-34.7072,291.572,-16.5933],"timeVisible":29.7312,"tipPosition":[-29.4944,320.817,-13.7784],"tipVelocity":[-34.8746,195.924,-198.003],"tool":false,"touchDistance":-0.485777,"touchZone":"hovering","type":0,"width":19.7488},{"bases":[[[0.76894,-0.62059,-0.153622],[0.595977,0.608837,0.523573],[-0.231394,-0.494151,0.838016]],[[0.768813,-0.62086,-0.153164],[0.603382,0.783634,-0.14781],[0.211794,0.0212216,0.977084]],[[0.768813,-0.62086,-0.153164],[0.555879,0.767257,-0.319867],[0.316109,0.160777,0.935]],[[0.768813,-0.62086,-0.153164],[0.517581,0.744816,-0.42114],[0.375548,0.244503,0.89397]]],"btipPosition":[-21.6927,334.943,-59.8455],"carpPosition":[-15.7119,308.242,78.1561],"dipPosition":[-15.4351,339.017,-44.9495],"direction":[-0.316109,-0.160777,-0.935],"extended":true,"handId":997,"id":9971,"length":57.352,"mcpPosition":[0.890308,343.696,18.0294],"pipPosition":[-7.98368,342.807,-22.9095],"stabilizedTipPosition":[-20.5265,329.36,-53.4459],"timeVisible":29.7312,"tipPosition":[-20.5505,335.582,-56.1764],"tipVelocity":[1.77707,295.026,-185.69],"tool":false,"touchDistance":-0.430013,"touchZone":"hovering","type":1,"width":18.8641},{"bases":[[[0.617666,-0.776284,-0.125981],[0.712171,0.484157,0.508336],[-0.333619,-0.403702,0.851894]],[[0.608989,-0.786292,-0.104293],[0.548193,0.512269,-0.661109],[0.573251,0.345436,0.743006]],[[0.608989,-0.786292,-0.104293],[-0.305252,-0.110972,-0.945783],[0.732088,0.607808,-0.307598]],[[0.608989,-0.786292,-0.104293],[-0.641022,-0.410454,-0.648551],[0.467143,0.461815,-0.753993]]],"btipPosition":[-38.5663,288.075,6.177],"carpPosition":[-5.45507,302.164,76.7189],"dipPosition":[-30.005,296.538,-7.64134],"direction":[-0.732088,-0.607808,0.307598],"extended":false,"handId":997,"id":9972,"length":65.348,"mcpPosition":[17.2448,329.632,18.755],"pipPosition":[-9.70231,313.394,-16.1718],"stabilizedTipPosition":[-41.5877,253.654,-3.92667],"timeVisible":29.7312,"tipPosition":[-36.5301,290.153,2.7524],"tipVelocity":[-15.4859,201.843,-215.762],"tool":false,"touchDistance":0.333333,"touchZone":"none","type":2,"width":18.527},{"bases":[[[0.506384,-0.861505,-0.0372041],[0.743482,0.414342,0.524933],[-0.436818,-0.293478,0.85033]],[[0.521996,-0.850215,-0.068229],[0.577636,0.411232,-0.705142],[0.62758,0.32867,0.705776]],[[0.521996,-0.850215,-0.068229],[-0.34281,-0.135877,-0.929526],[0.781026,0.508599,-0.362389]],[[0.521996,-0.850215,-0.068229],[-0.687119,-0.371769,-0.624223],[0.505358,0.372724,-0.778261]]],"btipPosition":[-28.1687,276.732,16.2536],"carpPosition":[2.80115,293.657,74.9817],"dipPosition":[-18.9603,283.524,2.07244],"direction":[-0.781026,-0.508599,0.362389],"extended":false,"handId":997,"id":9973,"length":62.8339,"mcpPosition":[29.4862,311.586,23.0353],"pipPosition":[2.14018,297.264,-7.71801],"stabilizedTipPosition":[-32.0405,237.035,2.18226],"timeVisible":29.7312,"tipPosition":[-25.9899,278.32,13.0183],"tipVelocity":[-13.5197,191.454,-238.947],"tool":false,"touchDistance":0.333333,"touchZone":"none","type":3,"width":17.6296},{"bases":[[[0.322571,-0.946221,-0.024757],[0.77166,0.247735,0.585805],[-0.548168,-0.208068,0.810074]],[[0.346731,-0.935985,-0.0609117],[0.666094,0.291432,-0.686575],[0.660375,0.197484,0.724503]],[[0.346731,-0.935985,-0.0609117],[-0.337495,-0.0639055,-0.939156],[0.875143,0.346192,-0.338048]],[[0.346731,-0.935985,-0.0609117],[-0.721225,-0.224529,-0.655302],[0.599676,0.271145,-0.752907]]],"btipPosition":[-12.6324,274.316,20.067],"carpPosition":[5.91488,280.521,71.7559],"dipPosition":[-2.5517,278.874,7.41053],"direction":[-0.875143,-0.346192,0.338048],"extended":false,"handId":997,"id":9974,"length":49.2606,"mcpPosition":[36.9138,292.287,25.9462],"pipPosition":[14.1414,285.477,0.96236],"stabilizedTipPosition":[-15.1578,236.542,10.1221],"timeVisible":29.7312,"tipPosition":[-10.0561,275.39,16.4148],"tipVelocity":[-18.1105,185.866,-220.651],"tool":false,"touchDistance":0.333333,"touchZone":"none","type":4,"width":15.66}],"r":[[0.981208,-0.0286161,0.190821],[0.0219379,0.999074,0.037019],[-0.191703,-0.0321372,0.980927]],"s":0.828844,"t":[-4.19589,-18.3793,13.6047],"timestamp":669734891399},false],[2,{"currentFrameRate":53.0107,"devices":[],"gestures":[],"hands":[{"armBasis":[[0.690655,-0.720822,-0.0584087],[0.695526,0.684193,-0.219369],[0.198089,0.110883,0.973892]],"armWidth":62.1429,"confidence":0.509291,"direction":[0.439986,0.462772,-0.769581],"elbow":[42.6467,318.15,330.306],"grabStrength":0.498726,"id":997,"palmNormal":[-0.568204,-0.520155,-0.637639],"palmPosition":[6.09419,316.468,30.901],"palmVelocity":[-7.16403,152.43,-198.941],"palmWidth":88.738,"pinchStrength":0.712839,"r":[[0.981302,-0.0351797,0.189231],[0.0256796,0.998295,0.0524243],[-0.190752,-0.0465847,0.980532]],"s":0.830674,"sphereCenter":[-8.75834,291.475,-10.7848],"sphereRadius":44.6201,"stabilizedPalmPosition":[0.524741,283.679,29.1297],"t":[-4.32964,-15.5081,9.84812],"timeVisible":29.7501,"type":"right","wrist":[-9.51356,288.952,73.8628]}],"id":4983118,"interactionBox":{"center":[0,200,0],"size":[235.247,235.247,147.751]},"pointables":[{"bases":[[[0.873892,0.266689,0.406434],[-0.477242,0.629723,0.612935],[-0.0924775,-0.729607,0.677585]],[[0.85618,0.490336,0.16287],[-0.501793,0.713998,0.488273],[0.123129,-0.499777,0.857358]],[[0.85618,0.490336,0.16287],[-0.502763,0.863311,0.0438561],[-0.119103,-0.119434,0.985672]],[[0.85618,0.490336,0.16287],[-0.325592,0.756786,-0.566802],[-0.401182,0.432255,0.807594]]],"btipPosition":[-29.1771,320.322,-22.2834],"carpPosition":[-36.3,301.887,70.6628],"dipPosition":[-38.3338,330.188,-3.85053],"direction":[0.119103,0.119434,-0.985672],"extended":false,"handId":997,"id":9970,"length":50.8265,"mcpPosition":[-36.3,301.887,70.6628],"pipPosition":[-42.2942,326.217,28.9248],"stabilizedTipPosition":[-34.257,295.651,-16.784],"timeVisible":29.7501,"tipPosition":[-30.2595,323.604,-17.4149],"tipVelocity":[-38.5126,171.644,-195.124],"tool":false,"touchDistance":-0.519973,"touchZone":"hovering","type":0,"width":19.7488},{"bases":[[[0.759385,-0.62994,-0.162818],[0.608939,0.599952,0.518894],[-0.229189,-0.493187,0.83919]],[[0.759363,-0.629988,-0.162736],[0.613603,0.776556,-0.143013],[0.21647,0.00874348,0.97625]],[[0.759363,-0.629988,-0.162736],[0.566776,0.763278,-0.310116],[0.319582,0.143255,0.936667]],[[0.759363,-0.629988,-0.162736],[0.529096,0.74343,-0.409108],[0.378716,0.224558,0.897857]]],"btipPosition":[-21.8731,338.889,-63.6318],"carpPosition":[-15.4035,310.989,74.523],"dipPosition":[-15.5626,342.631,-48.6711],"direction":[-0.319582,-0.143255,-0.936667],"extended":true,"handId":997,"id":9971,"length":57.352,"mcpPosition":[1.04052,346.374,14.3122],"pipPosition":[-8.02938,346.008,-26.5918],"stabilizedTipPosition":[-20.4711,334.846,-57.0072],"timeVisible":29.7501,"tipPosition":[-20.8604,339.237,-59.8785],"tipVelocity":[-3.45919,250.824,-192.535],"tool":false,"touchDistance":-0.471917,"touchZone":"hovering","type":1,"width":18.8641},{"bases":[[[0.606429,-0.783765,-0.134001],[0.723376,0.473843,0.502196],[-0.330108,-0.401479,0.854309]],[[0.597886,-0.793668,-0.112351],[0.549003,0.507577,-0.66405],[0.584062,0.335345,0.739199]],[[0.597886,-0.793668,-0.112351],[-0.314741,-0.103538,-0.943514],[0.737204,0.599475,-0.311704]],[[0.597886,-0.793668,-0.112351],[-0.652027,-0.400008,-0.644092],[0.466254,0.458349,-0.756652]]],"btipPosition":[-39.2238,291.313,2.60352],"carpPosition":[-5.23987,304.785,72.9682],"dipPosition":[-30.6788,299.713,-11.2636],"direction":[-0.737204,-0.599475,0.311704],"extended":false,"handId":997,"id":9972,"length":65.348,"mcpPosition":[17.2211,332.102,14.8399],"pipPosition":[-10.2342,316.338,-19.9079],"stabilizedTipPosition":[-41.1526,257.633,-3.59091],"timeVisible":29.7501,"tipPosition":[-37.202,293.36,-0.771624],"tipVelocity":[-25.0535,186.561,-203.019],"tool":false,"touchDistance":0.333333,"touchZone":"none","type":2,"width":18.527},{"bases":[[[0.494973,-0.867779,-0.0442958],[0.753962,0.403596,0.518316],[-0.431906,-0.28995,0.854041]],[[0.510405,-0.856619,-0.0754327],[0.577009,0.406198,-0.708565],[0.637611,0.31813,0.701602]],[[0.510405,-0.856619,-0.0754327],[-0.352403,-0.128344,-0.927006],[0.78441,0.499731,-0.367383]],[[0.510405,-0.856619,-0.0754327],[-0.697481,-0.361077,-0.618986],[0.502998,0.368546,-0.781771]]],"btipPosition":[-28.8661,279.812,12.5539],"carpPosition":[2.88941,296.178,71.128],"dipPosition":[-19.7006,286.528,-1.69117],"direction":[-0.78441,-0.499731,0.367383],"extended":false,"handId":997,"id":9973,"length":62.8339,"mcpPosition":[29.2744,313.891,18.9549],"pipPosition":[1.49127,300.029,-11.6165],"stabilizedTipPosition":[-31.7341,239.606,2.5938],"timeVisible":29.7501,"tipPosition":[-26.7076,281.371,9.34909],"tipVelocity":[-25.2452,177.081,-218.203],"tool":false,"touchDistance":0.333333,"touchZone":"none","type":3,"width":17.6296},{"bases":[[[0.310232,-0.950182,-0.03018],[0.78063,0.236499,0.578519],[-0.542561,-0.203035,0.81511]],[[0.333554,-0.940444,-0.0656306],[0.662362,0.283325,-0.693544],[0.670834,0.187863,0.717418]],[[0.333554,-0.940444,-0.0656306],[-0.348357,-0.0582651,-0.935549],[0.876008,0.334919,-0.347044]],[[0.333554,-0.940444,-0.0656306],[-0.730856,-0.213987,-0.64812],[0.595476,0.264149,-0.758705]]],"btipPosition":[-13.368,277.186,16.3806],"carpPosition":[5.8029,283.011,67.8409],"dipPosition":[-3.35793,281.626,3.62665],"direction":[-0.876008,-0.334919,0.347044],"extended":false,"handId":997,"id":9974,"length":49.2606,"mcpPosition":[36.4848,294.493,21.7464],"pipPosition":[13.3517,288.015,-2.99312],"stabilizedTipPosition":[-14.9092,239.073,10.3241],"timeVisible":29.7501,"tipPosition":[-10.8154,278.225,12.7138],"tipVelocity":[-28.7439,168.526,-208.733],"tool":false,"touchDistance":0.333333,"touchZone":"none","type":4,"width":15.66}],"r":[[0.981302,-0.0351797,0.189231],[0.0256796,0.998295,0.0524243],[-0.190752,-0.0465847,0.980532]],"s":0.830674,"t":[-4.32964,-15.5081,9.84812],"timestamp":669734910289},false],[3,{"currentFrameRate":52.9624,"devices":[],"gestures":[],"hands":[{"armBasis":[[0.669904,-0.739993,-0.0603323],[0.717839,0.666306,-0.20185],[0.189567,0.0919112,0.977556]],"armWidth":62.1429,"confidence":0.527852,"direction":[0.443668,0.446051,-0.777301],"elbow":[39.8989,316.149,327.376],"grabStrength":0.483739,"id":997,"palmNormal":[-0.590742,-0.506675,-0.627937],"palmPosition":[5.84867,318.788,26.6753],"palmVelocity":[-9.98573,137.287,-210.196],"palmWidth":88.738,"pinchStrength":0.713091,"r":[[0.981565,-0.0458849,0.185541],[0.0345992,0.997375,0.0636146],[-0.187973,-0.0560223,0.980575]],"s":0.832293,"sphereCenter":[-10.2048,293.969,-14.794],"sphereRadius":44.7324,"stabilizedPalmPosition":[0.788268,285.417,29.0082],"t":[-4.51927,-12.9127,5.857],"timeVisible":29.7692,"type":"right","wrist":[-10.0175,291.947,69.9686]}],"id":4983119,"interactionBox":{"center":[0,200,0],"size":[235.247,235.247,147.751]},"pointables":[{"bases":[[[0.886137,0.243343,0.394392],[-0.451336,0.646275,0.615325],[-0.105151,-0.723265,0.682518]],[[0.871198,0.468383,0.147074],[-0.475727,0.731463,0.488514],[0.121232,-0.49556,0.860072]],[[0.871198,0.468383,0.147074],[-0.479199,0.876424,0.0474225],[-0.106688,-0.111792,0.987988]],[[0.871198,0.468383,0.147074],[-0.315465,0.76365,-0.563312],[-0.376159,0.444359,0.813049]]],"btipPosition":[-30.226,323.334,-26.2549],"carpPosition":[-36.4573,305.634,67.0249],"dipPosition":[-38.8115,333.476,-7.69759],"direction":[0.106688,0.111792,-0.987988],"extended":false,"handId":997,"id":9970,"length":50.8265,"mcpPosition":[-36.4573,305.634,67.0249],"pipPosition":[-42.3591,329.759,25.1547],"stabilizedTipPosition":[-34.009,299.27,-17.4114],"timeVisible":29.7692,"tipPosition":[-31.1292,326.597,-21.3712],"tipVelocity":[-43.266,166.588,-200.944],"tool":false,"touchDistance":-0.555453,"touchZone":"hovering","type":0,"width":19.7488},{"bases":[[[0.738857,-0.652413,-0.168666],[0.6323,0.584673,0.508285],[-0.232997,-0.482197,0.844511]],[[0.739001,-0.652113,-0.169192],[0.635623,0.758122,-0.14572],[0.223294,0.000145097,0.974751]],[[0.739001,-0.652113,-0.169192],[0.58897,0.747281,-0.30771],[0.327095,0.127749,0.936317]],[[0.739001,-0.652113,-0.169192],[0.551438,0.729773,-0.404162],[0.387031,0.205377,0.898903]]],"btipPosition":[-22.0591,342.305,-67.8998],"carpPosition":[-15.2612,314.148,70.5832],"dipPosition":[-15.6101,345.727,-52.9216],"direction":[-0.327095,-0.127749,-0.936317],"extended":true,"handId":997,"id":9971,"length":57.352,"mcpPosition":[1.45602,348.745,9.99058],"pipPosition":[-7.89979,348.739,-30.8506],"stabilizedTipPosition":[-20.5193,338.637,-60.4309],"timeVisible":29.7692,"tipPosition":[-21.1415,342.416,-64.0832],"tipVelocity":[-5.74419,213.627,-207.941],"tool":false,"touchDistance":-0.517018,"touchZone":"hovering","type":1,"width":18.8641},{"bases":[[[0.581895,-0.801611,-0.137181],[0.742841,0.45523,0.49087],[-0.331038,-0.387539,0.860365]],[[0.573366,-0.811124,-0.115452],[0.554761,0.488058,-0.673824],[0.602902,0.322299,0.729816]],[[0.573366,-0.811124,-0.115452],[-0.329587,-0.0993406,-0.938885],[0.750083,0.576376,-0.324294]],[[0.573366,-0.811124,-0.115452],[-0.671278,-0.384299,-0.633799],[0.469721,0.440899,-0.764833]]],"btipPosition":[-40.5275,294.799,-0.898373],"carpPosition":[-5.30053,307.645,68.9382],"dipPosition":[-31.9189,302.879,-14.9154],"direction":[-0.750083,-0.576376,0.324294],"extended":false,"handId":997,"id":9972,"length":65.348,"mcpPosition":[17.2237,334.014,10.3979],"pipPosition":[-11.1172,318.863,-23.9089],"stabilizedTipPosition":[-40.8715,261.844,-3.64825],"timeVisible":29.7692,"tipPosition":[-38.4879,296.771,-4.31904],"tipVelocity":[-46.0628,182.858,-194.422],"tool":false,"touchDistance":0.333333,"touchZone":"none","type":2,"width":18.527},{"bases":[[[0.469172,-0.881924,-0.0456872],[0.771585,0.384209,0.506991],[-0.429574,-0.273118,0.860739]],[[0.484521,-0.871381,-0.0770363],[0.59095,0.390974,-0.705632],[0.644994,0.296369,0.704378]],[[0.484521,-0.871381,-0.0770363],[-0.353667,-0.114581,-0.928327],[0.8001,0.477039,-0.363695]],[[0.484521,-0.871381,-0.0770363],[-0.709116,-0.33967,-0.617882],[0.512244,0.354005,-0.782488]]],"btipPosition":[-30.2579,283.23,7.85451],"carpPosition":[2.55408,298.798,67.0453],"dipPosition":[-20.924,289.681,-6.40365],"direction":[-0.8001,-0.477039,0.363695],"extended":false,"handId":997,"id":9973,"length":62.8339,"mcpPosition":[28.7966,315.483,14.463],"pipPosition":[0.691819,302.569,-16.2294],"stabilizedTipPosition":[-31.5191,242.282,2.71134],"timeVisible":29.7692,"tipPosition":[-28.1041,284.67,5.01732],"tipVelocity":[-47.8155,176.635,-232.298],"tool":false,"touchDistance":0.333333,"touchZone":"none","type":3,"width":17.6296},{"bases":[[[0.282319,-0.958885,-0.0288963],[0.794162,0.216711,0.567753],[-0.538147,-0.183236,0.822692]],[[0.305082,-0.950169,-0.0640635],[0.662006,0.259955,-0.702973],[0.684597,0.172054,0.708325]],[[0.305082,-0.950169,-0.0640635],[-0.361044,-0.0531515,-0.931033],[0.881233,0.307171,-0.359268]],[[0.305082,-0.950169,-0.0640635],[-0.744486,-0.196011,-0.638216],[0.593856,0.242403,-0.767187]]],"btipPosition":[-14.9212,280.031,12.5933],"carpPosition":[5.04627,285.536,63.7931],"dipPosition":[-4.93841,284.106,-0.303242],"direction":[-0.881233,-0.307171,0.359268],"extended":false,"handId":997,"id":9974,"length":49.2606,"mcpPosition":[35.4785,295.898,17.2698],"pipPosition":[11.8709,289.965,-7.15618],"stabilizedTipPosition":[-14.7693,241.64,10.2814],"timeVisible":29.7692,"tipPosition":[-12.386,280.969,8.90753],"tipVelocity":[-54.9322,156.887,-204.661],"tool":false,"touchDistance":0.333333,"touchZone":"none","type":4,"width":15.66}],"r":[[0.981565,-0.0458849,0.185541],[0.0345992,0.997375,0.0636146],[-0.187973,-0.0560223,0.980575]],"s":0.832293,"t":[-4.51927,-12.9127,5.857],"timestamp":669734929344},false],[4,{"currentFrameRate":52.9878,"devices":[],"gestures":[],"hands":[{"armBasis":[[0.665951,-0.743654,-0.05907],[0.720087,0.66149,-0.209536],[0.194897,0.0970052,0.976015]],"armWidth":62.1429,"confidence":0.543816,"direction":[0.444377,0.44883,-0.775294],"elbow":[40.6709,319.792,323.895],"grabStrength":0.467877,"id":997,"palmNormal":[-0.596497,-0.497444,-0.629873],"palmPosition":[5.27186,321.309,23.7568],"palmVelocity":[-20.105,135.799,-183.443],"palmWidth":88.738,"pinchStrength":0.703219,"r":[[0.981738,-0.0561395,0.181765],[0.0432616,0.996315,0.0740575],[-0.185253,-0.0648417,0.980549]],"s":0.834199,"sphereCenter":[-11.0621,296.811,-18.0227],"sphereRadius":44.9347,"stabilizedPalmPosition":[0.99099,287.04,28.7707],"t":[-4.9025,-10.3544,2.40214],"timeVisible":29.788,"type":"right","wrist":[-10.6488,294.249,66.8932]}],"id":4983120,"interactionBox":{"center":[0,200,0],"size":[235.247,235.247,147.751]},"pointables":[{"bases":[[[0.889186,0.233784,0.39331],[-0.444564,0.64475,0.62182],[-0.108215,-0.727765,0.677235]],[[0.874397,0.463026,0.145041],[-0.46904,0.730079,0.496977],[0.124222,-0.502585,0.855556]],[[0.874397,0.463026,0.145041],[-0.475454,0.877283,0.0657092],[-0.0968172,-0.126416,0.987241]],[[0.874397,0.463026,0.145041],[-0.320906,0.776072,-0.542892],[-0.363935,0.428158,0.827183]]],"btipPosition":[-31.5184,327.049,-29.2138],"carpPosition":[-36.9969,308.151,64.1439],"dipPosition":[-39.8249,336.822,-10.3339],"direction":[0.0968172,0.126416,-0.987241],"extended":false,"handId":997,"id":9970,"length":50.8265,"mcpPosition":[-36.9969,308.151,64.1439],"pipPosition":[-43.0443,332.618,22.4936],"stabilizedTipPosition":[-33.9346,303.12,-18.3678],"timeVisible":29.788,"tipPosition":[-32.2907,329.938,-24.2627],"tipVelocity":[-54.0711,179.626,-177.827],"tool":false,"touchDistance":-0.571511,"touchZone":"hovering","type":0,"width":19.7488},{"bases":[[[0.733495,-0.656464,-0.176183],[0.638234,0.576065,0.510692],[-0.233758,-0.487036,0.841518]],[[0.733743,-0.655946,-0.177077],[0.642609,0.754628,-0.132631],[0.220626,-0.0164745,0.975219]],[[0.733743,-0.655946,-0.177077],[0.598091,0.747234,-0.289705],[0.322349,0.10666,0.940593]],[[0.733743,-0.655946,-0.177077],[0.562159,0.732489,-0.383975],[0.381574,0.182193,0.906205]]],"btipPosition":[-22.1562,346.566,-70.8129],"carpPosition":[-15.7275,316.482,67.6974],"dipPosition":[-15.7981,349.602,-55.7131],"direction":[-0.322349,-0.10666,-0.940593],"extended":true,"handId":997,"id":9971,"length":57.352,"mcpPosition":[1.04437,351.426,7.31956],"pipPosition":[-8.19966,352.116,-33.5412],"stabilizedTipPosition":[-20.5945,342.355,-63.4087],"timeVisible":29.788,"tipPosition":[-21.3778,346.429,-66.9266],"tipVelocity":[-6.00653,217.79,-181.42],"tool":false,"touchDistance":-0.536927,"touchZone":"hovering","type":1,"width":18.8641},{"bases":[[[0.575547,-0.804751,-0.145333],[0.747765,0.445956,0.491906],[-0.331049,-0.39179,0.858433]],[[0.567053,-0.814335,-0.123732],[0.555614,0.48906,-0.672394],[0.608066,0.312535,0.729779]],[[0.567053,-0.814335,-0.123732],[-0.333863,-0.0899104,-0.938324],[0.752985,0.573389,-0.32286]],[[0.567053,-0.814335,-0.123732],[-0.676302,-0.37456,-0.634287],[0.470177,0.443354,-0.763132]]],"btipPosition":[-41.3779,297.859,-3.80543],"carpPosition":[-5.82016,309.92,65.9689],"dipPosition":[-32.761,305.984,-17.7913],"direction":[-0.752985,-0.573389,0.32286],"extended":false,"handId":997,"id":9972,"length":65.348,"mcpPosition":[16.7048,336.578,7.56002],"pipPosition":[-11.8788,321.886,-26.745],"stabilizedTipPosition":[-40.7022,266.19,-4.03531],"timeVisible":29.788,"tipPosition":[-39.3341,299.846,-7.22825],"tipVelocity":[-45.6318,173.414,-174.885],"tool":false,"touchDistance":0.333333,"touchZone":"none","type":2,"width":18.527},{"bases":[[[0.462539,-0.884947,-0.0540894],[0.77604,0.374604,0.50738],[-0.428742,-0.276658,0.860023]],[[0.477786,-0.87433,-0.0852488],[0.606655,0.398577,-0.687828],[0.635367,0.276918,0.720851]],[[0.477786,-0.87433,-0.0852488],[-0.338748,-0.0938322,-0.936187],[0.810537,0.476175,-0.341009]],[[0.477786,-0.87433,-0.0852488],[-0.705288,-0.323928,-0.630587],[0.523727,0.36141,-0.771423]]],"btipPosition":[-30.9714,286.415,3.30191],"carpPosition":[1.9631,301.03,63.9813],"dipPosition":[-21.4283,293,-10.7546],"direction":[-0.810537,-0.476175,0.341009],"extended":false,"handId":997,"id":9973,"length":62.8339,"mcpPosition":[28.1548,317.931,11.4427],"pipPosition":[0.469491,305.865,-19.9675],"stabilizedTipPosition":[-31.3622,244.895,2.56009],"timeVisible":29.788,"tipPosition":[-28.8244,287.81,0.930068],"tipVelocity":[-41.7687,173.99,-236.027],"tool":false,"touchDistance":0.333333,"touchZone":"none","type":3,"width":17.6296},{"bases":[[[0.275183,-0.960669,-0.0372728],[0.797587,0.206478,0.566764],[-0.536777,-0.185692,0.823036]],[[0.296724,-0.952349,-0.0706185],[0.666458,0.259476,-0.698932],[0.683951,0.160326,0.711693]],[[0.296724,-0.952349,-0.0706185],[-0.358573,-0.042572,-0.93253],[0.885088,0.302026,-0.354119]],[[0.296724,-0.952349,-0.0706185],[-0.745284,-0.184703,-0.640653],[0.597081,0.242728,-0.764576]]],"btipPosition":[-15.8032,282.907,9.14051],"carpPosition":[4.34729,287.777,60.618],"dipPosition":[-5.76613,286.988,-3.71216],"direction":[-0.885088,-0.302026,0.354119],"extended":false,"handId":997,"id":9974,"length":49.2606,"mcpPosition":[34.7021,298.278,14.0752],"pipPosition":[11.1167,292.749,-10.4669],"stabilizedTipPosition":[-14.6906,244.246,10.0284],"timeVisible":29.788,"tipPosition":[-13.2869,283.817,5.63078],"tipVelocity":[-50.7153,155.092,-194.236],"tool":false,"touchDistance":0.333333,"touchZone":"none","type":4,"width":15.66}],"r":[[0.981738,-0.0561395,0.181765],[0.0432616,0.996315,0.0740575],[-0.185253,-0.0648417,0.980549]],"s":0.834199,"t":[-4.9025,-10.3544,2.40214],"timestamp":669734948125},false],[5,{"currentFrameRate":53.0435,"devices":[],"gestures":[],"hands":[{"armBasis":[[0.658575,-0.750184,-0.0591866],[0.72684,0.654504,-0.208152],[0.19489,0.0940644,0.976304]],"armWidth":62.1429,"confidence":0.558999,"direction":[0.445707,0.445778,-0.776291],"elbow":[40.2845,320.846,321.755],"grabStrength":0.447455,"id":997,"palmNormal":[-0.604636,-0.489568,-0.628282],"palmPosition":[4.98418,323.062,21.5289],"palmVelocity":[-17.8305,115.482,-152.347],"palmWidth":88.738,"pinchStrength":0.691331,"r":[[0.981826,-0.0665063,0.177748],[0.0524245,0.995188,0.0827826],[-0.182398,-0.0719598,0.980588]],"s":0.837123,"sphereCenter":[-11.7264,298.651,-20.4233],"sphereRadius":45.2045,"stabilizedPalmPosition":[1.15808,288.547,28.4677],"t":[-5.23795,-8.19882,-0.439192],"timeVisible":29.8066,"type":"right","wrist":[-11.0335,296.077,64.6765]}],"id":4983121,"interactionBox":{"center":[0,200,0],"size":[235.247,235.247,147.751]},"pointables":[{"bases":[[[0.893406,0.223311,0.389818],[-0.434804,0.648085,0.625245],[-0.113011,-0.728092,0.6761]],[[0.879177,0.455784,0.138957],[-0.459474,0.733669,0.500613],[0.126222,-0.503974,0.854446]],[[0.879177,0.455784,0.138957],[-0.468847,0.879504,0.0815763],[-0.0850325,-0.13687,0.986933]],[[0.879177,0.455784,0.138957],[-0.326166,0.788241,-0.521816],[-0.347367,0.413445,0.841665]]],"btipPosition":[-32.6313,329.917,-31.5471],"carpPosition":[-37.2425,310.268,62.0768],"dipPosition":[-40.5598,339.354,-12.3367],"direction":[0.0850325,0.13687,-0.986933],"extended":false,"handId":997,"id":9970,"length":50.8265,"mcpPosition":[-37.2425,310.268,62.0768],"pipPosition":[-43.3872,334.803,20.4806],"stabilizedTipPosition":[-34.0077,307.189,-19.5985],"timeVisible":29.8066,"tipPosition":[-33.2559,332.447,-26.5124],"tipVelocity":[-54.5262,165.05,-150.228],"tool":false,"touchDistance":-0.576553,"touchZone":"hovering","type":0,"width":19.7488},{"bases":[[[0.725585,-0.663917,-0.180942],[0.646683,0.568005,0.509089],[-0.235217,-0.486399,0.84148]],[[0.725854,-0.66336,-0.181905],[0.652766,0.747688,-0.121893],[0.216868,-0.0302649,0.975732]],[[0.725854,-0.66336,-0.181905],[0.610679,0.743183,-0.273404],[0.316554,0.0873659,0.944542]],[[0.725854,-0.66336,-0.181905],[0.576529,0.730964,-0.365111],[0.375166,0.160144,0.913019]]],"btipPosition":[-21.792,349.8,-73.1828],"carpPosition":[-15.8688,318.361,65.553],"dipPosition":[-15.5407,352.469,-57.9694],"direction":[-0.316554,-0.0873659,-0.944543],"extended":true,"handId":997,"id":9971,"length":57.352,"mcpPosition":[1.0077,353.26,5.1778],"pipPosition":[-8.07886,354.528,-35.7045],"stabilizedTipPosition":[-20.4958,345.667,-65.9875],"timeVisible":29.8066,"tipPosition":[-21.1864,349.408,-69.2186],"tipVelocity":[5.75796,194.012,-154.327],"tool":false,"touchDistance":-0.546724,"touchZone":"hovering","type":1,"width":18.8641},{"bases":[[[0.566189,-0.810566,-0.149709],[0.754721,0.436768,0.48952],[-0.3314,-0.39015,0.859044]],[[0.557719,-0.820075,-0.128166],[0.55737,0.484439,-0.674283],[0.615051,0.304625,0.727266]],[[0.557719,-0.820075,-0.128166],[-0.339453,-0.0844442,-0.936825],[0.757444,0.565991,-0.325473]],[[0.557719,-0.820075,-0.128166],[-0.683269,-0.365931,-0.631853],[0.471267,0.439968,-0.764419]]],"btipPosition":[-42.0465,300.164,-5.8365],"carpPosition":[-6.04063,311.697,63.7652],"dipPosition":[-33.4096,308.227,-19.8459],"direction":[-0.757444,-0.565992,0.325473],"extended":false,"handId":997,"id":9972,"length":65.348,"mcpPosition":[16.5083,338.243,5.31478],"pipPosition":[-12.4037,323.924,-28.8721],"stabilizedTipPosition":[-40.6243,270.536,-4.64455],"timeVisible":29.8066,"tipPosition":[-39.9959,302.138,-9.27336],"tipVelocity":[-40.7562,148.824,-142.963],"tool":false,"touchDistance":0.333333,"touchZone":"none","type":2,"width":18.527},{"bases":[[[0.452734,-0.889748,-0.0581354],[0.782295,0.365081,0.504708],[-0.427839,-0.273978,0.86133]],[[0.467936,-0.879239,-0.0893006],[0.618604,0.398028,-0.677424],[0.631161,0.261749,0.730152]],[[0.467936,-0.879239,-0.0893006],[-0.329838,-0.0800046,-0.940641],[0.819904,0.469615,-0.327443]],[[0.467936,-0.879239,-0.0893006],[-0.705052,-0.310477,-0.637578],[0.532858,0.361308,-0.765192]]],"btipPosition":[-31.5884,288.79,0.0783387],"carpPosition":[1.63746,302.729,61.7229],"dipPosition":[-21.8789,295.373,-13.8647],"direction":[-0.819904,-0.469615,0.327443],"extended":false,"handId":997,"id":9973,"length":62.8339,"mcpPosition":[27.774,319.466,9.1045],"pipPosition":[0.271933,308.061,-22.711],"stabilizedTipPosition":[-31.2528,247.369,2.25008],"timeVisible":29.8066,"tipPosition":[-29.438,290.141,-2.04114],"tipVelocity":[-36.5504,151.307,-204.64],"tool":false,"touchDistance":0.333333,"touchZone":"none","type":3,"width":17.6296},{"bases":[[[0.264651,-0.963488,-0.0406431],[0.802296,0.196599,0.563623],[-0.535053,-0.181771,0.825032]],[[0.284709,-0.955919,-0.0718359],[0.674211,0.252949,-0.693871],[0.681455,0.149119,0.716508]],[[0.284709,-0.955919,-0.0718359],[-0.353213,-0.0349447,-0.93489],[0.891168,0.291545,-0.347592]],[[0.284709,-0.955919,-0.0718359],[-0.745546,-0.1737,-0.64342],[0.602579,0.236745,-0.762135]]],"btipPosition":[-16.5066,285.054,6.39761],"carpPosition":[3.86368,289.458,58.3195],"dipPosition":[-6.37716,289.034,-6.41404],"direction":[-0.891168,-0.291545,0.347592],"extended":false,"handId":997,"id":9974,"length":49.2606,"mcpPosition":[34.121,299.737,11.6638],"pipPosition":[10.6216,294.595,-13.0443],"stabilizedTipPosition":[-14.6597,246.758,9.63228],"timeVisible":29.8066,"tipPosition":[-14.0164,285.896,3.14326],"tipVelocity":[-43.845,135.052,-171.068],"tool":false,"touchDistance":0.333333,"touchZone":"none","type":4,"width":15.66}],"r":[[0.981826,-0.0665063,0.177748],[0.0524245,0.995188,0.0827826],[-0.182398,-0.0719598,0.980588]],"s":0.837123,"t":[-5.23795,-8.19882,-0.439192],"timestamp":669734966777},false],[6,{"currentFrameRate":53.034,"devices":[],"gestures":[],"hands":[{"armBasis":[[0.654495,-0.752617,-0.0721426],[0.729372,0.653637,-0.201929],[0.19913,0.0795423,0.97674]],"armWidth":62.1429,"confidence":0.509954,"direction":[0.445504,0.438174,-0.780724],"elbow":[41.0718,319.515,319.699],"grabStrength":0.427667,"id":997,"palmNormal":[-0.605051,-0.495395,-0.623296],"palmPosition":[4.64448,325.135,19.0944],"palmVelocity":[-17.9052,112.667,-140.844],"palmWidth":88.738,"pinchStrength":0.687372,"r":[[0.981834,-0.0744894,0.174508],[0.0598301,0.994338,0.0878151],[-0.180061,-0.075779,0.980732]],"s":0.841072,"sphereCenter":[-12.0606,300.188,-22.7983],"sphereRadius":45.4713,"stabilizedPalmPosition":[1.30237,290.061,28.0798],"t":[-5.57552,-6.08452,-3.07715],"timeVisible":29.8255,"type":"right","wrist":[-11.3626,298.57,62.5058]}],"id":4983122,"interactionBox":{"center":[0,200,0],"size":[235.247,235.247,147.751]},"pointables":[{"bases":[[[0.893639,0.226775,0.387275],[-0.434343,0.654186,0.619182],[-0.112935,-0.721536,0.683105]],[[0.878843,0.458454,0.132119],[-0.459274,0.737896,0.494548],[0.129237,-0.495308,0.85905]],[[0.878843,0.458454,0.132119],[-0.470896,0.878026,0.0856037],[-0.0767583,-0.137446,0.987531]],[[0.878843,0.458454,0.132119],[-0.336599,0.792026,-0.50931],[-0.338136,0.403133,0.850381]]],"btipPosition":[-33.5899,332.225,-34.2857],"carpPosition":[-37.5685,312.744,59.7812],"dipPosition":[-41.3077,341.427,-14.8763],"direction":[0.0767583,0.137446,-0.987531],"extended":false,"handId":997,"id":9970,"length":50.8265,"mcpPosition":[-37.5685,312.744,59.7812],"pipPosition":[-43.86,336.856,17.9608],"stabilizedTipPosition":[-34.1978,310.991,-21.03],"timeVisible":29.8255,"tipPosition":[-34.148,334.429,-29.2125],"tipVelocity":[-51.4158,142.632,-146.466],"tool":false,"touchDistance":-0.587623,"touchZone":"hovering","type":0,"width":19.7488},{"bases":[[[0.725311,-0.66584,-0.174871],[0.64707,0.572671,0.503337],[-0.234998,-0.47823,0.84621]],[[0.725614,-0.665223,-0.175962],[0.655404,0.746046,-0.117733],[0.209594,-0.0298981,0.977331]],[[0.725614,-0.665223,-0.175962],[0.616021,0.741946,-0.264641],[0.3066,0.0836307,0.948157]],[[0.725614,-0.665223,-0.175962],[0.583836,0.730531,-0.354203],[0.36417,0.154282,0.918465]]],"btipPosition":[-21.4072,351.886,-76.1477],"carpPosition":[-16.191,320.863,63.1704],"dipPosition":[-15.3392,354.457,-60.8436],"direction":[-0.3066,-0.0836307,-0.948157],"extended":true,"handId":997,"id":9971,"length":57.352,"mcpPosition":[0.669874,355.176,2.45584],"pipPosition":[-8.11193,356.429,-38.4935],"stabilizedTipPosition":[-20.3269,348.042,-68.3028],"timeVisible":29.8255,"tipPosition":[-20.9481,351.346,-72.1248],"tipVelocity":[11.8278,152.461,-155.075],"tool":false,"touchDistance":-0.564546,"touchZone":"hovering","type":1,"width":18.8641},{"bases":[[[0.565886,-0.812135,-0.142165],[0.75506,0.44122,0.484983],[-0.331146,-0.381788,0.862891]],[[0.557468,-0.821385,-0.120644],[0.562212,0.480438,-0.673125],[0.610857,0.307418,0.729622]],[[0.557468,-0.821385,-0.120644],[-0.333595,-0.0885551,-0.938548],[0.760226,0.563457,-0.323376]],[[0.557468,-0.821385,-0.120644],[-0.680868,-0.369192,-0.632547],[0.475024,0.434768,-0.765068]]],"btipPosition":[-42.3375,302.111,-8.57797],"carpPosition":[-6.3655,314.179,61.4425],"dipPosition":[-33.6318,310.079,-22.5993],"direction":[-0.760226,-0.563457,0.323376],"extended":false,"handId":997,"id":9972,"length":65.348,"mcpPosition":[16.1661,340.156,2.73031],"pipPosition":[-12.5488,325.706,-31.5674],"stabilizedTipPosition":[-40.5922,274.246,-5.43963],"timeVisible":29.8255,"tipPosition":[-40.3028,304.005,-11.7985],"tipVelocity":[-27.9193,125.839,-144.095],"tool":false,"touchDistance":0.333333,"touchZone":"none","type":2,"width":18.527},{"bases":[[[0.452446,-0.890401,-0.0497868],[0.78262,0.369674,0.500847],[-0.427549,-0.26557,0.864103]],[[0.467515,-0.880285,-0.0807997],[0.618522,0.391052,-0.681549],[0.631554,0.268658,0.727298]],[[0.467515,-0.880285,-0.0807997],[-0.330226,-0.0891294,-0.939684],[0.819988,0.465999,-0.332362]],[[0.467515,-0.880285,-0.0807997],[-0.705415,-0.316427,-0.634242],[0.532746,0.353515,-0.768901]]],"btipPosition":[-31.9519,290.676,-2.00607],"carpPosition":[1.30906,305.19,59.483],"dipPosition":[-22.2444,297.117,-16.0167],"direction":[-0.819988,-0.465999,0.332362],"extended":false,"handId":997,"id":9973,"length":62.8339,"mcpPosition":[27.4279,321.413,6.69526],"pipPosition":[-0.0912858,309.707,-24.9959],"stabilizedTipPosition":[-31.1698,249.793,1.84539],"timeVisible":29.8255,"tipPosition":[-29.7972,292.008,-4.1774],"tipVelocity":[-28.0771,125.224,-158.819],"tool":false,"touchDistance":0.333333,"touchZone":"none","type":3,"width":17.6296},{"bases":[[[0.264349,-0.963912,-0.0315071],[0.802596,0.201759,0.561367],[-0.534751,-0.173684,0.826967]],[[0.282879,-0.957252,-0.0603936],[0.686349,0.246003,-0.684403],[0.670004,0.152152,0.726598]],[[0.282879,-0.957252,-0.0603936],[-0.338,-0.0405604,-0.940272],[0.897628,0.286396,-0.335025]],[[0.282879,-0.957252,-0.0603936],[-0.738677,-0.177257,-0.650336],[0.61183,0.228578,-0.757242]]],"btipPosition":[-16.7413,287.156,3.50495],"carpPosition":[3.52989,291.886,56.2062],"dipPosition":[-6.45634,290.998,-9.22443],"direction":[-0.897628,-0.286396,0.335025],"extended":false,"handId":997,"id":9974,"length":49.2606,"mcpPosition":[33.7701,301.708,9.44112],"pipPosition":[10.6657,296.461,-15.6149],"stabilizedTipPosition":[-14.6438,249.068,9.12573],"timeVisible":29.8255,"tipPosition":[-14.2778,287.916,0.604003],"tipVelocity":[-27.5139,122.566,-161.784],"t