{"sensorType":"Leap","data":[[0,{"currentFrameRate":53.0148,"devices":[],"gestures":[],"hands":[{"armBasis":[[0.672869,-0.734719,-0.0862298],[0.710594,0.674341,-0.2008],[0.20568,0.0738376,0.97583]],"armWidth":62.1429,"confidence":0.512978,"direction":[0.439527,0.37755,-0.815029],"elbow":[44.8939,316.111,343.06],"grabStrength":0.444319,"id":997,"palmNormal":[-0.5704,-0.583619,-0.577956],"palmPosition":[6.32032,319.437,40.4436],"palmVelocity":[-4.28113,191.706,-203.75],"palmWidth":88.738,"pinchStrength":0.6854,"r":[[0.982762,-0.0142927,0.184323],[0.0197522,0.999418,-0.0278172],[-0.183818,0.0309784,0.982472]],"s":0.853532,"sphereCenter":[-8.83662,290.666,1.55844],"sphereRadius":44.782,"stabilizedPalmPosition":[6.3222,295.909,60.3173],"t":[-4.15327,-13.2677,19.4656],"timeVisible":39.1835,"type":"right","wrist":[-9.26526,296.668,86.1069]}],"id":4983614,"interactionBox":{"center":[0,200,0],"size":[235.247,235.247,147.751]},"pointables":[{"bases":[[[0.87516,0.306385,0.374465],[-0.474866,0.69224,0.54342],[-0.0927236,-0.6534,0.751313]],[[0.856969,0.504237,0.106533],[-0.498442,0.75838,0.420018],[0.130996,-0.413043,0.901241]],[[0.856969,0.504237,0.106533],[-0.49982,0.863556,-0.066713],[-0.125637,0.00392349,0.992069]],[[0.856969,0.504237,0.106533],[-0.353479,0.725509,-0.590498],[-0.375042,0.468381,0.799976]]],"btipPosition":[-29.6708,318.536,-13.5263],"carpPosition":[-36.0313,309.249,81.595],"dipPosition":[-38.2309,329.226,4.73266],"direction":[0.125637,-0.00392349,-0.992069],"extended":false,"handId":997,"id":9970,"length":50.8265,"mcpPosition":[-36.0313,309.249,81.595],"pipPosition":[-42.4085,329.357,37.7207],"stabilizedTipPosition":[-30.8653,309.455,1.10559],"timeVisible":39.1835,"tipPosition":[-30.5305,321.225,-8.80455],"tipVelocity":[-11.4539,218.644,-217.084],"tool":false,"touchDistance":-0.416925,"touchZone":"hovering","type":0,"width":19.7488},{"bases":[[[0.75782,-0.645322,-0.0962674],[0.611081,0.650278,0.451351],[-0.228667,-0.40087,0.887138]],[[0.753824,-0.652043,-0.081174],[0.6296,0.75212,-0.194728],[0.188023,0.0956831,0.977493]],[[0.753824,-0.652043,-0.081174],[0.590846,0.726701,-0.350437],[0.28749,0.216207,0.933062]],[[0.753824,-0.652043,-0.081174],[0.558488,0.700897,-0.443661],[0.346181,0.289107,0.892511]]],"btipPosition":[-19.1261,333.502,-57.0384],"carpPosition":[-15.1096,318.663,84.4347],"dipPosition":[-13.3578,338.32,-42.1667],"direction":[-0.28749,-0.216207,-0.933062],"extended":true,"handId":997,"id":9971,"length":57.352,"mcpPosition":[1.29694,347.425,20.7836],"pipPosition":[-6.58107,343.416,-20.1724],"stabilizedTipPosition":[-18.4554,326.847,-47.5939],"timeVisible":39.1835,"tipPosition":[-18.0056,334.565,-53.4193],"tipVelocity":[27.3207,266.86,-208.772],"tool":false,"touchDistance":-0.290922,"touchZone":"hovering","type":1,"width":18.8641},{"bases":[[[0.604607,-0.794886,-0.0510511],[0.725233,0.522858,0.447946],[-0.329373,-0.307855,0.892602]],[[0.593064,-0.804889,-0.0206876],[0.546728,0.42144,-0.723517],[0.591069,0.417781,0.689997]],[[0.593064,-0.804889,-0.0206876],[-0.315492,-0.208671,-0.9257],[0.740769,0.555527,-0.377691]],[[0.593064,-0.804889,-0.0206876],[-0.650859,-0.464129,-0.600805],[0.47398,0.369781,-0.799128]]],"btipPosition":[-39.5651,291.432,15.4819],"carpPosition":[-4.96132,312.307,83.5308],"dipPosition":[-30.8785,298.209,0.836411],"direction":[-0.740769,-0.555527,0.377691],"extended":false,"handId":997,"id":9972,"length":65.348,"mcpPosition":[17.4497,333.254,22.797],"pipPosition":[-10.335,313.615,-9.63796],"stabilizedTipPosition":[-37.3289,273.843,29.1445],"timeVisible":39.1835,"tipPosition":[-37.5989,292.954,12.6336],"tipVelocity":[13.2216,201.799,-261.656],"tool":false,"touchDistance":0.333333,"touchZone":"none","type":2,"width":18.527},{"bases":[[[0.493144,-0.868664,0.0472372],[0.755707,0.454651,0.47138],[-0.430947,-0.196761,0.880664]],[[0.50578,-0.862408,0.0209455],[0.571613,0.316854,-0.756876],[0.6461,0.394786,0.653222]],[[0.50578,-0.862408,0.0209455],[-0.355649,-0.230576,-0.905731],[0.785939,0.450651,-0.423336]],[[0.50578,-0.862408,0.0209455],[-0.697174,-0.422933,-0.578857],[0.508069,0.278171,-0.81516]]],"btipPosition":[-29.1704,281.11,26.6289],"carpPosition":[3.14728,303.536,82.6013],"dipPosition":[-19.9125,286.178,11.7754],"direction":[-0.785939,-0.450651,0.423336],"extended":false,"handId":997,"id":9973,"length":62.8339,"mcpPosition":[29.4737,315.556,28.8018],"pipPosition":[1.32068,298.353,0.338443],"stabilizedTipPosition":[-25.7073,254.32,47.1323],"timeVisible":39.1835,"tipPosition":[-27.0852,282.282,24.0442],"tipVelocity":[10.9509,193.581,-247.653],"tool":false,"touchDistance":0.333333,"touchZone":"none","type":3,"width":17.6296},{"bases":[[[0.308263,-0.948699,0.0703078],[0.782148,0.294826,0.548929],[-0.541497,-0.114223,0.832907]],[[0.291002,-0.951835,0.0965864],[0.673519,0.132114,-0.727268],[0.679478,0.276689,0.679524]],[[0.291002,-0.951835,0.0965864],[-0.344838,-0.198521,-0.917429],[0.892415,0.233667,-0.385998]],[[0.291002,-0.951835,0.0965864],[-0.730618,-0.286271,-0.619875],[0.617669,0.109817,-0.778733]]],"btipPosition":[-14.1868,280.703,30.6448],"carpPosition":[6.02832,290.088,80.7251],"dipPosition":[-3.80372,282.549,17.5542],"direction":[-0.892415,-0.233667,0.385998],"extended":false,"handId":997,"id":9974,"length":49.2606,"mcpPosition":[36.65,296.548,33.6241],"pipPosition":[13.2189,287.006,10.1913],"stabilizedTipPosition":[-10.3354,255.402,49.8475],"timeVisible":39.1835,"tipPosition":[-11.7521,281.1,27.6977],"tipVelocity":[9.96295,194.741,-238.779],"tool":false,"touchDistance":0.333333,"touchZone":"none","type":4,"width":15.66}],"r":[[0.982762,-0.0142927,0.184323],[0.0197522,0.999418,-0.0278172],[-0.183818,0.0309784,0.982472]],"s":0.853532,"t":[-4.15327,-13.2677,19.4656],"timestamp":669744343648},false],[1,{"currentFrameRate":53.0251,"devices":[],"gestures":[],"hands":[{"armBasis":[[0.664209,-0.74516,-0.0596838],[0.722958,0.66062,-0.202272],[0.190153,0.0912017,0.977509]],"armWidth":62.1429,"confidence":0.531711,"direction":[0.44487,0.379418,-0.811254],"elbow":[40.3623,323.2,338.537],"grabStrength":0.437632,"id":997,"palmNormal":[-0.584364,-0.563462,-0.583977],"palmPosition":[6.21265,322.248,35.7428],"palmVelocity":[-4.98488,171.005,-226.243],"palmWidth":88.738,"pinchStrength":0.68578,"r":[[0.982519,-0.0233372,0.184694],[0.0269959,0.999485,-0.0173194],[-0.184195,0.0220026,0.982643]],"s":0.853935,"sphereCenter":[-9.61166,294.238,-3.55469],"sphereRadius":44.8816,"stabilizedPalmPosition":[6.30831,299.249,57.2015],"t":[-4.2491,-10.0622,15.1995],"timeVisible":39.2023,"type":"right","wrist":[-9.70839,299.185,81.1418]}],"id":4983615,"interactionBox":{"center":[0,200,0],"size":[235.247,235.247,147.751]},"pointables":[{"bases":[[[0.88258,0.282709,0.375672],[-0.45848,0.694522,0.554469],[-0.104159,-0.661601,0.742587]],[[0.867253,0.485906,0.108476],[-0.481361,0.762719,0.431917],[0.127134,-0.426798,0.895366]],[[0.867253,0.485906,0.108476],[-0.48342,0.873964,-0.0499311],[-0.119066,-0.00913675,0.992844]],[[0.867253,0.485906,0.108476],[-0.344594,0.743099,-0.573636],[-0.359342,0.460108,0.811896]]],"btipPosition":[-30.2453,322.967,-18.2396],"carpPosition":[-36.217,312.387,76.8935],"dipPosition":[-38.447,333.469,0.291361],"direction":[0.119066,0.00913675,-0.992844],"extended":false,"handId":997,"id":9970,"length":50.8265,"mcpPosition":[-36.217,312.387,76.8935],"pipPosition":[-42.4062,333.165,33.3052],"stabilizedTipPosition":[-31.2108,313.8,-3.00894],"timeVisible":39.2023,"tipPosition":[-31.0079,325.531,-13.4563],"tipVelocity":[-18.6372,225.723,-231.758],"tool":false,"touchDistance":-0.473327,"touchZone":"hovering","type":0,"width":19.7488},{"bases":[[[0.743742,-0.659738,-0.107673],[0.626051,0.63099,0.458162],[-0.234326,-0.408163,0.882323]],[[0.739558,-0.66673,-0.0923271],[0.645657,0.741471,-0.182613],[0.190212,0.0754417,0.97884]],[[0.739558,-0.66673,-0.0923271],[0.60746,0.720216,-0.335084],[0.289906,0.191729,0.937654]],[[0.739558,-0.66673,-0.0923271],[0.575561,0.697535,-0.426818],[0.348974,0.262517,0.899612]]],"btipPosition":[-18.8984,338.55,-61.6193],"carpPosition":[-15.0927,321.319,79.7914],"dipPosition":[-13.0835,342.924,-46.6293],"direction":[-0.289906,-0.191729,-0.937654],"extended":true,"handId":997,"id":9971,"length":57.352,"mcpPosition":[1.71987,350.605,16.4858],"pipPosition":[-6.24983,347.444,-24.5267],"stabilizedTipPosition":[-18.0622,332.434,-52.244],"timeVisible":39.2023,"tipPosition":[-17.8584,339.395,-57.9326],"tipVelocity":[20.1557,264.854,-224.987],"tool":false,"touchDistance":-0.358469,"touchZone":"hovering","type":1,"width":18.8641},{"bases":[[[0.587549,-0.806654,-0.0639956],[0.73748,0.501255,0.452622],[-0.333032,-0.313133,0.889403]],[[0.575899,-0.816824,-0.0337514],[0.55451,0.420626,-0.718048],[0.600715,0.394807,0.695175]],[[0.575899,-0.816824,-0.0337514],[-0.321161,-0.188082,-0.92816],[0.751795,0.545366,-0.370648]],[[0.575899,-0.816824,-0.0337514],[-0.6617,-0.44149,-0.606003],[0.480097,0.37133,-0.794746]]],"btipPosition":[-40.3097,295.581,10.4158],"carpPosition":[-5.08359,314.764,78.766],"dipPosition":[-31.511,302.387,-4.14946],"direction":[-0.751795,-0.545366,0.370648],"extended":false,"handId":997,"id":9972,"length":65.348,"mcpPosition":[17.5763,336.07,18.2499],"pipPosition":[-10.6618,317.511,-14.4285],"stabilizedTipPosition":[-37.4847,277.637,25.5505],"timeVisible":39.2023,"tipPosition":[-38.3235,297.098,7.60242],"tipVelocity":[-11.9188,211.094,-264.846],"tool":false,"touchDistance":0.333333,"touchZone":"none","type":2,"width":18.527},{"bases":[[[0.474859,-0.879418,0.0336476],[0.766581,0.432105,0.475015],[-0.432276,-0.199772,0.879334]],[[0.487604,-0.873034,0.00727226],[0.582757,0.319255,-0.747309],[0.650104,0.368629,0.664437]],[[0.487604,-0.873034,0.00727226],[-0.35498,-0.205859,-0.911927],[0.797641,0.442078,-0.410287]],[[0.487604,-0.873034,0.00727226],[-0.704095,-0.398147,-0.587988],[0.516229,0.281585,-0.808837]]],"btipPosition":[-30.0405,284.905,20.8414],"carpPosition":[2.83532,305.838,77.6889],"dipPosition":[-20.6339,290.036,6.10308],"direction":[-0.797641,-0.442078,0.410287],"extended":false,"handId":997,"id":9973,"length":62.8339,"mcpPosition":[29.2429,318.042,23.9706],"pipPosition":[0.915422,301.979,-4.9814],"stabilizedTipPosition":[-25.9457,257.811,43.8701],"timeVisible":39.2023,"tipPosition":[-27.942,286.069,18.432],"tipVelocity":[-16.1192,197.889,-276.223],"tool":false,"touchDistance":0.333333,"touchZone":"none","type":3,"width":17.6296},{"bases":[[[0.288404,-0.955856,0.0562429],[0.789884,0.270705,0.550274],[-0.541208,-0.114276,0.833087]],[[0.271095,-0.958999,0.0826351],[0.674794,0.128128,-0.726799],[0.686412,0.252793,0.681861]],[[0.271095,-0.958999,0.0826351],[-0.350698,-0.178356,-0.919348],[0.896392,0.220251,-0.38467]],[[0.271095,-0.958999,0.0826351],[-0.737915,-0.262184,-0.621885],[0.618053,0.107612,-0.778736]]],"btipPosition":[-15.1266,284.094,25.4222],"carpPosition":[5.42632,292.36,75.6186],"dipPosition":[-4.73701,285.903,12.3315],"direction":[-0.896392,-0.220251,0.38467],"extended":false,"handId":997,"id":9974,"length":49.2606,"mcpPosition":[36.0317,298.822,28.5074],"pipPosition":[12.3614,290.105,4.99405],"stabilizedTipPosition":[-10.611,258.742,46.6997],"timeVisible":39.2023,"tipPosition":[-12.697,284.482,22.4953],"tipVelocity":[-19.2837,187.403,-257.699],"tool":false,"touchDistance":0.333333,"touchZone":"none","type":4,"width":15.66}],"r":[[0.982519,-0.0233372,0.184694],[0.0269959,0.999485,-0.0173194],[-0.184195,0.0220026,0.982643]],"s":0.853935,"t":[-4.2491,-10.0622,15.1995],"timestamp":669744362470},false],[2,{"currentFrameRate":53.0074,"devices":[],"gestures":[],"hands":[{"armBasis":[[0.657758,-0.75115,-0.0559303],[0.730619,0.654309,-0.195131],[0.183168,0.0874849,0.979181]],"armWidth":62.1429,"confidence":0.540238,"direction":[0.443211,0.381426,-0.81122],"elbow":[38.5639,324.832,335.762],"grabStrength":0.426921,"id":997,"palmNormal":[-0.5961,-0.55047,-0.584506],"palmPosition":[6.18506,325.084,32.6189],"palmVelocity":[-3.25319,160.608,-196.195],"palmWidth":88.738,"pinchStrength":0.685016,"r":[[0.982492,-0.0334073,0.183287],[0.0353029,0.999352,-0.00708853],[-0.182931,0.013435,0.983034]],"s":0.855179,"sphereCenter":[-10.2795,297.586,-6.90004],"sphereRadius":45.016,"stabilizedPalmPosition":[6.29443,302.158,54.4331],"t":[-4.31081,-7.04149,11.5044],"timeVisible":39.2212,"type":"right","wrist":[-9.66748,301.796,77.9266]}],"id":4983616,"interactionBox":{"center":[0,200,0],"size":[235.247,235.247,147.751]},"pointables":[{"bases":[[[0.889058,0.267953,0.371185],[-0.445194,0.694983,0.564625],[-0.106674,-0.667233,0.737171]],[[0.873601,0.475504,0.103527],[-0.468444,0.764044,0.443618],[0.131843,-0.436042,0.890216]],[[0.873601,0.475504,0.103527],[-0.474924,0.879453,-0.0317754],[-0.106157,-0.0214086,0.994119]],[[0.873601,0.475504,0.103527],[-0.345235,0.755499,-0.556807],[-0.342979,0.450686,0.824165]]],"btipPosition":[-31.0991,327.024,-21.1891],"carpPosition":[-36.0389,315.372,74.0157],"dipPosition":[-38.9274,337.311,-2.3781],"direction":[0.106157,0.0214086,-0.994119],"extended":false,"handId":997,"id":9970,"length":50.8265,"mcpPosition":[-36.0389,315.372,74.0157],"pipPosition":[-42.4573,336.599,30.6781],"stabilizedTipPosition":[-31.6808,318.138,-6.86434],"timeVisible":39.2212,"tipPosition":[-31.7426,329.425,-16.3573],"tipVelocity":[-29.404,218.856,-192.807],"tool":false,"touchDistance":-0.497604,"touchZone":"hovering","type":0,"width":19.7488},{"bases":[[[0.73441,-0.668043,-0.119835],[0.637643,0.618654,0.458997],[-0.232493,-0.413504,0.880319]],[[0.730207,-0.675214,-0.104331],[0.654931,0.735247,-0.174578],[0.194586,0.0591484,0.9791]],[[0.730207,-0.675214,-0.104331],[0.617188,0.717388,-0.323162],[0.293049,0.171583,0.940575]],[[0.730207,-0.675214,-0.104331],[0.58579,0.697319,-0.413033],[0.351637,0.240483,0.90472]]],"btipPosition":[-19.0192,343.146,-64.6048],"carpPosition":[-14.7803,324.008,76.8269],"dipPosition":[-13.16,347.153,-49.5297],"direction":[-0.293049,-0.171583,-0.940575],"extended":true,"handId":997,"id":9971,"length":57.352,"mcpPosition":[1.90081,353.676,13.6651],"pipPosition":[-6.25217,351.198,-27.3583],"stabilizedTipPosition":[-17.8861,337.68,-56.2542],"timeVisible":39.2212,"tipPosition":[-18.0886,343.752,-60.8455],"tipVelocity":[7.39253,251.849,-191.458],"tool":false,"touchDistance":-0.395445,"touchZone":"hovering","type":1,"width":18.8641},{"bases":[[[0.576712,-0.813379,-0.0762789],[0.747365,0.487579,0.451345],[-0.329923,-0.317304,0.889083]],[[0.565171,-0.823688,-0.0460324],[0.555812,0.421415,-0.716577],[0.609635,0.379404,0.695987]],[[0.565171,-0.823688,-0.0460324],[-0.328816,-0.173739,-0.928275],[0.756612,0.539771,-0.369034]],[[0.565171,-0.823688,-0.0460324],[-0.671157,-0.426632,-0.606245],[0.479718,0.373527,-0.793945]]],"btipPosition":[-40.8474,299.277,7.23354],"carpPosition":[-4.86383,317.337,75.6596],"dipPosition":[-32.0557,306.122,-7.31701],"direction":[-0.756612,-0.539771,0.369034],"extended":false,"handId":997,"id":9972,"length":65.348,"mcpPosition":[17.5845,338.926,15.1653],"pipPosition":[-11.0729,321.092,-17.5513],"stabilizedTipPosition":[-37.7023,281.404,22.0351],"timeVisible":39.2212,"tipPosition":[-38.8674,300.791,4.45875],"tipVelocity":[-20.0546,203.54,-217.271],"tool":false,"touchDistance":0.333333,"touchZone":"none","type":2,"width":18.527},{"bases":[[[0.463884,-0.885633,0.0215826],[0.775761,0.417857,0.472854],[-0.427794,-0.202606,0.880876]],[[0.476544,-0.879137,-0.00492877],[0.582903,0.320155,-0.74681],[0.658126,0.353015,0.66502]],[[0.476544,-0.879137,-0.00492877],[-0.362407,-0.191332,-0.91217],[0.800979,0.436475,-0.409783]],[[0.476544,-0.879137,-0.00492877],[-0.712743,-0.383055,-0.587594],[0.514687,0.283527,-0.809141]]],"btipPosition":[-30.6291,288.358,17.46],"carpPosition":[2.93207,308.321,74.4352],"dipPosition":[-21.2507,293.524,2.71616],"direction":[-0.800979,-0.436475,0.409783],"extended":false,"handId":997,"id":9973,"length":62.8339,"mcpPosition":[29.0658,320.698,20.6227],"pipPosition":[0.388815,305.316,-8.35469],"stabilizedTipPosition":[-26.2178,261.229,40.6606],"timeVisible":39.2212,"tipPosition":[-28.5369,289.519,15.0513],"tipVelocity":[-23.641,190.509,-228.348],"tool":false,"touchDistance":0.333333,"touchZone":"none","type":3,"width":17.6296},{"bases":[[[0.276656,-0.959917,0.0449616],[0.797605,0.25547,0.546408],[-0.535992,-0.115305,0.836311]],[[0.259447,-0.963102,0.0715704],[0.675295,0.127938,-0.726367],[0.690408,0.236785,0.683571]],[[0.259447,-0.963102,0.0715704],[-0.35436,-0.163875,-0.920638],[0.898396,0.213495,-0.383802]],[[0.259447,-0.963102,0.0715704],[-0.743404,-0.246469,-0.621774],[0.616472,0.108112,-0.779919]]],"btipPosition":[-15.6625,287.297,21.7836],"carpPosition":[5.33487,294.832,72.2179],"dipPosition":[-5.29947,289.115,8.67303],"direction":[-0.898396,-0.213495,0.383802],"extended":false,"handId":997,"id":9974,"length":49.2606,"mcpPosition":[35.6453,301.352,24.9244],"pipPosition":[11.8372,293.187,1.35212],"stabilizedTipPosition":[-10.8921,261.795,43.7562],"timeVisible":39.2212,"tipPosition":[-13.2638,287.689,18.9657],"tipVelocity":[-23.8735,178.518,-225.675],"tool":false,"touchDistance":0.333333,"touchZone":"none","type":4,"width":15.66}],"r":[[0.982492,-0.0334073,0.183287],[0.0353029,0.999352,-0.00708853],[-0.182931,0.013435,0.983034]],"s":0.855179,"t":[-4.31081,-7.04149,11.5044],"timestamp":669744381399},false],[3,{"currentFrameRate":53.0156,"devices":[],"gestures":[],"hands":[{"armBasis":[[0.644647,-0.762113,-0.0601256],[0.742837,0.643038,-0.186266],[0.180619,0.0754125,0.980658]],"armWidth":62.1429,"confidence":0.540628,"direction":[0.444473,0.36603,-0.817598],"elbow":[37.558,325.107,333.451],"grabStrength":0.414032,"id":997,"palmNormal":[-0.608691,-0.546224,-0.575443],"palmPosition":[5.95507,327.826,29.5961],"palmVelocity":[-7.63575,153.253,-178.736],"palmWidth":88.738,"pinchStrength":0.688837,"r":[[0.982487,-0.0443493,0.180976],[0.0452667,0.998974,-0.000939769],[-0.180749,0.00911552,0.983487]],"s":0.855758,"sphereCenter":[-11.1905,300.138,-9.67974],"sphereRadius":45.1316,"stabilizedPalmPosition":[6.25928,304.816,51.8611],"t":[-4.45666,-4.16033,8.14553],"timeVisible":39.2401,"type":"right","wrist":[-10.0021,305.25,75.2266]}],"id":4983617,"interactionBox":{"center":[0,200,0],"size":[235.247,235.247,147.751]},"pointables":[{"bases":[[[0.895625,0.256802,0.363193],[-0.430174,0.707789,0.560343],[-0.113167,-0.658094,0.744383]],[[0.881505,0.463193,0.0916545],[-0.453165,0.775402,0.439765],[0.132627,-0.42919,0.893424]],[[0.881505,0.463193,0.0916545],[-0.462206,0.886158,-0.0330054],[-0.0965083,-0.0132688,0.995244]],[[0.881505,0.463193,0.0916545],[-0.33993,0.757271,-0.557663],[-0.327713,0.460427,0.824992]]],"btipPosition":[-31.9367,330.049,-24.0787],"carpPosition":[-36.169,319.222,71.3386],"dipPosition":[-39.4165,340.557,-5.24877],"direction":[0.0965083,0.0132688,-0.995244],"extended":false,"handId":997,"id":9970,"length":50.8265,"mcpPosition":[-36.169,319.222,71.3386],"pipPosition":[-42.6256,340.116,27.8448],"stabilizedTipPosition":[-32.2173,322.028,-10.3618],"timeVisible":39.2401,"tipPosition":[-32.4921,332.419,-19.2709],"tipVelocity":[-34.6942,191.676,-173.432],"tool":false,"touchDistance":-0.519455,"touchZone":"hovering","type":0,"width":19.7488},{"bases":[[[0.722518,-0.68128,-0.117577],[0.650585,0.612472,0.449018],[-0.233894,-0.400917,0.885753]],[[0.718157,-0.68844,-0.101491],[0.667688,0.722787,-0.178246],[0.196068,0.0602437,0.978738]],[[0.718157,-0.68844,-0.101491],[0.630833,0.705635,-0.322691],[0.29377,0.167719,0.941047]],[[0.718157,-0.68844,-0.101491],[0.600156,0.686566,-0.410413],[0.352226,0.233831,0.906234]]],"btipPosition":[-18.981,345.923,-67.9058],"carpPosition":[-14.7538,327.532,73.937],"dipPosition":[-13.112,349.82,-52.8055],"direction":[-0.29377,-0.167719,-0.941047],"extended":true,"handId":997,"id":9971,"length":57.352,"mcpPosition":[2.02787,356.297,10.3853],"pipPosition":[-6.1872,353.773,-30.6229],"stabilizedTipPosition":[-17.7823,341.402,-59.5845],"timeVisible":39.2401,"tipPosition":[-18.1806,346.362,-64.0818],"tipVelocity":[4.82653,200.121,-183.392],"tool":false,"touchDistance":-0.433661,"touchZone":"hovering","type":1,"width":18.8641},{"bases":[[[0.56271,-0.823545,-0.0716399],[0.758076,0.479526,0.442013],[-0.329665,-0.303034,0.894143]],[[0.551208,-0.833346,-0.0412811],[0.56177,0.407249,-0.720113],[0.616915,0.373742,0.692628]],[[0.551208,-0.833346,-0.0412811],[-0.333106,-0.174428,-0.926615],[0.76499,0.524509,-0.373739]],[[0.551208,-0.833346,-0.0412811],[-0.679992,-0.420002,-0.601008],[0.483509,0.359351,-0.798177]]],"btipPosition":[-41.6015,302.604,4.37239],"carpPosition":[-4.95626,320.686,72.7768],"dipPosition":[-32.7402,309.19,-10.2557],"direction":[-0.76499,-0.524509,0.373739],"extended":false,"handId":997,"id":9972,"length":65.348,"mcpPosition":[17.4745,341.305,11.9382],"pipPosition":[-11.5251,323.736,-20.6205],"stabilizedTipPosition":[-38.0141,285.21,18.5115],"timeVisible":39.2401,"tipPosition":[-39.6193,304.05,1.66782],"tipVelocity":[-29.415,188.852,-185.767],"tool":false,"touchDistance":0.333333,"touchZone":"none","type":2,"width":18.527},{"bases":[[[0.449305,-0.892952,0.0276059],[0.785447,0.409557,0.464044],[-0.425675,-0.186814,0.885382]],[[0.462103,-0.886826,0.000536566],[0.597033,0.310651,-0.739627],[0.655753,0.342104,0.673017]],[[0.462103,-0.886826,0.000536566],[-0.354638,-0.185348,-0.916448],[0.81283,0.423303,-0.400152]],[[0.462103,-0.886826,0.000536566],[-0.715213,-0.373037,-0.591027],[0.524338,0.272731,-0.806652]]],"btipPosition":[-31.4014,291.631,13.691],"carpPosition":[2.6819,311.531,71.5954],"dipPosition":[-21.8471,296.6,-1.0075],"direction":[-0.81283,-0.423303,0.400152],"extended":false,"handId":997,"id":9973,"length":62.8339,"mcpPosition":[28.6862,322.943,17.5077],"pipPosition":[0.112576,308.037,-11.8182],"stabilizedTipPosition":[-26.5331,264.559,37.4564],"timeVisible":39.2401,"tipPosition":[-29.2991,292.742,11.5942],"tipVelocity":[-31.085,181.153,-214.273],"tool":false,"touchDistance":0.333333,"touchZone":"none","type":3,"width":17.6296},{"bases":[[[0.261021,-0.963886,0.0528382],[0.805054,0.247561,0.539074],[-0.532687,-0.0981723,0.840599]],[[0.244008,-0.966513,0.0794524],[0.676653,0.110993,-0.727888],[0.694695,0.231372,0.681077]],[[0.244008,-0.966513,0.0794524],[-0.357861,-0.165887,-0.918922],[0.90133,0.195791,-0.386355]],[[0.244008,-0.966513,0.0794524],[-0.748946,-0.239858,-0.617696],[0.616069,0.0912173,-0.782393]]],"btipPosition":[-16.5335,290.287,18.9974],"carpPosition":[4.84776,297.982,69.4979],"dipPosition":[-6.17728,291.821,5.84526],"direction":[-0.90133,-0.195791,0.386355],"extended":false,"handId":997,"id":9974,"length":49.2606,"mcpPosition":[34.9712,303.534,21.962],"pipPosition":[11.0153,295.555,-1.52435],"stabilizedTipPosition":[-11.2365,264.843,40.8209],"timeVisible":39.2401,"tipPosition":[-14.1554,290.622,16.2538],"tipVelocity":[-34.86,167.157,-187.898],"tool":false,"touchDistance":0.333333,"touchZone":"none","type":4,"width":15.66}],"r":[[0.982487,-0.0443493,0.180976],[0.0452667,0.998974,-0.000939769],[-0.180749,0.00911552,0.983487]],"s":0.855758,"t":[-4.45666,-4.16033,8.14553],"timestamp":669744400232},false],[4,{"currentFrameRate":52.9585,"devices":[],"gestures":[],"hands":[{"armBasis":[[0.631378,-0.772945,-0.0625915],[0.753276,0.630478,-0.187277],[0.184218,0.0710942,0.980311]],"armWidth":62.1429,"confidence":0.551133,"direction":[0.456232,0.347611,-0.819158],"elbow":[37.0819,327.504,329.851],"grabStrength":0.40502,"id":997,"palmNormal":[-0.611166,-0.546682,-0.572376],"palmPosition":[5.21784,330.45,25.8917],"palmVelocity":[-22.9371,145.459,-186.308],"palmWidth":88.738,"pinchStrength":0.689632,"r":[[0.981953,-0.0551747,0.1809],[0.0559105,0.998435,0.00103293],[-0.180674,0.00909991,0.983501]],"s":0.856007,"sphereCenter":[-11.9745,302.36,-13.2069],"sphereRadius":45.2145,"stabilizedPalmPosition":[6.1634,307.176,49.4703],"t":[-4.8982,-1.40775,4.61387],"timeVisible":39.2592,"type":"right","wrist":[-11.4258,308.784,71.7177]}],"id":4983618,"interactionBox":{"center":[0,200,0],"size":[235.247,235.247,147.751]},"pointables":[{"bases":[[[0.895933,0.25026,0.366979],[-0.425256,0.721898,0.545913],[-0.128301,-0.645162,0.753197]],[[0.886637,0.453403,0.0911092],[-0.44628,0.787172,0.425669],[0.121281,-0.418074,0.900281]],[[0.886637,0.453403,0.0911092],[-0.451054,0.891306,-0.0460859],[-0.102102,-0.000233765,0.994774]],[[0.886637,0.453403,0.0911092],[-0.327604,0.754824,-0.568257],[-0.326421,0.47399,0.817792]]],"btipPosition":[-32.4266,332.587,-28.1761],"carpPosition":[-37.3678,323.045,67.395],"dipPosition":[-39.8769,343.405,-9.51054],"direction":[0.102102,0.000233765,-0.994774],"extended":false,"handId":997,"id":9970,"length":50.8265,"mcpPosition":[-37.3678,323.045,67.395],"pipPosition":[-43.272,343.398,23.5674],"stabilizedTipPosition":[-32.6553,325,-13.4422],"timeVisible":39.2592,"tipPosition":[-32.9937,334.947,-23.4236],"tipVelocity":[-30.0607,164.535,-194.768],"tool":false,"touchDistance":-0.557872,"touchZone":"hovering","type":0,"width":19.7488},{"bases":[[[0.714203,-0.692599,-0.101097],[0.655012,0.61044,0.445334],[-0.246724,-0.384279,0.889639]],[[0.709511,-0.699598,-0.0846013],[0.680046,0.711216,-0.178069],[0.184746,0.0688088,0.980375]],[[0.709511,-0.699598,-0.0846013],[0.645524,0.693389,-0.320173],[0.282654,0.172554,0.943574]],[[0.709511,-0.699598,-0.0846013],[0.616344,0.67427,-0.406791],[0.341634,0.236479,0.909595]]],"btipPosition":[-18.2586,347.786,-72.2535],"carpPosition":[-15.8647,331.105,70.0522],"dipPosition":[-12.5661,351.726,-57.0972],"direction":[-0.282654,-0.172554,-0.943574],"extended":true,"handId":997,"id":9971,"length":57.352,"mcpPosition":[1.8374,358.677,6.22174],"pipPosition":[-5.90329,355.794,-34.8551],"stabilizedTipPosition":[-17.5303,343.607,-62.3627],"timeVisible":39.2592,"tipPosition":[-17.5761,348.168,-68.393],"tipVelocity":[20.0815,149.749,-204.973],"tool":false,"touchDistance":-0.483651,"touchZone":"hovering","type":1,"width":18.8641},{"bases":[[[0.552106,-0.831998,-0.0544017],[0.760751,0.475975,0.441255],[-0.341229,-0.285005,0.895731]],[[0.540227,-0.841176,-0.0240213],[0.575418,0.390078,-0.718842],[0.614043,0.374515,0.694759]],[[0.540227,-0.841176,-0.0240213],[-0.325001,-0.182224,-0.927992],[0.776227,0.509133,-0.371826]],[[0.540227,-0.841176,-0.0240213],[-0.679402,-0.419132,-0.602281],[0.496556,0.341688,-0.797923]]],"btipPosition":[-42.4254,305.517,0.409112],"carpPosition":[-6.15128,324.112,69.0795],"dipPosition":[-33.325,311.779,-14.2143],"direction":[-0.776227,-0.509133,0.371826],"extended":false,"handId":997,"id":9972,"length":65.348,"mcpPosition":[17.0664,343.504,8.13279],"pipPosition":[-11.7982,325.899,-24.526],"stabilizedTipPosition":[-38.3731,288.578,15.1874],"timeVisible":39.2592,"tipPosition":[-40.4047,306.892,-2.25664],"tipVelocity":[-34.781,169.031,-196.536],"tool":false,"touchDistance":0.333333,"touchZone":"none","type":2,"width":18.527},{"bases":[[[0.436943,-0.898368,0.0448977],[0.786987,0.405988,0.464569],[-0.435582,-0.167656,0.884398]],[[0.450197,-0.892757,0.0175412],[0.617152,0.296899,-0.72868],[0.645326,0.338876,0.684629]],[[0.450197,-0.892757,0.0175412],[-0.337031,-0.188083,-0.922516],[0.826881,0.409402,-0.385561]],[[0.450197,-0.892757,0.0175412],[-0.709582,-0.369613,-0.599899],[0.542048,0.257626,-0.799883]]],"btipPosition":[-32.354,294.56,9.23381],"carpPosition":[1.37206,314.839,68.1017],"dipPosition":[-22.477,299.254,-5.34132],"direction":[-0.826881,-0.409402,0.385561],"extended":false,"handId":997,"id":9973,"length":62.8339,"mcpPosition":[27.9816,325.081,14.0741],"pipPosition":[-0.137671,310.315,-15.7578],"stabilizedTipPosition":[-26.8727,267.533,34.4348],"timeVisible":39.2592,"tipPosition":[-30.2179,295.618,7.30095],"tipVelocity":[-38.4575,165.83,-223.036],"tool":false,"touchDistance":0.333333,"touchZone":"none","type":3,"width":17.6296},{"bases":[[[0.247513,-0.966383,0.0695738],[0.803772,0.244899,0.542194],[-0.541006,-0.0782786,0.837368]],[[0.230356,-0.968369,0.095904],[0.687909,0.0923442,-0.719898],[0.688271,0.231806,0.687422]],[[0.230356,-0.968369,0.095904],[-0.347519,-0.173921,-0.921402],[0.908937,0.178922,-0.376591]],[[0.230356,-0.968369,0.095904],[-0.744631,-0.23886,-0.623274],[0.626467,0.072162,-0.776101]]],"btipPosition":[-17.6371,293.039,15.3983],"carpPosition":[3.37208,301.232,66.2269],"dipPosition":[-7.10608,294.252,2.35192],"direction":[-0.908937,-0.178922,0.376591],"extended":false,"handId":997,"id":9974,"length":49.2606,"mcpPosition":[33.966,305.659,18.8737],"pipPosition":[10.2316,297.665,-4.83144],"stabilizedTipPosition":[-11.6412,267.739,37.9297],"timeVisible":39.2592,"tipPosition":[-15.2404,293.313,12.7558],"tipVelocity":[-45.1557,153.898,-187.593],"tool":false,"touchDistance":0.333333,"touchZone":"none","type":4,"width":15.66}],"r":[[0.981953,-0.0551747,0.1809],[0.0559105,0.998435,0.00103293],[-0.180674,0.00909991,0.983501]],"s":0.856007,"t":[-4.8982,-1.40775,4.61387],"timestamp":669744419320},false],[5,{"currentFrameRate":52.9893,"devices":[],"gestures":[],"hands":[{"armBasis":[[0.61697,-0.784544,-0.0619525],[0.766147,0.616765,-0.180608],[0.179905,0.0639653,0.981602]],"armWidth":62.1429,"confidence":0.562733,"direction":[0.461887,0.335778,-0.820922],"elbow":[35.3003,327.481,327.733],"grabStrength":0.398602,"id":997,"palmNormal":[-0.622097,-0.53707,-0.569694],"palmPosition":[4.93197,331.811,23.3362],"palmVelocity":[-19.1806,109.885,-161.868],"palmWidth":88.738,"pinchStrength":0.679308,"r":[[0.98123,-0.067437,0.180664],[0.0682266,0.997668,0.00184704],[-0.180367,0.0105137,0.983543]],"s":0.857202,"sphereCenter":[-12.8632,303.89,-15.7537],"sphereRadius":45.3504,"stabilizedPalmPosition":[6.07514,308.942,47.5972],"t":[-5.2619,0.649013,1.57032],"timeVisible":39.2779,"type":"right","wrist":[-12.0719,310.638,69.2603]}],"id":4983619,"interactionBox":{"center":[0,200,0],"size":[235.247,235.247,147.751]},"pointables":[{"bases":[[[0.900938,0.234505,0.365127],[-0.410825,0.731914,0.543621],[-0.13976,-0.639772,0.75575]],[[0.895064,0.437215,0.087765],[-0.430106,0.79443,0.428823],[0.117765,-0.421572,0.899115]],[[0.895064,0.437215,0.087765],[-0.435555,0.899348,-0.038269],[-0.0956631,-0.00397331,0.995406]],[[0.895064,0.437215,0.087765],[-0.318799,0.764979,-0.559619],[-0.311812,0.472916,0.824089]]],"btipPosition":[-33.1772,335.236,-30.7689],"carpPosition":[-37.742,325.375,64.9103],"dipPosition":[-40.2941,346.03,-11.9596],"direction":[0.0956631,0.00397331,-0.995406],"extended":false,"handId":997,"id":9970,"length":50.8265,"mcpPosition":[-37.742,325.375,64.9103],"pipPosition":[-43.4751,345.898,21.1394],"stabilizedTipPosition":[-33.0875,327.546,-16.0445],"timeVisible":39.2779,"tipPosition":[-33.6687,337.332,-26.024],"tipVelocity":[-32.9196,153.002,-166.311],"tool":false,"touchDistance":-0.568813,"touchZone":"hovering","type":0,"width":19.7488},{"bases":[[[0.700761,-0.706464,-0.0992118],[0.667012,0.599504,0.442368],[-0.253039,-0.37617,0.891329]],[[0.695879,-0.713412,-0.0824345],[0.694119,0.69759,-0.177673],[0.18426,0.0664197,0.980631]],[[0.695879,-0.713412,-0.0824345],[0.660112,0.680614,-0.317833],[0.282852,0.166757,0.944556]],[[0.695879,-0.713412,-0.0824345],[0.631257,0.662364,-0.403471],[0.342443,0.22873,0.911271]]],"btipPosition":[-18.0249,349.498,-74.9735],"carpPosition":[-16.0864,333.034,67.5153],"dipPosition":[-12.3188,353.31,-59.7892],"direction":[-0.282852,-0.166757,-0.944556],"extended":true,"handId":997,"id":9971,"length":57.352,"mcpPosition":[2.06891,360.023,3.56357],"pipPosition":[-5.65141,357.24,-37.524],"stabilizedTipPosition":[-17.3541,345.065,-64.3271],"timeVisible":39.2779,"tipPosition":[-17.3879,349.818,-71.0949],"tipVelocity":[16.4435,120.447,-175.539],"tool":false,"touchDistance":-0.504322,"touchZone":"hovering","type":1,"width":18.8641},{"bases":[[[0.536086,-0.842571,-0.0518274],[0.770164,0.463033,0.438688],[-0.345628,-0.27509,0.897144]],[[0.524075,-0.851403,-0.0214204],[0.58319,0.377081,-0.719513],[0.620673,0.364587,0.694148]],[[0.524075,-0.851403,-0.0214204],[-0.327948,-0.178527,-0.927673],[0.785999,0.493195,-0.372777]],[[0.524075,-0.851403,-0.0214204],[-0.687296,-0.40794,-0.601007],[0.502961,0.329695,-0.798957]]],"btipPosition":[-43.1838,307.712,-2.13333],"carpPosition":[-6.50905,325.853,66.5591],"dipPosition":[-33.9661,313.754,-16.7757],"direction":[-0.785999,-0.493195,0.372777],"extended":false,"handId":997,"id":9972,"length":65.348,"mcpPosition":[17.0079,344.57,5.51632],"pipPosition":[-12.1683,327.432,-27.1138],"stabilizedTipPosition":[-38.746,291.422,12.3202],"timeVisible":39.2779,"tipPosition":[-41.1417,309.037,-4.79236],"tipVelocity":[-36.834,142.32,-166.881],"tool":false,"touchDistance":0.333333,"touchZone":"none","type":2,"width":18.527},{"bases":[[[0.419787,-0.906361,0.0478378],[0.795087,0.392646,0.46224],[-0.43774,-0.156007,0.885464]],[[0.433203,-0.901068,0.0202638],[0.627692,0.285487,-0.724223],[0.64679,0.326456,0.689268]],[[0.433203,-0.901068,0.0202638],[-0.334139,-0.181443,-0.924894],[0.83707,0.393896,-0.379684]],[[0.433203,-0.901068,0.0202638],[-0.713766,-0.35671,-0.602741],[0.550339,0.246646,-0.79768]]],"btipPosition":[-33.2493,296.604,6.27458],"carpPosition":[0.835082,316.434,65.6086],"dipPosition":[-23.2212,301.098,-8.2604],"direction":[-0.83707,-0.393896,0.379684],"extended":false,"handId":997,"id":9973,"length":62.8339,"mcpPosition":[27.5765,325.964,11.5159],"pipPosition":[-0.606627,311.74,-18.5181],"stabilizedTipPosition":[-27.2097,270.026,31.8262],"timeVisible":39.2779,"tipPosition":[-31.0929,297.617,4.3859],"tipVelocity":[-42.0732,136.88,-190.937],"tool":false,"touchDistance":0.333333,"touchZone":"none","type":3,"width":17.6296},{"bases":[[[0.229121,-0.97066,0.0729617],[0.808882,0.231558,0.540454],[-0.541492,-0.064812,0.838204]],[[0.2119,-0.972223,0.0994062],[0.692458,0.0775852,-0.717274],[0.689638,0.220825,0.689664]],[[0.2119,-0.972223,0.0994062],[-0.347004,-0.169937,-0.922339],[0.913612,0.160949,-0.373375]],[[0.2119,-0.972223,0.0994062],[-0.747476,-0.226757,-0.624389],[0.629586,0.058004,-0.774763]]],"btipPosition":[-18.5972,294.79,12.746],"carpPosition":[2.57332,302.785,63.783],"dipPosition":[-8.01371,295.765,-0.277879],"direction":[-0.913612,-0.160949,0.373375],"extended":false,"handId":997,"id":9974,"length":49.2606,"mcpPosition":[33.1947,306.45,16.3825],"pipPosition":[9.41318,298.835,-7.3999],"stabilizedTipPosition":[-12.0441,270.17,35.4188],"timeVisible":39.2779,"tipPosition":[-16.2047,295.016,10.1777],"tipVelocity":[-47.778,122.92,-164.909],"tool":false,"touchDistance":0.333333,"touchZone":"none","type":4,"width":15.66}],"r":[[0.98123,-0.067437,0.180664],[0.0682266,0.997668,0.00184704],[-0.180367,0.0105137,0.983543]],"s":0.857202,"t":[-5.2619,0.649013,1.57032],"timestamp":669744438081},false],[6,{"currentFrameRate":52.8443,"devices":[],"gestures":[],"hands":[{"armBasis":[[0.625608,-0.777817,-0.0601291],[0.758734,0.624564,-0.185047],[0.181487,0.0701448,0.980888]],"armWidth":62.1429,"confidence":0.565496,"direction":[0.460149,0.356006,-0.81334],"elbow":[35.7162,329.445,324.819],"grabStrength":0.390871,"id":997,"palmNormal":[-0.61643,-0.531187,-0.581252],"palmPosition":[4.81334,333.201,21.0663],"palmVelocity":[-12.6378,90.6749,-139.289],"palmWidth":88.738,"pinchStrength":0.675022,"r":[[0.980611,-0.0762178,0.180535],[0.0763073,0.997063,0.00645968],[-0.180497,0.00744171,0.983547]],"s":0.858823,"sphereCenter":[-12.6707,305.869,-18.6683],"sphereRadius":45.4496,"stabilizedPalmPosition":[6.00296,310.329,46.0795],"t":[-5.50307,2.37241,-1.08643],"timeVisible":39.2974,"type":"right","wrist":[-12.0725,310.975,66.5341]}],"id":4983620,"interactionBox":{"center":[0,200,0],"size":[235.247,235.247,147.751]},"pointables":[{"bases":[[[0.89826,0.235202,0.371227],[-0.418139,0.717367,0.557264],[-0.135237,-0.655793,0.742729]],[[0.890859,0.443762,0.0971945],[-0.437723,0.781276,0.444979],[0.121529,-0.438958,0.890251]],[[0.890859,0.443762,0.0971945],[-0.44437,0.895692,-0.0164906],[-0.0943742,-0.0284995,0.995129]],[[0.890859,0.443762,0.0971945],[-0.327918,0.776235,-0.538451],[-0.314389,0.447812,0.837033]]],"btipPosition":[-33.4681,337.663,-33.1018],"carpPosition":[-37.8657,325.567,62.432],"dipPosition":[-40.6439,347.884,-13.9971],"direction":[0.0943742,0.0284995,-0.995129],"extended":false,"handId":997,"id":9970,"length":50.8265,"mcpPosition":[-37.8657,325.567,62.432],"pipPosition":[-43.782,346.937,19.0927],"stabilizedTipPosition":[-33.4689,329.888,-18.4227],"timeVisible":39.2974,"tipPosition":[-34.0058,339.565,-28.3122],"tipVelocity":[-24.2846,135.521,-141.382],"tool":false,"touchDistance":-0.57424,"touchZone":"hovering","type":0,"width":19.7488},{"bases":[[[0.707155,-0.698141,-0.111943],[0.660985,0.59652,0.455261],[-0.25106,-0.395933,0.883293]],[[0.702357,-0.705393,-0.0954751],[0.688935,0.707369,-0.158108],[0.179065,0.0452723,0.982795]],[[0.702357,-0.705393,-0.0954751],[0.656333,0.69367,-0.29673],[0.27554,0.145747,0.950177]],[[0.702357,-0.705393,-0.0954751],[0.628569,0.67755,-0.381873],[0.33406,0.208198,0.91927]]],"btipPosition":[-17.8337,352.971,-77.0438],"carpPosition":[-16.2829,333.364,65.2249],"dipPosition":[-12.2673,356.44,-61.7263],"direction":[-0.27554,-0.145747,-0.950177],"extended":true,"handId":997,"id":9971,"length":57.352,"mcpPosition":[1.73038,361.772,1.84971],"pipPosition":[-5.77226,359.875,-39.3285],"stabilizedTipPosition":[-17.1813,346.943,-66.3108],"timeVisible":39.2974,"tipPosition":[-17.2646,353.137,-73.1367],"tipVelocity":[12.31,147.491,-140.198],"tool":false,"touchDistance":-0.512818,"touchZone":"hovering","type":1,"width":18.8641},{"bases":[[[0.543621,-0.836609,-0.0675379],[0.76535,0.461066,0.449063],[-0.344551,-0.295811,0.890944]],[[0.531651,-0.84614,-0.0373508],[0.581536,0.396745,-0.710218],[0.615762,0.355867,0.70299]],[[0.531651,-0.84614,-0.0373508],[-0.324222,-0.16258,-0.931905],[0.78245,0.507558,-0.360773]],[[0.531651,-0.84614,-0.0373508],[-0.682446,-0.401846,-0.610563],[0.501612,0.350096,-0.791087]]],"btipPosition":[-43.0348,309.196,-5.01995],"carpPosition":[-6.64074,326.289,64.1434],"dipPosition":[-33.8418,315.612,-19.5181],"direction":[-0.78245,-0.507558,0.360773],"extended":false,"handId":997,"id":9972,"length":65.348,"mcpPosition":[16.8029,346.416,3.52248],"pipPosition":[-12.1425,329.688,-29.5233],"stabilizedTipPosition":[-38.9888,293.572,10.0118],"timeVisible":39.2974,"tipPosition":[-41.0012,310.591,-7.65024],"tipVelocity":[-14.7224,111.506,-156.805],"tool":false,"touchDistance":0.333333,"touchZone":"none","type":2,"width":18.527},{"bases":[[[0.42774,-0.903382,0.0306491],[0.79086,0.390451,0.471263],[-0.437698,-0.177339,0.88146]],[[0.441209,-0.897399,0.00308882],[0.629979,0.307276,-0.713238],[0.63911,0.316633,0.700916]],[[0.441209,-0.897399,0.00308882],[-0.326245,-0.163604,-0.93102],[0.836001,0.409767,-0.364956]],[[0.441209,-0.897399,0.00308882],[-0.707421,-0.349919,-0.614095],[0.552169,0.268759,-0.789226]]],"btipPosition":[-32.9686,298.025,2.87078],"carpPosition":[0.788141,316.956,63.0197],"dipPosition":[-22.9072,302.922,-11.5102],"direction":[-0.836001,-0.409767,0.364956],"extended":false,"handId":997,"id":9973,"length":62.8339,"mcpPosition":[27.5269,327.79,9.17158],"pipPosition":[-0.321484,313.993,-21.37],"stabilizedTipPosition":[-27.4265,271.859,29.7958],"timeVisible":39.2974,"tipPosition":[-30.8152,299.096,1.01442],"tipVelocity":[-13.6103,107.361,-182.073],"tool":false,"touchDistance":0.333333,"touchZone":"none","type":3,"width":17.6296},{"bases":[[[0.237614,-0.969848,0.0541721],[0.805964,0.227977,0.546304],[-0.542182,-0.086149,0.835833]],[[0.220322,-0.97209,0.0806192],[0.693596,0.0980152,-0.713665],[0.685844,0.213153,0.695833]],[[0.220322,-0.97209,0.0806192],[-0.34321,-0.154621,-0.926444],[0.913052,0.176447,-0.367698]],[[0.220322,-0.97209,0.0806192],[-0.744132,-0.220941,-0.630438],[0.630655,0.0789081,-0.772042]]],"btipPosition":[-18.3577,296.191,9.65825],"carpPosition":[2.65025,303.361,60.9279],"dipPosition":[-7.75623,297.517,-3.31992],"direction":[-0.913052,-0.176447,0.367698],"extended":false,"handId":997,"id":9974,"length":49.2606,"mcpPosition":[33.3107,308.233,13.6615],"pipPosition":[9.65999,300.883,-10.3337],"stabilizedTipPosition":[-12.3084,271.965,33.4584],"timeVisible":39.2974,"tipPosition":[-15.9654,296.488,7.1034],"tipVelocity":[-17.611,99.5465,-161.576],"tool":false,"touchDistance":0.3