{"sensorType":"Leap","data":[[0,{"currentFrameRate":54.032,"devices":[],"gestures":[],"hands":[{"armBasis":[[0.955225,-0.125341,-0.268021],[0.0695868,0.9756,-0.208237],[0.287582,0.180262,0.940639]],"armWidth":61.4671,"confidence":0.712219,"direction":[-0.0685417,0.314074,-0.946921],"elbow":[111.335,286.704,331.753],"grabStrength":0,"id":963,"palmNormal":[-0.119738,-0.944882,-0.30473],"palmPosition":[25.0812,252.857,36.9166],"palmVelocity":[-100.842,-129.386,157.519],"palmWidth":87.7729,"pinchStrength":0.425149,"r":[[0.984669,0.111249,0.13435],[-0.0935161,0.986858,-0.131778],[-0.147245,0.117194,0.982133]],"s":0.947177,"sphereCenter":[29.7079,210.809,4.51093],"sphereRadius":49.9417,"stabilizedPalmPosition":[36.9566,263.984,20.1675],"t":[11.2661,-63.9742,-11.5694],"timeVisible":33.8794,"type":"right","wrist":[36.4335,239.754,86.7596]}],"id":4955841,"interactionBox":{"center":[0,200,0],"size":[235.247,235.247,147.751]},"pointables":[{"bases":[[[0.492271,0.869194,0.0465904],[-0.7168,0.374432,0.588216],[0.493829,-0.322958,0.80736]],[[0.322742,0.925945,-0.196122],[-0.776388,0.37751,0.504686],[0.541349,-0.0106168,0.840731]],[[0.322742,0.925945,-0.196122],[-0.936367,0.342582,0.0765172],[0.138039,0.158947,0.97759]],[[0.322742,0.925945,-0.196122],[-0.938145,0.340404,0.0633094],[0.125382,0.163558,0.978534]]],"btipPosition":[-25.263,223.008,-5.20214],"carpPosition":[8.17518,231.417,89.5258],"dipPosition":[-22.4324,226.701,16.8894],"direction":[-0.138039,-0.158947,-0.97759],"extended":false,"handId":963,"id":9630,"length":50.2737,"mcpPosition":[8.17518,231.417,89.5258],"pipPosition":[-17.8923,231.928,49.0424],"stabilizedTipPosition":[-15.9305,232.753,-12.2669],"timeVisible":33.8794,"tipPosition":[-23.3897,222.838,-0.0611235],"tipVelocity":[-120.882,-149.018,189.687],"tool":false,"touchDistance":0.48495,"touchZone":"hovering","type":0,"width":19.534},{"bases":[[[0.964868,-0.0384488,-0.259907],[0.0837213,0.982661,0.165436],[0.249039,-0.181384,0.951357]],[[0.986424,-0.0581893,-0.15356],[0.0489519,0.996795,-0.0632683],[0.15675,0.0548923,0.986112]],[[0.986424,-0.0581893,-0.15356],[0.0207868,0.971837,-0.234735],[0.162895,0.228356,0.959854]],[[0.986424,-0.0581893,-0.15356],[-0.000482025,0.934084,-0.357053],[0.164215,0.35228,0.921375]]],"btipPosition":[-13.2428,251.229,-61.2466],"carpPosition":[17.432,251.762,84.703],"dipPosition":[-10.5363,257.035,-46.0609],"direction":[-0.162895,-0.228356,-0.959854],"extended":true,"handId":963,"id":9631,"length":56.7283,"mcpPosition":[-0.24198,264.634,17.1867],"pipPosition":[-6.73823,262.359,-23.6812],"stabilizedTipPosition":[-8.66042,257.466,-62.5169],"timeVisible":33.8794,"tipPosition":[-12.212,253.532,-57.8524],"tipVelocity":[-136.329,-191.85,171.201],"tool":false,"touchDistance":0.481729,"touchZone":"hovering","type":1,"width":18.6589},{"bases":[[[0.961139,-0.229553,-0.153355],[0.251086,0.957793,0.139961],[0.114754,-0.173027,0.978209]],[[0.961623,-0.230294,-0.149152],[-0.0179961,0.489498,-0.871819],[0.273785,0.841045,0.466568]],[[0.961623,-0.230294,-0.149152],[-0.235364,-0.412979,-0.879803],[0.141017,0.881143,-0.451333]],[[0.961623,-0.230294,-0.149152],[-0.273629,-0.764857,-0.583199],[0.0202272,0.60163,-0.798519]]],"btipPosition":[4.07737,190.489,20.7074],"carpPosition":[28.7653,253.027,81.3801],"dipPosition":[4.44404,201.396,6.23223],"direction":[-0.141017,-0.881143,0.451333],"extended":false,"handId":963,"id":9632,"length":64.6373,"mcpPosition":[21.0422,264.672,15.5453],"pipPosition":[8.31227,225.566,-6.14827],"stabilizedTipPosition":[15.926,207.456,-1.26215],"timeVisible":33.8794,"tipPosition":[4.54356,193.328,19.0263],"tipVelocity":[-100.665,-147.674,159.345],"tool":false,"touchDistance":0.333333,"touchZone":"none","type":2,"width":18.3255},{"bases":[[[0.945869,-0.324059,-0.0178432],[0.322643,0.932941,0.159758],[-0.0351244,-0.156867,0.986995]],[[0.946215,-0.322203,-0.0293812],[0.124163,0.445481,-0.88664],[0.298766,0.835303,0.461527]],[[0.946215,-0.322203,-0.0293812],[-0.176545,-0.438086,-0.881426],[0.271126,0.839206,-0.471407]],[[0.946215,-0.322203,-0.0293812],[-0.278699,-0.765582,-0.579838],[0.164331,0.55684,-0.814202]]],"btipPosition":[19.2654,192.304,26.6597],"carpPosition":[40.2268,251.288,78.919],"dipPosition":[22.2273,202.34,11.985],"direction":[-0.271126,-0.839206,0.471407],"extended":false,"handId":963,"id":9633,"length":62.1505,"mcpPosition":[42.3492,260.767,19.2796],"pipPosition":[29.4724,224.766,-0.612153],"stabilizedTipPosition":[33.7639,210.24,-0.687402],"timeVisible":33.8794,"tipPosition":[20.2277,195.257,24.3107],"tipVelocity":[-94.1377,-140.271,183.608],"tool":false,"touchDistance":0.333333,"touchZone":"none","type":3,"width":17.4379},{"bases":[[[0.869047,-0.489701,0.0703609],[0.461453,0.853632,0.241605],[-0.178377,-0.177498,0.96782]],[[0.832737,-0.510692,0.213875],[0.430179,0.353596,-0.830612],[0.348561,0.783686,0.514141]],[[0.832737,-0.510692,0.213875],[-0.0492029,-0.453018,-0.890142],[0.551478,0.730731,-0.402373]],[[0.832737,-0.510692,0.213875],[-0.289213,-0.73062,-0.618507],[0.472128,0.453198,-0.756113]]],"btipPosition":[30.7053,204.582,26.1773],"carpPosition":[50.872,242.707,77.6854],"dipPosition":[38.5556,212.117,13.6051],"direction":[-0.551478,-0.730731,0.402373],"extended":false,"handId":963,"id":9634,"length":48.7249,"mcpPosition":[60.8495,252.635,23.5503],"pipPosition":[48.9604,225.904,6.01346],"stabilizedTipPosition":[46.2661,220.578,1.34368],"timeVisible":33.8794,"tipPosition":[32.8724,206.682,24.182],"tipVelocity":[-97.645,-135.517,176.189],"tool":false,"touchDistance":0.333333,"touchZone":"none","type":4,"width":15.4897}],"r":[[0.984669,0.111249,0.13435],[-0.0935161,0.986858,-0.131778],[-0.147245,0.117194,0.982133]],"s":0.947177,"t":[11.2661,-63.9742,-11.5694],"timestamp":669219923986},false],[1,{"currentFrameRate":54.0435,"devices":[],"gestures":[],"hands":[{"armBasis":[[0.952641,-0.129648,-0.275075],[0.0723455,0.975216,-0.209091],[0.295366,0.179288,0.938411]],"armWidth":61.4671,"confidence":0.732942,"direction":[-0.0662605,0.301041,-0.951306],"elbow":[111.49,285.618,333.769],"grabStrength":0,"id":963,"palmNormal":[-0.119884,-0.948897,-0.291928],"palmPosition":[23.3257,251.345,39.3135],"palmVelocity":[-98.063,-106.468,144.156],"palmWidth":87.7729,"pinchStrength":0.418603,"r":[[0.984758,0.116253,0.129373],[-0.097943,0.985314,-0.139872],[-0.143733,0.125069,0.981682]],"s":0.94667,"sphereCenter":[27.8711,208.814,7.51261],"sphereRadius":49.9098,"stabilizedPalmPosition":[34.6655,261.86,23.3856],"t":[9.47848,-65.8997,-8.93397],"timeVisible":33.8978,"type":"right","wrist":[34.5608,238.922,89.3566]}],"id":4955842,"interactionBox":{"center":[0,200,0],"size":[235.247,235.247,147.751]},"pointables":[{"bases":[[[0.492902,0.869354,0.0356546],[-0.717735,0.383091,0.581462],[0.491837,-0.312194,0.812792]],[[0.324188,0.922874,-0.207862],[-0.776614,0.385103,0.498565],[0.54016,-0.000200159,0.841562]],[[0.324188,0.922874,-0.207862],[-0.935715,0.345131,0.0729577],[0.13907,0.170847,0.975434]],[[0.324188,0.922874,-0.207862],[-0.936693,0.34389,0.0659228],[0.13232,0.173331,0.975934]]],"btipPosition":[-27.2818,221.124,-2.46143],"carpPosition":[6.28965,230.647,92.177],"dipPosition":[-24.2946,225.037,19.5714],"direction":[-0.13907,-0.170847,-0.975434],"extended":false,"handId":963,"id":9630,"length":50.2737,"mcpPosition":[6.28965,230.647,92.177],"pipPosition":[-19.7205,230.656,51.6535],"stabilizedTipPosition":[-18.3175,230.352,-8.93785],"timeVisible":33.8978,"tipPosition":[-25.37,221.037,2.66773],"tipVelocity":[-114.376,-125.032,169.439],"tool":false,"touchDistance":0.510697,"touchZone":"hovering","type":0,"width":19.534},{"bases":[[[0.965386,-0.0428135,-0.257286],[0.0841964,0.98478,0.152049],[0.24686,-0.168449,0.954298]],[[0.986407,-0.0607622,-0.152677],[0.0490556,0.995642,-0.0793093],[0.15683,0.0707415,0.985089]],[[0.986407,-0.0607622,-0.152677],[0.0199536,0.966538,-0.255748],[0.163107,0.249225,0.954611]],[[0.986407,-0.0607622,-0.152677],[-0.00200897,0.924594,-0.380949],[0.164311,0.376078,0.911903]]],"btipPosition":[-14.9561,247.929,-58.7437],"carpPosition":[15.5738,250.915,87.0939],"dipPosition":[-12.248,254.127,-43.7142],"direction":[-0.163107,-0.249225,-0.954611],"extended":true,"handId":963,"id":9631,"length":56.7283,"mcpPosition":[-1.94547,262.87,19.3688],"pipPosition":[-8.44505,259.938,-21.4566],"stabilizedTipPosition":[-11.3629,253.602,-59.0727],"timeVisible":33.8978,"tipPosition":[-13.903,250.382,-55.4315],"tipVelocity":[-115.322,-183.165,153.071],"tool":false,"touchDistance":0.503894,"touchZone":"hovering","type":1,"width":18.6589},{"bases":[[[0.961269,-0.232427,-0.148117],[0.251594,0.959427,0.127278],[0.112524,-0.159613,0.980746]],[[0.961748,-0.233117,-0.143868],[-0.0156889,0.477452,-0.878518],[0.273487,0.84717,0.455531]],[[0.961748,-0.233117,-0.143868],[-0.233704,-0.424242,-0.874872],[0.142912,0.875029,-0.462494]],[[0.961748,-0.233117,-0.143868],[-0.272989,-0.77196,-0.574069],[0.0227645,0.591384,-0.806069]]],"btipPosition":[2.2932,188.754,23.891],"carpPosition":[26.9152,252.125,83.7781],"dipPosition":[2.70586,199.474,9.27893],"direction":[-0.142912,-0.875029,0.462494],"extended":false,"handId":963,"id":9632,"length":64.6373,"mcpPosition":[19.3422,262.867,17.7727],"pipPosition":[6.62609,223.477,-3.40774],"stabilizedTipPosition":[13.8827,205.005,2.02711],"timeVisible":33.8978,"tipPosition":[2.75597,191.567,22.1224],"tipVelocity":[-98.4443,-122.899,164.834],"tool":false,"touchDistance":0.333333,"touchZone":"none","type":2,"width":18.3255},{"bases":[[[0.945631,-0.325043,-0.011348],[0.323088,0.934793,0.147569],[-0.0373582,-0.143213,0.988987]],[[0.945994,-0.323401,-0.0225398],[0.127308,0.434536,-0.891611],[0.298142,0.840589,0.45224]],[[0.945994,-0.323401,-0.0225398],[-0.173554,-0.446492,-0.877795],[0.273816,0.8343,-0.478506]],[[0.945994,-0.323401,-0.0225398],[-0.277088,-0.770513,-0.574048],[0.168281,0.549292,-0.818511]]],"btipPosition":[17.438,190.573,29.6538],"carpPosition":[38.3805,250.344,81.3658],"dipPosition":[20.471,200.474,14.9014],"direction":[-0.273816,-0.8343,0.478506],"extended":false,"handId":963,"id":9633,"length":62.1505,"mcpPosition":[40.6379,258.998,21.606],"pipPosition":[27.788,222.768,2.11454],"stabilizedTipPosition":[31.9862,208.262,2.3779],"timeVisible":33.8978,"tipPosition":[18.4113,193.495,27.2923],"tipVelocity":[-96.0459,-118.633,172.798],"tool":false,"touchDistance":0.333333,"touchZone":"none","type":3,"width":17.4379},{"bases":[[[0.868482,-0.48939,0.078967],[0.461657,0.856507,0.230799],[-0.180586,-0.163989,0.969792]],[[0.831212,-0.508553,0.224633],[0.433548,0.339999,-0.834528],[0.348027,0.791059,0.503093]],[[0.831212,-0.508553,0.224633],[-0.0463651,-0.466052,-0.883542],[0.554019,0.723996,-0.410967]],[[0.831212,-0.508553,0.224633],[-0.287481,-0.739004,-0.609284],[0.475858,0.441867,-0.760469]]],"btipPosition":[28.8863,202.921,29.2665],"carpPosition":[49.0211,241.737,80.2735],"dipPosition":[36.7985,210.268,16.6219],"direction":[-0.554019,-0.723996,0.410967],"extended":false,"handId":963,"id":9634,"length":48.7249,"mcpPosition":[59.1222,250.91,26.0281],"pipPosition":[47.2514,223.928,8.86807],"stabilizedTipPosition":[44.488,218.753,4.2022],"timeVisible":33.8978,"tipPosition":[31.0704,204.98,27.2168],"tipVelocity":[-97.6965,-114.676,171.474],"tool":false,"touchDistance":0.333333,"touchZone":"none","type":4,"width":15.4897}],"r":[[0.984758,0.116253,0.129373],[-0.097943,0.985314,-0.139872],[-0.143733,0.125069,0.981682]],"s":0.94667,"t":[9.47848,-65.8997,-8.93397],"timestamp":669219942449},false],[2,{"currentFrameRate":54.1355,"devices":[],"gestures":[],"hands":[{"armBasis":[[0.944746,-0.190235,-0.266956],[0.132362,0.966421,-0.220253],[0.299892,0.172748,0.938202]],"armWidth":61.4671,"confidence":0.771742,"direction":[-0.0269841,0.42774,-0.903499],"elbow":[107.897,299.81,332.014],"grabStrength":0,"id":963,"palmNormal":[-0.187554,-0.889944,-0.415721],"palmPosition":[20.3819,274.553,39.6263],"palmVelocity":[-23.1437,190.75,-154.344],"palmWidth":87.7729,"pinchStrength":0.485943,"r":[[0.990326,0.0644424,0.122885],[-0.0528566,0.994043,-0.0953186],[-0.128295,0.0879012,0.987833]],"s":0.882274,"sphereCenter":[21.7202,235.181,2.54666],"sphereRadius":49.4978,"stabilizedPalmPosition":[22.3752,261.982,44.3312],"t":[5.18758,-48.157,-3.10682],"timeVisible":34.5257,"type":"right","wrist":[29.7892,254.817,87.6561]}],"id":4955876,"interactionBox":{"center":[0,200,0],"size":[235.247,235.247,147.751]},"pointables":[{"bases":[[[0.557595,0.815782,0.153584],[-0.695807,0.358412,0.62241],[0.452704,-0.453918,0.767475]],[[0.385043,0.917681,-0.0979941],[-0.758653,0.375192,0.532613],[0.525536,-0.130735,0.840667]],[[0.385043,0.917681,-0.0979941],[-0.907267,0.395841,0.142045],[0.169142,0.0342133,0.984998]],[[0.385043,0.917681,-0.0979941],[-0.909958,0.395216,0.125623],[0.15401,0.0408004,0.987226]]],"btipPosition":[-33.4237,252.734,-5.99071],"carpPosition":[0.922362,248.485,89.1741],"dipPosition":[-29.9467,253.655,16.297],"direction":[-0.169142,-0.0342133,-0.984998],"extended":false,"handId":963,"id":9630,"length":50.2737,"mcpPosition":[0.922362,248.485,89.1741],"pipPosition":[-24.3836,254.78,48.6937],"stabilizedTipPosition":[-31.4394,240.276,6.1662],"timeVisible":34.5257,"tipPosition":[-32.3696,253.315,-0.786334],"tipVelocity":[-13.0782,223.859,-191.303],"tool":false,"touchDistance":0.0563437,"touchZone":"hovering","type":0,"width":19.534},{"bases":[[[0.963414,-0.084172,-0.254458],[0.157077,0.946589,0.281595],[0.217165,-0.311262,0.925179]],[[0.977664,-0.108727,-0.179863],[0.108123,0.99405,-0.0131905],[0.180227,-0.00655149,0.983603]],[[0.977664,-0.108727,-0.179863],[0.0602145,0.964818,-0.255931],[0.201362,0.239384,0.949815]],[[0.977664,-0.108727,-0.179863],[0.0231409,0.906274,-0.422058],[0.208895,0.408469,0.888547]]],"btipPosition":[-19.1982,278.503,-56.3343],"carpPosition":[11.8207,268.455,86.8784],"dipPosition":[-15.7553,285.235,-41.6897],"direction":[-0.201362,-0.239384,-0.949815],"extended":true,"handId":963,"id":9631,"length":56.7283,"mcpPosition":[-3.59114,290.545,21.2199],"pipPosition":[-11.0604,290.816,-19.544],"stabilizedTipPosition":[-18.3436,273.593,-49.8951],"timeVisible":34.5257,"tipPosition":[-18.0634,280.838,-53.1053],"tipVelocity":[-7.89502,302.254,-160.142],"tool":false,"touchDistance":0.165409,"touchZone":"hovering","type":1,"width":18.6589},{"bases":[[[0.942908,-0.28558,-0.171375],[0.322422,0.911668,0.254765],[0.0834814,-0.295475,0.951696]],[[0.944406,-0.291508,-0.152056],[0.0731558,0.637199,-0.767219],[0.32054,0.713443,0.6231]],[[0.944406,-0.291508,-0.152056],[-0.21111,-0.183102,-0.960159],[0.252053,0.93888,-0.234463]],[[0.944406,-0.291508,-0.152056],[-0.301309,-0.582297,-0.755078],[0.13157,0.758915,-0.637759]]],"btipPosition":[-6.54591,216.399,8.7956],"carpPosition":[23.2755,269.197,83.8251],"dipPosition":[-4.16086,230.156,-2.76543],"direction":[-0.252053,-0.938881,0.234463],"extended":false,"handId":963,"id":9632,"length":64.6373,"mcpPosition":[17.6571,289.083,19.7748],"pipPosition":[2.75319,255.911,-9.19698],"stabilizedTipPosition":[-2.11781,204.419,16.2952],"timeVisible":34.5257,"tipPosition":[-5.77334,219.638,7.11497],"tipVelocity":[-19.1204,225.596,-224.356],"tool":false,"touchDistance":0.333333,"touchZone":"none","type":2,"width":18.3255},{"bases":[[[0.917909,-0.393856,-0.0481717],[0.391461,0.879051,0.272078],[-0.0648143,-0.268601,0.961069]],[[0.917462,-0.395616,-0.0418427],[0.210117,0.571199,-0.793463],[0.337807,0.71918,0.607179]],[[0.917462,-0.395616,-0.0418427],[-0.137537,-0.216736,-0.966493],[0.373291,0.892476,-0.253259]],[[0.917462,-0.395616,-0.0418427],[-0.284911,-0.580014,-0.763158],[0.277648,0.71209,-0.644856]]],"btipPosition":[8.9863,215.405,15.4203],"carpPosition":[34.6088,266.855,81.2723],"dipPosition":[13.9905,228.24,3.79784],"direction":[-0.373291,-0.892476,0.253259],"extended":false,"handId":963,"id":9633,"length":62.1505,"mcpPosition":[38.5252,283.085,23.1995],"pipPosition":[23.9658,252.089,-2.96989],"stabilizedTipPosition":[15.108,202.014,24.2021],"timeVisible":34.5257,"tipPosition":[10.3007,218.524,13.9019],"tipVelocity":[-20.6389,217.402,-238.824],"tool":false,"touchDistance":0.333333,"touchZone":"none","type":3,"width":17.4379},{"bases":[[[0.826855,-0.562091,0.0190967],[0.52219,0.779884,0.345106],[-0.208874,-0.27538,0.938369]],[[0.76485,-0.607268,0.215012],[0.530637,0.404634,-0.744779],[0.365279,0.683738,0.631723]],[[0.76485,-0.607268,0.215012],[0.0328041,-0.296615,-0.954434],[0.643373,0.737052,-0.206945]],[[0.76485,-0.607268,0.215012],[-0.244677,-0.582591,-0.775062],[0.595935,0.540197,-0.594179]]],"btipPosition":[21.7497,226.853,18.8679],"carpPosition":[44.5732,257.659,79.119],"dipPosition":[31.6586,235.835,8.9883],"direction":[-0.643373,-0.737052,0.206945],"extended":false,"handId":963,"id":9634,"length":48.7249,"mcpPosition":[56.2566,273.063,26.6313],"pipPosition":[43.7973,249.741,5.08381],"stabilizedTipPosition":[29.1737,213.195,25.3742],"timeVisible":34.5257,"tipPosition":[24.1416,229.108,17.6691],"tipVelocity":[-18.8117,213.302,-212.957],"tool":false,"touchDistance":0.333333,"touchZone":"none","type":4,"width":15.4897}],"r":[[0.990326,0.0644424,0.122885],[-0.0528566,0.994043,-0.0953186],[-0.128295,0.0879012,0.987833]],"s":0.882274,"t":[5.18758,-48.157,-3.10682],"timestamp":669220570295},false],[3,{"currentFrameRate":54.1407,"devices":[],"gestures":[],"hands":[{"armBasis":[[0.946963,-0.190303,-0.258934],[0.132683,0.965443,-0.224309],[0.292672,0.178056,0.939489]],"armWidth":61.4671,"confidence":0.772238,"direction":[-0.0261056,0.434618,-0.900237],"elbow":[105.731,304.973,329.609],"grabStrength":0,"id":963,"palmNormal":[-0.189305,-0.886398,-0.422447],"palmPosition":[20.1366,278.716,37.036],"palmVelocity":[-18.3964,207.556,-147.609],"palmWidth":87.7729,"pinchStrength":0.490128,"r":[[0.990348,0.0595251,0.125168],[-0.0493181,0.995318,-0.0831225],[-0.129529,0.0761472,0.988647]],"s":0.881289,"sphereCenter":[21.334,239.68,-0.356504],"sphereRadius":49.4897,"stabilizedPalmPosition":[21.9064,265.486,42.8036],"t":[4.84465,-44.3059,-5.84141],"timeVisible":34.5441,"type":"right","wrist":[29.503,258.598,84.9153]}],"id":4955877,"interactionBox":{"center":[0,200,0],"size":[235.247,235.247,147.751]},"pointables":[{"bases":[[[0.559207,0.813488,0.159764],[-0.695114,0.355071,0.625092],[0.451778,-0.46061,0.764026]],[[0.385685,0.917977,-0.0925486],[-0.759092,0.372738,0.533709],[0.524429,-0.135591,0.840589]],[[0.385685,0.917977,-0.0925486],[-0.906819,0.395655,0.145387],[0.170079,0.0278513,0.985037]],[[0.385685,0.917977,-0.0925486],[-0.909791,0.395076,0.127257],[0.153383,0.0351186,0.987543]]],"btipPosition":[-33.6857,257.132,-8.78466],"carpPosition":[0.623668,252.312,86.3848],"dipPosition":[-30.2229,257.925,13.5102],"direction":[-0.170079,-0.0278513,-0.985037],"extended":false,"handId":963,"id":9630,"length":50.2737,"mcpPosition":[0.623668,252.312,86.3848],"pipPosition":[-24.629,258.841,45.9082],"stabilizedTipPosition":[-31.8328,244.899,3.50085],"timeVisible":34.5441,"tipPosition":[-32.6571,257.74,-3.56563],"tipVelocity":[-13.7051,230.091,-172.028],"tool":false,"touchDistance":0.0270865,"touchZone":"hovering","type":0,"width":19.534},{"bases":[[[0.963253,-0.0841554,-0.25507],[0.158946,0.944118,0.288753],[0.216516,-0.318685,0.9228]],[[0.97732,-0.109007,-0.181557],[0.110492,0.993875,-0.00194984],[0.180657,-0.0181549,0.983379]],[[0.97732,-0.109007,-0.181557],[0.0631745,0.96838,-0.241351],[0.202125,0.224407,0.953303]],[[0.97732,-0.109007,-0.181557],[0.026447,0.913456,-0.406078],[0.21011,0.392067,0.895621]]],"btipPosition":[-19.4668,283.952,-58.992],"carpPosition":[11.5617,272.277,84.2405],"dipPosition":[-16.0039,290.414,-44.2308],"direction":[-0.202125,-0.224407,-0.953303],"extended":true,"handId":963,"id":9631,"length":56.7283,"mcpPosition":[-3.80413,294.894,18.7508],"pipPosition":[-11.2912,295.646,-22.0038],"stabilizedTipPosition":[-18.5411,280.754,-53.3422],"timeVisible":34.5441,"tipPosition":[-18.3479,285.985,-55.6806],"tipVelocity":[-10.9876,297.297,-151.674],"tool":false,"touchDistance":0.154583,"touchZone":"hovering","type":1,"width":18.6589},{"bases":[[[0.942345,-0.286145,-0.173515],[0.324222,0.909072,0.261663],[0.0828637,-0.302834,0.949434]],[[0.943846,-0.292297,-0.154003],[0.0746366,0.642722,-0.762455],[0.321844,0.708146,0.628447]],[[0.943846,-0.292297,-0.154003],[-0.211175,-0.175255,-0.961608],[0.254085,0.940132,-0.22714]],[[0.943846,-0.292297,-0.154003],[-0.302251,-0.5757,-0.759746],[0.133412,0.763631,-0.631719]]],"btipPosition":[-6.91156,220.844,5.75683],"carpPosition":[23.018,273.02,81.1931],"dipPosition":[-4.49312,234.686,-5.69471],"direction":[-0.254085,-0.940132,0.22714],"extended":false,"handId":963,"id":9632,"length":64.6373,"mcpPosition":[17.4412,293.401,17.295],"pipPosition":[2.47669,260.475,-11.9254],"stabilizedTipPosition":[-2.95359,208.286,13.6972],"timeVisible":34.5441,"tipPosition":[-6.13266,224.096,4.09034],"tipVelocity":[-19.2552,233.475,-194.926],"tool":false,"touchDistance":0.333333,"touchZone":"none","type":2,"width":18.3255},{"bases":[[[0.917127,-0.395301,-0.0511346],[0.393196,0.876189,0.27873],[-0.0653788,-0.275737,0.959007]],[[0.916633,-0.397274,-0.0442363],[0.214501,0.582241,-0.78421],[0.337302,0.709344,0.618917]],[[0.916633,-0.397274,-0.0442363],[-0.134043,-0.201232,-0.970329],[0.376584,0.895366,-0.237708]],[[0.916633,-0.397274,-0.0442363],[-0.283562,-0.568253,-0.772452],[0.281737,0.720599,-0.633531]]],"btipPosition":[8.61842,219.85,11.7699],"carpPosition":[34.3467,270.675,78.6229],"dipPosition":[13.6963,232.837,0.351488],"direction":[-0.376584,-0.895366,0.237708],"extended":false,"handId":963,"id":9633,"length":62.1505,"mcpPosition":[38.2973,287.336,20.6746],"pipPosition":[23.7596,256.764,-6.00066],"stabilizedTipPosition":[14.3682,204.909,22.1088],"timeVisible":34.5441,"tipPosition":[9.9338,222.95,10.3855],"tipVelocity":[-19.8577,229.633,-217.833],"tool":false,"touchDistance":0.333333,"touchZone":"none","type":3,"width":17.4379},{"bases":[[[0.825738,-0.563859,0.014857],[0.523725,0.776212,0.351008],[-0.209451,-0.282059,0.936255]],[[0.763283,-0.610542,0.211278],[0.533204,0.410646,-0.739637],[0.364819,0.677206,0.638983]],[[0.763283,-0.610542,0.211278],[0.0362284,-0.28606,-0.957527],[0.645048,0.738518,-0.196226]],[[0.763283,-0.610542,0.211278],[-0.242043,-0.573441,-0.782675],[0.599011,0.546264,-0.585475]]],"btipPosition":[21.4347,231.137,15.6728],"carpPosition":[44.2929,261.476,76.4002],"dipPosition":[31.3947,240.22,5.93793],"direction":[-0.645048,-0.738518,0.196226],"extended":false,"handId":963,"id":9634,"length":48.7249,"mcpPosition":[56.0086,277.253,24.0308],"pipPosition":[43.565,254.154,2.23569],"stabilizedTipPosition":[28.4141,215.988,23.7094],"timeVisible":34.5441,"tipPosition":[23.8212,233.405,14.5199],"tipVelocity":[-17.6663,223.014,-192.896],"tool":false,"touchDistance":0.333333,"touchZone":"none","type":4,"width":15.4897}],"r":[[0.990348,0.0595251,0.125168],[-0.0493181,0.995318,-0.0831225],[-0.129529,0.0761472,0.988647]],"s":0.881289,"t":[4.84465,-44.3059,-5.84141],"timestamp":669220588747},false],[4,{"currentFrameRate":54.1933,"devices":[],"gestures":[],"hands":[{"armBasis":[[0.946329,-0.19612,-0.256902],[0.146222,0.968649,-0.200844],[0.288238,0.1525,0.945337]],"armWidth":61.4671,"confidence":0.783009,"direction":[-0.0183218,0.4481,-0.893796],"elbow":[103.671,301.051,327.205],"grabStrength":0,"id":963,"palmNormal":[-0.198826,-0.877725,-0.435967],"palmPosition":[19.6106,282.264,33.3861],"palmVelocity":[-23.3744,201.178,-172.6],"palmWidth":87.7729,"pinchStrength":0.494606,"r":[[0.990415,0.0527951,0.127638],[-0.0440442,0.996543,-0.0704384],[-0.130916,0.0641415,0.989316]],"s":0.880998,"sphereCenter":[20.2895,243.881,-4.57985],"sphereRadius":49.4573,"stabilizedPalmPosition":[21.4231,269.018,40.8211],"t":[4.4102,-40.6062,-9.03367],"timeVisible":34.5624,"type":"right","wrist":[28.5987,261.332,80.988]}],"id":4955878,"interactionBox":{"center":[0,200,0],"size":[235.247,235.247,147.751]},"pointables":[{"bases":[[[0.568555,0.804204,0.17321],[-0.69252,0.354245,0.628432],[0.444029,-0.477249,0.758335]],[[0.395615,0.914944,-0.0797902],[-0.757242,0.374115,0.535371],[0.519685,-0.15138,0.84084]],[[0.395615,0.914944,-0.0797902],[-0.902763,0.403374,0.149361],[0.168842,0.0129421,0.985558]],[[0.395615,0.914944,-0.0797902],[-0.906029,0.403025,0.12916],[0.150332,0.0211944,0.988408]]],"btipPosition":[-34.33,261.761,-12.9295],"carpPosition":[-0.358582,255.376,82.2888],"dipPosition":[-30.936,262.239,9.38496],"direction":[-0.168842,-0.0129421,-0.985558],"extended":false,"handId":963,"id":9630,"length":50.2737,"mcpPosition":[-0.358582,255.376,82.2888],"pipPosition":[-25.3828,262.665,41.8001],"stabilizedTipPosition":[-31.8328,244.899,3.50085],"timeVisible":34.5624,"tipPosition":[-33.3291,262.355,-7.68979],"tipVelocity":[-24.4439,239.35,-198.181],"tool":false,"touchDistance":-0.0919189,"touchZone":"hovering","type":0,"width":19.534},{"bases":[[[0.962877,-0.0920763,-0.253752],[0.169542,0.937769,0.303059],[0.210057,-0.33483,0.918567]],[[0.976279,-0.117794,-0.181671],[0.123102,0.992227,0.0181851],[0.178116,-0.0401178,0.983191]],[[0.976279,-0.117794,-0.181671],[0.0771101,0.973202,-0.216636],[0.202321,0.197489,0.9592]],[[0.976279,-0.117794,-0.181671],[0.0408861,0.924261,-0.379567],[0.212622,0.363135,0.907152]]],"btipPosition":[-19.6847,290.072,-62.784],"carpPosition":[10.8261,275.236,80.4678],"dipPosition":[-16.1803,296.057,-47.8328],"direction":[-0.202321,-0.197489,-0.9592],"extended":true,"handId":963,"id":9631,"length":56.7283,"mcpPosition":[-4.08131,298.999,15.2786],"pipPosition":[-11.4631,300.661,-25.4682],"stabilizedTipPosition":[-18.7597,287.68,-57.23],"timeVisible":34.5624,"tipPosition":[-18.5784,291.701,-59.364],"tipVelocity":[-11.1871,312.47,-177.297],"tool":false,"touchDistance":0.130114,"touchZone":"hovering","type":1,"width":18.6589},{"bases":[[[0.939298,-0.294975,-0.175239],[0.334458,0.901123,0.27589],[0.0765314,-0.317753,0.94508]],[[0.940691,-0.301545,-0.15547],[0.0847564,0.652605,-0.752943],[0.328506,0.69511,0.639457]],[[0.940691,-0.301545,-0.15547],[-0.210161,-0.158193,-0.964783],[0.266331,0.940237,-0.212184]],[[0.940691,-0.301545,-0.15547],[-0.306734,-0.560126,-0.769528],[0.144964,0.771576,-0.6194]]],"btipPosition":[-8.05946,225.171,1.17307],"carpPosition":[22.2991,275.885,77.4619],"dipPosition":[-5.43161,239.158,-10.0552],"direction":[-0.266331,-0.940237,0.212184],"extended":false,"handId":963,"id":9632,"length":64.6373,"mcpPosition":[17.1484,297.27,13.8568],"pipPosition":[1.87412,264.95,-15.8756],"stabilizedTipPosition":[-3.87659,212.408,10.5996],"timeVisible":34.5624,"tipPosition":[-7.23518,228.446,-0.457068],"tipVelocity":[-38.8595,235.991,-220.393],"tool":false,"touchDistance":0.333333,"touchZone":"none","type":2,"width":18.3255},{"bases":[[[0.912419,-0.405606,-0.0545485],[0.402981,0.867157,0.292651],[-0.0713988,-0.289002,0.954662]],[[0.911843,-0.407817,-0.0472036],[0.225296,0.593203,-0.772886],[0.343197,0.694116,0.632787]],[[0.911843,-0.407817,-0.0472036],[-0.130783,-0.179564,-0.975014],[0.389151,0.895233,-0.21707]],[[0.911843,-0.407817,-0.0472036],[-0.285809,-0.548057,-0.786096],[0.294713,0.730287,-0.6163]]],"btipPosition":[7.41745,223.902,6.83674],"carpPosition":[33.6057,273.44,74.887],"dipPosition":[12.7292,237.064,-4.27108],"direction":[-0.389151,-0.895233,0.21707],"extended":false,"handId":963,"id":9633,"length":62.1505,"mcpPosition":[37.92,290.903,17.2013],"pipPosition":[23.1283,260.987,-10.0717],"stabilizedTipPosition":[13.5504,208.052,19.5641],"timeVisible":34.5624,"tipPosition":[8.78202,227.017,5.54326],"tipVelocity":[-40.4168,226.948,-240.964],"tool":false,"touchDistance":0.333333,"touchZone":"none","type":3,"width":17.4379},{"bases":[[[0.818813,-0.573995,0.00871028],[0.532088,0.764552,0.363789],[-0.215473,-0.29324,0.931441]],[[0.754267,-0.623223,0.206577],[0.544682,0.418271,-0.726891],[0.36661,0.660789,0.654947]],[[0.754267,-0.623223,0.206577],[0.0434663,-0.266543,-0.962842],[0.655128,0.735219,-0.173956]],[[0.754267,-0.623223,0.206577],[-0.240092,-0.554651,-0.796692],[0.611095,0.551321,-0.567986]]],"btipPosition":[20.4725,234.98,10.8415],"carpPosition":[43.4462,264.155,72.5551],"dipPosition":[30.6334,244.147,1.39743],"direction":[-0.655128,-0.735219,0.173956],"extended":false,"handId":963,"id":9634,"length":48.7249,"mcpPosition":[55.4986,280.557,20.455],"pipPosition":[42.9939,258.018,-1.88464],"stabilizedTipPosition":[27.6168,218.99,21.5699],"timeVisible":34.5624,"tipPosition":[22.8674,237.236,9.82038],"tipVelocity":[-33.2142,217.46,-225.416],"tool":false,"touchDistance":0.333333,"touchZone":"none","type":4,"width":15.4897}],"r":[[0.990415,0.0527951,0.127638],[-0.0440442,0.996543,-0.0704384],[-0.130916,0.0641415,0.989316]],"s":0.880998,"t":[4.4102,-40.6062,-9.03367],"timestamp":669220607014},false],[5,{"currentFrameRate":54.1991,"devices":[],"gestures":[],"hands":[{"armBasis":[[0.944925,-0.20547,-0.254753],[0.15449,0.966222,-0.206272],[0.28853,0.155554,0.94475]],"armWidth":61.4671,"confidence":0.748356,"direction":[-0.0145477,0.469909,-0.882595],"elbow":[103.026,303.916,323.423],"grabStrength":0,"id":963,"palmNormal":[-0.21166,-0.864133,-0.45659],"palmPosition":[19.0518,285.603,30.3053],"palmVelocity":[-26.7204,191.55,-169.98],"palmWidth":87.7729,"pinchStrength":0.501742,"r":[[0.990632,0.0441209,0.129237],[-0.0372109,0.99777,-0.0554036],[-0.131393,0.0500755,0.990065]],"s":0.881572,"sphereCenter":[18.9704,248.31,-8.58367],"sphereRadius":49.4249,"stabilizedPalmPosition":[21.4231,269.018,40.8211],"t":[3.91358,-37.0867,-12.1702],"timeVisible":34.5808,"type":"right","wrist":[27.8775,263.402,77.3593]}],"id":4955879,"interactionBox":{"center":[0,200,0],"size":[235.247,235.247,147.751]},"pointables":[{"bases":[[[0.579713,0.792099,0.191082],[-0.686138,0.348062,0.638802],[0.439486,-0.50143,0.745265]],[[0.405759,0.911938,-0.0610581],[-0.752515,0.371246,0.543964],[0.518729,-0.174771,0.836884]],[[0.405759,0.911938,-0.0610581],[-0.897525,0.410183,0.16186],[0.172652,-0.0108751,0.984923]],[[0.405759,0.911938,-0.0610581],[-0.901482,0.410326,0.137707],[0.150634,-0.000833026,0.988589]]],"btipPosition":[-35.2112,266.595,-16.4142],"carpPosition":[-1.1537,257.803,78.5968],"dipPosition":[-31.8104,266.576,5.90433],"direction":[-0.172652,0.0108751,-0.984923],"extended":false,"handId":963,"id":9630,"length":50.2737,"mcpPosition":[-1.1537,257.803,78.5968],"pipPosition":[-26.1319,266.218,38.2985],"stabilizedTipPosition":[-32.6162,251.445,-0.959445],"timeVisible":34.5808,"tipPosition":[-34.2361,267.16,-11.1443],"tipVelocity":[-35.6622,247.405,-193.771],"tool":false,"touchDistance":-0.157704,"touchZone":"hovering","type":0,"width":19.534},{"bases":[[[0.960919,-0.0987116,-0.258631],[0.182851,0.927777,0.325263],[0.207845,-0.359843,0.909568]],[[0.973983,-0.125895,-0.188436],[0.137382,0.989299,0.0491368],[0.180234,-0.073746,0.980855]],[[0.973983,-0.125895,-0.188436],[0.0919111,0.979486,-0.179333],[0.207148,0.157348,0.965573]],[[0.973983,-0.125895,-0.188436],[0.0556344,0.938883,-0.339712],[0.219688,0.32039,0.92146]]],"btipPosition":[-20.379,297.195,-65.6737],"carpPosition":[10.2915,277.551,77.2271],"dipPosition":[-16.7582,302.476,-50.4867],"direction":[-0.207148,-0.157348,-0.965573],"extended":true,"handId":963,"id":9631,"length":56.7283,"mcpPosition":[-4.45886,303.088,12.6765],"pipPosition":[-11.9284,306.144,-27.9735],"stabilizedTipPosition":[-19.3337,295.511,-60.8431],"timeVisible":34.5808,"tipPosition":[-19.2826,298.322,-62.1385],"tipVelocity":[-23.2467,343.906,-166.001],"tool":false,"touchDistance":0.133474,"touchZone":"hovering","type":1,"width":18.6589},{"bases":[[[0.93482,-0.303127,-0.185002],[0.347193,0.889606,0.296746],[0.0746268,-0.341636,0.936865]],[[0.936193,-0.310311,-0.165073],[0.0918136,0.669239,-0.737353],[0.339282,0.675149,0.655027]],[[0.936193,-0.310311,-0.165073],[-0.214266,-0.13156,-0.967875],[0.278625,0.941488,-0.189655]],[[0.936193,-0.310311,-0.165073],[-0.315815,-0.536497,-0.78258],[0.154282,0.784779,-0.600266]]],"btipPosition":[-9.47289,229.667,-3.21932],"carpPosition":[21.7647,278.119,74.2054],"dipPosition":[-6.67612,243.893,-14.1007],"direction":[-0.278625,-0.941488,0.189655],"extended":false,"handId":963,"id":9632,"length":64.6373,"mcpPosition":[16.7422,301.111,11.1532],"pipPosition":[0.966853,269.719,-19.3031],"stabilizedTipPosition":[-4.95574,216.881,7.04353],"timeVisible":34.5808,"tipPosition":[-8.60758,232.976,-4.78523],"tipVelocity":[-56.0706,241.261,-226.948],"tool":false,"touchDistance":0.333333,"touchZone":"none","type":2,"width":18.3255},{"bases":[[[0.906762,-0.416292,-0.066958],[0.415296,0.854332,0.312484],[-0.0728804,-0.311156,0.94756]],[[0.906146,-0.418782,-0.0593312],[0.23243,0.610223,-0.757367],[0.353377,0.672495,0.650289]],[[0.906146,-0.418782,-0.0593312],[-0.133457,-0.149978,-0.979641],[0.401358,0.895616,-0.191791]],[[0.906146,-0.418782,-0.0593312],[-0.293309,-0.521096,-0.801516],[0.304744,0.743693,-0.595022]]],"btipPosition":[5.98656,228.067,2.10554],"carpPosition":[33.0311,275.587,71.54],"dipPosition":[11.4791,241.471,-8.61878],"direction":[-0.401358,-0.895616,0.191791],"extended":false,"handId":963,"id":9633,"length":62.1505,"mcpPosition":[37.4349,294.389,14.2835],"pipPosition":[22.2044,265.404,-13.7439],"stabilizedTipPosition":[12.6135,211.487,16.6013],"timeVisible":34.5808,"tipPosition":[7.39344,231.201,0.90053],"tipVelocity":[-57.2628,227.952,-246.245],"tool":false,"touchDistance":0.333333,"touchZone":"none","type":3,"width":17.4379},{"bases":[[[0.811066,-0.584907,-0.0075431],[0.543194,0.748314,0.380745],[-0.217056,-0.312906,0.924649]],[[0.746165,-0.63816,0.189711],[0.548761,0.428193,-0.717992],[0.37696,0.639846,0.6697]],[[0.746165,-0.63816,0.189711],[0.0382413,-0.243401,-0.969172],[0.664662,0.730417,-0.157213]],[[0.746165,-0.63816,0.189711],[-0.248674,-0.531481,-0.809746],[0.617575,0.557028,-0.555267]]],"btipPosition":[19.2146,238.866,6.59126],"carpPosition":[42.7403,266.231,68.9556],"dipPosition":[29.4832,248.128,-2.64136],"direction":[-0.664662,-0.730417,0.157213],"extended":false,"handId":963,"id":9634,"length":48.7249,"mcpPosition":[54.8813,283.733,17.2353],"pipPosition":[42.0236,261.909,-5.60755],"stabilizedTipPosition":[26.7326,222.211,19.0664],"timeVisible":34.5808,"tipPosition":[21.6401,241.115,5.59578],"tipVelocity":[-49.4486,214.845,-226.65],"tool":false,"touchDistance":0.333333,"touchZone":"none","type":4,"width":15.4897}],"r":[[0.990632,0.0441209,0.129237],[-0.0372109,0.99777,-0.0554036],[-0.131393,0.0500755,0.990065]],"s":0.881572,"t":[3.91358,-37.0867,-12.1702],"timestamp":669220625444},false],[6,{"currentFrameRate":54.1956,"devices":[],"gestures":[],"hands":[{"armBasis":[[0.945519,-0.205903,-0.252185],[0.153557,0.965079,-0.212231],[0.287078,0.161944,0.944119]],"armWidth":61.4671,"confidence":0.758993,"direction":[-0.0141341,0.483053,-0.875477],"elbow":[102.015,307.93,320.323],"grabStrength":0,"id":963,"palmNormal":[-0.214109,-0.856718,-0.469246],"palmPosition":[18.4345,288.673,27.7132],"palmVelocity":[-29.958,179.336,-155.704],"palmWidth":87.7729,"pinchStrength":0.512361,"r":[[0.9908,0.0363012,0.130372],[-0.0312779,0.998695,-0.0403744],[-0.131667,0.0359252,0.990643]],"s":0.882563,"sphereCenter":[18.0984,252.134,-11.7093],"sphereRadius":49.3734,"stabilizedPalmPosition":[20.8131,273.03,38.1455],"t":[3.35662,-33.7923,-15.0345],"timeVisible":34.5993,"type":"right","wrist":[27.245,265.751,74.4234]}],"id":4955880,"interactionBox":{"center":[0,200,0],"size":[235.247,235.247,147.751]},"pointables":[{"bases":[[[0.581771,0.787772,0.202381],[-0.68478,0.340137,0.644503],[0.438884,-0.51354,0.737332]],[[0.405532,0.912669,-0.0507863],[-0.753506,0.365229,0.54666],[0.517468,-0.18342,0.835813]],[[0.405532,0.912669,-0.0507863],[-0.897433,0.408087,0.167566],[0.173657,-0.0223761,0.984552]],[[0.405532,0.912669,-0.0507863],[-0.902084,0.408563,0.138998],[0.147609,-0.0105547,0.98899]]],"btipPosition":[-35.7601,270.01,-19.3544],"carpPosition":[-1.79857,260.203,75.6018],"dipPosition":[-32.4277,269.771,2.97316],"direction":[-0.173657,0.0223761,-0.984552],"extended":false,"handId":963,"id":9630,"length":50.2737,"mcpPosition":[-1.79857,260.203,75.6018],"pipPosition":[-26.716,269.035,35.3552],"stabilizedTipPosition":[-33.3322,257.019,-4.95267],"timeVisible":34.5993,"tipPosition":[-34.8616,270.639,-14.0442],"tipVelocity":[-33.2104,215.955,-177.059],"tool":false,"touchDistance":-0.20882,"touchZone":"hovering","type":0,"width":19.534},{"bases":[[[0.960469,-0.0971426,-0.260889],[0.185347,0.922382,0.338907],[0.207717,-0.373864,0.903924]],[[0.973373,-0.124991,-0.192153],[0.140762,0.987517,0.0706882],[0.180919,-0.0958537,0.978816]],[[0.973373,-0.124991,-0.192153],[0.096419,0.983746,-0.151483],[0.207963,0.128922,0.969603]],[[0.973373,-0.124991,-0.192153],[0.0609138,0.949161,-0.308842],[0.220986,0.288914,0.931501]]],"btipPosition":[-21.0372,302.679,-68.1581],"carpPosition":[9.69303,279.942,74.5171],"dipPosition":[-17.395,307.441,-52.8056],"direction":[-0.207963,-0.128922,-0.969603],"extended":true,"handId":963,"id":9631,"length":56.7283,"mcpPosition":[-5.04833,306.474,10.367],"pipPosition":[-12.5462,310.447,-30.1985],"stabilizedTipPosition":[-20.0099,301.965,-63.7985],"timeVisible":34.5993,"tipPosition":[-19.9749,303.406,-64.5485],"tipVelocity":[-29.1024,318.172,-149.836],"tool":false,"touchDistance":0.136542,"touchZone":"hovering","type":1,"width":18.6589},{"bases":[[[0.933937,-0.302571,-0.190294],[0.349572,0.884248,0.309685],[0.0745657,-0.355748,0.931603]],[[0.935328,-0.310168,-0.170171],[0.0930092,0.679667,-0.7276],[0.341338,0.664717,0.66456]],[[0.935328,-0.310168,-0.170171],[-0.21499,-0.116312,-0.969665],[0.280966,0.94354,-0.175473]],[[0.935328,-0.310168,-0.170171],[-0.317442,-0.523437,-0.790724],[0.156183,0.793605,-0.588045]]],"btipPosition":[-10.2627,233.295,-6.62984],"carpPosition":[21.165,280.528,71.4945],"dipPosition":[-7.43144,247.681,-17.2897],"direction":[-0.280966,-0.94354,0.175473],"extended":false,"handId":963,"id":9632,"length":64.6373,"mcpPosition":[16.1467,304.47,8.79643],"pipPosition":[0.27573,273.563,-22.1031],"stabilizedTipPosition":[-5.98918,221.259,3.46422],"timeVisible":34.5993,"tipPosition":[-9.3896,236.632,-8.15969],"tipVelocity":[-49.4492,220.61,-205.242],"tool":false,"touchDistance":0.333333,"touchZone":"none","type":2,"width":18.3255},{"bases":[[[0.905704,-0.417416,-0.0739273],[0.417604,0.84858,0.324837],[-0.072859,-0.325079,0.942876]],[[0.905077,-0.42006,-0.0662142],[0.233403,0.620864,-0.748365],[0.355469,0.661874,0.659973]],[[0.905077,-0.42006,-0.0662142],[-0.134407,-0.134851,-0.981708],[0.403447,0.897421,-0.17851]],[[0.905077,-0.42006,-0.0662142],[-0.295037,-0.508149,-0.809159],[0.306249,0.751887,-0.583847]]],"btipPosition":[5.20422,231.592,-1.34307],"carpPosition":[32.4231,278.009,68.7821],"dipPosition":[10.7239,245.144,-11.866],"direction":[-0.403447,-0.897421,0.17851],"extended":false,"handId":963,"id":9633,"length":62.1505,"mcpPosition":[36.8257,297.652,11.8086],"pipPosition":[21.505,269.125,-16.6362],"stabilizedTipPosition":[11.6741,215.04,13.4855],"timeVisible":34.5993,"tipPosition":[6.61676,234.741,-2.52226],"tipVelocity":[-49.9159,210.974,-216.346],"tool":false,"touchDistance":0.333333,"touchZone":"none","type":3,"width":17.4379},{"bases":[[[0.80965,-0.586668,-0.0169523],[0.545301,0.74125,0.391401],[-0.217056,-0.326142,0.920064]],[[0.744295,-0.642946,0.18068],[0.550746,0.43787,-0.710597],[0.377761,0.628403,0.680005]],[[0.744295,-0.642946,0.18068],[0.0400113,-0.227126,-0.973043],[0.666651,0.731461,-0.143324]],[[0.744295,-0.642946,0.18068],[-0.247646,-0.516953,-0.819409],[0.620239,0.565138,-0.543988]]],"btipPosition":[18.4729,242.28,3.14127],"carpPosition":[42.1078,268.669,66.0502],"dipPosition":[28.7859,251.677,-5.90383],"direction":[-0.666651,-0.731461,0.143324],"extended":false,"handId":963,"id":9634,"length":48.7249,"mcpPosition":[54.2488,286.912,14.5863],"pipPosition":[41.3638,265.478,-8.60795],"stabilizedTipPosition":[25.8608,225.503,16.4005],"timeVisible":34.5993,"tipPosition":[20.9026,244.541,2.18585],"tipVelocity":[-44.7048,201.222,-206.323],"tool":false,"touchDistance":0.333333,"touchZone":"none","type":4,"width":15.4897}],"r":[[0.9908,0.0363012,0.130372],[-0.0312779,0.998695,-0.0403744],[-0.131667,0.0359