{"sensorType":"Leap","data":[[0,{"currentFrameRate":53.3066,"devices":[],"gestures":[],"hands":[{"armBasis":[[0.947129,-0.139061,-0.289153],[0.0796571,0.974895,-0.207931],[0.310809,0.173904,0.934428]],"armWidth":61.4671,"confidence":0.750637,"direction":[-0.0986346,0.433085,-0.89594],"elbow":[100.769,310.916,325.348],"grabStrength":0,"id":963,"palmNormal":[-0.173733,-0.893998,-0.413019],"palmPosition":[6.75119,285.301,34.7829],"palmVelocity":[27.7064,195.415,-247.815],"palmWidth":87.7729,"pinchStrength":0.409306,"r":[[0.994447,0.091315,0.0523063],[-0.0886928,0.994781,-0.0504363],[-0.0566389,0.045517,0.997357]],"s":0.948258,"sphereCenter":[7.9298,248.726,-3.75623],"sphereRadius":50.8244,"stabilizedPalmPosition":[4.15594,270.594,52.8612],"t":[-9.38498,-37.4582,-6.27923],"timeVisible":24.8715,"type":"right","wrist":[19.8181,265.622,81.9725]}],"id":4955357,"interactionBox":{"center":[0,200,0],"size":[235.247,235.247,147.751]},"pointables":[{"bases":[[[0.53043,0.837882,0.128829],[-0.672381,0.323275,0.665881],[0.516283,-0.439826,0.73485]],[[0.367546,0.926665,-0.0787473],[-0.783004,0.354027,0.511438],[0.501811,-0.126318,0.855704]],[[0.367546,0.926665,-0.0787473],[-0.892778,0.375284,0.249218],[0.260494,-0.0212952,0.965241]],[[0.367546,0.926665,-0.0787473],[-0.885718,0.374605,0.274182],[0.283574,-0.0310265,0.958448]]],"btipPosition":[-47.7452,265.522,-9.46818],"carpPosition":[-8.61201,258.039,85.1212],"dipPosition":[-41.3432,264.822,12.1699],"direction":[-0.260494,0.0212952,-0.965241],"extended":false,"handId":963,"id":9630,"length":50.2737,"mcpPosition":[-8.61201,258.039,85.1212],"pipPosition":[-32.7756,264.121,43.9167],"stabilizedTipPosition":[-50.7817,248.941,17.752],"timeVisible":24.8715,"tipPosition":[-46.6342,266.759,-4.06363],"tipVelocity":[55.2269,171.517,-274.225],"tool":false,"touchDistance":-0.82958,"touchZone":"hovering","type":0,"width":19.534},{"bases":[[[0.94937,-0.0405693,-0.31153],[0.132983,0.950301,0.281503],[0.284627,-0.308678,0.907582]],[[0.974788,-0.0740588,-0.210484],[0.130304,0.954692,0.267551],[0.181133,-0.288232,0.940273]],[[0.974788,-0.0740588,-0.210484],[0.0717567,0.997249,-0.0185647],[0.21128,0.002993,0.977421]],[[0.974788,-0.0740588,-0.210484],[0.0203381,0.968876,-0.24671],[0.222204,0.236209,0.945955]]],"btipPosition":[-35.0245,308.366,-59.3658],"carpPosition":[1.27018,278.478,82.3921],"dipPosition":[-31.3623,312.26,-43.775],"direction":[-0.21128,-0.002993,-0.977421],"extended":true,"handId":963,"id":9631,"length":56.7283,"mcpPosition":[-18.9294,300.384,17.9824],"pipPosition":[-26.4361,312.329,-20.9857],"stabilizedTipPosition":[-35.9966,301.426,-47.5242],"timeVisible":24.8715,"tipPosition":[-34.3361,309.356,-55.3231],"tipVelocity":[56.669,238.965,-261.243],"tool":false,"touchDistance":-0.758793,"touchZone":"hovering","type":1,"width":18.6589},{"bases":[[[0.942422,-0.243305,-0.229443],[0.297787,0.922754,0.24464],[0.152197,-0.298879,0.942076]],[[0.948302,-0.256472,-0.186935],[0.0133425,0.620714,-0.783924],[0.317088,0.740902,0.592046]],[[0.948302,-0.256472,-0.186935],[-0.17481,0.0695025,-0.982146],[0.264885,0.96405,0.0210756]],[[0.948302,-0.256472,-0.186935],[-0.247111,-0.227092,-0.942001],[0.199145,0.939495,-0.278729]]],"btipPosition":[-23.3805,221.927,-7.77814],"carpPosition":[12.4821,279.737,78.6781],"dipPosition":[-19.7705,238.958,-12.8308],"direction":[-0.264885,-0.96405,-0.0210756],"extended":false,"handId":963,"id":9632,"length":64.6373,"mcpPosition":[2.239,299.852,15.2752],"pipPosition":[-12.5044,265.403,-12.2527],"stabilizedTipPosition":[-26.3296,204.343,19.2319],"timeVisible":24.8715,"tipPosition":[-22.4154,225.523,-7.86399],"tipVelocity":[53.667,202.871,-282.665],"tool":false,"touchDistance":0.171669,"touchZone":"hovering","type":2,"width":18.3255},{"bases":[[[0.929399,-0.353499,-0.106092],[0.369058,0.893015,0.257529],[0.00370594,-0.278501,0.960429]],[[0.929388,-0.356352,-0.096184],[0.132946,0.566283,-0.813418],[0.344331,0.743193,0.573672]],[[0.929388,-0.356352,-0.096184],[-0.0937388,0.0241687,-0.995303],[0.357003,0.934039,-0.0109419]],[[0.929388,-0.356352,-0.096184],[-0.19573,-0.254881,-0.946956],[0.312934,0.898915,-0.306632]]],"btipPosition":[-6.5109,221.541,-1.50112],"carpPosition":[23.7338,277.906,75.4393],"dipPosition":[-0.870763,237.743,-7.02767],"direction":[-0.357003,-0.934039,0.0109419],"extended":false,"handId":963,"id":9633,"length":62.1505,"mcpPosition":[23.5099,294.734,17.4051],"pipPosition":[8.66928,262.703,-7.32007],"stabilizedTipPosition":[-8.75907,206.084,21.9384],"timeVisible":24.8715,"tipPosition":[-5.18992,225.117,-2.20405],"tipVelocity":[52.7,202.22,-268.72],"tool":false,"touchDistance":0.333333,"touchZone":"none","type":3,"width":17.4379},{"bases":[[[0.849741,-0.526017,-0.0353032],[0.507988,0.799025,0.321725],[-0.141025,-0.291317,0.946175]],[[0.85042,-0.524587,-0.0399283],[0.300148,0.546105,-0.7821],[0.432084,0.653129,0.621873]],[[0.85042,-0.524587,-0.0399283],[-0.00941037,0.0607146,-0.998111],[0.52602,0.849189,0.0466963]],[[0.85042,-0.524587,-0.0399283],[-0.164763,-0.193486,-0.967169],[0.499638,0.829079,-0.250977]]],"btipPosition":[8.85419,233.375,1.76629],"carpPosition":[33.9362,269.165,72.61],"dipPosition":[17.1619,247.161,-2.40679],"direction":[-0.52602,-0.849189,-0.0466963],"extended":false,"handId":963,"id":9634,"length":48.7249,"mcpPosition":[41.8244,285.46,19.6857],"pipPosition":[27.0864,263.182,-1.52576],"stabilizedTipPosition":[7.42042,218.872,23.2737],"timeVisible":24.8715,"tipPosition":[10.8049,236.364,1.3123],"tipVelocity":[49.9248,206.734,-265.429],"tool":false,"touchDistance":0.182067,"touchZone":"hovering","type":4,"width":15.4897}],"r":[[0.994447,0.091315,0.0523063],[-0.0886928,0.994781,-0.0504363],[-0.0566389,0.045517,0.997357]],"s":0.948258,"t":[-9.38498,-37.4582,-6.27923],"timestamp":669210916131},false],[1,{"currentFrameRate":53.4548,"devices":[],"gestures":[],"hands":[{"armBasis":[[0.948471,-0.148085,-0.280131],[0.0954602,0.976541,-0.193015],[0.302142,0.156328,0.940357]],"armWidth":61.4671,"confidence":0.751176,"direction":[-0.0962589,0.430566,-0.897411],"elbow":[99.0101,309.13,321.963],"grabStrength":0,"id":963,"palmNormal":[-0.186988,-0.893368,-0.408569],"palmPosition":[7.33398,288.064,29.8182],"palmVelocity":[29.7835,174.694,-259.885],"palmWidth":87.7729,"pinchStrength":0.420481,"r":[[0.994552,0.0874617,0.0567214],[-0.0849785,0.995375,-0.0448099],[-0.0603782,0.0397457,0.997384]],"s":0.948155,"sphereCenter":[7.79733,251.441,-8.56486],"sphereRadius":50.8049,"stabilizedPalmPosition":[4.54566,272.736,50.0354],"t":[-8.84292,-34.2824,-11.0365],"timeVisible":24.8897,"type":"right","wrist":[20.3162,268.414,77.0433]}],"id":4955358,"interactionBox":{"center":[0,200,0],"size":[235.247,235.247,147.751]},"pointables":[{"bases":[[[0.541862,0.831371,0.12332],[-0.665604,0.33489,0.666948],[0.513183,-0.443476,0.734828]],[[0.377748,0.921913,-0.0859264],[-0.775583,0.365743,0.514492],[0.505744,-0.127705,0.853179]],[[0.377748,0.921913,-0.0859264],[-0.888003,0.387002,0.248354],[0.262214,-0.0175122,0.964851]],[[0.377748,0.921913,-0.0859264],[-0.885371,0.38681,0.257871],[0.270971,-0.0213335,0.962351]]],"btipPosition":[-47.2939,268.425,-14.2151],"carpPosition":[-8.19922,261.218,80.328],"dipPosition":[-41.1764,267.943,7.51109],"direction":[-0.262214,0.0175122,-0.964851],"extended":false,"handId":963,"id":9630,"length":50.2737,"mcpPosition":[-8.19922,261.218,80.328],"pipPosition":[-32.5521,267.368,39.2451],"stabilizedTipPosition":[-50.259,251.01,14.8722],"timeVisible":24.8897,"tipPosition":[-46.2685,269.713,-8.80744],"tipVelocity":[39.0063,167.199,-267.448],"tool":false,"touchDistance":-0.845855,"touchZone":"hovering","type":0,"width":19.534},{"bases":[[[0.947594,-0.0543604,-0.314819],[0.146494,0.949648,0.276963],[0.283911,-0.308568,0.907844]],[[0.97288,-0.0876469,-0.214061],[0.144208,0.953392,0.265043],[0.180854,-0.288724,0.940176]],[[0.97288,-0.0876469,-0.214061],[0.0872755,0.996121,-0.0112039],[0.214213,-0.00778231,0.976756]],[[0.97288,-0.0876469,-0.214061],[0.0365271,0.972033,-0.231986],[0.228408,0.217876,0.948873]]],"btipPosition":[-34.4627,311.968,-64.3293],"carpPosition":[1.94034,281.514,77.4758],"dipPosition":[-30.6982,315.559,-48.6904],"direction":[-0.214213,0.00778231,-0.976756],"extended":true,"handId":963,"id":9631,"length":56.7283,"mcpPosition":[-18.2084,303.412,13.0475],"pipPosition":[-25.7036,315.378,-25.9165],"stabilizedTipPosition":[-35.3053,304.701,-51.3292],"timeVisible":24.8897,"tipPosition":[-33.7347,312.659,-60.3044],"tipVelocity":[44.9966,217.669,-266.585],"tool":false,"touchDistance":-0.785533,"touchZone":"hovering","type":1,"width":18.6589},{"bases":[[[0.938288,-0.256639,-0.231843],[0.310784,0.919781,0.239617],[0.15175,-0.296883,0.942779]],[[0.944227,-0.269898,-0.188653],[0.0198699,0.618555,-0.78549],[0.328694,0.737933,0.589419]],[[0.944227,-0.269898,-0.188653],[-0.176307,0.0695081,-0.981878],[0.27812,0.960377,0.0180466]],[[0.944227,-0.269898,-0.188653],[-0.252633,-0.226275,-0.940732],[0.211214,0.935925,-0.28184]]],"btipPosition":[-23.7999,224.969,-12.5264],"carpPosition":[13.1539,282.61,73.7155],"dipPosition":[-19.9711,241.935,-17.6355],"direction":[-0.27812,-0.960377,-0.0180466],"extended":false,"handId":963,"id":9632,"length":64.6373,"mcpPosition":[2.94098,302.59,10.2653],"pipPosition":[-12.342,268.279,-17.1404],"stabilizedTipPosition":[-25.9467,207.098,15.5338],"timeVisible":24.8897,"tipPosition":[-22.7874,228.551,-12.6293],"tipVelocity":[18.3736,185.533,-272.769],"tool":false,"touchDistance":0.333333,"touchZone":"none","type":2,"width":18.3255},{"bases":[[[0.924277,-0.366133,-0.107978],[0.381706,0.889162,0.252372],[0.00360823,-0.274477,0.961587]],[[0.924265,-0.368953,-0.098021],[0.137394,0.561053,-0.816298],[0.356171,0.741008,0.569253]],[[0.924265,-0.368953,-0.098021],[-0.097067,0.0211961,-0.995052],[0.369206,0.929206,-0.0162224]],[[0.924265,-0.368953,-0.098021],[-0.202542,-0.256288,-0.945142],[0.323592,0.893415,-0.311606]]],"btipPosition":[-6.89869,224.332,-6.14568],"carpPosition":[24.3686,280.617,70.4435],"dipPosition":[-1.06647,240.434,-11.7619],"direction":[-0.369206,-0.929206,0.0162224],"extended":false,"handId":963,"id":9633,"length":62.1505,"mcpPosition":[24.1506,297.202,12.3394],"pipPosition":[8.79965,265.265,-12.1954],"stabilizedTipPosition":[-8.37838,208.694,18.4456],"timeVisible":24.8897,"tipPosition":[-5.53353,227.888,-6.87071],"tipVelocity":[18.5385,178.389,-262.956],"tool":false,"touchDistance":0.333333,"touchZone":"none","type":3,"width":17.4379},{"bases":[[[0.842623,-0.537288,-0.0361637],[0.519627,0.793625,0.316461],[-0.14133,-0.285449,0.947916]],[[0.84315,-0.536208,-0.0397377],[0.305299,0.538276,-0.785526],[0.442595,0.650184,0.617551]],[[0.84315,-0.536208,-0.0397377],[-0.0113863,0.0560832,-0.998361],[0.537558,0.842221,0.0411812]],[[0.84315,-0.536208,-0.0397377],[-0.170072,-0.195854,-0.965772],[0.510072,0.821049,-0.256329]]],"btipPosition":[8.63014,235.979,-2.98644],"carpPosition":[34.4447,271.731,67.6143],"dipPosition":[17.1113,249.63,-7.24851],"direction":[-0.537558,-0.842221,-0.0411812],"extended":false,"handId":963,"id":9634,"length":48.7249,"mcpPosition":[42.35,287.698,14.5925],"pipPosition":[27.2535,265.521,-6.47154],"stabilizedTipPosition":[7.80947,221.364,19.9204],"timeVisible":24.8897,"tipPosition":[10.6201,238.94,-3.46348],"tipVelocity":[21.2724,175.625,-264.071],"tool":false,"touchDistance":0.102513,"touchZone":"hovering","type":4,"width":15.4897}],"r":[[0.994552,0.0874617,0.0567214],[-0.0849785,0.995375,-0.0448099],[-0.0603782,0.0397457,0.997384]],"s":0.948155,"t":[-8.84292,-34.2824,-11.0365],"timestamp":669210934309},false],[2,{"currentFrameRate":53.509,"devices":[],"gestures":[],"hands":[{"armBasis":[[0.951073,-0.145704,-0.272452],[0.0953246,0.977179,-0.189826],[0.293893,0.154567,0.943258]],"armWidth":61.4671,"confidence":0.724705,"direction":[-0.0941182,0.430297,-0.897767],"elbow":[97.1359,310.857,319.048],"grabStrength":0,"id":963,"palmNormal":[-0.184563,-0.89368,-0.408989],"palmPosition":[7.72475,290.225,26.1054],"palmVelocity":[25.6032,146.754,-231.323],"palmWidth":87.7729,"pinchStrength":0.429233,"r":[[0.994554,0.0846247,0.0608339],[-0.0822603,0.995793,-0.0403779],[-0.0639949,0.0351538,0.997331]],"s":0.948502,"sphereCenter":[8.15322,253.767,-12.243],"sphereRadius":50.7425,"stabilizedPalmPosition":[4.85784,274.454,47.6855],"t":[-8.37651,-31.6141,-15.2716],"timeVisible":24.9082,"type":"right","wrist":[20.5903,270.599,73.3727]}],"id":4955359,"interactionBox":{"center":[0,200,0],"size":[235.247,235.247,147.751]},"pointables":[{"bases":[[[0.540379,0.832111,0.124824],[-0.668063,0.334107,0.664879],[0.511549,-0.442677,0.736447]],[[0.375403,0.922815,-0.0865216],[-0.776987,0.36422,0.513454],[0.505336,-0.125526,0.853744]],[[0.375403,0.922815,-0.0865216],[-0.889932,0.384959,0.244595],[0.259023,-0.0148233,0.965757]],[[0.375403,0.922815,-0.0865216],[-0.891214,0.385028,0.239773],[0.254579,-0.012902,0.966966]]],"btipPosition":[-46.5254,270.19,-18.132],"carpPosition":[-7.92535,263.366,76.5723],"dipPosition":[-40.7779,269.898,3.69837],"direction":[-0.259023,0.0148233,-0.965757],"extended":false,"handId":963,"id":9630,"length":50.2737,"mcpPosition":[-7.92535,263.366,76.5723],"pipPosition":[-32.2586,269.411,35.4622],"stabilizedTipPosition":[-49.8451,252.574,12.5815],"timeVisible":24.9082,"tipPosition":[-45.6079,271.504,-12.7187],"tipVelocity":[38.0139,133.669,-239.937],"tool":false,"touchDistance":-0.847997,"touchZone":"hovering","type":0,"width":19.534},{"bases":[[[0.948613,-0.0531477,-0.311944],[0.144391,0.949885,0.277253],[0.281575,-0.308047,0.908748]],[[0.973524,-0.0861898,-0.211713],[0.142554,0.952937,0.267563],[0.178688,-0.290659,0.939994]],[[0.973524,-0.0861898,-0.211713],[0.0884197,0.996083,0.00106989],[0.210791,-0.0197611,0.977331]],[[0.973524,-0.0861898,-0.211713],[0.0401844,0.976296,-0.212677],[0.225025,0.198538,0.953911]]],"btipPosition":[-33.8162,314.771,-68.2106],"carpPosition":[2.19576,283.675,73.7475],"dipPosition":[-30.1074,318.043,-52.4887],"direction":[-0.210791,0.0197611,-0.977331],"extended":true,"handId":963,"id":9631,"length":56.7283,"mcpPosition":[-17.7872,305.537,9.2551],"pipPosition":[-25.1926,317.583,-29.7014],"stabilizedTipPosition":[-34.7211,307.4,-54.6377],"timeVisible":24.9082,"tipPosition":[-33.0837,315.176,-64.1989],"tipVelocity":[39.8123,183.813,-238.689],"tool":false,"touchDistance":-0.793247,"touchZone":"hovering","type":1,"width":18.6589},{"bases":[[[0.939326,-0.255426,-0.228964],[0.308834,0.920231,0.240407],[0.149294,-0.296533,0.943281]],[[0.945212,-0.268831,-0.185214],[0.0224804,0.619598,-0.784598],[0.325682,0.737447,0.591695]],[[0.945212,-0.268831,-0.185214],[-0.172423,0.0706525,-0.982486],[0.277208,0.960593,0.020429]],[[0.945212,-0.268831,-0.185214],[-0.248713,-0.225503,-0.941961],[0.211462,0.936418,-0.28001]]],"btipPosition":[-23.2088,227.129,-16.4591],"carpPosition":[13.4192,284.785,70.021],"dipPosition":[-19.3755,244.104,-21.535],"direction":[-0.277208,-0.960593,-0.020429],"extended":false,"handId":963,"id":9632,"length":64.6373,"mcpPosition":[3.37156,304.742,6.53697],"pipPosition":[-11.7714,270.454,-20.9746],"stabilizedTipPosition":[-25.5902,209.455,12.2683],"timeVisible":24.9082,"tipPosition":[-22.201,230.713,-16.5632],"tipVelocity":[24.9634,152.38,-243.526],"tool":false,"touchDistance":0.267916,"touchZone":"hovering","type":2,"width":18.3255},{"bases":[[[0.925086,-0.364918,-0.105124],[0.379757,0.889709,0.253382],[0.00106615,-0.274322,0.961637]],[[0.925043,-0.367878,-0.0946684],[0.13983,0.561488,-0.815585],[0.353191,0.741213,0.570841]],[[0.925043,-0.367878,-0.0946684],[-0.0934448,0.021182,-0.995399],[0.36819,0.929633,-0.014782]],[[0.925043,-0.367878,-0.0946684],[-0.198862,-0.256652,-0.945824],[0.323651,0.893754,-0.310571]]],"btipPosition":[-6.31281,226.486,-9.93461],"carpPosition":[24.6464,282.807,66.7832],"dipPosition":[-0.479522,242.595,-15.5322],"direction":[-0.36819,-0.929633,0.014782],"extended":false,"handId":963,"id":9633,"length":62.1505,"mcpPosition":[24.5819,299.383,8.676],"pipPosition":[9.35947,267.437,-15.9272],"stabilizedTipPosition":[-8.04144,210.82,15.5118],"timeVisible":24.9082,"tipPosition":[-4.95034,230.041,-10.6558],"tipVelocity":[24.8909,148.526,-234.786],"tool":false,"touchDistance":0.333333,"touchZone":"none","type":3,"width":17.4379},{"bases":[[[0.843443,-0.536171,-0.0335298],[0.517611,0.794366,0.317903],[-0.143816,-0.285488,0.94753]],[[0.843639,-0.535781,-0.0348231],[0.308966,0.537494,-0.784628],[0.439106,0.651183,0.618989]],[[0.843639,-0.535781,-0.0348231],[-0.00636044,0.0548806,-0.998473],[0.536874,0.842572,0.0428916]],[[0.843639,-0.535781,-0.0348231],[-0.165083,-0.197129,-0.966379],[0.510903,0.821023,-0.254754]]],"btipPosition":[9.18536,238.144,-6.70074],"carpPosition":[34.7428,273.934,63.9859],"dipPosition":[17.6803,251.795,-10.9366],"direction":[-0.536874,-0.842572,-0.0428916],"extended":false,"handId":963,"id":9634,"length":48.7249,"mcpPosition":[42.7871,289.903,10.9857],"pipPosition":[27.8097,267.692,-10.1274],"stabilizedTipPosition":[8.14229,223.355,17.1621],"timeVisible":24.9082,"tipPosition":[11.1771,241.105,-7.17487],"tipVelocity":[25.5803,147.338,-233.368],"tool":false,"touchDistance":0.0407088,"touchZone":"hovering","type":4,"width":15.4897}],"r":[[0.994554,0.0846247,0.0608339],[-0.0822603,0.995793,-0.0403779],[-0.0639949,0.0351538,0.997331]],"s":0.948502,"t":[-8.37651,-31.6141,-15.2716],"timestamp":669210952804},false],[3,{"currentFrameRate":53.5661,"devices":[],"gestures":[],"hands":[{"armBasis":[[0.948616,-0.158091,-0.274108],[0.113131,0.978439,-0.172795],[0.295515,0.132906,0.946048]],"armWidth":61.4671,"confidence":0.519425,"direction":[-0.0896793,0.427925,-0.899354],"elbow":[98.0972,306.809,316.38],"grabStrength":0,"id":963,"palmNormal":[-0.198239,-0.892594,-0.404941],"palmPosition":[8.45457,291.808,22.6552],"palmVelocity":[32.3193,117.328,-209.866],"palmWidth":87.7729,"pinchStrength":0.432976,"r":[[0.994798,0.0795198,0.0636619],[-0.077233,0.996303,-0.0376136],[-0.0664176,0.0325011,0.997262]],"s":0.950225,"sphereCenter":[7.7614,255.586,-15.4529],"sphereRadius":50.5659,"stabilizedPalmPosition":[5.12052,275.721,45.8575],"t":[-7.77839,-29.4881,-19.1142],"timeVisible":24.9267,"type":"right","wrist":[21.1292,272.193,69.9784]}],"id":4955360,"interactionBox":{"center":[0,200,0],"size":[235.247,235.247,147.751]},"pointables":[{"bases":[[[0.552568,0.824733,0.120351],[-0.661859,0.346434,0.664775],[0.506568,-0.446988,0.737286]],[[0.387904,0.917123,-0.0917384],[-0.769762,0.377095,0.515039],[0.506948,-0.129169,0.852243]],[[0.387904,0.917123,-0.0917384],[-0.884065,0.398368,0.244402],[0.260693,-0.0137019,0.965325]],[[0.387904,0.917123,-0.0917384],[-0.887978,0.398532,0.229491],[0.247032,-0.00755877,0.968978]]],"btipPosition":[-46.0435,272.227,-21.4007],"carpPosition":[-7.48133,265.386,73.2626],"dipPosition":[-40.4665,272.056,0.475111],"direction":[-0.260693,0.0137019,-0.965325],"extended":false,"handId":963,"id":9630,"length":50.2737,"mcpPosition":[-7.48133,265.386,73.2626],"pipPosition":[-31.8923,271.606,32.2247],"stabilizedTipPosition":[-49.5121,253.859,10.6852],"timeVisible":24.9267,"tipPosition":[-45.1487,273.542,-16.001],"tipVelocity":[31.2404,123.132,-209.311],"tool":false,"touchDistance":-0.840404,"touchZone":"hovering","type":0,"width":19.534},{"bases":[[[0.947129,-0.0681069,-0.313541],[0.158621,0.948832,0.273051],[0.278901,-0.308349,0.90947]],[[0.971537,-0.100714,-0.214413],[0.157943,0.949977,0.269441],[0.17655,-0.295637,0.938844]],[[0.971537,-0.100714,-0.214413],[0.106931,0.994111,0.0175644],[0.211381,-0.0399918,0.976585]],[[0.971537,-0.100714,-0.214413],[0.0607194,0.980757,-0.185553],[0.228974,0.167252,0.958956]]],"btipPosition":[-32.8864,317.845,-71.693],"carpPosition":[2.92596,285.534,70.3345],"dipPosition":[-29.1126,320.602,-55.8879],"direction":[-0.211381,0.0399918,-0.976585],"extended":true,"handId":963,"id":9631,"length":56.7283,"mcpPosition":[-16.8672,307.417,5.79088],"pipPosition":[-24.1841,319.67,-33.118],"stabilizedTipPosition":[-34.1132,309.893,-57.6566],"timeVisible":24.9267,"tipPosition":[-32.1358,317.786,-67.7004],"tipVelocity":[45.2869,172.361,-214.021],"tool":false,"touchDistance":-0.794204,"touchZone":"hovering","type":1,"width":18.6589},{"bases":[[[0.93509,-0.269888,-0.22971],[0.322546,0.916658,0.236013],[0.146868,-0.294786,0.944209]],[[0.940887,-0.283247,-0.185748],[0.0301055,0.616144,-0.787058],[0.337379,0.734941,0.588249]],[[0.940887,-0.283247,-0.185748],[-0.173114,0.0692339,-0.982465],[0.29114,0.956545,0.0161072]],[[0.940887,-0.283247,-0.185748],[-0.253638,-0.225705,-0.940598],[0.224497,0.93211,-0.284205]]],"btipPosition":[-23.4702,228.999,-19.6058],"carpPosition":[14.1569,286.467,66.5819],"dipPosition":[-19.4006,245.896,-24.7577],"direction":[-0.29114,-0.956545,-0.0161072],"extended":false,"handId":963,"id":9632,"length":64.6373,"mcpPosition":[4.27247,306.307,3.03547],"pipPosition":[-11.4144,272.135,-24.3159],"stabilizedTipPosition":[-25.3514,211.286,9.68465],"timeVisible":24.9267,"tipPosition":[-22.4131,232.571,-19.7427],"tipVelocity":[7.51047,127.259,-208.712],"tool":false,"touchDistance":0.333333,"touchZone":"none","type":2,"width":18.3255},{"bases":[[[0.919518,-0.378655,-0.105391],[0.393047,0.885169,0.248978],[-0.000987393,-0.270363,0.962758]],[[0.919451,-0.381608,-0.0947876],[0.146451,0.556075,-0.818127],[0.364913,0.738346,0.567171]],[[0.919451,-0.381608,-0.0947876],[-0.0949683,0.0184071,-0.99531],[0.381563,0.924141,-0.0193162]],[[0.919451,-0.381608,-0.0947876],[-0.204316,-0.257709,-0.944373],[0.335953,0.887672,-0.314919]]],"btipPosition":[-6.57151,228.134,-13.097],"carpPosition":[25.3479,284.314,63.3308],"dipPosition":[-0.516494,244.133,-18.7729],"direction":[-0.381563,-0.924141,0.0193162],"extended":false,"handId":963,"id":9633,"length":62.1505,"mcpPosition":[25.4076,300.651,5.15591],"pipPosition":[9.67985,268.828,-19.2891],"stabilizedTipPosition":[-7.8262,212.398,13.2625],"timeVisible":24.9267,"tipPosition":[-5.15949,231.666,-13.8398],"tipVelocity":[7.45642,119.265,-204.612],"tool":false,"touchDistance":0.333333,"touchZone":"none","type":3,"width":17.4379},{"bases":[[[0.835556,-0.548417,-0.0329342],[0.529639,0.788112,0.313627],[-0.146043,-0.279496,0.948975]],[[0.835452,-0.548616,-0.032259],[0.316689,0.528577,-0.7876],[0.449141,0.647786,0.615342]],[[0.835452,-0.548616,-0.032259],[-0.00599601,0.0495964,-0.998751],[0.549531,0.834602,0.0381459]],[[0.835452,-0.548616,-0.032259],[-0.168482,-0.199814,-0.96524],[0.5231,0.811847,-0.259367]]],"btipPosition":[9.093,239.578,-9.92601],"carpPosition":[35.3098,275.285,60.5508],"dipPosition":[17.7908,253.077,-14.2386],"direction":[-0.549531,-0.834602,-0.0381459],"extended":false,"handId":963,"id":9634,"length":48.7249,"mcpPosition":[43.4787,290.919,7.4698],"pipPosition":[28.1589,268.824,-13.5189],"stabilizedTipPosition":[8.14229,223.355,17.1621],"timeVisible":24.9267,"tipPosition":[11.1299,242.51,-10.4292],"tipVelocity":[12.0455,112.82,-205.511],"tool":false,"touchDistance":-0.0633398,"touchZone":"hovering","type":4,"width":15.4897}],"r":[[0.994798,0.0795198,0.0636619],[-0.077233,0.996303,-0.0376136],[-0.0664176,0.0325011,0.997262]],"s":0.950225,"t":[-7.77839,-29.4881,-19.1142],"timestamp":669210971269},false],[4,{"currentFrameRate":53.6282,"devices":[],"gestures":[],"hands":[{"armBasis":[[0.950502,-0.150187,-0.272009],[0.107959,0.980513,-0.164131],[0.291359,0.126642,0.948194]],"armWidth":61.4671,"confidence":0.547978,"direction":[-0.0892009,0.433237,-0.896855],"elbow":[97.1814,307.532,313.451],"grabStrength":0,"id":963,"palmNormal":[-0.191226,-0.891142,-0.411458],"palmPosition":[8.66475,294.393,19.2518],"palmVelocity":[22.2456,128.382,-197.748],"palmWidth":87.7729,"pinchStrength":0.434732,"r":[[0.994828,0.076586,0.0667222],[-0.0744355,0.996641,-0.0341449],[-0.0691131,0.0290018,0.997187]],"s":0.952959,"sphereCenter":[7.80146,258.801,-18.9949],"sphereRadius":50.3874,"stabilizedPalmPosition":[5.34011,276.878,44.2091],"t":[-7.37424,-27.1328,-22.7372],"timeVisible":24.9451,"type":"right","wrist":[21.2959,274.548,66.4906]}],"id":4955361,"interactionBox":{"center":[0,200,0],"size":[235.247,235.247,147.751]},"pointables":[{"bases":[[[0.546969,0.827358,0.12769],[-0.666343,0.33794,0.664668],[0.506767,-0.448638,0.736146]],[[0.382167,0.920201,-0.0847319],[-0.773084,0.368601,0.516212],[0.50625,-0.131774,0.852259]],[[0.382167,0.920201,-0.0847319],[-0.887506,0.391035,0.243771],[0.257451,-0.017961,0.966124]],[[0.382167,0.920201,-0.0847319],[-0.893097,0.391341,0.221879],[0.237332,-0.00912081,0.971386]]],"btipPosition":[-45.4858,274.683,-25.1159],"carpPosition":[-7.28286,267.541,69.6288],"dipPosition":[-40.1278,274.477,-3.18576],"direction":[-0.257451,0.017961,-0.966124],"extended":false,"handId":963,"id":9630,"length":50.2737,"mcpPosition":[-7.28286,267.541,69.6288],"pipPosition":[-31.6602,273.886,28.5902],"stabilizedTipPosition":[-49.217,255.025,8.95905],"timeVisible":24.9451,"tipPosition":[-44.6475,275.953,-19.7137],"tipVelocity":[29.4541,127.81,-205.284],"tool":false,"touchDistance":-0.840238,"touchZone":"hovering","type":0,"width":19.534},{"bases":[[[0.948631,-0.0601446,-0.310616],[0.15172,0.947995,0.279798],[0.277634,-0.312552,0.908422]],[[0.972685,-0.0928832,-0.212736],[0.152039,0.947441,0.281497],[0.175408,-0.306152,0.935683]],[[0.972685,-0.0928832,-0.212736],[0.104407,0.99358,0.0435679],[0.207324,-0.064589,0.976138]],[[0.972685,-0.0928832,-0.212736],[0.0615085,0.986827,-0.149628],[0.223832,0.132456,0.965585]]],"btipPosition":[-32.4875,321.965,-75.0518],"carpPosition":[3.00831,287.773,66.8692],"dipPosition":[-28.7984,324.148,-59.1375],"direction":[-0.207324,0.064589,-0.976138],"extended":true,"handId":963,"id":9631,"length":56.7283,"mcpPosition":[-16.6949,309.954,2.3999],"pipPosition":[-23.9645,322.642,-36.378],"stabilizedTipPosition":[-33.5449,312.781,-60.8111],"timeVisible":24.9451,"tipPosition":[-31.7428,321.512,-71.0855],"tipVelocity":[33.3926,193.577,-198.077],"tool":false,"touchDistance":-0.793122,"touchZone":"hovering","type":1,"width":18.6589},{"bases":[[[0.937561,-0.262541,-0.228146],[0.315972,0.917087,0.243133],[0.145397,-0.30004,0.942781]],[[0.943296,-0.276176,-0.184171],[0.0290951,0.621463,-0.782903],[0.330674,0.733151,0.594259]],[[0.943296,-0.276176,-0.184171],[-0.170005,0.0746037,-0.982615],[0.285114,0.958207,0.0234221]],[[0.943296,-0.276176,-0.184171],[-0.24884,-0.221098,-0.942971],[0.219706,0.93533,-0.277284]]],"btipPosition":[-22.718,231.665,-23.5345],"carpPosition":[14.2463,288.8,63.1627],"dipPosition":[-18.7352,248.62,-28.561],"direction":[-0.285114,-0.958207,-0.0234221],"extended":false,"handId":963,"id":9632,"length":64.6373,"mcpPosition":[4.46082,308.993,-0.287672],"pipPosition":[-10.9143,274.905,-27.9185],"stabilizedTipPosition":[-25.1113,212.928,7.35936],"timeVisible":24.9451,"tipPosition":[-21.6836,235.247,-23.6517],"tipVelocity":[23.0363,135.998,-210.127],"tool":false,"touchDistance":0.268336,"touchZone":"hovering","type":2,"width":18.3255},{"bases":[[[0.922234,-0.372215,-0.104596],[0.386623,0.885954,0.256141],[-0.00267212,-0.276662,0.960964]],[[0.922135,-0.375511,-0.0930485],[0.14596,0.560439,-0.815232],[0.358276,0.738173,0.57161]],[[0.922135,-0.375511,-0.0930485],[-0.0915361,0.0219082,-0.995561],[0.375882,0.926559,-0.0141705]],[[0.922135,-0.375511,-0.0930485],[-0.199259,-0.25485,-0.946228],[0.331605,0.891091,-0.30983]]],"btipPosition":[-5.83952,230.82,-16.8027],"carpPosition":[25.4619,286.738,59.9373],"dipPosition":[0.137132,246.88,-22.3869],"direction":[-0.375882,-0.926559,0.0141705],"extended":false,"handId":963,"id":9633,"length":62.1505,"mcpPosition":[25.6233,303.456,1.8708],"pipPosition":[10.1817,271.64,-22.7655],"stabilizedTipPosition":[-7.60624,213.845,11.211],"timeVisible":24.9451,"tipPosition":[-4.44731,234.39,-17.617],"tipVelocity":[22.5295,132.401,-202.374],"tool":false,"touchDistance":0.333333,"touchZone":"none","type":3,"width":17.4379},{"bases":[[[0.839083,-0.542968,-0.0335468],[0.523592,0.789329,0.320641],[-0.147618,-0.286609,0.946607]],[[0.838739,-0.543631,-0.0313538],[0.317374,0.534825,-0.783094],[0.442483,0.64686,0.621112]],[[0.838739,-0.543631,-0.0313538],[-0.00157934,0.0551503,-0.998477],[0.544532,0.837511,0.0453981]],[[0.838739,-0.543631,-0.0313538],[-0.162794,-0.195387,-0.96712],[0.51963,0.816265,-0.252379]]],"btipPosition":[9.74025,242.384,-13.6604],"carpPosition":[35.4898,277.79,57.1338],"dipPosition":[18.3803,255.956,-17.8568],"direction":[-0.544532,-0.837511,-0.0453981],"extended":false,"handId":963,"id":9634,"length":48.7249,"mcpPosition":[43.7468,293.822,4.18526],"pipPosition":[28.6542,271.758,-17.0003],"stabilizedTipPosition":[8.36885,224.755,15.1533],"timeVisible":24.9451,"tipPosition":[11.7631,245.332,-14.1459],"tipVelocity":[22.8169,132.268,-203.444],"tool":false,"touchDistance":-0.125135,"touchZone":"hovering","type":4,"width":15.4897}],"r":[[0.994828,0.076586,0.0667222],[-0.0744355,0.996641,-0.0341449],[-0.0691131,0.0290018,0.997187]],"s":0.952959,"t":[-7.37424,-27.1328,-22.7372],"timestamp":669210989695},false],[5,{"currentFrameRate":53.6166,"devices":[],"gestures":[],"hands":[{"armBasis":[[0.952226,-0.142452,-0.270135],[0.0986736,0.980614,-0.16929],[0.289014,0.134547,0.947823]],"armWidth":61.4671,"confidence":0.570818,"direction":[-0.0920361,0.434851,-0.895787],"elbow":[96.99,310.751,311.455],"grabStrength":0,"id":963,"palmNormal":[-0.183671,-0.891582,-0.413939],"palmPosition":[8.9592,295.574,17.3943],"palmVelocity":[19.0862,96.6514,-149.878],"palmWidth":87.7729,"pinchStrength":0.435141,"r":[[0.994707,0.0758101,0.069357],[-0.073818,0.996794,-0.0308523],[-0.0714736,0.0255692,0.997115]],"s":0.955916,"sphereCenter":[7.94169,260.367,-20.8482],"sphereRadius":50.2238,"stabilizedPalmPosition":[5.53276,277.873,42.7817],"t":[-7.02494,-25.3647,-25.4774],"timeVisible":24.9638,"type":"right","wrist":[21.7152,275.708,64.5909]}],"id":4955362,"interactionBox":{"center":[0,200,0],"size":[235.247,235.247,147.751]},"pointables":[{"bases":[[[0.540135,0.831433,0.130282],[-0.669569,0.330773,0.665031],[0.509835,-0.44644,0.735364]],[[0.37464,0.923524,-0.0821463],[-0.775818,0.360765,0.517644],[0.507693,-0.1302,0.851643]],[[0.37464,0.923524,-0.0821463],[-0.890868,0.383105,0.244101],[0.256904,-0.0182684,0.966264]],[[0.37464,0.923524,-0.0821463],[-0.897476,0.383458,0.217939],[0.232771,-0.00792411,0.972499]]],"btipPosition":[-44.9595,275.51,-27.0564],"carpPosition":[-6.80802,268.461,67.6884],"dipPosition":[-39.7044,275.331,-5.1011],"direction":[-0.256904,0.0182684,-0.966264],"extended":false,"handId":963,"id":9630,"length":50.2737,"mcpPosition":[-6.80802,268.461,67.6884],"pipPosition":[-31.2548,274.73,26.6794],"stabilizedTipPosition":[-48.9679,255.957,7.54778],"timeVisible":24.9638,"tipPosition":[-44.1503,276.756,-21.6586],"tipVelocity":[28.208,87.3179,-155.758],"tool":false,"touchDistance":-0.813568,"touchZone":"hovering","type":0,"width":19.534},{"bases":[[[0.949323,-0.0516252,-0.310033],[0.143804,0.948458,0.282398],[0.279474,-0.312671,0.907817]],[[0.973285,-0.0839389,-0.213706],[0.144703,0.946908,0.2871],[0.178261,-0.310355,0.933757]],[[0.973285,-0.0839389,-0.213706],[0.0985601,0.993399,0.0586891],[0.207369,-0.0781841,0.975133]],[[0.973285,-0.0839389,-0.213706],[0.0574075,0.99018,-0.127468],[0.222307,0.111794,0.968546]]],"btipPosition":[-32.3999,323.815,-76.8337],"carpPosition":[3.3206,288.783,64.9898],"dipPosition":[-28.736,325.658,-60.8706],"direction":[-0.207369,0.0781841,-0.975133],"extended":true,"handId":963,"id":9631,"length":56.7283,"mcpPosition":[-16.5132,310.973,0.563484],"pipPosition":[-23.901,323.835,-38.1346],"stabilizedTipPosition":[-33.0739,315.496,-63.7382],"timeVisible":24.9638,"tipPosition":[-31.6193,323.164,-72.9034],"tipVelocity":[19.272,145.512,-147.79],"tool":false,"touchDistance":-0.768704,"touchZone":"hovering","type":1,"width":18.6589},{"bases":[[[0.939835,-0.254321,-0.228102],[0.308329,0.918981,0.24578],[0.147114,-0.301323,0.942105]],[[0.945673,-0.268096,-0.18392],[0.0247148,0.623344,-0.781557],[0.324178,0.734552,0.596106]],[[0.945673,-0.268096,-0.18392],[-0.169874,0.0748893,-0.982616],[0.277209,0.960477,0.0252783]],[[0.945673,-0.268096,-0.18392],[-0.246334,-0.22165,-0.943499],[0.212182,0.937548,-0.27565]]],"btipPosition":[-21.8718,232.695,-25.5233],"carpPosition":[14.5526,289.911,61.2948],"dipPosition":[-18.0255,249.69,-30.5202],"direction":[-0.277209,-0.960477,-0.0252783],"extended":false,"handId":963,"id":9632,"length":64.6373,"mcpPosition":[4.65167,310.191,-2.1101],"pipPosition":[-10.4214,276.037,-29.8268],"stabilizedTipPosition":[-24.8714,214.305,5.37969],"timeVisible":24.9638,"tipPosition":[-20.8743,236.3,-25.6894],"tipVelocity":[33.0371,96.8723,-159.476],"tool":false,"touchDistance":0.235302,"touchZone":"hovering","type":2,"width":18.3255},{"bases":[[[0.925305,-0.364439,-0.104852],[0.379221,0.888388,0.258762],[-0.00115406,-0.279196,0.960233]],[[0.925213,-0.368017,-0.0924353],[0.142145,0.56202,-0.814818],[0.351817,0.740741,0.5723]],[[0.925213,-0.368017,-0.0924353],[-0.0908947,0.0215592,-0.995627],[0.3684,0.929569,-0.0135039]],[[0.925213,-0.368017,-0.0924353],[-0.196341,-0.25586,-0.946565],[0.324701,0.893924,-0.308982]]],"btipPosition":[-5.00328,231.942,-18.686],"carpPosition":[25.7871,287.949,58.0727],"dipPosition":[0.848944,248.053,-24.2549],"direction":[-0.3684,-0.929569,0.0135039],"extended":false,"handId":963,"id":9633,"length":62.1505,"mcpPosition":[25.8568,304.819,0.0503654],"pipPosition":[10.6935,272.894,-24.6157],"stabilizedTipPosition":[-7.37616,215.116,9.39448],"timeVisible":24.9638,"tipPosition":[-3.63977,235.546,-19.579],"tipVelocity":[32.5912,97.4799,-152.834],"tool":false,"touchDistance":0.333333,"touchZone":"none","type":3,"width":17.4379},{"bases":[[[0.84349,-0.536048,-0.0343144],[0.516922,0.79271,0.323115],[-0.146004,-0.290282,0.945737]],[[0.843028,-0.536955,-0.0313494],[0.314269,0.539031,-0.781461],[0.436508,0.648941,0.623167]],[[0.843028,-0.536955,-0.0313494],[-0.000627845,0.0573019,-0.998357],[0.537869,0.841662,0.04797]],[[0.843028,-0.536955,-0.0313494],[-0.159925,-0.194583,-0.967761],[0.513545,0.820863,-0.249912]]],"btipPosition":[10.4803,243.663,-15.6516],"carpPosition":[35.8895,279.09,55.2536],"dipPosition":[19.0192,257.312,-19.807],"direction":[-0.537869,-0.841662,-0.04797],"extended":false,"handId":963,"id":9634,"length":48.7249,"mcpPosition":[44.0562,295.327,2.35371],"pipPosition":[29.1673,273.192,-18.9019],"stabilizedTipPosition":[8.60137,226.013,13.3412],"timeVisible":24.9638,"tipPosition":[12.4808,246.629,-16.1312],"tipVelocity":[30.3735,101.672,-156.038],"tool":false,"touchDistance":-0.158163,"touchZone":"hovering","type":4,"width":15.4897}],"r":[[0.994707,0.0758101,0.069357],[-0.073818,0.996794,-0.0308523],[-0.0714736,0.0255692,0.997115]],"s":0.955916,"t":[-7.02494,-25.3647,-25.4774],"timestamp":669211008387},false],[6,{"currentFrameRate":53.6906,"devices":[],"gestures":[],"hands":[{"armBasis":[[0.954546,-0.136148,-0.265151],[0.0956949,0.982472,-0.159971],[0.282283,0.127326,0.950844]],"armWidth":61.4671,"confidence":0.605937,"direction":[-0.0918411,0.436957,-0.894782],"elbow":[94.9455,309.928,309.456],"grabStrength":0,"id":963,"palmNormal":[-0.178521,-0.891246,-0.416907],"palmPosition":[8.69236,296.705,14.6331],"palmVelocity":[2.93196,79.8166,-150.118],"palmWidth":87.7729,"pinchStrength":0.435067,"r":[[0.9945,0.0760624,0.0719979],[-0.0742378,0.996856,-0.0276907],[-0.0738777,0.0221935,0.99702]],"s":0.958713,"sphereCenter":[7.58019,261.805,-23.6373],"sphereRadius":50.1043,"stabilizedPalmPosition":[5.65388,278.595,41.7027],"t":[-6.98371,-23.9149,-28.2282],"timeVisible":24.9821,"type":"right","wrist":[21.4239,276.765,61.8048]}],"id":4955363,"interactionBox":{"center":[0,200,0],"size":[235.247,235.247,147.751]},"pointables":[{"bases":[[[0.535958,0.833548,0.133965],[-0.672729,0.32579,0.664301],[0.510083,-0.446159,0.735362]],[[0.370524,0.925486,-0.0786558],[-0.778331,0.355587,0.517454],[0.506866,-0.130509,0.852088]],[[0.370524,0.925486,-0.0786558],[-0.89322,0.378263,0.243054],[0.254695,-0.0198003,0.966819]],[[0.370524,0.925486,-0.0786558],[-0.900354,0.378683,0.214388],[0.228199,-0.00861797,0.973576]]],"btipPosition":[-45.0088,276.508,-29.9975],"carpPosition":[-7.07303,269.377,64.8112],"dipPosition":[-39.8569,276.313,-8.0179],"direction":[-0.254695,0.0198003,-0.966819],"extended":false,"handId":963,"id":9630,"length":50.2737,"mcpPosition":[-7.07303,269.377,64.8112],"pipPosition":[-31.48,275.662,23.7809],"stabilizedTipPosition":[-48.8102,256.585,6.55173],"timeVisible":24.9821,"tipPosition":[-44.2233,277.726,-24.6016],"tipVelocity":[12.7414,71.3673,-157.734],"tool":false,"touchDistance":-0.804577,"touchZone":"hovering","type":0,"width":19.534},{"bases":[[[0.950313,-0.0463581,-0.307825],[0.138716,0.948308,0.285428],[0.278681,-0.313946,0.90762]],[[0.973968,-0.0784575,-0.212674],[0.139932,0.946196,0.291774],[0.17834,-0.313938,0.932544]],[[0.973968,-0.0784575,-0.212674],[0.0953153,0.992969,0.0701928],[0.205672,-0.0886366,0.974599]],[[0.973968,-0.0784575,-0.212674],[0.0557273,0.992274,-0.110849],[0.219728,0.0961117,0.970815]]],"btipPosition":[-32.6174,325.527,-79.5891],"carpPosition":[2.96803,289.753,62.1951],"dipPosition":[-28.996,327.111,-63.5886],"direction":[-0.205672,0.0886366,-0.974599],"extended":true,"handId":963,"id":9631,"length":56.7283,"mcpPosition":[-16.8095,312.034,-2.21728],"pipPosition":[-24.2005,325.044,-40.8651],"stabilizedTipPosition":[-32.8061,317.654,-66.2652],"timeVisible":24.9821,"tipPosition":[-31.8162,324.762,-75.6853],"tipVelocity":[4.0649,118.832,-148.656],"tool":false,"touchDistance":-0.761369,"touchZone":"hovering","type":1,"width":18.6589},{"bases":[[[0.941562,-0.249327,-0.22649],[0.303465,0.919696,0.249134],[0.146186,-0.303307,0.941613]],[[0.94738,-0.263274,-0.182092],[0.0238619,0.625339,-0.779988],[0.319219,0.7346,0.598716]],[[0.94738,-0.263274,-0.182092],[-0.167647,0.0765247,-0.982872],[0.272699,0.961681,0.0283609]],[[0.94738,-0.263274,-0.182092],[-0.242821,-0.220383,-0.944706],[0.208586,0.939211,-0.272715]]],"btipPosition":[-21.7388,233.796,-28.513],"carpPosition":[14.2038,290.944,58.5311],"dipPosition":[-17.9576,250.821,-33.4566],"direction":[-0.272699,-0.961681,-0.0283609],"extended":false,"handId":963,"id":9632,"length":64.6373,"mcpPosition":[4.36527,311.357,-4.84063],"pipPosition":[-10.4772,277.201,-32.6787],"stabilizedTipPosition":[-24.7062,215.271,3.93424],"timeVisible":24.9821,"tipPosition":[-20.7612,237.417,-28.7001],"tipVelocity":[20.2515,79.3193,-160.762],"tool":false,"touchDistance":0.185678,"touchZone":"hovering","type":2,"width":18.3255},{"bases":[[[0.927238,-0.35986,-0.103587],[0.374466,0.889395,0.262206],[-0.00222707,-0.281917,0.959436]],[[0.927121,-0.363678,-0.0904697],[0.141655,0.563572,-0.813831],[0.346959,0.741704,0.574016]],[[0.927121,-0.363678,-0.0904697],[-0.0884863,0.0221488,-0.995831],[0.364166,0.931261,-0.0116459]],[[0.927121,-0.363678,-0.0904697],[-0.192718,-0.255622,-0.947374],[0.321413,0.895765,-0.30708]]],"btipPosition":[-4.8886,233.08,-21.537],"carpPosition":[25.4551,289.043,55.3314],"dipPosition":[0.904355,249.225,-27.0717],"direction":[-0.364166,-0.931261,0.0116459],"extended":false,"handId":963,"id":9633,"length":62.1505,"mcpPosition":[25.5897,306.078,-2.64282],"pipPosition":[10.6358,274.111,-27.3829],"stabilizedTipPosition":[-7.21301,216.042,8.01904],"timeVisible":24.9821,"tipPosition":[-3.53972,236.71,-22.4875],"tipVelocity":[19.5748,80.6344,-153.799],"tool":false,"touchDistance":0.333333,"touchZone":"none","type":3,"width":17.4379},{"bases":[[[0.846044,-0.532044,-0.0337374],[0.512449,0.794172,0.326629],[-0.146988,-0.293631,0.94455]],[[0.845349,-0.533408,-0.02933],[0.314911,0.541919,-0.779201],[0.431527,0.649461,0.626087]],[[0.845349,-0.533408,-0.02933],[0.00275129,0.0592495,-0.998239],[0.534207,0.84378,0.0515541]],[[0.845349,-0.533408,-0.02933],[-0.155638,-0.193392,-0.968698],[0.511039,0.823453,-0.246503]]],"btipPosition":[10.5318,244.899,-18.5504],"carpPosition":[35.6053,280.239,52.5123],"dipPosition":[19.0291,258.591,-22.6491],"direction":[-0.534207,-0.84378,-0.0515541],"extended":false,"handId":963,"id":9634,"length":48.7249,"mcpPosition":[43.827,296.663,-0.321202],"pipPosition":[29.1081,274.511,-21.6764],"stabilizedTipPosition":[8.7677