{"sensorType":"Leap","data":[[0,{"currentFrameRate":52.9137,"devices":[],"gestures":[],"hands":[{"armBasis":[[0.970929,-0.0488818,-0.234324],[0.113017,0.956558,0.268746],[0.211007,-0.287416,0.934274]],"armWidth":61.4671,"confidence":0,"direction":[-0.158291,0.439643,-0.884114],"elbow":[80.3196,227.956,313.97],"grabStrength":0,"id":965,"palmNormal":[-0.141078,-0.896287,-0.420437],"palmPosition":[9.34257,322.409,24.3283],"palmVelocity":[1.19209e-7,1.19209e-7,1.19209e-7],"palmWidth":87.7729,"pinchStrength":0.000885229,"r":[[1,-5.55112e-17,1.11022e-17],[5.55112e-17,1,1.11022e-16],[-1.11022e-17,-1.11022e-16,1]],"s":1,"sphereCenter":[12.2824,287.574,-12.8559],"sphereRadius":50.361,"stabilizedPalmPosition":[9.34257,322.409,24.3283],"t":[0,0,0],"timeVisible":0,"type":"right","wrist":[25.362,302.814,70.6352]}],"id":4956639,"interactionBox":{"center":[0,200,0],"size":[235.247,235.247,147.751]},"pointables":[{"bases":[[[0.488544,0.864041,0.121483],[-0.661627,0.276076,0.69716],[0.568836,-0.42097,0.706548]],[[0.356071,0.933914,-0.0319081],[-0.810361,0.325608,0.487128],[0.465325,-0.147595,0.872747]],[[0.356071,0.933914,-0.0319081],[-0.820831,0.328911,0.466963],[0.446599,-0.140081,0.883701]],[[0.356071,0.933914,-0.0319081],[-0.834535,0.333174,0.438801],[0.420433,-0.129616,0.898018]]],"btipPosition":[-49.0472,308.266,-16.5832],"carpPosition":[-2.46008,293.625,74.7807],"dipPosition":[-39.5554,305.34,3.69056],"direction":[-0.446599,0.140081,-0.883701],"extended":true,"handId":965,"id":9650,"length":50.2737,"mcpPosition":[-2.46008,293.625,74.7807],"pipPosition":[-24.8667,300.733,32.7556],"stabilizedTipPosition":[-46.8641,307.593,-11.9202],"timeVisible":0,"tipPosition":[-46.8641,307.593,-11.9202],"tipVelocity":[1.19209e-7,1.19209e-7,1.19209e-7],"tool":false,"touchDistance":1,"touchZone":"none","type":0,"width":19.534},{"bases":[[[0.936811,0.0164646,-0.349448],[0.0920297,0.95211,0.291576],[0.337514,-0.305311,0.890432]],[[0.984831,-0.0437735,-0.167903],[0.0845441,0.966076,0.244029],[0.151525,-0.254522,0.955122]],[[0.984831,-0.0437735,-0.167903],[0.0194855,0.989435,-0.143661],[0.172418,0.13821,0.975279]],[[0.984831,-0.0437735,-0.167903],[-0.0347238,0.898362,-0.437881],[0.170005,0.437069,0.883215]]],"btipPosition":[-30.8842,336.406,-68.0736],"carpPosition":[6.17032,314.617,71.9987],"dipPosition":[-28.0823,343.61,-53.5169],"direction":[-0.172418,-0.13821,-0.975279],"extended":true,"handId":965,"id":9651,"length":56.7283,"mcpPosition":[-17.7825,336.284,8.80608],"pipPosition":[-24.0622,346.832,-30.7774],"stabilizedTipPosition":[-30.2398,338.063,-64.7256],"timeVisible":0,"tipPosition":[-30.2398,338.063,-64.7256],"tipVelocity":[1.19209e-7,1.19209e-7,1.19209e-7],"tool":false,"touchDistance":0.56245,"touchZone":"hovering","type":1,"width":18.6589},{"bases":[[[0.94429,-0.18749,-0.270487],[0.256472,0.934253,0.247778],[0.206247,-0.303347,0.930292]],[[0.945595,-0.189433,-0.264511],[-0.159414,0.438961,-0.884252],[0.283616,0.87831,0.384881]],[[0.945595,-0.189433,-0.264511],[-0.325347,-0.551847,-0.767864],[-0.000511059,0.812145,-0.583455]],[[0.945595,-0.189433,-0.264511],[-0.290311,-0.85829,-0.423152],[-0.146868,0.476921,-0.866589]]],"btipPosition":[-7.25404,265.201,19.074],"carpPosition":[17.1373,316.547,67.8654],"dipPosition":[-9.9164,273.847,3.36487],"direction":[0.000511059,-0.812145,0.583455],"extended":false,"handId":965,"id":9652,"length":64.6373,"mcpPosition":[3.25665,336.963,5.25561],"pipPosition":[-9.93042,296.125,-12.6399],"stabilizedTipPosition":[-7.86638,267.19,15.4609],"timeVisible":0,"tipPosition":[-7.86638,267.19,15.4609],"tipVelocity":[1.19209e-7,1.19209e-7,1.19209e-7],"tool":false,"touchDistance":0.333333,"touchZone":"none","type":2,"width":18.3255},{"bases":[[[0.94231,-0.299977,-0.148542],[0.329725,0.908324,0.257349],[0.0577254,-0.291481,0.954833]],[[0.940969,-0.294095,-0.167586],[-0.0511852,0.365776,-0.929295],[0.3346,0.883016,0.32913]],[[0.940969,-0.294095,-0.167586],[-0.313733,-0.571883,-0.757972],[0.127076,0.765805,-0.630392]],[[0.940969,-0.294095,-0.167586],[-0.336958,-0.860921,-0.381149],[-0.032184,0.415119,-0.909198]]],"btipPosition":[7.60746,266.996,25.5056],"carpPosition":[28.3325,315.388,64.1547],"dipPosition":[7.0274,274.478,9.1188],"direction":[-0.127076,-0.765805,0.630392],"extended":false,"handId":965,"id":9653,"length":62.1505,"mcpPosition":[24.8444,333,6.45861],"pipPosition":[10.4232,294.943,-7.72688],"stabilizedTipPosition":[7.47405,268.717,21.7367],"timeVisible":0,"tipPosition":[7.47405,268.717,21.7367],"tipVelocity":[1.19209e-7,1.19209e-7,1.19209e-7],"tool":false,"touchDistance":0.333333,"touchZone":"none","type":3,"width":17.4379},{"bases":[[[0.875138,-0.477627,-0.0774982],[0.476071,0.821265,0.314452],[-0.0865444,-0.312084,0.946105]],[[0.844272,-0.526896,0.0979083],[0.357142,0.416954,-0.835823],[0.399568,0.740629,0.540199]],[[0.844272,-0.526896,0.0979083],[-0.211189,-0.495014,-0.842829],[0.492549,0.6909,-0.529201]],[[0.844272,-0.526896,0.0979083],[-0.427265,-0.772058,-0.470501],[0.323496,0.355398,-0.876951]]],"btipPosition":[15.4154,280.516,14.0011],"carpPosition":[38.8753,307.266,60.7812],"dipPosition":[20.7943,286.425,-0.580288],"direction":[-0.492549,-0.6909,0.529201],"extended":false,"handId":965,"id":9654,"length":48.7249,"mcpPosition":[43.7162,324.723,7.86079],"pipPosition":[30.0873,299.461,-10.5649],"stabilizedTipPosition":[16.6525,281.875,10.6474],"timeVisible":0,"tipPosition":[16.6525,281.875,10.6474],"tipVelocity":[1.19209e-7,1.19209e-7,1.19209e-7],"tool":false,"touchDistance":0.333333,"touchZone":"none","type":4,"width":15.4897}],"r":[[1,-5.55112e-17,1.11022e-17],[5.55112e-17,1,1.11022e-16],[-1.11022e-17,-1.11022e-16,1]],"s":1,"t":[0,0,0],"timestamp":669234913351},false],[1,{"currentFrameRate":53.1051,"devices":[],"gestures":[],"hands":[{"armBasis":[[0.962003,-0.0628842,-0.265699],[0.118502,0.972848,0.198806],[0.245983,-0.222737,0.943335]],"armWidth":61.4671,"confidence":0.0469055,"direction":[-0.157743,0.440125,-0.883972],"elbow":[89.939,245.044,316.127],"grabStrength":0,"id":965,"palmNormal":[-0.1598,-0.894758,-0.41698],"palmPosition":[9.8235,322.81,24.2026],"palmVelocity":[26.5093,22.1114,-6.92922],"palmWidth":87.7729,"pinchStrength":0.00927011,"r":[[0.999993,-0.0034408,-0.00158289],[0.00343998,0.999994,-0.00051909],[0.00158467,0.000513641,0.999999]],"s":0.997396,"sphereCenter":[12.8533,287.565,-13.2553],"sphereRadius":50.6749,"stabilizedPalmPosition":[9.34483,322.41,24.3277],"t":[0.240466,0.200573,-0.062855],"timeVisible":0.018142,"type":"right","wrist":[25.8719,303.057,70.432]}],"id":4956640,"interactionBox":{"center":[0,200,0],"size":[235.247,235.247,147.751]},"pointables":[{"bases":[[[0.504271,0.855804,0.11537],[-0.651217,0.289131,0.701655],[0.567123,-0.428955,0.703114]],[[0.371793,0.927572,-0.0371576],[-0.799489,0.340284,0.495],[0.471792,-0.154331,0.868098]],[[0.371793,0.927572,-0.0371576],[-0.813663,0.344883,0.467982],[0.446902,-0.143759,0.882956]],[[0.371793,0.927572,-0.0371576],[-0.838315,0.352672,0.415753],[0.398745,-0.123424,0.908718]]],"btipPosition":[-48.489,309.304,-16.5358],"carpPosition":[-2.07014,294.358,74.8214],"dipPosition":[-39.4868,306.518,3.97957],"direction":[-0.446902,0.143759,-0.882956],"extended":true,"handId":965,"id":9650,"length":50.2737,"mcpPosition":[-2.07014,294.358,74.8214],"pipPosition":[-24.7882,301.789,33.0201],"stabilizedTipPosition":[-46.8601,307.603,-11.9193],"timeVisible":0.018142,"tipPosition":[-46.5852,308.736,-11.7088],"tipVelocity":[24.561,58.9926,5.67705],"tool":false,"touchDistance":1,"touchZone":"none","type":0,"width":19.534},{"bases":[[[0.934145,-0.000513575,-0.356893],[0.110694,0.9511,0.288366],[0.339293,-0.308882,0.888523]],[[0.982547,-0.0610834,-0.175699],[0.103002,0.96518,0.240454],[0.154893,-0.254355,0.954626]],[[0.982547,-0.0610834,-0.175699],[0.0353668,0.988661,-0.145939],[0.182621,0.137178,0.973567]],[[0.982547,-0.0610834,-0.175699],[-0.0226257,0.898287,-0.438826],[0.184633,0.435142,0.881227]]],"btipPosition":[-30.9021,337.283,-67.9269],"carpPosition":[6.89727,315.191,71.9166],"dipPosition":[-27.8591,344.455,-53.4029],"direction":[-0.182621,-0.137178,-0.973567],"extended":true,"handId":965,"id":9651,"length":56.7283,"mcpPosition":[-17.1818,337.112,8.85957],"pipPosition":[-23.6011,347.653,-30.7034],"stabilizedTipPosition":[-30.2395,338.069,-64.7247],"timeVisible":0.018142,"tipPosition":[-30.1979,338.929,-64.5819],"tipVelocity":[2.07138,47.9062,7.67283],"tool":false,"touchDistance":0.541626,"touchZone":"hovering","type":1,"width":18.6589},{"bases":[[[0.938747,-0.204372,-0.277464],[0.274451,0.930309,0.243315],[0.2084,-0.304562,0.929415]],[[0.940065,-0.206322,-0.271494],[-0.158879,0.439462,-0.884099],[0.30172,0.874245,0.380343]],[[0.940065,-0.206322,-0.271494],[-0.340882,-0.548055,-0.76383],[0.00880153,0.810597,-0.585538]],[[0.940065,-0.206322,-0.271494],[-0.308375,-0.854206,-0.418613],[-0.145543,0.477245,-0.866634]]],"btipPosition":[-7.79496,265.884,19.2283],"carpPosition":[17.8626,316.922,67.6917],"dipPosition":[-10.4333,274.535,3.51834],"direction":[-0.00880153,-0.810597,0.585538],"extended":false,"handId":965,"id":9652,"length":64.6373,"mcpPosition":[3.83699,337.419,5.14095],"pipPosition":[-10.1919,296.77,-12.5436],"stabilizedTipPosition":[-7.86975,267.194,15.4619],"timeVisible":0.018142,"tipPosition":[-8.40178,267.873,15.615],"tipVelocity":[-29.5114,37.6879,8.49445],"tool":false,"touchDistance":0.333333,"touchZone":"none","type":2,"width":18.3255},{"bases":[[[0.935805,-0.316508,-0.155216],[0.347322,0.903147,0.252374],[0.0603047,-0.290082,0.9551]],[[0.934393,-0.310576,-0.174503],[-0.0327361,0.412915,-0.910181],[0.354735,0.85618,0.375658]],[[0.934393,-0.310576,-0.174503],[-0.322942,-0.531677,-0.782961],[0.150389,0.787948,-0.597093]],[[0.934393,-0.310576,-0.174503],[-0.356005,-0.831954,-0.425574],[-0.0130057,0.459778,-0.887939]]],"btipPosition":[6.28892,266.845,21.9521],"carpPosition":[29.0063,315.561,63.8955],"dipPosition":[6.05451,275.132,5.9484],"direction":[-0.150389,-0.787948,0.597093],"extended":false,"handId":965,"id":9653,"length":62.1505,"mcpPosition":[25.3624,333.089,6.18334],"pipPosition":[10.0733,296.188,-10.0075],"stabilizedTipPosition":[7.4688,268.717,21.722],"timeVisible":0.018142,"tipPosition":[6.47502,268.932,19.2506],"tipVelocity":[-68.2969,1.87607,-191.017],"tool":false,"touchDistance":0.333333,"touchZone":"none","type":3,"width":17.4379},{"bases":[[[0.866157,-0.492801,-0.083182],[0.4926,0.813724,0.308542],[-0.0843627,-0.308221,0.947567]],[[0.837553,-0.539572,0.0858361],[0.338288,0.388779,-0.856978],[0.42903,0.746802,0.508154]],[[0.837553,-0.539572,0.0858361],[-0.238457,-0.502363,-0.831125],[0.491573,0.675643,-0.54942]],[[0.837553,-0.539572,0.0858361],[-0.445579,-0.765496,-0.464193],[0.316173,0.350539,-0.881565]]],"btipPosition":[14.9341,280.443,15.1492],"carpPosition":[39.3808,307.251,60.4598],"dipPosition":[20.1912,286.271,0.491041],"direction":[-0.491573,-0.675643,0.54942],"extended":false,"handId":965,"id":9654,"length":48.7249,"mcpPosition":[44.0997,324.492,7.4576],"pipPosition":[29.4659,299.019,-9.87502],"stabilizedTipPosition":[16.6515,281.875,10.6496],"timeVisible":0.018142,"tipPosition":[16.2253,281.91,11.3898],"tipVelocity":[-28.0709,-5.04621,62.3088],"tool":false,"touchDistance":0.333333,"touchZone":"none","type":4,"width":15.4897}],"r":[[0.999993,-0.0034408,-0.00158289],[0.00343998,0.999994,-0.00051909],[0.00158467,0.000513641,0.999999]],"s":0.997396,"t":[0.240466,0.200573,-0.062855],"timestamp":669234931493},false],[2,{"currentFrameRate":53.123,"devices":[],"gestures":[],"hands":[{"armBasis":[[0.957349,-0.0808037,-0.277405],[0.11948,0.984879,0.125455],[0.263073,-0.153248,0.952527]],"armWidth":61.4671,"confidence":0.110282,"direction":[-0.159183,0.436241,-0.885638],"elbow":[94.628,264.081,317.658],"grabStrength":0,"id":965,"palmNormal":[-0.175201,-0.89532,-0.409519],"palmPosition":[9.94337,323.65,23.3381],"palmVelocity":[16.694,33.1649,-26.0275],"palmWidth":87.7729,"pinchStrength":0.0272495,"r":[[0.999951,-0.00888026,-0.00448587],[0.00886995,0.999958,-0.00231319],[0.00450623,0.00227329,0.999987]],"s":0.992386,"sphereCenter":[13.326,287.802,-14.2377],"sphereRadius":51.0323,"stabilizedPalmPosition":[9.34866,322.418,24.3213],"t":[0.420633,0.720796,-0.526491],"timeVisible":0.036902,"type":"right","wrist":[26.1097,303.995,69.5683]}],"id":4956641,"interactionBox":{"center":[0,200,0],"size":[235.247,235.247,147.751]},"pointables":[{"bases":[[[0.516603,0.849717,0.105364],[-0.641445,0.302563,0.704985],[0.567159,-0.431783,0.701352]],[[0.382138,0.922839,-0.048364],[-0.790321,0.353491,0.500437],[0.478919,-0.153013,0.864421]],[[0.382138,0.922839,-0.048364],[-0.811485,0.360146,0.460202],[0.442111,-0.136614,0.886496]],[[0.382138,0.922839,-0.048364],[-0.846641,0.370601,0.381909],[0.370364,-0.104995,0.922934]]],"btipPosition":[-47.8723,309.933,-17.3709],"carpPosition":[-1.90865,295.702,74.2465],"dipPosition":[-39.511,307.563,3.46534],"direction":[-0.442111,0.136614,-0.886496],"extended":true,"handId":965,"id":9650,"length":50.2737,"mcpPosition":[-1.90865,295.702,74.2465],"pipPosition":[-24.9699,303.07,32.6223],"stabilizedTipPosition":[-46.846,307.63,-11.9295],"timeVisible":0.036902,"tipPosition":[-46.3644,309.67,-12.2911],"tipVelocity":[24.7819,49.0598,-16.8909],"tool":false,"touchDistance":1,"touchZone":"none","type":0,"width":19.534},{"bases":[[[0.931059,-0.0154531,-0.364542],[0.125786,0.951449,0.280931],[0.342502,-0.307418,0.887799]],[[0.980114,-0.0753754,-0.183563],[0.117795,0.96543,0.232526],[0.159691,-0.249525,0.955111]],[[0.980114,-0.0753754,-0.183563],[0.0474708,0.987252,-0.151924],[0.192674,0.140189,0.971197]],[[0.980114,-0.0753754,-0.183563],[-0.0139398,0.896611,-0.4426],[0.197946,0.436357,0.87773]]],"btipPosition":[-31.3678,338.09,-68.5736],"carpPosition":[7.31195,316.392,71.1257],"dipPosition":[-28.1054,345.282,-54.1073],"direction":[-0.192674,-0.140189,-0.971197],"extended":true,"handId":965,"id":9651,"length":56.7283,"mcpPosition":[-16.9949,338.209,8.11997],"pipPosition":[-23.613,348.55,-31.4631],"stabilizedTipPosition":[-30.2438,338.087,-64.7305],"timeVisible":0.036902,"tipPosition":[-30.6062,339.727,-65.234],"tipVelocity":[-9.73733,45.6404,-13.234],"tool":false,"touchDistance":0.510897,"touchZone":"hovering","type":1,"width":18.6589},{"bases":[[[0.933595,-0.218815,-0.28376],[0.288871,0.928159,0.23468],[0.212023,-0.301066,0.929734]],[[0.934937,-0.220743,-0.277788],[-0.160329,0.435592,-0.885751],[0.316525,0.872658,0.37186]],[[0.934937,-0.220743,-0.277788],[-0.354507,-0.548561,-0.757235],[0.0147706,0.806445,-0.591125]],[[0.934937,-0.220743,-0.277788],[-0.323229,-0.85279,-0.410209],[-0.146344,0.473309,-0.868655]]],"btipPosition":[-8.47499,266.933,18.8985],"carpPosition":[18.264,317.948,66.7991],"dipPosition":[-11.1279,275.513,3.15189],"direction":[-0.0147706,-0.806445,0.591125],"extended":false,"handId":965,"id":9652,"length":64.6373,"mcpPosition":[3.99454,338.21,4.22681],"pipPosition":[-10.7227,297.634,-13.0633],"stabilizedTipPosition":[-7.88642,267.217,15.4593],"timeVisible":0.036902,"tipPosition":[-9.08515,268.906,15.2768],"tipVelocity":[-32.8852,46.1603,-4.4452],"tool":false,"touchDistance":0.333333,"touchZone":"none","type":2,"width":18.3255},{"bases":[[[0.93017,-0.330076,-0.160728],[0.361445,0.900084,0.243325],[0.0643525,-0.284428,0.956535]],[[0.928706,-0.324356,-0.179716],[-0.0168646,0.447203,-0.894273],[0.370432,0.833548,0.40985]],[[0.928706,-0.324356,-0.179716],[-0.332189,-0.512355,-0.791923],[0.164786,0.795164,-0.583575]],[[0.928706,-0.324356,-0.179716],[-0.37071,-0.823678,-0.429102],[-0.00884619,0.465133,-0.885197]]],"btipPosition":[5.25838,268.04,19.0063],"carpPosition":[29.3566,316.412,62.9209],"dipPosition":[5.09894,276.423,3.05208],"direction":[-0.164786,-0.795164,0.583575],"extended":false,"handId":965,"id":9653,"length":62.1505,"mcpPosition":[25.468,333.598,5.12196],"pipPosition":[9.50245,297.672,-12.5425],"stabilizedTipPosition":[7.4591,268.723,21.6944],"timeVisible":0.036902,"tipPosition":[5.54081,270.042,16.8418],"tipVelocity":[-61.329,32.6118,-174.138],"tool":false,"touchDistance":0.333333,"touchZone":"none","type":3,"width":17.4379},{"bases":[[[0.858773,-0.50493,-0.0869191],[0.505976,0.809099,0.298909],[-0.0806019,-0.300674,0.950315]],[[0.831149,-0.549995,0.0818269],[0.334909,0.377681,-0.863246],[0.443877,0.744891,0.498107]],[[0.831149,-0.549995,0.0818269],[-0.250921,-0.502301,-0.827486],[0.496215,0.667232,-0.555492]],[[0.831149,-0.549995,0.0818269],[-0.457933,-0.760514,-0.460342],[0.315416,0.345142,-0.883963]]],"btipPosition":[14.3517,281.023,14.4897],"carpPosition":[39.5902,307.94,59.457],"dipPosition":[19.5963,286.762,-0.208242],"direction":[-0.496215,-0.667232,0.555492],"extended":false,"handId":965,"id":9654,"length":48.7249,"mcpPosition":[44.0987,324.759,6.30109],"pipPosition":[28.9585,299.351,-10.6889],"stabilizedTipPosition":[16.6476,281.876,10.6512],"timeVisible":0.036902,"tipPosition":[15.6545,282.505,10.7548],"tipVelocity":[-29.5965,11.9757,14.5256],"tool":false,"touchDistance":0.333333,"touchZone":"none","type":4,"width":15.4897}],"r":[[0.999951,-0.00888026,-0.00448587],[0.00886995,0.999958,-0.00231319],[0.00450623,0.00227329,0.999987]],"s":0.992386,"t":[0.420633,0.720796,-0.526491],"timestamp":669234950253},false],[3,{"currentFrameRate":53.2146,"devices":[],"gestures":[],"hands":[{"armBasis":[[0.951611,-0.104001,-0.289171],[0.12274,0.991307,0.0473874],[0.281729,-0.0805872,0.956104]],"armWidth":61.4671,"confidence":0.138465,"direction":[-0.159378,0.43792,-0.884774],"elbow":[99.612,282.427,317.247],"grabStrength":0,"id":965,"palmNormal":[-0.196262,-0.892396,-0.406339],"palmPosition":[10.0002,323.31,22.1216],"palmVelocity":[10.1251,8.29503,-45.256],"palmWidth":87.7729,"pinchStrength":0.0386951,"r":[[0.999816,-0.0170673,-0.008729],[0.0170319,0.999847,-0.00410637],[0.00879774,0.00395695,0.999953]],"s":0.987298,"sphereCenter":[12.9926,287.087,-15.7037],"sphereRadius":51.3467,"stabilizedPalmPosition":[9.35084,322.421,24.314],"t":[0.539117,0.811132,-1.36656],"timeVisible":0.055365,"type":"right","wrist":[26.2345,303.417,68.2257]}],"id":4956642,"interactionBox":{"center":[0,200,0],"size":[235.247,235.247,147.751]},"pointables":[{"bases":[[[0.533767,0.83982,0.0989751],[-0.628677,0.315818,0.71065],[0.56556,-0.441545,0.696549]],[[0.398647,0.915502,-0.0541923],[-0.776858,0.3685,0.510587],[0.487413,-0.161444,0.858117]],[[0.398647,0.915502,-0.0541923],[-0.804706,0.377523,0.458175],[0.439919,-0.139041,0.887208]],[[0.398647,0.915502,-0.0541923],[-0.847385,0.390297,0.36001],[0.350741,-0.0975953,0.931373]]],"btipPosition":[-47.7484,310.219,-18.34],"carpPosition":[-1.89079,295.668,73.1879],"dipPosition":[-39.83,308.015,2.68685],"direction":[-0.439919,0.139041,-0.887208],"extended":true,"handId":965,"id":9650,"length":50.2737,"mcpPosition":[-1.89079,295.668,73.1879],"pipPosition":[-25.3611,303.442,31.8672],"stabilizedTipPosition":[-46.8335,307.658,-11.9508],"timeVisible":0.055365,"tipPosition":[-46.4732,310.091,-13.1301],"tipVelocity":[13.4031,33.8561,-32.9157],"tool":false,"touchDistance":1,"touchZone":"none","type":0,"width":19.534},{"bases":[[[0.927017,-0.0338128,-0.373491],[0.146687,0.949274,0.278142],[0.34514,-0.312628,0.884953]],[[0.976282,-0.0936679,-0.195192],[0.138127,0.96372,0.228395],[0.166717,-0.249939,0.953801]],[[0.976282,-0.0936679,-0.195192],[0.0665054,0.987724,-0.141348],[0.206035,0.125014,0.970526]],[[0.976282,-0.0936679,-0.195192],[0.00259866,0.906572,-0.422044],[0.216487,0.411527,0.885313]]],"btipPosition":[-32.0819,339.021,-69.6082],"carpPosition":[7.69341,316.174,69.9442],"dipPosition":[-28.5139,345.804,-55.0169],"direction":[-0.206035,-0.125014,-0.970526],"extended":true,"handId":965,"id":9651,"length":56.7283,"mcpPosition":[-16.8007,338.361,7.14048],"pipPosition":[-23.71,348.719,-32.3883],"stabilizedTipPosition":[-30.2578,338.122,-64.7515],"timeVisible":0.055365,"tipPosition":[-31.1908,340.377,-66.1651],"tipVelocity":[-21.8615,45.5088,-33.129],"tool":false,"touchDistance":0.478053,"touchZone":"hovering","type":1,"width":18.6589},{"bases":[[[0.926444,-0.237068,-0.292404],[0.30884,0.922797,0.230356],[0.21522,-0.303718,0.928136]],[[0.927806,-0.239013,-0.286442],[-0.160536,0.437293,-0.884875],[0.336755,0.866976,0.367353]],[[0.927806,-0.239013,-0.286442],[-0.372259,-0.542773,-0.752875],[0.0244738,0.805153,-0.592562]],[[0.927806,-0.239013,-0.286442],[-0.343449,-0.84704,-0.405669],[-0.145668,0.47476,-0.867977]]],"btipPosition":[-9.54236,266.95,17.9532],"carpPosition":[18.6308,317.513,65.5095],"dipPosition":[-12.183,275.556,2.21885],"direction":[-0.0244738,-0.805153,0.592562],"extended":false,"handId":965,"id":9652,"length":64.6373,"mcpPosition":[4.14621,337.954,3.04479],"pipPosition":[-11.5116,297.642,-14.0357],"stabilizedTipPosition":[-7.92535,267.247,15.44],"timeVisible":0.055365,"tipPosition":[-10.1497,268.929,14.3343],"tipVelocity":[-44.8356,24.5006,-26.9261],"tool":false,"touchDistance":0.333333,"touchZone":"none","type":2,"width":18.3255},{"bases":[[[0.922082,-0.348064,-0.169162],[0.380944,0.893349,0.238346],[0.068161,-0.284215,0.956334]],[[0.920579,-0.342461,-0.187763],[-0.00447285,0.471481,-0.881865],[0.390531,0.812666,0.432504]],[[0.920579,-0.342461,-0.187763],[-0.344268,-0.484522,-0.804188],[0.184427,0.804959,-0.563939]],[[0.920579,-0.342461,-0.187763],[-0.390554,-0.80551,-0.44567],[0.00137973,0.483606,-0.875285]]],"btipPosition":[3.75011,267.68,15.9447],"carpPosition":[29.6538,315.759,61.5269],"dipPosition":[3.77498,276.397,0.169092],"direction":[-0.184427,-0.804959,0.563939],"extended":false,"handId":965,"id":9653,"length":62.1505,"mcpPosition":[25.5352,332.933,3.74008],"pipPosition":[8.70335,297.907,-14.9008],"stabilizedTipPosition":[7.44552,268.726,21.66],"timeVisible":0.055365,"tipPosition":[4.16582,269.785,14.1087],"tipVelocity":[-70.0439,9.47727,-169.054],"tool":false,"touchDistance":0.333333,"touchZone":"none","type":3,"width":17.4379},{"bases":[[[0.848071,-0.52141,-0.0943803],[0.52424,0.799694,0.292681],[-0.0771313,-0.297692,0.951541]],[[0.821241,-0.565679,0.074631],[0.336181,0.374026,-0.864342],[0.461026,0.734923,0.497336]],[[0.821241,-0.565679,0.074631],[-0.263256,-0.491696,-0.830019],[0.50622,0.661999,-0.55272]],[[0.821241,-0.565679,0.074631],[-0.473357,-0.748485,-0.464439],[0.318584,0.346089,-0.882455]]],"btipPosition":[13.4305,280.428,12.8913],"carpPosition":[39.6895,307.088,57.9782],"dipPosition":[18.7277,286.182,-1.78163],"direction":[-0.50622,-0.661999,0.55272],"extended":false,"handId":965,"id":9654,"length":48.7249,"mcpPosition":[44.0038,323.74,4.75372],"pipPosition":[28.2787,298.672,-12.2099],"stabilizedTipPosition":[16.6384,281.876,10.646],"timeVisible":0.055365,"tipPosition":[14.7608,281.951,9.33467],"tipVelocity":[-39.0726,-9.27104,-34.094],"tool":false,"touchDistance":0.333333,"touchZone":"none","type":4,"width":15.4897}],"r":[[0.999816,-0.0170673,-0.008729],[0.0170319,0.999847,-0.00410637],[0.00879774,0.00395695,0.999953]],"s":0.987298,"t":[0.539117,0.811132,-1.36656],"timestamp":669234968716},false],[4,{"currentFrameRate":53.24,"devices":[],"gestures":[],"hands":[{"armBasis":[[0.945184,-0.122792,-0.302572],[0.121926,0.992299,-0.0218246],[0.302922,-0.0162632,0.952877]],"armWidth":61.4671,"confidence":0.193647,"direction":[-0.159168,0.434473,-0.886509],"elbow":[104.961,299.923,314.721],"grabStrength":0,"id":965,"palmNormal":[-0.211165,-0.892158,-0.399328],"palmPosition":[9.80104,323.982,20.4162],"palmVelocity":[0.0143739,21.7475,-67.6326],"palmWidth":87.7729,"pinchStrength":0.0492199,"r":[[0.999562,-0.0263862,-0.0133877],[0.026296,0.999631,-0.00687239],[0.013564,0.00651734,0.999887]],"s":0.983929,"sphereCenter":[12.6054,287.181,-17.5057],"sphereRadius":51.7641,"stabilizedPalmPosition":[9.35173,322.424,24.3063],"t":[0.498794,1.1922,-2.63934],"timeVisible":0.074057,"type":"right","wrist":[26.0637,304.158,66.5404]}],"id":4956643,"interactionBox":{"center":[0,200,0],"size":[235.247,235.247,147.751]},"pointables":[{"bases":[[[0.545887,0.832998,0.0901231],[-0.619593,0.328931,0.712677],[0.564014,-0.444881,0.695679]],[[0.410619,0.909638,-0.0628494],[-0.766426,0.381668,0.516644],[0.493947,-0.163975,0.85389]],[[0.410619,0.909638,-0.0628494],[-0.800862,0.392751,0.452069],[0.435904,-0.135295,0.889766]],[[0.410619,0.909638,-0.0628494],[-0.850239,0.406882,0.333977],[0.32937,-0.0837003,0.940484]]],"btipPosition":[-47.6898,311.065,-19.8795],"carpPosition":[-2.1321,296.83,71.7346],"dipPosition":[-40.2539,309.175,1.35298],"direction":[-0.435904,0.135295,-0.889766],"extended":true,"handId":965,"id":9650,"length":50.2737,"mcpPosition":[-2.1321,296.83,71.7346],"pipPosition":[-25.917,304.726,30.6175],"stabilizedTipPosition":[-46.8243,307.691,-11.9837],"timeVisible":0.074057,"tipPosition":[-46.6418,311.079,-14.5575],"tipVelocity":[5.51839,41.2936,-55.7457],"tool":false,"touchDistance":0.960342,"touchZone":"hovering","type":0,"width":19.534},{"bases":[[[0.923988,-0.0489359,-0.379277],[0.161533,0.948902,0.271093],[0.34663,-0.311753,0.884679]],[[0.973054,-0.107344,-0.204067],[0.151179,0.965259,0.213118],[0.174101,-0.238226,0.955478]],[[0.973054,-0.107344,-0.204067],[0.0863515,0.990267,-0.109154],[0.213798,0.088591,0.972852]],[[0.973054,-0.107344,-0.204067],[0.028155,0.933716,-0.356905],[0.228853,0.341542,0.911578]]],"btipPosition":[-32.8607,341.483,-71.7922],"carpPosition":[7.71119,317.18,68.2974],"dipPosition":[-29.0888,347.112,-56.768],"direction":[-0.213798,-0.088591,-0.972852],"extended":true,"handId":965,"id":9651,"length":56.7283,"mcpPosition":[-16.8886,339.305,5.51312],"pipPosition":[-24.104,349.178,-34.0851],"stabilizedTipPosition":[-30.2959,338.224,-64.8301],"timeVisible":0.074057,"tipPosition":[-31.8525,342.114,-67.9835],"tipVelocity":[-30.2763,80.543,-71.2711],"tool":false,"touchDistance":0.432315,"touchZone":"hovering","type":1,"width":18.6589},{"bases":[[[0.921158,-0.251648,-0.296886],[0.32299,0.919893,0.222426],[0.217131,-0.300781,0.928647]],[[0.922532,-0.253573,-0.290921],[-0.160335,0.433861,-0.886598],[0.351037,0.864561,0.359595]],[[0.922532,-0.253573,-0.290921],[-0.384622,-0.542342,-0.746948],[0.0316273,0.800978,-0.597857]],[[0.922532,-0.253573,-0.290921],[-0.357708,-0.844776,-0.397993],[-0.144843,0.471226,-0.870038]]],"btipPosition":[-10.5405,267.871,16.736],"carpPosition":[18.6365,318.341,63.7833],"dipPosition":[-13.1661,276.413,0.964269],"direction":[-0.0316273,-0.800978,0.597857],"extended":false,"handId":965,"id":9652,"length":64.6373,"mcpPosition":[4.02331,338.584,1.28423],"pipPosition":[-12.2986,298.385,-15.4356],"stabilizedTipPosition":[-7.99063,267.299,15.3927],"timeVisible":0.074057,"tipPosition":[-11.1444,269.836,13.1085],"tipVelocity":[-48.9127,36.1729,-45.7346],"tool":false,"touchDistance":0.333333,"touchZone":"none","type":2,"width":18.3255},{"bases":[[[0.916083,-0.361792,-0.17291],[0.394734,0.889507,0.230137],[0.0705426,-0.279078,0.957674]],[[0.914572,-0.356404,-0.191141],[0.00348426,0.47955,-0.877507],[0.404409,0.801877,0.439825]],[[0.914572,-0.356404,-0.191141],[-0.352206,-0.469624,-0.80957],[0.19877,0.807731,-0.555033]],[[0.914572,-0.356404,-0.191141],[-0.404298,-0.79395,-0.454077],[0.0100791,0.492564,-0.870218]]],"btipPosition":[2.42215,268.25,13.4326],"carpPosition":[29.608,316.41,59.7405],"dipPosition":[2.60381,277.128,-2.25168],"direction":[-0.19877,-0.807731,0.555033],"extended":false,"handId":965,"id":9653,"length":62.1505,"mcpPosition":[25.3454,333.273,1.87282],"pipPosition":[7.91545,298.713,-17.0836],"stabilizedTipPosition":[7.42923,268.731,21.6213],"timeVisible":0.074057,"tipPosition":[2.91665,270.428,11.6841],"tipVelocity":[-69.592,20.6727,-151.642],"tool":false,"touchDistance":0.333333,"touchZone":"none","type":3,"width":17.4379},{"bases":[[[0.840192,-0.533626,-0.0965396],[0.537084,0.794232,0.284139],[-0.0749494,-0.290582,0.95391]],[[0.813129,-0.577088,0.0761012],[0.346758,0.375229,-0.859629],[0.467526,0.725378,0.505219]],[[0.813129,-0.577088,0.0761012],[-0.260565,-0.477775,-0.83895],[0.520507,0.662345,-0.538862]],[[0.813129,-0.577088,0.0761012],[-0.478451,-0.737086,-0.477273],[0.331521,0.351673,-0.875454]]],"btipPosition":[12.4127,280.748,10.3163],"carpPosition":[39.5001,307.58,56.1825],"dipPosition":[17.925,286.595,-4.24024],"direction":[-0.520507,-0.662345,0.538862],"extended":false,"handId":965,"id":9654,"length":48.7249,"mcpPosition":[43.6924,323.834,2.82546],"pipPosition":[27.7455,299.092,-14.4071],"stabilizedTipPosition":[16.6264,281.877,10.6311],"timeVisible":0.074057,"tipPosition":[13.8377,282.343,7.18535],"tipVelocity":[-45.2685,4.12414,-83.8409],"tool":false,"touchDistance":0.333333,"touchZone":"none","type":4,"width":15.4897}],"r":[[0.999562,-0.0263862,-0.0133877],[0.026296,0.999631,-0.00687239],[0.013564,0.00651734,0.999887]],"s":0.983929,"t":[0.498794,1.1922,-2.63934],"timestamp":669234987408},false],[5,{"currentFrameRate":53.303,"devices":[],"gestures":[],"hands":[{"armBasis":[[0.936463,-0.163443,-0.310361],[0.147226,0.986244,-0.0751496],[0.318374,0.0246817,0.947644]],"armWidth":61.4671,"confidence":0.226981,"direction":[-0.150513,0.423716,-0.893202],"elbow":[107.859,309.8,310.49],"grabStrength":0,"id":965,"palmNormal":[-0.244678,-0.891352,-0.381608],"palmPosition":[9.03423,322.914,17.3035],"palmVelocity":[-20.0042,-16.6425,-116.149],"palmWidth":87.7729,"pinchStrength":0.055391,"r":[[0.998999,-0.0408116,-0.0183202],[0.0405809,0.999094,-0.0127957],[0.0188258,0.0120394,0.99975]],"s":0.982148,"sphereCenter":[10.4574,285.22,-20.1732],"sphereRadius":52.0142,"stabilizedPalmPosition":[9.35137,322.425,24.2983],"t":[0.0952291,0.848772,-4.83204],"timeVisible":0.092592,"type":"right","wrist":[24.9375,303.372,63.6725]}],"id":4956644,"interactionBox":{"center":[0,200,0],"size":[235.247,235.247,147.751]},"pointables":[{"bases":[[[0.574913,0.8151,0.0713239],[-0.60271,0.362924,0.710653],[0.553368,-0.451551,0.699918]],[[0.442253,0.893218,-0.0810798],[-0.745611,0.416396,0.520268],[0.498474,-0.169637,0.850145]],[[0.442253,0.893218,-0.0810798],[-0.787615,0.430025,0.441295],[0.429039,-0.131305,0.893691]],[[0.442253,0.893218,-0.0810798],[-0.841333,0.444482,0.307563],[0.310759,-0.0678058,0.948067]]],"btipPosition":[-48.5855,311.135,-22.5483],"carpPosition":[-3.45577,297.118,69.1858],"dipPosition":[-41.5698,309.605,-1.1446],"direction":[-0.429039,0.131305,-0.893691],"extended":true,"handId":965,"id":9650,"length":50.2737,"mcpPosition":[-3.45577,297.118,69.1858],"pipPosition":[-27.4586,305.286,28.249],"stabilizedTipPosition":[-46.8252,307.71,-12.0188],"timeVisible":0.092592,"tipPosition":[-47.6982,311.25,-17.1641],"tipVelocity":[-23.0493,25.3104,-97.4012],"tool":false,"touchDistance":0.8582,"touchZone":"hovering","type":0,"width":19.534},{"bases":[[[0.918982,-0.0876799,-0.384428],[0.196104,0.947465,0.252692],[0.342076,-0.307607,0.887897]],[[0.966393,-0.143057,-0.213585],[0.183959,0.965202,0.185862],[0.179564,-0.218907,0.959081]],[[0.966393,-0.143057,-0.213585],[0.127345,0.988152,-0.0856678],[0.22331,0.0555898,0.973161]],[[0.966393,-0.143057,-0.213585],[0.0755844,0.95225,-0.295817],[0.245705,0.269732,0.93106]]],"btipPosition":[-33.9166,342.211,-75.4821],"carpPosition":[7.05799,317.05,65.3135],"dipPosition":[-29.867,346.657,-60.1368],"direction":[-0.22331,-0.0555898,-0.973161],"extended":true,"handId":965,"id":9651,"length":56.7283,"mcpPosition":[-17.2186,338.881,2.30084],"pipPosition":[-24.6603,347.953,-37.4468],"stabilizedTipPosition":[-30.3397,338.306,-64.9462],"timeVisible":0.092592,"tipPosition":[-32.7838,342.16,-71.4104],"tipVelocity":[-41.5208,53.4838,-131.166],"tool":false,"touchDistance":0.368176,"touchZone":"hovering","type":1,"width":18.6589},{"bases":[[[0.909762,-0.288659,-0.298343],[0.356108,0.912018,0.203495],[0.213354,-0.291374,0.932513]],[[0.911113,-0.290523,-0.292352],[-0.151702,0.423144,-0.893272],[0.383223,0.858222,0.341459]],[[0.911113,-0.290523,-0.292352],[-0.408486,-0.542048,-0.734386],[0.054887,0.78853,-0.612542]],[[0.911113,-0.290523,-0.292352],[-0.389486,-0.838912,-0.380167],[-0.134811,0.460242,-0.877498]]],"btipPosition":[-13.2554,267.483,14.7805],"carpPosition":[17.9838,317.751,60.7068],"dipPosition":[-15.6992,275.826,-1.12642],"direction":[-0.054887,-0.78853,0.612542],"extended":false,"handId":965,"id":9652,"length":64.6373,"mcpPosition":[3.62485,337.361,-2.05249],"pipPosition":[-14.1936,297.457,-17.929],"stabilizedTipPosition":[-8.16185,267.361,15.2672],"timeVisible":0.092592,"tipPosition":[-13.8175,269.402,11.1219],"tipVelocity":[-95.0134,7.36168,-75.4562],"tool":false,"touchDistance":0.333333,"touchZone":"none","type":2,"width":18.3255},{"bases":[[[0.901792,-0.396316,-0.17235],[0.426816,0.879311,0.211282],[0.0678146,-0.264094,0.96211]],[[0.900365,-0.391305,-0.190321],[0.0219748,0.477717,-0.878239],[0.434579,0.786554,0.438719]],[[0.900365,-0.391305,-0.190321],[-0.368115,-0.451748,-0.812659],[0.23202,0.801751,-0.550784]],[[0.900365,-0.391305,-0.190321],[-0.433946,-0.775166,-0.459139],[0.0321328,0.495982,-0.867738]]],"btipPosition":[-0.754658,267.063,9.94083],"carpPosition":[28.8527,315.37,56.6274],"dipPosition":[-0.175516,276.002,-5.69876],"direction":[-0.23202,-0.80175,0.550784],"extended":false,"handId":965,"id":9653,"length":62.1505,"mcpPosition":[24.755,331.327,-1.50838],"pipPosition":[6.02466,297.427,-20.4171],"stabilizedTipPosition":[7.38842,268.733,21.5439],"timeVisible":0.092592,"tipPosition":[-0.09266,269.341,8.3234],"tipVelocity":[-116.45,-19.9446,-169.148],"tool":false,"touchDistance":0.333333,"touchZone":"none","type":3,"width":17.4379},{"bases":[[[0.820578,-0.564022,-0.0923626],[0.566185,0.780155,0.266068],[-0.078011,-0.270624,0.959519]],[[0.792675,-0.603855,0.0838128],[0.362624,0.356503,-0.861051],[0.490071,0.712927,0.501564]],[[0.792675,-0.603855,0.0838128],[-0.269097,-0.469925,-0.840688],[0.54704,0.643839,-0.534994]],[[0.792675,-0.603855,0.0838128],[-0.498855,-0.721492,-0.480201],[0.350442,0.338833,-0.873145]]],"btipPosition":[9.90815,279.179,6.99871],"carpPosition":[38.4085,306.14,53.1653],"dipPosition":[15.7351,284.812,-7.51939],"direction":[-0.54704,-0.643839,0.534994],"extended":false,"handId":965,"id":9654,"length":48.7249,"mcpPosition":[42.7721,321.277,-0.505408],"pipPosition":[26.0562,296.96,-17.6133],"stabilizedTipPosition":[16.5876,281.867,10.5808],"timeVisible":0.092592,"tipPosition":[11.4486,280.769,4.16066],"tipVelocity":[-86.8443,-40.1014,-129.635],"tool":false,"touchDistance":0.333333,"touchZone":"none","type":4,"width":15.4897}],"r":[[0.998999,-0.0408116,-0.0183202],[0.0405809,0.999094,-0.0127957],[0.0188258,0.0120394,0.99975]],"s":0.982148,"t":[0.0952291,0.848772,-4.83204],"timestamp":669235005943},false],[6,{"currentFrameRate":53.539,"devices":[],"gestures":[],"hands":[{"armBasis":[[0.935691,-0.159667,-0.314624],[0.139506,0.986502,-0.0857453],[0.324067,0.0363392,0.945336]],"armWidth":61.4671,"confidence":0.286283,"direction":[-0.156271,0.423504,-0.892314],"elbow":[108.982,314.078,306.698],"grabStrength":0,"id":965,"palmNormal":[-0.24207,-0.892283,-0.381095],"palmPosition":[8.38684,324.106,14.1915],"palmVelocity":[-27.6736,22.6519,-143.609],"palmWidth":87.7729,"pinchStrength":0.0621986,"r":[[0.998411,-0.0514222,-0.0230426],[0.051025,0.998544,-0.0175076],[0.0239093,0.016304,0.999581]],"s":0.981786,"sphereCenter":[9.72972,286.527,-23.3939],"sphereRadius":52.0781,"stabilizedPalmPosition":[9.35066,322.426,24.2908],"t":[-0.43025,1.27314,-7.48443],"timeVisible":0.110427,"type":"right","wrist":[24.5773,304.613,60.4817]}],"id":4956645,"interactionBox":{"center":[0,200,0],"size":[235.247,235.247,147.751]},"pointables":[{"bases":[[[0.571353,0.817767,0.0693799],[-0.601419,0.359671,0.713394],[0.558436,-0.449326,0.69732]],[[0.438228,0.895129,-0.0818529],[-0.742763,0.411904,0.527862],[0.50622,-0.170527,0.845377]],[[0.438228,0.895129,-0.0818529],[-0.791426,0.427418,0.436989],[0.426147,-0.12672,0.895735]],[[0.438228,0.895129,-0.0818529],[-0.849164,0.442138,0.288851],[0.294749,-0.0570762,0.953869]]],"btipPosition":[-48.8088,311.89,-25.5919],"carpPosition":[-3.76266,298.222,66.1107],"dipPosition":[-42.1545,310.601,-4.05724],"direction":[-0.426147,0.12672,-0.895735],"extended":true,"handId":965,"id":9650,"length":50.2737,"mcpPosition":[-3.76266,298.222,66.1107],"pipPosition":[-28.1385,306.433,25.4036],"stabilizedTipPosition":[-46.8269,307.724,-12.0503],"timeVisible":0.110427,"tipPosition":[-48.0781,312.064,-20.1538],"tipVelocity":[-20.2878,34.7679,-131.084],"tool":false,"touchDistance":0.760511,"touchZone":"hovering","type":0,"width":19.534},{"bases":[[[0.917759,-0.0831202,-0.388342],[0.192689,0.948238,0.252418],[0.34726,-0.306488,0.886271]],[[0.965296,-0.136964,-0.22236],[0.178656,0.967358,0.179721],[0.190486,-0.21321,0.958257]],[[0.965296,-0.136964,-0.22236],[0.130392,0.990484,-0.0440447],[0.226276,0.0135223,0.973969]],[[0.965296,-0.136964,-0.22236],[0.0874848,0.971835,-0.218824],[0.246068,0.191777,0.950091]]],"btipPosition":[-35.2298,345.317,-78.7726],"carpPosition":[6.64046,318.206,62.2059],"dipPosition":[-31.1743,348.478,-63.1137],"direction":[-0.226276,-0.0135223,-0.973969],"extended":true,"handId":965,"id":9651,"length":56.7283,"mcpPosition":[-18.004,339.957,-0.69134],"pipPosition":[-25.8985,348.793,-40.4048],"stabilizedTipPosition":[-30.4178,338.458,-65.148],"timeVisible":0.110427,"tipPosition":[-34.0481,344.614,-74.5505],"tipVelocity":[-56.5987,102.479,-154.363],"tool":false,"touchDistance":0.314536,"touchZone":"hovering","type":1,"width":18.6589},{"bases":[[[0.909851,-0.284189,-0.302336],[0.352651,0.913576,0.202527],[0.218651,-0.290888,0.931437]],[[0.911236,-0.28605,-0.296353],[-0.157458,0.422926,-0.892379],[0.3806,0.859831,0.340344]],[[0.911236,-0.28605,-0.296353],[-0.40901,-0.543558,-0.732977],[0.0485832,0.789126,-0.612307]],[[0.911236,-0.28605,-0.296353],[-0.387117,-0.840529,-0.379014],[-0.140676,0.460094,-0.876655]]],"btipPosition":[-13.6512,268.572,11.7299],"carpPosition":[17.5434,318.961,57.5537],"dipPosition":[-16.2013,276.913,-4.16175],"direction":[-0.0485832,-0.789126,0.612307],"extended":false,"handId":965,"id":9652,"length":64.6373,"mcpPosition":[2.82785,338.538,-5.13321],"pipPosition":[-14.8686,298.559,-20.9579],"stabilizedTipPosition":[-8.28976,267.427,15.1158],"timeVisible":0.110427,"tipPosition":[-14.2377,270.491,8.0748],"tipVelocity":[-61.3846,32.6168,-120.354],"tool":false,"touchDistance":0.333333,"touchZone":"none","type":2,"width":18.3255},{"bases":[[[0.90292,-0.391953,-0.176374],[0.423545,0.881199,0.209998],[0.073111,-0.264313,0.961662]],[[0.901414,-0.386998,-0.194129],[0.0210099,0.486948,-0.873178],[0.432449,0.783016,0.447072]],[[0.901414,-0.386998,-0.194129],[-0.365799,-0.44088,-0.819644],[0.231613,0.80985,-0.538979]],[[0.901414,-0.386998,-0.194129],[-0.431703,-0.76925,-0.471049],[0.0329613,0.508416,-0.860481]]],"btipPosition":[-1.43354,268.052,5.96138],"carpPosition":[28.4061,316.633,53.4271],"dipPosition":[-0.839463,277.215,-9.54741],"direction":[-0.231613,-0.80985,0.538979],"extended":false,"handId":965,"id":9653,"length":62.1505,"mcpPosition":[23.9883,332.604,-4.68154],"pipPosition":[5.34983,298.857,-23.9503],"stabilizedTipPosition":[7.35593,268.739,21.4723],"timeVisible":0.110427,"tipPosition":[-0.754702,270.4,4.36558],"tipVelocity":[-79.4661,16.8995,-193.76],"tool":false,"touchDistance":0.333333,"touchZone":"none","type":3,"width":17.4379},{"bases":[[[0.822837,-0.560086,-0.0961434],[0.56361,0.782672,0.264139],[-0.0726917,-0.27153,0.959681]],[[0.795348,-0.600532,0.0823577],[0.364366,0.365078,-0.856712],[0.484416,0.711392,0.509178]],[[0.795348,-0.600532,0.0823577],[-0.259564,-0.460204,-0.849022],[0.547767,0.653891,-0.521899]],[[0.795348,-0.600532,0.0823577],[-0.49083,-0.717783,-0.493837],[0.35568,0.352348,-0.865646]]],"btipPosition":[9.28491,280.178,3.11242],"carpPosition":[37.9907,307.451,49.9196],"dipPosition":[15.1989,286.037,-11.281],"direction":[-0.547767,-0.653891,0.521899],"extended":false,"handId":965,"id":9654,"length":48.7249,"mcpPosition":[42.0568,322.639,-3.76024],"pipPosition":[25.5338,298.374,-21.1278],"stabilizedTipPosition":[16.5589,281.865,10.5287],"timeVisible":0.110427,"tipPosition":[10.8656,281.847,0.485076],"tipVelocity":[-61.8885,6.51651,-170.422],"tool":false,"touchDistance":0.333333,"touchZone":"none","type":4,"width":15.4897}],"r":[[0.998411,-0.0514222,-