{"sensorType":"Leap","data":[[0,{"currentFrameRate":52.1513,"devices":[],"gestures":[],"hands":[{"armBasis":[[0.875059,-0.451307,-0.174912],[0.401118,0.878422,-0.259767],[0.270881,0.157151,0.949698]],"armWidth":61.4671,"confidence":0.655047,"direction":[0.0410964,0.463867,-0.884951],"elbow":[85.3195,324.931,322.123],"grabStrength":0.212916,"id":963,"palmNormal":[-0.494621,-0.760113,-0.4214],"palmPosition":[8.46334,308.342,28.3737],"palmVelocity":[-7.00862,92.2576,-234.896],"palmWidth":87.7729,"pinchStrength":0.736543,"r":[[0.965915,-0.251305,0.0620752],[0.252328,0.967599,-0.00911385],[-0.0577735,0.0244665,0.99803]],"s":0.750419,"sphereCenter":[-1.54326,269.262,-9.18748],"sphereRadius":49.2339,"stabilizedPalmPosition":[6.37267,281.125,76.366],"t":[-7.0328,-12.551,-12.8209],"timeVisible":16.3295,"type":"right","wrist":[14.7674,284.001,74.7701]}],"id":4954897,"interactionBox":{"center":[0,200,0],"size":[235.247,235.247,147.751]},"pointables":[{"bases":[[[0.799758,0.587277,0.124474],[-0.493508,0.52511,0.693332],[0.341815,-0.615926,0.709787]],[[0.560315,0.801654,-0.208322],[-0.640564,0.578848,0.504592],[0.525095,-0.149287,0.837848]],[[0.560315,0.801654,-0.208322],[-0.782347,0.594822,0.184715],[0.271993,0.0594817,0.960459]],[[0.560315,0.801654,-0.208322],[-0.781409,0.595023,0.188012],[0.274677,0.057439,0.959819]]],"btipPosition":[-54.8269,291,-14.8516],"carpPosition":[-14.3951,287.064,78.7517],"dipPosition":[-48.6257,292.296,6.81744],"direction":[-0.271993,-0.0594817,-0.960459],"extended":false,"handId":963,"id":9630,"length":50.2737,"mcpPosition":[-14.3951,287.064,78.7517],"pipPosition":[-39.6799,294.253,38.4071],"stabilizedTipPosition":[-55.0527,271.449,26.8241],"timeVisible":16.3295,"tipPosition":[-53.905,293.009,-9.52685],"tipVelocity":[5.84131,58.5192,-229.163],"tool":false,"touchDistance":-0.827997,"touchZone":"hovering","type":0,"width":19.534},{"bases":[[[0.862712,-0.370689,-0.343972],[0.473536,0.83087,0.292264],[0.177457,-0.415023,0.892337]],[[0.870701,-0.391555,-0.297597],[0.342218,0.916943,-0.205191],[0.353223,0.0768172,0.93238]],[[0.870701,-0.391555,-0.297597],[0.265152,0.883361,-0.386482],[0.414215,0.257602,0.872965]],[[0.870701,-0.391555,-0.297597],[0.208108,0.841588,-0.498419],[0.445613,0.372041,0.814257]]],"btipPosition":[-42.1219,316.781,-59.7193],"carpPosition":[2.11288,302.649,76.0235],"dipPosition":[-34.7775,322.913,-46.2991],"direction":[-0.414215,-0.257601,-0.872965],"extended":true,"handId":963,"id":9631,"length":56.7283,"mcpPosition":[-10.4809,332.103,12.6958],"pipPosition":[-25.1197,328.919,-25.9452],"stabilizedTipPosition":[-40.81,303.815,-38.5755],"timeVisible":16.3295,"tipPosition":[-40.9698,315.861,-55.2428],"tipVelocity":[-0.495362,165.48,-259.105],"tool":false,"touchDistance":-1,"touchZone":"hovering","type":1,"width":18.6589},{"bases":[[[0.785304,-0.559528,-0.265002],[0.616352,0.746926,0.249424],[0.0583768,-0.359208,0.93143]],[[0.786433,-0.56759,-0.243648],[0.141429,0.549448,-0.823471],[0.601266,0.613146,0.512378]],[[0.786433,-0.56759,-0.243648],[-0.315298,-0.0296932,-0.948528],[0.531141,0.822776,-0.202312]],[[0.786433,-0.56759,-0.243648],[-0.481986,-0.317225,-0.816736],[0.38628,0.759743,-0.523046]]],"btipPosition":[-40.5308,259.218,0.475783],"carpPosition":[12.9266,299.894,71.9546],"dipPosition":[-33.5285,272.99,-9.00578],"direction":[-0.531141,-0.822776,0.202312],"extended":false,"handId":963,"id":9632,"length":64.6373,"mcpPosition":[8.99781,324.069,9.26824],"pipPosition":[-18.9588,295.56,-14.5554],"stabilizedTipPosition":[-36.4405,233.649,44.209],"timeVisible":16.3295,"tipPosition":[-38.8238,262.015,-0.470874],"tipVelocity":[-13.1835,94.6286,-227.672],"tool":false,"touchDistance":0.333333,"touchZone":"none","type":2,"width":18.3255},{"bases":[[[0.736623,-0.660994,-0.143089],[0.67243,0.69321,0.259419],[-0.072283,-0.287311,0.955106]],[[0.734166,-0.669193,-0.114812],[0.267767,0.440756,-0.856758],[0.62394,0.59826,0.502776]],[[0.734166,-0.669193,-0.114812],[-0.227361,-0.0829688,-0.97027],[0.639772,0.738443,-0.213061]],[[0.734166,-0.669193,-0.114812],[-0.429946,-0.327329,-0.841428],[0.525497,0.667111,-0.528031]]],"btipPosition":[-26.4151,254.048,4.13742],"carpPosition":[22.6765,294.229,68.3091],"dipPosition":[-16.9439,266.071,-5.37949],"direction":[-0.639772,-0.738443,0.213061],"extended":false,"handId":963,"id":9633,"length":62.1505,"mcpPosition":[27.0442,311.589,10.5966],"pipPosition":[0.152475,285.804,-11.073],"stabilizedTipPosition":[-21.3742,225.274,54.8387],"timeVisible":16.3295,"tipPosition":[-24.2504,256.635,2.7343],"tipVelocity":[-13.2968,93.0702,-228.73],"tool":false,"touchDistance":0.333333,"touchZone":"none","type":3,"width":17.4379},{"bases":[[[0.602007,-0.795195,-0.0724679],[0.76977,0.553837,0.31736],[-0.212228,-0.246837,0.945532]],[[0.582831,-0.812582,0.00438745],[0.431309,0.304775,-0.849167],[0.688681,0.496813,0.528106]],[[0.582831,-0.812582,0.00438745],[-0.14482,-0.109183,-0.983415],[0.799585,0.572529,-0.181314]],[[0.582831,-0.812582,0.00438745],[-0.399024,-0.290898,-0.869573],[0.707876,0.505063,-0.493784]]],"btipPosition":[-9.50593,260.146,5.72556],"carpPosition":[28.9694,282.485,64.9959],"dipPosition":[2.26418,268.544,-2.48478],"direction":[-0.799585,-0.572529,0.181314],"extended":false,"handId":963,"id":9634,"length":48.7249,"mcpPosition":[40.8404,296.292,12.1075],"pipPosition":[17.3502,279.346,-5.90568],"stabilizedTipPosition":[-4.60727,230.384,59.5854],"timeVisible":16.3295,"tipPosition":[-6.8476,262.046,4.36365],"tipVelocity":[-11.9356,93.304,-242.041],"tool":false,"touchDistance":0.333333,"touchZone":"none","type":4,"width":15.4897}],"r":[[0.965915,-0.251305,0.0620752],[0.252328,0.967599,-0.00911385],[-0.0577735,0.0244665,0.99803]],"s":0.750419,"t":[-7.0328,-12.551,-12.8209],"timestamp":669202374094},false],[1,{"currentFrameRate":52.307,"devices":[],"gestures":[],"hands":[{"armBasis":[[0.875015,-0.449904,-0.178704],[0.404187,0.88214,-0.241788],[0.266423,0.139339,0.953731]],"armWidth":61.4671,"confidence":0.659757,"direction":[0.0369023,0.474116,-0.879689],"elbow":[84.4774,321.022,318.805],"grabStrength":0.191454,"id":963,"palmNormal":[-0.498194,-0.754367,-0.427472],"palmPosition":[8.56261,309.622,24.3295],"palmVelocity":[-1.02655,80.9979,-226.725],"palmWidth":87.7729,"pinchStrength":0.749987,"r":[[0.964544,-0.25757,0.0575608],[0.258213,0.96608,-0.00390052],[-0.0546037,0.0186252,0.998334]],"s":0.755768,"sphereCenter":[-1.97721,271.3,-13.5941],"sphereRadius":49.1386,"stabilizedPalmPosition":[6.39847,281.46,75.7528],"t":[-7.05252,-11.0497,-17.0517],"timeVisible":16.348,"type":"right","wrist":[15.0864,284.73,70.4024]}],"id":4954898,"interactionBox":{"center":[0,200,0],"size":[235.247,235.247,147.751]},"pointables":[{"bases":[[[0.801388,0.584541,0.126842],[-0.488779,0.517734,0.702173],[0.344779,-0.624711,0.700617]],[[0.558895,0.803842,-0.203653],[-0.637109,0.57345,0.515022],[0.530781,-0.158094,0.832633]],[[0.558895,0.803842,-0.203653],[-0.783161,0.5924,0.189002],[0.272571,0.0538608,0.960627]],[[0.558895,0.803842,-0.203653],[-0.784823,0.592057,0.183087],[0.267747,0.0575051,0.961772]]],"btipPosition":[-54.6166,292.335,-18.8189],"carpPosition":[-14.0485,287.792,74.5828],"dipPosition":[-48.5719,293.633,2.89416],"direction":[-0.272572,-0.0538608,-0.960627],"extended":false,"handId":963,"id":9630,"length":50.2737,"mcpPosition":[-14.0485,287.792,74.5828],"pipPosition":[-39.607,295.405,34.4893],"stabilizedTipPosition":[-55.0274,271.742,26.2614],"timeVisible":16.348,"tipPosition":[-53.7789,294.325,-13.4701],"tipVelocity":[7.56198,65.0452,-221.498],"tool":false,"touchDistance":-0.832889,"touchZone":"hovering","type":0,"width":19.534},{"bases":[[[0.860178,-0.36798,-0.353108],[0.476503,0.826662,0.299292],[0.181767,-0.425701,0.886419]],[[0.868339,-0.389244,-0.307368],[0.346973,0.919585,-0.184316],[0.354395,0.0534003,0.93357]],[[0.868339,-0.389244,-0.307368],[0.273938,0.893028,-0.357014],[0.413454,0.22581,0.88208]],[[0.868339,-0.389244,-0.307368],[0.219719,0.857504,-0.4652],[0.444646,0.336417,0.830129]]],"btipPosition":[-42.0864,320.571,-63.9019],"carpPosition":[2.4692,303.382,71.9444],"dipPosition":[-34.7579,326.116,-50.2201],"direction":[-0.413454,-0.22581,-0.88208],"extended":true,"handId":963,"id":9631,"length":56.7283,"mcpPosition":[-10.4305,333.594,9.03661],"pipPosition":[-25.1179,331.381,-29.6537],"stabilizedTipPosition":[-40.7462,306.628,-42.0352],"timeVisible":16.348,"tipPosition":[-40.9589,319.494,-59.4568],"tipVelocity":[0.574761,180.743,-241.259],"tool":false,"touchDistance":-1,"touchZone":"hovering","type":1,"width":18.6589},{"bases":[[[0.782907,-0.557608,-0.275916],[0.618941,0.743003,0.254674],[0.0629979,-0.370162,0.926829]],[[0.784138,-0.565894,-0.254737],[0.137602,0.558804,-0.817805],[0.605139,0.60622,0.516047]],[[0.784138,-0.565894,-0.254737],[-0.321168,-0.018813,-0.946835],[0.531016,0.824263,-0.196499]],[[0.784138,-0.565894,-0.254737],[-0.487571,-0.30783,-0.817016],[0.383929,0.764856,-0.517295]]],"btipPosition":[-40.6469,260.908,-3.82039],"carpPosition":[13.2556,300.658,67.7831],"dipPosition":[-33.6872,274.773,-13.1977],"direction":[-0.531016,-0.824263,0.196499],"extended":false,"handId":963,"id":9632,"length":64.6373,"mcpPosition":[9.01577,325.57,5.40638],"pipPosition":[-19.1209,297.383,-18.5879],"stabilizedTipPosition":[-36.5155,234.526,42.7637],"timeVisible":16.348,"tipPosition":[-38.9526,263.722,-4.80043],"tipVelocity":[-10.0867,93.4741,-228.947],"tool":false,"touchDistance":0.333333,"touchZone":"none","type":2,"width":18.3255},{"bases":[[[0.734743,-0.660417,-0.154927],[0.674988,0.689087,0.263726],[-0.0674113,-0.298344,0.952075]],[[0.732413,-0.668999,-0.126538],[0.264226,0.450565,-0.852746],[0.6275,0.591127,0.506767]],[[0.732413,-0.668999,-0.126538],[-0.232526,-0.0710979,-0.969988],[0.639924,0.739855,-0.207633]],[[0.732413,-0.668999,-0.126538],[-0.434981,-0.316786,-0.842875],[0.523797,0.672374,-0.52302]]],"btipPosition":[-26.537,255.681,-0.378823],"carpPosition":[22.9758,295.02,64.0171],"dipPosition":[-17.0964,267.8,-9.80543],"direction":[-0.639924,-0.739855,0.207633],"extended":false,"handId":963,"id":9633,"length":62.1505,"mcpPosition":[27.0491,313.048,6.48768],"pipPosition":[0.00396603,287.57,-15.3539],"stabilizedTipPosition":[-21.434,225.937,53.6923],"timeVisible":16.348,"tipPosition":[-24.3756,258.281,-1.77064],"tipVelocity":[-10.2268,91.212,-235.319],"tool":false,"touchDistance":0.333333,"touchZone":"none","type":3,"width":17.4379},{"bases":[[[0.600308,-0.795226,-0.0851242],[0.772425,0.548896,0.319489],[-0.207342,-0.257544,0.943759]],[[0.581527,-0.813484,-0.00835016],[0.427066,0.313996,-0.847951],[0.692417,0.48954,0.530009]],[[0.581527,-0.813484,-0.00835016],[-0.150473,-0.0974684,-0.983798],[0.79949,0.573361,-0.179088]],[[0.581527,-0.813484,-0.00835016],[-0.404333,-0.280104,-0.870664],[0.705933,0.509691,-0.491807]]],"btipPosition":[-9.61088,261.722,1.22076],"carpPosition":[29.2311,283.307,60.5317],"dipPosition":[2.12692,270.197,-6.9567],"direction":[-0.79949,-0.573361,0.179088],"extended":false,"handId":963,"id":9634,"length":48.7249,"mcpPosition":[40.8288,297.712,7.74249],"pipPosition":[17.2111,281.015,-10.3356],"stabilizedTipPosition":[-4.63801,230.828,58.7815],"timeVisible":16.348,"tipPosition":[-6.95682,263.634,-0.136163],"tipVelocity":[-9.09098,89.7284,-242.233],"tool":false,"touchDistance":0.333333,"touchZone":"none","type":4,"width":15.4897}],"r":[[0.964544,-0.25757,0.0575608],[0.258213,0.96608,-0.00390052],[-0.0546037,0.0186252,0.998334]],"s":0.755768,"t":[-7.05252,-11.0497,-17.0517],"timestamp":669202392644},false],[2,{"currentFrameRate":52.3623,"devices":[],"gestures":[],"hands":[{"armBasis":[[0.874004,-0.447945,-0.188318],[0.401562,0.884051,-0.239168],[0.273616,0.133413,0.952541]],"armWidth":61.4671,"confidence":0.668842,"direction":[0.0376212,0.47159,-0.881015],"elbow":[85.5544,320.882,315.303],"grabStrength":0.169266,"id":963,"palmNormal":[-0.492604,-0.758323,-0.42695],"palmPosition":[7.80365,310.849,21.0367],"palmVelocity":[-20.2169,73.1185,-201.001],"palmWidth":87.7729,"pinchStrength":0.756395,"r":[[0.963649,-0.261494,0.0547889],[0.261896,0.965096,-0.000162543],[-0.0528341,0.0145056,0.998498]],"s":0.761633,"sphereCenter":[-2.64666,272.647,-16.7869],"sphereRadius":49.0668,"stabilizedPalmPosition":[6.41018,281.705,75.2968],"t":[-7.44186,-9.68558,-20.8135],"timeVisible":16.3669,"type":"right","wrist":[14.2899,286.134,67.2102]}],"id":4954899,"interactionBox":{"center":[0,200,0],"size":[235.247,235.247,147.751]},"pointables":[{"bases":[[[0.7978,0.589187,0.127962],[-0.494103,0.517289,0.698767],[0.345511,-0.620702,0.703812]],[[0.554564,0.806516,-0.204919],[-0.642673,0.571539,0.510211],[0.528612,-0.151249,0.83528]],[[0.554564,0.806516,-0.204919],[-0.788525,0.587993,0.180256],[0.26587,0.0616201,0.962038]],[[0.554564,0.806516,-0.204919],[-0.790323,0.587558,0.173681],[0.260478,0.0656347,0.963246]]],"btipPosition":[-54.9551,292.829,-22.3346],"carpPosition":[-14.876,289.054,71.2743],"dipPosition":[-49.0746,294.31,-0.588174],"direction":[-0.26587,-0.0616201,-0.962038],"extended":false,"handId":963,"id":9630,"length":50.2737,"mcpPosition":[-14.876,289.054,71.2743],"pipPosition":[-40.3301,296.337,31.0533],"stabilizedTipPosition":[-55.0166,271.903,25.9326],"timeVisible":16.3669,"tipPosition":[-54.1724,294.807,-16.9973],"tipVelocity":[-5.90976,47.057,-203.919],"tool":false,"touchDistance":-0.830553,"touchZone":"hovering","type":0,"width":19.534},{"bases":[[[0.863414,-0.364484,-0.348809],[0.471001,0.830106,0.298467],[0.180762,-0.42199,0.888397]],[[0.87155,-0.385654,-0.302773],[0.347492,0.921497,-0.173471],[0.345904,0.0459772,0.937143]],[[0.87155,-0.385654,-0.302773],[0.280086,0.898449,-0.338143],[0.402432,0.209906,0.89106]],[[0.87155,-0.385654,-0.302773],[0.229812,0.866798,-0.442546],[0.433113,0.316121,0.844086]]],"btipPosition":[-42.117,322.662,-67.9261],"carpPosition":[1.56826,304.724,68.6481],"dipPosition":[-34.9786,327.872,-54.0142],"direction":[-0.402432,-0.209906,-0.89106],"extended":true,"handId":963,"id":9631,"length":56.7283,"mcpPosition":[-11.2601,334.672,5.59993],"pipPosition":[-25.5956,332.766,-33.2385],"stabilizedTipPosition":[-40.7108,308.88,-45.0004],"timeVisible":16.3669,"tipPosition":[-41.0596,321.511,-63.4883],"tipVelocity":[-1.63543,144.386,-226.012],"tool":false,"touchDistance":-1,"touchZone":"hovering","type":1,"width":18.6589},{"bases":[[[0.786867,-0.554282,-0.271313],[0.614045,0.747068,0.254632],[0.0615513,-0.36696,0.928198]],[[0.788062,-0.56247,-0.250173],[0.137532,0.556988,-0.819054],[0.600036,0.611058,0.516299]],[[0.788062,-0.56247,-0.250173],[-0.31808,-0.0241145,-0.947757],[0.527052,0.826466,-0.197914]],[[0.788062,-0.56247,-0.250173],[-0.483413,-0.313824,-0.817206],[0.381143,0.764946,-0.519218]]],"btipPosition":[-41.0244,261.792,-7.0989],"carpPosition":[12.3842,302.044,64.5348],"dipPosition":[-34.1152,275.658,-16.5111],"direction":[-0.527052,-0.826466,0.197914],"extended":false,"handId":963,"id":9632,"length":64.6373,"mcpPosition":[8.24175,326.741,2.06591],"pipPosition":[-19.6577,298.329,-21.94],"stabilizedTipPosition":[-36.5688,235.082,41.8132],"timeVisible":16.3669,"tipPosition":[-39.3527,264.62,-8.13588],"tipVelocity":[-15.2389,70.5791,-201.97],"tool":false,"touchDistance":0.333333,"touchZone":"none","type":2,"width":18.3255},{"bases":[[[0.738805,-0.656972,-0.150182],[0.670343,0.69348,0.264057],[-0.0693295,-0.29576,0.952743]],[[0.736393,-0.665549,-0.12153],[0.265624,0.449621,-0.85281],[0.62223,0.595722,0.507884]],[[0.736393,-0.665549,-0.12153],[-0.228148,-0.0751794,-0.970719],[0.636925,0.742558,-0.207206]],[[0.736393,-0.665549,-0.12153],[-0.430013,-0.321753,-0.843543],[0.522317,0.673438,-0.523131]]],"btipPosition":[-26.915,256.662,-3.67191],"carpPosition":[22.148,296.447,60.8219],"dipPosition":[-17.501,268.8,-13.1005],"direction":[-0.636925,-0.742558,0.207206],"extended":false,"handId":963,"id":9633,"length":62.1505,"mcpPosition":[26.3373,314.318,3.25215],"pipPosition":[-0.480756,288.643,-18.6376],"stabilizedTipPosition":[-21.4773,226.375,52.9142],"timeVisible":16.3669,"tipPosition":[-24.7624,259.268,-5.07136],"tipVelocity":[-15.1779,72.0518,-205.399],"tool":false,"touchDistance":0.333333,"touchZone":"none","type":3,"width":17.4379},{"bases":[[[0.604832,-0.792279,-0.0804545],[0.768318,0.553982,0.320612],[-0.209443,-0.255731,0.943788]],[[0.585832,-0.810425,-0.00356763],[0.428536,0.313506,-0.847391],[0.687865,0.494899,0.530958]],[[0.585832,-0.810425,-0.00356763],[-0.146393,-0.101492,-0.984006],[0.797101,0.576984,-0.178098]],[[0.585832,-0.810425,-0.00356763],[-0.399715,-0.285107,-0.871173],[0.705003,0.511787,-0.490964]]],"btipPosition":[-10.0304,262.784,-1.98175],"carpPosition":[28.4782,284.756,57.3959],"dipPosition":[1.69193,271.293,-10.1452],"direction":[-0.797101,-0.576984,0.178098],"extended":false,"handId":963,"id":9634,"length":48.7249,"mcpPosition":[40.1935,299.06,4.60505],"pipPosition":[16.7311,282.18,-13.5054],"stabilizedTipPosition":[-4.66268,231.138,58.2085],"timeVisible":16.3669,"tipPosition":[-7.38088,264.705,-3.3448],"tipVelocity":[-15.6121,73.489,-206.478],"tool":false,"touchDistance":0.333333,"touchZone":"none","type":4,"width":15.4897}],"r":[[0.963649,-0.261494,0.0547889],[0.261896,0.965096,-0.000162543],[-0.0528341,0.0145056,0.998498]],"s":0.761633,"t":[-7.44186,-9.68558,-20.8135],"timestamp":669202411540},false],[3,{"currentFrameRate":52.382,"devices":[],"gestures":[],"hands":[{"armBasis":[[0.874965,-0.446934,-0.186241],[0.39963,0.883777,-0.243382],[0.273372,0.138524,0.951882]],"armWidth":61.4671,"confidence":0.669952,"direction":[0.0349627,0.469111,-0.882447],"elbow":[85.5345,323.426,313.641],"grabStrength":0.151901,"id":963,"palmNormal":[-0.492612,-0.760178,-0.42363],"palmPosition":[7.70816,311.921,19.4908],"palmVelocity":[-12.732,64.852,-142.033],"palmWidth":87.7729,"pinchStrength":0.762316,"r":[[0.963012,-0.264343,0.0522603],[0.264595,0.964357,0.00214491],[-0.0509646,0.0117623,0.998631]],"s":0.767253,"sphereCenter":[-3.05302,273.898,-18.152],"sphereRadius":48.9525,"stabilizedPalmPosition":[6.4196,281.925,74.8916],"t":[-7.68427,-8.4678,-23.4674],"timeVisible":16.386,"type":"right","wrist":[14.3337,287.347,65.7197]}],"id":4954900,"interactionBox":{"center":[0,200,0],"size":[235.247,235.247,147.751]},"pointables":[{"bases":[[[0.797331,0.590579,0.124417],[-0.493147,0.518652,0.698431],[0.347949,-0.618237,0.70478]],[[0.552718,0.806775,-0.208846],[-0.642801,0.572217,0.509288],[0.530386,-0.147246,0.834871]],[[0.552718,0.806775,-0.208846],[-0.790242,0.586963,0.176044],[0.264613,0.0677361,0.961973]],[[0.552718,0.806775,-0.208846],[-0.792194,0.586441,0.168865],[0.258712,0.072112,0.963259]]],"btipPosition":[-54.9098,293.475,-23.744],"carpPosition":[-14.8264,290.24,69.8433],"dipPosition":[-49.0691,295.103,-1.99737],"direction":[-0.264613,-0.0677361,-0.961973],"extended":false,"handId":963,"id":9630,"length":50.2737,"mcpPosition":[-14.8264,290.24,69.8433],"pipPosition":[-40.3659,297.331,29.642],"stabilizedTipPosition":[-55.0097,272.008,25.7198],"timeVisible":16.386,"tipPosition":[-54.1652,295.433,-18.4127],"tipVelocity":[-2.06203,41.4837,-139.98],"tool":false,"touchDistance":-0.796972,"touchZone":"hovering","type":0,"width":19.534},{"bases":[[[0.863072,-0.364369,-0.349773],[0.470617,0.831564,0.294993],[0.183373,-0.419209,0.889178]],[[0.871252,-0.385134,-0.304288],[0.349232,0.922024,-0.167059],[0.344901,0.0392832,0.937817]],[[0.871252,-0.385134,-0.304288],[0.285104,0.901723,-0.324978],[0.399544,0.196384,0.895432]],[[0.871252,-0.385134,-0.304288],[0.237168,0.873089,-0.42599],[0.429734,0.298977,0.852022]]],"btipPosition":[-42.1145,324.54,-69.7563],"carpPosition":[1.59137,305.924,67.1339],"dipPosition":[-35.0318,329.467,-55.7137],"direction":[-0.399544,-0.196384,-0.895432],"extended":true,"handId":963,"id":9631,"length":56.7283,"mcpPosition":[-11.4223,335.674,4.03033],"pipPosition":[-25.7162,334.046,-34.836],"stabilizedTipPosition":[-40.6827,310.971,-47.6808],"timeVisible":16.386,"tipPosition":[-41.0643,323.366,-65.3616],"tipVelocity":[-1.09799,120.216,-161.311],"tool":false,"touchDistance":-0.979029,"touchZone":"hovering","type":1,"width":18.6589},{"bases":[[[0.786952,-0.554043,-0.271556],[0.613667,0.748586,0.251063],[0.0641835,-0.364219,0.929099]],[[0.788203,-0.562144,-0.250458],[0.134809,0.554803,-0.820987],[0.600468,0.613341,0.51308]],[[0.788203,-0.562144,-0.250458],[-0.320703,-0.0278453,-0.94677],[0.525248,0.82657,-0.202229]],[[0.788203,-0.562144,-0.250458],[-0.485346,-0.317583,-0.814605],[0.378384,0.763633,-0.523154]]],"btipPosition":[-41.1052,262.724,-8.35178],"carpPosition":[12.4012,303.246,63.0032],"dipPosition":[-34.246,276.567,-17.8353],"direction":[-0.525248,-0.82657,0.202229],"extended":false,"handId":963,"id":9632,"length":64.6373,"mcpPosition":[8.08158,327.758,0.47364],"pipPosition":[-19.8379,299.24,-23.3826],"stabilizedTipPosition":[-36.6104,235.515,41.0778],"timeVisible":16.386,"tipPosition":[-39.4497,265.559,-9.44997],"tipVelocity":[-10.122,59.8203,-135.361],"tool":false,"touchDistance":0.333333,"touchZone":"none","type":2,"width":18.3255},{"bases":[[[0.739305,-0.656446,-0.15002],[0.670056,0.695097,0.260509],[-0.066732,-0.293118,0.953745]],[[0.736949,-0.665009,-0.121114],[0.263656,0.447782,-0.854387],[0.622407,0.597707,0.505326]],[[0.736949,-0.665009,-0.121114],[-0.22992,-0.0781205,-0.970069],[0.635643,0.742738,-0.21047]],[[0.736949,-0.665009,-0.121114],[-0.431396,-0.324775,-0.841676],[0.520388,0.672521,-0.526225]]],"btipPosition":[-26.995,257.632,-5.01756],"carpPosition":[22.1636,297.651,59.2836],"dipPosition":[-17.6158,269.754,-14.5019],"direction":[-0.635643,-0.742738,0.21047],"extended":false,"handId":963,"id":9633,"length":62.1505,"mcpPosition":[26.1959,315.363,1.65331],"pipPosition":[-0.629802,289.601,-20.1262],"stabilizedTipPosition":[-21.5124,226.731,52.2861],"timeVisible":16.386,"tipPosition":[-24.8492,260.237,-6.4371],"tipVelocity":[-9.98153,61.5979,-139.411],"tool":false,"touchDistance":0.333333,"touchZone":"none","type":3,"width":17.4379},{"bases":[[[0.605669,-0.791726,-0.0795938],[0.768342,0.555889,0.317235],[-0.206918,-0.253295,0.945001]],[[0.586783,-0.809741,-0.002282],[0.426799,0.311675,-0.848941],[0.688134,0.49717,0.528482]],[[0.586783,-0.809741,-0.002282],[-0.147962,-0.10445,-0.983462],[0.796111,0.577416,-0.1811]],[[0.586783,-0.809741,-0.002282],[-0.401,-0.288136,-0.869584],[0.703481,0.511172,-0.49378]]],"btipPosition":[-10.1141,263.775,-3.38128],"carpPosition":[28.501,285.958,55.8763],"dipPosition":[1.58291,272.274,-11.5915],"direction":[-0.796111,-0.577416,0.1811],"extended":false,"handId":963,"id":9634,"length":48.7249,"mcpPosition":[40.0749,300.126,3.01763],"pipPosition":[16.6034,283.168,-15.0084],"stabilizedTipPosition":[-4.68397,231.405,57.719],"timeVisible":16.386,"tipPosition":[-7.4694,265.693,-4.75551],"tipVelocity":[-10.2408,62.8906,-141.3],"tool":false,"touchDistance":0.333333,"touchZone":"none","type":4,"width":15.4897}],"r":[[0.963012,-0.264343,0.0522603],[0.264595,0.964357,0.00214491],[-0.0509646,0.0117623,0.998631]],"s":0.767253,"t":[-7.68427,-8.4678,-23.4674],"timestamp":669202430559},false],[4,{"currentFrameRate":52.3921,"devices":[],"gestures":[],"hands":[{"armBasis":[[0.872732,-0.452283,-0.183789],[0.405005,0.880952,-0.244732],[0.272598,0.13915,0.952012]],"armWidth":61.4671,"confidence":0.607092,"direction":[0.0374852,0.463979,-0.885053],"elbow":[85.3227,324.214,313.019],"grabStrength":0.138971,"id":963,"palmNormal":[-0.496128,-0.76017,-0.419523],"palmPosition":[7.83011,312.317,18.6953],"palmVelocity":[-3.29688,43.1411,-92.5867],"palmWidth":87.7729,"pinchStrength":0.764452,"r":[[0.962234,-0.26748,0.0505927],[0.267679,0.963504,0.00292081],[-0.0495275,0.0107321,0.998715]],"s":0.772437,"sphereCenter":[-3.34695,274.392,-18.6973],"sphereRadius":48.8544,"stabilizedPalmPosition":[6.42873,282.121,74.528],"t":[-7.7445,-7.66057,-25.192],"timeVisible":16.405,"type":"right","wrist":[14.3235,287.972,65.0635]}],"id":4954901,"interactionBox":{"center":[0,200,0],"size":[235.247,235.247,147.751]},"pointables":[{"bases":[[[0.80012,0.587433,0.121368],[-0.490864,0.524925,0.695346],[0.344761,-0.615936,0.708353]],[[0.556743,0.802889,-0.213089],[-0.640225,0.578184,0.505781],[0.529291,-0.145165,0.83593]],[[0.556743,0.802889,-0.213089],[-0.788042,0.591623,0.170212],[0.26273,0.073159,0.962092]],[[0.556743,0.802889,-0.213089],[-0.790062,0.591036,0.162721],[0.25659,0.0777599,0.963387]]],"btipPosition":[-54.7445,293.857,-24.484],"carpPosition":[-14.8237,291.028,69.1611],"dipPosition":[-48.9517,295.612,-2.73447],"direction":[-0.26273,-0.073159,-0.962092],"extended":false,"handId":963,"id":9630,"length":50.2737,"mcpPosition":[-14.8237,291.028,69.1611],"pipPosition":[-40.3105,298.018,28.9088],"stabilizedTipPosition":[-55.0039,272.088,25.5565],"timeVisible":16.405,"tipPosition":[-54.0116,295.787,-19.168],"tipVelocity":[2.94756,31.6731,-90.0914],"tool":false,"touchDistance":-0.756698,"touchZone":"touching","type":0,"width":19.534},{"bases":[[[0.861419,-0.370466,-0.347436],[0.474515,0.830937,0.29048],[0.181085,-0.415089,0.891577]],[[0.869365,-0.390666,-0.30263],[0.356017,0.919849,-0.164709],[0.34272,0.0354513,0.938768]],[[0.869365,-0.390666,-0.30263],[0.2946,0.901398,-0.317321],[0.396756,0.186713,0.898734]],[[0.869365,-0.390666,-0.30263],[0.248535,0.874966,-0.415531],[0.427125,0.286034,0.857758]]],"btipPosition":[-41.6752,325.539,-70.9022],"carpPosition":[1.67002,306.617,66.3693],"dipPosition":[-34.6355,330.253,-56.765],"direction":[-0.396756,-0.186713,-0.898734],"extended":true,"handId":963,"id":9631,"length":56.7283,"mcpPosition":[-11.1813,336.075,3.09543],"pipPosition":[-25.3848,334.606,-35.8103],"stabilizedTipPosition":[-40.6055,312.9,-50.1418],"timeVisible":16.405,"tipPosition":[-40.6323,324.38,-66.5506],"tipVelocity":[10.5599,85.5189,-110.864],"tool":false,"touchDistance":-0.926321,"touchZone":"hovering","type":1,"width":18.6589},{"bases":[[[0.784365,-0.55933,-0.268182],[0.617178,0.747028,0.247064],[0.0621493,-0.359304,0.931149]],[[0.785568,-0.567298,-0.247094],[0.137635,0.549523,-0.824064],[0.603274,0.61335,0.509768]],[[0.785568,-0.567298,-0.247094],[-0.320956,-0.0321633,-0.946548],[0.529027,0.822884,-0.207344]],[[0.785568,-0.567298,-0.247094],[-0.48702,-0.320531,-0.812448],[0.381698,0.758573,-0.528084]]],"btipPosition":[-41.1955,263.204,-8.85202],"carpPosition":[12.4681,303.865,62.2572],"dipPosition":[-34.2763,276.955,-18.4249],"direction":[-0.529027,-0.822885,0.207344],"extended":false,"handId":963,"id":9632,"length":64.6373,"mcpPosition":[8.28541,328.046,-0.410298],"pipPosition":[-19.7645,299.528,-24.1126],"stabilizedTipPosition":[-36.6484,235.907,40.4153],"timeVisible":16.405,"tipPosition":[-39.5352,266.032,-10.0104],"tipVelocity":[-7.11199,42.205,-82.0939],"tool":false,"touchDistance":0.333333,"touchZone":"none","type":2,"width":18.3255},{"bases":[[[0.73619,-0.66082,-0.146089],[0.673307,0.693323,0.256829],[-0.0684308,-0.287437,0.955352]],[[0.733765,-0.669265,-0.116932],[0.266608,0.441948,-0.856506],[0.624908,0.597299,0.502717]],[[0.733765,-0.669265,-0.116932],[-0.229645,-0.0823385,-0.969785],[0.639416,0.738447,-0.214111]],[[0.733765,-0.669265,-0.116932],[-0.432549,-0.327466,-0.84004],[0.523918,0.666971,-0.529773]]],"btipPosition":[-27.1234,258.072,-5.55224],"carpPosition":[22.2047,298.202,58.5723],"dipPosition":[-17.6807,270.094,-15.1006],"direction":[-0.639416,-0.738447,0.214111],"extended":false,"handId":963,"id":9633,"length":62.1505,"mcpPosition":[26.3396,315.57,0.844927],"pipPosition":[-0.593829,289.827,-20.8221],"stabilizedTipPosition":[-21.5451,227.055,51.7157],"timeVisible":16.405,"tipPosition":[-24.9648,260.658,-6.99331],"tipVelocity":[-8.00604,42.0186,-84.887],"tool":false,"touchDistance":0.333333,"touchZone":"none","type":3,"width":17.4379},{"bases":[[[0.601884,-0.795058,-0.0749495],[0.770906,0.553965,0.314368],[-0.208421,-0.246992,0.946338]],[[0.582616,-0.81274,0.0034591],[0.43104,0.305379,-0.849087],[0.689031,0.496182,0.528242]],[[0.582616,-0.81274,0.0034591],[-0.145593,-0.108554,-0.983371],[0.799601,0.572424,-0.181575]],[[0.582616,-0.81274,0.0034591],[-0.400345,-0.290688,-0.869036],[0.707306,0.50493,-0.494736]]],"btipPosition":[-10.2042,264.155,-4.06654],"carpPosition":[28.4869,286.46,55.2328],"dipPosition":[1.55647,272.551,-12.2927],"direction":[-0.799601,-0.572424,0.181575],"extended":false,"handId":963,"id":9634,"length":48.7249,"mcpPosition":[40.1449,300.276,2.29931],"pipPosition":[16.6428,283.351,-15.7185],"stabilizedTipPosition":[-4.70296,231.639,57.2895],"timeVisible":16.405,"tipPosition":[-7.54754,266.045,-5.41566],"tipVelocity":[-7.14324,41.1189,-89.4562],"tool":false,"touchDistance":0.333333,"touchZone":"none","type":4,"width":15.4897}],"r":[[0.962234,-0.26748,0.0505927],[0.267679,0.963504,0.00292081],[-0.0495275,0.0107321,0.998715]],"s":0.772437,"t":[-7.7445,-7.66057,-25.192],"timestamp":669202449609},false],[5,{"currentFrameRate":52.4186,"devices":[],"gestures":[],"hands":[{"armBasis":[[0.870254,-0.457896,-0.181631],[0.412587,0.878981,-0.239091],[0.269129,0.133131,0.953858]],"armWidth":61.4671,"confidence":0.615163,"direction":[0.0391212,0.455879,-0.889182],"elbow":[84.387,323.697,312.026],"grabStrength":0.128038,"id":963,"palmNormal":[-0.499279,-0.761899,-0.412589],"palmPosition":[7.88403,312.978,17.0066],"palmVelocity":[-0.278184,39.0423,-90.8058],"palmWidth":87.7729,"pinchStrength":0.766204,"r":[[0.961389,-0.270668,0.0496937],[0.270916,0.962601,0.00179943],[-0.0483223,0.0117329,0.998763]],"s":0.776997,"sphereCenter":[-3.68592,275.002,-19.9997],"sphereRadius":48.7537,"stabilizedPalmPosition":[6.43646,282.285,74.2227],"t":[-7.74766,-6.92661,-26.8987],"timeVisible":16.424,"type":"right","wrist":[14.2914,289.023,63.5896]}],"id":4954902,"interactionBox":{"center":[0,200,0],"size":[235.247,235.247,147.751]},"pointables":[{"bases":[[[0.802501,0.585281,0.115926],[-0.488578,0.533097,0.690723],[0.342467,-0.610945,0.713766]],[[0.560264,0.798557,-0.220024],[-0.637593,0.585333,0.500859],[0.528752,-0.140328,0.837096]],[[0.560264,0.798557,-0.220024],[-0.785992,0.596361,0.163005],[0.261382,0.0816114,0.961779]],[[0.560264,0.798557,-0.220024],[-0.788468,0.595549,0.153754],[0.253817,0.0873389,0.963301]]],"btipPosition":[-54.6301,294.334,-26.023],"carpPosition":[-14.8422,292.233,67.6661],"dipPosition":[-48.8999,296.306,-4.27537],"direction":[-0.261382,-0.0816114,-0.961779],"extended":false,"handId":963,"id":9630,"length":50.2737,"mcpPosition":[-14.8422,292.233,67.6661],"pipPosition":[-40.303,298.99,27.3576],"stabilizedTipPosition":[-54.9992,272.152,25.4265],"timeVisible":16.424,"tipPosition":[-53.9222,296.251,-20.7252],"tipVelocity":[4.08888,29.7556,-85.6702],"tool":false,"touchDistance":-0.732453,"touchZone":"touching","type":0,"width":19.534},{"bases":[[[0.859838,-0.377017,-0.344292],[0.477918,0.831595,0.282921],[0.179645,-0.40781,0.89522]],[[0.867566,-0.396427,-0.300291],[0.361475,0.917357,-0.166712],[0.341563,0.0360861,0.939166]],[[0.867566,-0.396427,-0.300291],[0.301832,0.899609,-0.315596],[0.395256,0.183163,0.900125]],[[0.867566,-0.396427,-0.300291],[0.256964,0.874294,-0.411801],[0.425792,0.2801,0.860375]]],"btipPosition":[-41.4249,326.289,-72.8909],"carpPosition":[1.71323,307.73,64.7311],"dipPosition":[-34.4072,330.905,-58.7106],"direction":[-0.395256,-0.183163,-0.900125],"extended":true,"handId":963,"id":9631,"length":56.7283,"mcpPosition":[-11.0359,336.672,1.19872],"pipPosition":[-25.1915,335.176,-37.7235],"stabilizedTipPosition":[-40.5263,314.34,-52.0835],"timeVisible":16.424,"tipPosition":[-40.3745,325.176,-68.582],"tipVelocity":[11.7211,62.3169,-107.612],"tool":false,"touchDistance":-0.891705,"touchZone":"touching","type":1,"width":18.6589},{"bases":[[[0.782047,-0.564852,-0.263332],[0.620232,0.746728,0.240227],[0.0609442,-0.351196,0.934316]],[[0.783221,-0.572617,-0.242226],[0.139548,0.541553,-0.829003],[0.60588,0.615491,0.504064]],[[0.783221,-0.572617,-0.242226],[-0.321701,-0.0398459,-0.946003],[0.532046,0.818854,-0.21542]],[[0.783221,-0.572617,-0.242226],[-0.488878,-0.326483,-0.808954],[0.384139,0.752009,-0.535649]]],"btipPosition":[-41.3316,263.821,-10.057],"carpPosition":[12.4992,304.897,60.6415],"dipPosition":[-34.3681,277.453,-19.7671],"direction":[-0.532046,-0.818854,0.21542],"extended":false,"handId":963,"id":9632,"length":64.6373,"mcpPosition":[8.39756,328.533,-2.23919],"pipPosition":[-19.7736,299.915,-25.6762],"stabilizedTipPosition":[-36.6826,236.251,39.831],"timeVisible":16.424,"tipPosition":[-39.6684,266.638,-11.2821],"tipVelocity":[-6.87681,36.7245,-73.7584],"tool":false,"touchDistance":0.333333,"touchZone":"none","type":2,"width":18.3255},{"bases":[[[0.733496,-0.665051,-0.140324],[0.676147,0.692888,0.250461],[-0.0693405,-0.278592,0.957903]],[[0.731027,-0.673275,-0.110907],[0.268656,0.433403,-0.860224],[0.627235,0.599052,0.497708]],[[0.731027,-0.673275,-0.110907],[-0.2299,-0.0899925,-0.969045],[0.642453,0.733895,-0.220573]],[[0.731027,-0.673275,-0.110907],[-0.433942,-0.333283,-0.837029],[0.526587,0.660018,-0.535801]]],"btipPosition":[-27.2907,258.67,-6.77614],"carpPosition":[22.212,299.163,57.0054],"dipPosition":[-17.7998,270.566,-16.4331],"direction":[-0.642453,-0.733895,0.220573],"extended":false,"handId":963,"id":9633,"length":62.1505,"mcpPosition":[26.4019,315.997,-0.876195],"pipPosition":[-0.631859,290.178,-22.3274],"stabilizedTipPosition":[-21.5748,227.341,51.2103],"timeVisible":16.424,"tipPosition":[-25.1222,261.234,-8.24838],"tipVelocity":[-8.11649,36.0948,-75.4971],"tool":false,"touchDistance":0.333333,"touchZone":"none","type":3,"width":17.4379},{"bases":[[[0.598671,-0.798107,-0.0679558],[0.773202,0.55366,0.309225],[-0.20917,-0.237667,0.948558]],[[0.578955,-0.81527,0.0120742],[0.434832,0.296197,-0.850405],[0.689733,0.497596,0.52599]],[[0.578955,-0.81527,0.0120742],[-0.143656,-0.11657,-0.982738],[0.802605,0.567227,-0.184608]],[[0.578955,-0.81527,0.0120742],[-0.400044,-0.296928,-0.867063],[0.710476,0.49716,-0.498051]]],"btipPosition":[-10.3363,264.719,-5.46455],"carpPosition":[28.4462,287.366,53.7698],"dipPosition":[1.47701,272.986,-13.7458],"direction":[-0.802604,-0.567227,0.184608],"extended":false,"handId":963,"id":9634,"length":48.7249,"mcpPosition":[40.1461,300.66,0.71213],"pipPosition":[16.62,283.688,-17.2289],"stabilizedTipPosition":[-4.71887,231.83,56.9367],"timeVisible":16.424,"tipPosition":[-7.67007,266.574,-6.80223],"tipVelocity":[-6.74041,34.7325,-82.0119],"tool":false,"touchDistance":0.333333,"touchZone":"none","type":4,"width":15.4897}],"r":[[0.961389,-0.270668,0.0496937],[0.270916,0.962601,0.00179943],[-0.0483223,0.0117329,0.998763]],"s":0.776997,"t":[-7.74766,-6.92661,-26.8987],"timestamp":669202468590},false],[6,{"currentFrameRate":52.5909,"devices":[],"gestures":[],"hands":[{"armBasis":[[0.869531,-0.460415,-0.178701],[0.416651,0.878135,-0.23512],[0.265177,0.129988,0.955397]],"armWidth":61.4671,"confidence":0.628591,"direction":[0.0368883,0.447835,-0.893355],"elbow":[83.4687,324.171,310.052],"grabStrength":0.115338,"id":963,"palmNormal":[-0.50128,-0.765064,-0.404222],"palmPosition":[7.87811,313.858,14.4385],"palmVelocity":[-0.299288,43.2739,-114.303],"palmWidth":87.7729,"pinchStrength":0.776348,"r":[[0.960679,-0.273323,0.0488847],[0.273696,0.961816,-0.000992806],[-0.0467467,0.0143333,0.998804]],"s":0.780494,"sphereCenter":[-4.10494,275.868,-22.1104],"sphereRadius":48.5845,"stabilizedPalmPosition":[6.44211,282.409,73.9884],"t":[-7.7522,-6.11977,-29.0361],"timeVisible":16.4424,"type":"right","wrist":[14.4024,290.315,61.2154]}],"id":4954903,"interactionBox":{"center":[0,200,0],"size":[235.247,235.247,147.751]},"pointables":[{"bases":[[[0.803428,0.585479,0.108247],[-0.48596,0.539777,0.687374],[0.344014,-0.604859,0.718192]],[[0.560893,0.795771,-0.228358],[-0.635487,0.590627,0.497309],[0.530619,-0.133819,0.83698]],[[0.560893,0.795771,-0.228358],[-0.786654,0.598247,0.152566],[0.258022,0.0940654,0.961549]],[[0.560893,0.795771,-0.228358],[-0.791412,0.596353,0.134276],[0.243035,0.105411,0.964273]]],"btipPosition":[-54.2395,294.562,-28.3474],"carpPosition":[-14.7156,293.592,65.3505],"dipPosition":[-48.7527,296.941,-6.57784],"direction":[-0.258022,-0.0940654,-0.961549],"extended":false,"handId":963,"id":9630,"length":50.2737,"mcpPosition":[-14.7156,293.592,65.3505],"pipPosition":[-40.2663,300.035,25.0476],"stabilizedTipPosition":[-54.9958,272.19,25.3446],"timeVisible":16.4424,"tipPosition":[-53.6927,296.525,-23.038],"tipVelocity":[10.8754,23.8526,-105.131],"tool":false,"touchDistance":-0.722331,"touchZone":"touching","type":0,"width":19.534},{"bases":[[[0.85842,-0.38097,-0.343478],[0.479596,0.833614,0.273999],[0.181943,-0.399937,0.898302]],[[0.86618,-0.399772,-0.299859],[0.364267,0.915868,-0.168805],[0.342115,0.0369866,0.93893]],[[0.86618,-0.399772,-0.299859],[0.306168,0.898763,-0.313825],[0.394961,0.180022,0.900887]],[[0.86618,-0.399772,-0.299859],[0.26238,0.874489,-0.407952],[0.425311,0.274683,0.862357]]],"btipPosition":[-41.4629,327.17,-75.6549],"carpPosition":[1.84626,309.045,62.2266],"dipPosition":[-34.4532,331.697,-61.442],"direction":[-0.394961,-0.180022,-0.900887],"extended":true,"handId":963,"id":9631,"length":56.7283,"mcpPosition":[-11.0659,337.428,-1.52457],"pipPosition":[-25.2443,335.895,-40.437],"stabilizedTipPosition":[-40.4808,315.273,-53.4499],"timeVisible":16.4424,"tipPosition":[-40.4128,326.078,-71.3738],"tipVelocity":[5.03928,54.8568,-127.952],"tool":false,"touchDistance":-0.872214,"touchZone":"touching","type":1,"width":18.6589},{"bases":[[[0.780687,-0.567992,-0.2606],[0.621696,0.748222,0.231641],[0.0634168,-0.342853,0.937246]],[[0.781915,-0.575552,-0.239476],[0.137508,0.533935,-0.834269],[0.60803,0.619398,0.496635]],[[0.781915,-0.575552,-0.239476],[-0.324937,-0.0484572,-0.944493],[0.532001,0.816328,-0.224908]],[[0.781915,-0.575552,-0.239476],[-0.491976,-0.333816,-0.804069],[0.382842,0.74653,-0.544174]]],"btipPosition":[-41.4554,264.514,-12.0054],"carpPosition":[12.617,306.164,58.1301],"dipPosition":[-34.5154,278.047,-21.8699],"direction":[-0.532001,-0.816328,0.224908],"extended":false,"handId":963,"id":9632,"length":64.6373,"mcpPosition":[8.34896,329.239,-4.94772],"pipPosition":[-19.9221,300.439,-28.0394],"stabilizedTipPosition":[-36.7078,236.5,39.4018],"timeVisible":16.4424,"tipPosition":[-39.8005,267.323,-13.2979],"tipVelocity":[-6.94925,36.5808,-90.1732],"tool":false,"touchDistance":0.333333,"touchZone":"none","type":2,"width":18.3255},{"bases":[[[0.732408,-0.667032,-0.136552],[0.677588,0.694419,0.242189],[-0.0667239,-0.269907,0.960572]],[[0.729999,-0.675047,-0.106831],[0.267238,0.425799,-0.864453],[0.629035,0.602501,0.491231]],[[0.729999,-0.675047,-0.106831],[-0.232567,-0.0983709,-0.967593],[0.642661,0.731187,-0.228805]],[[0.729999,-0.675047,-0.106831],[-0.436773,-0.340561,-0.832615],[0.525672,0.654469,-0.543451]]],"btipPosition":[-27.4144,259.394,-8.78932],"carpPosition":[22.3131,300.388,54.5164],"dipPosition":[-17.94,271.19,-18.5842],"direction":[-0.642661,-0.731187,0.228805],"extended":false,"handId":963,"id":9633,"length":62.1505,"mcpPosition":[26.3449,316.697,-3.52638],"pipPosition":[-0.766461,290.729,-24.6984],"stabilizedTipPosition":[-21.597,227.552,50.8326],"timeVisible":16.4424,"tipPosition":[-25.2501,261.939,-10.2985],"tipVelocity":[-7.54683,37.0646,-92.6718],"tool":false,"touchDistance":0.333333,"touchZone":"none","type":3,"width":17.4379},{"bases":[[[0.597671,-0.799295,-0.0625854],[0.774681,0.555626,0.301909],[-0.20654,-0.228926,0.95128]],[[0.577807,-0.815951,0.0190373],[0.435206,0.288286,-0.852928],[0.69046,0.501113,0.521681]],[[0.577807,-0.815951,0.0190373],[-0.144241,-0.125045,-0.98161],[0.803327,0.564435,-0.189945]],[[0.577807,-0.815951,0.0190373],[-0.401347,-0.304365,-0.863877],[0.710676,0.491513,-0.503344]]],"btipPosition":[-10.4456,265.447,-7.68273],"carpPosition":[28.5257,288.556,51.3682],"dipPosition":[1.37107,273.619,-16.052],"direction":[-0.803327,-0.564435,0.189945],"extended":false,"handId":963,"id":9634,"length":48.7249,"mcpPosition":[40.0786,301.361,-1.84173],"pipPosition":[16.5277,284.269,-19.6358],"stabilizedTipPosition":[-4.73038,231.966,56.6822],"timeVisible":16.4424,"tipPosition":[-7.77927,267.277,-9.01898],"tipVelocity":[-6.3361,36.493,-101.115],"tool":false,"touchDistance":0.333333,"touchZone":"none","t