{"sensorType":"Leap","data":[[0,{"currentFrameRate":54.1683,"devices":[],"gestures":[],"hands":[{"armBasis":[[0.871983,-0.444282,-0.20557],[0.387499,0.883036,-0.26475],[0.299149,0.151199,0.942151]],"armWidth":61.4671,"confidence":0.674518,"direction":[0.0914489,0.524464,-0.846508],"elbow":[94.0609,307.658,321.243],"grabStrength":0.342902,"id":963,"palmNormal":[-0.465009,-0.729205,-0.502023],"palmPosition":[12.4972,295.791,30.9723],"palmVelocity":[28.5659,153.496,-225.375],"palmWidth":87.7729,"pinchStrength":0.729494,"r":[[0.958824,-0.267925,0.0941989],[0.265405,0.963365,0.038572],[-0.101082,-0.0119829,0.994806]],"s":0.702194,"sphereCenter":[5.83026,258.777,-9.5441],"sphereRadius":49.0323,"stabilizedPalmPosition":[5.44959,261.456,76.1298],"t":[-3.65835,-26.1949,-10.4922],"timeVisible":18.6874,"type":"right","wrist":[16.1464,268.278,75.8566]}],"id":4955023,"interactionBox":{"center":[0,200,0],"size":[235.247,235.247,147.751]},"pointables":[{"bases":[[[0.788101,0.577689,0.212538],[-0.536408,0.475173,0.697479],[0.301934,-0.663691,0.684361]],[[0.558234,0.819587,-0.129043],[-0.687847,0.544141,0.480393],[0.463942,-0.17941,0.867508]],[[0.558234,0.819587,-0.129043],[-0.780295,0.571476,0.254076],[0.281982,-0.0411426,0.958537]],[[0.558234,0.819587,-0.129043],[-0.803069,0.572829,0.164154],[0.208458,0.0119936,0.977958]]],"btipPosition":[-49.5365,280.759,-17.0841],"carpPosition":[-13.2158,271.037,78.2937],"dipPosition":[-44.8303,281.029,4.99442],"direction":[-0.281982,0.0411426,-0.958537],"extended":false,"handId":963,"id":9630,"length":50.2737,"mcpPosition":[-13.2158,271.037,78.2937],"pipPosition":[-35.5559,279.676,36.5208],"stabilizedTipPosition":[-54.4798,257.709,19.8169],"timeVisible":18.6874,"tipPosition":[-49.0396,282.494,-11.5503],"tipVelocity":[54.2164,125.24,-243.607],"tool":false,"touchDistance":-0.844402,"touchZone":"hovering","type":0,"width":19.534},{"bases":[[[0.883424,-0.345245,-0.31681],[0.451306,0.808779,0.377093],[0.12604,-0.476111,0.870306]],[[0.888541,-0.368175,-0.273755],[0.323996,0.926001,-0.193775],[0.324841,0.0834818,0.942077]],[[0.888541,-0.368175,-0.273755],[0.248842,0.888027,-0.386634],[0.385451,0.275418,0.880666]],[[0.888541,-0.368175,-0.273755],[0.194602,0.842786,-0.501839],[0.415482,0.392632,0.820497]]],"btipPosition":[-34.8921,304.222,-57.2172],"carpPosition":[3.35013,286.785,77.6464],"dipPosition":[-28.0443,310.693,-43.6942],"direction":[-0.385451,-0.275418,-0.880666],"extended":true,"handId":963,"id":9631,"length":56.7283,"mcpPosition":[-5.59474,320.574,15.8822],"pipPosition":[-19.0572,317.114,-23.1607],"stabilizedTipPosition":[-35.5524,293.948,-42.7921],"timeVisible":18.6874,"tipPosition":[-33.848,303.196,-52.5866],"tipVelocity":[59.5194,280.441,-274.995],"tool":false,"touchDistance":-0.982054,"touchZone":"hovering","type":1,"width":18.6589},{"bases":[[[0.802363,-0.53918,-0.255928],[0.596819,0.728119,0.33712],[0.00457794,-0.423235,0.906008]],[[0.802202,-0.550214,-0.231811],[0.206061,0.619547,-0.75743],[0.560367,0.559845,0.610379]],[[0.802202,-0.550214,-0.231811],[-0.289373,-0.0186917,-0.957034],[0.522241,0.834814,-0.174212]],[[0.802202,-0.550214,-0.231811],[-0.473007,-0.348755,-0.809094],[0.36433,0.758705,-0.540028]]],"btipPosition":[-32.8931,250.128,-0.739106],"carpPosition":[14.4,284.327,74.0485],"dipPosition":[-26.2887,263.881,-10.5285],"direction":[-0.522241,-0.834814,0.174212],"extended":false,"handId":963,"id":9632,"length":64.6373,"mcpPosition":[14.0919,312.812,13.073],"pipPosition":[-11.9631,286.781,-15.3073],"stabilizedTipPosition":[-34.2512,230.589,25.8651],"timeVisible":18.6874,"tipPosition":[-31.4359,253.661,-4.07853],"tipVelocity":[46.7221,146.474,-228.259],"tool":false,"touchDistance":0.333333,"touchZone":"none","type":2,"width":18.3255},{"bases":[[[0.747002,-0.64893,-0.144492],[0.652461,0.673873,0.346683],[-0.127603,-0.353249,0.926786]],[[0.742354,-0.6603,-0.113643],[0.344382,0.521533,-0.780643],[0.574728,0.540377,0.614558]],[[0.742354,-0.6603,-0.113643],[-0.192022,-0.047174,-0.980256],[0.641902,0.749519,-0.161812]],[[0.742354,-0.6603,-0.113643],[-0.422817,-0.330108,-0.843952],[0.519747,0.674561,-0.524243]]],"btipPosition":[-19.2045,244.804,1.89026],"carpPosition":[24.3766,278.936,70.6063],"dipPosition":[-9.8369,256.962,-7.55838],"direction":[-0.641902,-0.749519,0.161812],"extended":false,"handId":963,"id":9633,"length":62.1505,"mcpPosition":[32.0871,300.281,14.605],"pipPosition":[7.31637,276.991,-11.8824],"stabilizedTipPosition":[-19.691,217.796,38.677],"timeVisible":18.6874,"tipPosition":[-16.9806,247.906,-1.60152],"tipVelocity":[47.9993,156.421,-244.357],"tool":false,"touchDistance":0.333333,"touchZone":"none","type":3,"width":17.4379},{"bases":[[[0.60907,-0.787816,-0.0915384],[0.746851,0.530864,0.400497],[-0.266924,-0.312296,0.911714]],[[0.600372,-0.79725,-0.0628138],[0.479807,0.421929,-0.76926],[0.639796,0.431704,0.635841]],[[0.600372,-0.79725,-0.0628138],[-0.144986,-0.0312653,-0.98894],[0.786469,0.602839,-0.134361]],[[0.600372,-0.79725,-0.0628138],[-0.428351,-0.254253,-0.867105],[0.675329,0.547492,-0.494149]]],"btipPosition":[-2.04799,249.723,4.93254],"carpPosition":[30.9119,267.456,66.8658],"dipPosition":[9.18095,258.826,-3.28387],"direction":[-0.786469,-0.602839,0.134361],"extended":false,"handId":963,"id":9634,"length":48.7249,"mcpPosition":[45.8423,284.925,15.869],"pipPosition":[24.0195,270.2,-5.81889],"stabilizedTipPosition":[-2.38612,217.533,47.2661],"timeVisible":18.6874,"tipPosition":[0.766984,252.07,1.77077],"tipVelocity":[43.8115,160.501,-231.899],"tool":false,"touchDistance":0.333333,"touchZone":"none","type":4,"width":15.4897}],"r":[[0.958824,-0.267925,0.0941989],[0.265405,0.963365,0.038572],[-0.101082,-0.0119829,0.994806]],"s":0.702194,"t":[-3.65835,-26.1949,-10.4922],"timestamp":669204732024},false],[1,{"currentFrameRate":54.1908,"devices":[],"gestures":[],"hands":[{"armBasis":[[0.877332,-0.431948,-0.209067],[0.375702,0.8893,-0.260757],[0.298557,0.150224,0.942495]],"armWidth":61.4671,"confidence":0.684242,"direction":[0.0834796,0.523951,-0.847648],"elbow":[94.3784,310.634,317.486],"grabStrength":0.306623,"id":963,"palmNormal":[-0.453845,-0.737288,-0.500431],"palmPosition":[12.5518,298.864,27.0657],"palmVelocity":[16.2641,160.114,-219.242],"palmWidth":87.7729,"pinchStrength":0.735676,"r":[[0.958995,-0.267825,0.0927261],[0.264272,0.963207,0.0489082],[-0.102413,-0.0223978,0.99449]],"s":0.715472,"sphereCenter":[6.16889,261.941,-13.3801],"sphereRadius":49.0262,"stabilizedPalmPosition":[5.86583,263.648,73.2543],"t":[-3.37068,-23.2507,-14.5193],"timeVisible":18.7058,"type":"right","wrist":[16.6181,271.508,72.0097]}],"id":4955024,"interactionBox":{"center":[0,200,0],"size":[235.247,235.247,147.751]},"pointables":[{"bases":[[[0.779212,0.590077,0.211275],[-0.543596,0.468472,0.696447],[0.311981,-0.657528,0.685802]],[[0.544643,0.828215,-0.131998],[-0.696988,0.534529,0.478003],[0.466446,-0.16834,0.868383]],[[0.544643,0.828215,-0.131998],[-0.791868,0.559683,0.244338],[0.276241,-0.028552,0.960664]],[[0.544643,0.828215,-0.131998],[-0.814445,0.559874,0.152382],[0.200107,0.0245112,0.979467]]],"btipPosition":[-48.8466,282.317,-21.083],"carpPosition":[-12.7827,273.825,74.441],"dipPosition":[-44.329,282.87,1.02962],"direction":[-0.276241,0.028552,-0.960664],"extended":false,"handId":963,"id":9630,"length":50.2737,"mcpPosition":[-12.7827,273.825,74.441],"pipPosition":[-35.2434,281.931,32.626],"stabilizedTipPosition":[-54.0983,259.123,17.7693],"timeVisible":18.7058,"tipPosition":[-48.4753,284.077,-15.547],"tipVelocity":[45.0677,107.5,-230.918],"tool":false,"touchDistance":-0.848161,"touchZone":"hovering","type":0,"width":19.534},{"bases":[[[0.888584,-0.33245,-0.316064],[0.438935,0.816373,0.375329],[0.133248,-0.472242,0.871339]],[[0.893965,-0.354781,-0.273783],[0.31638,0.932331,-0.175105],[0.317381,0.0699182,0.945717]],[[0.893965,-0.354781,-0.273783],[0.249141,0.901284,-0.354423],[0.372499,0.248631,0.894107]],[[0.893965,-0.354781,-0.273783],[0.200474,0.863001,-0.463722],[0.400796,0.359665,0.842617]]],"btipPosition":[-34.3589,308.714,-62.0064],"carpPosition":[3.54168,289.822,73.7594],"dipPosition":[-27.7532,314.642,-48.1188],"direction":[-0.372499,-0.248631,-0.894107],"extended":true,"handId":963,"id":9631,"length":56.7283,"mcpPosition":[-5.91471,323.336,11.9218],"pipPosition":[-19.0681,320.439,-27.272],"stabilizedTipPosition":[-34.7294,298.841,-47.652],"timeVisible":18.7058,"tipPosition":[-33.3796,307.479,-57.3581],"tipVelocity":[43.4004,259.886,-265.906],"tool":false,"touchDistance":-0.982762,"touchZone":"hovering","type":1,"width":18.6589},{"bases":[[[0.810482,-0.527463,-0.254759],[0.58566,0.737849,0.33553],[0.0109941,-0.421143,0.906928]],[[0.810489,-0.538423,-0.23067],[0.193155,0.61744,-0.762534],[0.552991,0.573471,0.604428]],[[0.810489,-0.538423,-0.23067],[-0.292175,-0.0302943,-0.955885],[0.507682,0.84213,-0.181867]],[[0.810489,-0.538423,-0.23067],[-0.4693,-0.361232,-0.805772],[0.350521,0.761323,-0.545457]]],"btipPosition":[-32.1045,252.302,-4.09762],"carpPosition":[14.6277,287.525,70.1667],"dipPosition":[-25.7504,266.103,-13.9854],"direction":[-0.507682,-0.84213,0.181867],"extended":false,"handId":963,"id":9632,"length":64.6373,"mcpPosition":[13.8878,315.868,9.12938],"pipPosition":[-11.8241,289.204,-18.9742],"stabilizedTipPosition":[-33.9112,232.934,22.8271],"timeVisible":18.7058,"tipPosition":[-30.7095,255.864,-7.50593],"tipVelocity":[43.3881,133.247,-206.99],"tool":false,"touchDistance":0.333333,"touchZone":"none","type":2,"width":18.3255},{"bases":[[[0.756795,-0.6378,-0.143084],[0.642121,0.684478,0.345211],[-0.122238,-0.353131,0.927554]],[[0.75231,-0.649192,-0.112154],[0.336204,0.524717,-0.782073],[0.566565,0.550655,0.613011]],[[0.75231,-0.649192,-0.112154],[-0.191966,-0.05316,-0.979961],[0.630221,0.758764,-0.164615]],[[0.75231,-0.649192,-0.112154],[-0.418421,-0.339337,-0.842481],[0.508874,0.680735,-0.526922]]],"btipPosition":[-18.36,247.338,-1.83639],"carpPosition":[24.6854,282.279,66.7362],"dipPosition":[-9.1884,259.607,-11.3333],"direction":[-0.630221,-0.758764,0.164615],"extended":false,"handId":963,"id":9633,"length":62.1505,"mcpPosition":[32.0716,303.617,10.6885],"pipPosition":[7.65271,279.884,-15.7323],"stabilizedTipPosition":[-19.4241,220.306,35.3649],"timeVisible":18.7058,"tipPosition":[-16.1907,250.453,-5.31627],"tipVelocity":[45.8395,148.189,-224.68],"tool":false,"touchDistance":0.333333,"touchZone":"none","type":3,"width":17.4379},{"bases":[[[0.620991,-0.778654,-0.0898271],[0.738675,0.543039,0.399336],[-0.262165,-0.314337,0.912394]],[[0.61207,-0.788532,-0.0598919],[0.473346,0.42598,-0.771028],[0.633494,0.443574,0.633978]],[[0.61207,-0.788532,-0.0598919],[-0.145175,-0.037592,-0.988692],[0.777364,0.613843,-0.137484]],[[0.61207,-0.788532,-0.0598919],[-0.425127,-0.264236,-0.865706],[0.666811,0.555334,-0.496958]]],"btipPosition":[-1.30302,252.529,1.21853],"carpPosition":[31.3947,270.891,63.0207],"dipPosition":[9.7843,261.763,-7.04456],"direction":[-0.777364,-0.613843,0.137484],"extended":false,"handId":963,"id":9634,"length":48.7249,"mcpPosition":[46.0589,288.474,11.9859],"pipPosition":[24.451,273.344,-9.63851],"stabilizedTipPosition":[-2.10731,220.381,43.5866],"timeVisible":18.7058,"tipPosition":[1.47034,254.896,-1.92944],"tipVelocity":[41.3889,157.549,-217.871],"tool":false,"touchDistance":0.333333,"touchZone":"none","type":4,"width":15.4897}],"r":[[0.958995,-0.267825,0.0927261],[0.264272,0.963207,0.0489082],[-0.102413,-0.0223978,0.99449]],"s":0.715472,"t":[-3.37068,-23.2507,-14.5193],"timestamp":669204750398},false],[2,{"currentFrameRate":54.1458,"devices":[],"gestures":[],"hands":[{"armBasis":[[0.87823,-0.435161,-0.19836],[0.384628,0.889194,-0.247782],[0.284206,0.141315,0.948292]],"armWidth":61.4671,"confidence":0.633619,"direction":[0.0849071,0.523852,-0.847567],"elbow":[90.7104,310.518,314.495],"grabStrength":0.274496,"id":963,"palmNormal":[-0.459766,-0.734067,-0.49976],"palmPosition":[12.6948,301.119,22.5882],"palmVelocity":[12.0942,141.141,-229.5],"palmWidth":87.7729,"pinchStrength":0.753709,"r":[[0.958828,-0.268985,0.091077],[0.26463,0.962655,0.0571521],[-0.103049,-0.0306974,0.994202]],"s":0.727175,"sphereCenter":[5.64211,264.622,-17.8026],"sphereRadius":48.8893,"stabilizedPalmPosition":[6.19788,265.47,70.7907],"t":[-3.15537,-20.6514,-18.7716],"timeVisible":18.7244,"type":"right","wrist":[16.6879,273.712,67.5085]}],"id":4955025,"interactionBox":{"center":[0,200,0],"size":[235.247,235.247,147.751]},"pointables":[{"bases":[[[0.783503,0.584908,0.209774],[-0.538937,0.471608,0.697949],[0.309304,-0.6599,0.684735]],[[0.548796,0.825177,-0.133811],[-0.694625,0.539192,0.476201],[0.4651,-0.168388,0.869096]],[[0.548796,0.825177,-0.133811],[-0.791732,0.564436,0.23361],[0.268298,-0.0222617,0.963079]],[[0.548796,0.825177,-0.133811],[-0.813931,0.563949,0.139562],[0.190626,0.0323222,0.98113]]],"btipPosition":[-48.2154,284.33,-25.6661],"carpPosition":[-12.6916,276.219,70.0091],"dipPosition":[-43.9118,285.059,-3.51597],"direction":[-0.268298,0.0222617,-0.963079],"extended":false,"handId":963,"id":9630,"length":50.2737,"mcpPosition":[-12.6916,276.219,70.0091],"pipPosition":[-35.0874,284.327,28.1598],"stabilizedTipPosition":[-53.8182,260.158,16.2065],"timeVisible":18.7244,"tipPosition":[-48.0128,286.123,-20.0901],"tipVelocity":[38.3585,108.825,-238.037],"tool":false,"touchDistance":-0.860296,"touchZone":"hovering","type":0,"width":19.534},{"bases":[[[0.885678,-0.338026,-0.318296],[0.445079,0.813314,0.374734],[0.132205,-0.473561,0.870783]],[[0.890898,-0.35983,-0.277171],[0.327503,0.931729,-0.156917],[0.314712,0.0490226,0.947921]],[[0.890898,-0.35983,-0.277171],[0.265783,0.907849,-0.324298],[0.368321,0.215249,0.904438]],[[0.890898,-0.35983,-0.277171],[0.220776,0.876359,-0.42808],[0.396937,0.320183,0.860188]]],"btipPosition":[-33.8205,313.39,-67.0501],"carpPosition":[3.73441,292.11,69.2979],"dipPosition":[-27.2784,318.668,-52.8729],"direction":[-0.368321,-0.215249,-0.904438],"extended":true,"handId":963,"id":9631,"length":56.7283,"mcpPosition":[-5.64796,325.718,7.49985],"pipPosition":[-18.6907,323.686,-31.7852],"stabilizedTipPosition":[-34.0325,303.392,-52.3114],"timeVisible":18.7244,"tipPosition":[-32.8937,311.992,-62.4364],"tipVelocity":[35.9822,251.703,-266.533],"tool":false,"touchDistance":-0.987476,"touchZone":"hovering","type":1,"width":18.6589},{"bases":[[[0.806458,-0.532562,-0.256912],[0.591201,0.733863,0.334554],[0.0103672,-0.42169,0.906681]],[[0.806449,-0.543578,-0.232731],[0.194764,0.615813,-0.76344],[0.558308,0.570348,0.602491]],[[0.806449,-0.543578,-0.232731],[-0.294839,-0.0284897,-0.955122],[0.512553,0.838875,-0.183243]],[[0.806449,-0.543578,-0.232731],[-0.473475,-0.357858,-0.804835],[0.354206,0.75925,-0.545964]]],"btipPosition":[-32.3407,254.83,-8.4323],"carpPosition":[14.797,289.743,65.6784],"dipPosition":[-25.9198,268.593,-18.3293],"direction":[-0.512553,-0.838875,0.183243],"extended":false,"handId":963,"id":9632,"length":64.6373,"mcpPosition":[14.0993,318.123,4.65769],"pipPosition":[-11.8599,291.604,-23.3559],"stabilizedTipPosition":[-33.6826,234.814,20.3117],"timeVisible":18.7244,"tipPosition":[-30.9248,258.379,-11.8145],"tipVelocity":[16.5723,134.195,-219.53],"tool":false,"touchDistance":0.333333,"touchZone":"none","type":2,"width":18.3255},{"bases":[[[0.752316,-0.642609,-0.14517],[0.647337,0.680122,0.344077],[-0.122373,-0.352828,0.927651]],[[0.747822,-0.654006,-0.114186],[0.337582,0.522686,-0.78284],[0.571665,0.546878,0.611657]],[[0.747822,-0.654006,-0.114186],[-0.195211,-0.0522217,-0.97937],[0.634551,0.754685,-0.166722]],[[0.747822,-0.654006,-0.114186],[-0.423185,-0.337054,-0.841017],[0.511543,0.677252,-0.528822]]],"btipPosition":[-18.6084,249.81,-6.2077],"carpPosition":[24.8125,284.434,62.2218],"dipPosition":[-9.38861,262.016,-15.7389],"direction":[-0.634551,-0.754685,0.166722],"extended":false,"handId":963,"id":9633,"length":62.1505,"mcpPosition":[32.2069,305.753,6.16823],"pipPosition":[7.56821,282.183,-20.1941],"stabilizedTipPosition":[-19.238,222.354,32.5911],"timeVisible":18.7244,"tipPosition":[-16.4335,252.901,-9.6725],"tipVelocity":[17.406,140.281,-229.737],"tool":false,"touchDistance":0.333333,"touchZone":"none","type":3,"width":17.4379},{"bases":[[[0.615727,-0.782609,-0.0916715],[0.743098,0.538032,0.397904],[-0.262081,-0.313121,0.912836]],[[0.606566,-0.792696,-0.0609234],[0.474363,0.422343,-0.772403],[0.638011,0.439613,0.632204]],[[0.606566,-0.792696,-0.0609234],[-0.147985,-0.0372813,-0.988287],[0.781139,0.608476,-0.139921]],[[0.606566,-0.792696,-0.0609234],[-0.429114,-0.261918,-0.864442],[0.669283,0.550484,-0.499027]]],"btipPosition":[-1.52947,254.892,-3.20111],"carpPosition":[31.4393,273.005,58.4848],"dipPosition":[9.59893,264.045,-11.4986],"direction":[-0.781139,-0.608476,0.139921],"extended":false,"handId":963,"id":9634,"length":48.7249,"mcpPosition":[46.0988,290.52,7.42533],"pipPosition":[24.3369,275.525,-14.1385],"stabilizedTipPosition":[-1.9088,222.698,40.5054],"timeVisible":18.7244,"tipPosition":[1.2486,257.231,-6.33526],"tipVelocity":[15.6434,142.162,-227.494],"tool":false,"touchDistance":0.333333,"touchZone":"none","type":4,"width":15.4897}],"r":[[0.958828,-0.268985,0.091077],[0.26463,0.962655,0.0571521],[-0.103049,-0.0306974,0.994202]],"s":0.727175,"t":[-3.15537,-20.6514,-18.7716],"timestamp":669204769025},false],[3,{"currentFrameRate":54.0334,"devices":[],"gestures":[],"hands":[{"armBasis":[[0.87478,-0.444174,-0.193572],[0.396029,0.88564,-0.242493],[0.279144,0.135468,0.950646]],"armWidth":61.4671,"confidence":0.607376,"direction":[0.0832168,0.512383,-0.854716],"elbow":[90.0485,311.689,310.661],"grabStrength":0.245334,"id":963,"palmNormal":[-0.469848,-0.736202,-0.487082],"palmPosition":[13.259,303.28,17.8292],"palmVelocity":[20.8012,127.987,-240.409],"palmWidth":87.7729,"pinchStrength":0.77483,"r":[[0.958348,-0.271372,0.0890354],[0.266703,0.961851,0.0609261],[-0.102172,-0.0346423,0.994163]],"s":0.737163,"sphereCenter":[5.25385,266.727,-21.9768],"sphereRadius":48.7315,"stabilizedPalmPosition":[6.46052,266.877,68.8209],"t":[-2.76561,-18.2712,-23.2772],"timeVisible":18.7433,"type":"right","wrist":[17.3443,276.406,63.0621]}],"id":4955026,"interactionBox":{"center":[0,200,0],"size":[235.247,235.247,147.751]},"pointables":[{"bases":[[[0.790116,0.580554,0.196655],[-0.52962,0.485091,0.695838],[0.308576,-0.653945,0.690751]],[[0.554359,0.818848,-0.148909],[-0.687646,0.551424,0.472308],[0.46886,-0.159431,0.868764]],[[0.554359,0.818848,-0.148909],[-0.789155,0.573998,0.218543],[0.264427,-0.00363896,0.964399]],[[0.554359,0.818848,-0.148909],[-0.812463,0.571237,0.116583],[0.180526,0.056354,0.981954]]],"btipPosition":[-47.3424,285.728,-29.9766],"carpPosition":[-11.9929,279.203,65.7446],"dipPosition":[-43.2668,287,-7.8079],"direction":[-0.264427,0.00363896,-0.964399],"extended":false,"handId":963,"id":9630,"length":50.2737,"mcpPosition":[-11.9929,279.203,65.7446],"pipPosition":[-34.5698,286.88,23.9113],"stabilizedTipPosition":[-53.6093,260.886,15.0486],"timeVisible":18.7433,"tipPosition":[-47.3065,287.634,-24.3956],"tipVelocity":[40.8336,94.9661,-233.014],"tool":false,"touchDistance":-0.867193,"touchZone":"hovering","type":0,"width":19.534},{"bases":[[[0.880312,-0.349813,-0.320438],[0.454931,0.813997,0.361174],[0.134492,-0.463723,0.875713]],[[0.885597,-0.370917,-0.279532],[0.339818,0.927726,-0.154428],[0.316609,0.0417713,0.947636]],[[0.885597,-0.370917,-0.279532],[0.282288,0.907783,-0.310231],[0.368824,0.195831,0.908636]],[[0.885597,-0.370917,-0.279532],[0.240128,0.880825,-0.408028],[0.397563,0.294225,0.869123]]],"btipPosition":[-33.2522,316.702,-72.2182],"carpPosition":[4.5657,294.939,64.7131],"dipPosition":[-26.6998,321.551,-57.8937],"direction":[-0.368824,-0.195831,-0.908636],"extended":true,"handId":963,"id":9631,"length":56.7283,"mcpPosition":[-4.97899,327.848,2.56516],"pipPosition":[-18.1003,326.117,-36.7081],"stabilizedTipPosition":[-33.4585,307.012,-56.48],"timeVisible":18.7433,"tipPosition":[-32.3672,315.229,-67.6271],"tipVelocity":[33.1402,211.619,-269.014],"tool":false,"touchDistance":-0.994074,"touchZone":"hovering","type":1,"width":18.6589},{"bases":[[[0.79985,-0.542855,-0.256025],[0.600051,0.73276,0.320939],[0.0133814,-0.410331,0.911838]],[[0.799922,-0.553606,-0.231613],[0.19486,0.604659,-0.77228],[0.567586,0.572632,0.591556]],[[0.799922,-0.553606,-0.231613],[-0.301305,-0.0367323,-0.95282],[0.518979,0.831968,-0.196187]],[[0.799922,-0.553606,-0.231613],[-0.481837,-0.36245,-0.797787],[0.357712,0.749767,-0.556679]]],"btipPosition":[-32.4316,257.006,-12.3568],"carpPosition":[15.5801,292.428,61.0434],"dipPosition":[-25.9472,270.597,-22.448],"direction":[-0.518979,-0.831968,0.196187],"extended":false,"handId":963,"id":9632,"length":64.6373,"mcpPosition":[14.6796,320.044,-0.32449],"pipPosition":[-11.711,293.419,-27.8296],"stabilizedTipPosition":[-33.523,236.288,18.275],"timeVisible":18.7433,"tipPosition":[-30.9952,260.487,-15.7157],"tipVelocity":[6.46389,123.819,-214.837],"tool":false,"touchDistance":0.333333,"touchZone":"none","type":2,"width":18.3255},{"bases":[[[0.745576,-0.651005,-0.14251],[0.655784,0.678649,0.330731],[-0.118593,-0.340041,0.932903]],[[0.741204,-0.661987,-0.111308],[0.336161,0.509564,-0.792048],[0.581044,0.549652,0.600225]],[[0.741204,-0.661987,-0.111308],[-0.203466,-0.063536,-0.977018],[0.639702,0.746817,-0.181785]],[[0.741204,-0.661987,-0.111308],[-0.432879,-0.344622,-0.832977],[0.513061,0.665589,-0.541996]]],"btipPosition":[-18.6955,251.892,-10.0329],"carpPosition":[25.523,286.988,57.5813],"dipPosition":[-9.44838,263.888,-19.8015],"direction":[-0.639702,-0.746817,0.181785],"extended":false,"handId":963,"id":9633,"length":62.1505,"mcpPosition":[32.689,307.535,1.2104],"pipPosition":[7.64608,283.845,-24.6592],"stabilizedTipPosition":[-19.1051,223.962,30.3569],"timeVisible":18.7433,"tipPosition":[-16.5251,254.91,-13.534],"tipVelocity":[6.7717,124.256,-217.72],"tool":false,"touchDistance":0.333333,"touchZone":"none","type":3,"width":17.4379},{"bases":[[[0.608167,-0.789109,-0.0862534],[0.750694,0.536406,0.385651],[-0.258054,-0.29929,0.918604]],[[0.598727,-0.799136,-0.0539325],[0.471843,0.406321,-0.782475],[0.647217,0.443041,0.620342]],[[0.598727,-0.799136,-0.0539325],[-0.156904,-0.0509914,-0.986297],[0.785435,0.598984,-0.155917]],[[0.598727,-0.799136,-0.0539325],[-0.438868,-0.27099,-0.856714],[0.670016,0.536607,-0.512964]]],"btipPosition":[-1.57943,256.861,-7.12953],"carpPosition":[32.0219,275.455,53.9409],"dipPosition":[9.56117,265.783,-15.6588],"direction":[-0.785435,-0.598984,0.155917],"extended":false,"handId":963,"id":9634,"length":48.7249,"mcpPosition":[46.4561,292.196,2.55876],"pipPosition":[24.3802,277.085,-18.6005],"stabilizedTipPosition":[-1.76882,224.451,38.1046],"timeVisible":18.7433,"tipPosition":[1.19189,259.122,-10.3076],"tipVelocity":[6.74748,122.158,-219.222],"tool":false,"touchDistance":0.333333,"touchZone":"none","type":4,"width":15.4897}],"r":[[0.958348,-0.271372,0.0890354],[0.266703,0.961851,0.0609261],[-0.102172,-0.0346423,0.994163]],"s":0.737163,"t":[-2.76561,-18.2712,-23.2772],"timestamp":669204787929},false],[4,{"currentFrameRate":54.2138,"devices":[],"gestures":[],"hands":[{"armBasis":[[0.868646,-0.456626,-0.192214],[0.409262,0.880005,-0.241031],[0.27921,0.130705,0.951293]],"armWidth":61.4671,"confidence":0.612207,"direction":[0.0849197,0.503224,-0.859974],"elbow":[90.5744,311.651,308.494],"grabStrength":0.221444,"id":963,"palmNormal":[-0.481846,-0.734717,-0.477509],"palmPosition":[13.8555,304.105,15.2642],"palmVelocity":[26.7695,89.6081,-195.094],"palmWidth":87.7729,"pinchStrength":0.788537,"r":[[0.957357,-0.275541,0.086861],[0.270873,0.960627,0.0618272],[-0.100477,-0.0356624,0.9943]],"s":0.745971,"sphereCenter":[4.83043,267.639,-24.1056],"sphereRadius":48.6103,"stabilizedPalmPosition":[6.64563,267.809,67.4802],"t":[-2.27247,-16.6682,-26.8125],"timeVisible":18.7611,"type":"right","wrist":[17.853,277.609,60.7266]}],"id":4955027,"interactionBox":{"center":[0,200,0],"size":[235.247,235.247,147.751]},"pointables":[{"bases":[[[0.79849,0.572286,0.186823],[-0.519539,0.498306,0.694097],[0.304127,-0.651291,0.695217]],[[0.563761,0.810336,-0.159775],[-0.677967,0.564507,0.470842],[0.471735,-0.15712,0.867629]],[[0.563761,0.810336,-0.159775],[-0.782727,0.585926,0.209831],[0.26365,0.00676553,0.964595]],[[0.563761,0.810336,-0.159775],[-0.807268,0.581508,0.100831],[0.174618,0.0721365,0.98199]]],"btipPosition":[-46.76,286.518,-32.1309],"carpPosition":[-11.431,280.804,63.5429],"dipPosition":[-42.8178,288.147,-9.96136],"direction":[-0.26365,-0.00676553,-0.964595],"extended":false,"handId":963,"id":9630,"length":50.2737,"mcpPosition":[-11.431,280.804,63.5429],"pipPosition":[-34.1463,288.369,21.7643],"stabilizedTipPosition":[-53.4595,261.389,14.2361],"timeVisible":18.7611,"tipPosition":[-46.7778,288.451,-26.5757],"tipVelocity":[36.1995,73.3472,-180.327],"tool":false,"touchDistance":-0.841119,"touchZone":"hovering","type":0,"width":19.534},{"bases":[[[0.874009,-0.363974,-0.321919],[0.467211,0.811508,0.350954],[0.133502,-0.457141,0.879318]],[[0.879161,-0.38432,-0.281733],[0.354809,0.922606,-0.151355],[0.318097,0.0331039,0.94748]],[[0.879161,-0.38432,-0.281733],[0.300459,0.905963,-0.298253],[0.369865,0.177564,0.91196]],[[0.879161,-0.38432,-0.281733],[0.260406,0.882612,-0.391387],[0.399079,0.270727,0.876038]]],"btipPosition":[-32.5391,318.785,-75.1003],"carpPosition":[5.31945,296.317,62.2718],"dipPosition":[-25.9617,323.247,-60.6619],"direction":[-0.369864,-0.177564,-0.91196],"extended":true,"handId":963,"id":9631,"length":56.7283,"mcpPosition":[-4.15497,328.759,-0.131973],"pipPosition":[-17.338,327.387,-39.3988],"stabilizedTipPosition":[-32.9538,309.668,-59.6549],"timeVisible":18.7611,"tipPosition":[-31.6814,317.272,-70.5514],"tipVelocity":[36.5368,164.771,-217.93],"tool":false,"touchDistance":-0.965839,"touchZone":"hovering","type":1,"width":18.6589},{"bases":[[[0.79147,-0.555363,-0.255241],[0.611064,0.728058,0.310697],[0.0132805,-0.401876,0.915598]],[[0.79154,-0.566006,-0.23044],[0.199669,0.595912,-0.777831],[0.577579,0.569673,0.584702]],[[0.79154,-0.566006,-0.23044],[-0.304907,-0.0389803,-0.951584],[0.529619,0.823479,-0.203433]],[[0.79154,-0.566006,-0.23044],[-0.489263,-0.360986,-0.793921],[0.366178,0.741166,-0.562661]]],"btipPosition":[-32.6344,258.167,-14.4614],"carpPosition":[16.2805,293.632,58.5659],"dipPosition":[-25.9965,271.603,-24.661],"direction":[-0.529619,-0.823479,0.203433],"extended":false,"handId":963,"id":9632,"length":64.6373,"mcpPosition":[15.3867,320.679,-3.05502],"pipPosition":[-11.4685,294.191,-30.2414],"stabilizedTipPosition":[-33.4205,237.347,16.7862],"timeVisible":18.7611,"tipPosition":[-31.1437,261.567,-17.697],"tipVelocity":[-0.996875,95.3104,-170.049],"tool":false,"touchDistance":0.333333,"touchZone":"none","type":2,"width":18.3255},{"bases":[[[0.736466,-0.661742,-0.140412],[0.666162,0.673337,0.320696],[-0.117674,-0.329719,0.936717]],[[0.732122,-0.67239,-0.109033],[0.337935,0.497508,-0.798927],[0.591436,0.548066,0.591461]],[[0.732122,-0.67239,-0.109033],[-0.210244,-0.070804,-0.975082],[0.647915,0.736803,-0.193203]],[[0.732122,-0.67239,-0.109033],[-0.442347,-0.347579,-0.826752],[0.518002,0.653514,-0.5519]]],"btipPosition":[-18.8963,252.867,-11.8821],"carpPosition":[26.1342,288.034,55.1012],"dipPosition":[-9.5601,264.646,-21.8292],"direction":[-0.647915,-0.736803,0.193203],"extended":false,"handId":963,"id":9633,"length":62.1505,"mcpPosition":[33.2447,307.957,-1.5002],"pipPosition":[7.75385,284.335,-26.9921],"stabilizedTipPosition":[-19.02,225.104,28.7487],"timeVisible":18.7611,"tipPosition":[-16.7119,255.817,-15.4064],"tipVelocity":[-1.17192,90.2643,-165.26],"tool":false,"touchDistance":0.333333,"touchZone":"none","type":3,"width":17.4379},{"bases":[[[0.597636,-0.797553,-0.0820984],[0.759568,0.530422,0.376441],[-0.256685,-0.287334,0.922796]],[[0.58778,-0.807592,-0.0480668],[0.471201,0.390034,-0.791102],[0.657636,0.442345,0.609792]],[[0.58778,-0.807592,-0.0480668],[-0.165756,-0.0620613,-0.984212],[0.791859,0.586467,-0.170342]],[[0.58778,-0.807592,-0.0480668],[-0.449262,-0.276416,-0.849563],[0.672814,0.520951,-0.525292]]],"btipPosition":[-1.73484,257.643,-8.9332],"carpPosition":[32.4661,276.386,51.5347],"dipPosition":[9.45229,266.305,-17.6674],"direction":[-0.791859,-0.586467,0.170342],"extended":false,"handId":963,"id":9634,"length":48.7249,"mcpPosition":[46.8238,292.458,-0.0818956],"pipPosition":[24.3925,277.37,-20.8813],"stabilizedTipPosition":[-1.68237,225.618,36.4781],"timeVisible":18.7611,"tipPosition":[1.04155,259.824,-12.1638],"tipVelocity":[-0.245429,83.7773,-165.013],"tool":false,"touchDistance":0.333333,"touchZone":"none","type":4,"width":15.4897}],"r":[[0.957357,-0.275541,0.086861],[0.270873,0.960627,0.0618272],[-0.100477,-0.0356624,0.9943]],"s":0.745971,"t":[-2.27247,-16.6682,-26.8125],"timestamp":669204805738},false],[5,{"currentFrameRate":53.9755,"devices":[],"gestures":[],"hands":[{"armBasis":[[0.864475,-0.465311,-0.190182],[0.420884,0.876872,-0.232277],[0.274846,0.120753,0.953876]],"armWidth":61.4671,"confidence":0.61897,"direction":[0.0804328,0.491893,-0.866932],"elbow":[90.0258,311.449,306.115],"grabStrength":0.198448,"id":963,"palmNormal":[-0.492677,-0.736458,-0.463573],"palmPosition":[14.2063,305.967,11.9297],"palmVelocity":[22.4512,92.8588,-183.656],"palmWidth":87.7729,"pinchStrength":0.80628,"r":[[0.95625,-0.280262,0.083895],[0.275933,0.959326,0.0596257],[-0.0971935,-0.0338677,0.994689]],"s":0.753337,"sphereCenter":[4.14685,269.482,-26.8264],"sphereRadius":48.4503,"stabilizedPalmPosition":[6.80392,268.607,66.3172],"t":[-1.85049,-14.9359,-30.2474],"timeVisible":18.7805,"type":"right","wrist":[18.4411,279.998,57.6743]}],"id":4955028,"interactionBox":{"center":[0,200,0],"size":[235.247,235.247,147.751]},"pointables":[{"bases":[[[0.805031,0.567817,0.171783],[-0.508402,0.511135,0.693014],[0.305701,-0.645232,0.700159]],[[0.568958,0.803483,-0.175218],[-0.668115,0.575855,0.471184],[0.479488,-0.151018,0.864456]],[[0.568958,0.803483,-0.175218],[-0.778594,0.594892,0.199737],[0.264721,0.022782,0.964056]],[[0.568958,0.803483,-0.175218],[-0.805459,0.587448,0.0783703],[0.165901,0.0965418,0.981405]]],"btipPosition":[-46.3265,287.816,-34.7482],"carpPosition":[-10.7857,283.473,60.7419],"dipPosition":[-42.5811,289.996,-12.5919],"direction":[-0.264721,-0.022782,-0.964056],"extended":false,"handId":963,"id":9630,"length":50.2737,"mcpPosition":[-10.7857,283.473,60.7419],"pipPosition":[-33.8743,290.745,19.116],"stabilizedTipPosition":[-53.3266,261.836,13.5064],"timeVisible":18.7805,"tipPosition":[-46.4666,289.837,-29.212],"tipVelocity":[28.1431,73.4494,-157.862],"tool":false,"touchDistance":-0.824645,"touchZone":"hovering","type":0,"width":19.534},{"bases":[[[0.867691,-0.375221,-0.326069],[0.477407,0.811808,0.336229],[0.138545,-0.44741,0.883532]],[[0.872996,-0.394757,-0.286434],[0.365015,0.918324,-0.153117],[0.323484,0.0291178,0.945786]],[[0.872996,-0.394757,-0.286434],[0.312527,0.90364,-0.292852],[0.374439,0.16614,0.912246]],[[0.872996,-0.394757,-0.286434],[0.27372,0.882625,-0.382166],[0.403677,0.255227,0.878581]]],"btipPosition":[-32.5433,321.293,-78.537],"carpPosition":[6.07886,298.828,59.1126],"dipPosition":[-25.8901,325.5,-64.0566],"direction":[-0.374439,-0.16614,-0.912246],"extended":true,"handId":963,"id":9631,"length":56.7283,"mcpPosition":[-3.7535,330.58,-3.59027],"pipPosition":[-17.1598,329.374,-42.7869],"stabilizedTipPosition":[-32.5807,312.089,-62.645],"timeVisible":18.7805,"tipPosition":[-31.682,319.787,-74.0384],"tipVelocity":[18.6525,145.661,-197.484],"tool":false,"touchDistance":-0.948994,"touchZone":"hovering","type":1,"width":18.6589},{"bases":[[[0.784247,-0.565077,-0.256212],[0.620153,0.726666,0.295579],[0.0191558,-0.390697,0.92032]],[[0.784478,-0.575523,-0.231015],[0.198157,0.585603,-0.786005],[0.587647,0.570826,0.573436]],[[0.784478,-0.575523,-0.231015],[-0.31275,-0.0454732,-0.948746],[0.535521,0.81652,-0.215668]],[[0.784478,-0.575523,-0.231015],[-0.498719,-0.364044,-0.786607],[0.368611,0.732287,-0.572609]]],"btipPosition":[-33.0049,260.087,-16.974],"carpPosition":[16.9796,296.007,55.3313],"dipPosition":[-26.3228,273.362,-27.354],"direction":[-0.535521,-0.81652,0.215668],"extended":false,"handId":963,"id":9632,"length":64.6373,"mcpPosition":[15.6904,322.301,-6.60736],"pipPosition":[-11.633,295.76,-33.27],"stabilizedTipPosition":[-33.342,238.384,15.3335],"timeVisible":18.7805,"tipPosition":[-31.4918,263.408,-20.1172],"tipVelocity":[-9.78013,96.2711,-151.005],"tool":false,"touchDistance":0.333333,"touchZone":"none","type":2,"width":18.3255},{"bases":[[[0.729522,-0.669573,-0.139535],[0.674894,0.671612,0.305705],[-0.110979,-0.31719,0.941846]],[[0.725407,-0.679797,-0.10799],[0.333875,0.484703,-0.808449],[0.601924,0.550399,0.578574]],[[0.725407,-0.679797,-0.10799],[-0.220936,-0.0813689,-0.971888],[0.651899,0.728873,-0.209217]],[[0.725407,-0.679797,-0.10799],[-0.453803,-0.354368,-0.81761],[0.51754,0.642106,-0.565555]]],"btipPosition":[-19.2338,254.677,-14.2254],"carpPosition":[26.7513,290.283,51.8383],"dipPosition":[-9.90602,266.25,-24.4187],"direction":[-0.651899,-0.728873,0.209217],"extended":false,"handId":963,"id":9633,"length":62.1505,"mcpPosition":[33.4573,309.45,-5.07301],"pipPosition":[7.5144,285.727,-30.0095],"stabilizedTipPosition":[-18.9536,226.211,27.1922],"timeVisible":18.7805,"tipPosition":[-17.064,257.558,-17.7897],"tipVelocity":[-9.33129,90.6293,-144.634],"tool":false,"touchDistance":0.333333,"touchZone":"none","type":3,"width":17.4379},{"bases":[[[0.590167,-0.803488,-0.0781692],[0.767671,0.528614,0.362282],[-0.249768,-0.273815,0.928785]],[[0.580271,-0.813293,-0.0428932],[0.463698,0.37322,-0.803549],[0.66953,0.446387,0.593691]],[[0.580271,-0.813293,-0.0428932],[-0.180682,-0.0772011,-0.980507],[0.794128,0.57671,-0.191745]],[[0.580271,-0.813293,-0.0428932],[-0.463654,-0.286593,-0.838385],[0.66956,0.506378,-0.543389]]],"btipPosition":[-2.03171,259.329,-11.1957],"carpPosition":[32.9506,278.54,48.3534],"dipPosition":[9.10131,267.749,-20.2308],"direction":[-0.794128,-0.57671,0.191745],"extended":false,"handId":963,"id":9634,"length":48.7249,"mcpPosition":[46.9213,293.856,-3.59826],"pipPosition":[24.0843,278.63,-23.8485],"stabilizedTipPosition":[-1.61634,226.682,34.9925],"timeVisible":18.7805,"tipPosition":[0.718865,261.435,-14.5153],"tipVelocity":[-8.08955,83.987,-142.753],"tool":false,"touchDistance":0.333333,"touchZone":"none","type":4,"width":15.4897}],"r":[[0.95625,-0.280262,0.083895],[0.275933,0.959326,0.0596257],[-0.0971935,-0.0338677,0.994689]],"s":0.753337,"t":[-1.85049,-14.9359,-30.2474],"timestamp":669204825106},false],[6,{"currentFrameRate":54.1513,"devices":[],"gestures":[],"hands":[{"armBasis":[[0.863067,-0.469366,-0.186578],[0.42517,0.874533,-0.233285],[0.272664,0.122013,0.954341]],"armWidth":61.4671,"confidence":0.630978,"direction":[0.076075,0.484134,-0.871681],"elbow":[90.2105,312.976,304.828],"grabStrength":0.177583,"id":963,"palmNormal":[-0.498665,-0.738561,-0.453719],"palmPosition":[14.7296,306.789,10.3306],"palmVelocity":[25.6876,70.8136,-139.371],"palmWidth":87.7729,"pinchStrength":0.820978,"r":[[0.955245,-0.284608,0.0806583],[0.280762,0.958153,0.0558096],[-0.0931669,-0.0306661,0.995178]],"s":0.759572,"sphereCenter":[3.91887,270.402,-27.9623],"sphereRadius":48.2794,"stabilizedPalmPosition":[6.92982,269.214,65.4279],"t":[-1.37785,-13.6589,-32.7644],"timeVisible":18.7983,"type":"right","wrist":[19.1941,281.197,56.2658]}],"id":4955029,"interactionBox":{"center":[0,200,0],"size":[235.247,235.247,147.751]},"pointables":[{"bases":[[[0.808314,0.566257,0.161187],[-0.501579,0.518959,0.692171],[0.308297,-0.64034,0.703504]],[[0.570753,0.799769,-0.186037],[-0.662244,0.582298,0.471553],[0.485463,-0.145938,0.86199]],[[0.570753,0.799769,-0.186037],[-0.777545,0.599236,0.190631],[0.263941,0.0358492,0.963872]],[[0.570753,0.799769,-0.186037],[-0.805823,0.589085,0.0602366],[0.157767,0.115533,0.980694]]],"btipPosition":[-45.6164,288.048,-35.839],"carpPosition":[-9.99721,284.808,59.5103],"dipPosition":[-42.0546,290.656,-13.6988],"direction":[-0.263941,-0.0358492,-0.963872],"extended":false,"handId":963,"id":9630,"length":50.2737,"mcpPosition":[-9.99721,284.808,59.5103],"pipPosition":[-33.3736,291.835,18.0031],"stabilizedTipPosition":[-53.2132,262.193,12.918],"timeVisible":18.7983,"tipPosition":[-45.8523,290.125,-30.3247],"tipVelocity":[32.5121,47.5792,-112.409],"tool":false,"touchDistance":-0.786932,"touchZone":"touching","type":0,"width":19.534},{"bases":[[[0.863965,-0.381246,-0.328962],[0.482767,0.812873,0.325843],[0.143178,-0.440329,0.886347]],[[0.869395,-0.400116,-0.289932],[0.371054,0.916143,-0.151659],[0.3263,0.0242711,0.944955]],[[0.869395,-0.400116,-0.289932],[0.32012,0.903067,-0.286346],[0.376399,0.156135,0.913206]],[[0.869395,-0.400116,-0.289932],[0.282331,0.883802,-0.373073],[0.405514,0.242491,0.881338]]],"btipPosition":[-32.232,322.692,-80.2532],"carpPosition":[6.91167,300.085,57.6296],"dipPosition":[-25.5485,326.689,-65.7274],"direction":[-0.376399,-0.156135,-0.913206],"extended":true,"handId":963,"id":9631,"length":56.7283,"mcpPosition":[-3.24944,331.335,-5.27309],"pipPosition":[-16.7724,330.329,-44.4352],"stabilizedTipPosition":[-32.276,313.951,-64.9499],"timeVisible":18.7983,"tipPosition":[-31.369,321.183,-75.8002],"tipVelocity":[18.2681,112.702,-149.501],"tool":false,"touchDistance":-0.908014,"touchZone":"hovering","type":1,"width":18.6589},{"bases":[[[0.780322,-0.570182,-0.256885],[0.624907,0.726852,0.284918],[0.0242622,-0.382857,0.923489]],[[0.780694,-0.580491,-0.231401],[0.195754,0.578825,-0.791607],[0.593462,0.572705,0.565519]],[[0.780694,-0.580491,-0.231401],[-0.318155,-0.0505027,-0.946692],[0.53786,0.812699,-0.224114]],[[0.780694,-0.580491,-0.231401],[-0.50455,-0.36704,-0.78148],[0.368709,0.72685,-0.579433]]],"btipPosition":[-32.8897,260.86,-17.9995],"carpPosition":[17.7748,297.191,53.7956],"dipPosition":[-26.2059,274.036,-28.5032],"direction":[-0.53786,-0.812699,0.224114],"extended":false,"handId":963,"id":9632,"length":64.6373,"mcpPosition":[16.1419,322.957,-8.35637],"pipPosition":[-11.4518,296.329,-34.6509],"stabilizedTipPosition":[-33.2758,239.233,14.1433],"timeVisible":18.7983,"tipPosition":[-31.3671,264.128,-21.0733],"tipVelocity":[-2.12431,70.7204,-107.71],"tool":false,"touchDistance":0.333333,"touchZone":"none","type":2,"width":18.3255},{"bases":[[[0.726044,-0.673468,-0.138928],[0.679516,0.671682,0.29513],[-0.105445,-0.308681,0.945303]],[[0.722116,-0.683404,-0.107272],[0.3298,0.476413,-0.815023],[0.608095,0.553163,0.569413]],[[0.722116,-0.683404,-0.107272],[-0.22841,-0.0891734,-0.969473],[0.652976,0.724574,-0.22049]],[[0.722116,-0.683404,-0.107272],[-0.461164,-0.359985,-0.811011],[0.515632,0.635114,-0.575112]]],"btipPosition":[-19.0796,255.403,-15.1214],"carpPosition":[27.5003,291.401,50.2829],"dipPosition":[-9.78615,266.85,-25.4869],"direction":[-0.652976,-0.724574,0.22049],"extended":false,"handId":963,"id":9633,"length":62.1505,"mcpPosition":[33.8719,310.053,-6.83729],"pipPosition":[7.66303,286.212,-31.3789],"stabilizedTipPosition":[-18.8955,227.131,25.9003],"timeVisible":18.7983,"tipPosition":[-16.9272,258.24,-18.7102],"tipVelocity":[-1.07595,66.331,-101.215],"tool":false,"touchDistance":0.333333,"touchZone":"none","type":3,"width":17.4379},{"bases":[[[0.586637,-0.80633,-0.0754275],[0.772167,0.528829,0.352277],[-0.244163,-0.264901,0.932851]],[[0.576807,-0.815926,-0.039476],[0.456658,0.362143,-0.812598],[0.677316,0.450686,0.581486]],[[0.576807,-0.815926,-0.039476],[-0.192066,-0.0884911,-0.977384],[0.79398,0.571345,-0.207754]],[[0.576807,-0.815926,-0.039476],[-0.473869,-0.29485,-0.829766],[0.665388,0.497322,-0.556713]]],"btipPosition":[-1.85779,260.001,-11.9812],"carpPosition":[33.6314,279.605,46.8553],"dipPosition":[9.20587,268.27,-21.2379],"direction":[-0.79398,-0.571344,0.207754],"extended":false,"handId":963,"id":9634,"length":48.7249,"mcpPosition":[47.2887,294.422,-5.32375],"pipPosition":[24.1861,279.05,-25.1577],"stabilizedTipPosition":[-1.5599,227.545,33.7892],"timeVisible":18.7983,"tipPosition":[0.865068,262.059,-15.3628],"tipVelocity":[-0.112299,61.2527,-97.6066],"tool":false,"touchDistance":0.333333,"touchZone":"none","type":4,"width":15.4897}],"r":