{"sensorType":"Leap","data":[[0,{"currentFrameRate":54.1316,"devices":[],"gestures":[{"center":[-36.2826,223.76,18.5309],"duration":0,"handIds":[963],"id":4,"normal":[-0.752854,-0.367095,-0.546307],"pointableIds":[9630],"progress":0.813226,"radius":32.9943,"state":"start","type":"circle"}],"hands":[{"armBasis":[[0.952108,-0.13108,-0.276239],[0.077766,0.97755,-0.195827],[0.295706,0.164967,0.940927]],"armWidth":61.4671,"confidence":0.763209,"direction":[-0.116878,0.43997,-0.890374],"elbow":[95.9669,310.357,325.647],"grabStrength":0,"id":963,"palmNormal":[-0.183396,-0.890661,-0.416039],"palmPosition":[4.91934,287.44,33.8241],"palmVelocity":[-38.6706,189.653,-209.576],"palmWidth":87.7729,"pinchStrength":0.431888,"r":[[0.991698,0.120439,0.0450447],[-0.118335,0.991872,-0.0467681],[-0.0503112,0.0410494,0.99789]],"s":0.891452,"sphereCenter":[7.60488,248.279,-5.22536],"sphereRadius":51.4498,"stabilizedPalmPosition":[7.64271,272.176,49.0416],"t":[-9.99975,-35.2253,-7.92199],"timeVisible":28.5079,"type":"right","wrist":[18.9491,267.391,80.5793]}],"id":4955553,"interactionBox":{"center":[0,200,0],"size":[235.247,235.247,147.751]},"pointables":[{"bases":[[[0.533994,0.836343,0.124017],[-0.657902,0.318893,0.682255],[0.531051,-0.445912,0.720519]],[[0.346841,0.93243,-0.101367],[-0.735638,0.337488,0.587314],[0.58184,-0.129135,0.802986]],[[0.346841,0.93243,-0.101367],[-0.907869,0.360901,0.213364],[0.235531,0.0180245,0.9717]],[[0.346841,0.93243,-0.101367],[-0.899723,0.361296,0.244874],[0.264951,0.00626986,0.964241]]],"btipPosition":[-51.163,265.296,-8.1284],"carpPosition":[-9.41769,259.812,84.2657],"dipPosition":[-45.1815,265.438,13.6404],"direction":[-0.235531,-0.0180245,-0.9717],"extended":false,"handId":963,"id":9630,"length":50.2737,"mcpPosition":[-9.41769,259.812,84.2657],"pipPosition":[-37.4348,266.031,45.5998],"stabilizedTipPosition":[-47.4149,249.721,13.8387],"timeVisible":28.5079,"tipPosition":[-50.0682,267.075,-2.75533],"tipVelocity":[-34.0507,196.8,-229.349],"tool":false,"touchDistance":-0.430743,"touchZone":"hovering","type":0,"width":19.534},{"bases":[[[0.942586,-0.0391657,-0.33166],[0.139965,0.948002,0.285835],[0.303219,-0.315844,0.899055]],[[0.97105,-0.0749843,-0.226802],[0.103456,0.987804,0.116362],[0.21531,-0.136457,0.966965]],[[0.97105,-0.0749843,-0.226802],[0.0310469,0.981018,-0.191413],[0.23685,0.178831,0.954946]],[[0.97105,-0.0749843,-0.226802],[-0.0259904,0.910653,-0.412354],[0.237458,0.406311,0.882341]]],"btipPosition":[-39.4491,297.465,-59.2018],"carpPosition":[0.429076,280.261,81.4848],"dipPosition":[-35.5354,304.162,-44.6594],"direction":[-0.23685,-0.178831,-0.954946],"extended":true,"handId":963,"id":9631,"length":56.7283,"mcpPosition":[-21.0899,302.676,17.6802],"pipPosition":[-30.0131,308.332,-22.3941],"stabilizedTipPosition":[-37.999,293.783,-51.7698],"timeVisible":28.5079,"tipPosition":[-38.4611,298.076,-55.43],"tipVelocity":[-26.1542,287.981,-223.328],"tool":false,"touchDistance":-0.160943,"touchZone":"hovering","type":1,"width":18.6589},{"bases":[[[0.937122,-0.242511,-0.25098],[0.303928,0.920569,0.245318],[0.171552,-0.306173,0.936391]],[[0.941763,-0.251413,-0.223324],[-0.0268604,0.605744,-0.795206],[0.335202,0.754895,0.563714]],[[0.941763,-0.251413,-0.223324],[-0.217474,0.0511873,-0.974723],[0.25649,0.966525,-0.00646964]],[[0.941763,-0.251413,-0.223324],[-0.284062,-0.23934,-0.928453],[0.179975,0.937821,-0.296818]]],"btipPosition":[-25.8675,223.53,-6.12658],"carpPosition":[11.5621,281.537,77.5462],"dipPosition":[-22.605,240.531,-11.5072],"direction":[-0.25649,-0.966525,0.00646964],"extended":false,"handId":963,"id":9632,"length":64.6373,"mcpPosition":[0.0164512,302.143,14.5259],"pipPosition":[-15.5692,267.044,-11.6846],"stabilizedTipPosition":[-21.5779,214.756,5.6868],"timeVisible":28.5079,"tipPosition":[-25.0815,227.535,-7.31286],"tipVelocity":[-57.223,215.147,-234.927],"tool":false,"touchDistance":0.333333,"touchZone":"none","type":2,"width":18.3255},{"bases":[[[0.926557,-0.353625,-0.128221],[0.375419,0.890661,0.256485],[0.0235023,-0.285784,0.958006]],[[0.926843,-0.359325,-0.108848],[0.107758,0.532306,-0.839666],[0.359653,0.766509,0.532084]],[[0.926843,-0.359325,-0.108848],[-0.122876,-0.0163591,-0.992287],[0.354773,0.933069,-0.0593146]],[[0.926843,-0.359325,-0.108848],[-0.220376,-0.285945,-0.932561],[0.303968,0.888325,-0.344213]]],"btipPosition":[-9.13869,223.007,1.02692],"carpPosition":[22.7414,279.719,74.0585],"dipPosition":[-3.66015,239.018,-5.17696],"direction":[-0.354773,-0.933069,0.0593146],"extended":false,"handId":963,"id":9633,"length":62.1505,"mcpPosition":[21.3213,296.988,16.1708],"pipPosition":[5.82028,263.952,-6.762],"stabilizedTipPosition":[-3.02026,210.991,15.6896],"timeVisible":28.5079,"tipPosition":[-7.82904,226.804,-0.419047],"tipVelocity":[-58.342,205.616,-231.708],"tool":false,"touchDistance":0.333333,"touchZone":"none","type":3,"width":17.4379},{"bases":[[[0.848198,-0.526594,-0.0570852],[0.515554,0.796046,0.317042],[-0.12151,-0.298345,0.946692]],[[0.826313,-0.559802,0.0618824],[0.365924,0.450088,-0.814568],[0.428144,0.695732,0.576758]],[[0.826313,-0.559802,0.0618824],[0.0453943,-0.0433199,-0.998029],[0.561379,0.827493,-0.010384]],[[0.826313,-0.559802,0.0618824],[-0.118695,-0.280495,-0.952488],[0.550562,0.779708,-0.298223]]],"btipPosition":[5.319,235.371,3.47863],"carpPosition":[32.872,270.99,70.95],"dipPosition":[14.4734,248.335,-1.48003],"direction":[-0.561379,-0.827493,0.010384],"extended":false,"handId":963,"id":9634,"length":48.7249,"mcpPosition":[39.6687,287.678,17.9967],"pipPosition":[25.0651,263.948,-1.67595],"stabilizedTipPosition":[12.0059,222.333,19.0002],"timeVisible":28.5079,"tipPosition":[7.44445,238.44,2.41439],"tipVelocity":[-54.1021,199.478,-227.509],"tool":false,"touchDistance":0.333333,"touchZone":"none","type":4,"width":15.4897}],"r":[[0.991698,0.120439,0.0450447],[-0.118335,0.991872,-0.0467681],[-0.0503112,0.0410494,0.99789]],"s":0.891452,"t":[-9.99975,-35.2253,-7.92199],"timestamp":669214552549},false],[1,{"currentFrameRate":54.1318,"devices":[],"gestures":[{"center":[-37.6909,226.005,18.4616],"duration":18473,"handIds":[963],"id":4,"normal":[-0.744883,-0.384561,-0.545217],"pointableIds":[9630],"progress":0.819668,"radius":33.7752,"state":"update","type":"circle"}],"hands":[{"armBasis":[[0.955197,-0.115119,-0.272667],[0.0611138,0.978119,-0.198868],[0.289594,0.173295,0.941331]],"armWidth":61.4671,"confidence":0.554099,"direction":[-0.120721,0.439764,-0.889963],"elbow":[94.4003,315.696,322.993],"grabStrength":0,"id":963,"palmNormal":[-0.166856,-0.892754,-0.418509],"palmPosition":[4.79498,290.468,31.0488],"palmVelocity":[-23.2579,177.226,-180.939],"palmWidth":87.7729,"pinchStrength":0.431762,"r":[[0.992043,0.116343,0.0481182],[-0.114503,0.992642,-0.0393791],[-0.0523456,0.0335561,0.998065]],"s":0.894656,"sphereCenter":[8.03095,251.619,-8.06116],"sphereRadius":51.4122,"stabilizedPalmPosition":[7.23575,274.79,46.4703],"t":[-10.4198,-31.9639,-11.2426],"timeVisible":28.5264,"type":"right","wrist":[18.9744,270.56,77.8196]}],"id":4955554,"interactionBox":{"center":[0,200,0],"size":[235.247,235.247,147.751]},"pointables":[{"bases":[[[0.519455,0.844891,0.12777],[-0.665808,0.306476,0.680274],[0.535599,-0.438442,0.721735]],[[0.331209,0.938392,-0.098597],[-0.743196,0.323831,0.585485],[0.581344,-0.120641,0.804665]],[[0.331209,0.938392,-0.098597],[-0.914573,0.344978,0.211061],[0.232071,0.0202691,0.972488]],[[0.331209,0.938392,-0.098597],[-0.906786,0.345446,0.241674],[0.260845,0.00936199,0.965335]]],"btipPosition":[-50.791,267.433,-11.1465],"carpPosition":[-9.27606,262.502,81.379],"dipPosition":[-44.9022,267.645,10.647],"direction":[-0.232071,-0.0202691,-0.972488],"extended":false,"handId":963,"id":9630,"length":50.2737,"mcpPosition":[-9.27606,262.502,81.379],"pipPosition":[-37.2693,268.311,42.6322],"stabilizedTipPosition":[-47.6589,251.864,11.4283],"timeVisible":28.5264,"tipPosition":[-49.7176,269.17,-5.78824],"tipVelocity":[-8.45794,158.078,-197.366],"tool":false,"touchDistance":-0.461189,"touchZone":"hovering","type":0,"width":19.534},{"bases":[[[0.944402,-0.0227448,-0.328007],[0.122984,0.949625,0.288247],[0.304927,-0.312561,0.899625]],[[0.972895,-0.058053,-0.223842],[0.0878029,0.988222,0.125329],[0.21393,-0.141586,0.966534]],[[0.972895,-0.058053,-0.223842],[0.0194321,0.985076,-0.171019],[0.230429,0.162034,0.959504]],[[0.972895,-0.058053,-0.223842],[-0.0337682,0.921935,-0.38587],[0.228768,0.38297,0.894985]]],"btipPosition":[-39.4108,301.078,-62.3466],"carpPosition":[0.238485,283.118,78.6772],"dipPosition":[-35.6404,307.39,-47.5959],"direction":[-0.230429,-0.162034,-0.959504],"extended":true,"handId":963,"id":9631,"length":56.7283,"mcpPosition":[-21.4017,305.3,14.8322],"pipPosition":[-30.2677,311.168,-25.2242],"stabilizedTipPosition":[-38.3049,298.695,-55.8045],"timeVisible":28.5264,"tipPosition":[-38.4417,301.384,-58.5135],"tipVelocity":[-13.3928,241.077,-196.456],"tool":false,"touchDistance":-0.215415,"touchZone":"hovering","type":1,"width":18.6589},{"bases":[[[0.94202,-0.226316,-0.247749],[0.28754,0.925016,0.248325],[0.172972,-0.305165,0.936459]],[[0.946737,-0.23527,-0.219858],[-0.033766,0.606473,-0.794387],[0.320233,0.759499,0.566226]],[[0.946737,-0.23527,-0.219858],[-0.214298,0.0492761,-0.975525],[0.240346,0.97068,-0.00376643]],[[0.946737,-0.23527,-0.219858],[-0.27619,-0.242257,-0.93007],[0.165556,0.941254,-0.294333]]],"btipPosition":[-24.7609,226.123,-9.12814],"carpPosition":[11.364,284.588,74.7852],"dipPosition":[-21.7598,243.186,-14.4637],"direction":[-0.240346,-0.97068,0.00376643],"extended":false,"handId":963,"id":9632,"length":64.6373,"mcpPosition":[-0.277199,305.126,11.7603],"pipPosition":[-15.1668,269.812,-14.567],"stabilizedTipPosition":[-22.0439,217.614,2.68794],"timeVisible":28.5264,"tipPosition":[-24.0386,230.145,-10.3128],"tipVelocity":[-2.27152,179.425,-199.697],"tool":false,"touchDistance":0.333333,"touchZone":"none","type":2,"width":18.3255},{"bases":[[[0.932832,-0.337841,-0.125252],[0.359476,0.896284,0.259716],[0.0245183,-0.287296,0.957528]],[[0.933137,-0.343584,-0.105853],[0.101541,0.534311,-0.839167],[0.344883,0.77231,0.533473]],[[0.933137,-0.343584,-0.105853],[-0.119132,-0.0177055,-0.992721],[0.339209,0.938955,-0.0574534]],[[0.933137,-0.343584,-0.105853],[-0.21214,-0.288496,-0.933685],[0.290261,0.893712,-0.342094]]],"btipPosition":[-8.05624,225.839,-1.81235],"carpPosition":[22.5857,282.964,71.3382],"dipPosition":[-2.82475,241.946,-7.97805],"direction":[-0.339209,-0.938955,0.0574534],"extended":false,"handId":963,"id":9633,"length":62.1505,"mcpPosition":[21.1042,300.324,13.4793],"pipPosition":[6.23977,267.038,-9.51335],"stabilizedTipPosition":[-3.61974,213.893,12.7303],"timeVisible":28.5264,"tipPosition":[-6.80694,229.669,-3.29195],"tipVelocity":[-3.39523,180.95,-193.834],"tool":false,"touchDistance":0.333333,"touchZone":"none","type":3,"width":17.4379},{"bases":[[[0.857095,-0.512238,-0.0547656],[0.500934,0.803899,0.320641],[-0.120219,-0.302254,0.945616]],[[0.834945,-0.546417,0.0655321],[0.362563,0.45657,-0.812461],[0.414023,0.70212,0.579321]],[[0.834945,-0.546417,0.0655321],[0.051146,-0.0415171,-0.997828],[0.547951,0.836483,-0.00671745]],[[0.834945,-0.546417,0.0655321],[-0.109172,-0.281164,-0.95343],[0.539396,0.788907,-0.29441]]],"btipPosition":[6.16828,238.47,0.621375],"carpPosition":[32.8728,274.412,68.2525],"dipPosition":[15.137,251.588,-4.27389],"direction":[-0.547951,-0.836483,0.00671745],"extended":false,"handId":963,"id":9634,"length":48.7249,"mcpPosition":[39.5973,291.319,15.3595],"pipPosition":[25.4754,267.37,-4.40063],"stabilizedTipPosition":[11.4576,225.115,16.1673],"timeVisible":28.5264,"tipPosition":[8.25335,241.576,-0.437132],"tipVelocity":[-6.92351,185.109,-191.979],"tool":false,"touchDistance":0.333333,"touchZone":"none","type":4,"width":15.4897}],"r":[[0.992043,0.116343,0.0481182],[-0.114503,0.992642,-0.0393791],[-0.0523456,0.0335561,0.998065]],"s":0.894656,"t":[-10.4198,-31.9639,-11.2426],"timestamp":669214571022},false],[2,{"currentFrameRate":54.1841,"devices":[],"gestures":[{"center":[-37.6909,226.005,18.4616],"duration":18473,"handIds":[963],"id":4,"normal":[-0.744883,-0.384561,-0.545217],"pointableIds":[9630],"progress":0.819668,"radius":33.7752,"state":"update","type":"circle"}],"hands":[{"armBasis":[[0.952429,-0.12519,-0.277862],[0.0753171,0.980142,-0.183435],[0.295308,0.153781,0.942945]],"armWidth":61.4671,"confidence":0.587239,"direction":[-0.11242,0.44495,-0.888471],"elbow":[94.9579,312.453,320.795],"grabStrength":0,"id":963,"palmNormal":[-0.175619,-0.888961,-0.422974],"palmPosition":[4.26428,292.672,28.4674],"palmVelocity":[-26.0295,150.109,-161.95],"palmWidth":87.7729,"pinchStrength":0.4322,"r":[[0.992524,0.110714,0.0513619],[-0.109131,0.99349,-0.0326766],[-0.0546453,0.0268272,0.998145]],"s":0.898179,"sphereCenter":[6.9243,254.134,-10.7818],"sphereRadius":51.3511,"stabilizedPalmPosition":[6.84813,277.122,44.1219],"t":[-10.8952,-29.2314,-14.1936],"timeVisible":28.5447,"type":"right","wrist":[18.0438,272.401,75.2018]}],"id":4955555,"interactionBox":{"center":[0,200,0],"size":[235.247,235.247,147.751]},"pointables":[{"bases":[[[0.528693,0.838282,0.133291],[-0.66469,0.311213,0.679215],[0.527892,-0.447694,0.721734]],[[0.342104,0.934987,-0.0936178],[-0.741492,0.329811,0.584306],[0.577195,-0.130477,0.806115]],[[0.342104,0.934987,-0.0936178],[-0.911324,0.354419,0.209465],[0.229027,0.0136572,0.973324]],[[0.342104,0.934987,-0.0936178],[-0.90391,0.354671,0.239071],[0.256731,0.00283509,0.966479]]],"btipPosition":[-51.4326,270.423,-14.0235],"carpPosition":[-10.3104,264.654,78.6252],"dipPosition":[-45.6366,270.487,7.79582],"direction":[-0.229027,-0.0136572,-0.973324],"extended":false,"handId":963,"id":9630,"length":50.2737,"mcpPosition":[-10.3104,264.654,78.6252],"pipPosition":[-38.1039,270.937,39.8085],"stabilizedTipPosition":[-47.936,253.973,9.1083],"timeVisible":28.5447,"tipPosition":[-50.3527,272.095,-8.66369],"tipVelocity":[-21.7813,159.855,-178.103],"tool":false,"touchDistance":-0.48647,"touchZone":"hovering","type":0,"width":19.534},{"bases":[[[0.945258,-0.0322336,-0.324727],[0.132877,0.946895,0.292804],[0.298044,-0.319924,0.899343]],[[0.972731,-0.0679276,-0.221764],[0.0997264,0.985746,0.135494],[0.2094,-0.153915,0.965641]],[[0.972731,-0.0679276,-0.221764],[0.034734,0.988032,-0.150285],[0.229319,0.138484,0.96345]],[[0.972731,-0.0679276,-0.221764],[-0.0167622,0.933061,-0.359326],[0.231328,0.353245,0.90648]]],"btipPosition":[-39.5384,305.203,-65.2013],"carpPosition":[-0.549095,285.17,76.0469],"dipPosition":[-35.7258,311.025,-50.2612],"direction":[-0.229319,-0.138484,-0.96345],"extended":true,"handId":963,"id":9631,"length":56.7283,"mcpPosition":[-21.7008,307.875,12.2219],"pipPosition":[-30.3791,314.253,-27.7975],"stabilizedTipPosition":[-38.4974,302.931,-59.0222],"timeVisible":28.5447,"tipPosition":[-38.5656,305.243,-61.3325],"tipVelocity":[-10.0708,230.774,-176.059],"tool":false,"touchDistance":-0.263311,"touchZone":"hovering","type":1,"width":18.6589},{"bases":[[[0.94024,-0.236107,-0.245363],[0.297283,0.92056,0.253364],[0.16605,-0.311165,0.935737]],[[0.944783,-0.245304,-0.217279],[-0.0238118,0.609907,-0.792115],[0.326829,0.753551,0.570389]],[[0.944783,-0.245304,-0.217279],[-0.210019,0.0557064,-0.976109],[0.251547,0.967844,0.0011119]],[[0.944783,-0.245304,-0.217279],[-0.275419,-0.235139,-0.932124],[0.177563,0.940498,-0.289716]]],"btipPosition":[-25.884,228.835,-12.0748],"carpPosition":[10.6067,286.528,72.2011],"dipPosition":[-22.6652,245.884,-17.3266],"direction":[-0.251547,-0.967844,-0.0011119],"extended":false,"handId":963,"id":9632,"length":64.6373,"mcpPosition":[-0.568716,307.47,9.22479],"pipPosition":[-15.765,272.433,-17.2961],"stabilizedTipPosition":[-22.568,220.174,-0.0120948],"timeVisible":28.5447,"tipPosition":[-25.1123,232.855,-13.2479],"tipVelocity":[-29.3059,164.496,-180.795],"tool":false,"touchDistance":0.333333,"touchZone":"none","type":2,"width":18.3255},{"bases":[[[0.929323,-0.348044,-0.123384],[0.368841,0.89095,0.264886],[0.0177371,-0.291674,0.956353]],[[0.929491,-0.354063,-0.103371],[0.112649,0.539365,-0.834503],[0.351221,0.764019,0.54122]],[[0.929491,-0.354063,-0.103371],[-0.113513,-0.00793743,-0.993505],[0.350943,0.935188,-0.0475687]],[[0.929491,-0.354063,-0.103371],[-0.210215,-0.278229,-0.937229],[0.303078,0.892876,-0.33304]]],"btipPosition":[-9.22865,228.402,-5.05363],"carpPosition":[21.8213,284.79,68.7871],"dipPosition":[-3.76616,244.494,-11.0561],"direction":[-0.350943,-0.935188,0.0475687],"extended":false,"handId":963,"id":9633,"length":62.1505,"mcpPosition":[20.7495,302.414,10.9992],"pipPosition":[5.61193,269.485,-12.3273],"stabilizedTipPosition":[-4.23294,216.458,10.0304],"timeVisible":28.5447,"tipPosition":[-7.92205,232.194,-6.37086],"tipVelocity":[-31.1027,161.383,-184.981],"tool":false,"touchDistance":0.333333,"touchZone":"none","type":3,"width":17.4379},{"bases":[[[0.851327,-0.521857,-0.0539269],[0.509003,0.796678,0.325915],[-0.127119,-0.304909,0.94386]],[[0.827988,-0.556657,0.0675889],[0.371757,0.454691,-0.809353],[0.4198,0.695262,0.58342]],[[0.827988,-0.556657,0.0675889],[0.055367,-0.038787,-0.997712],[0.558005,0.829836,-0.00129474]],[[0.827988,-0.556657,0.0675889],[-0.107918,-0.276469,-0.954944],[0.550263,0.783389,-0.288986]]],"btipPosition":[5.13423,240.79,-2.16406],"carpPosition":[32.0203,276.133,65.7012],"dipPosition":[14.2836,253.816,-6.96914],"direction":[-0.558005,-0.829836,0.00129474],"extended":false,"handId":963,"id":9634,"length":48.7249,"mcpPosition":[39.1307,293.188,12.9063],"pipPosition":[24.8117,269.473,-6.99357],"stabilizedTipPosition":[10.8918,227.619,13.5608],"timeVisible":28.5447,"tipPosition":[7.26524,243.875,-3.20933],"tipVelocity":[-29.6189,156.724,-172.508],"tool":false,"touchDistance":0.333333,"touchZone":"none","type":4,"width":15.4897}],"r":[[0.992524,0.110714,0.0513619],[-0.109131,0.99349,-0.0326766],[-0.0546453,0.0268272,0.998145]],"s":0.898179,"t":[-10.8952,-29.2314,-14.1936],"timestamp":669214589293},false],[3,{"currentFrameRate":54.169,"devices":[],"gestures":[{"center":[-37.6909,226.005,18.4616],"duration":18473,"handIds":[963],"id":4,"normal":[-0.744883,-0.384561,-0.545217],"pointableIds":[9630],"progress":0.819668,"radius":33.7752,"state":"update","type":"circle"}],"hands":[{"armBasis":[[0.950553,-0.132245,-0.281],[0.0826213,0.979883,-0.181667],[0.299371,0.149468,0.942357]],"armWidth":61.4671,"confidence":0.612738,"direction":[-0.110155,0.448174,-0.887134],"elbow":[95.7724,312.85,318.22],"grabStrength":0,"id":963,"palmNormal":[-0.183193,-0.886428,-0.425071],"palmPosition":[4.11528,294.423,26.1183],"palmVelocity":[-17.3384,123.285,-145.001],"palmWidth":87.7729,"pinchStrength":0.433294,"r":[[0.993063,0.104602,0.0537041],[-0.103286,0.994292,-0.0267441],[-0.0561951,0.0210117,0.998199]],"s":0.901732,"sphereCenter":[6.18436,256.132,-13.2185],"sphereRadius":51.2958,"stabilizedPalmPosition":[6.53822,279.084,42.0802],"t":[-11.2074,-26.9894,-16.8436],"timeVisible":28.5632,"type":"right","wrist":[17.8,273.921,72.7795]}],"id":4955556,"interactionBox":{"center":[0,200,0],"size":[235.247,235.247,147.751]},"pointables":[{"bases":[[[0.535454,0.833744,0.134757],[-0.661276,0.314626,0.680973],[0.52536,-0.453741,0.719803]],[[0.34892,0.932619,-0.0920652],[-0.738271,0.334054,0.585972],[0.577244,-0.136488,0.805084]],[[0.34892,0.932619,-0.0920652],[-0.908237,0.360733,0.212078],[0.230999,0.00961894,0.972906]],[[0.34892,0.932619,-0.0920652],[-0.901191,0.36086,0.240071],[0.257117,-0.00079694,0.96638]]],"btipPosition":[-51.8075,272.662,-16.3606],"carpPosition":[-10.6094,266.388,76.2225],"dipPosition":[-46.0028,272.644,5.4565],"direction":[-0.230999,-0.00961894,-0.972906],"extended":false,"handId":963,"id":9630,"length":50.2737,"mcpPosition":[-10.6094,266.388,76.2225],"pipPosition":[-38.4053,272.96,37.4555],"stabilizedTipPosition":[-48.2142,256.022,6.8654],"timeVisible":28.5632,"tipPosition":[-50.704,274.281,-11.0058],"tipVelocity":[-20.9898,140.538,-153.046],"tool":false,"touchDistance":-0.50122,"touchZone":"hovering","type":0,"width":19.534},{"bases":[[[0.944523,-0.0388014,-0.326146],[0.140727,0.945041,0.295115],[0.296771,-0.32464,0.898073]],[[0.971645,-0.0746256,-0.22436],[0.108483,0.983821,0.142576],[0.21009,-0.162872,0.96402]],[[0.971645,-0.0746256,-0.22436],[0.045356,0.990092,-0.132895],[0.232055,0.118951,0.965402]],[[0.971645,-0.0746256,-0.22436],[-0.00521166,0.941898,-0.33586],[0.236388,0.327506,0.914801]]],"btipPosition":[-39.7655,308.452,-67.589],"carpPosition":[-0.690691,286.834,73.6846],"dipPosition":[-35.8695,313.85,-52.5117],"direction":[-0.232055,-0.118951,-0.965402],"extended":true,"handId":963,"id":9631,"length":56.7283,"mcpPosition":[-21.7521,309.873,9.94971],"pipPosition":[-30.4589,316.623,-30.0026],"stabilizedTipPosition":[-38.6953,306.528,-61.7344],"timeVisible":28.5632,"tipPosition":[-38.7776,308.287,-63.7012],"tipVelocity":[-10.6299,201.51,-152.475],"tool":false,"touchDistance":-0.300656,"touchZone":"hovering","type":1,"width":18.6589},{"bases":[[[0.938011,-0.242839,-0.247314],[0.304865,0.91752,0.255373],[0.164901,-0.31494,0.934677]],[[0.942551,-0.252212,-0.219057],[-0.0200411,0.611867,-0.790707],[0.33346,0.749672,0.571662]],[[0.942551,-0.252212,-0.219057],[-0.210782,0.0597219,-0.975707],[0.259168,0.965827,0.00312913]],[[0.942551,-0.252212,-0.219057],[-0.278392,-0.230577,-0.93238],[0.184648,0.9398,-0.287545]]],"btipPosition":[-26.589,230.923,-14.5318],"carpPosition":[10.4701,288.114,69.8266],"dipPosition":[-23.2418,247.96,-19.7443],"direction":[-0.259168,-0.965827,-0.00312913],"extended":false,"handId":963,"id":9632,"length":64.6373,"mcpPosition":[-0.627975,309.31,6.92167],"pipPosition":[-16.1326,274.453,-19.6584],"stabilizedTipPosition":[-23.0678,222.429,-2.42877],"timeVisible":28.5632,"tipPosition":[-25.7884,234.942,-15.7032],"tipVelocity":[-32.7757,139.437,-157.318],"tool":false,"touchDistance":0.333333,"touchZone":"none","type":2,"width":18.3255},{"bases":[[[0.926385,-0.355009,-0.125616],[0.376204,0.887318,0.266716],[0.0167742,-0.294339,0.955554]],[[0.926532,-0.361261,-0.105022],[0.117521,0.543103,-0.831401],[0.357391,0.757977,0.545658]],[[0.926532,-0.361261,-0.105022],[-0.112867,-0.000619852,-0.99361],[0.358888,0.932464,-0.0413486]],[[0.926532,-0.361261,-0.105022],[-0.21195,-0.270596,-0.939071],[0.310832,0.892339,-0.327285]]],"btipPosition":[-9.94384,230.413,-7.86144],"carpPosition":[21.6659,286.297,66.3922],"dipPosition":[-4.34159,246.496,-13.7602],"direction":[-0.358888,-0.932464,0.0413486],"extended":false,"handId":963,"id":9633,"length":62.1505,"mcpPosition":[20.6523,304.082,8.65262],"pipPosition":[5.24881,271.413,-14.8652],"stabilizedTipPosition":[-4.77922,218.639,7.65265],"timeVisible":28.5632,"tipPosition":[-8.6033,234.172,-9.05009],"tipVelocity":[-33.9015,135.82,-168.253],"tool":false,"touchDistance":0.333333,"touchZone":"none","type":3,"width":17.4379},{"bases":[[[0.847121,-0.528387,-0.0565072],[0.515705,0.791786,0.327298],[-0.128198,-0.306402,0.94323]],[[0.823332,-0.563671,0.066331],[0.375382,0.45316,-0.808538],[0.425691,0.690595,0.584693]],[[0.823332,-0.563671,0.066331],[0.0550402,-0.0370226,-0.997798],[0.564885,0.82517,0.000542611]],[[0.823332,-0.563671,0.066331],[-0.110137,-0.273324,-0.955596],[0.556771,0.779467,-0.287117]]],"btipPosition":[4.52757,242.622,-4.67016],"carpPosition":[31.7922,277.568,63.269],"dipPosition":[13.7852,255.582,-9.44417],"direction":[-0.564885,-0.82517,-0.000542611],"extended":false,"handId":963,"id":9634,"length":48.7249,"mcpPosition":[38.9629,294.706,10.5094],"pipPosition":[24.4431,271.151,-9.43393],"stabilizedTipPosition":[10.3891,229.754,11.2662],"timeVisible":28.5632,"tipPosition":[6.68577,245.688,-5.70264],"tipVelocity":[-30.4908,128.391,-154.368],"tool":false,"touchDistance":0.333333,"touchZone":"none","type":4,"width":15.4897}],"r":[[0.993063,0.104602,0.0537041],[-0.103286,0.994292,-0.0267441],[-0.0561951,0.0210117,0.998199]],"s":0.901732,"t":[-11.2074,-26.9894,-16.8436],"timestamp":669214607807},false],[4,{"currentFrameRate":54.1263,"devices":[],"gestures":[{"center":[-37.6909,226.005,18.4616],"duration":18473,"handIds":[963],"id":4,"normal":[-0.744883,-0.384561,-0.545217],"pointableIds":[9630],"progress":0.819668,"radius":33.7752,"state":"update","type":"circle"}],"hands":[{"armBasis":[[0.950489,-0.127874,-0.28323],[0.0768603,0.979833,-0.184444],[0.301104,0.153543,0.941149]],"armWidth":61.4671,"confidence":0.630315,"direction":[-0.111286,0.44661,-0.887781],"elbow":[95.8497,316.148,314.57],"grabStrength":0,"id":963,"palmNormal":[-0.177351,-0.887915,-0.424446],"palmPosition":[3.69979,296.531,22.7392],"palmVelocity":[-19.75,118.381,-162.679],"palmWidth":87.7729,"pinchStrength":0.430781,"r":[[0.993331,0.100863,0.0558533],[-0.0997587,0.994763,-0.022228],[-0.0578028,0.0165079,0.998192]],"s":0.905559,"sphereCenter":[5.7956,258.399,-16.5183],"sphereRadius":51.2157,"stabilizedPalmPosition":[6.28092,280.666,40.3271],"t":[-11.5712,-24.8144,-19.8582],"timeVisible":28.5818,"type":"right","wrist":[17.4261,276.157,69.4441]}],"id":4955557,"interactionBox":{"center":[0,200,0],"size":[235.247,235.247,147.751]},"pointables":[{"bases":[[[0.530391,0.836973,0.134766],[-0.664211,0.311491,0.679557],[0.526792,-0.449944,0.721138]],[[0.34343,0.93459,-0.0927174],[-0.741289,0.33036,0.584254],[0.576669,-0.13192,0.806257]],[[0.34343,0.93459,-0.0927174],[-0.910608,0.355521,0.210708],[0.229888,0.0120658,0.973142]],[[0.34343,0.93459,-0.0927174],[-0.903848,0.355719,0.237743],[0.255174,0.00215437,0.966893]]],"btipPosition":[-52.0348,274.37,-19.8106],"carpPosition":[-10.9448,268.463,72.8483],"dipPosition":[-46.274,274.418,2.01808],"direction":[-0.229888,-0.0120658,-0.973142],"extended":false,"handId":963,"id":9630,"length":50.2737,"mcpPosition":[-10.9448,268.463,72.8483],"pipPosition":[-38.713,274.815,34.0248],"stabilizedTipPosition":[-48.4298,257.609,4.99386],"timeVisible":28.5818,"tipPosition":[-50.9407,275.973,-14.4633],"tipVelocity":[-16.988,117.232,-168.596],"tool":false,"touchDistance":-0.531141,"touchZone":"hovering","type":0,"width":19.534},{"bases":[[[0.945268,-0.0336628,-0.324553],[0.134761,0.946146,0.294359],[0.297165,-0.321986,0.898898]],[[0.972217,-0.0688709,-0.223722],[0.103356,0.983829,0.146284],[0.21003,-0.165343,0.963613]],[[0.972217,-0.0688709,-0.223722],[0.0427663,0.991912,-0.119504],[0.230143,0.106616,0.967299]],[[0.972217,-0.0688709,-0.223722],[-0.00562727,0.948587,-0.316468],[0.234015,0.308934,0.921844]]],"btipPosition":[-40.1572,311.089,-71.1702],"carpPosition":[-1.14057,288.963,70.3054],"dipPosition":[-36.3003,316.181,-55.9768],"direction":[-0.230143,-0.106616,-0.967299],"extended":true,"handId":963,"id":9631,"length":56.7283,"mcpPosition":[-22.2299,311.814,6.51194],"pipPosition":[-30.9343,318.667,-33.4235],"stabilizedTipPosition":[-38.9625,309.192,-64.496],"timeVisible":28.5818,"tipPosition":[-39.166,310.765,-67.2664],"tipVelocity":[-15.912,170.591,-171.095],"tool":false,"touchDistance":-0.352241,"touchZone":"hovering","type":1,"width":18.6589},{"bases":[[[0.939809,-0.237653,-0.245518],[0.299121,0.919535,0.254916],[0.165181,-0.313012,0.935275]],[[0.944477,-0.24724,-0.216413],[-0.0233096,0.606563,-0.794693],[0.327748,0.755615,0.567122]],[[0.944477,-0.24724,-0.216413],[-0.209932,0.0526111,-0.976299],[0.252766,0.967525,-0.00221375]],[[0.944477,-0.24724,-0.216413],[-0.275457,-0.236726,-0.93171],[0.179126,0.939592,-0.291686]]],"btipPosition":[-26.5178,232.665,-17.5015],"carpPosition":[10.0189,290.304,66.4644],"dipPosition":[-23.2707,249.697,-22.7891],"direction":[-0.252766,-0.967525,0.00221375],"extended":false,"handId":963,"id":9632,"length":64.6373,"mcpPosition":[-1.09798,311.371,3.51921],"pipPosition":[-16.337,276.237,-22.8498],"stabilizedTipPosition":[-23.3975,224.155,-4.41513],"timeVisible":28.5818,"tipPosition":[-25.7617,236.734,-18.832],"tipVelocity":[-15.6099,117.113,-158.799],"tool":false,"touchDistance":0.333333,"touchZone":"none","type":2,"width":18.3255},{"bases":[[[0.928633,-0.349763,-0.123722],[0.370615,0.889759,0.266408],[0.0169034,-0.293249,0.955887]],[[0.92878,-0.356131,-0.102659],[0.117112,0.544785,-0.830358],[0.351643,0.759197,0.547693]],[[0.92878,-0.356131,-0.102659],[-0.109627,0.000618637,-0.993973],[0.354048,0.934436,-0.038467]],[[0.92878,-0.356131,-0.102659],[-0.20749,-0.270104,-0.940208],[0.307109,0.894547,-0.324761]]],"btipPosition":[-9.94261,232.453,-11.4337],"carpPosition":[21.2308,288.548,63.0503],"dipPosition":[-4.40747,248.576,-17.287],"direction":[-0.354048,-0.934436,0.038467],"extended":false,"handId":963,"id":9633,"length":62.1505,"mcpPosition":[20.2094,306.268,5.29059],"pipPosition":[5.05359,273.547,-18.3149],"stabilizedTipPosition":[-5.15497,220.332,5.67916],"timeVisible":28.5818,"tipPosition":[-8.61821,236.2,-12.539],"tipVelocity":[-17.8164,123.313,-179.404],"tool":false,"touchDistance":0.333333,"touchZone":"none","type":3,"width":17.4379},{"bases":[[[0.850261,-0.523526,-0.0545634],[0.510567,0.7951,0.327318],[-0.127976,-0.306164,0.943337]],[[0.826296,-0.558997,0.0689811],[0.374633,0.454016,-0.808406],[0.420578,0.693825,0.58457]],[[0.826296,-0.558997,0.0689811],[0.0575054,-0.0381045,-0.997618],[0.560293,0.828294,0.00065971]],[[0.826296,-0.558997,0.0689811],[-0.106407,-0.275196,-0.955481],[0.553094,0.78217,-0.286875]]],"btipPosition":[4.45772,244.702,-7.99435],"carpPosition":[31.4126,279.875,59.9529],"dipPosition":[13.6542,257.707,-12.7643],"direction":[-0.560293,-0.828294,-0.00065971],"extended":false,"handId":963,"id":9634,"length":48.7249,"mcpPosition":[38.5709,297,7.18723],"pipPosition":[24.2254,273.335,-12.7519],"stabilizedTipPosition":[10.0243,231.469,9.32016],"timeVisible":28.5818,"tipPosition":[6.60253,247.778,-9.02686],"tipVelocity":[-17.8776,120.543,-166.043],"tool":false,"touchDistance":0.333333,"touchZone":"none","type":4,"width":15.4897}],"r":[[0.993331,0.100863,0.0558533],[-0.0997587,0.994763,-0.022228],[-0.0578028,0.0165079,0.998192]],"s":0.905559,"t":[-11.5712,-24.8144,-19.8582],"timestamp":669214626433},false],[5,{"currentFrameRate":54.1349,"devices":[],"gestures":[{"center":[-37.6909,226.005,18.4616],"duration":18473,"handIds":[963],"id":4,"normal":[-0.744883,-0.384561,-0.545217],"pointableIds":[9630],"progress":0.819668,"radius":33.7752,"state":"update","type":"circle"}],"hands":[{"armBasis":[[0.950184,-0.129533,-0.2835],[0.0806815,0.980771,-0.177705],[0.301068,0.14598,0.942363]],"armWidth":61.4671,"confidence":0.641221,"direction":[-0.111987,0.445424,-0.888289],"elbow":[95.7098,316.055,312.765],"grabStrength":0,"id":963,"palmNormal":[-0.180459,-0.888164,-0.422611],"palmPosition":[3.52464,298.366,20.613],"palmVelocity":[-14.8083,109.282,-139.839],"palmWidth":87.7729,"pinchStrength":0.428708,"r":[[0.993607,0.0973807,0.057118],[-0.0964465,0.995159,-0.018897],[-0.0586817,0.0132674,0.998189]],"s":0.909329,"sphereCenter":[5.19707,260.331,-18.5456],"sphereRadius":51.1337,"stabilizedPalmPosition":[6.07075,282.016,38.8238],"t":[-11.8407,-22.8093,-22.4286],"timeVisible":28.6003,"type":"right","wrist":[17.2956,278.034,67.3233]}],"id":4955558,"interactionBox":{"center":[0,200,0],"size":[235.247,235.247,147.751]},"pointables":[{"bases":[[[0.532772,0.835855,0.132292],[-0.662026,0.314286,0.680402],[0.52714,-0.45008,0.7208]],[[0.345422,0.933611,-0.0951525],[-0.739381,0.333189,0.585064],[0.577926,-0.13174,0.805386]],[[0.345422,0.933611,-0.0951525],[-0.909243,0.358046,0.212321],[0.232294,0.0131765,0.972556]],[[0.345422,0.933611,-0.0951525],[-0.90264,0.358271,0.238499],[0.256756,0.00350552,0.96647]]],"btipPosition":[-52.3529,276.249,-21.7897],"carpPosition":[-11.0875,270.418,70.7984],"dipPosition":[-46.5564,276.328,0.0294209],"direction":[-0.232294,-0.0131765,-0.972556],"extended":false,"handId":963,"id":9630,"length":50.2737,"mcpPosition":[-11.0875,270.418,70.7984],"pipPosition":[-38.9162,276.761,32.0169],"stabilizedTipPosition":[-48.6245,259.012,3.35752],"timeVisible":28.6003,"tipPosition":[-51.2399,277.834,-16.4525],"tipVelocity":[-16.8982,110.021,-139.116],"tool":false,"touchDistance":-0.53608,"touchZone":"hovering","type":0,"width":19.534},{"bases":[[[0.944511,-0.0365811,-0.326436],[0.137747,0.946288,0.292516],[0.298202,-0.32125,0.898818]],[[0.971351,-0.0713198,-0.226695],[0.106725,0.983216,0.147974],[0.212337,-0.167929,0.962659]],[[0.971351,-0.0713198,-0.226695],[0.047364,0.992867,-0.109416],[0.232882,0.0955439,0.9678]],[[0.971351,-0.0713198,-0.226695],[-0.000223569,0.953631,-0.300977],[0.237649,0.292405,0.926295]]],"btipPosition":[-40.5464,313.6,-73.314],"carpPosition":[-1.23694,290.889,68.2014],"dipPosition":[-36.6296,318.42,-58.0472],"direction":[-0.232882,-0.0955439,-0.9678],"extended":true,"handId":963,"id":9631,"length":56.7283,"mcpPosition":[-22.3998,313.688,4.4137],"pipPosition":[-31.1998,320.647,-35.4822],"stabilizedTipPosition":[-39.2363,311.404,-66.6234],"timeVisible":28.6003,"tipPosition":[-39.5361,313.167,-69.4092],"tipVelocity":[-18.0561,152.365,-144.216],"tool":false,"touchDistance":-0.377254,"touchZone":"hovering","type":1,"width":18.6589},{"bases":[[[0.938701,-0.240426,-0.247053],[0.301959,0.919197,0.252779],[0.166315,-0.311884,0.93545]],[[0.943505,-0.2502,-0.21725],[-0.0243078,0.601609,-0.798421],[0.330465,0.758595,0.561539]],[[0.943505,-0.2502,-0.21725],[-0.212179,0.0474087,-0.97608],[0.254515,0.967033,-0.00835686]],[[0.943505,-0.2502,-0.21725],[-0.277935,-0.240582,-0.929985],[0.180416,0.937827,-0.29653]]],"btipPosition":[-26.8927,234.387,-19.1265],"carpPosition":[9.91797,292.196,64.3353],"dipPosition":[-23.6222,251.387,-24.5019],"direction":[-0.254515,-0.967033,0.00835686],"extended":false,"handId":963,"id":9632,"length":64.6373,"mcpPosition":[-1.27527,313.186,1.37835],"pipPosition":[-16.6406,277.914,-24.7311],"stabilizedTipPosition":[-23.6898,225.662,-6.11488],"timeVisible":28.6003,"tipPosition":[-26.1474,238.485,-20.5856],"tipVelocity":[-17.7448,105.486,-125.256],"tool":false,"touchDistance":0.333333,"touchZone":"none","type":2,"width":18.3255},{"bases":[[[0.927493,-0.352306,-0.125049],[0.373401,0.88926,0.264174],[0.0181307,-0.291713,0.956334]],[[0.927666,-0.358747,-0.103615],[0.117839,0.544556,-0.830405],[0.354329,0.758129,0.547441]],[[0.927666,-0.358747,-0.103615],[-0.110429,0.00150317,-0.993883],[0.356708,0.933434,-0.0382218]],[[0.927666,-0.358747,-0.103615],[-0.209062,-0.269063,-0.940159],[0.3094,0.893816,-0.3246]]],"btipPosition":[-10.3574,234.304,-13.6084],"carpPosition":[21.1183,290.406,60.9012],"dipPosition":[-4.78094,250.413,-19.4588],"direction":[-0.356708,-0.933434,0.0382218],"extended":false,"handId":963,"id":9633,"length":62.1505,"mcpPosition":[20.0228,308.033,3.11444],"pipPosition":[4.75121,275.357,-20.4802],"stabilizedTipPosition":[-5.47259,221.764,4.00728],"timeVisible":28.6003,"tipPosition":[-9.02342,238.031,-14.6622],"tipVelocity":[-19.8208,112.164,-149.753],"tool":false,"touchDistance":0.333333,"touchZone":"none","type":3,"width":17.4379},{"bases":[[[0.848826,-0.525757,-0.0554416],[0.513239,0.794349,0.324953],[-0.126807,-0.304284,0.944104]],[[0.824741,-0.561243,0.0693446],[0.375068,0.451099,-0.809835],[0.423233,0.693913,0.582545]],[[0.824741,-0.561243,0.0693446],[0.0563727,-0.0404186,-0.997591],[0.562694,0.826663,-0.00169611]],[[0.824741,-0.561243,0.0693446],[-0.108153,-0.2769,-0.954793],[0.555072,0.779957,-0.289071]]],"btipPosition":[4.08282,246.488,-10.0428],"carpPosition":[31.2719,281.702,57.7972],"dipPosition":[13.3122,259.456,-14.8493],"direction":[-0.562694,-0.826663,0.00169611],"extended":false,"handId":963,"id":9634,"length":48.7249,"mcpPosition":[38.3648,298.722,4.98873],"pipPosition":[23.9287,275.053,-14.8813],"stabilizedTipPosition":[9.71356,232.934,7.65463],"timeVisible":28.6003,"tipPosition":[6.23685,249.554,-11.0825],"tipVelocity":[-18.8614,108.9,-139.768],"tool":false,"touchDistance":0.333333,"touchZone":"none","type":4,"width":15.4897}],"r":[[0.993607,0.0973807,0.057118],[-0.0964465,0.995159,-0.018897],[-0.0586817,0.0132674,0.998189]],"s":0.909329,"t":[-11.8407,-22.8093,-22.4286],"timestamp":669214644875},false],[6,{"currentFrameRate":54.1903,"devices":[],"gestures":[{"center":[-37.6909,226.005,18.4616],"duration":18473,"handIds":[963],"id":4,"normal":[-0.744883,-0.384561,-0.545217],"pointableIds":[9630],"progress":0.819668,"radius":33.7752,"state":"update","type":"circle"}],"hands":[{"armBasis":[[0.950206,-0.136724,-0.280026],[0.0938996,0.982466,-0.161067],[0.297138,0.126752,0.946384]],"armWidth":61.4671,"confidence":0.673037,"direction":[-0.108581,0.435743,-0.893498],"elbow":[94.3254,312.989,311.192],"grabStrength":0,"id":963,"palmNormal":[-0.187248,-0.891688,-0.412106],"palmPosition":[3.31936,299.859,17.7543],"palmVelocity":[-13.102,96.1173,-147.845],"palmWidth":87.7729,"pinchStrength":0.427428,"r":[[0.993961,0.0932058,0.0579077],[-0.0922732,0.99556,-0.0185815],[-0.0593825,0.013126,0.998149]],"s":0.912814,"sphereCenter":[4.41629,261.523,-20.8968],"sphereRadius":51.0261,"stabilizedPalmPosition":[5.89202,283.175,37.4551],"t":[-12.0781,-21.0602,-25.1432],"timeVisible":28.6185,"type":"right","wrist":[16.9347,279.976,64.7028]}],"id":4955559,"interactionBox":{"center":[0,200,0],"size":[235.247,235.247,147.751]},"pointables":[{"bases":[[[0.53915,0.83326,0.122455],[-0.6596,0.327355,0.676585],[0.523685,-0.445552,0.726111]],[[0.352395,0.929793,-0.106317],[-0.736963,0.345726,0.580827],[0.576805,-0.126328,0.807055]],[[0.352395,0.929793,-0.106317],[-0.906458,0.367365,0.208271],[0.232706,0.0229784,0.972276]],[[0.352395,0.929793,-0.106317],[-0.900129,0.367837,0.233375],[0.256098,0.0134589,0.966557]]],"btipPosition":[-52.716,277.642,-24.3961],"carpPosition":[-11.5059,272.618,68.2652],"dipPosition":[-46.9343,277.945,-2.57495],"direction":[-0.232706,-0.0229784,-0.972276],"extended":false,"handId":963,"id":9630,"length":50.2737,"mcpPosition":[-11.5059,272.618,68.2652],"pipPosition":[-39.2806,278.701,29.4033],"stabilizedTipPosition":[-48.8075,260.25,1.85165],"timeVisible":28.6185,"tipPosition":[-51.5919,279.257,-19.0815],"tipVelocity":[-18.4186,95.2265,-140.844],"tool":false,"touchDistance":-0.549894,"touchZone":"touching","type":0,"width":19.534},{"bases":[[[0.944202,-0.0476567,-0.325899],[0.144982,0.948596,0.28133],[0.29574,-0.312882,0.902576]],[[0.970558,-0.0810706,-0.226816],[0.114743,0.98356,0.139439],[0.211783,-0.161359,0.963904]],[[0.970558,-0.0810706,-0.226816],[0.0568002,0.992132,-0.111566],[0.234076,0.0953979,0.967527]],[[0.970558,-0.0810706,-0.226816],[0.00994273,0.954338,-0.298563],[0.240664,0.287517,0.927046]]],"btipPosition":[-40.6884,314.91,-76.4123],"carpPosition":[-1.49906,292.981,65.4274],"dipPosition":[-36.7219,319.649,-61.1332],"direction":[-0.234076,-0.0953979,-0.967527],"extended":true,"handId":963,"id":9631,"length":56.7283,"mcpPosition":[-22.4872,315.186,1.373],"pipPosition":[-31.2642,321.873,-38.5745],"stabilizedTipPosition":[-39.3919,312.729,-68.4323],"timeVisible":28.6185,"tipPosition":[-39.67,314.441,-72.5081],"tipVelocity":[-12.8365,113.3,-156.335],"tool":false,"touchDistance":-0.414293,"touchZone":"hovering","type":1,"width":18.6589},{"bases":[[[0.936834,-0.2505,-0.244115],[0.308981,0.919783,0.24193],[0.163929,-0.302075,0.939084]],[[0.941636,-0.260116,-0.213687],[-0.0204014,0.589513,-0.807501],[0.336015,0.764731,0.5498]],[[0.941636,-0.260116,-0.213687],[-0.212122,0.0344199,-0.976637],[0.261394,0.964964,-0.0227652]],[[0.941636,-0.260116,-0.213687],[-0.27977,-0.251661,-0.926496],[0.18722,0.932205,-0.309746]]],"btipPosition":[-27.5547,235.561,-20.9786],"carpPosition":[9.66549,294.157,61.5471],"dipPosition":[-24.1609,252.46,-26.5935],"direction":[-0.261394,-0.964964,0.0227652],"extended":false,"handId":963,"id":9632,"length":64.6373,"mcpPosition":[-1.36715,314.487,-1.65439],"pipPosition":[-16.9906,278.93,-27.218],"stabilizedTipPosition":[-23.9593,226.867,-7.5262],"timeVisible":28.6185,"tipPosition":[-26.7906,239.655,-22.5678],"tipVelocity":[-25.8613,85.1717,-115.302],"tool":false,"touchDistance":0.333333,"touchZone":"none","type":2,"width":18.3255},{"bases":[[[0.924771,-0.360842,-0.120799],[0.380192,0.889437,0.253683],[0.0159031,-0.280526,0.959715]],[[0.924894,-0.367098,-0.099047],[0.122386,0.534057,-0.836544],[0.35999,0.761592,0.538873]],[[0.924894,-0.367098,-0.099047],[-0.10993,-0.00880178,-0.9939],[0.363987,0.930141,-0.048496]],[[0.92