{"sensorType":"Leap","data":[[0,{"currentFrameRate":50.7823,"devices":[],"gestures":[{"direction":[0.0415745,0.563088,-0.82535],"duration":147675,"handIds":[963],"id":8,"pointableIds":[9631],"position":[-31.9896,292.026,-55.0772],"speed":298.891,"startPosition":[-41.7135,213.331,63.4697],"state":"update","type":"swipe"}],"hands":[{"armBasis":[[0.925245,-0.293245,-0.240684],[0.241192,0.944403,-0.223448],[0.292828,0.148693,0.944533]],"armWidth":61.4671,"confidence":0.715777,"direction":[-0.0958318,0.539685,-0.836395],"elbow":[104.388,290.393,319.256],"grabStrength":0.144674,"id":963,"palmNormal":[-0.413582,-0.785887,-0.459708],"palmPosition":[14.7464,278.723,29.9597],"palmVelocity":[18.4953,120.755,-258.325],"palmWidth":87.7729,"pinchStrength":0.367894,"r":[[0.983451,-0.140669,0.114175],[0.123813,0.981905,0.143291],[-0.132266,-0.126783,0.983073]],"s":1.11619,"sphereCenter":[12.5881,242.346,-10.5666],"sphereRadius":50.3729,"stabilizedPalmPosition":[8.93597,236.114,125.347],"t":[-1.22829,-42.6602,-10.9299],"timeVisible":36.9252,"type":"right","wrist":[28.1195,251.665,73.2488]}],"id":4956003,"interactionBox":{"center":[0,200,0],"size":[235.247,235.247,147.751]},"pointables":[{"bases":[[[0.715553,0.68676,0.127845],[-0.506309,0.383777,0.772248],[0.481285,-0.617314,0.622325]],[[0.480912,0.868988,-0.116552],[-0.703314,0.461722,0.540521],[0.52352,-0.17797,0.833218]],[[0.480912,0.868988,-0.116552],[-0.773553,0.483108,0.410148],[0.412721,-0.107086,0.904541]],[[0.480912,0.868988,-0.116552],[-0.835984,0.494544,0.237817],[0.264301,-0.0169334,0.964292]]],"btipPosition":[-45.5221,262.472,-12.2125],"carpPosition":[-0.7718,249.998,79.4296],"dipPosition":[-39.5552,262.089,9.55747],"direction":[-0.412721,0.107086,-0.904541],"extended":false,"handId":963,"id":9630,"length":50.2737,"mcpPosition":[-0.7718,249.998,79.4296],"pipPosition":[-25.9807,258.567,39.3079],"stabilizedTipPosition":[-47.887,224.064,77.982],"timeVisible":36.9252,"tipPosition":[-44.1901,263.647,-6.86009],"tipVelocity":[13.246,107.32,-240.391],"tool":false,"touchDistance":-0.844278,"touchZone":"hovering","type":0,"width":19.534},{"bases":[[[0.876466,-0.206963,-0.434711],[0.372441,0.863631,0.339748],[0.305115,-0.459682,0.834025]],[[0.919646,-0.294275,-0.260101],[0.270863,0.954787,-0.122538],[0.284401,0.0422399,0.957774]],[[0.919646,-0.294275,-0.260101],[0.23256,0.941696,-0.243156],[0.316491,0.163128,0.934464]],[[0.919646,-0.294275,-0.260101],[0.204606,0.92427,-0.322276],[0.335242,0.243162,0.910212]]],"btipPosition":[-33.2604,291.104,-58.5276],"carpPosition":[13.0842,268.043,77.1447],"dipPosition":[-27.7351,295.112,-43.5259],"direction":[-0.316491,-0.163128,-0.934464],"extended":true,"handId":963,"id":9631,"length":56.7283,"mcpPosition":[-8.5693,300.666,17.9553],"pipPosition":[-20.3559,298.915,-21.7381],"stabilizedTipPosition":[-29.6218,245.057,13.9794],"timeVisible":36.9252,"tipPosition":[-32.3467,290.313,-54.4933],"tipVelocity":[4.09663,165.451,-254.837],"tool":false,"touchDistance":-1,"touchZone":"hovering","type":1,"width":18.6589},{"bases":[[[0.83321,-0.41134,-0.369541],[0.521865,0.805907,0.279592],[0.182809,-0.425809,0.886153]],[[0.8306,-0.405409,-0.381768],[-0.0584189,0.618342,-0.783735],[0.553796,0.673273,0.489912]],[[0.8306,-0.405409,-0.381768],[-0.553241,-0.522623,-0.648683],[0.0634612,0.750006,-0.65838]],[[0.8306,-0.405409,-0.381768],[-0.487589,-0.860624,-0.146912],[-0.268999,0.30817,-0.912508]]],"btipPosition":[-11.0961,238.484,24.3041],"carpPosition":[23.8211,267.291,72.1208],"dipPosition":[-15.9724,244.07,7.76253],"direction":[-0.0634612,-0.750005,0.65838],"extended":false,"handId":963,"id":9632,"length":64.6373,"mcpPosition":[11.5178,295.948,12.4816],"pipPosition":[-14.2316,264.644,-10.2975],"stabilizedTipPosition":[-14.7375,196.458,117.204],"timeVisible":36.9252,"tipPosition":[-11.9036,239.802,21.1389],"tipVelocity":[-5.65441,130.381,-251.044],"tool":false,"touchDistance":0.333333,"touchZone":"none","type":2,"width":18.3255},{"bases":[[[0.809303,-0.529093,-0.255127],[0.585622,0.760474,0.280581],[0.0455641,-0.376483,0.925302]],[[0.809036,-0.526986,-0.260281],[0.12248,0.584274,-0.802261],[0.574856,0.617179,0.537244]],[[0.809036,-0.526986,-0.260281],[-0.533241,-0.471841,-0.702154],[0.247214,0.70686,-0.662747]],[[0.809036,-0.526986,-0.260281],[-0.576616,-0.797452,-0.177721],[-0.113905,0.293865,-0.949036]]],"btipPosition":[1.87264,235.44,23.0528],"carpPosition":[33.9553,263.477,67.3045],"dipPosition":[-0.180304,240.736,5.94797],"direction":[-0.247214,-0.70686,0.662747],"extended":false,"handId":963,"id":9633,"length":62.1505,"mcpPosition":[31.2021,286.226,11.3928],"pipPosition":[6.42589,259.626,-11.7623],"stabilizedTipPosition":[-0.442859,193.804,115.611],"timeVisible":36.9252,"tipPosition":[1.72638,236.547,20.353],"tipVelocity":[-9.02526,125.855,-268.816],"tool":false,"touchDistance":0.333333,"touchZone":"none","type":3,"width":17.4379},{"bases":[[[0.701176,-0.687441,-0.189148],[0.706078,0.632654,0.318123],[-0.0990251,-0.356614,0.928989]],[[0.675397,-0.736669,-0.0340329],[0.394923,0.400279,-0.826929],[0.622796,0.545065,0.561275]],[[0.675397,-0.736669,-0.0340329],[-0.518221,-0.441273,-0.732616],[0.524677,0.512443,-0.679791]],[[0.675397,-0.736669,-0.0340329],[-0.726646,-0.656917,-0.20111],[0.125794,0.160559,-0.978977]]],"btipPosition":[13.874,242.15,20.4515],"carpPosition":[41.5688,253.132,62.4555],"dipPosition":[15.9656,244.819,4.17372],"direction":[-0.524677,-0.512443,0.679791],"extended":false,"handId":963,"id":9634,"length":48.7249,"mcpPosition":[47.1078,273.079,10.4925],"pipPosition":[25.8648,254.488,-8.65209],"stabilizedTipPosition":[10.5789,199.614,118.426],"timeVisible":36.9252,"tipPosition":[14.2784,242.349,17.1257],"tipVelocity":[-4.09926,119.427,-275.314],"tool":false,"touchDistance":0.333333,"touchZone":"none","type":4,"width":15.4897}],"r":[[0.983451,-0.140669,0.114175],[0.123813,0.981905,0.143291],[-0.132266,-0.126783,0.983073]],"s":1.11619,"t":[-1.22829,-42.6602,-10.9299],"timestamp":669222969824},false],[1,{"currentFrameRate":51.0948,"devices":[],"gestures":[{"direction":[0.0415745,0.563088,-0.82535],"duration":147675,"handIds":[963],"id":8,"pointableIds":[9631],"position":[-31.9896,292.026,-55.0772],"speed":298.891,"startPosition":[-41.7135,213.331,63.4697],"state":"update","type":"swipe"}],"hands":[{"armBasis":[[0.924813,-0.295769,-0.239253],[0.248214,0.945738,-0.209688],[0.28829,0.134536,0.948045]],"armWidth":61.4671,"confidence":0.590096,"direction":[-0.0907529,0.537638,-0.838278],"elbow":[102.544,287.614,316.223],"grabStrength":0.125757,"id":963,"palmNormal":[-0.411156,-0.78689,-0.460168],"palmPosition":[14.3474,279.528,25.8673],"palmVelocity":[-0.839031,83.6877,-241.018],"palmWidth":87.7729,"pinchStrength":0.375475,"r":[[0.982353,-0.147958,0.114417],[0.130668,0.980592,0.146169],[-0.133823,-0.128639,0.982621]],"s":1.11642,"sphereCenter":[12.5547,242.979,-14.7244],"sphereRadius":50.5652,"stabilizedPalmPosition":[8.97993,236.467,124.539],"t":[-1.25785,-41.1516,-15.3373],"timeVisible":36.9436,"type":"right","wrist":[27.4579,252.573,69.3008]}],"id":4956004,"interactionBox":{"center":[0,200,0],"size":[235.247,235.247,147.751]},"pointables":[{"bases":[[[0.715029,0.68684,0.130324],[-0.510685,0.385861,0.768318],[0.477425,-0.615924,0.62666]],[[0.480623,0.869086,-0.117008],[-0.705182,0.462351,0.537541],[0.521268,-0.175843,0.83508]],[[0.480623,0.869086,-0.117008],[-0.778357,0.484245,0.399583],[0.403932,-0.100975,0.909199]],[[0.480623,0.869086,-0.117008],[-0.840761,0.494605,0.220198],[0.249243,-0.00745665,0.968412]]],"btipPosition":[-45.4825,262.887,-16.6613],"carpPosition":[-1.46966,250.931,75.3167],"dipPosition":[-39.8555,262.719,5.20172],"direction":[-0.403932,0.100975,-0.909199],"extended":false,"handId":963,"id":9630,"length":50.2737,"mcpPosition":[-1.46966,250.931,75.3167],"pipPosition":[-26.5701,259.398,35.1054],"stabilizedTipPosition":[-47.8496,224.457,77.0761],"timeVisible":36.9436,"tipPosition":[-44.2782,264.102,-11.3018],"tipVelocity":[5.86162,67.8253,-240.475],"tool":false,"touchDistance":-0.854594,"touchZone":"hovering","type":0,"width":19.534},{"bases":[[[0.878922,-0.208331,-0.429062],[0.370745,0.86435,0.339776],[0.300074,-0.457709,0.836934]],[[0.920958,-0.294908,-0.254687],[0.274724,0.954939,-0.112335],[0.276339,0.0334872,0.960477]],[[0.920958,-0.294908,-0.254687],[0.238013,0.943256,-0.231555],[0.308522,0.152634,0.938891]],[[0.920958,-0.294908,-0.254687],[0.211023,0.926936,-0.310255],[0.327575,0.231987,0.915902]]],"btipPosition":[-32.9349,292.679,-63.1196],"carpPosition":[12.4057,268.966,73.0682],"dipPosition":[-27.5359,296.502,-48.0242],"direction":[-0.308522,-0.152634,-0.938891],"extended":true,"handId":963,"id":9631,"length":56.7283,"mcpPosition":[-8.89007,301.449,13.6723],"pipPosition":[-20.3425,300.061,-26.1332],"stabilizedTipPosition":[-29.7355,247.719,9.93813],"timeVisible":36.9436,"tipPosition":[-32.0669,291.777,-59.0743],"tipVelocity":[9.87806,125.885,-251.711],"tool":false,"touchDistance":-1,"touchZone":"hovering","type":1,"width":18.6589},{"bases":[[[0.835215,-0.412531,-0.363639],[0.520498,0.806427,0.280638],[0.177476,-0.423667,0.888262]],[[0.832682,-0.406634,-0.375886],[-0.0525788,0.617673,-0.784676],[0.55125,0.673149,0.492944]],[[0.832682,-0.406634,-0.375886],[-0.549479,-0.522578,-0.651909],[0.068659,0.749374,-0.658578]],[[0.832682,-0.406634,-0.375886],[-0.487391,-0.860391,-0.148921],[-0.262852,0.307207,-0.914622]]],"btipPosition":[-11.5225,239.287,20.0531],"carpPosition":[23.1715,268.197,68.109],"dipPosition":[-16.2873,244.856,3.47327],"direction":[-0.068659,-0.749374,0.658578],"extended":false,"handId":963,"id":9632,"length":64.6373,"mcpPosition":[11.2271,296.711,8.32785],"pipPosition":[-14.404,265.412,-14.5922],"stabilizedTipPosition":[-14.7116,196.999,115.967],"timeVisible":36.9436,"tipPosition":[-12.3063,240.598,16.8897],"tipVelocity":[-13.4128,88.5268,-241.618],"tool":false,"touchDistance":0.333333,"touchZone":"none","type":2,"width":18.3255},{"bases":[[[0.810599,-0.529991,-0.249075],[0.584232,0.760976,0.282114],[0.0400222,-0.374199,0.926485]],[[0.810361,-0.52788,-0.254277],[0.130834,0.586036,-0.799653],[0.571136,0.614739,0.543966]],[[0.810361,-0.52788,-0.254277],[-0.527228,-0.4676,-0.709493],[0.255627,0.709008,-0.657238]],[[0.810361,-0.52788,-0.254277],[-0.576561,-0.7957,-0.185577],[-0.104366,0.296991,-0.94916]]],"btipPosition":[1.34817,236.185,18.6037],"carpPosition":[33.3324,264.368,63.3615],"dipPosition":[-0.53286,241.538,1.49665],"direction":[-0.255627,-0.709008,0.657238],"extended":false,"handId":963,"id":9633,"length":62.1505,"mcpPosition":[30.9141,286.979,7.37843],"pipPosition":[6.29815,260.484,-16.0664],"stabilizedTipPosition":[-0.432256,194.144,114.823],"timeVisible":36.9436,"tipPosition":[1.25654,237.331,15.9295],"tipVelocity":[-17.3632,85.0987,-255.8],"tool":false,"touchDistance":0.333333,"touchZone":"none","type":3,"width":17.4379},{"bases":[[[0.702034,-0.68814,-0.183337],[0.704423,0.63321,0.320676],[-0.104579,-0.354272,0.929276]],[[0.675079,-0.737246,-0.0271596],[0.405276,0.40136,-0.821378],[0.616458,0.543487,0.569737]],[[0.675079,-0.737246,-0.0271596],[-0.50977,-0.43954,-0.739553],[0.533295,0.513102,-0.67255]],[[0.675079,-0.737246,-0.0271596],[-0.725169,-0.656351,-0.208165],[0.135643,0.160223,-0.977717]]],"btipPosition":[13.4762,242.943,16.1166],"carpPosition":[40.9706,254.009,58.5829],"dipPosition":[15.7316,245.607,-0.140274],"direction":[-0.533295,-0.513102,0.67255],"extended":false,"handId":963,"id":9634,"length":48.7249,"mcpPosition":[46.8202,273.825,6.60373],"pipPosition":[25.7934,255.288,-12.8295],"stabilizedTipPosition":[10.6019,199.911,117.711],"timeVisible":36.9436,"tipPosition":[13.9368,243.172,12.882],"tipVelocity":[-11.5431,82.6507,-256.047],"tool":false,"touchDistance":0.333333,"touchZone":"none","type":4,"width":15.4897}],"r":[[0.982353,-0.147958,0.114417],[0.130668,0.980592,0.146169],[-0.133823,-0.128639,0.982621]],"s":1.11642,"t":[-1.25785,-41.1516,-15.3373],"timestamp":669222988228},false],[2,{"currentFrameRate":51.2912,"devices":[],"gestures":[{"direction":[0.0415745,0.563088,-0.82535],"duration":147675,"handIds":[963],"id":8,"pointableIds":[9631],"position":[-31.9896,292.026,-55.0772],"speed":298.891,"startPosition":[-41.7135,213.331,63.4697],"state":"update","type":"swipe"}],"hands":[{"armBasis":[[0.926448,-0.294416,-0.234549],[0.245986,0.945173,-0.214799],[0.28493,0.141305,0.948076]],"armWidth":61.4671,"confidence":0.340712,"direction":[-0.092729,0.536957,-0.838498],"elbow":[102.195,289.351,313.78],"grabStrength":0.0954774,"id":963,"palmNormal":[-0.411822,-0.787403,-0.458694],"palmPosition":[14.7714,279.463,23.4239],"palmVelocity":[10.595,41.1816,-186.946],"palmWidth":87.7729,"pinchStrength":0.380935,"r":[[0.981497,-0.153692,0.114201],[0.136132,0.979533,0.148267],[-0.134651,-0.129977,0.982331]],"s":1.11739,"sphereCenter":[12.9832,242.862,-17.3059],"sphereRadius":50.7889,"stabilizedPalmPosition":[9.0063,236.662,124.079],"t":[-1.06064,-40.4294,-18.7627],"timeVisible":36.9624,"type":"right","wrist":[27.9839,252.548,66.8504]}],"id":4956005,"interactionBox":{"center":[0,200,0],"size":[235.247,235.247,147.751]},"pointables":[{"bases":[[[0.715037,0.687215,0.128286],[-0.509212,0.386255,0.769097],[0.478984,-0.615258,0.626125]],[[0.479275,0.86951,-0.119362],[-0.703068,0.46177,0.5408],[0.525348,-0.175272,0.83264]],[[0.479275,0.86951,-0.119362],[-0.779392,0.484186,0.397632],[0.403539,-0.0975455,0.909748]],[[0.479275,0.86951,-0.119362],[-0.843042,0.493913,0.212909],[0.244081,-0.00141511,0.969754]]],"btipPosition":[-45.01,262.578,-18.9803],"carpPosition":[-0.930253,250.898,72.9286],"dipPosition":[-39.4996,262.547,2.91302],"direction":[-0.403539,0.0975455,-0.909748],"extended":false,"handId":963,"id":9630,"length":50.2737,"mcpPosition":[-0.930253,250.898,72.9286],"pipPosition":[-26.2272,259.338,32.8347],"stabilizedTipPosition":[-47.8258,224.677,76.5497],"timeVisible":36.9624,"tipPosition":[-43.8597,263.804,-13.6292],"tipVelocity":[14.5884,27.5132,-183.252],"tool":false,"touchDistance":-0.832148,"touchZone":"hovering","type":0,"width":19.534},{"bases":[[[0.878095,-0.208323,-0.430755],[0.371127,0.864754,0.338328],[0.302016,-0.456949,0.836651]],[[0.92034,-0.29411,-0.257826],[0.27849,0.955628,-0.0960137],[0.274624,0.0165634,0.961409]],[[0.92034,-0.29411,-0.257826],[0.243116,0.94656,-0.211941],[0.306382,0.132376,0.942659]],[[0.92034,-0.29411,-0.257826],[0.216929,0.93236,-0.289219],[0.325449,0.21025,0.921888]]],"btipPosition":[-32.389,294.128,-65.756],"carpPosition":[12.9334,268.937,70.6369],"dipPosition":[-27.0251,297.593,-50.5619],"direction":[-0.306382,-0.132376,-0.942659],"extended":true,"handId":963,"id":9631,"length":56.7283,"mcpPosition":[-8.50022,301.366,11.2611],"pipPosition":[-19.8816,300.68,-28.583],"stabilizedTipPosition":[-29.8018,249.924,6.56693],"timeVisible":36.9624,"tipPosition":[-31.5569,292.965,-61.6789],"tipVelocity":[19.0418,100.003,-196.848],"tool":false,"touchDistance":-1,"touchZone":"hovering","type":1,"width":18.6589},{"bases":[[[0.834605,-0.41249,-0.365083],[0.520777,0.806843,0.278919],[0.179514,-0.422914,0.888211]],[[0.832045,-0.406607,-0.377321],[-0.0535879,0.618114,-0.784259],[0.552113,0.672759,0.49251]],[[0.832045,-0.406607,-0.377321],[-0.550535,-0.522042,-0.651447],[0.0679056,0.749762,-0.658214]],[[0.832045,-0.406607,-0.377321],[-0.487691,-0.860323,-0.148329],[-0.264306,0.307432,-0.914127]]],"btipPosition":[-11.1352,239.211,17.6044],"carpPosition":[23.6889,268.169,65.6556],"dipPosition":[-15.9264,244.784,1.03348],"direction":[-0.0679056,-0.749762,0.658214],"extended":false,"handId":963,"id":9632,"length":64.6373,"mcpPosition":[11.6075,296.632,5.87786],"pipPosition":[-14.0637,265.351,-17.022],"stabilizedTipPosition":[-14.694,197.307,115.242],"timeVisible":36.9624,"tipPosition":[-11.9235,240.52,14.4471],"tipVelocity":[3.04432,43.3893,-187.338],"tool":false,"touchDistance":0.333333,"touchZone":"none","type":2,"width":18.3255},{"bases":[[[0.810277,-0.529871,-0.250377],[0.584532,0.761418,0.280295],[0.0421214,-0.37347,0.926686]],[[0.810025,-0.527748,-0.255619],[0.133208,0.590124,-0.796247],[0.571065,0.610929,0.548316]],[[0.810025,-0.527748,-0.255619],[-0.525266,-0.45923,-0.716382],[0.260682,0.714555,-0.649196]],[[0.810025,-0.527748,-0.255619],[-0.577919,-0.792324,-0.195532],[-0.0993411,0.306113,-0.946798]]],"btipPosition":[1.50769,235.964,15.6747],"carpPosition":[33.8413,264.34,60.8896],"dipPosition":[-0.282779,241.482,-1.38979],"direction":[-0.260682,-0.714556,0.649196],"extended":false,"handId":963,"id":9633,"length":62.1505,"mcpPosition":[31.2961,286.907,4.89438],"pipPosition":[6.6833,260.576,-18.738],"stabilizedTipPosition":[-0.425912,194.323,114.395],"timeVisible":36.9624,"tipPosition":[1.48968,237.205,13.0558],"tipVelocity":[-4.20154,38.823,-206.887],"tool":false,"touchDistance":0.333333,"touchZone":"none","type":3,"width":17.4379},{"bases":[[[0.701911,-0.68801,-0.184288],[0.704853,0.633728,0.318702],[-0.102481,-0.353597,0.929767]],[[0.674875,-0.737469,-0.0261482],[0.41101,0.405082,-0.816688],[0.612874,0.540415,0.576487]],[[0.674875,-0.737469,-0.0261482],[-0.504475,-0.435216,-0.745715],[0.538562,0.516456,-0.665751]],[[0.674875,-0.737469,-0.0261482],[-0.724416,-0.655347,-0.21387],[0.140586,0.163278,-0.976512]]],"btipPosition":[13.8024,242.867,13.2306],"carpPosition":[41.4734,253.98,56.1028],"dipPosition":[16.14,245.582,-3.00626],"direction":[-0.538562,-0.516456,0.665751],"extended":false,"handId":963,"id":9634,"length":48.7249,"mcpPosition":[47.2057,273.759,4.09624],"pipPosition":[26.3012,255.326,-15.5672],"stabilizedTipPosition":[10.6156,200.07,117.316],"timeVisible":36.9624,"tipPosition":[14.3203,243.146,10.1211],"tipVelocity":[3.06181,40.6524,-206.03],"tool":false,"touchDistance":0.333333,"touchZone":"none","type":4,"width":15.4897}],"r":[[0.981497,-0.153692,0.114201],[0.136132,0.979533,0.148267],[-0.134651,-0.129977,0.982331]],"s":1.11739,"t":[-1.06064,-40.4294,-18.7627],"timestamp":669223006994},false],[3,{"currentFrameRate":51.5628,"devices":[],"gestures":[{"direction":[0.0415745,0.563088,-0.82535],"duration":147675,"handIds":[963],"id":8,"pointableIds":[9631],"position":[-31.9896,292.026,-55.0772],"speed":298.891,"startPosition":[-41.7135,213.331,63.4697],"state":"stop","type":"swipe"}],"hands":[{"armBasis":[[0.926609,-0.30409,-0.221192],[0.260264,0.943213,-0.206425],[0.271403,0.133707,0.953133]],"armWidth":61.4671,"confidence":0.412817,"direction":[-0.0957919,0.532172,-0.8412],"elbow":[99.2032,289.425,312.182],"grabStrength":0.0727541,"id":963,"palmNormal":[-0.424818,-0.786115,-0.448947],"palmPosition":[15.1357,281.358,20.4609],"palmVelocity":[15.0288,70.925,-174.53],"palmWidth":87.7729,"pinchStrength":0.385737,"r":[[0.980688,-0.160193,0.112206],[0.142878,0.978566,0.148304],[-0.133558,-0.129408,0.982556]],"s":1.11894,"sphereCenter":[12.5629,244.535,-20.0828],"sphereRadius":50.9202,"stabilizedPalmPosition":[9.03131,236.845,123.656],"t":[-0.779867,-39.1212,-21.9569],"timeVisible":36.9808,"type":"right","wrist":[28.5153,254.601,63.9344]}],"id":4956006,"interactionBox":{"center":[0,200,0],"size":[235.247,235.247,147.751]},"pointables":[{"bases":[[[0.723513,0.680472,0.11613],[-0.497104,0.396862,0.771614],[0.478974,-0.616002,0.6254]],[[0.486493,0.863827,-0.130872],[-0.69155,0.472273,0.546549],[0.533932,-0.175387,0.827137]],[[0.486493,0.863827,-0.130872],[-0.771826,0.495118,0.398927],[0.409401,-0.0930644,0.907596]],[[0.486493,0.863827,-0.130872],[-0.837604,0.503742,0.211335],[0.248483,0.00680608,0.968612]]],"btipPosition":[-45.1351,264.652,-21.2253],"carpPosition":[-0.349827,253.299,70.322],"dipPosition":[-39.5253,264.805,0.642186],"direction":[-0.409401,0.0930644,-0.907596],"extended":false,"handId":963,"id":9630,"length":50.2737,"mcpPosition":[-0.349827,253.299,70.322],"pipPosition":[-26.0601,261.744,30.4931],"stabilizedTipPosition":[-47.8012,224.925,75.9755],"timeVisible":36.9808,"tipPosition":[-43.9729,265.904,-15.8976],"tipVelocity":[4.89738,69.6266,-153.99],"tool":false,"touchDistance":-0.811032,"touchZone":"hovering","type":0,"width":19.534},{"bases":[[[0.871333,-0.220536,-0.43834],[0.383689,0.863069,0.328474],[0.305877,-0.454396,0.836638]],[[0.914288,-0.305019,-0.266537],[0.290808,0.952322,-0.0922723],[0.281974,0.00685249,0.959398]],[[0.914288,-0.305019,-0.266537],[0.255152,0.944726,-0.205888],[0.314604,0.120234,0.941578]],[[0.914288,-0.305019,-0.266537],[0.228602,0.931748,-0.282111],[0.334394,0.197,0.921614]]],"btipPosition":[-32.5621,297.088,-68.5166],"carpPosition":[13.678,271.174,67.7623],"dipPosition":[-27.0508,300.335,-53.327],"direction":[-0.314604,-0.120234,-0.941578],"extended":true,"handId":963,"id":9631,"length":56.7283,"mcpPosition":[-8.02963,303.422,8.38737],"pipPosition":[-19.7156,303.138,-31.3733],"stabilizedTipPosition":[-29.8821,252.501,2.71502],"timeVisible":36.9808,"tipPosition":[-31.714,295.833,-64.4496],"tipVelocity":[6.24077,128.008,-174.404],"tool":false,"touchDistance":-1,"touchZone":"hovering","type":1,"width":18.6589},{"bases":[[[0.826385,-0.423779,-0.370809],[0.532097,0.803174,0.267927],[0.184282,-0.418717,0.889222]],[[0.823762,-0.417956,-0.383052],[-0.0544812,0.614167,-0.787293],[0.564312,0.669411,0.483157]],[[0.823762,-0.417956,-0.383052],[-0.562632,-0.519584,-0.643022],[0.0697272,0.745215,-0.663169]],[[0.823762,-0.417956,-0.383052],[-0.498492,-0.855802,-0.138235],[-0.27004,0.304822,-0.913325]]],"btipPosition":[-11.2857,241.346,15.1127],"carpPosition":[24.3726,270.258,62.6757],"dipPosition":[-16.1809,246.871,-1.44369],"direction":[-0.0697272,-0.745215,0.663169],"extended":false,"handId":963,"id":9632,"length":64.6373,"mcpPosition":[11.9701,298.438,2.82988],"pipPosition":[-14.2682,267.313,-19.6351],"stabilizedTipPosition":[-14.6773,197.639,114.482],"timeVisible":36.9808,"tipPosition":[-12.0916,242.642,11.9572],"tipVelocity":[-2.98338,78.0656,-162.32],"tool":false,"touchDistance":0.333333,"touchZone":"none","type":2,"width":18.3255},{"bases":[[[0.802018,-0.54011,-0.255046],[0.595382,0.757087,0.268959],[0.0478243,-0.36756,0.928769]],[[0.801707,-0.537829,-0.260779],[0.129563,0.582288,-0.802592],[0.583506,0.609657,0.536507]],[[0.801707,-0.537829,-0.260779],[-0.538267,-0.459941,-0.706204],[0.259874,0.706537,-0.658233]],[[0.801707,-0.537829,-0.260779],[-0.587997,-0.788012,-0.182475],[-0.107357,0.299628,-0.947996]]],"btipPosition":[1.38568,237.943,13.2631],"carpPosition":[34.4341,266.29,57.8319],"dipPosition":[-0.549249,243.343,-3.82302],"direction":[-0.259874,-0.706537,0.658233],"extended":false,"handId":963,"id":9633,"length":62.1505,"mcpPosition":[31.5443,288.5,1.71071],"pipPosition":[6.39525,262.224,-21.4127],"stabilizedTipPosition":[-0.42042,194.503,113.973],"timeVisible":36.9808,"tipPosition":[1.31515,239.167,10.5393],"tipVelocity":[-6.24113,71.1979,-170.589],"tool":false,"touchDistance":0.333333,"touchZone":"none","type":3,"width":17.4379},{"bases":[[[0.69269,-0.696639,-0.186747],[0.714748,0.628397,0.307007],[-0.096522,-0.346138,0.933205]],[[0.666371,-0.745161,-0.0261578],[0.414278,0.399186,-0.817939],[0.619938,0.534214,0.57471]],[[0.666371,-0.745161,-0.0261578],[-0.509212,-0.429183,-0.745993],[0.544658,0.510428,-0.66544]],[[0.666371,-0.745161,-0.0261578],[-0.732178,-0.647324,-0.211865],[0.140941,0.160333,-0.976949]]],"btipPosition":[13.5405,244.661,10.0359],"carpPosition":[41.9067,255.817,53.0385],"dipPosition":[15.8839,247.327,-6.20814],"direction":[-0.544658,-0.510428,0.66544],"extended":false,"handId":963,"id":9634,"length":48.7249,"mcpPosition":[47.3056,275.179,0.839616],"pipPosition":[26.1602,256.957,-18.7632],"stabilizedTipPosition":[10.6259,200.204,116.986],"timeVisible":36.9808,"tipPosition":[14.11,244.982,7.03827],"tipVelocity":[-5.22722,67.7292,-190.539],"tool":false,"touchDistance":0.333333,"touchZone":"none","type":4,"width":15.4897}],"r":[[0.980688,-0.160193,0.112206],[0.142878,0.978566,0.148304],[-0.133558,-0.129408,0.982556]],"s":1.11894,"t":[-0.779867,-39.1212,-21.9569],"timestamp":669223025382},false],[4,{"currentFrameRate":51.8353,"devices":[],"gestures":[],"hands":[{"armBasis":[[0.927785,-0.303953,-0.216396],[0.258248,0.941728,-0.215538],[0.269299,0.144089,0.952217]],"armWidth":61.4671,"confidence":0.425166,"direction":[-0.0952538,0.53136,-0.841774],"elbow":[98.8941,292.527,310.381],"grabStrength":0.0503917,"id":963,"palmNormal":[-0.425709,-0.786135,-0.448066],"palmPosition":[15.4016,281.723,18.8709],"palmVelocity":[14.793,46.5148,-132.563],"palmWidth":87.7729,"pinchStrength":0.391409,"r":[[0.979971,-0.16558,0.110634],[0.148486,0.977761,0.148108],[-0.132697,-0.128714,0.982764]],"s":1.121,"sphereCenter":[12.8089,244.915,-21.7121],"sphereRadius":51.0527,"stabilizedPalmPosition":[9.0521,236.991,123.314],"t":[-0.506561,-38.2844,-24.349],"timeVisible":36.9991,"type":"right","wrist":[28.7542,254.999,62.3728]}],"id":4956007,"interactionBox":{"center":[0,200,0],"size":[235.247,235.247,147.751]},"pointables":[{"bases":[[[0.724269,0.679801,0.115349],[-0.496622,0.398249,0.771209],[0.478331,-0.615848,0.626044]],[[0.48686,0.863396,-0.132339],[-0.689379,0.472851,0.548789],[0.536399,-0.175951,0.825419]],[[0.48686,0.863396,-0.132339],[-0.773616,0.496568,0.393622],[0.405567,-0.0892588,0.909697]],[[0.48686,0.863396,-0.132339],[-0.839793,0.504351,0.200944],[0.240239,0.0133063,0.970622]]],"btipPosition":[-44.7039,264.844,-22.8157],"carpPosition":[-0.112025,253.736,68.7634],"dipPosition":[-39.2802,265.144,-0.902826],"direction":[-0.405567,0.0892588,-0.909697],"extended":false,"handId":963,"id":9630,"length":50.2737,"mcpPosition":[-0.112025,253.736,68.7634],"pipPosition":[-25.9411,262.208,29.0172],"stabilizedTipPosition":[-47.7799,225.12,75.517],"timeVisible":36.9991,"tipPosition":[-43.6249,266.11,-17.4874],"tipVelocity":[12.727,42.181,-121.601],"tool":false,"touchDistance":-0.781961,"touchZone":"hovering","type":0,"width":19.534},{"bases":[[[0.871065,-0.221973,-0.438149],[0.384658,0.863003,0.327512],[0.305425,-0.453821,0.837115]],[[0.913723,-0.305658,-0.267739],[0.294985,0.952125,-0.0802633],[0.279454,-0.0056406,0.960143]],[[0.913723,-0.305658,-0.267739],[0.260241,0.946238,-0.192116],[0.312066,0.105864,0.944144]],[[0.913723,-0.305658,-0.267739],[0.234209,0.934609,-0.26768],[0.332049,0.181878,0.925561]]],"btipPosition":[-32.0704,298.568,-70.2851],"carpPosition":[13.9354,271.593,66.1834],"dipPosition":[-26.5978,301.565,-55.0304],"direction":[-0.312066,-0.105864,-0.944144],"extended":true,"handId":963,"id":9631,"length":56.7283,"mcpPosition":[-7.74016,303.8,6.77461],"pipPosition":[-19.3217,304.033,-33.017],"stabilizedTipPosition":[-29.9407,255.446,-1.66129],"timeVisible":36.9991,"tipPosition":[-31.2342,297.204,-66.2271],"tipVelocity":[15.9003,103.941,-136.782],"tool":false,"touchDistance":-0.968053,"touchZone":"hovering","type":1,"width":18.6589},{"bases":[[[0.825897,-0.425092,-0.370393],[0.532997,0.802879,0.267022],[0.183872,-0.417951,0.889668]],[[0.82328,-0.419283,-0.382637],[-0.0531888,0.614142,-0.787401],[0.565137,0.668604,0.48331]],[[0.82328,-0.419283,-0.382637],[-0.563152,-0.518758,-0.643234],[0.071201,0.745045,-0.663203]],[[0.82328,-0.419283,-0.382637],[-0.49968,-0.855135,-0.138076],[-0.269313,0.304871,-0.913523]]],"btipPosition":[-11.0941,241.737,13.5016],"carpPosition":[24.6286,270.659,61.0972],"dipPosition":[-15.9761,247.263,-3.05833],"direction":[-0.071201,-0.745045,0.663203],"extended":false,"handId":963,"id":9632,"length":64.6373,"mcpPosition":[12.2538,298.788,1.22143],"pipPosition":[-14.0229,267.701,-21.2507],"stabilizedTipPosition":[-14.6624,197.914,113.846],"timeVisible":36.9991,"tipPosition":[-11.8983,243.031,10.3453],"tipVelocity":[3.54727,50.9095,-126.776],"tool":false,"touchDistance":0.333333,"touchZone":"none","type":2,"width":18.3255},{"bases":[[[0.801408,-0.54127,-0.254502],[0.596231,0.756723,0.268101],[0.0474726,-0.366601,0.929167]],[[0.80108,-0.538861,-0.260575],[0.129394,0.580949,-0.803589],[0.584404,0.610023,0.535112]],[[0.80108,-0.538861,-0.260575],[-0.539075,-0.460321,-0.705338],[0.260131,0.705502,-0.659241]],[[0.80108,-0.538861,-0.260575],[-0.588847,-0.787582,-0.181586],[-0.107375,0.298904,-0.948223]]],"btipPosition":[1.61308,238.295,11.7555],"carpPosition":[34.6854,266.675,56.2571],"dipPosition":[-0.322181,243.682,-5.33466],"direction":[-0.260131,-0.705502,0.659241],"extended":false,"handId":963,"id":9633,"length":62.1505,"mcpPosition":[31.8169,288.827,0.111993],"pipPosition":[6.62918,262.535,-22.9513],"stabilizedTipPosition":[-0.415204,194.651,113.624],"timeVisible":36.9991,"tipPosition":[1.52805,239.525,8.98054],"tipVelocity":[2.70511,46.2226,-128.374],"tool":false,"touchDistance":0.333333,"touchZone":"none","type":3,"width":17.4379},{"bases":[[[0.691911,-0.697605,-0.186027],[0.715457,0.627943,0.306282],[-0.0968498,-0.345015,0.933587]],[[0.665473,-0.746001,-0.0250463],[0.415489,0.398097,-0.817855],[0.620092,0.533854,0.574879]],[[0.665473,-0.746001,-0.0250463],[-0.508857,-0.428868,-0.746416],[0.546086,0.509465,-0.665008]],[[0.665473,-0.746001,-0.0250463],[-0.732759,-0.646534,-0.212268],[0.142159,0.159611,-0.976891]]],"btipPosition":[13.7459,245.012,8.43599],"carpPosition":[42.1462,256.189,51.4748],"dipPosition":[16.1097,247.666,-7.80713],"direction":[-0.546086,-0.509465,0.665008],"extended":false,"handId":963,"id":9634,"length":48.7249,"mcpPosition":[47.5635,275.487,-0.745472],"pipPosition":[26.4128,257.278,-20.354],"stabilizedTipPosition":[10.634,200.305,116.737],"timeVisible":36.9991,"tipPosition":[14.3247,245.344,5.42755],"tipVelocity":[2.78297,44.4021,-141.156],"tool":false,"touchDistance":0.333333,"touchZone":"none","type":4,"width":15.4897}],"r":[[0.979971,-0.16558,0.110634],[0.148486,0.977761,0.148108],[-0.132697,-0.128714,0.982764]],"s":1.121,"t":[-0.506561,-38.2844,-24.349],"timestamp":669223043670},false],[5,{"currentFrameRate":52.0397,"devices":[],"gestures":[],"hands":[{"armBasis":[[0.925696,-0.308876,-0.218364],[0.263407,0.940666,-0.213928],[0.271485,0.140514,0.95213]],"armWidth":61.4671,"confidence":0.485746,"direction":[-0.0952609,0.526602,-0.844758],"elbow":[99.6509,292.427,309.68],"grabStrength":0.0345031,"id":963,"palmNormal":[-0.428695,-0.787594,-0.442624],"palmPosition":[15.5867,282.331,18.0576],"palmVelocity":[12.4922,39.9587,-89.8574],"palmWidth":87.7729,"pinchStrength":0.400133,"r":[[0.979319,-0.170304,0.10923],[0.153568,0.977184,0.146725],[-0.131726,-0.126917,0.983128]],"s":1.12277,"sphereCenter":[12.8548,245.332,-22.3506],"sphereRadius":51.1362,"stabilizedPalmPosition":[9.07492,237.15,122.946],"t":[-0.277357,-37.562,-25.9517],"timeVisible":37.0175,"type":"right","wrist":[28.9416,255.829,61.6945]}],"id":4956008,"interactionBox":{"center":[0,200,0],"size":[235.247,235.247,147.751]},"pointables":[{"bases":[[[0.726367,0.678444,0.110023],[-0.494142,0.404226,0.769691],[0.477718,-0.613445,0.628864]],[[0.488433,0.861482,-0.138859],[-0.685245,0.477197,0.550203],[0.540253,-0.173585,0.823405]],[[0.488433,0.861482,-0.138859],[-0.774854,0.501374,0.385],[0.401291,-0.0804513,0.912411]],[[0.488433,0.861482,-0.138859],[-0.842485,0.507012,0.182093],[0.227273,0.0280464,0.973427]]],"btipPosition":[-44.2607,265.056,-23.4915],"carpPosition":[0.0834004,254.685,68.1432],"dipPosition":[-39.1297,265.69,-1.51527],"direction":[-0.401291,0.0804513,-0.912411],"extended":false,"handId":963,"id":9630,"length":50.2737,"mcpPosition":[0.0834004,254.685,68.1432],"pipPosition":[-25.9312,263.044,28.494],"stabilizedTipPosition":[-47.7581,225.307,75.0795],"timeVisible":37.0175,"tipPosition":[-43.3368,266.391,-18.1483],"tipVelocity":[16.408,29.3916,-80.2101],"tool":false,"touchDistance":-0.742016,"touchZone":"hovering","type":0,"width":19.534},{"bases":[[[0.869664,-0.227019,-0.438345],[0.387645,0.863857,0.321686],[0.305639,-0.449681,0.839269]],[[0.912216,-0.30928,-0.268717],[0.299672,0.950917,-0.0771579],[0.279391,-0.0101424,0.960124]],[[0.912216,-0.30928,-0.268717],[0.265163,0.945649,-0.188244],[0.312332,0.100466,0.944646]],[[0.912216,-0.30928,-0.268717],[0.23918,0.934504,-0.263621],[0.33265,0.176208,0.926442]]],"btipPosition":[-31.8585,299.574,-71.2146],"carpPosition":[14.176,272.487,65.4321],"dipPosition":[-26.3759,302.478,-55.9455],"direction":[-0.312332,-0.100466,-0.944646],"extended":true,"handId":963,"id":9631,"length":56.7283,"mcpPosition":[-7.51473,304.4,5.87054],"pipPosition":[-19.0936,304.82,-33.9203],"stabilizedTipPosition":[-29.9923,258.971,-6.8579],"timeVisible":37.0175,"tipPosition":[-31.0115,298.212,-67.1773],"tipVelocity":[13.8262,79.522,-94.9902],"tool":false,"touchDistance":-0.913474,"touchZone":"hovering","type":1,"width":18.6589},{"bases":[[[0.82405,-0.429603,-0.3693],[0.535708,0.802958,0.261295],[0.18428,-0.413157,0.891819]],[[0.821429,-0.423862,-0.381569],[-0.0522827,0.610271,-0.790466],[0.567909,0.669261,0.479133]],[[0.821429,-0.423862,-0.381569],[-0.565656,-0.520205,-0.639859],[0.0727181,0.741436,-0.667072]],[[0.821429,-0.423862,-0.381569],[-0.502518,-0.854306,-0.132806],[-0.269685,0.300836,-0.91475]]],"btipPosition":[-11.0563,242.39,12.915],"carpPosition":[24.8575,271.493,60.3328],"dipPosition":[-15.9451,247.843,-3.66719],"direction":[-0.0727181,-0.741436,0.667072],"extended":false,"handId":963,"id":9632,"length":64.6373,"mcpPosition":[12.4553,299.299,0.31226],"pipPosition":[-13.9503,268.181,-21.9656],"stabilizedTipPosition":[-14.6448,198.238,113.104],"timeVisible":37.0175,"tipPosition":[-11.8628,243.667,9.75151],"tipVelocity":[2.78168,42.9665,-81.0733],"tool":false,"touchDistance":0.333333,"touchZone":"none","type":2,"width":18.3255},{"bases":[[[0.799442,-0.54502,-0.252676],[0.598815,0.756633,0.262539],[0.0480946,-0.361191,0.931251]],[[0.799094,-0.542533,-0.25905],[0.128941,0.575514,-0.807563],[0.587216,0.611916,0.529845]],[[0.799094,-0.542533,-0.25905],[-0.541828,-0.463174,-0.70135],[0.26052,0.700805,-0.664079]],[[0.799094,-0.542533,-0.25905],[-0.59134,-0.787014,-0.175856],[-0.108468,0.293712,-0.94972]]],"btipPosition":[1.67276,238.882,11.2547],"carpPosition":[34.8947,267.452,55.499],"dipPosition":[-0.282207,244.176,-5.86244],"direction":[-0.26052,-0.700805,0.664079],"extended":false,"handId":963,"id":9633,"length":62.1505,"mcpPosition":[31.9885,289.277,-0.772091],"pipPosition":[6.67956,262.903,-23.6083],"stabilizedTipPosition":[-0.408755,194.83,113.206],"timeVisible":37.0175,"tipPosition":[1.57275,240.104,8.43007],"tipVelocity":[2.84077,38.7121,-79.6871],"tool":false,"touchDistance":0.333333,"touchZone":"none","type":3,"width":17.4379},{"bases":[[[0.689631,-0.700636,-0.183078],[0.717748,0.627749,0.301278],[-0.0961589,-0.339175,0.935796]],[[0.66334,-0.748002,-0.0217512],[0.415168,0.392049,-0.820935],[0.622588,0.535528,0.570608]],[[0.66334,-0.748002,-0.0217512],[-0.511348,-0.431866,-0.742978],[0.546355,0.503969,-0.668963]],[[0.66334,-0.748002,-0.0217512],[-0.734932,-0.645725,-0.20716],[0.140911,0.153403,-0.978065]]],"btipPosition":[13.8092,245.563,7.84364],"carpPosition":[42.3177,256.917,50.7662],"dipPosition":[16.1522,248.113,-8.41902],"direction":[-0.546355,-0.503969,0.668963],"extended":false,"handId":963,"id":9634,"length":48.7249,"mcpPosition":[47.6963,275.888,-1.57764],"pipPosition":[26.4604,257.622,-21.0405],"stabilizedTipPosition":[10.6427,200.412,116.475],"timeVisible":37.0175,"tipPosition":[14.3838,245.878,4.82838],"tipVelocity":[2.96926,36.756,-88.6496],"tool":false,"touchDistance":0.333333,"touchZone":"none","type":4,"width":15.4897}],"r":[[0.979319,-0.170304,0.10923],[0.153568,0.977184,0.146725],[-0.131726,-0.126917,0.983128]],"s":1.12277,"t":[-0.277357,-37.562,-25.9517],"timestamp":669223062136},false],[6,{"currentFrameRate":52.2346,"devices":[],"gestures":[],"hands":[{"armBasis":[[0.922304,-0.320221,-0.216364],[0.277041,0.938174,-0.207552],[0.26945,0.131484,0.953996]],"armWidth":61.4671,"confidence":0.532567,"direction":[-0.0934365,0.515847,-0.85157],"elbow":[99.1154,291.585,309.111],"grabStrength":0.0213531,"id":963,"palmNormal":[-0.435319,-0.79039,-0.431022],"palmPosition":[15.6707,283.346,16.6781],"palmVelocity":[8.66916,47.2345,-82.6233],"palmWidth":87.7729,"pinchStrength":0.411512,"r":[[0.978578,-0.17519,0.10814],[0.159091,0.976866,0.14291],[-0.130675,-0.122644,0.98381]],"s":1.12397,"sphereCenter":[12.5975,245.886,-23.2429],"sphereRadius":51.1708,"stabilizedPalmPosition":[9.10615,237.368,122.443],"t":[-0.120752,-36.6934,-27.4428],"timeVisible":37.036,"type":"right","wrist":[28.9362,257.339,60.6389]}],"id":4956009,"interactionBox":{"center":[0,200,0],"size":[235.247,235.247,147.751]},"pointables":[{"bases":[[[0.731441,0.67464,0.0992701],[-0.489478,0.418086,0.765255],[0.474768,-0.608329,0.636027]],[[0.493746,0.856224,-0.151972],[-0.678552,0.488636,0.548453],[0.543858,-0.167676,0.822255]],[[0.493746,0.856224,-0.151972],[-0.774511,0.512448,0.37085],[0.395408,-0.0654021,0.916174]],[[0.493746,0.856224,-0.151972],[-0.843946,0.513943,0.153681],[0.20969,0.0523762,0.976364]]],"btipPosition":[-43.8419,265.531,-24.6036],"carpPosition":[0.0853545,256.489,67.1658],"dipPosition":[-39.1079,266.714,-2.56108],"direction":[-0.395408,0.0654021,-0.916174],"extended":false,"handId":963,"id":9630,"length":50.2737,"mcpPosition":[0.0853545,256.489,67.1658],"pipPosition":[-26.1029,264.563,27.572],"stabilizedTipPosition":[-47.731,225.526,74.5681],"timeVisible":37.036,"tipPosition":[-43.1296,266.992,-19.2419],"tipVelocity":[17.0631,30.9472,-70.2358],"tool":false,"touchDistance":-0.712601,"touchZone":"hovering","type":0,"width":19.534},{"bases":[[[0.867015,-0.239129,-0.437153],[0.394537,0.86531,0.309157],[0.304345,-0.440517,0.844582]],[[0.909204,-0.318926,-0.267647],[0.308037,0.947754,-0.0829245],[0.280111,-0.00705005,0.959942]],[[0.909204,-0.318926,-0.267647],[0.273709,0.942253,-0.192984],[0.313739,0.102205,0.943992]],[[0.909204,-0.318926,-0.267647],[0.247737,0.931059,-0.267871],[0.334627,0.177243,0.925532]]],"btipPosition":[-31.7395,300.402,-72.802],"carpPosition":[14.2984,274.151,64.184],"dipPosition":[-26.2243,303.323,-57.5479],"direction":[-0.313739,-0.102205,-0.943992],"extended":true,"handId":963,"id":9631,"length":56.7283,"mcpPosition":[-7.30051,305.414,4.24535],"pipPosition":[-18.9092,305.706,-35.5379],"stabilizedTipPosition":[-30.0299,262.275,-11.7574],"timeVisible":37.036,"tipPosition":[-30.8846,299.075,-68.7727],"tipVelocity":[10.4713,62.9532,-90.8079],"tool":false,"touchDistance":-0.874323,"touchZone":"hovering","type":1,"width":18.6589},{"bases":[[[0.820114,-0.440433,-0.365284],[0.542023,0.802544,0.249268],[0.18337,-0.40242,0.896902]],[[0.817507,-0.434841,-0.377618],[-0.049218,0.60053,-0.798086],[0.573812,0.671026,0.469536]],[[0.817507,-0.434841,-0.377618],[-0.570745,-0.524017,-0.632183],[0.0770209,0.732338,-0.676572]],[[0.817507,-0.434841,-0.377618],[-0.509089,-0.852195,-0.120795],[-0.269277,0.290992,-0.918049]]],"btipPosition":[-11.2917,243.532,12.0819],"carpPosition":[24.9609,273.012,59.0751],"dipPosition":[-16.173,248.807,-4.56011],"direction":[-0.0770209,-0.732338,0.676571],"extended":false,"handId":963,"id":9632,"length":64.6373,"mcpPosition":[12.6198,300.096,-1.2875],"pipPosition":[-14.0603,268.896,-23.1191],"stabilizedTipPosition":[-14.6155,198.849,111.725],"timeVisible":37.036,"tipPosition":[-12.0971,244.773,8.90114],"tipVelocity":[-4.66636,51.0516,-64.1485],"tool":false,"touchDistance":0.333333,"touchZone":"none","type":2,"width":18.3255},{"bases":[[[0.79495,-0.554089,-0.24706],[0.6048,0.755789,0.250997],[0.0476504,-0.348953,0.935928]],[[0.79459,-0.551587,-0.253727],[0.130603,0.563401,-0.815795],[0.592932,0.615086,0.519712]],[[0.79459,-0.551587,-0.253727],[-0.546928,-0.468832,-0.69359],[0.26362,0.68989,-0.674208]],[[0.79459,-0.551587,-0.253727],[-0.597323,-0.785068,-0.163932],[-0.10877,0.281815,-0.953283]]],"btipPosition":[1.43895,239.895,10.5189],"carpPosition":[34.9578,268.834,54.2742],"dipPosition":[-0.521459,244.974,-6.66249],"direction":[-0.26362,-0.68989,0.674208],"extended":false,"handId":963,"id":9633,"length":62.1505,"mcpPosition":[32.0785,289.92,-2.27951],"pipPosition":[6.52315,263.409,-24.6791],"stabilizedTipPosition":[-0.397628,195.198,112.356],"timeVisible":37.036,"tipPosition":[1.32883,241.085,7.63951],"tipVelocity":[-4.67252,45.2357,-60.9133],"tool":false,"touchDistance":0.333333,"touchZone":"none","type":3,"width":17.4379},{"bases":[[[0.684191,-0.707963,-0.175129],[0.722899,0.6