{"sensorType":"Leap","data":[[0,{"currentFrameRate":52.1348,"devices":[],"gestures":[],"hands":[{"armBasis":[[0.893737,-0.352025,-0.278052],[0.307389,0.932024,-0.191947],[0.326722,0.0860795,0.941192]],"armWidth":61.4671,"confidence":0.643772,"direction":[0.0061231,0.454553,-0.890699],"elbow":[110.807,317.016,324.162],"grabStrength":0.08198,"id":963,"palmNormal":[-0.378436,-0.823415,-0.422817],"palmPosition":[17.6467,317.341,32.0937],"palmVelocity":[4.7462,91.9817,-193.05],"palmWidth":87.7729,"pinchStrength":0.650352,"r":[[0.989213,-0.138994,0.0462308],[0.138833,0.990293,0.00670555],[-0.046714,-0.000214873,0.998908]],"s":0.761247,"sphereCenter":[14.1289,275.511,-6.37451],"sphereRadius":51.1858,"stabilizedPalmPosition":[9.19621,284.482,80.5074],"t":[1.92582,-3.56747,-9.835],"timeVisible":8.33027,"type":"right","wrist":[25.711,294.596,79.025]}],"id":4954474,"interactionBox":{"center":[0,200,0],"size":[235.247,235.247,147.751]},"pointables":[{"bases":[[[0.71214,0.688504,0.137184],[-0.578071,0.464204,0.67108],[0.39836,-0.557205,0.728582]],[[0.50273,0.850399,-0.15519],[-0.686898,0.501979,0.525536],[0.524818,-0.157603,0.836497]],[[0.50273,0.850399,-0.15519],[-0.831362,0.524825,0.182743],[0.236852,0.0371484,0.970835]],[[0.50273,0.850399,-0.15519],[-0.845519,0.521094,0.116441],[0.17989,0.0726775,0.980998]]],"btipPosition":[-40.8288,298.585,-12.2055],"carpPosition":[-3.70615,293.858,82.1521],"dipPosition":[-36.7676,300.225,9.94161],"direction":[-0.236852,-0.0371484,-0.970835],"extended":false,"handId":963,"id":9630,"length":50.2737,"mcpPosition":[-3.70615,293.858,82.1521],"pipPosition":[-28.9775,301.447,41.8725],"stabilizedTipPosition":[-47.8496,267.109,37.8639],"timeVisible":8.33027,"tipPosition":[-40.3266,300.39,-6.87392],"tipVelocity":[-0.363303,107.753,-186.956],"tool":false,"touchDistance":-0.767775,"touchZone":"hovering","type":0,"width":19.534},{"bases":[[[0.913495,-0.258519,-0.314157],[0.35209,0.889236,0.292047],[0.20386,-0.377395,0.903335]],[[0.921617,-0.274955,-0.273903],[0.246268,0.959777,-0.134832],[0.299959,0.0568095,0.952259]],[[0.921617,-0.274955,-0.273903],[0.16857,0.919299,-0.355631],[0.349581,0.281584,0.89359]],[[0.921617,-0.274955,-0.273903],[0.109755,0.861589,-0.495598],[0.372259,0.426689,0.824233]]],"btipPosition":[-30.4886,322.27,-58.3583],"carpPosition":[10.6965,311.439,79.6342],"dipPosition":[-24.3532,329.302,-44.7737],"direction":[-0.349581,-0.281584,-0.89359],"extended":true,"handId":963,"id":9631,"length":56.7283,"mcpPosition":[-3.7711,338.222,15.526],"pipPosition":[-16.2024,335.868,-23.9389],"stabilizedTipPosition":[-29.8254,313.513,-43.5834],"timeVisible":8.33027,"tipPosition":[-29.2733,321.85,-54.2236],"tipVelocity":[4.0889,160.388,-207.617],"tool":false,"touchDistance":-0.842184,"touchZone":"hovering","type":1,"width":18.6589},{"bases":[[[0.859142,-0.454909,-0.234378],[0.505849,0.824227,0.254493],[0.0774093,-0.337205,0.938243]],[[0.860505,-0.46149,-0.215775],[0.11365,0.586775,-0.801735],[0.496604,0.665374,0.557371]],[[0.860505,-0.46149,-0.215775],[-0.194004,0.0947867,-0.976411],[0.471056,0.882067,-0.00796667]],[[0.860505,-0.46149,-0.215775],[-0.323012,-0.166718,-0.931595],[0.393948,0.871339,-0.292528]]],"btipPosition":[-26.4702,261.842,-7.63015],"carpPosition":[21.8926,310.076,75.9091],"dipPosition":[-19.3289,277.637,-12.933],"direction":[-0.471056,-0.882067,0.00796667],"extended":false,"handId":963,"id":9632,"length":64.6373,"mcpPosition":[16.6828,332.77,12.7641],"pipPosition":[-6.40737,301.833,-13.1515],"stabilizedTipPosition":[-27.4878,223.079,47.9617],"timeVisible":8.33027,"tipPosition":[-24.6576,265.062,-7.31161],"tipVelocity":[-30.5933,111.036,-182.315],"tool":false,"touchDistance":0.333333,"touchZone":"none","type":2,"width":18.3255},{"bases":[[[0.820575,-0.560404,-0.112266],[0.568148,0.77845,0.266876],[-0.0621651,-0.282776,0.957169]],[[0.820127,-0.562339,-0.10567],[0.233342,0.497328,-0.835593],[0.522439,0.660636,0.53909]],[[0.820127,-0.562339,-0.10567],[-0.109204,0.0274499,-0.99364],[0.561663,0.826451,-0.0388974]],[[0.820127,-0.562339,-0.10567],[-0.264067,-0.208151,-0.941776],[0.507602,0.80028,-0.319206]]],"btipPosition":[-10.5164,257.799,-1.65562],"carpPosition":[32.4021,305.694,72.6237],"dipPosition":[-1.36768,272.223,-7.4088],"direction":[-0.561663,-0.826451,0.0388974],"extended":false,"handId":963,"id":9633,"length":62.1505,"mcpPosition":[36.1585,322.781,14.7865],"pipPosition":[13.6414,294.307,-8.44824],"stabilizedTipPosition":[-12.5358,218.685,58.7961],"timeVisible":8.33027,"tipPosition":[-8.36738,260.877,-1.80527],"tipVelocity":[-32.0569,106.599,-200.4],"tool":false,"touchDistance":0.333333,"touchZone":"none","type":3,"width":17.4379},{"bases":[[[0.702635,-0.710233,-0.0432717],[0.681122,0.653749,0.329674],[-0.205857,-0.261114,0.943103]],[[0.701002,-0.712256,-0.0358873],[0.369699,0.405968,-0.835771],[0.609852,0.57261,0.547904]],[[0.701002,-0.712256,-0.0358873],[-0.0468728,0.00419747,-0.998892],[0.711617,0.701907,-0.030443]],[[0.701002,-0.712256,-0.0358873],[-0.240338,-0.188564,-0.952198],[0.671442,0.676118,-0.303365]]],"btipPosition":[6.39303,265.427,3.84874],"carpPosition":[40.2705,294.838,69.6712],"dipPosition":[17.5573,276.669,-1.19543],"direction":[-0.711617,-0.701907,0.030443],"extended":false,"handId":963,"id":9634,"length":48.7249,"mcpPosition":[51.7851,309.443,16.9187],"pipPosition":[30.9836,289.912,-1.7698],"stabilizedTipPosition":[3.30289,228.394,61.5511],"timeVisible":8.33027,"tipPosition":[8.99307,267.878,3.49522],"tipVelocity":[-27.565,94.3069,-192.314],"tool":false,"touchDistance":0.333333,"touchZone":"none","type":4,"width":15.4897}],"r":[[0.989213,-0.138994,0.0462308],[0.138833,0.990293,0.00670555],[-0.046714,-0.000214873,0.998908]],"s":0.761247,"t":[1.92582,-3.56747,-9.835],"timestamp":669194374870},false],[1,{"currentFrameRate":52.3451,"devices":[],"gestures":[],"hands":[{"armBasis":[[0.89521,-0.345872,-0.281018],[0.301682,0.934469,-0.189091],[0.328004,0.084498,0.94089]],"armWidth":61.4671,"confidence":0.655982,"direction":[0.0080864,0.465144,-0.885198],"elbow":[110.809,317.732,320.863],"grabStrength":0.0736192,"id":963,"palmNormal":[-0.372568,-0.820089,-0.434335],"palmPosition":[17.4243,318.987,29.1099],"palmVelocity":[-3.35364,90.9314,-178.488],"palmWidth":87.7729,"pinchStrength":0.656478,"r":[[0.988304,-0.145227,0.0465256],[0.14488,0.989391,0.0107518],[-0.0475934,-0.00388542,0.998859]],"s":0.764446,"sphereCenter":[14.0058,277.8,-9.81134],"sphereRadius":51.0387,"stabilizedPalmPosition":[9.38223,285.262,79.3453],"t":[1.85765,-1.87544,-13.1686],"timeVisible":8.34861,"type":"right","wrist":[25.3793,295.724,75.805]}],"id":4954475,"interactionBox":{"center":[0,200,0],"size":[235.247,235.247,147.751]},"pointables":[{"bases":[[[0.708226,0.690152,0.148684],[-0.583362,0.453471,0.673834],[0.397624,-0.563963,0.723768]],[[0.4989,0.854732,-0.143294],[-0.692166,0.492466,0.52762],[0.521541,-0.164046,0.837308]],[[0.4989,0.854732,-0.143294],[-0.835432,0.518288,0.182843],[0.230549,0.0284921,0.972643]],[[0.4989,0.854732,-0.143294],[-0.850186,0.514765,0.11046],[0.168177,0.0667181,0.983496]]],"btipPosition":[-40.5413,300.267,-15.7271],"carpPosition":[-4.04817,294.811,78.7854],"dipPosition":[-36.7446,301.773,6.47643],"direction":[-0.230549,-0.0284921,-0.972643],"extended":false,"handId":963,"id":9630,"length":50.2737,"mcpPosition":[-4.04817,294.811,78.7854],"pipPosition":[-29.1618,302.71,38.4668],"stabilizedTipPosition":[-47.565,268.275,36.1775],"timeVisible":8.34861,"tipPosition":[-40.1408,302.002,-10.3684],"tipVelocity":[5.74522,99.2531,-189.061],"tool":false,"touchDistance":-0.77196,"touchZone":"hovering","type":0,"width":19.534},{"bases":[[[0.916154,-0.250478,-0.312927],[0.346516,0.887338,0.304234],[0.201468,-0.38716,0.899732]],[[0.923984,-0.266929,-0.273867],[0.243364,0.96281,-0.117345],[0.295005,0.041776,0.954582]],[[0.923984,-0.266929,-0.273867],[0.16871,0.927177,-0.334485],[0.343206,0.262855,0.90173]],[[0.923984,-0.266929,-0.273867],[0.112109,0.873715,-0.473343],[0.36563,0.406659,0.837224]]],"btipPosition":[-30.2697,325.401,-61.693],"carpPosition":[10.2825,312.487,76.544],"dipPosition":[-24.2435,332.104,-47.8943],"direction":[-0.343206,-0.262855,-0.90173],"extended":true,"handId":963,"id":9631,"length":56.7283,"mcpPosition":[-4.01538,339.964,12.6914],"pipPosition":[-16.2414,338.232,-26.8697],"stabilizedTipPosition":[-29.6227,316.404,-46.7991],"timeVisible":8.34861,"tipPosition":[-29.0657,324.929,-57.5845],"tipVelocity":[7.19915,163.387,-193.962],"tool":false,"touchDistance":-0.835581,"touchZone":"hovering","type":1,"width":18.6589},{"bases":[[[0.862363,-0.448057,-0.235742],[0.500753,0.823501,0.26663],[0.074668,-0.34798,0.934524]],[[0.86367,-0.45484,-0.217246],[0.114326,0.596524,-0.794411],[0.490922,0.661272,0.5672]],[[0.86367,-0.45484,-0.217246],[-0.190082,0.105284,-0.976107],[0.466844,0.884328,0.00447342]],[[0.86367,-0.45484,-0.217246],[-0.317968,-0.157196,-0.934979],[0.391115,0.87659,-0.28039]]],"btipPosition":[-26.2453,263.746,-11.4518],"carpPosition":[21.5019,311.221,72.8554],"dipPosition":[-19.1553,279.636,-16.5346],"direction":[-0.466844,-0.884328,-0.00447342],"extended":false,"handId":963,"id":9632,"length":64.6373,"mcpPosition":[16.4767,334.641,9.96075],"pipPosition":[-6.34932,303.894,-16.4119],"stabilizedTipPosition":[-27.3692,224.908,45.4621],"timeVisible":8.34861,"tipPosition":[-24.4532,266.986,-11.1325],"tipVelocity":[-10.3274,108.16,-193.518],"tool":false,"touchDistance":0.333333,"touchZone":"none","type":2,"width":18.3255},{"bases":[[[0.823733,-0.555177,-0.115074],[0.563211,0.777873,0.278761],[-0.065249,-0.294435,0.953441]],[[0.823194,-0.557476,-0.10757],[0.238156,0.511038,-0.825907],[0.515396,0.654263,0.55345]],[[0.823194,-0.557476,-0.10757],[-0.100991,0.042668,-0.993972],[0.558706,0.829096,-0.021176]],[[0.823194,-0.557476,-0.10757],[-0.255651,-0.194784,-0.946943],[0.506945,0.807019,-0.302865]]],"btipPosition":[-10.2905,259.82,-5.87369],"carpPosition":[32.0472,306.928,69.5674],"dipPosition":[-1.15361,274.365,-11.3323],"direction":[-0.558706,-0.829096,0.021176],"extended":false,"handId":963,"id":9633,"length":62.1505,"mcpPosition":[35.9899,324.72,11.9554],"pipPosition":[13.7764,296.521,-11.8982],"stabilizedTipPosition":[-12.4057,220.017,56.8229],"timeVisible":8.34861,"tipPosition":[-8.15522,262.901,-5.9277],"tipVelocity":[-10.825,109.075,-212.851],"tool":false,"touchDistance":0.333333,"touchZone":"none","type":3,"width":17.4379},{"bases":[[[0.706187,-0.706368,-0.0484167],[0.676483,0.652964,0.340601],[-0.208975,-0.273281,0.938961]],[[0.703142,-0.710185,-0.0350502],[0.382287,0.419139,-0.823517],[0.59954,0.56565,0.566208]],[[0.703142,-0.710185,-0.0350502],[-0.0285835,0.0210225,-0.99937],[0.710475,0.703701,-0.00551777]],[[0.703142,-0.710185,-0.0350502],[-0.222635,-0.173076,-0.959416],[0.675297,0.682409,-0.279809]]],"btipPosition":[6.5867,267.514,-0.55409],"carpPosition":[39.9805,296.145,66.5229],"dipPosition":[17.8151,278.86,-5.20657],"direction":[-0.710475,-0.703701,0.00551777],"extended":false,"handId":963,"id":9634,"length":48.7249,"mcpPosition":[51.6696,311.431,14.0021],"pipPosition":[31.2198,292.137,-5.31068],"stabilizedTipPosition":[3.44314,229.392,60.0408],"timeVisible":8.34861,"tipPosition":[9.19001,269.941,-0.658707],"tipVelocity":[-8.87614,104.294,-212.898],"tool":false,"touchDistance":0.333333,"touchZone":"none","type":4,"width":15.4897}],"r":[[0.988304,-0.145227,0.0465256],[0.14488,0.989391,0.0107518],[-0.0475934,-0.00388542,0.998859]],"s":0.764446,"t":[1.85765,-1.87544,-13.1686],"timestamp":669194393207},false],[2,{"currentFrameRate":52.3908,"devices":[],"gestures":[],"hands":[{"armBasis":[[0.896466,-0.346147,-0.276643],[0.302243,0.934206,-0.189496],[0.324035,0.0862636,0.942104]],"armWidth":61.4671,"confidence":0.66096,"direction":[0.008647,0.460065,-0.887843],"elbow":[109.796,320.782,317.825],"grabStrength":0.0655387,"id":963,"palmNormal":[-0.371538,-0.822837,-0.429999],"palmPosition":[17.4756,321.303,25.6142],"palmVelocity":[-0.378855,106.372,-181.563],"palmWidth":87.7729,"pinchStrength":0.659487,"r":[[0.987561,-0.150013,0.047107],[0.149566,0.988668,0.0128842],[-0.048506,-0.00567827,0.998807]],"s":0.767016,"sphereCenter":[13.8506,280.07,-13.0392],"sphereRadius":50.927,"stabilizedPalmPosition":[9.54515,285.988,78.2637],"t":[1.84919,0.12847,-16.5832],"timeVisible":8.36753,"type":"right","wrist":[25.4,298.314,72.45]}],"id":4954476,"interactionBox":{"center":[0,200,0],"size":[235.247,235.247,147.751]},"pointables":[{"bases":[[[0.707578,0.691507,0.145436],[-0.58437,0.456905,0.670634],[0.397298,-0.559514,0.727392]],[[0.498312,0.854303,-0.147825],[-0.693204,0.494994,0.523879],[0.520723,-0.158582,0.838868]],[[0.498312,0.854303,-0.147825],[-0.836082,0.518632,0.17885],[0.229459,0.0344704,0.972708]],[[0.498312,0.854303,-0.147825],[-0.851491,0.514336,0.102083],[0.163241,0.0750025,0.983731]]],"btipPosition":[-40.3363,302.206,-19.1891],"carpPosition":[-4.02977,297.396,75.4059],"dipPosition":[-36.6509,303.899,3.01971],"direction":[-0.229459,-0.0344704,-0.972708],"extended":false,"handId":963,"id":9630,"length":50.2737,"mcpPosition":[-4.02977,297.396,75.4059],"pipPosition":[-29.104,305.033,35.0122],"stabilizedTipPosition":[-47.3397,269.232,34.7754],"timeVisible":8.36753,"tipPosition":[-39.9678,303.941,-13.8431],"tipVelocity":[7.57969,101.947,-186.041],"tool":false,"touchDistance":-0.775009,"touchZone":"hovering","type":0,"width":19.534},{"bases":[[[0.91665,-0.251604,-0.310562],[0.345569,0.889319,0.299488],[0.200836,-0.381846,0.902141]],[[0.924243,-0.267344,-0.272584],[0.243703,0.962664,-0.117842],[0.293911,0.0424851,0.954888]],[[0.924243,-0.267344,-0.272584],[0.171262,0.928375,-0.329833],[0.341239,0.258163,0.90383]],[[0.924243,-0.267344,-0.272584],[0.116258,0.877092,-0.46604],[0.363675,0.399044,0.841727]]],"btipPosition":[-30.0935,327.812,-65.4662],"carpPosition":[10.2904,315.07,73.0776],"dipPosition":[-24.0996,334.389,-51.5933],"direction":[-0.341239,-0.258163,-0.90383],"extended":true,"handId":963,"id":9631,"length":56.7283,"mcpPosition":[-3.96263,342.169,9.05404],"pipPosition":[-16.1433,340.409,-30.5198],"stabilizedTipPosition":[-29.4525,318.826,-49.6998],"timeVisible":8.36753,"tipPosition":[-28.8858,327.344,-61.3739],"tipVelocity":[8.04299,144.994,-196.197],"tool":false,"touchDistance":-0.836698,"touchZone":"hovering","type":1,"width":18.6589},{"bases":[[[0.862924,-0.448776,-0.232298],[0.49989,0.82538,0.262406],[0.073973,-0.34256,0.936579]],[[0.864218,-0.455463,-0.21373],[0.11531,0.592814,-0.797042],[0.489725,0.664173,0.56484]],[[0.864218,-0.455463,-0.21373],[-0.188425,0.100888,-0.976892],[0.466501,0.88452,0.00136834]],[[0.864218,-0.455463,-0.21373],[-0.316292,-0.161477,-0.934818],[0.391263,0.875488,-0.28361]]],"btipPosition":[-26.1236,265.831,-14.7847],"carpPosition":[21.5145,313.791,69.4076],"dipPosition":[-19.0309,281.701,-19.9258],"direction":[-0.466501,-0.88452,-0.00136834],"extended":false,"handId":963,"id":9632,"length":64.6373,"mcpPosition":[16.536,336.846,6.37462],"pipPosition":[-6.23432,305.964,-19.8883],"stabilizedTipPosition":[-27.2701,226.443,43.3462],"timeVisible":8.36753,"tipPosition":[-24.336,269.082,-14.5052],"tipVelocity":[-2.08503,109.036,-185.341],"tool":false,"touchDistance":0.333333,"touchZone":"none","type":2,"width":18.3255},{"bases":[[[0.824249,-0.55523,-0.111057],[0.562368,0.779868,0.274861],[-0.0660015,-0.289009,0.955049]],[[0.823602,-0.557885,-0.102202],[0.243053,0.509978,-0.825135],[0.512451,0.654742,0.555615]],[[0.823602,-0.557885,-0.102202],[-0.0948309,0.0422073,-0.994598],[0.559185,0.828845,-0.0181427]],[[0.823602,-0.557885,-0.102202],[-0.250204,-0.195666,-0.948216],[0.508997,0.806523,-0.300736]]],"btipPosition":[-10.1489,262.046,-9.596],"carpPosition":[32.0662,309.487,66.1549],"dipPosition":[-0.975028,276.582,-15.0163],"direction":[-0.559185,-0.828845,0.0181428],"extended":false,"handId":963,"id":9633,"length":62.1505,"mcpPosition":[36.0544,326.95,8.44582],"pipPosition":[13.9678,298.731,-15.5011],"stabilizedTipPosition":[-12.2968,221.148,55.1357],"timeVisible":8.36753,"tipPosition":[-8.01272,265.114,-9.58133],"tipVelocity":[-1.61899,113.223,-204.71],"tool":false,"touchDistance":0.333333,"touchZone":"none","type":3,"width":17.4379},{"bases":[[[0.706744,-0.706121,-0.0436522],[0.675668,0.655398,0.337531],[-0.209728,-0.268042,0.940302]],[[0.702229,-0.711544,-0.0240841],[0.391231,0.413931,-0.821949],[0.594822,0.567773,0.569052]],[[0.702229,-0.711544,-0.0240841],[-0.0176064,0.016462,-0.999709],[0.711734,0.702449,-0.000967611]],[[0.702229,-0.711544,-0.0240841],[-0.212717,-0.177408,-0.960874],[0.679431,0.679876,-0.275938]]],"btipPosition":[6.72709,269.761,-4.21889],"carpPosition":[40.0103,298.692,63.1804],"dipPosition":[18.0242,281.065,-8.80702],"direction":[-0.711734,-0.702449,0.000967611],"extended":false,"handId":963,"id":9634,"length":48.7249,"mcpPosition":[51.7415,313.685,10.5845],"pipPosition":[31.4527,294.319,-8.82528],"stabilizedTipPosition":[3.56246,230.263,58.716],"timeVisible":8.36753,"tipPosition":[9.33884,272.162,-4.25183],"tipVelocity":[-0.468448,111.151,-203.087],"tool":false,"touchDistance":0.333333,"touchZone":"none","type":4,"width":15.4897}],"r":[[0.987561,-0.150013,0.047107],[0.149566,0.988668,0.0128842],[-0.048506,-0.00567827,0.998807]],"s":0.767016,"t":[1.84919,0.12847,-16.5832],"timestamp":669194412128},false],[3,{"currentFrameRate":52.3469,"devices":[],"gestures":[],"hands":[{"armBasis":[[0.895382,-0.359773,-0.2624],[0.314751,0.928169,-0.198581],[0.314995,0.0952155,0.944305]],"armWidth":61.4671,"confidence":0.546039,"direction":[0.00969193,0.461977,-0.886839],"elbow":[107.243,323.333,313.287],"grabStrength":0.0577712,"id":963,"palmNormal":[-0.389004,-0.815277,-0.428951],"palmPosition":[17.3116,321.769,20.6189],"palmVelocity":[-4.41956,65.5269,-220.206],"palmWidth":87.7729,"pinchStrength":0.660338,"r":[[0.986487,-0.157263,0.045955],[0.156739,0.987529,0.0148069],[-0.0477105,-0.00740389,0.998834]],"s":0.769521,"sphereCenter":[12.4736,280.841,-18.085],"sphereRadius":50.8643,"stabilizedPalmPosition":[9.63286,286.392,77.6128],"t":[1.76299,1.36332,-20.7882],"timeVisible":8.38679,"type":"right","wrist":[25.2016,298.534,67.3392]}],"id":4954477,"interactionBox":{"center":[0,200,0],"size":[235.247,235.247,147.751]},"pointables":[{"bases":[[[0.720509,0.67886,0.141478],[-0.571179,0.465297,0.676206],[0.393219,-0.568022,0.723001]],[[0.51193,0.845893,-0.149641],[-0.680409,0.50562,0.530464],[0.524377,-0.169743,0.834396]],[[0.51193,0.845893,-0.149641],[-0.825536,0.532616,0.186576],[0.237524,0.02802,0.970977]],[[0.51193,0.845893,-0.149641],[-0.841984,0.528629,0.107768],[0.170265,0.0708254,0.98285]]],"btipPosition":[-41.1221,303.77,-23.7804],"carpPosition":[-4.21585,298.117,70.5225],"dipPosition":[-37.2782,305.369,-1.59144],"direction":[-0.237524,-0.02802,-0.970977],"extended":false,"handId":963,"id":9630,"length":50.2737,"mcpPosition":[-4.21585,298.117,70.5225],"pipPosition":[-29.466,306.291,30.3441],"stabilizedTipPosition":[-47.2043,269.897,33.7567],"timeVisible":8.38679,"tipPosition":[-40.693,305.455,-18.437],"tipVelocity":[-15.5198,91.0834,-212.152],"tool":false,"touchDistance":-0.794779,"touchZone":"hovering","type":0,"width":19.534},{"bases":[[[0.909735,-0.266618,-0.318272],[0.363174,0.882511,0.298798],[0.201214,-0.387415,0.899679]],[[0.917157,-0.282134,-0.281465],[0.260302,0.958895,-0.112977],[0.30177,0.0303521,0.952897]],[[0.917157,-0.282134,-0.281465],[0.187528,0.92872,-0.319864],[0.351647,0.240583,0.90469]],[[0.917157,-0.282134,-0.281465],[0.131964,0.881425,-0.453515],[0.376042,0.378801,0.845637]]],"btipPosition":[-30.7943,329.931,-70.2485],"carpPosition":[10.3886,315.547,68.1226],"dipPosition":[-24.5966,336.174,-56.3112],"direction":[-0.351647,-0.240583,-0.90469],"extended":true,"handId":963,"id":9631,"length":56.7283,"mcpPosition":[-3.89126,343.041,4.27375],"pipPosition":[-16.3976,341.783,-35.2176],"stabilizedTipPosition":[-29.4416,320.469,-51.9717],"timeVisible":8.38679,"tipPosition":[-29.559,329.414,-66.1869],"tipVelocity":[-12.8242,125.605,-221.689],"tool":false,"touchDistance":-0.852874,"touchZone":"hovering","type":1,"width":18.6589},{"bases":[[[0.853225,-0.463021,-0.240039],[0.516076,0.816011,0.260368],[0.0753187,-0.346031,0.935195]],[[0.854551,-0.469796,-0.221437],[0.119734,0.593078,-0.796192],[0.505377,0.653873,0.563066]],[[0.854551,-0.469796,-0.221437],[-0.193677,0.10735,-0.975174],[0.481904,0.876224,0.000747328]],[[0.854551,-0.469796,-0.221437],[-0.325786,-0.152828,-0.93301],[0.404482,0.869446,-0.283652]]],"btipPosition":[-27.5584,267.172,-19.6366],"carpPosition":[21.5601,314.083,64.3623],"dipPosition":[-20.2261,282.933,-24.7785],"direction":[-0.481904,-0.876224,-0.000747328],"extended":false,"handId":963,"id":9632,"length":64.6373,"mcpPosition":[16.4911,337.372,1.42246],"pipPosition":[-7.00703,306.969,-24.758],"stabilizedTipPosition":[-27.2375,227.478,41.8498],"timeVisible":8.38679,"tipPosition":[-25.7149,270.401,-19.3908],"tipVelocity":[-36.6438,88.8161,-218.41],"tool":false,"touchDistance":0.333333,"touchZone":"none","type":2,"width":18.3255},{"bases":[[[0.813661,-0.569084,-0.118741],[0.577855,0.769398,0.272232],[-0.0635636,-0.29012,0.954877]],[[0.812961,-0.57205,-0.108874],[0.248765,0.510218,-0.823282],[0.526508,0.642212,0.557093]],[[0.812961,-0.57205,-0.108874],[-0.0978642,0.0500902,-0.993938],[0.574036,0.818688,-0.0152619]],[[0.812961,-0.57205,-0.108874],[-0.257589,-0.185593,-0.948263],[0.522248,0.798946,-0.298233]]],"btipPosition":[-11.5935,263.18,-14.9087],"carpPosition":[32.0105,309.606,61.0176],"dipPosition":[-2.18082,277.58,-20.2839],"direction":[-0.574036,-0.818688,0.0152619],"extended":false,"handId":963,"id":9633,"length":62.1505,"mcpPosition":[35.8513,327.136,3.3189],"pipPosition":[13.1589,299.457,-20.6918],"stabilizedTipPosition":[-12.2507,221.877,53.9892],"timeVisible":8.38679,"tipPosition":[-9.40355,266.204,-14.8649],"tipVelocity":[-36.6656,85.4011,-239.771],"tool":false,"touchDistance":0.333333,"touchZone":"none","type":3,"width":17.4379},{"bases":[[[0.694097,-0.718089,-0.0507642],[0.689473,0.642844,0.333734],[-0.207017,-0.266644,0.941299]],[[0.689149,-0.724036,-0.029087],[0.393485,0.407629,-0.82402],[0.608476,0.556427,0.565814]],[[0.689149,-0.724036,-0.029087],[-0.0228697,0.0183884,-0.999569],[0.724259,0.689517,-0.00388615]],[[0.689149,-0.724036,-0.029087],[-0.220945,-0.171731,-0.960048],[0.690114,0.668043,-0.27832]]],"btipPosition":[5.42928,270.501,-9.2932],"carpPosition":[39.7439,298.683,57.9567],"dipPosition":[16.9041,281.609,-13.9209],"direction":[-0.724259,-0.689517,0.00388615],"extended":false,"handId":963,"id":9634,"length":48.7249,"mcpPosition":[51.3234,313.598,5.30512],"pipPosition":[30.5688,294.618,-13.9943],"stabilizedTipPosition":[3.61822,230.793,57.8612],"timeVisible":8.38679,"tipPosition":[8.09052,272.859,-9.35787],"tipVelocity":[-32.6627,73.8447,-233.306],"tool":false,"touchDistance":0.333333,"touchZone":"none","type":4,"width":15.4897}],"r":[[0.986487,-0.157263,0.045955],[0.156739,0.987529,0.0148069],[-0.0477105,-0.00740389,0.998834]],"s":0.769521,"t":[1.76299,1.36332,-20.7882],"timestamp":669194431391},false],[4,{"currentFrameRate":52.4955,"devices":[],"gestures":[],"hands":[{"armBasis":[[0.894788,-0.365481,-0.256474],[0.321185,0.925899,-0.198876],[0.310154,0.0955763,0.94587]],"armWidth":61.4671,"confidence":0.55913,"direction":[0.00794114,0.459977,-0.887896],"elbow":[106.405,323.99,311.431],"grabStrength":0.0530281,"id":963,"palmNormal":[-0.397359,-0.813358,-0.424916],"palmPosition":[17.6344,322.287,18.3498],"palmVelocity":[6.14287,47.3795,-173.036],"palmWidth":87.7729,"pinchStrength":0.660517,"r":[[0.985403,-0.164466,0.0439606],[0.163922,0.986348,0.0157235],[-0.0459464,-0.00828783,0.99891]],"s":0.771991,"sphereCenter":[12.123,281.423,-20.2208],"sphereRadius":50.8147,"stabilizedPalmPosition":[9.68158,286.61,77.2519],"t":[1.88128,2.23962,-24.0252],"timeVisible":8.4053,"type":"right","wrist":[25.6242,299.096,65.0752]}],"id":4954478,"interactionBox":{"center":[0,200,0],"size":[235.247,235.247,147.751]},"pointables":[{"bases":[[[0.726209,0.673917,0.13585],[-0.563897,0.47089,0.678441],[0.393243,-0.569296,0.721985]],[[0.517332,0.841767,-0.154262],[-0.673475,0.511672,0.533501],[0.528015,-0.172106,0.831613]],[[0.517332,0.841767,-0.154262],[-0.820422,0.539113,0.190435],[0.243466,0.0280417,0.969504]],[[0.517332,0.841767,-0.154262],[-0.837783,0.534932,0.109396],[0.174605,0.0726442,0.981955]]],"btipPosition":[-41.1516,304.625,-25.6722],"carpPosition":[-3.77669,298.899,68.428],"dipPosition":[-37.2097,306.265,-3.5035],"direction":[-0.243466,-0.0280417,-0.969504],"extended":false,"handId":963,"id":9630,"length":50.2737,"mcpPosition":[-3.77669,298.899,68.428],"pipPosition":[-29.202,307.187,28.3836],"stabilizedTipPosition":[-47.1144,270.351,33.0547],"timeVisible":8.4053,"tipPosition":[-40.687,306.287,-20.3399],"tipVelocity":[-8.2,69.6249,-159.147],"tool":false,"touchDistance":-0.772082,"touchZone":"hovering","type":0,"width":19.534},{"bases":[[[0.905935,-0.2739,-0.322893],[0.371269,0.880496,0.294766],[0.20357,-0.386919,0.899363]],[[0.913254,-0.288934,-0.287201],[0.266998,0.956963,-0.113727],[0.307701,0.0271798,0.951095]],[[0.913254,-0.288934,-0.287201],[0.19422,0.928494,-0.316509],[0.358115,0.233273,0.904067]],[[0.913254,-0.288934,-0.287201],[0.138604,0.883286,-0.447877],[0.383088,0.369218,0.846712]]],"btipPosition":[-30.9232,331.026,-72.3711],"carpPosition":[10.9396,316.218,65.906],"dipPosition":[-24.6094,337.111,-58.416],"direction":[-0.358115,-0.233273,-0.904067],"extended":true,"handId":963,"id":9631,"length":56.7283,"mcpPosition":[-3.50743,343.677,2.07964],"pipPosition":[-16.2596,342.55,-37.337],"stabilizedTipPosition":[-29.4441,321.518,-53.4802],"timeVisible":8.4053,"tipPosition":[-29.6533,330.523,-68.3432],"tipVelocity":[-9.29531,92.562,-169.872],"tool":false,"touchDistance":-0.827698,"touchZone":"hovering","type":1,"width":18.6589},{"bases":[[[0.848454,-0.469719,-0.243905],[0.523462,0.812805,0.255607],[0.0781837,-0.344546,0.935508]],[[0.849845,-0.4765,-0.225191],[0.11977,0.590713,-0.797943],[0.513243,0.651157,0.559085]],[[0.849845,-0.4765,-0.225191],[-0.198043,0.107239,-0.974309],[0.488407,0.87261,-0.00323133]],[[0.849845,-0.4765,-0.225191],[-0.331831,-0.151822,-0.931041],[0.409452,0.865966,-0.287143]]],"btipPosition":[-27.8671,267.943,-21.5774],"carpPosition":[22.0785,314.665,62.0849],"dipPosition":[-20.4447,283.641,-26.7826],"direction":[-0.488407,-0.87261,0.00323133],"extended":false,"handId":963,"id":9632,"length":64.6373,"mcpPosition":[16.8166,337.854,-0.875937],"pipPosition":[-7.04725,307.577,-26.8713],"stabilizedTipPosition":[-27.221,228.154,40.8577],"timeVisible":8.4053,"tipPosition":[-26.0006,271.166,-21.3736],"tipVelocity":[-26.455,65.6282,-163.919],"tool":false,"touchDistance":0.333333,"touchZone":"none","type":2,"width":18.3255},{"bases":[[[0.808821,-0.575229,-0.122149],[0.584968,0.765771,0.26722],[-0.0601745,-0.287586,0.955863]],[[0.808151,-0.57819,-0.112198],[0.247741,0.506533,-0.825862],[0.534337,0.639625,0.552597]],[[0.808151,-0.57819,-0.112198],[-0.103152,0.0486067,-0.993477],[0.579872,0.814453,-0.02036]],[[0.808151,-0.57819,-0.112198],[-0.2643,-0.185774,-0.946379],[0.526343,0.794471,-0.302949]]],"btipPosition":[-11.8993,263.831,-16.8806],"carpPosition":[32.4767,310.105,58.6903],"dipPosition":[-2.4128,278.15,-22.3407],"direction":[-0.579872,-0.814453,0.02036],"extended":false,"handId":963,"id":9633,"length":62.1505,"mcpPosition":[36.1127,327.482,0.93206],"pipPosition":[13.0829,299.914,-22.8848],"stabilizedTipPosition":[-12.2252,222.332,53.2651],"timeVisible":8.4053,"tipPosition":[-9.68694,266.842,-16.8664],"tipVelocity":[-26.4879,60.6434,-175.896],"tool":false,"touchDistance":0.333333,"touchZone":"none","type":3,"width":17.4379},{"bases":[[[0.688574,-0.723215,-0.0531592],[0.696019,0.638544,0.328359],[-0.20353,-0.263099,0.943056]],[[0.683548,-0.729257,-0.0307585],[0.392045,0.402366,-0.827286],[0.61568,0.553431,0.560938]],[[0.683548,-0.729257,-0.0307585],[-0.0280676,0.0158475,-0.99948],[0.729365,0.684056,-0.00963597]],[[0.683548,-0.729257,-0.0307585],[-0.227288,-0.172618,-0.958407],[0.693615,0.662108,-0.283744]]],"btipPosition":[5.2031,271.043,-11.3739],"carpPosition":[40.113,299.119,55.6093],"dipPosition":[16.7361,282.052,-16.0919],"direction":[-0.729365,-0.684057,0.00963597],"extended":false,"handId":963,"id":9634,"length":48.7249,"mcpPosition":[51.4975,313.836,2.85939],"pipPosition":[30.4972,294.959,-16.2737],"stabilizedTipPosition":[3.64864,231.1,57.3564],"timeVisible":8.4053,"tipPosition":[7.88364,273.383,-11.4742],"tipVelocity":[-22.4345,51.7169,-175.43],"tool":false,"touchDistance":0.333333,"touchZone":"none","type":4,"width":15.4897}],"r":[[0.985403,-0.164466,0.0439606],[0.163922,0.986348,0.0157235],[-0.0459464,-0.00828783,0.99891]],"s":0.771991,"t":[1.88128,2.23962,-24.0252],"timestamp":669194449900},false],[5,{"currentFrameRate":52.598,"devices":[],"gestures":[],"hands":[{"armBasis":[[0.902261,-0.351803,-0.24932],[0.303888,0.929014,-0.21115],[0.305905,0.114747,0.945122]],"armWidth":61.4671,"confidence":0.570347,"direction":[0.00788853,0.467,-0.884222],"elbow":[104.833,329.646,309.727],"grabStrength":0.0481316,"id":963,"palmNormal":[-0.382192,-0.815708,-0.434224],"palmPosition":[17.1826,323.197,16.9618],"palmVelocity":[-8.61255,48.0969,-125.166],"palmWidth":87.7729,"pinchStrength":0.661132,"r":[[0.984921,-0.167415,0.0436114],[0.166763,0.985829,0.0182226],[-0.0460441,-0.010675,0.998882]],"s":0.774282,"sphereCenter":[12.3714,282.694,-21.9359],"sphereRadius":50.7383,"stabilizedPalmPosition":[9.71453,286.771,76.9871],"t":[1.7145,3.13312,-26.3377],"timeVisible":8.42394,"type":"right","wrist":[25.1591,299.76,63.566]}],"id":4954479,"interactionBox":{"center":[0,200,0],"size":[235.247,235.247,147.751]},"pointables":[{"bases":[[[0.715217,0.683352,0.146609],[-0.575826,0.457273,0.677735],[0.396092,-0.569149,0.720542]],[[0.506321,0.850317,-0.143528],[-0.684793,0.497623,0.532381],[0.524115,-0.171269,0.834248]],[[0.506321,0.850317,-0.143528],[-0.829504,0.525741,0.18847],[0.235717,0.0236311,0.971534]],[[0.506321,0.850317,-0.143528],[-0.846703,0.52176,0.104212],[0.1635,0.0687611,0.984144]]],"btipPosition":[-40.9417,305.025,-27.651],"carpPosition":[-4.26016,299.108,66.6923],"dipPosition":[-37.2505,306.578,-5.43284],"direction":[-0.235717,-0.0236311,-0.971534],"extended":false,"handId":963,"id":9630,"length":50.2737,"mcpPosition":[-4.26016,299.108,66.6923],"pipPosition":[-29.4977,307.355,26.521],"stabilizedTipPosition":[-47.0583,270.631,32.6099],"timeVisible":8.42394,"tipPosition":[-40.5598,306.616,-22.3055],"tipVelocity":[-0.252177,45.7301,-133.116],"tool":false,"touchDistance":-0.752718,"touchZone":"hovering","type":0,"width":19.534},{"bases":[[[0.912256,-0.258112,-0.318069],[0.356102,0.883477,0.304401],[0.202437,-0.390957,0.897871]],[[0.91935,-0.272919,-0.283393],[0.254281,0.961805,-0.101348],[0.300229,0.0211125,0.953633]],[[0.91935,-0.272919,-0.283393],[0.184783,0.935422,-0.301399],[0.34735,0.224724,0.91041]],[[0.91935,-0.272919,-0.283393],[0.131817,0.892325,-0.431719],[0.370703,0.359544,0.856334]]],"btipPosition":[-30.7982,332.363,-74.1659],"carpPosition":[10.2195,316.658,64.417],"dipPosition":[-24.6885,338.289,-60.0523],"direction":[-0.34735,-0.224724,-0.91041],"extended":true,"handId":963,"id":9631,"length":56.7283,"mcpPosition":[-4.14719,344.404,0.696519],"pipPosition":[-16.5897,343.529,-38.8253],"stabilizedTipPosition":[-29.4407,322.351,-54.6698],"timeVisible":8.42394,"tipPosition":[-29.5425,331.853,-70.1548],"tipVelocity":[-2.74696,81.4956,-133.186],"tool":false,"touchDistance":-0.799636,"touchZone":"hovering","type":1,"width":18.6589},{"bases":[[[0.857056,-0.455363,-0.241041],[0.509561,0.818323,0.265884],[0.0761754,-0.350702,0.933384]],[[0.858411,-0.462304,-0.222274],[0.117394,0.598865,-0.792199],[0.499349,0.653939,0.568344]],[[0.858411,-0.462304,-0.222274],[-0.191849,0.112527,-0.974952],[0.475736,0.879553,0.00790164]],[[0.858411,-0.462304,-0.222274],[-0.322188,-0.148735,-0.934919],[0.399156,0.874158,-0.276624]]],"btipPosition":[-27.2219,268.522,-23.7767],"carpPosition":[21.4083,315.298,60.6693],"dipPosition":[-19.9861,284.368,-28.7912],"direction":[-0.475736,-0.879553,-0.00790164],"extended":false,"handId":963,"id":9632,"length":64.6373,"mcpPosition":[16.2816,338.901,-2.1486],"pipPosition":[-6.9362,308.495,-28.5744],"stabilizedTipPosition":[-27.205,228.577,40.2265],"timeVisible":8.42394,"tipPosition":[-25.406,271.779,-23.557],"tipVelocity":[2.08625,49.7386,-140.469],"tool":false,"touchDistance":0.333333,"touchZone":"none","type":2,"width":18.3255},{"bases":[[[0.818056,-0.562392,-0.120411],[0.571661,0.772102,0.277602],[-0.0631516,-0.295928,0.95312]],[[0.81735,-0.56546,-0.110426],[0.246528,0.516487,-0.820039],[0.520733,0.643036,0.561553]],[[0.81735,-0.56546,-0.110426],[-0.0963182,0.0548572,-0.993838],[0.568033,0.822949,-0.00962648]],[[0.81735,-0.56546,-0.110426],[-0.254354,-0.182177,-0.949798],[0.516955,0.804404,-0.29273]]],"btipPosition":[-11.2267,264.594,-18.9431],"carpPosition":[31.8975,310.917,57.3191],"dipPosition":[-1.90937,279.092,-24.2191],"direction":[-0.568033,-0.822949,0.00962648],"extended":false,"handId":963,"id":9633,"length":62.1505,"mcpPosition":[35.7135,328.798,-0.273486],"pipPosition":[13.2699,301.083,-24.4763],"stabilizedTipPosition":[-12.2044,222.635,52.7774],"timeVisible":8.42394,"tipPosition":[-9.0585,267.639,-18.898],"tipVelocity":[2.88646,52.1489,-143.107],"tool":false,"touchDistance":0.333333,"touchZone":"none","type":3,"width":17.4379},{"bases":[[[0.699473,-0.712654,-0.0534902],[0.684099,0.646032,0.338602],[-0.20675,-0.273436,0.939408]],[[0.693501,-0.719929,-0.027545],[0.396834,0.413619,-0.819416],[0.601314,0.557335,0.572538]],[[0.693501,-0.719929,-0.027545],[-0.0155496,0.023267,-0.999608],[0.720288,0.693658,0.00494114]],[[0.693501,-0.719929,-0.027545],[-0.212925,-0.168284,-0.962467],[0.688272,0.673337,-0.269996]]],"btipPosition":[5.73722,272.07,-13.4669],"carpPosition":[39.7169,300.068,54.2115],"dipPosition":[17.1814,283.265,-17.9562],"direction":[-0.720288,-0.693658,-0.00494114],"extended":false,"handId":963,"id":9634,"length":48.7249,"mcpPosition":[51.2815,315.363,1.66571],"pipPosition":[30.7712,296.353,-17.863],"stabilizedTipPosition":[3.67247,231.32,56.9936],"timeVisible":8.42394,"tipPosition":[8.38838,274.436,-13.5019],"tipVelocity":[1.8443,54.4621,-143.393],"tool":false,"touchDistance":0.333333,"touchZone":"none","type":4,"width":15.4897}],"r":[[0.984921,-0.167415,0.0436114],[0.166763,0.985829,0.0182226],[-0.0460441,-0.010675,0.998882]],"s":0.774282,"t":[1.7145,3.13312,-26.3377],"timestamp":669194468540},false],[6,{"currentFrameRate":52.6134,"devices":[],"gestures":[],"hands":[{"armBasis":[[0.904553,-0.347795,-0.246621],[0.298394,0.92957,-0.216472],[0.304539,0.12222,0.944626]],"armWidth":61.4671,"confidence":0.524447,"direction":[0.00880323,0.468873,-0.883222],"elbow":[104.233,331.951,308.847],"grabStrength":0.0425906,"id":963,"palmNormal":[-0.376966,-0.816534,-0.437228],"palmPosition":[16.9916,323.616,16.2327],"palmVelocity":[-9.33069,35.3338,-82.5694],"palmWidth":87.7729,"pinchStrength":0.658826,"r":[[0.984655,-0.168893,0.0439374],[0.168121,0.985548,0.0207439],[-0.0468059,-0.0130388,0.998819]],"s":0.776634,"sphereCenter":[12.2828,283.31,-22.7403],"sphereRadius":50.6668,"stabilizedPalmPosition":[9.74194,286.91,76.7583],"t":[1.53565,3.78946,-27.8585],"timeVisible":8.44289,"type":"right","wrist":[24.9145,300.119,62.8157]}],"id":4954480,"interactionBox":{"center":[0,200,0],"size":[235.247,235.247,147.751]},"pointables":[{"bases":[[[0.711581,0.686298,0.150492],[-0.580239,0.453231,0.676686],[0.396201,-0.568839,0.720727]],[[0.504103,0.852435,-0.13869],[-0.687699,0.49334,0.532622],[0.522447,-0.173119,0.834913]],[[0.504103,0.852435,-0.13869],[-0.831786,0.522421,0.187639],[0.232405,0.0207709,0.972397]],[[0.504103,0.852435,-0.13869],[-0.849904,0.518176,0.0956944],[0.153439,0.0696332,0.985702]]],"btipPosition":[-40.7772,305.407,-28.5999],"carpPosition":[-4.51211,299.326,65.839],"dipPosition":[-37.3131,306.979,-6.34654],"direction":[-0.232405,-0.0207709,-0.972397],"extended":false,"handId":963,"id":9630,"length":50.2737,"mcpPosition":[-4.51211,299.326,65.839],"pipPosition":[-29.6693,307.662,25.6357],"stabilizedTipPosition":[-47.0198,270.822,32.3052],"timeVisible":8.44289,"tipPosition":[-40.4556,306.873,-23.265],"tipVelocity":[2.78248,33.2736,-92.104],"tool":false,"touchDistance":-0.719891,"touchZone":"touching","type":0,"width":19.534},{"bases":[[[0.914515,-0.253288,-0.315449],[0.351015,0.884454,0.307456],[0.201125,-0.3919,0.897754]],[[0.921399,-0.267772,-0.281643],[0.25086,0.963331,-0.0951945],[0.296805,0.0170592,0.954786]],[[0.921399,-0.267772,-0.281643],[0.183426,0.938579,-0.292274],[0.342606,0.21764,0.913922]],[[0.921399,-0.267772,-0.281643],[0.132026,0.89731,-0.421193],[0.365504,0.350903,0.862133]]],"btipPosition":[-30.6914,333.195,-75.1499],"carpPosition":[9.895,316.947,63.65],"dipPosition":[-24.6673,338.978,-60.9406],"direction":[-0.342606,-0.21764,-0.913922],"extended":true,"handId":963,"id":9631,"length":56.7283,"mcpPosition":[-4.37852,344.759,-0.0621923],"pipPosition":[-16.6792,344.053,-39.6318],"stabilizedTipPosition":[-29.4325,323.083,-55.7054],"timeVisible":8.44289,"tipPosition":[-29.4433,332.682,-71.1555],"tipVelocity":[0.861497,62.1553,-92.6881],"tool":false,"touchDistance":-0.762435,"touchZone":"touching","type":1,"width":18.6589},{"bases":[[[0.859951,-0.450948,-0.239019],[0.504902,0.820081,0.269335],[0.0745591,-0.352296,0.932914]],[[0.861278,-0.457954,-0.220177],[0.117644,0.601245,-0.790357],[0.494327,0.654815,0.571715]],[[0.861278,-0.457954,-0.220177],[-0.188638,0.114176,-0.975387],[0.471821,0.881613,0.0119499]],[[0.861278,-0.457954,-0.220177],[-0.317953,-0.14771,-0.93653],[0.396365,0.876619,-0.272827]]],"btipPosition":[-27.0271,268.835,-24.8128],"carpPosition":[21.1028,315.646,59.9382],"dipPosition":[-19.842,284.726,-29.7585],"direction":[-0.471821,-0.881613,-0.0119499],"extended":false,"handId":963,"id":9632,"length":64.6373,"mcpPosition":[16.0849,339.356,-2.84809],"pipPosition":[-6.89946,308.909,-29.4307],"stabilizedTipPosition":[-27.1937,228.847,39.8182],"timeVisible":8.44289,"tipPosition":[-25.2285,272.107,-24.6024],"tipVelocity":[5.8078,33.6778,-97.9049],"tool":false,"touchDistance":0.333333,"touchZone":"none","type":2,"width":18.3255},{"bases":[[[0.821025,-0.558406,-0.118747],[0.56717,0.774119,0.281172],[-0.0650836,-0.298199,0.952282]],[[0.820294,-0.561517,-0.108708],[0.247012,0.519241,-0.818153],[0.515852,0.644273,0.564632]],[[0.820294,-0.561517,-0.108708],[-0.0930923,0.0564522,-0.994056],[0.564316,0.825538,-0.00596546]],[[0.820294,-0.561517,-0.108708],[-0.250183,-0.181358,-0.951061],[0.514322,0.807346,-0.289249]]],"btipPosition":[-11.0269,264.958,-19.8897],"carpPosition":[31.6234,311.319,56.6152],"dipPosition":[-1.75707,279.509,-25.1029],"direction":[-0.564316,-0.825538,0.00596546],"extended":false,"handId":963,"id":9633,"length":62.1505,"mcpPosition":[35.556,329.338,-0.926749],"pipPosition":[13.3229,301.57,-25.2623],"stabilizedTipPosition":[-12.1888,222.849,52.4304],"timeVisible":8.44289,"tipPosition":[-8.87248,268.016,-19.8398],"tipVelocity":[6.36449,36.2805,-96.9613],"tool":false,"touchDistance":0.333333,"touchZone":"none","type":3,"width":17.4379},{"bases":[[[0.702899,-0.709346,-0.0525471],[0.679972,0.648436,0.342299],[-0.208735,-0.276332,0.93812]],[[0.69618,-0.717473,-0.0238032],[0.401622,0.416758,-0.815483],[0.595007,0.558163,0.578291]],[[0.69618,-0.717473,-0.0238032],[-0.00794233,0.025458,-0.999644],[0.717824,0.696121,0.0120249]],[[0.69618,-0.717473,-0.0238032],[-0.205233,-0.167149,-0.964334],[0.687905,0.676235,-0.263615]]],"btipPosition":[5.90193,272.553,-14.5302],"carpPosition":[39.5028,300.513,53.5122],"dipPosition":[17.34,283.797,-18.9134],"direction":[-0.717824,-0.696121,-0.0120249],"extended":false,"handId":963,"id":9634,"length":48.7249,"mcpPosition":[51.1785,315.97,1.03843],"pipPosition":[30.8833,296.931,-18.6865],"stabilizedTipPosition":[3.69148,231.491,56.7099],"timeVisible":8.44289,"tipPosition":[8.54208,274.922,-14.5369],"tipVelocity":[5.17195,40.5309,-99.8751],"tool":false,"touchDistance":0.333333,"touchZon