{"sensorType":"Leap","data":[[0,{"currentFrameRate":53.0633,"devices":[],"gestures":[],"hands":[{"armBasis":[[0.874415,-0.431368,-0.222081],[0.374958,0.891305,-0.254915],[0.307904,0.139631,0.941115]],"armWidth":61.4671,"confidence":0.662617,"direction":[0.0463776,0.538793,-0.841161],"elbow":[102.162,315.271,318.889],"grabStrength":0.454067,"id":963,"palmNormal":[-0.486993,-0.723024,-0.489973],"palmPosition":[15.9408,307.136,29.5967],"palmVelocity":[-5.80167,151.98,-191.765],"palmWidth":87.7729,"pinchStrength":0.604845,"r":[[0.938075,-0.345186,0.0293754],[0.344937,0.938531,0.0133039],[-0.032162,-0.00234736,0.99948]],"s":0.771113,"sphereCenter":[7.45713,271.324,-10.4907],"sphereRadius":48.57,"stabilizedPalmPosition":[16.0624,300.847,37.1775],"t":[0.42011,-14.8642,-12.4272],"timeVisible":12.7445,"type":"right","wrist":[21.9677,278.903,73.7724]}],"id":4954708,"interactionBox":{"center":[0,200,0],"size":[235.247,235.247,147.751]},"pointables":[{"bases":[[[0.79559,0.577847,0.182016],[-0.502229,0.461038,0.73158],[0.338825,-0.673452,0.657009]],[[0.543104,0.826515,-0.148024],[-0.638569,0.521035,0.56635],[0.545223,-0.213064,0.810763]],[[0.543104,0.826515,-0.148024],[-0.793466,0.562854,0.231533],[0.274681,-0.00829445,0.9615]],[[0.543104,0.826515,-0.148024],[-0.781329,0.56202,0.271403],[0.307511,-0.0317444,0.951015]]],"btipPosition":[-49.4745,292.731,-14.3965],"carpPosition":[-7.24384,281.482,77.738],"dipPosition":[-42.5321,292.015,7.07379],"direction":[-0.274681,0.00829445,-0.9615],"extended":false,"handId":963,"id":9630,"length":50.2737,"mcpPosition":[-7.24384,281.482,77.738],"pipPosition":[-33.4978,291.742,38.6976],"stabilizedTipPosition":[-52.4997,279.331,11.4192],"timeVisible":12.7445,"tipPosition":[-49.2956,293.865,-8.58199],"tipVelocity":[37.8712,68.5735,-198.566],"tool":false,"touchDistance":-0.734664,"touchZone":"hovering","type":0,"width":19.534},{"bases":[[[0.867579,-0.335761,-0.36684],[0.466664,0.804584,0.367245],[0.171847,-0.489806,0.854728]],[[0.878369,-0.373073,-0.298806],[0.300663,0.917219,-0.261363],[0.371578,0.139733,0.917826]],[[0.878369,-0.373073,-0.298806],[0.235504,0.881781,-0.408656],[0.41594,0.288581,0.862389]],[[0.878369,-0.373073,-0.298806],[0.191455,0.847406,-0.495225],[0.437965,0.377782,0.815762]]],"btipPosition":[-35.3053,313.332,-55.732],"carpPosition":[9.20622,297.318,76.5168],"dipPosition":[-28.0869,319.559,-42.2871],"direction":[-0.41594,-0.288581,-0.862389],"extended":true,"handId":963,"id":9631,"length":56.7283,"mcpPosition":[-2.98948,332.078,15.8581],"pipPosition":[-18.3889,326.287,-22.1797],"stabilizedTipPosition":[-33.675,309.337,-47.0656],"timeVisible":12.7445,"tipPosition":[-34.1778,312.645,-51.3631],"tipVelocity":[-1.46919,211.907,-221.63],"tool":false,"touchDistance":-0.796931,"touchZone":"hovering","type":1,"width":18.6589},{"bases":[[[0.790468,-0.531058,-0.305186],[0.61028,0.725287,0.318616],[0.052144,-0.438105,0.89741]],[[0.791512,-0.541687,-0.282992],[0.108297,0.580032,-0.807363],[0.601482,0.60839,0.517765]],[[0.791512,-0.541687,-0.282992],[-0.404293,-0.116841,-0.907136],[0.458318,0.832421,-0.311481]],[[0.791512,-0.541687,-0.282992],[-0.552741,-0.43694,-0.70962],[0.260741,0.718094,-0.645255]]],"btipPosition":[-28.7056,260.318,8.09387],"carpPosition":[20.0691,294.972,72.3237],"dipPosition":[-23.979,273.335,-3.60305],"direction":[-0.458318,-0.832421,0.311481],"extended":false,"handId":963,"id":9632,"length":64.6373,"mcpPosition":[16.5597,324.457,11.9269],"pipPosition":[-11.4069,296.169,-12.1473],"stabilizedTipPosition":[-33.7791,237.363,41.745],"timeVisible":12.7445,"tipPosition":[-27.6313,262.895,6.13643],"tipVelocity":[33.4866,117.186,-205.363],"tool":false,"touchDistance":0.333333,"touchZone":"none","type":2,"width":18.3255},{"bases":[[[0.741256,-0.642894,-0.192943],[0.666547,0.671157,0.324443],[-0.0790876,-0.3691,0.926018]],[[0.741661,-0.640948,-0.1978],[0.215865,0.50726,-0.83432],[0.635092,0.576084,0.514573]],[[0.741661,-0.640948,-0.1978],[-0.355177,-0.125096,-0.926391],[0.569025,0.757322,-0.320429]],[[0.741661,-0.640948,-0.1978],[-0.547374,-0.407861,-0.730774],[0.387714,0.650257,-0.653333]]],"btipPosition":[-14.9077,255.202,10.4963],"carpPosition":[29.8795,289.686,68.2913],"dipPosition":[-7.91981,266.922,-1.27896],"direction":[-0.569025,-0.757322,0.320429],"extended":false,"handId":963,"id":9633,"length":62.1505,"mcpPosition":[34.6584,311.989,12.3364],"pipPosition":[7.28599,287.16,-9.84165],"stabilizedTipPosition":[-20.5906,229.505,47.597],"timeVisible":12.7445,"tipPosition":[-13.3437,257.562,8.57607],"tipVelocity":[39.5575,129.889,-212.027],"tool":false,"touchDistance":0.333333,"touchZone":"none","type":3,"width":17.4379},{"bases":[[[0.606729,-0.783291,-0.135407],[0.764102,0.527729,0.371012],[-0.219152,-0.328568,0.918703]],[[0.584754,-0.809485,-0.05289],[0.400602,0.34485,-0.848879],[0.705394,0.475198,0.525934]],[[0.584754,-0.809485,-0.05289],[-0.2866,-0.145159,-0.946989],[0.758896,0.568914,-0.316881]],[[0.584754,-0.809485,-0.05289],[-0.549717,-0.347469,-0.759656],[0.596552,0.473286,-0.648171]]],"btipPosition":[0.222348,261.867,11.4627],"carpPosition":[36.2617,278.301,64.0334],"dipPosition":[10.1414,269.737,0.685305],"direction":[-0.758896,-0.568914,0.316881],"extended":false,"handId":963,"id":9634,"length":48.7249,"mcpPosition":[48.52,296.679,12.6457],"pipPosition":[24.4597,280.471,-5.29338],"stabilizedTipPosition":[-1.57505,245.307,32.6719],"timeVisible":12.7445,"tipPosition":[2.28207,263.423,9.10016],"tipVelocity":[35.6224,146.74,-223.97],"tool":false,"touchDistance":0.333333,"touchZone":"none","type":4,"width":15.4897}],"r":[[0.938075,-0.345186,0.0293754],[0.344937,0.938531,0.0133039],[-0.032162,-0.00234736,0.99948]],"s":0.771113,"t":[0.42011,-14.8642,-12.4272],"timestamp":669198789054},false],[1,{"currentFrameRate":53.0054,"devices":[],"gestures":[],"hands":[{"armBasis":[[0.865047,-0.447869,-0.22607],[0.398468,0.887144,-0.232806],[0.304823,0.111306,0.945883]],"armWidth":61.4671,"confidence":0.572583,"direction":[0.0449456,0.515563,-0.855672],"elbow":[101.377,310.936,316.579],"grabStrength":0.422401,"id":963,"palmNormal":[-0.498663,-0.730616,-0.466407],"palmPosition":[15.8827,309.049,25.353],"palmVelocity":[-4.44226,126.486,-206.928],"palmWidth":87.7729,"pinchStrength":0.62113,"r":[[0.941374,-0.336371,0.0258677],[0.335889,0.941661,0.0212845],[-0.0315181,-0.011348,0.999439]],"s":0.774663,"sphereCenter":[6.67826,272.283,-13.7572],"sphereRadius":48.6871,"stabilizedPalmPosition":[16.0317,302.246,35.1611],"t":[0.333984,-12.4927,-16.3431],"timeVisible":12.7635,"type":"right","wrist":[21.9847,281.946,70.2202]}],"id":4954709,"interactionBox":{"center":[0,200,0],"size":[235.247,235.247,147.751]},"pointables":[{"bases":[[[0.803115,0.573951,0.159959],[-0.491186,0.485805,0.723001],[0.337258,-0.659222,0.672074]],[[0.550454,0.816403,-0.174603],[-0.6286,0.542924,0.556863],[0.549421,-0.196772,0.812045]],[[0.550454,0.816403,-0.174603],[-0.788352,0.577124,0.213138],[0.274775,0.0203258,0.961294]],[[0.550454,0.816403,-0.174603],[-0.78202,0.577434,0.234553],[0.292311,0.00743252,0.956294]]],"btipPosition":[-49.2565,293.582,-17.956],"carpPosition":[-7.16376,284.943,74.3527],"dipPosition":[-42.6572,293.75,3.63347],"direction":[-0.274775,-0.0203258,-0.961294],"extended":false,"handId":963,"id":9630,"length":50.2737,"mcpPosition":[-7.16376,284.943,74.3527],"pipPosition":[-33.6199,294.418,35.2505],"stabilizedTipPosition":[-52.2921,279.954,10.355],"timeVisible":12.7635,"tipPosition":[-49.1663,294.943,-12.1655],"tipVelocity":[22.7786,62.0044,-191.958],"tool":false,"touchDistance":-0.742512,"touchZone":"hovering","type":0,"width":19.534},{"bases":[[[0.860888,-0.354735,-0.364739],[0.478158,0.809076,0.341704],[0.173887,-0.468572,0.866143]],[[0.87184,-0.390252,-0.29597],[0.315149,0.909543,-0.270947],[0.374935,0.142948,0.915964]],[[0.87184,-0.390252,-0.29597],[0.253203,0.876379,-0.409693],[0.419265,0.282246,0.862875]],[[0.87184,-0.390252,-0.29597],[0.210984,0.844574,-0.492119],[0.442019,0.366604,0.81867]]],"btipPosition":[-35.499,315.27,-60.4681],"carpPosition":[9.44072,300.563,72.573],"dipPosition":[-28.2139,321.312,-46.9752],"direction":[-0.419265,-0.282246,-0.862875],"extended":true,"handId":963,"id":9631,"length":56.7283,"mcpPosition":[-2.8998,333.817,11.1041],"pipPosition":[-18.4384,327.893,-26.8565],"stabilizedTipPosition":[-33.7198,311.544,-50.1704],"timeVisible":12.7635,"tipPosition":[-34.3992,314.49,-56.0495],"tipVelocity":[-5.36034,156.35,-234.507],"tool":false,"touchDistance":-0.816446,"touchZone":"hovering","type":1,"width":18.6589},{"bases":[[[0.782253,-0.547475,-0.297239],[0.620519,0.726972,0.294054],[0.0550974,-0.414467,0.908395]],[[0.783375,-0.557542,-0.27472],[0.107821,0.55719,-0.823355],[0.612126,0.615376,0.496603]],[[0.783375,-0.557542,-0.27472],[-0.413239,-0.137038,-0.900252],[0.464281,0.81876,-0.33775]],[[0.783375,-0.557542,-0.27472],[-0.563415,-0.450337,-0.692647],[0.262463,0.697384,-0.66691]]],"btipPosition":[-29.4205,262.17,5.48414],"carpPosition":[20.2427,297.99,68.3561],"dipPosition":[-24.6627,274.812,-6.60533],"direction":[-0.464281,-0.81876,0.33775],"extended":false,"handId":963,"id":9632,"length":64.6373,"mcpPosition":[16.5345,325.884,7.22003],"pipPosition":[-11.927,297.271,-15.8701],"stabilizedTipPosition":[-33.4141,239.218,39.1316],"timeVisible":12.7635,"tipPosition":[-28.3409,264.682,3.43158],"tipVelocity":[-1.3519,105.044,-173.871],"tool":false,"touchDistance":0.333333,"touchZone":"none","type":2,"width":18.3255},{"bases":[[[0.732817,-0.655734,-0.181637],[0.676262,0.672417,0.300874],[-0.0751573,-0.34332,0.936207]],[[0.733195,-0.653956,-0.18646],[0.215246,0.483282,-0.848591],[0.645054,0.582048,0.495101]],[[0.733195,-0.653956,-0.18646],[-0.363409,-0.14505,-0.920269],[0.574769,0.742497,-0.344003]],[[0.733195,-0.653956,-0.18646],[-0.557366,-0.420834,-0.715711],[0.389575,0.628682,-0.673046]]],"btipPosition":[-15.6784,256.98,7.8013],"carpPosition":[29.9628,292.493,64.3874],"dipPosition":[-8.65689,268.311,-4.32928],"direction":[-0.574769,-0.742497,0.344003],"extended":false,"handId":963,"id":9633,"length":62.1505,"mcpPosition":[34.5042,313.238,7.81688],"pipPosition":[6.70241,288.152,-13.5219],"stabilizedTipPosition":[-20.1265,231.643,44.5691],"timeVisible":12.7635,"tipPosition":[-14.0984,259.278,5.80953],"tipVelocity":[0.293388,109.451,-179.231],"tool":false,"touchDistance":0.333333,"touchZone":"none","type":3,"width":17.4379},{"bases":[[[0.597314,-0.793091,-0.11926],[0.772695,0.52925,0.350482],[-0.214845,-0.301499,0.928945]],[[0.575546,-0.817014,-0.0351442],[0.401042,0.319446,-0.858557],[0.712679,0.480045,0.511513]],[[0.575546,-0.817014,-0.0351442],[-0.29225,-0.165358,-0.941938],[0.763765,0.552399,-0.333943]],[[0.575546,-0.817014,-0.0351442],[-0.557563,-0.360612,-0.747718],[0.598222,0.449941,-0.663086]]],"btipPosition":[-0.459333,263.517,8.30314],"carpPosition":[36.1891,280.93,60.385],"dipPosition":[9.48753,270.998,-2.72224],"direction":[-0.763765,-0.552399,0.333943],"extended":false,"handId":963,"id":9634,"length":48.7249,"mcpPosition":[48.2065,297.794,8.42436],"pipPosition":[23.8977,281.421,-9.02284],"stabilizedTipPosition":[-1.24503,247.24,30.0631],"timeVisible":12.7635,"tipPosition":[1.62128,264.996,5.97901],"tipVelocity":[0.567718,114.692,-196.661],"tool":false,"touchDistance":0.333333,"touchZone":"none","type":4,"width":15.4897}],"r":[[0.941374,-0.336371,0.0258677],[0.335889,0.941661,0.0212845],[-0.0315181,-0.011348,0.999439]],"s":0.774663,"t":[0.333984,-12.4927,-16.3431],"timestamp":669198808128},false],[2,{"currentFrameRate":53.0072,"devices":[],"gestures":[],"hands":[{"armBasis":[[0.868657,-0.439686,-0.228277],[0.392568,0.891975,-0.224212],[0.302201,0.10515,0.947427]],"armWidth":61.4671,"confidence":0.589211,"direction":[0.0371613,0.518402,-0.854329],"elbow":[100.704,311.225,314.433],"grabStrength":0.400269,"id":963,"palmNormal":[-0.494468,-0.733388,-0.466523],"palmPosition":[15.4841,311.019,22.9097],"palmVelocity":[-12.6175,115.702,-169.043],"palmWidth":87.7729,"pinchStrength":0.636386,"r":[[0.944517,-0.327715,0.0221599],[0.327081,0.944582,0.0279748],[-0.0300996,-0.0191746,0.999363]],"s":0.777144,"sphereCenter":[6.40038,274.345,-16.2916],"sphereRadius":48.695,"stabilizedPalmPosition":[15.9608,303.383,33.5736],"t":[0.0915964,-10.3219,-19.5227],"timeVisible":12.7824,"type":"right","wrist":[21.9944,283.838,67.672]}],"id":4954710,"interactionBox":{"center":[0,200,0],"size":[235.247,235.247,147.751]},"pointables":[{"bases":[[[0.798959,0.580154,0.158382],[-0.492253,0.479596,0.726412],[0.345471,-0.658338,0.668761]],[[0.54326,0.821312,-0.174111],[-0.631496,0.536399,0.559901],[0.553246,-0.194222,0.810059]],[[0.54326,0.821312,-0.174111],[-0.794775,0.569929,0.208599],[0.270556,0.0250553,0.962378]],[[0.54326,0.821312,-0.174111],[-0.793356,0.570051,0.213606],[0.274689,0.0220883,0.961279]]],"btipPosition":[-48.9012,294.61,-20.4297],"carpPosition":[-7.16082,286.58,71.9315],"dipPosition":[-42.6997,295.108,1.27224],"direction":[-0.270556,-0.0250553,-0.962378],"extended":false,"handId":963,"id":9630,"length":50.2737,"mcpPosition":[-7.16082,286.58,71.9315],"pipPosition":[-33.8011,295.932,32.925],"stabilizedTipPosition":[-52.1623,280.353,9.65969],"timeVisible":12.7824,"tipPosition":[-48.9487,296.008,-14.6257],"tipVelocity":[18.4746,60.2989,-161.522],"tool":false,"touchDistance":-0.733313,"touchZone":"hovering","type":0,"width":19.534},{"bases":[[[0.862312,-0.346492,-0.369271],[0.472803,0.812035,0.342135],[0.181314,-0.469619,0.86405]],[[0.873791,-0.381925,-0.301036],[0.311223,0.914842,-0.257302],[0.37367,0.131139,0.918245]],[[0.873791,-0.381925,-0.301036],[0.251774,0.8849,-0.39187],[0.416051,0.26662,0.869376]],[[0.873791,-0.381925,-0.301036],[0.21113,0.855584,-0.472653],[0.438079,0.349443,0.828237]]],"btipPosition":[-35.9688,318.26,-63.166],"carpPosition":[9.30575,302.343,70.1303],"dipPosition":[-28.7486,324.02,-49.5154],"direction":[-0.416051,-0.26662,-0.869376],"extended":true,"handId":963,"id":9631,"length":56.7283,"mcpPosition":[-3.56184,335.671,8.80998],"pipPosition":[-19.048,330.236,-29.2452],"stabilizedTipPosition":[-33.8735,313.646,-52.7463],"timeVisible":12.7824,"tipPosition":[-34.8607,317.421,-58.7856],"tipVelocity":[-15.3197,155.751,-188.788],"tool":false,"touchDistance":-0.80306,"touchZone":"hovering","type":1,"width":18.6589},{"bases":[[[0.78556,-0.540075,-0.302018],[0.615646,0.731259,0.293667],[0.0622518,-0.416629,0.906943]],[[0.78686,-0.55022,-0.279481],[0.100044,0.560609,-0.822015],[0.608969,0.61885,0.496167]],[[0.78686,-0.55022,-0.279481],[-0.415864,-0.138143,-0.898874],[0.45597,0.823513,-0.337516]],[[0.78686,-0.55022,-0.279481],[-0.562618,-0.453477,-0.691245],[0.253599,0.701154,-0.666386]]],"btipPosition":[-29.4978,263.837,3.09223],"carpPosition":[20.1114,299.872,65.8621],"dipPosition":[-24.9006,276.547,-8.98774],"direction":[-0.45597,-0.823513,0.337516],"extended":false,"handId":963,"id":9632,"length":64.6373,"mcpPosition":[15.9218,327.911,4.82374],"pipPosition":[-12.3929,299.137,-18.2461],"stabilizedTipPosition":[-33.1337,240.771,36.9432],"timeVisible":12.7824,"tipPosition":[-28.4523,266.365,1.02603],"tipVelocity":[-3.65612,97.3033,-150.781],"tool":false,"touchDistance":0.333333,"touchZone":"none","type":2,"width":18.3255},{"bases":[[[0.737498,-0.649077,-0.186535],[0.671869,0.67715,0.3001],[-0.0684756,-0.34665,0.935492]],[[0.737834,-0.64732,-0.191251],[0.213812,0.492895,-0.843409],[0.640223,0.581404,0.50208]],[[0.737834,-0.64732,-0.191251],[-0.361149,-0.139227,-0.922056],[0.570238,0.749395,-0.336506]],[[0.737834,-0.64732,-0.191251],[-0.554535,-0.419788,-0.718519],[0.384827,0.636203,-0.668696]]],"btipPosition":[-15.7694,258.863,4.71539],"carpPosition":[29.8606,294.468,61.8379],"dipPosition":[-8.83347,270.33,-7.33678],"direction":[-0.570238,-0.749395,0.336506],"extended":false,"handId":963,"id":9633,"length":62.1505,"mcpPosition":[33.9983,315.414,5.31051],"pipPosition":[6.40475,290.356,-16.3291],"stabilizedTipPosition":[-19.7847,233.358,42.1212],"timeVisible":12.7824,"tipPosition":[-14.1792,261.181,2.8739],"tipVelocity":[-2.7241,105.578,-171.124],"tool":false,"touchDistance":0.333333,"touchZone":"none","type":3,"width":17.4379},{"bases":[[[0.603398,-0.787738,-0.124012],[0.769691,0.534648,0.348895],[-0.208535,-0.305974,0.92892]],[[0.581911,-0.81232,-0.0389393],[0.399218,0.327042,-0.856545],[0.708523,0.482887,0.514602]],[[0.581911,-0.81232,-0.0389393],[-0.2904,-0.162829,-0.94295],[0.759637,0.56002,-0.33065]],[[0.581911,-0.81232,-0.0389393],[-0.55508,-0.36173,-0.749024],[0.594362,0.457479,-0.661398]]],"btipPosition":[-0.551025,265.44,5.5002],"carpPosition":[36.1665,282.969,57.7762],"dipPosition":[9.33165,273.046,-5.4971],"direction":[-0.759637,-0.56002,0.33065],"extended":false,"handId":963,"id":9634,"length":48.7249,"mcpPosition":[47.831,300.083,5.81701],"pipPosition":[23.6639,283.613,-11.7356],"stabilizedTipPosition":[-1.0183,248.764,27.9928],"timeVisible":12.7824,"tipPosition":[1.53419,266.951,3.27228],"tipVelocity":[-2.47426,109.205,-172.973],"tool":false,"touchDistance":0.333333,"touchZone":"none","type":4,"width":15.4897}],"r":[[0.944517,-0.327715,0.0221599],[0.327081,0.944582,0.0279748],[-0.0300996,-0.0191746,0.999363]],"s":0.777144,"t":[0.0915964,-10.3219,-19.5227],"timestamp":669198826987},false],[3,{"currentFrameRate":52.8669,"devices":[],"gestures":[],"hands":[{"armBasis":[[0.862235,-0.449054,-0.23431],[0.405559,0.889205,-0.211744],[0.303434,0.0875471,0.948822]],"armWidth":61.4671,"confidence":0.599218,"direction":[0.0441254,0.512917,-0.857304],"elbow":[100.145,308.184,312.027],"grabStrength":0.378916,"id":963,"palmNormal":[-0.498732,-0.732248,-0.463767],"palmPosition":[14.969,312.343,19.9563],"palmVelocity":[-19.5668,91.9419,-160.56],"palmWidth":87.7729,"pinchStrength":0.649317,"r":[[0.946446,-0.322226,0.0202749],[0.3215,0.946354,0.0324377],[-0.0296395,-0.0241821,0.999268]],"s":0.779135,"sphereCenter":[5.63124,275.615,-19.0532],"sphereRadius":48.666,"stabilizedPalmPosition":[15.8684,304.217,32.3057],"t":[-0.287142,-8.57469,-22.5892],"timeVisible":12.8018,"type":"right","wrist":[21.114,285.382,64.9031]}],"id":4954711,"interactionBox":{"center":[0,200,0],"size":[235.247,235.247,147.751]},"pointables":[{"bases":[[[0.803018,0.574744,0.157583],[-0.490837,0.487869,0.721847],[0.337997,-0.657004,0.673873]],[[0.55083,0.815689,-0.176743],[-0.629576,0.545106,0.553619],[0.547925,-0.193676,0.813799]],[[0.55083,0.815689,-0.176743],[-0.792919,0.57754,0.194236],[0.260513,0.0331522,0.964901]],[[0.55083,0.815689,-0.176743],[-0.795397,0.577193,0.184912],[0.252845,0.0387264,0.966731]]],"btipPosition":[-48.6931,295.742,-23.6997],"carpPosition":[-8.03254,288.381,69.0477],"dipPosition":[-42.9849,296.617,-1.87463],"direction":[-0.260513,-0.0331522,-0.964901],"extended":false,"handId":963,"id":9630,"length":50.2737,"mcpPosition":[-8.03254,288.381,69.0477],"pipPosition":[-34.4166,297.707,29.8611],"stabilizedTipPosition":[-52.0781,280.627,9.16082],"timeVisible":12.8018,"tipPosition":[-48.8666,297.204,-17.9097],"tipVelocity":[11.6756,61.5362,-164.217],"tool":false,"touchDistance":-0.736939,"touchZone":"hovering","type":0,"width":19.534},{"bases":[[[0.860753,-0.355548,-0.364267],[0.478106,0.810312,0.338835],[0.174698,-0.465812,0.867468]],[[0.871652,-0.390373,-0.296365],[0.323745,0.91256,-0.249846],[0.367984,0.121832,0.921816]],[[0.871652,-0.390373,-0.296365],[0.267282,0.885444,-0.380195],[0.410832,0.252185,0.876139]],[[0.871652,-0.390373,-0.296365],[0.228368,0.8585,-0.459157],[0.433671,0.332545,0.837462]]],"btipPosition":[-35.8102,320.649,-66.7894],"carpPosition":[8.56479,304.001,67.2072],"dipPosition":[-28.6626,326.13,-52.9868],"direction":[-0.410832,-0.252185,-0.876139],"extended":true,"handId":963,"id":9631,"length":56.7283,"mcpPosition":[-3.83324,337.059,5.64434],"pipPosition":[-19.0837,332.01,-32.5589],"stabilizedTipPosition":[-33.9388,315.489,-55.1702],"timeVisible":12.8018,"tipPosition":[-34.7427,319.752,-62.4179],"tipVelocity":[-4.01215,137.744,-186.779],"tool":false,"touchDistance":-0.804914,"touchZone":"hovering","type":1,"width":18.6589},{"bases":[[[0.782239,-0.548106,-0.29611],[0.620463,0.728113,0.291336],[0.0559185,-0.41162,0.909638]],[[0.783386,-0.558147,-0.273457],[0.10745,0.554963,-0.824907],[0.612178,0.616837,0.494723]],[[0.783386,-0.558147,-0.273457],[-0.414062,-0.140538,-0.899334],[0.46353,0.817753,-0.341203]],[[0.783386,-0.558147,-0.273457],[-0.564048,-0.45362,-0.689984],[0.261067,0.694767,-0.670181]]],"btipPosition":[-30.3103,265.415,0.276212],"carpPosition":[19.3646,301.419,62.9905],"dipPosition":[-25.5778,278.009,-11.8726],"direction":[-0.46353,-0.817753,0.341203],"extended":false,"handId":963,"id":9632,"length":64.6373,"mcpPosition":[15.6012,329.121,1.77064],"pipPosition":[-12.8627,300.441,-21.2321],"stabilizedTipPosition":[-32.9465,242.089,35.0552],"timeVisible":12.8018,"tipPosition":[-29.2424,267.923,-1.81775],"tipVelocity":[-21.9372,88.5831,-148.299],"tool":false,"touchDistance":0.333333,"touchZone":"none","type":2,"width":18.3255},{"bases":[[[0.732928,-0.656024,-0.180136],[0.676232,0.6736,0.298285],[-0.0743423,-0.340435,0.937325]],[[0.733271,-0.654409,-0.184559],[0.225251,0.489909,-0.842171],[0.641541,0.575967,0.506642]],[[0.733271,-0.654409,-0.184559],[-0.355811,-0.138011,-0.924311],[0.579406,0.743439,-0.334046]],[[0.733271,-0.654409,-0.184559],[-0.554089,-0.417798,-0.720021],[0.39408,0.630233,-0.66896]]],"btipPosition":[-16.6602,260.435,1.54087],"carpPosition":[29.0838,295.913,59.0317],"dipPosition":[-9.55757,271.794,-10.5161],"direction":[-0.579406,-0.743439,0.334046],"extended":false,"handId":963,"id":9633,"length":62.1505,"mcpPosition":[33.576,316.484,2.39361],"pipPosition":[5.92564,291.66,-19.4426],"stabilizedTipPosition":[-19.5663,234.721,40.1312],"timeVisible":12.8018,"tipPosition":[-15.0276,262.727,-0.239536],"tipVelocity":[-23.301,92.612,-167.321],"tool":false,"touchDistance":0.333333,"touchZone":"none","type":3,"width":17.4379},{"bases":[[[0.597522,-0.793236,-0.117232],[0.772754,0.530624,0.348267],[-0.214051,-0.298689,0.930036]],[[0.57522,-0.817414,-0.0309092],[0.410363,0.321051,-0.853539],[0.707618,0.478289,0.520111]],[[0.57522,-0.817414,-0.0309092],[-0.283012,-0.16342,-0.945092],[0.76748,0.552384,-0.325341]],[[0.57522,-0.817414,-0.0309092],[-0.552305,-0.360233,-0.751792],[0.603391,0.449517,-0.658675]]],"btipPosition":[-1.36471,266.837,2.38888],"carpPosition":[35.3116,284.34,55.0607],"dipPosition":[8.6681,274.312,-8.56316],"direction":[-0.76748,-0.552384,0.325341],"extended":false,"handId":963,"id":9634,"length":48.7249,"mcpPosition":[47.2845,301.048,3.03904],"pipPosition":[23.1484,284.734,-14.7015],"stabilizedTipPosition":[-0.905419,249.904,26.3741],"timeVisible":12.8018,"tipPosition":[0.767265,268.324,0.281728],"tipVelocity":[-21.2882,89.8095,-166.324],"tool":false,"touchDistance":0.333333,"touchZone":"none","type":4,"width":15.4897}],"r":[[0.946446,-0.322226,0.0202749],[0.3215,0.946354,0.0324377],[-0.0296395,-0.0241821,0.999268]],"s":0.779135,"t":[-0.287142,-8.57469,-22.5892],"timestamp":669198846408},false],[4,{"currentFrameRate":52.9179,"devices":[],"gestures":[],"hands":[{"armBasis":[[0.86589,-0.44102,-0.236083],[0.398369,0.893379,-0.207788],[0.30255,0.0858731,0.949257]],"armWidth":61.4671,"confidence":0.608617,"direction":[0.0329158,0.515992,-0.855961],"elbow":[100.119,309.449,308.984],"grabStrength":0.355337,"id":963,"palmNormal":[-0.497068,-0.734546,-0.461915],"palmPosition":[14.5857,314.141,16.9416],"palmVelocity":[-20.0131,93.9589,-160.825],"palmWidth":87.7729,"pinchStrength":0.662843,"r":[[0.94848,-0.316383,0.0169695],[0.315641,0.948192,0.0360908],[-0.0275089,-0.0288751,0.999204]],"s":0.781077,"sphereCenter":[5.05206,277.626,-22.0956],"sphereRadius":48.6222,"stabilizedPalmPosition":[15.7826,304.881,31.2774],"t":[-0.668163,-6.80205,-25.6298],"timeVisible":12.8205,"type":"right","wrist":[21.3184,287.083,61.746]}],"id":4954712,"interactionBox":{"center":[0,200,0],"size":[235.247,235.247,147.751]},"pointables":[{"bases":[[[0.799928,0.580358,0.152644],[-0.488376,0.481779,0.727583],[0.348718,-0.656562,0.668821]],[[0.543276,0.82035,-0.178542],[-0.629135,0.538616,0.56043],[0.555915,-0.192141,0.808728]],[[0.543276,0.82035,-0.178542],[-0.797634,0.570702,0.195139],[0.261977,0.0363971,0.964388]],[[0.543276,0.82035,-0.178542],[-0.804648,0.569461,0.168092],[0.239567,0.0523433,0.969468]]],"btipPosition":[-48.6076,296.719,-26.4005],"carpPosition":[-7.81383,289.846,66.1476],"dipPosition":[-43.1991,297.901,-4.51365],"direction":[-0.261977,-0.0363971,-0.964388],"extended":false,"handId":963,"id":9630,"length":50.2737,"mcpPosition":[-7.81383,289.846,66.1476],"pipPosition":[-34.5826,299.098,27.2052],"stabilizedTipPosition":[-52.0241,280.814,8.81122],"timeVisible":12.8205,"tipPosition":[-48.8725,298.221,-20.61],"tipVelocity":[6.42253,58.8377,-154.162],"tool":false,"touchDistance":-0.731878,"touchZone":"hovering","type":0,"width":19.534},{"bases":[[[0.860304,-0.347783,-0.372724],[0.474786,0.812851,0.337419],[0.185621,-0.467247,0.864422]],[[0.872013,-0.382619,-0.305281],[0.319775,0.917499,-0.236516],[0.37059,0.108624,0.922423]],[[0.872013,-0.382619,-0.305281],[0.265533,0.893707,-0.361636],[0.4112,0.234289,0.880922]],[[0.872013,-0.382619,-0.305281],[0.228071,0.869445,-0.438234],[0.433101,0.31252,0.845432]]],"btipPosition":[-36.6096,323.643,-69.8309],"carpPosition":[8.64773,305.599,64.2175],"dipPosition":[-29.4715,328.794,-55.8969],"direction":[-0.4112,-0.234289,-0.880922],"extended":true,"handId":963,"id":9631,"length":56.7283,"mcpPosition":[-4.52548,338.759,2.87083],"pipPosition":[-19.884,334.257,-35.3575],"stabilizedTipPosition":[-34.1478,317.386,-57.497],"timeVisible":12.8205,"tipPosition":[-35.5372,322.628,-65.4681],"tipVelocity":[-22.9195,146.607,-174.187],"tool":false,"touchDistance":-0.797925,"touchZone":"hovering","type":1,"width":18.6589},{"bases":[[[0.783844,-0.541154,-0.304535],[0.617355,0.731896,0.288444],[0.0667953,-0.414102,0.907777]],[[0.785262,-0.551279,-0.281879],[0.0963878,0.558549,-0.823852],[0.611616,0.61977,0.491744]],[[0.785262,-0.551279,-0.281879],[-0.420713,-0.141055,-0.896161],[0.454274,0.822311,-0.342695]],[[0.785262,-0.551279,-0.281879],[-0.566554,-0.456113,-0.686278],[0.249762,0.698608,-0.670497]]],"btipPosition":[-30.4914,266.944,-2.50299],"carpPosition":[19.4306,303.113,59.9008],"dipPosition":[-25.9638,279.608,-14.6575],"direction":[-0.454274,-0.822311,0.342695],"extended":false,"handId":963,"id":9632,"length":64.6373,"mcpPosition":[14.9352,330.982,-1.19372],"pipPosition":[-13.5026,302.165,-24.0579],"stabilizedTipPosition":[-32.815,243.134,33.5366],"timeVisible":12.8205,"tipPosition":[-29.4646,269.468,-4.61247],"tipVelocity":[-17.1924,85.6706,-148.439],"tool":false,"touchDistance":0.333333,"touchZone":"none","type":2,"width":18.3255},{"bases":[[[0.736345,-0.649818,-0.188501],[0.673595,0.677789,0.29474],[-0.0637637,-0.344004,0.936801]],[[0.736625,-0.648262,-0.192718],[0.217519,0.496916,-0.840096],[0.640366,0.576916,0.507049]],[[0.736625,-0.648262,-0.192718],[-0.360355,-0.135086,-0.922982],[0.5723,0.749339,-0.333112]],[[0.736625,-0.648262,-0.192718],[-0.556089,-0.4184,-0.718127],[0.384901,0.636159,-0.668695]]],"btipPosition":[-16.8199,262.126,-1.66478],"carpPosition":[29.1575,297.694,55.8417],"dipPosition":[-9.88264,273.592,-13.7169],"direction":[-0.5723,-0.749339,0.333112],"extended":false,"handId":963,"id":9633,"length":62.1505,"mcpPosition":[33.0104,318.481,-0.764784],"pipPosition":[5.41069,293.616,-22.6186],"stabilizedTipPosition":[-19.415,235.768,38.5782],"timeVisible":12.8205,"tipPosition":[-15.2089,264.439,-3.41967],"tipVelocity":[-17.0982,92.1639,-169.233],"tool":false,"touchDistance":0.333333,"touchZone":"none","type":3,"width":17.4379},{"bases":[[[0.602529,-0.788263,-0.1249],[0.771626,0.535395,0.343432],[-0.203844,-0.303304,0.930835]],[[0.580762,-0.813229,-0.0370735],[0.407135,0.329586,-0.85183],[0.704951,0.479617,0.522505]],[[0.580762,-0.813229,-0.0370735],[-0.28337,-0.159255,-0.945695],[0.763162,0.55973,-0.322934]],[[0.580762,-0.813229,-0.0370735],[-0.552219,-0.360085,-0.751926],[0.598138,0.457163,-0.658204]]],"btipPosition":[-1.5483,268.626,-1.07142],"carpPosition":[35.4391,286.182,51.78],"dipPosition":[8.39717,276.228,-12.0156],"direction":[-0.763162,-0.55973,0.322934],"extended":false,"handId":963,"id":9634,"length":48.7249,"mcpPosition":[46.8412,303.148,-0.286361],"pipPosition":[22.796,286.788,-18.1085],"stabilizedTipPosition":[-0.836706,250.759,25.1222],"timeVisible":12.8205,"tipPosition":[0.584888,270.141,-3.05923],"tipVelocity":[-16.2217,93.3882,-175.33],"tool":false,"touchDistance":0.333333,"touchZone":"none","type":4,"width":15.4897}],"r":[[0.94848,-0.316383,0.0169695],[0.315641,0.948192,0.0360908],[-0.0275089,-0.0288751,0.999204]],"s":0.781077,"t":[-0.668163,-6.80205,-25.6298],"timestamp":669198865121},false],[5,{"currentFrameRate":53.0702,"devices":[],"gestures":[],"hands":[{"armBasis":[[0.870178,-0.434812,-0.231794],[0.392167,0.895963,-0.208462],[0.298321,0.0904973,0.950166]],"armWidth":61.4671,"confidence":0.61795,"direction":[0.0270325,0.514434,-0.857104],"elbow":[98.9385,311.5,307.675],"grabStrength":0.334489,"id":963,"palmNormal":[-0.493029,-0.739015,-0.459107],"palmPosition":[14.199,314.846,15.3587],"palmVelocity":[-20.5496,67.3865,-125.212],"palmWidth":87.7729,"pinchStrength":0.673157,"r":[[0.950526,-0.310331,0.0139797],[0.30962,0.950082,0.0384746],[-0.0252217,-0.0322427,0.999162]],"s":0.783206,"sphereCenter":[4.67616,278.342,-23.5616],"sphereRadius":48.5794,"stabilizedPalmPosition":[15.7031,305.381,30.4787],"t":[-1.05198,-5.56341,-27.9416],"timeVisible":12.8388,"type":"right","wrist":[21.2398,287.93,60.201]}],"id":4954713,"interactionBox":{"center":[0,200,0],"size":[235.247,235.247,147.751]},"pointables":[{"bases":[[[0.796175,0.58634,0.149367],[-0.489903,0.479808,0.727859],[0.355105,-0.652679,0.669261]],[[0.537085,0.823763,-0.18153],[-0.631983,0.535499,0.560212],[0.558692,-0.186158,0.808213]],[[0.537085,0.823763,-0.18153],[-0.802795,0.56524,0.1898],[0.258958,0.0437932,0.964895]],[[0.537085,0.823763,-0.18153],[-0.812411,0.563065,0.151481],[0.226998,0.066119,0.971648]]],"btipPosition":[-48.4442,296.526,-27.9165],"carpPosition":[-7.8998,290.495,64.6727],"dipPosition":[-43.3195,298.018,-5.98042],"direction":[-0.258958,-0.0437932,-0.964895],"extended":false,"handId":963,"id":9630,"length":50.2737,"mcpPosition":[-7.8998,290.495,64.6727],"pipPosition":[-34.8023,299.459,25.7551],"stabilizedTipPosition":[-51.995,280.913,8.61735],"timeVisible":12.8388,"tipPosition":[-48.7712,298.061,-22.1479],"tipVelocity":[5.91404,27.4306,-119.694],"tool":false,"touchDistance":-0.709594,"touchZone":"touching","type":0,"width":19.534},{"bases":[[[0.861786,-0.342438,-0.374246],[0.469869,0.816901,0.334509],[0.191173,-0.464122,0.864895]],[[0.873863,-0.376861,-0.307146],[0.317052,0.920689,-0.227618],[0.368566,0.101526,0.924041]],[[0.873863,-0.376861,-0.307146],[0.265135,0.898962,-0.34867],[0.407513,0.223254,0.885489]],[[0.873863,-0.376861,-0.307146],[0.229168,0.876475,-0.423408],[0.428772,0.299612,0.852284]]],"btipPosition":[-36.9659,324.947,-71.7011],"carpPosition":[8.44435,306.36,62.6674],"dipPosition":[-29.899,329.885,-57.6542],"direction":[-0.407513,-0.223255,-0.885489],"extended":true,"handId":963,"id":9631,"length":56.7283,"mcpPosition":[-5.12291,339.298,1.28713],"pipPosition":[-20.3976,335.09,-37.0083],"stabilizedTipPosition":[-34.3654,318.972,-59.4989],"timeVisible":12.8388,"tipPosition":[-35.8977,323.885,-67.3594],"tipVelocity":[-21.6963,109.201,-139.016],"tool":false,"touchDistance":-0.774129,"touchZone":"hovering","type":1,"width":18.6589},{"bases":[[[0.786879,-0.536205,-0.30546],[0.612883,0.736859,0.28533],[0.0720857,-0.411731,0.90845]],[[0.78843,-0.546292,-0.282744],[0.0904691,0.557636,-0.825141],[0.608436,0.624986,0.489079]],[[0.78843,-0.546292,-0.282744],[-0.422104,-0.146132,-0.894692],[0.447445,0.824749,-0.345807]],[[0.78843,-0.546292,-0.282744],[-0.565187,-0.46194,-0.683502],[0.242781,0.698696,-0.672964]]],"btipPosition":[-30.5829,267.302,-3.86734],"carpPosition":[19.2334,303.941,58.3278],"dipPosition":[-26.1819,279.968,-16.0666],"direction":[-0.447445,-0.824749,0.345807],"extended":false,"handId":963,"id":9632,"length":64.6373,"mcpPosition":[14.382,331.651,-2.81204],"pipPosition":[-13.908,302.592,-25.5524],"stabilizedTipPosition":[-32.7292,243.849,32.4738],"timeVisible":12.8388,"tipPosition":[-29.5835,269.83,-5.9988],"tipVelocity":[-12.1123,53.9988,-113.307],"tool":false,"touchDistance":0.333333,"touchZone":"none","type":2,"width":18.3255},{"bases":[[[0.740454,-0.644962,-0.189079],[0.669521,0.683166,0.291591],[-0.0588926,-0.342502,0.937669]],[[0.740703,-0.643469,-0.193149],[0.214165,0.498647,-0.839931],[0.636783,0.580774,0.507158]],[[0.740703,-0.643469,-0.193149],[-0.360111,-0.137559,-0.922712],[0.567167,0.753011,-0.333611]],[[0.740703,-0.643469,-0.193149],[-0.554288,-0.422853,-0.71691],[0.379636,0.638078,-0.669875]]],"btipPosition":[-16.8972,262.626,-3.27453],"carpPosition":[28.988,298.584,54.2545],"dipPosition":[-10.0548,274.126,-15.348],"direction":[-0.567167,-0.753011,0.333611],"extended":false,"handId":963,"id":9633,"length":62.1505,"mcpPosition":[32.5466,319.28,-2.40444],"pipPosition":[5.10133,294.248,-24.2629],"stabilizedTipPosition":[-19.3148,236.49,37.4852],"timeVisible":12.8388,"tipPosition":[-15.2999,264.951,-5.02456],"tipVelocity":[-11.5004,61.2888,-130.423],"tool":false,"touchDistance":0.333333,"touchZone":"none","type":3,"width":17.4379},{"bases":[[[0.607791,-0.784222,-0.124846],[0.768688,0.541573,0.34032],[-0.199273,-0.302811,0.931985]],[[0.586263,-0.809307,-0.0363035],[0.404741,0.331425,-0.852257],[0.701769,0.484954,0.521862]],[[0.586263,-0.809307,-0.0363035],[-0.282982,-0.162592,-0.945243],[0.759089,0.564435,-0.324341]],[[0.586263,-0.809307,-0.0363035],[-0.550844,-0.365372,-0.750382],[0.594025,0.459919,-0.660006]]],"btipPosition":[-1.64853,269.208,-2.63708],"carpPosition":[35.3408,287.108,50.2001],"dipPosition":[8.22855,276.855,-13.6112],"direction":[-0.759089,-0.564435,0.324341],"extended":false,"handId":963,"id":9634,"length":48.7249,"mcpPosition":[46.4871,304.046,-1.93047],"pipPosition":[22.5505,287.504,-19.7307],"stabilizedTipPosition":[-0.793695,251.354,24.23],"timeVisible":12.8388,"tipPosition":[0.476492,270.736,-4.61566],"tipVelocity":[-11.4849,64.1416,-132.495],"tool":false,"touchDistance":0.333333,"touchZone":"none","type":4,"width":15.4897}],"r":[[0.950526,-0.310331,0.0139797],[0.30962,0.950082,0.0384746],[-0.0252217,-0.0322427,0.999162]],"s":0.783206,"t":[-1.05198,-5.56341,-27.9416],"timestamp":669198883416},false],[6,{"currentFrameRate":53.0487,"devices":[],"gestures":[],"hands":[{"armBasis":[[0.866978,-0.444156,-0.225998],[0.400408,0.89083,-0.2147],[0.296686,0.095648,0.950173]],"armWidth":61.4671,"confidence":0.55671,"direction":[0.0228002,0.504684,-0.863003],"elbow":[98.8824,313.842,306.377],"grabStrength":0.313831,"id":963,"palmNormal":[-0.504201,-0.739601,-0.445839],"palmPosition":[14.3481,315.412,13.8358],"palmVelocity":[-6.59714,48.9813,-103.243],"palmWidth":87.7729,"pinchStrength":0.678331,"r":[[0.951607,-0.307143,0.0103643],[0.306571,0.951103,0.0376553],[-0.0214231,-0.0326556,0.999237]],"s":0.785865,"sphereCenter":[3.93668,278.727,-24.5778],"sphereRadius":48.5638,"stabilizedPalmPosition":[15.655,305.737,29.8882],"t":[-1.16939,-4.66117,-29.8589],"timeVisible":12.8577,"type":"right","wrist":[21.6094,288.93,58.9011]}],"id":4954714,"interactionBox":{"center":[0,200,0],"size":[235.247,235.247,147.751]},"pointables":[{"bases":[[[0.802803,0.580815,0.134761],[-0.47818,0.492168,0.727403],[0.356161,-0.648402,0.672848]],[[0.543067,0.816608,-0.195524],[-0.620857,0.547275,0.561272],[0.565345,-0.183416,0.804204]],[[0.543067,0.816608,-0.195524],[-0.796308,0.57473,0.188623],[0.266405,0.0532621,0.962388]],[[0.543067,0.816608,-0.195524],[-0.808737,0.57131,0.139818],[0.225881,0.0821968,0.970681]]],"btipPosition":[-48.5436,297.029,-28.6529],"carpPosition":[-7.45912,291.804,63.639],"dipPosition":[-43.4441,298.885,-6.73863],"direction":[-0.266405,-0.0532621,-0.962388],"extended":false,"handId":963,"id":9630,"length":50.2737,"mcpPosition":[-7.45912,291.804,63.639],"pipPosition":[-34.682,300.636,24.9144],"stabilizedTipPosition":[-51.9738,280.988,8.46963],"timeVisible":12.8577,"tipPosition":[-48.8341,298.603,-22.9271],"tipVelocity":[0.282544,29.1865,-80.1639],"tool":false,"touchDistance":-0.678088,"touchZone":"touching","type":0,"width":19.534},{"bases":[[[0.854858,-0.354233,-0.379126],[0.480455,0.816311,0.320623],[0.195909,-0.45624,0.868023]],[[0.867242,-0.387776,-0.312283],[0.327213,0.916648,-0.229538],[0.375263,0.0968818,0.921841]],[[0.867242,-0.387776,-0.312283],[0.276323,0.896622,-0.345997],[0.414169,0.213772,0.88474]],[[0.867242,-0.387776,-0.312283],[0.24092,0.875737,-0.418382],[0.435716,0.287603,0.852899]]],"btipPosition":[-37.2905,326.139,-73.2002],"carpPosition":[9.00299,307.5,61.2918],"dipPosition":[-30.1093,330.879,-59.1431],"direction":[-0.414169,-0.213772,-0.88474],"extended":true,"handId":963,"id":9631,"length":56.7283,"mcpPosition":[-4.90038,339.878,-0.310441],"pipPosition":[-20.4526,335.863,-38.5147],"stabilizedTipPosition":[-34.5873,320.411,-61.3231],"timeVisible":12.8577,"tipPosition":[-36.2097,325.05,-68.8771],"tipVelocity":[-18.7834,85.3345,-109.592],"tool":false,"touchDistance":-0.747501,"touchZone":"touching","type":1,"width":18.6589},{"bases":[[[0.778952,-0.546552,-0.307433],[0.622247,0.734457,0.270891],[0.0777403,-0.40231,0.912197]],[[0.780649,-0.556419,-0.28458],[0.0871218,0.547791,-0.832067],[0.618868,0.624759,0.476108]],[[0.780649,-0.556419,-0.28458],[-0.432592,-0.152443,-0.888609],[0.451056,0.816798,-0.359706]],[[0.780649,-0.556419,-0.28458],[-0.576313,-0.464761,-0.672205],[0.241766,0.688764,-0.683487]]],"btipPosition":[-31.0372,268.073,-4.40188],"carpPosition":[19.7253,304.937,56.8703],"dipPosition":[-26.6546,280.559,-16.7918],"direction":[-0.451056,-0.816798,0.359706],"extended":false,"handId":963,"id":9632,"length":64.6373,"mcpPosition":[14.4933,332.013,-4.52171],"pipPosition":[-14.2817,302.964,-26.6589],"stabilizedTipPosition":[-32.6565,244.579,31.4034],"timeVisible":12.8577,"tipPosition":[-30.0413,270.569,-6.58514],"tipVelocity":[-18.0601,46.406,-72.6857],"tool":false,"touchDistance":0.333333,"touchZone":"none","type":2,"width":18.3255},{"bases":[[[0.732763,-0.653599,-0.189385],[0.67847,0.680332,0.277175],[-0.0523164,-0.331596,0.94197]],[[0.732977,-0.652197,-0.193351],[0.211868,0.488969,-0.84618],[0.646419,0.579266,0.496582]],[[0.732977,-0.652197,-0.193351],[-0.369391,-0.142927,-0.918217],[0.571223,0.744454,-0.345677]],[[0.732977,-0.652197,-0.193351],[-0.564766,-0.424999,-0.7074],[0.37919,0.627706,-0.679853]]],"btipPosition":[-17.4081,263.312,-4.07257],"carpPosition":[29.3901,299.448,52.7582],"dipPosition":[-10.5738,274.625,-16.3258],"direction":[-0.571223,-0.744454,0.345677],"extended":false,"handId":963,"id":9633,"length":62.1505,"mcpPosition":[32.5513,319.485,-4.16056],"pipPosition":[4.69075,294.519,-25.5632],"stabilizedTipPosition":[-19.2382,237.137,36.5091],"timeVisible":12.8577,"tipPosition":[-15.8029,265.608,-5.8607],"tipVelocity":[-19.1538,47.8803,-88.168],"tool":false,"touchDistance":0.333333,"touchZone":"none","type":3,"width":17.4379},{"bases":[[[0.59954,-0.790951,-0.122266],[0.776877,0.538405,0.326469],[-0.192392,-0.290717,0.937267]],[[0.578491,-0.815043,-0.0324475],[0.402365,0.319737,-0.857829],[0.709542,0.483191,0.51291]],[[0.578491,-0.815043,-0.0324475],[-0.290913,-0.168991,-0.941707],[0.762048,0.554209,-0.334866]],[[0.578491,-0.815043,-0.0324475],[-0.56002,-0.367933,-0.742296],[0.593064,0.447583,-0.669286]]],"btipPosition":[-2.07959,269.754,-3.7068],"carpPosition":[35.5996,287.872,48.7676],"dipPosition":[7.78151,277.196,-14.8353],"direction":[-0.762048,-0.554209,0.334866],"extended":false,"handId":963,"id":9634,"length":48.7249,"mcpPosition":[46.3611,304.133,-3.65843],"pipPosition":[22.1593,287.652,-21.1533],"stabilizedTipPosition":[-0.771206,251.815,23.5317],"timeVisible":12.8577,"tipPosition":[0.0525019,271.245,-5.67362],"tipVelocity":[-17.1219,45.5875,-96.1166],"tool":false,"touchDistance":0.333333,"touchZone":"none","type":4,"width":15.4897}],"r":[[0.951607,-0.307