{"sensorType":"Leap","data":[[0,{"currentFrameRate":53.0594,"devices":[],"gestures":[],"hands":[{"armBasis":[[0.929555,-0.203644,-0.307337],[0.146592,0.969032,-0.198716],[0.338287,0.139664,0.930621]],"armWidth":61.4671,"confidence":0.626306,"direction":[-0.0421424,0.185975,-0.98165],"elbow":[122.494,295.943,329.927],"grabStrength":0,"id":963,"palmNormal":[-0.174466,-0.968797,-0.17605],"palmPosition":[24.2297,266.422,36.2137],"palmVelocity":[-208.51,-189.666,282.033],"palmWidth":87.7729,"pinchStrength":0.491989,"r":[[0.993606,0.0371897,0.1066],[-0.0110494,0.971689,-0.236005],[-0.112359,0.233319,0.965887]],"s":0.937358,"sphereCenter":[14.3617,225.448,9.77742],"sphereRadius":46.9096,"stabilizedPalmPosition":[41.6747,280.396,12.8146],"t":[12.4943,-49.2051,-14.6681],"timeVisible":2.94324,"type":"right","wrist":[34.3858,259.567,87.5435]}],"id":4954191,"interactionBox":{"center":[0,200,0],"size":[235.247,235.247,147.751]},"pointables":[{"bases":[[[0.543687,0.836877,-0.0635729],[-0.697254,0.492542,0.520806],[0.467163,-0.238829,0.851305]],[[0.444303,0.867106,-0.225216],[-0.754053,0.497698,0.428604],[0.483735,-0.0206055,0.874972]],[[0.444303,0.867106,-0.225216],[-0.877072,0.472245,0.087917],[0.18259,0.158469,0.970334]],[[0.444303,0.867106,-0.225216],[-0.893939,0.412579,-0.175078],[-0.0588921,0.279117,0.958449]]],"btipPosition":[-22.3152,242.845,-4.71992],"carpPosition":[5.65378,253.366,90.9648],"dipPosition":[-23.6448,249.146,16.9182],"direction":[-0.18259,-0.158469,-0.970334],"extended":false,"handId":963,"id":9630,"length":50.2737,"mcpPosition":[5.65378,253.366,90.9648],"pipPosition":[-17.6394,254.358,48.8326],"stabilizedTipPosition":[-6.18339,258.782,-22.6078],"timeVisible":2.94324,"tipPosition":[-22.8101,244.317,0.276014],"tipVelocity":[-219.469,-217.87,314.896],"tool":false,"touchDistance":0.791037,"touchZone":"hovering","type":0,"width":19.534},{"bases":[[[0.962719,-0.130294,-0.237055],[0.141871,0.989356,0.0323763],[0.230313,-0.0648005,0.970957]],[[0.963193,-0.130428,-0.235047],[0.127961,0.991444,-0.0257867],[0.236399,-0.00523908,0.971642]],[[0.963193,-0.130428,-0.235047],[0.0493474,0.945334,-0.322348],[0.264241,0.298884,0.916976]],[[0.963193,-0.130428,-0.235047],[-0.0160285,0.844977,-0.534562],[0.268331,0.518654,0.811786]]],"btipPosition":[-20.5622,261.583,-60.3523],"carpPosition":[16.1634,272.284,83.5827],"dipPosition":[-16.1397,270.132,-46.9728],"direction":[-0.264241,-0.298884,-0.916976],"extended":true,"handId":963,"id":9631,"length":56.7283,"mcpPosition":[-0.181534,276.883,14.6754],"pipPosition":[-9.97871,277.1,-25.5928],"stabilizedTipPosition":[-11.2477,272.07,-67.083],"timeVisible":2.94324,"tipPosition":[-19.4651,265.09,-57.6074],"tipVelocity":[-271.201,-284.675,324.085],"tool":false,"touchDistance":0.796863,"touchZone":"hovering","type":1,"width":18.6589},{"bases":[[[0.946598,-0.30459,-0.105718],[0.30761,0.951422,0.0131426],[0.0965793,-0.0449607,0.994309]],[[0.949927,-0.306271,-0.0619485],[0.11671,0.531664,-0.838875],[0.289859,0.78964,0.540787]],[[0.949927,-0.306271,-0.0619485],[-0.224712,-0.531813,-0.816505],[0.217126,0.78954,-0.574006]],[[0.949927,-0.306271,-0.0619485],[-0.309772,-0.897012,-0.315294],[0.0409968,0.318696,-0.94697]]],"btipPosition":[0.901192,211.29,21.1477],"carpPosition":[27.5776,272.415,80.2987],"dipPosition":[1.64437,217.068,3.98139],"direction":[-0.217126,-0.78954,0.574006],"extended":false,"handId":963,"id":9632,"length":64.6373,"mcpPosition":[21.0777,275.441,13.3804],"pipPosition":[7.60036,238.726,-11.7642],"stabilizedTipPosition":[20.1116,229.761,-12.0909],"timeVisible":2.94324,"tipPosition":[1.20795,213.104,16.9604],"tipVelocity":[-192.405,-209.018,296.267],"tool":false,"touchDistance":0.333333,"touchZone":"none","type":2,"width":18.3255},{"bases":[[[0.924593,-0.378736,0.0410671],[0.377376,0.925311,0.0372456],[-0.0521061,-0.0189393,0.998462]],[[0.925474,-0.378263,0.0203711],[0.212762,0.474556,-0.854125],[0.313416,0.794805,0.519669]],[[0.925474,-0.378263,0.0203711],[-0.209852,-0.556718,-0.803758],[0.315373,0.739583,-0.594607]],[[0.925474,-0.378263,0.0203711],[-0.354068,-0.882891,-0.308447],[0.13466,0.278247,-0.951023]]],"btipPosition":[17.7169,211.795,28.5766],"carpPosition":[38.9312,269.685,78.2765],"dipPosition":[20.1439,216.81,11.4359],"direction":[-0.315373,-0.739583,0.594607],"extended":false,"handId":963,"id":9633,"length":62.1505,"mcpPosition":[42.0797,270.829,17.9442],"pipPosition":[28.5715,236.573,-4.45351],"stabilizedTipPosition":[36.4622,228.988,-3.45995],"timeVisible":2.94324,"tipPosition":[18.4152,213.327,24.205],"tipVelocity":[-187.641,-198.189,301.565],"tool":false,"touchDistance":0.333333,"touchZone":"none","type":3,"width":17.4379},{"bases":[[[0.8372,-0.52603,0.14963],[0.510494,0.849806,0.131244],[-0.196195,-0.0334924,0.979993]],[[0.856003,-0.516718,0.0161955],[0.309487,0.487104,-0.816668],[0.414098,0.704083,0.57688]],[[0.856003,-0.516718,0.0161955],[-0.267398,-0.469352,-0.84155],[0.442445,0.716039,-0.539936]],[[0.856003,-0.516718,0.0161955],[-0.473311,-0.795926,-0.377464],[0.207933,0.315445,-0.925883]]],"btipPosition":[34.0902,219.505,29.4719],"carpPosition":[49.0457,260.402,78.3826],"dipPosition":[37.5476,224.75,14.0769],"direction":[-0.442445,-0.716039,0.539936],"extended":false,"handId":963,"id":9634,"length":48.7249,"mcpPosition":[60.0198,262.275,23.5666],"pipPosition":[45.8954,238.26,3.88981],"stabilizedTipPosition":[52.1442,235.381,0.703917],"timeVisible":2.94324,"tipPosition":[35.0444,221.071,25.6804],"tipVelocity":[-190.517,-187.366,282.816],"tool":false,"touchDistance":0.333333,"touchZone":"none","type":4,"width":15.4897}],"r":[[0.993606,0.0371897,0.1066],[-0.0110494,0.971689,-0.236005],[-0.112359,0.233319,0.965887]],"s":0.937358,"t":[12.4943,-49.2051,-14.6681],"timestamp":669188987844},false],[1,{"currentFrameRate":52.957,"devices":[],"gestures":[],"hands":[{"armBasis":[[0.877953,-0.376094,-0.296229],[0.332191,0.924133,-0.18875],[0.344743,0.0673096,0.936281]],"armWidth":61.4671,"confidence":0.547376,"direction":[0.0327828,0.450704,-0.892071],"elbow":[111.095,306.371,325.826],"grabStrength":0,"id":963,"palmNormal":[-0.389292,-0.816304,-0.42673],"palmPosition":[14.6223,311.572,34.815],"palmVelocity":[12.9039,165.742,-134.42],"palmWidth":87.7729,"pinchStrength":0.664422,"r":[[0.979804,-0.19565,0.0412876],[0.196387,0.980418,-0.0145853],[-0.0376255,0.0223991,0.999041]],"s":0.813659,"sphereCenter":[6.25805,273.646,-2.98488],"sphereRadius":49.0045,"stabilizedPalmPosition":[14.1394,306.824,38.6886],"t":[-1.25179,-10.7313,-8.2563],"timeVisible":3.92456,"type":"right","wrist":[21.3058,288.84,81.9686]}],"id":4954243,"interactionBox":{"center":[0,200,0],"size":[235.247,235.247,147.751]},"pointables":[{"bases":[[[0.72501,0.672699,0.147772],[-0.579535,0.479914,0.658652],[0.372157,-0.563168,0.737794]],[[0.567923,0.817472,-0.0959306],[-0.681406,0.532338,0.502297],[0.461681,-0.219898,0.859357]],[[0.567923,0.817472,-0.0959306],[-0.794078,0.574844,0.197469],[0.216571,-0.0359709,0.975604]],[[0.567923,0.817472,-0.0959306],[-0.816103,0.574415,0.0634269],[0.106954,0.0422677,0.993365]]],"btipPosition":[-39.9417,299.6,-11.3378],"carpPosition":[-8.17287,288.782,84.5567],"dipPosition":[-37.5271,300.554,11.0886],"direction":[-0.216571,0.0359709,-0.975604],"extended":false,"handId":963,"id":9630,"length":50.2737,"mcpPosition":[-8.17287,288.782,84.5567],"pipPosition":[-30.4041,299.371,43.1763],"stabilizedTipPosition":[-40.1951,295,-1.61179],"timeVisible":3.92456,"tipPosition":[-39.6078,301.122,-5.92438],"tipVelocity":[23.249,156.879,-146.808],"tool":false,"touchDistance":-0.616867,"touchZone":"touching","type":0,"width":19.534},{"bases":[[[0.912967,-0.280463,-0.296364],[0.366852,0.88218,0.295261],[0.178637,-0.378285,0.908289]],[[0.91645,-0.28819,-0.277607],[0.304776,0.952262,0.0175767],[0.259289,-0.100716,0.960534]],[[0.91645,-0.28819,-0.277607],[0.203986,0.933315,-0.295486],[0.344251,0.21417,0.914124]],[[0.91645,-0.28819,-0.277607],[0.116545,0.85592,-0.503804],[0.382801,0.429358,0.817995]]],"btipPosition":[-31.0888,324.971,-56.8223],"carpPosition":[6.67026,306.021,82.2407],"dipPosition":[-24.7796,332.048,-43.3405],"direction":[-0.344251,-0.21417,-0.914124],"extended":true,"handId":963,"id":9631,"length":56.7283,"mcpPosition":[-6.00732,332.867,17.7808],"pipPosition":[-16.7532,337.041,-22.027],"stabilizedTipPosition":[-30.0069,324.021,-51.9098],"timeVisible":3.92456,"tipPosition":[-29.9133,324.757,-52.9029],"tipVelocity":[35.8522,224.805,-156.531],"tool":false,"touchDistance":-0.624679,"touchZone":"hovering","type":1,"width":18.6589},{"bases":[[[0.852702,-0.475246,-0.21689],[0.519751,0.813544,0.260776],[0.052517,-0.335093,0.94072]],[[0.853962,-0.485939,-0.186041],[0.241273,0.686578,-0.685856],[0.461016,0.540809,0.703556]],[[0.853962,-0.485939,-0.186041],[-0.327784,-0.224711,-0.91764],[0.404112,0.844611,-0.351178]],[[0.853962,-0.485939,-0.186041],[-0.501001,-0.671323,-0.54619],[0.140522,0.559633,-0.81674]]],"btipPosition":[-20.7038,268.482,7.14143],"carpPosition":[17.8987,304.389,78.7271],"dipPosition":[-18.1565,278.627,-7.6641],"direction":[-0.404112,-0.844611,0.351178],"extended":false,"handId":963,"id":9632,"length":64.6373,"mcpPosition":[14.3642,326.941,15.4154],"pipPosition":[-7.07129,301.796,-17.2973],"stabilizedTipPosition":[-22.784,255.892,18.2518],"timeVisible":3.92456,"tipPosition":[-19.9922,270.608,4.86061],"tipVelocity":[28.0401,164.716,-156.862],"tool":false,"touchDistance":0.333333,"touchZone":"none","type":2,"width":18.3255},{"bases":[[[0.809513,-0.579345,-0.0951282],[0.580754,0.766415,0.274469],[-0.0861043,-0.277432,0.956879]],[[0.811837,-0.570251,-0.12544],[0.33928,0.635568,-0.6935],[0.475194,0.52045,0.709452]],[[0.811837,-0.570251,-0.12544],[-0.298572,-0.220819,-0.92849],[0.501772,0.791235,-0.34953]],[[0.811837,-0.570251,-0.12544],[-0.53176,-0.633371,-0.562203],[0.241146,0.523121,-0.817431]]],"btipPosition":[-4.6688,263.517,11.3276],"carpPosition":[28.3641,299.757,75.6514],"dipPosition":[-0.322523,272.945,-3.40527],"direction":[-0.501772,-0.791235,0.34953],"extended":false,"handId":963,"id":9633,"length":62.1505,"mcpPosition":[33.5669,316.52,17.8317],"pipPosition":[13.0861,294.089,-12.7456],"stabilizedTipPosition":[-7.44956,242.24,31.7864],"timeVisible":3.92456,"tipPosition":[-3.58236,265.516,9.44402],"tipVelocity":[28.9011,168.087,-158.187],"tool":false,"touchDistance":0.333333,"touchZone":"none","type":3,"width":17.4379},{"bases":[[[0.686946,-0.726177,-0.0277742],[0.689689,0.639434,0.339784],[-0.228984,-0.252569,0.940093]],[[0.698483,-0.711214,-0.0793496],[0.481845,0.549382,-0.682645],[0.5291,0.438582,0.726429]],[[0.698483,-0.711214,-0.0793496],[-0.290688,-0.180653,-0.939609],[0.653928,0.679367,-0.332924]],[[0.698483,-0.711214,-0.0793496],[-0.606882,-0.529931,-0.59234],[0.379231,0.461895,-0.801771]]],"btipPosition":[12.1534,267.382,15.1341],"carpPosition":[36.0358,288.712,72.8833],"dipPosition":[18.459,275.063,1.80275],"direction":[-0.653928,-0.679367,0.332924],"extended":false,"handId":963,"id":9634,"length":48.7249,"mcpPosition":[48.844,302.84,20.2992],"pipPosition":[30.7969,287.88,-4.47863],"stabilizedTipPosition":[9.34967,245.142,36.3892],"timeVisible":3.92456,"tipPosition":[13.7141,268.921,13.2897],"tipVelocity":[27.9121,175.411,-163.427],"tool":false,"touchDistance":0.333333,"touchZone":"none","type":4,"width":15.4897}],"r":[[0.979804,-0.19565,0.0412876],[0.196387,0.980418,-0.0145853],[-0.0376255,0.0223991,0.999041]],"s":0.813659,"t":[-1.25179,-10.7313,-8.2563],"timestamp":669189969161},false],[2,{"currentFrameRate":52.8861,"devices":[],"gestures":[],"hands":[{"armBasis":[[0.870735,-0.403177,-0.281546],[0.365484,0.913638,-0.178012],[0.329001,0.0521006,0.942891]],"armWidth":61.4671,"confidence":0.562087,"direction":[0.0255181,0.433721,-0.900686],"elbow":[108.061,305.023,322.033],"grabStrength":0,"id":963,"palmNormal":[-0.425785,-0.810454,-0.402333],"palmPosition":[15.2759,313.564,29.0652],"palmVelocity":[23.4037,135.149,-216.426],"palmWidth":87.7729,"pinchStrength":0.667105,"r":[[0.97862,-0.201875,0.0393622],[0.2025,0.979202,-0.0125507],[-0.0360098,0.0202532,0.999146]],"s":0.816637,"sphereCenter":[4.51149,275.491,-7.82598],"sphereRadius":48.9545,"stabilizedPalmPosition":[14.4941,308.928,35.6853],"t":[-0.805352,-8.1689,-12.4016],"timeVisible":3.94372,"type":"right","wrist":[22.3718,291.453,76.4533]}],"id":4954244,"interactionBox":{"center":[0,200,0],"size":[235.247,235.247,147.751]},"pointables":[{"bases":[[[0.749767,0.651074,0.118115],[-0.547449,0.510081,0.663413],[0.371683,-0.562068,0.738872]],[[0.591315,0.79675,-0.124645],[-0.651294,0.562964,0.508811],[0.475566,-0.219687,0.851807]],[[0.591315,0.79675,-0.124645],[-0.769947,0.603742,0.206584],[0.239849,-0.0261858,0.970457]],[[0.591315,0.79675,-0.124645],[-0.796142,0.601371,0.0671589],[0.128467,0.0595234,0.989926]]],"btipPosition":[-40.71,302.503,-15.5393],"carpPosition":[-7.02124,292.407,79.7447],"dipPosition":[-37.8097,303.846,6.80944],"direction":[-0.239849,0.0261858,-0.970457],"extended":false,"handId":963,"id":9630,"length":50.2737,"mcpPosition":[-7.02124,292.407,79.7447],"pipPosition":[-29.921,302.985,38.7279],"stabilizedTipPosition":[-40.1471,297.465,-4.3845],"timeVisible":3.94372,"tipPosition":[-40.2197,304.1,-10.1721],"tipVelocity":[-5.22752,156.515,-183.135],"tool":false,"touchDistance":-0.646804,"touchZone":"touching","type":0,"width":19.534},{"bases":[[[0.895909,-0.315353,-0.31289],[0.402279,0.874719,0.270255],[0.188465,-0.367993,0.910529]],[[0.899542,-0.322743,-0.294382],[0.337317,0.94139,-0.00134386],[0.277562,-0.0980911,0.955687]],[[0.899542,-0.322743,-0.294382],[0.232507,0.924251,-0.302823],[0.369816,0.203956,0.906442]],[[0.899542,-0.322743,-0.294382],[0.140956,0.852304,-0.503696],[0.413467,0.411601,0.812176]]],"btipPosition":[-32.0051,327.749,-61.9855],"carpPosition":[8.31023,309.107,76.7606],"dipPosition":[-25.1905,334.533,-48.5996],"direction":[-0.369816,-0.203956,-0.906442],"extended":true,"handId":963,"id":9631,"length":56.7283,"mcpPosition":[-5.06482,335.223,12.1418],"pipPosition":[-16.5679,339.288,-27.4651],"stabilizedTipPosition":[-30.2212,326.651,-55.3906],"timeVisible":3.94372,"tipPosition":[-30.7685,327.465,-58.0674],"tipVelocity":[-2.57224,183.513,-213],"tool":false,"touchDistance":-0.668323,"touchZone":"hovering","type":1,"width":18.6589},{"bases":[[[0.831341,-0.506638,-0.228454],[0.551992,0.800521,0.233391],[0.0646371,-0.320132,0.945165]],[[0.833016,-0.516891,-0.197249],[0.247227,0.666734,-0.703096],[0.494937,0.536925,0.683191]],[[0.833016,-0.516891,-0.197249],[-0.356485,-0.228833,-0.905844],[0.423086,0.824899,-0.374886]],[[0.833016,-0.516891,-0.197249],[-0.535424,-0.663431,-0.522667],[0.139301,0.541002,-0.829405]]],"btipPosition":[-22.1029,271.192,2.95249],"carpPosition":[19.3908,307.047,73.0105],"dipPosition":[-19.5777,280.999,-12.0826],"direction":[-0.423086,-0.824899,0.374886],"extended":false,"handId":963,"id":9632,"length":64.6373,"mcpPosition":[15.0406,328.592,9.39966],"pipPosition":[-7.97204,303.627,-22.3661],"stabilizedTipPosition":[-22.5682,258.894,15.0439],"timeVisible":3.94372,"tipPosition":[-21.3778,273.257,0.602796],"tipVelocity":[-22.1267,151.166,-188.789],"tool":false,"touchDistance":0.333333,"touchZone":"none","type":2,"width":18.3255},{"bases":[[[0.787798,-0.607121,-0.103814],[0.611756,0.751665,0.246484],[-0.0716118,-0.257689,0.963571]],[[0.789664,-0.598701,-0.134121],[0.34719,0.616281,-0.706864],[0.505856,0.511619,0.694518]],[[0.789664,-0.598701,-0.134121],[-0.321846,-0.218106,-0.921328],[0.522347,0.770705,-0.36492]],[[0.789664,-0.598701,-0.134121],[-0.562857,-0.61991,-0.54672],[0.244179,0.507216,-0.826504]]],"btipPosition":[-6.2119,265.804,6.26147],"carpPosition":[29.6227,302.021,69.7711],"dipPosition":[-1.81096,274.946,-8.63494],"direction":[-0.522347,-0.770705,0.36492],"extended":false,"handId":963,"id":9633,"length":62.1505,"mcpPosition":[33.9499,317.592,11.5471],"pipPosition":[12.1475,295.541,-18.3865],"stabilizedTipPosition":[-7.1477,245.684,27.9021],"timeVisible":3.94372,"tipPosition":[-5.06734,267.76,4.40153],"tipVelocity":[-24.9563,142.252,-211.731],"tool":false,"touchDistance":0.333333,"touchZone":"none","type":3,"width":17.4379},{"bases":[[[0.662234,-0.748661,-0.0308835],[0.718094,0.622346,0.311491],[-0.21398,-0.228457,0.949747]],[[0.672361,-0.735923,-0.0796803],[0.486865,0.520743,-0.701277],[0.557578,0.432718,0.708422]],[[0.672361,-0.735923,-0.0796803],[-0.314315,-0.186383,-0.930842],[0.670177,0.650907,-0.356628]],[[0.672361,-0.735923,-0.0796803],[-0.63589,-0.519135,-0.57109],[0.378913,0.434646,-0.817011]]],"btipPosition":[10.8693,269.196,10.0487],"carpPosition":[36.8635,290.685,67.0231],"dipPosition":[17.1696,276.423,-3.53609],"direction":[-0.670177,-0.650907,0.356628],"extended":false,"handId":963,"id":9634,"length":48.7249,"mcpPosition":[48.8325,303.464,13.8989],"pipPosition":[29.814,288.704,-10.2647],"stabilizedTipPosition":[9.72749,248.415,32.6393],"timeVisible":3.94372,"tipPosition":[12.4504,270.643,8.13744],"tipVelocity":[-19.1202,132.724,-215.409],"tool":false,"touchDistance":0.333333,"touchZone":"none","type":4,"width":15.4897}],"r":[[0.97862,-0.201875,0.0393622],[0.2025,0.979202,-0.0125507],[-0.0360098,0.0202532,0.999146]],"s":0.816637,"t":[-0.805352,-8.1689,-12.4016],"timestamp":669189988325},false],[3,{"currentFrameRate":52.9075,"devices":[],"gestures":[],"hands":[{"armBasis":[[0.864403,-0.427925,-0.263984],[0.389628,0.901942,-0.186255],[0.317802,0.0581441,0.946373]],"armWidth":61.4671,"confidence":0.57184,"direction":[0.0269171,0.418305,-0.907908],"elbow":[105.536,308.505,320.802],"grabStrength":0,"id":963,"palmNormal":[-0.451048,-0.805444,-0.384468],"palmPosition":[15.726,314.882,26.6475],"palmVelocity":[23.6501,103.302,-173.397],"palmWidth":87.7729,"pinchStrength":0.668678,"r":[[0.976629,-0.211823,0.0364177],[0.21246,0.977061,-0.0145756],[-0.0324949,0.0219722,0.99923]],"s":0.81934,"sphereCenter":[3.37234,276.693,-9.50549],"sphereRadius":48.9242,"stabilizedPalmPosition":[14.7749,310.285,33.6254],"t":[-0.357111,-6.22864,-15.683],"timeVisible":3.96255,"type":"right","wrist":[22.7632,293.362,74.3154]}],"id":4954245,"interactionBox":{"center":[0,200,0],"size":[235.247,235.247,147.751]},"pointables":[{"bases":[[[0.767658,0.633086,0.099518],[-0.526741,0.534856,0.660661],[0.365027,-0.559582,0.744059]],[[0.610349,0.778937,-0.143982],[-0.630545,0.58777,0.506891],[0.479464,-0.218594,0.8499]],[[0.610349,0.778937,-0.143982],[-0.75152,0.626864,0.20557],[0.250383,-0.0172648,0.967993]],[[0.610349,0.778937,-0.143982],[-0.780151,0.622598,0.0611201],[0.137251,0.0750227,0.987691]]],"btipPosition":[-40.9786,304.536,-17.1613],"carpPosition":[-6.55738,295.136,77.8993],"dipPosition":[-37.88,306.229,5.13691],"direction":[-0.250383,0.0172648,-0.967993],"extended":false,"handId":963,"id":9630,"length":50.2737,"mcpPosition":[-6.55738,295.136,77.8993],"pipPosition":[-29.6449,305.662,36.9743],"stabilizedTipPosition":[-40.1826,299.694,-6.66972],"timeVisible":3.96255,"tipPosition":[-40.4086,306.194,-11.8351],"tipVelocity":[-8.46546,134.884,-136.02],"tool":false,"touchDistance":-0.634962,"touchZone":"touching","type":0,"width":19.534},{"bases":[[[0.883949,-0.343664,-0.317064],[0.427775,0.868161,0.251606],[0.188794,-0.358039,0.91442]],[[0.887627,-0.350919,-0.298285],[0.363148,0.931605,-0.0153491],[0.28327,-0.0946971,0.954353]],[[0.887627,-0.350919,-0.298285],[0.258595,0.915663,-0.307719],[0.381113,0.196005,0.903513]],[[0.887627,-0.350919,-0.298285],[0.166303,0.848165,-0.502951],[0.42949,0.396828,0.811213]]],"btipPosition":[-31.9339,329.603,-64.4025],"carpPosition":[9.16879,311.379,74.4803],"dipPosition":[-24.8553,336.143,-51.0325],"direction":[-0.381113,-0.196005,-0.903513],"extended":true,"handId":963,"id":9631,"length":56.7283,"mcpPosition":[-4.22965,336.789,9.58533],"pipPosition":[-15.9693,340.713,-29.9663],"stabilizedTipPosition":[-30.2551,328.434,-57.765],"timeVisible":3.96255,"tipPosition":[-30.6971,329.282,-60.4756],"tipVelocity":[2.11144,140.489,-171.725],"tool":false,"touchDistance":-0.666134,"touchZone":"hovering","type":1,"width":18.6589},{"bases":[[[0.815365,-0.531808,-0.228823],[0.5751,0.78949,0.214396],[0.0666365,-0.306407,0.949565]],[[0.817123,-0.54165,-0.197297],[0.257386,0.649049,-0.715883],[0.515813,0.534183,0.669765]],[[0.817123,-0.54165,-0.197297],[-0.371551,-0.233179,-0.898653],[0.44075,0.807616,-0.391786]],[[0.817123,-0.54165,-0.197297],[-0.557957,-0.657099,-0.506858],[0.144896,0.524249,-0.839148]]],"btipPosition":[-23.0344,273.097,1.55863],"carpPosition":[20.1505,308.97,70.6483],"dipPosition":[-20.4078,282.601,-13.6531],"direction":[-0.44075,-0.807616,0.391786],"extended":false,"handId":963,"id":9632,"length":64.6373,"mcpPosition":[15.6658,329.592,6.74137],"pipPosition":[-8.31759,304.754,-24.4002],"stabilizedTipPosition":[-22.5466,261.459,12.3855],"timeVisible":3.96255,"tipPosition":[-22.2811,275.108,-0.846466],"tipVelocity":[-34.8991,124.916,-133.734],"tool":false,"touchDistance":0.333333,"touchZone":"none","type":2,"width":18.3255},{"bases":[[[0.770595,-0.629094,-0.1021],[0.633715,0.739308,0.22766],[-0.0677366,-0.240136,0.968373]],[[0.772337,-0.621272,-0.132349],[0.35872,0.598536,-0.716292],[0.524228,0.505743,0.685134]],[[0.772337,-0.621272,-0.132349],[-0.332818,-0.218318,-0.917371],[0.541043,0.752568,-0.375385]],[[0.772337,-0.621272,-0.132349],[-0.582738,-0.610062,-0.536881],[0.252808,0.491778,-0.833212]]],"btipPosition":[-7.30319,267.366,4.38979],"carpPosition":[30.2125,303.627,67.3846],"dipPosition":[-2.74673,276.229,-10.6275],"direction":[-0.541043,-0.752568,0.375385],"extended":false,"handId":963,"id":9633,"length":62.1505,"mcpPosition":[34.3055,318.137,8.87042],"pipPosition":[11.7113,296.34,-20.6588],"stabilizedTipPosition":[-7.05203,248.226,25.0113],"timeVisible":3.96255,"tipPosition":[-6.10572,269.28,2.50541],"tipVelocity":[-40.1726,111.595,-157.538],"tool":false,"touchDistance":0.333333,"touchZone":"none","type":3,"width":17.4379},{"bases":[[[0.642204,-0.766108,-0.0255378],[0.737366,0.608321,0.293662],[-0.209441,-0.207421,0.955568]],[[0.651532,-0.755248,-0.0714572],[0.497823,0.496724,-0.710941],[0.572431,0.427628,0.699612]],[[0.651532,-0.755248,-0.0714572],[-0.322593,-0.190571,-0.927155],[0.686614,0.627123,-0.367801]],[[0.651532,-0.755248,-0.0714572],[-0.652376,-0.509719,-0.560885],[0.387184,0.412052,-0.824804]]],"btipPosition":[9.92382,270.395,8.08812],"carpPosition":[37.1262,292.063,64.7472],"dipPosition":[16.3617,277.247,-5.6262],"direction":[-0.686614,-0.627123,0.367801],"extended":false,"handId":963,"id":9634,"length":48.7249,"mcpPosition":[48.8413,303.665,11.2975],"pipPosition":[29.3162,289.079,-12.5656],"stabilizedTipPosition":[9.8791,250.544,30.1347],"timeVisible":3.96255,"tipPosition":[11.5441,271.767,6.16585],"tipVelocity":[-33.5104,96.7302,-161.777],"tool":false,"touchDistance":0.333333,"touchZone":"none","type":4,"width":15.4897}],"r":[[0.976629,-0.211823,0.0364177],[0.21246,0.977061,-0.0145756],[-0.0324949,0.0219722,0.99923]],"s":0.81934,"t":[-0.357111,-6.22864,-15.683],"timestamp":669190007149},false],[4,{"currentFrameRate":52.9534,"devices":[],"gestures":[],"hands":[{"armBasis":[[0.874431,-0.407979,-0.262533],[0.371293,0.911073,-0.179131],[0.312268,0.0591609,0.94815]],"armWidth":61.4671,"confidence":0.599774,"direction":[0.0204235,0.43661,-0.899419],"elbow":[104.284,310.181,318.723],"grabStrength":0,"id":963,"palmNormal":[-0.436518,-0.805438,-0.400901],"palmPosition":[15.5831,317.106,24.5325],"palmVelocity":[8.41221,110.848,-143.972],"palmWidth":87.7729,"pinchStrength":0.670034,"r":[[0.975708,-0.216502,0.0334877],[0.217009,0.976092,-0.0122989],[-0.0300243,0.0192673,0.999363]],"s":0.822009,"sphereCenter":[3.75796,279.608,-12.3823],"sphereRadius":48.8912,"stabilizedPalmPosition":[14.9357,311.642,31.8157],"t":[-0.204435,-4.14666,-18.3813],"timeVisible":3.98127,"type":"right","wrist":[22.9523,294.772,71.7741]}],"id":4954246,"interactionBox":{"center":[0,200,0],"size":[235.247,235.247,147.751]},"pointables":[{"bases":[[[0.756361,0.644321,0.112998],[-0.536636,0.512371,0.670445],[0.374085,-0.567737,0.733304]],[[0.596687,0.792226,-0.12784],[-0.640961,0.566359,0.518079],[0.482839,-0.227191,0.845725]],[[0.596687,0.792226,-0.12784],[-0.762408,0.609365,0.217734],[0.250396,-0.0324529,0.9676]],[[0.596687,0.792226,-0.12784],[-0.79153,0.607253,0.0687232],[0.132076,0.0601829,0.989411]]],"btipPosition":[-40.8655,306.61,-19.5302],"carpPosition":[-6.39823,295.962,75.3553],"dipPosition":[-37.8838,307.969,2.80687],"direction":[-0.250396,0.0324529,-0.9676],"extended":false,"handId":963,"id":9630,"length":50.2737,"mcpPosition":[-6.39823,295.962,75.3553],"pipPosition":[-29.6482,306.901,34.6313],"stabilizedTipPosition":[-40.1818,301.694,-8.80634],"timeVisible":3.98127,"tipPosition":[-40.3446,308.161,-14.1795],"tipVelocity":[-2.09807,121.154,-131.174],"tool":false,"touchDistance":-0.635198,"touchZone":"touching","type":0,"width":19.534},{"bases":[[[0.890124,-0.321803,-0.32268],[0.412273,0.870357,0.269276],[0.194193,-0.372722,0.907396]],[[0.893935,-0.329413,-0.303919],[0.348219,0.937377,0.00822869],[0.282176,-0.113186,0.952662]],[[0.893935,-0.329413,-0.303919],[0.247729,0.92825,-0.277456],[0.373511,0.172738,0.911401]],[[0.893935,-0.329413,-0.303919],[0.1597,0.867695,-0.470745],[0.418779,0.37228,0.82827]]],"btipPosition":[-32.0426,333.521,-66.501],"carpPosition":[9.04419,312.542,72.2783],"dipPosition":[-25.1405,339.657,-52.8498],"direction":[-0.373511,-0.172738,-0.911401],"extended":true,"handId":963,"id":9631,"length":56.7283,"mcpPosition":[-4.73741,338.994,7.88181],"pipPosition":[-16.4318,343.684,-31.5998],"stabilizedTipPosition":[-30.3354,331.045,-60.0141],"timeVisible":3.98127,"tipPosition":[-30.8318,333.087,-62.5708],"tipVelocity":[-2.80104,171.593,-141.001],"tool":false,"touchDistance":-0.658361,"touchZone":"hovering","type":1,"width":18.6589},{"bases":[[[0.824764,-0.512828,-0.238267],[0.560987,0.795028,0.230703],[0.0711177,-0.32394,0.943401]],[[0.826672,-0.52331,-0.206785],[0.247194,0.66789,-0.70201],[0.505478,0.529216,0.681485]],[[0.826672,-0.52331,-0.206785],[-0.366036,-0.221023,-0.903973],[0.427354,0.82298,-0.374264]],[[0.826672,-0.52331,-0.206785],[-0.545738,-0.656159,-0.521177],[0.137053,0.543693,-0.828018]]],"btipPosition":[-22.4264,275.166,-1.48886],"carpPosition":[20.0699,310.402,68.4133],"dipPosition":[-19.9419,285.022,-16.4988],"direction":[-0.427354,-0.82298,0.374263],"extended":false,"handId":963,"id":9632,"length":64.6373,"mcpPosition":[15.2836,332.203,4.92124],"pipPosition":[-8.21921,307.597,-26.7652],"stabilizedTipPosition":[-22.4566,263.538,10.1308],"timeVisible":3.98127,"tipPosition":[-21.7061,277.241,-3.86712],"tipVelocity":[-2.92964,120.012,-146.685],"tool":false,"touchDistance":0.333333,"touchZone":"none","type":2,"width":18.3255},{"bases":[[[0.781588,-0.613373,-0.113549],[0.62046,0.745626,0.243046],[-0.0644128,-0.260415,0.963346]],[[0.783215,-0.604967,-0.143491],[0.35117,0.620873,-0.700854],[0.513083,0.49853,0.698723]],[[0.783215,-0.604967,-0.143491],[-0.324922,-0.20149,-0.924028],[0.530094,0.770336,-0.354377]],[[0.783215,-0.604967,-0.143491],[-0.57012,-0.60671,-0.553955],[0.248067,0.515673,-0.820088]]],"btipPosition":[-6.63119,269.671,0.982606],"carpPosition":[30.227,305.301,65.0573],"dipPosition":[-2.16017,278.965,-13.7982],"direction":[-0.530094,-0.770336,0.354377],"extended":false,"handId":963,"id":9633,"length":62.1505,"mcpPosition":[34.1191,321.037,6.84687],"pipPosition":[12.0053,299.55,-23.268],"stabilizedTipPosition":[-6.9274,250.254,22.6526],"timeVisible":3.98127,"tipPosition":[-5.45295,271.656,-0.867626],"tipVelocity":[-3.62994,119.795,-168.046],"tool":false,"touchDistance":0.333333,"touchZone":"none","type":3,"width":17.4379},{"bases":[[[0.655546,-0.754102,-0.0398764],[0.726328,0.615191,0.306575],[-0.206657,-0.229937,0.951011]],[[0.66451,-0.742499,-0.084396],[0.490879,0.51887,-0.699865],[0.56344,0.423639,0.709271]],[[0.66451,-0.742499,-0.084396],[-0.316529,-0.177363,-0.931854],[0.676932,0.64594,-0.352881]],[[0.66451,-0.742499,-0.084396],[-0.641826,-0.509242,-0.573352],[0.382735,0.435165,-0.814951]]],"btipPosition":[10.5498,272.903,5.02137],"carpPosition":[37.3445,293.914,62.2004],"dipPosition":[16.9137,280.139,-8.52912],"direction":[-0.676932,-0.64594,0.352881],"extended":false,"handId":963,"id":9634,"length":48.7249,"mcpPosition":[48.9039,306.776,9.00552],"pipPosition":[29.6855,292.326,-15.187],"stabilizedTipPosition":[10.0383,252.336,28.0287],"timeVisible":3.98127,"tipPosition":[12.1581,274.35,3.10599],"tipVelocity":[-1.34127,117.164,-161.797],"tool":false,"touchDistance":0.333333,"touchZone":"none","type":4,"width":15.4897}],"r":[[0.975708,-0.216502,0.0334877],[0.217009,0.976092,-0.0122989],[-0.0300243,0.0192673,0.999363]],"s":0.822009,"t":[-0.204435,-4.14666,-18.3813],"timestamp":669190025868},false],[5,{"currentFrameRate":53.0788,"devices":[],"gestures":[],"hands":[{"armBasis":[[0.888224,-0.375784,-0.264283],[0.337053,0.923934,-0.180946],[0.312176,0.0716432,0.947319]],"armWidth":61.4671,"confidence":0.605199,"direction":[0.0130598,0.449332,-0.893269],"elbow":[104.052,314.483,316.391],"grabStrength":0,"id":963,"palmNormal":[-0.404861,-0.814466,-0.415612],"palmPosition":[15.0143,318.535,22.6543],"palmVelocity":[-10.513,94.9026,-123.848],"palmWidth":87.7729,"pinchStrength":0.673248,"r":[[0.97639,-0.213583,0.0323339],[0.213925,0.976821,-0.00747836],[-0.0299872,0.0142188,0.999449]],"s":0.825109,"sphereCenter":[4.54244,281.47,-14.8135],"sphereRadius":48.7824,"stabilizedPalmPosition":[14.9495,312.854,30.2047],"t":[-0.412498,-2.39127,-20.6695],"timeVisible":3.99966,"type":"right","wrist":[22.7441,295.824,69.6579]}],"id":4954247,"interactionBox":{"center":[0,200,0],"size":[235.247,235.247,147.751]},"pointables":[{"bases":[[[0.732573,0.668449,0.128506],[-0.559849,0.484304,0.672324],[0.387178,-0.56447,0.729018]],[[0.569678,0.814185,-0.112118],[-0.664398,0.536523,0.520306],[0.483779,-0.221916,0.846588]],[[0.569678,0.814185,-0.112118],[-0.78488,0.579418,0.219631],[0.243783,-0.0371194,0.969119]],[[0.569678,0.814185,-0.112118],[-0.813786,0.577887,0.0616384],[0.114977,0.056126,0.991781]]],"btipPosition":[-40.5689,306.589,-22.0436],"carpPosition":[-6.65987,295.95,72.9869],"dipPosition":[-37.9732,307.856,0.34697],"direction":[-0.243783,0.0371194,-0.969119],"extended":false,"handId":963,"id":9630,"length":50.2737,"mcpPosition":[-6.65987,295.95,72.9869],"pipPosition":[-29.9551,306.636,32.2214],"stabilizedTipPosition":[-40.1437,302.634,-10.2731],"timeVisible":3.99966,"tipPosition":[-40.1913,308.088,-16.6778],"tipVelocity":[4.34717,61.785,-133.501],"tool":false,"touchDistance":-0.637528,"touchZone":"touching","type":0,"width":19.534},{"bases":[[[0.903498,-0.286423,-0.31883],[0.379519,0.880306,0.284653],[0.199137,-0.378186,0.904058]],[[0.907426,-0.294188,-0.300053],[0.317288,0.947847,0.0302286],[0.275512,-0.122633,0.953443]],[[0.907426,-0.294188,-0.300053],[0.223154,0.942412,-0.249123],[0.356062,0.159103,0.920818]],[[0.907426,-0.294188,-0.300053],[0.141727,0.886478,-0.440534],[0.39559,0.357226,0.846107]]],"btipPosition":[-32.1477,335.419,-68.8151],"carpPosition":[8.22473,313.094,70.2731],"dipPosition":[-25.6277,341.306,-54.87],"direction":[-0.356062,-0.159103,-0.920818],"extended":true,"handId":963,"id":9631,"length":56.7283,"mcpPosition":[-5.90772,339.934,6.11357],"pipPosition":[-17.3259,345.016,-33.4004],"stabilizedTipPosition":[-30.4517,333.175,-62.0937],"timeVisible":3.99966,"tipPosition":[-30.9904,334.878,-64.8679],"tipVelocity":[-6.50194,137.197,-131.942],"tool":false,"touchDistance":-0.654557,"touchZone":"touching","type":1,"width":18.6589},{"bases":[[[0.84407,-0.480729,-0.237581],[0.531083,0.810693,0.246432],[0.0741381,-0.334181,0.939588]],[[0.846074,-0.491614,-0.206091],[0.230436,0.685931,-0.690216],[0.480685,0.536484,0.693634]],[[0.846074,-0.491614,-0.206091],[-0.349864,-0.220427,-0.910498],[0.402186,0.842453,-0.358495]],[[0.846074,-0.491614,-0.206091],[-0.518012,-0.667021,-0.535487],[0.125786,0.55982,-0.819012]]],"btipPosition":[-21.3011,275.678,-4.32572],"carpPosition":[19.351,311.389,66.4805],"dipPosition":[-19.0209,285.826,-19.1724],"direction":[-0.402186,-0.842453,0.358495],"extended":false,"handId":963,"id":9632,"length":64.6373,"mcpPosition":[14.3615,333.88,3.24503],"pipPosition":[-7.98856,308.936,-29.0063],"stabilizedTipPosition":[-22.3143,264.764,8.61703],"timeVisible":3.99966,"tipPosition":[-20.6327,277.813,-6.68346],"tipVelocity":[26.6857,77.4404,-149.351],"tool":false,"touchDistance":0.333333,"touchZone":"none","type":2,"width":18.3255},{"bases":[[[0.803327,-0.584404,-0.11462],[0.592123,0.763209,0.258655],[-0.0636798,-0.275653,0.959146]],[[0.804907,-0.575638,-0.1441],[0.334768,0.641002,-0.690685],[0.489953,0.507697,0.708653]],[[0.804907,-0.575638,-0.1441],[-0.310267,-0.201259,-0.929101],[0.505825,0.79255,-0.340596]],[[0.804907,-0.575638,-0.1441],[-0.544002,-0.61881,-0.566689],[0.237037,0.534523,-0.811233]]],"btipPosition":[-5.35084,270.651,-1.62744],"carpPosition":[29.7074,306.689,63.1493],"dipPosition":[-1.07863,280.285,-16.2486],"direction":[-0.505825,-0.79255,0.340596],"extended":false,"handId":963,"id":9633,"length":62.1505,"mcpPosition":[33.5552,323.345,5.19265],"pipPosition":[12.4383,301.464,-25.3502],"stabilizedTipPosition":[-6.76711,251.671,20.9212],"timeVisible":3.99966,"tipPosition":[-4.22723,272.721,-3.54507],"tipVelocity":[30.4114,89.849,-154.526],"tool":false,"touchDistance":0.333333,"touchZone":"none","type":3,"width":17.4379},{"bases":[[[0.681605,-0.730397,-0.0439899],[0.701894,0.63565,0.321394],[-0.206783,-0.24994,0.945923]],[[0.690069,-0.718651,-0.0857043],[0.477843,0.541343,-0.691819],[0.543572,0.43645,0.716966]],[[0.690069,-0.718651,-0.0857043],[-0.302644,-0.178965,-0.936151],[0.657428,0.671946,-0.340994]],[[0.690069,-0.718651,-0.0857043],[-0.618595,-0.524193,-0.585287],[0.375692,0.456905,-0.806284]]],"btipPosition":[11.6148,274.413,2.67987],"carpPosition":[37.2397,295.595,60.2052],"dipPosition":[17.8615,282.01,-10.7265],"direction":[-0.657428,-0.671946,0.340994],"extended":false,"handId":963,"id":9634,"length":48.7249,"mcpPosition":[48.8061,309.575,7.2949],"pipPosition":[30.2654,294.688,-17.1601],"stabilizedTipPosition":[10.2266,253.825,26.2517],"timeVisible":3.99966,"tipPosition":[13.2094,275.968,0.660906],"tipVelocity":[26.4566,102.484,-144.351],"tool":false,"touchDistance":0.333333,"touchZone":"none","type":4,"width":15.4897}],"r":[[0.97639,-0.213583,0.0323339],[0.213925,0.976821,-0.00747836],[-0.0299872,0.0142188,0.999449]],"s":0.825109,"t":[-0.412498,-2.39127,-20.6695],"timestamp":669190044257},false],[6,{"currentFrameRate":53.0225,"devices":[],"gestures":[],"hands":[{"armBasis":[[0.896282,-0.361386,-0.257059],[0.322273,0.928932,-0.182276],[0.304662,0.0805276,0.94905]],"armWidth":61.4671,"confidence":0.615955,"direction":[0.00646428,0.451082,-0.892459],"elbow":[102.2,318.168,315.429],"grabStrength":0,"id":963,"palmNormal":[-0.392284,-0.819793,-0.417195],"palmPosition":[14.7879,319.87,21.2796],"palmVelocity":[-11.1861,82.6333,-98.3293],"palmWidth":87.7729,"pinchStrength":0.677484,"r":[[0.977566,-0.208275,0.0314068],[0.208477,0.978022,-0.00325568],[-0.0300384,0.00973023,0.999501]],"s":0.828552,"sphereCenter":[4.60757,283.015,-16.2131],"sphereRadius":48.6898,"stabilizedPalmPosition":[14.921,314.095,28.6268],"t":[-0.629734,-0.846095,-22.501],"timeVisible":4.01872,"type":"right","wrist":[22.8496,297.195,68.2448]}],"id":4954248,"interactionBox":{"center":[0,200,0],"size":[235.247,235.247,147.751]},"pointables":[{"bases":[[[0.722264,0.679303,0.129931],[-0.567355,0.474508,0.673016],[0.395528,-0.559812,0.728126]],[[0.557033,0.823076,-0.110727],[-0.672311,0.525185,0.521707],[0.487557,-0.216165,0.845908]],[[0.557033,0.823076,-0.110727],[-0.793547,0.566825,0.221343],[0.244945,-0.0354281,0.968889]],[[0.557033,0.823076,-0.110727],[-0.823387,0.564739,0.0557173],[0.108391,0.0601349,0.992288]]],"btipPosition":[-40.5344,307.083,-23.4368],"carpPosition":[-6.55386,296.867,71.5649],"dipPosition":[-38.0873,308.441,-1.03478],"direction":[-0.244945,0.0354281,-0.968889],"extended":false,"handId":963,"id":9630,"length":50.2737,"mcpPosition":[-6.55386,296.867,71.5649],"pipPosition":[-30.031,307.276,30.8321],"stabilizedTipPosition":[-40.1227,303.217,-11.2534],"timeVisible":4.01872,"tipPosition":[-40.2119,308.573,-18.0795],"tipVelocity":[2.21167,44.6262,-103.629],"tool":false,"touchDistance":-0.622967,"touchZone":"touching","type":0,"width":19.534},{"bases":[[[0.907849,-0.272048,-0.319062],[0.365979,0.885474,0.286347],[0.204621,-0.376729,0.903441]],[[0.911921,-0.27985,-0.300141],[0.304783,0.951634,0.0387274],[0.274786,-0.126794,0.953108]],[[0.911921,-0.27985,-0.300141],[0.214308,0.948508,-0.233249],[0.349961,0.148382,0.924938]],[[0.911921,-0.27985,-0.300141],[0.136528,0.896632,-0.421201],[0.386989,0.343124,0.855865]]],"btipPosition":[-32.379,337.117,-70.4011],"carpPosition":[8.06851,314.241,68.8864],"dipPosition":[-26.0008,342.772,-56.2951],"direction":[-0.349961,-0.148382,-0.924938],"extended":true,"handId":963,"id":9631,"length":56.7283,"mcpPosition":[-6.4531,340.977,4.77064],"pipPosition":[-17.8412,346.232,-34.7294],"stabilizedTipPosition":[-30.6194,335.085,-63.9382],"timeVisible":4.01872,"tipPosition":[-31.2491,336.495,-66.4463],"tipVelocity":[-10.1242,112.079,-106.938],"tool":false,"touchDistance":-0.640668,"touchZone":"touching","type":1,"width":18.6589},{"bases":[[[0.851366,-0.467384,-0.238179],[0.518597,0.818248,0.248049],[0.0789555,-0.334699,0.939012]],[[0.853544,-0.478407,-0.20637],[0.22172,0.691952,-0.687053],[0.471489,0.540674,0.696684]],[[0.853544,-0.478407,-0.20637],[-0.344179,-0.220362,-0.912678],[0.391156,0.850039,-0.352747]],[[0.853544,-0.478407,-0.20637],[-0.50698,-0.671286,-0.540691],[0.120137,0.566129,-0.815515]]],"btipPosition":[-20.9233,276.519,-6.0361],"carpPosition":[19.2206,312.713,65.0942],"dipPosition":[-18.7455,286.781,-20.8194],"direction":[-0.391156,-0.850039,0.352747],"extended":false,"handId":963,"id":9632,"length":64.6373,"mcpPosition":[13.9068,335.238,1.89758],"pipPosition":[-8.0157,310.099,-30.4956],"stabilizedTipPosition":[-22.2026,265.597,7.55167],"timeVisible":4.01872,"tipPosition":[-20.2659,278.689,-8.365],"tipVelocity":[22.6898,61.6758,-119.56],"tool":false,"touchDistance":0.333333,"touchZone":"none","type":2,"width":18.3255},{"bases":[[[0.812172,-0.571887,-0.115416],[0.58035,0.771678,0.260205],[-0.0597438,-0.278313,0.95863]],[[0.813608,-0.563205,-0.144369],[0.323648,0.644995,-0.692266],[0.483005,0.516509,0.707054]],[[0.813608,-0.563205,-0.144369],[-0.308046,-0.206978,-0.928584],[0.493101,0.799976,-0.341892]],[[0.813608,-0.563205,-0.144369],[-0.534529,-0.626886,-0.566827],[0.228737,0.538344,-0.811089]]],"btipPosition":[-4.85867,271.652,-2.88684],"carpPosition":[29.6483,308.176,61.7578],"dipPosition":[-0.736046,281.355,-17.5054],"direction":[-0.493101,-0.799976,0.341892],"extended":false,"handId":963,"id":9633,"length":62.1505,"mcpPosition":[33.2583,324.994,3.8323],"pipPosition":[12.4409,302.732,-26.6416],"stabilizedTipPosition":[-6.61539,252.85,19.4782],"timeVisible":4.01872,"tipPosition":[-3.76845,273.779,-4.97857],"tipVelocity":[27.2557,71.8447,-110.872],"tool":false,"touchDistance":0.333333,"touchZone":"none","type":3,"width":17.4379},{"bases":[[[0.692669,-0.719845,-0.0450857],[0.692034,0.645694,0.32275],[-0.203218,-0.25476,0.94541]],[[0.700839,-0.708106,-0.0860876],[0.470015,0.549198,-0.69099],[0.536574,0.44381,0.717719]],[[0.700839,-0.708106,-0.0860876],[-0.299121,-0.182177,-0.936663],[0.647574,0.682201,-0.339486]],[[0.700839,-0.708106,-0.0860876],[-0.610038,-0.532433,-0.58683],[0.369702,0.46379,-0.805121]]],"btipPosition":[12.0496,275.733,1.22614],"carpPosition":[37.3497,297.203,58.7962],"dipPosition":[18.1967,283.444,-12.1609],"direction":[-0.647574,-0.682201,0.339486],"extended":false,"handId":963,"id":9634,"length":48.7249,"mcpPosition":[48.7167,311.453,5.91463],"pipPosition":[30.4147,296.316,-18.5661],"stabilizedTipPosition":[10.4201,255.241,24.5719],"timeVisible":4.01872,"tipPosition":[13.6263,277.321,-0.81051],"tipVelocity":[24.0647,86.7566,-110.647],"tool":false,"touchDistance":0.333333,"touchZone":"none","type":4,"width":15.4897}],"r":[[0.977566,-0.208275,0.0314068],[0.2