{"sensorType":"Leap","data":[[0,{"currentFrameRate":54.1396,"devices":[],"gestures":[{"center":[-48.9959,203.772,42.2567],"duration":18467,"handIds":[963],"id":5,"normal":[-0.714675,0.603997,0.352742],"pointableIds":[9630],"progress":0.814071,"radius":8.93923,"state":"stop","type":"circle"},{"center":[-32.1805,216.003,-10.4936],"duration":55047,"handIds":[963],"id":6,"normal":[-0.651082,0.461703,0.60243],"pointableIds":[9631],"progress":0.882503,"radius":24.1493,"state":"update","type":"circle"}],"hands":[{"armBasis":[[0.949638,-0.157601,-0.27083],[0.0944078,0.968053,-0.232295],[0.298788,0.195028,0.934179]],"armWidth":61.4671,"confidence":0.780262,"direction":[-0.0820509,0.477131,-0.874994],"elbow":[100.207,306.435,321.841],"grabStrength":0.0423256,"id":963,"palmNormal":[-0.196867,-0.868414,-0.455082],"palmPosition":[10.1081,277.866,32.2696],"palmVelocity":[-17.2083,158.872,-218.265],"palmWidth":87.7729,"pinchStrength":0.444761,"r":[[0.993231,0.0888238,0.0748543],[-0.0871201,0.995865,-0.0257321],[-0.0768304,0.0190366,0.996862]],"s":0.784907,"sphereCenter":[14.5011,238.129,-8.03389],"sphereRadius":51.3881,"stabilizedPalmPosition":[11.3232,254.131,55.9173],"t":[-5.2074,-44.2387,-9.28867],"timeVisible":31.3507,"type":"right","wrist":[22.3866,255.639,78.5304]}],"id":4955706,"interactionBox":{"center":[0,200,0],"size":[235.247,235.247,147.751]},"pointables":[{"bases":[[[0.553211,0.815546,0.169828],[-0.666213,0.310741,0.677939],[0.500118,-0.488185,0.715233]],[[0.356826,0.931065,-0.0761095],[-0.742436,0.332095,0.581809],[0.566978,-0.151098,0.809757]],[[0.356826,0.931065,-0.0761095],[-0.903277,0.364658,0.226086],[0.238255,-0.0119253,0.971129]],[[0.356826,0.931065,-0.0761095],[-0.900217,0.364479,0.238251],[0.249568,-0.0164992,0.968217]]],"btipPosition":[-47.0329,256.767,-11.5708],"carpPosition":[-6.26093,248.727,81.2203],"dipPosition":[-41.3987,256.395,10.2878],"direction":[-0.238255,0.0119253,-0.971129],"extended":false,"handId":963,"id":9630,"length":50.2737,"mcpPosition":[-6.26093,248.727,81.2203],"pipPosition":[-33.5624,256.003,42.2283],"stabilizedTipPosition":[-44.6153,233.585,17.9107],"timeVisible":31.3507,"tipPosition":[-46.1219,258.386,-6.16957],"tipVelocity":[-18.1568,180.116,-237.282],"tool":false,"touchDistance":-0.540942,"touchZone":"hovering","type":0,"width":19.534},{"bases":[[[0.949345,-0.0528911,-0.309754],[0.158357,0.93194,0.326207],[0.271418,-0.358735,0.893108]],[[0.969558,-0.0842768,-0.229901],[0.0891486,0.995959,0.0108677],[0.228056,-0.0310322,0.973153]],[[0.969558,-0.0842768,-0.229901],[-0.012911,0.920001,-0.391703],[0.24452,0.382747,0.890907]],[[0.969558,-0.0842768,-0.229901],[-0.0854267,0.763487,-0.640148],[0.229476,0.640301,0.733046]]],"btipPosition":[-33.9902,276.25,-57.0801],"carpPosition":[4.20661,268.982,79.4871],"dipPosition":[-30.2081,286.803,-44.9984],"direction":[-0.24452,-0.382747,-0.890907],"extended":true,"handId":963,"id":9631,"length":56.7283,"mcpPosition":[-15.0555,294.441,16.1046],"pipPosition":[-24.5069,295.727,-24.2262],"stabilizedTipPosition":[-32.8023,273.237,-49.6047],"timeVisible":31.3507,"tipPosition":[-33.0081,276.92,-53.2866],"tipVelocity":[-17.4872,292.131,-251.081],"tool":false,"touchDistance":-0.497831,"touchZone":"hovering","type":1,"width":18.6589},{"bases":[[[0.936287,-0.258964,-0.237285],[0.322496,0.901479,0.288673],[0.139152,-0.346804,0.927558]],[[0.941891,-0.275326,-0.19245],[0.02276,0.623896,-0.781176],[0.335147,0.731402,0.593908]],[[0.941891,-0.275326,-0.19245],[-0.154387,0.154008,-0.975933],[0.298339,0.948935,0.102552]],[[0.941891,-0.275326,-0.19245],[-0.226732,-0.0983426,-0.96898],[0.247859,0.956308,-0.155053]]],"btipPosition":[-22.1576,216.062,-14.1671],"carpPosition":[15.4674,270.095,75.8756],"dipPosition":[-17.6645,233.398,-16.9778],"direction":[-0.298339,-0.948935,-0.102552],"extended":false,"handId":963,"id":9632,"length":64.6373,"mcpPosition":[6.10227,293.435,13.4497],"pipPosition":[-9.48078,259.428,-14.1647],"stabilizedTipPosition":[-15.7867,194.056,10.8837],"timeVisible":31.3507,"tipPosition":[-21.0863,220.22,-14.8992],"tipVelocity":[-40.7759,194.427,-241.203],"tool":false,"touchDistance":-0.321129,"touchZone":"hovering","type":2,"width":18.3255},{"bases":[[[0.919566,-0.374392,-0.119283],[0.392837,0.869159,0.300403],[-0.00879293,-0.323099,0.946324]],[[0.9196,-0.372651,-0.124364],[0.12477,0.577217,-0.807002],[0.372516,0.726603,0.577305]],[[0.9196,-0.372651,-0.124364],[-0.0844175,0.121728,-0.988967],[0.383678,0.919953,0.0804826]],[[0.9196,-0.372651,-0.124364],[-0.17858,-0.114556,-0.977234],[0.349921,0.920874,-0.171894]]],"btipPosition":[-5.40512,215.125,-8.52224],"carpPosition":[26.6786,268.098,72.594],"dipPosition":[0.901638,231.722,-11.6204],"direction":[-0.383678,-0.919953,-0.0804826],"extended":false,"handId":963,"id":9633,"length":62.1505,"mcpPosition":[27.2099,287.622,15.4121],"pipPosition":[11.1545,256.305,-9.46965],"stabilizedTipPosition":[3.7785,188.968,21.2332],"timeVisible":31.3507,"tipPosition":[-3.90263,218.933,-8.68461],"tipVelocity":[-42.577,186.985,-250.108],"tool":false,"touchDistance":-0.187879,"touchZone":"hovering","type":3,"width":17.4379},{"bases":[[[0.834735,-0.5477,-0.056939],[0.52875,0.768364,0.360611],[-0.153757,-0.331121,0.930977]],[[0.832495,-0.552293,-0.0438678],[0.308366,0.52768,-0.791495],[0.460285,0.645388,0.6096]],[[0.832495,-0.552293,-0.0438678],[0.0235426,0.114372,-0.993159],[0.553532,0.825767,0.108216]],[[0.832495,-0.552293,-0.0438678],[-0.117058,-0.0979483,-0.988283],[0.541526,0.827876,-0.146192]]],"btipPosition":[10.0967,226.376,-3.0841],"carpPosition":[36.644,259.214,69.394],"dipPosition":[19.1009,240.142,-5.51489],"direction":[-0.553532,-0.825767,-0.108216],"extended":false,"handId":963,"id":9634,"length":48.7249,"mcpPosition":[45.2444,277.735,17.3197],"pipPosition":[29.5445,255.722,-3.47314],"stabilizedTipPosition":[18.3588,200.669,25.9048],"timeVisible":31.3507,"tipPosition":[12.2682,229.672,-3.63061],"tipVelocity":[-37.9439,177.968,-247.287],"tool":false,"touchDistance":-0.242318,"touchZone":"hovering","type":4,"width":15.4897}],"r":[[0.993231,0.0888238,0.0748543],[-0.0871201,0.995865,-0.0257321],[-0.0768304,0.0190366,0.996862]],"s":0.784907,"t":[-5.2074,-44.2387,-9.28867],"timestamp":669217395315},false],[1,{"currentFrameRate":54.1414,"devices":[],"gestures":[{"center":[-32.1805,216.003,-10.4936],"duration":55047,"handIds":[963],"id":6,"normal":[-0.651082,0.461703,0.60243],"pointableIds":[9631],"progress":0.882503,"radius":24.1493,"state":"update","type":"circle"}],"hands":[{"armBasis":[[0.950472,-0.161327,-0.265664],[0.0987357,0.967189,-0.234086],[0.294712,0.196262,0.935215]],"armWidth":61.4671,"confidence":0.742543,"direction":[-0.0805263,0.488749,-0.8687],"elbow":[98.7822,308.332,318.471],"grabStrength":0.0117156,"id":963,"palmNormal":[-0.205005,-0.861019,-0.465424],"palmPosition":[9.80171,280.12,28.9463],"palmVelocity":[-16.9106,141.112,-199.799],"palmWidth":87.7729,"pinchStrength":0.461975,"r":[[0.993894,0.0796594,0.0763526],[-0.0789048,0.996799,-0.0128538],[-0.0771321,0.00675073,0.996998]],"s":0.79123,"sphereCenter":[13.7419,240.944,-11.9261],"sphereRadius":51.487,"stabilizedPalmPosition":[11.2269,255.775,54.211],"t":[-5.52027,-41.6448,-12.9772],"timeVisible":31.3692,"type":"right","wrist":[22.0234,257.215,74.8905]}],"id":4955707,"interactionBox":{"center":[0,200,0],"size":[235.247,235.247,147.751]},"pointables":[{"bases":[[[0.560165,0.808908,0.178557],[-0.661922,0.30748,0.683604],[0.498071,-0.501122,0.707674]],[[0.359936,0.930351,-0.0699442],[-0.740492,0.330478,0.585198],[0.567554,-0.158841,0.807868]],[[0.359936,0.930351,-0.0699442],[-0.901977,0.366162,0.228828],[0.238502,-0.0192755,0.970951]],[[0.359936,0.930351,-0.0699442],[-0.899829,0.365977,0.23742],[0.246482,-0.0225182,0.968886]]],"btipPosition":[-47.4096,259.289,-15.1381],"carpPosition":[-6.6714,250.498,77.5713],"dipPosition":[-41.845,258.78,6.73558],"direction":[-0.238502,0.0192755,-0.970951],"extended":false,"handId":963,"id":9630,"length":50.2737,"mcpPosition":[-6.6714,250.498,77.5713],"pipPosition":[-34.0007,258.146,38.6702],"stabilizedTipPosition":[-44.7373,235.646,15.6532],"timeVisible":31.3692,"tipPosition":[-46.5113,260.922,-9.70856],"tipVelocity":[-19.6581,158.289,-215.927],"tool":false,"touchDistance":-0.568639,"touchZone":"hovering","type":0,"width":19.534},{"bases":[[[0.948074,-0.0565513,-0.312981],[0.166667,0.926467,0.337463],[0.270882,-0.372104,0.887785]],[[0.96806,-0.0887373,-0.234488],[0.0996454,0.994405,0.0350636],[0.230065,-0.0573093,0.971486]],[[0.96806,-0.0887373,-0.234488],[0.00042568,0.935851,-0.352396],[0.250717,0.341041,0.905998]],[[0.96806,-0.0887373,-0.234488],[-0.0717131,0.798192,-0.598119],[0.240242,0.595831,0.766334]]],"btipPosition":[-34.6106,281.7,-60.9565],"carpPosition":[3.95334,270.689,76.0643],"dipPosition":[-30.6511,291.52,-48.3262],"direction":[-0.250717,-0.341041,-0.905998],"extended":true,"handId":963,"id":9631,"length":56.7283,"mcpPosition":[-15.2707,297.097,13.0596],"pipPosition":[-24.8054,299.472,-27.2021],"stabilizedTipPosition":[-33.2265,278.303,-53.5957],"timeVisible":31.3692,"tipPosition":[-33.5934,282.015,-57.0298],"tipVelocity":[-24.1944,289.199,-227.94],"tool":false,"touchDistance":-0.532635,"touchZone":"hovering","type":1,"width":18.6589},{"bases":[[[0.933558,-0.26341,-0.243073],[0.330457,0.895174,0.299101],[0.138806,-0.359553,0.922743]],[[0.939162,-0.28043,-0.198326],[0.0255396,0.63283,-0.773869],[0.342523,0.721724,0.601493]],[[0.939162,-0.28043,-0.198326],[-0.155712,0.167053,-0.973574],[0.30615,0.945226,0.113224]],[[0.939162,-0.28043,-0.198326],[-0.229964,-0.0844804,-0.969526],[0.255129,0.95615,-0.143829]]],"btipPosition":[-23.0776,219.137,-18.131],"carpPosition":[15.2131,271.758,72.4364],"dipPosition":[-18.4527,236.47,-20.7383],"direction":[-0.30615,-0.945226,-0.113224],"extended":false,"handId":963,"id":9632,"length":64.6373,"mcpPosition":[5.87128,295.956,10.3346],"pipPosition":[-10.0547,262.399,-17.6325],"stabilizedTipPosition":[-16.4909,197.343,7.53469],"timeVisible":31.3692,"tipPosition":[-21.9771,223.3,-18.8279],"tipVelocity":[-44.3502,180.969,-227.188],"tool":false,"touchDistance":-0.376107,"touchZone":"hovering","type":2,"width":18.3255},{"bases":[[[0.916224,-0.380178,-0.126486],[0.400568,0.862149,0.310233],[-0.00889417,-0.334909,0.942209]],[[0.916257,-0.378509,-0.131164],[0.127074,0.585145,-0.80091],[0.379902,0.717172,0.584242]],[[0.916257,-0.378509,-0.131164],[-0.0862755,0.133286,-0.987315],[0.39119,0.915951,0.089468]],[[0.916257,-0.378509,-0.131164],[-0.182221,-0.102222,-0.977929],[0.356747,0.919936,-0.162634]]],"btipPosition":[-6.32038,217.983,-12.4741],"carpPosition":[26.3993,269.713,69.0995],"dipPosition":[0.10942,234.564,-15.4053],"direction":[-0.39119,-0.915951,-0.089468],"extended":false,"handId":963,"id":9633,"length":62.1505,"mcpPosition":[26.9368,289.95,12.1663],"pipPosition":[10.563,259.04,-13.0145],"stabilizedTipPosition":[3.08062,191.626,18.4497],"timeVisible":31.3692,"tipPosition":[-4.7907,221.797,-12.6672],"tipVelocity":[-45.2111,171.373,-231.701],"tool":false,"touchDistance":-0.253104,"touchZone":"hovering","type":3,"width":17.4379},{"bases":[[[0.830172,-0.553575,-0.0660941],[0.535828,0.759524,0.368798],[-0.153957,-0.341581,0.927157]],[[0.827447,-0.559278,-0.0503899],[0.312459,0.533117,-0.786229],[0.466584,0.634818,0.615878]],[[0.827447,-0.559278,-0.0503899],[0.0239437,0.124792,-0.991894],[0.561033,0.819533,0.11665]],[[0.827447,-0.559278,-0.0503899],[-0.118423,-0.0860778,-0.989225],[0.548915,0.824499,-0.137456]]],"btipPosition":[9.26962,229.072,-7.02206],"carpPosition":[36.2849,260.791,65.7608],"dipPosition":[18.3966,242.782,-9.30759],"direction":[-0.561033,-0.819533,-0.11665],"extended":false,"handId":963,"id":9634,"length":48.7249,"mcpPosition":[44.8965,279.897,13.9003],"pipPosition":[28.9818,258.244,-7.10672],"stabilizedTipPosition":[17.8706,202.873,23.5684],"timeVisible":31.3692,"tipPosition":[11.4714,232.356,-7.54543],"tipVelocity":[-40.5111,162.22,-230.008],"tool":false,"touchDistance":-0.304988,"touchZone":"hovering","type":4,"width":15.4897}],"r":[[0.993894,0.0796594,0.0763526],[-0.0789048,0.996799,-0.0128538],[-0.0771321,0.00675073,0.996998]],"s":0.79123,"t":[-5.52027,-41.6448,-12.9772],"timestamp":669217413779},false],[2,{"currentFrameRate":54.1986,"devices":[],"gestures":[{"center":[-32.1805,216.003,-10.4936],"duration":55047,"handIds":[963],"id":6,"normal":[-0.651082,0.461703,0.60243],"pointableIds":[9631],"progress":0.882503,"radius":24.1493,"state":"update","type":"circle"}],"hands":[{"armBasis":[[0.947881,-0.169265,-0.269947],[0.108591,0.968117,-0.225739],[0.29955,0.18466,0.93604]],"armWidth":61.4671,"confidence":0.745161,"direction":[-0.076293,0.485425,-0.870943],"elbow":[99.3923,307.891,315.094],"grabStrength":0,"id":963,"palmNormal":[-0.210966,-0.861572,-0.461722],"palmPosition":[9.35418,282.583,25.2428],"palmVelocity":[-20.5529,138.177,-201.302],"palmWidth":87.7729,"pinchStrength":0.483289,"r":[[0.994463,0.0709219,0.0775413],[-0.0708683,0.99748,-0.00344541],[-0.0775903,-0.00206889,0.996983]],"s":0.79741,"sphereCenter":[12.9409,243.337,-15.4742],"sphereRadius":51.5138,"stabilizedPalmPosition":[11.1278,257.194,52.6777],"t":[-5.90047,-39.1162,-16.6732],"timeVisible":31.3874,"type":"right","wrist":[21.3733,259.795,71.2987]}],"id":4955708,"interactionBox":{"center":[0,200,0],"size":[235.247,235.247,147.751]},"pointables":[{"bases":[[[0.565948,0.805574,0.175368],[-0.660159,0.315386,0.681705],[0.493855,-0.50158,0.710299]],[[0.361978,0.928818,-0.0791732],[-0.741224,0.33829,0.579782],[0.565295,-0.151183,0.810916]],[[0.361978,0.928818,-0.0791732],[-0.90222,0.370438,0.220853],[0.234461,-0.00851216,0.972088]],[[0.361978,0.928818,-0.0791732],[-0.901652,0.370416,0.223194],[0.236634,-0.00940456,0.971553]]],"btipPosition":[-47.6461,261.073,-18.9666],"carpPosition":[-7.37192,253.301,73.9872],"dipPosition":[-42.3039,260.861,2.96733],"direction":[-0.234461,0.00851216,-0.972088],"extended":false,"handId":963,"id":9630,"length":50.2737,"mcpPosition":[-7.37192,253.301,73.9872],"pipPosition":[-34.5924,260.581,34.9394],"stabilizedTipPosition":[-44.8405,237.204,13.8378],"timeVisible":31.3874,"tipPosition":[-46.8241,262.843,-13.5212],"tipVelocity":[-17.794,131.123,-212.628],"tool":false,"touchDistance":-0.597328,"touchZone":"hovering","type":0,"width":19.534},{"bases":[[[0.947867,-0.0649015,-0.311986],[0.173204,0.926725,0.333439],[0.267485,-0.370093,0.889653]],[[0.967245,-0.0962647,-0.234884],[0.109228,0.993096,0.042786],[0.229144,-0.0670404,0.971081]],[[0.967245,-0.0962647,-0.234884],[0.0136512,0.943691,-0.330546],[0.253478,0.316512,0.914094]],[[0.967245,-0.0962647,-0.234884],[-0.057302,0.81862,-0.57147],[0.247294,0.56621,0.78629]]],"btipPosition":[-35.0636,285.739,-65.2563],"carpPosition":[3.4017,273.407,72.3981],"dipPosition":[-30.9878,295.071,-52.297],"direction":[-0.253478,-0.316512,-0.914095],"extended":true,"handId":963,"id":9631,"length":56.7283,"mcpPosition":[-15.5813,299.672,9.26075],"pipPosition":[-25.0778,302.45,-30.9842],"stabilizedTipPosition":[-33.6213,282.508,-57.405],"timeVisible":31.3874,"tipPosition":[-34.0235,285.826,-61.2602],"tipVelocity":[-23.7936,253.769,-229.628],"tool":false,"touchDistance":-0.571066,"touchZone":"hovering","type":1,"width":18.6589},{"bases":[[[0.931782,-0.271332,-0.241164],[0.336789,0.894061,0.295345],[0.135479,-0.356419,0.924452]],[[0.937243,-0.288247,-0.196187],[0.0301952,0.627646,-0.777913],[0.347367,0.72317,0.59696]],[[0.937243,-0.288247,-0.196187],[-0.154054,0.162438,-0.974619],[0.312799,0.943678,0.107839]],[[0.937243,-0.288247,-0.196187],[-0.229942,-0.0879924,-0.969218],[0.262111,0.953505,-0.14875]]],"btipPosition":[-23.9293,221.569,-21.4606],"carpPosition":[14.6717,274.377,68.7742],"dipPosition":[-19.1778,238.853,-24.1571],"direction":[-0.312799,-0.943678,-0.107839],"extended":false,"handId":963,"id":9632,"length":64.6373,"mcpPosition":[5.55384,298.364,6.55739],"pipPosition":[-10.5974,264.739,-21.199],"stabilizedTipPosition":[-17.1299,200.183,4.55265],"timeVisible":31.3874,"tipPosition":[-22.8027,225.735,-22.2201],"tipVelocity":[-44.6962,157.835,-206.324],"tool":false,"touchDistance":-0.417081,"touchZone":"hovering","type":2,"width":18.3255},{"bases":[[[0.913506,-0.387446,-0.124068],[0.406647,0.860573,0.306679],[-0.0120518,-0.330605,0.943692]],[[0.913552,-0.385913,-0.128429],[0.131784,0.579591,-0.804181],[0.384781,0.717736,0.580344]],[[0.913552,-0.385913,-0.128429],[-0.0847755,0.128156,-0.988124],[0.397789,0.91359,0.0843616]],[[0.913552,-0.385913,-0.128429],[-0.182388,-0.106471,-0.977445],[0.363535,0.91637,-0.167653]]],"btipPosition":[-7.19275,220.348,-15.8132],"carpPosition":[25.8451,272.235,65.4551],"dipPosition":[-0.640608,236.865,-18.8349],"direction":[-0.397789,-0.91359,-0.0843616],"extended":false,"handId":963,"id":9633,"length":62.1505,"mcpPosition":[26.5734,292.212,8.43227],"pipPosition":[9.98934,261.278,-16.5805],"stabilizedTipPosition":[2.44321,193.991,15.9079],"timeVisible":31.3874,"tipPosition":[-5.63734,224.163,-16.085],"tipVelocity":[-45.7137,150.999,-208.934],"tool":false,"touchDistance":-0.306525,"touchZone":"hovering","type":3,"width":17.4379},{"bases":[[[0.82614,-0.559936,-0.0629677],[0.541107,0.757223,0.365809],[-0.157149,-0.336282,0.928557]],[[0.822871,-0.566476,-0.0445948],[0.318866,0.525295,-0.788917],[0.470328,0.634957,0.61288]],[[0.822871,-0.566476,-0.0445948],[0.0276569,0.118315,-0.992591],[0.567555,0.815541,0.113025]],[[0.822871,-0.566476,-0.0445948],[-0.116334,-0.0911303,-0.989021],[0.556192,0.819024,-0.140889]]],"btipPosition":[8.45898,231.372,-10.4693],"carpPosition":[35.6675,263.226,62.1642],"dipPosition":[17.707,244.991,-12.8119],"direction":[-0.567555,-0.815541,-0.113025],"extended":false,"handId":963,"id":9634,"length":48.7249,"mcpPosition":[44.4576,282.035,10.2253],"pipPosition":[28.4152,260.378,-10.6795],"stabilizedTipPosition":[17.4285,204.793,21.4699],"timeVisible":31.3874,"tipPosition":[10.6904,234.636,-11.0169],"tipVelocity":[-41.6521,144.362,-210.686],"tool":false,"touchDistance":-0.354728,"touchZone":"hovering","type":4,"width":15.4897}],"r":[[0.994463,0.0709219,0.0775413],[-0.0708683,0.99748,-0.00344541],[-0.0775903,-0.00206889,0.996983]],"s":0.79741,"t":[-5.90047,-39.1162,-16.6732],"timestamp":669217432028},false],[3,{"currentFrameRate":54.207,"devices":[],"gestures":[{"center":[-32.1805,216.003,-10.4936],"duration":55047,"handIds":[963],"id":6,"normal":[-0.651082,0.461703,0.60243],"pointableIds":[9631],"progress":0.882503,"radius":24.1493,"state":"update","type":"circle"}],"hands":[{"armBasis":[[0.949787,-0.167911,-0.264026],[0.114247,0.971656,-0.206958],[0.291293,0.166402,0.94205]],"armWidth":61.4671,"confidence":0.714101,"direction":[-0.0806437,0.483586,-0.871574],"elbow":[97.5826,305.823,314.044],"grabStrength":0,"id":963,"palmNormal":[-0.216211,-0.862089,-0.458318],"palmPosition":[9.45757,285.194,22.6531],"palmVelocity":[-7.95224,139.914,-172.074],"palmWidth":87.7729,"pinchStrength":0.501114,"r":[[0.995003,0.0634303,0.0771094],[-0.0639056,0.997949,0.00371031],[-0.0767159,-0.00861949,0.997016]],"s":0.803569,"sphereCenter":[12.5674,246.004,-18.0161],"sphereRadius":51.5328,"stabilizedPalmPosition":[11.041,258.649,51.1176],"t":[-6.03887,-36.5462,-19.816],"timeVisible":31.4058,"type":"right","wrist":[21.7141,262.483,68.684]}],"id":4955709,"interactionBox":{"center":[0,200,0],"size":[235.247,235.247,147.751]},"pointables":[{"bases":[[[0.569186,0.804482,0.169811],[-0.654908,0.318725,0.685208],[0.497115,-0.501221,0.708276]],[[0.359595,0.928913,-0.0883911],[-0.73908,0.341366,0.580715],[0.569607,-0.143494,0.809294]],[[0.359595,0.928913,-0.0883911],[-0.902032,0.370299,0.22185],[0.23881,-0.0000445137,0.971066]],[[0.359595,0.928913,-0.0883911],[-0.902806,0.370297,0.218681],[0.235866,0.00116367,0.971785]]],"btipPosition":[-47.6377,262.956,-21.2739],"carpPosition":[-7.03009,256.071,71.5734],"dipPosition":[-42.3127,262.982,0.665202],"direction":[-0.23881,0.0000445137,-0.971066],"extended":false,"handId":963,"id":9630,"length":50.2737,"mcpPosition":[-7.03009,256.071,71.5734],"pipPosition":[-34.4582,262.98,32.6037],"stabilizedTipPosition":[-44.9232,238.56,12.2551],"timeVisible":31.4058,"tipPosition":[-46.8248,264.807,-15.8315],"tipVelocity":[-9.10806,118.635,-170.532],"tool":false,"touchDistance":-0.60052,"touchZone":"hovering","type":0,"width":19.534},{"bases":[[[0.945657,-0.0681382,-0.317946],[0.177792,0.927041,0.330129],[0.272255,-0.368717,0.888777]],[[0.965251,-0.0989963,-0.241846],[0.114787,0.992025,0.0520634],[0.234763,-0.078015,0.968917]],[[0.965251,-0.0989963,-0.241846],[0.0203009,0.951077,-0.308286],[0.260533,0.292664,0.920038]],[[0.965251,-0.0989963,-0.241846],[-0.0506057,0.837137,-0.544647],[0.256376,0.537961,0.803038]]],"btipPosition":[-35.565,289.855,-68.0498],"carpPosition":[3.78588,276.145,69.8673],"dipPosition":[-31.3396,298.721,-54.8145],"direction":[-0.260533,-0.292664,-0.920038],"extended":true,"handId":963,"id":9631,"length":56.7283,"mcpPosition":[-15.5356,302.312,6.79214],"pipPosition":[-25.265,305.545,-33.3631],"stabilizedTipPosition":[-34.0488,286.636,-60.748],"timeVisible":31.4058,"tipPosition":[-34.4973,289.746,-64.018],"tipVelocity":[-24.5452,236.39,-190.429],"tool":false,"touchDistance":-0.583243,"touchZone":"hovering","type":1,"width":18.6589},{"bases":[[[0.929488,-0.27436,-0.246535],[0.341041,0.893855,0.291056],[0.140513,-0.354612,0.924395]],[[0.935208,-0.291232,-0.201421],[0.0263031,0.62439,-0.780669],[0.353121,0.72479,0.591595]],[[0.935208,-0.291232,-0.201421],[-0.160192,0.159324,-0.974143],[0.315793,0.943292,0.102348]],[[0.935208,-0.291232,-0.201421],[-0.236514,-0.090415,-0.967412],[0.26353,0.95237,-0.153437]]],"btipPosition":[-24.2804,224.102,-23.5775],"carpPosition":[15.0347,277.076,66.1684],"dipPosition":[-19.5033,241.366,-26.359],"direction":[-0.315793,-0.943292,-0.102348],"extended":false,"handId":963,"id":9632,"length":64.6373,"mcpPosition":[5.57806,300.942,3.95546],"pipPosition":[-10.8408,267.242,-23.5515],"stabilizedTipPosition":[-17.7486,203.034,1.61117],"timeVisible":31.4058,"tipPosition":[-23.1524,228.276,-24.3918],"tipVelocity":[-32.1992,147.943,-162.826],"tool":false,"touchDistance":-0.435753,"touchZone":"hovering","type":2,"width":18.3255},{"bases":[[[0.911663,-0.39015,-0.129051],[0.410883,0.86021,0.302018],[-0.0068217,-0.328363,0.944527]],[[0.911684,-0.388726,-0.133135],[0.127951,0.576485,-0.807028],[0.390463,0.718719,0.57531]],[[0.911684,-0.388726,-0.133135],[-0.0910136,0.124921,-0.987983],[0.400686,0.912846,0.0785092]],[[0.911684,-0.388726,-0.133135],[-0.189115,-0.109312,-0.975852],[0.364786,0.914846,-0.173171]]],"btipPosition":[-7.51795,222.88,-18.0636],"carpPosition":[26.1808,274.897,62.7824],"dipPosition":[-0.943272,239.368,-21.1847],"direction":[-0.400686,-0.912846,-0.0785092],"extended":false,"handId":963,"id":9633,"length":62.1505,"mcpPosition":[26.593,294.739,5.70907],"pipPosition":[9.76408,263.762,-19.0867],"stabilizedTipPosition":[1.81007,196.44,13.3084],"timeVisible":31.4058,"tipPosition":[-5.95671,226.699,-18.4077],"tipVelocity":[-32.0671,144.306,-167.757],"tool":false,"touchDistance":-0.338305,"touchZone":"hovering","type":3,"width":17.4379},{"bases":[[[0.82424,-0.562265,-0.0669808],[0.54545,0.756643,0.360521],[-0.152028,-0.333691,0.930343]],[[0.820957,-0.568975,-0.0479313],[0.315664,0.522203,-0.79225],[0.4758,0.635273,0.608311]],[[0.820957,-0.568975,-0.0479313],[0.0221267,0.115582,-0.993051],[0.570561,0.814192,0.107478]],[[0.820957,-0.568975,-0.0479313],[-0.122418,-0.0933961,-0.988074],[0.557713,0.817034,-0.146327]]],"btipPosition":[8.19437,233.904,-12.9332],"carpPosition":[35.958,265.854,59.4493],"dipPosition":[17.4677,247.489,-15.3662],"direction":[-0.570561,-0.814192,-0.107478],"extended":false,"handId":963,"id":9634,"length":48.7249,"mcpPosition":[44.4617,284.519,7.41054],"pipPosition":[28.2326,262.85,-13.3384],"stabilizedTipPosition":[16.9977,206.748,19.349],"timeVisible":31.4058,"tipPosition":[10.4319,237.158,-13.502],"tipVelocity":[-28.3609,140.824,-174.192],"tool":false,"touchDistance":-0.384858,"touchZone":"hovering","type":4,"width":15.4897}],"r":[[0.995003,0.0634303,0.0771094],[-0.0639056,0.997949,0.00371031],[-0.0767159,-0.00861949,0.997016]],"s":0.803569,"t":[-6.03887,-36.5462,-19.816],"timestamp":669217450446},false],[4,{"currentFrameRate":54.1317,"devices":[],"gestures":[{"center":[-32.1805,216.003,-10.4936],"duration":55047,"handIds":[963],"id":6,"normal":[-0.651082,0.461703,0.60243],"pointableIds":[9631],"progress":0.882503,"radius":24.1493,"state":"update","type":"circle"}],"hands":[{"armBasis":[[0.949077,-0.171364,-0.264362],[0.122105,0.97362,-0.192754],[0.290419,0.150659,0.944965]],"armWidth":61.4671,"confidence":0.727507,"direction":[-0.0786739,0.480233,-0.873605],"elbow":[96.9572,304.096,312.216],"grabStrength":0,"id":963,"palmNormal":[-0.21985,-0.863104,-0.454662],"palmPosition":[9.15212,287.425,19.9705],"palmVelocity":[-12.0215,129.727,-157.978],"palmWidth":87.7729,"pinchStrength":0.521919,"r":[[0.995446,0.0566688,0.0766585],[-0.0574933,0.998309,0.00858968],[-0.0760421,-0.0129579,0.99702]],"s":0.809165,"sphereCenter":[11.9678,248.226,-20.532],"sphereRadius":51.5114,"stabilizedPalmPosition":[10.9439,260.128,49.5162],"t":[-6.2608,-34.1461,-22.7288],"timeVisible":31.4246,"type":"right","wrist":[21.3164,264.856,66.0963]}],"id":4955710,"interactionBox":{"center":[0,200,0],"size":[235.247,235.247,147.751]},"pointables":[{"bases":[[[0.572561,0.802801,0.166384],[-0.653523,0.324357,0.683886],[0.495057,-0.500302,0.710363]],[[0.359106,0.928234,-0.0970855],[-0.740515,0.346697,0.575706],[0.568049,-0.134846,0.811872]],[[0.359106,0.928234,-0.0970855],[-0.902722,0.371865,0.216357],[0.236932,0.00994632,0.971475]],[[0.359106,0.928234,-0.0970855],[-0.906077,0.371681,0.202183],[0.223758,0.0153617,0.974524]]],"btipPosition":[-47.6516,264.397,-24.0326],"carpPosition":[-7.45421,258.577,69.0141],"dipPosition":[-42.6,264.743,-2.03162],"direction":[-0.236932,-0.00994631,-0.971475],"extended":false,"handId":963,"id":9630,"length":50.2737,"mcpPosition":[-7.45421,258.577,69.0141],"pipPosition":[-34.8073,265.07,29.9203],"stabilizedTipPosition":[-44.9898,239.661,10.9278],"timeVisible":31.4246,"tipPosition":[-46.9427,266.358,-18.5734],"tipVelocity":[-6.66727,100.206,-158.796],"tool":false,"touchDistance":-0.609968,"touchZone":"hovering","type":0,"width":19.534},{"bases":[[[0.945343,-0.0734412,-0.3177],[0.181694,0.927675,0.326201],[0.270766,-0.366096,0.890314]],[[0.964553,-0.10357,-0.242717],[0.121241,0.990869,0.0589928],[0.234391,-0.0863288,0.968302]],[[0.964553,-0.10357,-0.242717],[0.0296803,0.956505,-0.290203],[0.262216,0.272712,0.925673]],[[0.964553,-0.10357,-0.242717],[-0.0399828,0.851788,-0.522359],[0.260844,0.513547,0.817453]]],"btipPosition":[-35.897,293.335,-71.1469],"carpPosition":[3.44563,278.598,67.2228],"dipPosition":[-31.5979,301.799,-57.674],"direction":[-0.262216,-0.272712,-0.925673],"extended":true,"handId":963,"id":9631,"length":56.7283,"mcpPosition":[-15.7702,304.579,4.03854],"pipPosition":[-25.4841,308.157,-36.0912],"stabilizedTipPosition":[-34.4226,290.397,-63.9236],"timeVisible":31.4246,"tipPosition":[-34.8224,293.086,-67.0985],"tipVelocity":[-20.7766,209.271,-176.746],"tool":false,"touchDistance":-0.598889,"touchZone":"hovering","type":1,"width":18.6589},{"bases":[[[0.928314,-0.279289,-0.245418],[0.344801,0.893641,0.287261],[0.139086,-0.351289,0.925879]],[[0.933978,-0.296035,-0.200121],[0.0284276,0.619826,-0.784225],[0.356198,0.726759,0.587319]],[[0.933978,-0.296035,-0.200121],[-0.15982,0.154829,-0.974928],[0.319598,0.942545,0.0972941]],[[0.933978,-0.296035,-0.200121],[-0.237025,-0.0941538,-0.96693],[0.267404,0.950525,-0.158105]]],"btipPosition":[-24.8387,226.232,-25.9042],"carpPosition":[14.6981,279.467,63.5195],"dipPosition":[-19.9914,243.462,-28.7703],"direction":[-0.319598,-0.942545,-0.0972941],"extended":false,"handId":963,"id":9632,"length":64.6373,"mcpPosition":[5.33739,303.109,1.20668],"pipPosition":[-11.2245,269.317,-26.1014],"stabilizedTipPosition":[-18.3605,205.815,-1.27386],"timeVisible":31.4246,"tipPosition":[-23.6971,230.407,-26.766],"tipVelocity":[-30.607,131.024,-144.486],"tool":false,"touchDistance":-0.455703,"touchZone":"hovering","type":2,"width":18.3255},{"bases":[[[0.910012,-0.394507,-0.127444],[0.414502,0.859749,0.298362],[-0.00813585,-0.324339,0.945906]],[[0.910038,-0.393184,-0.131292],[0.130172,0.571771,-0.81002],[0.393556,0.720059,0.571515]],[[0.910038,-0.393184,-0.131292],[-0.0907238,0.120132,-0.988604],[0.404475,0.911578,0.0736537]],[[0.910038,-0.393184,-0.131292],[-0.189754,-0.113537,-0.975245],[0.368544,0.912423,-0.177931]]],"btipPosition":[-8.08697,224.986,-20.408],"carpPosition":[25.8347,277.227,60.1421],"dipPosition":[-1.44456,241.431,-23.6149],"direction":[-0.404475,-0.911578,-0.0736537],"extended":false,"handId":963,"id":9633,"length":62.1505,"mcpPosition":[26.3263,296.826,2.9855],"pipPosition":[9.36406,265.791,-21.6467],"stabilizedTipPosition":[1.16694,198.924,10.6608],"timeVisible":31.4246,"tipPosition":[-6.51187,228.806,-20.814],"tipVelocity":[-30.8325,128.499,-147.482],"tool":false,"touchDistance":-0.36827,"touchZone":"hovering","type":3,"width":17.4379},{"bases":[[[0.821874,-0.56599,-0.0646436],[0.548638,0.755868,0.357296],[-0.153364,-0.329118,0.931751]],[[0.818232,-0.57322,-0.0437574],[0.319355,0.516507,-0.794501],[0.478025,0.636113,0.605684]],[[0.818232,-0.57322,-0.0437574],[0.0242225,0.110423,-0.99359],[0.574377,0.811927,0.104236]],[[0.818232,-0.57322,-0.0437574],[-0.121311,-0.0977594,-0.987789],[0.561943,0.813549,-0.149528]]],"btipPosition":[7.66656,235.995,-15.4104],"carpPosition":[35.5737,268.129,56.8468],"dipPosition":[17.0102,249.522,-17.8967],"direction":[-0.574377,-0.811927,-0.104236],"extended":false,"handId":963,"id":9634,"length":48.7249,"mcpPosition":[44.1521,286.538,4.72928],"pipPosition":[27.8471,264.841,-15.93],"stabilizedTipPosition":[16.5608,208.717,17.1996],"timeVisible":31.4246,"tipPosition":[9.92048,239.232,-15.9878],"tipVelocity":[-27.8452,126.232,-154.04],"tool":false,"touchDistance":-0.412048,"touchZone":"hovering","type":4,"width":15.4897}],"r":[[0.995446,0.0566688,0.0766585],[-0.0574933,0.998309,0.00858968],[-0.0760421,-0.0129579,0.99702]],"s":0.809165,"t":[-6.2608,-34.1461,-22.7288],"timestamp":669217469185},false],[5,{"currentFrameRate":54.2081,"devices":[],"gestures":[{"center":[-32.1805,216.003,-10.4936],"duration":55047,"handIds":[963],"id":6,"normal":[-0.651082,0.461703,0.60243],"pointableIds":[9631],"progress":0.882503,"radius":24.1493,"state":"stop","type":"circle"}],"hands":[{"armBasis":[[0.950207,-0.173422,-0.258905],[0.129332,0.975372,-0.17867],[0.283514,0.136289,0.949234]],"armWidth":61.4671,"confidence":0.724728,"direction":[-0.0775771,0.48192,-0.872774],"elbow":[95.2022,303.088,310.443],"grabStrength":0,"id":963,"palmNormal":[-0.224829,-0.861319,-0.45561],"palmPosition":[9.23959,290.288,17.1373],"palmVelocity":[-3.99029,143,-156.967],"palmWidth":87.7729,"pinchStrength":0.53042,"r":[[0.995842,0.0502437,0.0759905],[-0.0513597,0.998598,0.0128036],[-0.0752407,-0.0166532,0.997026]],"s":0.815674,"sphereCenter":[11.5008,251.392,-23.3931],"sphereRadius":51.4254,"stabilizedPalmPosition":[10.8531,261.735,47.7909],"t":[-6.32802,-31.5141,-25.6017],"timeVisible":31.4428,"type":"right","wrist":[21.3598,267.591,63.2114]}],"id":4955711,"interactionBox":{"center":[0,200,0],"size":[235.247,235.247,147.751]},"pointables":[{"bases":[[[0.576806,0.799688,0.166716],[-0.650878,0.326593,0.685343],[0.493612,-0.503822,0.70888]],[[0.361026,0.927284,-0.0990169],[-0.739116,0.349266,0.575952],[0.568655,-0.134749,0.811464]],[[0.361026,0.927284,-0.0990169],[-0.901607,0.374199,0.216978],[0.238252,0.0109397,0.971142]],[[0.361026,0.927284,-0.0990169],[-0.906927,0.373841,0.194232],[0.217124,0.0196784,0.975946]]],"btipPosition":[-47.5577,267.136,-26.8853],"carpPosition":[-7.43744,261.451,66.1629],"dipPosition":[-42.6558,267.58,-4.85224],"direction":[-0.238252,-0.0109397,-0.971142],"extended":false,"handId":963,"id":9630,"length":50.2737,"mcpPosition":[-7.43744,261.451,66.1629],"pipPosition":[-34.8197,267.94,27.0887],"stabilizedTipPosition":[-45.0492,240.799,9.57718],"timeVisible":31.4428,"tipPosition":[-46.8744,269.083,-21.432],"tipVelocity":[-1.92388,124.88,-157.713],"tool":false,"touchDistance":-0.619985,"touchZone":"hovering","type":0,"width":19.534},{"bases":[[[0.944491,-0.077681,-0.319222],[0.186805,0.92627,0.327303],[0.270261,-0.368767,0.889365]],[[0.963299,-0.107335,-0.246036],[0.128289,0.989211,0.070736],[0.235789,-0.0997036,0.966676]],[[0.963299,-0.107335,-0.246036],[0.039469,0.963249,-0.265693],[0.265512,0.246231,0.932134]],[[0.963299,-0.107335,-0.246036],[-0.0289584,0.869671,-0.492781],[0.266863,0.481821,0.834645]]],"btipPosition":[-35.9813,298.041,-74.284],"carpPosition":[3.55946,281.42,64.3849],"dipPosition":[-31.583,305.982,-60.5278],"direction":[-0.265512,-0.246231,-0.932134],"extended":true,"handId":963,"id":9631,"length":56.7283,"mcpPosition":[-15.6205,307.591,1.26805],"pipPosition":[-25.3924,311.723,-38.7943],"stabilizedTipPosition":[-34.6616,294.534,-67.0671],"timeVisible":31.4428,"tipPosition":[-34.8837,297.612,-70.2114],"tipVelocity":[-12.4775,229.792,-173.047],"tool":false,"touchDistance":-0.613412,"touchZone":"hovering","type":1,"width":18.6589},{"bases":[[[0.926543,-0.283549,-0.247219],[0.349681,0.891481,0.288069],[0.13871,-0.353356,0.925148]],[[0.93214,-0.300208,-0.20246],[0.0273159,0.615837,-0.7874],[0.361066,0.728437,0.582247]],[[0.93214,-0.300208,-0.20246],[-0.163584,0.149686,-0.975107],[0.32304,0.942056,0.0904188]],[[0.93214,-0.300208,-0.20246],[-0.241393,-0.0984424,-0.965421],[0.269896,0.94878,-0.16423]]],"btipPosition":[-25.0668,229.109,-28.173],"carpPosition":[14.8106,282.238,60.6661],"dipPosition":[-20.1743,246.308,-31.1501],"direction":[-0.32304,-0.942056,-0.0904188],"extended":false,"handId":963,"id":9632,"length":64.6373,"mcpPosition":[5.47523,306.019,-1.59755],"pipPosition":[-11.313,272.15,-28.6698],"stabilizedTipPosition":[-18.9635,208.76,-4.25436],"timeVisible":31.4428,"tipPosition":[-23.9317,233.343,-29.2456],"tipVelocity":[-21.7185,143.849,-135.768],"tool":false,"touchDistance":-0.472881,"touchZone":"hovering","type":2,"width":18.3255},{"bases":[[[0.907842,-0.398849,-0.129389],[0.419229,0.857226,0.299015],[-0.00834616,-0.325702,0.945436]],[[0.907868,-0.397599,-0.133008],[0.12925,0.567218,-0.813362],[0.398837,0.721234,0.566349]],[[0.907868,-0.397599,-0.133008],[-0.0948159,0.114318,-0.988909],[0.408395,0.91041,0.0660866]],[[0.907868,-0.397599,-0.133008],[-0.19459,-0.118595,-0.973689],[0.371364,0.909863,-0.185038]]],"btipPosition":[-8.36129,227.816,-22.7],"carpPosition":[25.9308,279.948,57.2688],"dipPosition":[-1.66805,244.215,-26.035],"direction":[-0.408395,-0.91041,-0.0660866],"extended":false,"handId":963,"id":9633,"length":62.1505,"mcpPosition":[26.4351,299.629,0.140565],"pipPosition":[9.24531,268.544,-24.269],"stabilizedTipPosition":[0.5005,201.649,7.8138],"timeVisible":31.4428,"tipPosition":[-6.7777,231.695,-23.3799],"tipVelocity":[-23.0153,141.193,-138.047],"tool":false,"touchDistance":-0.394598,"touchZone":"hovering","type":3,"width":17.4379},{"bases":[[[0.818943,-0.569984,-0.066711],[0.552933,0.75259,0.357595],[-0.153617,-0.329736,0.931491]],[[0.815153,-0.577492,-0.0450504],[0.32137,0.515589,-0.794285],[0.481921,0.632986,0.605873]],[[0.815153,-0.577492,-0.0450504],[0.023955,0.111317,-0.993496],[0.578751,0.808772,0.104574]],[[0.815153,-0.577492,-0.0450504],[-0.12265,-0.096068,-0.987789],[0.566112,0.810724,-0.14914]]],"btipPosition":[7.44173,238.92,-18.3165],"carpPosition":[35.6194,270.806,53.9455],"dipPosition":[16.8547,252.4,-20.7963],"direction":[-0.578751,-0.808772,-0.104574],"extended":false,"handId":963,"id":9634,"length":48.7249,"mcpPosition":[44.212,289.25,1.84245],"pipPosition":[27.7741,267.66,-18.8233],"stabilizedTipPosition":[16.1226,210.815,14.9258],"timeVisible":31.4428,"tipPosition":[9.71221,242.146,-18.8928],"tipVelocity":[-20.0425,142.499,-156.782],"tool":false,"touchDistance":-0.442746,"touchZone":"hovering","type":4,"width":15.4897}],"r":[[0.995842,0.0502437,0.0759905],[-0.0513597,0.998598,0.0128036],[-0.0752407,-0.0166532,0.997026]],"s":0.815674,"t":[-6.32802,-31.5141,-25.6017],"timestamp":669217487363},false],[6,{"currentFrameRate":54.1997,"devices":[],"gestures":[],"hands":[{"armBasis":[[0.951141,-0.173023,-0.255723],[0.131016,0.976141,-0.173158],[0.279582,0.131194,0.951116]],"armWidth":61.4671,"confidence":0.605943,"direction":[-0.0748387,0.479478,-0.874357],"elbow":[94.0717,303.135,309.602],"grabStrength":0,"id":963,"palmNormal":[-0.222838,-0.862684,-0.454004],"palmPosition":[9.27938,291.529,15.7026],"palmVelocity":[-1.02491,106.384,-118.674],"palmWidth":87.7729,"pinchStrength":0.532408,"r":[[0.996074,0.0452485,0.0760869],[-0.0465627,0.998794,0.0155867],[-0.0752898,-0.0190683,0.996979]],"s":0.823674,"sphereCenter":[11.2935,252.822,-24.6747],"sphereRadius":51.3244,"stabilizedPalmPosition":[10.7536,263.618,45.7628],"t":[-6.34174,-29.5777,-27.7556],"timeVisible":31.4612,"type":"right","wrist":[21.2536,268.965,61.88]}],"id":4955712,"interactionBox":{"center":[0,200,0],"size":[235.247,235.247,147.751]},"pointables":[{"bases":[[[0.575831,0.800439,0.166484],[-0.653379,0.328143,0.682216],[0.491441,-0.501618,0.711945]],[[0.359575,0.92755,-0.101772],[-0.741489,0.350239,0.5723],[0.566481,-0.130322,0.813705]],[[0.359575,0.92755,-0.101772],[-0.902805,0.373392,0.213357],[0.2359,0.0151623,0.971659]],[[0.359575,0.92755,-0.101772],[-0.909305,0.37279,0.184908],[0.209451,0.0260533,0.977472]]],"btipPosition":[-47.3154,268.007,-28.4574],"carpPosition":[-7.55046,262.819,64.7501],"dipPosition":[-42.5868,268.595,-6.38991],"direction":[-0.2359,-0.0151623,-0.971659],"extended":false,"handId":963,"id":9630,"length":50.2737,"mcpPosition":[-7.55046,262.819,64.7501],"pipPosition":[-34.828,269.094,25.5681],"stabilizedTipPosition":[-45.0981,241.933,8.20991],"timeVisible":31.4612,"tipPosition":[-46.6483,269.934,-23.0266],"tipVelocity":[4.29147,88.2211,-122.442],"tool":false,"touchDistance":-0.609783,"touchZone":"touching","type":0,"width":19.534},{"bases":[[[0.945614,-0.0780742,-0.315781],[0.18522,0.927262,0.325389],[0.267407,-0.366181,0.891294]],[[0.963841,-0.106866,-0.24411],[0.129643,0.988394,0.0791875],[0.232814,-0.107971,0.966509]],[[0.963841,-0.106866,-0.24411],[0.0460291,0.969061,-0.242492],[0.262471,0.222487,0.93894]],[[0.963841,-0.106866,-0.24411],[-0.0189585,0.886243,-0.462833],[0.265801,0.450725,0.852172]]],"btipPosition":[-35.6842,300.634,-76.2917],"carpPosition":[3.4424,282.788,62.9547],"dipPosition":[-31.3034,308.063,-62.2466],"direction":[-0.262471,-0.222487,-0.93894],"extended":true,"handId":963,"id":9631,"length":56.7283,"mcpPosition":[-15.5351,308.775,-0.298989],"pipPosition":[-25.1837,313.25,-40.3544],"stabilizedTipPosition":[-34.6684,298.038,-69.7573],"timeVisible":31.4612,"tipPosition":[-34.5888,300.023,-72.1791],"tipVelocity":[1.20049,183.525,-140.222],"tool":false,"touchDistance":-0.609523,"touchZone":"hovering","type":1,"width":18.6589},{"bases":[[[0.927525,-0.283753,-0.243274],[0.348247,0.892449,0.286807],[0.135727,-0.35074,0.926585]],[[0.932937,-0.300136,-0.198866],[0.0272056,0.609529,-0.792297],[0.359011,0.733753,0.576817]],[[0.932937,-0.300136,-0.198866],[-0.162856,0.140826,-0.976548],[0.321103,0.943444,0.0825024]],[[0.932937,-0.300136,-0.198866],[-0.240062,-0.106905,-0.964853],[0.268328,0.947887,-0.171787]]],"btipPosition":[-24.7939,230.028,-29.0571],"carpPosition":[14.7057,283.602,59.2721],"dipPosition":[-19.9297,247.21,-32.1712],"direction":[-0.321103,-0.943444,-0.0825024],"extended":false,"handId":963,"id":9632,"length":64.6373,"mcpPosition":[5.57111,307.207,-3.08823],"pipPosition":[-11.1216,273.09,-29.908],"stabilizedTipPosition":[-19.5341,211.814,-7.34479],"timeVisible":31.4612,"tipPosition":[-23.6778,234.297,-30.2914],"tipVelocity":[-4.27522,98.3009,-94.1478],"tool":false,"touchDistance":-0.46766,"touchZone":"touching","type":2,"width":18.3255},{"bases":[[[0.908479,-0.398738,-0.125192],[0.417774,0.85826,0.298085],[-0.0114108,-0.323105,0.946294]],[[0.908516,-0.397523,-0.128741],[0.127298,0.556773,-0.820852],[0.397987,0.729369,