{"sensorType":"Leap","data":[[0,{"currentFrameRate":54.1601,"devices":[],"gestures":[{"center":[-29.7822,247.405,-27.4308],"duration":18475,"handIds":[963],"id":2,"normal":[-0.990856,0.133572,-0.0190299],"pointableIds":[9631],"progress":0.880477,"radius":36.7617,"state":"update","type":"circle"}],"hands":[{"armBasis":[[0.940338,-0.229667,-0.251032],[0.170495,0.956558,-0.236492],[0.294441,0.179582,0.938645]],"armWidth":61.4671,"confidence":0.744117,"direction":[-0.0415002,0.487359,-0.872215],"elbow":[95.7165,306.494,327.198],"grabStrength":0,"id":963,"palmNormal":[-0.265382,-0.846987,-0.460636],"palmPosition":[8.67756,283.14,36.5804],"palmVelocity":[-11.5103,150.822,-182.814],"palmWidth":87.7729,"pinchStrength":0.622833,"r":[[0.995384,-0.0281345,0.0917508],[0.0257386,0.999299,0.0271924],[-0.0924515,-0.0247053,0.995411]],"s":0.932612,"sphereCenter":[2.84127,250.797,-2.16236],"sphereRadius":48.3757,"stabilizedPalmPosition":[10.5641,260.757,59.4247],"t":[-6.75079,-38.7968,-5.68487],"timeVisible":21.3088,"type":"right","wrist":[19.0283,259.721,82.7248]}],"id":4955165,"interactionBox":{"center":[0,200,0],"size":[235.247,235.247,147.751]},"pointables":[{"bases":[[[0.616876,0.767217,0.175619],[-0.640339,0.359486,0.678775],[0.457635,-0.531176,0.713037]],[[0.393715,0.912408,-0.1118],[-0.738339,0.386339,0.552808],[0.54758,-0.135102,0.825775]],[[0.393715,0.912408,-0.1118],[-0.906093,0.405697,0.120027],[0.15487,0.0540451,0.986455]],[[0.393715,0.912408,-0.1118],[-0.888755,0.408894,0.207172],[0.23474,0.0177962,0.971895]]],"btipPosition":[-46.8497,259.454,-8.82118],"carpPosition":[-10.089,255.128,85.3284],"dipPosition":[-41.5502,259.856,13.1205],"direction":[-0.15487,-0.0540451,-0.986455],"extended":false,"handId":963,"id":9630,"length":50.2737,"mcpPosition":[-10.089,255.128,85.3284],"pipPosition":[-36.4565,261.634,45.5651],"stabilizedTipPosition":[-44.8751,240.111,20.8501],"timeVisible":21.3088,"tipPosition":[-46.0024,261.036,-3.51382],"tipVelocity":[4.41553,104.768,-183.523],"tool":false,"touchDistance":-0.577044,"touchZone":"hovering","type":0,"width":19.534},{"bases":[[[0.942607,-0.127511,-0.308598],[0.232386,0.914174,0.332089],[0.239767,-0.384743,0.891339]],[[0.961054,-0.163316,-0.222941],[0.208375,0.95813,0.196384],[0.181534,-0.235191,0.954846]],[[0.961054,-0.163316,-0.222941],[0.185907,0.978946,0.0842804],[0.204483,-0.122445,0.971182]],[[0.961054,-0.163316,-0.222941],[0.167072,0.985943,-0.00204166],[0.220141,-0.0352851,0.97483]]],"btipPosition":[-30.9528,314.971,-57.8055],"carpPosition":[1.9825,274.483,83.734],"dipPosition":[-27.3245,314.389,-41.7389],"direction":[-0.204483,0.122445,-0.971182],"extended":true,"handId":963,"id":9631,"length":56.7283,"mcpPosition":[-15.0334,301.787,20.4771],"pipPosition":[-22.5568,311.534,-19.095],"stabilizedTipPosition":[-29.7708,311.299,-51.0182],"timeVisible":21.3088,"tipPosition":[-30.4348,312.607,-54.1227],"tipVelocity":[-18.4996,201.698,-174.198],"tool":false,"touchDistance":-0.253432,"touchZone":"hovering","type":1,"width":18.6589},{"bases":[[[0.912815,-0.332282,-0.237399],[0.393607,0.870787,0.294624],[0.108826,-0.362379,0.925656]],[[0.91592,-0.344109,-0.206592],[0.0545526,0.616684,-0.785319],[0.397637,0.708019,0.583605]],[[0.91592,-0.344109,-0.206592],[-0.235393,-0.0436405,-0.97092],[0.325086,0.937915,-0.120972]],[[0.91592,-0.344109,-0.206592],[-0.335909,-0.375487,-0.863814],[0.219673,0.86058,-0.459505]]],"btipPosition":[-25.4087,224.844,2.36167],"carpPosition":[13.3036,274.704,80.1468],"dipPosition":[-21.4265,240.445,-5.96805],"direction":[-0.325086,-0.937915,0.120972],"extended":false,"handId":963,"id":9632,"length":64.6373,"mcpPosition":[5.97955,299.093,17.849],"pipPosition":[-12.5091,266.172,-9.28643],"stabilizedTipPosition":[-22.5018,208.173,23.6303],"timeVisible":21.3088,"tipPosition":[-24.4098,228.245,1.113],"tipVelocity":[3.03053,144.477,-194.412],"tool":false,"touchDistance":0.333333,"touchZone":"none","type":2,"width":18.3255},{"bases":[[[0.886594,-0.446679,-0.120123],[0.461086,0.832826,0.306268],[-0.0367615,-0.326922,0.944336]],[[0.884869,-0.457358,-0.0884886],[0.209731,0.560747,-0.800984],[0.415956,0.690207,0.59211]],[[0.884869,-0.457358,-0.0884886],[-0.133232,-0.0664484,-0.988855],[0.446381,0.886797,-0.119733]],[[0.884869,-0.457358,-0.0884886],[-0.282046,-0.374814,-0.883156],[0.370752,0.806435,-0.460657]]],"btipPosition":[-9.99318,223.603,5.7911],"carpPosition":[24.3238,271.829,76.8706],"dipPosition":[-3.31097,238.138,-2.51151],"direction":[-0.446381,-0.886797,0.119733],"extended":false,"handId":963,"id":9633,"length":62.1505,"mcpPosition":[26.5451,291.583,19.8088],"pipPosition":[8.61746,261.835,-5.71108],"stabilizedTipPosition":[-5.48958,200.829,32.8682],"timeVisible":21.3088,"tipPosition":[-8.43146,226.678,5.20389],"tipVelocity":[5.82024,150.817,-199.885],"tool":false,"touchDistance":0.333333,"touchZone":"none","type":3,"width":17.4379},{"bases":[[[0.787926,-0.61294,-0.0589615],[0.588299,0.721036,0.366074],[-0.181869,-0.323127,0.928716]],[[0.75858,-0.648901,0.0590293],[0.433006,0.434343,-0.789843],[0.486891,0.624719,0.610461]],[[0.75858,-0.648901,0.0590293],[-0.0162226,-0.109375,-0.993868],[0.651378,0.752971,-0.0934964]],[[0.75858,-0.648901,0.0590293],[-0.238372,-0.360689,-0.901711],[0.606412,0.669949,-0.428291]]],"btipPosition":[4.7389,233.607,9.74755],"carpPosition":[33.5462,262.188,73.6322],"dipPosition":[14.8219,244.747,2.6262],"direction":[-0.651378,-0.752971,0.0934964],"extended":false,"handId":963,"id":9634,"length":48.7249,"mcpPosition":[43.7191,280.262,21.6844],"pipPosition":[27.1117,258.953,0.862176],"stabilizedTipPosition":[10.1241,209.594,36.5961],"timeVisible":21.3088,"tipPosition":[7.03608,235.96,9.18755],"tipVelocity":[4.48636,154.151,-197.297],"tool":false,"touchDistance":0.333333,"touchZone":"none","type":4,"width":15.4897}],"r":[[0.995384,-0.0281345,0.0917508],[0.0257386,0.999299,0.0271924],[-0.0924515,-0.0247053,0.995411]],"s":0.932612,"t":[-6.75079,-38.7968,-5.68487],"timestamp":669207353359},false],[1,{"currentFrameRate":54.158,"devices":[],"gestures":[{"center":[-29.7822,247.405,-27.4308],"duration":18475,"handIds":[963],"id":2,"normal":[-0.990856,0.133572,-0.0190299],"pointableIds":[9631],"progress":0.880477,"radius":36.7617,"state":"update","type":"circle"}],"hands":[{"armBasis":[[0.942707,-0.22919,-0.242438],[0.167246,0.953429,-0.251003],[0.288675,0.196076,0.937135]],"armWidth":61.4671,"confidence":0.744643,"direction":[-0.0443807,0.477621,-0.877445],"elbow":[94.2652,313.944,323.12],"grabStrength":0,"id":963,"palmNormal":[-0.264657,-0.85255,-0.450683],"palmPosition":[8.58051,285.763,32.6623],"palmVelocity":[-8.49127,146.55,-196.95],"palmWidth":87.7729,"pinchStrength":0.630818,"r":[[0.995513,-0.0276005,0.0905116],[0.025181,0.999297,0.0277651],[-0.0912143,-0.0253613,0.995508]],"s":0.934323,"sphereCenter":[2.23854,253.398,-5.597],"sphereRadius":48.2113,"stabilizedPalmPosition":[10.4073,262.734,57.3091],"t":[-6.90256,-36.1024,-9.3173],"timeVisible":21.3272,"type":"right","wrist":[19.0788,262.875,79.0394]}],"id":4955166,"interactionBox":{"center":[0,200,0],"size":[235.247,235.247,147.751]},"pointables":[{"bases":[[[0.615694,0.770346,0.165795],[-0.639596,0.365667,0.676169],[0.460258,-0.522355,0.71785]],[[0.389988,0.912364,-0.124505],[-0.738476,0.390658,0.54958],[0.550056,-0.122386,0.826111]],[[0.389988,0.912364,-0.124505],[-0.907194,0.403863,0.11787],[0.157824,0.0669824,0.985193]],[[0.389988,0.912364,-0.124505],[-0.891444,0.40796,0.19722],[0.23073,0.0340761,0.972421]]],"btipPosition":[-46.91,261.174,-12.3788],"carpPosition":[-10.0234,258.253,81.7573],"dipPosition":[-41.701,261.943,9.57468],"direction":[-0.157824,-0.0669824,-0.985193],"extended":false,"handId":963,"id":9630,"length":50.2737,"mcpPosition":[-10.0234,258.253,81.7573],"pipPosition":[-36.5101,264.146,41.9778],"stabilizedTipPosition":[-44.9098,240.991,19.6833],"timeVisible":21.3272,"tipPosition":[-46.0747,262.823,-7.09432],"tipVelocity":[0.166705,101.328,-187.83],"tool":false,"touchDistance":-0.600996,"touchZone":"hovering","type":0,"width":19.534},{"bases":[[[0.942194,-0.129014,-0.309235],[0.231246,0.918248,0.321475],[0.24248,-0.374401,0.895001]],[[0.960699,-0.163362,-0.224435],[0.208423,0.958508,0.194478],[0.183353,-0.233612,0.954886]],[[0.960699,-0.163362,-0.224435],[0.186199,0.978869,0.0845284],[0.205884,-0.122996,0.970816]],[[0.960699,-0.163362,-0.224435],[0.167545,0.985864,-0.000411684],[0.22133,-0.0372076,0.974489]]],"btipPosition":[-31.2501,317.346,-61.8639],"carpPosition":[2.00524,277.612,79.9231],"dipPosition":[-27.6023,316.733,-45.8028],"direction":[-0.205884,0.122996,-0.970816],"extended":true,"handId":963,"id":9631,"length":56.7283,"mcpPosition":[-15.2032,304.183,16.4063],"pipPosition":[-22.8019,313.865,-23.1675],"stabilizedTipPosition":[-30.032,313.708,-53.9353],"timeVisible":21.3272,"tipPosition":[-30.7014,314.997,-58.19],"tipVelocity":[-17.223,166.223,-196.191],"tool":false,"touchDistance":-0.317317,"touchZone":"hovering","type":1,"width":18.6589},{"bases":[[[0.912972,-0.333047,-0.235717],[0.392473,0.874774,0.284139],[0.111567,-0.351923,0.929356]],[[0.916183,-0.344591,-0.20461],[0.0526367,0.6096,-0.79096],[0.397288,0.713894,0.576643]],[[0.916183,-0.344591,-0.20461],[-0.236576,-0.0529356,-0.97017],[0.323481,0.937259,-0.130021]],[[0.916183,-0.344591,-0.20461],[-0.336549,-0.38436,-0.859652],[0.217585,0.85646,-0.468116]]],"btipPosition":[-25.4806,227.073,-0.997297],"carpPosition":[13.3181,277.817,76.3089],"dipPosition":[-21.5363,242.599,-9.48311],"direction":[-0.323481,-0.937259,0.130021],"extended":false,"handId":963,"id":9632,"length":64.6373,"mcpPosition":[5.80949,301.502,13.762],"pipPosition":[-12.6629,268.309,-13.0497],"stabilizedTipPosition":[-22.6738,210.039,21.4232],"timeVisible":21.3272,"tipPosition":[-24.4869,230.456,-2.26084],"tipVelocity":[-0.53866,132.536,-189.284],"tool":false,"touchDistance":0.333333,"touchZone":"none","type":2,"width":18.3255},{"bases":[[[0.887238,-0.446195,-0.117129],[0.460054,0.83708,0.296053],[-0.0340506,-0.316555,0.947963]],[[0.885559,-0.456738,-0.0847116],[0.209501,0.55545,-0.804726],[0.414602,0.694885,0.587571]],[[0.885559,-0.456738,-0.0847116],[-0.132792,-0.0741548,-0.988366],[0.445142,0.886505,-0.12632]],[[0.885559,-0.456738,-0.0847116],[-0.281687,-0.382988,-0.879757],[0.369375,0.802939,-0.467816]]],"btipPosition":[-10.0275,225.945,2.24251],"carpPosition":[24.337,274.928,73.0405],"dipPosition":[-3.37015,240.417,-6.18912],"direction":[-0.445142,-0.886505,0.12632],"extended":false,"handId":963,"id":9633,"length":62.1505,"mcpPosition":[26.3945,294.056,15.7595],"pipPosition":[8.52519,264.106,-9.56471],"stabilizedTipPosition":[-5.7048,202.865,30.5373],"timeVisible":21.3272,"tipPosition":[-8.47416,229.009,1.63299],"tipVelocity":[1.965,138.841,-196.907],"tool":false,"touchDistance":0.333333,"touchZone":"none","type":3,"width":17.4379},{"bases":[[[0.789041,-0.611969,-0.0539214],[0.587624,0.726212,0.35681],[-0.179199,-0.313224,0.932619]],[[0.758823,-0.647682,0.0685292],[0.436649,0.427843,-0.791384],[0.483245,0.630443,0.607467]],[[0.758823,-0.647682,0.0685292],[-0.0115879,-0.118629,-0.992871],[0.651194,0.752619,-0.0975236]],[[0.758823,-0.647682,0.0685292],[-0.234943,-0.370347,-0.898691],[0.607445,0.665847,-0.433196]]],"btipPosition":[4.72595,236.016,6.04515],"carpPosition":[33.5719,265.27,69.8884],"dipPosition":[14.8262,247.087,-1.15776],"direction":[-0.651194,-0.752619,0.0975236],"extended":false,"handId":963,"id":9634,"length":48.7249,"mcpPosition":[43.5954,282.791,17.7223],"pipPosition":[27.1124,261.287,-2.99776],"stabilizedTipPosition":[9.91463,211.567,34.4019],"timeVisible":21.3272,"tipPosition":[7.01769,238.35,5.49935],"tipVelocity":[2.08635,142.267,-199.3],"tool":false,"touchDistance":0.333333,"touchZone":"none","type":4,"width":15.4897}],"r":[[0.995513,-0.0276005,0.0905116],[0.025181,0.999297,0.0277651],[-0.0912143,-0.0253613,0.995508]],"s":0.934323,"t":[-6.90256,-36.1024,-9.3173],"timestamp":669207371831},false],[2,{"currentFrameRate":54.1824,"devices":[],"gestures":[{"center":[-29.7822,247.405,-27.4308],"duration":18475,"handIds":[963],"id":2,"normal":[-0.990856,0.133572,-0.0190299],"pointableIds":[9631],"progress":0.880477,"radius":36.7617,"state":"update","type":"circle"}],"hands":[{"armBasis":[[0.940221,-0.227423,-0.253504],[0.166648,0.956385,-0.239909],[0.297008,0.183322,0.937112]],"armWidth":61.4671,"confidence":0.702968,"direction":[-0.0402324,0.473161,-0.880057],"elbow":[95.7328,312.871,318.695],"grabStrength":0,"id":963,"palmNormal":[-0.256096,-0.856232,-0.448644],"palmPosition":[8.11109,287.728,28.0527],"palmVelocity":[-16.6927,127.525,-222.896],"palmWidth":87.7729,"pinchStrength":0.643262,"r":[[0.995503,-0.0259139,0.0911158],[0.0235153,0.999351,0.027301],[-0.0917641,-0.0250356,0.995466]],"s":0.935817,"sphereCenter":[1.66894,255.587,-10.0037],"sphereRadius":48.048,"stabilizedPalmPosition":[10.2746,264.178,55.6184],"t":[-7.21316,-33.7727,-13.4383],"timeVisible":21.3456,"type":"right","wrist":[18.3759,265.124,74.6208]}],"id":4955167,"interactionBox":{"center":[0,200,0],"size":[235.247,235.247,147.751]},"pointables":[{"bases":[[[0.609849,0.774738,0.16693],[-0.64705,0.365118,0.669339],[0.457613,-0.516208,0.723961]],[[0.384569,0.91432,-0.126989],[-0.745114,0.388675,0.541975],[0.544895,-0.113806,0.830745]],[[0.384569,0.91432,-0.126989],[-0.91063,0.398301,0.110041],[0.151193,0.0733211,0.985781]],[[0.384569,0.91432,-0.126989],[-0.896275,0.402766,0.185663],[0.220902,0.0424163,0.974373]]],"btipPosition":[-46.9174,262.454,-17.2912],"carpPosition":[-10.7193,260.343,77.1315],"dipPosition":[-41.9303,263.412,4.70642],"direction":[-0.151193,-0.0733211,-0.985781],"extended":false,"handId":963,"id":9630,"length":50.2737,"mcpPosition":[-10.7193,260.343,77.1315],"pipPosition":[-36.9575,265.823,37.1289],"stabilizedTipPosition":[-44.9315,241.537,18.8791],"timeVisible":21.3456,"tipPosition":[-46.1026,264.113,-12.0243],"tipVelocity":[-1.44297,87.2635,-225.817],"tool":false,"touchDistance":-0.642763,"touchZone":"hovering","type":0,"width":19.534},{"bases":[[[0.945348,-0.124941,-0.301177],[0.223324,0.921115,0.318862],[0.23758,-0.368695,0.898677]],[[0.96307,-0.158032,-0.217995],[0.202813,0.958305,0.20129],[0.177095,-0.238068,0.954966]],[[0.96307,-0.158032,-0.217995],[0.181707,0.978937,0.0930894],[0.198692,-0.129263,0.9715]],[[0.96307,-0.158032,-0.217995],[0.163933,0.986429,0.0091357],[0.213593,-0.044535,0.975907]]],"btipPosition":[-31.143,319.544,-66.7915],"carpPosition":[1.21006,279.764,75.299],"dipPosition":[-27.6227,318.81,-50.7071],"direction":[-0.198692,0.129263,-0.9715],"extended":true,"handId":963,"id":9631,"length":56.7283,"mcpPosition":[-15.6506,305.93,11.5213],"pipPosition":[-22.99,315.797,-28.0558],"stabilizedTipPosition":[-30.1218,315.397,-56.6643],"timeVisible":21.3456,"tipPosition":[-30.5752,317.171,-63.1408],"tipVelocity":[-6.90978,143.126,-230.683],"tool":false,"touchDistance":-0.387752,"touchZone":"hovering","type":1,"width":18.6589},{"bases":[[[0.916739,-0.328789,-0.226909],[0.385093,0.878414,0.283007],[0.10627,-0.346824,0.93189]],[[0.919853,-0.34053,-0.194703],[0.0614037,0.615241,-0.785944],[0.387427,0.710997,0.586841]],[[0.919853,-0.34053,-0.194703],[-0.223339,-0.0466054,-0.973626],[0.322475,0.939078,-0.118924]],[[0.919853,-0.34053,-0.194703],[-0.324377,-0.381243,-0.865698],[0.220567,0.859473,-0.461147]]],"btipPosition":[-25.4604,228.961,-6.60858],"carpPosition":[12.5498,280.018,71.773],"dipPosition":[-21.4621,244.542,-14.9681],"direction":[-0.322475,-0.939078,0.118924],"extended":false,"handId":963,"id":9632,"length":64.6373,"mcpPosition":[5.39763,303.36,9.05564],"pipPosition":[-12.6163,270.301,-18.2303],"stabilizedTipPosition":[-22.7767,211.279,19.7727],"timeVisible":21.3456,"tipPosition":[-24.4254,232.294,-7.58917],"tipVelocity":[0.573574,118.568,-244.365],"tool":false,"touchDistance":0.333333,"touchZone":"none","type":2,"width":18.3255},{"bases":[[[0.89073,-0.44152,-0.107985],[0.452797,0.841175,0.295634],[-0.0396945,-0.312225,0.949178]],[[0.88878,-0.45224,-0.0744961],[0.215952,0.556558,-0.802252],[0.404272,0.696937,0.59232]],[[0.88878,-0.45224,-0.0744961],[-0.121281,-0.075311,-0.989757],[0.441998,0.888711,-0.121783]],[[0.88878,-0.45224,-0.0744961],[-0.270356,-0.38604,-0.881976],[0.370106,0.804022,-0.46537]]],"btipPosition":[-9.89656,227.767,-2.63588],"carpPosition":[23.6108,277.179,68.6055],"dipPosition":[-3.22599,242.258,-11.0234],"direction":[-0.441998,-0.888711,0.121783],"extended":false,"handId":963,"id":9633,"length":62.1505,"mcpPosition":[26.0094,296.045,11.2511],"pipPosition":[8.58532,266.007,-14.2778],"stabilizedTipPosition":[-5.83829,204.284,28.774],"timeVisible":21.3456,"tipPosition":[-8.35329,230.827,-3.21181],"tipVelocity":[4.52699,119.899,-229.642],"tool":false,"touchDistance":0.333333,"touchZone":"none","type":3,"width":17.4379},{"bases":[[[0.793007,-0.607566,-0.0447549],[0.580528,0.731351,0.357928],[-0.184734,-0.309821,0.932676]],[[0.761014,-0.643671,0.0809079],[0.44508,0.4273,-0.786968],[0.471976,0.634904,0.611667]],[[0.761014,-0.643671,0.0809079],[0.00185001,-0.122563,-0.992459],[0.648733,0.755425,-0.092081]],[[0.761014,-0.643671,0.0809079],[-0.222201,-0.375795,-0.899669],[0.609495,0.666683,-0.429009]]],"btipPosition":[4.78706,237.897,1.41089],"carpPosition":[32.9267,267.561,65.5729],"dipPosition":[14.9214,248.982,-5.72241],"direction":[-0.648733,-0.755425,0.092081],"extended":false,"handId":963,"id":9634,"length":48.7249,"mcpPosition":[43.2598,284.891,13.4036],"pipPosition":[27.1612,263.235,-7.45972],"stabilizedTipPosition":[9.77623,212.996,32.688],"timeVisible":21.3456,"tipPosition":[7.0714,240.23,0.885987],"tipVelocity":[2.88784,123.184,-224.344],"tool":false,"touchDistance":0.333333,"touchZone":"none","type":4,"width":15.4897}],"r":[[0.995503,-0.0259139,0.0911158],[0.0235153,0.999351,0.027301],[-0.0917641,-0.0250356,0.995466]],"s":0.935817,"t":[-7.21316,-33.7727,-13.4383],"timestamp":669207390201},false],[3,{"currentFrameRate":54.2117,"devices":[],"gestures":[{"center":[-29.7822,247.405,-27.4308],"duration":18475,"handIds":[963],"id":2,"normal":[-0.990856,0.133572,-0.0190299],"pointableIds":[9631],"progress":0.880477,"radius":36.7617,"state":"update","type":"circle"}],"hands":[{"armBasis":[[0.94391,-0.214259,-0.251251],[0.157917,0.961154,-0.226372],[0.289994,0.173998,0.941078]],"armWidth":61.4671,"confidence":0.708986,"direction":[-0.045614,0.47469,-0.878971],"elbow":[93.9215,312.304,315.848],"grabStrength":0,"id":963,"palmNormal":[-0.246153,-0.858097,-0.450643],"palmPosition":[7.87062,289.577,24.223],"palmVelocity":[-14.9722,114.695,-216.121],"palmWidth":87.7729,"pinchStrength":0.657313,"r":[[0.995545,-0.0223077,0.0916097],[0.0198743,0.999427,0.0273894],[-0.0921682,-0.0254467,0.995418]],"s":0.937231,"sphereCenter":[1.16305,257.921,-13.8066],"sphereRadius":47.887,"stabilizedPalmPosition":[10.1748,265.233,54.3142],"t":[-7.48869,-31.6833,-17.4137],"timeVisible":21.3639,"type":"right","wrist":[18.3916,266.986,70.7401]}],"id":4955168,"interactionBox":{"center":[0,200,0],"size":[235.247,235.247,147.751]},"pointables":[{"bases":[[[0.600849,0.781341,0.168782],[-0.651282,0.356081,0.670102],[0.463478,-0.512555,0.722824]],[[0.373004,0.919242,-0.125943],[-0.749787,0.378593,0.542666],[0.546523,-0.107986,0.830453]],[[0.373004,0.919242,-0.125943],[-0.915305,0.386791,0.112293],[0.151938,0.0733903,0.985662]],[[0.373004,0.919242,-0.125943],[-0.901555,0.391161,0.184912],[0.219243,0.0445715,0.974652]]],"btipPosition":[-46.9102,263.644,-21.1745],"carpPosition":[-10.6468,261.864,73.2364],"dipPosition":[-41.9606,264.65,0.829364],"direction":[-0.151938,-0.0733903,-0.985662],"extended":false,"handId":963,"id":9630,"length":50.2737,"mcpPosition":[-10.6468,261.864,73.2364],"pipPosition":[-36.9633,267.064,33.2479],"stabilizedTipPosition":[-44.9442,241.876,18.3482],"timeVisible":21.3639,"tipPosition":[-46.0793,265.278,-15.9178],"tipVelocity":[-0.788522,76.7912,-219.004],"tool":false,"touchDistance":-0.665048,"touchZone":"hovering","type":0,"width":19.534},{"bases":[[[0.946754,-0.113325,-0.301354],[0.212646,0.922896,0.321006],[0.24174,-0.367995,0.897854]],[[0.964481,-0.145555,-0.220433],[0.193467,0.957418,0.214294],[0.179855,-0.249329,0.951571]],[[0.964481,-0.145555,-0.220433],[0.172359,0.97914,0.107599],[0.200173,-0.141771,0.969449]],[[0.964481,-0.145555,-0.220433],[0.154623,0.987673,0.0243622],[0.21417,-0.057581,0.975098]]],"btipPosition":[-31.749,322.129,-70.3802],"carpPosition":[1.05778,281.426,71.45],"dipPosition":[-28.2192,321.18,-54.3091],"direction":[-0.200173,0.141771,-0.969449],"extended":true,"handId":963,"id":9631,"length":56.7283,"mcpPosition":[-16.0982,307.542,7.73071],"pipPosition":[-23.552,317.875,-31.7056],"stabilizedTipPosition":[-30.308,316.885,-58.9526],"timeVisible":21.3639,"tipPosition":[-31.1191,319.701,-66.7768],"tipVelocity":[-19.3974,140.771,-213.939],"tool":false,"touchDistance":-0.431187,"touchZone":"hovering","type":1,"width":18.6589},{"bases":[[[0.920494,-0.31766,-0.227559],[0.3749,0.882147,0.285072],[0.110184,-0.347718,0.931102]],[[0.923842,-0.329878,-0.194155],[0.0618128,0.629146,-0.774825],[0.377749,0.703815,0.601623]],[[0.923842,-0.329878,-0.194155],[-0.216228,-0.0312106,-0.975844],[0.315849,0.943508,-0.100162]],[[0.923842,-0.329878,-0.194155],[-0.316032,-0.371171,-0.87313],[0.215961,0.867994,-0.447155]]],"btipPosition":[-25.1643,230.88,-11.8582],"carpPosition":[12.3941,281.819,67.9259],"dipPosition":[-21.2494,246.614,-19.964],"direction":[-0.315849,-0.943508,0.100162],"extended":false,"handId":963,"id":9632,"length":64.6373,"mcpPosition":[4.97855,305.221,5.26159],"pipPosition":[-12.5854,272.496,-22.7116],"stabilizedTipPosition":[-22.8296,212.106,18.58],"timeVisible":21.3639,"tipPosition":[-24.1126,234.171,-12.5135],"tipVelocity":[7.54744,112.783,-262.922],"tool":false,"touchDistance":0.333333,"touchZone":"none","type":2,"width":18.3255},{"bases":[[[0.895777,-0.430957,-0.108897],[0.443029,0.845664,0.297621],[-0.0361717,-0.314847,0.948453]],[[0.893891,-0.442029,-0.0746289],[0.212121,0.563732,-0.798255],[0.394923,0.697722,0.597679]],[[0.893891,-0.442029,-0.0746289],[-0.117837,-0.0710693,-0.990487],[0.43252,0.894181,-0.115616]],[[0.893891,-0.442029,-0.0746289],[-0.264183,-0.384939,-0.884324],[0.36217,0.810205,-0.46087]]],"btipPosition":[-9.43351,229.569,-6.92126],"carpPosition":[23.4875,279.114,64.7532],"dipPosition":[-2.90598,244.172,-15.2277],"direction":[-0.43252,-0.894181,0.115616],"extended":false,"handId":963,"id":9633,"length":62.1505,"mcpPosition":[25.6732,298.139,7.44263],"pipPosition":[8.65207,268.067,-18.3172],"stabilizedTipPosition":[-5.911,205.278,27.4683],"timeVisible":21.3639,"tipPosition":[-7.92383,232.643,-7.48013],"tipVelocity":[13.6135,110.179,-231.066],"tool":false,"touchDistance":0.333333,"touchZone":"none","type":3,"width":17.4379},{"bases":[[[0.799973,-0.598265,-0.0460608],[0.572014,0.737179,0.359677],[-0.181227,-0.314079,0.931939]],[[0.767798,-0.635498,0.0814195],[0.442717,0.434384,-0.784418],[0.463129,0.63832,0.614865]],[[0.767798,-0.635498,0.0814195],[0.00587597,-0.120091,-0.992746],[0.640665,0.762706,-0.0884711]],[[0.767798,-0.635498,0.0814195],[-0.216032,-0.37643,-0.900905],[0.603172,0.674124,-0.42631]]],"btipPosition":[5.13742,239.808,-2.64337],"carpPosition":[32.9141,269.611,61.6995],"dipPosition":[15.1666,251.017,-9.73178],"direction":[-0.640665,-0.762706,0.0884711],"extended":false,"handId":963,"id":9634,"length":48.7249,"mcpPosition":[43.0511,287.179,9.57145],"pipPosition":[27.2542,265.407,-11.401],"stabilizedTipPosition":[9.6926,214.05,31.3626],"timeVisible":21.3639,"tipPosition":[7.39676,242.165,-3.17438],"tipVelocity":[10.0396,114.808,-222.48],"tool":false,"touchDistance":0.333333,"touchZone":"none","type":4,"width":15.4897}],"r":[[0.995545,-0.0223077,0.0916097],[0.0198743,0.999427,0.0273894],[-0.0921682,-0.0254467,0.995418]],"s":0.937231,"t":[-7.48869,-31.6833,-17.4137],"timestamp":669207408544},false],[4,{"currentFrameRate":54.0404,"devices":[],"gestures":[{"center":[-29.7822,247.405,-27.4308],"duration":18475,"handIds":[963],"id":2,"normal":[-0.990856,0.133572,-0.0190299],"pointableIds":[9631],"progress":0.880477,"radius":36.7617,"state":"update","type":"circle"}],"hands":[{"armBasis":[[0.945957,-0.206547,-0.250008],[0.152803,0.963877,-0.218157],[0.286037,0.168165,0.943347]],"armWidth":61.4671,"confidence":0.714093,"direction":[-0.0502467,0.472706,-0.879786],"elbow":[93.1654,311.913,314.711],"grabStrength":0,"id":963,"palmNormal":[-0.240679,-0.860669,-0.448689],"palmPosition":[7.9181,290.542,22.4685],"palmVelocity":[-6.34549,82.9824,-154.692],"palmWidth":87.7729,"pinchStrength":0.665264,"r":[[0.995622,-0.0179711,0.0917267],[0.0155463,0.999512,0.0270807],[-0.0921686,-0.0255361,0.995416]],"s":0.938645,"sphereCenter":[0.731072,259.22,-15.3786],"sphereRadius":47.7277,"stabilizedPalmPosition":[10.1043,266.024,53.3195],"t":[-7.60272,-30.1559,-20.2786],"timeVisible":21.3831,"type":"right","wrist":[18.666,268.114,69.0124]}],"id":4955169,"interactionBox":{"center":[0,200,0],"size":[235.247,235.247,147.751]},"pointables":[{"bases":[[[0.59551,0.785912,0.166462],[-0.652845,0.352691,0.670375],[0.468147,-0.507889,0.72311]],[[0.365541,0.921814,-0.128992],[-0.751694,0.374086,0.543153],[0.54894,-0.101582,0.829666]],[[0.365541,0.921814,-0.128992],[-0.917879,0.379997,0.114455],[0.154523,0.0765612,0.985018]],[[0.365541,0.921814,-0.128992],[-0.904406,0.384516,0.184924],[0.220065,0.0490639,0.974251]]],"btipPosition":[-46.815,264.056,-22.7828],"carpPosition":[-10.3316,262.79,71.56],"dipPosition":[-41.8468,265.163,-0.787974],"direction":[-0.154523,-0.0765612,-0.985018],"extended":false,"handId":963,"id":9630,"length":50.2737,"mcpPosition":[-10.3316,262.79,71.56],"pipPosition":[-36.7645,267.681,31.6094],"stabilizedTipPosition":[-44.951,242.084,18.0142],"timeVisible":21.3831,"tipPosition":[-45.9451,265.672,-17.5465],"tipVelocity":[2.17408,50.1026,-152.423],"tool":false,"touchDistance":-0.651032,"touchZone":"hovering","type":0,"width":19.534},{"bases":[[[0.947106,-0.107147,-0.302505],[0.206526,0.924986,0.318981],[0.245635,-0.364584,0.898188]],[[0.964758,-0.138182,-0.223937],[0.18849,0.956726,0.221689],[0.183613,-0.256086,0.949055]],[[0.964758,-0.138182,-0.223937],[0.167248,0.979017,0.116423],[0.203151,-0.149773,0.967625]],[[0.964758,-0.138182,-0.223937],[0.149419,0.988191,0.0339498],[0.216602,-0.0662138,0.974012]]],"btipPosition":[-32.1176,323.502,-71.9689],"carpPosition":[1.23084,282.431,69.7203],"dipPosition":[-28.5477,322.41,-55.9158],"direction":[-0.203151,0.149773,-0.967625],"extended":true,"handId":963,"id":9631,"length":56.7283,"mcpPosition":[-16.2015,308.305,5.97729],"pipPosition":[-23.8111,318.918,-33.3548],"stabilizedTipPosition":[-30.4866,318.035,-60.6369],"timeVisible":21.3831,"tipPosition":[-31.4228,321.062,-68.4008],"tipVelocity":[-19.1058,105.85,-149.408],"tool":false,"touchDistance":-0.440294,"touchZone":"hovering","type":1,"width":18.6589},{"bases":[[[0.922407,-0.311525,-0.228292],[0.369015,0.885326,0.282888],[0.113986,-0.345182,0.931588]],[[0.925958,-0.323939,-0.194073],[0.0609812,0.635455,-0.769726],[0.372669,0.700899,0.608159]],[[0.925958,-0.323939,-0.194073],[-0.213239,-0.0243877,-0.976696],[0.311657,0.945763,-0.0916585]],[[0.925958,-0.323939,-0.194073],[-0.312153,-0.367381,-0.876123],[0.212512,0.871834,-0.441299]]],"btipPosition":[-24.8414,231.793,-14.281],"carpPosition":[12.559,282.898,66.1792],"dipPosition":[-20.9891,247.597,-22.2807],"direction":[-0.311657,-0.945763,0.0916585],"extended":false,"handId":963,"id":9632,"length":64.6373,"mcpPosition":[4.88767,306.129,3.48216],"pipPosition":[-12.44,273.54,-24.7949],"stabilizedTipPosition":[-22.8564,212.66,17.7559],"timeVisible":21.3831,"tipPosition":[-23.7907,235.067,-14.809],"tipVelocity":[11.7946,81.0735,-195.016],"tool":false,"touchDistance":0.333333,"touchZone":"none","type":2,"width":18.3255},{"bases":[[[0.898667,-0.424773,-0.109384],[0.43742,0.849352,0.295408],[-0.0325759,-0.31332,0.949089]],[[0.896841,-0.4361,-0.0741138],[0.210454,0.568018,-0.795653],[0.389083,0.697977,0.601201]],[[0.896841,-0.4361,-0.0741138],[-0.114927,-0.0679213,-0.991049],[0.427163,0.897331,-0.111034]],[[0.896841,-0.4361,-0.0741138],[-0.259986,-0.384101,-0.885931],[0.357887,0.813808,-0.457858]]],"btipPosition":[-8.99934,230.47,-9.04584],"carpPosition":[23.6669,280.267,62.9955],"dipPosition":[-2.549,245.137,-17.298],"direction":[-0.427163,-0.897331,0.111034],"extended":false,"handId":963,"id":9633,"length":62.1505,"mcpPosition":[25.6353,299.199,5.64659],"pipPosition":[8.86588,269.116,-20.2651],"stabilizedTipPosition":[-5.95104,205.991,26.5098],"timeVisible":21.3831,"tipPosition":[-7.50551,233.55,-9.55352],"tipVelocity":[17.6548,79.4026,-171.499],"tool":false,"touchDistance":0.333333,"touchZone":"none","type":3,"width":17.4379},{"bases":[[[0.804146,-0.592641,-0.0460984],[0.567263,0.741904,0.35748],[-0.177657,-0.313616,0.932782]],[[0.771644,-0.630482,0.0840099],[0.442289,0.436952,-0.783233],[0.457106,0.641534,0.616027]],[[0.771644,-0.630482,0.0840099],[0.00932773,-0.120849,-0.992627],[0.635986,0.766739,-0.0873712]],[[0.771644,-0.630482,0.0840099],[-0.211798,-0.379238,-0.900733],[0.599755,0.677253,-0.426172]]],"btipPosition":[5.53069,240.758,-4.50671],"carpPosition":[33.1566,270.826,59.946],"dipPosition":[15.503,252.019,-11.5928],"direction":[-0.635986,-0.766739,0.0873712],"extended":false,"handId":963,"id":9634,"length":48.7249,"mcpPosition":[43.0938,288.368,7.77079],"pipPosition":[27.5024,266.486,-13.2413],"stabilizedTipPosition":[9.64138,214.854,30.3345],"timeVisible":21.3831,"tipPosition":[7.77204,243.124,-5.03394],"tipVelocity":[14.9107,82.9698,-160.709],"tool":false,"touchDistance":0.333333,"touchZone":"none","type":4,"width":15.4897}],"r":[[0.995622,-0.0179711,0.0917267],[0.0155463,0.999512,0.0270807],[-0.0921686,-0.0255361,0.995416]],"s":0.938645,"t":[-7.60272,-30.1559,-20.2786],"timestamp":669207427653},false],[5,{"currentFrameRate":54.131,"devices":[],"gestures":[{"center":[-29.7822,247.405,-27.4308],"duration":18475,"handIds":[963],"id":2,"normal":[-0.990856,0.133572,-0.0190299],"pointableIds":[9631],"progress":0.880477,"radius":36.7617,"state":"update","type":"circle"}],"hands":[{"armBasis":[[0.947548,-0.20378,-0.246225],[0.148606,0.962944,-0.225068],[0.282965,0.176672,0.942718]],"armWidth":61.4671,"confidence":0.694579,"direction":[-0.0520544,0.470922,-0.880638],"elbow":[92.0708,315.645,311.264],"grabStrength":0,"id":963,"palmNormal":[-0.238049,-0.862265,-0.447026],"palmPosition":[7.53629,291.938,19.1477],"palmVelocity":[-13.3455,80.0874,-168.148],"palmWidth":87.7729,"pinchStrength":0.670626,"r":[[0.995685,-0.0138261,0.0917603],[0.0114413,0.999584,0.0264645],[-0.092088,-0.0253004,0.995429]],"s":0.940063,"sphereCenter":[-0.197011,260.97,-18.5145],"sphereRadius":47.5701,"stabilizedPalmPosition":[10.0503,266.568,52.602],"t":[-7.85064,-28.6941,-23.3715],"timeVisible":21.4012,"type":"right","wrist":[18.3714,269.631,65.7293]}],"id":4955170,"interactionBox":{"center":[0,200,0],"size":[235.247,235.247,147.751]},"pointables":[{"bases":[[[0.593028,0.788132,0.164819],[-0.653761,0.351819,0.66994],[0.470015,-0.505046,0.723889]],[[0.36193,0.922889,-0.131464],[-0.752876,0.372546,0.542575],[0.549712,-0.0973978,0.829656]],[[0.36193,0.922889,-0.131464],[-0.919126,0.376827,0.11493],[0.155607,0.0792356,0.984636]],[[0.36193,0.922889,-0.131464],[-0.906083,0.381424,0.183112],[0.219136,0.0528438,0.974262]]],"btipPosition":[-47.1433,265.109,-26.0338],"carpPosition":[-10.608,264.218,68.2962],"dipPosition":[-42.196,266.302,-4.03873],"direction":[-0.155607,-0.0792356,-0.984636],"extended":false,"handId":963,"id":9630,"length":50.2737,"mcpPosition":[-10.608,264.218,68.2962],"pipPosition":[-37.0781,268.908,28.346],"stabilizedTipPosition":[-44.9568,242.213,17.7973],"timeVisible":21.4012,"tipPosition":[-46.262,266.719,-20.808],"tipVelocity":[-7.60759,54.3884,-165.127],"tool":false,"touchDistance":-0.663027,"touchZone":"hovering","type":0,"width":19.534},{"bases":[[[0.947349,-0.104651,-0.302619],[0.203647,0.926232,0.31721],[0.247099,-0.362136,0.898777]],[[0.964758,-0.134704,-0.226045],[0.187034,0.955292,0.228988],[0.185093,-0.263197,0.94682]],[[0.964758,-0.134704,-0.226045],[0.165885,0.97818,0.125084],[0.204263,-0.158173,0.966053]],[[0.964758,-0.134704,-0.226045],[0.148107,0.988021,0.0433414],[0.217499,-0.0752927,0.973152]]],"btipPosition":[-32.6639,325.43,-75.171],"carpPosition":[0.89049,283.893,66.4166],"dipPosition":[-29.0792,324.189,-59.1319],"direction":[-0.204263,0.158173,-0.966053],"extended":true,"handId":963,"id":9631,"length":56.7283,"mcpPosition":[-16.6458,309.593,2.63182],"pipPosition":[-24.3166,320.501,-36.6076],"stabilizedTipPosition":[-30.6629,318.961,-62.0502],"timeVisible":21.4012,"tipPosition":[-31.9335,322.968,-71.6334],"tipVelocity":[-24.2532,105.119,-162.35],"tool":false,"touchDistance":-0.472677,"touchZone":"hovering","type":1,"width":18.6589},{"bases":[[[0.923332,-0.308971,-0.228022],[0.366252,0.887029,0.281138],[0.115399,-0.343097,0.932184]],[[0.926974,-0.321472,-0.193324],[0.0613854,0.638406,-0.767248],[0.370068,0.699352,0.61152]],[[0.926974,-0.321472,-0.193324],[-0.211104,-0.0210437,-0.977237],[0.310086,0.946685,-0.0873711]],[[0.926974,-0.321472,-0.193324],[-0.309836,-0.365606,-0.877687],[0.211472,0.873492,-0.438511]]],"btipPosition":[-25.0967,233.161,-17.9538],"carpPosition":[12.216,284.39,62.8709],"dipPosition":[-21.2632,248.995,-25.9029],"direction":[-0.310086,-0.946685,0.0873711],"extended":false,"handId":963,"id":9632,"length":64.6373,"mcpPosition":[4.44951,307.481,0.133747],"pipPosition":[-12.7573,274.964,-28.2996],"stabilizedTipPosition":[-22.8766,213.018,17.1985],"timeVisible":21.4012,"tipPosition":[-24.0486,236.432,-18.4452],"tipVelocity":[-0.643403,78.5291,-198.19],"tool":false,"touchDistance":0.333333,"touchZone":"none","type":2,"width":18.3255},{"bases":[[[0.899996,-0.422076,-0.108898],[0.434776,0.851299,0.293701],[-0.0312591,-0.311676,0.949674]],[[0.89813,-0.433743,-0.0723193],[0.212487,0.572073,-0.7922],[0.384983,0.696132,0.605961]],[[0.89813,-0.433743,-0.0723193],[-0.110652,-0.0637528,-0.991812],[0.425581,0.898778,-0.105253]],[[0.89813,-0.433743,-0.0723193],[-0.25598,-0.381985,-0.88801],[0.357543,0.81606,-0.454102]]],"btipPosition":[-9.18942,231.892,-12.8157],"carpPosition":[23.3312,281.788,59.6884],"dipPosition":[-2.74528,246.601,-21.0001],"direction":[-0.425581,-0.898778,0.105253],"extended":false,"handId":963,"id":9633,"length":62.1505,"mcpPosition":[25.2201,300.621,2.30409],"pipPosition":[8.62733,270.618,-23.8128],"stabilizedTipPosition":[-5.97918,206.46,25.8494],"timeVisible":21.4012,"tipPosition":[-7.69883,234.967,-13.2614],"tipVelocity":[4.21148,79.1502,-188.326],"tool":false,"touchDistance":0.333333,"touchZone":"none","type":3,"width":17.4379},{"bases":[[[0.806037,-0.590131,-0.0452727],[0.564984,0.744385,0.355928],[-0.176344,-0.312469,0.933416]],[[0.772483,-0.62879,0.0888425],[0.446324,0.438067,-0.780315],[0.451736,0.642433,0.619044]],[[0.772483,-0.62879,0.0888425],[0.0156158,-0.12105,-0.992524],[0.634844,0.768095,-0.0836902]],[[0.772483,-0.62879,0.0888425],[-0.206324,-0.380824,-0.901334],[0.600584,0.677935,-0.423915]]],"btipPosition":[5.3419,242.173,-8.04492],"carpPosition":[32.8503,272.372,56.6532],"dipPosition":[15.328,253.446,-15.0935],"direction":[-0.634844,-0.768095,0.0836902],"extended":false,"handId":963,"id":9634,"length":48.7249,"mcpPosition":[42.7141,289.85,4.44247],"pipPosition":[27.3058,267.938,-16.6725],"stabilizedTipPosition":[9.60482,215.4,29.6044],"timeVisible":21.4012,"tipPosition":[7.57764,244.533,-8.53887],"tipVelocity":[2.92969,80.6408,-176.78],"tool":false,"touchDistance":0.333333,"touchZone":"none","type":4,"width":15.4897}],"r":[[0.995685,-0.0138261,0.0917603],[0.0114413,0.999584,0.0264645],[-0.092088,-0.0253004,0.995429]],"s":0.940063,"t":[-7.85064,-28.6941,-23.3715],"timestamp":669207445807},false],[6,{"currentFrameRate":54.187,"devices":[],"gestures":[{"center":[-29.7822,247.405,-27.4308],"duration":18475,"handIds":[963],"id":2,"normal":[-0.990856,0.133572,-0.0190299],"pointableIds":[9631],"progress":0.880477,"radius":36.7617,"state":"update","type":"circle"}],"hands":[{"armBasis":[[0.949323,-0.201508,-0.241207],[0.150907,0.965417,-0.212595],[0.275705,0.165421,0.946902]],"armWidth":61.4671,"confidence":0.597487,"direction":[-0.0532588,0.465887,-0.88324],"elbow":[90.4343,313.537,310.135],"grabStrength":0,"id":963,"palmNormal":[-0.237369,-0.865049,-0.441979],"palmPosition":[7.73009,292.485,16.812],"palmVelocity":[-1.87879,56.0888,-148.903],"palmWidth":87.7729,"pinchStrength":0.673725,"r":[[0.995739,-0.0101738,0.0916517],[0.00792724,0.99966,0.0248425],[-0.0918733,-0.0240101,0.995481]],"s":0.941803,"sphereCenter":[-0.717498,261.792,-20.5202],"sphereRadius":47.4064,"stabilizedPalmPosition":[10.0199,266.908,52.1323],"t":[-7.8777,-27.6899,-26.0858],"timeVisible":21.4195,"type":"right","wrist":[18.6259,270.453,63.5105]}],"id":4955171,"interactionBox":{"center":[0,200,0],"size":[235.247,235.247,147.751]},"pointables":[{"bases":[[[0.592226,0.789741,0.15993],[-0.653677,0.354827,0.668434],[0.471143,-0.500407,0.726373]],[[0.360574,0.922595,-0.137131],[-0.752733,0.374648,0.541325],[0.5508,-0.0919647,0.829555]],[[0.360574,0.922595,-0.137131],[-0.919393,0.37633,0.114423],[0.157173,0.0848191,0.983922]],[[0.360574,0.922595,-0.137131],[-0.906594,0.381222,0.180988],[0.219256,0.0590627,0.973878]]],"btipPosition":[-46.9871,265.326,-28.1634],"carpPosition":[-10.3452,265.021,66.1296],"dipPosition":[-42.0372,266.66,-6.17703],"direction":[-0.157173,-0.0848191,-0.983922],"extended":false,"handId":963,"id":9630,"length":50.2737,"mcpPosition":[-10.3452,265.021,66.1296],"pipPosition":[-36.8677,269.449,26.1843],"stabilizedTipPosition":[-44.9596,242.287,17.6693],"timeVisible":21.4195,"tipPosition":[-46.084,266.933,-22.9567],"tipVelocity":[0.142912,34.9044,-141.978],"tool":false,"touchDistance":-0.657032,"touchZone":"hovering","type":0,"width":19.534},{"bases":[[[0.947246,-0.105249,-0.302733],[0.202797,0.928243,0.311831],[0.248189,-0.356773,0.900619]],[[0.964315,-0.133961,-0.228364],[0.187759,0.954145,0.233139],[0.186661,-0.267697,0.945249]],[[0.964315,-0.133961,-0.228364],[0.166687,0.977328,0.130556],[0.205698,-0.163962,0.964782]],[[0.964315,-0.133961,-0.228364],[0.148927,0.987607,0.0495299],[0.218899,-0.081772,0.972315]]],"btipPosition":[-32.6245,326.283,-77.4794],"carpPosition":[1.12875,284.698,64.1304],"dipPosition":[-29.0168,324.935,-61.4541],"direction":[-0.205698,0.163962,-0.964782],"extended":true,"handId":963,"id":9631,"length":56.7283,"mcpPosition":[-16.4849,310.018,0.214908],"pipPosition":[-24.2207,321.112,-38.9594],"stabilizedTipPosition":[-30.7627,319.58,-63.0859],"timeVisible":21.4195,"tipPosition":[-31.8587,323.803,-73.9658],"tipVelocity":[-11.4752,76.534,-145.247],"tool":false,"touchDistance":-0.488416,"touchZone":"hovering","type":1,"width":18.6589},{"bases":[[[0.923525,-0.309173,-0.226966],[0.36542,0.889028,0.275858],[0.116492,-0.3377,0.934017]],[[0.92726,-0.321684,-0.191595],[0.0625739,0.637657,-0.767775],[0.369153,0.699938,0.611402]],[[0.92726,-0.321684,-0.191595],[-0.209434,-0.021445,-0.977588],[0.310366,0.946604,-0.0872566]],[[0.92726,-0.321684,-0.191595],[-0.308544,-0.366613,-0.877721],[0.212108,0.872991,-0.4392]]],"btipPosition":[-24.9119,233.58,-20.3597],"carpPosition":[12.451,285.189,60.5736],"dipPosition":[-21.0669,249.406,-28.3213],"direction":[-0.310366,-0.946604,0.0872566],"extended":false,"handId":963,"id":9632,"length":64.6373,"mcpPosition":[4.611,307.916,-2.28698],"pipPosition":[-12.5532,275.372,-30.7149],"stabilizedTipPosition":[-22.8867,213.232,16.8505],"timeVisible":21.4195,"tipPosition":[-23.8585,236.85,-20.8335],"tipVelocity":[4.57952,51.8913,-166.483],"tool":false,"touchDistance":0.333333,"touchZone":"none","type":2,"width":18.3255},{"bases":[[[0.900409,-0.421632,-0.10719],[0.433995,0.853449,0.288571],[-0.0301901,-0.306352,0.951439]],[[0.898537,-0.433301,-0.0698639],[0.213096,0.56986,-0.793631],[0.383693,0.698219,0.604375]],[[0.898537,-0.433301,-0.0698639],[-0.109291,-0.0667281,-0.991768],[0.425072,0.898776,-0.107314]],[[0.898537,-0.433301,-0.0698639],[-0.254746,-0.385258,-0.88695],[0.357401,0.814755,