{"sensorType":"Leap","data":[[0,{"currentFrameRate":46.876,"devices":[],"gestures":[],"hands":[{"armBasis":[[0.951953,-0.212442,-0.220578],[0.193258,0.975466,-0.105437],[0.237565,0.057743,0.969654]],"armWidth":61.4671,"confidence":0.205708,"direction":[-0.110311,0.431853,-0.895173],"elbow":[92.4453,317.789,334.406],"grabStrength":0,"id":963,"palmNormal":[-0.28505,-0.876579,-0.387757],"palmPosition":[16.6351,323.154,35.2262],"palmVelocity":[19.2231,76.9823,-206.514],"palmWidth":87.7729,"pinchStrength":0.493976,"r":[[0.999898,-0.0103772,-0.00982422],[0.0103656,0.999946,-0.00123165],[0.00983647,0.00112969,0.999951]],"s":0.989945,"sphereCenter":[9.02059,288.986,0.221218],"sphereRadius":48.1499,"stabilizedPalmPosition":[15.6447,319.196,45.5454],"t":[0.763148,2.58158,-6.71603],"timeVisible":0.056916,"type":"right","wrist":[30.5704,302.749,81.8561]}],"id":4954038,"interactionBox":{"center":[0,200,0],"size":[235.247,235.247,147.751]},"pointables":[{"bases":[[[0.616571,0.782838,0.0836976],[-0.595751,0.394416,0.699654],[0.514704,-0.48125,0.709562]],[[0.446945,0.886581,-0.119221],[-0.611617,0.40011,0.682523],[0.652813,-0.232133,0.721075]],[[0.446945,0.886581,-0.119221],[-0.840526,0.461819,0.283266],[0.306196,-0.0263958,0.951602]],[[0.446945,0.886581,-0.119221],[-0.891612,0.430684,-0.139785],[-0.0725841,0.168775,0.982978]]],"btipPosition":[-38.0861,306.268,-1.3961],"carpPosition":[1.78079,298.032,86.8158],"dipPosition":[-39.7248,310.078,20.7957],"direction":[-0.306196,0.0263958,-0.951602],"extended":false,"handId":963,"id":9630,"length":50.2737,"mcpPosition":[1.78079,298.032,86.8158],"pipPosition":[-29.6539,309.21,52.0941],"stabilizedTipPosition":[-40.374,303.714,13.409],"timeVisible":0.056916,"tipPosition":[-39.1222,307.831,4.07039],"tipVelocity":[30.0653,76.8117,-190.956],"tool":false,"touchDistance":1,"touchZone":"none","type":0,"width":19.534},{"bases":[[[0.920106,-0.136871,-0.366976],[0.24205,0.935323,0.258036],[0.307924,-0.326247,0.893726]],[[0.95535,-0.183297,-0.231752],[0.193444,0.980872,0.0216439],[0.223352,-0.0655087,0.972534]],[[0.95535,-0.183297,-0.231752],[0.147819,0.975611,-0.162276],[0.255845,0.120772,0.959144]],[[0.95535,-0.183297,-0.231752],[0.110492,0.949044,-0.295138],[0.274041,0.256353,0.926922]]],"btipPosition":[-28.1646,336.199,-58.1923],"carpPosition":[13.4266,317.371,83.1795],"dipPosition":[-23.648,340.424,-42.9152],"direction":[-0.255845,-0.120772,-0.959144],"extended":true,"handId":963,"id":9631,"length":56.7283,"mcpPosition":[-8.42626,340.525,19.7531],"pipPosition":[-17.6827,343.24,-20.552],"stabilizedTipPosition":[-25.8632,331.762,-45.6456],"timeVisible":0.056916,"tipPosition":[-27.1216,337.035,-54.6678],"tipVelocity":[-28.1781,113.457,-180.454],"tool":false,"touchDistance":0.581819,"touchZone":"hovering","type":1,"width":18.6589},{"bases":[[[0.898413,-0.337121,-0.281433],[0.400822,0.891329,0.211838],[0.179434,-0.303122,0.935906]],[[0.906919,-0.353276,-0.229553],[0.0407667,0.61589,-0.786777],[0.419328,0.704184,0.572964]],[[0.906919,-0.353276,-0.229553],[-0.40309,-0.569115,-0.716677],[0.122543,0.742499,-0.658543]],[[0.906919,-0.353276,-0.229553],[-0.389875,-0.910243,-0.139479],[-0.159674,0.215993,-0.96325]]],"btipPosition":[-7.57976,280.86,24.6809],"carpPosition":[24.4605,317.484,78.7833],"dipPosition":[-10.4743,284.776,7.21948],"direction":[-0.122543,-0.742499,0.658543],"extended":false,"handId":963,"id":9632,"length":64.6373,"mcpPosition":[12.3844,337.885,15.7956],"pipPosition":[-7.11281,305.143,-10.845],"stabilizedTipPosition":[-7.36495,277.16,30.5197],"timeVisible":0.056916,"tipPosition":[-8.20547,281.791,20.7918],"tipVelocity":[-23.4821,93.3897,-195.437],"tool":false,"touchDistance":0.333333,"touchZone":"none","type":2,"width":18.3255},{"bases":[[[0.882237,-0.44428,-0.155802],[0.469501,0.854848,0.220916],[0.0350383,-0.26805,0.962768]],[[0.881423,-0.439167,-0.173856],[0.0554131,0.461689,-0.885309],[0.469066,0.770698,0.431279]],[[0.881423,-0.439167,-0.173856],[-0.45804,-0.704899,-0.541587],[0.115296,0.557,-0.822471]],[[0.881423,-0.439167,-0.173856],[-0.429134,-0.89837,0.0936748],[-0.197326,-0.00795962,-0.980306]]],"btipPosition":[13.4028,282.762,37.7912],"carpPosition":[35.2612,314.523,74.9078],"dipPosition":[9.84631,282.618,20.1228],"direction":[-0.115296,-0.557,0.82247],"extended":false,"handId":963,"id":9633,"length":62.1505,"mcpPosition":[33.144,330.72,16.7323],"pipPosition":[12.9273,297.503,-1.85576],"stabilizedTipPosition":[14.7614,281.446,47.1323],"timeVisible":0.056916,"tipPosition":[13.1891,283.613,34.5274],"tipVelocity":[-51.4498,21.0395,-272.324],"tool":false,"touchDistance":0.333333,"touchZone":"none","type":3,"width":17.4379},{"bases":[[[0.790579,-0.607415,-0.0776706],[0.602244,0.748277,0.278179],[-0.110851,-0.266699,0.957384]],[[0.781755,-0.62339,-0.015597],[0.281123,0.374645,-0.883522],[0.556622,0.686313,0.46813]],[[0.781755,-0.62339,-0.015597],[-0.492985,-0.602519,-0.627644],[0.38187,0.498353,-0.778344]],[[0.781755,-0.62339,-0.015597],[-0.622974,-0.779637,-0.063803],[0.0276142,0.0595948,-0.997841]]],"btipPosition":[23.9204,285.908,33.3706],"carpPosition":[44.3698,304.794,71.6127],"dipPosition":[24.3796,286.899,16.7792],"direction":[-0.38187,-0.498353,0.778344],"extended":false,"handId":963,"id":9634,"length":48.7249,"mcpPosition":[50.5703,319.711,18.0614],"pipPosition":[31.5844,296.302,2.09392],"stabilizedTipPosition":[24.2889,282.257,40.1277],"timeVisible":0.056916,"tipPosition":[23.989,286.067,29.5618],"tipVelocity":[-10.0039,75.0714,-210.349],"tool":false,"touchDistance":0.333333,"touchZone":"none","type":4,"width":15.4897}],"r":[[0.999898,-0.0103772,-0.00982422],[0.0103656,0.999946,-0.00123165],[0.00983647,0.00112969,0.999951]],"s":0.989945,"t":[0.763148,2.58158,-6.71603],"timestamp":669186101518},false],[1,{"currentFrameRate":47.3905,"devices":[],"gestures":[],"hands":[{"armBasis":[[0.945705,-0.234741,-0.224806],[0.207382,0.968369,-0.138761],[0.250268,0.0846062,0.964473]],"armWidth":61.4671,"confidence":0.256219,"direction":[-0.106691,0.420691,-0.900908],"elbow":[95.7876,326.646,329.799],"grabStrength":0,"id":963,"palmNormal":[-0.30444,-0.876384,-0.373185],"palmPosition":[16.8178,324.596,31.7431],"palmVelocity":[14.483,76.3876,-194.933],"palmWidth":87.7729,"pinchStrength":0.514151,"r":[[0.999715,-0.0187348,-0.0148047],[0.0186684,0.999815,-0.00461355],[0.0148884,0.00433586,0.99988]],"s":0.981587,"sphereCenter":[8.77796,289.565,-2.96527],"sphereRadius":48.1772,"stabilizedPalmPosition":[15.6484,319.213,45.5013],"t":[0.973074,4.00337,-10.2925],"timeVisible":0.075948,"type":"right","wrist":[30.6043,304.61,78.598]}],"id":4954039,"interactionBox":{"center":[0,200,0],"size":[235.247,235.247,147.751]},"pointables":[{"bases":[[[0.632365,0.771607,0.0688284],[-0.58398,0.41644,0.696811],[0.509001,-0.480833,0.713945]],[[0.461702,0.876417,-0.136838],[-0.605895,0.424263,0.672972],[0.647859,-0.227803,0.7269]],[[0.461702,0.876417,-0.136838],[-0.835054,0.481476,0.266206],[0.299191,-0.00864076,0.954154]],[[0.461702,0.876417,-0.136838],[-0.884213,0.44243,-0.149741],[-0.0706945,0.19013,0.97921]]],"btipPosition":[-37.6858,307.5,-4.71387],"carpPosition":[1.75484,300.538,83.7773],"dipPosition":[-39.2818,311.792,17.3929],"direction":[-0.299191,0.00864076,-0.954154],"extended":false,"handId":963,"id":9630,"length":50.2737,"mcpPosition":[1.75484,300.538,83.7773],"pipPosition":[-29.4413,311.508,48.7751],"stabilizedTipPosition":[-40.3638,303.736,13.3516],"timeVisible":0.075948,"tipPosition":[-38.8271,309.338,0.81223],"tipVelocity":[25.8691,73.7199,-183.268],"tool":false,"touchDistance":1,"touchZone":"none","type":0,"width":19.534},{"bases":[[[0.915187,-0.160494,-0.369696],[0.261895,0.934047,0.242831],[0.306341,-0.319058,0.89686]],[[0.950114,-0.20537,-0.234749],[0.213069,0.977007,0.00763327],[0.227784,-0.0572702,0.972026]],[[0.950114,-0.20537,-0.234749],[0.166346,0.970304,-0.175609],[0.263843,0.127799,0.956062]],[[0.950114,-0.20537,-0.234749],[0.127783,0.942869,-0.307685],[0.284527,0.262339,0.922075]]],"btipPosition":[-28.2617,337.3,-61.6282],"carpPosition":[13.7601,319.587,79.7932],"dipPosition":[-23.5722,341.624,-46.431],"direction":[-0.263843,-0.127799,-0.956062],"extended":true,"handId":963,"id":9631,"length":56.7283,"mcpPosition":[-7.98039,342.23,16.1444],"pipPosition":[-17.4205,344.604,-24.1397],"stabilizedTipPosition":[-25.8748,331.819,-45.7559],"timeVisible":0.075948,"tipPosition":[-27.1702,338.111,-58.119],"tipVelocity":[-15.7769,86.6539,-180.97],"tool":false,"touchDistance":0.505156,"touchZone":"hovering","type":1,"width":18.6589},{"bases":[[[0.890014,-0.358989,-0.281072],[0.41951,0.886235,0.196465],[0.178567,-0.292769,0.939361]],[[0.898474,-0.374518,-0.229086],[0.0488984,0.603926,-0.795539],[0.436295,0.703569,0.560925]],[[0.898474,-0.374518,-0.229086],[-0.418057,-0.570509,-0.706929],[0.134062,0.730928,-0.669157]],[[0.898474,-0.374518,-0.229086],[-0.408744,-0.904026,-0.125159],[-0.160226,0.20609,-0.965326]]],"btipPosition":[-8.30706,282.621,21.8918],"carpPosition":[24.7697,319.416,75.3383],"dipPosition":[-11.2116,286.357,4.3928],"direction":[-0.134062,-0.730928,0.669157],"extended":false,"handId":963,"id":9632,"length":64.6373,"mcpPosition":[12.7519,339.12,12.1181],"pipPosition":[-7.53412,306.407,-13.9628],"stabilizedTipPosition":[-7.3739,277.196,30.4493],"timeVisible":0.075948,"tipPosition":[-8.92759,283.516,18.0125],"tipVelocity":[-30.8017,91.885,-171.568],"tool":false,"touchDistance":0.333333,"touchZone":"none","type":2,"width":18.3255},{"bases":[[[0.872417,-0.463939,-0.153779],[0.487504,0.848538,0.205727],[0.0350426,-0.254447,0.966452]],[[0.871652,-0.459317,-0.171031],[0.0945588,0.499991,-0.860853],[0.480918,0.734191,0.479251]],[[0.871652,-0.459317,-0.171031],[-0.46063,-0.648476,-0.606051],[0.16746,0.607047,-0.776821]],[[0.871652,-0.459317,-0.171031],[-0.463668,-0.885865,0.0159976],[-0.158858,0.065357,-0.985136]]],"btipPosition":[11.0315,282.516,30.9113],"carpPosition":[35.4883,316.184,71.451],"dipPosition":[8.16838,283.694,13.1558],"direction":[-0.16746,-0.607047,0.776821],"extended":false,"handId":963,"id":9633,"length":62.1505,"mcpPosition":[33.3709,331.559,13.0528],"pipPosition":[12.6433,299.916,-7.60281],"stabilizedTipPosition":[14.7558,281.448,47.1064],"timeVisible":0.075948,"tipPosition":[11.321,283.947,28.4602],"tipVelocity":[-83.365,12.1722,-316.782],"tool":false,"touchDistance":0.333333,"touchZone":"none","type":3,"width":17.4379},{"bases":[[[0.777987,-0.624054,-0.0727531],[0.61843,0.740213,0.263874],[-0.110819,-0.250283,0.961809]],[[0.769029,-0.639145,-0.00942427],[0.286048,0.357288,-0.889113],[0.571639,0.681057,0.457591]],[[0.769029,-0.639145,-0.00942427],[-0.507781,-0.601882,-0.616357],[0.388269,0.478782,-0.78741]],[[0.769029,-0.639145,-0.00942427],[-0.638802,-0.767921,-0.0472176],[0.0229418,0.0423319,-0.99884]]],"btipPosition":[23.3782,287.261,30.3109],"carpPosition":[44.3847,306.229,68.2534],"dipPosition":[23.7597,287.965,13.7028],"direction":[-0.388269,-0.478782,0.78741],"extended":false,"handId":963,"id":9634,"length":48.7249,"mcpPosition":[50.5833,320.228,14.4545],"pipPosition":[31.0853,296.998,-1.15346],"stabilizedTipPosition":[24.2873,282.267,40.1002],"timeVisible":0.075948,"tipPosition":[23.4223,287.334,26.5352],"tipVelocity":[-19.5756,71.3846,-186.014],"tool":false,"touchDistance":0.333333,"touchZone":"none","type":4,"width":15.4897}],"r":[[0.999715,-0.0187348,-0.0148047],[0.0186684,0.999815,-0.00461355],[0.0148884,0.00433586,0.99988]],"s":0.981587,"t":[0.973074,4.00337,-10.2925],"timestamp":669186120550},false],[2,{"currentFrameRate":47.9991,"devices":[],"gestures":[],"hands":[{"armBasis":[[0.940504,-0.250912,-0.22912],[0.223513,0.964738,-0.139009],[0.255919,0.0795277,0.963421]],"armWidth":61.4671,"confidence":0.30372,"direction":[-0.107729,0.410915,-0.905286],"elbow":[97.4341,326.467,326.115],"grabStrength":0,"id":963,"palmNormal":[-0.319678,-0.876545,-0.359828],"palmPosition":[16.9128,325.348,28.1925],"palmVelocity":[9.99243,59.2882,-193.922],"palmWidth":87.7729,"pinchStrength":0.52963,"r":[[0.999394,-0.0283126,-0.0202356],[0.0281169,0.999556,-0.00989199],[0.0205067,0.00931703,0.999746]],"s":0.973325,"sphereCenter":[8.50202,289.729,-6.15225],"sphereRadius":48.2146,"stabilizedPalmPosition":[15.651,319.225,45.4661],"t":[1.12551,5.09055,-13.856],"timeVisible":0.094361,"type":"right","wrist":[30.7789,305.753,75.1887]}],"id":4954040,"interactionBox":{"center":[0,200,0],"size":[235.247,235.247,147.751]},"pointables":[{"bases":[[[0.643717,0.763333,0.0543315],[-0.572612,0.433347,0.695935],[0.507686,-0.479096,0.716046]],[[0.470731,0.868791,-0.153667],[-0.600874,0.443226,0.665208],[0.646036,-0.2208,0.730674]],[[0.470731,0.868791,-0.153667],[-0.831017,0.495108,0.253532],[0.296349,0.00835454,0.955043]],[[0.470731,0.868791,-0.153667],[-0.880124,0.450246,-0.150534],[-0.0615946,0.206107,0.976589]]],"btipPosition":[-37.5489,307.862,-8.00544],"carpPosition":[1.91589,302.157,80.6376],"dipPosition":[-38.9394,312.515,14.0422],"direction":[-0.296349,-0.00835454,-0.955043],"extended":false,"handId":963,"id":9630,"length":50.2737,"mcpPosition":[1.91589,302.157,80.6376],"pipPosition":[-29.1925,312.789,45.4536],"stabilizedTipPosition":[-40.3573,303.749,13.3094],"timeVisible":0.094361,"tipPosition":[-38.6969,309.923,-2.42225],"tipVelocity":[18.229,49.8638,-181.455],"tool":false,"touchDistance":0.955689,"touchZone":"hovering","type":0,"width":19.534},{"bases":[[[0.90993,-0.178084,-0.374584],[0.27694,0.933179,0.229086],[0.308757,-0.31219,0.898447]],[[0.945089,-0.221478,-0.240323],[0.227188,0.973842,-0.00404357],[0.234932,-0.0507769,0.970685]],[[0.945089,-0.221478,-0.240323],[0.179106,0.96609,-0.185988],[0.273365,0.132732,0.952709]],[[0.945089,-0.221478,-0.240323],[0.139268,0.938171,-0.316922],[0.295655,0.26605,0.9175]]],"btipPosition":[-28.7372,337.763,-65.0014],"carpPosition":[14.1578,320.982,76.3235],"dipPosition":[-23.8643,342.148,-49.8796],"direction":[-0.273365,-0.132732,-0.952708],"extended":true,"handId":963,"id":9631,"length":56.7283,"mcpPosition":[-7.75423,343.138,12.5621],"pipPosition":[-17.4906,345.242,-27.6664],"stabilizedTipPosition":[-25.8839,331.856,-45.838],"timeVisible":0.094361,"tipPosition":[-27.5958,338.517,-61.5023],"tipVelocity":[-19.5117,57.3967,-182.494],"tool":false,"touchDistance":0.437117,"touchZone":"hovering","type":1,"width":18.6589},{"bases":[[[0.882645,-0.375083,-0.283285],[0.4335,0.882557,0.18213],[0.181701,-0.28356,0.941583]],[[0.891273,-0.390051,-0.231287],[0.0509078,0.59288,-0.80368],[0.450601,0.704524,0.548274]],[[0.891273,-0.390051,-0.231287],[-0.431684,-0.573617,-0.696141],[0.138861,0.720295,-0.679627]],[[0.891273,-0.390051,-0.231287],[-0.422372,-0.899678,-0.110375],[-0.165032,0.196063,-0.966604]]],"btipPosition":[-8.86851,283.613,19.0903],"carpPosition":[25.1289,320.6,71.7877],"dipPosition":[-11.8601,287.167,1.56814],"direction":[-0.138861,-0.720295,0.679627],"extended":false,"handId":963,"id":9632,"length":64.6373,"mcpPosition":[12.9002,339.684,8.41796],"pipPosition":[-8.05105,306.926,-17.0747],"stabilizedTipPosition":[-7.38361,277.228,30.3809],"timeVisible":0.094361,"tipPosition":[-9.51196,284.468,15.1896],"tipVelocity":[-31.1764,72.5051,-162.357],"tool":false,"touchDistance":0.333333,"touchZone":"none","type":2,"width":18.3255},{"bases":[[[0.864557,-0.478179,-0.154554],[0.501024,0.844015,0.191348],[0.0389472,-0.242866,0.969278]],[[0.863745,-0.473865,-0.171456],[0.111162,0.511023,-0.852349],[0.491516,0.717152,0.494069]],[[0.863745,-0.473865,-0.171456],[-0.466352,-0.622723,-0.628278],[0.190949,0.62263,-0.758861]],[[0.863745,-0.473865,-0.171456],[-0.48279,-0.875653,-0.012046],[-0.144428,0.0931821,-0.985118]]],"btipPosition":[9.73304,282.616,26.0307],"carpPosition":[35.7703,317.167,67.86],"dipPosition":[7.12995,284.295,8.27554],"direction":[-0.190949,-0.62263,0.758861],"extended":false,"handId":963,"id":9633,"length":62.1505,"mcpPosition":[33.4169,331.843,9.29117],"pipPosition":[12.2326,300.933,-12.0032],"stabilizedTipPosition":[14.7503,281.45,47.0819],"timeVisible":0.094361,"tipPosition":[10.093,284.079,23.7101],"tipVelocity":[-75.6168,11.9337,-291.879],"tool":false,"touchDistance":0.333333,"touchZone":"none","type":3,"width":17.4379},{"bases":[[[0.768506,-0.635913,-0.0708092],[0.630854,0.734571,0.249856],[-0.106872,-0.236686,0.96569]],[[0.759654,-0.650299,-0.00616495],[0.287293,0.344079,-0.893909],[0.583429,0.67729,0.448207]],[[0.759654,-0.650299,-0.00616495],[-0.519891,-0.601567,-0.606491],[0.390691,0.463928,-0.795067]],[[0.759654,-0.650299,-0.00616495],[-0.65012,-0.759136,-0.0325043],[0.0164575,0.0287,-0.999453]]],"btipPosition":[22.9328,287.954,27.0356],"carpPosition":[44.5,307.047,64.7204],"dipPosition":[23.2065,288.431,10.4173],"direction":[-0.390691,-0.463928,0.795067],"extended":false,"handId":963,"id":9634,"length":48.7249,"mcpPosition":[50.478,320.286,10.7044],"pipPosition":[30.5778,297.184,-4.58345],"stabilizedTipPosition":[24.2855,282.275,40.0773],"timeVisible":0.094361,"tipPosition":[22.9546,287.966,23.312],"tipVelocity":[-22.4453,53.7805,-182.16],"tool":false,"touchDistance":0.333333,"touchZone":"none","type":4,"width":15.4897}],"r":[[0.999394,-0.0283126,-0.0202356],[0.0281169,0.999556,-0.00989199],[0.0205067,0.00931703,0.999746]],"s":0.973325,"t":[1.12551,5.09055,-13.856],"timestamp":669186138963},false],[3,{"currentFrameRate":48.4153,"devices":[],"gestures":[],"hands":[{"armBasis":[[0.939689,-0.265552,-0.215563],[0.232524,0.958187,-0.166765],[0.250834,0.106583,0.962145]],"armWidth":61.4671,"confidence":0.351676,"direction":[-0.113811,0.39601,-0.911166],"elbow":[96.2218,333.962,321.86],"grabStrength":0,"id":963,"palmNormal":[-0.335967,-0.878435,-0.33982],"palmPosition":[16.6874,325.137,24.1003],"palmVelocity":[-0.764917,24.6028,-204.398],"palmWidth":87.7729,"pinchStrength":0.542379,"r":[[0.998884,-0.0387874,-0.0269485],[0.0383144,0.999106,-0.0178524],[0.0276168,0.0168,0.999477]],"s":0.966096,"sphereCenter":[7.65711,288.875,-9.55419],"sphereRadius":48.2216,"stabilizedPalmPosition":[15.652,319.231,45.445],"t":[1.08905,5.52823,-17.6838],"timeVisible":0.113377,"type":"right","wrist":[30.8911,306.202,71.2663]}],"id":4954041,"interactionBox":{"center":[0,200,0],"size":[235.247,235.247,147.751]},"pointables":[{"bases":[[[0.65452,0.755351,0.032379],[-0.557794,0.453539,0.695103],[0.510361,-0.47302,0.718181]],[[0.478609,0.85999,-0.177058],[-0.592045,0.465006,0.658219],[0.648395,-0.210204,0.731709]],[[0.478609,0.85999,-0.177058],[-0.825483,0.509436,0.243008],[0.299184,0.0298523,0.953728]],[[0.478609,0.85999,-0.177058],[-0.876848,0.457698,-0.147137],[-0.0454972,0.225674,0.97314]]],"btipPosition":[-37.9803,307.143,-11.4299],"carpPosition":[2.05476,303.098,77.1419],"dipPosition":[-39.0074,312.238,10.5399],"direction":[-0.299184,-0.0298523,-0.953728],"extended":false,"handId":963,"id":9630,"length":50.2737,"mcpPosition":[2.05476,303.098,77.1419],"pipPosition":[-29.1672,313.22,41.9081],"stabilizedTipPosition":[-40.3548,303.754,13.2861],"timeVisible":0.113377,"tipPosition":[-39.0733,309.399,-5.81444],"tipVelocity":[0.243581,9.33194,-181.242],"tool":false,"touchDistance":0.841818,"touchZone":"hovering","type":0,"width":19.534},{"bases":[[[0.90259,-0.197159,-0.3827],[0.29232,0.933288,0.208621],[0.316038,-0.30017,0.90001]],[[0.938692,-0.238327,-0.249114],[0.240503,0.970396,-0.0221335],[0.247014,-0.0391361,0.968221]],[[0.938692,-0.238327,-0.249114],[0.190109,0.960617,-0.202666],[0.287604,0.142882,0.947031]],[[0.938692,-0.238327,-0.249114],[0.148318,0.931458,-0.332246],[0.311222,0.274929,0.9097]]],"btipPosition":[-30.0097,336.736,-68.7393],"carpPosition":[14.4913,321.674,72.3334],"dipPosition":[-24.8803,341.267,-53.7461],"direction":[-0.287604,-0.142882,-0.947031],"extended":true,"handId":963,"id":9631,"length":56.7283,"mcpPosition":[-7.9375,342.977,8.46112],"pipPosition":[-18.1746,344.598,-31.6653],"stabilizedTipPosition":[-25.8921,331.872,-45.8919],"timeVisible":0.113377,"tipPosition":[-28.8043,337.457,-65.2604],"tipVelocity":[-41.3319,3.40744,-190.191],"tool":false,"touchDistance":0.370225,"touchZone":"hovering","type":1,"width":18.6589},{"bases":[[[0.873843,-0.392095,-0.287507],[0.447573,0.879703,0.160626],[0.18994,-0.269042,0.944213]],[[0.882917,-0.406211,-0.23548],[0.0481643,0.577233,-0.815158],[0.467053,0.708375,0.529213]],[[0.882917,-0.406211,-0.23548],[-0.448351,-0.580472,-0.67973],[0.139424,0.705723,-0.694634]],[[0.882917,-0.406211,-0.23548],[-0.435686,-0.895749,-0.0883793],[-0.17503,0.180627,-0.967852]]],"btipPosition":[-9.75382,283.598,16.1139],"carpPosition":[25.3973,321.06,67.6678],"dipPosition":[-12.9267,286.872,-1.43088],"direction":[-0.139424,-0.705723,0.694634],"extended":false,"handId":963,"id":9632,"length":64.6373,"mcpPosition":[12.614,339.167,4.12103],"pipPosition":[-9.10215,306.231,-20.4854],"stabilizedTipPosition":[-7.39226,277.248,30.3298],"timeVisible":0.113377,"tipPosition":[-10.4418,284.39,12.1906],"tipVelocity":[-39.8306,34.7233,-159.617],"tool":false,"touchDistance":0.333333,"touchZone":"none","type":2,"width":18.3255},{"bases":[[[0.856027,-0.492606,-0.15671],[0.514688,0.840417,0.169692],[0.0481104,-0.225918,0.972958]],[[0.855067,-0.488625,-0.173514],[0.113806,0.503328,-0.856568],[0.505875,0.712676,0.485987]],[[0.855067,-0.488625,-0.173514],[-0.479144,-0.616674,-0.624607],[0.198197,0.617219,-0.761419]],[[0.855067,-0.488625,-0.173514],[-0.497264,-0.867568,-0.00736829],[-0.146935,0.0925826,-0.984804]]],"btipPosition":[8.58224,282.186,22.0289],"carpPosition":[35.9405,317.414,63.6696],"dipPosition":[5.93397,283.855,4.27943],"direction":[-0.198197,-0.617219,0.761419],"extended":false,"handId":963,"id":9633,"length":62.1505,"mcpPosition":[33.0334,331.065,4.87837],"pipPosition":[11.2303,300.348,-16.0676],"stabilizedTipPosition":[14.7455,281.45,47.061],"timeVisible":0.113377,"tipPosition":[8.9116,283.575,19.6575],"tipVelocity":[-68.4496,-5.13166,-251.738],"tool":false,"touchDistance":0.333333,"touchZone":"none","type":3,"width":17.4379},{"bases":[[[0.758954,-0.647487,-0.0689167],[0.643781,0.730285,0.22854],[-0.0976475,-0.217818,0.971092]],[[0.750433,-0.660944,-0.00190998],[0.286106,0.327445,-0.900513],[0.595814,0.675228,0.434826]],[[0.750433,-0.660944,-0.00190998],[-0.532998,-0.603449,-0.593096],[0.390851,0.446097,-0.805129]],[[0.750433,-0.660944,-0.00190998],[-0.660912,-0.75036,-0.0124831],[0.00681747,0.0106301,-0.99992]]],"btipPosition":[22.1447,287.68,23.2716],"carpPosition":[44.4931,307.121,60.6046],"dipPosition":[22.2581,287.856,6.64559],"direction":[-0.390851,-0.446097,0.805129],"extended":false,"handId":963,"id":9634,"length":48.7249,"mcpPosition":[49.955,319.304,6.28647],"pipPosition":[29.6324,296.273,-8.54501],"stabilizedTipPosition":[24.2839,282.279,40.0617],"timeVisible":0.113377,"tipPosition":[22.15,287.623,19.6446],"tipVelocity":[-32.7577,18.3933,-189.976],"tool":false,"touchDistance":0.333333,"touchZone":"none","type":4,"width":15.4897}],"r":[[0.998884,-0.0387874,-0.0269485],[0.0383144,0.999106,-0.0178524],[0.0276168,0.0168,0.999477]],"s":0.966096,"t":[1.08905,5.52823,-17.6838],"timestamp":669186157979},false],[4,{"currentFrameRate":48.867,"devices":[],"gestures":[],"hands":[{"armBasis":[[0.932873,-0.290105,-0.213509],[0.254081,0.950126,-0.18084],[0.255323,0.114452,0.960058]],"armWidth":61.4671,"confidence":0.389783,"direction":[-0.110722,0.395627,-0.911713],"elbow":[96.7852,335.107,317.225],"grabStrength":0,"id":963,"palmNormal":[-0.36203,-0.87038,-0.333725],"palmPosition":[16.2031,324.434,20.0534],"palmVelocity":[-13.0001,-5.65495,-210.247],"palmWidth":87.7729,"pinchStrength":0.55123,"r":[[0.998045,-0.0525483,-0.0338461],[0.051713,0.998347,-0.0250984],[0.035109,0.0232991,0.999112]],"s":0.959574,"sphereCenter":[6.18914,288.139,-13.4778],"sphereRadius":48.2418,"stabilizedPalmPosition":[15.6523,319.233,45.4338],"t":[0.828645,5.39588,-21.6212],"timeVisible":0.132077,"type":"right","wrist":[30.2853,305.297,67.1741]}],"id":4954042,"interactionBox":{"center":[0,200,0],"size":[235.247,235.247,147.751]},"pointables":[{"bases":[[[0.67465,0.737742,0.0241735],[-0.539775,0.470746,0.697883],[0.503478,-0.483875,0.715803]],[[0.498628,0.846737,-0.18549],[-0.579502,0.484771,0.655114],[0.644629,-0.219166,0.732406]],[[0.498628,0.846737,-0.18549],[-0.813282,0.531034,0.237857],[0.299904,0.0322536,0.953424]],[[0.498628,0.846737,-0.18549],[-0.866409,0.48029,-0.136595],[-0.0265709,0.228821,0.973106]]],"btipPosition":[-38.8788,307.311,-15.2987],"carpPosition":[1.42586,302.984,73.2958],"dipPosition":[-39.4787,312.477,6.67028],"direction":[-0.299904,-0.0322536,-0.953424],"extended":false,"handId":963,"id":9630,"length":50.2737,"mcpPosition":[1.42586,302.984,73.2958],"pipPosition":[-29.6148,313.538,38.0285],"stabilizedTipPosition":[-40.354,303.757,13.2731],"timeVisible":0.132077,"tipPosition":[-39.8579,309.642,-9.6247],"tipVelocity":[-20.7051,9.58639,-193.73],"tool":false,"touchDistance":0.732935,"touchZone":"hovering","type":0,"width":19.534},{"bases":[[[0.893837,-0.222529,-0.389276],[0.318781,0.925906,0.202676],[0.315332,-0.305253,0.898547]],[[0.92964,-0.263742,-0.257311],[0.266514,0.963514,-0.0247057],[0.254439,-0.0456098,0.966013]],[[0.92964,-0.263742,-0.257311],[0.21459,0.955207,-0.20379],[0.299534,0.134235,0.944595]],[[0.92964,-0.263742,-0.257311],[0.17113,0.927486,-0.332392],[0.326318,0.264971,0.907362]]],"btipPosition":[-30.9728,337.261,-72.4665],"carpPosition":[14.3127,321.205,68.3156],"dipPosition":[-25.5946,341.629,-57.5117],"direction":[-0.299534,-0.134235,-0.944595],"extended":true,"handId":963,"id":9631,"length":56.7283,"mcpPosition":[-8.06592,342.868,4.54713],"pipPosition":[-18.6107,344.758,-35.4877],"stabilizedTipPosition":[-25.8979,331.882,-45.927],"timeVisible":0.132077,"tipPosition":[-29.7055,337.857,-68.9894],"tipVelocity":[-44.7928,14.4464,-194.861],"tool":false,"touchDistance":0.307959,"touchZone":"hovering","type":1,"width":18.6589},{"bases":[[[0.860693,-0.416286,-0.29311],[0.472151,0.868028,0.153625],[0.190476,-0.270616,0.943656]],[[0.869799,-0.430424,-0.241213],[0.0564626,0.572493,-0.817963],[0.490164,0.697845,0.522257]],[[0.869799,-0.430424,-0.241213],[-0.469368,-0.571077,-0.673472],[0.152127,0.699003,-0.69875]],[[0.869799,-0.430424,-0.241213],[-0.460038,-0.884186,-0.0811129],[-0.178365,0.181519,-0.967076]]],"btipPosition":[-11.39,283.585,12.4698],"carpPosition":[25.1597,320.284,63.5638],"dipPosition":[-14.6233,286.875,-5.06101],"direction":[-0.152127,-0.699003,0.69875],"extended":false,"handId":963,"id":9632,"length":64.6373,"mcpPosition":[12.3404,338.497,0.0545453],"pipPosition":[-10.4503,306.05,-24.2284],"stabilizedTipPosition":[-7.4015,277.261,30.2871],"timeVisible":0.132077,"tipPosition":[-12.0944,284.381,8.53496],"tipVelocity":[-63.3937,17.583,-176.695],"tool":false,"touchDistance":0.333333,"touchZone":"none","type":2,"width":18.3255},{"bases":[[[0.841284,-0.515816,-0.161789],[0.538268,0.826999,0.162294],[0.0500859,-0.223622,0.973388]],[[0.84031,-0.511936,-0.178329],[0.129105,0.508477,-0.851342],[0.526509,0.692368,0.493371]],[[0.84031,-0.511936,-0.178329],[-0.495637,-0.592267,-0.635267],[0.219597,0.622207,-0.751422]],[[0.84031,-0.511936,-0.178329],[-0.52331,-0.8519,-0.0203239],[-0.141514,0.1104,-0.983761]]],"btipPosition":[6.53225,281.398,17.223],"carpPosition":[35.5688,316.343,59.4939],"dipPosition":[3.98169,283.387,-0.507714],"direction":[-0.219597,-0.622207,0.751422],"extended":false,"handId":963,"id":9633,"length":62.1505,"mcpPosition":[32.5424,329.855,0.67662],"pipPosition":[9.84989,300.014,-20.5876],"stabilizedTipPosition":[14.7395,281.451,47.0382],"timeVisible":0.132077,"tipPosition":[6.90808,282.788,14.9158],"tipVelocity":[-87.9066,-21.2383,-254.188],"tool":false,"touchDistance":0.333333,"touchZone":"none","type":3,"width":17.4379},{"bases":[[[0.740847,-0.667737,-0.0726198],[0.664862,0.713676,0.220509],[-0.095415,-0.211646,0.972678]],[[0.732134,-0.681155,-0.00292185],[0.296865,0.322937,-0.898656],[0.613067,0.657069,0.438644]],[[0.732134,-0.681155,-0.00292185],[-0.548562,-0.587064,-0.595344],[0.403806,0.437474,-0.803466]],[[0.732134,-0.681155,-0.00292185],[-0.681144,-0.732078,-0.010229],[0.0048285,0.00947919,-0.999943]]],"btipPosition":[20.5456,286.829,18.8157],"carpPosition":[43.8186,305.814,56.3986],"dipPosition":[20.6258,286.987,2.18932],"direction":[-0.403806,-0.437474,0.803466],"extended":false,"handId":963,"id":9634,"length":48.7249,"mcpPosition":[49.1557,317.653,1.99184],"pipPosition":[28.2446,295.241,-12.9699],"stabilizedTipPosition":[24.282,282.282,40.0486],"timeVisible":0.132077,"tipPosition":[20.5848,286.786,15.3551],"tipVelocity":[-58.6358,-12.8029,-213.491],"tool":false,"touchDistance":0.333333,"touchZone":"none","type":4,"width":15.4897}],"r":[[0.998045,-0.0525483,-0.0338461],[0.051713,0.998347,-0.0250984],[0.035109,0.0232991,0.999112]],"s":0.959574,"t":[0.828645,5.39588,-21.6212],"timestamp":669186176679},false],[5,{"currentFrameRate":49.2243,"devices":[],"gestures":[],"hands":[{"armBasis":[[0.932068,-0.290172,-0.216908],[0.246567,0.946756,-0.20702],[0.265431,0.139475,0.953988]],"armWidth":61.4671,"confidence":0.42804,"direction":[-0.112055,0.405298,-0.907291],"elbow":[99.0296,340.144,312.817],"grabStrength":0,"id":963,"palmNormal":[-0.366466,-0.865539,-0.341387],"palmPosition":[15.7411,323.486,17.468],"palmVelocity":[-18.5984,-27.4617,-174.075],"palmWidth":87.7729,"pinchStrength":0.566445,"r":[[0.997128,-0.0642876,-0.0400267],[0.0631539,0.997583,-0.0289739],[0.0417926,0.0263629,0.998778]],"s":0.95268,"sphereCenter":[5.77976,287.379,-16.4946],"sphereRadius":48.2254,"stabilizedPalmPosition":[15.6523,319.235,45.4269],"t":[0.467456,4.85575,-24.8826],"timeVisible":0.151008,"type":"right","wrist":[29.8972,303.817,64.3467]}],"id":4954043,"interactionBox":{"center":[0,200,0],"size":[235.247,235.247,147.751]},"pointables":[{"bases":[[[0.677589,0.734848,0.0295086],[-0.535735,0.465708,0.704346],[0.503845,-0.493067,0.709243]],[[0.499338,0.847399,-0.18049],[-0.583261,0.482822,0.653215],[0.640678,-0.220902,0.735346]],[[0.499338,0.847399,-0.18049],[-0.815544,0.530038,0.232267],[0.292489,0.0312176,0.955759]],[[0.499338,0.847399,-0.18049],[-0.866142,0.483082,-0.128177],[-0.0214254,0.220333,0.975189]]],"btipPosition":[-38.9382,306.19,-18.3231],"carpPosition":[1.04844,301.554,70.5368],"dipPosition":[-39.4219,311.164,3.69288],"direction":[-0.292489,-0.0312176,-0.955759],"extended":false,"handId":963,"id":9630,"length":50.2737,"mcpPosition":[1.04844,301.554,70.5368],"pipPosition":[-29.8019,312.191,35.1279],"stabilizedTipPosition":[-40.3537,303.758,13.2655],"timeVisible":0.151008,"tipPosition":[-39.9508,308.57,-12.5533],"tipVelocity":[-11.3884,-25.3484,-176.772],"tool":false,"touchDistance":0.64777,"touchZone":"hovering","type":0,"width":19.534},{"bases":[[[0.891732,-0.22201,-0.394367],[0.32302,0.92256,0.211048],[0.316972,-0.315586,0.89439]],[[0.927476,-0.264229,-0.26452],[0.270802,0.96256,-0.0119974],[0.257787,-0.0605053,0.964305]],[[0.927476,-0.264229,-0.26452],[0.218538,0.957178,-0.189873],[0.303363,0.118294,0.945504]],[[0.927476,-0.264229,-0.26452],[0.174759,0.931827,-0.318052],[0.330526,0.248758,0.910424]]],"btipPosition":[-31.709,337.82,-74.7873],"carpPosition":[13.9903,319.774,65.7007],"dipPosition":[-26.2614,341.92,-59.7821],"direction":[-0.303363,-0.118294,-0.945504],"extended":true,"handId":963,"id":9631,"length":56.7283,"mcpPosition":[-8.50472,342.17,2.22721],"pipPosition":[-19.1883,344.678,-37.7369],"stabilizedTipPosition":[-25.9022,331.888,-45.9509],"timeVisible":0.151008,"tipPosition":[-30.4185,338.256,-71.2963],"tipVelocity":[-41.4795,20.2445,-159.08],"tool":false,"touchDistance":0.269472,"touchZone":"hovering","type":1,"width":18.6589},{"bases":[[[0.858138,-0.416605,-0.300067],[0.476008,0.864593,0.160922],[0.192395,-0.280927,0.940247]],[[0.867337,-0.431277,-0.248447],[0.0557884,0.580264,-0.812516],[0.494584,0.690864,0.527345]],[[0.867337,-0.431277,-0.248447],[-0.473833,-0.562693,-0.677391],[0.152344,0.705249,-0.692398]],[[0.867337,-0.431277,-0.248447],[-0.46367,-0.881594,-0.0883348],[-0.180933,0.191813,-0.964609]]],"btipPosition":[-12.0252,282.821,9.58502],"carpPosition":[24.8186,318.859,60.9051],"dipPosition":[-15.305,286.298,-7.90102],"direction":[-0.152344,-0.705249,0.692398],"extended":false,"handId":963,"id":9632,"length":64.6373,"mcpPosition":[11.8702,337.766,-2.37465],"pipPosition":[-11.1261,305.644,-26.8942],"stabilizedTipPosition":[-7.40808,277.269,30.2569],"timeVisible":0.151008,"tipPosition":[-12.744,283.659,5.64783],"tipVelocity":[-49.0199,-9.74827,-164.492],"tool":false,"touchDistance":0.333333,"touchZone":"none","type":2,"width":18.3255},{"bases":[[[0.838755,-0.517388,-0.169703],[0.541992,0.823223,0.168963],[0.0522837,-0.233696,0.970903]],[[0.837762,-0.513403,-0.185935],[0.138643,0.529362,-0.836991],[0.52814,0.675421,0.514659]],[[0.837762,-0.513403,-0.185935],[-0.494198,-0.568104,-0.658047],[0.232213,0.643176,-0.729659]],[[0.837762,-0.513403,-0.185935],[-0.529793,-0.846701,-0.0491688],[-0.132188,0.139699,-0.981331]]],"btipPosition":[5.45456,280.225,13.0987],"carpPosition":[35.1994,314.92,56.7622],"dipPosition":[3.07208,282.743,-4.58823],"direction":[-0.232213,-0.643176,0.729659],"extended":false,"handId":963,"id":9633,"length":62.1505,"mcpPosition":[32.0402,329.041,-1.90483],"pipPosition":[9.27739,299.93,-24.0866],"stabilizedTipPosition":[14.7338,281.45,47.0159],"timeVisible":0.151008,"tipPosition":[5.86025,281.657,10.8892],"tipVelocity":[-71.6946,-38.0645,-236.091],"tool":false,"touchDistance":0.333333,"touchZone":"none","type":3,"width":17.4379},{"bases":[[[0.738009,-0.669819,-0.0817599],[0.668327,0.708826,0.22562],[-0.093171,-0.221152,0.970779]],[[0.728782,-0.684703,-0.00766388],[0.313472,0.343561,-0.885269],[0.60878,0.642766,0.465016]],[[0.728782,-0.684703,-0.00766388],[-0.541249,-0.569164,-0.618953],[0.419437,0.455229,-0.785391]],[[0.728782,-0.684703,-0.00766388],[-0.684561,-0.728279,-0.0314094],[0.0159247,0.028137,-0.999477]]],"btipPosition":[19.6667,285.781,14.809],"carpPosition":[43.3984,304.392,53.5339],"dipPosition":[19.9314,286.249,-1.80966],"direction":[-0.419437,-0.455229,0.785391],"extended":false,"handId":963,"id":9634,"length":48.7249,"mcpPosition":[48.61,316.762,-0.766607],"pipPosition":[27.8451,294.838,-16.6278],"stabilizedTipPosition":[24.2802,282.283,40.0375],"timeVisible":0.151008,"tipPosition":[19.8446,285.855,11.6536],"tipVelocity":[-51.5408,-31.8575,-212.54],"tool":false,"touchDistance":0.333333,"touchZone":"none","type":4,"width":15.4897}],"r":[[0.997128,-0.0642876,-0.0400267],[0.0631539,0.997583,-0.0289739],[0.0417926,0.0263629,0.998778]],"s":0.95268,"t":[0.467456,4.85575,-24.8826],"timestamp":669186195610},false],[6,{"currentFrameRate":49.5633,"devices":[],"gestures":[],"hands":[{"armBasis":[[0.930812,-0.292034,-0.219785],[0.247827,0.946266,-0.207756],[0.268647,0.138913,0.95317]],"armWidth":61.4671,"confidence":0.457131,"direction":[-0.114345,0.400216,-0.909259],"elbow":[99.8068,339.644,311.004],"grabStrength":0,"id":963,"palmNormal":[-0.367511,-0.867372,-0.335562],"palmPosition":[15.5622,322.871,15.7959],"palmVelocity":[-14.131,-29.9663,-132.203],"palmWidth":87.7729,"pinchStrength":0.578231,"r":[[0.996242,-0.0737719,-0.0453801],[0.0722991,0.996827,-0.0332845],[0.0476916,0.0298785,0.998415]],"s":0.945855,"sphereCenter":[5.72599,286.43,-18.0171],"sphereRadius":48.2023,"stabilizedPalmPosition":[15.6523,319.235,45.4223],"t":[0.197417,4.27831,-27.3494],"timeVisible":0.16988,"type":"right","wrist":[29.8368,303.463,62.7474]}],"id":4954044,"interactionBox":{"center":[0,200,0],"size":[235.247,235.247,147.751]},"pointables":[{"bases":[[[0.677797,0.73487,0.0236142],[-0.533815,0.469763,0.703111],[0.505602,-0.489172,0.710688]],[[0.497105,0.846975,-0.18847],[-0.588706,0.488787,0.643827],[0.637427,-0.209096,0.741597]],[[0.497105,0.846975,-0.18847],[-0.819023,0.529742,0.220395],[0.286509,0.044802,0.957029]],[[0.497105,0.846975,-0.18847],[-0.867561,0.481419,-0.124792],[-0.0149629,0.225544,0.974118]]],"btipPosition":[-38.7754,304.743,-20.1533],"carpPosition":[1.00389,301.24,69.0252],"dipPosition":[-39.1132,309.835,1.83851],"direction":[-0.286509,-0.044802,-0.957029],"extended":false,"handId":963,"id":9630,"length":50.2737,"mcpPosition":[1.00389,301.24,69.0252],"pipPosition":[-29.6899,311.309,33.3153],"stabilizedTipPosition":[-40.3533,303.759,13.2584],"timeVisible":0.16988,"tipPosition":[-39.7715,307.211,-14.3468],"tipVelocity":[-0.712037,-49.7711,-137.827],"tool":false,"touchDistance":0.58879,"touchZone":"hovering","type":0,"width":19.534},{"bases":[[[0.890662,-0.224396,-0.395434],[0.323735,0.923668,0.205018],[0.319244,-0.310618,0.895321]],[[0.926373,-0.265369,-0.267231],[0.271785,0.962265,-0.0133987],[0.260703,-0.0602172,0.963539]],[[0.926373,-0.265369,-0.267231],[0.219305,0.956965,-0.190062],[0.306167,0.117464,0.944703]],[[0.926373,-0.265369,-0.267231],[0.17535,0.931892,-0.317537],[0.333295,0.247299,0.909812]]],"btipPosition":[-32.156,337.155,-76.4404],"carpPosition":[13.9364,319.43,64.0531],"dipPosition":[-26.6628,341.231,-61.4453],"direction":[-0.306167,-0.117464,-0.944703],"extended":true,"handId":963,"id":9631,"length":56.7283,"mcpPosition":[-8.71985,341.474,0.51357],"pipPosition":[-19.5243,343.97,-39.4188],"stabilizedTipPosition":[-25.9049,331.892,-45.9658],"timeVisible":0.16988,"tipPosition":[-30.8485,337.476,-72.9412],"tipVelocity":[-32.4904,-7.06455,-124.122],"tool":false,"touchDistance":0.241881,"touchZone":"hovering","type":1,"width":18.6589},{"bases":[[[0.857278,-0.418452,-0.299955],[0.476582,0.86539,0.154821],[0.194793,-0.275677,0.941306]],[[0.866595,-0.432811,-0.24837],[0.0534802,0.57541,-0.816114],[0.496138,0.693958,0.521794]],[[0.866595,-0.432811,-0.24837],[-0.47581,-0.566677,-0.672668],[0.150393,0.701107,-0.697016]],[[0.866595,-0.432811,-0.24837],[-0.464002,-0.882039,-0.0819137],[-0.183619,0.18623,-0.965196]]],"btipPosition":[-12.2232,282.166,8.23852],"carpPosition":[24.752,318.487,59.2346],"dipPosition":[-15.5518,285.542,-9.25814],"direction":[-0.150393,-0.701107,0.697016],"extended":false,"handId":963,"id":9632,"length":64.6373,"mcpPosition":[11.6422,337.04,-4.11651],"pipPosition":[-11.4263,304.774,-28.378],"stabilizedTipPosition":[-7.41243,277.274,30.2366],"timeVisible":0.16988,"tipPosition":[-12.9569,282.981,4.28695],"tipVelocity":[-30.4369,-22.5717,-118.926],"tool":false,"touchDistance":0.333333,"touchZone":"none","type":2,"width":18.3255},{"bases":[[[0.838217,-0.518497,-0.168976],[0.54258,0.824053,0.162922],[0.0547707,-0.228248,0.972061]],[[0.837214,-0.514713,-0.184778],[0.143471,0.532768,-0.834011],[0.52772,0.671736,0.519888]],[[0.837214,-0.514713,-0.184778],[-0.491823,-0.560911,-0.66595],[0.239129,0.64842,-0.72275]],[[0.837214,-0.514713,-0.184778],[-0.532148,-0.844641,-0.0583059],[-0.12606,0.147143,-0.981049]]],"btipPosition":[4.94899,279.383,10.9383],"carpPosition":[35.1213,314.522,55.0869],"dipPosition":[2.67696,282.035,-6.74355],"direction":[-0.239129,-0.64842,0.72275],"extended":false,"handId":963,"id":9633,"length":62.1505,"mcpPosition":[31.8118,328.314,-3.65019],"pipPosition":[9.0671,299.362,-26.0573],"stabilizedTipPosition":[14.7288,281.45,46.9964],"timeVisible":0.16988,"tipPosition":[5.34924,280.796,8.71726],"tipVelocity":[-49.0368,-40.4822,-176.484],"tool":false,"touchDistance":0.333333,"touchZone":"none","type":3,"width":17.4379},{"bases":[[[0.737673,-0.670412,-0.0799163],[0.669041,0.709952,0.219892],[-0.0906815,-0.215676,0.972245]],[[0.727914,-0.685668,-0.000966597],[0.334893,0.356756,-0.872107],[0.598321,0.634495,0.489314]],[[0.727914,-0.685668,-0.000966597],[-0.525759,-0.557246,-0.642693],[0.440136,0.468333,-0.766123]],[[0.727914,-0.685668,-0.000966597],[-0.684796,-0.726915,-0.0514727],[0.0345905,0.0381296,-0.998674]]],"btipPosition":[19.0948,284.926,11.8838],"carpPosition":[43.31,303.974,51.8965],"dipPosition":[19.6699,285.56,-4.7215],"direction":[-0.440136,-0.468333,0.766123],"extended":false,"handId":963,"id":9634,"length":48.7249,"mcpPosition":[48.3822,316.038,-2.48614],"pipPosition":[27.9741,294.396,-19.1762],"stabilizedTipPosition":[24.2788,282.284,40.0285],"timeVisible":0.16988,"tipPosition":[19.4622,285.129,9.0981],"tipVelocity":[-39.2838,-37.4483,-184.274],"tool":false,"touchDistance":0.333333,"touchZone":"none","type":4,"width":15.4897}],"r"