{"sensorType":"Leap","data":[[0,{"currentFrameRate":54.1562,"devices":[],"gestures":[],"hands":[{"armBasis":[[0.697007,-0.716592,-0.0260248],[0.69272,0.682277,-0.233746],[0.185257,0.144895,0.971949]],"armWidth":62.1429,"confidence":0.279763,"direction":[0.495599,0.0542707,-0.866854],"elbow":[63.8507,298.862,330.791],"grabStrength":0.546425,"id":994,"palmNormal":[-0.496991,-0.800788,-0.334275],"palmPosition":[33.7802,264.627,25.0504],"palmVelocity":[-0.936724,-90.5984,-108.535],"palmWidth":88.738,"pinchStrength":0.00141204,"r":[[0.934278,-0.195553,0.298133],[0.21929,0.974478,-0.0480172],[-0.281134,0.110239,0.953316]],"s":1.22312,"sphereCenter":[16.2618,229.433,-6.0835],"sphereRadius":44.7799,"stabilizedPalmPosition":[35.0192,276.404,27.5957],"t":[45.4452,0.734231,-42.9253],"timeVisible":10.7342,"type":"right","wrist":[15.0694,260.709,74.8602]}],"id":4977448,"interactionBox":{"center":[0,200,0],"size":[235.247,235.247,147.751]},"pointables":[{"bases":[[[0.82786,0.486812,0.278679],[-0.544414,0.816991,0.190104],[-0.135133,-0.309096,0.941381]],[[0.833703,0.50203,0.230012],[-0.550898,0.784867,0.283717],[-0.0380949,-0.363249,0.930913]],[[0.833703,0.50203,0.230012],[-0.517695,0.855516,0.0091695],[-0.192176,-0.126721,0.973145]],[[0.833703,0.50203,0.230012],[-0.450665,0.859271,-0.241981],[-0.319125,0.0980819,0.942624]]],"btipPosition":[3.90541,288.336,-35.2442],"carpPosition":[-11.6231,268.677,63.9482],"dipPosition":[-3.3784,290.574,-13.7294],"direction":[0.192176,0.126721,-0.973145],"extended":true,"handId":994,"id":9940,"length":50.8265,"mcpPosition":[-11.6231,268.677,63.9482],"pipPosition":[-9.76859,286.361,18.6293],"stabilizedTipPosition":[7.94907,286.082,-29.3239],"timeVisible":10.7342,"tipPosition":[1.76954,285.653,-30.4276],"tipVelocity":[36.7508,73.0018,-57.7977],"tool":false,"touchDistance":-0.178797,"touchZone":"touching","type":0,"width":19.7488},{"bases":[[[0.785407,-0.578905,0.2191],[0.546225,0.814721,0.194599],[-0.291159,-0.0331621,0.9561]],[[0.77729,-0.579587,0.244742],[0.615499,0.619966,-0.486624],[0.13031,0.528886,0.838629]],[[0.77729,-0.579587,0.244742],[0.516632,0.366009,-0.774034],[0.359043,0.72809,0.583929]],[[0.77729,-0.579587,0.244742],[0.414945,0.179869,-0.89189],[0.472907,0.794812,0.380307]]],"btipPosition":[7.71604,229.635,-59.6522],"carpPosition":[8.6289,279.822,64.186],"dipPosition":[15.596,242.879,-53.3153],"direction":[-0.359043,-0.72809,-0.583929],"extended":false,"handId":994,"id":9941,"length":57.352,"mcpPosition":[29.5192,282.201,-4.41302],"pipPosition":[24.0594,260.042,-39.5508],"stabilizedTipPosition":[9.67449,232.85,-58.271],"timeVisible":10.7342,"tipPosition":[12.0288,235.043,-60.1607],"tipVelocity":[-147.783,-271.635,76.9585],"tool":false,"touchDistance":0.393798,"touchZone":"hovering","type":1,"width":18.8641},{"bases":[[[0.634147,-0.708414,0.309852],[0.664619,0.704195,0.249783],[-0.395146,0.0475341,0.917388]],[[0.638437,-0.708892,0.299783],[0.577665,0.183936,-0.795281],[0.508627,0.680911,0.526933]],[[0.638437,-0.708892,0.299783],[-0.111806,-0.470781,-0.875137],[0.76151,0.525202,-0.379823]],[[0.638437,-0.708892,0.299783],[-0.445985,-0.658168,-0.606558],[0.627292,0.25355,-0.736354]]],"btipPosition":[-10.6049,219.862,3.40105],"carpPosition":[19.0331,274.317,66.5625],"dipPosition":[0.891417,224.509,-10.094],"direction":[-0.76151,-0.525202,0.379823],"extended":false,"handId":994,"id":9942,"length":65.348,"mcpPosition":[45.9193,271.082,4.14228],"pipPosition":[22.0101,239.074,-20.6275],"stabilizedTipPosition":[-8.14214,221.26,0.532039],"timeVisible":10.7342,"tipPosition":[-7.30435,220.739,-1.57111],"tipVelocity":[100.368,-195.586,-94.7814],"tool":false,"touchDistance":0.333333,"touchZone":"none","type":2,"width":18.527},{"bases":[[[0.517168,-0.744753,0.421758],[0.695292,0.652939,0.300399],[-0.499106,0.137888,0.8555]],[[0.502785,-0.740537,0.445883],[0.716555,0.0685461,-0.694155],[0.483484,0.66851,0.565099]],[[0.502785,-0.740537,0.445883],[-0.000864607,-0.516254,-0.856435],[0.864411,0.430217,-0.260205]],[[0.502785,-0.740537,0.445883],[-0.392083,-0.655082,-0.645862],[0.770375,0.149906,-0.619718]]],"btipPosition":[-0.474418,214.544,11.1783],"carpPosition":[27.4933,266.451,69.742],"dipPosition":[13.563,217.275,-0.113977],"direction":[-0.864411,-0.430217,0.260205],"extended":false,"handId":994,"id":9943,"length":62.8339,"mcpPosition":[57.9835,258.027,17.4797],"pipPosition":[36.9163,228.898,-7.14377],"stabilizedTipPosition":[2.41571,215.6,9.07037],"timeVisible":10.7342,"tipPosition":[3.5269,215.027,7.46422],"tipVelocity":[124.843,-178.851,-128.383],"tool":false,"touchDistance":0.333333,"touchZone":"none","type":3,"width":17.6296},{"bases":[[[0.333887,-0.821367,0.462467],[0.720422,0.538754,0.436734],[-0.607875,0.187352,0.771613]],[[0.396416,-0.836594,0.378106],[0.761845,0.0699471,-0.643972],[0.512296,0.543339,0.665083]],[[0.396416,-0.836594,0.378106],[-0.00905084,-0.41539,-0.909598],[0.918027,0.357157,-0.172239]],[[0.396416,-0.836594,0.378106],[-0.421348,-0.5317,-0.734684],[0.815672,0.131926,-0.563272]]],"btipPosition":[16.4818,215.215,19.7546],"carpPosition":[30.9951,253.577,73.5701],"dipPosition":[30.1934,217.433,10.2859],"direction":[-0.918027,-0.357157,0.172239],"extended":false,"handId":994,"id":9944,"length":49.2606,"mcpPosition":[65.3705,242.982,29.9353],"pipPosition":[47.7045,224.246,7.0005],"stabilizedTipPosition":[19.0549,216.272,18.3934],"timeVisible":10.7342,"tipPosition":[20.4247,215.564,16.4202],"tipVelocity":[127.137,-136.968,-128.181],"tool":false,"touchDistance":0.333333,"touchZone":"none","type":4,"width":15.66}],"r":[[0.934278,-0.195553,0.298133],[0.21929,0.974478,-0.0480172],[-0.281134,0.110239,0.953316]],"s":1.22312,"t":[45.4452,0.734231,-42.9253],"timestamp":669629512459},false],[1,{"currentFrameRate":54.1539,"devices":[],"gestures":[],"hands":[{"armBasis":[[0.725645,-0.687543,-0.0268998],[0.665224,0.711006,-0.227919],[0.17583,0.147494,0.973308]],"armWidth":62.1429,"confidence":0.189119,"direction":[0.469934,0.0744497,-0.879556],"elbow":[62.5532,298.25,330.579],"grabStrength":0.626629,"id":994,"palmNormal":[-0.484276,-0.811342,-0.327417],"palmPosition":[33.4758,264.225,24.0233],"palmVelocity":[-8.43424,-57.3787,-82.9874],"palmWidth":88.738,"pinchStrength":0,"r":[[0.940444,-0.165486,0.29695],[0.189034,0.980582,-0.0522087],[-0.282544,0.105233,0.953465]],"s":1.21766,"sphereCenter":[15.7705,229.634,-6.93145],"sphereRadius":44.2695,"stabilizedPalmPosition":[34.8907,275.39,27.2981],"t":[45.2767,-0.287429,-44.4397],"timeVisible":10.7526,"type":"right","wrist":[16.2541,259.412,74.2897]}],"id":4977449,"interactionBox":{"center":[0,200,0],"size":[235.247,235.247,147.751]},"pointables":[{"bases":[[[0.821816,0.506899,0.260138],[-0.560759,0.800417,0.211852],[-0.100831,-0.319978,0.942044]],[[0.824666,0.517059,0.229294],[-0.565458,0.763346,0.312346],[-0.0135292,-0.387237,0.921881]],[[0.824666,0.517059,0.229294],[-0.536412,0.843522,0.0270849],[-0.17941,-0.145332,0.97298]],[[0.824666,0.517059,0.229294],[-0.475428,0.853272,-0.214233],[-0.306421,0.0676585,0.949489]]],"btipPosition":[2.68509,288.878,-34.7256],"carpPosition":[-10.9331,266.739,64.1783],"dipPosition":[-4.30878,290.423,-13.0541],"direction":[0.17941,0.145332,-0.97298],"extended":true,"handId":994,"id":9940,"length":50.8265,"mcpPosition":[-10.9331,266.739,64.1783],"pipPosition":[-10.2745,285.59,19.2992],"stabilizedTipPosition":[7.57079,286.256,-29.3468],"timeVisible":10.7526,"tipPosition":[0.39637,286.428,-29.9797],"tipVelocity":[-11.1209,47.7763,-15.4158],"tool":false,"touchDistance":-0.169553,"touchZone":"touching","type":0,"width":19.7488},{"bases":[[[0.806423,-0.559081,0.192643],[0.529257,0.827693,0.186575],[-0.26376,-0.0485005,0.963368]],[[0.799616,-0.560114,0.216535],[0.576477,0.614979,-0.538028],[0.168192,0.555043,0.81464]],[[0.799616,-0.560114,0.216535],[0.460695,0.340879,-0.819489],[0.385195,0.755033,0.530613]],[[0.799616,-0.560114,0.216535],[0.352735,0.146267,-0.924221],[0.485997,0.815401,0.314529]]],"btipPosition":[3.71011,227.266,-57.0431],"carpPosition":[9.0107,278.427,63.9587],"dipPosition":[11.8081,240.853,-51.8022],"direction":[-0.385195,-0.755033,-0.530613],"extended":false,"handId":994,"id":9941,"length":57.352,"mcpPosition":[27.9351,281.907,-5.1618],"pipPosition":[20.888,258.651,-39.2945],"stabilizedTipPosition":[5.79802,230.526,-55.9714],"timeVisible":10.7526,"tipPosition":[7.80116,232.587,-57.9406],"tipVelocity":[-179.8,-200.369,101.391],"tool":false,"touchDistance":0.423107,"touchZone":"hovering","type":1,"width":18.8641},{"bases":[[[0.661253,-0.693348,0.286378],[0.652054,0.719993,0.237563],[-0.370904,0.0296451,0.928198]],[[0.665192,-0.693626,0.276411],[0.545612,0.19882,-0.814112],[0.509733,0.692353,0.510704]],[[0.665192,-0.693626,0.276411],[-0.13266,-0.474088,-0.870426],[0.734793,0.542331,-0.407376]],[[0.665192,-0.693626,0.276411],[-0.451835,-0.668649,-0.590553],[0.594445,0.267939,-0.758184]]],"btipPosition":[-10.3759,218.673,4.03358],"carpPosition":[19.6207,273.187,66.0035],"dipPosition":[0.518426,223.584,-9.86159],"direction":[-0.734793,-0.542331,0.407376],"extended":false,"handId":994,"id":9942,"length":65.348,"mcpPosition":[44.8574,271.17,2.8477],"pipPosition":[20.8962,238.624,-21.1592],"stabilizedTipPosition":[-7.90596,219.994,0.797506],"timeVisible":10.7526,"tipPosition":[-7.29045,219.603,-1.07159],"tipVelocity":[54.296,-130.672,-34.9211],"tool":false,"touchDistance":0.333333,"touchZone":"none","type":2,"width":18.527},{"bases":[[[0.548416,-0.733719,0.40112],[0.685475,0.669194,0.286884],[-0.478919,0.117626,0.869943]],[[0.53459,-0.730081,0.42567],[0.695052,0.093299,-0.71288],[0.480746,0.676961,0.557321]],[[0.53459,-0.730081,0.42567],[-0.0106031,-0.50944,-0.860441],[0.845045,0.45547,-0.280082]],[[0.53459,-0.730081,0.42567],[-0.391983,-0.660434,-0.64045],[0.748707,0.175523,-0.639241]]],"btipPosition":[0.21,213.342,10.6694],"carpPosition":[28.3736,265.529,68.8837],"dipPosition":[13.8526,216.541,-0.978599],"direction":[-0.845045,-0.45547,0.280082],"extended":false,"handId":994,"id":9943,"length":62.8339,"mcpPosition":[57.6306,258.344,15.7392],"pipPosition":[36.6827,228.846,-8.54541],"stabilizedTipPosition":[3.13332,214.428,8.23886],"timeVisible":10.7526,"tipPosition":[4.0857,213.963,6.86229],"tipVelocity":[80.1014,-121.113,-81.857],"tool":false,"touchDistance":0.333333,"touchZone":"none","type":3,"width":17.6296},{"bases":[[[0.36845,-0.81559,0.446158],[0.717407,0.554673,0.421503],[-0.591246,0.164774,0.78948]],[[0.428982,-0.828452,0.360057],[0.741673,0.0954934,-0.66393],[0.515651,0.551859,0.655405]],[[0.428982,-0.828452,0.360057],[-0.0229074,-0.408445,-0.912495],[0.903022,0.383196,-0.194194]],[[0.428982,-0.828452,0.360057],[-0.426932,-0.537215,-0.727413],[0.796055,0.158327,-0.584148]]],"btipPosition":[17.3709,214.406,18.7825],"carpPosition":[32.3244,252.726,72.5048],"dipPosition":[30.7527,217.068,8.96281],"direction":[-0.903022,-0.383196,0.194194],"extended":false,"handId":994,"id":9944,"length":49.2606,"mcpPosition":[65.7594,243.408,27.8597],"pipPosition":[47.9776,224.377,5.25862],"stabilizedTipPosition":[19.9406,215.476,17.2055],"timeVisible":10.7526,"tipPosition":[21.2042,214.888,15.3545],"tipVelocity":[87.0268,-89.3358,-93.8261],"tool":false,"touchDistance":0.333333,"touchZone":"none","type":4,"width":15.66}],"r":[[0.940444,-0.165486,0.29695],[0.189034,0.980582,-0.0522087],[-0.282544,0.105233,0.953465]],"s":1.21766,"t":[45.2767,-0.287429,-44.4397],"timestamp":669629530933},false],[2,{"currentFrameRate":54.1497,"devices":[],"gestures":[],"hands":[{"armBasis":[[0.749852,-0.66086,-0.0314015],[0.638395,0.735192,-0.227914],[0.173705,0.150855,0.973175]],"armWidth":62.1429,"confidence":0.203092,"direction":[0.457403,0.105687,-0.882957],"elbow":[61.5672,297.419,329.945],"grabStrength":0.68822,"id":994,"palmNormal":[-0.459499,-0.821996,-0.336427],"palmPosition":[32.3203,263.959,23.3399],"palmVelocity":[-34.546,-36.6319,-60.7762],"palmWidth":88.738,"pinchStrength":0,"r":[[0.94631,-0.135751,0.293375],[0.157738,0.986084,-0.0525145],[-0.282163,0.0959713,0.954554]],"s":1.21038,"sphereCenter":[15.4359,229.711,-7.91085],"sphereRadius":43.8867,"stabilizedPalmPosition":[34.7228,274.643,27.0396],"t":[44.6147,-0.931343,-45.5385],"timeVisible":10.7711,"type":"right","wrist":[15.8276,257.696,73.691]}],"id":4977450,"interactionBox":{"center":[0,200,0],"size":[235.247,235.247,147.751]},"pointables":[{"bases":[[[0.806605,0.530657,0.260369],[-0.585738,0.776725,0.231535],[-0.0793697,-0.339265,0.937336]],[[0.808168,0.538058,0.239497],[-0.588944,0.736115,0.333586],[0.0031908,-0.410644,0.91179]],[[0.808168,0.538058,0.239497],[-0.562366,0.8258,0.0424134],[-0.174956,-0.168962,0.96997]],[[0.808168,0.538058,0.239497],[-0.502078,0.841992,-0.197401],[-0.307868,0.039287,0.950618]]],"btipPosition":[0.983235,288.957,-34.3473],"carpPosition":[-11.7059,264.244,63.991],"dipPosition":[-6.04365,289.853,-12.6501],"direction":[0.174956,0.168962,-0.96997],"extended":true,"handId":994,"id":9940,"length":50.8265,"mcpPosition":[-11.7059,264.244,63.991],"pipPosition":[-11.8612,284.235,19.6031],"stabilizedTipPosition":[6.79493,286.531,-29.3478],"timeVisible":10.7711,"tipPosition":[-1.41926,286.667,-29.6763],"tipVelocity":[-50.4021,22.8678,2.05977],"tool":false,"touchDistance":-0.16315,"touchZone":"touching","type":0,"width":19.7488},{"bases":[[[0.827334,-0.533911,0.174523],[0.502341,0.842295,0.195431],[-0.251342,-0.0740166,0.965064]],[[0.821165,-0.535511,0.197274],[0.541991,0.623552,-0.563408],[0.1787,0.569571,0.802281]],[[0.821165,-0.535511,0.197274],[0.420833,0.334722,-0.843125],[0.385471,0.775364,0.500223]],[[0.821165,-0.535511,0.197274],[0.312939,0.133458,-0.94035],[0.47724,0.833917,0.277173]]],"btipPosition":[1.3259,225.894,-55.4991],"carpPosition":[7.81828,276.62,63.7677],"dipPosition":[9.27802,239.789,-50.8807],"direction":[-0.385471,-0.775364,-0.500223],"extended":false,"handId":994,"id":9941,"length":57.352,"mcpPosition":[25.8518,281.931,-5.47448],"pipPosition":[18.3644,258.066,-39.0893],"stabilizedTipPosition":[3.33475,229.188,-54.5413],"timeVisible":10.7711,"tipPosition":[5.15214,231.196,-56.5816],"tipVelocity":[-156.154,-137.627,89.0342],"tool":false,"touchDistance":0.435142,"touchZone":"hovering","type":1,"width":18.8641},{"bases":[[[0.68793,-0.674718,0.267412],[0.629339,0.738075,0.243263],[-0.361504,0.000944779,0.93237]],[[0.691742,-0.674689,0.257463],[0.523709,0.223218,-0.822133],[0.497214,0.70354,0.50775]],[[0.691742,-0.674689,0.257463],[-0.136204,-0.472023,-0.871001],[0.709184,0.56744,-0.418414]],[[0.691742,-0.674689,0.257463],[-0.442443,-0.677739,-0.587294],[0.570734,0.292343,-0.767332]]],"btipPosition":[-10.2781,217.488,3.96974],"carpPosition":[18.6248,271.719,65.6109],"dipPosition":[0.181724,222.846,-10.0931],"direction":[-0.709184,-0.56744,0.418414],"extended":false,"handId":994,"id":9942,"length":65.348,"mcpPosition":[43.222,271.654,2.17127],"pipPosition":[19.8492,238.583,-21.6968],"stabilizedTipPosition":[-7.87735,218.911,0.744599],"timeVisible":10.7711,"tipPosition":[-7.32586,218.537,-1.22631],"tipVelocity":[28.0304,-95.8577,-20.7378],"tool":false,"touchDistance":0.333333,"touchZone":"none","type":2,"width":18.527},{"bases":[[[0.577821,-0.720931,0.382599],[0.665036,0.687638,0.291345],[-0.473129,0.0860969,0.876776]],[[0.564144,-0.718194,0.407356],[0.683513,0.129446,-0.718369],[0.463197,0.683697,0.563921]],[[0.564144,-0.718194,0.407356],[-0.00249098,-0.494839,-0.868981],[0.825673,0.489216,-0.280949]],[[0.564144,-0.718194,0.407356],[-0.375965,-0.662686,-0.647686],[0.735114,0.212237,-0.643866]]],"btipPosition":[0.686726,212.187,9.45502],"carpPosition":[27.6683,264.322,68.2667],"dipPosition":[14.0817,216.054,-2.27723],"direction":[-0.825673,-0.489216,0.280949],"extended":false,"handId":994,"id":9943,"length":62.8339,"mcpPosition":[56.5716,259.062,14.7047],"pipPosition":[36.3883,229.271,-9.86747],"stabilizedTipPosition":[3.55378,213.532,7.25623],"timeVisible":10.7711,"tipPosition":[4.48944,213.007,5.62956],"tipVelocity":[52.3971,-88.8098,-74.566],"tool":false,"touchDistance":0.333333,"touchZone":"none","type":3,"width":17.6296},{"bases":[[[0.401298,-0.809762,0.428071],[0.702382,0.572023,0.423615],[-0.587894,0.130674,0.798314]],[[0.461252,-0.819043,0.341197],[0.730587,0.132385,-0.669864],[0.503478,0.55825,0.659445]],[[0.461252,-0.819043,0.341197],[-0.0188001,-0.393483,-0.91914],[0.88707,0.41754,-0.196893]],[[0.461252,-0.819043,0.341197],[-0.41605,-0.539304,-0.732157],[0.783677,0.195754,-0.589518]]],"btipPosition":[17.888,213.708,17.4041],"carpPosition":[32.0989,251.604,71.6236],"dipPosition":[31.0618,216.999,7.49417],"direction":[-0.88707,-0.41754,0.196893],"extended":false,"handId":994,"id":9944,"length":49.2606,"mcpPosition":[65.3443,244.214,26.4788],"pipPosition":[47.9824,224.963,3.7385],"stabilizedTipPosition":[20.4142,214.986,16.1971],"timeVisible":10.7711,"tipPosition":[21.659,214.381,13.9549],"tipVelocity":[57.2718,-60.6729,-85.0771],"tool":false,"touchDistance":0.333333,"touchZone":"none","type":4,"width":15.66}],"r":[[0.94631,-0.135751,0.293375],[0.157738,0.986084,-0.0525145],[-0.282163,0.0959713,0.954554]],"s":1.21038,"t":[44.6147,-0.931343,-45.5385],"timestamp":669629549415},false],[3,{"currentFrameRate":54.1519,"devices":[],"gestures":[],"hands":[{"armBasis":[[0.796007,-0.604849,-0.0230373],[0.586203,0.779833,-0.219606],[0.150794,0.161304,0.975317]],"armWidth":62.1429,"confidence":0.207485,"direction":[0.426024,0.16304,-0.889899],"elbow":[55.9308,296.872,332.54],"grabStrength":0.751544,"id":994,"palmNormal":[-0.417524,-0.837185,-0.353265],"palmPosition":[30.9343,263.338,25.2231],"palmVelocity":[-54.0972,-35.1819,17.7443],"palmWidth":88.738,"pinchStrength":0.0139123,"r":[[0.953134,-0.102064,0.284813],[0.120108,0.991668,-0.0465774],[-0.277686,0.0786028,0.957451]],"s":1.19519,"sphereCenter":[16.8474,227.859,-5.92511],"sphereRadius":43.473,"stabilizedPalmPosition":[34.3591,273.558,26.8652],"t":[43.5907,-1.56365,-45.1463],"timeVisible":10.7896,"type":"right","wrist":[16.2241,254.398,75.7221]}],"id":4977451,"interactionBox":{"center":[0,200,0],"size":[235.247,235.247,147.751]},"pointables":[{"bases":[[[0.779542,0.570542,0.258448],[-0.625473,0.730917,0.273027],[-0.0331306,-0.374489,0.926639]],[[0.780191,0.581713,0.230026],[-0.62384,0.696444,0.354667],[0.0461142,-0.420208,0.906255]],[[0.780191,0.581713,0.230026],[-0.60591,0.794158,0.0467465],[-0.155484,-0.175847,0.972061]],[[0.780191,0.581713,0.230026],[-0.549112,0.813018,-0.193591],[-0.29963,0.0247277,0.953735]]],"btipPosition":[-2.14574,285.29,-31.2619],"carpPosition":[-11.9098,259.551,66.9476],"dipPosition":[-8.98461,285.855,-9.49355],"direction":[0.155484,0.175847,-0.972061],"extended":true,"handId":994,"id":9940,"length":50.8265,"mcpPosition":[-11.9098,259.551,66.9476],"pipPosition":[-14.1547,280.007,22.8292],"stabilizedTipPosition":[5.06855,286.348,-28.84],"timeVisible":10.7896,"tipPosition":[-4.60242,284.375,-26.3138],"tipVelocity":[-106.719,-85.9595,82.1123],"tool":false,"touchDistance":-0.113122,"touchZone":"touching","type":0,"width":19.7488},{"bases":[[[0.862743,-0.487267,0.135075],[0.455214,0.864767,0.212034],[-0.220126,-0.121443,0.967882]],[[0.85747,-0.489923,0.157228],[0.480455,0.653019,-0.585431],[0.184144,0.577531,0.79533]],[[0.85747,-0.489923,0.157228],[0.3565,0.345348,-0.868126],[0.371017,0.800444,0.470783]],[[0.85747,-0.489923,0.157228],[0.251989,0.133433,-0.958487],[0.448606,0.861493,0.237871]]],"btipPosition":[-1.33131,224.403,-51.1614],"carpPosition":[6.81105,273.111,66.6675],"dipPosition":[6.14369,238.758,-47.1979],"direction":[-0.371017,-0.800444,-0.470783],"extended":false,"handId":994,"id":9941,"length":57.352,"mcpPosition":[22.6048,281.824,-2.77689],"pipPosition":[14.8894,257.626,-36.1005],"stabilizedTipPosition":[0.85286,227.938,-50.9269],"timeVisible":10.7896,"tipPosition":[2.13861,229.884,-52.53],"tipVelocity":[-153.136,-107.45,155.496],"tool":false,"touchDistance":0.487767,"touchZone":"hovering","type":1,"width":18.8641},{"bases":[[[0.734743,-0.639429,0.226459],[0.589574,0.767063,0.253016],[-0.335494,-0.0523877,0.940585]],[[0.738273,-0.638835,0.21643],[0.486802,0.28255,-0.826552],[0.466879,0.71558,0.519586]],[[0.738273,-0.638835,0.21643],[-0.130882,-0.450456,-0.883153],[0.661681,0.623682,-0.416172]],[[0.738273,-0.638835,0.21643],[-0.416355,-0.684068,-0.598915],[0.530661,0.352052,-0.771012]]],"btipPosition":[-9.25279,215.006,5.31689],"carpPosition":[17.9421,268.828,68.068],"dipPosition":[0.47258,221.458,-8.81336],"direction":[-0.661681,-0.623681,0.416172],"extended":false,"handId":994,"id":9942,"length":65.348,"mcpPosition":[40.7695,272.392,4.06949],"pipPosition":[18.8227,238.754,-20.3549],"stabilizedTipPosition":[-7.16215,216.901,1.8425],"timeVisible":10.7896,"tipPosition":[-6.53243,216.404,0.150324],"tipVelocity":[36.8867,-107.909,24.0585],"tool":false,"touchDistance":0.333333,"touchZone":"none","type":2,"width":18.527},{"bases":[[[0.630814,-0.696162,0.342683],[0.629566,0.717358,0.298404],[-0.453564,0.027504,0.890799]],[[0.617669,-0.695099,0.367861],[0.65461,0.195181,-0.730335],[0.435856,0.691911,0.575577]],[[0.617669,-0.695099,0.367861],[0.00404712,-0.46494,-0.885333],[0.786428,0.548332,-0.284366]],[[0.617669,-0.695099,0.367861],[-0.352356,-0.662779,-0.660734],[0.703086,0.278497,-0.654301]]],"btipPosition":[2.14636,210.202,10.3438],"carpPosition":[27.488,261.92,70.2376],"dipPosition":[14.9577,215.276,-1.57859],"direction":[-0.786428,-0.548331,0.284366],"extended":false,"handId":994,"id":9943,"length":62.8339,"mcpPosition":[55.196,260.239,15.8189],"pipPosition":[36.2041,230.09,-9.26114],"stabilizedTipPosition":[4.61526,212.04,7.49444],"timeVisible":10.7896,"tipPosition":[5.7803,211.381,6.46548],"tipVelocity":[61.7567,-90.5934,-16.5218],"tool":false,"touchDistance":0.333333,"touchZone":"none","type":3,"width":17.6296},{"bases":[[[0.461328,-0.797194,0.389433],[0.677455,0.599939,0.425591],[-0.572915,0.0674866,0.816832]],[[0.519323,-0.799861,0.300875],[0.702739,0.19937,-0.682942],[0.486273,0.566104,0.665631]],[[0.519323,-0.799861,0.300875],[-0.0197098,-0.363191,-0.931506],[0.854351,0.477822,-0.204379]],[[0.519323,-0.799861,0.300875],[-0.402104,-0.539376,-0.739855],[0.754066,0.263241,-0.601738]]],"btipPosition":[19.4315,212.517,17.9057],"carpPosition":[32.7743,249.395,73.0375],"dipPosition":[32.1075,216.942,7.79037],"direction":[-0.854351,-0.477822,0.204379],"extended":false,"handId":994,"id":9944,"length":49.2606,"mcpPosition":[65.1727,245.578,26.8456],"pipPosition":[48.404,226.057,3.8919],"stabilizedTipPosition":[21.3724,214.267,15.8908],"timeVisible":10.7896,"tipPosition":[23.0546,213.536,14.3982],"tipVelocity":[66.9877,-55.7031,-32.1708],"tool":false,"touchDistance":0.333333,"touchZone":"none","type":4,"width":15.66}],"r":[[0.953134,-0.102064,0.284813],[0.120108,0.991668,-0.0465774],[-0.277686,0.0786028,0.957451]],"s":1.19519,"t":[43.5907,-1.56365,-45.1463],"timestamp":669629567874},false],[4,{"currentFrameRate":54.1652,"devices":[],"gestures":[],"hands":[{"armBasis":[[0.831055,-0.555392,-0.0297821],[0.539372,0.817838,-0.200548],[0.13574,0.150603,0.979231]],"armWidth":62.1429,"confidence":0.197832,"direction":[0.397415,0.178287,-0.900153],"elbow":[50.6012,294.36,337.037],"grabStrength":0.801231,"id":994,"palmNormal":[-0.385741,-0.857609,-0.340164],"palmPosition":[27.9729,264.066,28.3272],"palmVelocity":[-105.483,0.786722,90.3623],"palmWidth":88.738,"pinchStrength":0.264757,"r":[[0.959548,-0.0656457,0.273785],[0.0803704,0.995841,-0.0429041],[-0.26983,0.0631728,0.960833]],"s":1.16219,"sphereCenter":[19.9012,223.312,-0.0136328],"sphereRadius":43.6711,"stabilizedPalmPosition":[33.7685,272.68,27.0004],"t":[41.598,-1.51593,-43.3982],"timeVisible":10.808,"type":"right","wrist":[14.8585,254.704,79.188]}],"id":4977452,"interactionBox":{"center":[0,200,0],"size":[235.247,235.247,147.751]},"pointables":[{"bases":[[[0.757612,0.607737,0.238077],[-0.65268,0.702198,0.284476],[0.00570973,-0.370911,0.928651]],[[0.754157,0.638076,0.15526],[-0.651753,0.698314,0.295931],[0.0804067,-0.32437,0.942507]],[[0.754157,0.638076,0.15526],[-0.638653,0.767682,-0.0527815],[-0.152869,-0.0593516,0.986463]],[[0.754157,0.638076,0.15526],[-0.583599,0.759615,-0.287051],[-0.301098,0.125872,0.945249]]],"btipPosition":[-5.63855,273.38,-29.2142],"carpPosition":[-13.6797,258.488,71.0454],"dipPosition":[-12.5109,276.253,-7.63944],"direction":[0.152869,0.0593516,-0.986463],"extended":true,"handId":994,"id":9940,"length":50.8265,"mcpPosition":[-13.6797,258.488,71.0454],"pipPosition":[-17.5941,274.279,25.1622],"stabilizedTipPosition":[-2.35977,278.908,-26.0664],"timeVisible":10.808,"tipPosition":[-7.88631,276.13,-23.4768],"tipVelocity":[-146.863,-342.11,94.9543],"tool":false,"touchDistance":-0.132668,"touchZone":"touching","type":0,"width":19.7488},{"bases":[[[0.887532,-0.445629,0.117055],[0.418851,0.886207,0.197991],[-0.191965,-0.126695,0.973189]],[[0.882905,-0.448412,0.139302],[0.430308,0.653958,-0.622232],[0.187919,0.609315,0.770339]],[[0.882905,-0.448412,0.139302],[0.303787,0.319282,-0.897648],[0.35804,0.834856,0.418118]],[[0.882905,-0.448412,0.139302],[0.201683,0.0942429,-0.974906],[0.424032,0.888845,0.173644]]],"btipPosition":[-5.23303,221.979,-44.5726],"carpPosition":[4.37263,272.908,70.2784],"dipPosition":[1.8325,236.789,-41.6792],"direction":[-0.35804,-0.834856,-0.418118],"extended":false,"handId":994,"id":9941,"length":57.352,"mcpPosition":[18.1459,281.999,0.45324],"pipPosition":[10.2723,256.469,-31.8233],"stabilizedTipPosition":[-2.24617,226.165,-46.0501],"timeVisible":10.808,"tipPosition":[-2.11898,227.454,-46.2963],"tipVelocity":[-183.882,-116.354,246.468],"tool":false,"touchDistance":0.567464,"touchZone":"hovering","type":1,"width":18.8641},{"bases":[[[0.768942,-0.603152,0.211981],[0.558553,0.795114,0.236248],[-0.311042,-0.0632589,0.948288]],[[0.772214,-0.602444,0.201858],[0.453605,0.300282,-0.839091],[0.44489,0.739522,0.505154]],[[0.772214,-0.602444,0.201858],[-0.130838,-0.461678,-0.877345],[0.621745,0.651088,-0.435337]],[[0.772214,-0.602444,0.201858],[-0.398352,-0.706577,-0.584862],[0.494975,0.371228,-0.785614]]],"btipPosition":[-10.3418,213.84,9.6407],"carpPosition":[15.7216,269.159,71.4385],"dipPosition":[-1.27045,220.643,-4.75717],"direction":[-0.621745,-0.651088,0.435337],"extended":false,"handId":994,"id":9942,"length":65.348,"mcpPosition":[36.8853,273.463,6.91578],"pipPosition":[15.9721,238.7,-16.8302],"stabilizedTipPosition":[-7.79713,216.032,4.44844],"timeVisible":10.808,"tipPosition":[-7.83134,215.323,4.45055],"tipVelocity":[-13.2823,-84.3294,123.921],"tool":false,"touchDistance":0.333333,"touchZone":"none","type":2,"width":18.527},{"bases":[[[0.67048,-0.664099,0.330802],[0.601863,0.747568,0.280899],[-0.433841,0.0107606,0.900925]],[[0.657876,-0.663524,0.356279],[0.627804,0.221849,-0.746087],[0.416007,0.714506,0.562512]],[[0.657876,-0.663524,0.356279],[0.00554061,-0.46879,-0.883293],[0.753106,0.583071,-0.304729]],[[0.657876,-0.663524,0.356279],[-0.335928,-0.68193,-0.649711],[0.674056,0.307745,-0.671522]]],"btipPosition":[1.37606,209.565,14.3354],"carpPosition":[25.6284,262.716,73.4145],"dipPosition":[13.6584,215.173,2.09921],"direction":[-0.753106,-0.583071,0.304729],"extended":false,"handId":994,"id":9943,"length":62.8339,"mcpPosition":[52.1316,262.059,18.3773],"pipPosition":[34.0046,230.925,-6.13346],"stabilizedTipPosition":[4.42639,211.5,9.33032],"timeVisible":10.808,"tipPosition":[4.85462,210.893,10.3795],"tipVelocity":[8.69862,-60.404,93.9156],"tool":false,"touchDistance":0.333333,"touchZone":"none","type":3,"width":17.6296},{"bases":[[[0.507037,-0.77272,0.381861],[0.658111,0.633169,0.407415],[-0.5566,0.0447321,0.829576]],[[0.563018,-0.77312,0.292056],[0.676781,0.22849,-0.699829],[0.474319,0.591674,0.651877]],[[0.563018,-0.77312,0.292056],[-0.0239699,-0.368515,-0.929313],[0.826097,0.516219,-0.226012]],[[0.563018,-0.77312,0.292056],[-0.393164,-0.561399,-0.728185],[0.726934,0.295155,-0.620041]]],"btipPosition":[18.7014,212.726,21.4839],"carpPosition":[31.5596,250.467,76.1417],"dipPosition":[30.9213,217.688,11.0609],"direction":[-0.826097,-0.516219,0.226012],"extended":false,"handId":994,"id":9944,"length":49.2606,"mcpPosition":[63.0354,247.938,29.2292],"pipPosition":[46.6789,227.535,6.7498],"stabilizedTipPosition":[21.4094,214.161,16.7372],"timeVisible":10.808,"tipPosition":[22.1866,213.895,17.8988],"tipVelocity":[12.9005,-20.1964,75.0297],"tool":false,"touchDistance":0.333333,"touchZone":"none","type":4,"width":15.66}],"r":[[0.959548,-0.0656457,0.273785],[0.0803704,0.995841,-0.0429041],[-0.26983,0.0631728,0.960833]],"s":1.16219,"t":[41.598,-1.51593,-43.3982],"timestamp":669629586289},false],[5,{"currentFrameRate":54.0444,"devices":[],"gestures":[],"hands":[{"armBasis":[[0.810982,-0.562423,-0.16121],[0.522413,0.820159,-0.233289],[0.263425,0.104975,0.958951]],"armWidth":62.1429,"confidence":0.585375,"direction":[0.185556,0.491018,-0.851159],"elbow":[64.7506,306.508,330.241],"grabStrength":0.380274,"id":994,"palmNormal":[-0.548766,-0.666757,-0.504273],"palmPosition":[-3.21358,306.083,31.8663],"palmVelocity":[-3.16521,152.25,-202.197],"palmWidth":88.738,"pinchStrength":0.956504,"r":[[0.998585,-0.0441812,0.0295868],[0.0333342,0.953665,0.299019],[-0.0414269,-0.29761,0.953788]],"s":0.947892,"sphereCenter":[-15.7692,272.121,-6.50759],"sphereRadius":45.5724,"stabilizedPalmPosition":[5.607,283.648,44.6242],"t":[8.4816,37.7158,-34.3245],"timeVisible":11.5654,"type":"right","wrist":[-4.6139,278.866,77.7324]}],"id":4977493,"interactionBox":{"center":[0,200,0],"size":[235.247,235.247,147.751]},"pointables":[{"bases":[[[0.855042,0.466572,0.226304],[-0.483005,0.55777,0.67498],[0.188701,-0.686443,0.702274]],[[0.700413,0.708724,-0.0844491],[-0.619783,0.662619,0.420483],[0.353964,-0.242172,0.903362]],[[0.700413,0.708724,-0.0844491],[-0.712777,0.700694,-0.0312576],[0.03702,0.0820866,0.995937]],[[0.700413,0.708724,-0.0844491],[-0.707879,0.674655,-0.209161],[-0.0912633,0.206279,0.974228]]],"btipPosition":[-50.0553,290.144,-20.017],"carpPosition":[-33.6756,285.792,79.3134],"dipPosition":[-52.1383,294.852,2.21911],"direction":[-0.03702,-0.0820866,-0.995937],"extended":false,"handId":994,"id":9940,"length":50.8265,"mcpPosition":[-33.6756,285.792,79.3134],"pipPosition":[-50.9073,297.582,35.3358],"stabilizedTipPosition":[-51.9478,277.377,1.73095],"timeVisible":11.5654,"tipPosition":[-51.511,293.089,-14.6993],"tipVelocity":[6.22255,130.21,-186.117],"tool":false,"touchDistance":-0.480855,"touchZone":"hovering","type":0,"width":19.7488},{"bases":[[[0.834706,-0.470256,-0.286576],[0.549528,0.745148,0.377854],[0.0358531,-0.472879,0.880398]],[[0.835474,-0.489235,-0.250265],[0.443672,0.869241,-0.218116],[0.32425,0.0711942,0.943288]],[[0.835474,-0.489235,-0.250265],[0.340673,0.818454,-0.462682],[0.431191,0.3013,0.850466]],[[0.835474,-0.489235,-0.250265],[0.261653,0.754634,-0.601718],[0.48324,0.437237,0.758487]]],"btipPosition":[-49.2374,315.778,-56.4754],"carpPosition":[-14.863,299.221,78.9009],"dipPosition":[-41.1853,323.064,-43.8369],"direction":[-0.431191,-0.3013,-0.850466],"extended":false,"handId":994,"id":9941,"length":57.352,"mcpPosition":[-17.4354,333.149,15.7334],"pipPosition":[-31.0212,330.166,-23.7895],"stabilizedTipPosition":[-47.1521,312.902,-49.3721],"timeVisible":11.5654,"tipPosition":[-48.1537,315.299,-52.0043],"tipVelocity":[-10.5936,246.608,-223.499],"tool":false,"touchDistance":-0.641318,"touchZone":"hovering","type":1,"width":18.8641},{"bases":[[[0.725882,-0.649913,-0.225184],[0.683387,0.644355,0.343203],[-0.0779536,-0.403013,0.911868]],[[0.726558,-0.646238,-0.233429],[0.311545,0.612641,-0.726368],[0.612415,0.455025,0.646452]],[[0.726558,-0.646238,-0.233429],[-0.337628,-0.0398949,-0.940434],[0.598432,0.762092,-0.247174]],[[0.726558,-0.646238,-0.233429],[-0.575523,-0.386788,-0.720534],[0.375349,0.657854,-0.652948]]],"btipPosition":[-51.0146,267.984,2.00662],"carpPosition":[-4.05554,295.143,75.618],"dipPosition":[-44.1356,280.04,-9.9599],"direction":[-0.598432,-0.762092,0.247174],"extended":false,"handId":994,"id":9942,"length":65.348,"mcpPosition":[1.24852,322.565,13.5734],"pipPosition":[-27.5396,301.175,-16.8147],"stabilizedTipPosition":[-48.47,258.862,11.0907],"timeVisible":11.5654,"tipPosition":[-49.3588,271.284,-1.9778],"tipVelocity":[-13.4997,153.101,-177.27],"tool":false,"touchDistance":0.333333,"touchZone":"none","type":2,"width":18.527},{"bases":[[[0.652903,-0.748849,-0.113768],[0.730669,0.5831,0.355131],[-0.199601,-0.314993,0.927868]],[[0.649667,-0.753734,-0.0990865],[0.434528,0.47512,-0.765145],[0.623794,0.454033,0.636188]],[[0.649667,-0.753734,-0.0990865],[-0.276113,-0.112508,-0.954518],[0.708304,0.647477,-0.281208]],[[0.649667,-0.753734,-0.0990865],[-0.565704,-0.392243,-0.725345],[0.507851,0.527286,-0.681217]]],"btipPosition":[-38.1161,260.641,8.11092],"carpPosition":[5.26103,288.283,72.5051],"dipPosition":[-28.8623,270.249,-4.30193],"direction":[-0.708304,-0.647477,0.281208],"extended":false,"handId":994,"id":9943,"length":62.8339,"mcpPosition":[17.4546,307.526,15.822],"pipPosition":[-9.72644,287.742,-11.8992],"stabilizedTipPosition":[-32.5949,244.008,23.5886],"timeVisible":11.5654,"tipPosition":[-35.8137,263.106,4.52645],"tipVelocity":[-9.61462,158.813,-215.502],"tool":false,"touchDistance":0.333333,"touchZone":"none","type":3,"width":17.6296},{"bases":[[[0.495651,-0.866255,-0.062716],[0.8028,0.429393,0.413683],[-0.331425,-0.255391,0.908258]],[[0.524756,-0.838239,-0.148277],[0.475239,0.432997,-0.765938],[0.706243,0.331463,0.625582]],[[0.524756,-0.838239,-0.148277],[-0.324265,-0.0357835,-0.945289],[0.787073,0.544127,-0.290589]],[[0.524756,-0.838239,-0.148277],[-0.634179,-0.268769,-0.724969],[0.567845,0.474466,-0.672633]]],"btipPosition":[-19.8864,260.462,12.9977],"carpPosition":[10.2844,275.805,69.0824],"dipPosition":[-10.3408,268.438,1.69059],"direction":[-0.787073,-0.544127,0.290589],"extended":false,"handId":994,"id":9944,"length":49.2606,"mcpPosition":[29.0266,290.247,17.7203],"pipPosition":[4.67242,278.817,-3.85232],"stabilizedTipPosition":[-11.5491,240.973,28.4511],"timeVisible":11.5654,"tipPosition":[-17.3779,262.744,8.95061],"tipVelocity":[-8.6146,156.421,-204.312],"tool":false,"touchDistance":0.333333,"touchZone":"none","type":4,"width":15.66}],"r":[[0.998585,-0.0441812,0.0295868],[0.0333342,0.953665,0.299019],[-0.0414269,-0.29761,0.953788]],"s":0.947892,"t":[8.4816,37.7158,-34.3245],"timestamp":669630343743},false],[6,{"currentFrameRate":54.2275,"devices":[],"gestures":[],"hands":[{"armBasis":[[0.824713,-0.546365,-0.146061],[0.513695,0.831712,-0.210649],[0.236572,0.0986944,0.966588]],"armWidth":62.1429,"confidence":0.602101,"direction":[0.176886,0.499267,-0.8482],"elbow":[57.9313,307.668,328.113],"grabStrength":0.366203,"id":994,"palmNormal":[-0.538688,-0.672143,-0.507976],"palmPosition":[-3.43999,309.206,27.8998],"palmVelocity":[-7.65659,163.175,-211.924],"palmWidth":88.738,"pinchStrength":0.963386,"r":[[0.998917,-0.0396382,0.0243516],[0.030091,0.949742,0.311584],[-0.0354783,-0.310514,0.949906]],"s":0.954851,"sphereCenter":[-15.8473,275.65,-10.6003],"sphereRadius":45.3819,"stabilizedPalmPosition":[4.9084,285.622,43.3327],"t":[8.33699,40.6939,-38.201],"timeVisible":11.5832,"type":"right","wrist":[-4.36223,281.68,73.5936]}],"id":4977494,"interactionBox":{"center":[0,200,0],"size":[235.247,235.247,147.751]},"pointables":[{"bases":[[[0.847799,0.478588,0.228453],[-0.491054,0.545782,0.678961],[0.200257,-0.687805,0.697726]],[[0.689441,0.719904,-0.0800597],[-0.630736,0.651012,0.422321],[0.35615,-0.240669,0.902904]],[[0.689441,0.719904,-0.0800597],[-0.723651,0.689389,-0.032738],[0.031624,0.0805062,0.996252]],[[0.689441,0.719904,-0.0800597],[-0.716263,0.661113,-0.223375],[-0.10788,0.211348,0.971439]]],"btipPosition":[-49.4555,292.352,-24.009],"carpPosition":[-33.5281,288.136,75.2459],"dipPosition":[-51.9178,297.176,-1.83654],"direction":[-0.031624,-0.0805062,-0.996252],"extended":false,"handId":994,"id":9940,"length":50.8265,"mcpPosition":[-33.5281,288.136,75.2459],"pipPosition":[-50.8662,299.852,31.2906],"stabilizedTipPosition":[-51.7968,278.638,0.112628],"timeVisible":11.5832,"tipPosition":[-51.1009,295.237,-18.7118],"tipVelocity":[16.8328,128.026,-204.461],"tool":false,"touchDistance":-0.521202,"touchZone":"hovering","type":0,"width":19.7488},{"bases":[[[0.841733,-0.455179,-0.290341],[0.538079,0.751335,0.382057],[0.0442389,-0.477816,0.877345]],[[0.84283,-0.473966,-0.254939],[0.431941,0.878316,-0.20491],[0.321037,0.0625858,0.944996]],[[0.84283,-0.473966,-0.254939],[0.334138,0.832193,-0.4425],[0.421889,0.287768,0.859767]],[[0.84283,-0.473966,-0.254939],[0.259302,0.772729,-0.579356],[0.471594,0.422192,0.774179]]],"btipPosition":[-49.3586,319.705,-60.8086],"carpPosition":[-14.9305,301.863,74.9009],"dipPosition":[-41.5006,326.74,-47.9087],"direction":[-0.421889,-0.287768,-0.859767],"extended":true,"handId":994,"id":9941,"length":57.352,"mcpPosition":[-18.1046,336.146,11.9524],"pipPosition":[-31.5557,333.523,-27.6421],"stabilizedTipPosition":[-47.3171,316.385,-52.8745],"timeVisible":11.5832,"tipPosition":[-48.2738,319.185,-56.3764],"tipVelocity":[-9.99422,232.895,-231.314],"tool":false,"touchDistance":-0.669616,"touchZone":"hovering","type":1,"width":18.8641},{"bases":[[[0.735826,-0.636919,-0.229988],[0.673478,0.652892,0.34664],[-0.0706247,-0.409958,0.909366]],[[0.736433,-0.633198,-0.238176],[0.299921,0.621159,-0.724023],[0.606394,0.46176,0.647351]],[[0.736433,-0.633198,-0.238176],[-0.339149,-0.0409245,-0.939842],[0.585358,0.772907,-0.244887]],[[0.736433,-0.633198,-0.238176],[-0.570696,-0.392414,-0.72133],[0.363281,0.667137,-0.65035]]],"btipPosition":[-50.6543,270.504,-2.01241],"carpPosition":[-4.06335,297.978,71.582],"dipPosition":[-43.9965,282.731,-13.9313],"direction":[-0.585358,-0.772907,0.244887],"extended":false,"handId":994,"id":9942,"length":65.348,"mcpPosition":[0.742048,325.872,9.70765],"pipPosition":[-27.763,304.166,-20.7227],"stabilizedTipPosition":[-48.5623,260.904,8.85165],"timeVisible":11.5832,"tipPosition":[-49.0642,273.84,-5.96685],"tipVelocity":[1.01422,148.743,-199.81],"tool":false,"touchDistance":0.333333,"touchZone":"none","type":2,"width":18.527},{"bases":[[[0.664536,-0.737699,-0.119133],[0.721734,0.592318,0.358135],[-0.193631,-0.323975,0.926038]],[[0.661392,-0.742728,-0.104481],[0.428529,0.488522,-0.760072],[0.615568,0.457932,0.641385]],[[0.661392,-0.742728,-0.104481],[-0.272216,-0.1079,-0.956168],[0.698899,0.660843,-0.273546]],[[0.661392,-0.742728,-0.104481],[-0.558337,-0.394531,-0.729798],[0.50082,0.541018,-0.675632]]],"btipPosition":[-37.644,263.411,3.59923],"carpPosition":[5.35721,291.285,68.4169],"dipPosition":[-28.5182,273.27,-8.71184],"direction":[-0.698899,-0.660843,0.273546],"extended":false,"handId":994,"id":9943,"length":62.8339,"mcpPosition":[17.1861,311.077,11.8455],"pipPosition":[-9.63652,291.123,-16.1021],"stabilizedTipPosition":[-32.8608,245.961,21.5317],"timeVisible":11.5832,"tipPosition":[-35.3911,265.904,0.202488],"tipVelocity":[6.59307,158.848,-232.757],"tool":false,"touchDistance":0.333333,"touchZone":"none","type":3,"width":17.6296},{"bases":[[[0.509211,-0.857897,-0.0686787],[0.796346,0.439403,0.415643],[-0.326401,-0.266342,0.906931]],[[0.53782,-0.828835,-0.154216],[0.470146,0.446703,-0.761196],[0.699795,0.336883,0.629919]],[[0.53782,-0.828835,-0.154216],[-0.321278,-0.0323769,-0.946431],[0.779442,0.558556,-0.2837]],[[0.53782,-0.828835,-0.154216],[-0.628572,-0.272322,-0.728517],[0.561824,0.488747,-0.667443]]],"btipPosition":[-19.4122,263.484,8.53242],"carpPosition":[10.5736,278.91,64.9103],"dipPosition":[-9.96782,271.7,-2.68742],"direction":[-0.779442,-0.558556,0.2837],"extended":false,"handId":994,"id":9944,"length":49.2606,"mcpPosition":[29.0316,293.972,13.6232],"pipPosition":[4.89981,282.355,-8.09891],"stabilizedTipPosition":[-12.074,243.224,26.3758],"timeVisible":11.5832,"tipPosition":[-16.9556,265.791,4.68307],"tipVelocity":[7.33995,164.184,-225.687],"tool":false,"touchDistance":0.333333,"touchZone":"none","type":4,"width":15.66}],"r":[[0.998917,-0.0396382,0.0243516],[0.030091,0.949742,0.311584],[-0.0354783,-0.310514,0.949906]],"s":0.954851,"t":[8.33699,40.6939,-38.201],"timestamp":669630361538},false],[7,{"currentFrameRate":54.2265,"devices