{"sensorType":"Leap","data":[[0,{"currentFrameRate":54.2071,"devices":[],"gestures":[],"hands":[{"armBasis":[[0.851431,-0.477139,-0.217723],[0.45643,0.878594,-0.140511],[0.258334,0.0202603,0.965843]],"armWidth":62.1429,"confidence":0.612973,"direction":[0.227578,0.409226,-0.883596],"elbow":[64.6,300.293,342.427],"grabStrength":0.212902,"id":994,"palmNormal":[-0.398817,-0.788639,-0.467967],"palmPosition":[0.276998,316.598,39.4773],"palmVelocity":[-50.2553,89.9482,-197.474],"palmWidth":88.738,"pinchStrength":0.756837,"r":[[0.982995,0.107943,0.148557],[-0.135672,0.97209,0.191403],[-0.12375,-0.208303,0.970204]],"s":0.957441,"sphereCenter":[-10.6308,275.047,1.45619],"sphereRadius":50.3702,"stabilizedPalmPosition":[32.2869,308.258,25.046],"t":[12.827,49.4027,-26.8639],"timeVisible":21.7913,"type":"right","wrist":[-3.42381,294.958,88.1031]}],"id":4978042,"interactionBox":{"center":[0,200,0],"size":[235.247,235.247,147.751]},"pointables":[{"bases":[[[0.758588,0.600576,0.252692],[-0.625392,0.562298,0.541023],[0.182838,-0.568445,0.802148]],[[0.667567,0.744547,-0.00215533],[-0.701441,0.629884,0.333507],[0.249669,-0.221127,0.942745]],[[0.667567,0.744547,-0.00215533],[-0.744533,0.667568,0.00488719],[0.00507757,-0.00165781,0.999986]],[[0.667567,0.744547,-0.00215533],[-0.694596,0.621733,-0.361917],[-0.268124,0.243101,0.932208]]],"btipPosition":[-39.2856,303.316,-14.7526],"carpPosition":[-33.0821,298.044,85.6706],"dipPosition":[-45.4054,308.864,6.52447],"direction":[-0.00507757,0.00165781,-0.999986],"extended":false,"handId":994,"id":9940,"length":50.8265,"mcpPosition":[-33.0821,298.044,85.6706],"pipPosition":[-45.2365,308.809,39.7757],"stabilizedTipPosition":[-18.8987,295.736,-7.91638],"timeVisible":21.7913,"tipPosition":[-40.2722,305.433,-9.6285],"tipVelocity":[-67.0237,103.131,-190.503],"tool":false,"touchDistance":-0.177934,"touchZone":"hovering","type":0,"width":19.7488},{"bases":[[[0.913942,-0.383668,-0.132318],[0.405559,0.851186,0.333172],[-0.0152005,-0.358163,0.933535]],[[0.908376,-0.334692,-0.250667],[0.29909,0.938981,-0.169881],[0.292229,0.0793438,0.953051]],[[0.908376,-0.334692,-0.250667],[0.245009,0.911791,-0.329556],[0.338856,0.237945,0.910252]],[[0.908376,-0.334692,-0.250667],[0.205103,0.879021,-0.430413],[0.364397,0.339564,0.867128]]],"btipPosition":[-41.3274,324.85,-57.3158],"carpPosition":[-16.1145,313.744,85.5016],"dipPosition":[-35.2556,330.508,-42.8671],"direction":[-0.338856,-0.237945,-0.910252],"extended":true,"handId":994,"id":9941,"length":57.352,"mcpPosition":[-15.0239,339.442,18.5215],"pipPosition":[-27.268,336.117,-21.4104],"stabilizedTipPosition":[-26.7045,314.051,-46.9998],"timeVisible":21.7913,"tipPosition":[-40.2936,325.25,-53.5001],"tipVelocity":[-82.7604,175.267,-188.437],"tool":false,"touchDistance":-0.162859,"touchZone":"hovering","type":1,"width":18.8641},{"bases":[[[0.820867,-0.567977,-0.0598234],[0.553801,0.765998,0.326421],[-0.139575,-0.301078,0.94333]],[[0.828043,-0.547829,-0.11928],[0.374618,0.698893,-0.60927],[0.417139,0.459817,0.78394]],[[0.828043,-0.547829,-0.11928],[0.098738,0.35191,-0.930812],[0.551901,0.758975,0.345488]],[[0.828043,-0.547829,-0.11928],[-0.0688236,0.11182,-0.991342],[0.556424,0.829084,0.054888]]],"btipPosition":[-40.1904,273.433,-27.6771],"carpPosition":[-4.5754,310.805,83.9465],"dipPosition":[-29.9929,288.628,-26.6712],"direction":[-0.551901,-0.758975,-0.345488],"extended":false,"handId":994,"id":9942,"length":65.348,"mcpPosition":[4.92145,331.291,19.7612],"pipPosition":[-14.6872,309.676,-17.0899],"stabilizedTipPosition":[-9.16179,260.729,-26.9119],"timeVisible":21.7913,"tipPosition":[-38.0702,276.202,-25.8606],"tipVelocity":[-62.5186,126.029,-217.149],"tool":false,"touchDistance":-0.377055,"touchZone":"hovering","type":2,"width":18.527},{"bases":[[[0.747281,-0.66221,0.0552117],[0.606302,0.713473,0.351217],[-0.271972,-0.228983,0.934665]],[[0.767864,-0.640117,-0.0251995],[0.481748,0.602924,-0.635926],[0.422261,0.476165,0.771338]],[[0.767864,-0.640117,-0.0251995],[0.184351,0.258472,-0.948265],[0.613514,0.723493,0.316478]],[[0.767864,-0.640117,-0.0251995],[-0.0018932,0.0370689,-0.999311],[0.64061,0.767382,0.027252]]],"btipPosition":[-24.2236,264.658,-16.99],"carpPosition":[5.80912,304.947,82.7652],"dipPosition":[-12.5506,278.641,-16.4934],"direction":[-0.613514,-0.723493,-0.316478],"extended":false,"handId":994,"id":9943,"length":62.8339,"mcpPosition":[22.4238,318.936,25.6668],"pipPosition":[4.02429,298.187,-7.94335],"stabilizedTipPosition":[12.9691,253.497,-23.1899],"timeVisible":21.7913,"tipPosition":[-21.9074,267.368,-15.398],"tipVelocity":[-54.8803,121.341,-225.085],"tool":false,"touchDistance":-0.396858,"touchZone":"hovering","type":3,"width":17.6296},{"bases":[[[0.600261,-0.792984,0.104223],[0.688725,0.578738,0.436716],[-0.406626,-0.190363,0.893542]],[[0.643786,-0.765204,-0.00123325],[0.610949,0.514976,-0.601283],[0.460739,0.386344,0.799035]],[[0.643786,-0.765204,-0.00123325],[0.268367,0.227293,-0.936118],[0.716602,0.602329,0.351683]],[[0.643786,-0.765204,-0.00123325],[0.0511729,0.0446611,-0.997691],[0.763492,0.642237,0.06791]]],"btipPosition":[-6.71862,268.103,-4.3751],"carpPosition":[12.6782,292.946,81.5586],"dipPosition":[6.11583,278.9,-3.23352],"direction":[-0.716602,-0.602329,-0.351683],"extended":false,"handId":994,"id":9944,"length":49.2606,"mcpPosition":[35.673,303.711,31.0287],"pipPosition":[19.7848,290.389,3.47474],"stabilizedTipPosition":[32.9882,257.311,-11.1388],"timeVisible":21.7913,"tipPosition":[-4.31616,270.132,-2.57565],"tipVelocity":[-48.8513,120.292,-233.112],"tool":false,"touchDistance":-0.395692,"touchZone":"hovering","type":4,"width":15.66}],"r":[[0.982995,0.107943,0.148557],[-0.135672,0.97209,0.191403],[-0.12375,-0.208303,0.970204]],"s":0.957441,"t":[12.827,49.4027,-26.8639],"timestamp":669640569641},false],[1,{"currentFrameRate":54.2088,"devices":[],"gestures":[],"hands":[{"armBasis":[[0.856919,-0.464507,-0.223437],[0.444189,0.885382,-0.137095],[0.261509,0.0182307,0.965029]],"armWidth":62.1429,"confidence":0.605179,"direction":[0.219543,0.41673,-0.882121],"elbow":[64.8446,302.107,337.271],"grabStrength":0.203152,"id":994,"palmNormal":[-0.389512,-0.791549,-0.470884],"palmPosition":[-0.743935,319.241,34.6368],"palmVelocity":[-52.7167,115.682,-228.809],"palmWidth":88.738,"pinchStrength":0.758814,"r":[[0.983702,0.108672,0.143249],[-0.136364,0.970171,0.200431],[-0.117195,-0.216698,0.969179]],"s":0.960984,"sphereCenter":[-11.5217,278.09,-3.5551],"sphereRadius":50.2051,"stabilizedPalmPosition":[32.0471,308.337,25.1156],"t":[11.8577,51.5548,-31.1022],"timeVisible":21.8098,"type":"right","wrist":[-4.0152,297.307,83.1614]}],"id":4978043,"interactionBox":{"center":[0,200,0],"size":[235.247,235.247,147.751]},"pointables":[{"bases":[[[0.751163,0.609438,0.253651],[-0.631351,0.55108,0.545625],[0.192743,-0.569997,0.79872]],[[0.657317,0.753614,-0.000556748],[-0.709414,0.619014,0.336977],[0.254295,-0.221106,0.941513]],[[0.657317,0.753614,-0.000556748],[-0.753567,0.657284,0.0107132],[0.00843955,-0.00662241,0.999942]],[[0.657317,0.753614,-0.000556748],[-0.704022,0.613798,-0.357218],[-0.268862,0.235197,0.934021]]],"btipPosition":[-40.2427,305.622,-19.5761],"carpPosition":[-33.7191,300.006,80.8271],"dipPosition":[-46.3793,310.99,1.74238],"direction":[-0.00843955,0.00662241,-0.999942],"extended":false,"handId":994,"id":9940,"length":50.8265,"mcpPosition":[-33.7191,300.006,80.8271],"pipPosition":[-46.0987,310.77,34.9922],"stabilizedTipPosition":[-19.6934,296.125,-8.15236],"timeVisible":21.8098,"tipPosition":[-41.274,307.697,-14.4386],"tipVelocity":[-59.837,112.622,-224.503],"tool":false,"touchDistance":-0.258166,"touchZone":"hovering","type":0,"width":19.7488},{"bases":[[[0.918636,-0.37066,-0.136815],[0.395029,0.854864,0.336392],[-0.00772931,-0.363068,0.931731]],[[0.912087,-0.321205,-0.254804],[0.287718,0.944197,-0.160346],[0.292089,0.0729373,0.953606]],[[0.912087,-0.321205,-0.254804],[0.235747,0.919334,-0.315036],[0.335441,0.22727,0.914236]],[[0.912087,-0.321205,-0.254804],[0.197556,0.888881,-0.413354],[0.359262,0.326676,0.874193]]],"btipPosition":[-42.5416,328.127,-62.2316],"carpPosition":[-16.9646,315.934,80.6912],"dipPosition":[-36.5553,333.57,-47.6651],"direction":[-0.335441,-0.22727,-0.914236],"extended":true,"handId":994,"id":9941,"length":57.352,"mcpPosition":[-16.41,341.983,13.8407],"pipPosition":[-28.6483,338.927,-26.1146],"stabilizedTipPosition":[-28.7106,316.177,-48.6482],"timeVisible":21.8098,"tipPosition":[-41.5295,328.354,-58.3708],"tipVelocity":[-75.1204,175.129,-225.387],"tool":false,"touchDistance":-0.244337,"touchZone":"hovering","type":1,"width":18.8641},{"bases":[[[0.828253,-0.556571,-0.0650052],[0.544382,0.771714,0.328794],[-0.132831,-0.307712,0.942162]],[[0.835017,-0.535906,-0.124704],[0.363031,0.706908,-0.607034],[0.413468,0.461612,0.784831]],[[0.835017,-0.535906,-0.124704],[0.0911515,0.358242,-0.929168],[0.542622,0.764504,0.347987]],[[0.835017,-0.535906,-0.124704],[-0.0731172,0.116558,-0.990489],[0.545345,0.836193,0.0581439]]],"btipPosition":[-40.8323,275.87,-32.6259],"carpPosition":[-5.3915,313.158,79.0891],"dipPosition":[-30.8379,291.194,-31.5603],"direction":[-0.542622,-0.764504,-0.347987],"extended":false,"handId":994,"id":9942,"length":65.348,"mcpPosition":[3.64651,334.095,14.9832],"pipPosition":[-15.7895,312.396,-21.9097],"stabilizedTipPosition":[-10.1427,261.353,-27.0945],"timeVisible":21.8098,"tipPosition":[-38.7351,278.674,-30.8279],"tipVelocity":[-50.3845,129.746,-241.472],"tool":false,"touchDistance":-0.441709,"touchZone":"hovering","type":2,"width":18.527},{"bases":[[[0.756268,-0.652367,0.0497505],[0.597654,0.719775,0.353176],[-0.266209,-0.237362,0.934233]],[[0.776079,-0.629947,-0.0294667],[0.470231,0.609184,-0.638575],[0.420219,0.481728,0.768995]],[[0.776079,-0.629947,-0.0294667],[0.176468,0.261788,-0.948855],[0.605442,0.731186,0.314334]],[[0.776079,-0.629947,-0.0294667],[-0.00614814,0.0391654,-0.999214],[0.630606,0.77565,0.0265225]]],"btipPosition":[-24.828,267.068,-21.7065],"carpPosition":[5.06741,307.446,77.849],"dipPosition":[-13.3373,281.202,-21.2232],"direction":[-0.605442,-0.731186,-0.314334],"extended":false,"handId":994,"id":9943,"length":62.8339,"mcpPosition":[21.3301,321.947,20.777],"pipPosition":[3.01953,300.956,-12.7311],"stabilizedTipPosition":[12.2469,253.842,-23.1572],"timeVisible":21.8098,"tipPosition":[-22.4657,269.922,-20.3603],"tipVelocity":[-45.3216,126.757,-239.951],"tool":false,"touchDistance":-0.456299,"touchZone":"hovering","type":3,"width":17.6296},{"bases":[[[0.611159,-0.785355,0.0985002],[0.682124,0.585729,0.437755],[-0.401487,-0.200348,0.893683]],[[0.654075,-0.756396,-0.00712006],[0.601965,0.526189,-0.600636],[0.458065,0.388575,0.799491]],[[0.654075,-0.756396,-0.00712006],[0.262492,0.235791,-0.935682],[0.709425,0.610137,0.352773]],[[0.654075,-0.756396,-0.00712006],[0.047795,0.0507197,-0.997569],[0.754918,0.652144,0.0693264]]],"btipPosition":[-7.22047,270.875,-9.43996],"carpPosition":[12.0937,295.546,76.562],"dipPosition":[5.46985,281.837,-8.27457],"direction":[-0.709425,-0.610137,-0.352773],"extended":false,"handId":994,"id":9944,"length":49.2606,"mcpPosition":[34.7979,306.875,26.0242],"pipPosition":[19.0019,293.476,-1.54552],"stabilizedTipPosition":[32.5635,257.494,-11.1164],"timeVisible":21.8098,"tipPosition":[-4.82901,272.935,-7.66047],"tipVelocity":[-39.2889,135.749,-252.991],"tool":false,"touchDistance":-0.460347,"touchZone":"hovering","type":4,"width":15.66}],"r":[[0.983702,0.108672,0.143249],[-0.136364,0.970171,0.200431],[-0.117195,-0.216698,0.969179]],"s":0.960984,"t":[11.8577,51.5548,-31.1022],"timestamp":669640588082},false],[2,{"currentFrameRate":54.1672,"devices":[],"gestures":[],"hands":[{"armBasis":[[0.862547,-0.453012,-0.225373],[0.431663,0.89121,-0.139324],[0.26397,0.0228885,0.964259]],"armWidth":62.1429,"confidence":0.609874,"direction":[0.208563,0.432037,-0.877408],"elbow":[65.1267,305.505,333.136],"grabStrength":0.191646,"id":994,"palmNormal":[-0.382895,-0.789454,-0.479744],"palmPosition":[-1.70089,322.146,31.0071],"palmVelocity":[-52.0911,135.296,-212.439],"palmWidth":88.738,"pinchStrength":0.761158,"r":[[0.984152,0.111307,0.138045],[-0.138982,0.967638,0.210618],[-0.110134,-0.226465,0.967773]],"s":0.965365,"sphereCenter":[-12.5862,281.852,-7.67544],"sphereRadius":49.9861,"stabilizedPalmPosition":[31.741,308.463,25.1691],"t":[10.8946,54.0834,-35.0362],"timeVisible":21.8284,"type":"right","wrist":[-4.38116,299.479,79.23]}],"id":4978044,"interactionBox":{"center":[0,200,0],"size":[235.247,235.247,147.751]},"pointables":[{"bases":[[[0.745303,0.614963,0.257574],[-0.634425,0.535346,0.557592],[0.205008,-0.578986,0.789143]],[[0.647692,0.761883,0.00545376],[-0.715303,0.605596,0.348705],[0.26237,-0.229754,0.937217]],[[0.647692,0.761883,0.00545376],[-0.761737,0.647384,0.025512],[0.0159065,-0.0206782,0.99966]],[[0.647692,0.761883,0.00545376],[-0.714035,0.609481,-0.34451],[-0.265801,0.219242,0.938767]]],"btipPosition":[-41.3656,308.712,-23.1663],"carpPosition":[-34.1307,301.844,77.1266],"dipPosition":[-47.4323,313.716,-1.73952],"direction":[-0.0159065,0.0206782,-0.99966],"extended":false,"handId":994,"id":9940,"length":50.8265,"mcpPosition":[-34.1307,301.844,77.1266],"pipPosition":[-46.9034,313.029,31.5009],"stabilizedTipPosition":[-20.4618,296.582,-8.4883],"timeVisible":21.8284,"tipPosition":[-42.4138,310.706,-17.9947],"tipVelocity":[-59.6637,136.367,-208.544],"tool":false,"touchDistance":-0.314162,"touchZone":"hovering","type":0,"width":19.7488},{"bases":[[[0.922183,-0.357283,-0.148081],[0.386743,0.854758,0.346148],[0.002901,-0.376481,0.92642]],[[0.914247,-0.306229,-0.265283],[0.277109,0.950293,-0.141966],[0.295571,0.05628,0.953662]],[[0.914247,-0.306229,-0.265283],[0.226586,0.929254,-0.291797],[0.335872,0.206665,0.918955]],[[0.914247,-0.306229,-0.265283],[0.189633,0.902049,-0.387745],[0.358038,0.304189,0.882767]]],"btipPosition":[-44.0494,332.691,-65.6855],"carpPosition":[-17.5739,317.977,77.1127],"dipPosition":[-38.0835,337.76,-50.9762],"direction":[-0.335872,-0.206665,-0.918955],"extended":true,"handId":994,"id":9941,"length":57.352,"mcpPosition":[-17.7821,344.989,10.6432],"pipPosition":[-30.1663,342.631,-29.3144],"stabilizedTipPosition":[-30.8369,318.869,-50.7268],"timeVisible":21.8284,"tipPosition":[-43.0416,332.7,-61.7859],"tipVelocity":[-78.108,206.92,-205.238],"tool":false,"touchDistance":-0.299553,"touchZone":"hovering","type":1,"width":18.8641},{"bases":[[[0.834564,-0.545307,-0.0783827],[0.537052,0.773577,0.336385],[-0.122798,-0.32283,0.938457]],[[0.840712,-0.523527,-0.138287],[0.349471,0.719675,-0.599948],[0.41361,0.456056,0.787997]],[[0.840712,-0.523527,-0.138287],[0.0801106,0.372831,-0.924435],[0.535524,0.766105,0.355384]],[[0.840712,-0.523527,-0.138287],[-0.0811812,0.130636,-0.988101],[0.535363,0.841935,0.0673266]]],"btipPosition":[-41.729,279.22,-36.5891],"carpPosition":[-5.97862,315.368,75.396],"dipPosition":[-31.9175,294.65,-35.3552],"direction":[-0.535524,-0.766105,-0.355384],"extended":false,"handId":994,"id":9942,"length":65.348,"mcpPosition":[2.37672,337.334,11.5422],"pipPosition":[-17.066,315.896,-25.4995],"stabilizedTipPosition":[-11.1222,262.068,-27.4021],"timeVisible":21.8284,"tipPosition":[-39.637,282.062,-34.8229],"tipVelocity":[-50.4166,154.78,-226.646],"tool":false,"touchDistance":-0.48474,"touchZone":"hovering","type":2,"width":18.527},{"bases":[[[0.764521,-0.643624,0.0354396],[0.591117,0.721955,0.35967],[-0.257078,-0.254026,0.932406]],[[0.78324,-0.620288,-0.0421677],[0.455682,0.618885,-0.639794],[0.422953,0.481897,0.767389]],[[0.78324,-0.620288,-0.0421677],[0.163545,0.270995,-0.948586],[0.599823,0.736074,0.313699]],[[0.78324,-0.620288,-0.0421677],[-0.0156184,0.0481722,-0.998717],[0.621523,0.782894,0.0280425]]],"btipPosition":[-25.714,270.173,-25.3784],"carpPosition":[4.54106,309.805,74.006],"dipPosition":[-14.3889,284.439,-24.8675],"direction":[-0.599823,-0.736074,-0.313699],"extended":false,"handId":994,"id":9943,"length":62.8339,"mcpPosition":[20.2459,325.323,17.0456],"pipPosition":[1.81621,304.325,-16.3924],"stabilizedTipPosition":[11.4759,254.27,-23.203],"timeVisible":21.8284,"tipPosition":[-23.2724,273.209,-24.361],"tipVelocity":[-47.4262,147.001,-219.111],"tool":false,"touchDistance":-0.493986,"touchZone":"hovering","type":3,"width":17.6296},{"bases":[[[0.621379,-0.77908,0.083199],[0.677782,0.587761,0.441757],[-0.393065,-0.218108,0.893268]],[[0.663331,-0.747987,-0.0225377],[0.589785,0.541097,-0.599474],[0.460593,0.384357,0.800077]],[[0.663331,-0.747987,-0.0225377],[0.251604,0.25129,-0.934638],[0.704761,0.614304,0.354885]],[[0.663331,-0.747987,-0.0225377],[0.0394576,0.0650357,-0.997103],[0.747285,0.66052,0.072654]]],"btipPosition":[-7.95633,274.27,-13.593],"carpPosition":[11.704,298.011,72.502],"dipPosition":[4.60568,285.373,-12.3717],"direction":[-0.704761,-0.614304,-0.354885],"extended":false,"handId":994,"id":9944,"length":49.2606,"mcpPosition":[33.9319,310.345,21.9875],"pipPosition":[18.0488,297.091,-5.60237],"stabilizedTipPosition":[32.048,257.759,-11.1465],"timeVisible":21.8284,"tipPosition":[-5.51786,276.39,-11.9362],"tipVelocity":[-40.1826,159.248,-238.199],"tool":false,"touchDistance":-0.504748,"touchZone":"hovering","type":4,"width":15.66}],"r":[[0.984152,0.111307,0.138045],[-0.138982,0.967638,0.210618],[-0.110134,-0.226465,0.967773]],"s":0.965365,"t":[10.8946,54.0834,-35.0362],"timestamp":669640606690},false],[3,{"currentFrameRate":54.1282,"devices":[],"gestures":[],"hands":[{"armBasis":[[0.859354,-0.458951,-0.225554],[0.438175,0.888243,-0.137939],[0.263654,0.0197067,0.964416]],"armWidth":62.1429,"confidence":0.614883,"direction":[0.206989,0.431631,-0.877981],"elbow":[64.298,307.215,329.629],"grabStrength":0.183815,"id":994,"palmNormal":[-0.391965,-0.785657,-0.478651],"palmPosition":[-2.5411,324.742,27.476],"palmVelocity":[-48.7205,137.324,-201.417],"palmWidth":88.738,"pinchStrength":0.75999,"r":[[0.984813,0.111839,0.1328],[-0.139226,0.965697,0.219194],[-0.10373,-0.234355,0.966601]],"s":0.969859,"sphereCenter":[-14.1836,284.857,-11.1958],"sphereRadius":49.8759,"stabilizedPalmPosition":[31.354,308.646,25.1951],"t":[9.99294,56.6457,-38.7687],"timeVisible":21.847,"type":"right","wrist":[-5.12664,302.026,75.6814]}],"id":4978045,"interactionBox":{"center":[0,200,0],"size":[235.247,235.247,147.751]},"pointables":[{"bases":[[[0.75168,0.60859,0.254155],[-0.626899,0.539602,0.561985],[0.204876,-0.581763,0.787132]],[[0.653809,0.756655,0.00281091],[-0.708307,0.610717,0.354015],[0.266151,-0.233449,0.935235]],[[0.653809,0.756655,0.00281091],[-0.756325,0.653404,0.0321726],[0.0225069,-0.0231607,0.999478]],[[0.653809,0.756655,0.00281091],[-0.710699,0.615366,-0.340927],[-0.259694,0.220903,0.940086]]],"btipPosition":[-42.6456,311.726,-26.4681],"carpPosition":[-34.8678,304.633,73.7524],"dipPosition":[-48.573,316.768,-5.01125],"direction":[-0.0225069,0.0231607,-0.999478],"extended":false,"handId":994,"id":9940,"length":50.8265,"mcpPosition":[-34.8678,304.633,73.7524],"pipPosition":[-47.8246,315.998,28.2231],"stabilizedTipPosition":[-21.3283,297.182,-8.96836],"timeVisible":21.847,"tipPosition":[-43.6522,313.693,-21.3029],"tipVelocity":[-63.248,148.996,-193.256],"tool":false,"touchDistance":-0.360503,"touchZone":"hovering","type":0,"width":19.7488},{"bases":[[[0.91842,-0.36445,-0.153884],[0.395572,0.851123,0.345128],[0.00519193,-0.377844,0.925855]],[[0.910244,-0.313236,-0.270812],[0.285399,0.948456,-0.137761],[0.300005,0.0481062,0.952724]],[[0.910244,-0.313236,-0.270812],[0.235626,0.929638,-0.28329],[0.340494,0.194053,0.920004]],[[0.910244,-0.313236,-0.270812],[0.199165,0.904597,-0.376879],[0.363028,0.289116,0.885789]]],"btipPosition":[-45.2001,336.336,-69.1273],"carpPosition":[-18.1824,320.633,73.6661],"dipPosition":[-39.1511,341.153,-54.3676],"direction":[-0.340494,-0.194053,-0.920004],"extended":true,"handId":994,"id":9941,"length":57.352,"mcpPosition":[-18.5549,347.743,7.23719],"pipPosition":[-31.1249,345.728,-32.6811],"stabilizedTipPosition":[-32.9293,321.865,-53.1474],"timeVisible":21.847,"tipPosition":[-44.187,336.234,-65.2146],"tipVelocity":[-69.711,200.034,-195.081],"tool":false,"touchDistance":-0.349384,"touchZone":"hovering","type":1,"width":18.8641},{"bases":[[[0.829696,-0.551867,-0.0839485],[0.545165,0.768753,0.334387],[-0.120001,-0.323205,0.93869]],[[0.835744,-0.529677,-0.144824],[0.349728,0.716761,-0.603277],[0.423346,0.453536,0.784272]],[[0.835744,-0.529677,-0.144824],[0.0762332,0.373102,-0.924653],[0.543802,0.761733,0.352196]],[[0.835744,-0.529677,-0.144824],[-0.0865432,0.13339,-0.987278],[0.542257,0.837645,0.0656397]]],"btipPosition":[-43.3728,282.129,-39.8274],"carpPosition":[-6.61844,317.934,71.8791],"dipPosition":[-33.4349,297.481,-38.6244],"direction":[-0.543802,-0.761733,-0.352196],"extended":false,"handId":994,"id":9942,"length":65.348,"mcpPosition":[1.5466,339.925,8.00951],"pipPosition":[-18.3538,318.606,-28.8571],"stabilizedTipPosition":[-12.2636,262.967,-27.8649],"timeVisible":21.847,"tipPosition":[-41.2093,285.036,-38.2036],"tipVelocity":[-68.0446,155.056,-201.286],"tool":false,"touchDistance":-0.51328,"touchZone":"hovering","type":2,"width":18.527},{"bases":[[[0.75952,-0.649786,0.0301354],[0.598946,0.716665,0.357287],[-0.253757,-0.253317,0.933508]],[[0.777874,-0.626659,-0.0470223],[0.456888,0.615337,-0.64235],[0.431468,0.478183,0.764968]],[[0.777874,-0.626659,-0.0470223],[0.160439,0.270385,-0.94929],[0.607595,0.730884,0.310866]],[[0.777874,-0.626659,-0.0470223],[-0.0205348,0.049439,-0.998566],[0.628085,0.777724,0.025589]]],"btipPosition":[-27.3104,273.01,-28.8041],"carpPosition":[3.84809,312.288,70.4209],"dipPosition":[-15.8657,287.181,-28.3379],"direction":[-0.607595,-0.730884,-0.310866],"extended":false,"handId":994,"id":9943,"length":62.8339,"mcpPosition":[19.35,327.763,13.3932],"pipPosition":[0.549314,306.927,-19.9394],"stabilizedTipPosition":[10.5406,254.839,-23.3451],"timeVisible":21.847,"tipPosition":[-24.8248,276.049,-27.8524],"tipVelocity":[-65.3126,149.054,-202.374],"tool":false,"touchDistance":-0.52446,"touchZone":"hovering","type":3,"width":17.6296},{"bases":[[[0.615572,-0.784159,0.0785251],[0.685001,0.581661,0.438685],[-0.389674,-0.216253,0.895203]],[[0.657016,-0.753394,-0.0269815],[0.588287,0.534754,-0.606594],[0.471433,0.382669,0.794554]],[[0.657016,-0.753394,-0.0269815],[0.245405,0.247578,-0.937274],[0.712816,0.609182,0.347549]],[[0.657016,-0.753394,-0.0269815],[0.0322873,0.0638784,-0.997435],[0.753185,0.65446,0.0662942]]],"btipPosition":[-9.57136,276.851,-16.9081],"carpPosition":[10.9074,300.44,68.859],"dipPosition":[3.08983,287.853,-15.7937],"direction":[-0.712816,-0.609182,-0.347549],"extended":false,"handId":994,"id":9944,"length":49.2606,"mcpPosition":[32.9435,312.669,18.2352],"pipPosition":[16.6866,299.473,-9.16427],"stabilizedTipPosition":[31.3793,258.132,-11.2416],"timeVisible":21.847,"tipPosition":[-7.0184,279.035,-15.4693],"tipVelocity":[-62.1907,148.669,-209.691],"tool":false,"touchDistance":-0.532702,"touchZone":"hovering","type":4,"width":15.66}],"r":[[0.984813,0.111839,0.1328],[-0.139226,0.965697,0.219194],[-0.10373,-0.234355,0.966601]],"s":0.969859,"t":[9.99294,56.6457,-38.7687],"timestamp":669640625302},false],[4,{"currentFrameRate":54.2099,"devices":[],"gestures":[],"hands":[{"armBasis":[[0.853584,-0.456307,-0.251353],[0.439598,0.889802,-0.122495],[0.27955,-0.00593461,0.960113]],"armWidth":62.1429,"confidence":0.617615,"direction":[0.205905,0.418203,-0.884709],"elbow":[67.5511,304.273,325.13],"grabStrength":0.176687,"id":994,"palmNormal":[-0.392261,-0.792995,-0.466144],"palmPosition":[-3.53305,327.812,23.7657],"palmVelocity":[-51.536,152.446,-202.804],"palmWidth":88.738,"pinchStrength":0.758753,"r":[[0.985337,0.112761,0.128049],[-0.139403,0.964771,0.223125],[-0.0983786,-0.237703,0.966343]],"s":0.974728,"sphereCenter":[-15.4545,287.692,-14.2449],"sphereRadius":49.6817,"stabilizedPalmPosition":[30.8407,308.928,25.1741],"t":[9.04613,59.4617,-42.4902],"timeVisible":21.8652,"type":"right","wrist":[-6.05934,305.836,72.3158]}],"id":4978046,"interactionBox":{"center":[0,200,0],"size":[235.247,235.247,147.751]},"pointables":[{"bases":[[[0.751782,0.612612,0.243989],[-0.62644,0.547967,0.554351],[0.205904,-0.569596,0.795716]],[[0.653712,0.756687,-0.00924963],[-0.707889,0.615784,0.345981],[0.267495,-0.219624,0.938196]],[[0.653712,0.756687,-0.00924963],[-0.756359,0.653721,0.0238818],[0.0241177,-0.00861579,0.999672]],[[0.653712,0.756687,-0.00924963],[-0.710422,0.609441,-0.35197],[-0.260694,0.236658,0.935966]]],"btipPosition":[-43.6773,313.981,-29.8973],"carpPosition":[-35.8034,308.404,70.3798],"dipPosition":[-49.6275,319.383,-8.53446],"direction":[-0.0241177,0.00861579,-0.999672],"extended":false,"handId":994,"id":9940,"length":50.8265,"mcpPosition":[-35.8034,308.404,70.3798],"pipPosition":[-48.8256,319.096,24.7064],"stabilizedTipPosition":[-22.1968,297.843,-9.55478],"timeVisible":21.8652,"tipPosition":[-44.7013,316,-24.7822],"tipVelocity":[-60.3191,139.337,-191.719],"tool":false,"touchDistance":-0.404548,"touchZone":"hovering","type":0,"width":19.7488},{"bases":[[[0.918357,-0.366512,-0.149297],[0.395703,0.856411,0.331631],[0.00631311,-0.363633,0.931521]],[[0.910062,-0.317175,-0.266809],[0.286346,0.946545,-0.148524],[0.299655,0.0587665,0.952236]],[[0.910062,-0.317175,-0.266809],[0.237847,0.926837,-0.290521],[0.339434,0.200932,0.918918]],[[0.910062,-0.317175,-0.266809],[0.202296,0.901761,-0.381974],[0.36175,0.293645,0.884821]]],"btipPosition":[-46.1599,338.405,-73.1074],"carpPosition":[-19.1227,324.406,70.0304],"dipPosition":[-40.1321,343.298,-58.3639],"direction":[-0.339434,-0.200932,-0.918918],"extended":true,"handId":994,"id":9941,"length":57.352,"mcpPosition":[-19.5756,350.496,3.19488],"pipPosition":[-32.1309,348.034,-36.7029],"stabilizedTipPosition":[-34.5293,324.251,-55.3856],"timeVisible":21.8652,"tipPosition":[-45.1572,338.29,-69.1819],"tipVelocity":[-61.8028,159.435,-206.669],"tool":false,"touchDistance":-0.402536,"touchZone":"hovering","type":1,"width":18.8641},{"bases":[[[0.829763,-0.552861,-0.0764053],[0.545308,0.773928,0.321987],[-0.118882,-0.308837,0.943656]],[[0.835833,-0.531095,-0.139002],[0.345149,0.705267,-0.61925],[0.426914,0.469613,0.772792]],[[0.835833,-0.531095,-0.139002],[0.0715169,0.356377,-0.931601],[0.544306,0.768722,0.335854]],[[0.835833,-0.531095,-0.139002],[-0.0901656,0.116955,-0.989036],[0.541529,0.839202,0.0498683]]],"btipPosition":[-44.5587,283.922,-42.4904],"carpPosition":[-7.5599,321.683,68.2722],"dipPosition":[-34.6342,299.302,-41.5764],"direction":[-0.544306,-0.768722,-0.335854],"extended":false,"handId":994,"id":9942,"length":65.348,"mcpPosition":[0.52898,342.696,4.06467],"pipPosition":[-19.5392,320.621,-32.2623],"stabilizedTipPosition":[-13.4273,263.916,-28.4238],"timeVisible":21.8652,"tipPosition":[-42.331,287.002,-41.1714],"tipVelocity":[-66.8217,128.382,-176.982],"tool":false,"touchDistance":-0.531227,"touchZone":"hovering","type":2,"width":18.527},{"bases":[[[0.75974,-0.649042,0.0392404],[0.599129,0.722211,0.345623],[-0.252663,-0.239073,0.937553]],[[0.77747,-0.627908,-0.0356546],[0.454418,0.600041,-0.658373],[0.434792,0.495664,0.751847]],[[0.77747,-0.627908,-0.0356546],[0.156834,0.248467,-0.955859],[0.609051,0.73756,0.291653]],[[0.77747,-0.627908,-0.0356546],[-0.023543,0.027595,-0.999342],[0.628479,0.777798,0.0066714]]],"btipPosition":[-28.51,274.926,-31.1476],"carpPosition":[2.90667,316.018,66.889],"dipPosition":[-17.0581,289.099,-31.026],"direction":[-0.609051,-0.73756,-0.291653],"extended":false,"handId":994,"id":9943,"length":62.8339,"mcpPosition":[18.3418,330.623,9.61423],"pipPosition":[-0.603752,309.025,-23.1466],"stabilizedTipPosition":[9.47811,255.52,-23.572],"timeVisible":21.8652,"tipPosition":[-25.9485,278.117,-30.5482],"tipVelocity":[-65.6258,128.314,-169.499],"tool":false,"touchDistance":-0.536688,"touchZone":"hovering","type":3,"width":17.6296},{"bases":[[[0.615884,-0.782698,0.0898382],[0.685312,0.588492,0.428982],[-0.388633,-0.202636,0.898834]],[[0.656885,-0.753837,-0.0152545],[0.586897,0.523907,-0.617311],[0.473344,0.396549,0.786571]],[[0.656885,-0.753837,-0.0152545],[0.243811,0.231512,-0.941785],[0.713484,0.614924,0.335871]],[[0.656885,-0.753837,-0.0152545],[0.0311586,0.0473545,-0.998392],[0.753347,0.655353,0.0545949]]],"btipPosition":[-10.6513,279.188,-19.7769],"carpPosition":[9.96771,304.149,65.5009],"dipPosition":[2.01261,290.204,-18.8591],"direction":[-0.713484,-0.614924,-0.335871],"extended":false,"handId":994,"id":9944,"length":49.2606,"mcpPosition":[31.9449,315.608,14.6717],"pipPosition":[15.6221,301.934,-12.4525],"stabilizedTipPosition":[30.5645,258.624,-11.415],"timeVisible":21.8652,"tipPosition":[-8.05722,281.434,-18.4764],"tipVelocity":[-60.878,139.216,-186.226],"tool":false,"touchDistance":-0.551475,"touchZone":"hovering","type":4,"width":15.66}],"r":[[0.985337,0.112761,0.128049],[-0.139403,0.964771,0.223125],[-0.0983786,-0.237703,0.966343]],"s":0.974728,"t":[9.04613,59.4617,-42.4902],"timestamp":669640643461},false],[5,{"currentFrameRate":54.2052,"devices":[],"gestures":[],"hands":[{"armBasis":[[0.850192,-0.464798,-0.247258],[0.451118,0.885281,-0.113003],[0.271417,-0.0154689,0.962338]],"armWidth":62.1429,"confidence":0.547326,"direction":[0.206399,0.418934,-0.884248],"elbow":[64.7819,303.121,322.046],"grabStrength":0.168023,"id":994,"palmNormal":[-0.405318,-0.785919,-0.466957],"palmPosition":[-4.14544,329.327,20.1674],"palmVelocity":[-42.6733,118.479,-198.978],"palmWidth":88.738,"pinchStrength":0.765164,"r":[[0.986174,0.110815,0.123211],[-0.136729,0.964209,0.22717],[-0.0936276,-0.240876,0.966029]],"s":0.979542,"sphereCenter":[-17.2556,290.094,-17.844],"sphereRadius":49.342,"stabilizedPalmPosition":[30.3402,309.22,25.1025],"t":[8.26653,61.6271,-46.15],"timeVisible":21.8836,"type":"right","wrist":[-6.68694,307.195,68.6459]}],"id":4978047,"interactionBox":{"center":[0,200,0],"size":[235.247,235.247,147.751]},"pointables":[{"bases":[[[0.761166,0.601692,0.24206],[-0.616012,0.553984,0.560027],[0.202866,-0.575385,0.792324]],[[0.663357,0.74823,-0.0104844],[-0.698634,0.624285,0.349541],[0.268082,-0.224546,0.936862]],[[0.663357,0.74823,-0.0104844],[-0.747801,0.66336,0.0273536],[0.0274217,-0.010305,0.999571]],[[0.663357,0.74823,-0.0104844],[-0.702407,0.617778,-0.353518],[-0.258035,0.241873,0.935369]]],"btipPosition":[-44.4781,315.916,-33.3056],"carpPosition":[-36.4049,310.163,66.8895],"dipPosition":[-50.3676,321.437,-11.9564],"direction":[-0.0274217,0.010305,-0.999571],"extended":false,"handId":994,"id":9940,"length":50.8265,"mcpPosition":[-36.4049,310.163,66.8895],"pipPosition":[-49.4558,321.094,21.281],"stabilizedTipPosition":[-22.9982,298.499,-10.1936],"timeVisible":21.8836,"tipPosition":[-45.6044,318.001,-28.2057],"tipVelocity":[-51.7759,123.387,-188.359],"tool":false,"touchDistance":-0.443599,"touchZone":"hovering","type":0,"width":19.7488},{"bases":[[[0.912583,-0.377986,-0.155947],[0.408836,0.849813,0.332672],[0.00678112,-0.367347,0.930059]],[[0.904218,-0.32789,-0.273638],[0.299349,0.943594,-0.141495],[0.304597,0.0460289,0.951368]],[[0.904218,-0.32789,-0.273638],[0.251608,0.92673,-0.279042],[0.345083,0.183466,0.920466]],[[0.904218,-0.32789,-0.273638],[0.216524,0.904249,-0.368038],[0.368112,0.273537,0.888634]]],"btipPosition":[-47.0339,341.49,-76.5898],"carpPosition":[-19.5169,325.944,66.5067],"dipPosition":[-40.9001,346.048,-61.7827],"direction":[-0.345083,-0.183466,-0.920466],"extended":true,"handId":994,"id":9941,"length":57.352,"mcpPosition":[-20.0034,352.301,-0.223864],"pipPosition":[-32.7658,350.373,-40.0853],"stabilizedTipPosition":[-35.8925,326.498,-57.5727],"timeVisible":21.8836,"tipPosition":[-46.0193,341.237,-72.6521],"tipVelocity":[-54.1854,161.117,-197.568],"tool":false,"touchDistance":-0.442633,"touchZone":"hovering","type":1,"width":18.8641},{"bases":[[[0.821951,-0.563437,-0.0832715],[0.557283,0.765405,0.321856],[-0.117609,-0.310956,0.943119]],[[0.828036,-0.541048,-0.14705],[0.348384,0.701997,-0.621151],[0.439301,0.463106,0.769771]],[[0.828036,-0.541048,-0.14705],[0.0686649,0.358156,-0.931133],[0.556455,0.760914,0.333717]],[[0.828036,-0.541048,-0.14705],[-0.0956951,0.122044,-0.987901],[0.552449,0.832089,0.049281]]],"btipPosition":[-46.2059,286.113,-45.8419],"carpPosition":[-8.00113,323.076,64.6721],"dipPosition":[-36.0812,301.362,-44.9387],"direction":[-0.556455,-0.760914,-0.333717],"extended":false,"handId":994,"id":9942,"length":65.348,"mcpPosition":[0.00116972,344.234,0.501105],"pipPosition":[-20.6493,322.464,-35.6839],"stabilizedTipPosition":[-14.657,264.954,-29.1189],"timeVisible":21.8836,"tipPosition":[-43.8929,289.242,-44.6761],"tipVelocity":[-76.4169,122.886,-179.229],"tool":false,"touchDistance":-0.556747,"touchZone":"hovering","type":2,"width":18.527},{"bases":[[[0.751321,-0.659142,0.0323995],[0.61055,0.712891,0.344985],[-0.250491,-0.239413,0.938049]],[[0.768338,-0.63881,-0.0397309],[0.455425,0.589274,-0.667342],[0.449717,0.494649,0.743691]],[[0.768338,-0.63881,-0.0397309],[0.149983,0.240046,-0.959105],[0.622223,0.730958,0.280247]],[[0.768338,-0.63881,-0.0397309],[-0.032724,0.0227864,-0.999205],[0.639207,0.769027,-0.00339677]]],"btipPosition":[-30.3692,276.591,-34.0125],"carpPosition":[2.3818,317.279,63.2074],"dipPosition":[-18.7219,290.604,-34.0744],"direction":[-0.622223,-0.730958,-0.280247],"extended":false,"handId":994,"id":9943,"length":62.8339,"mcpPosition":[17.6842,331.905,5.9023],"pipPosition":[-1.91164,310.351,-26.5031],"stabilizedTipPosition":[8.28068,256.303,-23.9088],"timeVisible":21.8836,"tipPosition":[-27.6643,279.907,-33.7971],"tipVelocity":[-81.3671,108.939,-163.682],"tool":false,"touchDistance":-0.55496,"touchZone":"hovering","type":3,"width":17.6296},{"bases":[[[0.606002,-0.79109,0.0833008],[0.69543,0.577721,0.427335],[-0.386185,-0.201036,0.900248]],[[0.646306,-0.762802,-0.020531],[0.588881,0.515696,-0.622316],[0.485292,0.390116,0.782497]],[[0.646306,-0.762802,-0.020531],[0.239868,0.228629,-0.9435],[0.724398,0.604865,0.330736]],[[0.646306,-0.762802,-0.020531],[0.0251907,0.0482188,-0.998519],[0.762663,0.644831,0.0503796]]],"btipPosition":[-12.2566,280.863,-23.3152],"carpPosition":[9.27768,305.324,61.7332],"dipPosition":[0.563939,291.702,-22.4683],"direction":[-0.724398,-0.604865,-0.330736],"extended":false,"handId":994,"id":9944,"length":49.2606,"mcpPosition":[31.1165,316.693,10.8241],"pipPosition":[14.3816,303.24,-16.1596],"stabilizedTipPosition":[29.6957,259.162,-11.67],"timeVisible":21.8836,"tipPosition":[-9.56172,283.134,-22.1814],"tipVelocity":[-72.5077,114.755,-189.255],"tool":false,"touchDistance":-0.57798,"touchZone":"hovering","type":4,"width":15.66}],"r":[[0.986174,0.110815,0.123211],[-0.136729,0.964209,0.22717],[-0.0936276,-0.240876,0.966029]],"s":0.979542,"t":[8.26653,61.6271,-46.15],"timestamp":669640661926},false],[6,{"currentFrameRate":54.2084,"devices":[],"gestures":[],"hands":[{"armBasis":[[0.854715,-0.462582,-0.235542],[0.445328,0.886574,-0.12518],[0.266732,0.00210007,0.963768]],"armWidth":62.1429,"confidence":0.565993,"direction":[0.199354,0.420778,-0.884988],"elbow":[63.4838,308.219,318.808],"grabStrength":0.157225,"id":994,"palmNormal":[-0.403958,-0.787522,-0.465433],"palmPosition":[-4.59179,329.856,16.5597],"palmVelocity":[-33.7764,75.2047,-197.391],"palmWidth":88.738,"pinchStrength":0.770418,"r":[[0.986845,0.110241,0.118253],[-0.135289,0.963567,0.230728],[-0.0885094,-0.243691,0.965806]],"s":0.985305,"sphereCenter":[-18.2278,291.352,-21.2942],"sphereRadius":48.887,"stabilizedPalmPosition":[30.0058,309.418,25.0207],"t":[7.65356,62.9741,-49.7838],"timeVisible":21.9021,"type":"right","wrist":[-6.75146,307.666,65.0307]}],"id":4978048,"interactionBox":{"center":[0,200,0],"size":[235.247,235.247,147.751]},"pointables":[{"bases":[[[0.759468,0.605295,0.238382],[-0.615658,0.550361,0.563974],[0.210175,-0.575082,0.790637]],[[0.659499,0.751584,-0.0135066],[-0.700535,0.621021,0.351544],[0.272603,-0.222381,0.936074]],[[0.659499,0.751584,-0.0135066],[-0.751082,0.659577,0.0288965],[0.0306268,-0.00891268,0.999491]],[[0.659499,0.751584,-0.0135066],[-0.705177,0.612354,-0.35742],[-0.260361,0.245243,0.933846]]],"btipPosition":[-44.8401,316.011,-36.6765],"carpPosition":[-36.4934,310.486,63.4428],"dipPosition":[-50.7826,321.609,-15.3621],"direction":[-0.0306268,0.00891268,-0.999491],"extended":false,"handId":994,"id":9940,"length":50.8265,"mcpPosition":[-36.4934,310.486,63.4428],"pipPosition":[-49.7643,321.312,17.8727],"stabilizedTipPosition":[-23.4807,298.89,-10.6423],"timeVisible":21.9021,"tipPosition":[-46.1062,318.135,-31.6014],"tipVelocity":[-36.6064,66.8754,-185.91],"tool":false,"touchDistance":-0.478256,"touchZone":"hovering","type":0,"width":19.7488},{"bases":[[[0.913589,-0.373242,-0.161388],[0.406404,0.851556,0.331191],[0.0138168,-0.368161,0.929659]],[[0.90423,-0.322809,-0.279577],[0.295521,0.945603,-0.136026],[0.308279,0.0403778,0.950439]],[[0.90423,-0.322809,-0.279577],[0.249328,0.930575,-0.268078],[0.346705,0.172698,0.921939]],[[0.90423,-0.322809,-0.279577],[0.215468,0.910105,-0.353954],[0.368703,0.259816,0.892498]]],"btipPosition":[-47.9114,342.676,-80.1472],"carpPosition":[-19.6873,326.353,62.9808],"dipPosition":[-41.7678,347.006,-65.2757],"direction":[-0.346705,-0.172698,-0.921939],"extended":true,"handId":994,"id":9941,"length":57.352,"mcpPosition":[-20.6786,352.768,-3.7211],"pipPosition":[-33.5952,351.077,-43.5436],"stabilizedTipPosition":[-36.8399,328.033,-59.2837],"timeVisible":21.9021,"tipPosition":[-46.8877,342.28,-76.1887],"tipVelocity":[-50.9522,113.114,-194.96],"tool":false,"touchDistance":-0.479842,"touchZone":"hovering","type":1,"width":18.8641},{"bases":[[[0.824298,-0.559214,-0.0883832],[0.555211,0.767907,0.319468],[-0.110781,-0.312408,0.943466]],[[0.830001,-0.536176,-0.153671],[0.336211,0.700782,-0.62918],[0.445041,0.470554,0.761917]],[[0.830001,-0.536176,-0.153671],[0.0560416,0.354287,-0.933456],[0.55494,0.766157,0.324106]],[[0.830001,-0.536176,-0.153671],[-0.106234,0.118502,-0.987255],[0.547552,0.835747,0.0413966]]],"btipPosition":[-46.9751,286.118,-48.678],"carpPosition":[-8.16768,323.545,61.0794],"dipPosition":[-36.9402,301.434,-47.9193],"direction":[-0.55494,-0.766157,-0.324106],"extended":false,"handId":994,"id":9942,"length":65.348,"mcpPosition":[-0.629989,344.801,-3.11525],"pipPosition":[-21.5502,322.682,-38.931],"stabilizedTipPosition":[-15.5081,265.654,-29.6686],"timeVisible":21.9021,"tipPosition":[-44.603,289.443,-47.8557],"tipVelocity":[-60.2379,64.1985,-167.862],"tool":false,"touchDistance":-0.572446,"touchZone":"hovering","type":2,"width":18.527},{"bases":[[[0.754796,-0.655379,0.0275892],[0.608871,0.715641,0.34225],[-0.244047,-0.241531,0.939204]],[[0.770651,-0.635917,-0.0413116],[0.442733,0.580909,-0.683031],[0.458349,0.508089,0.72922]],[[0.770651,-0.635917,-0.0413116],[0.134143,0.225255,-0.965021],[0.622979,0.738153,0.258897]],[[0.770651,-0.635917,-0.0413116],[-0.0466927,0.0083051,-0.998875],[0.635544,0.771713,-0.0232924]]],"btipPosition":[-31.2385,276.413,-36.1692],"carpPosition":[2.23595,317.802,59.5513],"dipPosition":[-19.6579,290.475,-36.5937],"direction":[-0.622979,-0.738153,-0.258897],"extended":false,"handId":994,"id":9943,"length":62.8339,"mcpPosition":[17.1447,332.557,2.17566],"pipPosition":[-2.82729,310.417,-29.5992],"stabilizedTipPosition":[7.37576,256.876,-24.2122],"timeVisible":21.9021,"tipPosition":[-28.4146,279.961,-36.5056],"tipVelocity":[-65.281,52.1036,-143.358],"tool":false,"touchDistance":-0.561399,"touchZone":"hovering","type":3,"width":17.6296},{"bases":[[[0.610429,-0.788104,0.079175],[0.694888,0.580824,0.423998],[-0.380141,-0.203803,0.902196]],[[0.649527,-0.759977,-0.0234326],[0.579424,0.514699,-0.631944],[0.492323,0.396887,0.77466]],[[0.649527,-0.759977,-0.0234326],[0.228861,0.224804,-0.947146],[0.725077,0.609834,0.319946]],[[0.649527,-0.759977,-0.0234326],[0.0157973,0.0443006,-0.998893],[0.760174,0.648438,0.04078]]],"btipPosition":[-12.9061,281.189,-26.4937],"carpPosition":[9.18356,305.883,58.0274],"dipPosition":[-0.127395,292.089,-25.8082],"direction":[-0.725077,-0.609834,-0.319946],"extended":false,"handId":994,"id":9944,"length":49.2606,"mcpPosition":[30.6806,317.408,7.00814],"pipPosition":[13.7032,303.721,-19.7053],"stabilizedTipPosition":[29.0828,259.