{"sensorType":"Leap","data":[[0,{"currentFrameRate":51.5474,"devices":[],"gestures":[],"hands":[{"armBasis":[[0.883846,-0.440571,-0.157204],[0.423905,0.896464,-0.129059],[0.197787,0.0474289,0.979097]],"armWidth":62.1429,"confidence":0.662443,"direction":[0.0761371,0.382587,-0.920777],"elbow":[42.5259,322.591,348.712],"grabStrength":0,"id":991,"palmNormal":[-0.444308,-0.813691,-0.374831],"palmPosition":[-14.0531,330.075,41.6309],"palmVelocity":[-5.89212,102.565,-163.744],"palmWidth":88.738,"pinchStrength":0.716967,"r":[[0.990653,-0.136158,0.00816549],[0.13193,0.971654,0.196172],[-0.0346444,-0.193261,0.980536]],"s":0.850952,"sphereCenter":[-30.2052,297.589,9.22721],"sphereRadius":44.9597,"stabilizedPalmPosition":[12.3735,303.447,59.2362],"t":[10.5518,24.2736,-151.193],"timeVisible":5.39955,"type":"right","wrist":[-9.55492,310.102,90.8983]}],"id":4975697,"interactionBox":{"center":[0,200,0],"size":[235.247,235.247,147.751]},"pointables":[{"bases":[[[0.771451,0.626334,0.112113],[-0.549399,0.566799,0.613921],[0.320975,-0.535205,0.781365]],[[0.703278,0.710419,-0.0265261],[-0.599243,0.61247,0.515547],[0.382501,-0.346677,0.856451]],[[0.703278,0.710419,-0.0265261],[-0.710914,0.70276,-0.0270024],[-0.000541534,0.037848,0.999283]],[[0.703278,0.710419,-0.0265261],[-0.467339,0.43388,-0.770287],[-0.535718,0.554123,0.637145]]],"btipPosition":[-45.6817,315.393,3.56266],"carpPosition":[-39.3062,312.422,93.0269],"dipPosition":[-57.9092,328.041,18.1051],"direction":[0.000541534,-0.037848,-0.999283],"extended":false,"handId":991,"id":9910,"length":50.8265,"mcpPosition":[-39.3062,312.422,93.0269],"pipPosition":[-57.9272,329.299,51.333],"stabilizedTipPosition":[-25.4495,287.205,35.1511],"timeVisible":5.39955,"tipPosition":[-47.7941,317.754,7.5181],"tipVelocity":[-16.5578,134.514,-178.627],"tool":false,"touchDistance":-0.717944,"touchZone":"hovering","type":0,"width":19.7488},{"bases":[[[0.892745,-0.367197,-0.261101],[0.428293,0.871536,0.238725],[0.1399,-0.324948,0.935327]],[[0.90278,-0.401165,-0.155094],[0.393002,0.915919,-0.081503],[0.174749,0.0126272,0.984532]],[[0.90278,-0.401165,-0.155094],[0.35373,0.897654,-0.262854],[0.244668,0.182438,0.952289]],[[0.90278,-0.401165,-0.155094],[0.317962,0.865328,-0.387438],[0.289633,0.300457,0.908756]]],"btipPosition":[-50.9707,341.968,-56.2334],"carpPosition":[-23.0178,328.489,89.716],"dipPosition":[-46.1446,346.974,-41.0911],"direction":[-0.244668,-0.182438,-0.952289],"extended":true,"handId":991,"id":9911,"length":57.352,"mcpPosition":[-33.0554,351.804,22.6074],"pipPosition":[-40.3772,351.275,-18.6436],"stabilizedTipPosition":[-44.6813,314.271,-26.8816],"timeVisible":5.39955,"tipPosition":[-50.1815,342.131,-52.157],"tipVelocity":[-0.541327,187.252,-166.969],"tool":false,"touchDistance":-0.681577,"touchZone":"hovering","type":1,"width":18.8641},{"bases":[[[0.817256,-0.550882,-0.16918],[0.576024,0.789564,0.211623],[0.0169989,-0.270402,0.962597]],[[0.81743,-0.555744,-0.151512],[0.184733,0.502056,-0.844875],[0.545602,0.662637,0.51306]],[[0.81743,-0.555744,-0.151512],[-0.50466,-0.564123,-0.653517],[0.277717,0.610666,-0.741593]],[[0.81743,-0.555744,-0.151512],[-0.56844,-0.82081,-0.0560989],[-0.0931863,0.131983,-0.986862]]],"btipPosition":[-44.5798,293.656,35.5117],"carpPosition":[-11.7819,325.76,86.4733],"dipPosition":[-46.2877,296.075,17.4256],"direction":[-0.277717,-0.610666,0.741593],"extended":false,"handId":991,"id":9912,"length":65.348,"mcpPosition":[-12.9385,344.159,20.9769],"pipPosition":[-38.5859,313.01,-3.14072],"stabilizedTipPosition":[-14.4032,265.094,53.7603],"timeVisible":5.39955,"tipPosition":[-44.6912,294.288,32.4889],"tipVelocity":[-0.70704,102.449,-187.603],"tool":false,"touchDistance":0.333333,"touchZone":"none","type":2,"width":18.527},{"bases":[[[0.765086,-0.642612,-0.04115],[0.63319,0.739167,0.229573],[-0.11711,-0.201699,0.972421]],[[0.765582,-0.64174,-0.0453256],[0.291943,0.409334,-0.864416],[0.573284,0.648549,0.50073]],[[0.765582,-0.64174,-0.0453256],[-0.513098,-0.566576,-0.644765],[0.388091,0.516877,-0.763036]],[[0.765582,-0.64174,-0.0453256],[-0.643332,-0.764,-0.0492804],[-0.00300356,0.0668876,-0.997756]]],"btipPosition":[-29.8022,288.981,41.4435],"carpPosition":[-1.54617,320.102,83.8719],"dipPosition":[-29.8569,290.2,23.2628],"direction":[-0.388091,-0.516877,0.763036],"extended":false,"handId":991,"id":9913,"length":62.8339,"mcpPosition":[5.60802,332.424,24.467],"pipPosition":[-19.3721,304.164,2.64834],"stabilizedTipPosition":[-1.47112,261.646,70.4317],"timeVisible":5.39955,"tipPosition":[-29.5281,289.492,38.6389],"tipVelocity":[-5.41498,96.5887,-230.75],"tool":false,"touchDistance":0.333333,"touchZone":"none","type":3,"width":17.6296},{"bases":[[[0.631181,-0.774877,0.0343112],[0.73163,0.609476,0.305381],[-0.257544,-0.167647,0.951612]],[[0.610576,-0.785091,0.10406],[0.45259,0.238084,-0.859348],[0.649891,0.571794,0.500693]],[[0.610576,-0.785091,0.10406],[-0.560778,-0.521377,-0.643191],[0.559218,0.334362,-0.758602]],[[0.610576,-0.785091,0.10406],[-0.7819,-0.61847,-0.0782779],[0.125813,-0.03357,-0.991486]]],"btipPosition":[-15.242,292.175,42.046],"carpPosition":[5.38662,308.226,81.9885],"dipPosition":[-13.127,291.611,25.3789],"direction":[-0.559218,-0.334362,0.758602],"extended":false,"handId":991,"id":9914,"length":49.2606,"mcpPosition":[19.9508,317.707,28.1747],"pipPosition":[-2.46011,297.989,10.9088],"stabilizedTipPosition":[16.4489,265.79,63.2109],"timeVisible":5.39955,"tipPosition":[-14.6422,292.106,38.663],"tipVelocity":[0.371519,101.999,-195.907],"tool":false,"touchDistance":0.333333,"touchZone":"none","type":4,"width":15.66}],"r":[[0.990653,-0.136158,0.00816549],[0.13193,0.971654,0.196172],[-0.0346444,-0.193261,0.980536]],"s":0.850952,"t":[10.5518,24.2736,-151.193],"timestamp":669596673337},false],[1,{"currentFrameRate":51.8005,"devices":[],"gestures":[],"hands":[{"armBasis":[[0.879557,-0.446168,-0.165269],[0.428072,0.893687,-0.134451],[0.207687,0.0475104,0.977041]],"armWidth":62.1429,"confidence":0.673165,"direction":[0.078528,0.384828,-0.919642],"elbow":[44.8965,324.58,345.046],"grabStrength":0,"id":991,"palmNormal":[-0.449204,-0.809874,-0.377253],"palmPosition":[-14.1642,332.215,38.5652],"palmVelocity":[-5.96778,109.254,-165.246],"palmWidth":88.738,"pinchStrength":0.721435,"r":[[0.990065,-0.140553,0.00396189],[0.136737,0.96899,0.205821],[-0.0327677,-0.203234,0.978582]],"s":0.852632,"sphereCenter":[-30.5074,299.884,5.96325],"sphereRadius":45.0409,"stabilizedPalmPosition":[12.2112,303.623,59.1097],"t":[10.4414,26.2866,-154.227],"timeVisible":5.41792,"type":"right","wrist":[-9.79113,312.07,87.7739]}],"id":4975698,"interactionBox":{"center":[0,200,0],"size":[235.247,235.247,147.751]},"pointables":[{"bases":[[[0.775226,0.621312,0.114004],[-0.546,0.56831,0.615555],[0.317662,-0.53944,0.779805]],[[0.70784,0.705968,-0.0239261],[-0.595998,0.615074,0.516207],[0.379142,-0.351132,0.856129]],[[0.70784,0.705968,-0.0239261],[-0.706372,0.707493,-0.0221876],[0.00126385,0.032606,0.999467]],[[0.70784,0.705968,-0.0239261],[-0.469708,0.445115,-0.762396],[-0.527577,0.550892,0.646669]]],"btipPosition":[-45.9858,318,0.235369],"carpPosition":[-39.528,314.564,89.9074],"dipPosition":[-58.0274,330.574,14.9952],"direction":[-0.00126385,-0.032606,-0.999467],"extended":false,"handId":991,"id":9910,"length":50.8265,"mcpPosition":[-39.528,314.564,89.9074],"pipPosition":[-57.9854,331.658,48.2292],"stabilizedTipPosition":[-26.2278,288.33,34.0984],"timeVisible":5.41792,"tipPosition":[-48.0826,320.331,4.26244],"tipVelocity":[-15.437,137.624,-178.511],"tool":false,"touchDistance":-0.723642,"touchZone":"hovering","type":0,"width":19.7488},{"bases":[[[0.890522,-0.371833,-0.262127],[0.433551,0.868216,0.241317],[0.137853,-0.328543,0.934374]],[[0.900323,-0.40602,-0.156736],[0.399287,0.913856,-0.0737304],[0.17317,0.00379836,0.984885]],[[0.900323,-0.40602,-0.156736],[0.36246,0.898843,-0.246381],[0.240917,0.165012,0.956415]],[[0.900323,-0.40602,-0.156736],[0.328963,0.870642,-0.365741],[0.284959,0.277724,0.917424]]],"btipPosition":[-50.7158,345.438,-59.4927],"carpPosition":[-23.1421,330.542,86.6449],"dipPosition":[-45.9676,350.065,-44.2059],"direction":[-0.240917,-0.165012,-0.956415],"extended":true,"handId":991,"id":9911,"length":57.352,"mcpPosition":[-33.0329,354.114,19.6047],"pipPosition":[-40.2886,353.955,-21.6611],"stabilizedTipPosition":[-45.4667,319.393,-31.5052],"timeVisible":5.41792,"tipPosition":[-49.9957,345.386,-55.3841],"tipVelocity":[5.92062,185.758,-171.116],"tool":false,"touchDistance":-0.690144,"touchZone":"hovering","type":1,"width":18.8641},{"bases":[[[0.813914,-0.555327,-0.170752],[0.580784,0.78543,0.213983],[0.0152832,-0.273333,0.961798]],[[0.814057,-0.560353,-0.152693],[0.193358,0.509397,-0.838527],[0.547652,0.653085,0.523027]],[[0.814057,-0.560353,-0.152693],[-0.505136,-0.553373,-0.662281],[0.286615,0.616266,-0.733531]],[[0.814057,-0.560353,-0.152693],[-0.574013,-0.816291,-0.0646306],[-0.0884263,0.140261,-0.986158]]],"btipPosition":[-45.0344,295.992,31.7827],"carpPosition":[-11.9227,327.755,83.3948],"dipPosition":[-46.655,298.562,13.7094],"direction":[-0.286615,-0.616266,0.733531],"extended":false,"handId":991,"id":9912,"length":65.348,"mcpPosition":[-12.9626,346.353,17.9529],"pipPosition":[-38.7064,315.653,-6.6333],"stabilizedTipPosition":[-14.6238,265.318,53.5743],"timeVisible":5.41792,"tipPosition":[-45.11,296.648,28.8468],"tipVelocity":[-11.7349,115.229,-194.915],"tool":false,"touchDistance":0.333333,"touchZone":"none","type":2,"width":18.527},{"bases":[[[0.761178,-0.647116,-0.0429958],[0.637642,0.734634,0.231787],[-0.118407,-0.203847,0.971816]],[[0.761621,-0.646339,-0.0466747],[0.301203,0.416858,-0.857617],[0.573768,0.639121,0.512167]],[[0.761621,-0.646339,-0.0466747],[-0.512062,-0.556122,-0.654615],[0.397147,0.522469,-0.75452]],[[0.761621,-0.646339,-0.0466747],[-0.648019,-0.759401,-0.0581501],[0.00213992,0.0745344,-0.997216]]],"btipPosition":[-30.2576,291.173,37.6477],"carpPosition":[-1.72133,322.042,80.7775],"dipPosition":[-30.2186,292.531,19.4769],"direction":[-0.397147,-0.522469,0.75452],"extended":false,"handId":991,"id":9913,"length":62.8339,"mcpPosition":[5.51211,334.495,21.4095],"pipPosition":[-19.4891,306.646,-0.907518],"stabilizedTipPosition":[-1.55221,261.73,70.3276],"timeVisible":5.41792,"tipPosition":[-29.963,291.697,34.8927],"tipVelocity":[-14.1629,108.341,-219.084],"tool":false,"touchDistance":0.333333,"touchZone":"none","type":3,"width":17.6296},{"bases":[[[0.626468,-0.778787,0.0320673],[0.735288,0.604126,0.307219],[-0.258631,-0.168884,0.951098]],[[0.605891,-0.789047,0.101489],[0.457909,0.241575,-0.855547],[0.65055,0.564841,0.50768]],[[0.605891,-0.789047,0.101489],[-0.560334,-0.513824,-0.649624],[0.564732,0.336734,-0.753451]],[[0.605891,-0.789047,0.101489],[-0.785035,-0.61367,-0.0844343],[0.128904,-0.0285148,-0.991247]]],"btipPosition":[-15.6075,294.259,38.6028],"carpPosition":[5.13946,310.13,78.8594],"dipPosition":[-13.4406,293.779,21.9397],"direction":[-0.564732,-0.336734,0.753451],"extended":false,"handId":991,"id":9914,"length":49.2606,"mcpPosition":[19.7651,319.68,25.0747],"pipPosition":[-2.66853,300.202,7.56786],"stabilizedTipPosition":[16.3299,265.897,63.1037],"timeVisible":5.41792,"tipPosition":[-14.9969,294.224,35.2848],"tipVelocity":[-9.05889,107.987,-191.802],"tool":false,"touchDistance":0.333333,"touchZone":"none","type":4,"width":15.66}],"r":[[0.990065,-0.140553,0.00396189],[0.136737,0.96899,0.205821],[-0.0327677,-0.203234,0.978582]],"s":0.852632,"t":[10.4414,26.2866,-154.227],"timestamp":669596691709},false],[2,{"currentFrameRate":51.8639,"devices":[],"gestures":[],"hands":[{"armBasis":[[0.876735,-0.455337,-0.154932],[0.44133,0.889654,-0.117231],[0.191215,0.0344045,0.980945]],"armWidth":62.1429,"confidence":0.678185,"direction":[0.0751231,0.381887,-0.921151],"elbow":[40.8311,323.588,342.844],"grabStrength":0,"id":991,"palmNormal":[-0.46215,-0.805228,-0.371518],"palmPosition":[-14.0789,334.62,35.3303],"palmVelocity":[-0.816136,117.617,-167.506],"palmWidth":88.738,"pinchStrength":0.708023,"r":[[0.989224,-0.146408,-0.00109207],[0.143284,0.966525,0.212835],[-0.0301053,-0.210698,0.977088]],"s":0.854963,"sphereCenter":[-30.9413,302.092,2.72651],"sphereRadius":45.3008,"stabilizedPalmPosition":[11.9993,303.873,58.9181],"t":[10.4289,28.4952,-157.362],"timeVisible":5.43697,"type":"right","wrist":[-9.5192,314.528,84.5443]}],"id":4975699,"interactionBox":{"center":[0,200,0],"size":[235.247,235.247,147.751]},"pointables":[{"bases":[[[0.783582,0.612201,0.105872],[-0.533766,0.576142,0.618995],[0.317952,-0.541544,0.778227]],[[0.717904,0.695564,-0.0283546],[-0.582213,0.622244,0.523298],[0.381631,-0.35917,0.851678]],[[0.717904,0.695564,-0.0283546],[-0.695853,0.718184,-0.00044086],[0.0200572,0.0200471,0.999598]],[[0.717904,0.695564,-0.0283546],[-0.489543,0.475469,-0.730943],[-0.494936,0.538628,0.681849]]],"btipPosition":[-47.1532,321.909,-3.33233],"carpPosition":[-39.2043,317.384,86.9303],"dipPosition":[-58.4498,334.203,12.2304],"direction":[-0.0200572,-0.0200471,-0.999598],"extended":false,"handId":991,"id":9910,"length":50.8265,"mcpPosition":[-39.2043,317.384,86.9303],"pipPosition":[-57.7829,334.869,45.4688],"stabilizedTipPosition":[-27.3023,289.993,32.5522],"timeVisible":5.43697,"tipPosition":[-48.9712,323.906,0.967952],"tipVelocity":[-33.6089,169.28,-178.064],"tool":false,"touchDistance":-0.730357,"touchZone":"hovering","type":0,"width":19.7488},{"bases":[[[0.883684,-0.38306,-0.269014],[0.446014,0.863462,0.235593],[0.142037,-0.328173,0.933878]],[[0.893971,-0.416999,-0.164099],[0.410044,0.908907,-0.0758448],[0.180777,0.000515405,0.983524]],[[0.893971,-0.416999,-0.164099],[0.373442,0.89565,-0.241561],[0.247706,0.154667,0.95641]],[[0.893971,-0.416999,-0.164099],[0.340413,0.870074,-0.356497],[0.291437,0.262837,0.919773]]],"btipPosition":[-51.1176,348.656,-62.5942],"carpPosition":[-22.6571,333.157,83.4897],"dipPosition":[-46.2615,353.035,-47.2683],"direction":[-0.247706,-0.154667,-0.95641],"extended":true,"handId":991,"id":9911,"length":57.352,"mcpPosition":[-32.8481,356.703,16.4852],"pipPosition":[-40.4225,356.681,-24.7236],"stabilizedTipPosition":[-46.2278,324.474,-36.1321],"timeVisible":5.43697,"tipPosition":[-50.4009,348.495,-58.4852],"tipVelocity":[-6.75941,175.988,-166.795],"tool":false,"touchDistance":-0.69585,"touchZone":"hovering","type":1,"width":18.8641},{"bases":[[[0.80568,-0.565424,-0.176565],[0.592001,0.778856,0.207167],[0.0203816,-0.271437,0.96224]],[[0.805923,-0.570531,-0.158061],[0.200953,0.514762,-0.833449],[0.556872,0.639933,0.529508]],[[0.805923,-0.570531,-0.158061],[-0.512826,-0.539376,-0.667894],[0.2958,0.619329,-0.727278]],[[0.805923,-0.570531,-0.158061],[-0.585269,-0.808018,-0.0675809],[-0.0891589,0.146973,-0.985114]]],"btipPosition":[-45.6339,298.746,28.0092],"carpPosition":[-11.5007,330.228,80.1486],"dipPosition":[-47.2679,301.44,9.95508],"direction":[-0.2958,-0.619329,0.727278],"extended":false,"handId":991,"id":9912,"length":65.348,"mcpPosition":[-12.8875,348.697,14.6766],"pipPosition":[-39.0646,318.616,-10.2142],"stabilizedTipPosition":[-14.912,265.63,53.3014],"timeVisible":5.43697,"tipPosition":[-45.675,299.425,25.2174],"tipVelocity":[-21.5486,130.455,-196.373],"tool":false,"touchDistance":0.333333,"touchZone":"none","type":2,"width":18.527},{"bases":[[[0.752962,-0.6563,-0.0481504],[0.648398,0.727419,0.224591],[-0.112374,-0.200329,0.973263]],[[0.753375,-0.65555,-0.0517711],[0.308957,0.422358,-0.85215],[0.580493,0.625994,0.520731]],[[0.753375,-0.65555,-0.0517711],[-0.517313,-0.542221,-0.662105],[0.405972,0.525595,-0.747621]],[[0.753375,-0.65555,-0.0517711],[-0.657589,-0.750824,-0.0619783],[0.00175896,0.080737,-0.996734]]],"btipPosition":[-30.821,293.678,33.6692],"carpPosition":[-1.39167,324.388,77.4556],"dipPosition":[-30.7889,295.15,15.5071],"direction":[-0.405972,-0.525595,0.747621],"extended":false,"handId":991,"id":9913,"length":62.8339,"mcpPosition":[5.4732,336.626,17.9993],"pipPosition":[-19.8211,309.349,-4.69089],"stabilizedTipPosition":[-1.66015,261.849,70.1769],"timeVisible":5.43697,"tipPosition":[-30.5029,294.232,31.0466],"tipVelocity":[-21.8049,120.45,-213.996],"tool":false,"touchDistance":0.333333,"touchZone":"none","type":3,"width":17.6296},{"bases":[[[0.617342,-0.786183,0.0283751],[0.745125,0.59591,0.299465],[-0.252344,-0.163729,0.953685]],[[0.597264,-0.796041,0.0979482],[0.458937,0.239048,-0.855706],[0.657763,0.556035,0.508107]],[[0.597264,-0.796041,0.0979482],[-0.56718,-0.505551,-0.650173],[0.567083,0.332771,-0.753446]],[[0.597264,-0.796041,0.0979482],[-0.792342,-0.604561,-0.0818561],[0.124376,-0.0287188,-0.991819]]],"btipPosition":[-16.0112,296.61,35.0967],"carpPosition":[5.30885,312.39,75.5049],"dipPosition":[-13.9204,296.127,18.4241],"direction":[-0.567083,-0.332771,0.753446],"extended":false,"handId":991,"id":9914,"length":49.2606,"mcpPosition":[19.5789,321.649,21.5739],"pipPosition":[-3.10344,302.475,4.05229],"stabilizedTipPosition":[16.1728,266.048,62.9467],"timeVisible":5.43697,"tipPosition":[-15.412,296.593,31.8653],"tipVelocity":[-15.4942,115.591,-188.044],"tool":false,"touchDistance":0.333333,"touchZone":"none","type":4,"width":15.66}],"r":[[0.989224,-0.146408,-0.00109207],[0.143284,0.966525,0.212835],[-0.0301053,-0.210698,0.977088]],"s":0.854963,"t":[10.4289,28.4952,-157.362],"timestamp":669596710757},false],[3,{"currentFrameRate":52.1466,"devices":[],"gestures":[],"hands":[{"armBasis":[[0.877551,-0.456769,-0.145828],[0.444307,0.888993,-0.110827],[0.180263,0.0324643,0.983083]],"armWidth":62.1429,"confidence":0.698862,"direction":[0.0715754,0.37714,-0.923386],"elbow":[38.4651,324.829,341.582],"grabStrength":0,"id":991,"palmNormal":[-0.46514,-0.806315,-0.365379],"palmPosition":[-13.7509,336.132,33.4261],"palmVelocity":[8.18568,101.308,-137.712],"palmWidth":88.738,"pinchStrength":0.680662,"r":[[0.988457,-0.151387,-0.005916],[0.149042,0.964656,0.217312],[-0.0271913,-0.215685,0.976084]],"s":0.858806,"sphereCenter":[-30.5623,303.036,0.807514],"sphereRadius":45.6649,"stabilizedPalmPosition":[11.76,304.173,58.6812],"t":[10.5866,30.3558,-159.881],"timeVisible":5.45511,"type":"right","wrist":[-9.00128,316.28,82.7192]}],"id":4975700,"interactionBox":{"center":[0,200,0],"size":[235.247,235.247,147.751]},"pointables":[{"bases":[[[0.785051,0.611427,0.0992558],[-0.530017,0.58012,0.6185],[0.320588,-0.538162,0.779491]],[[0.721318,0.691916,-0.0308539],[-0.575624,0.623668,0.528862],[0.385171,-0.363718,0.848147]],[[0.721318,0.691916,-0.0308539],[-0.6915,0.721968,0.0242826],[0.0390771,0.00382002,0.999229]],[[0.721318,0.691916,-0.0308539],[-0.515697,0.506807,-0.690799],[-0.462338,0.514198,0.722388]]],"btipPosition":[-48.1683,325.041,-5.77875],"carpPosition":[-38.6706,319.197,85.225],"dipPosition":[-58.7209,336.777,10.7093],"direction":[-0.0390771,-0.00382002,-0.999229],"extended":false,"handId":991,"id":9910,"length":50.8265,"mcpPosition":[-38.6706,319.197,85.225],"pipPosition":[-57.4215,336.904,43.9354],"stabilizedTipPosition":[-28.6908,292.243,30.4932],"timeVisible":5.45511,"tipPosition":[-49.6475,326.585,-1.18692],"tipVelocity":[-39.7607,167.509,-151.891],"tool":false,"touchDistance":-0.719158,"touchZone":"hovering","type":0,"width":19.7488},{"bases":[[[0.881831,-0.385865,-0.271078],[0.448484,0.863893,0.229237],[0.145728,-0.323723,0.934862]],[[0.892521,-0.419203,-0.166356],[0.411493,0.907887,-0.0800872],[0.184605,0.00302515,0.982808]],[[0.892521,-0.419203,-0.166356],[0.375386,0.89494,-0.241181],[0.249982,0.152811,0.956116]],[[0.892521,-0.419203,-0.166356],[0.343016,0.870436,-0.353103],[0.292824,0.258089,0.920676]]],"btipPosition":[-51.0759,350.122,-64.5021],"carpPosition":[-22.1134,334.925,81.6306],"dipPosition":[-46.1967,354.423,-49.1612],"direction":[-0.249982,-0.152811,-0.956116],"extended":true,"handId":991,"id":9911,"length":57.352,"mcpPosition":[-32.5692,358.152,14.5554],"pipPosition":[-40.304,358.025,-26.6234],"stabilizedTipPosition":[-46.7755,328.39,-39.7843],"timeVisible":5.45511,"tipPosition":[-50.3595,349.928,-60.4003],"tipVelocity":[-2.30342,130.184,-137.347],"tool":false,"touchDistance":-0.683165,"touchZone":"hovering","type":1,"width":18.8641},{"bases":[[[0.803949,-0.567635,-0.177363],[0.594202,0.778905,0.200577],[0.0242944,-0.266643,0.963489]],[[0.804273,-0.572819,-0.158189],[0.206071,0.518511,-0.829868],[0.557387,0.634842,0.535066]],[[0.804273,-0.572819,-0.158189],[-0.512445,-0.533731,-0.672704],[0.300908,0.6221,-0.722804]],[[0.804273,-0.572819,-0.158189],[-0.587735,-0.806081,-0.0692869],[-0.087824,0.148699,-0.984975]]],"btipPosition":[-45.5668,300.284,25.6415],"carpPosition":[-10.977,331.961,78.2538],"dipPosition":[-47.1763,303.009,7.58998],"direction":[-0.300908,-0.6221,0.722804],"extended":false,"handId":991,"id":9912,"length":65.348,"mcpPosition":[-12.63,350.104,12.6968],"pipPosition":[-38.8314,320.262,-12.4553],"stabilizedTipPosition":[-15.2131,265.973,52.9927],"timeVisible":5.45511,"tipPosition":[-45.5818,300.964,22.9435],"tipVelocity":[-9.37187,108.881,-164.982],"tool":false,"touchDistance":0.333333,"touchZone":"none","type":2,"width":18.527},{"bases":[[[0.751665,-0.657778,-0.048257],[0.650594,0.727462,0.218005],[-0.108293,-0.195262,0.974754]],[[0.752032,-0.657103,-0.0516059],[0.316287,0.428453,-0.846399],[0.578282,0.620197,0.530043]],[[0.752032,-0.657103,-0.0516059],[-0.513628,-0.535159,-0.670665],[0.413078,0.530868,-0.739963]],[[0.752032,-0.657103,-0.0516059],[-0.659103,-0.749036,-0.0673006],[0.00556876,0.0846258,-0.996397]]],"btipPosition":[-30.7335,295.111,31.0482],"carpPosition":[-0.889841,326.091,75.5445],"dipPosition":[-30.632,296.653,12.8922],"direction":[-0.413078,-0.530868,0.739963],"extended":false,"handId":991,"id":9913,"length":62.8339,"mcpPosition":[5.72577,338.02,15.9971],"pipPosition":[-19.4722,310.995,-7.0989],"stabilizedTipPosition":[-1.774,261.981,70.0072],"timeVisible":5.45511,"tipPosition":[-30.3809,295.69,28.538],"tipVelocity":[-8.7001,101.119,-180.841],"tool":false,"touchDistance":0.333333,"touchZone":"none","type":3,"width":17.6296},{"bases":[[[0.61618,-0.787051,0.0295316],[0.747445,0.59617,0.2931],[-0.248291,-0.158529,0.955626]],[[0.596447,-0.796512,0.0990974],[0.456688,0.235236,-0.857963],[0.660066,0.556986,0.504063]],[[0.596447,-0.796512,0.0990974],[-0.569857,-0.507164,-0.646566],[0.565256,0.329171,-0.756394]],[[0.596447,-0.796512,0.0990974],[-0.79352,-0.60372,-0.0764674],[0.120734,-0.033027,-0.992135]]],"btipPosition":[-15.7504,298.107,33.3069],"carpPosition":[5.78219,314.072,73.6237],"dipPosition":[-13.7208,297.551,16.6289],"direction":[-0.565256,-0.329171,0.756394],"extended":false,"handId":991,"id":9914,"length":49.2606,"mcpPosition":[19.823,323.037,19.583],"pipPosition":[-2.93872,303.83,2.20089],"stabilizedTipPosition":[15.985,266.238,62.7469],"timeVisible":5.45511,"tipPosition":[-15.1673,298.078,30.0776],"tipVelocity":[-1.63374,99.3858,-145.494],"tool":false,"touchDistance":0.333333,"touchZone":"none","type":4,"width":15.66}],"r":[[0.988457,-0.151387,-0.005916],[0.149042,0.964656,0.217312],[-0.0271913,-0.215685,0.976084]],"s":0.858806,"t":[10.5866,30.3558,-159.881],"timestamp":669596728898},false],[4,{"currentFrameRate":52.2628,"devices":[],"gestures":[],"hands":[{"armBasis":[[0.87318,-0.460308,-0.16023],[0.447931,0.887462,-0.108483],[0.192134,0.0229532,0.9811]],"armWidth":62.1429,"confidence":0.705736,"direction":[0.0703568,0.379827,-0.922378],"elbow":[41.5003,323.949,337.92],"grabStrength":0,"id":991,"palmNormal":[-0.469739,-0.803113,-0.366545],"palmPosition":[-13.9077,337.938,30.3652],"palmVelocity":[0.118693,98.963,-150.315],"palmWidth":88.738,"pinchStrength":0.67849,"r":[[0.987671,-0.156193,-0.0105033],[0.154622,0.962847,0.221399],[-0.0244678,-0.220293,0.975127]],"s":0.861975,"sphereCenter":[-30.8643,304.811,-2.44804],"sphereRadius":45.8317,"stabilizedPalmPosition":[11.5065,304.506,58.4015],"t":[10.5871,32.1888,-162.671],"timeVisible":5.47382,"type":"right","wrist":[-9.09195,317.905,79.5789]}],"id":4975701,"interactionBox":{"center":[0,200,0],"size":[235.247,235.247,147.751]},"pointables":[{"bases":[[[0.787985,0.607715,0.0988038],[-0.5256,0.580383,0.622012],[0.320662,-0.542067,0.776749]],[[0.724827,0.688288,-0.0297445],[-0.570922,0.624274,0.533225],[0.385581,-0.369514,0.84545]],[[0.724827,0.688288,-0.0297445],[-0.687287,0.725404,0.0377532],[0.0475619,-0.0069216,0.998844]],[[0.724827,0.688288,-0.0297445],[-0.526125,0.525149,-0.668888],[-0.444767,0.500478,0.742768]]],"btipPosition":[-48.9414,327.738,-9.13894],"carpPosition":[-38.7405,320.942,82.1859],"dipPosition":[-59.0929,339.161,7.81427],"direction":[-0.0475619,0.0069216,-0.998844],"extended":false,"handId":991,"id":9910,"length":50.8265,"mcpPosition":[-38.7405,320.942,82.1859],"pipPosition":[-57.5114,338.931,41.0276],"stabilizedTipPosition":[-30.2466,294.869,28.0318],"timeVisible":5.47382,"tipPosition":[-50.3439,329.195,-4.45624],"tipVelocity":[-38.1194,154.261,-162.595],"tool":false,"touchDistance":-0.724374,"touchZone":"hovering","type":0,"width":19.7488},{"bases":[[[0.879318,-0.388775,-0.275054],[0.452913,0.861205,0.230643],[0.147209,-0.327384,0.933354]],[[0.890167,-0.422387,-0.170853],[0.415649,0.906406,-0.0752533],[0.186648,-0.00402687,0.982419]],[[0.890167,-0.422387,-0.170853],[0.380283,0.89529,-0.232034],[0.250971,0.141577,0.957585]],[[0.890167,-0.422387,-0.170853],[0.348674,0.872882,-0.341326],[0.293306,0.244265,0.924287]]],"btipPosition":[-51.3125,352.86,-67.5118],"carpPosition":[-22.1268,336.61,78.5912],"dipPosition":[-46.4252,356.931,-52.1106],"direction":[-0.250971,-0.141577,-0.957585],"extended":true,"handId":991,"id":9911,"length":57.352,"mcpPosition":[-32.6889,360.099,11.6242],"pipPosition":[-40.5093,360.268,-29.5383],"stabilizedTipPosition":[-47.2457,331.89,-43.1163],"timeVisible":5.47382,"tipPosition":[-50.6098,352.579,-63.4153],"tipVelocity":[-7.2914,136.673,-148.435],"tool":false,"touchDistance":-0.688119,"touchZone":"hovering","type":1,"width":18.8641},{"bases":[[[0.800941,-0.570511,-0.181687],[0.598174,0.775683,0.201257],[0.0261122,-0.269875,0.962541]],[[0.801307,-0.575893,-0.162034],[0.213671,0.528477,-0.821619],[0.558795,0.623747,0.546523]],[[0.801307,-0.575893,-0.162034],[-0.512505,-0.521077,-0.682508],[0.308619,0.629942,-0.712691]],[[0.801307,-0.575893,-0.162034],[-0.592219,-0.801949,-0.0784556],[-0.0847609,0.158827,-0.983661]]],"btipPosition":[-46.0634,302.27,21.7795],"carpPosition":[-11.0137,333.609,75.1704],"dipPosition":[-47.6168,305.181,3.75201],"direction":[-0.308619,-0.629942,0.712691],"extended":false,"handId":991,"id":9912,"length":65.348,"mcpPosition":[-12.7904,351.972,9.6779],"pipPosition":[-39.058,322.651,-16.0128],"stabilizedTipPosition":[-15.518,266.334,52.6472],"timeVisible":5.47382,"tipPosition":[-46.0525,302.973,19.166],"tipVelocity":[-17.3967,108.665,-185.013],"tool":false,"touchDistance":0.333333,"touchZone":"none","type":2,"width":18.527},{"bases":[[[0.748667,-0.660848,-0.0527121],[0.654396,0.723942,0.218343],[-0.106131,-0.197961,0.974447]],[[0.749009,-0.660199,-0.055889],[0.318063,0.432279,-0.843784],[0.581225,0.614225,0.533765]],[[0.749009,-0.660199,-0.055889],[-0.516164,-0.528545,-0.673955],[0.415405,0.533646,-0.736655]],[[0.749009,-0.660199,-0.055889],[-0.662542,-0.7457,-0.0704905],[0.00486133,0.0898268,-0.995946]]],"btipPosition":[-31.1144,296.98,27.6735],"carpPosition":[-0.960392,327.704,72.4109],"dipPosition":[-31.0258,298.616,9.52581],"direction":[-0.415405,-0.533646,0.736655],"extended":false,"handId":991,"id":9913,"length":62.8339,"mcpPosition":[5.52312,339.798,12.8822],"pipPosition":[-19.803,313.034,-10.3759],"stabilizedTipPosition":[-1.90389,262.138,69.8012],"timeVisible":5.47382,"tipPosition":[-30.7743,297.56,25.1086],"tipVelocity":[-14.4524,101.076,-180.56],"tool":false,"touchDistance":0.333333,"touchZone":"none","type":3,"width":17.6296},{"bases":[[[0.612866,-0.789789,0.0250767],[0.75091,0.591991,0.292713],[-0.246027,-0.160564,0.955871]],[[0.593381,-0.799364,0.0944274],[0.46475,0.244461,-0.851027],[0.657196,0.548868,0.516563]],[[0.593381,-0.799364,0.0944274],[-0.565399,-0.497427,-0.657944],[0.572908,0.337022,-0.747123]],[[0.593381,-0.799364,0.0944274],[-0.795095,-0.600364,-0.0859462],[0.125393,-0.0240799,-0.991815]]],"btipPosition":[-16.1321,299.792,29.4866],"carpPosition":[5.65376,315.663,70.4306],"dipPosition":[-14.0243,299.387,12.814],"direction":[-0.572908,-0.337022,0.747123],"extended":false,"handId":991,"id":9914,"length":49.2606,"mcpPosition":[19.5666,324.743,16.376],"pipPosition":[-3.09621,305.816,-1.43719],"stabilizedTipPosition":[15.7982,266.436,62.5278],"timeVisible":5.47382,"tipPosition":[-15.5198,299.831,26.4215],"tipVelocity":[-10.3046,95.7639,-174.04],"tool":false,"touchDistance":0.333333,"touchZone":"none","type":4,"width":15.66}],"r":[[0.987671,-0.156193,-0.0105033],[0.154622,0.962847,0.221399],[-0.0244678,-0.220293,0.975127]],"s":0.861975,"t":[10.5871,32.1888,-162.671],"timestamp":669596747608},false],[5,{"currentFrameRate":52.3803,"devices":[],"gestures":[],"hands":[{"armBasis":[[0.868618,-0.46897,-0.159905],[0.451989,0.882194,-0.13206],[0.203,0.0424339,0.978259]],"armWidth":62.1429,"confidence":0.728215,"direction":[0.0686394,0.376766,-0.923762],"elbow":[44.5012,329.982,334.452],"grabStrength":0,"id":991,"palmNormal":[-0.478868,-0.79986,-0.361814],"palmPosition":[-13.8612,338.753,27.6192],"palmVelocity":[1.2739,72.1088,-148.771],"palmWidth":88.738,"pinchStrength":0.68171,"r":[[0.98671,-0.161779,-0.0151907],[0.161045,0.961201,0.22396],[-0.0216307,-0.223429,0.97448]],"s":0.864338,"sphereCenter":[-31.3536,305.626,-5.12395],"sphereRadius":45.9421,"stabilizedPalmPosition":[11.317,304.762,58.1716],"t":[10.6106,33.5132,-165.439],"timeVisible":5.49248,"type":"right","wrist":[-8.95214,318.808,76.859]}],"id":4975702,"interactionBox":{"center":[0,200,0],"size":[235.247,235.247,147.751]},"pointables":[{"bases":[[[0.793884,0.600938,0.0928513],[-0.516986,0.586666,0.623337],[0.320114,-0.54286,0.776421]],[[0.731697,0.680787,-0.0338776],[-0.561118,0.629806,0.537114],[0.386997,-0.373995,0.842829]],[[0.731697,0.680787,-0.0338776],[-0.679351,0.73241,0.0453557],[0.0556899,-0.0101719,0.998396]],[[0.731697,0.680787,-0.0338776],[-0.529672,0.536593,-0.656899],[-0.42903,0.498595,0.753217]]],"btipPosition":[-49.457,329.28,-11.8002],"carpPosition":[-38.5577,322.115,79.6207],"dipPosition":[-59.2493,340.661,5.39152],"direction":[-0.0556899,0.0101719,-0.998396],"extended":false,"handId":991,"id":9910,"length":50.8265,"mcpPosition":[-38.5577,322.115,79.6207],"pipPosition":[-57.3975,340.322,38.5899],"stabilizedTipPosition":[-31.5996,297.203,25.7701],"timeVisible":5.49248,"tipPosition":[-50.8059,330.686,-7.11497],"tipVelocity":[-30.8675,119.198,-151.445],"tool":false,"touchDistance":-0.719366,"touchZone":"hovering","type":0,"width":19.7488},{"bases":[[[0.8743,-0.397302,-0.278839],[0.461809,0.857743,0.225851],[0.149441,-0.326232,0.933403]],[[0.885399,-0.430599,-0.175078],[0.423706,0.902523,-0.0769787],[0.191159,-0.00602488,0.981541]],[[0.885399,-0.430599,-0.175078],[0.388714,0.892422,-0.229095],[0.254892,0.134785,0.95753]],[[0.885399,-0.430599,-0.175078],[0.357567,0.87159,-0.335374],[0.297009,0.234338,0.925674]]],"btipPosition":[-51.5146,354.203,-70.1986],"carpPosition":[-21.8256,337.625,75.8929],"dipPosition":[-46.5656,358.107,-54.7743],"direction":[-0.254892,-0.134785,-0.95753],"extended":true,"handId":991,"id":9911,"length":57.352,"mcpPosition":[-32.5478,361.032,8.92243],"pipPosition":[-40.5572,361.284,-32.2032],"stabilizedTipPosition":[-47.6113,334.601,-45.8644],"timeVisible":5.49248,"tipPosition":[-50.814,353.859,-66.1073],"tipVelocity":[-8.63985,104.203,-146.122],"tool":false,"touchDistance":-0.687863,"touchZone":"touching","type":1,"width":18.8641},{"bases":[[[0.794828,-0.578089,-0.184558],[0.60614,0.770856,0.195896],[0.0290223,-0.267572,0.963101]],[[0.795262,-0.583568,-0.164338],[0.222294,0.532861,-0.816483],[0.564043,0.612786,0.553488]],[[0.795262,-0.583568,-0.164338],[-0.516099,-0.509406,-0.688583],[0.318121,0.632418,-0.70629]],[[0.795262,-0.583568,-0.164338],[-0.600597,-0.795312,-0.0822269],[-0.0827147,0.164093,-0.982971]]],"btipPosition":[-46.554,303.371,18.4727],"carpPosition":[-10.7587,334.517,72.4192],"dipPosition":[-48.0699,306.379,0.457839],"direction":[-0.318121,-0.632418,0.70629],"extended":false,"handId":991,"id":9912,"length":65.348,"mcpPosition":[-12.7334,352.723,6.88861],"pipPosition":[-39.2476,323.917,-19.1294],"stabilizedTipPosition":[-15.7609,266.626,52.3507],"timeVisible":5.49248,"tipPosition":[-46.5159,304.086,15.9421],"tipVelocity":[-21.4937,85.1022,-181.133],"tool":false,"touchDistance":0.333333,"touchZone":"none","type":2,"width":18.527},{"bases":[[[0.742465,-0.667618,-0.0550573],[0.661995,0.718662,0.212812],[-0.102509,-0.194453,0.975541]],[[0.74278,-0.667011,-0.0580844],[0.321639,0.431567,-0.842792],[0.587219,0.607327,0.535096]],[[0.74278,-0.667011,-0.0580844],[-0.521416,-0.521854,-0.675125],[0.420004,0.531756,-0.735413]],[[0.74278,-0.667011,-0.0580844],[-0.669527,-0.739523,-0.069564],[0.00344517,0.0905598,-0.995885]]],"btipPosition":[-31.5084,297.915,24.7235],"carpPosition":[-0.77353,328.516,69.6203],"dipPosition":[-31.4456,299.565,6.57687],"direction":[-0.420004,-0.531756,0.735413],"extended":false,"handId":991,"id":9913,"length":62.8339,"mcpPosition":[5.48873,340.395,10.0248],"pipPosition":[-20.0986,313.931,-13.2913],"stabilizedTipPosition":[-2.01455,262.273,69.617],"timeVisible":5.49248,"tipPosition":[-31.1723,298.49,22.1578],"tipVelocity":[-17.8453,76.3878,-169.622],"tool":false,"touchDistance":0.333333,"touchZone":"none","type":3,"width":17.6296},{"bases":[[[0.605956,-0.795142,0.0238202],[0.757742,0.586052,0.287003],[-0.242168,-0.155861,0.957634]],[[0.586876,-0.804325,0.092947],[0.466888,0.242387,-0.85045],[0.661508,0.542504,0.51778]],[[0.586876,-0.804325,0.092947],[-0.569087,-0.49142,-0.659277],[0.575949,0.334019,-0.746133]],[[0.586876,-0.804325,0.092947],[-0.800184,-0.593688,-0.0850958],[0.123626,-0.024434,-0.992028]]],"btipPosition":[-16.4587,300.557,26.5349],"carpPosition":[5.72239,316.411,67.6359],"dipPosition":[-14.3806,300.146,9.85873],"direction":[-0.575949,-0.334019,0.746133],"extended":false,"handId":991,"id":9914,"length":49.2606,"mcpPosition":[19.417,325.225,13.4816],"pipPosition":[-3.39451,306.517,-4.37355],"stabilizedTipPosition":[15.6597,266.584,62.3542],"timeVisible":5.49248,"tipPosition":[-15.8508,300.607,23.5168],"tipVelocity":[-13.9801,69.0951,-166.341],"tool":false,"touchDistance":0.333333,"touchZone":"none","type":4,"width":15.66}],"r":[[0.98671,-0.161779,-0.0151907],[0.161045,0.961201,0.22396],[-0.0216307,-0.223429,0.97448]],"s":0.864338,"t":[10.6106,33.5132,-165.439],"timestamp":669596766271},false],[6,{"currentFrameRate":52.7069,"devices":[],"gestures":[],"hands":[{"armBasis":[[0.871053,-0.467511,-0.150667],[0.452371,0.883057,-0.124783],[0.191385,0.0405355,0.980678]],"armWidth":62.1429,"confidence":0.748555,"direction":[0.0649222,0.375175,-0.924678],"elbow":[41.7775,329.901,333.975],"grabStrength":0,"id":991,"palmNormal":[-0.479254,-0.801047,-0.358662],"palmPosition":[-13.7246,339.078,26.4876],"palmVelocity":[4.28303,46.7999,-108.766],"palmWidth":88.738,"pinchStrength":0.67874,"r":[[0.985928,-0.166017,-0.0195978],[0.166129,0.95997,0.225521],[-0.0186271,-0.225603,0.974041]],"s":0.86594,"sphereCenter":[-31.2838,305.724,-6.25531],"sphereRadius":46.0643,"stabilizedPalmPosition":[11.1818,304.947,58.0005],"t":[10.6907,34.3376,-167.389],"timeVisible":5.51027,"type":"right","wrist":[-8.61762,319.227,75.7454]}],"id":4975703,"interactionBox":{"center":[0,200,0],"size":[235.247,235.247,147.751]},"pointables":[{"bases":[[[0.793533,0.601992,0.0889368],[-0.515421,0.587211,0.624119],[0.32349,-0.541099,0.776251]],[[0.7315,0.680864,-0.0365006],[-0.558968,0.629473,0.539739],[0.390465,-0.374416,0.841041]],[[0.7315,0.680864,-0.0365006],[-0.678986,0.732286,0.0522943],[0.0623341,-0.0134698,0.997964]],[[0.7315,0.680864,-0.0365006],[-0.538703,0.544292,-0.643075],[-0.41798,0.490072,0.764933]]],"btipPosition":[-49.7581,329.996,-12.9801],"carpPosition":[-38.2169,322.506,78.6068],"dipPosition":[-59.2982,341.181,4.47902],"direction":[-0.0623341,0.0134698,-0.997964],"extended":false,"handId":991,"id":9910,"length":50.8265,"mcpPosition":[-38.2169,322.506,78.6068],"pipPosition":[-57.2255,340.733,37.6631],"stabilizedTipPosition":[-32.7582,299.216,23.7929],"timeVisible":5.51027,"tipPosition":[-51.0493,331.332,-8.25711],"tipVelocity":[-22.7873,80.911,-109.836],"tool":false,"touchDistance":-0.692538,"touchZone":"touching","type":0,"width":19.7488},{"bases":[[[0.873747,-0.396827,-0.281239],[0.461646,0.858666,0.222657],[0.153134,-0.324379,0.93345]],[[0.885232,-0.429817,-0.177827],[0.422762,0.902894,-0.0778125],[0.194004,-0.00629637,0.980981]],[[0.885232,-0.429817,-0.177827],[0.3883,0.893329,-0.226244],[0.256102,0.131228,0.957701]],[[0.885232,-0.429817,-0.177827],[0.357795,0.87349,-0.330147],[0.297233,0.228631,0.927028]]],"btipPosition":[-51.621,354.662,-71.3066],"carpPosition":[-21.5156,338.028,74.7914],"dipPosition":[-46.6683,358.472,-55.8597],"direction":[-0.256102,-0.131228,-0.957701],"extended":true,"handId":991,"id":9911,"length":57.352,"mcpPosition":[-32.5028,361.302,7.81756],"pipPosition":[-40.6314,361.565,-33.2846],"stabilizedTipPosition":[-47.8535,336.368,-47.7116],"timeVisible":5.51027,"tipPosition":[-50.9186,354.288,-67.2241],"tipVelocity":[-7.3691,66.8206,-106.603],"tool":false,"touchDistance":-0.663952,"touchZone":"touching","type":1,"width":18.8641},{"bases":[[[0.794815,-0.577531,-0.18635],[0.605967,0.771886,0.192345],[0.0327562,-0.265801,0.963471]],[[0.795332,-0.583051,-0.165827],[0.223954,0.536838,-0.813418],[0.563287,0.6098,0.557541]],[[0.795332,-0.583051,-0.165827],[-0.515037,-0.505716,-0.69209],[0.319663,0.635848,-0.702505]],[[0.795332,-0.583051,-0.165827],[-0.600502,-0.795172,-0.0842585],[-0.0827336,0.166593,-0.982549]]],"btipPosition":[-46.5139,303.659,17.0088],"carpPosition":[-10.4576,334.926,71.2839],"dipPosition":[-48.0302,306.712,-0.998237],"direction":[-0.319663,-0.635848,0.702505],"extended":false,"handId":991,"id":9912,"length":65.348,"mcpPosition":[-12.6864,353.011,5.72805],"pipPosition":[-39.1651,324.346,-20.4805],"stabilizedTipPosition":[-15.9207,266.82,52.1478],"timeVisible":5.51027,"tipPosition":[-46.4777,304.377,14.4838],"tipVelocity":[-10.3397,52.9973,-134.653],"tool":false,"touchDistance":0.333333,"touchZone":"none","type":2,"width":18.527},{"bases":[[[0.743015,-0.666885,-0.0565026],[0.66194,0.719785,0.209155],[-0.0988124,-0.192806,0.976249]],[[0.743329,-0.666261,-0.0596435],[0.326306,0.438992,-0.837144],[0.58394,0.602812,0.543721]],[[0.743329,-0.666261,-0.0596435],[-0.517294,-0.516012,-0.682744],[0.424109,0.538357,-0.72822]],[[0.743329,-0.666261,-0.0596435],[-0.6689,-0.739558,-0.0750175],[0.0058715,0.0956582,-0.995397]]],"btipPosition":[-31.4487,298.155,22.941],"carpPosition":[-0.475786,328.931,68.4602],"dipPosition":[-31.3417,299.898,4.80332],"direction":[-0.424109,-0.538357,0.72822],"extended":false,"handId":991,"id":9913,"length":62.8339,"mcpPosition":[5.56063,340.709,8.82145],"pipPosition":[-19.8838,314.442,-14.8705],"stabilizedTipPosition":[-2.08612,262.361,69.4932],"timeVisible":5.51027,"tipPosition":[-31.0981,298.751,20.452],"tipVelocity":[-7.61683,47.3987,-136.957],"tool":false,"touchDistance":0.333333,"touchZone":"none","type":3,"width":17.6296},{"bases":[[[0.606931,-0.794419,0.0230909],[0.7581,0.587417,0.283242],[-0.238577,-0.154403,0.95877]],[[0.587949,-0.803553,0.0928387],[0.470331,0.246225,-0.847444],[0.658107,0.541919,0.522704]],[[0.587949,-0.803553,0.0928387],[-0.565097,-0.490148,-0.663641],[0.578775,0.337724,-0.742268]],[[0.587949,-0.803553,0.0928387],[-0.799107,-0.594798,-0.0874285],[0.125474,-0.0227845,-0.991835]]],"btipPosition":[-16.3252,300.815,25.0624],"carpPosition":[6.02664,316.83,66.4744],"dipPosition":[-14.216,300.432,8.38947],"direction":[-0.578775,-0.337724,0.742268],"extended":false,"handId":991,"id":9914,"length":49.2606,"mcpPosition":[19.5182,325.561,12.2559],"pipPosition":[-3.17601,306.874,-5.76909],"stabilizedTipPosition":[15.5737,266.678,62.2419],"timeVisible":5.51027,"tipPosition":[-15.7056,300.881,22.1215],"tipVelocity":[-3.69767,43.6141,-127.067],"tool":false,"touchDistance":0.333333,"touchZone"