{"sensorType":"Leap","data":[[0,{"currentFrameRate":54.0877,"devices":[],"gestures":[{"center":[-30.923,288.366,-32.4018],"duration":36764,"handIds":[994],"id":4,"normal":[-0.728581,-0.379479,-0.570233],"pointableIds":[9941],"progress":0.830195,"radius":22.4846,"state":"update","type":"circle"}],"hands":[{"armBasis":[[0.842645,-0.496119,-0.209321],[0.474681,0.867927,-0.146221],[0.254218,0.0238515,0.966853]],"armWidth":62.1429,"confidence":0.63869,"direction":[0.195415,0.41028,-0.890777],"elbow":[65.252,297.033,341.12],"grabStrength":0.20288,"id":994,"palmNormal":[-0.443439,-0.773173,-0.453393],"palmPosition":[0.231929,312.697,37.9386],"palmVelocity":[-23.4747,119.209,-184.549],"palmWidth":88.738,"pinchStrength":0.869669,"r":[[0.992997,0.0858181,0.0811935],[-0.101909,0.969886,0.221216],[-0.059764,-0.227941,0.971839]],"s":0.957697,"sphereCenter":[-10.7065,272.038,0.827288],"sphereRadius":48.8927,"stabilizedPalmPosition":[12.7724,292.484,49.3261],"t":[12.3113,44.9561,-28.6243],"timeVisible":18.0994,"type":"right","wrist":[-1.68814,290.753,86.5309]}],"id":4977843,"interactionBox":{"center":[0,200,0],"size":[235.247,235.247,147.751]},"pointables":[{"bases":[[[0.78675,0.577004,0.219295],[-0.581939,0.574859,0.575226],[0.205844,-0.580175,0.788051]],[[0.685174,0.727587,-0.0339527],[-0.674166,0.651134,0.348605],[0.275748,-0.215965,0.936655]],[[0.685174,0.727587,-0.0339527],[-0.728297,0.685054,-0.016882],[0.0109764,0.0362947,0.999281]],[[0.685174,0.727587,-0.0339527],[-0.660519,0.601017,-0.449992],[-0.307002,0.330749,0.892387]]],"btipPosition":[-38.1128,296.443,-13.6086],"carpPosition":[-31.3309,294.685,85.5857],"dipPosition":[-45.1199,303.992,6.75956],"direction":[-0.0109764,-0.0362947,-0.999281],"extended":false,"handId":994,"id":9940,"length":50.8265,"mcpPosition":[-31.3309,294.685,85.5857],"pipPosition":[-44.755,305.199,39.9874],"stabilizedTipPosition":[-31.7601,279.281,7.99803],"timeVisible":18.0994,"tipPosition":[-39.3408,299.265,-8.74635],"tipVelocity":[-19.4811,102.651,-189.419],"tool":false,"touchDistance":-0.313729,"touchZone":"hovering","type":0,"width":19.7488},{"bases":[[[0.895135,-0.407853,-0.17997],[0.445323,0.836661,0.318882],[0.0205168,-0.365588,0.930551]],[[0.893619,-0.393043,-0.216709],[0.358179,0.915465,-0.18339],[0.27047,0.0862603,0.958856]],[[0.893619,-0.393043,-0.216709],[0.307415,0.887791,-0.342525],[0.327019,0.239467,0.914174]],[[0.893619,-0.393043,-0.216709],[0.268674,0.855214,-0.443196],[0.359528,0.337824,0.869836]]],"btipPosition":[-40.4588,321.249,-58.2908],"carpPosition":[-13.955,309.907,84.6932],"dipPosition":[-34.4681,326.878,-43.7969],"direction":[-0.327019,-0.239467,-0.914174],"extended":true,"handId":994,"id":9941,"length":57.352,"mcpPosition":[-15.4271,336.137,17.9274],"pipPosition":[-26.7595,332.523,-22.2478],"stabilizedTipPosition":[-37.2946,310.456,-43.6797],"timeVisible":18.0994,"tipPosition":[-39.2342,321.945,-54.6443],"tipVelocity":[-22.0021,151.505,-190.31],"tool":false,"touchDistance":-0.26009,"touchZone":"hovering","type":1,"width":18.8641},{"bases":[[[0.800557,-0.59011,-0.104302],[0.590587,0.747434,0.304218],[-0.101563,-0.305143,0.946875]],[[0.799533,-0.593045,-0.095101],[0.401214,0.645177,-0.65021],[0.446961,0.481709,0.753779]],[[0.799533,-0.593045,-0.095101],[0.0273199,0.194082,-0.980605],[0.600001,0.781428,0.171377]],[[0.799533,-0.593045,-0.095101],[-0.189438,-0.0987382,-0.976916],[0.569965,0.799092,-0.19129]]],"btipPosition":[-43.7792,268.463,-18.5567],"carpPosition":[-2.59389,306.661,82.5501],"dipPosition":[-33.3335,283.108,-22.0624],"direction":[-0.600001,-0.781428,-0.171377],"extended":false,"handId":994,"id":9942,"length":65.348,"mcpPosition":[4.31661,327.423,18.1235],"pipPosition":[-16.6939,304.779,-17.3097],"stabilizedTipPosition":[-33.1812,250.613,2.73539],"timeVisible":18.0994,"tipPosition":[-41.6145,271.223,-17.5901],"tipVelocity":[-5.21085,132.091,-228.903],"tool":false,"touchDistance":-0.443071,"touchZone":"hovering","type":2,"width":18.527},{"bases":[[[0.730071,-0.683237,0.0135411],[0.642736,0.693255,0.326018],[-0.232135,-0.229313,0.945267]],[[0.738666,-0.673652,-0.023785],[0.48537,0.556035,-0.674715],[0.467748,0.486845,0.737695]],[[0.738666,-0.673652,-0.023785],[0.0755003,0.117747,-0.990169],[0.66983,0.729609,0.137837]],[[0.738666,-0.673652,-0.023785],[-0.165467,-0.147004,-0.975198],[0.653447,0.724281,-0.220054]]],"btipPosition":[-28.6534,260.412,-8.78815],"carpPosition":[7.55037,300.526,80.8161],"dipPosition":[-16.7465,273.609,-12.7979],"direction":[-0.66983,-0.729609,-0.137837],"extended":false,"handId":994,"id":9943,"length":62.8339,"mcpPosition":[21.7314,314.534,23.0701],"pipPosition":[1.34985,293.321,-9.07403],"stabilizedTipPosition":[-12.4383,239.28,14.6007],"timeVisible":18.0994,"tipPosition":[-26.2745,263.007,-7.88669],"tipVelocity":[-4.74923,124.778,-208.729],"tool":false,"touchDistance":-0.313145,"touchZone":"hovering","type":3,"width":17.6296},{"bases":[[[0.581996,-0.810276,0.0687994],[0.725413,0.555547,0.406378],[-0.3675,-0.186602,0.911111]],[[0.615585,-0.787766,-0.0219322],[0.584142,0.474794,-0.658293],[0.528994,0.392423,0.752442]],[[0.615585,-0.787766,-0.0219322],[0.10819,0.112044,-0.987796],[0.780609,0.605699,0.154201]],[[0.615585,-0.787766,-0.0219322],[-0.167192,-0.103351,-0.980492],[0.770131,0.607243,-0.19533]]],"btipPosition":[-11.2857,263.608,2.05767],"carpPosition":[14.01,288.349,79.1862],"dipPosition":[1.66039,273.816,-1.22586],"direction":[-0.780609,-0.605699,-0.154201],"extended":false,"handId":994,"id":9944,"length":49.2606,"mcpPosition":[34.7921,298.901,27.6628],"pipPosition":[16.5503,285.369,1.71548],"stabilizedTipPosition":[9.60543,242.388,22.5674],"timeVisible":18.0994,"tipPosition":[-8.66765,265.626,2.83361],"tipVelocity":[-5.08515,127.368,-208.224],"tool":false,"touchDistance":-0.383643,"touchZone":"hovering","type":4,"width":15.66}],"r":[[0.992997,0.0858181,0.0811935],[-0.101909,0.969886,0.221216],[-0.059764,-0.227941,0.971839]],"s":0.957697,"t":[12.3113,44.9561,-28.6243],"timestamp":669636877744},false],[1,{"currentFrameRate":54.0499,"devices":[],"gestures":[{"center":[-30.923,288.366,-32.4018],"duration":36764,"handIds":[994],"id":4,"normal":[-0.728581,-0.379479,-0.570233],"pointableIds":[9941],"progress":0.830195,"radius":22.4846,"state":"update","type":"circle"}],"hands":[{"armBasis":[[0.844865,-0.491631,-0.210955],[0.476646,0.870803,-0.120462],[0.242923,0.00122348,0.970045]],"armWidth":62.1429,"confidence":0.637597,"direction":[0.185672,0.416683,-0.889889],"elbow":[63.0905,292.494,338.033],"grabStrength":0.194988,"id":994,"palmNormal":[-0.44961,-0.769243,-0.454001],"palmPosition":[0.513105,314.476,34.157],"palmVelocity":[-4.75015,107.669,-193.472],"palmWidth":88.738,"pinchStrength":0.870251,"r":[[0.993603,0.0823518,0.0772772],[-0.0980008,0.968801,0.22764],[-0.0561197,-0.233757,0.970674]],"s":0.958114,"sphereCenter":[-11.0445,274.284,-3.13929],"sphereRadius":48.8414,"stabilizedPalmPosition":[12.5766,292.835,49.0838],"t":[12.2284,46.9487,-32.2223],"timeVisible":18.1181,"type":"right","wrist":[-0.875517,292.171,82.6035]}],"id":4977844,"interactionBox":{"center":[0,200,0],"size":[235.247,235.247,147.751]},"pointables":[{"bases":[[[0.789954,0.574419,0.21451],[-0.574549,0.57124,0.586155],[0.214162,-0.586283,0.781286]],[[0.685489,0.727156,-0.036737],[-0.669323,0.649222,0.361272],[0.286551,-0.223059,0.931737]],[[0.685489,0.727156,-0.036737],[-0.727733,0.685851,-0.00359596],[0.0225813,0.0291997,0.999318]],[[0.685489,0.727156,-0.036737],[-0.665054,0.604813,-0.43807],[-0.296326,0.324724,0.89819]]],"btipPosition":[-38.4596,298.623,-17.0595],"carpPosition":[-30.5222,296.146,82.0291],"dipPosition":[-45.223,306.034,3.44109],"direction":[-0.0225813,-0.0291997,-0.999318],"extended":false,"handId":994,"id":9940,"length":50.8265,"mcpPosition":[-30.5222,296.146,82.0291],"pipPosition":[-44.4721,307.005,36.6702],"stabilizedTipPosition":[-32.0886,280.118,7.18863],"timeVisible":18.1181,"tipPosition":[-39.6334,301.389,-12.1704],"tipVelocity":[-17.5964,108.779,-186.569],"tool":false,"touchDistance":-0.361997,"touchZone":"hovering","type":0,"width":19.7488},{"bases":[[[0.892486,-0.407559,-0.1933],[0.450026,0.83373,0.319954],[0.0307597,-0.372544,0.927504]],[[0.89056,-0.392442,-0.229984],[0.358501,0.916762,-0.176141],[0.279965,0.0744144,0.957122]],[[0.89056,-0.392442,-0.229984],[0.307536,0.892014,-0.33126],[0.335149,0.224278,0.915082]],[[0.89056,-0.392442,-0.229984],[0.26883,0.861954,-0.429844],[0.366924,0.320975,0.873122]]],"btipPosition":[-41.0898,324.33,-61.719],"carpPosition":[-13.1384,311.353,81.0499],"dipPosition":[-34.9759,329.678,-47.1704],"direction":[-0.335149,-0.224278,-0.915082],"extended":true,"handId":994,"id":9941,"length":57.352,"mcpPosition":[-15.3454,338.083,14.5026],"pipPosition":[-27.0757,334.965,-25.5999],"stabilizedTipPosition":[-37.6658,312.803,-45.9627],"timeVisible":18.1181,"tipPosition":[-39.8773,324.845,-58.0291],"tipVelocity":[-27.0225,156.534,-186.902],"tool":false,"touchDistance":-0.313649,"touchZone":"hovering","type":1,"width":18.8641},{"bases":[[[0.798553,-0.590264,-0.117907],[0.594999,0.744443,0.302954],[-0.0910478,-0.312079,0.945683]],[[0.797679,-0.593117,-0.10918],[0.394523,0.650128,-0.649373],[0.456135,0.474917,0.752592]],[[0.797679,-0.593117,-0.10918],[0.0167767,0.202791,-0.979078],[0.602848,0.779159,0.171713]],[[0.797679,-0.593117,-0.10918],[-0.200155,-0.0895891,-0.97566],[0.568898,0.800117,-0.190179]]],"btipPosition":[-44.1982,270.748,-22.2476],"carpPosition":[-1.80681,308.11,78.752],"dipPosition":[-33.7721,285.411,-25.733],"direction":[-0.602848,-0.779159,-0.171713],"extended":false,"handId":994,"id":9942,"length":65.348,"mcpPosition":[4.3882,329.344,14.4065],"pipPosition":[-17.0535,307.02,-20.971],"stabilizedTipPosition":[-33.5786,251.697,1.54638],"timeVisible":18.1181,"tipPosition":[-42.0088,273.519,-21.3363],"tipVelocity":[-13.717,127.592,-213.807],"tool":false,"touchDistance":-0.482391,"touchZone":"hovering","type":2,"width":18.527},{"bases":[[[0.72931,-0.684184,0.0000434079],[0.647326,0.690041,0.323748],[-0.221533,-0.236084,0.946143]],[[0.737392,-0.67446,-0.0368414],[0.478094,0.559678,-0.676895],[0.477158,0.481523,0.735157]],[[0.737392,-0.67446,-0.0368414],[0.0640738,0.12414,-0.990194],[0.672419,0.7278,0.134755]],[[0.737392,-0.67446,-0.0368414],[-0.176865,-0.140153,-0.974205],[0.651899,0.724887,-0.222636]]],"btipPosition":[-28.9941,262.546,-12.5614],"carpPosition":[8.30903,301.976,76.8556],"dipPosition":[-17.1155,275.754,-16.6182],"direction":[-0.672419,-0.7278,-0.134755],"extended":false,"handId":994,"id":9943,"length":62.8339,"mcpPosition":[21.8424,316.398,19.056],"pipPosition":[1.05083,295.417,-12.9776],"stabilizedTipPosition":[-12.834,240.033,13.7964],"timeVisible":18.1181,"tipPosition":[-26.5813,265.159,-11.7604],"tipVelocity":[-11.4915,119.853,-205.977],"tool":false,"touchDistance":-0.366924,"touchZone":"hovering","type":3,"width":17.6296},{"bases":[[[0.581719,-0.811456,0.0560559],[0.730748,0.551639,0.402122],[-0.357227,-0.192959,0.913868]],[[0.613905,-0.78866,-0.0337053],[0.574211,0.475459,-0.666499],[0.541667,0.389813,0.744743]],[[0.613905,-0.78866,-0.0337053],[0.0938474,0.115315,-0.988886],[0.783782,0.603919,0.144806]],[[0.613905,-0.78866,-0.0337053],[-0.18014,-0.0983962,-0.978707],[0.768551,0.606905,-0.202475]]],"btipPosition":[-11.6136,265.552,-1.65886],"carpPosition":[14.734,289.804,75.0607],"dipPosition":[1.30592,275.754,-5.06251],"direction":[-0.783782,-0.603919,-0.144806],"extended":false,"handId":994,"id":9944,"length":49.2606,"mcpPosition":[34.9352,300.716,23.3814],"pipPosition":[16.2563,287.274,-2.30038],"stabilizedTipPosition":[9.26137,242.869,22.0959],"timeVisible":18.1181,"tipPosition":[-8.90412,267.634,-1.13926],"tipVelocity":[-11.3189,116.151,-204.678],"tool":false,"touchDistance":-0.429775,"touchZone":"hovering","type":4,"width":15.66}],"r":[[0.993603,0.0823518,0.0772772],[-0.0980008,0.968801,0.22764],[-0.0561197,-0.233757,0.970674]],"s":0.958114,"t":[12.2284,46.9487,-32.2223],"timestamp":669636896379},false],[2,{"currentFrameRate":54.0417,"devices":[],"gestures":[{"center":[-30.923,288.366,-32.4018],"duration":36764,"handIds":[994],"id":4,"normal":[-0.728581,-0.379479,-0.570233],"pointableIds":[9941],"progress":0.830195,"radius":22.4846,"state":"update","type":"circle"}],"hands":[{"armBasis":[[0.850289,-0.489103,-0.19439],[0.471681,0.872007,-0.130849],[0.233508,0.019569,0.972158]],"armWidth":62.1429,"confidence":0.644104,"direction":[0.1798,0.424162,-0.887557],"elbow":[61.1446,297.879,336.476],"grabStrength":0.187538,"id":994,"palmNormal":[-0.449468,-0.767148,-0.457671],"palmPosition":[0.728123,315.409,32.2117],"palmVelocity":[3.15897,79.9613,-150.664],"palmWidth":88.738,"pinchStrength":0.868949,"r":[[0.994091,0.0801175,0.0732432],[-0.0952396,0.967473,0.234361],[-0.0520844,-0.239952,0.969387]],"s":0.959725,"sphereCenter":[-11.0267,275.623,-5.35094],"sphereRadius":48.8114,"stabilizedPalmPosition":[12.4336,293.107,48.8802],"t":[12.2944,48.4118,-34.994],"timeVisible":18.1366,"type":"right","wrist":[-0.342206,292.726,80.4899]}],"id":4977845,"interactionBox":{"center":[0,200,0],"size":[235.247,235.247,147.751]},"pointables":[{"bases":[[[0.789205,0.575285,0.21495],[-0.573368,0.564825,0.593483],[0.220012,-0.591625,0.775612]],[[0.682879,0.729705,-0.0347345],[-0.669202,0.643913,0.370871],[0.292992,-0.230016,0.928035]],[[0.682879,0.729705,-0.0347345],[-0.729977,0.683441,0.00643747],[0.0284364,0.0209594,0.999376]],[[0.682879,0.729705,-0.0347345],[-0.669368,0.605954,-0.429844],[-0.292612,0.316782,0.902235]]],"btipPosition":[-38.5343,299.88,-18.9057],"carpPosition":[-30.004,296.61,80.097],"dipPosition":[-45.213,307.11,1.68725],"direction":[-0.0284364,-0.0209594,-0.999376],"extended":false,"handId":994,"id":9940,"length":50.8265,"mcpPosition":[-30.004,296.61,80.097],"pipPosition":[-44.2675,307.807,34.9182],"stabilizedTipPosition":[-32.3304,280.768,6.54149],"timeVisible":18.1366,"tipPosition":[-39.6769,302.538,-14.0052],"tipVelocity":[-10.5282,87.8912,-143.957],"tool":false,"touchDistance":-0.381504,"touchZone":"hovering","type":0,"width":19.7488},{"bases":[[[0.892781,-0.403169,-0.200988],[0.448994,0.832673,0.324129],[0.0366788,-0.379619,0.924415]],[[0.890629,-0.387821,-0.237434],[0.355996,0.919522,-0.166572],[0.282926,0.0638286,0.957016]],[[0.890629,-0.387821,-0.237434],[0.305867,0.897292,-0.318297],[0.33649,0.210862,0.917775]],[[0.890629,-0.387821,-0.237434],[0.267892,0.869399,-0.415185],[0.367442,0.306169,0.878206]]],"btipPosition":[-41.2143,326.371,-63.5434],"carpPosition":[-12.6739,311.88,79.1476],"dipPosition":[-35.0917,331.472,-48.9101],"direction":[-0.33649,-0.210862,-0.917776],"extended":true,"handId":994,"id":9941,"length":57.352,"mcpPosition":[-15.3056,339.117,12.8219],"pipPosition":[-27.1599,336.443,-27.2761],"stabilizedTipPosition":[-37.9567,314.806,-47.8944],"timeVisible":18.1366,"tipPosition":[-40.0348,326.736,-59.8138],"tipVelocity":[-17.1492,132.597,-143.608],"tool":false,"touchDistance":-0.337692,"touchZone":"hovering","type":1,"width":18.8641},{"bases":[[[0.799817,-0.586754,-0.12654],[0.594162,0.743988,0.3057],[-0.0852263,-0.31969,0.943682]],[[0.799002,-0.58966,-0.117883],[0.389079,0.656421,-0.64632],[0.45849,0.470545,0.753906]],[[0.799002,-0.58966,-0.117883],[0.011099,0.210466,-0.977538],[0.601225,0.779747,0.174707]],[[0.799002,-0.58966,-0.117883],[-0.204859,-0.0826094,-0.975299],[0.565357,0.803416,-0.186802]]],"btipPosition":[-44.1322,271.975,-24.3031],"carpPosition":[-1.34391,308.691,76.767],"dipPosition":[-33.771,286.699,-27.7266],"direction":[-0.601225,-0.779747,-0.174707],"extended":false,"handId":994,"id":9942,"length":65.348,"mcpPosition":[4.45499,330.443,12.5577],"pipPosition":[-17.0974,308.324,-22.8815],"stabilizedTipPosition":[-33.8676,252.534,0.604271],"timeVisible":18.1366,"tipPosition":[-41.9454,274.75,-23.3904],"tipVelocity":[-5.74878,98.2779,-163.665],"tool":false,"touchDistance":-0.493104,"touchZone":"hovering","type":2,"width":18.527},{"bases":[[[0.731477,-0.681808,-0.00897279],[0.646768,0.689596,0.325805],[-0.215949,-0.244122,0.945394]],[[0.73921,-0.671958,-0.0451717],[0.472211,0.564958,-0.676639],[0.480193,0.478848,0.734928]],[[0.73921,-0.671958,-0.0451717],[0.0580742,0.130422,-0.989756],[0.670966,0.729015,0.135433]],[[0.73921,-0.671958,-0.0451717],[-0.181475,-0.134148,-0.974203],[0.648564,0.728338,-0.221108]]],"btipPosition":[-28.8949,263.686,-14.6356],"carpPosition":[8.78161,302.605,74.7718],"dipPosition":[-17.0771,276.957,-18.6646],"direction":[-0.670966,-0.729015,-0.135433],"extended":false,"handId":994,"id":9943,"length":62.8339,"mcpPosition":[21.9738,317.518,17.018],"pipPosition":[1.05,296.653,-15.0057],"stabilizedTipPosition":[-13.1324,240.63,13.1399],"timeVisible":18.1366,"tipPosition":[-26.4528,266.348,-13.9684],"tipVelocity":[-3.70908,92.0221,-160.317],"tool":false,"touchDistance":-0.389583,"touchZone":"hovering","type":3,"width":17.6296},{"bases":[[[0.584579,-0.809986,0.0467984],[0.731029,0.55086,0.402678],[-0.351943,-0.201186,0.914145]],[[0.616186,-0.786437,-0.0427965],[0.569267,0.482265,-0.665849],[0.544288,0.385925,0.744858]],[[0.616186,-0.786437,-0.0427965],[0.0885661,0.123181,-0.988424],[0.782605,0.605263,0.145554]],[[0.616186,-0.786437,-0.0427965],[-0.184578,-0.0913685,-0.978562],[0.765666,0.610876,-0.201459]]],"btipPosition":[-11.4298,266.722,-3.9207],"carpPosition":[15.2361,290.468,72.8498],"dipPosition":[1.44124,276.991,-7.30726],"direction":[-0.782605,-0.605263,-0.145554],"extended":false,"handId":994,"id":9944,"length":49.2606,"mcpPosition":[35.1385,301.845,21.1549],"pipPosition":[16.3692,288.537,-4.53086],"stabilizedTipPosition":[8.9959,243.261,21.6947],"timeVisible":18.1366,"tipPosition":[-8.71814,268.815,-3.4198],"tipVelocity":[-1.3383,90.9188,-164.607],"tool":false,"touchDistance":-0.448999,"touchZone":"hovering","type":4,"width":15.66}],"r":[[0.994091,0.0801175,0.0732432],[-0.0952396,0.967473,0.234361],[-0.0520844,-0.239952,0.969387]],"s":0.959725,"t":[12.2944,48.4118,-34.994],"timestamp":669636914912},false],[3,{"currentFrameRate":54.016,"devices":[],"gestures":[{"center":[-30.923,288.366,-32.4018],"duration":36764,"handIds":[994],"id":4,"normal":[-0.728581,-0.379479,-0.570233],"pointableIds":[9941],"progress":0.830195,"radius":22.4846,"state":"update","type":"circle"}],"hands":[{"armBasis":[[0.851672,-0.484052,-0.200868],[0.463831,0.874624,-0.141043],[0.243956,0.0269535,0.969412]],"armWidth":62.1429,"confidence":0.656985,"direction":[0.176682,0.425672,-0.887461],"elbow":[63.5853,301.503,333.018],"grabStrength":0.177122,"id":994,"palmNormal":[-0.443492,-0.770502,-0.457866],"palmPosition":[0.251444,317.104,29.4803],"palmVelocity":[-10.7995,85.3676,-148.797],"palmWidth":88.738,"pinchStrength":0.867461,"r":[[0.994341,0.079875,0.070038],[-0.0945035,0.966224,0.23975],[-0.0485224,-0.245012,0.968305]],"s":0.962436,"sphereCenter":[-11.3936,277.49,-8.08376],"sphereRadius":48.7146,"stabilizedPalmPosition":[12.3084,293.354,48.6808],"t":[12.0891,49.9909,-37.7455],"timeVisible":18.1552,"type":"right","wrist":[-0.652541,294.406,77.7547]}],"id":4977846,"interactionBox":{"center":[0,200,0],"size":[235.247,235.247,147.751]},"pointables":[{"bases":[[[0.784731,0.581291,0.21517],[-0.577783,0.560312,0.593479],[0.224422,-0.590043,0.775554]],[[0.677298,0.734902,-0.0344466],[-0.673997,0.638576,0.371414],[0.294949,-0.228341,0.927828]],[[0.677298,0.734902,-0.0344466],[-0.735165,0.677855,0.00672685],[0.0282934,0.0207678,0.999384]],[[0.677298,0.734902,-0.0344466],[-0.673703,0.600721,-0.430417],[-0.295622,0.314728,0.901972]]],"btipPosition":[-38.8954,301.304,-21.6293],"carpPosition":[-30.3432,298.061,77.3576],"dipPosition":[-45.6427,308.487,-1.04231],"direction":[-0.0282934,-0.0207678,-0.999384],"extended":false,"handId":994,"id":9940,"length":50.8265,"mcpPosition":[-30.3432,298.061,77.3576],"pipPosition":[-44.7019,309.178,32.1889],"stabilizedTipPosition":[-32.5162,281.276,6.00496],"timeVisible":18.1552,"tipPosition":[-40.0655,303.918,-16.7401],"tipVelocity":[-15.2455,82.0976,-145.176],"tool":false,"touchDistance":-0.412561,"touchZone":"hovering","type":0,"width":19.7488},{"bases":[[[0.895882,-0.396271,-0.200907],[0.442537,0.836043,0.324335],[0.0394422,-0.379474,0.924361]],[[0.8936,-0.380841,-0.237568],[0.350608,0.922692,-0.160356],[0.280273,0.0600011,0.958043]],[[0.8936,-0.380841,-0.237568],[0.302155,0.901766,-0.309062],[0.331935,0.204395,0.920892]],[[0.8936,-0.380841,-0.237568],[0.26546,0.875178,-0.404468],[0.361953,0.298368,0.883157]]],"btipPosition":[-41.5593,328.388,-66.4726],"carpPosition":[-13.1307,313.465,76.4135],"dipPosition":[-35.5282,333.359,-51.7568],"direction":[-0.331935,-0.204395,-0.920892],"extended":true,"handId":994,"id":9941,"length":57.352,"mcpPosition":[-15.9606,340.691,10.0918],"pipPosition":[-27.7038,338.177,-30.0494],"stabilizedTipPosition":[-38.2032,316.444,-49.5849],"timeVisible":18.1552,"tipPosition":[-40.4338,328.606,-62.6972],"tipVelocity":[-18.3752,120.093,-149.827],"tool":false,"touchDistance":-0.375909,"touchZone":"hovering","type":1,"width":18.8641},{"bases":[[[0.804318,-0.580576,-0.126503],[0.588384,0.748478,0.305915],[-0.0829224,-0.320486,0.943617]],[[0.803625,-0.583137,-0.118903],[0.380938,0.657518,-0.650043],[0.457245,0.477096,0.750538]],[[0.803625,-0.583137,-0.118903],[0.00557362,0.207157,-0.978292],[0.59511,0.785517,0.169727]],[[0.803625,-0.583137,-0.118903],[-0.207316,-0.0870216,-0.974396],[0.55786,0.807699,-0.190826]]],"btipPosition":[-44.3557,273.155,-26.6612],"carpPosition":[-1.77616,310.363,74.0343],"dipPosition":[-34.1319,287.958,-30.1584],"direction":[-0.59511,-0.785517,-0.169727],"extended":false,"handId":994,"id":9942,"length":65.348,"mcpPosition":[3.86598,332.169,9.82941],"pipPosition":[-17.6279,309.742,-25.4514],"stabilizedTipPosition":[-34.0843,253.174,-0.143137],"timeVisible":18.1552,"tipPosition":[-42.139,276.071,-26.0556],"tipVelocity":[-9.61156,81.8429,-146.205],"tool":false,"touchDistance":-0.507753,"touchZone":"hovering","type":2,"width":18.527},{"bases":[[[0.73669,-0.676171,-0.00896194],[0.641402,0.694488,0.32602],[-0.214221,-0.245924,0.94532]],[[0.744288,-0.666352,-0.0448257],[0.468274,0.568542,-0.676372],[0.476187,0.482425,0.735195]],[[0.744288,-0.666352,-0.0448257],[0.0576597,0.130981,-0.989707],[0.665365,0.734042,0.135909]],[[0.744288,-0.666352,-0.0448257],[-0.17988,-0.135375,-0.974329],[0.643178,0.733245,-0.220622]]],"btipPosition":[-28.962,265.165,-17.3965],"carpPosition":[8.3961,304.355,72.0397],"dipPosition":[-17.2422,278.526,-21.4166],"direction":[-0.665365,-0.734042,-0.135909],"extended":false,"handId":994,"id":9943,"length":62.8339,"mcpPosition":[21.4828,319.378,14.2904],"pipPosition":[0.733512,298.357,-17.7448],"stabilizedTipPosition":[-13.3655,241.121,12.5814],"timeVisible":18.1552,"tipPosition":[-26.5371,267.851,-16.7469],"tipVelocity":[-4.24584,86.4929,-154.486],"tool":false,"touchDistance":-0.420341,"touchZone":"hovering","type":3,"width":17.6296},{"bases":[[[0.590772,-0.805482,0.0467649],[0.726714,0.556391,0.402885],[-0.350536,-0.204028,0.914055]],[[0.622079,-0.781805,-0.0424035],[0.563975,0.485003,-0.668359],[0.543092,0.391858,0.742629]],[[0.622079,-0.781805,-0.0424035],[0.08599,0.122052,-0.988792],[0.778218,0.61146,0.143153]],[[0.622079,-0.781805,-0.0424035],[-0.184662,-0.0938732,-0.978309],[0.760866,0.616416,-0.202766]]],"btipPosition":[-11.596,268.268,-6.50397],"carpPosition":[14.9438,292.268,70.1169],"dipPosition":[1.19436,278.63,-9.91251],"direction":[-0.778218,-0.61146,-0.143153],"extended":false,"handId":994,"id":9944,"length":49.2606,"mcpPosition":[34.7667,303.806,18.427],"pipPosition":[16.0386,290.293,-7.1819],"stabilizedTipPosition":[8.77068,243.611,21.3249],"timeVisible":18.1552,"tipPosition":[-8.85887,270.422,-6.14135],"tipVelocity":[-5.5055,87.6691,-152.25],"tool":false,"touchDistance":-0.471257,"touchZone":"hovering","type":4,"width":15.66}],"r":[[0.994341,0.079875,0.070038],[-0.0945035,0.966224,0.23975],[-0.0485224,-0.245012,0.968305]],"s":0.962436,"t":[12.0891,49.9909,-37.7455],"timestamp":669636933516},false],[4,{"currentFrameRate":54.0939,"devices":[],"gestures":[{"center":[-30.923,288.366,-32.4018],"duration":36764,"handIds":[994],"id":4,"normal":[-0.728581,-0.379479,-0.570233],"pointableIds":[9941],"progress":0.830195,"radius":22.4846,"state":"update","type":"circle"}],"hands":[{"armBasis":[[0.85976,-0.471292,-0.196713],[0.451406,0.881446,-0.13887],[0.23884,0.0305978,0.970577]],"armWidth":62.1429,"confidence":0.640868,"direction":[0.170393,0.432554,-0.885361],"elbow":[62.3849,303.351,331.379],"grabStrength":0.168142,"id":994,"palmNormal":[-0.433009,-0.774231,-0.461595],"palmPosition":[0.0630273,318.247,27.6495],"palmVelocity":[-10.583,74.5578,-125.74],"palmWidth":88.738,"pinchStrength":0.864621,"r":[[0.994315,0.0823711,0.0674788],[-0.0965467,0.964694,0.245038],[-0.0449123,-0.25016,0.967162]],"s":0.965646,"sphereCenter":[-11.2346,278.835,-10.1255],"sphereRadius":48.6842,"stabilizedPalmPosition":[12.1802,293.615,48.4606],"t":[11.8923,51.3517,-40.0366],"timeVisible":18.1734,"type":"right","wrist":[-0.505971,295.294,75.8088]}],"id":4977847,"interactionBox":{"center":[0,200,0],"size":[235.247,235.247,147.751]},"pointables":[{"bases":[[[0.776721,0.590982,0.217817],[-0.585205,0.549268,0.596523],[0.232894,-0.5908,0.772474]],[[0.667337,0.744131,-0.0305089],[-0.682179,0.627188,0.375854],[0.29882,-0.230009,0.926176]],[[0.667337,0.744131,-0.0305089],[-0.74418,0.667872,0.0119952],[0.029302,0.0146993,0.999463]],[[0.667337,0.744131,-0.0305089],[-0.681898,0.594028,-0.426786],[-0.299462,0.305614,0.903838]]],"btipPosition":[-38.9309,302.274,-23.5104],"carpPosition":[-30.2444,298.541,75.4412],"dipPosition":[-45.766,309.25,-2.8809],"direction":[-0.029302,-0.0146993,-0.999463],"extended":false,"handId":994,"id":9940,"length":50.8265,"mcpPosition":[-30.2444,298.541,75.4412],"pipPosition":[-44.7916,309.739,30.353],"stabilizedTipPosition":[-32.663,281.691,5.54993],"timeVisible":18.1734,"tipPosition":[-40.1338,304.758,-18.6198],"tipVelocity":[-9.42462,67.092,-124.914],"tool":false,"touchDistance":-0.427709,"touchZone":"touching","type":0,"width":19.7488},{"bases":[[[0.901182,-0.382836,-0.203244],[0.43109,0.840427,0.328397],[0.0450892,-0.383562,0.922414]],[[0.898652,-0.36716,-0.240039],[0.33916,0.928592,-0.150623],[0.278201,0.0539462,0.959007]],[[0.898652,-0.36716,-0.240039],[0.292227,0.90918,-0.296638],[0.327152,0.196429,0.924331]],[[0.898652,-0.36716,-0.240039],[0.256778,0.883951,-0.390763],[0.355655,0.289523,0.888643]]],"btipPosition":[-41.7761,329.991,-68.3906],"carpPosition":[-13.2468,314.185,74.5687],"dipPosition":[-35.8499,334.815,-53.5834],"direction":[-0.327152,-0.196429,-0.924331],"extended":true,"handId":994,"id":9941,"length":57.352,"mcpPosition":[-16.4819,341.705,8.38664],"pipPosition":[-28.1382,339.445,-31.7949],"stabilizedTipPosition":[-38.4331,317.969,-51.1871],"timeVisible":18.1734,"tipPosition":[-40.6886,330.088,-64.5837],"tipVelocity":[-15.9169,103.882,-128.013],"tool":false,"touchDistance":-0.395105,"touchZone":"touching","type":1,"width":18.8641},{"bases":[[[0.812205,-0.568762,-0.129739],[0.578124,0.75498,0.30948],[-0.07807,-0.326367,0.942014]],[[0.811583,-0.571247,-0.122515],[0.370847,0.66574,-0.647505],[0.451449,0.48007,0.752149]],[[0.811583,-0.571247,-0.122515],[0.00167295,0.211973,-0.977274],[0.584235,0.792934,0.172989]],[[0.811583,-0.571247,-0.122515],[-0.206867,-0.0848601,-0.974682],[0.546387,0.81638,-0.187043]]],"btipPosition":[-43.977,273.941,-28.6523],"carpPosition":[-1.85155,311.253,72.1696],"dipPosition":[-33.9634,288.903,-32.0803],"direction":[-0.584235,-0.792934,-0.172989],"extended":false,"handId":994,"id":9942,"length":65.348,"mcpPosition":[3.46043,333.46,8.07377],"pipPosition":[-17.761,310.893,-27.2828],"stabilizedTipPosition":[-34.2351,253.655,-0.725545],"timeVisible":18.1734,"tipPosition":[-41.7879,276.916,-28.1074],"tipVelocity":[3.64792,64.3137,-128.176],"tool":false,"touchDistance":-0.514939,"touchZone":"touching","type":2,"width":18.527},{"bases":[[[0.745956,-0.665875,-0.0126585],[0.631892,0.701626,0.329292],[-0.210386,-0.253636,0.944143]],[[0.753205,-0.656072,-0.0474543],[0.461321,0.57829,-0.672877],[0.468898,0.484922,0.738231]],[[0.753205,-0.656072,-0.0474543],[0.0573326,0.137346,-0.988863],[0.655283,0.742095,0.141064]],[[0.753205,-0.656072,-0.0474543],[-0.176577,-0.13217,-0.975372],[0.633643,0.743034,-0.215399]]],"btipPosition":[-28.4268,266.173,-19.5902],"carpPosition":[8.40185,305.396,70.1408],"dipPosition":[-16.8808,279.712,-23.5151],"direction":[-0.655283,-0.742095,-0.141064],"extended":false,"handId":994,"id":9943,"length":62.8339,"mcpPosition":[21.2542,320.891,12.4634],"pipPosition":[0.822556,299.761,-19.7041],"stabilizedTipPosition":[-13.5336,241.502,12.1334],"timeVisible":18.1734,"tipPosition":[-26.0327,268.897,-18.9538],"tipVelocity":[10.7727,72.6838,-137.658],"tool":false,"touchDistance":-0.439217,"touchZone":"hovering","type":3,"width":17.6296},{"bases":[[[0.601863,-0.797469,0.0424675],[0.719137,0.564334,0.405425],[-0.34728,-0.21347,0.913141]],[[0.632794,-0.772918,-0.0465718],[0.55694,0.496107,-0.666105],[0.537949,0.395569,0.744403]],[[0.632794,-0.772918,-0.0465718],[0.083923,0.128251,-0.988185],[0.769759,0.621409,0.146022]],[[0.632794,-0.772918,-0.0465718],[-0.183695,-0.0914201,-0.978723],[0.752215,0.627885,-0.199831]]],"btipPosition":[-11.1247,269.434,-8.57998],"carpPosition":[15.1151,293.411,68.1544],"dipPosition":[1.52015,279.989,-11.9392],"direction":[-0.769759,-0.621409,-0.146022],"extended":false,"handId":994,"id":9944,"length":49.2606,"mcpPosition":[34.7538,305.483,16.5162],"pipPosition":[16.2031,291.842,-9.15386],"stabilizedTipPosition":[8.58633,243.917,20.992],"timeVisible":18.1734,"tipPosition":[-8.41628,271.625,-8.21228],"tipVelocity":[8.60845,77.542,-133.679],"tool":false,"touchDistance":-0.483435,"touchZone":"hovering","type":4,"width":15.66}],"r":[[0.994315,0.0823711,0.0674788],[-0.0965467,0.964694,0.245038],[-0.0449123,-0.25016,0.967162]],"s":0.965646,"t":[11.8923,51.3517,-40.0366],"timestamp":669636951727},false],[5,{"currentFrameRate":54.1468,"devices":[],"gestures":[{"center":[-30.923,288.366,-32.4018],"duration":36764,"handIds":[994],"id":4,"normal":[-0.728581,-0.379479,-0.570233],"pointableIds":[9941],"progress":0.830195,"radius":22.4846,"state":"update","type":"circle"}],"hands":[{"armBasis":[[0.861532,-0.464149,-0.205736],[0.445397,0.88547,-0.13253],[0.243687,0.0225441,0.969592]],"armWidth":62.1429,"confidence":0.601942,"direction":[0.166823,0.438336,-0.883194],"elbow":[63.4364,302.19,329.688],"grabStrength":0.158545,"id":994,"palmNormal":[-0.427894,-0.774815,-0.465369],"palmPosition":[-0.351632,319.46,26.338],"palmVelocity":[-16.3785,70.6229,-99.8709],"palmWidth":88.738,"pinchStrength":0.854201,"r":[[0.994172,0.0856936,0.0654105],[-0.099478,0.963048,0.250284],[-0.0415458,-0.255332,0.96596]],"s":0.969965,"sphereCenter":[-11.5564,280.278,-11.6943],"sphereRadius":48.7386,"stabilizedPalmPosition":[12.0214,293.942,48.1804],"t":[11.5865,52.6385,-41.8379],"timeVisible":18.1917,"type":"right","wrist":[-0.730648,296.253,74.3773]}],"id":4977848,"interactionBox":{"center":[0,200,0],"size":[235.247,235.247,147.751]},"pointables":[{"bases":[[[0.772722,0.595238,0.220437],[-0.588643,0.542063,0.599722],[0.237486,-0.593177,0.769247]],[[0.663048,0.748145,-0.025417],[-0.68441,0.619617,0.384263],[0.303233,-0.237389,0.922874]],[[0.663048,0.748145,-0.025417],[-0.74784,0.663519,0.0218396],[0.0332038,0.00452713,0.999438]],[[0.663048,0.748145,-0.025417],[-0.685434,0.593121,-0.422359],[-0.30091,0.297466,0.906072]]],"btipPosition":[-39.4893,303.912,-24.7969],"carpPosition":[-30.4912,299.295,74.0442],"dipPosition":[-46.3574,310.701,-4.11634],"direction":[-0.0332038,-0.00452713,-0.999438],"extended":false,"handId":994,"id":9940,"length":50.8265,"mcpPosition":[-30.4912,299.295,74.0442],"pipPosition":[-45.2533,310.852,29.1167],"stabilizedTipPosition":[-32.8506,282.222,4.97875],"timeVisible":18.1917,"tipPosition":[-40.6527,306.117,-19.9329],"tipVelocity":[-19.739,76.7267,-98.4764],"tool":false,"touchDistance":-0.432392,"touchZone":"touching","type":0,"width":19.7488},{"bases":[[[0.903699,-0.375483,-0.205767],[0.42543,0.841689,0.332519],[0.0483362,-0.388037,0.920375]],[[0.901005,-0.359481,-0.242825],[0.334025,0.932047,-0.140411],[0.276799,0.0454018,0.959855]],[[0.901005,-0.359481,-0.242825],[0.288527,0.914578,-0.28337],[0.323948,0.185256,0.927759]],[[0.901005,-0.359481,-0.242825],[0.254192,0.89108,-0.375981],[0.351534,0.277037,0.894245]]],"btipPosition":[-42.1629,332.017,-69.7795],"carpPosition":[-13.6035,315.061,73.2432],"dipPosition":[-36.3054,336.633,-54.8789],"direction":[-0.323948,-0.185256,-0.927759],"extended":true,"handId":994,"id":9941,"length":57.352,"mcpPosition":[-17.0716,342.902,7.20742],"pipPosition":[-28.6692,341,-33.0096],"stabilizedTipPosition":[-38.7141,319.751,-52.9759],"timeVisible":18.1917,"tipPosition":[-41.1082,331.978,-65.942],"tipVelocity":[-18.8406,105.963,-102.521],"tool":false,"touchDistance":-0.40444,"touchZone":"touching","type":1,"width":18.8641},{"bases":[[[0.816066,-0.562405,-0.13318],[0.573045,0.757368,0.313071],[-0.0752062,-0.331805,0.940346]],[[0.815492,-0.564826,-0.126272],[0.36566,0.671922,-0.64406],[0.448627,0.479053,0.754481]],[[0.815492,-0.564826,-0.126272],[-0.000371384,0.217662,-0.976024],[0.578769,0.795986,0.177292]],[[0.815492,-0.564826,-0.126272],[-0.206753,-0.0805227,-0.975074],[0.54058,0.821272,-0.182445]]],"btipPosition":[-44.1192,275.152,-30.1995],"carpPosition":[-2.18963,312.221,70.8221],"dipPosition":[-34.2121,290.204,-33.5432],"direction":[-0.578769,-0.795986,-0.177292],"extended":false,"handId":994,"id":9942,"length":65.348,"mcpPosition":[2.92749,334.797,6.83983],"pipPosition":[-18.1613,312.278,-28.6264],"stabilizedTipPosition":[-34.3758,254.117,-1.2848],"timeVisible":18.1917,"tipPosition":[-41.9472,278.147,-29.6582],"tipVelocity":[-2.46895,65.7875,-106.807],"tool":false,"touchDistance":-0.514696,"touchZone":"touching","type":2,"width":18.527},{"bases":[[[0.750568,-0.660586,-0.0165682],[0.627195,0.704288,0.332572],[-0.208024,-0.26001,0.942932]],[[0.757545,-0.650837,-0.050369],[0.458016,0.584915,-0.6694],[0.465132,0.48403,0.741193]],[[0.757545,-0.650837,-0.050369],[0.0575383,0.143433,-0.987986],[0.650243,0.745545,0.146105]],[[0.757545,-0.650837,-0.050369],[-0.174554,-0.127612,-0.976343],[0.629013,0.748416,-0.210278]]],"btipPosition":[-28.4852,267.46,-21.2588],"carpPosition":[8.10305,306.446,68.7569],"dipPosition":[-17.0236,281.097,-25.0904],"direction":[-0.650243,-0.745545,-0.146105],"extended":false,"handId":994,"id":9943,"length":62.8339,"mcpPosition":[20.8111,322.33,11.1534],"pipPosition":[0.543591,301.239,-21.1432],"stabilizedTipPosition":[-13.7045,241.906,11.6577],"timeVisible":18.1917,"tipPosition":[-26.1035,270.206,-20.6376],"tipVelocity":[3.57278,72.1834,-114.873],"tool":false,"touchDistance":-0.448335,"touchZone":"touching","type":3,"width":17.6296},{"bases":[[[0.607429,-0.793466,0.0379561],[0.715442,0.567213,0.407937],[-0.345214,-0.220638,0.912221]],[[0.63804,-0.768334,-0.0506745],[0.553503,0.5034,-0.663492],[0.535293,0.395286,0.746465]],[[0.63804,-0.768334,-0.0506745],[0.083119,0.134151,-0.987469],[0.765504,0.625833,0.149457]],[[0.63804,-0.768334,-0.0506745],[-0.182999,-0.0873827,-0.979222],[0.747941,0.634056,-0.196358]]],"btipPosition":[-11.2137,270.769,-10.1733],"carpPosition":[14.8983,294.519,66.704],"dipPosition":[1.35936,281.427,-13.4741],"direction":[-0.765504,-0.625833,-0.149457],"extended":false,"handId":994,"id":9944,"length":49.2606,"mcpPosition":[34.4202,306.996,15.1179],"pipPosition":[15.9611,293.365,-10.6233],"stabilizedTipPosition":[8.37253,244.288,20.5883],"timeVisible":18.1917,"tipPosition":[-8.51755,272.979,-9.8106],"tipVelocity":[1.72095,75.9956,-111.039],"tool":false,"touchDistance":-0.487123,"touchZone":"touching","type":4,"width":15.66}],"r":[[0.994172,0.0856936,0.0654105],[-0.099478,0.963048,0.250284],[-0.0415458,-0.255332,0.96596]],"s":0.969965,"t":[11.5865,52.6385,-41.8379],"timestamp":669636970009},false],[6,{"currentFrameRate":54.1331,"devices":[],"gestures":[{"center":[-30.923,288.366,-32.4018],"duration":36764,"handIds":[994],"id":4,"normal":[-0.728581,-0.379479,-0.570233],"pointableIds":[9941],"progress":0.830195,"radius":22.4846,"state":"update","type":"circle"}],"hands":[{"armBasis":[[0.858273,-0.470071,-0.205913],[0.447536,0.881941,-0.14796],[0.251155,0.0348367,0.96732]],"armWidth":62.1429,"confidence":0.61002,"direction":[0.164664,0.435754,-0.884875],"elbow":[65.1385,306.675,326.089],"grabStrength":0.150853,"id":994,"palmNormal":[-0.433763,-0.773725,-0.461736],"palmPosition":[-0.736218,320.609,23.2892],"palmVelocity":[-18.4991,66.4822,-131.172],"palmWidth":88.738,"pinchStrength":0.842483,"r":[[0.994189,0.0874474,0.0627863],[-0.10066,0.961904,0.25418],[-0.0381671,-0.259023,0.965117]],"s":0.974778,"sphereCenter":[-12.4653,281.496,-14.6507],"sphereRadius":48.776,"stabilizedPalmPosition":[11.8781,294.242,47.9007],"t":[11.2413,53.8567,-44.263],"timeVisible":18.2102,"type":"right","wrist":[-0.995,297.502,71.3772]}],"id":4977849,"interactionBox":{"center":[0,200,0],"size":[235.247,235.247,147.751]},"pointables":[{"bases":[[[0.776565,0.592025,0.215529],[-0.583207,0.546052,0.601413],[0.238361,-0.592735,0.769318]],[[0.6684,0.743321,-0.0267307],[-0.677759,0.623463,0.389791],[0.306406,-0.242419,0.920515]],[[0.6684,0.743321,-0.0267307],[-0.742747,0.668934,0.0292123],[0.0395952,0.00032865,0.999216]],[[0.6684,0.743321,-0.0267307],[-0.681486,0.597607,-0.422424],[-0.298023,0.300565,0.906004]]],"btipPosition":[-40.1731,305.614,-27.5375],"carpPosition":[-30.7422,300.684,71.1798],"dipPosition":[-46.9752,312.474,-6.85852],"direction":[-0.0395952,-0.00032865,-0.999216],"extended":false,"handId":994,"id":9940,"length":50.8265,"mcpPosition":[-30.7422,300.684,71.1798],"pipPosition":[-45.6586,312.485,26.3671],"stabilizedTipPosition":[-33.0742,282.85,4.28026],"timeVisible":18.2102,"tipPosition":[-41.3556,307.599,-22.7145],"tipVelocity":[-27.6496,84.4953,-122.415],"tool":false,"touchDistance":-0.458601,"touchZone":"touching","type":0,"width":19.7488},{"bases":[[[0.900925,-0.380165,-0.209307],[0.43098,0.84034,0.328762],[0.0509053,-0.386397,0.920927]],[[0.898148,-0.364314,-0.246184],[0.33913,0.930337,-0.139512],[0.27986,0.041814,0.95913]],[[0.898148,-0.364314,-0.246184],[0.294321,0.914092,-0.278947],[0.326659,0.178079,0.928214]],[[0.898148,-0.364314,-0.246184],[0.260497,0.891942,-0.369568],[0.354221,0.267796,0.895998]]],"btipPosition":[-42.7649,333.68,-72.8058],"carpPosition":[-13.7843,316.368,70.266],"dipPosition":[-36.8627,338.142,-57.8761],"direction":[-0.326659,-0.178079,-0.928214],"extended":true,"handId":994,"id":9941,"length":57.352,"mcpPosition":[-17.4367,344.092,4.19064],"pipPosition":[-29.1626,342.34,-35.996],"stabilizedTipPosition":[-39,321.339,-54.7164],"timeVisible":18.2102,"tipPosition":[-41.7306,333.556,-68.9482],"tipVelocity":[-25.1781,97.2154,-131.778],"tool":false,"touchDistance":-0.437624,"touchZone":"touching","type":1,"width":18.8641},{"bases":[[[0.812759,-0.566524,-0.135921],[0.5781,0.755284,0.308782],[-0.0722737,-0.329541,0.941371]],[[0.812244,-0.568768,-0.129467],[0.365434,0.669156,-0.647061],[0.454661,0.47826,0.751366]],[[0.812244,-0.568768,-0.129467],[-0.00413541,0.216329,-0.976312],[0.583303,0.793539,0.17336]],[[0.812244,-0.568768,-0.129467],[-0.211784,-0.0807404,-0.973976],[0.543513,0.818525,-0.186037]]],"btipPosition":[-44.9879,276.402,-32.9738],"carpPosition":[-2.39564,313.469,67.7963],"dipPosition":[-35.027,291.403,-36.3833],"direction":[-0.583303,-0.793539,-0.17336],"extended":false,"handId":994,"id":9942,"length":65.348,"mcpPosition":[2.52195,335.892,3.74423],"pipPosition":[-18.8505,313.41,-31.5756],"stabilizedTipPosition":[-34.511,254.535,-1.81244],"timeVisible":18.2102,"tipPosition":[-42.7949,279.396,-32.4672],"tipVelocity":[-23.6288,66.3011,-127.983],"tool":false,"touchDistance":-0.533401,"touchZone":"touching","type":2,"width":18.527},{"bases":[[[0.747357,-0.664157,-0.0187968],[0.632092,0.701988,0.328134],[-0.204737,-0.257114,0.944444]],[[0.754163,-0.654597,-0.0523597],[0.457633,0.581071,-0.673],[0.470968,0.48359,0.737787]],[[0.754163,-0.654597,-0.0523