{"sensorType":"Leap","data":[[0,{"currentFrameRate":52.9005,"devices":[],"gestures":[],"hands":[{"armBasis":[[0.863974,-0.472711,-0.173475],[0.440472,0.876438,-0.194529],[0.243996,0.0916569,0.965435]],"armWidth":62.1429,"confidence":0.646301,"direction":[0.153448,0.396667,-0.905046],"elbow":[62.7179,311.752,343.034],"grabStrength":0.0640507,"id":994,"palmNormal":[-0.433675,-0.795942,-0.422377],"palmPosition":[-1.87721,308.553,39.7466],"palmVelocity":[-18.2013,94.8508,-155.308],"palmWidth":88.738,"pinchStrength":0.84322,"r":[[0.98848,0.141767,0.0530064],[-0.149359,0.97033,0.190134],[-0.024479,-0.195861,0.980326]],"s":1.03076,"sphereCenter":[-14.2764,268.941,3.66123],"sphereRadius":48.1438,"stabilizedPalmPosition":[16.3133,292.633,39.764],"t":[10.0905,41.2756,-27.373],"timeVisible":14.777,"type":"right","wrist":[-1.53044,287.617,88.8182]}],"id":4977664,"interactionBox":{"center":[0,200,0],"size":[235.247,235.247,147.751]},"pointables":[{"bases":[[[0.775125,0.605295,0.181106],[-0.580522,0.569191,0.58225],[0.249349,-0.556453,0.792581]],[[0.682215,0.73037,-0.033797],[-0.66895,0.642168,0.374334],[0.295106,-0.232768,0.926678]],[[0.682215,0.73037,-0.033797],[-0.731151,0.681478,-0.0317228],[-0.000137469,0.0463524,0.998925]],[[0.682215,0.73037,-0.033797],[-0.681221,0.618159,-0.392194],[-0.265555,0.290584,0.919261]]],"btipPosition":[-39.597,293.782,-10.5334],"carpPosition":[-31.2964,290.624,88.7768],"dipPosition":[-45.6582,300.415,10.4481],"direction":[0.000137469,-0.0463524,-0.998925],"extended":false,"handId":994,"id":9940,"length":50.8265,"mcpPosition":[-31.2964,290.624,88.7768],"pipPosition":[-45.6627,301.956,43.6641],"stabilizedTipPosition":[-30.1061,280.047,2.38067],"timeVisible":14.777,"tipPosition":[-40.6113,295.94,-5.55762],"tipVelocity":[-39.718,127.599,-153.893],"tool":false,"touchDistance":-0.179734,"touchZone":"hovering","type":0,"width":19.7488},{"bases":[[[0.901067,-0.384216,-0.201139],[0.429202,0.856533,0.286597],[0.0621674,-0.344572,0.936699]],[[0.899442,-0.376373,-0.222145],[0.353624,0.925428,-0.136136],[0.256817,0.0438904,0.965463]],[[0.899442,-0.376373,-0.222145],[0.30557,0.904976,-0.29605],[0.312461,0.198399,0.928981]],[[0.899442,-0.376373,-0.222145],[0.267465,0.876031,-0.401289],[0.34564,0.30152,0.888605]]],"btipPosition":[-42.7866,319.528,-57.3696],"carpPosition":[-14.4411,306.345,86.9941],"dipPosition":[-37.0273,324.552,-42.563],"direction":[-0.312461,-0.198399,-0.928981],"extended":true,"handId":994,"id":9941,"length":57.352,"mcpPosition":[-18.9015,331.067,19.7871],"pipPosition":[-29.6619,329.228,-20.6649],"stabilizedTipPosition":[-37.3227,309.001,-47.3577],"timeVisible":14.777,"tipPosition":[-41.3741,320.247,-53.832],"tipVelocity":[-40.1178,184.077,-143.469],"tool":false,"touchDistance":-0.100739,"touchZone":"touching","type":1,"width":18.8641},{"bases":[[[0.814722,-0.567587,-0.11863],[0.576619,0.771472,0.268962],[-0.0611395,-0.287533,0.955817]],[[0.813433,-0.572878,-0.100689],[0.374767,0.648573,-0.662498],[0.444834,0.501162,0.742266]],[[0.813433,-0.572878,-0.100689],[-0.0879874,0.0499237,-0.99487],[0.574966,0.818119,-0.00979651]],[[0.813433,-0.572878,-0.100689],[-0.333831,-0.318047,-0.887357],[0.476324,0.755418,-0.449955]]],"btipPosition":[-44.4855,262.873,-6.8667],"carpPosition":[-3.06014,303.401,84.5424],"dipPosition":[-35.7559,276.718,-15.113],"direction":[-0.574966,-0.818119,0.00979651],"extended":false,"handId":994,"id":9942,"length":65.348,"mcpPosition":[1.09987,322.965,19.5074],"pipPosition":[-19.8106,299.406,-15.3847],"stabilizedTipPosition":[-30.4347,249.666,4.83876],"timeVisible":14.777,"tipPosition":[-42.5942,265.518,-6.80445],"tipVelocity":[-35.5684,152.357,-234.723],"tool":false,"touchDistance":0.333333,"touchZone":"none","type":2,"width":18.527},{"bases":[[[0.751043,-0.660244,0.00338402],[0.631111,0.71939,0.290131],[-0.193992,-0.215765,0.956981]],[[0.759122,-0.649697,-0.040342],[0.453073,0.571847,-0.683897],[0.467396,0.500884,0.728462]],[[0.759122,-0.649697,-0.040342],[-0.0564884,-0.00400847,-0.998395],[0.648493,0.760183,-0.0397433]],[[0.759122,-0.649697,-0.040342],[-0.333914,-0.335456,-0.880892],[0.55878,0.682175,-0.471595]]],"btipPosition":[-29.0087,255.929,2.0629],"carpPosition":[7.2084,297.541,82.5995],"dipPosition":[-18.8268,268.359,-6.53031],"direction":[-0.648493,-0.760183,0.0397433],"extended":false,"handId":994,"id":9943,"length":62.8339,"mcpPosition":[19.0593,310.722,24.1378],"pipPosition":[-1.3069,288.897,-7.60403],"stabilizedTipPosition":[-5.89505,242.148,7.99928],"timeVisible":14.777,"tipPosition":[-26.9386,258.443,2.04345],"tipVelocity":[-33.1217,135.648,-232.285],"tool":false,"touchDistance":0.333333,"touchZone":"none","type":3,"width":17.6296},{"bases":[[[0.608872,-0.790507,0.0661365],[0.720608,0.586033,0.370525],[-0.331661,-0.177944,0.926465]],[[0.628575,-0.777712,0.00758138],[0.571208,0.455011,-0.683144],[0.52784,0.433738,0.730244]],[[0.628575,-0.777712,0.00758138],[-0.0310116,-0.0348024,-0.998913],[0.777131,0.627656,-0.045994]],[[0.628575,-0.777712,0.00758138],[-0.357207,-0.297339,-0.885434],[0.690867,0.553853,-0.464704]]],"btipPosition":[-11.8963,259.357,12.1231],"carpPosition":[13.9875,285.534,81.0074],"dipPosition":[-0.282649,268.668,4.3113],"direction":[-0.777131,-0.627656,0.045994],"extended":false,"handId":994,"id":9944,"length":49.2606,"mcpPosition":[32.743,295.597,28.6158],"pipPosition":[14.5409,280.64,3.43398],"stabilizedTipPosition":[17.579,247.185,9.23191],"timeVisible":14.777,"tipPosition":[-9.51899,261.273,11.912],"tipVelocity":[-28.6931,119.36,-217.457],"tool":false,"touchDistance":0.333333,"touchZone":"none","type":4,"width":15.66}],"r":[[0.98848,0.141767,0.0530064],[-0.149359,0.97033,0.190134],[-0.024479,-0.195861,0.980326]],"s":1.03076,"t":[10.0905,41.2756,-27.373],"timestamp":669633555277},false],[1,{"currentFrameRate":53.0591,"devices":[],"gestures":[],"hands":[{"armBasis":[[0.865715,-0.464976,-0.185298],[0.437486,0.882771,-0.171232],[0.243195,0.0671732,0.967649]],"armWidth":62.1429,"confidence":0.629322,"direction":[0.144406,0.40003,-0.905054],"elbow":[62.6892,307.448,338.668],"grabStrength":0.0566409,"id":994,"palmNormal":[-0.432517,-0.797123,-0.421335],"palmPosition":[-2.18182,310.831,34.8609],"palmVelocity":[-17.4667,109.104,-208.957],"palmWidth":88.738,"pinchStrength":0.850788,"r":[[0.9897,0.134868,0.0480127],[-0.141786,0.969787,0.198519],[-0.0197883,-0.203281,0.97892]],"s":1.02816,"sphereCenter":[-14.8463,271.411,-1.2627],"sphereRadius":48.1271,"stabilizedPalmPosition":[16.0582,292.883,39.6964],"t":[9.77054,43.286,-31.2447],"timeVisible":14.7952,"type":"right","wrist":[-1.34828,289.76,83.8688]}],"id":4977665,"interactionBox":{"center":[0,200,0],"size":[235.247,235.247,147.751]},"pointables":[{"bases":[[[0.773161,0.609025,0.176945],[-0.579185,0.564371,0.588244],[0.258393,-0.557291,0.789088]],[[0.676927,0.735032,-0.0387012],[-0.670341,0.637358,0.380024],[0.303997,-0.231306,0.924166]],[[0.676927,0.735032,-0.0387012],[-0.735997,0.676575,-0.0235446],[0.00887822,0.0444219,0.998973]],[[0.676927,0.735032,-0.0387012],[-0.688038,0.613216,-0.388035],[-0.261486,0.289299,0.920832]]],"btipPosition":[-40.2558,295.784,-15.1639],"carpPosition":[-31.1296,292.604,84.0615],"dipPosition":[-46.2241,302.387,5.85349],"direction":[-0.00887822,-0.0444219,-0.998973],"extended":false,"handId":994,"id":9940,"length":50.8265,"mcpPosition":[-31.1296,292.604,84.0615],"pipPosition":[-45.9288,303.864,39.0711],"stabilizedTipPosition":[-30.9513,281.312,1.4484],"timeVisible":14.7952,"tipPosition":[-41.2496,297.972,-10.1903],"tipVelocity":[-37.3993,118.769,-201.316],"tool":false,"touchDistance":-0.256772,"touchZone":"hovering","type":0,"width":19.7488},{"bases":[[[0.901598,-0.378708,-0.209049],[0.426682,0.858068,0.285766],[0.0711561,-0.346843,0.93522]],[[0.89969,-0.370503,-0.230838],[0.34836,0.928046,-0.131815],[0.263066,0.0381777,0.964022]],[[0.89969,-0.370503,-0.230838],[0.300389,0.909153,-0.288457],[0.316741,0.190181,0.929251]],[[0.89969,-0.370503,-0.230838],[0.262561,0.881745,-0.391902],[0.348741,0.291981,0.890577]]],"btipPosition":[-43.7793,322.359,-62.0406],"carpPosition":[-14.3744,308.421,82.1958],"dipPosition":[-37.9683,327.224,-47.2012],"direction":[-0.316741,-0.190181,-0.92925],"extended":true,"handId":994,"id":9941,"length":57.352,"mcpPosition":[-19.4798,333.307,15.0949],"pipPosition":[-30.502,331.707,-25.2967],"stabilizedTipPosition":[-39.2312,314.397,-51.5586],"timeVisible":14.7952,"tipPosition":[-42.3968,322.915,-58.463],"tipVelocity":[-46.605,169.159,-196.966],"tool":false,"touchDistance":-0.178464,"touchZone":"touching","type":1,"width":18.8641},{"bases":[[[0.816885,-0.56278,-0.126408],[0.574424,0.773866,0.266773],[-0.0523117,-0.290534,0.955434]],[[0.815747,-0.568184,-0.108282],[0.369261,0.655664,-0.658598],[0.445201,0.497265,0.744663]],[[0.815747,-0.568184,-0.108282],[-0.0902687,0.0598543,-0.994117],[0.571322,0.820722,-0.00246325]],[[0.815747,-0.568184,-0.108282],[-0.334227,-0.310247,-0.889966],[0.47207,0.762177,-0.442985]]],"btipPosition":[-44.8608,265.21,-12.1772],"carpPosition":[-2.99653,305.546,79.6496],"dipPosition":[-36.2092,279.179,-20.2957],"direction":[-0.571322,-0.820722,0.00246325],"extended":false,"handId":994,"id":9942,"length":65.348,"mcpPosition":[0.562821,325.315,14.6407],"pipPosition":[-20.3649,301.939,-20.364],"stabilizedTipPosition":[-31.1118,250.687,3.81067],"timeVisible":14.7952,"tipPosition":[-42.9693,267.891,-12.1315],"tipVelocity":[-28.8383,141.381,-260.701],"tool":false,"touchDistance":0.333333,"touchZone":"none","type":2,"width":18.527},{"bases":[[[0.75464,-0.656125,-0.00417844],[0.629359,0.722025,0.287381],[-0.185541,-0.219499,0.957807]],[[0.762315,-0.645435,-0.0478435],[0.446494,0.577981,-0.683067],[0.468528,0.499351,0.728787]],[[0.762315,-0.645435,-0.0478435],[-0.0609865,0.00195751,-0.998137],[0.644326,0.763812,-0.0378706]],[[0.762315,-0.645435,-0.0478435],[-0.336285,-0.33185,-0.881356],[0.552981,0.68796,-0.470025]]],"btipPosition":[-29.2757,258.228,-3.06809],"carpPosition":[7.2888,299.749,77.6123],"dipPosition":[-19.1995,270.764,-11.6327],"direction":[-0.644326,-0.763812,0.0378706],"extended":false,"handId":994,"id":9943,"length":62.8339,"mcpPosition":[18.6234,313.158,19.1002],"pipPosition":[-1.79212,291.399,-12.6558],"stabilizedTipPosition":[-6.49616,242.689,7.62722],"timeVisible":14.7952,"tipPosition":[-27.2028,260.769,-3.15895],"tipVelocity":[-24.8925,131.565,-255.323],"tool":false,"touchDistance":0.333333,"touchZone":"none","type":3,"width":17.6296},{"bases":[[[0.613663,-0.78734,0.0592795],[0.72019,0.588936,0.366716],[-0.323642,-0.182348,0.928442]],[[0.633085,-0.774083,-0.000153422],[0.563253,0.460793,-0.685868],[0.530989,0.434126,0.727726]],[[0.633085,-0.774083,-0.000153422],[-0.03823,-0.0310685,-0.998786],[0.773138,0.632322,-0.0492622]],[[0.633085,-0.774083,-0.000153422],[-0.361966,-0.295859,-0.883996],[0.68424,0.559699,-0.467495]]],"btipPosition":[-12.1372,261.655,7.13482],"carpPosition":[14.1211,287.784,75.9349],"dipPosition":[-0.634989,271.064,-0.723864],"direction":[-0.773138,-0.632322,0.0492622],"extended":false,"handId":994,"id":9944,"length":49.2606,"mcpPosition":[32.4231,298.095,23.4314],"pipPosition":[14.1124,283.125,-1.66353],"stabilizedTipPosition":[17.1396,247.455,9.16853],"timeVisible":14.7952,"tipPosition":[-9.76305,263.597,6.86683],"tipVelocity":[-21.9367,123.003,-244.312],"tool":false,"touchDistance":0.333333,"touchZone":"none","type":4,"width":15.66}],"r":[[0.9897,0.134868,0.0480127],[-0.141786,0.969787,0.198519],[-0.0197883,-0.203281,0.97892]],"s":1.02816,"t":[9.77054,43.286,-31.2447],"timestamp":669633573553},false],[2,{"currentFrameRate":53.1328,"devices":[],"gestures":[],"hands":[{"armBasis":[[0.871013,-0.458115,-0.177389],[0.433442,0.886607,-0.161418],[0.231222,0.0637091,0.970813]],"armWidth":62.1429,"confidence":0.60302,"direction":[0.136014,0.404743,-0.904259],"elbow":[59.893,307.982,336.02],"grabStrength":0.0498654,"id":994,"palmNormal":[-0.43195,-0.79719,-0.421791],"palmPosition":[-2.2768,312.493,31.4835],"palmVelocity":[-11.4888,99.6473,-195.913],"palmWidth":88.738,"pinchStrength":0.851833,"r":[[0.990565,0.130236,0.0426573],[-0.136278,0.96896,0.206266],[-0.01447,-0.210133,0.977566]],"s":1.02697,"sphereCenter":[-15.1689,273.286,-4.75385],"sphereRadius":48.1444,"stabilizedPalmPosition":[15.8587,293.097,39.6071],"t":[9.56306,45.1221,-34.8693],"timeVisible":14.8138,"type":"right","wrist":[-0.991818,291.206,80.3883]}],"id":4977666,"interactionBox":{"center":[0,200,0],"size":[235.247,235.247,147.751]},"pointables":[{"bases":[[[0.771659,0.611747,0.174092],[-0.577448,0.559076,0.594969],[0.26664,-0.559642,0.784668]],[[0.672776,0.738699,-0.041172],[-0.670271,0.632124,0.388787],[0.313223,-0.23397,0.920407]],[[0.672776,0.738699,-0.041172],[-0.73962,0.672903,-0.0127728],[0.0182695,0.0390449,0.99907]],[[0.672776,0.738699,-0.041172],[-0.6942,0.611046,-0.380406],[-0.255847,0.28451,0.923903]]],"btipPosition":[-40.7999,297.511,-18.3062],"carpPosition":[-30.7836,293.913,80.8096],"dipPosition":[-46.6394,304.005,2.78134],"direction":[-0.0182695,-0.0390449,-0.99907],"extended":false,"handId":994,"id":9940,"length":50.8265,"mcpPosition":[-30.7836,293.913,80.8096],"pipPosition":[-46.0319,305.303,36.0022],"stabilizedTipPosition":[-31.5469,282.254,0.655173],"timeVisible":14.8138,"tipPosition":[-41.7288,299.63,-13.3326],"tipVelocity":[-32.7154,105.681,-185.415],"tool":false,"touchDistance":-0.30632,"touchZone":"hovering","type":0,"width":19.7488},{"bases":[[[0.901763,-0.373647,-0.217284],[0.424854,0.858715,0.286544],[0.0795184,-0.350709,0.933102]],[[0.899596,-0.365127,-0.239603],[0.344043,0.930439,-0.126162],[0.269002,0.0310608,0.962639]],[[0.899596,-0.365127,-0.239603],[0.295943,0.91313,-0.280377],[0.321162,0.181317,0.929505]],[[0.899596,-0.365127,-0.239603],[0.258176,0.887129,-0.382553],[0.35224,0.282284,0.892325]]],"btipPosition":[-44.5302,324.699,-65.1676],"carpPosition":[-14.1142,309.815,78.8941],"dipPosition":[-38.661,329.403,-50.299],"direction":[-0.321162,-0.181317,-0.929505],"extended":true,"handId":994,"id":9941,"length":57.352,"mcpPosition":[-19.8195,334.978,11.9451],"pipPosition":[-31.0905,333.677,-28.3886],"stabilizedTipPosition":[-40.5665,318.246,-55.0038],"timeVisible":14.8138,"tipPosition":[-43.1689,325.125,-61.563],"tipVelocity":[-43.286,147.348,-183.017],"tool":false,"touchDistance":-0.230468,"touchZone":"touching","type":1,"width":18.8641},{"bases":[[[0.818487,-0.558472,-0.134864],[0.572834,0.775275,0.266101],[-0.0440532,-0.295055,0.954464]],[[0.817491,-0.564028,-0.116537],[0.363378,0.662095,-0.655429],[0.446839,0.49346,0.746212]],[[0.817491,-0.564028,-0.116537],[-0.0943859,0.0684061,-0.993183],[0.568154,0.822918,0.00268511]],[[0.817491,-0.564028,-0.116537],[-0.33647,-0.303486,-0.891451],[0.467435,0.767964,-0.437875]]],"btipPosition":[-45.0725,266.987,-15.8175],"carpPosition":[-2.74219,307.004,76.2525],"dipPosition":[-36.5059,281.062,-23.8424],"direction":[-0.568154,-0.822918,-0.00268511],"extended":false,"handId":994,"id":9942,"length":65.348,"mcpPosition":[0.255241,327.08,11.3096],"pipPosition":[-20.7495,303.883,-23.7679],"stabilizedTipPosition":[-31.5847,251.458,2.96385],"timeVisible":14.8138,"tipPosition":[-43.1838,269.698,-15.8036],"tipVelocity":[-20.9121,119.933,-228.904],"tool":false,"touchDistance":0.333333,"touchZone":"none","type":2,"width":18.527},{"bases":[[[0.757555,-0.652649,-0.0126107],[0.628151,0.723593,0.286076],[-0.177582,-0.22464,0.958124]],[[0.76484,-0.641772,-0.0561173],[0.439146,0.583121,-0.683462],[0.47135,0.498096,0.727825]],[[0.76484,-0.641772,-0.0561173],[-0.0677076,0.00654726,-0.997684],[0.640653,0.766868,-0.0384452]],[[0.76484,-0.641772,-0.0561173],[-0.34066,-0.328972,-0.880754],[0.546782,0.692753,-0.470237]]],"btipPosition":[-29.4072,259.941,-6.52384],"carpPosition":[7.55423,301.262,74.1146],"dipPosition":[-19.4439,272.564,-15.0923],"direction":[-0.640653,-0.766868,0.0384452],"extended":false,"handId":994,"id":9943,"length":62.8339,"mcpPosition":[18.4027,314.986,15.5832],"pipPosition":[-2.13583,293.282,-16.1309],"stabilizedTipPosition":[-6.94103,243.124,7.27939],"timeVisible":14.8138,"tipPosition":[-27.3381,262.501,-6.66165],"tipVelocity":[-16.9507,113.075,-221.9],"tool":false,"touchDistance":0.333333,"touchZone":"none","type":3,"width":17.6296},{"bases":[[[0.617639,-0.784789,0.0512729],[0.720159,0.590565,0.364149],[-0.31606,-0.187988,0.929928]],[[0.637071,-0.770741,-0.00994006],[0.557095,0.469313,-0.68512],[0.532715,0.430933,0.728362]],[[0.637071,-0.770741,-0.00994006],[-0.0429109,-0.0225872,-0.998824],[0.76961,0.636748,-0.0474628]],[[0.637071,-0.770741,-0.00994006],[-0.364999,-0.290288,-0.884595],[0.678908,0.567178,-0.466254]]],"btipPosition":[-12.1613,263.427,3.37246],"carpPosition":[14.4283,289.336,72.3337],"dipPosition":[-0.748765,272.961,-4.46535],"direction":[-0.76961,-0.636748,0.0474628],"extended":false,"handId":994,"id":9944,"length":49.2606,"mcpPosition":[32.3015,299.967,19.7462],"pipPosition":[13.9313,285.107,-5.37069],"stabilizedTipPosition":[16.8007,247.686,9.072],"timeVisible":14.8138,"tipPosition":[-9.797,265.393,3.08979],"tipVelocity":[-12.4849,110.428,-224.07],"tool":false,"touchDistance":0.333333,"touchZone":"none","type":4,"width":15.66}],"r":[[0.990565,0.130236,0.0426573],[-0.136278,0.96896,0.206266],[-0.01447,-0.210133,0.977566]],"s":1.02697,"t":[9.56306,45.1221,-34.8693],"timestamp":669633592109},false],[3,{"currentFrameRate":53.2403,"devices":[],"gestures":[],"hands":[{"armBasis":[[0.872152,-0.454279,-0.181605],[0.429061,0.888589,-0.162226],[0.235068,0.0635662,0.969898]],"armWidth":62.1429,"confidence":0.611986,"direction":[0.137171,0.416317,-0.898813],"elbow":[60.2272,308.178,332.379],"grabStrength":0.045891,"id":994,"palmNormal":[-0.427942,-0.793433,-0.432816],"palmPosition":[-2.89067,313.323,28.3446],"palmVelocity":[-22.0163,73.4041,-183.742],"palmWidth":88.738,"pinchStrength":0.856072,"r":[[0.991108,0.12714,0.0392365],[-0.132629,0.967625,0.214735],[-0.0106648,-0.21803,0.975884]],"s":1.02614,"sphereCenter":[-15.6952,274.622,-8.41274],"sphereRadius":48.1267,"stabilizedPalmPosition":[15.7218,293.245,39.5248],"t":[9.15238,46.4552,-38.251],"timeVisible":14.8322,"type":"right","wrist":[-1.67046,291.44,76.9874]}],"id":4977667,"interactionBox":{"center":[0,200,0],"size":[235.247,235.247,147.751]},"pointables":[{"bases":[[[0.769006,0.612236,0.183839],[-0.581103,0.549696,0.600128],[0.266364,-0.568331,0.778492]],[[0.669856,0.741848,-0.0308871],[-0.674052,0.62503,0.39369],[0.311363,-0.242896,0.918724]],[[0.669856,0.741848,-0.0308871],[-0.742316,0.670022,-0.00614365],[0.0161374,0.0270433,0.999504]],[[0.669856,0.741848,-0.0308871],[-0.695322,0.612168,-0.376533],[-0.260423,0.2737,0.925888]]],"btipPosition":[-41.2231,298.717,-21.7379],"carpPosition":[-31.4726,294.038,77.3556],"dipPosition":[-47.167,304.964,-0.605099],"direction":[-0.0161374,-0.0270433,-0.999504],"extended":false,"handId":994,"id":9940,"length":50.8265,"mcpPosition":[-31.4726,294.038,77.3556],"pipPosition":[-46.6304,305.863,32.6301],"stabilizedTipPosition":[-31.9246,282.866,0.0554904],"timeVisible":14.8322,"tipPosition":[-42.1919,300.789,-16.7484],"tipVelocity":[-28.6709,84.8669,-185.683],"tool":false,"touchDistance":-0.355341,"touchZone":"hovering","type":0,"width":19.7488},{"bases":[[[0.903685,-0.367806,-0.219252],[0.421017,0.856593,0.298317],[0.0780872,-0.361894,0.928943]],[[0.901488,-0.358779,-0.24207],[0.341523,0.933255,-0.111344],[0.265861,0.0177027,0.963849]],[[0.901488,-0.358779,-0.24207],[0.29435,0.918275,-0.264818],[0.317298,0.167477,0.93342]],[[0.901488,-0.358779,-0.24207],[0.25728,0.893987,-0.366871],[0.348033,0.26845,0.898225]]],"btipPosition":[-44.8744,326.823,-68.3203],"carpPosition":[-14.8538,310.02,75.6842],"dipPosition":[-39.0752,331.296,-53.3534],"direction":[-0.317298,-0.167477,-0.93342],"extended":true,"handId":994,"id":9941,"length":57.352,"mcpPosition":[-20.4565,335.986,9.03369],"pipPosition":[-31.5958,335.244,-31.3507],"stabilizedTipPosition":[-41.3983,320.933,-57.7654],"timeVisible":14.8322,"tipPosition":[-43.5411,327.155,-64.6963],"tipVelocity":[-31.8812,130.616,-176.823],"tool":false,"touchDistance":-0.282636,"touchZone":"touching","type":1,"width":18.8641},{"bases":[[[0.820824,-0.55392,-0.139355],[0.569346,0.773926,0.277278],[-0.0457396,-0.306937,0.95063]],[[0.819775,-0.559804,-0.120777],[0.365465,0.673752,-0.642256],[0.440912,0.482366,0.756914]],[[0.819775,-0.559804,-0.120777],[-0.087275,0.0863122,-0.992438],[0.565996,0.824117,0.0218997]],[[0.819775,-0.559804,-0.120777],[-0.329101,-0.287904,-0.899335],[0.46868,0.777001,-0.420249]]],"btipPosition":[-45.3645,268.396,-20.1269],"carpPosition":[-3.4645,307.281,73.0412],"dipPosition":[-36.775,282.636,-27.8288],"direction":[-0.565996,-0.824117,-0.0218997],"extended":false,"handId":994,"id":9942,"length":65.348,"mcpPosition":[-0.352327,328.166,8.35916],"pipPosition":[-21.0785,305.491,-27.2215],"stabilizedTipPosition":[-31.8876,251.976,2.32586],"timeVisible":14.8322,"tipPosition":[-43.4757,271.127,-20.0652],"tipVelocity":[-18.3476,100.06,-229.532],"tool":false,"touchDistance":0.262748,"touchZone":"hovering","type":2,"width":18.527},{"bases":[[[0.759876,-0.649806,-0.0184458],[0.624787,0.722195,0.296775],[-0.179525,-0.237037,0.954769]],[[0.766982,-0.638852,-0.0600634],[0.439898,0.591644,-0.675608],[0.46715,0.491757,0.73481]],[[0.766982,-0.638852,-0.0600634],[-0.0635828,0.0174779,-0.997824],[0.638511,0.769131,-0.0272148]],[[0.766982,-0.638852,-0.0600634],[-0.335719,-0.319749,-0.886033],[0.546838,0.699735,-0.459716]]],"btipPosition":[-29.7448,261.126,-10.3703],"carpPosition":[6.85808,301.602,70.8627],"dipPosition":[-19.7805,273.876,-18.7471],"direction":[-0.638511,-0.769131,0.0272148],"extended":false,"handId":994,"id":9943,"length":62.8339,"mcpPosition":[17.8252,316.083,12.5362],"pipPosition":[-2.53027,294.655,-19.4823],"stabilizedTipPosition":[-7.23637,243.425,6.99752],"timeVisible":14.8322,"tipPosition":[-27.6694,263.712,-10.5207],"tipVelocity":[-17.6182,90.4285,-214.579],"tool":false,"touchDistance":0.333333,"touchZone":"none","type":3,"width":17.6296},{"bases":[[[0.620242,-0.783209,0.0434017],[0.717038,0.588536,0.373472],[-0.31805,-0.200522,0.926626]],[[0.640137,-0.768033,-0.0187083],[0.55862,0.482037,-0.67497],[0.527418,0.421622,0.737608]],[[0.640137,-0.768033,-0.0187083],[-0.0372436,-0.00670036,-0.999284],[0.767358,0.640375,-0.0328934]],[[0.640137,-0.768033,-0.0187083],[-0.359175,-0.27766,-0.89101],[0.679131,0.577087,-0.453599]]],"btipPosition":[-12.4762,264.607,-0.628895],"carpPosition":[13.779,289.723,68.9551],"dipPosition":[-1.05986,274.308,-8.25398],"direction":[-0.767358,-0.640375,0.0328934],"extended":false,"handId":994,"id":9944,"length":49.2606,"mcpPosition":[31.7648,301.063,16.5543],"pipPosition":[13.5773,286.523,-8.88141],"stabilizedTipPosition":[16.5701,247.851,8.9729],"timeVisible":14.8322,"tipPosition":[-10.1139,266.596,-0.890006],"tipVelocity":[-14.6894,89.182,-219.629],"tool":false,"touchDistance":0.333333,"touchZone":"none","type":4,"width":15.66}],"r":[[0.991108,0.12714,0.0392365],[-0.132629,0.967625,0.214735],[-0.0106648,-0.21803,0.975884]],"s":1.02614,"t":[9.15238,46.4552,-38.251],"timestamp":669633610506},false],[4,{"currentFrameRate":53.297,"devices":[],"gestures":[],"hands":[{"armBasis":[[0.871116,-0.456521,-0.180958],[0.430627,0.887252,-0.165361],[0.236046,0.066123,0.96949]],"armWidth":62.1429,"confidence":0.621355,"direction":[0.131571,0.415227,-0.900153],"elbow":[60.7071,309.974,328.985],"grabStrength":0.0392554,"id":994,"palmNormal":[-0.433643,-0.792449,-0.428928],"palmPosition":[-2.97285,314.412,25.0527],"palmVelocity":[-13.5005,66.2887,-180.654],"palmWidth":88.738,"pinchStrength":0.856693,"r":[[0.991656,0.124088,0.0349458],[-0.128761,0.966612,0.221542],[-0.0062884,-0.224193,0.974524]],"s":1.02651,"sphereCenter":[-16.3955,275.948,-11.5605],"sphereRadius":48.0513,"stabilizedPalmPosition":[15.632,293.346,39.4553],"t":[8.90595,47.6665,-41.5878],"timeVisible":14.8508,"type":"right","wrist":[-1.44792,292.562,73.7016]}],"id":4977668,"interactionBox":{"center":[0,200,0],"size":[235.247,235.247,147.751]},"pointables":[{"bases":[[[0.772244,0.610029,0.177495],[-0.574832,0.551911,0.604121],[0.27057,-0.568559,0.776874]],[[0.671542,0.740038,-0.0370979],[-0.669211,0.627242,0.398401],[0.318101,-0.242717,0.916461]],[[0.671542,0.740038,-0.0370979],[-0.740539,0.672013,0.000319993],[0.0251671,0.0272575,0.999312]],[[0.671542,0.740038,-0.0370979],[-0.696552,0.613423,-0.372194],[-0.252681,0.275784,0.927413]]],"btipPosition":[-41.7938,299.866,-24.7165],"carpPosition":[-31.2383,295.251,74.2952],"dipPosition":[-47.5611,306.161,-3.54889],"direction":[-0.0251671,-0.0272575,-0.999312],"extended":false,"handId":994,"id":9940,"length":50.8265,"mcpPosition":[-31.2383,295.251,74.2952],"pipPosition":[-46.7242,307.067,29.68],"stabilizedTipPosition":[-32.1746,283.278,-0.389019],"timeVisible":14.8508,"tipPosition":[-42.709,301.932,-19.7294],"tipVelocity":[-28.6172,74.0598,-173.274],"tool":false,"touchDistance":-0.392699,"touchZone":"hovering","type":0,"width":19.7488},{"bases":[[[0.900863,-0.37072,-0.225858],[0.425883,0.85553,0.294437],[0.0840752,-0.361436,0.928598]],[[0.898448,-0.361456,-0.249282],[0.344337,0.932289,-0.110767],[0.27244,0.0136812,0.962076]],[[0.898448,-0.361456,-0.249282],[0.296771,0.91832,-0.261946],[0.323602,0.161365,0.932332]],[[0.898448,-0.361456,-0.249282],[0.259459,0.895059,-0.362699],[0.354221,0.261187,0.897947]]],"btipPosition":[-45.5618,328.385,-71.3905],"carpPosition":[-14.5843,311.182,72.4848],"dipPosition":[-39.6596,332.737,-56.4282],"direction":[-0.323602,-0.161365,-0.932332],"extended":true,"handId":994,"id":9941,"length":57.352,"mcpPosition":[-20.6166,337.114,5.85897],"pipPosition":[-32.0315,336.541,-34.4511],"stabilizedTipPosition":[-41.9989,322.742,-59.945],"timeVisible":14.8508,"tipPosition":[-44.2362,328.61,-67.7498],"tipVelocity":[-33.7598,107.401,-171.328],"tool":false,"touchDistance":-0.328774,"touchZone":"touching","type":1,"width":18.8641},{"bases":[[[0.818049,-0.556521,-0.145188],[0.573796,0.772395,0.272329],[-0.0394148,-0.306087,0.951187]],[[0.817113,-0.562448,-0.126404],[0.363348,0.672717,-0.644539],[0.447554,0.480733,0.75405]],[[0.817113,-0.562448,-0.126404],[-0.0928986,0.0879319,-0.991785],[0.568943,0.822143,0.0195996]],[[0.817113,-0.562448,-0.126404],[-0.335256,-0.285258,-0.897904],[0.468967,0.776067,-0.421653]]],"btipPosition":[-45.9534,269.611,-23.2249],"carpPosition":[-3.22387,308.406,69.757],"dipPosition":[-37.3587,283.834,-30.9524],"direction":[-0.568943,-0.822143,-0.0195996],"extended":false,"handId":994,"id":9942,"length":65.348,"mcpPosition":[-0.542032,329.232,5.03706],"pipPosition":[-21.5804,306.634,-30.4089],"stabilizedTipPosition":[-32.0957,252.336,1.85525],"timeVisible":14.8508,"tipPosition":[-44.0468,272.362,-23.2271],"tipVelocity":[-24.7962,83.2207,-199.368],"tool":false,"touchDistance":0.211017,"touchZone":"hovering","type":2,"width":18.527},{"bases":[[[0.757734,-0.652131,-0.0237436],[0.629227,0.72051,0.291443],[-0.172952,-0.235777,0.956293]],[[0.763858,-0.642522,-0.0607202],[0.438042,0.585248,-0.682352],[0.473962,0.494622,0.728498]],[[0.763858,-0.642522,-0.0607202],[-0.0695574,0.0115749,-0.997511],[0.641625,0.76618,-0.0358506]],[[0.763858,-0.642522,-0.0607202],[-0.341842,-0.322997,-0.882506],[0.547417,0.694866,-0.466365]]],"btipPosition":[-30.3315,262.184,-13.1924],"carpPosition":[7.06448,302.694,67.5042],"dipPosition":[-20.3567,274.846,-21.6903],"direction":[-0.641625,-0.76618,0.0358506],"extended":false,"handId":994,"id":9943,"length":62.8339,"mcpPosition":[17.6301,317.098,9.08453],"pipPosition":[-3.02228,295.545,-22.6589],"stabilizedTipPosition":[-7.44156,243.639,6.77908],"timeVisible":14.8508,"tipPosition":[-28.2142,264.817,-13.5719],"tipVelocity":[-24.3298,73.7231,-185.033],"tool":false,"touchDistance":0.333333,"touchZone":"none","type":3,"width":17.6296},{"bases":[[[0.618172,-0.785061,0.0392702],[0.721654,0.586628,0.367536],[-0.311576,-0.198861,0.92918]],[[0.637691,-0.769943,-0.0231863],[0.554696,0.479886,-0.679722],[0.534474,0.420591,0.733103]],[[0.637691,-0.769943,-0.0231863],[-0.044993,-0.00718162,-0.998961],[0.768977,0.638072,-0.0392217]],[[0.637691,-0.769943,-0.0231863],[-0.366779,-0.277033,-0.888102],[0.677365,0.574839,-0.45906]]],"btipPosition":[-12.9313,265.7,-3.8076],"carpPosition":[13.9345,290.792,65.5529],"dipPosition":[-1.54469,275.363,-11.5245],"direction":[-0.768977,-0.638072,0.0392217],"extended":false,"handId":994,"id":9944,"length":49.2606,"mcpPosition":[31.5542,302.038,13.0078],"pipPosition":[13.1233,287.534,-12.2726],"stabilizedTipPosition":[16.4109,247.97,8.8867],"timeVisible":14.8508,"tipPosition":[-10.561,267.686,-4.10356],"tipVelocity":[-19.6287,74.2784,-196.764],"tool":false,"touchDistance":0.333333,"touchZone":"none","type":4,"width":15.66}],"r":[[0.991656,0.124088,0.0349458],[-0.128761,0.966612,0.221542],[-0.0062884,-0.224193,0.974524]],"s":1.02651,"t":[8.90595,47.6665,-41.5878],"timestamp":669633629066},false],[5,{"currentFrameRate":53.3873,"devices":[],"gestures":[],"hands":[{"armBasis":[[0.873408,-0.449086,-0.18836],[0.422347,0.891081,-0.166123],[0.242448,0.0655404,0.967948]],"armWidth":62.1429,"confidence":0.63011,"direction":[0.127181,0.409119,-0.903574],"elbow":[62.0651,311.467,325.608],"grabStrength":0.0309693,"id":994,"palmNormal":[-0.425467,-0.800405,-0.422292],"palmPosition":[-3.5313,315.64,21.9032],"palmVelocity":[-21.6053,66.4821,-176.054],"palmWidth":88.738,"pinchStrength":0.857443,"r":[[0.991818,0.123777,0.0312546],[-0.127641,0.965874,0.225378],[-0.00229135,-0.227523,0.97377]],"s":1.02789,"sphereCenter":[-16.8229,277.023,-14.3611],"sphereRadius":47.9405,"stabilizedPalmPosition":[15.5671,293.422,39.3958],"t":[8.50351,48.886,-44.8309],"timeVisible":14.8692,"type":"right","wrist":[-1.77566,294.209,70.7305]}],"id":4977669,"interactionBox":{"center":[0,200,0],"size":[235.247,235.247,147.751]},"pointables":[{"bases":[[[0.765911,0.619426,0.172311],[-0.580449,0.550907,0.599651],[0.276512,-0.559297,0.781491]],[[0.663643,0.746773,-0.0436778],[-0.675842,0.623589,0.392905],[0.320648,-0.231229,0.918541]],[[0.663643,0.746773,-0.0436778],[-0.747612,0.664119,-0.00460517],[0.0255683,0.0357103,0.999035]],[[0.663643,0.746773,-0.0436778],[-0.702888,0.602534,-0.378023],[-0.25598,0.281573,0.924765]]],"btipPosition":[-42.2097,300.238,-27.736],"carpPosition":[-31.5923,296.595,71.3074],"dipPosition":[-48.0523,306.664,-6.62885],"direction":[-0.0255683,-0.0357103,-0.999035],"extended":false,"handId":994,"id":9940,"length":50.8265,"mcpPosition":[-31.5923,296.595,71.3074],"pipPosition":[-47.2021,307.852,26.5908],"stabilizedTipPosition":[-32.3172,283.509,-0.670702],"timeVisible":14.8692,"tipPosition":[-43.1571,302.337,-22.7707],"tipVelocity":[-26.171,48.9104,-169.189],"tool":false,"touchDistance":-0.427264,"touchZone":"hovering","type":0,"width":19.7488},{"bases":[[[0.904627,-0.363237,-0.222957],[0.417042,0.862289,0.287286],[0.0879005,-0.352869,0.931535]],[[0.902065,-0.354036,-0.246853],[0.335859,0.935025,-0.113695],[0.271066,0.019653,0.96236]],[[0.902065,-0.354036,-0.246853],[0.289516,0.92054,-0.262271],[0.320091,0.165118,0.932887]],[[0.902065,-0.354036,-0.246853],[0.253238,0.897312,-0.361527],[0.349498,0.263608,0.89909]]],"btipPosition":[-46.137,328.891,-74.7676],"carpPosition":[-15.104,312.681,69.3624],"dipPosition":[-40.3134,333.284,-59.7863],"direction":[-0.320091,-0.165118,-0.932887],"extended":true,"handId":994,"id":9941,"length":57.352,"mcpPosition":[-21.4108,337.999,2.52591],"pipPosition":[-32.7682,337.176,-37.7961],"stabilizedTipPosition":[-42.3627,323.673,-61.4241],"timeVisible":14.8692,"tipPosition":[-44.8642,329.033,-71.0919],"tipVelocity":[-33.0227,69.1689,-177.053],"tool":false,"touchDistance":-0.374821,"touchZone":"touching","type":1,"width":18.8641},{"bases":[[[0.823746,-0.549212,-0.14074],[0.565805,0.78051,0.265838],[-0.036153,-0.298615,0.953689]],[[0.822873,-0.554998,-0.121894],[0.356225,0.670984,-0.650295],[0.442701,0.491688,0.749839]],[[0.822873,-0.554998,-0.121894],[-0.0936836,0.0790716,-0.992457],[0.56045,0.828085,0.0130716]],[[0.822873,-0.554998,-0.121894],[-0.332035,-0.295558,-0.895767],[0.461122,0.777575,-0.427485]]],"btipPosition":[-46.0598,269.99,-26.0106],"carpPosition":[-3.71576,310.001,66.6556],"dipPosition":[-37.6088,284.241,-33.8451],"direction":[-0.56045,-0.828085,-0.0130716],"extended":false,"handId":994,"id":9942,"length":65.348,"mcpPosition":[-1.25586,330.319,1.7654],"pipPosition":[-22.0661,307.206,-33.4826],"stabilizedTipPosition":[-32.2136,252.542,1.56438],"timeVisible":14.8692,"tipPosition":[-44.1762,272.775,-26.0645],"tipVelocity":[-16.5066,53.2327,-176.89],"tool":false,"touchDistance":0.333333,"touchZone":"none","type":2,"width":18.527},{"bases":[[[0.764436,-0.644435,-0.0184995],[0.621771,0.729359,0.28537],[-0.17041,-0.229649,0.958239]],[[0.769755,-0.636311,-0.0508534],[0.433063,0.579086,-0.690736],[0.468971,0.509674,0.721317]],[[0.769755,-0.636311,-0.0508534],[-0.069146,-0.00391972,-0.997599],[0.634583,0.771423,-0.0470156]],[[0.769755,-0.636311,-0.0508534],[-0.337904,-0.338585,-0.878169],[0.54157,0.693159,-0.475639]]],"btipPosition":[-30.4061,262.726,-15.5839],"carpPosition":[6.63088,304.377,64.448],"dipPosition":[-20.5378,275.357,-24.2508],"direction":[-0.634583,-0.771423,0.0470156],"extended":false,"handId":994,"id":9943,"length":62.8339,"mcpPosition":[17.0411,318.406,5.90954],"pipPosition":[-3.3937,296.198,-25.521],"stabilizedTipPosition":[-7.5661,243.771,6.6325],"timeVisible":14.8692,"tipPosition":[-28.2811,265.432,-16.2447],"tipVelocity":[-15.2106,52.2254,-159.517],"tool":false,"touchDistance":0.333333,"touchZone":"none","type":3,"width":17.6296},{"bases":[[[0.626262,-0.778276,0.0456352],[0.715585,0.597074,0.362548],[-0.30941,-0.194394,0.930847]],[[0.645725,-0.763374,-0.0173235],[0.549378,0.480227,-0.683788],[0.530305,0.432022,0.729475]],[[0.645725,-0.763374,-0.0173235],[-0.0449611,-0.0153641,-0.998871],[0.762245,0.645774,-0.0442431]],[[0.645725,-0.763374,-0.0173235],[-0.363745,-0.287579,-0.885996],[0.671364,0.578411,-0.46337]]],"btipPosition":[-12.9918,266.585,-6.56764],"carpPosition":[13.6235,292.531,62.5938],"dipPosition":[-1.70604,276.308,-14.357],"direction":[-0.762245,-0.645774,0.0442431],"extended":false,"handId":994,"id":9944,"length":49.2606,"mcpPosition":[31.1206,303.524,9.95437],"pipPosition":[12.8336,288.626,-15.2009],"stabilizedTipPosition":[16.3061,248.052,8.81924],"timeVisible":14.8692,"tipPosition":[-10.6366,268.6,-6.89797],"tipVelocity":[-12.368,62.0318,-174.659],"tool":false,"touchDistance":0.333333,"touchZone":"none","type":4,"width":15.66}],"r":[[0.991818,0.123777,0.0312546],[-0.127641,0.965874,0.225378],[-0.00229135,-0.227523,0.97377]],"s":1.02789,"t":[8.50351,48.886,-44.8309],"timestamp":669633647474},false],[6,{"currentFrameRate":53.4832,"devices":[],"gestures":[],"hands":[{"armBasis":[[0.874031,-0.444642,-0.195869],[0.421526,0.894419,-0.149434],[0.241633,0.0480464,0.969177]],"armWidth":62.1429,"confidence":0.632023,"direction":[0.124581,0.417453,-0.900118],"elbow":[61.1348,307.277,321.056],"grabStrength":0.0230148,"id":994,"palmNormal":[-0.424658,-0.797465,-0.42862],"palmPosition":[-4.38614,316.489,17.225],"palmVelocity":[-33.5993,56.7755,-213.917],"palmWidth":88.738,"pinchStrength":0.866528,"r":[[0.991897,0.12389,0.028138],[-0.127038,0.964811,0.230219],[0.00137399,-0.231929,0.972732]],"s":1.02975,"sphereCenter":[-18.0924,278.69,-19.2367],"sphereRadius":47.6383,"stabilizedPalmPosition":[15.5244,293.471,39.3484],"t":[7.87487,49.9204,-48.7916],"timeVisible":14.8875,"type":"right","wrist":[-2.49144,294.626,65.8549]}],"id":4977670,"interactionBox":{"center":[0,200,0],"size":[235.247,235.247,147.751]},"pointables":[{"bases":[[[0.764981,0.619433,0.17637],[-0.580399,0.544321,0.605683],[0.279178,-0.565701,0.775913]],[[0.661374,0.749022,-0.0393727],[-0.677642,0.619201,0.396727],[0.321537,-0.235704,0.917092]],[[0.661374,0.749022,-0.0393727],[-0.74968,0.661793,-0.00307843],[0.0237508,0.0315529,0.99922]],[[0.661374,0.749022,-0.0393727],[-0.702804,0.600518,-0.381372],[-0.262012,0.279901,0.923583]]],"btipPosition":[-42.7743,300.982,-32.4412],"carpPosition":[-32.3116,296.945,66.5108],"dipPosition":[-48.7545,307.371,-11.361],"direction":[-0.0237508,-0.0315529,-0.99922],"extended":false,"handId":994,"id":9940,"length":50.8265,"mcpPosition":[-32.3116,296.945,66.5108],"pipPosition":[-47.9648,308.42,21.8648],"stabilizedTipPosition":[-32.3962,283.636,-0.85049],"timeVisible":14.8875,"tipPosition":[-43.9089,303.172,-27.4876],"tipVelocity":[-29.2032,44.6681,-211.218],"tool":false,"touchDistance":-0.483541,"touchZone":"hovering","type":0,"width":19.7488},{"bases":[[[0.904929,-0.359364,-0.227951],[0.415842,0.860539,0.29419],[0.0904392,-0.361013,0.928165]],[[0.90226,-0.349819,-0.252099],[0.334893,0.936791,-0.101336],[0.271613,0.00700501,0.962381]],[[0.90226,-0.349819,-0.252099],[0.289365,0.924676,-0.24747],[0.31968,0.150333,0.935524]],[[0.90226,-0.349819,-0.252099],[0.253736,0.903451,-0.345535],[0.348634,0.247796,0.903909]]],"btipPosition":[-47.0741,331.018,-79.3534],"carpPosition":[-15.8601,313.082,64.6781],"dipPosition":[-41.2649,335.147,-64.2918],"direction":[-0.31968,-0.150333,-0.935524],"extended":true,"handId":994,"id":9941,"length":57.352,"mcpPosition":[-22.349,338.984,-1.91658],"pipPosition":[-33.7293,338.691,-42.2395],"stabilizedTipPosition":[-42.6591,324.401,-62.6943],"timeVisible":14.8875,"tipPosition":[-45.8402,331.019,-75.6484],"tipVelocity":[-41.7706,90.0253,-211.536],"tool":false,"touchDistance":-0.434183,"touchZone":"touching","type":1,"width":18.8641},{"bases":[[[0.824589,-0.546235,-0.147247],[0.564729,0.779261,0.271723],[-0.0336812,-0.307215,0.951044]],[[0.823764,-0.552187,-0.128462],[0.352646,0.676494,-0.646527],[0.443908,0.487284,0.751997]],[[0.823764,-0.552187,-0.128462],[-0.0963693,0.0869093,-0.991544],[0.558682,0.829178,0.0183789]],[[0.823764,-0.552187,-0.128462],[-0.33319,-0.28821,-0.89773],[0.458691,0.78232,-0.421401]]],"btipPosition":[-46.947,271.114,-30.921],"carpPosition":[-4.47169,310.449,61.9254],"dipPosition":[-38.5407,285.451,-38.644],"direction":[-0.558682,-0.829178,-0.0183789],"extended":false,"handId":994,"id":9942,"length":65.348,"mcpPosition":[-2.17998,331.352,-2.78485],"pipPosition":[-23.0469,308.446,-38.1343],"stabilizedTipPosition":[-32.2873,252.668,1.36713],"timeVisible":14.8875,"tipPosition":[-45.0538,273.954,-31.0733],"tipVelocity":[-32.0669,57.5884,-219.758],"tool":false,"touchDistance":0.251921,"touchZone":"hovering","type":2,"width":18.527},{"bases":[[[0.765711,-0.642669,-0.0257497],[0.620838,0.728053,0.290688],[-0.168069,-0.238569,0.956471]],[[0.769825,-0.636244,-0.0506291],[0.430074,0.575706,-0.695412],[0.471599,0.513571,0.716825]],[[0.769825,-0.636244,-0.0506291],[-0.0727486,-0.00866123,-0.997313],[0.634096,0.771439,-0.0529535]],[[0.769825,-0.636244,-0.0506291],[-0.339346,-0.340826,-0.876745],[0.540568,0.692121,-0.478283]]],"btipPosition":[-31.381,263.61,-19.8721],"carpPosition":[5.88207,304.867,59.6476],"dipPosition":[-21.531,276.221,-28.5872],"direction":[-0.634096,-0.771439,0.0529535],"extended":false,"handId":994,"id":9943,"length":62.8339,"mcpPosition":[16.1493,319.441,1.21702],"pipPosition":[-4.40003,297.063,-30.0178],"stabilizedTipPosition":[-7.64525,243.855,6.52778],"timeVisible":14.8875,"tipPosition":[-29.1898,266.444,-20.994],"tipVelocity":[-33.5285,50.145,-195.408],"tool":false,"touchDistance":0.333333,"touchZone":"none","type":3,"width":17.6296},{"bases":[[[0.627936,-0.777364,0.0374509],[0.715072,0.595275,0.366496],[-0.307195,-0.203356,0.929665]],[[0.647536,-0.761577,-0.0264323],[0.542146,0.484784,-0.68634],[0.535514,0.430099,0.726801]],[[0.647536,-0.761577,-0.0264323],[-0.0525655,-0.0100366,-0.998567],[0.76022,0.647997,-0.0465317]],[[0.647536,-0.761577,-0.0264323],[-0.368123,-0.282252,-0.8859],[0.66722,0.583382,-0.463122]]],"btipPosition":[-13.9168,267.554,-11.2891],"carpPosition":[12.8952,293.053,57.6738],"dipPosition":[-2.70065,277.361,-19.0743],"direction":[-0.76022,-0.647997,0.0465317],"extended":false,"handId":994,"id":9944,"length":49.2606,"mcpPosition":[30.267,304.552,5.10116],"pipPosition":[11.8003,289.721,-19.9619],"stabilizedTipPosition":[16.2379,248.10