{"sensorType":"Leap","data":[[0,{"currentFrameRate":54.1642,"devices":[],"gestures":[],"hands":[{"armBasis":[[0.87436,-0.466519,-0.133621],[0.438992,0.877747,-0.191952],[0.206834,0.109176,0.972265]],"armWidth":62.1429,"confidence":0.683989,"direction":[0.0686607,0.317409,-0.9458],"elbow":[53.9014,315.511,347.796],"grabStrength":0,"id":994,"palmNormal":[-0.465062,-0.828544,-0.31182],"palmPosition":[-5.46657,303.418,41.3334],"palmVelocity":[-48.4373,104.955,-158.65],"palmWidth":88.738,"pinchStrength":0.907504,"r":[[0.993897,0.100489,-0.0454965],[-0.0919264,0.982514,0.161915],[0.0609716,-0.156745,0.985755]],"s":1.09183,"sphereCenter":[-21.7891,264.744,9.01462],"sphereRadius":47.6086,"stabilizedPalmPosition":[12.6411,292.89,37.8128],"t":[7.05539,35.942,-25.6817],"timeVisible":6.40561,"type":"right","wrist":[-0.561734,286.763,91.7817]}],"id":4977217,"interactionBox":{"center":[0,200,0],"size":[235.247,235.247,147.751]},"pointables":[{"bases":[[[0.784523,0.617397,0.0578358],[-0.529134,0.617887,0.581579],[0.323329,-0.486864,0.811432]],[[0.707308,0.699802,-0.0999648],[-0.595171,0.665828,0.449938],[0.381427,-0.258749,0.887447]],[[0.707308,0.699802,-0.0999648],[-0.7052,0.688693,-0.168509],[-0.0490779,0.189683,0.980618]],[[0.707308,0.699802,-0.0999648],[-0.651639,0.590644,-0.475927],[-0.274011,0.401768,0.873785]]],"btipPosition":[-40.9107,286.921,-1.57743],"carpPosition":[-30.228,289.802,94.1763],"dipPosition":[-47.1648,296.091,18.3662],"direction":[0.0490779,-0.189683,-0.980618],"extended":false,"handId":994,"id":9940,"length":50.8265,"mcpPosition":[-30.228,289.802,94.1763],"pipPosition":[-48.7967,302.398,50.9734],"stabilizedTipPosition":[-31.2285,279.964,5.48007],"timeVisible":6.40561,"tipPosition":[-41.8327,288.703,3.2217],"tipVelocity":[-81.9469,133.509,-150.035],"tool":false,"touchDistance":0.0806262,"touchZone":"hovering","type":0,"width":19.7488},{"bases":[[[0.88161,-0.401424,-0.24824],[0.447975,0.877282,0.172321],[0.148603,-0.263125,0.953248]],[[0.892074,-0.425811,-0.151289],[0.423684,0.904555,-0.04767],[0.157147,-0.0215734,0.98734]],[[0.892074,-0.425811,-0.151289],[0.392177,0.895847,-0.20894],[0.2245,0.127058,0.966155]],[[0.892074,-0.425811,-0.151289],[0.361824,0.873624,-0.325369],[0.270715,0.235513,0.933406]]],"btipPosition":[-40.7499,318.149,-58.5517],"carpPosition":[-13.7007,305.286,89.5388],"dipPosition":[-36.239,322.074,-42.9986],"direction":[-0.2245,-0.127058,-0.966155],"extended":true,"handId":994,"id":9941,"length":57.352,"mcpPosition":[-24.3628,324.165,21.1444],"pipPosition":[-30.9471,325.069,-20.2242],"stabilizedTipPosition":[-33.2333,312.462,-50.1963],"timeVisible":6.40561,"tipPosition":[-39.6491,319.663,-54.9704],"tipVelocity":[-79.4217,107.37,-148.537],"tool":false,"touchDistance":0.120293,"touchZone":"hovering","type":1,"width":18.8641},{"bases":[[[0.804208,-0.576916,-0.142886],[0.593726,0.790797,0.148759],[0.0271721,-0.204468,0.978496]],[[0.804461,-0.579157,-0.131983],[0.342611,0.633908,-0.693382],[0.485242,0.51258,0.70838]],[[0.804461,-0.579157,-0.131983],[-0.293089,-0.193747,-0.936248],[0.516664,0.791858,-0.325606]],[[0.804461,-0.579157,-0.131983],[-0.541827,-0.62439,-0.562637],[0.243447,0.524132,-0.8161]]],"btipPosition":[-46.0182,260.376,10.4376],"carpPosition":[-2.56938,302.125,86.3283],"dipPosition":[-41.5566,269.982,-4.51898],"direction":[-0.516664,-0.791858,0.325606],"extended":false,"handId":994,"id":9942,"length":65.348,"mcpPosition":[-4.4182,316.037,19.7502],"pipPosition":[-27.2282,291.942,-13.5489],"stabilizedTipPosition":[-23.5182,251.221,2.81787],"timeVisible":6.40561,"tipPosition":[-44.8735,262.397,8.44291],"tipVelocity":[-62.5766,112.176,-180.292],"tool":false,"touchDistance":0.333333,"touchZone":"none","type":2,"width":18.527},{"bases":[[[0.75238,-0.658679,-0.0081393],[0.650229,0.740637,0.169287],[-0.105477,-0.13266,0.985533]],[[0.750028,-0.661291,0.0123258],[0.458709,0.506655,-0.729991],[0.476492,0.553168,0.683346]],[[0.750028,-0.661291,0.0123258],[-0.237603,-0.286784,-0.928062],[0.617254,0.693144,-0.372221]],[[0.750028,-0.661291,0.0123258],[-0.550402,-0.634376,-0.542793],[0.366764,0.400326,-0.839776]]],"btipPosition":[-30.1598,254.084,19.3488],"carpPosition":[7.51818,296.104,83.9726],"dipPosition":[-23.4768,261.379,4.04677],"direction":[-0.617254,-0.693144,0.372221],"extended":false,"handId":994,"id":9943,"length":62.8339,"mcpPosition":[13.9618,304.209,23.7667],"pipPosition":[-6.80079,280.105,-6.0093],"stabilizedTipPosition":[-2.07525,244.57,4.59406],"timeVisible":6.40561,"tipPosition":[-28.6404,255.801,17.3903],"tipVelocity":[-58.3456,105.095,-158.508],"tool":false,"touchDistance":0.333333,"touchZone":"none","type":3,"width":17.6296},{"bases":[[[0.617267,-0.782865,0.0781217],[0.747446,0.614523,0.25236],[-0.245572,-0.0973819,0.964475]],[[0.641605,-0.766264,-0.0343899],[0.514694,0.463338,-0.721394],[0.568712,0.44515,0.691671]],[[0.641605,-0.766264,-0.0343899],[-0.299609,-0.20909,-0.930868],[0.7061,0.607554,-0.363733]],[[0.641605,-0.766264,-0.0343899],[-0.644132,-0.513916,-0.566554],[0.416456,0.385656,-0.823306]]],"btipPosition":[-11.9932,256.079,25.1914],"carpPosition":[14.2006,283.995,82.8061],"dipPosition":[-4.99248,262.562,11.3514],"direction":[-0.7061,-0.607554,0.363733],"extended":false,"handId":994,"id":9944,"length":49.2606,"mcpPosition":[28.0877,289.502,28.265],"pipPosition":[8.47618,274.151,4.41333],"stabilizedTipPosition":[13.0145,245.441,17.1724],"timeVisible":6.40561,"tipPosition":[-10.3582,257.564,23.2187],"tipVelocity":[-55.1418,105.932,-176.214],"tool":false,"touchDistance":0.333333,"touchZone":"none","type":4,"width":15.66}],"r":[[0.993897,0.100489,-0.0454965],[-0.0919264,0.982514,0.161915],[0.0609716,-0.156745,0.985755]],"s":1.09183,"t":[7.05539,35.942,-25.6817],"timestamp":669625183916},false],[1,{"currentFrameRate":54.1009,"devices":[],"gestures":[],"hands":[{"armBasis":[[0.87874,-0.459883,-0.127763],[0.429034,0.878352,-0.210778],[0.209154,0.130404,0.969149]],"armWidth":62.1429,"confidence":0.705629,"direction":[0.0658572,0.312797,-0.947534],"elbow":[54.2276,322.72,345.384],"grabStrength":0,"id":994,"palmNormal":[-0.45801,-0.834176,-0.307209],"palmPosition":[-5.89796,304.718,39.6516],"palmVelocity":[-36.082,87.6872,-125.178],"palmWidth":88.738,"pinchStrength":0.904812,"r":[[0.993512,0.10191,-0.050474],[-0.0924545,0.982228,0.163343],[0.0662233,-0.157617,0.985277]],"s":1.09253,"sphereCenter":[-21.7643,265.59,7.48853],"sphereRadius":47.7282,"stabilizedPalmPosition":[11.764,293.45,37.8998],"t":[6.3949,37.5626,-28.0037],"timeVisible":6.42432,"type":"right","wrist":[-0.846256,288.382,90.1897]}],"id":4977218,"interactionBox":{"center":[0,200,0],"size":[235.247,235.247,147.751]},"pointables":[{"bases":[[[0.779234,0.624373,0.0543385],[-0.534327,0.616529,0.578263],[0.32755,-0.479637,0.814039]],[[0.701579,0.705046,-0.103429],[-0.600336,0.662995,0.447253],[0.383906,-0.251691,0.888407]],[[0.701579,0.705046,-0.103429],[-0.71104,0.683065,-0.166865],[-0.0469989,0.190611,0.98054]],[[0.701579,0.705046,-0.103429],[-0.657419,0.584405,-0.47568],[-0.274932,0.401723,0.873516]]],"btipPosition":[-41.3886,287.926,-3.2198],"carpPosition":[-30.5372,291.181,92.5719],"dipPosition":[-47.6637,297.095,16.7177],"direction":[0.0469989,-0.190611,-0.98054],"extended":false,"handId":994,"id":9940,"length":50.8265,"mcpPosition":[-30.5372,291.181,92.5719],"pipPosition":[-49.2265,303.434,49.3223],"stabilizedTipPosition":[-32.7862,281.316,4.92773],"timeVisible":6.42432,"tipPosition":[-42.2941,289.658,1.58054],"tipVelocity":[-54.6135,94.6721,-119.768],"tool":false,"touchDistance":0.0532298,"touchZone":"hovering","type":0,"width":19.7488},{"bases":[[[0.884977,-0.395245,-0.246166],[0.440493,0.882002,0.167448],[0.150936,-0.256622,0.954654]],[[0.895691,-0.419124,-0.148571],[0.416184,0.907799,-0.0518826],[0.156618,-0.015362,0.98754]],[[0.895691,-0.419124,-0.148571],[0.385238,0.898251,-0.211513],[0.222104,0.132215,0.966017]],[[0.895691,-0.419124,-0.148571],[0.355552,0.87567,-0.326779],[0.26706,0.239868,0.93335]]],"btipPosition":[-41.22,318.722,-60.3482],"carpPosition":[-14.1429,306.779,87.8473],"dipPosition":[-36.77,322.719,-44.7961],"direction":[-0.222104,-0.132215,-0.966017],"extended":true,"handId":994,"id":9941,"length":57.352,"mcpPosition":[-24.9724,325.192,19.3521],"pipPosition":[-31.5345,325.835,-22.0249],"stabilizedTipPosition":[-34.2138,313.473,-51.1222],"timeVisible":6.42432,"tipPosition":[-40.1752,320.177,-56.7558],"tipVelocity":[-53.3524,70.4342,-122.981],"tool":false,"touchDistance":0.0903464,"touchZone":"hovering","type":1,"width":18.8641},{"bases":[[[0.809085,-0.570811,-0.139841],[0.586975,0.796635,0.144338],[0.0290121,-0.198865,0.979597]],[[0.809362,-0.573024,-0.128751],[0.339544,0.635409,-0.693516],[0.479211,0.517589,0.708843]],[[0.809362,-0.573024,-0.128751],[-0.288212,-0.196509,-0.937186],[0.51173,0.79563,-0.3242]],[[0.809362,-0.573024,-0.128751],[-0.535127,-0.629173,-0.56372],[0.242018,0.525151,-0.81587]]],"btipPosition":[-46.1129,261.207,8.62187],"carpPosition":[-2.98538,303.696,84.6525],"dipPosition":[-41.6775,270.831,-6.33049],"direction":[-0.51173,-0.79563,0.3242],"extended":false,"handId":994,"id":9942,"length":65.348,"mcpPosition":[-4.9594,317.227,17.9995],"pipPosition":[-27.4859,292.896,-15.3214],"stabilizedTipPosition":[-24.3812,251.709,2.91247],"timeVisible":6.42432,"tipPosition":[-44.9764,263.24,6.62093],"tipVelocity":[-34.731,79.306,-139.744],"tool":false,"touchDistance":0.333333,"touchZone":"none","type":2,"width":18.527},{"bases":[[[0.75797,-0.652273,-0.004641],[0.643906,0.747072,0.165132],[-0.104244,-0.128154,0.98626]],[[0.755674,-0.654762,0.0155715],[0.454737,0.507415,-0.731946],[0.471349,0.560193,0.681185]],[[0.755674,-0.654762,0.0155715],[-0.234541,-0.292734,-0.926983],[0.611512,0.696845,-0.37478]],[[0.755674,-0.654762,0.0155715],[-0.5447,-0.641496,-0.540172],[0.363673,0.399712,-0.841411]]],"btipPosition":[-30.1648,255.059,17.8532],"carpPosition":[7.15292,297.749,82.3283],"dipPosition":[-23.5381,262.342,2.52136],"direction":[-0.611512,-0.696845,0.37478],"extended":false,"handId":994,"id":9943,"length":62.8339,"mcpPosition":[13.5212,305.578,22.078],"pipPosition":[-7.0173,281.168,-7.60384],"stabilizedTipPosition":[-2.81716,244.909,4.86587],"timeVisible":6.42432,"tipPosition":[-28.661,256.777,15.857],"tipVelocity":[-30.4075,79.2194,-120.438],"tool":false,"touchDistance":0.333333,"touchZone":"none","type":3,"width":17.6296},{"bases":[[[0.623929,-0.777133,0.0823187],[0.742203,0.622248,0.248881],[-0.244636,-0.094187,0.965029]],[[0.648141,-0.760912,-0.0304376],[0.511182,0.464352,-0.723236],[0.564453,0.453199,0.68993]],[[0.648141,-0.760912,-0.0304376],[-0.296906,-0.215693,-0.930228],[0.701256,0.611955,-0.365719]],[[0.648141,-0.760912,-0.0304376],[-0.639216,-0.521887,-0.564833],[0.413904,0.385548,-0.824644]]],"btipPosition":[-12.0263,257.235,23.7015],"carpPosition":[13.9382,285.691,81.2272],"dipPosition":[-5.06846,263.716,9.8391],"direction":[-0.701256,-0.611955,0.365719],"extended":false,"handId":994,"id":9944,"length":49.2606,"mcpPosition":[27.7724,291.017,26.6547],"pipPosition":[8.30782,275.389,2.86312],"stabilizedTipPosition":[12.3776,245.802,17.2632],"timeVisible":6.42432,"tipPosition":[-10.4014,258.726,21.7012],"tipVelocity":[-29.412,84.4179,-129.33],"tool":false,"touchDistance":0.333333,"touchZone":"none","type":4,"width":15.66}],"r":[[0.993512,0.10191,-0.050474],[-0.0924545,0.982228,0.163343],[0.0662233,-0.157617,0.985277]],"s":1.09253,"t":[6.3949,37.5626,-28.0037],"timestamp":669625202623},false],[2,{"currentFrameRate":54.1355,"devices":[],"gestures":[],"hands":[{"armBasis":[[0.878821,-0.453911,-0.147101],[0.422428,0.883488,-0.202492],[0.221875,0.115814,0.968173]],"armWidth":62.1429,"confidence":0.720804,"direction":[0.0688721,0.313001,-0.947252],"elbow":[56.7182,321.124,342.675],"grabStrength":0,"id":994,"palmNormal":[-0.447456,-0.838951,-0.309749],"palmPosition":[-6.59227,306.887,37.1595],"palmVelocity":[-36.9249,102.347,-130.284],"palmWidth":88.738,"pinchStrength":0.895228,"r":[[0.993043,0.105072,-0.0531637],[-0.0950908,0.981823,0.16426],[0.0694564,-0.158062,0.984983]],"s":1.09343,"sphereCenter":[-21.6269,267.317,4.82062],"sphereRadius":47.9318,"stabilizedPalmPosition":[11.764,293.45,37.8998],"t":[5.7175,39.4575,-30.4108],"timeVisible":6.44267,"type":"right","wrist":[-1.70555,290.628,87.7385]}],"id":4977219,"interactionBox":{"center":[0,200,0],"size":[235.247,235.247,147.751]},"pointables":[{"bases":[[[0.772454,0.632315,0.0591009],[-0.544364,0.611321,0.574417],[0.327083,-0.475883,0.816427]],[[0.695682,0.711626,-0.0980609],[-0.609066,0.656702,0.444725],[0.380875,-0.249662,0.890283]],[[0.695682,0.711626,-0.0980609],[-0.716645,0.678131,-0.162967],[-0.0494734,0.183648,0.981746]],[[0.695682,0.711626,-0.0980609],[-0.661298,0.581121,-0.474324],[-0.280556,0.394826,0.874872]]],"btipPosition":[-41.9316,290.16,-6.02942],"carpPosition":[-31.4384,293.124,89.9246],"dipPosition":[-48.3351,299.172,13.939],"direction":[0.0494734,-0.183648,-0.981746],"extended":false,"handId":994,"id":9940,"length":50.8265,"mcpPosition":[-31.4384,293.124,89.9246],"pipPosition":[-49.9802,305.278,46.5838],"stabilizedTipPosition":[-33.9019,282.463,4.25899],"timeVisible":6.44267,"tipPosition":[-42.8152,291.748,-1.20669],"tipVelocity":[-43.3687,106.722,-135.597],"tool":false,"touchDistance":0.00652153,"touchZone":"hovering","type":0,"width":19.7488},{"bases":[[[0.890555,-0.386314,-0.240152],[0.430369,0.886529,0.16985],[0.147286,-0.254615,0.955761]],[[0.900884,-0.41008,-0.142277],[0.407373,0.911945,-0.0490168],[0.149849,-0.0138013,0.988613]],[[0.900884,-0.41008,-0.142277],[0.377884,0.90224,-0.207765],[0.213568,0.133408,0.967776]],[[0.900884,-0.41008,-0.142277],[0.349496,0.879683,-0.322506],[0.257412,0.240816,0.935814]]],"btipPosition":[-41.3431,320.576,-63.1034],"carpPosition":[-15.1735,308.887,85.299],"dipPosition":[-37.0539,324.589,-47.5102],"direction":[-0.213568,-0.133408,-0.967776],"extended":true,"handId":994,"id":9941,"length":57.352,"mcpPosition":[-25.7411,327.156,16.7244],"pipPosition":[-32.0196,327.734,-24.6976],"stabilizedTipPosition":[-34.7958,314.234,-51.9175],"timeVisible":6.44267,"tipPosition":[-40.3614,321.977,-59.4929],"tipVelocity":[-31.917,85.2412,-135.781],"tool":false,"touchDistance":0.0445844,"touchZone":"hovering","type":1,"width":18.8641},{"bases":[[[0.815763,-0.562595,-0.13423],[0.577862,0.80265,0.147746],[0.0246184,-0.198092,0.979874]],[[0.815991,-0.564819,-0.123038],[0.338218,0.639097,-0.690771],[0.468793,0.522049,0.712529]],[[0.815991,-0.564819,-0.123038],[-0.279111,-0.198573,-0.939503],[0.506217,0.800967,-0.319681]],[[0.815991,-0.564819,-0.123038],[-0.524548,-0.634039,-0.568194],[0.242916,0.52818,-0.813645]]],"btipPosition":[-46.1668,262.962,5.7902],"carpPosition":[-3.96439,305.916,82.1791],"dipPosition":[-41.7149,272.642,-9.12138],"direction":[-0.506217,-0.800967,0.319681],"extended":false,"handId":994,"id":9942,"length":65.348,"mcpPosition":[-5.63945,319.395,15.5072],"pipPosition":[-27.6762,294.854,-17.987],"stabilizedTipPosition":[-24.9876,252.102,2.89635],"timeVisible":6.44267,"tipPosition":[-45.037,265.014,3.76477],"tipVelocity":[-19.3616,87.4746,-146.497],"tool":false,"touchDistance":0.333333,"touchZone":"none","type":2,"width":18.527},{"bases":[[[0.764596,-0.644509,0.00067634],[0.635158,0.75368,0.16894],[-0.109393,-0.128741,0.985626]],[[0.762294,-0.646919,0.020082],[0.459316,0.518852,-0.720987],[0.456,0.558828,0.692658]],[[0.762294,-0.646919,0.020082],[-0.217292,-0.285025,-0.933566],[0.609665,0.707288,-0.357843]],[[0.762294,-0.646919,0.020082],[-0.530395,-0.642169,-0.553444],[0.37093,0.411236,-0.832644]]],"btipPosition":[-30.1677,256.985,14.3709],"carpPosition":[6.24904,300.072,79.9245],"dipPosition":[-23.4088,264.478,-0.801163],"direction":[-0.609665,-0.707288,0.357843],"extended":false,"handId":994,"id":9943,"length":62.8339,"mcpPosition":[12.9318,307.937,19.7129],"pipPosition":[-6.93785,283.587,-10.4688],"stabilizedTipPosition":[-3.37279,245.207,4.99544],"timeVisible":6.44267,"tipPosition":[-28.6557,258.742,12.5162],"tipVelocity":[-15.0823,92.852,-152.776],"tool":false,"touchDistance":0.333333,"touchZone":"none","type":3,"width":17.6296},{"bases":[[[0.631269,-0.770689,0.0868242],[0.734172,0.629906,0.253398],[-0.249982,-0.0962183,0.963458]],[[0.656047,-0.754281,-0.025752],[0.511135,0.469155,-0.720163],[0.555287,0.459298,0.693327]],[[0.656047,-0.754281,-0.025752],[-0.28862,-0.219211,-0.932011],[0.697353,0.618876,-0.361513]],[[0.656047,-0.754281,-0.025752],[-0.630164,-0.528679,-0.568676],[0.415327,0.389306,-0.822159]]],"btipPosition":[-12.1315,259.337,21.1984],"carpPosition":[13.1641,288.083,78.8744],"dipPosition":[-5.14981,265.881,7.37781],"direction":[-0.697353,-0.618876,0.361513],"extended":false,"handId":994,"id":9944,"length":49.2606,"mcpPosition":[27.3005,293.524,24.3908],"pipPosition":[8.15201,277.686,0.482044],"stabilizedTipPosition":[11.8159,246.17,17.2817],"timeVisible":6.44267,"tipPosition":[-10.509,260.843,19.1988],"tipVelocity":[-17.8971,99.262,-132.478],"tool":false,"touchDistance":0.333333,"touchZone":"none","type":4,"width":15.66}],"r":[[0.993043,0.105072,-0.0531637],[-0.0950908,0.981823,0.16426],[0.0694564,-0.158062,0.984983]],"s":1.09343,"t":[5.7175,39.4575,-30.4108],"timestamp":669625220973},false],[3,{"currentFrameRate":54.1133,"devices":[],"gestures":[],"hands":[{"armBasis":[[0.884975,-0.445424,-0.135704],[0.416642,0.887612,-0.196355],[0.207914,0.117229,0.971097]],"armWidth":62.1429,"confidence":0.703265,"direction":[0.0613387,0.331288,-0.941534],"elbow":[53.0688,322.246,339.932],"grabStrength":0,"id":994,"palmNormal":[-0.446709,-0.834451,-0.322711],"palmPosition":[-6.9658,308.583,34.0004],"palmVelocity":[-28.7925,97.0444,-149.621],"palmWidth":88.738,"pinchStrength":0.89116,"r":[[0.992503,0.108504,-0.0562528],[-0.0976509,0.980787,0.168884],[0.0734966,-0.162125,0.984029]],"s":1.0945,"sphereCenter":[-21.9475,269.46,0.954482],"sphereRadius":48.0453,"stabilizedPalmPosition":[11.5453,293.627,37.8543],"t":[5.19204,41.253,-33.1938],"timeVisible":6.46123,"type":"right","wrist":[-1.67861,291.378,84.2249]}],"id":4977220,"interactionBox":{"center":[0,200,0],"size":[235.247,235.247,147.751]},"pointables":[{"bases":[[[0.770687,0.63379,0.065964],[-0.542502,0.598308,0.589676],[0.334264,-0.490242,0.804941]],[[0.692666,0.71575,-0.088975],[-0.608085,0.645858,0.461626],[0.387874,-0.265648,0.882601]],[[0.692666,0.71575,-0.088975],[-0.720187,0.679629,-0.139412],[-0.0393138,0.160644,0.986229]],[[0.692666,0.71575,-0.088975],[-0.667674,0.589647,-0.454455],[-0.272812,0.374191,0.886315]]],"btipPosition":[-42.7527,292.777,-9.3309],"carpPosition":[-31.4042,293.727,86.6594],"dipPosition":[-48.9795,301.318,10.8987],"direction":[0.0393138,-0.160644,-0.986229],"extended":false,"handId":994,"id":9940,"length":50.8265,"mcpPosition":[-31.4042,293.727,86.6594],"pipPosition":[-50.2867,306.659,43.6925],"stabilizedTipPosition":[-33.9019,282.463,4.25899],"timeVisible":6.46123,"tipPosition":[-43.5693,294.221,-4.45449],"tipVelocity":[-42.732,120.496,-154.511],"tool":false,"touchDistance":-0.0975021,"touchZone":"hovering","type":0,"width":19.7488},{"bases":[[[0.890202,-0.378511,-0.253516],[0.428505,0.884633,0.183867],[0.154673,-0.272312,0.949696]],[[0.901292,-0.404152,-0.155995],[0.40416,0.914089,-0.0331075],[0.155974,-0.0332074,0.987203]],[[0.901292,-0.404152,-0.155995],[0.374146,0.907703,-0.189975],[0.218376,0.112858,0.969317]],[[0.901292,-0.404152,-0.155995],[0.345565,0.887877,-0.303741],[0.261262,0.219853,0.939897]]],"btipPosition":[-42.3585,324.239,-65.7862],"carpPosition":[-15.2248,309.633,82.2264],"dipPosition":[-38.0052,327.902,-50.1249],"direction":[-0.218376,-0.112858,-0.969317],"extended":true,"handId":994,"id":9941,"length":57.352,"mcpPosition":[-26.3224,329.171,14.0869],"pipPosition":[-32.8576,330.562,-27.276],"stabilizedTipPosition":[-35.4111,315.251,-52.8803],"timeVisible":6.46123,"tipPosition":[-41.3938,325.468,-62.1378],"tipVelocity":[-42.5707,137.412,-139.625],"tool":false,"touchDistance":0.000131734,"touchZone":"hovering","type":1,"width":18.8641},{"bases":[[[0.816734,-0.557046,-0.150483],[0.576127,0.801713,0.159166],[0.0319815,-0.216694,0.975716]],[[0.817049,-0.559509,-0.139217],[0.332067,0.654034,-0.679684],[0.471342,0.509106,0.720172]],[[0.817049,-0.559509,-0.139217],[-0.283895,-0.180242,-0.941763],[0.501832,0.808989,-0.306108]],[[0.817049,-0.559509,-0.139217],[-0.525869,-0.624146,-0.577844],[0.236418,0.545336,-0.804186]]],"btipPosition":[-46.6098,265.144,1.95946],"carpPosition":[-4.02728,306.761,78.9744],"dipPosition":[-42.277,275.138,-12.7788],"direction":[-0.501832,-0.808989,0.306108],"extended":false,"handId":994,"id":9942,"length":65.348,"mcpPosition":[-6.20334,321.506,12.5855],"pipPosition":[-28.3599,297.574,-21.2679],"stabilizedTipPosition":[-25.472,252.463,2.79475],"timeVisible":6.46123,"tipPosition":[-45.5014,267.244,-0.0570323],"tipVelocity":[-22.2591,103.947,-174.468],"tool":false,"touchDistance":0.333333,"touchZone":"none","type":2,"width":18.527},{"bases":[[[0.766768,-0.641704,-0.0168261],[0.633733,0.752549,0.179031],[-0.102222,-0.147938,0.9837]],[[0.764612,-0.644486,0.00250126],[0.454162,0.536051,-0.711608],[0.457281,0.54524,0.702572]],[[0.764612,-0.644486,0.00250126],[-0.21995,-0.264591,-0.938943],[0.605797,0.717377,-0.344064]],[[0.764612,-0.644486,0.00250126],[-0.530463,-0.63153,-0.56549],[0.36603,0.431053,-0.824751]]],"btipPosition":[-30.5265,259.041,10.1555],"carpPosition":[6.19031,300.997,76.5394],"dipPosition":[-23.8569,266.896,-4.87282],"direction":[-0.605797,-0.717377,0.344064],"extended":false,"handId":994,"id":9943,"length":62.8339,"mcpPosition":[12.435,310.035,16.4456],"pipPosition":[-7.49042,286.277,-14.1682],"stabilizedTipPosition":[-3.80982,245.473,5.0245],"timeVisible":6.46123,"tipPosition":[-29.0235,260.848,8.2905],"tipVelocity":[-17.6763,103.718,-187.921],"tool":false,"touchDistance":0.333333,"touchZone":"none","type":3,"width":17.6296},{"bases":[[[0.634461,-0.769976,0.0677913],[0.733741,0.627533,0.260434],[-0.243069,-0.115494,0.963109]],[[0.658365,-0.751392,-0.0443357],[0.505828,0.485286,-0.713187],[0.557398,0.447111,0.699571]],[[0.658365,-0.751392,-0.0443357],[-0.292578,-0.201196,-0.934836],[0.693508,0.628435,-0.352301]],[[0.658365,-0.751392,-0.0443357],[-0.631455,-0.5193,-0.57584],[0.409658,0.407109,-0.81636]]],"btipPosition":[-12.452,261.337,17.0687],"carpPosition":[13.1387,289.055,75.2134],"dipPosition":[-5.56558,268.181,3.34552],"direction":[-0.693508,-0.628435,0.352301],"extended":false,"handId":994,"id":9944,"length":49.2606,"mcpPosition":[26.8842,295.586,20.7495],"pipPosition":[7.66289,280.168,-3.37453],"stabilizedTipPosition":[11.3584,246.508,17.2138],"timeVisible":6.46123,"tipPosition":[-10.8458,262.886,15.0768],"tipVelocity":[-18.1645,105.198,-175.492],"tool":false,"touchDistance":0.333333,"touchZone":"none","type":4,"width":15.66}],"r":[[0.992503,0.108504,-0.0562528],[-0.0976509,0.980787,0.168884],[0.0734966,-0.162125,0.984029]],"s":1.0945,"t":[5.19204,41.253,-33.1938],"timestamp":669625239531},false],[4,{"currentFrameRate":54.2243,"devices":[],"gestures":[],"hands":[{"armBasis":[[0.886665,-0.439906,-0.142503],[0.413817,0.892388,-0.179995],[0.206349,0.100625,0.973291]],"armWidth":62.1429,"confidence":0.709665,"direction":[0.0600496,0.32911,-0.94238],"elbow":[52.0061,319.328,337.984],"grabStrength":0,"id":994,"palmNormal":[-0.440565,-0.838416,-0.320876],"palmPosition":[-7.68166,309.861,31.4222],"palmVelocity":[-33.9507,84.5874,-146.398],"palmWidth":88.738,"pinchStrength":0.894481,"r":[[0.991913,0.112605,-0.0585617],[-0.101084,0.979893,0.172025],[0.076755,-0.164714,0.98335]],"s":1.09484,"sphereCenter":[-22.3233,270.466,-1.58366],"sphereRadius":48.1263,"stabilizedPalmPosition":[10.7736,294.278,37.5961],"t":[4.57137,42.7897,-35.8745],"timeVisible":6.47928,"type":"right","wrist":[-2.32917,292.831,81.6995]}],"id":4977221,"interactionBox":{"center":[0,200,0],"size":[235.247,235.247,147.751]},"pointables":[{"bases":[[[0.766202,0.639301,0.0650251],[-0.547271,0.596152,0.58745],[0.336793,-0.485692,0.806644]],[[0.687734,0.720325,-0.0903006],[-0.613291,0.643041,0.458664],[0.388454,-0.260058,0.88401]],[[0.687734,0.720325,-0.0903006],[-0.724831,0.674386,-0.140794],[-0.0405198,0.162281,0.985912]],[[0.687734,0.720325,-0.0903006],[-0.671688,0.584183,-0.455593],[-0.275423,0.373981,0.885596]]],"btipPosition":[-43.3499,293.709,-11.9357],"carpPosition":[-32.0729,294.981,84.0962],"dipPosition":[-49.6363,302.245,8.27744],"direction":[0.0405198,-0.162281,-0.985912],"extended":false,"handId":994,"id":9940,"length":50.8265,"mcpPosition":[-32.0729,294.981,84.0962],"pipPosition":[-50.9837,307.641,41.0607],"stabilizedTipPosition":[-33.9019,282.463,4.25899],"timeVisible":6.47928,"tipPosition":[-44.1854,295.168,-7.0569],"tipVelocity":[-38.5135,87.7811,-149.765],"tool":false,"touchDistance":-0.140979,"touchZone":"touching","type":0,"width":19.7488},{"bases":[[[0.893077,-0.373022,-0.251532],[0.422163,0.888088,0.181875],[0.155539,-0.268615,0.950607]],[[0.904242,-0.398324,-0.1539],[0.398004,0.916745,-0.0342405],[0.154726,-0.0302912,0.987493]],[[0.904242,-0.398324,-0.1539],[0.368634,0.910056,-0.189492],[0.215537,0.114614,0.969746]],[[0.904242,-0.398324,-0.1539],[0.340743,0.890275,-0.302166],[0.257374,0.220791,0.94075]]],"btipPosition":[-43.0113,325.148,-68.4781],"carpPosition":[-15.9995,310.986,79.6363],"dipPosition":[-38.7228,328.827,-52.8026],"direction":[-0.215537,-0.114614,-0.969746],"extended":true,"handId":994,"id":9941,"length":57.352,"mcpPosition":[-27.1592,330.259,11.4315],"pipPosition":[-33.6421,331.528,-29.9436],"stabilizedTipPosition":[-35.4111,315.251,-52.8803],"timeVisible":6.47928,"tipPosition":[-42.0841,326.305,-64.8178],"tipVelocity":[-39.9221,96.1839,-144.05],"tool":false,"touchDistance":-0.0946786,"touchZone":"hovering","type":1,"width":18.8641},{"bases":[[[0.820738,-0.551779,-0.148084],[0.570383,0.806126,0.157558],[0.0324369,-0.213778,0.976343]],[[0.82107,-0.554314,-0.13631],[0.331621,0.657562,-0.676491],[0.464621,0.510242,0.723726]],[[0.82107,-0.554314,-0.13631],[-0.277317,-0.178627,-0.944028],[0.498939,0.812913,-0.300385]],[[0.82107,-0.554314,-0.13631],[-0.519123,-0.625786,-0.582154],[0.237395,0.548751,-0.801571]]],"btipPosition":[-47.0141,266.143,-1.02726],"carpPosition":[-4.77883,308.184,76.4041],"dipPosition":[-42.6634,276.2,-15.7176],"direction":[-0.498939,-0.812913,0.300385],"extended":false,"handId":994,"id":9942,"length":65.348,"mcpPosition":[-6.98587,322.73,9.97249],"pipPosition":[-28.8265,298.744,-24.048],"stabilizedTipPosition":[-25.801,252.719,2.6794],"timeVisible":6.47928,"tipPosition":[-45.9053,268.248,-2.99193],"tipVelocity":[-22.2164,81.2564,-169.902],"tool":false,"touchDistance":0.333333,"touchZone":"none","type":2,"width":18.527},{"bases":[[[0.771217,-0.636413,-0.0142459],[0.628307,0.757418,0.177619],[-0.102249,-0.145934,0.983996]],[[0.769051,-0.639167,0.00516189],[0.454208,0.540789,-0.707984],[0.449729,0.546821,0.706209]],[[0.769051,-0.639167,0.00516189],[-0.212478,-0.263256,-0.941036],[0.602838,0.722608,-0.338266]],[[0.769051,-0.639167,0.00516189],[-0.523163,-0.634073,-0.569432],[0.367235,0.435221,-0.822022]]],"btipPosition":[-30.847,260.12,7.22888],"carpPosition":[5.48109,302.484,73.9958],"dipPosition":[-24.1554,268.05,-7.74966],"direction":[-0.602838,-0.722608,0.338266],"extended":false,"handId":994,"id":9943,"length":62.8339,"mcpPosition":[11.7274,311.399,13.8838],"pipPosition":[-7.86894,287.572,-16.8884],"stabilizedTipPosition":[-4.11318,245.669,5.00974],"timeVisible":6.47928,"tipPosition":[-29.3486,261.935,5.38656],"tipVelocity":[-17.5817,83.2933,-175.376],"tool":false,"touchDistance":0.333333,"touchZone":"none","type":3,"width":17.6296},{"bases":[[[0.639713,-0.765366,0.070586],[0.729092,0.633324,0.259472],[-0.243295,-0.114524,0.963168]],[[0.663575,-0.746965,-0.0413765],[0.505352,0.488343,-0.711436],[0.551623,0.451181,0.701532]],[[0.663575,-0.746965,-0.0413765],[-0.28698,-0.203085,-0.936162],[0.690877,0.633087,-0.349126]],[[0.663575,-0.746965,-0.0413765],[-0.625614,-0.523744,-0.578187],[0.410215,0.409556,-0.814855]]],"btipPosition":[-12.8244,262.544,14.4085],"carpPosition":[12.5135,290.587,72.7101],"dipPosition":[-5.92863,269.429,0.710677],"direction":[-0.690877,-0.633087,0.349126],"extended":false,"handId":994,"id":9944,"length":49.2606,"mcpPosition":[26.2719,297.063,18.2429],"pipPosition":[7.24966,281.505,-5.9488],"stabilizedTipPosition":[11.0199,246.772,17.1246],"timeVisible":6.47928,"tipPosition":[-11.2195,264.101,12.4238],"tipVelocity":[-19.2791,87.2385,-161.988],"tool":false,"touchDistance":0.333333,"touchZone":"none","type":4,"width":15.66}],"r":[[0.991913,0.112605,-0.0585617],[-0.101084,0.979893,0.172025],[0.076755,-0.164714,0.98335]],"s":1.09484,"t":[4.57137,42.7897,-35.8745],"timestamp":669625257582},false],[5,{"currentFrameRate":54.1045,"devices":[],"gestures":[],"hands":[{"armBasis":[[0.891195,-0.42659,-0.154248],[0.4017,0.900132,-0.16852],[0.210732,0.0882223,0.973555]],"armWidth":62.1429,"confidence":0.71507,"direction":[0.0545752,0.330988,-0.942056],"elbow":[53.0419,317.83,334.596],"grabStrength":0,"id":994,"palmNormal":[-0.427754,-0.844755,-0.321582],"palmPosition":[-8.08308,311.597,27.9851],"palmVelocity":[-27.7131,88.1485,-163.766],"palmWidth":88.738,"pinchStrength":0.895825,"r":[[0.991058,0.118951,-0.0604562],[-0.106819,0.9788,0.174759],[0.0799622,-0.166738,0.982753]],"s":1.09528,"sphereCenter":[-22.1502,272.042,-5.08863],"sphereRadius":48.163,"stabilizedPalmPosition":[10.0954,294.901,37.2504],"t":[4.06033,44.4263,-38.9333],"timeVisible":6.49818,"type":"right","wrist":[-2.44766,294.599,78.2421]}],"id":4977222,"interactionBox":{"center":[0,200,0],"size":[235.247,235.247,147.751]},"pointables":[{"bases":[[[0.756306,0.650943,0.0653857],[-0.556123,0.587044,0.588308],[0.34457,-0.481303,0.805989]],[[0.676455,0.73097,-0.0899522],[-0.623234,0.633227,0.458915],[0.392413,-0.254374,0.883915]],[[0.676455,0.73097,-0.0899522],[-0.735315,0.663447,-0.138383],[-0.0414754,0.159753,0.986285]],[[0.676455,0.73097,-0.0899522],[-0.681466,0.574916,-0.452853],[-0.279307,0.367634,0.887036]]],"btipPosition":[-43.5693,294.969,-15.4192],"carpPosition":[-32.2199,296.289,80.6534],"dipPosition":[-49.9443,303.36,4.82684],"direction":[0.0414754,-0.159753,-0.986285],"extended":false,"handId":994,"id":9940,"length":50.8265,"mcpPosition":[-32.2199,296.289,80.6534],"pipPosition":[-51.3234,308.672,37.6225],"stabilizedTipPosition":[-34.3341,283.024,3.67595],"timeVisible":6.49818,"tipPosition":[-44.4222,296.415,-10.5259],"tipVelocity":[-25.843,76.544,-166.489],"tool":false,"touchDistance":-0.19891,"touchZone":"touching","type":0,"width":19.7488},{"bases":[[[0.898601,-0.358975,-0.252296],[0.408531,0.894285,0.182641],[0.160061,-0.267192,0.950257]],[[0.910182,-0.38416,-0.154887],[0.384176,0.922738,-0.0310465],[0.154847,-0.0312461,0.987444]],[[0.910182,-0.38416,-0.154887],[0.355654,0.916493,-0.183169],[0.212319,0.111631,0.970803]],[[0.910182,-0.38416,-0.154887],[0.328821,0.897527,-0.293806],[0.251884,0.216487,0.943233]]],"btipPosition":[-43.5706,326.785,-71.9497],"carpPosition":[-16.3965,312.544,76.2038],"dipPosition":[-39.3735,330.392,-56.2329],"direction":[-0.212319,-0.111631,-0.970803],"extended":true,"handId":994,"id":9941,"length":57.352,"mcpPosition":[-27.8807,331.715,8.02406],"pipPosition":[-34.3687,333.024,-33.3489],"stabilizedTipPosition":[-35.525,315.447,-53.125],"timeVisible":6.49818,"tipPosition":[-42.7029,327.783,-68.2596],"tipVelocity":[-35.3956,91.0622,-163.22],"tool":false,"touchDistance":-0.152381,"touchZone":"hovering","type":1,"width":18.8641},{"bases":[[[0.829065,-0.538932,-0.149008],[0.557983,0.814638,0.158176],[0.0361409,-0.214282,0.976103]],[[0.82945,-0.541555,-0.136861],[0.323078,0.664998,-0.673349],[0.455668,0.514292,0.726547]],[[0.82945,-0.541555,-0.136861],[-0.272283,-0.178059,-0.945599],[0.487724,0.821592,-0.295147]],[[0.82945,-0.541555,-0.136861],[-0.508501,-0.63067,-0.586244],[0.231169,0.555854,-0.798491]]],"btipPosition":[-46.7768,267.35,-4.7853],"carpPosition":[-5.13546,309.918,72.964],"dipPosition":[-42.5402,277.537,-19.4192],"direction":[-0.487724,-0.821592,0.295147],"extended":false,"handId":994,"id":9942,"length":65.348,"mcpPosition":[-7.59453,324.498,6.54876],"pipPosition":[-29.0143,300.322,-27.6044],"stabilizedTipPosition":[-26.0116,252.898,2.56537],"timeVisible":6.49818,"tipPosition":[-45.693,269.487,-6.75055],"tipVelocity":[-5.84268,73.4913,-183.732],"tool":false,"touchDistance":0.333333,"touchZone":"none","type":2,"width":18.527},{"bases":[[[0.780909,-0.624459,-0.0152393],[0.616658,0.766806,0.178162],[-0.0995692,-0.148526,0.983883]],[[0.778755,-0.627312,0.00449438],[0.44608,0.548706,-0.70706],[0.441081,0.552632,0.707139]],[[0.778755,-0.627312,0.00449438],[-0.207961,-0.264913,-0.94158],[0.591855,0.732326,-0.336759]],[[0.778755,-0.627312,0.00449438],[-0.51313,-0.641097,-0.570695],[0.360885,0.442125,-0.82115]]],"btipPosition":[-30.4927,261.531,3.68827],"carpPosition":[5.20988,304.379,70.5454],"dipPosition":[-23.9168,269.587,-11.2744],"direction":[-0.591855,-0.732326,0.336759],"extended":false,"handId":994,"id":9943,"length":62.8339,"mcpPosition":[11.2925,313.453,10.4403],"pipPosition":[-7.92705,289.372,-20.3724],"stabilizedTipPosition":[-4.32579,245.821,4.96902],"timeVisible":6.49818,"tipPosition":[-29.0186,263.373,1.80397],"tipVelocity":[-0.456047,79.8154,-181.122],"tool":false,"touchDistance":0.333333,"touchZone":"none","type":3,"width":17.6296},{"bases":[[[0.65144,-0.755509,0.0695103],[0.719375,0.64419,0.259842],[-0.241091,-0.119267,0.963146]],[[0.67499,-0.736598,-0.0425726],[0.501045,0.499965,-0.706392],[0.541611,0.455476,0.70654]],[[0.67499,-0.736598,-0.0425726],[-0.279378,-0.201756,-0.938745],[0.682888,0.645537,-0.341972]],[[0.67499,-0.736598,-0.0425726],[-0.615541,-0.530367,-0.582941],[0.406814,0.419684,-0.811399]]],"btipPosition":[-12.4838,264.262,10.5766],"carpPosition":[12.4239,292.593,69.2442],"dipPosition":[-5.64523,271.317,-3.06315],"direction":[-0.682888,-0.645537,0.341972],"extended":false,"handId":994,"id":9944,"length":49.2606,"mcpPosition":[26.0576,299.337,14.7782],"pipPosition":[7.38067,283.631,-9.58618],"stabilizedTipPosition":[10.7682,246.991,17.0134],"timeVisible":6.49818,"tipPosition":[-10.9022,265.845,8.63131],"tipVelocity":[-1.3281,90.0434,-181.607],"tool":false,"touchDistance":0.333333,"touchZone":"none","type":4,"width":15.66}],"r":[[0.991058,0.118951,-0.0604562],[-0.106819,0.9788,0.174759],[0.0799622,-0.166738,0.982753]],"s":1.09528,"t":[4.06033,44.4263,-38.9333],"timestamp":669625276487},false],[6,{"currentFrameRate":54.2203,"devices":[],"gestures":[],"hands":[{"armBasis":[[0.885641,-0.440896,-0.145775],[0.411158,0.890429,-0.195155],[0.215846,0.112901,0.969878]],"armWidth":62.1429,"confidence":0.7151,"direction":[0.0564505,0.325027,-0.944018],"elbow":[53.9989,325.368,331.721],"grabStrength":0,"id":994,"palmNormal":[-0.441455,-0.839951,-0.315595],"palmPosition":[-8.38136,312.448,26.0046],"palmVelocity":[-22.4118,68.7056,-138.171],"palmWidth":88.738,"pinchStrength":0.896722,"r":[[0.990671,0.120981,-0.0627217],[-0.108345,0.978418,0.175954],[0.0826552,-0.167517,0.982398]],"s":1.09603,"sphereCenter":[-23.1654,272.961,-6.8557],"sphereRadius":48.2198,"stabilizedPalmPosition":[9.60618,295.366,36.9527],"t":[3.65567,45.6699,-41.453],"timeVisible":6.51622,"type":"right","wrist":[-2.83709,295.639,76.3353]}],"id":4977223,"interactionBox":{"center":[0,200,0],"size":[235.247,235.247,147.751]},"pointables":[{"bases":[[[0.766214,0.639833,0.0594097],[-0.545303,0.59852,0.586871],[0.339942,-0.482065,0.807498]],[[0.687168,0.720137,-0.0959344],[-0.612399,0.645216,0.456796],[0.390854,-0.255146,0.884383]],[[0.687168,0.720137,-0.0959344],[-0.725705,0.674236,-0.13696],[-0.0339474,0.163735,0.98592]],[[0.687168,0.720137,-0.0959344],[-0.675156,0.584253,-0.450348],[-0.268262,0.374235,0.887684]]],"btipPosition":[-44.3484,296.224,-17.2654],"carpPosition":[-32.5725,297.789,78.8327],"dipPosition":[-50.4713,304.766,2.99544],"direction":[0.0339474,-0.163735,-0.98592],"extended":false,"handId":994,"id":9940,"length":50.8265,"mcpPosition":[-32.5725,297.789,78.8327],"pipPosition":[-51.6001,310.21,35.779],"stabilizedTipPosition":[-34.8131,283.66,2.99316],"timeVisible":6.51622,"tipPosition":[-45.1511,297.688,-12.355],"tipVelocity":[-32.5522,74.1614,-135.978],"tool":false,"touchDistance":-0.229624,"touchZone":"touching","type":0,"width":19.7488},{"bases":[[[0.892271,-0.373815,-0.253208],[0.422522,0.889011,0.176448],[0.159146,-0.264425,0.951185]],[[0.903744,-0.398486,-0.156382],[0.398256,0.916637,-0.0341805],[0.156966,-0.0313896,0.987105]],[[0.903744,-0.398486,-0.156382],[0.369976,0.910861,-0.182894],[0.215323,0.107432,0.970616]],[[0.903744,-0.398486,-0.156382],[0.343327,0.892929,-0.291212],[0.255682,0.209491,0.94379]]],"btipPosition":[-43.8525,328.045,-73.967],"carpPosition":[-16.5213,313.78,74.2438],"dipPosition":[-39.5922,331.535,-58.2408],"direction":[-0.215323,-0.107432,-0.970616],"extended":true,"handId":994,"id":9941,"length":57.352,"mcpPosition":[-27.9398,332.753,5.99749],"pipPosition":[-34.5166,334.068,-35.3613],"stabilizedTipPosition":[-35.8267,315.997,-53.8322],"timeVisible":6.51622,"tipPosition":[-42.9962,328.859,-70.2557],"tipVelocity":[-25.6376,80.2876,-138.793],"tool":false,"touchDistance":-0.185966,"touchZone":"touching","type":1,"width":18.8641},{"bases":[[[0.820378,-0.552144,-0.148717],[0.57068,0.806994,0.15194],[0.0361206,-0.209518,0.977137]],[[0.820775,-0.554796,-0.136124],[0.333965,0.659346,-0.673595],[0.463461,0.507409,0.726457]],[[0.820775,-0.554796,-0.136124],[-0.273715,-0.172789,-0.946163],[0.501407,0.813846,-0.293676]],[[0.820775,-0.554796,-0.136124],[-0.517953,-0.622252,-0.586964],[0.240942,0.552272,-0.798087]]],"btipPosition":[-47.8765,268.68,-6.88135],"carpPosition":[-5.31167,310.968,70.9823],"dipPosition":[-43.4608,278.801,-21.5078],"direction":[-0.501407,-0.813846,0.293676],"extended":false,"handId":994,"id":9942,"length":65.348,"mcpPosition":[-7.76937,325.223,4.49667],"pipPosition":[-29.5555,301.371,-29.6522],"stabilizedTipPosition":[-26.1787,253.043,2.4627],"timeVisible":6.51622,"tipPosition":[-46.7509,270.799,-8.81168],"tipVelocity":[-30.9164,73.2063,-151.658],"tool":false,"touchDistance":0.333333,"touchZone":"none","type":2,"width":18.527},{"bases":[[[0.771382,-0.636212,-0.0143297],[0.628694,0.758393,0.171998],[-0.0985596,-0.141685,0.984993]],[[0.769192,-0.63899,0.00592223],[0.453366,0.539167,-0.709759],[0.450336,0.548626,0.70442]],[[0.769192,-0.63899,0.00592223],[-0.212892,-0.264987,-0.940457],[0.602512,0.722131,-0.339862]],[[0.769192,-0.63899,0.00592223],[-0.52349,-0.635418,-0.567629],[0.366472,0.433515,-0.823263]]],"btipPosition":[-31.616,262.602,1.87678],"carpPosition":[4.94126,305.261,68.5609],"dipPosition":[-24.9383,270.501,-13.1244],"direction":[-0.602512,-0.722131,0.339862],"extended":false,"handId":994,"id":9943,"length":62.8339,"mcpPosition":[10.9622,313.916,8.38801],"pipPosition":[-8.6606,290.011,-22.3062],"stabilizedTipPosition":[-4.49656,245.944,4.92564],"timeVisible":6.51622,"tipPosition":[-30.1147,264.412,-0.0418632],"tipVelocity":[-29.1717,69.1676,-143.079],"tool":false,"touchDistance":0.333333,"touchZone":"none","type":3,"width":17.6296},{"bases":[[[0.640237,-0.764838,0.0715481],[0.729825,0.63469,0.254017],[-0.239693,-0.110413,0.96455]],[[0.663658,-0.746941,-0.0404638],[0.506742,0.488714,-0.710191],[0.550246,0.45082,0.702845]],[[0.663658,-0.746941,-0.0404638],[-0.284553,-0.202059,-0.937124],[0.6918,0.633444,-0.346642]],[[0.663658,-0.746941,-0.0404638],[-0.624853,-0.52382,-0.578941],[0.411239,0.409503,-0.814365]]],"btipPosition":[-13.5559,265.092,8.82036],"carpPosition":[11.973,293.36,67.3009],"dipPosition":[-6.64293,271.975,-4.86927],"direction":[-0.6918,-0.633444,0.346642],"extended":false,"handId":994,"id":9944,"length":49.2606,"mcpPosition":[25.5277,299.604,12.7556],"pipPosition":[6.55297,284.058,-11.4814],"stabilizedTipPosition":[10.5757,247.158,16.9174],"timeVisible":6.51622,"tipPosition":[-11.9531,266.642,6.83908],"tipVelocity":[-28.45,68.1091,-141.949],"tool":false,"touchDistance":0.333333,"touchZone":"none","type":4,"width":15.66}],"r":[[0.990671,0.120981,-0.0627217],[-0.108345