{"sensorType":"Leap","data":[[0,{"currentFrameRate":53.7882,"devices":[],"gestures":[],"hands":[{"armBasis":[[0.949336,-0.284726,-0.133011],[0.274519,0.957358,-0.0900256],[0.152972,0.0489506,0.987018]],"armWidth":62.1429,"confidence":0.105769,"direction":[0.517776,0.523289,-0.676813],"elbow":[63.9053,295.175,325.828],"grabStrength":0.643794,"id":990,"palmNormal":[0.126759,-0.82931,-0.544221],"palmPosition":[45.1374,307.807,24.3078],"palmVelocity":[35.8156,41.7137,83.0753],"palmWidth":88.738,"pinchStrength":0.904702,"r":[[0.832851,0.189062,0.520206],[-0.148241,0.98171,-0.119456],[-0.533277,0.0223727,0.845645]],"s":0.936881,"sphereCenter":[67.9267,272.734,-6.73142],"sphereRadius":43.6775,"stabilizedPalmPosition":[41.5238,305.824,-0.0818458],"t":[56.6987,-34.6824,-28.6802],"timeVisible":7.90446,"type":"right","wrist":[23.6252,282.286,65.9293]}],"id":4975346,"interactionBox":{"center":[0,200,0],"size":[235.247,235.247,147.751]},"pointables":[{"bases":[[[0.328115,0.765002,0.554177],[-0.939673,0.324391,0.10856],[-0.096722,-0.556366,0.825289]],[[0.341298,0.867709,0.36138],[-0.925835,0.376722,-0.0301615],[-0.162312,-0.324285,0.931931]],[[0.341298,0.867709,0.36138],[-0.764886,0.479843,-0.429768],[-0.54632,-0.129736,0.827468]],[[0.341298,0.867709,0.36138],[-0.540913,0.495736,-0.679455],[-0.768718,0.0364212,0.638549]]],"btipPosition":[43.3227,296.523,-38.7842],"carpPosition":[-0.290565,277.254,48.6734],"dipPosition":[25.7772,297.354,-24.2097],"direction":[0.54632,0.129736,-0.827468],"extended":false,"handId":990,"id":9900,"length":50.8265,"mcpPosition":[-0.290565,277.254,48.6734],"pipPosition":[7.61111,293.04,3.30503],"stabilizedTipPosition":[34.9142,294.941,-35.8739],"timeVisible":7.90446,"tipPosition":[39.7052,296.991,-35.1498],"tipVelocity":[322.992,187.364,-35.9765],"tool":false,"touchDistance":0.218165,"touchZone":"hovering","type":0,"width":19.7488},{"bases":[[[0.920998,-0.105348,0.375053],[-0.0707131,0.90154,0.426879],[-0.383096,-0.419676,0.822866]],[[0.918156,-0.108432,0.381094],[0.179628,0.971217,-0.156432],[-0.353163,0.212084,0.911206]],[[0.918156,-0.108432,0.381094],[0.376848,0.536053,-0.755403],[-0.122377,0.837192,0.533042]],[[0.918156,-0.108432,0.381094],[0.390693,0.0876624,-0.916338],[0.0659526,0.990231,0.122851]]],"btipPosition":[53.4202,281.978,-55.9427],"carpPosition":[9.35051,296.987,55.8877],"dipPosition":[54.5191,298.478,-53.8957],"direction":[0.122377,-0.837192,-0.533042],"extended":false,"handId":990,"id":9901,"length":57.352,"mcpPosition":[36.8372,327.098,-3.15199],"pipPosition":[51.6344,318.212,-41.3307],"stabilizedTipPosition":[52.0939,289.662,-61.1595],"timeVisible":7.90446,"tipPosition":[50.8645,283.292,-49.1062],"tipVelocity":[181.84,-542.575,499.997],"tool":false,"touchDistance":0.639326,"touchZone":"hovering","type":1,"width":18.8641},{"bases":[[[0.859242,-0.313216,0.404473],[0.0776169,0.861318,0.502103],[-0.505646,-0.400034,0.764391]],[[0.851267,-0.319405,0.416323],[0.496446,0.747213,-0.441831],[-0.169958,0.582798,0.794645]],[[0.851267,-0.319405,0.416323],[0.344747,-0.257705,-0.902628],[0.395593,0.911904,-0.109261]],[[0.851267,-0.319405,0.416323],[0.0555294,-0.73411,-0.676757],[0.521786,0.599219,-0.607187]]],"btipPosition":[42.2547,261.025,-14.6274],"carpPosition":[20.3941,297.474,60.579],"dipPosition":[51.8174,272.007,-25.7553],"direction":[-0.395593,-0.911904,0.109261],"extended":false,"handId":990,"id":9902,"length":65.348,"mcpPosition":[54.7989,324.692,8.56886],"pipPosition":[62.7882,297.297,-28.7854],"stabilizedTipPosition":[40.2353,261.977,-17.2601],"timeVisible":7.90446,"tipPosition":[44.8129,263.887,-17.6542],"tipVelocity":[245.801,147.973,-97.3739],"tool":false,"touchDistance":0.333333,"touchZone":"none","type":2,"width":18.527},{"bases":[[[0.767155,-0.432703,0.473541],[0.122649,0.823548,0.553829],[-0.629628,-0.366793,0.684859]],[[0.768305,-0.432032,0.472288],[0.616655,0.697399,-0.365201],[-0.171595,0.571825,0.802229]],[[0.768305,-0.432032,0.472288],[0.398075,-0.255297,-0.881113],[0.501243,0.864969,-0.0241651]],[[0.768305,-0.432032,0.472288],[0.0456114,-0.699025,-0.713641],[0.638457,0.569836,-0.517359]]],"btipPosition":[51.8762,258.555,-1.48352],"carpPosition":[31.1109,294.816,65.2305],"dipPosition":[63.5099,268.938,-10.9106],"direction":[-0.501243,-0.864969,0.0241651],"extended":false,"handId":990,"id":9903,"length":62.8339,"mcpPosition":[69.5746,317.223,23.3927],"pipPosition":[77.0516,292.306,-11.5635],"stabilizedTipPosition":[48.7832,259.329,-5.43334],"timeVisible":7.90446,"tipPosition":[54.6215,261.181,-3.52651],"tipVelocity":[185.029,112.408,-50.5773],"tool":false,"touchDistance":0.333333,"touchZone":"none","type":3,"width":17.6296},{"bases":[[[0.658245,-0.602333,0.451562],[0.184365,0.710558,0.679055],[-0.729879,-0.363732,0.578771]],[[0.675401,-0.593521,0.437683],[0.690084,0.717946,-0.0913164],[-0.260034,0.363713,0.89448]],[[0.675401,-0.593521,0.437683],[0.508456,-0.0550938,-0.859324],[0.53414,0.802931,0.264569]],[[0.675401,-0.593521,0.437683],[0.0854261,-0.526544,-0.845845],[0.732486,0.608674,-0.304926]]],"btipPosition":[68.399,267.784,5.05746],"carpPosition":[40.6591,285.305,68.553],"dipPosition":[80.7122,278.016,-0.0684081],"direction":[-0.53414,-0.802931,-0.264569],"extended":false,"handId":990,"id":9904,"length":49.2606,"mcpPosition":[81.9338,305.874,35.8235],"pipPosition":[90.9008,293.332,4.97817],"stabilizedTipPosition":[66.4092,267.997,1.18435],"timeVisible":7.90446,"tipPosition":[70.0507,269.661,5.2526],"tipVelocity":[187.553,120.406,24.2953],"tool":false,"touchDistance":0.35638,"touchZone":"hovering","type":4,"width":15.66}],"r":[[0.832851,0.189062,0.520206],[-0.148241,0.98171,-0.119456],[-0.533277,0.0223727,0.845645]],"s":0.936881,"t":[56.6987,-34.6824,-28.6802],"timestamp":669590073897},false],[1,{"currentFrameRate":53.7996,"devices":[],"gestures":[],"hands":[{"armBasis":[[0.913577,-0.386919,-0.12518],[0.371267,0.919167,-0.131503],[0.165942,0.0736629,0.98338]],"armWidth":62.1429,"confidence":0.0879647,"direction":[0.539746,0.585049,-0.605303],"elbow":[63.0449,299.278,325.408],"grabStrength":0.764341,"id":990,"palmNormal":[0.121806,-0.765743,-0.631507],"palmPosition":[42.0951,309.452,28.3268],"palmVelocity":[-60.8987,64.4457,147.738],"palmWidth":88.738,"pinchStrength":0.98903,"r":[[0.797983,0.177849,0.575841],[-0.158465,0.983764,-0.0842402],[-0.581474,-0.0240281,0.81321]],"s":0.868139,"sphereCenter":[64.4465,278.171,-5.8032],"sphereRadius":42.7323,"stabilizedPalmPosition":[41.5373,305.91,0.588833],"t":[55.4907,-33.4663,-25.8877],"timeVisible":7.92301,"type":"right","wrist":[19.3493,279.881,66.4671]}],"id":4975347,"interactionBox":{"center":[0,200,0],"size":[235.247,235.247,147.751]},"pointables":[{"bases":[[[0.33156,0.691573,0.641712],[-0.935485,0.329107,0.128669],[-0.122208,-0.642974,0.756075]],[[0.350541,0.818355,0.45543],[-0.917189,0.398332,-0.0098025],[-0.189434,-0.41428,0.890217]],[[0.350541,0.818355,0.45543],[-0.743762,0.538776,-0.39565],[-0.569157,-0.20004,0.797524]],[[0.350541,0.818355,0.45543],[-0.517901,0.57455,-0.633775],[-0.78032,-0.0137039,0.62523]]],"btipPosition":[41.6302,304.423,-35.7638],"carpPosition":[-4.32763,277.29,48.3634],"dipPosition":[23.8199,304.11,-21.4933],"direction":[0.569157,0.20004,-0.797524],"extended":false,"handId":990,"id":9900,"length":50.8265,"mcpPosition":[-4.32763,277.29,48.3634],"pipPosition":[4.89443,297.458,5.02575],"stabilizedTipPosition":[37.0806,302.723,-33.0685],"timeVisible":7.92301,"tipPosition":[37.7649,304.876,-32.1474],"tipVelocity":[120.934,295.951,58.4198],"tool":false,"touchDistance":0.281484,"touchZone":"hovering","type":0,"width":19.7488},{"bases":[[[0.911768,-0.165101,0.376059],[-0.0622751,0.849478,0.523935],[-0.405956,-0.501127,0.764246]],[[0.911255,-0.165733,0.377023],[0.211236,0.973954,-0.0824159],[-0.353544,0.154743,0.92253]],[[0.911255,-0.165733,0.377023],[0.40565,0.519344,-0.75215],[-0.071148,0.83834,0.540485]],[[0.911255,-0.165733,0.377023],[0.386459,0.027691,-0.921891],[0.142348,0.985782,0.0892828]]],"btipPosition":[48.7793,289.181,-49.8143],"carpPosition":[5.53411,295.897,57.9007],"dipPosition":[51.1512,305.607,-48.3266],"direction":[0.071148,-0.83834,-0.540485],"extended":false,"handId":990,"id":9901,"length":57.352,"mcpPosition":[34.661,331.852,3.067],"pipPosition":[49.4741,325.368,-35.5862],"stabilizedTipPosition":[51.0023,290.962,-56.552],"timeVisible":7.92301,"tipPosition":[48.2953,292.16,-47.093],"tipVelocity":[-19.6104,-92.498,414.579],"tool":false,"touchDistance":0.698723,"touchZone":"hovering","type":1,"width":18.8641},{"bases":[[[0.845707,-0.373668,0.380989],[0.0838691,0.798128,0.596621],[-0.527016,-0.472614,0.706322]],[[0.837378,-0.380999,0.391967],[0.518538,0.780563,-0.349055],[-0.172966,0.495541,0.851189]],[[0.837378,-0.380999,0.391967],[0.356677,-0.162541,-0.919979],[0.414222,0.910176,-0.000214614]],[[0.837378,-0.380999,0.391967],[0.0555474,-0.654046,-0.754413],[0.543795,0.653501,-0.52652]]],"btipPosition":[39.0311,267.279,-15.617],"carpPosition":[16.4952,295.634,62.7988],"dipPosition":[48.9972,279.255,-25.2665],"direction":[-0.414222,-0.910176,0.000214614],"extended":false,"handId":990,"id":9902,"length":65.348,"mcpPosition":[52.354,327.791,14.7398],"pipPosition":[60.4847,304.497,-25.2725],"stabilizedTipPosition":[41.0274,267.842,-17.6797],"timeVisible":7.92301,"tipPosition":[41.701,270.431,-18.2482],"tipVelocity":[45.1599,245.5,-67.2],"tool":false,"touchDistance":0.333333,"touchZone":"none","type":2,"width":18.527},{"bases":[[[0.75019,-0.49824,0.43471],[0.127234,0.753919,0.644529],[-0.648866,-0.428209,0.628975]],[[0.751295,-0.497509,0.433636],[0.636992,0.718496,-0.279293],[-0.172615,0.486055,0.856712]],[[0.751295,-0.497509,0.433636],[0.407952,-0.166404,-0.897711],[0.518778,0.851349,0.0779413]],[[0.751295,-0.497509,0.433636],[0.0456227,-0.616335,-0.786161],[0.658387,0.610423,-0.440352]]],"btipPosition":[48.2213,263.114,-2.53608],"carpPosition":[27.0732,292.258,67.2998],"dipPosition":[60.2182,274.237,-10.56],"direction":[-0.518778,-0.851349,-0.0779413],"extended":false,"handId":990,"id":9903,"length":62.8339,"mcpPosition":[66.7122,318.417,28.8759],"pipPosition":[74.2337,297.238,-8.4543],"stabilizedTipPosition":[50.1059,263.147,-4.80023],"timeVisible":7.92301,"tipPosition":[51.1199,265.934,-4.3007],"tipVelocity":[2.30232,181.419,-45.1443],"tool":false,"touchDistance":0.322091,"touchZone":"hovering","type":3,"width":17.6296},{"bases":[[[0.638644,-0.662126,0.392075],[0.184538,0.626434,0.757315],[-0.747047,-0.411302,0.522256]],[[0.654858,-0.652956,0.380539],[0.704631,0.709557,0.00492963],[-0.273233,0.264911,0.924752]],[[0.654858,-0.652956,0.380539],[0.526937,0.0335388,-0.849242],[0.541755,0.756653,0.36603]],[[0.654858,-0.652956,0.380539],[0.0952669,-0.428186,-0.898655],[0.749724,0.624744,-0.218196]]],"btipPosition":[65.1142,271.434,4.95671],"carpPosition":[36.3833,282.245,69.6935],"dipPosition":[77.7172,281.936,1.28879],"direction":[-0.541755,-0.756653,-0.36603],"extended":false,"handId":990,"id":9904,"length":49.2606,"mcpPosition":[78.6288,305.505,40.1599],"pipPosition":[88.051,296.369,8.27071],"stabilizedTipPosition":[67.4302,271.723,3.049],"timeVisible":7.92301,"tipPosition":[66.8506,273.271,5.34703],"tipVelocity":[12.8191,158.993,18.6585],"tool":false,"touchDistance":0.357594,"touchZone":"hovering","type":4,"width":15.66}],"r":[[0.797983,0.177849,0.575841],[-0.158465,0.983764,-0.0842402],[-0.581474,-0.0240281,0.81321]],"s":0.868139,"t":[55.4907,-33.4663,-25.8877],"timestamp":669590092444},false],[2,{"currentFrameRate":53.8231,"devices":[],"gestures":[],"hands":[{"armBasis":[[0.865739,-0.493687,-0.0822772],[0.476897,0.86358,-0.163705],[0.151872,0.102488,0.983072]],"armWidth":62.1429,"confidence":0.0907311,"direction":[0.519459,0.609053,-0.599347],"elbow":[55.6612,305.579,329.236],"grabStrength":0.797026,"id":990,"palmNormal":[-0.049051,-0.678994,-0.732504],"palmPosition":[36.4786,310.854,33.3265],"palmVelocity":[-178.151,69.9259,206.941],"palmWidth":88.738,"pinchStrength":1,"r":[[0.788272,0.137219,0.599831],[-0.151048,0.988142,-0.0275487],[-0.596499,-0.0688876,0.799652]],"s":0.821418,"sphereCenter":[50.2077,283.134,-6.97526],"sphereRadius":42.1911,"stabilizedPalmPosition":[41.3614,306.082,1.72719],"t":[52.0784,-32.1574,-21.9916],"timeVisible":7.9415,"type":"right","wrist":[15.6706,278.592,70.3763]}],"id":4975348,"interactionBox":{"center":[0,200,0],"size":[235.247,235.247,147.751]},"pointables":[{"bases":[[[0.488515,0.561212,0.668127],[-0.867349,0.395852,0.301674],[-0.0951761,-0.726872,0.680147]],[[0.497316,0.713137,0.494077],[-0.859263,0.483493,0.167036],[-0.119763,-0.507611,0.853222]],[[0.497316,0.713137,0.494077],[-0.720892,0.65653,-0.221999],[-0.482692,-0.245772,0.840598]],[[0.497316,0.713137,0.494077],[-0.527246,0.700696,-0.480663],[-0.688976,-0.0214582,0.724466]]],"btipPosition":[27.3086,314.178,-30.3379],"carpPosition":[-10.2975,280.804,55.6856],"dipPosition":[11.5832,313.688,-13.8024],"direction":[0.482692,0.245772,-0.840598],"extended":false,"handId":990,"id":9900,"length":50.8265,"mcpPosition":[-10.2975,280.804,55.6856],"pipPosition":[-4.46718,305.516,14.149],"stabilizedTipPosition":[25.6931,312.37,-27.5114],"timeVisible":7.9415,"tipPosition":[23.9185,314.686,-26.1432],"tipVelocity":[-298.943,406.689,185.497],"tool":false,"touchDistance":0.375872,"touchZone":"hovering","type":0,"width":19.7488},{"bases":[[[0.928194,-0.301824,0.21762],[0.103224,0.770756,0.628713],[-0.357493,-0.561104,0.746566]],[[0.928057,-0.302039,0.217906],[0.307704,0.951446,0.00829217],[-0.209831,0.0593549,0.975934]],[[0.928057,-0.302039,0.217906],[0.357962,0.561843,-0.745785],[0.102827,0.770133,0.629541]],[[0.928057,-0.302039,0.217906],[0.25404,0.0855237,-0.963405],[0.272349,0.949452,0.156101]]],"btipPosition":[30.2483,300.681,-45.9579],"carpPosition":[2.76888,296.884,65.9388],"dipPosition":[34.7864,316.502,-43.3568],"direction":[-0.102827,-0.770133,-0.629541],"extended":false,"handId":990,"id":9901,"length":57.352,"mcpPosition":[28.4185,337.143,12.3736],"pipPosition":[37.2103,334.656,-28.5172],"stabilizedTipPosition":[42.1262,296.977,-51.5117],"timeVisible":7.9415,"tipPosition":[30.7869,303.663,-43.7621],"tipVelocity":[-481.039,248.857,321.73],"tool":false,"touchDistance":0.723871,"touchZone":"hovering","type":1,"width":18.8641},{"bases":[[[0.840073,-0.501799,0.206093],[0.250786,0.696127,0.672692],[-0.481023,-0.513425,0.710642]],[[0.832444,-0.509771,0.217187],[0.554104,0.767521,-0.322305],[-0.00239399,0.388645,0.921385]],[[0.832444,-0.509771,0.217187],[0.213198,-0.0671225,-0.974701],[0.511452,0.857688,0.0528062]],[[0.832444,-0.509771,0.217187],[-0.116953,-0.544768,-0.830391],[0.541626,0.665853,-0.513109]]],"btipPosition":[22.9037,275.576,-14.5868],"carpPosition":[14.172,294.9,69.1389],"dipPosition":[32.83,287.779,-23.9905],"direction":[-0.511452,-0.857688,-0.0528062],"extended":false,"handId":990,"id":9902,"length":65.348,"mcpPosition":[46.9014,329.835,20.7859],"pipPosition":[47.0139,311.565,-22.526],"stabilizedTipPosition":[27.1892,277.051,-16.8672],"timeVisible":7.9415,"tipPosition":[25.5552,278.808,-17.1489],"tipVelocity":[-398.036,344.969,-6.36349],"tool":false,"touchDistance":0.349635,"touchZone":"hovering","type":2,"width":18.527},{"bases":[[[0.738819,-0.622924,0.257123],[0.294703,0.641775,0.708008],[-0.60605,-0.447315,0.657733]],[[0.739782,-0.622211,0.256076],[0.672846,0.684626,-0.280298],[-0.00091151,0.379659,0.925126]],[[0.739782,-0.622211,0.256076],[0.26445,-0.0810812,-0.960985],[0.618699,0.778639,0.104561]],[[0.739782,-0.622211,0.256076],[-0.128173,-0.503936,-0.854178],[0.660525,0.599084,-0.452554]]],"btipPosition":[33.1049,268.771,-3.45252],"carpPosition":[24.7926,289.94,71.618],"dipPosition":[45.1407,279.687,-11.6988],"direction":[-0.618699,-0.778639,-0.104561],"extended":false,"handId":990,"id":9903,"length":62.8339,"mcpPosition":[61.816,317.266,31.4373],"pipPosition":[61.8557,300.723,-8.8739],"stabilizedTipPosition":[38.0434,270.041,-5.26546],"timeVisible":7.9415,"tipPosition":[36.0895,271.537,-5.31713],"tipVelocity":[-393.319,240.265,-48.6067],"tool":false,"touchDistance":0.315771,"touchZone":"hovering","type":3,"width":17.6296},{"bases":[[[0.604792,-0.767929,0.210979],[0.35132,0.495017,0.79469],[-0.714703,-0.406501,0.569171]],[[0.603346,-0.768749,0.212129],[0.797199,0.58846,-0.134866],[-0.0211509,0.25048,0.967891]],[[0.603346,-0.768749,0.212129],[0.275521,-0.048679,-0.960062],[0.748373,0.637695,0.182437]],[[0.603346,-0.768749,0.212129],[-0.226603,-0.420298,-0.878636],[0.764608,0.482052,-0.427786]]],"btipPosition":[47.1544,272.933,9.53533],"carpPosition":[33.1367,278.85,71.3876],"dipPosition":[60.0076,281.037,2.34418],"direction":[-0.748373,-0.637695,-0.182436],"extended":false,"handId":990,"id":9904,"length":49.2606,"mcpPosition":[73.5532,301.838,39.2009],"pipPosition":[74.2826,293.201,5.8241],"stabilizedTipPosition":[52.3198,274.405,7.26499],"timeVisible":7.9415,"tipPosition":[51.05,275.316,7.07257],"tipVelocity":[-460.864,106.937,108.05],"tool":false,"touchDistance":0.411692,"touchZone":"hovering","type":4,"width":15.66}],"r":[[0.788272,0.137219,0.599831],[-0.151048,0.988142,-0.0275487],[-0.596499,-0.0688876,0.799652]],"s":0.821418,"t":[52.0784,-32.1574,-21.9916],"timestamp":669590110940},false],[3,{"currentFrameRate":53.8343,"devices":[],"gestures":[],"hands":[{"armBasis":[[0.841029,-0.519757,-0.150077],[0.502849,0.853369,-0.13749],[0.199533,0.040167,0.979068]],"armWidth":62.1429,"confidence":0.675965,"direction":[0.0286095,0.255937,-0.96627],"elbow":[52.7026,338.576,352.441],"grabStrength":0,"id":991,"palmNormal":[-0.529021,-0.816314,-0.231881],"palmPosition":[-6.86512,341.888,43.6046],"palmVelocity":[-7.30056,11.1551,-73.7022],"palmWidth":88.738,"pinchStrength":0.968577,"r":[[0.970061,-0.240711,-0.0322585],[0.242703,0.965647,0.092853],[0.00879967,-0.0979023,0.995157]],"s":0.814461,"sphereCenter":[-22.8854,307.026,16.4371],"sphereRadius":44.2255,"stabilizedPalmPosition":[-24.3293,304.197,194.695],"t":[17.7669,37.7641,-150.87],"timeVisible":0.738462,"type":"right","wrist":[0.162058,327.999,94.6358]}],"id":4975448,"interactionBox":{"center":[0,200,0],"size":[235.247,235.247,147.751]},"pointables":[{"bases":[[[0.820037,0.571709,-0.026235],[-0.457147,0.681915,0.570972],[0.34432,-0.456225,0.82055]],[[0.687605,0.678165,-0.259407],[-0.574527,0.72663,0.376733],[0.44398,-0.110007,0.889258]],[[0.687605,0.678165,-0.259407],[-0.725001,0.621747,-0.296317],[-0.0396661,0.39182,0.919187]],[[0.687605,0.678165,-0.259407],[-0.465515,0.13757,-0.874283],[-0.557221,0.721919,0.41029]]],"btipPosition":[-36.6622,308.793,15.3131],"carpPosition":[-29.0855,332.943,98.5332],"dipPosition":[-49.3804,325.27,24.6777],"direction":[0.0396661,-0.39182,-0.919187],"extended":false,"handId":991,"id":9910,"length":50.8265,"mcpPosition":[-29.0855,332.943,98.5332],"pipPosition":[-50.6994,338.299,55.2422],"stabilizedTipPosition":[-62.5436,276.311,125.239],"timeVisible":0.738462,"tipPosition":[-39.5866,311.217,17.4649],"tipVelocity":[-24.1527,67.7779,-85.105],"tool":false,"touchDistance":-0.473139,"touchZone":"touching","type":0,"width":19.7488},{"bases":[[[0.84089,-0.467488,-0.27269],[0.506228,0.857606,0.0908044],[0.19141,-0.2144,0.957807]],[[0.862387,-0.502821,-0.058827],[0.492902,0.860468,-0.129005],[0.115485,0.0822561,0.989898]],[[0.862387,-0.502821,-0.058827],[0.480523,0.849587,-0.217483],[0.159334,0.159287,0.97429]],[[0.862387,-0.502821,-0.058827],[0.468769,0.837008,-0.282263],[0.191166,0.215844,0.957532]]],"btipPosition":[-37.541,351.693,-57.1284],"carpPosition":[-12.0277,347.108,91.9901],"dipPosition":[-34.3557,355.289,-41.1733],"direction":[-0.159334,-0.159287,-0.97429],"extended":true,"handId":991,"id":9911,"length":57.352,"mcpPosition":[-25.7611,362.491,23.2686],"pipPosition":[-30.5998,359.044,-18.2072],"stabilizedTipPosition":[-52.8616,287.542,84.7385],"timeVisible":0.738462,"tipPosition":[-37.8476,351.134,-52.9663],"tipVelocity":[-35.1355,64.5474,-62.2869],"tool":false,"touchDistance":-0.534947,"touchZone":"touching","type":1,"width":18.8641},{"bases":[[[0.760316,-0.631461,-0.152237],[0.645182,0.76131,0.0644021],[0.0752322,-0.147187,0.986243]],[[0.759062,-0.629109,-0.167473],[0.114505,0.382252,-0.916936],[0.64087,0.676835,0.362189]],[[0.759062,-0.629109,-0.167473],[-0.609216,-0.59572,-0.523426],[0.229525,0.499339,-0.835451]],[[0.759062,-0.629109,-0.167473],[-0.622882,-0.776624,0.0941974],[-0.189324,0.0328143,-0.981366]]],"btipPosition":[-39.4481,306.85,45.3751],"carpPosition":[-1.30798,343.101,88.3512],"dipPosition":[-42.9179,307.452,27.3897],"direction":[-0.229525,-0.499339,0.835451],"extended":false,"handId":991,"id":9912,"length":65.348,"mcpPosition":[-6.42687,353.116,21.246],"pipPosition":[-36.5525,321.3,4.22042],"stabilizedTipPosition":[-46.643,265.265,202.037],"timeVisible":0.738462,"tipPosition":[-39.9616,307.115,42.0461],"tipVelocity":[-0.71522,3.8185,-77.5228],"tool":false,"touchDistance":0.333333,"touchZone":"none","type":2,"width":18.527},{"bases":[[[0.712286,-0.70182,-0.00986274],[0.699924,0.709169,0.0847674],[-0.0524971,-0.0672817,0.996352]],[[0.712794,-0.701081,-0.0202501],[0.272997,0.303922,-0.912745],[0.646063,0.645072,0.408027]],[[0.712794,-0.701081,-0.0202501],[-0.585138,-0.578499,-0.568289],[0.386702,0.416922,-0.82258]],[[0.712794,-0.701081,-0.0202501],[-0.699132,-0.712527,0.0593335],[-0.0560264,-0.0281351,-0.998033]]],"btipPosition":[-26.1078,301.61,47.5665],"carpPosition":[8.26301,336.359,85.8037],"dipPosition":[-27.1286,301.097,29.3808],"direction":[-0.386702,-0.416922,0.82258],"extended":false,"handId":991,"id":9913,"length":62.8339,"mcpPosition":[11.47,340.469,24.9369],"pipPosition":[-16.6814,312.361,7.15763],"stabilizedTipPosition":[-32.2581,265.475,210.226],"timeVisible":0.738462,"tipPosition":[-26.0521,301.793,44.6628],"tipVelocity":[0.530417,4.01776,-95.498],"tool":false,"touchDistance":0.333333,"touchZone":"none","type":3,"width":17.6296},{"bases":[[[0.575918,-0.812354,0.0916509],[0.794783,0.582629,0.169892],[-0.191411,-0.025001,0.981192]],[[0.543829,-0.807978,0.226764],[0.476133,0.0745593,-0.876207],[0.691049,0.584476,0.425252]],[[0.543829,-0.807978,0.226764],[-0.59158,-0.560759,-0.579294],[0.595217,0.180888,-0.782941]],[[0.543829,-0.807978,0.226764],[-0.830241,-0.557382,0.00509854],[0.122275,-0.191041,-0.973936]]],"btipPosition":[-12.244,304.843,46.1751],"carpPosition":[14.1709,323.824,85.0196],"dipPosition":[-10.1886,301.632,29.8031],"direction":[-0.595217,-0.180888,0.782941],"extended":false,"handId":991,"id":9914,"length":49.2606,"mcpPosition":[24.9952,325.237,29.5331],"pipPosition":[1.16504,305.082,14.8687],"stabilizedTipPosition":[-20.8335,269.138,203.95],"timeVisible":0.738462,"tipPosition":[-11.7136,304.424,43.2833],"tipVelocity":[1.68413,7.5835,-94.4496],"tool":false,"touchDistance":0.333333,"touchZone":"none","type":4,"width":15.66}],"r":[[0.970061,-0.240711,-0.0322585],[0.242703,0.965647,0.092853],[0.00879967,-0.0979023,0.995157]],"s":0.814461,"t":[17.7669,37.7641,-150.87],"timestamp":669592012250},false],[4,{"currentFrameRate":53.8802,"devices":[],"gestures":[],"hands":[{"armBasis":[[0.843046,-0.518741,-0.14206],[0.499164,0.852987,-0.152477],[0.200271,0.0576344,0.978044]],"armWidth":62.1429,"confidence":0.553909,"direction":[0.0184137,0.258968,-0.96571],"elbow":[53.3035,343.469,350.147],"grabStrength":0,"id":991,"palmNormal":[-0.531506,-0.815558,-0.228837],"palmPosition":[-6.99654,342.342,41.7002],"palmVelocity":[-7.22501,17.6665,-88.0491],"palmWidth":88.738,"pinchStrength":0.960002,"r":[[0.970168,-0.238934,-0.0410407],[0.241835,0.965691,0.0946374],[0.0170206,-0.101739,0.994665]],"s":0.815509,"sphereCenter":[-23.3251,307.433,14.5057],"sphereRadius":44.3806,"stabilizedPalmPosition":[-24.3293,304.197,194.695],"t":[17.6328,38.0951,-152.498],"timeVisible":0.756859,"type":"right","wrist":[0.5686,328.293,92.6104]}],"id":4975449,"interactionBox":{"center":[0,200,0],"size":[235.247,235.247,147.751]},"pointables":[{"bases":[[[0.819759,0.571751,-0.0331077],[-0.451032,0.68014,0.57791],[0.352939,-0.458814,0.815429]],[[0.689578,0.676639,-0.25815],[-0.563795,0.7253,0.395063],[0.454551,-0.126883,0.881637]],[[0.689578,0.676639,-0.25815],[-0.723858,0.632838,-0.274854],[-0.0226101,0.376397,0.926182]],[[0.689578,0.676639,-0.25815],[-0.474323,0.152609,-0.867023],[-0.547266,0.720326,0.426181]]],"btipPosition":[-37.5214,310.446,13.3878],"carpPosition":[-28.6357,333.226,96.8323],"dipPosition":[-50.0124,326.887,23.1151],"direction":[0.0226101,-0.376397,-0.926182],"extended":false,"handId":991,"id":9910,"length":50.8265,"mcpPosition":[-28.6357,333.226,96.8323],"pipPosition":[-50.7642,339.403,53.9123],"stabilizedTipPosition":[-62.2556,276.804,123.814],"timeVisible":0.756859,"tipPosition":[-40.2259,312.732,15.694],"tipVelocity":[-33.6376,78.1956,-92.3283],"tool":false,"touchDistance":-0.481787,"touchZone":"touching","type":0,"width":19.7488},{"bases":[[[0.837924,-0.466667,-0.283029],[0.507226,0.857294,0.0881391],[0.201508,-0.217414,0.955053]],[[0.861686,-0.502737,-0.0689414],[0.492199,0.861101,-0.127455],[0.123442,0.0758931,0.989445]],[[0.861686,-0.502737,-0.0689414],[0.478952,0.850648,-0.216801],[0.167639,0.153795,0.973778]],[[0.861686,-0.502737,-0.0689414],[0.466488,0.838268,-0.282304],[0.199716,0.211097,0.956845]]],"btipPosition":[-38.5564,352.687,-58.7248],"carpPosition":[-11.6469,347.41,90.1537],"dipPosition":[-35.2286,356.204,-42.7811],"direction":[-0.167639,-0.153795,-0.973778],"extended":true,"handId":991,"id":9911,"length":57.352,"mcpPosition":[-26.1048,363.009,21.6298],"pipPosition":[-31.2769,359.83,-19.827],"stabilizedTipPosition":[-52.5739,288.801,82.0694],"timeVisible":0.756859,"tipPosition":[-38.8056,352.14,-54.5779],"tipVelocity":[-43.928,59.0094,-74.1375],"tool":false,"touchDistance":-0.533771,"touchZone":"touching","type":1,"width":18.8641},{"bases":[[[0.758615,-0.631014,-0.162247],[0.645886,0.761075,0.0599673],[0.0856418,-0.150285,0.984926]],[[0.757197,-0.628611,-0.177483],[0.106273,0.386659,-0.916079],[0.644483,0.674791,0.359582]],[[0.757197,-0.628611,-0.177483],[-0.614272,-0.592911,-0.520698],[0.222085,0.503294,-0.835089]],[[0.757197,-0.628611,-0.177483],[-0.622194,-0.776838,0.0969393],[-0.198813,0.0370266,-0.979338]]],"btipPosition":[-39.6047,307.284,43.5779],"carpPosition":[-0.966609,343.415,86.3892],"dipPosition":[-43.2483,307.962,25.6297],"direction":[-0.222085,-0.503294,0.835089],"extended":false,"handId":991,"id":9912,"length":65.348,"mcpPosition":[-6.79379,353.64,19.3735],"pipPosition":[-37.0893,321.92,2.4705],"stabilizedTipPosition":[-46.643,265.266,202.036],"timeVisible":0.756859,"tipPosition":[-40.1497,307.563,40.2603],"tipVelocity":[-5.5109,13.783,-87.0013],"tool":false,"touchDistance":0.333333,"touchZone":"none","type":2,"width":18.527},{"bases":[[[0.712087,-0.701818,-0.0195943],[0.700836,0.708868,0.079589],[-0.0419672,-0.0704067,0.996635]],[[0.712491,-0.701033,-0.0301416],[0.268957,0.312524,-0.911038],[0.648088,0.641,0.411219]],[[0.712491,-0.701033,-0.0301416],[-0.58784,-0.572889,-0.571176],[0.383146,0.424676,-0.820274]],[[0.712491,-0.701033,-0.0301416],[-0.698876,-0.712825,0.0587633],[-0.0626807,-0.0208031,-0.997817]]],"btipPosition":[-26.3086,301.956,45.2596],"carpPosition":[8.57639,336.68,83.7194],"dipPosition":[-27.4507,301.577,27.0778],"direction":[-0.383146,-0.424676,0.820274],"extended":false,"handId":991,"id":9913,"length":62.8339,"mcpPosition":[11.1402,340.981,22.8353],"pipPosition":[-17.0995,313.05,4.91695],"stabilizedTipPosition":[-32.2581,265.475,210.225],"timeVisible":0.756859,"tipPosition":[-26.2588,302.171,42.4025],"tipVelocity":[-5.70672,11.9456,-109.86],"tool":false,"touchDistance":0.333333,"touchZone":"none","type":3,"width":17.6296},{"bases":[[[0.576791,-0.812663,0.0830078],[0.79658,0.582057,0.163308],[-0.18103,-0.0280722,0.983077]],[[0.546238,-0.808745,0.218074],[0.46673,0.0776831,-0.880982],[0.695549,0.583007,0.419899]],[[0.546238,-0.808745,0.218074],[-0.597769,-0.558751,-0.574864],[0.586768,0.183654,-0.788654]],[[0.546238,-0.808745,0.218074],[-0.830144,-0.557417,0.012142],[0.111739,-0.187666,-0.975857]]],"btipPosition":[-12.3442,305.281,44.2084],"carpPosition":[14.4747,324.147,82.8336],"dipPosition":[-10.4658,302.127,27.804],"direction":[-0.586768,-0.183654,0.788654],"extended":false,"handId":991,"id":9914,"length":49.2606,"mcpPosition":[24.712,325.734,27.2405],"pipPosition":[0.726608,305.63,12.7607],"stabilizedTipPosition":[-20.8335,269.138,203.949],"timeVisible":0.756859,"tipPosition":[-11.8486,304.87,41.2973],"tipVelocity":[-2.81094,15.7353,-100.638],"tool":false,"touchDistance":0.333333,"touchZone":"none","type":4,"width":15.66}],"r":[[0.970168,-0.238934,-0.0410407],[0.241835,0.965691,0.0946374],[0.0170206,-0.101739,0.994665]],"s":0.815509,"t":[17.6328,38.0951,-152.498],"timestamp":669592030647},false],[5,{"currentFrameRate":53.9046,"devices":[],"gestures":[],"hands":[{"armBasis":[[0.838336,-0.521137,-0.160026],[0.501745,0.852378,-0.147319],[0.213176,0.0432108,0.976058]],"armWidth":62.1429,"confidence":0.567301,"direction":[0.0157628,0.251225,-0.9678],"elbow":[56.4225,340.579,347.091],"grabStrength":0,"id":991,"palmNormal":[-0.532669,-0.817024,-0.220762],"palmPosition":[-7.41513,342.847,39.0795],"palmVelocity":[-14.676,22.3489,-114.042],"palmWidth":88.738,"pinchStrength":0.941063,"r":[[0.970146,-0.237675,-0.0482429],[0.241315,0.965846,0.094386],[0.024162,-0.10321,0.994366]],"s":0.81746,"sphereCenter":[-23.9767,307.586,12.1151],"sphereRadius":44.6085,"stabilizedPalmPosition":[-24.3292,304.197,194.694],"t":[17.3565,38.5133,-154.623],"timeVisible":0.775324,"type":"right","wrist":[0.289473,329.201,90.0782]}],"id":4975450,"interactionBox":{"center":[0,200,0],"size":[235.247,235.247,147.751]},"pointables":[{"bases":[[[0.820009,0.570947,-0.0400606],[-0.448933,0.685026,0.573759],[0.355028,-0.452503,0.818044]],[[0.69645,0.67053,-0.255632],[-0.550674,0.727793,0.408749],[0.460126,-0.143904,0.876114]],[[0.69645,0.67053,-0.255632],[-0.717564,0.646909,-0.258089],[-0.00768597,0.363179,0.931688]],[[0.69645,0.67053,-0.255632],[-0.478044,0.167838,-0.862151],[-0.535193,0.722648,0.437433]]],"btipPosition":[-38.8283,312.622,10.7298],"carpPosition":[-28.8994,334.186,94.3453],"dipPosition":[-51.0437,329.116,20.7139],"direction":[0.00768597,-0.363179,-0.931688],"extended":false,"handId":991,"id":9910,"length":50.8265,"mcpPosition":[-28.8994,334.186,94.3453],"pipPosition":[-51.2993,341.192,51.6942],"stabilizedTipPosition":[-61.7759,277.726,121.236],"timeVisible":0.775324,"tipPosition":[-41.1983,314.677,13.2045],"tipVelocity":[-49.8978,97.6281,-115.687],"tool":false,"touchDistance":-0.500925,"touchZone":"touching","type":0,"width":19.7488},{"bases":[[[0.836811,-0.469448,-0.28172],[0.508005,0.857649,0.0798055],[0.204152,-0.209897,0.956172]],[[0.861178,-0.503843,-0.0671907],[0.492706,0.859922,-0.133324],[0.124953,0.0817101,0.988792]],[[0.861178,-0.503843,-0.0671907],[0.479158,0.848792,-0.223517],[0.169649,0.160293,0.972381]],[[0.861178,-0.503843,-0.0671907],[0.466401,0.835807,-0.289649],[0.202096,0.218102,0.954772]]],"btipPosition":[-39.171,352.53,-61.3597],"carpPosition":[-11.9214,348.306,87.5042],"dipPosition":[-35.8035,356.164,-45.4506],"direction":[-0.169649,-0.160293,-0.972381],"extended":true,"handId":991,"id":9911,"length":57.352,"mcpPosition":[-26.5691,363.366,18.9],"pipPosition":[-31.8045,359.942,-22.5295],"stabilizedTipPosition":[-52.3891,289.642,80.2482],"timeVisible":0.775324,"tipPosition":[-39.384,352.048,-57.2254],"tipVelocity":[-38.5552,27.1356,-107.422],"tool":false,"touchDistance":-0.548371,"touchZone":"touching","type":1,"width":18.8641},{"bases":[[[0.757753,-0.632774,-0.159397],[0.646524,0.76112,0.0520017],[0.0884147,-0.142458,0.985844]],[[0.756291,-0.630488,-0.174666],[0.105056,0.380549,-0.918774],[0.645745,0.676511,0.354042]],[[0.756291,-0.630488,-0.174666],[-0.615737,-0.595721,-0.515737],[0.221114,0.497595,-0.838754]],[[0.756291,-0.630488,-0.174666],[-0.622625,-0.775608,0.103779],[-0.200904,0.0302638,-0.979143]]],"btipPosition":[-40.0754,307.811,41.2255],"carpPosition":[-1.25457,344.274,83.7407],"dipPosition":[-43.7573,308.366,23.2808],"direction":[-0.221114,-0.497595,0.838754],"extended":false,"handId":991,"id":9912,"length":65.348,"mcpPosition":[-7.27042,353.967,16.6627],"pipPosition":[-37.6253,322.166,0.0200277],"stabilizedTipPosition":[-46.6429,265.266,202.036],"timeVisible":0.775324,"tipPosition":[-40.6282,308.066,37.908],"tipVelocity":[-15.3811,20.1714,-106.468],"tool":false,"touchDistance":0.333333,"touchZone":"none","type":2,"width":18.527},{"bases":[[[0.711597,-0.702405,-0.0160479],[0.701498,0.709037,0.0718807],[-0.0391108,-0.0624077,0.997284]],[[0.711973,-0.701701,-0.0266518],[0.268974,0.307578,-0.912715],[0.648651,0.642659,0.407727]],[[0.711973,-0.701701,-0.0266518],[-0.58845,-0.575493,-0.567922],[0.383174,0.420028,-0.822651]],[[0.711973,-0.701701,-0.0266518],[-0.699279,-0.711955,0.0642571],[-0.0640642,-0.0271122,-0.997577]]],"btipPosition":[-26.783,302.468,42.8098],"carpPosition":[8.2765,337.512,81.0973],"dipPosition":[-27.9504,301.974,24.6323],"direction":[-0.383174,-0.420028,0.822651],"extended":false,"handId":991,"id":9913,"length":62.8339,"mcpPosition":[10.6658,341.324,20.1735],"pipPosition":[-17.5984,313.321,2.40729],"stabilizedTipPosition":[-32.2581,265.475,210.225],"timeVisible":0.775324,"tipPosition":[-26.7435,302.656,39.9324],"tipVelocity":[-15.5007,18.8507,-120.839],"tool":false,"touchDistance":0.333333,"touchZone":"none","type":3,"width":17.6296},{"bases":[[[0.576532,-0.81234,0.08783],[0.797408,0.582838,0.156333],[-0.178186,-0.0200947,0.983792]],[[0.546508,-0.80737,0.222447],[0.464239,0.0709964,-0.88286],[0.697002,0.585759,0.413613]],[[0.546508,-0.80737,0.222447],[-0.59968,-0.562694,-0.568998],[0.584562,0.177565,-0.791681]],[[0.546508,-0.80737,0.222447],[-0.830372,-0.556892,0.0188223],[0.108682,-0.195,-0.974763]]],"btipPosition":[-12.7718,305.796,41.8851],"carpPosition":[14.1645,324.968,80.2945],"dipPosition":[-10.9448,302.518,25.4991],"direction":[-0.584562,-0.177565,0.791681],"extended":false,"handId":991,"id":9914,"length":49.2606,"mcpPosition":[24.241,326.105,24.6611],"pipPosition":[0.205525,305.905,10.398],"stabilizedTipPosition":[-20.8335,269.138,203.949],"timeVisible":0.775324,"tipPosition":[-12.289,305.362,38.9637],"tipVelocity":[-12.9361,20.8519,-112.677],"tool":false,"touchDistance":0.333333,"touchZone":"none","type":4,"width":15.66}],"r":[[0.970146,-0.237675,-0.0482429],[0.241315,0.965846,0.094386],[0.024162,-0.10321,0.994366]],"s":0.81746,"t":[17.3565,38.5133,-154.623],"timestamp":669592049112},false],[6,{"currentFrameRate":53.9124,"devices":[],"gestures":[],"hands":[{"armBasis":[[0.836218,-0.521015,-0.171123],[0.50284,0.852988,-0.139869],[0.21884,0.0309139,0.975271]],"armWidth":62.1429,"confidence":0.601168,"direction":[0.00951578,0.25108,-0.96792],"elbow":[57.7668,337.819,344.652],"grabStrength":0,"id":991,"palmNormal":[-0.534123,-0.817032,-0.217191],"palmPosition":[-7.89108,343.318,36.8962],"palmVelocity":[-20.0045,23.8326,-115.898],"palmWidth":88.738,"pinchStrength":0.926284,"r":[[0.970018,-0.236671,-0.0552503],[0.241028,0.96597,0.0938467],[0.0311593,-0.10435,0.994052]],"s":0.819559,"sphereCenter":[-24.7628,307.976,9.98733],"sphereRadius":44.7429,"stabilizedPalmPosition":[-24.3291,304.198,194.693],"t":[16.9803,38.9578,-156.777],"timeVisible":0.793845,"type":"right","wrist":[0.142517,329.679,87.8461]}],"id":4975451,"interactionBox":{"center":[0,200,0],"size":[235.247,235.247,147.751]},"pointables":[{"bases":[[[0.819759,0.570903,-0.0454475],[-0.445181,0.685133,0.576547],[0.36029,-0.452397,0.815799]],[[0.70059,0.667492,-0.252245],[-0.540468,0.72719,0.423189],[0.465906,-0.160152,0.87022]],[[0.70059,0.667492,-0.252245],[-0.713553,0.657336,-0.242387],[0.00401843,0.349804,0.936814]],[[0.70059,0.667492,-0.252245],[-0.48375,0.184422,-0.855555],[-0.524557,0.721417,0.452104]]],"btipPosition":[-39.8602,314.365,8.46724],"carpPosition":[-29.0179,334.666,92.3011],"dipPosition":[-51.8329,330.831,18.7862],"direction":[-0.00401843,-0.349804,-0.936814],"extended":false,"handId":991,"id":9910,"length":50.8265,"mcpPosition":[-29.0179,334.666,92.3011],"pipPosition":[-51.6992,342.463,49.9369],"stabilizedTipPosition":[-61.1104,279.13,117.402],"timeVisible":0.793845,"tipPosition":[-42.1098,316.345,11.0668],"tipVelocity":[-51.2524,95.7798,-116.807],"tool":false,"touchDistance":-0.511949,"touchZone":"touching","type":0,"width":19.7488},{"bases":[[[0.83495,-0.46953,-0.287055],[0.508551,0.857637,0.0763908],[0.210321,-0.209765,0.954863]],[[0.860703,-0.503898,-0.0726439],[0.492119,0.860022,-0.134838],[0.13042,0.080306,0.988201]],[[0.860703,-0.503898,-0.0726439],[0.477872,0.84884,-0.226072],[0.17558,0.159866,0.971398]],[[0.860703,-0.503898,-0.0726439],[0.464527,0.83569,-0.29298],[0.20834,0.218423,0.953355]]],"btipPosition":[-40.249,353.062,-63.3502],"carpPosition":[-12.0839,348.784,85.3482],"dipPosition":[-36.7775,356.701,-47.4647],"direction":[-0.17558,-0.159866,-0.971398],"extended":true,"handId":991,"id":9911,"length":57.352,"mcpPosition":[-27.1742,363.834,16.838],"pipPosition":[-32.6387,360.47,-24.5667],"stabilizedTipPosition":[-52.2527,290.32,78.7725],"timeVisible":0.793845,"tipPosition":[-40.4091,352.611,-59.2304],"tipVelocity":[-47.4301,27.9407,-107.588],"tool":false,"touchDistance":-0.551806,"touchZone":"touching","type":1,"width":18.8641},{"bases":[[[0.756677,-0.632833,-0.164199],[0.646882,0.761097,0.0477063],[0.0947813,-0.142316,0.985273]],[[0.755115,-0.630548,-0.179474],[0.100157,0.381499,-0.918927],[0.647897,0.67592,0.351229]],[[0.755115,-0.630548,-0.179474],[-0.618748,-0.59497,-0.512993],[0.216685,0.498418,-0.839421]],[[0.755115,-0.630548,-0.179474],[-0.622184,-0.775534,0.106927],[-0.206611,0.0309238,-0.977934]]],"btipPosition":[-40.5695,308.272,39.1687],"carpPosition":[-1.44178,344.751,81.5165],"dipPosition":[-44.356,308.838,21.2462],"direction":[-0.216685,-0.498418,0.839421],"extended":false,"handId":991,"id":9912,"length":65.348,"mcpPosition":[-7.89081,354.434,14.4773],"pipPosition":[-38.3468,322.661,-2.03313],"stabilizedTipPosition":[-46.6429,265.266,202.035],"timeVisible":0.793845,"tipPosition":[-41.1434,308.528,35.8526],"tipVelocity":[-21.4709,22.5068,-108.552],"tool":false,"touchDistance":0.333333,"touchZone":"none","type":2,"width":18.527},{"bases":[[[0.711446,-0.702441,-0.0205443],[0.701981,0.709014,0.0672371],[-0.0326639,-0.0622573,0.997525]],[[0.711752,-0.701742,-0.0311096],[0.265715,0.309974,-0.912859],[0.650235,0.641463,0.407088]],[[0.711752,-0.701742,-0.0311096],[-0.590648,-0.573927,-0.567223],[0.38019,0.422097,-0.822976]],[[0.711752,-0.701742,-0.0311096],[-0.699052,-0.711972,0.0665042],[-0.0688179,-0.0255873,-0.997301]]],"btipPosition":[-27.2834,302.903,40.5418],"carpPosition":[8.07168,337.988,78.8124],"dipPosition":[-28.5374,302.437,22.3694],"direction":[-0.38019,-0.422097,0.822976],"extended":false,"handId":991,"id":9913,"length":62.8339,"mcpPosition":[10.0671,341.791,17.8739],"pipPosition":[-18.2661,313.84,0.135568],"stabilizedTipPosition":[-32.2581,265.475,210.225],"timeVisible":0.793845,"tipPosition":[-27.2608,303.09,37.6547],"tipVelocity":[-21.5896,21.2731,-121.59],"tool":false,"touchDistance":0.333333,"touchZone":"none","type":3,"width":17.6296},{"bases":[[[0.577051,-0.812354,0.0842213],[0.79843,0.582823,0.151086],[-0.171822,-0.0199398,0.984926]],[[0.548103,-0.807438,0.218236],[0.458962,0.0722122,-0.885516],[0.69924,0.585516,0.410163]],[[0.548103,-0.807438,0.218236],[-0.602901,-0.562247,-0.566029],[0.579736,0.178667,-0.794974]],[[0.548103,-0.807438,0.218236],[-0.830109,-0.5571,0.0236503],[0.102483,-0.194122,-0.975609]]],"btipPosition":[-13.2234,306.236,39.6959],"carpPosition":[13.9538,325.444,77.9735],"dipPosition":[-11.5006,302.973,23.2957],"direction":[-0.579736,-0.178667,0.794974],"extended":false,"handId":991,"id":9914,"length":49.2606,"mcpPosition":[23.6704,326.572,22.2759],"pipPosition":[-0.44229,306.381,8.13177],"stabilizedTipPosition":[-20.8334,269.138,203.949],"timeVisible":0.793845,"tipPosition":[-12.7643,305.806,36.7606],"tipVelocity":[-19.0945,22.3371,-115.433],"tool":false,"touchDistance":0.333333,"touchZone":"none","type":4,"width":15.66}],"r":[[0.970018,-0.236671,-0.0552503],[0.241028,0.96597,0.0938467],[