{"sensorType":"Leap","data":[[0,{"currentFrameRate":54.0516,"devices":[],"gestures":[{"center":[-28.056,296.666,-36.5204],"duration":0,"handIds":[991],"id":2,"normal":[-0.817762,-0.299705,-0.491367],"pointableIds":[9911],"progress":0.811504,"radius":39.3306,"state":"start","type":"circle"}],"hands":[{"armBasis":[[0.881963,-0.432173,-0.188064],[0.413996,0.90107,-0.129151],[0.225274,0.036049,0.973628]],"armWidth":62.1429,"confidence":0.617456,"direction":[0.163055,0.463434,-0.871],"elbow":[53.3911,322.744,342.555],"grabStrength":0.218868,"id":991,"palmNormal":[-0.394805,-0.778404,-0.488075],"palmPosition":[-5.72555,337.527,38.672],"palmVelocity":[0.72488,17.2459,-137.162],"palmWidth":88.738,"pinchStrength":0.524839,"r":[[0.990542,-0.0891989,0.104264],[0.053627,0.951098,0.3042],[-0.1263,-0.295731,0.946885]],"s":0.862682,"sphereCenter":[-17.6645,304.997,2.20372],"sphereRadius":45.2879,"stabilizedPalmPosition":[0.970251,316.188,63.7113],"t":[18.748,33.3206,-154.634],"timeVisible":9.69174,"type":"right","wrist":[-5.92747,313.252,86.1816]}],"id":4975926,"interactionBox":{"center":[0,200,0],"size":[235.247,235.247,147.751]},"pointables":[{"bases":[[[0.748781,0.616258,0.244035],[-0.614751,0.508047,0.603298],[0.247806,-0.601759,0.759261]],[[0.687019,0.720637,0.0932012],[-0.656997,0.561249,0.503344],[0.31042,-0.40704,0.859045]],[[0.687019,0.720637,0.0932012],[-0.725352,0.687769,0.0289565],[-0.0432338,-0.0874973,0.995226]],[[0.687019,0.720637,0.0932012],[-0.597374,0.633162,-0.492189],[-0.413701,0.282467,0.865485]]],"btipPosition":[-40.0003,331.558,-9.16149],"carpPosition":[-35.7685,315.28,85.5058],"dipPosition":[-49.4428,338.005,10.5926],"direction":[0.0432338,0.0874973,-0.995226],"extended":false,"handId":991,"id":9910,"length":50.8265,"mcpPosition":[-35.7685,315.28,85.5058],"pipPosition":[-50.8804,335.096,43.6856],"stabilizedTipPosition":[-35.669,316.299,17.51],"timeVisible":9.69174,"tipPosition":[-41.1098,332.977,-3.79828],"tipVelocity":[-45.16,70.2538,-130.903],"tool":false,"touchDistance":-0.449432,"touchZone":"hovering","type":0,"width":19.7488},{"bases":[[[0.918722,-0.339635,-0.201491],[0.391761,0.848109,0.356701],[0.0497382,-0.406645,0.912231]],[[0.917483,-0.331069,-0.220497],[0.302836,0.940772,-0.152444],[0.257907,0.0730907,0.963401]],[[0.917483,-0.331069,-0.220497],[0.242207,0.904687,-0.350538],[0.315533,0.268207,0.910222]],[[0.917483,-0.331069,-0.220497],[0.195985,0.858611,-0.473684],[0.346143,0.391383,0.852646]]],"btipPosition":[-47.0064,344.899,-56.1976],"carpPosition":[-19.4262,331.629,85.2828],"dipPosition":[-41.2387,351.421,-41.9902],"direction":[-0.315533,-0.268207,-0.910222],"extended":true,"handId":991,"id":9911,"length":57.352,"mcpPosition":[-22.9948,360.805,19.8314],"pipPosition":[-33.8009,357.743,-20.5343],"stabilizedTipPosition":[-43.7156,338.259,-45.1063],"timeVisible":9.69174,"tipPosition":[-45.7982,345.4,-52.38],"tipVelocity":[-38.653,132.032,-130.519],"tool":false,"touchDistance":-0.380379,"touchZone":"hovering","type":1,"width":18.8641},{"bases":[[[0.836658,-0.531024,-0.134229],[0.542438,0.769346,0.337442],[-0.0759211,-0.355135,0.931727]],[[0.834008,-0.541423,-0.106259],[0.260549,0.556224,-0.789132],[0.486358,0.630457,0.604963]],[[0.834008,-0.541423,-0.106259],[-0.410834,-0.480825,-0.774611],[0.368301,0.689687,-0.623448]],[[0.834008,-0.541423,-0.106259],[-0.548839,-0.79431,-0.260476],[0.0566254,0.275558,-0.959615]]],"btipPosition":[-36.8389,299.587,26.0003],"carpPosition":[-7.89053,329.236,82.9574],"dipPosition":[-35.8012,304.637,8.41355],"direction":[-0.368301,-0.689687,0.623448],"extended":false,"handId":991,"id":9912,"length":65.348,"mcpPosition":[-2.72476,353.4,19.5615],"pipPosition":[-25.5872,323.764,-8.87628],"stabilizedTipPosition":[-24.1592,275.927,52.886],"timeVisible":9.69174,"tipPosition":[-36.4144,300.779,23.0563],"tipVelocity":[-42.4785,49.0594,-149.034],"tool":false,"touchDistance":0.333333,"touchZone":"none","type":2,"width":18.527},{"bases":[[[0.773079,-0.633972,-0.0207083],[0.598131,0.717728,0.356519],[-0.21116,-0.288004,0.934058]],[[0.779117,-0.624962,-0.0489795],[0.345806,0.493641,-0.797958],[0.522871,0.604765,0.60072]],[[0.779117,-0.624962,-0.0489795],[-0.424453,-0.468423,-0.774868],[0.461319,0.624502,-0.630223]],[[0.779117,-0.624962,-0.0489795],[-0.613081,-0.743339,-0.267543],[0.130795,0.238475,-0.9623]]],"btipPosition":[-22.1089,293.89,32.2319],"carpPosition":[2.62135,323.865,80.9079],"dipPosition":[-19.7256,298.235,14.6973],"direction":[-0.461319,-0.624502,0.630223],"extended":false,"handId":991,"id":9913,"length":62.8339,"mcpPosition":[15.5211,341.459,23.8466],"pipPosition":[-7.26241,315.107,-2.32909],"stabilizedTipPosition":[-3.06709,268.597,57.4956],"timeVisible":9.69174,"tipPosition":[-21.3881,295.091,29.8193],"tipVelocity":[-43.2551,30.5533,-192.322],"tool":false,"touchDistance":0.333333,"touchZone":"none","type":3,"width":17.6296},{"bases":[[[0.633916,-0.772861,0.0289172],[0.690071,0.582101,0.43007],[-0.349217,-0.252674,0.902332]],[[0.651748,-0.758183,-0.0195611],[0.434547,0.394435,-0.809685],[0.621605,0.519211,0.586538]],[[0.651748,-0.758183,-0.0195611],[-0.501028,-0.411044,-0.761587],[0.569382,0.506163,-0.647768]],[[0.651748,-0.758183,-0.0195611],[-0.732036,-0.622107,-0.277681],[0.198364,0.195298,-0.960474]]],"btipPosition":[-6.03207,295.672,35.9365],"carpPosition":[9.85049,312.226,78.6879],"dipPosition":[-2.69753,298.955,19.7907],"direction":[-0.569382,-0.506163,0.647768],"extended":false,"handId":991,"id":9914,"length":49.2606,"mcpPosition":[29.5987,326.515,27.661],"pipPosition":[8.16327,308.61,7.43473],"stabilizedTipPosition":[9.68939,272.99,63.1976],"timeVisible":9.69174,"tipPosition":[-5.10769,296.507,32.8549],"tipVelocity":[-38.2301,15.9887,-179.142],"tool":false,"touchDistance":0.333333,"touchZone":"none","type":4,"width":15.66}],"r":[[0.990542,-0.0891989,0.104264],[0.053627,0.951098,0.3042],[-0.1263,-0.295731,0.946885]],"s":0.862682,"t":[18.748,33.3206,-154.634],"timestamp":669600965524},false],[1,{"currentFrameRate":54.1294,"devices":[],"gestures":[{"center":[-31.2938,299.034,-33.9707],"duration":18200,"handIds":[991],"id":2,"normal":[-0.829943,-0.306122,-0.466351],"pointableIds":[9911],"progress":0.817455,"radius":38.7336,"state":"update","type":"circle"}],"hands":[{"armBasis":[[0.878638,-0.4397,-0.186169],[0.422073,0.897513,-0.127768],[0.223269,0.0336848,0.974175]],"armWidth":62.1429,"confidence":0.621091,"direction":[0.162793,0.457669,-0.874092],"elbow":[52.6701,323.085,340.188],"grabStrength":0.211973,"id":991,"palmNormal":[-0.403985,-0.777327,-0.482243],"palmPosition":[-5.94124,338.251,36.0397],"palmVelocity":[-5.28025,28.0115,-140.728],"palmWidth":88.738,"pinchStrength":0.520347,"r":[[0.990035,-0.102102,0.0969823],[0.0674522,0.948383,0.309871],[-0.123615,-0.300241,0.94582]],"s":0.863434,"sphereCenter":[-18.1335,305.299,-0.424298],"sphereRadius":45.5253,"stabilizedPalmPosition":[0.954556,316.238,63.6484],"t":[18.651,33.8279,-157.211],"timeVisible":9.70994,"type":"right","wrist":[-6.1206,314.215,83.6705]}],"id":4975927,"interactionBox":{"center":[0,200,0],"size":[235.247,235.247,147.751]},"pointables":[{"bases":[[[0.755325,0.610884,0.237289],[-0.607311,0.516389,0.603751],[0.246288,-0.600136,0.761038]],[[0.693965,0.714768,0.0867138],[-0.649795,0.569857,0.503021],[0.310129,-0.405425,0.859913]],[[0.693965,0.714768,0.0867138],[-0.719364,0.693393,0.0414865],[-0.0304736,-0.0911689,0.995369]],[[0.693965,0.714768,0.0867138],[-0.60386,0.643371,-0.47056],[-0.39213,0.274189,0.878097]]],"btipPosition":[-41.0801,333.011,-11.8717],"carpPosition":[-35.9457,316.5,83.1304],"dipPosition":[-50.0302,339.269,8.17026],"direction":[0.0304736,0.0911689,-0.995369],"extended":false,"handId":991,"id":9910,"length":50.8265,"mcpPosition":[-35.9457,316.5,83.1304],"pipPosition":[-51.0435,336.237,41.268],"stabilizedTipPosition":[-35.9787,317.052,16.4828],"timeVisible":9.70994,"tipPosition":[-42.0342,334.185,-6.45535],"tipVelocity":[-48.9538,73.6793,-137.767],"tool":false,"touchDistance":-0.472482,"touchZone":"touching","type":0,"width":19.7488},{"bases":[[[0.914718,-0.348655,-0.204281],[0.400901,0.846405,0.350538],[0.0506876,-0.40254,0.913998]],[[0.913452,-0.340128,-0.223422],[0.311315,0.937642,-0.15463],[0.262084,0.0716927,0.962378]],[[0.913452,-0.340128,-0.223422],[0.252183,0.904016,-0.345194],[0.319387,0.258975,0.91155]],[[0.913452,-0.340128,-0.223422],[0.207103,0.861151,-0.464249],[0.350304,0.377798,0.857062]]],"btipPosition":[-47.4462,346.183,-58.9234],"carpPosition":[-19.4627,332.704,82.7459],"dipPosition":[-41.6092,352.478,-44.6424],"direction":[-0.319387,-0.258975,-0.91155],"extended":true,"handId":991,"id":9911,"length":57.352,"mcpPosition":[-23.0995,361.586,17.1677],"pipPosition":[-34.0805,358.582,-23.1551],"stabilizedTipPosition":[-44.1582,339.995,-47.0582],"timeVisible":9.70994,"tipPosition":[-46.2676,346.548,-55.0642],"tipVelocity":[-31.3167,101.29,-139.266],"tool":false,"touchDistance":-0.411307,"touchZone":"touching","type":1,"width":18.8641},{"bases":[[[0.83132,-0.538983,-0.135664],[0.550789,0.766232,0.330937],[-0.0744197,-0.349837,0.93385]],[[0.828717,-0.549224,-0.107618],[0.266888,0.556831,-0.786581],[0.491934,0.623131,0.608037]],[[0.828717,-0.549224,-0.107618],[-0.414428,-0.472971,-0.777527],[0.376136,0.688949,-0.619573]],[[0.828717,-0.549224,-0.107618],[-0.556552,-0.788458,-0.261886],[0.0589823,0.276925,-0.95908]]],"btipPosition":[-37.5332,300.529,23.0128],"carpPosition":[-7.95998,330.199,80.376],"dipPosition":[-36.4522,305.604,5.43579],"direction":[-0.376136,-0.688949,0.619573],"extended":false,"handId":991,"id":9912,"length":65.348,"mcpPosition":[-2.89637,354.002,16.8357],"pipPosition":[-26.021,324.711,-11.7466],"stabilizedTipPosition":[-24.2592,276.124,52.6275],"timeVisible":9.70994,"tipPosition":[-37.0853,301.723,20.1904],"tipVelocity":[-40.1485,50.5059,-156.194],"tool":false,"touchDistance":0.333333,"touchZone":"none","type":2,"width":18.527},{"bases":[[[0.767406,-0.640807,-0.0213201],[0.606123,0.714224,0.35],[-0.209055,-0.281514,0.936507]],[[0.773457,-0.631871,-0.0500343],[0.355213,0.497475,-0.791418],[0.524965,0.594355,0.609224]],[[0.773457,-0.631871,-0.0500343],[-0.423236,-0.456082,-0.782854],[0.471844,0.62668,-0.62019]],[[0.773457,-0.631871,-0.0500343],[-0.618884,-0.735787,-0.274953],[0.13692,0.243629,-0.960155]]],"btipPosition":[-22.8516,294.655,28.7957],"carpPosition":[2.49438,324.726,78.302],"dipPosition":[-20.3567,299.095,11.3002],"direction":[-0.471844,-0.62668,0.62019],"extended":false,"handId":991,"id":9913,"length":62.8339,"mcpPosition":[15.2655,341.923,21.0911],"pipPosition":[-7.60924,316.025,-5.45512],"stabilizedTipPosition":[-3.11194,268.66,57.4192],"timeVisible":9.70994,"tipPosition":[-22.0858,295.876,26.5057],"tipVelocity":[-41.4144,36.6156,-190.405],"tool":false,"touchDistance":0.333333,"touchZone":"none","type":3,"width":17.6296},{"bases":[[[0.627283,-0.778225,0.0296787],[0.697237,0.578164,0.423777],[-0.346953,-0.245135,0.90528]],[[0.645201,-0.763763,-0.0195336],[0.446888,0.398007,-0.801175],[0.619682,0.50819,0.598111]],[[0.645201,-0.763763,-0.0195336],[-0.49539,-0.398752,-0.771742],[0.581639,0.507606,-0.635636]],[[0.645201,-0.763763,-0.0195336],[-0.735504,-0.614005,-0.286412],[0.206757,0.19916,-0.957908]]],"btipPosition":[-6.7085,296.321,32.5131],"carpPosition":[9.61065,313.013,76.1049],"dipPosition":[-3.23288,299.669,16.4105],"direction":[-0.581639,-0.507606,0.635636],"extended":false,"handId":991,"id":9914,"length":49.2606,"mcpPosition":[29.2309,326.876,24.9112],"pipPosition":[7.86172,309.351,4.28593],"stabilizedTipPosition":[9.66061,273.035,63.1342],"timeVisible":9.70994,"tipPosition":[-5.74089,297.186,29.6972],"tipVelocity":[-36.8711,25.7657,-183.158],"tool":false,"touchDistance":0.333333,"touchZone":"none","type":4,"width":15.66}],"r":[[0.990035,-0.102102,0.0969823],[0.0674522,0.948383,0.309871],[-0.123615,-0.300241,0.94582]],"s":0.863434,"t":[18.651,33.8279,-157.211],"timestamp":669600983724},false],[2,{"currentFrameRate":54.1571,"devices":[],"gestures":[{"center":[-31.2938,299.034,-33.9707],"duration":18200,"handIds":[991],"id":2,"normal":[-0.829943,-0.306122,-0.466351],"pointableIds":[9911],"progress":0.817455,"radius":38.7336,"state":"update","type":"circle"}],"hands":[{"armBasis":[[0.872566,-0.464158,-0.152269],[0.443281,0.883326,-0.152434],[0.205257,0.0655103,0.976513]],"armWidth":62.1429,"confidence":0.573788,"direction":[0.157998,0.455455,-0.876126],"elbow":[48.2965,330.205,335.759],"grabStrength":0.203151,"id":991,"palmNormal":[-0.436874,-0.763464,-0.475672],"palmPosition":[-5.8542,337.128,31.0642],"palmVelocity":[-0.464824,-14.8295,-203.289],"palmWidth":88.738,"pinchStrength":0.514092,"r":[[0.98917,-0.1183,0.0868818],[0.0854396,0.945398,0.314519],[-0.119345,-0.303689,0.945267]],"s":0.864678,"sphereCenter":[-19.6273,304.283,-5.54858],"sphereRadius":45.9143,"stabilizedPalmPosition":[0.947414,316.26,63.6143],"t":[18.6461,33.5202,-160.986],"timeVisible":9.7283,"type":"right","wrist":[-5.75119,312.955,78.6257]}],"id":4975928,"interactionBox":{"center":[0,200,0],"size":[235.247,235.247,147.751]},"pointables":[{"bases":[[[0.777921,0.587474,0.222965],[-0.578961,0.532209,0.617704],[0.244221,-0.609613,0.754141]],[[0.718051,0.691714,0.0770382],[-0.619994,0.58542,0.52239],[0.316245,-0.422866,0.84922]],[[0.718051,0.691714,0.0770382],[-0.69599,0.713477,0.0809183],[0.00100732,-0.111721,0.993739]],[[0.718051,0.691714,0.0770382],[-0.603917,0.67425,-0.425053],[-0.345958,0.258685,0.901884]]],"btipPosition":[-43.0328,334.521,-16.2526],"carpPosition":[-35.5001,316.125,78.7178],"dipPosition":[-50.9291,340.426,4.33236],"direction":[-0.00100732,0.111721,-0.993739],"extended":false,"handId":991,"id":9910,"length":50.8265,"mcpPosition":[-35.5001,316.125,78.7178],"pipPosition":[-50.8956,336.711,37.3759],"stabilizedTipPosition":[-36.3011,317.736,15.4653],"timeVisible":9.7283,"tipPosition":[-43.6609,335.197,-10.8238],"tipVelocity":[-70.1815,75.6671,-182.921],"tool":false,"touchDistance":-0.517407,"touchZone":"touching","type":0,"width":19.7488},{"bases":[[[0.899495,-0.37494,-0.224341],[0.43309,0.833026,0.344241],[0.0578125,-0.406803,0.911685]],[[0.89807,-0.366246,-0.243587],[0.337131,0.928842,-0.153609],[0.282512,0.0558313,0.957638]],[[0.89807,-0.366246,-0.243587],[0.276101,0.900489,-0.335989],[0.342402,0.234487,0.909822]],[[0.89807,-0.366246,-0.243587],[0.22962,0.862712,-0.450558],[0.37516,0.3487,0.858873]]],"btipPosition":[-48.8623,347.345,-63.2648],"carpPosition":[-18.555,331.835,78.0293],"dipPosition":[-42.6111,353.155,-48.9536],"direction":[-0.342402,-0.234487,-0.909822],"extended":true,"handId":991,"id":9911,"length":57.352,"mcpPosition":[-22.7029,361.022,12.6171],"pipPosition":[-34.54,358.683,-27.5071],"stabilizedTipPosition":[-44.5711,341.093,-48.6909],"timeVisible":9.7283,"tipPosition":[-47.6533,347.5,-59.3748],"tipVelocity":[-50.8284,80.1117,-185.754],"tool":false,"touchDistance":-0.463526,"touchZone":"touching","type":1,"width":18.8641},{"bases":[[[0.811937,-0.562933,-0.154482],[0.580089,0.748512,0.32129],[-0.0652328,-0.35048,0.934296]],[[0.809618,-0.573179,-0.126427],[0.278301,0.564506,-0.777098],[0.516785,0.593968,0.616551]],[[0.809618,-0.573179,-0.126427],[-0.435335,-0.441908,-0.784348],[0.393703,0.69006,-0.607302]],[[0.809618,-0.573179,-0.126427],[-0.584209,-0.766098,-0.267942],[0.0567232,0.29079,-0.955104]]],"btipPosition":[-38.9959,300.457,17.205],"carpPosition":[-7.18376,328.997,75.412],"dipPosition":[-37.9564,305.786,-0.299048],"direction":[-0.393703,-0.69006,0.607302],"extended":false,"handId":991,"id":9912,"length":65.348,"mcpPosition":[-2.74524,352.844,11.8414],"pipPosition":[-27.038,324.923,-17.1411],"stabilizedTipPosition":[-24.3237,276.237,52.4521],"timeVisible":9.7283,"tipPosition":[-38.5062,301.682,14.6629],"tipVelocity":[-59.3788,25.8718,-232.658],"tool":false,"touchDistance":0.333333,"touchZone":"none","type":2,"width":18.527},{"bases":[[[0.747432,-0.663187,-0.039087],[0.634241,0.694826,0.339051],[-0.197696,-0.278208,0.939956]],[[0.753162,-0.654311,-0.0679964],[0.366202,0.50289,-0.782941],[0.546482,0.564782,0.618368]],[[0.753162,-0.654311,-0.0679964],[-0.438282,-0.422025,-0.793602],[0.490566,0.627513,-0.604626]],[[0.753162,-0.654311,-0.0679964],[-0.642732,-0.709909,-0.287966],[0.140148,0.260589,-0.955223]]],"btipPosition":[-24.4843,293.908,22.4791],"carpPosition":[3.05789,323.223,73.1048],"dipPosition":[-21.9306,298.656,5.07341],"direction":[-0.490566,-0.627513,0.604626],"extended":false,"handId":991,"id":9913,"length":62.8339,"mcpPosition":[15.1351,340.219,15.6833],"pipPosition":[-8.67723,315.609,-11.2614],"stabilizedTipPosition":[-3.14082,268.697,57.3651],"timeVisible":9.7283,"tipPosition":[-23.6111,295.211,20.4012],"tipVelocity":[-63.8775,1.32015,-263.641],"tool":false,"touchDistance":0.333333,"touchZone":"none","type":3,"width":17.6296},{"bases":[[[0.604389,-0.796557,0.0144852],[0.722798,0.55589,0.410546],[-0.335076,-0.23766,0.911725]],[[0.621672,-0.782496,-0.0349811],[0.443548,0.388494,-0.807674],[0.645592,0.486593,0.58859]],[[0.621672,-0.782496,-0.0349811],[-0.520476,-0.379304,-0.765006],[0.585345,0.493789,-0.643073]],[[0.621672,-0.782496,-0.0349811],[-0.758461,-0.590222,-0.276362],[0.195606,0.198339,-0.960417]]],"btipPosition":[-7.99169,295.219,27.2846],"carpPosition":[9.77586,311.312,70.7285],"dipPosition":[-4.70352,298.553,11.1398],"direction":[-0.585345,-0.493789,0.643073],"extended":false,"handId":991,"id":9914,"length":49.2606,"mcpPosition":[28.7244,324.752,19.1704],"pipPosition":[6.46178,307.972,-1.12663],"stabilizedTipPosition":[9.642,273.06,63.0906],"timeVisible":9.7283,"tipPosition":[-7.04376,296.076,24.4484],"tipVelocity":[-53.8559,-15.528,-232.199],"tool":false,"touchDistance":0.333333,"touchZone":"none","type":4,"width":15.66}],"r":[[0.98917,-0.1183,0.0868818],[0.0854396,0.945398,0.314519],[-0.119345,-0.303689,0.945267]],"s":0.864678,"t":[18.6461,33.5202,-160.986],"timestamp":669601002091},false],[3,{"currentFrameRate":54.1806,"devices":[],"gestures":[{"center":[-31.2938,299.034,-33.9707],"duration":18200,"handIds":[991],"id":2,"normal":[-0.829943,-0.306122,-0.466351],"pointableIds":[9911],"progress":0.817455,"radius":38.7336,"state":"update","type":"circle"}],"hands":[{"armBasis":[[0.87004,-0.469149,-0.151423],[0.445076,0.879603,-0.167944],[0.211983,0.0787238,0.974097]],"armWidth":62.1429,"confidence":0.588015,"direction":[0.15427,0.466962,-0.870717],"elbow":[49.9729,333.728,332.303],"grabStrength":0.191471,"id":991,"palmNormal":[-0.446805,-0.753036,-0.483013],"palmPosition":[-6.15499,337.863,28.6034],"palmVelocity":[-8.11147,11.537,-169.943],"palmWidth":88.738,"pinchStrength":0.51935,"r":[[0.988145,-0.13298,0.0767201],[0.101831,0.941697,0.320683],[-0.114891,-0.309068,0.944075]],"s":0.865675,"sphereCenter":[-20.594,305.605,-8.53106],"sphereRadius":46.0631,"stabilizedPalmPosition":[0.943955,316.27,63.5972],"t":[18.4932,33.734,-164.105],"timeVisible":9.74668,"type":"right","wrist":[-5.84582,312.998,75.806]}],"id":4975929,"interactionBox":{"center":[0,200,0],"size":[235.247,235.247,147.751]},"pointables":[{"bases":[[[0.784342,0.578122,0.224905],[-0.569597,0.527596,0.630239],[0.245696,-0.622429,0.743112]],[[0.724326,0.684623,0.081508],[-0.610352,0.58174,0.537633],[0.320659,-0.43917,0.83923]],[[0.724326,0.684623,0.081508],[-0.689303,0.716578,0.106663],[0.0146168,-0.133442,0.990949]],[[0.724326,0.684623,0.081508],[-0.60544,0.688156,-0.399855],[-0.32984,0.240277,0.912947]]],"btipPosition":[-44.1351,336.729,-18.4485],"carpPosition":[-35.5671,316.396,76.1952],"dipPosition":[-51.6635,342.213,2.38894],"direction":[-0.0146168,0.133442,-0.990949],"extended":false,"handId":991,"id":9910,"length":50.8265,"mcpPosition":[-35.5671,316.396,76.1952],"pipPosition":[-51.1775,337.776,35.3397],"stabilizedTipPosition":[-36.6994,318.579,14.2526],"timeVisible":9.74668,"tipPosition":[-44.706,337.219,-13.0652],"tipVelocity":[-63.0703,94.5286,-150.918],"tool":false,"touchDistance":-0.526067,"touchZone":"touching","type":0,"width":19.7488},{"bases":[[[0.894622,-0.37857,-0.237352],[0.442473,0.824537,0.352643],[0.0622053,-0.420504,0.905156]],[[0.893094,-0.369525,-0.256583],[0.345095,0.928631,-0.136213],[0.288606,0.0331056,0.956876]],[[0.893094,-0.369525,-0.256583],[0.28571,0.906455,-0.310979],[0.347496,0.204425,0.915127]],[[0.893094,-0.369525,-0.256583],[0.240527,0.874203,-0.4218],[0.380172,0.314992,0.869626]]],"btipPosition":[-49.5868,350.699,-65.5057],"carpPosition":[-18.5054,331.983,75.5922],"dipPosition":[-43.2521,355.948,-51.0154],"direction":[-0.347496,-0.204425,-0.915127],"extended":true,"handId":991,"id":9911,"length":57.352,"mcpPosition":[-22.9685,362.154,10.6484],"pipPosition":[-35.0609,360.767,-29.4438],"stabilizedTipPosition":[-45.0431,342.528,-50.479],"timeVisible":9.74668,"tipPosition":[-48.4163,350.595,-61.5647],"tipVelocity":[-44.8464,125.976,-154.008],"tool":false,"touchDistance":-0.478503,"touchZone":"touching","type":1,"width":18.8641},{"bases":[[[0.806174,-0.566881,-0.169496],[0.588608,0.739232,0.327226],[-0.0602012,-0.363568,0.92962]],[[0.803969,-0.577682,-0.141129],[0.28459,0.582142,-0.761656],[0.522152,0.572184,0.632426]],[[0.803969,-0.577682,-0.141129],[-0.438387,-0.415392,-0.797036],[0.40181,0.702661,-0.58721]],[[0.803969,-0.577682,-0.141129],[-0.59176,-0.75372,-0.285878],[0.0587753,0.313351,-0.947817]]],"btipPosition":[-39.8483,301.708,13.5122],"carpPosition":[-7.17902,329.096,72.838],"dipPosition":[-38.7711,307.45,-3.85838],"direction":[-0.40181,-0.702661,0.58721],"extended":false,"handId":991,"id":9912,"length":65.348,"mcpPosition":[-3.08285,353.834,9.5855],"pipPosition":[-27.6279,326.937,-20.1433],"stabilizedTipPosition":[-24.3689,276.317,52.325],"timeVisible":9.74668,"tipPosition":[-39.3282,302.989,11.1022],"tipVelocity":[-52.9072,48.6486,-216.627],"tool":false,"touchDistance":0.333333,"touchZone":"none","type":2,"width":18.527},{"bases":[[[0.741847,-0.668307,-0.0550298],[0.642482,0.684876,0.343748],[-0.192041,-0.290364,0.937448]],[[0.747425,-0.65902,-0.0839576],[0.368022,0.515938,-0.773542],[0.553097,0.547267,0.628159]],[[0.747425,-0.65902,-0.0839576],[-0.444056,-0.401583,-0.800966],[0.494136,0.635943,-0.592794]],[[0.747425,-0.65902,-0.0839576],[-0.649868,-0.699034,-0.298369],[0.137942,0.27757,-0.950751]]],"btipPosition":[-25.2347,294.931,19.0605],"carpPosition":[2.99739,323.278,70.3608],"dipPosition":[-22.7212,299.989,1.73632],"direction":[-0.494136,-0.635943,0.592794],"extended":false,"handId":991,"id":9913,"length":62.8339,"mcpPosition":[14.7291,341.016,13.0924],"pipPosition":[-9.37145,317.17,-14.2788],"stabilizedTipPosition":[-3.16017,268.721,57.3271],"timeVisible":9.74668,"tipPosition":[-24.3782,296.246,16.9393],"tipVelocity":[-53.0461,29.3153,-225.852],"tool":false,"touchDistance":0.333333,"touchZone":"none","type":3,"width":17.6296},{"bases":[[[0.598212,-0.801335,-0.00219614],[0.730538,0.54423,0.412466],[-0.329328,-0.248347,0.91097]],[[0.615391,-0.786491,-0.052208],[0.450406,0.405232,-0.795564],[0.64686,0.466068,0.603617]],[[0.615391,-0.786491,-0.052208],[-0.517902,-0.353524,-0.778973],[0.594198,0.506412,-0.62488]],[[0.615391,-0.786491,-0.052208],[-0.7621,-0.57678,-0.294157],[0.201239,0.220809,-0.95433]]],"btipPosition":[-8.79833,295.952,23.3862],"carpPosition":[9.60154,311.351,67.7549],"dipPosition":[-5.41546,299.663,7.34376],"direction":[-0.594198,-0.506412,0.62488],"extended":false,"handId":991,"id":9914,"length":49.2606,"mcpPosition":[28.2251,325.395,16.2395],"pipPosition":[5.91871,309.323,-4.57566],"stabilizedTipPosition":[9.63044,273.076,63.0622],"timeVisible":9.74668,"tipPosition":[-7.79683,296.9,20.7548],"tipVelocity":[-48.5004,13.373,-221.953],"tool":false,"touchDistance":0.333333,"touchZone":"none","type":4,"width":15.66}],"r":[[0.988145,-0.13298,0.0767201],[0.101831,0.941697,0.320683],[-0.114891,-0.309068,0.944075]],"s":0.865675,"t":[18.4932,33.734,-164.105],"timestamp":669601020465},false],[4,{"currentFrameRate":54.1937,"devices":[],"gestures":[{"center":[-31.2938,299.034,-33.9707],"duration":18200,"handIds":[991],"id":2,"normal":[-0.829943,-0.306122,-0.466351],"pointableIds":[9911],"progress":0.817455,"radius":38.7336,"state":"update","type":"circle"}],"hands":[{"armBasis":[[0.867748,-0.470064,-0.161411],[0.446601,0.879986,-0.16178],[0.218086,0.0682979,0.973537]],"armWidth":62.1429,"confidence":0.610966,"direction":[0.152188,0.459147,-0.875227],"elbow":[51.49,332.546,329.435],"grabStrength":0.177488,"id":991,"palmNormal":[-0.44733,-0.75765,-0.475249],"palmPosition":[-6.3576,338.999,25.6604],"palmVelocity":[-9.5055,35.6719,-165.105],"palmWidth":88.738,"pinchStrength":0.53126,"r":[[0.987157,-0.144395,0.0683464],[0.114958,0.939141,0.323726],[-0.110931,-0.311711,0.943679]],"s":0.866421,"sphereCenter":[-21.0707,306.502,-11.2211],"sphereRadius":46.0948,"stabilizedPalmPosition":[0.941754,316.277,63.5858],"t":[18.3154,34.4085,-167.136],"timeVisible":9.76508,"type":"right","wrist":[-5.93584,314.562,73.0855]}],"id":4975930,"interactionBox":{"center":[0,200,0],"size":[235.247,235.247,147.751]},"pointables":[{"bases":[[[0.784444,0.580609,0.21804],[-0.568627,0.532941,0.626608],[0.247612,-0.615523,0.748211]],[[0.724018,0.685831,0.073713],[-0.60974,0.586375,0.533274],[0.322512,-0.431046,0.842725]],[[0.724018,0.685831,0.073713],[-0.689563,0.716963,0.102306],[0.017315,-0.124901,0.992018]],[[0.724018,0.685831,0.073713],[-0.606969,0.684217,-0.404273],[-0.327698,0.247959,0.911663]]],"btipPosition":[-44.4552,337.424,-21.3148],"carpPosition":[-35.6584,317.946,73.5054],"dipPosition":[-51.9347,343.083,-0.506633],"direction":[-0.017315,0.124901,-0.992018],"extended":false,"handId":991,"id":9910,"length":50.8265,"mcpPosition":[-35.6584,317.946,73.5054],"pipPosition":[-51.359,338.93,32.4797],"stabilizedTipPosition":[-37.0038,319.226,13.2637],"timeVisible":9.76508,"tipPosition":[-45.042,337.981,-15.9471],"tipVelocity":[-40.7885,68.2512,-153.408],"tool":false,"touchDistance":-0.544889,"touchZone":"touching","type":0,"width":19.7488},{"bases":[[[0.894367,-0.380166,-0.235759],[0.442685,0.827964,0.344246],[0.0643291,-0.412249,0.908797]],[[0.892777,-0.371216,-0.25524],[0.34658,0.92792,-0.137283],[0.287804,0.0341015,0.957082]],[[0.892777,-0.371216,-0.25524],[0.289957,0.907113,-0.305075],[0.344781,0.198355,0.917486]],[[0.892777,-0.371216,-0.25524],[0.246853,0.877051,-0.412123],[0.376846,0.304927,0.874647]]],"btipPosition":[-49.6884,351.93,-68.7812],"carpPosition":[-18.6076,333.537,72.7259],"dipPosition":[-43.4091,357.011,-54.2072],"direction":[-0.344781,-0.198355,-0.917486],"extended":true,"handId":991,"id":9911,"length":57.352,"mcpPosition":[-23.2232,363.115,7.52087],"pipPosition":[-35.2819,361.686,-32.58],"stabilizedTipPosition":[-45.3712,343.611,-52.0114],"timeVisible":9.76508,"tipPosition":[-48.5802,351.675,-64.791],"tipVelocity":[-26.2506,96.51,-165.032],"tool":false,"touchDistance":-0.507829,"touchZone":"touching","type":1,"width":18.8641},{"bases":[[[0.806176,-0.567907,-0.166018],[0.58882,0.742521,0.319302],[-0.0580621,-0.355168,0.932998]],[[0.804005,-0.578576,-0.137204],[0.289296,0.582201,-0.759835],[0.519503,0.571219,0.635473]],[[0.804005,-0.578576,-0.137204],[-0.433456,-0.412316,-0.801318],[0.407052,0.703736,-0.582292]],[[0.804005,-0.578576,-0.137204],[-0.591133,-0.752759,-0.289682],[0.0643219,0.314012,-0.947238]]],"btipPosition":[-40.2225,302.675,10.1288],"carpPosition":[-7.28515,330.632,69.9747],"dipPosition":[-39.0437,308.43,-7.23114],"direction":[-0.407052,-0.703736,0.582292],"extended":false,"handId":991,"id":9912,"length":65.348,"mcpPosition":[-3.33453,354.798,6.49234],"pipPosition":[-27.755,327.947,-23.3796],"stabilizedTipPosition":[-24.3993,276.371,52.2348],"timeVisible":9.76508,"tipPosition":[-39.6606,303.978,7.78699],"tipVelocity":[-36.6157,50.609,-200.772],"tool":false,"touchDistance":0.333333,"touchZone":"none","type":2,"width":18.527},{"bases":[[[0.742148,-0.668331,-0.0505046],[0.642762,0.688349,0.336204],[-0.189931,-0.281975,0.940434]],[[0.747649,-0.659322,-0.0794675],[0.365466,0.508405,-0.779718],[0.554487,0.553913,0.621068]],[[0.747649,-0.659322,-0.0794675],[-0.446065,-0.40993,-0.795602],[0.491982,0.630279,-0.600584]],[[0.747649,-0.659322,-0.0794675],[-0.650171,-0.70234,-0.289822],[0.135273,0.268353,-0.953776]]],"btipPosition":[-25.425,295.97,16.6211],"carpPosition":[2.88975,324.797,67.5293],"dipPosition":[-22.9601,300.859,-0.75822],"direction":[-0.491982,-0.630279,0.600584],"extended":false,"handId":991,"id":9913,"length":62.8339,"mcpPosition":[14.4925,342.023,10.0785],"pipPosition":[-9.66854,317.887,-16.9838],"stabilizedTipPosition":[-3.17401,268.739,57.2986],"timeVisible":9.76508,"tipPosition":[-24.5856,297.259,14.3983],"tipVelocity":[-32.7813,41.3543,-181.266],"tool":false,"touchDistance":0.333333,"touchZone":"none","type":3,"width":17.6296},{"bases":[[[0.598704,-0.800961,0.00382821],[0.731047,0.548385,0.406011],[-0.327298,-0.240282,0.91386]],[[0.615927,-0.78641,-0.0468371],[0.458983,0.406531,-0.789979],[0.640288,0.465072,0.611342]],[[0.615927,-0.78641,-0.0468371],[-0.508056,-0.351073,-0.786528],[0.60209,0.50824,-0.615776]],[[0.615927,-0.78641,-0.0468371],[-0.759376,-0.576825,-0.301032],[0.209718,0.220981,-0.952463]]],"btipPosition":[-9.08514,296.993,20.0143],"carpPosition":[9.49594,312.852,65.0179],"dipPosition":[-5.55975,300.707,4.00324],"direction":[-0.60209,-0.50824,0.615776],"extended":false,"handId":991,"id":9914,"length":49.2606,"mcpPosition":[28.0047,326.439,13.3391],"pipPosition":[5.92495,310.402,-7.74251],"stabilizedTipPosition":[9.62316,273.086,63.0432],"timeVisible":9.76508,"tipPosition":[-8.04637,297.953,17.5278],"tipVelocity":[-31.7987,34.1778,-203.109],"tool":false,"touchDistance":0.333333,"touchZone":"none","type":4,"width":15.66}],"r":[[0.987157,-0.144395,0.0683464],[0.114958,0.939141,0.323726],[-0.110931,-0.311711,0.943679]],"s":0.866421,"t":[18.3154,34.4085,-167.136],"timestamp":669601038871},false],[5,{"currentFrameRate":54.1788,"devices":[],"gestures":[{"center":[-31.2938,299.034,-33.9707],"duration":18200,"handIds":[991],"id":2,"normal":[-0.829943,-0.306122,-0.466351],"pointableIds":[9911],"progress":0.817455,"radius":38.7336,"state":"update","type":"circle"}],"hands":[{"armBasis":[[0.869349,-0.464031,-0.170021],[0.445938,0.884851,-0.134826],[0.213007,0.0413921,0.976174]],"armWidth":62.1429,"confidence":0.630416,"direction":[0.147203,0.454194,-0.878658],"elbow":[50.1347,327.518,327.975],"grabStrength":0.164194,"id":991,"palmNormal":[-0.443875,-0.763526,-0.469044],"palmPosition":[-6.64255,340.734,23.3453],"palmVelocity":[-12.3514,63.7381,-145.762],"palmWidth":88.738,"pinchStrength":0.541638,"r":[[0.986446,-0.152199,0.0613106],[0.124473,0.937571,0.324758],[-0.106911,-0.312725,0.943808]],"s":0.867377,"sphereCenter":[-21.4454,308.035,-13.3334],"sphereRadius":46.1281,"stabilizedPalmPosition":[0.938571,316.287,63.5689],"t":[18.0841,35.6134,-169.808],"timeVisible":9.78359,"type":"right","wrist":[-5.95362,316.619,70.9314]}],"id":4975931,"interactionBox":{"center":[0,200,0],"size":[235.247,235.247,147.751]},"pointables":[{"bases":[[[0.781423,0.586822,0.212172],[-0.570311,0.533652,0.624469],[0.253226,-0.608979,0.751679]],[[0.719983,0.690723,0.0672703],[-0.61203,0.586264,0.530767],[0.327175,-0.423315,0.844844]],[[0.719983,0.690723,0.0672703],[-0.693681,0.713374,0.0995167],[0.0207496,-0.118315,0.992759]],[[0.719983,0.690723,0.0672703],[-0.612171,0.677769,-0.407278],[-0.32691,0.252053,0.910823]]],"btipPosition":[-44.8512,338.613,-23.5251],"carpPosition":[-35.6951,319.824,71.4037],"dipPosition":[-52.3127,344.366,-2.73611],"direction":[-0.0207496,0.118315,-0.992759],"extended":false,"handId":991,"id":9910,"length":50.8265,"mcpPosition":[-35.6951,319.824,71.4037],"pipPosition":[-51.6227,340.432,30.2749],"stabilizedTipPosition":[-37.2539,319.768,12.4267],"timeVisible":9.78359,"tipPosition":[-45.4383,339.211,-18.1648],"tipVelocity":[-31.3064,66.88,-137.094],"tool":false,"touchDistance":-0.551954,"touchZone":"touching","type":0,"width":19.7488},{"bases":[[[0.896082,-0.376282,-0.235474],[0.438475,0.832931,0.337587],[0.0691055,-0.405755,0.911366]],[[0.894382,-0.367436,-0.255092],[0.342828,0.929397,-0.136713],[0.287315,0.034821,0.957203]],[[0.894382,-0.367436,-0.255092],[0.288741,0.909806,-0.29813],[0.341628,0.192987,0.919808]],[[0.894382,-0.367436,-0.255092],[0.247625,0.881646,-0.401723],[0.372509,0.296127,0.879515]]],"btipPosition":[-49.9983,353.683,-71.3553],"carpPosition":[-18.7419,335.513,70.477],"dipPosition":[-43.7913,358.617,-56.7002],"direction":[-0.341628,-0.192987,-0.919808],"extended":true,"handId":991,"id":9911,"length":57.352,"mcpPosition":[-23.7001,364.625,5.08764],"pipPosition":[-35.7384,363.166,-35.0183],"stabilizedTipPosition":[-45.6422,344.56,-53.3643],"timeVisible":9.78359,"tipPosition":[-48.9388,353.311,-67.3302],"tipVelocity":[-22.0897,94.7616,-151.997],"tool":false,"touchDistance":-0.523712,"touchZone":"touching","type":1,"width":18.8641},{"bases":[[[0.809214,-0.564086,-0.164257],[0.585067,0.748215,0.312844],[-0.0535715,-0.349259,0.935494]],[[0.807156,-0.574676,-0.13508],[0.289427,0.584658,-0.757896],[0.51452,0.572644,0.638237]],[[0.807156,-0.574676,-0.13508],[-0.427851,-0.411814,-0.804582],[0.406747,0.707217,-0.578274]],[[0.807156,-0.574676,-0.13508],[-0.586651,-0.755298,-0.292173],[0.0658796,0.315074,-0.946778]]],"btipPosition":[-40.4375,304.117,7.45107],"carpPosition":[-7.40877,332.659,67.7166],"dipPosition":[-39.2301,309.891,-9.90044],"direction":[-0.406747,-0.707217,0.578274],"extended":false,"handId":991,"id":9912,"length":65.348,"mcpPosition":[-3.7637,356.423,4.06443],"pipPosition":[-27.95,329.504,-25.9375],"stabilizedTipPosition":[-24.4252,276.418,52.1547],"timeVisible":9.78359,"tipPosition":[-39.8645,305.43,5.1427],"tipVelocity":[-24.3635,63.908,-173.607],"tool":false,"touchDistance":0.333333,"touchZone":"none","type":2,"width":18.527},{"bases":[[[0.746087,-0.664122,-0.0479138],[0.639381,0.694486,0.329971],[-0.185865,-0.276822,0.942774]],[[0.751457,-0.655283,-0.076921],[0.360096,0.505024,-0.784399],[0.55285,0.561743,0.615469]],[[0.751457,-0.655283,-0.076921],[-0.445685,-0.418185,-0.791509],[0.486495,0.629067,-0.606298]],[[0.751457,-0.655283,-0.076921],[-0.646591,-0.708213,-0.283469],[0.131276,0.262751,-0.955892]]],"btipPosition":[-25.4753,297.521,14.6703],"carpPosition":[2.79545,326.87,65.2845],"dipPosition":[-23.0832,302.309,-2.74758],"direction":[-0.486495,-0.629067,0.606298],"extended":false,"handId":991,"id":9913,"length":62.8339,"mcpPosition":[14.1499,343.781,7.69074],"pipPosition":[-9.93987,319.304,-19.1276],"stabilizedTipPosition":[-3.19026,268.762,57.2637],"timeVisible":9.78359,"tipPosition":[-24.6539,298.8,12.3799],"tipVelocity":[-18.6889,61.2612,-144.831],"tool":false,"touchDistance":0.333333,"touchZone":"none","type":3,"width":17.6296},{"bases":[[[0.603592,-0.797256,0.00766633],[0.728691,0.555534,0.400489],[-0.323551,-0.236145,0.91627]],[[0.620709,-0.782834,-0.0434829],[0.457375,0.406583,-0.790885],[0.636811,0.471021,0.610418]],[[0.620709,-0.782834,-0.0434829],[-0.504539,-0.356367,-0.786412],[0.600134,0.510071,-0.61617]],[[0.620709,-0.782834,-0.0434829],[-0.755632,-0.582504,-0.299515],[0.209142,0.218769,-0.9531]]],"btipPosition":[-9.15791,298.652,17.7466],"carpPosition":[9.4682,314.948,62.8363],"dipPosition":[-5.64219,302.33,1.7248],"direction":[-0.600134,-0.510072,0.61617],"extended":false,"handId":991,"id":9914,"length":49.2606,"mcpPosition":[27.765,328.302,11.0212],"pipPosition":[5.8052,312.059,-10.0285],"stabilizedTipPosition":[9.61529,273.097,63.0217],"timeVisible":9.78359,"tipPosition":[-8.12924,299.61,15.2464],"tipVelocity":[-18.3896,60.7687,-164.225],"tool":false,"touchDistance":0.333333,"touchZone":"none","type":4,"width":15.66}],"r":[[0.986446,-0.152199,0.0613106],[0.124473,0.937571,0.324758],[-0.106911,-0.312725,0.943808]],"s":0.867377,"t":[18.0841,35.6134,-169.808],"timestamp":669601057381},false],[6,{"currentFrameRate":54.174,"devices":[],"gestures":[{"center":[-31.2938,299.034,-33.9707],"duration":18200,"handIds":[991],"id":2,"normal":[-0.829943,-0.306122,-0.466351],"pointableIds":[9911],"progress":0.817455,"radius":38.7336,"state":"update","type":"circle"}],"hands":[{"armBasis":[[0.873736,-0.452492,-0.178429],[0.434717,0.89101,-0.130852],[0.218192,0.0367643,0.975213]],"armWidth":62.1429,"confidence":0.605762,"direction":[0.148505,0.456101,-0.87745],"elbow":[50.6807,327.665,325.974],"grabStrength":0.151825,"id":991,"palmNormal":[-0.429039,-0.769719,-0.472715],"palmPosition":[-7.38348,342.082,21.5874],"palmVelocity":[-25.7446,68.1894,-121.332],"palmWidth":88.738,"pinchStrength":0.543594,"r":[[0.986141,-0.155664,0.0574045],[0.128891,0.936645,0.325705],[-0.104468,-0.313792,0.943727]],"s":0.868791,"sphereCenter":[-21.59,309.345,-15.22],"sphereRadius":46.1246,"stabilizedPalmPosition":[0.930018,316.314,63.5257],"t":[17.5979,36.8899,-172.024],"timeVisible":9.80207,"type":"right","wrist":[-6.77296,317.985,69.1836]}],"id":4975932,"interactionBox":{"center":[0,200,0],"size":[235.247,235.247,147.751]},"pointables":[{"bases":[[[0.771256,0.597722,0.218844],[-0.583152,0.525699,0.619335],[0.255144,-0.605284,0.754011]],[[0.7095,0.700902,0.0731152],[-0.625171,0.578146,0.524317],[0.325224,-0.417713,0.848378]],[[0.7095,0.700902,0.0731152],[-0.704563,0.703441,0.0936053],[0.0141759,-0.117927,0.992921]],[[0.7095,0.700902,0.0731152],[-0.617819,0.668574,-0.413894],[-0.338982,0.248486,0.907384]]],"btipPosition":[-45.1263,339.358,-25.6323],"carpPosition":[-36.5594,320.774,69.3954],"dipPosition":[-52.8634,345.03,-4.92179],"direction":[-0.0141759,0.117927,-0.992921],"extended":false,"handId":991,"id":9910,"length":50.8265,"mcpPosition":[-36.5594,320.774,69.3954],"pipPosition":[-52.392,341.109,28.0946],"stabilizedTipPosition":[-37.4384,320.167,11.7903],"timeVisible":9.80207,"tipPosition":[-45.8184,340.001,-20.2923],"tipVelocity":[-25.0399,53.5836,-126.444],"tool":false,"touchDistance":-0.556971,"touchZone":"touching","type":0,"width":19.7488},{"bases":[[[0.90328,-0.363739,-0.227548],[0.423817,0.839025,0.341198],[0.0668114,-0.404636,0.912034]],[[0.90159,-0.35474,-0.247578],[0.332848,0.934421,-0.126766],[0.276311,0.0318852,0.960539]],[[0.90159,-0.35474,-0.247578],[0.282527,0.916257,-0.283991],[0.327588,0.186096,0.926312]],[[0.90159,-0.35474,-0.247578],[0.244217,0.889776,-0.385559],[0.357062,0.287153,0.888847]]],"btipPosition":[-49.8622,355.223,-73.7159],"carpPosition":[-19.8198,336.698,68.613],"dipPosition":[-43.9126,360.008,-58.9053],"direction":[-0.327588,-0.186096,-0.926312],"extended":true,"handId":991,"id":9911,"length":57.352,"mcpPosition":[-24.6134,365.73,3.17568],"pipPosition":[-36.1906,364.394,-37.07],"stabilizedTipPosition":[-45.8427,345.387,-54.5557],"timeVisible":9.80207,"tipPosition":[-48.8698,354.755,-69.6666],"tipVelocity":[-9.41956,88.351,-139.368],"tool":false,"touchDistance":-0.534546,"touchZone":"touching","type":1,"width":18.8641},{"bases":[[[0.818428,-0.552731,-0.157046],[0.57179,0.756364,0.317757],[-0.0568498,-0.349859,0.935076]],[[0.816242,-0.563435,-0.127634],[0.288494,0.58895,-0.754923],[0.50052,0.579378,0.643274]],[[0.816242,-0.563435,-0.127634],[-0.414337,-0.416988,-0.808978],[0.402584,0.713206,-0.573815]],[[0.816242,-0.563435,-0.127634],[-0.573373,-0.763075,-0.29826],[0.0706555,0.316635,-0.945912]]],"btipPosition":[-40.5438,304.99,5.33898],"carpPosition":[-8.42419,334.002,65.9523],"dipPosition":[-39.2489,310.793,-11.9967],"direction":[-0.402584,-0.713206,0.573815],"extended":false,"handId":991,"id":9912,"length":65.348,"mcpPosition":[-4.55606,357.807,2.32861],"pipPosition":[-28.0842,330.572,-27.91],"stabilizedTipPosition":[-24.4475,276.461,52.0832],"timeVisible":9.80207,"tipPosition":[-39.9723,306.315,2.97909],"tipVelocity":[-14.8564,56.0455,-144.896],"tool":false,"touchDistance":0.333333,"touchZone":"none","type":2,"width":18.527},{"bases":[[[0.755694,-0.653626,-0.0412346],[0.626698,0.703403,0.335371],[-0.190203,-0.279279,0.941183]],[[0.761188,-0.644724,-0.0701713],[0.359532,0.50956,-0.781719],[0.53975,0.569806,0.61967]],[[0.761188,-0.644724,-0.0701713],[-0.433021,-0.424709,-0.795057],[0.48279,0.635573,-0.602462]],[[0.761188,-0.644724,-0.0701713],[-0.634127,-0.717233,-0.288894],[0.135928,0.2644,-0.954786]]],"btipPosition":[-25.5387,298.6,12.787],"c