{"sensorType":"Leap","data":[[0,{"currentFrameRate":54.1105,"devices":[],"gestures":[],"hands":[{"armBasis":[[0.880889,-0.415415,-0.226861],[0.394637,0.909224,-0.132563],[0.261337,0.0272454,0.964863]],"armWidth":62.1429,"confidence":0.559178,"direction":[0.185693,0.430915,-0.88308],"elbow":[71.7825,312.729,340.946],"grabStrength":0.154575,"id":994,"palmNormal":[-0.352407,-0.809717,-0.46922],"palmPosition":[4.44371,327.798,38.409],"palmVelocity":[-85.0358,82.4219,-178.243],"palmWidth":88.738,"pinchStrength":0.6732,"r":[[0.970199,0.193734,0.145534],[-0.225195,0.942636,0.246424],[-0.0894453,-0.271854,0.958173]],"s":1.02112,"sphereCenter":[-4.75651,288.245,0.504082],"sphereRadius":48.735,"stabilizedPalmPosition":[25.6568,315.336,34.8318],"t":[17.6523,60.7519,-28.2385],"timeVisible":25.4467,"type":"right","wrist":[2.96803,305.554,86.8808]}],"id":4978237,"interactionBox":{"center":[0,200,0],"size":[235.247,235.247,147.751]},"pointables":[{"bases":[[[0.720532,0.64803,0.246762],[-0.653056,0.514523,0.555683],[0.233134,-0.561537,0.79393]],[[0.628252,0.777798,0.0181563],[-0.729828,0.5811,0.360103],[0.269536,-0.239486,0.932736]],[[0.628252,0.777798,0.0181563],[-0.777509,0.62684,0.0505187],[0.0279123,-0.0458552,0.998558]],[[0.628252,0.777798,0.0181563],[-0.709397,0.582273,-0.397132],[-0.31946,0.236619,0.917582]]],"btipPosition":[-33.6233,314.445,-14.6272],"carpPosition":[-26.865,306.663,84.9274],"dipPosition":[-40.9148,319.846,6.31603],"direction":[-0.0279123,0.0458552,-0.998558],"extended":false,"handId":994,"id":9940,"length":50.8265,"mcpPosition":[-26.865,306.663,84.9274],"pipPosition":[-39.9866,318.321,39.5198],"stabilizedTipPosition":[-18.6973,307.253,-10.5942],"timeVisible":25.4467,"tipPosition":[-35.2237,316.388,-9.60348],"tipVelocity":[-114.584,89.8126,-158.591],"tool":false,"touchDistance":-0.140492,"touchZone":"touching","type":0,"width":19.7488},{"bases":[[[0.935396,-0.320328,-0.149748],[0.352818,0.873695,0.334929],[0.0235472,-0.366125,0.930268]],[[0.927382,-0.278915,-0.249337],[0.251986,0.958303,-0.134751],[0.276524,0.0621361,0.958996]],[[0.927382,-0.278915,-0.249337],[0.205418,0.936645,-0.283726],[0.312675,0.211904,0.925922]],[[0.927382,-0.278915,-0.249337],[0.171149,0.908935,-0.380192],[0.332672,0.309909,0.890666]]],"btipPosition":[-37.1815,336.974,-58.9457],"carpPosition":[-10.9922,323.467,84.6479],"dipPosition":[-31.6383,342.138,-44.1047],"direction":[-0.312675,-0.211904,-0.925922],"extended":true,"handId":994,"id":9941,"length":57.352,"mcpPosition":[-12.6817,349.736,17.9023],"pipPosition":[-24.2678,347.133,-22.2787],"stabilizedTipPosition":[-25.9829,330.775,-49.5411],"timeVisible":25.4467,"tipPosition":[-36.3511,337.33,-55.1563],"tipVelocity":[-110.044,101.758,-173.369],"tool":false,"touchDistance":-0.0940844,"touchZone":"hovering","type":1,"width":18.8641},{"bases":[[[0.856033,-0.511067,-0.0775775],[0.50631,0.798711,0.325133],[-0.104203,-0.317603,0.942481]],[[0.853737,-0.51742,-0.0583933],[0.34302,0.643231,-0.684537],[0.391754,0.564384,0.726636]],[[0.853737,-0.51742,-0.0583933],[0.0793446,0.240104,-0.967499],[0.514624,0.821356,0.24604]],[[0.853737,-0.51742,-0.0583933],[-0.0725973,-0.00723062,-0.997335],[0.515619,0.855701,-0.0437364]]],"btipPosition":[-34.355,277.942,-21.4161],"carpPosition":[0.691869,321.323,82.8906],"dipPosition":[-24.9053,293.624,-22.2177],"direction":[-0.514624,-0.821356,-0.24604],"extended":false,"handId":994,"id":9942,"length":65.348,"mcpPosition":[7.78195,342.933,18.763],"pipPosition":[-10.6334,316.402,-15.3943],"stabilizedTipPosition":[-18.6195,272.705,-18.0626],"timeVisible":25.4467,"tipPosition":[-32.3672,281.122,-20.464],"tipVelocity":[-141.133,89.9468,-156.961],"tool":false,"touchDistance":-0.226485,"touchZone":"touching","type":2,"width":18.527},{"bases":[[[0.790749,-0.610981,0.0376742],[0.562596,0.749625,0.348638],[-0.241253,-0.25449,0.9365]],[[0.808463,-0.587015,-0.0424409],[0.405065,0.607287,-0.683466],[0.426978,0.535365,0.728748]],[[0.808463,-0.587015,-0.0424409],[0.115661,0.22917,-0.96649],[0.57707,0.776463,0.253171]],[[0.808463,-0.587015,-0.0424409],[-0.052427,-0.00000459443,-0.998625],[0.586208,0.809576,-0.0307791]]],"btipPosition":[-18.7134,272.675,-13.7466],"carpPosition":[11.4256,316.185,81.4971],"dipPosition":[-8.03173,287.427,-14.3075],"direction":[-0.57707,-0.776463,-0.253171],"extended":false,"handId":994,"id":9943,"length":62.8339,"mcpPosition":[26.1637,331.732,24.2866],"pipPosition":[7.55862,308.404,-7.4677],"stabilizedTipPosition":[5.89683,262.216,-11.9346],"timeVisible":25.4467,"tipPosition":[-16.5612,275.544,-12.3926],"tipVelocity":[-137.263,89.6534,-178.922],"tool":false,"touchDistance":-0.311774,"touchZone":"hovering","type":3,"width":17.6296},{"bases":[[[0.653612,-0.751733,0.0876842],[0.655198,0.620021,0.431612],[-0.378824,-0.224657,0.897787]],[[0.690886,-0.722889,-0.0103347],[0.530047,0.516199,-0.672747],[0.491656,0.459314,0.7398]],[[0.690886,-0.722889,-0.0103347],[0.181254,0.187033,-0.965487],[0.699873,0.665169,0.260245]],[[0.690886,-0.722889,-0.0103347],[-0.0193468,-0.00419672,-0.999804],[0.722704,0.690951,-0.0168851]]],"btipPosition":[-1.96699,277.245,-0.887263],"carpPosition":[19.0635,304.683,80.0743],"dipPosition":[10.1818,288.86,-1.1711],"direction":[-0.699873,-0.665169,-0.260245],"extended":false,"handId":994,"id":9944,"length":49.2606,"mcpPosition":[40.486,317.387,29.3043],"pipPosition":[23.5317,301.548,3.793],"stabilizedTipPosition":[24.6134,265.44,1.14088],"timeVisible":25.4467,"tipPosition":[0.467822,279.567,0.345572],"tipVelocity":[-124.723,80.7223,-190.011],"tool":false,"touchDistance":-0.304235,"touchZone":"hovering","type":4,"width":15.66}],"r":[[0.970199,0.193734,0.145534],[-0.225195,0.942636,0.246424],[-0.0894453,-0.271854,0.958173]],"s":1.02112,"t":[17.6523,60.7519,-28.2385],"timestamp":669644224981},false],[1,{"currentFrameRate":54.1487,"devices":[],"gestures":[],"hands":[{"armBasis":[[0.881005,-0.405767,-0.243276],[0.392474,0.913965,-0.103112],[0.264185,-0.00463704,0.964461]],"armWidth":62.1429,"confidence":0.577535,"direction":[0.184695,0.429935,-0.883767],"elbow":[70.6878,306.53,337.178],"grabStrength":0.14739,"id":994,"palmNormal":[-0.348674,-0.812078,-0.467928],"palmPosition":[2.54991,329.904,34.7048],"palmVelocity":[-93.8025,98.0164,-189.671],"palmWidth":88.738,"pinchStrength":0.674027,"r":[[0.972159,0.188856,0.138712],[-0.218492,0.944483,0.245383],[-0.0846691,-0.268858,0.959451]],"s":1.02152,"sphereCenter":[-6.73833,290.401,-3.13936],"sphereRadius":48.7014,"stabilizedPalmPosition":[23.5257,316.68,34.8201],"t":[15.9173,62.561,-31.7555],"timeVisible":25.465,"type":"right","wrist":[1.12316,307.751,83.219]}],"id":4978238,"interactionBox":{"center":[0,200,0],"size":[235.247,235.247,147.751]},"pointables":[{"bases":[[[0.717652,0.651465,0.246107],[-0.655646,0.512932,0.554103],[0.234742,-0.559012,0.795237]],[[0.625017,0.780424,0.0171187],[-0.73275,0.578993,0.357553],[0.269131,-0.23602,0.933736]],[[0.625017,0.780424,0.0171187],[-0.780138,0.623724,0.0484982],[0.0271718,-0.0436671,0.998677]],[[0.625017,0.780424,0.0171187],[-0.711978,0.578918,-0.397417],[-0.320064,0.236204,0.917478]]],"btipPosition":[-35.4126,316.283,-18.3672],"carpPosition":[-28.7125,308.733,81.2377],"dipPosition":[-42.7179,321.674,2.57366],"direction":[-0.0271718,0.0436671,-0.998677],"extended":false,"handId":994,"id":9940,"length":50.8265,"mcpPosition":[-28.7125,308.733,81.2377],"pipPosition":[-41.8144,320.222,35.7814],"stabilizedTipPosition":[-22.0611,309.131,-11.1348],"timeVisible":25.465,"tipPosition":[-37.0243,318.213,-13.3396],"tipVelocity":[-106.516,94.7667,-180.403],"tool":false,"touchDistance":-0.202834,"touchZone":"touching","type":0,"width":19.7488},{"bases":[[[0.936832,-0.316782,-0.148308],[0.348939,0.875792,0.333511],[0.0242367,-0.364194,0.931008]],[[0.92868,-0.275424,-0.248384],[0.249165,0.959391,-0.132234],[0.274717,0.0609146,0.959594]],[[0.92868,-0.275424,-0.248384],[0.204117,0.938721,-0.277741],[0.309659,0.207233,0.92799]],[[0.92868,-0.275424,-0.248384],[0.170978,0.912236,-0.372279],[0.329119,0.30326,0.894267]]],"btipPosition":[-38.9412,339.242,-62.8417],"carpPosition":[-12.9085,325.601,80.9387],"dipPosition":[-33.4572,344.295,-47.9408],"direction":[-0.309659,-0.207233,-0.92799],"extended":true,"handId":994,"id":9941,"length":57.352,"mcpPosition":[-14.6475,351.732,14.1401],"pipPosition":[-26.1579,349.18,-26.066],"stabilizedTipPosition":[-27.9822,332.421,-51.2288],"timeVisible":25.465,"tipPosition":[-38.1028,339.483,-59.0265],"tipVelocity":[-103.654,111.626,-191.797],"tool":false,"touchDistance":-0.158788,"touchZone":"hovering","type":1,"width":18.8641},{"bases":[[[0.858189,-0.507702,-0.0758298],[0.502745,0.80142,0.323996],[-0.103722,-0.316173,0.943015]],[[0.855895,-0.514046,-0.056577],[0.341602,0.644103,-0.684426],[0.388268,0.56647,0.726884]],[[0.855895,-0.514046,-0.056577],[0.0801712,0.239968,-0.967465],[0.510898,0.823512,0.246599]],[[0.855895,-0.514046,-0.056577],[-0.0707646,-0.00804146,-0.997461],[0.512286,0.857725,-0.0432589]]],"btipPosition":[-35.9654,279.828,-25.1831],"carpPosition":[-1.21417,323.501,79.1957],"dipPosition":[-26.5768,295.548,-25.9759],"direction":[-0.510898,-0.823512,-0.246599],"extended":false,"handId":994,"id":9942,"length":65.348,"mcpPosition":[5.84319,345.014,15.0318],"pipPosition":[-12.4083,318.386,-19.1371],"stabilizedTipPosition":[-22.6078,275.525,-19.9805],"timeVisible":25.465,"tipPosition":[-33.9909,283.021,-24.2436],"tipVelocity":[-115.923,96.3916,-180.196],"tool":false,"touchDistance":-0.288645,"touchZone":"touching","type":2,"width":18.527},{"bases":[[[0.793215,-0.607656,0.0395621],[0.559212,0.752612,0.347646],[-0.241024,-0.253635,0.936791]],[[0.811068,-0.583478,-0.0414973],[0.403798,0.609804,-0.681972],[0.423221,0.536369,0.7302]],[[0.811068,-0.583478,-0.0414973],[0.116576,0.230751,-0.966004],[0.573218,0.778657,0.255174]],[[0.811068,-0.583478,-0.0414973],[-0.0507372,0.000501402,-0.998712],[0.582747,0.812129,-0.0291974]]],"btipPosition":[-20.2803,274.693,-17.586],"carpPosition":[9.5418,318.405,77.8217],"dipPosition":[-9.66174,289.491,-18.118],"direction":[-0.573218,-0.778657,-0.255174],"extended":false,"handId":994,"id":9943,"length":62.8339,"mcpPosition":[24.2659,333.9,20.5934],"pipPosition":[5.82454,310.528,-11.2241],"stabilizedTipPosition":[3.81515,263.609,-12.441],"timeVisible":25.465,"tipPosition":[-18.139,277.575,-16.2578],"tipVelocity":[-112.784,99.7462,-193.39],"tool":false,"touchDistance":-0.366421,"touchZone":"hovering","type":3,"width":17.6296},{"bases":[[[0.656613,-0.748871,0.0897308],[0.652273,0.623552,0.430956],[-0.378682,-0.224442,0.897901]],[[0.694198,-0.719723,-0.00933148],[0.531862,0.521648,-0.667088],[0.484986,0.458128,0.744921]],[[0.694198,-0.719723,-0.00933148],[0.187773,0.193598,-0.962944],[0.69486,0.666722,0.26954]],[[0.694198,-0.719723,-0.00933148],[-0.0118736,0.00151192,-0.999928],[0.719686,0.694259,-0.00749615]]],"btipPosition":[-3.43407,279.438,-5.05148],"carpPosition":[17.228,306.932,76.4281],"dipPosition":[8.66398,291.108,-5.1775],"direction":[-0.69486,-0.666722,-0.26954],"extended":false,"handId":994,"id":9944,"length":49.2606,"mcpPosition":[38.6425,319.624,25.6518],"pipPosition":[21.9182,303.826,-0.0360992],"stabilizedTipPosition":[23.102,266.438,0.768722],"timeVisible":25.465,"tipPosition":[-1.03125,281.751,-3.74577],"tipVelocity":[-103.574,99.712,-206.883],"tool":false,"touchDistance":-0.364063,"touchZone":"hovering","type":4,"width":15.66}],"r":[[0.972159,0.188856,0.138712],[-0.218492,0.944483,0.245383],[-0.0846691,-0.268858,0.959451]],"s":1.02152,"t":[15.9173,62.561,-31.7555],"timestamp":669644243314},false],[2,{"currentFrameRate":54.2306,"devices":[],"gestures":[],"hands":[{"armBasis":[[0.883642,-0.402197,-0.239613],[0.386413,0.915532,-0.111739],[0.264314,0.00614734,0.964417]],"armWidth":62.1429,"confidence":0.59428,"direction":[0.172708,0.433576,-0.884411],"elbow":[70.4053,310.99,334.493],"grabStrength":0.141124,"id":994,"palmNormal":[-0.349863,-0.812348,-0.466569],"palmPosition":[1.58331,331.681,32.0874],"palmVelocity":[-74.4768,97.9588,-168],"palmWidth":88.738,"pinchStrength":0.674364,"r":[[0.973786,0.18581,0.131207],[-0.213516,0.945567,0.24559],[-0.0784316,-0.267167,0.960453]],"s":1.02217,"sphereCenter":[-8.10609,292.347,-5.79199],"sphereRadius":48.7002,"stabilizedPalmPosition":[21.5855,318.007,34.5785],"t":[14.5665,64.354,-34.8227],"timeVisible":25.4832,"type":"right","wrist":[0.806789,309.371,80.5446]}],"id":4978239,"interactionBox":{"center":[0,200,0],"size":[235.247,235.247,147.751]},"pointables":[{"bases":[[[0.717132,0.654255,0.24015],[-0.651947,0.507956,0.56298],[0.246347,-0.560296,0.790811]],[[0.621329,0.783448,0.0126406],[-0.731744,0.574404,0.366893],[0.280181,-0.237211,0.930177]],[[0.621329,0.783448,0.0126406],[-0.782598,0.619699,0.0592692],[0.038601,-0.0467182,0.998162]],[[0.621329,0.783448,0.0126406],[-0.719735,0.577028,-0.386031],[-0.309729,0.230755,0.922399]]],"btipPosition":[-36.9075,318.045,-20.6282],"carpPosition":[-29.0535,310.211,78.8986],"dipPosition":[-43.9769,323.312,0.424982],"direction":[-0.038601,0.0467182,-0.998162],"extended":false,"handId":994,"id":9940,"length":50.8265,"mcpPosition":[-29.0535,310.211,78.8986],"pipPosition":[-42.6933,321.759,33.6156],"stabilizedTipPosition":[-25.0008,310.938,-11.9649],"timeVisible":25.4832,"tipPosition":[-38.4673,319.93,-15.5682],"tipVelocity":[-93.5786,95.1167,-153.113],"tool":false,"touchDistance":-0.240087,"touchZone":"touching","type":0,"width":19.7488},{"bases":[[[0.93667,-0.311668,-0.159726],[0.348315,0.876478,0.332359],[0.0364105,-0.366946,0.929529]],[[0.927189,-0.270013,-0.259641],[0.243982,0.961246,-0.128374],[0.284242,0.0556794,0.957135]],[[0.927189,-0.270013,-0.259641],[0.19852,0.941977,-0.270682],[0.317664,0.199429,0.926994]],[[0.927189,-0.270013,-0.259641],[0.165239,0.916859,-0.363409],[0.336179,0.294046,0.894718]]],"btipPosition":[-40.9488,341.553,-65.0786],"carpPosition":[-13.3372,327.159,78.4768],"dipPosition":[-35.3471,346.453,-50.1701],"direction":[-0.317664,-0.199429,-0.926994],"extended":true,"handId":994,"id":9941,"length":57.352,"mcpPosition":[-15.9496,353.487,11.7842],"pipPosition":[-27.8591,351.154,-28.3188],"stabilizedTipPosition":[-29.7905,334.009,-52.8424],"timeVisible":25.4832,"tipPosition":[-40.0629,341.698,-61.2556],"tipVelocity":[-106.256,118.194,-159.075],"tool":false,"touchDistance":-0.19604,"touchZone":"hovering","type":1,"width":18.8641},{"bases":[[[0.859782,-0.503199,-0.0869778],[0.502371,0.8029,0.320898],[-0.0916412,-0.319597,0.943112]],[[0.857728,-0.50963,-0.0676724],[0.331297,0.64858,-0.685263],[0.393122,0.56535,0.725144]],[[0.857728,-0.50963,-0.0676724],[0.0689963,0.244553,-0.967178],[0.509453,0.824907,0.244922]],[[0.857728,-0.50963,-0.0676724],[-0.0810744,-0.00410248,-0.9967],[0.50767,0.860384,-0.0448368]]],"btipPosition":[-37.3296,281.647,-27.6312],"carpPosition":[-1.65285,325.122,76.5971],"dipPosition":[-28.0256,297.416,-28.4529],"direction":[-0.509453,-0.824907,-0.244922],"extended":false,"handId":994,"id":9942,"length":65.348,"mcpPosition":[4.58253,346.868,12.4266],"pipPosition":[-13.8971,320.292,-21.6605],"stabilizedTipPosition":[-25.6598,277.89,-21.8822],"timeVisible":25.4832,"tipPosition":[-35.3593,284.85,-26.7142],"tipVelocity":[-97.0049,98.5092,-158.769],"tool":false,"touchDistance":-0.324934,"touchZone":"touching","type":2,"width":18.527},{"bases":[[[0.796592,-0.603831,0.0288153],[0.559337,0.754299,0.343765],[-0.229311,-0.257722,0.938614]],[[0.813648,-0.578871,-0.0537048],[0.394382,0.617475,-0.680578],[0.427129,0.532571,0.730704]],[[0.813648,-0.578871,-0.0537048],[0.106753,0.239577,-0.964991],[0.571472,0.77943,0.256727]],[[0.813648,-0.578871,-0.0537048],[-0.0599935,0.00827923,-0.998164],[0.578253,0.815377,-0.0279922]]],"btipPosition":[-21.4668,276.707,-20.5176],"carpPosition":[9.11211,320.084,75.0874],"dipPosition":[-10.9301,291.564,-21.0276],"direction":[-0.571472,-0.77943,-0.256727],"extended":false,"handId":994,"id":9943,"length":62.8339,"mcpPosition":[23.1206,335.828,17.7478],"pipPosition":[4.50903,312.622,-14.0918],"stabilizedTipPosition":[2.10916,264.841,-13.0526],"timeVisible":25.4832,"tipPosition":[-19.3314,279.581,-19.1793],"tipVelocity":[-90.679,105.438,-178.063],"tool":false,"touchDistance":-0.40201,"touchZone":"hovering","type":3,"width":17.6296},{"bases":[[[0.661255,-0.745877,0.0800574],[0.653956,0.625447,0.425626],[-0.367536,-0.229094,0.901351]],[[0.697847,-0.715964,-0.0201214],[0.522075,0.527696,-0.670056],[0.490354,0.457092,0.742038]],[[0.697847,-0.715964,-0.0201214],[0.17752,0.200108,-0.963558],[0.693899,0.668844,0.266743]],[[0.697847,-0.715964,-0.0201214],[-0.0211887,0.00744428,-0.999748],[0.715933,0.698098,-0.00997541]]],"btipPosition":[-4.55731,281.353,-7.90806],"carpPosition":[16.8388,308.653,73.5722],"dipPosition":[7.47766,293.088,-8.07575],"direction":[-0.693899,-0.668844,-0.266743],"extended":false,"handId":994,"id":9944,"length":49.2606,"mcpPosition":[37.623,321.608,22.6008],"pipPosition":[20.7136,305.846,-2.9877],"stabilizedTipPosition":[21.8392,267.331,0.326553],"timeVisible":25.4832,"tipPosition":[-2.14286,283.683,-6.64199],"tipVelocity":[-84.0852,102.86,-183.541],"tool":false,"touchDistance":-0.398983,"touchZone":"hovering","type":4,"width":15.66}],"r":[[0.973786,0.18581,0.131207],[-0.213516,0.945567,0.24559],[-0.0784316,-0.267167,0.960453]],"s":1.02217,"t":[14.5665,64.354,-34.8227],"timestamp":669644261465},false],[3,{"currentFrameRate":54.2192,"devices":[],"gestures":[],"hands":[{"armBasis":[[0.886089,-0.384312,-0.259136],[0.372662,0.923117,-0.0947489],[0.275626,-0.0126142,0.961182]],"armWidth":62.1429,"confidence":0.607602,"direction":[0.16594,0.430917,-0.887003],"elbow":[71.9121,307.92,330.485],"grabStrength":0.133681,"id":994,"palmNormal":[-0.336525,-0.820733,-0.461679],"palmPosition":[-0.234799,333.266,28.7968],"palmVelocity":[-86.0076,92.0467,-172.84],"palmWidth":88.738,"pinchStrength":0.674332,"r":[[0.974435,0.186677,0.125011],[-0.212612,0.946037,0.244563],[-0.0726109,-0.264889,0.961541]],"s":1.0234,"sphereCenter":[-9.50316,293.705,-8.85437],"sphereRadius":48.6676,"stabilizedPalmPosition":[19.6711,319.345,34.0712],"t":[12.982,66.0426,-38.0016],"timeVisible":25.5016,"type":"right","wrist":[-0.66506,311.241,77.389]}],"id":4978240,"interactionBox":{"center":[0,200,0],"size":[235.247,235.247,147.751]},"pointables":[{"bases":[[[0.706375,0.667228,0.236305],[-0.660256,0.500758,0.559735],[0.255139,-0.551405,0.794265]],[[0.608636,0.793408,0.00812822],[-0.741299,0.56495,0.362363],[0.28291,-0.226573,0.932002]],[[0.608636,0.793408,0.00812822],[-0.792478,0.607352,0.0556959],[0.0392529,-0.04034,0.998415]],[[0.608636,0.793408,0.00812822],[-0.729677,0.563712,-0.387041],[-0.311664,0.229636,0.922027]]],"btipPosition":[-38.4989,318.718,-23.8839],"carpPosition":[-30.5346,311.588,75.7317],"dipPosition":[-45.6125,323.959,-2.8392],"direction":[-0.0392529,0.04034,-0.998415],"extended":false,"handId":994,"id":9940,"length":50.8265,"mcpPosition":[-30.5346,311.588,75.7317],"pipPosition":[-44.3072,322.618,30.3598],"stabilizedTipPosition":[-27.2295,312.261,-13.0073],"timeVisible":25.5016,"tipPosition":[-40.0796,320.572,-18.8212],"tipVelocity":[-90.2317,66.6072,-164.278],"tool":false,"touchDistance":-0.293276,"touchZone":"touching","type":0,"width":19.7488},{"bases":[[[0.941641,-0.297433,-0.157626],[0.333982,0.884011,0.32708],[0.0420583,-0.360636,0.931758]],[[0.931519,-0.25655,-0.257787],[0.229697,0.964553,-0.12991],[0.281978,0.061801,0.957428]],[[0.931519,-0.25655,-0.257787],[0.186069,0.945196,-0.268296],[0.312491,0.201956,0.928204]],[[0.931519,-0.25655,-0.257787],[0.154271,0.920606,-0.358728],[0.329352,0.294393,0.89714]]],"btipPosition":[-42.7807,342.405,-68.5867],"carpPosition":[-15.0945,328.785,75.2098],"dipPosition":[-37.2928,347.31,-53.6379],"direction":[-0.312491,-0.201956,-0.928204],"extended":true,"handId":994,"id":9941,"length":57.352,"mcpPosition":[-18.1121,354.66,8.35732],"pipPosition":[-29.9267,352.071,-31.7581],"stabilizedTipPosition":[-31.228,335.177,-54.3507],"timeVisible":25.5016,"tipPosition":[-41.8987,342.47,-64.7371],"tipVelocity":[-103.489,83.4122,-173.662],"tool":false,"touchDistance":-0.254354,"touchZone":"hovering","type":1,"width":18.8641},{"bases":[[[0.867841,-0.489737,-0.083727],[0.489211,0.812867,0.3161],[-0.0867472,-0.315285,0.945024]],[[0.86588,-0.496096,-0.0643418],[0.321407,0.65026,-0.688375],[0.383339,0.575371,0.722496]],[[0.86588,-0.496096,-0.0643418],[0.0659956,0.240777,-0.968334],[0.495879,0.834215,0.241224]],[[0.86588,-0.496096,-0.0643418],[-0.0800507,-0.0104468,-0.996736],[0.493805,0.868205,-0.0487585]]],"btipPosition":[-38.2974,282.286,-30.7145],"carpPosition":[-3.3781,326.926,73.345],"dipPosition":[-29.2475,298.197,-31.6081],"direction":[-0.495879,-0.834215,-0.241224],"extended":false,"handId":994,"id":9942,"length":65.348,"mcpPosition":[2.52429,348.379,9.04438],"pipPosition":[-15.4955,321.332,-24.9183],"stabilizedTipPosition":[-27.588,279.361,-23.533],"timeVisible":25.5016,"tipPosition":[-36.3781,285.529,-29.8289],"tipVelocity":[-76.9776,68.4824,-163.083],"tool":false,"touchDistance":-0.367272,"touchZone":"touching","type":2,"width":18.527},{"bases":[[[0.806251,-0.590671,0.0326645],[0.54695,0.765336,0.339275],[-0.225399,-0.255675,0.94012]],[[0.823044,-0.565708,-0.0507175],[0.384558,0.620744,-0.683222],[0.417987,0.542818,0.728447]],[[0.823044,-0.565708,-0.0507175],[0.103505,0.237187,-0.965934],[0.558467,0.789757,0.253769]],[[0.823044,-0.565708,-0.0507175],[-0.0594195,0.00304543,-0.998228],[0.564861,0.8246,-0.0311076]]],"btipPosition":[-22.3567,277.658,-23.5937],"carpPosition":[7.46747,322.054,71.8682],"dipPosition":[-12.064,292.684,-24.1605],"direction":[-0.558467,-0.789757,-0.253769],"extended":false,"handId":994,"id":9943,"length":62.8339,"mcpPosition":[21.237,337.673,14.4366],"pipPosition":[3.02374,314.02,-17.3046],"stabilizedTipPosition":[0.875158,265.75,-13.6485],"timeVisible":25.5016,"tipPosition":[-20.2605,280.586,-22.306],"tipVelocity":[-71.6102,80.3932,-172.783],"tool":false,"touchDistance":-0.43648,"touchZone":"hovering","type":3,"width":17.6296},{"bases":[[[0.673216,-0.734574,0.0847436],[0.643616,0.638533,0.421941],[-0.364058,-0.229515,0.902654]],[[0.709636,-0.704375,-0.0165128],[0.51462,0.534187,-0.670678],[0.48123,0.46744,0.741564]],[[0.709636,-0.704375,-0.0165128],[0.17632,0.200231,-0.963753],[0.682149,0.681002,0.266286]],[[0.709636,-0.704375,-0.0165128],[-0.0193465,0.00394755,-0.999805],[0.704302,0.709817,-0.0108259]]],"btipPosition":[-5.47992,282.678,-11.0902],"carpPosition":[15.3786,310.741,70.4245],"dipPosition":[6.35954,294.611,-11.2722],"direction":[-0.682149,-0.681002,-0.266286],"extended":false,"handId":994,"id":9944,"length":49.2606,"mcpPosition":[35.9661,323.72,19.3793],"pipPosition":[19.3713,307.6,-6.19283],"stabilizedTipPosition":[20.8504,268.059,-0.134116],"timeVisible":25.5016,"tipPosition":[-3.10646,285.053,-9.84186],"tipVelocity":[-68.7626,89.0078,-178.13],"tool":false,"touchDistance":-0.435199,"touchZone":"hovering","type":4,"width":15.66}],"r":[[0.974435,0.186677,0.125011],[-0.212612,0.946037,0.244563],[-0.0726109,-0.264889,0.961541]],"s":1.0234,"t":[12.982,66.0426,-38.0016],"timestamp":669644279949},false],[4,{"currentFrameRate":54.2142,"devices":[],"gestures":[],"hands":[{"armBasis":[[0.893809,-0.372289,-0.250014],[0.364116,0.927911,-0.0800015],[0.261774,-0.0195279,0.964932]],"armWidth":62.1429,"confidence":0.613683,"direction":[0.159051,0.430531,-0.888451],"elbow":[67.5709,307.758,328.638],"grabStrength":0.124907,"id":994,"palmNormal":[-0.329892,-0.825005,-0.458844],"palmPosition":[-1.29017,334.819,25.9127],"palmVelocity":[-72.0927,88.2242,-164.817],"palmWidth":88.738,"pinchStrength":0.673801,"r":[[0.974633,0.189314,0.119375],[-0.213591,0.946104,0.243448],[-0.0668531,-0.26277,0.96254]],"s":1.0253,"sphereCenter":[-10.5854,295.302,-11.6268],"sphereRadius":48.6032,"stabilizedPalmPosition":[17.9918,320.585,33.4176],"t":[11.6621,67.6635,-41.0331],"timeVisible":25.5201,"type":"right","wrist":[-1.35889,312.9,74.5544]}],"id":4978241,"interactionBox":{"center":[0,200,0],"size":[235.247,235.247,147.751]},"pointables":[{"bases":[[[0.700541,0.674611,0.232686],[-0.663419,0.495546,0.560633],[0.262903,-0.547115,0.7947]],[[0.60103,0.799212,0.00479488],[-0.74587,0.558739,0.362612],[0.287125,-0.221517,0.931928]],[[0.60103,0.799212,0.00479488],[-0.798073,0.599829,0.0573187],[0.0429337,-0.0382769,0.998344]],[[0.60103,0.799212,0.00479488],[-0.737083,0.556606,-0.383274],[-0.308986,0.226825,0.923622]]],"btipPosition":[-39.5883,319.831,-26.6589],"carpPosition":[-31.2352,312.951,72.9872],"dipPosition":[-46.6407,325.008,-5.57778],"direction":[-0.0429337,0.0382769,-0.998344],"extended":false,"handId":994,"id":9940,"length":50.8265,"mcpPosition":[-31.2352,312.951,72.9872],"pipPosition":[-45.2131,323.735,27.6189],"stabilizedTipPosition":[-28.8059,313.249,-13.9999],"timeVisible":25.5201,"tipPosition":[-41.1591,321.634,-21.5825],"tipVelocity":[-74.7997,63.1733,-157.317],"tool":false,"touchDistance":-0.333781,"touchZone":"touching","type":0,"width":19.7488},{"bases":[[[0.944018,-0.288589,-0.159831],[0.326325,0.887954,0.324114],[0.0483864,-0.358126,0.932418]],[[0.933136,-0.247874,-0.260416],[0.221203,0.966838,-0.127649],[0.283421,0.0615094,0.957021]],[[0.933136,-0.247874,-0.260416],[0.178677,0.948281,-0.262367],[0.311981,0.198294,0.929165]],[[0.933136,-0.247874,-0.260416],[0.147769,0.924749,-0.35072],[0.327753,0.288788,0.899544]]],"btipPosition":[-44.1274,343.929,-71.509],"carpPosition":[-15.9653,330.297,72.3804],"dipPosition":[-38.6661,348.741,-56.5202],"direction":[-0.311981,-0.198294,-0.929165],"extended":true,"handId":994,"id":9941,"length":57.352,"mcpPosition":[-19.437,355.992,5.48057],"pipPosition":[-31.3121,353.415,-34.6177],"stabilizedTipPosition":[-32.331,336.111,-55.6495],"timeVisible":25.5201,"tipPosition":[-43.2264,343.889,-67.6394],"tipVelocity":[-88.9124,82.4328,-166.003],"tool":false,"touchDistance":-0.30095,"touchZone":"hovering","type":1,"width":18.8641},{"bases":[[[0.872321,-0.481437,-0.0852839],[0.482208,0.818303,0.312819],[-0.0808148,-0.314003,0.945976]],[[0.870478,-0.487783,-0.0658437],[0.313337,0.652328,-0.690136],[0.379588,0.580117,0.720678]],[[0.870478,-0.487783,-0.0658437],[0.0612796,0.240132,-0.968804],[0.488377,0.839288,0.238921]],[[0.870478,-0.487783,-0.0658437],[-0.0824185,-0.0125652,-0.996519],[0.485257,0.872875,-0.0511401]]],"btipPosition":[-39.019,283.371,-33.4471],"carpPosition":[-4.23704,328.549,70.4842],"dipPosition":[-30.1258,299.368,-34.3844],"direction":[-0.488377,-0.839288,-0.238921],"extended":false,"handId":994,"id":9942,"length":65.348,"mcpPosition":[1.2617,349.914,6.11877],"pipPosition":[-16.5818,322.644,-27.7585],"stabilizedTipPosition":[-28.7905,280.347,-24.8309],"timeVisible":25.5201,"tipPosition":[-37.1272,286.64,-32.5875],"tipVelocity":[-59.6395,64.33,-156.072],"tool":false,"touchDistance":-0.400018,"touchZone":"touching","type":2,"width":18.527},{"bases":[[[0.812071,-0.582706,0.0315164],[0.540477,0.771389,0.335923],[-0.220056,-0.25576,0.941362]],[[0.828398,-0.557707,-0.0521578],[0.376397,0.623199,-0.685528],[0.414828,0.548258,0.726176]],[[0.828398,-0.557707,-0.0521578],[0.0982855,0.236395,-0.966673],[0.55145,0.795664,0.250643]],[[0.828398,-0.557707,-0.0521578],[-0.062448,0.000581327,-0.998048],[0.556649,0.830038,-0.0343461]]],"btipPosition":[-23.0227,278.893,-26.3101],"carpPosition":[6.65105,323.779,68.9852],"dipPosition":[-12.8796,294.017,-26.936],"direction":[-0.55145,-0.795664,-0.250643],"extended":false,"handId":994,"id":9943,"length":62.8339,"mcpPosition":[20.0942,339.403,11.4777],"pipPosition":[2.01855,315.513,-20.1645],"stabilizedTipPosition":[0.0121293,266.415,-14.1609],"timeVisible":25.5201,"tipPosition":[-20.9466,281.853,-25.06],"tipVelocity":[-55.3665,74.4631,-160.763],"tool":false,"touchDistance":-0.462116,"touchZone":"hovering","type":3,"width":17.6296},{"bases":[[[0.680604,-0.727783,0.0843167],[0.638625,0.645719,0.418574],[-0.359076,-0.231037,0.90426]],[[0.716503,-0.697368,-0.0173748],[0.508304,0.538985,-0.671656],[0.477756,0.472412,0.740659]],[[0.716503,-0.697368,-0.0173748],[0.172902,0.201665,-0.964073],[0.675817,0.687756,0.26507]],[[0.716503,-0.697368,-0.0173748],[-0.0211038,0.00322634,-0.999772],[0.697265,0.716706,-0.0124054]]],"btipPosition":[-6.11358,284.148,-13.9822],"carpPosition":[14.6678,312.54,67.5424],"dipPosition":[5.60758,296.196,-14.1907],"direction":[-0.675817,-0.687756,-0.26507],"extended":false,"handId":994,"id":9944,"length":49.2606,"mcpPosition":[34.9736,325.605,16.4064],"pipPosition":[18.4986,309.315,-9.13457],"stabilizedTipPosition":[20.105,268.638,-0.560933],"timeVisible":25.5201,"tipPosition":[-3.75815,286.55,-12.7627],"tipVelocity":[-52.8592,85.1618,-167.922],"tool":false,"touchDistance":-0.463484,"touchZone":"hovering","type":4,"width":15.66}],"r":[[0.974633,0.189314,0.119375],[-0.213591,0.946104,0.243448],[-0.0668531,-0.26277,0.96254]],"s":1.0253,"t":[11.6621,67.6635,-41.0331],"timestamp":669644298412},false],[5,{"currentFrameRate":54.2194,"devices":[],"gestures":[],"hands":[{"armBasis":[[0.89191,-0.370773,-0.258891],[0.361283,0.928558,-0.085178],[0.271977,-0.0175618,0.962144]],"armWidth":62.1429,"confidence":0.584425,"direction":[0.15737,0.430937,-0.888554],"elbow":[68.8698,309.715,324.141],"grabStrength":0.116148,"id":994,"palmNormal":[-0.327839,-0.82594,-0.458633],"palmPosition":[-2.76519,336.256,22.1493],"palmVelocity":[-75.928,83.3069,-183.814],"palmWidth":88.738,"pinchStrength":0.674005,"r":[[0.974671,0.191958,0.114754],[-0.214879,0.946036,0.242576],[-0.061997,-0.26109,0.963322]],"s":1.02796,"sphereCenter":[-12.2685,296.985,-15.3713],"sphereRadius":48.4896,"stabilizedPalmPosition":[16.5738,321.655,32.6478],"t":[10.2647,69.1927,-44.4306],"timeVisible":25.5385,"type":"right","wrist":[-2.74651,314.339,70.7919]}],"id":4978242,"interactionBox":{"center":[0,200,0],"size":[235.247,235.247,147.751]},"pointables":[{"bases":[[[0.698783,0.676571,0.232281],[-0.664495,0.493717,0.560972],[0.264856,-0.546347,0.794579]],[[0.598906,0.800806,0.00463136],[-0.747435,0.556896,0.362226],[0.287493,-0.220401,0.932079]],[[0.598906,0.800806,0.00463136],[-0.799637,0.597698,0.057767],[0.043492,-0.0383004,0.998319]],[[0.598906,0.800806,0.00463136],[-0.739171,0.555017,-0.381551],[-0.308119,0.22509,0.924336]]],"btipPosition":[-41.0331,321.173,-30.4281],"carpPosition":[-32.6237,314.307,69.2408],"dipPosition":[-48.0657,326.31,-9.33068],"direction":[-0.043492,0.0383004,-0.998319],"extended":false,"handId":994,"id":9940,"length":50.8265,"mcpPosition":[-32.6237,314.307,69.2408],"pipPosition":[-46.6195,325.037,23.8652],"stabilizedTipPosition":[-29.9883,314.027,-14.9885],"timeVisible":25.5385,"tipPosition":[-42.6106,322.948,-25.3441],"tipVelocity":[-76.422,67.5902,-179.98],"tool":false,"touchDistance":-0.385218,"touchZone":"touching","type":0,"width":19.7488},{"bases":[[[0.944733,-0.285963,-0.160329],[0.324024,0.888873,0.323903],[0.0498885,-0.357952,0.932406]],[[0.933634,-0.245161,-0.261197],[0.219793,0.967794,-0.12274],[0.282876,0.0571847,0.95745]],[[0.933634,-0.245161,-0.261197],[0.178421,0.950501,-0.254389],[0.310634,0.190904,0.931162]],[[0.933634,-0.245161,-0.261197],[0.148339,0.928268,-0.34105],[0.326072,0.27967,0.903029]]],"btipPosition":[-45.5898,345.822,-75.3866],"carpPosition":[-17.4026,331.696,68.6251],"dipPosition":[-40.1565,350.482,-60.3397],"direction":[-0.310634,-0.190904,-0.931162],"extended":true,"handId":994,"id":9941,"length":57.352,"mcpPosition":[-20.982,357.378,1.72613],"pipPosition":[-32.8342,354.982,-38.3902],"stabilizedTipPosition":[-33.1949,336.886,-56.8205],"timeVisible":25.5385,"tipPosition":[-44.6813,345.68,-71.5004],"tipVelocity":[-84.4844,91.3083,-187.064],"tool":false,"touchDistance":-0.357151,"touchZone":"hovering","type":1,"width":18.8641},{"bases":[[[0.873614,-0.479007,-0.0857365],[0.480094,0.819657,0.312526],[-0.0794278,-0.314189,0.946032]],[[0.871796,-0.485367,-0.0662645],[0.311463,0.653608,-0.689773],[0.378104,0.580702,0.720987]],[[0.871796,-0.485367,-0.0662645],[0.0605679,0.241031,-0.968626],[0.486111,0.84043,0.239527]],[[0.871796,-0.485367,-0.0662645],[-0.082462,-0.0120652,-0.996521],[0.482879,0.874227,-0.0505427]]],"btipPosition":[-40.3706,284.731,-37.2548],"carpPosition":[-5.67047,329.98,66.7226],"dipPosition":[-31.5209,300.753,-38.1811],"direction":[-0.486111,-0.84043,-0.239527],"extended":false,"handId":994,"id":9942,"length":65.348,"mcpPosition":[-0.266103,351.358,2.35337],"pipPosition":[-18.0398,324.06,-31.5384],"stabilizedTipPosition":[-29.665,281.086,-25.9887],"timeVisible":25.5385,"tipPosition":[-38.4859,288.009,-36.4097],"tipVelocity":[-66.5086,69.0393,-180.373],"tool":false,"touchDistance":-0.445427,"touchZone":"touching","type":2,"width":18.527},{"bases":[[[0.81371,-0.580439,0.0311004],[0.538506,0.772906,0.3356],[-0.218833,-0.256333,0.941491]],[[0.829829,-0.55559,-0.0519922],[0.371972,0.620207,-0.690637],[0.415957,0.553771,0.72133]],[[0.829829,-0.55559,-0.0519922],[0.0940184,0.231048,-0.968389],[0.55004,0.798709,0.243966]],[[0.829829,-0.55559,-0.0519922],[-0.0655597,-0.00454205,-0.997838],[0.554153,0.831444,-0.0401935]]],"btipPosition":[-24.484,280.041,-29.5872],"carpPosition":[5.23006,325.24,65.2179],"dipPosition":[-14.3864,295.191,-30.3196],"direction":[-0.55004,-0.798709,-0.243966],"extended":false,"handId":994,"id":9943,"length":62.8339,"mcpPosition":[18.5985,340.899,7.70255],"pipPosition":[0.473675,316.77,-23.7285],"stabilizedTipPosition":[-0.644013,266.921,-14.6224],"timeVisible":25.5385,"tipPosition":[-22.3465,283.146,-28.6632],"tipVelocity":[-67.1738,68.7697,-169.639],"tool":false,"touchDistance":-0.493761,"touchZone":"hovering","type":3,"width":17.6296},{"bases":[[[0.682676,-0.72588,0.0839775],[0.637049,0.647514,0.418203],[-0.357942,-0.232,0.904463]],[[0.718485,-0.695312,-0.0178996],[0.506342,0.540514,-0.67191],[0.476862,0.473694,0.740417]],[[0.718485,-0.695312,-0.0178996],[0.171743,0.202287,-0.96415],[0.674006,0.689653,0.264755]],[[0.718485,-0.695312,-0.0178996],[-0.0217125,0.00330089,-0.999759],[0.695203,0.7187,-0.0127253]]],"btipPosition":[-7.46814,285.572,-17.7451],"carpPosition":[13.2773,314.024,63.7712],"dipPosition":[4.21836,297.654,-17.959],"direction":[-0.674006,-0.689653,-0.264755],"extended":false,"handId":994,"id":9944,"length":49.2606,"mcpPosition":[33.519,327.143,12.6237],"pipPosition":[17.0748,310.809,-12.9089],"stabilizedTipPosition":[19.5256,269.097,-0.962155],"timeVisible":25.5385,"tipPosition":[-5.11516,287.985,-16.5403],"tipVelocity":[-63.0184,81.5767,-185.443],"tool":false,"touchDistance":-0.501931,"touchZone":"hovering","type":4,"width":15.66}],"r":[[0.974671,0.191958,0.114754],[-0.214879,0.946036,0.242576],[-0.061997,-0.26109,0.963322]],"s":1.02796,"t":[10.2647,69.1927,-44.4306],"timestamp":669644316837},false],[6,{"currentFrameRate":54.1896,"devices":[],"gestures":[],"hands":[{"armBasis":[[0.892237,-0.371702,-0.256419],[0.36213,0.928203,-0.0854458],[0.269769,-0.016619,0.962782]],"armWidth":62.1429,"confidence":0.583654,"direction":[0.155709,0.422312,-0.892977],"elbow":[67.3923,311.317,322.303],"grabStrength":0.108409,"id":994,"palmNormal":[-0.329417,-0.830054,-0.449995],"palmPosition":[-3.75344,337.144,19.9361],"palmVelocity":[-64.9478,66.1268,-152.555],"palmWidth":88.738,"pinchStrength":0.673489,"r":[[0.974756,0.194147,0.110257],[-0.215679,0.946468,0.240168],[-0.0577274,-0.257885,0.964449]],"s":1.0308,"sphereCenter":[-13.654,297.744,-17.1859],"sphereRadius":48.4154,"stabilizedPalmPosition":[15.411,322.542,31.9206],"t":[9.07179,70.401,-47.2359],"timeVisible":25.5571,"type":"right","wrist":[-3.6427,315.693,68.7859]}],"id":4978243,"interactionBox":{"center":[0,200,0],"size":[235.247,235.247,147.751]},"pointables":[{"bases":[[[0.699758,0.678264,0.224267],[-0.662918,0.499528,0.557684],[0.26623,-0.538915,0.799182]],[[0.59966,0.800245,-0.00398084],[-0.746407,0.561096,0.357837],[0.288591,-0.211609,0.933776]],[[0.59966,0.800245,-0.00398084],[-0.798943,0.598954,0.0542656],[0.0458102,-0.0293604,0.998519]],[[0.59966,0.800245,-0.00398084],[-0.739999,0.552607,-0.383442],[-0.304648,0.23288,0.923556]]],"btipPosition":[-42.1424,321.63,-32.4395],"carpPosition":[-33.5233,315.667,67.3007],"dipPosition":[-49.0958,326.945,-11.3599],"direction":[-0.0458102,0.0293604,-0.998519],"extended":false,"handId":994,"id":9940,"length":50.8265,"mcpPosition":[-33.5233,315.667,67.3007],"pipPosition":[-47.5725,325.969,21.8425],"stabilizedTipPosition":[-30.8838,314.601,-15.8091],"timeVisible":25.5571,"tipPosition":[-43.7066,323.415,-27.3619],"tipVelocity":[-67.8853,47.8485,-145.422],"tool":false,"touchDistance":-0.405263,"touchZone":"touching","type":0,"width":19.7488},{"bases":[[[0.94418,-0.288152,-0.159662],[0.325348,0.891699,0.314678],[0.0516958,-0.349059,0.935674]],[[0.932803,-0.248101,-0.26139],[0.22128,0.966779,-0.127962],[0.284454,0.0615232,0.956713]],[[0.932803,-0.248101,-0.26139],[0.18074,0.949553,-0.256287],[0.311789,0.191821,0.930587]],[[0.932803,-0.248101,-0.26139],[0.151245,0.927841,-0.340935],[0.327115,0.278491,0.903016]]],"btipPosition":[-46.7192,346.343,-77.7161],"carpPosition":[-18.2915,333.038,66.4855],"dipPosition":[-41.2686,350.983,-62.6694],"direction":[-0.311789,-0.191821,-0.930587],"extended":true,"handId":994,"id":9941,"length":57.352,"mcpPosition":[-22.0007,358.082,-0.647994],"pipPosition":[-33.919,355.505,-40.7334],"stabilizedTipPosition":[-33.8337,337.434,-57.7281],"timeVisible":25.5571,"tipPosition":[-45.7911,346.151,-73.8193],"tipVelocity":[-72.9395,60.5613,-157.267],"tool":false,"touchDistance":-0.384712,"touchZone":"hovering","type":1,"width":18.8641},{"bases":[[[0.873093,-0.480424,-0.0830714],[0.481345,0.822266,0.303621],[-0.0775601,-0.305075,0.949165]],[[0.871311,-0.486605,-0.0635087],[0.310674,0.647153,-0.696185],[0.379867,0.586863,0.715047]],[[0.871311,-0.486605,-0.0635087],[0.0590247,0.232396,-0.970829],[0.487169,0.842145,0.231211]],[[0.871311,-0.486605,-0.0635087],[-0.0842601,-0.0208542,-0.996226],[0.483444,0.873373,-0.0591718]]],"btipPosition":[-41.5146,285.105,-38.9489],"carpPosition":[-6.56486,331.296,64.5736],"dipPosition":[-32.6546,301.112,-40.0333],"direction":[-0.487169,-0.842145,-0.231211],"extended":false,"handId":994,"id":9942,"length":65.348,"mcpPosition":[-1.28757,352.053,-0.00870975],"pipPosition":[-19.1441,324.467,-33.6213],"stabilizedTipPosition":[-30.3451,281.62,-26.9043],"timeVisible":25.5571,"tipPosition":[-39.6241,288.395,-38.1528],"tipVelocity":[-64.0906,45.285,-138.188],"tool":false,"touchDistance":-0.455175,"touchZone":"touching","type":2,"width":18.527},{"bases":[[[0.813376,-0.580692,0.0348611],[0.539776,0.775696,0.327013],[-0.216935,-0.247167,0.944377]],[[0.829312,-0.556687,-0.0483852],[0.370951,0.61323,-0.697384],[0.417896,0.5604,0.715063]],[[0.829312,-0.556687,-0.0483852],[0.0919035,0.221296,-0.970867],[0.551176,0.800705,0.234685]],[[0.829312,-0.556687,-0.0483852],[-0.0680207,-0.0146266,-0.997577],[0.55463,0.830594,-0.0499962]]],"btipPosition":[-25.6247,280.448,-31.1885],"carpPosition":[4.32907,326.534,63.0904],"dipPosition":[-15.5185,295.583,-32.0996],"direction":[-0.551176,-0.800705,-0.234685],"extended":false,"handId":994,"id":9943,"length":62.8339,"mcpPosition":[17.5816,341.634,5.39876],"pipPosition":[-0.627717,317.215,-25.7592],"stabilizedTipPosition":[-1.24282,267.371,-15.0658],"timeVisible":25.5571,"tipPosition":[-23.4775,283.573,-30.3437],"tipVelocity":[-64.3585,45.9932,-130.353],"tool":false,"touchDistance":-0.497355,"touchZone":"touching","type":3,"width":17.6296},{"bases":[[[0.682359,-0.725528,0.0894138],[0.638414,0.65103,0.410594],[-0.356109,-0.22309,0.907424]],[[0.717979,-0.695946,-0.012875],[0.5052,0.53374,-0.678155],[0.478831,0.480397,0.734806]],[[0.717979,-0.695946,-0.012875],[0.169735,0.192988,-0.966409],[0.675052,0.691676,0.256688]],[[0.717979,-0.695946,-0.012875],[-0.0239256,-0.00618876,-0.999695],[0.695653,0.718068,-0.0210943]]],"btipPosition":[-8.57917,286.084,-19.4623],"carpPosition":[12.3654,315.299,61.7333],"dipPosition":[3.11489,298.155,-19.8169],"direction":[-0.675052,-0.691676,-0.256688],"extended":false,"handId":994,"id":9944,"length":49.2606,"mcpPosition":[32.5034,327.915,10.4184],"pipPosition":[15.9913,311.349,-14.9207],"stabilizedTipPosition"